Parameters: GAD=1 vflib=1 dir=1 label=1 lowerbound=1 fileNameGp=../../cp2016-max-common-connected-subgraph-paper/datasets/graphsdb/mcs10/m2D/m2Dr6/mcs10_m2Dr6_s50.A08 fileNameGt=../../cp2016-max-common-connected-subgraph-paper/datasets/graphsdb/mcs10/m2D/m2Dr6/mcs10_m2Dr6_s50.B08
Reading graphs...
50 : 115
50 : 113
Initializing...
maxdom : 11
D->valSize : 299
Solving...
Blb : 2 (clique : 15)
currentSize : 15 <-- 0.002053 s
currentSize : 16 <-- 0.002193 s
currentSize : 17 <-- 0.002966 s
currentSize : 18 <-- 0.010850 s
currentSize : 19 <-- 0.107354 s
currentSize : 20 <-- 0.212474 s

maxsize : 20
nodes : 94253070.000000
filtered : 1397164312.000000
time : 459.512787
