Parameters: GAD=1 vflib=1 dir=1 label=1 lowerbound=1 fileNameGp=../../cp2016-max-common-connected-subgraph-paper/datasets/graphsdb/mcs10/bvg/b06/mcs10_b06_s70.A06 fileNameGt=../../cp2016-max-common-connected-subgraph-paper/datasets/graphsdb/mcs10/bvg/b06/mcs10_b06_s70.B06
Reading graphs...
70 : 210
70 : 210
Initializing...
maxdom : 8
D->valSize : 311
Solving...
Blb : 2 (clique : 17)
currentSize : 17 <-- 0.002474 s
currentSize : 19 <-- 0.002587 s
currentSize : 20 <-- 0.002646 s
currentSize : 21 <-- 0.003084 s
currentSize : 22 <-- 0.053933 s
currentSize : 23 <-- 25.972303 s
currentSize : 24 <-- 34.717392 s

TIMEOUT
maxsize : 24
nodes : 211095972.000000
filtered : 1668532882.000000
time : 1000.000000
