Parameters: GAD=1 vflib=1 dir=1 label=1 lowerbound=1 fileNameGp=../../cp2016-max-common-connected-subgraph-paper/datasets/graphsdb/mcs10/m2D/m2D/mcs10_m2D_s100.A09 fileNameGt=../../cp2016-max-common-connected-subgraph-paper/datasets/graphsdb/mcs10/m2D/m2D/mcs10_m2D_s100.B09
Reading graphs...
100 : 180
100 : 180
Initializing...
maxdom : 8
D->valSize : 321
Solving...
Blb : 3 (clique : 30)
currentSize : 30 <-- 0.003184 s
currentSize : 31 <-- 0.003956 s
currentSize : 32 <-- 0.015244 s
currentSize : 33 <-- 0.070213 s
currentSize : 34 <-- 0.166559 s
currentSize : 35 <-- 0.231149 s
currentSize : 36 <-- 1.384359 s
currentSize : 37 <-- 384.348785 s

TIMEOUT
maxsize : 37
nodes : 182582628.000000
filtered : 922382272.000000
time : 1000.000061
