Parameters: GAD=1 vflib=1 dir=1 label=1 lowerbound=1 fileNameGp=../../cp2016-max-common-connected-subgraph-paper/datasets/graphsdb/mcs10/m3D/m3Dr4/mcs10_m3Dr4_s60.A08 fileNameGt=../../cp2016-max-common-connected-subgraph-paper/datasets/graphsdb/mcs10/m3D/m3Dr4/mcs10_m3Dr4_s60.B08
Reading graphs...
60 : 158
60 : 158
Initializing...
maxdom : 7
D->valSize : 234
Solving...
Blb : 2 (clique : 17)
currentSize : 17 <-- 0.001567 s
currentSize : 18 <-- 0.001734 s
currentSize : 19 <-- 0.018011 s
currentSize : 20 <-- 0.041317 s
currentSize : 21 <-- 10.811466 s
currentSize : 22 <-- 127.106483 s

maxsize : 22
nodes : 100849685.000000
filtered : 762529517.000000
time : 445.447754
