Parameters: GAD=1 vflib=1 dir=1 label=1 lowerbound=1 fileNameGp=../../cp2016-max-common-connected-subgraph-paper/datasets/graphsdb/mcs10/m2D/m2D/mcs10_m2D_s100.A03 fileNameGt=../../cp2016-max-common-connected-subgraph-paper/datasets/graphsdb/mcs10/m2D/m2D/mcs10_m2D_s100.B03
Reading graphs...
100 : 180
100 : 180
Initializing...
maxdom : 7
D->valSize : 321
Solving...
Blb : 2 (clique : 30)
currentSize : 30 <-- 0.003163 s
currentSize : 33 <-- 0.003377 s
currentSize : 34 <-- 0.015978 s
currentSize : 35 <-- 0.020378 s
currentSize : 36 <-- 5.853164 s
currentSize : 37 <-- 80.654327 s

TIMEOUT
maxsize : 37
nodes : 192352347.000000
filtered : 961335878.000000
time : 1000.000000
