Parameters: GAD=1 vflib=1 dir=1 label=1 lowerbound=1 fileNameGp=../../cp2016-max-common-connected-subgraph-paper/datasets/graphsdb/mcs10/m3D/m3Dr2/mcs10_m3Dr2_s90.A02 fileNameGt=../../cp2016-max-common-connected-subgraph-paper/datasets/graphsdb/mcs10/m3D/m3Dr2/mcs10_m3Dr2_s90.B02
Reading graphs...
90 : 227
90 : 227
Initializing...
maxdom : 9
D->valSize : 533
Solving...
Blb : 5 (clique : 27)
currentSize : 27 <-- 0.009607 s
currentSize : 28 <-- 0.010017 s
currentSize : 29 <-- 0.010360 s
currentSize : 30 <-- 0.014406 s
currentSize : 31 <-- 0.057665 s
currentSize : 32 <-- 6.865201 s

TIMEOUT
maxsize : 32
nodes : 180328025.000000
filtered : 1467148977.000000
time : 1000.000000
