Parameters: GAD=1 vflib=1 dir=1 label=1 lowerbound=1 fileNameGp=../../cp2016-max-common-connected-subgraph-paper/datasets/graphsdb/mcs10/bvg/b03/mcs10_b03_s70.A00 fileNameGt=../../cp2016-max-common-connected-subgraph-paper/datasets/graphsdb/mcs10/bvg/b03/mcs10_b03_s70.B00
Reading graphs...
70 : 105
70 : 105
Initializing...
maxdom : 7
D->valSize : 303
Solving...
Blb : 2 (clique : 26)
currentSize : 26 <-- 0.002409 s
currentSize : 27 <-- 0.049551 s
currentSize : 28 <-- 0.209747 s
currentSize : 29 <-- 1.904839 s
currentSize : 30 <-- 309.147644 s
currentSize : 31 <-- 364.990906 s

TIMEOUT
maxsize : 31
nodes : 200674422.000000
filtered : 1454346393.000000
time : 1000.000000
