Parameters: GAD=1 vflib=1 dir=1 label=1 lowerbound=1 fileNameGp=../../cp2016-max-common-connected-subgraph-paper/datasets/graphsdb/mcs10/bvg/b06m/mcs10_b06m_s80.A07 fileNameGt=../../cp2016-max-common-connected-subgraph-paper/datasets/graphsdb/mcs10/bvg/b06m/mcs10_b06m_s80.B07
Reading graphs...
80 : 240
80 : 240
Initializing...
maxdom : 9
D->valSize : 425
Solving...
Blb : 2 (clique : 22)
currentSize : 22 <-- 0.006657 s
currentSize : 23 <-- 0.007013 s
currentSize : 24 <-- 0.007303 s
currentSize : 25 <-- 0.008505 s
currentSize : 26 <-- 0.896862 s
currentSize : 27 <-- 15.572292 s
currentSize : 28 <-- 367.059845 s

TIMEOUT
maxsize : 28
nodes : 196516705.000000
filtered : 1822119011.000000
time : 1000.000000
