Parameters: GAD=1 vflib=1 dir=1 label=1 lowerbound=1 fileNameGp=../../cp2016-max-common-connected-subgraph-paper/datasets/graphsdb/mcs10/m2D/m2Dr4/mcs10_m2Dr4_s60.A09 fileNameGt=../../cp2016-max-common-connected-subgraph-paper/datasets/graphsdb/mcs10/m2D/m2Dr4/mcs10_m2Dr4_s60.B09
Reading graphs...
60 : 128
60 : 127
Initializing...
maxdom : 7
D->valSize : 239
Solving...
Blb : 2 (clique : 18)
currentSize : 18 <-- 0.001657 s
currentSize : 19 <-- 0.036574 s
currentSize : 20 <-- 10.213055 s
currentSize : 21 <-- 14.932039 s
currentSize : 22 <-- 21.713203 s
currentSize : 23 <-- 716.063354 s

TIMEOUT
maxsize : 23
nodes : 259469257.000000
filtered : 1516075333.000000
time : 1000.000000
