Parameters: GAD=1 vflib=1 dir=1 label=1 lowerbound=1 fileNameGp=../../cp2016-max-common-connected-subgraph-paper/datasets/graphsdb/mcs10/bvg/b06m/mcs10_b06m_s80.A05 fileNameGt=../../cp2016-max-common-connected-subgraph-paper/datasets/graphsdb/mcs10/bvg/b06m/mcs10_b06m_s80.B05
Reading graphs...
80 : 240
80 : 240
Initializing...
maxdom : 8
D->valSize : 413
Solving...
Blb : 2 (clique : 22)
currentSize : 22 <-- 0.003704 s
currentSize : 23 <-- 0.004103 s
currentSize : 24 <-- 0.009307 s
currentSize : 25 <-- 0.057229 s
currentSize : 26 <-- 2.288996 s
currentSize : 27 <-- 34.716999 s

TIMEOUT
maxsize : 27
nodes : 192045760.000000
filtered : 1681083373.000000
time : 1000.000000
