Parameters: GAD=1 vflib=1 dir=1 label=1 lowerbound=1 fileNameGp=../../cp2016-max-common-connected-subgraph-paper/datasets/graphsdb/mcs10/m3D/m3D/mcs10_m3D_s80.A09 fileNameGt=../../cp2016-max-common-connected-subgraph-paper/datasets/graphsdb/mcs10/m3D/m3D/mcs10_m3D_s80.B09
Reading graphs...
80 : 184
80 : 184
Initializing...
maxdom : 9
D->valSize : 398
Solving...
Blb : 2 (clique : 24)
currentSize : 24 <-- 0.003728 s
currentSize : 25 <-- 0.005089 s
currentSize : 26 <-- 0.062810 s
currentSize : 27 <-- 0.103113 s
currentSize : 28 <-- 0.159808 s
currentSize : 29 <-- 13.404057 s

TIMEOUT
maxsize : 29
nodes : 212522690.000000
filtered : 1299978691.000000
time : 1000.000000
