Parameters: GAD=1 vflib=1 dir=1 label=1 lowerbound=1 fileNameGp=../../cp2016-max-common-connected-subgraph-paper/datasets/graphsdb/mcs10/rand/r005/mcs10_r005_s100.A00 fileNameGt=../../cp2016-max-common-connected-subgraph-paper/datasets/graphsdb/mcs10/rand/r005/mcs10_r005_s100.B00
Reading graphs...
100 : 500
100 : 500
Initializing...
maxdom : 7
D->valSize : 336
Solving...
Blb : 2 (clique : 16)
currentSize : 16 <-- 0.005032 s
currentSize : 17 <-- 0.005382 s
currentSize : 18 <-- 0.006072 s
currentSize : 19 <-- 0.006282 s
currentSize : 20 <-- 0.010560 s
currentSize : 21 <-- 0.987036 s
currentSize : 22 <-- 4.061776 s
currentSize : 23 <-- 31.742012 s
currentSize : 24 <-- 65.210365 s

TIMEOUT
maxsize : 24
nodes : 176129531.000000
filtered : 1205232692.000000
time : 1000.000000
