Parameters: GAD=1 vflib=1 dir=1 label=1 lowerbound=1 fileNameGp=../../cp2016-max-common-connected-subgraph-paper/datasets/graphsdb/mcs10/m3D/m3Dr6/mcs10_m3Dr6_s60.A07 fileNameGt=../../cp2016-max-common-connected-subgraph-paper/datasets/graphsdb/mcs10/m3D/m3Dr6/mcs10_m3Dr6_s60.B07
Reading graphs...
60 : 170
60 : 168
Initializing...
maxdom : 8
D->valSize : 226
Solving...
Blb : 2 (clique : 15)
currentSize : 15 <-- 0.001565 s
currentSize : 16 <-- 0.001824 s
currentSize : 17 <-- 0.002711 s
currentSize : 18 <-- 0.441801 s
currentSize : 19 <-- 0.680232 s
currentSize : 20 <-- 21.636244 s
currentSize : 21 <-- 22.887335 s

maxsize : 21
nodes : 26643395.000000
filtered : 217669250.000000
time : 116.096367
