Parameters: GAD=1 vflib=1 dir=1 label=1 lowerbound=1 fileNameGp=../../cp2016-max-common-connected-subgraph-paper/datasets/graphsdb/mcs10/m2D/m2Dr2/mcs10_m2Dr2_s80.A01 fileNameGt=../../cp2016-max-common-connected-subgraph-paper/datasets/graphsdb/mcs10/m2D/m2Dr2/mcs10_m2Dr2_s80.B01
Reading graphs...
80 : 158
80 : 158
Initializing...
maxdom : 7
D->valSize : 404
Solving...
Blb : 2 (clique : 24)
currentSize : 24 <-- 0.006385 s
currentSize : 25 <-- 0.006793 s
currentSize : 26 <-- 0.025970 s
currentSize : 27 <-- 0.055416 s
currentSize : 28 <-- 0.652351 s
currentSize : 29 <-- 1.994802 s

TIMEOUT
maxsize : 29
nodes : 205029451.000000
filtered : 1167830815.000000
time : 1000.000000
