Parameters: GAD=1 vflib=1 dir=1 label=1 lowerbound=1 fileNameGp=../../cp2016-max-common-connected-subgraph-paper/datasets/graphsdb/mcs10/bvg/b06/mcs10_b06_s80.A04 fileNameGt=../../cp2016-max-common-connected-subgraph-paper/datasets/graphsdb/mcs10/bvg/b06/mcs10_b06_s80.B04
Reading graphs...
80 : 240
80 : 240
Initializing...
maxdom : 9
D->valSize : 401
Solving...
Blb : 2 (clique : 24)
currentSize : 24 <-- 0.003569 s
currentSize : 25 <-- 0.304841 s
currentSize : 26 <-- 0.392999 s
currentSize : 27 <-- 3.048058 s
currentSize : 28 <-- 5.989426 s
currentSize : 29 <-- 40.650669 s

TIMEOUT
maxsize : 29
nodes : 197331318.000000
filtered : 1767811333.000000
time : 1000.000061
