Parameters: GAD=1 vflib=1 dir=1 label=1 lowerbound=1 fileNameGp=../../cp2016-max-common-connected-subgraph-paper/datasets/graphsdb/mcs10/rand/r005/mcs10_r005_s80.A03 fileNameGt=../../cp2016-max-common-connected-subgraph-paper/datasets/graphsdb/mcs10/rand/r005/mcs10_r005_s80.B03
Reading graphs...
80 : 321
80 : 321
Initializing...
maxdom : 11
D->valSize : 413
Solving...
Blb : 5 (clique : 18)
currentSize : 18 <-- 0.003910 s
currentSize : 19 <-- 0.045985 s
currentSize : 20 <-- 0.078931 s
currentSize : 21 <-- 0.336786 s
currentSize : 22 <-- 37.429790 s
currentSize : 23 <-- 600.083008 s

TIMEOUT
maxsize : 23
nodes : 195078246.000000
filtered : 1825498889.000000
time : 1000.000000
