Parameters: GAD=1 vflib=1 dir=1 label=1 lowerbound=1 fileNameGp=../../cp2016-max-common-connected-subgraph-paper/datasets/graphsdb/mcs10/bvg/b06m/mcs10_b06m_s100.A00 fileNameGt=../../cp2016-max-common-connected-subgraph-paper/datasets/graphsdb/mcs10/bvg/b06m/mcs10_b06m_s100.B00
Reading graphs...
100 : 300
100 : 300
Initializing...
maxdom : 7
D->valSize : 292
Solving...
Blb : 2 (clique : 24)
currentSize : 24 <-- 0.002651 s
currentSize : 25 <-- 0.071295 s
currentSize : 26 <-- 0.164983 s
currentSize : 27 <-- 0.274532 s
currentSize : 28 <-- 25.300356 s
currentSize : 29 <-- 144.675705 s
currentSize : 30 <-- 331.305817 s
currentSize : 31 <-- 509.396057 s

TIMEOUT
maxsize : 31
nodes : 191621348.000000
filtered : 898782757.000000
time : 1000.000000
