Parameters: GAD=1 vflib=1 dir=1 label=1 lowerbound=1 fileNameGp=../../cp2016-max-common-connected-subgraph-paper/datasets/graphsdb/mcs10/bvg/b09/mcs10_b09_s100.A06 fileNameGt=../../cp2016-max-common-connected-subgraph-paper/datasets/graphsdb/mcs10/bvg/b09/mcs10_b09_s100.B06
Reading graphs...
100 : 450
100 : 450
Initializing...
maxdom : 8
D->valSize : 293
Solving...
Blb : 5 (clique : 20)
currentSize : 20 <-- 0.002725 s
currentSize : 21 <-- 0.003584 s
currentSize : 22 <-- 2.712421 s
currentSize : 23 <-- 5.174284 s
currentSize : 24 <-- 127.129868 s
currentSize : 25 <-- 327.911499 s

TIMEOUT
maxsize : 25
nodes : 181064874.000000
filtered : 1253087205.000000
time : 1000.000000
