Parameters: GAD=1 vflib=1 dir=1 label=1 lowerbound=1 fileNameGp=../../cp2016-max-common-connected-subgraph-paper/datasets/graphsdb/mcs10/rand/r005/mcs10_r005_s50.A04 fileNameGt=../../cp2016-max-common-connected-subgraph-paper/datasets/graphsdb/mcs10/rand/r005/mcs10_r005_s50.B04
Reading graphs...
50 : 125
50 : 125
Initializing...
maxdom : 11
D->valSize : 280
Solving...
Blb : 3 (clique : 14)
currentSize : 14 <-- 0.001789 s
currentSize : 15 <-- 0.003169 s
currentSize : 16 <-- 0.036600 s
currentSize : 17 <-- 0.650207 s
currentSize : 18 <-- 33.078094 s

maxsize : 18
nodes : 85618952.000000
filtered : 914486392.000000
time : 341.836823
