Parameters: GAD=1 vflib=1 dir=1 label=1 lowerbound=1 fileNameGp=../../cp2016-max-common-connected-subgraph-paper/datasets/graphsdb/mcs10/m2D/m2Dr4/mcs10_m2Dr4_s70.A05 fileNameGt=../../cp2016-max-common-connected-subgraph-paper/datasets/graphsdb/mcs10/m2D/m2Dr4/mcs10_m2Dr4_s70.B05
Reading graphs...
70 : 151
70 : 150
Initializing...
maxdom : 9
D->valSize : 327
Solving...
Blb : 2 (clique : 23)
currentSize : 23 <-- 0.002607 s
currentSize : 24 <-- 0.002940 s
currentSize : 25 <-- 0.116155 s
currentSize : 26 <-- 0.119821 s
currentSize : 27 <-- 0.350285 s
currentSize : 28 <-- 1.617358 s
currentSize : 29 <-- 11.321666 s
currentSize : 30 <-- 929.056458 s

TIMEOUT
maxsize : 30
nodes : 176169622.000000
filtered : 1670132261.000000
time : 1000.000000
