Parameters: GAD=1 vflib=1 dir=1 label=1 lowerbound=1 fileNameGp=../../cp2016-max-common-connected-subgraph-paper/datasets/graphsdb/mcs10/m2D/m2D/mcs10_m2D_s60.A00 fileNameGt=../../cp2016-max-common-connected-subgraph-paper/datasets/graphsdb/mcs10/m2D/m2D/mcs10_m2D_s60.B00
Reading graphs...
60 : 104
60 : 104
Initializing...
maxdom : 7
D->valSize : 200
Solving...
Blb : 5 (clique : 16)
currentSize : 16 <-- 0.001332 s
currentSize : 17 <-- 0.002372 s
currentSize : 18 <-- 0.005281 s
currentSize : 19 <-- 0.048108 s
currentSize : 20 <-- 0.080991 s
currentSize : 21 <-- 0.676447 s
currentSize : 22 <-- 8.217517 s

maxsize : 22
nodes : 22777328.000000
filtered : 133031074.000000
time : 90.698341
