Parameters: GAD=1 vflib=1 dir=1 label=1 lowerbound=1 fileNameGp=../../cp2016-max-common-connected-subgraph-paper/datasets/graphsdb/mcs10/rand/r01/mcs10_r01_s100.A04 fileNameGt=../../cp2016-max-common-connected-subgraph-paper/datasets/graphsdb/mcs10/rand/r01/mcs10_r01_s100.B04
Reading graphs...
100 : 990
100 : 990
Initializing...
maxdom : 6
D->valSize : 307
Solving...
Blb : 2 (clique : 12)
currentSize : 12 <-- 0.002697 s
currentSize : 13 <-- 0.005726 s
currentSize : 14 <-- 0.014578 s
currentSize : 15 <-- 0.111749 s
currentSize : 16 <-- 21.212345 s
currentSize : 17 <-- 36.234344 s

maxsize : 17
nodes : 27923230.000000
filtered : 215697655.000000
time : 161.693451
