Parameters: GAD=1 vflib=1 dir=1 label=1 lowerbound=1 fileNameGp=../../cp2016-max-common-connected-subgraph-paper/datasets/graphsdb/mcs10/m3D/m3D/mcs10_m3D_s90.A03 fileNameGt=../../cp2016-max-common-connected-subgraph-paper/datasets/graphsdb/mcs10/m3D/m3D/mcs10_m3D_s90.B03
Reading graphs...
90 : 209
90 : 209
Initializing...
maxdom : 10
D->valSize : 456
Solving...
Blb : 2 (clique : 30)
currentSize : 30 <-- 0.004749 s
currentSize : 31 <-- 0.005066 s
currentSize : 32 <-- 0.064504 s
currentSize : 33 <-- 1.058404 s
currentSize : 34 <-- 12.478017 s
currentSize : 35 <-- 134.828918 s

TIMEOUT
maxsize : 35
nodes : 195808853.000000
filtered : 1250201821.000000
time : 1000.000000
