Parameters: GAD=1 vflib=1 dir=1 label=1 lowerbound=1 fileNameGp=../../cp2016-max-common-connected-subgraph-paper/datasets/graphsdb/mcs10/bvg/b06m/mcs10_b06m_s100.A01 fileNameGt=../../cp2016-max-common-connected-subgraph-paper/datasets/graphsdb/mcs10/bvg/b06m/mcs10_b06m_s100.B01
Reading graphs...
100 : 300
100 : 300
Initializing...
maxdom : 6
D->valSize : 354
Solving...
Blb : 2 (clique : 22)
currentSize : 22 <-- 0.003330 s
currentSize : 23 <-- 0.004052 s
currentSize : 24 <-- 0.011136 s
currentSize : 25 <-- 0.012779 s
currentSize : 26 <-- 0.022325 s
currentSize : 27 <-- 2.221222 s
currentSize : 28 <-- 2.323875 s
currentSize : 29 <-- 151.281342 s
currentSize : 30 <-- 210.159988 s

TIMEOUT
maxsize : 30
nodes : 190144522.000000
filtered : 1052563959.000000
time : 1000.000000
