Parameters: GAD=1 vflib=1 dir=1 label=1 lowerbound=1 fileNameGp=../../cp2016-max-common-connected-subgraph-paper/datasets/graphsdb/mcs10/m4D/m4Dr4/mcs10_m4Dr4_s100.A05 fileNameGt=../../cp2016-max-common-connected-subgraph-paper/datasets/graphsdb/mcs10/m4D/m4Dr4/mcs10_m4Dr4_s100.B05
Reading graphs...
100 : 199
100 : 198
Initializing...
maxdom : 10
D->valSize : 293
Solving...
Blb : 2 (clique : 31)
currentSize : 31 <-- 0.004746 s
currentSize : 32 <-- 0.106811 s
currentSize : 33 <-- 0.248482 s
currentSize : 34 <-- 5.625376 s
currentSize : 35 <-- 96.321594 s
currentSize : 36 <-- 98.839798 s

TIMEOUT
maxsize : 36
nodes : 201698010.000000
filtered : 830980361.000000
time : 1000.000000
