Parameters: GAD=1 vflib=1 dir=1 label=1 lowerbound=1 fileNameGp=../../cp2016-max-common-connected-subgraph-paper/datasets/graphsdb/mcs10/m3D/m3D/mcs10_m3D_s60.A00 fileNameGt=../../cp2016-max-common-connected-subgraph-paper/datasets/graphsdb/mcs10/m3D/m3D/mcs10_m3D_s60.B00
Reading graphs...
60 : 134
60 : 134
Initializing...
maxdom : 8
D->valSize : 230
Solving...
Blb : 2 (clique : 17)
currentSize : 17 <-- 0.001561 s
currentSize : 18 <-- 0.001668 s
currentSize : 19 <-- 0.001739 s
currentSize : 20 <-- 0.006547 s
currentSize : 21 <-- 0.048698 s
currentSize : 22 <-- 138.278137 s
currentSize : 23 <-- 879.190674 s

TIMEOUT
maxsize : 23
nodes : 241269623.000000
filtered : 1549600656.000000
time : 1000.000000
