Parameters: GAD=1 vflib=1 dir=1 label=1 lowerbound=1 fileNameGp=../../cp2016-max-common-connected-subgraph-paper/datasets/graphsdb/mcs10/bvg/b03m/mcs10_b03m_s60.A06 fileNameGt=../../cp2016-max-common-connected-subgraph-paper/datasets/graphsdb/mcs10/bvg/b03m/mcs10_b03m_s60.B06
Reading graphs...
60 : 90
60 : 90
Initializing...
maxdom : 6
D->valSize : 239
Solving...
Blb : 2 (clique : 22)
currentSize : 22 <-- 0.001636 s
currentSize : 23 <-- 0.001775 s
currentSize : 24 <-- 6.092971 s
currentSize : 25 <-- 72.399368 s
currentSize : 26 <-- 79.575829 s
currentSize : 27 <-- 657.480713 s

TIMEOUT
maxsize : 27
nodes : 241067216.000000
filtered : 1491999379.000000
time : 1000.000000
