Parameters: GAD=1 vflib=1 dir=1 label=1 lowerbound=1 fileNameGp=../../cp2016-max-common-connected-subgraph-paper/datasets/graphsdb/mcs10/m3D/m3D/mcs10_m3D_s100.A04 fileNameGt=../../cp2016-max-common-connected-subgraph-paper/datasets/graphsdb/mcs10/m3D/m3D/mcs10_m3D_s100.B04
Reading graphs...
100 : 235
100 : 235
Initializing...
maxdom : 8
D->valSize : 326
Solving...
Blb : 2 (clique : 25)
currentSize : 25 <-- 0.005222 s
currentSize : 26 <-- 0.005725 s
currentSize : 27 <-- 0.006263 s
currentSize : 28 <-- 0.007998 s
currentSize : 29 <-- 0.009446 s
currentSize : 30 <-- 0.042054 s
currentSize : 31 <-- 2.724095 s
currentSize : 32 <-- 12.636240 s
currentSize : 33 <-- 78.149811 s

TIMEOUT
maxsize : 33
nodes : 169021676.000000
filtered : 1177359550.000000
time : 1000.000000
