Parameters: GAD=1 vflib=1 dir=1 label=1 lowerbound=1 fileNameGp=../../cp2016-max-common-connected-subgraph-paper/datasets/graphsdb/mcs10/bvg/b09m/mcs10_b09m_s100.A09 fileNameGt=../../cp2016-max-common-connected-subgraph-paper/datasets/graphsdb/mcs10/bvg/b09m/mcs10_b09m_s100.B09
Reading graphs...
100 : 450
100 : 450
Initializing...
maxdom : 8
D->valSize : 330
Solving...
Blb : 2 (clique : 19)
currentSize : 19 <-- 0.003046 s
currentSize : 20 <-- 0.003363 s
currentSize : 21 <-- 0.003751 s
currentSize : 22 <-- 0.033104 s
currentSize : 23 <-- 0.116815 s
currentSize : 24 <-- 0.116951 s
currentSize : 25 <-- 0.219202 s
currentSize : 26 <-- 0.913410 s
currentSize : 27 <-- 320.559204 s

TIMEOUT
maxsize : 27
nodes : 171901637.000000
filtered : 1197297339.000000
time : 1000.000000
