Parameters: GAD=1 vflib=1 dir=1 label=1 lowerbound=1 fileNameGp=../../cp2016-max-common-connected-subgraph-paper/datasets/graphsdb/mcs10/m3D/m3Dr2/mcs10_m3Dr2_s90.A01 fileNameGt=../../cp2016-max-common-connected-subgraph-paper/datasets/graphsdb/mcs10/m3D/m3Dr2/mcs10_m3Dr2_s90.B01
Reading graphs...
90 : 227
90 : 226
Initializing...
maxdom : 11
D->valSize : 489
Solving...
Blb : 2 (clique : 26)
currentSize : 26 <-- 0.005253 s
currentSize : 27 <-- 0.005763 s
currentSize : 28 <-- 0.008688 s
currentSize : 29 <-- 0.439309 s
currentSize : 30 <-- 8.999104 s
currentSize : 31 <-- 198.294830 s

TIMEOUT
maxsize : 31
nodes : 184003005.000000
filtered : 1475739322.000000
time : 1000.000000
