Parameters: GAD=1 vflib=1 dir=1 label=1 lowerbound=1 fileNameGp=../../cp2016-max-common-connected-subgraph-paper/datasets/graphsdb/mcs10/m2D/m2Dr4/mcs10_m2Dr4_s80.A04 fileNameGt=../../cp2016-max-common-connected-subgraph-paper/datasets/graphsdb/mcs10/m2D/m2Dr4/mcs10_m2Dr4_s80.B04
Reading graphs...
80 : 174
80 : 173
Initializing...
maxdom : 10
D->valSize : 412
Solving...
Blb : 2 (clique : 23)
currentSize : 23 <-- 0.006287 s
currentSize : 24 <-- 0.006612 s
currentSize : 25 <-- 0.007812 s
currentSize : 26 <-- 0.129896 s
currentSize : 27 <-- 7.260293 s
currentSize : 28 <-- 12.153134 s
currentSize : 29 <-- 12.259859 s
currentSize : 30 <-- 150.042007 s
currentSize : 31 <-- 901.970032 s

TIMEOUT
maxsize : 31
nodes : 188481192.000000
filtered : 1614163797.000000
time : 1000.000000
