Parameters: GAD=1 vflib=1 dir=1 label=1 lowerbound=1 fileNameGp=../../cp2016-max-common-connected-subgraph-paper/datasets/graphsdb/mcs10/rand/r005/mcs10_r005_s90.A00 fileNameGt=../../cp2016-max-common-connected-subgraph-paper/datasets/graphsdb/mcs10/rand/r005/mcs10_r005_s90.B00
Reading graphs...
90 : 405
90 : 405
Initializing...
maxdom : 12
D->valSize : 525
Solving...
Blb : 2 (clique : 18)
currentSize : 18 <-- 0.005562 s
currentSize : 19 <-- 0.005766 s
currentSize : 20 <-- 0.005938 s
currentSize : 21 <-- 0.018010 s
currentSize : 22 <-- 0.211538 s
currentSize : 23 <-- 1.173406 s
currentSize : 24 <-- 2.527770 s

TIMEOUT
maxsize : 24
nodes : 182495178.000000
filtered : 1648193854.000000
time : 1000.000000
