Parameters: GAD=1 vflib=1 dir=1 label=1 lowerbound=1 fileNameGp=../../cp2016-max-common-connected-subgraph-paper/datasets/graphsdb/mcs10/m2D/m2D/mcs10_m2D_s70.A09 fileNameGt=../../cp2016-max-common-connected-subgraph-paper/datasets/graphsdb/mcs10/m2D/m2D/mcs10_m2D_s70.B09
Reading graphs...
70 : 123
70 : 123
Initializing...
maxdom : 9
D->valSize : 322
Solving...
Blb : 5 (clique : 22)
currentSize : 22 <-- 0.004044 s
currentSize : 23 <-- 0.020417 s
currentSize : 24 <-- 0.297889 s
currentSize : 25 <-- 0.350692 s
currentSize : 26 <-- 2.565661 s
currentSize : 27 <-- 30.416723 s
currentSize : 28 <-- 147.873047 s
currentSize : 29 <-- 171.391479 s

TIMEOUT
maxsize : 29
nodes : 203475237.000000
filtered : 1767042333.000000
time : 1000.000000
