Parameters: GAD=1 vflib=1 dir=1 label=1 lowerbound=1 fileNameGp=../../cp2016-max-common-connected-subgraph-paper/datasets/graphsdb/mcs10/m4D/m4D/mcs10_m4D_s100.A00 fileNameGt=../../cp2016-max-common-connected-subgraph-paper/datasets/graphsdb/mcs10/m4D/m4D/mcs10_m4D_s100.B00
Reading graphs...
100 : 159
100 : 159
Initializing...
maxdom : 7
D->valSize : 302
Solving...
Blb : 2 (clique : 33)
currentSize : 33 <-- 0.003130 s
currentSize : 34 <-- 0.003457 s
currentSize : 35 <-- 0.003703 s
currentSize : 36 <-- 0.004073 s
currentSize : 37 <-- 0.012039 s
currentSize : 38 <-- 7.325004 s

TIMEOUT
maxsize : 38
nodes : 215484491.000000
filtered : 750750794.000000
time : 1000.000061
