Parameters: GAD=1 vflib=1 dir=1 label=1 lowerbound=1 fileNameGp=../../cp2016-max-common-connected-subgraph-paper/datasets/graphsdb/mcs10/m3D/m3D/mcs10_m3D_s60.A06 fileNameGt=../../cp2016-max-common-connected-subgraph-paper/datasets/graphsdb/mcs10/m3D/m3D/mcs10_m3D_s60.B06
Reading graphs...
60 : 134
60 : 134
Initializing...
maxdom : 6
D->valSize : 244
Solving...
Blb : 5 (clique : 18)
currentSize : 18 <-- 0.002663 s
currentSize : 19 <-- 0.006097 s
currentSize : 20 <-- 0.006412 s
currentSize : 21 <-- 0.102616 s
currentSize : 22 <-- 10.077172 s
currentSize : 23 <-- 560.024170 s
currentSize : 24 <-- 684.889771 s

maxsize : 24
nodes : 199277596.000000
filtered : 1278372354.000000
time : 791.745667
