Parameters: GAD=1 vflib=1 dir=1 label=1 lowerbound=1 fileNameGp=../../cp2016-max-common-connected-subgraph-paper/datasets/graphsdb/mcs10/rand/r005/mcs10_r005_s90.A02 fileNameGt=../../cp2016-max-common-connected-subgraph-paper/datasets/graphsdb/mcs10/rand/r005/mcs10_r005_s90.B02
Reading graphs...
90 : 405
90 : 405
Initializing...
maxdom : 8
D->valSize : 537
Solving...
Blb : 2 (clique : 20)
currentSize : 20 <-- 0.009112 s
currentSize : 21 <-- 0.009391 s
currentSize : 22 <-- 0.009600 s
currentSize : 23 <-- 0.019762 s
currentSize : 24 <-- 0.200318 s
currentSize : 25 <-- 18.603397 s

TIMEOUT
maxsize : 25
nodes : 175933247.000000
filtered : 1578251542.000000
time : 1000.000000
