Parameters: GAD=1 vflib=1 dir=1 label=1 lowerbound=1 fileNameGp=../../cp2016-max-common-connected-subgraph-paper/datasets/graphsdb/mcs10/m3D/m3Dr4/mcs10_m3Dr4_s100.A07 fileNameGt=../../cp2016-max-common-connected-subgraph-paper/datasets/graphsdb/mcs10/m3D/m3Dr4/mcs10_m3Dr4_s100.B07
Reading graphs...
100 : 274
100 : 274
Initializing...
maxdom : 9
D->valSize : 297
Solving...
Blb : 2 (clique : 25)
currentSize : 25 <-- 0.004486 s
currentSize : 26 <-- 0.100679 s
currentSize : 27 <-- 0.136885 s
currentSize : 28 <-- 17.278069 s
currentSize : 29 <-- 210.865433 s
currentSize : 30 <-- 992.411377 s

TIMEOUT
maxsize : 30
nodes : 168149799.000000
filtered : 1151803935.000000
time : 1000.000000
