Parameters: GAD=1 vflib=1 dir=1 label=1 lowerbound=1 fileNameGp=../../cp2016-max-common-connected-subgraph-paper/datasets/graphsdb/mcs10/m3D/m3D/mcs10_m3D_s70.A07 fileNameGt=../../cp2016-max-common-connected-subgraph-paper/datasets/graphsdb/mcs10/m3D/m3D/mcs10_m3D_s70.B07
Reading graphs...
70 : 159
70 : 159
Initializing...
maxdom : 6
D->valSize : 319
Solving...
Blb : 2 (clique : 21)
currentSize : 21 <-- 0.003970 s
currentSize : 22 <-- 0.004527 s
currentSize : 23 <-- 0.009771 s
currentSize : 24 <-- 0.364503 s
currentSize : 25 <-- 8.267594 s
currentSize : 26 <-- 49.914093 s
currentSize : 27 <-- 56.636715 s
currentSize : 28 <-- 782.153137 s

TIMEOUT
maxsize : 28
nodes : 218357699.000000
filtered : 1475111195.000000
time : 1000.000000
