Parameters: GAD=1 vflib=1 dir=1 label=1 lowerbound=1 fileNameGp=../../cp2016-max-common-connected-subgraph-paper/datasets/graphsdb/mcs10/m3D/m3Dr4/mcs10_m3Dr4_s80.A03 fileNameGt=../../cp2016-max-common-connected-subgraph-paper/datasets/graphsdb/mcs10/m3D/m3Dr4/mcs10_m3Dr4_s80.B03
Reading graphs...
80 : 216
80 : 216
Initializing...
maxdom : 9
D->valSize : 407
Solving...
Blb : 2 (clique : 22)
currentSize : 22 <-- 0.006150 s
currentSize : 23 <-- 0.007365 s
currentSize : 24 <-- 0.012213 s
currentSize : 25 <-- 0.083080 s
currentSize : 26 <-- 4.428420 s
currentSize : 27 <-- 164.406601 s

TIMEOUT
maxsize : 27
nodes : 193286616.000000
filtered : 1616295507.000000
time : 1000.000000
