Parameters: GAD=1 vflib=1 dir=1 label=1 lowerbound=1 fileNameGp=../../cp2016-max-common-connected-subgraph-paper/datasets/graphsdb/mcs10/m3D/m3Dr6/mcs10_m3Dr6_s60.A01 fileNameGt=../../cp2016-max-common-connected-subgraph-paper/datasets/graphsdb/mcs10/m3D/m3Dr6/mcs10_m3Dr6_s60.B01
Reading graphs...
60 : 170
60 : 170
Initializing...
maxdom : 6
D->valSize : 224
Solving...
Blb : 2 (clique : 17)
currentSize : 17 <-- 0.001543 s
currentSize : 18 <-- 0.078150 s
currentSize : 19 <-- 0.192599 s
currentSize : 20 <-- 0.713142 s
currentSize : 21 <-- 7.755748 s
currentSize : 22 <-- 83.722336 s

maxsize : 22
nodes : 24040326.000000
filtered : 189154536.000000
time : 102.323776
