Parameters: GAD=1 vflib=1 dir=1 label=1 lowerbound=1 fileNameGp=../../cp2016-max-common-connected-subgraph-paper/datasets/graphsdb/mcs10/m2D/m2Dr4/mcs10_m2Dr4_s90.A05 fileNameGt=../../cp2016-max-common-connected-subgraph-paper/datasets/graphsdb/mcs10/m2D/m2Dr4/mcs10_m2Dr4_s90.B05
Reading graphs...
90 : 197
90 : 196
Initializing...
maxdom : 10
D->valSize : 540
Solving...
Blb : 2 (clique : 28)
currentSize : 28 <-- 0.006075 s
currentSize : 29 <-- 0.075013 s
currentSize : 30 <-- 0.640723 s
currentSize : 31 <-- 2.215830 s
currentSize : 32 <-- 3.048723 s
currentSize : 33 <-- 96.084663 s
currentSize : 34 <-- 347.347076 s

TIMEOUT
maxsize : 34
nodes : 188455859.000000
filtered : 1486038115.000000
time : 1000.000000
