Parameters: GAD=1 vflib=1 dir=1 label=1 lowerbound=1 fileNameGp=../../cp2016-max-common-connected-subgraph-paper/datasets/graphsdb/mcs10/bvg/b06/mcs10_b06_s100.A09 fileNameGt=../../cp2016-max-common-connected-subgraph-paper/datasets/graphsdb/mcs10/bvg/b06/mcs10_b06_s100.B09
Reading graphs...
100 : 300
100 : 300
Initializing...
maxdom : 7
D->valSize : 309
Solving...
Blb : 2 (clique : 24)
currentSize : 24 <-- 0.004669 s
currentSize : 25 <-- 0.005427 s
currentSize : 26 <-- 0.030800 s
currentSize : 27 <-- 0.238470 s
currentSize : 28 <-- 0.425323 s
currentSize : 29 <-- 377.968872 s
currentSize : 30 <-- 644.683777 s

TIMEOUT
maxsize : 30
nodes : 178348022.000000
filtered : 1118377517.000000
time : 1000.000000
