Parameters: GAD=1 vflib=1 dir=1 label=1 lowerbound=1 fileNameGp=../../cp2016-max-common-connected-subgraph-paper/datasets/graphsdb/mcs10/m4D/m4Dr4/mcs10_m4Dr4_s100.A08 fileNameGt=../../cp2016-max-common-connected-subgraph-paper/datasets/graphsdb/mcs10/m4D/m4Dr4/mcs10_m4Dr4_s100.B08
Reading graphs...
100 : 199
100 : 198
Initializing...
maxdom : 8
D->valSize : 312
Solving...
Blb : 2 (clique : 32)
currentSize : 32 <-- 0.002933 s
currentSize : 33 <-- 0.004232 s
currentSize : 34 <-- 0.164428 s
currentSize : 35 <-- 3.047370 s
currentSize : 36 <-- 7.922311 s
currentSize : 37 <-- 22.169552 s
currentSize : 38 <-- 103.855637 s
currentSize : 39 <-- 655.580444 s

TIMEOUT
maxsize : 39
nodes : 200441846.000000
filtered : 682682561.000000
time : 1000.000061
