Parameters: GAD=1 vflib=1 dir=1 label=1 lowerbound=1 fileNameGp=../../cp2016-max-common-connected-subgraph-paper/datasets/graphsdb/mcs10/m3D/m3Dr2/mcs10_m3Dr2_s70.A05 fileNameGt=../../cp2016-max-common-connected-subgraph-paper/datasets/graphsdb/mcs10/m3D/m3Dr2/mcs10_m3Dr2_s70.B05
Reading graphs...
70 : 173
70 : 173
Initializing...
maxdom : 9
D->valSize : 318
Solving...
Blb : 2 (clique : 18)
currentSize : 18 <-- 0.002609 s
currentSize : 19 <-- 0.002746 s
currentSize : 20 <-- 0.002825 s
currentSize : 21 <-- 0.028821 s
currentSize : 22 <-- 4.515358 s
currentSize : 23 <-- 17.696354 s

TIMEOUT
maxsize : 23
nodes : 220792697.000000
filtered : 1830419667.000000
time : 1000.000000
