Parameters: GAD=1 vflib=1 dir=1 label=1 lowerbound=1 fileNameGp=../../cp2016-max-common-connected-subgraph-paper/datasets/graphsdb/mcs10/m2D/m2D/mcs10_m2D_s60.A08 fileNameGt=../../cp2016-max-common-connected-subgraph-paper/datasets/graphsdb/mcs10/m2D/m2D/mcs10_m2D_s60.B08
Reading graphs...
60 : 104
60 : 104
Initializing...
maxdom : 9
D->valSize : 225
Solving...
Blb : 2 (clique : 19)
currentSize : 19 <-- 0.002367 s
currentSize : 20 <-- 0.002854 s
currentSize : 21 <-- 0.008931 s
currentSize : 22 <-- 0.212130 s
currentSize : 23 <-- 3.525115 s
currentSize : 24 <-- 605.536438 s

TIMEOUT
maxsize : 24
nodes : 248786488.000000
filtered : 1587596513.000000
time : 1000.000000
