Parameters: GAD=1 vflib=1 dir=1 label=1 lowerbound=1 fileNameGp=../../cp2016-max-common-connected-subgraph-paper/datasets/graphsdb/mcs10/m2D/m2Dr2/mcs10_m2Dr2_s100.A07 fileNameGt=../../cp2016-max-common-connected-subgraph-paper/datasets/graphsdb/mcs10/m2D/m2Dr2/mcs10_m2Dr2_s100.B07
Reading graphs...
100 : 200
100 : 199
Initializing...
maxdom : 7
D->valSize : 318
Solving...
Blb : 2 (clique : 29)
currentSize : 29 <-- 0.004872 s
currentSize : 30 <-- 0.010859 s
currentSize : 31 <-- 2.537510 s
currentSize : 32 <-- 2.566958 s
currentSize : 33 <-- 3.230605 s
currentSize : 34 <-- 4.575572 s
currentSize : 35 <-- 82.239197 s

TIMEOUT
maxsize : 35
nodes : 197846204.000000
filtered : 818320352.000000
time : 1000.000000
