Parameters: GAD=1 vflib=1 dir=1 label=1 lowerbound=1 fileNameGp=../../cp2016-max-common-connected-subgraph-paper/datasets/graphsdb/mcs10/m2D/m2D/mcs10_m2D_s80.A04 fileNameGt=../../cp2016-max-common-connected-subgraph-paper/datasets/graphsdb/mcs10/m2D/m2D/mcs10_m2D_s80.B04
Reading graphs...
80 : 142
80 : 142
Initializing...
maxdom : 13
D->valSize : 408
Solving...
Blb : 2 (clique : 26)
currentSize : 26 <-- 0.003881 s
currentSize : 27 <-- 0.006029 s
currentSize : 28 <-- 0.008404 s
currentSize : 29 <-- 0.793975 s
currentSize : 30 <-- 32.453953 s
currentSize : 31 <-- 32.551144 s
currentSize : 32 <-- 63.167347 s

TIMEOUT
maxsize : 32
nodes : 173790653.000000
filtered : 1460937887.000000
time : 1000.000000
