Parameters: GAD=1 vflib=1 dir=1 label=1 lowerbound=1 fileNameGp=../../cp2016-max-common-connected-subgraph-paper/datasets/graphsdb/mcs10/m2D/m2Dr2/mcs10_m2Dr2_s100.A00 fileNameGt=../../cp2016-max-common-connected-subgraph-paper/datasets/graphsdb/mcs10/m2D/m2Dr2/mcs10_m2Dr2_s100.B00
Reading graphs...
100 : 200
100 : 200
Initializing...
maxdom : 7
D->valSize : 318
Solving...
Blb : 2 (clique : 31)
currentSize : 31 <-- 0.005004 s
currentSize : 32 <-- 0.404740 s
currentSize : 33 <-- 0.709696 s
currentSize : 34 <-- 4.208319 s
currentSize : 35 <-- 5.283934 s
currentSize : 36 <-- 36.405418 s

TIMEOUT
maxsize : 36
nodes : 197169394.000000
filtered : 828436276.000000
time : 1000.000000
