Parameters: GAD=1 vflib=1 dir=1 label=1 lowerbound=1 fileNameGp=../../cp2016-max-common-connected-subgraph-paper/datasets/graphsdb/mcs10/rand/r01/mcs10_r01_s100.A02 fileNameGt=../../cp2016-max-common-connected-subgraph-paper/datasets/graphsdb/mcs10/rand/r01/mcs10_r01_s100.B02
Reading graphs...
100 : 990
100 : 990
Initializing...
maxdom : 7
D->valSize : 297
Solving...
Blb : 2 (clique : 10)
currentSize : 10 <-- 0.002684 s
currentSize : 11 <-- 0.003420 s
currentSize : 12 <-- 0.003500 s
currentSize : 13 <-- 0.052224 s
currentSize : 14 <-- 0.068150 s
currentSize : 15 <-- 0.282330 s
currentSize : 16 <-- 2.621222 s
currentSize : 17 <-- 4.155896 s

maxsize : 17
nodes : 21392569.000000
filtered : 167569667.000000
time : 124.405090
