Parameters: GAD=1 vflib=1 dir=1 label=1 lowerbound=1 fileNameGp=../../cp2016-max-common-connected-subgraph-paper/datasets/graphsdb/mcs10/rand/r005/mcs10_r005_s80.A01 fileNameGt=../../cp2016-max-common-connected-subgraph-paper/datasets/graphsdb/mcs10/rand/r005/mcs10_r005_s80.B01
Reading graphs...
80 : 321
80 : 321
Initializing...
maxdom : 14
D->valSize : 377
Solving...
Blb : 2 (clique : 18)
currentSize : 18 <-- 0.003182 s
currentSize : 19 <-- 0.490488 s
currentSize : 20 <-- 0.966662 s
currentSize : 21 <-- 6.261793 s
currentSize : 22 <-- 8.535934 s
currentSize : 23 <-- 780.604980 s

TIMEOUT
maxsize : 23
nodes : 195173678.000000
filtered : 1427280986.000000
time : 1000.000000
