Parameters: GAD=1 vflib=1 dir=1 label=1 lowerbound=1 fileNameGp=../../cp2016-max-common-connected-subgraph-paper/datasets/graphsdb/mcs10/m3D/m3Dr4/mcs10_m3Dr4_s100.A00 fileNameGt=../../cp2016-max-common-connected-subgraph-paper/datasets/graphsdb/mcs10/m3D/m3Dr4/mcs10_m3Dr4_s100.B00
Reading graphs...
100 : 275
100 : 275
Initializing...
maxdom : 7
D->valSize : 343
Solving...
Blb : 2 (clique : 26)
currentSize : 26 <-- 0.005404 s
currentSize : 27 <-- 0.005747 s
currentSize : 28 <-- 0.005953 s
currentSize : 29 <-- 0.517106 s
currentSize : 30 <-- 3.811559 s
currentSize : 31 <-- 36.734116 s
currentSize : 32 <-- 219.255234 s

TIMEOUT
maxsize : 32
nodes : 188692547.000000
filtered : 1126383239.000000
time : 1000.000000
