Parameters: GAD=1 vflib=1 dir=1 label=1 lowerbound=1 fileNameGp=../../cp2016-max-common-connected-subgraph-paper/datasets/graphsdb/mcs10/m2D/m2Dr2/mcs10_m2Dr2_s100.A06 fileNameGt=../../cp2016-max-common-connected-subgraph-paper/datasets/graphsdb/mcs10/m2D/m2Dr2/mcs10_m2Dr2_s100.B06
Reading graphs...
100 : 200
100 : 200
Initializing...
maxdom : 8
D->valSize : 331
Solving...
Blb : 2 (clique : 29)
currentSize : 29 <-- 0.003274 s
currentSize : 30 <-- 0.003644 s
currentSize : 31 <-- 0.004442 s
currentSize : 32 <-- 0.012613 s
currentSize : 33 <-- 10.083274 s
currentSize : 34 <-- 110.913673 s
currentSize : 35 <-- 110.995552 s

TIMEOUT
maxsize : 35
nodes : 197626143.000000
filtered : 1054294680.000000
time : 1000.000000
