Parameters: GAD=1 vflib=1 dir=1 label=1 lowerbound=1 fileNameGp=../../cp2016-max-common-connected-subgraph-paper/datasets/graphsdb/mcs10/rand/r01/mcs10_r01_s90.A02 fileNameGt=../../cp2016-max-common-connected-subgraph-paper/datasets/graphsdb/mcs10/rand/r01/mcs10_r01_s90.B02
Reading graphs...
90 : 802
90 : 802
Initializing...
maxdom : 10
D->valSize : 528
Solving...
Blb : 2 (clique : 12)
currentSize : 12 <-- 0.005368 s
currentSize : 13 <-- 0.008000 s
currentSize : 14 <-- 0.012763 s
currentSize : 15 <-- 0.148654 s
currentSize : 16 <-- 1.676880 s
currentSize : 17 <-- 1.761776 s

TIMEOUT
maxsize : 17
nodes : 165909601.000000
filtered : 2409610850.000000
time : 1000.000000
