Parameters: GAD=1 vflib=1 dir=1 label=1 lowerbound=1 fileNameGp=../../cp2016-max-common-connected-subgraph-paper/datasets/graphsdb/mcs10/bvg/b06/mcs10_b06_s90.A03 fileNameGt=../../cp2016-max-common-connected-subgraph-paper/datasets/graphsdb/mcs10/bvg/b06/mcs10_b06_s90.B03
Reading graphs...
90 : 270
90 : 270
Initializing...
maxdom : 9
D->valSize : 533
Solving...
Blb : 2 (clique : 22)
currentSize : 22 <-- 0.009337 s
currentSize : 23 <-- 0.010002 s
currentSize : 24 <-- 0.013515 s
currentSize : 25 <-- 0.039731 s
currentSize : 26 <-- 0.047883 s
currentSize : 27 <-- 0.099055 s
currentSize : 28 <-- 2.575125 s
currentSize : 29 <-- 8.006218 s
currentSize : 30 <-- 684.308899 s

TIMEOUT
maxsize : 30
nodes : 189689382.000000
filtered : 1490868301.000000
time : 1000.000000
