Parameters: GAD=1 vflib=1 dir=1 label=1 lowerbound=1 fileNameGp=../../cp2016-max-common-connected-subgraph-paper/datasets/graphsdb/mcs10/bvg/b03m/mcs10_b03m_s50.A03 fileNameGt=../../cp2016-max-common-connected-subgraph-paper/datasets/graphsdb/mcs10/bvg/b03m/mcs10_b03m_s50.B03
Reading graphs...
50 : 75
50 : 75
Initializing...
maxdom : 8
D->valSize : 306
Solving...
Blb : 2 (clique : 18)
currentSize : 18 <-- 0.002616 s
currentSize : 19 <-- 0.002782 s
currentSize : 20 <-- 0.003781 s
currentSize : 21 <-- 0.006142 s
currentSize : 22 <-- 2.532695 s
currentSize : 23 <-- 36.922642 s

TIMEOUT
maxsize : 23
nodes : 250287426.000000
filtered : 2156621366.000000
time : 1000.000000
