Parameters: GAD=1 vflib=1 dir=1 label=1 lowerbound=1 fileNameGp=../../cp2016-max-common-connected-subgraph-paper/datasets/graphsdb/mcs10/rand/r005/mcs10_r005_s80.A08 fileNameGt=../../cp2016-max-common-connected-subgraph-paper/datasets/graphsdb/mcs10/rand/r005/mcs10_r005_s80.B08
Reading graphs...
80 : 321
80 : 321
Initializing...
maxdom : 8
D->valSize : 411
Solving...
Blb : 2 (clique : 18)
currentSize : 18 <-- 0.003787 s
currentSize : 19 <-- 0.004225 s
currentSize : 20 <-- 0.037198 s
currentSize : 21 <-- 6.997838 s
currentSize : 22 <-- 7.005181 s
currentSize : 23 <-- 947.417175 s

TIMEOUT
maxsize : 23
nodes : 199160013.000000
filtered : 1675358751.000000
time : 1000.000000
