Parameters: GAD=1 vflib=1 dir=1 label=1 lowerbound=1 fileNameGp=../../cp2016-max-common-connected-subgraph-paper/datasets/graphsdb/mcs10/m2D/m2D/mcs10_m2D_s90.A00 fileNameGt=../../cp2016-max-common-connected-subgraph-paper/datasets/graphsdb/mcs10/m2D/m2D/mcs10_m2D_s90.B00
Reading graphs...
90 : 161
90 : 161
Initializing...
maxdom : 9
D->valSize : 529
Solving...
Blb : 2 (clique : 31)
currentSize : 31 <-- 0.006065 s
currentSize : 32 <-- 0.006358 s
currentSize : 33 <-- 0.006472 s
currentSize : 34 <-- 0.006929 s
currentSize : 35 <-- 14.549653 s
currentSize : 36 <-- 874.178406 s

TIMEOUT
maxsize : 36
nodes : 206765181.000000
filtered : 1118967934.000000
time : 1000.000000
