Parameters: GAD=1 vflib=1 dir=1 label=1 lowerbound=1 fileNameGp=../../cp2016-max-common-connected-subgraph-paper/datasets/graphsdb/mcs10/bvg/b06/mcs10_b06_s90.A00 fileNameGt=../../cp2016-max-common-connected-subgraph-paper/datasets/graphsdb/mcs10/bvg/b06/mcs10_b06_s90.B00
Reading graphs...
90 : 270
90 : 270
Initializing...
maxdom : 9
D->valSize : 499
Solving...
Blb : 2 (clique : 24)
currentSize : 24 <-- 0.005358 s
currentSize : 25 <-- 0.006449 s
currentSize : 26 <-- 0.175544 s
currentSize : 27 <-- 0.349986 s
currentSize : 28 <-- 11.992606 s
currentSize : 29 <-- 91.710350 s
currentSize : 30 <-- 98.858734 s
currentSize : 31 <-- 550.819763 s
currentSize : 32 <-- 550.891846 s
currentSize : 33 <-- 552.979370 s

TIMEOUT
maxsize : 33
nodes : 176869477.000000
filtered : 1699221701.000000
time : 1000.000000
