Parameters: GAD=1 vflib=1 dir=1 label=1 lowerbound=1 fileNameGp=../../cp2016-max-common-connected-subgraph-paper/datasets/graphsdb/mcs10/m2D/m2D/mcs10_m2D_s100.A07 fileNameGt=../../cp2016-max-common-connected-subgraph-paper/datasets/graphsdb/mcs10/m2D/m2D/mcs10_m2D_s100.B07
Reading graphs...
100 : 180
100 : 180
Initializing...
maxdom : 8
D->valSize : 358
Solving...
Blb : 2 (clique : 32)
currentSize : 32 <-- 0.003608 s
currentSize : 33 <-- 0.004333 s
currentSize : 34 <-- 0.038793 s
currentSize : 35 <-- 3.649992 s
currentSize : 36 <-- 329.141510 s
currentSize : 37 <-- 332.989899 s
currentSize : 38 <-- 870.734863 s

TIMEOUT
maxsize : 38
nodes : 185155064.000000
filtered : 772734120.000000
time : 1000.000061
