Parameters: GAD=1 vflib=1 dir=1 label=1 lowerbound=1 fileNameGp=../../cp2016-max-common-connected-subgraph-paper/datasets/graphsdb/mcs10/rand/r01/mcs10_r01_s80.A04 fileNameGt=../../cp2016-max-common-connected-subgraph-paper/datasets/graphsdb/mcs10/rand/r01/mcs10_r01_s80.B04
Reading graphs...
80 : 634
80 : 634
Initializing...
maxdom : 10
D->valSize : 408
Solving...
Blb : 2 (clique : 12)
currentSize : 12 <-- 0.005370 s
currentSize : 13 <-- 0.005616 s
currentSize : 14 <-- 0.027296 s
currentSize : 15 <-- 0.234555 s
currentSize : 16 <-- 0.247334 s

maxsize : 16
nodes : 83273065.000000
filtered : 929702937.000000
time : 453.181030
