Parameters: GAD=1 vflib=1 dir=1 label=1 lowerbound=1 fileNameGp=../../cp2016-max-common-connected-subgraph-paper/datasets/graphsdb/mcs10/m2D/m2Dr6/mcs10_m2Dr6_s50.A07 fileNameGt=../../cp2016-max-common-connected-subgraph-paper/datasets/graphsdb/mcs10/m2D/m2Dr6/mcs10_m2Dr6_s50.B07
Reading graphs...
50 : 115
50 : 113
Initializing...
maxdom : 9
D->valSize : 337
Solving...
Blb : 2 (clique : 16)
currentSize : 16 <-- 0.002346 s
currentSize : 17 <-- 0.002492 s
currentSize : 18 <-- 0.002608 s
currentSize : 19 <-- 0.005735 s
currentSize : 20 <-- 0.010229 s
currentSize : 21 <-- 0.038768 s

maxsize : 21
nodes : 87554351.000000
filtered : 1263273026.000000
time : 414.182434
