Parameters: GAD=1 vflib=1 dir=1 label=1 lowerbound=1 fileNameGp=../../cp2016-max-common-connected-subgraph-paper/datasets/graphsdb/mcs10/rand/r01/mcs10_r01_s90.A03 fileNameGt=../../cp2016-max-common-connected-subgraph-paper/datasets/graphsdb/mcs10/rand/r01/mcs10_r01_s90.B03
Reading graphs...
90 : 802
90 : 802
Initializing...
maxdom : 10
D->valSize : 510
Solving...
Blb : 2 (clique : 12)
currentSize : 12 <-- 0.007918 s
currentSize : 13 <-- 0.008466 s
currentSize : 14 <-- 0.014562 s
currentSize : 15 <-- 0.106981 s
currentSize : 16 <-- 28.181654 s
currentSize : 17 <-- 119.534958 s

maxsize : 17
nodes : 161450509.000000
filtered : 2369271305.000000
time : 967.914795
