Parameters: GAD=1 vflib=1 dir=1 label=1 lowerbound=1 fileNameGp=../../cp2016-max-common-connected-subgraph-paper/datasets/graphsdb/mcs10/m3D/m3Dr6/mcs10_m3Dr6_s100.A07 fileNameGt=../../cp2016-max-common-connected-subgraph-paper/datasets/graphsdb/mcs10/m3D/m3Dr6/mcs10_m3Dr6_s100.B07
Reading graphs...
100 : 295
100 : 292
Initializing...
maxdom : 7
D->valSize : 298
Solving...
Blb : 5 (clique : 24)
currentSize : 24 <-- 0.004332 s
currentSize : 25 <-- 0.019429 s
currentSize : 26 <-- 0.077170 s
currentSize : 27 <-- 0.181053 s
currentSize : 28 <-- 24.409691 s
currentSize : 29 <-- 954.089844 s

TIMEOUT
maxsize : 29
nodes : 192118883.000000
filtered : 896197997.000000
time : 1000.000000
