Parameters: GAD=1 vflib=1 dir=1 label=1 lowerbound=1 fileNameGp=../../cp2016-max-common-connected-subgraph-paper/datasets/graphsdb/mcs10/bvg/b03/mcs10_b03_s80.A07 fileNameGt=../../cp2016-max-common-connected-subgraph-paper/datasets/graphsdb/mcs10/bvg/b03/mcs10_b03_s80.B07
Reading graphs...
80 : 120
80 : 120
Initializing...
maxdom : 10
D->valSize : 404
Solving...
Blb : 2 (clique : 30)
currentSize : 30 <-- 0.006396 s
currentSize : 31 <-- 0.222710 s
currentSize : 32 <-- 1.829868 s
currentSize : 33 <-- 24.109962 s
currentSize : 34 <-- 26.526819 s
currentSize : 35 <-- 591.118042 s

TIMEOUT
maxsize : 35
nodes : 171951159.000000
filtered : 1486982593.000000
time : 1000.000000
