Parameters: GAD=1 vflib=1 dir=1 label=1 lowerbound=1 fileNameGp=../../cp2016-max-common-connected-subgraph-paper/datasets/graphsdb/mcs10/m2D/m2Dr4/mcs10_m2Dr4_s60.A07 fileNameGt=../../cp2016-max-common-connected-subgraph-paper/datasets/graphsdb/mcs10/m2D/m2Dr4/mcs10_m2Dr4_s60.B07
Reading graphs...
60 : 128
60 : 127
Initializing...
maxdom : 7
D->valSize : 227
Solving...
Blb : 2 (clique : 17)
currentSize : 17 <-- 0.002412 s
currentSize : 18 <-- 0.006339 s
currentSize : 19 <-- 0.008940 s
currentSize : 20 <-- 0.014532 s
currentSize : 21 <-- 0.897914 s
currentSize : 22 <-- 4.397380 s
currentSize : 23 <-- 5.330593 s
currentSize : 24 <-- 21.730509 s

maxsize : 24
nodes : 29596232.000000
filtered : 220336527.000000
time : 123.942314
