Parameters: GAD=1 vflib=1 dir=1 label=1 lowerbound=1 fileNameGp=../../cp2016-max-common-connected-subgraph-paper/datasets/graphsdb/mcs10/m2D/m2Dr4/mcs10_m2Dr4_s100.A00 fileNameGt=../../cp2016-max-common-connected-subgraph-paper/datasets/graphsdb/mcs10/m2D/m2Dr4/mcs10_m2Dr4_s100.B00
Reading graphs...
100 : 220
100 : 219
Initializing...
maxdom : 7
D->valSize : 307
Solving...
Blb : 2 (clique : 31)
currentSize : 31 <-- 0.004639 s
currentSize : 32 <-- 0.008897 s
currentSize : 33 <-- 0.009102 s
currentSize : 34 <-- 4.522628 s
currentSize : 35 <-- 8.255622 s
currentSize : 36 <-- 56.231766 s
currentSize : 37 <-- 342.560791 s
currentSize : 38 <-- 477.199799 s

TIMEOUT
maxsize : 38
nodes : 194290334.000000
filtered : 903192661.000000
time : 1000.000061
