Parameters: GAD=1 vflib=1 dir=1 label=1 lowerbound=1 fileNameGp=../../cp2016-max-common-connected-subgraph-paper/datasets/graphsdb/mcs10/m3D/m3Dr2/mcs10_m3Dr2_s60.A00 fileNameGt=../../cp2016-max-common-connected-subgraph-paper/datasets/graphsdb/mcs10/m3D/m3Dr2/mcs10_m3Dr2_s60.B00
Reading graphs...
60 : 146
60 : 145
Initializing...
maxdom : 8
D->valSize : 239
Solving...
Blb : 2 (clique : 18)
currentSize : 18 <-- 0.001548 s
currentSize : 19 <-- 0.001774 s
currentSize : 20 <-- 0.002036 s
currentSize : 21 <-- 0.050888 s
currentSize : 22 <-- 2.193418 s
currentSize : 23 <-- 174.566513 s

maxsize : 23
nodes : 61062713.000000
filtered : 557134237.000000
time : 273.962433
