Parameters: GAD=1 vflib=1 dir=1 label=1 lowerbound=1 fileNameGp=../../cp2016-max-common-connected-subgraph-paper/datasets/graphsdb/mcs10/rand/r005/mcs10_r005_s50.A09 fileNameGt=../../cp2016-max-common-connected-subgraph-paper/datasets/graphsdb/mcs10/rand/r005/mcs10_r005_s50.B09
Reading graphs...
50 : 125
50 : 125
Initializing...
maxdom : 9
D->valSize : 285
Solving...
Blb : 2 (clique : 15)
currentSize : 15 <-- 0.001911 s
currentSize : 16 <-- 0.002019 s
currentSize : 17 <-- 0.003523 s
currentSize : 18 <-- 0.007180 s
currentSize : 19 <-- 0.042098 s

maxsize : 19
nodes : 24292578.000000
filtered : 259324408.000000
time : 101.677834
