Parameters: GAD=1 vflib=1 dir=1 label=1 lowerbound=1 fileNameGp=../../cp2016-max-common-connected-subgraph-paper/datasets/graphsdb/mcs10/m2D/m2D/mcs10_m2D_s90.A06 fileNameGt=../../cp2016-max-common-connected-subgraph-paper/datasets/graphsdb/mcs10/m2D/m2D/mcs10_m2D_s90.B06
Reading graphs...
90 : 161
90 : 161
Initializing...
maxdom : 10
D->valSize : 524
Solving...
Blb : 2 (clique : 29)
currentSize : 29 <-- 0.010034 s
currentSize : 30 <-- 2.936634 s
currentSize : 31 <-- 3.851848 s
currentSize : 32 <-- 4.801852 s
currentSize : 33 <-- 4.944851 s
currentSize : 34 <-- 597.634277 s

TIMEOUT
maxsize : 34
nodes : 224430720.000000
filtered : 1263768952.000000
time : 1000.000000
