Parameters: GAD=1 vflib=1 dir=1 label=1 lowerbound=1 fileNameGp=../../cp2016-max-common-connected-subgraph-paper/datasets/graphsdb/mcs10/m3D/m3Dr2/mcs10_m3Dr2_s80.A05 fileNameGt=../../cp2016-max-common-connected-subgraph-paper/datasets/graphsdb/mcs10/m3D/m3Dr2/mcs10_m3Dr2_s80.B05
Reading graphs...
80 : 200
80 : 200
Initializing...
maxdom : 9
D->valSize : 409
Solving...
Blb : 2 (clique : 22)
currentSize : 22 <-- 0.003727 s
currentSize : 23 <-- 0.004093 s
currentSize : 24 <-- 0.006086 s
currentSize : 25 <-- 4.075688 s
currentSize : 26 <-- 4.177590 s
currentSize : 27 <-- 4.630258 s
currentSize : 28 <-- 315.758728 s

TIMEOUT
maxsize : 28
nodes : 215942669.000000
filtered : 1461757101.000000
time : 1000.000000
