Parameters: GAD=1 vflib=1 dir=1 label=1 lowerbound=1 fileNameGp=../../cp2016-max-common-connected-subgraph-paper/datasets/graphsdb/mcs10/bvg/b06m/mcs10_b06m_s90.A01 fileNameGt=../../cp2016-max-common-connected-subgraph-paper/datasets/graphsdb/mcs10/bvg/b06m/mcs10_b06m_s90.B01
Reading graphs...
90 : 270
90 : 270
Initializing...
maxdom : 10
D->valSize : 541
Solving...
Blb : 5 (clique : 24)
currentSize : 24 <-- 0.005978 s
currentSize : 25 <-- 0.006385 s
currentSize : 26 <-- 0.037637 s
currentSize : 27 <-- 0.406991 s
currentSize : 28 <-- 1.375802 s
currentSize : 29 <-- 2.635499 s
currentSize : 30 <-- 127.380898 s

TIMEOUT
maxsize : 30
nodes : 192177563.000000
filtered : 1323936202.000000
time : 1000.000061
