Parameters: GAD=1 vflib=1 dir=1 label=1 lowerbound=1 fileNameGp=../../cp2016-max-common-connected-subgraph-paper/datasets/graphsdb/mcs10/bvg/b03/mcs10_b03_s50.A06 fileNameGt=../../cp2016-max-common-connected-subgraph-paper/datasets/graphsdb/mcs10/bvg/b03/mcs10_b03_s50.B06
Reading graphs...
50 : 75
50 : 75
Initializing...
maxdom : 10
D->valSize : 322
Solving...
Blb : 2 (clique : 18)
currentSize : 18 <-- 0.002314 s
currentSize : 20 <-- 0.002423 s
currentSize : 21 <-- 0.002523 s
currentSize : 22 <-- 6.854089 s
currentSize : 23 <-- 29.724115 s
currentSize : 24 <-- 92.819298 s

TIMEOUT
maxsize : 24
nodes : 227379004.000000
filtered : 2603497654.000000
time : 1000.000000
