Parameters: GAD=1 vflib=1 dir=1 label=1 lowerbound=1 fileNameGp=../../cp2016-max-common-connected-subgraph-paper/datasets/graphsdb/mcs10/m2D/m2Dr6/mcs10_m2Dr6_s50.A04 fileNameGt=../../cp2016-max-common-connected-subgraph-paper/datasets/graphsdb/mcs10/m2D/m2Dr6/mcs10_m2Dr6_s50.B04
Reading graphs...
50 : 114
50 : 113
Initializing...
maxdom : 9
D->valSize : 306
Solving...
Blb : 2 (clique : 15)
currentSize : 15 <-- 0.002115 s
currentSize : 16 <-- 0.004354 s
currentSize : 17 <-- 0.013849 s
currentSize : 18 <-- 1.782987 s
currentSize : 19 <-- 1.806962 s
currentSize : 20 <-- 19.428118 s

TIMEOUT
maxsize : 20
nodes : 253686518.000000
filtered : 2636749968.000000
time : 1000.000000
