Parameters: GAD=1 vflib=1 dir=1 label=1 lowerbound=1 fileNameGp=../../cp2016-max-common-connected-subgraph-paper/datasets/graphsdb/mcs10/m2D/m2Dr6/mcs10_m2Dr6_s90.A04 fileNameGt=../../cp2016-max-common-connected-subgraph-paper/datasets/graphsdb/mcs10/m2D/m2Dr6/mcs10_m2Dr6_s90.B04
Reading graphs...
90 : 215
90 : 215
Initializing...
maxdom : 12
D->valSize : 465
Solving...
Blb : 2 (clique : 26)
currentSize : 26 <-- 0.004922 s
currentSize : 27 <-- 0.006944 s
currentSize : 28 <-- 0.437556 s
currentSize : 29 <-- 12.817269 s
currentSize : 30 <-- 12.935118 s
currentSize : 31 <-- 14.145808 s
currentSize : 32 <-- 286.516876 s

TIMEOUT
maxsize : 32
nodes : 206964825.000000
filtered : 1388408904.000000
time : 1000.000000
