Parameters: GAD=1 vflib=1 dir=1 label=1 lowerbound=1 fileNameGp=../../cp2016-max-common-connected-subgraph-paper/datasets/graphsdb/mcs10/m4D/m4Dr6/mcs10_m4Dr6_s100.A04 fileNameGt=../../cp2016-max-common-connected-subgraph-paper/datasets/graphsdb/mcs10/m4D/m4Dr6/mcs10_m4Dr6_s100.B04
Reading graphs...
100 : 219
100 : 217
Initializing...
maxdom : 7
D->valSize : 308
Solving...
Blb : 5 (clique : 31)
currentSize : 31 <-- 0.003011 s
currentSize : 32 <-- 3.402283 s
currentSize : 33 <-- 4.676557 s
currentSize : 34 <-- 6.707663 s
currentSize : 35 <-- 111.269577 s
currentSize : 36 <-- 115.635071 s
currentSize : 37 <-- 421.715485 s

TIMEOUT
maxsize : 37
nodes : 190803662.000000
filtered : 979042125.000000
time : 1000.000000
