Parameters: GAD=1 vflib=1 dir=1 label=1 lowerbound=1 fileNameGp=../../cp2016-max-common-connected-subgraph-paper/datasets/graphsdb/mcs10/m3D/m3Dr4/mcs10_m3Dr4_s90.A05 fileNameGt=../../cp2016-max-common-connected-subgraph-paper/datasets/graphsdb/mcs10/m3D/m3Dr4/mcs10_m3Dr4_s90.B05
Reading graphs...
90 : 245
90 : 244
Initializing...
maxdom : 13
D->valSize : 570
Solving...
Blb : 2 (clique : 27)
currentSize : 27 <-- 0.006678 s
currentSize : 28 <-- 0.008455 s
currentSize : 29 <-- 0.039710 s
currentSize : 30 <-- 0.041631 s
currentSize : 31 <-- 0.214487 s
currentSize : 32 <-- 4.953087 s

TIMEOUT
maxsize : 32
nodes : 178193507.000000
filtered : 1858997442.000000
time : 1000.000000
