Parameters: GAD=1 vflib=1 dir=1 label=1 lowerbound=1 fileNameGp=../../cp2016-max-common-connected-subgraph-paper/datasets/graphsdb/mcs10/m2D/m2Dr4/mcs10_m2Dr4_s70.A02 fileNameGt=../../cp2016-max-common-connected-subgraph-paper/datasets/graphsdb/mcs10/m2D/m2Dr4/mcs10_m2Dr4_s70.B02
Reading graphs...
70 : 151
70 : 150
Initializing...
maxdom : 8
D->valSize : 301
Solving...
Blb : 5 (clique : 20)
currentSize : 20 <-- 0.003581 s
currentSize : 21 <-- 0.170622 s
currentSize : 22 <-- 0.662100 s
currentSize : 23 <-- 4.925283 s
currentSize : 24 <-- 6.977835 s
currentSize : 25 <-- 83.913696 s

TIMEOUT
maxsize : 25
nodes : 228026020.000000
filtered : 1493603672.000000
time : 1000.000000
