Parameters: GAD=1 vflib=1 dir=1 label=1 lowerbound=1 fileNameGp=../../cp2016-max-common-connected-subgraph-paper/datasets/graphsdb/mcs10/m3D/m3Dr4/mcs10_m3Dr4_s80.A09 fileNameGt=../../cp2016-max-common-connected-subgraph-paper/datasets/graphsdb/mcs10/m3D/m3Dr4/mcs10_m3Dr4_s80.B09
Reading graphs...
80 : 216
80 : 216
Initializing...
maxdom : 10
D->valSize : 423
Solving...
Blb : 2 (clique : 23)
currentSize : 23 <-- 0.004013 s
currentSize : 24 <-- 0.004225 s
currentSize : 25 <-- 0.004612 s
currentSize : 26 <-- 3.757293 s
currentSize : 27 <-- 21.702860 s
currentSize : 28 <-- 43.947517 s

TIMEOUT
maxsize : 28
nodes : 180899643.000000
filtered : 1694546069.000000
time : 1000.000000
