Parameters: GAD=1 vflib=1 dir=1 label=1 lowerbound=1 fileNameGp=../../cp2016-max-common-connected-subgraph-paper/datasets/graphsdb/mcs10/m3D/m3Dr6/mcs10_m3Dr6_s80.A01 fileNameGt=../../cp2016-max-common-connected-subgraph-paper/datasets/graphsdb/mcs10/m3D/m3Dr6/mcs10_m3Dr6_s80.B01
Reading graphs...
80 : 232
80 : 232
Initializing...
maxdom : 10
D->valSize : 399
Solving...
Blb : 2 (clique : 23)
currentSize : 23 <-- 0.005782 s
currentSize : 24 <-- 0.006293 s
currentSize : 25 <-- 0.006949 s
currentSize : 26 <-- 1.368795 s
currentSize : 27 <-- 10.492004 s
currentSize : 28 <-- 86.928047 s

TIMEOUT
maxsize : 28
nodes : 203747597.000000
filtered : 1596629796.000000
time : 1000.000000
