Parameters: GAD=1 vflib=1 dir=1 label=1 lowerbound=1 fileNameGp=../../cp2016-max-common-connected-subgraph-paper/datasets/graphsdb/mcs10/bvg/b03m/mcs10_b03m_s60.A05 fileNameGt=../../cp2016-max-common-connected-subgraph-paper/datasets/graphsdb/mcs10/bvg/b03m/mcs10_b03m_s60.B05
Reading graphs...
60 : 90
60 : 90
Initializing...
maxdom : 8
D->valSize : 252
Solving...
Blb : 2 (clique : 21)
currentSize : 21 <-- 0.001869 s
currentSize : 22 <-- 0.002030 s
currentSize : 23 <-- 0.002165 s
currentSize : 24 <-- 0.017702 s
currentSize : 25 <-- 0.040946 s
currentSize : 26 <-- 2.754567 s
currentSize : 27 <-- 210.172241 s

maxsize : 27
nodes : 91330511.000000
filtered : 679684795.000000
time : 404.642456
