Parameters: GAD=1 vflib=1 dir=1 label=1 lowerbound=1 fileNameGp=../../cp2016-max-common-connected-subgraph-paper/datasets/graphsdb/mcs10/m3D/m3Dr2/mcs10_m3Dr2_s60.A06 fileNameGt=../../cp2016-max-common-connected-subgraph-paper/datasets/graphsdb/mcs10/m3D/m3Dr2/mcs10_m3Dr2_s60.B06
Reading graphs...
60 : 146
60 : 146
Initializing...
maxdom : 7
D->valSize : 230
Solving...
Blb : 3 (clique : 16)
currentSize : 16 <-- 0.002479 s
currentSize : 17 <-- 0.002683 s
currentSize : 18 <-- 0.003869 s
currentSize : 19 <-- 0.318533 s
currentSize : 20 <-- 0.824812 s
currentSize : 21 <-- 26.796629 s
currentSize : 22 <-- 85.558617 s
currentSize : 23 <-- 228.117950 s

maxsize : 23
nodes : 86809011.000000
filtered : 652656569.000000
time : 376.853882
