Parameters: GAD=1 vflib=1 dir=1 label=1 lowerbound=1 fileNameGp=../../cp2016-max-common-connected-subgraph-paper/datasets/graphsdb/mcs10/m3D/m3Dr4/mcs10_m3Dr4_s90.A04 fileNameGt=../../cp2016-max-common-connected-subgraph-paper/datasets/graphsdb/mcs10/m3D/m3Dr4/mcs10_m3Dr4_s90.B04
Reading graphs...
90 : 245
90 : 245
Initializing...
maxdom : 10
D->valSize : 530
Solving...
Blb : 2 (clique : 25)
currentSize : 25 <-- 0.009655 s
currentSize : 26 <-- 0.011887 s
currentSize : 27 <-- 0.012590 s
currentSize : 28 <-- 2.003720 s
currentSize : 29 <-- 117.280281 s
currentSize : 30 <-- 703.141113 s

TIMEOUT
maxsize : 30
nodes : 193468151.000000
filtered : 1206034032.000000
time : 1000.000000
