Parameters: GAD=1 vflib=1 dir=1 label=1 lowerbound=1 fileNameGp=../../cp2016-max-common-connected-subgraph-paper/datasets/graphsdb/mcs10/m4D/m4D/mcs10_m4D_s100.A04 fileNameGt=../../cp2016-max-common-connected-subgraph-paper/datasets/graphsdb/mcs10/m4D/m4D/mcs10_m4D_s100.B04
Reading graphs...
100 : 159
100 : 159
Initializing...
maxdom : 7
D->valSize : 357
Solving...
Blb : 2 (clique : 38)
currentSize : 38 <-- 0.003705 s
currentSize : 39 <-- 0.004019 s
currentSize : 40 <-- 0.026440 s
currentSize : 41 <-- 0.390469 s
currentSize : 42 <-- 100.560104 s
currentSize : 43 <-- 101.515694 s
currentSize : 44 <-- 632.543152 s

TIMEOUT
maxsize : 44
nodes : 212272846.000000
filtered : 649952665.000000
time : 1000.000061
