Parameters: GAD=1 vflib=1 dir=1 label=1 lowerbound=1 fileNameGp=../../cp2016-max-common-connected-subgraph-paper/datasets/graphsdb/mcs10/m3D/m3Dr4/mcs10_m3Dr4_s60.A07 fileNameGt=../../cp2016-max-common-connected-subgraph-paper/datasets/graphsdb/mcs10/m3D/m3Dr4/mcs10_m3Dr4_s60.B07
Reading graphs...
60 : 158
60 : 157
Initializing...
maxdom : 7
D->valSize : 231
Solving...
Blb : 3 (clique : 17)
currentSize : 17 <-- 0.001581 s
currentSize : 18 <-- 0.005611 s
currentSize : 19 <-- 0.015083 s
currentSize : 20 <-- 0.788477 s
currentSize : 21 <-- 18.793907 s
currentSize : 22 <-- 27.232941 s

maxsize : 22
nodes : 68137616.000000
filtered : 469249752.000000
time : 292.422943
