Parameters: GAD=1 vflib=1 dir=1 label=1 lowerbound=1 fileNameGp=../../cp2016-max-common-connected-subgraph-paper/datasets/graphsdb/mcs10/m2D/m2Dr4/mcs10_m2Dr4_s60.A03 fileNameGt=../../cp2016-max-common-connected-subgraph-paper/datasets/graphsdb/mcs10/m2D/m2Dr4/mcs10_m2Dr4_s60.B03
Reading graphs...
60 : 128
60 : 128
Initializing...
maxdom : 10
D->valSize : 225
Solving...
Blb : 2 (clique : 18)
currentSize : 18 <-- 0.001534 s
currentSize : 19 <-- 0.002226 s
currentSize : 20 <-- 0.069615 s
currentSize : 21 <-- 0.323200 s
currentSize : 22 <-- 45.109917 s
currentSize : 23 <-- 58.991814 s
currentSize : 24 <-- 90.158531 s

maxsize : 24
nodes : 28419500.000000
filtered : 210995840.000000
time : 120.126350
