Parameters: GAD=1 vflib=1 dir=1 label=1 lowerbound=1 fileNameGp=../../cp2016-max-common-connected-subgraph-paper/datasets/graphsdb/mcs10/bvg/b09/mcs10_b09_s100.A08 fileNameGt=../../cp2016-max-common-connected-subgraph-paper/datasets/graphsdb/mcs10/bvg/b09/mcs10_b09_s100.B08
Reading graphs...
100 : 450
100 : 450
Initializing...
maxdom : 8
D->valSize : 340
Solving...
Blb : 2 (clique : 20)
currentSize : 20 <-- 0.003262 s
currentSize : 21 <-- 0.009967 s
currentSize : 22 <-- 0.010037 s
currentSize : 23 <-- 0.149374 s
currentSize : 24 <-- 0.790660 s
currentSize : 25 <-- 0.799334 s
currentSize : 26 <-- 0.801532 s
currentSize : 27 <-- 6.321219 s

TIMEOUT
maxsize : 27
nodes : 173783042.000000
filtered : 1285416755.000000
time : 1000.000000
