Parameters: GAD=1 vflib=1 dir=1 label=1 lowerbound=1 fileNameGp=../../cp2016-max-common-connected-subgraph-paper/datasets/graphsdb/mcs10/bvg/b03/mcs10_b03_s80.A03 fileNameGt=../../cp2016-max-common-connected-subgraph-paper/datasets/graphsdb/mcs10/bvg/b03/mcs10_b03_s80.B03
Reading graphs...
80 : 120
80 : 120
Initializing...
maxdom : 9
D->valSize : 390
Solving...
Blb : 2 (clique : 28)
currentSize : 28 <-- 0.003613 s
currentSize : 29 <-- 0.004144 s
currentSize : 30 <-- 0.005619 s
currentSize : 31 <-- 0.029833 s
currentSize : 32 <-- 0.037555 s
currentSize : 33 <-- 0.072997 s
currentSize : 34 <-- 0.154054 s

TIMEOUT
maxsize : 34
nodes : 226963558.000000
filtered : 1157274796.000000
time : 1000.000061
