Parameters: GAD=1 vflib=1 dir=1 label=1 lowerbound=1 fileNameGp=../../cp2016-max-common-connected-subgraph-paper/datasets/graphsdb/mcs10/bvg/b03/mcs10_b03_s80.A02 fileNameGt=../../cp2016-max-common-connected-subgraph-paper/datasets/graphsdb/mcs10/bvg/b03/mcs10_b03_s80.B02
Reading graphs...
80 : 120
80 : 120
Initializing...
maxdom : 7
D->valSize : 388
Solving...
Blb : 2 (clique : 28)
currentSize : 28 <-- 0.003724 s
currentSize : 29 <-- 0.003938 s
currentSize : 30 <-- 0.005205 s
currentSize : 31 <-- 0.005363 s
currentSize : 32 <-- 0.049898 s
currentSize : 33 <-- 15.664031 s
currentSize : 34 <-- 254.545441 s

TIMEOUT
maxsize : 34
nodes : 203407828.000000
filtered : 1345508174.000000
time : 1000.000000
