Parameters: GAD=1 vflib=1 dir=1 label=1 lowerbound=1 fileNameGp=../../cp2016-max-common-connected-subgraph-paper/datasets/graphsdb/mcs10/rand/r005/mcs10_r005_s100.A08 fileNameGt=../../cp2016-max-common-connected-subgraph-paper/datasets/graphsdb/mcs10/rand/r005/mcs10_r005_s100.B08
Reading graphs...
100 : 500
100 : 500
Initializing...
maxdom : 8
D->valSize : 367
Solving...
Blb : 2 (clique : 19)
currentSize : 19 <-- 0.005352 s
currentSize : 20 <-- 0.005613 s
currentSize : 21 <-- 0.005703 s
currentSize : 22 <-- 0.006037 s
currentSize : 23 <-- 2.811163 s
currentSize : 24 <-- 28.087175 s

TIMEOUT
maxsize : 24
nodes : 174825125.000000
filtered : 1293316068.000000
time : 1000.000000
