Parameters: GAD=1 vflib=1 dir=1 label=1 lowerbound=1 fileNameGp=../../cp2016-max-common-connected-subgraph-paper/datasets/graphsdb/mcs10/m3D/m3Dr4/mcs10_m3Dr4_s90.A01 fileNameGt=../../cp2016-max-common-connected-subgraph-paper/datasets/graphsdb/mcs10/m3D/m3Dr4/mcs10_m3Dr4_s90.B01
Reading graphs...
90 : 245
90 : 245
Initializing...
maxdom : 13
D->valSize : 522
Solving...
Blb : 2 (clique : 25)
currentSize : 25 <-- 0.005704 s
currentSize : 26 <-- 0.006083 s
currentSize : 27 <-- 0.269291 s
currentSize : 28 <-- 3.188575 s
currentSize : 29 <-- 19.021868 s
currentSize : 30 <-- 44.096344 s
currentSize : 31 <-- 567.374634 s

TIMEOUT
maxsize : 31
nodes : 205048568.000000
filtered : 1599561192.000000
time : 1000.000000
