Parameters: GAD=1 vflib=1 dir=1 label=1 lowerbound=1 fileNameGp=../../cp2016-max-common-connected-subgraph-paper/datasets/graphsdb/mcs10/bvg/b06m/mcs10_b06m_s100.A03 fileNameGt=../../cp2016-max-common-connected-subgraph-paper/datasets/graphsdb/mcs10/bvg/b06m/mcs10_b06m_s100.B03
Reading graphs...
100 : 300
100 : 300
Initializing...
maxdom : 6
D->valSize : 314
Solving...
Blb : 2 (clique : 24)
currentSize : 24 <-- 0.003009 s
currentSize : 25 <-- 0.005935 s
currentSize : 26 <-- 3.519919 s
currentSize : 27 <-- 3.719150 s
currentSize : 28 <-- 60.344769 s
currentSize : 29 <-- 116.266136 s
currentSize : 30 <-- 473.896942 s

TIMEOUT
maxsize : 30
nodes : 185954300.000000
filtered : 938183668.000000
time : 1000.000000
