Parameters: GAD=1 vflib=1 dir=1 label=1 lowerbound=1 fileNameGp=../../cp2016-max-common-connected-subgraph-paper/datasets/graphsdb/mcs10/m3D/m3D/mcs10_m3D_s100.A02 fileNameGt=../../cp2016-max-common-connected-subgraph-paper/datasets/graphsdb/mcs10/m3D/m3D/mcs10_m3D_s100.B02
Reading graphs...
100 : 235
100 : 235
Initializing...
maxdom : 7
D->valSize : 307
Solving...
Blb : 2 (clique : 28)
currentSize : 28 <-- 0.004474 s
currentSize : 30 <-- 0.059767 s
currentSize : 31 <-- 0.845100 s
currentSize : 32 <-- 2.143412 s
currentSize : 33 <-- 2.167558 s
currentSize : 34 <-- 649.607788 s

TIMEOUT
maxsize : 34
nodes : 196937761.000000
filtered : 815177487.000000
time : 1000.000000
