Parameters: GAD=1 vflib=1 dir=1 label=1 lowerbound=1 fileNameGp=../../cp2016-max-common-connected-subgraph-paper/datasets/graphsdb/mcs10/rand/r005/mcs10_r005_s90.A04 fileNameGt=../../cp2016-max-common-connected-subgraph-paper/datasets/graphsdb/mcs10/rand/r005/mcs10_r005_s90.B04
Reading graphs...
90 : 405
90 : 405
Initializing...
maxdom : 8
D->valSize : 519
Solving...
Blb : 2 (clique : 19)
currentSize : 19 <-- 0.005453 s
currentSize : 20 <-- 0.005674 s
currentSize : 21 <-- 0.005861 s
currentSize : 22 <-- 0.026955 s
currentSize : 23 <-- 0.563366 s
currentSize : 24 <-- 6.329688 s

TIMEOUT
maxsize : 24
nodes : 187122932.000000
filtered : 1601407361.000000
time : 1000.000000
