Parameters: GAD=1 vflib=1 dir=1 label=1 lowerbound=1 fileNameGp=../../cp2016-max-common-connected-subgraph-paper/datasets/graphsdb/mcs10/m2D/m2Dr4/mcs10_m2Dr4_s100.A03 fileNameGt=../../cp2016-max-common-connected-subgraph-paper/datasets/graphsdb/mcs10/m2D/m2Dr4/mcs10_m2Dr4_s100.B03
Reading graphs...
100 : 220
100 : 220
Initializing...
maxdom : 6
D->valSize : 309
Solving...
Blb : 2 (clique : 28)
currentSize : 28 <-- 0.002878 s
currentSize : 29 <-- 0.237860 s
currentSize : 30 <-- 0.614976 s
currentSize : 31 <-- 0.912168 s
currentSize : 32 <-- 19.457697 s
currentSize : 33 <-- 75.167915 s
currentSize : 34 <-- 75.335457 s

TIMEOUT
maxsize : 34
nodes : 194763417.000000
filtered : 957108580.000000
time : 1000.000061
