Parameters: GAD=1 vflib=1 dir=1 label=1 lowerbound=1 fileNameGp=../../cp2016-max-common-connected-subgraph-paper/datasets/graphsdb/mcs10/rand/r005/mcs10_r005_s70.A02 fileNameGt=../../cp2016-max-common-connected-subgraph-paper/datasets/graphsdb/mcs10/rand/r005/mcs10_r005_s70.B02
Reading graphs...
70 : 245
70 : 245
Initializing...
maxdom : 7
D->valSize : 336
Solving...
Blb : 2 (clique : 17)
currentSize : 17 <-- 0.004168 s
currentSize : 18 <-- 0.008100 s
currentSize : 19 <-- 0.018671 s
currentSize : 20 <-- 0.685647 s
currentSize : 21 <-- 14.559717 s
currentSize : 22 <-- 66.399460 s
currentSize : 23 <-- 192.250854 s

TIMEOUT
maxsize : 23
nodes : 198575835.000000
filtered : 1922510923.000000
time : 1000.000000
