Parameters: GAD=1 vflib=1 dir=1 label=1 lowerbound=1 fileNameGp=../../cp2016-max-common-connected-subgraph-paper/datasets/graphsdb/mcs10/bvg/b06m/mcs10_b06m_s70.A05 fileNameGt=../../cp2016-max-common-connected-subgraph-paper/datasets/graphsdb/mcs10/bvg/b06m/mcs10_b06m_s70.B05
Reading graphs...
70 : 210
70 : 210
Initializing...
maxdom : 8
D->valSize : 306
Solving...
Blb : 2 (clique : 19)
currentSize : 19 <-- 0.002341 s
currentSize : 20 <-- 0.002485 s
currentSize : 21 <-- 0.014660 s
currentSize : 22 <-- 0.024662 s
currentSize : 23 <-- 30.244987 s
currentSize : 24 <-- 75.481766 s
currentSize : 25 <-- 311.051971 s

TIMEOUT
maxsize : 25
nodes : 223595180.000000
filtered : 1668243003.000000
time : 1000.000000
