Parameters: GAD=1 vflib=1 dir=1 label=1 lowerbound=1 fileNameGp=../../cp2016-max-common-connected-subgraph-paper/datasets/graphsdb/mcs10/m3D/m3Dr4/mcs10_m3Dr4_s80.A07 fileNameGt=../../cp2016-max-common-connected-subgraph-paper/datasets/graphsdb/mcs10/m3D/m3Dr4/mcs10_m3Dr4_s80.B07
Reading graphs...
80 : 216
80 : 216
Initializing...
maxdom : 10
D->valSize : 423
Solving...
Blb : 3 (clique : 20)
currentSize : 20 <-- 0.006315 s
currentSize : 21 <-- 0.370971 s
currentSize : 22 <-- 0.753395 s
currentSize : 23 <-- 2.104627 s
currentSize : 24 <-- 17.342190 s
currentSize : 25 <-- 17.641047 s
currentSize : 26 <-- 22.644691 s
currentSize : 27 <-- 682.033264 s

TIMEOUT
maxsize : 27
nodes : 196654661.000000
filtered : 1629797437.000000
time : 1000.000000
