Parameters: GAD=1 vflib=1 dir=1 label=1 lowerbound=1 fileNameGp=../../cp2016-max-common-connected-subgraph-paper/datasets/graphsdb/mcs10/m3D/m3Dr2/mcs10_m3Dr2_s90.A09 fileNameGt=../../cp2016-max-common-connected-subgraph-paper/datasets/graphsdb/mcs10/m3D/m3Dr2/mcs10_m3Dr2_s90.B09
Reading graphs...
90 : 227
90 : 227
Initializing...
maxdom : 10
D->valSize : 540
Solving...
Blb : 2 (clique : 29)
currentSize : 29 <-- 0.006172 s
currentSize : 30 <-- 0.308604 s
currentSize : 31 <-- 0.605866 s
currentSize : 32 <-- 1.120799 s
currentSize : 33 <-- 11.011879 s
currentSize : 34 <-- 22.304161 s

TIMEOUT
maxsize : 34
nodes : 172379288.000000
filtered : 1372634140.000000
time : 1000.000000
