Parameters: GAD=1 vflib=1 dir=1 label=1 lowerbound=1 fileNameGp=../../cp2016-max-common-connected-subgraph-paper/datasets/graphsdb/mcs10/m2D/m2Dr2/mcs10_m2Dr2_s100.A04 fileNameGt=../../cp2016-max-common-connected-subgraph-paper/datasets/graphsdb/mcs10/m2D/m2Dr2/mcs10_m2Dr2_s100.B04
Reading graphs...
100 : 200
100 : 200
Initializing...
maxdom : 9
D->valSize : 333
Solving...
Blb : 2 (clique : 32)
currentSize : 32 <-- 0.003382 s
currentSize : 33 <-- 0.041752 s
currentSize : 34 <-- 0.071142 s
currentSize : 35 <-- 0.564194 s
currentSize : 36 <-- 0.565110 s
currentSize : 37 <-- 3.007461 s
currentSize : 38 <-- 3.009061 s
currentSize : 39 <-- 46.126347 s

TIMEOUT
maxsize : 39
nodes : 192060608.000000
filtered : 940735651.000000
time : 1000.000061
