Parameters: GAD=1 vflib=1 dir=1 label=1 lowerbound=1 fileNameGp=../../cp2016-max-common-connected-subgraph-paper/datasets/graphsdb/mcs10/m2D/m2Dr6/mcs10_m2Dr6_s100.A01 fileNameGt=../../cp2016-max-common-connected-subgraph-paper/datasets/graphsdb/mcs10/m2D/m2Dr6/mcs10_m2Dr6_s100.B01
Reading graphs...
100 : 240
100 : 240
Initializing...
maxdom : 8
D->valSize : 340
Solving...
Blb : 5 (clique : 28)
currentSize : 28 <-- 0.003417 s
currentSize : 29 <-- 0.054265 s
currentSize : 30 <-- 1.098089 s
currentSize : 31 <-- 1.286507 s
currentSize : 32 <-- 21.141497 s
currentSize : 33 <-- 53.860958 s

TIMEOUT
maxsize : 33
nodes : 188259995.000000
filtered : 1032628971.000000
time : 1000.000000
