Parameters: GAD=1 vflib=1 dir=1 label=1 lowerbound=1 fileNameGp=../../cp2016-max-common-connected-subgraph-paper/datasets/graphsdb/mcs10/m3D/m3Dr6/mcs10_m3Dr6_s80.A04 fileNameGt=../../cp2016-max-common-connected-subgraph-paper/datasets/graphsdb/mcs10/m3D/m3Dr6/mcs10_m3Dr6_s80.B04
Reading graphs...
80 : 232
80 : 231
Initializing...
maxdom : 8
D->valSize : 387
Solving...
Blb : 2 (clique : 20)
currentSize : 20 <-- 0.003392 s
currentSize : 21 <-- 0.007951 s
currentSize : 22 <-- 0.010577 s
currentSize : 23 <-- 0.037492 s
currentSize : 24 <-- 0.056295 s
currentSize : 25 <-- 0.143297 s
currentSize : 26 <-- 5.134690 s

TIMEOUT
maxsize : 26
nodes : 205792684.000000
filtered : 1574309224.000000
time : 1000.000000
