Parameters: GAD=1 vflib=1 dir=1 label=1 lowerbound=1 fileNameGp=../../cp2016-max-common-connected-subgraph-paper/datasets/graphsdb/mcs10/rand/r005/mcs10_r005_s70.A07 fileNameGt=../../cp2016-max-common-connected-subgraph-paper/datasets/graphsdb/mcs10/rand/r005/mcs10_r005_s70.B07
Reading graphs...
70 : 245
70 : 245
Initializing...
maxdom : 7
D->valSize : 300
Solving...
Blb : 2 (clique : 17)
currentSize : 17 <-- 0.002337 s
currentSize : 18 <-- 0.002544 s
currentSize : 19 <-- 0.005349 s
currentSize : 20 <-- 0.782385 s
currentSize : 21 <-- 7.599221 s
currentSize : 22 <-- 367.689880 s

TIMEOUT
maxsize : 22
nodes : 205310405.000000
filtered : 1746941588.000000
time : 1000.000000
