Parameters: GAD=1 vflib=1 dir=1 label=1 lowerbound=1 fileNameGp=../../cp2016-max-common-connected-subgraph-paper/datasets/graphsdb/mcs10/m2D/m2Dr4/mcs10_m2Dr4_s70.A06 fileNameGt=../../cp2016-max-common-connected-subgraph-paper/datasets/graphsdb/mcs10/m2D/m2Dr4/mcs10_m2Dr4_s70.B06
Reading graphs...
70 : 151
70 : 150
Initializing...
maxdom : 7
D->valSize : 303
Solving...
Blb : 2 (clique : 21)
currentSize : 21 <-- 0.002450 s
currentSize : 22 <-- 0.002697 s
currentSize : 23 <-- 0.003653 s
currentSize : 24 <-- 0.179612 s
currentSize : 25 <-- 10.513531 s
currentSize : 26 <-- 179.586624 s
currentSize : 27 <-- 298.637329 s

TIMEOUT
maxsize : 27
nodes : 218748152.000000
filtered : 1366959377.000000
time : 1000.000000
