Parameters: GAD=1 vflib=1 dir=1 label=1 lowerbound=1 fileNameGp=../../cp2016-max-common-connected-subgraph-paper/datasets/graphsdb/mcs10/m2D/m2D/mcs10_m2D_s60.A07 fileNameGt=../../cp2016-max-common-connected-subgraph-paper/datasets/graphsdb/mcs10/m2D/m2D/mcs10_m2D_s60.B07
Reading graphs...
60 : 104
60 : 104
Initializing...
maxdom : 7
D->valSize : 231
Solving...
Blb : 2 (clique : 20)
currentSize : 20 <-- 0.001729 s
currentSize : 21 <-- 0.001860 s
currentSize : 22 <-- 0.009461 s
currentSize : 23 <-- 0.015824 s
currentSize : 24 <-- 0.124455 s
currentSize : 25 <-- 0.419687 s
currentSize : 26 <-- 17.056740 s

maxsize : 26
nodes : 168042507.000000
filtered : 1480181689.000000
time : 737.674500
