Parameters: GAD=1 vflib=1 dir=1 label=1 lowerbound=1 fileNameGp=../../cp2016-max-common-connected-subgraph-paper/datasets/graphsdb/mcs10/m2D/m2D/mcs10_m2D_s70.A00 fileNameGt=../../cp2016-max-common-connected-subgraph-paper/datasets/graphsdb/mcs10/m2D/m2D/mcs10_m2D_s70.B00
Reading graphs...
70 : 123
70 : 123
Initializing...
maxdom : 8
D->valSize : 318
Solving...
Blb : 2 (clique : 26)
currentSize : 26 <-- 0.004176 s
currentSize : 27 <-- 0.097503 s
currentSize : 28 <-- 0.412856 s
currentSize : 29 <-- 33.280308 s
currentSize : 30 <-- 33.289501 s
currentSize : 31 <-- 110.248207 s
currentSize : 32 <-- 578.507324 s

TIMEOUT
maxsize : 32
nodes : 217177557.000000
filtered : 1726086418.000000
time : 1000.000000
