Parameters: GAD=1 vflib=1 dir=1 label=1 lowerbound=1 fileNameGp=../../cp2016-max-common-connected-subgraph-paper/datasets/graphsdb/mcs10/bvg/b06m/mcs10_b06m_s90.A09 fileNameGt=../../cp2016-max-common-connected-subgraph-paper/datasets/graphsdb/mcs10/bvg/b06m/mcs10_b06m_s90.B09
Reading graphs...
90 : 270
90 : 270
Initializing...
maxdom : 10
D->valSize : 532
Solving...
Blb : 2 (clique : 26)
currentSize : 26 <-- 0.009777 s
currentSize : 27 <-- 0.045260 s
currentSize : 28 <-- 0.235854 s
currentSize : 29 <-- 3.091025 s
currentSize : 30 <-- 14.165823 s
currentSize : 31 <-- 342.472443 s
currentSize : 32 <-- 345.467224 s

TIMEOUT
maxsize : 32
nodes : 184636892.000000
filtered : 1538973244.000000
time : 1000.000000
