Parameters: GAD=1 vflib=1 dir=1 label=1 lowerbound=1 fileNameGp=../../cp2016-max-common-connected-subgraph-paper/datasets/graphsdb/mcs10/m2D/m2Dr4/mcs10_m2Dr4_s80.A06 fileNameGt=../../cp2016-max-common-connected-subgraph-paper/datasets/graphsdb/mcs10/m2D/m2Dr4/mcs10_m2Dr4_s80.B06
Reading graphs...
80 : 173
80 : 172
Initializing...
maxdom : 8
D->valSize : 393
Solving...
Blb : 2 (clique : 25)
currentSize : 25 <-- 0.003711 s
currentSize : 26 <-- 0.005731 s
currentSize : 27 <-- 0.093480 s
currentSize : 28 <-- 1.760384 s
currentSize : 29 <-- 4.107509 s
currentSize : 30 <-- 727.741577 s

TIMEOUT
maxsize : 30
nodes : 190423751.000000
filtered : 1445794246.000000
time : 1000.000061
