Parameters: GAD=1 vflib=1 dir=1 label=1 lowerbound=1 fileNameGp=../../cp2016-max-common-connected-subgraph-paper/datasets/graphsdb/mcs10/bvg/b03m/mcs10_b03m_s80.A09 fileNameGt=../../cp2016-max-common-connected-subgraph-paper/datasets/graphsdb/mcs10/bvg/b03m/mcs10_b03m_s80.B09
Reading graphs...
80 : 120
80 : 120
Initializing...
maxdom : 8
D->valSize : 395
Solving...
Blb : 2 (clique : 31)
currentSize : 31 <-- 0.003778 s
currentSize : 32 <-- 0.004454 s
currentSize : 33 <-- 0.005203 s
currentSize : 34 <-- 8.154112 s
currentSize : 35 <-- 11.710065 s
currentSize : 36 <-- 624.037170 s

TIMEOUT
maxsize : 36
nodes : 179324600.000000
filtered : 1007026922.000000
time : 1000.000000
