Parameters: GAD=1 vflib=1 dir=1 label=1 lowerbound=1 fileNameGp=../../cp2016-max-common-connected-subgraph-paper/datasets/graphsdb/mcs10/bvg/b03/mcs10_b03_s60.A09 fileNameGt=../../cp2016-max-common-connected-subgraph-paper/datasets/graphsdb/mcs10/bvg/b03/mcs10_b03_s60.B09
Reading graphs...
60 : 90
60 : 90
Initializing...
maxdom : 9
D->valSize : 256
Solving...
Blb : 2 (clique : 20)
currentSize : 20 <-- 0.002966 s
currentSize : 21 <-- 0.003184 s
currentSize : 22 <-- 0.087417 s
currentSize : 23 <-- 0.628605 s
currentSize : 24 <-- 13.197807 s
currentSize : 25 <-- 100.473419 s
currentSize : 26 <-- 377.640198 s

TIMEOUT
maxsize : 26
nodes : 229030905.000000
filtered : 1168445741.000000
time : 1000.000000
