Parameters: GAD=1 vflib=1 dir=1 label=1 lowerbound=1 fileNameGp=../../cp2016-max-common-connected-subgraph-paper/datasets/graphsdb/mcs10/m3D/m3Dr6/mcs10_m3Dr6_s90.A07 fileNameGt=../../cp2016-max-common-connected-subgraph-paper/datasets/graphsdb/mcs10/m3D/m3Dr6/mcs10_m3Dr6_s90.B07
Reading graphs...
90 : 263
90 : 261
Initializing...
maxdom : 13
D->valSize : 533
Solving...
Blb : 2 (clique : 23)
currentSize : 23 <-- 0.009518 s
currentSize : 24 <-- 0.161716 s
currentSize : 25 <-- 0.596024 s
currentSize : 26 <-- 5.046529 s
currentSize : 27 <-- 5.479072 s
currentSize : 28 <-- 21.686472 s

TIMEOUT
maxsize : 28
nodes : 196903264.000000
filtered : 1303223744.000000
time : 1000.000000
