Parameters: GAD=1 vflib=1 dir=1 label=1 lowerbound=1 fileNameGp=../../cp2016-max-common-connected-subgraph-paper/datasets/graphsdb/mcs10/bvg/b06m/mcs10_b06m_s80.A01 fileNameGt=../../cp2016-max-common-connected-subgraph-paper/datasets/graphsdb/mcs10/bvg/b06m/mcs10_b06m_s80.B01
Reading graphs...
80 : 240
80 : 240
Initializing...
maxdom : 9
D->valSize : 398
Solving...
Blb : 2 (clique : 21)
currentSize : 21 <-- 0.005673 s
currentSize : 22 <-- 0.039879 s
currentSize : 23 <-- 0.057405 s
currentSize : 24 <-- 1.567078 s
currentSize : 25 <-- 13.919459 s
currentSize : 26 <-- 23.407167 s

TIMEOUT
maxsize : 26
nodes : 194671234.000000
filtered : 1519186918.000000
time : 1000.000000
