Parameters: GAD=1 vflib=1 dir=1 label=1 lowerbound=1 fileNameGp=../../cp2016-max-common-connected-subgraph-paper/datasets/graphsdb/mcs10/m3D/m3Dr2/mcs10_m3Dr2_s80.A07 fileNameGt=../../cp2016-max-common-connected-subgraph-paper/datasets/graphsdb/mcs10/m3D/m3Dr2/mcs10_m3Dr2_s80.B07
Reading graphs...
80 : 200
80 : 200
Initializing...
maxdom : 9
D->valSize : 435
Solving...
Blb : 2 (clique : 23)
currentSize : 23 <-- 0.004134 s
currentSize : 24 <-- 0.004355 s
currentSize : 25 <-- 0.054345 s
currentSize : 26 <-- 2.801042 s
currentSize : 27 <-- 512.906860 s
currentSize : 28 <-- 520.643311 s

TIMEOUT
maxsize : 28
nodes : 192685034.000000
filtered : 1435096592.000000
time : 1000.000000
