Parameters: GAD=1 vflib=1 dir=1 label=1 lowerbound=1 fileNameGp=../../cp2016-max-common-connected-subgraph-paper/datasets/graphsdb/mcs10/m2D/m2Dr6/mcs10_m2Dr6_s100.A04 fileNameGt=../../cp2016-max-common-connected-subgraph-paper/datasets/graphsdb/mcs10/m2D/m2Dr6/mcs10_m2Dr6_s100.B04
Reading graphs...
100 : 240
100 : 238
Initializing...
maxdom : 7
D->valSize : 316
Solving...
Blb : 2 (clique : 26)
currentSize : 26 <-- 0.002951 s
currentSize : 27 <-- 0.003991 s
currentSize : 28 <-- 0.005606 s
currentSize : 30 <-- 0.005928 s
currentSize : 31 <-- 1.454369 s
currentSize : 32 <-- 17.063751 s
currentSize : 33 <-- 588.303284 s

TIMEOUT
maxsize : 33
nodes : 183967104.000000
filtered : 876880026.000000
time : 1000.000000
