Parameters: GAD=1 vflib=1 dir=1 label=1 lowerbound=1 fileNameGp=../../cp2016-max-common-connected-subgraph-paper/datasets/graphsdb/mcs10/rand/r005/mcs10_r005_s60.A02 fileNameGt=../../cp2016-max-common-connected-subgraph-paper/datasets/graphsdb/mcs10/rand/r005/mcs10_r005_s60.B02
Reading graphs...
60 : 181
60 : 181
Initializing...
maxdom : 7
D->valSize : 246
Solving...
Blb : 2 (clique : 15)
currentSize : 15 <-- 0.001733 s
currentSize : 16 <-- 0.001904 s
currentSize : 17 <-- 0.005276 s
currentSize : 18 <-- 0.089073 s
currentSize : 19 <-- 0.089915 s
currentSize : 20 <-- 52.118355 s
currentSize : 21 <-- 76.056229 s

maxsize : 21
nodes : 44334384.000000
filtered : 393605848.000000
time : 196.124832
