Parameters: GAD=1 vflib=1 dir=1 label=1 lowerbound=1 fileNameGp=../../cp2016-max-common-connected-subgraph-paper/datasets/graphsdb/mcs10/m3D/m3Dr4/mcs10_m3Dr4_s100.A03 fileNameGt=../../cp2016-max-common-connected-subgraph-paper/datasets/graphsdb/mcs10/m3D/m3Dr4/mcs10_m3Dr4_s100.B03
Reading graphs...
100 : 275
100 : 273
Initializing...
maxdom : 5
D->valSize : 303
Solving...
Blb : 2 (clique : 24)
currentSize : 24 <-- 0.002883 s
currentSize : 25 <-- 0.003117 s
currentSize : 27 <-- 0.003259 s
currentSize : 29 <-- 0.004253 s
currentSize : 30 <-- 0.077572 s
currentSize : 31 <-- 0.335508 s
currentSize : 32 <-- 1.162157 s
currentSize : 33 <-- 7.668548 s

TIMEOUT
maxsize : 33
nodes : 180386932.000000
filtered : 1130352089.000000
time : 1000.000061
