Parameters: GAD=1 vflib=1 dir=1 label=1 lowerbound=1 fileNameGp=../../cp2016-max-common-connected-subgraph-paper/datasets/graphsdb/mcs10/m2D/m2Dr6/mcs10_m2Dr6_s60.A00 fileNameGt=../../cp2016-max-common-connected-subgraph-paper/datasets/graphsdb/mcs10/m2D/m2Dr6/mcs10_m2Dr6_s60.B00
Reading graphs...
60 : 140
60 : 140
Initializing...
maxdom : 8
D->valSize : 242
Solving...
Blb : 2 (clique : 18)
currentSize : 18 <-- 0.001701 s
currentSize : 20 <-- 0.001800 s
currentSize : 21 <-- 0.007016 s
currentSize : 22 <-- 0.813498 s
currentSize : 23 <-- 18.386330 s

maxsize : 23
nodes : 63937326.000000
filtered : 489563077.000000
time : 287.197723
