Parameters: GAD=1 vflib=1 dir=1 label=1 lowerbound=1 fileNameGp=../../cp2016-max-common-connected-subgraph-paper/datasets/graphsdb/mcs10/m3D/m3Dr2/mcs10_m3Dr2_s70.A07 fileNameGt=../../cp2016-max-common-connected-subgraph-paper/datasets/graphsdb/mcs10/m3D/m3Dr2/mcs10_m3Dr2_s70.B07
Reading graphs...
70 : 173
70 : 173
Initializing...
maxdom : 8
D->valSize : 314
Solving...
Blb : 3 (clique : 20)
currentSize : 20 <-- 0.002411 s
currentSize : 22 <-- 0.002538 s
currentSize : 23 <-- 0.002663 s
currentSize : 24 <-- 0.003332 s
currentSize : 25 <-- 6.271063 s
currentSize : 26 <-- 65.013680 s

TIMEOUT
maxsize : 26
nodes : 221537652.000000
filtered : 1602111133.000000
time : 1000.000000
