Parameters: GAD=1 vflib=1 dir=1 label=1 lowerbound=1 fileNameGp=../../cp2016-max-common-connected-subgraph-paper/datasets/graphsdb/mcs10/rand/r005/mcs10_r005_s50.A03 fileNameGt=../../cp2016-max-common-connected-subgraph-paper/datasets/graphsdb/mcs10/rand/r005/mcs10_r005_s50.B03
Reading graphs...
50 : 125
50 : 125
Initializing...
maxdom : 9
D->valSize : 294
Solving...
Blb : 5 (clique : 13)
currentSize : 13 <-- 0.001868 s
currentSize : 14 <-- 0.003629 s
currentSize : 15 <-- 0.031475 s
currentSize : 16 <-- 0.036010 s
currentSize : 17 <-- 0.099260 s
currentSize : 18 <-- 1.370472 s
currentSize : 19 <-- 6.274345 s

maxsize : 19
nodes : 48144587.000000
filtered : 544555078.000000
time : 200.154694
