Parameters: GAD=1 vflib=1 dir=1 label=1 lowerbound=1 fileNameGp=../../cp2016-max-common-connected-subgraph-paper/datasets/graphsdb/mcs10/rand/r005/mcs10_r005_s80.A09 fileNameGt=../../cp2016-max-common-connected-subgraph-paper/datasets/graphsdb/mcs10/rand/r005/mcs10_r005_s80.B09
Reading graphs...
80 : 321
80 : 321
Initializing...
maxdom : 9
D->valSize : 399
Solving...
Blb : 2 (clique : 16)
currentSize : 16 <-- 0.003555 s
currentSize : 17 <-- 0.005689 s
currentSize : 18 <-- 0.019902 s
currentSize : 19 <-- 0.070492 s
currentSize : 20 <-- 0.372743 s
currentSize : 21 <-- 0.383028 s
currentSize : 22 <-- 7.849821 s
currentSize : 23 <-- 156.077637 s
currentSize : 24 <-- 496.325165 s

TIMEOUT
maxsize : 24
nodes : 190140276.000000
filtered : 1749906483.000000
time : 1000.000000
