Parameters: GAD=1 vflib=1 dir=1 label=1 lowerbound=1 fileNameGp=../../cp2016-max-common-connected-subgraph-paper/datasets/graphsdb/mcs10/bvg/b06m/mcs10_b06m_s100.A08 fileNameGt=../../cp2016-max-common-connected-subgraph-paper/datasets/graphsdb/mcs10/bvg/b06m/mcs10_b06m_s100.B08
Reading graphs...
100 : 300
100 : 300
Initializing...
maxdom : 6
D->valSize : 332
Solving...
Blb : 2 (clique : 26)
currentSize : 26 <-- 0.003215 s
currentSize : 27 <-- 0.003549 s
currentSize : 28 <-- 0.049379 s
currentSize : 29 <-- 0.449800 s
currentSize : 30 <-- 66.460960 s
currentSize : 31 <-- 341.520294 s

TIMEOUT
maxsize : 31
nodes : 176552985.000000
filtered : 1067774548.000000
time : 1000.000000
