Parameters: GAD=1 vflib=1 dir=1 label=1 lowerbound=1 fileNameGp=../../cp2016-max-common-connected-subgraph-paper/datasets/graphsdb/mcs10/m2D/m2Dr6/mcs10_m2Dr6_s60.A08 fileNameGt=../../cp2016-max-common-connected-subgraph-paper/datasets/graphsdb/mcs10/m2D/m2Dr6/mcs10_m2Dr6_s60.B08
Reading graphs...
60 : 140
60 : 138
Initializing...
maxdom : 6
D->valSize : 224
Solving...
Blb : 2 (clique : 16)
currentSize : 16 <-- 0.001589 s
currentSize : 17 <-- 0.001750 s
currentSize : 18 <-- 0.001829 s
currentSize : 19 <-- 0.002652 s
currentSize : 20 <-- 0.005188 s
currentSize : 21 <-- 0.137052 s
currentSize : 22 <-- 0.461583 s
currentSize : 23 <-- 408.720398 s

maxsize : 23
nodes : 128872857.000000
filtered : 993500371.000000
time : 545.928345
