Parameters: GAD=1 vflib=1 dir=1 label=1 lowerbound=1 fileNameGp=../../cp2016-max-common-connected-subgraph-paper/datasets/graphsdb/mcs10/m2D/m2Dr2/mcs10_m2Dr2_s90.A09 fileNameGt=../../cp2016-max-common-connected-subgraph-paper/datasets/graphsdb/mcs10/m2D/m2Dr2/mcs10_m2Dr2_s90.B09
Reading graphs...
90 : 179
90 : 179
Initializing...
maxdom : 10
D->valSize : 542
Solving...
Blb : 2 (clique : 30)
currentSize : 30 <-- 0.010217 s
currentSize : 31 <-- 0.010670 s
currentSize : 32 <-- 0.176930 s
currentSize : 33 <-- 4.744005 s
currentSize : 34 <-- 10.954268 s
currentSize : 35 <-- 76.926537 s

TIMEOUT
maxsize : 35
nodes : 176881337.000000
filtered : 1408530139.000000
time : 1000.000000
