Parameters: GAD=1 vflib=1 dir=1 label=1 lowerbound=1 fileNameGp=../../cp2016-max-common-connected-subgraph-paper/datasets/graphsdb/mcs10/m2D/m2Dr2/mcs10_m2Dr2_s70.A03 fileNameGt=../../cp2016-max-common-connected-subgraph-paper/datasets/graphsdb/mcs10/m2D/m2Dr2/mcs10_m2Dr2_s70.B03
Reading graphs...
70 : 137
70 : 137
Initializing...
maxdom : 8
D->valSize : 329
Solving...
Blb : 2 (clique : 22)
currentSize : 22 <-- 0.002687 s
currentSize : 23 <-- 51.522007 s
currentSize : 24 <-- 492.847229 s
currentSize : 25 <-- 492.905914 s
currentSize : 26 <-- 493.272949 s
currentSize : 27 <-- 898.699524 s

TIMEOUT
maxsize : 27
nodes : 237638756.000000
filtered : 1339767219.000000
time : 1000.000000
