Parameters: GAD=1 vflib=1 dir=1 label=1 lowerbound=1 fileNameGp=../../cp2016-max-common-connected-subgraph-paper/datasets/graphsdb/mcs10/m2D/m2Dr4/mcs10_m2Dr4_s80.A00 fileNameGt=../../cp2016-max-common-connected-subgraph-paper/datasets/graphsdb/mcs10/m2D/m2Dr4/mcs10_m2Dr4_s80.B00
Reading graphs...
80 : 174
80 : 173
Initializing...
maxdom : 10
D->valSize : 413
Solving...
Blb : 2 (clique : 25)
currentSize : 25 <-- 0.006184 s
currentSize : 26 <-- 0.006492 s
currentSize : 27 <-- 0.006642 s
currentSize : 28 <-- 0.227635 s
currentSize : 29 <-- 5.622869 s
currentSize : 30 <-- 989.022156 s

TIMEOUT
maxsize : 30
nodes : 193441814.000000
filtered : 1278191252.000000
time : 1000.000000
