Parameters: GAD=1 vflib=1 dir=1 label=1 lowerbound=1 fileNameGp=../../cp2016-max-common-connected-subgraph-paper/datasets/graphsdb/mcs10/bvg/b06m/mcs10_b06m_s100.A07 fileNameGt=../../cp2016-max-common-connected-subgraph-paper/datasets/graphsdb/mcs10/bvg/b06m/mcs10_b06m_s100.B07
Reading graphs...
100 : 300
100 : 300
Initializing...
maxdom : 7
D->valSize : 312
Solving...
Blb : 2 (clique : 23)
currentSize : 23 <-- 0.003115 s
currentSize : 24 <-- 0.003405 s
currentSize : 25 <-- 0.003710 s
currentSize : 26 <-- 0.005267 s
currentSize : 27 <-- 0.040189 s
currentSize : 28 <-- 0.058156 s
currentSize : 29 <-- 0.073633 s
currentSize : 30 <-- 24.212404 s
currentSize : 31 <-- 30.994427 s
currentSize : 32 <-- 55.513668 s
currentSize : 33 <-- 338.099548 s

TIMEOUT
maxsize : 33
nodes : 190426902.000000
filtered : 1037597914.000000
time : 1000.000000
