Parameters: GAD=1 vflib=1 dir=1 label=1 lowerbound=1 fileNameGp=../../cp2016-max-common-connected-subgraph-paper/datasets/graphsdb/mcs10/bvg/b06/mcs10_b06_s80.A08 fileNameGt=../../cp2016-max-common-connected-subgraph-paper/datasets/graphsdb/mcs10/bvg/b06/mcs10_b06_s80.B08
Reading graphs...
80 : 240
80 : 240
Initializing...
maxdom : 10
D->valSize : 403
Solving...
Blb : 2 (clique : 20)
currentSize : 20 <-- 0.005740 s
currentSize : 21 <-- 0.061558 s
currentSize : 22 <-- 0.095481 s
currentSize : 23 <-- 0.100429 s
currentSize : 24 <-- 3.182299 s
currentSize : 25 <-- 3.596069 s
currentSize : 26 <-- 65.622704 s
currentSize : 27 <-- 276.093384 s

TIMEOUT
maxsize : 27
nodes : 186803219.000000
filtered : 1969355786.000000
time : 1000.000000
