Parameters: GAD=1 vflib=1 dir=1 label=1 lowerbound=1 fileNameGp=../../cp2016-max-common-connected-subgraph-paper/datasets/graphsdb/mcs10/m2D/m2D/mcs10_m2D_s60.A06 fileNameGt=../../cp2016-max-common-connected-subgraph-paper/datasets/graphsdb/mcs10/m2D/m2D/mcs10_m2D_s60.B06
Reading graphs...
60 : 104
60 : 104
Initializing...
maxdom : 8
D->valSize : 240
Solving...
Blb : 5 (clique : 18)
currentSize : 18 <-- 0.001836 s
currentSize : 19 <-- 0.001957 s
currentSize : 20 <-- 0.002939 s
currentSize : 21 <-- 0.026844 s
currentSize : 22 <-- 0.058690 s
currentSize : 23 <-- 0.148949 s
currentSize : 24 <-- 123.202316 s
currentSize : 25 <-- 277.775452 s

maxsize : 25
nodes : 150294605.000000
filtered : 1182122976.000000
time : 625.367493
