Parameters: GAD=1 vflib=1 dir=1 label=1 lowerbound=1 fileNameGp=../../cp2016-max-common-connected-subgraph-paper/datasets/graphsdb/mcs10/m2D/m2Dr4/mcs10_m2Dr4_s40.A01 fileNameGt=../../cp2016-max-common-connected-subgraph-paper/datasets/graphsdb/mcs10/m2D/m2Dr4/mcs10_m2Dr4_s40.B01
Reading graphs...
40 : 83
40 : 82
Initializing...
maxdom : 7
D->valSize : 224
Solving...
Blb : 2 (clique : 11)
currentSize : 11 <-- 0.001271 s
currentSize : 12 <-- 0.001351 s
currentSize : 13 <-- 0.001922 s
currentSize : 14 <-- 0.105843 s
currentSize : 15 <-- 0.292383 s
currentSize : 16 <-- 2.726046 s
currentSize : 17 <-- 9.758145 s

maxsize : 17
nodes : 4497400.000000
filtered : 44712150.000000
time : 17.064545
