Parameters: GAD=1 vflib=1 dir=1 label=1 lowerbound=1 fileNameGp=../../cp2016-max-common-connected-subgraph-paper/datasets/graphsdb/mcs10/bvg/b09/mcs10_b09_s100.A02 fileNameGt=../../cp2016-max-common-connected-subgraph-paper/datasets/graphsdb/mcs10/bvg/b09/mcs10_b09_s100.B02
Reading graphs...
100 : 450
100 : 450
Initializing...
maxdom : 7
D->valSize : 327
Solving...
Blb : 5 (clique : 21)
currentSize : 21 <-- 0.004912 s
currentSize : 22 <-- 0.022279 s
currentSize : 23 <-- 2.725721 s
currentSize : 24 <-- 4.715764 s
currentSize : 25 <-- 77.339104 s
currentSize : 26 <-- 206.886475 s

TIMEOUT
maxsize : 26
nodes : 174094746.000000
filtered : 1219158702.000000
time : 1000.000000
