Parameters: GAD=1 vflib=1 dir=1 label=1 lowerbound=1 fileNameGp=../../cp2016-max-common-connected-subgraph-paper/datasets/graphsdb/mcs10/m2D/m2Dr4/mcs10_m2Dr4_s70.A01 fileNameGt=../../cp2016-max-common-connected-subgraph-paper/datasets/graphsdb/mcs10/m2D/m2Dr4/mcs10_m2Dr4_s70.B01
Reading graphs...
70 : 151
70 : 150
Initializing...
maxdom : 7
D->valSize : 315
Solving...
Blb : 2 (clique : 23)
currentSize : 23 <-- 0.002562 s
currentSize : 24 <-- 0.968341 s
currentSize : 25 <-- 0.968515 s
currentSize : 26 <-- 1.008094 s
currentSize : 27 <-- 248.697845 s
currentSize : 28 <-- 705.347290 s

TIMEOUT
maxsize : 28
nodes : 225838575.000000
filtered : 1414960476.000000
time : 1000.000000
