Parameters: GAD=1 vflib=1 dir=1 label=1 lowerbound=1 fileNameGp=../../cp2016-max-common-connected-subgraph-paper/datasets/graphsdb/mcs10/m3D/m3D/mcs10_m3D_s80.A08 fileNameGt=../../cp2016-max-common-connected-subgraph-paper/datasets/graphsdb/mcs10/m3D/m3D/mcs10_m3D_s80.B08
Reading graphs...
80 : 184
80 : 184
Initializing...
maxdom : 11
D->valSize : 353
Solving...
Blb : 2 (clique : 21)
currentSize : 21 <-- 0.003153 s
currentSize : 22 <-- 0.004201 s
currentSize : 23 <-- 0.015416 s
currentSize : 24 <-- 0.040941 s
currentSize : 25 <-- 3.155667 s
currentSize : 26 <-- 202.458939 s
currentSize : 27 <-- 441.452942 s

TIMEOUT
maxsize : 27
nodes : 205559810.000000
filtered : 1617967186.000000
time : 1000.000061
