Parameters: GAD=1 vflib=1 dir=1 label=1 lowerbound=1 fileNameGp=../../cp2016-max-common-connected-subgraph-paper/datasets/graphsdb/mcs10/m2D/m2Dr2/mcs10_m2Dr2_s70.A00 fileNameGt=../../cp2016-max-common-connected-subgraph-paper/datasets/graphsdb/mcs10/m2D/m2Dr2/mcs10_m2Dr2_s70.B00
Reading graphs...
70 : 137
70 : 136
Initializing...
maxdom : 7
D->valSize : 321
Solving...
Blb : 2 (clique : 23)
currentSize : 23 <-- 0.002653 s
currentSize : 24 <-- 0.002850 s
currentSize : 25 <-- 0.003014 s
currentSize : 26 <-- 0.003617 s
currentSize : 27 <-- 0.005010 s
currentSize : 28 <-- 1.416584 s

TIMEOUT
maxsize : 28
nodes : 219193681.000000
filtered : 1533530555.000000
time : 1000.000000
