Parameters: GAD=1 vflib=1 dir=1 label=1 lowerbound=1 fileNameGp=../../cp2016-max-common-connected-subgraph-paper/datasets/graphsdb/mcs10/m3D/m3D/mcs10_m3D_s90.A07 fileNameGt=../../cp2016-max-common-connected-subgraph-paper/datasets/graphsdb/mcs10/m3D/m3D/mcs10_m3D_s90.B07
Reading graphs...
90 : 209
90 : 209
Initializing...
maxdom : 10
D->valSize : 479
Solving...
Blb : 5 (clique : 27)
currentSize : 27 <-- 0.008455 s
currentSize : 28 <-- 0.028305 s
currentSize : 29 <-- 10.813228 s
currentSize : 30 <-- 30.240063 s
currentSize : 31 <-- 400.018036 s
currentSize : 32 <-- 433.351105 s

TIMEOUT
maxsize : 32
nodes : 207214437.000000
filtered : 1215172465.000000
time : 1000.000000
