Parameters: GAD=1 vflib=1 dir=1 label=1 lowerbound=1 fileNameGp=../../cp2016-max-common-connected-subgraph-paper/datasets/graphsdb/mcs10/bvg/b06m/mcs10_b06m_s100.A06 fileNameGt=../../cp2016-max-common-connected-subgraph-paper/datasets/graphsdb/mcs10/bvg/b06m/mcs10_b06m_s100.B06
Reading graphs...
100 : 300
100 : 300
Initializing...
maxdom : 8
D->valSize : 325
Solving...
Blb : 2 (clique : 24)
currentSize : 24 <-- 0.003164 s
currentSize : 25 <-- 0.005056 s
currentSize : 26 <-- 0.055585 s
currentSize : 27 <-- 0.343565 s
currentSize : 28 <-- 15.905722 s
currentSize : 29 <-- 190.546127 s

TIMEOUT
maxsize : 29
nodes : 191559280.000000
filtered : 998729407.000000
time : 1000.000000
