Parameters: GAD=1 vflib=1 dir=1 label=1 lowerbound=1 fileNameGp=../../cp2016-max-common-connected-subgraph-paper/datasets/graphsdb/mcs10/bvg/b06/mcs10_b06_s70.A08 fileNameGt=../../cp2016-max-common-connected-subgraph-paper/datasets/graphsdb/mcs10/bvg/b06/mcs10_b06_s70.B08
Reading graphs...
70 : 210
70 : 210
Initializing...
maxdom : 8
D->valSize : 332
Solving...
Blb : 5 (clique : 19)
currentSize : 19 <-- 0.002593 s
currentSize : 20 <-- 0.003964 s
currentSize : 21 <-- 0.013391 s
currentSize : 22 <-- 0.131432 s
currentSize : 23 <-- 2.424670 s
currentSize : 24 <-- 6.645522 s

TIMEOUT
maxsize : 24
nodes : 202484438.000000
filtered : 1824125534.000000
time : 1000.000000
