Parameters: GAD=1 vflib=1 dir=1 label=1 lowerbound=1 fileNameGp=../../cp2016-max-common-connected-subgraph-paper/datasets/graphsdb/mcs10/m4D/m4Dr2/mcs10_m4Dr2_s100.A06 fileNameGt=../../cp2016-max-common-connected-subgraph-paper/datasets/graphsdb/mcs10/m4D/m4Dr2/mcs10_m4Dr2_s100.B06
Reading graphs...
100 : 179
100 : 178
Initializing...
maxdom : 6
D->valSize : 358
Solving...
Blb : 2 (clique : 34)
currentSize : 34 <-- 0.003546 s
currentSize : 35 <-- 0.003833 s
currentSize : 36 <-- 0.008139 s
currentSize : 37 <-- 0.011685 s
currentSize : 38 <-- 0.049114 s
currentSize : 39 <-- 1.680699 s
currentSize : 40 <-- 437.926178 s

TIMEOUT
maxsize : 40
nodes : 191462593.000000
filtered : 862879616.000000
time : 1000.000061
