Parameters: GAD=1 vflib=1 dir=1 label=1 lowerbound=1 fileNameGp=../../cp2016-max-common-connected-subgraph-paper/datasets/graphsdb/mcs10/bvg/b06/mcs10_b06_s100.A02 fileNameGt=../../cp2016-max-common-connected-subgraph-paper/datasets/graphsdb/mcs10/bvg/b06/mcs10_b06_s100.B02
Reading graphs...
100 : 300
100 : 300
Initializing...
maxdom : 6
D->valSize : 318
Solving...
Blb : 3 (clique : 25)
currentSize : 25 <-- 0.004633 s
currentSize : 26 <-- 0.144401 s
currentSize : 27 <-- 1.409252 s
currentSize : 28 <-- 1.412257 s
currentSize : 29 <-- 19.729668 s
currentSize : 30 <-- 361.024597 s

TIMEOUT
maxsize : 30
nodes : 196810798.000000
filtered : 892900462.000000
time : 1000.000000
