Parameters: GAD=1 vflib=1 dir=1 label=1 lowerbound=1 fileNameGp=../../cp2016-max-common-connected-subgraph-paper/datasets/graphsdb/mcs10/m2D/m2D/mcs10_m2D_s50.A09 fileNameGt=../../cp2016-max-common-connected-subgraph-paper/datasets/graphsdb/mcs10/m2D/m2D/mcs10_m2D_s50.B09
Reading graphs...
50 : 85
50 : 85
Initializing...
maxdom : 8
D->valSize : 317
Solving...
Blb : 5 (clique : 18)
currentSize : 18 <-- 0.002257 s
currentSize : 19 <-- 0.002570 s
currentSize : 20 <-- 0.002777 s
currentSize : 21 <-- 0.002945 s
currentSize : 22 <-- 0.917716 s
currentSize : 23 <-- 91.415512 s

TIMEOUT
maxsize : 23
nodes : 237447828.000000
filtered : 2093286963.000000
time : 1000.000000
