Parameters: GAD=1 vflib=1 dir=1 label=1 lowerbound=1 fileNameGp=../../cp2016-max-common-connected-subgraph-paper/datasets/graphsdb/mcs10/rand/r01/mcs10_r01_s90.A09 fileNameGt=../../cp2016-max-common-connected-subgraph-paper/datasets/graphsdb/mcs10/rand/r01/mcs10_r01_s90.B09
Reading graphs...
90 : 802
90 : 802
Initializing...
maxdom : 12
D->valSize : 508
Solving...
Blb : 2 (clique : 12)
currentSize : 12 <-- 0.005184 s
currentSize : 14 <-- 0.005379 s
currentSize : 15 <-- 0.005597 s
currentSize : 16 <-- 0.005666 s
currentSize : 17 <-- 16.748777 s
currentSize : 18 <-- 199.270096 s

maxsize : 18
nodes : 144826774.000000
filtered : 2031320146.000000
time : 872.300354
