Parameters: GAD=1 vflib=1 dir=1 label=1 lowerbound=1 fileNameGp=../../cp2016-max-common-connected-subgraph-paper/datasets/graphsdb/mcs10/rand/r005/mcs10_r005_s50.A02 fileNameGt=../../cp2016-max-common-connected-subgraph-paper/datasets/graphsdb/mcs10/rand/r005/mcs10_r005_s50.B02
Reading graphs...
50 : 125
50 : 125
Initializing...
maxdom : 12
D->valSize : 303
Solving...
Blb : 2 (clique : 14)
currentSize : 14 <-- 0.002117 s
currentSize : 15 <-- 0.002765 s
currentSize : 16 <-- 0.005206 s
currentSize : 17 <-- 0.336093 s
currentSize : 18 <-- 0.386631 s
currentSize : 19 <-- 44.867779 s
currentSize : 20 <-- 81.405930 s

maxsize : 20
nodes : 127123261.000000
filtered : 1516996606.000000
time : 556.548523
