Parameters: GAD=1 vflib=1 dir=1 label=1 lowerbound=1 fileNameGp=../../cp2016-max-common-connected-subgraph-paper/datasets/graphsdb/mcs10/rand/r005/mcs10_r005_s80.A05 fileNameGt=../../cp2016-max-common-connected-subgraph-paper/datasets/graphsdb/mcs10/rand/r005/mcs10_r005_s80.B05
Reading graphs...
80 : 321
80 : 321
Initializing...
maxdom : 9
D->valSize : 393
Solving...
Blb : 2 (clique : 18)
currentSize : 18 <-- 0.005776 s
currentSize : 19 <-- 0.011426 s
currentSize : 20 <-- 0.032347 s
currentSize : 21 <-- 17.719788 s
currentSize : 22 <-- 23.544828 s
currentSize : 23 <-- 815.789795 s

TIMEOUT
maxsize : 23
nodes : 194794123.000000
filtered : 1788118105.000000
time : 1000.000000
