Parameters: GAD=1 vflib=1 dir=1 label=1 lowerbound=1 fileNameGp=../../cp2016-max-common-connected-subgraph-paper/datasets/graphsdb/mcs10/rand/r005/mcs10_r005_s100.A06 fileNameGt=../../cp2016-max-common-connected-subgraph-paper/datasets/graphsdb/mcs10/rand/r005/mcs10_r005_s100.B06
Reading graphs...
100 : 500
100 : 500
Initializing...
maxdom : 7
D->valSize : 323
Solving...
Blb : 2 (clique : 18)
currentSize : 18 <-- 0.002947 s
currentSize : 19 <-- 0.003274 s
currentSize : 20 <-- 0.006176 s
currentSize : 21 <-- 0.006662 s
currentSize : 22 <-- 1.320706 s
currentSize : 23 <-- 14.180364 s
currentSize : 24 <-- 46.439590 s

TIMEOUT
maxsize : 24
nodes : 175239637.000000
filtered : 1148389174.000000
time : 1000.000000
