Parameters: GAD=1 vflib=1 dir=1 label=1 lowerbound=1 fileNameGp=../../cp2016-max-common-connected-subgraph-paper/datasets/graphsdb/mcs10/m2D/m2Dr4/mcs10_m2Dr4_s50.A00 fileNameGt=../../cp2016-max-common-connected-subgraph-paper/datasets/graphsdb/mcs10/m2D/m2Dr4/mcs10_m2Dr4_s50.B00
Reading graphs...
50 : 105
50 : 105
Initializing...
maxdom : 11
D->valSize : 316
Solving...
Blb : 2 (clique : 15)
currentSize : 15 <-- 0.003350 s
currentSize : 16 <-- 0.067248 s
currentSize : 17 <-- 0.452667 s
currentSize : 18 <-- 19.458443 s
currentSize : 19 <-- 36.574512 s
currentSize : 20 <-- 352.769409 s
currentSize : 21 <-- 558.822083 s

TIMEOUT
maxsize : 21
nodes : 281061388.000000
filtered : 2516488541.000000
time : 1000.000000
