Parameters: GAD=1 vflib=1 dir=1 label=1 lowerbound=1 fileNameGp=../../cp2016-max-common-connected-subgraph-paper/datasets/graphsdb/mcs10/m3D/m3Dr6/mcs10_m3Dr6_s60.A08 fileNameGt=../../cp2016-max-common-connected-subgraph-paper/datasets/graphsdb/mcs10/m3D/m3Dr6/mcs10_m3Dr6_s60.B08
Reading graphs...
60 : 170
60 : 169
Initializing...
maxdom : 9
D->valSize : 244
Solving...
Blb : 2 (clique : 16)
currentSize : 16 <-- 0.001768 s
currentSize : 17 <-- 0.012524 s
currentSize : 18 <-- 0.300056 s
currentSize : 19 <-- 27.091173 s
currentSize : 20 <-- 55.660049 s

maxsize : 20
nodes : 51503736.000000
filtered : 451583577.000000
time : 221.706390
