Parameters: GAD=1 vflib=1 dir=1 label=1 lowerbound=1 fileNameGp=../../cp2016-max-common-connected-subgraph-paper/datasets/graphsdb/mcs10/rand/r005/mcs10_r005_s100.A05 fileNameGt=../../cp2016-max-common-connected-subgraph-paper/datasets/graphsdb/mcs10/rand/r005/mcs10_r005_s100.B05
Reading graphs...
100 : 500
100 : 500
Initializing...
maxdom : 7
D->valSize : 284
Solving...
Blb : 5 (clique : 18)
currentSize : 18 <-- 0.002556 s
currentSize : 19 <-- 0.002860 s
currentSize : 20 <-- 0.007462 s
currentSize : 21 <-- 0.007649 s
currentSize : 22 <-- 15.097422 s
currentSize : 23 <-- 49.250389 s
currentSize : 24 <-- 115.734413 s
currentSize : 25 <-- 843.271362 s

TIMEOUT
maxsize : 25
nodes : 172033867.000000
filtered : 1144401699.000000
time : 1000.000000
