Parameters: GAD=1 vflib=1 dir=1 label=1 lowerbound=1 fileNameGp=../../cp2016-max-common-connected-subgraph-paper/datasets/graphsdb/mcs10/bvg/b09m/mcs10_b09m_s100.A01 fileNameGt=../../cp2016-max-common-connected-subgraph-paper/datasets/graphsdb/mcs10/bvg/b09m/mcs10_b09m_s100.B01
Reading graphs...
100 : 450
100 : 450
Initializing...
maxdom : 6
D->valSize : 345
Solving...
Blb : 2 (clique : 20)
currentSize : 20 <-- 0.003291 s
currentSize : 21 <-- 0.004180 s
currentSize : 22 <-- 0.007775 s
currentSize : 23 <-- 0.018992 s
currentSize : 24 <-- 0.154057 s
currentSize : 25 <-- 0.966069 s
currentSize : 26 <-- 0.991768 s
currentSize : 27 <-- 87.535904 s

TIMEOUT
maxsize : 27
nodes : 184201530.000000
filtered : 1069673976.000000
time : 1000.000000
