Parameters: GAD=1 vflib=1 dir=1 label=1 lowerbound=1 fileNameGp=../../cp2016-max-common-connected-subgraph-paper/datasets/graphsdb/mcs10/m3D/m3Dr2/mcs10_m3Dr2_s60.A02 fileNameGt=../../cp2016-max-common-connected-subgraph-paper/datasets/graphsdb/mcs10/m3D/m3Dr2/mcs10_m3Dr2_s60.B02
Reading graphs...
60 : 146
60 : 146
Initializing...
maxdom : 7
D->valSize : 235
Solving...
Blb : 2 (clique : 19)
currentSize : 19 <-- 0.001583 s
currentSize : 20 <-- 0.003328 s
currentSize : 21 <-- 0.017289 s
currentSize : 22 <-- 0.017396 s
currentSize : 23 <-- 20.293539 s
currentSize : 24 <-- 25.024473 s
currentSize : 25 <-- 236.738358 s

maxsize : 25
nodes : 77958862.000000
filtered : 599389407.000000
time : 339.744995
