Parameters: GAD=1 vflib=1 dir=1 label=1 lowerbound=1 fileNameGp=../../cp2016-max-common-connected-subgraph-paper/datasets/graphsdb/mcs10/bvg/b06/mcs10_b06_s70.A02 fileNameGt=../../cp2016-max-common-connected-subgraph-paper/datasets/graphsdb/mcs10/bvg/b06/mcs10_b06_s70.B02
Reading graphs...
70 : 210
70 : 210
Initializing...
maxdom : 8
D->valSize : 312
Solving...
Blb : 2 (clique : 20)
currentSize : 20 <-- 0.002493 s
currentSize : 21 <-- 0.003533 s
currentSize : 22 <-- 0.251001 s
currentSize : 23 <-- 1.134658 s
currentSize : 24 <-- 1.175124 s
currentSize : 25 <-- 1.563554 s

TIMEOUT
maxsize : 25
nodes : 205784288.000000
filtered : 1641130376.000000
time : 1000.000000
