Parameters: GAD=1 vflib=1 dir=1 label=1 lowerbound=1 fileNameGp=../../cp2016-max-common-connected-subgraph-paper/datasets/graphsdb/mcs10/m2D/m2D/mcs10_m2D_s80.A08 fileNameGt=../../cp2016-max-common-connected-subgraph-paper/datasets/graphsdb/mcs10/m2D/m2D/mcs10_m2D_s80.B08
Reading graphs...
80 : 142
80 : 142
Initializing...
maxdom : 10
D->valSize : 397
Solving...
Blb : 2 (clique : 25)
currentSize : 25 <-- 0.005942 s
currentSize : 26 <-- 0.006295 s
currentSize : 27 <-- 0.006753 s
currentSize : 28 <-- 0.010974 s
currentSize : 29 <-- 0.012643 s
currentSize : 30 <-- 4.906023 s
currentSize : 31 <-- 7.349809 s
currentSize : 32 <-- 10.015656 s

TIMEOUT
maxsize : 32
nodes : 198485049.000000
filtered : 1766956519.000000
time : 1000.000000
