Parameters: GAD=1 vflib=1 dir=1 label=1 lowerbound=1 fileNameGp=../../cp2016-max-common-connected-subgraph-paper/datasets/graphsdb/mcs10/m2D/m2Dr6/mcs10_m2Dr6_s50.A02 fileNameGt=../../cp2016-max-common-connected-subgraph-paper/datasets/graphsdb/mcs10/m2D/m2Dr6/mcs10_m2Dr6_s50.B02
Reading graphs...
50 : 115
50 : 114
Initializing...
maxdom : 9
D->valSize : 294
Solving...
Blb : 2 (clique : 16)
currentSize : 16 <-- 0.003170 s
currentSize : 17 <-- 0.003369 s
currentSize : 18 <-- 0.003744 s
currentSize : 19 <-- 2.073837 s
currentSize : 20 <-- 11.902936 s
currentSize : 21 <-- 29.927052 s

maxsize : 21
nodes : 38910373.000000
filtered : 511003231.000000
time : 176.484711
