Parameters: GAD=1 vflib=1 dir=1 label=1 lowerbound=1 fileNameGp=../../cp2016-max-common-connected-subgraph-paper/datasets/graphsdb/mcs10/m2D/m2Dr6/mcs10_m2Dr6_s100.A03 fileNameGt=../../cp2016-max-common-connected-subgraph-paper/datasets/graphsdb/mcs10/m2D/m2Dr6/mcs10_m2Dr6_s100.B03
Reading graphs...
100 : 240
100 : 238
Initializing...
maxdom : 7
D->valSize : 300
Solving...
Blb : 2 (clique : 28)
currentSize : 28 <-- 0.004764 s
currentSize : 29 <-- 0.116917 s
currentSize : 30 <-- 0.347493 s
currentSize : 31 <-- 1.419687 s
currentSize : 32 <-- 7.528153 s
currentSize : 33 <-- 81.370407 s
currentSize : 34 <-- 199.605286 s

TIMEOUT
maxsize : 34
nodes : 197735951.000000
filtered : 793284331.000000
time : 1000.000000
