Parameters: GAD=1 vflib=1 dir=1 label=1 lowerbound=1 fileNameGp=../../cp2016-max-common-connected-subgraph-paper/datasets/graphsdb/mcs10/m2D/m2D/mcs10_m2D_s100.A02 fileNameGt=../../cp2016-max-common-connected-subgraph-paper/datasets/graphsdb/mcs10/m2D/m2D/mcs10_m2D_s100.B02
Reading graphs...
100 : 180
100 : 180
Initializing...
maxdom : 7
D->valSize : 310
Solving...
Blb : 2 (clique : 31)
currentSize : 31 <-- 0.004723 s
currentSize : 32 <-- 0.006160 s
currentSize : 33 <-- 0.081461 s
currentSize : 34 <-- 17.672949 s
currentSize : 35 <-- 31.369690 s
currentSize : 36 <-- 657.894958 s
currentSize : 37 <-- 943.994019 s

TIMEOUT
maxsize : 37
nodes : 169803279.000000
filtered : 677303633.000000
time : 1000.000000
