Parameters: GAD=1 vflib=1 dir=1 label=1 lowerbound=1 fileNameGp=../../cp2016-max-common-connected-subgraph-paper/datasets/graphsdb/mcs10/m2D/m2Dr4/mcs10_m2Dr4_s70.A09 fileNameGt=../../cp2016-max-common-connected-subgraph-paper/datasets/graphsdb/mcs10/m2D/m2Dr4/mcs10_m2Dr4_s70.B09
Reading graphs...
70 : 151
70 : 150
Initializing...
maxdom : 10
D->valSize : 316
Solving...
Blb : 2 (clique : 23)
currentSize : 23 <-- 0.002524 s
currentSize : 24 <-- 0.002750 s
currentSize : 25 <-- 0.005868 s
currentSize : 26 <-- 0.119158 s
currentSize : 27 <-- 2.686773 s
currentSize : 28 <-- 12.323930 s
currentSize : 29 <-- 481.052948 s

TIMEOUT
maxsize : 29
nodes : 219973976.000000
filtered : 1667945506.000000
time : 1000.000000
