Parameters: GAD=1 vflib=1 dir=1 label=1 lowerbound=1 fileNameGp=../../cp2016-max-common-connected-subgraph-paper/datasets/graphsdb/mcs10/rand/r01/mcs10_r01_s70.A03 fileNameGt=../../cp2016-max-common-connected-subgraph-paper/datasets/graphsdb/mcs10/rand/r01/mcs10_r01_s70.B03
Reading graphs...
70 : 485
70 : 485
Initializing...
maxdom : 8
D->valSize : 325
Solving...
Blb : 2 (clique : 10)
currentSize : 10 <-- 0.002397 s
currentSize : 11 <-- 0.002600 s
currentSize : 12 <-- 0.003564 s
currentSize : 13 <-- 0.003644 s
currentSize : 14 <-- 0.008971 s
currentSize : 15 <-- 19.536366 s

maxsize : 15
nodes : 7723526.000000
filtered : 83396962.000000
time : 38.198257
