Parameters: GAD=1 vflib=1 dir=1 label=1 lowerbound=1 fileNameGp=../../cp2016-max-common-connected-subgraph-paper/datasets/graphsdb/mcs10/m2D/m2Dr6/mcs10_m2Dr6_s80.A03 fileNameGt=../../cp2016-max-common-connected-subgraph-paper/datasets/graphsdb/mcs10/m2D/m2Dr6/mcs10_m2Dr6_s80.B03
Reading graphs...
80 : 190
80 : 189
Initializing...
maxdom : 9
D->valSize : 421
Solving...
Blb : 5 (clique : 22)
currentSize : 22 <-- 0.004012 s
currentSize : 24 <-- 0.004178 s
currentSize : 26 <-- 0.004239 s
currentSize : 27 <-- 0.444897 s
currentSize : 28 <-- 0.455220 s
currentSize : 29 <-- 0.658794 s
currentSize : 30 <-- 5.085180 s

TIMEOUT
maxsize : 30
nodes : 202737036.000000
filtered : 1657661083.000000
time : 1000.000000
