Parameters: GAD=1 vflib=1 dir=1 label=1 lowerbound=1 fileNameGp=../../cp2016-max-common-connected-subgraph-paper/datasets/graphsdb/mcs10/m3D/m3Dr6/mcs10_m3Dr6_s60.A03 fileNameGt=../../cp2016-max-common-connected-subgraph-paper/datasets/graphsdb/mcs10/m3D/m3Dr6/mcs10_m3Dr6_s60.B03
Reading graphs...
60 : 170
60 : 168
Initializing...
maxdom : 5
D->valSize : 236
Solving...
Blb : 2 (clique : 17)
currentSize : 17 <-- 0.001594 s
currentSize : 18 <-- 0.001977 s
currentSize : 19 <-- 0.738794 s
currentSize : 20 <-- 1.419741 s
currentSize : 21 <-- 6.481605 s
currentSize : 22 <-- 186.665863 s

maxsize : 22
nodes : 83472999.000000
filtered : 610496469.000000
time : 361.421967
