Parameters: GAD=1 vflib=1 dir=1 label=1 lowerbound=1 fileNameGp=../../cp2016-max-common-connected-subgraph-paper/datasets/graphsdb/mcs10/bvg/b03/mcs10_b03_s80.A01 fileNameGt=../../cp2016-max-common-connected-subgraph-paper/datasets/graphsdb/mcs10/bvg/b03/mcs10_b03_s80.B01
Reading graphs...
80 : 120
80 : 120
Initializing...
maxdom : 11
D->valSize : 409
Solving...
Blb : 3 (clique : 31)
currentSize : 31 <-- 0.003964 s
currentSize : 32 <-- 5.470522 s
currentSize : 33 <-- 5.530025 s
currentSize : 34 <-- 40.583721 s
currentSize : 35 <-- 66.154816 s
currentSize : 36 <-- 89.487663 s
currentSize : 37 <-- 139.491653 s

TIMEOUT
maxsize : 37
nodes : 193338200.000000
filtered : 1299006995.000000
time : 1000.000000
