Parameters: GAD=1 vflib=1 dir=1 label=1 lowerbound=1 fileNameGp=../../cp2016-max-common-connected-subgraph-paper/datasets/graphsdb/mcs10/m2D/m2Dr4/mcs10_m2Dr4_s70.A04 fileNameGt=../../cp2016-max-common-connected-subgraph-paper/datasets/graphsdb/mcs10/m2D/m2Dr4/mcs10_m2Dr4_s70.B04
Reading graphs...
70 : 151
70 : 151
Initializing...
maxdom : 8
D->valSize : 324
Solving...
Blb : 2 (clique : 21)
currentSize : 21 <-- 0.004017 s
currentSize : 22 <-- 0.004259 s
currentSize : 23 <-- 0.004393 s
currentSize : 24 <-- 0.029337 s
currentSize : 25 <-- 0.036929 s
currentSize : 26 <-- 1.062575 s
currentSize : 27 <-- 649.181519 s

TIMEOUT
maxsize : 27
nodes : 215326217.000000
filtered : 1821704566.000000
time : 1000.000000
