Parameters: GAD=1 vflib=1 dir=1 label=1 lowerbound=1 fileNameGp=../../cp2016-max-common-connected-subgraph-paper/datasets/graphsdb/mcs10/rand/r005/mcs10_r005_s70.A05 fileNameGt=../../cp2016-max-common-connected-subgraph-paper/datasets/graphsdb/mcs10/rand/r005/mcs10_r005_s70.B05
Reading graphs...
70 : 245
70 : 245
Initializing...
maxdom : 7
D->valSize : 312
Solving...
Blb : 2 (clique : 15)
currentSize : 15 <-- 0.003816 s
currentSize : 16 <-- 0.004256 s
currentSize : 17 <-- 0.008910 s
currentSize : 18 <-- 0.010066 s
currentSize : 19 <-- 0.059444 s
currentSize : 20 <-- 0.109532 s
currentSize : 21 <-- 0.116663 s
currentSize : 22 <-- 37.149963 s

TIMEOUT
maxsize : 22
nodes : 204934865.000000
filtered : 1790490983.000000
time : 1000.000000
