Parameters: GAD=1 vflib=1 dir=1 label=1 lowerbound=1 fileNameGp=../../cp2016-max-common-connected-subgraph-paper/datasets/graphsdb/mcs10/m2D/m2Dr6/mcs10_m2Dr6_s60.A04 fileNameGt=../../cp2016-max-common-connected-subgraph-paper/datasets/graphsdb/mcs10/m2D/m2Dr6/mcs10_m2Dr6_s60.B04
Reading graphs...
60 : 140
60 : 138
Initializing...
maxdom : 7
D->valSize : 227
Solving...
Blb : 2 (clique : 18)
currentSize : 18 <-- 0.001621 s
currentSize : 19 <-- 0.001865 s
currentSize : 20 <-- 0.025541 s
currentSize : 21 <-- 0.146766 s
currentSize : 22 <-- 2.906090 s

maxsize : 22
nodes : 104953001.000000
filtered : 744909901.000000
time : 440.487000
