Parameters: GAD=1 vflib=1 dir=1 label=1 lowerbound=1 fileNameGp=../../cp2016-max-common-connected-subgraph-paper/datasets/graphsdb/mcs10/bvg/b06/mcs10_b06_s100.A07 fileNameGt=../../cp2016-max-common-connected-subgraph-paper/datasets/graphsdb/mcs10/bvg/b06/mcs10_b06_s100.B07
Reading graphs...
100 : 300
100 : 300
Initializing...
maxdom : 7
D->valSize : 321
Solving...
Blb : 2 (clique : 25)
currentSize : 25 <-- 0.004900 s
currentSize : 26 <-- 0.005388 s
currentSize : 27 <-- 0.005888 s
currentSize : 28 <-- 0.034611 s
currentSize : 29 <-- 2.039767 s
currentSize : 30 <-- 921.868103 s
currentSize : 31 <-- 923.596558 s

TIMEOUT
maxsize : 31
nodes : 199036625.000000
filtered : 787509096.000000
time : 1000.000000
