Parameters: GAD=1 vflib=1 dir=1 label=1 lowerbound=1 fileNameGp=../../cp2016-max-common-connected-subgraph-paper/datasets/graphsdb/mcs10/rand/r005/mcs10_r005_s70.A04 fileNameGt=../../cp2016-max-common-connected-subgraph-paper/datasets/graphsdb/mcs10/rand/r005/mcs10_r005_s70.B04
Reading graphs...
70 : 245
70 : 245
Initializing...
maxdom : 13
D->valSize : 344
Solving...
Blb : 5 (clique : 17)
currentSize : 17 <-- 0.002755 s
currentSize : 18 <-- 0.013919 s
currentSize : 19 <-- 0.016907 s
currentSize : 20 <-- 7.267921 s
currentSize : 21 <-- 38.475723 s
currentSize : 22 <-- 854.546448 s

TIMEOUT
maxsize : 22
nodes : 201715980.000000
filtered : 2142364230.000000
time : 1000.000000
