Parameters: GAD=1 vflib=1 dir=1 label=1 lowerbound=1 fileNameGp=../../cp2016-max-common-connected-subgraph-paper/datasets/graphsdb/mcs10/bvg/b09/mcs10_b09_s100.A03 fileNameGt=../../cp2016-max-common-connected-subgraph-paper/datasets/graphsdb/mcs10/bvg/b09/mcs10_b09_s100.B03
Reading graphs...
100 : 450
100 : 450
Initializing...
maxdom : 7
D->valSize : 323
Solving...
Blb : 5 (clique : 20)
currentSize : 20 <-- 0.003051 s
currentSize : 21 <-- 0.027679 s
currentSize : 22 <-- 0.136683 s
currentSize : 23 <-- 1.477498 s
currentSize : 24 <-- 10.170820 s
currentSize : 25 <-- 40.911797 s

TIMEOUT
maxsize : 25
nodes : 182690821.000000
filtered : 1051944623.000000
time : 1000.000000
