Parameters: GAD=1 vflib=1 dir=1 label=1 lowerbound=1 fileNameGp=../../cp2016-max-common-connected-subgraph-paper/datasets/graphsdb/mcs10/m3D/m3D/mcs10_m3D_s70.A06 fileNameGt=../../cp2016-max-common-connected-subgraph-paper/datasets/graphsdb/mcs10/m3D/m3D/mcs10_m3D_s70.B06
Reading graphs...
70 : 159
70 : 159
Initializing...
maxdom : 8
D->valSize : 295
Solving...
Blb : 2 (clique : 21)
currentSize : 21 <-- 0.002406 s
currentSize : 22 <-- 0.016205 s
currentSize : 23 <-- 0.062076 s
currentSize : 24 <-- 0.641354 s
currentSize : 25 <-- 15.180771 s
currentSize : 26 <-- 994.852844 s

TIMEOUT
maxsize : 26
nodes : 206629835.000000
filtered : 1514015385.000000
time : 1000.000000
