Parameters: GAD=1 vflib=1 dir=1 label=1 lowerbound=1 fileNameGp=../../cp2016-max-common-connected-subgraph-paper/datasets/graphsdb/mcs10/rand/r01/mcs10_r01_s100.A06 fileNameGt=../../cp2016-max-common-connected-subgraph-paper/datasets/graphsdb/mcs10/rand/r01/mcs10_r01_s100.B06
Reading graphs...
100 : 990
100 : 990
Initializing...
maxdom : 8
D->valSize : 342
Solving...
Blb : 2 (clique : 12)
currentSize : 12 <-- 0.003191 s
currentSize : 13 <-- 0.003752 s
currentSize : 14 <-- 0.004522 s
currentSize : 15 <-- 0.019981 s
currentSize : 16 <-- 0.686536 s
currentSize : 17 <-- 7.637421 s

maxsize : 17
nodes : 30953875.000000
filtered : 293604114.000000
time : 183.400803
