Parameters: GAD=1 vflib=1 dir=1 label=1 lowerbound=1 fileNameGp=../../cp2016-max-common-connected-subgraph-paper/datasets/graphsdb/mcs10/bvg/b03/mcs10_b03_s80.A04 fileNameGt=../../cp2016-max-common-connected-subgraph-paper/datasets/graphsdb/mcs10/bvg/b03/mcs10_b03_s80.B04
Reading graphs...
80 : 120
80 : 120
Initializing...
maxdom : 10
D->valSize : 406
Solving...
Blb : 2 (clique : 28)
currentSize : 28 <-- 0.003944 s
currentSize : 29 <-- 0.041998 s
currentSize : 30 <-- 0.418185 s
currentSize : 31 <-- 1.039498 s
currentSize : 32 <-- 2.430947 s
currentSize : 33 <-- 79.637451 s
currentSize : 34 <-- 138.494080 s

TIMEOUT
maxsize : 34
nodes : 200186627.000000
filtered : 1699661241.000000
time : 1000.000000
