Parameters: GAD=1 vflib=1 dir=1 label=1 lowerbound=1 fileNameGp=../../cp2016-max-common-connected-subgraph-paper/datasets/graphsdb/mcs10/m3D/m3Dr4/mcs10_m3Dr4_s80.A04 fileNameGt=../../cp2016-max-common-connected-subgraph-paper/datasets/graphsdb/mcs10/m3D/m3Dr4/mcs10_m3Dr4_s80.B04
Reading graphs...
80 : 216
80 : 216
Initializing...
maxdom : 8
D->valSize : 385
Solving...
Blb : 2 (clique : 24)
currentSize : 24 <-- 0.003431 s
currentSize : 25 <-- 0.006599 s
currentSize : 26 <-- 0.048575 s
currentSize : 27 <-- 0.164056 s
currentSize : 28 <-- 4.904139 s
currentSize : 29 <-- 26.153025 s

TIMEOUT
maxsize : 29
nodes : 201795097.000000
filtered : 1377275319.000000
time : 1000.000000
