Parameters: GAD=1 vflib=1 dir=1 label=1 lowerbound=1 fileNameGp=../../cp2016-max-common-connected-subgraph-paper/datasets/graphsdb/mcs10/m3D/m3D/mcs10_m3D_s80.A00 fileNameGt=../../cp2016-max-common-connected-subgraph-paper/datasets/graphsdb/mcs10/m3D/m3D/mcs10_m3D_s80.B00
Reading graphs...
80 : 184
80 : 184
Initializing...
maxdom : 8
D->valSize : 378
Solving...
Blb : 5 (clique : 25)
currentSize : 25 <-- 0.003330 s
currentSize : 26 <-- 0.086627 s
currentSize : 27 <-- 0.370711 s
currentSize : 28 <-- 0.922572 s
currentSize : 29 <-- 4.117815 s
currentSize : 30 <-- 35.985767 s

TIMEOUT
maxsize : 30
nodes : 191259401.000000
filtered : 1690777412.000000
time : 1000.000000
