Parameters: GAD=1 vflib=1 dir=1 label=1 lowerbound=1 fileNameGp=../../cp2016-max-common-connected-subgraph-paper/datasets/graphsdb/mcs10/m2D/m2Dr4/mcs10_m2Dr4_s100.A06 fileNameGt=../../cp2016-max-common-connected-subgraph-paper/datasets/graphsdb/mcs10/m2D/m2Dr4/mcs10_m2Dr4_s100.B06
Reading graphs...
100 : 220
100 : 219
Initializing...
maxdom : 8
D->valSize : 302
Solving...
Blb : 2 (clique : 27)
currentSize : 27 <-- 0.002809 s
currentSize : 28 <-- 0.003249 s
currentSize : 29 <-- 0.146141 s
currentSize : 30 <-- 0.308223 s
currentSize : 31 <-- 0.538144 s
currentSize : 32 <-- 1.036471 s
currentSize : 33 <-- 1.186418 s
currentSize : 34 <-- 27.665447 s
currentSize : 35 <-- 150.985260 s

TIMEOUT
maxsize : 35
nodes : 182492528.000000
filtered : 1038901413.000000
time : 1000.000000
