Parameters: GAD=1 vflib=1 dir=1 label=1 lowerbound=1 fileNameGp=../../cp2016-max-common-connected-subgraph-paper/datasets/graphsdb/mcs10/bvg/b03/mcs10_b03_s60.A06 fileNameGt=../../cp2016-max-common-connected-subgraph-paper/datasets/graphsdb/mcs10/bvg/b03/mcs10_b03_s60.B06
Reading graphs...
60 : 90
60 : 90
Initializing...
maxdom : 7
D->valSize : 225
Solving...
Blb : 3 (clique : 20)
currentSize : 20 <-- 0.001695 s
currentSize : 21 <-- 0.001960 s
currentSize : 22 <-- 0.002356 s
currentSize : 23 <-- 0.003053 s
currentSize : 24 <-- 0.011229 s
currentSize : 25 <-- 2.421350 s
currentSize : 26 <-- 45.535423 s

TIMEOUT
maxsize : 26
nodes : 253357013.000000
filtered : 1801067977.000000
time : 1000.000000
