Parameters: GAD=1 vflib=1 dir=1 label=1 lowerbound=1 fileNameGp=../../cp2016-max-common-connected-subgraph-paper/datasets/graphsdb/mcs10/bvg/b03/mcs10_b03_s60.A04 fileNameGt=../../cp2016-max-common-connected-subgraph-paper/datasets/graphsdb/mcs10/bvg/b03/mcs10_b03_s60.B04
Reading graphs...
60 : 90
60 : 90
Initializing...
maxdom : 9
D->valSize : 211
Solving...
Blb : 5 (clique : 20)
currentSize : 20 <-- 0.002333 s
currentSize : 21 <-- 0.474057 s
currentSize : 22 <-- 0.565404 s
currentSize : 23 <-- 69.818237 s
currentSize : 24 <-- 144.889130 s
currentSize : 25 <-- 196.769775 s

maxsize : 25
nodes : 80318129.000000
filtered : 861608264.000000
time : 408.598602
