Parameters: GAD=1 vflib=1 dir=1 label=1 lowerbound=1 fileNameGp=../../cp2016-max-common-connected-subgraph-paper/datasets/graphsdb/mcs10/m2D/m2Dr2/mcs10_m2Dr2_s70.A06 fileNameGt=../../cp2016-max-common-connected-subgraph-paper/datasets/graphsdb/mcs10/m2D/m2Dr2/mcs10_m2Dr2_s70.B06
Reading graphs...
70 : 137
70 : 137
Initializing...
maxdom : 10
D->valSize : 351
Solving...
Blb : 2 (clique : 23)
currentSize : 23 <-- 0.003032 s
currentSize : 24 <-- 0.157498 s
currentSize : 25 <-- 6.258803 s
currentSize : 26 <-- 8.315502 s
currentSize : 27 <-- 166.015137 s
currentSize : 28 <-- 178.321701 s
currentSize : 29 <-- 621.538940 s

TIMEOUT
maxsize : 29
nodes : 205750737.000000
filtered : 1579725442.000000
time : 1000.000000
