Parameters: GAD=1 vflib=1 dir=1 label=1 lowerbound=1 fileNameGp=../../cp2016-max-common-connected-subgraph-paper/datasets/graphsdb/mcs10/rand/r005/mcs10_r005_s70.A06 fileNameGt=../../cp2016-max-common-connected-subgraph-paper/datasets/graphsdb/mcs10/rand/r005/mcs10_r005_s70.B06
Reading graphs...
70 : 245
70 : 245
Initializing...
maxdom : 7
D->valSize : 301
Solving...
Blb : 2 (clique : 16)
currentSize : 16 <-- 0.002290 s
currentSize : 17 <-- 0.002435 s
currentSize : 18 <-- 0.002599 s
currentSize : 19 <-- 0.003197 s
currentSize : 20 <-- 0.289714 s
currentSize : 21 <-- 10.820979 s
currentSize : 22 <-- 41.363701 s

maxsize : 22
nodes : 151201910.000000
filtered : 1321237950.000000
time : 718.805237
