Parameters: GAD=1 vflib=1 dir=1 label=1 lowerbound=1 fileNameGp=../../cp2016-max-common-connected-subgraph-paper/datasets/graphsdb/mcs10/rand/r005/mcs10_r005_s60.A04 fileNameGt=../../cp2016-max-common-connected-subgraph-paper/datasets/graphsdb/mcs10/rand/r005/mcs10_r005_s60.B04
Reading graphs...
60 : 181
60 : 181
Initializing...
maxdom : 7
D->valSize : 229
Solving...
Blb : 2 (clique : 14)
currentSize : 14 <-- 0.001531 s
currentSize : 15 <-- 0.001643 s
currentSize : 16 <-- 0.001714 s
currentSize : 17 <-- 0.001837 s
currentSize : 18 <-- 0.023605 s
currentSize : 19 <-- 0.241923 s
currentSize : 20 <-- 75.771591 s

maxsize : 20
nodes : 41138385.000000
filtered : 314526468.000000
time : 174.053131
