Parameters: GAD=1 vflib=1 dir=1 label=1 lowerbound=1 fileNameGp=../../cp2016-max-common-connected-subgraph-paper/datasets/graphsdb/mcs10/bvg/b09/mcs10_b09_s100.A00 fileNameGt=../../cp2016-max-common-connected-subgraph-paper/datasets/graphsdb/mcs10/bvg/b09/mcs10_b09_s100.B00
Reading graphs...
100 : 450
100 : 450
Initializing...
maxdom : 6
D->valSize : 322
Solving...
Blb : 2 (clique : 21)
currentSize : 21 <-- 0.004729 s
currentSize : 22 <-- 0.012851 s
currentSize : 23 <-- 0.025831 s
currentSize : 24 <-- 0.350053 s
currentSize : 25 <-- 0.582089 s
currentSize : 26 <-- 537.457275 s

TIMEOUT
maxsize : 26
nodes : 177959138.000000
filtered : 1293904124.000000
time : 1000.000000
