Parameters: GAD=1 vflib=1 dir=1 label=1 lowerbound=1 fileNameGp=../../cp2016-max-common-connected-subgraph-paper/datasets/graphsdb/mcs10/m3D/m3Dr4/mcs10_m3Dr4_s70.A07 fileNameGt=../../cp2016-max-common-connected-subgraph-paper/datasets/graphsdb/mcs10/m3D/m3Dr4/mcs10_m3Dr4_s70.B07
Reading graphs...
70 : 187
70 : 186
Initializing...
maxdom : 8
D->valSize : 304
Solving...
Blb : 2 (clique : 18)
currentSize : 18 <-- 0.002302 s
currentSize : 19 <-- 0.003925 s
currentSize : 20 <-- 0.065822 s
currentSize : 21 <-- 0.065877 s
currentSize : 22 <-- 8.420338 s
currentSize : 23 <-- 501.409546 s

TIMEOUT
maxsize : 23
nodes : 224085279.000000
filtered : 1548785605.000000
time : 1000.000000
