Parameters: GAD=1 vflib=1 dir=1 label=1 lowerbound=1 fileNameGp=../../cp2016-max-common-connected-subgraph-paper/datasets/graphsdb/mcs10/bvg/b03m/mcs10_b03m_s70.A02 fileNameGt=../../cp2016-max-common-connected-subgraph-paper/datasets/graphsdb/mcs10/bvg/b03m/mcs10_b03m_s70.B02
Reading graphs...
70 : 105
70 : 105
Initializing...
maxdom : 8
D->valSize : 326
Solving...
Blb : 2 (clique : 24)
currentSize : 24 <-- 0.004366 s
currentSize : 25 <-- 0.046152 s
currentSize : 26 <-- 0.049918 s
currentSize : 27 <-- 0.987036 s
currentSize : 28 <-- 3.272319 s
currentSize : 29 <-- 27.734320 s
currentSize : 30 <-- 33.408710 s

TIMEOUT
maxsize : 30
nodes : 229144537.000000
filtered : 1270682889.000000
time : 1000.000000
