Parameters: GAD=1 vflib=1 dir=1 label=1 lowerbound=1 fileNameGp=../../cp2016-max-common-connected-subgraph-paper/datasets/graphsdb/mcs10/rand/r01/mcs10_r01_s90.A08 fileNameGt=../../cp2016-max-common-connected-subgraph-paper/datasets/graphsdb/mcs10/rand/r01/mcs10_r01_s90.B08
Reading graphs...
90 : 802
90 : 802
Initializing...
maxdom : 9
D->valSize : 547
Solving...
Blb : 2 (clique : 12)
currentSize : 12 <-- 0.005710 s
currentSize : 13 <-- 0.005920 s
currentSize : 14 <-- 0.006271 s
currentSize : 15 <-- 0.263006 s
currentSize : 16 <-- 2.327216 s
currentSize : 17 <-- 33.973122 s
currentSize : 18 <-- 334.866821 s

TIMEOUT
maxsize : 18
nodes : 168666642.000000
filtered : 2195120815.000000
time : 1000.000000
