Parameters: GAD=1 vflib=1 dir=1 label=1 lowerbound=1 fileNameGp=../../cp2016-max-common-connected-subgraph-paper/datasets/graphsdb/mcs10/m3D/m3Dr4/mcs10_m3Dr4_s60.A06 fileNameGt=../../cp2016-max-common-connected-subgraph-paper/datasets/graphsdb/mcs10/m3D/m3Dr4/mcs10_m3Dr4_s60.B06
Reading graphs...
60 : 158
60 : 158
Initializing...
maxdom : 6
D->valSize : 230
Solving...
Blb : 2 (clique : 19)
currentSize : 19 <-- 0.002423 s
currentSize : 20 <-- 0.002616 s
currentSize : 21 <-- 0.061931 s
currentSize : 22 <-- 9.094228 s
currentSize : 23 <-- 61.134701 s

maxsize : 23
nodes : 78609137.000000
filtered : 680557278.000000
time : 359.270874
