Parameters: GAD=1 vflib=1 dir=1 label=1 lowerbound=1 fileNameGp=../../cp2016-max-common-connected-subgraph-paper/datasets/graphsdb/mcs10/m2D/m2D/mcs10_m2D_s70.A07 fileNameGt=../../cp2016-max-common-connected-subgraph-paper/datasets/graphsdb/mcs10/m2D/m2D/mcs10_m2D_s70.B07
Reading graphs...
70 : 123
70 : 123
Initializing...
maxdom : 10
D->valSize : 360
Solving...
Blb : 2 (clique : 25)
currentSize : 25 <-- 0.003043 s
currentSize : 26 <-- 0.357864 s
currentSize : 27 <-- 0.385297 s
currentSize : 28 <-- 5.525469 s
currentSize : 29 <-- 50.350674 s
currentSize : 30 <-- 885.889404 s

TIMEOUT
maxsize : 30
nodes : 233219537.000000
filtered : 1809688183.000000
time : 1000.000000
