Parameters: GAD=1 vflib=1 dir=1 label=1 lowerbound=1 fileNameGp=../../cp2016-max-common-connected-subgraph-paper/datasets/graphsdb/mcs10/m2D/m2D/mcs10_m2D_s50.A05 fileNameGt=../../cp2016-max-common-connected-subgraph-paper/datasets/graphsdb/mcs10/m2D/m2D/mcs10_m2D_s50.B05
Reading graphs...
50 : 85
50 : 85
Initializing...
maxdom : 10
D->valSize : 325
Solving...
Blb : 2 (clique : 18)
currentSize : 18 <-- 0.003662 s
currentSize : 19 <-- 0.004190 s
currentSize : 20 <-- 0.007829 s
currentSize : 21 <-- 0.046939 s
currentSize : 22 <-- 0.560815 s
currentSize : 23 <-- 1.277746 s
currentSize : 24 <-- 15.215286 s

TIMEOUT
maxsize : 24
nodes : 227293188.000000
filtered : 2541061700.000000
time : 1000.000000
