Parameters: GAD=1 vflib=1 dir=1 label=1 lowerbound=1 fileNameGp=../../cp2016-max-common-connected-subgraph-paper/datasets/graphsdb/mcs10/bvg/b06/mcs10_b06_s80.A02 fileNameGt=../../cp2016-max-common-connected-subgraph-paper/datasets/graphsdb/mcs10/bvg/b06/mcs10_b06_s80.B02
Reading graphs...
80 : 240
80 : 240
Initializing...
maxdom : 9
D->valSize : 372
Solving...
Blb : 2 (clique : 21)
currentSize : 21 <-- 0.003235 s
currentSize : 22 <-- 0.041076 s
currentSize : 23 <-- 1.306226 s
currentSize : 24 <-- 98.941772 s
currentSize : 25 <-- 118.090973 s
currentSize : 26 <-- 118.322510 s
currentSize : 27 <-- 609.032898 s

TIMEOUT
maxsize : 27
nodes : 192841032.000000
filtered : 1870383219.000000
time : 1000.000000
