Parameters: GAD=1 vflib=1 dir=1 label=1 lowerbound=1 fileNameGp=../../cp2016-max-common-connected-subgraph-paper/datasets/graphsdb/mcs10/bvg/b06m/mcs10_b06m_s70.A07 fileNameGt=../../cp2016-max-common-connected-subgraph-paper/datasets/graphsdb/mcs10/bvg/b06m/mcs10_b06m_s70.B07
Reading graphs...
70 : 210
70 : 210
Initializing...
maxdom : 8
D->valSize : 331
Solving...
Blb : 2 (clique : 17)
currentSize : 17 <-- 0.004060 s
currentSize : 18 <-- 0.004250 s
currentSize : 19 <-- 0.004324 s
currentSize : 20 <-- 0.004455 s
currentSize : 21 <-- 0.067023 s
currentSize : 22 <-- 0.152558 s
currentSize : 23 <-- 2.269736 s
currentSize : 24 <-- 9.095944 s
currentSize : 25 <-- 460.284943 s

TIMEOUT
maxsize : 25
nodes : 193444071.000000
filtered : 2013498471.000000
time : 1000.000000
