Parameters: GAD=1 vflib=1 dir=1 label=1 lowerbound=1 fileNameGp=../../cp2016-max-common-connected-subgraph-paper/datasets/graphsdb/mcs10/m2D/m2Dr6/mcs10_m2Dr6_s100.A07 fileNameGt=../../cp2016-max-common-connected-subgraph-paper/datasets/graphsdb/mcs10/m2D/m2Dr6/mcs10_m2Dr6_s100.B07
Reading graphs...
100 : 240
100 : 239
Initializing...
maxdom : 8
D->valSize : 320
Solving...
Blb : 2 (clique : 29)
currentSize : 29 <-- 0.003096 s
currentSize : 30 <-- 0.003623 s
currentSize : 31 <-- 0.214126 s
currentSize : 32 <-- 0.215252 s
currentSize : 33 <-- 0.437757 s
currentSize : 34 <-- 0.670041 s
currentSize : 35 <-- 1.513036 s

TIMEOUT
maxsize : 35
nodes : 184406497.000000
filtered : 904226754.000000
time : 1000.000061
