Parameters: GAD=1 vflib=1 dir=1 label=1 lowerbound=1 fileNameGp=../../cp2016-max-common-connected-subgraph-paper/datasets/graphsdb/mcs10/m2D/m2Dr6/mcs10_m2Dr6_s90.A09 fileNameGt=../../cp2016-max-common-connected-subgraph-paper/datasets/graphsdb/mcs10/m2D/m2Dr6/mcs10_m2Dr6_s90.B09
Reading graphs...
90 : 215
90 : 214
Initializing...
maxdom : 8
D->valSize : 505
Solving...
Blb : 2 (clique : 25)
currentSize : 25 <-- 0.008907 s
currentSize : 26 <-- 0.023933 s
currentSize : 27 <-- 0.109071 s
currentSize : 28 <-- 4.245699 s
currentSize : 29 <-- 12.866349 s
currentSize : 30 <-- 35.261314 s

TIMEOUT
maxsize : 30
nodes : 208379844.000000
filtered : 1140446556.000000
time : 1000.000000
