Parameters: GAD=1 vflib=1 dir=1 label=1 lowerbound=1 fileNameGp=../../cp2016-max-common-connected-subgraph-paper/datasets/graphsdb/mcs10/bvg/b06/mcs10_b06_s90.A04 fileNameGt=../../cp2016-max-common-connected-subgraph-paper/datasets/graphsdb/mcs10/bvg/b06/mcs10_b06_s90.B04
Reading graphs...
90 : 270
90 : 270
Initializing...
maxdom : 9
D->valSize : 498
Solving...
Blb : 2 (clique : 23)
currentSize : 23 <-- 0.008497 s
currentSize : 24 <-- 0.042924 s
currentSize : 25 <-- 0.196442 s
currentSize : 26 <-- 0.533154 s
currentSize : 27 <-- 166.331665 s
currentSize : 28 <-- 408.042786 s

TIMEOUT
maxsize : 28
nodes : 197890120.000000
filtered : 1209254615.000000
time : 1000.000000
