Parameters: GAD=1 vflib=1 dir=1 label=1 lowerbound=1 fileNameGp=../../cp2016-max-common-connected-subgraph-paper/datasets/graphsdb/mcs10/m4D/m4Dr2/mcs10_m4Dr2_s100.A01 fileNameGt=../../cp2016-max-common-connected-subgraph-paper/datasets/graphsdb/mcs10/m4D/m4Dr2/mcs10_m4Dr2_s100.B01
Reading graphs...
100 : 179
100 : 178
Initializing...
maxdom : 7
D->valSize : 315
Solving...
Blb : 2 (clique : 31)
currentSize : 31 <-- 0.005074 s
currentSize : 32 <-- 0.005468 s
currentSize : 33 <-- 0.045295 s
currentSize : 34 <-- 0.828314 s
currentSize : 35 <-- 0.999354 s
currentSize : 36 <-- 3.184119 s
currentSize : 37 <-- 457.101471 s

TIMEOUT
maxsize : 37
nodes : 218292165.000000
filtered : 739278867.000000
time : 1000.000000
