Parameters: GAD=1 vflib=1 dir=1 label=1 lowerbound=1 fileNameGp=../../cp2016-max-common-connected-subgraph-paper/datasets/graphsdb/mcs10/m3D/m3Dr2/mcs10_m3Dr2_s80.A09 fileNameGt=../../cp2016-max-common-connected-subgraph-paper/datasets/graphsdb/mcs10/m3D/m3Dr2/mcs10_m3Dr2_s80.B09
Reading graphs...
80 : 200
80 : 200
Initializing...
maxdom : 8
D->valSize : 408
Solving...
Blb : 2 (clique : 22)
currentSize : 22 <-- 0.005986 s
currentSize : 23 <-- 0.012618 s
currentSize : 24 <-- 0.018942 s
currentSize : 25 <-- 0.044179 s
currentSize : 26 <-- 1.460452 s
currentSize : 27 <-- 256.062012 s

TIMEOUT
maxsize : 27
nodes : 199647864.000000
filtered : 1676809204.000000
time : 1000.000000
