Parameters: GAD=1 vflib=1 dir=1 label=1 lowerbound=1 fileNameGp=../../cp2016-max-common-connected-subgraph-paper/datasets/graphsdb/mcs10/rand/r005/mcs10_r005_s80.A04 fileNameGt=../../cp2016-max-common-connected-subgraph-paper/datasets/graphsdb/mcs10/rand/r005/mcs10_r005_s80.B04
Reading graphs...
80 : 321
80 : 321
Initializing...
maxdom : 8
D->valSize : 417
Solving...
Blb : 2 (clique : 18)
currentSize : 18 <-- 0.003783 s
currentSize : 19 <-- 0.004003 s
currentSize : 20 <-- 0.004769 s
currentSize : 21 <-- 0.015718 s
currentSize : 22 <-- 1.844069 s
currentSize : 23 <-- 16.370150 s
currentSize : 24 <-- 674.740967 s

TIMEOUT
maxsize : 24
nodes : 188708374.000000
filtered : 1694347318.000000
time : 1000.000061
