Parameters: GAD=1 vflib=1 dir=1 label=1 lowerbound=1 fileNameGp=../../cp2016-max-common-connected-subgraph-paper/datasets/graphsdb/mcs10/m3D/m3D/mcs10_m3D_s60.A03 fileNameGt=../../cp2016-max-common-connected-subgraph-paper/datasets/graphsdb/mcs10/m3D/m3D/mcs10_m3D_s60.B03
Reading graphs...
60 : 134
60 : 134
Initializing...
maxdom : 9
D->valSize : 253
Solving...
Blb : 2 (clique : 17)
currentSize : 17 <-- 0.001748 s
currentSize : 18 <-- 0.017531 s
currentSize : 19 <-- 0.018274 s
currentSize : 20 <-- 0.037663 s
currentSize : 21 <-- 0.080759 s
currentSize : 22 <-- 49.491608 s

maxsize : 22
nodes : 47668382.000000
filtered : 413366589.000000
time : 213.462067
