Parameters: GAD=1 vflib=1 dir=1 label=1 lowerbound=1 fileNameGp=../../cp2016-max-common-connected-subgraph-paper/datasets/graphsdb/mcs10/rand/r01/mcs10_r01_s80.A01 fileNameGt=../../cp2016-max-common-connected-subgraph-paper/datasets/graphsdb/mcs10/rand/r01/mcs10_r01_s80.B01
Reading graphs...
80 : 634
80 : 634
Initializing...
maxdom : 11
D->valSize : 418
Solving...
Blb : 2 (clique : 11)
currentSize : 11 <-- 0.005774 s
currentSize : 12 <-- 0.005972 s
currentSize : 13 <-- 0.013348 s
currentSize : 14 <-- 0.117301 s
currentSize : 15 <-- 0.240675 s
currentSize : 16 <-- 7.890094 s

maxsize : 16
nodes : 66100746.000000
filtered : 803552092.000000
time : 362.482330
