Parameters: GAD=1 vflib=1 dir=1 label=1 lowerbound=1 fileNameGp=../../cp2016-max-common-connected-subgraph-paper/datasets/graphsdb/mcs10/m3D/m3Dr2/mcs10_m3Dr2_s100.A07 fileNameGt=../../cp2016-max-common-connected-subgraph-paper/datasets/graphsdb/mcs10/m3D/m3Dr2/mcs10_m3Dr2_s100.B07
Reading graphs...
100 : 255
100 : 255
Initializing...
maxdom : 6
D->valSize : 324
Solving...
Blb : 2 (clique : 27)
currentSize : 27 <-- 0.005039 s
currentSize : 28 <-- 0.111535 s
currentSize : 29 <-- 0.131690 s
currentSize : 30 <-- 0.681667 s
currentSize : 31 <-- 43.347519 s
currentSize : 32 <-- 43.447853 s

TIMEOUT
maxsize : 32
nodes : 186396848.000000
filtered : 990276692.000000
time : 1000.000000
