Parameters: GAD=1 vflib=1 dir=1 label=1 lowerbound=1 fileNameGp=../../cp2016-max-common-connected-subgraph-paper/datasets/graphsdb/mcs10/m3D/m3Dr2/mcs10_m3Dr2_s100.A00 fileNameGt=../../cp2016-max-common-connected-subgraph-paper/datasets/graphsdb/mcs10/m3D/m3Dr2/mcs10_m3Dr2_s100.B00
Reading graphs...
100 : 254
100 : 254
Initializing...
maxdom : 7
D->valSize : 311
Solving...
Blb : 2 (clique : 27)
currentSize : 27 <-- 0.002947 s
currentSize : 28 <-- 0.003877 s
currentSize : 29 <-- 0.004068 s
currentSize : 30 <-- 0.515621 s
currentSize : 31 <-- 0.548465 s
currentSize : 32 <-- 0.550087 s
currentSize : 33 <-- 3.157761 s

TIMEOUT
maxsize : 33
nodes : 179806652.000000
filtered : 1026515570.000000
time : 1000.000000
