Parameters: GAD=1 vflib=1 dir=1 label=1 lowerbound=1 fileNameGp=../../cp2016-max-common-connected-subgraph-paper/datasets/graphsdb/mcs10/bvg/b03m/mcs10_b03m_s100.A02 fileNameGt=../../cp2016-max-common-connected-subgraph-paper/datasets/graphsdb/mcs10/bvg/b03m/mcs10_b03m_s100.B02
Reading graphs...
100 : 150
100 : 150
Initializing...
maxdom : 7
D->valSize : 309
Solving...
Blb : 2 (clique : 35)
currentSize : 35 <-- 0.002944 s
currentSize : 36 <-- 2.151058 s
currentSize : 37 <-- 10.476264 s
currentSize : 38 <-- 41.487648 s
currentSize : 39 <-- 64.676842 s
currentSize : 40 <-- 390.997894 s

TIMEOUT
maxsize : 40
nodes : 144012952.000000
filtered : 660558331.000000
time : 1000.000061
