Parameters: GAD=1 vflib=1 dir=1 label=1 lowerbound=1 fileNameGp=../../cp2016-max-common-connected-subgraph-paper/datasets/graphsdb/mcs10/m2D/m2Dr4/mcs10_m2Dr4_s80.A09 fileNameGt=../../cp2016-max-common-connected-subgraph-paper/datasets/graphsdb/mcs10/m2D/m2Dr4/mcs10_m2Dr4_s80.B09
Reading graphs...
80 : 174
80 : 172
Initializing...
maxdom : 10
D->valSize : 417
Solving...
Blb : 2 (clique : 26)
currentSize : 26 <-- 0.006384 s
currentSize : 27 <-- 0.006704 s
currentSize : 28 <-- 0.007387 s
currentSize : 29 <-- 0.011567 s
currentSize : 30 <-- 17.290417 s
currentSize : 31 <-- 36.756580 s
currentSize : 32 <-- 39.200279 s
currentSize : 33 <-- 967.948303 s

TIMEOUT
maxsize : 33
nodes : 204607838.000000
filtered : 1389382792.000000
time : 1000.000000
