Parameters: GAD=1 vflib=1 dir=1 label=1 lowerbound=1 fileNameGp=../../cp2016-max-common-connected-subgraph-paper/datasets/graphsdb/mcs10/m2D/m2D/mcs10_m2D_s100.A04 fileNameGt=../../cp2016-max-common-connected-subgraph-paper/datasets/graphsdb/mcs10/m2D/m2D/mcs10_m2D_s100.B04
Reading graphs...
100 : 180
100 : 180
Initializing...
maxdom : 8
D->valSize : 335
Solving...
Blb : 2 (clique : 33)
currentSize : 33 <-- 0.005433 s
currentSize : 34 <-- 0.007243 s
currentSize : 35 <-- 0.007609 s
currentSize : 36 <-- 0.331684 s
currentSize : 37 <-- 1.298827 s
currentSize : 38 <-- 241.479492 s

TIMEOUT
maxsize : 38
nodes : 199393458.000000
filtered : 965127104.000000
time : 1000.000000
