Parameters: GAD=1 vflib=1 dir=1 label=1 lowerbound=1 fileNameGp=../../cp2016-max-common-connected-subgraph-paper/datasets/graphsdb/mcs10/bvg/b06/mcs10_b06_s70.A00 fileNameGt=../../cp2016-max-common-connected-subgraph-paper/datasets/graphsdb/mcs10/bvg/b06/mcs10_b06_s70.B00
Reading graphs...
70 : 210
70 : 210
Initializing...
maxdom : 8
D->valSize : 336
Solving...
Blb : 2 (clique : 19)
currentSize : 19 <-- 0.004211 s
currentSize : 20 <-- 0.004746 s
currentSize : 21 <-- 0.008046 s
currentSize : 22 <-- 0.102686 s
currentSize : 23 <-- 2.363017 s
currentSize : 24 <-- 28.462708 s
currentSize : 25 <-- 781.900696 s

TIMEOUT
maxsize : 25
nodes : 204740094.000000
filtered : 1731723410.000000
time : 1000.000000
