Parameters: GAD=1 vflib=1 dir=1 label=1 lowerbound=1 fileNameGp=../../cp2016-max-common-connected-subgraph-paper/datasets/graphsdb/mcs10/rand/r01/mcs10_r01_s100.A00 fileNameGt=../../cp2016-max-common-connected-subgraph-paper/datasets/graphsdb/mcs10/rand/r01/mcs10_r01_s100.B00
Reading graphs...
100 : 990
100 : 990
Initializing...
maxdom : 6
D->valSize : 341
Solving...
Blb : 2 (clique : 12)
currentSize : 12 <-- 0.004833 s
currentSize : 13 <-- 0.005038 s
currentSize : 14 <-- 0.023520 s
currentSize : 15 <-- 0.045793 s
currentSize : 16 <-- 1.748287 s
currentSize : 17 <-- 52.185169 s
currentSize : 18 <-- 55.050510 s

maxsize : 18
nodes : 34452068.000000
filtered : 305323984.000000
time : 203.459259
