Parameters: GAD=1 vflib=1 dir=1 label=1 lowerbound=1 fileNameGp=../../cp2016-max-common-connected-subgraph-paper/datasets/graphsdb/mcs10/bvg/b03/mcs10_b03_s80.A05 fileNameGt=../../cp2016-max-common-connected-subgraph-paper/datasets/graphsdb/mcs10/bvg/b03/mcs10_b03_s80.B05
Reading graphs...
80 : 120
80 : 120
Initializing...
maxdom : 10
D->valSize : 411
Solving...
Blb : 3 (clique : 30)
currentSize : 30 <-- 0.003945 s
currentSize : 31 <-- 0.006004 s
currentSize : 32 <-- 0.008484 s
currentSize : 33 <-- 0.660542 s
currentSize : 34 <-- 297.303284 s
currentSize : 35 <-- 716.168579 s

TIMEOUT
maxsize : 35
nodes : 214402631.000000
filtered : 1614635767.000000
time : 1000.000000
