Parameters: GAD=1 vflib=1 dir=1 label=1 lowerbound=1 fileNameGp=../../cp2016-max-common-connected-subgraph-paper/datasets/graphsdb/mcs10/m3D/m3Dr4/mcs10_m3Dr4_s80.A06 fileNameGt=../../cp2016-max-common-connected-subgraph-paper/datasets/graphsdb/mcs10/m3D/m3Dr4/mcs10_m3Dr4_s80.B06
Reading graphs...
80 : 216
80 : 215
Initializing...
maxdom : 8
D->valSize : 387
Solving...
Blb : 2 (clique : 22)
currentSize : 22 <-- 0.005436 s
currentSize : 23 <-- 0.006291 s
currentSize : 24 <-- 0.006642 s
currentSize : 25 <-- 0.011037 s
currentSize : 26 <-- 0.253798 s
currentSize : 27 <-- 171.481476 s

TIMEOUT
maxsize : 27
nodes : 199731272.000000
filtered : 1642249286.000000
time : 1000.000000
