Parameters: GAD=1 vflib=1 dir=1 label=1 lowerbound=1 fileNameGp=../../cp2016-max-common-connected-subgraph-paper/datasets/graphsdb/mcs10/m2D/m2Dr6/mcs10_m2Dr6_s60.A03 fileNameGt=../../cp2016-max-common-connected-subgraph-paper/datasets/graphsdb/mcs10/m2D/m2Dr6/mcs10_m2Dr6_s60.B03
Reading graphs...
60 : 139
60 : 139
Initializing...
maxdom : 7
D->valSize : 207
Solving...
Blb : 2 (clique : 16)
currentSize : 16 <-- 0.002236 s
currentSize : 17 <-- 0.002636 s
currentSize : 18 <-- 0.003987 s
currentSize : 19 <-- 0.009260 s
currentSize : 20 <-- 0.041852 s
currentSize : 21 <-- 0.214927 s
currentSize : 22 <-- 11.789288 s
currentSize : 23 <-- 161.139862 s

maxsize : 23
nodes : 45645804.000000
filtered : 310221313.000000
time : 192.953110
