Parameters: GAD=1 vflib=1 dir=1 label=1 lowerbound=1 fileNameGp=../../cp2016-max-common-connected-subgraph-paper/datasets/graphsdb/mcs10/rand/r001/mcs10_r001_s100.A01 fileNameGt=../../cp2016-max-common-connected-subgraph-paper/datasets/graphsdb/mcs10/rand/r001/mcs10_r001_s100.B01
Reading graphs...
100 : 108
100 : 108
Initializing...
maxdom : 7
D->valSize : 317
Solving...
Blb : 2 (clique : 40)
currentSize : 40 <-- 0.005461 s
currentSize : 41 <-- 0.482613 s
currentSize : 42 <-- 105.099144 s
currentSize : 43 <-- 105.240791 s
currentSize : 44 <-- 106.311165 s
currentSize : 45 <-- 732.244446 s

TIMEOUT
maxsize : 45
nodes : 173716158.000000
filtered : 649077492.000000
time : 1000.000061
