Parameters: GAD=1 vflib=1 dir=1 label=1 lowerbound=1 fileNameGp=../../cp2016-max-common-connected-subgraph-paper/datasets/graphsdb/mcs10/m3D/m3D/mcs10_m3D_s90.A05 fileNameGt=../../cp2016-max-common-connected-subgraph-paper/datasets/graphsdb/mcs10/m3D/m3D/mcs10_m3D_s90.B05
Reading graphs...
90 : 209
90 : 209
Initializing...
maxdom : 10
D->valSize : 487
Solving...
Blb : 2 (clique : 25)
currentSize : 25 <-- 0.005219 s
currentSize : 26 <-- 0.017551 s
currentSize : 27 <-- 0.906670 s
currentSize : 28 <-- 2.792698 s
currentSize : 29 <-- 3.059609 s
currentSize : 30 <-- 8.559129 s
currentSize : 31 <-- 85.332832 s
currentSize : 32 <-- 195.933060 s

TIMEOUT
maxsize : 32
nodes : 201784216.000000
filtered : 1263137095.000000
time : 1000.000061
