Parameters: GAD=1 vflib=1 dir=1 label=1 lowerbound=1 fileNameGp=../../cp2016-max-common-connected-subgraph-paper/datasets/graphsdb/mcs10/m2D/m2Dr4/mcs10_m2Dr4_s50.A06 fileNameGt=../../cp2016-max-common-connected-subgraph-paper/datasets/graphsdb/mcs10/m2D/m2Dr4/mcs10_m2Dr4_s50.B06
Reading graphs...
50 : 105
50 : 104
Initializing...
maxdom : 12
D->valSize : 310
Solving...
Blb : 2 (clique : 15)
currentSize : 15 <-- 0.003449 s
currentSize : 16 <-- 0.003719 s
currentSize : 17 <-- 0.069385 s
currentSize : 18 <-- 0.547173 s
currentSize : 19 <-- 1.066628 s
currentSize : 20 <-- 10.877985 s

maxsize : 20
nodes : 171778372.000000
filtered : 1968606841.000000
time : 743.219116
