Parameters: GAD=1 vflib=1 dir=1 label=1 lowerbound=1 fileNameGp=../../cp2016-max-common-connected-subgraph-paper/datasets/graphsdb/mcs10/bvg/b03m/mcs10_b03m_s60.A07 fileNameGt=../../cp2016-max-common-connected-subgraph-paper/datasets/graphsdb/mcs10/bvg/b03m/mcs10_b03m_s60.B07
Reading graphs...
60 : 90
60 : 90
Initializing...
maxdom : 7
D->valSize : 227
Solving...
Blb : 2 (clique : 22)
currentSize : 22 <-- 0.001699 s
currentSize : 23 <-- 0.003141 s
currentSize : 24 <-- 0.006926 s
currentSize : 25 <-- 164.199432 s
currentSize : 26 <-- 230.319641 s

maxsize : 26
nodes : 106976039.000000
filtered : 859747599.000000
time : 447.319885
