Parameters: GAD=1 vflib=1 dir=1 label=1 lowerbound=1 fileNameGp=../../cp2016-max-common-connected-subgraph-paper/datasets/graphsdb/mcs10/m2D/m2Dr6/mcs10_m2Dr6_s70.A05 fileNameGt=../../cp2016-max-common-connected-subgraph-paper/datasets/graphsdb/mcs10/m2D/m2Dr6/mcs10_m2Dr6_s70.B05
Reading graphs...
70 : 165
70 : 164
Initializing...
maxdom : 9
D->valSize : 317
Solving...
Blb : 2 (clique : 21)
currentSize : 21 <-- 0.004197 s
currentSize : 22 <-- 0.004493 s
currentSize : 23 <-- 0.004823 s
currentSize : 24 <-- 0.009292 s
currentSize : 25 <-- 0.015693 s
currentSize : 26 <-- 0.036765 s
currentSize : 27 <-- 1.625527 s
currentSize : 28 <-- 6.485370 s
currentSize : 29 <-- 7.410745 s

TIMEOUT
maxsize : 29
nodes : 212317344.000000
filtered : 1669308515.000000
time : 1000.000000
