Parameters: GAD=1 vflib=1 dir=1 label=1 lowerbound=1 fileNameGp=../../cp2016-max-common-connected-subgraph-paper/datasets/graphsdb/mcs10/m2D/m2Dr4/mcs10_m2Dr4_s50.A04 fileNameGt=../../cp2016-max-common-connected-subgraph-paper/datasets/graphsdb/mcs10/m2D/m2Dr4/mcs10_m2Dr4_s50.B04
Reading graphs...
50 : 105
50 : 105
Initializing...
maxdom : 10
D->valSize : 310
Solving...
Blb : 2 (clique : 16)
currentSize : 16 <-- 0.002047 s
currentSize : 17 <-- 0.002145 s
currentSize : 18 <-- 0.551464 s
currentSize : 19 <-- 1.822111 s
currentSize : 20 <-- 27.106916 s
currentSize : 21 <-- 87.783882 s

TIMEOUT
maxsize : 21
nodes : 250608297.000000
filtered : 2563309761.000000
time : 1000.000000
