Parameters: GAD=1 vflib=1 dir=1 label=1 lowerbound=1 fileNameGp=../../cp2016-max-common-connected-subgraph-paper/datasets/graphsdb/mcs10/m3D/m3Dr2/mcs10_m3Dr2_s90.A03 fileNameGt=../../cp2016-max-common-connected-subgraph-paper/datasets/graphsdb/mcs10/m3D/m3Dr2/mcs10_m3Dr2_s90.B03
Reading graphs...
90 : 227
90 : 227
Initializing...
maxdom : 9
D->valSize : 491
Solving...
Blb : 2 (clique : 26)
currentSize : 26 <-- 0.005232 s
currentSize : 27 <-- 0.005453 s
currentSize : 28 <-- 0.009197 s
currentSize : 29 <-- 0.054244 s
currentSize : 30 <-- 2.116570 s
currentSize : 31 <-- 15.984402 s

TIMEOUT
maxsize : 31
nodes : 192003617.000000
filtered : 1251660079.000000
time : 1000.000000
