Parameters: GAD=1 vflib=1 dir=1 label=1 lowerbound=1 fileNameGp=../../cp2016-max-common-connected-subgraph-paper/datasets/graphsdb/mcs10/rand/r01/mcs10_r01_s50.A07 fileNameGt=../../cp2016-max-common-connected-subgraph-paper/datasets/graphsdb/mcs10/rand/r01/mcs10_r01_s50.B07
Reading graphs...
50 : 247
50 : 247
Initializing...
maxdom : 9
D->valSize : 331
Solving...
Blb : 3 (clique : 9)
currentSize : 9 <-- 0.002165 s
currentSize : 10 <-- 0.002278 s
currentSize : 11 <-- 0.002410 s
currentSize : 12 <-- 0.004272 s
currentSize : 13 <-- 0.063534 s
currentSize : 14 <-- 2.970698 s
currentSize : 15 <-- 4.451263 s

maxsize : 15
nodes : 2258051.000000
filtered : 37354932.000000
time : 10.494276
