Parameters: GAD=1 vflib=1 dir=1 label=1 lowerbound=1 fileNameGp=../../cp2016-max-common-connected-subgraph-paper/datasets/graphsdb/mcs10/bvg/b06m/mcs10_b06m_s100.A04 fileNameGt=../../cp2016-max-common-connected-subgraph-paper/datasets/graphsdb/mcs10/bvg/b06m/mcs10_b06m_s100.B04
Reading graphs...
100 : 300
100 : 300
Initializing...
maxdom : 6
D->valSize : 312
Solving...
Blb : 2 (clique : 26)
currentSize : 26 <-- 0.002897 s
currentSize : 27 <-- 0.462891 s
currentSize : 28 <-- 2.970750 s
currentSize : 29 <-- 7.027888 s
currentSize : 30 <-- 218.223495 s
currentSize : 31 <-- 296.487457 s

TIMEOUT
maxsize : 31
nodes : 183429328.000000
filtered : 1050194378.000000
time : 1000.000000
