Parameters: GAD=1 vflib=1 dir=1 label=1 lowerbound=1 fileNameGp=../../cp2016-max-common-connected-subgraph-paper/datasets/graphsdb/mcs10/rand/r005/mcs10_r005_s50.A08 fileNameGt=../../cp2016-max-common-connected-subgraph-paper/datasets/graphsdb/mcs10/rand/r005/mcs10_r005_s50.B08
Reading graphs...
50 : 125
50 : 125
Initializing...
maxdom : 8
D->valSize : 286
Solving...
Blb : 5 (clique : 16)
currentSize : 16 <-- 0.001924 s
currentSize : 17 <-- 0.157514 s
currentSize : 18 <-- 0.410565 s
currentSize : 19 <-- 35.633305 s
currentSize : 20 <-- 44.965446 s

maxsize : 20
nodes : 91406327.000000
filtered : 1059592336.000000
time : 392.149353
