Parameters: GAD=1 vflib=1 dir=1 label=1 lowerbound=1 fileNameGp=../../cp2016-max-common-connected-subgraph-paper/datasets/graphsdb/mcs10/m2D/m2Dr2/mcs10_m2Dr2_s80.A04 fileNameGt=../../cp2016-max-common-connected-subgraph-paper/datasets/graphsdb/mcs10/m2D/m2Dr2/mcs10_m2Dr2_s80.B04
Reading graphs...
80 : 158
80 : 158
Initializing...
maxdom : 8
D->valSize : 403
Solving...
Blb : 2 (clique : 26)
currentSize : 26 <-- 0.003695 s
currentSize : 27 <-- 0.261605 s
currentSize : 28 <-- 12.731360 s
currentSize : 29 <-- 334.394501 s
currentSize : 30 <-- 631.820251 s
currentSize : 31 <-- 631.877563 s

TIMEOUT
maxsize : 31
nodes : 197306823.000000
filtered : 1403057959.000000
time : 1000.000000
