Parameters: GAD=1 vflib=1 dir=1 label=1 lowerbound=1 fileNameGp=../../cp2016-max-common-connected-subgraph-paper/datasets/graphsdb/mcs10/bvg/b03/mcs10_b03_s100.A05 fileNameGt=../../cp2016-max-common-connected-subgraph-paper/datasets/graphsdb/mcs10/bvg/b03/mcs10_b03_s100.B05
Reading graphs...
100 : 150
100 : 150
Initializing...
maxdom : 7
D->valSize : 324
Solving...
Blb : 2 (clique : 33)
currentSize : 33 <-- 0.003205 s
currentSize : 34 <-- 0.005286 s
currentSize : 35 <-- 0.365042 s
currentSize : 36 <-- 3.160651 s
currentSize : 37 <-- 8.732430 s
currentSize : 38 <-- 120.890747 s
currentSize : 39 <-- 642.355652 s

TIMEOUT
maxsize : 39
nodes : 211163906.000000
filtered : 976402699.000000
time : 1000.000000
