Parameters: GAD=1 vflib=1 dir=1 label=1 lowerbound=1 fileNameGp=../../cp2016-max-common-connected-subgraph-paper/datasets/graphsdb/mcs10/bvg/b06/mcs10_b06_s70.A03 fileNameGt=../../cp2016-max-common-connected-subgraph-paper/datasets/graphsdb/mcs10/bvg/b06/mcs10_b06_s70.B03
Reading graphs...
70 : 210
70 : 210
Initializing...
maxdom : 9
D->valSize : 298
Solving...
Blb : 2 (clique : 19)
currentSize : 19 <-- 0.002314 s
currentSize : 20 <-- 0.002497 s
currentSize : 21 <-- 0.003965 s
currentSize : 22 <-- 0.056527 s
currentSize : 23 <-- 3.325968 s
currentSize : 24 <-- 123.040878 s
currentSize : 25 <-- 164.911301 s

TIMEOUT
maxsize : 25
nodes : 214582858.000000
filtered : 1768686948.000000
time : 1000.000000
