Parameters: GAD=1 vflib=1 dir=1 label=1 lowerbound=1 fileNameGp=../../cp2016-max-common-connected-subgraph-paper/datasets/graphsdb/mcs10/m3D/m3D/mcs10_m3D_s100.A01 fileNameGt=../../cp2016-max-common-connected-subgraph-paper/datasets/graphsdb/mcs10/m3D/m3D/mcs10_m3D_s100.B01
Reading graphs...
100 : 235
100 : 235
Initializing...
maxdom : 7
D->valSize : 317
Solving...
Blb : 2 (clique : 27)
currentSize : 27 <-- 0.003011 s
currentSize : 28 <-- 0.003325 s
currentSize : 29 <-- 0.006979 s
currentSize : 30 <-- 0.351927 s
currentSize : 31 <-- 0.355885 s
currentSize : 32 <-- 4.580735 s
currentSize : 33 <-- 5.241717 s
currentSize : 34 <-- 88.323959 s

TIMEOUT
maxsize : 34
nodes : 182587350.000000
filtered : 1087695885.000000
time : 1000.000000
