Parameters: GAD=1 vflib=1 dir=1 label=1 lowerbound=1 fileNameGp=../../cp2016-max-common-connected-subgraph-paper/datasets/graphsdb/mcs10/bvg/b03m/mcs10_b03m_s80.A07 fileNameGt=../../cp2016-max-common-connected-subgraph-paper/datasets/graphsdb/mcs10/bvg/b03m/mcs10_b03m_s80.B07
Reading graphs...
80 : 120
80 : 120
Initializing...
maxdom : 9
D->valSize : 397
Solving...
Blb : 2 (clique : 26)
currentSize : 26 <-- 0.005939 s
currentSize : 27 <-- 0.006269 s
currentSize : 28 <-- 0.007006 s
currentSize : 29 <-- 0.127266 s
currentSize : 30 <-- 1.834608 s
currentSize : 31 <-- 28.587465 s
currentSize : 32 <-- 92.544670 s
currentSize : 33 <-- 97.423241 s

TIMEOUT
maxsize : 33
nodes : 222166467.000000
filtered : 1137994148.000000
time : 1000.000000
