Parameters: GAD=1 vflib=1 dir=1 label=1 lowerbound=1 fileNameGp=../../cp2016-max-common-connected-subgraph-paper/datasets/graphsdb/mcs10/bvg/b03/mcs10_b03_s60.A08 fileNameGt=../../cp2016-max-common-connected-subgraph-paper/datasets/graphsdb/mcs10/bvg/b03/mcs10_b03_s60.B08
Reading graphs...
60 : 90
60 : 90
Initializing...
maxdom : 8
D->valSize : 230
Solving...
Blb : 2 (clique : 21)
currentSize : 21 <-- 0.002405 s
currentSize : 22 <-- 0.004443 s
currentSize : 23 <-- 0.148142 s
currentSize : 24 <-- 0.395252 s
currentSize : 25 <-- 0.462650 s
currentSize : 26 <-- 0.671327 s
currentSize : 27 <-- 2.160501 s
currentSize : 28 <-- 9.809182 s
currentSize : 29 <-- 674.942566 s

TIMEOUT
maxsize : 29
nodes : 251510798.000000
filtered : 1415675080.000000
time : 1000.000000
