Parameters: GAD=1 vflib=1 dir=1 label=1 lowerbound=1 fileNameGp=../../cp2016-max-common-connected-subgraph-paper/datasets/graphsdb/mcs10/m3D/m3Dr2/mcs10_m3Dr2_s100.A05 fileNameGt=../../cp2016-max-common-connected-subgraph-paper/datasets/graphsdb/mcs10/m3D/m3Dr2/mcs10_m3Dr2_s100.B05
Reading graphs...
100 : 255
100 : 255
Initializing...
maxdom : 7
D->valSize : 297
Solving...
Blb : 2 (clique : 26)
currentSize : 26 <-- 0.002837 s
currentSize : 27 <-- 0.004655 s
currentSize : 28 <-- 0.032341 s
currentSize : 29 <-- 0.070338 s
currentSize : 30 <-- 21.482416 s
currentSize : 31 <-- 24.037409 s
currentSize : 32 <-- 118.293549 s
currentSize : 33 <-- 697.702820 s

TIMEOUT
maxsize : 33
nodes : 190311718.000000
filtered : 809022721.000000
time : 1000.000000
