Parameters: GAD=1 vflib=1 dir=1 label=1 lowerbound=1 fileNameGp=../../cp2016-max-common-connected-subgraph-paper/datasets/graphsdb/mcs10/m4D/m4Dr2/mcs10_m4Dr2_s100.A05 fileNameGt=../../cp2016-max-common-connected-subgraph-paper/datasets/graphsdb/mcs10/m4D/m4Dr2/mcs10_m4Dr2_s100.B05
Reading graphs...
100 : 179
100 : 179
Initializing...
maxdom : 8
D->valSize : 322
Solving...
Blb : 2 (clique : 31)
currentSize : 31 <-- 0.003192 s
currentSize : 32 <-- 0.003854 s
currentSize : 33 <-- 0.004409 s
currentSize : 34 <-- 0.034996 s
currentSize : 35 <-- 0.054445 s
currentSize : 36 <-- 16.179537 s
currentSize : 37 <-- 494.242065 s
currentSize : 38 <-- 984.087646 s

TIMEOUT
maxsize : 38
nodes : 169603018.000000
filtered : 987017937.000000
time : 1000.000061
