Parameters: GAD=1 vflib=1 dir=1 label=1 lowerbound=1 fileNameGp=../../cp2016-max-common-connected-subgraph-paper/datasets/graphsdb/mcs10/bvg/b06/mcs10_b06_s90.A07 fileNameGt=../../cp2016-max-common-connected-subgraph-paper/datasets/graphsdb/mcs10/bvg/b06/mcs10_b06_s90.B07
Reading graphs...
90 : 270
90 : 270
Initializing...
maxdom : 10
D->valSize : 509
Solving...
Blb : 2 (clique : 26)
currentSize : 26 <-- 0.009256 s
currentSize : 29 <-- 0.009584 s
currentSize : 30 <-- 0.014157 s
currentSize : 31 <-- 0.017282 s
currentSize : 32 <-- 36.847862 s
currentSize : 33 <-- 434.059540 s

TIMEOUT
maxsize : 33
nodes : 165166784.000000
filtered : 1357342582.000000
time : 1000.000000
