Parameters: GAD=1 vflib=1 dir=1 label=1 lowerbound=1 fileNameGp=../../cp2016-max-common-connected-subgraph-paper/datasets/graphsdb/mcs10/bvg/b03m/mcs10_b03m_s60.A09 fileNameGt=../../cp2016-max-common-connected-subgraph-paper/datasets/graphsdb/mcs10/bvg/b03m/mcs10_b03m_s60.B09
Reading graphs...
60 : 90
60 : 90
Initializing...
maxdom : 9
D->valSize : 253
Solving...
Blb : 2 (clique : 21)
currentSize : 21 <-- 0.001746 s
currentSize : 22 <-- 348.559753 s
currentSize : 24 <-- 388.221649 s
currentSize : 25 <-- 713.990967 s
currentSize : 26 <-- 714.179382 s
currentSize : 27 <-- 894.025940 s

TIMEOUT
maxsize : 27
nodes : 207253890.000000
filtered : 1555081113.000000
time : 1000.000000
