Parameters: GAD=1 vflib=1 dir=1 label=1 lowerbound=1 fileNameGp=../../cp2016-max-common-connected-subgraph-paper/datasets/graphsdb/mcs10/rand/r005/mcs10_r005_s90.A03 fileNameGt=../../cp2016-max-common-connected-subgraph-paper/datasets/graphsdb/mcs10/rand/r005/mcs10_r005_s90.B03
Reading graphs...
90 : 405
90 : 405
Initializing...
maxdom : 11
D->valSize : 536
Solving...
Blb : 2 (clique : 19)
currentSize : 19 <-- 0.006002 s
currentSize : 20 <-- 0.006704 s
currentSize : 21 <-- 0.008061 s
currentSize : 22 <-- 0.008482 s
currentSize : 23 <-- 0.235582 s
currentSize : 24 <-- 111.120811 s

TIMEOUT
maxsize : 24
nodes : 169679382.000000
filtered : 1796984431.000000
time : 1000.000000
