Parameters: GAD=1 vflib=1 dir=1 label=1 lowerbound=1 fileNameGp=../../cp2016-max-common-connected-subgraph-paper/datasets/graphsdb/mcs10/m2D/m2D/mcs10_m2D_s60.A03 fileNameGt=../../cp2016-max-common-connected-subgraph-paper/datasets/graphsdb/mcs10/m2D/m2D/mcs10_m2D_s60.B03
Reading graphs...
60 : 104
60 : 104
Initializing...
maxdom : 8
D->valSize : 266
Solving...
Blb : 2 (clique : 19)
currentSize : 19 <-- 0.001963 s
currentSize : 20 <-- 0.002116 s
currentSize : 21 <-- 0.002332 s
currentSize : 22 <-- 0.003000 s
currentSize : 23 <-- 0.081437 s
currentSize : 24 <-- 1.693071 s
currentSize : 25 <-- 104.996819 s

TIMEOUT
maxsize : 25
nodes : 229680875.000000
filtered : 2025947348.000000
time : 1000.000000
