Parameters: GAD=1 vflib=1 dir=1 label=1 lowerbound=1 fileNameGp=../../cp2016-max-common-connected-subgraph-paper/datasets/graphsdb/mcs10/bvg/b06m/mcs10_b06m_s90.A08 fileNameGt=../../cp2016-max-common-connected-subgraph-paper/datasets/graphsdb/mcs10/bvg/b06m/mcs10_b06m_s90.B08
Reading graphs...
90 : 270
90 : 270
Initializing...
maxdom : 10
D->valSize : 539
Solving...
Blb : 2 (clique : 23)
currentSize : 23 <-- 0.006101 s
currentSize : 25 <-- 0.006382 s
currentSize : 26 <-- 0.017724 s
currentSize : 27 <-- 0.240024 s
currentSize : 28 <-- 0.406385 s
currentSize : 29 <-- 214.418884 s

TIMEOUT
maxsize : 29
nodes : 200638521.000000
filtered : 1267763783.000000
time : 1000.000000
