Parameters: GAD=1 vflib=1 dir=1 label=1 lowerbound=1 fileNameGp=../../cp2016-max-common-connected-subgraph-paper/datasets/graphsdb/mcs10/m2D/m2Dr6/mcs10_m2Dr6_s100.A00 fileNameGt=../../cp2016-max-common-connected-subgraph-paper/datasets/graphsdb/mcs10/m2D/m2Dr6/mcs10_m2Dr6_s100.B00
Reading graphs...
100 : 240
100 : 239
Initializing...
maxdom : 7
D->valSize : 336
Solving...
Blb : 5 (clique : 25)
currentSize : 25 <-- 0.003190 s
currentSize : 26 <-- 0.004316 s
currentSize : 27 <-- 0.004905 s
currentSize : 28 <-- 0.013780 s
currentSize : 29 <-- 19.752705 s
currentSize : 30 <-- 101.226334 s
currentSize : 31 <-- 912.805359 s

TIMEOUT
maxsize : 31
nodes : 202014714.000000
filtered : 820313877.000000
time : 1000.000000
