Parameters: GAD=1 vflib=1 dir=1 label=1 lowerbound=1 fileNameGp=../../cp2016-max-common-connected-subgraph-paper/datasets/graphsdb/mcs10/rand/r01/mcs10_r01_s100.A07 fileNameGt=../../cp2016-max-common-connected-subgraph-paper/datasets/graphsdb/mcs10/rand/r01/mcs10_r01_s100.B07
Reading graphs...
100 : 990
100 : 990
Initializing...
maxdom : 8
D->valSize : 319
Solving...
Blb : 2 (clique : 11)
currentSize : 11 <-- 0.002858 s
currentSize : 14 <-- 0.003166 s
currentSize : 15 <-- 0.003221 s
currentSize : 16 <-- 0.668310 s
currentSize : 17 <-- 72.376099 s
currentSize : 18 <-- 138.645691 s

maxsize : 18
nodes : 36484817.000000
filtered : 316409633.000000
time : 217.300476
