Parameters: GAD=1 vflib=1 dir=1 label=1 lowerbound=1 fileNameGp=../../cp2016-max-common-connected-subgraph-paper/datasets/graphsdb/mcs10/m3D/m3Dr6/mcs10_m3Dr6_s60.A05 fileNameGt=../../cp2016-max-common-connected-subgraph-paper/datasets/graphsdb/mcs10/m3D/m3Dr6/mcs10_m3Dr6_s60.B05
Reading graphs...
60 : 170
60 : 169
Initializing...
maxdom : 8
D->valSize : 238
Solving...
Blb : 5 (clique : 17)
currentSize : 17 <-- 0.001530 s
currentSize : 18 <-- 0.185478 s
currentSize : 19 <-- 0.980560 s
currentSize : 20 <-- 5.148887 s
currentSize : 21 <-- 22.129812 s

maxsize : 21
nodes : 109807471.000000
filtered : 859476582.000000
time : 468.394104
