Parameters: GAD=1 vflib=1 dir=1 label=1 lowerbound=1 fileNameGp=../../cp2016-max-common-connected-subgraph-paper/datasets/graphsdb/mcs10/m4D/m4Dr4/mcs10_m4Dr4_s100.A03 fileNameGt=../../cp2016-max-common-connected-subgraph-paper/datasets/graphsdb/mcs10/m4D/m4Dr4/mcs10_m4Dr4_s100.B03
Reading graphs...
100 : 199
100 : 198
Initializing...
maxdom : 6
D->valSize : 310
Solving...
Blb : 2 (clique : 29)
currentSize : 29 <-- 0.002952 s
currentSize : 30 <-- 0.003511 s
currentSize : 31 <-- 0.061773 s
currentSize : 32 <-- 0.094772 s
currentSize : 33 <-- 12.305143 s
currentSize : 34 <-- 52.086277 s
currentSize : 35 <-- 139.407242 s
currentSize : 36 <-- 150.999191 s
currentSize : 37 <-- 544.053162 s

TIMEOUT
maxsize : 37
nodes : 180800673.000000
filtered : 1005276901.000000
time : 1000.000000
