Parameters: GAD=1 vflib=1 dir=1 label=1 lowerbound=1 fileNameGp=../../cp2016-max-common-connected-subgraph-paper/datasets/graphsdb/mcs10/rand/r005/mcs10_r005_s60.A00 fileNameGt=../../cp2016-max-common-connected-subgraph-paper/datasets/graphsdb/mcs10/rand/r005/mcs10_r005_s60.B00
Reading graphs...
60 : 181
60 : 181
Initializing...
maxdom : 6
D->valSize : 232
Solving...
Blb : 2 (clique : 15)
currentSize : 15 <-- 0.001546 s
currentSize : 16 <-- 0.001660 s
currentSize : 17 <-- 0.001740 s
currentSize : 18 <-- 0.001851 s
currentSize : 19 <-- 0.016114 s
currentSize : 20 <-- 0.039460 s
currentSize : 21 <-- 18.378309 s

maxsize : 21
nodes : 32903282.000000
filtered : 250008156.000000
time : 139.408325
