Parameters: GAD=1 vflib=1 dir=1 label=1 lowerbound=1 fileNameGp=../../cp2016-max-common-connected-subgraph-paper/datasets/graphsdb/mcs10/m3D/m3Dr2/mcs10_m3Dr2_s80.A01 fileNameGt=../../cp2016-max-common-connected-subgraph-paper/datasets/graphsdb/mcs10/m3D/m3Dr2/mcs10_m3Dr2_s80.B01
Reading graphs...
80 : 200
80 : 200
Initializing...
maxdom : 11
D->valSize : 373
Solving...
Blb : 2 (clique : 23)
currentSize : 23 <-- 0.003402 s
currentSize : 24 <-- 0.003608 s
currentSize : 25 <-- 0.014025 s
currentSize : 26 <-- 0.045066 s
currentSize : 27 <-- 3.045851 s
currentSize : 28 <-- 3.881717 s

TIMEOUT
maxsize : 28
nodes : 204634374.000000
filtered : 1414003320.000000
time : 1000.000000
