Parameters: GAD=1 vflib=1 dir=1 label=1 lowerbound=1 fileNameGp=../../cp2016-max-common-connected-subgraph-paper/datasets/graphsdb/mcs10/bvg/b09/mcs10_b09_s100.A04 fileNameGt=../../cp2016-max-common-connected-subgraph-paper/datasets/graphsdb/mcs10/bvg/b09/mcs10_b09_s100.B04
Reading graphs...
100 : 450
100 : 450
Initializing...
maxdom : 8
D->valSize : 311
Solving...
Blb : 5 (clique : 19)
currentSize : 19 <-- 0.002823 s
currentSize : 20 <-- 0.003464 s
currentSize : 21 <-- 0.003654 s
currentSize : 22 <-- 0.007660 s
currentSize : 23 <-- 9.887864 s
currentSize : 24 <-- 247.157166 s
currentSize : 25 <-- 247.443420 s

TIMEOUT
maxsize : 25
nodes : 180785917.000000
filtered : 1156886084.000000
time : 1000.000000
