Parameters: GAD=1 vflib=1 dir=1 label=1 lowerbound=1 fileNameGp=../../cp2016-max-common-connected-subgraph-paper/datasets/graphsdb/mcs10/bvg/b09m/mcs10_b09m_s100.A06 fileNameGt=../../cp2016-max-common-connected-subgraph-paper/datasets/graphsdb/mcs10/bvg/b09m/mcs10_b09m_s100.B06
Reading graphs...
100 : 450
100 : 450
Initializing...
maxdom : 8
D->valSize : 347
Solving...
Blb : 5 (clique : 20)
currentSize : 20 <-- 0.005112 s
currentSize : 21 <-- 0.029921 s
currentSize : 22 <-- 1.494910 s
currentSize : 23 <-- 3.064489 s
currentSize : 24 <-- 3.313099 s
currentSize : 25 <-- 293.779114 s
currentSize : 26 <-- 308.319366 s

TIMEOUT
maxsize : 26
nodes : 181679418.000000
filtered : 1240063270.000000
time : 1000.000061
