Parameters: GAD=1 vflib=1 dir=1 label=1 lowerbound=1 fileNameGp=../../cp2016-max-common-connected-subgraph-paper/datasets/graphsdb/mcs10/rand/r01/mcs10_r01_s70.A04 fileNameGt=../../cp2016-max-common-connected-subgraph-paper/datasets/graphsdb/mcs10/rand/r01/mcs10_r01_s70.B04
Reading graphs...
70 : 485
70 : 485
Initializing...
maxdom : 6
D->valSize : 300
Solving...
Blb : 2 (clique : 10)
currentSize : 10 <-- 0.003387 s
currentSize : 11 <-- 0.003794 s
currentSize : 12 <-- 0.007846 s
currentSize : 13 <-- 0.016077 s
currentSize : 14 <-- 0.585387 s
currentSize : 15 <-- 4.896553 s
currentSize : 16 <-- 14.059065 s

maxsize : 16
nodes : 4765001.000000
filtered : 46764105.000000
time : 23.364126
