Parameters: GAD=1 vflib=1 dir=1 label=1 lowerbound=1 fileNameGp=../../cp2016-max-common-connected-subgraph-paper/datasets/graphsdb/mcs10/bvg/b06m/mcs10_b06m_s70.A03 fileNameGt=../../cp2016-max-common-connected-subgraph-paper/datasets/graphsdb/mcs10/bvg/b06m/mcs10_b06m_s70.B03
Reading graphs...
70 : 210
70 : 210
Initializing...
maxdom : 7
D->valSize : 320
Solving...
Blb : 2 (clique : 19)
currentSize : 19 <-- 0.002568 s
currentSize : 20 <-- 0.128686 s
currentSize : 21 <-- 0.232607 s
currentSize : 22 <-- 10.199609 s
currentSize : 23 <-- 67.127197 s
currentSize : 24 <-- 446.570251 s

TIMEOUT
maxsize : 24
nodes : 211248190.000000
filtered : 1725615711.000000
time : 1000.000000
