Parameters: GAD=1 vflib=1 dir=1 label=1 lowerbound=1 fileNameGp=../../cp2016-max-common-connected-subgraph-paper/datasets/graphsdb/mcs10/m2D/m2Dr2/mcs10_m2Dr2_s80.A00 fileNameGt=../../cp2016-max-common-connected-subgraph-paper/datasets/graphsdb/mcs10/m2D/m2Dr2/mcs10_m2Dr2_s80.B00
Reading graphs...
80 : 158
80 : 158
Initializing...
maxdom : 9
D->valSize : 417
Solving...
Blb : 2 (clique : 26)
currentSize : 26 <-- 0.004028 s
currentSize : 27 <-- 0.004839 s
currentSize : 28 <-- 0.083192 s
currentSize : 29 <-- 0.205935 s
currentSize : 30 <-- 25.227753 s
currentSize : 31 <-- 457.167297 s

TIMEOUT
maxsize : 31
nodes : 195377412.000000
filtered : 1443834408.000000
time : 1000.000000
