Parameters: GAD=1 vflib=1 dir=1 label=1 lowerbound=1 fileNameGp=../../cp2016-max-common-connected-subgraph-paper/datasets/graphsdb/mcs10/rand/r01/mcs10_r01_s90.A07 fileNameGt=../../cp2016-max-common-connected-subgraph-paper/datasets/graphsdb/mcs10/rand/r01/mcs10_r01_s90.B07
Reading graphs...
90 : 802
90 : 802
Initializing...
maxdom : 10
D->valSize : 516
Solving...
Blb : 2 (clique : 12)
currentSize : 12 <-- 0.005269 s
currentSize : 13 <-- 0.005521 s
currentSize : 14 <-- 0.011897 s
currentSize : 15 <-- 0.013949 s
currentSize : 16 <-- 0.038255 s
currentSize : 17 <-- 5.949516 s
currentSize : 18 <-- 480.557190 s

TIMEOUT
maxsize : 18
nodes : 168568984.000000
filtered : 2218160669.000000
time : 1000.000000
