Parameters: GAD=1 vflib=1 dir=1 label=1 lowerbound=1 fileNameGp=../../cp2016-max-common-connected-subgraph-paper/datasets/graphsdb/mcs10/m3D/m3Dr2/mcs10_m3Dr2_s70.A01 fileNameGt=../../cp2016-max-common-connected-subgraph-paper/datasets/graphsdb/mcs10/m3D/m3Dr2/mcs10_m3Dr2_s70.B01
Reading graphs...
70 : 173
70 : 173
Initializing...
maxdom : 7
D->valSize : 317
Solving...
Blb : 2 (clique : 22)
currentSize : 22 <-- 0.002755 s
currentSize : 23 <-- 0.007611 s
currentSize : 24 <-- 1.146413 s
currentSize : 25 <-- 7.647321 s
currentSize : 26 <-- 15.760870 s
currentSize : 27 <-- 123.954529 s

TIMEOUT
maxsize : 27
nodes : 205154273.000000
filtered : 1698966422.000000
time : 1000.000000
