Parameters: GAD=1 vflib=1 dir=1 label=1 lowerbound=1 fileNameGp=../../cp2016-max-common-connected-subgraph-paper/datasets/graphsdb/mcs10/rand/r01/mcs10_r01_s80.A08 fileNameGt=../../cp2016-max-common-connected-subgraph-paper/datasets/graphsdb/mcs10/rand/r01/mcs10_r01_s80.B08
Reading graphs...
80 : 634
80 : 634
Initializing...
maxdom : 9
D->valSize : 420
Solving...
Blb : 2 (clique : 11)
currentSize : 11 <-- 0.005893 s
currentSize : 12 <-- 0.006063 s
currentSize : 13 <-- 0.006464 s
currentSize : 14 <-- 0.008178 s
currentSize : 15 <-- 0.022453 s
currentSize : 16 <-- 2.178632 s
currentSize : 17 <-- 21.738632 s

maxsize : 17
nodes : 46722621.000000
filtered : 575806019.000000
time : 257.810120
