Parameters: GAD=1 vflib=1 dir=1 label=1 lowerbound=1 fileNameGp=../../cp2016-max-common-connected-subgraph-paper/datasets/graphsdb/mcs10/bvg/b06/mcs10_b06_s70.A01 fileNameGt=../../cp2016-max-common-connected-subgraph-paper/datasets/graphsdb/mcs10/bvg/b06/mcs10_b06_s70.B01
Reading graphs...
70 : 210
70 : 210
Initializing...
maxdom : 9
D->valSize : 299
Solving...
Blb : 3 (clique : 17)
currentSize : 17 <-- 0.002185 s
currentSize : 18 <-- 0.002487 s
currentSize : 19 <-- 0.005240 s
currentSize : 20 <-- 0.047285 s
currentSize : 21 <-- 9.683235 s
currentSize : 22 <-- 475.020935 s
currentSize : 23 <-- 476.963623 s

TIMEOUT
maxsize : 23
nodes : 202682638.000000
filtered : 1963267674.000000
time : 1000.000000
