Parameters: GAD=1 vflib=1 dir=1 label=1 lowerbound=1 fileNameGp=../../cp2016-max-common-connected-subgraph-paper/datasets/graphsdb/mcs10/bvg/b03/mcs10_b03_s60.A07 fileNameGt=../../cp2016-max-common-connected-subgraph-paper/datasets/graphsdb/mcs10/bvg/b03/mcs10_b03_s60.B07
Reading graphs...
60 : 90
60 : 90
Initializing...
maxdom : 8
D->valSize : 249
Solving...
Blb : 2 (clique : 23)
currentSize : 23 <-- 0.001901 s
currentSize : 24 <-- 0.046968 s
currentSize : 25 <-- 0.493804 s
currentSize : 26 <-- 0.965163 s
currentSize : 27 <-- 38.113960 s

maxsize : 27
nodes : 129282648.000000
filtered : 1116657599.000000
time : 564.594910
