Parameters: GAD=1 vflib=1 dir=1 label=1 lowerbound=1 fileNameGp=../../cp2016-max-common-connected-subgraph-paper/datasets/graphsdb/mcs10/m2D/m2Dr4/mcs10_m2Dr4_s100.A02 fileNameGt=../../cp2016-max-common-connected-subgraph-paper/datasets/graphsdb/mcs10/m2D/m2Dr4/mcs10_m2Dr4_s100.B02
Reading graphs...
100 : 220
100 : 218
Initializing...
maxdom : 7
D->valSize : 311
Solving...
Blb : 3 (clique : 29)
currentSize : 29 <-- 0.003223 s
currentSize : 30 <-- 0.015261 s
currentSize : 31 <-- 0.027864 s
currentSize : 32 <-- 0.338195 s
currentSize : 33 <-- 0.372288 s
currentSize : 34 <-- 1.510241 s
currentSize : 35 <-- 11.543419 s

TIMEOUT
maxsize : 35
nodes : 197567625.000000
filtered : 776278392.000000
time : 1000.000061
