Parameters: GAD=1 vflib=1 dir=1 label=1 lowerbound=1 fileNameGp=../../cp2016-max-common-connected-subgraph-paper/datasets/graphsdb/mcs10/m3D/m3D/mcs10_m3D_s100.A03 fileNameGt=../../cp2016-max-common-connected-subgraph-paper/datasets/graphsdb/mcs10/m3D/m3D/mcs10_m3D_s100.B03
Reading graphs...
100 : 235
100 : 235
Initializing...
maxdom : 7
D->valSize : 339
Solving...
Blb : 2 (clique : 27)
currentSize : 27 <-- 0.003289 s
currentSize : 28 <-- 0.003898 s
currentSize : 29 <-- 0.021406 s
currentSize : 30 <-- 0.062561 s
currentSize : 31 <-- 1.683694 s
currentSize : 32 <-- 44.650337 s
currentSize : 33 <-- 831.222412 s

TIMEOUT
maxsize : 33
nodes : 186569411.000000
filtered : 932547444.000000
time : 1000.000000
