Parameters: GAD=1 vflib=1 dir=1 label=1 lowerbound=1 fileNameGp=../../cp2016-max-common-connected-subgraph-paper/datasets/graphsdb/mcs10/m4D/m4Dr2/mcs10_m4Dr2_s100.A04 fileNameGt=../../cp2016-max-common-connected-subgraph-paper/datasets/graphsdb/mcs10/m4D/m4Dr2/mcs10_m4Dr2_s100.B04
Reading graphs...
100 : 179
100 : 176
Initializing...
maxdom : 8
D->valSize : 328
Solving...
Blb : 2 (clique : 33)
currentSize : 33 <-- 0.005223 s
currentSize : 35 <-- 0.005579 s
currentSize : 36 <-- 0.037426 s
currentSize : 37 <-- 0.306578 s
currentSize : 38 <-- 104.731377 s
currentSize : 39 <-- 247.397369 s

TIMEOUT
maxsize : 39
nodes : 193194202.000000
filtered : 913813797.000000
time : 1000.000000
