Parameters: GAD=1 vflib=1 dir=1 label=1 lowerbound=1 fileNameGp=../../cp2016-max-common-connected-subgraph-paper/datasets/graphsdb/mcs10/m3D/m3D/mcs10_m3D_s70.A00 fileNameGt=../../cp2016-max-common-connected-subgraph-paper/datasets/graphsdb/mcs10/m3D/m3D/mcs10_m3D_s70.B00
Reading graphs...
70 : 159
70 : 159
Initializing...
maxdom : 8
D->valSize : 333
Solving...
Blb : 2 (clique : 21)
currentSize : 21 <-- 0.004248 s
currentSize : 22 <-- 0.006217 s
currentSize : 23 <-- 0.022832 s
currentSize : 24 <-- 0.162631 s
currentSize : 25 <-- 71.417274 s
currentSize : 26 <-- 382.284180 s
currentSize : 27 <-- 873.206787 s

TIMEOUT
maxsize : 27
nodes : 208698228.000000
filtered : 1728222366.000000
time : 1000.000000
