Parameters: GAD=1 vflib=1 dir=1 label=1 lowerbound=1 fileNameGp=../../cp2016-max-common-connected-subgraph-paper/datasets/graphsdb/mcs10/m2D/m2Dr6/mcs10_m2Dr6_s100.A08 fileNameGt=../../cp2016-max-common-connected-subgraph-paper/datasets/graphsdb/mcs10/m2D/m2Dr6/mcs10_m2Dr6_s100.B08
Reading graphs...
100 : 240
100 : 238
Initializing...
maxdom : 8
D->valSize : 318
Solving...
Blb : 2 (clique : 29)
currentSize : 29 <-- 0.004942 s
currentSize : 30 <-- 0.399849 s
currentSize : 31 <-- 5.922506 s
currentSize : 32 <-- 26.971373 s
currentSize : 33 <-- 33.800865 s
currentSize : 34 <-- 237.196899 s
currentSize : 35 <-- 240.939819 s

TIMEOUT
maxsize : 35
nodes : 178504223.000000
filtered : 1139915588.000000
time : 1000.000000
