Parameters: GAD=1 vflib=1 dir=1 label=1 lowerbound=1 fileNameGp=../../cp2016-max-common-connected-subgraph-paper/datasets/graphsdb/mcs10/m2D/m2Dr6/mcs10_m2Dr6_s50.A05 fileNameGt=../../cp2016-max-common-connected-subgraph-paper/datasets/graphsdb/mcs10/m2D/m2Dr6/mcs10_m2Dr6_s50.B05
Reading graphs...
50 : 115
50 : 113
Initializing...
maxdom : 13
D->valSize : 301
Solving...
Blb : 2 (clique : 15)
currentSize : 15 <-- 0.003412 s
currentSize : 16 <-- 0.004069 s
currentSize : 17 <-- 0.013418 s
currentSize : 18 <-- 0.479534 s
currentSize : 19 <-- 1.701856 s
currentSize : 20 <-- 66.575562 s
currentSize : 21 <-- 151.551285 s

maxsize : 21
nodes : 35859460.000000
filtered : 454823882.000000
time : 161.879318
