Parameters: GAD=1 vflib=1 dir=1 label=1 lowerbound=1 fileNameGp=../../cp2016-max-common-connected-subgraph-paper/datasets/graphsdb/mcs10/bvg/b06m/mcs10_b06m_s70.A04 fileNameGt=../../cp2016-max-common-connected-subgraph-paper/datasets/graphsdb/mcs10/bvg/b06m/mcs10_b06m_s70.B04
Reading graphs...
70 : 210
70 : 210
Initializing...
maxdom : 7
D->valSize : 301
Solving...
Blb : 2 (clique : 19)
currentSize : 19 <-- 0.003861 s
currentSize : 20 <-- 0.004200 s
currentSize : 21 <-- 0.006494 s
currentSize : 22 <-- 0.008051 s
currentSize : 23 <-- 0.530072 s
currentSize : 24 <-- 6.894941 s

TIMEOUT
maxsize : 24
nodes : 202821395.000000
filtered : 1802637405.000000
time : 1000.000000
