Parameters: GAD=1 vflib=1 dir=1 label=1 lowerbound=1 fileNameGp=../../cp2016-max-common-connected-subgraph-paper/datasets/graphsdb/mcs10/m2D/m2Dr2/mcs10_m2Dr2_s70.A07 fileNameGt=../../cp2016-max-common-connected-subgraph-paper/datasets/graphsdb/mcs10/m2D/m2Dr2/mcs10_m2Dr2_s70.B07
Reading graphs...
70 : 137
70 : 137
Initializing...
maxdom : 9
D->valSize : 323
Solving...
Blb : 2 (clique : 25)
currentSize : 25 <-- 0.002642 s
currentSize : 26 <-- 0.012123 s
currentSize : 27 <-- 0.150098 s
currentSize : 28 <-- 33.964317 s
currentSize : 29 <-- 36.353214 s
currentSize : 30 <-- 324.668640 s

TIMEOUT
maxsize : 30
nodes : 217867354.000000
filtered : 1756492039.000000
time : 1000.000061
