Parameters: GAD=1 vflib=1 dir=1 label=1 lowerbound=1 fileNameGp=../../cp2016-max-common-connected-subgraph-paper/datasets/graphsdb/mcs10/m4D/m4Dr6/mcs10_m4Dr6_s100.A00 fileNameGt=../../cp2016-max-common-connected-subgraph-paper/datasets/graphsdb/mcs10/m4D/m4Dr6/mcs10_m4Dr6_s100.B00
Reading graphs...
100 : 219
100 : 217
Initializing...
maxdom : 7
D->valSize : 331
Solving...
Blb : 2 (clique : 29)
currentSize : 29 <-- 0.005183 s
currentSize : 30 <-- 0.005495 s
currentSize : 31 <-- 0.010050 s
currentSize : 32 <-- 0.024817 s
currentSize : 33 <-- 0.408097 s
currentSize : 34 <-- 3.271846 s
currentSize : 35 <-- 160.953568 s
currentSize : 36 <-- 643.715332 s

TIMEOUT
maxsize : 36
nodes : 197186085.000000
filtered : 902590678.000000
time : 1000.000000
