Parameters: GAD=1 vflib=1 dir=1 label=1 lowerbound=1 fileNameGp=../../cp2016-max-common-connected-subgraph-paper/datasets/graphsdb/mcs10/m3D/m3Dr2/mcs10_m3Dr2_s70.A08 fileNameGt=../../cp2016-max-common-connected-subgraph-paper/datasets/graphsdb/mcs10/m3D/m3Dr2/mcs10_m3Dr2_s70.B08
Reading graphs...
70 : 172
70 : 172
Initializing...
maxdom : 9
D->valSize : 269
Solving...
Blb : 2 (clique : 18)
currentSize : 18 <-- 0.002122 s
currentSize : 19 <-- 0.003569 s
currentSize : 20 <-- 0.017667 s
currentSize : 21 <-- 0.065082 s
currentSize : 22 <-- 0.077288 s
currentSize : 23 <-- 4.057300 s
currentSize : 24 <-- 29.518606 s
currentSize : 25 <-- 383.343170 s
currentSize : 26 <-- 635.768066 s

TIMEOUT
maxsize : 26
nodes : 210648180.000000
filtered : 1629049268.000000
time : 1000.000000
