Parameters: GAD=1 vflib=1 dir=1 label=1 lowerbound=1 fileNameGp=../../cp2016-max-common-connected-subgraph-paper/datasets/graphsdb/mcs10/m2D/m2Dr2/mcs10_m2Dr2_s100.A05 fileNameGt=../../cp2016-max-common-connected-subgraph-paper/datasets/graphsdb/mcs10/m2D/m2Dr2/mcs10_m2Dr2_s100.B05
Reading graphs...
100 : 200
100 : 200
Initializing...
maxdom : 8
D->valSize : 353
Solving...
Blb : 2 (clique : 30)
currentSize : 30 <-- 0.005630 s
currentSize : 31 <-- 0.006098 s
currentSize : 32 <-- 0.006564 s
currentSize : 33 <-- 0.035865 s
currentSize : 34 <-- 0.057665 s
currentSize : 35 <-- 0.081702 s
currentSize : 36 <-- 1.039789 s
currentSize : 37 <-- 19.967333 s
currentSize : 38 <-- 165.973679 s

TIMEOUT
maxsize : 38
nodes : 189106721.000000
filtered : 914101504.000000
time : 1000.000000
