Parameters: GAD=1 vflib=1 dir=1 label=1 lowerbound=1 fileNameGp=../../cp2016-max-common-connected-subgraph-paper/datasets/graphsdb/mcs10/m3D/m3Dr6/mcs10_m3Dr6_s80.A09 fileNameGt=../../cp2016-max-common-connected-subgraph-paper/datasets/graphsdb/mcs10/m3D/m3Dr6/mcs10_m3Dr6_s80.B09
Reading graphs...
80 : 232
80 : 230
Initializing...
maxdom : 9
D->valSize : 417
Solving...
Blb : 5 (clique : 22)
currentSize : 22 <-- 0.006238 s
currentSize : 23 <-- 0.025255 s
currentSize : 24 <-- 0.488371 s
currentSize : 25 <-- 3.459750 s
currentSize : 26 <-- 6.401327 s
currentSize : 27 <-- 57.784878 s
currentSize : 28 <-- 223.486923 s

TIMEOUT
maxsize : 28
nodes : 185973745.000000
filtered : 1645392219.000000
time : 1000.000000
