Parameters: GAD=1 vflib=1 dir=1 label=1 lowerbound=1 fileNameGp=../../cp2016-max-common-connected-subgraph-paper/datasets/graphsdb/mcs10/m2D/m2Dr6/mcs10_m2Dr6_s70.A08 fileNameGt=../../cp2016-max-common-connected-subgraph-paper/datasets/graphsdb/mcs10/m2D/m2Dr6/mcs10_m2Dr6_s70.B08
Reading graphs...
70 : 165
70 : 165
Initializing...
maxdom : 7
D->valSize : 324
Solving...
Blb : 2 (clique : 19)
currentSize : 19 <-- 0.002626 s
currentSize : 20 <-- 0.888216 s
currentSize : 21 <-- 42.280270 s
currentSize : 22 <-- 57.036270 s
currentSize : 23 <-- 162.290726 s
currentSize : 24 <-- 302.228760 s

TIMEOUT
maxsize : 24
nodes : 220411984.000000
filtered : 1379016057.000000
time : 1000.000000
