Parameters: GAD=1 vflib=1 dir=1 label=1 lowerbound=1 fileNameGp=../../cp2016-max-common-connected-subgraph-paper/datasets/graphsdb/mcs10/m3D/m3Dr6/mcs10_m3Dr6_s60.A00 fileNameGt=../../cp2016-max-common-connected-subgraph-paper/datasets/graphsdb/mcs10/m3D/m3Dr6/mcs10_m3Dr6_s60.B00
Reading graphs...
60 : 170
60 : 168
Initializing...
maxdom : 10
D->valSize : 261
Solving...
Blb : 2 (clique : 16)
currentSize : 16 <-- 0.003005 s
currentSize : 17 <-- 0.003224 s
currentSize : 18 <-- 0.005815 s
currentSize : 19 <-- 0.009290 s
currentSize : 20 <-- 0.096192 s
currentSize : 21 <-- 34.408497 s
currentSize : 22 <-- 42.197540 s

maxsize : 22
nodes : 26650349.000000
filtered : 242637906.000000
time : 118.209198
