Parameters: GAD=1 vflib=1 dir=1 label=1 lowerbound=1 fileNameGp=../../cp2016-max-common-connected-subgraph-paper/datasets/graphsdb/mcs10/m3D/m3Dr6/mcs10_m3Dr6_s70.A00 fileNameGt=../../cp2016-max-common-connected-subgraph-paper/datasets/graphsdb/mcs10/m3D/m3Dr6/mcs10_m3Dr6_s70.B00
Reading graphs...
70 : 201
70 : 201
Initializing...
maxdom : 7
D->valSize : 317
Solving...
Blb : 2 (clique : 19)
currentSize : 19 <-- 0.002569 s
currentSize : 20 <-- 0.112532 s
currentSize : 21 <-- 0.121588 s
currentSize : 22 <-- 0.124666 s
currentSize : 23 <-- 9.049809 s
currentSize : 24 <-- 404.016846 s

TIMEOUT
maxsize : 24
nodes : 210348746.000000
filtered : 1726722344.000000
time : 1000.000000
