Parameters: GAD=1 vflib=1 dir=1 label=1 lowerbound=1 fileNameGp=../../cp2016-max-common-connected-subgraph-paper/datasets/graphsdb/mcs10/m4D/m4D/mcs10_m4D_s100.A08 fileNameGt=../../cp2016-max-common-connected-subgraph-paper/datasets/graphsdb/mcs10/m4D/m4D/mcs10_m4D_s100.B08
Reading graphs...
100 : 159
100 : 159
Initializing...
maxdom : 6
D->valSize : 312
Solving...
Blb : 2 (clique : 33)
currentSize : 33 <-- 0.002988 s
currentSize : 36 <-- 0.003240 s
currentSize : 37 <-- 0.003847 s
currentSize : 38 <-- 0.004235 s
currentSize : 39 <-- 0.600817 s
currentSize : 40 <-- 92.288132 s

TIMEOUT
maxsize : 40
nodes : 185837859.000000
filtered : 740009578.000000
time : 1000.000061
