Parameters: GAD=1 vflib=1 dir=1 label=1 lowerbound=1 fileNameGp=../../cp2016-max-common-connected-subgraph-paper/datasets/graphsdb/mcs10/rand/r005/mcs10_r005_s60.A07 fileNameGt=../../cp2016-max-common-connected-subgraph-paper/datasets/graphsdb/mcs10/rand/r005/mcs10_r005_s60.B07
Reading graphs...
60 : 181
60 : 181
Initializing...
maxdom : 6
D->valSize : 221
Solving...
Blb : 2 (clique : 16)
currentSize : 16 <-- 0.001443 s
currentSize : 17 <-- 0.001631 s
currentSize : 18 <-- 0.020553 s
currentSize : 19 <-- 0.050804 s
currentSize : 20 <-- 0.419989 s

maxsize : 20
nodes : 64421585.000000
filtered : 480084948.000000
time : 279.559540
