Parameters: GAD=1 vflib=1 dir=1 label=1 lowerbound=1 fileNameGp=../../cp2016-max-common-connected-subgraph-paper/datasets/graphsdb/mcs10/m3D/m3Dr6/mcs10_m3Dr6_s60.A09 fileNameGt=../../cp2016-max-common-connected-subgraph-paper/datasets/graphsdb/mcs10/m3D/m3Dr6/mcs10_m3Dr6_s60.B09
Reading graphs...
60 : 170
60 : 167
Initializing...
maxdom : 7
D->valSize : 219
Solving...
Blb : 2 (clique : 16)
currentSize : 16 <-- 0.001462 s
currentSize : 17 <-- 0.001595 s
currentSize : 18 <-- 0.001833 s
currentSize : 19 <-- 0.043831 s
currentSize : 20 <-- 0.607184 s
currentSize : 21 <-- 22.739473 s
currentSize : 22 <-- 40.013496 s

maxsize : 22
nodes : 21601162.000000
filtered : 151347068.000000
time : 92.805061
