Parameters: GAD=1 vflib=1 dir=1 label=1 lowerbound=1 fileNameGp=../../cp2016-max-common-connected-subgraph-paper/datasets/graphsdb/mcs10/rand/r005/mcs10_r005_s90.A01 fileNameGt=../../cp2016-max-common-connected-subgraph-paper/datasets/graphsdb/mcs10/rand/r005/mcs10_r005_s90.B01
Reading graphs...
90 : 405
90 : 405
Initializing...
maxdom : 10
D->valSize : 548
Solving...
Blb : 2 (clique : 18)
currentSize : 18 <-- 0.005845 s
currentSize : 19 <-- 0.010682 s
currentSize : 20 <-- 29.849852 s
currentSize : 21 <-- 29.924765 s
currentSize : 22 <-- 225.847061 s
currentSize : 23 <-- 952.826965 s

TIMEOUT
maxsize : 23
nodes : 184421000.000000
filtered : 1734651869.000000
time : 1000.000000
