Parameters: GAD=1 vflib=1 dir=1 label=1 lowerbound=1 fileNameGp=../../cp2016-max-common-connected-subgraph-paper/datasets/graphsdb/mcs10/bvg/b03/mcs10_b03_s100.A09 fileNameGt=../../cp2016-max-common-connected-subgraph-paper/datasets/graphsdb/mcs10/bvg/b03/mcs10_b03_s100.B09
Reading graphs...
100 : 150
100 : 150
Initializing...
maxdom : 9
D->valSize : 323
Solving...
Blb : 2 (clique : 37)
currentSize : 37 <-- 0.003203 s
currentSize : 38 <-- 0.004193 s
currentSize : 39 <-- 0.005696 s
currentSize : 40 <-- 0.008046 s
currentSize : 41 <-- 0.057733 s
currentSize : 42 <-- 3.010165 s
currentSize : 43 <-- 5.535351 s

TIMEOUT
maxsize : 43
nodes : 190189915.000000
filtered : 939229985.000000
time : 1000.000061
