Parameters: GAD=1 vflib=1 dir=1 label=1 lowerbound=1 fileNameGp=../../cp2016-max-common-connected-subgraph-paper/datasets/graphsdb/mcs10/m3D/m3Dr2/mcs10_m3Dr2_s80.A00 fileNameGt=../../cp2016-max-common-connected-subgraph-paper/datasets/graphsdb/mcs10/m3D/m3Dr2/mcs10_m3Dr2_s80.B00
Reading graphs...
80 : 200
80 : 200
Initializing...
maxdom : 8
D->valSize : 409
Solving...
Blb : 2 (clique : 22)
currentSize : 22 <-- 0.003839 s
currentSize : 23 <-- 0.006842 s
currentSize : 24 <-- 0.063481 s
currentSize : 25 <-- 0.089696 s
currentSize : 26 <-- 0.348468 s
currentSize : 27 <-- 16.191994 s
currentSize : 28 <-- 16.195774 s
currentSize : 29 <-- 524.121948 s

TIMEOUT
maxsize : 29
nodes : 202623845.000000
filtered : 1517719736.000000
time : 1000.000000
