Parameters: GAD=1 vflib=1 dir=1 label=1 lowerbound=1 fileNameGp=../../cp2016-max-common-connected-subgraph-paper/datasets/graphsdb/mcs10/m2D/m2Dr4/mcs10_m2Dr4_s60.A00 fileNameGt=../../cp2016-max-common-connected-subgraph-paper/datasets/graphsdb/mcs10/m2D/m2Dr4/mcs10_m2Dr4_s60.B00
Reading graphs...
60 : 127
60 : 127
Initializing...
maxdom : 6
D->valSize : 230
Solving...
Blb : 2 (clique : 18)
currentSize : 18 <-- 0.002456 s
currentSize : 19 <-- 0.002616 s
currentSize : 20 <-- 0.002833 s
currentSize : 21 <-- 0.003183 s
currentSize : 22 <-- 4.899851 s
currentSize : 23 <-- 5.460096 s
currentSize : 24 <-- 101.017685 s

TIMEOUT
maxsize : 24
nodes : 234836595.000000
filtered : 1641653093.000000
time : 1000.000000
