Parameters: GAD=1 vflib=1 dir=1 label=1 lowerbound=1 fileNameGp=../../cp2016-max-common-connected-subgraph-paper/datasets/graphsdb/mcs10/bvg/b06/mcs10_b06_s80.A01 fileNameGt=../../cp2016-max-common-connected-subgraph-paper/datasets/graphsdb/mcs10/bvg/b06/mcs10_b06_s80.B01
Reading graphs...
80 : 240
80 : 240
Initializing...
maxdom : 9
D->valSize : 416
Solving...
Blb : 2 (clique : 21)
currentSize : 21 <-- 0.003776 s
currentSize : 22 <-- 0.065071 s
currentSize : 23 <-- 1.983220 s
currentSize : 24 <-- 2.031655 s
currentSize : 25 <-- 65.808029 s
currentSize : 26 <-- 254.953278 s
currentSize : 27 <-- 731.860535 s

TIMEOUT
maxsize : 27
nodes : 196544245.000000
filtered : 1805401983.000000
time : 1000.000000
