Parameters: GAD=1 vflib=1 dir=1 label=1 lowerbound=1 fileNameGp=../../cp2016-max-common-connected-subgraph-paper/datasets/graphsdb/mcs10/m3D/m3Dr4/mcs10_m3Dr4_s100.A04 fileNameGt=../../cp2016-max-common-connected-subgraph-paper/datasets/graphsdb/mcs10/m3D/m3Dr4/mcs10_m3Dr4_s100.B04
Reading graphs...
100 : 275
100 : 275
Initializing...
maxdom : 6
D->valSize : 331
Solving...
Blb : 2 (clique : 27)
currentSize : 27 <-- 0.003264 s
currentSize : 28 <-- 0.003700 s
currentSize : 29 <-- 0.004096 s
currentSize : 30 <-- 0.006667 s
currentSize : 31 <-- 0.007160 s
currentSize : 32 <-- 80.849144 s

TIMEOUT
maxsize : 32
nodes : 188343346.000000
filtered : 815581779.000000
time : 1000.000000
