Parameters: GAD=1 vflib=1 dir=1 label=1 lowerbound=1 fileNameGp=../../cp2016-max-common-connected-subgraph-paper/datasets/graphsdb/mcs10/m3D/m3Dr6/mcs10_m3Dr6_s70.A04 fileNameGt=../../cp2016-max-common-connected-subgraph-paper/datasets/graphsdb/mcs10/m3D/m3Dr6/mcs10_m3Dr6_s70.B04
Reading graphs...
70 : 201
70 : 200
Initializing...
maxdom : 6
D->valSize : 308
Solving...
Blb : 2 (clique : 18)
currentSize : 18 <-- 0.002316 s
currentSize : 19 <-- 0.002694 s
currentSize : 20 <-- 0.003056 s
currentSize : 21 <-- 0.003503 s
currentSize : 22 <-- 0.079046 s
currentSize : 23 <-- 0.129051 s
currentSize : 24 <-- 24.912979 s
currentSize : 25 <-- 206.288834 s

TIMEOUT
maxsize : 25
nodes : 206302318.000000
filtered : 1732314759.000000
time : 1000.000061
