Parameters: GAD=1 vflib=1 dir=1 label=1 lowerbound=1 fileNameGp=../../cp2016-max-common-connected-subgraph-paper/datasets/graphsdb/mcs10/bvg/b06/mcs10_b06_s70.A07 fileNameGt=../../cp2016-max-common-connected-subgraph-paper/datasets/graphsdb/mcs10/bvg/b06/mcs10_b06_s70.B07
Reading graphs...
70 : 210
70 : 210
Initializing...
maxdom : 8
D->valSize : 298
Solving...
Blb : 2 (clique : 18)
currentSize : 18 <-- 0.003712 s
currentSize : 19 <-- 0.004068 s
currentSize : 20 <-- 0.004488 s
currentSize : 21 <-- 0.053121 s
currentSize : 22 <-- 0.217791 s
currentSize : 23 <-- 0.830847 s
currentSize : 24 <-- 189.691238 s

TIMEOUT
maxsize : 24
nodes : 213203820.000000
filtered : 1734688395.000000
time : 1000.000000
