Parameters: GAD=1 vflib=1 dir=1 label=1 lowerbound=1 fileNameGp=../../cp2016-max-common-connected-subgraph-paper/datasets/graphsdb/mcs10/m3D/m3Dr6/mcs10_m3Dr6_s70.A05 fileNameGt=../../cp2016-max-common-connected-subgraph-paper/datasets/graphsdb/mcs10/m3D/m3Dr6/mcs10_m3Dr6_s70.B05
Reading graphs...
70 : 201
70 : 201
Initializing...
maxdom : 7
D->valSize : 306
Solving...
Blb : 2 (clique : 18)
currentSize : 18 <-- 0.003742 s
currentSize : 19 <-- 0.010285 s
currentSize : 20 <-- 0.035828 s
currentSize : 21 <-- 0.762430 s
currentSize : 22 <-- 9.209275 s
currentSize : 23 <-- 73.110977 s

TIMEOUT
maxsize : 23
nodes : 214850223.000000
filtered : 1750920065.000000
time : 1000.000061
