Parameters: GAD=1 vflib=1 dir=1 label=1 lowerbound=1 fileNameGp=../../cp2016-max-common-connected-subgraph-paper/datasets/graphsdb/mcs10/m2D/m2Dr2/mcs10_m2Dr2_s80.A03 fileNameGt=../../cp2016-max-common-connected-subgraph-paper/datasets/graphsdb/mcs10/m2D/m2Dr2/mcs10_m2Dr2_s80.B03
Reading graphs...
80 : 158
80 : 158
Initializing...
maxdom : 11
D->valSize : 427
Solving...
Blb : 2 (clique : 24)
currentSize : 24 <-- 0.004071 s
currentSize : 25 <-- 0.121892 s
currentSize : 26 <-- 0.218019 s
currentSize : 27 <-- 0.680655 s
currentSize : 28 <-- 4.006111 s
currentSize : 29 <-- 332.485748 s

TIMEOUT
maxsize : 29
nodes : 202264440.000000
filtered : 1685044505.000000
time : 1000.000000
