Parameters: GAD=1 vflib=1 dir=1 label=1 lowerbound=1 fileNameGp=../../cp2016-max-common-connected-subgraph-paper/datasets/graphsdb/mcs10/rand/r005/mcs10_r005_s100.A04 fileNameGt=../../cp2016-max-common-connected-subgraph-paper/datasets/graphsdb/mcs10/rand/r005/mcs10_r005_s100.B04
Reading graphs...
100 : 500
100 : 500
Initializing...
maxdom : 7
D->valSize : 328
Solving...
Blb : 2 (clique : 18)
currentSize : 18 <-- 0.004661 s
currentSize : 19 <-- 0.012585 s
currentSize : 20 <-- 0.115250 s
currentSize : 21 <-- 0.123655 s
currentSize : 22 <-- 0.302130 s
currentSize : 23 <-- 1.559872 s
currentSize : 24 <-- 5.988822 s
currentSize : 25 <-- 467.282654 s

TIMEOUT
maxsize : 25
nodes : 182674309.000000
filtered : 1153080475.000000
time : 1000.000000
