Parameters: GAD=1 vflib=1 dir=1 label=1 lowerbound=1 fileNameGp=../../cp2016-max-common-connected-subgraph-paper/datasets/graphsdb/mcs10/rand/r005/mcs10_r005_s50.A05 fileNameGt=../../cp2016-max-common-connected-subgraph-paper/datasets/graphsdb/mcs10/rand/r005/mcs10_r005_s50.B05
Reading graphs...
50 : 125
50 : 125
Initializing...
maxdom : 11
D->valSize : 298
Solving...
Blb : 2 (clique : 15)
currentSize : 15 <-- 0.002108 s
currentSize : 16 <-- 0.002211 s
currentSize : 17 <-- 0.002261 s
currentSize : 18 <-- 0.330724 s
currentSize : 19 <-- 0.450845 s
currentSize : 20 <-- 26.614931 s

maxsize : 20
nodes : 129710976.000000
filtered : 1391843126.000000
time : 561.999390
