Parameters: GAD=1 vflib=1 dir=1 label=1 lowerbound=1 fileNameGp=../../cp2016-max-common-connected-subgraph-paper/datasets/graphsdb/mcs10/m2D/m2Dr2/mcs10_m2Dr2_s80.A07 fileNameGt=../../cp2016-max-common-connected-subgraph-paper/datasets/graphsdb/mcs10/m2D/m2Dr2/mcs10_m2Dr2_s80.B07
Reading graphs...
80 : 158
80 : 158
Initializing...
maxdom : 9
D->valSize : 407
Solving...
Blb : 2 (clique : 26)
currentSize : 26 <-- 0.006344 s
currentSize : 27 <-- 0.006749 s
currentSize : 28 <-- 0.007035 s
currentSize : 29 <-- 1.730788 s
currentSize : 30 <-- 2.719453 s
currentSize : 31 <-- 34.424618 s

TIMEOUT
maxsize : 31
nodes : 197370411.000000
filtered : 1367170826.000000
time : 1000.000000
