Parameters: GAD=1 vflib=1 dir=1 label=1 lowerbound=1 fileNameGp=../../cp2016-max-common-connected-subgraph-paper/datasets/graphsdb/mcs10/m3D/m3Dr4/mcs10_m3Dr4_s70.A09 fileNameGt=../../cp2016-max-common-connected-subgraph-paper/datasets/graphsdb/mcs10/m3D/m3Dr4/mcs10_m3Dr4_s70.B09
Reading graphs...
70 : 187
70 : 186
Initializing...
maxdom : 8
D->valSize : 318
Solving...
Blb : 2 (clique : 19)
currentSize : 19 <-- 0.002556 s
currentSize : 20 <-- 0.163984 s
currentSize : 21 <-- 0.499272 s
currentSize : 22 <-- 1.318518 s
currentSize : 23 <-- 2.470933 s
currentSize : 24 <-- 8.367043 s
currentSize : 25 <-- 947.788269 s

TIMEOUT
maxsize : 25
nodes : 217971073.000000
filtered : 1562728371.000000
time : 1000.000000
