Parameters: GAD=1 vflib=1 dir=1 label=1 lowerbound=1 fileNameGp=../../cp2016-max-common-connected-subgraph-paper/datasets/graphsdb/mcs10/rand/r01/mcs10_r01_s70.A07 fileNameGt=../../cp2016-max-common-connected-subgraph-paper/datasets/graphsdb/mcs10/rand/r01/mcs10_r01_s70.B07
Reading graphs...
70 : 485
70 : 485
Initializing...
maxdom : 8
D->valSize : 312
Solving...
Blb : 5 (clique : 11)
currentSize : 11 <-- 0.002256 s
currentSize : 12 <-- 0.002396 s
currentSize : 13 <-- 0.094097 s
currentSize : 14 <-- 0.148037 s
currentSize : 15 <-- 2.920278 s
currentSize : 16 <-- 17.247524 s

maxsize : 16
nodes : 9624197.000000
filtered : 100972548.000000
time : 47.372456
