Parameters: GAD=1 vflib=1 dir=1 label=1 lowerbound=1 fileNameGp=../../cp2016-max-common-connected-subgraph-paper/datasets/graphsdb/mcs10/rand/r01/mcs10_r01_s90.A06 fileNameGt=../../cp2016-max-common-connected-subgraph-paper/datasets/graphsdb/mcs10/rand/r01/mcs10_r01_s90.B06
Reading graphs...
90 : 802
90 : 802
Initializing...
maxdom : 12
D->valSize : 532
Solving...
Blb : 2 (clique : 13)
currentSize : 13 <-- 0.008807 s
currentSize : 14 <-- 0.010530 s
currentSize : 15 <-- 0.031844 s
currentSize : 16 <-- 4.067896 s
currentSize : 17 <-- 247.787750 s

maxsize : 17
nodes : 150127419.000000
filtered : 2292023319.000000
time : 920.842651
