Parameters: GAD=1 vflib=1 dir=1 label=1 lowerbound=1 fileNameGp=../../cp2016-max-common-connected-subgraph-paper/datasets/graphsdb/mcs10/m4D/m4Dr4/mcs10_m4Dr4_s100.A01 fileNameGt=../../cp2016-max-common-connected-subgraph-paper/datasets/graphsdb/mcs10/m4D/m4Dr4/mcs10_m4Dr4_s100.B01
Reading graphs...
100 : 199
100 : 198
Initializing...
maxdom : 6
D->valSize : 352
Solving...
Blb : 2 (clique : 30)
currentSize : 30 <-- 0.003421 s
currentSize : 31 <-- 0.003696 s
currentSize : 32 <-- 0.004764 s
currentSize : 33 <-- 0.357912 s
currentSize : 34 <-- 1.589271 s
currentSize : 35 <-- 4.246538 s
currentSize : 36 <-- 34.422928 s
currentSize : 37 <-- 60.443439 s

TIMEOUT
maxsize : 37
nodes : 193193243.000000
filtered : 1058018398.000000
time : 1000.000000
