Parameters: GAD=1 vflib=1 dir=1 label=1 lowerbound=1 fileNameGp=../../cp2016-max-common-connected-subgraph-paper/datasets/graphsdb/mcs10/m2D/m2Dr4/mcs10_m2Dr4_s90.A08 fileNameGt=../../cp2016-max-common-connected-subgraph-paper/datasets/graphsdb/mcs10/m2D/m2Dr4/mcs10_m2Dr4_s90.B08
Reading graphs...
90 : 197
90 : 196
Initializing...
maxdom : 8
D->valSize : 514
Solving...
Blb : 2 (clique : 27)
currentSize : 27 <-- 0.005737 s
currentSize : 28 <-- 0.005957 s
currentSize : 29 <-- 0.006033 s
currentSize : 30 <-- 0.006731 s
currentSize : 31 <-- 0.075073 s
currentSize : 32 <-- 6.241131 s
currentSize : 33 <-- 210.715805 s

TIMEOUT
maxsize : 33
nodes : 184693304.000000
filtered : 1352180900.000000
time : 1000.000000
