Parameters: GAD=1 vflib=1 dir=1 label=1 lowerbound=1 fileNameGp=../../cp2016-max-common-connected-subgraph-paper/datasets/graphsdb/mcs10/m3D/m3Dr4/mcs10_m3Dr4_s100.A01 fileNameGt=../../cp2016-max-common-connected-subgraph-paper/datasets/graphsdb/mcs10/m3D/m3Dr4/mcs10_m3Dr4_s100.B01
Reading graphs...
100 : 275
100 : 275
Initializing...
maxdom : 8
D->valSize : 330
Solving...
Blb : 2 (clique : 26)
currentSize : 26 <-- 0.003214 s
currentSize : 27 <-- 0.009724 s
currentSize : 28 <-- 0.010021 s
currentSize : 29 <-- 0.321715 s
currentSize : 30 <-- 0.326189 s
currentSize : 31 <-- 3.162227 s
currentSize : 32 <-- 88.941360 s

TIMEOUT
maxsize : 32
nodes : 180929493.000000
filtered : 1090184302.000000
time : 1000.000061
