Parameters: GAD=1 vflib=1 dir=1 label=1 lowerbound=1 fileNameGp=../../cp2016-max-common-connected-subgraph-paper/datasets/graphsdb/mcs10/rand/r01/mcs10_r01_s100.A05 fileNameGt=../../cp2016-max-common-connected-subgraph-paper/datasets/graphsdb/mcs10/rand/r01/mcs10_r01_s100.B05
Reading graphs...
100 : 990
100 : 990
Initializing...
maxdom : 8
D->valSize : 311
Solving...
Blb : 2 (clique : 11)
currentSize : 11 <-- 0.004243 s
currentSize : 12 <-- 0.005517 s
currentSize : 13 <-- 0.031444 s
currentSize : 14 <-- 0.216973 s
currentSize : 15 <-- 0.343969 s
currentSize : 16 <-- 6.218541 s
currentSize : 17 <-- 13.392281 s

maxsize : 17
nodes : 17648806.000000
filtered : 154772440.000000
time : 106.722832
