Parameters: GAD=1 vflib=1 dir=1 label=1 lowerbound=1 fileNameGp=../../cp2016-max-common-connected-subgraph-paper/datasets/graphsdb/mcs10/bvg/b09/mcs10_b09_s100.A05 fileNameGt=../../cp2016-max-common-connected-subgraph-paper/datasets/graphsdb/mcs10/bvg/b09/mcs10_b09_s100.B05
Reading graphs...
100 : 450
100 : 450
Initializing...
maxdom : 9
D->valSize : 330
Solving...
Blb : 2 (clique : 20)
currentSize : 20 <-- 0.003187 s
currentSize : 21 <-- 0.011390 s
currentSize : 22 <-- 0.047463 s
currentSize : 23 <-- 1.244307 s
currentSize : 24 <-- 5.657810 s
currentSize : 25 <-- 85.403862 s
currentSize : 26 <-- 277.971954 s
currentSize : 27 <-- 471.381470 s

TIMEOUT
maxsize : 27
nodes : 175019116.000000
filtered : 1162221374.000000
time : 1000.000000
