Parameters: GAD=1 vflib=1 dir=1 label=1 lowerbound=1 fileNameGp=../../cp2016-max-common-connected-subgraph-paper/datasets/graphsdb/mcs10/bvg/b06/mcs10_b06_s100.A00 fileNameGt=../../cp2016-max-common-connected-subgraph-paper/datasets/graphsdb/mcs10/bvg/b06/mcs10_b06_s100.B00
Reading graphs...
100 : 300
100 : 300
Initializing...
maxdom : 7
D->valSize : 328
Solving...
Blb : 5 (clique : 26)
currentSize : 26 <-- 0.003183 s
currentSize : 27 <-- 0.027535 s
currentSize : 28 <-- 0.044618 s
currentSize : 29 <-- 0.064278 s
currentSize : 30 <-- 1.443023 s
currentSize : 31 <-- 216.556168 s
currentSize : 32 <-- 269.352295 s

TIMEOUT
maxsize : 32
nodes : 187628504.000000
filtered : 1002829236.000000
time : 1000.000000
