Parameters: GAD=1 vflib=1 dir=1 label=1 lowerbound=1 fileNameGp=../../cp2016-max-common-connected-subgraph-paper/datasets/graphsdb/mcs10/m2D/m2Dr2/mcs10_m2Dr2_s100.A08 fileNameGt=../../cp2016-max-common-connected-subgraph-paper/datasets/graphsdb/mcs10/m2D/m2Dr2/mcs10_m2Dr2_s100.B08
Reading graphs...
100 : 199
100 : 199
Initializing...
maxdom : 8
D->valSize : 331
Solving...
Blb : 2 (clique : 29)
currentSize : 29 <-- 0.005035 s
currentSize : 30 <-- 0.007532 s
currentSize : 31 <-- 0.016302 s
currentSize : 32 <-- 29.132139 s
currentSize : 33 <-- 49.129128 s
currentSize : 34 <-- 334.006134 s
currentSize : 35 <-- 681.637207 s

TIMEOUT
maxsize : 35
nodes : 220260793.000000
filtered : 674366301.000000
time : 1000.000000
