Parameters: GAD=1 vflib=1 dir=1 label=1 lowerbound=1 fileNameGp=../../cp2016-max-common-connected-subgraph-paper/datasets/graphsdb/mcs10/m3D/m3D/mcs10_m3D_s60.A09 fileNameGt=../../cp2016-max-common-connected-subgraph-paper/datasets/graphsdb/mcs10/m3D/m3D/mcs10_m3D_s60.B09
Reading graphs...
60 : 134
60 : 134
Initializing...
maxdom : 6
D->valSize : 248
Solving...
Blb : 2 (clique : 17)
currentSize : 17 <-- 0.001721 s
currentSize : 19 <-- 0.002141 s
currentSize : 20 <-- 0.145423 s
currentSize : 21 <-- 3.158040 s
currentSize : 22 <-- 104.809334 s

maxsize : 22
nodes : 205594116.000000
filtered : 1713375430.000000
time : 888.124939
