Parameters: GAD=1 vflib=1 dir=1 label=1 lowerbound=1 fileNameGp=../../cp2016-max-common-connected-subgraph-paper/datasets/graphsdb/mcs10/m3D/m3D/mcs10_m3D_s60.A01 fileNameGt=../../cp2016-max-common-connected-subgraph-paper/datasets/graphsdb/mcs10/m3D/m3D/mcs10_m3D_s60.B01
Reading graphs...
60 : 134
60 : 134
Initializing...
maxdom : 6
D->valSize : 218
Solving...
Blb : 2 (clique : 16)
currentSize : 16 <-- 0.001476 s
currentSize : 17 <-- 0.002025 s
currentSize : 18 <-- 0.002552 s
currentSize : 19 <-- 0.003080 s
currentSize : 20 <-- 0.753950 s
currentSize : 21 <-- 11.818325 s
currentSize : 22 <-- 19.841171 s

maxsize : 22
nodes : 35819968.000000
filtered : 261152325.000000
time : 156.060669
