Parameters: GAD=1 vflib=1 dir=1 label=1 lowerbound=1 fileNameGp=../../cp2016-max-common-connected-subgraph-paper/datasets/graphsdb/mcs10/m3D/m3Dr6/mcs10_m3Dr6_s70.A09 fileNameGt=../../cp2016-max-common-connected-subgraph-paper/datasets/graphsdb/mcs10/m3D/m3Dr6/mcs10_m3Dr6_s70.B09
Reading graphs...
70 : 201
70 : 200
Initializing...
maxdom : 8
D->valSize : 291
Solving...
Blb : 3 (clique : 18)
currentSize : 18 <-- 0.002274 s
currentSize : 19 <-- 0.002968 s
currentSize : 20 <-- 0.169664 s
currentSize : 21 <-- 2.387249 s
currentSize : 22 <-- 96.069939 s
currentSize : 23 <-- 449.247314 s

TIMEOUT
maxsize : 23
nodes : 214319847.000000
filtered : 1676491397.000000
time : 1000.000000
