Parameters: GAD=1 vflib=1 dir=1 label=1 lowerbound=1 fileNameGp=../../cp2016-max-common-connected-subgraph-paper/datasets/graphsdb/mcs10/m2D/m2Dr6/mcs10_m2Dr6_s60.A09 fileNameGt=../../cp2016-max-common-connected-subgraph-paper/datasets/graphsdb/mcs10/m2D/m2Dr6/mcs10_m2Dr6_s60.B09
Reading graphs...
60 : 140
60 : 139
Initializing...
maxdom : 10
D->valSize : 237
Solving...
Blb : 2 (clique : 17)
currentSize : 17 <-- 0.001572 s
currentSize : 18 <-- 0.003944 s
currentSize : 19 <-- 0.021905 s
currentSize : 20 <-- 0.036881 s
currentSize : 21 <-- 0.257578 s
currentSize : 22 <-- 12.652622 s
currentSize : 23 <-- 73.894089 s

maxsize : 23
nodes : 65212242.000000
filtered : 533360959.000000
time : 295.799591
