Parameters: GAD=1 vflib=1 dir=1 label=1 lowerbound=1 fileNameGp=../../cp2016-max-common-connected-subgraph-paper/datasets/graphsdb/mcs10/bvg/b09m/mcs10_b09m_s100.A00 fileNameGt=../../cp2016-max-common-connected-subgraph-paper/datasets/graphsdb/mcs10/bvg/b09m/mcs10_b09m_s100.B00
Reading graphs...
100 : 450
100 : 450
Initializing...
maxdom : 9
D->valSize : 320
Solving...
Blb : 2 (clique : 20)
currentSize : 20 <-- 0.002997 s
currentSize : 21 <-- 0.009613 s
currentSize : 22 <-- 0.071216 s
currentSize : 23 <-- 0.086676 s
currentSize : 24 <-- 5.017976 s
currentSize : 25 <-- 17.864376 s
currentSize : 26 <-- 52.496601 s
currentSize : 27 <-- 128.351212 s
currentSize : 28 <-- 751.305786 s

TIMEOUT
maxsize : 28
nodes : 173651927.000000
filtered : 1323072441.000000
time : 1000.000000
