Parameters: GAD=1 vflib=1 dir=1 label=1 lowerbound=1 fileNameGp=../../cp2016-max-common-connected-subgraph-paper/datasets/graphsdb/mcs10/m2D/m2D/mcs10_m2D_s80.A07 fileNameGt=../../cp2016-max-common-connected-subgraph-paper/datasets/graphsdb/mcs10/m2D/m2D/mcs10_m2D_s80.B07
Reading graphs...
80 : 142
80 : 142
Initializing...
maxdom : 10
D->valSize : 428
Solving...
Blb : 2 (clique : 26)
currentSize : 26 <-- 0.004020 s
currentSize : 27 <-- 0.009983 s
currentSize : 28 <-- 0.010235 s
currentSize : 29 <-- 1.444054 s
currentSize : 30 <-- 1.617699 s
currentSize : 31 <-- 11.877832 s

TIMEOUT
maxsize : 31
nodes : 200809218.000000
filtered : 1716486820.000000
time : 1000.000000
