Parameters: GAD=1 vflib=1 dir=1 label=1 lowerbound=1 fileNameGp=../../cp2016-max-common-connected-subgraph-paper/datasets/graphsdb/mcs10/rand/r01/mcs10_r01_s80.A09 fileNameGt=../../cp2016-max-common-connected-subgraph-paper/datasets/graphsdb/mcs10/rand/r01/mcs10_r01_s80.B09
Reading graphs...
80 : 634
80 : 634
Initializing...
maxdom : 9
D->valSize : 406
Solving...
Blb : 2 (clique : 10)
currentSize : 10 <-- 0.005537 s
currentSize : 11 <-- 0.005752 s
currentSize : 12 <-- 0.006312 s
currentSize : 13 <-- 0.006647 s
currentSize : 14 <-- 0.026020 s
currentSize : 15 <-- 0.208139 s
currentSize : 16 <-- 12.184280 s

maxsize : 16
nodes : 58189630.000000
filtered : 713837464.000000
time : 318.812775
