Parameters: GAD=1 vflib=1 dir=1 label=1 lowerbound=1 fileNameGp=../../cp2016-max-common-connected-subgraph-paper/datasets/graphsdb/mcs10/m2D/m2D/mcs10_m2D_s100.A08 fileNameGt=../../cp2016-max-common-connected-subgraph-paper/datasets/graphsdb/mcs10/m2D/m2D/mcs10_m2D_s100.B08
Reading graphs...
100 : 180
100 : 180
Initializing...
maxdom : 9
D->valSize : 314
Solving...
Blb : 2 (clique : 31)
currentSize : 31 <-- 0.005052 s
currentSize : 32 <-- 0.005914 s
currentSize : 33 <-- 0.008306 s
currentSize : 34 <-- 5.732360 s
currentSize : 35 <-- 7.574211 s
currentSize : 36 <-- 254.329926 s
currentSize : 37 <-- 278.396515 s

TIMEOUT
maxsize : 37
nodes : 172274299.000000
filtered : 891794508.000000
time : 1000.000000
