Parameters: GAD=1 vflib=1 dir=1 label=1 lowerbound=1 fileNameGp=../../cp2016-max-common-connected-subgraph-paper/datasets/graphsdb/mcs10/m4D/m4Dr2/mcs10_m4Dr2_s100.A02 fileNameGt=../../cp2016-max-common-connected-subgraph-paper/datasets/graphsdb/mcs10/m4D/m4Dr2/mcs10_m4Dr2_s100.B02
Reading graphs...
100 : 178
100 : 178
Initializing...
maxdom : 10
D->valSize : 349
Solving...
Blb : 2 (clique : 32)
currentSize : 32 <-- 0.003564 s
currentSize : 33 <-- 0.110499 s
currentSize : 34 <-- 0.789514 s
currentSize : 35 <-- 7.690175 s
currentSize : 36 <-- 48.108006 s
currentSize : 37 <-- 121.319176 s
currentSize : 38 <-- 166.726440 s
currentSize : 39 <-- 206.012207 s
currentSize : 40 <-- 904.463196 s

TIMEOUT
maxsize : 40
nodes : 216744168.000000
filtered : 553084473.000000
time : 1000.000000
