Parameters: GAD=1 vflib=1 dir=1 label=1 lowerbound=1 fileNameGp=../../cp2016-max-common-connected-subgraph-paper/datasets/graphsdb/mcs10/m3D/m3Dr4/mcs10_m3Dr4_s70.A05 fileNameGt=../../cp2016-max-common-connected-subgraph-paper/datasets/graphsdb/mcs10/m3D/m3Dr4/mcs10_m3Dr4_s70.B05
Reading graphs...
70 : 187
70 : 186
Initializing...
maxdom : 8
D->valSize : 310
Solving...
Blb : 2 (clique : 18)
currentSize : 18 <-- 0.003756 s
currentSize : 19 <-- 0.003962 s
currentSize : 20 <-- 0.004240 s
currentSize : 21 <-- 0.040946 s
currentSize : 22 <-- 0.242378 s
currentSize : 23 <-- 132.494110 s

TIMEOUT
maxsize : 23
nodes : 225583876.000000
filtered : 1584704794.000000
time : 1000.000000
