Parameters: GAD=1 vflib=1 dir=1 label=1 lowerbound=1 fileNameGp=../../cp2016-max-common-connected-subgraph-paper/datasets/graphsdb/mcs10/m3D/m3Dr6/mcs10_m3Dr6_s100.A01 fileNameGt=../../cp2016-max-common-connected-subgraph-paper/datasets/graphsdb/mcs10/m3D/m3Dr6/mcs10_m3Dr6_s100.B01
Reading graphs...
100 : 295
100 : 295
Initializing...
maxdom : 7
D->valSize : 265
Solving...
Blb : 2 (clique : 20)
currentSize : 20 <-- 0.002489 s
currentSize : 21 <-- 0.002692 s
currentSize : 22 <-- 0.007614 s
currentSize : 23 <-- 0.017609 s
currentSize : 24 <-- 0.090114 s
currentSize : 25 <-- 0.112640 s
currentSize : 26 <-- 0.656989 s
currentSize : 27 <-- 9.575615 s
currentSize : 28 <-- 9.609106 s
currentSize : 29 <-- 450.333099 s

TIMEOUT
maxsize : 29
nodes : 187499470.000000
filtered : 1088854622.000000
time : 1000.000000
