Parameters: GAD=1 vflib=1 dir=1 label=1 lowerbound=1 fileNameGp=../../cp2016-max-common-connected-subgraph-paper/datasets/graphsdb/mcs10/m2D/m2Dr4/mcs10_m2Dr4_s60.A06 fileNameGt=../../cp2016-max-common-connected-subgraph-paper/datasets/graphsdb/mcs10/m2D/m2Dr4/mcs10_m2Dr4_s60.B06
Reading graphs...
60 : 128
60 : 127
Initializing...
maxdom : 8
D->valSize : 214
Solving...
Blb : 2 (clique : 20)
currentSize : 20 <-- 0.001437 s
currentSize : 21 <-- 0.058740 s
currentSize : 22 <-- 0.157263 s
currentSize : 23 <-- 4.201976 s
currentSize : 24 <-- 20.705912 s

maxsize : 24
nodes : 26193628.000000
filtered : 164340466.000000
time : 108.202682
