Parameters: GAD=1 vflib=1 dir=1 label=1 lowerbound=1 fileNameGp=../../cp2016-max-common-connected-subgraph-paper/datasets/graphsdb/mcs10/bvg/b06m/mcs10_b06m_s100.A09 fileNameGt=../../cp2016-max-common-connected-subgraph-paper/datasets/graphsdb/mcs10/bvg/b06m/mcs10_b06m_s100.B09
Reading graphs...
100 : 300
100 : 300
Initializing...
maxdom : 7
D->valSize : 340
Solving...
Blb : 2 (clique : 26)
currentSize : 26 <-- 0.005270 s
currentSize : 28 <-- 0.031037 s
currentSize : 29 <-- 0.843661 s
currentSize : 30 <-- 0.915672 s
currentSize : 31 <-- 58.679066 s
currentSize : 32 <-- 885.125977 s

TIMEOUT
maxsize : 32
nodes : 172317194.000000
filtered : 1014547134.000000
time : 1000.000000
