Parameters: GAD=1 vflib=1 dir=1 label=1 lowerbound=1 fileNameGp=../../cp2016-max-common-connected-subgraph-paper/datasets/graphsdb/mcs10/m2D/m2Dr4/mcs10_m2Dr4_s90.A04 fileNameGt=../../cp2016-max-common-connected-subgraph-paper/datasets/graphsdb/mcs10/m2D/m2Dr4/mcs10_m2Dr4_s90.B04
Reading graphs...
90 : 197
90 : 195
Initializing...
maxdom : 10
D->valSize : 500
Solving...
Blb : 5 (clique : 27)
currentSize : 27 <-- 0.005507 s
currentSize : 28 <-- 8.008479 s
currentSize : 29 <-- 59.010586 s
currentSize : 30 <-- 194.910614 s
currentSize : 31 <-- 275.498230 s
currentSize : 32 <-- 616.415222 s
currentSize : 33 <-- 616.943909 s

TIMEOUT
maxsize : 33
nodes : 200424808.000000
filtered : 1287084515.000000
time : 1000.000000
