Parameters: GAD=1 vflib=1 dir=1 label=1 lowerbound=1 fileNameGp=../../cp2016-max-common-connected-subgraph-paper/datasets/graphsdb/mcs10/bvg/b03m/mcs10_b03m_s60.A02 fileNameGt=../../cp2016-max-common-connected-subgraph-paper/datasets/graphsdb/mcs10/bvg/b03m/mcs10_b03m_s60.B02
Reading graphs...
60 : 90
60 : 90
Initializing...
maxdom : 7
D->valSize : 222
Solving...
Blb : 2 (clique : 21)
currentSize : 21 <-- 0.002410 s
currentSize : 23 <-- 0.002585 s
currentSize : 24 <-- 0.002927 s
currentSize : 25 <-- 0.494969 s
currentSize : 26 <-- 52.212566 s
currentSize : 27 <-- 289.314606 s

maxsize : 27
nodes : 80057658.000000
filtered : 494453975.000000
time : 331.136719
