Parameters: GAD=1 vflib=1 dir=1 label=1 lowerbound=1 fileNameGp=../../cp2016-max-common-connected-subgraph-paper/datasets/graphsdb/mcs10/m3D/m3D/mcs10_m3D_s100.A05 fileNameGt=../../cp2016-max-common-connected-subgraph-paper/datasets/graphsdb/mcs10/m3D/m3D/mcs10_m3D_s100.B05
Reading graphs...
100 : 235
100 : 235
Initializing...
maxdom : 5
D->valSize : 323
Solving...
Blb : 3 (clique : 27)
currentSize : 27 <-- 0.003204 s
currentSize : 28 <-- 0.003665 s
currentSize : 29 <-- 13.112043 s
currentSize : 30 <-- 14.848557 s
currentSize : 31 <-- 62.272400 s
currentSize : 32 <-- 320.730377 s
currentSize : 33 <-- 491.505920 s
currentSize : 34 <-- 512.457520 s

TIMEOUT
maxsize : 34
nodes : 184786080.000000
filtered : 846794692.000000
time : 1000.000061
