Parameters: GAD=1 vflib=1 dir=1 label=1 lowerbound=1 fileNameGp=../../cp2016-max-common-connected-subgraph-paper/datasets/graphsdb/mcs10/rand/r005/mcs10_r005_s90.A05 fileNameGt=../../cp2016-max-common-connected-subgraph-paper/datasets/graphsdb/mcs10/rand/r005/mcs10_r005_s90.B05
Reading graphs...
90 : 405
90 : 405
Initializing...
maxdom : 11
D->valSize : 512
Solving...
Blb : 2 (clique : 19)
currentSize : 19 <-- 0.005457 s
currentSize : 20 <-- 0.005743 s
currentSize : 21 <-- 3.010031 s
currentSize : 22 <-- 3.048533 s
currentSize : 23 <-- 14.218578 s
currentSize : 24 <-- 55.505119 s
currentSize : 25 <-- 572.405457 s

TIMEOUT
maxsize : 25
nodes : 175888804.000000
filtered : 1736021758.000000
time : 1000.000000
