Parameters: GAD=1 vflib=1 dir=1 label=1 lowerbound=1 fileNameGp=../../cp2016-max-common-connected-subgraph-paper/datasets/graphsdb/mcs10/rand/r005/mcs10_r005_s70.A01 fileNameGt=../../cp2016-max-common-connected-subgraph-paper/datasets/graphsdb/mcs10/rand/r005/mcs10_r005_s70.B01
Reading graphs...
70 : 245
70 : 245
Initializing...
maxdom : 9
D->valSize : 295
Solving...
Blb : 2 (clique : 17)
currentSize : 17 <-- 0.002168 s
currentSize : 18 <-- 0.011868 s
currentSize : 19 <-- 0.073629 s
currentSize : 20 <-- 1.875925 s
currentSize : 21 <-- 14.942845 s
currentSize : 22 <-- 148.036484 s
currentSize : 23 <-- 243.368546 s

TIMEOUT
maxsize : 23
nodes : 201742816.000000
filtered : 1972303829.000000
time : 1000.000000
