Parameters: GAD=1 vflib=1 dir=1 label=1 lowerbound=1 fileNameGp=../../cp2016-max-common-connected-subgraph-paper/datasets/graphsdb/mcs10/m3D/m3Dr4/mcs10_m3Dr4_s60.A01 fileNameGt=../../cp2016-max-common-connected-subgraph-paper/datasets/graphsdb/mcs10/m3D/m3Dr4/mcs10_m3Dr4_s60.B01
Reading graphs...
60 : 158
60 : 156
Initializing...
maxdom : 7
D->valSize : 222
Solving...
Blb : 5 (clique : 15)
currentSize : 15 <-- 0.001472 s
currentSize : 16 <-- 0.001565 s
currentSize : 17 <-- 0.890802 s
currentSize : 18 <-- 3.421759 s
currentSize : 19 <-- 6.718304 s
currentSize : 20 <-- 6.770153 s

maxsize : 20
nodes : 15064636.000000
filtered : 115323466.000000
time : 64.759369
