Parameters: GAD=1 vflib=1 dir=1 label=1 lowerbound=1 fileNameGp=../../cp2016-max-common-connected-subgraph-paper/datasets/graphsdb/mcs10/rand/r005/mcs10_r005_s60.A06 fileNameGt=../../cp2016-max-common-connected-subgraph-paper/datasets/graphsdb/mcs10/rand/r005/mcs10_r005_s60.B06
Reading graphs...
60 : 181
60 : 181
Initializing...
maxdom : 6
D->valSize : 236
Solving...
Blb : 2 (clique : 17)
currentSize : 17 <-- 0.001707 s
currentSize : 18 <-- 0.001887 s
currentSize : 19 <-- 0.006169 s
currentSize : 20 <-- 5.795402 s
currentSize : 21 <-- 34.215923 s

maxsize : 21
nodes : 20167366.000000
filtered : 154989227.000000
time : 88.209335
