Parameters: GAD=1 vflib=1 dir=1 label=1 lowerbound=1 fileNameGp=../../cp2016-max-common-connected-subgraph-paper/datasets/graphsdb/mcs10/m2D/m2Dr6/mcs10_m2Dr6_s80.A08 fileNameGt=../../cp2016-max-common-connected-subgraph-paper/datasets/graphsdb/mcs10/m2D/m2Dr6/mcs10_m2Dr6_s80.B08
Reading graphs...
80 : 190
80 : 189
Initializing...
maxdom : 12
D->valSize : 437
Solving...
Blb : 5 (clique : 24)
currentSize : 24 <-- 0.004284 s
currentSize : 25 <-- 0.005726 s
currentSize : 26 <-- 0.011862 s
currentSize : 27 <-- 0.035830 s
currentSize : 28 <-- 0.108188 s
currentSize : 29 <-- 0.143981 s
currentSize : 30 <-- 0.186449 s
currentSize : 31 <-- 29.080811 s

TIMEOUT
maxsize : 31
nodes : 178560930.000000
filtered : 2125264600.000000
time : 1000.000000
