Parameters: GAD=1 vflib=1 dir=1 label=1 lowerbound=1 fileNameGp=../../cp2016-max-common-connected-subgraph-paper/datasets/graphsdb/mcs10/bvg/b03m/mcs10_b03m_s80.A08 fileNameGt=../../cp2016-max-common-connected-subgraph-paper/datasets/graphsdb/mcs10/bvg/b03m/mcs10_b03m_s80.B08
Reading graphs...
80 : 120
80 : 120
Initializing...
maxdom : 8
D->valSize : 406
Solving...
Blb : 2 (clique : 28)
currentSize : 28 <-- 0.003862 s
currentSize : 30 <-- 0.004059 s
currentSize : 31 <-- 0.014771 s
currentSize : 32 <-- 0.857643 s
currentSize : 33 <-- 2.286214 s
currentSize : 34 <-- 329.033356 s

TIMEOUT
maxsize : 34
nodes : 203388627.000000
filtered : 1593593393.000000
time : 1000.000000
