Parameters: GAD=1 vflib=1 dir=1 label=1 lowerbound=1 fileNameGp=../../cp2016-max-common-connected-subgraph-paper/datasets/graphsdb/mcs10/m2D/m2Dr6/mcs10_m2Dr6_s100.A09 fileNameGt=../../cp2016-max-common-connected-subgraph-paper/datasets/graphsdb/mcs10/m2D/m2Dr6/mcs10_m2Dr6_s100.B09
Reading graphs...
100 : 239
100 : 239
Initializing...
maxdom : 8
D->valSize : 342
Solving...
Blb : 2 (clique : 28)
currentSize : 28 <-- 0.005177 s
currentSize : 29 <-- 0.008869 s
currentSize : 30 <-- 0.069779 s
currentSize : 31 <-- 1.343018 s
currentSize : 32 <-- 10.585557 s
currentSize : 33 <-- 57.991821 s
currentSize : 34 <-- 65.829643 s

TIMEOUT
maxsize : 34
nodes : 194546561.000000
filtered : 986182452.000000
time : 1000.000000
