Parameters: GAD=1 vflib=1 dir=1 label=1 lowerbound=1 fileNameGp=../../cp2016-max-common-connected-subgraph-paper/datasets/graphsdb/mcs10/m4D/m4Dr2/mcs10_m4Dr2_s100.A03 fileNameGt=../../cp2016-max-common-connected-subgraph-paper/datasets/graphsdb/mcs10/m4D/m4Dr2/mcs10_m4Dr2_s100.B03
Reading graphs...
100 : 179
100 : 179
Initializing...
maxdom : 9
D->valSize : 362
Solving...
Blb : 2 (clique : 32)
currentSize : 32 <-- 0.006028 s
currentSize : 33 <-- 0.016541 s
currentSize : 34 <-- 3.741475 s
currentSize : 35 <-- 6.471540 s
currentSize : 36 <-- 101.992996 s
currentSize : 37 <-- 366.603699 s
currentSize : 38 <-- 676.917358 s

TIMEOUT
maxsize : 38
nodes : 170303743.000000
filtered : 1093196195.000000
time : 1000.000061
