Parameters: GAD=1 vflib=1 dir=1 label=1 lowerbound=1 fileNameGp=../../cp2016-max-common-connected-subgraph-paper/datasets/graphsdb/mcs10/rand/r005/mcs10_r005_s90.A07 fileNameGt=../../cp2016-max-common-connected-subgraph-paper/datasets/graphsdb/mcs10/rand/r005/mcs10_r005_s90.B07
Reading graphs...
90 : 405
90 : 405
Initializing...
maxdom : 9
D->valSize : 522
Solving...
Blb : 2 (clique : 18)
currentSize : 18 <-- 0.005584 s
currentSize : 19 <-- 0.006216 s
currentSize : 20 <-- 0.483130 s
currentSize : 21 <-- 12.877587 s
currentSize : 22 <-- 56.792339 s
currentSize : 23 <-- 208.646378 s

TIMEOUT
maxsize : 23
nodes : 186609616.000000
filtered : 1545461350.000000
time : 1000.000000
