Parameters: GAD=1 vflib=1 dir=1 label=1 lowerbound=1 fileNameGp=../../cp2016-max-common-connected-subgraph-paper/datasets/graphsdb/mcs10/m3D/m3Dr4/mcs10_m3Dr4_s70.A04 fileNameGt=../../cp2016-max-common-connected-subgraph-paper/datasets/graphsdb/mcs10/m3D/m3Dr4/mcs10_m3Dr4_s70.B04
Reading graphs...
70 : 187
70 : 186
Initializing...
maxdom : 8
D->valSize : 314
Solving...
Blb : 3 (clique : 19)
currentSize : 19 <-- 0.002477 s
currentSize : 20 <-- 0.002646 s
currentSize : 21 <-- 0.677346 s
currentSize : 22 <-- 3.128263 s
currentSize : 23 <-- 82.396027 s
currentSize : 24 <-- 176.722305 s
currentSize : 25 <-- 240.924881 s

TIMEOUT
maxsize : 25
nodes : 206798794.000000
filtered : 1885504881.000000
time : 1000.000000
