Parameters: GAD=1 vflib=1 dir=1 label=1 lowerbound=1 fileNameGp=../../cp2016-max-common-connected-subgraph-paper/datasets/graphsdb/mcs10/m3D/m3Dr2/mcs10_m3Dr2_s100.A02 fileNameGt=../../cp2016-max-common-connected-subgraph-paper/datasets/graphsdb/mcs10/m3D/m3Dr2/mcs10_m3Dr2_s100.B02
Reading graphs...
100 : 255
100 : 254
Initializing...
maxdom : 6
D->valSize : 356
Solving...
Blb : 2 (clique : 27)
currentSize : 27 <-- 0.005359 s
currentSize : 28 <-- 0.005933 s
currentSize : 29 <-- 0.039898 s
currentSize : 30 <-- 0.086952 s
currentSize : 31 <-- 2.265654 s
currentSize : 32 <-- 14.249538 s
currentSize : 33 <-- 19.799578 s
currentSize : 34 <-- 70.258453 s
currentSize : 35 <-- 100.794571 s

TIMEOUT
maxsize : 35
nodes : 190263984.000000
filtered : 1071452330.000000
time : 1000.000000
