Parameters: GAD=1 vflib=1 dir=1 label=1 lowerbound=1 fileNameGp=../../cp2016-max-common-connected-subgraph-paper/datasets/graphsdb/mcs10/m3D/m3Dr4/mcs10_m3Dr4_s100.A08 fileNameGt=../../cp2016-max-common-connected-subgraph-paper/datasets/graphsdb/mcs10/m3D/m3Dr4/mcs10_m3Dr4_s100.B08
Reading graphs...
100 : 275
100 : 275
Initializing...
maxdom : 7
D->valSize : 330
Solving...
Blb : 2 (clique : 24)
currentSize : 24 <-- 0.003145 s
currentSize : 26 <-- 0.003396 s
currentSize : 27 <-- 0.009864 s
currentSize : 28 <-- 0.059418 s
currentSize : 29 <-- 0.505541 s
currentSize : 30 <-- 1.567413 s
currentSize : 31 <-- 2.725354 s
currentSize : 32 <-- 21.131012 s
currentSize : 33 <-- 624.416626 s

TIMEOUT
maxsize : 33
nodes : 192867027.000000
filtered : 1056650101.000000
time : 1000.000000
