Parameters: GAD=1 vflib=1 dir=1 label=1 lowerbound=1 fileNameGp=../../cp2016-max-common-connected-subgraph-paper/datasets/graphsdb/mcs10/m3D/m3Dr4/mcs10_m3Dr4_s70.A03 fileNameGt=../../cp2016-max-common-connected-subgraph-paper/datasets/graphsdb/mcs10/m3D/m3Dr4/mcs10_m3Dr4_s70.B03
Reading graphs...
70 : 187
70 : 187
Initializing...
maxdom : 10
D->valSize : 342
Solving...
Blb : 2 (clique : 21)
currentSize : 21 <-- 0.004489 s
currentSize : 22 <-- 0.007786 s
currentSize : 23 <-- 0.024346 s
currentSize : 24 <-- 0.025333 s
currentSize : 25 <-- 24.595873 s
currentSize : 26 <-- 288.576904 s
currentSize : 27 <-- 395.154358 s

TIMEOUT
maxsize : 27
nodes : 203802194.000000
filtered : 1738518386.000000
time : 1000.000000
