Parameters: GAD=1 vflib=1 dir=1 label=1 lowerbound=1 fileNameGp=../../cp2016-max-common-connected-subgraph-paper/datasets/graphsdb/mcs10/bvg/b06m/mcs10_b06m_s100.A02 fileNameGt=../../cp2016-max-common-connected-subgraph-paper/datasets/graphsdb/mcs10/bvg/b06m/mcs10_b06m_s100.B02
Reading graphs...
100 : 300
100 : 300
Initializing...
maxdom : 6
D->valSize : 304
Solving...
Blb : 2 (clique : 25)
currentSize : 25 <-- 0.002844 s
currentSize : 26 <-- 0.042989 s
currentSize : 27 <-- 0.104736 s
currentSize : 28 <-- 0.145629 s
currentSize : 29 <-- 104.371208 s
currentSize : 30 <-- 574.646301 s

TIMEOUT
maxsize : 30
nodes : 191259557.000000
filtered : 992584717.000000
time : 1000.000000
