Parameters: GAD=1 vflib=1 dir=1 label=1 lowerbound=1 fileNameGp=../../cp2016-max-common-connected-subgraph-paper/datasets/graphsdb/mcs10/m2D/m2Dr4/mcs10_m2Dr4_s60.A02 fileNameGt=../../cp2016-max-common-connected-subgraph-paper/datasets/graphsdb/mcs10/m2D/m2Dr4/mcs10_m2Dr4_s60.B02
Reading graphs...
60 : 128
60 : 127
Initializing...
maxdom : 7
D->valSize : 272
Solving...
Blb : 5 (clique : 17)
currentSize : 17 <-- 0.001877 s
currentSize : 18 <-- 0.003319 s
currentSize : 19 <-- 0.077060 s
currentSize : 20 <-- 0.315336 s
currentSize : 21 <-- 2.257291 s
currentSize : 22 <-- 9.982123 s
currentSize : 23 <-- 10.386985 s

TIMEOUT
maxsize : 23
nodes : 222952766.000000
filtered : 1781408498.000000
time : 1000.000000
