Parameters: GAD=1 vflib=1 dir=1 label=1 lowerbound=1 fileNameGp=../../cp2016-max-common-connected-subgraph-paper/datasets/graphsdb/mcs30/bvg/b03/mcs30_b03_s50.A04 fileNameGt=../../cp2016-max-common-connected-subgraph-paper/datasets/graphsdb/mcs30/bvg/b03/mcs30_b03_s50.B04
Reading graphs...
50 : 75
50 : 75
Initializing...
maxdom : 9
D->valSize : 329
Solving...
Blb : 2 (clique : 20)
currentSize : 20 <-- 0.002421 s
currentSize : 21 <-- 0.037466 s
currentSize : 22 <-- 0.066957 s
currentSize : 23 <-- 12.280420 s
currentSize : 24 <-- 13.266523 s
currentSize : 25 <-- 590.505432 s

maxsize : 25
nodes : 188846685.000000
filtered : 2328226246.000000
time : 824.287842
