Parameters: GAD=1 vflib=1 dir=1 label=1 lowerbound=1 fileNameGp=../../cp2016-max-common-connected-subgraph-paper/datasets/graphsdb/mcs30/bvg/b03/mcs30_b03_s70.A01 fileNameGt=../../cp2016-max-common-connected-subgraph-paper/datasets/graphsdb/mcs30/bvg/b03/mcs30_b03_s70.B01
Reading graphs...
70 : 105
70 : 105
Initializing...
maxdom : 9
D->valSize : 323
Solving...
Blb : 3 (clique : 26)
currentSize : 26 <-- 0.004357 s
currentSize : 27 <-- 0.004666 s
currentSize : 28 <-- 0.005529 s
currentSize : 29 <-- 0.007194 s
currentSize : 30 <-- 30.095900 s
currentSize : 31 <-- 136.151062 s

TIMEOUT
maxsize : 31
nodes : 229888931.000000
filtered : 1567631891.000000
time : 1000.000000
