Parameters: GAD=1 vflib=1 dir=1 label=1 lowerbound=1 fileNameGp=../../cp2016-max-common-connected-subgraph-paper/datasets/graphsdb/mcs30/m2D/m2D/mcs30_m2D_s50.A03 fileNameGt=../../cp2016-max-common-connected-subgraph-paper/datasets/graphsdb/mcs30/m2D/m2D/mcs30_m2D_s50.B03
Reading graphs...
50 : 85
50 : 85
Initializing...
maxdom : 10
D->valSize : 324
Solving...
Blb : 2 (clique : 19)
currentSize : 19 <-- 0.002329 s
currentSize : 20 <-- 0.009914 s
currentSize : 21 <-- 0.146639 s
currentSize : 22 <-- 11.241308 s
currentSize : 23 <-- 12.819464 s
currentSize : 24 <-- 136.048004 s
currentSize : 25 <-- 178.444061 s

maxsize : 25
nodes : 97006601.000000
filtered : 1292811742.000000
time : 450.136261
