Parameters: GAD=1 vflib=1 dir=1 label=1 lowerbound=1 fileNameGp=../../cp2016-max-common-connected-subgraph-paper/datasets/graphsdb/mcs30/rand/r01/mcs30_r01_s80.A08 fileNameGt=../../cp2016-max-common-connected-subgraph-paper/datasets/graphsdb/mcs30/rand/r01/mcs30_r01_s80.B08
Reading graphs...
80 : 631
80 : 631
Initializing...
maxdom : 12
D->valSize : 411
Solving...
Blb : 3 (clique : 11)
currentSize : 11 <-- 0.003605 s
currentSize : 12 <-- 0.003717 s
currentSize : 13 <-- 0.003819 s
currentSize : 14 <-- 0.006204 s
currentSize : 15 <-- 0.036691 s
currentSize : 16 <-- 0.047050 s
currentSize : 17 <-- 0.129925 s
currentSize : 18 <-- 0.137311 s
currentSize : 21 <-- 3.679000 s
currentSize : 24 <-- 3.681655 s

maxsize : 24
nodes : 1592797.000000
filtered : 27827386.000000
time : 9.962045
