Parameters: GAD=1 vflib=1 dir=1 label=1 lowerbound=1 fileNameGp=../../cp2016-max-common-connected-subgraph-paper/datasets/graphsdb/mcs30/m3D/m3Dr4/mcs30_m3Dr4_s70.A05 fileNameGt=../../cp2016-max-common-connected-subgraph-paper/datasets/graphsdb/mcs30/m3D/m3Dr4/mcs30_m3Dr4_s70.B05
Reading graphs...
70 : 187
70 : 187
Initializing...
maxdom : 10
D->valSize : 334
Solving...
Blb : 2 (clique : 25)
currentSize : 25 <-- 0.002652 s
currentSize : 26 <-- 0.002835 s
currentSize : 27 <-- 0.002954 s
currentSize : 28 <-- 0.002972 s
currentSize : 29 <-- 0.016417 s
currentSize : 30 <-- 6.654303 s
currentSize : 31 <-- 24.217129 s
currentSize : 32 <-- 50.101208 s

maxsize : 32
nodes : 67030467.000000
filtered : 635153745.000000
time : 348.702789
