Parameters: GAD=1 vflib=1 dir=1 label=1 lowerbound=1 fileNameGp=../../cp2016-max-common-connected-subgraph-paper/datasets/graphsdb/mcs30/rand/r01/mcs30_r01_s100.A09 fileNameGt=../../cp2016-max-common-connected-subgraph-paper/datasets/graphsdb/mcs30/rand/r01/mcs30_r01_s100.B09
Reading graphs...
100 : 989
100 : 989
Initializing...
maxdom : 7
D->valSize : 323
Solving...
Blb : 5 (clique : 15)
currentSize : 15 <-- 0.004651 s
currentSize : 16 <-- 0.019627 s
currentSize : 18 <-- 0.019792 s
currentSize : 19 <-- 0.073893 s
currentSize : 20 <-- 0.204198 s
currentSize : 21 <-- 0.390994 s
currentSize : 22 <-- 0.426155 s
currentSize : 23 <-- 0.426422 s
currentSize : 24 <-- 2.028353 s
currentSize : 26 <-- 5.741070 s
currentSize : 30 <-- 6.422309 s

maxsize : 30
nodes : 1355203.000000
filtered : 14806756.000000
time : 8.862260
