Parameters: GAD=1 vflib=1 dir=1 label=1 lowerbound=1 fileNameGp=../../cp2016-max-common-connected-subgraph-paper/datasets/graphsdb/mcs30/m4D/m4Dr4/mcs30_m4Dr4_s70.A07 fileNameGt=../../cp2016-max-common-connected-subgraph-paper/datasets/graphsdb/mcs30/m4D/m4Dr4/mcs30_m4Dr4_s70.B07
Reading graphs...
70 : 146
70 : 146
Initializing...
maxdom : 8
D->valSize : 308
Solving...
Blb : 2 (clique : 23)
currentSize : 23 <-- 0.002416 s
currentSize : 24 <-- 0.003632 s
currentSize : 25 <-- 0.008021 s
currentSize : 26 <-- 0.008870 s
currentSize : 27 <-- 0.012174 s
currentSize : 28 <-- 0.030261 s
currentSize : 29 <-- 11.515818 s

TIMEOUT
maxsize : 29
nodes : 214986512.000000
filtered : 1565918748.000000
time : 1000.000000
