Parameters: GAD=1 vflib=1 dir=1 label=1 lowerbound=1 fileNameGp=../../cp2016-max-common-connected-subgraph-paper/datasets/graphsdb/mcs30/bvg/b09/mcs30_b09_s100.A05 fileNameGt=../../cp2016-max-common-connected-subgraph-paper/datasets/graphsdb/mcs30/bvg/b09/mcs30_b09_s100.B05
Reading graphs...
100 : 450
100 : 450
Initializing...
maxdom : 7
D->valSize : 382
Solving...
Blb : 2 (clique : 28)
currentSize : 28 <-- 0.003771 s
currentSize : 29 <-- 0.004475 s
currentSize : 30 <-- 0.005142 s
currentSize : 31 <-- 0.005393 s
currentSize : 32 <-- 0.136780 s
currentSize : 33 <-- 3.105164 s
currentSize : 34 <-- 564.495605 s

TIMEOUT
maxsize : 34
nodes : 192249789.000000
filtered : 759563173.000000
time : 1000.000000
