Parameters: GAD=1 vflib=1 dir=1 label=1 lowerbound=1 fileNameGp=../../cp2016-max-common-connected-subgraph-paper/datasets/graphsdb/mcs30/bvg/b06m/mcs30_b06m_s70.A00 fileNameGt=../../cp2016-max-common-connected-subgraph-paper/datasets/graphsdb/mcs30/bvg/b06m/mcs30_b06m_s70.B00
Reading graphs...
70 : 210
70 : 210
Initializing...
maxdom : 7
D->valSize : 311
Solving...
Blb : 3 (clique : 19)
currentSize : 19 <-- 0.002422 s
currentSize : 20 <-- 0.006499 s
currentSize : 21 <-- 0.007382 s
currentSize : 22 <-- 0.085846 s
currentSize : 23 <-- 3.519067 s
currentSize : 24 <-- 48.855320 s
currentSize : 25 <-- 543.501221 s

TIMEOUT
maxsize : 25
nodes : 219398896.000000
filtered : 1523368413.000000
time : 1000.000000
