Parameters: GAD=1 vflib=1 dir=1 label=1 lowerbound=1 fileNameGp=../../cp2016-max-common-connected-subgraph-paper/datasets/graphsdb/mcs30/bvg/b06m/mcs30_b06m_s70.A05 fileNameGt=../../cp2016-max-common-connected-subgraph-paper/datasets/graphsdb/mcs30/bvg/b06m/mcs30_b06m_s70.B05
Reading graphs...
70 : 210
70 : 210
Initializing...
maxdom : 9
D->valSize : 330
Solving...
Blb : 5 (clique : 21)
currentSize : 21 <-- 0.002620 s
currentSize : 22 <-- 0.499098 s
currentSize : 23 <-- 0.914243 s
currentSize : 24 <-- 0.973098 s
currentSize : 25 <-- 9.118971 s
currentSize : 26 <-- 18.036457 s
currentSize : 27 <-- 44.171604 s

maxsize : 27
nodes : 89207627.000000
filtered : 859661601.000000
time : 447.575562
