Parameters: GAD=1 vflib=1 dir=1 label=1 lowerbound=1 fileNameGp=../../cp2016-max-common-connected-subgraph-paper/datasets/graphsdb/mcs30/bvg/b06/mcs30_b06_s70.A06 fileNameGt=../../cp2016-max-common-connected-subgraph-paper/datasets/graphsdb/mcs30/bvg/b06/mcs30_b06_s70.B06
Reading graphs...
70 : 210
70 : 210
Initializing...
maxdom : 10
D->valSize : 351
Solving...
Blb : 3 (clique : 20)
currentSize : 20 <-- 0.002865 s
currentSize : 21 <-- 0.003067 s
currentSize : 22 <-- 0.013974 s
currentSize : 23 <-- 0.108799 s
currentSize : 24 <-- 0.115270 s
currentSize : 25 <-- 39.371239 s
currentSize : 26 <-- 402.533234 s
currentSize : 27 <-- 555.588745 s

TIMEOUT
maxsize : 27
nodes : 197075192.000000
filtered : 1803305856.000000
time : 1000.000000
