Parameters: GAD=1 vflib=1 dir=1 label=1 lowerbound=1 fileNameGp=../../cp2016-max-common-connected-subgraph-paper/datasets/graphsdb/mcs30/bvg/b06/mcs30_b06_s90.A05 fileNameGt=../../cp2016-max-common-connected-subgraph-paper/datasets/graphsdb/mcs30/bvg/b06/mcs30_b06_s90.B05
Reading graphs...
90 : 270
90 : 270
Initializing...
maxdom : 11
D->valSize : 511
Solving...
Blb : 2 (clique : 25)
currentSize : 25 <-- 0.005748 s
currentSize : 26 <-- 0.010098 s
currentSize : 27 <-- 0.015975 s
currentSize : 28 <-- 0.201276 s
currentSize : 29 <-- 0.209045 s
currentSize : 30 <-- 14.170722 s
currentSize : 31 <-- 75.638771 s
currentSize : 32 <-- 75.648819 s

TIMEOUT
maxsize : 32
nodes : 177873540.000000
filtered : 1909687804.000000
time : 1000.000000
