Parameters: GAD=1 vflib=1 dir=1 label=1 lowerbound=1 fileNameGp=../../cp2016-max-common-connected-subgraph-paper/datasets/graphsdb/mcs30/m2D/m2D/mcs30_m2D_s80.A02 fileNameGt=../../cp2016-max-common-connected-subgraph-paper/datasets/graphsdb/mcs30/m2D/m2D/mcs30_m2D_s80.B02
Reading graphs...
80 : 142
80 : 142
Initializing...
maxdom : 11
D->valSize : 456
Solving...
Blb : 3 (clique : 31)
currentSize : 31 <-- 0.004554 s
currentSize : 32 <-- 0.004815 s
currentSize : 34 <-- 0.004926 s
currentSize : 35 <-- 0.008178 s
currentSize : 36 <-- 0.008270 s
currentSize : 37 <-- 0.060527 s

TIMEOUT
maxsize : 37
nodes : 210524701.000000
filtered : 1465292023.000000
time : 1000.000061
