Parameters: GAD=1 vflib=1 dir=1 label=1 lowerbound=1 fileNameGp=../../cp2016-max-common-connected-subgraph-paper/datasets/graphsdb/mcs30/rand/r001/mcs30_r001_s100.A00 fileNameGt=../../cp2016-max-common-connected-subgraph-paper/datasets/graphsdb/mcs30/rand/r001/mcs30_r001_s100.B00
Reading graphs...
100 : 120
100 : 120
Initializing...
maxdom : 7
D->valSize : 342
Solving...
Blb : 2 (clique : 42)
currentSize : 42 <-- 0.005642 s
currentSize : 43 <-- 0.022376 s
currentSize : 44 <-- 0.023803 s
currentSize : 45 <-- 0.035223 s
currentSize : 46 <-- 0.417651 s
currentSize : 47 <-- 1.014006 s

TIMEOUT
maxsize : 47
nodes : 178720898.000000
filtered : 753124845.000000
time : 1000.000061
