Parameters: GAD=1 vflib=1 dir=1 label=1 lowerbound=1 fileNameGp=../../cp2016-max-common-connected-subgraph-paper/datasets/graphsdb/mcs30/m2D/m2Dr4/mcs30_m2Dr4_s80.A03 fileNameGt=../../cp2016-max-common-connected-subgraph-paper/datasets/graphsdb/mcs30/m2D/m2Dr4/mcs30_m2Dr4_s80.B03
Reading graphs...
80 : 174
80 : 174
Initializing...
maxdom : 7
D->valSize : 415
Solving...
Blb : 2 (clique : 27)
currentSize : 27 <-- 0.004039 s
currentSize : 28 <-- 0.011080 s
currentSize : 29 <-- 3.718620 s
currentSize : 30 <-- 31.193184 s
currentSize : 31 <-- 151.712692 s
currentSize : 32 <-- 323.207458 s

TIMEOUT
maxsize : 32
nodes : 205086942.000000
filtered : 1344818481.000000
time : 1000.000000
