Parameters: GAD=1 vflib=1 dir=1 label=1 lowerbound=1 fileNameGp=../../cp2016-max-common-connected-subgraph-paper/datasets/graphsdb/mcs30/rand/r01/mcs30_r01_s80.A04 fileNameGt=../../cp2016-max-common-connected-subgraph-paper/datasets/graphsdb/mcs30/rand/r01/mcs30_r01_s80.B04
Reading graphs...
80 : 631
80 : 631
Initializing...
maxdom : 9
D->valSize : 393
Solving...
Blb : 2 (clique : 13)
currentSize : 13 <-- 0.003312 s
currentSize : 14 <-- 0.003662 s
currentSize : 15 <-- 0.022762 s
currentSize : 16 <-- 0.026593 s
currentSize : 17 <-- 0.131139 s
currentSize : 18 <-- 0.646015 s
currentSize : 19 <-- 0.646163 s
currentSize : 20 <-- 2.636266 s
currentSize : 23 <-- 2.642473 s
currentSize : 24 <-- 2.642746 s

maxsize : 24
nodes : 2496953.000000
filtered : 42901471.000000
time : 15.647475
