Parameters: GAD=1 vflib=1 dir=1 label=1 lowerbound=1 fileNameGp=../../cp2016-max-common-connected-subgraph-paper/datasets/graphsdb/mcs30/bvg/b06/mcs30_b06_s50.A07 fileNameGt=../../cp2016-max-common-connected-subgraph-paper/datasets/graphsdb/mcs30/bvg/b06/mcs30_b06_s50.B07
Reading graphs...
50 : 150
50 : 150
Initializing...
maxdom : 10
D->valSize : 325
Solving...
Blb : 2 (clique : 14)
currentSize : 14 <-- 0.002225 s
currentSize : 15 <-- 0.002719 s
currentSize : 16 <-- 0.003501 s
currentSize : 17 <-- 0.033825 s
currentSize : 18 <-- 3.798872 s
currentSize : 19 <-- 20.144217 s
currentSize : 20 <-- 99.161324 s

maxsize : 20
nodes : 43639781.000000
filtered : 622477021.000000
time : 202.654129
