Parameters: GAD=1 vflib=1 dir=1 label=1 lowerbound=1 fileNameGp=../../cp2016-max-common-connected-subgraph-paper/datasets/graphsdb/mcs30/rand/r005/mcs30_r005_s50.A09 fileNameGt=../../cp2016-max-common-connected-subgraph-paper/datasets/graphsdb/mcs30/rand/r005/mcs30_r005_s50.B09
Reading graphs...
50 : 126
50 : 126
Initializing...
maxdom : 10
D->valSize : 307
Solving...
Blb : 2 (clique : 15)
currentSize : 15 <-- 0.002102 s
currentSize : 16 <-- 0.031423 s
currentSize : 17 <-- 0.066180 s
currentSize : 18 <-- 0.699812 s
currentSize : 19 <-- 0.819300 s
currentSize : 20 <-- 10.345139 s

maxsize : 20
nodes : 31387165.000000
filtered : 380922069.000000
time : 136.504700
