Parameters: GAD=1 vflib=1 dir=1 label=1 lowerbound=1 fileNameGp=../../cp2016-max-common-connected-subgraph-paper/datasets/graphsdb/mcs30/m3D/m3Dr4/mcs30_m3Dr4_s70.A06 fileNameGt=../../cp2016-max-common-connected-subgraph-paper/datasets/graphsdb/mcs30/m3D/m3Dr4/mcs30_m3Dr4_s70.B06
Reading graphs...
70 : 187
70 : 187
Initializing...
maxdom : 8
D->valSize : 336
Solving...
Blb : 2 (clique : 22)
currentSize : 22 <-- 0.004489 s
currentSize : 23 <-- 0.004743 s
currentSize : 24 <-- 0.005788 s
currentSize : 25 <-- 0.005900 s
currentSize : 26 <-- 11.272072 s
currentSize : 27 <-- 64.599747 s
currentSize : 28 <-- 64.620399 s
currentSize : 29 <-- 386.450104 s
currentSize : 30 <-- 666.911743 s

TIMEOUT
maxsize : 30
nodes : 196050957.000000
filtered : 1854841626.000000
time : 1000.000000
