Parameters: GAD=1 vflib=1 dir=1 label=1 lowerbound=1 fileNameGp=../../cp2016-max-common-connected-subgraph-paper/datasets/graphsdb/mcs30/m4D/m4Dr2/mcs30_m4Dr2_s70.A07 fileNameGt=../../cp2016-max-common-connected-subgraph-paper/datasets/graphsdb/mcs30/m4D/m4Dr2/mcs30_m4Dr2_s70.B07
Reading graphs...
70 : 132
70 : 131
Initializing...
maxdom : 9
D->valSize : 300
Solving...
Blb : 3 (clique : 22)
currentSize : 22 <-- 0.002297 s
currentSize : 23 <-- 0.020913 s
currentSize : 24 <-- 0.054421 s
currentSize : 25 <-- 0.415475 s
currentSize : 26 <-- 91.206711 s
currentSize : 27 <-- 536.449585 s

TIMEOUT
maxsize : 27
nodes : 230366073.000000
filtered : 1519004495.000000
time : 1000.000000
