Parameters: GAD=1 vflib=1 dir=1 label=1 lowerbound=1 fileNameGp=../../cp2016-max-common-connected-subgraph-paper/datasets/graphsdb/mcs30/m2D/m2Dr4/mcs30_m2Dr4_s80.A06 fileNameGt=../../cp2016-max-common-connected-subgraph-paper/datasets/graphsdb/mcs30/m2D/m2Dr4/mcs30_m2Dr4_s80.B06
Reading graphs...
80 : 174
80 : 172
Initializing...
maxdom : 9
D->valSize : 409
Solving...
Blb : 2 (clique : 29)
currentSize : 29 <-- 0.003930 s
currentSize : 31 <-- 0.004138 s
currentSize : 32 <-- 0.008179 s
currentSize : 33 <-- 0.058932 s
currentSize : 34 <-- 0.545611 s
currentSize : 35 <-- 0.545957 s
currentSize : 36 <-- 209.363586 s
currentSize : 37 <-- 227.289017 s

TIMEOUT
maxsize : 37
nodes : 203074763.000000
filtered : 1332305308.000000
time : 1000.000000
