Parameters: GAD=1 vflib=1 dir=1 label=1 lowerbound=1 fileNameGp=../../cp2016-max-common-connected-subgraph-paper/datasets/graphsdb/mcs30/bvg/b06/mcs30_b06_s60.A08 fileNameGt=../../cp2016-max-common-connected-subgraph-paper/datasets/graphsdb/mcs30/bvg/b06/mcs30_b06_s60.B08
Reading graphs...
60 : 180
60 : 180
Initializing...
maxdom : 8
D->valSize : 255
Solving...
Blb : 2 (clique : 15)
currentSize : 15 <-- 0.001728 s
currentSize : 16 <-- 0.002263 s
currentSize : 17 <-- 0.004287 s
currentSize : 18 <-- 0.005248 s
currentSize : 19 <-- 0.005737 s
currentSize : 20 <-- 0.193905 s
currentSize : 21 <-- 0.194146 s
currentSize : 22 <-- 4.710393 s
currentSize : 23 <-- 14.190831 s
currentSize : 24 <-- 14.194085 s

maxsize : 24
nodes : 6950816.000000
filtered : 66640392.000000
time : 32.564438
