Parameters: GAD=1 vflib=1 dir=1 label=1 lowerbound=1 fileNameGp=../../cp2016-max-common-connected-subgraph-paper/datasets/graphsdb/mcs30/bvg/b09/mcs30_b09_s100.A07 fileNameGt=../../cp2016-max-common-connected-subgraph-paper/datasets/graphsdb/mcs30/bvg/b09/mcs30_b09_s100.B07
Reading graphs...
100 : 450
100 : 450
Initializing...
maxdom : 8
D->valSize : 343
Solving...
Blb : 3 (clique : 27)
currentSize : 27 <-- 0.005078 s
currentSize : 28 <-- 0.145030 s
currentSize : 29 <-- 82.432030 s
currentSize : 30 <-- 177.609940 s
currentSize : 31 <-- 259.341217 s
currentSize : 32 <-- 940.018616 s

TIMEOUT
maxsize : 32
nodes : 178867895.000000
filtered : 1029387795.000000
time : 1000.000000
