Parameters: GAD=1 vflib=1 dir=1 label=1 lowerbound=1 fileNameGp=../../cp2016-max-common-connected-subgraph-paper/datasets/graphsdb/mcs30/rand/r005/mcs30_r005_s40.A04 fileNameGt=../../cp2016-max-common-connected-subgraph-paper/datasets/graphsdb/mcs30/rand/r005/mcs30_r005_s40.B04
Reading graphs...
40 : 83
40 : 83
Initializing...
maxdom : 8
D->valSize : 203
Solving...
Blb : 2 (clique : 12)
currentSize : 12 <-- 0.001096 s
currentSize : 13 <-- 0.001334 s
currentSize : 14 <-- 0.003546 s
currentSize : 15 <-- 0.007448 s
currentSize : 16 <-- 0.209366 s
currentSize : 17 <-- 0.247184 s

maxsize : 17
nodes : 1019515.000000
filtered : 10345246.000000
time : 3.889082
