Parameters: GAD=1 vflib=1 dir=1 label=1 lowerbound=1 fileNameGp=../../cp2016-max-common-connected-subgraph-paper/datasets/graphsdb/mcs30/m3D/m3D/mcs30_m3D_s70.A00 fileNameGt=../../cp2016-max-common-connected-subgraph-paper/datasets/graphsdb/mcs30/m3D/m3D/mcs30_m3D_s70.B00
Reading graphs...
70 : 159
70 : 159
Initializing...
maxdom : 8
D->valSize : 346
Solving...
Blb : 2 (clique : 24)
currentSize : 24 <-- 0.002956 s
currentSize : 25 <-- 0.003164 s
currentSize : 26 <-- 0.003472 s
currentSize : 27 <-- 23.365368 s
currentSize : 28 <-- 23.365667 s
currentSize : 29 <-- 23.365717 s
currentSize : 30 <-- 23.365833 s
currentSize : 31 <-- 25.386215 s
currentSize : 32 <-- 32.751354 s

TIMEOUT
maxsize : 32
nodes : 205225890.000000
filtered : 1685628581.000000
time : 1000.000000
