Parameters: GAD=1 vflib=1 dir=1 label=1 lowerbound=1 fileNameGp=../../cp2016-max-common-connected-subgraph-paper/datasets/graphsdb/mcs30/m4D/m4D/mcs30_m4D_s50.A09 fileNameGt=../../cp2016-max-common-connected-subgraph-paper/datasets/graphsdb/mcs30/m4D/m4D/mcs30_m4D_s50.B09
Reading graphs...
50 : 87
50 : 87
Initializing...
maxdom : 9
D->valSize : 325
Solving...
Blb : 2 (clique : 20)
currentSize : 20 <-- 0.002342 s
currentSize : 21 <-- 0.054085 s
currentSize : 22 <-- 0.063328 s
currentSize : 23 <-- 7.733825 s
currentSize : 24 <-- 8.004497 s
currentSize : 25 <-- 27.997955 s

maxsize : 25
nodes : 104002996.000000
filtered : 1441444844.000000
time : 541.480957
