Parameters: GAD=1 vflib=1 dir=1 label=1 lowerbound=1 fileNameGp=../../cp2016-max-common-connected-subgraph-paper/datasets/graphsdb/mcs30/rand/r005/mcs30_r005_s100.A00 fileNameGt=../../cp2016-max-common-connected-subgraph-paper/datasets/graphsdb/mcs30/rand/r005/mcs30_r005_s100.B00
Reading graphs...
100 : 494
100 : 494
Initializing...
maxdom : 8
D->valSize : 335
Solving...
Blb : 2 (clique : 20)
currentSize : 20 <-- 0.003300 s
currentSize : 21 <-- 0.003819 s
currentSize : 22 <-- 0.020640 s
currentSize : 23 <-- 0.180539 s
currentSize : 24 <-- 0.205651 s
currentSize : 25 <-- 1.759611 s
currentSize : 26 <-- 2.072877 s
currentSize : 27 <-- 5.148946 s
currentSize : 28 <-- 247.761566 s
currentSize : 29 <-- 251.226318 s
currentSize : 30 <-- 251.255737 s
currentSize : 31 <-- 881.425720 s

TIMEOUT
maxsize : 31
nodes : 165855050.000000
filtered : 1255378862.000000
time : 1000.000000
