Parameters: GAD=1 vflib=1 dir=1 label=1 lowerbound=1 fileNameGp=../../cp2016-max-common-connected-subgraph-paper/datasets/graphsdb/mcs30/m4D/m4D/mcs30_m4D_s60.A04 fileNameGt=../../cp2016-max-common-connected-subgraph-paper/datasets/graphsdb/mcs30/m4D/m4D/mcs30_m4D_s60.B04
Reading graphs...
60 : 102
60 : 102
Initializing...
maxdom : 8
D->valSize : 218
Solving...
Blb : 2 (clique : 23)
currentSize : 23 <-- 0.001611 s
currentSize : 24 <-- 0.004443 s
currentSize : 25 <-- 0.416061 s
currentSize : 26 <-- 169.285904 s
currentSize : 27 <-- 169.638046 s
currentSize : 28 <-- 195.645294 s

maxsize : 28
nodes : 64951939.000000
filtered : 454753672.000000
time : 270.667633
