Parameters: GAD=1 vflib=1 dir=1 label=1 lowerbound=1 fileNameGp=../../cp2016-max-common-connected-subgraph-paper/datasets/graphsdb/mcs30/rand/r005/mcs30_r005_s70.A04 fileNameGt=../../cp2016-max-common-connected-subgraph-paper/datasets/graphsdb/mcs30/rand/r005/mcs30_r005_s70.B04
Reading graphs...
70 : 240
70 : 240
Initializing...
maxdom : 8
D->valSize : 301
Solving...
Blb : 2 (clique : 16)
currentSize : 16 <-- 0.002442 s
currentSize : 17 <-- 0.002750 s
currentSize : 18 <-- 0.003170 s
currentSize : 19 <-- 0.278115 s
currentSize : 20 <-- 0.368717 s
currentSize : 21 <-- 0.371442 s
currentSize : 22 <-- 0.494200 s
currentSize : 23 <-- 1.069365 s
currentSize : 24 <-- 1.084265 s
currentSize : 25 <-- 1.570050 s

maxsize : 25
nodes : 78293540.000000
filtered : 768523822.000000
time : 397.371185
