Parameters: GAD=1 vflib=1 dir=1 label=1 lowerbound=1 fileNameGp=../../cp2016-max-common-connected-subgraph-paper/datasets/graphsdb/mcs30/bvg/b06m/mcs30_b06m_s50.A03 fileNameGt=../../cp2016-max-common-connected-subgraph-paper/datasets/graphsdb/mcs30/bvg/b06m/mcs30_b06m_s50.B03
Reading graphs...
50 : 150
50 : 150
Initializing...
maxdom : 8
D->valSize : 298
Solving...
Blb : 5 (clique : 14)
currentSize : 14 <-- 0.001973 s
currentSize : 15 <-- 0.005237 s
currentSize : 16 <-- 0.005915 s
currentSize : 17 <-- 3.603507 s
currentSize : 18 <-- 3.606441 s
currentSize : 19 <-- 4.622852 s
currentSize : 20 <-- 4.622947 s
currentSize : 21 <-- 13.934795 s

maxsize : 21
nodes : 3990116.000000
filtered : 52127545.000000
time : 17.787191
