Parameters: GAD=1 vflib=1 dir=1 label=1 lowerbound=1 fileNameGp=../../cp2016-max-common-connected-subgraph-paper/datasets/graphsdb/mcs30/rand/r02/mcs30_r02_s70.A06 fileNameGt=../../cp2016-max-common-connected-subgraph-paper/datasets/graphsdb/mcs30/rand/r02/mcs30_r02_s70.B06
Reading graphs...
70 : 965
70 : 965
Initializing...
maxdom : 8
D->valSize : 309
Solving...
Blb : 2 (clique : 7)
currentSize : 7 <-- 0.002356 s
currentSize : 8 <-- 0.002682 s
currentSize : 9 <-- 0.004804 s
currentSize : 10 <-- 0.015208 s
currentSize : 11 <-- 0.031880 s
currentSize : 12 <-- 0.031964 s
currentSize : 13 <-- 0.032159 s
currentSize : 14 <-- 0.032204 s
currentSize : 15 <-- 0.082635 s
currentSize : 18 <-- 0.084997 s
currentSize : 21 <-- 0.085137 s

maxsize : 21
nodes : 24192.000000
filtered : 454529.000000
time : 0.137529
