Parameters: GAD=1 vflib=1 dir=1 label=1 lowerbound=1 fileNameGp=../../cp2016-max-common-connected-subgraph-paper/datasets/graphsdb/mcs30/bvg/b06m/mcs30_b06m_s100.A09 fileNameGt=../../cp2016-max-common-connected-subgraph-paper/datasets/graphsdb/mcs30/bvg/b06m/mcs30_b06m_s100.B09
Reading graphs...
100 : 300
100 : 300
Initializing...
maxdom : 6
D->valSize : 313
Solving...
Blb : 2 (clique : 25)
currentSize : 25 <-- 0.003008 s
currentSize : 26 <-- 0.052447 s
currentSize : 27 <-- 0.181589 s
currentSize : 28 <-- 1.247596 s
currentSize : 29 <-- 12.863553 s
currentSize : 30 <-- 186.094315 s

TIMEOUT
maxsize : 30
nodes : 189411756.000000
filtered : 975324522.000000
time : 1000.000000
