Parameters: GAD=1 vflib=1 dir=1 label=1 lowerbound=1 fileNameGp=../../cp2016-max-common-connected-subgraph-paper/datasets/graphsdb/mcs30/bvg/b03/mcs30_b03_s80.A04 fileNameGt=../../cp2016-max-common-connected-subgraph-paper/datasets/graphsdb/mcs30/bvg/b03/mcs30_b03_s80.B04
Reading graphs...
80 : 120
80 : 120
Initializing...
maxdom : 11
D->valSize : 444
Solving...
Blb : 5 (clique : 29)
currentSize : 29 <-- 0.004439 s
currentSize : 30 <-- 0.004749 s
currentSize : 31 <-- 0.034176 s
currentSize : 32 <-- 0.034870 s
currentSize : 33 <-- 0.037003 s
currentSize : 34 <-- 24.839540 s

TIMEOUT
maxsize : 34
nodes : 213508097.000000
filtered : 1875873704.000000
time : 1000.000000
