Parameters: GAD=1 vflib=1 dir=1 label=1 lowerbound=1 fileNameGp=../../cp2016-max-common-connected-subgraph-paper/datasets/graphsdb/mcs30/m3D/m3Dr2/mcs30_m3Dr2_s80.A08 fileNameGt=../../cp2016-max-common-connected-subgraph-paper/datasets/graphsdb/mcs30/m3D/m3Dr2/mcs30_m3Dr2_s80.B08
Reading graphs...
80 : 200
80 : 200
Initializing...
maxdom : 8
D->valSize : 422
Solving...
Blb : 2 (clique : 23)
currentSize : 23 <-- 0.004073 s
currentSize : 24 <-- 0.004312 s
currentSize : 25 <-- 0.004930 s
currentSize : 26 <-- 2.124034 s
currentSize : 27 <-- 5.884522 s
currentSize : 28 <-- 22.437733 s
currentSize : 29 <-- 155.164932 s
currentSize : 30 <-- 205.572815 s

TIMEOUT
maxsize : 30
nodes : 196197553.000000
filtered : 1674124486.000000
time : 1000.000000
