Parameters: GAD=1 vflib=1 dir=1 label=1 lowerbound=1 fileNameGp=../../cp2016-max-common-connected-subgraph-paper/datasets/graphsdb/mcs30/bvg/b06/mcs30_b06_s70.A08 fileNameGt=../../cp2016-max-common-connected-subgraph-paper/datasets/graphsdb/mcs30/bvg/b06/mcs30_b06_s70.B08
Reading graphs...
70 : 210
70 : 210
Initializing...
maxdom : 8
D->valSize : 324
Solving...
Blb : 2 (clique : 23)
currentSize : 23 <-- 0.004064 s
currentSize : 24 <-- 0.022304 s
currentSize : 25 <-- 0.022366 s
currentSize : 26 <-- 0.023591 s
currentSize : 27 <-- 3.887350 s

maxsize : 27
nodes : 84719514.000000
filtered : 1006806410.000000
time : 460.953033
