Parameters: GAD=1 vflib=1 dir=1 label=1 lowerbound=1 fileNameGp=../../cp2016-max-common-connected-subgraph-paper/datasets/graphsdb/mcs30/m3D/m3Dr2/mcs30_m3Dr2_s80.A00 fileNameGt=../../cp2016-max-common-connected-subgraph-paper/datasets/graphsdb/mcs30/m3D/m3Dr2/mcs30_m3Dr2_s80.B00
Reading graphs...
80 : 200
80 : 200
Initializing...
maxdom : 13
D->valSize : 466
Solving...
Blb : 2 (clique : 25)
currentSize : 25 <-- 0.007335 s
currentSize : 26 <-- 2.522999 s
currentSize : 27 <-- 14.886505 s
currentSize : 28 <-- 22.734480 s
currentSize : 29 <-- 286.734406 s
currentSize : 30 <-- 573.599609 s

TIMEOUT
maxsize : 30
nodes : 191293000.000000
filtered : 1620056880.000000
time : 1000.000000
