Parameters: GAD=1 vflib=1 dir=1 label=1 lowerbound=1 fileNameGp=../../cp2016-max-common-connected-subgraph-paper/datasets/graphsdb/mcs30/rand/r005/mcs30_r005_s80.A08 fileNameGt=../../cp2016-max-common-connected-subgraph-paper/datasets/graphsdb/mcs30/rand/r005/mcs30_r005_s80.B08
Reading graphs...
80 : 315
80 : 315
Initializing...
maxdom : 9
D->valSize : 386
Solving...
Blb : 2 (clique : 18)
currentSize : 18 <-- 0.003458 s
currentSize : 19 <-- 0.003612 s
currentSize : 20 <-- 0.024467 s
currentSize : 21 <-- 0.326474 s
currentSize : 22 <-- 0.416339 s
currentSize : 23 <-- 3.626583 s
currentSize : 24 <-- 853.883972 s

TIMEOUT
maxsize : 24
nodes : 199337288.000000
filtered : 1608307298.000000
time : 1000.000000
