Parameters: GAD=1 vflib=1 dir=1 label=1 lowerbound=1 fileNameGp=../../cp2016-max-common-connected-subgraph-paper/datasets/graphsdb/mcs30/rand/r005/mcs30_r005_s60.A07 fileNameGt=../../cp2016-max-common-connected-subgraph-paper/datasets/graphsdb/mcs30/rand/r005/mcs30_r005_s60.B07
Reading graphs...
60 : 179
60 : 179
Initializing...
maxdom : 7
D->valSize : 259
Solving...
Blb : 2 (clique : 14)
currentSize : 14 <-- 0.001736 s
currentSize : 15 <-- 0.001821 s
currentSize : 16 <-- 0.001935 s
currentSize : 17 <-- 0.002117 s
currentSize : 18 <-- 0.002945 s
currentSize : 19 <-- 0.122896 s
currentSize : 20 <-- 1.941576 s
currentSize : 21 <-- 75.006874 s
currentSize : 22 <-- 93.828697 s

maxsize : 22
nodes : 32859962.000000
filtered : 311832397.000000
time : 149.898071
