Parameters: GAD=1 vflib=1 dir=1 label=1 lowerbound=1 fileNameGp=../../cp2016-max-common-connected-subgraph-paper/datasets/graphsdb/mcs30/rand/r01/mcs30_r01_s90.A04 fileNameGt=../../cp2016-max-common-connected-subgraph-paper/datasets/graphsdb/mcs30/rand/r01/mcs30_r01_s90.B04
Reading graphs...
90 : 800
90 : 800
Initializing...
maxdom : 9
D->valSize : 534
Solving...
Blb : 2 (clique : 15)
currentSize : 15 <-- 0.008896 s
currentSize : 16 <-- 0.134471 s
currentSize : 17 <-- 1.253693 s
currentSize : 18 <-- 3.497908 s
currentSize : 19 <-- 18.192696 s
currentSize : 20 <-- 18.193077 s
currentSize : 21 <-- 21.883110 s
currentSize : 22 <-- 22.039677 s
currentSize : 23 <-- 24.375879 s
currentSize : 24 <-- 24.375937 s
currentSize : 25 <-- 24.375999 s
currentSize : 26 <-- 31.188375 s
currentSize : 27 <-- 75.828888 s

maxsize : 27
nodes : 17590659.000000
filtered : 363694861.000000
time : 122.590279
