Parameters: GAD=1 vflib=1 dir=1 label=1 lowerbound=1 fileNameGp=../../cp2016-max-common-connected-subgraph-paper/datasets/graphsdb/mcs30/m2D/m2Dr2/mcs30_m2Dr2_s80.A08 fileNameGt=../../cp2016-max-common-connected-subgraph-paper/datasets/graphsdb/mcs30/m2D/m2Dr2/mcs30_m2Dr2_s80.B08
Reading graphs...
80 : 158
80 : 158
Initializing...
maxdom : 10
D->valSize : 413
Solving...
Blb : 2 (clique : 26)
currentSize : 26 <-- 0.006363 s
currentSize : 27 <-- 0.369895 s
currentSize : 28 <-- 18.319485 s
currentSize : 29 <-- 22.822672 s
currentSize : 30 <-- 34.931351 s
currentSize : 31 <-- 46.309059 s
currentSize : 32 <-- 50.322575 s
currentSize : 33 <-- 50.906242 s
currentSize : 34 <-- 94.380081 s
currentSize : 35 <-- 105.148804 s
currentSize : 36 <-- 404.857819 s

TIMEOUT
maxsize : 36
nodes : 167423828.000000
filtered : 2069302717.000000
time : 1000.000000
