Parameters: GAD=1 vflib=1 dir=1 label=1 lowerbound=1 fileNameGp=../../cp2016-max-common-connected-subgraph-paper/datasets/graphsdb/mcs30/m4D/m4Dr6/mcs30_m4Dr6_s80.A00 fileNameGt=../../cp2016-max-common-connected-subgraph-paper/datasets/graphsdb/mcs30/m4D/m4Dr6/mcs30_m4Dr6_s80.B00
Reading graphs...
80 : 179
80 : 179
Initializing...
maxdom : 8
D->valSize : 424
Solving...
Blb : 2 (clique : 25)
currentSize : 25 <-- 0.004064 s
currentSize : 27 <-- 0.004238 s
currentSize : 28 <-- 0.004472 s
currentSize : 29 <-- 0.005576 s
currentSize : 30 <-- 22.266199 s
currentSize : 31 <-- 148.796417 s

TIMEOUT
maxsize : 31
nodes : 196555348.000000
filtered : 1364048095.000000
time : 1000.000000
