Parameters: GAD=1 vflib=1 dir=1 label=1 lowerbound=1 fileNameGp=../../cp2016-max-common-connected-subgraph-paper/datasets/graphsdb/mcs30/m2D/m2Dr2/mcs30_m2Dr2_s60.A05 fileNameGt=../../cp2016-max-common-connected-subgraph-paper/datasets/graphsdb/mcs30/m2D/m2Dr2/mcs30_m2Dr2_s60.B05
Reading graphs...
60 : 116
60 : 116
Initializing...
maxdom : 9
D->valSize : 237
Solving...
Blb : 2 (clique : 20)
currentSize : 20 <-- 0.001691 s
currentSize : 21 <-- 0.006983 s
currentSize : 22 <-- 0.026236 s
currentSize : 23 <-- 0.830605 s
currentSize : 24 <-- 8.464854 s
currentSize : 25 <-- 21.021521 s
currentSize : 26 <-- 354.597900 s

maxsize : 26
nodes : 108969677.000000
filtered : 790496652.000000
time : 470.957794
