Parameters: GAD=1 vflib=1 dir=1 label=1 lowerbound=1 fileNameGp=../../cp2016-max-common-connected-subgraph-paper/datasets/graphsdb/mcs30/m4D/m4Dr6/mcs30_m4Dr6_s90.A05 fileNameGt=../../cp2016-max-common-connected-subgraph-paper/datasets/graphsdb/mcs30/m4D/m4Dr6/mcs30_m4Dr6_s90.B05
Reading graphs...
90 : 200
90 : 200
Initializing...
maxdom : 10
D->valSize : 515
Solving...
Blb : 2 (clique : 31)
currentSize : 31 <-- 0.009317 s
currentSize : 32 <-- 0.009719 s
currentSize : 33 <-- 0.016022 s
currentSize : 34 <-- 0.357792 s
currentSize : 35 <-- 0.360966 s
currentSize : 36 <-- 2.460561 s

TIMEOUT
maxsize : 36
nodes : 212999989.000000
filtered : 998691944.000000
time : 1000.000061
