Parameters: GAD=1 vflib=1 dir=1 label=1 lowerbound=1 fileNameGp=../../cp2016-max-common-connected-subgraph-paper/datasets/graphsdb/mcs30/m3D/m3Dr4/mcs30_m3Dr4_s80.A00 fileNameGt=../../cp2016-max-common-connected-subgraph-paper/datasets/graphsdb/mcs30/m3D/m3Dr4/mcs30_m3Dr4_s80.B00
Reading graphs...
80 : 216
80 : 214
Initializing...
maxdom : 10
D->valSize : 439
Solving...
Blb : 2 (clique : 25)
currentSize : 25 <-- 0.006593 s
currentSize : 26 <-- 0.124152 s
currentSize : 27 <-- 0.140671 s
currentSize : 28 <-- 1.405797 s
currentSize : 29 <-- 2.828354 s
currentSize : 30 <-- 7.298740 s
currentSize : 31 <-- 156.502121 s
currentSize : 32 <-- 434.177216 s

TIMEOUT
maxsize : 32
nodes : 176528982.000000
filtered : 1758242639.000000
time : 1000.000000
