Parameters: GAD=1 vflib=1 dir=1 label=1 lowerbound=1 fileNameGp=../../cp2016-max-common-connected-subgraph-paper/datasets/graphsdb/mcs30/bvg/b09m/mcs30_b09m_s80.A06 fileNameGt=../../cp2016-max-common-connected-subgraph-paper/datasets/graphsdb/mcs30/bvg/b09m/mcs30_b09m_s80.B06
Reading graphs...
80 : 360
80 : 360
Initializing...
maxdom : 9
D->valSize : 432
Solving...
Blb : 2 (clique : 19)
currentSize : 19 <-- 0.006270 s
currentSize : 20 <-- 0.080559 s
currentSize : 21 <-- 5.171968 s
currentSize : 22 <-- 16.755201 s
currentSize : 23 <-- 109.579445 s
currentSize : 24 <-- 109.579773 s
currentSize : 25 <-- 323.971161 s
currentSize : 26 <-- 326.679352 s
currentSize : 27 <-- 595.508789 s
currentSize : 28 <-- 595.909302 s

TIMEOUT
maxsize : 28
nodes : 179243680.000000
filtered : 2050376438.000000
time : 1000.000000
