Parameters: GAD=1 vflib=1 dir=1 label=1 lowerbound=1 fileNameGp=../../cp2016-max-common-connected-subgraph-paper/datasets/graphsdb/mcs30/m2D/m2Dr4/mcs30_m2Dr4_s80.A04 fileNameGt=../../cp2016-max-common-connected-subgraph-paper/datasets/graphsdb/mcs30/m2D/m2Dr4/mcs30_m2Dr4_s80.B04
Reading graphs...
80 : 174
80 : 173
Initializing...
maxdom : 9
D->valSize : 400
Solving...
Blb : 2 (clique : 27)
currentSize : 27 <-- 0.006243 s
currentSize : 28 <-- 0.007074 s
currentSize : 29 <-- 0.007240 s
currentSize : 30 <-- 0.037828 s
currentSize : 31 <-- 0.047506 s
currentSize : 32 <-- 102.475731 s

TIMEOUT
maxsize : 32
nodes : 203503400.000000
filtered : 1449645160.000000
time : 1000.000000
