Parameters: GAD=1 vflib=1 dir=1 label=1 lowerbound=1 fileNameGp=../../cp2016-max-common-connected-subgraph-paper/datasets/graphsdb/mcs30/bvg/b09m/mcs30_b09m_s100.A08 fileNameGt=../../cp2016-max-common-connected-subgraph-paper/datasets/graphsdb/mcs30/bvg/b09m/mcs30_b09m_s100.B08
Reading graphs...
100 : 450
100 : 450
Initializing...
maxdom : 6
D->valSize : 294
Solving...
Blb : 2 (clique : 20)
currentSize : 20 <-- 0.004335 s
currentSize : 21 <-- 0.004756 s
currentSize : 22 <-- 0.005926 s
currentSize : 24 <-- 0.015122 s
currentSize : 25 <-- 0.070590 s
currentSize : 26 <-- 0.081598 s
currentSize : 27 <-- 0.347160 s
currentSize : 28 <-- 0.354704 s
currentSize : 29 <-- 3.596412 s
currentSize : 31 <-- 22.008369 s
currentSize : 32 <-- 57.286232 s
currentSize : 33 <-- 87.731445 s
currentSize : 34 <-- 94.154800 s

maxsize : 34
nodes : 120416513.000000
filtered : 579557776.000000
time : 615.224182
