Parameters: GAD=1 vflib=1 dir=1 label=1 lowerbound=1 fileNameGp=../../cp2016-max-common-connected-subgraph-paper/datasets/graphsdb/mcs30/m4D/m4Dr2/mcs30_m4Dr2_s50.A03 fileNameGt=../../cp2016-max-common-connected-subgraph-paper/datasets/graphsdb/mcs30/m4D/m4Dr2/mcs30_m4Dr2_s50.B03
Reading graphs...
50 : 97
50 : 97
Initializing...
maxdom : 10
D->valSize : 314
Solving...
Blb : 2 (clique : 19)
currentSize : 19 <-- 0.002401 s
currentSize : 20 <-- 0.159117 s
currentSize : 21 <-- 8.396358 s
currentSize : 22 <-- 21.511259 s
currentSize : 23 <-- 82.910515 s

maxsize : 23
nodes : 200891892.000000
filtered : 2550985116.000000
time : 884.603149
