Parameters: GAD=1 vflib=1 dir=1 label=1 lowerbound=1 fileNameGp=../../cp2016-max-common-connected-subgraph-paper/datasets/graphsdb/mcs30/m3D/m3Dr4/mcs30_m3Dr4_s80.A05 fileNameGt=../../cp2016-max-common-connected-subgraph-paper/datasets/graphsdb/mcs30/m3D/m3Dr4/mcs30_m3Dr4_s80.B05
Reading graphs...
80 : 216
80 : 214
Initializing...
maxdom : 9
D->valSize : 435
Solving...
Blb : 2 (clique : 23)
currentSize : 23 <-- 0.004214 s
currentSize : 24 <-- 0.005714 s
currentSize : 25 <-- 0.124048 s
currentSize : 26 <-- 39.919209 s
currentSize : 27 <-- 46.291271 s
currentSize : 28 <-- 114.961243 s
currentSize : 29 <-- 142.633301 s
currentSize : 30 <-- 142.644409 s

TIMEOUT
maxsize : 30
nodes : 186526759.000000
filtered : 1884825078.000000
time : 1000.000000
