Parameters: GAD=1 vflib=1 dir=1 label=1 lowerbound=1 fileNameGp=../../cp2016-max-common-connected-subgraph-paper/datasets/graphsdb/mcs30/bvg/b06m/mcs30_b06m_s80.A05 fileNameGt=../../cp2016-max-common-connected-subgraph-paper/datasets/graphsdb/mcs30/bvg/b06m/mcs30_b06m_s80.B05
Reading graphs...
80 : 240
80 : 240
Initializing...
maxdom : 8
D->valSize : 415
Solving...
Blb : 2 (clique : 22)
currentSize : 22 <-- 0.003905 s
currentSize : 23 <-- 0.032284 s
currentSize : 24 <-- 12.752390 s
currentSize : 25 <-- 142.583115 s
currentSize : 26 <-- 234.212082 s
currentSize : 27 <-- 317.544647 s

TIMEOUT
maxsize : 27
nodes : 192002798.000000
filtered : 1732441861.000000
time : 1000.000000
