Parameters: GAD=1 vflib=1 dir=1 label=1 lowerbound=1 fileNameGp=../../cp2016-max-common-connected-subgraph-paper/datasets/graphsdb/mcs30/m3D/m3Dr4/mcs30_m3Dr4_s70.A04 fileNameGt=../../cp2016-max-common-connected-subgraph-paper/datasets/graphsdb/mcs30/m3D/m3Dr4/mcs30_m3Dr4_s70.B04
Reading graphs...
70 : 187
70 : 187
Initializing...
maxdom : 13
D->valSize : 323
Solving...
Blb : 2 (clique : 23)
currentSize : 23 <-- 0.002606 s
currentSize : 25 <-- 0.002772 s
currentSize : 27 <-- 0.004204 s
currentSize : 28 <-- 0.004236 s
currentSize : 29 <-- 0.005899 s
currentSize : 30 <-- 0.103756 s

maxsize : 30
nodes : 11444154.000000
filtered : 68375160.000000
time : 50.863945
