Parameters: GAD=1 vflib=1 dir=1 label=1 lowerbound=1 fileNameGp=../../cp2016-max-common-connected-subgraph-paper/datasets/graphsdb/mcs30/m3D/m3Dr4/mcs30_m3Dr4_s100.A08 fileNameGt=../../cp2016-max-common-connected-subgraph-paper/datasets/graphsdb/mcs30/m3D/m3Dr4/mcs30_m3Dr4_s100.B08
Reading graphs...
100 : 275
100 : 274
Initializing...
maxdom : 7
D->valSize : 338
Solving...
Blb : 2 (clique : 27)
currentSize : 27 <-- 0.003290 s
currentSize : 28 <-- 0.014002 s
currentSize : 29 <-- 0.073890 s
currentSize : 30 <-- 0.264669 s
currentSize : 31 <-- 1.806196 s
currentSize : 32 <-- 39.863384 s
currentSize : 33 <-- 119.407326 s
currentSize : 34 <-- 594.955688 s

TIMEOUT
maxsize : 34
nodes : 182855189.000000
filtered : 936775117.000000
time : 1000.000000
