Parameters: GAD=1 vflib=1 dir=1 label=1 lowerbound=1 fileNameGp=../../cp2016-max-common-connected-subgraph-paper/datasets/graphsdb/mcs30/m2D/m2Dr2/mcs30_m2Dr2_s80.A04 fileNameGt=../../cp2016-max-common-connected-subgraph-paper/datasets/graphsdb/mcs30/m2D/m2Dr2/mcs30_m2Dr2_s80.B04
Reading graphs...
80 : 158
80 : 157
Initializing...
maxdom : 8
D->valSize : 412
Solving...
Blb : 2 (clique : 25)
currentSize : 25 <-- 0.003966 s
currentSize : 27 <-- 0.005198 s
currentSize : 30 <-- 0.009789 s
currentSize : 31 <-- 0.088744 s
currentSize : 32 <-- 0.516079 s
currentSize : 33 <-- 0.553769 s
currentSize : 34 <-- 1.274691 s
currentSize : 35 <-- 1.295713 s
currentSize : 36 <-- 1.348910 s
currentSize : 37 <-- 255.446915 s

TIMEOUT
maxsize : 37
nodes : 182407473.000000
filtered : 1581684246.000000
time : 1000.000000
