Parameters: GAD=1 vflib=1 dir=1 label=1 lowerbound=1 fileNameGp=../../cp2016-max-common-connected-subgraph-paper/datasets/graphsdb/mcs30/m4D/m4Dr2/mcs30_m4Dr2_s60.A08 fileNameGt=../../cp2016-max-common-connected-subgraph-paper/datasets/graphsdb/mcs30/m4D/m4Dr2/mcs30_m4Dr2_s60.B08
Reading graphs...
60 : 114
60 : 114
Initializing...
maxdom : 7
D->valSize : 224
Solving...
Blb : 2 (clique : 18)
currentSize : 18 <-- 0.001587 s
currentSize : 19 <-- 0.003815 s
currentSize : 20 <-- 0.009820 s
currentSize : 21 <-- 0.029032 s
currentSize : 22 <-- 0.139395 s
currentSize : 23 <-- 82.213722 s
currentSize : 24 <-- 177.873291 s
currentSize : 25 <-- 200.296051 s

maxsize : 25
nodes : 57188589.000000
filtered : 353200884.000000
time : 232.505157
