Parameters: GAD=1 vflib=1 dir=1 label=1 lowerbound=1 fileNameGp=../../cp2016-max-common-connected-subgraph-paper/datasets/graphsdb/mcs30/m4D/m4Dr2/mcs30_m4Dr2_s70.A04 fileNameGt=../../cp2016-max-common-connected-subgraph-paper/datasets/graphsdb/mcs30/m4D/m4Dr2/mcs30_m4Dr2_s70.B04
Reading graphs...
70 : 132
70 : 132
Initializing...
maxdom : 8
D->valSize : 313
Solving...
Blb : 2 (clique : 23)
currentSize : 23 <-- 0.002515 s
currentSize : 24 <-- 0.002697 s
currentSize : 25 <-- 0.002863 s
currentSize : 26 <-- 0.004818 s
currentSize : 27 <-- 0.053553 s
currentSize : 28 <-- 4.100372 s
currentSize : 29 <-- 48.815632 s
currentSize : 30 <-- 211.924728 s

TIMEOUT
maxsize : 30
nodes : 202712658.000000
filtered : 1685656670.000000
time : 1000.000000
