Parameters: GAD=1 vflib=1 dir=1 label=1 lowerbound=1 fileNameGp=../../cp2016-max-common-connected-subgraph-paper/datasets/graphsdb/mcs30/m4D/m4Dr4/mcs30_m4Dr4_s50.A08 fileNameGt=../../cp2016-max-common-connected-subgraph-paper/datasets/graphsdb/mcs30/m4D/m4Dr4/mcs30_m4Dr4_s50.B08
Reading graphs...
50 : 107
50 : 104
Initializing...
maxdom : 10
D->valSize : 322
Solving...
Blb : 2 (clique : 18)
currentSize : 18 <-- 0.002371 s
currentSize : 19 <-- 0.003213 s
currentSize : 20 <-- 0.003475 s
currentSize : 21 <-- 2.359556 s
currentSize : 22 <-- 3.951973 s
currentSize : 23 <-- 14.781296 s
currentSize : 24 <-- 24.606089 s

maxsize : 24
nodes : 51594613.000000
filtered : 929769032.000000
time : 255.698181
