Parameters: GAD=1 vflib=1 dir=1 label=1 lowerbound=1 fileNameGp=../../cp2016-max-common-connected-subgraph-paper/datasets/graphsdb/mcs30/rand/r005/mcs30_r005_s60.A02 fileNameGt=../../cp2016-max-common-connected-subgraph-paper/datasets/graphsdb/mcs30/rand/r005/mcs30_r005_s60.B02
Reading graphs...
60 : 179
60 : 179
Initializing...
maxdom : 8
D->valSize : 257
Solving...
Blb : 5 (clique : 16)
currentSize : 16 <-- 0.001777 s
currentSize : 17 <-- 0.002736 s
currentSize : 18 <-- 0.005495 s
currentSize : 19 <-- 0.008635 s
currentSize : 20 <-- 0.629656 s
currentSize : 21 <-- 24.344460 s

maxsize : 21
nodes : 27729679.000000
filtered : 230019132.000000
time : 126.425758
