Parameters: GAD=1 vflib=1 dir=1 label=1 lowerbound=1 fileNameGp=../../cp2016-max-common-connected-subgraph-paper/datasets/graphsdb/mcs30/m3D/m3Dr6/mcs30_m3Dr6_s70.A06 fileNameGt=../../cp2016-max-common-connected-subgraph-paper/datasets/graphsdb/mcs30/m3D/m3Dr6/mcs30_m3Dr6_s70.B06
Reading graphs...
70 : 201
70 : 201
Initializing...
maxdom : 8
D->valSize : 324
Solving...
Blb : 2 (clique : 21)
currentSize : 21 <-- 0.004017 s
currentSize : 22 <-- 0.004439 s
currentSize : 24 <-- 0.042074 s
currentSize : 25 <-- 0.042471 s
currentSize : 27 <-- 0.433067 s
currentSize : 28 <-- 0.434449 s
currentSize : 29 <-- 117.348656 s
currentSize : 30 <-- 117.352753 s

maxsize : 30
nodes : 83088444.000000
filtered : 701603321.000000
time : 416.081482
