Parameters: GAD=1 vflib=1 dir=1 label=1 lowerbound=1 fileNameGp=../../cp2016-max-common-connected-subgraph-paper/datasets/graphsdb/mcs30/rand/r01/mcs30_r01_s100.A06 fileNameGt=../../cp2016-max-common-connected-subgraph-paper/datasets/graphsdb/mcs30/rand/r01/mcs30_r01_s100.B06
Reading graphs...
100 : 989
100 : 989
Initializing...
maxdom : 8
D->valSize : 359
Solving...
Blb : 2 (clique : 13)
currentSize : 13 <-- 0.003241 s
currentSize : 14 <-- 0.005925 s
currentSize : 15 <-- 0.008791 s
currentSize : 16 <-- 0.037608 s
currentSize : 17 <-- 0.129300 s
currentSize : 18 <-- 0.735057 s
currentSize : 19 <-- 4.116096 s
currentSize : 20 <-- 4.483091 s
currentSize : 21 <-- 4.511262 s
currentSize : 22 <-- 6.767851 s
currentSize : 23 <-- 6.955863 s
currentSize : 24 <-- 7.351080 s
currentSize : 26 <-- 7.379730 s
currentSize : 30 <-- 7.394815 s

maxsize : 30
nodes : 2117898.000000
filtered : 21528259.000000
time : 13.430074
