Parameters: GAD=1 vflib=1 dir=1 label=1 lowerbound=1 fileNameGp=../../cp2016-max-common-connected-subgraph-paper/datasets/graphsdb/mcs30/m3D/m3Dr4/mcs30_m3Dr4_s80.A03 fileNameGt=../../cp2016-max-common-connected-subgraph-paper/datasets/graphsdb/mcs30/m3D/m3Dr4/mcs30_m3Dr4_s80.B03
Reading graphs...
80 : 216
80 : 216
Initializing...
maxdom : 8
D->valSize : 410
Solving...
Blb : 3 (clique : 23)
currentSize : 23 <-- 0.003729 s
currentSize : 25 <-- 0.003892 s
currentSize : 26 <-- 0.004081 s
currentSize : 27 <-- 0.008555 s
currentSize : 28 <-- 13.944745 s
currentSize : 29 <-- 162.307541 s

TIMEOUT
maxsize : 29
nodes : 201588126.000000
filtered : 1577654877.000000
time : 1000.000000
