Parameters: GAD=1 vflib=1 dir=1 label=1 lowerbound=1 fileNameGp=../../cp2016-max-common-connected-subgraph-paper/datasets/graphsdb/mcs30/m3D/m3Dr4/mcs30_m3Dr4_s100.A03 fileNameGt=../../cp2016-max-common-connected-subgraph-paper/datasets/graphsdb/mcs30/m3D/m3Dr4/mcs30_m3Dr4_s100.B03
Reading graphs...
100 : 275
100 : 275
Initializing...
maxdom : 7
D->valSize : 345
Solving...
Blb : 2 (clique : 28)
currentSize : 28 <-- 0.003372 s
currentSize : 29 <-- 0.005940 s
currentSize : 30 <-- 0.009224 s
currentSize : 31 <-- 0.184923 s
currentSize : 32 <-- 0.810111 s
currentSize : 33 <-- 15.178508 s
currentSize : 34 <-- 15.283647 s
currentSize : 35 <-- 400.939819 s
currentSize : 36 <-- 514.672180 s

TIMEOUT
maxsize : 36
nodes : 200568766.000000
filtered : 788628011.000000
time : 1000.000000
