Parameters: GAD=1 vflib=1 dir=1 label=1 lowerbound=1 fileNameGp=../../cp2016-max-common-connected-subgraph-paper/datasets/graphsdb/mcs30/bvg/b06/mcs30_b06_s90.A01 fileNameGt=../../cp2016-max-common-connected-subgraph-paper/datasets/graphsdb/mcs30/bvg/b06/mcs30_b06_s90.B01
Reading graphs...
90 : 270
90 : 270
Initializing...
maxdom : 8
D->valSize : 518
Solving...
Blb : 2 (clique : 23)
currentSize : 23 <-- 0.005695 s
currentSize : 25 <-- 0.005886 s
currentSize : 26 <-- 0.006207 s
currentSize : 27 <-- 0.590711 s
currentSize : 28 <-- 1.376014 s
currentSize : 29 <-- 2.084251 s

TIMEOUT
maxsize : 29
nodes : 196752677.000000
filtered : 1526347499.000000
time : 1000.000000
