Parameters: GAD=1 vflib=1 dir=1 label=1 lowerbound=1 fileNameGp=../../cp2016-max-common-connected-subgraph-paper/datasets/graphsdb/mcs30/bvg/b06/mcs30_b06_s50.A00 fileNameGt=../../cp2016-max-common-connected-subgraph-paper/datasets/graphsdb/mcs30/bvg/b06/mcs30_b06_s50.B00
Reading graphs...
50 : 150
50 : 150
Initializing...
maxdom : 8
D->valSize : 313
Solving...
Blb : 2 (clique : 13)
currentSize : 13 <-- 0.002097 s
currentSize : 14 <-- 0.002289 s
currentSize : 15 <-- 0.002720 s
currentSize : 16 <-- 0.020563 s
currentSize : 17 <-- 0.518577 s
currentSize : 18 <-- 0.783466 s
currentSize : 19 <-- 8.125003 s
currentSize : 20 <-- 45.155849 s

maxsize : 20
nodes : 14616927.000000
filtered : 234491450.000000
time : 69.302086
