Parameters: GAD=1 vflib=1 dir=1 label=1 lowerbound=1 fileNameGp=../../cp2016-max-common-connected-subgraph-paper/datasets/graphsdb/mcs30/rand/r01/mcs30_r01_s60.A00 fileNameGt=../../cp2016-max-common-connected-subgraph-paper/datasets/graphsdb/mcs30/rand/r01/mcs30_r01_s60.B00
Reading graphs...
60 : 353
60 : 353
Initializing...
maxdom : 6
D->valSize : 240
Solving...
Blb : 2 (clique : 11)
currentSize : 11 <-- 0.001647 s
currentSize : 12 <-- 0.002327 s
currentSize : 13 <-- 0.122022 s
currentSize : 14 <-- 0.654816 s
currentSize : 15 <-- 0.751417 s
currentSize : 16 <-- 1.120841 s
currentSize : 17 <-- 5.597885 s
currentSize : 18 <-- 5.698024 s

maxsize : 18
nodes : 1328575.000000
filtered : 12014473.000000
time : 6.004484
