Parameters: GAD=1 vflib=1 dir=1 label=1 lowerbound=1 fileNameGp=../../cp2016-max-common-connected-subgraph-paper/datasets/graphsdb/mcs30/rand/r01/mcs30_r01_s70.A02 fileNameGt=../../cp2016-max-common-connected-subgraph-paper/datasets/graphsdb/mcs30/rand/r01/mcs30_r01_s70.B02
Reading graphs...
70 : 482
70 : 482
Initializing...
maxdom : 6
D->valSize : 334
Solving...
Blb : 2 (clique : 11)
currentSize : 11 <-- 0.004048 s
currentSize : 12 <-- 0.004290 s
currentSize : 13 <-- 0.004723 s
currentSize : 14 <-- 0.005068 s
currentSize : 15 <-- 0.208525 s
currentSize : 16 <-- 1.285900 s
currentSize : 17 <-- 1.429045 s
currentSize : 19 <-- 3.033897 s
currentSize : 20 <-- 4.515881 s
currentSize : 21 <-- 4.515934 s

maxsize : 21
nodes : 2471675.000000
filtered : 33384090.000000
time : 13.569975
