Parameters: GAD=1 vflib=1 dir=1 label=1 lowerbound=1 fileNameGp=../../cp2016-max-common-connected-subgraph-paper/datasets/graphsdb/mcs30/rand/r005/mcs30_r005_s100.A04 fileNameGt=../../cp2016-max-common-connected-subgraph-paper/datasets/graphsdb/mcs30/rand/r005/mcs30_r005_s100.B04
Reading graphs...
100 : 494
100 : 494
Initializing...
maxdom : 6
D->valSize : 368
Solving...
Blb : 2 (clique : 22)
currentSize : 22 <-- 0.005667 s
currentSize : 23 <-- 0.038936 s
currentSize : 24 <-- 0.072567 s
currentSize : 25 <-- 0.127599 s
currentSize : 26 <-- 0.136376 s
currentSize : 27 <-- 0.392306 s
currentSize : 28 <-- 47.675430 s
currentSize : 29 <-- 61.102970 s
currentSize : 30 <-- 61.105415 s

TIMEOUT
maxsize : 30
nodes : 163001764.000000
filtered : 1392896724.000000
time : 1000.000000
