Parameters: GAD=1 vflib=1 dir=1 label=1 lowerbound=1 fileNameGp=../../cp2016-max-common-connected-subgraph-paper/datasets/graphsdb/mcs30/m2D/m2Dr2/mcs30_m2Dr2_s70.A06 fileNameGt=../../cp2016-max-common-connected-subgraph-paper/datasets/graphsdb/mcs30/m2D/m2Dr2/mcs30_m2Dr2_s70.B06
Reading graphs...
70 : 137
70 : 136
Initializing...
maxdom : 8
D->valSize : 322
Solving...
Blb : 2 (clique : 24)
currentSize : 24 <-- 0.002640 s
currentSize : 25 <-- 0.002915 s
currentSize : 26 <-- 0.003084 s
currentSize : 27 <-- 5.938262 s
currentSize : 28 <-- 11.134051 s
currentSize : 29 <-- 11.134247 s
currentSize : 30 <-- 113.621117 s
currentSize : 31 <-- 139.553329 s
currentSize : 32 <-- 165.563995 s

TIMEOUT
maxsize : 32
nodes : 203068357.000000
filtered : 1789750032.000000
time : 1000.000000
