Parameters: GAD=1 vflib=1 dir=1 label=1 lowerbound=1 fileNameGp=../../cp2016-max-common-connected-subgraph-paper/datasets/graphsdb/mcs30/rand/r005/mcs30_r005_s50.A08 fileNameGt=../../cp2016-max-common-connected-subgraph-paper/datasets/graphsdb/mcs30/rand/r005/mcs30_r005_s50.B08
Reading graphs...
50 : 126
50 : 126
Initializing...
maxdom : 9
D->valSize : 331
Solving...
Blb : 2 (clique : 16)
currentSize : 16 <-- 0.002324 s
currentSize : 17 <-- 0.002767 s
currentSize : 18 <-- 0.052704 s
currentSize : 19 <-- 0.115564 s
currentSize : 20 <-- 9.834284 s
currentSize : 21 <-- 10.176506 s

maxsize : 21
nodes : 91485579.000000
filtered : 1099189692.000000
time : 404.716949
