Parameters: GAD=1 vflib=1 dir=1 label=1 lowerbound=1 fileNameGp=../../cp2016-max-common-connected-subgraph-paper/datasets/graphsdb/mcs30/m2D/m2Dr4/mcs30_m2Dr4_s100.A00 fileNameGt=../../cp2016-max-common-connected-subgraph-paper/datasets/graphsdb/mcs30/m2D/m2Dr4/mcs30_m2Dr4_s100.B00
Reading graphs...
100 : 220
100 : 220
Initializing...
maxdom : 6
D->valSize : 350
Solving...
Blb : 2 (clique : 30)
currentSize : 30 <-- 0.003431 s
currentSize : 31 <-- 0.003814 s
currentSize : 32 <-- 0.005348 s
currentSize : 33 <-- 0.025632 s
currentSize : 34 <-- 0.064556 s
currentSize : 35 <-- 0.410967 s
currentSize : 36 <-- 65.212502 s

TIMEOUT
maxsize : 36
nodes : 178781789.000000
filtered : 835950738.000000
time : 1000.000061
