Parameters: GAD=1 vflib=1 dir=1 label=1 lowerbound=1 fileNameGp=../../cp2016-max-common-connected-subgraph-paper/datasets/graphsdb/mcs30/m4D/m4Dr6/mcs30_m4Dr6_s70.A03 fileNameGt=../../cp2016-max-common-connected-subgraph-paper/datasets/graphsdb/mcs30/m4D/m4Dr6/mcs30_m4Dr6_s70.B03
Reading graphs...
70 : 160
70 : 159
Initializing...
maxdom : 8
D->valSize : 317
Solving...
Blb : 2 (clique : 22)
currentSize : 22 <-- 0.002544 s
currentSize : 23 <-- 0.003756 s
currentSize : 24 <-- 1.806164 s
currentSize : 25 <-- 3.505013 s
currentSize : 26 <-- 18.675335 s
currentSize : 27 <-- 65.681114 s
currentSize : 28 <-- 251.230499 s
currentSize : 29 <-- 484.673279 s

TIMEOUT
maxsize : 29
nodes : 203525090.000000
filtered : 1429818681.000000
time : 1000.000000
