Parameters: GAD=1 vflib=1 dir=1 label=1 lowerbound=1 fileNameGp=../../cp2016-max-common-connected-subgraph-paper/datasets/graphsdb/mcs30/bvg/b06/mcs30_b06_s80.A01 fileNameGt=../../cp2016-max-common-connected-subgraph-paper/datasets/graphsdb/mcs30/bvg/b06/mcs30_b06_s80.B01
Reading graphs...
80 : 240
80 : 240
Initializing...
maxdom : 8
D->valSize : 440
Solving...
Blb : 2 (clique : 24)
currentSize : 24 <-- 0.004417 s
currentSize : 25 <-- 0.005256 s
currentSize : 26 <-- 0.056687 s
currentSize : 27 <-- 0.126554 s
currentSize : 28 <-- 0.372374 s
currentSize : 29 <-- 2.570644 s
currentSize : 30 <-- 69.820496 s
currentSize : 31 <-- 75.103645 s

TIMEOUT
maxsize : 31
nodes : 178597706.000000
filtered : 1867791792.000000
time : 1000.000000
