Parameters: GAD=1 vflib=1 dir=1 label=1 lowerbound=1 fileNameGp=../../cp2016-max-common-connected-subgraph-paper/datasets/graphsdb/mcs30/bvg/b06m/mcs30_b06m_s60.A02 fileNameGt=../../cp2016-max-common-connected-subgraph-paper/datasets/graphsdb/mcs30/bvg/b06m/mcs30_b06m_s60.B02
Reading graphs...
60 : 180
60 : 180
Initializing...
maxdom : 6
D->valSize : 228
Solving...
Blb : 2 (clique : 16)
currentSize : 16 <-- 0.002242 s
currentSize : 17 <-- 0.003326 s
currentSize : 18 <-- 0.026937 s
currentSize : 19 <-- 0.356190 s
currentSize : 20 <-- 0.382207 s
currentSize : 21 <-- 6.358355 s
currentSize : 22 <-- 6.365550 s
currentSize : 23 <-- 7.413577 s
currentSize : 24 <-- 12.749470 s

maxsize : 24
nodes : 4460898.000000
filtered : 37380196.000000
time : 20.253536
