Parameters: GAD=1 vflib=1 dir=1 label=1 lowerbound=1 fileNameGp=../../cp2016-max-common-connected-subgraph-paper/datasets/graphsdb/mcs30/bvg/b06m/mcs30_b06m_s100.A02 fileNameGt=../../cp2016-max-common-connected-subgraph-paper/datasets/graphsdb/mcs30/bvg/b06m/mcs30_b06m_s100.B02
Reading graphs...
100 : 300
100 : 300
Initializing...
maxdom : 8
D->valSize : 332
Solving...
Blb : 3 (clique : 29)
currentSize : 29 <-- 0.003259 s
currentSize : 30 <-- 0.024733 s
currentSize : 31 <-- 0.026060 s
currentSize : 33 <-- 0.518500 s
currentSize : 34 <-- 4.457199 s
currentSize : 35 <-- 7.136318 s
currentSize : 36 <-- 10.163216 s
currentSize : 37 <-- 210.498199 s

TIMEOUT
maxsize : 37
nodes : 168796006.000000
filtered : 1148214124.000000
time : 1000.000000
