Parameters: GAD=1 vflib=1 dir=1 label=1 lowerbound=1 fileNameGp=../../cp2016-max-common-connected-subgraph-paper/datasets/graphsdb/mcs30/rand/r005/mcs30_r005_s50.A01 fileNameGt=../../cp2016-max-common-connected-subgraph-paper/datasets/graphsdb/mcs30/rand/r005/mcs30_r005_s50.B01
Reading graphs...
50 : 126
50 : 126
Initializing...
maxdom : 8
D->valSize : 321
Solving...
Blb : 2 (clique : 17)
currentSize : 17 <-- 0.002334 s
currentSize : 18 <-- 0.004488 s
currentSize : 19 <-- 5.442160 s
currentSize : 20 <-- 89.740021 s
currentSize : 21 <-- 140.617279 s

maxsize : 21
nodes : 38233508.000000
filtered : 467144034.000000
time : 171.009338
