Parameters: GAD=1 vflib=1 dir=1 label=1 lowerbound=1 fileNameGp=../../cp2016-max-common-connected-subgraph-paper/datasets/graphsdb/mcs30/rand/r01/mcs30_r01_s90.A01 fileNameGt=../../cp2016-max-common-connected-subgraph-paper/datasets/graphsdb/mcs30/rand/r01/mcs30_r01_s90.B01
Reading graphs...
90 : 800
90 : 800
Initializing...
maxdom : 8
D->valSize : 539
Solving...
Blb : 2 (clique : 13)
currentSize : 13 <-- 0.005666 s
currentSize : 14 <-- 0.009002 s
currentSize : 15 <-- 0.009969 s
currentSize : 16 <-- 0.018193 s
currentSize : 18 <-- 0.232279 s
currentSize : 19 <-- 3.984177 s
currentSize : 20 <-- 24.042967 s
currentSize : 21 <-- 24.043217 s
currentSize : 22 <-- 73.115356 s
currentSize : 23 <-- 98.883232 s
currentSize : 24 <-- 150.429932 s
currentSize : 26 <-- 198.142181 s
currentSize : 27 <-- 198.149506 s

maxsize : 27
nodes : 36895762.000000
filtered : 689879818.000000
time : 248.065475
