Parameters: GAD=1 vflib=1 dir=1 label=1 lowerbound=1 fileNameGp=../../cp2016-max-common-connected-subgraph-paper/datasets/graphsdb/mcs30/rand/r005/mcs30_r005_s70.A02 fileNameGt=../../cp2016-max-common-connected-subgraph-paper/datasets/graphsdb/mcs30/rand/r005/mcs30_r005_s70.B02
Reading graphs...
70 : 240
70 : 240
Initializing...
maxdom : 8
D->valSize : 328
Solving...
Blb : 2 (clique : 18)
currentSize : 18 <-- 0.004213 s
currentSize : 19 <-- 0.004961 s
currentSize : 20 <-- 0.005896 s
currentSize : 21 <-- 0.163397 s
currentSize : 22 <-- 12.249916 s
currentSize : 23 <-- 162.436478 s
currentSize : 24 <-- 227.026596 s

TIMEOUT
maxsize : 24
nodes : 202655305.000000
filtered : 1817634068.000000
time : 1000.000000
