Parameters: GAD=1 vflib=1 dir=1 label=1 lowerbound=1 fileNameGp=../../cp2016-max-common-connected-subgraph-paper/datasets/graphsdb/mcs30/bvg/b03/mcs30_b03_s50.A01 fileNameGt=../../cp2016-max-common-connected-subgraph-paper/datasets/graphsdb/mcs30/bvg/b03/mcs30_b03_s50.B01
Reading graphs...
50 : 75
50 : 75
Initializing...
maxdom : 7
D->valSize : 324
Solving...
Blb : 2 (clique : 20)
currentSize : 20 <-- 0.002237 s
currentSize : 21 <-- 0.003436 s
currentSize : 22 <-- 0.008369 s
currentSize : 23 <-- 0.010648 s
currentSize : 24 <-- 0.010815 s
currentSize : 25 <-- 394.925568 s

TIMEOUT
maxsize : 25
nodes : 231273708.000000
filtered : 2491034252.000000
time : 1000.000000
