Parameters: GAD=1 vflib=1 dir=1 label=1 lowerbound=1 fileNameGp=../../cp2016-max-common-connected-subgraph-paper/datasets/graphsdb/mcs30/m4D/m4Dr4/mcs30_m4Dr4_s80.A06 fileNameGt=../../cp2016-max-common-connected-subgraph-paper/datasets/graphsdb/mcs30/m4D/m4Dr4/mcs30_m4Dr4_s80.B06
Reading graphs...
80 : 163
80 : 161
Initializing...
maxdom : 10
D->valSize : 401
Solving...
Blb : 3 (clique : 25)
currentSize : 25 <-- 0.006111 s
currentSize : 26 <-- 0.006921 s
currentSize : 27 <-- 0.029495 s
currentSize : 28 <-- 2.692706 s
currentSize : 29 <-- 60.119705 s
currentSize : 30 <-- 523.876160 s

TIMEOUT
maxsize : 30
nodes : 194896701.000000
filtered : 1488528798.000000
time : 1000.000000
