Parameters: GAD=1 vflib=1 dir=1 label=1 lowerbound=1 fileNameGp=../../cp2016-max-common-connected-subgraph-paper/datasets/graphsdb/mcs30/m2D/m2D/mcs30_m2D_s60.A09 fileNameGt=../../cp2016-max-common-connected-subgraph-paper/datasets/graphsdb/mcs30/m2D/m2D/mcs30_m2D_s60.B09
Reading graphs...
60 : 104
60 : 104
Initializing...
maxdom : 7
D->valSize : 231
Solving...
Blb : 2 (clique : 22)
currentSize : 22 <-- 0.001552 s
currentSize : 23 <-- 0.001724 s
currentSize : 24 <-- 0.006332 s
currentSize : 25 <-- 0.012697 s
currentSize : 26 <-- 0.020264 s
currentSize : 27 <-- 0.062882 s
currentSize : 28 <-- 168.355881 s
currentSize : 29 <-- 389.071655 s

maxsize : 29
nodes : 120801042.000000
filtered : 813356269.000000
time : 522.426941
