Parameters: GAD=1 vflib=1 dir=1 label=1 lowerbound=1 fileNameGp=../../cp2016-max-common-connected-subgraph-paper/datasets/graphsdb/mcs30/m3D/m3Dr2/mcs30_m3Dr2_s70.A09 fileNameGt=../../cp2016-max-common-connected-subgraph-paper/datasets/graphsdb/mcs30/m3D/m3Dr2/mcs30_m3Dr2_s70.B09
Reading graphs...
70 : 173
70 : 173
Initializing...
maxdom : 8
D->valSize : 317
Solving...
Blb : 3 (clique : 22)
currentSize : 22 <-- 0.002567 s
currentSize : 23 <-- 0.003959 s
currentSize : 24 <-- 0.015970 s
currentSize : 25 <-- 1.330432 s
currentSize : 26 <-- 1.934289 s
currentSize : 27 <-- 7.564512 s
currentSize : 28 <-- 37.759743 s
currentSize : 29 <-- 37.761627 s
currentSize : 30 <-- 264.969482 s
currentSize : 31 <-- 620.201111 s

TIMEOUT
maxsize : 31
nodes : 200573573.000000
filtered : 1653620641.000000
time : 1000.000000
