Parameters: GAD=1 vflib=1 dir=1 label=1 lowerbound=1 fileNameGp=../../cp2016-max-common-connected-subgraph-paper/datasets/graphsdb/mcs30/rand/r02/mcs30_r02_s90.A07 fileNameGt=../../cp2016-max-common-connected-subgraph-paper/datasets/graphsdb/mcs30/rand/r02/mcs30_r02_s90.B07
Reading graphs...
90 : 1601
90 : 1601
Initializing...
maxdom : 10
D->valSize : 537
Solving...
Blb : 2 (clique : 6)
currentSize : 6 <-- 0.005462 s
currentSize : 7 <-- 0.005554 s
currentSize : 8 <-- 0.005710 s
currentSize : 9 <-- 0.006733 s
currentSize : 10 <-- 0.008851 s
currentSize : 11 <-- 0.043348 s
currentSize : 12 <-- 0.043451 s
currentSize : 15 <-- 0.057622 s
currentSize : 16 <-- 0.145773 s
currentSize : 17 <-- 0.278795 s
currentSize : 27 <-- 0.336786 s

maxsize : 27
nodes : 73428.000000
filtered : 2190593.000000
time : 0.544784
