Parameters: GAD=1 vflib=1 dir=1 label=1 lowerbound=1 fileNameGp=../../cp2016-max-common-connected-subgraph-paper/datasets/graphsdb/mcs30/m3D/m3Dr6/mcs30_m3Dr6_s80.A05 fileNameGt=../../cp2016-max-common-connected-subgraph-paper/datasets/graphsdb/mcs30/m3D/m3Dr6/mcs30_m3Dr6_s80.B05
Reading graphs...
80 : 232
80 : 231
Initializing...
maxdom : 11
D->valSize : 452
Solving...
Blb : 2 (clique : 25)
currentSize : 25 <-- 0.004387 s
currentSize : 26 <-- 0.004723 s
currentSize : 27 <-- 0.005070 s
currentSize : 28 <-- 0.005191 s
currentSize : 29 <-- 0.007820 s
currentSize : 30 <-- 0.045959 s

TIMEOUT
maxsize : 30
nodes : 175294437.000000
filtered : 2072810739.000000
time : 1000.000000
