Parameters: GAD=1 vflib=1 dir=1 label=1 lowerbound=1 fileNameGp=../../cp2016-max-common-connected-subgraph-paper/datasets/graphsdb/mcs30/m2D/m2Dr6/mcs30_m2Dr6_s70.A08 fileNameGt=../../cp2016-max-common-connected-subgraph-paper/datasets/graphsdb/mcs30/m2D/m2Dr6/mcs30_m2Dr6_s70.B08
Reading graphs...
70 : 165
70 : 164
Initializing...
maxdom : 7
D->valSize : 321
Solving...
Blb : 2 (clique : 23)
currentSize : 23 <-- 0.004330 s
currentSize : 24 <-- 0.147806 s
currentSize : 25 <-- 0.205161 s
currentSize : 26 <-- 2.797963 s
currentSize : 27 <-- 16.481215 s
currentSize : 28 <-- 51.455250 s

TIMEOUT
maxsize : 28
nodes : 207947973.000000
filtered : 1529143417.000000
time : 1000.000000
