Parameters: GAD=1 vflib=1 dir=1 label=1 lowerbound=1 fileNameGp=../../cp2016-max-common-connected-subgraph-paper/datasets/graphsdb/mcs30/bvg/b03/mcs30_b03_s90.A09 fileNameGt=../../cp2016-max-common-connected-subgraph-paper/datasets/graphsdb/mcs30/bvg/b03/mcs30_b03_s90.B09
Reading graphs...
90 : 135
90 : 135
Initializing...
maxdom : 11
D->valSize : 520
Solving...
Blb : 2 (clique : 36)
currentSize : 36 <-- 0.005982 s
currentSize : 37 <-- 0.006277 s
currentSize : 38 <-- 0.006455 s
currentSize : 39 <-- 0.040609 s
currentSize : 40 <-- 8.359956 s
currentSize : 41 <-- 8.379307 s
currentSize : 42 <-- 177.150299 s

TIMEOUT
maxsize : 42
nodes : 202931993.000000
filtered : 1189938195.000000
time : 1000.000061
