Parameters: GAD=1 vflib=1 dir=1 label=1 lowerbound=1 fileNameGp=../../cp2016-max-common-connected-subgraph-paper/datasets/graphsdb/mcs30/rand/r02/mcs30_r02_s60.A09 fileNameGt=../../cp2016-max-common-connected-subgraph-paper/datasets/graphsdb/mcs30/rand/r02/mcs30_r02_s60.B09
Reading graphs...
60 : 707
60 : 707
Initializing...
maxdom : 7
D->valSize : 251
Solving...
Blb : 2 (clique : 7)
currentSize : 7 <-- 0.001628 s
currentSize : 8 <-- 0.001698 s
currentSize : 9 <-- 0.002741 s
currentSize : 10 <-- 0.002980 s
currentSize : 11 <-- 0.006403 s
currentSize : 12 <-- 0.011157 s
currentSize : 13 <-- 0.015996 s
currentSize : 14 <-- 0.016221 s
currentSize : 17 <-- 0.017166 s
currentSize : 18 <-- 0.017279 s

maxsize : 18
nodes : 8234.000000
filtered : 151357.000000
time : 0.044788
