Parameters: GAD=1 vflib=1 dir=1 label=1 lowerbound=1 fileNameGp=../../cp2016-max-common-connected-subgraph-paper/datasets/graphsdb/mcs30/m3D/m3D/mcs30_m3D_s70.A06 fileNameGt=../../cp2016-max-common-connected-subgraph-paper/datasets/graphsdb/mcs30/m3D/m3D/mcs30_m3D_s70.B06
Reading graphs...
70 : 159
70 : 159
Initializing...
maxdom : 11
D->valSize : 361
Solving...
Blb : 2 (clique : 22)
currentSize : 22 <-- 0.003052 s
currentSize : 23 <-- 0.005606 s
currentSize : 24 <-- 0.011119 s
currentSize : 25 <-- 0.049892 s
currentSize : 27 <-- 0.094845 s
currentSize : 28 <-- 0.095009 s
currentSize : 29 <-- 0.127471 s
currentSize : 30 <-- 2.223193 s
currentSize : 31 <-- 2.232067 s
currentSize : 32 <-- 2.232255 s
currentSize : 33 <-- 2.622262 s

maxsize : 33
nodes : 18897853.000000
filtered : 227739040.000000
time : 104.992233
