Parameters: GAD=1 vflib=1 dir=1 label=1 lowerbound=1 fileNameGp=../../cp2016-max-common-connected-subgraph-paper/datasets/graphsdb/mcs30/rand/r005/mcs30_r005_s50.A04 fileNameGt=../../cp2016-max-common-connected-subgraph-paper/datasets/graphsdb/mcs30/rand/r005/mcs30_r005_s50.B04
Reading graphs...
50 : 126
50 : 126
Initializing...
maxdom : 10
D->valSize : 341
Solving...
Blb : 5 (clique : 16)
currentSize : 16 <-- 0.002549 s
currentSize : 17 <-- 0.111030 s
currentSize : 18 <-- 3.367279 s
currentSize : 19 <-- 4.324611 s
currentSize : 20 <-- 18.744734 s

maxsize : 20
nodes : 96494462.000000
filtered : 1250015774.000000
time : 424.040131
