Parameters: GAD=1 vflib=1 dir=1 label=1 lowerbound=1 fileNameGp=../../cp2016-max-common-connected-subgraph-paper/datasets/graphsdb/mcs30/m4D/m4D/mcs30_m4D_s50.A04 fileNameGt=../../cp2016-max-common-connected-subgraph-paper/datasets/graphsdb/mcs30/m4D/m4D/mcs30_m4D_s50.B04
Reading graphs...
50 : 87
50 : 87
Initializing...
maxdom : 8
D->valSize : 318
Solving...
Blb : 2 (clique : 18)
currentSize : 18 <-- 0.003534 s
currentSize : 19 <-- 0.004990 s
currentSize : 20 <-- 0.013577 s
currentSize : 21 <-- 0.055983 s
currentSize : 22 <-- 0.056468 s
currentSize : 23 <-- 4.312143 s
currentSize : 24 <-- 114.906967 s
currentSize : 25 <-- 511.911591 s

maxsize : 25
nodes : 141359369.000000
filtered : 2523586476.000000
time : 710.868103
