Parameters: GAD=1 vflib=1 dir=1 label=1 lowerbound=1 fileNameGp=../../cp2016-max-common-connected-subgraph-paper/datasets/graphsdb/mcs30/rand/r01/mcs30_r01_s70.A00 fileNameGt=../../cp2016-max-common-connected-subgraph-paper/datasets/graphsdb/mcs30/rand/r01/mcs30_r01_s70.B00
Reading graphs...
70 : 482
70 : 482
Initializing...
maxdom : 12
D->valSize : 351
Solving...
Blb : 3 (clique : 12)
currentSize : 12 <-- 0.002780 s
currentSize : 13 <-- 0.003673 s
currentSize : 14 <-- 0.014889 s
currentSize : 15 <-- 0.016288 s
currentSize : 16 <-- 0.016345 s
currentSize : 17 <-- 0.268277 s
currentSize : 18 <-- 0.629030 s
currentSize : 19 <-- 2.083601 s
currentSize : 20 <-- 2.432050 s
currentSize : 21 <-- 2.973024 s

maxsize : 21
nodes : 1055978.000000
filtered : 16175524.000000
time : 5.889497
