Parameters: GAD=1 vflib=1 dir=1 label=1 lowerbound=1 fileNameGp=../../cp2016-max-common-connected-subgraph-paper/datasets/graphsdb/mcs30/rand/r01/mcs30_r01_s90.A00 fileNameGt=../../cp2016-max-common-connected-subgraph-paper/datasets/graphsdb/mcs30/rand/r01/mcs30_r01_s90.B00
Reading graphs...
90 : 800
90 : 800
Initializing...
maxdom : 11
D->valSize : 545
Solving...
Blb : 2 (clique : 14)
currentSize : 14 <-- 0.005708 s
currentSize : 15 <-- 0.009136 s
currentSize : 16 <-- 0.026177 s
currentSize : 17 <-- 0.415682 s
currentSize : 18 <-- 1.267792 s
currentSize : 19 <-- 1.279190 s
currentSize : 20 <-- 3.582817 s
currentSize : 21 <-- 9.498932 s
currentSize : 23 <-- 17.351208 s
currentSize : 24 <-- 46.563358 s
currentSize : 26 <-- 46.563435 s
currentSize : 27 <-- 46.593517 s

maxsize : 27
nodes : 15557514.000000
filtered : 322696733.000000
time : 109.506958
