Parameters: GAD=1 vflib=1 dir=1 label=1 lowerbound=1 fileNameGp=../../cp2016-max-common-connected-subgraph-paper/datasets/graphsdb/mcs30/bvg/b03/mcs30_b03_s50.A03 fileNameGt=../../cp2016-max-common-connected-subgraph-paper/datasets/graphsdb/mcs30/bvg/b03/mcs30_b03_s50.B03
Reading graphs...
50 : 75
50 : 75
Initializing...
maxdom : 9
D->valSize : 345
Solving...
Blb : 2 (clique : 21)
currentSize : 21 <-- 0.002684 s
currentSize : 22 <-- 0.250757 s
currentSize : 23 <-- 10.685656 s
currentSize : 24 <-- 10.727368 s
currentSize : 25 <-- 10.749095 s
currentSize : 26 <-- 32.111057 s

TIMEOUT
maxsize : 26
nodes : 240541242.000000
filtered : 2090420953.000000
time : 1000.000000
