Parameters: GAD=1 vflib=1 dir=1 label=1 lowerbound=1 fileNameGp=../../cp2016-max-common-connected-subgraph-paper/datasets/graphsdb/mcs30/rand/r02/mcs30_r02_s90.A05 fileNameGt=../../cp2016-max-common-connected-subgraph-paper/datasets/graphsdb/mcs30/rand/r02/mcs30_r02_s90.B05
Reading graphs...
90 : 1601
90 : 1601
Initializing...
maxdom : 12
D->valSize : 543
Solving...
Blb : 2 (clique : 9)
currentSize : 9 <-- 0.008576 s
currentSize : 10 <-- 0.009272 s
currentSize : 11 <-- 0.012252 s
currentSize : 12 <-- 0.014621 s
currentSize : 13 <-- 0.017270 s
currentSize : 14 <-- 0.017446 s
currentSize : 15 <-- 0.042093 s
currentSize : 16 <-- 0.186290 s
currentSize : 18 <-- 0.197796 s
currentSize : 19 <-- 0.197918 s
currentSize : 20 <-- 0.198126 s
currentSize : 22 <-- 0.332647 s
currentSize : 27 <-- 0.333016 s

maxsize : 27
nodes : 65385.000000
filtered : 1926013.000000
time : 0.503911
