Parameters: GAD=1 vflib=1 dir=1 label=1 lowerbound=1 fileNameGp=../../cp2016-max-common-connected-subgraph-paper/datasets/graphsdb/mcs30/m4D/m4Dr2/mcs30_m4Dr2_s60.A06 fileNameGt=../../cp2016-max-common-connected-subgraph-paper/datasets/graphsdb/mcs30/m4D/m4Dr2/mcs30_m4Dr2_s60.B06
Reading graphs...
60 : 114
60 : 114
Initializing...
maxdom : 6
D->valSize : 260
Solving...
Blb : 2 (clique : 22)
currentSize : 22 <-- 0.001849 s
currentSize : 23 <-- 0.039681 s
currentSize : 24 <-- 0.212367 s
currentSize : 25 <-- 0.859123 s
currentSize : 26 <-- 3.376475 s
currentSize : 27 <-- 17.477192 s

TIMEOUT
maxsize : 27
nodes : 224891393.000000
filtered : 1871002412.000000
time : 1000.000000
