Parameters: GAD=1 vflib=1 dir=1 label=1 lowerbound=1 fileNameGp=../../cp2016-max-common-connected-subgraph-paper/datasets/graphsdb/mcs30/m4D/m4Dr6/mcs30_m4Dr6_s90.A09 fileNameGt=../../cp2016-max-common-connected-subgraph-paper/datasets/graphsdb/mcs30/m4D/m4Dr6/mcs30_m4Dr6_s90.B09
Reading graphs...
90 : 200
90 : 200
Initializing...
maxdom : 9
D->valSize : 513
Solving...
Blb : 5 (clique : 30)
currentSize : 30 <-- 0.005684 s
currentSize : 31 <-- 0.005977 s
currentSize : 32 <-- 0.006127 s
currentSize : 33 <-- 0.006471 s
currentSize : 34 <-- 0.077713 s
currentSize : 35 <-- 1.666070 s

TIMEOUT
maxsize : 35
nodes : 200878171.000000
filtered : 1205218077.000000
time : 1000.000000
