Parameters: GAD=1 vflib=1 dir=1 label=1 lowerbound=1 fileNameGp=../../cp2016-max-common-connected-subgraph-paper/datasets/graphsdb/mcs30/m2D/m2D/mcs30_m2D_s100.A07 fileNameGt=../../cp2016-max-common-connected-subgraph-paper/datasets/graphsdb/mcs30/m2D/m2D/mcs30_m2D_s100.B07
Reading graphs...
100 : 180
100 : 180
Initializing...
maxdom : 7
D->valSize : 343
Solving...
Blb : 2 (clique : 33)
currentSize : 33 <-- 0.003479 s
currentSize : 35 <-- 0.003876 s
currentSize : 36 <-- 0.004109 s
currentSize : 37 <-- 0.047767 s
currentSize : 38 <-- 0.093176 s
currentSize : 39 <-- 0.111546 s
currentSize : 40 <-- 0.144394 s
currentSize : 41 <-- 1.797464 s
currentSize : 42 <-- 1.798480 s
currentSize : 43 <-- 47.679489 s

TIMEOUT
maxsize : 43
nodes : 179662677.000000
filtered : 940752056.000000
time : 1000.000061
