Parameters: GAD=1 vflib=1 dir=1 label=1 lowerbound=1 fileNameGp=../../cp2016-max-common-connected-subgraph-paper/datasets/graphsdb/mcs30/m4D/m4Dr4/mcs30_m4Dr4_s60.A08 fileNameGt=../../cp2016-max-common-connected-subgraph-paper/datasets/graphsdb/mcs30/m4D/m4Dr4/mcs30_m4Dr4_s60.B08
Reading graphs...
60 : 126
60 : 125
Initializing...
maxdom : 8
D->valSize : 261
Solving...
Blb : 3 (clique : 19)
currentSize : 19 <-- 0.001817 s
currentSize : 20 <-- 0.001977 s
currentSize : 21 <-- 0.004638 s
currentSize : 22 <-- 1.199210 s
currentSize : 23 <-- 3.988639 s
currentSize : 24 <-- 13.042383 s
currentSize : 25 <-- 66.246208 s
currentSize : 26 <-- 66.904892 s

maxsize : 26
nodes : 21518160.000000
filtered : 222719096.000000
time : 101.014046
