Parameters: GAD=1 vflib=1 dir=1 label=1 lowerbound=1 fileNameGp=../../cp2016-max-common-connected-subgraph-paper/datasets/graphsdb/mcs30/m2D/m2Dr6/mcs30_m2Dr6_s100.A01 fileNameGt=../../cp2016-max-common-connected-subgraph-paper/datasets/graphsdb/mcs30/m2D/m2Dr6/mcs30_m2Dr6_s100.B01
Reading graphs...
100 : 240
100 : 240
Initializing...
maxdom : 9
D->valSize : 330
Solving...
Blb : 2 (clique : 33)
currentSize : 33 <-- 0.005229 s
currentSize : 35 <-- 0.749921 s
currentSize : 36 <-- 0.931817 s
currentSize : 37 <-- 1.144614 s
currentSize : 38 <-- 2.497294 s
currentSize : 39 <-- 10.711800 s
currentSize : 40 <-- 131.875381 s

TIMEOUT
maxsize : 40
nodes : 190424047.000000
filtered : 755187415.000000
time : 1000.000000
