Parameters: GAD=1 vflib=1 dir=1 label=1 lowerbound=1 fileNameGp=../../cp2016-max-common-connected-subgraph-paper/datasets/graphsdb/mcs30/m3D/m3Dr6/mcs30_m3Dr6_s80.A00 fileNameGt=../../cp2016-max-common-connected-subgraph-paper/datasets/graphsdb/mcs30/m3D/m3Dr6/mcs30_m3Dr6_s80.B00
Reading graphs...
80 : 232
80 : 231
Initializing...
maxdom : 8
D->valSize : 417
Solving...
Blb : 5 (clique : 21)
currentSize : 21 <-- 0.003848 s
currentSize : 23 <-- 0.004002 s
currentSize : 24 <-- 0.065472 s
currentSize : 25 <-- 5.818018 s
currentSize : 26 <-- 8.333648 s
currentSize : 27 <-- 8.803544 s

TIMEOUT
maxsize : 27
nodes : 205370439.000000
filtered : 1369138593.000000
time : 1000.000000
