Parameters: GAD=1 vflib=1 dir=1 label=1 lowerbound=1 fileNameGp=../../cp2016-max-common-connected-subgraph-paper/datasets/graphsdb/mcs30/rand/r005/mcs30_r005_s70.A07 fileNameGt=../../cp2016-max-common-connected-subgraph-paper/datasets/graphsdb/mcs30/rand/r005/mcs30_r005_s70.B07
Reading graphs...
70 : 240
70 : 240
Initializing...
maxdom : 8
D->valSize : 321
Solving...
Blb : 2 (clique : 19)
currentSize : 19 <-- 0.002507 s
currentSize : 20 <-- 0.002697 s
currentSize : 21 <-- 0.004045 s
currentSize : 22 <-- 10.357175 s
currentSize : 23 <-- 200.062881 s
currentSize : 24 <-- 428.781586 s

TIMEOUT
maxsize : 24
nodes : 207555362.000000
filtered : 1800768423.000000
time : 1000.000000
