Parameters: GAD=1 vflib=1 dir=1 label=1 lowerbound=1 fileNameGp=../../cp2016-max-common-connected-subgraph-paper/datasets/graphsdb/mcs30/m3D/m3D/mcs30_m3D_s70.A02 fileNameGt=../../cp2016-max-common-connected-subgraph-paper/datasets/graphsdb/mcs30/m3D/m3D/mcs30_m3D_s70.B02
Reading graphs...
70 : 159
70 : 159
Initializing...
maxdom : 8
D->valSize : 315
Solving...
Blb : 2 (clique : 24)
currentSize : 24 <-- 0.002587 s
currentSize : 25 <-- 0.002763 s
currentSize : 26 <-- 0.002800 s
currentSize : 27 <-- 9.581536 s
currentSize : 28 <-- 9.592402 s
currentSize : 29 <-- 9.609388 s
currentSize : 30 <-- 14.476056 s
currentSize : 31 <-- 14.653755 s
currentSize : 32 <-- 608.779785 s

TIMEOUT
maxsize : 32
nodes : 205768909.000000
filtered : 1552310163.000000
time : 1000.000000
