Parameters: GAD=1 vflib=1 dir=1 label=1 lowerbound=1 fileNameGp=../../cp2016-max-common-connected-subgraph-paper/datasets/graphsdb/mcs30/bvg/b09m/mcs30_b09m_s80.A01 fileNameGt=../../cp2016-max-common-connected-subgraph-paper/datasets/graphsdb/mcs30/bvg/b09m/mcs30_b09m_s80.B01
Reading graphs...
80 : 360
80 : 360
Initializing...
maxdom : 9
D->valSize : 435
Solving...
Blb : 3 (clique : 21)
currentSize : 21 <-- 0.004136 s
currentSize : 22 <-- 0.068754 s
currentSize : 23 <-- 45.552616 s
currentSize : 24 <-- 45.552814 s
currentSize : 25 <-- 630.886902 s
currentSize : 26 <-- 631.036377 s
currentSize : 27 <-- 631.339417 s
currentSize : 28 <-- 631.864868 s

TIMEOUT
maxsize : 28
nodes : 170033436.000000
filtered : 2227639315.000000
time : 1000.000000
