Parameters: GAD=1 vflib=1 dir=1 label=1 lowerbound=1 fileNameGp=../../cp2016-max-common-connected-subgraph-paper/datasets/graphsdb/mcs30/rand/r01/mcs30_r01_s70.A05 fileNameGt=../../cp2016-max-common-connected-subgraph-paper/datasets/graphsdb/mcs30/rand/r01/mcs30_r01_s70.B05
Reading graphs...
70 : 482
70 : 482
Initializing...
maxdom : 9
D->valSize : 343
Solving...
Blb : 2 (clique : 11)
currentSize : 11 <-- 0.002576 s
currentSize : 12 <-- 0.004577 s
currentSize : 13 <-- 0.019015 s
currentSize : 14 <-- 0.067815 s
currentSize : 15 <-- 0.088111 s
currentSize : 16 <-- 0.370630 s
currentSize : 17 <-- 3.449640 s
currentSize : 18 <-- 5.250373 s
currentSize : 20 <-- 5.251912 s
currentSize : 21 <-- 5.252546 s
currentSize : 22 <-- 5.252665 s

maxsize : 22
nodes : 1359435.000000
filtered : 17066379.000000
time : 7.151092
