Parameters: GAD=1 vflib=1 dir=1 label=1 lowerbound=1 fileNameGp=../../cp2016-max-common-connected-subgraph-paper/datasets/graphsdb/mcs30/rand/r005/mcs30_r005_s60.A04 fileNameGt=../../cp2016-max-common-connected-subgraph-paper/datasets/graphsdb/mcs30/rand/r005/mcs30_r005_s60.B04
Reading graphs...
60 : 179
60 : 179
Initializing...
maxdom : 7
D->valSize : 227
Solving...
Blb : 2 (clique : 16)
currentSize : 16 <-- 0.001519 s
currentSize : 17 <-- 0.001635 s
currentSize : 18 <-- 0.001681 s
currentSize : 19 <-- 0.006725 s
currentSize : 20 <-- 0.160057 s
currentSize : 21 <-- 0.160836 s
currentSize : 22 <-- 0.161826 s
currentSize : 23 <-- 0.162631 s

maxsize : 23
nodes : 3105161.000000
filtered : 28480817.000000
time : 14.657299
