Parameters: GAD=1 vflib=1 dir=1 label=1 lowerbound=1 fileNameGp=../../cp2016-max-common-connected-subgraph-paper/datasets/graphsdb/mcs30/bvg/b09m/mcs30_b09m_s60.A01 fileNameGt=../../cp2016-max-common-connected-subgraph-paper/datasets/graphsdb/mcs30/bvg/b09m/mcs30_b09m_s60.B01
Reading graphs...
60 : 270
60 : 270
Initializing...
maxdom : 7
D->valSize : 256
Solving...
Blb : 3 (clique : 15)
currentSize : 15 <-- 0.001646 s
currentSize : 16 <-- 0.177892 s
currentSize : 17 <-- 0.490006 s
currentSize : 18 <-- 0.490437 s
currentSize : 19 <-- 1.260204 s
currentSize : 20 <-- 1.260347 s
currentSize : 21 <-- 3.032526 s

maxsize : 21
nodes : 1388673.000000
filtered : 12032160.000000
time : 6.193156
