Parameters: GAD=1 vflib=1 dir=1 label=1 lowerbound=1 fileNameGp=../../cp2016-max-common-connected-subgraph-paper/datasets/graphsdb/mcs30/m2D/m2Dr2/mcs30_m2Dr2_s50.A00 fileNameGt=../../cp2016-max-common-connected-subgraph-paper/datasets/graphsdb/mcs30/m2D/m2Dr2/mcs30_m2Dr2_s50.B00
Reading graphs...
50 : 95
50 : 95
Initializing...
maxdom : 9
D->valSize : 321
Solving...
Blb : 2 (clique : 18)
currentSize : 18 <-- 0.003657 s
currentSize : 19 <-- 0.003833 s
currentSize : 20 <-- 0.251966 s
currentSize : 21 <-- 0.927459 s
currentSize : 22 <-- 13.157685 s
currentSize : 23 <-- 26.384840 s
currentSize : 24 <-- 65.507744 s

TIMEOUT
maxsize : 24
nodes : 228827240.000000
filtered : 2570391937.000000
time : 1000.000000
