Parameters: GAD=1 vflib=1 dir=1 label=1 lowerbound=1 fileNameGp=../../cp2016-max-common-connected-subgraph-paper/datasets/graphsdb/mcs30/bvg/b09/mcs30_b09_s80.A07 fileNameGt=../../cp2016-max-common-connected-subgraph-paper/datasets/graphsdb/mcs30/bvg/b09/mcs30_b09_s80.B07
Reading graphs...
80 : 360
80 : 360
Initializing...
maxdom : 11
D->valSize : 423
Solving...
Blb : 2 (clique : 16)
currentSize : 16 <-- 0.003768 s
currentSize : 17 <-- 0.004695 s
currentSize : 18 <-- 0.021764 s
currentSize : 19 <-- 1.371618 s
currentSize : 20 <-- 3.312201 s
currentSize : 21 <-- 191.458557 s
currentSize : 22 <-- 191.462418 s
currentSize : 23 <-- 191.511963 s
currentSize : 24 <-- 714.940552 s
currentSize : 25 <-- 714.940674 s
currentSize : 26 <-- 714.941711 s
currentSize : 27 <-- 714.942383 s
currentSize : 29 <-- 992.422607 s

TIMEOUT
maxsize : 29
nodes : 183281942.000000
filtered : 1918717493.000000
time : 1000.000000
