Parameters: GAD=1 vflib=1 dir=1 label=1 lowerbound=1 fileNameGp=../../cp2016-max-common-connected-subgraph-paper/datasets/graphsdb/mcs30/m2D/m2Dr6/mcs30_m2Dr6_s100.A08 fileNameGt=../../cp2016-max-common-connected-subgraph-paper/datasets/graphsdb/mcs30/m2D/m2Dr6/mcs30_m2Dr6_s100.B08
Reading graphs...
100 : 240
100 : 239
Initializing...
maxdom : 8
D->valSize : 325
Solving...
Blb : 2 (clique : 28)
currentSize : 28 <-- 0.003093 s
currentSize : 29 <-- 0.008123 s
currentSize : 30 <-- 0.020516 s
currentSize : 31 <-- 0.036911 s
currentSize : 32 <-- 0.044619 s
currentSize : 33 <-- 1.609165 s
currentSize : 34 <-- 7.430750 s
currentSize : 35 <-- 175.763123 s
currentSize : 36 <-- 184.971130 s

TIMEOUT
maxsize : 36
nodes : 188379172.000000
filtered : 971979273.000000
time : 1000.000000
