Parameters: GAD=1 vflib=1 dir=1 label=1 lowerbound=1 fileNameGp=../../cp2016-max-common-connected-subgraph-paper/datasets/graphsdb/mcs30/rand/r01/mcs30_r01_s70.A03 fileNameGt=../../cp2016-max-common-connected-subgraph-paper/datasets/graphsdb/mcs30/rand/r01/mcs30_r01_s70.B03
Reading graphs...
70 : 482
70 : 482
Initializing...
maxdom : 8
D->valSize : 348
Solving...
Blb : 2 (clique : 12)
currentSize : 12 <-- 0.002689 s
currentSize : 13 <-- 0.002839 s
currentSize : 14 <-- 0.003038 s
currentSize : 15 <-- 0.003250 s
currentSize : 17 <-- 4.020592 s
currentSize : 19 <-- 9.018944 s
currentSize : 20 <-- 10.280916 s
currentSize : 21 <-- 11.777109 s

maxsize : 21
nodes : 2953006.000000
filtered : 38227057.000000
time : 15.481690
