Parameters: GAD=1 vflib=1 dir=1 label=1 lowerbound=1 fileNameGp=../../cp2016-max-common-connected-subgraph-paper/datasets/graphsdb/mcs30/bvg/b09m/mcs30_b09m_s100.A00 fileNameGt=../../cp2016-max-common-connected-subgraph-paper/datasets/graphsdb/mcs30/bvg/b09m/mcs30_b09m_s100.B00
Reading graphs...
100 : 450
100 : 450
Initializing...
maxdom : 6
D->valSize : 333
Solving...
Blb : 3 (clique : 30)
currentSize : 30 <-- 0.003154 s
currentSize : 31 <-- 0.003916 s
currentSize : 32 <-- 0.005547 s
currentSize : 33 <-- 0.006081 s
currentSize : 34 <-- 0.020160 s
currentSize : 35 <-- 0.022179 s
currentSize : 36 <-- 314.926727 s

TIMEOUT
maxsize : 36
nodes : 183956709.000000
filtered : 874673274.000000
time : 1000.000061
