Parameters: GAD=1 vflib=1 dir=1 label=1 lowerbound=1 fileNameGp=../../cp2016-max-common-connected-subgraph-paper/datasets/graphsdb/mcs30/m4D/m4Dr6/mcs30_m4Dr6_s60.A04 fileNameGt=../../cp2016-max-common-connected-subgraph-paper/datasets/graphsdb/mcs30/m4D/m4Dr6/mcs30_m4Dr6_s60.B04
Reading graphs...
60 : 138
60 : 137
Initializing...
maxdom : 8
D->valSize : 234
Solving...
Blb : 5 (clique : 19)
currentSize : 19 <-- 0.002585 s
currentSize : 20 <-- 0.005929 s
currentSize : 21 <-- 0.007410 s
currentSize : 22 <-- 0.131790 s
currentSize : 23 <-- 4.268265 s
currentSize : 24 <-- 4.271667 s
currentSize : 25 <-- 22.698423 s

maxsize : 25
nodes : 12684957.000000
filtered : 101798892.000000
time : 58.612896
