Parameters: GAD=1 vflib=1 dir=1 label=1 lowerbound=1 fileNameGp=../../cp2016-max-common-connected-subgraph-paper/datasets/graphsdb/mcs30/m3D/m3Dr6/mcs30_m3Dr6_s70.A07 fileNameGt=../../cp2016-max-common-connected-subgraph-paper/datasets/graphsdb/mcs30/m3D/m3Dr6/mcs30_m3Dr6_s70.B07
Reading graphs...
70 : 201
70 : 199
Initializing...
maxdom : 9
D->valSize : 317
Solving...
Blb : 3 (clique : 24)
currentSize : 24 <-- 0.002586 s
currentSize : 25 <-- 78.562225 s
currentSize : 26 <-- 78.632767 s
currentSize : 27 <-- 78.633041 s
currentSize : 28 <-- 158.049362 s
currentSize : 29 <-- 905.531189 s

TIMEOUT
maxsize : 29
nodes : 196255261.000000
filtered : 1938953296.000000
time : 1000.000000
