Parameters: GAD=1 vflib=1 dir=1 label=1 lowerbound=1 fileNameGp=../../cp2016-max-common-connected-subgraph-paper/datasets/graphsdb/mcs30/m2D/m2D/mcs30_m2D_s100.A09 fileNameGt=../../cp2016-max-common-connected-subgraph-paper/datasets/graphsdb/mcs30/m2D/m2D/mcs30_m2D_s100.B09
Reading graphs...
100 : 180
100 : 180
Initializing...
maxdom : 7
D->valSize : 331
Solving...
Blb : 2 (clique : 33)
currentSize : 33 <-- 0.003249 s
currentSize : 34 <-- 0.005418 s
currentSize : 35 <-- 0.022176 s
currentSize : 36 <-- 12.337458 s
currentSize : 37 <-- 53.351273 s
currentSize : 38 <-- 56.479527 s
currentSize : 39 <-- 75.571121 s

TIMEOUT
maxsize : 39
nodes : 181899701.000000
filtered : 1011494133.000000
time : 1000.000061
