Parameters: GAD=1 vflib=1 dir=1 label=1 lowerbound=1 fileNameGp=../../cp2016-max-common-connected-subgraph-paper/datasets/graphsdb/mcs30/m4D/m4Dr6/mcs30_m4Dr6_s70.A02 fileNameGt=../../cp2016-max-common-connected-subgraph-paper/datasets/graphsdb/mcs30/m4D/m4Dr6/mcs30_m4Dr6_s70.B02
Reading graphs...
70 : 160
70 : 158
Initializing...
maxdom : 8
D->valSize : 342
Solving...
Blb : 3 (clique : 22)
currentSize : 22 <-- 0.004540 s
currentSize : 23 <-- 0.069408 s
currentSize : 24 <-- 0.103726 s
currentSize : 25 <-- 0.157776 s
currentSize : 26 <-- 1.934982 s
currentSize : 27 <-- 46.742104 s

TIMEOUT
maxsize : 27
nodes : 200490022.000000
filtered : 1839085174.000000
time : 1000.000000
