Parameters: GAD=1 vflib=1 dir=1 label=1 lowerbound=1 fileNameGp=../../cp2016-max-common-connected-subgraph-paper/datasets/graphsdb/mcs30/m2D/m2D/mcs30_m2D_s70.A02 fileNameGt=../../cp2016-max-common-connected-subgraph-paper/datasets/graphsdb/mcs30/m2D/m2D/mcs30_m2D_s70.B02
Reading graphs...
70 : 123
70 : 123
Initializing...
maxdom : 7
D->valSize : 349
Solving...
Blb : 2 (clique : 25)
currentSize : 25 <-- 0.002920 s
currentSize : 27 <-- 0.003085 s
currentSize : 28 <-- 0.003562 s
currentSize : 29 <-- 0.008216 s
currentSize : 30 <-- 0.054327 s
currentSize : 31 <-- 0.073247 s
currentSize : 32 <-- 0.099560 s
currentSize : 33 <-- 490.085419 s

TIMEOUT
maxsize : 33
nodes : 199971810.000000
filtered : 1937014910.000000
time : 1000.000000
