Parameters: GAD=1 vflib=1 dir=1 label=1 lowerbound=1 fileNameGp=../../cp2016-max-common-connected-subgraph-paper/datasets/graphsdb/mcs30/m2D/m2Dr4/mcs30_m2Dr4_s60.A00 fileNameGt=../../cp2016-max-common-connected-subgraph-paper/datasets/graphsdb/mcs30/m2D/m2Dr4/mcs30_m2Dr4_s60.B00
Reading graphs...
60 : 128
60 : 126
Initializing...
maxdom : 7
D->valSize : 226
Solving...
Blb : 3 (clique : 17)
currentSize : 17 <-- 0.001550 s
currentSize : 18 <-- 0.002256 s
currentSize : 19 <-- 0.003945 s
currentSize : 20 <-- 2.435686 s
currentSize : 21 <-- 6.566707 s
currentSize : 22 <-- 24.548794 s

maxsize : 22
nodes : 33286371.000000
filtered : 254939082.000000
time : 140.220474
