Parameters: GAD=1 vflib=1 dir=1 label=1 lowerbound=1 fileNameGp=../../cp2016-max-common-connected-subgraph-paper/datasets/graphsdb/mcs30/bvg/b06m/mcs30_b06m_s100.A00 fileNameGt=../../cp2016-max-common-connected-subgraph-paper/datasets/graphsdb/mcs30/bvg/b06m/mcs30_b06m_s100.B00
Reading graphs...
100 : 300
100 : 300
Initializing...
maxdom : 10
D->valSize : 356
Solving...
Blb : 2 (clique : 26)
currentSize : 26 <-- 0.005678 s
currentSize : 27 <-- 0.014283 s
currentSize : 28 <-- 0.019718 s
currentSize : 29 <-- 1.994468 s
currentSize : 30 <-- 2.940401 s
currentSize : 31 <-- 4.292191 s
currentSize : 32 <-- 40.370808 s
currentSize : 33 <-- 42.132061 s
currentSize : 34 <-- 298.392456 s

TIMEOUT
maxsize : 34
nodes : 188899157.000000
filtered : 819746951.000000
time : 1000.000061
