Parameters: GAD=1 vflib=1 dir=1 label=1 lowerbound=1 fileNameGp=../../cp2016-max-common-connected-subgraph-paper/datasets/graphsdb/mcs30/m2D/m2D/mcs30_m2D_s50.A04 fileNameGt=../../cp2016-max-common-connected-subgraph-paper/datasets/graphsdb/mcs30/m2D/m2D/mcs30_m2D_s50.B04
Reading graphs...
50 : 85
50 : 85
Initializing...
maxdom : 8
D->valSize : 309
Solving...
Blb : 2 (clique : 18)
currentSize : 18 <-- 0.002240 s
currentSize : 19 <-- 0.002354 s
currentSize : 20 <-- 0.002406 s
currentSize : 21 <-- 0.003127 s
currentSize : 22 <-- 0.007711 s
currentSize : 23 <-- 2.349885 s
currentSize : 24 <-- 625.449402 s

maxsize : 24
nodes : 175310308.000000
filtered : 2020840505.000000
time : 763.010437
