Parameters: GAD=1 vflib=1 dir=1 label=1 lowerbound=1 fileNameGp=../../cp2016-max-common-connected-subgraph-paper/datasets/graphsdb/mcs30/m2D/m2Dr2/mcs30_m2Dr2_s80.A01 fileNameGt=../../cp2016-max-common-connected-subgraph-paper/datasets/graphsdb/mcs30/m2D/m2Dr2/mcs30_m2Dr2_s80.B01
Reading graphs...
80 : 158
80 : 158
Initializing...
maxdom : 9
D->valSize : 395
Solving...
Blb : 2 (clique : 26)
currentSize : 26 <-- 0.003659 s
currentSize : 27 <-- 0.003869 s
currentSize : 28 <-- 0.004087 s
currentSize : 29 <-- 0.004878 s
currentSize : 30 <-- 1.787292 s
currentSize : 31 <-- 6.173293 s
currentSize : 32 <-- 98.627922 s
currentSize : 33 <-- 402.768341 s
currentSize : 34 <-- 821.880005 s

TIMEOUT
maxsize : 34
nodes : 189817307.000000
filtered : 1766328411.000000
time : 1000.000000
