Parameters: GAD=1 vflib=1 dir=1 label=1 lowerbound=1 fileNameGp=../../cp2016-max-common-connected-subgraph-paper/datasets/graphsdb/mcs30/m3D/m3Dr6/mcs30_m3Dr6_s100.A01 fileNameGt=../../cp2016-max-common-connected-subgraph-paper/datasets/graphsdb/mcs30/m3D/m3Dr6/mcs30_m3Dr6_s100.B01
Reading graphs...
100 : 295
100 : 294
Initializing...
maxdom : 8
D->valSize : 345
Solving...
Blb : 2 (clique : 28)
currentSize : 28 <-- 0.003276 s
currentSize : 29 <-- 0.005087 s
currentSize : 30 <-- 0.598260 s
currentSize : 31 <-- 0.601638 s
currentSize : 32 <-- 2.662822 s
currentSize : 33 <-- 2.666792 s
currentSize : 34 <-- 5.089430 s
currentSize : 35 <-- 13.629961 s
currentSize : 36 <-- 13.630142 s
currentSize : 37 <-- 13.778009 s
currentSize : 38 <-- 51.477463 s

TIMEOUT
maxsize : 38
nodes : 194388682.000000
filtered : 705414664.000000
time : 1000.000000
