Parameters: GAD=1 vflib=1 dir=1 label=1 lowerbound=1 fileNameGp=../../cp2016-max-common-connected-subgraph-paper/datasets/graphsdb/mcs30/bvg/b03m/mcs30_b03m_s100.A00 fileNameGt=../../cp2016-max-common-connected-subgraph-paper/datasets/graphsdb/mcs30/bvg/b03m/mcs30_b03m_s100.B00
Reading graphs...
100 : 150
100 : 150
Initializing...
maxdom : 5
D->valSize : 331
Solving...
Blb : 2 (clique : 39)
currentSize : 39 <-- 0.003292 s
currentSize : 40 <-- 0.003598 s
currentSize : 41 <-- 0.003851 s
currentSize : 42 <-- 0.008398 s
currentSize : 43 <-- 0.016643 s
currentSize : 44 <-- 1.152966 s
currentSize : 45 <-- 16.058878 s

TIMEOUT
maxsize : 45
nodes : 201617378.000000
filtered : 795633026.000000
time : 1000.000061
