Parameters: GAD=1 vflib=1 dir=1 label=1 lowerbound=1 fileNameGp=../../cp2016-max-common-connected-subgraph-paper/datasets/graphsdb/mcs30/m4D/m4Dr6/mcs30_m4Dr6_s60.A09 fileNameGt=../../cp2016-max-common-connected-subgraph-paper/datasets/graphsdb/mcs30/m4D/m4Dr6/mcs30_m4Dr6_s60.B09
Reading graphs...
60 : 138
60 : 137
Initializing...
maxdom : 8
D->valSize : 256
Solving...
Blb : 2 (clique : 19)
currentSize : 19 <-- 0.001827 s
currentSize : 20 <-- 0.005253 s
currentSize : 21 <-- 11.650974 s
currentSize : 22 <-- 11.746634 s
currentSize : 23 <-- 69.710037 s
currentSize : 24 <-- 93.556908 s
currentSize : 25 <-- 129.474609 s

maxsize : 25
nodes : 31263799.000000
filtered : 285631015.000000
time : 140.164734
