Parameters: GAD=1 vflib=1 dir=1 label=1 lowerbound=1 fileNameGp=../../cp2016-max-common-connected-subgraph-paper/datasets/graphsdb/mcs30/m4D/m4Dr6/mcs30_m4Dr6_s60.A03 fileNameGt=../../cp2016-max-common-connected-subgraph-paper/datasets/graphsdb/mcs30/m4D/m4Dr6/mcs30_m4Dr6_s60.B03
Reading graphs...
60 : 138
60 : 137
Initializing...
maxdom : 9
D->valSize : 241
Solving...
Blb : 2 (clique : 20)
currentSize : 20 <-- 0.001736 s
currentSize : 21 <-- 0.026447 s
currentSize : 22 <-- 0.049534 s
currentSize : 23 <-- 0.604698 s
currentSize : 24 <-- 1.187091 s
currentSize : 25 <-- 1.474035 s

maxsize : 25
nodes : 11492854.000000
filtered : 123652790.000000
time : 54.774975
