Parameters: GAD=1 vflib=1 dir=1 label=1 lowerbound=1 fileNameGp=../../cp2016-max-common-connected-subgraph-paper/datasets/graphsdb/mcs30/m3D/m3D/mcs30_m3D_s100.A04 fileNameGt=../../cp2016-max-common-connected-subgraph-paper/datasets/graphsdb/mcs30/m3D/m3D/mcs30_m3D_s100.B04
Reading graphs...
100 : 235
100 : 235
Initializing...
maxdom : 7
D->valSize : 332
Solving...
Blb : 2 (clique : 33)
currentSize : 33 <-- 0.003210 s
currentSize : 34 <-- 0.003522 s
currentSize : 35 <-- 0.004125 s
currentSize : 36 <-- 1.716416 s
currentSize : 37 <-- 29.390444 s
currentSize : 38 <-- 90.353363 s

TIMEOUT
maxsize : 38
nodes : 188917388.000000
filtered : 859436668.000000
time : 1000.000000
