Parameters: GAD=1 vflib=1 dir=1 label=1 lowerbound=1 fileNameGp=../../cp2016-max-common-connected-subgraph-paper/datasets/graphsdb/mcs30/m2D/m2Dr2/mcs30_m2Dr2_s100.A02 fileNameGt=../../cp2016-max-common-connected-subgraph-paper/datasets/graphsdb/mcs30/m2D/m2Dr2/mcs30_m2Dr2_s100.B02
Reading graphs...
100 : 200
100 : 199
Initializing...
maxdom : 6
D->valSize : 299
Solving...
Blb : 2 (clique : 30)
currentSize : 30 <-- 0.004498 s
currentSize : 31 <-- 0.004948 s
currentSize : 32 <-- 0.008497 s
currentSize : 33 <-- 9.714666 s
currentSize : 34 <-- 16.644501 s
currentSize : 35 <-- 30.929403 s
currentSize : 36 <-- 315.445801 s
currentSize : 37 <-- 315.565613 s
currentSize : 38 <-- 315.570557 s
currentSize : 39 <-- 627.021667 s

TIMEOUT
maxsize : 39
nodes : 188046403.000000
filtered : 842118209.000000
time : 1000.000061
