Parameters: GAD=1 vflib=1 dir=1 label=1 lowerbound=1 fileNameGp=../../cp2016-max-common-connected-subgraph-paper/datasets/graphsdb/mcs30/m4D/m4D/mcs30_m4D_s90.A00 fileNameGt=../../cp2016-max-common-connected-subgraph-paper/datasets/graphsdb/mcs30/m4D/m4D/mcs30_m4D_s90.B00
Reading graphs...
90 : 146
90 : 146
Initializing...
maxdom : 10
D->valSize : 518
Solving...
Blb : 2 (clique : 34)
currentSize : 34 <-- 0.006033 s
currentSize : 35 <-- 0.006321 s
currentSize : 36 <-- 0.006414 s
currentSize : 37 <-- 0.011067 s
currentSize : 38 <-- 1.071982 s
currentSize : 39 <-- 24.897968 s
currentSize : 40 <-- 425.432800 s

TIMEOUT
maxsize : 40
nodes : 169732046.000000
filtered : 608755783.000000
time : 1000.000061
