Parameters: GAD=1 vflib=1 dir=1 label=1 lowerbound=1 fileNameGp=../../cp2016-max-common-connected-subgraph-paper/datasets/graphsdb/mcs30/m3D/m3Dr4/mcs30_m3Dr4_s70.A02 fileNameGt=../../cp2016-max-common-connected-subgraph-paper/datasets/graphsdb/mcs30/m3D/m3Dr4/mcs30_m3Dr4_s70.B02
Reading graphs...
70 : 187
70 : 186
Initializing...
maxdom : 8
D->valSize : 353
Solving...
Blb : 3 (clique : 21)
currentSize : 21 <-- 0.004837 s
currentSize : 22 <-- 0.005063 s
currentSize : 23 <-- 0.005719 s
currentSize : 24 <-- 0.331184 s
currentSize : 25 <-- 109.727760 s
currentSize : 26 <-- 109.729637 s
currentSize : 27 <-- 109.816086 s
currentSize : 29 <-- 215.695755 s
currentSize : 30 <-- 215.695862 s
currentSize : 31 <-- 215.811584 s

maxsize : 31
nodes : 153943209.000000
filtered : 1635857544.000000
time : 801.588928
