Parameters: GAD=1 vflib=1 dir=1 label=1 lowerbound=1 fileNameGp=../../cp2016-max-common-connected-subgraph-paper/datasets/graphsdb/mcs30/m3D/m3Dr6/mcs30_m3Dr6_s100.A03 fileNameGt=../../cp2016-max-common-connected-subgraph-paper/datasets/graphsdb/mcs30/m3D/m3Dr6/mcs30_m3Dr6_s100.B03
Reading graphs...
100 : 294
100 : 292
Initializing...
maxdom : 8
D->valSize : 331
Solving...
Blb : 3 (clique : 29)
currentSize : 29 <-- 0.005169 s
currentSize : 30 <-- 0.332272 s
currentSize : 32 <-- 0.332319 s
currentSize : 33 <-- 2.385261 s
currentSize : 34 <-- 2.891713 s
currentSize : 35 <-- 234.203354 s
currentSize : 36 <-- 400.748230 s

TIMEOUT
maxsize : 36
nodes : 197997356.000000
filtered : 741907804.000000
time : 1000.000000
