Parameters: GAD=1 vflib=1 dir=1 label=1 lowerbound=1 fileNameGp=../../cp2016-max-common-connected-subgraph-paper/datasets/graphsdb/mcs30/m2D/m2Dr4/mcs30_m2Dr4_s50.A06 fileNameGt=../../cp2016-max-common-connected-subgraph-paper/datasets/graphsdb/mcs30/m2D/m2Dr4/mcs30_m2Dr4_s50.B06
Reading graphs...
50 : 105
50 : 102
Initializing...
maxdom : 13
D->valSize : 331
Solving...
Blb : 2 (clique : 18)
currentSize : 18 <-- 0.002414 s
currentSize : 19 <-- 0.002695 s
currentSize : 20 <-- 0.038107 s
currentSize : 21 <-- 0.204185 s
currentSize : 22 <-- 0.847369 s
currentSize : 23 <-- 1.348301 s

maxsize : 23
nodes : 27650396.000000
filtered : 464693402.000000
time : 137.072556
