Parameters: GAD=1 vflib=1 dir=1 label=1 lowerbound=1 fileNameGp=../../cp2016-max-common-connected-subgraph-paper/datasets/graphsdb/mcs30/bvg/b06/mcs30_b06_s100.A00 fileNameGt=../../cp2016-max-common-connected-subgraph-paper/datasets/graphsdb/mcs30/bvg/b06/mcs30_b06_s100.B00
Reading graphs...
100 : 300
100 : 300
Initializing...
maxdom : 8
D->valSize : 336
Solving...
Blb : 2 (clique : 33)
currentSize : 33 <-- 0.005296 s
currentSize : 34 <-- 0.008586 s
currentSize : 35 <-- 1.171491 s
currentSize : 36 <-- 95.623413 s
currentSize : 37 <-- 95.625771 s
currentSize : 38 <-- 96.299370 s
currentSize : 39 <-- 97.516647 s

TIMEOUT
maxsize : 39
nodes : 199789779.000000
filtered : 788311216.000000
time : 1000.000000
