Parameters: GAD=1 vflib=1 dir=1 label=1 lowerbound=1 fileNameGp=../../cp2016-max-common-connected-subgraph-paper/datasets/graphsdb/mcs30/rand/r01/mcs30_r01_s60.A06 fileNameGt=../../cp2016-max-common-connected-subgraph-paper/datasets/graphsdb/mcs30/rand/r01/mcs30_r01_s60.B06
Reading graphs...
60 : 353
60 : 353
Initializing...
maxdom : 8
D->valSize : 249
Solving...
Blb : 2 (clique : 10)
currentSize : 10 <-- 0.002499 s
currentSize : 11 <-- 0.002689 s
currentSize : 12 <-- 0.002941 s
currentSize : 13 <-- 0.004498 s
currentSize : 14 <-- 0.005230 s
currentSize : 15 <-- 0.007179 s
currentSize : 18 <-- 0.011002 s
currentSize : 19 <-- 0.022304 s

maxsize : 19
nodes : 121226.000000
filtered : 1613791.000000
time : 0.682815
