Parameters: GAD=1 vflib=1 dir=1 label=1 lowerbound=1 fileNameGp=../../cp2016-max-common-connected-subgraph-paper/datasets/graphsdb/mcs30/rand/r01/mcs30_r01_s90.A06 fileNameGt=../../cp2016-max-common-connected-subgraph-paper/datasets/graphsdb/mcs30/rand/r01/mcs30_r01_s90.B06
Reading graphs...
90 : 800
90 : 800
Initializing...
maxdom : 11
D->valSize : 562
Solving...
Blb : 2 (clique : 11)
currentSize : 11 <-- 0.005934 s
currentSize : 12 <-- 0.006069 s
currentSize : 13 <-- 0.006400 s
currentSize : 14 <-- 0.008359 s
currentSize : 15 <-- 0.031662 s
currentSize : 16 <-- 0.089746 s
currentSize : 17 <-- 1.069712 s
currentSize : 18 <-- 9.252880 s
currentSize : 19 <-- 19.090685 s
currentSize : 20 <-- 26.495844 s
currentSize : 21 <-- 70.544647 s
currentSize : 23 <-- 70.545532 s
currentSize : 24 <-- 70.552872 s
currentSize : 27 <-- 70.554901 s

maxsize : 27
nodes : 16830433.000000
filtered : 331490321.000000
time : 114.038368
