Parameters: GAD=1 vflib=1 dir=1 label=1 lowerbound=1 fileNameGp=../../cp2016-max-common-connected-subgraph-paper/datasets/graphsdb/mcs30/m4D/m4D/mcs30_m4D_s90.A09 fileNameGt=../../cp2016-max-common-connected-subgraph-paper/datasets/graphsdb/mcs30/m4D/m4D/mcs30_m4D_s90.B09
Reading graphs...
90 : 146
90 : 146
Initializing...
maxdom : 11
D->valSize : 522
Solving...
Blb : 2 (clique : 34)
currentSize : 34 <-- 0.006041 s
currentSize : 35 <-- 0.006436 s
currentSize : 36 <-- 0.006793 s
currentSize : 37 <-- 0.007989 s
currentSize : 38 <-- 0.410125 s
currentSize : 39 <-- 32.529469 s
currentSize : 40 <-- 171.008484 s

TIMEOUT
maxsize : 40
nodes : 163439681.000000
filtered : 1507132928.000000
time : 1000.000000
