Parameters: GAD=1 vflib=1 dir=1 label=1 lowerbound=1 fileNameGp=../../cp2016-max-common-connected-subgraph-paper/datasets/graphsdb/mcs30/m2D/m2Dr6/mcs30_m2Dr6_s60.A04 fileNameGt=../../cp2016-max-common-connected-subgraph-paper/datasets/graphsdb/mcs30/m2D/m2Dr6/mcs30_m2Dr6_s60.B04
Reading graphs...
60 : 140
60 : 140
Initializing...
maxdom : 6
D->valSize : 241
Solving...
Blb : 2 (clique : 16)
currentSize : 16 <-- 0.001630 s
currentSize : 17 <-- 0.001771 s
currentSize : 18 <-- 1.201394 s
currentSize : 19 <-- 1.753502 s
currentSize : 20 <-- 1.755720 s
currentSize : 21 <-- 4.720515 s
currentSize : 22 <-- 12.553163 s
currentSize : 23 <-- 15.503720 s
currentSize : 24 <-- 75.566681 s

maxsize : 24
nodes : 20808357.000000
filtered : 160896594.000000
time : 92.224960
