Parameters: GAD=1 vflib=1 dir=1 label=1 lowerbound=1 fileNameGp=../../cp2016-max-common-connected-subgraph-paper/datasets/graphsdb/mcs30/rand/r005/mcs30_r005_s50.A06 fileNameGt=../../cp2016-max-common-connected-subgraph-paper/datasets/graphsdb/mcs30/rand/r005/mcs30_r005_s50.B06
Reading graphs...
50 : 126
50 : 126
Initializing...
maxdom : 10
D->valSize : 321
Solving...
Blb : 5 (clique : 15)
currentSize : 15 <-- 0.002277 s
currentSize : 16 <-- 0.002460 s
currentSize : 17 <-- 0.028420 s
currentSize : 18 <-- 0.630095 s
currentSize : 19 <-- 0.963072 s
currentSize : 20 <-- 1.120964 s
currentSize : 21 <-- 14.034692 s
currentSize : 22 <-- 54.218456 s

maxsize : 22
nodes : 26007096.000000
filtered : 337713044.000000
time : 118.001625
