Parameters: GAD=1 vflib=1 dir=1 label=1 lowerbound=1 fileNameGp=../../cp2016-max-common-connected-subgraph-paper/datasets/graphsdb/mcs30/m4D/m4Dr2/mcs30_m4Dr2_s60.A09 fileNameGt=../../cp2016-max-common-connected-subgraph-paper/datasets/graphsdb/mcs30/m4D/m4Dr2/mcs30_m4Dr2_s60.B09
Reading graphs...
60 : 114
60 : 113
Initializing...
maxdom : 9
D->valSize : 225
Solving...
Blb : 2 (clique : 22)
currentSize : 22 <-- 0.002460 s
currentSize : 23 <-- 0.002685 s
currentSize : 24 <-- 0.002990 s
currentSize : 25 <-- 0.006389 s
currentSize : 26 <-- 0.011743 s
currentSize : 27 <-- 0.127892 s

maxsize : 27
nodes : 78964948.000000
filtered : 590155138.000000
time : 343.587311
