Parameters: GAD=1 vflib=1 dir=1 label=1 lowerbound=1 fileNameGp=../../cp2016-max-common-connected-subgraph-paper/datasets/graphsdb/mcs30/m2D/m2Dr6/mcs30_m2Dr6_s60.A00 fileNameGt=../../cp2016-max-common-connected-subgraph-paper/datasets/graphsdb/mcs30/m2D/m2Dr6/mcs30_m2Dr6_s60.B00
Reading graphs...
60 : 140
60 : 140
Initializing...
maxdom : 6
D->valSize : 231
Solving...
Blb : 2 (clique : 18)
currentSize : 18 <-- 0.001681 s
currentSize : 19 <-- 0.001888 s
currentSize : 20 <-- 0.188578 s
currentSize : 21 <-- 0.228182 s
currentSize : 22 <-- 1.693390 s
currentSize : 23 <-- 4.569956 s

maxsize : 23
nodes : 124385509.000000
filtered : 889911751.000000
time : 528.051697
