Parameters: GAD=1 vflib=1 dir=1 label=1 lowerbound=1 fileNameGp=../../cp2016-max-common-connected-subgraph-paper/datasets/graphsdb/mcs30/rand/r01/mcs30_r01_s100.A03 fileNameGt=../../cp2016-max-common-connected-subgraph-paper/datasets/graphsdb/mcs30/rand/r01/mcs30_r01_s100.B03
Reading graphs...
100 : 989
100 : 989
Initializing...
maxdom : 8
D->valSize : 331
Solving...
Blb : 2 (clique : 18)
currentSize : 18 <-- 0.003227 s
currentSize : 21 <-- 0.003900 s
currentSize : 22 <-- 0.004025 s
currentSize : 24 <-- 0.006766 s
currentSize : 26 <-- 0.007314 s
currentSize : 27 <-- 3.480782 s
currentSize : 30 <-- 3.482288 s

maxsize : 30
nodes : 1348165.000000
filtered : 14412856.000000
time : 8.718056
