Parameters: GAD=1 vflib=1 dir=1 label=1 lowerbound=1 fileNameGp=../../cp2016-max-common-connected-subgraph-paper/datasets/graphsdb/mcs30/m4D/m4Dr6/mcs30_m4Dr6_s50.A06 fileNameGt=../../cp2016-max-common-connected-subgraph-paper/datasets/graphsdb/mcs30/m4D/m4Dr6/mcs30_m4Dr6_s50.B06
Reading graphs...
50 : 117
50 : 115
Initializing...
maxdom : 9
D->valSize : 278
Solving...
Blb : 2 (clique : 15)
currentSize : 15 <-- 0.001810 s
currentSize : 16 <-- 0.001932 s
currentSize : 17 <-- 0.002233 s
currentSize : 18 <-- 0.064263 s
currentSize : 19 <-- 0.286853 s
currentSize : 20 <-- 20.415928 s
currentSize : 21 <-- 20.421318 s

maxsize : 21
nodes : 5779039.000000
filtered : 70227853.000000
time : 26.182272
