Parameters: GAD=1 vflib=1 dir=1 label=1 lowerbound=1 fileNameGp=../../cp2016-max-common-connected-subgraph-paper/datasets/graphsdb/mcs30/rand/r01/mcs30_r01_s70.A04 fileNameGt=../../cp2016-max-common-connected-subgraph-paper/datasets/graphsdb/mcs30/rand/r01/mcs30_r01_s70.B04
Reading graphs...
70 : 482
70 : 482
Initializing...
maxdom : 7
D->valSize : 327
Solving...
Blb : 5 (clique : 12)
currentSize : 12 <-- 0.002465 s
currentSize : 13 <-- 0.002693 s
currentSize : 14 <-- 0.007614 s
currentSize : 15 <-- 0.034952 s
currentSize : 16 <-- 0.306144 s
currentSize : 18 <-- 0.492934 s
currentSize : 19 <-- 2.855475 s
currentSize : 20 <-- 7.343378 s
currentSize : 21 <-- 7.343467 s

maxsize : 21
nodes : 2673186.000000
filtered : 33940076.000000
time : 14.515961
