Parameters: GAD=1 vflib=1 dir=1 label=1 lowerbound=1 fileNameGp=../../cp2016-max-common-connected-subgraph-paper/datasets/graphsdb/mcs30/m2D/m2Dr6/mcs30_m2Dr6_s80.A05 fileNameGt=../../cp2016-max-common-connected-subgraph-paper/datasets/graphsdb/mcs30/m2D/m2Dr6/mcs30_m2Dr6_s80.B05
Reading graphs...
80 : 190
80 : 188
Initializing...
maxdom : 12
D->valSize : 419
Solving...
Blb : 3 (clique : 24)
currentSize : 24 <-- 0.004066 s
currentSize : 25 <-- 0.078671 s
currentSize : 26 <-- 9.365462 s
currentSize : 27 <-- 16.418240 s
currentSize : 28 <-- 403.227417 s
currentSize : 29 <-- 800.106628 s

TIMEOUT
maxsize : 29
nodes : 194459020.000000
filtered : 1451548799.000000
time : 1000.000000
