Parameters: GAD=1 vflib=1 dir=1 label=1 lowerbound=1 fileNameGp=../../cp2016-max-common-connected-subgraph-paper/datasets/graphsdb/mcs30/bvg/b06m/mcs30_b06m_s50.A08 fileNameGt=../../cp2016-max-common-connected-subgraph-paper/datasets/graphsdb/mcs30/bvg/b06m/mcs30_b06m_s50.B08
Reading graphs...
50 : 150
50 : 150
Initializing...
maxdom : 8
D->valSize : 324
Solving...
Blb : 2 (clique : 15)
currentSize : 15 <-- 0.003572 s
currentSize : 16 <-- 0.004063 s
currentSize : 17 <-- 1.205541 s
currentSize : 18 <-- 2.204820 s
currentSize : 19 <-- 25.313133 s
currentSize : 20 <-- 126.877419 s

maxsize : 20
nodes : 80874501.000000
filtered : 922894806.000000
time : 341.173615
