Parameters: GAD=1 vflib=1 dir=1 label=1 lowerbound=1 fileNameGp=../../cp2016-max-common-connected-subgraph-paper/datasets/graphsdb/mcs30/m4D/m4Dr6/mcs30_m4Dr6_s90.A06 fileNameGt=../../cp2016-max-common-connected-subgraph-paper/datasets/graphsdb/mcs30/m4D/m4Dr6/mcs30_m4Dr6_s90.B06
Reading graphs...
90 : 200
90 : 199
Initializing...
maxdom : 15
D->valSize : 509
Solving...
Blb : 2 (clique : 32)
currentSize : 32 <-- 0.005753 s
currentSize : 33 <-- 0.006025 s
currentSize : 34 <-- 0.006133 s
currentSize : 35 <-- 0.006232 s
currentSize : 36 <-- 0.006522 s
currentSize : 37 <-- 5.720191 s

TIMEOUT
maxsize : 37
nodes : 190273032.000000
filtered : 1392859242.000000
time : 1000.000061
