Parameters: GAD=1 vflib=1 dir=1 label=1 lowerbound=1 fileNameGp=../../cp2016-max-common-connected-subgraph-paper/datasets/graphsdb/mcs30/m2D/m2Dr2/mcs30_m2Dr2_s70.A08 fileNameGt=../../cp2016-max-common-connected-subgraph-paper/datasets/graphsdb/mcs30/m2D/m2Dr2/mcs30_m2Dr2_s70.B08
Reading graphs...
70 : 137
70 : 137
Initializing...
maxdom : 10
D->valSize : 335
Solving...
Blb : 2 (clique : 28)
currentSize : 28 <-- 0.002731 s
currentSize : 29 <-- 0.003088 s
currentSize : 30 <-- 0.005162 s
currentSize : 31 <-- 7.186007 s
currentSize : 32 <-- 278.310028 s

maxsize : 32
nodes : 142145221.000000
filtered : 1648900237.000000
time : 752.566406
