Parameters: GAD=1 vflib=1 dir=1 label=1 lowerbound=1 fileNameGp=../../cp2016-max-common-connected-subgraph-paper/datasets/graphsdb/mcs30/rand/r01/mcs30_r01_s80.A07 fileNameGt=../../cp2016-max-common-connected-subgraph-paper/datasets/graphsdb/mcs30/rand/r01/mcs30_r01_s80.B07
Reading graphs...
80 : 631
80 : 631
Initializing...
maxdom : 11
D->valSize : 473
Solving...
Blb : 2 (clique : 13)
currentSize : 13 <-- 0.004367 s
currentSize : 14 <-- 0.032178 s
currentSize : 15 <-- 0.112907 s
currentSize : 16 <-- 0.350256 s
currentSize : 17 <-- 0.350301 s
currentSize : 18 <-- 1.803812 s
currentSize : 19 <-- 1.804042 s
currentSize : 20 <-- 2.501587 s
currentSize : 21 <-- 3.847803 s
currentSize : 22 <-- 12.195188 s
currentSize : 24 <-- 22.112146 s

maxsize : 24
nodes : 5352265.000000
filtered : 97270946.000000
time : 34.102604
