Parameters: GAD=1 vflib=1 dir=1 label=1 lowerbound=1 fileNameGp=../../cp2016-max-common-connected-subgraph-paper/datasets/graphsdb/mcs30/m2D/m2D/mcs30_m2D_s70.A00 fileNameGt=../../cp2016-max-common-connected-subgraph-paper/datasets/graphsdb/mcs30/m2D/m2D/mcs30_m2D_s70.B00
Reading graphs...
70 : 123
70 : 123
Initializing...
maxdom : 10
D->valSize : 305
Solving...
Blb : 2 (clique : 22)
currentSize : 22 <-- 0.002370 s
currentSize : 23 <-- 0.002655 s
currentSize : 24 <-- 0.005900 s
currentSize : 25 <-- 0.023753 s
currentSize : 26 <-- 0.317493 s
currentSize : 27 <-- 1.168631 s
currentSize : 28 <-- 1.262344 s
currentSize : 29 <-- 1.771803 s
currentSize : 30 <-- 119.412460 s
currentSize : 31 <-- 148.570450 s
currentSize : 32 <-- 148.570801 s
currentSize : 33 <-- 177.946625 s
currentSize : 34 <-- 201.721283 s

maxsize : 34
nodes : 71516956.000000
filtered : 552675405.000000
time : 360.149170
