Parameters: GAD=1 vflib=1 dir=1 label=1 lowerbound=1 fileNameGp=../../cp2016-max-common-connected-subgraph-paper/datasets/graphsdb/mcs30/m2D/m2Dr6/mcs30_m2Dr6_s60.A07 fileNameGt=../../cp2016-max-common-connected-subgraph-paper/datasets/graphsdb/mcs30/m2D/m2Dr6/mcs30_m2Dr6_s60.B07
Reading graphs...
60 : 140
60 : 139
Initializing...
maxdom : 7
D->valSize : 237
Solving...
Blb : 2 (clique : 21)
currentSize : 21 <-- 0.001679 s
currentSize : 22 <-- 0.003798 s
currentSize : 23 <-- 0.013063 s
currentSize : 24 <-- 63.789005 s
currentSize : 25 <-- 64.175583 s

maxsize : 25
nodes : 29333722.000000
filtered : 314530037.000000
time : 141.714081
