Parameters: GAD=1 vflib=1 dir=1 label=1 lowerbound=1 fileNameGp=../../cp2016-max-common-connected-subgraph-paper/datasets/graphsdb/mcs30/m3D/m3D/mcs30_m3D_s70.A08 fileNameGt=../../cp2016-max-common-connected-subgraph-paper/datasets/graphsdb/mcs30/m3D/m3D/mcs30_m3D_s70.B08
Reading graphs...
70 : 159
70 : 159
Initializing...
maxdom : 8
D->valSize : 348
Solving...
Blb : 2 (clique : 23)
currentSize : 23 <-- 0.004907 s
currentSize : 24 <-- 0.005589 s
currentSize : 25 <-- 0.370352 s
currentSize : 26 <-- 0.382570 s
currentSize : 27 <-- 3.795028 s
currentSize : 29 <-- 6.852690 s
currentSize : 30 <-- 7.949062 s
currentSize : 31 <-- 8.949122 s
currentSize : 32 <-- 19.676176 s
currentSize : 33 <-- 20.188576 s

TIMEOUT
maxsize : 33
nodes : 196402137.000000
filtered : 1843633671.000000
time : 1000.000000
