Parameters: GAD=1 vflib=1 dir=1 label=1 lowerbound=1 fileNameGp=../../cp2016-max-common-connected-subgraph-paper/datasets/graphsdb/mcs30/m4D/m4Dr4/mcs30_m4Dr4_s50.A05 fileNameGt=../../cp2016-max-common-connected-subgraph-paper/datasets/graphsdb/mcs30/m4D/m4Dr4/mcs30_m4Dr4_s50.B05
Reading graphs...
50 : 107
50 : 105
Initializing...
maxdom : 8
D->valSize : 305
Solving...
Blb : 2 (clique : 18)
currentSize : 18 <-- 0.002247 s
currentSize : 19 <-- 0.007486 s
currentSize : 20 <-- 0.483928 s
currentSize : 21 <-- 2.670751 s
currentSize : 22 <-- 21.195173 s
currentSize : 23 <-- 27.221722 s

maxsize : 23
nodes : 60359035.000000
filtered : 802392179.000000
time : 282.238159
