Parameters: GAD=1 vflib=1 dir=1 label=1 lowerbound=1 fileNameGp=../../cp2016-max-common-connected-subgraph-paper/datasets/graphsdb/mcs30/m2D/m2D/mcs30_m2D_s50.A09 fileNameGt=../../cp2016-max-common-connected-subgraph-paper/datasets/graphsdb/mcs30/m2D/m2D/mcs30_m2D_s50.B09
Reading graphs...
50 : 85
50 : 85
Initializing...
maxdom : 9
D->valSize : 344
Solving...
Blb : 2 (clique : 17)
currentSize : 17 <-- 0.003872 s
currentSize : 18 <-- 0.008895 s
currentSize : 19 <-- 0.097580 s
currentSize : 20 <-- 0.238879 s
currentSize : 21 <-- 2.095681 s
currentSize : 22 <-- 2.170190 s
currentSize : 23 <-- 73.586098 s
currentSize : 24 <-- 811.621460 s

TIMEOUT
maxsize : 24
nodes : 211878558.000000
filtered : 2625378377.000000
time : 1000.000000
