Parameters: GAD=1 vflib=1 dir=1 label=1 lowerbound=1 fileNameGp=../../cp2016-max-common-connected-subgraph-paper/datasets/graphsdb/mcs30/bvg/b06/mcs30_b06_s100.A08 fileNameGt=../../cp2016-max-common-connected-subgraph-paper/datasets/graphsdb/mcs30/bvg/b06/mcs30_b06_s100.B08
Reading graphs...
100 : 300
100 : 300
Initializing...
maxdom : 8
D->valSize : 346
Solving...
Blb : 2 (clique : 29)
currentSize : 29 <-- 0.003297 s
currentSize : 30 <-- 0.003641 s
currentSize : 31 <-- 0.538853 s
currentSize : 32 <-- 2.985322 s
currentSize : 33 <-- 28.575188 s
currentSize : 34 <-- 119.943306 s
currentSize : 35 <-- 124.108498 s
currentSize : 36 <-- 169.824188 s

TIMEOUT
maxsize : 36
nodes : 184749988.000000
filtered : 891583602.000000
time : 1000.000000
