Parameters: GAD=1 vflib=1 dir=1 label=1 lowerbound=1 fileNameGp=../../cp2016-max-common-connected-subgraph-paper/datasets/graphsdb/mcs30/m3D/m3Dr6/mcs30_m3Dr6_s70.A01 fileNameGt=../../cp2016-max-common-connected-subgraph-paper/datasets/graphsdb/mcs30/m3D/m3Dr6/mcs30_m3Dr6_s70.B01
Reading graphs...
70 : 201
70 : 200
Initializing...
maxdom : 9
D->valSize : 329
Solving...
Blb : 2 (clique : 20)
currentSize : 20 <-- 0.004255 s
currentSize : 21 <-- 0.039958 s
currentSize : 22 <-- 0.178584 s
currentSize : 23 <-- 5.958776 s
currentSize : 24 <-- 78.739746 s
currentSize : 25 <-- 93.364105 s
currentSize : 26 <-- 105.640060 s
currentSize : 27 <-- 120.481155 s
currentSize : 28 <-- 140.578842 s
currentSize : 29 <-- 140.585068 s
currentSize : 30 <-- 140.590439 s
currentSize : 31 <-- 291.667938 s

maxsize : 31
nodes : 102214945.000000
filtered : 966308871.000000
time : 514.319458
