Parameters: GAD=1 vflib=1 dir=1 label=1 lowerbound=1 fileNameGp=../../cp2016-max-common-connected-subgraph-paper/datasets/graphsdb/mcs30/rand/r01/mcs30_r01_s80.A02 fileNameGt=../../cp2016-max-common-connected-subgraph-paper/datasets/graphsdb/mcs30/rand/r01/mcs30_r01_s80.B02
Reading graphs...
80 : 631
80 : 631
Initializing...
maxdom : 10
D->valSize : 461
Solving...
Blb : 2 (clique : 11)
currentSize : 11 <-- 0.004121 s
currentSize : 12 <-- 0.004237 s
currentSize : 13 <-- 0.005506 s
currentSize : 14 <-- 0.006148 s
currentSize : 15 <-- 0.021311 s
currentSize : 16 <-- 0.039874 s
currentSize : 17 <-- 0.043826 s
currentSize : 18 <-- 0.876018 s
currentSize : 19 <-- 7.832352 s
currentSize : 20 <-- 10.803093 s
currentSize : 21 <-- 10.803987 s
currentSize : 22 <-- 10.804198 s
currentSize : 24 <-- 10.804265 s

maxsize : 24
nodes : 4090880.000000
filtered : 75709630.000000
time : 25.716936
