Parameters: GAD=1 vflib=1 dir=1 label=1 lowerbound=1 fileNameGp=../../cp2016-max-common-connected-subgraph-paper/datasets/graphsdb/mcs30/bvg/b03m/mcs30_b03m_s50.A09 fileNameGt=../../cp2016-max-common-connected-subgraph-paper/datasets/graphsdb/mcs30/bvg/b03m/mcs30_b03m_s50.B09
Reading graphs...
50 : 75
50 : 75
Initializing...
maxdom : 10
D->valSize : 322
Solving...
Blb : 2 (clique : 19)
currentSize : 19 <-- 0.002318 s
currentSize : 20 <-- 0.002458 s
currentSize : 21 <-- 0.002533 s
currentSize : 22 <-- 0.005932 s
currentSize : 23 <-- 0.112488 s
currentSize : 24 <-- 0.566553 s
currentSize : 25 <-- 545.430237 s

TIMEOUT
maxsize : 25
nodes : 244145038.000000
filtered : 2275998868.000000
time : 1000.000000
