Parameters: GAD=1 vflib=1 dir=1 label=1 lowerbound=1 fileNameGp=../../cp2016-max-common-connected-subgraph-paper/datasets/graphsdb/mcs30/m2D/m2Dr6/mcs30_m2Dr6_s100.A09 fileNameGt=../../cp2016-max-common-connected-subgraph-paper/datasets/graphsdb/mcs30/m2D/m2Dr6/mcs30_m2Dr6_s100.B09
Reading graphs...
100 : 240
100 : 237
Initializing...
maxdom : 8
D->valSize : 332
Solving...
Blb : 2 (clique : 29)
currentSize : 29 <-- 0.005029 s
currentSize : 30 <-- 0.006341 s
currentSize : 31 <-- 0.028927 s
currentSize : 32 <-- 0.204477 s
currentSize : 33 <-- 0.337262 s
currentSize : 34 <-- 12.615831 s
currentSize : 35 <-- 12.623062 s
currentSize : 36 <-- 52.695557 s

TIMEOUT
maxsize : 36
nodes : 175452024.000000
filtered : 902739046.000000
time : 1000.000061
