Parameters: GAD=1 vflib=1 dir=1 label=1 lowerbound=1 fileNameGp=../../cp2016-max-common-connected-subgraph-paper/datasets/graphsdb/mcs30/m2D/m2D/mcs30_m2D_s100.A01 fileNameGt=../../cp2016-max-common-connected-subgraph-paper/datasets/graphsdb/mcs30/m2D/m2D/mcs30_m2D_s100.B01
Reading graphs...
100 : 180
100 : 180
Initializing...
maxdom : 7
D->valSize : 320
Solving...
Blb : 2 (clique : 33)
currentSize : 33 <-- 0.003121 s
currentSize : 34 <-- 0.021136 s
currentSize : 35 <-- 0.540340 s
currentSize : 36 <-- 0.966935 s
currentSize : 37 <-- 1.576852 s
currentSize : 38 <-- 3.625953 s
currentSize : 39 <-- 50.662327 s
currentSize : 40 <-- 291.627899 s
currentSize : 41 <-- 659.895874 s
currentSize : 42 <-- 704.394958 s

TIMEOUT
maxsize : 42
nodes : 189015673.000000
filtered : 956046662.000000
time : 1000.000061
