Parameters: GAD=1 vflib=1 dir=1 label=1 lowerbound=1 fileNameGp=../../cp2016-max-common-connected-subgraph-paper/datasets/graphsdb/mcs30/rand/r005/mcs30_r005_s90.A09 fileNameGt=../../cp2016-max-common-connected-subgraph-paper/datasets/graphsdb/mcs30/rand/r005/mcs30_r005_s90.B09
Reading graphs...
90 : 399
90 : 399
Initializing...
maxdom : 10
D->valSize : 540
Solving...
Blb : 2 (clique : 23)
currentSize : 23 <-- 0.009784 s
currentSize : 24 <-- 0.010180 s
currentSize : 25 <-- 0.010511 s
currentSize : 26 <-- 0.113329 s
currentSize : 27 <-- 0.469610 s
currentSize : 28 <-- 68.302383 s

TIMEOUT
maxsize : 28
nodes : 170445712.000000
filtered : 1850414119.000000
time : 1000.000000
