Parameters: GAD=1 vflib=1 dir=1 label=1 lowerbound=1 fileNameGp=../../cp2016-max-common-connected-subgraph-paper/datasets/graphsdb/mcs30/m2D/m2D/mcs30_m2D_s100.A04 fileNameGt=../../cp2016-max-common-connected-subgraph-paper/datasets/graphsdb/mcs30/m2D/m2D/mcs30_m2D_s100.B04
Reading graphs...
100 : 180
100 : 180
Initializing...
maxdom : 7
D->valSize : 324
Solving...
Blb : 2 (clique : 37)
currentSize : 37 <-- 0.003317 s
currentSize : 38 <-- 0.003694 s
currentSize : 39 <-- 0.027099 s
currentSize : 40 <-- 0.030342 s
currentSize : 41 <-- 15.581827 s
currentSize : 42 <-- 245.071548 s
currentSize : 43 <-- 247.626343 s
currentSize : 44 <-- 718.493896 s

TIMEOUT
maxsize : 44
nodes : 193462696.000000
filtered : 776351758.000000
time : 1000.000061
