Parameters: GAD=1 vflib=1 dir=1 label=1 lowerbound=1 fileNameGp=../../cp2016-max-common-connected-subgraph-paper/datasets/graphsdb/mcs30/m2D/m2Dr2/mcs30_m2Dr2_s70.A07 fileNameGt=../../cp2016-max-common-connected-subgraph-paper/datasets/graphsdb/mcs30/m2D/m2Dr2/mcs30_m2Dr2_s70.B07
Reading graphs...
70 : 137
70 : 137
Initializing...
maxdom : 6
D->valSize : 318
Solving...
Blb : 2 (clique : 26)
currentSize : 26 <-- 0.002648 s
currentSize : 28 <-- 0.002803 s
currentSize : 29 <-- 0.002969 s
currentSize : 30 <-- 0.003262 s
currentSize : 31 <-- 337.331207 s
currentSize : 32 <-- 949.929199 s

TIMEOUT
maxsize : 32
nodes : 208137816.000000
filtered : 1622413875.000000
time : 1000.000000
