Parameters: GAD=1 vflib=1 dir=1 label=1 lowerbound=1 fileNameGp=../../cp2016-max-common-connected-subgraph-paper/datasets/graphsdb/mcs30/rand/r005/mcs30_r005_s80.A00 fileNameGt=../../cp2016-max-common-connected-subgraph-paper/datasets/graphsdb/mcs30/rand/r005/mcs30_r005_s80.B00
Reading graphs...
80 : 315
80 : 315
Initializing...
maxdom : 9
D->valSize : 420
Solving...
Blb : 2 (clique : 22)
currentSize : 22 <-- 0.003897 s
currentSize : 23 <-- 0.005192 s
currentSize : 24 <-- 0.006755 s
currentSize : 25 <-- 21.891756 s
currentSize : 26 <-- 22.459051 s
currentSize : 27 <-- 86.365517 s
currentSize : 28 <-- 86.365646 s
currentSize : 29 <-- 91.113014 s

TIMEOUT
maxsize : 29
nodes : 167535829.000000
filtered : 2157087003.000000
time : 1000.000000
