Parameters: GAD=1 vflib=1 dir=1 label=1 lowerbound=1 fileNameGp=../../cp2016-max-common-connected-subgraph-paper/datasets/graphsdb/mcs30/bvg/b03m/mcs30_b03m_s70.A07 fileNameGt=../../cp2016-max-common-connected-subgraph-paper/datasets/graphsdb/mcs30/bvg/b03m/mcs30_b03m_s70.B07
Reading graphs...
70 : 105
70 : 105
Initializing...
maxdom : 10
D->valSize : 326
Solving...
Blb : 2 (clique : 24)
currentSize : 24 <-- 0.002575 s
currentSize : 25 <-- 0.003056 s
currentSize : 26 <-- 0.004093 s
currentSize : 27 <-- 0.054438 s
currentSize : 28 <-- 0.449862 s
currentSize : 29 <-- 2.607324 s
currentSize : 30 <-- 93.775467 s
currentSize : 31 <-- 935.519104 s

TIMEOUT
maxsize : 31
nodes : 194996951.000000
filtered : 1842975558.000000
time : 1000.000000
