Parameters: GAD=1 vflib=1 dir=1 label=1 lowerbound=1 fileNameGp=../../cp2016-max-common-connected-subgraph-paper/datasets/graphsdb/mcs30/m4D/m4Dr4/mcs30_m4Dr4_s70.A05 fileNameGt=../../cp2016-max-common-connected-subgraph-paper/datasets/graphsdb/mcs30/m4D/m4Dr4/mcs30_m4Dr4_s70.B05
Reading graphs...
70 : 146
70 : 145
Initializing...
maxdom : 10
D->valSize : 309
Solving...
Blb : 2 (clique : 21)
currentSize : 21 <-- 0.003796 s
currentSize : 22 <-- 0.004106 s
currentSize : 23 <-- 0.004537 s
currentSize : 24 <-- 0.006368 s
currentSize : 25 <-- 0.053193 s
currentSize : 26 <-- 4.632202 s
currentSize : 27 <-- 6.189177 s
currentSize : 28 <-- 15.980931 s

TIMEOUT
maxsize : 28
nodes : 214665342.000000
filtered : 1722995195.000000
time : 1000.000000
