Parameters: GAD=1 vflib=1 dir=1 label=1 lowerbound=1 fileNameGp=../../cp2016-max-common-connected-subgraph-paper/datasets/graphsdb/mcs30/bvg/b03/mcs30_b03_s60.A07 fileNameGt=../../cp2016-max-common-connected-subgraph-paper/datasets/graphsdb/mcs30/bvg/b03/mcs30_b03_s60.B07
Reading graphs...
60 : 90
60 : 90
Initializing...
maxdom : 7
D->valSize : 241
Solving...
Blb : 2 (clique : 24)
currentSize : 24 <-- 0.001750 s
currentSize : 25 <-- 0.017737 s
currentSize : 26 <-- 6.234518 s
currentSize : 27 <-- 6.254820 s
currentSize : 28 <-- 12.739341 s
currentSize : 29 <-- 64.005882 s
currentSize : 30 <-- 366.323242 s

maxsize : 30
nodes : 101788507.000000
filtered : 702087614.000000
time : 448.317017
