Parameters: GAD=1 vflib=1 dir=1 label=1 lowerbound=1 fileNameGp=../../cp2016-max-common-connected-subgraph-paper/datasets/graphsdb/mcs30/rand/r01/mcs30_r01_s60.A07 fileNameGt=../../cp2016-max-common-connected-subgraph-paper/datasets/graphsdb/mcs30/rand/r01/mcs30_r01_s60.B07
Reading graphs...
60 : 353
60 : 353
Initializing...
maxdom : 7
D->valSize : 243
Solving...
Blb : 5 (clique : 11)
currentSize : 11 <-- 0.001619 s
currentSize : 12 <-- 0.001852 s
currentSize : 13 <-- 0.006696 s
currentSize : 14 <-- 0.023498 s
currentSize : 15 <-- 0.309657 s
currentSize : 16 <-- 0.309769 s
currentSize : 17 <-- 0.712833 s
currentSize : 18 <-- 0.712922 s
currentSize : 19 <-- 0.713000 s

maxsize : 19
nodes : 354606.000000
filtered : 3655003.000000
time : 1.670160
