Parameters: GAD=1 vflib=1 dir=1 label=1 lowerbound=1 fileNameGp=../../cp2016-max-common-connected-subgraph-paper/datasets/graphsdb/mcs30/bvg/b03/mcs30_b03_s40.A04 fileNameGt=../../cp2016-max-common-connected-subgraph-paper/datasets/graphsdb/mcs30/bvg/b03/mcs30_b03_s40.B04
Reading graphs...
40 : 60
40 : 60
Initializing...
maxdom : 9
D->valSize : 201
Solving...
Blb : 5 (clique : 13)
currentSize : 13 <-- 0.001130 s
currentSize : 14 <-- 0.004435 s
currentSize : 15 <-- 0.014730 s
currentSize : 16 <-- 0.095030 s
currentSize : 17 <-- 0.743205 s
currentSize : 18 <-- 0.743338 s
currentSize : 19 <-- 2.056619 s

maxsize : 19
nodes : 1551669.000000
filtered : 14541737.000000
time : 5.803907
