Parameters: GAD=1 vflib=1 dir=1 label=1 lowerbound=1 fileNameGp=../../cp2016-max-common-connected-subgraph-paper/datasets/graphsdb/mcs30/m2D/m2Dr4/mcs30_m2Dr4_s80.A05 fileNameGt=../../cp2016-max-common-connected-subgraph-paper/datasets/graphsdb/mcs30/m2D/m2Dr4/mcs30_m2Dr4_s80.B05
Reading graphs...
80 : 174
80 : 173
Initializing...
maxdom : 8
D->valSize : 398
Solving...
Blb : 2 (clique : 25)
currentSize : 25 <-- 0.003798 s
currentSize : 26 <-- 0.004086 s
currentSize : 27 <-- 0.005967 s
currentSize : 28 <-- 0.131412 s
currentSize : 29 <-- 4.906435 s
currentSize : 30 <-- 302.897705 s
currentSize : 31 <-- 800.063599 s

TIMEOUT
maxsize : 31
nodes : 206718802.000000
filtered : 1219034786.000000
time : 1000.000000
