Parameters: GAD=1 vflib=1 dir=1 label=1 lowerbound=1 fileNameGp=../../cp2016-max-common-connected-subgraph-paper/datasets/graphsdb/mcs30/bvg/b03/mcs30_b03_s90.A05 fileNameGt=../../cp2016-max-common-connected-subgraph-paper/datasets/graphsdb/mcs30/bvg/b03/mcs30_b03_s90.B05
Reading graphs...
90 : 135
90 : 135
Initializing...
maxdom : 10
D->valSize : 504
Solving...
Blb : 2 (clique : 36)
currentSize : 36 <-- 0.005683 s
currentSize : 37 <-- 0.012476 s
currentSize : 38 <-- 0.297292 s
currentSize : 39 <-- 0.299714 s
currentSize : 40 <-- 3.506969 s
currentSize : 41 <-- 3.530235 s
currentSize : 42 <-- 18.843328 s

TIMEOUT
maxsize : 42
nodes : 188759048.000000
filtered : 1202737082.000000
time : 1000.000061
