Parameters: GAD=1 vflib=1 dir=1 label=1 lowerbound=1 fileNameGp=../../cp2016-max-common-connected-subgraph-paper/datasets/graphsdb/mcs30/rand/r005/mcs30_r005_s80.A04 fileNameGt=../../cp2016-max-common-connected-subgraph-paper/datasets/graphsdb/mcs30/rand/r005/mcs30_r005_s80.B04
Reading graphs...
80 : 315
80 : 315
Initializing...
maxdom : 9
D->valSize : 392
Solving...
Blb : 2 (clique : 19)
currentSize : 19 <-- 0.005685 s
currentSize : 20 <-- 0.006159 s
currentSize : 21 <-- 0.009416 s
currentSize : 22 <-- 0.057055 s
currentSize : 23 <-- 0.058747 s
currentSize : 24 <-- 0.993743 s
currentSize : 25 <-- 258.369843 s

TIMEOUT
maxsize : 25
nodes : 178347172.000000
filtered : 1929944340.000000
time : 1000.000000
