Parameters: GAD=1 vflib=1 dir=1 label=1 lowerbound=1 fileNameGp=../../cp2016-max-common-connected-subgraph-paper/datasets/graphsdb/mcs30/rand/r001/mcs30_r001_s100.A09 fileNameGt=../../cp2016-max-common-connected-subgraph-paper/datasets/graphsdb/mcs30/rand/r001/mcs30_r001_s100.B09
Reading graphs...
100 : 120
100 : 120
Initializing...
maxdom : 8
D->valSize : 341
Solving...
Blb : 2 (clique : 39)
currentSize : 39 <-- 0.003535 s
currentSize : 40 <-- 0.004492 s
currentSize : 41 <-- 0.004831 s
currentSize : 42 <-- 0.038345 s
currentSize : 43 <-- 0.504607 s
currentSize : 44 <-- 0.535064 s

TIMEOUT
maxsize : 44
nodes : 205824699.000000
filtered : 807700809.000000
time : 1000.000061
