Parameters: GAD=1 vflib=1 dir=1 label=1 lowerbound=1 fileNameGp=../../cp2016-max-common-connected-subgraph-paper/datasets/graphsdb/mcs30/m4D/m4Dr6/mcs30_m4Dr6_s90.A01 fileNameGt=../../cp2016-max-common-connected-subgraph-paper/datasets/graphsdb/mcs30/m4D/m4Dr6/mcs30_m4Dr6_s90.B01
Reading graphs...
90 : 200
90 : 199
Initializing...
maxdom : 13
D->valSize : 541
Solving...
Blb : 2 (clique : 29)
currentSize : 29 <-- 0.006313 s
currentSize : 30 <-- 0.006543 s
currentSize : 31 <-- 0.006657 s
currentSize : 32 <-- 4.712589 s
currentSize : 33 <-- 46.172180 s
currentSize : 34 <-- 67.790054 s

TIMEOUT
maxsize : 34
nodes : 189533158.000000
filtered : 1621275995.000000
time : 1000.000000
