Parameters: GAD=1 vflib=1 dir=1 label=1 lowerbound=1 fileNameGp=../../cp2016-max-common-connected-subgraph-paper/datasets/graphsdb/mcs30/m3D/m3Dr4/mcs30_m3Dr4_s90.A07 fileNameGt=../../cp2016-max-common-connected-subgraph-paper/datasets/graphsdb/mcs30/m3D/m3Dr4/mcs30_m3Dr4_s90.B07
Reading graphs...
90 : 245
90 : 245
Initializing...
maxdom : 9
D->valSize : 510
Solving...
Blb : 2 (clique : 24)
currentSize : 24 <-- 0.009098 s
currentSize : 26 <-- 0.009389 s
currentSize : 27 <-- 0.009943 s
currentSize : 28 <-- 0.038823 s
currentSize : 29 <-- 2.381329 s
currentSize : 30 <-- 26.710976 s

TIMEOUT
maxsize : 30
nodes : 182881609.000000
filtered : 1576316081.000000
time : 1000.000000
