Parameters: GAD=1 vflib=1 dir=1 label=1 lowerbound=1 fileNameGp=../../cp2016-max-common-connected-subgraph-paper/datasets/graphsdb/mcs30/m2D/m2Dr2/mcs30_m2Dr2_s100.A08 fileNameGt=../../cp2016-max-common-connected-subgraph-paper/datasets/graphsdb/mcs30/m2D/m2Dr2/mcs30_m2Dr2_s100.B08
Reading graphs...
100 : 200
100 : 200
Initializing...
maxdom : 8
D->valSize : 318
Solving...
Blb : 2 (clique : 30)
currentSize : 30 <-- 0.004918 s
currentSize : 31 <-- 0.008451 s
currentSize : 32 <-- 0.018453 s
currentSize : 33 <-- 0.040139 s
currentSize : 34 <-- 0.055764 s
currentSize : 35 <-- 0.057252 s
currentSize : 36 <-- 0.076183 s
currentSize : 37 <-- 0.292413 s
currentSize : 38 <-- 3.394701 s
currentSize : 39 <-- 11.151523 s
currentSize : 40 <-- 11.302253 s
currentSize : 41 <-- 206.808441 s
currentSize : 42 <-- 282.481750 s

TIMEOUT
maxsize : 42
nodes : 188044369.000000
filtered : 820978311.000000
time : 1000.000061
