Parameters: GAD=1 vflib=1 dir=1 label=1 lowerbound=1 fileNameGp=../../cp2016-max-common-connected-subgraph-paper/datasets/graphsdb/mcs30/bvg/b06m/mcs30_b06m_s70.A08 fileNameGt=../../cp2016-max-common-connected-subgraph-paper/datasets/graphsdb/mcs30/bvg/b06m/mcs30_b06m_s70.B08
Reading graphs...
70 : 210
70 : 210
Initializing...
maxdom : 9
D->valSize : 380
Solving...
Blb : 2 (clique : 20)
currentSize : 20 <-- 0.003276 s
currentSize : 21 <-- 0.003720 s
currentSize : 22 <-- 0.011468 s
currentSize : 23 <-- 0.034947 s
currentSize : 24 <-- 2.205804 s
currentSize : 25 <-- 6.960283 s
currentSize : 26 <-- 9.294854 s
currentSize : 27 <-- 105.641556 s
currentSize : 28 <-- 122.639374 s

TIMEOUT
maxsize : 28
nodes : 180525816.000000
filtered : 2316629205.000000
time : 1000.000000
