Parameters: GAD=1 vflib=1 dir=1 label=1 lowerbound=1 fileNameGp=../../cp2016-max-common-connected-subgraph-paper/datasets/graphsdb/mcs30/bvg/b06/mcs30_b06_s70.A03 fileNameGt=../../cp2016-max-common-connected-subgraph-paper/datasets/graphsdb/mcs30/bvg/b06/mcs30_b06_s70.B03
Reading graphs...
70 : 210
70 : 210
Initializing...
maxdom : 7
D->valSize : 329
Solving...
Blb : 3 (clique : 19)
currentSize : 19 <-- 0.002658 s
currentSize : 20 <-- 0.019574 s
currentSize : 21 <-- 5.103681 s
currentSize : 22 <-- 5.104506 s
currentSize : 23 <-- 6.540916 s
currentSize : 24 <-- 40.696655 s
currentSize : 25 <-- 45.598965 s
currentSize : 26 <-- 45.602020 s
currentSize : 27 <-- 45.603474 s
currentSize : 28 <-- 90.598999 s
currentSize : 29 <-- 92.546143 s
currentSize : 30 <-- 262.050903 s

maxsize : 30
nodes : 52420001.000000
filtered : 614585556.000000
time : 282.661591
