Parameters: GAD=1 vflib=1 dir=1 label=1 lowerbound=1 fileNameGp=../../cp2016-max-common-connected-subgraph-paper/datasets/graphsdb/mcs30/m2D/m2Dr2/mcs30_m2Dr2_s60.A06 fileNameGt=../../cp2016-max-common-connected-subgraph-paper/datasets/graphsdb/mcs30/m2D/m2Dr2/mcs30_m2Dr2_s60.B06
Reading graphs...
60 : 116
60 : 115
Initializing...
maxdom : 6
D->valSize : 241
Solving...
Blb : 5 (clique : 20)
currentSize : 20 <-- 0.001639 s
currentSize : 21 <-- 0.002062 s
currentSize : 22 <-- 0.002376 s
currentSize : 23 <-- 0.003631 s
currentSize : 24 <-- 0.023773 s
currentSize : 25 <-- 0.026967 s

TIMEOUT
maxsize : 25
nodes : 248756572.000000
filtered : 1684360633.000000
time : 1000.000000
