Parameters: GAD=1 vflib=1 dir=1 label=1 lowerbound=1 fileNameGp=../../cp2016-max-common-connected-subgraph-paper/datasets/graphsdb/mcs30/bvg/b09/mcs30_b09_s50.A04 fileNameGt=../../cp2016-max-common-connected-subgraph-paper/datasets/graphsdb/mcs30/bvg/b09/mcs30_b09_s50.B04
Reading graphs...
50 : 225
50 : 225
Initializing...
maxdom : 10
D->valSize : 318
Solving...
Blb : 3 (clique : 12)
currentSize : 12 <-- 0.003324 s
currentSize : 14 <-- 0.018626 s
currentSize : 15 <-- 0.406722 s
currentSize : 16 <-- 2.036042 s
currentSize : 17 <-- 3.377358 s
currentSize : 18 <-- 6.015239 s

maxsize : 18
nodes : 1632561.000000
filtered : 23877020.000000
time : 7.509094
