Parameters: GAD=1 vflib=1 dir=1 label=1 lowerbound=1 fileNameGp=../../cp2016-max-common-connected-subgraph-paper/datasets/graphsdb/mcs30/m3D/m3Dr2/mcs30_m3Dr2_s70.A05 fileNameGt=../../cp2016-max-common-connected-subgraph-paper/datasets/graphsdb/mcs30/m3D/m3Dr2/mcs30_m3Dr2_s70.B05
Reading graphs...
70 : 173
70 : 172
Initializing...
maxdom : 9
D->valSize : 360
Solving...
Blb : 5 (clique : 23)
currentSize : 23 <-- 0.003042 s
currentSize : 24 <-- 0.053402 s
currentSize : 25 <-- 0.078124 s
currentSize : 26 <-- 0.085359 s
currentSize : 27 <-- 0.109768 s
currentSize : 28 <-- 1.042003 s
currentSize : 29 <-- 148.677811 s
currentSize : 30 <-- 148.677933 s
currentSize : 31 <-- 148.786407 s

maxsize : 31
nodes : 98662124.000000
filtered : 1185852004.000000
time : 562.358643
