Parameters: GAD=1 vflib=1 dir=1 label=1 lowerbound=1 fileNameGp=../../cp2016-max-common-connected-subgraph-paper/datasets/graphsdb/mcs30/m3D/m3Dr6/mcs30_m3Dr6_s80.A06 fileNameGt=../../cp2016-max-common-connected-subgraph-paper/datasets/graphsdb/mcs30/m3D/m3Dr6/mcs30_m3Dr6_s80.B06
Reading graphs...
80 : 232
80 : 231
Initializing...
maxdom : 10
D->valSize : 445
Solving...
Blb : 2 (clique : 26)
currentSize : 26 <-- 0.004256 s
currentSize : 27 <-- 0.004519 s
currentSize : 28 <-- 0.005983 s
currentSize : 29 <-- 0.006050 s
currentSize : 30 <-- 0.748183 s
currentSize : 31 <-- 0.940038 s
currentSize : 32 <-- 110.765320 s

TIMEOUT
maxsize : 32
nodes : 170985629.000000
filtered : 1985564166.000000
time : 1000.000000
