Parameters: GAD=1 vflib=1 dir=1 label=1 lowerbound=1 fileNameGp=../../cp2016-max-common-connected-subgraph-paper/datasets/graphsdb/mcs30/m4D/m4Dr6/mcs30_m4Dr6_s80.A02 fileNameGt=../../cp2016-max-common-connected-subgraph-paper/datasets/graphsdb/mcs30/m4D/m4Dr6/mcs30_m4Dr6_s80.B02
Reading graphs...
80 : 179
80 : 179
Initializing...
maxdom : 10
D->valSize : 402
Solving...
Blb : 3 (clique : 23)
currentSize : 23 <-- 0.005830 s
currentSize : 24 <-- 0.007947 s
currentSize : 25 <-- 1.289220 s
currentSize : 26 <-- 1.418528 s
currentSize : 27 <-- 9.363784 s
currentSize : 28 <-- 14.140866 s
currentSize : 29 <-- 43.317451 s

TIMEOUT
maxsize : 29
nodes : 185708490.000000
filtered : 1850269982.000000
time : 1000.000000
