Parameters: GAD=1 vflib=1 dir=1 label=1 lowerbound=1 fileNameGp=../../cp2016-max-common-connected-subgraph-paper/datasets/graphsdb/mcs30/m3D/m3Dr6/mcs30_m3Dr6_s90.A07 fileNameGt=../../cp2016-max-common-connected-subgraph-paper/datasets/graphsdb/mcs30/m3D/m3Dr6/mcs30_m3Dr6_s90.B07
Reading graphs...
90 : 263
90 : 261
Initializing...
maxdom : 11
D->valSize : 552
Solving...
Blb : 2 (clique : 25)
currentSize : 25 <-- 0.009934 s
currentSize : 26 <-- 0.010343 s
currentSize : 27 <-- 0.082852 s
currentSize : 28 <-- 0.094255 s
currentSize : 29 <-- 0.694822 s
currentSize : 30 <-- 2.608694 s
currentSize : 31 <-- 43.446884 s

TIMEOUT
maxsize : 31
nodes : 172522200.000000
filtered : 1745138093.000000
time : 1000.000000
