Parameters: GAD=1 vflib=1 dir=1 label=1 lowerbound=1 fileNameGp=../../cp2016-max-common-connected-subgraph-paper/datasets/graphsdb/mcs30/bvg/b09/mcs30_b09_s100.A03 fileNameGt=../../cp2016-max-common-connected-subgraph-paper/datasets/graphsdb/mcs30/bvg/b09/mcs30_b09_s100.B03
Reading graphs...
100 : 450
100 : 450
Initializing...
maxdom : 8
D->valSize : 349
Solving...
Blb : 3 (clique : 27)
currentSize : 27 <-- 0.003271 s
currentSize : 28 <-- 38.905056 s
currentSize : 29 <-- 254.337921 s
currentSize : 30 <-- 899.166199 s
currentSize : 31 <-- 899.166321 s
currentSize : 32 <-- 899.167175 s
currentSize : 33 <-- 899.516418 s

TIMEOUT
maxsize : 33
nodes : 174343411.000000
filtered : 1200704316.000000
time : 1000.000000
