Parameters: GAD=1 vflib=1 dir=1 label=1 lowerbound=1 fileNameGp=../../cp2016-max-common-connected-subgraph-paper/datasets/graphsdb/mcs30/bvg/b03/mcs30_b03_s90.A02 fileNameGt=../../cp2016-max-common-connected-subgraph-paper/datasets/graphsdb/mcs30/bvg/b03/mcs30_b03_s90.B02
Reading graphs...
90 : 135
90 : 135
Initializing...
maxdom : 9
D->valSize : 499
Solving...
Blb : 2 (clique : 36)
currentSize : 36 <-- 0.005628 s
currentSize : 37 <-- 0.005936 s
currentSize : 38 <-- 0.006262 s
currentSize : 39 <-- 0.010284 s
currentSize : 40 <-- 0.050816 s
currentSize : 41 <-- 0.052609 s

TIMEOUT
maxsize : 41
nodes : 178067384.000000
filtered : 1369852303.000000
time : 1000.000000
