Parameters: GAD=1 vflib=1 dir=1 label=1 lowerbound=1 fileNameGp=../../cp2016-max-common-connected-subgraph-paper/datasets/graphsdb/mcs30/rand/r005/mcs30_r005_s60.A06 fileNameGt=../../cp2016-max-common-connected-subgraph-paper/datasets/graphsdb/mcs30/rand/r005/mcs30_r005_s60.B06
Reading graphs...
60 : 179
60 : 179
Initializing...
maxdom : 6
D->valSize : 223
Solving...
Blb : 2 (clique : 14)
currentSize : 14 <-- 0.001547 s
currentSize : 15 <-- 0.001657 s
currentSize : 16 <-- 0.013267 s
currentSize : 17 <-- 0.027638 s
currentSize : 18 <-- 0.047482 s
currentSize : 19 <-- 0.879163 s
currentSize : 20 <-- 7.405809 s
currentSize : 21 <-- 15.978840 s
currentSize : 22 <-- 16.099991 s

maxsize : 22
nodes : 8266410.000000
filtered : 65946973.000000
time : 37.599724
