Parameters: GAD=1 vflib=1 dir=1 label=1 lowerbound=1 fileNameGp=../../cp2016-max-common-connected-subgraph-paper/datasets/graphsdb/mcs30/m3D/m3Dr2/mcs30_m3Dr2_s70.A07 fileNameGt=../../cp2016-max-common-connected-subgraph-paper/datasets/graphsdb/mcs30/m3D/m3Dr2/mcs30_m3Dr2_s70.B07
Reading graphs...
70 : 173
70 : 173
Initializing...
maxdom : 8
D->valSize : 336
Solving...
Blb : 3 (clique : 22)
currentSize : 22 <-- 0.002815 s
currentSize : 23 <-- 0.039851 s
currentSize : 24 <-- 1.568090 s
currentSize : 25 <-- 10.097225 s
currentSize : 26 <-- 14.187931 s
currentSize : 27 <-- 14.337095 s
currentSize : 28 <-- 36.523880 s
currentSize : 31 <-- 449.705414 s
currentSize : 32 <-- 449.705780 s
currentSize : 33 <-- 449.797455 s

maxsize : 33
nodes : 167441113.000000
filtered : 1486541919.000000
time : 860.989563
