Parameters: GAD=1 vflib=1 dir=1 label=1 lowerbound=1 fileNameGp=../../cp2016-max-common-connected-subgraph-paper/datasets/graphsdb/mcs30/bvg/b03m/mcs30_b03m_s60.A03 fileNameGt=../../cp2016-max-common-connected-subgraph-paper/datasets/graphsdb/mcs30/bvg/b03m/mcs30_b03m_s60.B03
Reading graphs...
60 : 90
60 : 90
Initializing...
maxdom : 7
D->valSize : 255
Solving...
Blb : 2 (clique : 24)
currentSize : 24 <-- 0.002813 s
currentSize : 25 <-- 0.112520 s
currentSize : 26 <-- 5.334965 s
currentSize : 27 <-- 68.417191 s
currentSize : 28 <-- 176.328461 s

maxsize : 28
nodes : 106840649.000000
filtered : 956848889.000000
time : 481.872650
