Parameters: GAD=1 vflib=1 dir=1 label=1 lowerbound=1 fileNameGp=../../cp2016-max-common-connected-subgraph-paper/datasets/graphsdb/mcs30/bvg/b06m/mcs30_b06m_s90.A07 fileNameGt=../../cp2016-max-common-connected-subgraph-paper/datasets/graphsdb/mcs30/bvg/b06m/mcs30_b06m_s90.B07
Reading graphs...
90 : 270
90 : 270
Initializing...
maxdom : 10
D->valSize : 512
Solving...
Blb : 2 (clique : 26)
currentSize : 26 <-- 0.005558 s
currentSize : 27 <-- 0.919644 s
currentSize : 28 <-- 6.738636 s
currentSize : 29 <-- 64.653938 s
currentSize : 30 <-- 66.571640 s
currentSize : 31 <-- 130.226196 s
currentSize : 32 <-- 134.644913 s

TIMEOUT
maxsize : 32
nodes : 177668467.000000
filtered : 1804200995.000000
time : 1000.000061
