Parameters: GAD=1 vflib=1 dir=1 label=1 lowerbound=1 fileNameGp=../../cp2016-max-common-connected-subgraph-paper/datasets/graphsdb/mcs30/bvg/b09m/mcs30_b09m_s80.A09 fileNameGt=../../cp2016-max-common-connected-subgraph-paper/datasets/graphsdb/mcs30/bvg/b09m/mcs30_b09m_s80.B09
Reading graphs...
80 : 360
80 : 360
Initializing...
maxdom : 11
D->valSize : 424
Solving...
Blb : 3 (clique : 18)
currentSize : 18 <-- 0.003996 s
currentSize : 19 <-- 0.017818 s
currentSize : 20 <-- 0.017945 s
currentSize : 21 <-- 0.309324 s
currentSize : 22 <-- 6.961254 s
currentSize : 23 <-- 10.116040 s
currentSize : 24 <-- 35.526680 s
currentSize : 25 <-- 64.982941 s
currentSize : 26 <-- 109.560646 s
currentSize : 27 <-- 221.527847 s

TIMEOUT
maxsize : 27
nodes : 173252528.000000
filtered : 2115455674.000000
time : 1000.000000
