Parameters: GAD=1 vflib=1 dir=1 label=1 lowerbound=1 fileNameGp=../../cp2016-max-common-connected-subgraph-paper/datasets/graphsdb/mcs30/bvg/b06m/mcs30_b06m_s90.A08 fileNameGt=../../cp2016-max-common-connected-subgraph-paper/datasets/graphsdb/mcs30/bvg/b06m/mcs30_b06m_s90.B08
Reading graphs...
90 : 270
90 : 270
Initializing...
maxdom : 9
D->valSize : 545
Solving...
Blb : 2 (clique : 25)
currentSize : 25 <-- 0.010353 s
currentSize : 26 <-- 0.011215 s
currentSize : 27 <-- 0.056645 s
currentSize : 28 <-- 0.317242 s
currentSize : 29 <-- 0.716389 s
currentSize : 30 <-- 7.326756 s
currentSize : 31 <-- 154.159286 s
currentSize : 32 <-- 172.481567 s

TIMEOUT
maxsize : 32
nodes : 182063789.000000
filtered : 1532693728.000000
time : 1000.000000
