Parameters: GAD=1 vflib=1 dir=1 label=1 lowerbound=1 fileNameGp=../../cp2016-max-common-connected-subgraph-paper/datasets/graphsdb/mcs30/bvg/b03m/mcs30_b03m_s80.A01 fileNameGt=../../cp2016-max-common-connected-subgraph-paper/datasets/graphsdb/mcs30/bvg/b03m/mcs30_b03m_s80.B01
Reading graphs...
80 : 120
80 : 120
Initializing...
maxdom : 10
D->valSize : 401
Solving...
Blb : 2 (clique : 29)
currentSize : 29 <-- 0.006168 s
currentSize : 30 <-- 0.006511 s
currentSize : 31 <-- 0.108234 s
currentSize : 32 <-- 0.131427 s
currentSize : 33 <-- 0.131621 s
currentSize : 34 <-- 0.132015 s

TIMEOUT
maxsize : 34
nodes : 217643737.000000
filtered : 982253224.000000
time : 1000.000000
