Parameters: GAD=1 vflib=1 dir=1 label=1 lowerbound=1 fileNameGp=../../cp2016-max-common-connected-subgraph-paper/datasets/graphsdb/mcs30/m3D/m3Dr2/mcs30_m3Dr2_s70.A06 fileNameGt=../../cp2016-max-common-connected-subgraph-paper/datasets/graphsdb/mcs30/m3D/m3Dr2/mcs30_m3Dr2_s70.B06
Reading graphs...
70 : 173
70 : 173
Initializing...
maxdom : 8
D->valSize : 335
Solving...
Blb : 2 (clique : 20)
currentSize : 20 <-- 0.002636 s
currentSize : 21 <-- 0.002795 s
currentSize : 22 <-- 0.003001 s
currentSize : 23 <-- 0.025082 s
currentSize : 24 <-- 0.060044 s
currentSize : 25 <-- 1.546346 s
currentSize : 26 <-- 63.741882 s
currentSize : 27 <-- 333.225403 s
currentSize : 28 <-- 333.404663 s
currentSize : 29 <-- 790.111145 s

TIMEOUT
maxsize : 29
nodes : 201431481.000000
filtered : 1803996895.000000
time : 1000.000000
