Parameters: GAD=1 vflib=1 dir=1 label=1 lowerbound=1 fileNameGp=../../cp2016-max-common-connected-subgraph-paper/datasets/graphsdb/mcs30/rand/r02/mcs30_r02_s90.A09 fileNameGt=../../cp2016-max-common-connected-subgraph-paper/datasets/graphsdb/mcs30/rand/r02/mcs30_r02_s90.B09
Reading graphs...
90 : 1601
90 : 1601
Initializing...
maxdom : 10
D->valSize : 592
Solving...
Blb : 5 (clique : 8)
currentSize : 8 <-- 0.006246 s
currentSize : 9 <-- 0.007425 s
currentSize : 10 <-- 0.008567 s
currentSize : 11 <-- 0.010736 s
currentSize : 13 <-- 0.010783 s
currentSize : 18 <-- 0.022283 s
currentSize : 21 <-- 0.144181 s
currentSize : 27 <-- 0.144310 s

maxsize : 27
nodes : 58752.000000
filtered : 2061729.000000
time : 0.473673
