Parameters: GAD=1 vflib=1 dir=1 label=1 lowerbound=1 fileNameGp=../../cp2016-max-common-connected-subgraph-paper/datasets/graphsdb/mcs30/bvg/b09m/mcs30_b09m_s100.A04 fileNameGt=../../cp2016-max-common-connected-subgraph-paper/datasets/graphsdb/mcs30/bvg/b09m/mcs30_b09m_s100.B04
Reading graphs...
100 : 450
100 : 450
Initializing...
maxdom : 7
D->valSize : 355
Solving...
Blb : 2 (clique : 24)
currentSize : 24 <-- 0.003317 s
currentSize : 25 <-- 0.003567 s
currentSize : 26 <-- 0.004754 s
currentSize : 27 <-- 0.006199 s
currentSize : 28 <-- 1.840275 s
currentSize : 29 <-- 35.455208 s
currentSize : 30 <-- 35.457119 s
currentSize : 31 <-- 35.474247 s
currentSize : 32 <-- 35.474552 s

TIMEOUT
maxsize : 32
nodes : 191429918.000000
filtered : 758513275.000000
time : 1000.000000
