Parameters: GAD=1 vflib=1 dir=1 label=1 lowerbound=1 fileNameGp=../../cp2016-max-common-connected-subgraph-paper/datasets/graphsdb/mcs30/bvg/b03m/mcs30_b03m_s60.A01 fileNameGt=../../cp2016-max-common-connected-subgraph-paper/datasets/graphsdb/mcs30/bvg/b03m/mcs30_b03m_s60.B01
Reading graphs...
60 : 90
60 : 90
Initializing...
maxdom : 6
D->valSize : 227
Solving...
Blb : 2 (clique : 23)
currentSize : 23 <-- 0.002565 s
currentSize : 24 <-- 7.451496 s
currentSize : 25 <-- 14.659489 s
currentSize : 26 <-- 75.147552 s
currentSize : 27 <-- 264.528564 s
currentSize : 28 <-- 267.542908 s

maxsize : 28
nodes : 114790805.000000
filtered : 744487539.000000
time : 486.533386
