Parameters: GAD=1 vflib=1 dir=1 label=1 lowerbound=1 fileNameGp=../../cp2016-max-common-connected-subgraph-paper/datasets/graphsdb/mcs30/m3D/m3Dr6/mcs30_m3Dr6_s100.A09 fileNameGt=../../cp2016-max-common-connected-subgraph-paper/datasets/graphsdb/mcs30/m3D/m3Dr6/mcs30_m3Dr6_s100.B09
Reading graphs...
100 : 295
100 : 295
Initializing...
maxdom : 6
D->valSize : 346
Solving...
Blb : 2 (clique : 28)
currentSize : 28 <-- 0.003265 s
currentSize : 29 <-- 0.018556 s
currentSize : 30 <-- 0.137744 s
currentSize : 31 <-- 0.137840 s
currentSize : 32 <-- 1.616434 s
currentSize : 33 <-- 18.557989 s
currentSize : 34 <-- 69.004730 s
currentSize : 35 <-- 146.768585 s

TIMEOUT
maxsize : 35
nodes : 203341856.000000
filtered : 636307060.000000
time : 1000.000061
