Parameters: GAD=1 vflib=1 dir=1 label=1 lowerbound=1 fileNameGp=../../cp2016-max-common-connected-subgraph-paper/datasets/graphsdb/mcs30/bvg/b03/mcs30_b03_s40.A01 fileNameGt=../../cp2016-max-common-connected-subgraph-paper/datasets/graphsdb/mcs30/bvg/b03/mcs30_b03_s40.B01
Reading graphs...
40 : 60
40 : 60
Initializing...
maxdom : 8
D->valSize : 200
Solving...
Blb : 5 (clique : 15)
currentSize : 15 <-- 0.001093 s
currentSize : 16 <-- 0.001178 s
currentSize : 17 <-- 0.001309 s
currentSize : 18 <-- 0.002338 s
currentSize : 19 <-- 0.029879 s
currentSize : 20 <-- 13.921825 s
currentSize : 21 <-- 18.167681 s

maxsize : 21
nodes : 6974912.000000
filtered : 66784450.000000
time : 26.163900
