Parameters: GAD=1 vflib=1 dir=1 label=1 lowerbound=1 fileNameGp=../../cp2016-max-common-connected-subgraph-paper/datasets/graphsdb/mcs30/rand/r01/mcs30_r01_s70.A06 fileNameGt=../../cp2016-max-common-connected-subgraph-paper/datasets/graphsdb/mcs30/rand/r01/mcs30_r01_s70.B06
Reading graphs...
70 : 482
70 : 482
Initializing...
maxdom : 7
D->valSize : 334
Solving...
Blb : 2 (clique : 13)
currentSize : 13 <-- 0.002455 s
currentSize : 15 <-- 0.002633 s
currentSize : 17 <-- 0.006900 s
currentSize : 18 <-- 0.007046 s
currentSize : 19 <-- 0.009458 s
currentSize : 20 <-- 0.009545 s
currentSize : 21 <-- 0.057887 s
currentSize : 22 <-- 0.058099 s

maxsize : 22
nodes : 287607.000000
filtered : 5830135.000000
time : 1.778660
