Parameters: GAD=1 vflib=1 dir=1 label=1 lowerbound=1 fileNameGp=../../cp2016-max-common-connected-subgraph-paper/datasets/graphsdb/mcs30/m2D/m2Dr6/mcs30_m2Dr6_s80.A06 fileNameGt=../../cp2016-max-common-connected-subgraph-paper/datasets/graphsdb/mcs30/m2D/m2Dr6/mcs30_m2Dr6_s80.B06
Reading graphs...
80 : 190
80 : 188
Initializing...
maxdom : 8
D->valSize : 390
Solving...
Blb : 2 (clique : 24)
currentSize : 24 <-- 0.003569 s
currentSize : 25 <-- 2.703447 s
currentSize : 26 <-- 5.667111 s
currentSize : 27 <-- 142.995346 s
currentSize : 28 <-- 152.450165 s
currentSize : 29 <-- 965.107849 s

TIMEOUT
maxsize : 29
nodes : 192402411.000000
filtered : 1632863163.000000
time : 1000.000000
