Parameters: GAD=1 vflib=1 dir=1 label=1 lowerbound=1 fileNameGp=../../cp2016-max-common-connected-subgraph-paper/datasets/graphsdb/mcs30/m2D/m2D/mcs30_m2D_s70.A03 fileNameGt=../../cp2016-max-common-connected-subgraph-paper/datasets/graphsdb/mcs30/m2D/m2D/mcs30_m2D_s70.B03
Reading graphs...
70 : 123
70 : 123
Initializing...
maxdom : 7
D->valSize : 326
Solving...
Blb : 2 (clique : 31)
currentSize : 31 <-- 0.002705 s
currentSize : 32 <-- 613.654846 s
currentSize : 33 <-- 628.394409 s
currentSize : 34 <-- 960.933533 s
currentSize : 35 <-- 979.166077 s
currentSize : 36 <-- 979.167297 s

TIMEOUT
maxsize : 36
nodes : 215904721.000000
filtered : 1692922893.000000
time : 1000.000000
