Parameters: GAD=1 vflib=1 dir=1 label=1 lowerbound=1 fileNameGp=../../cp2016-max-common-connected-subgraph-paper/datasets/graphsdb/mcs30/m2D/m2Dr2/mcs30_m2Dr2_s50.A02 fileNameGt=../../cp2016-max-common-connected-subgraph-paper/datasets/graphsdb/mcs30/m2D/m2Dr2/mcs30_m2Dr2_s50.B02
Reading graphs...
50 : 95
50 : 95
Initializing...
maxdom : 10
D->valSize : 300
Solving...
Blb : 2 (clique : 16)
currentSize : 16 <-- 0.002013 s
currentSize : 17 <-- 0.003910 s
currentSize : 18 <-- 0.004266 s
currentSize : 19 <-- 1.049383 s
currentSize : 20 <-- 3.719588 s
currentSize : 21 <-- 17.626020 s
currentSize : 23 <-- 39.777046 s

maxsize : 23
nodes : 11464223.000000
filtered : 153413241.000000
time : 52.178192
