Parameters: GAD=1 vflib=1 dir=1 label=1 lowerbound=1 fileNameGp=../../cp2016-max-common-connected-subgraph-paper/datasets/graphsdb/mcs30/m3D/m3D/mcs30_m3D_s70.A01 fileNameGt=../../cp2016-max-common-connected-subgraph-paper/datasets/graphsdb/mcs30/m3D/m3D/mcs30_m3D_s70.B01
Reading graphs...
70 : 159
70 : 159
Initializing...
maxdom : 6
D->valSize : 307
Solving...
Blb : 2 (clique : 26)
currentSize : 26 <-- 0.002498 s
currentSize : 27 <-- 0.664540 s
currentSize : 28 <-- 9.649840 s
currentSize : 29 <-- 15.305484 s
currentSize : 30 <-- 37.488338 s
currentSize : 31 <-- 37.489235 s
currentSize : 32 <-- 37.491665 s
currentSize : 33 <-- 168.739014 s
currentSize : 34 <-- 236.599792 s
currentSize : 35 <-- 236.675934 s

maxsize : 35
nodes : 114131531.000000
filtered : 785664073.000000
time : 552.233826
