Parameters: GAD=1 vflib=1 dir=1 label=1 lowerbound=1 fileNameGp=../../cp2016-max-common-connected-subgraph-paper/datasets/graphsdb/mcs30/bvg/b09/mcs30_b09_s70.A02 fileNameGt=../../cp2016-max-common-connected-subgraph-paper/datasets/graphsdb/mcs30/bvg/b09/mcs30_b09_s70.B02
Reading graphs...
70 : 315
70 : 315
Initializing...
maxdom : 9
D->valSize : 305
Solving...
Blb : 5 (clique : 14)
currentSize : 14 <-- 0.002358 s
currentSize : 15 <-- 0.002484 s
currentSize : 16 <-- 0.002586 s
currentSize : 17 <-- 0.005896 s
currentSize : 18 <-- 0.032278 s
currentSize : 19 <-- 0.204532 s
currentSize : 20 <-- 16.208691 s
currentSize : 21 <-- 16.213421 s
currentSize : 22 <-- 16.215015 s
currentSize : 23 <-- 16.395447 s
currentSize : 24 <-- 26.615749 s

maxsize : 24
nodes : 7996011.000000
filtered : 79255427.000000
time : 40.059746
