Parameters: GAD=1 vflib=1 dir=1 label=1 lowerbound=1 fileNameGp=../../cp2016-max-common-connected-subgraph-paper/datasets/graphsdb/mcs30/bvg/b09m/mcs30_b09m_s80.A05 fileNameGt=../../cp2016-max-common-connected-subgraph-paper/datasets/graphsdb/mcs30/bvg/b09m/mcs30_b09m_s80.B05
Reading graphs...
80 : 360
80 : 360
Initializing...
maxdom : 9
D->valSize : 431
Solving...
Blb : 2 (clique : 17)
currentSize : 17 <-- 0.003931 s
currentSize : 18 <-- 0.004084 s
currentSize : 19 <-- 0.004144 s
currentSize : 20 <-- 0.016365 s
currentSize : 21 <-- 0.093690 s
currentSize : 22 <-- 0.311867 s
currentSize : 23 <-- 3.740518 s
currentSize : 24 <-- 17.792297 s
currentSize : 25 <-- 29.753675 s
currentSize : 26 <-- 53.050861 s
currentSize : 27 <-- 134.649902 s
currentSize : 28 <-- 516.692261 s

TIMEOUT
maxsize : 28
nodes : 171712177.000000
filtered : 2070703290.000000
time : 1000.000000
