Parameters: GAD=1 vflib=1 dir=1 label=1 lowerbound=1 fileNameGp=../../cp2016-max-common-connected-subgraph-paper/datasets/graphsdb/mcs30/m4D/m4D/mcs30_m4D_s70.A03 fileNameGt=../../cp2016-max-common-connected-subgraph-paper/datasets/graphsdb/mcs30/m4D/m4D/mcs30_m4D_s70.B03
Reading graphs...
70 : 118
70 : 118
Initializing...
maxdom : 9
D->valSize : 328
Solving...
Blb : 5 (clique : 25)
currentSize : 25 <-- 0.002703 s
currentSize : 26 <-- 0.002971 s
currentSize : 27 <-- 0.003250 s
currentSize : 28 <-- 0.004280 s
currentSize : 29 <-- 4.814481 s
currentSize : 30 <-- 4.867829 s
currentSize : 31 <-- 86.258766 s
currentSize : 32 <-- 620.750732 s

TIMEOUT
maxsize : 32
nodes : 216894003.000000
filtered : 1518144833.000000
time : 1000.000000
