Parameters: GAD=1 vflib=1 dir=1 label=1 lowerbound=1 fileNameGp=../../cp2016-max-common-connected-subgraph-paper/datasets/graphsdb/mcs30/rand/r01/mcs30_r01_s80.A01 fileNameGt=../../cp2016-max-common-connected-subgraph-paper/datasets/graphsdb/mcs30/rand/r01/mcs30_r01_s80.B01
Reading graphs...
80 : 631
80 : 631
Initializing...
maxdom : 8
D->valSize : 440
Solving...
Blb : 2 (clique : 13)
currentSize : 13 <-- 0.004027 s
currentSize : 14 <-- 0.004267 s
currentSize : 15 <-- 0.014767 s
currentSize : 17 <-- 0.180946 s
currentSize : 18 <-- 0.181304 s
currentSize : 19 <-- 0.508339 s
currentSize : 20 <-- 0.728014 s
currentSize : 21 <-- 2.031769 s
currentSize : 22 <-- 7.387308 s
currentSize : 23 <-- 7.387489 s
currentSize : 24 <-- 12.849387 s
currentSize : 25 <-- 13.481691 s
currentSize : 26 <-- 18.532795 s

maxsize : 26
nodes : 3733733.000000
filtered : 70074236.000000
time : 24.396420
