Parameters: GAD=1 vflib=1 dir=1 label=1 lowerbound=1 fileNameGp=../../cp2016-max-common-connected-subgraph-paper/datasets/graphsdb/mcs30/rand/r02/mcs30_r02_s80.A03 fileNameGt=../../cp2016-max-common-connected-subgraph-paper/datasets/graphsdb/mcs30/rand/r02/mcs30_r02_s80.B03
Reading graphs...
80 : 1263
80 : 1263
Initializing...
maxdom : 10
D->valSize : 405
Solving...
Blb : 2 (clique : 8)
currentSize : 8 <-- 0.003435 s
currentSize : 9 <-- 0.003547 s
currentSize : 10 <-- 0.007948 s
currentSize : 12 <-- 0.007968 s
currentSize : 15 <-- 0.018348 s
currentSize : 18 <-- 0.022908 s
currentSize : 19 <-- 0.052808 s
currentSize : 24 <-- 0.086417 s

maxsize : 24
nodes : 23295.000000
filtered : 618861.000000
time : 0.161938
