Parameters: GAD=1 vflib=1 dir=1 label=1 lowerbound=1 fileNameGp=../../cp2016-max-common-connected-subgraph-paper/datasets/graphsdb/mcs30/m3D/m3Dr6/mcs30_m3Dr6_s70.A05 fileNameGt=../../cp2016-max-common-connected-subgraph-paper/datasets/graphsdb/mcs30/m3D/m3Dr6/mcs30_m3Dr6_s70.B05
Reading graphs...
70 : 201
70 : 200
Initializing...
maxdom : 8
D->valSize : 316
Solving...
Blb : 2 (clique : 23)
currentSize : 23 <-- 0.002539 s
currentSize : 24 <-- 2.020731 s
currentSize : 25 <-- 2.461643 s
currentSize : 26 <-- 2.526351 s
currentSize : 27 <-- 2.925095 s
currentSize : 28 <-- 12.785563 s
currentSize : 29 <-- 131.184769 s
currentSize : 30 <-- 251.543884 s

maxsize : 30
nodes : 121006843.000000
filtered : 984565807.000000
time : 599.221497
