Parameters: GAD=1 vflib=1 dir=1 label=1 lowerbound=1 fileNameGp=../../cp2016-max-common-connected-subgraph-paper/datasets/graphsdb/mcs30/rand/r005/mcs30_r005_s80.A03 fileNameGt=../../cp2016-max-common-connected-subgraph-paper/datasets/graphsdb/mcs30/rand/r005/mcs30_r005_s80.B03
Reading graphs...
80 : 315
80 : 315
Initializing...
maxdom : 9
D->valSize : 427
Solving...
Blb : 5 (clique : 22)
currentSize : 22 <-- 0.006402 s
currentSize : 23 <-- 0.096461 s
currentSize : 24 <-- 0.482906 s
currentSize : 25 <-- 2.266754 s
currentSize : 26 <-- 18.653112 s
currentSize : 27 <-- 93.563278 s
currentSize : 28 <-- 992.749756 s

TIMEOUT
maxsize : 28
nodes : 176197093.000000
filtered : 2001045129.000000
time : 1000.000000
