Parameters: GAD=1 vflib=1 dir=1 label=1 lowerbound=1 fileNameGp=../../cp2016-max-common-connected-subgraph-paper/datasets/graphsdb/mcs30/m4D/m4D/mcs30_m4D_s50.A01 fileNameGt=../../cp2016-max-common-connected-subgraph-paper/datasets/graphsdb/mcs30/m4D/m4D/mcs30_m4D_s50.B01
Reading graphs...
50 : 87
50 : 87
Initializing...
maxdom : 9
D->valSize : 313
Solving...
Blb : 3 (clique : 20)
currentSize : 20 <-- 0.002205 s
currentSize : 21 <-- 0.216978 s
currentSize : 22 <-- 0.416382 s
currentSize : 23 <-- 0.511782 s
currentSize : 24 <-- 0.830263 s
currentSize : 25 <-- 75.902794 s

maxsize : 25
nodes : 205697960.000000
filtered : 2839040915.000000
time : 973.731995
