Parameters: GAD=1 vflib=1 dir=1 label=1 lowerbound=1 fileNameGp=../../cp2016-max-common-connected-subgraph-paper/datasets/graphsdb/mcs30/m4D/m4D/mcs30_m4D_s80.A05 fileNameGt=../../cp2016-max-common-connected-subgraph-paper/datasets/graphsdb/mcs30/m4D/m4D/mcs30_m4D_s80.B05
Reading graphs...
80 : 131
80 : 131
Initializing...
maxdom : 10
D->valSize : 439
Solving...
Blb : 2 (clique : 31)
currentSize : 31 <-- 0.007253 s
currentSize : 32 <-- 0.011838 s
currentSize : 33 <-- 0.018871 s
currentSize : 34 <-- 0.029659 s
currentSize : 35 <-- 1.093926 s
currentSize : 36 <-- 115.359032 s
currentSize : 37 <-- 543.103088 s

TIMEOUT
maxsize : 37
nodes : 206522056.000000
filtered : 1334850574.000000
time : 1000.000061
