Parameters: GAD=1 vflib=1 dir=1 label=1 lowerbound=1 fileNameGp=../../cp2016-max-common-connected-subgraph-paper/datasets/graphsdb/mcs30/bvg/b06m/mcs30_b06m_s90.A04 fileNameGt=../../cp2016-max-common-connected-subgraph-paper/datasets/graphsdb/mcs30/bvg/b06m/mcs30_b06m_s90.B04
Reading graphs...
90 : 270
90 : 270
Initializing...
maxdom : 14
D->valSize : 597
Solving...
Blb : 2 (clique : 27)
currentSize : 27 <-- 0.007092 s
currentSize : 28 <-- 6.981612 s
currentSize : 29 <-- 7.026987 s
currentSize : 30 <-- 47.208508 s
currentSize : 31 <-- 378.158142 s
currentSize : 32 <-- 890.747253 s

TIMEOUT
maxsize : 32
nodes : 169541580.000000
filtered : 2055768512.000000
time : 1000.000000
