Parameters: GAD=1 vflib=1 dir=1 label=1 lowerbound=1 fileNameGp=../../cp2016-max-common-connected-subgraph-paper/datasets/graphsdb/mcs30/bvg/b03m/mcs30_b03m_s60.A05 fileNameGt=../../cp2016-max-common-connected-subgraph-paper/datasets/graphsdb/mcs30/bvg/b03m/mcs30_b03m_s60.B05
Reading graphs...
60 : 90
60 : 90
Initializing...
maxdom : 8
D->valSize : 248
Solving...
Blb : 2 (clique : 22)
currentSize : 22 <-- 0.002628 s
currentSize : 24 <-- 0.002806 s
currentSize : 25 <-- 0.127958 s
currentSize : 26 <-- 1.083259 s
currentSize : 27 <-- 16.827751 s
currentSize : 28 <-- 36.286629 s
currentSize : 29 <-- 284.477142 s

maxsize : 29
nodes : 79592035.000000
filtered : 582734438.000000
time : 343.773682
