Parameters: GAD=1 vflib=1 dir=1 label=1 lowerbound=1 fileNameGp=../../cp2016-max-common-connected-subgraph-paper/datasets/graphsdb/mcs30/m2D/m2Dr2/mcs30_m2Dr2_s70.A09 fileNameGt=../../cp2016-max-common-connected-subgraph-paper/datasets/graphsdb/mcs30/m2D/m2Dr2/mcs30_m2Dr2_s70.B09
Reading graphs...
70 : 137
70 : 137
Initializing...
maxdom : 9
D->valSize : 333
Solving...
Blb : 2 (clique : 24)
currentSize : 24 <-- 0.004209 s
currentSize : 25 <-- 0.040095 s
currentSize : 26 <-- 6.904517 s
currentSize : 27 <-- 63.190361 s
currentSize : 28 <-- 179.271271 s
currentSize : 29 <-- 351.627625 s
currentSize : 30 <-- 969.692627 s

TIMEOUT
maxsize : 30
nodes : 217878183.000000
filtered : 1734364987.000000
time : 1000.000000
