Parameters: GAD=1 vflib=1 dir=1 label=1 lowerbound=1 fileNameGp=../../cp2016-max-common-connected-subgraph-paper/datasets/graphsdb/mcs30/rand/r005/mcs30_r005_s100.A06 fileNameGt=../../cp2016-max-common-connected-subgraph-paper/datasets/graphsdb/mcs30/rand/r005/mcs30_r005_s100.B06
Reading graphs...
100 : 494
100 : 494
Initializing...
maxdom : 6
D->valSize : 328
Solving...
Blb : 2 (clique : 25)
currentSize : 25 <-- 0.002966 s
currentSize : 26 <-- 0.003178 s
currentSize : 27 <-- 0.232137 s
currentSize : 28 <-- 0.784464 s
currentSize : 29 <-- 107.598709 s
currentSize : 30 <-- 633.952332 s

TIMEOUT
maxsize : 30
nodes : 169956886.000000
filtered : 1206925327.000000
time : 1000.000000
