Parameters: GAD=1 vflib=1 dir=1 label=1 lowerbound=1 fileNameGp=../../cp2016-max-common-connected-subgraph-paper/datasets/graphsdb/mcs30/bvg/b06/mcs30_b06_s50.A09 fileNameGt=../../cp2016-max-common-connected-subgraph-paper/datasets/graphsdb/mcs30/bvg/b06/mcs30_b06_s50.B09
Reading graphs...
50 : 150
50 : 150
Initializing...
maxdom : 11
D->valSize : 321
Solving...
Blb : 2 (clique : 15)
currentSize : 15 <-- 0.002176 s
currentSize : 16 <-- 0.084576 s
currentSize : 17 <-- 0.263621 s
currentSize : 18 <-- 0.275817 s
currentSize : 19 <-- 1.436378 s
currentSize : 20 <-- 2.498031 s
currentSize : 21 <-- 2.499483 s

maxsize : 21
nodes : 943385.000000
filtered : 14379550.000000
time : 4.713144
