Parameters: GAD=1 vflib=1 dir=1 label=1 lowerbound=1 fileNameGp=../../cp2016-max-common-connected-subgraph-paper/datasets/graphsdb/mcs30/bvg/b09/mcs30_b09_s70.A03 fileNameGt=../../cp2016-max-common-connected-subgraph-paper/datasets/graphsdb/mcs30/bvg/b09/mcs30_b09_s70.B03
Reading graphs...
70 : 315
70 : 315
Initializing...
maxdom : 9
D->valSize : 302
Solving...
Blb : 2 (clique : 17)
currentSize : 17 <-- 0.003757 s
currentSize : 18 <-- 0.156164 s
currentSize : 20 <-- 1.344738 s
currentSize : 21 <-- 1.345697 s
currentSize : 22 <-- 1.354436 s
currentSize : 23 <-- 2.675229 s

maxsize : 23
nodes : 9032256.000000
filtered : 87548936.000000
time : 45.068859
