Parameters: GAD=1 vflib=1 dir=1 label=1 lowerbound=1 fileNameGp=../../cp2016-max-common-connected-subgraph-paper/datasets/graphsdb/mcs30/rand/r005/mcs30_r005_s90.A04 fileNameGt=../../cp2016-max-common-connected-subgraph-paper/datasets/graphsdb/mcs30/rand/r005/mcs30_r005_s90.B04
Reading graphs...
90 : 399
90 : 399
Initializing...
maxdom : 8
D->valSize : 504
Solving...
Blb : 2 (clique : 22)
currentSize : 22 <-- 0.008786 s
currentSize : 23 <-- 0.009325 s
currentSize : 24 <-- 0.014589 s
currentSize : 25 <-- 0.038319 s
currentSize : 26 <-- 1.005923 s
currentSize : 27 <-- 5.722156 s
currentSize : 28 <-- 146.296356 s

TIMEOUT
maxsize : 28
nodes : 170446735.000000
filtered : 1573641343.000000
time : 1000.000000
