Parameters: GAD=1 vflib=1 dir=1 label=1 lowerbound=1 fileNameGp=../../cp2016-max-common-connected-subgraph-paper/datasets/graphsdb/mcs30/m3D/m3Dr6/mcs30_m3Dr6_s100.A08 fileNameGt=../../cp2016-max-common-connected-subgraph-paper/datasets/graphsdb/mcs30/m3D/m3Dr6/mcs30_m3Dr6_s100.B08
Reading graphs...
100 : 295
100 : 294
Initializing...
maxdom : 8
D->valSize : 343
Solving...
Blb : 2 (clique : 25)
currentSize : 25 <-- 0.003283 s
currentSize : 26 <-- 0.381775 s
currentSize : 27 <-- 0.829694 s
currentSize : 28 <-- 4.202355 s
currentSize : 29 <-- 8.499062 s
currentSize : 30 <-- 54.939735 s
currentSize : 31 <-- 72.054802 s
currentSize : 32 <-- 207.173981 s
currentSize : 33 <-- 630.231445 s
currentSize : 34 <-- 949.150085 s

TIMEOUT
maxsize : 34
nodes : 174058043.000000
filtered : 1265396989.000000
time : 1000.000000
