Parameters: GAD=1 vflib=1 dir=1 label=1 lowerbound=1 fileNameGp=../../cp2016-max-common-connected-subgraph-paper/datasets/graphsdb/mcs30/m2D/m2Dr6/mcs30_m2Dr6_s50.A05 fileNameGt=../../cp2016-max-common-connected-subgraph-paper/datasets/graphsdb/mcs30/m2D/m2Dr6/mcs30_m2Dr6_s50.B05
Reading graphs...
50 : 115
50 : 113
Initializing...
maxdom : 11
D->valSize : 344
Solving...
Blb : 2 (clique : 16)
currentSize : 16 <-- 0.003860 s
currentSize : 17 <-- 0.007849 s
currentSize : 18 <-- 0.595127 s
currentSize : 19 <-- 1.436365 s
currentSize : 20 <-- 7.974906 s
currentSize : 21 <-- 64.751770 s

maxsize : 21
nodes : 56419869.000000
filtered : 767987686.000000
time : 266.302948
