Parameters: GAD=1 vflib=1 dir=1 label=1 lowerbound=1 fileNameGp=../../cp2016-max-common-connected-subgraph-paper/datasets/graphsdb/mcs30/m2D/m2Dr6/mcs30_m2Dr6_s50.A06 fileNameGt=../../cp2016-max-common-connected-subgraph-paper/datasets/graphsdb/mcs30/m2D/m2Dr6/mcs30_m2Dr6_s50.B06
Reading graphs...
50 : 115
50 : 115
Initializing...
maxdom : 10
D->valSize : 314
Solving...
Blb : 2 (clique : 17)
currentSize : 17 <-- 0.002188 s
currentSize : 18 <-- 0.002341 s
currentSize : 19 <-- 0.003868 s
currentSize : 20 <-- 0.006134 s
currentSize : 21 <-- 0.007111 s
currentSize : 22 <-- 0.012671 s

maxsize : 22
nodes : 32364595.000000
filtered : 460694139.000000
time : 156.962494
