Parameters: GAD=1 vflib=1 dir=1 label=1 lowerbound=1 fileNameGp=../../cp2016-max-common-connected-subgraph-paper/datasets/graphsdb/mcs30/m2D/m2Dr4/mcs30_m2Dr4_s70.A07 fileNameGt=../../cp2016-max-common-connected-subgraph-paper/datasets/graphsdb/mcs30/m2D/m2Dr4/mcs30_m2Dr4_s70.B07
Reading graphs...
70 : 151
70 : 151
Initializing...
maxdom : 9
D->valSize : 319
Solving...
Blb : 2 (clique : 24)
currentSize : 24 <-- 0.002584 s
currentSize : 25 <-- 0.002754 s
currentSize : 26 <-- 0.003639 s
currentSize : 27 <-- 0.014540 s
currentSize : 28 <-- 11.228276 s
currentSize : 29 <-- 18.304684 s
currentSize : 30 <-- 26.032440 s
currentSize : 31 <-- 48.170784 s
currentSize : 32 <-- 48.182632 s

TIMEOUT
maxsize : 32
nodes : 195462670.000000
filtered : 1764376884.000000
time : 1000.000061
