Parameters: GAD=1 vflib=1 dir=1 label=1 lowerbound=1 fileNameGp=../../cp2016-max-common-connected-subgraph-paper/datasets/graphsdb/mcs30/m3D/m3Dr4/mcs30_m3Dr4_s80.A09 fileNameGt=../../cp2016-max-common-connected-subgraph-paper/datasets/graphsdb/mcs30/m3D/m3Dr4/mcs30_m3Dr4_s80.B09
Reading graphs...
80 : 216
80 : 215
Initializing...
maxdom : 9
D->valSize : 413
Solving...
Blb : 2 (clique : 23)
currentSize : 23 <-- 0.003961 s
currentSize : 24 <-- 0.004157 s
currentSize : 25 <-- 0.004241 s
currentSize : 26 <-- 0.011720 s
currentSize : 27 <-- 39.625427 s
currentSize : 28 <-- 61.615799 s

TIMEOUT
maxsize : 28
nodes : 202085986.000000
filtered : 1501192855.000000
time : 1000.000000
