Parameters: GAD=1 vflib=1 dir=1 label=1 lowerbound=1 fileNameGp=../../cp2016-max-common-connected-subgraph-paper/datasets/graphsdb/mcs30/m2D/m2Dr4/mcs30_m2Dr4_s60.A01 fileNameGt=../../cp2016-max-common-connected-subgraph-paper/datasets/graphsdb/mcs30/m2D/m2Dr4/mcs30_m2Dr4_s60.B01
Reading graphs...
60 : 128
60 : 128
Initializing...
maxdom : 7
D->valSize : 221
Solving...
Blb : 2 (clique : 19)
currentSize : 19 <-- 0.001505 s
currentSize : 20 <-- 0.001701 s
currentSize : 21 <-- 0.010134 s
currentSize : 22 <-- 0.043864 s
currentSize : 23 <-- 1.500407 s
currentSize : 24 <-- 6.685452 s
currentSize : 25 <-- 6.687916 s

maxsize : 25
nodes : 4616322.000000
filtered : 33311549.000000
time : 21.060953
