Parameters: GAD=1 vflib=1 dir=1 label=1 lowerbound=1 fileNameGp=../../cp2016-max-common-connected-subgraph-paper/datasets/graphsdb/mcs30/m4D/m4Dr2/mcs30_m4Dr2_s70.A09 fileNameGt=../../cp2016-max-common-connected-subgraph-paper/datasets/graphsdb/mcs30/m4D/m4Dr2/mcs30_m4Dr2_s70.B09
Reading graphs...
70 : 132
70 : 132
Initializing...
maxdom : 11
D->valSize : 325
Solving...
Blb : 2 (clique : 24)
currentSize : 24 <-- 0.002770 s
currentSize : 25 <-- 0.003369 s
currentSize : 26 <-- 0.013473 s
currentSize : 27 <-- 0.253934 s
currentSize : 28 <-- 6.199575 s
currentSize : 29 <-- 598.055298 s

TIMEOUT
maxsize : 29
nodes : 226591481.000000
filtered : 1361073722.000000
time : 1000.000000
