Parameters: GAD=1 vflib=1 dir=1 label=1 lowerbound=1 fileNameGp=../../cp2016-max-common-connected-subgraph-paper/datasets/graphsdb/mcs30/bvg/b06m/mcs30_b06m_s80.A07 fileNameGt=../../cp2016-max-common-connected-subgraph-paper/datasets/graphsdb/mcs30/bvg/b06m/mcs30_b06m_s80.B07
Reading graphs...
80 : 240
80 : 240
Initializing...
maxdom : 9
D->valSize : 438
Solving...
Blb : 3 (clique : 24)
currentSize : 24 <-- 0.006554 s
currentSize : 25 <-- 4.887512 s
currentSize : 26 <-- 29.935747 s
currentSize : 27 <-- 52.761318 s
currentSize : 28 <-- 121.008293 s
currentSize : 29 <-- 679.334290 s

TIMEOUT
maxsize : 29
nodes : 186293550.000000
filtered : 1927124222.000000
time : 1000.000000
