Parameters: GAD=1 vflib=1 dir=1 label=1 lowerbound=1 fileNameGp=../../cp2016-max-common-connected-subgraph-paper/datasets/graphsdb/mcs30/m4D/m4Dr6/mcs30_m4Dr6_s50.A05 fileNameGt=../../cp2016-max-common-connected-subgraph-paper/datasets/graphsdb/mcs30/m4D/m4Dr6/mcs30_m4Dr6_s50.B05
Reading graphs...
50 : 117
50 : 117
Initializing...
maxdom : 8
D->valSize : 317
Solving...
Blb : 2 (clique : 19)
currentSize : 19 <-- 0.003458 s
currentSize : 20 <-- 0.137086 s
currentSize : 21 <-- 14.311760 s
currentSize : 22 <-- 26.724037 s
currentSize : 23 <-- 49.794704 s

maxsize : 23
nodes : 58815426.000000
filtered : 645118306.000000
time : 261.487091
