Parameters: GAD=1 vflib=1 dir=1 label=1 lowerbound=1 fileNameGp=../../cp2016-max-common-connected-subgraph-paper/datasets/graphsdb/mcs30/m2D/m2Dr4/mcs30_m2Dr4_s80.A09 fileNameGt=../../cp2016-max-common-connected-subgraph-paper/datasets/graphsdb/mcs30/m2D/m2Dr4/mcs30_m2Dr4_s80.B09
Reading graphs...
80 : 174
80 : 172
Initializing...
maxdom : 8
D->valSize : 427
Solving...
Blb : 2 (clique : 26)
currentSize : 26 <-- 0.004012 s
currentSize : 27 <-- 0.005933 s
currentSize : 28 <-- 0.027166 s
currentSize : 29 <-- 5.501708 s
currentSize : 30 <-- 59.342991 s
currentSize : 31 <-- 229.536179 s

TIMEOUT
maxsize : 31
nodes : 190848471.000000
filtered : 1609814545.000000
time : 1000.000000
