Parameters: GAD=1 vflib=1 dir=1 label=1 lowerbound=1 fileNameGp=../../cp2016-max-common-connected-subgraph-paper/datasets/graphsdb/mcs30/m2D/m2Dr4/mcs30_m2Dr4_s60.A06 fileNameGt=../../cp2016-max-common-connected-subgraph-paper/datasets/graphsdb/mcs30/m2D/m2Dr4/mcs30_m2Dr4_s60.B06
Reading graphs...
60 : 128
60 : 127
Initializing...
maxdom : 8
D->valSize : 261
Solving...
Blb : 3 (clique : 18)
currentSize : 18 <-- 0.001901 s
currentSize : 19 <-- 0.002287 s
currentSize : 20 <-- 0.266238 s
currentSize : 21 <-- 7.845126 s
currentSize : 22 <-- 892.744934 s
currentSize : 23 <-- 892.745300 s

TIMEOUT
maxsize : 23
nodes : 254263069.000000
filtered : 1620835247.000000
time : 1000.000000
