Parameters: GAD=1 vflib=1 dir=1 label=1 lowerbound=1 fileNameGp=../../cp2016-max-common-connected-subgraph-paper/datasets/graphsdb/mcs30/rand/r005/mcs30_r005_s70.A08 fileNameGt=../../cp2016-max-common-connected-subgraph-paper/datasets/graphsdb/mcs30/rand/r005/mcs30_r005_s70.B08
Reading graphs...
70 : 240
70 : 240
Initializing...
maxdom : 10
D->valSize : 320
Solving...
Blb : 2 (clique : 18)
currentSize : 18 <-- 0.004115 s
currentSize : 19 <-- 0.070818 s
currentSize : 20 <-- 0.087713 s
currentSize : 21 <-- 0.122902 s
currentSize : 22 <-- 0.405058 s
currentSize : 23 <-- 0.456369 s
currentSize : 24 <-- 24.807331 s
currentSize : 25 <-- 616.515015 s

TIMEOUT
maxsize : 25
nodes : 193185669.000000
filtered : 2144927350.000000
time : 1000.000000
