Parameters: GAD=1 vflib=1 dir=1 label=1 lowerbound=1 fileNameGp=../../cp2016-max-common-connected-subgraph-paper/datasets/graphsdb/mcs30/bvg/b03/mcs30_b03_s100.A02 fileNameGt=../../cp2016-max-common-connected-subgraph-paper/datasets/graphsdb/mcs30/bvg/b03/mcs30_b03_s100.B02
Reading graphs...
100 : 150
100 : 150
Initializing...
maxdom : 6
D->valSize : 309
Solving...
Blb : 2 (clique : 36)
currentSize : 36 <-- 0.003028 s
currentSize : 37 <-- 0.006231 s
currentSize : 38 <-- 0.006540 s
currentSize : 39 <-- 5.125230 s
currentSize : 40 <-- 30.859797 s
currentSize : 41 <-- 34.231106 s

TIMEOUT
maxsize : 41
nodes : 205568829.000000
filtered : 877029508.000000
time : 1000.000061
