Parameters: GAD=1 vflib=1 dir=1 label=1 lowerbound=1 fileNameGp=../../cp2016-max-common-connected-subgraph-paper/datasets/graphsdb/mcs30/bvg/b03/mcs30_b03_s70.A00 fileNameGt=../../cp2016-max-common-connected-subgraph-paper/datasets/graphsdb/mcs30/bvg/b03/mcs30_b03_s70.B00
Reading graphs...
70 : 105
70 : 105
Initializing...
maxdom : 11
D->valSize : 322
Solving...
Blb : 2 (clique : 25)
currentSize : 25 <-- 0.002623 s
currentSize : 27 <-- 0.003969 s
currentSize : 28 <-- 0.495120 s
currentSize : 29 <-- 0.967669 s
currentSize : 30 <-- 11.430326 s
currentSize : 31 <-- 21.042608 s
currentSize : 32 <-- 253.741730 s

TIMEOUT
maxsize : 32
nodes : 226072749.000000
filtered : 1422840455.000000
time : 1000.000000
