Parameters: GAD=1 vflib=1 dir=1 label=1 lowerbound=1 fileNameGp=../../cp2016-max-common-connected-subgraph-paper/datasets/graphsdb/mcs30/bvg/b03/mcs30_b03_s60.A06 fileNameGt=../../cp2016-max-common-connected-subgraph-paper/datasets/graphsdb/mcs30/bvg/b03/mcs30_b03_s60.B06
Reading graphs...
60 : 90
60 : 90
Initializing...
maxdom : 8
D->valSize : 239
Solving...
Blb : 2 (clique : 23)
currentSize : 23 <-- 0.001794 s
currentSize : 24 <-- 0.002303 s
currentSize : 25 <-- 8.241578 s
currentSize : 26 <-- 8.738213 s
currentSize : 27 <-- 9.523377 s
currentSize : 28 <-- 79.853584 s

maxsize : 28
nodes : 178527631.000000
filtered : 1324327991.000000
time : 783.394409
