Parameters: GAD=1 vflib=1 dir=1 label=1 lowerbound=1 fileNameGp=../../cp2016-max-common-connected-subgraph-paper/datasets/graphsdb/mcs30/m3D/m3D/mcs30_m3D_s70.A09 fileNameGt=../../cp2016-max-common-connected-subgraph-paper/datasets/graphsdb/mcs30/m3D/m3D/mcs30_m3D_s70.B09
Reading graphs...
70 : 159
70 : 159
Initializing...
maxdom : 10
D->valSize : 330
Solving...
Blb : 2 (clique : 24)
currentSize : 24 <-- 0.004519 s
currentSize : 25 <-- 0.009666 s
currentSize : 26 <-- 0.014057 s
currentSize : 27 <-- 0.014272 s
currentSize : 28 <-- 0.271020 s
currentSize : 29 <-- 193.811783 s
currentSize : 30 <-- 437.119690 s
currentSize : 31 <-- 821.037842 s

TIMEOUT
maxsize : 31
nodes : 202034789.000000
filtered : 1694377771.000000
time : 1000.000000
