Parameters: GAD=1 vflib=1 dir=1 label=1 lowerbound=1 fileNameGp=../../cp2016-max-common-connected-subgraph-paper/datasets/graphsdb/mcs30/bvg/b06m/mcs30_b06m_s80.A08 fileNameGt=../../cp2016-max-common-connected-subgraph-paper/datasets/graphsdb/mcs30/bvg/b06m/mcs30_b06m_s80.B08
Reading graphs...
80 : 240
80 : 240
Initializing...
maxdom : 8
D->valSize : 425
Solving...
Blb : 3 (clique : 22)
currentSize : 22 <-- 0.004030 s
currentSize : 23 <-- 0.004318 s
currentSize : 24 <-- 0.010340 s
currentSize : 25 <-- 0.446875 s
currentSize : 26 <-- 1.209575 s
currentSize : 27 <-- 29.522770 s
currentSize : 28 <-- 581.535645 s

TIMEOUT
maxsize : 28
nodes : 193848463.000000
filtered : 1812889105.000000
time : 1000.000000
