Parameters: GAD=1 vflib=1 dir=1 label=1 lowerbound=1 fileNameGp=../../cp2016-max-common-connected-subgraph-paper/datasets/graphsdb/mcs30/m3D/m3Dr6/mcs30_m3Dr6_s90.A06 fileNameGt=../../cp2016-max-common-connected-subgraph-paper/datasets/graphsdb/mcs30/m3D/m3Dr6/mcs30_m3Dr6_s90.B06
Reading graphs...
90 : 263
90 : 262
Initializing...
maxdom : 10
D->valSize : 518
Solving...
Blb : 2 (clique : 27)
currentSize : 27 <-- 0.009569 s
currentSize : 28 <-- 30.529688 s
currentSize : 29 <-- 97.366730 s
currentSize : 30 <-- 200.694916 s
currentSize : 31 <-- 661.601807 s
currentSize : 32 <-- 663.194397 s

TIMEOUT
maxsize : 32
nodes : 186386913.000000
filtered : 1396798389.000000
time : 1000.000000
