Parameters: GAD=1 vflib=1 dir=1 label=1 lowerbound=1 fileNameGp=../../cp2016-max-common-connected-subgraph-paper/datasets/graphsdb/mcs30/bvg/b09m/mcs30_b09m_s100.A07 fileNameGt=../../cp2016-max-common-connected-subgraph-paper/datasets/graphsdb/mcs30/bvg/b09m/mcs30_b09m_s100.B07
Reading graphs...
100 : 450
100 : 450
Initializing...
maxdom : 7
D->valSize : 362
Solving...
Blb : 3 (clique : 28)
currentSize : 28 <-- 0.005496 s
currentSize : 29 <-- 0.266920 s
currentSize : 30 <-- 7.697860 s
currentSize : 31 <-- 14.550919 s
currentSize : 32 <-- 14.565193 s
currentSize : 33 <-- 198.540359 s
currentSize : 34 <-- 574.705017 s

TIMEOUT
maxsize : 34
nodes : 183706924.000000
filtered : 928851281.000000
time : 1000.000000
