Parameters: GAD=1 vflib=1 dir=1 label=1 lowerbound=1 fileNameGp=../../cp2016-max-common-connected-subgraph-paper/datasets/graphsdb/mcs30/m4D/m4Dr4/mcs30_m4Dr4_s50.A00 fileNameGt=../../cp2016-max-common-connected-subgraph-paper/datasets/graphsdb/mcs30/m4D/m4Dr4/mcs30_m4Dr4_s50.B00
Reading graphs...
50 : 107
50 : 107
Initializing...
maxdom : 10
D->valSize : 319
Solving...
Blb : 3 (clique : 19)
currentSize : 19 <-- 0.003487 s
currentSize : 20 <-- 0.013636 s
currentSize : 21 <-- 4.158043 s
currentSize : 22 <-- 13.755213 s
currentSize : 23 <-- 21.382339 s

maxsize : 23
nodes : 169452958.000000
filtered : 1954238090.000000
time : 717.791321
