Parameters: GAD=1 vflib=1 dir=1 label=1 lowerbound=1 fileNameGp=../../cp2016-max-common-connected-subgraph-paper/datasets/graphsdb/mcs30/rand/r02/mcs30_r02_s90.A02 fileNameGt=../../cp2016-max-common-connected-subgraph-paper/datasets/graphsdb/mcs30/rand/r02/mcs30_r02_s90.B02
Reading graphs...
90 : 1601
90 : 1601
Initializing...
maxdom : 11
D->valSize : 543
Solving...
Blb : 3 (clique : 8)
currentSize : 8 <-- 0.005603 s
currentSize : 9 <-- 0.005803 s
currentSize : 10 <-- 0.008162 s
currentSize : 12 <-- 0.008204 s
currentSize : 13 <-- 0.025080 s
currentSize : 14 <-- 0.046209 s
currentSize : 16 <-- 0.046257 s
currentSize : 18 <-- 0.050514 s
currentSize : 21 <-- 0.283034 s
currentSize : 22 <-- 0.403691 s
currentSize : 27 <-- 0.447857 s

maxsize : 27
nodes : 83095.000000
filtered : 2243875.000000
time : 0.604814
