Parameters: GAD=1 vflib=1 dir=1 label=1 lowerbound=1 fileNameGp=../../cp2016-max-common-connected-subgraph-paper/datasets/graphsdb/mcs30/m3D/m3Dr4/mcs30_m3Dr4_s100.A06 fileNameGt=../../cp2016-max-common-connected-subgraph-paper/datasets/graphsdb/mcs30/m3D/m3Dr4/mcs30_m3Dr4_s100.B06
Reading graphs...
100 : 275
100 : 275
Initializing...
maxdom : 7
D->valSize : 327
Solving...
Blb : 3 (clique : 27)
currentSize : 27 <-- 0.003287 s
currentSize : 28 <-- 0.125643 s
currentSize : 29 <-- 0.154477 s
currentSize : 30 <-- 0.815743 s
currentSize : 31 <-- 31.076759 s
currentSize : 32 <-- 31.127676 s
currentSize : 33 <-- 66.739166 s
currentSize : 34 <-- 76.453819 s
currentSize : 35 <-- 116.105232 s
currentSize : 36 <-- 116.105522 s
currentSize : 37 <-- 116.186577 s

TIMEOUT
maxsize : 37
nodes : 182785986.000000
filtered : 929990215.000000
time : 1000.000061
