Parameters: GAD=1 vflib=1 dir=1 label=1 lowerbound=1 fileNameGp=../../cp2016-max-common-connected-subgraph-paper/datasets/graphsdb/mcs30/m2D/m2Dr6/mcs30_m2Dr6_s70.A04 fileNameGt=../../cp2016-max-common-connected-subgraph-paper/datasets/graphsdb/mcs30/m2D/m2Dr6/mcs30_m2Dr6_s70.B04
Reading graphs...
70 : 165
70 : 165
Initializing...
maxdom : 11
D->valSize : 374
Solving...
Blb : 2 (clique : 24)
currentSize : 24 <-- 0.003168 s
currentSize : 25 <-- 1.584720 s
currentSize : 26 <-- 15.775402 s
currentSize : 27 <-- 53.935387 s
currentSize : 28 <-- 66.612785 s
currentSize : 29 <-- 71.844810 s

TIMEOUT
maxsize : 29
nodes : 195471064.000000
filtered : 2231243001.000000
time : 1000.000000
