Parameters: GAD=1 vflib=1 dir=1 label=1 lowerbound=1 fileNameGp=../../cp2016-max-common-connected-subgraph-paper/datasets/graphsdb/mcs30/rand/r01/mcs30_r01_s100.A08 fileNameGt=../../cp2016-max-common-connected-subgraph-paper/datasets/graphsdb/mcs30/rand/r01/mcs30_r01_s100.B08
Reading graphs...
100 : 989
100 : 989
Initializing...
maxdom : 6
D->valSize : 320
Solving...
Blb : 2 (clique : 16)
currentSize : 16 <-- 0.002857 s
currentSize : 17 <-- 0.003229 s
currentSize : 18 <-- 0.003323 s
currentSize : 20 <-- 0.003415 s
currentSize : 21 <-- 0.004057 s
currentSize : 22 <-- 0.013968 s
currentSize : 24 <-- 0.019666 s
currentSize : 25 <-- 0.019865 s
currentSize : 26 <-- 1.009584 s
currentSize : 27 <-- 3.618208 s
currentSize : 30 <-- 3.621540 s

maxsize : 30
nodes : 1116982.000000
filtered : 13368101.000000
time : 7.436198
