Parameters: GAD=1 vflib=1 dir=1 label=1 lowerbound=1 fileNameGp=../../cp2016-max-common-connected-subgraph-paper/datasets/graphsdb/mcs30/m2D/m2Dr4/mcs30_m2Dr4_s50.A09 fileNameGt=../../cp2016-max-common-connected-subgraph-paper/datasets/graphsdb/mcs30/m2D/m2Dr4/mcs30_m2Dr4_s50.B09
Reading graphs...
50 : 105
50 : 104
Initializing...
maxdom : 10
D->valSize : 354
Solving...
Blb : 2 (clique : 16)
currentSize : 16 <-- 0.002512 s
currentSize : 17 <-- 0.002656 s
currentSize : 18 <-- 0.003309 s
currentSize : 19 <-- 0.259291 s
currentSize : 20 <-- 28.647114 s
currentSize : 21 <-- 79.743774 s

TIMEOUT
maxsize : 21
nodes : 208839520.000000
filtered : 3514257447.000000
time : 1000.000000
