Parameters: GAD=1 vflib=1 dir=1 label=1 lowerbound=1 fileNameGp=../../cp2016-max-common-connected-subgraph-paper/datasets/graphsdb/mcs30/bvg/b03m/mcs30_b03m_s40.A09 fileNameGt=../../cp2016-max-common-connected-subgraph-paper/datasets/graphsdb/mcs30/bvg/b03m/mcs30_b03m_s40.B09
Reading graphs...
40 : 60
40 : 60
Initializing...
maxdom : 10
D->valSize : 221
Solving...
Blb : 2 (clique : 14)
currentSize : 14 <-- 0.001183 s
currentSize : 15 <-- 0.001275 s
currentSize : 16 <-- 0.005671 s
currentSize : 17 <-- 0.008090 s
currentSize : 18 <-- 1.013596 s
currentSize : 19 <-- 1.140662 s

maxsize : 19
nodes : 28028103.000000
filtered : 199228193.000000
time : 102.782173
