Parameters: GAD=1 vflib=1 dir=1 label=1 lowerbound=1 fileNameGp=../../cp2016-max-common-connected-subgraph-paper/datasets/graphsdb/mcs30/bvg/b09m/mcs30_b09m_s90.A09 fileNameGt=../../cp2016-max-common-connected-subgraph-paper/datasets/graphsdb/mcs30/bvg/b09m/mcs30_b09m_s90.B09
Reading graphs...
90 : 405
90 : 405
Initializing...
maxdom : 9
D->valSize : 515
Solving...
Blb : 2 (clique : 20)
currentSize : 20 <-- 0.005773 s
currentSize : 21 <-- 0.005986 s
currentSize : 22 <-- 0.006128 s
currentSize : 23 <-- 0.007927 s
currentSize : 24 <-- 0.019318 s
currentSize : 25 <-- 0.358449 s
currentSize : 26 <-- 0.451171 s
currentSize : 27 <-- 3.408420 s

TIMEOUT
maxsize : 27
nodes : 162915006.000000
filtered : 2272171675.000000
time : 1000.000000
