Parameters: GAD=1 vflib=1 dir=1 label=1 lowerbound=1 fileNameGp=../../cp2016-max-common-connected-subgraph-paper/datasets/graphsdb/mcs30/m4D/m4D/mcs30_m4D_s70.A04 fileNameGt=../../cp2016-max-common-connected-subgraph-paper/datasets/graphsdb/mcs30/m4D/m4D/mcs30_m4D_s70.B04
Reading graphs...
70 : 118
70 : 118
Initializing...
maxdom : 7
D->valSize : 317
Solving...
Blb : 2 (clique : 26)
currentSize : 26 <-- 0.002567 s
currentSize : 27 <-- 0.006520 s
currentSize : 28 <-- 0.403606 s
currentSize : 29 <-- 0.403753 s
currentSize : 30 <-- 2.116599 s
currentSize : 31 <-- 2.117422 s
currentSize : 32 <-- 3.829425 s

TIMEOUT
maxsize : 32
nodes : 199541205.000000
filtered : 1805360485.000000
time : 1000.000000
