Parameters: GAD=1 vflib=1 dir=1 label=1 lowerbound=1 fileNameGp=../../cp2016-max-common-connected-subgraph-paper/datasets/graphsdb/mcs30/bvg/b03m/mcs30_b03m_s50.A02 fileNameGt=../../cp2016-max-common-connected-subgraph-paper/datasets/graphsdb/mcs30/bvg/b03m/mcs30_b03m_s50.B02
Reading graphs...
50 : 75
50 : 75
Initializing...
maxdom : 11
D->valSize : 332
Solving...
Blb : 2 (clique : 20)
currentSize : 20 <-- 0.002339 s
currentSize : 21 <-- 0.007510 s
currentSize : 22 <-- 0.010604 s
currentSize : 23 <-- 0.100090 s
currentSize : 24 <-- 190.496597 s
currentSize : 25 <-- 190.548798 s
currentSize : 26 <-- 190.892776 s

TIMEOUT
maxsize : 26
nodes : 194930771.000000
filtered : 2205765354.000000
time : 1000.000000
