Parameters: GAD=1 vflib=1 dir=1 label=1 lowerbound=1 fileNameGp=../../cp2016-max-common-connected-subgraph-paper/datasets/graphsdb/mcs30/m4D/m4Dr4/mcs30_m4Dr4_s50.A03 fileNameGt=../../cp2016-max-common-connected-subgraph-paper/datasets/graphsdb/mcs30/m4D/m4Dr4/mcs30_m4Dr4_s50.B03
Reading graphs...
50 : 107
50 : 106
Initializing...
maxdom : 9
D->valSize : 313
Solving...
Blb : 2 (clique : 18)
currentSize : 18 <-- 0.003610 s
currentSize : 19 <-- 29.097729 s
currentSize : 20 <-- 32.869774 s
currentSize : 21 <-- 40.106449 s
currentSize : 22 <-- 86.218452 s
currentSize : 23 <-- 212.729950 s

maxsize : 23
nodes : 54414756.000000
filtered : 637970899.000000
time : 232.273010
