Parameters: GAD=1 vflib=1 dir=1 label=1 lowerbound=1 fileNameGp=../../cp2016-max-common-connected-subgraph-paper/datasets/graphsdb/mcs30/m3D/m3D/mcs30_m3D_s100.A09 fileNameGt=../../cp2016-max-common-connected-subgraph-paper/datasets/graphsdb/mcs30/m3D/m3D/mcs30_m3D_s100.B09
Reading graphs...
100 : 235
100 : 235
Initializing...
maxdom : 7
D->valSize : 333
Solving...
Blb : 2 (clique : 30)
currentSize : 30 <-- 0.003195 s
currentSize : 31 <-- 0.003466 s
currentSize : 32 <-- 0.003957 s
currentSize : 33 <-- 0.007411 s
currentSize : 34 <-- 0.007746 s
currentSize : 35 <-- 31.655975 s

TIMEOUT
maxsize : 35
nodes : 196097532.000000
filtered : 837109183.000000
time : 1000.000000
