Parameters: GAD=1 vflib=1 dir=1 label=1 lowerbound=1 fileNameGp=../../cp2016-max-common-connected-subgraph-paper/datasets/graphsdb/mcs30/bvg/b09m/mcs30_b09m_s80.A02 fileNameGt=../../cp2016-max-common-connected-subgraph-paper/datasets/graphsdb/mcs30/bvg/b09m/mcs30_b09m_s80.B02
Reading graphs...
80 : 360
80 : 360
Initializing...
maxdom : 10
D->valSize : 395
Solving...
Blb : 2 (clique : 18)
currentSize : 18 <-- 0.003457 s
currentSize : 19 <-- 0.003608 s
currentSize : 20 <-- 0.170934 s
currentSize : 21 <-- 0.557080 s
currentSize : 22 <-- 12.506837 s
currentSize : 23 <-- 27.401184 s
currentSize : 24 <-- 139.890457 s
currentSize : 25 <-- 623.704407 s

TIMEOUT
maxsize : 25
nodes : 187659768.000000
filtered : 1913432917.000000
time : 1000.000000
