Parameters: GAD=1 vflib=1 dir=1 label=1 lowerbound=1 fileNameGp=../../cp2016-max-common-connected-subgraph-paper/datasets/graphsdb/mcs30/bvg/b09m/mcs30_b09m_s70.A06 fileNameGt=../../cp2016-max-common-connected-subgraph-paper/datasets/graphsdb/mcs30/bvg/b09m/mcs30_b09m_s70.B06
Reading graphs...
70 : 315
70 : 315
Initializing...
maxdom : 10
D->valSize : 358
Solving...
Blb : 3 (clique : 19)
currentSize : 19 <-- 0.002772 s
currentSize : 20 <-- 1.561665 s
currentSize : 21 <-- 10.382388 s
currentSize : 22 <-- 11.365071 s
currentSize : 23 <-- 17.305147 s
currentSize : 24 <-- 39.146709 s

maxsize : 24
nodes : 24558772.000000
filtered : 352203746.000000
time : 131.850693
