Parameters: GAD=1 vflib=1 dir=1 label=1 lowerbound=1 fileNameGp=../../cp2016-max-common-connected-subgraph-paper/datasets/graphsdb/mcs30/bvg/b09/mcs30_b09_s90.A09 fileNameGt=../../cp2016-max-common-connected-subgraph-paper/datasets/graphsdb/mcs30/bvg/b09/mcs30_b09_s90.B09
Reading graphs...
90 : 405
90 : 405
Initializing...
maxdom : 11
D->valSize : 534
Solving...
Blb : 5 (clique : 20)
currentSize : 20 <-- 0.005828 s
currentSize : 21 <-- 0.094128 s
currentSize : 22 <-- 4.408596 s
currentSize : 23 <-- 33.755688 s
currentSize : 24 <-- 724.114197 s
currentSize : 25 <-- 885.471436 s

TIMEOUT
maxsize : 25
nodes : 186021833.000000
filtered : 1942171561.000000
time : 1000.000000
