Parameters: GAD=1 vflib=1 dir=1 label=1 lowerbound=1 fileNameGp=../../cp2016-max-common-connected-subgraph-paper/datasets/graphsdb/mcs30/bvg/b06/mcs30_b06_s40.A01 fileNameGt=../../cp2016-max-common-connected-subgraph-paper/datasets/graphsdb/mcs30/bvg/b06/mcs30_b06_s40.B01
Reading graphs...
40 : 120
40 : 120
Initializing...
maxdom : 8
D->valSize : 219
Solving...
Blb : 2 (clique : 9)
currentSize : 9 <-- 0.001219 s
currentSize : 10 <-- 0.001279 s
currentSize : 11 <-- 0.001345 s
currentSize : 12 <-- 0.001633 s
currentSize : 13 <-- 0.014861 s
currentSize : 14 <-- 0.020025 s
currentSize : 15 <-- 0.115864 s
currentSize : 16 <-- 0.140293 s

maxsize : 16
nodes : 173556.000000
filtered : 2057988.000000
time : 0.720291
