Parameters: GAD=1 vflib=1 dir=1 label=1 lowerbound=1 fileNameGp=../../cp2016-max-common-connected-subgraph-paper/datasets/graphsdb/mcs30/m4D/m4Dr6/mcs30_m4Dr6_s60.A00 fileNameGt=../../cp2016-max-common-connected-subgraph-paper/datasets/graphsdb/mcs30/m4D/m4Dr6/mcs30_m4Dr6_s60.B00
Reading graphs...
60 : 138
60 : 135
Initializing...
maxdom : 6
D->valSize : 232
Solving...
Blb : 2 (clique : 19)
currentSize : 19 <-- 0.001637 s
currentSize : 20 <-- 0.061860 s
currentSize : 21 <-- 0.084414 s
currentSize : 22 <-- 1.927704 s
currentSize : 23 <-- 13.556421 s
currentSize : 24 <-- 61.171066 s
currentSize : 25 <-- 246.744980 s

maxsize : 25
nodes : 70994928.000000
filtered : 448291233.000000
time : 291.492798
