Parameters: GAD=1 vflib=1 dir=1 label=1 lowerbound=1 fileNameGp=../../cp2016-max-common-connected-subgraph-paper/datasets/graphsdb/mcs30/m3D/m3Dr6/mcs30_m3Dr6_s80.A09 fileNameGt=../../cp2016-max-common-connected-subgraph-paper/datasets/graphsdb/mcs30/m3D/m3Dr6/mcs30_m3Dr6_s80.B09
Reading graphs...
80 : 232
80 : 230
Initializing...
maxdom : 7
D->valSize : 408
Solving...
Blb : 2 (clique : 21)
currentSize : 21 <-- 0.003626 s
currentSize : 22 <-- 0.003908 s
currentSize : 23 <-- 0.010266 s
currentSize : 24 <-- 0.131813 s
currentSize : 25 <-- 0.448289 s
currentSize : 26 <-- 0.463025 s
currentSize : 27 <-- 0.463912 s
currentSize : 28 <-- 26.791363 s
currentSize : 29 <-- 81.352325 s
currentSize : 30 <-- 581.830627 s
currentSize : 31 <-- 755.248840 s

TIMEOUT
maxsize : 31
nodes : 185006520.000000
filtered : 1656662360.000000
time : 1000.000000
