Parameters: GAD=1 vflib=1 dir=1 label=1 lowerbound=1 fileNameGp=../../cp2016-max-common-connected-subgraph-paper/datasets/graphsdb/mcs30/bvg/b03m/mcs30_b03m_s60.A09 fileNameGt=../../cp2016-max-common-connected-subgraph-paper/datasets/graphsdb/mcs30/bvg/b03m/mcs30_b03m_s60.B09
Reading graphs...
60 : 90
60 : 90
Initializing...
maxdom : 9
D->valSize : 249
Solving...
Blb : 3 (clique : 23)
currentSize : 23 <-- 0.002007 s
currentSize : 24 <-- 0.002413 s
currentSize : 25 <-- 0.005294 s
currentSize : 26 <-- 0.034227 s
currentSize : 27 <-- 3.412498 s
currentSize : 28 <-- 59.716587 s

maxsize : 28
nodes : 40279570.000000
filtered : 339756897.000000
time : 183.258362
