Parameters: GAD=1 vflib=1 dir=1 label=1 lowerbound=1 fileNameGp=../../cp2016-max-common-connected-subgraph-paper/datasets/graphsdb/mcs30/rand/r005/mcs30_r005_s90.A07 fileNameGt=../../cp2016-max-common-connected-subgraph-paper/datasets/graphsdb/mcs30/rand/r005/mcs30_r005_s90.B07
Reading graphs...
90 : 399
90 : 399
Initializing...
maxdom : 10
D->valSize : 496
Solving...
Blb : 2 (clique : 20)
currentSize : 20 <-- 0.008349 s
currentSize : 21 <-- 0.015203 s
currentSize : 22 <-- 0.016588 s
currentSize : 23 <-- 0.035545 s
currentSize : 24 <-- 0.138333 s
currentSize : 25 <-- 32.227097 s
currentSize : 26 <-- 715.638916 s
currentSize : 27 <-- 727.567444 s

TIMEOUT
maxsize : 27
nodes : 173348463.000000
filtered : 1797762437.000000
time : 1000.000000
