Parameters: GAD=1 vflib=1 dir=1 label=1 lowerbound=1 fileNameGp=../../cp2016-max-common-connected-subgraph-paper/datasets/graphsdb/mcs30/m2D/m2Dr6/mcs30_m2Dr6_s80.A07 fileNameGt=../../cp2016-max-common-connected-subgraph-paper/datasets/graphsdb/mcs30/m2D/m2Dr6/mcs30_m2Dr6_s80.B07
Reading graphs...
80 : 190
80 : 189
Initializing...
maxdom : 11
D->valSize : 426
Solving...
Blb : 5 (clique : 23)
currentSize : 23 <-- 0.004004 s
currentSize : 24 <-- 0.017116 s
currentSize : 25 <-- 0.022609 s
currentSize : 26 <-- 0.022788 s
currentSize : 27 <-- 0.500570 s
currentSize : 28 <-- 875.673706 s

TIMEOUT
maxsize : 28
nodes : 183839965.000000
filtered : 1675840956.000000
time : 1000.000000
