Parameters: GAD=1 vflib=1 dir=1 label=1 lowerbound=1 fileNameGp=../../cp2016-max-common-connected-subgraph-paper/datasets/graphsdb/mcs30/m2D/m2D/mcs30_m2D_s80.A06 fileNameGt=../../cp2016-max-common-connected-subgraph-paper/datasets/graphsdb/mcs30/m2D/m2D/mcs30_m2D_s80.B06
Reading graphs...
80 : 142
80 : 142
Initializing...
maxdom : 9
D->valSize : 434
Solving...
Blb : 2 (clique : 28)
currentSize : 28 <-- 0.004471 s
currentSize : 29 <-- 0.022859 s
currentSize : 30 <-- 0.654343 s
currentSize : 31 <-- 15.445045 s
currentSize : 32 <-- 33.596729 s
currentSize : 33 <-- 55.792927 s

TIMEOUT
maxsize : 33
nodes : 188249246.000000
filtered : 1633497404.000000
time : 1000.000000
