Parameters: GAD=1 vflib=1 dir=1 label=1 lowerbound=1 fileNameGp=../../cp2016-max-common-connected-subgraph-paper/datasets/graphsdb/mcs30/m3D/m3Dr2/mcs30_m3Dr2_s100.A05 fileNameGt=../../cp2016-max-common-connected-subgraph-paper/datasets/graphsdb/mcs30/m3D/m3Dr2/mcs30_m3Dr2_s100.B05
Reading graphs...
100 : 255
100 : 255
Initializing...
maxdom : 7
D->valSize : 344
Solving...
Blb : 2 (clique : 27)
currentSize : 27 <-- 0.003406 s
currentSize : 28 <-- 0.003683 s
currentSize : 29 <-- 0.005804 s
currentSize : 30 <-- 0.013262 s
currentSize : 31 <-- 0.088631 s
currentSize : 32 <-- 0.091758 s
currentSize : 33 <-- 71.767067 s
currentSize : 34 <-- 280.945404 s
currentSize : 35 <-- 281.396606 s
currentSize : 36 <-- 281.397736 s
currentSize : 37 <-- 281.418060 s

TIMEOUT
maxsize : 37
nodes : 192949824.000000
filtered : 844854590.000000
time : 1000.000000
