Parameters: GAD=1 vflib=1 dir=1 label=1 lowerbound=1 fileNameGp=../../cp2016-max-common-connected-subgraph-paper/datasets/graphsdb/mcs30/m3D/m3Dr4/mcs30_m3Dr4_s70.A07 fileNameGt=../../cp2016-max-common-connected-subgraph-paper/datasets/graphsdb/mcs30/m3D/m3Dr4/mcs30_m3Dr4_s70.B07
Reading graphs...
70 : 187
70 : 186
Initializing...
maxdom : 8
D->valSize : 336
Solving...
Blb : 2 (clique : 24)
currentSize : 24 <-- 0.002816 s
currentSize : 26 <-- 0.004081 s
currentSize : 27 <-- 0.014628 s
currentSize : 28 <-- 0.058843 s
currentSize : 29 <-- 0.087685 s
currentSize : 30 <-- 2.074138 s

TIMEOUT
maxsize : 30
nodes : 189460725.000000
filtered : 1785996645.000000
time : 1000.000000
