Parameters: GAD=1 vflib=1 dir=1 label=1 lowerbound=1 fileNameGp=../../cp2016-max-common-connected-subgraph-paper/datasets/graphsdb/mcs30/m2D/m2Dr4/mcs30_m2Dr4_s60.A09 fileNameGt=../../cp2016-max-common-connected-subgraph-paper/datasets/graphsdb/mcs30/m2D/m2Dr4/mcs30_m2Dr4_s60.B09
Reading graphs...
60 : 128
60 : 125
Initializing...
maxdom : 8
D->valSize : 232
Solving...
Blb : 5 (clique : 19)
currentSize : 19 <-- 0.002380 s
currentSize : 22 <-- 0.002533 s
currentSize : 23 <-- 0.005401 s
currentSize : 24 <-- 0.065902 s
currentSize : 25 <-- 0.072439 s
currentSize : 26 <-- 2.437511 s

maxsize : 26
nodes : 17019884.000000
filtered : 108898003.000000
time : 73.215836
