Parameters: GAD=1 vflib=1 dir=1 label=1 lowerbound=1 fileNameGp=../../cp2016-max-common-connected-subgraph-paper/datasets/graphsdb/mcs30/m4D/m4Dr2/mcs30_m4Dr2_s90.A00 fileNameGt=../../cp2016-max-common-connected-subgraph-paper/datasets/graphsdb/mcs30/m4D/m4Dr2/mcs30_m4Dr2_s90.B00
Reading graphs...
90 : 164
90 : 163
Initializing...
maxdom : 10
D->valSize : 510
Solving...
Blb : 2 (clique : 34)
currentSize : 34 <-- 0.009278 s
currentSize : 35 <-- 0.009720 s
currentSize : 36 <-- 0.011895 s
currentSize : 37 <-- 0.012296 s
currentSize : 38 <-- 0.111002 s
currentSize : 39 <-- 73.335945 s

TIMEOUT
maxsize : 39
nodes : 182773254.000000
filtered : 1259692802.000000
time : 1000.000061
