Parameters: GAD=1 vflib=1 dir=1 label=1 lowerbound=1 fileNameGp=../../cp2016-max-common-connected-subgraph-paper/datasets/graphsdb/mcs30/m2D/m2D/mcs30_m2D_s80.A04 fileNameGt=../../cp2016-max-common-connected-subgraph-paper/datasets/graphsdb/mcs30/m2D/m2D/mcs30_m2D_s80.B04
Reading graphs...
80 : 142
80 : 142
Initializing...
maxdom : 7
D->valSize : 423
Solving...
Blb : 2 (clique : 29)
currentSize : 29 <-- 0.004197 s
currentSize : 30 <-- 0.008346 s
currentSize : 31 <-- 0.015634 s
currentSize : 32 <-- 0.052680 s
currentSize : 33 <-- 10.097350 s
currentSize : 34 <-- 10.102397 s

TIMEOUT
maxsize : 34
nodes : 204230083.000000
filtered : 1366353096.000000
time : 1000.000000
