Parameters: GAD=1 vflib=1 dir=1 label=1 lowerbound=1 fileNameGp=../../cp2016-max-common-connected-subgraph-paper/datasets/graphsdb/mcs30/rand/r01/mcs30_r01_s90.A08 fileNameGt=../../cp2016-max-common-connected-subgraph-paper/datasets/graphsdb/mcs30/rand/r01/mcs30_r01_s90.B08
Reading graphs...
90 : 800
90 : 800
Initializing...
maxdom : 8
D->valSize : 512
Solving...
Blb : 2 (clique : 13)
currentSize : 13 <-- 0.005128 s
currentSize : 14 <-- 0.005272 s
currentSize : 15 <-- 0.005753 s
currentSize : 16 <-- 0.262616 s
currentSize : 17 <-- 1.558545 s
currentSize : 18 <-- 4.692795 s
currentSize : 20 <-- 30.722261 s
currentSize : 22 <-- 59.586151 s
currentSize : 23 <-- 166.106018 s
currentSize : 24 <-- 166.106583 s
currentSize : 26 <-- 202.982910 s
currentSize : 27 <-- 202.985413 s

maxsize : 27
nodes : 39672708.000000
filtered : 665902066.000000
time : 259.595917
