Parameters: GAD=1 vflib=1 dir=1 label=1 lowerbound=1 fileNameGp=../../cp2016-max-common-connected-subgraph-paper/datasets/graphsdb/mcs30/bvg/b09m/mcs30_b09m_s70.A09 fileNameGt=../../cp2016-max-common-connected-subgraph-paper/datasets/graphsdb/mcs30/bvg/b09m/mcs30_b09m_s70.B09
Reading graphs...
70 : 315
70 : 315
Initializing...
maxdom : 9
D->valSize : 322
Solving...
Blb : 3 (clique : 20)
currentSize : 20 <-- 0.002412 s
currentSize : 21 <-- 0.208580 s
currentSize : 22 <-- 0.211613 s
currentSize : 23 <-- 0.213963 s
currentSize : 24 <-- 6.177440 s
currentSize : 25 <-- 21.819693 s

maxsize : 25
nodes : 14996191.000000
filtered : 162897108.000000
time : 78.932091
