Parameters: GAD=1 vflib=1 dir=1 label=1 lowerbound=1 fileNameGp=../../cp2016-max-common-connected-subgraph-paper/datasets/graphsdb/mcs30/m3D/m3Dr6/mcs30_m3Dr6_s70.A08 fileNameGt=../../cp2016-max-common-connected-subgraph-paper/datasets/graphsdb/mcs30/m3D/m3Dr6/mcs30_m3Dr6_s70.B08
Reading graphs...
70 : 201
70 : 199
Initializing...
maxdom : 9
D->valSize : 303
Solving...
Blb : 5 (clique : 20)
currentSize : 20 <-- 0.002322 s
currentSize : 21 <-- 0.091910 s
currentSize : 22 <-- 1.840556 s
currentSize : 23 <-- 7.493444 s
currentSize : 24 <-- 10.903867 s
currentSize : 25 <-- 21.576080 s
currentSize : 26 <-- 21.576584 s
currentSize : 27 <-- 108.154015 s
currentSize : 28 <-- 108.157181 s
currentSize : 29 <-- 238.933029 s
currentSize : 30 <-- 246.266541 s
currentSize : 31 <-- 246.267212 s

maxsize : 31
nodes : 90583752.000000
filtered : 793659349.000000
time : 460.553833
