Parameters: GAD=1 vflib=1 dir=1 label=1 lowerbound=1 fileNameGp=../../cp2016-max-common-connected-subgraph-paper/datasets/graphsdb/mcs30/bvg/b09m/mcs30_b09m_s100.A02 fileNameGt=../../cp2016-max-common-connected-subgraph-paper/datasets/graphsdb/mcs30/bvg/b09m/mcs30_b09m_s100.B02
Reading graphs...
100 : 450
100 : 450
Initializing...
maxdom : 7
D->valSize : 325
Solving...
Blb : 2 (clique : 29)
currentSize : 29 <-- 0.004991 s
currentSize : 30 <-- 0.008382 s
currentSize : 31 <-- 0.012931 s
currentSize : 32 <-- 132.133713 s
currentSize : 33 <-- 132.134109 s
currentSize : 34 <-- 132.996506 s
currentSize : 35 <-- 230.377213 s

TIMEOUT
maxsize : 35
nodes : 199193681.000000
filtered : 656562099.000000
time : 1000.000000
