Parameters: GAD=1 vflib=1 dir=1 label=1 lowerbound=1 fileNameGp=../../cp2016-max-common-connected-subgraph-paper/datasets/graphsdb/mcs30/rand/r01/mcs30_r01_s50.A09 fileNameGt=../../cp2016-max-common-connected-subgraph-paper/datasets/graphsdb/mcs30/rand/r01/mcs30_r01_s50.B09
Reading graphs...
50 : 244
50 : 244
Initializing...
maxdom : 11
D->valSize : 314
Solving...
Blb : 2 (clique : 10)
currentSize : 10 <-- 0.002131 s
currentSize : 11 <-- 0.002239 s
currentSize : 12 <-- 0.003565 s
currentSize : 13 <-- 0.012519 s
currentSize : 14 <-- 0.019292 s
currentSize : 15 <-- 0.027350 s
currentSize : 16 <-- 0.027390 s

maxsize : 16
nodes : 449981.000000
filtered : 8386163.000000
time : 2.221394
