Parameters: GAD=1 vflib=1 dir=1 label=1 lowerbound=1 fileNameGp=../../cp2016-max-common-connected-subgraph-paper/datasets/graphsdb/mcs30/m4D/m4Dr4/mcs30_m4Dr4_s90.A08 fileNameGt=../../cp2016-max-common-connected-subgraph-paper/datasets/graphsdb/mcs30/m4D/m4Dr4/mcs30_m4Dr4_s90.B08
Reading graphs...
90 : 182
90 : 181
Initializing...
maxdom : 10
D->valSize : 510
Solving...
Blb : 3 (clique : 31)
currentSize : 31 <-- 0.005800 s
currentSize : 32 <-- 0.006113 s
currentSize : 33 <-- 0.006659 s
currentSize : 34 <-- 0.022064 s
currentSize : 35 <-- 0.047565 s
currentSize : 36 <-- 1.588050 s
currentSize : 37 <-- 1.867844 s
currentSize : 38 <-- 14.632204 s

TIMEOUT
maxsize : 38
nodes : 193434889.000000
filtered : 1392971141.000000
time : 1000.000061
