Parameters: GAD=1 vflib=1 dir=1 label=1 lowerbound=1 fileNameGp=../../cp2016-max-common-connected-subgraph-paper/datasets/graphsdb/mcs30/m2D/m2D/mcs30_m2D_s50.A06 fileNameGt=../../cp2016-max-common-connected-subgraph-paper/datasets/graphsdb/mcs30/m2D/m2D/mcs30_m2D_s50.B06
Reading graphs...
50 : 85
50 : 85
Initializing...
maxdom : 10
D->valSize : 338
Solving...
Blb : 2 (clique : 20)
currentSize : 20 <-- 0.002541 s
currentSize : 21 <-- 0.011061 s
currentSize : 22 <-- 4.670262 s
currentSize : 23 <-- 13.222613 s
currentSize : 24 <-- 13.234902 s
currentSize : 25 <-- 58.610970 s
currentSize : 26 <-- 265.908875 s

maxsize : 26
nodes : 70608467.000000
filtered : 977637290.000000
time : 345.269989
