Parameters: GAD=1 vflib=1 dir=1 label=1 lowerbound=1 fileNameGp=../../cp2016-max-common-connected-subgraph-paper/datasets/graphsdb/mcs30/m4D/m4Dr2/mcs30_m4Dr2_s60.A03 fileNameGt=../../cp2016-max-common-connected-subgraph-paper/datasets/graphsdb/mcs30/m4D/m4Dr2/mcs30_m4Dr2_s60.B03
Reading graphs...
60 : 114
60 : 114
Initializing...
maxdom : 9
D->valSize : 271
Solving...
Blb : 2 (clique : 19)
currentSize : 19 <-- 0.001908 s
currentSize : 20 <-- 0.065706 s
currentSize : 21 <-- 0.065873 s
currentSize : 22 <-- 0.170414 s
currentSize : 23 <-- 0.648088 s
currentSize : 24 <-- 2.265655 s
currentSize : 25 <-- 4.759074 s
currentSize : 26 <-- 16.774088 s

maxsize : 26
nodes : 22679043.000000
filtered : 230334274.000000
time : 107.090118
