Parameters: GAD=1 vflib=1 dir=1 label=1 lowerbound=1 fileNameGp=../../cp2016-max-common-connected-subgraph-paper/datasets/graphsdb/mcs30/bvg/b09/mcs30_b09_s90.A01 fileNameGt=../../cp2016-max-common-connected-subgraph-paper/datasets/graphsdb/mcs30/bvg/b09/mcs30_b09_s90.B01
Reading graphs...
90 : 405
90 : 405
Initializing...
maxdom : 11
D->valSize : 532
Solving...
Blb : 3 (clique : 26)
currentSize : 26 <-- 0.005723 s
currentSize : 28 <-- 339.660156 s
currentSize : 29 <-- 339.660278 s
currentSize : 30 <-- 339.749298 s
currentSize : 31 <-- 472.110199 s
currentSize : 32 <-- 472.117157 s

TIMEOUT
maxsize : 32
nodes : 167193057.000000
filtered : 1935425876.000000
time : 1000.000000
