Parameters: GAD=1 vflib=1 dir=1 label=1 lowerbound=1 fileNameGp=../../cp2016-max-common-connected-subgraph-paper/datasets/graphsdb/mcs30/m3D/m3Dr6/mcs30_m3Dr6_s80.A01 fileNameGt=../../cp2016-max-common-connected-subgraph-paper/datasets/graphsdb/mcs30/m3D/m3Dr6/mcs30_m3Dr6_s80.B01
Reading graphs...
80 : 232
80 : 229
Initializing...
maxdom : 9
D->valSize : 433
Solving...
Blb : 2 (clique : 23)
currentSize : 23 <-- 0.004028 s
currentSize : 24 <-- 0.391651 s
currentSize : 25 <-- 2.972459 s
currentSize : 26 <-- 4.527120 s
currentSize : 27 <-- 30.110449 s
currentSize : 28 <-- 47.817265 s
currentSize : 29 <-- 48.182255 s
currentSize : 30 <-- 142.532730 s
currentSize : 31 <-- 146.580811 s

TIMEOUT
maxsize : 31
nodes : 185753122.000000
filtered : 1704123627.000000
time : 1000.000000
