Parameters: GAD=1 vflib=1 dir=1 label=1 lowerbound=1 fileNameGp=../../cp2016-max-common-connected-subgraph-paper/datasets/graphsdb/mcs30/m2D/m2Dr4/mcs30_m2Dr4_s90.A01 fileNameGt=../../cp2016-max-common-connected-subgraph-paper/datasets/graphsdb/mcs30/m2D/m2Dr4/mcs30_m2Dr4_s90.B01
Reading graphs...
90 : 197
90 : 197
Initializing...
maxdom : 11
D->valSize : 516
Solving...
Blb : 2 (clique : 29)
currentSize : 29 <-- 0.005885 s
currentSize : 30 <-- 0.008649 s
currentSize : 31 <-- 0.086364 s
currentSize : 32 <-- 17.043215 s
currentSize : 33 <-- 283.130219 s
currentSize : 34 <-- 583.052734 s

TIMEOUT
maxsize : 34
nodes : 189401932.000000
filtered : 1522750742.000000
time : 1000.000000
