Parameters: GAD=1 vflib=1 dir=1 label=1 lowerbound=1 fileNameGp=../../cp2016-max-common-connected-subgraph-paper/datasets/graphsdb/mcs30/m3D/m3Dr2/mcs30_m3Dr2_s100.A04 fileNameGt=../../cp2016-max-common-connected-subgraph-paper/datasets/graphsdb/mcs30/m3D/m3Dr2/mcs30_m3Dr2_s100.B04
Reading graphs...
100 : 255
100 : 255
Initializing...
maxdom : 10
D->valSize : 371
Solving...
Blb : 2 (clique : 28)
currentSize : 28 <-- 0.006011 s
currentSize : 29 <-- 0.006705 s
currentSize : 30 <-- 0.008311 s
currentSize : 31 <-- 0.050725 s
currentSize : 32 <-- 0.214239 s
currentSize : 33 <-- 0.864235 s

TIMEOUT
maxsize : 33
nodes : 190104116.000000
filtered : 1075954509.000000
time : 1000.000000
