Parameters: GAD=1 vflib=1 dir=1 label=1 lowerbound=1 fileNameGp=../../cp2016-max-common-connected-subgraph-paper/datasets/graphsdb/mcs30/rand/r005/mcs30_r005_s60.A05 fileNameGt=../../cp2016-max-common-connected-subgraph-paper/datasets/graphsdb/mcs30/rand/r005/mcs30_r005_s60.B05
Reading graphs...
60 : 179
60 : 179
Initializing...
maxdom : 6
D->valSize : 214
Solving...
Blb : 2 (clique : 17)
currentSize : 17 <-- 0.002117 s
currentSize : 18 <-- 0.002561 s
currentSize : 19 <-- 0.289770 s
currentSize : 20 <-- 0.569861 s
currentSize : 21 <-- 1.904622 s
currentSize : 22 <-- 51.679920 s

maxsize : 22
nodes : 25719154.000000
filtered : 193118539.000000
time : 110.656334
