Parameters: GAD=1 vflib=1 dir=1 label=1 lowerbound=1 fileNameGp=../../cp2016-max-common-connected-subgraph-paper/datasets/graphsdb/mcs30/rand/r02/mcs30_r02_s100.A05 fileNameGt=../../cp2016-max-common-connected-subgraph-paper/datasets/graphsdb/mcs30/rand/r02/mcs30_r02_s100.B05
Reading graphs...
100 : 1979
100 : 1979
Initializing...
maxdom : 8
D->valSize : 365
Solving...
Blb : 2 (clique : 8)
currentSize : 8 <-- 0.003358 s
currentSize : 9 <-- 0.003672 s
currentSize : 10 <-- 0.003791 s
currentSize : 14 <-- 0.006024 s
currentSize : 15 <-- 0.006327 s
currentSize : 16 <-- 0.006512 s
currentSize : 19 <-- 0.006577 s
currentSize : 21 <-- 0.012724 s
currentSize : 23 <-- 0.017840 s
currentSize : 30 <-- 0.058552 s

maxsize : 30
nodes : 15837.000000
filtered : 339973.000000
time : 0.119979
