Parameters: GAD=1 vflib=1 dir=1 label=1 lowerbound=1 fileNameGp=../../cp2016-max-common-connected-subgraph-paper/datasets/graphsdb/mcs30/m3D/m3Dr2/mcs30_m3Dr2_s70.A08 fileNameGt=../../cp2016-max-common-connected-subgraph-paper/datasets/graphsdb/mcs30/m3D/m3Dr2/mcs30_m3Dr2_s70.B08
Reading graphs...
70 : 173
70 : 173
Initializing...
maxdom : 8
D->valSize : 350
Solving...
Blb : 2 (clique : 23)
currentSize : 23 <-- 0.002835 s
currentSize : 25 <-- 0.002983 s
currentSize : 26 <-- 0.008147 s
currentSize : 27 <-- 17.830475 s
currentSize : 28 <-- 46.872356 s
currentSize : 29 <-- 69.627747 s
currentSize : 30 <-- 72.917015 s

TIMEOUT
maxsize : 30
nodes : 184843382.000000
filtered : 2108907330.000000
time : 1000.000000
