Parameters: GAD=1 vflib=1 dir=1 label=1 lowerbound=1 fileNameGp=../../cp2016-max-common-connected-subgraph-paper/datasets/graphsdb/mcs30/m4D/m4Dr4/mcs30_m4Dr4_s80.A04 fileNameGt=../../cp2016-max-common-connected-subgraph-paper/datasets/graphsdb/mcs30/m4D/m4Dr4/mcs30_m4Dr4_s80.B04
Reading graphs...
80 : 163
80 : 163
Initializing...
maxdom : 14
D->valSize : 418
Solving...
Blb : 5 (clique : 27)
currentSize : 27 <-- 0.003971 s
currentSize : 28 <-- 0.005703 s
currentSize : 29 <-- 0.587447 s
currentSize : 30 <-- 4.666484 s
currentSize : 31 <-- 4.694158 s
currentSize : 32 <-- 83.961258 s
currentSize : 33 <-- 997.202148 s

TIMEOUT
maxsize : 33
nodes : 204834154.000000
filtered : 1196679004.000000
time : 1000.000000
