Parameters: GAD=1 vflib=1 dir=1 label=1 lowerbound=1 fileNameGp=../../cp2016-max-common-connected-subgraph-paper/datasets/graphsdb/mcs30/m3D/m3Dr4/mcs30_m3Dr4_s80.A08 fileNameGt=../../cp2016-max-common-connected-subgraph-paper/datasets/graphsdb/mcs30/m3D/m3Dr4/mcs30_m3Dr4_s80.B08
Reading graphs...
80 : 216
80 : 216
Initializing...
maxdom : 8
D->valSize : 426
Solving...
Blb : 2 (clique : 27)
currentSize : 27 <-- 0.004081 s
currentSize : 28 <-- 0.004318 s
currentSize : 29 <-- 0.004447 s
currentSize : 30 <-- 0.004594 s
currentSize : 31 <-- 0.005017 s
currentSize : 32 <-- 0.006466 s
currentSize : 33 <-- 0.006669 s
currentSize : 34 <-- 0.015682 s

TIMEOUT
maxsize : 34
nodes : 169648749.000000
filtered : 1874977678.000000
time : 1000.000061
