Parameters: GAD=1 vflib=1 dir=1 label=1 lowerbound=1 fileNameGp=../../cp2016-max-common-connected-subgraph-paper/datasets/graphsdb/mcs30/m2D/m2Dr2/mcs30_m2Dr2_s100.A05 fileNameGt=../../cp2016-max-common-connected-subgraph-paper/datasets/graphsdb/mcs30/m2D/m2Dr2/mcs30_m2Dr2_s100.B05
Reading graphs...
100 : 200
100 : 200
Initializing...
maxdom : 8
D->valSize : 331
Solving...
Blb : 5 (clique : 34)
currentSize : 34 <-- 0.005047 s
currentSize : 35 <-- 0.016126 s
currentSize : 36 <-- 0.024562 s
currentSize : 37 <-- 3.391054 s
currentSize : 38 <-- 3.481762 s
currentSize : 39 <-- 4.009178 s
currentSize : 40 <-- 6.750134 s

TIMEOUT
maxsize : 40
nodes : 181586884.000000
filtered : 864660737.000000
time : 1000.000061
