Parameters: GAD=1 vflib=1 dir=1 label=1 lowerbound=1 fileNameGp=../../cp2016-max-common-connected-subgraph-paper/datasets/graphsdb/mcs30/bvg/b06m/mcs30_b06m_s80.A02 fileNameGt=../../cp2016-max-common-connected-subgraph-paper/datasets/graphsdb/mcs30/bvg/b06m/mcs30_b06m_s80.B02
Reading graphs...
80 : 240
80 : 240
Initializing...
maxdom : 9
D->valSize : 398
Solving...
Blb : 2 (clique : 23)
currentSize : 23 <-- 0.003595 s
currentSize : 24 <-- 0.003912 s
currentSize : 25 <-- 0.031927 s
currentSize : 26 <-- 0.321723 s
currentSize : 27 <-- 90.755089 s
currentSize : 28 <-- 222.538483 s
currentSize : 29 <-- 321.459259 s
currentSize : 30 <-- 796.097900 s

TIMEOUT
maxsize : 30
nodes : 199398696.000000
filtered : 1481577219.000000
time : 1000.000061
