Parameters: GAD=1 vflib=1 dir=1 label=1 lowerbound=1 fileNameGp=../../cp2016-max-common-connected-subgraph-paper/datasets/graphsdb/mcs30/m2D/m2D/mcs30_m2D_s100.A05 fileNameGt=../../cp2016-max-common-connected-subgraph-paper/datasets/graphsdb/mcs30/m2D/m2D/mcs30_m2D_s100.B05
Reading graphs...
100 : 180
100 : 180
Initializing...
maxdom : 9
D->valSize : 349
Solving...
Blb : 2 (clique : 33)
currentSize : 33 <-- 0.003544 s
currentSize : 34 <-- 0.006529 s
currentSize : 35 <-- 0.012087 s
currentSize : 36 <-- 2.279500 s
currentSize : 37 <-- 3.347204 s
currentSize : 38 <-- 38.912285 s
currentSize : 39 <-- 98.744415 s
currentSize : 40 <-- 227.976807 s

TIMEOUT
maxsize : 40
nodes : 190252755.000000
filtered : 915481597.000000
time : 1000.000061
