Parameters: GAD=1 vflib=1 dir=1 label=1 lowerbound=1 fileNameGp=../../cp2016-max-common-connected-subgraph-paper/datasets/graphsdb/mcs30/m2D/m2Dr6/mcs30_m2Dr6_s50.A09 fileNameGt=../../cp2016-max-common-connected-subgraph-paper/datasets/graphsdb/mcs30/m2D/m2Dr6/mcs30_m2Dr6_s50.B09
Reading graphs...
50 : 115
50 : 112
Initializing...
maxdom : 9
D->valSize : 326
Solving...
Blb : 2 (clique : 15)
currentSize : 15 <-- 0.003644 s
currentSize : 16 <-- 0.003798 s
currentSize : 17 <-- 0.007389 s
currentSize : 18 <-- 0.007633 s
currentSize : 19 <-- 0.015617 s
currentSize : 20 <-- 0.417641 s
currentSize : 21 <-- 36.305523 s
currentSize : 22 <-- 57.122536 s

maxsize : 22
nodes : 77618964.000000
filtered : 1117984108.000000
time : 357.644012
