Parameters: GAD=1 vflib=1 dir=1 label=1 lowerbound=1 fileNameGp=../../cp2016-max-common-connected-subgraph-paper/datasets/graphsdb/mcs30/rand/r005/mcs30_r005_s100.A08 fileNameGt=../../cp2016-max-common-connected-subgraph-paper/datasets/graphsdb/mcs30/rand/r005/mcs30_r005_s100.B08
Reading graphs...
100 : 494
100 : 494
Initializing...
maxdom : 8
D->valSize : 358
Solving...
Blb : 2 (clique : 21)
currentSize : 21 <-- 0.003414 s
currentSize : 22 <-- 0.004078 s
currentSize : 23 <-- 0.009201 s
currentSize : 24 <-- 0.026188 s
currentSize : 25 <-- 8.140291 s
currentSize : 26 <-- 8.734307 s
currentSize : 27 <-- 49.382339 s

TIMEOUT
maxsize : 27
nodes : 177348446.000000
filtered : 1162367704.000000
time : 1000.000000
