Parameters: GAD=1 vflib=1 dir=1 label=1 lowerbound=1 fileNameGp=../../cp2016-max-common-connected-subgraph-paper/datasets/graphsdb/mcs30/rand/r005/mcs30_r005_s70.A00 fileNameGt=../../cp2016-max-common-connected-subgraph-paper/datasets/graphsdb/mcs30/rand/r005/mcs30_r005_s70.B00
Reading graphs...
70 : 240
70 : 240
Initializing...
maxdom : 9
D->valSize : 373
Solving...
Blb : 2 (clique : 17)
currentSize : 17 <-- 0.005023 s
currentSize : 18 <-- 0.005240 s
currentSize : 20 <-- 0.010588 s
currentSize : 21 <-- 0.015864 s
currentSize : 22 <-- 0.665058 s
currentSize : 23 <-- 145.448959 s
currentSize : 24 <-- 912.512024 s

TIMEOUT
maxsize : 24
nodes : 183393357.000000
filtered : 2478138241.000000
time : 1000.000000
