Parameters: GAD=1 vflib=1 dir=1 label=1 lowerbound=1 fileNameGp=../../cp2016-max-common-connected-subgraph-paper/datasets/graphsdb/mcs30/bvg/b09/mcs30_b09_s100.A01 fileNameGt=../../cp2016-max-common-connected-subgraph-paper/datasets/graphsdb/mcs30/bvg/b09/mcs30_b09_s100.B01
Reading graphs...
100 : 450
100 : 450
Initializing...
maxdom : 7
D->valSize : 334
Solving...
Blb : 3 (clique : 24)
currentSize : 24 <-- 0.003078 s
currentSize : 25 <-- 0.353937 s
currentSize : 26 <-- 4.175712 s
currentSize : 27 <-- 4.238252 s
currentSize : 28 <-- 10.774352 s
currentSize : 29 <-- 18.424149 s
currentSize : 30 <-- 72.902946 s
currentSize : 31 <-- 645.614075 s

TIMEOUT
maxsize : 31
nodes : 176869852.000000
filtered : 1141763642.000000
time : 1000.000000
