Parameters: GAD=1 vflib=1 dir=1 label=1 lowerbound=1 fileNameGp=../../cp2016-max-common-connected-subgraph-paper/datasets/graphsdb/mcs30/m3D/m3D/mcs30_m3D_s80.A05 fileNameGt=../../cp2016-max-common-connected-subgraph-paper/datasets/graphsdb/mcs30/m3D/m3D/mcs30_m3D_s80.B05
Reading graphs...
80 : 184
80 : 184
Initializing...
maxdom : 9
D->valSize : 448
Solving...
Blb : 2 (clique : 28)
currentSize : 28 <-- 0.004448 s
currentSize : 29 <-- 0.076518 s
currentSize : 30 <-- 7.767939 s
currentSize : 31 <-- 10.789802 s
currentSize : 32 <-- 405.393768 s
currentSize : 33 <-- 407.776642 s
currentSize : 34 <-- 411.388489 s

TIMEOUT
maxsize : 34
nodes : 192219308.000000
filtered : 1606640891.000000
time : 1000.000000
