Parameters: GAD=1 vflib=1 dir=1 label=1 lowerbound=1 fileNameGp=../../cp2016-max-common-connected-subgraph-paper/datasets/graphsdb/mcs30/m3D/m3D/mcs30_m3D_s70.A05 fileNameGt=../../cp2016-max-common-connected-subgraph-paper/datasets/graphsdb/mcs30/m3D/m3D/mcs30_m3D_s70.B05
Reading graphs...
70 : 159
70 : 159
Initializing...
maxdom : 10
D->valSize : 340
Solving...
Blb : 2 (clique : 25)
currentSize : 25 <-- 0.002916 s
currentSize : 26 <-- 0.414942 s
currentSize : 27 <-- 0.905164 s
currentSize : 28 <-- 8.121666 s
currentSize : 29 <-- 183.134872 s
currentSize : 30 <-- 183.245102 s
currentSize : 31 <-- 346.161774 s
currentSize : 32 <-- 464.507446 s

maxsize : 32
nodes : 123082366.000000
filtered : 1493177667.000000
time : 696.565735
