Parameters: GAD=1 vflib=1 dir=1 label=1 lowerbound=1 fileNameGp=../../cp2016-max-common-connected-subgraph-paper/datasets/graphsdb/mcs30/rand/r005/mcs30_r005_s50.A05 fileNameGt=../../cp2016-max-common-connected-subgraph-paper/datasets/graphsdb/mcs30/rand/r005/mcs30_r005_s50.B05
Reading graphs...
50 : 126
50 : 126
Initializing...
maxdom : 11
D->valSize : 337
Solving...
Blb : 5 (clique : 17)
currentSize : 17 <-- 0.002429 s
currentSize : 18 <-- 0.024449 s
currentSize : 19 <-- 0.208955 s
currentSize : 20 <-- 1.109396 s
currentSize : 21 <-- 29.169548 s

maxsize : 21
nodes : 17935436.000000
filtered : 289669547.000000
time : 91.275169
