Parameters: GAD=1 vflib=1 dir=1 label=1 lowerbound=1 fileNameGp=../../cp2016-max-common-connected-subgraph-paper/datasets/graphsdb/mcs30/m4D/m4Dr2/mcs30_m4Dr2_s60.A05 fileNameGt=../../cp2016-max-common-connected-subgraph-paper/datasets/graphsdb/mcs30/m4D/m4Dr2/mcs30_m4Dr2_s60.B05
Reading graphs...
60 : 114
60 : 113
Initializing...
maxdom : 6
D->valSize : 230
Solving...
Blb : 2 (clique : 21)
currentSize : 21 <-- 0.001606 s
currentSize : 22 <-- 11.457955 s
currentSize : 23 <-- 30.738253 s
currentSize : 24 <-- 86.016830 s
currentSize : 25 <-- 241.193771 s
currentSize : 26 <-- 248.864883 s

TIMEOUT
maxsize : 26
nodes : 236924584.000000
filtered : 1412270860.000000
time : 1000.000000
