Parameters: GAD=1 vflib=1 dir=1 label=1 lowerbound=1 fileNameGp=../../cp2016-max-common-connected-subgraph-paper/datasets/graphsdb/mcs30/bvg/b09/mcs30_b09_s50.A05 fileNameGt=../../cp2016-max-common-connected-subgraph-paper/datasets/graphsdb/mcs30/bvg/b09/mcs30_b09_s50.B05
Reading graphs...
50 : 225
50 : 225
Initializing...
maxdom : 11
D->valSize : 321
Solving...
Blb : 2 (clique : 12)
currentSize : 12 <-- 0.003344 s
currentSize : 13 <-- 0.003720 s
currentSize : 14 <-- 0.120874 s
currentSize : 15 <-- 0.324798 s
currentSize : 16 <-- 0.450074 s
currentSize : 17 <-- 1.493729 s
currentSize : 18 <-- 3.423572 s

maxsize : 18
nodes : 721227.000000
filtered : 14409479.000000
time : 3.826338
