Parameters: GAD=1 vflib=1 dir=1 label=1 lowerbound=1 fileNameGp=../../cp2016-max-common-connected-subgraph-paper/datasets/graphsdb/mcs30/bvg/b06/mcs30_b06_s60.A09 fileNameGt=../../cp2016-max-common-connected-subgraph-paper/datasets/graphsdb/mcs30/bvg/b06/mcs30_b06_s60.B09
Reading graphs...
60 : 180
60 : 180
Initializing...
maxdom : 7
D->valSize : 247
Solving...
Blb : 5 (clique : 16)
currentSize : 16 <-- 0.001768 s
currentSize : 17 <-- 0.001925 s
currentSize : 18 <-- 0.002288 s
currentSize : 19 <-- 0.357695 s
currentSize : 20 <-- 0.362549 s
currentSize : 21 <-- 0.388675 s
currentSize : 22 <-- 9.504676 s
currentSize : 23 <-- 9.505120 s
currentSize : 24 <-- 9.513025 s
currentSize : 25 <-- 20.774715 s
currentSize : 26 <-- 26.694933 s

maxsize : 26
nodes : 7478616.000000
filtered : 68161557.000000
time : 33.892338
