Parameters: GAD=1 vflib=1 dir=1 label=1 lowerbound=1 fileNameGp=../../cp2016-max-common-connected-subgraph-paper/datasets/graphsdb/mcs30/m2D/m2Dr2/mcs30_m2Dr2_s50.A08 fileNameGt=../../cp2016-max-common-connected-subgraph-paper/datasets/graphsdb/mcs30/m2D/m2Dr2/mcs30_m2Dr2_s50.B08
Reading graphs...
50 : 95
50 : 95
Initializing...
maxdom : 14
D->valSize : 363
Solving...
Blb : 5 (clique : 19)
currentSize : 19 <-- 0.004277 s
currentSize : 22 <-- 0.004448 s
currentSize : 23 <-- 0.012169 s
currentSize : 24 <-- 136.149384 s
currentSize : 25 <-- 282.362183 s

maxsize : 25
nodes : 163582071.000000
filtered : 2478536465.000000
time : 782.834595
