Parameters: GAD=1 vflib=1 dir=1 label=1 lowerbound=1 fileNameGp=../../cp2016-max-common-connected-subgraph-paper/datasets/graphsdb/mcs30/bvg/b03m/mcs30_b03m_s70.A03 fileNameGt=../../cp2016-max-common-connected-subgraph-paper/datasets/graphsdb/mcs30/bvg/b03m/mcs30_b03m_s70.B03
Reading graphs...
70 : 105
70 : 105
Initializing...
maxdom : 8
D->valSize : 340
Solving...
Blb : 2 (clique : 29)
currentSize : 29 <-- 0.004673 s
currentSize : 30 <-- 0.024160 s
currentSize : 31 <-- 0.024445 s
currentSize : 32 <-- 3.288490 s
currentSize : 33 <-- 20.313795 s
currentSize : 34 <-- 600.772583 s

TIMEOUT
maxsize : 34
nodes : 230195664.000000
filtered : 1310924637.000000
time : 1000.000000
