Parameters: GAD=1 vflib=1 dir=1 label=1 lowerbound=1 fileNameGp=../../cp2016-max-common-connected-subgraph-paper/datasets/graphsdb/mcs30/rand/r01/mcs30_r01_s100.A04 fileNameGt=../../cp2016-max-common-connected-subgraph-paper/datasets/graphsdb/mcs30/rand/r01/mcs30_r01_s100.B04
Reading graphs...
100 : 989
100 : 989
Initializing...
maxdom : 7
D->valSize : 344
Solving...
Blb : 2 (clique : 15)
currentSize : 15 <-- 0.003209 s
currentSize : 16 <-- 0.003351 s
currentSize : 17 <-- 0.003472 s
currentSize : 19 <-- 0.004762 s
currentSize : 20 <-- 0.004899 s
currentSize : 22 <-- 0.016957 s
currentSize : 23 <-- 0.017033 s
currentSize : 24 <-- 0.021540 s
currentSize : 25 <-- 0.199140 s
currentSize : 26 <-- 0.652636 s
currentSize : 28 <-- 0.654031 s
currentSize : 29 <-- 0.665641 s
currentSize : 30 <-- 0.666757 s

maxsize : 30
nodes : 1033860.000000
filtered : 11476003.000000
time : 6.741971
