Parameters: GAD=1 vflib=1 dir=1 label=1 lowerbound=1 fileNameGp=../../cp2016-max-common-connected-subgraph-paper/datasets/graphsdb/mcs30/m2D/m2Dr4/mcs30_m2Dr4_s100.A05 fileNameGt=../../cp2016-max-common-connected-subgraph-paper/datasets/graphsdb/mcs30/m2D/m2Dr4/mcs30_m2Dr4_s100.B05
Reading graphs...
100 : 220
100 : 219
Initializing...
maxdom : 8
D->valSize : 303
Solving...
Blb : 2 (clique : 28)
currentSize : 28 <-- 0.002879 s
currentSize : 29 <-- 0.004350 s
currentSize : 30 <-- 0.035392 s
currentSize : 31 <-- 0.358194 s
currentSize : 32 <-- 0.591299 s
currentSize : 33 <-- 39.261337 s
currentSize : 34 <-- 246.878342 s

TIMEOUT
maxsize : 34
nodes : 183233209.000000
filtered : 797799674.000000
time : 1000.000000
