Parameters: GAD=1 vflib=1 dir=1 label=1 lowerbound=1 fileNameGp=../../cp2016-max-common-connected-subgraph-paper/datasets/graphsdb/mcs30/m4D/m4Dr6/mcs30_m4Dr6_s60.A02 fileNameGt=../../cp2016-max-common-connected-subgraph-paper/datasets/graphsdb/mcs30/m4D/m4Dr6/mcs30_m4Dr6_s60.B02
Reading graphs...
60 : 138
60 : 136
Initializing...
maxdom : 7
D->valSize : 224
Solving...
Blb : 2 (clique : 18)
currentSize : 18 <-- 0.002396 s
currentSize : 19 <-- 0.178162 s
currentSize : 20 <-- 4.094058 s
currentSize : 21 <-- 5.658719 s
currentSize : 22 <-- 10.332103 s
currentSize : 23 <-- 25.456017 s
currentSize : 24 <-- 33.363361 s

maxsize : 24
nodes : 9649113.000000
filtered : 84211965.000000
time : 44.688812
