Parameters: GAD=1 vflib=1 dir=1 label=1 lowerbound=1 fileNameGp=../../cp2016-max-common-connected-subgraph-paper/datasets/graphsdb/mcs30/bvg/b06/mcs30_b06_s50.A01 fileNameGt=../../cp2016-max-common-connected-subgraph-paper/datasets/graphsdb/mcs30/bvg/b06/mcs30_b06_s50.B01
Reading graphs...
50 : 150
50 : 150
Initializing...
maxdom : 11
D->valSize : 340
Solving...
Blb : 2 (clique : 17)
currentSize : 17 <-- 0.003692 s
currentSize : 18 <-- 0.003899 s
currentSize : 19 <-- 0.008721 s
currentSize : 20 <-- 0.009095 s
currentSize : 21 <-- 0.184155 s
currentSize : 22 <-- 7.629377 s

maxsize : 22
nodes : 3095388.000000
filtered : 60133588.000000
time : 16.315399
