Parameters: GAD=1 vflib=1 dir=1 label=1 lowerbound=1 fileNameGp=../../cp2016-max-common-connected-subgraph-paper/datasets/graphsdb/mcs30/bvg/b06/mcs30_b06_s90.A07 fileNameGt=../../cp2016-max-common-connected-subgraph-paper/datasets/graphsdb/mcs30/bvg/b06/mcs30_b06_s90.B07
Reading graphs...
90 : 270
90 : 270
Initializing...
maxdom : 11
D->valSize : 542
Solving...
Blb : 5 (clique : 23)
currentSize : 23 <-- 0.006026 s
currentSize : 24 <-- 0.006858 s
currentSize : 25 <-- 0.070738 s
currentSize : 26 <-- 3.382831 s
currentSize : 27 <-- 37.991169 s
currentSize : 28 <-- 82.969635 s
currentSize : 29 <-- 82.996208 s
currentSize : 31 <-- 357.742828 s

TIMEOUT
maxsize : 31
nodes : 178209816.000000
filtered : 1687699222.000000
time : 1000.000000
