Parameters: GAD=1 vflib=1 dir=1 label=1 lowerbound=1 fileNameGp=../../cp2016-max-common-connected-subgraph-paper/datasets/graphsdb/mcs30/rand/r01/mcs30_r01_s100.A01 fileNameGt=../../cp2016-max-common-connected-subgraph-paper/datasets/graphsdb/mcs30/rand/r01/mcs30_r01_s100.B01
Reading graphs...
100 : 989
100 : 989
Initializing...
maxdom : 7
D->valSize : 327
Solving...
Blb : 2 (clique : 18)
currentSize : 18 <-- 0.002897 s
currentSize : 19 <-- 0.003083 s
currentSize : 20 <-- 0.003487 s
currentSize : 21 <-- 0.004907 s
currentSize : 22 <-- 0.006879 s
currentSize : 23 <-- 0.006980 s
currentSize : 24 <-- 0.013573 s
currentSize : 25 <-- 0.025651 s
currentSize : 26 <-- 0.031340 s
currentSize : 30 <-- 0.033108 s

maxsize : 30
nodes : 423510.000000
filtered : 5381952.000000
time : 2.869515
