Parameters: GAD=1 vflib=1 dir=1 label=1 lowerbound=1 fileNameGp=../../cp2016-max-common-connected-subgraph-paper/datasets/graphsdb/mcs30/m3D/m3Dr4/mcs30_m3Dr4_s70.A01 fileNameGt=../../cp2016-max-common-connected-subgraph-paper/datasets/graphsdb/mcs30/m3D/m3Dr4/mcs30_m3Dr4_s70.B01
Reading graphs...
70 : 187
70 : 186
Initializing...
maxdom : 9
D->valSize : 324
Solving...
Blb : 2 (clique : 22)
currentSize : 22 <-- 0.004084 s
currentSize : 23 <-- 0.025595 s
currentSize : 24 <-- 0.307817 s
currentSize : 25 <-- 2.261993 s
currentSize : 26 <-- 2.583930 s
currentSize : 27 <-- 7.344977 s
currentSize : 28 <-- 10.633841 s
currentSize : 29 <-- 32.330517 s
currentSize : 30 <-- 54.046703 s
currentSize : 31 <-- 300.513306 s

maxsize : 31
nodes : 67790798.000000
filtered : 624783284.000000
time : 350.371124
