Parameters: GAD=1 vflib=1 dir=1 label=1 lowerbound=1 fileNameGp=../../cp2016-max-common-connected-subgraph-paper/datasets/graphsdb/mcs30/m4D/m4Dr4/mcs30_m4Dr4_s50.A01 fileNameGt=../../cp2016-max-common-connected-subgraph-paper/datasets/graphsdb/mcs30/m4D/m4Dr4/mcs30_m4Dr4_s50.B01
Reading graphs...
50 : 107
50 : 107
Initializing...
maxdom : 9
D->valSize : 342
Solving...
Blb : 2 (clique : 16)
currentSize : 16 <-- 0.003940 s
currentSize : 17 <-- 0.004126 s
currentSize : 18 <-- 0.040733 s
currentSize : 19 <-- 0.075001 s
currentSize : 20 <-- 1.907369 s
currentSize : 21 <-- 2.901226 s
currentSize : 22 <-- 217.079132 s
currentSize : 23 <-- 221.478134 s

maxsize : 23
nodes : 147261867.000000
filtered : 1863443426.000000
time : 658.829163
