Parameters: GAD=1 vflib=1 dir=1 label=1 lowerbound=1 fileNameGp=../../cp2016-max-common-connected-subgraph-paper/datasets/graphsdb/mcs30/bvg/b06/mcs30_b06_s60.A00 fileNameGt=../../cp2016-max-common-connected-subgraph-paper/datasets/graphsdb/mcs30/bvg/b06/mcs30_b06_s60.B00
Reading graphs...
60 : 180
60 : 180
Initializing...
maxdom : 8
D->valSize : 212
Solving...
Blb : 5 (clique : 17)
currentSize : 17 <-- 0.001391 s
currentSize : 18 <-- 0.001651 s
currentSize : 19 <-- 0.014889 s
currentSize : 20 <-- 0.538532 s
currentSize : 21 <-- 10.476531 s
currentSize : 22 <-- 13.822646 s
currentSize : 23 <-- 13.823649 s

maxsize : 23
nodes : 8471498.000000
filtered : 58413027.000000
time : 36.343071
