Parameters: GAD=1 vflib=1 dir=1 label=1 lowerbound=1 fileNameGp=../../cp2016-max-common-connected-subgraph-paper/datasets/graphsdb/mcs30/m4D/m4Dr2/mcs30_m4Dr2_s50.A00 fileNameGt=../../cp2016-max-common-connected-subgraph-paper/datasets/graphsdb/mcs30/m4D/m4Dr2/mcs30_m4Dr2_s50.B00
Reading graphs...
50 : 97
50 : 97
Initializing...
maxdom : 9
D->valSize : 328
Solving...
Blb : 2 (clique : 18)
currentSize : 18 <-- 0.002426 s
currentSize : 21 <-- 0.002531 s
currentSize : 22 <-- 0.002608 s
currentSize : 23 <-- 10.998599 s
currentSize : 24 <-- 15.302091 s

maxsize : 24
nodes : 118729041.000000
filtered : 1698921018.000000
time : 577.832153
