Parameters: GAD=1 vflib=1 dir=1 label=1 lowerbound=1 fileNameGp=../../cp2016-max-common-connected-subgraph-paper/datasets/graphsdb/mcs30/m4D/m4Dr6/mcs30_m4Dr6_s70.A01 fileNameGt=../../cp2016-max-common-connected-subgraph-paper/datasets/graphsdb/mcs30/m4D/m4Dr6/mcs30_m4Dr6_s70.B01
Reading graphs...
70 : 160
70 : 159
Initializing...
maxdom : 10
D->valSize : 332
Solving...
Blb : 3 (clique : 23)
currentSize : 23 <-- 0.002594 s
currentSize : 24 <-- 0.002878 s
currentSize : 25 <-- 0.012031 s
currentSize : 26 <-- 2.355567 s
currentSize : 27 <-- 2.358125 s
currentSize : 28 <-- 2.805862 s
currentSize : 29 <-- 5.282332 s
currentSize : 30 <-- 91.789581 s

TIMEOUT
maxsize : 30
nodes : 206134632.000000
filtered : 1695100455.000000
time : 1000.000000
