Parameters: GAD=1 vflib=1 dir=1 label=1 lowerbound=1 fileNameGp=../../cp2016-max-common-connected-subgraph-paper/datasets/graphsdb/mcs30/m4D/m4Dr6/mcs30_m4Dr6_s90.A02 fileNameGt=../../cp2016-max-common-connected-subgraph-paper/datasets/graphsdb/mcs30/m4D/m4Dr6/mcs30_m4Dr6_s90.B02
Reading graphs...
90 : 200
90 : 197
Initializing...
maxdom : 10
D->valSize : 541
Solving...
Blb : 2 (clique : 29)
currentSize : 29 <-- 0.006213 s
currentSize : 30 <-- 0.010265 s
currentSize : 31 <-- 0.089677 s
currentSize : 32 <-- 0.091040 s
currentSize : 33 <-- 0.109127 s
currentSize : 34 <-- 4.529837 s
currentSize : 35 <-- 4.732470 s
currentSize : 36 <-- 426.258545 s

TIMEOUT
maxsize : 36
nodes : 166802728.000000
filtered : 1865180853.000000
time : 1000.000061
