Parameters: GAD=1 vflib=1 dir=1 label=1 lowerbound=1 fileNameGp=../../cp2016-max-common-connected-subgraph-paper/datasets/graphsdb/mcs30/m2D/m2Dr6/mcs30_m2Dr6_s60.A01 fileNameGt=../../cp2016-max-common-connected-subgraph-paper/datasets/graphsdb/mcs30/m2D/m2Dr6/mcs30_m2Dr6_s60.B01
Reading graphs...
60 : 140
60 : 140
Initializing...
maxdom : 7
D->valSize : 226
Solving...
Blb : 2 (clique : 17)
currentSize : 17 <-- 0.002523 s
currentSize : 18 <-- 0.002687 s
currentSize : 19 <-- 0.002852 s
currentSize : 20 <-- 0.003998 s
currentSize : 21 <-- 0.004088 s
currentSize : 22 <-- 0.016632 s
currentSize : 23 <-- 8.197505 s
currentSize : 24 <-- 236.486526 s
currentSize : 25 <-- 265.901581 s

maxsize : 25
nodes : 75848312.000000
filtered : 533475003.000000
time : 318.896088
