Parameters: GAD=1 vflib=1 dir=1 label=1 lowerbound=1 fileNameGp=../../cp2016-max-common-connected-subgraph-paper/datasets/graphsdb/mcs30/rand/r01/mcs30_r01_s70.A01 fileNameGt=../../cp2016-max-common-connected-subgraph-paper/datasets/graphsdb/mcs30/rand/r01/mcs30_r01_s70.B01
Reading graphs...
70 : 482
70 : 482
Initializing...
maxdom : 9
D->valSize : 289
Solving...
Blb : 2 (clique : 11)
currentSize : 11 <-- 0.003121 s
currentSize : 12 <-- 0.003307 s
currentSize : 13 <-- 0.003415 s
currentSize : 14 <-- 0.016970 s
currentSize : 15 <-- 0.047882 s
currentSize : 16 <-- 0.155125 s
currentSize : 17 <-- 0.277517 s
currentSize : 18 <-- 0.438431 s
currentSize : 19 <-- 0.439042 s
currentSize : 20 <-- 0.888062 s
currentSize : 21 <-- 0.888145 s

maxsize : 21
nodes : 545319.000000
filtered : 8216648.000000
time : 3.059027
