Parameters: GAD=1 vflib=1 dir=1 label=1 lowerbound=1 fileNameGp=../../cp2016-max-common-connected-subgraph-paper/datasets/graphsdb/mcs30/m4D/m4Dr4/mcs30_m4Dr4_s80.A08 fileNameGt=../../cp2016-max-common-connected-subgraph-paper/datasets/graphsdb/mcs30/m4D/m4Dr4/mcs30_m4Dr4_s80.B08
Reading graphs...
80 : 163
80 : 161
Initializing...
maxdom : 10
D->valSize : 446
Solving...
Blb : 2 (clique : 26)
currentSize : 26 <-- 0.007035 s
currentSize : 27 <-- 0.014740 s
currentSize : 28 <-- 0.024523 s
currentSize : 29 <-- 0.025194 s
currentSize : 30 <-- 0.055421 s
currentSize : 31 <-- 0.794789 s
currentSize : 32 <-- 291.490082 s

TIMEOUT
maxsize : 32
nodes : 210711686.000000
filtered : 1477071212.000000
time : 1000.000000
