Parameters: GAD=1 vflib=1 dir=1 label=1 lowerbound=1 fileNameGp=../../cp2016-max-common-connected-subgraph-paper/datasets/graphsdb/mcs30/bvg/b09/mcs30_b09_s70.A09 fileNameGt=../../cp2016-max-common-connected-subgraph-paper/datasets/graphsdb/mcs30/bvg/b09/mcs30_b09_s70.B09
Reading graphs...
70 : 315
70 : 315
Initializing...
maxdom : 8
D->valSize : 324
Solving...
Blb : 2 (clique : 15)
currentSize : 15 <-- 0.002583 s
currentSize : 16 <-- 0.005029 s
currentSize : 17 <-- 0.017136 s
currentSize : 18 <-- 0.054818 s
currentSize : 19 <-- 0.354361 s
currentSize : 20 <-- 0.393334 s
currentSize : 21 <-- 1.263698 s
currentSize : 22 <-- 2.263328 s
currentSize : 23 <-- 2.364037 s
currentSize : 24 <-- 4.765357 s
currentSize : 25 <-- 17.796329 s

maxsize : 25
nodes : 10812836.000000
filtered : 146535879.000000
time : 59.539597
