Parameters: GAD=1 vflib=1 dir=1 label=1 lowerbound=1 fileNameGp=../../cp2016-max-common-connected-subgraph-paper/datasets/graphsdb/mcs30/rand/r005/mcs30_r005_s60.A03 fileNameGt=../../cp2016-max-common-connected-subgraph-paper/datasets/graphsdb/mcs30/rand/r005/mcs30_r005_s60.B03
Reading graphs...
60 : 179
60 : 179
Initializing...
maxdom : 8
D->valSize : 250
Solving...
Blb : 2 (clique : 18)
currentSize : 18 <-- 0.002577 s
currentSize : 19 <-- 0.002760 s
currentSize : 20 <-- 2.763833 s
currentSize : 21 <-- 21.738680 s
currentSize : 22 <-- 33.905544 s

maxsize : 22
nodes : 67053524.000000
filtered : 575917829.000000
time : 297.380402
