Parameters: GAD=1 vflib=1 dir=1 label=1 lowerbound=1 fileNameGp=../../cp2016-max-common-connected-subgraph-paper/datasets/graphsdb/mcs30/m4D/m4D/mcs30_m4D_s70.A05 fileNameGt=../../cp2016-max-common-connected-subgraph-paper/datasets/graphsdb/mcs30/m4D/m4D/mcs30_m4D_s70.B05
Reading graphs...
70 : 118
70 : 118
Initializing...
maxdom : 10
D->valSize : 311
Solving...
Blb : 2 (clique : 25)
currentSize : 25 <-- 0.002625 s
currentSize : 26 <-- 0.020485 s
currentSize : 27 <-- 0.069903 s
currentSize : 28 <-- 0.128527 s
currentSize : 29 <-- 9.761999 s
currentSize : 30 <-- 52.401703 s

TIMEOUT
maxsize : 30
nodes : 214539813.000000
filtered : 1697647923.000000
time : 1000.000000
