Parameters: GAD=1 vflib=1 dir=1 label=1 lowerbound=1 fileNameGp=../../cp2016-max-common-connected-subgraph-paper/datasets/graphsdb/mcs30/m3D/m3Dr2/mcs30_m3Dr2_s100.A08 fileNameGt=../../cp2016-max-common-connected-subgraph-paper/datasets/graphsdb/mcs30/m3D/m3Dr2/mcs30_m3Dr2_s100.B08
Reading graphs...
100 : 255
100 : 255
Initializing...
maxdom : 7
D->valSize : 322
Solving...
Blb : 2 (clique : 28)
currentSize : 28 <-- 0.005205 s
currentSize : 30 <-- 0.005518 s
currentSize : 31 <-- 0.006350 s
currentSize : 32 <-- 0.063273 s
currentSize : 33 <-- 2.212994 s
currentSize : 34 <-- 84.019272 s

TIMEOUT
maxsize : 34
nodes : 187051626.000000
filtered : 813915326.000000
time : 1000.000000
