Parameters: GAD=1 vflib=1 dir=1 label=1 lowerbound=1 fileNameGp=../../cp2016-max-common-connected-subgraph-paper/datasets/graphsdb/mcs30/m4D/m4D/mcs30_m4D_s60.A09 fileNameGt=../../cp2016-max-common-connected-subgraph-paper/datasets/graphsdb/mcs30/m4D/m4D/mcs30_m4D_s60.B09
Reading graphs...
60 : 102
60 : 102
Initializing...
maxdom : 11
D->valSize : 246
Solving...
Blb : 2 (clique : 20)
currentSize : 20 <-- 0.001770 s
currentSize : 21 <-- 0.001924 s
currentSize : 22 <-- 0.002085 s
currentSize : 23 <-- 0.006697 s
currentSize : 24 <-- 0.112242 s
currentSize : 25 <-- 0.128350 s
currentSize : 26 <-- 2.737750 s
currentSize : 27 <-- 12.633993 s

maxsize : 27
nodes : 7584708.000000
filtered : 55045876.000000
time : 33.351578
