Parameters: GAD=1 vflib=1 dir=1 label=1 lowerbound=1 fileNameGp=../../cp2016-max-common-connected-subgraph-paper/datasets/graphsdb/mcs30/rand/r005/mcs30_r005_s60.A08 fileNameGt=../../cp2016-max-common-connected-subgraph-paper/datasets/graphsdb/mcs30/rand/r005/mcs30_r005_s60.B08
Reading graphs...
60 : 179
60 : 179
Initializing...
maxdom : 7
D->valSize : 228
Solving...
Blb : 2 (clique : 18)
currentSize : 18 <-- 0.002401 s
currentSize : 19 <-- 0.002593 s
currentSize : 20 <-- 0.182565 s
currentSize : 21 <-- 8.971656 s
currentSize : 22 <-- 18.037756 s

maxsize : 22
nodes : 10845746.000000
filtered : 80616686.000000
time : 48.039742
