Parameters: GAD=1 vflib=1 dir=1 label=1 lowerbound=1 fileNameGp=../../cp2016-max-common-connected-subgraph-paper/datasets/graphsdb/mcs30/m3D/m3Dr2/mcs30_m3Dr2_s70.A00 fileNameGt=../../cp2016-max-common-connected-subgraph-paper/datasets/graphsdb/mcs30/m3D/m3Dr2/mcs30_m3Dr2_s70.B00
Reading graphs...
70 : 173
70 : 172
Initializing...
maxdom : 8
D->valSize : 311
Solving...
Blb : 2 (clique : 25)
currentSize : 25 <-- 0.002581 s
currentSize : 26 <-- 0.530438 s
currentSize : 27 <-- 0.747332 s
currentSize : 28 <-- 4.008079 s
currentSize : 29 <-- 4.349542 s
currentSize : 30 <-- 52.652321 s
currentSize : 31 <-- 74.805939 s
currentSize : 32 <-- 74.815674 s

maxsize : 32
nodes : 56971906.000000
filtered : 508505417.000000
time : 298.220032
