Parameters: GAD=1 vflib=1 dir=1 label=1 lowerbound=1 fileNameGp=../../cp2016-max-common-connected-subgraph-paper/datasets/graphsdb/mcs30/rand/r01/mcs30_r01_s60.A03 fileNameGt=../../cp2016-max-common-connected-subgraph-paper/datasets/graphsdb/mcs30/rand/r01/mcs30_r01_s60.B03
Reading graphs...
60 : 353
60 : 353
Initializing...
maxdom : 7
D->valSize : 232
Solving...
Blb : 2 (clique : 11)
currentSize : 11 <-- 0.002315 s
currentSize : 12 <-- 0.003907 s
currentSize : 13 <-- 0.005686 s
currentSize : 14 <-- 0.049028 s
currentSize : 15 <-- 0.054817 s
currentSize : 16 <-- 0.054979 s
currentSize : 17 <-- 0.509084 s
currentSize : 18 <-- 0.542622 s
currentSize : 19 <-- 0.542768 s

maxsize : 19
nodes : 293792.000000
filtered : 3375767.000000
time : 1.441947
