Parameters: GAD=1 vflib=1 dir=1 label=1 lowerbound=1 fileNameGp=../../cp2016-max-common-connected-subgraph-paper/datasets/graphsdb/mcs30/bvg/b09/mcs30_b09_s70.A06 fileNameGt=../../cp2016-max-common-connected-subgraph-paper/datasets/graphsdb/mcs30/bvg/b09/mcs30_b09_s70.B06
Reading graphs...
70 : 315
70 : 315
Initializing...
maxdom : 8
D->valSize : 337
Solving...
Blb : 3 (clique : 16)
currentSize : 16 <-- 0.002580 s
currentSize : 17 <-- 0.003998 s
currentSize : 18 <-- 0.048900 s
currentSize : 19 <-- 0.140304 s
currentSize : 20 <-- 4.099879 s
currentSize : 21 <-- 4.154711 s
currentSize : 22 <-- 16.389532 s
currentSize : 23 <-- 37.159817 s

maxsize : 23
nodes : 18757122.000000
filtered : 230644336.000000
time : 99.701187
