Parameters: GAD=1 vflib=1 dir=1 label=1 lowerbound=1 fileNameGp=../../cp2016-max-common-connected-subgraph-paper/datasets/graphsdb/mcs30/rand/r01/mcs30_r01_s80.A03 fileNameGt=../../cp2016-max-common-connected-subgraph-paper/datasets/graphsdb/mcs30/rand/r01/mcs30_r01_s80.B03
Reading graphs...
80 : 631
80 : 631
Initializing...
maxdom : 12
D->valSize : 440
Solving...
Blb : 2 (clique : 13)
currentSize : 13 <-- 0.003927 s
currentSize : 14 <-- 0.012699 s
currentSize : 15 <-- 0.024394 s
currentSize : 16 <-- 0.303988 s
currentSize : 17 <-- 0.436569 s
currentSize : 18 <-- 0.681813 s
currentSize : 20 <-- 1.442232 s
currentSize : 21 <-- 3.209452 s
currentSize : 22 <-- 5.618220 s
currentSize : 24 <-- 5.618362 s

maxsize : 24
nodes : 1452189.000000
filtered : 27230336.000000
time : 9.222063
