Parameters: GAD=1 vflib=1 dir=1 label=1 lowerbound=1 fileNameGp=../../cp2016-max-common-connected-subgraph-paper/datasets/graphsdb/mcs30/bvg/b09m/mcs30_b09m_s80.A04 fileNameGt=../../cp2016-max-common-connected-subgraph-paper/datasets/graphsdb/mcs30/bvg/b09m/mcs30_b09m_s80.B04
Reading graphs...
80 : 360
80 : 360
Initializing...
maxdom : 9
D->valSize : 423
Solving...
Blb : 3 (clique : 22)
currentSize : 22 <-- 0.003853 s
currentSize : 23 <-- 1.526060 s
currentSize : 24 <-- 23.272493 s
currentSize : 25 <-- 35.666992 s
currentSize : 26 <-- 35.816177 s
currentSize : 27 <-- 79.274757 s
currentSize : 28 <-- 79.280830 s
currentSize : 29 <-- 825.835938 s

TIMEOUT
maxsize : 29
nodes : 183892820.000000
filtered : 1762908284.000000
time : 1000.000000
