Parameters: GAD=1 vflib=1 dir=1 label=1 lowerbound=1 fileNameGp=../../cp2016-max-common-connected-subgraph-paper/datasets/graphsdb/mcs30/bvg/b03/mcs30_b03_s60.A08 fileNameGt=../../cp2016-max-common-connected-subgraph-paper/datasets/graphsdb/mcs30/bvg/b03/mcs30_b03_s60.B08
Reading graphs...
60 : 90
60 : 90
Initializing...
maxdom : 7
D->valSize : 244
Solving...
Blb : 5 (clique : 23)
currentSize : 23 <-- 0.001708 s
currentSize : 24 <-- 0.002073 s
currentSize : 25 <-- 0.003292 s
currentSize : 26 <-- 0.014699 s
currentSize : 27 <-- 0.030210 s
currentSize : 28 <-- 0.031848 s
currentSize : 29 <-- 1.142670 s
currentSize : 30 <-- 12.971060 s
currentSize : 31 <-- 258.151031 s

TIMEOUT
maxsize : 31
nodes : 220755493.000000
filtered : 1693462804.000000
time : 1000.000000
