Parameters: GAD=1 vflib=1 dir=1 label=1 lowerbound=1 fileNameGp=../../cp2016-max-common-connected-subgraph-paper/datasets/graphsdb/mcs30/bvg/b03/mcs30_b03_s100.A03 fileNameGt=../../cp2016-max-common-connected-subgraph-paper/datasets/graphsdb/mcs30/bvg/b03/mcs30_b03_s100.B03
Reading graphs...
100 : 150
100 : 150
Initializing...
maxdom : 9
D->valSize : 340
Solving...
Blb : 2 (clique : 35)
currentSize : 35 <-- 0.005368 s
currentSize : 36 <-- 0.006588 s
currentSize : 37 <-- 0.082214 s
currentSize : 38 <-- 0.082670 s
currentSize : 39 <-- 41.158447 s
currentSize : 40 <-- 42.036282 s
currentSize : 41 <-- 551.444885 s

TIMEOUT
maxsize : 41
nodes : 184798736.000000
filtered : 1078606618.000000
time : 1000.000061
