Parameters: GAD=1 vflib=1 dir=1 label=1 lowerbound=1 fileNameGp=../../cp2016-max-common-connected-subgraph-paper/datasets/graphsdb/mcs30/rand/r02/mcs30_r02_s90.A08 fileNameGt=../../cp2016-max-common-connected-subgraph-paper/datasets/graphsdb/mcs30/rand/r02/mcs30_r02_s90.B08
Reading graphs...
90 : 1601
90 : 1601
Initializing...
maxdom : 10
D->valSize : 596
Solving...
Blb : 2 (clique : 8)
currentSize : 8 <-- 0.006378 s
currentSize : 9 <-- 0.006600 s
currentSize : 10 <-- 0.015256 s
currentSize : 11 <-- 0.015336 s
currentSize : 12 <-- 0.023151 s
currentSize : 13 <-- 0.024724 s
currentSize : 16 <-- 0.045621 s
currentSize : 17 <-- 0.287040 s
currentSize : 18 <-- 0.339025 s
currentSize : 27 <-- 0.344522 s

maxsize : 27
nodes : 105137.000000
filtered : 3174617.000000
time : 0.800684
