Parameters: GAD=1 vflib=1 dir=1 label=1 lowerbound=1 fileNameGp=../../cp2016-max-common-connected-subgraph-paper/datasets/graphsdb/mcs30/m2D/m2Dr2/mcs30_m2Dr2_s100.A06 fileNameGt=../../cp2016-max-common-connected-subgraph-paper/datasets/graphsdb/mcs30/m2D/m2Dr2/mcs30_m2Dr2_s100.B06
Reading graphs...
100 : 199
100 : 199
Initializing...
maxdom : 8
D->valSize : 341
Solving...
Blb : 2 (clique : 32)
currentSize : 32 <-- 0.003412 s
currentSize : 33 <-- 0.003825 s
currentSize : 34 <-- 0.006070 s
currentSize : 35 <-- 0.006439 s
currentSize : 36 <-- 0.008485 s
currentSize : 37 <-- 0.023240 s
currentSize : 38 <-- 0.164218 s
currentSize : 39 <-- 0.903647 s
currentSize : 40 <-- 117.377045 s

TIMEOUT
maxsize : 40
nodes : 182884368.000000
filtered : 878222698.000000
time : 1000.000061
