Parameters: GAD=1 vflib=1 dir=1 label=1 lowerbound=1 fileNameGp=../../cp2016-max-common-connected-subgraph-paper/datasets/graphsdb/mcs30/m2D/m2Dr6/mcs30_m2Dr6_s70.A05 fileNameGt=../../cp2016-max-common-connected-subgraph-paper/datasets/graphsdb/mcs30/m2D/m2Dr6/mcs30_m2Dr6_s70.B05
Reading graphs...
70 : 165
70 : 165
Initializing...
maxdom : 7
D->valSize : 331
Solving...
Blb : 2 (clique : 22)
currentSize : 22 <-- 0.002660 s
currentSize : 23 <-- 0.002839 s
currentSize : 26 <-- 0.003168 s
currentSize : 27 <-- 0.003483 s
currentSize : 28 <-- 0.003640 s
currentSize : 29 <-- 0.007130 s
currentSize : 30 <-- 0.018508 s
currentSize : 31 <-- 0.149135 s

maxsize : 31
nodes : 131542247.000000
filtered : 1423530168.000000
time : 707.715637
