Parameters: GAD=1 vflib=1 dir=1 label=1 lowerbound=1 fileNameGp=../../cp2016-max-common-connected-subgraph-paper/datasets/graphsdb/mcs30/m2D/m2Dr6/mcs30_m2Dr6_s50.A04 fileNameGt=../../cp2016-max-common-connected-subgraph-paper/datasets/graphsdb/mcs30/m2D/m2Dr6/mcs30_m2Dr6_s50.B04
Reading graphs...
50 : 115
50 : 115
Initializing...
maxdom : 13
D->valSize : 325
Solving...
Blb : 2 (clique : 15)
currentSize : 15 <-- 0.002163 s
currentSize : 16 <-- 0.014170 s
currentSize : 17 <-- 0.144638 s
currentSize : 18 <-- 0.331859 s
currentSize : 19 <-- 0.343421 s
currentSize : 20 <-- 7.424020 s
currentSize : 21 <-- 76.592606 s
currentSize : 22 <-- 76.604469 s
currentSize : 23 <-- 150.695267 s

maxsize : 23
nodes : 39962224.000000
filtered : 560907571.000000
time : 186.278717
