Parameters: GAD=1 vflib=1 dir=1 label=1 lowerbound=1 fileNameGp=../../cp2016-max-common-connected-subgraph-paper/datasets/graphsdb/mcs30/bvg/b03/mcs30_b03_s80.A09 fileNameGt=../../cp2016-max-common-connected-subgraph-paper/datasets/graphsdb/mcs30/bvg/b03/mcs30_b03_s80.B09
Reading graphs...
80 : 120
80 : 120
Initializing...
maxdom : 10
D->valSize : 416
Solving...
Blb : 5 (clique : 32)
currentSize : 32 <-- 0.004059 s
currentSize : 33 <-- 0.005267 s
currentSize : 34 <-- 0.276303 s
currentSize : 35 <-- 6.309803 s
currentSize : 36 <-- 33.787556 s
currentSize : 37 <-- 202.326080 s
currentSize : 38 <-- 549.142639 s

TIMEOUT
maxsize : 38
nodes : 196873150.000000
filtered : 1571112474.000000
time : 1000.000000
