Parameters: GAD=1 vflib=1 dir=1 label=1 lowerbound=1 fileNameGp=../../cp2016-max-common-connected-subgraph-paper/datasets/graphsdb/mcs30/rand/r01/mcs30_r01_s90.A09 fileNameGt=../../cp2016-max-common-connected-subgraph-paper/datasets/graphsdb/mcs30/rand/r01/mcs30_r01_s90.B09
Reading graphs...
90 : 800
90 : 800
Initializing...
maxdom : 12
D->valSize : 522
Solving...
Blb : 2 (clique : 15)
currentSize : 15 <-- 0.005440 s
currentSize : 16 <-- 0.005618 s
currentSize : 17 <-- 0.021567 s
currentSize : 18 <-- 0.034377 s
currentSize : 19 <-- 0.042170 s
currentSize : 20 <-- 0.255257 s
currentSize : 22 <-- 0.384791 s
currentSize : 24 <-- 26.038395 s
currentSize : 27 <-- 26.043684 s

maxsize : 27
nodes : 5695998.000000
filtered : 116128324.000000
time : 38.754520
