Parameters: GAD=1 vflib=1 dir=1 label=1 lowerbound=1 fileNameGp=../../cp2016-max-common-connected-subgraph-paper/datasets/graphsdb/mcs30/m2D/m2Dr6/mcs30_m2Dr6_s60.A05 fileNameGt=../../cp2016-max-common-connected-subgraph-paper/datasets/graphsdb/mcs30/m2D/m2Dr6/mcs30_m2Dr6_s60.B05
Reading graphs...
60 : 140
60 : 139
Initializing...
maxdom : 8
D->valSize : 228
Solving...
Blb : 2 (clique : 19)
currentSize : 19 <-- 0.001672 s
currentSize : 20 <-- 0.002090 s
currentSize : 21 <-- 1.161960 s
currentSize : 22 <-- 3.384161 s
currentSize : 23 <-- 33.123589 s
currentSize : 24 <-- 132.698898 s
currentSize : 25 <-- 219.175629 s

maxsize : 25
nodes : 56197524.000000
filtered : 429695955.000000
time : 245.969330
