Parameters: GAD=1 vflib=1 dir=1 label=1 lowerbound=1 fileNameGp=../../cp2016-max-common-connected-subgraph-paper/datasets/graphsdb/mcs30/m3D/m3Dr6/mcs30_m3Dr6_s100.A04 fileNameGt=../../cp2016-max-common-connected-subgraph-paper/datasets/graphsdb/mcs30/m3D/m3Dr6/mcs30_m3Dr6_s100.B04
Reading graphs...
100 : 295
100 : 294
Initializing...
maxdom : 7
D->valSize : 324
Solving...
Blb : 3 (clique : 26)
currentSize : 26 <-- 0.003075 s
currentSize : 27 <-- 0.010148 s
currentSize : 28 <-- 0.046127 s
currentSize : 29 <-- 4.664601 s
currentSize : 30 <-- 253.883591 s
currentSize : 31 <-- 484.724060 s
currentSize : 32 <-- 486.095886 s

TIMEOUT
maxsize : 32
nodes : 184414657.000000
filtered : 1124041738.000000
time : 1000.000000
