Parameters: GAD=1 vflib=1 dir=1 label=1 lowerbound=1 fileNameGp=../../cp2016-max-common-connected-subgraph-paper/datasets/graphsdb/mcs30/m2D/m2Dr4/mcs30_m2Dr4_s60.A03 fileNameGt=../../cp2016-max-common-connected-subgraph-paper/datasets/graphsdb/mcs30/m2D/m2Dr4/mcs30_m2Dr4_s60.B03
Reading graphs...
60 : 128
60 : 128
Initializing...
maxdom : 6
D->valSize : 247
Solving...
Blb : 2 (clique : 18)
currentSize : 18 <-- 0.001709 s
currentSize : 19 <-- 0.002088 s
currentSize : 20 <-- 0.003414 s
currentSize : 21 <-- 0.484740 s
currentSize : 22 <-- 2.209840 s
currentSize : 23 <-- 2.226420 s
currentSize : 24 <-- 54.421631 s
currentSize : 25 <-- 165.672867 s
currentSize : 26 <-- 196.353027 s

maxsize : 26
nodes : 68091246.000000
filtered : 514310476.000000
time : 299.585663
