Parameters: GAD=1 vflib=1 dir=1 label=1 lowerbound=1 fileNameGp=../../cp2016-max-common-connected-subgraph-paper/datasets/graphsdb/mcs30/bvg/b09/mcs30_b09_s60.A05 fileNameGt=../../cp2016-max-common-connected-subgraph-paper/datasets/graphsdb/mcs30/bvg/b09/mcs30_b09_s60.B05
Reading graphs...
60 : 270
60 : 270
Initializing...
maxdom : 7
D->valSize : 234
Solving...
Blb : 2 (clique : 13)
currentSize : 13 <-- 0.001559 s
currentSize : 14 <-- 0.003094 s
currentSize : 15 <-- 0.012264 s
currentSize : 16 <-- 0.035443 s
currentSize : 17 <-- 0.873268 s
currentSize : 18 <-- 1.503933 s
currentSize : 19 <-- 1.992447 s
currentSize : 20 <-- 3.822453 s
currentSize : 21 <-- 3.868553 s

maxsize : 21
nodes : 1730082.000000
filtered : 15644456.000000
time : 7.767989
