Parameters: GAD=1 vflib=1 dir=1 label=1 lowerbound=1 fileNameGp=../../cp2016-max-common-connected-subgraph-paper/datasets/graphsdb/mcs30/rand/r005/mcs30_r005_s80.A09 fileNameGt=../../cp2016-max-common-connected-subgraph-paper/datasets/graphsdb/mcs30/rand/r005/mcs30_r005_s80.B09
Reading graphs...
80 : 315
80 : 315
Initializing...
maxdom : 10
D->valSize : 442
Solving...
Blb : 2 (clique : 21)
currentSize : 21 <-- 0.006838 s
currentSize : 23 <-- 0.009161 s
currentSize : 24 <-- 0.369002 s
currentSize : 25 <-- 10.506292 s
currentSize : 26 <-- 32.800415 s
currentSize : 27 <-- 197.299545 s
currentSize : 28 <-- 197.634918 s

TIMEOUT
maxsize : 28
nodes : 170809542.000000
filtered : 2307990179.000000
time : 1000.000000
