Parameters: GAD=1 vflib=1 dir=1 label=1 lowerbound=1 fileNameGp=../../cp2016-max-common-connected-subgraph-paper/datasets/graphsdb/mcs30/bvg/b03m/mcs30_b03m_s100.A04 fileNameGt=../../cp2016-max-common-connected-subgraph-paper/datasets/graphsdb/mcs30/bvg/b03m/mcs30_b03m_s100.B04
Reading graphs...
100 : 150
100 : 150
Initializing...
maxdom : 7
D->valSize : 337
Solving...
Blb : 2 (clique : 41)
currentSize : 41 <-- 0.003556 s
currentSize : 42 <-- 0.004009 s
currentSize : 43 <-- 0.004244 s
currentSize : 44 <-- 0.004478 s
currentSize : 45 <-- 0.067660 s
currentSize : 46 <-- 1.786249 s
currentSize : 47 <-- 13.190028 s
currentSize : 48 <-- 74.840019 s

TIMEOUT
maxsize : 48
nodes : 188540620.000000
filtered : 891824788.000000
time : 1000.000061
