Parameters: GAD=1 vflib=1 dir=1 label=1 lowerbound=1 fileNameGp=../../cp2016-max-common-connected-subgraph-paper/datasets/graphsdb/mcs30/bvg/b09m/mcs30_b09m_s80.A08 fileNameGt=../../cp2016-max-common-connected-subgraph-paper/datasets/graphsdb/mcs30/bvg/b09m/mcs30_b09m_s80.B08
Reading graphs...
80 : 360
80 : 360
Initializing...
maxdom : 11
D->valSize : 447
Solving...
Blb : 2 (clique : 19)
currentSize : 19 <-- 0.006975 s
currentSize : 20 <-- 0.007212 s
currentSize : 21 <-- 0.007308 s
currentSize : 22 <-- 0.007844 s
currentSize : 23 <-- 0.015253 s
currentSize : 24 <-- 0.016054 s
currentSize : 25 <-- 0.061002 s
currentSize : 26 <-- 0.092552 s
currentSize : 27 <-- 41.371483 s
currentSize : 28 <-- 50.465286 s

TIMEOUT
maxsize : 28
nodes : 156029238.000000
filtered : 2737669287.000000
time : 1000.000061
