Parameters: GAD=1 vflib=1 dir=1 label=1 lowerbound=1 fileNameGp=../../cp2016-max-common-connected-subgraph-paper/datasets/graphsdb/mcs30/bvg/b03/mcs30_b03_s80.A05 fileNameGt=../../cp2016-max-common-connected-subgraph-paper/datasets/graphsdb/mcs30/bvg/b03/mcs30_b03_s80.B05
Reading graphs...
80 : 120
80 : 120
Initializing...
maxdom : 9
D->valSize : 387
Solving...
Blb : 2 (clique : 29)
currentSize : 29 <-- 0.003630 s
currentSize : 32 <-- 0.003825 s
currentSize : 33 <-- 0.005878 s
currentSize : 34 <-- 0.006390 s
currentSize : 35 <-- 15.507013 s
currentSize : 36 <-- 311.610931 s

TIMEOUT
maxsize : 36
nodes : 209757549.000000
filtered : 1275862869.000000
time : 1000.000061
