Parameters: GAD=1 vflib=1 dir=1 label=1 lowerbound=1 fileNameGp=../../cp2016-max-common-connected-subgraph-paper/datasets/graphsdb/mcs30/m2D/m2D/mcs30_m2D_s60.A08 fileNameGt=../../cp2016-max-common-connected-subgraph-paper/datasets/graphsdb/mcs30/m2D/m2D/mcs30_m2D_s60.B08
Reading graphs...
60 : 104
60 : 104
Initializing...
maxdom : 8
D->valSize : 253
Solving...
Blb : 2 (clique : 21)
currentSize : 21 <-- 0.001686 s
currentSize : 22 <-- 0.001898 s
currentSize : 23 <-- 0.002312 s
currentSize : 24 <-- 0.501235 s
currentSize : 25 <-- 1.929442 s
currentSize : 26 <-- 393.345947 s

TIMEOUT
maxsize : 26
nodes : 240842632.000000
filtered : 1717772903.000000
time : 1000.000000
