Parameters: GAD=1 vflib=1 dir=1 label=1 lowerbound=1 fileNameGp=../../cp2016-max-common-connected-subgraph-paper/datasets/graphsdb/mcs30/rand/r02/mcs30_r02_s80.A07 fileNameGt=../../cp2016-max-common-connected-subgraph-paper/datasets/graphsdb/mcs30/rand/r02/mcs30_r02_s80.B07
Reading graphs...
80 : 1263
80 : 1263
Initializing...
maxdom : 13
D->valSize : 396
Solving...
Blb : 2 (clique : 7)
currentSize : 7 <-- 0.005053 s
currentSize : 8 <-- 0.005320 s
currentSize : 9 <-- 0.005811 s
currentSize : 10 <-- 0.010104 s
currentSize : 11 <-- 0.011753 s
currentSize : 12 <-- 0.011889 s
currentSize : 13 <-- 0.012885 s
currentSize : 14 <-- 0.019689 s
currentSize : 17 <-- 0.117445 s
currentSize : 24 <-- 0.117561 s

maxsize : 24
nodes : 24682.000000
filtered : 536716.000000
time : 0.182987
