Parameters: GAD=1 vflib=1 dir=1 label=1 lowerbound=1 fileNameGp=../../cp2016-max-common-connected-subgraph-paper/datasets/graphsdb/mcs30/m4D/m4Dr6/mcs30_m4Dr6_s60.A06 fileNameGt=../../cp2016-max-common-connected-subgraph-paper/datasets/graphsdb/mcs30/m4D/m4Dr6/mcs30_m4Dr6_s60.B06
Reading graphs...
60 : 138
60 : 136
Initializing...
maxdom : 8
D->valSize : 219
Solving...
Blb : 2 (clique : 20)
currentSize : 20 <-- 0.001563 s
currentSize : 21 <-- 0.001752 s
currentSize : 22 <-- 0.042356 s
currentSize : 23 <-- 0.250073 s
currentSize : 24 <-- 26.574644 s
currentSize : 25 <-- 207.570526 s

maxsize : 25
nodes : 64701551.000000
filtered : 409375363.000000
time : 269.844086
