Parameters: GAD=1 vflib=1 dir=1 label=1 lowerbound=1 fileNameGp=../../cp2016-max-common-connected-subgraph-paper/datasets/graphsdb/mcs30/bvg/b09/mcs30_b09_s90.A00 fileNameGt=../../cp2016-max-common-connected-subgraph-paper/datasets/graphsdb/mcs30/bvg/b09/mcs30_b09_s90.B00
Reading graphs...
90 : 405
90 : 405
Initializing...
maxdom : 13
D->valSize : 528
Solving...
Blb : 3 (clique : 22)
currentSize : 22 <-- 0.005648 s
currentSize : 23 <-- 1.184946 s
currentSize : 24 <-- 19.347719 s
currentSize : 25 <-- 19.347998 s
currentSize : 26 <-- 20.366100 s
currentSize : 27 <-- 149.675995 s
currentSize : 28 <-- 320.822540 s

TIMEOUT
maxsize : 28
nodes : 164171579.000000
filtered : 2134573937.000000
time : 1000.000000
