Parameters: GAD=1 vflib=1 dir=1 label=1 lowerbound=1 fileNameGp=../../cp2016-max-common-connected-subgraph-paper/datasets/graphsdb/mcs30/m4D/m4Dr6/mcs30_m4Dr6_s50.A00 fileNameGt=../../cp2016-max-common-connected-subgraph-paper/datasets/graphsdb/mcs30/m4D/m4Dr6/mcs30_m4Dr6_s50.B00
Reading graphs...
50 : 117
50 : 116
Initializing...
maxdom : 8
D->valSize : 340
Solving...
Blb : 2 (clique : 17)
currentSize : 17 <-- 0.003988 s
currentSize : 18 <-- 0.004153 s
currentSize : 19 <-- 0.327697 s
currentSize : 20 <-- 0.385627 s
currentSize : 21 <-- 0.994206 s
currentSize : 22 <-- 96.904541 s

maxsize : 22
nodes : 93446531.000000
filtered : 1183259490.000000
time : 418.927185
