Parameters: GAD=1 vflib=1 dir=1 label=1 lowerbound=1 fileNameGp=../../cp2016-max-common-connected-subgraph-paper/datasets/graphsdb/mcs30/bvg/b06/mcs30_b06_s80.A05 fileNameGt=../../cp2016-max-common-connected-subgraph-paper/datasets/graphsdb/mcs30/bvg/b06/mcs30_b06_s80.B05
Reading graphs...
80 : 240
80 : 240
Initializing...
maxdom : 9
D->valSize : 409
Solving...
Blb : 2 (clique : 21)
currentSize : 21 <-- 0.006177 s
currentSize : 22 <-- 0.006431 s
currentSize : 23 <-- 0.009758 s
currentSize : 24 <-- 0.014937 s
currentSize : 25 <-- 0.031447 s
currentSize : 26 <-- 0.118690 s
currentSize : 27 <-- 2.891781 s
currentSize : 28 <-- 11.102605 s
currentSize : 29 <-- 32.039925 s

TIMEOUT
maxsize : 29
nodes : 180142588.000000
filtered : 1944419863.000000
time : 1000.000000
