Parameters: GAD=1 vflib=1 dir=1 label=1 lowerbound=1 fileNameGp=../../cp2016-max-common-connected-subgraph-paper/datasets/graphsdb/mcs30/m2D/m2D/mcs30_m2D_s60.A04 fileNameGt=../../cp2016-max-common-connected-subgraph-paper/datasets/graphsdb/mcs30/m2D/m2D/mcs30_m2D_s60.B04
Reading graphs...
60 : 104
60 : 104
Initializing...
maxdom : 8
D->valSize : 236
Solving...
Blb : 2 (clique : 20)
currentSize : 20 <-- 0.001751 s
currentSize : 21 <-- 0.001919 s
currentSize : 22 <-- 0.349412 s
currentSize : 23 <-- 4.343644 s
currentSize : 24 <-- 24.714569 s
currentSize : 25 <-- 85.461281 s

TIMEOUT
maxsize : 25
nodes : 221438132.000000
filtered : 1901490158.000000
time : 1000.000000
