Parameters: GAD=1 vflib=1 dir=1 label=1 lowerbound=1 fileNameGp=../../cp2016-max-common-connected-subgraph-paper/datasets/graphsdb/mcs30/m2D/m2D/mcs30_m2D_s60.A05 fileNameGt=../../cp2016-max-common-connected-subgraph-paper/datasets/graphsdb/mcs30/m2D/m2D/mcs30_m2D_s60.B05
Reading graphs...
60 : 104
60 : 104
Initializing...
maxdom : 9
D->valSize : 234
Solving...
Blb : 2 (clique : 20)
currentSize : 20 <-- 0.001690 s
currentSize : 21 <-- 0.001902 s
currentSize : 22 <-- 0.007637 s
currentSize : 23 <-- 0.019087 s
currentSize : 24 <-- 0.049512 s
currentSize : 25 <-- 0.771936 s
currentSize : 26 <-- 1.285934 s
currentSize : 27 <-- 1.587095 s
currentSize : 28 <-- 3.141007 s

maxsize : 28
nodes : 32096335.000000
filtered : 218366560.000000
time : 140.405914
