Parameters: GAD=1 vflib=1 dir=1 label=1 lowerbound=1 fileNameGp=../../cp2016-max-common-connected-subgraph-paper/datasets/graphsdb/mcs30/m4D/m4D/mcs30_m4D_s60.A08 fileNameGt=../../cp2016-max-common-connected-subgraph-paper/datasets/graphsdb/mcs30/m4D/m4D/mcs30_m4D_s60.B08
Reading graphs...
60 : 102
60 : 102
Initializing...
maxdom : 6
D->valSize : 228
Solving...
Blb : 2 (clique : 20)
currentSize : 20 <-- 0.002515 s
currentSize : 22 <-- 0.002683 s
currentSize : 23 <-- 0.004347 s
currentSize : 24 <-- 0.068506 s
currentSize : 25 <-- 0.068689 s
currentSize : 26 <-- 0.201108 s
currentSize : 27 <-- 32.407406 s
currentSize : 28 <-- 134.389664 s

maxsize : 28
nodes : 46378946.000000
filtered : 356121906.000000
time : 205.439499
