Parameters: GAD=1 vflib=1 dir=1 label=1 lowerbound=1 fileNameGp=../../cp2016-max-common-connected-subgraph-paper/datasets/graphsdb/mcs30/m4D/m4Dr6/mcs30_m4Dr6_s60.A07 fileNameGt=../../cp2016-max-common-connected-subgraph-paper/datasets/graphsdb/mcs30/m4D/m4Dr6/mcs30_m4Dr6_s60.B07
Reading graphs...
60 : 138
60 : 135
Initializing...
maxdom : 8
D->valSize : 234
Solving...
Blb : 2 (clique : 16)
currentSize : 16 <-- 0.001587 s
currentSize : 17 <-- 0.001701 s
currentSize : 18 <-- 0.001798 s
currentSize : 19 <-- 0.001884 s
currentSize : 20 <-- 0.003452 s
currentSize : 21 <-- 0.053525 s
currentSize : 22 <-- 0.191249 s
currentSize : 23 <-- 23.938601 s
currentSize : 24 <-- 111.799026 s

maxsize : 24
nodes : 53428127.000000
filtered : 527530973.000000
time : 252.100052
