Parameters: GAD=1 vflib=1 dir=1 label=1 lowerbound=1 fileNameGp=../../cp2016-max-common-connected-subgraph-paper/datasets/graphsdb/mcs30/rand/r005/mcs30_r005_s80.A06 fileNameGt=../../cp2016-max-common-connected-subgraph-paper/datasets/graphsdb/mcs30/rand/r005/mcs30_r005_s80.B06
Reading graphs...
80 : 315
80 : 315
Initializing...
maxdom : 9
D->valSize : 457
Solving...
Blb : 2 (clique : 22)
currentSize : 22 <-- 0.004319 s
currentSize : 23 <-- 0.009240 s
currentSize : 24 <-- 3.209132 s
currentSize : 25 <-- 3.602188 s
currentSize : 26 <-- 243.117447 s
currentSize : 27 <-- 243.180740 s

TIMEOUT
maxsize : 27
nodes : 178759095.000000
filtered : 1982705337.000000
time : 1000.000000
