Parameters: GAD=1 vflib=1 dir=1 label=1 lowerbound=1 fileNameGp=../../cp2016-max-common-connected-subgraph-paper/datasets/graphsdb/mcs30/m4D/m4Dr6/mcs30_m4Dr6_s70.A04 fileNameGt=../../cp2016-max-common-connected-subgraph-paper/datasets/graphsdb/mcs30/m4D/m4Dr6/mcs30_m4Dr6_s70.B04
Reading graphs...
70 : 160
70 : 158
Initializing...
maxdom : 8
D->valSize : 305
Solving...
Blb : 2 (clique : 21)
currentSize : 21 <-- 0.002534 s
currentSize : 22 <-- 0.018077 s
currentSize : 23 <-- 0.356495 s
currentSize : 24 <-- 0.718431 s
currentSize : 25 <-- 22.267208 s
currentSize : 26 <-- 60.067200 s

TIMEOUT
maxsize : 26
nodes : 219870441.000000
filtered : 1482085638.000000
time : 1000.000000
