Parameters: GAD=1 vflib=1 dir=1 label=1 lowerbound=1 fileNameGp=../../cp2016-max-common-connected-subgraph-paper/datasets/graphsdb/mcs30/bvg/b06/mcs30_b06_s70.A01 fileNameGt=../../cp2016-max-common-connected-subgraph-paper/datasets/graphsdb/mcs30/bvg/b06/mcs30_b06_s70.B01
Reading graphs...
70 : 210
70 : 210
Initializing...
maxdom : 8
D->valSize : 323
Solving...
Blb : 3 (clique : 22)
currentSize : 22 <-- 0.002663 s
currentSize : 23 <-- 4.446325 s
currentSize : 24 <-- 172.494278 s
currentSize : 25 <-- 399.194794 s
currentSize : 26 <-- 407.609100 s
currentSize : 27 <-- 682.596741 s

TIMEOUT
maxsize : 27
nodes : 200011134.000000
filtered : 1874437672.000000
time : 1000.000000
