Parameters: GAD=1 vflib=1 dir=1 label=1 lowerbound=1 fileNameGp=../../cp2016-max-common-connected-subgraph-paper/datasets/graphsdb/mcs30/m3D/m3Dr6/mcs30_m3Dr6_s70.A09 fileNameGt=../../cp2016-max-common-connected-subgraph-paper/datasets/graphsdb/mcs30/m3D/m3Dr6/mcs30_m3Dr6_s70.B09
Reading graphs...
70 : 201
70 : 198
Initializing...
maxdom : 7
D->valSize : 315
Solving...
Blb : 3 (clique : 23)
currentSize : 23 <-- 0.003860 s
currentSize : 26 <-- 0.004075 s
currentSize : 27 <-- 0.004265 s
currentSize : 28 <-- 0.008698 s
currentSize : 29 <-- 0.027162 s
currentSize : 30 <-- 0.112480 s
currentSize : 31 <-- 13.952246 s

maxsize : 31
nodes : 12191761.000000
filtered : 126444266.000000
time : 64.634560
