Parameters: GAD=1 vflib=1 dir=1 label=1 lowerbound=1 fileNameGp=../../cp2016-max-common-connected-subgraph-paper/datasets/graphsdb/mcs30/m3D/m3Dr4/mcs30_m3Dr4_s80.A06 fileNameGt=../../cp2016-max-common-connected-subgraph-paper/datasets/graphsdb/mcs30/m3D/m3Dr4/mcs30_m3Dr4_s80.B06
Reading graphs...
80 : 216
80 : 213
Initializing...
maxdom : 8
D->valSize : 405
Solving...
Blb : 2 (clique : 24)
currentSize : 24 <-- 0.003753 s
currentSize : 25 <-- 0.003939 s
currentSize : 26 <-- 0.004042 s
currentSize : 27 <-- 0.004915 s
currentSize : 28 <-- 0.005229 s
currentSize : 29 <-- 1.104418 s
currentSize : 30 <-- 156.117447 s

TIMEOUT
maxsize : 30
nodes : 169988261.000000
filtered : 1452122003.000000
time : 1000.000000
