Parameters: GAD=1 vflib=1 dir=1 label=1 lowerbound=1 fileNameGp=../../cp2016-max-common-connected-subgraph-paper/datasets/graphsdb/mcs30/m3D/m3D/mcs30_m3D_s100.A07 fileNameGt=../../cp2016-max-common-connected-subgraph-paper/datasets/graphsdb/mcs30/m3D/m3D/mcs30_m3D_s100.B07
Reading graphs...
100 : 235
100 : 235
Initializing...
maxdom : 7
D->valSize : 325
Solving...
Blb : 2 (clique : 27)
currentSize : 27 <-- 0.003122 s
currentSize : 28 <-- 0.003491 s
currentSize : 29 <-- 0.011879 s
currentSize : 30 <-- 0.023376 s
currentSize : 32 <-- 0.038123 s
currentSize : 33 <-- 3.260533 s
currentSize : 34 <-- 15.486424 s
currentSize : 35 <-- 159.385681 s

TIMEOUT
maxsize : 35
nodes : 187714606.000000
filtered : 902939250.000000
time : 1000.000000
