Parameters: GAD=1 vflib=1 dir=1 label=1 lowerbound=1 fileNameGp=../../cp2016-max-common-connected-subgraph-paper/datasets/graphsdb/mcs30/rand/r005/mcs30_r005_s70.A09 fileNameGt=../../cp2016-max-common-connected-subgraph-paper/datasets/graphsdb/mcs30/rand/r005/mcs30_r005_s70.B09
Reading graphs...
70 : 240
70 : 240
Initializing...
maxdom : 10
D->valSize : 296
Solving...
Blb : 2 (clique : 18)
currentSize : 18 <-- 0.002310 s
currentSize : 19 <-- 0.021463 s
currentSize : 20 <-- 0.079402 s
currentSize : 21 <-- 3.801618 s
currentSize : 22 <-- 3.999814 s
currentSize : 23 <-- 23.444595 s
currentSize : 24 <-- 179.135727 s

maxsize : 24
nodes : 84055282.000000
filtered : 776330749.000000
time : 418.694427
