Parameters: GAD=1 vflib=1 dir=1 label=1 lowerbound=1 fileNameGp=../../cp2016-max-common-connected-subgraph-paper/datasets/graphsdb/mcs30/m3D/m3Dr4/mcs30_m3Dr4_s100.A07 fileNameGt=../../cp2016-max-common-connected-subgraph-paper/datasets/graphsdb/mcs30/m3D/m3Dr4/mcs30_m3Dr4_s100.B07
Reading graphs...
100 : 275
100 : 274
Initializing...
maxdom : 7
D->valSize : 341
Solving...
Blb : 2 (clique : 29)
currentSize : 29 <-- 0.003397 s
currentSize : 30 <-- 0.005901 s
currentSize : 31 <-- 0.014194 s
currentSize : 32 <-- 0.323936 s
currentSize : 33 <-- 0.334357 s
currentSize : 34 <-- 7.076151 s

TIMEOUT
maxsize : 34
nodes : 173019306.000000
filtered : 1082649040.000000
time : 1000.000000
