Parameters: GAD=1 vflib=1 dir=1 label=1 lowerbound=1 fileNameGp=../../cp2016-max-common-connected-subgraph-paper/datasets/graphsdb/mcs30/m4D/m4D/mcs30_m4D_s50.A08 fileNameGt=../../cp2016-max-common-connected-subgraph-paper/datasets/graphsdb/mcs30/m4D/m4D/mcs30_m4D_s50.B08
Reading graphs...
50 : 87
50 : 87
Initializing...
maxdom : 10
D->valSize : 321
Solving...
Blb : 2 (clique : 19)
currentSize : 19 <-- 0.003725 s
currentSize : 20 <-- 0.003883 s
currentSize : 21 <-- 0.003953 s
currentSize : 22 <-- 0.007138 s
currentSize : 23 <-- 0.062154 s
currentSize : 24 <-- 3.128239 s
currentSize : 25 <-- 20.086229 s
currentSize : 26 <-- 842.424316 s

TIMEOUT
maxsize : 26
nodes : 243118326.000000
filtered : 2515050646.000000
time : 1000.000000
