Parameters: GAD=1 vflib=1 dir=1 label=1 lowerbound=1 fileNameGp=../../cp2016-max-common-connected-subgraph-paper/datasets/graphsdb/mcs30/m2D/m2D/mcs30_m2D_s60.A07 fileNameGt=../../cp2016-max-common-connected-subgraph-paper/datasets/graphsdb/mcs30/m2D/m2D/mcs30_m2D_s60.B07
Reading graphs...
60 : 104
60 : 104
Initializing...
maxdom : 6
D->valSize : 231
Solving...
Blb : 2 (clique : 20)
currentSize : 20 <-- 0.001655 s
currentSize : 21 <-- 0.003221 s
currentSize : 22 <-- 0.257736 s
currentSize : 23 <-- 13.781789 s
currentSize : 24 <-- 93.982124 s
currentSize : 25 <-- 112.998543 s
currentSize : 26 <-- 113.548447 s
currentSize : 27 <-- 328.666779 s
currentSize : 28 <-- 328.681091 s
currentSize : 29 <-- 328.681213 s

maxsize : 29
nodes : 108466087.000000
filtered : 748223071.000000
time : 458.871155
