Parameters: GAD=1 vflib=1 dir=1 label=1 lowerbound=1 fileNameGp=../../cp2016-max-common-connected-subgraph-paper/datasets/graphsdb/mcs30/bvg/b03m/mcs30_b03m_s100.A05 fileNameGt=../../cp2016-max-common-connected-subgraph-paper/datasets/graphsdb/mcs30/bvg/b03m/mcs30_b03m_s100.B05
Reading graphs...
100 : 150
100 : 150
Initializing...
maxdom : 7
D->valSize : 361
Solving...
Blb : 3 (clique : 37)
currentSize : 37 <-- 0.003831 s
currentSize : 39 <-- 0.008020 s
currentSize : 40 <-- 0.008366 s
currentSize : 41 <-- 0.028110 s
currentSize : 42 <-- 0.053980 s
currentSize : 43 <-- 54.307350 s
currentSize : 44 <-- 758.111877 s

TIMEOUT
maxsize : 44
nodes : 199227741.000000
filtered : 745736104.000000
time : 1000.000061
