Parameters: GAD=1 vflib=1 dir=1 label=1 lowerbound=1 fileNameGp=../../cp2016-max-common-connected-subgraph-paper/datasets/graphsdb/mcs30/m2D/m2Dr4/mcs30_m2Dr4_s90.A07 fileNameGt=../../cp2016-max-common-connected-subgraph-paper/datasets/graphsdb/mcs30/m2D/m2Dr4/mcs30_m2Dr4_s90.B07
Reading graphs...
90 : 197
90 : 197
Initializing...
maxdom : 10
D->valSize : 529
Solving...
Blb : 2 (clique : 31)
currentSize : 31 <-- 0.006001 s
currentSize : 32 <-- 0.007627 s
currentSize : 33 <-- 0.015339 s
currentSize : 34 <-- 0.052090 s
currentSize : 35 <-- 0.065425 s
currentSize : 36 <-- 75.712761 s

TIMEOUT
maxsize : 36
nodes : 193041453.000000
filtered : 1102169742.000000
time : 1000.000000
