Parameters: GAD=1 vflib=1 dir=1 label=1 lowerbound=1 fileNameGp=../../cp2016-max-common-connected-subgraph-paper/datasets/graphsdb/mcs30/bvg/b09/mcs30_b09_s80.A00 fileNameGt=../../cp2016-max-common-connected-subgraph-paper/datasets/graphsdb/mcs30/bvg/b09/mcs30_b09_s80.B00
Reading graphs...
80 : 360
80 : 360
Initializing...
maxdom : 10
D->valSize : 437
Solving...
Blb : 3 (clique : 22)
currentSize : 22 <-- 0.006785 s
currentSize : 23 <-- 16.346159 s
currentSize : 24 <-- 16.347984 s
currentSize : 25 <-- 16.359339 s
currentSize : 26 <-- 18.868776 s
currentSize : 27 <-- 130.767517 s
currentSize : 28 <-- 284.624939 s

TIMEOUT
maxsize : 28
nodes : 200045104.000000
filtered : 1506350032.000000
time : 1000.000000
