Parameters: GAD=1 vflib=1 dir=1 label=1 lowerbound=1 fileNameGp=../../cp2016-max-common-connected-subgraph-paper/datasets/graphsdb/mcs30/m2D/m2Dr2/mcs30_m2Dr2_s100.A00 fileNameGt=../../cp2016-max-common-connected-subgraph-paper/datasets/graphsdb/mcs30/m2D/m2Dr2/mcs30_m2Dr2_s100.B00
Reading graphs...
100 : 200
100 : 199
Initializing...
maxdom : 7
D->valSize : 339
Solving...
Blb : 5 (clique : 29)
currentSize : 29 <-- 0.003225 s
currentSize : 30 <-- 0.003694 s
currentSize : 31 <-- 0.010151 s
currentSize : 32 <-- 0.028259 s
currentSize : 33 <-- 7.197079 s
currentSize : 34 <-- 7.294651 s
currentSize : 35 <-- 121.556976 s
currentSize : 36 <-- 121.903046 s
currentSize : 37 <-- 142.990891 s
currentSize : 38 <-- 610.666199 s
currentSize : 39 <-- 679.195435 s

TIMEOUT
maxsize : 39
nodes : 190423988.000000
filtered : 889620082.000000
time : 1000.000061
