Parameters: GAD=1 vflib=1 dir=1 label=1 lowerbound=1 fileNameGp=../../cp2016-max-common-connected-subgraph-paper/datasets/graphsdb/mcs30/m4D/m4Dr6/mcs30_m4Dr6_s80.A04 fileNameGt=../../cp2016-max-common-connected-subgraph-paper/datasets/graphsdb/mcs30/m4D/m4Dr6/mcs30_m4Dr6_s80.B04
Reading graphs...
80 : 179
80 : 178
Initializing...
maxdom : 9
D->valSize : 420
Solving...
Blb : 2 (clique : 24)
currentSize : 24 <-- 0.003870 s
currentSize : 26 <-- 0.004052 s
currentSize : 27 <-- 0.004150 s
currentSize : 28 <-- 0.005199 s
currentSize : 29 <-- 0.199030 s
currentSize : 30 <-- 20.351616 s
currentSize : 31 <-- 615.543335 s

TIMEOUT
maxsize : 31
nodes : 201830064.000000
filtered : 1336172551.000000
time : 1000.000000
