Parameters: GAD=1 vflib=1 dir=1 label=1 lowerbound=1 fileNameGp=../../cp2016-max-common-connected-subgraph-paper/datasets/graphsdb/mcs30/bvg/b09/mcs30_b09_s60.A07 fileNameGt=../../cp2016-max-common-connected-subgraph-paper/datasets/graphsdb/mcs30/bvg/b09/mcs30_b09_s60.B07
Reading graphs...
60 : 270
60 : 270
Initializing...
maxdom : 8
D->valSize : 246
Solving...
Blb : 3 (clique : 15)
currentSize : 15 <-- 0.002496 s
currentSize : 16 <-- 1.846291 s
currentSize : 17 <-- 3.371640 s
currentSize : 18 <-- 3.379529 s
currentSize : 19 <-- 3.379562 s
currentSize : 20 <-- 3.379975 s
currentSize : 21 <-- 3.434725 s

maxsize : 21
nodes : 1281792.000000
filtered : 11914045.000000
time : 5.626478
