Parameters: GAD=1 vflib=1 dir=1 label=1 lowerbound=1 fileNameGp=../../cp2016-max-common-connected-subgraph-paper/datasets/graphsdb/mcs30/m3D/m3D/mcs30_m3D_s70.A03 fileNameGt=../../cp2016-max-common-connected-subgraph-paper/datasets/graphsdb/mcs30/m3D/m3D/mcs30_m3D_s70.B03
Reading graphs...
70 : 159
70 : 159
Initializing...
maxdom : 9
D->valSize : 349
Solving...
Blb : 2 (clique : 24)
currentSize : 24 <-- 0.002837 s
currentSize : 25 <-- 0.005485 s
currentSize : 26 <-- 0.022784 s
currentSize : 27 <-- 0.084953 s
currentSize : 28 <-- 0.107891 s
currentSize : 29 <-- 0.129137 s
currentSize : 30 <-- 1.756291 s
currentSize : 31 <-- 1.756457 s

maxsize : 31
nodes : 15070114.000000
filtered : 208093833.000000
time : 87.038803
