Parameters: GAD=1 vflib=1 dir=1 label=1 lowerbound=1 fileNameGp=../../cp2016-max-common-connected-subgraph-paper/datasets/graphsdb/mcs30/m4D/m4Dr6/mcs30_m4Dr6_s90.A07 fileNameGt=../../cp2016-max-common-connected-subgraph-paper/datasets/graphsdb/mcs30/m4D/m4Dr6/mcs30_m4Dr6_s90.B07
Reading graphs...
90 : 200
90 : 199
Initializing...
maxdom : 12
D->valSize : 530
Solving...
Blb : 3 (clique : 31)
currentSize : 31 <-- 0.009879 s
currentSize : 32 <-- 0.014843 s
currentSize : 33 <-- 0.185850 s
currentSize : 34 <-- 0.919284 s
currentSize : 35 <-- 69.985161 s
currentSize : 36 <-- 626.067566 s

TIMEOUT
maxsize : 36
nodes : 203751879.000000
filtered : 1084491535.000000
time : 1000.000000
