Parameters: GAD=1 vflib=1 dir=1 label=1 lowerbound=1 fileNameGp=../../cp2016-max-common-connected-subgraph-paper/datasets/graphsdb/mcs30/m4D/m4Dr4/mcs30_m4Dr4_s60.A03 fileNameGt=../../cp2016-max-common-connected-subgraph-paper/datasets/graphsdb/mcs30/m4D/m4Dr4/mcs30_m4Dr4_s60.B03
Reading graphs...
60 : 126
60 : 125
Initializing...
maxdom : 8
D->valSize : 272
Solving...
Blb : 2 (clique : 20)
currentSize : 20 <-- 0.002945 s
currentSize : 21 <-- 0.003150 s
currentSize : 22 <-- 0.003396 s
currentSize : 23 <-- 0.010169 s
currentSize : 24 <-- 0.077306 s
currentSize : 25 <-- 2.782564 s

TIMEOUT
maxsize : 25
nodes : 232701309.000000
filtered : 1952618966.000000
time : 1000.000000
