Parameters: GAD=1 vflib=1 dir=1 label=1 lowerbound=1 fileNameGp=../../cp2016-max-common-connected-subgraph-paper/datasets/graphsdb/mcs30/bvg/b09/mcs30_b09_s70.A00 fileNameGt=../../cp2016-max-common-connected-subgraph-paper/datasets/graphsdb/mcs30/bvg/b09/mcs30_b09_s70.B00
Reading graphs...
70 : 315
70 : 315
Initializing...
maxdom : 8
D->valSize : 338
Solving...
Blb : 3 (clique : 14)
currentSize : 14 <-- 0.002690 s
currentSize : 15 <-- 0.016095 s
currentSize : 16 <-- 0.026239 s
currentSize : 17 <-- 0.257435 s
currentSize : 18 <-- 1.279351 s
currentSize : 19 <-- 1.526505 s
currentSize : 20 <-- 3.544693 s
currentSize : 21 <-- 3.544762 s
currentSize : 22 <-- 3.546046 s
currentSize : 23 <-- 3.816338 s
currentSize : 24 <-- 42.491962 s

maxsize : 24
nodes : 22302109.000000
filtered : 259435938.000000
time : 116.938637
