Parameters: GAD=1 vflib=1 dir=1 label=1 lowerbound=1 fileNameGp=../../cp2016-max-common-connected-subgraph-paper/datasets/graphsdb/mcs30/m3D/m3Dr4/mcs30_m3Dr4_s70.A00 fileNameGt=../../cp2016-max-common-connected-subgraph-paper/datasets/graphsdb/mcs30/m3D/m3Dr4/mcs30_m3Dr4_s70.B00
Reading graphs...
70 : 187
70 : 187
Initializing...
maxdom : 7
D->valSize : 325
Solving...
Blb : 2 (clique : 20)
currentSize : 20 <-- 0.002633 s
currentSize : 21 <-- 0.004859 s
currentSize : 22 <-- 0.005692 s
currentSize : 23 <-- 0.009605 s
currentSize : 24 <-- 0.739796 s
currentSize : 25 <-- 1.024579 s
currentSize : 26 <-- 46.380543 s
currentSize : 27 <-- 174.915909 s
currentSize : 28 <-- 603.614563 s

TIMEOUT
maxsize : 28
nodes : 199587184.000000
filtered : 2024454840.000000
time : 1000.000000
