Parameters: GAD=1 vflib=1 dir=1 label=1 lowerbound=1 fileNameGp=../../cp2016-max-common-connected-subgraph-paper/datasets/graphsdb/mcs30/bvg/b06/mcs30_b06_s100.A02 fileNameGt=../../cp2016-max-common-connected-subgraph-paper/datasets/graphsdb/mcs30/bvg/b06/mcs30_b06_s100.B02
Reading graphs...
100 : 300
100 : 300
Initializing...
maxdom : 7
D->valSize : 347
Solving...
Blb : 3 (clique : 31)
currentSize : 31 <-- 0.003434 s
currentSize : 32 <-- 0.003731 s
currentSize : 33 <-- 0.004958 s
currentSize : 34 <-- 0.979169 s
currentSize : 35 <-- 30.499607 s
currentSize : 36 <-- 92.075264 s
currentSize : 37 <-- 94.951714 s
currentSize : 38 <-- 113.002426 s

TIMEOUT
maxsize : 38
nodes : 188778027.000000
filtered : 782576967.000000
time : 1000.000061
