Parameters: GAD=1 vflib=1 dir=1 label=1 lowerbound=1 fileNameGp=../../cp2016-max-common-connected-subgraph-paper/datasets/graphsdb/mcs30/rand/r01/mcs30_r01_s80.A05 fileNameGt=../../cp2016-max-common-connected-subgraph-paper/datasets/graphsdb/mcs30/rand/r01/mcs30_r01_s80.B05
Reading graphs...
80 : 631
80 : 631
Initializing...
maxdom : 8
D->valSize : 402
Solving...
Blb : 2 (clique : 12)
currentSize : 12 <-- 0.003385 s
currentSize : 13 <-- 0.003687 s
currentSize : 14 <-- 0.012934 s
currentSize : 15 <-- 0.045089 s
currentSize : 16 <-- 0.215471 s
currentSize : 17 <-- 0.961977 s
currentSize : 18 <-- 5.089665 s
currentSize : 19 <-- 14.399641 s
currentSize : 20 <-- 14.426878 s
currentSize : 21 <-- 14.427213 s
currentSize : 22 <-- 14.427371 s
currentSize : 24 <-- 14.427500 s

maxsize : 24
nodes : 4268039.000000
filtered : 60480621.000000
time : 24.750854
