Parameters: GAD=1 vflib=1 dir=1 label=1 lowerbound=1 fileNameGp=../../cp2016-max-common-connected-subgraph-paper/datasets/graphsdb/mcs30/bvg/b09m/mcs30_b09m_s80.A07 fileNameGt=../../cp2016-max-common-connected-subgraph-paper/datasets/graphsdb/mcs30/bvg/b09m/mcs30_b09m_s80.B07
Reading graphs...
80 : 360
80 : 360
Initializing...
maxdom : 10
D->valSize : 414
Solving...
Blb : 5 (clique : 24)
currentSize : 24 <-- 0.003859 s
currentSize : 25 <-- 0.060879 s
currentSize : 26 <-- 0.129713 s
currentSize : 27 <-- 0.359629 s
currentSize : 28 <-- 1.295481 s
currentSize : 29 <-- 1.311966 s

maxsize : 29
nodes : 65100322.000000
filtered : 846342808.000000
time : 382.268860
