Parameters: GAD=1 vflib=1 dir=1 label=1 lowerbound=1 fileNameGp=../../cp2016-max-common-connected-subgraph-paper/datasets/graphsdb/mcs30/rand/r005/mcs30_r005_s70.A01 fileNameGt=../../cp2016-max-common-connected-subgraph-paper/datasets/graphsdb/mcs30/rand/r005/mcs30_r005_s70.B01
Reading graphs...
70 : 240
70 : 240
Initializing...
maxdom : 10
D->valSize : 302
Solving...
Blb : 5 (clique : 17)
currentSize : 17 <-- 0.002213 s
currentSize : 18 <-- 0.006944 s
currentSize : 19 <-- 0.158220 s
currentSize : 20 <-- 0.346226 s
currentSize : 21 <-- 0.352396 s
currentSize : 22 <-- 9.013658 s
currentSize : 23 <-- 275.222260 s
currentSize : 24 <-- 276.405273 s

maxsize : 24
nodes : 151316020.000000
filtered : 1438419272.000000
time : 765.764282
