Parameters: GAD=1 vflib=1 dir=1 label=1 lowerbound=1 fileNameGp=../../cp2016-max-common-connected-subgraph-paper/datasets/graphsdb/mcs30/bvg/b09m/mcs30_b09m_s70.A08 fileNameGt=../../cp2016-max-common-connected-subgraph-paper/datasets/graphsdb/mcs30/bvg/b09m/mcs30_b09m_s70.B08
Reading graphs...
70 : 315
70 : 315
Initializing...
maxdom : 10
D->valSize : 340
Solving...
Blb : 3 (clique : 16)
currentSize : 16 <-- 0.002703 s
currentSize : 17 <-- 0.008618 s
currentSize : 18 <-- 0.033940 s
currentSize : 19 <-- 0.717018 s
currentSize : 20 <-- 3.954881 s
currentSize : 21 <-- 15.083129 s
currentSize : 23 <-- 15.088410 s
currentSize : 24 <-- 17.755297 s
currentSize : 25 <-- 29.503187 s

maxsize : 25
nodes : 9301476.000000
filtered : 102501406.000000
time : 47.441536
