Parameters: GAD=1 vflib=1 dir=1 label=1 lowerbound=1 fileNameGp=../../cp2016-max-common-connected-subgraph-paper/datasets/graphsdb/mcs30/bvg/b06m/mcs30_b06m_s70.A09 fileNameGt=../../cp2016-max-common-connected-subgraph-paper/datasets/graphsdb/mcs30/bvg/b06m/mcs30_b06m_s70.B09
Reading graphs...
70 : 210
70 : 210
Initializing...
maxdom : 8
D->valSize : 309
Solving...
Blb : 2 (clique : 20)
currentSize : 20 <-- 0.002459 s
currentSize : 21 <-- 0.005635 s
currentSize : 22 <-- 0.015905 s
currentSize : 23 <-- 2.541969 s
currentSize : 24 <-- 55.935642 s
currentSize : 25 <-- 55.956276 s
currentSize : 26 <-- 55.956413 s
currentSize : 27 <-- 55.957039 s
currentSize : 28 <-- 57.887825 s

TIMEOUT
maxsize : 28
nodes : 200565169.000000
filtered : 1739344332.000000
time : 1000.000000
