Parameters: GAD=1 vflib=1 dir=1 label=1 lowerbound=1 fileNameGp=../../cp2016-max-common-connected-subgraph-paper/datasets/graphsdb/mcs30/m3D/m3Dr2/mcs30_m3Dr2_s70.A02 fileNameGt=../../cp2016-max-common-connected-subgraph-paper/datasets/graphsdb/mcs30/m3D/m3Dr2/mcs30_m3Dr2_s70.B02
Reading graphs...
70 : 173
70 : 173
Initializing...
maxdom : 9
D->valSize : 348
Solving...
Blb : 2 (clique : 26)
currentSize : 26 <-- 0.002859 s
currentSize : 27 <-- 0.009941 s
currentSize : 28 <-- 0.036945 s
currentSize : 29 <-- 0.050356 s
currentSize : 30 <-- 8.117768 s
currentSize : 31 <-- 251.598969 s

maxsize : 31
nodes : 179491345.000000
filtered : 1472531754.000000
time : 868.999756
