Parameters: GAD=1 vflib=1 dir=1 label=1 lowerbound=1 fileNameGp=../../cp2016-max-common-connected-subgraph-paper/datasets/graphsdb/mcs30/bvg/b06/mcs30_b06_s80.A02 fileNameGt=../../cp2016-max-common-connected-subgraph-paper/datasets/graphsdb/mcs30/bvg/b06/mcs30_b06_s80.B02
Reading graphs...
80 : 240
80 : 240
Initializing...
maxdom : 12
D->valSize : 468
Solving...
Blb : 2 (clique : 21)
currentSize : 21 <-- 0.004553 s
currentSize : 22 <-- 0.004887 s
currentSize : 23 <-- 0.006797 s
currentSize : 24 <-- 0.016062 s
currentSize : 25 <-- 0.208422 s
currentSize : 26 <-- 0.211296 s
currentSize : 27 <-- 2.596643 s
currentSize : 28 <-- 241.350159 s
currentSize : 29 <-- 249.205551 s

TIMEOUT
maxsize : 29
nodes : 173710120.000000
filtered : 2089413855.000000
time : 1000.000000
