Parameters: GAD=1 vflib=1 dir=1 label=1 lowerbound=1 fileNameGp=../../cp2016-max-common-connected-subgraph-paper/datasets/graphsdb/mcs30/bvg/b06m/mcs30_b06m_s100.A04 fileNameGt=../../cp2016-max-common-connected-subgraph-paper/datasets/graphsdb/mcs30/bvg/b06m/mcs30_b06m_s100.B04
Reading graphs...
100 : 300
100 : 300
Initializing...
maxdom : 8
D->valSize : 349
Solving...
Blb : 2 (clique : 25)
currentSize : 25 <-- 0.005344 s
currentSize : 30 <-- 0.005638 s
currentSize : 31 <-- 0.005811 s
currentSize : 33 <-- 3.041373 s
currentSize : 35 <-- 25.756191 s
currentSize : 36 <-- 163.650391 s
currentSize : 37 <-- 340.162750 s
currentSize : 38 <-- 426.728302 s

TIMEOUT
maxsize : 38
nodes : 175544699.000000
filtered : 1058730108.000000
time : 1000.000000
