Parameters: GAD=1 vflib=1 dir=1 label=1 lowerbound=1 fileNameGp=../../cp2016-max-common-connected-subgraph-paper/datasets/graphsdb/mcs30/bvg/b09/mcs30_b09_s90.A08 fileNameGt=../../cp2016-max-common-connected-subgraph-paper/datasets/graphsdb/mcs30/bvg/b09/mcs30_b09_s90.B08
Reading graphs...
90 : 405
90 : 405
Initializing...
maxdom : 11
D->valSize : 519
Solving...
Blb : 2 (clique : 21)
currentSize : 21 <-- 0.005518 s
currentSize : 22 <-- 0.011619 s
currentSize : 23 <-- 0.055744 s
currentSize : 24 <-- 6.530745 s
currentSize : 25 <-- 6.798171 s
currentSize : 26 <-- 203.555054 s

TIMEOUT
maxsize : 26
nodes : 178572315.000000
filtered : 1579723694.000000
time : 1000.000000
