Parameters: GAD=1 vflib=1 dir=1 label=1 lowerbound=1 fileNameGp=../../cp2016-max-common-connected-subgraph-paper/datasets/graphsdb/mcs30/m2D/m2Dr4/mcs30_m2Dr4_s50.A00 fileNameGt=../../cp2016-max-common-connected-subgraph-paper/datasets/graphsdb/mcs30/m2D/m2Dr4/mcs30_m2Dr4_s50.B00
Reading graphs...
50 : 105
50 : 104
Initializing...
maxdom : 10
D->valSize : 342
Solving...
Blb : 2 (clique : 15)
currentSize : 15 <-- 0.004133 s
currentSize : 17 <-- 0.004288 s
currentSize : 18 <-- 0.004781 s
currentSize : 19 <-- 0.005028 s
currentSize : 20 <-- 0.005587 s
currentSize : 21 <-- 0.022733 s
currentSize : 22 <-- 49.393658 s
currentSize : 23 <-- 49.393867 s

maxsize : 23
nodes : 36011626.000000
filtered : 524409987.000000
time : 183.904449
