Parameters: GAD=1 vflib=1 dir=1 label=1 lowerbound=1 fileNameGp=../../cp2016-max-common-connected-subgraph-paper/datasets/graphsdb/mcs30/bvg/b09m/mcs30_b09m_s50.A02 fileNameGt=../../cp2016-max-common-connected-subgraph-paper/datasets/graphsdb/mcs30/bvg/b09m/mcs30_b09m_s50.B02
Reading graphs...
50 : 225
50 : 225
Initializing...
maxdom : 9
D->valSize : 278
Solving...
Blb : 2 (clique : 10)
currentSize : 10 <-- 0.001763 s
currentSize : 11 <-- 0.002136 s
currentSize : 12 <-- 0.005700 s
currentSize : 13 <-- 0.015492 s
currentSize : 14 <-- 0.289902 s
currentSize : 16 <-- 0.290047 s
currentSize : 17 <-- 0.549047 s
currentSize : 18 <-- 1.040708 s

maxsize : 18
nodes : 379534.000000
filtered : 5220668.000000
time : 1.748424
