Parameters: GAD=1 vflib=1 dir=1 label=1 lowerbound=1 fileNameGp=../../cp2016-max-common-connected-subgraph-paper/datasets/graphsdb/mcs30/bvg/b06m/mcs30_b06m_s70.A02 fileNameGt=../../cp2016-max-common-connected-subgraph-paper/datasets/graphsdb/mcs30/bvg/b06m/mcs30_b06m_s70.B02
Reading graphs...
70 : 210
70 : 210
Initializing...
maxdom : 9
D->valSize : 359
Solving...
Blb : 2 (clique : 21)
currentSize : 21 <-- 0.003004 s
currentSize : 22 <-- 0.638821 s
currentSize : 23 <-- 5.658859 s
currentSize : 24 <-- 47.901535 s
currentSize : 25 <-- 47.902191 s
currentSize : 26 <-- 203.562531 s
currentSize : 27 <-- 484.896057 s

TIMEOUT
maxsize : 27
nodes : 194261811.000000
filtered : 2063881151.000000
time : 1000.000000
