Parameters: GAD=1 vflib=1 dir=1 label=1 lowerbound=1 fileNameGp=../../cp2016-max-common-connected-subgraph-paper/datasets/graphsdb/mcs30/m4D/m4D/mcs30_m4D_s50.A00 fileNameGt=../../cp2016-max-common-connected-subgraph-paper/datasets/graphsdb/mcs30/m4D/m4D/mcs30_m4D_s50.B00
Reading graphs...
50 : 87
50 : 87
Initializing...
maxdom : 8
D->valSize : 308
Solving...
Blb : 2 (clique : 19)
currentSize : 19 <-- 0.003242 s
currentSize : 20 <-- 0.431486 s
currentSize : 21 <-- 2.093333 s
currentSize : 22 <-- 2.093770 s
currentSize : 23 <-- 149.312546 s
currentSize : 24 <-- 231.648926 s

TIMEOUT
maxsize : 24
nodes : 251286476.000000
filtered : 2230915495.000000
time : 1000.000000
