Parameters: GAD=1 vflib=1 dir=1 label=1 lowerbound=1 fileNameGp=../../cp2016-max-common-connected-subgraph-paper/datasets/graphsdb/mcs30/bvg/b06m/mcs30_b06m_s60.A01 fileNameGt=../../cp2016-max-common-connected-subgraph-paper/datasets/graphsdb/mcs30/bvg/b06m/mcs30_b06m_s60.B01
Reading graphs...
60 : 180
60 : 180
Initializing...
maxdom : 7
D->valSize : 240
Solving...
Blb : 2 (clique : 17)
currentSize : 17 <-- 0.001606 s
currentSize : 18 <-- 0.001925 s
currentSize : 19 <-- 0.022602 s
currentSize : 20 <-- 1.408140 s
currentSize : 21 <-- 1.599082 s
currentSize : 22 <-- 1.599456 s
currentSize : 23 <-- 1.602835 s

maxsize : 23
nodes : 4297141.000000
filtered : 30759010.000000
time : 18.680952
