Parameters: GAD=1 vflib=1 dir=1 label=1 lowerbound=1 fileNameGp=../../cp2016-max-common-connected-subgraph-paper/datasets/graphsdb/mcs30/m3D/m3Dr2/mcs30_m3Dr2_s80.A01 fileNameGt=../../cp2016-max-common-connected-subgraph-paper/datasets/graphsdb/mcs30/m3D/m3Dr2/mcs30_m3Dr2_s80.B01
Reading graphs...
80 : 200
80 : 200
Initializing...
maxdom : 9
D->valSize : 446
Solving...
Blb : 2 (clique : 24)
currentSize : 24 <-- 0.006923 s
currentSize : 29 <-- 0.007198 s
currentSize : 30 <-- 0.007294 s
currentSize : 31 <-- 0.007504 s
currentSize : 32 <-- 0.015173 s
currentSize : 33 <-- 0.099638 s
currentSize : 34 <-- 0.105434 s
currentSize : 35 <-- 1.269454 s

TIMEOUT
maxsize : 35
nodes : 196611724.000000
filtered : 1679628600.000000
time : 1000.000000
