Parameters: GAD=1 vflib=1 dir=1 label=1 lowerbound=1 fileNameGp=../../cp2016-max-common-connected-subgraph-paper/datasets/graphsdb/mcs30/bvg/b03m/mcs30_b03m_s60.A07 fileNameGt=../../cp2016-max-common-connected-subgraph-paper/datasets/graphsdb/mcs30/bvg/b03m/mcs30_b03m_s60.B07
Reading graphs...
60 : 90
60 : 90
Initializing...
maxdom : 8
D->valSize : 235
Solving...
Blb : 2 (clique : 23)
currentSize : 23 <-- 0.002612 s
currentSize : 24 <-- 0.003188 s
currentSize : 25 <-- 0.004969 s
currentSize : 26 <-- 0.027849 s
currentSize : 27 <-- 0.759346 s
currentSize : 28 <-- 43.462944 s

maxsize : 28
nodes : 26239974.000000
filtered : 185248290.000000
time : 114.256920
