Parameters: GAD=1 vflib=1 dir=1 label=1 lowerbound=1 fileNameGp=../../cp2016-max-common-connected-subgraph-paper/datasets/graphsdb/mcs30/bvg/b06/mcs30_b06_s100.A09 fileNameGt=../../cp2016-max-common-connected-subgraph-paper/datasets/graphsdb/mcs30/bvg/b06/mcs30_b06_s100.B09
Reading graphs...
100 : 300
100 : 300
Initializing...
maxdom : 8
D->valSize : 327
Solving...
Blb : 2 (clique : 29)
currentSize : 29 <-- 0.003057 s
currentSize : 30 <-- 10.596663 s
currentSize : 31 <-- 132.254883 s
currentSize : 32 <-- 189.479202 s
currentSize : 33 <-- 226.299500 s
currentSize : 34 <-- 228.803497 s

TIMEOUT
maxsize : 34
nodes : 175223167.000000
filtered : 963552385.000000
time : 1000.000061
