Parameters: GAD=1 vflib=1 dir=1 label=1 lowerbound=1 fileNameGp=../../cp2016-max-common-connected-subgraph-paper/datasets/graphsdb/mcs30/bvg/b09/mcs30_b09_s50.A03 fileNameGt=../../cp2016-max-common-connected-subgraph-paper/datasets/graphsdb/mcs30/bvg/b09/mcs30_b09_s50.B03
Reading graphs...
50 : 225
50 : 225
Initializing...
maxdom : 13
D->valSize : 350
Solving...
Blb : 2 (clique : 12)
currentSize : 12 <-- 0.003710 s
currentSize : 13 <-- 0.012015 s
currentSize : 14 <-- 0.977109 s
currentSize : 15 <-- 2.391195 s
currentSize : 16 <-- 2.394493 s
currentSize : 17 <-- 2.404516 s
currentSize : 18 <-- 2.404773 s

maxsize : 18
nodes : 1374543.000000
filtered : 21292638.000000
time : 6.318592
