Parameters: GAD=1 vflib=1 dir=1 label=1 lowerbound=1 fileNameGp=../../cp2016-max-common-connected-subgraph-paper/datasets/graphsdb/mcs30/rand/r01/mcs30_r01_s100.A05 fileNameGt=../../cp2016-max-common-connected-subgraph-paper/datasets/graphsdb/mcs30/rand/r01/mcs30_r01_s100.B05
Reading graphs...
100 : 989
100 : 989
Initializing...
maxdom : 6
D->valSize : 328
Solving...
Blb : 2 (clique : 11)
currentSize : 11 <-- 0.004680 s
currentSize : 12 <-- 0.004864 s
currentSize : 13 <-- 0.004975 s
currentSize : 14 <-- 0.005125 s
currentSize : 15 <-- 0.007123 s
currentSize : 16 <-- 0.053385 s
currentSize : 17 <-- 0.632432 s
currentSize : 18 <-- 2.313793 s
currentSize : 19 <-- 2.587970 s
currentSize : 21 <-- 2.682882 s
currentSize : 22 <-- 11.057868 s
currentSize : 27 <-- 11.058090 s
currentSize : 28 <-- 11.114414 s
currentSize : 30 <-- 11.114497 s

maxsize : 30
nodes : 2742510.000000
filtered : 24516435.000000
time : 16.941826
