Parameters: GAD=1 vflib=1 dir=1 label=1 lowerbound=1 fileNameGp=../../cp2016-max-common-connected-subgraph-paper/datasets/graphsdb/mcs30/m4D/m4Dr6/mcs30_m4Dr6_s60.A01 fileNameGt=../../cp2016-max-common-connected-subgraph-paper/datasets/graphsdb/mcs30/m4D/m4Dr6/mcs30_m4Dr6_s60.B01
Reading graphs...
60 : 137
60 : 135
Initializing...
maxdom : 7
D->valSize : 236
Solving...
Blb : 5 (clique : 18)
currentSize : 18 <-- 0.001604 s
currentSize : 19 <-- 0.008444 s
currentSize : 20 <-- 0.011217 s
currentSize : 21 <-- 0.018972 s
currentSize : 22 <-- 22.291821 s
currentSize : 23 <-- 47.977028 s
currentSize : 24 <-- 47.978298 s
currentSize : 25 <-- 106.695007 s

maxsize : 25
nodes : 61109571.000000
filtered : 489452645.000000
time : 270.630035
