Parameters: GAD=1 vflib=1 dir=1 label=1 lowerbound=1 fileNameGp=../../cp2016-max-common-connected-subgraph-paper/datasets/graphsdb/mcs30/bvg/b09/mcs30_b09_s70.A07 fileNameGt=../../cp2016-max-common-connected-subgraph-paper/datasets/graphsdb/mcs30/bvg/b09/mcs30_b09_s70.B07
Reading graphs...
70 : 315
70 : 315
Initializing...
maxdom : 7
D->valSize : 323
Solving...
Blb : 2 (clique : 20)
currentSize : 20 <-- 0.002557 s
currentSize : 21 <-- 0.003045 s
currentSize : 22 <-- 0.006699 s
currentSize : 23 <-- 0.086786 s
currentSize : 24 <-- 0.346584 s
currentSize : 25 <-- 4.182172 s

maxsize : 25
nodes : 30867846.000000
filtered : 375073509.000000
time : 167.248047
