Parameters: GAD=1 vflib=1 dir=1 label=1 lowerbound=1 fileNameGp=../../cp2016-max-common-connected-subgraph-paper/datasets/graphsdb/mcs30/m4D/m4Dr6/mcs30_m4Dr6_s80.A01 fileNameGt=../../cp2016-max-common-connected-subgraph-paper/datasets/graphsdb/mcs30/m4D/m4Dr6/mcs30_m4Dr6_s80.B01
Reading graphs...
80 : 179
80 : 179
Initializing...
maxdom : 10
D->valSize : 377
Solving...
Blb : 2 (clique : 24)
currentSize : 24 <-- 0.003432 s
currentSize : 25 <-- 0.238235 s
currentSize : 26 <-- 13.325816 s
currentSize : 27 <-- 30.488129 s
currentSize : 28 <-- 37.618889 s
currentSize : 29 <-- 84.892532 s
currentSize : 30 <-- 187.682877 s
currentSize : 31 <-- 515.883728 s
currentSize : 32 <-- 744.820557 s

TIMEOUT
maxsize : 32
nodes : 204844329.000000
filtered : 1451353771.000000
time : 1000.000000
