Parameters: GAD=1 vflib=1 dir=1 label=1 lowerbound=1 fileNameGp=../../cp2016-max-common-connected-subgraph-paper/datasets/graphsdb/mcs30/m4D/m4Dr2/mcs30_m4Dr2_s70.A02 fileNameGt=../../cp2016-max-common-connected-subgraph-paper/datasets/graphsdb/mcs30/m4D/m4Dr2/mcs30_m4Dr2_s70.B02
Reading graphs...
70 : 132
70 : 131
Initializing...
maxdom : 10
D->valSize : 321
Solving...
Blb : 2 (clique : 23)
currentSize : 23 <-- 0.004193 s
currentSize : 24 <-- 0.011698 s
currentSize : 25 <-- 0.012124 s
currentSize : 26 <-- 0.140266 s
currentSize : 27 <-- 17.035061 s
currentSize : 28 <-- 223.581512 s
currentSize : 29 <-- 223.582703 s
currentSize : 30 <-- 230.116608 s

TIMEOUT
maxsize : 30
nodes : 210824964.000000
filtered : 1654975671.000000
time : 1000.000000
