Parameters: GAD=1 vflib=1 dir=1 label=1 lowerbound=1 fileNameGp=../../cp2016-max-common-connected-subgraph-paper/datasets/graphsdb/mcs30/m3D/m3Dr6/mcs30_m3Dr6_s100.A07 fileNameGt=../../cp2016-max-common-connected-subgraph-paper/datasets/graphsdb/mcs30/m3D/m3Dr6/mcs30_m3Dr6_s100.B07
Reading graphs...
100 : 295
100 : 293
Initializing...
maxdom : 8
D->valSize : 340
Solving...
Blb : 2 (clique : 30)
currentSize : 30 <-- 0.005360 s
currentSize : 31 <-- 0.005891 s
currentSize : 32 <-- 0.006618 s
currentSize : 33 <-- 0.053221 s
currentSize : 34 <-- 0.092363 s
currentSize : 35 <-- 0.608632 s
currentSize : 36 <-- 1.548344 s

TIMEOUT
maxsize : 36
nodes : 194345553.000000
filtered : 763956945.000000
time : 1000.000000
