Parameters: GAD=1 vflib=1 dir=1 label=1 lowerbound=1 fileNameGp=../../cp2016-max-common-connected-subgraph-paper/datasets/graphsdb/mcs30/bvg/b06/mcs30_b06_s70.A02 fileNameGt=../../cp2016-max-common-connected-subgraph-paper/datasets/graphsdb/mcs30/bvg/b06/mcs30_b06_s70.B02
Reading graphs...
70 : 210
70 : 210
Initializing...
maxdom : 7
D->valSize : 303
Solving...
Blb : 5 (clique : 20)
currentSize : 20 <-- 0.002320 s
currentSize : 21 <-- 0.006475 s
currentSize : 22 <-- 0.010191 s
currentSize : 23 <-- 0.011218 s
currentSize : 24 <-- 4.224969 s
currentSize : 25 <-- 12.119807 s
currentSize : 26 <-- 12.186850 s
currentSize : 27 <-- 71.451019 s

maxsize : 27
nodes : 68068095.000000
filtered : 651135388.000000
time : 346.221893
