Parameters: GAD=1 vflib=1 dir=1 label=1 lowerbound=1 fileNameGp=../../cp2016-max-common-connected-subgraph-paper/datasets/graphsdb/mcs30/m4D/m4D/mcs30_m4D_s70.A06 fileNameGt=../../cp2016-max-common-connected-subgraph-paper/datasets/graphsdb/mcs30/m4D/m4D/mcs30_m4D_s70.B06
Reading graphs...
70 : 118
70 : 118
Initializing...
maxdom : 8
D->valSize : 322
Solving...
Blb : 2 (clique : 25)
currentSize : 25 <-- 0.002689 s
currentSize : 26 <-- 0.006876 s
currentSize : 27 <-- 0.215306 s
currentSize : 28 <-- 1.575295 s
currentSize : 29 <-- 27.274036 s
currentSize : 30 <-- 106.675949 s

TIMEOUT
maxsize : 30
nodes : 214078915.000000
filtered : 1509830345.000000
time : 1000.000000
