Parameters: GAD=1 vflib=1 dir=1 label=1 lowerbound=1 fileNameGp=../../cp2016-max-common-connected-subgraph-paper/datasets/graphsdb/mcs30/m2D/m2Dr6/mcs30_m2Dr6_s80.A09 fileNameGt=../../cp2016-max-common-connected-subgraph-paper/datasets/graphsdb/mcs30/m2D/m2Dr6/mcs30_m2Dr6_s80.B09
Reading graphs...
80 : 190
80 : 189
Initializing...
maxdom : 9
D->valSize : 389
Solving...
Blb : 2 (clique : 25)
currentSize : 25 <-- 0.005940 s
currentSize : 26 <-- 0.163136 s
currentSize : 27 <-- 9.473374 s
currentSize : 28 <-- 9.690834 s
currentSize : 29 <-- 144.719803 s
currentSize : 30 <-- 287.417908 s

TIMEOUT
maxsize : 30
nodes : 176855842.000000
filtered : 1734640166.000000
time : 1000.000000
