Parameters: GAD=1 vflib=1 dir=1 label=1 lowerbound=1 fileNameGp=../../cp2016-max-common-connected-subgraph-paper/datasets/graphsdb/mcs30/m2D/m2Dr4/mcs30_m2Dr4_s80.A07 fileNameGt=../../cp2016-max-common-connected-subgraph-paper/datasets/graphsdb/mcs30/m2D/m2Dr4/mcs30_m2Dr4_s80.B07
Reading graphs...
80 : 174
80 : 174
Initializing...
maxdom : 8
D->valSize : 430
Solving...
Blb : 2 (clique : 29)
currentSize : 29 <-- 0.004092 s
currentSize : 30 <-- 6.080227 s
currentSize : 31 <-- 29.144060 s
currentSize : 32 <-- 159.349701 s
currentSize : 33 <-- 159.666321 s
currentSize : 34 <-- 296.634338 s
currentSize : 35 <-- 484.969330 s
currentSize : 36 <-- 484.969635 s

TIMEOUT
maxsize : 36
nodes : 184260592.000000
filtered : 1695456627.000000
time : 1000.000000
