Parameters: GAD=1 vflib=1 dir=1 label=1 lowerbound=1 fileNameGp=../../cp2016-max-common-connected-subgraph-paper/datasets/graphsdb/mcs30/m4D/m4Dr2/mcs30_m4Dr2_s50.A05 fileNameGt=../../cp2016-max-common-connected-subgraph-paper/datasets/graphsdb/mcs30/m4D/m4Dr2/mcs30_m4Dr2_s50.B05
Reading graphs...
50 : 97
50 : 97
Initializing...
maxdom : 9
D->valSize : 326
Solving...
Blb : 2 (clique : 17)
currentSize : 17 <-- 0.003754 s
currentSize : 18 <-- 0.003958 s
currentSize : 19 <-- 0.004226 s
currentSize : 20 <-- 0.004381 s
currentSize : 21 <-- 0.029110 s
currentSize : 22 <-- 0.029399 s
currentSize : 23 <-- 0.210567 s
currentSize : 24 <-- 0.746429 s

maxsize : 24
nodes : 54192096.000000
filtered : 742489133.000000
time : 245.519089
