Parameters: GAD=1 vflib=1 dir=1 label=1 lowerbound=1 fileNameGp=../../cp2016-max-common-connected-subgraph-paper/datasets/graphsdb/mcs30/bvg/b09m/mcs30_b09m_s90.A08 fileNameGt=../../cp2016-max-common-connected-subgraph-paper/datasets/graphsdb/mcs30/bvg/b09m/mcs30_b09m_s90.B08
Reading graphs...
90 : 405
90 : 405
Initializing...
maxdom : 9
D->valSize : 529
Solving...
Blb : 3 (clique : 21)
currentSize : 21 <-- 0.005733 s
currentSize : 22 <-- 1.045675 s
currentSize : 23 <-- 1.468466 s
currentSize : 24 <-- 6.094683 s
currentSize : 25 <-- 7.958406 s
currentSize : 26 <-- 13.954372 s
currentSize : 27 <-- 13.954719 s
currentSize : 28 <-- 14.733106 s
currentSize : 29 <-- 14.733422 s
currentSize : 30 <-- 25.504778 s
currentSize : 31 <-- 64.201157 s

TIMEOUT
maxsize : 31
nodes : 145328176.000000
filtered : 2385125944.000000
time : 1000.000000
