Parameters: GAD=1 vflib=1 dir=1 label=1 lowerbound=1 fileNameGp=../../cp2016-max-common-connected-subgraph-paper/datasets/graphsdb/mcs30/m2D/m2Dr6/mcs30_m2Dr6_s60.A09 fileNameGt=../../cp2016-max-common-connected-subgraph-paper/datasets/graphsdb/mcs30/m2D/m2Dr6/mcs30_m2Dr6_s60.B09
Reading graphs...
60 : 140
60 : 139
Initializing...
maxdom : 7
D->valSize : 224
Solving...
Blb : 2 (clique : 17)
currentSize : 17 <-- 0.001494 s
currentSize : 18 <-- 0.001610 s
currentSize : 19 <-- 0.001774 s
currentSize : 20 <-- 0.004463 s
currentSize : 21 <-- 0.013243 s
currentSize : 22 <-- 0.141127 s
currentSize : 23 <-- 0.443601 s

maxsize : 23
nodes : 100183682.000000
filtered : 691846240.000000
time : 414.552551
