Parameters: GAD=1 vflib=1 dir=1 label=1 lowerbound=1 fileNameGp=../../cp2016-max-common-connected-subgraph-paper/datasets/graphsdb/mcs30/m3D/m3Dr4/mcs30_m3Dr4_s90.A09 fileNameGt=../../cp2016-max-common-connected-subgraph-paper/datasets/graphsdb/mcs30/m3D/m3Dr4/mcs30_m3Dr4_s90.B09
Reading graphs...
90 : 245
90 : 244
Initializing...
maxdom : 10
D->valSize : 571
Solving...
Blb : 2 (clique : 27)
currentSize : 27 <-- 0.011114 s
currentSize : 28 <-- 0.020434 s
currentSize : 29 <-- 0.026237 s
currentSize : 30 <-- 0.028635 s
currentSize : 33 <-- 0.142915 s
currentSize : 34 <-- 0.275143 s
currentSize : 35 <-- 2.715428 s

TIMEOUT
maxsize : 35
nodes : 172919773.000000
filtered : 1435224769.000000
time : 1000.000061
