Parameters: GAD=1 vflib=1 dir=1 label=1 lowerbound=1 fileNameGp=../../cp2016-max-common-connected-subgraph-paper/datasets/graphsdb/mcs30/m2D/m2Dr6/mcs30_m2Dr6_s50.A01 fileNameGt=../../cp2016-max-common-connected-subgraph-paper/datasets/graphsdb/mcs30/m2D/m2Dr6/mcs30_m2Dr6_s50.B01
Reading graphs...
50 : 115
50 : 114
Initializing...
maxdom : 8
D->valSize : 316
Solving...
Blb : 2 (clique : 18)
currentSize : 18 <-- 0.003503 s
currentSize : 19 <-- 0.006094 s
currentSize : 20 <-- 0.191130 s
currentSize : 21 <-- 5.518384 s
currentSize : 22 <-- 294.955017 s
currentSize : 23 <-- 356.456299 s

maxsize : 23
nodes : 107275827.000000
filtered : 1174102160.000000
time : 463.453491
