Parameters: GAD=1 vflib=1 dir=1 label=1 lowerbound=1 fileNameGp=../../cp2016-max-common-connected-subgraph-paper/datasets/graphsdb/mcs30/bvg/b06/mcs30_b06_s70.A09 fileNameGt=../../cp2016-max-common-connected-subgraph-paper/datasets/graphsdb/mcs30/bvg/b06/mcs30_b06_s70.B09
Reading graphs...
70 : 210
70 : 210
Initializing...
maxdom : 10
D->valSize : 317
Solving...
Blb : 2 (clique : 19)
currentSize : 19 <-- 0.003780 s
currentSize : 20 <-- 0.246128 s
currentSize : 21 <-- 23.605137 s
currentSize : 22 <-- 23.712309 s
currentSize : 23 <-- 169.687057 s
currentSize : 24 <-- 181.079773 s
currentSize : 25 <-- 188.990829 s

TIMEOUT
maxsize : 25
nodes : 201667602.000000
filtered : 1892416088.000000
time : 1000.000000
