Parameters: GAD=1 vflib=1 dir=1 label=1 lowerbound=1 fileNameGp=../../cp2016-max-common-connected-subgraph-paper/datasets/graphsdb/mcs30/bvg/b09m/mcs30_b09m_s60.A06 fileNameGt=../../cp2016-max-common-connected-subgraph-paper/datasets/graphsdb/mcs30/bvg/b09m/mcs30_b09m_s60.B06
Reading graphs...
60 : 270
60 : 270
Initializing...
maxdom : 7
D->valSize : 247
Solving...
Blb : 2 (clique : 12)
currentSize : 12 <-- 0.001596 s
currentSize : 14 <-- 0.001883 s
currentSize : 15 <-- 0.006054 s
currentSize : 16 <-- 0.006110 s
currentSize : 17 <-- 0.109715 s
currentSize : 18 <-- 0.174085 s
currentSize : 19 <-- 0.213387 s
currentSize : 20 <-- 0.213465 s
currentSize : 22 <-- 1.487994 s

maxsize : 22
nodes : 1033506.000000
filtered : 7162562.000000
time : 4.522958
