Parameters: GAD=1 vflib=1 dir=1 label=1 lowerbound=1 fileNameGp=../../cp2016-max-common-connected-subgraph-paper/datasets/graphsdb/mcs30/bvg/b03/mcs30_b03_s90.A01 fileNameGt=../../cp2016-max-common-connected-subgraph-paper/datasets/graphsdb/mcs30/bvg/b03/mcs30_b03_s90.B01
Reading graphs...
90 : 135
90 : 135
Initializing...
maxdom : 13
D->valSize : 544
Solving...
Blb : 2 (clique : 34)
currentSize : 34 <-- 0.006574 s
currentSize : 35 <-- 0.006850 s
currentSize : 36 <-- 0.006948 s
currentSize : 37 <-- 13.067920 s
currentSize : 38 <-- 13.068032 s
currentSize : 39 <-- 20.426319 s

TIMEOUT
maxsize : 39
nodes : 208815682.000000
filtered : 1388266747.000000
time : 1000.000000
