Parameters: GAD=1 vflib=1 dir=1 label=1 lowerbound=1 fileNameGp=../../cp2016-max-common-connected-subgraph-paper/datasets/graphsdb/mcs30/rand/r01/mcs30_r01_s100.A00 fileNameGt=../../cp2016-max-common-connected-subgraph-paper/datasets/graphsdb/mcs30/rand/r01/mcs30_r01_s100.B00
Reading graphs...
100 : 989
100 : 989
Initializing...
maxdom : 6
D->valSize : 324
Solving...
Blb : 2 (clique : 14)
currentSize : 14 <-- 0.002834 s
currentSize : 15 <-- 0.004601 s
currentSize : 16 <-- 0.010821 s
currentSize : 17 <-- 0.012283 s
currentSize : 18 <-- 0.020799 s
currentSize : 19 <-- 0.173464 s
currentSize : 20 <-- 0.173673 s
currentSize : 23 <-- 2.069034 s
currentSize : 24 <-- 3.446268 s
currentSize : 25 <-- 5.199857 s
currentSize : 27 <-- 5.414014 s
currentSize : 28 <-- 5.887955 s
currentSize : 30 <-- 9.479987 s

maxsize : 30
nodes : 2308695.000000
filtered : 22616241.000000
time : 14.475960
