Parameters: GAD=1 vflib=1 dir=1 label=1 lowerbound=1 fileNameGp=../../cp2016-max-common-connected-subgraph-paper/datasets/graphsdb/mcs30/m4D/m4Dr4/mcs30_m4Dr4_s60.A05 fileNameGt=../../cp2016-max-common-connected-subgraph-paper/datasets/graphsdb/mcs30/m4D/m4Dr4/mcs30_m4Dr4_s60.B05
Reading graphs...
60 : 126
60 : 125
Initializing...
maxdom : 10
D->valSize : 273
Solving...
Blb : 2 (clique : 21)
currentSize : 21 <-- 0.001880 s
currentSize : 22 <-- 0.002037 s
currentSize : 23 <-- 0.002524 s
currentSize : 24 <-- 0.006192 s
currentSize : 25 <-- 181.285370 s

maxsize : 25
nodes : 45666008.000000
filtered : 490086547.000000
time : 218.474426
