Parameters: GAD=1 vflib=1 dir=1 label=1 lowerbound=1 fileNameGp=../../cp2016-max-common-connected-subgraph-paper/datasets/graphsdb/mcs30/m4D/m4Dr6/mcs30_m4Dr6_s50.A08 fileNameGt=../../cp2016-max-common-connected-subgraph-paper/datasets/graphsdb/mcs30/m4D/m4Dr6/mcs30_m4Dr6_s50.B08
Reading graphs...
50 : 117
50 : 116
Initializing...
maxdom : 9
D->valSize : 318
Solving...
Blb : 2 (clique : 17)
currentSize : 17 <-- 0.002239 s
currentSize : 18 <-- 0.002366 s
currentSize : 19 <-- 0.010121 s
currentSize : 20 <-- 0.051223 s
currentSize : 21 <-- 2.999942 s
currentSize : 22 <-- 352.984985 s

maxsize : 22
nodes : 114508021.000000
filtered : 1381278790.000000
time : 546.998535
