Parameters: GAD=1 vflib=1 dir=1 label=1 lowerbound=1 fileNameGp=../../cp2016-max-common-connected-subgraph-paper/datasets/graphsdb/mcs30/m4D/m4D/mcs30_m4D_s80.A02 fileNameGt=../../cp2016-max-common-connected-subgraph-paper/datasets/graphsdb/mcs30/m4D/m4D/mcs30_m4D_s80.B02
Reading graphs...
80 : 131
80 : 131
Initializing...
maxdom : 10
D->valSize : 437
Solving...
Blb : 2 (clique : 31)
currentSize : 31 <-- 0.004408 s
currentSize : 32 <-- 0.004656 s
currentSize : 33 <-- 0.099135 s
currentSize : 34 <-- 0.442826 s
currentSize : 35 <-- 0.647377 s
currentSize : 36 <-- 4.366912 s
currentSize : 37 <-- 9.579683 s
currentSize : 38 <-- 12.278492 s

TIMEOUT
maxsize : 38
nodes : 219525866.000000
filtered : 1575049834.000000
time : 1000.000061
