Parameters: GAD=1 vflib=1 dir=1 label=1 lowerbound=1 fileNameGp=../../cp2016-max-common-connected-subgraph-paper/datasets/graphsdb/mcs30/bvg/b06/mcs30_b06_s70.A05 fileNameGt=../../cp2016-max-common-connected-subgraph-paper/datasets/graphsdb/mcs30/bvg/b06/mcs30_b06_s70.B05
Reading graphs...
70 : 210
70 : 210
Initializing...
maxdom : 6
D->valSize : 307
Solving...
Blb : 3 (clique : 20)
currentSize : 20 <-- 0.002390 s
currentSize : 21 <-- 0.007705 s
currentSize : 22 <-- 0.008912 s
currentSize : 23 <-- 0.072593 s
currentSize : 24 <-- 0.072667 s
currentSize : 25 <-- 0.101130 s
currentSize : 26 <-- 5.675445 s
currentSize : 27 <-- 9.578443 s
currentSize : 28 <-- 53.818016 s
currentSize : 29 <-- 78.680298 s

maxsize : 29
nodes : 153896870.000000
filtered : 1276573659.000000
time : 759.053589
