Parameters: GAD=1 vflib=1 dir=1 label=1 lowerbound=1 fileNameGp=../../cp2016-max-common-connected-subgraph-paper/datasets/graphsdb/mcs30/m2D/m2Dr4/mcs30_m2Dr4_s70.A03 fileNameGt=../../cp2016-max-common-connected-subgraph-paper/datasets/graphsdb/mcs30/m2D/m2Dr4/mcs30_m2Dr4_s70.B03
Reading graphs...
70 : 151
70 : 151
Initializing...
maxdom : 7
D->valSize : 299
Solving...
Blb : 2 (clique : 28)
currentSize : 28 <-- 0.002445 s
currentSize : 29 <-- 0.002882 s
currentSize : 30 <-- 1.281165 s
currentSize : 31 <-- 9.049395 s
currentSize : 32 <-- 341.588013 s

maxsize : 32
nodes : 210260136.000000
filtered : 1543822489.000000
time : 987.299194
