Parameters: GAD=1 vflib=1 dir=1 label=1 lowerbound=1 fileNameGp=../../cp2016-max-common-connected-subgraph-paper/datasets/graphsdb/mcs30/rand/r005/mcs30_r005_s60.A09 fileNameGt=../../cp2016-max-common-connected-subgraph-paper/datasets/graphsdb/mcs30/rand/r005/mcs30_r005_s60.B09
Reading graphs...
60 : 179
60 : 179
Initializing...
maxdom : 7
D->valSize : 257
Solving...
Blb : 2 (clique : 16)
currentSize : 16 <-- 0.002795 s
currentSize : 17 <-- 0.002950 s
currentSize : 18 <-- 0.036821 s
currentSize : 19 <-- 0.305950 s
currentSize : 20 <-- 0.487661 s
currentSize : 21 <-- 0.692416 s
currentSize : 22 <-- 33.555744 s

maxsize : 22
nodes : 17403095.000000
filtered : 170614225.000000
time : 79.005173
