Parameters: GAD=1 vflib=1 dir=1 label=1 lowerbound=1 fileNameGp=../../cp2016-max-common-connected-subgraph-paper/datasets/graphsdb/mcs30/m4D/m4Dr6/mcs30_m4Dr6_s60.A08 fileNameGt=../../cp2016-max-common-connected-subgraph-paper/datasets/graphsdb/mcs30/m4D/m4Dr6/mcs30_m4Dr6_s60.B08
Reading graphs...
60 : 138
60 : 137
Initializing...
maxdom : 7
D->valSize : 250
Solving...
Blb : 2 (clique : 21)
currentSize : 21 <-- 0.002587 s
currentSize : 22 <-- 0.002803 s
currentSize : 23 <-- 0.002904 s
currentSize : 24 <-- 0.003150 s
currentSize : 25 <-- 0.040954 s
currentSize : 26 <-- 363.742889 s

maxsize : 26
nodes : 185968008.000000
filtered : 1560052915.000000
time : 847.308838
