Parameters: GAD=1 vflib=1 dir=1 label=1 lowerbound=1 fileNameGp=../../cp2016-max-common-connected-subgraph-paper/datasets/graphsdb/mcs30/m2D/m2Dr6/mcs30_m2Dr6_s70.A01 fileNameGt=../../cp2016-max-common-connected-subgraph-paper/datasets/graphsdb/mcs30/m2D/m2Dr6/mcs30_m2Dr6_s70.B01
Reading graphs...
70 : 164
70 : 164
Initializing...
maxdom : 8
D->valSize : 296
Solving...
Blb : 3 (clique : 26)
currentSize : 26 <-- 0.003608 s
currentSize : 27 <-- 0.634628 s
currentSize : 28 <-- 246.332947 s
currentSize : 29 <-- 367.524323 s
currentSize : 30 <-- 500.083435 s
currentSize : 31 <-- 745.559998 s

TIMEOUT
maxsize : 31
nodes : 203656611.000000
filtered : 1603210704.000000
time : 1000.000000
