Parameters: GAD=1 vflib=1 dir=1 label=1 lowerbound=1 fileNameGp=../../cp2016-max-common-connected-subgraph-paper/datasets/graphsdb/mcs30/m2D/m2D/mcs30_m2D_s70.A07 fileNameGt=../../cp2016-max-common-connected-subgraph-paper/datasets/graphsdb/mcs30/m2D/m2D/mcs30_m2D_s70.B07
Reading graphs...
70 : 123
70 : 123
Initializing...
maxdom : 8
D->valSize : 319
Solving...
Blb : 2 (clique : 25)
currentSize : 25 <-- 0.002560 s
currentSize : 26 <-- 0.003689 s
currentSize : 27 <-- 0.042148 s
currentSize : 28 <-- 0.236798 s
currentSize : 29 <-- 0.998398 s
currentSize : 30 <-- 3.716399 s
currentSize : 31 <-- 8.706466 s

TIMEOUT
maxsize : 31
nodes : 211937535.000000
filtered : 1456989000.000000
time : 1000.000000
