Parameters: GAD=1 vflib=1 dir=1 label=1 lowerbound=1 fileNameGp=../../cp2016-max-common-connected-subgraph-paper/datasets/graphsdb/mcs30/m3D/m3Dr2/mcs30_m3Dr2_s100.A07 fileNameGt=../../cp2016-max-common-connected-subgraph-paper/datasets/graphsdb/mcs30/m3D/m3Dr2/mcs30_m3Dr2_s100.B07
Reading graphs...
100 : 255
100 : 255
Initializing...
maxdom : 7
D->valSize : 345
Solving...
Blb : 2 (clique : 28)
currentSize : 28 <-- 0.003355 s
currentSize : 29 <-- 0.115820 s
currentSize : 30 <-- 3.179205 s
currentSize : 31 <-- 18.126804 s
currentSize : 32 <-- 182.738922 s
currentSize : 33 <-- 447.359650 s
currentSize : 34 <-- 576.247620 s

TIMEOUT
maxsize : 34
nodes : 191482793.000000
filtered : 898458939.000000
time : 1000.000000
