Parameters: GAD=1 vflib=1 dir=1 label=1 lowerbound=1 fileNameGp=../../cp2016-max-common-connected-subgraph-paper/datasets/graphsdb/mcs30/m2D/m2Dr4/mcs30_m2Dr4_s50.A08 fileNameGt=../../cp2016-max-common-connected-subgraph-paper/datasets/graphsdb/mcs30/m2D/m2Dr4/mcs30_m2Dr4_s50.B08
Reading graphs...
50 : 105
50 : 105
Initializing...
maxdom : 9
D->valSize : 333
Solving...
Blb : 2 (clique : 19)
currentSize : 19 <-- 0.002488 s
currentSize : 20 <-- 0.236474 s
currentSize : 21 <-- 1.948303 s
currentSize : 22 <-- 31.980991 s
currentSize : 23 <-- 87.232559 s
currentSize : 24 <-- 158.592911 s
currentSize : 25 <-- 158.633865 s

maxsize : 25
nodes : 37908884.000000
filtered : 481335771.000000
time : 177.072647
