Parameters: GAD=1 vflib=1 dir=1 label=1 lowerbound=1 fileNameGp=../../cp2016-max-common-connected-subgraph-paper/datasets/graphsdb/mcs30/rand/r005/mcs30_r005_s40.A01 fileNameGt=../../cp2016-max-common-connected-subgraph-paper/datasets/graphsdb/mcs30/rand/r005/mcs30_r005_s40.B01
Reading graphs...
40 : 83
40 : 83
Initializing...
maxdom : 7
D->valSize : 201
Solving...
Blb : 2 (clique : 12)
currentSize : 12 <-- 0.001087 s
currentSize : 13 <-- 0.001174 s
currentSize : 14 <-- 0.016738 s
currentSize : 15 <-- 0.016796 s
currentSize : 16 <-- 0.060808 s
currentSize : 17 <-- 1.007263 s

maxsize : 17
nodes : 2674654.000000
filtered : 22993813.000000
time : 9.790406
