Parameters: GAD=1 vflib=1 dir=1 label=1 lowerbound=1 fileNameGp=../../cp2016-max-common-connected-subgraph-paper/datasets/graphsdb/mcs30/rand/r01/mcs30_r01_s90.A07 fileNameGt=../../cp2016-max-common-connected-subgraph-paper/datasets/graphsdb/mcs30/rand/r01/mcs30_r01_s90.B07
Reading graphs...
90 : 800
90 : 800
Initializing...
maxdom : 10
D->valSize : 503
Solving...
Blb : 2 (clique : 14)
currentSize : 14 <-- 0.007818 s
currentSize : 15 <-- 0.028317 s
currentSize : 16 <-- 0.051864 s
currentSize : 17 <-- 0.116515 s
currentSize : 18 <-- 0.361766 s
currentSize : 19 <-- 2.049155 s
currentSize : 20 <-- 2.933586 s
currentSize : 21 <-- 2.934199 s
currentSize : 22 <-- 2.934316 s
currentSize : 23 <-- 11.344963 s
currentSize : 26 <-- 49.237019 s
currentSize : 27 <-- 55.196262 s

maxsize : 27
nodes : 11037374.000000
filtered : 220425430.000000
time : 75.841988
