Parameters: GAD=1 vflib=1 dir=1 label=1 lowerbound=1 fileNameGp=../../cp2016-max-common-connected-subgraph-paper/datasets/graphsdb/mcs30/m4D/m4Dr4/mcs30_m4Dr4_s60.A04 fileNameGt=../../cp2016-max-common-connected-subgraph-paper/datasets/graphsdb/mcs30/m4D/m4Dr4/mcs30_m4Dr4_s60.B04
Reading graphs...
60 : 126
60 : 125
Initializing...
maxdom : 7
D->valSize : 216
Solving...
Blb : 2 (clique : 22)
currentSize : 22 <-- 0.001671 s
currentSize : 23 <-- 0.115711 s
currentSize : 24 <-- 0.137477 s
currentSize : 25 <-- 5.527270 s
currentSize : 26 <-- 31.850121 s

maxsize : 26
nodes : 33273600.000000
filtered : 225038613.000000
time : 148.489594
