Parameters: GAD=1 vflib=1 dir=1 label=1 lowerbound=1 fileNameGp=../../cp2016-max-common-connected-subgraph-paper/datasets/graphsdb/mcs30/m4D/m4Dr6/mcs30_m4Dr6_s50.A03 fileNameGt=../../cp2016-max-common-connected-subgraph-paper/datasets/graphsdb/mcs30/m4D/m4Dr6/mcs30_m4Dr6_s50.B03
Reading graphs...
50 : 117
50 : 115
Initializing...
maxdom : 9
D->valSize : 349
Solving...
Blb : 2 (clique : 16)
currentSize : 16 <-- 0.004068 s
currentSize : 17 <-- 0.006244 s
currentSize : 18 <-- 0.101727 s
currentSize : 19 <-- 0.102526 s
currentSize : 20 <-- 15.946839 s
currentSize : 21 <-- 53.742489 s

maxsize : 21
nodes : 47418824.000000
filtered : 713409485.000000
time : 222.240143
