Parameters: GAD=1 vflib=1 dir=1 label=1 lowerbound=1 fileNameGp=../../cp2016-max-common-connected-subgraph-paper/datasets/graphsdb/mcs30/bvg/b06/mcs30_b06_s60.A01 fileNameGt=../../cp2016-max-common-connected-subgraph-paper/datasets/graphsdb/mcs30/bvg/b06/mcs30_b06_s60.B01
Reading graphs...
60 : 180
60 : 180
Initializing...
maxdom : 8
D->valSize : 242
Solving...
Blb : 5 (clique : 17)
currentSize : 17 <-- 0.001664 s
currentSize : 18 <-- 0.001822 s
currentSize : 19 <-- 0.007087 s
currentSize : 20 <-- 0.602155 s
currentSize : 21 <-- 0.604520 s
currentSize : 22 <-- 42.660160 s

maxsize : 22
nodes : 13609480.000000
filtered : 147520178.000000
time : 64.107986
