Parameters: GAD=1 vflib=1 dir=1 label=1 lowerbound=1 fileNameGp=../../cp2016-max-common-connected-subgraph-paper/datasets/graphsdb/mcs30/m2D/m2D/mcs30_m2D_s100.A06 fileNameGt=../../cp2016-max-common-connected-subgraph-paper/datasets/graphsdb/mcs30/m2D/m2D/mcs30_m2D_s100.B06
Reading graphs...
100 : 180
100 : 180
Initializing...
maxdom : 6
D->valSize : 317
Solving...
Blb : 2 (clique : 36)
currentSize : 36 <-- 0.003373 s
currentSize : 37 <-- 0.008478 s
currentSize : 38 <-- 0.035210 s
currentSize : 39 <-- 0.207204 s
currentSize : 40 <-- 1.209217 s
currentSize : 41 <-- 1.906690 s
currentSize : 42 <-- 302.692902 s

TIMEOUT
maxsize : 42
nodes : 187259079.000000
filtered : 888500221.000000
time : 1000.000061
