Parameters: GAD=1 vflib=1 dir=1 label=1 lowerbound=1 fileNameGp=../../cp2016-max-common-connected-subgraph-paper/datasets/graphsdb/mcs30/m3D/m3Dr2/mcs30_m3Dr2_s100.A00 fileNameGt=../../cp2016-max-common-connected-subgraph-paper/datasets/graphsdb/mcs30/m3D/m3Dr2/mcs30_m3Dr2_s100.B00
Reading graphs...
100 : 255
100 : 255
Initializing...
maxdom : 7
D->valSize : 334
Solving...
Blb : 2 (clique : 27)
currentSize : 27 <-- 0.003185 s
currentSize : 28 <-- 0.031878 s
currentSize : 29 <-- 0.458699 s
currentSize : 30 <-- 0.459587 s
currentSize : 31 <-- 2.444002 s
currentSize : 32 <-- 7.972926 s
currentSize : 33 <-- 161.834381 s
currentSize : 34 <-- 821.821228 s

TIMEOUT
maxsize : 34
nodes : 184290072.000000
filtered : 1074189097.000000
time : 1000.000000
