Parameters: GAD=1 vflib=1 dir=1 label=1 lowerbound=1 fileNameGp=../../cp2016-max-common-connected-subgraph-paper/datasets/graphsdb/mcs30/rand/r005/mcs30_r005_s70.A06 fileNameGt=../../cp2016-max-common-connected-subgraph-paper/datasets/graphsdb/mcs30/rand/r005/mcs30_r005_s70.B06
Reading graphs...
70 : 240
70 : 240
Initializing...
maxdom : 10
D->valSize : 321
Solving...
Blb : 2 (clique : 21)
currentSize : 21 <-- 0.002577 s
currentSize : 22 <-- 0.002901 s
currentSize : 23 <-- 0.005691 s
currentSize : 24 <-- 5.967156 s
currentSize : 25 <-- 19.712791 s

maxsize : 25
nodes : 150469097.000000
filtered : 1604341365.000000
time : 776.855774
