Parameters: GAD=1 vflib=1 dir=1 label=1 lowerbound=1 fileNameGp=../../cp2016-max-common-connected-subgraph-paper/datasets/graphsdb/mcs30/m2D/m2Dr4/mcs30_m2Dr4_s60.A08 fileNameGt=../../cp2016-max-common-connected-subgraph-paper/datasets/graphsdb/mcs30/m2D/m2Dr4/mcs30_m2Dr4_s60.B08
Reading graphs...
60 : 128
60 : 125
Initializing...
maxdom : 8
D->valSize : 227
Solving...
Blb : 2 (clique : 20)
currentSize : 20 <-- 0.001457 s
currentSize : 21 <-- 0.001590 s
currentSize : 22 <-- 0.001682 s
currentSize : 23 <-- 0.003928 s
currentSize : 25 <-- 0.094144 s

maxsize : 25
nodes : 100773686.000000
filtered : 761273042.000000
time : 441.341125
