Parameters: GAD=1 vflib=1 dir=1 label=1 lowerbound=1 fileNameGp=../../cp2016-max-common-connected-subgraph-paper/datasets/graphsdb/mcs30/m2D/m2Dr4/mcs30_m2Dr4_s60.A04 fileNameGt=../../cp2016-max-common-connected-subgraph-paper/datasets/graphsdb/mcs30/m2D/m2Dr4/mcs30_m2Dr4_s60.B04
Reading graphs...
60 : 128
60 : 126
Initializing...
maxdom : 8
D->valSize : 272
Solving...
Blb : 5 (clique : 19)
currentSize : 19 <-- 0.003111 s
currentSize : 20 <-- 0.073198 s
currentSize : 21 <-- 0.438661 s
currentSize : 22 <-- 0.651898 s
currentSize : 23 <-- 15.231474 s
currentSize : 24 <-- 36.901234 s

maxsize : 24
nodes : 165610753.000000
filtered : 1277984385.000000
time : 746.241699
