Parameters: GAD=1 vflib=1 dir=1 label=1 lowerbound=1 fileNameGp=../../cp2016-max-common-connected-subgraph-paper/datasets/graphsdb/mcs30/bvg/b06/mcs30_b06_s100.A06 fileNameGt=../../cp2016-max-common-connected-subgraph-paper/datasets/graphsdb/mcs30/bvg/b06/mcs30_b06_s100.B06
Reading graphs...
100 : 300
100 : 300
Initializing...
maxdom : 8
D->valSize : 333
Solving...
Blb : 3 (clique : 31)
currentSize : 31 <-- 0.003263 s
currentSize : 32 <-- 0.051972 s
currentSize : 33 <-- 0.264921 s
currentSize : 34 <-- 1.522147 s
currentSize : 35 <-- 4.321064 s
currentSize : 36 <-- 14.231650 s
currentSize : 37 <-- 20.553024 s
currentSize : 38 <-- 89.655334 s

TIMEOUT
maxsize : 38
nodes : 192173412.000000
filtered : 902834190.000000
time : 1000.000061
