Parameters: GAD=1 vflib=1 dir=1 label=1 lowerbound=1 fileNameGp=../../cp2016-max-common-connected-subgraph-paper/datasets/graphsdb/mcs30/m4D/m4D/mcs30_m4D_s80.A04 fileNameGt=../../cp2016-max-common-connected-subgraph-paper/datasets/graphsdb/mcs30/m4D/m4D/mcs30_m4D_s80.B04
Reading graphs...
80 : 131
80 : 131
Initializing...
maxdom : 11
D->valSize : 406
Solving...
Blb : 2 (clique : 28)
currentSize : 28 <-- 0.003860 s
currentSize : 29 <-- 0.005096 s
currentSize : 30 <-- 0.030567 s
currentSize : 31 <-- 2.571117 s
currentSize : 32 <-- 2.597083 s
currentSize : 33 <-- 284.446838 s

TIMEOUT
maxsize : 33
nodes : 205547367.000000
filtered : 1558789030.000000
time : 1000.000000
