Parameters: GAD=1 vflib=1 dir=1 label=1 lowerbound=1 fileNameGp=../../cp2016-max-common-connected-subgraph-paper/datasets/graphsdb/mcs30/m3D/m3Dr4/mcs30_m3Dr4_s90.A03 fileNameGt=../../cp2016-max-common-connected-subgraph-paper/datasets/graphsdb/mcs30/m3D/m3Dr4/mcs30_m3Dr4_s90.B03
Reading graphs...
90 : 245
90 : 244
Initializing...
maxdom : 9
D->valSize : 539
Solving...
Blb : 2 (clique : 28)
currentSize : 28 <-- 0.006060 s
currentSize : 29 <-- 0.007162 s
currentSize : 30 <-- 0.021464 s
currentSize : 31 <-- 11.516500 s
currentSize : 32 <-- 18.782228 s
currentSize : 33 <-- 40.195335 s
currentSize : 34 <-- 43.722443 s
currentSize : 35 <-- 56.907234 s

TIMEOUT
maxsize : 35
nodes : 186274704.000000
filtered : 1254223198.000000
time : 1000.000000
