Parameters: GAD=1 vflib=1 dir=1 label=1 lowerbound=1 fileNameGp=../../cp2016-max-common-connected-subgraph-paper/datasets/graphsdb/mcs30/m4D/m4Dr6/mcs30_m4Dr6_s60.A05 fileNameGt=../../cp2016-max-common-connected-subgraph-paper/datasets/graphsdb/mcs30/m4D/m4Dr6/mcs30_m4Dr6_s60.B05
Reading graphs...
60 : 138
60 : 137
Initializing...
maxdom : 8
D->valSize : 240
Solving...
Blb : 3 (clique : 18)
currentSize : 18 <-- 0.001729 s
currentSize : 19 <-- 0.028444 s
currentSize : 20 <-- 0.033808 s
currentSize : 21 <-- 0.083170 s
currentSize : 22 <-- 0.838226 s
currentSize : 23 <-- 13.275798 s
currentSize : 24 <-- 43.045437 s

maxsize : 24
nodes : 58812897.000000
filtered : 506864647.000000
time : 258.989380
