Parameters: GAD=1 vflib=1 dir=1 label=1 lowerbound=1 fileNameGp=../../cp2016-max-common-connected-subgraph-paper/datasets/graphsdb/mcs30/m2D/m2D/mcs30_m2D_s80.A08 fileNameGt=../../cp2016-max-common-connected-subgraph-paper/datasets/graphsdb/mcs30/m2D/m2D/mcs30_m2D_s80.B08
Reading graphs...
80 : 142
80 : 142
Initializing...
maxdom : 8
D->valSize : 420
Solving...
Blb : 2 (clique : 29)
currentSize : 29 <-- 0.004133 s
currentSize : 30 <-- 0.004376 s
currentSize : 31 <-- 0.004457 s
currentSize : 32 <-- 0.004651 s
currentSize : 33 <-- 0.009581 s
currentSize : 34 <-- 0.015605 s
currentSize : 35 <-- 1.195126 s
currentSize : 36 <-- 1.354896 s
currentSize : 37 <-- 8.626873 s

TIMEOUT
maxsize : 37
nodes : 182490719.000000
filtered : 1505256122.000000
time : 1000.000000
