Parameters: GAD=1 vflib=1 dir=1 label=1 lowerbound=1 fileNameGp=../../cp2016-max-common-connected-subgraph-paper/datasets/graphsdb/mcs30/bvg/b03m/mcs30_b03m_s60.A04 fileNameGt=../../cp2016-max-common-connected-subgraph-paper/datasets/graphsdb/mcs30/bvg/b03m/mcs30_b03m_s60.B04
Reading graphs...
60 : 90
60 : 90
Initializing...
maxdom : 9
D->valSize : 256
Solving...
Blb : 2 (clique : 23)
currentSize : 23 <-- 0.001833 s
currentSize : 24 <-- 0.002009 s
currentSize : 25 <-- 0.002126 s
currentSize : 26 <-- 0.002444 s
currentSize : 27 <-- 0.002509 s
currentSize : 28 <-- 0.006273 s
currentSize : 29 <-- 115.559296 s

maxsize : 29
nodes : 115213571.000000
filtered : 1158110591.000000
time : 571.376953
