Parameters: GAD=1 vflib=1 dir=1 label=1 lowerbound=1 fileNameGp=../../cp2016-max-common-connected-subgraph-paper/datasets/graphsdb/mcs30/m2D/m2Dr6/mcs30_m2Dr6_s60.A06 fileNameGt=../../cp2016-max-common-connected-subgraph-paper/datasets/graphsdb/mcs30/m2D/m2Dr6/mcs30_m2Dr6_s60.B06
Reading graphs...
60 : 140
60 : 140
Initializing...
maxdom : 8
D->valSize : 217
Solving...
Blb : 2 (clique : 17)
currentSize : 17 <-- 0.002304 s
currentSize : 18 <-- 0.015163 s
currentSize : 19 <-- 0.033859 s
currentSize : 20 <-- 0.053584 s
currentSize : 21 <-- 1.886703 s
currentSize : 22 <-- 5.085471 s

maxsize : 22
nodes : 17181857.000000
filtered : 120797619.000000
time : 71.665146
