Parameters: GAD=1 vflib=1 dir=1 label=1 lowerbound=1 fileNameGp=../../cp2016-max-common-connected-subgraph-paper/datasets/graphsdb/mcs30/bvg/b09m/mcs30_b09m_s70.A05 fileNameGt=../../cp2016-max-common-connected-subgraph-paper/datasets/graphsdb/mcs30/bvg/b09m/mcs30_b09m_s70.B05
Reading graphs...
70 : 315
70 : 315
Initializing...
maxdom : 8
D->valSize : 326
Solving...
Blb : 3 (clique : 18)
currentSize : 18 <-- 0.004033 s
currentSize : 19 <-- 1.603565 s
currentSize : 20 <-- 45.122753 s
currentSize : 21 <-- 45.130177 s
currentSize : 22 <-- 45.956036 s
currentSize : 23 <-- 46.021130 s
currentSize : 24 <-- 46.021255 s
currentSize : 25 <-- 46.465160 s

maxsize : 25
nodes : 20558657.000000
filtered : 196345849.000000
time : 100.779648
