Parameters: GAD=1 vflib=1 dir=1 label=1 lowerbound=1 fileNameGp=../../cp2016-max-common-connected-subgraph-paper/datasets/graphsdb/mcs30/m4D/m4Dr6/mcs30_m4Dr6_s50.A09 fileNameGt=../../cp2016-max-common-connected-subgraph-paper/datasets/graphsdb/mcs30/m4D/m4Dr6/mcs30_m4Dr6_s50.B09
Reading graphs...
50 : 117
50 : 116
Initializing...
maxdom : 11
D->valSize : 314
Solving...
Blb : 2 (clique : 17)
currentSize : 17 <-- 0.002209 s
currentSize : 18 <-- 0.002330 s
currentSize : 19 <-- 0.002528 s
currentSize : 20 <-- 1.805411 s
currentSize : 21 <-- 26.765779 s
currentSize : 22 <-- 53.166725 s
currentSize : 23 <-- 147.569794 s

maxsize : 23
nodes : 46797603.000000
filtered : 689100908.000000
time : 225.343491
