Parameters: GAD=1 vflib=1 dir=1 label=1 lowerbound=1 fileNameGp=../../cp2016-max-common-connected-subgraph-paper/datasets/graphsdb/mcs30/m2D/m2Dr6/mcs30_m2Dr6_s50.A07 fileNameGt=../../cp2016-max-common-connected-subgraph-paper/datasets/graphsdb/mcs30/m2D/m2Dr6/mcs30_m2Dr6_s50.B07
Reading graphs...
50 : 115
50 : 114
Initializing...
maxdom : 11
D->valSize : 355
Solving...
Blb : 2 (clique : 19)
currentSize : 19 <-- 0.002684 s
currentSize : 20 <-- 0.008363 s
currentSize : 21 <-- 0.496541 s
currentSize : 22 <-- 24.904305 s
currentSize : 23 <-- 51.775311 s

maxsize : 23
nodes : 43834955.000000
filtered : 751578777.000000
time : 221.991455
