Parameters: GAD=1 vflib=1 dir=1 label=1 lowerbound=1 fileNameGp=../../cp2016-max-common-connected-subgraph-paper/datasets/graphsdb/mcs30/m3D/m3D/mcs30_m3D_s100.A06 fileNameGt=../../cp2016-max-common-connected-subgraph-paper/datasets/graphsdb/mcs30/m3D/m3D/mcs30_m3D_s100.B06
Reading graphs...
100 : 235
100 : 235
Initializing...
maxdom : 9
D->valSize : 337
Solving...
Blb : 2 (clique : 30)
currentSize : 30 <-- 0.005270 s
currentSize : 31 <-- 0.005650 s
currentSize : 32 <-- 0.009063 s
currentSize : 33 <-- 0.426105 s
currentSize : 34 <-- 1.007400 s
currentSize : 35 <-- 7.845919 s
currentSize : 36 <-- 366.536224 s
currentSize : 37 <-- 408.480804 s
currentSize : 38 <-- 408.839630 s

TIMEOUT
maxsize : 38
nodes : 193864424.000000
filtered : 804265152.000000
time : 1000.000061
