Parameters: GAD=1 vflib=1 dir=1 label=1 lowerbound=1 fileNameGp=../../cp2016-max-common-connected-subgraph-paper/datasets/graphsdb/mcs30/bvg/b09m/mcs30_b09m_s70.A04 fileNameGt=../../cp2016-max-common-connected-subgraph-paper/datasets/graphsdb/mcs30/bvg/b09m/mcs30_b09m_s70.B04
Reading graphs...
70 : 315
70 : 315
Initializing...
maxdom : 8
D->valSize : 301
Solving...
Blb : 3 (clique : 19)
currentSize : 19 <-- 0.002347 s
currentSize : 21 <-- 34.168480 s
currentSize : 22 <-- 34.171116 s
currentSize : 23 <-- 34.172241 s
currentSize : 24 <-- 76.486549 s

maxsize : 24
nodes : 18256077.000000
filtered : 166406331.000000
time : 90.708916
