Parameters: GAD=1 vflib=1 dir=1 label=1 lowerbound=1 fileNameGp=../../cp2016-max-common-connected-subgraph-paper/datasets/graphsdb/mcs30/m2D/m2Dr2/mcs30_m2Dr2_s70.A02 fileNameGt=../../cp2016-max-common-connected-subgraph-paper/datasets/graphsdb/mcs30/m2D/m2Dr2/mcs30_m2Dr2_s70.B02
Reading graphs...
70 : 137
70 : 136
Initializing...
maxdom : 7
D->valSize : 330
Solving...
Blb : 2 (clique : 27)
currentSize : 27 <-- 0.004478 s
currentSize : 28 <-- 0.076634 s
currentSize : 29 <-- 0.459762 s
currentSize : 30 <-- 2.766458 s
currentSize : 31 <-- 3.042084 s
currentSize : 32 <-- 324.526978 s
currentSize : 33 <-- 931.910828 s

TIMEOUT
maxsize : 33
nodes : 203091449.000000
filtered : 1545143054.000000
time : 1000.000000
