Parameters: GAD=1 vflib=1 dir=1 label=1 lowerbound=1 fileNameGp=../../cp2016-max-common-connected-subgraph-paper/datasets/graphsdb/mcs30/bvg/b06m/mcs30_b06m_s100.A03 fileNameGt=../../cp2016-max-common-connected-subgraph-paper/datasets/graphsdb/mcs30/bvg/b06m/mcs30_b06m_s100.B03
Reading graphs...
100 : 300
100 : 300
Initializing...
maxdom : 6
D->valSize : 341
Solving...
Blb : 2 (clique : 26)
currentSize : 26 <-- 0.003237 s
currentSize : 27 <-- 0.016906 s
currentSize : 28 <-- 7.811118 s
currentSize : 29 <-- 36.010056 s
currentSize : 30 <-- 570.852356 s
currentSize : 31 <-- 715.341675 s
currentSize : 32 <-- 831.126404 s

TIMEOUT
maxsize : 32
nodes : 182824357.000000
filtered : 978339371.000000
time : 1000.000000
