Parameters: GAD=1 vflib=1 dir=1 label=1 lowerbound=1 fileNameGp=../../cp2016-max-common-connected-subgraph-paper/datasets/graphsdb/mcs30/bvg/b03/mcs30_b03_s50.A05 fileNameGt=../../cp2016-max-common-connected-subgraph-paper/datasets/graphsdb/mcs30/bvg/b03/mcs30_b03_s50.B05
Reading graphs...
50 : 75
50 : 75
Initializing...
maxdom : 11
D->valSize : 356
Solving...
Blb : 2 (clique : 21)
currentSize : 21 <-- 0.004217 s
currentSize : 22 <-- 0.004609 s
currentSize : 23 <-- 0.005048 s
currentSize : 24 <-- 0.005460 s
currentSize : 25 <-- 0.014500 s
currentSize : 26 <-- 0.031603 s

TIMEOUT
maxsize : 26
nodes : 222741821.000000
filtered : 2700228747.000000
time : 1000.000000
