Parameters: GAD=1 vflib=1 dir=1 label=1 lowerbound=1 fileNameGp=../../cp2016-max-common-connected-subgraph-paper/datasets/graphsdb/mcs30/m4D/m4Dr2/mcs30_m4Dr2_s70.A05 fileNameGt=../../cp2016-max-common-connected-subgraph-paper/datasets/graphsdb/mcs30/m4D/m4Dr2/mcs30_m4Dr2_s70.B05
Reading graphs...
70 : 132
70 : 132
Initializing...
maxdom : 10
D->valSize : 297
Solving...
Blb : 2 (clique : 27)
currentSize : 27 <-- 0.002319 s
currentSize : 28 <-- 0.007212 s
currentSize : 29 <-- 0.131954 s
currentSize : 30 <-- 1.701955 s
currentSize : 31 <-- 1.783734 s
currentSize : 32 <-- 100.790253 s

TIMEOUT
maxsize : 32
nodes : 224293647.000000
filtered : 1514932426.000000
time : 1000.000061
