Parameters: GAD=1 vflib=1 dir=1 label=1 lowerbound=1 fileNameGp=../../cp2016-max-common-connected-subgraph-paper/datasets/graphsdb/mcs30/rand/r01/mcs30_r01_s50.A02 fileNameGt=../../cp2016-max-common-connected-subgraph-paper/datasets/graphsdb/mcs30/rand/r01/mcs30_r01_s50.B02
Reading graphs...
50 : 244
50 : 244
Initializing...
maxdom : 9
D->valSize : 311
Solving...
Blb : 5 (clique : 12)
currentSize : 12 <-- 0.002003 s
currentSize : 13 <-- 0.010353 s
currentSize : 14 <-- 0.091650 s
currentSize : 15 <-- 0.091878 s
currentSize : 16 <-- 0.261408 s
currentSize : 17 <-- 1.148743 s
currentSize : 18 <-- 1.150634 s

maxsize : 18
nodes : 608800.000000
filtered : 10875084.000000
time : 3.020827
