Parameters: GAD=1 vflib=1 dir=1 label=1 lowerbound=1 fileNameGp=../../cp2016-max-common-connected-subgraph-paper/datasets/graphsdb/mcs30/m2D/m2Dr2/mcs30_m2Dr2_s50.A07 fileNameGt=../../cp2016-max-common-connected-subgraph-paper/datasets/graphsdb/mcs30/m2D/m2Dr2/mcs30_m2Dr2_s50.B07
Reading graphs...
50 : 95
50 : 94
Initializing...
maxdom : 9
D->valSize : 306
Solving...
Blb : 2 (clique : 20)
currentSize : 20 <-- 0.002168 s
currentSize : 21 <-- 0.002311 s
currentSize : 22 <-- 0.008186 s
currentSize : 23 <-- 8.893084 s
currentSize : 24 <-- 491.222137 s

maxsize : 24
nodes : 199634696.000000
filtered : 2249182652.000000
time : 911.636047
