Parameters: GAD=1 vflib=1 dir=1 label=1 lowerbound=1 fileNameGp=../../cp2016-max-common-connected-subgraph-paper/datasets/graphsdb/mcs30/m4D/m4Dr2/mcs30_m4Dr2_s70.A01 fileNameGt=../../cp2016-max-common-connected-subgraph-paper/datasets/graphsdb/mcs30/m4D/m4Dr2/mcs30_m4Dr2_s70.B01
Reading graphs...
70 : 131
70 : 131
Initializing...
maxdom : 9
D->valSize : 310
Solving...
Blb : 3 (clique : 22)
currentSize : 22 <-- 0.002432 s
currentSize : 23 <-- 0.003112 s
currentSize : 24 <-- 0.003162 s
currentSize : 25 <-- 0.006039 s
currentSize : 26 <-- 0.018811 s
currentSize : 27 <-- 4.736905 s
currentSize : 28 <-- 11.077971 s
currentSize : 29 <-- 20.491920 s

TIMEOUT
maxsize : 29
nodes : 222306575.000000
filtered : 1564007115.000000
time : 1000.000000
