Parameters: GAD=1 vflib=1 dir=1 label=1 lowerbound=1 fileNameGp=../../cp2016-max-common-connected-subgraph-paper/datasets/graphsdb/mcs30/m3D/m3Dr6/mcs30_m3Dr6_s100.A06 fileNameGt=../../cp2016-max-common-connected-subgraph-paper/datasets/graphsdb/mcs30/m3D/m3Dr6/mcs30_m3Dr6_s100.B06
Reading graphs...
100 : 295
100 : 293
Initializing...
maxdom : 7
D->valSize : 336
Solving...
Blb : 2 (clique : 26)
currentSize : 26 <-- 0.003161 s
currentSize : 27 <-- 0.027678 s
currentSize : 28 <-- 2.314433 s
currentSize : 29 <-- 18.101456 s
currentSize : 30 <-- 86.625725 s
currentSize : 31 <-- 473.574524 s

TIMEOUT
maxsize : 31
nodes : 183213421.000000
filtered : 1025490987.000000
time : 1000.000000
