Parameters: GAD=1 vflib=1 dir=1 label=1 lowerbound=1 fileNameGp=../../cp2016-max-common-connected-subgraph-paper/datasets/graphsdb/mcs30/rand/r005/mcs30_r005_s80.A05 fileNameGt=../../cp2016-max-common-connected-subgraph-paper/datasets/graphsdb/mcs30/rand/r005/mcs30_r005_s80.B05
Reading graphs...
80 : 315
80 : 315
Initializing...
maxdom : 10
D->valSize : 416
Solving...
Blb : 2 (clique : 21)
currentSize : 21 <-- 0.003840 s
currentSize : 22 <-- 0.004033 s
currentSize : 24 <-- 0.004156 s
currentSize : 25 <-- 0.004270 s
currentSize : 26 <-- 0.042372 s
currentSize : 27 <-- 3.949854 s
currentSize : 28 <-- 4.004869 s

TIMEOUT
maxsize : 28
nodes : 171229975.000000
filtered : 2205155075.000000
time : 1000.000000
