Parameters: GAD=1 vflib=1 dir=1 label=1 lowerbound=1 fileNameGp=../../cp2016-max-common-connected-subgraph-paper/datasets/graphsdb/mcs30/m3D/m3Dr2/mcs30_m3Dr2_s70.A03 fileNameGt=../../cp2016-max-common-connected-subgraph-paper/datasets/graphsdb/mcs30/m3D/m3Dr2/mcs30_m3Dr2_s70.B03
Reading graphs...
70 : 173
70 : 173
Initializing...
maxdom : 7
D->valSize : 331
Solving...
Blb : 2 (clique : 20)
currentSize : 20 <-- 0.004348 s
currentSize : 21 <-- 0.004679 s
currentSize : 22 <-- 0.005167 s
currentSize : 23 <-- 0.122779 s
currentSize : 24 <-- 0.123357 s
currentSize : 25 <-- 0.559881 s
currentSize : 26 <-- 14.172831 s
currentSize : 27 <-- 20.285772 s
currentSize : 28 <-- 176.186234 s
currentSize : 29 <-- 464.029907 s
currentSize : 30 <-- 574.038025 s
currentSize : 31 <-- 992.807373 s

TIMEOUT
maxsize : 31
nodes : 197509306.000000
filtered : 2047384786.000000
time : 1000.000000
