Parameters: GAD=1 vflib=1 dir=1 label=1 lowerbound=1 fileNameGp=../../cp2016-max-common-connected-subgraph-paper/datasets/graphsdb/mcs30/m2D/m2D/mcs30_m2D_s60.A01 fileNameGt=../../cp2016-max-common-connected-subgraph-paper/datasets/graphsdb/mcs30/m2D/m2D/mcs30_m2D_s60.B01
Reading graphs...
60 : 104
60 : 104
Initializing...
maxdom : 8
D->valSize : 239
Solving...
Blb : 2 (clique : 19)
currentSize : 19 <-- 0.001695 s
currentSize : 20 <-- 0.001840 s
currentSize : 21 <-- 0.001911 s
currentSize : 22 <-- 0.002426 s
currentSize : 23 <-- 0.003835 s
currentSize : 24 <-- 0.004766 s
currentSize : 25 <-- 0.086031 s
currentSize : 26 <-- 0.281623 s
currentSize : 27 <-- 24.159050 s
currentSize : 28 <-- 112.225266 s

maxsize : 28
nodes : 82478741.000000
filtered : 603000599.000000
time : 353.318054
