Parameters: GAD=1 vflib=1 dir=1 label=1 lowerbound=1 fileNameGp=../../cp2016-max-common-connected-subgraph-paper/datasets/graphsdb/mcs30/rand/r01/mcs30_r01_s70.A08 fileNameGt=../../cp2016-max-common-connected-subgraph-paper/datasets/graphsdb/mcs30/rand/r01/mcs30_r01_s70.B08
Reading graphs...
70 : 482
70 : 482
Initializing...
maxdom : 10
D->valSize : 303
Solving...
Blb : 2 (clique : 13)
currentSize : 13 <-- 0.002245 s
currentSize : 14 <-- 0.033948 s
currentSize : 15 <-- 0.068367 s
currentSize : 16 <-- 0.069800 s
currentSize : 17 <-- 0.070668 s
currentSize : 18 <-- 4.821402 s
currentSize : 19 <-- 7.954723 s
currentSize : 21 <-- 11.685630 s
currentSize : 22 <-- 11.732102 s

maxsize : 22
nodes : 2504090.000000
filtered : 26172964.000000
time : 12.890405
