Parameters: GAD=1 vflib=1 dir=1 label=1 lowerbound=1 fileNameGp=../../cp2016-max-common-connected-subgraph-paper/datasets/graphsdb/mcs30/m4D/m4D/mcs30_m4D_s50.A06 fileNameGt=../../cp2016-max-common-connected-subgraph-paper/datasets/graphsdb/mcs30/m4D/m4D/mcs30_m4D_s50.B06
Reading graphs...
50 : 87
50 : 87
Initializing...
maxdom : 11
D->valSize : 313
Solving...
Blb : 2 (clique : 19)
currentSize : 19 <-- 0.002246 s
currentSize : 20 <-- 0.002382 s
currentSize : 21 <-- 0.013121 s
currentSize : 22 <-- 0.033498 s
currentSize : 23 <-- 0.053616 s
currentSize : 24 <-- 36.132839 s
currentSize : 25 <-- 36.161762 s

maxsize : 25
nodes : 51329909.000000
filtered : 627329244.000000
time : 226.605652
