Parameters: GAD=1 vflib=1 dir=1 label=1 lowerbound=1 fileNameGp=../../cp2016-max-common-connected-subgraph-paper/datasets/graphsdb/mcs30/bvg/b09/mcs30_b09_s80.A03 fileNameGt=../../cp2016-max-common-connected-subgraph-paper/datasets/graphsdb/mcs30/bvg/b09/mcs30_b09_s80.B03
Reading graphs...
80 : 360
80 : 360
Initializing...
maxdom : 9
D->valSize : 412
Solving...
Blb : 2 (clique : 17)
currentSize : 17 <-- 0.005777 s
currentSize : 18 <-- 0.006016 s
currentSize : 19 <-- 0.007333 s
currentSize : 20 <-- 0.022845 s
currentSize : 21 <-- 0.167894 s
currentSize : 22 <-- 1.485086 s
currentSize : 23 <-- 7.310225 s
currentSize : 24 <-- 61.385540 s
currentSize : 25 <-- 207.746552 s

TIMEOUT
maxsize : 25
nodes : 171548462.000000
filtered : 2611489262.000000
time : 1000.000000
