Parameters: GAD=1 vflib=1 dir=1 label=1 lowerbound=1 fileNameGp=../../cp2016-max-common-connected-subgraph-paper/datasets/graphsdb/mcs30/m3D/m3Dr6/mcs30_m3Dr6_s100.A00 fileNameGt=../../cp2016-max-common-connected-subgraph-paper/datasets/graphsdb/mcs30/m3D/m3Dr6/mcs30_m3Dr6_s100.B00
Reading graphs...
100 : 295
100 : 293
Initializing...
maxdom : 7
D->valSize : 318
Solving...
Blb : 2 (clique : 26)
currentSize : 26 <-- 0.003062 s
currentSize : 27 <-- 0.157587 s
currentSize : 28 <-- 2.052339 s
currentSize : 29 <-- 5.746013 s
currentSize : 30 <-- 7.901716 s
currentSize : 31 <-- 8.434907 s
currentSize : 32 <-- 11.034581 s
currentSize : 33 <-- 16.757030 s
currentSize : 34 <-- 51.709415 s
currentSize : 35 <-- 71.548317 s

TIMEOUT
maxsize : 35
nodes : 169592848.000000
filtered : 1219742305.000000
time : 1000.000000
