Parameters: GAD=1 vflib=1 dir=1 label=1 lowerbound=1 fileNameGp=../../cp2016-max-common-connected-subgraph-paper/datasets/graphsdb/mcs30/m2D/m2Dr6/mcs30_m2Dr6_s100.A05 fileNameGt=../../cp2016-max-common-connected-subgraph-paper/datasets/graphsdb/mcs30/m2D/m2Dr6/mcs30_m2Dr6_s100.B05
Reading graphs...
100 : 240
100 : 238
Initializing...
maxdom : 7
D->valSize : 328
Solving...
Blb : 2 (clique : 28)
currentSize : 28 <-- 0.005337 s
currentSize : 29 <-- 0.007851 s
currentSize : 30 <-- 0.046542 s
currentSize : 31 <-- 1.146750 s
currentSize : 32 <-- 76.288254 s
currentSize : 33 <-- 274.590637 s
currentSize : 34 <-- 569.957825 s

TIMEOUT
maxsize : 34
nodes : 185603690.000000
filtered : 995006812.000000
time : 1000.000000
