Parameters: GAD=1 vflib=1 dir=1 label=1 lowerbound=1 fileNameGp=../../cp2016-max-common-connected-subgraph-paper/datasets/graphsdb/mcs30/bvg/b06/mcs30_b06_s90.A08 fileNameGt=../../cp2016-max-common-connected-subgraph-paper/datasets/graphsdb/mcs30/bvg/b06/mcs30_b06_s90.B08
Reading graphs...
90 : 270
90 : 270
Initializing...
maxdom : 10
D->valSize : 579
Solving...
Blb : 2 (clique : 25)
currentSize : 25 <-- 0.011316 s
currentSize : 26 <-- 0.105119 s
currentSize : 27 <-- 0.445411 s
currentSize : 28 <-- 7.113435 s
currentSize : 29 <-- 11.547609 s
currentSize : 30 <-- 96.835625 s
currentSize : 31 <-- 128.903748 s
currentSize : 32 <-- 183.294327 s

TIMEOUT
maxsize : 32
nodes : 161122587.000000
filtered : 2166127962.000000
time : 1000.000000
