Parameters: GAD=1 vflib=1 dir=1 label=1 lowerbound=1 fileNameGp=../../cp2016-max-common-connected-subgraph-paper/datasets/graphsdb/mcs30/rand/r01/mcs30_r01_s90.A02 fileNameGt=../../cp2016-max-common-connected-subgraph-paper/datasets/graphsdb/mcs30/rand/r01/mcs30_r01_s90.B02
Reading graphs...
90 : 800
90 : 800
Initializing...
maxdom : 9
D->valSize : 481
Solving...
Blb : 2 (clique : 14)
currentSize : 14 <-- 0.004789 s
currentSize : 15 <-- 0.004953 s
currentSize : 16 <-- 0.005258 s
currentSize : 17 <-- 0.046669 s
currentSize : 18 <-- 0.444471 s
currentSize : 19 <-- 0.444734 s
currentSize : 20 <-- 3.348642 s
currentSize : 21 <-- 3.937117 s
currentSize : 22 <-- 22.271904 s
currentSize : 24 <-- 22.272024 s
currentSize : 25 <-- 26.866493 s
currentSize : 28 <-- 26.867353 s

maxsize : 28
nodes : 6441534.000000
filtered : 115218201.000000
time : 42.978687
