Parameters: GAD=1 vflib=1 dir=1 label=1 lowerbound=1 fileNameGp=../../cp2016-max-common-connected-subgraph-paper/datasets/graphsdb/mcs30/bvg/b03m/mcs30_b03m_s60.A00 fileNameGt=../../cp2016-max-common-connected-subgraph-paper/datasets/graphsdb/mcs30/bvg/b03m/mcs30_b03m_s60.B00
Reading graphs...
60 : 90
60 : 90
Initializing...
maxdom : 8
D->valSize : 242
Solving...
Blb : 2 (clique : 23)
currentSize : 23 <-- 0.001760 s
currentSize : 24 <-- 0.006138 s
currentSize : 25 <-- 0.027455 s
currentSize : 26 <-- 0.364416 s
currentSize : 27 <-- 4.591207 s
currentSize : 28 <-- 21.706039 s
currentSize : 29 <-- 177.885605 s
currentSize : 30 <-- 177.924362 s

maxsize : 30
nodes : 139798868.000000
filtered : 974056494.000000
time : 598.622742
