Parameters: GAD=1 vflib=1 dir=1 label=1 lowerbound=1 fileNameGp=../../cp2016-max-common-connected-subgraph-paper/datasets/graphsdb/mcs30/m3D/m3D/mcs30_m3D_s80.A07 fileNameGt=../../cp2016-max-common-connected-subgraph-paper/datasets/graphsdb/mcs30/m3D/m3D/mcs30_m3D_s80.B07
Reading graphs...
80 : 184
80 : 184
Initializing...
maxdom : 11
D->valSize : 452
Solving...
Blb : 2 (clique : 24)
currentSize : 24 <-- 0.007023 s
currentSize : 25 <-- 0.007374 s
currentSize : 26 <-- 0.064400 s
currentSize : 27 <-- 5.353249 s
currentSize : 28 <-- 22.338860 s
currentSize : 29 <-- 140.907715 s
currentSize : 30 <-- 150.527191 s
currentSize : 31 <-- 236.911499 s

TIMEOUT
maxsize : 31
nodes : 198257930.000000
filtered : 1813356487.000000
time : 1000.000000
