Parameters: GAD=1 vflib=1 dir=1 label=1 lowerbound=1 fileNameGp=../../cp2016-max-common-connected-subgraph-paper/datasets/graphsdb/mcs30/m2D/m2Dr2/mcs30_m2Dr2_s50.A04 fileNameGt=../../cp2016-max-common-connected-subgraph-paper/datasets/graphsdb/mcs30/m2D/m2Dr2/mcs30_m2Dr2_s50.B04
Reading graphs...
50 : 95
50 : 95
Initializing...
maxdom : 10
D->valSize : 321
Solving...
Blb : 2 (clique : 18)
currentSize : 18 <-- 0.002234 s
currentSize : 19 <-- 0.162568 s
currentSize : 20 <-- 3.271323 s
currentSize : 21 <-- 4.199969 s
currentSize : 22 <-- 4.452261 s
currentSize : 23 <-- 6.607629 s

TIMEOUT
maxsize : 23
nodes : 248216055.000000
filtered : 2521207747.000000
time : 1000.000000
