Parameters: GAD=1 vflib=1 dir=1 label=1 lowerbound=1 fileNameGp=../../cp2016-max-common-connected-subgraph-paper/datasets/graphsdb/mcs30/m2D/m2Dr4/mcs30_m2Dr4_s70.A06 fileNameGt=../../cp2016-max-common-connected-subgraph-paper/datasets/graphsdb/mcs30/m2D/m2Dr4/mcs30_m2Dr4_s70.B06
Reading graphs...
70 : 151
70 : 148
Initializing...
maxdom : 7
D->valSize : 316
Solving...
Blb : 2 (clique : 24)
currentSize : 24 <-- 0.002576 s
currentSize : 25 <-- 0.005009 s
currentSize : 26 <-- 0.008059 s
currentSize : 27 <-- 0.011823 s
currentSize : 28 <-- 0.476225 s
currentSize : 29 <-- 0.489374 s
currentSize : 30 <-- 25.544828 s
currentSize : 31 <-- 25.545193 s
currentSize : 32 <-- 25.566360 s

TIMEOUT
maxsize : 32
nodes : 197430232.000000
filtered : 1762988031.000000
time : 1000.000061
