Parameters: GAD=1 vflib=1 dir=1 label=1 lowerbound=1 fileNameGp=../../cp2016-max-common-connected-subgraph-paper/datasets/graphsdb/mcs30/m4D/m4D/mcs30_m4D_s90.A02 fileNameGt=../../cp2016-max-common-connected-subgraph-paper/datasets/graphsdb/mcs30/m4D/m4D/mcs30_m4D_s90.B02
Reading graphs...
90 : 146
90 : 146
Initializing...
maxdom : 12
D->valSize : 493
Solving...
Blb : 2 (clique : 33)
currentSize : 33 <-- 0.008767 s
currentSize : 34 <-- 6.223051 s
currentSize : 35 <-- 11.739378 s
currentSize : 36 <-- 48.560242 s
currentSize : 37 <-- 284.695648 s
currentSize : 38 <-- 304.671814 s

TIMEOUT
maxsize : 38
nodes : 169006716.000000
filtered : 1105181740.000000
time : 1000.000000
