Parameters: GAD=1 vflib=1 dir=1 label=1 lowerbound=1 fileNameGp=../../cp2016-max-common-connected-subgraph-paper/datasets/graphsdb/mcs30/rand/r005/mcs30_r005_s50.A02 fileNameGt=../../cp2016-max-common-connected-subgraph-paper/datasets/graphsdb/mcs30/rand/r005/mcs30_r005_s50.B02
Reading graphs...
50 : 126
50 : 126
Initializing...
maxdom : 9
D->valSize : 297
Solving...
Blb : 3 (clique : 15)
currentSize : 15 <-- 0.002096 s
currentSize : 16 <-- 0.002216 s
currentSize : 17 <-- 0.002547 s
currentSize : 18 <-- 0.007464 s
currentSize : 19 <-- 4.241393 s
currentSize : 20 <-- 100.856750 s

maxsize : 20
nodes : 30438584.000000
filtered : 318797764.000000
time : 133.029327
