Parameters: GAD=1 vflib=1 dir=1 label=1 lowerbound=1 fileNameGp=../../cp2016-max-common-connected-subgraph-paper/datasets/graphsdb/mcs30/bvg/b06/mcs30_b06_s80.A00 fileNameGt=../../cp2016-max-common-connected-subgraph-paper/datasets/graphsdb/mcs30/bvg/b06/mcs30_b06_s80.B00
Reading graphs...
80 : 240
80 : 240
Initializing...
maxdom : 9
D->valSize : 409
Solving...
Blb : 3 (clique : 22)
currentSize : 22 <-- 0.006204 s
currentSize : 23 <-- 8.731360 s
currentSize : 24 <-- 22.201633 s
currentSize : 25 <-- 84.726982 s
currentSize : 26 <-- 84.913063 s
currentSize : 27 <-- 85.452454 s

TIMEOUT
maxsize : 27
nodes : 191330331.000000
filtered : 1838835067.000000
time : 1000.000000
