Parameters: GAD=1 vflib=1 dir=1 label=1 lowerbound=1 fileNameGp=../../cp2016-max-common-connected-subgraph-paper/datasets/graphsdb/mcs30/bvg/b09m/mcs30_b09m_s70.A02 fileNameGt=../../cp2016-max-common-connected-subgraph-paper/datasets/graphsdb/mcs30/bvg/b09m/mcs30_b09m_s70.B02
Reading graphs...
70 : 315
70 : 315
Initializing...
maxdom : 9
D->valSize : 332
Solving...
Blb : 2 (clique : 14)
currentSize : 14 <-- 0.004062 s
currentSize : 15 <-- 0.004239 s
currentSize : 16 <-- 0.005566 s
currentSize : 17 <-- 0.022947 s
currentSize : 18 <-- 0.759045 s
currentSize : 19 <-- 0.792862 s
currentSize : 20 <-- 5.744382 s
currentSize : 21 <-- 7.908421 s
currentSize : 22 <-- 7.912664 s
currentSize : 23 <-- 8.262139 s
currentSize : 24 <-- 27.645235 s

maxsize : 24
nodes : 19794760.000000
filtered : 185634244.000000
time : 98.940758
