Parameters: GAD=1 vflib=1 dir=1 label=1 lowerbound=1 fileNameGp=../../cp2016-max-common-connected-subgraph-paper/datasets/graphsdb/mcs30/rand/r001/mcs30_r001_s100.A08 fileNameGt=../../cp2016-max-common-connected-subgraph-paper/datasets/graphsdb/mcs30/rand/r001/mcs30_r001_s100.B08
Reading graphs...
100 : 120
100 : 120
Initializing...
maxdom : 7
D->valSize : 335
Solving...
Blb : 2 (clique : 40)
currentSize : 40 <-- 0.003497 s
currentSize : 41 <-- 0.003829 s
currentSize : 43 <-- 0.006367 s
currentSize : 44 <-- 0.323122 s
currentSize : 45 <-- 0.323275 s
currentSize : 46 <-- 0.481967 s

TIMEOUT
maxsize : 46
nodes : 216759571.000000
filtered : 667667481.000000
time : 1000.000061
