Parameters: GAD=1 vflib=1 dir=1 label=1 lowerbound=1 fileNameGp=../../cp2016-max-common-connected-subgraph-paper/datasets/graphsdb/mcs30/m4D/m4Dr4/mcs30_m4Dr4_s90.A01 fileNameGt=../../cp2016-max-common-connected-subgraph-paper/datasets/graphsdb/mcs30/m4D/m4Dr4/mcs30_m4Dr4_s90.B01
Reading graphs...
90 : 182
90 : 178
Initializing...
maxdom : 10
D->valSize : 543
Solving...
Blb : 2 (clique : 30)
currentSize : 30 <-- 0.010322 s
currentSize : 31 <-- 0.080595 s
currentSize : 32 <-- 0.151113 s
currentSize : 33 <-- 0.325929 s
currentSize : 34 <-- 9.918600 s
currentSize : 35 <-- 66.745140 s
currentSize : 36 <-- 335.680298 s
currentSize : 37 <-- 491.143585 s

TIMEOUT
maxsize : 37
nodes : 190768837.000000
filtered : 1466133423.000000
time : 1000.000061
