Parameters: GAD=1 vflib=1 dir=1 label=1 lowerbound=1 fileNameGp=../../cp2016-max-common-connected-subgraph-paper/datasets/graphsdb/mcs30/rand/r001/mcs30_r001_s100.A07 fileNameGt=../../cp2016-max-common-connected-subgraph-paper/datasets/graphsdb/mcs30/rand/r001/mcs30_r001_s100.B07
Reading graphs...
100 : 120
100 : 120
Initializing...
maxdom : 8
D->valSize : 358
Solving...
Blb : 2 (clique : 43)
currentSize : 43 <-- 0.003866 s
currentSize : 44 <-- 0.019920 s
currentSize : 45 <-- 0.020415 s
currentSize : 46 <-- 0.032794 s
currentSize : 47 <-- 24.525581 s
currentSize : 48 <-- 612.811523 s

TIMEOUT
maxsize : 48
nodes : 188102548.000000
filtered : 904201244.000000
time : 1000.000061
