Parameters: GAD=1 vflib=1 dir=1 label=1 lowerbound=1 fileNameGp=../../cp2016-max-common-connected-subgraph-paper/datasets/graphsdb/mcs30/bvg/b09m/mcs30_b09m_s100.A06 fileNameGt=../../cp2016-max-common-connected-subgraph-paper/datasets/graphsdb/mcs30/bvg/b09m/mcs30_b09m_s100.B06
Reading graphs...
100 : 450
100 : 450
Initializing...
maxdom : 7
D->valSize : 315
Solving...
Blb : 3 (clique : 26)
currentSize : 26 <-- 0.002969 s
currentSize : 27 <-- 47.685543 s
currentSize : 29 <-- 47.689274 s
currentSize : 30 <-- 47.692638 s
currentSize : 31 <-- 49.272243 s
currentSize : 32 <-- 146.400818 s
currentSize : 33 <-- 334.464661 s
currentSize : 34 <-- 350.224030 s

TIMEOUT
maxsize : 34
nodes : 191095853.000000
filtered : 813510247.000000
time : 1000.000000
