Parameters: GAD=1 vflib=1 dir=1 label=1 lowerbound=1 fileNameGp=../../cp2016-max-common-connected-subgraph-paper/datasets/graphsdb/mcs30/m2D/m2Dr6/mcs30_m2Dr6_s70.A03 fileNameGt=../../cp2016-max-common-connected-subgraph-paper/datasets/graphsdb/mcs30/m2D/m2Dr6/mcs30_m2Dr6_s70.B03
Reading graphs...
70 : 165
70 : 164
Initializing...
maxdom : 9
D->valSize : 327
Solving...
Blb : 3 (clique : 20)
currentSize : 20 <-- 0.002590 s
currentSize : 21 <-- 0.003219 s
currentSize : 22 <-- 0.011300 s
currentSize : 23 <-- 0.450241 s
currentSize : 24 <-- 26.034960 s
currentSize : 25 <-- 29.242599 s
currentSize : 26 <-- 33.475391 s
currentSize : 27 <-- 113.386223 s
currentSize : 28 <-- 141.249207 s

maxsize : 28
nodes : 55264245.000000
filtered : 477890865.000000
time : 274.755188
