Parameters: GAD=1 vflib=1 dir=1 label=1 lowerbound=1 fileNameGp=../../cp2016-max-common-connected-subgraph-paper/datasets/graphsdb/mcs30/bvg/b06m/mcs30_b06m_s100.A06 fileNameGt=../../cp2016-max-common-connected-subgraph-paper/datasets/graphsdb/mcs30/bvg/b06m/mcs30_b06m_s100.B06
Reading graphs...
100 : 300
100 : 300
Initializing...
maxdom : 7
D->valSize : 337
Solving...
Blb : 2 (clique : 26)
currentSize : 26 <-- 0.003206 s
currentSize : 30 <-- 0.003411 s
currentSize : 31 <-- 0.004776 s
currentSize : 32 <-- 0.020741 s
currentSize : 33 <-- 0.069536 s
currentSize : 34 <-- 0.203237 s
currentSize : 35 <-- 0.236313 s

TIMEOUT
maxsize : 35
nodes : 185723282.000000
filtered : 996647904.000000
time : 1000.000061
