Parameters: GAD=1 vflib=1 dir=1 label=1 lowerbound=1 fileNameGp=../../cp2016-max-common-connected-subgraph-paper/datasets/graphsdb/mcs30/m3D/m3D/mcs30_m3D_s70.A04 fileNameGt=../../cp2016-max-common-connected-subgraph-paper/datasets/graphsdb/mcs30/m3D/m3D/mcs30_m3D_s70.B04
Reading graphs...
70 : 159
70 : 159
Initializing...
maxdom : 9
D->valSize : 316
Solving...
Blb : 2 (clique : 23)
currentSize : 23 <-- 0.004069 s
currentSize : 25 <-- 0.004276 s
currentSize : 26 <-- 0.004336 s
currentSize : 27 <-- 0.091427 s
currentSize : 28 <-- 37.374889 s
currentSize : 29 <-- 53.949677 s
currentSize : 30 <-- 415.899902 s
currentSize : 31 <-- 416.232574 s

TIMEOUT
maxsize : 31
nodes : 202373237.000000
filtered : 1873146593.000000
time : 1000.000000
