Parameters: GAD=1 vflib=1 dir=1 label=1 lowerbound=1 fileNameGp=../../cp2016-max-common-connected-subgraph-paper/datasets/graphsdb/mcs30/m2D/m2Dr6/mcs30_m2Dr6_s60.A03 fileNameGt=../../cp2016-max-common-connected-subgraph-paper/datasets/graphsdb/mcs30/m2D/m2Dr6/mcs30_m2Dr6_s60.B03
Reading graphs...
60 : 140
60 : 138
Initializing...
maxdom : 10
D->valSize : 257
Solving...
Blb : 2 (clique : 18)
currentSize : 18 <-- 0.002924 s
currentSize : 19 <-- 0.003111 s
currentSize : 20 <-- 0.003240 s
currentSize : 21 <-- 0.003529 s
currentSize : 22 <-- 0.004276 s
currentSize : 23 <-- 0.257260 s
currentSize : 24 <-- 2.261550 s
currentSize : 25 <-- 2.718993 s

maxsize : 25
nodes : 43235394.000000
filtered : 388116828.000000
time : 200.706451
