Parameters: GAD=1 vflib=1 dir=1 label=1 lowerbound=1 fileNameGp=../../cp2016-max-common-connected-subgraph-paper/datasets/graphsdb/mcs30/m4D/m4Dr2/mcs30_m4Dr2_s60.A01 fileNameGt=../../cp2016-max-common-connected-subgraph-paper/datasets/graphsdb/mcs30/m4D/m4Dr2/mcs30_m4Dr2_s60.B01
Reading graphs...
60 : 114
60 : 114
Initializing...
maxdom : 8
D->valSize : 237
Solving...
Blb : 2 (clique : 19)
currentSize : 19 <-- 0.001619 s
currentSize : 20 <-- 0.001774 s
currentSize : 21 <-- 0.002073 s
currentSize : 22 <-- 0.099913 s
currentSize : 23 <-- 0.286078 s
currentSize : 24 <-- 2.886208 s
currentSize : 25 <-- 4.973963 s
currentSize : 26 <-- 50.007915 s

maxsize : 26
nodes : 20315218.000000
filtered : 156014424.000000
time : 86.928093
