Parameters: GAD=1 vflib=1 dir=1 label=1 lowerbound=1 fileNameGp=../../cp2016-max-common-connected-subgraph-paper/datasets/graphsdb/mcs30/m4D/m4Dr6/mcs30_m4Dr6_s50.A01 fileNameGt=../../cp2016-max-common-connected-subgraph-paper/datasets/graphsdb/mcs30/m4D/m4Dr6/mcs30_m4Dr6_s50.B01
Reading graphs...
50 : 117
50 : 116
Initializing...
maxdom : 10
D->valSize : 349
Solving...
Blb : 2 (clique : 15)
currentSize : 15 <-- 0.002643 s
currentSize : 16 <-- 0.002793 s
currentSize : 17 <-- 0.012765 s
currentSize : 18 <-- 0.023632 s
currentSize : 19 <-- 0.261964 s
currentSize : 20 <-- 158.981247 s
currentSize : 21 <-- 217.324158 s

TIMEOUT
maxsize : 21
nodes : 242686821.000000
filtered : 2412432369.000000
time : 1000.000000
