Parameters: GAD=1 vflib=1 dir=1 label=1 lowerbound=1 fileNameGp=../../cp2016-max-common-connected-subgraph-paper/datasets/graphsdb/mcs30/m4D/m4Dr4/mcs30_m4Dr4_s70.A08 fileNameGt=../../cp2016-max-common-connected-subgraph-paper/datasets/graphsdb/mcs30/m4D/m4Dr4/mcs30_m4Dr4_s70.B08
Reading graphs...
70 : 146
70 : 145
Initializing...
maxdom : 8
D->valSize : 294
Solving...
Blb : 5 (clique : 26)
currentSize : 26 <-- 0.002401 s
currentSize : 27 <-- 0.169750 s
currentSize : 28 <-- 105.959320 s
currentSize : 29 <-- 279.672974 s
currentSize : 30 <-- 279.714844 s
currentSize : 31 <-- 324.357330 s

TIMEOUT
maxsize : 31
nodes : 203068730.000000
filtered : 1785687598.000000
time : 1000.000000
