Parameters: GAD=1 vflib=1 dir=1 label=1 lowerbound=1 fileNameGp=../../cp2016-max-common-connected-subgraph-paper/datasets/graphsdb/mcs30/m4D/m4Dr6/mcs30_m4Dr6_s70.A09 fileNameGt=../../cp2016-max-common-connected-subgraph-paper/datasets/graphsdb/mcs30/m4D/m4Dr6/mcs30_m4Dr6_s70.B09
Reading graphs...
70 : 160
70 : 157
Initializing...
maxdom : 9
D->valSize : 339
Solving...
Blb : 2 (clique : 22)
currentSize : 22 <-- 0.002796 s
currentSize : 23 <-- 0.003155 s
currentSize : 24 <-- 1.262153 s
currentSize : 25 <-- 2.644898 s
currentSize : 26 <-- 28.250526 s
currentSize : 27 <-- 77.624329 s

TIMEOUT
maxsize : 27
nodes : 229828215.000000
filtered : 1720525266.000000
time : 1000.000000
