Parameters: GAD=1 vflib=1 dir=1 label=1 lowerbound=1 fileNameGp=../../cp2016-max-common-connected-subgraph-paper/datasets/graphsdb/mcs30/m4D/m4D/mcs30_m4D_s90.A04 fileNameGt=../../cp2016-max-common-connected-subgraph-paper/datasets/graphsdb/mcs30/m4D/m4D/mcs30_m4D_s90.B04
Reading graphs...
90 : 146
90 : 146
Initializing...
maxdom : 11
D->valSize : 495
Solving...
Blb : 2 (clique : 35)
currentSize : 35 <-- 0.009257 s
currentSize : 36 <-- 0.011480 s
currentSize : 37 <-- 1.117228 s
currentSize : 38 <-- 46.564320 s
currentSize : 39 <-- 61.322903 s
currentSize : 40 <-- 178.398285 s

TIMEOUT
maxsize : 40
nodes : 197938302.000000
filtered : 1326829978.000000
time : 1000.000000
