Parameters: GAD=1 vflib=1 dir=1 label=1 lowerbound=1 fileNameGp=../../cp2016-max-common-connected-subgraph-paper/datasets/graphsdb/mcs30/m2D/m2Dr2/mcs30_m2Dr2_s50.A05 fileNameGt=../../cp2016-max-common-connected-subgraph-paper/datasets/graphsdb/mcs30/m2D/m2Dr2/mcs30_m2Dr2_s50.B05
Reading graphs...
50 : 95
50 : 95
Initializing...
maxdom : 9
D->valSize : 319
Solving...
Blb : 2 (clique : 18)
currentSize : 18 <-- 0.003606 s
currentSize : 19 <-- 0.004691 s
currentSize : 20 <-- 0.210537 s
currentSize : 21 <-- 0.410657 s
currentSize : 22 <-- 0.688857 s
currentSize : 23 <-- 16.020788 s
currentSize : 24 <-- 60.055943 s
currentSize : 25 <-- 105.283478 s

maxsize : 25
nodes : 32698490.000000
filtered : 404900909.000000
time : 149.868698
