Parameters: GAD=1 vflib=1 dir=1 label=1 lowerbound=1 fileNameGp=../../cp2016-max-common-connected-subgraph-paper/datasets/graphsdb/mcs30/rand/r005/mcs30_r005_s60.A00 fileNameGt=../../cp2016-max-common-connected-subgraph-paper/datasets/graphsdb/mcs30/rand/r005/mcs30_r005_s60.B00
Reading graphs...
60 : 179
60 : 179
Initializing...
maxdom : 6
D->valSize : 234
Solving...
Blb : 2 (clique : 16)
currentSize : 16 <-- 0.001567 s
currentSize : 17 <-- 0.002295 s
currentSize : 18 <-- 0.003440 s
currentSize : 19 <-- 0.011980 s
currentSize : 20 <-- 0.012598 s
currentSize : 21 <-- 1.146797 s
currentSize : 22 <-- 3.278097 s

maxsize : 22
nodes : 25925547.000000
filtered : 230661056.000000
time : 119.539871
