Parameters: GAD=1 vflib=1 dir=1 label=1 lowerbound=1 fileNameGp=../../cp2016-max-common-connected-subgraph-paper/datasets/graphsdb/mcs30/m4D/m4Dr2/mcs30_m4Dr2_s60.A04 fileNameGt=../../cp2016-max-common-connected-subgraph-paper/datasets/graphsdb/mcs30/m4D/m4Dr2/mcs30_m4Dr2_s60.B04
Reading graphs...
60 : 114
60 : 114
Initializing...
maxdom : 6
D->valSize : 241
Solving...
Blb : 3 (clique : 21)
currentSize : 21 <-- 0.001773 s
currentSize : 22 <-- 0.004649 s
currentSize : 23 <-- 0.529638 s
currentSize : 24 <-- 8.056856 s
currentSize : 25 <-- 42.715343 s
currentSize : 26 <-- 52.032585 s

maxsize : 26
nodes : 29188161.000000
filtered : 229372119.000000
time : 130.225052
