Parameters: GAD=1 vflib=1 dir=1 label=1 lowerbound=1 fileNameGp=../../cp2016-max-common-connected-subgraph-paper/datasets/graphsdb/mcs30/m3D/m3Dr4/mcs30_m3Dr4_s70.A08 fileNameGt=../../cp2016-max-common-connected-subgraph-paper/datasets/graphsdb/mcs30/m3D/m3Dr4/mcs30_m3Dr4_s70.B08
Reading graphs...
70 : 187
70 : 187
Initializing...
maxdom : 6
D->valSize : 319
Solving...
Blb : 2 (clique : 22)
currentSize : 22 <-- 0.002528 s
currentSize : 23 <-- 0.888585 s
currentSize : 24 <-- 19.834621 s
currentSize : 25 <-- 28.524384 s
currentSize : 26 <-- 28.526047 s
currentSize : 27 <-- 45.736378 s
currentSize : 28 <-- 196.644302 s
currentSize : 29 <-- 454.585907 s
currentSize : 30 <-- 903.648743 s

maxsize : 30
nodes : 187484875.000000
filtered : 2022476822.000000
time : 973.823181
