Parameters: GAD=1 vflib=1 dir=1 label=1 lowerbound=1 fileNameGp=../../cp2016-max-common-connected-subgraph-paper/datasets/graphsdb/mcs30/m2D/m2Dr2/mcs30_m2Dr2_s100.A07 fileNameGt=../../cp2016-max-common-connected-subgraph-paper/datasets/graphsdb/mcs30/m2D/m2Dr2/mcs30_m2Dr2_s100.B07
Reading graphs...
100 : 200
100 : 200
Initializing...
maxdom : 7
D->valSize : 338
Solving...
Blb : 2 (clique : 30)
currentSize : 30 <-- 0.003339 s
currentSize : 31 <-- 0.003687 s
currentSize : 32 <-- 0.003865 s
currentSize : 33 <-- 0.006350 s
currentSize : 34 <-- 0.764832 s
currentSize : 35 <-- 76.091072 s
currentSize : 36 <-- 854.593994 s

TIMEOUT
maxsize : 36
nodes : 198555197.000000
filtered : 685872025.000000
time : 1000.000000
