Parameters: GAD=1 vflib=1 dir=1 label=1 lowerbound=1 fileNameGp=../../cp2016-max-common-connected-subgraph-paper/datasets/graphsdb/mcs30/m2D/m2D/mcs30_m2D_s60.A02 fileNameGt=../../cp2016-max-common-connected-subgraph-paper/datasets/graphsdb/mcs30/m2D/m2D/mcs30_m2D_s60.B02
Reading graphs...
60 : 104
60 : 104
Initializing...
maxdom : 6
D->valSize : 230
Solving...
Blb : 2 (clique : 21)
currentSize : 21 <-- 0.001573 s
currentSize : 22 <-- 0.001728 s
currentSize : 23 <-- 0.001804 s
currentSize : 24 <-- 0.074993 s
currentSize : 25 <-- 35.037819 s
currentSize : 26 <-- 35.051250 s
currentSize : 27 <-- 36.940304 s

TIMEOUT
maxsize : 27
nodes : 231274397.000000
filtered : 1637001302.000000
time : 1000.000000
