Parameters: GAD=1 vflib=1 dir=1 label=1 lowerbound=1 fileNameGp=../../cp2016-max-common-connected-subgraph-paper/datasets/graphsdb/mcs30/bvg/b06/mcs30_b06_s50.A02 fileNameGt=../../cp2016-max-common-connected-subgraph-paper/datasets/graphsdb/mcs30/bvg/b06/mcs30_b06_s50.B02
Reading graphs...
50 : 150
50 : 150
Initializing...
maxdom : 10
D->valSize : 332
Solving...
Blb : 2 (clique : 17)
currentSize : 17 <-- 0.002417 s
currentSize : 18 <-- 4.231526 s
currentSize : 19 <-- 10.895272 s
currentSize : 20 <-- 110.887054 s
currentSize : 21 <-- 199.429489 s

maxsize : 21
nodes : 56920223.000000
filtered : 790011638.000000
time : 261.559082
