Parameters: GAD=1 vflib=1 dir=1 label=1 lowerbound=1 fileNameGp=../../cp2016-max-common-connected-subgraph-paper/datasets/graphsdb/mcs30/bvg/b06m/mcs30_b06m_s70.A07 fileNameGt=../../cp2016-max-common-connected-subgraph-paper/datasets/graphsdb/mcs30/bvg/b06m/mcs30_b06m_s70.B07
Reading graphs...
70 : 210
70 : 210
Initializing...
maxdom : 10
D->valSize : 282
Solving...
Blb : 5 (clique : 20)
currentSize : 20 <-- 0.003598 s
currentSize : 21 <-- 0.862058 s
currentSize : 22 <-- 5.209497 s
currentSize : 23 <-- 18.872652 s
currentSize : 24 <-- 76.617989 s
currentSize : 25 <-- 157.303345 s
currentSize : 26 <-- 189.468048 s
currentSize : 27 <-- 189.486176 s
currentSize : 28 <-- 210.500549 s

maxsize : 28
nodes : 47215807.000000
filtered : 434908950.000000
time : 227.215561
