Parameters: GAD=1 vflib=1 dir=1 label=1 lowerbound=1 fileNameGp=../../cp2016-max-common-connected-subgraph-paper/datasets/graphsdb/mcs30/rand/r01/mcs30_r01_s90.A05 fileNameGt=../../cp2016-max-common-connected-subgraph-paper/datasets/graphsdb/mcs30/rand/r01/mcs30_r01_s90.B05
Reading graphs...
90 : 800
90 : 800
Initializing...
maxdom : 12
D->valSize : 496
Solving...
Blb : 2 (clique : 12)
currentSize : 12 <-- 0.004880 s
currentSize : 13 <-- 0.005033 s
currentSize : 14 <-- 0.005169 s
currentSize : 15 <-- 0.080424 s
currentSize : 17 <-- 0.391010 s
currentSize : 18 <-- 0.472122 s
currentSize : 19 <-- 0.473043 s
currentSize : 20 <-- 11.621038 s
currentSize : 21 <-- 14.292554 s
currentSize : 22 <-- 14.295297 s
currentSize : 24 <-- 14.295342 s
currentSize : 25 <-- 14.295409 s
currentSize : 26 <-- 14.296066 s
currentSize : 27 <-- 14.296155 s

maxsize : 27
nodes : 4297911.000000
filtered : 80561546.000000
time : 29.319338
