Parameters: GAD=1 vflib=1 dir=1 label=1 lowerbound=1 fileNameGp=../../cp2016-max-common-connected-subgraph-paper/datasets/graphsdb/mcs30/bvg/b06/mcs30_b06_s60.A05 fileNameGt=../../cp2016-max-common-connected-subgraph-paper/datasets/graphsdb/mcs30/bvg/b06/mcs30_b06_s60.B05
Reading graphs...
60 : 180
60 : 180
Initializing...
maxdom : 8
D->valSize : 215
Solving...
Blb : 2 (clique : 16)
currentSize : 16 <-- 0.001450 s
currentSize : 17 <-- 0.038167 s
currentSize : 18 <-- 0.431770 s
currentSize : 19 <-- 0.523152 s
currentSize : 20 <-- 0.546382 s
currentSize : 21 <-- 1.786924 s
currentSize : 22 <-- 5.084302 s

maxsize : 22
nodes : 4340800.000000
filtered : 31257918.000000
time : 19.253412
