Parameters: GAD=1 vflib=1 dir=1 label=1 lowerbound=1 fileNameGp=../../cp2016-max-common-connected-subgraph-paper/datasets/graphsdb/mcs30/rand/r02/mcs30_r02_s100.A09 fileNameGt=../../cp2016-max-common-connected-subgraph-paper/datasets/graphsdb/mcs30/rand/r02/mcs30_r02_s100.B09
Reading graphs...
100 : 1979
100 : 1979
Initializing...
maxdom : 7
D->valSize : 357
Solving...
Blb : 2 (clique : 7)
currentSize : 7 <-- 0.003246 s
currentSize : 8 <-- 0.003397 s
currentSize : 10 <-- 0.003559 s
currentSize : 11 <-- 0.003881 s
currentSize : 13 <-- 0.004218 s
currentSize : 14 <-- 0.004608 s
currentSize : 15 <-- 0.005255 s
currentSize : 18 <-- 0.005337 s
currentSize : 20 <-- 0.042403 s
currentSize : 21 <-- 0.076776 s
currentSize : 30 <-- 0.079302 s

maxsize : 30
nodes : 19355.000000
filtered : 428137.000000
time : 0.146790
