Parameters: GAD=1 vflib=1 dir=1 label=1 lowerbound=1 fileNameGp=../../cp2016-max-common-connected-subgraph-paper/datasets/graphsdb/mcs30/rand/r01/mcs30_r01_s80.A09 fileNameGt=../../cp2016-max-common-connected-subgraph-paper/datasets/graphsdb/mcs30/rand/r01/mcs30_r01_s80.B09
Reading graphs...
80 : 631
80 : 631
Initializing...
maxdom : 7
D->valSize : 413
Solving...
Blb : 2 (clique : 11)
currentSize : 11 <-- 0.003627 s
currentSize : 12 <-- 0.003950 s
currentSize : 15 <-- 0.005038 s
currentSize : 16 <-- 0.314214 s
currentSize : 17 <-- 0.314560 s
currentSize : 18 <-- 0.315134 s
currentSize : 19 <-- 0.315640 s
currentSize : 20 <-- 0.315698 s
currentSize : 21 <-- 0.699410 s
currentSize : 22 <-- 4.049245 s
currentSize : 24 <-- 14.020126 s

maxsize : 24
nodes : 4535261.000000
filtered : 84147070.000000
time : 29.295591
