Parameters: GAD=1 vflib=1 dir=1 label=1 lowerbound=1 fileNameGp=../../cp2016-max-common-connected-subgraph-paper/datasets/graphsdb/mcs30/m3D/m3Dr6/mcs30_m3Dr6_s80.A04 fileNameGt=../../cp2016-max-common-connected-subgraph-paper/datasets/graphsdb/mcs30/m3D/m3Dr6/mcs30_m3Dr6_s80.B04
Reading graphs...
80 : 232
80 : 228
Initializing...
maxdom : 9
D->valSize : 458
Solving...
Blb : 2 (clique : 25)
currentSize : 25 <-- 0.007427 s
currentSize : 26 <-- 0.009369 s
currentSize : 27 <-- 0.011679 s
currentSize : 28 <-- 0.109856 s
currentSize : 29 <-- 2.994102 s
currentSize : 30 <-- 51.134876 s

TIMEOUT
maxsize : 30
nodes : 192231174.000000
filtered : 1637119702.000000
time : 1000.000000
