Parameters: GAD=1 vflib=1 dir=1 label=1 lowerbound=1 fileNameGp=../../cp2016-max-common-connected-subgraph-paper/datasets/graphsdb/mcs30/m2D/m2Dr4/mcs30_m2Dr4_s70.A08 fileNameGt=../../cp2016-max-common-connected-subgraph-paper/datasets/graphsdb/mcs30/m2D/m2Dr4/mcs30_m2Dr4_s70.B08
Reading graphs...
70 : 151
70 : 149
Initializing...
maxdom : 8
D->valSize : 310
Solving...
Blb : 2 (clique : 24)
currentSize : 24 <-- 0.003969 s
currentSize : 25 <-- 1.793995 s
currentSize : 26 <-- 54.708168 s
currentSize : 27 <-- 88.807877 s
currentSize : 28 <-- 116.325462 s
currentSize : 29 <-- 751.443604 s
currentSize : 30 <-- 794.002319 s

TIMEOUT
maxsize : 30
nodes : 225464932.000000
filtered : 1361876555.000000
time : 1000.000000
