Parameters: GAD=1 vflib=1 dir=1 label=1 lowerbound=1 fileNameGp=../../cp2016-max-common-connected-subgraph-paper/datasets/graphsdb/mcs50/rand/r005/mcs50_r005_s70.A08 fileNameGt=../../cp2016-max-common-connected-subgraph-paper/datasets/graphsdb/mcs50/rand/r005/mcs50_r005_s70.B08
Reading graphs...
70 : 240
70 : 240
Initializing...
maxdom : 8
D->valSize : 337
Solving...
Blb : 2 (clique : 20)
currentSize : 20 <-- 0.004339 s
currentSize : 21 <-- 0.029533 s
currentSize : 22 <-- 0.103448 s
currentSize : 23 <-- 0.284823 s
currentSize : 24 <-- 1.313940 s
currentSize : 26 <-- 4.614640 s
currentSize : 27 <-- 9.756283 s
currentSize : 30 <-- 10.070999 s
currentSize : 31 <-- 30.532740 s
currentSize : 34 <-- 59.483479 s
currentSize : 35 <-- 59.484253 s

maxsize : 35
nodes : 13557732.000000
filtered : 142698587.000000
time : 74.322906
