Parameters: GAD=1 vflib=1 dir=1 label=1 lowerbound=1 fileNameGp=../../cp2016-max-common-connected-subgraph-paper/datasets/graphsdb/mcs50/bvg/b06m/mcs50_b06m_s70.A04 fileNameGt=../../cp2016-max-common-connected-subgraph-paper/datasets/graphsdb/mcs50/bvg/b06m/mcs50_b06m_s70.B04
Reading graphs...
70 : 210
70 : 210
Initializing...
maxdom : 6
D->valSize : 321
Solving...
Blb : 3 (clique : 24)
currentSize : 24 <-- 0.004063 s
currentSize : 25 <-- 4.397342 s
currentSize : 26 <-- 4.398010 s
currentSize : 27 <-- 4.402739 s
currentSize : 28 <-- 14.222197 s
currentSize : 29 <-- 14.223428 s
currentSize : 30 <-- 27.924051 s
currentSize : 32 <-- 35.541695 s
currentSize : 33 <-- 35.544098 s
currentSize : 34 <-- 35.548347 s
currentSize : 35 <-- 35.548527 s
currentSize : 36 <-- 57.893242 s

maxsize : 36
nodes : 15464459.000000
filtered : 105708758.000000
time : 74.704140
