Parameters: GAD=1 vflib=1 dir=1 label=1 lowerbound=1 fileNameGp=../../cp2016-max-common-connected-subgraph-paper/datasets/graphsdb/mcs50/bvg/b06/mcs50_b06_s100.A04 fileNameGt=../../cp2016-max-common-connected-subgraph-paper/datasets/graphsdb/mcs50/bvg/b06/mcs50_b06_s100.B04
Reading graphs...
100 : 300
100 : 300
Initializing...
maxdom : 6
D->valSize : 396
Solving...
Blb : 2 (clique : 36)
currentSize : 36 <-- 0.003966 s
currentSize : 37 <-- 0.004288 s
currentSize : 38 <-- 0.004366 s
currentSize : 41 <-- 0.005015 s
currentSize : 42 <-- 0.006112 s
currentSize : 43 <-- 0.019862 s
currentSize : 44 <-- 7.358679 s
currentSize : 45 <-- 7.475132 s
currentSize : 46 <-- 200.223495 s
currentSize : 47 <-- 211.517242 s

TIMEOUT
maxsize : 47
nodes : 188020037.000000
filtered : 853260209.000000
time : 1000.000061
