Parameters: GAD=1 vflib=1 dir=1 label=1 lowerbound=1 fileNameGp=../../cp2016-max-common-connected-subgraph-paper/datasets/graphsdb/mcs50/bvg/b09m/mcs50_b09m_s100.A02 fileNameGt=../../cp2016-max-common-connected-subgraph-paper/datasets/graphsdb/mcs50/bvg/b09m/mcs50_b09m_s100.B02
Reading graphs...
100 : 450
100 : 450
Initializing...
maxdom : 7
D->valSize : 347
Solving...
Blb : 3 (clique : 33)
currentSize : 33 <-- 0.003299 s
currentSize : 34 <-- 0.004654 s
currentSize : 35 <-- 0.059216 s
currentSize : 36 <-- 0.059402 s
currentSize : 37 <-- 0.061005 s
currentSize : 38 <-- 0.062067 s
currentSize : 39 <-- 0.597725 s
currentSize : 41 <-- 0.598375 s
currentSize : 42 <-- 1.062643 s
currentSize : 43 <-- 1.063369 s
currentSize : 44 <-- 1.326677 s
currentSize : 45 <-- 1.334252 s
currentSize : 46 <-- 1.334999 s
currentSize : 47 <-- 3.742493 s
currentSize : 48 <-- 3.742623 s
currentSize : 49 <-- 3.742908 s
currentSize : 50 <-- 422.487732 s

TIMEOUT
maxsize : 50
nodes : 199136141.000000
filtered : 682510841.000000
time : 1000.000122
