Parameters: GAD=1 vflib=1 dir=1 label=1 lowerbound=1 fileNameGp=../../cp2016-max-common-connected-subgraph-paper/datasets/graphsdb/mcs50/rand/r005/mcs50_r005_s50.A07 fileNameGt=../../cp2016-max-common-connected-subgraph-paper/datasets/graphsdb/mcs50/rand/r005/mcs50_r005_s50.B07
Reading graphs...
50 : 121
50 : 121
Initializing...
maxdom : 10
D->valSize : 319
Solving...
Blb : 2 (clique : 17)
currentSize : 17 <-- 0.003551 s
currentSize : 18 <-- 0.044108 s
currentSize : 19 <-- 0.065157 s
currentSize : 20 <-- 0.582424 s
currentSize : 21 <-- 4.615493 s
currentSize : 22 <-- 28.021263 s
currentSize : 24 <-- 70.603294 s
currentSize : 25 <-- 70.603348 s

maxsize : 25
nodes : 15560205.000000
filtered : 242955521.000000
time : 80.262787
