Parameters: GAD=1 vflib=1 dir=1 label=1 lowerbound=1 fileNameGp=../../cp2016-max-common-connected-subgraph-paper/datasets/graphsdb/mcs50/bvg/b09m/mcs50_b09m_s80.A07 fileNameGt=../../cp2016-max-common-connected-subgraph-paper/datasets/graphsdb/mcs50/bvg/b09m/mcs50_b09m_s80.B07
Reading graphs...
80 : 360
80 : 360
Initializing...
maxdom : 8
D->valSize : 429
Solving...
Blb : 3 (clique : 34)
currentSize : 34 <-- 0.006596 s
currentSize : 35 <-- 0.039329 s
currentSize : 36 <-- 20.682013 s
currentSize : 39 <-- 30.518688 s
currentSize : 40 <-- 99.189217 s

maxsize : 40
nodes : 35838417.000000
filtered : 181710809.000000
time : 168.351791
