Parameters: GAD=1 vflib=1 dir=1 label=1 lowerbound=1 fileNameGp=../../cp2016-max-common-connected-subgraph-paper/datasets/graphsdb/mcs50/bvg/b09m/mcs50_b09m_s90.A09 fileNameGt=../../cp2016-max-common-connected-subgraph-paper/datasets/graphsdb/mcs50/bvg/b09m/mcs50_b09m_s90.B09
Reading graphs...
90 : 405
90 : 405
Initializing...
maxdom : 9
D->valSize : 560
Solving...
Blb : 3 (clique : 34)
currentSize : 34 <-- 0.010457 s
currentSize : 35 <-- 107.516457 s
currentSize : 36 <-- 212.465042 s
currentSize : 37 <-- 422.200073 s
currentSize : 38 <-- 422.200470 s
currentSize : 39 <-- 422.200745 s
currentSize : 40 <-- 791.625977 s

TIMEOUT
maxsize : 40
nodes : 174387041.000000
filtered : 1451515470.000000
time : 1000.000061
