Parameters: GAD=1 vflib=1 dir=1 label=1 lowerbound=1 fileNameGp=../../cp2016-max-common-connected-subgraph-paper/datasets/graphsdb/mcs50/m2D/m2Dr6/mcs50_m2Dr6_s60.A04 fileNameGt=../../cp2016-max-common-connected-subgraph-paper/datasets/graphsdb/mcs50/m2D/m2Dr6/mcs50_m2Dr6_s60.B04
Reading graphs...
60 : 140
60 : 138
Initializing...
maxdom : 7
D->valSize : 244
Solving...
Blb : 2 (clique : 22)
currentSize : 22 <-- 0.002545 s
currentSize : 23 <-- 0.003721 s
currentSize : 24 <-- 1.121134 s
currentSize : 25 <-- 1.121698 s
currentSize : 26 <-- 19.786251 s
currentSize : 27 <-- 19.786789 s
currentSize : 28 <-- 23.688572 s

maxsize : 28
nodes : 11523064.000000
filtered : 76825922.000000
time : 50.711117
