Parameters: GAD=1 vflib=1 dir=1 label=1 lowerbound=1 fileNameGp=../../cp2016-max-common-connected-subgraph-paper/datasets/graphsdb/mcs50/m2D/m2Dr2/mcs50_m2Dr2_s50.A03 fileNameGt=../../cp2016-max-common-connected-subgraph-paper/datasets/graphsdb/mcs50/m2D/m2Dr2/mcs50_m2Dr2_s50.B03
Reading graphs...
50 : 95
50 : 95
Initializing...
maxdom : 11
D->valSize : 333
Solving...
Blb : 2 (clique : 19)
currentSize : 19 <-- 0.003719 s
currentSize : 20 <-- 0.003928 s
currentSize : 21 <-- 0.029597 s
currentSize : 22 <-- 0.036472 s
currentSize : 23 <-- 1.059387 s
currentSize : 24 <-- 41.571705 s
currentSize : 25 <-- 111.236153 s
currentSize : 26 <-- 111.258904 s

maxsize : 26
nodes : 36276165.000000
filtered : 489878463.000000
time : 169.926849
