Parameters: GAD=1 vflib=1 dir=1 label=1 lowerbound=1 fileNameGp=../../cp2016-max-common-connected-subgraph-paper/datasets/graphsdb/mcs50/bvg/b06/mcs50_b06_s80.A09 fileNameGt=../../cp2016-max-common-connected-subgraph-paper/datasets/graphsdb/mcs50/bvg/b06/mcs50_b06_s80.B09
Reading graphs...
80 : 240
80 : 240
Initializing...
maxdom : 7
D->valSize : 417
Solving...
Blb : 2 (clique : 28)
currentSize : 28 <-- 0.003948 s
currentSize : 29 <-- 0.004191 s
currentSize : 31 <-- 0.004266 s
currentSize : 32 <-- 0.032905 s
currentSize : 33 <-- 0.033015 s
currentSize : 34 <-- 182.532532 s
currentSize : 35 <-- 195.749252 s
currentSize : 36 <-- 329.074554 s

TIMEOUT
maxsize : 36
nodes : 180720147.000000
filtered : 1725361257.000000
time : 1000.000000
