Parameters: GAD=1 vflib=1 dir=1 label=1 lowerbound=1 fileNameGp=../../cp2016-max-common-connected-subgraph-paper/datasets/graphsdb/mcs50/bvg/b06m/mcs50_b06m_s90.A04 fileNameGt=../../cp2016-max-common-connected-subgraph-paper/datasets/graphsdb/mcs50/bvg/b06m/mcs50_b06m_s90.B04
Reading graphs...
90 : 270
90 : 270
Initializing...
maxdom : 11
D->valSize : 555
Solving...
Blb : 2 (clique : 32)
currentSize : 32 <-- 0.010709 s
currentSize : 33 <-- 0.011128 s
currentSize : 34 <-- 0.011540 s
currentSize : 35 <-- 0.014893 s
currentSize : 38 <-- 0.032423 s
currentSize : 39 <-- 0.097027 s
currentSize : 40 <-- 1.201863 s

TIMEOUT
maxsize : 40
nodes : 164115973.000000
filtered : 1737871823.000000
time : 1000.000061
