Parameters: GAD=1 vflib=1 dir=1 label=1 lowerbound=1 fileNameGp=../../cp2016-max-common-connected-subgraph-paper/datasets/graphsdb/mcs50/m2D/m2Dr2/mcs50_m2Dr2_s60.A00 fileNameGt=../../cp2016-max-common-connected-subgraph-paper/datasets/graphsdb/mcs50/m2D/m2Dr2/mcs50_m2Dr2_s60.B00
Reading graphs...
60 : 116
60 : 116
Initializing...
maxdom : 5
D->valSize : 238
Solving...
Blb : 2 (clique : 22)
currentSize : 22 <-- 0.001615 s
currentSize : 23 <-- 0.002137 s
currentSize : 24 <-- 0.002917 s
currentSize : 25 <-- 0.007968 s
currentSize : 26 <-- 0.032391 s
currentSize : 27 <-- 0.039850 s
currentSize : 28 <-- 2.876198 s
currentSize : 29 <-- 2.889068 s

maxsize : 29
nodes : 26204085.000000
filtered : 160528368.000000
time : 113.721153
