Parameters: GAD=1 vflib=1 dir=1 label=1 lowerbound=1 fileNameGp=../../cp2016-max-common-connected-subgraph-paper/datasets/graphsdb/mcs50/bvg/b09m/mcs50_b09m_s80.A08 fileNameGt=../../cp2016-max-common-connected-subgraph-paper/datasets/graphsdb/mcs50/bvg/b09m/mcs50_b09m_s80.B08
Reading graphs...
80 : 360
80 : 360
Initializing...
maxdom : 10
D->valSize : 445
Solving...
Blb : 3 (clique : 27)
currentSize : 27 <-- 0.004221 s
currentSize : 28 <-- 1.123866 s
currentSize : 29 <-- 1.124077 s
currentSize : 30 <-- 1.143990 s
currentSize : 31 <-- 11.330502 s
currentSize : 34 <-- 11.330630 s
currentSize : 36 <-- 11.335257 s
currentSize : 37 <-- 11.335423 s
currentSize : 39 <-- 11.384647 s
currentSize : 40 <-- 11.408641 s
currentSize : 41 <-- 11.408798 s

maxsize : 41
nodes : 21749631.000000
filtered : 104484893.000000
time : 100.488770
