Parameters: GAD=1 vflib=1 dir=1 label=1 lowerbound=1 fileNameGp=../../cp2016-max-common-connected-subgraph-paper/datasets/graphsdb/mcs50/m3D/m3Dr4/mcs50_m3Dr4_s50.A05 fileNameGt=../../cp2016-max-common-connected-subgraph-paper/datasets/graphsdb/mcs50/m3D/m3Dr4/mcs50_m3Dr4_s50.B05
Reading graphs...
50 : 129
50 : 128
Initializing...
maxdom : 11
D->valSize : 317
Solving...
Blb : 2 (clique : 17)
currentSize : 17 <-- 0.003478 s
currentSize : 18 <-- 0.028587 s
currentSize : 19 <-- 0.796266 s
currentSize : 20 <-- 0.870279 s
currentSize : 22 <-- 2.532165 s
currentSize : 23 <-- 3.379812 s
currentSize : 24 <-- 11.967409 s
currentSize : 26 <-- 12.793387 s
currentSize : 27 <-- 13.609218 s

maxsize : 27
nodes : 3014816.000000
filtered : 38102331.000000
time : 14.346008
