Parameters: GAD=1 vflib=1 dir=1 label=1 lowerbound=1 fileNameGp=../../cp2016-max-common-connected-subgraph-paper/datasets/graphsdb/mcs50/m2D/m2Dr6/mcs50_m2Dr6_s60.A01 fileNameGt=../../cp2016-max-common-connected-subgraph-paper/datasets/graphsdb/mcs50/m2D/m2Dr6/mcs50_m2Dr6_s60.B01
Reading graphs...
60 : 140
60 : 140
Initializing...
maxdom : 6
D->valSize : 223
Solving...
Blb : 2 (clique : 20)
currentSize : 20 <-- 0.002302 s
currentSize : 21 <-- 0.816198 s
currentSize : 22 <-- 3.008676 s
currentSize : 23 <-- 4.321690 s
currentSize : 24 <-- 4.322092 s
currentSize : 25 <-- 4.337446 s
currentSize : 27 <-- 5.242176 s
currentSize : 28 <-- 11.403570 s
currentSize : 29 <-- 11.403596 s

maxsize : 29
nodes : 7609480.000000
filtered : 43650482.000000
time : 31.905224
