Parameters: GAD=1 vflib=1 dir=1 label=1 lowerbound=1 fileNameGp=../../cp2016-max-common-connected-subgraph-paper/datasets/graphsdb/mcs50/m2D/m2Dr6/mcs50_m2Dr6_s60.A09 fileNameGt=../../cp2016-max-common-connected-subgraph-paper/datasets/graphsdb/mcs50/m2D/m2Dr6/mcs50_m2Dr6_s60.B09
Reading graphs...
60 : 140
60 : 138
Initializing...
maxdom : 7
D->valSize : 235
Solving...
Blb : 3 (clique : 22)
currentSize : 22 <-- 0.001652 s
currentSize : 23 <-- 0.071875 s
currentSize : 24 <-- 0.991079 s
currentSize : 25 <-- 1.027474 s
currentSize : 26 <-- 18.611584 s
currentSize : 27 <-- 21.308792 s

maxsize : 27
nodes : 6191440.000000
filtered : 55368917.000000
time : 28.611219
