Parameters: GAD=1 vflib=1 dir=1 label=1 lowerbound=1 fileNameGp=../../cp2016-max-common-connected-subgraph-paper/datasets/graphsdb/mcs50/bvg/b03m/mcs50_b03m_s70.A03 fileNameGt=../../cp2016-max-common-connected-subgraph-paper/datasets/graphsdb/mcs50/bvg/b03m/mcs50_b03m_s70.B03
Reading graphs...
70 : 105
70 : 105
Initializing...
maxdom : 7
D->valSize : 335
Solving...
Blb : 2 (clique : 31)
currentSize : 31 <-- 0.002772 s
currentSize : 32 <-- 0.003805 s
currentSize : 33 <-- 0.006079 s
currentSize : 34 <-- 0.082209 s
currentSize : 35 <-- 0.122883 s
currentSize : 36 <-- 1.264548 s
currentSize : 37 <-- 50.852070 s

TIMEOUT
maxsize : 37
nodes : 209805984.000000
filtered : 1327169603.000000
time : 1000.000061
