Parameters: GAD=1 vflib=1 dir=1 label=1 lowerbound=1 fileNameGp=../../cp2016-max-common-connected-subgraph-paper/datasets/graphsdb/mcs50/bvg/b03m/mcs50_b03m_s60.A01 fileNameGt=../../cp2016-max-common-connected-subgraph-paper/datasets/graphsdb/mcs50/bvg/b03m/mcs50_b03m_s60.B01
Reading graphs...
60 : 90
60 : 90
Initializing...
maxdom : 5
D->valSize : 235
Solving...
Blb : 2 (clique : 25)
currentSize : 25 <-- 0.001724 s
currentSize : 26 <-- 0.001947 s
currentSize : 27 <-- 0.004499 s
currentSize : 28 <-- 0.010850 s
currentSize : 29 <-- 0.023832 s
currentSize : 30 <-- 3.191571 s
currentSize : 31 <-- 45.524666 s
currentSize : 32 <-- 45.525169 s
currentSize : 33 <-- 57.371288 s
currentSize : 34 <-- 57.420738 s
currentSize : 35 <-- 80.742859 s

maxsize : 35
nodes : 24358451.000000
filtered : 132723510.000000
time : 103.285294
