Parameters: GAD=1 vflib=1 dir=1 label=1 lowerbound=1 fileNameGp=../../cp2016-max-common-connected-subgraph-paper/datasets/graphsdb/mcs50/bvg/b09m/mcs50_b09m_s80.A02 fileNameGt=../../cp2016-max-common-connected-subgraph-paper/datasets/graphsdb/mcs50/bvg/b09m/mcs50_b09m_s80.B02
Reading graphs...
80 : 360
80 : 360
Initializing...
maxdom : 8
D->valSize : 451
Solving...
Blb : 3 (clique : 30)
currentSize : 30 <-- 0.004293 s
currentSize : 33 <-- 0.006097 s
currentSize : 34 <-- 0.007042 s
currentSize : 36 <-- 0.013585 s
currentSize : 37 <-- 0.043796 s
currentSize : 38 <-- 0.044160 s
currentSize : 39 <-- 0.048424 s
currentSize : 40 <-- 0.049053 s

maxsize : 40
nodes : 23845821.000000
filtered : 160139953.000000
time : 120.853409
