Parameters: GAD=1 vflib=1 dir=1 label=1 lowerbound=1 fileNameGp=../../cp2016-max-common-connected-subgraph-paper/datasets/graphsdb/mcs50/bvg/b06m/mcs50_b06m_s100.A04 fileNameGt=../../cp2016-max-common-connected-subgraph-paper/datasets/graphsdb/mcs50/bvg/b06m/mcs50_b06m_s100.B04
Reading graphs...
100 : 300
100 : 300
Initializing...
maxdom : 10
D->valSize : 352
Solving...
Blb : 2 (clique : 36)
currentSize : 36 <-- 0.003553 s
currentSize : 37 <-- 0.004048 s
currentSize : 38 <-- 0.004791 s
currentSize : 39 <-- 0.005631 s
currentSize : 40 <-- 0.011884 s
currentSize : 41 <-- 0.012824 s
currentSize : 42 <-- 0.013041 s
currentSize : 45 <-- 0.268798 s
currentSize : 46 <-- 0.269160 s
currentSize : 48 <-- 23.082321 s
currentSize : 49 <-- 23.082544 s
currentSize : 50 <-- 23.093599 s
currentSize : 51 <-- 362.389160 s
currentSize : 52 <-- 362.389526 s

TIMEOUT
maxsize : 52
nodes : 189641502.000000
filtered : 823516480.000000
time : 1000.000061
