Parameters: GAD=1 vflib=1 dir=1 label=1 lowerbound=1 fileNameGp=../../cp2016-max-common-connected-subgraph-paper/datasets/graphsdb/mcs50/bvg/b09m/mcs50_b09m_s80.A09 fileNameGt=../../cp2016-max-common-connected-subgraph-paper/datasets/graphsdb/mcs50/bvg/b09m/mcs50_b09m_s80.B09
Reading graphs...
80 : 360
80 : 360
Initializing...
maxdom : 8
D->valSize : 440
Solving...
Blb : 3 (clique : 34)
currentSize : 34 <-- 0.004045 s
currentSize : 35 <-- 0.094049 s
currentSize : 37 <-- 0.099031 s
currentSize : 39 <-- 10.257837 s
currentSize : 40 <-- 156.379013 s

maxsize : 40
nodes : 104145661.000000
filtered : 381136594.000000
time : 441.473938
