Parameters: GAD=1 vflib=1 dir=1 label=1 lowerbound=1 fileNameGp=../../cp2016-max-common-connected-subgraph-paper/datasets/graphsdb/mcs50/bvg/b06m/mcs50_b06m_s40.A09 fileNameGt=../../cp2016-max-common-connected-subgraph-paper/datasets/graphsdb/mcs50/bvg/b06m/mcs50_b06m_s40.B09
Reading graphs...
40 : 120
40 : 120
Initializing...
maxdom : 11
D->valSize : 248
Solving...
Blb : 2 (clique : 13)
currentSize : 13 <-- 0.001493 s
currentSize : 14 <-- 0.001623 s
currentSize : 15 <-- 0.001722 s
currentSize : 16 <-- 0.002169 s
currentSize : 17 <-- 0.002950 s
currentSize : 18 <-- 0.041076 s
currentSize : 19 <-- 0.041191 s
currentSize : 20 <-- 0.041413 s

maxsize : 20
nodes : 55059.000000
filtered : 516435.000000
time : 0.239768
