Parameters: GAD=1 vflib=1 dir=1 label=1 lowerbound=1 fileNameGp=../../cp2016-max-common-connected-subgraph-paper/datasets/graphsdb/mcs50/bvg/b03m/mcs50_b03m_s70.A01 fileNameGt=../../cp2016-max-common-connected-subgraph-paper/datasets/graphsdb/mcs50/bvg/b03m/mcs50_b03m_s70.B01
Reading graphs...
70 : 105
70 : 105
Initializing...
maxdom : 11
D->valSize : 365
Solving...
Blb : 2 (clique : 33)
currentSize : 33 <-- 0.003167 s
currentSize : 34 <-- 0.003383 s
currentSize : 35 <-- 0.003640 s
currentSize : 36 <-- 0.024343 s
currentSize : 37 <-- 0.052771 s
currentSize : 38 <-- 0.247715 s
currentSize : 39 <-- 9.034030 s
currentSize : 40 <-- 124.159378 s

TIMEOUT
maxsize : 40
nodes : 195618200.000000
filtered : 1726260385.000000
time : 1000.000000
