Parameters: GAD=1 vflib=1 dir=1 label=1 lowerbound=1 fileNameGp=../../cp2016-max-common-connected-subgraph-paper/datasets/graphsdb/mcs50/bvg/b06/mcs50_b06_s50.A07 fileNameGt=../../cp2016-max-common-connected-subgraph-paper/datasets/graphsdb/mcs50/bvg/b06/mcs50_b06_s50.B07
Reading graphs...
50 : 150
50 : 150
Initializing...
maxdom : 9
D->valSize : 305
Solving...
Blb : 3 (clique : 19)
currentSize : 19 <-- 0.003097 s
currentSize : 21 <-- 0.389292 s
currentSize : 22 <-- 0.406198 s
currentSize : 23 <-- 0.406293 s
currentSize : 24 <-- 0.492315 s
currentSize : 25 <-- 0.674234 s
currentSize : 26 <-- 0.674338 s
currentSize : 27 <-- 2.864709 s

maxsize : 27
nodes : 1333311.000000
filtered : 14938254.000000
time : 5.998153
