Parameters: GAD=1 vflib=1 dir=1 label=1 lowerbound=1 fileNameGp=../../cp2016-max-common-connected-subgraph-paper/datasets/graphsdb/mcs50/rand/r005/mcs50_r005_s90.A08 fileNameGt=../../cp2016-max-common-connected-subgraph-paper/datasets/graphsdb/mcs50/rand/r005/mcs50_r005_s90.B08
Reading graphs...
90 : 399
90 : 399
Initializing...
maxdom : 10
D->valSize : 542
Solving...
Blb : 2 (clique : 33)
currentSize : 33 <-- 0.005878 s
currentSize : 35 <-- 0.006183 s
currentSize : 36 <-- 0.006463 s
currentSize : 37 <-- 0.006580 s
currentSize : 38 <-- 0.013910 s
currentSize : 39 <-- 0.014205 s
currentSize : 40 <-- 0.014386 s
currentSize : 42 <-- 0.046617 s
currentSize : 43 <-- 0.051904 s
currentSize : 45 <-- 0.053794 s

maxsize : 45
nodes : 43150332.000000
filtered : 812525611.000000
time : 327.065063
