Parameters: GAD=1 vflib=1 dir=1 label=1 lowerbound=1 fileNameGp=../../cp2016-max-common-connected-subgraph-paper/datasets/graphsdb/mcs50/bvg/b09m/mcs50_b09m_s80.A00 fileNameGt=../../cp2016-max-common-connected-subgraph-paper/datasets/graphsdb/mcs50/bvg/b09m/mcs50_b09m_s80.B00
Reading graphs...
80 : 360
80 : 360
Initializing...
maxdom : 8
D->valSize : 446
Solving...
Blb : 2 (clique : 35)
currentSize : 35 <-- 0.006627 s
currentSize : 36 <-- 0.007115 s
currentSize : 37 <-- 0.010831 s
currentSize : 38 <-- 0.011169 s
currentSize : 39 <-- 0.048654 s
currentSize : 40 <-- 0.049066 s

maxsize : 40
nodes : 32562015.000000
filtered : 205286767.000000
time : 164.365356
