Parameters: GAD=1 vflib=1 dir=1 label=1 lowerbound=1 fileNameGp=../../cp2016-max-common-connected-subgraph-paper/datasets/graphsdb/mcs50/m2D/m2Dr6/mcs50_m2Dr6_s50.A07 fileNameGt=../../cp2016-max-common-connected-subgraph-paper/datasets/graphsdb/mcs50/m2D/m2Dr6/mcs50_m2Dr6_s50.B07
Reading graphs...
50 : 115
50 : 113
Initializing...
maxdom : 9
D->valSize : 344
Solving...
Blb : 2 (clique : 18)
currentSize : 18 <-- 0.003900 s
currentSize : 19 <-- 0.103097 s
currentSize : 20 <-- 0.110705 s
currentSize : 22 <-- 1.489058 s
currentSize : 23 <-- 1.491497 s
currentSize : 24 <-- 7.534238 s
currentSize : 25 <-- 7.534297 s
currentSize : 26 <-- 7.534453 s
currentSize : 27 <-- 7.540236 s

maxsize : 27
nodes : 2640172.000000
filtered : 48598299.000000
time : 14.458254
