Parameters: GAD=1 vflib=1 dir=1 label=1 lowerbound=1 fileNameGp=../../cp2016-max-common-connected-subgraph-paper/datasets/graphsdb/mcs50/m2D/m2Dr6/mcs50_m2Dr6_s70.A07 fileNameGt=../../cp2016-max-common-connected-subgraph-paper/datasets/graphsdb/mcs50/m2D/m2Dr6/mcs50_m2Dr6_s70.B07
Reading graphs...
70 : 165
70 : 165
Initializing...
maxdom : 7
D->valSize : 316
Solving...
Blb : 2 (clique : 28)
currentSize : 28 <-- 0.004174 s
currentSize : 30 <-- 0.004790 s
currentSize : 32 <-- 0.004888 s
currentSize : 33 <-- 0.007108 s
currentSize : 34 <-- 0.007327 s
currentSize : 36 <-- 0.010490 s
currentSize : 37 <-- 0.013298 s
currentSize : 38 <-- 0.013526 s
currentSize : 39 <-- 0.051999 s

maxsize : 39
nodes : 16801818.000000
filtered : 87915535.000000
time : 77.786278
