Parameters: GAD=1 vflib=1 dir=1 label=1 lowerbound=1 fileNameGp=../../cp2016-max-common-connected-subgraph-paper/datasets/graphsdb/mcs50/rand/r01/mcs50_r01_s60.A02 fileNameGt=../../cp2016-max-common-connected-subgraph-paper/datasets/graphsdb/mcs50/rand/r01/mcs50_r01_s60.B02
Reading graphs...
60 : 353
60 : 353
Initializing...
maxdom : 7
D->valSize : 256
Solving...
Blb : 3 (clique : 10)
currentSize : 10 <-- 0.001626 s
currentSize : 11 <-- 0.003012 s
currentSize : 12 <-- 0.003413 s
currentSize : 13 <-- 0.004725 s
currentSize : 14 <-- 0.052793 s
currentSize : 16 <-- 0.092088 s
currentSize : 17 <-- 0.139533 s
currentSize : 18 <-- 0.139593 s
currentSize : 19 <-- 0.167293 s
currentSize : 20 <-- 0.167378 s
currentSize : 22 <-- 0.207853 s
currentSize : 23 <-- 0.248403 s
currentSize : 28 <-- 0.278496 s
currentSize : 30 <-- 0.278557 s

maxsize : 30
nodes : 60994.000000
filtered : 618251.000000
time : 0.294424
