Parameters: GAD=1 vflib=1 dir=1 label=1 lowerbound=1 fileNameGp=../../cp2016-max-common-connected-subgraph-paper/datasets/graphsdb/mcs50/m2D/m2Dr6/mcs50_m2Dr6_s50.A08 fileNameGt=../../cp2016-max-common-connected-subgraph-paper/datasets/graphsdb/mcs50/m2D/m2Dr6/mcs50_m2Dr6_s50.B08
Reading graphs...
50 : 115
50 : 114
Initializing...
maxdom : 13
D->valSize : 329
Solving...
Blb : 2 (clique : 17)
currentSize : 17 <-- 0.002242 s
currentSize : 18 <-- 0.002359 s
currentSize : 22 <-- 0.002414 s
currentSize : 23 <-- 0.004259 s
currentSize : 25 <-- 0.004333 s
currentSize : 26 <-- 0.005151 s
currentSize : 27 <-- 0.006764 s

maxsize : 27
nodes : 702181.000000
filtered : 9811519.000000
time : 3.400820
