Parameters: GAD=1 vflib=1 dir=1 label=1 lowerbound=1 fileNameGp=../../cp2016-max-common-connected-subgraph-paper/datasets/graphsdb/mcs50/bvg/b06m/mcs50_b06m_s35.A07 fileNameGt=../../cp2016-max-common-connected-subgraph-paper/datasets/graphsdb/mcs50/bvg/b06m/mcs50_b06m_s35.B07
Reading graphs...
35 : 105
35 : 105
Initializing...
maxdom : 8
D->valSize : 172
Solving...
Blb : 2 (clique : 8)
currentSize : 8 <-- 0.000827 s
currentSize : 9 <-- 0.001233 s
currentSize : 10 <-- 0.001867 s
currentSize : 11 <-- 0.002670 s
currentSize : 12 <-- 0.027028 s
currentSize : 13 <-- 0.042656 s
currentSize : 15 <-- 0.052669 s
currentSize : 16 <-- 0.052888 s
currentSize : 17 <-- 0.052933 s

maxsize : 17
nodes : 23997.000000
filtered : 278591.000000
time : 0.088274
