Parameters: GAD=1 vflib=1 dir=1 label=1 lowerbound=1 fileNameGp=../../cp2016-max-common-connected-subgraph-paper/datasets/graphsdb/mcs50/m2D/m2Dr2/mcs50_m2Dr2_s80.A06 fileNameGt=../../cp2016-max-common-connected-subgraph-paper/datasets/graphsdb/mcs50/m2D/m2Dr2/mcs50_m2Dr2_s80.B06
Reading graphs...
80 : 158
80 : 157
Initializing...
maxdom : 9
D->valSize : 426
Solving...
Blb : 2 (clique : 30)
currentSize : 30 <-- 0.007005 s
currentSize : 31 <-- 2.280851 s
currentSize : 32 <-- 28.390820 s
currentSize : 34 <-- 535.427856 s
currentSize : 35 <-- 535.431580 s
currentSize : 36 <-- 537.026428 s

TIMEOUT
maxsize : 36
nodes : 190766030.000000
filtered : 1498216972.000000
time : 1000.000061
