Parameters: GAD=1 vflib=1 dir=1 label=1 lowerbound=1 fileNameGp=../../cp2016-max-common-connected-subgraph-paper/datasets/graphsdb/mcs50/m2D/m2Dr2/mcs50_m2Dr2_s40.A00 fileNameGt=../../cp2016-max-common-connected-subgraph-paper/datasets/graphsdb/mcs50/m2D/m2Dr2/mcs50_m2Dr2_s40.B00
Reading graphs...
40 : 75
40 : 75
Initializing...
maxdom : 8
D->valSize : 231
Solving...
Blb : 2 (clique : 14)
currentSize : 14 <-- 0.002057 s
currentSize : 15 <-- 0.002235 s
currentSize : 16 <-- 0.002566 s
currentSize : 17 <-- 0.032251 s
currentSize : 18 <-- 0.032662 s
currentSize : 19 <-- 2.592292 s
currentSize : 20 <-- 2.592415 s
currentSize : 21 <-- 2.768936 s

maxsize : 21
nodes : 821886.000000
filtered : 9225725.000000
time : 3.305212
