Parameters: GAD=1 vflib=1 dir=1 label=1 lowerbound=1 fileNameGp=../../cp2016-max-common-connected-subgraph-paper/datasets/graphsdb/mcs50/rand/r01/mcs50_r01_s80.A09 fileNameGt=../../cp2016-max-common-connected-subgraph-paper/datasets/graphsdb/mcs50/rand/r01/mcs50_r01_s80.B09
Reading graphs...
80 : 631
80 : 631
Initializing...
maxdom : 11
D->valSize : 456
Solving...
Blb : 2 (clique : 11)
currentSize : 11 <-- 0.004047 s
currentSize : 12 <-- 0.004231 s
currentSize : 13 <-- 0.004328 s
currentSize : 14 <-- 0.004534 s
currentSize : 17 <-- 0.004602 s
currentSize : 19 <-- 0.004954 s
currentSize : 21 <-- 0.011557 s
currentSize : 22 <-- 0.012426 s
currentSize : 27 <-- 0.012538 s
currentSize : 28 <-- 0.123947 s
currentSize : 30 <-- 0.211579 s
currentSize : 40 <-- 0.213596 s

maxsize : 40
nodes : 64347.000000
filtered : 1292513.000000
time : 0.443103
