Parameters: GAD=1 vflib=1 dir=1 label=1 lowerbound=1 fileNameGp=../../cp2016-max-common-connected-subgraph-paper/datasets/graphsdb/mcs50/rand/r01/mcs50_r01_s100.A04 fileNameGt=../../cp2016-max-common-connected-subgraph-paper/datasets/graphsdb/mcs50/rand/r01/mcs50_r01_s100.B04
Reading graphs...
100 : 989
100 : 989
Initializing...
maxdom : 8
D->valSize : 369
Solving...
Blb : 2 (clique : 16)
currentSize : 16 <-- 0.003587 s
currentSize : 20 <-- 0.003791 s
currentSize : 27 <-- 0.003936 s
currentSize : 28 <-- 0.044150 s
currentSize : 35 <-- 0.111542 s
currentSize : 39 <-- 0.195843 s
currentSize : 44 <-- 0.206253 s
currentSize : 50 <-- 0.206481 s

maxsize : 50
nodes : 71450.000000
filtered : 884832.000000
time : 0.536399
