Parameters: GAD=1 vflib=1 dir=1 label=1 lowerbound=1 fileNameGp=../../cp2016-max-common-connected-subgraph-paper/datasets/graphsdb/mcs50/bvg/b06/mcs50_b06_s100.A02 fileNameGt=../../cp2016-max-common-connected-subgraph-paper/datasets/graphsdb/mcs50/bvg/b06/mcs50_b06_s100.B02
Reading graphs...
100 : 300
100 : 300
Initializing...
maxdom : 6
D->valSize : 343
Solving...
Blb : 3 (clique : 29)
currentSize : 29 <-- 0.003453 s
currentSize : 30 <-- 0.098544 s
currentSize : 31 <-- 0.152748 s
currentSize : 32 <-- 0.251882 s
currentSize : 33 <-- 0.508191 s
currentSize : 34 <-- 0.789894 s
currentSize : 35 <-- 0.902086 s
currentSize : 36 <-- 1.524971 s
currentSize : 37 <-- 3.362404 s
currentSize : 38 <-- 4.424556 s
currentSize : 39 <-- 4.426295 s
currentSize : 40 <-- 5.703947 s
currentSize : 41 <-- 41.259933 s
currentSize : 42 <-- 41.497444 s
currentSize : 44 <-- 41.541447 s
currentSize : 45 <-- 41.656456 s
currentSize : 46 <-- 70.744507 s
currentSize : 47 <-- 71.017876 s

TIMEOUT
maxsize : 47
nodes : 196408600.000000
filtered : 701542573.000000
time : 1000.000061
