Parameters: GAD=1 vflib=1 dir=1 label=1 lowerbound=1 fileNameGp=../../cp2016-max-common-connected-subgraph-paper/datasets/graphsdb/mcs50/bvg/b03m/mcs50_b03m_s80.A06 fileNameGt=../../cp2016-max-common-connected-subgraph-paper/datasets/graphsdb/mcs50/bvg/b03m/mcs50_b03m_s80.B06
Reading graphs...
80 : 120
80 : 120
Initializing...
maxdom : 8
D->valSize : 406
Solving...
Blb : 2 (clique : 37)
currentSize : 37 <-- 0.003904 s
currentSize : 38 <-- 0.007751 s
currentSize : 39 <-- 0.056931 s
currentSize : 40 <-- 58.764069 s
currentSize : 41 <-- 58.773659 s
currentSize : 42 <-- 58.795902 s
currentSize : 43 <-- 59.487766 s

TIMEOUT
maxsize : 43
nodes : 224673941.000000
filtered : 946703854.000000
time : 1000.000061
