Parameters: GAD=1 vflib=1 dir=1 label=1 lowerbound=1 fileNameGp=../../cp2016-max-common-connected-subgraph-paper/datasets/graphsdb/mcs50/m2D/m2Dr2/mcs50_m2Dr2_s60.A05 fileNameGt=../../cp2016-max-common-connected-subgraph-paper/datasets/graphsdb/mcs50/m2D/m2Dr2/mcs50_m2Dr2_s60.B05
Reading graphs...
60 : 116
60 : 116
Initializing...
maxdom : 8
D->valSize : 233
Solving...
Blb : 2 (clique : 22)
currentSize : 22 <-- 0.001717 s
currentSize : 23 <-- 0.026255 s
currentSize : 24 <-- 0.065928 s
currentSize : 25 <-- 1.095103 s
currentSize : 26 <-- 18.342028 s
currentSize : 27 <-- 98.654320 s
currentSize : 28 <-- 181.614731 s
currentSize : 29 <-- 207.920563 s

maxsize : 29
nodes : 52929281.000000
filtered : 357517805.000000
time : 226.897827
