Parameters: GAD=1 vflib=1 dir=1 label=1 lowerbound=1 fileNameGp=../../cp2016-max-common-connected-subgraph-paper/datasets/graphsdb/mcs50/m2D/m2Dr4/mcs50_m2Dr4_s100.A08 fileNameGt=../../cp2016-max-common-connected-subgraph-paper/datasets/graphsdb/mcs50/m2D/m2Dr4/mcs50_m2Dr4_s100.B08
Reading graphs...
100 : 220
100 : 219
Initializing...
maxdom : 8
D->valSize : 365
Solving...
Blb : 2 (clique : 33)
currentSize : 33 <-- 0.003767 s
currentSize : 35 <-- 0.004024 s
currentSize : 36 <-- 0.004122 s
currentSize : 37 <-- 0.004299 s
currentSize : 38 <-- 0.005026 s
currentSize : 39 <-- 0.005269 s
currentSize : 40 <-- 0.010998 s
currentSize : 41 <-- 0.020738 s
currentSize : 42 <-- 0.022920 s
currentSize : 43 <-- 8.652912 s

TIMEOUT
maxsize : 43
nodes : 199473358.000000
filtered : 672056009.000000
time : 1000.000061
