Parameters: GAD=1 vflib=1 dir=1 label=1 lowerbound=1 fileNameGp=../../cp2016-max-common-connected-subgraph-paper/datasets/graphsdb/mcs50/m2D/m2D/mcs50_m2D_s70.A09 fileNameGt=../../cp2016-max-common-connected-subgraph-paper/datasets/graphsdb/mcs50/m2D/m2D/mcs50_m2D_s70.B09
Reading graphs...
70 : 123
70 : 123
Initializing...
maxdom : 9
D->valSize : 312
Solving...
Blb : 2 (clique : 33)
currentSize : 33 <-- 0.003971 s
currentSize : 34 <-- 0.004366 s
currentSize : 36 <-- 0.004730 s
currentSize : 37 <-- 0.004946 s
currentSize : 38 <-- 0.013055 s
currentSize : 39 <-- 0.030396 s
currentSize : 40 <-- 0.164011 s

maxsize : 40
nodes : 20266735.000000
filtered : 120298058.000000
time : 94.719772
