Parameters: GAD=1 vflib=1 dir=1 label=1 lowerbound=1 fileNameGp=../../cp2016-max-common-connected-subgraph-paper/datasets/graphsdb/mcs50/bvg/b06m/mcs50_b06m_s80.A04 fileNameGt=../../cp2016-max-common-connected-subgraph-paper/datasets/graphsdb/mcs50/bvg/b06m/mcs50_b06m_s80.B04
Reading graphs...
80 : 240
80 : 240
Initializing...
maxdom : 9
D->valSize : 437
Solving...
Blb : 3 (clique : 26)
currentSize : 26 <-- 0.004286 s
currentSize : 27 <-- 13.719788 s
currentSize : 28 <-- 13.830143 s
currentSize : 29 <-- 19.400896 s
currentSize : 30 <-- 36.414799 s
currentSize : 31 <-- 39.577072 s
currentSize : 33 <-- 94.876999 s
currentSize : 34 <-- 94.877975 s
currentSize : 35 <-- 210.170868 s
currentSize : 37 <-- 210.173706 s
currentSize : 38 <-- 210.175049 s
currentSize : 39 <-- 210.175171 s
currentSize : 40 <-- 210.180176 s
currentSize : 41 <-- 210.181015 s
currentSize : 42 <-- 342.259583 s
currentSize : 43 <-- 342.388489 s

maxsize : 43
nodes : 95447971.000000
filtered : 738582446.000000
time : 515.969910
