Parameters: GAD=1 vflib=1 dir=1 label=1 lowerbound=1 fileNameGp=../../cp2016-max-common-connected-subgraph-paper/datasets/graphsdb/mcs50/m2D/m2D/mcs50_m2D_s100.A00 fileNameGt=../../cp2016-max-common-connected-subgraph-paper/datasets/graphsdb/mcs50/m2D/m2D/mcs50_m2D_s100.B00
Reading graphs...
100 : 180
100 : 180
Initializing...
maxdom : 7
D->valSize : 343
Solving...
Blb : 2 (clique : 40)
currentSize : 40 <-- 0.003356 s
currentSize : 41 <-- 0.005550 s
currentSize : 42 <-- 0.077908 s
currentSize : 43 <-- 0.079840 s
currentSize : 44 <-- 0.083388 s
currentSize : 45 <-- 0.487168 s
currentSize : 46 <-- 2.195074 s
currentSize : 47 <-- 2.195430 s
currentSize : 48 <-- 349.398438 s
currentSize : 49 <-- 377.587006 s
currentSize : 50 <-- 384.780029 s

TIMEOUT
maxsize : 50
nodes : 214492658.000000
filtered : 504069382.000000
time : 1000.000061
