Parameters: GAD=1 vflib=1 dir=1 label=1 lowerbound=1 fileNameGp=../../cp2016-max-common-connected-subgraph-paper/datasets/graphsdb/mcs50/m3D/m3Dr4/mcs50_m3Dr4_s60.A03 fileNameGt=../../cp2016-max-common-connected-subgraph-paper/datasets/graphsdb/mcs50/m3D/m3Dr4/mcs50_m3Dr4_s60.B03
Reading graphs...
60 : 158
60 : 157
Initializing...
maxdom : 7
D->valSize : 245
Solving...
Blb : 3 (clique : 20)
currentSize : 20 <-- 0.002610 s
currentSize : 22 <-- 0.005094 s
currentSize : 23 <-- 0.005406 s
currentSize : 24 <-- 0.324760 s
currentSize : 25 <-- 0.324933 s
currentSize : 26 <-- 0.325599 s
currentSize : 28 <-- 2.285198 s
currentSize : 29 <-- 2.468234 s

maxsize : 29
nodes : 807439.000000
filtered : 5822139.000000
time : 4.105709
