Parameters: GAD=1 vflib=1 dir=1 label=1 lowerbound=1 fileNameGp=../../cp2016-max-common-connected-subgraph-paper/datasets/graphsdb/mcs50/m3D/m3Dr4/mcs50_m3Dr4_s60.A00 fileNameGt=../../cp2016-max-common-connected-subgraph-paper/datasets/graphsdb/mcs50/m3D/m3Dr4/mcs50_m3Dr4_s60.B00
Reading graphs...
60 : 158
60 : 158
Initializing...
maxdom : 8
D->valSize : 237
Solving...
Blb : 3 (clique : 22)
currentSize : 22 <-- 0.001580 s
currentSize : 23 <-- 0.001800 s
currentSize : 24 <-- 0.002435 s
currentSize : 25 <-- 0.004344 s
currentSize : 26 <-- 0.386883 s
currentSize : 27 <-- 0.387110 s
currentSize : 28 <-- 0.412160 s
currentSize : 29 <-- 0.412278 s
currentSize : 30 <-- 0.412700 s

maxsize : 30
nodes : 556949.000000
filtered : 2827157.000000
time : 2.371928
