Parameters: GAD=1 vflib=1 dir=1 label=1 lowerbound=1 fileNameGp=../../cp2016-max-common-connected-subgraph-paper/datasets/graphsdb/mcs50/bvg/b03/mcs50_b03_s100.A03 fileNameGt=../../cp2016-max-common-connected-subgraph-paper/datasets/graphsdb/mcs50/bvg/b03/mcs50_b03_s100.B03
Reading graphs...
100 : 150
100 : 150
Initializing...
maxdom : 7
D->valSize : 369
Solving...
Blb : 3 (clique : 41)
currentSize : 41 <-- 0.003869 s
currentSize : 42 <-- 0.018158 s
currentSize : 43 <-- 0.082771 s
currentSize : 44 <-- 4.899360 s
currentSize : 45 <-- 38.903992 s
currentSize : 46 <-- 49.546631 s
currentSize : 47 <-- 282.600586 s

TIMEOUT
maxsize : 47
nodes : 192145848.000000
filtered : 742507671.000000
time : 1000.000061
