Parameters: GAD=1 vflib=1 dir=1 label=1 lowerbound=1 fileNameGp=../../cp2016-max-common-connected-subgraph-paper/datasets/graphsdb/mcs50/bvg/b09m/mcs50_b09m_s100.A06 fileNameGt=../../cp2016-max-common-connected-subgraph-paper/datasets/graphsdb/mcs50/bvg/b09m/mcs50_b09m_s100.B06
Reading graphs...
100 : 450
100 : 450
Initializing...
maxdom : 7
D->valSize : 392
Solving...
Blb : 3 (clique : 26)
currentSize : 26 <-- 0.006541 s
currentSize : 27 <-- 0.240781 s
currentSize : 28 <-- 0.240977 s
currentSize : 29 <-- 0.253373 s
currentSize : 30 <-- 1.733795 s
currentSize : 31 <-- 1.909371 s
currentSize : 32 <-- 1.913564 s
currentSize : 33 <-- 11.907889 s
currentSize : 34 <-- 34.199360 s
currentSize : 35 <-- 34.205616 s
currentSize : 37 <-- 34.229015 s
currentSize : 39 <-- 34.230923 s
currentSize : 40 <-- 81.329277 s
currentSize : 41 <-- 82.047050 s
currentSize : 44 <-- 164.586426 s
currentSize : 46 <-- 164.590973 s
currentSize : 47 <-- 164.857849 s
currentSize : 48 <-- 299.834076 s
currentSize : 50 <-- 300.272919 s

maxsize : 50
nodes : 127137266.000000
filtered : 571490570.000000
time : 670.968201
