Parameters: GAD=1 vflib=1 dir=1 label=1 lowerbound=1 fileNameGp=../../cp2016-max-common-connected-subgraph-paper/datasets/graphsdb/mcs50/m3D/m3Dr2/mcs50_m3Dr2_s50.A01 fileNameGt=../../cp2016-max-common-connected-subgraph-paper/datasets/graphsdb/mcs50/m3D/m3Dr2/mcs50_m3Dr2_s50.B01
Reading graphs...
50 : 119
50 : 119
Initializing...
maxdom : 10
D->valSize : 316
Solving...
Blb : 2 (clique : 18)
currentSize : 18 <-- 0.002176 s
currentSize : 19 <-- 0.002347 s
currentSize : 20 <-- 0.013550 s
currentSize : 21 <-- 0.081934 s
currentSize : 22 <-- 1.127444 s
currentSize : 23 <-- 7.789330 s
currentSize : 25 <-- 7.789505 s
currentSize : 27 <-- 9.640586 s

maxsize : 27
nodes : 2564529.000000
filtered : 29702633.000000
time : 11.540225
