Parameters: GAD=1 vflib=1 dir=1 label=1 lowerbound=1 fileNameGp=../../cp2016-max-common-connected-subgraph-paper/datasets/graphsdb/mcs50/m2D/m2Dr2/mcs50_m2Dr2_s100.A05 fileNameGt=../../cp2016-max-common-connected-subgraph-paper/datasets/graphsdb/mcs50/m2D/m2Dr2/mcs50_m2Dr2_s100.B05
Reading graphs...
100 : 200
100 : 198
Initializing...
maxdom : 7
D->valSize : 368
Solving...
Blb : 2 (clique : 37)
currentSize : 37 <-- 0.003740 s
currentSize : 38 <-- 0.004858 s
currentSize : 39 <-- 0.005131 s
currentSize : 40 <-- 0.005730 s
currentSize : 41 <-- 0.014426 s
currentSize : 42 <-- 1.325331 s
currentSize : 43 <-- 2.255584 s
currentSize : 44 <-- 4.208441 s
currentSize : 45 <-- 8.535711 s
currentSize : 46 <-- 12.556587 s
currentSize : 47 <-- 16.591431 s
currentSize : 48 <-- 18.527584 s
currentSize : 49 <-- 38.907192 s
currentSize : 50 <-- 72.590256 s
currentSize : 51 <-- 73.654488 s
currentSize : 52 <-- 88.133965 s
currentSize : 53 <-- 171.363998 s

TIMEOUT
maxsize : 53
nodes : 198106650.000000
filtered : 613493516.000000
time : 1000.000061
