Parameters: GAD=1 vflib=1 dir=1 label=1 lowerbound=1 fileNameGp=../../cp2016-max-common-connected-subgraph-paper/datasets/graphsdb/mcs50/m2D/m2Dr6/mcs50_m2Dr6_s90.A08 fileNameGt=../../cp2016-max-common-connected-subgraph-paper/datasets/graphsdb/mcs50/m2D/m2Dr6/mcs50_m2Dr6_s90.B08
Reading graphs...
90 : 215
90 : 215
Initializing...
maxdom : 8
D->valSize : 532
Solving...
Blb : 2 (clique : 34)
currentSize : 34 <-- 0.006258 s
currentSize : 35 <-- 0.006516 s
currentSize : 37 <-- 0.006578 s
currentSize : 38 <-- 0.006688 s
currentSize : 39 <-- 0.012095 s
currentSize : 40 <-- 0.012320 s
currentSize : 41 <-- 0.044707 s
currentSize : 42 <-- 0.044881 s
currentSize : 43 <-- 0.663018 s
currentSize : 44 <-- 0.682072 s
currentSize : 45 <-- 1.116970 s

TIMEOUT
maxsize : 45
nodes : 171821960.000000
filtered : 1354399361.000000
time : 1000.000061
