Parameters: GAD=1 vflib=1 dir=1 label=1 lowerbound=1 fileNameGp=../../cp2016-max-common-connected-subgraph-paper/datasets/graphsdb/mcs50/m2D/m2Dr6/mcs50_m2Dr6_s70.A01 fileNameGt=../../cp2016-max-common-connected-subgraph-paper/datasets/graphsdb/mcs50/m2D/m2Dr6/mcs50_m2Dr6_s70.B01
Reading graphs...
70 : 165
70 : 165
Initializing...
maxdom : 9
D->valSize : 339
Solving...
Blb : 5 (clique : 20)
currentSize : 20 <-- 0.002675 s
currentSize : 21 <-- 0.003384 s
currentSize : 22 <-- 0.010846 s
currentSize : 23 <-- 0.010963 s
currentSize : 24 <-- 0.076383 s
currentSize : 25 <-- 0.308577 s
currentSize : 26 <-- 0.309696 s
currentSize : 27 <-- 6.453908 s
currentSize : 28 <-- 6.497705 s
currentSize : 29 <-- 26.055466 s
currentSize : 31 <-- 42.957367 s
currentSize : 33 <-- 42.957901 s
currentSize : 39 <-- 50.524704 s

maxsize : 39
nodes : 11337973.000000
filtered : 109915960.000000
time : 58.899418
