Parameters: GAD=1 vflib=1 dir=1 label=1 lowerbound=1 fileNameGp=../../cp2016-max-common-connected-subgraph-paper/datasets/graphsdb/mcs50/bvg/b03m/mcs50_b03m_s40.A06 fileNameGt=../../cp2016-max-common-connected-subgraph-paper/datasets/graphsdb/mcs50/bvg/b03m/mcs50_b03m_s40.B06
Reading graphs...
40 : 60
40 : 60
Initializing...
maxdom : 7
D->valSize : 208
Solving...
Blb : 2 (clique : 15)
currentSize : 15 <-- 0.001164 s
currentSize : 16 <-- 0.001520 s
currentSize : 17 <-- 0.007967 s
currentSize : 18 <-- 0.009364 s
currentSize : 19 <-- 0.009908 s
currentSize : 20 <-- 0.390316 s
currentSize : 21 <-- 3.778840 s
currentSize : 22 <-- 3.802901 s

maxsize : 22
nodes : 1137373.000000
filtered : 10065526.000000
time : 4.298064
