Parameters: GAD=1 vflib=1 dir=1 label=1 lowerbound=1 fileNameGp=../../cp2016-max-common-connected-subgraph-paper/datasets/graphsdb/mcs50/m2D/m2Dr4/mcs50_m2Dr4_s50.A09 fileNameGt=../../cp2016-max-common-connected-subgraph-paper/datasets/graphsdb/mcs50/m2D/m2Dr4/mcs50_m2Dr4_s50.B09
Reading graphs...
50 : 105
50 : 105
Initializing...
maxdom : 9
D->valSize : 346
Solving...
Blb : 2 (clique : 17)
currentSize : 17 <-- 0.002605 s
currentSize : 18 <-- 0.002726 s
currentSize : 19 <-- 0.003300 s
currentSize : 20 <-- 0.006306 s
currentSize : 21 <-- 8.943626 s
currentSize : 22 <-- 14.042943 s
currentSize : 23 <-- 17.226019 s
currentSize : 24 <-- 21.090504 s
currentSize : 25 <-- 32.362087 s
currentSize : 26 <-- 32.368778 s
currentSize : 27 <-- 32.368893 s

maxsize : 27
nodes : 9047732.000000
filtered : 114217877.000000
time : 42.034286
