Parameters: GAD=1 vflib=1 dir=1 label=1 lowerbound=1 fileNameGp=../../cp2016-max-common-connected-subgraph-paper/datasets/graphsdb/mcs50/rand/r005/mcs50_r005_s60.A02 fileNameGt=../../cp2016-max-common-connected-subgraph-paper/datasets/graphsdb/mcs50/rand/r005/mcs50_r005_s60.B02
Reading graphs...
60 : 176
60 : 176
Initializing...
maxdom : 7
D->valSize : 256
Solving...
Blb : 2 (clique : 18)
currentSize : 18 <-- 0.002795 s
currentSize : 19 <-- 0.007307 s
currentSize : 20 <-- 0.015951 s
currentSize : 21 <-- 0.069139 s
currentSize : 22 <-- 0.152356 s
currentSize : 23 <-- 0.255838 s
currentSize : 24 <-- 0.381170 s
currentSize : 25 <-- 0.596117 s
currentSize : 26 <-- 0.917726 s
currentSize : 27 <-- 0.959464 s
currentSize : 29 <-- 2.965680 s
currentSize : 30 <-- 3.075931 s

maxsize : 30
nodes : 830963.000000
filtered : 9177454.000000
time : 4.233743
