Parameters: GAD=1 vflib=1 dir=1 label=1 lowerbound=1 fileNameGp=../../cp2016-max-common-connected-subgraph-paper/datasets/graphsdb/mcs50/m2D/m2D/mcs50_m2D_s100.A07 fileNameGt=../../cp2016-max-common-connected-subgraph-paper/datasets/graphsdb/mcs50/m2D/m2D/mcs50_m2D_s100.B07
Reading graphs...
100 : 180
100 : 180
Initializing...
maxdom : 6
D->valSize : 357
Solving...
Blb : 2 (clique : 38)
currentSize : 38 <-- 0.006160 s
currentSize : 39 <-- 0.006708 s
currentSize : 41 <-- 0.233635 s
currentSize : 42 <-- 0.950778 s
currentSize : 43 <-- 66.635475 s
currentSize : 44 <-- 76.202972 s
currentSize : 45 <-- 228.306992 s

TIMEOUT
maxsize : 45
nodes : 191737849.000000
filtered : 823275856.000000
time : 1000.000061
