Parameters: GAD=1 vflib=1 dir=1 label=1 lowerbound=1 fileNameGp=../../cp2016-max-common-connected-subgraph-paper/datasets/graphsdb/mcs50/bvg/b06m/mcs50_b06m_s60.A00 fileNameGt=../../cp2016-max-common-connected-subgraph-paper/datasets/graphsdb/mcs50/bvg/b06m/mcs50_b06m_s60.B00
Reading graphs...
60 : 180
60 : 180
Initializing...
maxdom : 8
D->valSize : 274
Solving...
Blb : 2 (clique : 19)
currentSize : 19 <-- 0.001840 s
currentSize : 20 <-- 0.003645 s
currentSize : 21 <-- 0.004545 s
currentSize : 22 <-- 0.045618 s
currentSize : 23 <-- 0.049033 s
currentSize : 24 <-- 0.049115 s
currentSize : 26 <-- 0.131518 s
currentSize : 29 <-- 0.167301 s
currentSize : 31 <-- 0.167412 s

maxsize : 31
nodes : 343791.000000
filtered : 1992379.000000
time : 1.463250
