Parameters: GAD=1 vflib=1 dir=1 label=1 lowerbound=1 fileNameGp=../../cp2016-max-common-connected-subgraph-paper/datasets/graphsdb/mcs50/m2D/m2D/mcs50_m2D_s70.A06 fileNameGt=../../cp2016-max-common-connected-subgraph-paper/datasets/graphsdb/mcs50/m2D/m2D/mcs50_m2D_s70.B06
Reading graphs...
70 : 123
70 : 123
Initializing...
maxdom : 8
D->valSize : 347
Solving...
Blb : 2 (clique : 29)
currentSize : 29 <-- 0.004712 s
currentSize : 30 <-- 0.036529 s
currentSize : 31 <-- 0.043984 s
currentSize : 32 <-- 0.291305 s
currentSize : 33 <-- 19.422783 s
currentSize : 34 <-- 19.423693 s
currentSize : 35 <-- 33.391972 s
currentSize : 36 <-- 33.393780 s
currentSize : 37 <-- 47.066135 s
currentSize : 38 <-- 58.493706 s
currentSize : 39 <-- 217.609222 s

maxsize : 39
nodes : 101412944.000000
filtered : 989453932.000000
time : 537.208191
