Parameters: GAD=1 vflib=1 dir=1 label=1 lowerbound=1 fileNameGp=../../cp2016-max-common-connected-subgraph-paper/datasets/graphsdb/mcs50/m3D/m3Dr6/mcs50_m3Dr6_s60.A00 fileNameGt=../../cp2016-max-common-connected-subgraph-paper/datasets/graphsdb/mcs50/m3D/m3Dr6/mcs50_m3Dr6_s60.B00
Reading graphs...
60 : 170
60 : 169
Initializing...
maxdom : 10
D->valSize : 225
Solving...
Blb : 3 (clique : 19)
currentSize : 19 <-- 0.001471 s
currentSize : 20 <-- 0.051713 s
currentSize : 21 <-- 0.094057 s
currentSize : 22 <-- 0.100024 s
currentSize : 23 <-- 0.105685 s
currentSize : 24 <-- 0.140626 s
currentSize : 25 <-- 0.235839 s
currentSize : 27 <-- 0.236320 s

maxsize : 27
nodes : 397675.000000
filtered : 2965371.000000
time : 1.797383
