Parameters: GAD=1 vflib=1 dir=1 label=1 lowerbound=1 fileNameGp=../../cp2016-max-common-connected-subgraph-paper/datasets/graphsdb/mcs50/m2D/m2Dr4/mcs50_m2Dr4_s60.A07 fileNameGt=../../cp2016-max-common-connected-subgraph-paper/datasets/graphsdb/mcs50/m2D/m2Dr4/mcs50_m2Dr4_s60.B07
Reading graphs...
60 : 128
60 : 125
Initializing...
maxdom : 7
D->valSize : 233
Solving...
Blb : 2 (clique : 22)
currentSize : 22 <-- 0.001631 s
currentSize : 23 <-- 0.002263 s
currentSize : 24 <-- 0.022658 s
currentSize : 25 <-- 0.275838 s
currentSize : 26 <-- 65.284622 s
currentSize : 27 <-- 129.386261 s
currentSize : 28 <-- 159.833847 s
currentSize : 29 <-- 168.212387 s

maxsize : 29
nodes : 44725728.000000
filtered : 308175335.000000
time : 197.826569
