Parameters: GAD=1 vflib=1 dir=1 label=1 lowerbound=1 fileNameGp=../../cp2016-max-common-connected-subgraph-paper/datasets/graphsdb/mcs50/bvg/b06/mcs50_b06_s80.A02 fileNameGt=../../cp2016-max-common-connected-subgraph-paper/datasets/graphsdb/mcs50/bvg/b06/mcs50_b06_s80.B02
Reading graphs...
80 : 240
80 : 240
Initializing...
maxdom : 11
D->valSize : 470
Solving...
Blb : 2 (clique : 34)
currentSize : 34 <-- 0.004575 s
currentSize : 35 <-- 0.647622 s
currentSize : 36 <-- 93.562843 s
currentSize : 37 <-- 567.501221 s
currentSize : 38 <-- 567.758789 s
currentSize : 39 <-- 567.770508 s
currentSize : 40 <-- 567.772766 s
currentSize : 41 <-- 568.306641 s
currentSize : 42 <-- 568.324158 s

TIMEOUT
maxsize : 42
nodes : 197715443.000000
filtered : 1359215261.000000
time : 1000.000061
