Parameters: GAD=1 vflib=1 dir=1 label=1 lowerbound=1 fileNameGp=../../cp2016-max-common-connected-subgraph-paper/datasets/graphsdb/mcs50/rand/r01/mcs50_r01_s90.A02 fileNameGt=../../cp2016-max-common-connected-subgraph-paper/datasets/graphsdb/mcs50/rand/r01/mcs50_r01_s90.B02
Reading graphs...
90 : 800
90 : 800
Initializing...
maxdom : 9
D->valSize : 552
Solving...
Blb : 2 (clique : 14)
currentSize : 14 <-- 0.005858 s
currentSize : 15 <-- 0.006029 s
currentSize : 19 <-- 0.009223 s
currentSize : 24 <-- 1.344870 s
currentSize : 29 <-- 1.415102 s
currentSize : 31 <-- 1.455049 s
currentSize : 32 <-- 1.455189 s
currentSize : 45 <-- 1.848670 s

maxsize : 45
nodes : 460668.000000
filtered : 6019564.000000
time : 3.062912
