Parameters: GAD=1 vflib=1 dir=1 label=1 lowerbound=1 fileNameGp=../../cp2016-max-common-connected-subgraph-paper/datasets/graphsdb/mcs50/m2D/m2Dr6/mcs50_m2Dr6_s50.A09 fileNameGt=../../cp2016-max-common-connected-subgraph-paper/datasets/graphsdb/mcs50/m2D/m2Dr6/mcs50_m2Dr6_s50.B09
Reading graphs...
50 : 115
50 : 113
Initializing...
maxdom : 11
D->valSize : 363
Solving...
Blb : 2 (clique : 23)
currentSize : 23 <-- 0.004461 s
currentSize : 24 <-- 0.058558 s
currentSize : 25 <-- 15.074556 s
currentSize : 26 <-- 17.640093 s
currentSize : 27 <-- 18.024872 s

maxsize : 27
nodes : 5379339.000000
filtered : 77454577.000000
time : 27.232187
