Parameters: GAD=1 vflib=1 dir=1 label=1 lowerbound=1 fileNameGp=../../cp2016-max-common-connected-subgraph-paper/datasets/graphsdb/mcs50/m2D/m2Dr6/mcs50_m2Dr6_s50.A02 fileNameGt=../../cp2016-max-common-connected-subgraph-paper/datasets/graphsdb/mcs50/m2D/m2Dr6/mcs50_m2Dr6_s50.B02
Reading graphs...
50 : 115
50 : 115
Initializing...
maxdom : 9
D->valSize : 350
Solving...
Blb : 3 (clique : 18)
currentSize : 18 <-- 0.002524 s
currentSize : 19 <-- 0.002678 s
currentSize : 20 <-- 0.003074 s
currentSize : 21 <-- 0.113265 s
currentSize : 22 <-- 3.146586 s
currentSize : 23 <-- 6.021317 s
currentSize : 26 <-- 10.073555 s
currentSize : 27 <-- 10.096223 s

maxsize : 27
nodes : 3796764.000000
filtered : 65124939.000000
time : 19.641590
