Parameters: GAD=1 vflib=1 dir=1 label=1 lowerbound=1 fileNameGp=../../cp2016-max-common-connected-subgraph-paper/datasets/graphsdb/mcs50/bvg/b06m/mcs50_b06m_s70.A03 fileNameGt=../../cp2016-max-common-connected-subgraph-paper/datasets/graphsdb/mcs50/bvg/b06m/mcs50_b06m_s70.B03
Reading graphs...
70 : 210
70 : 210
Initializing...
maxdom : 7
D->valSize : 313
Solving...
Blb : 5 (clique : 23)
currentSize : 23 <-- 0.002381 s
currentSize : 26 <-- 0.005559 s
currentSize : 27 <-- 0.031575 s
currentSize : 28 <-- 0.031768 s
currentSize : 29 <-- 0.068378 s
currentSize : 30 <-- 0.068497 s
currentSize : 31 <-- 1.134004 s
currentSize : 33 <-- 3.967555 s
currentSize : 34 <-- 3.968369 s
currentSize : 35 <-- 3.968537 s

maxsize : 35
nodes : 4586851.000000
filtered : 30454028.000000
time : 21.366688
