Parameters: GAD=1 vflib=1 dir=1 label=1 lowerbound=1 fileNameGp=../../cp2016-max-common-connected-subgraph-paper/datasets/graphsdb/mcs50/m3D/m3D/mcs50_m3D_s60.A04 fileNameGt=../../cp2016-max-common-connected-subgraph-paper/datasets/graphsdb/mcs50/m3D/m3D/mcs50_m3D_s60.B04
Reading graphs...
60 : 134
60 : 134
Initializing...
maxdom : 6
D->valSize : 249
Solving...
Blb : 2 (clique : 24)
currentSize : 24 <-- 0.001706 s
currentSize : 25 <-- 0.610124 s
currentSize : 26 <-- 35.122364 s
currentSize : 27 <-- 36.260509 s
currentSize : 28 <-- 36.261711 s
currentSize : 29 <-- 36.261810 s

maxsize : 29
nodes : 27518296.000000
filtered : 202274235.000000
time : 124.144104
