Parameters: GAD=1 vflib=1 dir=1 label=1 lowerbound=1 fileNameGp=../../cp2016-max-common-connected-subgraph-paper/datasets/graphsdb/mcs50/bvg/b03/mcs50_b03_s80.A08 fileNameGt=../../cp2016-max-common-connected-subgraph-paper/datasets/graphsdb/mcs50/bvg/b03/mcs50_b03_s80.B08
Reading graphs...
80 : 120
80 : 120
Initializing...
maxdom : 10
D->valSize : 447
Solving...
Blb : 2 (clique : 34)
currentSize : 34 <-- 0.004465 s
currentSize : 35 <-- 7.538950 s
currentSize : 36 <-- 241.911575 s
currentSize : 37 <-- 338.348022 s
currentSize : 38 <-- 338.609009 s
currentSize : 39 <-- 405.254913 s
currentSize : 40 <-- 725.784668 s

TIMEOUT
maxsize : 40
nodes : 163750428.000000
filtered : 1480527878.000000
time : 1000.000000
