Parameters: GAD=1 vflib=1 dir=1 label=1 lowerbound=1 fileNameGp=../../cp2016-max-common-connected-subgraph-paper/datasets/graphsdb/mcs50/m2D/m2Dr4/mcs50_m2Dr4_s70.A01 fileNameGt=../../cp2016-max-common-connected-subgraph-paper/datasets/graphsdb/mcs50/m2D/m2Dr4/mcs50_m2Dr4_s70.B01
Reading graphs...
70 : 151
70 : 150
Initializing...
maxdom : 7
D->valSize : 350
Solving...
Blb : 2 (clique : 22)
currentSize : 22 <-- 0.004787 s
currentSize : 23 <-- 0.005094 s
currentSize : 24 <-- 0.242884 s
currentSize : 25 <-- 0.734952 s
currentSize : 26 <-- 1.334588 s
currentSize : 27 <-- 2.738830 s
currentSize : 28 <-- 2.741405 s
currentSize : 29 <-- 6.651938 s
currentSize : 30 <-- 6.652136 s
currentSize : 31 <-- 6.663698 s
currentSize : 32 <-- 6.664579 s
currentSize : 33 <-- 25.836376 s
currentSize : 34 <-- 59.758186 s
currentSize : 35 <-- 59.758335 s
currentSize : 36 <-- 61.726040 s
currentSize : 37 <-- 83.093872 s
currentSize : 38 <-- 132.640549 s

maxsize : 38
nodes : 78149362.000000
filtered : 545862697.000000
time : 390.887482
