Parameters: GAD=1 vflib=1 dir=1 label=1 lowerbound=1 fileNameGp=../../cp2016-max-common-connected-subgraph-paper/datasets/graphsdb/mcs50/m2D/m2Dr4/mcs50_m2Dr4_s90.A02 fileNameGt=../../cp2016-max-common-connected-subgraph-paper/datasets/graphsdb/mcs50/m2D/m2Dr4/mcs50_m2Dr4_s90.B02
Reading graphs...
90 : 197
90 : 196
Initializing...
maxdom : 9
D->valSize : 546
Solving...
Blb : 2 (clique : 34)
currentSize : 34 <-- 0.010658 s
currentSize : 35 <-- 0.013946 s
currentSize : 36 <-- 0.018926 s
currentSize : 37 <-- 0.729533 s
currentSize : 38 <-- 74.748260 s
currentSize : 39 <-- 76.219009 s

TIMEOUT
maxsize : 39
nodes : 168411080.000000
filtered : 1487616195.000000
time : 1000.000061
