Parameters: GAD=1 vflib=1 dir=1 label=1 lowerbound=1 fileNameGp=../../cp2016-max-common-connected-subgraph-paper/datasets/graphsdb/mcs50/m2D/m2Dr4/mcs50_m2Dr4_s100.A03 fileNameGt=../../cp2016-max-common-connected-subgraph-paper/datasets/graphsdb/mcs50/m2D/m2Dr4/mcs50_m2Dr4_s100.B03
Reading graphs...
100 : 220
100 : 220
Initializing...
maxdom : 7
D->valSize : 371
Solving...
Blb : 2 (clique : 30)
currentSize : 30 <-- 0.005976 s
currentSize : 31 <-- 0.007276 s
currentSize : 32 <-- 0.012594 s
currentSize : 33 <-- 0.013293 s
currentSize : 34 <-- 0.178646 s
currentSize : 35 <-- 0.613155 s
currentSize : 36 <-- 0.914176 s
currentSize : 37 <-- 0.923024 s
currentSize : 38 <-- 14.921003 s
currentSize : 39 <-- 52.385021 s
currentSize : 40 <-- 52.393215 s
currentSize : 41 <-- 52.469334 s
currentSize : 42 <-- 60.168064 s
currentSize : 43 <-- 304.986877 s
currentSize : 44 <-- 434.170044 s
currentSize : 45 <-- 434.174866 s
currentSize : 46 <-- 534.491516 s

TIMEOUT
maxsize : 46
nodes : 192591144.000000
filtered : 756976055.000000
time : 1000.000061
