Parameters: GAD=1 vflib=1 dir=1 label=1 lowerbound=1 fileNameGp=../../cp2016-max-common-connected-subgraph-paper/datasets/graphsdb/mcs50/m3D/m3Dr4/mcs50_m3Dr4_s60.A04 fileNameGt=../../cp2016-max-common-connected-subgraph-paper/datasets/graphsdb/mcs50/m3D/m3Dr4/mcs50_m3Dr4_s60.B04
Reading graphs...
60 : 158
60 : 158
Initializing...
maxdom : 7
D->valSize : 251
Solving...
Blb : 2 (clique : 18)
currentSize : 18 <-- 0.001730 s
currentSize : 19 <-- 0.001860 s
currentSize : 20 <-- 0.001918 s
currentSize : 21 <-- 0.007323 s
currentSize : 22 <-- 0.033696 s
currentSize : 24 <-- 0.852820 s
currentSize : 26 <-- 3.155876 s
currentSize : 27 <-- 3.169925 s
currentSize : 28 <-- 3.207419 s
currentSize : 29 <-- 20.451618 s
currentSize : 30 <-- 24.399956 s

maxsize : 30
nodes : 7572053.000000
filtered : 56495410.000000
time : 34.476402
