Parameters: GAD=1 vflib=1 dir=1 label=1 lowerbound=1 fileNameGp=../../cp2016-max-common-connected-subgraph-paper/datasets/graphsdb/mcs50/m2D/m2Dr2/mcs50_m2Dr2_s50.A06 fileNameGt=../../cp2016-max-common-connected-subgraph-paper/datasets/graphsdb/mcs50/m2D/m2Dr2/mcs50_m2Dr2_s50.B06
Reading graphs...
50 : 95
50 : 94
Initializing...
maxdom : 9
D->valSize : 321
Solving...
Blb : 5 (clique : 18)
currentSize : 18 <-- 0.002326 s
currentSize : 19 <-- 0.002598 s
currentSize : 20 <-- 0.002640 s
currentSize : 21 <-- 0.213350 s
currentSize : 22 <-- 0.213580 s
currentSize : 24 <-- 0.213805 s
currentSize : 25 <-- 32.331635 s
currentSize : 26 <-- 81.446274 s
currentSize : 27 <-- 142.788834 s

maxsize : 27
nodes : 38445626.000000
filtered : 497712937.000000
time : 176.212723
