Parameters: GAD=1 vflib=1 dir=1 label=1 lowerbound=1 fileNameGp=../../cp2016-max-common-connected-subgraph-paper/datasets/graphsdb/mcs50/bvg/b09m/mcs50_b09m_s80.A06 fileNameGt=../../cp2016-max-common-connected-subgraph-paper/datasets/graphsdb/mcs50/bvg/b09m/mcs50_b09m_s80.B06
Reading graphs...
80 : 360
80 : 360
Initializing...
maxdom : 8
D->valSize : 434
Solving...
Blb : 3 (clique : 27)
currentSize : 27 <-- 0.006710 s
currentSize : 28 <-- 0.007291 s
currentSize : 29 <-- 0.008631 s
currentSize : 31 <-- 0.023157 s
currentSize : 32 <-- 0.023443 s
currentSize : 34 <-- 40.507084 s
currentSize : 35 <-- 40.507225 s
currentSize : 36 <-- 40.507362 s
currentSize : 38 <-- 40.507713 s
currentSize : 39 <-- 40.508667 s
currentSize : 40 <-- 40.508892 s
currentSize : 41 <-- 40.562740 s

maxsize : 41
nodes : 21942147.000000
filtered : 135542323.000000
time : 111.820366
