Parameters: GAD=1 vflib=1 dir=1 label=1 lowerbound=1 fileNameGp=../../cp2016-max-common-connected-subgraph-paper/datasets/graphsdb/mcs50/m2D/m2D/mcs50_m2D_s90.A00 fileNameGt=../../cp2016-max-common-connected-subgraph-paper/datasets/graphsdb/mcs50/m2D/m2D/mcs50_m2D_s90.B00
Reading graphs...
90 : 161
90 : 161
Initializing...
maxdom : 9
D->valSize : 521
Solving...
Blb : 2 (clique : 34)
currentSize : 34 <-- 0.010035 s
currentSize : 35 <-- 0.011209 s
currentSize : 36 <-- 0.011474 s
currentSize : 37 <-- 0.012071 s
currentSize : 38 <-- 0.016001 s
currentSize : 39 <-- 0.054152 s
currentSize : 40 <-- 0.243140 s
currentSize : 41 <-- 0.251379 s
currentSize : 42 <-- 835.917480 s

TIMEOUT
maxsize : 42
nodes : 172420196.000000
filtered : 1343002781.000000
time : 1000.000061
