Parameters: GAD=1 vflib=1 dir=1 label=1 lowerbound=1 fileNameGp=../../cp2016-max-common-connected-subgraph-paper/datasets/graphsdb/mcs50/bvg/b06m/mcs50_b06m_s40.A03 fileNameGt=../../cp2016-max-common-connected-subgraph-paper/datasets/graphsdb/mcs50/bvg/b06m/mcs50_b06m_s40.B03
Reading graphs...
40 : 120
40 : 120
Initializing...
maxdom : 8
D->valSize : 219
Solving...
Blb : 2 (clique : 12)
currentSize : 12 <-- 0.001163 s
currentSize : 13 <-- 0.002438 s
currentSize : 14 <-- 0.016560 s
currentSize : 15 <-- 0.312648 s
currentSize : 16 <-- 0.340473 s
currentSize : 18 <-- 0.483997 s
currentSize : 19 <-- 0.484145 s
currentSize : 20 <-- 0.484253 s
currentSize : 21 <-- 0.484372 s

maxsize : 21
nodes : 116524.000000
filtered : 1290996.000000
time : 0.605121
