Parameters: GAD=1 vflib=1 dir=1 label=1 lowerbound=1 fileNameGp=../../cp2016-max-common-connected-subgraph-paper/datasets/graphsdb/mcs50/m2D/m2Dr6/mcs50_m2Dr6_s60.A00 fileNameGt=../../cp2016-max-common-connected-subgraph-paper/datasets/graphsdb/mcs50/m2D/m2Dr6/mcs50_m2Dr6_s60.B00
Reading graphs...
60 : 140
60 : 140
Initializing...
maxdom : 6
D->valSize : 244
Solving...
Blb : 2 (clique : 19)
currentSize : 19 <-- 0.002510 s
currentSize : 20 <-- 0.002763 s
currentSize : 21 <-- 0.004227 s
currentSize : 22 <-- 0.055780 s
currentSize : 23 <-- 0.149229 s
currentSize : 24 <-- 0.591614 s
currentSize : 25 <-- 0.626852 s
currentSize : 26 <-- 1.288161 s
currentSize : 27 <-- 1.288729 s
currentSize : 28 <-- 9.431802 s
currentSize : 29 <-- 12.382728 s

maxsize : 29
nodes : 6405643.000000
filtered : 52097990.000000
time : 29.361753
