Parameters: GAD=1 vflib=1 dir=1 label=1 lowerbound=1 fileNameGp=../../cp2016-max-common-connected-subgraph-paper/datasets/graphsdb/mcs50/m3D/m3D/mcs50_m3D_s50.A08 fileNameGt=../../cp2016-max-common-connected-subgraph-paper/datasets/graphsdb/mcs50/m3D/m3D/mcs50_m3D_s50.B08
Reading graphs...
50 : 109
50 : 109
Initializing...
maxdom : 11
D->valSize : 328
Solving...
Blb : 2 (clique : 18)
currentSize : 18 <-- 0.002384 s
currentSize : 20 <-- 0.008062 s
currentSize : 21 <-- 0.008135 s
currentSize : 22 <-- 0.026097 s
currentSize : 23 <-- 0.209517 s
currentSize : 24 <-- 0.544537 s
currentSize : 25 <-- 2.957507 s
currentSize : 26 <-- 3.551530 s
currentSize : 27 <-- 4.424632 s
currentSize : 28 <-- 6.919815 s

maxsize : 28
nodes : 3103202.000000
filtered : 35976338.000000
time : 14.317363
