Parameters: GAD=1 vflib=1 dir=1 label=1 lowerbound=1 fileNameGp=../../cp2016-max-common-connected-subgraph-paper/datasets/graphsdb/mcs50/rand/r005/mcs50_r005_s50.A01 fileNameGt=../../cp2016-max-common-connected-subgraph-paper/datasets/graphsdb/mcs50/rand/r005/mcs50_r005_s50.B01
Reading graphs...
50 : 121
50 : 121
Initializing...
maxdom : 9
D->valSize : 338
Solving...
Blb : 2 (clique : 17)
currentSize : 17 <-- 0.002440 s
currentSize : 18 <-- 0.002616 s
currentSize : 20 <-- 0.003942 s
currentSize : 21 <-- 1.441714 s
currentSize : 23 <-- 9.666727 s
currentSize : 24 <-- 18.787436 s
currentSize : 25 <-- 44.463997 s

maxsize : 25
nodes : 15496356.000000
filtered : 291121034.000000
time : 83.808479
