Parameters: GAD=1 vflib=1 dir=1 label=1 lowerbound=1 fileNameGp=../../cp2016-max-common-connected-subgraph-paper/datasets/graphsdb/mcs50/rand/r005/mcs50_r005_s60.A04 fileNameGt=../../cp2016-max-common-connected-subgraph-paper/datasets/graphsdb/mcs50/rand/r005/mcs50_r005_s60.B04
Reading graphs...
60 : 176
60 : 176
Initializing...
maxdom : 8
D->valSize : 233
Solving...
Blb : 2 (clique : 16)
currentSize : 16 <-- 0.001587 s
currentSize : 17 <-- 0.001759 s
currentSize : 18 <-- 0.003051 s
currentSize : 19 <-- 0.005268 s
currentSize : 20 <-- 0.008685 s
currentSize : 21 <-- 0.056056 s
currentSize : 22 <-- 0.137822 s
currentSize : 24 <-- 0.475190 s
currentSize : 27 <-- 0.821475 s
currentSize : 28 <-- 0.822212 s
currentSize : 29 <-- 1.383110 s
currentSize : 30 <-- 1.599657 s

maxsize : 30
nodes : 412968.000000
filtered : 3448547.000000
time : 1.932177
