Parameters: GAD=1 vflib=1 dir=1 label=1 lowerbound=1 fileNameGp=../../cp2016-max-common-connected-subgraph-paper/datasets/graphsdb/mcs50/bvg/b06/mcs50_b06_s70.A08 fileNameGt=../../cp2016-max-common-connected-subgraph-paper/datasets/graphsdb/mcs50/bvg/b06/mcs50_b06_s70.B08
Reading graphs...
70 : 210
70 : 210
Initializing...
maxdom : 8
D->valSize : 340
Solving...
Blb : 2 (clique : 26)
currentSize : 26 <-- 0.002707 s
currentSize : 27 <-- 0.003085 s
currentSize : 28 <-- 0.003354 s
currentSize : 29 <-- 0.004074 s
currentSize : 30 <-- 0.004604 s
currentSize : 33 <-- 0.005658 s
currentSize : 35 <-- 0.006490 s
currentSize : 36 <-- 0.226996 s

maxsize : 36
nodes : 1363830.000000
filtered : 10476387.000000
time : 6.668170
