Parameters: GAD=1 vflib=1 dir=1 label=1 lowerbound=1 fileNameGp=../../cp2016-max-common-connected-subgraph-paper/datasets/graphsdb/mcs50/m2D/m2Dr6/mcs50_m2Dr6_s80.A01 fileNameGt=../../cp2016-max-common-connected-subgraph-paper/datasets/graphsdb/mcs50/m2D/m2Dr6/mcs50_m2Dr6_s80.B01
Reading graphs...
80 : 190
80 : 189
Initializing...
maxdom : 13
D->valSize : 456
Solving...
Blb : 2 (clique : 24)
currentSize : 24 <-- 0.007372 s
currentSize : 26 <-- 0.007646 s
currentSize : 27 <-- 0.008346 s
currentSize : 28 <-- 0.011739 s
currentSize : 29 <-- 0.983562 s
currentSize : 31 <-- 2.031072 s
currentSize : 32 <-- 3.219201 s
currentSize : 33 <-- 6.578984 s
currentSize : 34 <-- 6.580259 s
currentSize : 35 <-- 20.949240 s
currentSize : 37 <-- 20.950563 s
currentSize : 38 <-- 23.549562 s
currentSize : 39 <-- 23.549721 s
currentSize : 40 <-- 279.246918 s

maxsize : 40
nodes : 111034100.000000
filtered : 1312631241.000000
time : 692.754089
