Parameters: GAD=1 vflib=1 dir=1 label=1 lowerbound=1 fileNameGp=../../cp2016-max-common-connected-subgraph-paper/datasets/graphsdb/mcs50/bvg/b03m/mcs50_b03m_s60.A03 fileNameGt=../../cp2016-max-common-connected-subgraph-paper/datasets/graphsdb/mcs50/bvg/b03m/mcs50_b03m_s60.B03
Reading graphs...
60 : 90
60 : 90
Initializing...
maxdom : 8
D->valSize : 246
Solving...
Blb : 3 (clique : 26)
currentSize : 26 <-- 0.002840 s
currentSize : 27 <-- 0.030017 s
currentSize : 28 <-- 0.035073 s
currentSize : 29 <-- 4.077216 s
currentSize : 30 <-- 5.055224 s
currentSize : 31 <-- 5.588445 s
currentSize : 32 <-- 14.411992 s
currentSize : 33 <-- 47.899555 s

maxsize : 33
nodes : 11944307.000000
filtered : 81191807.000000
time : 53.659420
