Parameters: GAD=1 vflib=1 dir=1 label=1 lowerbound=1 fileNameGp=../../cp2016-max-common-connected-subgraph-paper/datasets/graphsdb/mcs50/bvg/b06m/mcs50_b06m_s70.A07 fileNameGt=../../cp2016-max-common-connected-subgraph-paper/datasets/graphsdb/mcs50/bvg/b06m/mcs50_b06m_s70.B07
Reading graphs...
70 : 210
70 : 210
Initializing...
maxdom : 7
D->valSize : 348
Solving...
Blb : 3 (clique : 29)
currentSize : 29 <-- 0.004610 s
currentSize : 30 <-- 0.589055 s
currentSize : 31 <-- 4.178105 s
currentSize : 32 <-- 9.885795 s
currentSize : 33 <-- 9.886518 s
currentSize : 34 <-- 9.963600 s
currentSize : 35 <-- 13.604599 s
currentSize : 36 <-- 13.605373 s

maxsize : 36
nodes : 7369738.000000
filtered : 63518341.000000
time : 37.495846
