Parameters: GAD=1 vflib=1 dir=1 label=1 lowerbound=1 fileNameGp=../../cp2016-max-common-connected-subgraph-paper/datasets/graphsdb/mcs50/m3D/m3Dr4/mcs50_m3Dr4_s50.A02 fileNameGt=../../cp2016-max-common-connected-subgraph-paper/datasets/graphsdb/mcs50/m3D/m3Dr4/mcs50_m3Dr4_s50.B02
Reading graphs...
50 : 128
50 : 128
Initializing...
maxdom : 10
D->valSize : 332
Solving...
Blb : 2 (clique : 16)
currentSize : 16 <-- 0.002310 s
currentSize : 17 <-- 0.010054 s
currentSize : 18 <-- 0.032210 s
currentSize : 19 <-- 0.102798 s
currentSize : 20 <-- 0.180225 s
currentSize : 21 <-- 0.180272 s
currentSize : 22 <-- 0.381179 s
currentSize : 23 <-- 0.417495 s
currentSize : 24 <-- 0.449531 s
currentSize : 25 <-- 0.539066 s
currentSize : 26 <-- 0.824506 s
currentSize : 27 <-- 1.252583 s
currentSize : 28 <-- 2.069414 s

maxsize : 28
nodes : 734506.000000
filtered : 7742437.000000
time : 3.196829
