Parameters: GAD=1 vflib=1 dir=1 label=1 lowerbound=1 fileNameGp=../../cp2016-max-common-connected-subgraph-paper/datasets/graphsdb/mcs50/rand/r005/mcs50_r005_s70.A02 fileNameGt=../../cp2016-max-common-connected-subgraph-paper/datasets/graphsdb/mcs50/rand/r005/mcs50_r005_s70.B02
Reading graphs...
70 : 240
70 : 240
Initializing...
maxdom : 7
D->valSize : 336
Solving...
Blb : 3 (clique : 19)
currentSize : 19 <-- 0.004296 s
currentSize : 20 <-- 0.008879 s
currentSize : 21 <-- 0.039159 s
currentSize : 22 <-- 0.060196 s
currentSize : 23 <-- 0.115039 s
currentSize : 24 <-- 0.115070 s
currentSize : 25 <-- 4.265649 s
currentSize : 28 <-- 10.621341 s
currentSize : 29 <-- 90.067505 s
currentSize : 30 <-- 90.068581 s
currentSize : 31 <-- 90.068787 s
currentSize : 33 <-- 90.075233 s
currentSize : 35 <-- 90.075890 s

maxsize : 35
nodes : 18887919.000000
filtered : 212551220.000000
time : 105.642448
