Parameters: GAD=1 vflib=1 dir=1 label=1 lowerbound=1 fileNameGp=../../cp2016-max-common-connected-subgraph-paper/datasets/graphsdb/mcs50/bvg/b09/mcs50_b09_s90.A09 fileNameGt=../../cp2016-max-common-connected-subgraph-paper/datasets/graphsdb/mcs50/bvg/b09/mcs50_b09_s90.B09
Reading graphs...
90 : 405
90 : 405
Initializing...
maxdom : 9
D->valSize : 542
Solving...
Blb : 2 (clique : 21)
currentSize : 21 <-- 0.005882 s
currentSize : 29 <-- 0.006077 s
currentSize : 30 <-- 0.008620 s
currentSize : 31 <-- 0.009958 s
currentSize : 32 <-- 0.146599 s
currentSize : 33 <-- 0.364266 s
currentSize : 34 <-- 1.010518 s
currentSize : 35 <-- 2.677115 s
currentSize : 36 <-- 184.638184 s
currentSize : 37 <-- 409.477142 s
currentSize : 38 <-- 409.477234 s
currentSize : 39 <-- 409.927582 s
currentSize : 40 <-- 409.927704 s
currentSize : 41 <-- 410.002563 s
currentSize : 42 <-- 410.006775 s
currentSize : 43 <-- 410.006897 s

TIMEOUT
maxsize : 43
nodes : 187563202.000000
filtered : 1271143351.000000
time : 1000.000061
