Parameters: GAD=1 vflib=1 dir=1 label=1 lowerbound=1 fileNameGp=../../cp2016-max-common-connected-subgraph-paper/datasets/graphsdb/mcs50/m2D/m2D/mcs50_m2D_s50.A03 fileNameGt=../../cp2016-max-common-connected-subgraph-paper/datasets/graphsdb/mcs50/m2D/m2D/mcs50_m2D_s50.B03
Reading graphs...
50 : 85
50 : 85
Initializing...
maxdom : 9
D->valSize : 331
Solving...
Blb : 5 (clique : 18)
currentSize : 18 <-- 0.002473 s
currentSize : 19 <-- 0.002591 s
currentSize : 20 <-- 0.002730 s
currentSize : 21 <-- 0.023694 s
currentSize : 22 <-- 1.089289 s
currentSize : 23 <-- 1.089348 s
currentSize : 24 <-- 1.091119 s
currentSize : 25 <-- 4.366926 s
currentSize : 26 <-- 4.373363 s
currentSize : 27 <-- 4.384302 s
currentSize : 28 <-- 27.296892 s

maxsize : 28
nodes : 7322958.000000
filtered : 94030174.000000
time : 36.529362
