Parameters: GAD=1 vflib=1 dir=1 label=1 lowerbound=1 fileNameGp=../../cp2016-max-common-connected-subgraph-paper/datasets/graphsdb/mcs50/m2D/m2D/mcs50_m2D_s100.A04 fileNameGt=../../cp2016-max-common-connected-subgraph-paper/datasets/graphsdb/mcs50/m2D/m2D/mcs50_m2D_s100.B04
Reading graphs...
100 : 180
100 : 180
Initializing...
maxdom : 8
D->valSize : 355
Solving...
Blb : 2 (clique : 43)
currentSize : 43 <-- 0.006023 s
currentSize : 45 <-- 0.021684 s
currentSize : 46 <-- 0.581361 s
currentSize : 47 <-- 0.598753 s
currentSize : 48 <-- 17.110868 s
currentSize : 49 <-- 30.051668 s

TIMEOUT
maxsize : 49
nodes : 225651964.000000
filtered : 441653225.000000
time : 1000.000061
