Parameters: GAD=1 vflib=1 dir=1 label=1 lowerbound=1 fileNameGp=../../cp2016-max-common-connected-subgraph-paper/datasets/graphsdb/mcs50/bvg/b03m/mcs50_b03m_s80.A00 fileNameGt=../../cp2016-max-common-connected-subgraph-paper/datasets/graphsdb/mcs50/bvg/b03m/mcs50_b03m_s80.B00
Reading graphs...
80 : 120
80 : 120
Initializing...
maxdom : 9
D->valSize : 444
Solving...
Blb : 2 (clique : 39)
currentSize : 39 <-- 0.004395 s
currentSize : 40 <-- 0.947690 s
currentSize : 41 <-- 71.930489 s
currentSize : 42 <-- 71.931503 s
currentSize : 43 <-- 72.038437 s
currentSize : 44 <-- 241.485443 s

TIMEOUT
maxsize : 44
nodes : 177345223.000000
filtered : 1732565062.000000
time : 1000.000061
