Parameters: GAD=1 vflib=1 dir=1 label=1 lowerbound=1 fileNameGp=../../cp2016-max-common-connected-subgraph-paper/datasets/graphsdb/mcs50/m2D/m2D/mcs50_m2D_s60.A00 fileNameGt=../../cp2016-max-common-connected-subgraph-paper/datasets/graphsdb/mcs50/m2D/m2D/mcs50_m2D_s60.B00
Reading graphs...
60 : 104
60 : 104
Initializing...
maxdom : 8
D->valSize : 238
Solving...
Blb : 3 (clique : 24)
currentSize : 24 <-- 0.002603 s
currentSize : 25 <-- 0.454314 s
currentSize : 26 <-- 10.678868 s
currentSize : 27 <-- 22.542747 s
currentSize : 28 <-- 29.100794 s
currentSize : 29 <-- 32.582157 s

maxsize : 29
nodes : 8730605.000000
filtered : 58294116.000000
time : 37.498955
