Parameters: GAD=1 vflib=1 dir=1 label=1 lowerbound=1 fileNameGp=../../cp2016-max-common-connected-subgraph-paper/datasets/graphsdb/mcs50/bvg/b03m/mcs50_b03m_s90.A08 fileNameGt=../../cp2016-max-common-connected-subgraph-paper/datasets/graphsdb/mcs50/bvg/b03m/mcs50_b03m_s90.B08
Reading graphs...
90 : 135
90 : 135
Initializing...
maxdom : 9
D->valSize : 548
Solving...
Blb : 2 (clique : 42)
currentSize : 42 <-- 0.006560 s
currentSize : 44 <-- 0.006886 s
currentSize : 45 <-- 0.007063 s
currentSize : 46 <-- 0.007724 s
currentSize : 47 <-- 0.009494 s
currentSize : 48 <-- 0.010572 s
currentSize : 49 <-- 0.012273 s
currentSize : 50 <-- 0.236450 s
currentSize : 51 <-- 33.184082 s

TIMEOUT
maxsize : 51
nodes : 195288206.000000
filtered : 1098363558.000000
time : 1000.000061
