Parameters: GAD=1 vflib=1 dir=1 label=1 lowerbound=1 fileNameGp=../../cp2016-max-common-connected-subgraph-paper/datasets/graphsdb/mcs50/bvg/b03/mcs50_b03_s60.A05 fileNameGt=../../cp2016-max-common-connected-subgraph-paper/datasets/graphsdb/mcs50/bvg/b03/mcs50_b03_s60.B05
Reading graphs...
60 : 90
60 : 90
Initializing...
maxdom : 8
D->valSize : 241
Solving...
Blb : 2 (clique : 22)
currentSize : 22 <-- 0.002709 s
currentSize : 23 <-- 0.003169 s
currentSize : 24 <-- 0.005320 s
currentSize : 25 <-- 0.007878 s
currentSize : 26 <-- 0.017185 s
currentSize : 27 <-- 1.736860 s
currentSize : 28 <-- 1.736937 s
currentSize : 29 <-- 2.820147 s
currentSize : 30 <-- 5.320173 s
currentSize : 31 <-- 5.355118 s
currentSize : 32 <-- 7.820235 s

maxsize : 32
nodes : 3259698.000000
filtered : 17667008.000000
time : 13.841209
