Parameters: GAD=1 vflib=1 dir=1 label=1 lowerbound=1 fileNameGp=../../cp2016-max-common-connected-subgraph-paper/datasets/graphsdb/mcs50/m2D/m2Dr2/mcs50_m2Dr2_s70.A00 fileNameGt=../../cp2016-max-common-connected-subgraph-paper/datasets/graphsdb/mcs50/m2D/m2Dr2/mcs50_m2Dr2_s70.B00
Reading graphs...
70 : 137
70 : 137
Initializing...
maxdom : 10
D->valSize : 349
Solving...
Blb : 5 (clique : 32)
currentSize : 32 <-- 0.004560 s
currentSize : 33 <-- 0.012699 s
currentSize : 34 <-- 0.181034 s
currentSize : 35 <-- 0.222151 s
currentSize : 36 <-- 19.045567 s
currentSize : 37 <-- 19.046583 s
currentSize : 38 <-- 20.839544 s

maxsize : 38
nodes : 13504960.000000
filtered : 80186373.000000
time : 62.711407
