Parameters: GAD=1 vflib=1 dir=1 label=1 lowerbound=1 fileNameGp=../../cp2016-max-common-connected-subgraph-paper/datasets/graphsdb/mcs50/m2D/m2Dr2/mcs50_m2Dr2_s60.A04 fileNameGt=../../cp2016-max-common-connected-subgraph-paper/datasets/graphsdb/mcs50/m2D/m2Dr2/mcs50_m2Dr2_s60.B04
Reading graphs...
60 : 116
60 : 116
Initializing...
maxdom : 8
D->valSize : 251
Solving...
Blb : 3 (clique : 22)
currentSize : 22 <-- 0.001790 s
currentSize : 23 <-- 0.008937 s
currentSize : 24 <-- 0.009330 s
currentSize : 25 <-- 0.025499 s
currentSize : 26 <-- 0.667129 s
currentSize : 27 <-- 1.633559 s
currentSize : 28 <-- 52.904160 s
currentSize : 29 <-- 56.061855 s

maxsize : 29
nodes : 22431110.000000
filtered : 156566937.000000
time : 96.578407
