Parameters: GAD=1 vflib=1 dir=1 label=1 lowerbound=1 fileNameGp=../../cp2016-max-common-connected-subgraph-paper/datasets/graphsdb/mcs50/bvg/b03m/mcs50_b03m_s90.A04 fileNameGt=../../cp2016-max-common-connected-subgraph-paper/datasets/graphsdb/mcs50/bvg/b03m/mcs50_b03m_s90.B04
Reading graphs...
90 : 135
90 : 135
Initializing...
maxdom : 10
D->valSize : 572
Solving...
Blb : 5 (clique : 39)
currentSize : 39 <-- 0.006938 s
currentSize : 40 <-- 0.007495 s
currentSize : 41 <-- 0.008927 s
currentSize : 42 <-- 0.013398 s
currentSize : 43 <-- 0.063121 s
currentSize : 44 <-- 0.962020 s
currentSize : 45 <-- 1.067010 s
currentSize : 46 <-- 7.780269 s
currentSize : 47 <-- 7.927830 s
currentSize : 48 <-- 7.928081 s

TIMEOUT
maxsize : 48
nodes : 199835786.000000
filtered : 1019369097.000000
time : 1000.000061
