Parameters: GAD=1 vflib=1 dir=1 label=1 lowerbound=1 fileNameGp=../../cp2016-max-common-connected-subgraph-paper/datasets/graphsdb/mcs50/bvg/b06m/mcs50_b06m_s100.A06 fileNameGt=../../cp2016-max-common-connected-subgraph-paper/datasets/graphsdb/mcs50/bvg/b06m/mcs50_b06m_s100.B06
Reading graphs...
100 : 300
100 : 300
Initializing...
maxdom : 8
D->valSize : 353
Solving...
Blb : 2 (clique : 29)
currentSize : 29 <-- 0.003690 s
currentSize : 30 <-- 2.238103 s
currentSize : 31 <-- 3.059745 s
currentSize : 32 <-- 3.304295 s
currentSize : 33 <-- 3.788438 s
currentSize : 34 <-- 5.025444 s
currentSize : 35 <-- 5.026539 s
currentSize : 36 <-- 13.221031 s
currentSize : 37 <-- 15.518963 s
currentSize : 38 <-- 15.667204 s
currentSize : 39 <-- 16.674347 s
currentSize : 40 <-- 16.804754 s
currentSize : 41 <-- 16.804914 s
currentSize : 42 <-- 26.283596 s
currentSize : 43 <-- 62.964725 s
currentSize : 44 <-- 62.965015 s
currentSize : 45 <-- 62.965969 s
currentSize : 46 <-- 398.014709 s
currentSize : 47 <-- 717.348206 s

TIMEOUT
maxsize : 47
nodes : 181043041.000000
filtered : 881301607.000000
time : 1000.000061
