Parameters: GAD=1 vflib=1 dir=1 label=1 lowerbound=1 fileNameGp=../../cp2016-max-common-connected-subgraph-paper/datasets/graphsdb/mcs50/bvg/b09m/mcs50_b09m_s70.A09 fileNameGt=../../cp2016-max-common-connected-subgraph-paper/datasets/graphsdb/mcs50/bvg/b09m/mcs50_b09m_s70.B09
Reading graphs...
70 : 315
70 : 315
Initializing...
maxdom : 8
D->valSize : 342
Solving...
Blb : 3 (clique : 26)
currentSize : 26 <-- 0.002769 s
currentSize : 27 <-- 0.013433 s
currentSize : 28 <-- 1.728932 s
currentSize : 29 <-- 1.739729 s
currentSize : 30 <-- 1.740586 s
currentSize : 31 <-- 1.765030 s
currentSize : 32 <-- 1.765595 s
currentSize : 33 <-- 4.657112 s
currentSize : 34 <-- 4.657143 s

maxsize : 34
nodes : 2225286.000000
filtered : 16754462.000000
time : 10.694968
