Parameters: GAD=1 vflib=1 dir=1 label=1 lowerbound=1 fileNameGp=../../cp2016-max-common-connected-subgraph-paper/datasets/graphsdb/mcs50/m3D/m3Dr6/mcs50_m3Dr6_s50.A05 fileNameGt=../../cp2016-max-common-connected-subgraph-paper/datasets/graphsdb/mcs50/m3D/m3Dr6/mcs50_m3Dr6_s50.B05
Reading graphs...
50 : 139
50 : 136
Initializing...
maxdom : 11
D->valSize : 331
Solving...
Blb : 2 (clique : 18)
currentSize : 18 <-- 0.002323 s
currentSize : 19 <-- 0.017705 s
currentSize : 20 <-- 0.017803 s
currentSize : 21 <-- 0.024706 s
currentSize : 22 <-- 0.024753 s
currentSize : 23 <-- 0.313687 s
currentSize : 24 <-- 0.314001 s
currentSize : 25 <-- 0.314067 s
currentSize : 26 <-- 0.319466 s
currentSize : 27 <-- 0.319563 s

maxsize : 27
nodes : 247603.000000
filtered : 2318592.000000
time : 1.040761
