Parameters: GAD=1 vflib=1 dir=1 label=1 lowerbound=1 fileNameGp=../../cp2016-max-common-connected-subgraph-paper/datasets/graphsdb/mcs50/bvg/b03m/mcs50_b03m_s60.A08 fileNameGt=../../cp2016-max-common-connected-subgraph-paper/datasets/graphsdb/mcs50/bvg/b03m/mcs50_b03m_s60.B08
Reading graphs...
60 : 90
60 : 90
Initializing...
maxdom : 9
D->valSize : 268
Solving...
Blb : 3 (clique : 28)
currentSize : 28 <-- 0.003094 s
currentSize : 29 <-- 0.046098 s
currentSize : 30 <-- 0.065853 s
currentSize : 31 <-- 0.065968 s
currentSize : 32 <-- 0.127295 s
currentSize : 33 <-- 7.289535 s
currentSize : 34 <-- 7.737068 s

maxsize : 34
nodes : 3997473.000000
filtered : 29865707.000000
time : 18.515673
