Parameters: GAD=1 vflib=1 dir=1 label=1 lowerbound=1 fileNameGp=../../cp2016-max-common-connected-subgraph-paper/datasets/graphsdb/mcs50/bvg/b09/mcs50_b09_s70.A06 fileNameGt=../../cp2016-max-common-connected-subgraph-paper/datasets/graphsdb/mcs50/bvg/b09/mcs50_b09_s70.B06
Reading graphs...
70 : 315
70 : 315
Initializing...
maxdom : 8
D->valSize : 348
Solving...
Blb : 2 (clique : 21)
currentSize : 21 <-- 0.002716 s
currentSize : 22 <-- 0.002950 s
currentSize : 23 <-- 0.003015 s
currentSize : 24 <-- 0.007563 s
currentSize : 26 <-- 5.273924 s
currentSize : 28 <-- 5.274072 s
currentSize : 29 <-- 5.275232 s
currentSize : 30 <-- 5.275511 s
currentSize : 31 <-- 5.305501 s
currentSize : 32 <-- 5.305581 s
currentSize : 33 <-- 5.309243 s
currentSize : 34 <-- 5.309350 s

maxsize : 34
nodes : 4037928.000000
filtered : 27239917.000000
time : 18.977779
