Parameters: GAD=1 vflib=1 dir=1 label=1 lowerbound=1 fileNameGp=../../cp2016-max-common-connected-subgraph-paper/datasets/graphsdb/mcs50/bvg/b06/mcs50_b06_s70.A02 fileNameGt=../../cp2016-max-common-connected-subgraph-paper/datasets/graphsdb/mcs50/bvg/b06/mcs50_b06_s70.B02
Reading graphs...
70 : 210
70 : 210
Initializing...
maxdom : 9
D->valSize : 345
Solving...
Blb : 3 (clique : 28)
currentSize : 28 <-- 0.004801 s
currentSize : 29 <-- 0.177300 s
currentSize : 30 <-- 0.179236 s
currentSize : 31 <-- 0.179863 s
currentSize : 32 <-- 0.216087 s
currentSize : 35 <-- 0.478097 s
currentSize : 36 <-- 0.724970 s

maxsize : 36
nodes : 8674325.000000
filtered : 71934426.000000
time : 41.609917
