Parameters: GAD=1 vflib=1 dir=1 label=1 lowerbound=1 fileNameGp=../../cp2016-max-common-connected-subgraph-paper/datasets/graphsdb/mcs50/rand/r005/mcs50_r005_s100.A08 fileNameGt=../../cp2016-max-common-connected-subgraph-paper/datasets/graphsdb/mcs50/rand/r005/mcs50_r005_s100.B08
Reading graphs...
100 : 494
100 : 494
Initializing...
maxdom : 7
D->valSize : 342
Solving...
Blb : 2 (clique : 24)
currentSize : 24 <-- 0.003114 s
currentSize : 25 <-- 0.018220 s
currentSize : 26 <-- 0.023288 s
currentSize : 28 <-- 0.044605 s
currentSize : 30 <-- 0.081202 s
currentSize : 31 <-- 0.179079 s
currentSize : 32 <-- 14.747253 s
currentSize : 33 <-- 14.750530 s
currentSize : 34 <-- 14.750563 s
currentSize : 35 <-- 14.751204 s
currentSize : 36 <-- 14.830041 s
currentSize : 40 <-- 14.834312 s
currentSize : 41 <-- 32.966999 s
currentSize : 45 <-- 47.121815 s
currentSize : 46 <-- 47.123096 s
currentSize : 48 <-- 47.995617 s
currentSize : 50 <-- 47.996433 s

maxsize : 50
nodes : 13218483.000000
filtered : 89429440.000000
time : 77.801544
