Parameters: GAD=1 vflib=1 dir=1 label=1 lowerbound=1 fileNameGp=../../cp2016-max-common-connected-subgraph-paper/datasets/graphsdb/mcs50/bvg/b06/mcs50_b06_s60.A09 fileNameGt=../../cp2016-max-common-connected-subgraph-paper/datasets/graphsdb/mcs50/bvg/b06/mcs50_b06_s60.B09
Reading graphs...
60 : 180
60 : 180
Initializing...
maxdom : 6
D->valSize : 243
Solving...
Blb : 2 (clique : 21)
currentSize : 21 <-- 0.001623 s
currentSize : 22 <-- 0.005497 s
currentSize : 23 <-- 0.011231 s
currentSize : 25 <-- 0.011325 s
currentSize : 26 <-- 0.011379 s
currentSize : 28 <-- 0.011869 s
currentSize : 29 <-- 0.011937 s
currentSize : 30 <-- 0.014505 s

maxsize : 30
nodes : 505568.000000
filtered : 3721703.000000
time : 2.255665
