Parameters: GAD=1 vflib=1 dir=1 label=1 lowerbound=1 fileNameGp=../../cp2016-max-common-connected-subgraph-paper/datasets/graphsdb/mcs50/m2D/m2Dr2/mcs50_m2Dr2_s70.A09 fileNameGt=../../cp2016-max-common-connected-subgraph-paper/datasets/graphsdb/mcs50/m2D/m2Dr2/mcs50_m2Dr2_s70.B09
Reading graphs...
70 : 137
70 : 136
Initializing...
maxdom : 8
D->valSize : 321
Solving...
Blb : 2 (clique : 31)
currentSize : 31 <-- 0.002661 s
currentSize : 32 <-- 6.600579 s
currentSize : 33 <-- 16.205036 s
currentSize : 34 <-- 256.645203 s
currentSize : 35 <-- 256.645416 s
currentSize : 36 <-- 256.646301 s
currentSize : 37 <-- 256.689545 s
currentSize : 38 <-- 258.375702 s

maxsize : 38
nodes : 74493464.000000
filtered : 623932478.000000
time : 378.651398
