Parameters: GAD=1 vflib=1 dir=1 label=1 lowerbound=1 fileNameGp=../../cp2016-max-common-connected-subgraph-paper/datasets/graphsdb/mcs50/rand/r01/mcs50_r01_s80.A06 fileNameGt=../../cp2016-max-common-connected-subgraph-paper/datasets/graphsdb/mcs50/rand/r01/mcs50_r01_s80.B06
Reading graphs...
80 : 631
80 : 631
Initializing...
maxdom : 10
D->valSize : 463
Solving...
Blb : 2 (clique : 12)
currentSize : 12 <-- 0.004219 s
currentSize : 13 <-- 0.006513 s
currentSize : 14 <-- 0.034308 s
currentSize : 16 <-- 0.035736 s
currentSize : 17 <-- 0.059639 s
currentSize : 19 <-- 0.060360 s
currentSize : 20 <-- 0.063077 s
currentSize : 22 <-- 0.075630 s
currentSize : 24 <-- 0.082234 s
currentSize : 27 <-- 0.150610 s
currentSize : 30 <-- 0.164875 s
currentSize : 31 <-- 0.293998 s
currentSize : 34 <-- 0.382771 s
currentSize : 40 <-- 0.424787 s

maxsize : 40
nodes : 77565.000000
filtered : 1209058.000000
time : 0.499693
