Parameters: GAD=1 vflib=1 dir=1 label=1 lowerbound=1 fileNameGp=../../cp2016-max-common-connected-subgraph-paper/datasets/graphsdb/mcs50/bvg/b03/mcs50_b03_s70.A07 fileNameGt=../../cp2016-max-common-connected-subgraph-paper/datasets/graphsdb/mcs50/bvg/b03/mcs50_b03_s70.B07
Reading graphs...
70 : 105
70 : 105
Initializing...
maxdom : 8
D->valSize : 336
Solving...
Blb : 3 (clique : 27)
currentSize : 27 <-- 0.002916 s
currentSize : 28 <-- 6.589731 s
currentSize : 29 <-- 15.682767 s
currentSize : 30 <-- 17.390759 s
currentSize : 31 <-- 25.318823 s
currentSize : 32 <-- 26.871050 s
currentSize : 33 <-- 36.750645 s
currentSize : 34 <-- 37.817841 s
currentSize : 35 <-- 63.087681 s
currentSize : 36 <-- 63.358784 s
currentSize : 37 <-- 142.355865 s
currentSize : 38 <-- 177.468994 s

maxsize : 38
nodes : 69496817.000000
filtered : 561748603.000000
time : 361.063416
