Parameters: GAD=1 vflib=1 dir=1 label=1 lowerbound=1 fileNameGp=../../cp2016-max-common-connected-subgraph-paper/datasets/graphsdb/mcs50/m2D/m2Dr2/mcs50_m2Dr2_s90.A09 fileNameGt=../../cp2016-max-common-connected-subgraph-paper/datasets/graphsdb/mcs50/m2D/m2Dr2/mcs50_m2Dr2_s90.B09
Reading graphs...
90 : 179
90 : 179
Initializing...
maxdom : 11
D->valSize : 549
Solving...
Blb : 2 (clique : 43)
currentSize : 43 <-- 0.006634 s
currentSize : 44 <-- 0.007273 s
currentSize : 45 <-- 0.020171 s
currentSize : 46 <-- 0.020653 s
currentSize : 47 <-- 0.294117 s
currentSize : 48 <-- 12.930898 s
currentSize : 49 <-- 26.673382 s
currentSize : 50 <-- 26.918909 s

TIMEOUT
maxsize : 50
nodes : 196198911.000000
filtered : 1042898563.000000
time : 1000.000061
