Parameters: GAD=1 vflib=1 dir=1 label=1 lowerbound=1 fileNameGp=../../cp2016-max-common-connected-subgraph-paper/datasets/graphsdb/mcs50/bvg/b03m/mcs50_b03m_s100.A02 fileNameGt=../../cp2016-max-common-connected-subgraph-paper/datasets/graphsdb/mcs50/bvg/b03m/mcs50_b03m_s100.B02
Reading graphs...
100 : 150
100 : 150
Initializing...
maxdom : 7
D->valSize : 358
Solving...
Blb : 2 (clique : 41)
currentSize : 41 <-- 0.003691 s
currentSize : 42 <-- 0.040351 s
currentSize : 43 <-- 0.303898 s
currentSize : 47 <-- 0.432589 s
currentSize : 48 <-- 0.442875 s
currentSize : 49 <-- 691.669556 s
currentSize : 50 <-- 691.669800 s
currentSize : 51 <-- 709.903687 s
currentSize : 52 <-- 993.401978 s

TIMEOUT
maxsize : 52
nodes : 192194082.000000
filtered : 750406163.000000
time : 1000.000061
