Parameters: GAD=1 vflib=1 dir=1 label=1 lowerbound=1 fileNameGp=../../cp2016-max-common-connected-subgraph-paper/datasets/graphsdb/mcs50/m2D/m2Dr6/mcs50_m2Dr6_s40.A06 fileNameGt=../../cp2016-max-common-connected-subgraph-paper/datasets/graphsdb/mcs50/m2D/m2Dr6/mcs50_m2Dr6_s40.B06
Reading graphs...
40 : 91
40 : 91
Initializing...
maxdom : 8
D->valSize : 229
Solving...
Blb : 2 (clique : 13)
currentSize : 13 <-- 0.001230 s
currentSize : 14 <-- 0.001314 s
currentSize : 15 <-- 0.001597 s
currentSize : 16 <-- 0.028396 s
currentSize : 17 <-- 0.036173 s
currentSize : 18 <-- 0.036342 s
currentSize : 19 <-- 0.331076 s
currentSize : 20 <-- 0.331237 s

maxsize : 20
nodes : 187776.000000
filtered : 1948960.000000
time : 0.751966
