Parameters: GAD=1 vflib=1 dir=1 label=1 lowerbound=1 fileNameGp=../../cp2016-max-common-connected-subgraph-paper/datasets/graphsdb/mcs50/m2D/m2D/mcs50_m2D_s70.A05 fileNameGt=../../cp2016-max-common-connected-subgraph-paper/datasets/graphsdb/mcs50/m2D/m2D/mcs50_m2D_s70.B05
Reading graphs...
70 : 123
70 : 123
Initializing...
maxdom : 8
D->valSize : 370
Solving...
Blb : 2 (clique : 31)
currentSize : 31 <-- 0.003209 s
currentSize : 32 <-- 55.111652 s
currentSize : 33 <-- 57.133179 s
currentSize : 34 <-- 108.213646 s
currentSize : 35 <-- 177.907822 s
currentSize : 36 <-- 347.449005 s
currentSize : 37 <-- 746.196838 s

TIMEOUT
maxsize : 37
nodes : 197027319.000000
filtered : 1638510094.000000
time : 1000.000061
