Parameters: GAD=1 vflib=1 dir=1 label=1 lowerbound=1 fileNameGp=../../cp2016-max-common-connected-subgraph-paper/datasets/graphsdb/mcs50/rand/r005/mcs50_r005_s100.A03 fileNameGt=../../cp2016-max-common-connected-subgraph-paper/datasets/graphsdb/mcs50/rand/r005/mcs50_r005_s100.B03
Reading graphs...
100 : 494
100 : 494
Initializing...
maxdom : 7
D->valSize : 378
Solving...
Blb : 2 (clique : 21)
currentSize : 21 <-- 0.003685 s
currentSize : 22 <-- 0.003890 s
currentSize : 23 <-- 0.004154 s
currentSize : 25 <-- 0.004205 s
currentSize : 26 <-- 0.006149 s
currentSize : 27 <-- 0.017327 s
currentSize : 28 <-- 0.017481 s
currentSize : 30 <-- 0.045310 s
currentSize : 31 <-- 0.047385 s
currentSize : 32 <-- 0.077453 s
currentSize : 33 <-- 0.097864 s
currentSize : 34 <-- 0.100252 s
currentSize : 35 <-- 0.795279 s
currentSize : 37 <-- 0.804004 s
currentSize : 38 <-- 0.819152 s
currentSize : 40 <-- 0.819517 s
currentSize : 41 <-- 6.754712 s
currentSize : 43 <-- 6.754868 s
currentSize : 44 <-- 6.756760 s
currentSize : 46 <-- 6.756914 s
currentSize : 47 <-- 6.768551 s
currentSize : 50 <-- 6.768944 s

maxsize : 50
nodes : 3973494.000000
filtered : 32859147.000000
time : 25.598276
