Parameters: GAD=1 vflib=1 dir=1 label=1 lowerbound=1 fileNameGp=../../cp2016-max-common-connected-subgraph-paper/datasets/graphsdb/mcs50/bvg/b03m/mcs50_b03m_s60.A06 fileNameGt=../../cp2016-max-common-connected-subgraph-paper/datasets/graphsdb/mcs50/bvg/b03m/mcs50_b03m_s60.B06
Reading graphs...
60 : 90
60 : 90
Initializing...
maxdom : 7
D->valSize : 244
Solving...
Blb : 2 (clique : 28)
currentSize : 28 <-- 0.001906 s
currentSize : 29 <-- 0.990879 s
currentSize : 30 <-- 0.991985 s
currentSize : 31 <-- 0.997542 s
currentSize : 32 <-- 1.949779 s
currentSize : 33 <-- 4.634970 s
currentSize : 34 <-- 15.340934 s

maxsize : 34
nodes : 4351239.000000
filtered : 26271535.000000
time : 18.984093
