Parameters: GAD=1 vflib=1 dir=1 label=1 lowerbound=1 fileNameGp=../../cp2016-max-common-connected-subgraph-paper/datasets/graphsdb/mcs50/rand/r005/mcs50_r005_s90.A07 fileNameGt=../../cp2016-max-common-connected-subgraph-paper/datasets/graphsdb/mcs50/rand/r005/mcs50_r005_s90.B07
Reading graphs...
90 : 399
90 : 399
Initializing...
maxdom : 10
D->valSize : 563
Solving...
Blb : 2 (clique : 21)
currentSize : 21 <-- 0.006215 s
currentSize : 22 <-- 0.006526 s
currentSize : 24 <-- 0.006935 s
currentSize : 25 <-- 0.007108 s
currentSize : 26 <-- 15.526111 s
currentSize : 27 <-- 15.571124 s
currentSize : 28 <-- 15.694601 s
currentSize : 29 <-- 31.991747 s
currentSize : 30 <-- 59.549953 s
currentSize : 31 <-- 59.556492 s
currentSize : 32 <-- 80.908890 s
currentSize : 33 <-- 80.908951 s
currentSize : 34 <-- 80.914505 s
currentSize : 35 <-- 106.919456 s
currentSize : 37 <-- 209.225800 s
currentSize : 38 <-- 209.225876 s
currentSize : 39 <-- 258.889587 s
currentSize : 40 <-- 258.890015 s
currentSize : 42 <-- 323.643341 s
currentSize : 43 <-- 377.534698 s
currentSize : 45 <-- 377.535553 s

maxsize : 45
nodes : 55609133.000000
filtered : 979671442.000000
time : 400.977997
