Parameters: GAD=1 vflib=1 dir=1 label=1 lowerbound=1 fileNameGp=../../cp2016-max-common-connected-subgraph-paper/datasets/graphsdb/mcs50/m2D/m2Dr4/mcs50_m2Dr4_s70.A08 fileNameGt=../../cp2016-max-common-connected-subgraph-paper/datasets/graphsdb/mcs50/m2D/m2Dr4/mcs50_m2Dr4_s70.B08
Reading graphs...
70 : 151
70 : 150
Initializing...
maxdom : 8
D->valSize : 345
Solving...
Blb : 2 (clique : 29)
currentSize : 29 <-- 0.002839 s
currentSize : 30 <-- 0.003050 s
currentSize : 31 <-- 0.004930 s
currentSize : 32 <-- 0.016906 s
currentSize : 34 <-- 245.743668 s
currentSize : 35 <-- 245.821472 s
currentSize : 36 <-- 312.449402 s
currentSize : 37 <-- 472.781738 s
currentSize : 38 <-- 511.599854 s

maxsize : 38
nodes : 120120529.000000
filtered : 883086927.000000
time : 584.134827
