Parameters: GAD=1 vflib=1 dir=1 label=1 lowerbound=1 fileNameGp=../../cp2016-max-common-connected-subgraph-paper/datasets/graphsdb/mcs50/bvg/b09/mcs50_b09_s80.A02 fileNameGt=../../cp2016-max-common-connected-subgraph-paper/datasets/graphsdb/mcs50/bvg/b09/mcs50_b09_s80.B02
Reading graphs...
80 : 360
80 : 360
Initializing...
maxdom : 8
D->valSize : 407
Solving...
Blb : 2 (clique : 19)
currentSize : 19 <-- 0.005958 s
currentSize : 20 <-- 0.040558 s
currentSize : 21 <-- 2.701541 s
currentSize : 22 <-- 3.052085 s
currentSize : 23 <-- 5.296342 s
currentSize : 24 <-- 5.342512 s
currentSize : 25 <-- 5.342788 s
currentSize : 27 <-- 22.373980 s
currentSize : 28 <-- 22.374763 s
currentSize : 29 <-- 22.375027 s
currentSize : 30 <-- 22.477196 s
currentSize : 33 <-- 195.985962 s
currentSize : 36 <-- 195.986740 s
currentSize : 37 <-- 195.991150 s
currentSize : 38 <-- 195.991379 s
currentSize : 39 <-- 195.996719 s
currentSize : 40 <-- 195.996796 s

maxsize : 40
nodes : 50688467.000000
filtered : 448573487.000000
time : 272.998901
