Parameters: GAD=1 vflib=1 dir=1 label=1 lowerbound=1 fileNameGp=../../cp2016-max-common-connected-subgraph-paper/datasets/graphsdb/mcs50/rand/r01/mcs50_r01_s100.A01 fileNameGt=../../cp2016-max-common-connected-subgraph-paper/datasets/graphsdb/mcs50/rand/r01/mcs50_r01_s100.B01
Reading graphs...
100 : 989
100 : 989
Initializing...
maxdom : 7
D->valSize : 353
Solving...
Blb : 2 (clique : 13)
currentSize : 13 <-- 0.005109 s
currentSize : 14 <-- 0.005324 s
currentSize : 17 <-- 0.006121 s
currentSize : 21 <-- 0.008256 s
currentSize : 23 <-- 0.046196 s
currentSize : 25 <-- 0.076295 s
currentSize : 28 <-- 0.113105 s
currentSize : 37 <-- 0.340472 s
currentSize : 41 <-- 0.708234 s
currentSize : 50 <-- 0.708949 s

maxsize : 50
nodes : 107945.000000
filtered : 1133003.000000
time : 1.019391
