Parameters: GAD=1 vflib=1 dir=1 label=1 lowerbound=1 fileNameGp=../../cp2016-max-common-connected-subgraph-paper/datasets/graphsdb/mcs50/m2D/m2D/mcs50_m2D_s80.A06 fileNameGt=../../cp2016-max-common-connected-subgraph-paper/datasets/graphsdb/mcs50/m2D/m2D/mcs50_m2D_s80.B06
Reading graphs...
80 : 142
80 : 142
Initializing...
maxdom : 9
D->valSize : 454
Solving...
Blb : 2 (clique : 31)
currentSize : 31 <-- 0.004434 s
currentSize : 32 <-- 0.004712 s
currentSize : 33 <-- 0.004898 s
currentSize : 34 <-- 16.185501 s
currentSize : 35 <-- 32.353706 s
currentSize : 36 <-- 320.992828 s

TIMEOUT
maxsize : 36
nodes : 201663580.000000
filtered : 1448786903.000000
time : 1000.000000
