Parameters: GAD=1 vflib=1 dir=1 label=1 lowerbound=1 fileNameGp=../../cp2016-max-common-connected-subgraph-paper/datasets/graphsdb/mcs50/m3D/m3D/mcs50_m3D_s60.A01 fileNameGt=../../cp2016-max-common-connected-subgraph-paper/datasets/graphsdb/mcs50/m3D/m3D/mcs50_m3D_s60.B01
Reading graphs...
60 : 134
60 : 134
Initializing...
maxdom : 7
D->valSize : 250
Solving...
Blb : 2 (clique : 19)
currentSize : 19 <-- 0.001767 s
currentSize : 20 <-- 0.050903 s
currentSize : 21 <-- 0.533570 s
currentSize : 22 <-- 0.534519 s
currentSize : 23 <-- 0.752197 s
currentSize : 24 <-- 1.446368 s
currentSize : 25 <-- 1.630962 s
currentSize : 26 <-- 3.021467 s
currentSize : 27 <-- 3.387632 s
currentSize : 28 <-- 3.387900 s
currentSize : 29 <-- 3.425861 s

maxsize : 29
nodes : 4593634.000000
filtered : 35799882.000000
time : 21.319511
