Parameters: GAD=1 vflib=1 dir=1 label=1 lowerbound=1 fileNameGp=../../cp2016-max-common-connected-subgraph-paper/datasets/graphsdb/mcs50/rand/r005/mcs50_r005_s90.A09 fileNameGt=../../cp2016-max-common-connected-subgraph-paper/datasets/graphsdb/mcs50/rand/r005/mcs50_r005_s90.B09
Reading graphs...
90 : 399
90 : 399
Initializing...
maxdom : 9
D->valSize : 534
Solving...
Blb : 2 (clique : 28)
currentSize : 28 <-- 0.005824 s
currentSize : 29 <-- 0.006084 s
currentSize : 30 <-- 0.006313 s
currentSize : 32 <-- 0.006365 s
currentSize : 34 <-- 0.007109 s
currentSize : 35 <-- 0.008622 s
currentSize : 36 <-- 0.008771 s
currentSize : 38 <-- 0.008859 s
currentSize : 40 <-- 0.008952 s
currentSize : 41 <-- 0.009304 s
currentSize : 44 <-- 0.010799 s
currentSize : 45 <-- 0.011371 s

maxsize : 45
nodes : 8174266.000000
filtered : 161614665.000000
time : 61.621391
