Parameters: GAD=1 vflib=1 dir=1 label=1 lowerbound=1 fileNameGp=../../cp2016-max-common-connected-subgraph-paper/datasets/graphsdb/mcs50/m3D/m3Dr6/mcs50_m3Dr6_s60.A01 fileNameGt=../../cp2016-max-common-connected-subgraph-paper/datasets/graphsdb/mcs50/m3D/m3Dr6/mcs50_m3Dr6_s60.B01
Reading graphs...
60 : 170
60 : 169
Initializing...
maxdom : 7
D->valSize : 255
Solving...
Blb : 2 (clique : 20)
currentSize : 20 <-- 0.001833 s
currentSize : 21 <-- 0.007501 s
currentSize : 22 <-- 0.009327 s
currentSize : 23 <-- 0.574832 s
currentSize : 24 <-- 5.603490 s
currentSize : 25 <-- 12.200461 s
currentSize : 26 <-- 15.364987 s
currentSize : 27 <-- 24.167055 s

maxsize : 27
nodes : 8925597.000000
filtered : 66161682.000000
time : 39.853657
