Parameters: GAD=1 vflib=1 dir=1 label=1 lowerbound=1 fileNameGp=../../cp2016-max-common-connected-subgraph-paper/datasets/graphsdb/mcs50/bvg/b09/mcs50_b09_s100.A02 fileNameGt=../../cp2016-max-common-connected-subgraph-paper/datasets/graphsdb/mcs50/bvg/b09/mcs50_b09_s100.B02
Reading graphs...
100 : 450
100 : 450
Initializing...
maxdom : 7
D->valSize : 380
Solving...
Blb : 3 (clique : 31)
currentSize : 31 <-- 0.003790 s
currentSize : 32 <-- 0.061897 s
currentSize : 33 <-- 0.080730 s
currentSize : 34 <-- 0.482002 s
currentSize : 35 <-- 5.378444 s
currentSize : 36 <-- 5.597013 s
currentSize : 37 <-- 63.054955 s
currentSize : 38 <-- 240.712494 s
currentSize : 39 <-- 498.736145 s
currentSize : 40 <-- 499.269562 s

TIMEOUT
maxsize : 40
nodes : 197209672.000000
filtered : 733482983.000000
time : 1000.000061
