Parameters: GAD=1 vflib=1 dir=1 label=1 lowerbound=1 fileNameGp=../../cp2016-max-common-connected-subgraph-paper/datasets/graphsdb/mcs50/m3D/m3Dr6/mcs50_m3Dr6_s50.A03 fileNameGt=../../cp2016-max-common-connected-subgraph-paper/datasets/graphsdb/mcs50/m3D/m3Dr6/mcs50_m3Dr6_s50.B03
Reading graphs...
50 : 139
50 : 138
Initializing...
maxdom : 9
D->valSize : 341
Solving...
Blb : 3 (clique : 16)
currentSize : 16 <-- 0.003947 s
currentSize : 17 <-- 0.009281 s
currentSize : 18 <-- 0.110225 s
currentSize : 19 <-- 0.436332 s
currentSize : 20 <-- 3.298455 s
currentSize : 21 <-- 3.574764 s
currentSize : 22 <-- 5.162308 s
currentSize : 23 <-- 9.267892 s
currentSize : 24 <-- 9.267998 s
currentSize : 25 <-- 9.268505 s
currentSize : 26 <-- 9.268658 s
currentSize : 27 <-- 10.769685 s

maxsize : 27
nodes : 2375214.000000
filtered : 41328382.000000
time : 11.706879
