Parameters: GAD=1 vflib=1 dir=1 label=1 lowerbound=1 fileNameGp=../../cp2016-max-common-connected-subgraph-paper/datasets/graphsdb/mcs50/bvg/b09/mcs50_b09_s80.A03 fileNameGt=../../cp2016-max-common-connected-subgraph-paper/datasets/graphsdb/mcs50/bvg/b09/mcs50_b09_s80.B03
Reading graphs...
80 : 360
80 : 360
Initializing...
maxdom : 9
D->valSize : 433
Solving...
Blb : 2 (clique : 25)
currentSize : 25 <-- 0.006597 s
currentSize : 28 <-- 0.006944 s
currentSize : 29 <-- 0.012143 s
currentSize : 30 <-- 0.012671 s
currentSize : 31 <-- 0.035355 s
currentSize : 32 <-- 0.035930 s
currentSize : 33 <-- 0.036015 s
currentSize : 34 <-- 0.038299 s
currentSize : 35 <-- 0.038744 s
currentSize : 36 <-- 0.041110 s
currentSize : 37 <-- 0.041339 s
currentSize : 39 <-- 0.056062 s
currentSize : 40 <-- 0.066322 s

maxsize : 40
nodes : 20954408.000000
filtered : 103550994.000000
time : 98.751648
