Parameters: GAD=1 vflib=1 dir=1 label=1 lowerbound=1 fileNameGp=../../cp2016-max-common-connected-subgraph-paper/datasets/graphsdb/mcs50/bvg/b03m/mcs50_b03m_s70.A05 fileNameGt=../../cp2016-max-common-connected-subgraph-paper/datasets/graphsdb/mcs50/bvg/b03m/mcs50_b03m_s70.B05
Reading graphs...
70 : 105
70 : 105
Initializing...
maxdom : 10
D->valSize : 316
Solving...
Blb : 2 (clique : 28)
currentSize : 28 <-- 0.002681 s
currentSize : 29 <-- 0.002936 s
currentSize : 30 <-- 0.004752 s
currentSize : 31 <-- 0.005675 s
currentSize : 32 <-- 0.006295 s
currentSize : 33 <-- 1.945090 s
currentSize : 34 <-- 11.273278 s
currentSize : 35 <-- 124.239655 s
currentSize : 36 <-- 877.999512 s
currentSize : 37 <-- 878.005432 s
currentSize : 38 <-- 998.872070 s

TIMEOUT
maxsize : 38
nodes : 215009186.000000
filtered : 1422259042.000000
time : 1000.000000
