Parameters: GAD=1 vflib=1 dir=1 label=1 lowerbound=1 fileNameGp=../../cp2016-max-common-connected-subgraph-paper/datasets/graphsdb/mcs50/bvg/b06/mcs50_b06_s90.A06 fileNameGt=../../cp2016-max-common-connected-subgraph-paper/datasets/graphsdb/mcs50/bvg/b06/mcs50_b06_s90.B06
Reading graphs...
90 : 270
90 : 270
Initializing...
maxdom : 10
D->valSize : 528
Solving...
Blb : 3 (clique : 33)
currentSize : 33 <-- 0.009779 s
currentSize : 34 <-- 6.460859 s
currentSize : 35 <-- 37.724510 s
currentSize : 36 <-- 38.195816 s
currentSize : 37 <-- 38.196430 s
currentSize : 38 <-- 86.430809 s
currentSize : 39 <-- 86.435432 s
currentSize : 40 <-- 142.199463 s
currentSize : 41 <-- 142.453140 s
currentSize : 42 <-- 368.107849 s
currentSize : 43 <-- 766.118164 s
currentSize : 44 <-- 766.271606 s

TIMEOUT
maxsize : 44
nodes : 169340912.000000
filtered : 1611258085.000000
time : 1000.000061
