Parameters: GAD=1 vflib=1 dir=1 label=1 lowerbound=1 fileNameGp=../../cp2016-max-common-connected-subgraph-paper/datasets/graphsdb/mcs50/bvg/b06m/mcs50_b06m_s70.A01 fileNameGt=../../cp2016-max-common-connected-subgraph-paper/datasets/graphsdb/mcs50/bvg/b06m/mcs50_b06m_s70.B01
Reading graphs...
70 : 210
70 : 210
Initializing...
maxdom : 8
D->valSize : 339
Solving...
Blb : 2 (clique : 30)
currentSize : 30 <-- 0.004514 s
currentSize : 32 <-- 0.009712 s
currentSize : 33 <-- 0.242740 s
currentSize : 34 <-- 0.242871 s
currentSize : 35 <-- 0.243665 s
currentSize : 36 <-- 0.530787 s
currentSize : 37 <-- 0.658859 s

maxsize : 37
nodes : 2725401.000000
filtered : 20986233.000000
time : 13.354630
