Parameters: GAD=1 vflib=1 dir=1 label=1 lowerbound=1 fileNameGp=../../cp2016-max-common-connected-subgraph-paper/datasets/graphsdb/mcs50/bvg/b09/mcs50_b09_s60.A04 fileNameGt=../../cp2016-max-common-connected-subgraph-paper/datasets/graphsdb/mcs50/bvg/b09/mcs50_b09_s60.B04
Reading graphs...
60 : 270
60 : 270
Initializing...
maxdom : 8
D->valSize : 250
Solving...
Blb : 2 (clique : 17)
currentSize : 17 <-- 0.001682 s
currentSize : 18 <-- 0.006355 s
currentSize : 19 <-- 0.009044 s
currentSize : 20 <-- 1.081092 s
currentSize : 21 <-- 1.104713 s
currentSize : 26 <-- 1.527467 s
currentSize : 28 <-- 1.527731 s
currentSize : 30 <-- 1.551693 s

maxsize : 30
nodes : 490523.000000
filtered : 3156902.000000
time : 2.022405
