Parameters: GAD=1 vflib=1 dir=1 label=1 lowerbound=1 fileNameGp=../../cp2016-max-common-connected-subgraph-paper/datasets/graphsdb/mcs50/m2D/m2Dr4/mcs50_m2Dr4_s100.A02 fileNameGt=../../cp2016-max-common-connected-subgraph-paper/datasets/graphsdb/mcs50/m2D/m2Dr4/mcs50_m2Dr4_s100.B02
Reading graphs...
100 : 220
100 : 220
Initializing...
maxdom : 6
D->valSize : 339
Solving...
Blb : 2 (clique : 37)
currentSize : 37 <-- 0.003410 s
currentSize : 38 <-- 0.516574 s
currentSize : 39 <-- 0.517052 s
currentSize : 40 <-- 12.195016 s
currentSize : 41 <-- 12.195115 s
currentSize : 42 <-- 14.079884 s
currentSize : 44 <-- 57.104843 s
currentSize : 45 <-- 66.193886 s
currentSize : 46 <-- 273.772339 s

TIMEOUT
maxsize : 46
nodes : 212938438.000000
filtered : 566212062.000000
time : 1000.000061
