Parameters: GAD=1 vflib=1 dir=1 label=1 lowerbound=1 fileNameGp=../../cp2016-max-common-connected-subgraph-paper/datasets/graphsdb/mcs50/bvg/b03/mcs50_b03_s60.A06 fileNameGt=../../cp2016-max-common-connected-subgraph-paper/datasets/graphsdb/mcs50/bvg/b03/mcs50_b03_s60.B06
Reading graphs...
60 : 90
60 : 90
Initializing...
maxdom : 8
D->valSize : 275
Solving...
Blb : 3 (clique : 25)
currentSize : 25 <-- 0.003214 s
currentSize : 26 <-- 0.024582 s
currentSize : 27 <-- 2.220361 s
currentSize : 28 <-- 8.466043 s
currentSize : 29 <-- 14.723734 s
currentSize : 30 <-- 30.870264 s
currentSize : 31 <-- 39.429531 s
currentSize : 32 <-- 68.064774 s

maxsize : 32
nodes : 15201652.000000
filtered : 131210816.000000
time : 69.875366
