Parameters: GAD=1 vflib=1 dir=1 label=1 lowerbound=1 fileNameGp=../../cp2016-max-common-connected-subgraph-paper/datasets/graphsdb/mcs50/m2D/m2D/mcs50_m2D_s50.A00 fileNameGt=../../cp2016-max-common-connected-subgraph-paper/datasets/graphsdb/mcs50/m2D/m2D/mcs50_m2D_s50.B00
Reading graphs...
50 : 85
50 : 85
Initializing...
maxdom : 9
D->valSize : 330
Solving...
Blb : 2 (clique : 19)
currentSize : 19 <-- 0.002360 s
currentSize : 20 <-- 0.003624 s
currentSize : 21 <-- 0.286772 s
currentSize : 22 <-- 1.605779 s
currentSize : 23 <-- 2.182623 s
currentSize : 24 <-- 14.301709 s
currentSize : 25 <-- 23.062929 s
currentSize : 26 <-- 23.063347 s
currentSize : 27 <-- 25.381716 s
currentSize : 28 <-- 124.583679 s

maxsize : 28
nodes : 46206429.000000
filtered : 499007818.000000
time : 214.182785
