Parameters: GAD=1 vflib=1 dir=1 label=1 lowerbound=1 fileNameGp=../../cp2016-max-common-connected-subgraph-paper/datasets/graphsdb/mcs50/m2D/m2Dr4/mcs50_m2Dr4_s50.A08 fileNameGt=../../cp2016-max-common-connected-subgraph-paper/datasets/graphsdb/mcs50/m2D/m2Dr4/mcs50_m2Dr4_s50.B08
Reading graphs...
50 : 105
50 : 102
Initializing...
maxdom : 9
D->valSize : 311
Solving...
Blb : 5 (clique : 18)
currentSize : 18 <-- 0.002207 s
currentSize : 19 <-- 0.093608 s
currentSize : 20 <-- 0.093695 s
currentSize : 21 <-- 0.109439 s
currentSize : 22 <-- 0.147310 s
currentSize : 23 <-- 0.147525 s
currentSize : 24 <-- 0.810484 s
currentSize : 25 <-- 0.812146 s
currentSize : 26 <-- 0.812206 s
currentSize : 27 <-- 2.730551 s
currentSize : 28 <-- 7.257186 s

maxsize : 28
nodes : 1900421.000000
filtered : 22347905.000000
time : 8.942243
