Parameters: GAD=1 vflib=1 dir=1 label=1 lowerbound=1 fileNameGp=../../cp2016-max-common-connected-subgraph-paper/datasets/graphsdb/mcs50/m2D/m2D/mcs50_m2D_s60.A08 fileNameGt=../../cp2016-max-common-connected-subgraph-paper/datasets/graphsdb/mcs50/m2D/m2D/mcs50_m2D_s60.B08
Reading graphs...
60 : 104
60 : 104
Initializing...
maxdom : 8
D->valSize : 257
Solving...
Blb : 2 (clique : 24)
currentSize : 24 <-- 0.001767 s
currentSize : 25 <-- 0.002002 s
currentSize : 26 <-- 0.002147 s
currentSize : 27 <-- 0.003633 s
currentSize : 28 <-- 0.018691 s
currentSize : 29 <-- 49.577312 s

maxsize : 29
nodes : 22704794.000000
filtered : 197139242.000000
time : 109.931641
