Parameters: GAD=1 vflib=1 dir=1 label=1 lowerbound=1 fileNameGp=../../cp2016-max-common-connected-subgraph-paper/datasets/graphsdb/mcs50/m2D/m2Dr4/mcs50_m2Dr4_s70.A06 fileNameGt=../../cp2016-max-common-connected-subgraph-paper/datasets/graphsdb/mcs50/m2D/m2Dr4/mcs50_m2Dr4_s70.B06
Reading graphs...
70 : 151
70 : 151
Initializing...
maxdom : 9
D->valSize : 358
Solving...
Blb : 2 (clique : 26)
currentSize : 26 <-- 0.003034 s
currentSize : 27 <-- 0.003250 s
currentSize : 28 <-- 0.024918 s
currentSize : 29 <-- 0.057720 s
currentSize : 30 <-- 11.027783 s
currentSize : 31 <-- 31.505495 s
currentSize : 32 <-- 55.291580 s
currentSize : 33 <-- 386.909241 s
currentSize : 34 <-- 466.034790 s
currentSize : 35 <-- 466.034882 s
currentSize : 36 <-- 466.144043 s
currentSize : 37 <-- 466.281433 s
currentSize : 38 <-- 668.125488 s

maxsize : 38
nodes : 188681081.000000
filtered : 1524896557.000000
time : 927.049927
