Parameters: GAD=1 vflib=1 dir=1 label=1 lowerbound=1 fileNameGp=../../cp2016-max-common-connected-subgraph-paper/datasets/graphsdb/mcs50/m3D/m3Dr4/mcs50_m3Dr4_s50.A06 fileNameGt=../../cp2016-max-common-connected-subgraph-paper/datasets/graphsdb/mcs50/m3D/m3Dr4/mcs50_m3Dr4_s50.B06
Reading graphs...
50 : 129
50 : 129
Initializing...
maxdom : 9
D->valSize : 350
Solving...
Blb : 2 (clique : 21)
currentSize : 21 <-- 0.004045 s
currentSize : 22 <-- 0.070723 s
currentSize : 23 <-- 0.349132 s
currentSize : 24 <-- 0.349281 s
currentSize : 26 <-- 1.463255 s
currentSize : 27 <-- 1.463693 s
currentSize : 28 <-- 3.176094 s

maxsize : 28
nodes : 856702.000000
filtered : 8479057.000000
time : 4.073972
