Parameters: GAD=1 vflib=1 dir=1 label=1 lowerbound=1 fileNameGp=../../cp2016-max-common-connected-subgraph-paper/datasets/graphsdb/mcs50/rand/r005/mcs50_r005_s80.A02 fileNameGt=../../cp2016-max-common-connected-subgraph-paper/datasets/graphsdb/mcs50/rand/r005/mcs50_r005_s80.B02
Reading graphs...
80 : 315
80 : 315
Initializing...
maxdom : 8
D->valSize : 443
Solving...
Blb : 2 (clique : 23)
currentSize : 23 <-- 0.004209 s
currentSize : 24 <-- 1.531213 s
currentSize : 25 <-- 3.242518 s
currentSize : 26 <-- 11.999392 s
currentSize : 27 <-- 18.358089 s
currentSize : 28 <-- 18.657667 s
currentSize : 30 <-- 158.847977 s
currentSize : 32 <-- 158.848068 s
currentSize : 34 <-- 199.087921 s
currentSize : 35 <-- 282.074158 s
currentSize : 39 <-- 282.142700 s
currentSize : 40 <-- 282.142792 s

maxsize : 40
nodes : 52567503.000000
filtered : 700780427.000000
time : 318.291779
