Parameters: GAD=1 vflib=1 dir=1 label=1 lowerbound=1 fileNameGp=../../cp2016-max-common-connected-subgraph-paper/datasets/graphsdb/mcs50/bvg/b06/mcs50_b06_s90.A09 fileNameGt=../../cp2016-max-common-connected-subgraph-paper/datasets/graphsdb/mcs50/bvg/b06/mcs50_b06_s90.B09
Reading graphs...
90 : 270
90 : 270
Initializing...
maxdom : 10
D->valSize : 564
Solving...
Blb : 2 (clique : 30)
currentSize : 30 <-- 0.006476 s
currentSize : 32 <-- 0.006745 s
currentSize : 33 <-- 0.021194 s
currentSize : 34 <-- 0.047673 s
currentSize : 35 <-- 0.061674 s
currentSize : 36 <-- 0.407498 s
currentSize : 37 <-- 0.951595 s
currentSize : 38 <-- 0.951714 s
currentSize : 39 <-- 1.328600 s
currentSize : 40 <-- 15.656657 s
currentSize : 41 <-- 76.257759 s
currentSize : 42 <-- 553.791748 s
currentSize : 43 <-- 970.880005 s
currentSize : 44 <-- 970.882446 s

TIMEOUT
maxsize : 44
nodes : 166588791.000000
filtered : 1441148125.000000
time : 1000.000061
