Parameters: GAD=1 vflib=1 dir=1 label=1 lowerbound=1 fileNameGp=../../cp2016-max-common-connected-subgraph-paper/datasets/graphsdb/mcs50/bvg/b09/mcs50_b09_s80.A00 fileNameGt=../../cp2016-max-common-connected-subgraph-paper/datasets/graphsdb/mcs50/bvg/b09/mcs50_b09_s80.B00
Reading graphs...
80 : 360
80 : 360
Initializing...
maxdom : 8
D->valSize : 437
Solving...
Blb : 3 (clique : 27)
currentSize : 27 <-- 0.004120 s
currentSize : 28 <-- 0.041911 s
currentSize : 29 <-- 0.097564 s
currentSize : 30 <-- 0.097688 s
currentSize : 31 <-- 0.098018 s
currentSize : 32 <-- 0.613660 s
currentSize : 34 <-- 0.614009 s
currentSize : 35 <-- 0.615657 s
currentSize : 37 <-- 0.615947 s
currentSize : 38 <-- 0.622824 s
currentSize : 40 <-- 0.623063 s

maxsize : 40
nodes : 2581037.000000
filtered : 19200886.000000
time : 13.701544
