Parameters: GAD=1 vflib=1 dir=1 label=1 lowerbound=1 fileNameGp=../../cp2016-max-common-connected-subgraph-paper/datasets/graphsdb/mcs50/bvg/b06m/mcs50_b06m_s60.A07 fileNameGt=../../cp2016-max-common-connected-subgraph-paper/datasets/graphsdb/mcs50/bvg/b06m/mcs50_b06m_s60.B07
Reading graphs...
60 : 180
60 : 180
Initializing...
maxdom : 7
D->valSize : 249
Solving...
Blb : 2 (clique : 17)
currentSize : 17 <-- 0.002612 s
currentSize : 18 <-- 0.002888 s
currentSize : 19 <-- 0.003196 s
currentSize : 20 <-- 0.003288 s
currentSize : 21 <-- 0.003379 s
currentSize : 23 <-- 0.009568 s
currentSize : 24 <-- 0.009673 s
currentSize : 25 <-- 0.085245 s
currentSize : 26 <-- 0.085349 s
currentSize : 27 <-- 0.088654 s
currentSize : 29 <-- 0.088713 s
currentSize : 30 <-- 0.470039 s
currentSize : 31 <-- 1.074695 s
currentSize : 33 <-- 2.324678 s

maxsize : 33
nodes : 716519.000000
filtered : 5104253.000000
time : 3.324035
