Parameters: GAD=1 vflib=1 dir=1 label=1 lowerbound=1 fileNameGp=../../cp2016-max-common-connected-subgraph-paper/datasets/graphsdb/mcs50/rand/r005/mcs50_r005_s100.A04 fileNameGt=../../cp2016-max-common-connected-subgraph-paper/datasets/graphsdb/mcs50/rand/r005/mcs50_r005_s100.B04
Reading graphs...
100 : 494
100 : 494
Initializing...
maxdom : 6
D->valSize : 350
Solving...
Blb : 2 (clique : 34)
currentSize : 34 <-- 0.003316 s
currentSize : 35 <-- 0.003727 s
currentSize : 36 <-- 0.003913 s
currentSize : 37 <-- 0.014676 s
currentSize : 38 <-- 0.014893 s
currentSize : 39 <-- 0.539052 s
currentSize : 40 <-- 0.539380 s
currentSize : 41 <-- 0.539747 s
currentSize : 42 <-- 0.554367 s
currentSize : 43 <-- 0.554744 s
currentSize : 44 <-- 0.555163 s
currentSize : 45 <-- 2.878815 s
currentSize : 46 <-- 2.879224 s
currentSize : 48 <-- 2.880092 s
currentSize : 49 <-- 2.880541 s
currentSize : 50 <-- 2.881031 s

maxsize : 50
nodes : 5012238.000000
filtered : 34443710.000000
time : 30.061298
