Parameters: GAD=1 vflib=1 dir=1 label=1 lowerbound=1 fileNameGp=../../cp2016-max-common-connected-subgraph-paper/datasets/graphsdb/mcs50/bvg/b03/mcs50_b03_s80.A00 fileNameGt=../../cp2016-max-common-connected-subgraph-paper/datasets/graphsdb/mcs50/bvg/b03/mcs50_b03_s80.B00
Reading graphs...
80 : 120
80 : 120
Initializing...
maxdom : 9
D->valSize : 461
Solving...
Blb : 2 (clique : 36)
currentSize : 36 <-- 0.007795 s
currentSize : 37 <-- 0.008274 s
currentSize : 38 <-- 0.008486 s
currentSize : 39 <-- 0.022039 s
currentSize : 40 <-- 0.144324 s
currentSize : 41 <-- 0.817269 s
currentSize : 42 <-- 0.819748 s
currentSize : 43 <-- 59.563320 s
currentSize : 44 <-- 829.148071 s

TIMEOUT
maxsize : 44
nodes : 166912835.000000
filtered : 1726884242.000000
time : 1000.000061
