Parameters: GAD=1 vflib=1 dir=1 label=1 lowerbound=1 fileNameGp=../../cp2016-max-common-connected-subgraph-paper/datasets/graphsdb/mcs50/m2D/m2D/mcs50_m2D_s70.A03 fileNameGt=../../cp2016-max-common-connected-subgraph-paper/datasets/graphsdb/mcs50/m2D/m2D/mcs50_m2D_s70.B03
Reading graphs...
70 : 123
70 : 123
Initializing...
maxdom : 9
D->valSize : 319
Solving...
Blb : 2 (clique : 32)
currentSize : 32 <-- 0.004290 s
currentSize : 34 <-- 0.004591 s
currentSize : 35 <-- 0.004708 s
currentSize : 36 <-- 50.851135 s
currentSize : 37 <-- 583.193115 s
currentSize : 38 <-- 666.120667 s
currentSize : 39 <-- 727.704590 s
currentSize : 40 <-- 780.246948 s

TIMEOUT
maxsize : 40
nodes : 218371137.000000
filtered : 1279505033.000000
time : 1000.000000
