Parameters: GAD=1 vflib=1 dir=1 label=1 lowerbound=1 fileNameGp=../../cp2016-max-common-connected-subgraph-paper/datasets/graphsdb/mcs50/bvg/b06m/mcs50_b06m_s80.A03 fileNameGt=../../cp2016-max-common-connected-subgraph-paper/datasets/graphsdb/mcs50/bvg/b06m/mcs50_b06m_s80.B03
Reading graphs...
80 : 240
80 : 240
Initializing...
maxdom : 8
D->valSize : 430
Solving...
Blb : 2 (clique : 28)
currentSize : 28 <-- 0.006697 s
currentSize : 29 <-- 0.007062 s
currentSize : 30 <-- 0.007479 s
currentSize : 31 <-- 0.013951 s
currentSize : 35 <-- 0.124947 s
currentSize : 36 <-- 0.125010 s
currentSize : 37 <-- 0.125108 s
currentSize : 38 <-- 0.137187 s
currentSize : 39 <-- 4.447067 s
currentSize : 40 <-- 4.458598 s

maxsize : 40
nodes : 144066928.000000
filtered : 1379464819.000000
time : 819.901123
