Parameters: GAD=1 vflib=1 dir=1 label=1 lowerbound=1 fileNameGp=../../cp2016-max-common-connected-subgraph-paper/datasets/graphsdb/mcs50/m2D/m2Dr4/mcs50_m2Dr4_s70.A00 fileNameGt=../../cp2016-max-common-connected-subgraph-paper/datasets/graphsdb/mcs50/m2D/m2Dr4/mcs50_m2Dr4_s70.B00
Reading graphs...
70 : 151
70 : 149
Initializing...
maxdom : 8
D->valSize : 356
Solving...
Blb : 3 (clique : 27)
currentSize : 27 <-- 0.002970 s
currentSize : 28 <-- 0.003378 s
currentSize : 29 <-- 0.015967 s
currentSize : 30 <-- 0.019272 s
currentSize : 32 <-- 0.036576 s
currentSize : 33 <-- 0.036673 s
currentSize : 34 <-- 1.714279 s
currentSize : 35 <-- 2.775818 s

TIMEOUT
maxsize : 35
nodes : 190782728.000000
filtered : 1748734021.000000
time : 1000.000000
