Parameters: GAD=1 vflib=1 dir=1 label=1 lowerbound=1 fileNameGp=../../cp2016-max-common-connected-subgraph-paper/datasets/graphsdb/mcs50/bvg/b06m/mcs50_b06m_s80.A02 fileNameGt=../../cp2016-max-common-connected-subgraph-paper/datasets/graphsdb/mcs50/bvg/b06m/mcs50_b06m_s80.B02
Reading graphs...
80 : 240
80 : 240
Initializing...
maxdom : 12
D->valSize : 418
Solving...
Blb : 2 (clique : 26)
currentSize : 26 <-- 0.003826 s
currentSize : 27 <-- 0.465252 s
currentSize : 28 <-- 0.924199 s
currentSize : 29 <-- 1.064376 s
currentSize : 30 <-- 1.251854 s
currentSize : 31 <-- 2.137047 s
currentSize : 32 <-- 2.265082 s
currentSize : 33 <-- 2.265307 s
currentSize : 34 <-- 2.499996 s
currentSize : 35 <-- 13.438249 s
currentSize : 39 <-- 13.798323 s
currentSize : 40 <-- 13.798802 s
currentSize : 41 <-- 13.799043 s

maxsize : 41
nodes : 6158232.000000
filtered : 57434547.000000
time : 34.429276
