Parameters: GAD=1 vflib=1 dir=1 label=1 lowerbound=1 fileNameGp=../../cp2016-max-common-connected-subgraph-paper/datasets/graphsdb/mcs50/m2D/m2D/mcs50_m2D_s90.A08 fileNameGt=../../cp2016-max-common-connected-subgraph-paper/datasets/graphsdb/mcs50/m2D/m2D/mcs50_m2D_s90.B08
Reading graphs...
90 : 161
90 : 161
Initializing...
maxdom : 9
D->valSize : 533
Solving...
Blb : 5 (clique : 31)
currentSize : 31 <-- 0.006161 s
currentSize : 32 <-- 0.009306 s
currentSize : 33 <-- 0.046808 s
currentSize : 34 <-- 3.145402 s
currentSize : 35 <-- 3.145515 s
currentSize : 36 <-- 25.836777 s
currentSize : 37 <-- 53.508564 s
currentSize : 38 <-- 53.509029 s
currentSize : 39 <-- 426.856995 s
currentSize : 40 <-- 426.858185 s
currentSize : 41 <-- 427.162323 s
currentSize : 42 <-- 463.383392 s

TIMEOUT
maxsize : 42
nodes : 179430691.000000
filtered : 1246796543.000000
time : 1000.000061
