Parameters: GAD=1 vflib=1 dir=1 label=1 lowerbound=1 fileNameGp=../../cp2016-max-common-connected-subgraph-paper/datasets/graphsdb/mcs50/bvg/b09m/mcs50_b09m_s70.A04 fileNameGt=../../cp2016-max-common-connected-subgraph-paper/datasets/graphsdb/mcs50/bvg/b09m/mcs50_b09m_s70.B04
Reading graphs...
70 : 315
70 : 315
Initializing...
maxdom : 7
D->valSize : 341
Solving...
Blb : 2 (clique : 22)
currentSize : 22 <-- 0.002636 s
currentSize : 24 <-- 0.002842 s
currentSize : 25 <-- 0.004237 s
currentSize : 26 <-- 0.024229 s
currentSize : 27 <-- 2.365021 s
currentSize : 30 <-- 2.633438 s
currentSize : 31 <-- 2.634064 s
currentSize : 32 <-- 4.477583 s
currentSize : 33 <-- 4.483409 s
currentSize : 34 <-- 7.711511 s

maxsize : 34
nodes : 5832754.000000
filtered : 27454745.000000
time : 25.888504
