Parameters: GAD=1 vflib=1 dir=1 label=1 lowerbound=1 fileNameGp=../../cp2016-max-common-connected-subgraph-paper/datasets/graphsdb/mcs50/rand/r01/mcs50_r01_s90.A04 fileNameGt=../../cp2016-max-common-connected-subgraph-paper/datasets/graphsdb/mcs50/rand/r01/mcs50_r01_s90.B04
Reading graphs...
90 : 800
90 : 800
Initializing...
maxdom : 10
D->valSize : 534
Solving...
Blb : 2 (clique : 12)
currentSize : 12 <-- 0.005480 s
currentSize : 13 <-- 0.005846 s
currentSize : 14 <-- 0.005877 s
currentSize : 15 <-- 0.045183 s
currentSize : 16 <-- 0.194452 s
currentSize : 17 <-- 0.342663 s
currentSize : 18 <-- 0.969854 s
currentSize : 20 <-- 0.970807 s
currentSize : 21 <-- 0.970854 s
currentSize : 25 <-- 1.374666 s
currentSize : 26 <-- 1.374728 s
currentSize : 29 <-- 1.491502 s
currentSize : 30 <-- 1.716049 s
currentSize : 33 <-- 1.979827 s
currentSize : 38 <-- 2.005045 s
currentSize : 45 <-- 2.288056 s

maxsize : 45
nodes : 432725.000000
filtered : 5976827.000000
time : 2.763657
