Parameters: GAD=1 vflib=1 dir=1 label=1 lowerbound=1 fileNameGp=../../cp2016-max-common-connected-subgraph-paper/datasets/graphsdb/mcs50/rand/r005/mcs50_r005_s50.A08 fileNameGt=../../cp2016-max-common-connected-subgraph-paper/datasets/graphsdb/mcs50/rand/r005/mcs50_r005_s50.B08
Reading graphs...
50 : 121
50 : 121
Initializing...
maxdom : 10
D->valSize : 333
Solving...
Blb : 2 (clique : 17)
currentSize : 17 <-- 0.003809 s
currentSize : 18 <-- 0.006083 s
currentSize : 20 <-- 0.013164 s
currentSize : 21 <-- 0.013478 s
currentSize : 22 <-- 0.089485 s
currentSize : 23 <-- 2.028054 s
currentSize : 24 <-- 2.293375 s
currentSize : 25 <-- 3.190140 s
currentSize : 26 <-- 3.190195 s

maxsize : 26
nodes : 1551020.000000
filtered : 24309128.000000
time : 7.759113
