Parameters: GAD=1 vflib=1 dir=1 label=1 lowerbound=1 fileNameGp=../../cp2016-max-common-connected-subgraph-paper/datasets/graphsdb/mcs50/bvg/b09/mcs50_b09_s90.A07 fileNameGt=../../cp2016-max-common-connected-subgraph-paper/datasets/graphsdb/mcs50/bvg/b09/mcs50_b09_s90.B07
Reading graphs...
90 : 405
90 : 405
Initializing...
maxdom : 10
D->valSize : 534
Solving...
Blb : 3 (clique : 38)
currentSize : 38 <-- 0.009833 s
currentSize : 39 <-- 2.987719 s
currentSize : 40 <-- 2.996094 s
currentSize : 42 <-- 291.323364 s
currentSize : 43 <-- 291.323578 s
currentSize : 44 <-- 291.323761 s

maxsize : 44
nodes : 164183737.000000
filtered : 1130769144.000000
time : 897.392151
