Parameters: GAD=1 vflib=1 dir=1 label=1 lowerbound=1 fileNameGp=../../cp2016-max-common-connected-subgraph-paper/datasets/graphsdb/mcs50/m2D/m2Dr6/mcs50_m2Dr6_s80.A08 fileNameGt=../../cp2016-max-common-connected-subgraph-paper/datasets/graphsdb/mcs50/m2D/m2Dr6/mcs50_m2Dr6_s80.B08
Reading graphs...
80 : 189
80 : 188
Initializing...
maxdom : 9
D->valSize : 457
Solving...
Blb : 2 (clique : 35)
currentSize : 35 <-- 0.004604 s
currentSize : 36 <-- 0.012077 s
currentSize : 37 <-- 0.012429 s
currentSize : 38 <-- 24.829359 s
currentSize : 39 <-- 24.830736 s
currentSize : 40 <-- 122.974823 s
currentSize : 41 <-- 191.082718 s
currentSize : 42 <-- 191.087494 s

TIMEOUT
maxsize : 42
nodes : 195153365.000000
filtered : 1334143069.000000
time : 1000.000061
