Parameters: GAD=1 vflib=1 dir=1 label=1 lowerbound=1 fileNameGp=../../cp2016-max-common-connected-subgraph-paper/datasets/graphsdb/mcs50/m2D/m2Dr6/mcs50_m2Dr6_s100.A02 fileNameGt=../../cp2016-max-common-connected-subgraph-paper/datasets/graphsdb/mcs50/m2D/m2Dr6/mcs50_m2Dr6_s100.B02
Reading graphs...
100 : 240
100 : 239
Initializing...
maxdom : 7
D->valSize : 386
Solving...
Blb : 2 (clique : 39)
currentSize : 39 <-- 0.003965 s
currentSize : 40 <-- 0.004459 s
currentSize : 41 <-- 0.006015 s
currentSize : 42 <-- 0.011147 s
currentSize : 43 <-- 5.163812 s
currentSize : 44 <-- 5.163871 s
currentSize : 45 <-- 5.210717 s
currentSize : 46 <-- 219.302597 s
currentSize : 48 <-- 219.314484 s
currentSize : 49 <-- 219.986160 s
currentSize : 50 <-- 228.382339 s

TIMEOUT
maxsize : 50
nodes : 223085019.000000
filtered : 537723386.000000
time : 1000.000061
