Parameters: GAD=1 vflib=1 dir=1 label=1 lowerbound=1 fileNameGp=../../cp2016-max-common-connected-subgraph-paper/datasets/graphsdb/mcs50/m2D/m2Dr6/mcs50_m2Dr6_s100.A00 fileNameGt=../../cp2016-max-common-connected-subgraph-paper/datasets/graphsdb/mcs50/m2D/m2Dr6/mcs50_m2Dr6_s100.B00
Reading graphs...
100 : 240
100 : 240
Initializing...
maxdom : 7
D->valSize : 370
Solving...
Blb : 2 (clique : 38)
currentSize : 38 <-- 0.003813 s
currentSize : 39 <-- 0.055679 s
currentSize : 40 <-- 0.055821 s
currentSize : 41 <-- 0.376569 s
currentSize : 42 <-- 1.610683 s
currentSize : 43 <-- 1.877311 s
currentSize : 44 <-- 2.195759 s
currentSize : 45 <-- 2.487022 s
currentSize : 46 <-- 3.964802 s
currentSize : 47 <-- 17.961460 s
currentSize : 48 <-- 24.817207 s
currentSize : 49 <-- 38.131256 s

TIMEOUT
maxsize : 49
nodes : 198822295.000000
filtered : 741978622.000000
time : 1000.000061
