Parameters: GAD=1 vflib=1 dir=1 label=1 lowerbound=1 fileNameGp=../../cp2016-max-common-connected-subgraph-paper/datasets/graphsdb/mcs50/rand/r005/mcs50_r005_s60.A08 fileNameGt=../../cp2016-max-common-connected-subgraph-paper/datasets/graphsdb/mcs50/rand/r005/mcs50_r005_s60.B08
Reading graphs...
60 : 176
60 : 176
Initializing...
maxdom : 7
D->valSize : 260
Solving...
Blb : 2 (clique : 18)
currentSize : 18 <-- 0.002702 s
currentSize : 19 <-- 0.003576 s
currentSize : 20 <-- 0.004828 s
currentSize : 21 <-- 0.007394 s
currentSize : 22 <-- 0.011456 s
currentSize : 23 <-- 0.011573 s
currentSize : 24 <-- 0.011895 s
currentSize : 25 <-- 0.012686 s
currentSize : 26 <-- 0.031153 s
currentSize : 27 <-- 0.036303 s
currentSize : 28 <-- 0.036430 s
currentSize : 30 <-- 0.532022 s

maxsize : 30
nodes : 508858.000000
filtered : 4544915.000000
time : 2.540291
