Parameters: GAD=1 vflib=1 dir=1 label=1 lowerbound=1 fileNameGp=../../cp2016-max-common-connected-subgraph-paper/datasets/graphsdb/mcs50/m3D/m3Dr2/mcs50_m3Dr2_s60.A09 fileNameGt=../../cp2016-max-common-connected-subgraph-paper/datasets/graphsdb/mcs50/m3D/m3Dr2/mcs50_m3Dr2_s60.B09
Reading graphs...
60 : 146
60 : 145
Initializing...
maxdom : 7
D->valSize : 238
Solving...
Blb : 2 (clique : 20)
currentSize : 20 <-- 0.002615 s
currentSize : 21 <-- 0.006526 s
currentSize : 22 <-- 0.048021 s
currentSize : 23 <-- 0.070818 s
currentSize : 24 <-- 0.417066 s
currentSize : 25 <-- 0.417216 s
currentSize : 26 <-- 0.440124 s
currentSize : 27 <-- 0.943637 s
currentSize : 28 <-- 2.387075 s
currentSize : 29 <-- 8.490680 s

maxsize : 29
nodes : 4705119.000000
filtered : 31704478.000000
time : 21.044336
