Parameters: GAD=1 vflib=1 dir=1 label=1 lowerbound=1 fileNameGp=../../cp2016-max-common-connected-subgraph-paper/datasets/graphsdb/mcs50/m2D/m2Dr6/mcs50_m2Dr6_s70.A03 fileNameGt=../../cp2016-max-common-connected-subgraph-paper/datasets/graphsdb/mcs50/m2D/m2Dr6/mcs50_m2Dr6_s70.B03
Reading graphs...
70 : 165
70 : 165
Initializing...
maxdom : 10
D->valSize : 311
Solving...
Blb : 2 (clique : 28)
currentSize : 28 <-- 0.002499 s
currentSize : 29 <-- 0.002753 s
currentSize : 30 <-- 0.068491 s
currentSize : 31 <-- 0.068616 s
currentSize : 32 <-- 0.511027 s
currentSize : 33 <-- 0.525269 s
currentSize : 36 <-- 0.526337 s
currentSize : 37 <-- 1.656990 s
currentSize : 38 <-- 1.658267 s

maxsize : 38
nodes : 733046.000000
filtered : 3822927.000000
time : 3.242885
