Parameters: GAD=1 vflib=1 dir=1 label=1 lowerbound=1 fileNameGp=../../cp2016-max-common-connected-subgraph-paper/datasets/graphsdb/mcs50/bvg/b03/mcs50_b03_s80.A04 fileNameGt=../../cp2016-max-common-connected-subgraph-paper/datasets/graphsdb/mcs50/bvg/b03/mcs50_b03_s80.B04
Reading graphs...
80 : 120
80 : 120
Initializing...
maxdom : 9
D->valSize : 485
Solving...
Blb : 2 (clique : 37)
currentSize : 37 <-- 0.008540 s
currentSize : 39 <-- 0.015243 s
currentSize : 40 <-- 0.016973 s
currentSize : 41 <-- 0.065901 s
currentSize : 42 <-- 4.322033 s
currentSize : 43 <-- 4.369142 s

TIMEOUT
maxsize : 43
nodes : 195811724.000000
filtered : 1394885995.000000
time : 1000.000061
