Parameters: GAD=1 vflib=1 dir=1 label=1 lowerbound=1 fileNameGp=../../cp2016-max-common-connected-subgraph-paper/datasets/graphsdb/mcs50/m2D/m2Dr6/mcs50_m2Dr6_s70.A09 fileNameGt=../../cp2016-max-common-connected-subgraph-paper/datasets/graphsdb/mcs50/m2D/m2Dr6/mcs50_m2Dr6_s70.B09
Reading graphs...
70 : 165
70 : 163
Initializing...
maxdom : 8
D->valSize : 314
Solving...
Blb : 2 (clique : 25)
currentSize : 25 <-- 0.002484 s
currentSize : 26 <-- 0.003049 s
currentSize : 27 <-- 0.004784 s
currentSize : 28 <-- 0.077212 s
currentSize : 29 <-- 0.108235 s
currentSize : 30 <-- 0.227626 s
currentSize : 31 <-- 0.227681 s
currentSize : 33 <-- 0.229081 s
currentSize : 36 <-- 6.353237 s
currentSize : 37 <-- 43.697334 s

maxsize : 37
nodes : 26364916.000000
filtered : 162418072.000000
time : 123.341759
