Parameters: GAD=1 vflib=1 dir=1 label=1 lowerbound=1 fileNameGp=../../cp2016-max-common-connected-subgraph-paper/datasets/graphsdb/mcs50/m2D/m2Dr2/mcs50_m2Dr2_s100.A01 fileNameGt=../../cp2016-max-common-connected-subgraph-paper/datasets/graphsdb/mcs50/m2D/m2Dr2/mcs50_m2Dr2_s100.B01
Reading graphs...
100 : 200
100 : 200
Initializing...
maxdom : 11
D->valSize : 360
Solving...
Blb : 2 (clique : 31)
currentSize : 31 <-- 0.003566 s
currentSize : 32 <-- 0.004159 s
currentSize : 33 <-- 0.008448 s
currentSize : 34 <-- 0.008661 s
currentSize : 35 <-- 0.090918 s
currentSize : 36 <-- 0.105707 s
currentSize : 37 <-- 0.118289 s
currentSize : 38 <-- 0.209829 s
currentSize : 39 <-- 1.828812 s
currentSize : 40 <-- 152.793137 s
currentSize : 41 <-- 230.672333 s
currentSize : 42 <-- 471.077118 s
currentSize : 43 <-- 483.660095 s
currentSize : 44 <-- 483.661865 s
currentSize : 45 <-- 879.740112 s

TIMEOUT
maxsize : 45
nodes : 182495401.000000
filtered : 873221377.000000
time : 1000.000061
