Parameters: GAD=1 vflib=1 dir=1 label=1 lowerbound=1 fileNameGp=../../cp2016-max-common-connected-subgraph-paper/datasets/graphsdb/mcs50/bvg/b09/mcs50_b09_s70.A05 fileNameGt=../../cp2016-max-common-connected-subgraph-paper/datasets/graphsdb/mcs50/bvg/b09/mcs50_b09_s70.B05
Reading graphs...
70 : 315
70 : 315
Initializing...
maxdom : 9
D->valSize : 329
Solving...
Blb : 3 (clique : 18)
currentSize : 18 <-- 0.002581 s
currentSize : 19 <-- 0.003752 s
currentSize : 20 <-- 0.007272 s
currentSize : 21 <-- 0.021604 s
currentSize : 22 <-- 0.023620 s
currentSize : 23 <-- 0.232928 s
currentSize : 24 <-- 0.978496 s
currentSize : 25 <-- 2.019921 s
currentSize : 26 <-- 7.452299 s
currentSize : 32 <-- 9.982158 s
currentSize : 34 <-- 9.982230 s
currentSize : 35 <-- 9.984595 s

maxsize : 35
nodes : 2616021.000000
filtered : 17766495.000000
time : 11.978189
