Parameters: GAD=1 vflib=1 dir=1 label=1 lowerbound=1 fileNameGp=../../cp2016-max-common-connected-subgraph-paper/datasets/graphsdb/mcs50/m2D/m2D/mcs50_m2D_s100.A02 fileNameGt=../../cp2016-max-common-connected-subgraph-paper/datasets/graphsdb/mcs50/m2D/m2D/mcs50_m2D_s100.B02
Reading graphs...
100 : 180
100 : 180
Initializing...
maxdom : 6
D->valSize : 354
Solving...
Blb : 2 (clique : 37)
currentSize : 37 <-- 0.003613 s
currentSize : 38 <-- 0.004154 s
currentSize : 39 <-- 0.004511 s
currentSize : 40 <-- 0.076510 s
currentSize : 41 <-- 0.134316 s
currentSize : 42 <-- 0.234811 s
currentSize : 43 <-- 0.344455 s
currentSize : 44 <-- 0.966720 s
currentSize : 45 <-- 2.616117 s

TIMEOUT
maxsize : 45
nodes : 192056773.000000
filtered : 756467728.000000
time : 1000.000061
