Parameters: GAD=1 vflib=1 dir=1 label=1 lowerbound=1 fileNameGp=../../cp2016-max-common-connected-subgraph-paper/datasets/graphsdb/mcs50/bvg/b03m/mcs50_b03m_s60.A00 fileNameGt=../../cp2016-max-common-connected-subgraph-paper/datasets/graphsdb/mcs50/bvg/b03m/mcs50_b03m_s60.B00
Reading graphs...
60 : 90
60 : 90
Initializing...
maxdom : 8
D->valSize : 272
Solving...
Blb : 3 (clique : 26)
currentSize : 26 <-- 0.003203 s
currentSize : 27 <-- 0.161188 s
currentSize : 28 <-- 7.291363 s
currentSize : 29 <-- 13.295795 s
currentSize : 30 <-- 35.076607 s
currentSize : 31 <-- 76.178162 s
currentSize : 32 <-- 106.524193 s
currentSize : 33 <-- 114.473175 s

maxsize : 33
nodes : 48613163.000000
filtered : 396124853.000000
time : 219.625687
