Parameters: GAD=1 vflib=1 dir=1 label=1 lowerbound=1 fileNameGp=../../cp2016-max-common-connected-subgraph-paper/datasets/graphsdb/mcs50/m3D/m3Dr4/mcs50_m3Dr4_s60.A07 fileNameGt=../../cp2016-max-common-connected-subgraph-paper/datasets/graphsdb/mcs50/m3D/m3Dr4/mcs50_m3Dr4_s60.B07
Reading graphs...
60 : 158
60 : 158
Initializing...
maxdom : 7
D->valSize : 257
Solving...
Blb : 3 (clique : 16)
currentSize : 16 <-- 0.002710 s
currentSize : 19 <-- 0.002852 s
currentSize : 20 <-- 0.002999 s
currentSize : 21 <-- 0.003488 s
currentSize : 22 <-- 0.004056 s
currentSize : 23 <-- 0.005106 s
currentSize : 24 <-- 0.020363 s
currentSize : 25 <-- 0.021078 s
currentSize : 26 <-- 0.580865 s
currentSize : 27 <-- 0.580980 s
currentSize : 28 <-- 0.693871 s
currentSize : 29 <-- 12.986544 s

maxsize : 29
nodes : 4124809.000000
filtered : 31308017.000000
time : 19.388159
