Parameters: GAD=1 vflib=1 dir=1 label=1 lowerbound=1 fileNameGp=../../cp2016-max-common-connected-subgraph-paper/datasets/graphsdb/mcs50/bvg/b09m/mcs50_b09m_s50.A05 fileNameGt=../../cp2016-max-common-connected-subgraph-paper/datasets/graphsdb/mcs50/bvg/b09m/mcs50_b09m_s50.B05
Reading graphs...
50 : 225
50 : 225
Initializing...
maxdom : 12
D->valSize : 333
Solving...
Blb : 2 (clique : 14)
currentSize : 14 <-- 0.002267 s
currentSize : 15 <-- 0.010247 s
currentSize : 16 <-- 0.025087 s
currentSize : 17 <-- 0.206681 s
currentSize : 19 <-- 0.206756 s
currentSize : 21 <-- 0.262451 s
currentSize : 23 <-- 0.432759 s
currentSize : 25 <-- 0.526942 s

maxsize : 25
nodes : 135062.000000
filtered : 1949265.000000
time : 0.633606
