Parameters: GAD=1 vflib=1 dir=1 label=1 lowerbound=1 fileNameGp=../../cp2016-max-common-connected-subgraph-paper/datasets/graphsdb/mcs50/bvg/b03/mcs50_b03_s70.A08 fileNameGt=../../cp2016-max-common-connected-subgraph-paper/datasets/graphsdb/mcs50/bvg/b03/mcs50_b03_s70.B08
Reading graphs...
70 : 105
70 : 105
Initializing...
maxdom : 8
D->valSize : 315
Solving...
Blb : 2 (clique : 29)
currentSize : 29 <-- 0.002553 s
currentSize : 30 <-- 0.002903 s
currentSize : 31 <-- 0.021339 s
currentSize : 32 <-- 0.021509 s
currentSize : 33 <-- 0.077060 s
currentSize : 35 <-- 559.449097 s
currentSize : 36 <-- 559.451294 s
currentSize : 37 <-- 623.862427 s

maxsize : 37
nodes : 165846136.000000
filtered : 1458277824.000000
time : 865.919373
