Parameters: GAD=1 vflib=1 dir=1 label=1 lowerbound=1 fileNameGp=../../cp2016-max-common-connected-subgraph-paper/datasets/graphsdb/mcs50/rand/r001/mcs50_r001_s100.A04 fileNameGt=../../cp2016-max-common-connected-subgraph-paper/datasets/graphsdb/mcs50/rand/r001/mcs50_r001_s100.B04
Reading graphs...
100 : 124
100 : 124
Initializing...
maxdom : 8
D->valSize : 359
Solving...
Blb : 3 (clique : 41)
currentSize : 41 <-- 0.006218 s
currentSize : 42 <-- 0.006692 s
currentSize : 43 <-- 0.008377 s
currentSize : 44 <-- 0.233649 s
currentSize : 45 <-- 1.866279 s
currentSize : 46 <-- 68.948212 s
currentSize : 47 <-- 350.831299 s

TIMEOUT
maxsize : 47
nodes : 207145894.000000
filtered : 810088464.000000
time : 1000.000061
