Parameters: GAD=1 vflib=1 dir=1 label=1 lowerbound=1 fileNameGp=../../cp2016-max-common-connected-subgraph-paper/datasets/graphsdb/mcs50/m2D/m2Dr4/mcs50_m2Dr4_s50.A07 fileNameGt=../../cp2016-max-common-connected-subgraph-paper/datasets/graphsdb/mcs50/m2D/m2Dr4/mcs50_m2Dr4_s50.B07
Reading graphs...
50 : 105
50 : 105
Initializing...
maxdom : 11
D->valSize : 342
Solving...
Blb : 2 (clique : 19)
currentSize : 19 <-- 0.002506 s
currentSize : 20 <-- 0.003588 s
currentSize : 21 <-- 0.314989 s
currentSize : 22 <-- 0.463034 s
currentSize : 23 <-- 10.193221 s
currentSize : 24 <-- 10.237080 s
currentSize : 25 <-- 10.442140 s
currentSize : 26 <-- 20.801392 s
currentSize : 27 <-- 24.665997 s

maxsize : 27
nodes : 6798590.000000
filtered : 95512388.000000
time : 32.650078
