Parameters: GAD=1 vflib=1 dir=1 label=1 lowerbound=1 fileNameGp=../../cp2016-max-common-connected-subgraph-paper/datasets/graphsdb/mcs50/m2D/m2Dr4/mcs50_m2Dr4_s80.A06 fileNameGt=../../cp2016-max-common-connected-subgraph-paper/datasets/graphsdb/mcs50/m2D/m2Dr4/mcs50_m2Dr4_s80.B06
Reading graphs...
80 : 174
80 : 174
Initializing...
maxdom : 11
D->valSize : 474
Solving...
Blb : 5 (clique : 26)
currentSize : 26 <-- 0.007869 s
currentSize : 27 <-- 0.051214 s
currentSize : 28 <-- 0.779842 s
currentSize : 29 <-- 14.093452 s
currentSize : 30 <-- 14.145942 s
currentSize : 31 <-- 35.072464 s
currentSize : 32 <-- 254.699738 s
currentSize : 33 <-- 319.699982 s
currentSize : 34 <-- 357.887604 s

TIMEOUT
maxsize : 34
nodes : 174769235.000000
filtered : 1721922228.000000
time : 1000.000000
