Parameters: GAD=1 vflib=1 dir=1 label=1 lowerbound=1 fileNameGp=../../cp2016-max-common-connected-subgraph-paper/datasets/graphsdb/mcs50/bvg/b09m/mcs50_b09m_s60.A06 fileNameGt=../../cp2016-max-common-connected-subgraph-paper/datasets/graphsdb/mcs50/bvg/b09m/mcs50_b09m_s60.B06
Reading graphs...
60 : 270
60 : 270
Initializing...
maxdom : 8
D->valSize : 259
Solving...
Blb : 2 (clique : 16)
currentSize : 16 <-- 0.001697 s
currentSize : 17 <-- 0.002078 s
currentSize : 18 <-- 0.002165 s
currentSize : 19 <-- 0.513995 s
currentSize : 20 <-- 0.514119 s
currentSize : 21 <-- 0.514152 s
currentSize : 22 <-- 0.543196 s
currentSize : 26 <-- 1.137161 s
currentSize : 28 <-- 1.137423 s
currentSize : 31 <-- 1.138864 s

maxsize : 31
nodes : 281056.000000
filtered : 2875199.000000
time : 1.303272
