Parameters: GAD=1 vflib=1 dir=1 label=1 lowerbound=1 fileNameGp=../../cp2016-max-common-connected-subgraph-paper/datasets/graphsdb/mcs50/bvg/b06/mcs50_b06_s60.A01 fileNameGt=../../cp2016-max-common-connected-subgraph-paper/datasets/graphsdb/mcs50/bvg/b06/mcs50_b06_s60.B01
Reading graphs...
60 : 180
60 : 180
Initializing...
maxdom : 7
D->valSize : 253
Solving...
Blb : 2 (clique : 21)
currentSize : 21 <-- 0.001690 s
currentSize : 22 <-- 0.014586 s
currentSize : 23 <-- 0.256577 s
currentSize : 24 <-- 0.256640 s
currentSize : 25 <-- 0.257164 s
currentSize : 26 <-- 0.257517 s
currentSize : 27 <-- 0.257617 s
currentSize : 28 <-- 0.258132 s
currentSize : 29 <-- 0.258234 s
currentSize : 30 <-- 0.575422 s
currentSize : 31 <-- 1.934736 s

maxsize : 31
nodes : 867673.000000
filtered : 4798385.000000
time : 3.668078
