Parameters: GAD=1 vflib=1 dir=1 label=1 lowerbound=1 fileNameGp=../../cp2016-max-common-connected-subgraph-paper/datasets/graphsdb/mcs50/rand/r01/mcs50_r01_s90.A05 fileNameGt=../../cp2016-max-common-connected-subgraph-paper/datasets/graphsdb/mcs50/rand/r01/mcs50_r01_s90.B05
Reading graphs...
90 : 800
90 : 800
Initializing...
maxdom : 9
D->valSize : 538
Solving...
Blb : 2 (clique : 15)
currentSize : 15 <-- 0.005645 s
currentSize : 16 <-- 0.040675 s
currentSize : 17 <-- 0.147033 s
currentSize : 18 <-- 0.221689 s
currentSize : 19 <-- 0.246649 s
currentSize : 20 <-- 0.253142 s
currentSize : 21 <-- 0.264309 s
currentSize : 22 <-- 0.264809 s
currentSize : 24 <-- 0.380979 s
currentSize : 26 <-- 0.382032 s
currentSize : 28 <-- 0.559753 s
currentSize : 34 <-- 0.559896 s
currentSize : 36 <-- 1.087874 s
currentSize : 45 <-- 1.274974 s

maxsize : 45
nodes : 217259.000000
filtered : 4250476.000000
time : 1.645302
