Parameters: GAD=1 vflib=1 dir=1 label=1 lowerbound=1 fileNameGp=../../cp2016-max-common-connected-subgraph-paper/datasets/graphsdb/mcs50/m2D/m2D/mcs50_m2D_s90.A04 fileNameGt=../../cp2016-max-common-connected-subgraph-paper/datasets/graphsdb/mcs50/m2D/m2D/mcs50_m2D_s90.B04
Reading graphs...
90 : 161
90 : 161
Initializing...
maxdom : 9
D->valSize : 542
Solving...
Blb : 2 (clique : 42)
currentSize : 42 <-- 0.010705 s
currentSize : 43 <-- 0.011633 s
currentSize : 44 <-- 0.051082 s
currentSize : 46 <-- 0.143419 s
currentSize : 48 <-- 0.158688 s
currentSize : 49 <-- 67.469887 s
currentSize : 50 <-- 67.470642 s
currentSize : 51 <-- 67.483963 s
currentSize : 52 <-- 68.174141 s
currentSize : 53 <-- 68.178108 s

TIMEOUT
maxsize : 53
nodes : 188472722.000000
filtered : 1057898709.000000
time : 1000.000061
