Parameters: GAD=1 vflib=1 dir=1 label=1 lowerbound=1 fileNameGp=../../cp2016-max-common-connected-subgraph-paper/datasets/graphsdb/mcs50/m3D/m3Dr2/mcs50_m3Dr2_s60.A07 fileNameGt=../../cp2016-max-common-connected-subgraph-paper/datasets/graphsdb/mcs50/m3D/m3Dr2/mcs50_m3Dr2_s60.B07
Reading graphs...
60 : 146
60 : 146
Initializing...
maxdom : 7
D->valSize : 234
Solving...
Blb : 2 (clique : 19)
currentSize : 19 <-- 0.001556 s
currentSize : 22 <-- 0.002109 s
currentSize : 23 <-- 0.040986 s
currentSize : 24 <-- 0.059849 s
currentSize : 25 <-- 0.060497 s
currentSize : 27 <-- 0.073233 s
currentSize : 29 <-- 4.023339 s
currentSize : 30 <-- 4.182671 s

maxsize : 30
nodes : 1756479.000000
filtered : 11963702.000000
time : 7.608557
