Parameters: GAD=1 vflib=1 dir=1 label=1 lowerbound=1 fileNameGp=../../cp2016-max-common-connected-subgraph-paper/datasets/graphsdb/mcs50/m2D/m2Dr4/mcs50_m2Dr4_s60.A05 fileNameGt=../../cp2016-max-common-connected-subgraph-paper/datasets/graphsdb/mcs50/m2D/m2Dr4/mcs50_m2Dr4_s60.B05
Reading graphs...
60 : 128
60 : 125
Initializing...
maxdom : 7
D->valSize : 231
Solving...
Blb : 2 (clique : 22)
currentSize : 22 <-- 0.001696 s
currentSize : 23 <-- 0.001997 s
currentSize : 24 <-- 0.038293 s
currentSize : 25 <-- 0.344525 s
currentSize : 26 <-- 1.636911 s
currentSize : 27 <-- 10.243441 s
currentSize : 28 <-- 10.244129 s
currentSize : 29 <-- 25.529224 s

maxsize : 29
nodes : 6979455.000000
filtered : 47777998.000000
time : 31.373728
