Parameters: GAD=1 vflib=1 dir=1 label=1 lowerbound=1 fileNameGp=../../cp2016-max-common-connected-subgraph-paper/datasets/graphsdb/mcs50/m2D/m2Dr2/mcs50_m2Dr2_s70.A08 fileNameGt=../../cp2016-max-common-connected-subgraph-paper/datasets/graphsdb/mcs50/m2D/m2Dr2/mcs50_m2Dr2_s70.B08
Reading graphs...
70 : 137
70 : 137
Initializing...
maxdom : 6
D->valSize : 318
Solving...
Blb : 2 (clique : 35)
currentSize : 35 <-- 0.002621 s
currentSize : 36 <-- 0.004659 s
currentSize : 37 <-- 0.015466 s
currentSize : 38 <-- 0.015777 s
currentSize : 39 <-- 0.086109 s
currentSize : 40 <-- 0.087317 s

maxsize : 40
nodes : 38616057.000000
filtered : 270550155.000000
time : 184.564774
