Parameters: GAD=1 vflib=1 dir=1 label=1 lowerbound=1 fileNameGp=../../cp2016-max-common-connected-subgraph-paper/datasets/graphsdb/mcs50/rand/r005/mcs50_r005_s90.A00 fileNameGt=../../cp2016-max-common-connected-subgraph-paper/datasets/graphsdb/mcs50/rand/r005/mcs50_r005_s90.B00
Reading graphs...
90 : 399
90 : 399
Initializing...
maxdom : 10
D->valSize : 582
Solving...
Blb : 2 (clique : 26)
currentSize : 26 <-- 0.006902 s
currentSize : 27 <-- 0.322876 s
currentSize : 28 <-- 0.919147 s
currentSize : 29 <-- 0.929953 s
currentSize : 30 <-- 1.707351 s
currentSize : 31 <-- 1.707857 s
currentSize : 32 <-- 139.394897 s
currentSize : 35 <-- 190.060806 s
currentSize : 39 <-- 274.387360 s
currentSize : 41 <-- 311.682312 s
currentSize : 42 <-- 420.190613 s
currentSize : 45 <-- 420.190765 s

maxsize : 45
nodes : 81395736.000000
filtered : 1372537289.000000
time : 578.510437
