Parameters: GAD=1 vflib=1 dir=1 label=1 lowerbound=1 fileNameGp=../../cp2016-max-common-connected-subgraph-paper/datasets/graphsdb/mcs50/bvg/b03/mcs50_b03_s100.A06 fileNameGt=../../cp2016-max-common-connected-subgraph-paper/datasets/graphsdb/mcs50/bvg/b03/mcs50_b03_s100.B06
Reading graphs...
100 : 150
100 : 150
Initializing...
maxdom : 7
D->valSize : 380
Solving...
Blb : 2 (clique : 43)
currentSize : 43 <-- 0.006678 s
currentSize : 44 <-- 0.515079 s
currentSize : 45 <-- 5.512923 s
currentSize : 46 <-- 10.281135 s
currentSize : 47 <-- 42.049068 s
currentSize : 48 <-- 42.056442 s
currentSize : 50 <-- 43.182739 s
currentSize : 51 <-- 162.727173 s
currentSize : 52 <-- 174.116119 s
currentSize : 53 <-- 174.116196 s

TIMEOUT
maxsize : 53
nodes : 206548887.000000
filtered : 544072484.000000
time : 1000.000061
