Parameters: GAD=1 vflib=1 dir=1 label=1 lowerbound=1 fileNameGp=../../cp2016-max-common-connected-subgraph-paper/datasets/graphsdb/mcs50/m3D/m3Dr2/mcs50_m3Dr2_s60.A04 fileNameGt=../../cp2016-max-common-connected-subgraph-paper/datasets/graphsdb/mcs50/m3D/m3Dr2/mcs50_m3Dr2_s60.B04
Reading graphs...
60 : 146
60 : 146
Initializing...
maxdom : 8
D->valSize : 256
Solving...
Blb : 2 (clique : 19)
currentSize : 19 <-- 0.001866 s
currentSize : 22 <-- 0.002052 s
currentSize : 23 <-- 0.005171 s
currentSize : 24 <-- 0.318387 s
currentSize : 25 <-- 0.975733 s
currentSize : 26 <-- 8.570093 s
currentSize : 28 <-- 9.181189 s

maxsize : 28
nodes : 5083322.000000
filtered : 32351575.000000
time : 21.657761
