Parameters: GAD=1 vflib=1 dir=1 label=1 lowerbound=1 fileNameGp=../../cp2016-max-common-connected-subgraph-paper/datasets/graphsdb/mcs50/bvg/b06m/mcs50_b06m_s50.A08 fileNameGt=../../cp2016-max-common-connected-subgraph-paper/datasets/graphsdb/mcs50/bvg/b06m/mcs50_b06m_s50.B08
Reading graphs...
50 : 150
50 : 150
Initializing...
maxdom : 10
D->valSize : 354
Solving...
Blb : 2 (clique : 15)
currentSize : 15 <-- 0.002497 s
currentSize : 16 <-- 0.002705 s
currentSize : 17 <-- 0.020263 s
currentSize : 18 <-- 0.034802 s
currentSize : 19 <-- 0.274167 s
currentSize : 20 <-- 0.414455 s
currentSize : 21 <-- 0.584426 s
currentSize : 22 <-- 0.705699 s
currentSize : 23 <-- 1.688874 s
currentSize : 24 <-- 1.772075 s
currentSize : 25 <-- 1.772232 s
currentSize : 26 <-- 2.018755 s

maxsize : 26
nodes : 737721.000000
filtered : 11193868.000000
time : 3.549205
