Parameters: GAD=1 vflib=1 dir=1 label=1 lowerbound=1 fileNameGp=../../cp2016-max-common-connected-subgraph-paper/datasets/graphsdb/mcs50/m2D/m2Dr6/mcs50_m2Dr6_s100.A07 fileNameGt=../../cp2016-max-common-connected-subgraph-paper/datasets/graphsdb/mcs50/m2D/m2Dr6/mcs50_m2Dr6_s100.B07
Reading graphs...
100 : 240
100 : 238
Initializing...
maxdom : 7
D->valSize : 349
Solving...
Blb : 2 (clique : 31)
currentSize : 31 <-- 0.003580 s
currentSize : 32 <-- 2.771666 s
currentSize : 33 <-- 4.036182 s
currentSize : 34 <-- 4.535038 s
currentSize : 35 <-- 8.056497 s
currentSize : 36 <-- 20.079302 s
currentSize : 37 <-- 118.326530 s
currentSize : 38 <-- 118.332237 s
currentSize : 39 <-- 234.595062 s
currentSize : 40 <-- 234.598312 s

TIMEOUT
maxsize : 40
nodes : 180827153.000000
filtered : 948294713.000000
time : 1000.000061
