Parameters: GAD=1 vflib=1 dir=1 label=1 lowerbound=1 fileNameGp=../../cp2016-max-common-connected-subgraph-paper/datasets/graphsdb/mcs50/m2D/m2Dr4/mcs50_m2Dr4_s100.A05 fileNameGt=../../cp2016-max-common-connected-subgraph-paper/datasets/graphsdb/mcs50/m2D/m2Dr4/mcs50_m2Dr4_s100.B05
Reading graphs...
100 : 220
100 : 219
Initializing...
maxdom : 6
D->valSize : 344
Solving...
Blb : 5 (clique : 31)
currentSize : 31 <-- 0.003376 s
currentSize : 32 <-- 0.064640 s
currentSize : 33 <-- 0.065229 s
currentSize : 34 <-- 0.103154 s
currentSize : 36 <-- 0.115437 s
currentSize : 37 <-- 27.628922 s
currentSize : 38 <-- 29.162413 s
currentSize : 39 <-- 37.735023 s
currentSize : 40 <-- 50.727829 s
currentSize : 41 <-- 179.935593 s

TIMEOUT
maxsize : 41
nodes : 182285125.000000
filtered : 937830144.000000
time : 1000.000061
