Parameters: GAD=1 vflib=1 dir=1 label=1 lowerbound=1 fileNameGp=../../cp2016-max-common-connected-subgraph-paper/datasets/graphsdb/mcs50/bvg/b06/mcs50_b06_s80.A01 fileNameGt=../../cp2016-max-common-connected-subgraph-paper/datasets/graphsdb/mcs50/bvg/b06/mcs50_b06_s80.B01
Reading graphs...
80 : 240
80 : 240
Initializing...
maxdom : 11
D->valSize : 472
Solving...
Blb : 3 (clique : 28)
currentSize : 28 <-- 0.004789 s
currentSize : 29 <-- 1.693871 s
currentSize : 33 <-- 1.781842 s
currentSize : 35 <-- 1.782308 s
currentSize : 37 <-- 517.957764 s
currentSize : 39 <-- 684.708008 s
currentSize : 40 <-- 735.809509 s
currentSize : 41 <-- 894.219055 s

TIMEOUT
maxsize : 41
nodes : 188215826.000000
filtered : 1778026946.000000
time : 1000.000061
