Parameters: GAD=1 vflib=1 dir=1 label=1 lowerbound=1 fileNameGp=../../cp2016-max-common-connected-subgraph-paper/datasets/graphsdb/mcs50/m3D/m3Dr2/mcs50_m3Dr2_s60.A05 fileNameGt=../../cp2016-max-common-connected-subgraph-paper/datasets/graphsdb/mcs50/m3D/m3Dr2/mcs50_m3Dr2_s60.B05
Reading graphs...
60 : 146
60 : 146
Initializing...
maxdom : 7
D->valSize : 258
Solving...
Blb : 5 (clique : 20)
currentSize : 20 <-- 0.001782 s
currentSize : 21 <-- 0.006963 s
currentSize : 22 <-- 0.121785 s
currentSize : 23 <-- 3.309918 s
currentSize : 24 <-- 3.407543 s
currentSize : 25 <-- 7.349674 s
currentSize : 26 <-- 15.402871 s
currentSize : 27 <-- 15.405869 s
currentSize : 28 <-- 59.341400 s

maxsize : 28
nodes : 16357923.000000
filtered : 110129732.000000
time : 72.253052
