Parameters: GAD=1 vflib=1 dir=1 label=1 lowerbound=1 fileNameGp=../../cp2016-max-common-connected-subgraph-paper/datasets/graphsdb/mcs50/bvg/b06m/mcs50_b06m_s40.A02 fileNameGt=../../cp2016-max-common-connected-subgraph-paper/datasets/graphsdb/mcs50/bvg/b06m/mcs50_b06m_s40.B02
Reading graphs...
40 : 120
40 : 120
Initializing...
maxdom : 11
D->valSize : 219
Solving...
Blb : 5 (clique : 11)
currentSize : 11 <-- 0.001353 s
currentSize : 12 <-- 0.002458 s
currentSize : 13 <-- 0.015597 s
currentSize : 14 <-- 0.070254 s
currentSize : 15 <-- 0.070318 s
currentSize : 16 <-- 0.122394 s
currentSize : 18 <-- 0.195069 s
currentSize : 19 <-- 0.195165 s
currentSize : 20 <-- 0.202344 s
currentSize : 21 <-- 0.202454 s
currentSize : 22 <-- 0.202562 s

maxsize : 22
nodes : 51631.000000
filtered : 569025.000000
time : 0.219673
