Parameters: GAD=1 vflib=1 dir=1 label=1 lowerbound=1 fileNameGp=../../cp2016-max-common-connected-subgraph-paper/datasets/graphsdb/mcs50/bvg/b06/mcs50_b06_s80.A00 fileNameGt=../../cp2016-max-common-connected-subgraph-paper/datasets/graphsdb/mcs50/bvg/b06/mcs50_b06_s80.B00
Reading graphs...
80 : 240
80 : 240
Initializing...
maxdom : 8
D->valSize : 392
Solving...
Blb : 2 (clique : 32)
currentSize : 32 <-- 0.003553 s
currentSize : 33 <-- 0.003792 s
currentSize : 34 <-- 0.004153 s
currentSize : 35 <-- 20.503033 s
currentSize : 36 <-- 20.573467 s
currentSize : 37 <-- 92.659393 s
currentSize : 38 <-- 92.659569 s
currentSize : 39 <-- 92.661949 s
currentSize : 40 <-- 92.696564 s
currentSize : 41 <-- 212.798447 s

maxsize : 41
nodes : 54987731.000000
filtered : 497730448.000000
time : 312.673981
