Parameters: GAD=1 vflib=1 dir=1 label=1 lowerbound=1 fileNameGp=../../cp2016-max-common-connected-subgraph-paper/datasets/graphsdb/mcs50/bvg/b06/mcs50_b06_s90.A02 fileNameGt=../../cp2016-max-common-connected-subgraph-paper/datasets/graphsdb/mcs50/bvg/b06/mcs50_b06_s90.B02
Reading graphs...
90 : 270
90 : 270
Initializing...
maxdom : 10
D->valSize : 539
Solving...
Blb : 2 (clique : 32)
currentSize : 32 <-- 0.009971 s
currentSize : 33 <-- 0.010431 s
currentSize : 34 <-- 0.010671 s
currentSize : 35 <-- 0.026569 s
currentSize : 36 <-- 0.053454 s
currentSize : 37 <-- 0.077573 s
currentSize : 40 <-- 0.773603 s
currentSize : 43 <-- 0.773689 s
currentSize : 45 <-- 0.816848 s

TIMEOUT
maxsize : 45
nodes : 197596786.000000
filtered : 995688109.000000
time : 1000.000061
