Parameters: GAD=1 vflib=1 dir=1 label=1 lowerbound=1 fileNameGp=../../cp2016-max-common-connected-subgraph-paper/datasets/graphsdb/mcs50/rand/r02/mcs50_r02_s90.A00 fileNameGt=../../cp2016-max-common-connected-subgraph-paper/datasets/graphsdb/mcs50/rand/r02/mcs50_r02_s90.B00
Reading graphs...
90 : 1601
90 : 1601
Initializing...
maxdom : 13
D->valSize : 606
Solving...
Blb : 2 (clique : 9)
currentSize : 9 <-- 0.006524 s
currentSize : 11 <-- 0.007340 s
currentSize : 13 <-- 0.009924 s
currentSize : 23 <-- 0.019079 s
currentSize : 25 <-- 0.040342 s
currentSize : 28 <-- 0.057784 s
currentSize : 31 <-- 0.071833 s
currentSize : 32 <-- 0.075499 s
currentSize : 45 <-- 0.079039 s

maxsize : 45
nodes : 11193.000000
filtered : 393113.000000
time : 0.093750
