Parameters: GAD=1 vflib=1 dir=1 label=1 lowerbound=1 fileNameGp=../../cp2016-max-common-connected-subgraph-paper/datasets/graphsdb/mcs50/m2D/m2D/mcs50_m2D_s80.A05 fileNameGt=../../cp2016-max-common-connected-subgraph-paper/datasets/graphsdb/mcs50/m2D/m2D/mcs50_m2D_s80.B05
Reading graphs...
80 : 142
80 : 142
Initializing...
maxdom : 8
D->valSize : 421
Solving...
Blb : 2 (clique : 35)
currentSize : 35 <-- 0.004125 s
currentSize : 36 <-- 0.004407 s
currentSize : 37 <-- 0.006594 s
currentSize : 38 <-- 50.986050 s
currentSize : 39 <-- 52.473469 s
currentSize : 40 <-- 87.989502 s

TIMEOUT
maxsize : 40
nodes : 198986619.000000
filtered : 1291878604.000000
time : 1000.000000
