Parameters: GAD=1 vflib=1 dir=1 label=1 lowerbound=1 fileNameGp=../../cp2016-max-common-connected-subgraph-paper/datasets/graphsdb/mcs50/bvg/b09m/mcs50_b09m_s90.A04 fileNameGt=../../cp2016-max-common-connected-subgraph-paper/datasets/graphsdb/mcs50/bvg/b09m/mcs50_b09m_s90.B04
Reading graphs...
90 : 405
90 : 405
Initializing...
maxdom : 11
D->valSize : 487
Solving...
Blb : 2 (clique : 21)
currentSize : 21 <-- 0.005053 s
currentSize : 22 <-- 0.108665 s
currentSize : 23 <-- 0.109546 s
currentSize : 24 <-- 0.113112 s
currentSize : 25 <-- 0.113289 s
currentSize : 26 <-- 0.807488 s
currentSize : 27 <-- 1.082249 s
currentSize : 28 <-- 1.082383 s
currentSize : 29 <-- 1.082643 s
currentSize : 31 <-- 1.353810 s
currentSize : 33 <-- 12.027260 s
currentSize : 34 <-- 65.248276 s
currentSize : 40 <-- 416.745605 s
currentSize : 41 <-- 416.746155 s
currentSize : 43 <-- 416.772034 s
currentSize : 44 <-- 416.773773 s

maxsize : 44
nodes : 96028342.000000
filtered : 984694374.000000
time : 560.621338
