Parameters: GAD=1 vflib=1 dir=1 label=1 lowerbound=1 fileNameGp=../../cp2016-max-common-connected-subgraph-paper/datasets/graphsdb/mcs50/bvg/b06/mcs50_b06_s60.A08 fileNameGt=../../cp2016-max-common-connected-subgraph-paper/datasets/graphsdb/mcs50/bvg/b06/mcs50_b06_s60.B08
Reading graphs...
60 : 180
60 : 180
Initializing...
maxdom : 8
D->valSize : 238
Solving...
Blb : 3 (clique : 21)
currentSize : 21 <-- 0.002446 s
currentSize : 22 <-- 0.048925 s
currentSize : 23 <-- 0.253868 s
currentSize : 24 <-- 0.256131 s
currentSize : 27 <-- 1.560221 s
currentSize : 29 <-- 1.560269 s
currentSize : 30 <-- 4.168445 s

maxsize : 30
nodes : 1292226.000000
filtered : 8607112.000000
time : 5.719434
