Parameters: GAD=1 vflib=1 dir=1 label=1 lowerbound=1 fileNameGp=../../cp2016-max-common-connected-subgraph-paper/datasets/graphsdb/mcs50/bvg/b06m/mcs50_b06m_s80.A06 fileNameGt=../../cp2016-max-common-connected-subgraph-paper/datasets/graphsdb/mcs50/bvg/b06m/mcs50_b06m_s80.B06
Reading graphs...
80 : 240
80 : 240
Initializing...
maxdom : 8
D->valSize : 419
Solving...
Blb : 2 (clique : 27)
currentSize : 27 <-- 0.004024 s
currentSize : 28 <-- 0.004266 s
currentSize : 29 <-- 0.004520 s
currentSize : 30 <-- 0.005165 s
currentSize : 32 <-- 0.008038 s
currentSize : 33 <-- 0.025816 s
currentSize : 34 <-- 0.054082 s
currentSize : 36 <-- 0.071593 s
currentSize : 38 <-- 0.830962 s
currentSize : 41 <-- 2.035429 s
currentSize : 42 <-- 25.691175 s

maxsize : 42
nodes : 47589079.000000
filtered : 374818057.000000
time : 261.893005
