Parameters: GAD=1 vflib=1 dir=1 label=1 lowerbound=1 fileNameGp=../../cp2016-max-common-connected-subgraph-paper/datasets/graphsdb/mcs50/bvg/b06m/mcs50_b06m_s100.A07 fileNameGt=../../cp2016-max-common-connected-subgraph-paper/datasets/graphsdb/mcs50/bvg/b06m/mcs50_b06m_s100.B07
Reading graphs...
100 : 300
100 : 300
Initializing...
maxdom : 7
D->valSize : 344
Solving...
Blb : 2 (clique : 26)
currentSize : 26 <-- 0.005378 s
currentSize : 28 <-- 0.005779 s
currentSize : 30 <-- 0.046024 s
currentSize : 31 <-- 0.158700 s
currentSize : 33 <-- 0.409443 s
currentSize : 34 <-- 0.409599 s
currentSize : 35 <-- 0.409906 s
currentSize : 36 <-- 1.731312 s
currentSize : 37 <-- 1.731398 s
currentSize : 38 <-- 7.069553 s

TIMEOUT
maxsize : 38
nodes : 183535901.000000
filtered : 1036620566.000000
time : 1000.000061
