Parameters: GAD=1 vflib=1 dir=1 label=1 lowerbound=1 fileNameGp=../../cp2016-max-common-connected-subgraph-paper/datasets/graphsdb/mcs50/m2D/m2Dr6/mcs50_m2Dr6_s80.A09 fileNameGt=../../cp2016-max-common-connected-subgraph-paper/datasets/graphsdb/mcs50/m2D/m2Dr6/mcs50_m2Dr6_s80.B09
Reading graphs...
80 : 190
80 : 189
Initializing...
maxdom : 7
D->valSize : 406
Solving...
Blb : 2 (clique : 25)
currentSize : 25 <-- 0.006458 s
currentSize : 27 <-- 0.006732 s
currentSize : 28 <-- 0.007224 s
currentSize : 29 <-- 0.007329 s
currentSize : 30 <-- 86.430763 s
currentSize : 31 <-- 336.749695 s
currentSize : 32 <-- 365.286591 s
currentSize : 33 <-- 367.305664 s
currentSize : 34 <-- 480.303802 s
currentSize : 35 <-- 480.632324 s

TIMEOUT
maxsize : 35
nodes : 192273199.000000
filtered : 1616069257.000000
time : 1000.000000
