Parameters: GAD=1 vflib=1 dir=1 label=1 lowerbound=1 fileNameGp=../../cp2016-max-common-connected-subgraph-paper/datasets/graphsdb/mcs50/rand/r005/mcs50_r005_s50.A09 fileNameGt=../../cp2016-max-common-connected-subgraph-paper/datasets/graphsdb/mcs50/rand/r005/mcs50_r005_s50.B09
Reading graphs...
50 : 121
50 : 121
Initializing...
maxdom : 9
D->valSize : 312
Solving...
Blb : 3 (clique : 19)
currentSize : 19 <-- 0.002166 s
currentSize : 20 <-- 0.002386 s
currentSize : 21 <-- 0.002448 s
currentSize : 22 <-- 0.006394 s
currentSize : 23 <-- 0.006468 s
currentSize : 24 <-- 0.006955 s
currentSize : 25 <-- 0.007068 s

maxsize : 25
nodes : 724712.000000
filtered : 11092677.000000
time : 3.974295
