Parameters: GAD=1 vflib=1 dir=1 label=1 lowerbound=1 fileNameGp=../../cp2016-max-common-connected-subgraph-paper/datasets/graphsdb/mcs50/bvg/b03/mcs50_b03_s70.A01 fileNameGt=../../cp2016-max-common-connected-subgraph-paper/datasets/graphsdb/mcs50/bvg/b03/mcs50_b03_s70.B01
Reading graphs...
70 : 105
70 : 105
Initializing...
maxdom : 9
D->valSize : 305
Solving...
Blb : 3 (clique : 27)
currentSize : 27 <-- 0.002439 s
currentSize : 28 <-- 0.005275 s
currentSize : 29 <-- 0.005482 s
currentSize : 30 <-- 0.025995 s
currentSize : 31 <-- 0.084548 s
currentSize : 32 <-- 2.962925 s
currentSize : 33 <-- 2.963119 s
currentSize : 34 <-- 8.498923 s
currentSize : 35 <-- 57.193176 s
currentSize : 36 <-- 113.332298 s
currentSize : 37 <-- 115.050697 s

maxsize : 37
nodes : 35481527.000000
filtered : 245253326.000000
time : 179.762177
