Parameters: GAD=1 vflib=1 dir=1 label=1 lowerbound=1 fileNameGp=../../cp2016-max-common-connected-subgraph-paper/datasets/graphsdb/mcs50/m2D/m2Dr6/mcs50_m2Dr6_s100.A06 fileNameGt=../../cp2016-max-common-connected-subgraph-paper/datasets/graphsdb/mcs50/m2D/m2Dr6/mcs50_m2Dr6_s100.B06
Reading graphs...
100 : 240
100 : 239
Initializing...
maxdom : 8
D->valSize : 369
Solving...
Blb : 2 (clique : 30)
currentSize : 30 <-- 0.003830 s
currentSize : 31 <-- 0.004454 s
currentSize : 32 <-- 0.005268 s
currentSize : 33 <-- 2.944447 s
currentSize : 34 <-- 10.431495 s
currentSize : 35 <-- 13.131165 s
currentSize : 36 <-- 13.131502 s
currentSize : 37 <-- 22.268797 s
currentSize : 38 <-- 77.180176 s

TIMEOUT
maxsize : 38
nodes : 187723981.000000
filtered : 999004695.000000
time : 1000.000061
