Parameters: GAD=1 vflib=1 dir=1 label=1 lowerbound=1 fileNameGp=../../cp2016-max-common-connected-subgraph-paper/datasets/graphsdb/mcs50/bvg/b09/mcs50_b09_s100.A09 fileNameGt=../../cp2016-max-common-connected-subgraph-paper/datasets/graphsdb/mcs50/bvg/b09/mcs50_b09_s100.B09
Reading graphs...
100 : 450
100 : 450
Initializing...
maxdom : 10
D->valSize : 396
Solving...
Blb : 3 (clique : 38)
currentSize : 38 <-- 0.006515 s
currentSize : 40 <-- 67.787109 s
currentSize : 46 <-- 69.246552 s
currentSize : 47 <-- 69.246925 s
currentSize : 48 <-- 69.248810 s
currentSize : 49 <-- 328.714691 s
currentSize : 50 <-- 328.716766 s

maxsize : 50
nodes : 117273736.000000
filtered : 618187042.000000
time : 655.869080
