Parameters: GAD=1 vflib=1 dir=1 label=1 lowerbound=1 fileNameGp=../../cp2016-max-common-connected-subgraph-paper/datasets/graphsdb/mcs50/bvg/b06/mcs50_b06_s60.A07 fileNameGt=../../cp2016-max-common-connected-subgraph-paper/datasets/graphsdb/mcs50/bvg/b06/mcs50_b06_s60.B07
Reading graphs...
60 : 180
60 : 180
Initializing...
maxdom : 6
D->valSize : 262
Solving...
Blb : 5 (clique : 18)
currentSize : 18 <-- 0.001807 s
currentSize : 19 <-- 0.195758 s
currentSize : 20 <-- 0.195848 s
currentSize : 21 <-- 0.842383 s
currentSize : 22 <-- 1.036025 s
currentSize : 23 <-- 1.048092 s
currentSize : 24 <-- 1.048968 s
currentSize : 26 <-- 1.351843 s
currentSize : 29 <-- 1.360729 s
currentSize : 30 <-- 1.361139 s

maxsize : 30
nodes : 570918.000000
filtered : 3809315.000000
time : 2.487694
