Parameters: GAD=1 vflib=1 dir=1 label=1 lowerbound=1 fileNameGp=../../cp2016-max-common-connected-subgraph-paper/datasets/graphsdb/mcs50/rand/r005/mcs50_r005_s90.A01 fileNameGt=../../cp2016-max-common-connected-subgraph-paper/datasets/graphsdb/mcs50/rand/r005/mcs50_r005_s90.B01
Reading graphs...
90 : 399
90 : 399
Initializing...
maxdom : 9
D->valSize : 539
Solving...
Blb : 2 (clique : 20)
currentSize : 20 <-- 0.006011 s
currentSize : 21 <-- 0.006191 s
currentSize : 22 <-- 0.006246 s
currentSize : 23 <-- 0.006435 s
currentSize : 24 <-- 0.014167 s
currentSize : 25 <-- 0.057711 s
currentSize : 26 <-- 6.177820 s
currentSize : 27 <-- 6.178038 s
currentSize : 28 <-- 11.232084 s
currentSize : 29 <-- 27.244593 s
currentSize : 30 <-- 27.377502 s
currentSize : 31 <-- 27.389412 s
currentSize : 32 <-- 27.422188 s
currentSize : 33 <-- 27.444511 s
currentSize : 35 <-- 39.424320 s
currentSize : 37 <-- 91.780869 s
currentSize : 38 <-- 286.849823 s
currentSize : 41 <-- 286.855988 s
currentSize : 42 <-- 362.353088 s
currentSize : 45 <-- 362.353241 s

maxsize : 45
nodes : 73770359.000000
filtered : 1034167206.000000
time : 502.199585
