Parameters: GAD=1 vflib=1 dir=1 label=1 lowerbound=1 fileNameGp=../../cp2016-max-common-connected-subgraph-paper/datasets/graphsdb/mcs50/m2D/m2Dr4/mcs50_m2Dr4_s80.A03 fileNameGt=../../cp2016-max-common-connected-subgraph-paper/datasets/graphsdb/mcs50/m2D/m2Dr4/mcs50_m2Dr4_s80.B03
Reading graphs...
80 : 174
80 : 174
Initializing...
maxdom : 12
D->valSize : 420
Solving...
Blb : 2 (clique : 32)
currentSize : 32 <-- 0.003864 s
currentSize : 33 <-- 10.746691 s
currentSize : 34 <-- 10.751857 s
currentSize : 35 <-- 552.765442 s
currentSize : 36 <-- 552.804626 s
currentSize : 37 <-- 552.820496 s
currentSize : 38 <-- 552.995239 s

TIMEOUT
maxsize : 38
nodes : 163093761.000000
filtered : 1957124642.000000
time : 1000.000000
