Parameters: GAD=1 vflib=1 dir=1 label=1 lowerbound=1 fileNameGp=../../cp2016-max-common-connected-subgraph-paper/datasets/graphsdb/mcs50/bvg/b06m/mcs50_b06m_s90.A07 fileNameGt=../../cp2016-max-common-connected-subgraph-paper/datasets/graphsdb/mcs50/bvg/b06m/mcs50_b06m_s90.B07
Reading graphs...
90 : 270
90 : 270
Initializing...
maxdom : 11
D->valSize : 579
Solving...
Blb : 2 (clique : 35)
currentSize : 35 <-- 0.006909 s
currentSize : 36 <-- 0.007375 s
currentSize : 37 <-- 0.008196 s
currentSize : 38 <-- 0.009223 s
currentSize : 39 <-- 0.009401 s
currentSize : 40 <-- 0.151838 s
currentSize : 41 <-- 0.152656 s
currentSize : 42 <-- 0.273410 s
currentSize : 43 <-- 207.982407 s
currentSize : 44 <-- 405.256989 s
currentSize : 45 <-- 405.302917 s

TIMEOUT
maxsize : 45
nodes : 173455094.000000
filtered : 1376112247.000000
time : 1000.000061
