Parameters: GAD=1 vflib=1 dir=1 label=1 lowerbound=1 fileNameGp=../../cp2016-max-common-connected-subgraph-paper/datasets/graphsdb/mcs50/rand/r005/mcs50_r005_s70.A07 fileNameGt=../../cp2016-max-common-connected-subgraph-paper/datasets/graphsdb/mcs50/rand/r005/mcs50_r005_s70.B07
Reading graphs...
70 : 240
70 : 240
Initializing...
maxdom : 12
D->valSize : 378
Solving...
Blb : 2 (clique : 22)
currentSize : 22 <-- 0.003115 s
currentSize : 26 <-- 0.003272 s
currentSize : 27 <-- 0.003489 s
currentSize : 28 <-- 0.003944 s
currentSize : 29 <-- 0.004018 s
currentSize : 31 <-- 0.004938 s
currentSize : 33 <-- 0.005000 s
currentSize : 34 <-- 1.857214 s
currentSize : 36 <-- 1.857294 s

maxsize : 36
nodes : 680203.000000
filtered : 8728165.000000
time : 3.907369
