Parameters: GAD=1 vflib=1 dir=1 label=1 lowerbound=1 fileNameGp=../../cp2016-max-common-connected-subgraph-paper/datasets/graphsdb/mcs50/m2D/m2D/mcs50_m2D_s50.A01 fileNameGt=../../cp2016-max-common-connected-subgraph-paper/datasets/graphsdb/mcs50/m2D/m2D/mcs50_m2D_s50.B01
Reading graphs...
50 : 85
50 : 85
Initializing...
maxdom : 10
D->valSize : 334
Solving...
Blb : 5 (clique : 21)
currentSize : 21 <-- 0.002566 s
currentSize : 22 <-- 0.431967 s
currentSize : 23 <-- 0.432768 s
currentSize : 24 <-- 11.705298 s
currentSize : 27 <-- 75.788261 s
currentSize : 28 <-- 75.788322 s
currentSize : 29 <-- 77.295532 s

maxsize : 29
nodes : 20466173.000000
filtered : 215221318.000000
time : 89.632111
