Parameters: GAD=1 vflib=1 dir=1 label=1 lowerbound=1 fileNameGp=../../cp2016-max-common-connected-subgraph-paper/datasets/graphsdb/mcs50/rand/r005/mcs50_r005_s100.A07 fileNameGt=../../cp2016-max-common-connected-subgraph-paper/datasets/graphsdb/mcs50/rand/r005/mcs50_r005_s100.B07
Reading graphs...
100 : 494
100 : 494
Initializing...
maxdom : 7
D->valSize : 354
Solving...
Blb : 2 (clique : 26)
currentSize : 26 <-- 0.003367 s
currentSize : 27 <-- 0.003608 s
currentSize : 28 <-- 0.003831 s
currentSize : 29 <-- 0.005917 s
currentSize : 30 <-- 0.006019 s
currentSize : 31 <-- 0.006273 s
currentSize : 32 <-- 0.017301 s
currentSize : 33 <-- 0.289815 s
currentSize : 34 <-- 2.020603 s
currentSize : 36 <-- 2.024953 s
currentSize : 37 <-- 2.357673 s
currentSize : 40 <-- 3.982331 s
currentSize : 41 <-- 3.982653 s
currentSize : 47 <-- 7.944791 s
currentSize : 50 <-- 7.944992 s

maxsize : 50
nodes : 4718197.000000
filtered : 31400159.000000
time : 28.722506
