Parameters: GAD=1 vflib=1 dir=1 label=1 lowerbound=1 fileNameGp=../../cp2016-max-common-connected-subgraph-paper/datasets/graphsdb/mcs50/rand/r02/mcs50_r02_s80.A07 fileNameGt=../../cp2016-max-common-connected-subgraph-paper/datasets/graphsdb/mcs50/rand/r02/mcs50_r02_s80.B07
Reading graphs...
80 : 1263
80 : 1263
Initializing...
maxdom : 11
D->valSize : 397
Solving...
Blb : 2 (clique : 7)
currentSize : 7 <-- 0.004933 s
currentSize : 9 <-- 0.005041 s
currentSize : 10 <-- 0.005730 s
currentSize : 12 <-- 0.005813 s
currentSize : 16 <-- 0.010938 s
currentSize : 17 <-- 0.025275 s
currentSize : 20 <-- 0.028960 s
currentSize : 25 <-- 0.029275 s
currentSize : 40 <-- 0.029767 s

maxsize : 40
nodes : 4188.000000
filtered : 95049.000000
time : 0.044298
