Parameters: GAD=1 vflib=1 dir=1 label=1 lowerbound=1 fileNameGp=../../cp2016-max-common-connected-subgraph-paper/datasets/graphsdb/mcs50/bvg/b06m/mcs50_b06m_s60.A02 fileNameGt=../../cp2016-max-common-connected-subgraph-paper/datasets/graphsdb/mcs50/bvg/b06m/mcs50_b06m_s60.B02
Reading graphs...
60 : 180
60 : 180
Initializing...
maxdom : 6
D->valSize : 256
Solving...
Blb : 5 (clique : 22)
currentSize : 22 <-- 0.001818 s
currentSize : 23 <-- 0.002172 s
currentSize : 24 <-- 0.002901 s
currentSize : 25 <-- 0.008824 s
currentSize : 26 <-- 0.008941 s
currentSize : 27 <-- 0.363181 s
currentSize : 29 <-- 1.460726 s
currentSize : 30 <-- 1.460797 s

maxsize : 30
nodes : 2415391.000000
filtered : 8260521.000000
time : 8.900722
