Parameters: GAD=1 vflib=1 dir=1 label=1 lowerbound=1 fileNameGp=../../cp2016-max-common-connected-subgraph-paper/datasets/graphsdb/mcs50/bvg/b06m/mcs50_b06m_s50.A06 fileNameGt=../../cp2016-max-common-connected-subgraph-paper/datasets/graphsdb/mcs50/bvg/b06m/mcs50_b06m_s50.B06
Reading graphs...
50 : 150
50 : 150
Initializing...
maxdom : 9
D->valSize : 314
Solving...
Blb : 2 (clique : 14)
currentSize : 14 <-- 0.002209 s
currentSize : 15 <-- 0.002383 s
currentSize : 16 <-- 0.020769 s
currentSize : 17 <-- 0.020803 s
currentSize : 18 <-- 0.032304 s
currentSize : 19 <-- 0.057593 s
currentSize : 20 <-- 1.324699 s
currentSize : 21 <-- 1.416504 s
currentSize : 22 <-- 1.416569 s
currentSize : 24 <-- 1.847982 s
currentSize : 25 <-- 2.806084 s

maxsize : 25
nodes : 1039284.000000
filtered : 13654246.000000
time : 4.788120
