Parameters: GAD=1 vflib=1 dir=1 label=1 lowerbound=1 fileNameGp=../../cp2016-max-common-connected-subgraph-paper/datasets/graphsdb/mcs50/m2D/m2Dr2/mcs50_m2Dr2_s70.A07 fileNameGt=../../cp2016-max-common-connected-subgraph-paper/datasets/graphsdb/mcs50/m2D/m2Dr2/mcs50_m2Dr2_s70.B07
Reading graphs...
70 : 137
70 : 137
Initializing...
maxdom : 11
D->valSize : 337
Solving...
Blb : 3 (clique : 23)
currentSize : 23 <-- 0.002776 s
currentSize : 24 <-- 0.121790 s
currentSize : 25 <-- 0.746139 s
currentSize : 26 <-- 1.425022 s
currentSize : 27 <-- 33.454060 s
currentSize : 28 <-- 33.454170 s
currentSize : 29 <-- 84.920967 s
currentSize : 30 <-- 85.156113 s
currentSize : 31 <-- 104.278320 s
currentSize : 32 <-- 134.692902 s
currentSize : 33 <-- 134.695740 s
currentSize : 34 <-- 136.821793 s
currentSize : 35 <-- 158.657776 s
currentSize : 36 <-- 170.984497 s
currentSize : 37 <-- 175.516037 s
currentSize : 38 <-- 175.516403 s

maxsize : 38
nodes : 57266547.000000
filtered : 350152317.000000
time : 254.176254
