Parameters: GAD=1 vflib=1 dir=1 label=1 lowerbound=1 fileNameGp=../../cp2016-max-common-connected-subgraph-paper/datasets/graphsdb/mcs50/m3D/m3Dr6/mcs50_m3Dr6_s50.A04 fileNameGt=../../cp2016-max-common-connected-subgraph-paper/datasets/graphsdb/mcs50/m3D/m3Dr6/mcs50_m3Dr6_s50.B04
Reading graphs...
50 : 139
50 : 138
Initializing...
maxdom : 12
D->valSize : 341
Solving...
Blb : 2 (clique : 16)
currentSize : 16 <-- 0.002356 s
currentSize : 17 <-- 0.019793 s
currentSize : 18 <-- 0.029843 s
currentSize : 19 <-- 0.049731 s
currentSize : 20 <-- 5.320461 s
currentSize : 21 <-- 11.295437 s
currentSize : 23 <-- 14.353998 s
currentSize : 26 <-- 14.614664 s
currentSize : 27 <-- 15.620096 s

maxsize : 27
nodes : 3528985.000000
filtered : 48197376.000000
time : 16.268255
