Parameters: GAD=1 vflib=1 dir=1 label=1 lowerbound=1 fileNameGp=../../cp2016-max-common-connected-subgraph-paper/datasets/graphsdb/mcs50/bvg/b06/mcs50_b06_s80.A03 fileNameGt=../../cp2016-max-common-connected-subgraph-paper/datasets/graphsdb/mcs50/bvg/b06/mcs50_b06_s80.B03
Reading graphs...
80 : 240
80 : 240
Initializing...
maxdom : 8
D->valSize : 417
Solving...
Blb : 2 (clique : 24)
currentSize : 24 <-- 0.004019 s
currentSize : 25 <-- 7.393121 s
currentSize : 26 <-- 7.397468 s
currentSize : 27 <-- 93.434669 s
currentSize : 28 <-- 147.703491 s
currentSize : 29 <-- 285.120361 s
currentSize : 30 <-- 411.695892 s

TIMEOUT
maxsize : 30
nodes : 195230429.000000
filtered : 1492111449.000000
time : 1000.000000
