Parameters: GAD=1 vflib=1 dir=1 label=1 lowerbound=1 fileNameGp=../../cp2016-max-common-connected-subgraph-paper/datasets/graphsdb/mcs50/m3D/m3D/mcs50_m3D_s60.A00 fileNameGt=../../cp2016-max-common-connected-subgraph-paper/datasets/graphsdb/mcs50/m3D/m3D/mcs50_m3D_s60.B00
Reading graphs...
60 : 134
60 : 134
Initializing...
maxdom : 6
D->valSize : 243
Solving...
Blb : 2 (clique : 20)
currentSize : 20 <-- 0.002698 s
currentSize : 21 <-- 0.003684 s
currentSize : 23 <-- 0.006621 s
currentSize : 24 <-- 0.007226 s
currentSize : 25 <-- 0.022041 s
currentSize : 26 <-- 0.069114 s
currentSize : 27 <-- 0.405437 s
currentSize : 29 <-- 0.409386 s

maxsize : 29
nodes : 4738215.000000
filtered : 26428773.000000
time : 20.018543
