Parameters: GAD=1 vflib=1 dir=1 label=1 lowerbound=1 fileNameGp=../../cp2016-max-common-connected-subgraph-paper/datasets/graphsdb/mcs50/m2D/m2Dr6/mcs50_m2Dr6_s80.A04 fileNameGt=../../cp2016-max-common-connected-subgraph-paper/datasets/graphsdb/mcs50/m2D/m2Dr6/mcs50_m2Dr6_s80.B04
Reading graphs...
80 : 190
80 : 189
Initializing...
maxdom : 8
D->valSize : 412
Solving...
Blb : 2 (clique : 27)
currentSize : 27 <-- 0.003842 s
currentSize : 28 <-- 0.004470 s
currentSize : 29 <-- 0.096222 s
currentSize : 30 <-- 0.097117 s
currentSize : 31 <-- 0.570693 s
currentSize : 32 <-- 0.929908 s
currentSize : 33 <-- 75.938110 s
currentSize : 34 <-- 558.693359 s
currentSize : 35 <-- 803.847534 s

TIMEOUT
maxsize : 35
nodes : 195694353.000000
filtered : 1326472422.000000
time : 1000.000000
