Parameters: GAD=1 vflib=1 dir=1 label=1 lowerbound=1 fileNameGp=../../cp2016-max-common-connected-subgraph-paper/datasets/graphsdb/mcs50/m2D/m2Dr6/mcs50_m2Dr6_s80.A07 fileNameGt=../../cp2016-max-common-connected-subgraph-paper/datasets/graphsdb/mcs50/m2D/m2Dr6/mcs50_m2Dr6_s80.B07
Reading graphs...
80 : 190
80 : 189
Initializing...
maxdom : 9
D->valSize : 437
Solving...
Blb : 3 (clique : 29)
currentSize : 29 <-- 0.006813 s
currentSize : 30 <-- 142.229370 s
currentSize : 31 <-- 142.608780 s
currentSize : 32 <-- 188.919189 s
currentSize : 33 <-- 188.932510 s
currentSize : 34 <-- 189.108932 s
currentSize : 35 <-- 200.301056 s

TIMEOUT
maxsize : 35
nodes : 178759064.000000
filtered : 1821031650.000000
time : 1000.000000
