Parameters: GAD=1 vflib=1 dir=1 label=1 lowerbound=1 fileNameGp=../../cp2016-max-common-connected-subgraph-paper/datasets/graphsdb/mcs50/m3D/m3D/mcs50_m3D_s60.A08 fileNameGt=../../cp2016-max-common-connected-subgraph-paper/datasets/graphsdb/mcs50/m3D/m3D/mcs50_m3D_s60.B08
Reading graphs...
60 : 134
60 : 134
Initializing...
maxdom : 8
D->valSize : 234
Solving...
Blb : 2 (clique : 19)
currentSize : 19 <-- 0.001594 s
currentSize : 20 <-- 0.007248 s
currentSize : 21 <-- 0.022272 s
currentSize : 22 <-- 0.261234 s
currentSize : 23 <-- 0.722717 s
currentSize : 24 <-- 1.838013 s
currentSize : 25 <-- 2.124587 s
currentSize : 26 <-- 3.771022 s
currentSize : 27 <-- 5.769333 s
currentSize : 28 <-- 8.903285 s
currentSize : 29 <-- 13.559970 s
currentSize : 30 <-- 14.800592 s

maxsize : 30
nodes : 3534179.000000
filtered : 26792390.000000
time : 15.917547
