Parameters: GAD=1 vflib=1 dir=1 label=1 lowerbound=1 fileNameGp=../../cp2016-max-common-connected-subgraph-paper/datasets/graphsdb/mcs50/rand/r02/mcs50_r02_s90.A07 fileNameGt=../../cp2016-max-common-connected-subgraph-paper/datasets/graphsdb/mcs50/rand/r02/mcs50_r02_s90.B07
Reading graphs...
90 : 1601
90 : 1601
Initializing...
maxdom : 10
D->valSize : 533
Solving...
Blb : 2 (clique : 8)
currentSize : 8 <-- 0.005476 s
currentSize : 9 <-- 0.005703 s
currentSize : 10 <-- 0.005864 s
currentSize : 14 <-- 0.007133 s
currentSize : 15 <-- 0.015766 s
currentSize : 18 <-- 0.024166 s
currentSize : 25 <-- 0.037410 s
currentSize : 45 <-- 0.039108 s

maxsize : 45
nodes : 7058.000000
filtered : 183657.000000
time : 0.060803
