Parameters: GAD=1 vflib=1 dir=1 label=1 lowerbound=1 fileNameGp=../../cp2016-max-common-connected-subgraph-paper/datasets/graphsdb/mcs50/m2D/m2Dr4/mcs50_m2Dr4_s100.A06 fileNameGt=../../cp2016-max-common-connected-subgraph-paper/datasets/graphsdb/mcs50/m2D/m2Dr4/mcs50_m2Dr4_s100.B06
Reading graphs...
100 : 220
100 : 220
Initializing...
maxdom : 5
D->valSize : 350
Solving...
Blb : 2 (clique : 42)
currentSize : 42 <-- 0.003590 s
currentSize : 44 <-- 0.152399 s
currentSize : 45 <-- 0.194510 s
currentSize : 47 <-- 0.948104 s
currentSize : 48 <-- 0.948266 s
currentSize : 49 <-- 0.954191 s
currentSize : 50 <-- 1.550836 s
currentSize : 51 <-- 1.558178 s
currentSize : 52 <-- 2.661217 s

TIMEOUT
maxsize : 52
nodes : 203429633.000000
filtered : 580079910.000000
time : 1000.000061
