Parameters: GAD=1 vflib=1 dir=1 label=1 lowerbound=1 fileNameGp=../../cp2016-max-common-connected-subgraph-paper/datasets/graphsdb/mcs50/bvg/b06/mcs50_b06_s70.A09 fileNameGt=../../cp2016-max-common-connected-subgraph-paper/datasets/graphsdb/mcs50/bvg/b06/mcs50_b06_s70.B09
Reading graphs...
70 : 210
70 : 210
Initializing...
maxdom : 8
D->valSize : 345
Solving...
Blb : 2 (clique : 30)
currentSize : 30 <-- 0.003016 s
currentSize : 31 <-- 0.003202 s
currentSize : 32 <-- 0.016562 s
currentSize : 33 <-- 0.278279 s
currentSize : 34 <-- 0.710558 s
currentSize : 35 <-- 0.981674 s
currentSize : 36 <-- 0.987437 s

maxsize : 36
nodes : 4211881.000000
filtered : 31224656.000000
time : 21.155752
