Parameters: GAD=1 vflib=1 dir=1 label=1 lowerbound=1 fileNameGp=../../cp2016-max-common-connected-subgraph-paper/datasets/graphsdb/mcs50/bvg/b09/mcs50_b09_s50.A05 fileNameGt=../../cp2016-max-common-connected-subgraph-paper/datasets/graphsdb/mcs50/bvg/b09/mcs50_b09_s50.B05
Reading graphs...
50 : 225
50 : 225
Initializing...
maxdom : 10
D->valSize : 321
Solving...
Blb : 2 (clique : 14)
currentSize : 14 <-- 0.003329 s
currentSize : 15 <-- 0.003517 s
currentSize : 16 <-- 0.003596 s
currentSize : 17 <-- 0.003873 s
currentSize : 23 <-- 0.321706 s
currentSize : 24 <-- 0.321869 s
currentSize : 25 <-- 0.322085 s

maxsize : 25
nodes : 63852.000000
filtered : 1132889.000000
time : 0.394937
