Parameters: GAD=1 vflib=1 dir=1 label=1 lowerbound=1 fileNameGp=../../cp2016-max-common-connected-subgraph-paper/datasets/graphsdb/mcs50/bvg/b03/mcs50_b03_s50.A08 fileNameGt=../../cp2016-max-common-connected-subgraph-paper/datasets/graphsdb/mcs50/bvg/b03/mcs50_b03_s50.B08
Reading graphs...
50 : 75
50 : 75
Initializing...
maxdom : 11
D->valSize : 322
Solving...
Blb : 2 (clique : 20)
currentSize : 20 <-- 0.002286 s
currentSize : 24 <-- 0.002399 s
currentSize : 25 <-- 0.003106 s
currentSize : 26 <-- 1.939554 s
currentSize : 27 <-- 411.826111 s
currentSize : 28 <-- 411.826294 s
currentSize : 29 <-- 411.861725 s

maxsize : 29
nodes : 100755841.000000
filtered : 1177633182.000000
time : 454.475586
