Parameters: GAD=1 vflib=1 dir=1 label=1 lowerbound=1 fileNameGp=../../cp2016-max-common-connected-subgraph-paper/datasets/graphsdb/mcs50/m2D/m2Dr4/mcs50_m2Dr4_s60.A03 fileNameGt=../../cp2016-max-common-connected-subgraph-paper/datasets/graphsdb/mcs50/m2D/m2Dr4/mcs50_m2Dr4_s60.B03
Reading graphs...
60 : 128
60 : 127
Initializing...
maxdom : 9
D->valSize : 256
Solving...
Blb : 2 (clique : 18)
currentSize : 18 <-- 0.001764 s
currentSize : 19 <-- 0.001887 s
currentSize : 20 <-- 0.001927 s
currentSize : 21 <-- 0.004122 s
currentSize : 22 <-- 0.004182 s
currentSize : 23 <-- 0.018736 s
currentSize : 24 <-- 0.260072 s
currentSize : 25 <-- 0.260301 s
currentSize : 26 <-- 0.330226 s
currentSize : 27 <-- 11.821703 s
currentSize : 28 <-- 29.054676 s

maxsize : 28
nodes : 6449666.000000
filtered : 56832377.000000
time : 30.124767
