Parameters: GAD=1 vflib=1 dir=1 label=1 lowerbound=1 fileNameGp=../../cp2016-max-common-connected-subgraph-paper/datasets/graphsdb/mcs50/bvg/b03/mcs50_b03_s60.A07 fileNameGt=../../cp2016-max-common-connected-subgraph-paper/datasets/graphsdb/mcs50/bvg/b03/mcs50_b03_s60.B07
Reading graphs...
60 : 90
60 : 90
Initializing...
maxdom : 10
D->valSize : 235
Solving...
Blb : 2 (clique : 23)
currentSize : 23 <-- 0.001710 s
currentSize : 24 <-- 0.021377 s
currentSize : 25 <-- 0.185163 s
currentSize : 26 <-- 0.250641 s
currentSize : 27 <-- 1.048097 s
currentSize : 28 <-- 2.531123 s
currentSize : 29 <-- 4.233171 s
currentSize : 30 <-- 4.816084 s
currentSize : 32 <-- 4.816262 s

maxsize : 32
nodes : 1294680.000000
filtered : 6419124.000000
time : 5.547760
