Parameters: GAD=1 vflib=1 dir=1 label=1 lowerbound=1 fileNameGp=../../cp2016-max-common-connected-subgraph-paper/datasets/graphsdb/mcs50/m2D/m2D/mcs50_m2D_s100.A06 fileNameGt=../../cp2016-max-common-connected-subgraph-paper/datasets/graphsdb/mcs50/m2D/m2D/mcs50_m2D_s100.B06
Reading graphs...
100 : 180
100 : 180
Initializing...
maxdom : 10
D->valSize : 366
Solving...
Blb : 2 (clique : 38)
currentSize : 38 <-- 0.003702 s
currentSize : 39 <-- 0.004041 s
currentSize : 40 <-- 0.004348 s
currentSize : 41 <-- 19.775122 s
currentSize : 42 <-- 20.006187 s
currentSize : 43 <-- 76.573441 s
currentSize : 44 <-- 868.316345 s
currentSize : 45 <-- 875.593628 s

TIMEOUT
maxsize : 45
nodes : 187366527.000000
filtered : 874829578.000000
time : 1000.000061
