Parameters: GAD=1 vflib=1 dir=1 label=1 lowerbound=1 fileNameGp=../../cp2016-max-common-connected-subgraph-paper/datasets/graphsdb/mcs50/bvg/b03/mcs50_b03_s60.A09 fileNameGt=../../cp2016-max-common-connected-subgraph-paper/datasets/graphsdb/mcs50/bvg/b03/mcs50_b03_s60.B09
Reading graphs...
60 : 90
60 : 90
Initializing...
maxdom : 7
D->valSize : 247
Solving...
Blb : 2 (clique : 22)
currentSize : 22 <-- 0.001745 s
currentSize : 23 <-- 0.001907 s
currentSize : 24 <-- 0.002023 s
currentSize : 25 <-- 0.003306 s
currentSize : 26 <-- 0.022557 s
currentSize : 27 <-- 0.813674 s
currentSize : 28 <-- 1.910999 s
currentSize : 29 <-- 2.072607 s
currentSize : 30 <-- 7.884951 s
currentSize : 31 <-- 21.988611 s
currentSize : 32 <-- 45.036377 s
currentSize : 33 <-- 50.688290 s

maxsize : 33
nodes : 32994238.000000
filtered : 198202211.000000
time : 139.945709
