Parameters: GAD=1 vflib=1 dir=1 label=1 lowerbound=1 fileNameGp=../../cp2016-max-common-connected-subgraph-paper/datasets/graphsdb/mcs50/rand/r005/mcs50_r005_s60.A00 fileNameGt=../../cp2016-max-common-connected-subgraph-paper/datasets/graphsdb/mcs50/rand/r005/mcs50_r005_s60.B00
Reading graphs...
60 : 176
60 : 176
Initializing...
maxdom : 6
D->valSize : 252
Solving...
Blb : 2 (clique : 20)
currentSize : 20 <-- 0.001745 s
currentSize : 21 <-- 0.001877 s
currentSize : 22 <-- 0.002031 s
currentSize : 23 <-- 0.002073 s
currentSize : 24 <-- 0.002990 s
currentSize : 25 <-- 0.003069 s
currentSize : 26 <-- 0.006038 s
currentSize : 27 <-- 0.477328 s
currentSize : 28 <-- 0.479058 s
currentSize : 29 <-- 0.479393 s
currentSize : 30 <-- 1.109119 s

maxsize : 30
nodes : 778241.000000
filtered : 7722971.000000
time : 3.848525
