Parameters: GAD=1 vflib=1 dir=1 label=1 lowerbound=1 fileNameGp=../../cp2016-max-common-connected-subgraph-paper/datasets/graphsdb/mcs50/m3D/m3D/mcs50_m3D_s50.A07 fileNameGt=../../cp2016-max-common-connected-subgraph-paper/datasets/graphsdb/mcs50/m3D/m3D/mcs50_m3D_s50.B07
Reading graphs...
50 : 109
50 : 109
Initializing...
maxdom : 9
D->valSize : 323
Solving...
Blb : 2 (clique : 18)
currentSize : 18 <-- 0.002279 s
currentSize : 19 <-- 0.002475 s
currentSize : 20 <-- 0.225907 s
currentSize : 21 <-- 0.579418 s
currentSize : 22 <-- 0.628682 s
currentSize : 23 <-- 1.635782 s
currentSize : 24 <-- 2.856253 s
currentSize : 25 <-- 9.247832 s
currentSize : 26 <-- 17.558628 s
currentSize : 27 <-- 32.777405 s

maxsize : 27
nodes : 6974333.000000
filtered : 98887679.000000
time : 34.262253
