Parameters: GAD=1 vflib=1 dir=1 label=1 lowerbound=1 fileNameGp=../../cp2016-max-common-connected-subgraph-paper/datasets/graphsdb/mcs50/bvg/b06/mcs50_b06_s90.A08 fileNameGt=../../cp2016-max-common-connected-subgraph-paper/datasets/graphsdb/mcs50/bvg/b06/mcs50_b06_s90.B08
Reading graphs...
90 : 270
90 : 270
Initializing...
maxdom : 10
D->valSize : 568
Solving...
Blb : 2 (clique : 32)
currentSize : 32 <-- 0.006579 s
currentSize : 35 <-- 0.006845 s
currentSize : 37 <-- 0.006908 s
currentSize : 40 <-- 0.012955 s
currentSize : 41 <-- 0.028886 s
currentSize : 42 <-- 0.028981 s
currentSize : 43 <-- 10.356888 s

TIMEOUT
maxsize : 43
nodes : 157541170.000000
filtered : 1557234517.000000
time : 1000.000061
