Parameters: GAD=1 vflib=1 dir=1 label=1 lowerbound=1 fileNameGp=../../cp2016-max-common-connected-subgraph-paper/datasets/graphsdb/mcs50/rand/r005/mcs50_r005_s70.A04 fileNameGt=../../cp2016-max-common-connected-subgraph-paper/datasets/graphsdb/mcs50/rand/r005/mcs50_r005_s70.B04
Reading graphs...
70 : 240
70 : 240
Initializing...
maxdom : 8
D->valSize : 336
Solving...
Blb : 2 (clique : 21)
currentSize : 21 <-- 0.004338 s
currentSize : 27 <-- 0.004576 s
currentSize : 28 <-- 0.004786 s
currentSize : 30 <-- 11.747385 s
currentSize : 31 <-- 12.769800 s
currentSize : 32 <-- 36.084545 s
currentSize : 35 <-- 36.084644 s

maxsize : 35
nodes : 6814555.000000
filtered : 81578538.000000
time : 38.907753
