Parameters: GAD=1 vflib=1 dir=1 label=1 lowerbound=1 fileNameGp=../../cp2016-max-common-connected-subgraph-paper/datasets/graphsdb/mcs50/bvg/b09m/mcs50_b09m_s70.A05 fileNameGt=../../cp2016-max-common-connected-subgraph-paper/datasets/graphsdb/mcs50/bvg/b09m/mcs50_b09m_s70.B05
Reading graphs...
70 : 315
70 : 315
Initializing...
maxdom : 8
D->valSize : 326
Solving...
Blb : 2 (clique : 15)
currentSize : 15 <-- 0.003899 s
currentSize : 16 <-- 0.004177 s
currentSize : 17 <-- 0.004242 s
currentSize : 20 <-- 0.006135 s
currentSize : 21 <-- 0.339468 s
currentSize : 22 <-- 0.339533 s
currentSize : 23 <-- 0.356977 s
currentSize : 24 <-- 0.357024 s
currentSize : 25 <-- 0.357462 s
currentSize : 26 <-- 4.637366 s
currentSize : 27 <-- 4.637656 s
currentSize : 28 <-- 7.989834 s
currentSize : 29 <-- 7.994180 s
currentSize : 30 <-- 7.994250 s
currentSize : 31 <-- 7.994400 s
currentSize : 32 <-- 8.089939 s
currentSize : 33 <-- 8.090136 s
currentSize : 34 <-- 8.090264 s

maxsize : 34
nodes : 5981047.000000
filtered : 28062542.000000
time : 25.361540
