Parameters: GAD=1 vflib=1 dir=1 label=1 lowerbound=1 fileNameGp=../../cp2016-max-common-connected-subgraph-paper/datasets/graphsdb/mcs50/rand/r005/mcs50_r005_s80.A07 fileNameGt=../../cp2016-max-common-connected-subgraph-paper/datasets/graphsdb/mcs50/rand/r005/mcs50_r005_s80.B07
Reading graphs...
80 : 315
80 : 315
Initializing...
maxdom : 8
D->valSize : 430
Solving...
Blb : 2 (clique : 29)
currentSize : 29 <-- 0.004052 s
currentSize : 31 <-- 0.118363 s
currentSize : 32 <-- 2.685436 s
currentSize : 34 <-- 2.685926 s
currentSize : 35 <-- 35.818756 s
currentSize : 37 <-- 35.818874 s
currentSize : 40 <-- 37.738022 s

maxsize : 40
nodes : 13768738.000000
filtered : 157995550.000000
time : 81.593475
