Parameters: GAD=1 vflib=1 dir=1 label=1 lowerbound=1 fileNameGp=../../cp2016-max-common-connected-subgraph-paper/datasets/graphsdb/mcs50/bvg/b03/mcs50_b03_s90.A01 fileNameGt=../../cp2016-max-common-connected-subgraph-paper/datasets/graphsdb/mcs50/bvg/b03/mcs50_b03_s90.B01
Reading graphs...
90 : 135
90 : 135
Initializing...
maxdom : 11
D->valSize : 556
Solving...
Blb : 2 (clique : 38)
currentSize : 38 <-- 0.010710 s
currentSize : 39 <-- 0.153488 s
currentSize : 40 <-- 0.753701 s
currentSize : 41 <-- 4.805182 s
currentSize : 42 <-- 54.693859 s
currentSize : 43 <-- 54.700233 s
currentSize : 44 <-- 120.367722 s
currentSize : 45 <-- 157.709900 s

TIMEOUT
maxsize : 45
nodes : 181802123.000000
filtered : 1883107128.000000
time : 1000.000061
