Parameters: GAD=1 vflib=1 dir=1 label=1 lowerbound=1 fileNameGp=../../cp2016-max-common-connected-subgraph-paper/datasets/graphsdb/mcs50/m2D/m2Dr4/mcs50_m2Dr4_s90.A07 fileNameGt=../../cp2016-max-common-connected-subgraph-paper/datasets/graphsdb/mcs50/m2D/m2Dr4/mcs50_m2Dr4_s90.B07
Reading graphs...
90 : 197
90 : 196
Initializing...
maxdom : 10
D->valSize : 538
Solving...
Blb : 2 (clique : 29)
currentSize : 29 <-- 0.010494 s
currentSize : 36 <-- 0.010906 s
currentSize : 39 <-- 0.014080 s
currentSize : 41 <-- 0.023373 s
currentSize : 42 <-- 0.098791 s
currentSize : 43 <-- 29.561899 s

TIMEOUT
maxsize : 43
nodes : 191479723.000000
filtered : 1090421275.000000
time : 1000.000061
