Parameters: GAD=1 vflib=1 dir=1 label=1 lowerbound=1 fileNameGp=../../cp2016-max-common-connected-subgraph-paper/datasets/graphsdb/mcs50/bvg/b03/mcs50_b03_s70.A00 fileNameGt=../../cp2016-max-common-connected-subgraph-paper/datasets/graphsdb/mcs50/bvg/b03/mcs50_b03_s70.B00
Reading graphs...
70 : 105
70 : 105
Initializing...
maxdom : 9
D->valSize : 343
Solving...
Blb : 2 (clique : 32)
currentSize : 32 <-- 0.002840 s
currentSize : 33 <-- 0.004809 s
currentSize : 36 <-- 0.087374 s
currentSize : 37 <-- 0.290616 s
currentSize : 38 <-- 0.495162 s
currentSize : 39 <-- 1.556035 s

TIMEOUT
maxsize : 39
nodes : 197336644.000000
filtered : 1687734753.000000
time : 1000.000061
