Parameters: GAD=1 vflib=1 dir=1 label=1 lowerbound=1 fileNameGp=../../cp2016-max-common-connected-subgraph-paper/datasets/graphsdb/mcs50/bvg/b06m/mcs50_b06m_s80.A00 fileNameGt=../../cp2016-max-common-connected-subgraph-paper/datasets/graphsdb/mcs50/bvg/b06m/mcs50_b06m_s80.B00
Reading graphs...
80 : 240
80 : 240
Initializing...
maxdom : 8
D->valSize : 420
Solving...
Blb : 2 (clique : 34)
currentSize : 34 <-- 0.006529 s
currentSize : 36 <-- 0.080555 s
currentSize : 37 <-- 0.080828 s
currentSize : 38 <-- 0.081435 s
currentSize : 39 <-- 18.852060 s
currentSize : 40 <-- 18.852251 s
currentSize : 41 <-- 18.852381 s
currentSize : 42 <-- 25.395529 s

maxsize : 42
nodes : 124812083.000000
filtered : 772612416.000000
time : 630.437561
