Parameters: GAD=1 vflib=1 dir=1 label=1 lowerbound=1 fileNameGp=../../cp2016-max-common-connected-subgraph-paper/datasets/graphsdb/mcs50/m2D/m2Dr6/mcs50_m2Dr6_s100.A01 fileNameGt=../../cp2016-max-common-connected-subgraph-paper/datasets/graphsdb/mcs50/m2D/m2Dr6/mcs50_m2Dr6_s100.B01
Reading graphs...
100 : 240
100 : 239
Initializing...
maxdom : 10
D->valSize : 382
Solving...
Blb : 2 (clique : 32)
currentSize : 32 <-- 0.003806 s
currentSize : 33 <-- 0.004107 s
currentSize : 34 <-- 0.497065 s
currentSize : 35 <-- 2.827936 s
currentSize : 36 <-- 2.902271 s
currentSize : 38 <-- 24.283686 s

TIMEOUT
maxsize : 38
nodes : 180390545.000000
filtered : 1061163323.000000
time : 1000.000000
