Parameters: GAD=1 vflib=1 dir=1 label=1 lowerbound=1 fileNameGp=../../cp2016-max-common-connected-subgraph-paper/datasets/graphsdb/mcs50/rand/r001/mcs50_r001_s100.A07 fileNameGt=../../cp2016-max-common-connected-subgraph-paper/datasets/graphsdb/mcs50/rand/r001/mcs50_r001_s100.B07
Reading graphs...
100 : 124
100 : 124
Initializing...
maxdom : 6
D->valSize : 344
Solving...
Blb : 2 (clique : 50)
currentSize : 50 <-- 0.003651 s
currentSize : 51 <-- 0.004050 s
currentSize : 52 <-- 0.030431 s
currentSize : 53 <-- 3.590987 s
currentSize : 54 <-- 24.629620 s
currentSize : 55 <-- 72.921234 s

TIMEOUT
maxsize : 55
nodes : 210499585.000000
filtered : 519508137.000000
time : 1000.000061
