Parameters: GAD=1 vflib=1 dir=1 label=1 lowerbound=1 fileNameGp=../../cp2016-max-common-connected-subgraph-paper/datasets/graphsdb/mcs50/rand/r005/mcs50_r005_s90.A03 fileNameGt=../../cp2016-max-common-connected-subgraph-paper/datasets/graphsdb/mcs50/rand/r005/mcs50_r005_s90.B03
Reading graphs...
90 : 399
90 : 399
Initializing...
maxdom : 10
D->valSize : 532
Solving...
Blb : 2 (clique : 22)
currentSize : 22 <-- 0.009476 s
currentSize : 23 <-- 0.201330 s
currentSize : 24 <-- 0.688935 s
currentSize : 25 <-- 5.259962 s
currentSize : 26 <-- 6.224035 s
currentSize : 27 <-- 86.092529 s
currentSize : 28 <-- 99.323524 s
currentSize : 29 <-- 107.704170 s
currentSize : 30 <-- 327.011078 s
currentSize : 31 <-- 443.419556 s
currentSize : 32 <-- 443.419708 s
currentSize : 33 <-- 732.638733 s
currentSize : 34 <-- 817.661865 s
currentSize : 35 <-- 897.626648 s
currentSize : 37 <-- 954.803528 s

TIMEOUT
maxsize : 37
nodes : 153280534.000000
filtered : 2196974954.000000
time : 1000.000000
