Parameters: GAD=1 vflib=1 dir=1 label=1 lowerbound=1 fileNameGp=../../cp2016-max-common-connected-subgraph-paper/datasets/graphsdb/mcs50/bvg/b03m/mcs50_b03m_s80.A09 fileNameGt=../../cp2016-max-common-connected-subgraph-paper/datasets/graphsdb/mcs50/bvg/b03m/mcs50_b03m_s80.B09
Reading graphs...
80 : 120
80 : 120
Initializing...
maxdom : 7
D->valSize : 400
Solving...
Blb : 2 (clique : 34)
currentSize : 34 <-- 0.003921 s
currentSize : 35 <-- 0.299284 s
currentSize : 36 <-- 0.748227 s
currentSize : 37 <-- 137.119110 s
currentSize : 38 <-- 138.517883 s
currentSize : 39 <-- 189.318237 s

TIMEOUT
maxsize : 39
nodes : 180744668.000000
filtered : 1498937728.000000
time : 1000.000061
