Parameters: GAD=1 vflib=1 dir=1 label=1 lowerbound=1 fileNameGp=../../cp2016-max-common-connected-subgraph-paper/datasets/graphsdb/mcs50/bvg/b09/mcs50_b09_s70.A03 fileNameGt=../../cp2016-max-common-connected-subgraph-paper/datasets/graphsdb/mcs50/bvg/b09/mcs50_b09_s70.B03
Reading graphs...
70 : 315
70 : 315
Initializing...
maxdom : 10
D->valSize : 360
Solving...
Blb : 3 (clique : 29)
currentSize : 29 <-- 0.004789 s
currentSize : 30 <-- 0.056582 s
currentSize : 31 <-- 0.059248 s
currentSize : 32 <-- 1.797608 s
currentSize : 33 <-- 1.812496 s
currentSize : 34 <-- 1.812951 s

maxsize : 34
nodes : 3349541.000000
filtered : 18571322.000000
time : 14.898650
