Parameters: GAD=1 vflib=1 dir=1 label=1 lowerbound=1 fileNameGp=../../cp2016-max-common-connected-subgraph-paper/datasets/graphsdb/mcs50/m2D/m2Dr6/mcs50_m2Dr6_s50.A05 fileNameGt=../../cp2016-max-common-connected-subgraph-paper/datasets/graphsdb/mcs50/m2D/m2Dr6/mcs50_m2Dr6_s50.B05
Reading graphs...
50 : 115
50 : 115
Initializing...
maxdom : 10
D->valSize : 331
Solving...
Blb : 3 (clique : 18)
currentSize : 18 <-- 0.003848 s
currentSize : 19 <-- 0.008206 s
currentSize : 20 <-- 0.020348 s
currentSize : 21 <-- 0.098648 s
currentSize : 22 <-- 0.117561 s
currentSize : 23 <-- 0.118124 s
currentSize : 24 <-- 0.118340 s
currentSize : 25 <-- 0.306100 s
currentSize : 27 <-- 1.729406 s
currentSize : 28 <-- 5.127487 s

maxsize : 28
nodes : 2193969.000000
filtered : 24360885.000000
time : 9.427796
