Parameters: GAD=1 vflib=1 dir=1 label=1 lowerbound=1 fileNameGp=../../cp2016-max-common-connected-subgraph-paper/datasets/graphsdb/mcs50/m3D/m3Dr2/mcs50_m3Dr2_s50.A08 fileNameGt=../../cp2016-max-common-connected-subgraph-paper/datasets/graphsdb/mcs50/m3D/m3Dr2/mcs50_m3Dr2_s50.B08
Reading graphs...
50 : 119
50 : 119
Initializing...
maxdom : 12
D->valSize : 341
Solving...
Blb : 2 (clique : 17)
currentSize : 17 <-- 0.002480 s
currentSize : 18 <-- 0.002584 s
currentSize : 19 <-- 0.006923 s
currentSize : 20 <-- 16.405079 s
currentSize : 21 <-- 20.720343 s
currentSize : 23 <-- 101.420181 s
currentSize : 24 <-- 101.420822 s
currentSize : 25 <-- 101.421036 s
currentSize : 27 <-- 101.421234 s
currentSize : 28 <-- 101.422409 s

maxsize : 28
nodes : 23865335.000000
filtered : 249510219.000000
time : 103.207817
