Parameters: GAD=1 vflib=1 dir=1 label=1 lowerbound=1 fileNameGp=../../cp2016-max-common-connected-subgraph-paper/datasets/graphsdb/mcs50/bvg/b09m/mcs50_b09m_s80.A03 fileNameGt=../../cp2016-max-common-connected-subgraph-paper/datasets/graphsdb/mcs50/bvg/b09m/mcs50_b09m_s80.B03
Reading graphs...
80 : 360
80 : 360
Initializing...
maxdom : 10
D->valSize : 461
Solving...
Blb : 2 (clique : 27)
currentSize : 27 <-- 0.004475 s
currentSize : 28 <-- 0.004731 s
currentSize : 29 <-- 11.960318 s
currentSize : 30 <-- 12.014642 s
currentSize : 31 <-- 20.035444 s
currentSize : 32 <-- 20.123280 s
currentSize : 36 <-- 51.026657 s
currentSize : 37 <-- 51.027016 s
currentSize : 38 <-- 51.028519 s
currentSize : 39 <-- 51.028957 s
currentSize : 40 <-- 76.033569 s

maxsize : 40
nodes : 20057213.000000
filtered : 183374031.000000
time : 112.136292
