Parameters: GAD=1 vflib=1 dir=1 label=1 lowerbound=1 fileNameGp=../../cp2016-max-common-connected-subgraph-paper/datasets/graphsdb/mcs50/m2D/m2Dr2/mcs50_m2Dr2_s70.A06 fileNameGt=../../cp2016-max-common-connected-subgraph-paper/datasets/graphsdb/mcs50/m2D/m2Dr2/mcs50_m2Dr2_s70.B06
Reading graphs...
70 : 137
70 : 137
Initializing...
maxdom : 8
D->valSize : 360
Solving...
Blb : 2 (clique : 24)
currentSize : 24 <-- 0.003059 s
currentSize : 28 <-- 0.003223 s
currentSize : 29 <-- 0.004696 s
currentSize : 30 <-- 0.006205 s
currentSize : 31 <-- 0.006307 s
currentSize : 32 <-- 0.006921 s
currentSize : 33 <-- 0.281924 s
currentSize : 34 <-- 6.839239 s
currentSize : 35 <-- 67.365219 s
currentSize : 36 <-- 403.756409 s
currentSize : 37 <-- 403.897858 s
currentSize : 38 <-- 404.442108 s
currentSize : 39 <-- 404.636261 s

maxsize : 39
nodes : 112944760.000000
filtered : 1311549400.000000
time : 670.750000
