Parameters: GAD=1 vflib=1 dir=1 label=1 lowerbound=1 fileNameGp=../../cp2016-max-common-connected-subgraph-paper/datasets/graphsdb/mcs50/bvg/b03/mcs50_b03_s50.A02 fileNameGt=../../cp2016-max-common-connected-subgraph-paper/datasets/graphsdb/mcs50/bvg/b03/mcs50_b03_s50.B02
Reading graphs...
50 : 75
50 : 75
Initializing...
maxdom : 7
D->valSize : 319
Solving...
Blb : 2 (clique : 20)
currentSize : 20 <-- 0.002337 s
currentSize : 21 <-- 0.002491 s
currentSize : 22 <-- 0.003113 s
currentSize : 23 <-- 0.003190 s
currentSize : 24 <-- 0.117890 s
currentSize : 25 <-- 0.473036 s
currentSize : 26 <-- 0.988370 s
currentSize : 27 <-- 108.171059 s

TIMEOUT
maxsize : 27
nodes : 224912708.000000
filtered : 2419091112.000000
time : 1000.000000
