Parameters: GAD=1 vflib=1 dir=1 label=1 lowerbound=1 fileNameGp=../../cp2016-max-common-connected-subgraph-paper/datasets/graphsdb/mcs50/bvg/b03m/mcs50_b03m_s60.A04 fileNameGt=../../cp2016-max-common-connected-subgraph-paper/datasets/graphsdb/mcs50/bvg/b03m/mcs50_b03m_s60.B04
Reading graphs...
60 : 90
60 : 90
Initializing...
maxdom : 8
D->valSize : 264
Solving...
Blb : 2 (clique : 24)
currentSize : 24 <-- 0.002994 s
currentSize : 25 <-- 0.003250 s
currentSize : 26 <-- 0.004063 s
currentSize : 27 <-- 0.006968 s
currentSize : 28 <-- 0.009494 s
currentSize : 29 <-- 0.009982 s
currentSize : 30 <-- 0.011607 s
currentSize : 31 <-- 0.037662 s
currentSize : 32 <-- 0.038870 s
currentSize : 33 <-- 0.104428 s
currentSize : 34 <-- 0.597704 s

maxsize : 34
nodes : 61401418.000000
filtered : 367689967.000000
time : 260.513916
