Parameters: GAD=1 vflib=1 dir=1 label=1 lowerbound=1 fileNameGp=../../cp2016-max-common-connected-subgraph-paper/datasets/graphsdb/mcs50/rand/r01/mcs50_r01_s60.A08 fileNameGt=../../cp2016-max-common-connected-subgraph-paper/datasets/graphsdb/mcs50/rand/r01/mcs50_r01_s60.B08
Reading graphs...
60 : 353
60 : 353
Initializing...
maxdom : 9
D->valSize : 245
Solving...
Blb : 2 (clique : 12)
currentSize : 12 <-- 0.001591 s
currentSize : 13 <-- 0.001737 s
currentSize : 14 <-- 0.004536 s
currentSize : 16 <-- 0.004839 s
currentSize : 17 <-- 0.006712 s
currentSize : 18 <-- 0.011871 s
currentSize : 22 <-- 0.013597 s
currentSize : 23 <-- 0.045127 s
currentSize : 24 <-- 0.074390 s
currentSize : 26 <-- 0.077433 s
currentSize : 30 <-- 0.077553 s

maxsize : 30
nodes : 22293.000000
filtered : 242511.000000
time : 0.110677
