Parameters: GAD=1 vflib=1 dir=1 label=1 lowerbound=1 fileNameGp=../../cp2016-max-common-connected-subgraph-paper/datasets/graphsdb/mcs50/bvg/b03m/mcs50_b03m_s100.A06 fileNameGt=../../cp2016-max-common-connected-subgraph-paper/datasets/graphsdb/mcs50/bvg/b03m/mcs50_b03m_s100.B06
Reading graphs...
100 : 150
100 : 150
Initializing...
maxdom : 11
D->valSize : 397
Solving...
Blb : 2 (clique : 41)
currentSize : 41 <-- 0.007163 s
currentSize : 42 <-- 0.008514 s
currentSize : 43 <-- 0.019828 s
currentSize : 44 <-- 0.039032 s
currentSize : 45 <-- 0.039838 s
currentSize : 46 <-- 0.045206 s

TIMEOUT
maxsize : 46
nodes : 186989754.000000
filtered : 897675354.000000
time : 1000.000061
