Parameters: GAD=1 vflib=1 dir=1 label=1 lowerbound=1 fileNameGp=../../cp2016-max-common-connected-subgraph-paper/datasets/graphsdb/mcs50/bvg/b06/mcs50_b06_s70.A04 fileNameGt=../../cp2016-max-common-connected-subgraph-paper/datasets/graphsdb/mcs50/bvg/b06/mcs50_b06_s70.B04
Reading graphs...
70 : 210
70 : 210
Initializing...
maxdom : 7
D->valSize : 322
Solving...
Blb : 2 (clique : 28)
currentSize : 28 <-- 0.002630 s
currentSize : 29 <-- 0.003013 s
currentSize : 31 <-- 0.033084 s
currentSize : 32 <-- 0.033218 s
currentSize : 33 <-- 0.038741 s
currentSize : 35 <-- 11.365709 s
currentSize : 36 <-- 11.366846 s

maxsize : 36
nodes : 8964064.000000
filtered : 66310289.000000
time : 45.766376
