Parameters: GAD=1 vflib=1 dir=1 label=1 lowerbound=1 fileNameGp=../../cp2016-max-common-connected-subgraph-paper/datasets/graphsdb/mcs50/rand/r005/mcs50_r005_s90.A06 fileNameGt=../../cp2016-max-common-connected-subgraph-paper/datasets/graphsdb/mcs50/rand/r005/mcs50_r005_s90.B06
Reading graphs...
90 : 399
90 : 399
Initializing...
maxdom : 10
D->valSize : 564
Solving...
Blb : 5 (clique : 21)
currentSize : 21 <-- 0.006455 s
currentSize : 22 <-- 0.066180 s
currentSize : 23 <-- 0.266206 s
currentSize : 24 <-- 0.330288 s
currentSize : 25 <-- 10.757124 s
currentSize : 26 <-- 13.941652 s
currentSize : 27 <-- 30.451065 s
currentSize : 28 <-- 54.062347 s
currentSize : 29 <-- 77.062614 s
currentSize : 30 <-- 93.682602 s
currentSize : 31 <-- 139.943253 s
currentSize : 32 <-- 139.943802 s
currentSize : 33 <-- 208.902359 s
currentSize : 34 <-- 208.902466 s
currentSize : 36 <-- 230.853622 s
currentSize : 37 <-- 230.853699 s
currentSize : 39 <-- 263.057678 s
currentSize : 40 <-- 328.713623 s
currentSize : 45 <-- 328.768097 s

maxsize : 45
nodes : 58749225.000000
filtered : 792456506.000000
time : 387.253204
