Parameters: GAD=1 vflib=1 dir=1 label=1 lowerbound=1 fileNameGp=../../cp2016-max-common-connected-subgraph-paper/datasets/graphsdb/mcs50/bvg/b06/mcs50_b06_s80.A05 fileNameGt=../../cp2016-max-common-connected-subgraph-paper/datasets/graphsdb/mcs50/bvg/b06/mcs50_b06_s80.B05
Reading graphs...
80 : 240
80 : 240
Initializing...
maxdom : 12
D->valSize : 487
Solving...
Blb : 2 (clique : 27)
currentSize : 27 <-- 0.004836 s
currentSize : 28 <-- 0.005075 s
currentSize : 30 <-- 0.005201 s
currentSize : 31 <-- 0.009310 s
currentSize : 32 <-- 0.010784 s
currentSize : 33 <-- 2.117133 s
currentSize : 34 <-- 2.118311 s
currentSize : 35 <-- 2.122422 s
currentSize : 36 <-- 2.122557 s
currentSize : 37 <-- 2.237475 s
currentSize : 38 <-- 4.691176 s
currentSize : 39 <-- 4.738185 s
currentSize : 40 <-- 4.739544 s
currentSize : 41 <-- 4.743898 s
currentSize : 42 <-- 4.744477 s
currentSize : 43 <-- 4.744668 s

maxsize : 43
nodes : 23498920.000000
filtered : 269249627.000000
time : 143.064209
