Parameters: GAD=1 vflib=1 dir=1 label=1 lowerbound=1 fileNameGp=../../cp2016-max-common-connected-subgraph-paper/datasets/graphsdb/mcs50/bvg/b09m/mcs50_b09m_s100.A05 fileNameGt=../../cp2016-max-common-connected-subgraph-paper/datasets/graphsdb/mcs50/bvg/b09m/mcs50_b09m_s100.B05
Reading graphs...
100 : 450
100 : 450
Initializing...
maxdom : 7
D->valSize : 366
Solving...
Blb : 3 (clique : 24)
currentSize : 24 <-- 0.003540 s
currentSize : 25 <-- 2.209403 s
currentSize : 26 <-- 7.381843 s
currentSize : 28 <-- 13.218991 s
currentSize : 30 <-- 13.219196 s
currentSize : 31 <-- 13.219368 s
currentSize : 33 <-- 13.226815 s
currentSize : 35 <-- 13.273731 s
currentSize : 37 <-- 19.268976 s
currentSize : 38 <-- 19.343887 s
currentSize : 39 <-- 19.344154 s
currentSize : 41 <-- 35.279835 s
currentSize : 42 <-- 44.521622 s
currentSize : 43 <-- 44.555191 s
currentSize : 44 <-- 44.616940 s
currentSize : 45 <-- 44.617687 s
currentSize : 46 <-- 100.886635 s
currentSize : 47 <-- 100.951515 s
currentSize : 48 <-- 100.952080 s
currentSize : 49 <-- 296.240082 s
currentSize : 50 <-- 296.241150 s

maxsize : 50
nodes : 74314660.000000
filtered : 340789838.000000
time : 397.731415
