Parameters: GAD=1 vflib=1 dir=1 label=1 lowerbound=1 fileNameGp=../../cp2016-max-common-connected-subgraph-paper/datasets/graphsdb/mcs50/rand/r005/mcs50_r005_s80.A06 fileNameGt=../../cp2016-max-common-connected-subgraph-paper/datasets/graphsdb/mcs50/rand/r005/mcs50_r005_s80.B06
Reading graphs...
80 : 315
80 : 315
Initializing...
maxdom : 11
D->valSize : 483
Solving...
Blb : 2 (clique : 22)
currentSize : 22 <-- 0.007515 s
currentSize : 23 <-- 0.010821 s
currentSize : 24 <-- 0.223292 s
currentSize : 25 <-- 0.401310 s
currentSize : 26 <-- 0.951999 s
currentSize : 27 <-- 1.532381 s
currentSize : 28 <-- 2.230854 s
currentSize : 29 <-- 52.328049 s
currentSize : 30 <-- 52.338516 s
currentSize : 31 <-- 78.721764 s
currentSize : 32 <-- 80.125519 s
currentSize : 33 <-- 121.059242 s
currentSize : 34 <-- 121.063553 s
currentSize : 35 <-- 121.063721 s
currentSize : 37 <-- 121.063828 s
currentSize : 38 <-- 144.292038 s
currentSize : 39 <-- 144.292252 s
currentSize : 40 <-- 144.292496 s

maxsize : 40
nodes : 24690708.000000
filtered : 333699279.000000
time : 154.883911
