Parameters: GAD=1 vflib=1 dir=1 label=1 lowerbound=1 fileNameGp=../../cp2016-max-common-connected-subgraph-paper/datasets/graphsdb/mcs50/m2D/m2Dr6/mcs50_m2Dr6_s50.A03 fileNameGt=../../cp2016-max-common-connected-subgraph-paper/datasets/graphsdb/mcs50/m2D/m2Dr6/mcs50_m2Dr6_s50.B03
Reading graphs...
50 : 115
50 : 115
Initializing...
maxdom : 9
D->valSize : 331
Solving...
Blb : 2 (clique : 21)
currentSize : 21 <-- 0.002467 s
currentSize : 22 <-- 20.645763 s
currentSize : 23 <-- 20.654823 s
currentSize : 24 <-- 24.451803 s
currentSize : 25 <-- 59.257481 s

maxsize : 25
nodes : 13475082.000000
filtered : 159246814.000000
time : 61.401161
