Parameters: GAD=1 vflib=1 dir=1 label=1 lowerbound=1 fileNameGp=../../cp2016-max-common-connected-subgraph-paper/datasets/graphsdb/mcs50/bvg/b03m/mcs50_b03m_s90.A09 fileNameGt=../../cp2016-max-common-connected-subgraph-paper/datasets/graphsdb/mcs50/bvg/b03m/mcs50_b03m_s90.B09
Reading graphs...
90 : 135
90 : 135
Initializing...
maxdom : 8
D->valSize : 544
Solving...
Blb : 2 (clique : 45)
currentSize : 45 <-- 0.010285 s
currentSize : 47 <-- 0.010782 s
currentSize : 48 <-- 0.011417 s
currentSize : 49 <-- 0.872496 s
currentSize : 50 <-- 4.052065 s
currentSize : 51 <-- 18.677439 s
currentSize : 52 <-- 469.745178 s

TIMEOUT
maxsize : 52
nodes : 170011961.000000
filtered : 1145910279.000000
time : 1000.000061
