Parameters: GAD=1 vflib=1 dir=1 label=1 lowerbound=1 fileNameGp=../../cp2016-max-common-connected-subgraph-paper/datasets/graphsdb/mcs50/bvg/b09/mcs50_b09_s60.A09 fileNameGt=../../cp2016-max-common-connected-subgraph-paper/datasets/graphsdb/mcs50/bvg/b09/mcs50_b09_s60.B09
Reading graphs...
60 : 270
60 : 270
Initializing...
maxdom : 8
D->valSize : 246
Solving...
Blb : 3 (clique : 15)
currentSize : 15 <-- 0.001580 s
currentSize : 17 <-- 0.002109 s
currentSize : 18 <-- 0.007860 s
currentSize : 19 <-- 0.042126 s
currentSize : 20 <-- 0.054142 s
currentSize : 21 <-- 0.101407 s
currentSize : 25 <-- 0.575912 s
currentSize : 27 <-- 0.579278 s
currentSize : 30 <-- 0.579648 s

maxsize : 30
nodes : 271501.000000
filtered : 1514463.000000
time : 1.111703
