Parameters: GAD=1 vflib=1 dir=1 label=1 lowerbound=1 fileNameGp=../../cp2016-max-common-connected-subgraph-paper/datasets/graphsdb/mcs50/bvg/b06/mcs50_b06_s80.A04 fileNameGt=../../cp2016-max-common-connected-subgraph-paper/datasets/graphsdb/mcs50/bvg/b06/mcs50_b06_s80.B04
Reading graphs...
80 : 240
80 : 240
Initializing...
maxdom : 9
D->valSize : 422
Solving...
Blb : 5 (clique : 28)
currentSize : 28 <-- 0.003971 s
currentSize : 29 <-- 0.234885 s
currentSize : 30 <-- 1.265848 s
currentSize : 31 <-- 104.402946 s
currentSize : 32 <-- 104.409721 s
currentSize : 33 <-- 105.674316 s
currentSize : 34 <-- 113.346344 s
currentSize : 35 <-- 118.563782 s
currentSize : 36 <-- 181.377289 s
currentSize : 38 <-- 221.333359 s
currentSize : 39 <-- 285.395721 s
currentSize : 40 <-- 285.395996 s
currentSize : 41 <-- 285.397430 s
currentSize : 42 <-- 286.030182 s

maxsize : 42
nodes : 105133928.000000
filtered : 881345642.000000
time : 565.483643
