Parameters: GAD=1 vflib=1 dir=1 label=1 lowerbound=1 fileNameGp=../../cp2016-max-common-connected-subgraph-paper/datasets/graphsdb/mcs50/bvg/b09/mcs50_b09_s70.A00 fileNameGt=../../cp2016-max-common-connected-subgraph-paper/datasets/graphsdb/mcs50/bvg/b09/mcs50_b09_s70.B00
Reading graphs...
70 : 315
70 : 315
Initializing...
maxdom : 9
D->valSize : 356
Solving...
Blb : 2 (clique : 19)
currentSize : 19 <-- 0.002916 s
currentSize : 20 <-- 0.007417 s
currentSize : 25 <-- 0.031914 s
currentSize : 26 <-- 0.056896 s
currentSize : 28 <-- 0.182582 s
currentSize : 30 <-- 0.182721 s
currentSize : 31 <-- 0.183221 s
currentSize : 32 <-- 0.194543 s
currentSize : 33 <-- 0.194872 s
currentSize : 34 <-- 0.198573 s

maxsize : 34
nodes : 1541177.000000
filtered : 9648611.000000
time : 7.208393
