Parameters: GAD=1 vflib=1 dir=1 label=1 lowerbound=1 fileNameGp=../../cp2016-max-common-connected-subgraph-paper/datasets/graphsdb/mcs50/m3D/m3D/mcs50_m3D_s50.A01 fileNameGt=../../cp2016-max-common-connected-subgraph-paper/datasets/graphsdb/mcs50/m3D/m3D/mcs50_m3D_s50.B01
Reading graphs...
50 : 109
50 : 109
Initializing...
maxdom : 9
D->valSize : 326
Solving...
Blb : 5 (clique : 17)
currentSize : 17 <-- 0.002189 s
currentSize : 19 <-- 0.061035 s
currentSize : 20 <-- 0.090222 s
currentSize : 21 <-- 0.099403 s
currentSize : 23 <-- 0.158072 s
currentSize : 24 <-- 0.318829 s
currentSize : 25 <-- 0.321088 s
currentSize : 26 <-- 0.321164 s
currentSize : 27 <-- 3.160393 s
currentSize : 28 <-- 3.163438 s
currentSize : 29 <-- 3.163555 s
currentSize : 30 <-- 4.384250 s

maxsize : 30
nodes : 1136396.000000
filtered : 18409681.000000
time : 5.898874
