Parameters: GAD=1 vflib=1 dir=1 label=1 lowerbound=1 fileNameGp=../../cp2016-max-common-connected-subgraph-paper/datasets/graphsdb/mcs50/bvg/b06/mcs50_b06_s70.A06 fileNameGt=../../cp2016-max-common-connected-subgraph-paper/datasets/graphsdb/mcs50/bvg/b06/mcs50_b06_s70.B06
Reading graphs...
70 : 210
70 : 210
Initializing...
maxdom : 8
D->valSize : 357
Solving...
Blb : 2 (clique : 31)
currentSize : 31 <-- 0.004633 s
currentSize : 33 <-- 0.004909 s
currentSize : 34 <-- 0.005163 s
currentSize : 35 <-- 32.989208 s
currentSize : 36 <-- 32.989368 s
currentSize : 37 <-- 33.078835 s

maxsize : 37
nodes : 18481455.000000
filtered : 138739771.000000
time : 89.882713
