Parameters: GAD=1 vflib=1 dir=1 label=1 lowerbound=1 fileNameGp=../../cp2016-max-common-connected-subgraph-paper/datasets/graphsdb/mcs50/rand/r01/mcs50_r01_s80.A07 fileNameGt=../../cp2016-max-common-connected-subgraph-paper/datasets/graphsdb/mcs50/rand/r01/mcs50_r01_s80.B07
Reading graphs...
80 : 631
80 : 631
Initializing...
maxdom : 11
D->valSize : 469
Solving...
Blb : 2 (clique : 17)
currentSize : 17 <-- 0.006695 s
currentSize : 18 <-- 0.010045 s
currentSize : 19 <-- 0.019837 s
currentSize : 21 <-- 0.020516 s
currentSize : 22 <-- 0.023505 s
currentSize : 23 <-- 0.023679 s
currentSize : 25 <-- 0.023802 s
currentSize : 27 <-- 0.024630 s
currentSize : 28 <-- 0.157356 s
currentSize : 29 <-- 0.370303 s
currentSize : 30 <-- 0.535643 s
currentSize : 33 <-- 0.545373 s
currentSize : 40 <-- 0.545512 s

maxsize : 40
nodes : 140519.000000
filtered : 2157019.000000
time : 0.897698
