Parameters: GAD=1 vflib=1 dir=1 label=1 lowerbound=1 fileNameGp=../../cp2016-max-common-connected-subgraph-paper/datasets/graphsdb/mcs50/bvg/b06m/mcs50_b06m_s70.A05 fileNameGt=../../cp2016-max-common-connected-subgraph-paper/datasets/graphsdb/mcs50/bvg/b06m/mcs50_b06m_s70.B05
Reading graphs...
70 : 210
70 : 210
Initializing...
maxdom : 10
D->valSize : 325
Solving...
Blb : 2 (clique : 22)
currentSize : 22 <-- 0.004070 s
currentSize : 23 <-- 0.004351 s
currentSize : 25 <-- 0.004694 s
currentSize : 27 <-- 0.216026 s
currentSize : 28 <-- 8.241381 s
currentSize : 29 <-- 9.256910 s
currentSize : 30 <-- 29.563683 s
currentSize : 31 <-- 29.565310 s
currentSize : 33 <-- 45.029636 s
currentSize : 34 <-- 45.029858 s
currentSize : 35 <-- 45.034065 s

maxsize : 35
nodes : 19038252.000000
filtered : 102677159.000000
time : 84.347229
