Parameters: GAD=1 vflib=1 dir=1 label=1 lowerbound=1 fileNameGp=../../cp2016-max-common-connected-subgraph-paper/datasets/graphsdb/mcs50/bvg/b06/mcs50_b06_s100.A05 fileNameGt=../../cp2016-max-common-connected-subgraph-paper/datasets/graphsdb/mcs50/bvg/b06/mcs50_b06_s100.B05
Reading graphs...
100 : 300
100 : 300
Initializing...
maxdom : 7
D->valSize : 351
Solving...
Blb : 3 (clique : 37)
currentSize : 37 <-- 0.003495 s
currentSize : 39 <-- 1.378004 s
currentSize : 40 <-- 1.381190 s
currentSize : 41 <-- 1.873850 s
currentSize : 42 <-- 31.218754 s
currentSize : 43 <-- 54.419228 s
currentSize : 44 <-- 54.419533 s
currentSize : 45 <-- 55.046879 s
currentSize : 46 <-- 489.540009 s
currentSize : 47 <-- 489.562500 s
currentSize : 48 <-- 489.562714 s

TIMEOUT
maxsize : 48
nodes : 202784324.000000
filtered : 694870511.000000
time : 1000.000061
