Parameters: GAD=1 vflib=1 dir=1 label=1 lowerbound=1 fileNameGp=../../cp2016-max-common-connected-subgraph-paper/datasets/graphsdb/mcs50/rand/r005/mcs50_r005_s60.A01 fileNameGt=../../cp2016-max-common-connected-subgraph-paper/datasets/graphsdb/mcs50/rand/r005/mcs50_r005_s60.B01
Reading graphs...
60 : 176
60 : 176
Initializing...
maxdom : 7
D->valSize : 247
Solving...
Blb : 2 (clique : 17)
currentSize : 17 <-- 0.002621 s
currentSize : 18 <-- 0.002947 s
currentSize : 19 <-- 0.003035 s
currentSize : 20 <-- 0.006372 s
currentSize : 21 <-- 0.951376 s
currentSize : 22 <-- 0.951898 s
currentSize : 23 <-- 5.313446 s
currentSize : 24 <-- 5.313559 s
currentSize : 25 <-- 5.314262 s
currentSize : 26 <-- 5.314384 s
currentSize : 27 <-- 5.314535 s
currentSize : 28 <-- 5.960482 s
currentSize : 30 <-- 5.960525 s

maxsize : 30
nodes : 1468293.000000
filtered : 10913704.000000
time : 6.716461
