Parameters: GAD=1 vflib=1 dir=1 label=1 lowerbound=1 fileNameGp=../../cp2016-max-common-connected-subgraph-paper/datasets/graphsdb/mcs50/rand/r01/mcs50_r01_s80.A03 fileNameGt=../../cp2016-max-common-connected-subgraph-paper/datasets/graphsdb/mcs50/rand/r01/mcs50_r01_s80.B03
Reading graphs...
80 : 631
80 : 631
Initializing...
maxdom : 11
D->valSize : 486
Solving...
Blb : 2 (clique : 13)
currentSize : 13 <-- 0.007088 s
currentSize : 14 <-- 0.007305 s
currentSize : 15 <-- 0.007426 s
currentSize : 16 <-- 0.007814 s
currentSize : 17 <-- 0.068208 s
currentSize : 19 <-- 0.070796 s
currentSize : 20 <-- 0.255470 s
currentSize : 21 <-- 0.275760 s
currentSize : 22 <-- 0.284880 s
currentSize : 27 <-- 0.297738 s
currentSize : 29 <-- 0.440197 s
currentSize : 31 <-- 0.630153 s
currentSize : 32 <-- 0.630407 s
currentSize : 35 <-- 0.630491 s
currentSize : 40 <-- 0.630719 s

maxsize : 40
nodes : 144464.000000
filtered : 2354200.000000
time : 0.981465
