Parameters: GAD=1 vflib=1 dir=1 label=1 lowerbound=1 fileNameGp=../../cp2016-max-common-connected-subgraph-paper/datasets/graphsdb/mcs50/m2D/m2D/mcs50_m2D_s100.A03 fileNameGt=../../cp2016-max-common-connected-subgraph-paper/datasets/graphsdb/mcs50/m2D/m2D/mcs50_m2D_s100.B03
Reading graphs...
100 : 180
100 : 180
Initializing...
maxdom : 7
D->valSize : 397
Solving...
Blb : 2 (clique : 38)
currentSize : 38 <-- 0.004171 s
currentSize : 39 <-- 0.005449 s
currentSize : 40 <-- 0.029319 s
currentSize : 41 <-- 0.234967 s
currentSize : 42 <-- 119.453682 s
currentSize : 43 <-- 516.200317 s

TIMEOUT
maxsize : 43
nodes : 188305137.000000
filtered : 907163800.000000
time : 1000.000061
