Parameters: GAD=1 vflib=1 dir=1 label=1 lowerbound=1 fileNameGp=../../cp2016-max-common-connected-subgraph-paper/datasets/graphsdb/mcs50/m3D/m3Dr4/mcs50_m3Dr4_s60.A08 fileNameGt=../../cp2016-max-common-connected-subgraph-paper/datasets/graphsdb/mcs50/m3D/m3Dr4/mcs50_m3Dr4_s60.B08
Reading graphs...
60 : 158
60 : 158
Initializing...
maxdom : 9
D->valSize : 252
Solving...
Blb : 2 (clique : 18)
currentSize : 18 <-- 0.002694 s
currentSize : 19 <-- 0.007114 s
currentSize : 20 <-- 0.017600 s
currentSize : 22 <-- 0.046244 s
currentSize : 23 <-- 0.046445 s
currentSize : 24 <-- 0.141402 s
currentSize : 25 <-- 0.174395 s
currentSize : 26 <-- 0.256285 s
currentSize : 27 <-- 0.452489 s
currentSize : 28 <-- 0.529613 s

maxsize : 28
nodes : 462903.000000
filtered : 2811744.000000
time : 2.062909
