Parameters: GAD=1 vflib=1 dir=1 label=1 lowerbound=1 fileNameGp=../../cp2016-max-common-connected-subgraph-paper/datasets/graphsdb/mcs50/m2D/m2Dr2/mcs50_m2Dr2_s100.A09 fileNameGt=../../cp2016-max-common-connected-subgraph-paper/datasets/graphsdb/mcs50/m2D/m2Dr2/mcs50_m2Dr2_s100.B09
Reading graphs...
100 : 200
100 : 200
Initializing...
maxdom : 7
D->valSize : 340
Solving...
Blb : 2 (clique : 35)
currentSize : 35 <-- 0.005588 s
currentSize : 36 <-- 0.006803 s
currentSize : 37 <-- 0.013562 s
currentSize : 38 <-- 0.161585 s
currentSize : 39 <-- 1.185808 s
currentSize : 40 <-- 1.740255 s
currentSize : 41 <-- 2.677179 s
currentSize : 42 <-- 2.677388 s
currentSize : 43 <-- 2.749358 s
currentSize : 44 <-- 4.887924 s
currentSize : 45 <-- 5.214291 s
currentSize : 46 <-- 5.214446 s
currentSize : 47 <-- 5.214747 s
currentSize : 48 <-- 5.214915 s
currentSize : 49 <-- 48.150196 s
currentSize : 50 <-- 895.642517 s
currentSize : 51 <-- 895.642700 s

TIMEOUT
maxsize : 51
nodes : 193367345.000000
filtered : 748869557.000000
time : 1000.000061
