Parameters: GAD=1 vflib=1 dir=1 label=1 lowerbound=1 fileNameGp=../../cp2016-max-common-connected-subgraph-paper/datasets/graphsdb/mcs50/rand/r01/mcs50_r01_s100.A00 fileNameGt=../../cp2016-max-common-connected-subgraph-paper/datasets/graphsdb/mcs50/rand/r01/mcs50_r01_s100.B00
Reading graphs...
100 : 989
100 : 989
Initializing...
maxdom : 7
D->valSize : 403
Solving...
Blb : 2 (clique : 22)
currentSize : 22 <-- 0.005957 s
currentSize : 28 <-- 0.074570 s
currentSize : 29 <-- 0.183082 s
currentSize : 34 <-- 0.189263 s
currentSize : 42 <-- 0.561093 s
currentSize : 50 <-- 0.563569 s

maxsize : 50
nodes : 123947.000000
filtered : 1500189.000000
time : 0.871282
