Parameters: GAD=1 vflib=1 dir=1 label=1 lowerbound=1 fileNameGp=../../cp2016-max-common-connected-subgraph-paper/datasets/graphsdb/mcs50/bvg/b03m/mcs50_b03m_s80.A01 fileNameGt=../../cp2016-max-common-connected-subgraph-paper/datasets/graphsdb/mcs50/bvg/b03m/mcs50_b03m_s80.B01
Reading graphs...
80 : 120
80 : 120
Initializing...
maxdom : 7
D->valSize : 420
Solving...
Blb : 2 (clique : 35)
currentSize : 35 <-- 0.004046 s
currentSize : 36 <-- 0.004316 s
currentSize : 37 <-- 0.004914 s
currentSize : 38 <-- 0.005011 s
currentSize : 39 <-- 1.710759 s
currentSize : 40 <-- 1.712507 s

TIMEOUT
maxsize : 40
nodes : 179396124.000000
filtered : 1342607618.000000
time : 1000.000061
