Parameters: GAD=1 vflib=1 dir=1 label=1 lowerbound=1 fileNameGp=../../cp2016-max-common-connected-subgraph-paper/datasets/graphsdb/mcs50/bvg/b06/mcs50_b06_s70.A03 fileNameGt=../../cp2016-max-common-connected-subgraph-paper/datasets/graphsdb/mcs50/bvg/b06/mcs50_b06_s70.B03
Reading graphs...
70 : 210
70 : 210
Initializing...
maxdom : 9
D->valSize : 350
Solving...
Blb : 2 (clique : 28)
currentSize : 28 <-- 0.002995 s
currentSize : 29 <-- 0.044147 s
currentSize : 30 <-- 0.453566 s
currentSize : 31 <-- 0.453764 s
currentSize : 32 <-- 0.512824 s
currentSize : 33 <-- 3.699055 s
currentSize : 34 <-- 3.699248 s
currentSize : 35 <-- 3.701155 s
currentSize : 36 <-- 110.055779 s

maxsize : 36
nodes : 33611361.000000
filtered : 249568148.000000
time : 164.740662
