Parameters: GAD=1 vflib=1 dir=1 label=1 lowerbound=1 fileNameGp=../../cp2016-max-common-connected-subgraph-paper/datasets/graphsdb/mcs50/m3D/m3Dr2/mcs50_m3Dr2_s60.A01 fileNameGt=../../cp2016-max-common-connected-subgraph-paper/datasets/graphsdb/mcs50/m3D/m3Dr2/mcs50_m3Dr2_s60.B01
Reading graphs...
60 : 146
60 : 146
Initializing...
maxdom : 7
D->valSize : 245
Solving...
Blb : 3 (clique : 23)
currentSize : 23 <-- 0.001758 s
currentSize : 24 <-- 0.136002 s
currentSize : 25 <-- 0.143352 s
currentSize : 26 <-- 0.323890 s
currentSize : 27 <-- 0.417395 s
currentSize : 28 <-- 0.558784 s

maxsize : 28
nodes : 2991569.000000
filtered : 22918128.000000
time : 13.673174
