Parameters: GAD=1 vflib=1 dir=1 label=1 lowerbound=1 fileNameGp=../../cp2016-max-common-connected-subgraph-paper/datasets/graphsdb/mcs50/bvg/b09/mcs50_b09_s80.A01 fileNameGt=../../cp2016-max-common-connected-subgraph-paper/datasets/graphsdb/mcs50/bvg/b09/mcs50_b09_s80.B01
Reading graphs...
80 : 360
80 : 360
Initializing...
maxdom : 9
D->valSize : 435
Solving...
Blb : 2 (clique : 34)
currentSize : 34 <-- 0.004170 s
currentSize : 35 <-- 0.004489 s
currentSize : 36 <-- 0.004865 s
currentSize : 37 <-- 0.005062 s
currentSize : 38 <-- 0.005393 s
currentSize : 39 <-- 0.066608 s
currentSize : 40 <-- 0.068731 s

maxsize : 40
nodes : 24112759.000000
filtered : 147133242.000000
time : 119.852692
