Parameters: GAD=1 vflib=1 dir=1 label=1 lowerbound=1 fileNameGp=../../cp2016-max-common-connected-subgraph-paper/datasets/graphsdb/mcs50/bvg/b06m/mcs50_b06m_s70.A00 fileNameGt=../../cp2016-max-common-connected-subgraph-paper/datasets/graphsdb/mcs50/bvg/b06m/mcs50_b06m_s70.B00
Reading graphs...
70 : 210
70 : 210
Initializing...
maxdom : 9
D->valSize : 339
Solving...
Blb : 3 (clique : 24)
currentSize : 24 <-- 0.002840 s
currentSize : 25 <-- 0.003093 s
currentSize : 26 <-- 0.003168 s
currentSize : 27 <-- 0.881504 s
currentSize : 28 <-- 2.259049 s
currentSize : 29 <-- 7.783230 s
currentSize : 30 <-- 17.211695 s
currentSize : 31 <-- 17.308756 s
currentSize : 33 <-- 17.311760 s
currentSize : 34 <-- 49.349979 s
currentSize : 35 <-- 49.350082 s

maxsize : 35
nodes : 19672017.000000
filtered : 114662715.000000
time : 86.925468
