Parameters: GAD=1 vflib=1 dir=1 label=1 lowerbound=1 fileNameGp=../../cp2016-max-common-connected-subgraph-paper/datasets/graphsdb/mcs50/m2D/m2D/mcs50_m2D_s70.A00 fileNameGt=../../cp2016-max-common-connected-subgraph-paper/datasets/graphsdb/mcs50/m2D/m2D/mcs50_m2D_s70.B00
Reading graphs...
70 : 123
70 : 123
Initializing...
maxdom : 9
D->valSize : 318
Solving...
Blb : 5 (clique : 24)
currentSize : 24 <-- 0.002620 s
currentSize : 30 <-- 0.002789 s
currentSize : 31 <-- 0.002856 s
currentSize : 32 <-- 0.005407 s
currentSize : 33 <-- 0.008016 s
currentSize : 34 <-- 0.009166 s
currentSize : 37 <-- 0.248781 s
currentSize : 38 <-- 0.248893 s

maxsize : 38
nodes : 7540268.000000
filtered : 46529689.000000
time : 36.307369
