Parameters: GAD=1 vflib=1 dir=1 label=1 lowerbound=1 fileNameGp=../../cp2016-max-common-connected-subgraph-paper/datasets/graphsdb/mcs50/m2D/m2Dr4/mcs50_m2Dr4_s70.A02 fileNameGt=../../cp2016-max-common-connected-subgraph-paper/datasets/graphsdb/mcs50/m2D/m2Dr4/mcs50_m2Dr4_s70.B02
Reading graphs...
70 : 151
70 : 149
Initializing...
maxdom : 9
D->valSize : 354
Solving...
Blb : 2 (clique : 29)
currentSize : 29 <-- 0.002927 s
currentSize : 31 <-- 0.003115 s
currentSize : 32 <-- 0.003249 s
currentSize : 33 <-- 0.003469 s
currentSize : 34 <-- 0.004466 s
currentSize : 35 <-- 0.004537 s
currentSize : 36 <-- 0.004908 s
currentSize : 37 <-- 0.006709 s

maxsize : 37
nodes : 5023126.000000
filtered : 38744644.000000
time : 25.982752
