Parameters: GAD=1 vflib=1 dir=1 label=1 lowerbound=1 fileNameGp=../../cp2016-max-common-connected-subgraph-paper/datasets/graphsdb/mcs50/rand/r005/mcs50_r005_s80.A08 fileNameGt=../../cp2016-max-common-connected-subgraph-paper/datasets/graphsdb/mcs50/rand/r005/mcs50_r005_s80.B08
Reading graphs...
80 : 315
80 : 315
Initializing...
maxdom : 8
D->valSize : 433
Solving...
Blb : 2 (clique : 21)
currentSize : 21 <-- 0.004153 s
currentSize : 22 <-- 0.004313 s
currentSize : 23 <-- 0.004356 s
currentSize : 24 <-- 0.004440 s
currentSize : 25 <-- 0.004492 s
currentSize : 26 <-- 0.005797 s
currentSize : 27 <-- 0.005955 s
currentSize : 29 <-- 0.006458 s
currentSize : 30 <-- 0.010709 s
currentSize : 32 <-- 0.011164 s
currentSize : 36 <-- 1.032512 s
currentSize : 40 <-- 1.032811 s

maxsize : 40
nodes : 7186372.000000
filtered : 102886312.000000
time : 46.233669
