Parameters: GAD=1 vflib=1 dir=1 label=1 lowerbound=1 fileNameGp=../../cp2016-max-common-connected-subgraph-paper/datasets/graphsdb/mcs50/bvg/b03/mcs50_b03_s90.A00 fileNameGt=../../cp2016-max-common-connected-subgraph-paper/datasets/graphsdb/mcs50/bvg/b03/mcs50_b03_s90.B00
Reading graphs...
90 : 135
90 : 135
Initializing...
maxdom : 11
D->valSize : 575
Solving...
Blb : 5 (clique : 35)
currentSize : 35 <-- 0.011871 s
currentSize : 40 <-- 0.012358 s
currentSize : 42 <-- 0.013247 s
currentSize : 43 <-- 0.679423 s
currentSize : 44 <-- 3.364153 s
currentSize : 45 <-- 5.269624 s
currentSize : 46 <-- 77.058342 s

TIMEOUT
maxsize : 46
nodes : 180092166.000000
filtered : 1238175301.000000
time : 1000.000061
