Parameters: GAD=1 vflib=1 dir=1 label=1 lowerbound=1 fileNameGp=../../cp2016-max-common-connected-subgraph-paper/datasets/graphsdb/mcs50/m3D/m3Dr6/mcs50_m3Dr6_s50.A00 fileNameGt=../../cp2016-max-common-connected-subgraph-paper/datasets/graphsdb/mcs50/m3D/m3Dr6/mcs50_m3Dr6_s50.B00
Reading graphs...
50 : 139
50 : 138
Initializing...
maxdom : 11
D->valSize : 332
Solving...
Blb : 2 (clique : 14)
currentSize : 14 <-- 0.003695 s
currentSize : 15 <-- 0.003849 s
currentSize : 16 <-- 0.004026 s
currentSize : 17 <-- 0.025020 s
currentSize : 18 <-- 0.145462 s
currentSize : 19 <-- 0.548703 s
currentSize : 20 <-- 0.847806 s
currentSize : 21 <-- 0.847915 s
currentSize : 22 <-- 0.865490 s
currentSize : 23 <-- 0.865574 s
currentSize : 26 <-- 0.919310 s
currentSize : 27 <-- 0.919424 s
currentSize : 28 <-- 1.119884 s

maxsize : 28
nodes : 268028.000000
filtered : 3856377.000000
time : 1.283951
