Parameters: GAD=1 vflib=1 dir=1 label=1 lowerbound=1 fileNameGp=../../cp2016-max-common-connected-subgraph-paper/datasets/graphsdb/mcs50/rand/r001/mcs50_r001_s100.A05 fileNameGt=../../cp2016-max-common-connected-subgraph-paper/datasets/graphsdb/mcs50/rand/r001/mcs50_r001_s100.B05
Reading graphs...
100 : 124
100 : 124
Initializing...
maxdom : 7
D->valSize : 351
Solving...
Blb : 2 (clique : 44)
currentSize : 44 <-- 0.003658 s
currentSize : 45 <-- 187.894196 s
currentSize : 46 <-- 298.791107 s
currentSize : 47 <-- 306.416931 s
currentSize : 48 <-- 468.527374 s
currentSize : 49 <-- 564.880310 s

TIMEOUT
maxsize : 49
nodes : 191681103.000000
filtered : 797652116.000000
time : 1000.000061
