Parameters: GAD=1 vflib=1 dir=1 label=1 lowerbound=1 fileNameGp=../../cp2016-max-common-connected-subgraph-paper/datasets/graphsdb/mcs50/bvg/b09m/mcs50_b09m_s70.A07 fileNameGt=../../cp2016-max-common-connected-subgraph-paper/datasets/graphsdb/mcs50/bvg/b09m/mcs50_b09m_s70.B07
Reading graphs...
70 : 315
70 : 315
Initializing...
maxdom : 7
D->valSize : 325
Solving...
Blb : 2 (clique : 19)
currentSize : 19 <-- 0.002534 s
currentSize : 20 <-- 0.002688 s
currentSize : 21 <-- 0.002795 s
currentSize : 25 <-- 0.005676 s
currentSize : 26 <-- 0.011639 s
currentSize : 27 <-- 0.068327 s
currentSize : 28 <-- 0.068465 s
currentSize : 29 <-- 0.068618 s
currentSize : 31 <-- 0.068740 s
currentSize : 32 <-- 0.069211 s
currentSize : 33 <-- 0.069521 s
currentSize : 34 <-- 0.075646 s

maxsize : 34
nodes : 1321488.000000
filtered : 8736239.000000
time : 6.199594
