Parameters: GAD=1 vflib=1 dir=1 label=1 lowerbound=1 fileNameGp=../../cp2016-max-common-connected-subgraph-paper/datasets/graphsdb/mcs50/rand/r01/mcs50_r01_s50.A06 fileNameGt=../../cp2016-max-common-connected-subgraph-paper/datasets/graphsdb/mcs50/rand/r01/mcs50_r01_s50.B06
Reading graphs...
50 : 244
50 : 244
Initializing...
maxdom : 12
D->valSize : 336
Solving...
Blb : 2 (clique : 10)
currentSize : 10 <-- 0.002296 s
currentSize : 11 <-- 0.002408 s
currentSize : 12 <-- 0.004729 s
currentSize : 13 <-- 0.012745 s
currentSize : 14 <-- 0.012838 s
currentSize : 15 <-- 0.012876 s
currentSize : 16 <-- 0.018798 s
currentSize : 17 <-- 0.025953 s
currentSize : 18 <-- 0.037285 s
currentSize : 20 <-- 0.099565 s
currentSize : 21 <-- 0.122655 s
currentSize : 22 <-- 0.122839 s
currentSize : 25 <-- 0.143078 s

maxsize : 25
nodes : 36562.000000
filtered : 742665.000000
time : 0.196467
