Parameters: GAD=1 vflib=1 dir=1 label=1 lowerbound=1 fileNameGp=../../cp2016-max-common-connected-subgraph-paper/datasets/graphsdb/mcs50/m3D/m3D/mcs50_m3D_s60.A09 fileNameGt=../../cp2016-max-common-connected-subgraph-paper/datasets/graphsdb/mcs50/m3D/m3D/mcs50_m3D_s60.B09
Reading graphs...
60 : 134
60 : 134
Initializing...
maxdom : 7
D->valSize : 252
Solving...
Blb : 2 (clique : 21)
currentSize : 21 <-- 0.001786 s
currentSize : 22 <-- 0.005691 s
currentSize : 23 <-- 0.643598 s
currentSize : 24 <-- 3.016499 s
currentSize : 25 <-- 9.073975 s
currentSize : 26 <-- 10.069552 s
currentSize : 27 <-- 11.869908 s
currentSize : 28 <-- 17.542311 s
currentSize : 29 <-- 32.735962 s

maxsize : 29
nodes : 11859856.000000
filtered : 89562433.000000
time : 54.077187
