Parameters: GAD=1 vflib=1 dir=1 label=1 lowerbound=1 fileNameGp=../../cp2016-max-common-connected-subgraph-paper/datasets/graphsdb/mcs50/bvg/b09/mcs50_b09_s100.A08 fileNameGt=../../cp2016-max-common-connected-subgraph-paper/datasets/graphsdb/mcs50/bvg/b09/mcs50_b09_s100.B08
Reading graphs...
100 : 450
100 : 450
Initializing...
maxdom : 7
D->valSize : 401
Solving...
Blb : 2 (clique : 25)
currentSize : 25 <-- 0.004106 s
currentSize : 26 <-- 0.004338 s
currentSize : 27 <-- 0.004500 s
currentSize : 28 <-- 0.004693 s
currentSize : 29 <-- 0.004897 s
currentSize : 30 <-- 0.009136 s
currentSize : 31 <-- 0.417601 s
currentSize : 32 <-- 0.427338 s
currentSize : 33 <-- 0.720552 s
currentSize : 34 <-- 1.695053 s
currentSize : 35 <-- 31.918440 s
currentSize : 36 <-- 31.920612 s
currentSize : 37 <-- 31.957478 s
currentSize : 38 <-- 31.960377 s
currentSize : 39 <-- 77.085365 s
currentSize : 40 <-- 77.085548 s
currentSize : 41 <-- 77.087425 s
currentSize : 42 <-- 77.121666 s
currentSize : 43 <-- 77.123611 s
currentSize : 45 <-- 124.355789 s
currentSize : 46 <-- 307.967438 s
currentSize : 47 <-- 732.209106 s

TIMEOUT
maxsize : 47
nodes : 187268668.000000
filtered : 845583222.000000
time : 1000.000061
