Parameters: GAD=1 vflib=1 dir=1 label=1 lowerbound=1 fileNameGp=../../cp2016-max-common-connected-subgraph-paper/datasets/graphsdb/mcs50/rand/r005/mcs50_r005_s40.A05 fileNameGt=../../cp2016-max-common-connected-subgraph-paper/datasets/graphsdb/mcs50/rand/r005/mcs50_r005_s40.B05
Reading graphs...
40 : 78
40 : 78
Initializing...
maxdom : 8
D->valSize : 216
Solving...
Blb : 2 (clique : 12)
currentSize : 12 <-- 0.001147 s
currentSize : 14 <-- 0.001204 s
currentSize : 15 <-- 0.001270 s
currentSize : 16 <-- 0.003184 s
currentSize : 17 <-- 0.019264 s
currentSize : 18 <-- 0.181269 s
currentSize : 19 <-- 0.619322 s
currentSize : 20 <-- 0.632297 s
currentSize : 21 <-- 0.635603 s

maxsize : 21
nodes : 161962.000000
filtered : 1553626.000000
time : 0.739284
