Parameters: GAD=1 vflib=1 dir=1 label=1 lowerbound=1 fileNameGp=../../cp2016-max-common-connected-subgraph-paper/datasets/graphsdb/mcs50/bvg/b09m/mcs50_b09m_s70.A00 fileNameGt=../../cp2016-max-common-connected-subgraph-paper/datasets/graphsdb/mcs50/bvg/b09m/mcs50_b09m_s70.B00
Reading graphs...
70 : 315
70 : 315
Initializing...
maxdom : 8
D->valSize : 322
Solving...
Blb : 3 (clique : 18)
currentSize : 18 <-- 0.002519 s
currentSize : 19 <-- 0.003791 s
currentSize : 20 <-- 0.047738 s
currentSize : 21 <-- 0.048354 s
currentSize : 22 <-- 0.054045 s
currentSize : 23 <-- 0.071567 s
currentSize : 24 <-- 9.417918 s
currentSize : 25 <-- 9.418222 s
currentSize : 26 <-- 9.418852 s
currentSize : 28 <-- 9.419394 s
currentSize : 30 <-- 9.428090 s
currentSize : 31 <-- 11.535958 s
currentSize : 33 <-- 11.536002 s
currentSize : 34 <-- 14.057317 s

maxsize : 34
nodes : 3015488.000000
filtered : 31976995.000000
time : 16.150181
