Parameters: GAD=1 vflib=1 dir=1 label=1 lowerbound=1 fileNameGp=../../cp2016-max-common-connected-subgraph-paper/datasets/graphsdb/mcs50/bvg/b06m/mcs50_b06m_s80.A05 fileNameGt=../../cp2016-max-common-connected-subgraph-paper/datasets/graphsdb/mcs50/bvg/b06m/mcs50_b06m_s80.B05
Reading graphs...
80 : 240
80 : 240
Initializing...
maxdom : 9
D->valSize : 428
Solving...
Blb : 2 (clique : 31)
currentSize : 31 <-- 0.003985 s
currentSize : 32 <-- 0.004235 s
currentSize : 36 <-- 0.006698 s
currentSize : 39 <-- 37.254189 s
currentSize : 40 <-- 37.254513 s
currentSize : 41 <-- 336.744202 s

maxsize : 41
nodes : 153445776.000000
filtered : 1211368500.000000
time : 840.274475
