Parameters: GAD=1 vflib=1 dir=1 label=1 lowerbound=1 fileNameGp=../../cp2016-max-common-connected-subgraph-paper/datasets/graphsdb/mcs50/m3D/m3Dr4/mcs50_m3Dr4_s50.A04 fileNameGt=../../cp2016-max-common-connected-subgraph-paper/datasets/graphsdb/mcs50/m3D/m3Dr4/mcs50_m3Dr4_s50.B04
Reading graphs...
50 : 129
50 : 129
Initializing...
maxdom : 8
D->valSize : 321
Solving...
Blb : 2 (clique : 15)
currentSize : 15 <-- 0.002291 s
currentSize : 20 <-- 0.002393 s
currentSize : 21 <-- 1.126921 s
currentSize : 22 <-- 1.879252 s
currentSize : 23 <-- 3.337287 s
currentSize : 25 <-- 10.041456 s
currentSize : 27 <-- 28.586536 s

maxsize : 27
nodes : 7207517.000000
filtered : 92509916.000000
time : 32.922684
