Parameters: GAD=1 vflib=1 dir=1 label=1 lowerbound=1 fileNameGp=../../cp2016-max-common-connected-subgraph-paper/datasets/graphsdb/mcs50/bvg/b03/mcs50_b03_s70.A04 fileNameGt=../../cp2016-max-common-connected-subgraph-paper/datasets/graphsdb/mcs50/bvg/b03/mcs50_b03_s70.B04
Reading graphs...
70 : 105
70 : 105
Initializing...
maxdom : 10
D->valSize : 344
Solving...
Blb : 2 (clique : 29)
currentSize : 29 <-- 0.004782 s
currentSize : 30 <-- 0.005328 s
currentSize : 31 <-- 0.151342 s
currentSize : 32 <-- 76.999352 s
currentSize : 33 <-- 139.008209 s
currentSize : 34 <-- 139.161087 s
currentSize : 35 <-- 220.899506 s
currentSize : 36 <-- 222.035202 s
currentSize : 37 <-- 845.677246 s

TIMEOUT
maxsize : 37
nodes : 203326384.000000
filtered : 1500817189.000000
time : 1000.000061
