Parameters: GAD=1 vflib=1 dir=1 label=1 lowerbound=1 fileNameGp=../../cp2016-max-common-connected-subgraph-paper/datasets/graphsdb/mcs50/bvg/b03/mcs50_b03_s70.A09 fileNameGt=../../cp2016-max-common-connected-subgraph-paper/datasets/graphsdb/mcs50/bvg/b03/mcs50_b03_s70.B09
Reading graphs...
70 : 105
70 : 105
Initializing...
maxdom : 8
D->valSize : 342
Solving...
Blb : 2 (clique : 28)
currentSize : 28 <-- 0.004698 s
currentSize : 29 <-- 0.004990 s
currentSize : 30 <-- 0.018831 s
currentSize : 31 <-- 0.288902 s
currentSize : 32 <-- 26.223024 s
currentSize : 33 <-- 60.844734 s
currentSize : 34 <-- 61.960609 s
currentSize : 35 <-- 62.110504 s

TIMEOUT
maxsize : 35
nodes : 206737712.000000
filtered : 1556255026.000000
time : 1000.000000
