Parameters: GAD=1 vflib=1 dir=1 label=1 lowerbound=1 fileNameGp=../../cp2016-max-common-connected-subgraph-paper/datasets/graphsdb/mcs50/bvg/b03/mcs50_b03_s50.A05 fileNameGt=../../cp2016-max-common-connected-subgraph-paper/datasets/graphsdb/mcs50/bvg/b03/mcs50_b03_s50.B05
Reading graphs...
50 : 75
50 : 75
Initializing...
maxdom : 9
D->valSize : 313
Solving...
Blb : 2 (clique : 21)
currentSize : 21 <-- 0.002153 s
currentSize : 22 <-- 0.003252 s
currentSize : 23 <-- 0.029033 s
currentSize : 24 <-- 1.737240 s
currentSize : 25 <-- 1.737323 s
currentSize : 26 <-- 1.738432 s
currentSize : 27 <-- 3.588815 s

maxsize : 27
nodes : 14122107.000000
filtered : 201172314.000000
time : 71.494423
