Parameters: GAD=1 vflib=1 dir=1 label=1 lowerbound=1 fileNameGp=../../cp2016-max-common-connected-subgraph-paper/datasets/graphsdb/mcs50/m2D/m2Dr2/mcs50_m2Dr2_s70.A04 fileNameGt=../../cp2016-max-common-connected-subgraph-paper/datasets/graphsdb/mcs50/m2D/m2Dr2/mcs50_m2Dr2_s70.B04
Reading graphs...
70 : 137
70 : 137
Initializing...
maxdom : 7
D->valSize : 324
Solving...
Blb : 2 (clique : 32)
currentSize : 32 <-- 0.002690 s
currentSize : 33 <-- 1.318747 s
currentSize : 34 <-- 13.745562 s
currentSize : 36 <-- 13.876055 s
currentSize : 37 <-- 18.941263 s
currentSize : 38 <-- 89.971107 s
currentSize : 39 <-- 90.181419 s

maxsize : 39
nodes : 102048036.000000
filtered : 521731062.000000
time : 456.519806
