Parameters: GAD=1 vflib=1 dir=1 label=1 lowerbound=1 fileNameGp=../../cp2016-max-common-connected-subgraph-paper/datasets/graphsdb/mcs50/m2D/m2Dr4/mcs50_m2Dr4_s60.A02 fileNameGt=../../cp2016-max-common-connected-subgraph-paper/datasets/graphsdb/mcs50/m2D/m2Dr4/mcs50_m2Dr4_s60.B02
Reading graphs...
60 : 128
60 : 128
Initializing...
maxdom : 8
D->valSize : 253
Solving...
Blb : 2 (clique : 23)
currentSize : 23 <-- 0.001788 s
currentSize : 24 <-- 0.001946 s
currentSize : 26 <-- 0.002374 s
currentSize : 27 <-- 0.002491 s
currentSize : 28 <-- 0.012717 s
currentSize : 29 <-- 0.013677 s

maxsize : 29
nodes : 3672276.000000
filtered : 23557905.000000
time : 16.023706
