Parameters: GAD=1 vflib=1 dir=1 label=1 lowerbound=1 fileNameGp=../../cp2016-max-common-connected-subgraph-paper/datasets/graphsdb/mcs50/m3D/m3Dr6/mcs50_m3Dr6_s60.A06 fileNameGt=../../cp2016-max-common-connected-subgraph-paper/datasets/graphsdb/mcs50/m3D/m3Dr6/mcs50_m3Dr6_s60.B06
Reading graphs...
60 : 170
60 : 169
Initializing...
maxdom : 9
D->valSize : 275
Solving...
Blb : 2 (clique : 18)
currentSize : 18 <-- 0.001902 s
currentSize : 19 <-- 0.005864 s
currentSize : 20 <-- 0.006514 s
currentSize : 21 <-- 0.012206 s
currentSize : 22 <-- 0.012643 s
currentSize : 23 <-- 0.015701 s
currentSize : 24 <-- 5.698567 s
currentSize : 25 <-- 8.271130 s
currentSize : 26 <-- 8.766506 s
currentSize : 27 <-- 8.766653 s
currentSize : 28 <-- 8.771031 s
currentSize : 29 <-- 9.925961 s
currentSize : 30 <-- 9.926973 s

maxsize : 30
nodes : 2342944.000000
filtered : 22927271.000000
time : 11.144258
