Parameters: GAD=1 vflib=1 dir=1 label=1 lowerbound=1 fileNameGp=../../cp2016-max-common-connected-subgraph-paper/datasets/graphsdb/mcs50/bvg/b06/mcs50_b06_s50.A03 fileNameGt=../../cp2016-max-common-connected-subgraph-paper/datasets/graphsdb/mcs50/bvg/b06/mcs50_b06_s50.B03
Reading graphs...
50 : 150
50 : 150
Initializing...
maxdom : 9
D->valSize : 332
Solving...
Blb : 2 (clique : 17)
currentSize : 17 <-- 0.003564 s
currentSize : 18 <-- 0.003728 s
currentSize : 19 <-- 0.003939 s
currentSize : 20 <-- 0.004212 s
currentSize : 23 <-- 0.004980 s
currentSize : 25 <-- 0.006608 s
currentSize : 26 <-- 0.008588 s

maxsize : 26
nodes : 353546.000000
filtered : 4879999.000000
time : 1.697518
