Parameters: GAD=1 vflib=1 dir=1 label=1 lowerbound=1 fileNameGp=../../cp2016-max-common-connected-subgraph-paper/datasets/graphsdb/mcs50/bvg/b09m/mcs50_b09m_s70.A06 fileNameGt=../../cp2016-max-common-connected-subgraph-paper/datasets/graphsdb/mcs50/bvg/b09m/mcs50_b09m_s70.B06
Reading graphs...
70 : 315
70 : 315
Initializing...
maxdom : 10
D->valSize : 348
Solving...
Blb : 3 (clique : 27)
currentSize : 27 <-- 0.004491 s
currentSize : 29 <-- 0.054678 s
currentSize : 30 <-- 0.241947 s
currentSize : 31 <-- 1.375105 s
currentSize : 32 <-- 3.350176 s
currentSize : 33 <-- 5.443058 s
currentSize : 34 <-- 5.443156 s

maxsize : 34
nodes : 2484288.000000
filtered : 14210093.000000
time : 10.775091
