Parameters: GAD=1 vflib=1 dir=1 label=1 lowerbound=1 fileNameGp=../../cp2016-max-common-connected-subgraph-paper/datasets/graphsdb/mcs50/m2D/m2Dr4/mcs50_m2Dr4_s80.A02 fileNameGt=../../cp2016-max-common-connected-subgraph-paper/datasets/graphsdb/mcs50/m2D/m2Dr4/mcs50_m2Dr4_s80.B02
Reading graphs...
80 : 174
80 : 174
Initializing...
maxdom : 8
D->valSize : 400
Solving...
Blb : 2 (clique : 24)
currentSize : 24 <-- 0.003742 s
currentSize : 31 <-- 0.003927 s
currentSize : 32 <-- 0.004250 s
currentSize : 33 <-- 0.005251 s
currentSize : 34 <-- 0.012239 s
currentSize : 35 <-- 0.072946 s
currentSize : 36 <-- 523.031433 s
currentSize : 37 <-- 523.037964 s
currentSize : 38 <-- 523.075500 s

TIMEOUT
maxsize : 38
nodes : 183130231.000000
filtered : 1737244799.000000
time : 1000.000000
