Parameters: GAD=1 vflib=1 dir=1 label=1 lowerbound=1 fileNameGp=../../cp2016-max-common-connected-subgraph-paper/datasets/graphsdb/mcs50/m3D/m3Dr4/mcs50_m3Dr4_s50.A01 fileNameGt=../../cp2016-max-common-connected-subgraph-paper/datasets/graphsdb/mcs50/m3D/m3Dr4/mcs50_m3Dr4_s50.B01
Reading graphs...
50 : 128
50 : 127
Initializing...
maxdom : 13
D->valSize : 361
Solving...
Blb : 2 (clique : 21)
currentSize : 21 <-- 0.002610 s
currentSize : 22 <-- 13.502636 s
currentSize : 23 <-- 31.138821 s
currentSize : 25 <-- 34.887432 s
currentSize : 26 <-- 38.231644 s
currentSize : 27 <-- 40.341457 s

maxsize : 27
nodes : 9218356.000000
filtered : 126748270.000000
time : 42.752617
