Parameters: GAD=1 vflib=1 dir=1 label=1 lowerbound=1 fileNameGp=../../cp2016-max-common-connected-subgraph-paper/datasets/graphsdb/mcs50/bvg/b06m/mcs50_b06m_s100.A03 fileNameGt=../../cp2016-max-common-connected-subgraph-paper/datasets/graphsdb/mcs50/bvg/b06m/mcs50_b06m_s100.B03
Reading graphs...
100 : 300
100 : 300
Initializing...
maxdom : 7
D->valSize : 399
Solving...
Blb : 3 (clique : 32)
currentSize : 32 <-- 0.004081 s
currentSize : 33 <-- 4.630984 s
currentSize : 34 <-- 24.154348 s
currentSize : 35 <-- 33.075012 s
currentSize : 36 <-- 196.812378 s
currentSize : 37 <-- 196.818817 s
currentSize : 38 <-- 297.401611 s

TIMEOUT
maxsize : 38
nodes : 190890100.000000
filtered : 933357112.000000
time : 1000.000000
