Parameters: GAD=1 vflib=1 dir=1 label=1 lowerbound=1 fileNameGp=../../cp2016-max-common-connected-subgraph-paper/datasets/graphsdb/mcs50/rand/r01/mcs50_r01_s80.A08 fileNameGt=../../cp2016-max-common-connected-subgraph-paper/datasets/graphsdb/mcs50/rand/r01/mcs50_r01_s80.B08
Reading graphs...
80 : 631
80 : 631
Initializing...
maxdom : 9
D->valSize : 446
Solving...
Blb : 2 (clique : 12)
currentSize : 12 <-- 0.003973 s
currentSize : 13 <-- 0.004106 s
currentSize : 14 <-- 0.005013 s
currentSize : 15 <-- 0.010733 s
currentSize : 16 <-- 0.024854 s
currentSize : 18 <-- 0.025243 s
currentSize : 21 <-- 0.181473 s
currentSize : 23 <-- 0.183893 s
currentSize : 24 <-- 0.538755 s
currentSize : 25 <-- 0.615515 s
currentSize : 26 <-- 0.615937 s
currentSize : 32 <-- 0.616200 s
currentSize : 34 <-- 1.405815 s
currentSize : 40 <-- 1.405968 s

maxsize : 40
nodes : 321469.000000
filtered : 4174529.000000
time : 1.940142
