Parameters: GAD=1 vflib=1 dir=1 label=1 lowerbound=1 fileNameGp=../../cp2016-max-common-connected-subgraph-paper/datasets/graphsdb/mcs50/m2D/m2D/mcs50_m2D_s90.A03 fileNameGt=../../cp2016-max-common-connected-subgraph-paper/datasets/graphsdb/mcs50/m2D/m2D/mcs50_m2D_s90.B03
Reading graphs...
90 : 161
90 : 161
Initializing...
maxdom : 10
D->valSize : 548
Solving...
Blb : 2 (clique : 44)
currentSize : 44 <-- 0.006475 s
currentSize : 45 <-- 0.007408 s
currentSize : 46 <-- 0.009478 s
currentSize : 47 <-- 0.013448 s
currentSize : 48 <-- 0.029575 s
currentSize : 49 <-- 0.032110 s
currentSize : 50 <-- 0.037120 s
currentSize : 51 <-- 0.047433 s

TIMEOUT
maxsize : 51
nodes : 188279508.000000
filtered : 1006206615.000000
time : 1000.000061
