Parameters: GAD=1 vflib=1 dir=1 label=1 lowerbound=1 fileNameGp=../../cp2016-max-common-connected-subgraph-paper/datasets/graphsdb/mcs50/rand/r001/mcs50_r001_s100.A02 fileNameGt=../../cp2016-max-common-connected-subgraph-paper/datasets/graphsdb/mcs50/rand/r001/mcs50_r001_s100.B02
Reading graphs...
100 : 124
100 : 124
Initializing...
maxdom : 6
D->valSize : 348
Solving...
Blb : 2 (clique : 42)
currentSize : 42 <-- 0.003522 s
currentSize : 43 <-- 0.003887 s
currentSize : 44 <-- 0.004059 s
currentSize : 45 <-- 0.004256 s
currentSize : 46 <-- 0.004741 s
currentSize : 47 <-- 234.093994 s

TIMEOUT
maxsize : 47
nodes : 184669992.000000
filtered : 820951995.000000
time : 1000.000061
