Parameters: GAD=1 vflib=1 dir=1 label=1 lowerbound=1 fileNameGp=../../cp2016-max-common-connected-subgraph-paper/datasets/graphsdb/mcs50/rand/r005/mcs50_r005_s100.A09 fileNameGt=../../cp2016-max-common-connected-subgraph-paper/datasets/graphsdb/mcs50/rand/r005/mcs50_r005_s100.B09
Reading graphs...
100 : 494
100 : 494
Initializing...
maxdom : 9
D->valSize : 357
Solving...
Blb : 2 (clique : 21)
currentSize : 21 <-- 0.003403 s
currentSize : 23 <-- 0.005117 s
currentSize : 24 <-- 0.010178 s
currentSize : 25 <-- 0.119128 s
currentSize : 26 <-- 1.000565 s
currentSize : 27 <-- 1.003283 s
currentSize : 28 <-- 1.053613 s
currentSize : 29 <-- 1.057228 s
currentSize : 30 <-- 1.109360 s
currentSize : 31 <-- 4.841048 s
currentSize : 32 <-- 4.862202 s
currentSize : 34 <-- 4.862594 s
currentSize : 37 <-- 5.356759 s
currentSize : 38 <-- 5.357282 s
currentSize : 41 <-- 5.357435 s
currentSize : 42 <-- 7.891398 s
currentSize : 43 <-- 13.250037 s
currentSize : 47 <-- 13.250312 s
currentSize : 50 <-- 19.869724 s

maxsize : 50
nodes : 5290331.000000
filtered : 46206832.000000
time : 33.991264
