Parameters: GAD=1 vflib=1 dir=1 label=1 lowerbound=1 fileNameGp=../../cp2016-max-common-connected-subgraph-paper/datasets/graphsdb/mcs50/m3D/m3Dr6/mcs50_m3Dr6_s60.A04 fileNameGt=../../cp2016-max-common-connected-subgraph-paper/datasets/graphsdb/mcs50/m3D/m3Dr6/mcs50_m3Dr6_s60.B04
Reading graphs...
60 : 170
60 : 170
Initializing...
maxdom : 9
D->valSize : 236
Solving...
Blb : 2 (clique : 18)
currentSize : 18 <-- 0.001585 s
currentSize : 19 <-- 0.001697 s
currentSize : 20 <-- 0.001756 s
currentSize : 21 <-- 0.002497 s
currentSize : 22 <-- 0.009316 s
currentSize : 23 <-- 0.010006 s
currentSize : 24 <-- 1.851995 s
currentSize : 26 <-- 3.219389 s
currentSize : 27 <-- 3.278228 s
currentSize : 28 <-- 3.278327 s
currentSize : 29 <-- 3.282074 s

maxsize : 29
nodes : 942678.000000
filtered : 5353615.000000
time : 3.896692
