Parameters: GAD=1 vflib=1 dir=1 label=1 lowerbound=1 fileNameGp=../../cp2016-max-common-connected-subgraph-paper/datasets/graphsdb/mcs50/m2D/m2Dr2/mcs50_m2Dr2_s90.A06 fileNameGt=../../cp2016-max-common-connected-subgraph-paper/datasets/graphsdb/mcs50/m2D/m2Dr2/mcs50_m2Dr2_s90.B06
Reading graphs...
90 : 179
90 : 179
Initializing...
maxdom : 10
D->valSize : 538
Solving...
Blb : 2 (clique : 40)
currentSize : 40 <-- 0.006408 s
currentSize : 43 <-- 0.006792 s
currentSize : 44 <-- 0.008679 s
currentSize : 45 <-- 0.023200 s
currentSize : 46 <-- 0.024380 s
currentSize : 47 <-- 0.051901 s
currentSize : 48 <-- 0.736475 s
currentSize : 49 <-- 0.743492 s
currentSize : 50 <-- 0.871966 s
currentSize : 51 <-- 1.210605 s
currentSize : 52 <-- 1.308514 s

TIMEOUT
maxsize : 52
nodes : 193448313.000000
filtered : 960424022.000000
time : 1000.000061
