Parameters: GAD=1 vflib=1 dir=1 label=1 lowerbound=1 fileNameGp=../../cp2016-max-common-connected-subgraph-paper/datasets/graphsdb/mcs50/rand/r01/mcs50_r01_s80.A02 fileNameGt=../../cp2016-max-common-connected-subgraph-paper/datasets/graphsdb/mcs50/rand/r01/mcs50_r01_s80.B02
Reading graphs...
80 : 631
80 : 631
Initializing...
maxdom : 8
D->valSize : 404
Solving...
Blb : 3 (clique : 17)
currentSize : 17 <-- 0.005360 s
currentSize : 20 <-- 0.017228 s
currentSize : 21 <-- 0.042348 s
currentSize : 23 <-- 0.134918 s
currentSize : 24 <-- 0.380390 s
currentSize : 27 <-- 0.545381 s
currentSize : 29 <-- 0.902330 s
currentSize : 35 <-- 0.902654 s
currentSize : 40 <-- 0.902766 s

maxsize : 40
nodes : 181271.000000
filtered : 2823972.000000
time : 1.146979
