Parameters: GAD=1 vflib=1 dir=1 label=1 lowerbound=1 fileNameGp=../../cp2016-max-common-connected-subgraph-paper/datasets/graphsdb/mcs50/rand/r005/mcs50_r005_s70.A06 fileNameGt=../../cp2016-max-common-connected-subgraph-paper/datasets/graphsdb/mcs50/rand/r005/mcs50_r005_s70.B06
Reading graphs...
70 : 240
70 : 240
Initializing...
maxdom : 7
D->valSize : 328
Solving...
Blb : 2 (clique : 28)
currentSize : 28 <-- 0.002543 s
currentSize : 29 <-- 0.002760 s
currentSize : 30 <-- 0.003703 s
currentSize : 31 <-- 0.003863 s
currentSize : 32 <-- 0.004157 s
currentSize : 33 <-- 0.004349 s
currentSize : 34 <-- 1.802098 s
currentSize : 35 <-- 1.802240 s

maxsize : 35
nodes : 4947994.000000
filtered : 43051271.000000
time : 25.157640
