Parameters: GAD=1 vflib=1 dir=1 label=1 lowerbound=1 fileNameGp=../../cp2016-max-common-connected-subgraph-paper/datasets/graphsdb/mcs50/rand/r01/mcs50_r01_s80.A04 fileNameGt=../../cp2016-max-common-connected-subgraph-paper/datasets/graphsdb/mcs50/rand/r01/mcs50_r01_s80.B04
Reading graphs...
80 : 631
80 : 631
Initializing...
maxdom : 9
D->valSize : 406
Solving...
Blb : 2 (clique : 15)
currentSize : 15 <-- 0.003506 s
currentSize : 16 <-- 0.008808 s
currentSize : 18 <-- 0.008852 s
currentSize : 20 <-- 0.074190 s
currentSize : 21 <-- 0.242194 s
currentSize : 25 <-- 0.566566 s
currentSize : 27 <-- 0.700071 s
currentSize : 28 <-- 0.780287 s
currentSize : 29 <-- 0.827851 s
currentSize : 40 <-- 0.828257 s

maxsize : 40
nodes : 161713.000000
filtered : 2231049.000000
time : 0.971427
