Parameters: GAD=1 vflib=1 dir=1 label=1 lowerbound=1 fileNameGp=../../cp2016-max-common-connected-subgraph-paper/datasets/graphsdb/mcs50/m3D/m3Dr6/mcs50_m3Dr6_s50.A09 fileNameGt=../../cp2016-max-common-connected-subgraph-paper/datasets/graphsdb/mcs50/m3D/m3Dr6/mcs50_m3Dr6_s50.B09
Reading graphs...
50 : 139
50 : 138
Initializing...
maxdom : 10
D->valSize : 339
Solving...
Blb : 2 (clique : 15)
currentSize : 15 <-- 0.003675 s
currentSize : 16 <-- 0.003864 s
currentSize : 17 <-- 0.025821 s
currentSize : 18 <-- 0.025889 s
currentSize : 19 <-- 0.972926 s
currentSize : 20 <-- 1.589867 s
currentSize : 21 <-- 1.719373 s
currentSize : 22 <-- 4.412593 s
currentSize : 24 <-- 4.412743 s
currentSize : 25 <-- 4.413016 s
currentSize : 26 <-- 7.106118 s
currentSize : 27 <-- 7.106206 s
currentSize : 28 <-- 7.473419 s

maxsize : 28
nodes : 1905355.000000
filtered : 23573904.000000
time : 8.885611
