Parameters: GAD=1 vflib=1 dir=1 label=1 lowerbound=1 fileNameGp=../../cp2016-max-common-connected-subgraph-paper/datasets/graphsdb/mcs50/rand/r005/mcs50_r005_s100.A05 fileNameGt=../../cp2016-max-common-connected-subgraph-paper/datasets/graphsdb/mcs50/rand/r005/mcs50_r005_s100.B05
Reading graphs...
100 : 494
100 : 494
Initializing...
maxdom : 8
D->valSize : 357
Solving...
Blb : 2 (clique : 22)
currentSize : 22 <-- 0.003404 s
currentSize : 23 <-- 0.396934 s
currentSize : 24 <-- 0.685642 s
currentSize : 25 <-- 0.696194 s
currentSize : 26 <-- 1.155544 s
currentSize : 27 <-- 1.364810 s
currentSize : 28 <-- 1.421092 s
currentSize : 29 <-- 1.637900 s
currentSize : 30 <-- 1.685571 s
currentSize : 31 <-- 2.361086 s
currentSize : 32 <-- 2.366268 s
currentSize : 33 <-- 2.404322 s
currentSize : 38 <-- 3.713704 s
currentSize : 42 <-- 7.704307 s
currentSize : 43 <-- 12.401941 s
currentSize : 46 <-- 12.408581 s
currentSize : 50 <-- 17.659653 s

maxsize : 50
nodes : 3854336.000000
filtered : 33173478.000000
time : 25.364120
