Parameters: GAD=1 vflib=1 dir=1 label=1 lowerbound=1 fileNameGp=../../cp2016-max-common-connected-subgraph-paper/datasets/graphsdb/mcs50/m3D/m3Dr6/mcs50_m3Dr6_s50.A02 fileNameGt=../../cp2016-max-common-connected-subgraph-paper/datasets/graphsdb/mcs50/m3D/m3Dr6/mcs50_m3Dr6_s50.B02
Reading graphs...
50 : 139
50 : 138
Initializing...
maxdom : 8
D->valSize : 324
Solving...
Blb : 2 (clique : 20)
currentSize : 20 <-- 0.002203 s
currentSize : 22 <-- 0.002405 s
currentSize : 23 <-- 0.002510 s
currentSize : 24 <-- 2.455016 s
currentSize : 25 <-- 2.455130 s
currentSize : 26 <-- 3.521430 s
currentSize : 27 <-- 5.329301 s

maxsize : 27
nodes : 1199422.000000
filtered : 17342226.000000
time : 6.017266
