Parameters: GAD=1 vflib=1 dir=1 label=1 lowerbound=1 fileNameGp=../../cp2016-max-common-connected-subgraph-paper/datasets/graphsdb/mcs50/m3D/m3Dr6/mcs50_m3Dr6_s60.A08 fileNameGt=../../cp2016-max-common-connected-subgraph-paper/datasets/graphsdb/mcs50/m3D/m3Dr6/mcs50_m3Dr6_s60.B08
Reading graphs...
60 : 170
60 : 169
Initializing...
maxdom : 8
D->valSize : 266
Solving...
Blb : 5 (clique : 18)
currentSize : 18 <-- 0.001860 s
currentSize : 19 <-- 0.002259 s
currentSize : 20 <-- 0.002335 s
currentSize : 22 <-- 0.005679 s
currentSize : 23 <-- 0.005776 s
currentSize : 24 <-- 0.006003 s
currentSize : 25 <-- 0.074982 s
currentSize : 26 <-- 0.198176 s
currentSize : 27 <-- 0.372653 s
currentSize : 29 <-- 2.165174 s

maxsize : 29
nodes : 1038971.000000
filtered : 5433778.000000
time : 4.311733
