Parameters: GAD=1 vflib=1 dir=1 label=1 lowerbound=1 fileNameGp=../../cp2016-max-common-connected-subgraph-paper/datasets/graphsdb/mcs50/bvg/b06m/mcs50_b06m_s90.A01 fileNameGt=../../cp2016-max-common-connected-subgraph-paper/datasets/graphsdb/mcs50/bvg/b06m/mcs50_b06m_s90.B01
Reading graphs...
90 : 270
90 : 270
Initializing...
maxdom : 12
D->valSize : 588
Solving...
Blb : 2 (clique : 37)
currentSize : 37 <-- 0.011138 s
currentSize : 38 <-- 284.482758 s
currentSize : 39 <-- 296.062561 s
currentSize : 40 <-- 361.478394 s
currentSize : 42 <-- 691.230286 s
currentSize : 43 <-- 691.943909 s
currentSize : 44 <-- 692.372681 s
currentSize : 45 <-- 695.432373 s
currentSize : 46 <-- 695.698608 s
currentSize : 47 <-- 695.698669 s

TIMEOUT
maxsize : 47
nodes : 165023956.000000
filtered : 1647877698.000000
time : 1000.000061
