Parameters: GAD=1 vflib=1 dir=1 label=1 lowerbound=1 fileNameGp=../../cp2016-max-common-connected-subgraph-paper/datasets/graphsdb/mcs50/m2D/m2Dr2/mcs50_m2Dr2_s70.A03 fileNameGt=../../cp2016-max-common-connected-subgraph-paper/datasets/graphsdb/mcs50/m2D/m2Dr2/mcs50_m2Dr2_s70.B03
Reading graphs...
70 : 137
70 : 136
Initializing...
maxdom : 8
D->valSize : 349
Solving...
Blb : 2 (clique : 32)
currentSize : 32 <-- 0.002997 s
currentSize : 34 <-- 0.003908 s
currentSize : 35 <-- 0.005346 s
currentSize : 36 <-- 0.056432 s
currentSize : 38 <-- 17.758848 s
currentSize : 39 <-- 17.781893 s
currentSize : 40 <-- 19.178379 s

maxsize : 40
nodes : 57960298.000000
filtered : 384237954.000000
time : 263.516998
