Parameters: GAD=1 vflib=1 dir=1 label=1 lowerbound=1 fileNameGp=../../cp2016-max-common-connected-subgraph-paper/datasets/graphsdb/mcs50/bvg/b03m/mcs50_b03m_s60.A09 fileNameGt=../../cp2016-max-common-connected-subgraph-paper/datasets/graphsdb/mcs50/bvg/b03m/mcs50_b03m_s60.B09
Reading graphs...
60 : 90
60 : 90
Initializing...
maxdom : 8
D->valSize : 280
Solving...
Blb : 2 (clique : 28)
currentSize : 28 <-- 0.003510 s
currentSize : 29 <-- 1.991036 s
currentSize : 30 <-- 2.014229 s
currentSize : 31 <-- 80.434258 s
currentSize : 32 <-- 82.654442 s
currentSize : 33 <-- 149.595718 s

maxsize : 33
nodes : 39522519.000000
filtered : 316474655.000000
time : 177.531265
