Parameters: GAD=1 vflib=1 dir=1 label=1 lowerbound=1 fileNameGp=../../cp2016-max-common-connected-subgraph-paper/datasets/graphsdb/mcs50/rand/r005/mcs50_r005_s60.A09 fileNameGt=../../cp2016-max-common-connected-subgraph-paper/datasets/graphsdb/mcs50/rand/r005/mcs50_r005_s60.B09
Reading graphs...
60 : 176
60 : 176
Initializing...
maxdom : 10
D->valSize : 253
Solving...
Blb : 2 (clique : 18)
currentSize : 18 <-- 0.001626 s
currentSize : 19 <-- 0.007230 s
currentSize : 20 <-- 0.035201 s
currentSize : 21 <-- 0.233166 s
currentSize : 22 <-- 0.335671 s
currentSize : 23 <-- 3.090079 s
currentSize : 24 <-- 5.209569 s
currentSize : 25 <-- 5.209922 s
currentSize : 26 <-- 5.268293 s
currentSize : 27 <-- 6.253419 s
currentSize : 30 <-- 6.255162 s

maxsize : 30
nodes : 1475561.000000
filtered : 14062325.000000
time : 7.080681
