Parameters: GAD=1 vflib=1 dir=1 label=1 lowerbound=1 fileNameGp=../../cp2016-max-common-connected-subgraph-paper/datasets/graphsdb/mcs50/bvg/b03/mcs50_b03_s50.A03 fileNameGt=../../cp2016-max-common-connected-subgraph-paper/datasets/graphsdb/mcs50/bvg/b03/mcs50_b03_s50.B03
Reading graphs...
50 : 75
50 : 75
Initializing...
maxdom : 11
D->valSize : 338
Solving...
Blb : 2 (clique : 23)
currentSize : 23 <-- 0.002486 s
currentSize : 24 <-- 0.005272 s
currentSize : 25 <-- 0.396867 s
currentSize : 26 <-- 0.420933 s
currentSize : 27 <-- 25.665243 s
currentSize : 28 <-- 25.677685 s
currentSize : 29 <-- 25.696367 s

maxsize : 29
nodes : 11692599.000000
filtered : 144623930.000000
time : 55.485802
