Parameters: GAD=1 vflib=1 dir=1 label=1 lowerbound=1 fileNameGp=../../cp2016-max-common-connected-subgraph-paper/datasets/graphsdb/mcs50/bvg/b09/mcs50_b09_s70.A04 fileNameGt=../../cp2016-max-common-connected-subgraph-paper/datasets/graphsdb/mcs50/bvg/b09/mcs50_b09_s70.B04
Reading graphs...
70 : 315
70 : 315
Initializing...
maxdom : 8
D->valSize : 332
Solving...
Blb : 2 (clique : 16)
currentSize : 16 <-- 0.002470 s
currentSize : 17 <-- 0.002676 s
currentSize : 18 <-- 0.008548 s
currentSize : 19 <-- 0.013863 s
currentSize : 21 <-- 0.100632 s
currentSize : 22 <-- 0.100727 s
currentSize : 24 <-- 0.243823 s
currentSize : 28 <-- 0.819697 s
currentSize : 29 <-- 0.819898 s
currentSize : 30 <-- 0.819967 s
currentSize : 32 <-- 0.820916 s
currentSize : 34 <-- 0.821247 s

maxsize : 34
nodes : 710182.000000
filtered : 4755954.000000
time : 3.406079
