Parameters: GAD=1 vflib=1 dir=1 label=1 lowerbound=1 fileNameGp=../../cp2016-max-common-connected-subgraph-paper/datasets/graphsdb/mcs50/m2D/m2Dr4/mcs50_m2Dr4_s60.A04 fileNameGt=../../cp2016-max-common-connected-subgraph-paper/datasets/graphsdb/mcs50/m2D/m2Dr4/mcs50_m2Dr4_s60.B04
Reading graphs...
60 : 128
60 : 127
Initializing...
maxdom : 7
D->valSize : 265
Solving...
Blb : 5 (clique : 20)
currentSize : 20 <-- 0.002037 s
currentSize : 21 <-- 0.002493 s
currentSize : 22 <-- 0.054053 s
currentSize : 23 <-- 2.569993 s
currentSize : 24 <-- 5.590458 s
currentSize : 25 <-- 6.853938 s
currentSize : 26 <-- 10.404735 s
currentSize : 27 <-- 24.285219 s

maxsize : 27
nodes : 18939660.000000
filtered : 182342081.000000
time : 91.339867
