Parameters: GAD=1 vflib=1 dir=1 label=1 lowerbound=1 fileNameGp=../../cp2016-max-common-connected-subgraph-paper/datasets/graphsdb/mcs50/bvg/b06/mcs50_b06_s70.A05 fileNameGt=../../cp2016-max-common-connected-subgraph-paper/datasets/graphsdb/mcs50/bvg/b06/mcs50_b06_s70.B05
Reading graphs...
70 : 210
70 : 210
Initializing...
maxdom : 9
D->valSize : 356
Solving...
Blb : 3 (clique : 25)
currentSize : 25 <-- 0.004572 s
currentSize : 26 <-- 4.780495 s
currentSize : 27 <-- 57.095146 s
currentSize : 28 <-- 57.313370 s
currentSize : 29 <-- 57.313438 s
currentSize : 30 <-- 180.806763 s
currentSize : 31 <-- 180.806854 s
currentSize : 32 <-- 180.806961 s
currentSize : 33 <-- 180.808304 s
currentSize : 34 <-- 180.810959 s
currentSize : 35 <-- 180.811249 s

maxsize : 35
nodes : 54449662.000000
filtered : 487212304.000000
time : 265.577576
