Parameters: GAD=1 vflib=1 dir=1 label=1 lowerbound=1 fileNameGp=../../cp2016-max-common-connected-subgraph-paper/datasets/graphsdb/mcs50/bvg/b09m/mcs50_b09m_s70.A08 fileNameGt=../../cp2016-max-common-connected-subgraph-paper/datasets/graphsdb/mcs50/bvg/b09m/mcs50_b09m_s70.B08
Reading graphs...
70 : 315
70 : 315
Initializing...
maxdom : 10
D->valSize : 342
Solving...
Blb : 3 (clique : 24)
currentSize : 24 <-- 0.002742 s
currentSize : 29 <-- 2.729497 s
currentSize : 30 <-- 2.729701 s
currentSize : 31 <-- 2.729771 s
currentSize : 32 <-- 2.738696 s
currentSize : 33 <-- 2.738892 s
currentSize : 34 <-- 2.757337 s

maxsize : 34
nodes : 1695885.000000
filtered : 12774912.000000
time : 8.217480
