Parameters: GAD=1 vflib=1 dir=1 label=1 lowerbound=1 fileNameGp=../../cp2016-max-common-connected-subgraph-paper/datasets/graphsdb/mcs50/bvg/b06m/mcs50_b06m_s80.A07 fileNameGt=../../cp2016-max-common-connected-subgraph-paper/datasets/graphsdb/mcs50/bvg/b06m/mcs50_b06m_s80.B07
Reading graphs...
80 : 240
80 : 240
Initializing...
maxdom : 10
D->valSize : 402
Solving...
Blb : 2 (clique : 35)
currentSize : 35 <-- 0.003734 s
currentSize : 36 <-- 0.003987 s
currentSize : 37 <-- 0.005326 s
currentSize : 38 <-- 0.099270 s
currentSize : 39 <-- 2.622445 s
currentSize : 40 <-- 3.021364 s

maxsize : 40
nodes : 34337626.000000
filtered : 169822329.000000
time : 161.171402
