Parameters: GAD=1 vflib=1 dir=1 label=1 lowerbound=1 fileNameGp=../../cp2016-max-common-connected-subgraph-paper/datasets/graphsdb/mcs50/m2D/m2D/mcs50_m2D_s70.A02 fileNameGt=../../cp2016-max-common-connected-subgraph-paper/datasets/graphsdb/mcs50/m2D/m2D/mcs50_m2D_s70.B02
Reading graphs...
70 : 123
70 : 123
Initializing...
maxdom : 8
D->valSize : 319
Solving...
Blb : 2 (clique : 27)
currentSize : 27 <-- 0.002769 s
currentSize : 29 <-- 0.002941 s
currentSize : 30 <-- 0.003051 s
currentSize : 31 <-- 0.003106 s
currentSize : 32 <-- 0.008322 s
currentSize : 33 <-- 0.032558 s
currentSize : 34 <-- 0.046639 s
currentSize : 35 <-- 0.316992 s
currentSize : 36 <-- 4.096101 s
currentSize : 37 <-- 4.608493 s
currentSize : 38 <-- 6.778821 s

maxsize : 38
nodes : 110095472.000000
filtered : 698522088.000000
time : 525.612915
