Parameters: GAD=1 vflib=1 dir=1 label=1 lowerbound=1 fileNameGp=../../cp2016-max-common-connected-subgraph-paper/datasets/graphsdb/mcs50/rand/r005/mcs50_r005_s90.A04 fileNameGt=../../cp2016-max-common-connected-subgraph-paper/datasets/graphsdb/mcs50/rand/r005/mcs50_r005_s90.B04
Reading graphs...
90 : 399
90 : 399
Initializing...
maxdom : 11
D->valSize : 553
Solving...
Blb : 2 (clique : 20)
currentSize : 20 <-- 0.006092 s
currentSize : 21 <-- 0.006297 s
currentSize : 22 <-- 0.006461 s
currentSize : 23 <-- 0.107842 s
currentSize : 24 <-- 0.117879 s
currentSize : 25 <-- 0.311205 s
currentSize : 26 <-- 0.457578 s
currentSize : 27 <-- 0.674411 s
currentSize : 28 <-- 3.223021 s
currentSize : 29 <-- 10.193552 s
currentSize : 31 <-- 15.963063 s
currentSize : 32 <-- 15.963210 s
currentSize : 34 <-- 47.442669 s
currentSize : 35 <-- 74.247208 s
currentSize : 36 <-- 74.247459 s
currentSize : 39 <-- 82.511833 s
currentSize : 43 <-- 86.479523 s
currentSize : 45 <-- 114.576225 s

maxsize : 45
nodes : 18512276.000000
filtered : 297235148.000000
time : 128.283127
