Parameters: GAD=1 vflib=1 dir=1 label=1 lowerbound=1 fileNameGp=../../cp2016-max-common-connected-subgraph-paper/datasets/graphsdb/mcs50/m3D/m3D/mcs50_m3D_s60.A06 fileNameGt=../../cp2016-max-common-connected-subgraph-paper/datasets/graphsdb/mcs50/m3D/m3D/mcs50_m3D_s60.B06
Reading graphs...
60 : 134
60 : 134
Initializing...
maxdom : 6
D->valSize : 229
Solving...
Blb : 2 (clique : 19)
currentSize : 19 <-- 0.002528 s
currentSize : 20 <-- 0.002732 s
currentSize : 21 <-- 0.002825 s
currentSize : 22 <-- 0.011750 s
currentSize : 23 <-- 0.011916 s
currentSize : 24 <-- 2.504748 s
currentSize : 25 <-- 2.507464 s
currentSize : 26 <-- 3.951678 s
currentSize : 27 <-- 33.837769 s
currentSize : 28 <-- 48.838287 s

maxsize : 28
nodes : 16232359.000000
filtered : 114920384.000000
time : 71.054825
