Parameters: GAD=1 vflib=1 dir=1 label=1 lowerbound=1 fileNameGp=../../cp2016-max-common-connected-subgraph-paper/datasets/graphsdb/mcs50/m2D/m2Dr4/mcs50_m2Dr4_s50.A04 fileNameGt=../../cp2016-max-common-connected-subgraph-paper/datasets/graphsdb/mcs50/m2D/m2Dr4/mcs50_m2Dr4_s50.B04
Reading graphs...
50 : 105
50 : 105
Initializing...
maxdom : 10
D->valSize : 339
Solving...
Blb : 2 (clique : 21)
currentSize : 21 <-- 0.002466 s
currentSize : 22 <-- 0.006217 s
currentSize : 23 <-- 0.007036 s
currentSize : 24 <-- 0.014238 s
currentSize : 25 <-- 2.842533 s
currentSize : 26 <-- 8.954353 s
currentSize : 27 <-- 8.954648 s

maxsize : 27
nodes : 2531376.000000
filtered : 35493671.000000
time : 12.498638
