Parameters: GAD=1 vflib=1 dir=1 label=1 lowerbound=1 fileNameGp=../../cp2016-max-common-connected-subgraph-paper/datasets/graphsdb/mcs50/rand/r005/mcs50_r005_s70.A01 fileNameGt=../../cp2016-max-common-connected-subgraph-paper/datasets/graphsdb/mcs50/rand/r005/mcs50_r005_s70.B01
Reading graphs...
70 : 240
70 : 240
Initializing...
maxdom : 8
D->valSize : 323
Solving...
Blb : 2 (clique : 21)
currentSize : 21 <-- 0.002569 s
currentSize : 22 <-- 0.002713 s
currentSize : 23 <-- 1.026574 s
currentSize : 24 <-- 5.094020 s
currentSize : 25 <-- 5.095041 s
currentSize : 26 <-- 5.098722 s
currentSize : 27 <-- 5.478228 s
currentSize : 28 <-- 5.486729 s
currentSize : 30 <-- 61.096985 s
currentSize : 32 <-- 61.097046 s
currentSize : 35 <-- 61.399090 s

maxsize : 35
nodes : 13418655.000000
filtered : 127750868.000000
time : 70.242912
