Parameters: GAD=1 vflib=1 dir=1 label=1 lowerbound=1 fileNameGp=../../cp2016-max-common-connected-subgraph-paper/datasets/graphsdb/mcs50/bvg/b06/mcs50_b06_s100.A00 fileNameGt=../../cp2016-max-common-connected-subgraph-paper/datasets/graphsdb/mcs50/bvg/b06/mcs50_b06_s100.B00
Reading graphs...
100 : 300
100 : 300
Initializing...
maxdom : 6
D->valSize : 346
Solving...
Blb : 3 (clique : 39)
currentSize : 39 <-- 0.003530 s
currentSize : 40 <-- 305.732697 s
currentSize : 41 <-- 305.733978 s
currentSize : 42 <-- 305.734894 s
currentSize : 43 <-- 322.253357 s
currentSize : 44 <-- 328.123260 s
currentSize : 45 <-- 984.083008 s

TIMEOUT
maxsize : 45
nodes : 186887623.000000
filtered : 927793194.000000
time : 1000.000061
