Parameters: GAD=1 vflib=1 dir=1 label=1 lowerbound=1 fileNameGp=../../cp2016-max-common-connected-subgraph-paper/datasets/graphsdb/mcs50/bvg/b06m/mcs50_b06m_s50.A01 fileNameGt=../../cp2016-max-common-connected-subgraph-paper/datasets/graphsdb/mcs50/bvg/b06m/mcs50_b06m_s50.B01
Reading graphs...
50 : 150
50 : 150
Initializing...
maxdom : 10
D->valSize : 314
Solving...
Blb : 3 (clique : 17)
currentSize : 17 <-- 0.003296 s
currentSize : 18 <-- 0.250756 s
currentSize : 19 <-- 0.761172 s
currentSize : 20 <-- 1.700628 s
currentSize : 21 <-- 1.701054 s
currentSize : 22 <-- 2.562147 s
currentSize : 23 <-- 3.777825 s
currentSize : 24 <-- 5.200197 s
currentSize : 25 <-- 5.200398 s

maxsize : 25
nodes : 1131117.000000
filtered : 16311153.000000
time : 5.621663
