Parameters: GAD=1 vflib=1 dir=1 label=1 lowerbound=1 fileNameGp=../../cp2016-max-common-connected-subgraph-paper/datasets/graphsdb/mcs50/m2D/m2Dr6/mcs50_m2Dr6_s90.A06 fileNameGt=../../cp2016-max-common-connected-subgraph-paper/datasets/graphsdb/mcs50/m2D/m2Dr6/mcs50_m2Dr6_s90.B06
Reading graphs...
90 : 215
90 : 214
Initializing...
maxdom : 11
D->valSize : 521
Solving...
Blb : 2 (clique : 38)
currentSize : 38 <-- 0.009420 s
currentSize : 39 <-- 0.009940 s
currentSize : 41 <-- 0.010019 s
currentSize : 42 <-- 0.010301 s
currentSize : 43 <-- 0.010925 s
currentSize : 47 <-- 0.265602 s
currentSize : 48 <-- 0.265698 s
currentSize : 49 <-- 0.436782 s
currentSize : 50 <-- 3.502702 s
currentSize : 51 <-- 3.502960 s

TIMEOUT
maxsize : 51
nodes : 194956255.000000
filtered : 1017444785.000000
time : 1000.000061
