Parameters: GAD=1 vflib=1 dir=1 label=1 lowerbound=1 fileNameGp=../../cp2016-max-common-connected-subgraph-paper/datasets/graphsdb/mcs50/bvg/b06m/mcs50_b06m_s50.A00 fileNameGt=../../cp2016-max-common-connected-subgraph-paper/datasets/graphsdb/mcs50/bvg/b06m/mcs50_b06m_s50.B00
Reading graphs...
50 : 150
50 : 150
Initializing...
maxdom : 12
D->valSize : 361
Solving...
Blb : 2 (clique : 16)
currentSize : 16 <-- 0.002589 s
currentSize : 17 <-- 0.002810 s
currentSize : 18 <-- 0.008739 s
currentSize : 19 <-- 0.068798 s
currentSize : 20 <-- 1.080591 s
currentSize : 21 <-- 1.938685 s
currentSize : 22 <-- 1.938728 s
currentSize : 23 <-- 1.938836 s
currentSize : 24 <-- 1.938899 s
currentSize : 25 <-- 1.942641 s

maxsize : 25
nodes : 696726.000000
filtered : 10526437.000000
time : 3.477906
