Parameters: GAD=1 vflib=1 dir=1 label=1 lowerbound=1 fileNameGp=../../cp2016-max-common-connected-subgraph-paper/datasets/graphsdb/mcs50/bvg/b06/mcs50_b06_s90.A05 fileNameGt=../../cp2016-max-common-connected-subgraph-paper/datasets/graphsdb/mcs50/bvg/b06/mcs50_b06_s90.B05
Reading graphs...
90 : 270
90 : 270
Initializing...
maxdom : 10
D->valSize : 560
Solving...
Blb : 2 (clique : 35)
currentSize : 35 <-- 0.006480 s
currentSize : 36 <-- 0.006803 s
currentSize : 37 <-- 0.007819 s
currentSize : 38 <-- 0.007951 s
currentSize : 40 <-- 70.312737 s
currentSize : 41 <-- 70.325859 s
currentSize : 44 <-- 389.748108 s
currentSize : 45 <-- 389.748291 s
currentSize : 46 <-- 471.197357 s
currentSize : 47 <-- 471.197540 s

TIMEOUT
maxsize : 47
nodes : 183546018.000000
filtered : 1370224660.000000
time : 1000.000061
