Parameters: GAD=1 vflib=1 dir=1 label=1 lowerbound=1 fileNameGp=../../cp2016-max-common-connected-subgraph-paper/datasets/graphsdb/mcs50/rand/r005/mcs50_r005_s100.A02 fileNameGt=../../cp2016-max-common-connected-subgraph-paper/datasets/graphsdb/mcs50/rand/r005/mcs50_r005_s100.B02
Reading graphs...
100 : 494
100 : 494
Initializing...
maxdom : 8
D->valSize : 368
Solving...
Blb : 2 (clique : 24)
currentSize : 24 <-- 0.005689 s
currentSize : 25 <-- 0.006053 s
currentSize : 26 <-- 0.014445 s
currentSize : 27 <-- 0.050330 s
currentSize : 28 <-- 0.093083 s
currentSize : 29 <-- 0.333981 s
currentSize : 30 <-- 0.334069 s
currentSize : 31 <-- 1.148542 s
currentSize : 32 <-- 1.148756 s
currentSize : 33 <-- 2.521137 s
currentSize : 34 <-- 4.877981 s
currentSize : 35 <-- 5.349540 s
currentSize : 36 <-- 17.868124 s
currentSize : 38 <-- 17.868380 s
currentSize : 39 <-- 25.706753 s
currentSize : 40 <-- 25.709587 s
currentSize : 41 <-- 25.731272 s
currentSize : 46 <-- 28.275768 s
currentSize : 50 <-- 31.738138 s

maxsize : 50
nodes : 9534777.000000
filtered : 58884984.000000
time : 56.000996
