Parameters: GAD=1 vflib=1 dir=1 label=1 lowerbound=1 fileNameGp=../../cp2016-max-common-connected-subgraph-paper/datasets/graphsdb/mcs50/m2D/m2Dr6/mcs50_m2Dr6_s90.A09 fileNameGt=../../cp2016-max-common-connected-subgraph-paper/datasets/graphsdb/mcs50/m2D/m2Dr6/mcs50_m2Dr6_s90.B09
Reading graphs...
90 : 215
90 : 212
Initializing...
maxdom : 9
D->valSize : 555
Solving...
Blb : 2 (clique : 30)
currentSize : 30 <-- 0.010685 s
currentSize : 31 <-- 0.090831 s
currentSize : 32 <-- 0.117649 s
currentSize : 33 <-- 0.703974 s
currentSize : 34 <-- 8.816765 s
currentSize : 35 <-- 183.885590 s
currentSize : 36 <-- 209.784607 s

TIMEOUT
maxsize : 36
nodes : 180321428.000000
filtered : 1738165640.000000
time : 1000.000000
