Parameters: GAD=1 vflib=1 dir=1 label=1 lowerbound=1 fileNameGp=../../cp2016-max-common-connected-subgraph-paper/datasets/graphsdb/mcs50/bvg/b06m/mcs50_b06m_s50.A07 fileNameGt=../../cp2016-max-common-connected-subgraph-paper/datasets/graphsdb/mcs50/bvg/b06m/mcs50_b06m_s50.B07
Reading graphs...
50 : 150
50 : 150
Initializing...
maxdom : 9
D->valSize : 329
Solving...
Blb : 2 (clique : 15)
currentSize : 15 <-- 0.002255 s
currentSize : 16 <-- 0.006705 s
currentSize : 17 <-- 0.008974 s
currentSize : 19 <-- 0.022183 s
currentSize : 21 <-- 0.211567 s
currentSize : 22 <-- 0.211794 s
currentSize : 24 <-- 0.444296 s
currentSize : 26 <-- 0.444341 s

maxsize : 26
nodes : 352333.000000
filtered : 3629808.000000
time : 1.545745
