Parameters: GAD=1 vflib=1 dir=1 label=1 lowerbound=1 fileNameGp=../../cp2016-max-common-connected-subgraph-paper/datasets/graphsdb/mcs50/m2D/m2Dr4/mcs50_m2Dr4_s100.A01 fileNameGt=../../cp2016-max-common-connected-subgraph-paper/datasets/graphsdb/mcs50/m2D/m2Dr4/mcs50_m2Dr4_s100.B01
Reading graphs...
100 : 220
100 : 218
Initializing...
maxdom : 7
D->valSize : 349
Solving...
Blb : 2 (clique : 39)
currentSize : 39 <-- 0.003691 s
currentSize : 40 <-- 0.004619 s
currentSize : 41 <-- 0.016896 s
currentSize : 42 <-- 0.037664 s
currentSize : 43 <-- 0.082906 s
currentSize : 44 <-- 0.282904 s
currentSize : 45 <-- 1.988280 s

TIMEOUT
maxsize : 45
nodes : 212842113.000000
filtered : 552092697.000000
time : 1000.000061
