Parameters: GAD=1 vflib=1 dir=1 label=1 lowerbound=1 fileNameGp=../../cp2016-max-common-connected-subgraph-paper/datasets/graphsdb/mcs50/bvg/b03/mcs50_b03_s50.A09 fileNameGt=../../cp2016-max-common-connected-subgraph-paper/datasets/graphsdb/mcs50/bvg/b03/mcs50_b03_s50.B09
Reading graphs...
50 : 75
50 : 75
Initializing...
maxdom : 8
D->valSize : 303
Solving...
Blb : 2 (clique : 21)
currentSize : 21 <-- 0.002188 s
currentSize : 22 <-- 1.349810 s
currentSize : 23 <-- 4.009739 s
currentSize : 24 <-- 8.563984 s
currentSize : 25 <-- 8.564040 s
currentSize : 26 <-- 9.318494 s
currentSize : 27 <-- 11.612538 s

maxsize : 27
nodes : 7081381.000000
filtered : 93325553.000000
time : 33.246082
