Parameters: GAD=1 vflib=1 dir=1 label=1 lowerbound=1 fileNameGp=../../cp2016-max-common-connected-subgraph-paper/datasets/graphsdb/mcs50/rand/r005/mcs50_r005_s40.A09 fileNameGt=../../cp2016-max-common-connected-subgraph-paper/datasets/graphsdb/mcs50/rand/r005/mcs50_r005_s40.B09
Reading graphs...
40 : 78
40 : 78
Initializing...
maxdom : 8
D->valSize : 227
Solving...
Blb : 2 (clique : 15)
currentSize : 15 <-- 0.002027 s
currentSize : 16 <-- 0.004707 s
currentSize : 17 <-- 0.008631 s
currentSize : 18 <-- 0.021426 s
currentSize : 19 <-- 0.021514 s
currentSize : 20 <-- 0.063326 s
currentSize : 21 <-- 0.437276 s

maxsize : 21
nodes : 120915.000000
filtered : 1735074.000000
time : 0.621613
