Parameters: GAD=1 vflib=1 dir=1 label=1 lowerbound=1 fileNameGp=../../cp2016-max-common-connected-subgraph-paper/datasets/graphsdb/mcs50/bvg/b06/mcs50_b06_s80.A06 fileNameGt=../../cp2016-max-common-connected-subgraph-paper/datasets/graphsdb/mcs50/bvg/b06/mcs50_b06_s80.B06
Reading graphs...
80 : 240
80 : 240
Initializing...
maxdom : 8
D->valSize : 434
Solving...
Blb : 3 (clique : 30)
currentSize : 30 <-- 0.004214 s
currentSize : 33 <-- 0.004474 s
currentSize : 34 <-- 0.004564 s
currentSize : 35 <-- 0.033562 s
currentSize : 36 <-- 0.033644 s
currentSize : 37 <-- 77.205536 s
currentSize : 38 <-- 298.133728 s
currentSize : 41 <-- 298.169647 s

TIMEOUT
maxsize : 41
nodes : 172647702.000000
filtered : 1760847387.000000
time : 1000.000061
