Parameters: GAD=1 vflib=1 dir=1 label=1 lowerbound=1 fileNameGp=../../cp2016-max-common-connected-subgraph-paper/datasets/graphsdb/mcs50/m2D/m2Dr6/mcs50_m2Dr6_s70.A08 fileNameGt=../../cp2016-max-common-connected-subgraph-paper/datasets/graphsdb/mcs50/m2D/m2Dr6/mcs50_m2Dr6_s70.B08
Reading graphs...
70 : 165
70 : 165
Initializing...
maxdom : 10
D->valSize : 392
Solving...
Blb : 2 (clique : 23)
currentSize : 23 <-- 0.003458 s
currentSize : 29 <-- 0.003631 s
currentSize : 30 <-- 0.004811 s
currentSize : 31 <-- 0.024365 s
currentSize : 32 <-- 0.026970 s
currentSize : 33 <-- 14.479666 s
currentSize : 34 <-- 161.860580 s
currentSize : 35 <-- 299.531616 s
currentSize : 36 <-- 542.625061 s
currentSize : 37 <-- 548.270447 s

maxsize : 37
nodes : 144545033.000000
filtered : 1176808451.000000
time : 711.584534
