Parameters: GAD=1 vflib=1 dir=1 label=1 lowerbound=1 fileNameGp=../../cp2016-max-common-connected-subgraph-paper/datasets/graphsdb/mcs50/bvg/b09m/mcs50_b09m_s70.A01 fileNameGt=../../cp2016-max-common-connected-subgraph-paper/datasets/graphsdb/mcs50/bvg/b09m/mcs50_b09m_s70.B01
Reading graphs...
70 : 315
70 : 315
Initializing...
maxdom : 9
D->valSize : 339
Solving...
Blb : 3 (clique : 23)
currentSize : 23 <-- 0.002657 s
currentSize : 24 <-- 2.878565 s
currentSize : 27 <-- 7.476417 s
currentSize : 28 <-- 9.012852 s
currentSize : 30 <-- 9.012971 s
currentSize : 31 <-- 9.014283 s
currentSize : 33 <-- 9.367346 s
currentSize : 34 <-- 9.367505 s

maxsize : 34
nodes : 2540786.000000
filtered : 24225837.000000
time : 12.483043
