Parameters: GAD=1 vflib=1 dir=1 label=1 lowerbound=1 fileNameGp=../../cp2016-max-common-connected-subgraph-paper/datasets/graphsdb/mcs50/rand/r01/mcs50_r01_s100.A05 fileNameGt=../../cp2016-max-common-connected-subgraph-paper/datasets/graphsdb/mcs50/rand/r01/mcs50_r01_s100.B05
Reading graphs...
100 : 989
100 : 989
Initializing...
maxdom : 6
D->valSize : 366
Solving...
Blb : 2 (clique : 14)
currentSize : 14 <-- 0.005372 s
currentSize : 15 <-- 0.006554 s
currentSize : 16 <-- 0.011665 s
currentSize : 17 <-- 0.011917 s
currentSize : 21 <-- 0.024127 s
currentSize : 22 <-- 0.024349 s
currentSize : 25 <-- 0.052646 s
currentSize : 27 <-- 0.168745 s
currentSize : 35 <-- 0.168894 s
currentSize : 37 <-- 0.470606 s
currentSize : 40 <-- 0.470962 s
currentSize : 50 <-- 0.471224 s

maxsize : 50
nodes : 93606.000000
filtered : 1143022.000000
time : 0.745192
