Parameters: GAD=1 vflib=1 dir=1 label=1 lowerbound=1 fileNameGp=../../cp2016-max-common-connected-subgraph-paper/datasets/graphsdb/mcs50/m3D/m3Dr4/mcs50_m3Dr4_s60.A09 fileNameGt=../../cp2016-max-common-connected-subgraph-paper/datasets/graphsdb/mcs50/m3D/m3Dr4/mcs50_m3Dr4_s60.B09
Reading graphs...
60 : 158
60 : 157
Initializing...
maxdom : 9
D->valSize : 266
Solving...
Blb : 2 (clique : 17)
currentSize : 17 <-- 0.001800 s
currentSize : 18 <-- 0.002021 s
currentSize : 19 <-- 0.013203 s
currentSize : 21 <-- 0.170643 s
currentSize : 22 <-- 1.453332 s
currentSize : 25 <-- 9.218104 s
currentSize : 26 <-- 9.218196 s
currentSize : 27 <-- 13.800353 s

maxsize : 27
nodes : 3633654.000000
filtered : 32286845.000000
time : 16.691721
