Parameters: GAD=1 vflib=1 dir=1 label=1 lowerbound=1 fileNameGp=../../cp2016-max-common-connected-subgraph-paper/datasets/graphsdb/mcs50/m2D/m2D/mcs50_m2D_s80.A04 fileNameGt=../../cp2016-max-common-connected-subgraph-paper/datasets/graphsdb/mcs50/m2D/m2D/mcs50_m2D_s80.B04
Reading graphs...
80 : 142
80 : 142
Initializing...
maxdom : 7
D->valSize : 403
Solving...
Blb : 2 (clique : 30)
currentSize : 30 <-- 0.003784 s
currentSize : 32 <-- 0.004003 s
currentSize : 33 <-- 0.005782 s
currentSize : 34 <-- 0.009508 s
currentSize : 35 <-- 0.071527 s
currentSize : 36 <-- 0.074114 s
currentSize : 37 <-- 8.862685 s
currentSize : 38 <-- 99.746307 s
currentSize : 39 <-- 348.267761 s

TIMEOUT
maxsize : 39
nodes : 191015825.000000
filtered : 1437941243.000000
time : 1000.000000
