Parameters: GAD=1 vflib=1 dir=1 label=1 lowerbound=1 fileNameGp=../../cp2016-max-common-connected-subgraph-paper/datasets/graphsdb/mcs50/bvg/b06/mcs50_b06_s50.A08 fileNameGt=../../cp2016-max-common-connected-subgraph-paper/datasets/graphsdb/mcs50/bvg/b06/mcs50_b06_s50.B08
Reading graphs...
50 : 150
50 : 150
Initializing...
maxdom : 9
D->valSize : 330
Solving...
Blb : 2 (clique : 16)
currentSize : 16 <-- 0.002301 s
currentSize : 17 <-- 0.283572 s
currentSize : 18 <-- 2.557374 s
currentSize : 19 <-- 7.430762 s
currentSize : 21 <-- 9.719955 s
currentSize : 23 <-- 9.720477 s
currentSize : 25 <-- 10.485766 s

maxsize : 25
nodes : 2802083.000000
filtered : 47267865.000000
time : 12.522218
