Parameters: GAD=1 vflib=1 dir=1 label=1 lowerbound=1 fileNameGp=../../cp2016-max-common-connected-subgraph-paper/datasets/graphsdb/mcs50/m3D/m3Dr2/mcs50_m3Dr2_s50.A09 fileNameGt=../../cp2016-max-common-connected-subgraph-paper/datasets/graphsdb/mcs50/m3D/m3Dr2/mcs50_m3Dr2_s50.B09
Reading graphs...
50 : 119
50 : 117
Initializing...
maxdom : 8
D->valSize : 328
Solving...
Blb : 5 (clique : 18)
currentSize : 18 <-- 0.002235 s
currentSize : 19 <-- 0.023174 s
currentSize : 20 <-- 0.088257 s
currentSize : 21 <-- 4.751509 s
currentSize : 22 <-- 4.751592 s
currentSize : 23 <-- 4.752162 s
currentSize : 25 <-- 14.705781 s
currentSize : 26 <-- 14.705838 s
currentSize : 27 <-- 14.707173 s

maxsize : 27
nodes : 4007553.000000
filtered : 44147120.000000
time : 17.874052
