Parameters: GAD=1 vflib=1 dir=1 label=1 lowerbound=1 fileNameGp=../../cp2016-max-common-connected-subgraph-paper/datasets/graphsdb/mcs50/bvg/b06/mcs50_b06_s100.A08 fileNameGt=../../cp2016-max-common-connected-subgraph-paper/datasets/graphsdb/mcs50/bvg/b06/mcs50_b06_s100.B08
Reading graphs...
100 : 300
100 : 300
Initializing...
maxdom : 6
D->valSize : 363
Solving...
Blb : 2 (clique : 33)
currentSize : 33 <-- 0.003644 s
currentSize : 35 <-- 0.003944 s
currentSize : 36 <-- 0.005295 s
currentSize : 37 <-- 0.016013 s
currentSize : 38 <-- 0.022316 s
currentSize : 39 <-- 0.543999 s
currentSize : 40 <-- 60.146774 s

TIMEOUT
maxsize : 40
nodes : 194209060.000000
filtered : 770030544.000000
time : 1000.000061
