Parameters: GAD=1 vflib=1 dir=1 label=1 lowerbound=1 fileNameGp=../../cp2016-max-common-connected-subgraph-paper/datasets/graphsdb/mcs50/rand/r005/mcs50_r005_s80.A00 fileNameGt=../../cp2016-max-common-connected-subgraph-paper/datasets/graphsdb/mcs50/rand/r005/mcs50_r005_s80.B00
Reading graphs...
80 : 315
80 : 315
Initializing...
maxdom : 9
D->valSize : 435
Solving...
Blb : 5 (clique : 24)
currentSize : 24 <-- 0.004177 s
currentSize : 25 <-- 0.356261 s
currentSize : 26 <-- 0.357084 s
currentSize : 27 <-- 1.876874 s
currentSize : 28 <-- 1.880725 s
currentSize : 29 <-- 4.437638 s
currentSize : 30 <-- 4.443622 s
currentSize : 32 <-- 12.807494 s
currentSize : 33 <-- 15.807927 s
currentSize : 35 <-- 26.507826 s
currentSize : 36 <-- 46.797794 s
currentSize : 38 <-- 59.800777 s
currentSize : 39 <-- 77.840736 s
currentSize : 40 <-- 77.840912 s

maxsize : 40
nodes : 13358056.000000
filtered : 144827875.000000
time : 80.647850
