Parameters: GAD=1 vflib=1 dir=1 label=1 lowerbound=1 fileNameGp=../../cp2016-max-common-connected-subgraph-paper/datasets/graphsdb/mcs50/m2D/m2D/mcs50_m2D_s60.A07 fileNameGt=../../cp2016-max-common-connected-subgraph-paper/datasets/graphsdb/mcs50/m2D/m2D/mcs50_m2D_s60.B07
Reading graphs...
60 : 104
60 : 104
Initializing...
maxdom : 6
D->valSize : 244
Solving...
Blb : 2 (clique : 23)
currentSize : 23 <-- 0.001838 s
currentSize : 24 <-- 0.014130 s
currentSize : 25 <-- 0.037198 s
currentSize : 26 <-- 0.312921 s
currentSize : 27 <-- 223.212967 s
currentSize : 28 <-- 223.225815 s
currentSize : 29 <-- 227.370071 s

maxsize : 29
nodes : 81394819.000000
filtered : 607098767.000000
time : 370.880524
