Parameters: GAD=1 vflib=1 dir=1 label=1 lowerbound=1 fileNameGp=../../cp2016-max-common-connected-subgraph-paper/datasets/graphsdb/mcs50/rand/r005/mcs50_r005_s70.A03 fileNameGt=../../cp2016-max-common-connected-subgraph-paper/datasets/graphsdb/mcs50/rand/r005/mcs50_r005_s70.B03
Reading graphs...
70 : 240
70 : 240
Initializing...
maxdom : 6
D->valSize : 314
Solving...
Blb : 2 (clique : 24)
currentSize : 24 <-- 0.004105 s
currentSize : 25 <-- 0.887035 s
currentSize : 26 <-- 4.307678 s
currentSize : 27 <-- 4.314375 s
currentSize : 28 <-- 4.496921 s
currentSize : 29 <-- 4.505308 s
currentSize : 30 <-- 25.953693 s
currentSize : 32 <-- 28.744207 s
currentSize : 33 <-- 29.024927 s
currentSize : 36 <-- 29.054148 s

maxsize : 36
nodes : 6733929.000000
filtered : 72730298.000000
time : 36.271305
