Parameters: GAD=1 vflib=1 dir=1 label=1 lowerbound=1 fileNameGp=../../cp2016-max-common-connected-subgraph-paper/datasets/graphsdb/mcs50/rand/r01/mcs50_r01_s70.A08 fileNameGt=../../cp2016-max-common-connected-subgraph-paper/datasets/graphsdb/mcs50/rand/r01/mcs50_r01_s70.B08
Reading graphs...
70 : 482
70 : 482
Initializing...
maxdom : 10
D->valSize : 352
Solving...
Blb : 2 (clique : 13)
currentSize : 13 <-- 0.002679 s
currentSize : 15 <-- 0.003032 s
currentSize : 16 <-- 0.003327 s
currentSize : 17 <-- 0.014369 s
currentSize : 19 <-- 0.014417 s
currentSize : 20 <-- 0.014723 s
currentSize : 23 <-- 0.028274 s
currentSize : 24 <-- 0.060086 s
currentSize : 27 <-- 0.064813 s
currentSize : 30 <-- 0.076820 s
currentSize : 35 <-- 0.078283 s

maxsize : 35
nodes : 21052.000000
filtered : 328527.000000
time : 0.125260
