Parameters: GAD=1 vflib=1 dir=1 label=1 lowerbound=1 fileNameGp=../../cp2016-max-common-connected-subgraph-paper/datasets/graphsdb/mcs50/m2D/m2Dr6/mcs50_m2Dr6_s100.A09 fileNameGt=../../cp2016-max-common-connected-subgraph-paper/datasets/graphsdb/mcs50/m2D/m2Dr6/mcs50_m2Dr6_s100.B09
Reading graphs...
100 : 240
100 : 238
Initializing...
maxdom : 8
D->valSize : 352
Solving...
Blb : 2 (clique : 37)
currentSize : 37 <-- 0.005933 s
currentSize : 38 <-- 0.016318 s
currentSize : 39 <-- 0.016499 s
currentSize : 40 <-- 0.027451 s
currentSize : 41 <-- 0.328360 s
currentSize : 42 <-- 1.049571 s
currentSize : 43 <-- 26.676617 s
currentSize : 44 <-- 818.693604 s
currentSize : 45 <-- 926.059021 s
currentSize : 46 <-- 926.059509 s

TIMEOUT
maxsize : 46
nodes : 207110511.000000
filtered : 626532249.000000
time : 1000.000061
