Parameters: GAD=1 vflib=1 dir=1 label=1 lowerbound=1 fileNameGp=../../cp2016-max-common-connected-subgraph-paper/datasets/graphsdb/mcs50/m2D/m2Dr6/mcs50_m2Dr6_s50.A01 fileNameGt=../../cp2016-max-common-connected-subgraph-paper/datasets/graphsdb/mcs50/m2D/m2Dr6/mcs50_m2Dr6_s50.B01
Reading graphs...
50 : 115
50 : 114
Initializing...
maxdom : 10
D->valSize : 331
Solving...
Blb : 3 (clique : 19)
currentSize : 19 <-- 0.002400 s
currentSize : 20 <-- 0.002653 s
currentSize : 21 <-- 9.259118 s
currentSize : 22 <-- 9.259266 s
currentSize : 23 <-- 9.259838 s
currentSize : 24 <-- 9.259899 s
currentSize : 25 <-- 9.295694 s
currentSize : 26 <-- 9.303966 s

maxsize : 26
nodes : 2628880.000000
filtered : 33006103.000000
time : 11.860296
