Parameters: GAD=1 vflib=1 dir=1 label=1 lowerbound=1 fileNameGp=../../cp2016-max-common-connected-subgraph-paper/datasets/graphsdb/mcs50/bvg/b09m/mcs50_b09m_s100.A03 fileNameGt=../../cp2016-max-common-connected-subgraph-paper/datasets/graphsdb/mcs50/bvg/b09m/mcs50_b09m_s100.B03
Reading graphs...
100 : 450
100 : 450
Initializing...
maxdom : 8
D->valSize : 329
Solving...
Blb : 2 (clique : 44)
currentSize : 44 <-- 0.004975 s
currentSize : 46 <-- 0.005395 s
currentSize : 48 <-- 1.728522 s
currentSize : 49 <-- 14.794064 s
currentSize : 51 <-- 14.803669 s

maxsize : 51
nodes : 13585441.000000
filtered : 45589230.000000
time : 68.477211
