Parameters: GAD=1 vflib=1 dir=1 label=1 lowerbound=1 fileNameGp=../../cp2016-max-common-connected-subgraph-paper/datasets/graphsdb/mcs50/bvg/b03m/mcs50_b03m_s90.A02 fileNameGt=../../cp2016-max-common-connected-subgraph-paper/datasets/graphsdb/mcs50/bvg/b03m/mcs50_b03m_s90.B02
Reading graphs...
90 : 135
90 : 135
Initializing...
maxdom : 9
D->valSize : 545
Solving...
Blb : 2 (clique : 34)
currentSize : 34 <-- 0.010882 s
currentSize : 37 <-- 0.011316 s
currentSize : 38 <-- 0.057215 s
currentSize : 39 <-- 55.648201 s
currentSize : 40 <-- 55.729912 s
currentSize : 41 <-- 251.926041 s

TIMEOUT
maxsize : 41
nodes : 159708058.000000
filtered : 1204330067.000000
time : 1000.000061
