Parameters: GAD=1 vflib=1 dir=1 label=1 lowerbound=1 fileNameGp=../../cp2016-max-common-connected-subgraph-paper/datasets/graphsdb/mcs50/m2D/m2Dr4/mcs50_m2Dr4_s70.A04 fileNameGt=../../cp2016-max-common-connected-subgraph-paper/datasets/graphsdb/mcs50/m2D/m2Dr4/mcs50_m2Dr4_s70.B04
Reading graphs...
70 : 151
70 : 147
Initializing...
maxdom : 11
D->valSize : 359
Solving...
Blb : 2 (clique : 28)
currentSize : 28 <-- 0.002952 s
currentSize : 29 <-- 0.003274 s
currentSize : 30 <-- 0.008181 s
currentSize : 31 <-- 0.068700 s
currentSize : 33 <-- 0.069885 s
currentSize : 34 <-- 0.070094 s
currentSize : 36 <-- 10.426921 s
currentSize : 37 <-- 10.427075 s
currentSize : 38 <-- 10.427311 s
currentSize : 39 <-- 36.724270 s

maxsize : 39
nodes : 20669987.000000
filtered : 143277010.000000
time : 100.146431
