Parameters: GAD=1 vflib=1 dir=1 label=1 lowerbound=1 fileNameGp=../../cp2016-max-common-connected-subgraph-paper/datasets/graphsdb/mcs50/bvg/b09/mcs50_b09_s90.A08 fileNameGt=../../cp2016-max-common-connected-subgraph-paper/datasets/graphsdb/mcs50/bvg/b09/mcs50_b09_s90.B08
Reading graphs...
90 : 405
90 : 405
Initializing...
maxdom : 11
D->valSize : 570
Solving...
Blb : 2 (clique : 25)
currentSize : 25 <-- 0.010701 s
currentSize : 26 <-- 11.892435 s
currentSize : 27 <-- 89.200943 s
currentSize : 28 <-- 533.098633 s
currentSize : 30 <-- 533.119446 s
currentSize : 32 <-- 533.119507 s
currentSize : 34 <-- 533.475159 s

TIMEOUT
maxsize : 34
nodes : 166715301.000000
filtered : 1900930976.000000
time : 1000.000000
