Parameters: GAD=1 vflib=1 dir=1 label=1 lowerbound=1 fileNameGp=../../cp2016-max-common-connected-subgraph-paper/datasets/graphsdb/mcs50/m2D/m2Dr6/mcs50_m2Dr6_s90.A04 fileNameGt=../../cp2016-max-common-connected-subgraph-paper/datasets/graphsdb/mcs50/m2D/m2Dr6/mcs50_m2Dr6_s90.B04
Reading graphs...
90 : 215
90 : 213
Initializing...
maxdom : 8
D->valSize : 522
Solving...
Blb : 5 (clique : 27)
currentSize : 27 <-- 0.005755 s
currentSize : 29 <-- 0.006704 s
currentSize : 30 <-- 0.007489 s
currentSize : 31 <-- 0.145789 s
currentSize : 32 <-- 0.350114 s
currentSize : 33 <-- 5.152171 s
currentSize : 34 <-- 24.195772 s
currentSize : 35 <-- 286.199982 s

TIMEOUT
maxsize : 35
nodes : 180306818.000000
filtered : 1339927454.000000
time : 1000.000000
