Parameters: GAD=1 vflib=1 dir=1 label=1 lowerbound=1 fileNameGp=../../cp2016-max-common-connected-subgraph-paper/datasets/graphsdb/mcs50/m2D/m2Dr2/mcs50_m2Dr2_s60.A07 fileNameGt=../../cp2016-max-common-connected-subgraph-paper/datasets/graphsdb/mcs50/m2D/m2Dr2/mcs50_m2Dr2_s60.B07
Reading graphs...
60 : 116
60 : 116
Initializing...
maxdom : 8
D->valSize : 293
Solving...
Blb : 3 (clique : 24)
currentSize : 24 <-- 0.002171 s
currentSize : 25 <-- 0.002949 s
currentSize : 26 <-- 0.004430 s
currentSize : 27 <-- 0.005329 s
currentSize : 28 <-- 0.008507 s
currentSize : 29 <-- 40.540970 s

maxsize : 29
nodes : 38572988.000000
filtered : 295667762.000000
time : 173.749527
