Parameters: GAD=1 vflib=1 dir=1 label=1 lowerbound=1 fileNameGp=../../cp2016-max-common-connected-subgraph-paper/datasets/graphsdb/mcs50/m2D/m2Dr6/mcs50_m2Dr6_s50.A00 fileNameGt=../../cp2016-max-common-connected-subgraph-paper/datasets/graphsdb/mcs50/m2D/m2Dr6/mcs50_m2Dr6_s50.B00
Reading graphs...
50 : 115
50 : 112
Initializing...
maxdom : 12
D->valSize : 333
Solving...
Blb : 2 (clique : 18)
currentSize : 18 <-- 0.003869 s
currentSize : 20 <-- 0.004025 s
currentSize : 21 <-- 0.004136 s
currentSize : 24 <-- 0.004260 s
currentSize : 25 <-- 0.004373 s
currentSize : 26 <-- 0.029333 s

maxsize : 26
nodes : 1739291.000000
filtered : 32034705.000000
time : 9.117459
