Parameters: GAD=1 vflib=1 dir=1 label=1 lowerbound=1 fileNameGp=../../cp2016-max-common-connected-subgraph-paper/datasets/graphsdb/mcs50/bvg/b03/mcs50_b03_s60.A02 fileNameGt=../../cp2016-max-common-connected-subgraph-paper/datasets/graphsdb/mcs50/bvg/b03/mcs50_b03_s60.B02
Reading graphs...
60 : 90
60 : 90
Initializing...
maxdom : 9
D->valSize : 287
Solving...
Blb : 2 (clique : 25)
currentSize : 25 <-- 0.002162 s
currentSize : 26 <-- 0.002315 s
currentSize : 27 <-- 0.002410 s
currentSize : 28 <-- 0.002469 s
currentSize : 29 <-- 0.003091 s
currentSize : 30 <-- 0.003135 s
currentSize : 31 <-- 0.033197 s
currentSize : 32 <-- 0.213049 s
currentSize : 33 <-- 1.913911 s
currentSize : 34 <-- 1.914542 s

maxsize : 34
nodes : 3574366.000000
filtered : 22551690.000000
time : 16.140942
