Parameters: GAD=1 vflib=1 dir=1 label=1 lowerbound=1 fileNameGp=../../cp2016-max-common-connected-subgraph-paper/datasets/graphsdb/mcs50/rand/r005/mcs50_r005_s80.A09 fileNameGt=../../cp2016-max-common-connected-subgraph-paper/datasets/graphsdb/mcs50/rand/r005/mcs50_r005_s80.B09
Reading graphs...
80 : 315
80 : 315
Initializing...
maxdom : 8
D->valSize : 424
Solving...
Blb : 2 (clique : 28)
currentSize : 28 <-- 0.003983 s
currentSize : 29 <-- 0.004232 s
currentSize : 30 <-- 0.004306 s
currentSize : 31 <-- 0.008934 s
currentSize : 32 <-- 0.009733 s
currentSize : 33 <-- 0.009921 s
currentSize : 34 <-- 0.009976 s
currentSize : 35 <-- 0.726708 s
currentSize : 36 <-- 0.742103 s
currentSize : 40 <-- 0.742310 s

maxsize : 40
nodes : 6430486.000000
filtered : 94464223.000000
time : 43.310993
