Parameters: GAD=1 vflib=1 dir=1 label=1 lowerbound=1 fileNameGp=../../cp2016-max-common-connected-subgraph-paper/datasets/graphsdb/mcs50/rand/r005/mcs50_r005_s70.A09 fileNameGt=../../cp2016-max-common-connected-subgraph-paper/datasets/graphsdb/mcs50/rand/r005/mcs50_r005_s70.B09
Reading graphs...
70 : 240
70 : 240
Initializing...
maxdom : 9
D->valSize : 338
Solving...
Blb : 2 (clique : 25)
currentSize : 25 <-- 0.002779 s
currentSize : 26 <-- 0.002987 s
currentSize : 29 <-- 0.003042 s
currentSize : 31 <-- 0.003130 s
currentSize : 32 <-- 0.010033 s
currentSize : 33 <-- 0.034987 s
currentSize : 35 <-- 0.054462 s

maxsize : 35
nodes : 1358938.000000
filtered : 15886393.000000
time : 7.770065
