Parameters: GAD=1 vflib=1 dir=1 label=1 lowerbound=1 fileNameGp=../../cp2016-max-common-connected-subgraph-paper/datasets/graphsdb/mcs50/bvg/b09/mcs50_b09_s90.A03 fileNameGt=../../cp2016-max-common-connected-subgraph-paper/datasets/graphsdb/mcs50/bvg/b09/mcs50_b09_s90.B03
Reading graphs...
90 : 405
90 : 405
Initializing...
maxdom : 9
D->valSize : 548
Solving...
Blb : 3 (clique : 33)
currentSize : 33 <-- 0.006055 s
currentSize : 34 <-- 0.006371 s
currentSize : 35 <-- 0.006497 s
currentSize : 36 <-- 0.016299 s
currentSize : 37 <-- 0.016594 s
currentSize : 38 <-- 0.170226 s
currentSize : 39 <-- 0.182901 s
currentSize : 40 <-- 10.398712 s
currentSize : 41 <-- 10.399126 s
currentSize : 42 <-- 174.326385 s
currentSize : 43 <-- 216.644409 s
currentSize : 44 <-- 235.300171 s
currentSize : 45 <-- 235.300522 s

maxsize : 45
nodes : 175258030.000000
filtered : 1005705811.000000
time : 907.473206
