Parameters: GAD=1 vflib=1 dir=1 label=1 lowerbound=1 fileNameGp=../../cp2016-max-common-connected-subgraph-paper/datasets/graphsdb/mcs50/bvg/b09/mcs50_b09_s70.A08 fileNameGt=../../cp2016-max-common-connected-subgraph-paper/datasets/graphsdb/mcs50/bvg/b09/mcs50_b09_s70.B08
Reading graphs...
70 : 315
70 : 315
Initializing...
maxdom : 10
D->valSize : 370
Solving...
Blb : 3 (clique : 23)
currentSize : 23 <-- 0.003117 s
currentSize : 26 <-- 0.190766 s
currentSize : 28 <-- 0.217609 s
currentSize : 29 <-- 0.218345 s
currentSize : 30 <-- 0.218561 s
currentSize : 31 <-- 0.891589 s
currentSize : 32 <-- 1.814929 s
currentSize : 34 <-- 2.298630 s
currentSize : 35 <-- 2.298917 s

maxsize : 35
nodes : 873260.000000
filtered : 7499822.000000
time : 4.376458
