Parameters: GAD=1 vflib=1 dir=1 label=1 lowerbound=1 fileNameGp=../../cp2016-max-common-connected-subgraph-paper/datasets/graphsdb/mcs50/bvg/b03m/mcs50_b03m_s90.A07 fileNameGt=../../cp2016-max-common-connected-subgraph-paper/datasets/graphsdb/mcs50/bvg/b03m/mcs50_b03m_s90.B07
Reading graphs...
90 : 135
90 : 135
Initializing...
maxdom : 10
D->valSize : 513
Solving...
Blb : 2 (clique : 35)
currentSize : 35 <-- 0.005867 s
currentSize : 36 <-- 0.023389 s
currentSize : 37 <-- 0.126690 s
currentSize : 38 <-- 1.754048 s
currentSize : 39 <-- 8.692361 s
currentSize : 40 <-- 86.192642 s
currentSize : 41 <-- 88.102501 s

TIMEOUT
maxsize : 41
nodes : 196812912.000000
filtered : 1294508547.000000
time : 1000.000061
