Parameters: GAD=1 vflib=1 dir=1 label=1 lowerbound=1 fileNameGp=../../cp2016-max-common-connected-subgraph-paper/datasets/graphsdb/mcs50/bvg/b09m/mcs50_b09m_s100.A09 fileNameGt=../../cp2016-max-common-connected-subgraph-paper/datasets/graphsdb/mcs50/bvg/b09m/mcs50_b09m_s100.B09
Reading graphs...
100 : 450
100 : 450
Initializing...
maxdom : 6
D->valSize : 358
Solving...
Blb : 3 (clique : 33)
currentSize : 33 <-- 0.005582 s
currentSize : 34 <-- 0.007510 s
currentSize : 35 <-- 0.010279 s
currentSize : 36 <-- 0.010844 s
currentSize : 37 <-- 0.423046 s
currentSize : 38 <-- 3.838149 s
currentSize : 39 <-- 3.838915 s
currentSize : 40 <-- 3.841487 s
currentSize : 41 <-- 6.697762 s
currentSize : 43 <-- 6.829520 s
currentSize : 44 <-- 6.830186 s
currentSize : 45 <-- 6.831825 s
currentSize : 46 <-- 6.875661 s
currentSize : 48 <-- 6.875841 s
currentSize : 49 <-- 6.877050 s
currentSize : 50 <-- 6.880298 s

maxsize : 50
nodes : 60107322.000000
filtered : 232633207.000000
time : 310.705658
