Parameters: GAD=1 vflib=1 dir=1 label=1 lowerbound=1 fileNameGp=../../cp2016-max-common-connected-subgraph-paper/datasets/graphsdb/mcs50/m3D/m3Dr6/mcs50_m3Dr6_s60.A09 fileNameGt=../../cp2016-max-common-connected-subgraph-paper/datasets/graphsdb/mcs50/m3D/m3Dr6/mcs50_m3Dr6_s60.B09
Reading graphs...
60 : 170
60 : 168
Initializing...
maxdom : 7
D->valSize : 259
Solving...
Blb : 3 (clique : 17)
currentSize : 17 <-- 0.002859 s
currentSize : 18 <-- 0.003134 s
currentSize : 19 <-- 0.021937 s
currentSize : 20 <-- 0.307274 s
currentSize : 21 <-- 0.876997 s
currentSize : 22 <-- 9.528502 s
currentSize : 23 <-- 9.759630 s
currentSize : 24 <-- 12.918532 s
currentSize : 25 <-- 14.853269 s
currentSize : 26 <-- 14.875060 s
currentSize : 27 <-- 21.386194 s

maxsize : 27
nodes : 6485250.000000
filtered : 55112897.000000
time : 30.191872
