Parameters: GAD=1 vflib=1 dir=1 label=1 lowerbound=1 fileNameGp=../../cp2016-max-common-connected-subgraph-paper/datasets/graphsdb/mcs50/bvg/b06m/mcs50_b06m_s70.A06 fileNameGt=../../cp2016-max-common-connected-subgraph-paper/datasets/graphsdb/mcs50/bvg/b06m/mcs50_b06m_s70.B06
Reading graphs...
70 : 210
70 : 210
Initializing...
maxdom : 7
D->valSize : 310
Solving...
Blb : 3 (clique : 31)
currentSize : 31 <-- 0.002602 s
currentSize : 32 <-- 38.403633 s
currentSize : 33 <-- 67.400978 s
currentSize : 34 <-- 67.414513 s
currentSize : 35 <-- 188.008499 s

maxsize : 35
nodes : 42926368.000000
filtered : 409772121.000000
time : 226.090012
