Parameters: GAD=1 vflib=1 dir=1 label=1 lowerbound=1 fileNameGp=../../cp2016-max-common-connected-subgraph-paper/datasets/graphsdb/mcs50/m2D/m2Dr6/mcs50_m2Dr6_s70.A06 fileNameGt=../../cp2016-max-common-connected-subgraph-paper/datasets/graphsdb/mcs50/m2D/m2Dr6/mcs50_m2Dr6_s70.B06
Reading graphs...
70 : 165
70 : 164
Initializing...
maxdom : 10
D->valSize : 313
Solving...
Blb : 3 (clique : 23)
currentSize : 23 <-- 0.002474 s
currentSize : 24 <-- 0.153457 s
currentSize : 25 <-- 0.164440 s
currentSize : 26 <-- 0.431153 s
currentSize : 27 <-- 0.445918 s
currentSize : 28 <-- 0.477561 s
currentSize : 29 <-- 7.866250 s
currentSize : 31 <-- 10.887086 s
currentSize : 33 <-- 12.920773 s
currentSize : 34 <-- 20.935888 s
currentSize : 35 <-- 72.408417 s
currentSize : 36 <-- 72.511292 s

maxsize : 36
nodes : 19669117.000000
filtered : 99522779.000000
time : 86.948555
