Parameters: GAD=1 vflib=1 dir=1 label=1 lowerbound=1 fileNameGp=../../cp2016-max-common-connected-subgraph-paper/datasets/graphsdb/mcs50/m2D/m2Dr2/mcs50_m2Dr2_s70.A05 fileNameGt=../../cp2016-max-common-connected-subgraph-paper/datasets/graphsdb/mcs50/m2D/m2Dr2/mcs50_m2Dr2_s70.B05
Reading graphs...
70 : 137
70 : 137
Initializing...
maxdom : 8
D->valSize : 312
Solving...
Blb : 5 (clique : 24)
currentSize : 24 <-- 0.003999 s
currentSize : 25 <-- 3.395980 s
currentSize : 26 <-- 3.396094 s
currentSize : 27 <-- 3.397541 s
currentSize : 28 <-- 3.405131 s
currentSize : 29 <-- 3.434875 s
currentSize : 30 <-- 32.874660 s
currentSize : 31 <-- 72.673767 s
currentSize : 32 <-- 96.965378 s
currentSize : 33 <-- 135.958206 s
currentSize : 34 <-- 136.079041 s
currentSize : 35 <-- 182.529434 s
currentSize : 36 <-- 182.529663 s
currentSize : 37 <-- 223.399094 s

maxsize : 37
nodes : 61384022.000000
filtered : 340730799.000000
time : 272.695068
