Parameters: GAD=1 vflib=1 dir=1 label=1 lowerbound=1 fileNameGp=../../cp2016-max-common-connected-subgraph-paper/datasets/graphsdb/mcs50/bvg/b09m/mcs50_b09m_s100.A04 fileNameGt=../../cp2016-max-common-connected-subgraph-paper/datasets/graphsdb/mcs50/bvg/b09m/mcs50_b09m_s100.B04
Reading graphs...
100 : 450
100 : 450
Initializing...
maxdom : 6
D->valSize : 340
Solving...
Blb : 3 (clique : 37)
currentSize : 37 <-- 0.003265 s
currentSize : 38 <-- 0.848861 s
currentSize : 39 <-- 0.855321 s
currentSize : 42 <-- 89.752876 s
currentSize : 44 <-- 89.753098 s
currentSize : 46 <-- 89.753967 s
currentSize : 48 <-- 90.971375 s
currentSize : 50 <-- 91.004524 s

maxsize : 50
nodes : 41751524.000000
filtered : 160790763.000000
time : 215.625305
