Parameters: GAD=1 vflib=1 dir=1 label=1 lowerbound=1 fileNameGp=../../cp2016-max-common-connected-subgraph-paper/datasets/graphsdb/mcs50/m2D/m2Dr4/mcs50_m2Dr4_s60.A01 fileNameGt=../../cp2016-max-common-connected-subgraph-paper/datasets/graphsdb/mcs50/m2D/m2Dr4/mcs50_m2Dr4_s60.B01
Reading graphs...
60 : 128
60 : 128
Initializing...
maxdom : 7
D->valSize : 227
Solving...
Blb : 2 (clique : 22)
currentSize : 22 <-- 0.002417 s
currentSize : 24 <-- 0.018971 s
currentSize : 25 <-- 1.643711 s
currentSize : 26 <-- 12.552950 s
currentSize : 27 <-- 12.696899 s
currentSize : 28 <-- 68.037155 s

maxsize : 28
nodes : 19841396.000000
filtered : 153530378.000000
time : 87.773277
