Parameters: GAD=1 vflib=1 dir=1 label=1 lowerbound=1 fileNameGp=../../cp2016-max-common-connected-subgraph-paper/datasets/graphsdb/mcs50/m3D/m3D/mcs50_m3D_s60.A02 fileNameGt=../../cp2016-max-common-connected-subgraph-paper/datasets/graphsdb/mcs50/m3D/m3D/mcs50_m3D_s60.B02
Reading graphs...
60 : 134
60 : 134
Initializing...
maxdom : 7
D->valSize : 237
Solving...
Blb : 2 (clique : 22)
currentSize : 22 <-- 0.002534 s
currentSize : 23 <-- 0.003393 s
currentSize : 24 <-- 0.006667 s
currentSize : 25 <-- 0.006907 s
currentSize : 26 <-- 0.008824 s
currentSize : 27 <-- 0.183343 s
currentSize : 28 <-- 0.266194 s
currentSize : 29 <-- 0.398424 s

maxsize : 29
nodes : 1896352.000000
filtered : 11809992.000000
time : 8.371756
