Parameters: GAD=1 vflib=1 dir=1 label=1 lowerbound=1 fileNameGp=../../cp2016-max-common-connected-subgraph-paper/datasets/graphsdb/mcs50/m2D/m2D/mcs50_m2D_s70.A04 fileNameGt=../../cp2016-max-common-connected-subgraph-paper/datasets/graphsdb/mcs50/m2D/m2D/mcs50_m2D_s70.B04
Reading graphs...
70 : 123
70 : 123
Initializing...
maxdom : 7
D->valSize : 324
Solving...
Blb : 2 (clique : 29)
currentSize : 29 <-- 0.002627 s
currentSize : 30 <-- 0.002836 s
currentSize : 31 <-- 0.072230 s
currentSize : 32 <-- 1.239858 s
currentSize : 33 <-- 1.294190 s
currentSize : 34 <-- 1.393654 s
currentSize : 35 <-- 10.567019 s
currentSize : 36 <-- 11.333758 s
currentSize : 37 <-- 36.243050 s
currentSize : 39 <-- 180.750458 s

TIMEOUT
maxsize : 39
nodes : 202102904.000000
filtered : 1398257726.000000
time : 1000.000000
