Parameters: GAD=1 vflib=1 dir=1 label=1 lowerbound=1 fileNameGp=../../cp2016-max-common-connected-subgraph-paper/datasets/graphsdb/mcs50/bvg/b09m/mcs50_b09m_s90.A03 fileNameGt=../../cp2016-max-common-connected-subgraph-paper/datasets/graphsdb/mcs50/bvg/b09m/mcs50_b09m_s90.B03
Reading graphs...
90 : 405
90 : 405
Initializing...
maxdom : 10
D->valSize : 572
Solving...
Blb : 3 (clique : 38)
currentSize : 38 <-- 0.006395 s
currentSize : 39 <-- 28.964075 s
currentSize : 40 <-- 28.964289 s
currentSize : 41 <-- 28.964542 s
currentSize : 42 <-- 137.256012 s
currentSize : 43 <-- 137.256210 s
currentSize : 44 <-- 137.257370 s

maxsize : 44
nodes : 177663209.000000
filtered : 924624787.000000
time : 896.418030
