Parameters: GAD=1 vflib=1 dir=1 label=1 lowerbound=1 fileNameGp=../../cp2016-max-common-connected-subgraph-paper/datasets/graphsdb/mcs50/m2D/m2Dr2/mcs50_m2Dr2_s60.A03 fileNameGt=../../cp2016-max-common-connected-subgraph-paper/datasets/graphsdb/mcs50/m2D/m2Dr2/mcs50_m2Dr2_s60.B03
Reading graphs...
60 : 116
60 : 116
Initializing...
maxdom : 9
D->valSize : 256
Solving...
Blb : 2 (clique : 24)
currentSize : 24 <-- 0.001790 s
currentSize : 25 <-- 0.004401 s
currentSize : 26 <-- 0.297930 s
currentSize : 27 <-- 0.687656 s
currentSize : 28 <-- 57.977009 s
currentSize : 29 <-- 57.978146 s
currentSize : 30 <-- 57.988621 s
currentSize : 31 <-- 74.300903 s

maxsize : 31
nodes : 19582244.000000
filtered : 146188165.000000
time : 85.854340
