Parameters: GAD=1 vflib=1 dir=1 label=1 lowerbound=1 fileNameGp=../../cp2016-max-common-connected-subgraph-paper/datasets/graphsdb/mcs50/rand/r01/mcs50_r01_s50.A08 fileNameGt=../../cp2016-max-common-connected-subgraph-paper/datasets/graphsdb/mcs50/rand/r01/mcs50_r01_s50.B08
Reading graphs...
50 : 244
50 : 244
Initializing...
maxdom : 10
D->valSize : 369
Solving...
Blb : 5 (clique : 11)
currentSize : 11 <-- 0.002556 s
currentSize : 12 <-- 0.003060 s
currentSize : 13 <-- 0.003738 s
currentSize : 14 <-- 0.019246 s
currentSize : 15 <-- 0.050633 s
currentSize : 16 <-- 0.186252 s
currentSize : 18 <-- 0.230774 s
currentSize : 19 <-- 0.282653 s
currentSize : 21 <-- 0.282753 s
currentSize : 23 <-- 0.432956 s
currentSize : 25 <-- 0.433011 s

maxsize : 25
nodes : 94365.000000
filtered : 1622217.000000
time : 0.469267
