Parameters: GAD=1 vflib=1 dir=1 label=1 lowerbound=1 fileNameGp=../../cp2016-max-common-connected-subgraph-paper/datasets/graphsdb/mcs50/bvg/b06m/mcs50_b06m_s70.A02 fileNameGt=../../cp2016-max-common-connected-subgraph-paper/datasets/graphsdb/mcs50/bvg/b06m/mcs50_b06m_s70.B02
Reading graphs...
70 : 210
70 : 210
Initializing...
maxdom : 7
D->valSize : 322
Solving...
Blb : 5 (clique : 25)
currentSize : 25 <-- 0.002553 s
currentSize : 26 <-- 1.207549 s
currentSize : 27 <-- 5.218004 s
currentSize : 28 <-- 13.728279 s
currentSize : 31 <-- 14.124644 s
currentSize : 32 <-- 14.130113 s
currentSize : 34 <-- 22.597376 s
currentSize : 35 <-- 22.614864 s
currentSize : 36 <-- 22.623188 s

maxsize : 36
nodes : 6946207.000000
filtered : 56329925.000000
time : 34.644264
