Parameters: GAD=1 vflib=1 dir=1 label=1 lowerbound=1 fileNameGp=../../cp2016-max-common-connected-subgraph-paper/datasets/graphsdb/mcs50/m3D/m3Dr6/mcs50_m3Dr6_s60.A07 fileNameGt=../../cp2016-max-common-connected-subgraph-paper/datasets/graphsdb/mcs50/m3D/m3Dr6/mcs50_m3Dr6_s60.B07
Reading graphs...
60 : 170
60 : 170
Initializing...
maxdom : 7
D->valSize : 260
Solving...
Blb : 2 (clique : 17)
currentSize : 17 <-- 0.001726 s
currentSize : 18 <-- 0.005302 s
currentSize : 19 <-- 0.014066 s
currentSize : 20 <-- 1.136532 s
currentSize : 21 <-- 1.350455 s
currentSize : 22 <-- 3.317491 s
currentSize : 23 <-- 5.595304 s
currentSize : 24 <-- 23.696510 s
currentSize : 25 <-- 23.696880 s
currentSize : 26 <-- 27.844820 s
currentSize : 27 <-- 27.846352 s

maxsize : 27
nodes : 9887516.000000
filtered : 74729519.000000
time : 43.361927
