Parameters: GAD=1 vflib=1 dir=1 label=1 lowerbound=1 fileNameGp=../../cp2016-max-common-connected-subgraph-paper/datasets/graphsdb/mcs50/m2D/m2Dr4/mcs50_m2Dr4_s60.A00 fileNameGt=../../cp2016-max-common-connected-subgraph-paper/datasets/graphsdb/mcs50/m2D/m2Dr4/mcs50_m2Dr4_s60.B00
Reading graphs...
60 : 128
60 : 127
Initializing...
maxdom : 6
D->valSize : 238
Solving...
Blb : 2 (clique : 20)
currentSize : 20 <-- 0.002585 s
currentSize : 21 <-- 0.002909 s
currentSize : 22 <-- 0.180816 s
currentSize : 23 <-- 0.180972 s
currentSize : 24 <-- 0.181093 s
currentSize : 25 <-- 1.040466 s
currentSize : 26 <-- 7.695857 s
currentSize : 27 <-- 12.476725 s
currentSize : 28 <-- 12.482918 s
currentSize : 29 <-- 12.903151 s
currentSize : 30 <-- 13.039092 s

maxsize : 30
nodes : 4171332.000000
filtered : 23026292.000000
time : 17.246384
