Parameters: GAD=1 vflib=1 dir=1 label=1 lowerbound=1 fileNameGp=../../cp2016-max-common-connected-subgraph-paper/datasets/graphsdb/mcs50/m2D/m2Dr2/mcs50_m2Dr2_s100.A02 fileNameGt=../../cp2016-max-common-connected-subgraph-paper/datasets/graphsdb/mcs50/m2D/m2Dr2/mcs50_m2Dr2_s100.B02
Reading graphs...
100 : 200
100 : 198
Initializing...
maxdom : 7
D->valSize : 353
Solving...
Blb : 2 (clique : 40)
currentSize : 40 <-- 0.003697 s
currentSize : 41 <-- 0.004046 s
currentSize : 42 <-- 0.004170 s
currentSize : 43 <-- 0.007109 s
currentSize : 44 <-- 0.064657 s
currentSize : 45 <-- 0.132396 s
currentSize : 46 <-- 0.176880 s
currentSize : 47 <-- 11.769821 s
currentSize : 48 <-- 615.159180 s
currentSize : 49 <-- 615.165771 s
currentSize : 50 <-- 619.399292 s

TIMEOUT
maxsize : 50
nodes : 218520863.000000
filtered : 523548902.000000
time : 1000.000061
