Parameters: GAD=1 vflib=1 dir=1 label=1 lowerbound=1 fileNameGp=../../cp2016-max-common-connected-subgraph-paper/datasets/graphsdb/mcs50/rand/r01/mcs50_r01_s50.A02 fileNameGt=../../cp2016-max-common-connected-subgraph-paper/datasets/graphsdb/mcs50/rand/r01/mcs50_r01_s50.B02
Reading graphs...
50 : 244
50 : 244
Initializing...
maxdom : 10
D->valSize : 343
Solving...
Blb : 2 (clique : 9)
currentSize : 9 <-- 0.002262 s
currentSize : 10 <-- 0.002346 s
currentSize : 11 <-- 0.002442 s
currentSize : 12 <-- 0.002679 s
currentSize : 13 <-- 0.004747 s
currentSize : 15 <-- 0.014885 s
currentSize : 17 <-- 0.015235 s
currentSize : 18 <-- 0.052807 s
currentSize : 19 <-- 0.056071 s
currentSize : 20 <-- 0.058162 s
currentSize : 25 <-- 0.058213 s

maxsize : 25
nodes : 19227.000000
filtered : 316931.000000
time : 0.095431
