Parameters: GAD=1 vflib=1 dir=1 label=1 lowerbound=1 fileNameGp=../../cp2016-max-common-connected-subgraph-paper/datasets/graphsdb/mcs50/m3D/m3Dr4/mcs50_m3Dr4_s60.A01 fileNameGt=../../cp2016-max-common-connected-subgraph-paper/datasets/graphsdb/mcs50/m3D/m3Dr4/mcs50_m3Dr4_s60.B01
Reading graphs...
60 : 158
60 : 157
Initializing...
maxdom : 7
D->valSize : 229
Solving...
Blb : 2 (clique : 20)
currentSize : 20 <-- 0.001647 s
currentSize : 21 <-- 0.565564 s
currentSize : 22 <-- 0.565773 s
currentSize : 23 <-- 0.595554 s
currentSize : 24 <-- 0.596228 s
currentSize : 25 <-- 1.068896 s
currentSize : 26 <-- 3.376626 s
currentSize : 27 <-- 7.695475 s

maxsize : 27
nodes : 3491932.000000
filtered : 26233759.000000
time : 15.748043
