Parameters: GAD=1 vflib=1 dir=1 label=1 lowerbound=1 fileNameGp=../../cp2016-max-common-connected-subgraph-paper/datasets/graphsdb/mcs50/m2D/m2Dr4/mcs50_m2Dr4_s50.A01 fileNameGt=../../cp2016-max-common-connected-subgraph-paper/datasets/graphsdb/mcs50/m2D/m2Dr4/mcs50_m2Dr4_s50.B01
Reading graphs...
50 : 105
50 : 104
Initializing...
maxdom : 7
D->valSize : 323
Solving...
Blb : 2 (clique : 21)
currentSize : 21 <-- 0.002265 s
currentSize : 22 <-- 0.002444 s
currentSize : 23 <-- 1.024673 s
currentSize : 24 <-- 2.843554 s
currentSize : 25 <-- 19.462029 s
currentSize : 26 <-- 48.067696 s

maxsize : 26
nodes : 11431874.000000
filtered : 159862583.000000
time : 55.302559
