Parameters: GAD=1 vflib=1 dir=1 label=1 lowerbound=1 fileNameGp=../../cp2016-max-common-connected-subgraph-paper/datasets/graphsdb/mcs50/m2D/m2D/mcs50_m2D_s80.A00 fileNameGt=../../cp2016-max-common-connected-subgraph-paper/datasets/graphsdb/mcs50/m2D/m2D/mcs50_m2D_s80.B00
Reading graphs...
80 : 142
80 : 142
Initializing...
maxdom : 9
D->valSize : 432
Solving...
Blb : 2 (clique : 27)
currentSize : 27 <-- 0.004047 s
currentSize : 33 <-- 0.004253 s
currentSize : 34 <-- 0.010275 s
currentSize : 35 <-- 2.838918 s
currentSize : 36 <-- 2.841191 s
currentSize : 37 <-- 354.620270 s
currentSize : 38 <-- 984.261902 s

TIMEOUT
maxsize : 38
nodes : 180471886.000000
filtered : 1560856865.000000
time : 1000.000000
