Parameters: GAD=1 vflib=1 dir=1 label=1 lowerbound=1 fileNameGp=../../cp2016-max-common-connected-subgraph-paper/datasets/graphsdb/mcs50/m2D/m2Dr2/mcs50_m2Dr2_s100.A04 fileNameGt=../../cp2016-max-common-connected-subgraph-paper/datasets/graphsdb/mcs50/m2D/m2Dr2/mcs50_m2Dr2_s100.B04
Reading graphs...
100 : 200
100 : 200
Initializing...
maxdom : 7
D->valSize : 346
Solving...
Blb : 2 (clique : 39)
currentSize : 39 <-- 0.005522 s
currentSize : 40 <-- 0.006065 s
currentSize : 42 <-- 0.138187 s
currentSize : 43 <-- 4.012770 s
currentSize : 44 <-- 4.363264 s
currentSize : 45 <-- 15.864902 s
currentSize : 46 <-- 15.867055 s
currentSize : 47 <-- 15.868316 s
currentSize : 48 <-- 171.023376 s
currentSize : 50 <-- 171.024155 s
currentSize : 51 <-- 171.047989 s

TIMEOUT
maxsize : 51
nodes : 208384628.000000
filtered : 581295408.000000
time : 1000.000061
