Parameters: GAD=1 vflib=1 dir=1 label=1 lowerbound=1 fileNameGp=../../cp2016-max-common-connected-subgraph-paper/datasets/graphsdb/mcs50/rand/r01/mcs50_r01_s70.A09 fileNameGt=../../cp2016-max-common-connected-subgraph-paper/datasets/graphsdb/mcs50/rand/r01/mcs50_r01_s70.B09
Reading graphs...
70 : 482
70 : 482
Initializing...
maxdom : 11
D->valSize : 400
Solving...
Blb : 3 (clique : 11)
currentSize : 11 <-- 0.003221 s
currentSize : 12 <-- 0.003346 s
currentSize : 13 <-- 0.004638 s
currentSize : 14 <-- 0.007027 s
currentSize : 15 <-- 0.020722 s
currentSize : 16 <-- 0.079721 s
currentSize : 17 <-- 0.084087 s
currentSize : 20 <-- 0.087368 s
currentSize : 23 <-- 0.119901 s
currentSize : 24 <-- 0.159172 s
currentSize : 27 <-- 0.268093 s
currentSize : 31 <-- 0.347595 s
currentSize : 35 <-- 0.416011 s

maxsize : 35
nodes : 83866.000000
filtered : 1500845.000000
time : 0.510078
