Parameters: GAD=1 vflib=1 dir=1 label=1 lowerbound=1 fileNameGp=../../cp2016-max-common-connected-subgraph-paper/datasets/graphsdb/mcs50/bvg/b03m/mcs50_b03m_s80.A02 fileNameGt=../../cp2016-max-common-connected-subgraph-paper/datasets/graphsdb/mcs50/bvg/b03m/mcs50_b03m_s80.B02
Reading graphs...
80 : 120
80 : 120
Initializing...
maxdom : 9
D->valSize : 413
Solving...
Blb : 2 (clique : 35)
currentSize : 35 <-- 0.004174 s
currentSize : 37 <-- 0.004617 s
currentSize : 38 <-- 0.006382 s
currentSize : 39 <-- 0.662133 s
currentSize : 40 <-- 17.839479 s
currentSize : 41 <-- 43.379925 s
currentSize : 42 <-- 107.640091 s

TIMEOUT
maxsize : 42
nodes : 183942223.000000
filtered : 1514889204.000000
time : 1000.000061
