Parameters: GAD=1 vflib=1 dir=1 label=1 lowerbound=1 fileNameGp=../../cp2016-max-common-connected-subgraph-paper/datasets/graphsdb/mcs50/m2D/m2Dr2/mcs50_m2Dr2_s60.A09 fileNameGt=../../cp2016-max-common-connected-subgraph-paper/datasets/graphsdb/mcs50/m2D/m2Dr2/mcs50_m2Dr2_s60.B09
Reading graphs...
60 : 116
60 : 115
Initializing...
maxdom : 6
D->valSize : 222
Solving...
Blb : 2 (clique : 22)
currentSize : 22 <-- 0.001590 s
currentSize : 24 <-- 0.001714 s
currentSize : 25 <-- 0.002241 s
currentSize : 26 <-- 9.112961 s
currentSize : 27 <-- 29.684664 s

maxsize : 27
nodes : 132386618.000000
filtered : 819669983.000000
time : 554.750854
