Parameters: GAD=1 vflib=1 dir=1 label=1 lowerbound=1 fileNameGp=../../cp2016-max-common-connected-subgraph-paper/datasets/graphsdb/mcs50/bvg/b09m/mcs50_b09m_s60.A03 fileNameGt=../../cp2016-max-common-connected-subgraph-paper/datasets/graphsdb/mcs50/bvg/b09m/mcs50_b09m_s60.B03
Reading graphs...
60 : 270
60 : 270
Initializing...
maxdom : 6
D->valSize : 252
Solving...
Blb : 3 (clique : 21)
currentSize : 21 <-- 0.001652 s
currentSize : 22 <-- 0.010420 s
currentSize : 23 <-- 0.010522 s
currentSize : 24 <-- 0.010653 s
currentSize : 26 <-- 0.010804 s
currentSize : 27 <-- 0.010966 s
currentSize : 28 <-- 0.439006 s
currentSize : 30 <-- 0.594290 s
currentSize : 31 <-- 0.594493 s

maxsize : 31
nodes : 179733.000000
filtered : 1685695.000000
time : 0.868746
