Parameters: GAD=1 vflib=1 dir=1 label=1 lowerbound=1 fileNameGp=../../cp2016-max-common-connected-subgraph-paper/datasets/graphsdb/mcs50/m2D/m2Dr6/mcs50_m2Dr6_s80.A00 fileNameGt=../../cp2016-max-common-connected-subgraph-paper/datasets/graphsdb/mcs50/m2D/m2Dr6/mcs50_m2Dr6_s80.B00
Reading graphs...
80 : 190
80 : 189
Initializing...
maxdom : 8
D->valSize : 442
Solving...
Blb : 5 (clique : 25)
currentSize : 25 <-- 0.004197 s
currentSize : 26 <-- 0.012637 s
currentSize : 27 <-- 0.254233 s
currentSize : 28 <-- 0.609125 s
currentSize : 29 <-- 55.147381 s
currentSize : 30 <-- 907.627625 s

TIMEOUT
maxsize : 30
nodes : 217440299.000000
filtered : 1320423069.000000
time : 1000.000000
