Parameters: GAD=1 vflib=1 dir=1 label=1 lowerbound=1 fileNameGp=../../cp2016-max-common-connected-subgraph-paper/datasets/graphsdb/mcs50/bvg/b06/mcs50_b06_s100.A07 fileNameGt=../../cp2016-max-common-connected-subgraph-paper/datasets/graphsdb/mcs50/bvg/b06/mcs50_b06_s100.B07
Reading graphs...
100 : 300
100 : 300
Initializing...
maxdom : 8
D->valSize : 350
Solving...
Blb : 3 (clique : 38)
currentSize : 38 <-- 0.005484 s
currentSize : 39 <-- 0.041174 s
currentSize : 40 <-- 2.613419 s
currentSize : 41 <-- 74.625893 s
currentSize : 42 <-- 81.732216 s
currentSize : 43 <-- 121.744553 s
currentSize : 44 <-- 907.195557 s
currentSize : 45 <-- 924.084839 s
currentSize : 47 <-- 930.208191 s

TIMEOUT
maxsize : 47
nodes : 201953989.000000
filtered : 707176787.000000
time : 1000.000061
