Parameters: GAD=1 vflib=1 dir=1 label=1 lowerbound=1 fileNameGp=../../cp2016-max-common-connected-subgraph-paper/datasets/graphsdb/mcs50/bvg/b09/mcs50_b09_s60.A03 fileNameGt=../../cp2016-max-common-connected-subgraph-paper/datasets/graphsdb/mcs50/bvg/b09/mcs50_b09_s60.B03
Reading graphs...
60 : 270
60 : 270
Initializing...
maxdom : 7
D->valSize : 243
Solving...
Blb : 2 (clique : 20)
currentSize : 20 <-- 0.001569 s
currentSize : 21 <-- 0.001772 s
currentSize : 22 <-- 0.001969 s
currentSize : 24 <-- 0.149057 s
currentSize : 27 <-- 0.149087 s
currentSize : 29 <-- 0.149336 s
currentSize : 30 <-- 0.275202 s

maxsize : 30
nodes : 343235.000000
filtered : 1720566.000000
time : 1.397855
