Parameters: GAD=1 vflib=1 dir=1 label=1 lowerbound=1 fileNameGp=../../cp2016-max-common-connected-subgraph-paper/datasets/graphsdb/mcs50/bvg/b09/mcs50_b09_s90.A06 fileNameGt=../../cp2016-max-common-connected-subgraph-paper/datasets/graphsdb/mcs50/bvg/b09/mcs50_b09_s90.B06
Reading graphs...
90 : 405
90 : 405
Initializing...
maxdom : 11
D->valSize : 555
Solving...
Blb : 3 (clique : 31)
currentSize : 31 <-- 0.006201 s
currentSize : 32 <-- 48.730572 s
currentSize : 33 <-- 48.799839 s
currentSize : 34 <-- 50.876404 s
currentSize : 35 <-- 82.588089 s
currentSize : 36 <-- 82.818329 s
currentSize : 39 <-- 154.571121 s
currentSize : 40 <-- 154.571426 s
currentSize : 41 <-- 154.582581 s
currentSize : 42 <-- 154.582687 s
currentSize : 43 <-- 154.806061 s
currentSize : 44 <-- 154.826126 s

maxsize : 44
nodes : 167658692.000000
filtered : 1001259826.000000
time : 873.164551
