Parameters: GAD=1 vflib=1 dir=1 label=1 lowerbound=1 fileNameGp=../../cp2016-max-common-connected-subgraph-paper/datasets/graphsdb/mcs50/m2D/m2D/mcs50_m2D_s60.A01 fileNameGt=../../cp2016-max-common-connected-subgraph-paper/datasets/graphsdb/mcs50/m2D/m2D/mcs50_m2D_s60.B01
Reading graphs...
60 : 104
60 : 104
Initializing...
maxdom : 8
D->valSize : 286
Solving...
Blb : 2 (clique : 21)
currentSize : 21 <-- 0.002221 s
currentSize : 24 <-- 0.040764 s
currentSize : 25 <-- 0.040936 s
currentSize : 26 <-- 104.185844 s
currentSize : 27 <-- 256.413666 s
currentSize : 28 <-- 306.357697 s

maxsize : 28
nodes : 72569369.000000
filtered : 680241796.000000
time : 333.070679
