Parameters: GAD=1 vflib=1 dir=1 label=1 lowerbound=1 fileNameGp=../../cp2016-max-common-connected-subgraph-paper/datasets/graphsdb/mcs50/m2D/m2Dr2/mcs50_m2Dr2_s60.A01 fileNameGt=../../cp2016-max-common-connected-subgraph-paper/datasets/graphsdb/mcs50/m2D/m2Dr2/mcs50_m2Dr2_s60.B01
Reading graphs...
60 : 116
60 : 116
Initializing...
maxdom : 8
D->valSize : 263
Solving...
Blb : 3 (clique : 25)
currentSize : 25 <-- 0.001863 s
currentSize : 26 <-- 26.315180 s
currentSize : 27 <-- 26.322008 s
currentSize : 28 <-- 44.153271 s
currentSize : 29 <-- 64.329964 s

maxsize : 29
nodes : 48989408.000000
filtered : 437197517.000000
time : 227.002487
