Parameters: GAD=1 vflib=1 dir=1 label=1 lowerbound=1 fileNameGp=../../cp2016-max-common-connected-subgraph-paper/datasets/graphsdb/mcs50/m3D/m3Dr2/mcs50_m3Dr2_s50.A07 fileNameGt=../../cp2016-max-common-connected-subgraph-paper/datasets/graphsdb/mcs50/m3D/m3Dr2/mcs50_m3Dr2_s50.B07
Reading graphs...
50 : 119
50 : 119
Initializing...
maxdom : 9
D->valSize : 324
Solving...
Blb : 5 (clique : 17)
currentSize : 17 <-- 0.002202 s
currentSize : 20 <-- 0.002299 s
currentSize : 21 <-- 0.002696 s
currentSize : 22 <-- 0.003120 s
currentSize : 24 <-- 0.003450 s
currentSize : 25 <-- 0.003516 s
currentSize : 26 <-- 0.003960 s
currentSize : 27 <-- 1.344521 s
currentSize : 28 <-- 1.344633 s
currentSize : 29 <-- 1.344848 s

maxsize : 29
nodes : 411314.000000
filtered : 5081106.000000
time : 1.943619
