Parameters: GAD=1 vflib=1 dir=1 label=1 lowerbound=1 fileNameGp=../../cp2016-max-common-connected-subgraph-paper/datasets/graphsdb/mcs50/m2D/m2Dr6/mcs50_m2Dr6_s70.A04 fileNameGt=../../cp2016-max-common-connected-subgraph-paper/datasets/graphsdb/mcs50/m2D/m2Dr6/mcs50_m2Dr6_s70.B04
Reading graphs...
70 : 165
70 : 165
Initializing...
maxdom : 7
D->valSize : 332
Solving...
Blb : 3 (clique : 31)
currentSize : 31 <-- 0.004446 s
currentSize : 32 <-- 14.716327 s
currentSize : 33 <-- 14.735399 s
currentSize : 34 <-- 28.873768 s
currentSize : 35 <-- 28.874754 s
currentSize : 36 <-- 28.930552 s
currentSize : 37 <-- 28.930696 s

maxsize : 37
nodes : 68667848.000000
filtered : 455539954.000000
time : 330.473389
