Parameters: GAD=1 vflib=1 dir=1 label=1 lowerbound=1 fileNameGp=../../cp2016-max-common-connected-subgraph-paper/datasets/graphsdb/mcs50/bvg/b06/mcs50_b06_s70.A01 fileNameGt=../../cp2016-max-common-connected-subgraph-paper/datasets/graphsdb/mcs50/bvg/b06/mcs50_b06_s70.B01
Reading graphs...
70 : 210
70 : 210
Initializing...
maxdom : 7
D->valSize : 325
Solving...
Blb : 3 (clique : 28)
currentSize : 28 <-- 0.002482 s
currentSize : 29 <-- 0.005341 s
currentSize : 30 <-- 0.006717 s
currentSize : 33 <-- 0.027989 s
currentSize : 34 <-- 0.028287 s
currentSize : 35 <-- 3.878648 s
currentSize : 36 <-- 3.878846 s

maxsize : 36
nodes : 1954700.000000
filtered : 15681884.000000
time : 9.954530
