Parameters: GAD=1 vflib=1 dir=1 label=1 lowerbound=1 fileNameGp=../../cp2016-max-common-connected-subgraph-paper/datasets/graphsdb/mcs50/bvg/b03/mcs50_b03_s100.A04 fileNameGt=../../cp2016-max-common-connected-subgraph-paper/datasets/graphsdb/mcs50/bvg/b03/mcs50_b03_s100.B04
Reading graphs...
100 : 150
100 : 150
Initializing...
maxdom : 6
D->valSize : 363
Solving...
Blb : 2 (clique : 46)
currentSize : 46 <-- 0.005942 s
currentSize : 47 <-- 0.006489 s
currentSize : 48 <-- 0.011980 s
currentSize : 49 <-- 0.072004 s
currentSize : 50 <-- 0.181400 s
currentSize : 51 <-- 15.795057 s
currentSize : 52 <-- 39.494091 s
currentSize : 53 <-- 40.100899 s
currentSize : 54 <-- 104.314049 s

TIMEOUT
maxsize : 54
nodes : 219592739.000000
filtered : 612496906.000000
time : 1000.000061
