Parameters: GAD=1 vflib=1 dir=1 label=1 lowerbound=1 fileNameGp=../../cp2016-max-common-connected-subgraph-paper/datasets/graphsdb/mcs50/m2D/m2Dr4/mcs50_m2Dr4_s60.A08 fileNameGt=../../cp2016-max-common-connected-subgraph-paper/datasets/graphsdb/mcs50/m2D/m2Dr4/mcs50_m2Dr4_s60.B08
Reading graphs...
60 : 128
60 : 128
Initializing...
maxdom : 8
D->valSize : 245
Solving...
Blb : 2 (clique : 21)
currentSize : 21 <-- 0.002754 s
currentSize : 22 <-- 0.109734 s
currentSize : 23 <-- 0.407138 s
currentSize : 24 <-- 0.672313 s
currentSize : 25 <-- 0.810075 s
currentSize : 26 <-- 1.696524 s
currentSize : 27 <-- 1.797599 s
currentSize : 28 <-- 2.174280 s
currentSize : 29 <-- 2.174416 s
currentSize : 30 <-- 3.825376 s

maxsize : 30
nodes : 1528979.000000
filtered : 9356672.000000
time : 6.570694
