Parameters: GAD=1 vflib=1 dir=1 label=1 lowerbound=1 fileNameGp=../../cp2016-max-common-connected-subgraph-paper/datasets/graphsdb/mcs50/m2D/m2Dr6/mcs50_m2Dr6_s70.A02 fileNameGt=../../cp2016-max-common-connected-subgraph-paper/datasets/graphsdb/mcs50/m2D/m2Dr6/mcs50_m2Dr6_s70.B02
Reading graphs...
70 : 165
70 : 160
Initializing...
maxdom : 9
D->valSize : 363
Solving...
Blb : 2 (clique : 24)
currentSize : 24 <-- 0.003070 s
currentSize : 25 <-- 0.660720 s
currentSize : 26 <-- 0.660811 s
currentSize : 27 <-- 1.706531 s
currentSize : 28 <-- 4.377197 s
currentSize : 29 <-- 89.662407 s
currentSize : 30 <-- 89.662567 s
currentSize : 31 <-- 89.662643 s
currentSize : 32 <-- 89.664032 s
currentSize : 33 <-- 90.051178 s
currentSize : 34 <-- 135.432434 s
currentSize : 35 <-- 282.012054 s
currentSize : 36 <-- 282.015198 s
currentSize : 37 <-- 285.326508 s
currentSize : 38 <-- 286.753235 s

maxsize : 38
nodes : 65763511.000000
filtered : 503062405.000000
time : 320.712769
