Parameters: GAD=1 vflib=1 dir=1 label=1 lowerbound=1 fileNameGp=../../cp2016-max-common-connected-subgraph-paper/datasets/graphsdb/mcs50/bvg/b03/mcs50_b03_s50.A04 fileNameGt=../../cp2016-max-common-connected-subgraph-paper/datasets/graphsdb/mcs50/bvg/b03/mcs50_b03_s50.B04
Reading graphs...
50 : 75
50 : 75
Initializing...
maxdom : 9
D->valSize : 312
Solving...
Blb : 2 (clique : 22)
currentSize : 22 <-- 0.002168 s
currentSize : 23 <-- 0.394783 s
currentSize : 24 <-- 1.303001 s
currentSize : 25 <-- 3.332497 s
currentSize : 26 <-- 15.258988 s
currentSize : 27 <-- 355.404541 s

maxsize : 27
nodes : 98829772.000000
filtered : 1152823552.000000
time : 436.408813
