Parameters: GAD=1 vflib=1 dir=1 label=1 lowerbound=1 fileNameGp=../../cp2016-max-common-connected-subgraph-paper/datasets/graphsdb/mcs50/bvg/b06m/mcs50_b06m_s90.A05 fileNameGt=../../cp2016-max-common-connected-subgraph-paper/datasets/graphsdb/mcs50/bvg/b06m/mcs50_b06m_s90.B05
Reading graphs...
90 : 270
90 : 270
Initializing...
maxdom : 14
D->valSize : 591
Solving...
Blb : 2 (clique : 36)
currentSize : 36 <-- 0.007098 s
currentSize : 37 <-- 0.007432 s
currentSize : 38 <-- 0.009707 s
currentSize : 39 <-- 0.013060 s
currentSize : 40 <-- 0.013595 s
currentSize : 41 <-- 19.418941 s
currentSize : 43 <-- 150.301727 s
currentSize : 44 <-- 150.302124 s
currentSize : 45 <-- 150.509659 s

TIMEOUT
maxsize : 45
nodes : 196992124.000000
filtered : 1006475788.000000
time : 1000.000061
