Parameters: GAD=1 vflib=1 dir=1 label=1 lowerbound=1 fileNameGp=../../cp2016-max-common-connected-subgraph-paper/datasets/graphsdb/mcs50/m2D/m2Dr6/mcs50_m2Dr6_s60.A02 fileNameGt=../../cp2016-max-common-connected-subgraph-paper/datasets/graphsdb/mcs50/m2D/m2Dr6/mcs50_m2Dr6_s60.B02
Reading graphs...
60 : 140
60 : 137
Initializing...
maxdom : 7
D->valSize : 267
Solving...
Blb : 5 (clique : 19)
currentSize : 19 <-- 0.002874 s
currentSize : 20 <-- 0.003056 s
currentSize : 21 <-- 0.003352 s
currentSize : 22 <-- 0.003625 s
currentSize : 23 <-- 0.005565 s
currentSize : 24 <-- 67.840912 s
currentSize : 25 <-- 258.410583 s
currentSize : 26 <-- 258.410858 s
currentSize : 27 <-- 301.209961 s
currentSize : 29 <-- 301.898804 s

maxsize : 29
nodes : 77135292.000000
filtered : 802999752.000000
time : 353.682648
