Parameters: GAD=1 vflib=1 dir=1 label=1 lowerbound=1 fileNameGp=../../cp2016-max-common-connected-subgraph-paper/datasets/graphsdb/mcs50/rand/r01/mcs50_r01_s80.A05 fileNameGt=../../cp2016-max-common-connected-subgraph-paper/datasets/graphsdb/mcs50/rand/r01/mcs50_r01_s80.B05
Reading graphs...
80 : 631
80 : 631
Initializing...
maxdom : 9
D->valSize : 442
Solving...
Blb : 2 (clique : 13)
currentSize : 13 <-- 0.003875 s
currentSize : 14 <-- 0.004064 s
currentSize : 15 <-- 0.004359 s
currentSize : 17 <-- 0.004543 s
currentSize : 19 <-- 0.005403 s
currentSize : 20 <-- 0.018228 s
currentSize : 24 <-- 0.018308 s
currentSize : 25 <-- 0.059335 s
currentSize : 26 <-- 0.075022 s
currentSize : 29 <-- 0.075102 s
currentSize : 33 <-- 0.159283 s
currentSize : 40 <-- 0.205669 s

maxsize : 40
nodes : 66132.000000
filtered : 1231263.000000
time : 0.447509
