Parameters: GAD=1 vflib=1 dir=1 label=1 lowerbound=1 fileNameGp=../../cp2016-max-common-connected-subgraph-paper/datasets/graphsdb/mcs50/rand/r005/mcs50_r005_s70.A05 fileNameGt=../../cp2016-max-common-connected-subgraph-paper/datasets/graphsdb/mcs50/rand/r005/mcs50_r005_s70.B05
Reading graphs...
70 : 240
70 : 240
Initializing...
maxdom : 8
D->valSize : 368
Solving...
Blb : 5 (clique : 17)
currentSize : 17 <-- 0.004947 s
currentSize : 20 <-- 0.005141 s
currentSize : 21 <-- 0.005442 s
currentSize : 22 <-- 0.030823 s
currentSize : 24 <-- 0.729078 s
currentSize : 25 <-- 5.836408 s
currentSize : 26 <-- 5.846270 s
currentSize : 28 <-- 20.469435 s
currentSize : 29 <-- 20.472437 s
currentSize : 31 <-- 32.194065 s
currentSize : 32 <-- 40.442299 s
currentSize : 33 <-- 48.861076 s
currentSize : 35 <-- 48.865887 s

maxsize : 35
nodes : 9165999.000000
filtered : 113385789.000000
time : 52.239239
