Parameters: GAD=1 vflib=1 dir=1 label=1 lowerbound=1 fileNameGp=../../cp2016-max-common-connected-subgraph-paper/datasets/graphsdb/mcs50/bvg/b09/mcs50_b09_s100.A05 fileNameGt=../../cp2016-max-common-connected-subgraph-paper/datasets/graphsdb/mcs50/bvg/b09/mcs50_b09_s100.B05
Reading graphs...
100 : 450
100 : 450
Initializing...
maxdom : 7
D->valSize : 348
Solving...
Blb : 3 (clique : 34)
currentSize : 34 <-- 0.003323 s
currentSize : 37 <-- 0.476852 s
currentSize : 38 <-- 0.477835 s
currentSize : 39 <-- 0.478074 s
currentSize : 41 <-- 0.480831 s
currentSize : 42 <-- 0.671907 s
currentSize : 43 <-- 0.673710 s
currentSize : 44 <-- 4.355885 s
currentSize : 45 <-- 4.935441 s
currentSize : 46 <-- 4.943183 s
currentSize : 48 <-- 25.442732 s
currentSize : 49 <-- 83.011200 s
currentSize : 50 <-- 83.018059 s
currentSize : 51 <-- 114.077187 s

maxsize : 51
nodes : 60463013.000000
filtered : 278820812.000000
time : 328.435028
