Parameters: GAD=1 vflib=1 dir=1 label=1 lowerbound=1 fileNameGp=../../cp2016-max-common-connected-subgraph-paper/datasets/graphsdb/mcs50/m2D/m2Dr2/mcs50_m2Dr2_s80.A02 fileNameGt=../../cp2016-max-common-connected-subgraph-paper/datasets/graphsdb/mcs50/m2D/m2Dr2/mcs50_m2Dr2_s80.B02
Reading graphs...
80 : 158
80 : 158
Initializing...
maxdom : 10
D->valSize : 433
Solving...
Blb : 2 (clique : 37)
currentSize : 37 <-- 0.004354 s
currentSize : 38 <-- 0.005611 s
currentSize : 39 <-- 0.006349 s
currentSize : 40 <-- 0.009146 s
currentSize : 41 <-- 0.014570 s
currentSize : 42 <-- 0.015132 s

TIMEOUT
maxsize : 42
nodes : 190042478.000000
filtered : 1329728717.000000
time : 1000.000061
