Parameters: GAD=1 vflib=1 dir=1 label=1 lowerbound=1 fileNameGp=../../cp2016-max-common-connected-subgraph-paper/datasets/graphsdb/mcs50/rand/r02/mcs50_r02_s100.A07 fileNameGt=../../cp2016-max-common-connected-subgraph-paper/datasets/graphsdb/mcs50/rand/r02/mcs50_r02_s100.B07
Reading graphs...
100 : 1979
100 : 1979
Initializing...
maxdom : 7
D->valSize : 336
Solving...
Blb : 2 (clique : 8)
currentSize : 8 <-- 0.004564 s
currentSize : 9 <-- 0.005801 s
currentSize : 10 <-- 0.006002 s
currentSize : 12 <-- 0.006573 s
currentSize : 13 <-- 0.007040 s
currentSize : 16 <-- 0.011465 s
currentSize : 22 <-- 0.014767 s
currentSize : 30 <-- 0.031747 s
currentSize : 31 <-- 0.039543 s
currentSize : 50 <-- 0.039974 s

maxsize : 50
nodes : 6004.000000
filtered : 105458.000000
time : 0.068935
