Parameters: GAD=1 vflib=1 dir=1 label=1 lowerbound=1 fileNameGp=../../cp2016-max-common-connected-subgraph-paper/datasets/graphsdb/mcs50/rand/r01/mcs50_r01_s50.A04 fileNameGt=../../cp2016-max-common-connected-subgraph-paper/datasets/graphsdb/mcs50/rand/r01/mcs50_r01_s50.B04
Reading graphs...
50 : 244
50 : 244
Initializing...
maxdom : 10
D->valSize : 324
Solving...
Blb : 5 (clique : 11)
currentSize : 11 <-- 0.002245 s
currentSize : 12 <-- 0.002327 s
currentSize : 13 <-- 0.002382 s
currentSize : 14 <-- 0.002732 s
currentSize : 16 <-- 0.022362 s
currentSize : 18 <-- 0.022505 s
currentSize : 22 <-- 0.146391 s
currentSize : 25 <-- 0.146784 s

maxsize : 25
nodes : 36065.000000
filtered : 729141.000000
time : 0.192116
