Parameters: GAD=1 vflib=1 dir=1 label=1 lowerbound=1 fileNameGp=../../cp2016-max-common-connected-subgraph-paper/datasets/graphsdb/mcs50/rand/r005/mcs50_r005_s40.A08 fileNameGt=../../cp2016-max-common-connected-subgraph-paper/datasets/graphsdb/mcs50/rand/r005/mcs50_r005_s40.B08
Reading graphs...
40 : 78
40 : 78
Initializing...
maxdom : 8
D->valSize : 210
Solving...
Blb : 2 (clique : 13)
currentSize : 13 <-- 0.001119 s
currentSize : 15 <-- 0.001185 s
currentSize : 16 <-- 0.001327 s
currentSize : 17 <-- 0.001364 s
currentSize : 18 <-- 0.001621 s
currentSize : 19 <-- 0.003733 s
currentSize : 20 <-- 0.003797 s
currentSize : 21 <-- 0.017428 s

maxsize : 21
nodes : 57225.000000
filtered : 620226.000000
time : 0.244960
