Parameters: GAD=1 vflib=1 dir=1 label=1 lowerbound=1 fileNameGp=../../cp2016-max-common-connected-subgraph-paper/datasets/graphsdb/mcs50/rand/r005/mcs50_r005_s80.A05 fileNameGt=../../cp2016-max-common-connected-subgraph-paper/datasets/graphsdb/mcs50/rand/r005/mcs50_r005_s80.B05
Reading graphs...
80 : 315
80 : 315
Initializing...
maxdom : 8
D->valSize : 430
Solving...
Blb : 2 (clique : 22)
currentSize : 22 <-- 0.003963 s
currentSize : 24 <-- 0.004122 s
currentSize : 25 <-- 0.791107 s
currentSize : 26 <-- 1.867068 s
currentSize : 27 <-- 2.564970 s
currentSize : 28 <-- 4.145240 s
currentSize : 29 <-- 13.118397 s
currentSize : 30 <-- 13.156614 s
currentSize : 31 <-- 15.835808 s
currentSize : 32 <-- 94.407860 s
currentSize : 33 <-- 94.407990 s
currentSize : 35 <-- 94.408852 s
currentSize : 36 <-- 94.408974 s
currentSize : 37 <-- 102.641159 s
currentSize : 39 <-- 102.641991 s
currentSize : 40 <-- 102.642128 s

maxsize : 40
nodes : 23320157.000000
filtered : 299582379.000000
time : 143.639801
