Parameters: GAD=1 vflib=1 dir=1 label=1 lowerbound=1 fileNameGp=../../cp2016-max-common-connected-subgraph-paper/datasets/graphsdb/mcs50/m2D/m2Dr2/mcs50_m2Dr2_s80.A03 fileNameGt=../../cp2016-max-common-connected-subgraph-paper/datasets/graphsdb/mcs50/m2D/m2Dr2/mcs50_m2Dr2_s80.B03
Reading graphs...
80 : 158
80 : 158
Initializing...
maxdom : 9
D->valSize : 420
Solving...
Blb : 2 (clique : 28)
currentSize : 28 <-- 0.004111 s
currentSize : 29 <-- 0.004350 s
currentSize : 30 <-- 0.007517 s
currentSize : 31 <-- 1.211494 s
currentSize : 32 <-- 6.399629 s
currentSize : 33 <-- 104.176590 s
currentSize : 34 <-- 104.176979 s
currentSize : 35 <-- 923.329651 s

TIMEOUT
maxsize : 35
nodes : 196080997.000000
filtered : 1448954337.000000
time : 1000.000000
