Parameters: GAD=1 vflib=1 dir=1 label=1 lowerbound=1 fileNameGp=../../cp2016-max-common-connected-subgraph-paper/datasets/graphsdb/mcs50/m2D/m2Dr2/mcs50_m2Dr2_s70.A01 fileNameGt=../../cp2016-max-common-connected-subgraph-paper/datasets/graphsdb/mcs50/m2D/m2Dr2/mcs50_m2Dr2_s70.B01
Reading graphs...
70 : 137
70 : 136
Initializing...
maxdom : 7
D->valSize : 337
Solving...
Blb : 2 (clique : 25)
currentSize : 25 <-- 0.004283 s
currentSize : 26 <-- 0.036258 s
currentSize : 27 <-- 27.609486 s
currentSize : 28 <-- 27.609575 s
currentSize : 29 <-- 27.624397 s
currentSize : 30 <-- 35.498531 s
currentSize : 31 <-- 50.086895 s
currentSize : 32 <-- 52.075329 s
currentSize : 33 <-- 105.834785 s
currentSize : 34 <-- 161.528442 s
currentSize : 35 <-- 315.694885 s
currentSize : 36 <-- 401.853607 s
currentSize : 37 <-- 403.637634 s

maxsize : 37
nodes : 134636976.000000
filtered : 824167455.000000
time : 628.673157
