Parameters: GAD=1 vflib=1 dir=1 label=1 lowerbound=1 fileNameGp=../../cp2016-max-common-connected-subgraph-paper/datasets/graphsdb/mcs50/rand/r005/mcs50_r005_s50.A02 fileNameGt=../../cp2016-max-common-connected-subgraph-paper/datasets/graphsdb/mcs50/rand/r005/mcs50_r005_s50.B02
Reading graphs...
50 : 121
50 : 121
Initializing...
maxdom : 11
D->valSize : 347
Solving...
Blb : 5 (clique : 18)
currentSize : 18 <-- 0.002567 s
currentSize : 19 <-- 0.004445 s
currentSize : 20 <-- 0.006712 s
currentSize : 21 <-- 0.072015 s
currentSize : 22 <-- 1.013359 s
currentSize : 24 <-- 1.867702 s
currentSize : 25 <-- 10.648588 s

maxsize : 25
nodes : 4288402.000000
filtered : 69616290.000000
time : 22.588436
