Parameters: GAD=1 vflib=1 dir=1 label=1 lowerbound=1 fileNameGp=../../cp2016-max-common-connected-subgraph-paper/datasets/graphsdb/mcs50/m2D/m2Dr2/mcs50_m2Dr2_s50.A07 fileNameGt=../../cp2016-max-common-connected-subgraph-paper/datasets/graphsdb/mcs50/m2D/m2Dr2/mcs50_m2Dr2_s50.B07
Reading graphs...
50 : 95
50 : 95
Initializing...
maxdom : 11
D->valSize : 375
Solving...
Blb : 2 (clique : 22)
currentSize : 22 <-- 0.002835 s
currentSize : 23 <-- 0.002984 s
currentSize : 24 <-- 0.003026 s
currentSize : 25 <-- 166.993103 s
currentSize : 26 <-- 166.993164 s
currentSize : 27 <-- 168.447769 s

maxsize : 27
nodes : 39623344.000000
filtered : 478692176.000000
time : 175.831238
