Parameters: GAD=1 vflib=1 dir=1 label=1 lowerbound=1 fileNameGp=../../cp2016-max-common-connected-subgraph-paper/datasets/graphsdb/mcs50/bvg/b09/mcs50_b09_s70.A02 fileNameGt=../../cp2016-max-common-connected-subgraph-paper/datasets/graphsdb/mcs50/bvg/b09/mcs50_b09_s70.B02
Reading graphs...
70 : 315
70 : 315
Initializing...
maxdom : 10
D->valSize : 368
Solving...
Blb : 3 (clique : 20)
currentSize : 20 <-- 0.002914 s
currentSize : 21 <-- 0.006399 s
currentSize : 22 <-- 0.023700 s
currentSize : 23 <-- 0.024233 s
currentSize : 24 <-- 0.352198 s
currentSize : 25 <-- 2.585992 s
currentSize : 26 <-- 4.463149 s
currentSize : 27 <-- 4.463250 s
currentSize : 29 <-- 4.463353 s
currentSize : 30 <-- 4.463603 s
currentSize : 31 <-- 4.482655 s
currentSize : 32 <-- 4.483329 s
currentSize : 33 <-- 4.483409 s
currentSize : 34 <-- 4.483712 s

maxsize : 34
nodes : 3347970.000000
filtered : 22278700.000000
time : 15.664245
