Parameters: GAD=1 vflib=1 dir=1 label=1 lowerbound=1 fileNameGp=../../cp2016-max-common-connected-subgraph-paper/datasets/graphsdb/mcs50/m2D/m2Dr6/mcs50_m2Dr6_s70.A05 fileNameGt=../../cp2016-max-common-connected-subgraph-paper/datasets/graphsdb/mcs50/m2D/m2Dr6/mcs50_m2Dr6_s70.B05
Reading graphs...
70 : 165
70 : 165
Initializing...
maxdom : 8
D->valSize : 344
Solving...
Blb : 2 (clique : 25)
currentSize : 25 <-- 0.002899 s
currentSize : 26 <-- 0.003068 s
currentSize : 27 <-- 0.009198 s
currentSize : 28 <-- 0.168930 s
currentSize : 29 <-- 1.246919 s
currentSize : 30 <-- 1.272849 s
currentSize : 31 <-- 7.702842 s
currentSize : 32 <-- 8.761852 s
currentSize : 33 <-- 24.584835 s
currentSize : 35 <-- 69.987885 s
currentSize : 36 <-- 69.987984 s
currentSize : 37 <-- 78.728371 s

maxsize : 37
nodes : 32547520.000000
filtered : 234802548.000000
time : 157.408142
