Parameters: GAD=1 vflib=1 dir=1 label=1 lowerbound=1 fileNameGp=../../cp2016-max-common-connected-subgraph-paper/datasets/graphsdb/mcs50/rand/r01/mcs50_r01_s60.A04 fileNameGt=../../cp2016-max-common-connected-subgraph-paper/datasets/graphsdb/mcs50/rand/r01/mcs50_r01_s60.B04
Reading graphs...
60 : 353
60 : 353
Initializing...
maxdom : 6
D->valSize : 244
Solving...
Blb : 2 (clique : 12)
currentSize : 12 <-- 0.001528 s
currentSize : 13 <-- 0.001638 s
currentSize : 14 <-- 0.001736 s
currentSize : 15 <-- 0.020841 s
currentSize : 16 <-- 0.025375 s
currentSize : 20 <-- 0.075554 s
currentSize : 22 <-- 0.075603 s
currentSize : 27 <-- 0.137668 s
currentSize : 30 <-- 0.137847 s

maxsize : 30
nodes : 35152.000000
filtered : 317503.000000
time : 0.163944
