Parameters: GAD=1 vflib=1 dir=1 label=1 lowerbound=1 fileNameGp=../../cp2016-max-common-connected-subgraph-paper/datasets/graphsdb/mcs50/m2D/m2Dr2/mcs50_m2Dr2_s90.A07 fileNameGt=../../cp2016-max-common-connected-subgraph-paper/datasets/graphsdb/mcs50/m2D/m2Dr2/mcs50_m2Dr2_s90.B07
Reading graphs...
90 : 179
90 : 179
Initializing...
maxdom : 9
D->valSize : 568
Solving...
Blb : 3 (clique : 33)
currentSize : 33 <-- 0.006772 s
currentSize : 41 <-- 0.007053 s
currentSize : 42 <-- 0.008082 s
currentSize : 43 <-- 0.009430 s
currentSize : 44 <-- 0.029183 s
currentSize : 45 <-- 0.031397 s
currentSize : 46 <-- 0.034150 s

TIMEOUT
maxsize : 46
nodes : 174130468.000000
filtered : 1316130825.000000
time : 1000.000061
