Parameters: GAD=1 vflib=1 dir=1 label=1 lowerbound=1 fileNameGp=../../cp2016-max-common-connected-subgraph-paper/datasets/graphsdb/mcs50/rand/r01/mcs50_r01_s90.A06 fileNameGt=../../cp2016-max-common-connected-subgraph-paper/datasets/graphsdb/mcs50/rand/r01/mcs50_r01_s90.B06
Reading graphs...
90 : 800
90 : 800
Initializing...
maxdom : 12
D->valSize : 544
Solving...
Blb : 2 (clique : 16)
currentSize : 16 <-- 0.005624 s
currentSize : 17 <-- 0.009475 s
currentSize : 18 <-- 0.045844 s
currentSize : 19 <-- 0.045883 s
currentSize : 20 <-- 0.113948 s
currentSize : 21 <-- 0.116813 s
currentSize : 22 <-- 0.117039 s
currentSize : 23 <-- 0.136364 s
currentSize : 24 <-- 0.145341 s
currentSize : 26 <-- 0.145464 s
currentSize : 27 <-- 0.180129 s
currentSize : 28 <-- 0.180318 s
currentSize : 29 <-- 0.185031 s
currentSize : 30 <-- 0.216124 s
currentSize : 31 <-- 0.241513 s
currentSize : 33 <-- 0.241608 s
currentSize : 36 <-- 0.419799 s
currentSize : 45 <-- 1.050275 s

maxsize : 45
nodes : 268176.000000
filtered : 4440415.000000
time : 1.841939
