Parameters: GAD=1 vflib=1 dir=1 label=1 lowerbound=1 fileNameGp=../../cp2016-max-common-connected-subgraph-paper/datasets/graphsdb/mcs50/m2D/m2D/mcs50_m2D_s50.A09 fileNameGt=../../cp2016-max-common-connected-subgraph-paper/datasets/graphsdb/mcs50/m2D/m2D/mcs50_m2D_s50.B09
Reading graphs...
50 : 85
50 : 85
Initializing...
maxdom : 10
D->valSize : 352
Solving...
Blb : 2 (clique : 18)
currentSize : 18 <-- 0.002564 s
currentSize : 19 <-- 0.002679 s
currentSize : 20 <-- 0.002704 s
currentSize : 21 <-- 0.003924 s
currentSize : 22 <-- 0.348305 s
currentSize : 23 <-- 0.557762 s
currentSize : 24 <-- 35.828899 s
currentSize : 25 <-- 308.879395 s
currentSize : 26 <-- 311.898468 s

maxsize : 26
nodes : 83598730.000000
filtered : 1048792604.000000
time : 402.406860
