Parameters: GAD=1 vflib=1 dir=1 label=1 lowerbound=1 fileNameGp=../../cp2016-max-common-connected-subgraph-paper/datasets/graphsdb/mcs50/m2D/m2Dr2/mcs50_m2Dr2_s70.A02 fileNameGt=../../cp2016-max-common-connected-subgraph-paper/datasets/graphsdb/mcs50/m2D/m2Dr2/mcs50_m2Dr2_s70.B02
Reading graphs...
70 : 137
70 : 136
Initializing...
maxdom : 9
D->valSize : 353
Solving...
Blb : 2 (clique : 27)
currentSize : 27 <-- 0.003069 s
currentSize : 28 <-- 0.003285 s
currentSize : 30 <-- 0.006744 s
currentSize : 31 <-- 0.008538 s
currentSize : 32 <-- 0.132764 s
currentSize : 33 <-- 0.286036 s
currentSize : 34 <-- 3.071353 s
currentSize : 35 <-- 3.097703 s
currentSize : 37 <-- 3.104393 s
currentSize : 38 <-- 24.572771 s
currentSize : 39 <-- 24.573568 s
currentSize : 40 <-- 26.200581 s

maxsize : 40
nodes : 11039356.000000
filtered : 61464536.000000
time : 50.569164
