Parameters: GAD=1 vflib=1 dir=1 label=1 lowerbound=1 fileNameGp=../../cp2016-max-common-connected-subgraph-paper/datasets/graphsdb/mcs50/m2D/m2Dr6/mcs50_m2Dr6_s100.A05 fileNameGt=../../cp2016-max-common-connected-subgraph-paper/datasets/graphsdb/mcs50/m2D/m2Dr6/mcs50_m2Dr6_s100.B05
Reading graphs...
100 : 240
100 : 237
Initializing...
maxdom : 8
D->valSize : 373
Solving...
Blb : 2 (clique : 36)
currentSize : 36 <-- 0.006209 s
currentSize : 37 <-- 0.007345 s
currentSize : 38 <-- 0.047518 s
currentSize : 39 <-- 3.570914 s
currentSize : 40 <-- 3.800794 s
currentSize : 41 <-- 35.141136 s
currentSize : 42 <-- 62.108807 s
currentSize : 43 <-- 62.791927 s
currentSize : 44 <-- 123.605080 s
currentSize : 45 <-- 123.608299 s
currentSize : 46 <-- 123.698212 s
currentSize : 47 <-- 382.112122 s
currentSize : 48 <-- 383.310730 s

TIMEOUT
maxsize : 48
nodes : 211401898.000000
filtered : 552714239.000000
time : 1000.000061
