Parameters: GAD=1 vflib=1 dir=1 label=1 lowerbound=1 fileNameGp=../../cp2016-max-common-connected-subgraph-paper/datasets/graphsdb/mcs50/bvg/b09/mcs50_b09_s60.A00 fileNameGt=../../cp2016-max-common-connected-subgraph-paper/datasets/graphsdb/mcs50/bvg/b09/mcs50_b09_s60.B00
Reading graphs...
60 : 270
60 : 270
Initializing...
maxdom : 6
D->valSize : 253
Solving...
Blb : 3 (clique : 20)
currentSize : 20 <-- 0.002642 s
currentSize : 23 <-- 0.020273 s
currentSize : 25 <-- 0.060011 s
currentSize : 26 <-- 0.104251 s
currentSize : 27 <-- 0.333870 s
currentSize : 28 <-- 0.355210 s
currentSize : 29 <-- 0.385995 s
currentSize : 30 <-- 0.584428 s

maxsize : 30
nodes : 150145.000000
filtered : 1173973.000000
time : 0.684702
