Parameters: GAD=1 vflib=1 dir=1 label=1 lowerbound=1 fileNameGp=../../cp2016-max-common-connected-subgraph-paper/datasets/graphsdb/mcs50/m2D/m2Dr2/mcs50_m2Dr2_s50.A05 fileNameGt=../../cp2016-max-common-connected-subgraph-paper/datasets/graphsdb/mcs50/m2D/m2Dr2/mcs50_m2Dr2_s50.B05
Reading graphs...
50 : 95
50 : 95
Initializing...
maxdom : 9
D->valSize : 311
Solving...
Blb : 5 (clique : 22)
currentSize : 22 <-- 0.002187 s
currentSize : 23 <-- 0.018794 s
currentSize : 24 <-- 0.039470 s
currentSize : 25 <-- 0.413186 s
currentSize : 26 <-- 0.415490 s
currentSize : 27 <-- 2.925138 s
currentSize : 28 <-- 2.936904 s

maxsize : 28
nodes : 5122858.000000
filtered : 63755269.000000
time : 23.270685
