Parameters: GAD=1 vflib=1 dir=1 label=1 lowerbound=1 fileNameGp=../../cp2016-max-common-connected-subgraph-paper/datasets/graphsdb/mcs50/bvg/b06/mcs50_b06_s100.A03 fileNameGt=../../cp2016-max-common-connected-subgraph-paper/datasets/graphsdb/mcs50/bvg/b06/mcs50_b06_s100.B03
Reading graphs...
100 : 300
100 : 300
Initializing...
maxdom : 7
D->valSize : 312
Solving...
Blb : 3 (clique : 25)
currentSize : 25 <-- 0.002875 s
currentSize : 26 <-- 0.017268 s
currentSize : 27 <-- 0.376706 s
currentSize : 28 <-- 0.377815 s
currentSize : 29 <-- 0.442706 s
currentSize : 30 <-- 0.449963 s
currentSize : 31 <-- 2.409578 s
currentSize : 32 <-- 2.410332 s
currentSize : 33 <-- 32.710957 s
currentSize : 34 <-- 32.711231 s
currentSize : 35 <-- 32.711735 s
currentSize : 36 <-- 59.282063 s
currentSize : 37 <-- 60.341343 s
currentSize : 38 <-- 60.341812 s
currentSize : 39 <-- 88.696014 s

TIMEOUT
maxsize : 39
nodes : 191156761.000000
filtered : 790316413.000000
time : 1000.000000
