Parameters: GAD=1 vflib=1 dir=1 label=1 lowerbound=1 fileNameGp=../../cp2016-max-common-connected-subgraph-paper/datasets/graphsdb/mcs50/m2D/m2D/mcs50_m2D_s50.A02 fileNameGt=../../cp2016-max-common-connected-subgraph-paper/datasets/graphsdb/mcs50/m2D/m2D/mcs50_m2D_s50.B02
Reading graphs...
50 : 85
50 : 85
Initializing...
maxdom : 14
D->valSize : 343
Solving...
Blb : 2 (clique : 21)
currentSize : 21 <-- 0.004217 s
currentSize : 22 <-- 0.029674 s
currentSize : 23 <-- 0.987120 s
currentSize : 24 <-- 1.309467 s
currentSize : 25 <-- 13.966550 s
currentSize : 26 <-- 16.151127 s
currentSize : 27 <-- 28.961424 s
currentSize : 28 <-- 29.136692 s

maxsize : 28
nodes : 11524774.000000
filtered : 155268400.000000
time : 55.658562
