Parameters: GAD=1 vflib=1 dir=1 label=1 lowerbound=1 fileNameGp=../../cp2016-max-common-connected-subgraph-paper/datasets/graphsdb/mcs50/rand/r005/mcs50_r005_s60.A06 fileNameGt=../../cp2016-max-common-connected-subgraph-paper/datasets/graphsdb/mcs50/rand/r005/mcs50_r005_s60.B06
Reading graphs...
60 : 176
60 : 176
Initializing...
maxdom : 7
D->valSize : 238
Solving...
Blb : 2 (clique : 18)
currentSize : 18 <-- 0.001561 s
currentSize : 19 <-- 0.004147 s
currentSize : 20 <-- 0.005249 s
currentSize : 21 <-- 0.008581 s
currentSize : 22 <-- 0.053091 s
currentSize : 25 <-- 0.912437 s
currentSize : 28 <-- 1.076310 s
currentSize : 30 <-- 1.459130 s
currentSize : 31 <-- 1.459783 s

maxsize : 31
nodes : 397463.000000
filtered : 3073717.000000
time : 1.819859
