Parameters: GAD=1 vflib=1 dir=1 label=1 lowerbound=1 fileNameGp=../../cp2016-max-common-connected-subgraph-paper/datasets/graphsdb/mcs50/m3D/m3Dr2/mcs50_m3Dr2_s60.A03 fileNameGt=../../cp2016-max-common-connected-subgraph-paper/datasets/graphsdb/mcs50/m3D/m3Dr2/mcs50_m3Dr2_s60.B03
Reading graphs...
60 : 146
60 : 146
Initializing...
maxdom : 6
D->valSize : 237
Solving...
Blb : 2 (clique : 18)
currentSize : 18 <-- 0.001606 s
currentSize : 19 <-- 0.001745 s
currentSize : 20 <-- 0.003420 s
currentSize : 21 <-- 0.004560 s
currentSize : 22 <-- 0.014694 s
currentSize : 23 <-- 0.014948 s
currentSize : 24 <-- 0.018865 s
currentSize : 25 <-- 0.020367 s
currentSize : 26 <-- 0.063907 s
currentSize : 27 <-- 0.064770 s
currentSize : 28 <-- 0.092429 s

maxsize : 28
nodes : 1890323.000000
filtered : 10983434.000000
time : 8.072871
