Parameters: GAD=1 vflib=1 dir=1 label=1 lowerbound=1 fileNameGp=../../cp2016-max-common-connected-subgraph-paper/datasets/graphsdb/mcs50/bvg/b03/mcs50_b03_s60.A04 fileNameGt=../../cp2016-max-common-connected-subgraph-paper/datasets/graphsdb/mcs50/bvg/b03/mcs50_b03_s60.B04
Reading graphs...
60 : 90
60 : 90
Initializing...
maxdom : 6
D->valSize : 242
Solving...
Blb : 2 (clique : 23)
currentSize : 23 <-- 0.001732 s
currentSize : 24 <-- 0.001907 s
currentSize : 25 <-- 0.002043 s
currentSize : 26 <-- 0.028355 s
currentSize : 27 <-- 1.042759 s
currentSize : 28 <-- 13.901828 s
currentSize : 29 <-- 134.835266 s
currentSize : 30 <-- 253.251984 s
currentSize : 31 <-- 294.815521 s
currentSize : 32 <-- 295.153198 s
currentSize : 33 <-- 295.154449 s

maxsize : 33
nodes : 88750209.000000
filtered : 512819020.000000
time : 379.732361
