Parameters: GAD=1 vflib=1 dir=1 label=1 lowerbound=1 fileNameGp=../../cp2016-max-common-connected-subgraph-paper/datasets/graphsdb/mcs50/rand/r01/mcs50_r01_s80.A01 fileNameGt=../../cp2016-max-common-connected-subgraph-paper/datasets/graphsdb/mcs50/rand/r01/mcs50_r01_s80.B01
Reading graphs...
80 : 631
80 : 631
Initializing...
maxdom : 8
D->valSize : 465
Solving...
Blb : 2 (clique : 19)
currentSize : 19 <-- 0.004494 s
currentSize : 20 <-- 0.004664 s
currentSize : 23 <-- 0.004731 s
currentSize : 25 <-- 0.216306 s
currentSize : 27 <-- 0.216431 s
currentSize : 30 <-- 0.216555 s
currentSize : 32 <-- 0.368296 s
currentSize : 35 <-- 0.511088 s
currentSize : 40 <-- 0.511254 s

maxsize : 40
nodes : 178871.000000
filtered : 3044255.000000
time : 1.161575
