Parameters: GAD=1 vflib=1 dir=1 label=1 lowerbound=1 fileNameGp=../../cp2016-max-common-connected-subgraph-paper/datasets/graphsdb/mcs50/rand/r01/mcs50_r01_s70.A01 fileNameGt=../../cp2016-max-common-connected-subgraph-paper/datasets/graphsdb/mcs50/rand/r01/mcs50_r01_s70.B01
Reading graphs...
70 : 482
70 : 482
Initializing...
maxdom : 7
D->valSize : 329
Solving...
Blb : 3 (clique : 12)
currentSize : 12 <-- 0.002456 s
currentSize : 14 <-- 0.002578 s
currentSize : 15 <-- 0.007523 s
currentSize : 16 <-- 0.012430 s
currentSize : 17 <-- 0.012529 s
currentSize : 18 <-- 0.015771 s
currentSize : 22 <-- 0.016327 s
currentSize : 24 <-- 0.028778 s
currentSize : 28 <-- 0.028852 s
currentSize : 35 <-- 0.085151 s

maxsize : 35
nodes : 35228.000000
filtered : 544530.000000
time : 0.211227
