Parameters: GAD=1 vflib=1 dir=1 label=1 lowerbound=1 fileNameGp=../../cp2016-max-common-connected-subgraph-paper/datasets/graphsdb/mcs50/m3D/m3Dr2/mcs50_m3Dr2_s60.A00 fileNameGt=../../cp2016-max-common-connected-subgraph-paper/datasets/graphsdb/mcs50/m3D/m3Dr2/mcs50_m3Dr2_s60.B00
Reading graphs...
60 : 146
60 : 146
Initializing...
maxdom : 6
D->valSize : 240
Solving...
Blb : 2 (clique : 19)
currentSize : 19 <-- 0.002580 s
currentSize : 20 <-- 0.007044 s
currentSize : 21 <-- 0.335362 s
currentSize : 22 <-- 0.572763 s
currentSize : 23 <-- 1.445268 s
currentSize : 25 <-- 3.662045 s
currentSize : 26 <-- 3.662231 s
currentSize : 27 <-- 3.663928 s
currentSize : 28 <-- 6.347009 s
currentSize : 29 <-- 8.291628 s
currentSize : 30 <-- 14.724898 s

maxsize : 30
nodes : 6875484.000000
filtered : 37105430.000000
time : 28.274084
