Parameters: GAD=1 vflib=1 dir=1 label=1 lowerbound=1 fileNameGp=../../cp2016-max-common-connected-subgraph-paper/datasets/graphsdb/mcs50/bvg/b06m/mcs50_b06m_s70.A08 fileNameGt=../../cp2016-max-common-connected-subgraph-paper/datasets/graphsdb/mcs50/bvg/b06m/mcs50_b06m_s70.B08
Reading graphs...
70 : 210
70 : 210
Initializing...
maxdom : 8
D->valSize : 367
Solving...
Blb : 2 (clique : 21)
currentSize : 21 <-- 0.004676 s
currentSize : 23 <-- 0.051611 s
currentSize : 24 <-- 0.051841 s
currentSize : 25 <-- 0.088717 s
currentSize : 26 <-- 0.114527 s
currentSize : 28 <-- 0.115419 s
currentSize : 29 <-- 0.115530 s
currentSize : 30 <-- 0.115684 s
currentSize : 31 <-- 0.117777 s
currentSize : 32 <-- 4.362703 s
currentSize : 33 <-- 24.944082 s
currentSize : 34 <-- 30.817780 s
currentSize : 35 <-- 37.414703 s
currentSize : 36 <-- 37.418835 s

maxsize : 36
nodes : 25493921.000000
filtered : 167653927.000000
time : 118.569633
