Parameters: GAD=1 vflib=1 dir=1 label=1 lowerbound=1 fileNameGp=../../cp2016-max-common-connected-subgraph-paper/datasets/graphsdb/mcs50/m3D/m3Dr2/mcs50_m3Dr2_s60.A08 fileNameGt=../../cp2016-max-common-connected-subgraph-paper/datasets/graphsdb/mcs50/m3D/m3Dr2/mcs50_m3Dr2_s60.B08
Reading graphs...
60 : 146
60 : 146
Initializing...
maxdom : 6
D->valSize : 240
Solving...
Blb : 2 (clique : 20)
currentSize : 20 <-- 0.002654 s
currentSize : 21 <-- 0.002826 s
currentSize : 22 <-- 0.003505 s
currentSize : 23 <-- 2.412638 s
currentSize : 24 <-- 2.413495 s
currentSize : 25 <-- 2.430634 s
currentSize : 26 <-- 4.672041 s
currentSize : 27 <-- 7.677449 s
currentSize : 28 <-- 7.686999 s

maxsize : 28
nodes : 2305097.000000
filtered : 14548617.000000
time : 10.150598
