Parameters: GAD=1 vflib=1 dir=1 label=1 lowerbound=1 fileNameGp=../../cp2016-max-common-connected-subgraph-paper/datasets/graphsdb/mcs50/rand/r005/mcs50_r005_s90.A02 fileNameGt=../../cp2016-max-common-connected-subgraph-paper/datasets/graphsdb/mcs50/rand/r005/mcs50_r005_s90.B02
Reading graphs...
90 : 399
90 : 399
Initializing...
maxdom : 11
D->valSize : 518
Solving...
Blb : 2 (clique : 19)
currentSize : 19 <-- 0.005693 s
currentSize : 20 <-- 0.006230 s
currentSize : 21 <-- 0.041342 s
currentSize : 22 <-- 0.401222 s
currentSize : 23 <-- 0.530611 s
currentSize : 24 <-- 1.180846 s
currentSize : 25 <-- 1.511301 s
currentSize : 26 <-- 4.465563 s
currentSize : 27 <-- 8.267927 s
currentSize : 28 <-- 8.268062 s
currentSize : 29 <-- 22.189096 s
currentSize : 30 <-- 24.625980 s
currentSize : 33 <-- 24.626068 s
currentSize : 34 <-- 30.406357 s
currentSize : 35 <-- 30.406601 s
currentSize : 36 <-- 40.210449 s
currentSize : 39 <-- 47.011063 s
currentSize : 45 <-- 224.688126 s

maxsize : 45
nodes : 38715870.000000
filtered : 642637450.000000
time : 273.602905
