Parameters: GAD=1 vflib=1 dir=1 label=1 lowerbound=1 fileNameGp=../../cp2016-max-common-connected-subgraph-paper/datasets/graphsdb/mcs50/bvg/b09m/mcs50_b09m_s50.A04 fileNameGt=../../cp2016-max-common-connected-subgraph-paper/datasets/graphsdb/mcs50/bvg/b09m/mcs50_b09m_s50.B04
Reading graphs...
50 : 225
50 : 225
Initializing...
maxdom : 10
D->valSize : 324
Solving...
Blb : 3 (clique : 11)
currentSize : 11 <-- 0.002140 s
currentSize : 12 <-- 0.003720 s
currentSize : 13 <-- 0.005135 s
currentSize : 14 <-- 0.097558 s
currentSize : 15 <-- 0.538544 s
currentSize : 16 <-- 0.539418 s
currentSize : 17 <-- 0.728218 s
currentSize : 22 <-- 3.591749 s
currentSize : 23 <-- 3.591802 s
currentSize : 24 <-- 3.592876 s

maxsize : 24
nodes : 830496.000000
filtered : 13430696.000000
time : 3.830387
