Parameters: GAD=1 vflib=1 dir=1 label=1 lowerbound=1 fileNameGp=../../cp2016-max-common-connected-subgraph-paper/datasets/graphsdb/mcs50/m2D/m2D/mcs50_m2D_s100.A09 fileNameGt=../../cp2016-max-common-connected-subgraph-paper/datasets/graphsdb/mcs50/m2D/m2D/mcs50_m2D_s100.B09
Reading graphs...
100 : 180
100 : 180
Initializing...
maxdom : 9
D->valSize : 336
Solving...
Blb : 2 (clique : 34)
currentSize : 34 <-- 0.003471 s
currentSize : 36 <-- 0.004236 s
currentSize : 37 <-- 0.004325 s
currentSize : 38 <-- 0.005173 s
currentSize : 39 <-- 0.031121 s
currentSize : 40 <-- 0.339240 s
currentSize : 41 <-- 0.389982 s
currentSize : 42 <-- 0.427985 s
currentSize : 43 <-- 0.840107 s
currentSize : 44 <-- 10.984416 s
currentSize : 45 <-- 11.622193 s
currentSize : 46 <-- 25.118734 s

TIMEOUT
maxsize : 46
nodes : 200694414.000000
filtered : 625447299.000000
time : 1000.000061
