Parameters: GAD=1 vflib=1 dir=1 label=1 lowerbound=1 fileNameGp=../../cp2016-max-common-connected-subgraph-paper/datasets/graphsdb/mcs50/bvg/b03/mcs50_b03_s100.A00 fileNameGt=../../cp2016-max-common-connected-subgraph-paper/datasets/graphsdb/mcs50/bvg/b03/mcs50_b03_s100.B00
Reading graphs...
100 : 150
100 : 150
Initializing...
maxdom : 7
D->valSize : 369
Solving...
Blb : 2 (clique : 39)
currentSize : 39 <-- 0.003779 s
currentSize : 40 <-- 0.016792 s
currentSize : 41 <-- 0.154441 s
currentSize : 42 <-- 0.157340 s
currentSize : 43 <-- 0.337915 s
currentSize : 44 <-- 1.316348 s
currentSize : 45 <-- 55.930851 s
currentSize : 46 <-- 152.883179 s
currentSize : 47 <-- 152.883362 s
currentSize : 48 <-- 153.491623 s
currentSize : 49 <-- 513.639526 s

TIMEOUT
maxsize : 49
nodes : 178641610.000000
filtered : 1044101936.000000
time : 1000.000061
