Parameters: GAD=1 vflib=1 dir=1 label=1 lowerbound=1 fileNameGp=../../cp2016-max-common-connected-subgraph-paper/datasets/graphsdb/mcs50/bvg/b03/mcs50_b03_s90.A08 fileNameGt=../../cp2016-max-common-connected-subgraph-paper/datasets/graphsdb/mcs50/bvg/b03/mcs50_b03_s90.B08
Reading graphs...
90 : 135
90 : 135
Initializing...
maxdom : 10
D->valSize : 553
Solving...
Blb : 2 (clique : 39)
currentSize : 39 <-- 0.010848 s
currentSize : 46 <-- 0.011340 s
currentSize : 47 <-- 0.011429 s
currentSize : 48 <-- 0.019351 s
currentSize : 49 <-- 0.064188 s
currentSize : 50 <-- 0.110814 s

TIMEOUT
maxsize : 50
nodes : 162973573.000000
filtered : 1713858167.000000
time : 1000.000061
