Parameters: GAD=1 vflib=1 dir=1 label=1 lowerbound=1 fileNameGp=../../cp2016-max-common-connected-subgraph-paper/datasets/graphsdb/mcs50/bvg/b09m/mcs50_b09m_s90.A02 fileNameGt=../../cp2016-max-common-connected-subgraph-paper/datasets/graphsdb/mcs50/bvg/b09m/mcs50_b09m_s90.B02
Reading graphs...
90 : 405
90 : 405
Initializing...
maxdom : 10
D->valSize : 526
Solving...
Blb : 3 (clique : 35)
currentSize : 35 <-- 0.005709 s
currentSize : 36 <-- 0.006487 s
currentSize : 38 <-- 0.011109 s
currentSize : 39 <-- 0.012312 s
currentSize : 40 <-- 0.012423 s
currentSize : 41 <-- 0.092426 s
currentSize : 42 <-- 0.092559 s
currentSize : 43 <-- 0.093843 s
currentSize : 44 <-- 0.094850 s

TIMEOUT
maxsize : 44
nodes : 203238581.000000
filtered : 881200754.000000
time : 1000.000061
