Parameters: GAD=1 vflib=1 dir=1 label=1 lowerbound=1 fileNameGp=../../cp2016-max-common-connected-subgraph-paper/datasets/graphsdb/mcs50/rand/r005/mcs50_r005_s80.A04 fileNameGt=../../cp2016-max-common-connected-subgraph-paper/datasets/graphsdb/mcs50/rand/r005/mcs50_r005_s80.B04
Reading graphs...
80 : 315
80 : 315
Initializing...
maxdom : 9
D->valSize : 415
Solving...
Blb : 2 (clique : 21)
currentSize : 21 <-- 0.003729 s
currentSize : 22 <-- 0.003910 s
currentSize : 23 <-- 0.003971 s
currentSize : 25 <-- 0.006640 s
currentSize : 26 <-- 0.010990 s
currentSize : 27 <-- 0.011318 s
currentSize : 28 <-- 0.031313 s
currentSize : 29 <-- 0.388736 s
currentSize : 30 <-- 0.388840 s
currentSize : 31 <-- 0.389780 s
currentSize : 32 <-- 0.571110 s
currentSize : 33 <-- 0.573724 s
currentSize : 35 <-- 16.626293 s
currentSize : 36 <-- 31.663780 s
currentSize : 37 <-- 31.664080 s
currentSize : 38 <-- 31.664690 s
currentSize : 39 <-- 31.665318 s
currentSize : 40 <-- 48.021671 s

maxsize : 40
nodes : 15144018.000000
filtered : 212808083.000000
time : 99.034042
