Parameters: GAD=1 vflib=1 dir=1 label=1 lowerbound=1 fileNameGp=../../cp2016-max-common-connected-subgraph-paper/datasets/graphsdb/mcs50/m2D/m2Dr4/mcs50_m2Dr4_s80.A07 fileNameGt=../../cp2016-max-common-connected-subgraph-paper/datasets/graphsdb/mcs50/m2D/m2Dr4/mcs50_m2Dr4_s80.B07
Reading graphs...
80 : 174
80 : 174
Initializing...
maxdom : 10
D->valSize : 434
Solving...
Blb : 2 (clique : 31)
currentSize : 31 <-- 0.004119 s
currentSize : 32 <-- 0.219418 s
currentSize : 33 <-- 4.083218 s
currentSize : 34 <-- 171.006714 s
currentSize : 35 <-- 184.427872 s
currentSize : 36 <-- 670.589783 s
currentSize : 37 <-- 676.930603 s

TIMEOUT
maxsize : 37
nodes : 179678829.000000
filtered : 1832922606.000000
time : 1000.000000
