Parameters: GAD=1 vflib=1 dir=1 label=1 lowerbound=1 fileNameGp=../../cp2016-max-common-connected-subgraph-paper/datasets/graphsdb/mcs50/rand/r001/mcs50_r001_s100.A06 fileNameGt=../../cp2016-max-common-connected-subgraph-paper/datasets/graphsdb/mcs50/rand/r001/mcs50_r001_s100.B06
Reading graphs...
100 : 124
100 : 124
Initializing...
maxdom : 6
D->valSize : 352
Solving...
Blb : 2 (clique : 44)
currentSize : 44 <-- 0.006108 s
currentSize : 45 <-- 0.333799 s
currentSize : 48 <-- 1.624450 s
currentSize : 49 <-- 1.624834 s
currentSize : 50 <-- 19.520716 s
currentSize : 51 <-- 47.715679 s
currentSize : 52 <-- 84.006851 s
currentSize : 53 <-- 508.920380 s

TIMEOUT
maxsize : 53
nodes : 209390112.000000
filtered : 574625797.000000
time : 1000.000061
