Parameters: GAD=1 vflib=1 dir=1 label=1 lowerbound=1 fileNameGp=../../cp2016-max-common-connected-subgraph-paper/datasets/graphsdb/mcs50/rand/r01/mcs50_r01_s90.A01 fileNameGt=../../cp2016-max-common-connected-subgraph-paper/datasets/graphsdb/mcs50/rand/r01/mcs50_r01_s90.B01
Reading graphs...
90 : 800
90 : 800
Initializing...
maxdom : 9
D->valSize : 557
Solving...
Blb : 2 (clique : 13)
currentSize : 13 <-- 0.006039 s
currentSize : 18 <-- 0.006172 s
currentSize : 20 <-- 0.006219 s
currentSize : 22 <-- 0.006380 s
currentSize : 23 <-- 0.400348 s
currentSize : 24 <-- 0.400480 s
currentSize : 27 <-- 0.501058 s
currentSize : 28 <-- 0.650973 s
currentSize : 32 <-- 0.651079 s
currentSize : 34 <-- 1.951288 s
currentSize : 45 <-- 2.505998 s

maxsize : 45
nodes : 473581.000000
filtered : 9417867.000000
time : 3.435402
