Parameters: GAD=1 vflib=1 dir=1 label=1 lowerbound=1 fileNameGp=../../cp2016-max-common-connected-subgraph-paper/datasets/graphsdb/mcs50/rand/r005/mcs50_r005_s80.A03 fileNameGt=../../cp2016-max-common-connected-subgraph-paper/datasets/graphsdb/mcs50/rand/r005/mcs50_r005_s80.B03
Reading graphs...
80 : 315
80 : 315
Initializing...
maxdom : 8
D->valSize : 410
Solving...
Blb : 5 (clique : 22)
currentSize : 22 <-- 0.003806 s
currentSize : 23 <-- 11.463151 s
currentSize : 24 <-- 21.223328 s
currentSize : 25 <-- 25.814844 s
currentSize : 26 <-- 25.814907 s
currentSize : 27 <-- 25.859419 s
currentSize : 28 <-- 25.860256 s
currentSize : 29 <-- 25.860332 s
currentSize : 30 <-- 40.306545 s
currentSize : 31 <-- 40.306717 s
currentSize : 33 <-- 56.136082 s
currentSize : 34 <-- 56.136368 s
currentSize : 35 <-- 56.136593 s
currentSize : 36 <-- 89.774208 s
currentSize : 38 <-- 89.774338 s
currentSize : 39 <-- 89.774612 s
currentSize : 40 <-- 94.948418 s

maxsize : 40
nodes : 17614773.000000
filtered : 205014014.000000
time : 102.920387
