Parameters: GAD=1 vflib=1 dir=1 label=1 lowerbound=1 fileNameGp=../../cp2016-max-common-connected-subgraph-paper/datasets/graphsdb/mcs50/bvg/b06m/mcs50_b06m_s60.A04 fileNameGt=../../cp2016-max-common-connected-subgraph-paper/datasets/graphsdb/mcs50/bvg/b06m/mcs50_b06m_s60.B04
Reading graphs...
60 : 180
60 : 180
Initializing...
maxdom : 8
D->valSize : 226
Solving...
Blb : 2 (clique : 20)
currentSize : 20 <-- 0.001517 s
currentSize : 21 <-- 0.001693 s
currentSize : 22 <-- 0.001899 s
currentSize : 23 <-- 0.002005 s
currentSize : 26 <-- 0.003294 s
currentSize : 28 <-- 0.003343 s
currentSize : 29 <-- 0.012200 s
currentSize : 30 <-- 0.012591 s

maxsize : 30
nodes : 248117.000000
filtered : 963667.000000
time : 0.954880
