Parameters: GAD=1 vflib=1 dir=1 label=1 lowerbound=1 fileNameGp=../../cp2016-max-common-connected-subgraph-paper/datasets/graphsdb/mcs50/bvg/b06m/mcs50_b06m_s60.A08 fileNameGt=../../cp2016-max-common-connected-subgraph-paper/datasets/graphsdb/mcs50/bvg/b06m/mcs50_b06m_s60.B08
Reading graphs...
60 : 180
60 : 180
Initializing...
maxdom : 6
D->valSize : 239
Solving...
Blb : 2 (clique : 24)
currentSize : 24 <-- 0.001623 s
currentSize : 25 <-- 0.001806 s
currentSize : 26 <-- 0.002075 s
currentSize : 27 <-- 0.002181 s
currentSize : 28 <-- 0.156671 s
currentSize : 29 <-- 0.159232 s
currentSize : 30 <-- 3.523289 s

maxsize : 30
nodes : 1537601.000000
filtered : 7496066.000000
time : 6.185292
