Parameters: GAD=1 vflib=1 dir=1 label=1 lowerbound=1 fileNameGp=../../cp2016-max-common-connected-subgraph-paper/datasets/graphsdb/mcs50/m2D/m2Dr4/mcs50_m2Dr4_s50.A00 fileNameGt=../../cp2016-max-common-connected-subgraph-paper/datasets/graphsdb/mcs50/m2D/m2Dr4/mcs50_m2Dr4_s50.B00
Reading graphs...
50 : 105
50 : 105
Initializing...
maxdom : 8
D->valSize : 310
Solving...
Blb : 2 (clique : 17)
currentSize : 17 <-- 0.002182 s
currentSize : 18 <-- 0.002300 s
currentSize : 19 <-- 0.002410 s
currentSize : 20 <-- 0.002696 s
currentSize : 21 <-- 1.217664 s
currentSize : 22 <-- 1.257652 s
currentSize : 23 <-- 4.983936 s
currentSize : 24 <-- 6.018293 s
currentSize : 25 <-- 6.166213 s
currentSize : 26 <-- 6.268267 s
currentSize : 27 <-- 15.764097 s

maxsize : 27
nodes : 6538206.000000
filtered : 83139615.000000
time : 31.261854
