Parameters: GAD=1 vflib=1 dir=1 label=1 lowerbound=1 fileNameGp=../../cp2016-max-common-connected-subgraph-paper/datasets/graphsdb/mcs50/rand/r005/mcs50_r005_s60.A07 fileNameGt=../../cp2016-max-common-connected-subgraph-paper/datasets/graphsdb/mcs50/rand/r005/mcs50_r005_s60.B07
Reading graphs...
60 : 176
60 : 176
Initializing...
maxdom : 7
D->valSize : 264
Solving...
Blb : 5 (clique : 17)
currentSize : 17 <-- 0.002749 s
currentSize : 18 <-- 0.003125 s
currentSize : 19 <-- 0.003934 s
currentSize : 20 <-- 0.061860 s
currentSize : 21 <-- 0.269688 s
currentSize : 22 <-- 0.380727 s
currentSize : 23 <-- 0.382148 s
currentSize : 24 <-- 0.382496 s
currentSize : 25 <-- 1.763801 s
currentSize : 26 <-- 1.763879 s
currentSize : 27 <-- 1.915549 s
currentSize : 28 <-- 3.290105 s
currentSize : 30 <-- 3.585901 s

maxsize : 30
nodes : 990539.000000
filtered : 7605026.000000
time : 4.539925
