Parameters: GAD=1 vflib=1 dir=1 label=1 lowerbound=1 fileNameGp=../../cp2016-max-common-connected-subgraph-paper/datasets/graphsdb/mcs50/m4D/m4Dr2/mcs50_m4Dr2_s40.A05 fileNameGt=../../cp2016-max-common-connected-subgraph-paper/datasets/graphsdb/mcs50/m4D/m4Dr2/mcs50_m4Dr2_s40.B05
Reading graphs...
40 : 79
40 : 79
Initializing...
maxdom : 8
D->valSize : 233
Solving...
Blb : 5 (clique : 14)
currentSize : 14 <-- 0.001296 s
currentSize : 15 <-- 0.001417 s
currentSize : 16 <-- 0.001492 s
currentSize : 17 <-- 0.001837 s
currentSize : 18 <-- 0.003934 s
currentSize : 19 <-- 0.009158 s
currentSize : 20 <-- 0.013268 s
currentSize : 21 <-- 0.027750 s
currentSize : 22 <-- 0.036895 s

maxsize : 22
nodes : 58955.000000
filtered : 731884.000000
time : 0.248822
