Parameters: GAD=1 vflib=1 dir=1 label=1 lowerbound=1 fileNameGp=../../cp2016-max-common-connected-subgraph-paper/datasets/graphsdb/mcs50/m2D/m2Dr4/mcs50_m2Dr4_s50.A06 fileNameGt=../../cp2016-max-common-connected-subgraph-paper/datasets/graphsdb/mcs50/m2D/m2Dr4/mcs50_m2Dr4_s50.B06
Reading graphs...
50 : 105
50 : 103
Initializing...
maxdom : 10
D->valSize : 337
Solving...
Blb : 2 (clique : 21)
currentSize : 21 <-- 0.003982 s
currentSize : 22 <-- 0.004222 s
currentSize : 23 <-- 0.004514 s
currentSize : 24 <-- 0.004586 s
currentSize : 25 <-- 0.004707 s
currentSize : 26 <-- 0.397081 s

maxsize : 26
nodes : 3639687.000000
filtered : 67386047.000000
time : 19.943617
