Parameters: GAD=1 vflib=1 dir=1 label=1 lowerbound=1 fileNameGp=../../cp2016-max-common-connected-subgraph-paper/datasets/graphsdb/mcs50/m2D/m2Dr2/mcs50_m2Dr2_s40.A06 fileNameGt=../../cp2016-max-common-connected-subgraph-paper/datasets/graphsdb/mcs50/m2D/m2Dr2/mcs50_m2Dr2_s40.B06
Reading graphs...
40 : 75
40 : 75
Initializing...
maxdom : 9
D->valSize : 200
Solving...
Blb : 2 (clique : 13)
currentSize : 13 <-- 0.001150 s
currentSize : 14 <-- 0.001241 s
currentSize : 15 <-- 0.001904 s
currentSize : 16 <-- 0.035944 s
currentSize : 17 <-- 0.407554 s
currentSize : 18 <-- 3.865550 s
currentSize : 19 <-- 6.975016 s

maxsize : 19
nodes : 2651047.000000
filtered : 22410851.000000
time : 9.445961
