Parameters: GAD=1 vflib=1 dir=1 label=1 lowerbound=1 fileNameGp=../../cp2016-max-common-connected-subgraph-paper/datasets/graphsdb/mcs50/bvg/b09/mcs50_b09_s80.A05 fileNameGt=../../cp2016-max-common-connected-subgraph-paper/datasets/graphsdb/mcs50/bvg/b09/mcs50_b09_s80.B05
Reading graphs...
80 : 360
80 : 360
Initializing...
maxdom : 11
D->valSize : 443
Solving...
Blb : 2 (clique : 18)
currentSize : 18 <-- 0.004121 s
currentSize : 30 <-- 0.004296 s
currentSize : 32 <-- 0.005034 s
currentSize : 33 <-- 0.009836 s
currentSize : 35 <-- 0.009908 s
currentSize : 37 <-- 0.056167 s
currentSize : 39 <-- 6.604981 s
currentSize : 40 <-- 57.965611 s

maxsize : 40
nodes : 16382803.000000
filtered : 131354025.000000
time : 85.048256
