Parameters: GAD=1 vflib=1 dir=1 label=1 lowerbound=1 fileNameGp=../../cp2016-max-common-connected-subgraph-paper/datasets/graphsdb/mcs50/m2D/m2Dr2/mcs50_m2Dr2_s50.A08 fileNameGt=../../cp2016-max-common-connected-subgraph-paper/datasets/graphsdb/mcs50/m2D/m2Dr2/mcs50_m2Dr2_s50.B08
Reading graphs...
50 : 95
50 : 95
Initializing...
maxdom : 11
D->valSize : 337
Solving...
Blb : 2 (clique : 19)
currentSize : 19 <-- 0.002367 s
currentSize : 20 <-- 0.014040 s
currentSize : 21 <-- 1.200724 s
currentSize : 22 <-- 1.200858 s
currentSize : 23 <-- 15.791952 s
currentSize : 24 <-- 25.257080 s
currentSize : 25 <-- 25.257532 s
currentSize : 26 <-- 25.258774 s
currentSize : 27 <-- 25.258875 s

maxsize : 27
nodes : 7728618.000000
filtered : 140780365.000000
time : 36.858315
