Parameters: GAD=1 vflib=1 dir=1 label=1 lowerbound=1 fileNameGp=../../cp2016-max-common-connected-subgraph-paper/datasets/graphsdb/mcs50/m2D/m2Dr4/mcs50_m2Dr4_s70.A07 fileNameGt=../../cp2016-max-common-connected-subgraph-paper/datasets/graphsdb/mcs50/m2D/m2Dr4/mcs50_m2Dr4_s70.B07
Reading graphs...
70 : 151
70 : 150
Initializing...
maxdom : 7
D->valSize : 317
Solving...
Blb : 3 (clique : 23)
currentSize : 23 <-- 0.003888 s
currentSize : 25 <-- 0.004089 s
currentSize : 26 <-- 0.104490 s
currentSize : 27 <-- 0.108801 s
currentSize : 28 <-- 0.206454 s
currentSize : 29 <-- 0.499589 s
currentSize : 30 <-- 2.056673 s
currentSize : 31 <-- 2.071973 s
currentSize : 32 <-- 3.409620 s
currentSize : 33 <-- 34.546143 s
currentSize : 34 <-- 65.384499 s
currentSize : 35 <-- 74.994942 s
currentSize : 36 <-- 169.694092 s

maxsize : 36
nodes : 143069291.000000
filtered : 903188431.000000
time : 651.982910
