Parameters: GAD=1 vflib=1 dir=1 label=1 lowerbound=1 fileNameGp=../../cp2016-max-common-connected-subgraph-paper/datasets/graphsdb/mcs50/bvg/b06m/mcs50_b06m_s100.A05 fileNameGt=../../cp2016-max-common-connected-subgraph-paper/datasets/graphsdb/mcs50/bvg/b06m/mcs50_b06m_s100.B05
Reading graphs...
100 : 300
100 : 300
Initializing...
maxdom : 6
D->valSize : 337
Solving...
Blb : 3 (clique : 28)
currentSize : 28 <-- 0.005040 s
currentSize : 29 <-- 5.025766 s
currentSize : 30 <-- 5.187144 s
currentSize : 31 <-- 5.193663 s
currentSize : 32 <-- 15.934217 s
currentSize : 33 <-- 19.091740 s
currentSize : 34 <-- 19.092075 s
currentSize : 36 <-- 72.391853 s
currentSize : 37 <-- 94.278099 s
currentSize : 38 <-- 275.757477 s
currentSize : 39 <-- 278.779327 s
currentSize : 40 <-- 444.454163 s
currentSize : 41 <-- 460.945587 s
currentSize : 42 <-- 764.612183 s
currentSize : 43 <-- 764.629761 s
currentSize : 44 <-- 764.630188 s
currentSize : 45 <-- 881.044922 s
currentSize : 46 <-- 881.045288 s

TIMEOUT
maxsize : 46
nodes : 189950986.000000
filtered : 799326906.000000
time : 1000.000061
