Parameters: GAD=1 vflib=1 dir=1 label=1 lowerbound=1 fileNameGp=../../cp2016-max-common-connected-subgraph-paper/datasets/graphsdb/mcs50/bvg/b06m/mcs50_b06m_s50.A02 fileNameGt=../../cp2016-max-common-connected-subgraph-paper/datasets/graphsdb/mcs50/bvg/b06m/mcs50_b06m_s50.B02
Reading graphs...
50 : 150
50 : 150
Initializing...
maxdom : 9
D->valSize : 317
Solving...
Blb : 3 (clique : 17)
currentSize : 17 <-- 0.002201 s
currentSize : 18 <-- 3.588722 s
currentSize : 19 <-- 8.876848 s
currentSize : 20 <-- 15.400755 s
currentSize : 21 <-- 17.227619 s
currentSize : 22 <-- 26.576464 s
currentSize : 23 <-- 30.093832 s
currentSize : 24 <-- 30.094101 s
currentSize : 25 <-- 31.967236 s
currentSize : 26 <-- 31.967342 s

maxsize : 26
nodes : 7362603.000000
filtered : 84900940.000000
time : 32.953506
