Parameters: GAD=1 vflib=1 dir=1 label=1 lowerbound=1 fileNameGp=../../cp2016-max-common-connected-subgraph-paper/datasets/graphsdb/mcs50/bvg/b06/mcs50_b06_s90.A04 fileNameGt=../../cp2016-max-common-connected-subgraph-paper/datasets/graphsdb/mcs50/bvg/b06/mcs50_b06_s90.B04
Reading graphs...
90 : 270
90 : 270
Initializing...
maxdom : 9
D->valSize : 548
Solving...
Blb : 2 (clique : 28)
currentSize : 28 <-- 0.010001 s
currentSize : 39 <-- 0.010394 s
currentSize : 41 <-- 0.033335 s
currentSize : 42 <-- 0.033555 s
currentSize : 43 <-- 0.317582 s
currentSize : 44 <-- 4.190453 s

TIMEOUT
maxsize : 44
nodes : 188706532.000000
filtered : 1170435578.000000
time : 1000.000061
