Parameters: GAD=1 vflib=1 dir=1 label=1 lowerbound=1 fileNameGp=../../cp2016-max-common-connected-subgraph-paper/datasets/graphsdb/mcs50/rand/r005/mcs50_r005_s60.A05 fileNameGt=../../cp2016-max-common-connected-subgraph-paper/datasets/graphsdb/mcs50/rand/r005/mcs50_r005_s60.B05
Reading graphs...
60 : 176
60 : 176
Initializing...
maxdom : 6
D->valSize : 247
Solving...
Blb : 2 (clique : 16)
currentSize : 16 <-- 0.001644 s
currentSize : 17 <-- 0.001818 s
currentSize : 18 <-- 0.001912 s
currentSize : 21 <-- 0.003828 s
currentSize : 22 <-- 0.015392 s
currentSize : 23 <-- 0.018442 s
currentSize : 24 <-- 0.018899 s
currentSize : 25 <-- 0.131778 s
currentSize : 27 <-- 0.201632 s
currentSize : 28 <-- 0.201697 s
currentSize : 29 <-- 0.667940 s
currentSize : 30 <-- 0.668020 s

maxsize : 30
nodes : 362209.000000
filtered : 3149023.000000
time : 1.722971
