Parameters: GAD=1 vflib=1 dir=1 label=1 lowerbound=1 fileNameGp=../../cp2016-max-common-connected-subgraph-paper/datasets/graphsdb/mcs50/m2D/m2Dr4/mcs50_m2Dr4_s90.A01 fileNameGt=../../cp2016-max-common-connected-subgraph-paper/datasets/graphsdb/mcs50/m2D/m2Dr4/mcs50_m2Dr4_s90.B01
Reading graphs...
90 : 197
90 : 197
Initializing...
maxdom : 8
D->valSize : 535
Solving...
Blb : 2 (clique : 39)
currentSize : 39 <-- 0.006111 s
currentSize : 40 <-- 0.006511 s
currentSize : 41 <-- 0.041889 s
currentSize : 42 <-- 0.077734 s
currentSize : 43 <-- 0.093106 s
currentSize : 44 <-- 781.711182 s

TIMEOUT
maxsize : 44
nodes : 170442382.000000
filtered : 1464680051.000000
time : 1000.000061
