Parameters: GAD=1 vflib=1 dir=1 label=1 lowerbound=1 fileNameGp=../../cp2016-max-common-connected-subgraph-paper/datasets/graphsdb/mcs50/rand/r01/mcs50_r01_s90.A03 fileNameGt=../../cp2016-max-common-connected-subgraph-paper/datasets/graphsdb/mcs50/rand/r01/mcs50_r01_s90.B03
Reading graphs...
90 : 800
90 : 800
Initializing...
maxdom : 9
D->valSize : 510
Solving...
Blb : 3 (clique : 20)
currentSize : 20 <-- 0.008310 s
currentSize : 21 <-- 0.008819 s
currentSize : 23 <-- 0.008997 s
currentSize : 24 <-- 0.010927 s
currentSize : 25 <-- 0.011391 s
currentSize : 30 <-- 0.011594 s
currentSize : 31 <-- 0.551973 s
currentSize : 34 <-- 1.216734 s
currentSize : 38 <-- 1.609044 s
currentSize : 45 <-- 1.887438 s

maxsize : 45
nodes : 336849.000000
filtered : 6900006.000000
time : 2.517895
