Parameters: GAD=1 vflib=1 dir=1 label=1 lowerbound=1 fileNameGp=../../cp2016-max-common-connected-subgraph-paper/datasets/graphsdb/mcs50/bvg/b09/mcs50_b09_s80.A04 fileNameGt=../../cp2016-max-common-connected-subgraph-paper/datasets/graphsdb/mcs50/bvg/b09/mcs50_b09_s80.B04
Reading graphs...
80 : 360
80 : 360
Initializing...
maxdom : 11
D->valSize : 459
Solving...
Blb : 2 (clique : 19)
currentSize : 19 <-- 0.004316 s
currentSize : 23 <-- 0.004468 s
currentSize : 24 <-- 3.036999 s
currentSize : 25 <-- 5.747219 s
currentSize : 26 <-- 6.508798 s
currentSize : 27 <-- 6.511706 s
currentSize : 28 <-- 11.245828 s
currentSize : 29 <-- 11.706655 s
currentSize : 30 <-- 13.851563 s
currentSize : 31 <-- 13.918719 s
currentSize : 32 <-- 31.744404 s
currentSize : 34 <-- 31.753984 s
currentSize : 35 <-- 31.765713 s
currentSize : 36 <-- 39.090214 s
currentSize : 37 <-- 39.090393 s
currentSize : 38 <-- 40.302696 s
currentSize : 39 <-- 40.302830 s
currentSize : 41 <-- 40.905602 s
currentSize : 42 <-- 40.906513 s

maxsize : 42
nodes : 18856307.000000
filtered : 128313768.000000
time : 94.202766
