Parameters: GAD=1 vflib=1 dir=1 label=1 lowerbound=1 fileNameGp=../../cp2016-max-common-connected-subgraph-paper/datasets/graphsdb/mcs50/bvg/b09/mcs50_b09_s90.A05 fileNameGt=../../cp2016-max-common-connected-subgraph-paper/datasets/graphsdb/mcs50/bvg/b09/mcs50_b09_s90.B05
Reading graphs...
90 : 405
90 : 405
Initializing...
maxdom : 10
D->valSize : 540
Solving...
Blb : 2 (clique : 23)
currentSize : 23 <-- 0.006041 s
currentSize : 30 <-- 0.006250 s
currentSize : 31 <-- 0.006384 s
currentSize : 32 <-- 0.006641 s
currentSize : 33 <-- 0.006760 s
currentSize : 34 <-- 0.007474 s
currentSize : 35 <-- 0.065700 s
currentSize : 37 <-- 0.065855 s
currentSize : 38 <-- 0.994580 s
currentSize : 39 <-- 0.994706 s

TIMEOUT
maxsize : 39
nodes : 191296734.000000
filtered : 1181288435.000000
time : 1000.000000
