Parameters: GAD=1 vflib=1 dir=1 label=1 lowerbound=1 fileNameGp=../../cp2016-max-common-connected-subgraph-paper/datasets/graphsdb/mcs50/rand/r01/mcs50_r01_s90.A08 fileNameGt=../../cp2016-max-common-connected-subgraph-paper/datasets/graphsdb/mcs50/rand/r01/mcs50_r01_s90.B08
Reading graphs...
90 : 800
90 : 800
Initializing...
maxdom : 11
D->valSize : 597
Solving...
Blb : 2 (clique : 14)
currentSize : 14 <-- 0.006827 s
currentSize : 18 <-- 0.006968 s
currentSize : 20 <-- 0.007021 s
currentSize : 21 <-- 0.007215 s
currentSize : 22 <-- 0.007314 s
currentSize : 24 <-- 0.048830 s
currentSize : 26 <-- 0.048978 s
currentSize : 28 <-- 0.049070 s
currentSize : 29 <-- 0.049724 s
currentSize : 31 <-- 0.616075 s
currentSize : 35 <-- 0.616305 s
currentSize : 37 <-- 1.032024 s
currentSize : 40 <-- 1.037361 s
currentSize : 45 <-- 1.037502 s

maxsize : 45
nodes : 399840.000000
filtered : 6366106.000000
time : 2.688148
