Parameters: GAD=1 vflib=1 dir=1 label=1 lowerbound=1 fileNameGp=../../cp2016-max-common-connected-subgraph-paper/datasets/graphsdb/mcs50/m3D/m3Dr2/mcs50_m3Dr2_s50.A03 fileNameGt=../../cp2016-max-common-connected-subgraph-paper/datasets/graphsdb/mcs50/m3D/m3Dr2/mcs50_m3Dr2_s50.B03
Reading graphs...
50 : 119
50 : 118
Initializing...
maxdom : 9
D->valSize : 329
Solving...
Blb : 2 (clique : 19)
currentSize : 19 <-- 0.002368 s
currentSize : 20 <-- 1.646416 s
currentSize : 21 <-- 7.911427 s
currentSize : 22 <-- 32.278416 s
currentSize : 23 <-- 36.570667 s
currentSize : 25 <-- 36.570847 s
currentSize : 27 <-- 36.571247 s
currentSize : 28 <-- 47.126637 s

maxsize : 28
nodes : 11039259.000000
filtered : 139710253.000000
time : 51.073097
