Parameters: GAD=1 vflib=1 dir=1 label=1 lowerbound=1 fileNameGp=../../cp2016-max-common-connected-subgraph-paper/datasets/graphsdb/mcs50/rand/r01/mcs50_r01_s35.A01 fileNameGt=../../cp2016-max-common-connected-subgraph-paper/datasets/graphsdb/mcs50/rand/r01/mcs50_r01_s35.B01
Reading graphs...
35 : 118
35 : 118
Initializing...
maxdom : 6
D->valSize : 159
Solving...
Blb : 2 (clique : 8)
currentSize : 8 <-- 0.000774 s
currentSize : 9 <-- 0.001058 s
currentSize : 10 <-- 0.001095 s
currentSize : 11 <-- 0.001258 s
currentSize : 12 <-- 0.007514 s
currentSize : 13 <-- 0.008375 s
currentSize : 14 <-- 0.008971 s
currentSize : 16 <-- 0.012212 s
currentSize : 17 <-- 0.019001 s

maxsize : 17
nodes : 9866.000000
filtered : 119821.000000
time : 0.038625
