Parameters: GAD=1 vflib=1 dir=1 label=1 lowerbound=1 fileNameGp=../../cp2016-max-common-connected-subgraph-paper/datasets/graphsdb/mcs70/m2D/m2Dr6/mcs70_m2Dr6_s70.A03 fileNameGt=../../cp2016-max-common-connected-subgraph-paper/datasets/graphsdb/mcs70/m2D/m2Dr6/mcs70_m2Dr6_s70.B03
Reading graphs...
70 : 165
70 : 164
Initializing...
maxdom : 9
D->valSize : 376
Solving...
Blb : 2 (clique : 27)
currentSize : 27 <-- 0.003355 s
currentSize : 28 <-- 0.172995 s
currentSize : 29 <-- 0.261467 s
currentSize : 30 <-- 0.498903 s
currentSize : 31 <-- 0.546014 s
currentSize : 32 <-- 0.546074 s
currentSize : 36 <-- 0.936854 s
currentSize : 37 <-- 2.841337 s
currentSize : 38 <-- 9.736197 s
currentSize : 40 <-- 13.665716 s
currentSize : 41 <-- 13.669084 s
currentSize : 44 <-- 16.972391 s
currentSize : 45 <-- 20.414459 s
currentSize : 47 <-- 20.414700 s
currentSize : 49 <-- 20.415928 s

maxsize : 49
nodes : 5506497.000000
filtered : 26174311.000000
time : 23.780334
