Parameters: GAD=1 vflib=1 dir=1 label=1 lowerbound=1 fileNameGp=../../cp2016-max-common-connected-subgraph-paper/datasets/graphsdb/mcs70/m2D/m2Dr6/mcs70_m2Dr6_s90.A00 fileNameGt=../../cp2016-max-common-connected-subgraph-paper/datasets/graphsdb/mcs70/m2D/m2Dr6/mcs70_m2Dr6_s90.B00
Reading graphs...
90 : 215
90 : 213
Initializing...
maxdom : 10
D->valSize : 606
Solving...
Blb : 2 (clique : 54)
currentSize : 54 <-- 0.012798 s
currentSize : 55 <-- 0.013881 s
currentSize : 57 <-- 2.787766 s
currentSize : 58 <-- 2.787985 s
currentSize : 59 <-- 842.021179 s
currentSize : 61 <-- 842.022522 s
currentSize : 62 <-- 842.022644 s
currentSize : 63 <-- 842.025085 s
currentSize : 64 <-- 842.025208 s

TIMEOUT
maxsize : 64
nodes : 176169569.000000
filtered : 1278446712.000000
time : 1000.000061
