Parameters: GAD=1 vflib=1 dir=1 label=1 lowerbound=1 fileNameGp=../../cp2016-max-common-connected-subgraph-paper/datasets/graphsdb/mcs70/m2D/m2Dr4/mcs70_m2Dr4_s80.A04 fileNameGt=../../cp2016-max-common-connected-subgraph-paper/datasets/graphsdb/mcs70/m2D/m2Dr4/mcs70_m2Dr4_s80.B04
Reading graphs...
80 : 174
80 : 174
Initializing...
maxdom : 10
D->valSize : 465
Solving...
Blb : 2 (clique : 29)
currentSize : 29 <-- 0.004751 s
currentSize : 30 <-- 0.007268 s
currentSize : 31 <-- 0.007433 s
currentSize : 32 <-- 6.296649 s
currentSize : 33 <-- 7.838753 s
currentSize : 34 <-- 8.193842 s
currentSize : 35 <-- 22.287872 s
currentSize : 36 <-- 43.141960 s
currentSize : 37 <-- 45.685951 s
currentSize : 38 <-- 58.974834 s
currentSize : 39 <-- 59.558758 s
currentSize : 40 <-- 318.973724 s
currentSize : 41 <-- 319.012054 s
currentSize : 42 <-- 322.575989 s
currentSize : 43 <-- 543.449463 s
currentSize : 44 <-- 579.139465 s
currentSize : 45 <-- 579.176575 s
currentSize : 46 <-- 679.501709 s
currentSize : 47 <-- 679.502014 s
currentSize : 48 <-- 679.578552 s
currentSize : 49 <-- 679.578735 s

maxsize : 49
nodes : 179721210.000000
filtered : 1494334833.000000
time : 973.950073
