Parameters: GAD=1 vflib=1 dir=1 label=1 lowerbound=1 fileNameGp=../../cp2016-max-common-connected-subgraph-paper/datasets/graphsdb/mcs70/m2D/m2Dr4/mcs70_m2Dr4_s90.A06 fileNameGt=../../cp2016-max-common-connected-subgraph-paper/datasets/graphsdb/mcs70/m2D/m2Dr4/mcs70_m2Dr4_s90.B06
Reading graphs...
90 : 197
90 : 196
Initializing...
maxdom : 9
D->valSize : 521
Solving...
Blb : 2 (clique : 50)
currentSize : 50 <-- 0.005862 s
currentSize : 52 <-- 0.006299 s
currentSize : 53 <-- 0.006525 s
currentSize : 54 <-- 0.006832 s
currentSize : 56 <-- 0.008215 s
currentSize : 58 <-- 0.011704 s
currentSize : 60 <-- 139.687897 s
currentSize : 62 <-- 139.690674 s
currentSize : 63 <-- 221.667648 s
currentSize : 64 <-- 221.667969 s

maxsize : 64
nodes : 107457620.000000
filtered : 516931226.000000
time : 549.309204
