Parameters: GAD=1 vflib=1 dir=1 label=1 lowerbound=1 fileNameGp=../../cp2016-max-common-connected-subgraph-paper/datasets/graphsdb/mcs70/rand/r02/mcs70_r02_s80.A06 fileNameGt=../../cp2016-max-common-connected-subgraph-paper/datasets/graphsdb/mcs70/rand/r02/mcs70_r02_s80.B06
Reading graphs...
80 : 1263
80 : 1263
Initializing...
maxdom : 9
D->valSize : 461
Solving...
Blb : 2 (clique : 9)
currentSize : 9 <-- 0.006378 s
currentSize : 10 <-- 0.010949 s
currentSize : 11 <-- 0.011713 s
currentSize : 13 <-- 0.012475 s
currentSize : 17 <-- 0.014756 s
currentSize : 24 <-- 0.016379 s
currentSize : 28 <-- 0.019914 s
currentSize : 35 <-- 0.024152 s
currentSize : 56 <-- 0.024819 s

maxsize : 56
nodes : 2255.000000
filtered : 56049.000000
time : 0.028486
