Parameters: GAD=1 vflib=1 dir=1 label=1 lowerbound=1 fileNameGp=../../cp2016-max-common-connected-subgraph-paper/datasets/graphsdb/mcs70/bvg/b03/mcs70_b03_s70.A05 fileNameGt=../../cp2016-max-common-connected-subgraph-paper/datasets/graphsdb/mcs70/bvg/b03/mcs70_b03_s70.B05
Reading graphs...
70 : 105
70 : 105
Initializing...
maxdom : 8
D->valSize : 357
Solving...
Blb : 2 (clique : 39)
currentSize : 39 <-- 0.005118 s
currentSize : 40 <-- 0.005507 s
currentSize : 41 <-- 0.005971 s
currentSize : 44 <-- 0.318422 s
currentSize : 45 <-- 0.318538 s
currentSize : 47 <-- 66.101669 s
currentSize : 48 <-- 66.101883 s
currentSize : 49 <-- 66.102959 s

maxsize : 49
nodes : 21737246.000000
filtered : 144747481.000000
time : 102.639435
