Parameters: GAD=1 vflib=1 dir=1 label=1 lowerbound=1 fileNameGp=../../cp2016-max-common-connected-subgraph-paper/datasets/graphsdb/mcs70/m3D/m3D/mcs70_m3D_s90.A02 fileNameGt=../../cp2016-max-common-connected-subgraph-paper/datasets/graphsdb/mcs70/m3D/m3D/mcs70_m3D_s90.B02
Reading graphs...
90 : 209
90 : 209
Initializing...
maxdom : 11
D->valSize : 549
Solving...
Blb : 2 (clique : 54)
currentSize : 54 <-- 0.006385 s
currentSize : 55 <-- 0.006845 s
currentSize : 57 <-- 0.713506 s
currentSize : 58 <-- 0.713714 s
currentSize : 59 <-- 0.713900 s
currentSize : 60 <-- 74.446144 s
currentSize : 61 <-- 225.083527 s
currentSize : 62 <-- 225.083939 s
currentSize : 63 <-- 226.004257 s
currentSize : 64 <-- 276.736053 s

maxsize : 64
nodes : 84590366.000000
filtered : 431276012.000000
time : 420.994751
