Parameters: GAD=1 vflib=1 dir=1 label=1 lowerbound=1 fileNameGp=../../cp2016-max-common-connected-subgraph-paper/datasets/graphsdb/mcs70/bvg/b03/mcs70_b03_s90.A03 fileNameGt=../../cp2016-max-common-connected-subgraph-paper/datasets/graphsdb/mcs70/bvg/b03/mcs70_b03_s90.B03
Reading graphs...
90 : 135
90 : 135
Initializing...
maxdom : 10
D->valSize : 577
Solving...
Blb : 2 (clique : 56)
currentSize : 56 <-- 0.007261 s
currentSize : 57 <-- 173.806274 s
currentSize : 58 <-- 173.806381 s
currentSize : 59 <-- 173.845016 s
currentSize : 60 <-- 173.845123 s
currentSize : 61 <-- 547.583313 s

TIMEOUT
maxsize : 61
nodes : 159408608.000000
filtered : 1225763852.000000
time : 1000.000061
