Parameters: GAD=1 vflib=1 dir=1 label=1 lowerbound=1 fileNameGp=../../cp2016-max-common-connected-subgraph-paper/datasets/graphsdb/mcs70/bvg/b03/mcs70_b03_s80.A04 fileNameGt=../../cp2016-max-common-connected-subgraph-paper/datasets/graphsdb/mcs70/bvg/b03/mcs70_b03_s80.B04
Reading graphs...
80 : 120
80 : 120
Initializing...
maxdom : 13
D->valSize : 509
Solving...
Blb : 2 (clique : 45)
currentSize : 45 <-- 0.005529 s
currentSize : 46 <-- 0.058373 s
currentSize : 47 <-- 0.210447 s
currentSize : 48 <-- 0.264523 s
currentSize : 49 <-- 1.222409 s
currentSize : 50 <-- 1.224994 s
currentSize : 51 <-- 1.525619 s
currentSize : 52 <-- 5.424250 s
currentSize : 56 <-- 6.490401 s

maxsize : 56
nodes : 2776526.000000
filtered : 17910643.000000
time : 15.321032
