Parameters: GAD=1 vflib=1 dir=1 label=1 lowerbound=1 fileNameGp=../../cp2016-max-common-connected-subgraph-paper/datasets/graphsdb/mcs70/m3D/m3Dr6/mcs70_m3Dr6_s100.A01 fileNameGt=../../cp2016-max-common-connected-subgraph-paper/datasets/graphsdb/mcs70/m3D/m3Dr6/mcs70_m3Dr6_s100.B01
Reading graphs...
100 : 295
100 : 295
Initializing...
maxdom : 6
D->valSize : 369
Solving...
Blb : 2 (clique : 53)
currentSize : 53 <-- 0.003651 s
currentSize : 55 <-- 0.004324 s
currentSize : 57 <-- 0.012281 s
currentSize : 59 <-- 0.012791 s
currentSize : 62 <-- 227.209854 s
currentSize : 64 <-- 227.210190 s

maxsize : 64
nodes : 69107388.000000
filtered : 270373294.000000
time : 366.032684
