Parameters: GAD=1 vflib=1 dir=1 label=1 lowerbound=1 fileNameGp=../../cp2016-max-common-connected-subgraph-paper/datasets/graphsdb/mcs70/bvg/b03m/mcs70_b03m_s50.A07 fileNameGt=../../cp2016-max-common-connected-subgraph-paper/datasets/graphsdb/mcs70/bvg/b03m/mcs70_b03m_s50.B07
Reading graphs...
50 : 75
50 : 75
Initializing...
maxdom : 9
D->valSize : 339
Solving...
Blb : 2 (clique : 24)
currentSize : 24 <-- 0.004152 s
currentSize : 25 <-- 0.004469 s
currentSize : 26 <-- 0.007623 s
currentSize : 27 <-- 0.008861 s
currentSize : 28 <-- 0.009021 s
currentSize : 29 <-- 0.009607 s
currentSize : 30 <-- 0.011230 s
currentSize : 32 <-- 0.951015 s
currentSize : 33 <-- 0.951245 s
currentSize : 34 <-- 0.951328 s

maxsize : 34
nodes : 326218.000000
filtered : 3026036.000000
time : 1.569130
