Parameters: GAD=1 vflib=1 dir=1 label=1 lowerbound=1 fileNameGp=../../cp2016-max-common-connected-subgraph-paper/datasets/graphsdb/mcs70/bvg/b06m/mcs70_b06m_s100.A06 fileNameGt=../../cp2016-max-common-connected-subgraph-paper/datasets/graphsdb/mcs70/bvg/b06m/mcs70_b06m_s100.B06
Reading graphs...
100 : 300
100 : 300
Initializing...
maxdom : 7
D->valSize : 371
Solving...
Blb : 5 (clique : 44)
currentSize : 44 <-- 0.003766 s
currentSize : 46 <-- 0.004617 s
currentSize : 47 <-- 0.007953 s
currentSize : 49 <-- 0.011328 s
currentSize : 51 <-- 0.014898 s
currentSize : 54 <-- 0.029755 s
currentSize : 55 <-- 0.037805 s
currentSize : 56 <-- 0.063752 s
currentSize : 58 <-- 0.076890 s
currentSize : 59 <-- 0.829708 s
currentSize : 60 <-- 0.830163 s
currentSize : 61 <-- 3.847593 s
currentSize : 62 <-- 3.857989 s
currentSize : 63 <-- 3.890157 s
currentSize : 64 <-- 3.903296 s
currentSize : 65 <-- 3.903652 s
currentSize : 66 <-- 14.977658 s
currentSize : 67 <-- 14.978045 s
currentSize : 69 <-- 36.364059 s
currentSize : 70 <-- 36.364479 s

maxsize : 70
nodes : 9744102.000000
filtered : 44468790.000000
time : 51.971191
