Parameters: GAD=1 vflib=1 dir=1 label=1 lowerbound=1 fileNameGp=../../cp2016-max-common-connected-subgraph-paper/datasets/graphsdb/mcs70/rand/r005/mcs70_r005_s60.A05 fileNameGt=../../cp2016-max-common-connected-subgraph-paper/datasets/graphsdb/mcs70/rand/r005/mcs70_r005_s60.B05
Reading graphs...
60 : 176
60 : 176
Initializing...
maxdom : 7
D->valSize : 238
Solving...
Blb : 2 (clique : 21)
currentSize : 21 <-- 0.001626 s
currentSize : 23 <-- 0.008848 s
currentSize : 25 <-- 0.020692 s
currentSize : 26 <-- 0.031332 s
currentSize : 27 <-- 0.036769 s
currentSize : 28 <-- 0.144636 s
currentSize : 29 <-- 0.157794 s
currentSize : 30 <-- 0.157976 s
currentSize : 31 <-- 0.158061 s
currentSize : 34 <-- 0.227372 s
currentSize : 37 <-- 0.242702 s
currentSize : 38 <-- 0.243037 s
currentSize : 42 <-- 0.243135 s

maxsize : 42
nodes : 56011.000000
filtered : 337922.000000
time : 0.250872
