Parameters: GAD=1 vflib=1 dir=1 label=1 lowerbound=1 fileNameGp=../../cp2016-max-common-connected-subgraph-paper/datasets/graphsdb/mcs70/m2D/m2D/mcs70_m2D_s60.A05 fileNameGt=../../cp2016-max-common-connected-subgraph-paper/datasets/graphsdb/mcs70/m2D/m2D/mcs70_m2D_s60.B05
Reading graphs...
60 : 104
60 : 104
Initializing...
maxdom : 9
D->valSize : 273
Solving...
Blb : 2 (clique : 29)
currentSize : 29 <-- 0.001971 s
currentSize : 31 <-- 2.839068 s
currentSize : 32 <-- 2.839581 s
currentSize : 33 <-- 3.544414 s
currentSize : 34 <-- 4.675399 s
currentSize : 35 <-- 10.197939 s
currentSize : 36 <-- 11.829169 s
currentSize : 37 <-- 11.832309 s
currentSize : 38 <-- 11.832615 s

maxsize : 38
nodes : 3631930.000000
filtered : 22463792.000000
time : 15.093801
