Parameters: GAD=1 vflib=1 dir=1 label=1 lowerbound=1 fileNameGp=../../cp2016-max-common-connected-subgraph-paper/datasets/graphsdb/mcs70/m2D/m2D/mcs70_m2D_s90.A02 fileNameGt=../../cp2016-max-common-connected-subgraph-paper/datasets/graphsdb/mcs70/m2D/m2D/mcs70_m2D_s90.B02
Reading graphs...
90 : 161
90 : 161
Initializing...
maxdom : 9
D->valSize : 539
Solving...
Blb : 2 (clique : 53)
currentSize : 53 <-- 0.006373 s
currentSize : 54 <-- 0.006777 s
currentSize : 55 <-- 0.007663 s
currentSize : 57 <-- 0.088791 s
currentSize : 59 <-- 0.088849 s
currentSize : 60 <-- 1.856264 s
currentSize : 61 <-- 1.856529 s

TIMEOUT
maxsize : 61
nodes : 202998702.000000
filtered : 1024735334.000000
time : 1000.000061
