Parameters: GAD=1 vflib=1 dir=1 label=1 lowerbound=1 fileNameGp=../../cp2016-max-common-connected-subgraph-paper/datasets/graphsdb/mcs70/m2D/m2D/mcs70_m2D_s70.A06 fileNameGt=../../cp2016-max-common-connected-subgraph-paper/datasets/graphsdb/mcs70/m2D/m2D/mcs70_m2D_s70.B06
Reading graphs...
70 : 123
70 : 123
Initializing...
maxdom : 8
D->valSize : 365
Solving...
Blb : 2 (clique : 37)
currentSize : 37 <-- 0.003160 s
currentSize : 38 <-- 0.482540 s
currentSize : 39 <-- 2.501718 s
currentSize : 41 <-- 4.481368 s
currentSize : 44 <-- 9.356696 s
currentSize : 45 <-- 21.262718 s
currentSize : 48 <-- 28.561289 s
currentSize : 50 <-- 37.707436 s

maxsize : 50
nodes : 10292701.000000
filtered : 56127374.000000
time : 48.769382
