Parameters: GAD=1 vflib=1 dir=1 label=1 lowerbound=1 fileNameGp=../../cp2016-max-common-connected-subgraph-paper/datasets/graphsdb/mcs70/m2D/m2Dr6/mcs70_m2Dr6_s90.A07 fileNameGt=../../cp2016-max-common-connected-subgraph-paper/datasets/graphsdb/mcs70/m2D/m2Dr6/mcs70_m2Dr6_s90.B07
Reading graphs...
90 : 215
90 : 214
Initializing...
maxdom : 10
D->valSize : 575
Solving...
Blb : 2 (clique : 58)
currentSize : 58 <-- 0.006960 s
currentSize : 59 <-- 13.876944 s
currentSize : 60 <-- 13.877780 s
currentSize : 61 <-- 13.878255 s
currentSize : 62 <-- 13.878729 s
currentSize : 63 <-- 13.879602 s
currentSize : 65 <-- 13.879811 s

maxsize : 65
nodes : 6981281.000000
filtered : 48942882.000000
time : 40.214710
