Parameters: GAD=1 vflib=1 dir=1 label=1 lowerbound=1 fileNameGp=../../cp2016-max-common-connected-subgraph-paper/datasets/graphsdb/mcs70/m2D/m2Dr6/mcs70_m2Dr6_s100.A07 fileNameGt=../../cp2016-max-common-connected-subgraph-paper/datasets/graphsdb/mcs70/m2D/m2Dr6/mcs70_m2Dr6_s100.B07
Reading graphs...
100 : 240
100 : 238
Initializing...
maxdom : 9
D->valSize : 397
Solving...
Blb : 2 (clique : 44)
currentSize : 44 <-- 0.006868 s
currentSize : 51 <-- 0.020102 s
currentSize : 52 <-- 0.793856 s
currentSize : 57 <-- 2.533220 s
currentSize : 59 <-- 3.002078 s
currentSize : 61 <-- 6.525402 s
currentSize : 62 <-- 6.525852 s
currentSize : 63 <-- 7.879587 s
currentSize : 65 <-- 7.880756 s

maxsize : 65
nodes : 14147699.000000
filtered : 68791264.000000
time : 74.394585
