Parameters: GAD=1 vflib=1 dir=1 label=1 lowerbound=1 fileNameGp=../../cp2016-max-common-connected-subgraph-paper/datasets/graphsdb/mcs70/bvg/b06m/mcs70_b06m_s90.A05 fileNameGt=../../cp2016-max-common-connected-subgraph-paper/datasets/graphsdb/mcs70/bvg/b06m/mcs70_b06m_s90.B05
Reading graphs...
90 : 270
90 : 270
Initializing...
maxdom : 10
D->valSize : 538
Solving...
Blb : 3 (clique : 43)
currentSize : 43 <-- 0.006096 s
currentSize : 45 <-- 0.006449 s
currentSize : 46 <-- 0.006545 s
currentSize : 47 <-- 0.007519 s
currentSize : 48 <-- 0.007604 s
currentSize : 55 <-- 0.011233 s
currentSize : 62 <-- 0.019057 s
currentSize : 63 <-- 0.075179 s

maxsize : 63
nodes : 4016346.000000
filtered : 28968877.000000
time : 23.474636
