Parameters: GAD=1 vflib=1 dir=1 label=1 lowerbound=1 fileNameGp=../../cp2016-max-common-connected-subgraph-paper/datasets/graphsdb/mcs70/m2D/m2Dr6/mcs70_m2Dr6_s60.A07 fileNameGt=../../cp2016-max-common-connected-subgraph-paper/datasets/graphsdb/mcs70/m2D/m2Dr6/mcs70_m2Dr6_s60.B07
Reading graphs...
60 : 139
60 : 137
Initializing...
maxdom : 8
D->valSize : 246
Solving...
Blb : 3 (clique : 21)
currentSize : 21 <-- 0.001695 s
currentSize : 22 <-- 0.024626 s
currentSize : 23 <-- 0.858729 s
currentSize : 25 <-- 0.858953 s
currentSize : 26 <-- 1.839229 s
currentSize : 27 <-- 1.843369 s
currentSize : 28 <-- 1.980798 s
currentSize : 29 <-- 2.818655 s
currentSize : 33 <-- 3.785281 s
currentSize : 36 <-- 4.191594 s

maxsize : 36
nodes : 1054200.000000
filtered : 7256347.000000
time : 4.799769
