Parameters: GAD=1 vflib=1 dir=1 label=1 lowerbound=1 fileNameGp=../../cp2016-max-common-connected-subgraph-paper/datasets/graphsdb/mcs70/bvg/b03m/mcs70_b03m_s80.A03 fileNameGt=../../cp2016-max-common-connected-subgraph-paper/datasets/graphsdb/mcs70/bvg/b03m/mcs70_b03m_s80.B03
Reading graphs...
80 : 120
80 : 120
Initializing...
maxdom : 8
D->valSize : 406
Solving...
Blb : 2 (clique : 47)
currentSize : 47 <-- 0.003916 s
currentSize : 48 <-- 1.464402 s
currentSize : 49 <-- 196.112457 s
currentSize : 50 <-- 196.665756 s
currentSize : 51 <-- 196.710541 s
currentSize : 52 <-- 196.716171 s
currentSize : 54 <-- 285.533417 s
currentSize : 56 <-- 285.746918 s
currentSize : 57 <-- 285.775543 s

maxsize : 57
nodes : 54825104.000000
filtered : 355223278.000000
time : 305.534943
