Parameters: GAD=1 vflib=1 dir=1 label=1 lowerbound=1 fileNameGp=../../cp2016-max-common-connected-subgraph-paper/datasets/graphsdb/mcs70/m3D/m3Dr6/mcs70_m3Dr6_s90.A08 fileNameGt=../../cp2016-max-common-connected-subgraph-paper/datasets/graphsdb/mcs70/m3D/m3Dr6/mcs70_m3Dr6_s90.B08
Reading graphs...
90 : 263
90 : 263
Initializing...
maxdom : 10
D->valSize : 570
Solving...
Blb : 2 (clique : 45)
currentSize : 45 <-- 0.006892 s
currentSize : 46 <-- 0.007264 s
currentSize : 50 <-- 0.007630 s
currentSize : 54 <-- 0.008023 s
currentSize : 55 <-- 0.009268 s
currentSize : 59 <-- 0.009689 s
currentSize : 63 <-- 0.016703 s
currentSize : 64 <-- 0.017515 s

maxsize : 64
nodes : 2627114.000000
filtered : 20386829.000000
time : 15.059510
