Parameters: GAD=1 vflib=1 dir=1 label=1 lowerbound=1 fileNameGp=../../cp2016-max-common-connected-subgraph-paper/datasets/graphsdb/mcs70/m2D/m2Dr4/mcs70_m2Dr4_s70.A08 fileNameGt=../../cp2016-max-common-connected-subgraph-paper/datasets/graphsdb/mcs70/m2D/m2Dr4/mcs70_m2Dr4_s70.B08
Reading graphs...
70 : 151
70 : 151
Initializing...
maxdom : 8
D->valSize : 341
Solving...
Blb : 2 (clique : 36)
currentSize : 36 <-- 0.004830 s
currentSize : 38 <-- 0.009952 s
currentSize : 40 <-- 0.397249 s
currentSize : 43 <-- 1.668831 s
currentSize : 45 <-- 13.489593 s
currentSize : 49 <-- 15.204668 s

maxsize : 49
nodes : 3659676.000000
filtered : 15660020.000000
time : 15.508663
