Parameters: GAD=1 vflib=1 dir=1 label=1 lowerbound=1 fileNameGp=../../cp2016-max-common-connected-subgraph-paper/datasets/graphsdb/mcs70/m2D/m2Dr2/mcs70_m2Dr2_s80.A07 fileNameGt=../../cp2016-max-common-connected-subgraph-paper/datasets/graphsdb/mcs70/m2D/m2Dr2/mcs70_m2Dr2_s80.B07
Reading graphs...
80 : 158
80 : 158
Initializing...
maxdom : 11
D->valSize : 450
Solving...
Blb : 2 (clique : 36)
currentSize : 36 <-- 0.004539 s
currentSize : 38 <-- 0.004991 s
currentSize : 39 <-- 0.006654 s
currentSize : 40 <-- 0.029775 s
currentSize : 41 <-- 0.030240 s
currentSize : 42 <-- 0.036295 s
currentSize : 43 <-- 0.037821 s
currentSize : 44 <-- 0.038262 s
currentSize : 45 <-- 0.581488 s
currentSize : 46 <-- 0.582256 s
currentSize : 47 <-- 0.582569 s
currentSize : 48 <-- 20.705412 s
currentSize : 49 <-- 20.705864 s
currentSize : 50 <-- 20.712288 s

maxsize : 50
nodes : 32842492.000000
filtered : 236922525.000000
time : 174.680054
