Parameters: GAD=1 vflib=1 dir=1 label=1 lowerbound=1 fileNameGp=../../cp2016-max-common-connected-subgraph-paper/datasets/graphsdb/mcs70/bvg/b03/mcs70_b03_s70.A04 fileNameGt=../../cp2016-max-common-connected-subgraph-paper/datasets/graphsdb/mcs70/bvg/b03/mcs70_b03_s70.B04
Reading graphs...
70 : 105
70 : 105
Initializing...
maxdom : 9
D->valSize : 358
Solving...
Blb : 2 (clique : 34)
currentSize : 34 <-- 0.003204 s
currentSize : 36 <-- 0.003431 s
currentSize : 37 <-- 0.003551 s
currentSize : 38 <-- 0.004157 s
currentSize : 39 <-- 0.004270 s
currentSize : 40 <-- 0.007261 s
currentSize : 41 <-- 0.544466 s
currentSize : 42 <-- 0.544515 s
currentSize : 43 <-- 0.548631 s
currentSize : 44 <-- 2.723968 s
currentSize : 45 <-- 2.724056 s
currentSize : 46 <-- 2.724194 s
currentSize : 47 <-- 2.724291 s
currentSize : 48 <-- 8.996963 s

maxsize : 48
nodes : 2811914.000000
filtered : 13484048.000000
time : 13.305902
