Parameters: GAD=1 vflib=1 dir=1 label=1 lowerbound=1 fileNameGp=../../cp2016-max-common-connected-subgraph-paper/datasets/graphsdb/mcs70/m2D/m2Dr6/mcs70_m2Dr6_s60.A04 fileNameGt=../../cp2016-max-common-connected-subgraph-paper/datasets/graphsdb/mcs70/m2D/m2Dr6/mcs70_m2Dr6_s60.B04
Reading graphs...
60 : 140
60 : 139
Initializing...
maxdom : 7
D->valSize : 271
Solving...
Blb : 2 (clique : 25)
currentSize : 25 <-- 0.001913 s
currentSize : 26 <-- 0.002159 s
currentSize : 30 <-- 0.002260 s
currentSize : 32 <-- 0.002463 s
currentSize : 33 <-- 1.474830 s
currentSize : 34 <-- 1.477296 s
currentSize : 35 <-- 2.765912 s
currentSize : 36 <-- 2.766072 s

maxsize : 36
nodes : 843767.000000
filtered : 4826042.000000
time : 3.582351
