Parameters: GAD=1 vflib=1 dir=1 label=1 lowerbound=1 fileNameGp=../../cp2016-max-common-connected-subgraph-paper/datasets/graphsdb/mcs70/m2D/m2Dr4/mcs70_m2Dr4_s35.A04 fileNameGt=../../cp2016-max-common-connected-subgraph-paper/datasets/graphsdb/mcs70/m2D/m2Dr4/mcs70_m2Dr4_s35.B04
Reading graphs...
35 : 72
35 : 72
Initializing...
maxdom : 8
D->valSize : 170
Solving...
Blb : 2 (clique : 14)
currentSize : 14 <-- 0.000882 s
currentSize : 15 <-- 0.001310 s
currentSize : 16 <-- 0.006853 s
currentSize : 18 <-- 0.006868 s
currentSize : 19 <-- 0.006987 s
currentSize : 20 <-- 0.007123 s
currentSize : 21 <-- 0.011899 s
currentSize : 23 <-- 0.012191 s
currentSize : 25 <-- 0.016016 s

maxsize : 25
nodes : 5516.000000
filtered : 38583.000000
time : 0.019177
