Parameters: GAD=1 vflib=1 dir=1 label=1 lowerbound=1 fileNameGp=../../cp2016-max-common-connected-subgraph-paper/datasets/graphsdb/mcs70/m3D/m3Dr4/mcs70_m3Dr4_s100.A00 fileNameGt=../../cp2016-max-common-connected-subgraph-paper/datasets/graphsdb/mcs70/m3D/m3Dr4/mcs70_m3Dr4_s100.B00
Reading graphs...
100 : 275
100 : 274
Initializing...
maxdom : 7
D->valSize : 368
Solving...
Blb : 2 (clique : 40)
currentSize : 40 <-- 0.003704 s
currentSize : 41 <-- 0.004238 s
currentSize : 43 <-- 0.008498 s
currentSize : 45 <-- 0.008651 s
currentSize : 46 <-- 0.026997 s
currentSize : 48 <-- 0.027137 s
currentSize : 51 <-- 0.064240 s
currentSize : 53 <-- 0.064389 s
currentSize : 55 <-- 0.525348 s
currentSize : 57 <-- 0.547166 s
currentSize : 59 <-- 27.482479 s
currentSize : 61 <-- 27.487694 s
currentSize : 62 <-- 72.685120 s
currentSize : 64 <-- 72.715958 s

maxsize : 64
nodes : 26206583.000000
filtered : 96830607.000000
time : 135.043198
