Parameters: GAD=1 vflib=1 dir=1 label=1 lowerbound=1 fileNameGp=../../cp2016-max-common-connected-subgraph-paper/datasets/graphsdb/mcs70/m2D/m2Dr2/mcs70_m2Dr2_s60.A03 fileNameGt=../../cp2016-max-common-connected-subgraph-paper/datasets/graphsdb/mcs70/m2D/m2Dr2/mcs70_m2Dr2_s60.B03
Reading graphs...
60 : 116
60 : 116
Initializing...
maxdom : 8
D->valSize : 234
Solving...
Blb : 3 (clique : 28)
currentSize : 28 <-- 0.002469 s
currentSize : 29 <-- 0.003208 s
currentSize : 30 <-- 0.381644 s
currentSize : 31 <-- 0.382046 s
currentSize : 32 <-- 0.382933 s
currentSize : 33 <-- 0.384620 s
currentSize : 34 <-- 0.384919 s
currentSize : 35 <-- 1.805750 s
currentSize : 36 <-- 1.805963 s
currentSize : 37 <-- 1.821903 s
currentSize : 38 <-- 1.862672 s

maxsize : 38
nodes : 596837.000000
filtered : 2945642.000000
time : 2.492655
