Parameters: GAD=1 vflib=1 dir=1 label=1 lowerbound=1 fileNameGp=../../cp2016-max-common-connected-subgraph-paper/datasets/graphsdb/mcs70/m3D/m3Dr2/mcs70_m3Dr2_s100.A01 fileNameGt=../../cp2016-max-common-connected-subgraph-paper/datasets/graphsdb/mcs70/m3D/m3Dr2/mcs70_m3Dr2_s100.B01
Reading graphs...
100 : 255
100 : 253
Initializing...
maxdom : 7
D->valSize : 351
Solving...
Blb : 2 (clique : 45)
currentSize : 45 <-- 0.006048 s
currentSize : 46 <-- 0.069132 s
currentSize : 50 <-- 0.799522 s
currentSize : 56 <-- 9.878268 s
currentSize : 58 <-- 88.123940 s
currentSize : 63 <-- 91.864441 s
currentSize : 64 <-- 91.864998 s

maxsize : 64
nodes : 42557087.000000
filtered : 185216225.000000
time : 226.519196
