Parameters: GAD=1 vflib=1 dir=1 label=1 lowerbound=1 fileNameGp=../../cp2016-max-common-connected-subgraph-paper/datasets/graphsdb/mcs70/m2D/m2Dr2/mcs70_m2Dr2_s70.A07 fileNameGt=../../cp2016-max-common-connected-subgraph-paper/datasets/graphsdb/mcs70/m2D/m2Dr2/mcs70_m2Dr2_s70.B07
Reading graphs...
70 : 137
70 : 136
Initializing...
maxdom : 9
D->valSize : 393
Solving...
Blb : 2 (clique : 38)
currentSize : 38 <-- 0.003648 s
currentSize : 39 <-- 0.003940 s
currentSize : 42 <-- 0.006479 s
currentSize : 44 <-- 0.007158 s
currentSize : 46 <-- 0.028689 s
currentSize : 48 <-- 0.031142 s
currentSize : 49 <-- 0.031384 s

maxsize : 49
nodes : 2576856.000000
filtered : 12773968.000000
time : 11.183775
