Parameters: GAD=1 vflib=1 dir=1 label=1 lowerbound=1 fileNameGp=../../cp2016-max-common-connected-subgraph-paper/datasets/graphsdb/mcs70/rand/r005/mcs70_r005_s90.A00 fileNameGt=../../cp2016-max-common-connected-subgraph-paper/datasets/graphsdb/mcs70/rand/r005/mcs70_r005_s90.B00
Reading graphs...
90 : 399
90 : 399
Initializing...
maxdom : 11
D->valSize : 560
Solving...
Blb : 2 (clique : 34)
currentSize : 34 <-- 0.010649 s
currentSize : 37 <-- 0.011090 s
currentSize : 39 <-- 0.011345 s
currentSize : 40 <-- 1.583020 s
currentSize : 41 <-- 3.381565 s
currentSize : 46 <-- 6.770144 s
currentSize : 47 <-- 8.654942 s
currentSize : 49 <-- 8.655075 s
currentSize : 51 <-- 8.655450 s
currentSize : 54 <-- 9.763656 s
currentSize : 56 <-- 10.286816 s
currentSize : 63 <-- 10.287048 s

maxsize : 63
nodes : 1664755.000000
filtered : 21580222.000000
time : 11.316636
