Parameters: GAD=1 vflib=1 dir=1 label=1 lowerbound=1 fileNameGp=../../cp2016-max-common-connected-subgraph-paper/datasets/graphsdb/mcs70/m2D/m2Dr2/mcs70_m2Dr2_s90.A00 fileNameGt=../../cp2016-max-common-connected-subgraph-paper/datasets/graphsdb/mcs70/m2D/m2Dr2/mcs70_m2Dr2_s90.B00
Reading graphs...
90 : 179
90 : 179
Initializing...
maxdom : 9
D->valSize : 539
Solving...
Blb : 2 (clique : 39)
currentSize : 39 <-- 0.006309 s
currentSize : 41 <-- 0.006643 s
currentSize : 42 <-- 0.007220 s
currentSize : 44 <-- 0.007422 s
currentSize : 47 <-- 0.008246 s
currentSize : 48 <-- 0.008480 s
currentSize : 49 <-- 0.008770 s
currentSize : 51 <-- 0.008824 s
currentSize : 52 <-- 0.009810 s
currentSize : 53 <-- 0.010126 s
currentSize : 55 <-- 0.010242 s
currentSize : 57 <-- 0.015871 s
currentSize : 58 <-- 1.760647 s
currentSize : 60 <-- 1.775293 s
currentSize : 62 <-- 2.485020 s
currentSize : 63 <-- 3.720685 s
currentSize : 64 <-- 71.284416 s

maxsize : 64
nodes : 22159484.000000
filtered : 143633247.000000
time : 126.827789
