Parameters: GAD=1 vflib=1 dir=1 label=1 lowerbound=1 fileNameGp=../../cp2016-max-common-connected-subgraph-paper/datasets/graphsdb/mcs70/m3D/m3Dr2/mcs70_m3Dr2_s90.A03 fileNameGt=../../cp2016-max-common-connected-subgraph-paper/datasets/graphsdb/mcs70/m3D/m3Dr2/mcs70_m3Dr2_s90.B03
Reading graphs...
90 : 227
90 : 227
Initializing...
maxdom : 10
D->valSize : 598
Solving...
Blb : 2 (clique : 46)
currentSize : 46 <-- 0.012445 s
currentSize : 47 <-- 8.692695 s
currentSize : 48 <-- 8.792728 s
currentSize : 49 <-- 221.710999 s
currentSize : 50 <-- 221.711548 s
currentSize : 51 <-- 221.713867 s
currentSize : 52 <-- 328.645020 s
currentSize : 57 <-- 328.651031 s
currentSize : 59 <-- 328.651245 s
currentSize : 62 <-- 548.930054 s
currentSize : 64 <-- 548.930237 s

maxsize : 64
nodes : 112973310.000000
filtered : 779857690.000000
time : 613.703369
