Parameters: GAD=1 vflib=1 dir=1 label=1 lowerbound=1 fileNameGp=../../cp2016-max-common-connected-subgraph-paper/datasets/graphsdb/mcs70/bvg/b06m/mcs70_b06m_s90.A07 fileNameGt=../../cp2016-max-common-connected-subgraph-paper/datasets/graphsdb/mcs70/bvg/b06m/mcs70_b06m_s90.B07
Reading graphs...
90 : 270
90 : 270
Initializing...
maxdom : 8
D->valSize : 533
Solving...
Blb : 3 (clique : 54)
currentSize : 54 <-- 0.010182 s
currentSize : 55 <-- 0.011764 s
currentSize : 56 <-- 0.018314 s
currentSize : 58 <-- 0.018649 s
currentSize : 60 <-- 0.078434 s
currentSize : 61 <-- 0.078966 s
currentSize : 63 <-- 0.084485 s

maxsize : 63
nodes : 3428671.000000
filtered : 17976604.000000
time : 18.020777
