Parameters: GAD=1 vflib=1 dir=1 label=1 lowerbound=1 fileNameGp=../../cp2016-max-common-connected-subgraph-paper/datasets/graphsdb/mcs70/bvg/b03/mcs70_b03_s50.A06 fileNameGt=../../cp2016-max-common-connected-subgraph-paper/datasets/graphsdb/mcs70/bvg/b03/mcs70_b03_s50.B06
Reading graphs...
50 : 75
50 : 75
Initializing...
maxdom : 10
D->valSize : 352
Solving...
Blb : 2 (clique : 22)
currentSize : 22 <-- 0.002563 s
currentSize : 23 <-- 0.009144 s
currentSize : 24 <-- 0.035546 s
currentSize : 25 <-- 0.050465 s
currentSize : 26 <-- 0.559897 s
currentSize : 27 <-- 0.560242 s
currentSize : 28 <-- 1.334856 s
currentSize : 29 <-- 1.632508 s
currentSize : 30 <-- 2.330575 s
currentSize : 31 <-- 3.218177 s
currentSize : 32 <-- 6.279421 s
currentSize : 34 <-- 7.449019 s

maxsize : 34
nodes : 2061159.000000
filtered : 20961366.000000
time : 9.637995
