Parameters: GAD=1 vflib=1 dir=1 label=1 lowerbound=1 fileNameGp=../../cp2016-max-common-connected-subgraph-paper/datasets/graphsdb/mcs70/bvg/b06m/mcs70_b06m_s90.A00 fileNameGt=../../cp2016-max-common-connected-subgraph-paper/datasets/graphsdb/mcs70/bvg/b06m/mcs70_b06m_s90.B00
Reading graphs...
90 : 270
90 : 270
Initializing...
maxdom : 10
D->valSize : 546
Solving...
Blb : 3 (clique : 47)
currentSize : 47 <-- 0.010434 s
currentSize : 48 <-- 3.421103 s
currentSize : 49 <-- 3.421507 s
currentSize : 50 <-- 20.899572 s
currentSize : 52 <-- 23.760773 s
currentSize : 54 <-- 23.760967 s
currentSize : 56 <-- 32.792606 s
currentSize : 57 <-- 32.793156 s
currentSize : 58 <-- 45.031025 s
currentSize : 59 <-- 45.031567 s
currentSize : 60 <-- 59.349224 s
currentSize : 62 <-- 76.225899 s
currentSize : 63 <-- 76.226730 s

maxsize : 63
nodes : 14918278.000000
filtered : 108095514.000000
time : 83.719933
