Parameters: GAD=1 vflib=1 dir=1 label=1 lowerbound=1 fileNameGp=../../cp2016-max-common-connected-subgraph-paper/datasets/graphsdb/mcs70/rand/r005/mcs70_r005_s90.A06 fileNameGt=../../cp2016-max-common-connected-subgraph-paper/datasets/graphsdb/mcs70/rand/r005/mcs70_r005_s90.B06
Reading graphs...
90 : 399
90 : 399
Initializing...
maxdom : 14
D->valSize : 581
Solving...
Blb : 2 (clique : 40)
currentSize : 40 <-- 0.006745 s
currentSize : 45 <-- 0.013828 s
currentSize : 47 <-- 0.402926 s
currentSize : 48 <-- 0.549586 s
currentSize : 49 <-- 0.954114 s
currentSize : 52 <-- 0.954257 s
currentSize : 60 <-- 1.208512 s
currentSize : 63 <-- 1.208709 s

maxsize : 63
nodes : 251030.000000
filtered : 2672677.000000
time : 1.627863
