Parameters: GAD=1 vflib=1 dir=1 label=1 lowerbound=1 fileNameGp=../../cp2016-max-common-connected-subgraph-paper/datasets/graphsdb/mcs70/m2D/m2Dr6/mcs70_m2Dr6_s60.A06 fileNameGt=../../cp2016-max-common-connected-subgraph-paper/datasets/graphsdb/mcs70/m2D/m2Dr6/mcs70_m2Dr6_s60.B06
Reading graphs...
60 : 140
60 : 137
Initializing...
maxdom : 8
D->valSize : 241
Solving...
Blb : 2 (clique : 20)
currentSize : 20 <-- 0.001717 s
currentSize : 24 <-- 0.001837 s
currentSize : 25 <-- 0.002365 s
currentSize : 26 <-- 0.003483 s
currentSize : 27 <-- 0.034474 s
currentSize : 29 <-- 0.045443 s
currentSize : 33 <-- 3.443023 s
currentSize : 34 <-- 5.275273 s
currentSize : 36 <-- 6.569740 s

maxsize : 36
nodes : 1893571.000000
filtered : 8863569.000000
time : 7.536383
