Parameters: GAD=1 vflib=1 dir=1 label=1 lowerbound=1 fileNameGp=../../cp2016-max-common-connected-subgraph-paper/datasets/graphsdb/mcs70/m2D/m2D/mcs70_m2D_s70.A03 fileNameGt=../../cp2016-max-common-connected-subgraph-paper/datasets/graphsdb/mcs70/m2D/m2D/mcs70_m2D_s70.B03
Reading graphs...
70 : 123
70 : 123
Initializing...
maxdom : 7
D->valSize : 342
Solving...
Blb : 2 (clique : 38)
currentSize : 38 <-- 0.003016 s
currentSize : 39 <-- 0.003482 s
currentSize : 40 <-- 0.003650 s
currentSize : 41 <-- 0.004572 s
currentSize : 42 <-- 0.063405 s
currentSize : 43 <-- 21.659058 s
currentSize : 44 <-- 21.659254 s
currentSize : 47 <-- 66.833046 s
currentSize : 48 <-- 66.833130 s
currentSize : 49 <-- 66.833641 s

maxsize : 49
nodes : 18755853.000000
filtered : 64709892.000000
time : 72.155884
