Parameters: GAD=1 vflib=1 dir=1 label=1 lowerbound=1 fileNameGp=../../cp2016-max-common-connected-subgraph-paper/datasets/graphsdb/mcs70/m3D/m3D/mcs70_m3D_s90.A06 fileNameGt=../../cp2016-max-common-connected-subgraph-paper/datasets/graphsdb/mcs70/m3D/m3D/mcs70_m3D_s90.B06
Reading graphs...
90 : 209
90 : 209
Initializing...
maxdom : 11
D->valSize : 600
Solving...
Blb : 2 (clique : 47)
currentSize : 47 <-- 0.012614 s
currentSize : 48 <-- 0.013268 s
currentSize : 49 <-- 0.013668 s
currentSize : 50 <-- 0.014780 s
currentSize : 51 <-- 0.024829 s
currentSize : 52 <-- 0.025120 s
currentSize : 53 <-- 0.027299 s
currentSize : 54 <-- 0.027624 s
currentSize : 55 <-- 0.158044 s
currentSize : 59 <-- 0.888610 s
currentSize : 60 <-- 0.891662 s
currentSize : 62 <-- 1.298501 s
currentSize : 63 <-- 1.299701 s
currentSize : 64 <-- 68.396172 s

maxsize : 64
nodes : 22191992.000000
filtered : 174931742.000000
time : 125.392960
