Parameters: GAD=1 vflib=1 dir=1 label=1 lowerbound=1 fileNameGp=../../cp2016-max-common-connected-subgraph-paper/datasets/graphsdb/mcs70/m2D/m2Dr6/mcs70_m2Dr6_s100.A02 fileNameGt=../../cp2016-max-common-connected-subgraph-paper/datasets/graphsdb/mcs70/m2D/m2Dr6/mcs70_m2Dr6_s100.B02
Reading graphs...
100 : 240
100 : 240
Initializing...
maxdom : 6
D->valSize : 362
Solving...
Blb : 2 (clique : 38)
currentSize : 38 <-- 0.003866 s
currentSize : 39 <-- 0.016608 s
currentSize : 40 <-- 0.017865 s
currentSize : 41 <-- 0.025027 s
currentSize : 42 <-- 0.025826 s
currentSize : 43 <-- 0.030813 s
currentSize : 44 <-- 0.344108 s
currentSize : 45 <-- 0.356209 s
currentSize : 46 <-- 1.664915 s
currentSize : 47 <-- 5.926345 s
currentSize : 48 <-- 5.934075 s
currentSize : 49 <-- 6.230730 s
currentSize : 50 <-- 7.383314 s
currentSize : 51 <-- 11.471602 s
currentSize : 52 <-- 33.248863 s
currentSize : 55 <-- 33.335114 s
currentSize : 56 <-- 34.169582 s
currentSize : 59 <-- 70.223969 s
currentSize : 61 <-- 70.224640 s
currentSize : 62 <-- 70.234825 s
currentSize : 63 <-- 74.322868 s
currentSize : 64 <-- 74.323425 s

TIMEOUT
maxsize : 64
nodes : 194004927.000000
filtered : 767259765.000000
time : 1000.000122
