Parameters: GAD=1 vflib=1 dir=1 label=1 lowerbound=1 fileNameGp=../../cp2016-max-common-connected-subgraph-paper/datasets/graphsdb/mcs70/m3D/m3D/mcs70_m3D_s90.A00 fileNameGt=../../cp2016-max-common-connected-subgraph-paper/datasets/graphsdb/mcs70/m3D/m3D/mcs70_m3D_s90.B00
Reading graphs...
90 : 209
90 : 209
Initializing...
maxdom : 12
D->valSize : 580
Solving...
Blb : 2 (clique : 48)
currentSize : 48 <-- 0.011200 s
currentSize : 50 <-- 0.011727 s
currentSize : 52 <-- 0.028501 s
currentSize : 54 <-- 0.028746 s
currentSize : 55 <-- 0.069029 s
currentSize : 59 <-- 0.074958 s
currentSize : 62 <-- 0.098845 s
currentSize : 64 <-- 0.099958 s

maxsize : 64
nodes : 908966.000000
filtered : 5692527.000000
time : 5.181309
