Parameters: GAD=1 vflib=1 dir=1 label=1 lowerbound=1 fileNameGp=../../cp2016-max-common-connected-subgraph-paper/datasets/graphsdb/mcs70/bvg/b03m/mcs70_b03m_s80.A04 fileNameGt=../../cp2016-max-common-connected-subgraph-paper/datasets/graphsdb/mcs70/bvg/b03m/mcs70_b03m_s80.B04
Reading graphs...
80 : 120
80 : 120
Initializing...
maxdom : 8
D->valSize : 409
Solving...
Blb : 2 (clique : 47)
currentSize : 47 <-- 0.006591 s
currentSize : 48 <-- 0.007291 s
currentSize : 49 <-- 0.029323 s
currentSize : 50 <-- 0.052253 s
currentSize : 51 <-- 2.180020 s
currentSize : 52 <-- 665.619934 s
currentSize : 53 <-- 689.682556 s
currentSize : 54 <-- 689.684326 s
currentSize : 55 <-- 698.033997 s
currentSize : 56 <-- 698.052368 s
currentSize : 57 <-- 698.833801 s

maxsize : 57
nodes : 148687903.000000
filtered : 1023228581.000000
time : 825.424377
