Parameters: GAD=1 vflib=1 dir=1 label=1 lowerbound=1 fileNameGp=../../cp2016-max-common-connected-subgraph-paper/datasets/graphsdb/mcs70/m2D/m2D/mcs70_m2D_s90.A04 fileNameGt=../../cp2016-max-common-connected-subgraph-paper/datasets/graphsdb/mcs70/m2D/m2D/mcs70_m2D_s90.B04
Reading graphs...
90 : 161
90 : 161
Initializing...
maxdom : 10
D->valSize : 614
Solving...
Blb : 2 (clique : 51)
currentSize : 51 <-- 0.012900 s
currentSize : 53 <-- 0.013511 s
currentSize : 54 <-- 0.013791 s
currentSize : 56 <-- 0.014254 s
currentSize : 58 <-- 433.972260 s
currentSize : 60 <-- 433.972321 s
currentSize : 62 <-- 433.972565 s
currentSize : 63 <-- 606.393799 s
currentSize : 64 <-- 606.394165 s

maxsize : 64
nodes : 132733271.000000
filtered : 712196035.000000
time : 652.726929
