Parameters: GAD=1 vflib=1 dir=1 label=1 lowerbound=1 fileNameGp=../../cp2016-max-common-connected-subgraph-paper/datasets/graphsdb/mcs70/m3D/m3Dr6/mcs70_m3Dr6_s90.A05 fileNameGt=../../cp2016-max-common-connected-subgraph-paper/datasets/graphsdb/mcs70/m3D/m3Dr6/mcs70_m3Dr6_s90.B05
Reading graphs...
90 : 263
90 : 262
Initializing...
maxdom : 7
D->valSize : 516
Solving...
Blb : 2 (clique : 40)
currentSize : 40 <-- 0.009466 s
currentSize : 41 <-- 0.011022 s
currentSize : 44 <-- 0.139244 s
currentSize : 45 <-- 0.149478 s
currentSize : 48 <-- 168.344177 s
currentSize : 54 <-- 168.371323 s
currentSize : 55 <-- 168.371719 s
currentSize : 61 <-- 268.924896 s
currentSize : 64 <-- 268.925476 s

maxsize : 64
nodes : 48715239.000000
filtered : 366880856.000000
time : 285.217468
