Parameters: GAD=1 vflib=1 dir=1 label=1 lowerbound=1 fileNameGp=../../cp2016-max-common-connected-subgraph-paper/datasets/graphsdb/mcs70/m2D/m2Dr2/mcs70_m2Dr2_s80.A09 fileNameGt=../../cp2016-max-common-connected-subgraph-paper/datasets/graphsdb/mcs70/m2D/m2Dr2/mcs70_m2Dr2_s80.B09
Reading graphs...
80 : 158
80 : 158
Initializing...
maxdom : 8
D->valSize : 424
Solving...
Blb : 2 (clique : 31)
currentSize : 31 <-- 0.004027 s
currentSize : 32 <-- 0.004261 s
currentSize : 34 <-- 0.004626 s
currentSize : 36 <-- 0.004687 s
currentSize : 38 <-- 0.005100 s
currentSize : 39 <-- 0.005211 s
currentSize : 40 <-- 0.023549 s
currentSize : 41 <-- 21.095404 s
currentSize : 42 <-- 21.228191 s
currentSize : 43 <-- 21.228325 s
currentSize : 44 <-- 21.242668 s
currentSize : 46 <-- 33.115578 s
currentSize : 47 <-- 33.118187 s
currentSize : 48 <-- 48.472832 s
currentSize : 49 <-- 73.947281 s

maxsize : 49
nodes : 16219319.000000
filtered : 109181478.000000
time : 84.000511
