Parameters: GAD=1 vflib=1 dir=1 label=1 lowerbound=1 fileNameGp=../../cp2016-max-common-connected-subgraph-paper/datasets/graphsdb/mcs70/bvg/b06m/mcs70_b06m_s80.A09 fileNameGt=../../cp2016-max-common-connected-subgraph-paper/datasets/graphsdb/mcs70/bvg/b06m/mcs70_b06m_s80.B09
Reading graphs...
80 : 240
80 : 240
Initializing...
maxdom : 8
D->valSize : 447
Solving...
Blb : 2 (clique : 47)
currentSize : 47 <-- 0.007237 s
currentSize : 48 <-- 0.008283 s
currentSize : 49 <-- 0.813920 s
currentSize : 52 <-- 22.872555 s
currentSize : 55 <-- 22.872690 s
currentSize : 56 <-- 23.187284 s

maxsize : 56
nodes : 6981941.000000
filtered : 28668444.000000
time : 31.047825
