Parameters: GAD=1 vflib=1 dir=1 label=1 lowerbound=1 fileNameGp=../../cp2016-max-common-connected-subgraph-paper/datasets/graphsdb/mcs70/rand/r001/mcs70_r001_s100.A05 fileNameGt=../../cp2016-max-common-connected-subgraph-paper/datasets/graphsdb/mcs70/rand/r001/mcs70_r001_s100.B05
Reading graphs...
100 : 120
100 : 120
Initializing...
maxdom : 6
D->valSize : 376
Solving...
Blb : 3 (clique : 57)
currentSize : 57 <-- 0.004164 s
currentSize : 58 <-- 0.048899 s
currentSize : 59 <-- 0.089964 s
currentSize : 60 <-- 0.119227 s
currentSize : 61 <-- 0.119486 s
currentSize : 62 <-- 0.119624 s
currentSize : 63 <-- 0.416017 s
currentSize : 64 <-- 0.416082 s
currentSize : 65 <-- 3.407429 s
currentSize : 66 <-- 16.404512 s
currentSize : 68 <-- 16.538931 s
currentSize : 69 <-- 17.451506 s
currentSize : 70 <-- 22.363632 s
currentSize : 71 <-- 125.219093 s

maxsize : 71
nodes : 42633407.000000
filtered : 146844438.000000
time : 238.529022
