Parameters: GAD=1 vflib=1 dir=1 label=1 lowerbound=1 fileNameGp=../../cp2016-max-common-connected-subgraph-paper/datasets/graphsdb/mcs70/bvg/b03/mcs70_b03_s100.A08 fileNameGt=../../cp2016-max-common-connected-subgraph-paper/datasets/graphsdb/mcs70/bvg/b03/mcs70_b03_s100.B08
Reading graphs...
100 : 150
100 : 150
Initializing...
maxdom : 8
D->valSize : 377
Solving...
Blb : 2 (clique : 47)
currentSize : 47 <-- 0.004119 s
currentSize : 48 <-- 0.004583 s
currentSize : 49 <-- 0.004963 s
currentSize : 50 <-- 0.007475 s
currentSize : 51 <-- 0.087297 s
currentSize : 52 <-- 4.411044 s
currentSize : 53 <-- 4.701587 s
currentSize : 54 <-- 47.631786 s
currentSize : 55 <-- 47.631920 s
currentSize : 56 <-- 98.874908 s
currentSize : 57 <-- 98.875862 s
currentSize : 58 <-- 213.862457 s
currentSize : 59 <-- 213.862976 s
currentSize : 60 <-- 343.667694 s
currentSize : 61 <-- 346.709076 s
currentSize : 62 <-- 346.709595 s
currentSize : 63 <-- 518.510925 s
currentSize : 64 <-- 599.557251 s
currentSize : 65 <-- 602.572937 s
currentSize : 66 <-- 602.573120 s
currentSize : 67 <-- 957.152466 s

TIMEOUT
maxsize : 67
nodes : 211802360.000000
filtered : 618938708.000000
time : 1000.000122
