Parameters: GAD=1 vflib=1 dir=1 label=1 lowerbound=1 fileNameGp=../../cp2016-max-common-connected-subgraph-paper/datasets/graphsdb/mcs70/m2D/m2D/mcs70_m2D_s80.A04 fileNameGt=../../cp2016-max-common-connected-subgraph-paper/datasets/graphsdb/mcs70/m2D/m2D/mcs70_m2D_s80.B04
Reading graphs...
80 : 142
80 : 142
Initializing...
maxdom : 10
D->valSize : 445
Solving...
Blb : 2 (clique : 38)
currentSize : 38 <-- 0.004366 s
currentSize : 39 <-- 0.004678 s
currentSize : 40 <-- 0.023632 s
currentSize : 41 <-- 0.023848 s
currentSize : 42 <-- 0.424886 s
currentSize : 43 <-- 82.052841 s
currentSize : 44 <-- 89.233170 s
currentSize : 46 <-- 126.246330 s
currentSize : 47 <-- 126.246445 s
currentSize : 48 <-- 291.280731 s
currentSize : 49 <-- 291.281189 s
currentSize : 50 <-- 311.966431 s

maxsize : 50
nodes : 97262448.000000
filtered : 470178418.000000
time : 447.323181
