Parameters: GAD=1 vflib=1 dir=1 label=1 lowerbound=1 fileNameGp=../../cp2016-max-common-connected-subgraph-paper/datasets/graphsdb/mcs70/rand/r005/mcs70_r005_s40.A03 fileNameGt=../../cp2016-max-common-connected-subgraph-paper/datasets/graphsdb/mcs70/rand/r005/mcs70_r005_s40.B03
Reading graphs...
40 : 77
40 : 77
Initializing...
maxdom : 7
D->valSize : 217
Solving...
Blb : 2 (clique : 16)
currentSize : 16 <-- 0.001180 s
currentSize : 17 <-- 0.001295 s
currentSize : 18 <-- 0.001415 s
currentSize : 19 <-- 0.001525 s
currentSize : 20 <-- 0.001619 s
currentSize : 21 <-- 0.001631 s
currentSize : 22 <-- 0.001683 s
currentSize : 24 <-- 0.015452 s
currentSize : 28 <-- 0.015519 s

maxsize : 28
nodes : 4259.000000
filtered : 41868.000000
time : 0.018767
