Parameters: GAD=1 vflib=1 dir=1 label=1 lowerbound=1 fileNameGp=../../cp2016-max-common-connected-subgraph-paper/datasets/graphsdb/mcs70/bvg/b03m/mcs70_b03m_s90.A04 fileNameGt=../../cp2016-max-common-connected-subgraph-paper/datasets/graphsdb/mcs70/bvg/b03m/mcs70_b03m_s90.B04
Reading graphs...
90 : 135
90 : 135
Initializing...
maxdom : 12
D->valSize : 553
Solving...
Blb : 2 (clique : 44)
currentSize : 44 <-- 0.011105 s
currentSize : 45 <-- 0.011694 s
currentSize : 46 <-- 0.068439 s
currentSize : 47 <-- 0.210656 s
currentSize : 48 <-- 0.376102 s
currentSize : 49 <-- 0.682849 s
currentSize : 50 <-- 0.688352 s
currentSize : 51 <-- 0.746653 s
currentSize : 52 <-- 16.822226 s

TIMEOUT
maxsize : 52
nodes : 199246726.000000
filtered : 1173066084.000000
time : 1000.000061
