Parameters: GAD=1 vflib=1 dir=1 label=1 lowerbound=1 fileNameGp=../../cp2016-max-common-connected-subgraph-paper/datasets/graphsdb/mcs70/bvg/b06m/mcs70_b06m_s80.A06 fileNameGt=../../cp2016-max-common-connected-subgraph-paper/datasets/graphsdb/mcs70/bvg/b06m/mcs70_b06m_s80.B06
Reading graphs...
80 : 240
80 : 240
Initializing...
maxdom : 9
D->valSize : 440
Solving...
Blb : 2 (clique : 35)
currentSize : 35 <-- 0.004178 s
currentSize : 36 <-- 0.049749 s
currentSize : 37 <-- 0.086075 s
currentSize : 38 <-- 0.164365 s
currentSize : 39 <-- 0.790967 s
currentSize : 40 <-- 0.791077 s
currentSize : 42 <-- 1.827177 s
currentSize : 43 <-- 1.827324 s
currentSize : 46 <-- 2.362757 s
currentSize : 48 <-- 2.362840 s
currentSize : 49 <-- 107.362526 s
currentSize : 50 <-- 107.362663 s
currentSize : 53 <-- 107.607895 s
currentSize : 54 <-- 107.608032 s
currentSize : 55 <-- 107.609184 s
currentSize : 56 <-- 107.609322 s

maxsize : 56
nodes : 27238616.000000
filtered : 140805678.000000
time : 127.657631
