Parameters: GAD=1 vflib=1 dir=1 label=1 lowerbound=1 fileNameGp=../../cp2016-max-common-connected-subgraph-paper/datasets/graphsdb/mcs70/bvg/b06/mcs70_b06_s90.A09 fileNameGt=../../cp2016-max-common-connected-subgraph-paper/datasets/graphsdb/mcs70/bvg/b06/mcs70_b06_s90.B09
Reading graphs...
90 : 270
90 : 270
Initializing...
maxdom : 10
D->valSize : 559
Solving...
Blb : 2 (clique : 53)
currentSize : 53 <-- 0.006624 s
currentSize : 54 <-- 0.007063 s
currentSize : 55 <-- 0.008695 s
currentSize : 56 <-- 0.008878 s
currentSize : 57 <-- 0.012400 s
currentSize : 59 <-- 0.013571 s
currentSize : 60 <-- 0.020373 s
currentSize : 62 <-- 0.020550 s
currentSize : 63 <-- 0.616645 s

maxsize : 63
nodes : 13338674.000000
filtered : 104189174.000000
time : 77.142548
