Parameters: GAD=1 vflib=1 dir=1 label=1 lowerbound=1 fileNameGp=../../cp2016-max-common-connected-subgraph-paper/datasets/graphsdb/mcs70/m2D/m2Dr6/mcs70_m2Dr6_s80.A09 fileNameGt=../../cp2016-max-common-connected-subgraph-paper/datasets/graphsdb/mcs70/m2D/m2Dr6/mcs70_m2Dr6_s80.B09
Reading graphs...
80 : 190
80 : 189
Initializing...
maxdom : 9
D->valSize : 441
Solving...
Blb : 2 (clique : 45)
currentSize : 45 <-- 0.004461 s
currentSize : 46 <-- 0.004826 s
currentSize : 47 <-- 0.010556 s
currentSize : 48 <-- 0.010689 s
currentSize : 49 <-- 0.016430 s

maxsize : 49
nodes : 190541113.000000
filtered : 915122340.000000
time : 873.364075
