Parameters: GAD=1 vflib=1 dir=1 label=1 lowerbound=1 fileNameGp=../../cp2016-max-common-connected-subgraph-paper/datasets/graphsdb/mcs70/m2D/m2D/mcs70_m2D_s90.A08 fileNameGt=../../cp2016-max-common-connected-subgraph-paper/datasets/graphsdb/mcs70/m2D/m2D/mcs70_m2D_s90.B08
Reading graphs...
90 : 161
90 : 161
Initializing...
maxdom : 9
D->valSize : 575
Solving...
Blb : 2 (clique : 52)
currentSize : 52 <-- 0.007126 s
currentSize : 53 <-- 0.007684 s
currentSize : 55 <-- 0.007795 s
currentSize : 56 <-- 0.008061 s
currentSize : 57 <-- 0.008294 s
currentSize : 58 <-- 0.018694 s
currentSize : 60 <-- 0.018856 s
currentSize : 62 <-- 0.096759 s
currentSize : 63 <-- 0.097343 s
currentSize : 64 <-- 2.791725 s

maxsize : 64
nodes : 17454207.000000
filtered : 128799398.000000
time : 112.387665
