Parameters: GAD=1 vflib=1 dir=1 label=1 lowerbound=1 fileNameGp=../../cp2016-max-common-connected-subgraph-paper/datasets/graphsdb/mcs70/bvg/b06/mcs70_b06_s80.A02 fileNameGt=../../cp2016-max-common-connected-subgraph-paper/datasets/graphsdb/mcs70/bvg/b06/mcs70_b06_s80.B02
Reading graphs...
80 : 240
80 : 240
Initializing...
maxdom : 8
D->valSize : 443
Solving...
Blb : 2 (clique : 39)
currentSize : 39 <-- 0.004442 s
currentSize : 43 <-- 0.004694 s
currentSize : 44 <-- 0.004971 s
currentSize : 45 <-- 0.005234 s
currentSize : 46 <-- 0.005566 s
currentSize : 49 <-- 0.012419 s
currentSize : 50 <-- 0.012594 s
currentSize : 51 <-- 0.012806 s
currentSize : 53 <-- 2.217381 s
currentSize : 54 <-- 2.217597 s
currentSize : 55 <-- 2.217849 s
currentSize : 56 <-- 4.238213 s

maxsize : 56
nodes : 1618500.000000
filtered : 13137042.000000
time : 8.696247
