Parameters: GAD=1 vflib=1 dir=1 label=1 lowerbound=1 fileNameGp=../../cp2016-max-common-connected-subgraph-paper/datasets/graphsdb/mcs70/bvg/b06/mcs70_b06_s100.A05 fileNameGt=../../cp2016-max-common-connected-subgraph-paper/datasets/graphsdb/mcs70/bvg/b06/mcs70_b06_s100.B05
Reading graphs...
100 : 300
100 : 300
Initializing...
maxdom : 6
D->valSize : 357
Solving...
Blb : 3 (clique : 55)
currentSize : 55 <-- 0.006116 s
currentSize : 56 <-- 20.032175 s
currentSize : 58 <-- 34.622017 s
currentSize : 59 <-- 34.752151 s
currentSize : 60 <-- 34.752880 s
currentSize : 61 <-- 34.930538 s
currentSize : 63 <-- 43.181412 s
currentSize : 64 <-- 43.181919 s
currentSize : 66 <-- 60.140465 s
currentSize : 67 <-- 60.140953 s
currentSize : 68 <-- 82.943382 s
currentSize : 69 <-- 83.876549 s
currentSize : 70 <-- 83.878036 s

maxsize : 70
nodes : 15752771.000000
filtered : 87938251.000000
time : 92.147453
