Parameters: GAD=1 vflib=1 dir=1 label=1 lowerbound=1 fileNameGp=../../cp2016-max-common-connected-subgraph-paper/datasets/graphsdb/mcs70/m2D/m2Dr4/mcs70_m2Dr4_s80.A06 fileNameGt=../../cp2016-max-common-connected-subgraph-paper/datasets/graphsdb/mcs70/m2D/m2Dr4/mcs70_m2Dr4_s80.B06
Reading graphs...
80 : 174
80 : 172
Initializing...
maxdom : 8
D->valSize : 424
Solving...
Blb : 2 (clique : 45)
currentSize : 45 <-- 0.006863 s
currentSize : 46 <-- 0.007688 s
currentSize : 47 <-- 0.071895 s
currentSize : 48 <-- 288.948975 s
currentSize : 49 <-- 375.178955 s
currentSize : 50 <-- 375.208893 s

maxsize : 50
nodes : 93497293.000000
filtered : 624011890.000000
time : 485.477417
