Parameters: GAD=1 vflib=1 dir=1 label=1 lowerbound=1 fileNameGp=../../cp2016-max-common-connected-subgraph-paper/datasets/graphsdb/mcs70/m2D/m2Dr2/mcs70_m2Dr2_s40.A05 fileNameGt=../../cp2016-max-common-connected-subgraph-paper/datasets/graphsdb/mcs70/m2D/m2Dr2/mcs70_m2Dr2_s40.B05
Reading graphs...
40 : 74
40 : 74
Initializing...
maxdom : 11
D->valSize : 225
Solving...
Blb : 2 (clique : 18)
currentSize : 18 <-- 0.001254 s
currentSize : 19 <-- 0.032745 s
currentSize : 20 <-- 0.371591 s
currentSize : 21 <-- 0.427773 s
currentSize : 22 <-- 0.427847 s
currentSize : 23 <-- 0.518699 s
currentSize : 24 <-- 0.709169 s
currentSize : 26 <-- 0.709218 s

maxsize : 26
nodes : 186532.000000
filtered : 1867640.000000
time : 0.736580
