Parameters: GAD=1 vflib=1 dir=1 label=1 lowerbound=1 fileNameGp=../../cp2016-max-common-connected-subgraph-paper/datasets/graphsdb/mcs70/bvg/b06m/mcs70_b06m_s60.A03 fileNameGt=../../cp2016-max-common-connected-subgraph-paper/datasets/graphsdb/mcs70/bvg/b06m/mcs70_b06m_s60.B03
Reading graphs...
60 : 180
60 : 180
Initializing...
maxdom : 6
D->valSize : 253
Solving...
Blb : 2 (clique : 27)
currentSize : 27 <-- 0.001727 s
currentSize : 30 <-- 0.001872 s
currentSize : 31 <-- 0.002139 s
currentSize : 32 <-- 0.002330 s
currentSize : 33 <-- 0.011251 s
currentSize : 34 <-- 0.011515 s
currentSize : 36 <-- 0.011681 s
currentSize : 39 <-- 0.011770 s
currentSize : 40 <-- 0.012100 s
currentSize : 41 <-- 0.026987 s
currentSize : 42 <-- 0.027365 s

maxsize : 42
nodes : 20401.000000
filtered : 94127.000000
time : 0.082948
