Parameters: GAD=1 vflib=1 dir=1 label=1 lowerbound=1 fileNameGp=../../cp2016-max-common-connected-subgraph-paper/datasets/graphsdb/mcs70/rand/r005/mcs70_r005_s35.A08 fileNameGt=../../cp2016-max-common-connected-subgraph-paper/datasets/graphsdb/mcs70/rand/r005/mcs70_r005_s35.B08
Reading graphs...
35 : 58
35 : 58
Initializing...
maxdom : 6
D->valSize : 165
Solving...
Blb : 2 (clique : 16)
currentSize : 16 <-- 0.000877 s
currentSize : 17 <-- 0.000962 s
currentSize : 18 <-- 0.001029 s
currentSize : 19 <-- 0.001133 s
currentSize : 20 <-- 0.001813 s
currentSize : 21 <-- 0.003510 s
currentSize : 22 <-- 0.005965 s
currentSize : 23 <-- 0.007614 s
currentSize : 24 <-- 0.007799 s

maxsize : 24
nodes : 3580.000000
filtered : 27403.000000
time : 0.013769
