Parameters: GAD=1 vflib=1 dir=1 label=1 lowerbound=1 fileNameGp=../../cp2016-max-common-connected-subgraph-paper/datasets/graphsdb/mcs70/bvg/b03m/mcs70_b03m_s60.A03 fileNameGt=../../cp2016-max-common-connected-subgraph-paper/datasets/graphsdb/mcs70/bvg/b03m/mcs70_b03m_s60.B03
Reading graphs...
60 : 90
60 : 90
Initializing...
maxdom : 7
D->valSize : 250
Solving...
Blb : 2 (clique : 29)
currentSize : 29 <-- 0.001838 s
currentSize : 30 <-- 0.002055 s
currentSize : 31 <-- 0.003400 s
currentSize : 32 <-- 0.003500 s
currentSize : 33 <-- 0.004943 s
currentSize : 34 <-- 0.028087 s
currentSize : 35 <-- 0.053358 s
currentSize : 36 <-- 0.103862 s
currentSize : 37 <-- 0.105986 s
currentSize : 42 <-- 0.196149 s

maxsize : 42
nodes : 139674.000000
filtered : 479144.000000
time : 0.611146
