Parameters: GAD=1 vflib=1 dir=1 label=1 lowerbound=1 fileNameGp=../../cp2016-max-common-connected-subgraph-paper/datasets/graphsdb/mcs70/rand/r005/mcs70_r005_s90.A09 fileNameGt=../../cp2016-max-common-connected-subgraph-paper/datasets/graphsdb/mcs70/rand/r005/mcs70_r005_s90.B09
Reading graphs...
90 : 399
90 : 399
Initializing...
maxdom : 9
D->valSize : 531
Solving...
Blb : 2 (clique : 33)
currentSize : 33 <-- 0.005835 s
currentSize : 38 <-- 0.006483 s
currentSize : 39 <-- 0.007939 s
currentSize : 41 <-- 0.008363 s
currentSize : 44 <-- 0.008637 s
currentSize : 45 <-- 0.012112 s
currentSize : 52 <-- 0.012402 s
currentSize : 57 <-- 0.014074 s
currentSize : 63 <-- 0.015039 s

maxsize : 63
nodes : 88265.000000
filtered : 1098137.000000
time : 0.591282
