Parameters: GAD=1 vflib=1 dir=1 label=1 lowerbound=1 fileNameGp=../../cp2016-max-common-connected-subgraph-paper/datasets/graphsdb/mcs70/m2D/m2Dr4/mcs70_m2Dr4_s100.A01 fileNameGt=../../cp2016-max-common-connected-subgraph-paper/datasets/graphsdb/mcs70/m2D/m2Dr4/mcs70_m2Dr4_s100.B01
Reading graphs...
100 : 220
100 : 220
Initializing...
maxdom : 7
D->valSize : 375
Solving...
Blb : 2 (clique : 41)
currentSize : 41 <-- 0.004148 s
currentSize : 42 <-- 0.004492 s
currentSize : 43 <-- 0.008635 s
currentSize : 45 <-- 0.024609 s
currentSize : 47 <-- 0.140055 s
currentSize : 49 <-- 0.314263 s
currentSize : 51 <-- 0.317373 s
currentSize : 52 <-- 6.601579 s
currentSize : 54 <-- 6.602148 s
currentSize : 55 <-- 6.612411 s
currentSize : 57 <-- 6.663907 s
currentSize : 59 <-- 6.665527 s
currentSize : 60 <-- 6.707720 s
currentSize : 62 <-- 83.409027 s
currentSize : 63 <-- 83.431374 s
currentSize : 64 <-- 504.686462 s

maxsize : 64
nodes : 185012219.000000
filtered : 787860831.000000
time : 992.398499
