Parameters: GAD=1 vflib=1 dir=1 label=1 lowerbound=1 fileNameGp=../../cp2016-max-common-connected-subgraph-paper/datasets/graphsdb/mcs70/m2D/m2Dr4/mcs70_m2Dr4_s70.A04 fileNameGt=../../cp2016-max-common-connected-subgraph-paper/datasets/graphsdb/mcs70/m2D/m2Dr4/mcs70_m2Dr4_s70.B04
Reading graphs...
70 : 151
70 : 151
Initializing...
maxdom : 7
D->valSize : 335
Solving...
Blb : 3 (clique : 30)
currentSize : 30 <-- 0.002741 s
currentSize : 31 <-- 0.002955 s
currentSize : 33 <-- 0.003030 s
currentSize : 36 <-- 0.004519 s
currentSize : 38 <-- 0.009747 s
currentSize : 39 <-- 0.010246 s
currentSize : 40 <-- 0.014602 s
currentSize : 41 <-- 0.053976 s
currentSize : 42 <-- 0.063904 s
currentSize : 43 <-- 0.072202 s
currentSize : 44 <-- 6.264505 s
currentSize : 47 <-- 6.266486 s
currentSize : 49 <-- 6.266652 s

maxsize : 49
nodes : 1680482.000000
filtered : 8460218.000000
time : 7.622666
