Parameters: GAD=1 vflib=1 dir=1 label=1 lowerbound=1 fileNameGp=../../cp2016-max-common-connected-subgraph-paper/datasets/graphsdb/mcs70/bvg/b06/mcs70_b06_s90.A03 fileNameGt=../../cp2016-max-common-connected-subgraph-paper/datasets/graphsdb/mcs70/bvg/b06/mcs70_b06_s90.B03
Reading graphs...
90 : 270
90 : 270
Initializing...
maxdom : 14
D->valSize : 604
Solving...
Blb : 3 (clique : 49)
currentSize : 49 <-- 0.007437 s
currentSize : 50 <-- 0.017076 s
currentSize : 51 <-- 0.027627 s
currentSize : 52 <-- 0.028006 s
currentSize : 56 <-- 0.028156 s
currentSize : 63 <-- 0.061682 s

maxsize : 63
nodes : 11440977.000000
filtered : 131197168.000000
time : 71.898880
