Parameters: GAD=1 vflib=1 dir=1 label=1 lowerbound=1 fileNameGp=../../cp2016-max-common-connected-subgraph-paper/datasets/graphsdb/mcs70/m2D/m2Dr2/mcs70_m2Dr2_s100.A04 fileNameGt=../../cp2016-max-common-connected-subgraph-paper/datasets/graphsdb/mcs70/m2D/m2Dr2/mcs70_m2Dr2_s100.B04
Reading graphs...
100 : 200
100 : 199
Initializing...
maxdom : 7
D->valSize : 386
Solving...
Blb : 2 (clique : 44)
currentSize : 44 <-- 0.006906 s
currentSize : 46 <-- 0.009337 s
currentSize : 47 <-- 0.009490 s
currentSize : 48 <-- 0.595342 s
currentSize : 49 <-- 0.595618 s
currentSize : 51 <-- 1.206249 s
currentSize : 53 <-- 1.409785 s
currentSize : 54 <-- 1.410149 s
currentSize : 55 <-- 29.319717 s
currentSize : 57 <-- 30.388945 s
currentSize : 58 <-- 30.389317 s
currentSize : 59 <-- 46.911682 s
currentSize : 60 <-- 46.912048 s
currentSize : 62 <-- 74.319283 s
currentSize : 63 <-- 74.319687 s
currentSize : 64 <-- 104.728401 s
currentSize : 65 <-- 104.728813 s

maxsize : 65
nodes : 25764000.000000
filtered : 99774172.000000
time : 132.075912
