Parameters: GAD=1 vflib=1 dir=1 label=1 lowerbound=1 fileNameGp=../../cp2016-max-common-connected-subgraph-paper/datasets/graphsdb/mcs70/rand/r01/mcs70_r01_s100.A00 fileNameGt=../../cp2016-max-common-connected-subgraph-paper/datasets/graphsdb/mcs70/rand/r01/mcs70_r01_s100.B00
Reading graphs...
100 : 989
100 : 989
Initializing...
maxdom : 6
D->valSize : 397
Solving...
Blb : 2 (clique : 15)
currentSize : 15 <-- 0.003672 s
currentSize : 17 <-- 0.004625 s
currentSize : 19 <-- 0.004679 s
currentSize : 21 <-- 0.008426 s
currentSize : 24 <-- 0.008527 s
currentSize : 26 <-- 0.009411 s
currentSize : 29 <-- 0.009552 s
currentSize : 31 <-- 0.031662 s
currentSize : 35 <-- 0.051523 s
currentSize : 43 <-- 0.063942 s
currentSize : 50 <-- 0.077586 s
currentSize : 53 <-- 0.093708 s
currentSize : 55 <-- 0.094513 s
currentSize : 70 <-- 0.094958 s

maxsize : 70
nodes : 15284.000000
filtered : 183607.000000
time : 0.107532
