Parameters: GAD=1 vflib=1 dir=1 label=1 lowerbound=1 fileNameGp=../../cp2016-max-common-connected-subgraph-paper/datasets/graphsdb/mcs70/rand/r005/mcs70_r005_s90.A03 fileNameGt=../../cp2016-max-common-connected-subgraph-paper/datasets/graphsdb/mcs70/rand/r005/mcs70_r005_s90.B03
Reading graphs...
90 : 399
90 : 399
Initializing...
maxdom : 12
D->valSize : 625
Solving...
Blb : 2 (clique : 34)
currentSize : 34 <-- 0.012594 s
currentSize : 35 <-- 0.013101 s
currentSize : 36 <-- 0.013354 s
currentSize : 37 <-- 0.013644 s
currentSize : 38 <-- 0.013992 s
currentSize : 40 <-- 0.014831 s
currentSize : 41 <-- 0.015247 s
currentSize : 42 <-- 0.016116 s
currentSize : 46 <-- 0.016361 s
currentSize : 47 <-- 0.017019 s
currentSize : 48 <-- 0.402963 s
currentSize : 50 <-- 0.658433 s
currentSize : 54 <-- 2.007491 s
currentSize : 60 <-- 2.007756 s
currentSize : 63 <-- 2.096757 s

maxsize : 63
nodes : 427036.000000
filtered : 6460701.000000
time : 3.177419
