Parameters: GAD=1 vflib=1 dir=1 label=1 lowerbound=1 fileNameGp=../../cp2016-max-common-connected-subgraph-paper/datasets/graphsdb/mcs70/m2D/m2Dr6/mcs70_m2Dr6_s70.A04 fileNameGt=../../cp2016-max-common-connected-subgraph-paper/datasets/graphsdb/mcs70/m2D/m2Dr6/mcs70_m2Dr6_s70.B04
Reading graphs...
70 : 165
70 : 163
Initializing...
maxdom : 9
D->valSize : 344
Solving...
Blb : 2 (clique : 33)
currentSize : 33 <-- 0.002812 s
currentSize : 35 <-- 0.004483 s
currentSize : 36 <-- 0.004617 s
currentSize : 37 <-- 0.004813 s
currentSize : 38 <-- 0.008670 s
currentSize : 40 <-- 0.009102 s
currentSize : 41 <-- 0.009275 s
currentSize : 44 <-- 0.014825 s
currentSize : 45 <-- 0.015023 s
currentSize : 46 <-- 0.015762 s
currentSize : 49 <-- 0.015891 s

maxsize : 49
nodes : 879064.000000
filtered : 5089890.000000
time : 4.067449
