Parameters: GAD=1 vflib=1 dir=1 label=1 lowerbound=1 fileNameGp=../../cp2016-max-common-connected-subgraph-paper/datasets/graphsdb/mcs70/m3D/m3Dr2/mcs70_m3Dr2_s90.A01 fileNameGt=../../cp2016-max-common-connected-subgraph-paper/datasets/graphsdb/mcs70/m3D/m3Dr2/mcs70_m3Dr2_s90.B01
Reading graphs...
90 : 227
90 : 227
Initializing...
maxdom : 10
D->valSize : 565
Solving...
Blb : 2 (clique : 54)
currentSize : 54 <-- 0.006684 s
currentSize : 56 <-- 0.007326 s
currentSize : 59 <-- 0.007661 s
currentSize : 61 <-- 0.007855 s
currentSize : 62 <-- 0.009433 s
currentSize : 64 <-- 0.009635 s

maxsize : 64
nodes : 5410314.000000
filtered : 42988479.000000
time : 32.111073
