Parameters: GAD=1 vflib=1 dir=1 label=1 lowerbound=1 fileNameGp=../../cp2016-max-common-connected-subgraph-paper/datasets/graphsdb/mcs70/bvg/b09/mcs70_b09_s50.A06 fileNameGt=../../cp2016-max-common-connected-subgraph-paper/datasets/graphsdb/mcs70/bvg/b09/mcs70_b09_s50.B06
Reading graphs...
50 : 225
50 : 225
Initializing...
maxdom : 9
D->valSize : 362
Solving...
Blb : 2 (clique : 23)
currentSize : 23 <-- 0.002546 s
currentSize : 24 <-- 0.003175 s
currentSize : 25 <-- 0.003260 s
currentSize : 26 <-- 0.027529 s
currentSize : 28 <-- 0.038246 s
currentSize : 29 <-- 0.049321 s
currentSize : 31 <-- 0.063107 s
currentSize : 34 <-- 0.069776 s

maxsize : 34
nodes : 15365.000000
filtered : 267484.000000
time : 0.076362
