Parameters: GAD=1 vflib=1 dir=1 label=1 lowerbound=1 fileNameGp=../../cp2016-max-common-connected-subgraph-paper/datasets/graphsdb/mcs70/bvg/b03m/mcs70_b03m_s60.A07 fileNameGt=../../cp2016-max-common-connected-subgraph-paper/datasets/graphsdb/mcs70/bvg/b03m/mcs70_b03m_s60.B07
Reading graphs...
60 : 90
60 : 90
Initializing...
maxdom : 8
D->valSize : 285
Solving...
Blb : 2 (clique : 30)
currentSize : 30 <-- 0.002121 s
currentSize : 31 <-- 0.005576 s
currentSize : 32 <-- 0.005984 s
currentSize : 35 <-- 0.008134 s
currentSize : 36 <-- 0.475663 s
currentSize : 37 <-- 0.557315 s
currentSize : 38 <-- 0.894825 s
currentSize : 39 <-- 0.997934 s
currentSize : 40 <-- 1.283387 s
currentSize : 41 <-- 1.286603 s
currentSize : 42 <-- 1.287832 s

maxsize : 42
nodes : 341088.000000
filtered : 2366932.000000
time : 1.677676
