Parameters: GAD=1 vflib=1 dir=1 label=1 lowerbound=1 fileNameGp=../../cp2016-max-common-connected-subgraph-paper/datasets/graphsdb/mcs70/m3D/m3Dr6/mcs70_m3Dr6_s100.A00 fileNameGt=../../cp2016-max-common-connected-subgraph-paper/datasets/graphsdb/mcs70/m3D/m3Dr6/mcs70_m3Dr6_s100.B00
Reading graphs...
100 : 295
100 : 294
Initializing...
maxdom : 7
D->valSize : 398
Solving...
Blb : 2 (clique : 41)
currentSize : 41 <-- 0.006875 s
currentSize : 44 <-- 0.007331 s
currentSize : 45 <-- 0.007937 s
currentSize : 46 <-- 0.008687 s
currentSize : 47 <-- 0.019779 s
currentSize : 48 <-- 0.020711 s
currentSize : 49 <-- 0.028262 s
currentSize : 51 <-- 0.028693 s
currentSize : 54 <-- 0.499781 s
currentSize : 55 <-- 1.580885 s
currentSize : 58 <-- 2.164732 s
currentSize : 60 <-- 3.517734 s
currentSize : 61 <-- 3.519601 s
currentSize : 65 <-- 3.520026 s

maxsize : 65
nodes : 45684359.000000
filtered : 216505194.000000
time : 251.934692
