Parameters: GAD=1 vflib=1 dir=1 label=1 lowerbound=1 fileNameGp=../../cp2016-max-common-connected-subgraph-paper/datasets/graphsdb/mcs70/m3D/m3D/mcs70_m3D_s90.A05 fileNameGt=../../cp2016-max-common-connected-subgraph-paper/datasets/graphsdb/mcs70/m3D/m3D/mcs70_m3D_s90.B05
Reading graphs...
90 : 209
90 : 209
Initializing...
maxdom : 10
D->valSize : 583
Solving...
Blb : 2 (clique : 40)
currentSize : 40 <-- 0.011824 s
currentSize : 41 <-- 1.414998 s
currentSize : 42 <-- 1.415096 s
currentSize : 43 <-- 1.638392 s
currentSize : 44 <-- 8.102502 s
currentSize : 45 <-- 11.430462 s
currentSize : 46 <-- 11.430684 s
currentSize : 47 <-- 26.847078 s
currentSize : 49 <-- 26.847151 s
currentSize : 50 <-- 38.220482 s
currentSize : 51 <-- 46.147999 s
currentSize : 52 <-- 58.950359 s
currentSize : 53 <-- 66.755096 s
currentSize : 54 <-- 79.683319 s
currentSize : 56 <-- 79.683746 s
currentSize : 57 <-- 97.264618 s
currentSize : 59 <-- 120.243523 s
currentSize : 62 <-- 136.171036 s
currentSize : 63 <-- 216.339767 s
currentSize : 65 <-- 271.553741 s

maxsize : 65
nodes : 80613524.000000
filtered : 407044918.000000
time : 400.027100
