Parameters: GAD=1 vflib=1 dir=1 label=1 lowerbound=1 fileNameGp=../../cp2016-max-common-connected-subgraph-paper/datasets/graphsdb/mcs70/bvg/b06/mcs70_b06_s90.A02 fileNameGt=../../cp2016-max-common-connected-subgraph-paper/datasets/graphsdb/mcs70/bvg/b06/mcs70_b06_s90.B02
Reading graphs...
90 : 270
90 : 270
Initializing...
maxdom : 11
D->valSize : 571
Solving...
Blb : 3 (clique : 36)
currentSize : 36 <-- 0.006873 s
currentSize : 37 <-- 0.017614 s
currentSize : 39 <-- 0.017842 s
currentSize : 40 <-- 0.019014 s
currentSize : 41 <-- 0.019510 s
currentSize : 42 <-- 0.064714 s
currentSize : 44 <-- 0.067616 s
currentSize : 45 <-- 0.069026 s
currentSize : 46 <-- 0.582369 s
currentSize : 47 <-- 0.582611 s
currentSize : 48 <-- 0.585330 s
currentSize : 49 <-- 1.530807 s
currentSize : 51 <-- 27.004004 s
currentSize : 52 <-- 27.005581 s
currentSize : 55 <-- 27.033468 s
currentSize : 56 <-- 27.034159 s
currentSize : 61 <-- 35.254204 s
currentSize : 63 <-- 35.254337 s

maxsize : 63
nodes : 11742241.000000
filtered : 68622764.000000
time : 60.153381
