Parameters: GAD=1 vflib=1 dir=1 label=1 lowerbound=1 fileNameGp=../../cp2016-max-common-connected-subgraph-paper/datasets/graphsdb/mcs70/m3D/m3D/mcs70_m3D_s100.A02 fileNameGt=../../cp2016-max-common-connected-subgraph-paper/datasets/graphsdb/mcs70/m3D/m3D/mcs70_m3D_s100.B02
Reading graphs...
100 : 235
100 : 235
Initializing...
maxdom : 6
D->valSize : 357
Solving...
Blb : 2 (clique : 48)
currentSize : 48 <-- 0.006170 s
currentSize : 49 <-- 0.012877 s
currentSize : 50 <-- 0.037132 s
currentSize : 51 <-- 0.136009 s
currentSize : 52 <-- 0.136214 s
currentSize : 53 <-- 0.141495 s
currentSize : 54 <-- 2.599740 s
currentSize : 55 <-- 2.606485 s
currentSize : 56 <-- 2.606731 s
currentSize : 57 <-- 2.608666 s
currentSize : 59 <-- 2.630392 s
currentSize : 60 <-- 2.633240 s
currentSize : 61 <-- 91.420250 s
currentSize : 63 <-- 91.539215 s
currentSize : 64 <-- 91.560211 s

maxsize : 64
nodes : 52119401.000000
filtered : 207777739.000000
time : 284.541595
