Parameters: GAD=1 vflib=1 dir=1 label=1 lowerbound=1 fileNameGp=../../cp2016-max-common-connected-subgraph-paper/datasets/graphsdb/mcs70/m3D/m3Dr6/mcs70_m3Dr6_s90.A02 fileNameGt=../../cp2016-max-common-connected-subgraph-paper/datasets/graphsdb/mcs70/m3D/m3Dr6/mcs70_m3Dr6_s90.B02
Reading graphs...
90 : 263
90 : 261
Initializing...
maxdom : 13
D->valSize : 581
Solving...
Blb : 2 (clique : 40)
currentSize : 40 <-- 0.006879 s
currentSize : 43 <-- 0.007245 s
currentSize : 46 <-- 0.008629 s
currentSize : 49 <-- 0.008755 s
currentSize : 50 <-- 0.011394 s
currentSize : 53 <-- 0.011540 s
currentSize : 54 <-- 0.012068 s
currentSize : 61 <-- 0.028232 s
currentSize : 64 <-- 41.461910 s

maxsize : 64
nodes : 23433823.000000
filtered : 115982800.000000
time : 115.764458
