Parameters: GAD=1 vflib=1 dir=1 label=1 lowerbound=1 fileNameGp=../../cp2016-max-common-connected-subgraph-paper/datasets/graphsdb/mcs70/bvg/b03/mcs70_b03_s50.A00 fileNameGt=../../cp2016-max-common-connected-subgraph-paper/datasets/graphsdb/mcs70/bvg/b03/mcs70_b03_s50.B00
Reading graphs...
50 : 75
50 : 75
Initializing...
maxdom : 8
D->valSize : 310
Solving...
Blb : 2 (clique : 24)
currentSize : 24 <-- 0.003566 s
currentSize : 25 <-- 0.054591 s
currentSize : 26 <-- 0.054682 s
currentSize : 27 <-- 0.055863 s
currentSize : 28 <-- 1.347306 s
currentSize : 29 <-- 6.894226 s
currentSize : 30 <-- 12.574244 s
currentSize : 32 <-- 18.452364 s
currentSize : 34 <-- 29.410795 s

maxsize : 34
nodes : 7550656.000000
filtered : 78231158.000000
time : 32.466499
