Parameters: GAD=1 vflib=1 dir=1 label=1 lowerbound=1 fileNameGp=../../cp2016-max-common-connected-subgraph-paper/datasets/graphsdb/mcs70/m2D/m2Dr2/mcs70_m2Dr2_s100.A07 fileNameGt=../../cp2016-max-common-connected-subgraph-paper/datasets/graphsdb/mcs70/m2D/m2Dr2/mcs70_m2Dr2_s100.B07
Reading graphs...
100 : 200
100 : 200
Initializing...
maxdom : 6
D->valSize : 358
Solving...
Blb : 2 (clique : 40)
currentSize : 40 <-- 0.003615 s
currentSize : 41 <-- 0.278112 s
currentSize : 42 <-- 0.456680 s
currentSize : 43 <-- 0.456780 s
currentSize : 44 <-- 0.699595 s
currentSize : 45 <-- 0.717872 s
currentSize : 46 <-- 10.309448 s
currentSize : 47 <-- 10.309625 s
currentSize : 48 <-- 11.973561 s
currentSize : 49 <-- 827.664978 s
currentSize : 50 <-- 827.932495 s
currentSize : 51 <-- 835.798340 s
currentSize : 52 <-- 836.138367 s
currentSize : 53 <-- 852.092102 s
currentSize : 54 <-- 852.212708 s

TIMEOUT
maxsize : 54
nodes : 178548511.000000
filtered : 797387115.000000
time : 1000.000061
