Parameters: GAD=1 vflib=1 dir=1 label=1 lowerbound=1 fileNameGp=../../cp2016-max-common-connected-subgraph-paper/datasets/graphsdb/mcs70/m2D/m2Dr2/mcs70_m2Dr2_s60.A04 fileNameGt=../../cp2016-max-common-connected-subgraph-paper/datasets/graphsdb/mcs70/m2D/m2Dr2/mcs70_m2Dr2_s60.B04
Reading graphs...
60 : 116
60 : 116
Initializing...
maxdom : 7
D->valSize : 234
Solving...
Blb : 2 (clique : 23)
currentSize : 23 <-- 0.001699 s
currentSize : 24 <-- 0.012306 s
currentSize : 25 <-- 0.012445 s
currentSize : 26 <-- 0.016607 s
currentSize : 27 <-- 0.084517 s
currentSize : 28 <-- 0.092782 s
currentSize : 29 <-- 0.164471 s
currentSize : 30 <-- 0.353944 s
currentSize : 31 <-- 0.489386 s
currentSize : 32 <-- 0.962533 s
currentSize : 33 <-- 4.930604 s
currentSize : 34 <-- 4.943427 s
currentSize : 36 <-- 25.703753 s
currentSize : 37 <-- 25.706177 s

maxsize : 37
nodes : 7551766.000000
filtered : 29236530.000000
time : 29.841600
