Parameters: GAD=1 vflib=1 dir=1 label=1 lowerbound=1 fileNameGp=../../cp2016-max-common-connected-subgraph-paper/datasets/graphsdb/mcs70/bvg/b03m/mcs70_b03m_s90.A01 fileNameGt=../../cp2016-max-common-connected-subgraph-paper/datasets/graphsdb/mcs70/bvg/b03m/mcs70_b03m_s90.B01
Reading graphs...
90 : 135
90 : 135
Initializing...
maxdom : 8
D->valSize : 553
Solving...
Blb : 2 (clique : 57)
currentSize : 57 <-- 0.006556 s
currentSize : 58 <-- 0.010144 s
currentSize : 59 <-- 0.014649 s
currentSize : 60 <-- 0.017578 s
currentSize : 61 <-- 0.185913 s
currentSize : 62 <-- 0.186931 s

TIMEOUT
maxsize : 62
nodes : 194674903.000000
filtered : 972920575.000000
time : 1000.000061
