Parameters: GAD=1 vflib=1 dir=1 label=1 lowerbound=1 fileNameGp=../../cp2016-max-common-connected-subgraph-paper/datasets/graphsdb/mcs70/bvg/b03/mcs70_b03_s90.A04 fileNameGt=../../cp2016-max-common-connected-subgraph-paper/datasets/graphsdb/mcs70/bvg/b03/mcs70_b03_s90.B04
Reading graphs...
90 : 135
90 : 135
Initializing...
maxdom : 10
D->valSize : 577
Solving...
Blb : 2 (clique : 46)
currentSize : 46 <-- 0.007328 s
currentSize : 47 <-- 0.017709 s
currentSize : 48 <-- 0.022945 s
currentSize : 49 <-- 0.025962 s
currentSize : 50 <-- 0.030339 s
currentSize : 51 <-- 0.065983 s

TIMEOUT
maxsize : 51
nodes : 167549765.000000
filtered : 1439298276.000000
time : 1000.000061
