Parameters: GAD=1 vflib=1 dir=1 label=1 lowerbound=1 fileNameGp=../../cp2016-max-common-connected-subgraph-paper/datasets/graphsdb/mcs70/bvg/b03m/mcs70_b03m_s60.A06 fileNameGt=../../cp2016-max-common-connected-subgraph-paper/datasets/graphsdb/mcs70/bvg/b03m/mcs70_b03m_s60.B06
Reading graphs...
60 : 90
60 : 90
Initializing...
maxdom : 7
D->valSize : 247
Solving...
Blb : 2 (clique : 32)
currentSize : 32 <-- 0.002928 s
currentSize : 34 <-- 0.005162 s
currentSize : 35 <-- 0.005361 s
currentSize : 36 <-- 0.045458 s
currentSize : 37 <-- 0.165143 s
currentSize : 38 <-- 0.165220 s
currentSize : 39 <-- 0.208790 s
currentSize : 40 <-- 0.208861 s
currentSize : 41 <-- 1.370064 s
currentSize : 42 <-- 1.370105 s

maxsize : 42
nodes : 892655.000000
filtered : 3206845.000000
time : 3.376872
