Parameters: GAD=1 vflib=1 dir=1 label=1 lowerbound=1 fileNameGp=../../cp2016-max-common-connected-subgraph-paper/datasets/graphsdb/mcs70/bvg/b06/mcs70_b06_s80.A04 fileNameGt=../../cp2016-max-common-connected-subgraph-paper/datasets/graphsdb/mcs70/bvg/b06/mcs70_b06_s80.B04
Reading graphs...
80 : 240
80 : 240
Initializing...
maxdom : 11
D->valSize : 457
Solving...
Blb : 2 (clique : 30)
currentSize : 30 <-- 0.004396 s
currentSize : 31 <-- 0.004746 s
currentSize : 32 <-- 0.005067 s
currentSize : 33 <-- 0.005171 s
currentSize : 34 <-- 0.005318 s
currentSize : 35 <-- 0.013442 s
currentSize : 36 <-- 0.042852 s
currentSize : 38 <-- 0.051747 s
currentSize : 40 <-- 0.296178 s
currentSize : 41 <-- 0.767409 s
currentSize : 42 <-- 0.801437 s
currentSize : 43 <-- 0.806841 s
currentSize : 44 <-- 1.458205 s
currentSize : 45 <-- 1.458459 s
currentSize : 47 <-- 1.527943 s
currentSize : 48 <-- 3.396777 s
currentSize : 50 <-- 15.074600 s
currentSize : 52 <-- 15.074871 s
currentSize : 54 <-- 19.301828 s
currentSize : 56 <-- 19.302048 s

maxsize : 56
nodes : 4150039.000000
filtered : 29970768.000000
time : 22.396488
