Parameters: GAD=1 vflib=1 dir=1 label=1 lowerbound=1 fileNameGp=../../cp2016-max-common-connected-subgraph-paper/datasets/graphsdb/mcs70/m3D/m3Dr4/mcs70_m3Dr4_s100.A09 fileNameGt=../../cp2016-max-common-connected-subgraph-paper/datasets/graphsdb/mcs70/m3D/m3Dr4/mcs70_m3Dr4_s100.B09
Reading graphs...
100 : 275
100 : 274
Initializing...
maxdom : 6
D->valSize : 343
Solving...
Blb : 5 (clique : 47)
currentSize : 47 <-- 0.005664 s
currentSize : 48 <-- 195.100983 s
currentSize : 49 <-- 195.123886 s
currentSize : 50 <-- 207.385605 s
currentSize : 52 <-- 207.464127 s
currentSize : 53 <-- 207.480362 s
currentSize : 55 <-- 340.364410 s
currentSize : 57 <-- 435.392212 s
currentSize : 58 <-- 619.685974 s

TIMEOUT
maxsize : 58
nodes : 197678808.000000
filtered : 654367927.000000
time : 1000.000061
