Parameters: GAD=1 vflib=1 dir=1 label=1 lowerbound=1 fileNameGp=../../cp2016-max-common-connected-subgraph-paper/datasets/graphsdb/mcs70/bvg/b03/mcs70_b03_s70.A07 fileNameGt=../../cp2016-max-common-connected-subgraph-paper/datasets/graphsdb/mcs70/bvg/b03/mcs70_b03_s70.B07
Reading graphs...
70 : 105
70 : 105
Initializing...
maxdom : 8
D->valSize : 361
Solving...
Blb : 2 (clique : 35)
currentSize : 35 <-- 0.003155 s
currentSize : 36 <-- 0.004236 s
currentSize : 37 <-- 0.004493 s
currentSize : 38 <-- 0.006803 s
currentSize : 39 <-- 0.009260 s
currentSize : 40 <-- 0.009492 s
currentSize : 41 <-- 51.666195 s
currentSize : 42 <-- 51.666763 s
currentSize : 43 <-- 119.650261 s
currentSize : 44 <-- 261.225525 s
currentSize : 46 <-- 273.728882 s
currentSize : 47 <-- 273.729126 s
currentSize : 48 <-- 343.083252 s

maxsize : 48
nodes : 87661169.000000
filtered : 518222191.000000
time : 409.265015
