Parameters: GAD=1 vflib=1 dir=1 label=1 lowerbound=1 fileNameGp=../../cp2016-max-common-connected-subgraph-paper/datasets/graphsdb/mcs70/bvg/b06m/mcs70_b06m_s60.A09 fileNameGt=../../cp2016-max-common-connected-subgraph-paper/datasets/graphsdb/mcs70/bvg/b06m/mcs70_b06m_s60.B09
Reading graphs...
60 : 180
60 : 180
Initializing...
maxdom : 6
D->valSize : 257
Solving...
Blb : 3 (clique : 31)
currentSize : 31 <-- 0.001900 s
currentSize : 32 <-- 0.005863 s
currentSize : 33 <-- 0.005970 s
currentSize : 35 <-- 0.011497 s
currentSize : 36 <-- 0.018562 s
currentSize : 37 <-- 0.018716 s
currentSize : 40 <-- 0.019929 s
currentSize : 41 <-- 0.020090 s
currentSize : 42 <-- 0.272190 s

maxsize : 42
nodes : 139066.000000
filtered : 556571.000000
time : 0.531278
