Parameters: GAD=1 vflib=1 dir=1 label=1 lowerbound=1 fileNameGp=../../cp2016-max-common-connected-subgraph-paper/datasets/graphsdb/mcs70/bvg/b09m/mcs70_b09m_s60.A00 fileNameGt=../../cp2016-max-common-connected-subgraph-paper/datasets/graphsdb/mcs70/bvg/b09m/mcs70_b09m_s60.B00
Reading graphs...
60 : 270
60 : 270
Initializing...
maxdom : 7
D->valSize : 294
Solving...
Blb : 3 (clique : 20)
currentSize : 20 <-- 0.003220 s
currentSize : 22 <-- 0.010511 s
currentSize : 23 <-- 0.040292 s
currentSize : 24 <-- 0.040550 s
currentSize : 28 <-- 0.076765 s
currentSize : 30 <-- 0.076823 s
currentSize : 32 <-- 0.076905 s
currentSize : 40 <-- 0.134588 s
currentSize : 42 <-- 0.134699 s

maxsize : 42
nodes : 41309.000000
filtered : 226809.000000
time : 0.187820
