Parameters: GAD=1 vflib=1 dir=1 label=1 lowerbound=1 fileNameGp=../../cp2016-max-common-connected-subgraph-paper/datasets/graphsdb/mcs70/rand/r005/mcs70_r005_s60.A06 fileNameGt=../../cp2016-max-common-connected-subgraph-paper/datasets/graphsdb/mcs70/rand/r005/mcs70_r005_s60.B06
Reading graphs...
60 : 176
60 : 176
Initializing...
maxdom : 7
D->valSize : 261
Solving...
Blb : 2 (clique : 26)
currentSize : 26 <-- 0.001866 s
currentSize : 31 <-- 0.002891 s
currentSize : 33 <-- 0.002923 s
currentSize : 34 <-- 0.005533 s
currentSize : 37 <-- 0.015429 s
currentSize : 38 <-- 0.040513 s
currentSize : 42 <-- 0.052571 s

maxsize : 42
nodes : 15756.000000
filtered : 136241.000000
time : 0.073762
