Parameters: GAD=1 vflib=1 dir=1 label=1 lowerbound=1 fileNameGp=../../cp2016-max-common-connected-subgraph-paper/datasets/graphsdb/mcs70/bvg/b09m/mcs70_b09m_s60.A04 fileNameGt=../../cp2016-max-common-connected-subgraph-paper/datasets/graphsdb/mcs70/bvg/b09m/mcs70_b09m_s60.B04
Reading graphs...
60 : 270
60 : 270
Initializing...
maxdom : 7
D->valSize : 269
Solving...
Blb : 2 (clique : 13)
currentSize : 13 <-- 0.002874 s
currentSize : 14 <-- 0.003057 s
currentSize : 15 <-- 0.003155 s
currentSize : 16 <-- 0.005671 s
currentSize : 17 <-- 0.005777 s
currentSize : 18 <-- 0.006453 s
currentSize : 19 <-- 0.058120 s
currentSize : 20 <-- 0.058843 s
currentSize : 21 <-- 0.058954 s
currentSize : 22 <-- 0.095953 s
currentSize : 23 <-- 0.096123 s
currentSize : 26 <-- 0.108231 s
currentSize : 27 <-- 0.147627 s
currentSize : 28 <-- 0.147699 s
currentSize : 29 <-- 0.147795 s
currentSize : 30 <-- 0.183272 s
currentSize : 36 <-- 0.183361 s
currentSize : 37 <-- 0.183498 s
currentSize : 39 <-- 0.183645 s
currentSize : 42 <-- 0.183723 s

maxsize : 42
nodes : 38696.000000
filtered : 288999.000000
time : 0.198383
