Parameters: GAD=1 vflib=1 dir=1 label=1 lowerbound=1 fileNameGp=../../cp2016-max-common-connected-subgraph-paper/datasets/graphsdb/mcs70/rand/r005/mcs70_r005_s70.A00 fileNameGt=../../cp2016-max-common-connected-subgraph-paper/datasets/graphsdb/mcs70/rand/r005/mcs70_r005_s70.B00
Reading graphs...
70 : 240
70 : 240
Initializing...
maxdom : 11
D->valSize : 377
Solving...
Blb : 2 (clique : 34)
currentSize : 34 <-- 0.003165 s
currentSize : 36 <-- 0.003387 s
currentSize : 37 <-- 0.005774 s
currentSize : 38 <-- 0.578438 s
currentSize : 40 <-- 0.582154 s
currentSize : 41 <-- 0.582268 s
currentSize : 43 <-- 1.013536 s
currentSize : 45 <-- 1.013634 s
currentSize : 46 <-- 1.013971 s
currentSize : 49 <-- 1.014092 s

maxsize : 49
nodes : 212014.000000
filtered : 1945181.000000
time : 1.107087
