Parameters: GAD=1 vflib=1 dir=1 label=1 lowerbound=1 fileNameGp=../../cp2016-max-common-connected-subgraph-paper/datasets/graphsdb/mcs70/m2D/m2D/mcs70_m2D_s100.A04 fileNameGt=../../cp2016-max-common-connected-subgraph-paper/datasets/graphsdb/mcs70/m2D/m2D/mcs70_m2D_s100.B04
Reading graphs...
100 : 180
100 : 180
Initializing...
maxdom : 7
D->valSize : 396
Solving...
Blb : 2 (clique : 41)
currentSize : 41 <-- 0.004156 s
currentSize : 42 <-- 0.004542 s
currentSize : 45 <-- 0.005404 s
currentSize : 46 <-- 0.006306 s
currentSize : 47 <-- 0.054833 s
currentSize : 48 <-- 0.365023 s
currentSize : 49 <-- 0.453746 s
currentSize : 50 <-- 0.465174 s
currentSize : 51 <-- 2.407994 s
currentSize : 52 <-- 21.415457 s

TIMEOUT
maxsize : 52
nodes : 186256946.000000
filtered : 650279673.000000
time : 1000.000061
