Parameters: GAD=1 vflib=1 dir=1 label=1 lowerbound=1 fileNameGp=../../cp2016-max-common-connected-subgraph-paper/datasets/graphsdb/mcs70/m2D/m2D/mcs70_m2D_s100.A05 fileNameGt=../../cp2016-max-common-connected-subgraph-paper/datasets/graphsdb/mcs70/m2D/m2D/mcs70_m2D_s100.B05
Reading graphs...
100 : 180
100 : 180
Initializing...
maxdom : 7
D->valSize : 345
Solving...
Blb : 3 (clique : 46)
currentSize : 46 <-- 0.003500 s
currentSize : 47 <-- 0.859494 s
currentSize : 48 <-- 0.878179 s
currentSize : 49 <-- 1.005471 s
currentSize : 50 <-- 1.010667 s
currentSize : 51 <-- 47.338047 s
currentSize : 52 <-- 47.344330 s
currentSize : 53 <-- 185.468048 s
currentSize : 54 <-- 186.462814 s
currentSize : 56 <-- 303.860931 s
currentSize : 57 <-- 464.952484 s
currentSize : 58 <-- 464.952606 s
currentSize : 60 <-- 537.208191 s
currentSize : 61 <-- 537.208313 s
currentSize : 62 <-- 686.734314 s
currentSize : 63 <-- 686.735535 s
currentSize : 64 <-- 686.735901 s

maxsize : 64
nodes : 146096048.000000
filtered : 503529792.000000
time : 727.120667
