Parameters: GAD=1 vflib=1 dir=1 label=1 lowerbound=1 fileNameGp=../../cp2016-max-common-connected-subgraph-paper/datasets/graphsdb/mcs70/bvg/b06m/mcs70_b06m_s70.A02 fileNameGt=../../cp2016-max-common-connected-subgraph-paper/datasets/graphsdb/mcs70/bvg/b06m/mcs70_b06m_s70.B02
Reading graphs...
70 : 210
70 : 210
Initializing...
maxdom : 9
D->valSize : 372
Solving...
Blb : 2 (clique : 30)
currentSize : 30 <-- 0.005190 s
currentSize : 31 <-- 0.005860 s
currentSize : 33 <-- 0.009166 s
currentSize : 34 <-- 0.009428 s
currentSize : 35 <-- 0.015525 s
currentSize : 36 <-- 0.015785 s
currentSize : 37 <-- 0.023781 s
currentSize : 39 <-- 0.418799 s
currentSize : 40 <-- 0.420342 s
currentSize : 41 <-- 0.420843 s
currentSize : 42 <-- 0.426438 s
currentSize : 43 <-- 1.159239 s
currentSize : 47 <-- 1.167998 s
currentSize : 48 <-- 1.170466 s
currentSize : 49 <-- 1.170934 s

maxsize : 49
nodes : 409957.000000
filtered : 2808016.000000
time : 2.169474
