Parameters: GAD=1 vflib=1 dir=1 label=1 lowerbound=1 fileNameGp=../../cp2016-max-common-connected-subgraph-paper/datasets/graphsdb/mcs70/rand/r001/mcs70_r001_s100.A00 fileNameGt=../../cp2016-max-common-connected-subgraph-paper/datasets/graphsdb/mcs70/rand/r001/mcs70_r001_s100.B00
Reading graphs...
100 : 120
100 : 120
Initializing...
maxdom : 8
D->valSize : 394
Solving...
Blb : 2 (clique : 58)
currentSize : 58 <-- 0.007531 s
currentSize : 59 <-- 0.014697 s
currentSize : 63 <-- 0.020749 s
currentSize : 65 <-- 0.318548 s
currentSize : 66 <-- 0.318640 s
currentSize : 67 <-- 3.973212 s
currentSize : 68 <-- 50.611649 s
currentSize : 69 <-- 50.611816 s
currentSize : 70 <-- 50.613895 s

maxsize : 70
nodes : 19305539.000000
filtered : 74558112.000000
time : 106.708366
