Parameters: GAD=1 vflib=1 dir=1 label=1 lowerbound=1 fileNameGp=../../cp2016-max-common-connected-subgraph-paper/datasets/graphsdb/mcs70/m2D/m2Dr4/mcs70_m2Dr4_s80.A09 fileNameGt=../../cp2016-max-common-connected-subgraph-paper/datasets/graphsdb/mcs70/m2D/m2Dr4/mcs70_m2Dr4_s80.B09
Reading graphs...
80 : 174
80 : 173
Initializing...
maxdom : 8
D->valSize : 434
Solving...
Blb : 2 (clique : 39)
currentSize : 39 <-- 0.007273 s
currentSize : 40 <-- 832.823547 s
currentSize : 41 <-- 832.832947 s
currentSize : 42 <-- 832.833130 s
currentSize : 43 <-- 870.092773 s
currentSize : 44 <-- 870.092957 s

TIMEOUT
maxsize : 44
nodes : 183245814.000000
filtered : 1476568085.000000
time : 1000.000061
