Parameters: GAD=1 vflib=1 dir=1 label=1 lowerbound=1 fileNameGp=../../cp2016-max-common-connected-subgraph-paper/datasets/graphsdb/mcs70/m2D/m2D/mcs70_m2D_s50.A09 fileNameGt=../../cp2016-max-common-connected-subgraph-paper/datasets/graphsdb/mcs70/m2D/m2D/mcs70_m2D_s50.B09
Reading graphs...
50 : 85
50 : 85
Initializing...
maxdom : 11
D->valSize : 338
Solving...
Blb : 2 (clique : 24)
currentSize : 24 <-- 0.002514 s
currentSize : 25 <-- 0.002758 s
currentSize : 26 <-- 0.003018 s
currentSize : 28 <-- 0.003149 s
currentSize : 29 <-- 0.003673 s
currentSize : 31 <-- 0.003881 s
currentSize : 32 <-- 0.004301 s
currentSize : 35 <-- 1.195937 s
currentSize : 36 <-- 1.300236 s

maxsize : 36
nodes : 345458.000000
filtered : 2803215.000000
time : 1.380205
