Parameters: GAD=1 vflib=1 dir=1 label=1 lowerbound=1 fileNameGp=../../cp2016-max-common-connected-subgraph-paper/datasets/graphsdb/mcs70/bvg/b03/mcs70_b03_s90.A01 fileNameGt=../../cp2016-max-common-connected-subgraph-paper/datasets/graphsdb/mcs70/bvg/b03/mcs70_b03_s90.B01
Reading graphs...
90 : 135
90 : 135
Initializing...
maxdom : 8
D->valSize : 520
Solving...
Blb : 2 (clique : 48)
currentSize : 48 <-- 0.010279 s
currentSize : 49 <-- 0.018163 s
currentSize : 50 <-- 0.019968 s
currentSize : 51 <-- 0.030726 s
currentSize : 52 <-- 0.047579 s
currentSize : 53 <-- 0.065644 s
currentSize : 54 <-- 0.065756 s
currentSize : 55 <-- 0.105904 s
currentSize : 56 <-- 204.390137 s
currentSize : 58 <-- 553.784180 s
currentSize : 59 <-- 553.785034 s
currentSize : 61 <-- 958.566895 s
currentSize : 64 <-- 958.571594 s
currentSize : 65 <-- 958.571899 s

TIMEOUT
maxsize : 65
nodes : 162353955.000000
filtered : 1255162763.000000
time : 1000.000061
