Parameters: GAD=1 vflib=1 dir=1 label=1 lowerbound=1 fileNameGp=../../cp2016-max-common-connected-subgraph-paper/datasets/graphsdb/mcs70/rand/r005/mcs70_r005_s70.A08 fileNameGt=../../cp2016-max-common-connected-subgraph-paper/datasets/graphsdb/mcs70/rand/r005/mcs70_r005_s70.B08
Reading graphs...
70 : 240
70 : 240
Initializing...
maxdom : 10
D->valSize : 352
Solving...
Blb : 2 (clique : 22)
currentSize : 22 <-- 0.004594 s
currentSize : 29 <-- 0.004857 s
currentSize : 32 <-- 0.004892 s
currentSize : 34 <-- 0.009317 s
currentSize : 36 <-- 0.137901 s
currentSize : 38 <-- 0.138550 s
currentSize : 39 <-- 0.213923 s
currentSize : 40 <-- 0.291069 s
currentSize : 45 <-- 0.377205 s
currentSize : 46 <-- 0.377484 s
currentSize : 49 <-- 0.377605 s

maxsize : 49
nodes : 91451.000000
filtered : 646394.000000
time : 0.463541
