Parameters: GAD=1 vflib=1 dir=1 label=1 lowerbound=1 fileNameGp=../../cp2016-max-common-connected-subgraph-paper/datasets/graphsdb/mcs70/bvg/b06/mcs70_b06_s80.A01 fileNameGt=../../cp2016-max-common-connected-subgraph-paper/datasets/graphsdb/mcs70/bvg/b06/mcs70_b06_s80.B01
Reading graphs...
80 : 240
80 : 240
Initializing...
maxdom : 9
D->valSize : 475
Solving...
Blb : 2 (clique : 36)
currentSize : 36 <-- 0.005001 s
currentSize : 37 <-- 0.005277 s
currentSize : 38 <-- 0.006643 s
currentSize : 39 <-- 0.008601 s
currentSize : 40 <-- 0.008876 s
currentSize : 42 <-- 0.012024 s
currentSize : 44 <-- 0.012236 s
currentSize : 45 <-- 0.013841 s
currentSize : 47 <-- 0.014403 s
currentSize : 49 <-- 0.025218 s
currentSize : 53 <-- 0.025580 s
currentSize : 54 <-- 0.029760 s
currentSize : 56 <-- 0.032963 s

maxsize : 56
nodes : 2219139.000000
filtered : 15768706.000000
time : 11.556391
