Parameters: GAD=1 vflib=1 dir=1 label=1 lowerbound=1 fileNameGp=../../cp2016-max-common-connected-subgraph-paper/datasets/graphsdb/mcs70/bvg/b03/mcs70_b03_s90.A08 fileNameGt=../../cp2016-max-common-connected-subgraph-paper/datasets/graphsdb/mcs70/bvg/b03/mcs70_b03_s90.B08
Reading graphs...
90 : 135
90 : 135
Initializing...
maxdom : 8
D->valSize : 553
Solving...
Blb : 2 (clique : 47)
currentSize : 47 <-- 0.006629 s
currentSize : 48 <-- 0.007026 s
currentSize : 49 <-- 0.007158 s
currentSize : 50 <-- 0.007284 s
currentSize : 51 <-- 0.009365 s
currentSize : 52 <-- 0.014893 s
currentSize : 53 <-- 0.015501 s
currentSize : 54 <-- 0.018835 s
currentSize : 56 <-- 0.058027 s
currentSize : 57 <-- 0.060093 s
currentSize : 59 <-- 1.211553 s
currentSize : 60 <-- 210.372299 s
currentSize : 61 <-- 210.471130 s
currentSize : 63 <-- 213.958130 s

maxsize : 63
nodes : 59216894.000000
filtered : 397466122.000000
time : 364.076202
