Parameters: GAD=1 vflib=1 dir=1 label=1 lowerbound=1 fileNameGp=../../cp2016-max-common-connected-subgraph-paper/datasets/graphsdb/mcs70/m2D/m2Dr2/mcs70_m2Dr2_s80.A04 fileNameGt=../../cp2016-max-common-connected-subgraph-paper/datasets/graphsdb/mcs70/m2D/m2Dr2/mcs70_m2Dr2_s80.B04
Reading graphs...
80 : 158
80 : 158
Initializing...
maxdom : 8
D->valSize : 428
Solving...
Blb : 2 (clique : 34)
currentSize : 34 <-- 0.004106 s
currentSize : 35 <-- 0.004350 s
currentSize : 36 <-- 0.016718 s
currentSize : 37 <-- 0.016797 s
currentSize : 38 <-- 0.028635 s
currentSize : 39 <-- 221.455124 s
currentSize : 40 <-- 386.501770 s
currentSize : 41 <-- 547.797302 s
currentSize : 42 <-- 684.165955 s

TIMEOUT
maxsize : 42
nodes : 186434034.000000
filtered : 1340893692.000000
time : 1000.000000
