Parameters: GAD=1 vflib=1 dir=1 label=1 lowerbound=1 fileNameGp=../../cp2016-max-common-connected-subgraph-paper/datasets/graphsdb/mcs70/bvg/b03m/mcs70_b03m_s80.A09 fileNameGt=../../cp2016-max-common-connected-subgraph-paper/datasets/graphsdb/mcs70/bvg/b03m/mcs70_b03m_s80.B09
Reading graphs...
80 : 120
80 : 120
Initializing...
maxdom : 9
D->valSize : 448
Solving...
Blb : 3 (clique : 46)
currentSize : 46 <-- 0.004706 s
currentSize : 47 <-- 0.006780 s
currentSize : 48 <-- 0.006938 s
currentSize : 49 <-- 0.038333 s
currentSize : 50 <-- 0.038735 s
currentSize : 51 <-- 0.041492 s
currentSize : 52 <-- 0.121854 s
currentSize : 53 <-- 0.121945 s
currentSize : 54 <-- 0.122264 s
currentSize : 56 <-- 0.124101 s

maxsize : 56
nodes : 9662887.000000
filtered : 66184395.000000
time : 52.927967
