Parameters: GAD=1 vflib=1 dir=1 label=1 lowerbound=1 fileNameGp=../../cp2016-max-common-connected-subgraph-paper/datasets/graphsdb/mcs70/bvg/b03/mcs70_b03_s80.A02 fileNameGt=../../cp2016-max-common-connected-subgraph-paper/datasets/graphsdb/mcs70/bvg/b03/mcs70_b03_s80.B02
Reading graphs...
80 : 120
80 : 120
Initializing...
maxdom : 8
D->valSize : 438
Solving...
Blb : 2 (clique : 43)
currentSize : 43 <-- 0.004534 s
currentSize : 44 <-- 0.005005 s
currentSize : 45 <-- 0.005401 s
currentSize : 46 <-- 0.005509 s
currentSize : 47 <-- 0.007271 s
currentSize : 48 <-- 0.007435 s
currentSize : 49 <-- 0.029823 s
currentSize : 50 <-- 0.029942 s
currentSize : 51 <-- 0.032067 s
currentSize : 52 <-- 0.185792 s
currentSize : 53 <-- 0.186042 s
currentSize : 54 <-- 0.188554 s
currentSize : 55 <-- 0.188732 s
currentSize : 56 <-- 0.615647 s

maxsize : 56
nodes : 60011206.000000
filtered : 273055169.000000
time : 299.769226
