Parameters: GAD=1 vflib=1 dir=1 label=1 lowerbound=1 fileNameGp=../../cp2016-max-common-connected-subgraph-paper/datasets/graphsdb/mcs70/bvg/b06/mcs70_b06_s70.A09 fileNameGt=../../cp2016-max-common-connected-subgraph-paper/datasets/graphsdb/mcs70/bvg/b06/mcs70_b06_s70.B09
Reading graphs...
70 : 210
70 : 210
Initializing...
maxdom : 9
D->valSize : 381
Solving...
Blb : 2 (clique : 31)
currentSize : 31 <-- 0.003251 s
currentSize : 32 <-- 0.003493 s
currentSize : 33 <-- 0.003602 s
currentSize : 34 <-- 0.005280 s
currentSize : 35 <-- 0.005747 s
currentSize : 36 <-- 0.024835 s
currentSize : 37 <-- 0.027107 s
currentSize : 38 <-- 0.027313 s
currentSize : 40 <-- 0.416950 s
currentSize : 41 <-- 0.422751 s
currentSize : 43 <-- 0.426053 s
currentSize : 44 <-- 0.426197 s
currentSize : 45 <-- 0.426526 s
currentSize : 46 <-- 1.257649 s
currentSize : 49 <-- 1.257761 s

maxsize : 49
nodes : 530858.000000
filtered : 3686337.000000
time : 2.505495
