Parameters: GAD=1 vflib=1 dir=1 label=1 lowerbound=1 fileNameGp=../../cp2016-max-common-connected-subgraph-paper/datasets/graphsdb/mcs70/m2D/m2Dr4/mcs70_m2Dr4_s70.A00 fileNameGt=../../cp2016-max-common-connected-subgraph-paper/datasets/graphsdb/mcs70/m2D/m2Dr4/mcs70_m2Dr4_s70.B00
Reading graphs...
70 : 151
70 : 151
Initializing...
maxdom : 9
D->valSize : 368
Solving...
Blb : 2 (clique : 41)
currentSize : 41 <-- 0.003146 s
currentSize : 42 <-- 0.003488 s
currentSize : 43 <-- 0.077118 s
currentSize : 44 <-- 0.077242 s
currentSize : 47 <-- 0.082865 s
currentSize : 48 <-- 0.083054 s
currentSize : 49 <-- 1.702545 s

maxsize : 49
nodes : 592579.000000
filtered : 3013224.000000
time : 2.509171
