Parameters: GAD=1 vflib=1 dir=1 label=1 lowerbound=1 fileNameGp=../../cp2016-max-common-connected-subgraph-paper/datasets/graphsdb/mcs70/m2D/m2Dr6/mcs70_m2Dr6_s100.A01 fileNameGt=../../cp2016-max-common-connected-subgraph-paper/datasets/graphsdb/mcs70/m2D/m2Dr6/mcs70_m2Dr6_s100.B01
Reading graphs...
100 : 240
100 : 237
Initializing...
maxdom : 8
D->valSize : 364
Solving...
Blb : 2 (clique : 37)
currentSize : 37 <-- 0.003720 s
currentSize : 38 <-- 0.004064 s
currentSize : 40 <-- 0.005172 s
currentSize : 43 <-- 1.930991 s
currentSize : 45 <-- 5.915571 s
currentSize : 46 <-- 284.717163 s
currentSize : 47 <-- 303.310760 s
currentSize : 48 <-- 303.513672 s

TIMEOUT
maxsize : 48
nodes : 194258419.000000
filtered : 687875841.000000
time : 1000.000061
