Parameters: GAD=1 vflib=1 dir=1 label=1 lowerbound=1 fileNameGp=../../cp2016-max-common-connected-subgraph-paper/datasets/graphsdb/mcs70/bvg/b03m/mcs70_b03m_s60.A04 fileNameGt=../../cp2016-max-common-connected-subgraph-paper/datasets/graphsdb/mcs70/bvg/b03m/mcs70_b03m_s60.B04
Reading graphs...
60 : 90
60 : 90
Initializing...
maxdom : 7
D->valSize : 232
Solving...
Blb : 2 (clique : 34)
currentSize : 34 <-- 0.001722 s
currentSize : 35 <-- 0.144053 s
currentSize : 36 <-- 0.144160 s
currentSize : 37 <-- 0.146574 s
currentSize : 38 <-- 0.194700 s
currentSize : 40 <-- 1.265804 s
currentSize : 41 <-- 1.267906 s
currentSize : 42 <-- 1.373481 s

maxsize : 42
nodes : 753175.000000
filtered : 2784593.000000
time : 2.782343
