Parameters: GAD=1 vflib=1 dir=1 label=1 lowerbound=1 fileNameGp=../../cp2016-max-common-connected-subgraph-paper/datasets/graphsdb/mcs70/bvg/b03m/mcs70_b03m_s60.A02 fileNameGt=../../cp2016-max-common-connected-subgraph-paper/datasets/graphsdb/mcs70/bvg/b03m/mcs70_b03m_s60.B02
Reading graphs...
60 : 90
60 : 90
Initializing...
maxdom : 7
D->valSize : 256
Solving...
Blb : 3 (clique : 31)
currentSize : 31 <-- 0.001875 s
currentSize : 32 <-- 0.003380 s
currentSize : 33 <-- 0.013790 s
currentSize : 34 <-- 0.014636 s
currentSize : 35 <-- 0.637334 s
currentSize : 36 <-- 0.644043 s
currentSize : 37 <-- 1.021499 s
currentSize : 38 <-- 1.022089 s
currentSize : 39 <-- 1.095305 s
currentSize : 40 <-- 1.095378 s
currentSize : 41 <-- 3.014764 s
currentSize : 42 <-- 4.574842 s
currentSize : 43 <-- 4.574933 s

maxsize : 43
nodes : 1352083.000000
filtered : 4795864.000000
time : 4.966268
