Parameters: GAD=1 vflib=1 dir=1 label=1 lowerbound=1 fileNameGp=../../cp2016-max-common-connected-subgraph-paper/datasets/graphsdb/mcs70/bvg/b03m/mcs70_b03m_s70.A05 fileNameGt=../../cp2016-max-common-connected-subgraph-paper/datasets/graphsdb/mcs70/bvg/b03m/mcs70_b03m_s70.B05
Reading graphs...
70 : 105
70 : 105
Initializing...
maxdom : 8
D->valSize : 338
Solving...
Blb : 2 (clique : 38)
currentSize : 38 <-- 0.002805 s
currentSize : 39 <-- 0.014160 s
currentSize : 44 <-- 0.067345 s
currentSize : 45 <-- 2.174907 s
currentSize : 46 <-- 2.175002 s
currentSize : 47 <-- 2.183325 s
currentSize : 48 <-- 2.183417 s

maxsize : 48
nodes : 1411610.000000
filtered : 8137793.000000
time : 6.609841
