Parameters: GAD=1 vflib=1 dir=1 label=1 lowerbound=1 fileNameGp=../../cp2016-max-common-connected-subgraph-paper/datasets/graphsdb/mcs70/bvg/b06/mcs70_b06_s100.A09 fileNameGt=../../cp2016-max-common-connected-subgraph-paper/datasets/graphsdb/mcs70/bvg/b06/mcs70_b06_s100.B09
Reading graphs...
100 : 300
100 : 300
Initializing...
maxdom : 7
D->valSize : 391
Solving...
Blb : 2 (clique : 52)
currentSize : 52 <-- 0.004038 s
currentSize : 53 <-- 0.004494 s
currentSize : 55 <-- 0.005667 s
currentSize : 56 <-- 0.009407 s
currentSize : 57 <-- 0.047288 s
currentSize : 60 <-- 0.052502 s
currentSize : 62 <-- 0.057187 s
currentSize : 63 <-- 0.069507 s
currentSize : 65 <-- 0.070584 s
currentSize : 67 <-- 0.075462 s
currentSize : 70 <-- 0.087278 s

maxsize : 70
nodes : 4387138.000000
filtered : 25212979.000000
time : 24.878138
