Parameters: GAD=1 vflib=1 dir=1 label=1 lowerbound=1 fileNameGp=../../cp2016-max-common-connected-subgraph-paper/datasets/graphsdb/mcs70/m2D/m2D/mcs70_m2D_s100.A03 fileNameGt=../../cp2016-max-common-connected-subgraph-paper/datasets/graphsdb/mcs70/m2D/m2D/mcs70_m2D_s100.B03
Reading graphs...
100 : 180
100 : 180
Initializing...
maxdom : 8
D->valSize : 371
Solving...
Blb : 2 (clique : 48)
currentSize : 48 <-- 0.006469 s
currentSize : 49 <-- 0.007125 s
currentSize : 50 <-- 0.007926 s
currentSize : 51 <-- 0.010498 s
currentSize : 52 <-- 0.012681 s
currentSize : 53 <-- 0.013620 s
currentSize : 54 <-- 0.019407 s
currentSize : 55 <-- 0.036951 s
currentSize : 56 <-- 2.669147 s
currentSize : 57 <-- 2.691751 s
currentSize : 58 <-- 23.714788 s
currentSize : 59 <-- 25.156309 s
currentSize : 60 <-- 25.172846 s
currentSize : 61 <-- 960.363586 s
currentSize : 63 <-- 971.135742 s
currentSize : 64 <-- 971.151550 s

TIMEOUT
maxsize : 64
nodes : 192973165.000000
filtered : 786542789.000000
time : 1000.000122
