Parameters: GAD=1 vflib=1 dir=1 label=1 lowerbound=1 fileNameGp=../../cp2016-max-common-connected-subgraph-paper/datasets/graphsdb/mcs70/m3D/m3Dr2/mcs70_m3Dr2_s90.A05 fileNameGt=../../cp2016-max-common-connected-subgraph-paper/datasets/graphsdb/mcs70/m3D/m3Dr2/mcs70_m3Dr2_s90.B05
Reading graphs...
90 : 227
90 : 227
Initializing...
maxdom : 10
D->valSize : 567
Solving...
Blb : 2 (clique : 47)
currentSize : 47 <-- 0.006849 s
currentSize : 48 <-- 0.007327 s
currentSize : 50 <-- 0.007711 s
currentSize : 51 <-- 0.007903 s
currentSize : 54 <-- 0.185433 s
currentSize : 56 <-- 0.222842 s
currentSize : 58 <-- 12.457131 s
currentSize : 59 <-- 39.417744 s
currentSize : 61 <-- 39.420223 s
currentSize : 62 <-- 92.147339 s
currentSize : 63 <-- 239.047516 s
currentSize : 64 <-- 410.288544 s

maxsize : 64
nodes : 130832157.000000
filtered : 638785943.000000
time : 663.099670
