Parameters: GAD=1 vflib=1 dir=1 label=1 lowerbound=1 fileNameGp=../../cp2016-max-common-connected-subgraph-paper/datasets/graphsdb/mcs70/bvg/b06m/mcs70_b06m_s60.A04 fileNameGt=../../cp2016-max-common-connected-subgraph-paper/datasets/graphsdb/mcs70/bvg/b06m/mcs70_b06m_s60.B04
Reading graphs...
60 : 180
60 : 180
Initializing...
maxdom : 8
D->valSize : 240
Solving...
Blb : 2 (clique : 24)
currentSize : 24 <-- 0.001637 s
currentSize : 25 <-- 0.003754 s
currentSize : 26 <-- 0.017233 s
currentSize : 27 <-- 0.031838 s
currentSize : 28 <-- 0.052635 s
currentSize : 29 <-- 0.052979 s
currentSize : 30 <-- 0.063376 s
currentSize : 31 <-- 0.067211 s
currentSize : 32 <-- 0.067601 s
currentSize : 33 <-- 0.144237 s
currentSize : 34 <-- 0.144415 s
currentSize : 35 <-- 0.144832 s
currentSize : 37 <-- 0.367149 s
currentSize : 38 <-- 0.367585 s
currentSize : 39 <-- 0.368322 s
currentSize : 40 <-- 0.468098 s
currentSize : 41 <-- 0.468405 s
currentSize : 42 <-- 0.468925 s

maxsize : 42
nodes : 132537.000000
filtered : 619985.000000
time : 0.543911
