Parameters: GAD=1 vflib=1 dir=1 label=1 lowerbound=1 fileNameGp=../../cp2016-max-common-connected-subgraph-paper/datasets/graphsdb/mcs70/m2D/m2Dr6/mcs70_m2Dr6_s90.A08 fileNameGt=../../cp2016-max-common-connected-subgraph-paper/datasets/graphsdb/mcs70/m2D/m2Dr6/mcs70_m2Dr6_s90.B08
Reading graphs...
90 : 215
90 : 214
Initializing...
maxdom : 11
D->valSize : 600
Solving...
Blb : 2 (clique : 43)
currentSize : 43 <-- 0.011714 s
currentSize : 44 <-- 0.012298 s
currentSize : 45 <-- 0.012510 s
currentSize : 46 <-- 0.012864 s
currentSize : 51 <-- 0.117202 s
currentSize : 52 <-- 0.117429 s
currentSize : 53 <-- 0.167765 s
currentSize : 54 <-- 411.457672 s
currentSize : 55 <-- 411.559296 s
currentSize : 56 <-- 570.758972 s
currentSize : 57 <-- 796.022644 s

TIMEOUT
maxsize : 57
nodes : 189412801.000000
filtered : 1085234705.000000
time : 1000.000061
