Parameters: GAD=1 vflib=1 dir=1 label=1 lowerbound=1 fileNameGp=../../cp2016-max-common-connected-subgraph-paper/datasets/graphsdb/mcs70/m3D/m3Dr2/mcs70_m3Dr2_s100.A02 fileNameGt=../../cp2016-max-common-connected-subgraph-paper/datasets/graphsdb/mcs70/m3D/m3Dr2/mcs70_m3Dr2_s100.B02
Reading graphs...
100 : 255
100 : 255
Initializing...
maxdom : 10
D->valSize : 439
Solving...
Blb : 2 (clique : 47)
currentSize : 47 <-- 0.008111 s
currentSize : 48 <-- 0.008672 s
currentSize : 50 <-- 0.008856 s
currentSize : 51 <-- 0.056854 s
currentSize : 52 <-- 0.056948 s
currentSize : 54 <-- 0.057062 s
currentSize : 55 <-- 0.857421 s
currentSize : 56 <-- 0.857737 s
currentSize : 60 <-- 0.861597 s
currentSize : 61 <-- 0.861965 s
currentSize : 63 <-- 78.287842 s
currentSize : 64 <-- 78.288315 s

maxsize : 64
nodes : 38158217.000000
filtered : 208179356.000000
time : 207.085510
