Parameters: GAD=1 vflib=1 dir=1 label=1 lowerbound=1 fileNameGp=../../cp2016-max-common-connected-subgraph-paper/datasets/graphsdb/mcs70/m2D/m2Dr2/mcs70_m2Dr2_s100.A08 fileNameGt=../../cp2016-max-common-connected-subgraph-paper/datasets/graphsdb/mcs70/m2D/m2Dr2/mcs70_m2Dr2_s100.B08
Reading graphs...
100 : 200
100 : 199
Initializing...
maxdom : 7
D->valSize : 349
Solving...
Blb : 2 (clique : 38)
currentSize : 38 <-- 0.003489 s
currentSize : 39 <-- 0.003862 s
currentSize : 40 <-- 0.003912 s
currentSize : 41 <-- 0.016629 s
currentSize : 42 <-- 0.016901 s
currentSize : 43 <-- 0.017015 s
currentSize : 44 <-- 0.068581 s
currentSize : 45 <-- 0.083447 s
currentSize : 46 <-- 0.083640 s
currentSize : 47 <-- 1.446580 s
currentSize : 49 <-- 581.153748 s
currentSize : 50 <-- 581.153931 s
currentSize : 51 <-- 582.552551 s

TIMEOUT
maxsize : 51
nodes : 183027901.000000
filtered : 737849130.000000
time : 1000.000061
