Parameters: GAD=1 vflib=1 dir=1 label=1 lowerbound=1 fileNameGp=../../cp2016-max-common-connected-subgraph-paper/datasets/graphsdb/mcs70/m3D/m3Dr6/mcs70_m3Dr6_s90.A01 fileNameGt=../../cp2016-max-common-connected-subgraph-paper/datasets/graphsdb/mcs70/m3D/m3Dr6/mcs70_m3Dr6_s90.B01
Reading graphs...
90 : 263
90 : 263
Initializing...
maxdom : 11
D->valSize : 621
Solving...
Blb : 2 (clique : 30)
currentSize : 30 <-- 0.012907 s
currentSize : 31 <-- 1.820656 s
currentSize : 32 <-- 7.953624 s
currentSize : 33 <-- 16.688290 s
currentSize : 34 <-- 16.693535 s
currentSize : 36 <-- 29.454275 s
currentSize : 37 <-- 31.351358 s
currentSize : 38 <-- 36.164280 s
currentSize : 40 <-- 57.025925 s
currentSize : 46 <-- 71.808464 s
currentSize : 47 <-- 96.738892 s
currentSize : 48 <-- 102.836884 s
currentSize : 49 <-- 129.874893 s
currentSize : 50 <-- 135.009094 s
currentSize : 51 <-- 171.725571 s
currentSize : 53 <-- 184.758514 s
currentSize : 54 <-- 219.259033 s
currentSize : 55 <-- 329.180939 s
currentSize : 56 <-- 366.506226 s
currentSize : 64 <-- 388.034546 s

maxsize : 64
nodes : 75697715.000000
filtered : 694617853.000000
time : 444.584778
