Parameters: GAD=1 vflib=1 dir=1 label=1 lowerbound=1 fileNameGp=../../cp2016-max-common-connected-subgraph-paper/datasets/graphsdb/mcs70/bvg/b03/mcs70_b03_s50.A08 fileNameGt=../../cp2016-max-common-connected-subgraph-paper/datasets/graphsdb/mcs70/bvg/b03/mcs70_b03_s50.B08
Reading graphs...
50 : 75
50 : 75
Initializing...
maxdom : 9
D->valSize : 319
Solving...
Blb : 5 (clique : 20)
currentSize : 20 <-- 0.002237 s
currentSize : 24 <-- 0.002350 s
currentSize : 25 <-- 0.002393 s
currentSize : 26 <-- 0.320988 s
currentSize : 28 <-- 1.116849 s
currentSize : 29 <-- 5.223170 s
currentSize : 31 <-- 10.543679 s
currentSize : 33 <-- 10.543704 s
currentSize : 34 <-- 10.543886 s

maxsize : 34
nodes : 2852224.000000
filtered : 21101717.000000
time : 11.575824
