Parameters: GAD=1 vflib=1 dir=1 label=1 lowerbound=1 fileNameGp=../../cp2016-max-common-connected-subgraph-paper/datasets/graphsdb/mcs70/bvg/b09m/mcs70_b09m_s90.A07 fileNameGt=../../cp2016-max-common-connected-subgraph-paper/datasets/graphsdb/mcs70/bvg/b09m/mcs70_b09m_s90.B07
Reading graphs...
90 : 405
90 : 405
Initializing...
maxdom : 13
D->valSize : 626
Solving...
Blb : 2 (clique : 45)
currentSize : 45 <-- 0.007357 s
currentSize : 52 <-- 0.020562 s
currentSize : 54 <-- 0.051382 s
currentSize : 55 <-- 0.160531 s
currentSize : 56 <-- 0.287059 s
currentSize : 57 <-- 0.406588 s
currentSize : 59 <-- 0.632593 s
currentSize : 61 <-- 1.339188 s
currentSize : 62 <-- 1.771872 s

maxsize : 62
nodes : 317875.000000
filtered : 3429256.000000
time : 1.873384
