Parameters: GAD=1 vflib=1 dir=1 label=1 lowerbound=1 fileNameGp=../../cp2016-max-common-connected-subgraph-paper/datasets/graphsdb/mcs70/m3D/m3Dr6/mcs70_m3Dr6_s100.A07 fileNameGt=../../cp2016-max-common-connected-subgraph-paper/datasets/graphsdb/mcs70/m3D/m3Dr6/mcs70_m3Dr6_s100.B07
Reading graphs...
100 : 295
100 : 294
Initializing...
maxdom : 6
D->valSize : 370
Solving...
Blb : 2 (clique : 37)
currentSize : 37 <-- 0.003731 s
currentSize : 38 <-- 0.004071 s
currentSize : 39 <-- 0.004853 s
currentSize : 40 <-- 0.005028 s
currentSize : 43 <-- 0.005758 s
currentSize : 44 <-- 0.006019 s
currentSize : 45 <-- 1.187955 s
currentSize : 47 <-- 1.188294 s
currentSize : 49 <-- 1.188547 s
currentSize : 50 <-- 2.983249 s
currentSize : 51 <-- 4.368459 s
currentSize : 52 <-- 4.368902 s
currentSize : 53 <-- 4.369228 s
currentSize : 54 <-- 22.506355 s
currentSize : 55 <-- 23.834396 s
currentSize : 56 <-- 23.837408 s
currentSize : 57 <-- 23.872452 s
currentSize : 59 <-- 102.181137 s
currentSize : 62 <-- 144.595428 s
currentSize : 63 <-- 144.600586 s
currentSize : 64 <-- 144.689926 s

maxsize : 64
nodes : 43069024.000000
filtered : 171403199.000000
time : 222.897385
