Parameters: GAD=1 vflib=1 dir=1 label=1 lowerbound=1 fileNameGp=../../cp2016-max-common-connected-subgraph-paper/datasets/graphsdb/mcs70/rand/r005/mcs70_r005_s50.A01 fileNameGt=../../cp2016-max-common-connected-subgraph-paper/datasets/graphsdb/mcs70/rand/r005/mcs70_r005_s50.B01
Reading graphs...
50 : 121
50 : 121
Initializing...
maxdom : 7
D->valSize : 318
Solving...
Blb : 2 (clique : 17)
currentSize : 17 <-- 0.002181 s
currentSize : 18 <-- 0.004018 s
currentSize : 20 <-- 0.006354 s
currentSize : 22 <-- 0.020988 s
currentSize : 23 <-- 0.021013 s
currentSize : 24 <-- 0.038881 s
currentSize : 25 <-- 0.086296 s
currentSize : 26 <-- 0.107501 s
currentSize : 27 <-- 0.107689 s
currentSize : 29 <-- 0.118910 s
currentSize : 30 <-- 0.119102 s
currentSize : 35 <-- 0.214300 s

maxsize : 35
nodes : 49742.000000
filtered : 633789.000000
time : 0.240398
