Parameters: GAD=1 vflib=1 dir=1 label=1 lowerbound=1 fileNameGp=../../cp2016-max-common-connected-subgraph-paper/datasets/graphsdb/mcs70/bvg/b06/mcs70_b06_s90.A01 fileNameGt=../../cp2016-max-common-connected-subgraph-paper/datasets/graphsdb/mcs70/bvg/b06/mcs70_b06_s90.B01
Reading graphs...
90 : 270
90 : 270
Initializing...
maxdom : 11
D->valSize : 554
Solving...
Blb : 2 (clique : 44)
currentSize : 44 <-- 0.010628 s
currentSize : 46 <-- 0.011112 s
currentSize : 47 <-- 0.011580 s
currentSize : 50 <-- 0.012063 s
currentSize : 51 <-- 0.012707 s
currentSize : 52 <-- 0.055905 s
currentSize : 53 <-- 0.090851 s
currentSize : 54 <-- 0.091027 s
currentSize : 55 <-- 0.091747 s
currentSize : 57 <-- 41.988674 s
currentSize : 60 <-- 42.043690 s
currentSize : 61 <-- 42.044395 s
currentSize : 62 <-- 42.044899 s
currentSize : 63 <-- 42.045433 s

maxsize : 63
nodes : 30530909.000000
filtered : 270357751.000000
time : 177.259140
