Parameters: GAD=1 vflib=1 dir=1 label=1 lowerbound=1 fileNameGp=../../cp2016-max-common-connected-subgraph-paper/datasets/graphsdb/mcs70/m3D/m3Dr4/mcs70_m3Dr4_s90.A00 fileNameGt=../../cp2016-max-common-connected-subgraph-paper/datasets/graphsdb/mcs70/m3D/m3Dr4/mcs70_m3Dr4_s90.B00
Reading graphs...
90 : 245
90 : 245
Initializing...
maxdom : 10
D->valSize : 560
Solving...
Blb : 3 (clique : 43)
currentSize : 43 <-- 0.006629 s
currentSize : 44 <-- 0.007925 s
currentSize : 47 <-- 0.309559 s
currentSize : 48 <-- 0.309693 s
currentSize : 49 <-- 0.309837 s
currentSize : 50 <-- 14.370640 s
currentSize : 51 <-- 14.381533 s
currentSize : 52 <-- 29.296743 s
currentSize : 53 <-- 29.296839 s
currentSize : 54 <-- 29.298197 s
currentSize : 55 <-- 29.300024 s
currentSize : 56 <-- 98.191757 s
currentSize : 57 <-- 202.945145 s
currentSize : 59 <-- 202.945679 s
currentSize : 60 <-- 202.945847 s
currentSize : 61 <-- 327.232300 s
currentSize : 64 <-- 327.238434 s

maxsize : 64
nodes : 86770093.000000
filtered : 527671924.000000
time : 467.063080
