Parameters: GAD=1 vflib=1 dir=1 label=1 lowerbound=1 fileNameGp=../../cp2016-max-common-connected-subgraph-paper/datasets/graphsdb/mcs70/bvg/b06/mcs70_b06_s60.A09 fileNameGt=../../cp2016-max-common-connected-subgraph-paper/datasets/graphsdb/mcs70/bvg/b06/mcs70_b06_s60.B09
Reading graphs...
60 : 180
60 : 180
Initializing...
maxdom : 8
D->valSize : 262
Solving...
Blb : 3 (clique : 31)
currentSize : 31 <-- 0.001863 s
currentSize : 32 <-- 0.022273 s
currentSize : 33 <-- 0.074839 s
currentSize : 34 <-- 0.091025 s
currentSize : 35 <-- 0.199869 s
currentSize : 36 <-- 0.200281 s
currentSize : 39 <-- 0.223130 s
currentSize : 42 <-- 0.279295 s

maxsize : 42
nodes : 69952.000000
filtered : 449346.000000
time : 0.298881
