Parameters: GAD=1 vflib=1 dir=1 label=1 lowerbound=1 fileNameGp=../../cp2016-max-common-connected-subgraph-paper/datasets/graphsdb/mcs70/m3D/m3Dr6/mcs70_m3Dr6_s40.A03 fileNameGt=../../cp2016-max-common-connected-subgraph-paper/datasets/graphsdb/mcs70/m3D/m3Dr6/mcs70_m3Dr6_s40.B03
Reading graphs...
40 : 108
40 : 104
Initializing...
maxdom : 8
D->valSize : 214
Solving...
Blb : 2 (clique : 13)
currentSize : 13 <-- 0.001339 s
currentSize : 14 <-- 0.001430 s
currentSize : 15 <-- 0.001480 s
currentSize : 16 <-- 0.011369 s
currentSize : 17 <-- 0.011429 s
currentSize : 19 <-- 0.043868 s
currentSize : 21 <-- 0.083997 s
currentSize : 22 <-- 0.090377 s
currentSize : 23 <-- 0.093921 s
currentSize : 24 <-- 0.098774 s
currentSize : 25 <-- 0.100456 s
currentSize : 26 <-- 0.101440 s
currentSize : 27 <-- 0.107452 s

maxsize : 27
nodes : 29357.000000
filtered : 238684.000000
time : 0.116772
