Parameters: GAD=1 vflib=1 dir=1 label=1 lowerbound=1 fileNameGp=../../cp2016-max-common-connected-subgraph-paper/datasets/graphsdb/mcs70/m2D/m2Dr4/mcs70_m2Dr4_s80.A07 fileNameGt=../../cp2016-max-common-connected-subgraph-paper/datasets/graphsdb/mcs70/m2D/m2Dr4/mcs70_m2Dr4_s80.B07
Reading graphs...
80 : 174
80 : 173
Initializing...
maxdom : 9
D->valSize : 440
Solving...
Blb : 2 (clique : 35)
currentSize : 35 <-- 0.007200 s
currentSize : 36 <-- 0.936167 s
currentSize : 37 <-- 4.136968 s
currentSize : 38 <-- 28.309689 s
currentSize : 39 <-- 76.762894 s
currentSize : 40 <-- 76.763283 s
currentSize : 41 <-- 77.987267 s
currentSize : 42 <-- 89.609451 s
currentSize : 43 <-- 89.609573 s
currentSize : 44 <-- 131.314240 s
currentSize : 45 <-- 154.123566 s
currentSize : 46 <-- 181.658447 s
currentSize : 48 <-- 182.326096 s
currentSize : 49 <-- 230.906403 s
currentSize : 50 <-- 252.330292 s

maxsize : 50
nodes : 52812750.000000
filtered : 343288019.000000
time : 275.213501
