Parameters: GAD=1 vflib=1 dir=1 label=1 lowerbound=1 fileNameGp=../../cp2016-max-common-connected-subgraph-paper/datasets/graphsdb/mcs70/bvg/b09m/mcs70_b09m_s100.A00 fileNameGt=../../cp2016-max-common-connected-subgraph-paper/datasets/graphsdb/mcs70/bvg/b09m/mcs70_b09m_s100.B00
Reading graphs...
100 : 450
100 : 450
Initializing...
maxdom : 8
D->valSize : 371
Solving...
Blb : 3 (clique : 63)
currentSize : 63 <-- 0.006234 s
currentSize : 65 <-- 0.030182 s
currentSize : 66 <-- 0.032142 s
currentSize : 67 <-- 0.032870 s
currentSize : 69 <-- 0.033453 s
currentSize : 70 <-- 0.034287 s

maxsize : 70
nodes : 1168233.000000
filtered : 4294082.000000
time : 5.808963
