Parameters: GAD=1 vflib=1 dir=1 label=1 lowerbound=1 fileNameGp=../../cp2016-max-common-connected-subgraph-paper/datasets/graphsdb/mcs70/bvg/b09/mcs70_b09_s100.A02 fileNameGt=../../cp2016-max-common-connected-subgraph-paper/datasets/graphsdb/mcs70/bvg/b09/mcs70_b09_s100.B02
Reading graphs...
100 : 450
100 : 450
Initializing...
maxdom : 6
D->valSize : 364
Solving...
Blb : 3 (clique : 57)
currentSize : 57 <-- 0.003828 s
currentSize : 58 <-- 0.037568 s
currentSize : 59 <-- 0.038990 s
currentSize : 60 <-- 0.039830 s
currentSize : 66 <-- 0.047223 s
currentSize : 67 <-- 0.048986 s
currentSize : 70 <-- 0.049279 s

maxsize : 70
nodes : 86599.000000
filtered : 648761.000000
time : 0.546228
