Parameters: GAD=1 vflib=1 dir=1 label=1 lowerbound=1 fileNameGp=../../cp2016-max-common-connected-subgraph-paper/datasets/graphsdb/mcs70/m3D/m3Dr2/mcs70_m3Dr2_s90.A00 fileNameGt=../../cp2016-max-common-connected-subgraph-paper/datasets/graphsdb/mcs70/m3D/m3Dr2/mcs70_m3Dr2_s90.B00
Reading graphs...
90 : 227
90 : 227
Initializing...
maxdom : 9
D->valSize : 553
Solving...
Blb : 5 (clique : 49)
currentSize : 49 <-- 0.006623 s
currentSize : 50 <-- 0.014623 s
currentSize : 52 <-- 0.666374 s
currentSize : 54 <-- 5.930238 s
currentSize : 56 <-- 360.429688 s
currentSize : 57 <-- 360.430389 s
currentSize : 60 <-- 360.430573 s
currentSize : 61 <-- 360.431458 s
currentSize : 63 <-- 360.460510 s
currentSize : 64 <-- 360.461304 s

maxsize : 64
nodes : 95969886.000000
filtered : 508013605.000000
time : 484.410431
