Parameters: GAD=1 vflib=1 dir=1 label=1 lowerbound=1 fileNameGp=../../cp2016-max-common-connected-subgraph-paper/datasets/graphsdb/mcs70/bvg/b09/mcs70_b09_s80.A01 fileNameGt=../../cp2016-max-common-connected-subgraph-paper/datasets/graphsdb/mcs70/bvg/b09/mcs70_b09_s80.B01
Reading graphs...
80 : 360
80 : 360
Initializing...
maxdom : 8
D->valSize : 439
Solving...
Blb : 2 (clique : 18)
currentSize : 18 <-- 0.004017 s
currentSize : 20 <-- 0.019197 s
currentSize : 21 <-- 0.019305 s
currentSize : 22 <-- 0.066250 s
currentSize : 23 <-- 1.036839 s
currentSize : 24 <-- 1.036928 s
currentSize : 25 <-- 1.462873 s
currentSize : 27 <-- 1.464433 s
currentSize : 31 <-- 1.464520 s
currentSize : 33 <-- 5.220189 s
currentSize : 38 <-- 5.220293 s
currentSize : 39 <-- 5.220646 s
currentSize : 41 <-- 5.367645 s
currentSize : 42 <-- 5.368223 s
currentSize : 43 <-- 7.276883 s
currentSize : 45 <-- 7.277057 s
currentSize : 50 <-- 7.278477 s
currentSize : 52 <-- 7.278620 s
currentSize : 56 <-- 7.278862 s

maxsize : 56
nodes : 1601871.000000
filtered : 12507859.000000
time : 8.457149
