Parameters: GAD=1 vflib=1 dir=1 label=1 lowerbound=1 fileNameGp=../../cp2016-max-common-connected-subgraph-paper/datasets/graphsdb/mcs70/bvg/b06/mcs70_b06_s70.A07 fileNameGt=../../cp2016-max-common-connected-subgraph-paper/datasets/graphsdb/mcs70/bvg/b06/mcs70_b06_s70.B07
Reading graphs...
70 : 210
70 : 210
Initializing...
maxdom : 9
D->valSize : 356
Solving...
Blb : 2 (clique : 25)
currentSize : 25 <-- 0.002967 s
currentSize : 26 <-- 0.003165 s
currentSize : 27 <-- 0.003980 s
currentSize : 28 <-- 0.004096 s
currentSize : 31 <-- 0.004530 s
currentSize : 33 <-- 0.134485 s
currentSize : 35 <-- 2.591820 s
currentSize : 37 <-- 2.944848 s
currentSize : 38 <-- 2.944964 s
currentSize : 39 <-- 3.564246 s
currentSize : 42 <-- 5.700235 s
currentSize : 44 <-- 5.865922 s
currentSize : 47 <-- 5.879318 s
currentSize : 48 <-- 5.879507 s
currentSize : 49 <-- 5.881169 s

maxsize : 49
nodes : 2405472.000000
filtered : 13220200.000000
time : 10.360647
