Parameters: GAD=1 vflib=1 dir=1 label=1 lowerbound=1 fileNameGp=../../cp2016-max-common-connected-subgraph-paper/datasets/graphsdb/mcs70/m2D/m2Dr4/mcs70_m2Dr4_s100.A09 fileNameGt=../../cp2016-max-common-connected-subgraph-paper/datasets/graphsdb/mcs70/m2D/m2Dr4/mcs70_m2Dr4_s100.B09
Reading graphs...
100 : 220
100 : 220
Initializing...
maxdom : 8
D->valSize : 372
Solving...
Blb : 2 (clique : 48)
currentSize : 48 <-- 0.003806 s
currentSize : 49 <-- 0.005390 s
currentSize : 50 <-- 0.005543 s
currentSize : 51 <-- 0.015091 s
currentSize : 52 <-- 0.015354 s
currentSize : 53 <-- 1.732996 s
currentSize : 54 <-- 1.733340 s
currentSize : 55 <-- 1.797011 s
currentSize : 56 <-- 1.797637 s
currentSize : 57 <-- 2.087325 s
currentSize : 58 <-- 2.099758 s
currentSize : 59 <-- 15.353599 s
currentSize : 61 <-- 15.353716 s
currentSize : 62 <-- 15.354072 s
currentSize : 63 <-- 15.460544 s
currentSize : 64 <-- 15.565063 s

maxsize : 64
nodes : 35751919.000000
filtered : 128529409.000000
time : 187.362442
