Parameters: GAD=1 vflib=1 dir=1 label=1 lowerbound=1 fileNameGp=../../cp2016-max-common-connected-subgraph-paper/datasets/graphsdb/mcs70/m2D/m2D/mcs70_m2D_s80.A09 fileNameGt=../../cp2016-max-common-connected-subgraph-paper/datasets/graphsdb/mcs70/m2D/m2D/mcs70_m2D_s80.B09
Reading graphs...
80 : 142
80 : 142
Initializing...
maxdom : 9
D->valSize : 438
Solving...
Blb : 2 (clique : 40)
currentSize : 40 <-- 0.006992 s
currentSize : 44 <-- 0.008139 s
currentSize : 45 <-- 0.010244 s
currentSize : 46 <-- 0.010464 s
currentSize : 47 <-- 101.376373 s
currentSize : 48 <-- 101.377113 s
currentSize : 49 <-- 101.377266 s
currentSize : 50 <-- 135.163193 s

maxsize : 50
nodes : 58673814.000000
filtered : 478005573.000000
time : 331.571625
