Parameters: GAD=1 vflib=1 dir=1 label=1 lowerbound=1 fileNameGp=../../cp2016-max-common-connected-subgraph-paper/datasets/graphsdb/mcs70/m3D/m3Dr4/mcs70_m3Dr4_s40.A07 fileNameGt=../../cp2016-max-common-connected-subgraph-paper/datasets/graphsdb/mcs70/m3D/m3Dr4/mcs70_m3Dr4_s40.B07
Reading graphs...
40 : 100
40 : 99
Initializing...
maxdom : 9
D->valSize : 217
Solving...
Blb : 5 (clique : 13)
currentSize : 13 <-- 0.001291 s
currentSize : 14 <-- 0.004378 s
currentSize : 15 <-- 0.034960 s
currentSize : 16 <-- 0.035555 s
currentSize : 17 <-- 0.052118 s
currentSize : 18 <-- 0.065803 s
currentSize : 20 <-- 0.088179 s
currentSize : 22 <-- 0.093829 s
currentSize : 27 <-- 0.094523 s

maxsize : 27
nodes : 28430.000000
filtered : 237858.000000
time : 0.107114
