Parameters: GAD=1 vflib=1 dir=1 label=1 lowerbound=1 fileNameGp=../../cp2016-max-common-connected-subgraph-paper/datasets/graphsdb/mcs70/rand/r005/mcs70_r005_s40.A01 fileNameGt=../../cp2016-max-common-connected-subgraph-paper/datasets/graphsdb/mcs70/rand/r005/mcs70_r005_s40.B01
Reading graphs...
40 : 77
40 : 77
Initializing...
maxdom : 8
D->valSize : 213
Solving...
Blb : 3 (clique : 16)
currentSize : 16 <-- 0.001187 s
currentSize : 17 <-- 0.022862 s
currentSize : 18 <-- 0.038261 s
currentSize : 19 <-- 0.042375 s
currentSize : 20 <-- 0.044295 s
currentSize : 21 <-- 0.058793 s
currentSize : 22 <-- 0.058919 s
currentSize : 23 <-- 0.074848 s
currentSize : 26 <-- 0.093716 s
currentSize : 28 <-- 0.096021 s

maxsize : 28
nodes : 24821.000000
filtered : 210419.000000
time : 0.100949
