Parameters: GAD=1 vflib=1 dir=1 label=1 lowerbound=1 fileNameGp=../../cp2016-max-common-connected-subgraph-paper/datasets/graphsdb/mcs70/m3D/m3Dr6/mcs70_m3Dr6_s90.A09 fileNameGt=../../cp2016-max-common-connected-subgraph-paper/datasets/graphsdb/mcs70/m3D/m3Dr6/mcs70_m3Dr6_s90.B09
Reading graphs...
90 : 263
90 : 263
Initializing...
maxdom : 9
D->valSize : 542
Solving...
Blb : 2 (clique : 58)
currentSize : 58 <-- 0.010608 s
currentSize : 59 <-- 0.011735 s
currentSize : 60 <-- 0.012793 s
currentSize : 62 <-- 0.134579 s
currentSize : 63 <-- 0.135009 s
currentSize : 64 <-- 0.136507 s

maxsize : 64
nodes : 7916057.000000
filtered : 46306914.000000
time : 41.075008
