Parameters: GAD=1 vflib=1 dir=1 label=1 lowerbound=1 fileNameGp=../../cp2016-max-common-connected-subgraph-paper/datasets/graphsdb/mcs70/m2D/m2Dr6/mcs70_m2Dr6_s100.A03 fileNameGt=../../cp2016-max-common-connected-subgraph-paper/datasets/graphsdb/mcs70/m2D/m2Dr6/mcs70_m2Dr6_s100.B03
Reading graphs...
100 : 240
100 : 240
Initializing...
maxdom : 8
D->valSize : 389
Solving...
Blb : 2 (clique : 39)
currentSize : 39 <-- 0.004100 s
currentSize : 40 <-- 0.004424 s
currentSize : 41 <-- 0.004541 s
currentSize : 42 <-- 0.004610 s
currentSize : 43 <-- 0.005484 s
currentSize : 44 <-- 0.005590 s
currentSize : 45 <-- 0.005884 s
currentSize : 46 <-- 0.009644 s
currentSize : 47 <-- 0.010653 s
currentSize : 48 <-- 0.010742 s
currentSize : 49 <-- 0.033226 s
currentSize : 50 <-- 16.637583 s
currentSize : 51 <-- 37.626911 s
currentSize : 52 <-- 37.627037 s
currentSize : 53 <-- 37.682449 s
currentSize : 54 <-- 134.307953 s
currentSize : 55 <-- 134.316238 s
currentSize : 56 <-- 170.098587 s
currentSize : 57 <-- 170.099411 s

TIMEOUT
maxsize : 57
nodes : 192859724.000000
filtered : 646477640.000000
time : 1000.000061
