Parameters: GAD=1 vflib=1 dir=1 label=1 lowerbound=1 fileNameGp=../../cp2016-max-common-connected-subgraph-paper/datasets/graphsdb/mcs70/m3D/m3Dr4/mcs70_m3Dr4_s100.A07 fileNameGt=../../cp2016-max-common-connected-subgraph-paper/datasets/graphsdb/mcs70/m3D/m3Dr4/mcs70_m3Dr4_s100.B07
Reading graphs...
100 : 275
100 : 274
Initializing...
maxdom : 7
D->valSize : 388
Solving...
Blb : 2 (clique : 53)
currentSize : 53 <-- 0.004051 s
currentSize : 55 <-- 0.004383 s
currentSize : 56 <-- 0.004886 s
currentSize : 58 <-- 35.626965 s
currentSize : 59 <-- 35.627514 s
currentSize : 60 <-- 35.628143 s
currentSize : 62 <-- 589.162354 s
currentSize : 63 <-- 589.162964 s
currentSize : 64 <-- 589.163696 s

maxsize : 64
nodes : 180097223.000000
filtered : 609911018.000000
time : 898.207397
