Parameters: GAD=1 vflib=1 dir=1 label=1 lowerbound=1 fileNameGp=../../cp2016-max-common-connected-subgraph-paper/datasets/graphsdb/mcs70/m2D/m2Dr2/mcs70_m2Dr2_s70.A01 fileNameGt=../../cp2016-max-common-connected-subgraph-paper/datasets/graphsdb/mcs70/m2D/m2Dr2/mcs70_m2Dr2_s70.B01
Reading graphs...
70 : 137
70 : 137
Initializing...
maxdom : 8
D->valSize : 352
Solving...
Blb : 5 (clique : 25)
currentSize : 25 <-- 0.002908 s
currentSize : 26 <-- 0.003465 s
currentSize : 27 <-- 0.005089 s
currentSize : 28 <-- 0.012763 s
currentSize : 30 <-- 0.015892 s
currentSize : 32 <-- 0.019782 s
currentSize : 33 <-- 0.019927 s
currentSize : 34 <-- 0.020095 s
currentSize : 35 <-- 0.020264 s
currentSize : 37 <-- 0.024688 s
currentSize : 38 <-- 0.024903 s
currentSize : 39 <-- 0.025131 s
currentSize : 40 <-- 0.294697 s
currentSize : 41 <-- 0.294843 s
currentSize : 42 <-- 0.294943 s
currentSize : 43 <-- 5.486621 s
currentSize : 44 <-- 5.490267 s
currentSize : 46 <-- 5.490352 s
currentSize : 49 <-- 5.536289 s

maxsize : 49
nodes : 2020943.000000
filtered : 10590028.000000
time : 8.977720
