Parameters: GAD=1 vflib=1 dir=1 label=1 lowerbound=1 fileNameGp=../../cp2016-max-common-connected-subgraph-paper/datasets/graphsdb/mcs70/m2D/m2D/mcs70_m2D_s70.A07 fileNameGt=../../cp2016-max-common-connected-subgraph-paper/datasets/graphsdb/mcs70/m2D/m2D/mcs70_m2D_s70.B07
Reading graphs...
70 : 123
70 : 123
Initializing...
maxdom : 9
D->valSize : 352
Solving...
Blb : 3 (clique : 34)
currentSize : 34 <-- 0.003022 s
currentSize : 35 <-- 0.317525 s
currentSize : 36 <-- 0.598460 s
currentSize : 37 <-- 0.598875 s
currentSize : 38 <-- 1.246774 s
currentSize : 39 <-- 3.568161 s
currentSize : 40 <-- 3.568267 s
currentSize : 41 <-- 3.919695 s
currentSize : 42 <-- 3.920580 s
currentSize : 44 <-- 4.320818 s
currentSize : 45 <-- 6.105837 s
currentSize : 48 <-- 6.113278 s
currentSize : 49 <-- 6.157609 s
currentSize : 50 <-- 6.157840 s

maxsize : 50
nodes : 1573227.000000
filtered : 8919551.000000
time : 7.126756
