Parameters: GAD=1 vflib=1 dir=1 label=1 lowerbound=1 fileNameGp=../../cp2016-max-common-connected-subgraph-paper/datasets/graphsdb/mcs70/rand/r001/mcs70_r001_s100.A07 fileNameGt=../../cp2016-max-common-connected-subgraph-paper/datasets/graphsdb/mcs70/rand/r001/mcs70_r001_s100.B07
Reading graphs...
100 : 120
100 : 120
Initializing...
maxdom : 8
D->valSize : 390
Solving...
Blb : 2 (clique : 56)
currentSize : 56 <-- 0.004300 s
currentSize : 57 <-- 0.008422 s
currentSize : 58 <-- 0.015724 s
currentSize : 59 <-- 0.226770 s
currentSize : 60 <-- 0.692253 s
currentSize : 61 <-- 0.815266 s
currentSize : 62 <-- 17.209116 s

TIMEOUT
maxsize : 62
nodes : 198423831.000000
filtered : 815294560.000000
time : 1000.000061
