Parameters: GAD=1 vflib=1 dir=1 label=1 lowerbound=1 fileNameGp=../../cp2016-max-common-connected-subgraph-paper/datasets/graphsdb/mcs70/bvg/b03m/mcs70_b03m_s90.A09 fileNameGt=../../cp2016-max-common-connected-subgraph-paper/datasets/graphsdb/mcs70/bvg/b03m/mcs70_b03m_s90.B09
Reading graphs...
90 : 135
90 : 135
Initializing...
maxdom : 9
D->valSize : 556
Solving...
Blb : 2 (clique : 50)
currentSize : 50 <-- 0.011491 s
currentSize : 51 <-- 0.012232 s
currentSize : 52 <-- 0.012786 s
currentSize : 53 <-- 0.013065 s
currentSize : 54 <-- 0.014320 s
currentSize : 55 <-- 0.033408 s
currentSize : 56 <-- 0.033509 s
currentSize : 57 <-- 0.050439 s
currentSize : 58 <-- 0.171110 s

TIMEOUT
maxsize : 58
nodes : 194798902.000000
filtered : 812900025.000000
time : 1000.000061
