Parameters: GAD=1 vflib=1 dir=1 label=1 lowerbound=1 fileNameGp=../../cp2016-max-common-connected-subgraph-paper/datasets/graphsdb/mcs70/m3D/m3Dr2/mcs70_m3Dr2_s40.A01 fileNameGt=../../cp2016-max-common-connected-subgraph-paper/datasets/graphsdb/mcs70/m3D/m3Dr2/mcs70_m3Dr2_s40.B01
Reading graphs...
40 : 92
40 : 92
Initializing...
maxdom : 9
D->valSize : 222
Solving...
Blb : 2 (clique : 14)
currentSize : 14 <-- 0.001316 s
currentSize : 15 <-- 0.001605 s
currentSize : 16 <-- 0.002097 s
currentSize : 17 <-- 0.002153 s
currentSize : 18 <-- 0.012786 s
currentSize : 20 <-- 0.014839 s
currentSize : 21 <-- 0.018729 s
currentSize : 23 <-- 0.027238 s
currentSize : 24 <-- 0.027452 s
currentSize : 25 <-- 0.027771 s
currentSize : 26 <-- 0.028353 s
currentSize : 28 <-- 0.034538 s

maxsize : 28
nodes : 10608.000000
filtered : 79010.000000
time : 0.039914
