Parameters: GAD=1 vflib=1 dir=1 label=1 lowerbound=1 fileNameGp=../../cp2016-max-common-connected-subgraph-paper/datasets/graphsdb/mcs70/bvg/b03m/mcs70_b03m_s70.A01 fileNameGt=../../cp2016-max-common-connected-subgraph-paper/datasets/graphsdb/mcs70/bvg/b03m/mcs70_b03m_s70.B01
Reading graphs...
70 : 105
70 : 105
Initializing...
maxdom : 8
D->valSize : 338
Solving...
Blb : 2 (clique : 40)
currentSize : 40 <-- 0.004583 s
currentSize : 42 <-- 0.005054 s
currentSize : 43 <-- 0.035090 s
currentSize : 44 <-- 7.621036 s
currentSize : 45 <-- 23.058640 s
currentSize : 46 <-- 24.703400 s
currentSize : 47 <-- 31.009075 s
currentSize : 48 <-- 37.826992 s

maxsize : 48
nodes : 10565543.000000
filtered : 50699268.000000
time : 46.299232
