Parameters: GAD=1 vflib=1 dir=1 label=1 lowerbound=1 fileNameGp=../../cp2016-max-common-connected-subgraph-paper/datasets/graphsdb/mcs70/m2D/m2Dr4/mcs70_m2Dr4_s90.A03 fileNameGt=../../cp2016-max-common-connected-subgraph-paper/datasets/graphsdb/mcs70/m2D/m2Dr4/mcs70_m2Dr4_s90.B03
Reading graphs...
90 : 197
90 : 194
Initializing...
maxdom : 11
D->valSize : 577
Solving...
Blb : 2 (clique : 53)
currentSize : 53 <-- 0.011893 s
currentSize : 54 <-- 0.012760 s
currentSize : 55 <-- 0.015365 s
currentSize : 56 <-- 0.039618 s
currentSize : 57 <-- 0.065387 s
currentSize : 58 <-- 0.065517 s
currentSize : 59 <-- 0.176684 s
currentSize : 60 <-- 0.206533 s
currentSize : 61 <-- 0.231036 s
currentSize : 62 <-- 0.231085 s
currentSize : 63 <-- 0.724423 s
currentSize : 64 <-- 0.740447 s
currentSize : 65 <-- 0.740502 s

maxsize : 65
nodes : 14070857.000000
filtered : 82971707.000000
time : 73.904129
