Parameters: GAD=1 vflib=1 dir=1 label=1 lowerbound=1 fileNameGp=../../cp2016-max-common-connected-subgraph-paper/datasets/graphsdb/mcs70/bvg/b09/mcs70_b09_s90.A09 fileNameGt=../../cp2016-max-common-connected-subgraph-paper/datasets/graphsdb/mcs70/bvg/b09/mcs70_b09_s90.B09
Reading graphs...
90 : 405
90 : 405
Initializing...
maxdom : 8
D->valSize : 550
Solving...
Blb : 2 (clique : 49)
currentSize : 49 <-- 0.006151 s
currentSize : 52 <-- 8.476458 s
currentSize : 54 <-- 8.476777 s
currentSize : 56 <-- 8.477379 s
currentSize : 58 <-- 8.477565 s
currentSize : 59 <-- 8.478482 s
currentSize : 60 <-- 8.479893 s
currentSize : 62 <-- 8.480103 s

maxsize : 62
nodes : 3551450.000000
filtered : 30100871.000000
time : 20.941219
