Parameters: GAD=1 vflib=1 dir=1 label=1 lowerbound=1 fileNameGp=../../cp2016-max-common-connected-subgraph-paper/datasets/graphsdb/mcs70/bvg/b03/mcs70_b03_s100.A03 fileNameGt=../../cp2016-max-common-connected-subgraph-paper/datasets/graphsdb/mcs70/bvg/b03/mcs70_b03_s100.B03
Reading graphs...
100 : 150
100 : 150
Initializing...
maxdom : 6
D->valSize : 359
Solving...
Blb : 2 (clique : 62)
currentSize : 62 <-- 0.006040 s
currentSize : 63 <-- 0.006866 s
currentSize : 64 <-- 0.007882 s
currentSize : 65 <-- 0.012421 s
currentSize : 66 <-- 0.021061 s
currentSize : 67 <-- 0.026412 s
currentSize : 68 <-- 0.072772 s
currentSize : 69 <-- 0.076963 s
currentSize : 70 <-- 0.089170 s

TIMEOUT
maxsize : 70
nodes : 193154669.000000
filtered : 613824335.000000
time : 1000.000122
