Parameters: GAD=1 vflib=1 dir=1 label=1 lowerbound=1 fileNameGp=../../cp2016-max-common-connected-subgraph-paper/datasets/graphsdb/mcs70/bvg/b06/mcs70_b06_s60.A06 fileNameGt=../../cp2016-max-common-connected-subgraph-paper/datasets/graphsdb/mcs70/bvg/b06/mcs70_b06_s60.B06
Reading graphs...
60 : 180
60 : 180
Initializing...
maxdom : 7
D->valSize : 238
Solving...
Blb : 3 (clique : 29)
currentSize : 29 <-- 0.001652 s
currentSize : 32 <-- 0.083329 s
currentSize : 33 <-- 0.104066 s
currentSize : 34 <-- 0.104272 s
currentSize : 37 <-- 0.104493 s
currentSize : 38 <-- 0.104726 s
currentSize : 39 <-- 0.301463 s
currentSize : 41 <-- 0.301570 s
currentSize : 42 <-- 0.301824 s

maxsize : 42
nodes : 89120.000000
filtered : 476077.000000
time : 0.359941
