Parameters: GAD=1 vflib=1 dir=1 label=1 lowerbound=1 fileNameGp=../../cp2016-max-common-connected-subgraph-paper/datasets/graphsdb/mcs70/bvg/b06m/mcs70_b06m_s60.A00 fileNameGt=../../cp2016-max-common-connected-subgraph-paper/datasets/graphsdb/mcs70/bvg/b06m/mcs70_b06m_s60.B00
Reading graphs...
60 : 180
60 : 180
Initializing...
maxdom : 7
D->valSize : 241
Solving...
Blb : 5 (clique : 21)
currentSize : 21 <-- 0.002630 s
currentSize : 22 <-- 0.002873 s
currentSize : 23 <-- 0.003003 s
currentSize : 25 <-- 0.012192 s
currentSize : 26 <-- 0.012409 s
currentSize : 29 <-- 0.016138 s
currentSize : 30 <-- 0.016284 s
currentSize : 31 <-- 0.403000 s
currentSize : 35 <-- 0.496300 s
currentSize : 36 <-- 0.621685 s
currentSize : 40 <-- 0.703134 s
currentSize : 42 <-- 0.703295 s

maxsize : 42
nodes : 148244.000000
filtered : 886967.000000
time : 0.725335
