Parameters: GAD=1 vflib=1 dir=1 label=1 lowerbound=1 fileNameGp=../../cp2016-max-common-connected-subgraph-paper/datasets/graphsdb/mcs70/bvg/b03m/mcs70_b03m_s90.A00 fileNameGt=../../cp2016-max-common-connected-subgraph-paper/datasets/graphsdb/mcs70/bvg/b03m/mcs70_b03m_s90.B00
Reading graphs...
90 : 135
90 : 135
Initializing...
maxdom : 8
D->valSize : 532
Solving...
Blb : 3 (clique : 50)
currentSize : 50 <-- 0.006379 s
currentSize : 51 <-- 0.014189 s
currentSize : 52 <-- 0.027903 s
currentSize : 53 <-- 0.148970 s
currentSize : 54 <-- 0.242467 s
currentSize : 55 <-- 0.254306 s
currentSize : 56 <-- 0.390228 s

TIMEOUT
maxsize : 56
nodes : 176480233.000000
filtered : 1099986699.000000
time : 1000.000061
