Parameters: GAD=1 vflib=1 dir=1 label=1 lowerbound=1 fileNameGp=../../cp2016-max-common-connected-subgraph-paper/datasets/graphsdb/mcs70/m3D/m3D/mcs70_m3D_s100.A08 fileNameGt=../../cp2016-max-common-connected-subgraph-paper/datasets/graphsdb/mcs70/m3D/m3D/mcs70_m3D_s100.B08
Reading graphs...
100 : 235
100 : 235
Initializing...
maxdom : 7
D->valSize : 389
Solving...
Blb : 2 (clique : 43)
currentSize : 43 <-- 0.004009 s
currentSize : 45 <-- 0.058836 s
currentSize : 46 <-- 0.058965 s
currentSize : 47 <-- 0.061089 s
currentSize : 49 <-- 0.106193 s
currentSize : 52 <-- 0.106365 s
currentSize : 53 <-- 0.106831 s
currentSize : 54 <-- 0.141076 s
currentSize : 55 <-- 0.141558 s
currentSize : 56 <-- 0.143311 s
currentSize : 57 <-- 0.437077 s
currentSize : 58 <-- 0.437376 s
currentSize : 59 <-- 0.486310 s
currentSize : 60 <-- 0.487222 s
currentSize : 61 <-- 0.487497 s
currentSize : 62 <-- 1.333908 s
currentSize : 64 <-- 1.371206 s

maxsize : 64
nodes : 6794383.000000
filtered : 27129492.000000
time : 35.817047
