Parameters: GAD=1 vflib=1 dir=1 label=1 lowerbound=1 fileNameGp=../../cp2016-max-common-connected-subgraph-paper/datasets/graphsdb/mcs70/bvg/b03/mcs70_b03_s70.A03 fileNameGt=../../cp2016-max-common-connected-subgraph-paper/datasets/graphsdb/mcs70/bvg/b03/mcs70_b03_s70.B03
Reading graphs...
70 : 105
70 : 105
Initializing...
maxdom : 8
D->valSize : 354
Solving...
Blb : 2 (clique : 45)
currentSize : 45 <-- 0.005453 s
currentSize : 46 <-- 0.090735 s
currentSize : 47 <-- 0.091042 s
currentSize : 48 <-- 0.223020 s
currentSize : 49 <-- 0.233111 s
currentSize : 50 <-- 38.216633 s

maxsize : 50
nodes : 13102456.000000
filtered : 65354916.000000
time : 56.019066
