Parameters: GAD=1 vflib=1 dir=1 label=1 lowerbound=1 fileNameGp=../../cp2016-max-common-connected-subgraph-paper/datasets/graphsdb/mcs70/bvg/b03/mcs70_b03_s100.A00 fileNameGt=../../cp2016-max-common-connected-subgraph-paper/datasets/graphsdb/mcs70/bvg/b03/mcs70_b03_s100.B00
Reading graphs...
100 : 150
100 : 150
Initializing...
maxdom : 7
D->valSize : 379
Solving...
Blb : 2 (clique : 55)
currentSize : 55 <-- 0.004125 s
currentSize : 56 <-- 0.004641 s
currentSize : 57 <-- 0.005501 s
currentSize : 58 <-- 0.006044 s
currentSize : 59 <-- 0.024064 s
currentSize : 60 <-- 0.040046 s
currentSize : 62 <-- 0.040620 s
currentSize : 63 <-- 0.040837 s
currentSize : 64 <-- 0.178441 s
currentSize : 65 <-- 0.178625 s
currentSize : 67 <-- 0.178774 s
currentSize : 68 <-- 0.178976 s
currentSize : 69 <-- 0.231538 s
currentSize : 70 <-- 71.362885 s
currentSize : 71 <-- 71.363724 s

maxsize : 71
nodes : 109436611.000000
filtered : 342040997.000000
time : 537.817078
