Parameters: GAD=1 vflib=1 dir=1 label=1 lowerbound=1 fileNameGp=../../cp2016-max-common-connected-subgraph-paper/datasets/graphsdb/mcs70/m2D/m2D/mcs70_m2D_s60.A06 fileNameGt=../../cp2016-max-common-connected-subgraph-paper/datasets/graphsdb/mcs70/m2D/m2D/mcs70_m2D_s60.B06
Reading graphs...
60 : 104
60 : 104
Initializing...
maxdom : 9
D->valSize : 289
Solving...
Blb : 2 (clique : 30)
currentSize : 30 <-- 0.003568 s
currentSize : 32 <-- 0.003871 s
currentSize : 33 <-- 0.003998 s
currentSize : 34 <-- 0.006225 s
currentSize : 35 <-- 11.116218 s
currentSize : 36 <-- 16.597960 s
currentSize : 37 <-- 29.710697 s

maxsize : 37
nodes : 9595090.000000
filtered : 47299967.000000
time : 38.193035
