Parameters: GAD=1 vflib=1 dir=1 label=1 lowerbound=1 fileNameGp=../../cp2016-max-common-connected-subgraph-paper/datasets/graphsdb/mcs70/bvg/b06m/mcs70_b06m_s80.A05 fileNameGt=../../cp2016-max-common-connected-subgraph-paper/datasets/graphsdb/mcs70/bvg/b06m/mcs70_b06m_s80.B05
Reading graphs...
80 : 240
80 : 240
Initializing...
maxdom : 8
D->valSize : 444
Solving...
Blb : 3 (clique : 33)
currentSize : 33 <-- 0.004317 s
currentSize : 34 <-- 0.076346 s
currentSize : 35 <-- 0.076544 s
currentSize : 38 <-- 0.076644 s
currentSize : 39 <-- 0.120396 s
currentSize : 40 <-- 0.120572 s
currentSize : 43 <-- 2.172054 s
currentSize : 44 <-- 2.172162 s
currentSize : 45 <-- 2.183289 s
currentSize : 46 <-- 2.183462 s
currentSize : 48 <-- 11.697295 s
currentSize : 51 <-- 21.124537 s
currentSize : 53 <-- 70.457275 s
currentSize : 54 <-- 70.459435 s
currentSize : 56 <-- 70.462936 s

maxsize : 56
nodes : 19537890.000000
filtered : 106983727.000000
time : 91.122963
