Parameters: GAD=1 vflib=1 dir=1 label=1 lowerbound=1 fileNameGp=../../cp2016-max-common-connected-subgraph-paper/datasets/graphsdb/mcs70/bvg/b03m/mcs70_b03m_s90.A06 fileNameGt=../../cp2016-max-common-connected-subgraph-paper/datasets/graphsdb/mcs70/bvg/b03m/mcs70_b03m_s90.B06
Reading graphs...
90 : 135
90 : 135
Initializing...
maxdom : 11
D->valSize : 585
Solving...
Blb : 2 (clique : 51)
currentSize : 51 <-- 0.012348 s
currentSize : 53 <-- 0.014646 s
currentSize : 54 <-- 0.023887 s
currentSize : 56 <-- 0.044501 s
currentSize : 57 <-- 0.050643 s
currentSize : 58 <-- 278.275665 s
currentSize : 59 <-- 498.373871 s

TIMEOUT
maxsize : 59
nodes : 198178111.000000
filtered : 1003533920.000000
time : 1000.000061
