Parameters: GAD=1 vflib=1 dir=1 label=1 lowerbound=1 fileNameGp=../../cp2016-max-common-connected-subgraph-paper/datasets/graphsdb/mcs70/bvg/b09/mcs70_b09_s100.A08 fileNameGt=../../cp2016-max-common-connected-subgraph-paper/datasets/graphsdb/mcs70/bvg/b09/mcs70_b09_s100.B08
Reading graphs...
100 : 450
100 : 450
Initializing...
maxdom : 7
D->valSize : 380
Solving...
Blb : 2 (clique : 43)
currentSize : 43 <-- 0.006253 s
currentSize : 46 <-- 0.006823 s
currentSize : 53 <-- 0.019664 s
currentSize : 56 <-- 0.026190 s
currentSize : 64 <-- 0.072190 s
currentSize : 70 <-- 1.361326 s

maxsize : 70
nodes : 329864.000000
filtered : 2423655.000000
time : 2.154736
