Parameters: GAD=1 vflib=1 dir=1 label=1 lowerbound=1 fileNameGp=../../cp2016-max-common-connected-subgraph-paper/datasets/graphsdb/mcs70/m3D/m3Dr4/mcs70_m3Dr4_s90.A06 fileNameGt=../../cp2016-max-common-connected-subgraph-paper/datasets/graphsdb/mcs70/m3D/m3Dr4/mcs70_m3Dr4_s90.B06
Reading graphs...
90 : 245
90 : 245
Initializing...
maxdom : 8
D->valSize : 559
Solving...
Blb : 2 (clique : 52)
currentSize : 52 <-- 0.006669 s
currentSize : 53 <-- 0.007220 s
currentSize : 54 <-- 0.007477 s
currentSize : 57 <-- 0.018703 s
currentSize : 58 <-- 0.019099 s
currentSize : 59 <-- 0.019426 s
currentSize : 60 <-- 0.080810 s
currentSize : 62 <-- 0.080991 s
currentSize : 64 <-- 0.086861 s

maxsize : 64
nodes : 54805803.000000
filtered : 303549923.000000
time : 284.211304
