Parameters: GAD=1 vflib=1 dir=1 label=1 lowerbound=1 fileNameGp=../../cp2016-max-common-connected-subgraph-paper/datasets/graphsdb/mcs70/bvg/b03/mcs70_b03_s100.A05 fileNameGt=../../cp2016-max-common-connected-subgraph-paper/datasets/graphsdb/mcs70/bvg/b03/mcs70_b03_s100.B05
Reading graphs...
100 : 150
100 : 150
Initializing...
maxdom : 7
D->valSize : 359
Solving...
Blb : 2 (clique : 51)
currentSize : 51 <-- 0.003793 s
currentSize : 52 <-- 0.004478 s
currentSize : 53 <-- 0.004914 s
currentSize : 54 <-- 17.011562 s
currentSize : 55 <-- 17.011940 s
currentSize : 56 <-- 17.012648 s
currentSize : 57 <-- 175.390060 s
currentSize : 58 <-- 175.390472 s
currentSize : 59 <-- 175.937515 s
currentSize : 60 <-- 253.412033 s
currentSize : 61 <-- 256.504974 s
currentSize : 62 <-- 256.794769 s
currentSize : 63 <-- 410.022278 s
currentSize : 64 <-- 417.415924 s
currentSize : 65 <-- 417.535736 s
currentSize : 66 <-- 417.596344 s
currentSize : 67 <-- 813.779358 s
currentSize : 68 <-- 829.130676 s
currentSize : 69 <-- 829.131409 s
currentSize : 70 <-- 829.240173 s

TIMEOUT
maxsize : 70
nodes : 207415200.000000
filtered : 603575613.000000
time : 1000.000122
