Parameters: GAD=1 vflib=1 dir=1 label=1 lowerbound=1 fileNameGp=../../cp2016-max-common-connected-subgraph-paper/datasets/graphsdb/mcs70/m3D/m3Dr6/mcs70_m3Dr6_s40.A01 fileNameGt=../../cp2016-max-common-connected-subgraph-paper/datasets/graphsdb/mcs70/m3D/m3Dr6/mcs70_m3Dr6_s40.B01
Reading graphs...
40 : 108
40 : 108
Initializing...
maxdom : 8
D->valSize : 217
Solving...
Blb : 2 (clique : 14)
currentSize : 14 <-- 0.001189 s
currentSize : 17 <-- 0.001259 s
currentSize : 18 <-- 0.045848 s
currentSize : 19 <-- 0.060309 s
currentSize : 20 <-- 0.060386 s
currentSize : 21 <-- 0.094701 s
currentSize : 23 <-- 0.116850 s
currentSize : 26 <-- 0.128449 s
currentSize : 27 <-- 0.128523 s

maxsize : 27
nodes : 33764.000000
filtered : 355701.000000
time : 0.133934
