Parameters: GAD=1 vflib=1 dir=1 label=1 lowerbound=1 fileNameGp=../../cp2016-max-common-connected-subgraph-paper/datasets/graphsdb/mcs70/bvg/b06m/mcs70_b06m_s50.A09 fileNameGt=../../cp2016-max-common-connected-subgraph-paper/datasets/graphsdb/mcs70/bvg/b06m/mcs70_b06m_s50.B09
Reading graphs...
50 : 150
50 : 150
Initializing...
maxdom : 16
D->valSize : 389
Solving...
Blb : 3 (clique : 23)
currentSize : 23 <-- 0.002909 s
currentSize : 25 <-- 0.003106 s
currentSize : 27 <-- 0.003210 s
currentSize : 28 <-- 0.175751 s
currentSize : 29 <-- 0.367176 s
currentSize : 32 <-- 0.367245 s
currentSize : 34 <-- 0.367289 s
currentSize : 35 <-- 0.438435 s

maxsize : 35
nodes : 99819.000000
filtered : 1012410.000000
time : 0.467823
