Parameters: GAD=1 vflib=1 dir=1 label=1 lowerbound=1 fileNameGp=../../cp2016-max-common-connected-subgraph-paper/datasets/graphsdb/mcs70/bvg/b06m/mcs70_b06m_s50.A02 fileNameGt=../../cp2016-max-common-connected-subgraph-paper/datasets/graphsdb/mcs70/bvg/b06m/mcs70_b06m_s50.B02
Reading graphs...
50 : 150
50 : 150
Initializing...
maxdom : 8
D->valSize : 329
Solving...
Blb : 3 (clique : 26)
currentSize : 26 <-- 0.003741 s
currentSize : 27 <-- 0.230887 s
currentSize : 28 <-- 0.231114 s
currentSize : 29 <-- 0.391470 s
currentSize : 30 <-- 0.391749 s
currentSize : 31 <-- 0.391848 s
currentSize : 32 <-- 0.482816 s
currentSize : 33 <-- 0.482927 s
currentSize : 34 <-- 0.483314 s
currentSize : 35 <-- 0.483445 s

maxsize : 35
nodes : 122124.000000
filtered : 1184249.000000
time : 0.563938
