Parameters: GAD=1 vflib=1 dir=1 label=1 lowerbound=1 fileNameGp=../../cp2016-max-common-connected-subgraph-paper/datasets/graphsdb/mcs70/rand/r005/mcs70_r005_s40.A00 fileNameGt=../../cp2016-max-common-connected-subgraph-paper/datasets/graphsdb/mcs70/rand/r005/mcs70_r005_s40.B00
Reading graphs...
40 : 77
40 : 77
Initializing...
maxdom : 8
D->valSize : 234
Solving...
Blb : 2 (clique : 15)
currentSize : 15 <-- 0.001328 s
currentSize : 16 <-- 0.001411 s
currentSize : 17 <-- 0.001990 s
currentSize : 18 <-- 0.002032 s
currentSize : 19 <-- 0.310717 s
currentSize : 21 <-- 0.494287 s
currentSize : 23 <-- 0.495268 s
currentSize : 25 <-- 0.529745 s
currentSize : 28 <-- 0.550312 s

maxsize : 28
nodes : 126116.000000
filtered : 1508280.000000
time : 0.560554
