Parameters: GAD=1 vflib=1 dir=1 label=1 lowerbound=1 fileNameGp=../../cp2016-max-common-connected-subgraph-paper/datasets/graphsdb/mcs70/m2D/m2Dr2/mcs70_m2Dr2_s50.A01 fileNameGt=../../cp2016-max-common-connected-subgraph-paper/datasets/graphsdb/mcs70/m2D/m2Dr2/mcs70_m2Dr2_s50.B01
Reading graphs...
50 : 95
50 : 95
Initializing...
maxdom : 13
D->valSize : 388
Solving...
Blb : 2 (clique : 21)
currentSize : 21 <-- 0.004903 s
currentSize : 22 <-- 0.005149 s
currentSize : 24 <-- 0.173173 s
currentSize : 25 <-- 0.697127 s
currentSize : 26 <-- 0.878291 s
currentSize : 27 <-- 1.281498 s
currentSize : 28 <-- 1.371139 s
currentSize : 29 <-- 1.371195 s
currentSize : 30 <-- 1.984688 s
currentSize : 31 <-- 2.267376 s
currentSize : 32 <-- 2.267456 s
currentSize : 33 <-- 2.718532 s
currentSize : 35 <-- 2.774284 s
currentSize : 36 <-- 2.774481 s

maxsize : 36
nodes : 619339.000000
filtered : 6613529.000000
time : 3.092256
