Parameters: GAD=1 vflib=1 dir=1 label=1 lowerbound=1 fileNameGp=../../cp2016-max-common-connected-subgraph-paper/datasets/graphsdb/mcs70/m2D/m2D/mcs70_m2D_s70.A05 fileNameGt=../../cp2016-max-common-connected-subgraph-paper/datasets/graphsdb/mcs70/m2D/m2D/mcs70_m2D_s70.B05
Reading graphs...
70 : 123
70 : 123
Initializing...
maxdom : 9
D->valSize : 375
Solving...
Blb : 2 (clique : 37)
currentSize : 37 <-- 0.005401 s
currentSize : 38 <-- 0.006067 s
currentSize : 39 <-- 0.006217 s
currentSize : 40 <-- 0.010076 s
currentSize : 41 <-- 0.010275 s
currentSize : 42 <-- 0.013298 s
currentSize : 43 <-- 0.013577 s
currentSize : 44 <-- 0.031780 s
currentSize : 45 <-- 0.031995 s
currentSize : 46 <-- 0.042051 s
currentSize : 47 <-- 0.042290 s
currentSize : 48 <-- 3.170549 s
currentSize : 49 <-- 3.170712 s

maxsize : 49
nodes : 1184150.000000
filtered : 6947115.000000
time : 5.364621
