Parameters: GAD=1 vflib=1 dir=1 label=1 lowerbound=1 fileNameGp=../../cp2016-max-common-connected-subgraph-paper/datasets/graphsdb/mcs70/m2D/m2Dr2/mcs70_m2Dr2_s70.A03 fileNameGt=../../cp2016-max-common-connected-subgraph-paper/datasets/graphsdb/mcs70/m2D/m2Dr2/mcs70_m2Dr2_s70.B03
Reading graphs...
70 : 137
70 : 137
Initializing...
maxdom : 7
D->valSize : 335
Solving...
Blb : 2 (clique : 35)
currentSize : 35 <-- 0.002763 s
currentSize : 36 <-- 0.060043 s
currentSize : 37 <-- 1.285187 s
currentSize : 38 <-- 2.867237 s
currentSize : 40 <-- 2.867776 s
currentSize : 41 <-- 2.867951 s
currentSize : 42 <-- 6.477066 s
currentSize : 43 <-- 6.477225 s
currentSize : 44 <-- 8.579484 s
currentSize : 46 <-- 13.781059 s
currentSize : 47 <-- 13.781282 s
currentSize : 49 <-- 13.962272 s

maxsize : 49
nodes : 3579906.000000
filtered : 17616855.000000
time : 16.111231
