Parameters: GAD=1 vflib=1 dir=1 label=1 lowerbound=1 fileNameGp=../../cp2016-max-common-connected-subgraph-paper/datasets/graphsdb/mcs70/m2D/m2Dr2/mcs70_m2Dr2_s60.A09 fileNameGt=../../cp2016-max-common-connected-subgraph-paper/datasets/graphsdb/mcs70/m2D/m2Dr2/mcs70_m2Dr2_s60.B09
Reading graphs...
60 : 116
60 : 116
Initializing...
maxdom : 7
D->valSize : 257
Solving...
Blb : 2 (clique : 27)
currentSize : 27 <-- 0.002962 s
currentSize : 28 <-- 0.003310 s
currentSize : 30 <-- 0.004102 s
currentSize : 31 <-- 0.007772 s
currentSize : 33 <-- 0.012511 s
currentSize : 34 <-- 0.012653 s
currentSize : 36 <-- 0.013310 s
currentSize : 37 <-- 0.015966 s

maxsize : 37
nodes : 132588.000000
filtered : 729433.000000
time : 0.593426
