Parameters: GAD=1 vflib=1 dir=1 label=1 lowerbound=1 fileNameGp=../../cp2016-max-common-connected-subgraph-paper/datasets/graphsdb/mcs70/m2D/m2Dr2/mcs70_m2Dr2_s100.A01 fileNameGt=../../cp2016-max-common-connected-subgraph-paper/datasets/graphsdb/mcs70/m2D/m2Dr2/mcs70_m2Dr2_s100.B01
Reading graphs...
100 : 200
100 : 200
Initializing...
maxdom : 6
D->valSize : 345
Solving...
Blb : 2 (clique : 44)
currentSize : 44 <-- 0.003608 s
currentSize : 45 <-- 1.654407 s
currentSize : 46 <-- 14.497464 s
currentSize : 47 <-- 82.257065 s
currentSize : 48 <-- 82.288132 s
currentSize : 49 <-- 82.382805 s
currentSize : 50 <-- 82.383400 s
currentSize : 51 <-- 85.106911 s
currentSize : 52 <-- 157.052567 s
currentSize : 53 <-- 157.150970 s

TIMEOUT
maxsize : 53
nodes : 200960686.000000
filtered : 694512463.000000
time : 1000.000061
