Parameters: GAD=1 vflib=1 dir=1 label=1 lowerbound=1 fileNameGp=../../cp2016-max-common-connected-subgraph-paper/datasets/graphsdb/mcs70/m2D/m2D/mcs70_m2D_s70.A08 fileNameGt=../../cp2016-max-common-connected-subgraph-paper/datasets/graphsdb/mcs70/m2D/m2D/mcs70_m2D_s70.B08
Reading graphs...
70 : 123
70 : 123
Initializing...
maxdom : 7
D->valSize : 335
Solving...
Blb : 2 (clique : 37)
currentSize : 37 <-- 0.002799 s
currentSize : 38 <-- 0.003055 s
currentSize : 39 <-- 0.003186 s
currentSize : 40 <-- 0.003685 s
currentSize : 42 <-- 0.006203 s
currentSize : 43 <-- 0.102195 s
currentSize : 44 <-- 0.387657 s
currentSize : 45 <-- 0.395193 s
currentSize : 46 <-- 0.395499 s
currentSize : 47 <-- 1.224027 s
currentSize : 48 <-- 1.225314 s
currentSize : 49 <-- 1.225425 s

maxsize : 49
nodes : 2013771.000000
filtered : 10175754.000000
time : 8.933968
