Parameters: GAD=1 vflib=1 dir=1 label=1 lowerbound=1 fileNameGp=../../cp2016-max-common-connected-subgraph-paper/datasets/graphsdb/mcs70/bvg/b06m/mcs70_b06m_s90.A02 fileNameGt=../../cp2016-max-common-connected-subgraph-paper/datasets/graphsdb/mcs70/bvg/b06m/mcs70_b06m_s90.B02
Reading graphs...
90 : 270
90 : 270
Initializing...
maxdom : 8
D->valSize : 575
Solving...
Blb : 3 (clique : 46)
currentSize : 46 <-- 0.006952 s
currentSize : 47 <-- 0.007468 s
currentSize : 49 <-- 0.007879 s
currentSize : 50 <-- 0.010254 s
currentSize : 51 <-- 0.016850 s
currentSize : 52 <-- 0.022481 s
currentSize : 54 <-- 0.022610 s
currentSize : 56 <-- 0.022726 s
currentSize : 59 <-- 0.023480 s
currentSize : 60 <-- 0.051535 s
currentSize : 63 <-- 0.063713 s

maxsize : 63
nodes : 26122686.000000
filtered : 183486663.000000
time : 146.337204
