Parameters: GAD=1 vflib=1 dir=1 label=1 lowerbound=1 fileNameGp=../../cp2016-max-common-connected-subgraph-paper/datasets/graphsdb/mcs70/m2D/m2Dr2/mcs70_m2Dr2_s70.A05 fileNameGt=../../cp2016-max-common-connected-subgraph-paper/datasets/graphsdb/mcs70/m2D/m2Dr2/mcs70_m2Dr2_s70.B05
Reading graphs...
70 : 137
70 : 137
Initializing...
maxdom : 8
D->valSize : 342
Solving...
Blb : 2 (clique : 32)
currentSize : 32 <-- 0.004766 s
currentSize : 33 <-- 0.005124 s
currentSize : 34 <-- 0.005347 s
currentSize : 36 <-- 0.005710 s
currentSize : 37 <-- 0.020667 s
currentSize : 39 <-- 0.020844 s
currentSize : 40 <-- 0.037418 s
currentSize : 42 <-- 0.128231 s
currentSize : 43 <-- 0.128463 s
currentSize : 45 <-- 0.485718 s
currentSize : 47 <-- 0.486039 s
currentSize : 48 <-- 0.486298 s
currentSize : 49 <-- 1.101512 s

maxsize : 49
nodes : 426340.000000
filtered : 1864356.000000
time : 1.913817
