Parameters: GAD=1 vflib=1 dir=1 label=1 lowerbound=1 fileNameGp=../../cp2016-max-common-connected-subgraph-paper/datasets/graphsdb/mcs70/m3D/m3Dr4/mcs70_m3Dr4_s100.A02 fileNameGt=../../cp2016-max-common-connected-subgraph-paper/datasets/graphsdb/mcs70/m3D/m3Dr4/mcs70_m3Dr4_s100.B02
Reading graphs...
100 : 275
100 : 275
Initializing...
maxdom : 8
D->valSize : 374
Solving...
Blb : 3 (clique : 48)
currentSize : 48 <-- 0.003869 s
currentSize : 49 <-- 0.004540 s
currentSize : 51 <-- 0.012383 s
currentSize : 53 <-- 0.012832 s
currentSize : 54 <-- 0.013073 s
currentSize : 55 <-- 83.223808 s
currentSize : 56 <-- 83.224121 s
currentSize : 57 <-- 252.140732 s
currentSize : 58 <-- 252.141052 s
currentSize : 60 <-- 252.141342 s
currentSize : 61 <-- 252.141708 s
currentSize : 63 <-- 278.110077 s
currentSize : 64 <-- 278.110535 s

maxsize : 64
nodes : 68805446.000000
filtered : 309008944.000000
time : 366.261749
