Parameters: GAD=1 vflib=1 dir=1 label=1 lowerbound=1 fileNameGp=../../cp2016-max-common-connected-subgraph-paper/datasets/graphsdb/mcs70/m2D/m2Dr6/mcs70_m2Dr6_s90.A06 fileNameGt=../../cp2016-max-common-connected-subgraph-paper/datasets/graphsdb/mcs70/m2D/m2Dr6/mcs70_m2Dr6_s90.B06
Reading graphs...
90 : 215
90 : 214
Initializing...
maxdom : 10
D->valSize : 572
Solving...
Blb : 2 (clique : 45)
currentSize : 45 <-- 0.007232 s
currentSize : 51 <-- 0.007565 s
currentSize : 53 <-- 0.007640 s
currentSize : 54 <-- 0.008047 s
currentSize : 57 <-- 0.008954 s
currentSize : 58 <-- 0.009286 s
currentSize : 61 <-- 174.733383 s
currentSize : 62 <-- 174.733887 s
currentSize : 63 <-- 175.046814 s
currentSize : 64 <-- 175.047241 s

maxsize : 64
nodes : 61634714.000000
filtered : 282317442.000000
time : 304.495544
