Parameters: GAD=1 vflib=1 dir=1 label=1 lowerbound=1 fileNameGp=../../cp2016-max-common-connected-subgraph-paper/datasets/graphsdb/mcs70/m2D/m2Dr2/mcs70_m2Dr2_s60.A02 fileNameGt=../../cp2016-max-common-connected-subgraph-paper/datasets/graphsdb/mcs70/m2D/m2Dr2/mcs70_m2Dr2_s60.B02
Reading graphs...
60 : 116
60 : 116
Initializing...
maxdom : 8
D->valSize : 252
Solving...
Blb : 3 (clique : 22)
currentSize : 22 <-- 0.001830 s
currentSize : 23 <-- 0.005734 s
currentSize : 24 <-- 0.088133 s
currentSize : 25 <-- 0.090603 s
currentSize : 26 <-- 0.345680 s
currentSize : 27 <-- 0.369160 s
currentSize : 28 <-- 0.531982 s
currentSize : 29 <-- 0.756298 s
currentSize : 30 <-- 0.756340 s
currentSize : 31 <-- 0.927824 s
currentSize : 35 <-- 1.275289 s
currentSize : 36 <-- 1.853125 s

maxsize : 36
nodes : 1243089.000000
filtered : 5755806.000000
time : 4.777396
