Parameters: GAD=1 vflib=1 dir=1 label=1 lowerbound=1 fileNameGp=../../cp2016-max-common-connected-subgraph-paper/datasets/graphsdb/mcs70/bvg/b06/mcs70_b06_s90.A08 fileNameGt=../../cp2016-max-common-connected-subgraph-paper/datasets/graphsdb/mcs70/bvg/b06/mcs70_b06_s90.B08
Reading graphs...
90 : 270
90 : 270
Initializing...
maxdom : 10
D->valSize : 531
Solving...
Blb : 2 (clique : 28)
currentSize : 28 <-- 0.005832 s
currentSize : 35 <-- 0.006079 s
currentSize : 36 <-- 0.006653 s
currentSize : 37 <-- 0.007432 s
currentSize : 42 <-- 0.009013 s
currentSize : 43 <-- 0.152277 s
currentSize : 44 <-- 2.069001 s
currentSize : 45 <-- 44.425697 s
currentSize : 46 <-- 45.763870 s
currentSize : 49 <-- 140.636292 s
currentSize : 50 <-- 140.644958 s
currentSize : 58 <-- 262.036285 s
currentSize : 59 <-- 262.037354 s
currentSize : 62 <-- 360.717560 s
currentSize : 63 <-- 360.719147 s

maxsize : 63
nodes : 68416772.000000
filtered : 575543683.000000
time : 402.483826
