Parameters: GAD=1 vflib=1 dir=1 label=1 lowerbound=1 fileNameGp=../../cp2016-max-common-connected-subgraph-paper/datasets/graphsdb/mcs70/m2D/m2D/mcs70_m2D_s80.A05 fileNameGt=../../cp2016-max-common-connected-subgraph-paper/datasets/graphsdb/mcs70/m2D/m2D/mcs70_m2D_s80.B05
Reading graphs...
80 : 142
80 : 142
Initializing...
maxdom : 9
D->valSize : 420
Solving...
Blb : 2 (clique : 31)
currentSize : 31 <-- 0.004027 s
currentSize : 32 <-- 0.004278 s
currentSize : 33 <-- 0.004331 s
currentSize : 34 <-- 0.004509 s
currentSize : 35 <-- 0.004979 s
currentSize : 36 <-- 0.005629 s
currentSize : 37 <-- 0.005854 s
currentSize : 38 <-- 0.008507 s
currentSize : 39 <-- 0.142300 s
currentSize : 40 <-- 0.234152 s
currentSize : 41 <-- 0.234340 s

TIMEOUT
maxsize : 41
nodes : 174939666.000000
filtered : 1525880905.000000
time : 1000.000061
