Parameters: GAD=1 vflib=1 dir=1 label=1 lowerbound=1 fileNameGp=../../cp2016-max-common-connected-subgraph-paper/datasets/graphsdb/mcs70/bvg/b03/mcs70_b03_s70.A08 fileNameGt=../../cp2016-max-common-connected-subgraph-paper/datasets/graphsdb/mcs70/bvg/b03/mcs70_b03_s70.B08
Reading graphs...
70 : 105
70 : 105
Initializing...
maxdom : 8
D->valSize : 344
Solving...
Blb : 2 (clique : 38)
currentSize : 38 <-- 0.003093 s
currentSize : 39 <-- 0.003512 s
currentSize : 40 <-- 0.003680 s
currentSize : 42 <-- 0.004181 s
currentSize : 43 <-- 0.004264 s
currentSize : 46 <-- 0.021437 s
currentSize : 47 <-- 4.646309 s
currentSize : 48 <-- 16.616673 s

maxsize : 48
nodes : 4248096.000000
filtered : 22535681.000000
time : 20.345327
