Parameters: GAD=1 vflib=1 dir=1 label=1 lowerbound=1 fileNameGp=../../cp2016-max-common-connected-subgraph-paper/datasets/graphsdb/mcs70/m2D/m2Dr4/mcs70_m2Dr4_s60.A04 fileNameGt=../../cp2016-max-common-connected-subgraph-paper/datasets/graphsdb/mcs70/m2D/m2Dr4/mcs70_m2Dr4_s60.B04
Reading graphs...
60 : 128
60 : 128
Initializing...
maxdom : 7
D->valSize : 277
Solving...
Blb : 2 (clique : 29)
currentSize : 29 <-- 0.002016 s
currentSize : 30 <-- 0.002188 s
currentSize : 31 <-- 0.002263 s
currentSize : 33 <-- 0.108725 s
currentSize : 34 <-- 0.109276 s
currentSize : 35 <-- 1.122409 s
currentSize : 36 <-- 4.518164 s

maxsize : 36
nodes : 2109978.000000
filtered : 8823580.000000
time : 7.847206
