Parameters: GAD=1 vflib=1 dir=1 label=1 lowerbound=1 fileNameGp=../../cp2016-max-common-connected-subgraph-paper/datasets/graphsdb/mcs70/m3D/m3Dr2/mcs70_m3Dr2_s40.A02 fileNameGt=../../cp2016-max-common-connected-subgraph-paper/datasets/graphsdb/mcs70/m3D/m3Dr2/mcs70_m3Dr2_s40.B02
Reading graphs...
40 : 92
40 : 91
Initializing...
maxdom : 8
D->valSize : 205
Solving...
Blb : 5 (clique : 14)
currentSize : 14 <-- 0.001116 s
currentSize : 15 <-- 0.001402 s
currentSize : 16 <-- 0.002932 s
currentSize : 17 <-- 0.007748 s
currentSize : 18 <-- 0.010157 s
currentSize : 19 <-- 0.022531 s
currentSize : 20 <-- 0.027680 s
currentSize : 21 <-- 0.029810 s
currentSize : 23 <-- 0.033355 s
currentSize : 25 <-- 0.036474 s
currentSize : 27 <-- 0.037779 s

maxsize : 27
nodes : 9174.000000
filtered : 91727.000000
time : 0.038415
