Parameters: GAD=1 vflib=1 dir=1 label=1 lowerbound=1 fileNameGp=../../cp2016-max-common-connected-subgraph-paper/datasets/graphsdb/mcs70/bvg/b03/mcs70_b03_s80.A05 fileNameGt=../../cp2016-max-common-connected-subgraph-paper/datasets/graphsdb/mcs70/bvg/b03/mcs70_b03_s80.B05
Reading graphs...
80 : 120
80 : 120
Initializing...
maxdom : 11
D->valSize : 437
Solving...
Blb : 2 (clique : 35)
currentSize : 35 <-- 0.007362 s
currentSize : 36 <-- 0.035945 s
currentSize : 37 <-- 0.113305 s
currentSize : 38 <-- 4.734434 s
currentSize : 39 <-- 4.736378 s
currentSize : 40 <-- 18.066618 s
currentSize : 41 <-- 18.066704 s
currentSize : 42 <-- 33.385056 s
currentSize : 43 <-- 33.441422 s
currentSize : 44 <-- 33.441463 s
currentSize : 45 <-- 34.745087 s
currentSize : 46 <-- 58.517433 s
currentSize : 48 <-- 94.343201 s
currentSize : 50 <-- 115.747314 s
currentSize : 52 <-- 176.889679 s
currentSize : 53 <-- 234.757980 s
currentSize : 54 <-- 242.556610 s
currentSize : 58 <-- 242.563843 s

maxsize : 58
nodes : 67307345.000000
filtered : 377671887.000000
time : 335.341980
