Parameters: GAD=1 vflib=1 dir=1 label=1 lowerbound=1 fileNameGp=../../cp2016-max-common-connected-subgraph-paper/datasets/graphsdb/mcs70/m3D/m3D/mcs70_m3D_s100.A00 fileNameGt=../../cp2016-max-common-connected-subgraph-paper/datasets/graphsdb/mcs70/m3D/m3D/mcs70_m3D_s100.B00
Reading graphs...
100 : 235
100 : 235
Initializing...
maxdom : 6
D->valSize : 368
Solving...
Blb : 3 (clique : 42)
currentSize : 42 <-- 0.003807 s
currentSize : 43 <-- 0.029839 s
currentSize : 45 <-- 0.121949 s
currentSize : 46 <-- 0.123123 s
currentSize : 49 <-- 3.264574 s
currentSize : 50 <-- 21.452984 s
currentSize : 51 <-- 50.112045 s
currentSize : 52 <-- 123.652191 s
currentSize : 54 <-- 129.772797 s
currentSize : 55 <-- 129.873672 s
currentSize : 56 <-- 131.026932 s
currentSize : 57 <-- 131.175400 s
currentSize : 58 <-- 214.759705 s
currentSize : 60 <-- 214.760483 s
currentSize : 61 <-- 346.496124 s
currentSize : 62 <-- 517.963318 s
currentSize : 64 <-- 517.964905 s

maxsize : 64
nodes : 157151179.000000
filtered : 462675342.000000
time : 756.367493
