Parameters: GAD=1 vflib=1 dir=1 label=1 lowerbound=1 fileNameGp=../../cp2016-max-common-connected-subgraph-paper/datasets/graphsdb/mcs70/m2D/m2D/mcs70_m2D_s100.A08 fileNameGt=../../cp2016-max-common-connected-subgraph-paper/datasets/graphsdb/mcs70/m2D/m2D/mcs70_m2D_s100.B08
Reading graphs...
100 : 180
100 : 180
Initializing...
maxdom : 8
D->valSize : 360
Solving...
Blb : 2 (clique : 47)
currentSize : 47 <-- 0.003809 s
currentSize : 48 <-- 0.027172 s
currentSize : 50 <-- 0.041941 s
currentSize : 51 <-- 3.939937 s
currentSize : 53 <-- 3.941633 s
currentSize : 54 <-- 5.717669 s
currentSize : 56 <-- 6.615279 s
currentSize : 58 <-- 6.615541 s
currentSize : 59 <-- 10.383699 s
currentSize : 60 <-- 34.949387 s
currentSize : 61 <-- 35.203049 s
currentSize : 63 <-- 35.203175 s
currentSize : 64 <-- 35.208118 s

maxsize : 64
nodes : 33586105.000000
filtered : 120331970.000000
time : 177.840637
