Parameters: GAD=1 vflib=1 dir=1 label=1 lowerbound=1 fileNameGp=../../cp2016-max-common-connected-subgraph-paper/datasets/graphsdb/mcs70/rand/r005/mcs70_r005_s90.A02 fileNameGt=../../cp2016-max-common-connected-subgraph-paper/datasets/graphsdb/mcs70/rand/r005/mcs70_r005_s90.B02
Reading graphs...
90 : 399
90 : 399
Initializing...
maxdom : 9
D->valSize : 549
Solving...
Blb : 2 (clique : 21)
currentSize : 21 <-- 0.006012 s
currentSize : 22 <-- 0.007339 s
currentSize : 23 <-- 0.745079 s
currentSize : 24 <-- 0.878759 s
currentSize : 25 <-- 0.891940 s
currentSize : 26 <-- 0.921966 s
currentSize : 28 <-- 0.994287 s
currentSize : 30 <-- 1.000622 s
currentSize : 31 <-- 1.090305 s
currentSize : 33 <-- 1.118986 s
currentSize : 35 <-- 1.417690 s
currentSize : 38 <-- 1.476061 s
currentSize : 41 <-- 1.680472 s
currentSize : 44 <-- 1.682279 s
currentSize : 46 <-- 1.796203 s
currentSize : 48 <-- 1.980659 s
currentSize : 51 <-- 2.366055 s
currentSize : 53 <-- 2.582926 s
currentSize : 58 <-- 2.584033 s
currentSize : 63 <-- 2.584366 s

maxsize : 63
nodes : 451593.000000
filtered : 4698036.000000
time : 2.798913
