Parameters: GAD=1 vflib=1 dir=1 label=1 lowerbound=1 fileNameGp=../../cp2016-max-common-connected-subgraph-paper/datasets/graphsdb/mcs70/bvg/b03/mcs70_b03_s70.A00 fileNameGt=../../cp2016-max-common-connected-subgraph-paper/datasets/graphsdb/mcs70/bvg/b03/mcs70_b03_s70.B00
Reading graphs...
70 : 105
70 : 105
Initializing...
maxdom : 11
D->valSize : 383
Solving...
Blb : 3 (clique : 29)
currentSize : 29 <-- 0.003455 s
currentSize : 31 <-- 0.003685 s
currentSize : 32 <-- 0.010549 s
currentSize : 33 <-- 0.010648 s
currentSize : 34 <-- 0.012858 s
currentSize : 35 <-- 0.021511 s
currentSize : 36 <-- 0.033060 s
currentSize : 37 <-- 0.073308 s
currentSize : 38 <-- 0.073406 s
currentSize : 39 <-- 1.281738 s
currentSize : 40 <-- 4.923634 s
currentSize : 41 <-- 4.923919 s
currentSize : 42 <-- 5.938445 s
currentSize : 43 <-- 17.033203 s
currentSize : 44 <-- 19.488806 s
currentSize : 45 <-- 24.223820 s
currentSize : 46 <-- 26.396296 s
currentSize : 47 <-- 26.396479 s
currentSize : 48 <-- 38.634857 s

maxsize : 48
nodes : 9040527.000000
filtered : 64789396.000000
time : 45.193329
