Parameters: GAD=1 vflib=1 dir=1 label=1 lowerbound=1 fileNameGp=../../cp2016-max-common-connected-subgraph-paper/datasets/graphsdb/mcs70/bvg/b03/mcs70_b03_s60.A09 fileNameGt=../../cp2016-max-common-connected-subgraph-paper/datasets/graphsdb/mcs70/bvg/b03/mcs70_b03_s60.B09
Reading graphs...
60 : 90
60 : 90
Initializing...
maxdom : 9
D->valSize : 271
Solving...
Blb : 2 (clique : 25)
currentSize : 25 <-- 0.001924 s
currentSize : 26 <-- 0.002542 s
currentSize : 27 <-- 0.119766 s
currentSize : 28 <-- 0.237830 s
currentSize : 29 <-- 0.424987 s
currentSize : 30 <-- 0.774135 s
currentSize : 31 <-- 2.930368 s
currentSize : 32 <-- 2.930455 s
currentSize : 33 <-- 15.143007 s
currentSize : 35 <-- 18.728683 s
currentSize : 36 <-- 18.728764 s
currentSize : 37 <-- 21.141403 s
currentSize : 40 <-- 22.136694 s
currentSize : 42 <-- 22.518728 s

maxsize : 42
nodes : 5158284.000000
filtered : 33577954.000000
time : 22.611464
