Parameters: GAD=1 vflib=1 dir=1 label=1 lowerbound=1 fileNameGp=../../cp2016-max-common-connected-subgraph-paper/datasets/graphsdb/mcs70/bvg/b06/mcs70_b06_s90.A07 fileNameGt=../../cp2016-max-common-connected-subgraph-paper/datasets/graphsdb/mcs70/bvg/b06/mcs70_b06_s90.B07
Reading graphs...
90 : 270
90 : 270
Initializing...
maxdom : 10
D->valSize : 544
Solving...
Blb : 3 (clique : 39)
currentSize : 39 <-- 0.010458 s
currentSize : 40 <-- 20.083967 s
currentSize : 41 <-- 43.794914 s
currentSize : 42 <-- 404.503204 s
currentSize : 43 <-- 467.885590 s
currentSize : 44 <-- 467.953430 s
currentSize : 45 <-- 467.953583 s
currentSize : 47 <-- 467.960693 s
currentSize : 48 <-- 641.079407 s
currentSize : 49 <-- 790.254456 s
currentSize : 50 <-- 790.254639 s
currentSize : 51 <-- 791.746155 s
currentSize : 52 <-- 791.746277 s
currentSize : 53 <-- 791.746826 s
currentSize : 55 <-- 890.718262 s

TIMEOUT
maxsize : 55
nodes : 183902683.000000
filtered : 1314719367.000000
time : 1000.000061
