Parameters: GAD=1 vflib=1 dir=1 label=1 lowerbound=1 fileNameGp=../../cp2016-max-common-connected-subgraph-paper/datasets/graphsdb/mcs70/m2D/m2Dr6/mcs70_m2Dr6_s80.A04 fileNameGt=../../cp2016-max-common-connected-subgraph-paper/datasets/graphsdb/mcs70/m2D/m2Dr6/mcs70_m2Dr6_s80.B04
Reading graphs...
80 : 190
80 : 188
Initializing...
maxdom : 11
D->valSize : 440
Solving...
Blb : 3 (clique : 26)
currentSize : 26 <-- 0.004160 s
currentSize : 33 <-- 0.004362 s
currentSize : 36 <-- 0.004990 s
currentSize : 38 <-- 0.012166 s
currentSize : 39 <-- 0.060380 s
currentSize : 40 <-- 23.325384 s
currentSize : 41 <-- 23.325537 s
currentSize : 42 <-- 23.325808 s
currentSize : 43 <-- 23.469952 s
currentSize : 44 <-- 23.470404 s
currentSize : 45 <-- 23.470528 s
currentSize : 46 <-- 301.922729 s
currentSize : 47 <-- 301.922852 s
currentSize : 48 <-- 350.525299 s
currentSize : 49 <-- 350.525421 s

maxsize : 49
nodes : 101927572.000000
filtered : 402778285.000000
time : 439.582916
