Parameters: GAD=1 vflib=1 dir=1 label=1 lowerbound=1 fileNameGp=../../cp2016-max-common-connected-subgraph-paper/datasets/graphsdb/mcs70/bvg/b09/mcs70_b09_s100.A04 fileNameGt=../../cp2016-max-common-connected-subgraph-paper/datasets/graphsdb/mcs70/bvg/b09/mcs70_b09_s100.B04
Reading graphs...
100 : 450
100 : 450
Initializing...
maxdom : 7
D->valSize : 384
Solving...
Blb : 3 (clique : 48)
currentSize : 48 <-- 0.004034 s
currentSize : 55 <-- 0.009116 s
currentSize : 56 <-- 0.009788 s
currentSize : 58 <-- 0.011203 s
currentSize : 59 <-- 0.011904 s
currentSize : 64 <-- 2.443973 s
currentSize : 69 <-- 2.484490 s
currentSize : 70 <-- 2.485376 s

maxsize : 70
nodes : 582170.000000
filtered : 3987241.000000
time : 3.721852
