Parameters: GAD=1 vflib=1 dir=1 label=1 lowerbound=1 fileNameGp=../../cp2016-max-common-connected-subgraph-paper/datasets/graphsdb/mcs70/bvg/b06m/mcs70_b06m_s100.A02 fileNameGt=../../cp2016-max-common-connected-subgraph-paper/datasets/graphsdb/mcs70/bvg/b06m/mcs70_b06m_s100.B02
Reading graphs...
100 : 300
100 : 300
Initializing...
maxdom : 6
D->valSize : 372
Solving...
Blb : 3 (clique : 57)
currentSize : 57 <-- 0.003838 s
currentSize : 58 <-- 0.946097 s
currentSize : 59 <-- 0.947497 s
currentSize : 60 <-- 0.955343 s
currentSize : 61 <-- 1.085974 s
currentSize : 63 <-- 1.123432 s
currentSize : 64 <-- 16.927511 s
currentSize : 66 <-- 16.927776 s
currentSize : 67 <-- 16.928991 s
currentSize : 68 <-- 18.018188 s
currentSize : 70 <-- 18.020050 s

maxsize : 70
nodes : 6221285.000000
filtered : 21659007.000000
time : 30.939518
