Parameters: GAD=1 vflib=1 dir=1 label=1 lowerbound=1 fileNameGp=../../cp2016-max-common-connected-subgraph-paper/datasets/graphsdb/mcs70/bvg/b09/mcs70_b09_s80.A02 fileNameGt=../../cp2016-max-common-connected-subgraph-paper/datasets/graphsdb/mcs70/bvg/b09/mcs70_b09_s80.B02
Reading graphs...
80 : 360
80 : 360
Initializing...
maxdom : 8
D->valSize : 428
Solving...
Blb : 2 (clique : 39)
currentSize : 39 <-- 0.006536 s
currentSize : 40 <-- 0.007272 s
currentSize : 41 <-- 0.009210 s
currentSize : 44 <-- 0.012092 s
currentSize : 45 <-- 0.012580 s
currentSize : 46 <-- 0.014979 s
currentSize : 48 <-- 0.019431 s
currentSize : 51 <-- 0.019918 s
currentSize : 53 <-- 0.021249 s
currentSize : 56 <-- 0.021736 s

maxsize : 56
nodes : 63789.000000
filtered : 507062.000000
time : 0.384233
