Parameters: GAD=1 vflib=1 dir=1 label=1 lowerbound=1 fileNameGp=../../cp2016-max-common-connected-subgraph-paper/datasets/graphsdb/mcs70/m2D/m2Dr4/mcs70_m2Dr4_s80.A05 fileNameGt=../../cp2016-max-common-connected-subgraph-paper/datasets/graphsdb/mcs70/m2D/m2Dr4/mcs70_m2Dr4_s80.B05
Reading graphs...
80 : 174
80 : 174
Initializing...
maxdom : 8
D->valSize : 426
Solving...
Blb : 2 (clique : 35)
currentSize : 35 <-- 0.004217 s
currentSize : 37 <-- 13.106424 s
currentSize : 38 <-- 13.107256 s
currentSize : 40 <-- 13.318889 s
currentSize : 41 <-- 39.399036 s
currentSize : 42 <-- 41.148869 s
currentSize : 43 <-- 62.854023 s
currentSize : 44 <-- 208.132278 s
currentSize : 45 <-- 208.132324 s
currentSize : 46 <-- 208.139374 s
currentSize : 47 <-- 219.410202 s
currentSize : 48 <-- 399.508514 s
currentSize : 49 <-- 399.527313 s
currentSize : 50 <-- 400.088135 s

maxsize : 50
nodes : 141341925.000000
filtered : 1036834415.000000
time : 726.399292
