Parameters: GAD=1 vflib=1 dir=1 label=1 lowerbound=1 fileNameGp=../../cp2016-max-common-connected-subgraph-paper/datasets/graphsdb/mcs70/m2D/m2D/mcs70_m2D_s40.A05 fileNameGt=../../cp2016-max-common-connected-subgraph-paper/datasets/graphsdb/mcs70/m2D/m2D/mcs70_m2D_s40.B05
Reading graphs...
40 : 67
40 : 67
Initializing...
maxdom : 7
D->valSize : 217
Solving...
Blb : 2 (clique : 15)
currentSize : 15 <-- 0.001208 s
currentSize : 16 <-- 0.001367 s
currentSize : 17 <-- 6.446694 s
currentSize : 18 <-- 8.030242 s
currentSize : 21 <-- 9.978819 s
currentSize : 23 <-- 10.311743 s
currentSize : 25 <-- 10.483858 s

maxsize : 25
nodes : 3092247.000000
filtered : 19460854.000000
time : 10.497737
