Parameters: GAD=1 vflib=1 dir=1 label=1 lowerbound=1 fileNameGp=../../cp2016-max-common-connected-subgraph-paper/datasets/graphsdb/mcs70/m2D/m2D/mcs70_m2D_s100.A07 fileNameGt=../../cp2016-max-common-connected-subgraph-paper/datasets/graphsdb/mcs70/m2D/m2D/mcs70_m2D_s100.B07
Reading graphs...
100 : 180
100 : 180
Initializing...
maxdom : 8
D->valSize : 395
Solving...
Blb : 2 (clique : 42)
currentSize : 42 <-- 0.006975 s
currentSize : 43 <-- 0.007745 s
currentSize : 44 <-- 0.010113 s
currentSize : 45 <-- 0.036356 s
currentSize : 47 <-- 0.211605 s
currentSize : 48 <-- 0.211975 s
currentSize : 49 <-- 0.228812 s
currentSize : 51 <-- 1.124930 s
currentSize : 52 <-- 1.140852 s
currentSize : 54 <-- 2.394167 s
currentSize : 55 <-- 33.728600 s
currentSize : 56 <-- 74.139122 s
currentSize : 57 <-- 78.023216 s
currentSize : 58 <-- 78.277779 s
currentSize : 59 <-- 78.277939 s
currentSize : 60 <-- 83.158302 s

TIMEOUT
maxsize : 60
nodes : 186874797.000000
filtered : 744762053.000000
time : 1000.000061
