Parameters: GAD=1 vflib=1 dir=1 label=1 lowerbound=1 fileNameGp=../../cp2016-max-common-connected-subgraph-paper/datasets/graphsdb/mcs70/bvg/b03/mcs70_b03_s60.A03 fileNameGt=../../cp2016-max-common-connected-subgraph-paper/datasets/graphsdb/mcs70/bvg/b03/mcs70_b03_s60.B03
Reading graphs...
60 : 90
60 : 90
Initializing...
maxdom : 8
D->valSize : 294
Solving...
Blb : 2 (clique : 33)
currentSize : 33 <-- 0.002235 s
currentSize : 35 <-- 0.002491 s
currentSize : 36 <-- 0.815600 s
currentSize : 37 <-- 0.815728 s
currentSize : 38 <-- 0.819650 s
currentSize : 39 <-- 0.823958 s
currentSize : 40 <-- 0.824097 s
currentSize : 44 <-- 1.632135 s

maxsize : 44
nodes : 478712.000000
filtered : 2475859.000000
time : 2.051282
