Parameters: GAD=1 vflib=1 dir=1 label=1 lowerbound=1 fileNameGp=../../cp2016-max-common-connected-subgraph-paper/datasets/graphsdb/mcs70/bvg/b09/mcs70_b09_s80.A03 fileNameGt=../../cp2016-max-common-connected-subgraph-paper/datasets/graphsdb/mcs70/bvg/b09/mcs70_b09_s80.B03
Reading graphs...
80 : 360
80 : 360
Initializing...
maxdom : 8
D->valSize : 429
Solving...
Blb : 2 (clique : 32)
currentSize : 32 <-- 0.006542 s
currentSize : 33 <-- 0.006979 s
currentSize : 34 <-- 0.007359 s
currentSize : 40 <-- 0.007949 s
currentSize : 41 <-- 0.008327 s
currentSize : 42 <-- 0.009555 s
currentSize : 43 <-- 0.014133 s
currentSize : 48 <-- 0.014289 s
currentSize : 50 <-- 0.014554 s
currentSize : 53 <-- 0.015624 s
currentSize : 56 <-- 0.024742 s

maxsize : 56
nodes : 1783116.000000
filtered : 14569270.000000
time : 9.218907
