Parameters: GAD=1 vflib=1 dir=1 label=1 lowerbound=1 fileNameGp=../../cp2016-max-common-connected-subgraph-paper/datasets/graphsdb/mcs70/m2D/m2D/mcs70_m2D_s90.A01 fileNameGt=../../cp2016-max-common-connected-subgraph-paper/datasets/graphsdb/mcs70/m2D/m2D/mcs70_m2D_s90.B01
Reading graphs...
90 : 161
90 : 161
Initializing...
maxdom : 10
D->valSize : 589
Solving...
Blb : 2 (clique : 41)
currentSize : 41 <-- 0.012052 s
currentSize : 42 <-- 0.012820 s
currentSize : 43 <-- 0.013848 s
currentSize : 45 <-- 0.025147 s
currentSize : 46 <-- 0.025617 s
currentSize : 47 <-- 0.049722 s
currentSize : 49 <-- 0.051477 s
currentSize : 50 <-- 0.051682 s
currentSize : 52 <-- 0.077766 s
currentSize : 53 <-- 0.077899 s
currentSize : 54 <-- 0.078352 s
currentSize : 55 <-- 0.187965 s
currentSize : 56 <-- 6.781179 s

TIMEOUT
maxsize : 56
nodes : 194149833.000000
filtered : 1025745632.000000
time : 1000.000061
