Parameters: GAD=1 vflib=1 dir=1 label=1 lowerbound=1 fileNameGp=../../cp2016-max-common-connected-subgraph-paper/datasets/graphsdb/mcs70/bvg/b03m/mcs70_b03m_s100.A09 fileNameGt=../../cp2016-max-common-connected-subgraph-paper/datasets/graphsdb/mcs70/bvg/b03m/mcs70_b03m_s100.B09
Reading graphs...
100 : 150
100 : 150
Initializing...
maxdom : 9
D->valSize : 399
Solving...
Blb : 3 (clique : 63)
currentSize : 63 <-- 0.007345 s
currentSize : 64 <-- 65.007950 s
currentSize : 65 <-- 349.946533 s
currentSize : 66 <-- 350.892273 s
currentSize : 67 <-- 434.747742 s
currentSize : 68 <-- 435.371674 s
currentSize : 69 <-- 719.343323 s
currentSize : 70 <-- 721.890259 s

maxsize : 70
nodes : 193002691.000000
filtered : 703904946.000000
time : 979.947815
