Parameters: GAD=1 vflib=1 dir=1 label=1 lowerbound=1 fileNameGp=../../cp2016-max-common-connected-subgraph-paper/datasets/graphsdb/mcs70/bvg/b06/mcs70_b06_s80.A03 fileNameGt=../../cp2016-max-common-connected-subgraph-paper/datasets/graphsdb/mcs70/bvg/b06/mcs70_b06_s80.B03
Reading graphs...
80 : 240
80 : 240
Initializing...
maxdom : 9
D->valSize : 484
Solving...
Blb : 2 (clique : 29)
currentSize : 29 <-- 0.004916 s
currentSize : 31 <-- 0.005656 s
currentSize : 35 <-- 0.008977 s
currentSize : 37 <-- 0.009009 s
currentSize : 38 <-- 0.076433 s
currentSize : 40 <-- 0.076498 s
currentSize : 41 <-- 0.082074 s
currentSize : 43 <-- 0.082113 s
currentSize : 48 <-- 0.082177 s
currentSize : 54 <-- 0.100569 s
currentSize : 56 <-- 0.166609 s

maxsize : 56
nodes : 570962.000000
filtered : 4715091.000000
time : 3.214506
