Parameters: GAD=1 vflib=1 dir=1 label=1 lowerbound=1 fileNameGp=../../cp2016-max-common-connected-subgraph-paper/datasets/graphsdb/mcs70/m2D/m2D/mcs70_m2D_s100.A02 fileNameGt=../../cp2016-max-common-connected-subgraph-paper/datasets/graphsdb/mcs70/m2D/m2D/mcs70_m2D_s100.B02
Reading graphs...
100 : 180
100 : 180
Initializing...
maxdom : 6
D->valSize : 379
Solving...
Blb : 2 (clique : 44)
currentSize : 44 <-- 0.006793 s
currentSize : 45 <-- 0.007345 s
currentSize : 46 <-- 0.014685 s
currentSize : 47 <-- 0.072786 s
currentSize : 48 <-- 0.083749 s
currentSize : 49 <-- 0.120112 s
currentSize : 50 <-- 0.181897 s
currentSize : 52 <-- 0.341658 s
currentSize : 53 <-- 0.342080 s
currentSize : 54 <-- 410.043304 s
currentSize : 55 <-- 410.043732 s
currentSize : 56 <-- 410.182068 s

TIMEOUT
maxsize : 56
nodes : 206931976.000000
filtered : 571001017.000000
time : 1000.000061
