Parameters: GAD=1 vflib=1 dir=1 label=1 lowerbound=1 fileNameGp=../../cp2016-max-common-connected-subgraph-paper/datasets/graphsdb/mcs70/m2D/m2Dr6/mcs70_m2Dr6_s100.A06 fileNameGt=../../cp2016-max-common-connected-subgraph-paper/datasets/graphsdb/mcs70/m2D/m2Dr6/mcs70_m2Dr6_s100.B06
Reading graphs...
100 : 240
100 : 238
Initializing...
maxdom : 6
D->valSize : 358
Solving...
Blb : 2 (clique : 50)
currentSize : 50 <-- 0.003809 s
currentSize : 51 <-- 0.004255 s
currentSize : 52 <-- 0.004570 s
currentSize : 53 <-- 0.004822 s
currentSize : 54 <-- 0.038698 s
currentSize : 55 <-- 0.039214 s
currentSize : 56 <-- 0.039511 s
currentSize : 57 <-- 0.777755 s
currentSize : 58 <-- 0.783212 s
currentSize : 59 <-- 204.115097 s
currentSize : 60 <-- 257.109711 s
currentSize : 61 <-- 257.347504 s
currentSize : 63 <-- 257.384430 s
currentSize : 64 <-- 257.385101 s

maxsize : 64
nodes : 81691729.000000
filtered : 339360283.000000
time : 438.006866
