Parameters: GAD=1 vflib=1 dir=1 label=1 lowerbound=1 fileNameGp=../../cp2016-max-common-connected-subgraph-paper/datasets/graphsdb/mcs70/m3D/m3Dr4/mcs70_m3Dr4_s100.A05 fileNameGt=../../cp2016-max-common-connected-subgraph-paper/datasets/graphsdb/mcs70/m3D/m3Dr4/mcs70_m3Dr4_s100.B05
Reading graphs...
100 : 275
100 : 273
Initializing...
maxdom : 7
D->valSize : 369
Solving...
Blb : 2 (clique : 40)
currentSize : 40 <-- 0.006066 s
currentSize : 42 <-- 0.006793 s
currentSize : 43 <-- 0.007245 s
currentSize : 44 <-- 0.334227 s
currentSize : 46 <-- 0.335131 s
currentSize : 47 <-- 0.339789 s
currentSize : 48 <-- 7.776307 s
currentSize : 50 <-- 7.786688 s
currentSize : 51 <-- 10.045115 s
currentSize : 52 <-- 14.617101 s
currentSize : 54 <-- 14.623975 s
currentSize : 55 <-- 14.631710 s
currentSize : 56 <-- 14.634750 s
currentSize : 57 <-- 15.895664 s
currentSize : 58 <-- 18.286419 s
currentSize : 59 <-- 22.195211 s
currentSize : 60 <-- 28.100155 s
currentSize : 61 <-- 28.123972 s
currentSize : 62 <-- 29.027971 s
currentSize : 63 <-- 29.053049 s
currentSize : 64 <-- 65.595299 s

maxsize : 64
nodes : 54541707.000000
filtered : 201420800.000000
time : 276.735229
