Parameters: GAD=1 vflib=1 dir=1 label=1 lowerbound=1 fileNameGp=../../cp2016-max-common-connected-subgraph-paper/datasets/graphsdb/mcs70/m2D/m2Dr2/mcs70_m2Dr2_s70.A04 fileNameGt=../../cp2016-max-common-connected-subgraph-paper/datasets/graphsdb/mcs70/m2D/m2Dr2/mcs70_m2Dr2_s70.B04
Reading graphs...
70 : 137
70 : 137
Initializing...
maxdom : 7
D->valSize : 319
Solving...
Blb : 2 (clique : 38)
currentSize : 38 <-- 0.002613 s
currentSize : 39 <-- 0.002978 s
currentSize : 40 <-- 0.003079 s
currentSize : 41 <-- 0.007445 s
currentSize : 42 <-- 0.007558 s
currentSize : 43 <-- 0.030584 s
currentSize : 45 <-- 0.420309 s
currentSize : 46 <-- 0.420413 s
currentSize : 48 <-- 0.420494 s
currentSize : 49 <-- 0.478408 s

maxsize : 49
nodes : 192194.000000
filtered : 772166.000000
time : 0.798845
