Parameters: GAD=1 vflib=1 dir=1 label=1 lowerbound=1 fileNameGp=../../cp2016-max-common-connected-subgraph-paper/datasets/graphsdb/mcs70/m2D/m2Dr2/mcs70_m2Dr2_s90.A08 fileNameGt=../../cp2016-max-common-connected-subgraph-paper/datasets/graphsdb/mcs70/m2D/m2Dr2/mcs70_m2Dr2_s90.B08
Reading graphs...
90 : 179
90 : 179
Initializing...
maxdom : 11
D->valSize : 591
Solving...
Blb : 2 (clique : 41)
currentSize : 41 <-- 0.011693 s
currentSize : 42 <-- 0.012208 s
currentSize : 43 <-- 0.012323 s
currentSize : 44 <-- 0.013641 s
currentSize : 45 <-- 0.013758 s
currentSize : 47 <-- 0.017359 s
currentSize : 48 <-- 0.017497 s
currentSize : 50 <-- 81.791519 s
currentSize : 51 <-- 82.984520 s
currentSize : 54 <-- 240.733398 s
currentSize : 55 <-- 240.734100 s
currentSize : 56 <-- 458.207001 s
currentSize : 57 <-- 547.063843 s
currentSize : 58 <-- 547.075562 s
currentSize : 59 <-- 663.154968 s
currentSize : 60 <-- 663.156616 s
currentSize : 61 <-- 663.390686 s

TIMEOUT
maxsize : 61
nodes : 189559582.000000
filtered : 1101700646.000000
time : 1000.000122
