Parameters: GAD=1 vflib=1 dir=1 label=1 lowerbound=1 fileNameGp=../../cp2016-max-common-connected-subgraph-paper/datasets/graphsdb/mcs70/m2D/m2Dr6/mcs70_m2Dr6_s90.A03 fileNameGt=../../cp2016-max-common-connected-subgraph-paper/datasets/graphsdb/mcs70/m2D/m2Dr6/mcs70_m2Dr6_s90.B03
Reading graphs...
90 : 215
90 : 214
Initializing...
maxdom : 9
D->valSize : 564
Solving...
Blb : 2 (clique : 39)
currentSize : 39 <-- 0.011228 s
currentSize : 40 <-- 0.071842 s
currentSize : 41 <-- 0.134101 s
currentSize : 42 <-- 0.145404 s
currentSize : 43 <-- 0.316013 s
currentSize : 44 <-- 1.017281 s
currentSize : 45 <-- 1.731730 s
currentSize : 46 <-- 1.814977 s
currentSize : 47 <-- 7.784967 s
currentSize : 49 <-- 20.136492 s
currentSize : 50 <-- 118.073311 s
currentSize : 51 <-- 182.303574 s
currentSize : 52 <-- 182.303726 s
currentSize : 53 <-- 182.303879 s
currentSize : 54 <-- 357.171692 s
currentSize : 55 <-- 483.147797 s
currentSize : 57 <-- 483.148132 s
currentSize : 58 <-- 514.725159 s
currentSize : 62 <-- 514.725403 s
currentSize : 64 <-- 582.817383 s

maxsize : 64
nodes : 124115594.000000
filtered : 684007846.000000
time : 617.821228
