Parameters: GAD=1 vflib=1 dir=1 label=1 lowerbound=1 fileNameGp=../../cp2016-max-common-connected-subgraph-paper/datasets/graphsdb/mcs70/m2D/m2Dr4/mcs70_m2Dr4_s100.A04 fileNameGt=../../cp2016-max-common-connected-subgraph-paper/datasets/graphsdb/mcs70/m2D/m2Dr4/mcs70_m2Dr4_s100.B04
Reading graphs...
100 : 220
100 : 220
Initializing...
maxdom : 10
D->valSize : 368
Solving...
Blb : 3 (clique : 55)
currentSize : 55 <-- 0.003873 s
currentSize : 57 <-- 265.353790 s
currentSize : 58 <-- 265.478027 s
currentSize : 59 <-- 366.355896 s
currentSize : 60 <-- 366.367004 s
currentSize : 61 <-- 366.367523 s
currentSize : 62 <-- 404.969025 s
currentSize : 63 <-- 404.977844 s
currentSize : 64 <-- 404.978424 s
currentSize : 65 <-- 506.497894 s

maxsize : 65
nodes : 166270508.000000
filtered : 735743570.000000
time : 901.983582
