Parameters: GAD=1 vflib=1 dir=1 label=1 lowerbound=1 fileNameGp=../../cp2016-max-common-connected-subgraph-paper/datasets/graphsdb/mcs70/bvg/b03m/mcs70_b03m_s100.A04 fileNameGt=../../cp2016-max-common-connected-subgraph-paper/datasets/graphsdb/mcs70/bvg/b03m/mcs70_b03m_s100.B04
Reading graphs...
100 : 150
100 : 150
Initializing...
maxdom : 9
D->valSize : 427
Solving...
Blb : 2 (clique : 60)
currentSize : 60 <-- 0.007868 s
currentSize : 61 <-- 0.008736 s
currentSize : 63 <-- 0.009972 s
currentSize : 65 <-- 0.011772 s
currentSize : 66 <-- 0.022636 s
currentSize : 67 <-- 0.079109 s
currentSize : 68 <-- 0.079561 s
currentSize : 69 <-- 0.080209 s
currentSize : 70 <-- 174.331207 s
currentSize : 71 <-- 174.334076 s

maxsize : 71
nodes : 135000262.000000
filtered : 487323443.000000
time : 693.109497
