Parameters: GAD=1 vflib=1 dir=1 label=1 lowerbound=1 fileNameGp=../../cp2016-max-common-connected-subgraph-paper/datasets/graphsdb/mcs70/m2D/m2D/mcs70_m2D_s80.A00 fileNameGt=../../cp2016-max-common-connected-subgraph-paper/datasets/graphsdb/mcs70/m2D/m2D/mcs70_m2D_s80.B00
Reading graphs...
80 : 142
80 : 142
Initializing...
maxdom : 10
D->valSize : 451
Solving...
Blb : 2 (clique : 40)
currentSize : 40 <-- 0.004790 s
currentSize : 42 <-- 0.005055 s
currentSize : 44 <-- 0.005719 s
currentSize : 45 <-- 0.005819 s
currentSize : 46 <-- 0.007648 s
currentSize : 47 <-- 0.011923 s
currentSize : 48 <-- 0.013529 s
currentSize : 49 <-- 3.268328 s
currentSize : 50 <-- 361.235779 s

TIMEOUT
maxsize : 50
nodes : 196394309.000000
filtered : 1072683289.000000
time : 1000.000061
