Parameters: GAD=1 vflib=1 dir=1 label=1 lowerbound=1 fileNameGp=../../cp2016-max-common-connected-subgraph-paper/datasets/graphsdb/mcs70/rand/r005/mcs70_r005_s100.A00 fileNameGt=../../cp2016-max-common-connected-subgraph-paper/datasets/graphsdb/mcs70/rand/r005/mcs70_r005_s100.B00
Reading graphs...
100 : 494
100 : 494
Initializing...
maxdom : 7
D->valSize : 356
Solving...
Blb : 2 (clique : 44)
currentSize : 44 <-- 0.005636 s
currentSize : 47 <-- 0.006127 s
currentSize : 50 <-- 0.032238 s
currentSize : 54 <-- 0.032671 s
currentSize : 62 <-- 0.044295 s
currentSize : 70 <-- 0.044837 s

maxsize : 70
nodes : 28042.000000
filtered : 227605.000000
time : 0.200760
