Parameters: GAD=1 vflib=1 dir=1 label=1 lowerbound=1 fileNameGp=../../cp2016-max-common-connected-subgraph-paper/datasets/graphsdb/mcs70/bvg/b03/mcs70_b03_s70.A06 fileNameGt=../../cp2016-max-common-connected-subgraph-paper/datasets/graphsdb/mcs70/bvg/b03/mcs70_b03_s70.B06
Reading graphs...
70 : 105
70 : 105
Initializing...
maxdom : 9
D->valSize : 366
Solving...
Blb : 2 (clique : 33)
currentSize : 33 <-- 0.003209 s
currentSize : 35 <-- 0.003506 s
currentSize : 36 <-- 0.004179 s
currentSize : 38 <-- 1.593039 s
currentSize : 39 <-- 22.672157 s
currentSize : 40 <-- 22.672243 s
currentSize : 41 <-- 55.838558 s
currentSize : 42 <-- 83.100800 s
currentSize : 44 <-- 83.255531 s
currentSize : 45 <-- 286.564636 s
currentSize : 48 <-- 286.733215 s

maxsize : 48
nodes : 76158824.000000
filtered : 396639905.000000
time : 342.823303
