Parameters: GAD=1 vflib=1 dir=1 label=1 lowerbound=1 fileNameGp=../../cp2016-max-common-connected-subgraph-paper/datasets/graphsdb/mcs70/m3D/m3Dr6/mcs70_m3Dr6_s100.A02 fileNameGt=../../cp2016-max-common-connected-subgraph-paper/datasets/graphsdb/mcs70/m3D/m3Dr6/mcs70_m3Dr6_s100.B02
Reading graphs...
100 : 295
100 : 295
Initializing...
maxdom : 6
D->valSize : 355
Solving...
Blb : 3 (clique : 51)
currentSize : 51 <-- 0.003650 s
currentSize : 52 <-- 0.011065 s
currentSize : 53 <-- 0.241843 s
currentSize : 54 <-- 3.405001 s
currentSize : 56 <-- 49.615486 s
currentSize : 57 <-- 49.734676 s
currentSize : 58 <-- 49.857800 s
currentSize : 59 <-- 49.858082 s
currentSize : 60 <-- 197.689636 s
currentSize : 63 <-- 197.696762 s
currentSize : 64 <-- 198.543274 s

maxsize : 64
nodes : 107835872.000000
filtered : 400406887.000000
time : 558.874268
