Parameters: GAD=1 vflib=1 dir=1 label=1 lowerbound=1 fileNameGp=../../cp2016-max-common-connected-subgraph-paper/datasets/graphsdb/mcs70/rand/r005/mcs70_r005_s50.A06 fileNameGt=../../cp2016-max-common-connected-subgraph-paper/datasets/graphsdb/mcs70/rand/r005/mcs70_r005_s50.B06
Reading graphs...
50 : 121
50 : 121
Initializing...
maxdom : 10
D->valSize : 321
Solving...
Blb : 2 (clique : 20)
currentSize : 20 <-- 0.003483 s
currentSize : 23 <-- 0.005936 s
currentSize : 24 <-- 0.005992 s
currentSize : 26 <-- 0.007376 s
currentSize : 27 <-- 0.013329 s
currentSize : 30 <-- 0.015706 s
currentSize : 31 <-- 0.019235 s
currentSize : 35 <-- 0.079839 s

maxsize : 35
nodes : 20570.000000
filtered : 271672.000000
time : 0.109066
