Parameters: GAD=1 vflib=1 dir=1 label=1 lowerbound=1 fileNameGp=../../cp2016-max-common-connected-subgraph-paper/datasets/graphsdb/mcs70/bvg/b06/mcs70_b06_s100.A08 fileNameGt=../../cp2016-max-common-connected-subgraph-paper/datasets/graphsdb/mcs70/bvg/b06/mcs70_b06_s100.B08
Reading graphs...
100 : 300
100 : 300
Initializing...
maxdom : 7
D->valSize : 375
Solving...
Blb : 2 (clique : 51)
currentSize : 51 <-- 0.003734 s
currentSize : 53 <-- 0.024783 s
currentSize : 56 <-- 0.024951 s
currentSize : 63 <-- 23.641340 s
currentSize : 65 <-- 26.863506 s
currentSize : 66 <-- 26.864162 s
currentSize : 69 <-- 28.307812 s
currentSize : 70 <-- 28.313259 s

maxsize : 70
nodes : 9801688.000000
filtered : 41783195.000000
time : 49.610165
