Parameters: GAD=1 vflib=1 dir=1 label=1 lowerbound=1 fileNameGp=../../cp2016-max-common-connected-subgraph-paper/datasets/graphsdb/mcs70/m2D/m2Dr4/mcs70_m2Dr4_s100.A06 fileNameGt=../../cp2016-max-common-connected-subgraph-paper/datasets/graphsdb/mcs70/m2D/m2Dr4/mcs70_m2Dr4_s100.B06
Reading graphs...
100 : 220
100 : 219
Initializing...
maxdom : 6
D->valSize : 363
Solving...
Blb : 2 (clique : 52)
currentSize : 52 <-- 0.003763 s
currentSize : 53 <-- 0.004312 s
currentSize : 56 <-- 0.004577 s
currentSize : 59 <-- 0.009664 s
currentSize : 60 <-- 0.009862 s
currentSize : 61 <-- 218.062561 s
currentSize : 62 <-- 218.101685 s
currentSize : 63 <-- 218.809845 s
currentSize : 64 <-- 715.097473 s

TIMEOUT
maxsize : 64
nodes : 189514930.000000
filtered : 740108575.000000
time : 1000.000122
