Parameters: GAD=1 vflib=1 dir=1 label=1 lowerbound=1 fileNameGp=../../cp2016-max-common-connected-subgraph-paper/datasets/graphsdb/mcs70/m2D/m2Dr6/mcs70_m2Dr6_s50.A02 fileNameGt=../../cp2016-max-common-connected-subgraph-paper/datasets/graphsdb/mcs70/m2D/m2Dr6/mcs70_m2Dr6_s50.B02
Reading graphs...
50 : 115
50 : 114
Initializing...
maxdom : 10
D->valSize : 373
Solving...
Blb : 2 (clique : 27)
currentSize : 27 <-- 0.002810 s
currentSize : 28 <-- 0.003055 s
currentSize : 30 <-- 0.018189 s
currentSize : 31 <-- 0.018317 s
currentSize : 32 <-- 0.061726 s
currentSize : 33 <-- 0.061848 s
currentSize : 35 <-- 0.096616 s
currentSize : 36 <-- 0.096767 s
currentSize : 37 <-- 0.118235 s

maxsize : 37
nodes : 50330.000000
filtered : 444189.000000
time : 0.208575
