Parameters: GAD=1 vflib=1 dir=1 label=1 lowerbound=1 fileNameGp=../../cp2016-max-common-connected-subgraph-paper/datasets/graphsdb/mcs70/m3D/m3Dr6/mcs70_m3Dr6_s100.A09 fileNameGt=../../cp2016-max-common-connected-subgraph-paper/datasets/graphsdb/mcs70/m3D/m3Dr6/mcs70_m3Dr6_s100.B09
Reading graphs...
100 : 295
100 : 294
Initializing...
maxdom : 7
D->valSize : 389
Solving...
Blb : 3 (clique : 43)
currentSize : 43 <-- 0.003910 s
currentSize : 44 <-- 48.228367 s
currentSize : 45 <-- 48.373325 s
currentSize : 47 <-- 48.570621 s
currentSize : 48 <-- 48.603748 s
currentSize : 49 <-- 50.266121 s
currentSize : 50 <-- 50.295959 s
currentSize : 51 <-- 96.066734 s
currentSize : 52 <-- 96.072861 s
currentSize : 54 <-- 100.942528 s
currentSize : 55 <-- 100.953423 s
currentSize : 57 <-- 277.474213 s
currentSize : 59 <-- 277.574554 s
currentSize : 60 <-- 278.508118 s
currentSize : 62 <-- 278.508331 s
currentSize : 64 <-- 278.779388 s

maxsize : 64
nodes : 63092657.000000
filtered : 242280965.000000
time : 326.660492
