Parameters: GAD=1 vflib=1 dir=1 label=1 lowerbound=1 fileNameGp=../../cp2016-max-common-connected-subgraph-paper/datasets/graphsdb/mcs70/m3D/m3Dr6/mcs70_m3Dr6_s100.A03 fileNameGt=../../cp2016-max-common-connected-subgraph-paper/datasets/graphsdb/mcs70/m3D/m3Dr6/mcs70_m3Dr6_s100.B03
Reading graphs...
100 : 295
100 : 295
Initializing...
maxdom : 8
D->valSize : 359
Solving...
Blb : 2 (clique : 49)
currentSize : 49 <-- 0.003675 s
currentSize : 52 <-- 0.004044 s
currentSize : 55 <-- 0.162806 s
currentSize : 57 <-- 3.346255 s
currentSize : 60 <-- 3.347190 s
currentSize : 61 <-- 3.348214 s
currentSize : 63 <-- 3.401249 s
currentSize : 64 <-- 3.402660 s

maxsize : 64
nodes : 2357261.000000
filtered : 9833836.000000
time : 12.386400
