Parameters: GAD=1 vflib=1 dir=1 label=1 lowerbound=1 fileNameGp=../../cp2016-max-common-connected-subgraph-paper/datasets/graphsdb/mcs70/m2D/m2Dr2/mcs70_m2Dr2_s90.A03 fileNameGt=../../cp2016-max-common-connected-subgraph-paper/datasets/graphsdb/mcs70/m2D/m2Dr2/mcs70_m2Dr2_s90.B03
Reading graphs...
90 : 179
90 : 179
Initializing...
maxdom : 9
D->valSize : 533
Solving...
Blb : 2 (clique : 54)
currentSize : 54 <-- 0.006120 s
currentSize : 55 <-- 0.547681 s
currentSize : 56 <-- 18.109074 s
currentSize : 57 <-- 18.110319 s
currentSize : 59 <-- 38.375439 s
currentSize : 60 <-- 60.880150 s
currentSize : 61 <-- 67.096039 s
currentSize : 63 <-- 261.872009 s
currentSize : 64 <-- 280.395081 s

maxsize : 64
nodes : 63102429.000000
filtered : 396008262.000000
time : 339.328217
