Parameters: GAD=1 vflib=1 dir=1 label=1 lowerbound=1 fileNameGp=../../cp2016-max-common-connected-subgraph-paper/datasets/graphsdb/mcs70/m2D/m2Dr4/mcs70_m2Dr4_s40.A07 fileNameGt=../../cp2016-max-common-connected-subgraph-paper/datasets/graphsdb/mcs70/m2D/m2Dr4/mcs70_m2Dr4_s40.B07
Reading graphs...
40 : 83
40 : 81
Initializing...
maxdom : 9
D->valSize : 210
Solving...
Blb : 2 (clique : 14)
currentSize : 14 <-- 0.001208 s
currentSize : 15 <-- 0.001290 s
currentSize : 16 <-- 0.016989 s
currentSize : 17 <-- 0.021183 s
currentSize : 18 <-- 0.127542 s
currentSize : 19 <-- 0.271360 s
currentSize : 20 <-- 0.318297 s
currentSize : 22 <-- 0.318351 s
currentSize : 24 <-- 0.444014 s
currentSize : 25 <-- 0.444117 s

maxsize : 25
nodes : 132886.000000
filtered : 1063094.000000
time : 0.484004
