Parameters: GAD=1 vflib=1 dir=1 label=1 lowerbound=1 fileNameGp=../../cp2016-max-common-connected-subgraph-paper/datasets/graphsdb/mcs70/bvg/b06/mcs70_b06_s100.A01 fileNameGt=../../cp2016-max-common-connected-subgraph-paper/datasets/graphsdb/mcs70/bvg/b06/mcs70_b06_s100.B01
Reading graphs...
100 : 300
100 : 300
Initializing...
maxdom : 10
D->valSize : 399
Solving...
Blb : 2 (clique : 45)
currentSize : 45 <-- 0.004079 s
currentSize : 46 <-- 0.014785 s
currentSize : 47 <-- 0.033974 s
currentSize : 50 <-- 0.053171 s
currentSize : 52 <-- 0.053308 s
currentSize : 53 <-- 0.056672 s
currentSize : 54 <-- 0.493969 s
currentSize : 55 <-- 0.494407 s
currentSize : 59 <-- 0.496535 s
currentSize : 61 <-- 0.496954 s
currentSize : 63 <-- 0.561699 s
currentSize : 67 <-- 0.563864 s
currentSize : 69 <-- 0.564182 s
currentSize : 70 <-- 2.586320 s

maxsize : 70
nodes : 814508.000000
filtered : 3903306.000000
time : 4.584413
