Parameters: GAD=1 vflib=1 dir=1 label=1 lowerbound=1 fileNameGp=../../cp2016-max-common-connected-subgraph-paper/datasets/graphsdb/mcs70/m3D/m3Dr4/mcs70_m3Dr4_s100.A04 fileNameGt=../../cp2016-max-common-connected-subgraph-paper/datasets/graphsdb/mcs70/m3D/m3Dr4/mcs70_m3Dr4_s100.B04
Reading graphs...
100 : 275
100 : 274
Initializing...
maxdom : 6
D->valSize : 352
Solving...
Blb : 2 (clique : 43)
currentSize : 43 <-- 0.003667 s
currentSize : 45 <-- 0.003953 s
currentSize : 51 <-- 0.006046 s
currentSize : 52 <-- 0.006406 s
currentSize : 53 <-- 0.007973 s
currentSize : 54 <-- 0.009125 s
currentSize : 56 <-- 3.963002 s
currentSize : 57 <-- 3.968399 s
currentSize : 58 <-- 221.364120 s
currentSize : 59 <-- 221.367035 s
currentSize : 61 <-- 221.383316 s
currentSize : 64 <-- 221.396332 s

maxsize : 64
nodes : 114959625.000000
filtered : 479644945.000000
time : 607.659119
