Parameters: GAD=1 vflib=1 dir=1 label=1 lowerbound=1 fileNameGp=../../cp2016-max-common-connected-subgraph-paper/datasets/graphsdb/mcs70/m3D/m3Dr6/mcs70_m3Dr6_s90.A04 fileNameGt=../../cp2016-max-common-connected-subgraph-paper/datasets/graphsdb/mcs70/m3D/m3Dr6/mcs70_m3Dr6_s90.B04
Reading graphs...
90 : 263
90 : 262
Initializing...
maxdom : 12
D->valSize : 565
Solving...
Blb : 3 (clique : 46)
currentSize : 46 <-- 0.006597 s
currentSize : 50 <-- 0.026747 s
currentSize : 52 <-- 0.027013 s
currentSize : 53 <-- 0.053863 s
currentSize : 54 <-- 0.246170 s
currentSize : 57 <-- 0.246416 s
currentSize : 58 <-- 0.285284 s
currentSize : 64 <-- 13.872019 s

maxsize : 64
nodes : 6987516.000000
filtered : 41283918.000000
time : 35.717369
