Parameters: GAD=1 vflib=1 dir=1 label=1 lowerbound=1 fileNameGp=../../cp2016-max-common-connected-subgraph-paper/datasets/graphsdb/mcs70/m2D/m2Dr6/mcs70_m2Dr6_s80.A08 fileNameGt=../../cp2016-max-common-connected-subgraph-paper/datasets/graphsdb/mcs70/m2D/m2Dr6/mcs70_m2Dr6_s80.B08
Reading graphs...
80 : 190
80 : 188
Initializing...
maxdom : 10
D->valSize : 409
Solving...
Blb : 3 (clique : 42)
currentSize : 42 <-- 0.003994 s
currentSize : 44 <-- 5.500279 s
currentSize : 45 <-- 98.382111 s
currentSize : 46 <-- 394.906189 s
currentSize : 49 <-- 394.907837 s
currentSize : 50 <-- 395.966278 s

maxsize : 50
nodes : 173362414.000000
filtered : 690115152.000000
time : 752.006531
