Parameters: GAD=1 vflib=1 dir=1 label=1 lowerbound=1 fileNameGp=../../cp2016-max-common-connected-subgraph-paper/datasets/graphsdb/mcs70/bvg/b09/mcs70_b09_s100.A03 fileNameGt=../../cp2016-max-common-connected-subgraph-paper/datasets/graphsdb/mcs70/bvg/b09/mcs70_b09_s100.B03
Reading graphs...
100 : 450
100 : 450
Initializing...
maxdom : 7
D->valSize : 376
Solving...
Blb : 2 (clique : 38)
currentSize : 38 <-- 0.006121 s
currentSize : 40 <-- 0.006505 s
currentSize : 43 <-- 0.006831 s
currentSize : 44 <-- 0.007657 s
currentSize : 45 <-- 0.025729 s
currentSize : 46 <-- 0.026528 s
currentSize : 47 <-- 0.496695 s
currentSize : 50 <-- 0.496896 s
currentSize : 51 <-- 0.497587 s
currentSize : 52 <-- 0.498246 s
currentSize : 53 <-- 0.499087 s
currentSize : 54 <-- 0.508443 s
currentSize : 55 <-- 0.509171 s
currentSize : 57 <-- 0.509363 s
currentSize : 59 <-- 1.103897 s
currentSize : 62 <-- 1.104129 s
currentSize : 65 <-- 1.104392 s
currentSize : 67 <-- 1.104558 s
currentSize : 70 <-- 1.133180 s

maxsize : 70
nodes : 361470.000000
filtered : 1705543.000000
time : 1.937022
