Parameters: GAD=1 vflib=1 dir=1 label=1 lowerbound=1 fileNameGp=../../cp2016-max-common-connected-subgraph-paper/datasets/graphsdb/mcs70/bvg/b06/mcs70_b06_s50.A06 fileNameGt=../../cp2016-max-common-connected-subgraph-paper/datasets/graphsdb/mcs70/bvg/b06/mcs70_b06_s50.B06
Reading graphs...
50 : 150
50 : 150
Initializing...
maxdom : 10
D->valSize : 347
Solving...
Blb : 3 (clique : 21)
currentSize : 21 <-- 0.002533 s
currentSize : 24 <-- 0.002651 s
currentSize : 26 <-- 0.002697 s
currentSize : 27 <-- 0.002788 s
currentSize : 28 <-- 0.002866 s
currentSize : 31 <-- 0.005340 s
currentSize : 34 <-- 0.005402 s
currentSize : 35 <-- 0.017323 s

maxsize : 35
nodes : 4839.000000
filtered : 57124.000000
time : 0.025003
