Parameters: GAD=1 vflib=1 dir=1 label=1 lowerbound=1 fileNameGp=../../cp2016-max-common-connected-subgraph-paper/datasets/graphsdb/mcs70/m3D/m3D/mcs70_m3D_s90.A07 fileNameGt=../../cp2016-max-common-connected-subgraph-paper/datasets/graphsdb/mcs70/m3D/m3D/mcs70_m3D_s90.B07
Reading graphs...
90 : 209
90 : 209
Initializing...
maxdom : 10
D->valSize : 584
Solving...
Blb : 2 (clique : 53)
currentSize : 53 <-- 0.012283 s
currentSize : 54 <-- 0.016295 s
currentSize : 55 <-- 0.021695 s
currentSize : 56 <-- 0.024662 s
currentSize : 57 <-- 0.028762 s
currentSize : 59 <-- 0.063412 s
currentSize : 60 <-- 0.066937 s
currentSize : 61 <-- 0.068870 s
currentSize : 62 <-- 0.074576 s
currentSize : 63 <-- 0.077736 s
currentSize : 64 <-- 0.084353 s
currentSize : 65 <-- 0.085084 s

maxsize : 65
nodes : 27738846.000000
filtered : 129896461.000000
time : 140.356705
