Parameters: GAD=1 vflib=1 dir=1 label=1 lowerbound=1 fileNameGp=../../cp2016-max-common-connected-subgraph-paper/datasets/graphsdb/mcs70/m2D/m2Dr6/mcs70_m2Dr6_s100.A00 fileNameGt=../../cp2016-max-common-connected-subgraph-paper/datasets/graphsdb/mcs70/m2D/m2Dr6/mcs70_m2Dr6_s100.B00
Reading graphs...
100 : 240
100 : 239
Initializing...
maxdom : 7
D->valSize : 385
Solving...
Blb : 2 (clique : 40)
currentSize : 40 <-- 0.004019 s
currentSize : 42 <-- 0.009390 s
currentSize : 44 <-- 0.014385 s
currentSize : 47 <-- 0.034164 s
currentSize : 49 <-- 0.069573 s
currentSize : 52 <-- 0.082188 s
currentSize : 56 <-- 0.537695 s
currentSize : 57 <-- 0.537973 s
currentSize : 58 <-- 43.453941 s
currentSize : 59 <-- 43.454716 s
currentSize : 60 <-- 139.149200 s
currentSize : 61 <-- 180.995712 s
currentSize : 65 <-- 187.048523 s

maxsize : 65
nodes : 46630759.000000
filtered : 218350866.000000
time : 255.585571
