Parameters: GAD=1 vflib=1 dir=1 label=1 lowerbound=1 fileNameGp=../../cp2016-max-common-connected-subgraph-paper/datasets/graphsdb/mcs70/m3D/m3Dr2/mcs70_m3Dr2_s100.A06 fileNameGt=../../cp2016-max-common-connected-subgraph-paper/datasets/graphsdb/mcs70/m3D/m3Dr2/mcs70_m3Dr2_s100.B06
Reading graphs...
100 : 255
100 : 255
Initializing...
maxdom : 8
D->valSize : 394
Solving...
Blb : 2 (clique : 53)
currentSize : 53 <-- 0.006824 s
currentSize : 55 <-- 0.007487 s
currentSize : 56 <-- 0.007846 s
currentSize : 57 <-- 0.008943 s
currentSize : 59 <-- 0.009219 s
currentSize : 60 <-- 0.176328 s
currentSize : 62 <-- 0.176515 s
currentSize : 64 <-- 0.176715 s

maxsize : 64
nodes : 166017634.000000
filtered : 689689012.000000
time : 870.180847
