Parameters: GAD=1 vflib=1 dir=1 label=1 lowerbound=1 fileNameGp=../../cp2016-max-common-connected-subgraph-paper/datasets/graphsdb/mcs70/m2D/m2Dr6/mcs70_m2Dr6_s60.A01 fileNameGt=../../cp2016-max-common-connected-subgraph-paper/datasets/graphsdb/mcs70/m2D/m2Dr6/mcs70_m2Dr6_s60.B01
Reading graphs...
60 : 140
60 : 140
Initializing...
maxdom : 10
D->valSize : 278
Solving...
Blb : 3 (clique : 25)
currentSize : 25 <-- 0.001937 s
currentSize : 26 <-- 2.166752 s
currentSize : 27 <-- 2.926638 s
currentSize : 28 <-- 2.926751 s
currentSize : 29 <-- 2.929537 s
currentSize : 30 <-- 2.936247 s
currentSize : 34 <-- 4.012899 s
currentSize : 35 <-- 4.014854 s
currentSize : 36 <-- 4.015399 s

maxsize : 36
nodes : 1132807.000000
filtered : 6264802.000000
time : 4.760147
