Parameters: GAD=1 vflib=1 dir=1 label=1 lowerbound=1 fileNameGp=../../cp2016-max-common-connected-subgraph-paper/datasets/graphsdb/mcs70/m2D/m2Dr2/mcs70_m2Dr2_s90.A01 fileNameGt=../../cp2016-max-common-connected-subgraph-paper/datasets/graphsdb/mcs70/m2D/m2Dr2/mcs70_m2Dr2_s90.B01
Reading graphs...
90 : 179
90 : 179
Initializing...
maxdom : 12
D->valSize : 596
Solving...
Blb : 2 (clique : 45)
currentSize : 45 <-- 0.007331 s
currentSize : 53 <-- 0.007702 s
currentSize : 54 <-- 0.008306 s
currentSize : 55 <-- 0.008596 s
currentSize : 56 <-- 9.394754 s
currentSize : 57 <-- 63.270790 s
currentSize : 58 <-- 63.271313 s
currentSize : 59 <-- 63.271606 s
currentSize : 60 <-- 71.628181 s
currentSize : 62 <-- 442.790863 s
currentSize : 63 <-- 565.952393 s
currentSize : 64 <-- 929.736755 s

TIMEOUT
maxsize : 64
nodes : 185610647.000000
filtered : 1070955244.000000
time : 1000.000061
