Parameters: GAD=1 vflib=1 dir=1 label=1 lowerbound=1 fileNameGp=../../cp2016-max-common-connected-subgraph-paper/datasets/graphsdb/mcs70/m2D/m2D/mcs70_m2D_s80.A07 fileNameGt=../../cp2016-max-common-connected-subgraph-paper/datasets/graphsdb/mcs70/m2D/m2D/mcs70_m2D_s80.B07
Reading graphs...
80 : 142
80 : 142
Initializing...
maxdom : 8
D->valSize : 423
Solving...
Blb : 2 (clique : 38)
currentSize : 38 <-- 0.004178 s
currentSize : 39 <-- 0.004965 s
currentSize : 40 <-- 0.010994 s
currentSize : 41 <-- 0.024507 s
currentSize : 42 <-- 0.030855 s
currentSize : 44 <-- 4.544468 s
currentSize : 47 <-- 4.598082 s
currentSize : 48 <-- 4.902606 s
currentSize : 49 <-- 126.079292 s
currentSize : 50 <-- 126.206993 s

maxsize : 50
nodes : 48521772.000000
filtered : 298220656.000000
time : 260.653046
