Parameters: GAD=1 vflib=1 dir=1 label=1 lowerbound=1 fileNameGp=../../cp2016-max-common-connected-subgraph-paper/datasets/graphsdb/mcs70/m2D/m2D/mcs70_m2D_s80.A08 fileNameGt=../../cp2016-max-common-connected-subgraph-paper/datasets/graphsdb/mcs70/m2D/m2D/mcs70_m2D_s80.B08
Reading graphs...
80 : 142
80 : 142
Initializing...
maxdom : 10
D->valSize : 482
Solving...
Blb : 2 (clique : 35)
currentSize : 35 <-- 0.005078 s
currentSize : 40 <-- 0.005338 s
currentSize : 41 <-- 0.005644 s
currentSize : 42 <-- 0.005970 s
currentSize : 43 <-- 0.006104 s
currentSize : 44 <-- 0.006292 s
currentSize : 45 <-- 0.007123 s
currentSize : 46 <-- 0.091637 s
currentSize : 47 <-- 55.145847 s
currentSize : 48 <-- 55.159603 s
currentSize : 49 <-- 55.159740 s
currentSize : 50 <-- 55.159977 s
currentSize : 51 <-- 66.945053 s

maxsize : 51
nodes : 35030054.000000
filtered : 247991336.000000
time : 188.843643
