Parameters: GAD=1 vflib=1 dir=1 label=1 lowerbound=1 fileNameGp=../../cp2016-max-common-connected-subgraph-paper/datasets/graphsdb/mcs70/m2D/m2Dr2/mcs70_m2Dr2_s60.A01 fileNameGt=../../cp2016-max-common-connected-subgraph-paper/datasets/graphsdb/mcs70/m2D/m2Dr2/mcs70_m2Dr2_s60.B01
Reading graphs...
60 : 116
60 : 116
Initializing...
maxdom : 6
D->valSize : 258
Solving...
Blb : 2 (clique : 26)
currentSize : 26 <-- 0.001804 s
currentSize : 27 <-- 0.001963 s
currentSize : 28 <-- 0.002002 s
currentSize : 29 <-- 0.002079 s
currentSize : 30 <-- 0.002358 s
currentSize : 31 <-- 0.187245 s
currentSize : 32 <-- 0.486587 s
currentSize : 33 <-- 0.507572 s
currentSize : 35 <-- 0.992085 s
currentSize : 36 <-- 0.992283 s
currentSize : 37 <-- 0.992391 s
currentSize : 38 <-- 0.996777 s

maxsize : 38
nodes : 671570.000000
filtered : 3267821.000000
time : 2.678867
