Parameters: GAD=1 vflib=1 dir=1 label=1 lowerbound=1 fileNameGp=../../cp2016-max-common-connected-subgraph-paper/datasets/graphsdb/mcs70/rand/r001/mcs70_r001_s100.A01 fileNameGt=../../cp2016-max-common-connected-subgraph-paper/datasets/graphsdb/mcs70/rand/r001/mcs70_r001_s100.B01
Reading graphs...
100 : 120
100 : 120
Initializing...
maxdom : 8
D->valSize : 401
Solving...
Blb : 2 (clique : 63)
currentSize : 63 <-- 0.004504 s
currentSize : 64 <-- 0.005183 s
currentSize : 65 <-- 0.392470 s
currentSize : 67 <-- 327.916107 s
currentSize : 68 <-- 327.936798 s
currentSize : 69 <-- 469.101837 s

TIMEOUT
maxsize : 69
nodes : 189176014.000000
filtered : 713253725.000000
time : 1000.000122
