Parameters: GAD=1 vflib=1 dir=1 label=1 lowerbound=1 fileNameGp=../../cp2016-max-common-connected-subgraph-paper/datasets/graphsdb/mcs70/m2D/m2Dr2/mcs70_m2Dr2_s90.A02 fileNameGt=../../cp2016-max-common-connected-subgraph-paper/datasets/graphsdb/mcs70/m2D/m2Dr2/mcs70_m2Dr2_s90.B02
Reading graphs...
90 : 179
90 : 179
Initializing...
maxdom : 10
D->valSize : 563
Solving...
Blb : 2 (clique : 58)
currentSize : 58 <-- 0.006788 s
currentSize : 61 <-- 0.007214 s
currentSize : 62 <-- 0.007725 s
currentSize : 63 <-- 256.580536 s
currentSize : 64 <-- 256.581238 s

maxsize : 64
nodes : 80644137.000000
filtered : 586598821.000000
time : 449.710938
