Parameters: GAD=1 vflib=1 dir=1 label=1 lowerbound=1 fileNameGp=../../cp2016-max-common-connected-subgraph-paper/datasets/graphsdb/mcs70/rand/r01/mcs70_r01_s50.A01 fileNameGt=../../cp2016-max-common-connected-subgraph-paper/datasets/graphsdb/mcs70/rand/r01/mcs70_r01_s50.B01
Reading graphs...
50 : 244
50 : 244
Initializing...
maxdom : 9
D->valSize : 336
Solving...
Blb : 2 (clique : 12)
currentSize : 12 <-- 0.002242 s
currentSize : 13 <-- 0.003539 s
currentSize : 14 <-- 0.003686 s
currentSize : 16 <-- 0.004641 s
currentSize : 18 <-- 0.004676 s
currentSize : 23 <-- 0.006584 s
currentSize : 24 <-- 0.010990 s
currentSize : 28 <-- 0.025131 s
currentSize : 35 <-- 0.029287 s

maxsize : 35
nodes : 6750.000000
filtered : 122823.000000
time : 0.036947
