Parameters: GAD=1 vflib=1 dir=1 label=1 lowerbound=1 fileNameGp=../../cp2016-max-common-connected-subgraph-paper/datasets/graphsdb/mcs70/m2D/m2Dr6/mcs70_m2Dr6_s60.A05 fileNameGt=../../cp2016-max-common-connected-subgraph-paper/datasets/graphsdb/mcs70/m2D/m2Dr6/mcs70_m2Dr6_s60.B05
Reading graphs...
60 : 140
60 : 140
Initializing...
maxdom : 6
D->valSize : 241
Solving...
Blb : 3 (clique : 28)
currentSize : 28 <-- 0.001662 s
currentSize : 29 <-- 3.487601 s
currentSize : 30 <-- 3.488117 s
currentSize : 31 <-- 3.489483 s
currentSize : 32 <-- 3.489803 s
currentSize : 33 <-- 3.489938 s
currentSize : 34 <-- 7.775248 s
currentSize : 35 <-- 8.989207 s
currentSize : 36 <-- 9.005812 s

maxsize : 36
nodes : 2922541.000000
filtered : 13372772.000000
time : 11.703687
