Parameters: GAD=1 vflib=1 dir=1 label=1 lowerbound=1 fileNameGp=../../cp2016-max-common-connected-subgraph-paper/datasets/graphsdb/mcs70/m3D/m3Dr2/mcs70_m3Dr2_s90.A07 fileNameGt=../../cp2016-max-common-connected-subgraph-paper/datasets/graphsdb/mcs70/m3D/m3Dr2/mcs70_m3Dr2_s90.B07
Reading graphs...
90 : 227
90 : 226
Initializing...
maxdom : 10
D->valSize : 545
Solving...
Blb : 2 (clique : 50)
currentSize : 50 <-- 0.010651 s
currentSize : 51 <-- 0.011608 s
currentSize : 52 <-- 0.012307 s
currentSize : 53 <-- 0.014440 s
currentSize : 54 <-- 0.061850 s
currentSize : 55 <-- 0.068761 s
currentSize : 56 <-- 39.079369 s
currentSize : 57 <-- 39.454220 s
currentSize : 58 <-- 79.661995 s
currentSize : 59 <-- 79.676788 s
currentSize : 60 <-- 79.677269 s
currentSize : 62 <-- 177.347916 s
currentSize : 63 <-- 177.348373 s
currentSize : 64 <-- 177.348785 s

maxsize : 64
nodes : 47030404.000000
filtered : 247298038.000000
time : 241.079483
