Parameters: GAD=1 vflib=1 dir=1 label=1 lowerbound=1 fileNameGp=../../cp2016-max-common-connected-subgraph-paper/datasets/graphsdb/mcs70/m2D/m2D/mcs70_m2D_s80.A06 fileNameGt=../../cp2016-max-common-connected-subgraph-paper/datasets/graphsdb/mcs70/m2D/m2D/mcs70_m2D_s80.B06
Reading graphs...
80 : 142
80 : 142
Initializing...
maxdom : 8
D->valSize : 420
Solving...
Blb : 2 (clique : 44)
currentSize : 44 <-- 0.004076 s
currentSize : 45 <-- 20.721008 s
currentSize : 46 <-- 20.730368 s
currentSize : 47 <-- 159.470047 s
currentSize : 48 <-- 559.134644 s
currentSize : 49 <-- 559.141785 s
currentSize : 50 <-- 718.456177 s

TIMEOUT
maxsize : 50
nodes : 213701240.000000
filtered : 1003802988.000000
time : 1000.000061
