Parameters: GAD=1 vflib=1 dir=1 label=1 lowerbound=1 fileNameGp=../../cp2016-max-common-connected-subgraph-paper/datasets/graphsdb/mcs70/m2D/m2Dr4/mcs70_m2Dr4_s100.A07 fileNameGt=../../cp2016-max-common-connected-subgraph-paper/datasets/graphsdb/mcs70/m2D/m2Dr4/mcs70_m2Dr4_s100.B07
Reading graphs...
100 : 220
100 : 219
Initializing...
maxdom : 6
D->valSize : 399
Solving...
Blb : 2 (clique : 55)
currentSize : 55 <-- 0.004166 s
currentSize : 56 <-- 0.004889 s
currentSize : 57 <-- 0.028037 s
currentSize : 58 <-- 0.028424 s
currentSize : 59 <-- 0.036095 s
currentSize : 61 <-- 3.191691 s
currentSize : 62 <-- 4.988864 s
currentSize : 63 <-- 4.989449 s
currentSize : 64 <-- 4.990879 s

TIMEOUT
maxsize : 64
nodes : 196503569.000000
filtered : 713124195.000000
time : 1000.000122
