Parameters: GAD=1 vflib=1 dir=1 label=1 lowerbound=1 fileNameGp=../../cp2016-max-common-connected-subgraph-paper/datasets/graphsdb/mcs70/m3D/m3D/mcs70_m3D_s100.A04 fileNameGt=../../cp2016-max-common-connected-subgraph-paper/datasets/graphsdb/mcs70/m3D/m3D/mcs70_m3D_s100.B04
Reading graphs...
100 : 235
100 : 235
Initializing...
maxdom : 6
D->valSize : 405
Solving...
Blb : 2 (clique : 56)
currentSize : 56 <-- 0.004323 s
currentSize : 57 <-- 0.004980 s
currentSize : 58 <-- 0.326524 s
currentSize : 59 <-- 0.326862 s
currentSize : 60 <-- 4.076461 s
currentSize : 62 <-- 4.809316 s
currentSize : 64 <-- 4.811563 s

maxsize : 64
nodes : 92194704.000000
filtered : 426261950.000000
time : 508.250153
