Parameters: GAD=1 vflib=1 dir=1 label=1 lowerbound=1 fileNameGp=../../cp2016-max-common-connected-subgraph-paper/datasets/graphsdb/mcs70/bvg/b06/mcs70_b06_s60.A08 fileNameGt=../../cp2016-max-common-connected-subgraph-paper/datasets/graphsdb/mcs70/bvg/b06/mcs70_b06_s60.B08
Reading graphs...
60 : 180
60 : 180
Initializing...
maxdom : 7
D->valSize : 260
Solving...
Blb : 2 (clique : 26)
currentSize : 26 <-- 0.002849 s
currentSize : 27 <-- 0.031258 s
currentSize : 31 <-- 0.130790 s
currentSize : 32 <-- 0.130926 s
currentSize : 33 <-- 0.131182 s
currentSize : 34 <-- 0.183784 s
currentSize : 39 <-- 0.187373 s
currentSize : 42 <-- 0.188175 s

maxsize : 42
nodes : 32173.000000
filtered : 201476.000000
time : 0.222405
