Parameters: GAD=1 vflib=1 dir=1 label=1 lowerbound=1 fileNameGp=../../cp2016-max-common-connected-subgraph-paper/datasets/graphsdb/mcs70/bvg/b06m/mcs70_b06m_s80.A07 fileNameGt=../../cp2016-max-common-connected-subgraph-paper/datasets/graphsdb/mcs70/bvg/b06m/mcs70_b06m_s80.B07
Reading graphs...
80 : 240
80 : 240
Initializing...
maxdom : 11
D->valSize : 472
Solving...
Blb : 2 (clique : 33)
currentSize : 33 <-- 0.004757 s
currentSize : 34 <-- 0.005067 s
currentSize : 35 <-- 0.179743 s
currentSize : 36 <-- 0.179894 s
currentSize : 37 <-- 0.320302 s
currentSize : 38 <-- 1.174890 s
currentSize : 39 <-- 1.175075 s
currentSize : 40 <-- 1.311371 s
currentSize : 41 <-- 1.311530 s
currentSize : 42 <-- 1.405387 s
currentSize : 43 <-- 3.819102 s
currentSize : 44 <-- 3.990569 s
currentSize : 45 <-- 4.486519 s
currentSize : 47 <-- 4.486609 s
currentSize : 49 <-- 4.645807 s
currentSize : 50 <-- 4.762296 s
currentSize : 51 <-- 10.405586 s
currentSize : 53 <-- 10.446059 s
currentSize : 54 <-- 10.447905 s
currentSize : 56 <-- 10.448319 s

maxsize : 56
nodes : 3355563.000000
filtered : 16467656.000000
time : 15.728837
