Parameters: GAD=1 vflib=1 dir=1 label=1 lowerbound=1 fileNameGp=../../cp2016-max-common-connected-subgraph-paper/datasets/graphsdb/mcs70/m3D/m3Dr6/mcs70_m3Dr6_s90.A07 fileNameGt=../../cp2016-max-common-connected-subgraph-paper/datasets/graphsdb/mcs70/m3D/m3Dr6/mcs70_m3Dr6_s90.B07
Reading graphs...
90 : 263
90 : 262
Initializing...
maxdom : 12
D->valSize : 573
Solving...
Blb : 2 (clique : 49)
currentSize : 49 <-- 0.006758 s
currentSize : 52 <-- 0.007086 s
currentSize : 55 <-- 0.007638 s
currentSize : 56 <-- 0.008356 s
currentSize : 60 <-- 0.019313 s
currentSize : 61 <-- 0.020077 s
currentSize : 63 <-- 0.020321 s
currentSize : 65 <-- 0.028329 s

maxsize : 65
nodes : 1181733.000000
filtered : 9606669.000000
time : 6.663198
