Parameters: GAD=1 vflib=1 dir=1 label=1 lowerbound=1 fileNameGp=../../cp2016-max-common-connected-subgraph-paper/datasets/graphsdb/mcs70/rand/r01/mcs70_r01_s50.A05 fileNameGt=../../cp2016-max-common-connected-subgraph-paper/datasets/graphsdb/mcs70/rand/r01/mcs70_r01_s50.B05
Reading graphs...
50 : 244
50 : 244
Initializing...
maxdom : 10
D->valSize : 342
Solving...
Blb : 2 (clique : 11)
currentSize : 11 <-- 0.002320 s
currentSize : 12 <-- 0.003108 s
currentSize : 13 <-- 0.004495 s
currentSize : 14 <-- 0.012360 s
currentSize : 15 <-- 0.016111 s
currentSize : 16 <-- 0.016156 s
currentSize : 19 <-- 0.024464 s
currentSize : 23 <-- 0.033323 s
currentSize : 24 <-- 0.036728 s
currentSize : 25 <-- 0.036817 s
currentSize : 27 <-- 0.064068 s
currentSize : 35 <-- 0.070606 s

maxsize : 35
nodes : 15001.000000
filtered : 237794.000000
time : 0.075407
