Parameters: GAD=1 vflib=1 dir=1 label=1 lowerbound=1 fileNameGp=../../cp2016-max-common-connected-subgraph-paper/datasets/graphsdb/mcs70/m2D/m2Dr2/mcs70_m2Dr2_s80.A02 fileNameGt=../../cp2016-max-common-connected-subgraph-paper/datasets/graphsdb/mcs70/m2D/m2Dr2/mcs70_m2Dr2_s80.B02
Reading graphs...
80 : 158
80 : 158
Initializing...
maxdom : 10
D->valSize : 439
Solving...
Blb : 2 (clique : 39)
currentSize : 39 <-- 0.006817 s
currentSize : 40 <-- 0.492836 s
currentSize : 41 <-- 0.492960 s
currentSize : 42 <-- 18.737265 s
currentSize : 43 <-- 43.512157 s
currentSize : 44 <-- 43.617992 s
currentSize : 45 <-- 43.618233 s
currentSize : 47 <-- 43.618542 s
currentSize : 48 <-- 43.618740 s
currentSize : 49 <-- 43.653645 s
currentSize : 50 <-- 68.693176 s

maxsize : 50
nodes : 17803461.000000
filtered : 138326212.000000
time : 95.258789
