Parameters: GAD=1 vflib=1 dir=1 label=1 lowerbound=1 fileNameGp=../../cp2016-max-common-connected-subgraph-paper/datasets/graphsdb/mcs70/m2D/m2Dr2/mcs70_m2Dr2_s100.A02 fileNameGt=../../cp2016-max-common-connected-subgraph-paper/datasets/graphsdb/mcs70/m2D/m2Dr2/mcs70_m2Dr2_s100.B02
Reading graphs...
100 : 200
100 : 200
Initializing...
maxdom : 7
D->valSize : 379
Solving...
Blb : 3 (clique : 44)
currentSize : 44 <-- 0.006621 s
currentSize : 45 <-- 0.008280 s
currentSize : 46 <-- 0.008469 s
currentSize : 47 <-- 0.008943 s
currentSize : 49 <-- 0.032364 s
currentSize : 50 <-- 0.032727 s
currentSize : 51 <-- 0.034150 s
currentSize : 52 <-- 0.125942 s
currentSize : 53 <-- 0.134905 s
currentSize : 54 <-- 0.135311 s
currentSize : 55 <-- 0.136347 s
currentSize : 56 <-- 0.137345 s
currentSize : 57 <-- 549.766602 s
currentSize : 58 <-- 570.220154 s
currentSize : 59 <-- 570.878174 s
currentSize : 60 <-- 580.435242 s

TIMEOUT
maxsize : 60
nodes : 194134245.000000
filtered : 658389690.000000
time : 1000.000061
