Parameters: GAD=1 vflib=1 dir=1 label=1 lowerbound=1 fileNameGp=../../cp2016-max-common-connected-subgraph-paper/datasets/graphsdb/mcs70/bvg/b09m/mcs70_b09m_s90.A03 fileNameGt=../../cp2016-max-common-connected-subgraph-paper/datasets/graphsdb/mcs70/bvg/b09m/mcs70_b09m_s90.B03
Reading graphs...
90 : 405
90 : 405
Initializing...
maxdom : 9
D->valSize : 529
Solving...
Blb : 3 (clique : 42)
currentSize : 42 <-- 0.008332 s
currentSize : 43 <-- 0.008968 s
currentSize : 44 <-- 0.009177 s
currentSize : 45 <-- 0.017946 s
currentSize : 46 <-- 0.018229 s
currentSize : 47 <-- 7.530832 s
currentSize : 49 <-- 14.854997 s
currentSize : 51 <-- 14.855338 s
currentSize : 53 <-- 14.855736 s
currentSize : 55 <-- 46.141975 s
currentSize : 59 <-- 69.289200 s
currentSize : 62 <-- 69.289368 s

maxsize : 62
nodes : 16619658.000000
filtered : 115566702.000000
time : 93.104637
