Parameters: GAD=1 vflib=1 dir=1 label=1 lowerbound=1 fileNameGp=../../cp2016-max-common-connected-subgraph-paper/datasets/graphsdb/mcs70/m2D/m2D/mcs70_m2D_s100.A00 fileNameGt=../../cp2016-max-common-connected-subgraph-paper/datasets/graphsdb/mcs70/m2D/m2D/mcs70_m2D_s100.B00
Reading graphs...
100 : 180
100 : 180
Initializing...
maxdom : 6
D->valSize : 356
Solving...
Blb : 2 (clique : 35)
currentSize : 35 <-- 0.003568 s
currentSize : 54 <-- 0.003886 s
currentSize : 55 <-- 0.004191 s
currentSize : 56 <-- 58.001152 s
currentSize : 57 <-- 58.001583 s
currentSize : 59 <-- 72.378082 s
currentSize : 60 <-- 72.378464 s
currentSize : 61 <-- 832.970825 s
currentSize : 62 <-- 832.971130 s

TIMEOUT
maxsize : 62
nodes : 219201865.000000
filtered : 572795265.000000
time : 1000.000122
