Parameters: GAD=1 vflib=1 dir=1 label=1 lowerbound=1 fileNameGp=../../cp2016-max-common-connected-subgraph-paper/datasets/graphsdb/mcs70/m2D/m2D/mcs70_m2D_s60.A08 fileNameGt=../../cp2016-max-common-connected-subgraph-paper/datasets/graphsdb/mcs70/m2D/m2D/mcs70_m2D_s60.B08
Reading graphs...
60 : 104
60 : 104
Initializing...
maxdom : 10
D->valSize : 294
Solving...
Blb : 2 (clique : 27)
currentSize : 27 <-- 0.002114 s
currentSize : 29 <-- 0.054886 s
currentSize : 30 <-- 0.279655 s
currentSize : 31 <-- 0.282743 s
currentSize : 32 <-- 0.282816 s
currentSize : 33 <-- 8.835264 s
currentSize : 34 <-- 8.840296 s
currentSize : 35 <-- 8.865941 s
currentSize : 36 <-- 8.866023 s

maxsize : 36
nodes : 3584414.000000
filtered : 24153975.000000
time : 15.813971
