Parameters: GAD=1 vflib=1 dir=1 label=1 lowerbound=1 fileNameGp=../../cp2016-max-common-connected-subgraph-paper/datasets/graphsdb/mcs70/m2D/m2Dr2/mcs70_m2Dr2_s100.A09 fileNameGt=../../cp2016-max-common-connected-subgraph-paper/datasets/graphsdb/mcs70/m2D/m2Dr2/mcs70_m2Dr2_s100.B09
Reading graphs...
100 : 200
100 : 200
Initializing...
maxdom : 8
D->valSize : 397
Solving...
Blb : 3 (clique : 47)
currentSize : 47 <-- 0.007049 s
currentSize : 48 <-- 0.102062 s
currentSize : 49 <-- 0.112436 s
currentSize : 50 <-- 0.115043 s
currentSize : 51 <-- 21.718916 s
currentSize : 52 <-- 21.719545 s
currentSize : 53 <-- 21.733553 s
currentSize : 54 <-- 25.689312 s
currentSize : 55 <-- 48.374149 s
currentSize : 57 <-- 48.375881 s
currentSize : 58 <-- 66.785606 s

TIMEOUT
maxsize : 58
nodes : 195964979.000000
filtered : 650547723.000000
time : 1000.000061
