Parameters: GAD=1 vflib=1 dir=1 label=1 lowerbound=1 fileNameGp=../../cp2016-max-common-connected-subgraph-paper/datasets/graphsdb/mcs70/m2D/m2D/mcs70_m2D_s90.A03 fileNameGt=../../cp2016-max-common-connected-subgraph-paper/datasets/graphsdb/mcs70/m2D/m2D/mcs70_m2D_s90.B03
Reading graphs...
90 : 161
90 : 161
Initializing...
maxdom : 10
D->valSize : 579
Solving...
Blb : 2 (clique : 48)
currentSize : 48 <-- 0.007011 s
currentSize : 49 <-- 0.007388 s
currentSize : 50 <-- 0.062075 s
currentSize : 51 <-- 0.442997 s
currentSize : 52 <-- 46.197739 s
currentSize : 53 <-- 154.466766 s
currentSize : 54 <-- 155.567337 s
currentSize : 57 <-- 155.572708 s

TIMEOUT
maxsize : 57
nodes : 195097502.000000
filtered : 841419840.000000
time : 1000.000061
