Parameters: GAD=1 vflib=1 dir=1 label=1 lowerbound=1 fileNameGp=../../cp2016-max-common-connected-subgraph-paper/datasets/graphsdb/mcs70/m2D/m2D/mcs70_m2D_s70.A04 fileNameGt=../../cp2016-max-common-connected-subgraph-paper/datasets/graphsdb/mcs70/m2D/m2D/mcs70_m2D_s70.B04
Reading graphs...
70 : 123
70 : 123
Initializing...
maxdom : 8
D->valSize : 347
Solving...
Blb : 2 (clique : 41)
currentSize : 41 <-- 0.002972 s
currentSize : 42 <-- 1.377397 s
currentSize : 43 <-- 1.377545 s
currentSize : 46 <-- 2.003398 s
currentSize : 47 <-- 7.286326 s
currentSize : 49 <-- 14.017707 s
currentSize : 50 <-- 18.798388 s

maxsize : 50
nodes : 5236286.000000
filtered : 24629033.000000
time : 22.752728
