Parameters: GAD=1 vflib=1 dir=1 label=1 lowerbound=1 fileNameGp=../../cp2016-max-common-connected-subgraph-paper/datasets/graphsdb/mcs70/bvg/b03m/mcs70_b03m_s80.A05 fileNameGt=../../cp2016-max-common-connected-subgraph-paper/datasets/graphsdb/mcs70/bvg/b03m/mcs70_b03m_s80.B05
Reading graphs...
80 : 120
80 : 120
Initializing...
maxdom : 11
D->valSize : 447
Solving...
Blb : 2 (clique : 49)
currentSize : 49 <-- 0.004827 s
currentSize : 50 <-- 0.022627 s
currentSize : 51 <-- 1.293422 s
currentSize : 52 <-- 30.158993 s
currentSize : 53 <-- 30.186579 s
currentSize : 54 <-- 30.187485 s
currentSize : 56 <-- 340.312469 s
currentSize : 57 <-- 340.357178 s

TIMEOUT
maxsize : 57
nodes : 231238641.000000
filtered : 870816878.000000
time : 1000.000061
