Parameters: GAD=1 vflib=1 dir=1 label=1 lowerbound=1 fileNameGp=../../cp2016-max-common-connected-subgraph-paper/datasets/graphsdb/mcs70/m3D/m3Dr6/mcs70_m3Dr6_s90.A06 fileNameGt=../../cp2016-max-common-connected-subgraph-paper/datasets/graphsdb/mcs70/m3D/m3Dr6/mcs70_m3Dr6_s90.B06
Reading graphs...
90 : 263
90 : 259
Initializing...
maxdom : 9
D->valSize : 549
Solving...
Blb : 2 (clique : 38)
currentSize : 38 <-- 0.006356 s
currentSize : 52 <-- 0.006657 s
currentSize : 53 <-- 0.006876 s
currentSize : 55 <-- 10.504174 s
currentSize : 56 <-- 10.512260 s
currentSize : 63 <-- 30.291861 s
currentSize : 64 <-- 30.292358 s

maxsize : 64
nodes : 7667704.000000
filtered : 56677575.000000
time : 42.082767
