Parameters: GAD=1 vflib=1 dir=1 label=1 lowerbound=1 fileNameGp=../../cp2016-max-common-connected-subgraph-paper/datasets/graphsdb/mcs70/m2D/m2Dr2/mcs70_m2Dr2_s90.A06 fileNameGt=../../cp2016-max-common-connected-subgraph-paper/datasets/graphsdb/mcs70/m2D/m2Dr2/mcs70_m2Dr2_s90.B06
Reading graphs...
90 : 179
90 : 178
Initializing...
maxdom : 10
D->valSize : 549
Solving...
Blb : 2 (clique : 44)
currentSize : 44 <-- 0.006783 s
currentSize : 45 <-- 0.007301 s
currentSize : 46 <-- 0.008656 s
currentSize : 47 <-- 0.008878 s
currentSize : 48 <-- 0.009892 s
currentSize : 49 <-- 0.010080 s
currentSize : 50 <-- 0.102750 s
currentSize : 52 <-- 2.166901 s
currentSize : 53 <-- 2.167236 s
currentSize : 54 <-- 2.228966 s
currentSize : 55 <-- 27.711418 s
currentSize : 56 <-- 27.711571 s
currentSize : 57 <-- 77.275063 s
currentSize : 58 <-- 77.275307 s
currentSize : 59 <-- 135.410751 s
currentSize : 60 <-- 135.413757 s
currentSize : 64 <-- 543.905151 s
currentSize : 66 <-- 544.152893 s

maxsize : 66
nodes : 102728401.000000
filtered : 649708348.000000
time : 578.031677
