Parameters: GAD=1 vflib=1 dir=1 label=1 lowerbound=1 fileNameGp=../../cp2016-max-common-connected-subgraph-paper/datasets/graphsdb/mcs70/bvg/b06/mcs70_b06_s90.A05 fileNameGt=../../cp2016-max-common-connected-subgraph-paper/datasets/graphsdb/mcs70/bvg/b06/mcs70_b06_s90.B05
Reading graphs...
90 : 270
90 : 270
Initializing...
maxdom : 10
D->valSize : 579
Solving...
Blb : 2 (clique : 36)
currentSize : 36 <-- 0.006854 s
currentSize : 37 <-- 0.009120 s
currentSize : 45 <-- 0.010892 s
currentSize : 46 <-- 0.010989 s
currentSize : 48 <-- 0.012469 s
currentSize : 49 <-- 0.012573 s
currentSize : 55 <-- 0.036705 s
currentSize : 56 <-- 0.036755 s
currentSize : 62 <-- 0.212449 s
currentSize : 63 <-- 0.212662 s

maxsize : 63
nodes : 2320284.000000
filtered : 20709622.000000
time : 13.961460
