Parameters: GAD=1 vflib=1 dir=1 label=1 lowerbound=1 fileNameGp=../../cp2016-max-common-connected-subgraph-paper/datasets/graphsdb/mcs70/bvg/b06/mcs70_b06_s100.A03 fileNameGt=../../cp2016-max-common-connected-subgraph-paper/datasets/graphsdb/mcs70/bvg/b06/mcs70_b06_s100.B03
Reading graphs...
100 : 300
100 : 300
Initializing...
maxdom : 7
D->valSize : 385
Solving...
Blb : 2 (clique : 41)
currentSize : 41 <-- 0.003829 s
currentSize : 44 <-- 0.004856 s
currentSize : 45 <-- 0.006918 s
currentSize : 46 <-- 0.012820 s
currentSize : 48 <-- 0.039022 s
currentSize : 50 <-- 0.041568 s
currentSize : 52 <-- 0.121138 s
currentSize : 56 <-- 1.089435 s
currentSize : 57 <-- 1.173457 s
currentSize : 58 <-- 22.868217 s
currentSize : 59 <-- 88.777489 s
currentSize : 64 <-- 88.926353 s
currentSize : 65 <-- 89.765282 s
currentSize : 66 <-- 132.740540 s
currentSize : 67 <-- 132.740967 s
currentSize : 68 <-- 132.756485 s
currentSize : 69 <-- 132.905090 s
currentSize : 70 <-- 132.905609 s
currentSize : 71 <-- 132.922531 s

maxsize : 71
nodes : 27378350.000000
filtered : 129692440.000000
time : 148.639832
