Parameters: GAD=1 vflib=1 dir=1 label=1 lowerbound=1 fileNameGp=../../cp2016-max-common-connected-subgraph-paper/datasets/graphsdb/mcs70/m2D/m2Dr4/mcs70_m2Dr4_s70.A07 fileNameGt=../../cp2016-max-common-connected-subgraph-paper/datasets/graphsdb/mcs70/m2D/m2Dr4/mcs70_m2Dr4_s70.B07
Reading graphs...
70 : 151
70 : 149
Initializing...
maxdom : 7
D->valSize : 326
Solving...
Blb : 3 (clique : 35)
currentSize : 35 <-- 0.002681 s
currentSize : 36 <-- 0.003147 s
currentSize : 37 <-- 0.003337 s
currentSize : 38 <-- 0.003495 s
currentSize : 39 <-- 0.003712 s
currentSize : 40 <-- 0.004044 s
currentSize : 41 <-- 0.004374 s
currentSize : 43 <-- 0.005006 s
currentSize : 44 <-- 0.005121 s
currentSize : 45 <-- 0.429499 s
currentSize : 46 <-- 0.429605 s
currentSize : 48 <-- 0.429790 s
currentSize : 49 <-- 0.429921 s

maxsize : 49
nodes : 430716.000000
filtered : 1697578.000000
time : 1.809638
