Parameters: GAD=1 vflib=1 dir=1 label=1 lowerbound=1 fileNameGp=../../cp2016-max-common-connected-subgraph-paper/datasets/graphsdb/mcs70/bvg/b09m/mcs70_b09m_s50.A05 fileNameGt=../../cp2016-max-common-connected-subgraph-paper/datasets/graphsdb/mcs70/bvg/b09m/mcs70_b09m_s50.B05
Reading graphs...
50 : 225
50 : 225
Initializing...
maxdom : 10
D->valSize : 356
Solving...
Blb : 3 (clique : 16)
currentSize : 16 <-- 0.002472 s
currentSize : 19 <-- 0.002561 s
currentSize : 25 <-- 0.002622 s
currentSize : 27 <-- 0.002709 s
currentSize : 28 <-- 0.002934 s
currentSize : 29 <-- 0.008392 s
currentSize : 31 <-- 0.027968 s
currentSize : 32 <-- 0.028208 s
currentSize : 34 <-- 0.028519 s

maxsize : 34
nodes : 14276.000000
filtered : 159221.000000
time : 0.063644
