Parameters: GAD=1 vflib=1 dir=1 label=1 lowerbound=1 fileNameGp=../../cp2016-max-common-connected-subgraph-paper/datasets/graphsdb/mcs70/bvg/b09/mcs70_b09_s100.A07 fileNameGt=../../cp2016-max-common-connected-subgraph-paper/datasets/graphsdb/mcs70/bvg/b09/mcs70_b09_s100.B07
Reading graphs...
100 : 450
100 : 450
Initializing...
maxdom : 5
D->valSize : 378
Solving...
Blb : 2 (clique : 55)
currentSize : 55 <-- 0.003757 s
currentSize : 61 <-- 0.004785 s
currentSize : 63 <-- 0.004953 s
currentSize : 65 <-- 0.007280 s
currentSize : 66 <-- 0.014944 s
currentSize : 68 <-- 0.015126 s
currentSize : 70 <-- 0.019244 s

maxsize : 70
nodes : 1249483.000000
filtered : 6942614.000000
time : 6.909336
