Parameters: GAD=1 vflib=1 dir=1 label=1 lowerbound=1 fileNameGp=../../cp2016-max-common-connected-subgraph-paper/datasets/graphsdb/mcs70/bvg/b03m/mcs70_b03m_s80.A08 fileNameGt=../../cp2016-max-common-connected-subgraph-paper/datasets/graphsdb/mcs70/bvg/b03m/mcs70_b03m_s80.B08
Reading graphs...
80 : 120
80 : 120
Initializing...
maxdom : 10
D->valSize : 442
Solving...
Blb : 2 (clique : 41)
currentSize : 41 <-- 0.004367 s
currentSize : 44 <-- 0.004657 s
currentSize : 46 <-- 0.004739 s
currentSize : 47 <-- 0.068686 s
currentSize : 48 <-- 0.081933 s
currentSize : 50 <-- 0.082089 s
currentSize : 51 <-- 0.211352 s
currentSize : 53 <-- 0.211481 s
currentSize : 56 <-- 0.574666 s

maxsize : 56
nodes : 5184814.000000
filtered : 25828983.000000
time : 26.840958
