Parameters: GAD=1 vflib=1 dir=1 label=1 lowerbound=1 fileNameGp=../../cp2016-max-common-connected-subgraph-paper/datasets/graphsdb/mcs70/bvg/b06m/mcs70_b06m_s90.A06 fileNameGt=../../cp2016-max-common-connected-subgraph-paper/datasets/graphsdb/mcs70/bvg/b06m/mcs70_b06m_s90.B06
Reading graphs...
90 : 270
90 : 270
Initializing...
maxdom : 8
D->valSize : 548
Solving...
Blb : 2 (clique : 47)
currentSize : 47 <-- 0.006315 s
currentSize : 48 <-- 0.006769 s
currentSize : 51 <-- 0.090529 s
currentSize : 52 <-- 0.090774 s
currentSize : 53 <-- 0.678313 s
currentSize : 56 <-- 0.759221 s
currentSize : 57 <-- 0.759498 s
currentSize : 58 <-- 207.142807 s
currentSize : 60 <-- 207.142944 s
currentSize : 62 <-- 647.097107 s
currentSize : 63 <-- 735.411194 s

maxsize : 63
nodes : 168200646.000000
filtered : 864715417.000000
time : 856.656860
