Parameters: GAD=1 vflib=1 dir=1 label=1 lowerbound=1 fileNameGp=../../cp2016-max-common-connected-subgraph-paper/datasets/graphsdb/mcs70/rand/r005/mcs70_r005_s60.A07 fileNameGt=../../cp2016-max-common-connected-subgraph-paper/datasets/graphsdb/mcs70/rand/r005/mcs70_r005_s60.B07
Reading graphs...
60 : 176
60 : 176
Initializing...
maxdom : 9
D->valSize : 292
Solving...
Blb : 2 (clique : 32)
currentSize : 32 <-- 0.002126 s
currentSize : 33 <-- 0.006165 s
currentSize : 36 <-- 0.130807 s
currentSize : 38 <-- 0.130884 s
currentSize : 39 <-- 0.131129 s
currentSize : 40 <-- 0.146806 s
currentSize : 42 <-- 0.147224 s

maxsize : 42
nodes : 37977.000000
filtered : 325901.000000
time : 0.175342
