Parameters: GAD=1 vflib=1 dir=1 label=1 lowerbound=1 fileNameGp=../../cp2016-max-common-connected-subgraph-paper/datasets/graphsdb/mcs70/m2D/m2Dr6/mcs70_m2Dr6_s60.A00 fileNameGt=../../cp2016-max-common-connected-subgraph-paper/datasets/graphsdb/mcs70/m2D/m2Dr6/mcs70_m2Dr6_s60.B00
Reading graphs...
60 : 140
60 : 140
Initializing...
maxdom : 9
D->valSize : 288
Solving...
Blb : 2 (clique : 23)
currentSize : 23 <-- 0.002057 s
currentSize : 24 <-- 0.002584 s
currentSize : 25 <-- 0.005140 s
currentSize : 28 <-- 0.009558 s
currentSize : 30 <-- 0.009630 s
currentSize : 34 <-- 0.016366 s
currentSize : 37 <-- 0.117538 s

maxsize : 37
nodes : 346960.000000
filtered : 1564517.000000
time : 1.398988
