Parameters: GAD=1 vflib=1 dir=1 label=1 lowerbound=1 fileNameGp=../../cp2016-max-common-connected-subgraph-paper/datasets/graphsdb/mcs70/m2D/m2D/mcs70_m2D_s90.A09 fileNameGt=../../cp2016-max-common-connected-subgraph-paper/datasets/graphsdb/mcs70/m2D/m2D/mcs70_m2D_s90.B09
Reading graphs...
90 : 161
90 : 161
Initializing...
maxdom : 10
D->valSize : 619
Solving...
Blb : 2 (clique : 50)
currentSize : 50 <-- 0.008151 s
currentSize : 52 <-- 0.008532 s
currentSize : 56 <-- 0.008673 s
currentSize : 58 <-- 0.008873 s
currentSize : 59 <-- 0.012237 s
currentSize : 60 <-- 0.014414 s
currentSize : 61 <-- 0.043027 s
currentSize : 62 <-- 0.111662 s
currentSize : 63 <-- 343.639557 s
currentSize : 64 <-- 420.721893 s

maxsize : 64
nodes : 102258342.000000
filtered : 752304532.000000
time : 625.194519
