Parameters: GAD=1 vflib=1 dir=1 label=1 lowerbound=1 fileNameGp=../../cp2016-max-common-connected-subgraph-paper/datasets/graphsdb/mcs70/bvg/b09/mcs70_b09_s80.A04 fileNameGt=../../cp2016-max-common-connected-subgraph-paper/datasets/graphsdb/mcs70/bvg/b09/mcs70_b09_s80.B04
Reading graphs...
80 : 360
80 : 360
Initializing...
maxdom : 10
D->valSize : 448
Solving...
Blb : 3 (clique : 22)
currentSize : 22 <-- 0.006923 s
currentSize : 23 <-- 0.271942 s
currentSize : 24 <-- 0.272299 s
currentSize : 25 <-- 0.281277 s
currentSize : 26 <-- 0.281821 s
currentSize : 28 <-- 0.441264 s
currentSize : 30 <-- 0.441349 s
currentSize : 31 <-- 0.461080 s
currentSize : 33 <-- 0.461182 s
currentSize : 34 <-- 2.307728 s
currentSize : 37 <-- 2.312979 s
currentSize : 43 <-- 2.314311 s
currentSize : 44 <-- 3.140059 s
currentSize : 45 <-- 3.141506 s
currentSize : 47 <-- 3.144556 s
currentSize : 56 <-- 3.145691 s

maxsize : 56
nodes : 662145.000000
filtered : 4840272.000000
time : 3.635944
