Parameters: GAD=1 vflib=1 dir=1 label=1 lowerbound=1 fileNameGp=../../cp2016-max-common-connected-subgraph-paper/datasets/graphsdb/mcs70/m2D/m2Dr4/mcs70_m2Dr4_s80.A02 fileNameGt=../../cp2016-max-common-connected-subgraph-paper/datasets/graphsdb/mcs70/m2D/m2Dr4/mcs70_m2Dr4_s80.B02
Reading graphs...
80 : 174
80 : 172
Initializing...
maxdom : 9
D->valSize : 475
Solving...
Blb : 2 (clique : 34)
currentSize : 34 <-- 0.004792 s
currentSize : 35 <-- 0.005053 s
currentSize : 36 <-- 0.005935 s
currentSize : 37 <-- 0.005957 s
currentSize : 38 <-- 22.996748 s
currentSize : 39 <-- 23.000072 s
currentSize : 40 <-- 23.015146 s
currentSize : 41 <-- 25.618168 s
currentSize : 42 <-- 62.130596 s
currentSize : 44 <-- 62.137249 s
currentSize : 45 <-- 63.653584 s
currentSize : 49 <-- 67.991661 s
currentSize : 50 <-- 107.583557 s
currentSize : 51 <-- 263.861267 s

maxsize : 51
nodes : 132733392.000000
filtered : 769477027.000000
time : 640.743774
