Parameters: GAD=1 vflib=1 dir=1 label=1 lowerbound=1 fileNameGp=../../cp2016-max-common-connected-subgraph-paper/datasets/graphsdb/mcs70/m2D/m2D/mcs70_m2D_s70.A09 fileNameGt=../../cp2016-max-common-connected-subgraph-paper/datasets/graphsdb/mcs70/m2D/m2D/mcs70_m2D_s70.B09
Reading graphs...
70 : 123
70 : 123
Initializing...
maxdom : 7
D->valSize : 331
Solving...
Blb : 2 (clique : 37)
currentSize : 37 <-- 0.002738 s
currentSize : 39 <-- 0.002964 s
currentSize : 40 <-- 0.003133 s
currentSize : 41 <-- 0.003298 s
currentSize : 42 <-- 0.003554 s
currentSize : 43 <-- 0.003881 s
currentSize : 44 <-- 0.007788 s
currentSize : 49 <-- 0.322061 s

maxsize : 49
nodes : 483587.000000
filtered : 2344082.000000
time : 2.172774
