Parameters: GAD=1 vflib=1 dir=1 label=1 lowerbound=1 fileNameGp=../../cp2016-max-common-connected-subgraph-paper/datasets/graphsdb/mcs70/rand/r01/mcs70_r01_s90.A01 fileNameGt=../../cp2016-max-common-connected-subgraph-paper/datasets/graphsdb/mcs70/rand/r01/mcs70_r01_s90.B01
Reading graphs...
90 : 800
90 : 800
Initializing...
maxdom : 11
D->valSize : 602
Solving...
Blb : 2 (clique : 20)
currentSize : 20 <-- 0.010886 s
currentSize : 22 <-- 0.011147 s
currentSize : 24 <-- 0.011262 s
currentSize : 32 <-- 0.011796 s
currentSize : 35 <-- 0.012547 s
currentSize : 42 <-- 0.012818 s
currentSize : 44 <-- 0.111294 s
currentSize : 63 <-- 0.194817 s

maxsize : 63
nodes : 23083.000000
filtered : 531318.000000
time : 0.235723
