Parameters: GAD=1 vflib=1 dir=1 label=1 lowerbound=1 fileNameGp=../../cp2016-max-common-connected-subgraph-paper/datasets/graphsdb/mcs70/m2D/m2D/mcs70_m2D_s80.A03 fileNameGt=../../cp2016-max-common-connected-subgraph-paper/datasets/graphsdb/mcs70/m2D/m2D/mcs70_m2D_s80.B03
Reading graphs...
80 : 142
80 : 142
Initializing...
maxdom : 7
D->valSize : 413
Solving...
Blb : 2 (clique : 41)
currentSize : 41 <-- 0.004127 s
currentSize : 43 <-- 0.004629 s
currentSize : 44 <-- 0.004687 s
currentSize : 45 <-- 0.005243 s
currentSize : 46 <-- 0.011403 s
currentSize : 47 <-- 1.237326 s
currentSize : 49 <-- 1.238785 s

TIMEOUT
maxsize : 49
nodes : 206934225.000000
filtered : 1112382922.000000
time : 1000.000061
