Parameters: GAD=1 vflib=1 dir=1 label=1 lowerbound=1 fileNameGp=../../cp2016-max-common-connected-subgraph-paper/datasets/graphsdb/mcs70/rand/r005/mcs70_r005_s60.A03 fileNameGt=../../cp2016-max-common-connected-subgraph-paper/datasets/graphsdb/mcs70/rand/r005/mcs70_r005_s60.B03
Reading graphs...
60 : 176
60 : 176
Initializing...
maxdom : 8
D->valSize : 281
Solving...
Blb : 2 (clique : 26)
currentSize : 26 <-- 0.002129 s
currentSize : 29 <-- 0.002270 s
currentSize : 30 <-- 0.037411 s
currentSize : 32 <-- 0.039050 s
currentSize : 38 <-- 0.077157 s
currentSize : 40 <-- 0.119527 s
currentSize : 42 <-- 0.119588 s

maxsize : 42
nodes : 46756.000000
filtered : 271362.000000
time : 0.188983
