Parameters: GAD=1 vflib=1 dir=1 label=1 lowerbound=1 fileNameGp=../../cp2016-max-common-connected-subgraph-paper/datasets/graphsdb/mcs70/bvg/b06/mcs70_b06_s80.A05 fileNameGt=../../cp2016-max-common-connected-subgraph-paper/datasets/graphsdb/mcs70/bvg/b06/mcs70_b06_s80.B05
Reading graphs...
80 : 240
80 : 240
Initializing...
maxdom : 8
D->valSize : 460
Solving...
Blb : 2 (clique : 33)
currentSize : 33 <-- 0.007436 s
currentSize : 37 <-- 0.007814 s
currentSize : 38 <-- 0.029943 s
currentSize : 40 <-- 4.149971 s
currentSize : 42 <-- 4.153830 s
currentSize : 44 <-- 4.154323 s
currentSize : 47 <-- 14.152807 s
currentSize : 48 <-- 14.153164 s
currentSize : 54 <-- 14.157975 s
currentSize : 56 <-- 14.158160 s

maxsize : 56
nodes : 4198514.000000
filtered : 30004945.000000
time : 22.222260
