Parameters: GAD=1 vflib=1 dir=1 label=1 lowerbound=1 fileNameGp=../../cp2016-max-common-connected-subgraph-paper/datasets/graphsdb/mcs70/bvg/b03m/mcs70_b03m_s100.A01 fileNameGt=../../cp2016-max-common-connected-subgraph-paper/datasets/graphsdb/mcs70/bvg/b03m/mcs70_b03m_s100.B01
Reading graphs...
100 : 150
100 : 150
Initializing...
maxdom : 8
D->valSize : 361
Solving...
Blb : 2 (clique : 56)
currentSize : 56 <-- 0.003851 s
currentSize : 57 <-- 0.014516 s
currentSize : 58 <-- 0.069865 s
currentSize : 59 <-- 0.179895 s
currentSize : 60 <-- 0.439457 s
currentSize : 61 <-- 0.514348 s
currentSize : 62 <-- 0.649152 s
currentSize : 63 <-- 6.755590 s
currentSize : 64 <-- 6.787021 s
currentSize : 65 <-- 6.845775 s
currentSize : 66 <-- 37.026360 s
currentSize : 67 <-- 37.094185 s
currentSize : 68 <-- 37.095592 s
currentSize : 69 <-- 477.588379 s
currentSize : 70 <-- 522.227661 s
currentSize : 71 <-- 522.350098 s
currentSize : 72 <-- 522.352051 s

maxsize : 72
nodes : 165092240.000000
filtered : 627406050.000000
time : 878.541504
