Parameters: GAD=1 vflib=1 dir=1 label=1 lowerbound=1 fileNameGp=../../cp2016-max-common-connected-subgraph-paper/datasets/graphsdb/mcs70/rand/r001/mcs70_r001_s100.A06 fileNameGt=../../cp2016-max-common-connected-subgraph-paper/datasets/graphsdb/mcs70/rand/r001/mcs70_r001_s100.B06
Reading graphs...
100 : 120
100 : 120
Initializing...
maxdom : 8
D->valSize : 371
Solving...
Blb : 2 (clique : 56)
currentSize : 56 <-- 0.006688 s
currentSize : 57 <-- 0.007514 s
currentSize : 58 <-- 0.007791 s
currentSize : 59 <-- 0.009269 s
currentSize : 60 <-- 0.010171 s
currentSize : 61 <-- 0.011498 s
currentSize : 62 <-- 0.012638 s
currentSize : 63 <-- 25.478811 s
currentSize : 64 <-- 25.479719 s

TIMEOUT
maxsize : 64
nodes : 188467936.000000
filtered : 772417651.000000
time : 1000.000061
