Parameters: GAD=1 vflib=1 dir=1 label=1 lowerbound=1 fileNameGp=../../cp2016-max-common-connected-subgraph-paper/datasets/graphsdb/mcs70/m2D/m2Dr4/mcs70_m2Dr4_s80.A03 fileNameGt=../../cp2016-max-common-connected-subgraph-paper/datasets/graphsdb/mcs70/m2D/m2Dr4/mcs70_m2Dr4_s80.B03
Reading graphs...
80 : 174
80 : 174
Initializing...
maxdom : 10
D->valSize : 422
Solving...
Blb : 3 (clique : 31)
currentSize : 31 <-- 0.004002 s
currentSize : 32 <-- 0.004384 s
currentSize : 33 <-- 0.004573 s
currentSize : 34 <-- 0.006417 s
currentSize : 35 <-- 0.006611 s
currentSize : 36 <-- 0.011539 s
currentSize : 38 <-- 0.015616 s
currentSize : 39 <-- 0.015884 s
currentSize : 40 <-- 37.892796 s
currentSize : 41 <-- 40.040470 s
currentSize : 42 <-- 40.043480 s
currentSize : 43 <-- 40.043621 s
currentSize : 44 <-- 40.043819 s
currentSize : 45 <-- 40.043983 s
currentSize : 46 <-- 70.735397 s
currentSize : 47 <-- 71.077896 s
currentSize : 48 <-- 92.747734 s
currentSize : 49 <-- 92.827187 s
currentSize : 50 <-- 92.827377 s

maxsize : 50
nodes : 27946459.000000
filtered : 189415663.000000
time : 149.516998
