Parameters: GAD=1 vflib=1 dir=1 label=1 lowerbound=1 fileNameGp=../../cp2016-max-common-connected-subgraph-paper/datasets/graphsdb/mcs70/m2D/m2Dr4/mcs70_m2Dr4_s50.A08 fileNameGt=../../cp2016-max-common-connected-subgraph-paper/datasets/graphsdb/mcs70/m2D/m2Dr4/mcs70_m2Dr4_s50.B08
Reading graphs...
50 : 105
50 : 104
Initializing...
maxdom : 11
D->valSize : 345
Solving...
Blb : 2 (clique : 26)
currentSize : 26 <-- 0.002582 s
currentSize : 27 <-- 0.042943 s
currentSize : 29 <-- 0.078840 s
currentSize : 32 <-- 0.186442 s
currentSize : 34 <-- 0.186480 s
currentSize : 35 <-- 0.186743 s
currentSize : 36 <-- 0.188652 s

maxsize : 36
nodes : 111107.000000
filtered : 1075006.000000
time : 0.466018
