Parameters: GAD=1 vflib=1 dir=1 label=1 lowerbound=1 fileNameGp=../../cp2016-max-common-connected-subgraph-paper/datasets/graphsdb/mcs70/m2D/m2Dr6/mcs70_m2Dr6_s50.A01 fileNameGt=../../cp2016-max-common-connected-subgraph-paper/datasets/graphsdb/mcs70/m2D/m2Dr6/mcs70_m2Dr6_s50.B01
Reading graphs...
50 : 115
50 : 112
Initializing...
maxdom : 9
D->valSize : 329
Solving...
Blb : 2 (clique : 23)
currentSize : 23 <-- 0.002320 s
currentSize : 25 <-- 0.002444 s
currentSize : 26 <-- 0.002494 s
currentSize : 27 <-- 0.116654 s
currentSize : 28 <-- 0.116708 s
currentSize : 29 <-- 0.149426 s
currentSize : 32 <-- 0.305343 s
currentSize : 34 <-- 0.305777 s
currentSize : 35 <-- 0.321717 s
currentSize : 36 <-- 0.337594 s

maxsize : 36
nodes : 81862.000000
filtered : 819006.000000
time : 0.362088
