Parameters: GAD=1 vflib=1 dir=1 label=1 lowerbound=1 fileNameGp=../../cp2016-max-common-connected-subgraph-paper/datasets/graphsdb/mcs70/m2D/m2D/mcs70_m2D_s35.A09 fileNameGt=../../cp2016-max-common-connected-subgraph-paper/datasets/graphsdb/mcs70/m2D/m2D/mcs70_m2D_s35.B09
Reading graphs...
35 : 58
35 : 58
Initializing...
maxdom : 7
D->valSize : 174
Solving...
Blb : 2 (clique : 12)
currentSize : 12 <-- 0.000875 s
currentSize : 13 <-- 0.001153 s
currentSize : 14 <-- 0.001206 s
currentSize : 15 <-- 0.015643 s
currentSize : 16 <-- 0.015721 s
currentSize : 17 <-- 0.033358 s
currentSize : 21 <-- 0.037566 s
currentSize : 22 <-- 0.038044 s
currentSize : 24 <-- 0.047396 s
currentSize : 25 <-- 0.047691 s

maxsize : 25
nodes : 15050.000000
filtered : 115232.000000
time : 0.050791
