Parameters: GAD=1 vflib=1 dir=1 label=1 lowerbound=1 fileNameGp=../../cp2016-max-common-connected-subgraph-paper/datasets/graphsdb/mcs70/m3D/m3Dr2/mcs70_m3Dr2_s100.A05 fileNameGt=../../cp2016-max-common-connected-subgraph-paper/datasets/graphsdb/mcs70/m3D/m3Dr2/mcs70_m3Dr2_s100.B05
Reading graphs...
100 : 255
100 : 255
Initializing...
maxdom : 9
D->valSize : 364
Solving...
Blb : 2 (clique : 38)
currentSize : 38 <-- 0.006124 s
currentSize : 39 <-- 0.053358 s
currentSize : 40 <-- 0.411568 s
currentSize : 41 <-- 2.168471 s
currentSize : 42 <-- 15.749960 s
currentSize : 43 <-- 15.779639 s
currentSize : 46 <-- 16.445444 s
currentSize : 48 <-- 16.476553 s
currentSize : 50 <-- 52.348415 s
currentSize : 51 <-- 102.716507 s
currentSize : 53 <-- 102.730515 s
currentSize : 55 <-- 125.293800 s
currentSize : 56 <-- 188.803467 s
currentSize : 57 <-- 255.352341 s
currentSize : 58 <-- 257.220734 s
currentSize : 62 <-- 258.487457 s
currentSize : 64 <-- 387.221893 s

maxsize : 64
nodes : 112896944.000000
filtered : 439406407.000000
time : 578.601379
