Parameters: GAD=1 vflib=1 dir=1 label=1 lowerbound=1 fileNameGp=../../cp2016-max-common-connected-subgraph-paper/datasets/graphsdb/mcs70/bvg/b06/mcs70_b06_s60.A00 fileNameGt=../../cp2016-max-common-connected-subgraph-paper/datasets/graphsdb/mcs70/bvg/b06/mcs70_b06_s60.B00
Reading graphs...
60 : 180
60 : 180
Initializing...
maxdom : 7
D->valSize : 226
Solving...
Blb : 2 (clique : 26)
currentSize : 26 <-- 0.002398 s
currentSize : 27 <-- 0.011879 s
currentSize : 33 <-- 0.283449 s
currentSize : 34 <-- 0.284950 s
currentSize : 35 <-- 0.396399 s
currentSize : 37 <-- 0.624176 s
currentSize : 39 <-- 0.624293 s
currentSize : 40 <-- 0.637637 s
currentSize : 42 <-- 0.647226 s

maxsize : 42
nodes : 156341.000000
filtered : 658758.000000
time : 0.702505
