Parameters: GAD=1 vflib=1 dir=1 label=1 lowerbound=1 fileNameGp=../../cp2016-max-common-connected-subgraph-paper/datasets/graphsdb/mcs70/m3D/m3D/mcs70_m3D_s90.A03 fileNameGt=../../cp2016-max-common-connected-subgraph-paper/datasets/graphsdb/mcs70/m3D/m3D/mcs70_m3D_s90.B03
Reading graphs...
90 : 209
90 : 209
Initializing...
maxdom : 10
D->valSize : 570
Solving...
Blb : 2 (clique : 51)
currentSize : 51 <-- 0.011302 s
currentSize : 52 <-- 0.014350 s
currentSize : 59 <-- 0.018134 s
currentSize : 63 <-- 15.449141 s
currentSize : 64 <-- 15.485984 s

maxsize : 64
nodes : 57811696.000000
filtered : 397967116.000000
time : 314.517365
