Parameters: GAD=1 vflib=1 dir=1 label=1 lowerbound=1 fileNameGp=../../cp2016-max-common-connected-subgraph-paper/datasets/graphsdb/mcs70/bvg/b03m/mcs70_b03m_s100.A08 fileNameGt=../../cp2016-max-common-connected-subgraph-paper/datasets/graphsdb/mcs70/bvg/b03m/mcs70_b03m_s100.B08
Reading graphs...
100 : 150
100 : 150
Initializing...
maxdom : 6
D->valSize : 378
Solving...
Blb : 3 (clique : 53)
currentSize : 53 <-- 0.003986 s
currentSize : 54 <-- 0.031574 s
currentSize : 55 <-- 0.050310 s
currentSize : 56 <-- 0.071709 s
currentSize : 57 <-- 0.084773 s
currentSize : 58 <-- 0.085198 s
currentSize : 59 <-- 0.174973 s
currentSize : 60 <-- 0.175296 s
currentSize : 61 <-- 0.359889 s
currentSize : 62 <-- 84.426849 s
currentSize : 63 <-- 84.427612 s
currentSize : 64 <-- 112.607018 s
currentSize : 65 <-- 112.607529 s
currentSize : 66 <-- 354.634460 s
currentSize : 67 <-- 766.500183 s

TIMEOUT
maxsize : 67
nodes : 195093016.000000
filtered : 602626190.000000
time : 1000.000122
