Parameters: GAD=1 vflib=1 dir=1 label=1 lowerbound=1 fileNameGp=../../cp2016-max-common-connected-subgraph-paper/datasets/graphsdb/mcs70/m3D/m3D/mcs70_m3D_s100.A05 fileNameGt=../../cp2016-max-common-connected-subgraph-paper/datasets/graphsdb/mcs70/m3D/m3D/mcs70_m3D_s100.B05
Reading graphs...
100 : 235
100 : 235
Initializing...
maxdom : 8
D->valSize : 371
Solving...
Blb : 2 (clique : 47)
currentSize : 47 <-- 0.003895 s
currentSize : 48 <-- 0.004344 s
currentSize : 50 <-- 0.004856 s
currentSize : 51 <-- 0.005092 s
currentSize : 52 <-- 0.005766 s
currentSize : 55 <-- 0.007908 s
currentSize : 56 <-- 0.008189 s
currentSize : 57 <-- 0.009000 s
currentSize : 58 <-- 0.009269 s
currentSize : 60 <-- 0.424852 s
currentSize : 61 <-- 0.425147 s
currentSize : 62 <-- 3.703312 s
currentSize : 63 <-- 3.703640 s
currentSize : 64 <-- 86.670670 s

maxsize : 64
nodes : 65461208.000000
filtered : 275146617.000000
time : 338.950134
