Parameters: GAD=1 vflib=1 dir=1 label=1 lowerbound=1 fileNameGp=../../cp2016-max-common-connected-subgraph-paper/datasets/graphsdb/mcs70/m2D/m2Dr2/mcs70_m2Dr2_s50.A05 fileNameGt=../../cp2016-max-common-connected-subgraph-paper/datasets/graphsdb/mcs70/m2D/m2Dr2/mcs70_m2Dr2_s50.B05
Reading graphs...
50 : 95
50 : 95
Initializing...
maxdom : 9
D->valSize : 345
Solving...
Blb : 2 (clique : 19)
currentSize : 19 <-- 0.002520 s
currentSize : 21 <-- 0.002630 s
currentSize : 22 <-- 0.002680 s
currentSize : 23 <-- 0.004470 s
currentSize : 24 <-- 0.005706 s
currentSize : 26 <-- 0.005918 s
currentSize : 28 <-- 0.009599 s
currentSize : 30 <-- 0.013350 s
currentSize : 31 <-- 0.017380 s
currentSize : 33 <-- 0.036490 s
currentSize : 34 <-- 0.037725 s
currentSize : 35 <-- 0.089141 s
currentSize : 36 <-- 0.507751 s

maxsize : 36
nodes : 188079.000000
filtered : 1538157.000000
time : 0.742997
