Parameters: GAD=1 vflib=1 dir=1 label=1 lowerbound=1 fileNameGp=../../cp2016-max-common-connected-subgraph-paper/datasets/graphsdb/mcs70/m2D/m2Dr2/mcs70_m2Dr2_s90.A09 fileNameGt=../../cp2016-max-common-connected-subgraph-paper/datasets/graphsdb/mcs70/m2D/m2Dr2/mcs70_m2Dr2_s90.B09
Reading graphs...
90 : 179
90 : 178
Initializing...
maxdom : 11
D->valSize : 583
Solving...
Blb : 2 (clique : 49)
currentSize : 49 <-- 0.007156 s
currentSize : 50 <-- 0.007590 s
currentSize : 52 <-- 0.008721 s
currentSize : 54 <-- 0.008793 s
currentSize : 55 <-- 0.008930 s
currentSize : 56 <-- 0.014011 s
currentSize : 58 <-- 0.018958 s
currentSize : 59 <-- 0.020762 s
currentSize : 60 <-- 0.313313 s
currentSize : 63 <-- 0.315023 s
currentSize : 64 <-- 0.315562 s

maxsize : 64
nodes : 173925130.000000
filtered : 1019576373.000000
time : 922.369324
