Parameters: GAD=1 vflib=1 dir=1 label=1 lowerbound=1 fileNameGp=../../cp2016-max-common-connected-subgraph-paper/datasets/graphsdb/mcs70/bvg/b09/mcs70_b09_s100.A06 fileNameGt=../../cp2016-max-common-connected-subgraph-paper/datasets/graphsdb/mcs70/bvg/b09/mcs70_b09_s100.B06
Reading graphs...
100 : 450
100 : 450
Initializing...
maxdom : 7
D->valSize : 357
Solving...
Blb : 2 (clique : 58)
currentSize : 58 <-- 0.003512 s
currentSize : 61 <-- 0.003888 s
currentSize : 62 <-- 0.005295 s
currentSize : 65 <-- 0.005591 s
currentSize : 68 <-- 0.404857 s
currentSize : 70 <-- 0.405489 s

maxsize : 70
nodes : 1650402.000000
filtered : 11040688.000000
time : 10.353972
