Parameters: GAD=1 vflib=1 dir=1 label=1 lowerbound=1 fileNameGp=../../cp2016-max-common-connected-subgraph-paper/datasets/graphsdb/mcs70/bvg/b03/mcs70_b03_s60.A05 fileNameGt=../../cp2016-max-common-connected-subgraph-paper/datasets/graphsdb/mcs70/bvg/b03/mcs70_b03_s60.B05
Reading graphs...
60 : 90
60 : 90
Initializing...
maxdom : 9
D->valSize : 257
Solving...
Blb : 3 (clique : 30)
currentSize : 30 <-- 0.001857 s
currentSize : 31 <-- 0.002064 s
currentSize : 32 <-- 0.002207 s
currentSize : 34 <-- 0.002290 s
currentSize : 35 <-- 0.041258 s
currentSize : 38 <-- 0.160415 s
currentSize : 39 <-- 1.738473 s
currentSize : 41 <-- 1.851090 s
currentSize : 42 <-- 1.851257 s

maxsize : 42
nodes : 576429.000000
filtered : 2459382.000000
time : 2.222106
