Parameters: GAD=1 vflib=1 dir=1 label=1 lowerbound=1 fileNameGp=../../cp2016-max-common-connected-subgraph-paper/datasets/graphsdb/mcs70/m3D/m3Dr4/mcs70_m3Dr4_s40.A06 fileNameGt=../../cp2016-max-common-connected-subgraph-paper/datasets/graphsdb/mcs70/m3D/m3Dr4/mcs70_m3Dr4_s40.B06
Reading graphs...
40 : 100
40 : 99
Initializing...
maxdom : 8
D->valSize : 205
Solving...
Blb : 2 (clique : 16)
currentSize : 16 <-- 0.001098 s
currentSize : 17 <-- 0.001185 s
currentSize : 18 <-- 0.001733 s
currentSize : 19 <-- 0.003466 s
currentSize : 20 <-- 0.013593 s
currentSize : 21 <-- 0.018357 s
currentSize : 23 <-- 0.028801 s
currentSize : 25 <-- 0.030241 s
currentSize : 27 <-- 0.032161 s

maxsize : 27
nodes : 8569.000000
filtered : 73834.000000
time : 0.034065
