Parameters: GAD=1 vflib=1 dir=1 label=1 lowerbound=1 fileNameGp=../../cp2016-max-common-connected-subgraph-paper/datasets/graphsdb/mcs70/rand/r01/mcs70_r01_s90.A06 fileNameGt=../../cp2016-max-common-connected-subgraph-paper/datasets/graphsdb/mcs70/rand/r01/mcs70_r01_s90.B06
Reading graphs...
90 : 800
90 : 800
Initializing...
maxdom : 12
D->valSize : 599
Solving...
Blb : 2 (clique : 13)
currentSize : 13 <-- 0.006810 s
currentSize : 14 <-- 0.007430 s
currentSize : 15 <-- 0.032727 s
currentSize : 18 <-- 0.110778 s
currentSize : 19 <-- 0.110896 s
currentSize : 20 <-- 0.140029 s
currentSize : 21 <-- 0.156607 s
currentSize : 22 <-- 0.156739 s
currentSize : 32 <-- 0.218173 s
currentSize : 42 <-- 0.324762 s
currentSize : 45 <-- 0.376378 s
currentSize : 47 <-- 0.406642 s
currentSize : 63 <-- 0.419768 s

maxsize : 63
nodes : 66342.000000
filtered : 1110806.000000
time : 0.442102
