Parameters: GAD=1 vflib=1 dir=1 label=1 lowerbound=1 fileNameGp=../../cp2016-max-common-connected-subgraph-paper/datasets/graphsdb/mcs70/bvg/b06/mcs70_b06_s80.A00 fileNameGt=../../cp2016-max-common-connected-subgraph-paper/datasets/graphsdb/mcs70/bvg/b06/mcs70_b06_s80.B00
Reading graphs...
80 : 240
80 : 240
Initializing...
maxdom : 7
D->valSize : 417
Solving...
Blb : 2 (clique : 42)
currentSize : 42 <-- 0.003907 s
currentSize : 43 <-- 0.004240 s
currentSize : 45 <-- 0.004360 s
currentSize : 46 <-- 0.004566 s
currentSize : 47 <-- 0.006633 s
currentSize : 48 <-- 0.007913 s
currentSize : 49 <-- 0.331387 s
currentSize : 54 <-- 0.452305 s
currentSize : 56 <-- 0.452448 s

maxsize : 56
nodes : 215262.000000
filtered : 1433546.000000
time : 1.107898
