Parameters: GAD=1 vflib=1 dir=1 label=1 lowerbound=1 fileNameGp=../../cp2016-max-common-connected-subgraph-paper/datasets/graphsdb/mcs70/bvg/b09/mcs70_b09_s60.A00 fileNameGt=../../cp2016-max-common-connected-subgraph-paper/datasets/graphsdb/mcs70/bvg/b09/mcs70_b09_s60.B00
Reading graphs...
60 : 270
60 : 270
Initializing...
maxdom : 7
D->valSize : 254
Solving...
Blb : 3 (clique : 15)
currentSize : 15 <-- 0.002716 s
currentSize : 16 <-- 0.095085 s
currentSize : 23 <-- 0.171318 s
currentSize : 24 <-- 0.171411 s
currentSize : 26 <-- 0.171515 s
currentSize : 28 <-- 0.171567 s
currentSize : 30 <-- 0.171978 s
currentSize : 33 <-- 0.222279 s
currentSize : 37 <-- 0.227394 s
currentSize : 42 <-- 0.227782 s

maxsize : 42
nodes : 48493.000000
filtered : 302696.000000
time : 0.237602
