Parameters: GAD=1 vflib=1 dir=1 label=1 lowerbound=1 fileNameGp=../../cp2016-max-common-connected-subgraph-paper/datasets/graphsdb/mcs70/m2D/m2Dr4/mcs70_m2Dr4_s100.A02 fileNameGt=../../cp2016-max-common-connected-subgraph-paper/datasets/graphsdb/mcs70/m2D/m2Dr4/mcs70_m2Dr4_s100.B02
Reading graphs...
100 : 220
100 : 220
Initializing...
maxdom : 7
D->valSize : 345
Solving...
Blb : 3 (clique : 51)
currentSize : 51 <-- 0.003619 s
currentSize : 52 <-- 0.004210 s
currentSize : 53 <-- 0.004916 s
currentSize : 55 <-- 0.005021 s
currentSize : 56 <-- 0.005403 s
currentSize : 57 <-- 0.008776 s
currentSize : 58 <-- 0.009617 s
currentSize : 60 <-- 0.009726 s
currentSize : 61 <-- 0.010130 s
currentSize : 62 <-- 11.371259 s
currentSize : 63 <-- 189.289490 s
currentSize : 64 <-- 189.289963 s
currentSize : 65 <-- 190.059021 s

TIMEOUT
maxsize : 65
nodes : 210432862.000000
filtered : 605701305.000000
time : 1000.000122
