Parameters: GAD=1 vflib=1 dir=1 label=1 lowerbound=1 fileNameGp=../../cp2016-max-common-connected-subgraph-paper/datasets/graphsdb/mcs70/m3D/m3Dr2/mcs70_m3Dr2_s100.A08 fileNameGt=../../cp2016-max-common-connected-subgraph-paper/datasets/graphsdb/mcs70/m3D/m3Dr2/mcs70_m3Dr2_s100.B08
Reading graphs...
100 : 255
100 : 254
Initializing...
maxdom : 7
D->valSize : 371
Solving...
Blb : 2 (clique : 52)
currentSize : 52 <-- 0.006205 s
currentSize : 53 <-- 0.007104 s
currentSize : 54 <-- 0.007724 s
currentSize : 55 <-- 0.008363 s
currentSize : 56 <-- 0.035769 s
currentSize : 57 <-- 0.271987 s
currentSize : 58 <-- 1.177320 s
currentSize : 59 <-- 559.574707 s
currentSize : 60 <-- 559.575439 s
currentSize : 61 <-- 559.580566 s
currentSize : 62 <-- 559.593750 s
currentSize : 63 <-- 562.505493 s
currentSize : 64 <-- 562.524658 s

TIMEOUT
maxsize : 64
nodes : 199388328.000000
filtered : 670928472.000000
time : 1000.000183
