Parameters: GAD=1 vflib=1 dir=1 label=1 lowerbound=1 fileNameGp=../../cp2016-max-common-connected-subgraph-paper/datasets/graphsdb/mcs70/bvg/b09m/mcs70_b09m_s60.A06 fileNameGt=../../cp2016-max-common-connected-subgraph-paper/datasets/graphsdb/mcs70/bvg/b09m/mcs70_b09m_s60.B06
Reading graphs...
60 : 270
60 : 270
Initializing...
maxdom : 6
D->valSize : 269
Solving...
Blb : 2 (clique : 19)
currentSize : 19 <-- 0.001830 s
currentSize : 20 <-- 0.001981 s
currentSize : 21 <-- 0.002508 s
currentSize : 23 <-- 0.006738 s
currentSize : 24 <-- 0.006834 s
currentSize : 38 <-- 0.053767 s
currentSize : 39 <-- 0.054043 s
currentSize : 40 <-- 0.100134 s
currentSize : 42 <-- 0.100241 s

maxsize : 42
nodes : 33054.000000
filtered : 228829.000000
time : 0.143931
