Parameters: GAD=1 vflib=1 dir=1 label=1 lowerbound=1 fileNameGp=../../cp2016-max-common-connected-subgraph-paper/datasets/graphsdb/mcs70/m2D/m2Dr6/mcs70_m2Dr6_s70.A02 fileNameGt=../../cp2016-max-common-connected-subgraph-paper/datasets/graphsdb/mcs70/m2D/m2Dr6/mcs70_m2Dr6_s70.B02
Reading graphs...
70 : 165
70 : 163
Initializing...
maxdom : 9
D->valSize : 335
Solving...
Blb : 3 (clique : 25)
currentSize : 25 <-- 0.004492 s
currentSize : 26 <-- 2.213035 s
currentSize : 27 <-- 5.441443 s
currentSize : 28 <-- 8.082759 s
currentSize : 29 <-- 8.084806 s
currentSize : 30 <-- 11.764412 s
currentSize : 31 <-- 13.213900 s
currentSize : 32 <-- 14.481763 s
currentSize : 33 <-- 14.484851 s
currentSize : 34 <-- 18.336012 s
currentSize : 36 <-- 18.518860 s
currentSize : 38 <-- 18.528069 s
currentSize : 40 <-- 22.771158 s
currentSize : 41 <-- 22.771791 s
currentSize : 43 <-- 22.776955 s
currentSize : 44 <-- 25.501884 s
currentSize : 47 <-- 25.515181 s
currentSize : 48 <-- 25.515411 s
currentSize : 49 <-- 25.515892 s

maxsize : 49
nodes : 5584025.000000
filtered : 34282949.000000
time : 25.823944
