Parameters: GAD=1 vflib=1 dir=1 label=1 lowerbound=1 fileNameGp=../../cp2016-max-common-connected-subgraph-paper/datasets/graphsdb/mcs70/rand/r005/mcs70_r005_s40.A04 fileNameGt=../../cp2016-max-common-connected-subgraph-paper/datasets/graphsdb/mcs70/rand/r005/mcs70_r005_s40.B04
Reading graphs...
40 : 77
40 : 77
Initializing...
maxdom : 7
D->valSize : 208
Solving...
Blb : 2 (clique : 16)
currentSize : 16 <-- 0.001176 s
currentSize : 17 <-- 0.001267 s
currentSize : 18 <-- 0.027684 s
currentSize : 19 <-- 0.074963 s
currentSize : 20 <-- 0.317562 s
currentSize : 21 <-- 0.362544 s
currentSize : 22 <-- 0.397455 s
currentSize : 23 <-- 0.435693 s
currentSize : 24 <-- 0.461341 s
currentSize : 25 <-- 0.481497 s
currentSize : 28 <-- 0.515916 s

maxsize : 28
nodes : 134158.000000
filtered : 1132332.000000
time : 0.520785
