Parameters: GAD=1 vflib=1 dir=1 label=1 lowerbound=1 fileNameGp=../../cp2016-max-common-connected-subgraph-paper/datasets/graphsdb/mcs70/rand/r001/mcs70_r001_s100.A08 fileNameGt=../../cp2016-max-common-connected-subgraph-paper/datasets/graphsdb/mcs70/rand/r001/mcs70_r001_s100.B08
Reading graphs...
100 : 120
100 : 120
Initializing...
maxdom : 8
D->valSize : 392
Solving...
Blb : 2 (clique : 63)
currentSize : 63 <-- 0.004444 s
currentSize : 64 <-- 0.005318 s
currentSize : 65 <-- 0.008690 s
currentSize : 67 <-- 0.017875 s
currentSize : 68 <-- 0.018223 s
currentSize : 69 <-- 2.753723 s
currentSize : 70 <-- 24.275377 s
currentSize : 71 <-- 82.540840 s

TIMEOUT
maxsize : 71
nodes : 198867363.000000
filtered : 643766833.000000
time : 1000.000122
