Parameters: GAD=1 vflib=1 dir=1 label=1 lowerbound=1 fileNameGp=../../cp2016-max-common-connected-subgraph-paper/datasets/graphsdb/mcs70/bvg/b06/mcs70_b06_s100.A07 fileNameGt=../../cp2016-max-common-connected-subgraph-paper/datasets/graphsdb/mcs70/bvg/b06/mcs70_b06_s100.B07
Reading graphs...
100 : 300
100 : 300
Initializing...
maxdom : 7
D->valSize : 389
Solving...
Blb : 2 (clique : 50)
currentSize : 50 <-- 0.006518 s
currentSize : 52 <-- 2.226138 s
currentSize : 54 <-- 2.229546 s
currentSize : 55 <-- 4.213232 s
currentSize : 57 <-- 145.971344 s
currentSize : 58 <-- 146.125473 s
currentSize : 59 <-- 147.315247 s
currentSize : 61 <-- 147.318237 s
currentSize : 62 <-- 147.330627 s
currentSize : 63 <-- 817.304443 s
currentSize : 67 <-- 956.228088 s
currentSize : 68 <-- 956.254456 s
currentSize : 69 <-- 956.299316 s
currentSize : 70 <-- 956.304871 s

TIMEOUT
maxsize : 70
nodes : 191747187.000000
filtered : 790282451.000000
time : 1000.000122
