Parameters: GAD=1 vflib=1 dir=1 label=1 lowerbound=1 fileNameGp=../../cp2016-max-common-connected-subgraph-paper/datasets/graphsdb/mcs70/rand/r005/mcs70_r005_s70.A04 fileNameGt=../../cp2016-max-common-connected-subgraph-paper/datasets/graphsdb/mcs70/rand/r005/mcs70_r005_s70.B04
Reading graphs...
70 : 240
70 : 240
Initializing...
maxdom : 7
D->valSize : 344
Solving...
Blb : 2 (clique : 28)
currentSize : 28 <-- 0.002806 s
currentSize : 30 <-- 0.003297 s
currentSize : 31 <-- 0.007246 s
currentSize : 32 <-- 0.010882 s
currentSize : 33 <-- 0.011010 s
currentSize : 34 <-- 0.028990 s
currentSize : 36 <-- 0.029134 s
currentSize : 37 <-- 0.029355 s
currentSize : 38 <-- 0.040073 s
currentSize : 39 <-- 0.040327 s
currentSize : 41 <-- 0.051921 s
currentSize : 42 <-- 0.052226 s
currentSize : 44 <-- 0.054767 s
currentSize : 45 <-- 0.055117 s
currentSize : 49 <-- 0.066794 s

maxsize : 49
nodes : 16802.000000
filtered : 154738.000000
time : 0.092473
