Parameters: GAD=1 vflib=1 dir=1 label=1 lowerbound=1 fileNameGp=../../cp2016-max-common-connected-subgraph-paper/datasets/graphsdb/mcs70/bvg/b06/mcs70_b06_s100.A02 fileNameGt=../../cp2016-max-common-connected-subgraph-paper/datasets/graphsdb/mcs70/bvg/b06/mcs70_b06_s100.B02
Reading graphs...
100 : 300
100 : 300
Initializing...
maxdom : 8
D->valSize : 412
Solving...
Blb : 2 (clique : 45)
currentSize : 45 <-- 0.007327 s
currentSize : 48 <-- 0.008150 s
currentSize : 50 <-- 0.009042 s
currentSize : 51 <-- 0.014555 s
currentSize : 52 <-- 0.047733 s
currentSize : 53 <-- 0.049626 s
currentSize : 54 <-- 0.059175 s
currentSize : 55 <-- 12.365205 s
currentSize : 56 <-- 12.397150 s
currentSize : 57 <-- 12.399773 s
currentSize : 58 <-- 12.416066 s
currentSize : 59 <-- 12.448362 s
currentSize : 60 <-- 12.474697 s
currentSize : 61 <-- 12.475276 s
currentSize : 62 <-- 12.477836 s
currentSize : 63 <-- 26.093798 s
currentSize : 66 <-- 27.394621 s
currentSize : 67 <-- 27.395189 s
currentSize : 68 <-- 27.696573 s
currentSize : 70 <-- 27.696775 s

maxsize : 70
nodes : 19639368.000000
filtered : 95663551.000000
time : 108.636810
