Parameters: GAD=1 vflib=1 dir=1 label=1 lowerbound=1 fileNameGp=../../cp2016-max-common-connected-subgraph-paper/datasets/graphsdb/mcs70/m2D/m2Dr6/mcs70_m2Dr6_s70.A06 fileNameGt=../../cp2016-max-common-connected-subgraph-paper/datasets/graphsdb/mcs70/m2D/m2Dr6/mcs70_m2Dr6_s70.B06
Reading graphs...
70 : 165
70 : 164
Initializing...
maxdom : 8
D->valSize : 346
Solving...
Blb : 2 (clique : 38)
currentSize : 38 <-- 0.004835 s
currentSize : 39 <-- 0.005307 s
currentSize : 40 <-- 0.005433 s
currentSize : 41 <-- 0.006060 s
currentSize : 42 <-- 0.006304 s
currentSize : 45 <-- 0.007706 s
currentSize : 47 <-- 0.007838 s
currentSize : 49 <-- 0.008514 s

maxsize : 49
nodes : 251933.000000
filtered : 1541537.000000
time : 1.157977
