Parameters: GAD=1 vflib=1 dir=1 label=1 lowerbound=1 fileNameGp=../../cp2016-max-common-connected-subgraph-paper/datasets/graphsdb/mcs70/bvg/b06m/mcs70_b06m_s70.A09 fileNameGt=../../cp2016-max-common-connected-subgraph-paper/datasets/graphsdb/mcs70/bvg/b06m/mcs70_b06m_s70.B09
Reading graphs...
70 : 210
70 : 210
Initializing...
maxdom : 8
D->valSize : 343
Solving...
Blb : 2 (clique : 30)
currentSize : 30 <-- 0.002806 s
currentSize : 31 <-- 0.003040 s
currentSize : 32 <-- 0.003342 s
currentSize : 34 <-- 0.004246 s
currentSize : 37 <-- 0.004322 s
currentSize : 38 <-- 0.004535 s
currentSize : 39 <-- 0.005163 s
currentSize : 42 <-- 0.005277 s
currentSize : 43 <-- 0.006654 s
currentSize : 44 <-- 0.937104 s
currentSize : 46 <-- 0.937289 s
currentSize : 48 <-- 0.937433 s
currentSize : 49 <-- 0.937908 s

maxsize : 49
nodes : 295251.000000
filtered : 1672279.000000
time : 1.363455
