Parameters: GAD=1 vflib=1 dir=1 label=1 lowerbound=1 fileNameGp=../../cp2016-max-common-connected-subgraph-paper/datasets/graphsdb/mcs70/m2D/m2Dr2/mcs70_m2Dr2_s80.A08 fileNameGt=../../cp2016-max-common-connected-subgraph-paper/datasets/graphsdb/mcs70/m2D/m2Dr2/mcs70_m2Dr2_s80.B08
Reading graphs...
80 : 158
80 : 157
Initializing...
maxdom : 9
D->valSize : 408
Solving...
Blb : 2 (clique : 36)
currentSize : 36 <-- 0.006229 s
currentSize : 37 <-- 0.007279 s
currentSize : 38 <-- 0.007867 s
currentSize : 39 <-- 0.008746 s
currentSize : 40 <-- 0.011286 s
currentSize : 41 <-- 0.021925 s
currentSize : 42 <-- 0.069397 s
currentSize : 43 <-- 17.114477 s
currentSize : 44 <-- 65.361916 s
currentSize : 45 <-- 193.983200 s
currentSize : 46 <-- 251.171173 s
currentSize : 47 <-- 263.206512 s
currentSize : 48 <-- 263.208313 s
currentSize : 49 <-- 267.605957 s

maxsize : 49
nodes : 62138219.000000
filtered : 427232956.000000
time : 331.585419
