Parameters: GAD=1 vflib=1 dir=1 label=1 lowerbound=1 fileNameGp=../../cp2016-max-common-connected-subgraph-paper/datasets/graphsdb/mcs70/m2D/m2Dr6/mcs70_m2Dr6_s80.A07 fileNameGt=../../cp2016-max-common-connected-subgraph-paper/datasets/graphsdb/mcs70/m2D/m2Dr6/mcs70_m2Dr6_s80.B07
Reading graphs...
80 : 190
80 : 188
Initializing...
maxdom : 9
D->valSize : 440
Solving...
Blb : 2 (clique : 29)
currentSize : 29 <-- 0.007222 s
currentSize : 33 <-- 0.007546 s
currentSize : 34 <-- 0.007838 s
currentSize : 35 <-- 0.008499 s
currentSize : 36 <-- 0.025904 s
currentSize : 37 <-- 0.039149 s
currentSize : 38 <-- 10.983069 s
currentSize : 39 <-- 10.983296 s
currentSize : 40 <-- 26.355288 s
currentSize : 41 <-- 26.355768 s
currentSize : 42 <-- 26.423044 s
currentSize : 43 <-- 73.855499 s
currentSize : 44 <-- 73.905434 s
currentSize : 45 <-- 140.198059 s
currentSize : 46 <-- 140.198425 s
currentSize : 47 <-- 140.198639 s
currentSize : 48 <-- 186.250000 s
currentSize : 49 <-- 186.250198 s

maxsize : 49
nodes : 61301677.000000
filtered : 418057045.000000
time : 318.559174
