Parameters: GAD=1 vflib=1 dir=1 label=1 lowerbound=1 fileNameGp=../../cp2016-max-common-connected-subgraph-paper/datasets/graphsdb/mcs70/rand/r005/mcs70_r005_s70.A02 fileNameGt=../../cp2016-max-common-connected-subgraph-paper/datasets/graphsdb/mcs70/rand/r005/mcs70_r005_s70.B02
Reading graphs...
70 : 240
70 : 240
Initializing...
maxdom : 7
D->valSize : 361
Solving...
Blb : 2 (clique : 20)
currentSize : 20 <-- 0.002929 s
currentSize : 21 <-- 0.003229 s
currentSize : 22 <-- 0.048749 s
currentSize : 23 <-- 0.136286 s
currentSize : 24 <-- 0.136354 s
currentSize : 25 <-- 0.137575 s
currentSize : 26 <-- 0.209887 s
currentSize : 27 <-- 0.210548 s
currentSize : 29 <-- 0.210610 s
currentSize : 30 <-- 0.306333 s
currentSize : 31 <-- 0.405202 s
currentSize : 36 <-- 0.461119 s
currentSize : 38 <-- 0.473847 s
currentSize : 39 <-- 0.473907 s
currentSize : 46 <-- 0.495861 s
currentSize : 49 <-- 0.513588 s

maxsize : 49
nodes : 110682.000000
filtered : 853845.000000
time : 0.551808
