Parameters: GAD=1 vflib=1 dir=1 label=1 lowerbound=1 fileNameGp=../../cp2016-max-common-connected-subgraph-paper/datasets/graphsdb/mcs70/m2D/m2D/mcs70_m2D_s100.A06 fileNameGt=../../cp2016-max-common-connected-subgraph-paper/datasets/graphsdb/mcs70/m2D/m2D/mcs70_m2D_s100.B06
Reading graphs...
100 : 180
100 : 180
Initializing...
maxdom : 6
D->valSize : 341
Solving...
Blb : 2 (clique : 47)
currentSize : 47 <-- 0.005649 s
currentSize : 48 <-- 0.006457 s
currentSize : 49 <-- 0.007127 s
currentSize : 50 <-- 0.013971 s
currentSize : 51 <-- 0.014275 s
currentSize : 52 <-- 0.014435 s
currentSize : 53 <-- 0.028686 s
currentSize : 54 <-- 0.041040 s
currentSize : 55 <-- 0.135288 s
currentSize : 56 <-- 0.139599 s
currentSize : 58 <-- 0.214128 s
currentSize : 59 <-- 0.214845 s
currentSize : 60 <-- 0.350298 s
currentSize : 61 <-- 0.665757 s
currentSize : 62 <-- 0.948619 s
currentSize : 64 <-- 0.949520 s

TIMEOUT
maxsize : 64
nodes : 204670811.000000
filtered : 673342755.000000
time : 1000.000122
