Parameters: GAD=1 vflib=1 dir=1 label=1 lowerbound=1 fileNameGp=../../cp2016-max-common-connected-subgraph-paper/datasets/graphsdb/mcs70/m3D/m3D/mcs70_m3D_s100.A03 fileNameGt=../../cp2016-max-common-connected-subgraph-paper/datasets/graphsdb/mcs70/m3D/m3D/mcs70_m3D_s100.B03
Reading graphs...
100 : 235
100 : 235
Initializing...
maxdom : 6
D->valSize : 368
Solving...
Blb : 2 (clique : 40)
currentSize : 40 <-- 0.006242 s
currentSize : 42 <-- 0.006943 s
currentSize : 43 <-- 0.008911 s
currentSize : 44 <-- 0.009280 s
currentSize : 46 <-- 0.010593 s
currentSize : 47 <-- 0.013578 s
currentSize : 48 <-- 0.164043 s
currentSize : 49 <-- 0.164465 s
currentSize : 50 <-- 1.283854 s
currentSize : 51 <-- 1.713271 s
currentSize : 52 <-- 1.713777 s
currentSize : 53 <-- 561.664307 s
currentSize : 54 <-- 561.721924 s
currentSize : 55 <-- 561.722473 s
currentSize : 56 <-- 562.602295 s
currentSize : 57 <-- 563.707275 s
currentSize : 58 <-- 563.709839 s
currentSize : 59 <-- 563.711426 s

TIMEOUT
maxsize : 59
nodes : 223761279.000000
filtered : 555468532.000000
time : 1000.000061
