Parameters: GAD=1 vflib=1 dir=1 label=1 lowerbound=1 fileNameGp=../../cp2016-max-common-connected-subgraph-paper/datasets/graphsdb/mcs70/m2D/m2Dr6/mcs70_m2Dr6_s100.A04 fileNameGt=../../cp2016-max-common-connected-subgraph-paper/datasets/graphsdb/mcs70/m2D/m2Dr6/mcs70_m2Dr6_s100.B04
Reading graphs...
100 : 240
100 : 239
Initializing...
maxdom : 6
D->valSize : 351
Solving...
Blb : 2 (clique : 41)
currentSize : 41 <-- 0.003539 s
currentSize : 42 <-- 0.309845 s
currentSize : 43 <-- 1.403645 s
currentSize : 45 <-- 37.774399 s
currentSize : 46 <-- 542.970398 s
currentSize : 47 <-- 557.925354 s

TIMEOUT
maxsize : 47
nodes : 199382105.000000
filtered : 750517167.000000
time : 1000.000061
