Parameters: GAD=1 vflib=1 dir=1 label=1 lowerbound=1 fileNameGp=../../cp2016-max-common-connected-subgraph-paper/datasets/graphsdb/mcs70/bvg/b03m/mcs70_b03m_s90.A05 fileNameGt=../../cp2016-max-common-connected-subgraph-paper/datasets/graphsdb/mcs70/bvg/b03m/mcs70_b03m_s90.B05
Reading graphs...
90 : 135
90 : 135
Initializing...
maxdom : 9
D->valSize : 514
Solving...
Blb : 2 (clique : 54)
currentSize : 54 <-- 0.006010 s
currentSize : 55 <-- 0.006691 s
currentSize : 56 <-- 0.006879 s
currentSize : 57 <-- 0.008925 s
currentSize : 58 <-- 0.009950 s
currentSize : 59 <-- 0.010124 s
currentSize : 60 <-- 0.010463 s
currentSize : 61 <-- 0.010605 s
currentSize : 62 <-- 0.258924 s
currentSize : 63 <-- 0.302989 s

TIMEOUT
maxsize : 63
nodes : 190188513.000000
filtered : 849466581.000000
time : 1000.000122
