Parameters: GAD=1 vflib=1 dir=1 label=1 lowerbound=1 fileNameGp=../../cp2016-max-common-connected-subgraph-paper/datasets/graphsdb/mcs70/m3D/m3Dr4/mcs70_m3Dr4_s90.A07 fileNameGt=../../cp2016-max-common-connected-subgraph-paper/datasets/graphsdb/mcs70/m3D/m3Dr4/mcs70_m3Dr4_s90.B07
Reading graphs...
90 : 245
90 : 244
Initializing...
maxdom : 9
D->valSize : 585
Solving...
Blb : 2 (clique : 42)
currentSize : 42 <-- 0.007059 s
currentSize : 49 <-- 0.007372 s
currentSize : 50 <-- 0.007626 s
currentSize : 51 <-- 0.007967 s
currentSize : 53 <-- 0.009043 s
currentSize : 55 <-- 0.028202 s
currentSize : 57 <-- 0.049567 s
currentSize : 59 <-- 0.049757 s
currentSize : 60 <-- 0.050484 s
currentSize : 62 <-- 0.050685 s
currentSize : 64 <-- 3.011122 s

maxsize : 64
nodes : 2062989.000000
filtered : 16182200.000000
time : 12.161453
