Parameters: GAD=1 vflib=1 dir=1 label=1 lowerbound=1 fileNameGp=../../cp2016-max-common-connected-subgraph-paper/datasets/graphsdb/mcs70/m2D/m2D/mcs70_m2D_s90.A06 fileNameGt=../../cp2016-max-common-connected-subgraph-paper/datasets/graphsdb/mcs70/m2D/m2D/mcs70_m2D_s90.B06
Reading graphs...
90 : 161
90 : 161
Initializing...
maxdom : 9
D->valSize : 539
Solving...
Blb : 2 (clique : 55)
currentSize : 55 <-- 0.006252 s
currentSize : 56 <-- 0.006810 s
currentSize : 57 <-- 0.058561 s
currentSize : 58 <-- 0.059426 s
currentSize : 59 <-- 0.066846 s
currentSize : 60 <-- 7.414037 s
currentSize : 61 <-- 359.901947 s
currentSize : 62 <-- 359.902649 s
currentSize : 63 <-- 359.918610 s
currentSize : 64 <-- 359.918915 s
currentSize : 65 <-- 360.449371 s

maxsize : 65
nodes : 72629261.000000
filtered : 374471800.000000
time : 377.922729
