Parameters: GAD=1 vflib=1 dir=1 label=1 lowerbound=1 fileNameGp=../../cp2016-max-common-connected-subgraph-paper/datasets/graphsdb/mcs70/bvg/b03m/mcs70_b03m_s70.A02 fileNameGt=../../cp2016-max-common-connected-subgraph-paper/datasets/graphsdb/mcs70/bvg/b03m/mcs70_b03m_s70.B02
Reading graphs...
70 : 105
70 : 105
Initializing...
maxdom : 9
D->valSize : 349
Solving...
Blb : 3 (clique : 33)
currentSize : 33 <-- 0.004970 s
currentSize : 34 <-- 3.991196 s
currentSize : 35 <-- 3.991313 s
currentSize : 36 <-- 12.946302 s
currentSize : 37 <-- 15.238513 s
currentSize : 38 <-- 19.203096 s
currentSize : 39 <-- 20.757732 s
currentSize : 40 <-- 21.566034 s
currentSize : 41 <-- 24.036688 s
currentSize : 42 <-- 24.036991 s
currentSize : 44 <-- 25.474468 s
currentSize : 45 <-- 26.939615 s
currentSize : 46 <-- 32.090767 s
currentSize : 48 <-- 32.092892 s

maxsize : 48
nodes : 7878426.000000
filtered : 44599362.000000
time : 36.297489
