Parameters: GAD=1 vflib=1 dir=1 label=1 lowerbound=1 fileNameGp=../../cp2016-max-common-connected-subgraph-paper/datasets/graphsdb/mcs70/m2D/m2Dr4/mcs70_m2Dr4_s60.A03 fileNameGt=../../cp2016-max-common-connected-subgraph-paper/datasets/graphsdb/mcs70/m2D/m2Dr4/mcs70_m2Dr4_s60.B03
Reading graphs...
60 : 128
60 : 128
Initializing...
maxdom : 7
D->valSize : 274
Solving...
Blb : 2 (clique : 29)
currentSize : 29 <-- 0.001992 s
currentSize : 31 <-- 0.002660 s
currentSize : 32 <-- 0.004609 s
currentSize : 33 <-- 0.025006 s
currentSize : 34 <-- 0.025450 s
currentSize : 35 <-- 0.029758 s
currentSize : 36 <-- 0.030908 s
currentSize : 37 <-- 0.083115 s

maxsize : 37
nodes : 750086.000000
filtered : 4020963.000000
time : 3.089208
