Parameters: GAD=1 vflib=1 dir=1 label=1 lowerbound=1 fileNameGp=../../cp2016-max-common-connected-subgraph-paper/datasets/graphsdb/mcs70/m3D/m3D/mcs70_m3D_s100.A09 fileNameGt=../../cp2016-max-common-connected-subgraph-paper/datasets/graphsdb/mcs70/m3D/m3D/mcs70_m3D_s100.B09
Reading graphs...
100 : 235
100 : 235
Initializing...
maxdom : 6
D->valSize : 360
Solving...
Blb : 3 (clique : 37)
currentSize : 37 <-- 0.003659 s
currentSize : 38 <-- 0.004019 s
currentSize : 40 <-- 0.006075 s
currentSize : 41 <-- 0.006291 s
currentSize : 42 <-- 0.010959 s
currentSize : 43 <-- 0.011156 s
currentSize : 45 <-- 0.040615 s
currentSize : 46 <-- 0.073931 s
currentSize : 47 <-- 0.148475 s
currentSize : 48 <-- 0.195368 s
currentSize : 49 <-- 0.242641 s
currentSize : 50 <-- 0.243097 s
currentSize : 51 <-- 0.243532 s
currentSize : 52 <-- 0.414441 s
currentSize : 53 <-- 0.840443 s
currentSize : 54 <-- 649.267578 s
currentSize : 55 <-- 649.267944 s
currentSize : 56 <-- 649.308105 s
currentSize : 57 <-- 649.308533 s
currentSize : 58 <-- 649.309204 s

TIMEOUT
maxsize : 58
nodes : 193247614.000000
filtered : 705318256.000000
time : 1000.000061
