Parameters: GAD=1 vflib=1 dir=1 label=1 lowerbound=1 fileNameGp=../../cp2016-max-common-connected-subgraph-paper/datasets/graphsdb/mcs70/bvg/b09/mcs70_b09_s90.A08 fileNameGt=../../cp2016-max-common-connected-subgraph-paper/datasets/graphsdb/mcs70/bvg/b09/mcs70_b09_s90.B08
Reading graphs...
90 : 405
90 : 405
Initializing...
maxdom : 10
D->valSize : 537
Solving...
Blb : 3 (clique : 34)
currentSize : 34 <-- 0.005800 s
currentSize : 35 <-- 1.648450 s
currentSize : 37 <-- 2.207224 s
currentSize : 41 <-- 3.516660 s
currentSize : 43 <-- 4.013385 s
currentSize : 52 <-- 4.807472 s
currentSize : 56 <-- 4.810147 s
currentSize : 57 <-- 5.401706 s
currentSize : 62 <-- 5.402328 s

maxsize : 62
nodes : 995240.000000
filtered : 10174712.000000
time : 6.066804
