Parameters: GAD=1 vflib=1 dir=1 label=1 lowerbound=1 fileNameGp=../../cp2016-max-common-connected-subgraph-paper/datasets/graphsdb/mcs70/m3D/m3Dr6/mcs70_m3Dr6_s100.A06 fileNameGt=../../cp2016-max-common-connected-subgraph-paper/datasets/graphsdb/mcs70/m3D/m3Dr6/mcs70_m3Dr6_s100.B06
Reading graphs...
100 : 295
100 : 293
Initializing...
maxdom : 7
D->valSize : 364
Solving...
Blb : 3 (clique : 45)
currentSize : 45 <-- 0.003822 s
currentSize : 46 <-- 0.004268 s
currentSize : 48 <-- 0.004938 s
currentSize : 49 <-- 0.005292 s
currentSize : 51 <-- 0.005373 s
currentSize : 52 <-- 0.076353 s
currentSize : 57 <-- 0.083841 s
currentSize : 58 <-- 7.893076 s
currentSize : 60 <-- 13.783471 s
currentSize : 63 <-- 13.783848 s
currentSize : 64 <-- 17.424809 s

maxsize : 64
nodes : 7900645.000000
filtered : 36153102.000000
time : 43.806370
