Parameters: GAD=1 vflib=1 dir=1 label=1 lowerbound=1 fileNameGp=../../cp2016-max-common-connected-subgraph-paper/datasets/graphsdb/mcs70/m2D/m2D/mcs70_m2D_s100.A01 fileNameGt=../../cp2016-max-common-connected-subgraph-paper/datasets/graphsdb/mcs70/m2D/m2D/mcs70_m2D_s100.B01
Reading graphs...
100 : 180
100 : 180
Initializing...
maxdom : 10
D->valSize : 385
Solving...
Blb : 2 (clique : 49)
currentSize : 49 <-- 0.004118 s
currentSize : 50 <-- 0.004790 s
currentSize : 51 <-- 0.006884 s
currentSize : 52 <-- 0.009715 s
currentSize : 53 <-- 0.029409 s
currentSize : 54 <-- 0.041031 s
currentSize : 55 <-- 0.074431 s
currentSize : 56 <-- 0.092639 s
currentSize : 57 <-- 0.094556 s

TIMEOUT
maxsize : 57
nodes : 225752705.000000
filtered : 592853412.000000
time : 1000.000061
