Parameters: GAD=1 vflib=1 dir=1 label=1 lowerbound=1 fileNameGp=../../cp2016-max-common-connected-subgraph-paper/datasets/graphsdb/mcs70/bvg/b09/mcs70_b09_s100.A05 fileNameGt=../../cp2016-max-common-connected-subgraph-paper/datasets/graphsdb/mcs70/bvg/b09/mcs70_b09_s100.B05
Reading graphs...
100 : 450
100 : 450
Initializing...
maxdom : 6
D->valSize : 387
Solving...
Blb : 2 (clique : 60)
currentSize : 60 <-- 0.003856 s
currentSize : 61 <-- 0.004283 s
currentSize : 62 <-- 0.004618 s
currentSize : 63 <-- 0.004788 s
currentSize : 68 <-- 1.916241 s
currentSize : 70 <-- 1.916533 s

maxsize : 70
nodes : 731667.000000
filtered : 4545186.000000
time : 4.214096
