Parameters: GAD=1 vflib=1 dir=1 label=1 lowerbound=1 fileNameGp=../../cp2016-max-common-connected-subgraph-paper/datasets/graphsdb/mcs70/rand/r005/mcs70_r005_s40.A05 fileNameGt=../../cp2016-max-common-connected-subgraph-paper/datasets/graphsdb/mcs70/rand/r005/mcs70_r005_s40.B05
Reading graphs...
40 : 77
40 : 77
Initializing...
maxdom : 7
D->valSize : 196
Solving...
Blb : 2 (clique : 19)
currentSize : 19 <-- 0.001149 s
currentSize : 20 <-- 0.005186 s
currentSize : 21 <-- 0.009786 s
currentSize : 23 <-- 0.011332 s
currentSize : 24 <-- 0.013571 s
currentSize : 25 <-- 0.013767 s
currentSize : 26 <-- 0.014609 s
currentSize : 28 <-- 0.018058 s

maxsize : 28
nodes : 4553.000000
filtered : 43207.000000
time : 0.019299
