Parameters: GAD=1 vflib=1 dir=1 label=1 lowerbound=1 fileNameGp=../../cp2016-max-common-connected-subgraph-paper/datasets/graphsdb/mcs70/bvg/b06/mcs70_b06_s25.A03 fileNameGt=../../cp2016-max-common-connected-subgraph-paper/datasets/graphsdb/mcs70/bvg/b06/mcs70_b06_s25.B03
Reading graphs...
25 : 75
25 : 75
Initializing...
maxdom : 9
D->valSize : 153
Solving...
Blb : 2 (clique : 5)
currentSize : 5 <-- 0.000917 s
currentSize : 7 <-- 0.000962 s
currentSize : 9 <-- 0.000999 s
currentSize : 10 <-- 0.001769 s
currentSize : 11 <-- 0.003034 s
currentSize : 12 <-- 0.004061 s
currentSize : 13 <-- 0.004102 s
currentSize : 14 <-- 0.004315 s
currentSize : 15 <-- 0.004850 s
currentSize : 16 <-- 0.004920 s
currentSize : 17 <-- 0.005278 s

maxsize : 17
nodes : 1096.000000
filtered : 14166.000000
time : 0.005892
