Parameters: GAD=1 vflib=1 dir=1 label=1 lowerbound=1 fileNameGp=../../cp2016-max-common-connected-subgraph-paper/datasets/graphsdb/mcs70/bvg/b06/mcs70_b06_s100.A04 fileNameGt=../../cp2016-max-common-connected-subgraph-paper/datasets/graphsdb/mcs70/bvg/b06/mcs70_b06_s100.B04
Reading graphs...
100 : 300
100 : 300
Initializing...
maxdom : 7
D->valSize : 399
Solving...
Blb : 3 (clique : 49)
currentSize : 49 <-- 0.007017 s
currentSize : 51 <-- 37.552666 s
currentSize : 54 <-- 37.560471 s
currentSize : 55 <-- 37.644764 s
currentSize : 58 <-- 113.957153 s
currentSize : 59 <-- 113.957413 s
currentSize : 60 <-- 113.958435 s
currentSize : 61 <-- 149.515549 s
currentSize : 65 <-- 149.560318 s
currentSize : 66 <-- 149.561508 s
currentSize : 70 <-- 205.036636 s

maxsize : 70
nodes : 46259545.000000
filtered : 206017291.000000
time : 240.910950
