Parameters: GAD=1 vflib=1 dir=1 label=1 lowerbound=1 fileNameGp=../../cp2016-max-common-connected-subgraph-paper/datasets/graphsdb/mcs70/m2D/m2Dr2/mcs70_m2Dr2_s70.A08 fileNameGt=../../cp2016-max-common-connected-subgraph-paper/datasets/graphsdb/mcs70/m2D/m2Dr2/mcs70_m2Dr2_s70.B08
Reading graphs...
70 : 137
70 : 137
Initializing...
maxdom : 8
D->valSize : 367
Solving...
Blb : 2 (clique : 29)
currentSize : 29 <-- 0.003164 s
currentSize : 33 <-- 0.003346 s
currentSize : 34 <-- 0.104622 s
currentSize : 37 <-- 0.210752 s
currentSize : 38 <-- 0.269301 s
currentSize : 39 <-- 0.352283 s
currentSize : 40 <-- 0.477667 s
currentSize : 41 <-- 1.423742 s
currentSize : 43 <-- 1.425006 s
currentSize : 44 <-- 4.849564 s
currentSize : 47 <-- 13.790164 s
currentSize : 49 <-- 38.297199 s

maxsize : 49
nodes : 12186419.000000
filtered : 70597105.000000
time : 53.512959
