Parameters: GAD=1 vflib=1 dir=1 label=1 lowerbound=1 fileNameGp=../../cp2016-max-common-connected-subgraph-paper/datasets/graphsdb/mcs70/m2D/m2Dr2/mcs70_m2Dr2_s100.A00 fileNameGt=../../cp2016-max-common-connected-subgraph-paper/datasets/graphsdb/mcs70/m2D/m2Dr2/mcs70_m2Dr2_s100.B00
Reading graphs...
100 : 200
100 : 200
Initializing...
maxdom : 6
D->valSize : 361
Solving...
Blb : 2 (clique : 37)
currentSize : 37 <-- 0.003649 s
currentSize : 38 <-- 0.003933 s
currentSize : 39 <-- 0.004027 s
currentSize : 40 <-- 0.008096 s
currentSize : 41 <-- 172.262268 s
currentSize : 42 <-- 172.285812 s
currentSize : 43 <-- 172.432892 s

TIMEOUT
maxsize : 43
nodes : 188167642.000000
filtered : 835471456.000000
time : 1000.000061
