Parameters: GAD=1 vflib=1 dir=1 label=1 lowerbound=1 fileNameGp=../../cp2016-max-common-connected-subgraph-paper/datasets/graphsdb/mcs70/rand/r005/mcs70_r005_s35.A06 fileNameGt=../../cp2016-max-common-connected-subgraph-paper/datasets/graphsdb/mcs70/rand/r005/mcs70_r005_s35.B06
Reading graphs...
35 : 58
35 : 58
Initializing...
maxdom : 10
D->valSize : 168
Solving...
Blb : 2 (clique : 15)
currentSize : 15 <-- 0.000902 s
currentSize : 16 <-- 0.001052 s
currentSize : 17 <-- 0.004722 s
currentSize : 19 <-- 0.050648 s
currentSize : 20 <-- 0.050730 s
currentSize : 21 <-- 0.050738 s
currentSize : 23 <-- 0.054029 s
currentSize : 24 <-- 0.055390 s

maxsize : 24
nodes : 16712.000000
filtered : 96744.000000
time : 0.056024
