Parameters: GAD=1 vflib=1 dir=1 label=1 lowerbound=1 fileNameGp=../../cp2016-max-common-connected-subgraph-paper/datasets/graphsdb/mcs70/bvg/b06/mcs70_b06_s90.A00 fileNameGt=../../cp2016-max-common-connected-subgraph-paper/datasets/graphsdb/mcs70/bvg/b06/mcs70_b06_s90.B00
Reading graphs...
90 : 270
90 : 270
Initializing...
maxdom : 11
D->valSize : 549
Solving...
Blb : 3 (clique : 42)
currentSize : 42 <-- 0.010688 s
currentSize : 43 <-- 0.011280 s
currentSize : 45 <-- 0.012870 s
currentSize : 46 <-- 0.013518 s
currentSize : 47 <-- 0.013839 s
currentSize : 52 <-- 13.331459 s
currentSize : 53 <-- 157.987045 s
currentSize : 55 <-- 157.991302 s
currentSize : 56 <-- 157.991852 s
currentSize : 57 <-- 158.014450 s
currentSize : 59 <-- 158.027435 s
currentSize : 61 <-- 158.027603 s
currentSize : 64 <-- 158.028809 s

maxsize : 64
nodes : 59404416.000000
filtered : 533268345.000000
time : 362.159210
