Parameters: GAD=1 vflib=1 dir=1 label=1 lowerbound=1 fileNameGp=../../cp2016-max-common-connected-subgraph-paper/datasets/graphsdb/mcs70/bvg/b06/mcs70_b06_s60.A02 fileNameGt=../../cp2016-max-common-connected-subgraph-paper/datasets/graphsdb/mcs70/bvg/b06/mcs70_b06_s60.B02
Reading graphs...
60 : 180
60 : 180
Initializing...
maxdom : 6
D->valSize : 241
Solving...
Blb : 2 (clique : 23)
currentSize : 23 <-- 0.001595 s
currentSize : 26 <-- 0.068947 s
currentSize : 27 <-- 0.069019 s
currentSize : 28 <-- 0.070409 s
currentSize : 29 <-- 0.320923 s
currentSize : 32 <-- 0.378165 s
currentSize : 33 <-- 0.380100 s
currentSize : 34 <-- 0.380201 s
currentSize : 35 <-- 0.399096 s
currentSize : 38 <-- 0.449115 s
currentSize : 42 <-- 0.449640 s

maxsize : 42
nodes : 137773.000000
filtered : 552155.000000
time : 0.501250
