Parameters: GAD=1 vflib=1 dir=1 label=1 lowerbound=1 fileNameGp=../../cp2016-max-common-connected-subgraph-paper/datasets/graphsdb/mcs70/m2D/m2Dr6/mcs70_m2Dr6_s80.A05 fileNameGt=../../cp2016-max-common-connected-subgraph-paper/datasets/graphsdb/mcs70/m2D/m2Dr6/mcs70_m2Dr6_s80.B05
Reading graphs...
80 : 190
80 : 189
Initializing...
maxdom : 9
D->valSize : 437
Solving...
Blb : 2 (clique : 35)
currentSize : 35 <-- 0.004315 s
currentSize : 36 <-- 0.004582 s
currentSize : 37 <-- 0.004746 s
currentSize : 38 <-- 0.005814 s
currentSize : 39 <-- 0.336810 s
currentSize : 40 <-- 0.338234 s
currentSize : 42 <-- 11.655607 s
currentSize : 43 <-- 53.103287 s
currentSize : 44 <-- 131.622131 s
currentSize : 46 <-- 165.529343 s
currentSize : 47 <-- 165.529526 s
currentSize : 48 <-- 186.424576 s
currentSize : 49 <-- 186.428375 s

maxsize : 49
nodes : 53818474.000000
filtered : 298788481.000000
time : 257.941193
