Parameters: GAD=1 vflib=1 dir=1 label=1 lowerbound=1 fileNameGp=../../cp2016-max-common-connected-subgraph-paper/datasets/graphsdb/mcs70/m3D/m3Dr6/mcs70_m3Dr6_s100.A05 fileNameGt=../../cp2016-max-common-connected-subgraph-paper/datasets/graphsdb/mcs70/m3D/m3Dr6/mcs70_m3Dr6_s100.B05
Reading graphs...
100 : 295
100 : 295
Initializing...
maxdom : 7
D->valSize : 383
Solving...
Blb : 3 (clique : 48)
currentSize : 48 <-- 0.003948 s
currentSize : 49 <-- 319.277649 s
currentSize : 51 <-- 454.123230 s
currentSize : 53 <-- 454.124237 s
currentSize : 55 <-- 454.251251 s
currentSize : 57 <-- 464.197052 s
currentSize : 58 <-- 695.821106 s
currentSize : 60 <-- 695.826172 s
currentSize : 62 <-- 695.844116 s
currentSize : 64 <-- 696.036194 s

maxsize : 64
nodes : 152456091.000000
filtered : 718221906.000000
time : 812.693237
