Parameters: GAD=1 vflib=1 dir=1 label=1 lowerbound=1 fileNameGp=../../cp2016-max-common-connected-subgraph-paper/datasets/graphsdb/mcs70/m2D/m2D/mcs70_m2D_s70.A02 fileNameGt=../../cp2016-max-common-connected-subgraph-paper/datasets/graphsdb/mcs70/m2D/m2D/mcs70_m2D_s70.B02
Reading graphs...
70 : 123
70 : 123
Initializing...
maxdom : 9
D->valSize : 337
Solving...
Blb : 2 (clique : 41)
currentSize : 41 <-- 0.004480 s
currentSize : 42 <-- 0.011672 s
currentSize : 43 <-- 0.119545 s
currentSize : 44 <-- 0.119676 s
currentSize : 45 <-- 0.122122 s
currentSize : 46 <-- 0.122324 s
currentSize : 48 <-- 0.146681 s
currentSize : 49 <-- 0.146898 s
currentSize : 50 <-- 0.147434 s

maxsize : 50
nodes : 3330017.000000
filtered : 9673465.000000
time : 12.690040
