Parameters: GAD=1 vflib=1 dir=1 label=1 lowerbound=1 fileNameGp=../../cp2016-max-common-connected-subgraph-paper/datasets/graphsdb/mcs70/bvg/b03/mcs70_b03_s80.A08 fileNameGt=../../cp2016-max-common-connected-subgraph-paper/datasets/graphsdb/mcs70/bvg/b03/mcs70_b03_s80.B08
Reading graphs...
80 : 120
80 : 120
Initializing...
maxdom : 8
D->valSize : 449
Solving...
Blb : 2 (clique : 48)
currentSize : 48 <-- 0.007451 s
currentSize : 49 <-- 6.696522 s
currentSize : 50 <-- 6.716605 s
currentSize : 52 <-- 290.048859 s
currentSize : 53 <-- 290.062683 s
currentSize : 54 <-- 492.644562 s
currentSize : 56 <-- 492.645508 s
currentSize : 57 <-- 878.695984 s

TIMEOUT
maxsize : 57
nodes : 219313390.000000
filtered : 992873943.000000
time : 1000.000061
