Parameters: GAD=1 vflib=1 dir=1 label=1 lowerbound=1 fileNameGp=../../cp2016-max-common-connected-subgraph-paper/datasets/graphsdb/mcs70/rand/r005/mcs70_r005_s90.A07 fileNameGt=../../cp2016-max-common-connected-subgraph-paper/datasets/graphsdb/mcs70/rand/r005/mcs70_r005_s90.B07
Reading graphs...
90 : 399
90 : 399
Initializing...
maxdom : 8
D->valSize : 539
Solving...
Blb : 2 (clique : 23)
currentSize : 23 <-- 0.005828 s
currentSize : 26 <-- 0.006204 s
currentSize : 30 <-- 0.091557 s
currentSize : 32 <-- 0.288212 s
currentSize : 33 <-- 0.443430 s
currentSize : 34 <-- 0.553899 s
currentSize : 39 <-- 0.626367 s
currentSize : 41 <-- 0.665695 s
currentSize : 43 <-- 0.665851 s
currentSize : 44 <-- 0.880707 s
currentSize : 47 <-- 1.252710 s
currentSize : 50 <-- 1.477542 s
currentSize : 55 <-- 1.481078 s
currentSize : 63 <-- 5.944489 s

maxsize : 63
nodes : 1018674.000000
filtered : 13191425.000000
time : 6.646846
