Parameters: GAD=1 vflib=1 dir=1 label=1 lowerbound=1 fileNameGp=../../cp2016-max-common-connected-subgraph-paper/datasets/graphsdb/mcs70/m2D/m2Dr4/mcs70_m2Dr4_s50.A07 fileNameGt=../../cp2016-max-common-connected-subgraph-paper/datasets/graphsdb/mcs70/m2D/m2Dr4/mcs70_m2Dr4_s50.B07
Reading graphs...
50 : 105
50 : 105
Initializing...
maxdom : 8
D->valSize : 324
Solving...
Blb : 2 (clique : 23)
currentSize : 23 <-- 0.002270 s
currentSize : 24 <-- 0.015552 s
currentSize : 26 <-- 0.054794 s
currentSize : 27 <-- 0.054856 s
currentSize : 28 <-- 0.054958 s
currentSize : 33 <-- 0.345491 s
currentSize : 35 <-- 0.345541 s
currentSize : 36 <-- 0.345692 s

maxsize : 36
nodes : 88583.000000
filtered : 873790.000000
time : 0.394636
