Parameters: GAD=1 vflib=1 dir=1 label=1 lowerbound=1 fileNameGp=../../cp2016-max-common-connected-subgraph-paper/datasets/graphsdb/mcs70/bvg/b03/mcs70_b03_s50.A09 fileNameGt=../../cp2016-max-common-connected-subgraph-paper/datasets/graphsdb/mcs70/bvg/b03/mcs70_b03_s50.B09
Reading graphs...
50 : 75
50 : 75
Initializing...
maxdom : 9
D->valSize : 331
Solving...
Blb : 3 (clique : 23)
currentSize : 23 <-- 0.002472 s
currentSize : 24 <-- 0.002620 s
currentSize : 25 <-- 0.002675 s
currentSize : 26 <-- 0.002764 s
currentSize : 27 <-- 0.002786 s
currentSize : 28 <-- 0.002977 s
currentSize : 29 <-- 0.003122 s
currentSize : 31 <-- 0.146125 s
currentSize : 32 <-- 0.482602 s
currentSize : 33 <-- 3.295556 s
currentSize : 34 <-- 5.375762 s
currentSize : 35 <-- 6.076856 s

maxsize : 35
nodes : 1298908.000000
filtered : 17737548.000000
time : 6.783561
