Parameters: GAD=1 vflib=1 dir=1 label=1 lowerbound=1 fileNameGp=../../cp2016-max-common-connected-subgraph-paper/datasets/graphsdb/mcs70/bvg/b09/mcs70_b09_s90.A03 fileNameGt=../../cp2016-max-common-connected-subgraph-paper/datasets/graphsdb/mcs70/bvg/b09/mcs70_b09_s90.B03
Reading graphs...
90 : 405
90 : 405
Initializing...
maxdom : 10
D->valSize : 552
Solving...
Blb : 2 (clique : 30)
currentSize : 30 <-- 0.005985 s
currentSize : 32 <-- 0.006219 s
currentSize : 38 <-- 0.006349 s
currentSize : 41 <-- 0.006469 s
currentSize : 44 <-- 0.013123 s
currentSize : 46 <-- 0.013518 s
currentSize : 47 <-- 0.013748 s
currentSize : 49 <-- 0.067918 s
currentSize : 50 <-- 0.068190 s
currentSize : 51 <-- 0.068493 s
currentSize : 57 <-- 8.252222 s
currentSize : 62 <-- 8.253357 s

maxsize : 62
nodes : 2644393.000000
filtered : 19631148.000000
time : 14.635375
