Parameters: GAD=1 vflib=1 dir=1 label=1 lowerbound=1 fileNameGp=../../cp2016-max-common-connected-subgraph-paper/datasets/graphsdb/mcs70/bvg/b09/mcs70_b09_s90.A05 fileNameGt=../../cp2016-max-common-connected-subgraph-paper/datasets/graphsdb/mcs70/bvg/b09/mcs70_b09_s90.B05
Reading graphs...
90 : 405
90 : 405
Initializing...
maxdom : 10
D->valSize : 563
Solving...
Blb : 3 (clique : 31)
currentSize : 31 <-- 0.010373 s
currentSize : 35 <-- 0.030474 s
currentSize : 36 <-- 0.030720 s
currentSize : 37 <-- 0.035157 s
currentSize : 38 <-- 0.083947 s
currentSize : 39 <-- 0.134698 s
currentSize : 40 <-- 0.135384 s
currentSize : 41 <-- 4.355132 s
currentSize : 42 <-- 4.355594 s
currentSize : 44 <-- 4.355783 s
currentSize : 45 <-- 4.356274 s
currentSize : 46 <-- 10.236556 s
currentSize : 49 <-- 12.354051 s
currentSize : 52 <-- 12.354688 s
currentSize : 55 <-- 13.798065 s
currentSize : 56 <-- 16.379292 s
currentSize : 58 <-- 16.379766 s
currentSize : 59 <-- 22.100492 s
currentSize : 62 <-- 22.100733 s

maxsize : 62
nodes : 4654721.000000
filtered : 42452883.000000
time : 27.743933
