Parameters: GAD=1 vflib=1 dir=1 label=1 lowerbound=1 fileNameGp=../../cp2016-max-common-connected-subgraph-paper/datasets/graphsdb/mcs70/bvg/b06/mcs70_b06_s70.A04 fileNameGt=../../cp2016-max-common-connected-subgraph-paper/datasets/graphsdb/mcs70/bvg/b06/mcs70_b06_s70.B04
Reading graphs...
70 : 210
70 : 210
Initializing...
maxdom : 8
D->valSize : 376
Solving...
Blb : 3 (clique : 33)
currentSize : 33 <-- 0.003190 s
currentSize : 36 <-- 0.715103 s
currentSize : 37 <-- 0.715210 s
currentSize : 38 <-- 0.717766 s
currentSize : 39 <-- 2.622408 s
currentSize : 40 <-- 2.646174 s
currentSize : 41 <-- 2.648769 s
currentSize : 42 <-- 8.382413 s
currentSize : 46 <-- 11.453157 s
currentSize : 47 <-- 11.453462 s
currentSize : 48 <-- 11.551027 s
currentSize : 49 <-- 11.551462 s

maxsize : 49
nodes : 3494181.000000
filtered : 18190431.000000
time : 15.253150
