Parameters: GAD=1 vflib=1 dir=1 label=1 lowerbound=1 fileNameGp=../../cp2016-max-common-connected-subgraph-paper/datasets/graphsdb/mcs70/bvg/b06/mcs70_b06_s40.A06 fileNameGt=../../cp2016-max-common-connected-subgraph-paper/datasets/graphsdb/mcs70/bvg/b06/mcs70_b06_s40.B06
Reading graphs...
40 : 120
40 : 120
Initializing...
maxdom : 10
D->valSize : 226
Solving...
Blb : 2 (clique : 12)
currentSize : 12 <-- 0.001246 s
currentSize : 13 <-- 0.001376 s
currentSize : 16 <-- 0.001821 s
currentSize : 17 <-- 0.001843 s
currentSize : 18 <-- 0.009601 s
currentSize : 19 <-- 0.011131 s
currentSize : 20 <-- 0.023559 s
currentSize : 21 <-- 0.025128 s
currentSize : 24 <-- 0.031289 s
currentSize : 25 <-- 0.031368 s
currentSize : 26 <-- 0.034817 s
currentSize : 28 <-- 0.034940 s

maxsize : 28
nodes : 9605.000000
filtered : 96794.000000
time : 0.037528
