Parameters: GAD=1 vflib=1 dir=1 label=1 lowerbound=1 fileNameGp=../../cp2016-max-common-connected-subgraph-paper/datasets/graphsdb/mcs70/m2D/m2Dr6/mcs70_m2Dr6_s80.A00 fileNameGt=../../cp2016-max-common-connected-subgraph-paper/datasets/graphsdb/mcs70/m2D/m2Dr6/mcs70_m2Dr6_s80.B00
Reading graphs...
80 : 190
80 : 189
Initializing...
maxdom : 8
D->valSize : 456
Solving...
Blb : 2 (clique : 37)
currentSize : 37 <-- 0.004539 s
currentSize : 38 <-- 0.006065 s
currentSize : 39 <-- 0.009264 s
currentSize : 40 <-- 0.016598 s
currentSize : 41 <-- 0.095826 s
currentSize : 42 <-- 2.258293 s
currentSize : 43 <-- 7.324699 s
currentSize : 44 <-- 7.515193 s
currentSize : 46 <-- 679.491333 s
currentSize : 47 <-- 679.494690 s
currentSize : 48 <-- 679.597229 s
currentSize : 49 <-- 679.597839 s
currentSize : 50 <-- 679.621338 s

TIMEOUT
maxsize : 50
nodes : 196286906.000000
filtered : 1308769717.000000
time : 1000.000061
