Parameters: GAD=1 vflib=1 dir=1 label=1 lowerbound=1 fileNameGp=../../cp2016-max-common-connected-subgraph-paper/datasets/graphsdb/mcs70/bvg/b09m/mcs70_b09m_s80.A00 fileNameGt=../../cp2016-max-common-connected-subgraph-paper/datasets/graphsdb/mcs70/bvg/b09m/mcs70_b09m_s80.B00
Reading graphs...
80 : 360
80 : 360
Initializing...
maxdom : 8
D->valSize : 443
Solving...
Blb : 3 (clique : 38)
currentSize : 38 <-- 0.006349 s
currentSize : 40 <-- 0.054081 s
currentSize : 44 <-- 0.089818 s
currentSize : 47 <-- 0.090031 s
currentSize : 48 <-- 4.081844 s
currentSize : 51 <-- 5.029275 s
currentSize : 55 <-- 5.178223 s
currentSize : 56 <-- 5.287631 s

maxsize : 56
nodes : 1226524.000000
filtered : 8797023.000000
time : 6.349914
