Parameters: GAD=1 vflib=1 dir=1 label=1 lowerbound=1 fileNameGp=../../cp2016-max-common-connected-subgraph-paper/datasets/graphsdb/mcs70/bvg/b06m/mcs70_b06m_s50.A01 fileNameGt=../../cp2016-max-common-connected-subgraph-paper/datasets/graphsdb/mcs70/bvg/b06m/mcs70_b06m_s50.B01
Reading graphs...
50 : 150
50 : 150
Initializing...
maxdom : 9
D->valSize : 321
Solving...
Blb : 3 (clique : 20)
currentSize : 20 <-- 0.002163 s
currentSize : 26 <-- 0.041115 s
currentSize : 27 <-- 0.062853 s
currentSize : 29 <-- 0.078640 s
currentSize : 30 <-- 0.078798 s
currentSize : 31 <-- 0.155964 s
currentSize : 32 <-- 0.156171 s
currentSize : 34 <-- 0.156283 s
currentSize : 35 <-- 0.209597 s

maxsize : 35
nodes : 49063.000000
filtered : 553022.000000
time : 0.218398
