Parameters: GAD=1 vflib=1 dir=1 label=1 lowerbound=1 fileNameGp=../../cp2016-max-common-connected-subgraph-paper/datasets/graphsdb/mcs70/m2D/m2Dr4/mcs70_m2Dr4_s70.A03 fileNameGt=../../cp2016-max-common-connected-subgraph-paper/datasets/graphsdb/mcs70/m2D/m2Dr4/mcs70_m2Dr4_s70.B03
Reading graphs...
70 : 151
70 : 148
Initializing...
maxdom : 8
D->valSize : 352
Solving...
Blb : 3 (clique : 30)
currentSize : 30 <-- 0.004984 s
currentSize : 31 <-- 0.833231 s
currentSize : 32 <-- 0.833401 s
currentSize : 33 <-- 0.833687 s
currentSize : 34 <-- 0.834040 s
currentSize : 36 <-- 1.280382 s
currentSize : 38 <-- 2.372932 s
currentSize : 40 <-- 4.125786 s
currentSize : 43 <-- 5.801704 s
currentSize : 45 <-- 6.750931 s
currentSize : 47 <-- 6.890509 s
currentSize : 49 <-- 6.890600 s

maxsize : 49
nodes : 1877970.000000
filtered : 11919219.000000
time : 8.764188
