Parameters: GAD=1 vflib=1 dir=1 label=1 lowerbound=1 fileNameGp=../../cp2016-max-common-connected-subgraph-paper/datasets/graphsdb/mcs70/m3D/m3Dr6/mcs70_m3Dr6_s100.A04 fileNameGt=../../cp2016-max-common-connected-subgraph-paper/datasets/graphsdb/mcs70/m3D/m3Dr6/mcs70_m3Dr6_s100.B04
Reading graphs...
100 : 294
100 : 294
Initializing...
maxdom : 10
D->valSize : 398
Solving...
Blb : 2 (clique : 46)
currentSize : 46 <-- 0.004090 s
currentSize : 47 <-- 0.015098 s
currentSize : 50 <-- 0.503257 s
currentSize : 51 <-- 0.521996 s
currentSize : 54 <-- 5.761680 s
currentSize : 55 <-- 5.764231 s
currentSize : 56 <-- 51.210724 s
currentSize : 57 <-- 51.211231 s
currentSize : 62 <-- 54.295914 s
currentSize : 64 <-- 111.635674 s

maxsize : 64
nodes : 42141020.000000
filtered : 187226900.000000
time : 222.584503
