Parameters: GAD=1 vflib=1 dir=1 label=1 lowerbound=1 fileNameGp=../../cp2016-max-common-connected-subgraph-paper/datasets/graphsdb/mcs70/rand/r005/mcs70_r005_s100.A03 fileNameGt=../../cp2016-max-common-connected-subgraph-paper/datasets/graphsdb/mcs70/rand/r005/mcs70_r005_s100.B03
Reading graphs...
100 : 494
100 : 494
Initializing...
maxdom : 8
D->valSize : 391
Solving...
Blb : 2 (clique : 25)
currentSize : 25 <-- 0.003858 s
currentSize : 27 <-- 0.005005 s
currentSize : 28 <-- 0.005206 s
currentSize : 30 <-- 0.006897 s
currentSize : 31 <-- 0.007037 s
currentSize : 33 <-- 0.008616 s
currentSize : 37 <-- 0.010642 s
currentSize : 39 <-- 0.012794 s
currentSize : 43 <-- 0.013133 s
currentSize : 44 <-- 0.016360 s
currentSize : 48 <-- 0.016553 s
currentSize : 53 <-- 0.019292 s
currentSize : 59 <-- 0.020157 s
currentSize : 63 <-- 0.033353 s
currentSize : 70 <-- 0.034741 s

maxsize : 70
nodes : 57736.000000
filtered : 442640.000000
time : 0.359617
