Parameters: GAD=1 vflib=1 dir=1 label=1 lowerbound=1 fileNameGp=../../cp2016-max-common-connected-subgraph-paper/datasets/graphsdb/mcs70/bvg/b06/mcs70_b06_s80.A08 fileNameGt=../../cp2016-max-common-connected-subgraph-paper/datasets/graphsdb/mcs70/bvg/b06/mcs70_b06_s80.B08
Reading graphs...
80 : 240
80 : 240
Initializing...
maxdom : 8
D->valSize : 440
Solving...
Blb : 2 (clique : 23)
currentSize : 23 <-- 0.004312 s
currentSize : 24 <-- 0.004513 s
currentSize : 25 <-- 0.004865 s
currentSize : 26 <-- 0.004935 s
currentSize : 27 <-- 0.004990 s
currentSize : 28 <-- 0.007219 s
currentSize : 29 <-- 0.014285 s
currentSize : 30 <-- 0.038455 s
currentSize : 31 <-- 0.038998 s
currentSize : 32 <-- 0.092761 s
currentSize : 34 <-- 0.092894 s
currentSize : 36 <-- 0.093328 s
currentSize : 37 <-- 0.094356 s
currentSize : 38 <-- 33.751320 s
currentSize : 41 <-- 70.008202 s
currentSize : 43 <-- 70.008324 s
currentSize : 44 <-- 70.008850 s
currentSize : 54 <-- 550.470337 s
currentSize : 55 <-- 550.470581 s
currentSize : 56 <-- 550.470703 s

maxsize : 56
nodes : 113878131.000000
filtered : 643155551.000000
time : 560.206299
