Parameters: GAD=1 vflib=1 dir=1 label=1 lowerbound=1 fileNameGp=../../cp2016-max-common-connected-subgraph-paper/datasets/graphsdb/mcs70/m3D/m3Dr6/mcs70_m3Dr6_s90.A00 fileNameGt=../../cp2016-max-common-connected-subgraph-paper/datasets/graphsdb/mcs70/m3D/m3Dr6/mcs70_m3Dr6_s90.B00
Reading graphs...
90 : 263
90 : 261
Initializing...
maxdom : 10
D->valSize : 552
Solving...
Blb : 2 (clique : 47)
currentSize : 47 <-- 0.006443 s
currentSize : 49 <-- 0.203975 s
currentSize : 50 <-- 0.204793 s
currentSize : 51 <-- 3.073910 s
currentSize : 52 <-- 3.074783 s
currentSize : 54 <-- 11.231211 s
currentSize : 55 <-- 11.232162 s
currentSize : 56 <-- 19.414408 s
currentSize : 57 <-- 19.415483 s
currentSize : 58 <-- 47.247116 s
currentSize : 59 <-- 47.247391 s
currentSize : 60 <-- 47.249271 s
currentSize : 61 <-- 47.249668 s
currentSize : 63 <-- 47.249905 s
currentSize : 64 <-- 47.250423 s

maxsize : 64
nodes : 12899548.000000
filtered : 42585849.000000
time : 56.891548
