Parameters: GAD=1 vflib=1 dir=1 label=1 lowerbound=1 fileNameGp=../../cp2016-max-common-connected-subgraph-paper/datasets/graphsdb/mcs70/bvg/b09/mcs70_b09_s60.A08 fileNameGt=../../cp2016-max-common-connected-subgraph-paper/datasets/graphsdb/mcs70/bvg/b09/mcs70_b09_s60.B08
Reading graphs...
60 : 270
60 : 270
Initializing...
maxdom : 6
D->valSize : 250
Solving...
Blb : 3 (clique : 23)
currentSize : 23 <-- 0.002588 s
currentSize : 24 <-- 0.012356 s
currentSize : 25 <-- 0.012584 s
currentSize : 28 <-- 0.012866 s
currentSize : 31 <-- 0.069328 s
currentSize : 36 <-- 0.097910 s
currentSize : 39 <-- 0.098066 s
currentSize : 42 <-- 0.098165 s

maxsize : 42
nodes : 19656.000000
filtered : 112488.000000
time : 0.105502
