Parameters: GAD=1 vflib=1 dir=1 label=1 lowerbound=1 fileNameGp=../../cp2016-max-common-connected-subgraph-paper/datasets/graphsdb/mcs70/bvg/b03/mcs70_b03_s70.A09 fileNameGt=../../cp2016-max-common-connected-subgraph-paper/datasets/graphsdb/mcs70/bvg/b03/mcs70_b03_s70.B09
Reading graphs...
70 : 105
70 : 105
Initializing...
maxdom : 8
D->valSize : 340
Solving...
Blb : 2 (clique : 35)
currentSize : 35 <-- 0.002943 s
currentSize : 36 <-- 0.003176 s
currentSize : 37 <-- 0.003254 s
currentSize : 38 <-- 0.005469 s
currentSize : 39 <-- 0.005560 s
currentSize : 42 <-- 0.126228 s
currentSize : 44 <-- 21.588631 s
currentSize : 45 <-- 24.760782 s
currentSize : 46 <-- 44.071350 s
currentSize : 47 <-- 44.071842 s
currentSize : 48 <-- 45.080006 s

maxsize : 48
nodes : 9636926.000000
filtered : 64682352.000000
time : 46.535854
