Parameters: GAD=1 vflib=1 dir=1 label=1 lowerbound=1 fileNameGp=../../cp2016-max-common-connected-subgraph-paper/datasets/graphsdb/mcs70/bvg/b03/mcs70_b03_s100.A01 fileNameGt=../../cp2016-max-common-connected-subgraph-paper/datasets/graphsdb/mcs70/bvg/b03/mcs70_b03_s100.B01
Reading graphs...
100 : 150
100 : 150
Initializing...
maxdom : 7
D->valSize : 406
Solving...
Blb : 3 (clique : 51)
currentSize : 51 <-- 0.004403 s
currentSize : 52 <-- 0.051480 s
currentSize : 53 <-- 0.942157 s
currentSize : 54 <-- 0.950218 s
currentSize : 55 <-- 0.964105 s
currentSize : 56 <-- 0.964252 s
currentSize : 57 <-- 1.226628 s
currentSize : 58 <-- 2.350641 s
currentSize : 59 <-- 2.359462 s
currentSize : 60 <-- 6.957541 s
currentSize : 61 <-- 6.957788 s
currentSize : 62 <-- 7.246267 s
currentSize : 63 <-- 7.252967 s
currentSize : 64 <-- 10.968094 s
currentSize : 65 <-- 54.934803 s
currentSize : 66 <-- 54.936573 s
currentSize : 67 <-- 55.829216 s
currentSize : 68 <-- 577.211060 s
currentSize : 69 <-- 579.525635 s
currentSize : 70 <-- 579.993896 s

TIMEOUT
maxsize : 70
nodes : 206658211.000000
filtered : 680425046.000000
time : 1000.000122
