Parameters: GAD=1 vflib=1 dir=1 label=1 lowerbound=1 fileNameGp=../../cp2016-max-common-connected-subgraph-paper/datasets/graphsdb/mcs70/rand/r01/mcs70_r01_s90.A08 fileNameGt=../../cp2016-max-common-connected-subgraph-paper/datasets/graphsdb/mcs70/rand/r01/mcs70_r01_s90.B08
Reading graphs...
90 : 800
90 : 800
Initializing...
maxdom : 9
D->valSize : 528
Solving...
Blb : 2 (clique : 12)
currentSize : 12 <-- 0.008961 s
currentSize : 13 <-- 0.009700 s
currentSize : 14 <-- 0.027268 s
currentSize : 15 <-- 0.036101 s
currentSize : 17 <-- 0.041115 s
currentSize : 18 <-- 0.044553 s
currentSize : 20 <-- 0.053360 s
currentSize : 23 <-- 0.060936 s
currentSize : 25 <-- 0.078941 s
currentSize : 28 <-- 0.079474 s
currentSize : 30 <-- 0.097875 s
currentSize : 31 <-- 0.107799 s
currentSize : 36 <-- 0.107958 s
currentSize : 38 <-- 0.136791 s
currentSize : 44 <-- 0.144782 s
currentSize : 47 <-- 0.190285 s
currentSize : 51 <-- 0.217735 s
currentSize : 63 <-- 0.227965 s

maxsize : 63
nodes : 32314.000000
filtered : 542699.000000
time : 0.244652
