Parameters: GAD=1 vflib=1 dir=1 label=1 lowerbound=1 fileNameGp=../../cp2016-max-common-connected-subgraph-paper/datasets/graphsdb/mcs70/m2D/m2Dr6/mcs70_m2Dr6_s90.A05 fileNameGt=../../cp2016-max-common-connected-subgraph-paper/datasets/graphsdb/mcs70/m2D/m2Dr6/mcs70_m2Dr6_s90.B05
Reading graphs...
90 : 215
90 : 215
Initializing...
maxdom : 11
D->valSize : 587
Solving...
Blb : 3 (clique : 51)
currentSize : 51 <-- 0.007036 s
currentSize : 52 <-- 2.858997 s
currentSize : 54 <-- 5.607565 s
currentSize : 56 <-- 34.104939 s
currentSize : 58 <-- 34.107262 s
currentSize : 59 <-- 158.575867 s
currentSize : 60 <-- 458.795776 s
currentSize : 63 <-- 458.795898 s
currentSize : 64 <-- 458.797546 s

maxsize : 64
nodes : 126786843.000000
filtered : 709815763.000000
time : 632.909546
