Parameters: GAD=1 vflib=1 dir=1 label=1 lowerbound=1 fileNameGp=../../cp2016-max-common-connected-subgraph-paper/datasets/graphsdb/mcs70/m2D/m2Dr4/mcs70_m2Dr4_s100.A00 fileNameGt=../../cp2016-max-common-connected-subgraph-paper/datasets/graphsdb/mcs70/m2D/m2Dr4/mcs70_m2Dr4_s100.B00
Reading graphs...
100 : 220
100 : 220
Initializing...
maxdom : 8
D->valSize : 437
Solving...
Blb : 2 (clique : 55)
currentSize : 55 <-- 0.008030 s
currentSize : 56 <-- 0.368555 s
currentSize : 57 <-- 0.368791 s
currentSize : 58 <-- 1.906335 s
currentSize : 59 <-- 2.139379 s
currentSize : 60 <-- 2.160578 s
currentSize : 61 <-- 4.743306 s
currentSize : 62 <-- 6.618533 s
currentSize : 63 <-- 6.618985 s
currentSize : 64 <-- 7.190731 s
currentSize : 65 <-- 7.191211 s

maxsize : 65
nodes : 12950093.000000
filtered : 75925125.000000
time : 78.424538
