Parameters: GAD=1 vflib=1 dir=1 label=1 lowerbound=1 fileNameGp=../../cp2016-max-common-connected-subgraph-paper/datasets/graphsdb/mcs70/m3D/m3Dr6/mcs70_m3Dr6_s90.A03 fileNameGt=../../cp2016-max-common-connected-subgraph-paper/datasets/graphsdb/mcs70/m3D/m3Dr6/mcs70_m3Dr6_s90.B03
Reading graphs...
90 : 263
90 : 263
Initializing...
maxdom : 10
D->valSize : 541
Solving...
Blb : 2 (clique : 47)
currentSize : 47 <-- 0.006194 s
currentSize : 50 <-- 0.008463 s
currentSize : 52 <-- 0.507767 s
currentSize : 54 <-- 0.896467 s
currentSize : 56 <-- 0.896697 s
currentSize : 57 <-- 0.898100 s
currentSize : 59 <-- 1.069248 s
currentSize : 60 <-- 19.715233 s
currentSize : 61 <-- 19.715851 s
currentSize : 63 <-- 20.335585 s
currentSize : 64 <-- 20.336424 s

maxsize : 64
nodes : 8884037.000000
filtered : 67820536.000000
time : 50.284904
