Parameters: GAD=1 vflib=1 dir=1 label=1 lowerbound=1 fileNameGp=../../cp2016-max-common-connected-subgraph-paper/datasets/graphsdb/mcs70/m2D/m2D/mcs70_m2D_s50.A05 fileNameGt=../../cp2016-max-common-connected-subgraph-paper/datasets/graphsdb/mcs70/m2D/m2D/mcs70_m2D_s50.B05
Reading graphs...
50 : 85
50 : 85
Initializing...
maxdom : 11
D->valSize : 355
Solving...
Blb : 2 (clique : 25)
currentSize : 25 <-- 0.002729 s
currentSize : 26 <-- 0.078553 s
currentSize : 28 <-- 0.285069 s
currentSize : 31 <-- 0.372610 s
currentSize : 32 <-- 0.372710 s
currentSize : 33 <-- 0.580813 s
currentSize : 35 <-- 0.580915 s
currentSize : 36 <-- 0.581259 s

maxsize : 36
nodes : 138078.000000
filtered : 1487248.000000
time : 0.720770
