Parameters: GAD=1 vflib=1 dir=1 label=1 lowerbound=1 fileNameGp=../../cp2016-max-common-connected-subgraph-paper/datasets/graphsdb/mcs70/m2D/m2Dr6/mcs70_m2Dr6_s90.A09 fileNameGt=../../cp2016-max-common-connected-subgraph-paper/datasets/graphsdb/mcs70/m2D/m2Dr6/mcs70_m2Dr6_s90.B09
Reading graphs...
90 : 215
90 : 212
Initializing...
maxdom : 12
D->valSize : 543
Solving...
Blb : 3 (clique : 36)
currentSize : 36 <-- 0.006178 s
currentSize : 48 <-- 0.006493 s
currentSize : 50 <-- 0.006535 s
currentSize : 51 <-- 0.133266 s
currentSize : 53 <-- 0.154035 s
currentSize : 55 <-- 0.154063 s
currentSize : 56 <-- 0.157223 s
currentSize : 57 <-- 1.837619 s
currentSize : 58 <-- 1.839442 s
currentSize : 61 <-- 1.839655 s
currentSize : 62 <-- 1.840009 s
currentSize : 64 <-- 26.702782 s
currentSize : 65 <-- 26.703243 s

maxsize : 65
nodes : 17522234.000000
filtered : 103380664.000000
time : 90.222542
