Parameters: GAD=1 vflib=1 dir=1 label=1 lowerbound=1 fileNameGp=../../cp2016-max-common-connected-subgraph-paper/datasets/graphsdb/mcs70/bvg/b03m/mcs70_b03m_s90.A03 fileNameGt=../../cp2016-max-common-connected-subgraph-paper/datasets/graphsdb/mcs70/bvg/b03m/mcs70_b03m_s90.B03
Reading graphs...
90 : 135
90 : 135
Initializing...
maxdom : 8
D->valSize : 548
Solving...
Blb : 2 (clique : 49)
currentSize : 49 <-- 0.006564 s
currentSize : 50 <-- 0.007787 s
currentSize : 51 <-- 0.010530 s
currentSize : 52 <-- 0.013370 s
currentSize : 53 <-- 0.030443 s
currentSize : 54 <-- 0.137012 s
currentSize : 55 <-- 0.879714 s
currentSize : 56 <-- 0.961603 s

TIMEOUT
maxsize : 56
nodes : 173494886.000000
filtered : 1204287642.000000
time : 1000.000061
