Parameters: GAD=1 vflib=1 dir=1 label=1 lowerbound=1 fileNameGp=../../cp2016-max-common-connected-subgraph-paper/datasets/graphsdb/mcs70/m2D/m2Dr6/mcs70_m2Dr6_s80.A02 fileNameGt=../../cp2016-max-common-connected-subgraph-paper/datasets/graphsdb/mcs70/m2D/m2Dr6/mcs70_m2Dr6_s80.B02
Reading graphs...
80 : 190
80 : 190
Initializing...
maxdom : 8
D->valSize : 448
Solving...
Blb : 2 (clique : 41)
currentSize : 41 <-- 0.004453 s
currentSize : 42 <-- 0.004747 s
currentSize : 43 <-- 0.004905 s
currentSize : 44 <-- 0.004985 s
currentSize : 45 <-- 0.006086 s
currentSize : 46 <-- 119.452209 s
currentSize : 47 <-- 119.452515 s
currentSize : 48 <-- 119.453522 s
currentSize : 49 <-- 119.454117 s

maxsize : 49
nodes : 56412497.000000
filtered : 306629516.000000
time : 270.755219
