Parameters: GAD=1 vflib=1 dir=1 label=1 lowerbound=1 fileNameGp=../../cp2016-max-common-connected-subgraph-paper/datasets/graphsdb/mcs70/m2D/m2Dr2/mcs70_m2Dr2_s100.A05 fileNameGt=../../cp2016-max-common-connected-subgraph-paper/datasets/graphsdb/mcs70/m2D/m2Dr2/mcs70_m2Dr2_s100.B05
Reading graphs...
100 : 200
100 : 200
Initializing...
maxdom : 7
D->valSize : 395
Solving...
Blb : 2 (clique : 44)
currentSize : 44 <-- 0.007061 s
currentSize : 47 <-- 0.008901 s
currentSize : 48 <-- 0.009489 s
currentSize : 49 <-- 0.035415 s
currentSize : 50 <-- 3.383755 s
currentSize : 52 <-- 3.384533 s
currentSize : 53 <-- 3.384951 s
currentSize : 54 <-- 3.387616 s
currentSize : 56 <-- 4.291699 s
currentSize : 57 <-- 4.295854 s
currentSize : 59 <-- 19.306612 s
currentSize : 60 <-- 19.308424 s
currentSize : 62 <-- 76.531647 s
currentSize : 63 <-- 76.532265 s
currentSize : 65 <-- 215.679962 s
currentSize : 66 <-- 237.632172 s

maxsize : 66
nodes : 51610438.000000
filtered : 247981280.000000
time : 293.959106
