Parameters: GAD=1 vflib=1 dir=1 label=1 lowerbound=1 fileNameGp=../../cp2016-max-common-connected-subgraph-paper/datasets/graphsdb/mcs70/bvg/b06/mcs70_b06_s70.A08 fileNameGt=../../cp2016-max-common-connected-subgraph-paper/datasets/graphsdb/mcs70/bvg/b06/mcs70_b06_s70.B08
Reading graphs...
70 : 210
70 : 210
Initializing...
maxdom : 9
D->valSize : 354
Solving...
Blb : 2 (clique : 30)
currentSize : 30 <-- 0.004731 s
currentSize : 32 <-- 0.005349 s
currentSize : 34 <-- 0.010947 s
currentSize : 35 <-- 0.019535 s
currentSize : 36 <-- 0.020642 s
currentSize : 37 <-- 0.021008 s
currentSize : 41 <-- 0.021383 s
currentSize : 46 <-- 0.037626 s
currentSize : 49 <-- 0.064416 s

maxsize : 49
nodes : 102422.000000
filtered : 776062.000000
time : 0.643256
