Parameters: GAD=1 vflib=1 dir=1 label=1 lowerbound=1 fileNameGp=../../cp2016-max-common-connected-subgraph-paper/datasets/graphsdb/mcs70/m2D/m2Dr4/mcs70_m2Dr4_s50.A01 fileNameGt=../../cp2016-max-common-connected-subgraph-paper/datasets/graphsdb/mcs70/m2D/m2Dr4/mcs70_m2Dr4_s50.B01
Reading graphs...
50 : 105
50 : 104
Initializing...
maxdom : 9
D->valSize : 341
Solving...
Blb : 2 (clique : 25)
currentSize : 25 <-- 0.002483 s
currentSize : 27 <-- 0.023962 s
currentSize : 28 <-- 0.041914 s
currentSize : 29 <-- 0.173892 s
currentSize : 30 <-- 0.469425 s
currentSize : 31 <-- 0.469519 s
currentSize : 35 <-- 0.615236 s
currentSize : 36 <-- 0.615550 s

maxsize : 36
nodes : 184531.000000
filtered : 1229619.000000
time : 0.700120
