Parameters: GAD=1 vflib=1 dir=1 label=1 lowerbound=1 fileNameGp=../../cp2016-max-common-connected-subgraph-paper/datasets/graphsdb/mcs70/m2D/m2Dr2/mcs70_m2Dr2_s40.A02 fileNameGt=../../cp2016-max-common-connected-subgraph-paper/datasets/graphsdb/mcs70/m2D/m2Dr2/mcs70_m2Dr2_s40.B02
Reading graphs...
40 : 75
40 : 73
Initializing...
maxdom : 9
D->valSize : 225
Solving...
Blb : 2 (clique : 14)
currentSize : 14 <-- 0.001248 s
currentSize : 15 <-- 0.001414 s
currentSize : 16 <-- 0.001974 s
currentSize : 17 <-- 0.007808 s
currentSize : 18 <-- 0.136431 s
currentSize : 19 <-- 0.443143 s
currentSize : 20 <-- 0.860128 s
currentSize : 21 <-- 0.938049 s
currentSize : 22 <-- 0.938122 s
currentSize : 23 <-- 0.938207 s
currentSize : 25 <-- 0.938382 s

maxsize : 25
nodes : 262873.000000
filtered : 2709192.000000
time : 1.035716
