Parameters: GAD=1 vflib=1 dir=1 label=1 lowerbound=1 fileNameGp=../../cp2016-max-common-connected-subgraph-paper/datasets/graphsdb/mcs70/bvg/b09m/mcs70_b09m_s60.A09 fileNameGt=../../cp2016-max-common-connected-subgraph-paper/datasets/graphsdb/mcs70/bvg/b09m/mcs70_b09m_s60.B09
Reading graphs...
60 : 270
60 : 270
Initializing...
maxdom : 8
D->valSize : 260
Solving...
Blb : 2 (clique : 12)
currentSize : 12 <-- 0.002708 s
currentSize : 13 <-- 0.002839 s
currentSize : 14 <-- 0.002885 s
currentSize : 17 <-- 0.002948 s
currentSize : 18 <-- 0.003495 s
currentSize : 22 <-- 0.003619 s
currentSize : 23 <-- 0.005218 s
currentSize : 24 <-- 0.005355 s
currentSize : 26 <-- 0.008224 s
currentSize : 28 <-- 0.009015 s
currentSize : 29 <-- 0.009297 s
currentSize : 30 <-- 0.016510 s
currentSize : 31 <-- 0.016721 s
currentSize : 34 <-- 0.020866 s
currentSize : 39 <-- 0.021424 s
currentSize : 42 <-- 0.050537 s

maxsize : 42
nodes : 11669.000000
filtered : 68921.000000
time : 0.070979
