Parameters: GAD=1 vflib=1 dir=1 label=1 lowerbound=1 fileNameGp=../../cp2016-max-common-connected-subgraph-paper/datasets/graphsdb/mcs70/m2D/m2Dr2/mcs70_m2Dr2_s80.A05 fileNameGt=../../cp2016-max-common-connected-subgraph-paper/datasets/graphsdb/mcs70/m2D/m2Dr2/mcs70_m2Dr2_s80.B05
Reading graphs...
80 : 158
80 : 156
Initializing...
maxdom : 9
D->valSize : 434
Solving...
Blb : 2 (clique : 32)
currentSize : 32 <-- 0.004291 s
currentSize : 34 <-- 0.004517 s
currentSize : 35 <-- 0.004871 s
currentSize : 36 <-- 0.005485 s
currentSize : 37 <-- 0.011061 s
currentSize : 38 <-- 0.011293 s
currentSize : 40 <-- 0.053364 s
currentSize : 41 <-- 0.461975 s
currentSize : 42 <-- 1.068546 s
currentSize : 43 <-- 2.635431 s
currentSize : 44 <-- 3.132096 s
currentSize : 45 <-- 4.349370 s
currentSize : 46 <-- 6.268085 s
currentSize : 47 <-- 329.432098 s
currentSize : 48 <-- 659.483826 s

TIMEOUT
maxsize : 48
nodes : 194379923.000000
filtered : 1168678208.000000
time : 1000.000061
