Parameters: GAD=1 vflib=1 dir=1 label=1 lowerbound=1 fileNameGp=../../cp2016-max-common-connected-subgraph-paper/datasets/graphsdb/mcs70/m2D/m2Dr2/mcs70_m2Dr2_s60.A00 fileNameGt=../../cp2016-max-common-connected-subgraph-paper/datasets/graphsdb/mcs70/m2D/m2Dr2/mcs70_m2Dr2_s60.B00
Reading graphs...
60 : 116
60 : 116
Initializing...
maxdom : 7
D->valSize : 267
Solving...
Blb : 3 (clique : 22)
currentSize : 22 <-- 0.001909 s
currentSize : 23 <-- 0.028216 s
currentSize : 24 <-- 0.034960 s
currentSize : 25 <-- 0.378392 s
currentSize : 26 <-- 1.361889 s
currentSize : 27 <-- 14.271873 s
currentSize : 28 <-- 19.762203 s
currentSize : 29 <-- 25.347292 s
currentSize : 32 <-- 25.906799 s
currentSize : 33 <-- 28.084131 s
currentSize : 35 <-- 29.755716 s
currentSize : 36 <-- 30.686647 s
currentSize : 37 <-- 31.554815 s
currentSize : 38 <-- 33.441235 s

maxsize : 38
nodes : 8348965.000000
filtered : 48930414.000000
time : 34.715088
