Parameters: GAD=1 vflib=1 dir=1 label=1 lowerbound=1 fileNameGp=../../cp2016-max-common-connected-subgraph-paper/datasets/graphsdb/mcs70/m2D/m2Dr6/mcs70_m2Dr6_s80.A03 fileNameGt=../../cp2016-max-common-connected-subgraph-paper/datasets/graphsdb/mcs70/m2D/m2Dr6/mcs70_m2Dr6_s80.B03
Reading graphs...
80 : 190
80 : 190
Initializing...
maxdom : 10
D->valSize : 410
Solving...
Blb : 2 (clique : 34)
currentSize : 34 <-- 0.003945 s
currentSize : 35 <-- 5.831468 s
currentSize : 36 <-- 9.835086 s
currentSize : 37 <-- 19.227491 s
currentSize : 38 <-- 20.424273 s
currentSize : 39 <-- 20.424543 s
currentSize : 40 <-- 20.424742 s
currentSize : 41 <-- 20.427691 s
currentSize : 42 <-- 20.427973 s
currentSize : 43 <-- 20.428913 s
currentSize : 44 <-- 26.324863 s
currentSize : 45 <-- 74.909195 s
currentSize : 46 <-- 117.588760 s
currentSize : 47 <-- 117.593994 s
currentSize : 48 <-- 117.594383 s
currentSize : 49 <-- 117.594872 s
currentSize : 50 <-- 117.628593 s

maxsize : 50
nodes : 44173006.000000
filtered : 269823431.000000
time : 217.921753
