Parameters: GAD=1 vflib=1 dir=1 label=1 lowerbound=1 fileNameGp=../../cp2016-max-common-connected-subgraph-paper/datasets/graphsdb/mcs70/bvg/b09m/mcs70_b09m_s100.A09 fileNameGt=../../cp2016-max-common-connected-subgraph-paper/datasets/graphsdb/mcs70/bvg/b09m/mcs70_b09m_s100.B09
Reading graphs...
100 : 450
100 : 450
Initializing...
maxdom : 9
D->valSize : 435
Solving...
Blb : 3 (clique : 30)
currentSize : 30 <-- 0.004502 s
currentSize : 31 <-- 0.213043 s
currentSize : 32 <-- 0.350318 s
currentSize : 33 <-- 5.607041 s
currentSize : 36 <-- 5.607199 s
currentSize : 41 <-- 5.667562 s
currentSize : 42 <-- 6.123834 s
currentSize : 46 <-- 6.215169 s
currentSize : 47 <-- 9.584883 s
currentSize : 52 <-- 9.616233 s
currentSize : 53 <-- 10.299825 s
currentSize : 58 <-- 10.393568 s
currentSize : 59 <-- 14.220940 s
currentSize : 60 <-- 14.221885 s
currentSize : 63 <-- 14.481623 s
currentSize : 64 <-- 14.482654 s
currentSize : 69 <-- 14.526281 s
currentSize : 70 <-- 14.527552 s

maxsize : 70
nodes : 3374482.000000
filtered : 17111589.000000
time : 17.657021
