Parameters: GAD=1 vflib=1 dir=1 label=1 lowerbound=1 fileNameGp=../../cp2016-max-common-connected-subgraph-paper/datasets/graphsdb/mcs70/bvg/b06m/mcs70_b06m_s70.A05 fileNameGt=../../cp2016-max-common-connected-subgraph-paper/datasets/graphsdb/mcs70/bvg/b06m/mcs70_b06m_s70.B05
Reading graphs...
70 : 210
70 : 210
Initializing...
maxdom : 7
D->valSize : 331
Solving...
Blb : 3 (clique : 38)
currentSize : 38 <-- 0.004351 s
currentSize : 39 <-- 0.165964 s
currentSize : 40 <-- 0.166158 s
currentSize : 41 <-- 0.917179 s
currentSize : 42 <-- 1.531375 s
currentSize : 43 <-- 1.531500 s
currentSize : 44 <-- 1.531698 s
currentSize : 45 <-- 1.535220 s
currentSize : 47 <-- 1.545263 s
currentSize : 48 <-- 1.545419 s
currentSize : 49 <-- 1.545622 s

maxsize : 49
nodes : 575950.000000
filtered : 3307060.000000
time : 2.712036
