Parameters: GAD=1 vflib=1 dir=1 label=1 lowerbound=1 fileNameGp=../../cp2016-max-common-connected-subgraph-paper/datasets/graphsdb/mcs70/bvg/b06m/mcs70_b06m_s90.A01 fileNameGt=../../cp2016-max-common-connected-subgraph-paper/datasets/graphsdb/mcs70/bvg/b06m/mcs70_b06m_s90.B01
Reading graphs...
90 : 270
90 : 270
Initializing...
maxdom : 10
D->valSize : 547
Solving...
Blb : 3 (clique : 44)
currentSize : 44 <-- 0.006215 s
currentSize : 46 <-- 0.008062 s
currentSize : 49 <-- 0.009795 s
currentSize : 53 <-- 0.344698 s
currentSize : 55 <-- 0.344821 s
currentSize : 61 <-- 0.715816 s
currentSize : 63 <-- 0.715941 s

maxsize : 63
nodes : 13794349.000000
filtered : 74704224.000000
time : 70.493919
