Parameters: GAD=1 vflib=1 dir=1 label=1 lowerbound=1 fileNameGp=../../cp2016-max-common-connected-subgraph-paper/datasets/graphsdb/mcs70/rand/r01/mcs70_r01_s80.A03 fileNameGt=../../cp2016-max-common-connected-subgraph-paper/datasets/graphsdb/mcs70/rand/r01/mcs70_r01_s80.B03
Reading graphs...
80 : 631
80 : 631
Initializing...
maxdom : 9
D->valSize : 440
Solving...
Blb : 3 (clique : 16)
currentSize : 16 <-- 0.003909 s
currentSize : 18 <-- 0.066194 s
currentSize : 19 <-- 0.066290 s
currentSize : 22 <-- 0.067199 s
currentSize : 23 <-- 0.067353 s
currentSize : 24 <-- 0.072482 s
currentSize : 25 <-- 0.072710 s
currentSize : 26 <-- 0.086285 s
currentSize : 32 <-- 0.110828 s
currentSize : 44 <-- 0.112320 s
currentSize : 56 <-- 0.128228 s

maxsize : 56
nodes : 23415.000000
filtered : 255242.000000
time : 0.135253
