Parameters: GAD=1 vflib=1 dir=1 label=1 lowerbound=1 fileNameGp=../../cp2016-max-common-connected-subgraph-paper/datasets/graphsdb/mcs70/m2D/m2Dr2/mcs70_m2Dr2_s50.A08 fileNameGt=../../cp2016-max-common-connected-subgraph-paper/datasets/graphsdb/mcs70/m2D/m2Dr2/mcs70_m2Dr2_s50.B08
Reading graphs...
50 : 95
50 : 95
Initializing...
maxdom : 9
D->valSize : 340
Solving...
Blb : 5 (clique : 21)
currentSize : 21 <-- 0.002510 s
currentSize : 22 <-- 0.005417 s
currentSize : 23 <-- 0.007829 s
currentSize : 24 <-- 0.012341 s
currentSize : 25 <-- 0.018262 s
currentSize : 26 <-- 0.022049 s
currentSize : 27 <-- 0.034593 s
currentSize : 28 <-- 0.078539 s
currentSize : 36 <-- 0.537450 s

maxsize : 36
nodes : 139359.000000
filtered : 1856086.000000
time : 0.661237
