Parameters: GAD=1 vflib=1 dir=1 label=1 lowerbound=1 fileNameGp=../../cp2016-max-common-connected-subgraph-paper/datasets/graphsdb/mcs70/rand/r001/mcs70_r001_s100.A09 fileNameGt=../../cp2016-max-common-connected-subgraph-paper/datasets/graphsdb/mcs70/rand/r001/mcs70_r001_s100.B09
Reading graphs...
100 : 120
100 : 120
Initializing...
maxdom : 7
D->valSize : 357
Solving...
Blb : 2 (clique : 61)
currentSize : 61 <-- 0.006736 s
currentSize : 62 <-- 0.007480 s
currentSize : 63 <-- 0.008385 s
currentSize : 64 <-- 0.015601 s
currentSize : 65 <-- 0.016233 s
currentSize : 66 <-- 0.956899 s
currentSize : 67 <-- 8.464380 s
currentSize : 68 <-- 766.362549 s
currentSize : 69 <-- 770.896667 s

TIMEOUT
maxsize : 69
nodes : 200957708.000000
filtered : 660082823.000000
time : 1000.000122
