Parameters: GAD=1 vflib=1 dir=1 label=1 lowerbound=1 fileNameGp=../../cp2016-max-common-connected-subgraph-paper/datasets/graphsdb/mcs70/bvg/b09m/mcs70_b09m_s90.A04 fileNameGt=../../cp2016-max-common-connected-subgraph-paper/datasets/graphsdb/mcs70/bvg/b09m/mcs70_b09m_s90.B04
Reading graphs...
90 : 405
90 : 405
Initializing...
maxdom : 15
D->valSize : 607
Solving...
Blb : 2 (clique : 33)
currentSize : 33 <-- 0.007181 s
currentSize : 35 <-- 0.739122 s
currentSize : 36 <-- 0.739299 s
currentSize : 37 <-- 2.110329 s
currentSize : 41 <-- 2.137025 s
currentSize : 45 <-- 2.138557 s
currentSize : 51 <-- 3.122189 s
currentSize : 57 <-- 3.122523 s
currentSize : 59 <-- 3.576742 s
currentSize : 62 <-- 4.161176 s

maxsize : 62
nodes : 931857.000000
filtered : 7823893.000000
time : 5.105703
