Parameters: GAD=1 vflib=1 dir=1 label=1 lowerbound=1 fileNameGp=../../cp2016-max-common-connected-subgraph-paper/datasets/graphsdb/mcs70/m2D/m2Dr2/mcs70_m2Dr2_s100.A06 fileNameGt=../../cp2016-max-common-connected-subgraph-paper/datasets/graphsdb/mcs70/m2D/m2Dr2/mcs70_m2Dr2_s100.B06
Reading graphs...
100 : 200
100 : 200
Initializing...
maxdom : 7
D->valSize : 365
Solving...
Blb : 2 (clique : 49)
currentSize : 49 <-- 0.006221 s
currentSize : 53 <-- 0.006812 s
currentSize : 54 <-- 0.007521 s
currentSize : 56 <-- 0.007914 s
currentSize : 57 <-- 0.008654 s
currentSize : 58 <-- 0.012939 s
currentSize : 61 <-- 1.088189 s
currentSize : 62 <-- 1.089062 s
currentSize : 63 <-- 1.098318 s
currentSize : 64 <-- 1.099305 s

maxsize : 64
nodes : 96032145.000000
filtered : 424465694.000000
time : 543.766296
