Parameters: GAD=1 vflib=1 dir=1 label=1 lowerbound=1 fileNameGp=../../cp2016-max-common-connected-subgraph-paper/datasets/graphsdb/mcs70/m2D/m2Dr6/mcs70_m2Dr6_s60.A09 fileNameGt=../../cp2016-max-common-connected-subgraph-paper/datasets/graphsdb/mcs70/m2D/m2Dr6/mcs70_m2Dr6_s60.B09
Reading graphs...
60 : 140
60 : 137
Initializing...
maxdom : 10
D->valSize : 298
Solving...
Blb : 3 (clique : 25)
currentSize : 25 <-- 0.002160 s
currentSize : 26 <-- 0.002421 s
currentSize : 27 <-- 0.002506 s
currentSize : 28 <-- 0.002570 s
currentSize : 30 <-- 0.004913 s
currentSize : 31 <-- 0.005041 s
currentSize : 32 <-- 0.028296 s
currentSize : 33 <-- 0.028411 s
currentSize : 34 <-- 0.173740 s
currentSize : 35 <-- 0.512743 s
currentSize : 36 <-- 0.512899 s

maxsize : 36
nodes : 438117.000000
filtered : 2400870.000000
time : 1.824121
