Parameters: GAD=1 vflib=1 dir=1 label=1 lowerbound=1 fileNameGp=../../cp2016-max-common-connected-subgraph-paper/datasets/graphsdb/mcs70/m2D/m2Dr6/mcs70_m2Dr6_s70.A09 fileNameGt=../../cp2016-max-common-connected-subgraph-paper/datasets/graphsdb/mcs70/m2D/m2Dr6/mcs70_m2Dr6_s70.B09
Reading graphs...
70 : 165
70 : 164
Initializing...
maxdom : 7
D->valSize : 327
Solving...
Blb : 2 (clique : 27)
currentSize : 27 <-- 0.004533 s
currentSize : 33 <-- 0.004822 s
currentSize : 36 <-- 0.004914 s
currentSize : 38 <-- 0.005073 s
currentSize : 41 <-- 0.025099 s
currentSize : 43 <-- 0.946486 s
currentSize : 45 <-- 0.946652 s
currentSize : 46 <-- 3.697243 s
currentSize : 47 <-- 3.697550 s
currentSize : 48 <-- 6.254303 s
currentSize : 49 <-- 6.254850 s

maxsize : 49
nodes : 1856570.000000
filtered : 11181555.000000
time : 8.659449
