Parameters: GAD=1 vflib=1 dir=1 label=1 lowerbound=1 fileNameGp=../../cp2016-max-common-connected-subgraph-paper/datasets/graphsdb/mcs70/m2D/m2Dr4/mcs70_m2Dr4_s100.A08 fileNameGt=../../cp2016-max-common-connected-subgraph-paper/datasets/graphsdb/mcs70/m2D/m2Dr4/mcs70_m2Dr4_s100.B08
Reading graphs...
100 : 220
100 : 219
Initializing...
maxdom : 7
D->valSize : 381
Solving...
Blb : 3 (clique : 39)
currentSize : 39 <-- 0.006262 s
currentSize : 40 <-- 0.125258 s
currentSize : 41 <-- 0.251794 s
currentSize : 42 <-- 0.334694 s
currentSize : 43 <-- 0.869300 s
currentSize : 44 <-- 0.929444 s
currentSize : 45 <-- 1.023850 s
currentSize : 46 <-- 3.986114 s
currentSize : 47 <-- 8.264937 s
currentSize : 48 <-- 10.659994 s
currentSize : 49 <-- 38.791622 s
currentSize : 50 <-- 41.122421 s
currentSize : 52 <-- 428.708893 s
currentSize : 53 <-- 428.709106 s

TIMEOUT
maxsize : 53
nodes : 192893281.000000
filtered : 725642172.000000
time : 1000.000061
