Parameters: GAD=1 vflib=1 dir=1 label=1 lowerbound=1 fileNameGp=../../cp2016-max-common-connected-subgraph-paper/datasets/graphsdb/mcs70/m2D/m2Dr4/mcs70_m2Dr4_s40.A08 fileNameGt=../../cp2016-max-common-connected-subgraph-paper/datasets/graphsdb/mcs70/m2D/m2Dr4/mcs70_m2Dr4_s40.B08
Reading graphs...
40 : 83
40 : 82
Initializing...
maxdom : 8
D->valSize : 208
Solving...
Blb : 5 (clique : 13)
currentSize : 13 <-- 0.001351 s
currentSize : 15 <-- 0.004547 s
currentSize : 16 <-- 0.004600 s
currentSize : 17 <-- 0.018398 s
currentSize : 18 <-- 0.053612 s
currentSize : 19 <-- 0.053679 s
currentSize : 20 <-- 0.130680 s
currentSize : 21 <-- 0.221806 s
currentSize : 22 <-- 0.223280 s
currentSize : 23 <-- 0.233325 s
currentSize : 25 <-- 0.233655 s

maxsize : 25
nodes : 72465.000000
filtered : 678161.000000
time : 0.282437
