Parameters: GAD=1 vflib=1 dir=1 label=1 lowerbound=1 fileNameGp=../../cp2016-max-common-connected-subgraph-paper/datasets/graphsdb/mcs70/m3D/m3D/mcs70_m3D_s100.A07 fileNameGt=../../cp2016-max-common-connected-subgraph-paper/datasets/graphsdb/mcs70/m3D/m3D/mcs70_m3D_s100.B07
Reading graphs...
100 : 235
100 : 235
Initializing...
maxdom : 6
D->valSize : 367
Solving...
Blb : 2 (clique : 53)
currentSize : 53 <-- 0.003912 s
currentSize : 55 <-- 0.004275 s
currentSize : 56 <-- 0.007233 s
currentSize : 57 <-- 0.109599 s
currentSize : 59 <-- 0.109752 s
currentSize : 60 <-- 0.111314 s
currentSize : 61 <-- 0.210409 s
currentSize : 62 <-- 0.211876 s
currentSize : 63 <-- 2.809730 s
currentSize : 64 <-- 2.810196 s

maxsize : 64
nodes : 51594067.000000
filtered : 231420921.000000
time : 288.744965
