Parameters: GAD=1 vflib=1 dir=1 label=1 lowerbound=1 fileNameGp=../../cp2016-max-common-connected-subgraph-paper/datasets/graphsdb/mcs70/bvg/b06/mcs70_b06_s80.A07 fileNameGt=../../cp2016-max-common-connected-subgraph-paper/datasets/graphsdb/mcs70/bvg/b06/mcs70_b06_s80.B07
Reading graphs...
80 : 240
80 : 240
Initializing...
maxdom : 11
D->valSize : 493
Solving...
Blb : 5 (clique : 24)
currentSize : 24 <-- 0.005047 s
currentSize : 26 <-- 1.925896 s
currentSize : 29 <-- 1.926389 s
currentSize : 30 <-- 1.929876 s
currentSize : 31 <-- 2.134482 s
currentSize : 32 <-- 5.436136 s
currentSize : 33 <-- 18.528744 s
currentSize : 34 <-- 28.745607 s
currentSize : 36 <-- 60.937305 s
currentSize : 37 <-- 60.966831 s
currentSize : 39 <-- 79.580017 s
currentSize : 40 <-- 79.583572 s
currentSize : 41 <-- 81.778419 s
currentSize : 42 <-- 113.234772 s
currentSize : 43 <-- 114.211082 s
currentSize : 49 <-- 114.216118 s
currentSize : 51 <-- 123.818298 s
currentSize : 52 <-- 123.818497 s
currentSize : 53 <-- 123.818733 s
currentSize : 55 <-- 123.863937 s
currentSize : 56 <-- 123.864197 s

maxsize : 56
nodes : 23308123.000000
filtered : 212649666.000000
time : 125.246902
