Parameters: GAD=1 vflib=1 dir=1 label=1 lowerbound=1 fileNameGp=../../cp2016-max-common-connected-subgraph-paper/datasets/graphsdb/mcs70/bvg/b09/mcs70_b09_s70.A06 fileNameGt=../../cp2016-max-common-connected-subgraph-paper/datasets/graphsdb/mcs70/bvg/b09/mcs70_b09_s70.B06
Reading graphs...
70 : 315
70 : 315
Initializing...
maxdom : 9
D->valSize : 362
Solving...
Blb : 3 (clique : 17)
currentSize : 17 <-- 0.004656 s
currentSize : 18 <-- 0.004929 s
currentSize : 19 <-- 0.005003 s
currentSize : 22 <-- 0.006190 s
currentSize : 24 <-- 0.006272 s
currentSize : 26 <-- 0.030232 s
currentSize : 27 <-- 0.052253 s
currentSize : 28 <-- 0.052434 s
currentSize : 32 <-- 0.078765 s
currentSize : 37 <-- 0.108858 s
currentSize : 38 <-- 0.141901 s
currentSize : 42 <-- 0.240052 s
currentSize : 45 <-- 0.240201 s
currentSize : 48 <-- 0.270265 s

maxsize : 48
nodes : 65735.000000
filtered : 652056.000000
time : 0.366978
