Parameters: GAD=1 vflib=1 dir=1 label=1 lowerbound=1 fileNameGp=../../cp2016-max-common-connected-subgraph-paper/datasets/graphsdb/mcs70/m2D/m2Dr4/mcs70_m2Dr4_s60.A00 fileNameGt=../../cp2016-max-common-connected-subgraph-paper/datasets/graphsdb/mcs70/m2D/m2Dr4/mcs70_m2Dr4_s60.B00
Reading graphs...
60 : 128
60 : 128
Initializing...
maxdom : 8
D->valSize : 273
Solving...
Blb : 3 (clique : 28)
currentSize : 28 <-- 0.002138 s
currentSize : 29 <-- 0.050249 s
currentSize : 30 <-- 2.393125 s
currentSize : 31 <-- 2.393226 s
currentSize : 32 <-- 4.221282 s
currentSize : 33 <-- 7.941239 s
currentSize : 34 <-- 8.033045 s
currentSize : 35 <-- 8.101012 s
currentSize : 36 <-- 8.102078 s

maxsize : 36
nodes : 2539350.000000
filtered : 14748655.000000
time : 11.090291
