Parameters: GAD=1 vflib=1 dir=1 label=1 lowerbound=1 fileNameGp=../../cp2016-max-common-connected-subgraph-paper/datasets/graphsdb/mcs70/m3D/m3Dr6/mcs70_m3Dr6_s100.A08 fileNameGt=../../cp2016-max-common-connected-subgraph-paper/datasets/graphsdb/mcs70/m3D/m3Dr6/mcs70_m3Dr6_s100.B08
Reading graphs...
100 : 295
100 : 294
Initializing...
maxdom : 8
D->valSize : 372
Solving...
Blb : 2 (clique : 41)
currentSize : 41 <-- 0.003691 s
currentSize : 42 <-- 0.004078 s
currentSize : 43 <-- 0.004757 s
currentSize : 44 <-- 0.006344 s
currentSize : 45 <-- 0.006971 s
currentSize : 48 <-- 0.010735 s
currentSize : 51 <-- 0.013258 s
currentSize : 52 <-- 0.055333 s
currentSize : 53 <-- 33.856071 s
currentSize : 54 <-- 33.857063 s
currentSize : 57 <-- 69.068192 s
currentSize : 59 <-- 69.068474 s
currentSize : 61 <-- 69.073692 s
currentSize : 63 <-- 69.088173 s
currentSize : 65 <-- 69.088425 s

maxsize : 65
nodes : 41374932.000000
filtered : 178047840.000000
time : 218.975571
