Parameters: GAD=1 vflib=1 dir=1 label=1 lowerbound=1 fileNameGp=../../cp2016-max-common-connected-subgraph-paper/datasets/graphsdb/mcs70/m2D/m2Dr2/mcs70_m2Dr2_s90.A04 fileNameGt=../../cp2016-max-common-connected-subgraph-paper/datasets/graphsdb/mcs70/m2D/m2Dr2/mcs70_m2Dr2_s90.B04
Reading graphs...
90 : 179
90 : 179
Initializing...
maxdom : 9
D->valSize : 568
Solving...
Blb : 2 (clique : 50)
currentSize : 50 <-- 0.006935 s
currentSize : 51 <-- 0.007402 s
currentSize : 54 <-- 0.008323 s
currentSize : 55 <-- 0.285839 s
currentSize : 59 <-- 0.290545 s
currentSize : 60 <-- 0.775255 s
currentSize : 64 <-- 3.144072 s

maxsize : 64
nodes : 7137085.000000
filtered : 39897264.000000
time : 37.766865
