Parameters: GAD=1 vflib=1 dir=1 label=1 lowerbound=1 fileNameGp=../../cp2016-max-common-connected-subgraph-paper/datasets/graphsdb/mcs70/m3D/m3Dr2/mcs70_m3Dr2_s100.A03 fileNameGt=../../cp2016-max-common-connected-subgraph-paper/datasets/graphsdb/mcs70/m3D/m3Dr2/mcs70_m3Dr2_s100.B03
Reading graphs...
100 : 255
100 : 255
Initializing...
maxdom : 7
D->valSize : 378
Solving...
Blb : 2 (clique : 42)
currentSize : 42 <-- 0.003874 s
currentSize : 43 <-- 0.004273 s
currentSize : 44 <-- 0.006729 s
currentSize : 45 <-- 0.006849 s
currentSize : 49 <-- 0.008855 s
currentSize : 50 <-- 0.009005 s
currentSize : 51 <-- 0.315113 s
currentSize : 53 <-- 0.315237 s
currentSize : 54 <-- 0.428971 s
currentSize : 57 <-- 0.429633 s
currentSize : 58 <-- 1.491226 s
currentSize : 60 <-- 5.627655 s
currentSize : 61 <-- 24.562996 s
currentSize : 63 <-- 26.252596 s
currentSize : 64 <-- 388.786285 s

maxsize : 64
nodes : 194363207.000000
filtered : 636647185.000000
time : 951.111450
