Parameters: GAD=1 vflib=1 dir=1 label=1 lowerbound=1 fileNameGp=../../cp2016-max-common-connected-subgraph-paper/datasets/graphsdb/mcs70/rand/r005/mcs70_r005_s60.A09 fileNameGt=../../cp2016-max-common-connected-subgraph-paper/datasets/graphsdb/mcs70/rand/r005/mcs70_r005_s60.B09
Reading graphs...
60 : 176
60 : 176
Initializing...
maxdom : 7
D->valSize : 259
Solving...
Blb : 2 (clique : 22)
currentSize : 22 <-- 0.001727 s
currentSize : 23 <-- 0.002718 s
currentSize : 24 <-- 0.002871 s
currentSize : 25 <-- 0.003318 s
currentSize : 26 <-- 0.007880 s
currentSize : 29 <-- 0.015719 s
currentSize : 31 <-- 0.033064 s
currentSize : 32 <-- 0.043572 s
currentSize : 33 <-- 0.092567 s
currentSize : 36 <-- 0.092645 s
currentSize : 39 <-- 0.119169 s
currentSize : 42 <-- 0.119253 s

maxsize : 42
nodes : 31794.000000
filtered : 242286.000000
time : 0.144685
