Parameters: GAD=1 vflib=1 dir=1 label=1 lowerbound=1 fileNameGp=../../cp2016-max-common-connected-subgraph-paper/datasets/graphsdb/mcs90/m3D/m3Dr4/mcs90_m3Dr4_s80.A05 fileNameGt=../../cp2016-max-common-connected-subgraph-paper/datasets/graphsdb/mcs90/m3D/m3Dr4/mcs90_m3Dr4_s80.B05
Reading graphs...
80 : 216
80 : 215
Initializing...
maxdom : 8
D->valSize : 448
Solving...
Blb : 3 (clique : 46)
currentSize : 46 <-- 0.004463 s
currentSize : 47 <-- 0.146726 s
currentSize : 48 <-- 1.315692 s
currentSize : 50 <-- 1.439507 s
currentSize : 51 <-- 1.502843 s
currentSize : 56 <-- 1.503168 s
currentSize : 58 <-- 1.853029 s
currentSize : 64 <-- 1.868107 s

maxsize : 64
nodes : 409302.000000
filtered : 2495875.000000
time : 2.018213
