Parameters: GAD=1 vflib=1 dir=1 label=1 lowerbound=1 fileNameGp=../../cp2016-max-common-connected-subgraph-paper/datasets/graphsdb/mcs90/m2D/m2Dr6/mcs90_m2Dr6_s80.A00 fileNameGt=../../cp2016-max-common-connected-subgraph-paper/datasets/graphsdb/mcs90/m2D/m2Dr6/mcs90_m2Dr6_s80.B00
Reading graphs...
80 : 190
80 : 190
Initializing...
maxdom : 10
D->valSize : 443
Solving...
Blb : 3 (clique : 51)
currentSize : 51 <-- 0.007504 s
currentSize : 53 <-- 0.007970 s
currentSize : 56 <-- 0.008389 s
currentSize : 58 <-- 0.008657 s
currentSize : 59 <-- 0.013430 s
currentSize : 60 <-- 0.053052 s
currentSize : 62 <-- 0.053359 s
currentSize : 64 <-- 0.056010 s

maxsize : 64
nodes : 33037.000000
filtered : 197650.000000
time : 0.197877
