Parameters: GAD=1 vflib=1 dir=1 label=1 lowerbound=1 fileNameGp=../../cp2016-max-common-connected-subgraph-paper/datasets/graphsdb/mcs90/m3D/m3Dr2/mcs90_m3Dr2_s80.A03 fileNameGt=../../cp2016-max-common-connected-subgraph-paper/datasets/graphsdb/mcs90/m3D/m3Dr2/mcs90_m3Dr2_s80.B03
Reading graphs...
80 : 200
80 : 199
Initializing...
maxdom : 9
D->valSize : 430
Solving...
Blb : 2 (clique : 44)
currentSize : 44 <-- 0.004157 s
currentSize : 47 <-- 0.004413 s
currentSize : 49 <-- 0.004612 s
currentSize : 50 <-- 0.005522 s
currentSize : 52 <-- 0.005791 s
currentSize : 54 <-- 0.006839 s
currentSize : 56 <-- 0.006990 s
currentSize : 57 <-- 0.059614 s
currentSize : 58 <-- 0.134794 s
currentSize : 64 <-- 0.135070 s

maxsize : 64
nodes : 24244.000000
filtered : 193074.000000
time : 0.138249
