Parameters: GAD=1 vflib=1 dir=1 label=1 lowerbound=1 fileNameGp=../../cp2016-max-common-connected-subgraph-paper/datasets/graphsdb/mcs90/m2D/m2Dr2/mcs90_m2Dr2_s90.A01 fileNameGt=../../cp2016-max-common-connected-subgraph-paper/datasets/graphsdb/mcs90/m2D/m2Dr2/mcs90_m2Dr2_s90.B01
Reading graphs...
90 : 179
90 : 179
Initializing...
maxdom : 9
D->valSize : 563
Solving...
Blb : 2 (clique : 47)
currentSize : 47 <-- 0.011570 s
currentSize : 48 <-- 13.512663 s
currentSize : 50 <-- 28.191441 s
currentSize : 51 <-- 28.191525 s
currentSize : 52 <-- 28.196075 s
currentSize : 53 <-- 41.758446 s
currentSize : 55 <-- 55.506626 s
currentSize : 56 <-- 69.775070 s
currentSize : 57 <-- 84.203491 s
currentSize : 59 <-- 84.203583 s
currentSize : 60 <-- 85.659088 s
currentSize : 62 <-- 85.671120 s
currentSize : 68 <-- 85.685638 s
currentSize : 74 <-- 86.298386 s
currentSize : 77 <-- 86.318474 s
currentSize : 81 <-- 86.333916 s

maxsize : 81
nodes : 16712150.000000
filtered : 91230123.000000
time : 86.335480
