Parameters: GAD=1 vflib=1 dir=1 label=1 lowerbound=1 fileNameGp=../../cp2016-max-common-connected-subgraph-paper/datasets/graphsdb/mcs90/m2D/m2Dr2/mcs90_m2Dr2_s80.A05 fileNameGt=../../cp2016-max-common-connected-subgraph-paper/datasets/graphsdb/mcs90/m2D/m2Dr2/mcs90_m2Dr2_s80.B05
Reading graphs...
80 : 158
80 : 158
Initializing...
maxdom : 10
D->valSize : 448
Solving...
Blb : 2 (clique : 44)
currentSize : 44 <-- 0.004647 s
currentSize : 46 <-- 0.081131 s
currentSize : 47 <-- 0.081445 s
currentSize : 48 <-- 0.400275 s
currentSize : 49 <-- 0.400446 s
currentSize : 51 <-- 0.798326 s
currentSize : 54 <-- 0.799974 s
currentSize : 55 <-- 0.810226 s
currentSize : 56 <-- 1.416396 s
currentSize : 57 <-- 1.420602 s
currentSize : 58 <-- 4.940307 s
currentSize : 59 <-- 4.940567 s
currentSize : 62 <-- 4.940705 s
currentSize : 64 <-- 4.940843 s

maxsize : 64
nodes : 1124087.000000
filtered : 5457133.000000
time : 5.320563
