Parameters: GAD=1 vflib=1 dir=1 label=1 lowerbound=1 fileNameGp=../../cp2016-max-common-connected-subgraph-paper/datasets/graphsdb/mcs90/m2D/m2Dr4/mcs90_m2Dr4_s80.A07 fileNameGt=../../cp2016-max-common-connected-subgraph-paper/datasets/graphsdb/mcs90/m2D/m2Dr4/mcs90_m2Dr4_s80.B07
Reading graphs...
80 : 174
80 : 174
Initializing...
maxdom : 8
D->valSize : 438
Solving...
Blb : 2 (clique : 43)
currentSize : 43 <-- 0.007216 s
currentSize : 45 <-- 0.007675 s
currentSize : 48 <-- 0.007822 s
currentSize : 51 <-- 0.015574 s
currentSize : 54 <-- 0.015779 s
currentSize : 56 <-- 0.016088 s
currentSize : 59 <-- 0.027028 s
currentSize : 61 <-- 0.038769 s
currentSize : 64 <-- 0.039237 s

maxsize : 64
nodes : 55543.000000
filtered : 375712.000000
time : 0.358010
