Parameters: GAD=1 vflib=1 dir=1 label=1 lowerbound=1 fileNameGp=../../cp2016-max-common-connected-subgraph-paper/datasets/graphsdb/mcs90/m2D/m2Dr2/mcs90_m2Dr2_s100.A05 fileNameGt=../../cp2016-max-common-connected-subgraph-paper/datasets/graphsdb/mcs90/m2D/m2Dr2/mcs90_m2Dr2_s100.B05
Reading graphs...
100 : 200
100 : 200
Initializing...
maxdom : 6
D->valSize : 381
Solving...
Blb : 2 (clique : 58)
currentSize : 58 <-- 0.006906 s
currentSize : 61 <-- 0.007619 s
currentSize : 65 <-- 0.008072 s
currentSize : 69 <-- 0.008626 s
currentSize : 70 <-- 1.588037 s
currentSize : 74 <-- 1.888821 s
currentSize : 76 <-- 2.261139 s
currentSize : 81 <-- 2.269364 s

maxsize : 81
nodes : 485062.000000
filtered : 2206040.000000
time : 2.703519
