Parameters: GAD=1 vflib=1 dir=1 label=1 lowerbound=1 fileNameGp=../../cp2016-max-common-connected-subgraph-paper/datasets/graphsdb/mcs90/m2D/m2D/mcs90_m2D_s100.A04 fileNameGt=../../cp2016-max-common-connected-subgraph-paper/datasets/graphsdb/mcs90/m2D/m2D/mcs90_m2D_s100.B04
Reading graphs...
100 : 180
100 : 180
Initializing...
maxdom : 8
D->valSize : 408
Solving...
Blb : 2 (clique : 64)
currentSize : 64 <-- 0.007717 s
currentSize : 67 <-- 0.008375 s
currentSize : 68 <-- 0.009376 s
currentSize : 71 <-- 0.009763 s
currentSize : 72 <-- 0.016735 s
currentSize : 73 <-- 0.017827 s
currentSize : 76 <-- 0.018226 s
currentSize : 77 <-- 0.041973 s
currentSize : 78 <-- 0.043208 s
currentSize : 81 <-- 0.043632 s

maxsize : 81
nodes : 7588.000000
filtered : 26581.000000
time : 0.073559
