Parameters: GAD=1 vflib=1 dir=1 label=1 lowerbound=1 fileNameGp=../../cp2016-max-common-connected-subgraph-paper/datasets/graphsdb/mcs90/m2D/m2Dr2/mcs90_m2Dr2_s100.A08 fileNameGt=../../cp2016-max-common-connected-subgraph-paper/datasets/graphsdb/mcs90/m2D/m2Dr2/mcs90_m2Dr2_s100.B08
Reading graphs...
100 : 200
100 : 200
Initializing...
maxdom : 12
D->valSize : 409
Solving...
Blb : 2 (clique : 71)
currentSize : 71 <-- 0.007480 s
currentSize : 73 <-- 0.020237 s
currentSize : 76 <-- 0.020791 s
currentSize : 77 <-- 0.046365 s
currentSize : 80 <-- 0.073891 s
currentSize : 81 <-- 0.076718 s

maxsize : 81
nodes : 971546.000000
filtered : 3902633.000000
time : 4.981263
