Parameters: GAD=1 vflib=1 dir=1 label=1 lowerbound=1 fileNameGp=../../cp2016-max-common-connected-subgraph-paper/datasets/graphsdb/mcs90/m3D/m3D/mcs90_m3D_s80.A04 fileNameGt=../../cp2016-max-common-connected-subgraph-paper/datasets/graphsdb/mcs90/m3D/m3D/mcs90_m3D_s80.B04
Reading graphs...
80 : 184
80 : 184
Initializing...
maxdom : 9
D->valSize : 491
Solving...
Blb : 2 (clique : 37)
currentSize : 37 <-- 0.005084 s
currentSize : 38 <-- 0.065161 s
currentSize : 39 <-- 0.073858 s
currentSize : 40 <-- 3.159582 s
currentSize : 41 <-- 3.186024 s
currentSize : 42 <-- 9.838401 s
currentSize : 49 <-- 13.858635 s
currentSize : 53 <-- 14.521621 s
currentSize : 58 <-- 14.772021 s
currentSize : 64 <-- 14.939575 s

maxsize : 64
nodes : 2539480.000000
filtered : 27251319.000000
time : 15.119969
