Parameters: GAD=1 vflib=1 dir=1 label=1 lowerbound=1 fileNameGp=../../cp2016-max-common-connected-subgraph-paper/datasets/graphsdb/mcs90/m2D/m2Dr2/mcs90_m2Dr2_s100.A00 fileNameGt=../../cp2016-max-common-connected-subgraph-paper/datasets/graphsdb/mcs90/m2D/m2Dr2/mcs90_m2Dr2_s100.B00
Reading graphs...
100 : 200
100 : 200
Initializing...
maxdom : 8
D->valSize : 385
Solving...
Blb : 2 (clique : 63)
currentSize : 63 <-- 0.004154 s
currentSize : 68 <-- 0.004720 s
currentSize : 72 <-- 0.005105 s
currentSize : 76 <-- 0.102709 s
currentSize : 77 <-- 0.104158 s
currentSize : 78 <-- 0.223571 s
currentSize : 79 <-- 0.225139 s
currentSize : 81 <-- 0.650672 s

maxsize : 81
nodes : 152250.000000
filtered : 919952.000000
time : 0.904210
