Parameters: GAD=1 vflib=1 dir=1 label=1 lowerbound=1 fileNameGp=../../cp2016-max-common-connected-subgraph-paper/datasets/graphsdb/mcs90/m3D/m3Dr4/mcs90_m3Dr4_s80.A06 fileNameGt=../../cp2016-max-common-connected-subgraph-paper/datasets/graphsdb/mcs90/m3D/m3Dr4/mcs90_m3Dr4_s80.B06
Reading graphs...
80 : 216
80 : 216
Initializing...
maxdom : 9
D->valSize : 452
Solving...
Blb : 2 (clique : 44)
currentSize : 44 <-- 0.004418 s
currentSize : 47 <-- 0.246592 s
currentSize : 48 <-- 0.246818 s
currentSize : 49 <-- 1.042247 s
currentSize : 52 <-- 1.044429 s
currentSize : 53 <-- 1.044674 s
currentSize : 57 <-- 5.638707 s
currentSize : 58 <-- 5.639138 s
currentSize : 63 <-- 5.650580 s
currentSize : 64 <-- 5.651107 s

maxsize : 64
nodes : 1556649.000000
filtered : 6858783.000000
time : 6.648511
