Parameters: GAD=1 vflib=1 dir=1 label=1 lowerbound=1 fileNameGp=../../cp2016-max-common-connected-subgraph-paper/datasets/graphsdb/mcs90/m2D/m2D/mcs90_m2D_s100.A08 fileNameGt=../../cp2016-max-common-connected-subgraph-paper/datasets/graphsdb/mcs90/m2D/m2D/mcs90_m2D_s100.B08
Reading graphs...
100 : 180
100 : 180
Initializing...
maxdom : 7
D->valSize : 371
Solving...
Blb : 2 (clique : 56)
currentSize : 56 <-- 0.004026 s
currentSize : 60 <-- 0.004547 s
currentSize : 62 <-- 0.005059 s
currentSize : 65 <-- 0.007249 s
currentSize : 66 <-- 0.009455 s
currentSize : 70 <-- 0.088379 s
currentSize : 72 <-- 0.263521 s
currentSize : 76 <-- 0.265441 s
currentSize : 77 <-- 2.744152 s
currentSize : 78 <-- 3.628541 s
currentSize : 80 <-- 3.785660 s
currentSize : 81 <-- 5.141297 s

maxsize : 81
nodes : 1083269.000000
filtered : 3537781.000000
time : 5.514546
