Parameters: GAD=1 vflib=1 dir=1 label=1 lowerbound=1 fileNameGp=../../cp2016-max-common-connected-subgraph-paper/datasets/graphsdb/mcs90/m4D/m4Dr6/mcs90_m4Dr6_s100.A03 fileNameGt=../../cp2016-max-common-connected-subgraph-paper/datasets/graphsdb/mcs90/m4D/m4Dr6/mcs90_m4Dr6_s100.B03
Reading graphs...
100 : 283
100 : 279
Initializing...
maxdom : 9
D->valSize : 455
Solving...
Blb : 3 (clique : 68)
currentSize : 68 <-- 0.005194 s
currentSize : 70 <-- 0.015473 s
currentSize : 73 <-- 0.058633 s
currentSize : 74 <-- 0.061711 s
currentSize : 75 <-- 0.064448 s
currentSize : 79 <-- 0.450723 s
currentSize : 80 <-- 0.458281 s
currentSize : 81 <-- 0.464151 s

maxsize : 81
nodes : 283751.000000
filtered : 1111403.000000
time : 1.515865
