Parameters: GAD=1 vflib=1 dir=1 label=1 lowerbound=1 fileNameGp=../../cp2016-max-common-connected-subgraph-paper/datasets/graphsdb/mcs90/m2D/m2Dr2/mcs90_m2Dr2_s100.A02 fileNameGt=../../cp2016-max-common-connected-subgraph-paper/datasets/graphsdb/mcs90/m2D/m2Dr2/mcs90_m2Dr2_s100.B02
Reading graphs...
100 : 200
100 : 200
Initializing...
maxdom : 8
D->valSize : 412
Solving...
Blb : 2 (clique : 60)
currentSize : 60 <-- 0.004516 s
currentSize : 63 <-- 0.004904 s
currentSize : 67 <-- 0.005602 s
currentSize : 70 <-- 0.005751 s
currentSize : 73 <-- 0.007174 s
currentSize : 75 <-- 0.014408 s
currentSize : 76 <-- 0.112434 s
currentSize : 79 <-- 0.113028 s
currentSize : 81 <-- 0.115895 s

maxsize : 81
nodes : 49550.000000
filtered : 238376.000000
time : 0.285804
