Parameters: GAD=1 vflib=1 dir=1 label=1 lowerbound=1 fileNameGp=../../cp2016-max-common-connected-subgraph-paper/datasets/graphsdb/mcs90/m2D/m2D/mcs90_m2D_s80.A08 fileNameGt=../../cp2016-max-common-connected-subgraph-paper/datasets/graphsdb/mcs90/m2D/m2D/mcs90_m2D_s80.B08
Reading graphs...
80 : 142
80 : 142
Initializing...
maxdom : 8
D->valSize : 435
Solving...
Blb : 2 (clique : 53)
currentSize : 53 <-- 0.004554 s
currentSize : 55 <-- 0.004874 s
currentSize : 57 <-- 0.005432 s
currentSize : 58 <-- 0.183796 s
currentSize : 59 <-- 0.184235 s
currentSize : 60 <-- 0.184541 s
currentSize : 61 <-- 0.185219 s
currentSize : 62 <-- 0.186630 s
currentSize : 63 <-- 0.187013 s
currentSize : 64 <-- 0.187920 s

maxsize : 64
nodes : 136219.000000
filtered : 662860.000000
time : 0.667803
