Parameters: GAD=1 vflib=1 dir=1 label=1 lowerbound=1 fileNameGp=../../cp2016-max-common-connected-subgraph-paper/datasets/graphsdb/mcs90/bvg/b03/mcs90_b03_s90.A02 fileNameGt=../../cp2016-max-common-connected-subgraph-paper/datasets/graphsdb/mcs90/bvg/b03/mcs90_b03_s90.B02
Reading graphs...
90 : 135
90 : 135
Initializing...
maxdom : 9
D->valSize : 570
Solving...
Blb : 2 (clique : 60)
currentSize : 60 <-- 0.007071 s
currentSize : 61 <-- 0.007548 s
currentSize : 63 <-- 0.007578 s
currentSize : 64 <-- 0.007694 s
currentSize : 65 <-- 0.009181 s
currentSize : 68 <-- 0.009216 s
currentSize : 72 <-- 0.009882 s
currentSize : 75 <-- 0.010860 s
currentSize : 76 <-- 0.011532 s
currentSize : 79 <-- 0.015232 s
currentSize : 80 <-- 0.015947 s

maxsize : 80
nodes : 3419.000000
filtered : 14505.000000
time : 0.025249
