Parameters: GAD=1 vflib=1 dir=1 label=1 lowerbound=1 fileNameGp=../../cp2016-max-common-connected-subgraph-paper/datasets/graphsdb/mcs90/bvg/b03m/mcs90_b03m_s100.A03 fileNameGt=../../cp2016-max-common-connected-subgraph-paper/datasets/graphsdb/mcs90/bvg/b03m/mcs90_b03m_s100.B03
Reading graphs...
100 : 150
100 : 150
Initializing...
maxdom : 6
D->valSize : 385
Solving...
Blb : 2 (clique : 74)
currentSize : 74 <-- 0.004337 s
currentSize : 77 <-- 0.004924 s
currentSize : 79 <-- 0.005447 s
currentSize : 81 <-- 0.006350 s
currentSize : 84 <-- 0.007296 s
currentSize : 86 <-- 0.009670 s
currentSize : 87 <-- 0.036966 s
currentSize : 88 <-- 0.038292 s
currentSize : 89 <-- 0.090999 s
currentSize : 90 <-- 0.093380 s

maxsize : 90
nodes : 23236.000000
filtered : 78508.000000
time : 0.119836
