Parameters: GAD=1 vflib=1 dir=1 label=1 lowerbound=1 fileNameGp=../../cp2016-max-common-connected-subgraph-paper/datasets/graphsdb/mcs90/m2D/m2Dr2/mcs90_m2Dr2_s70.A05 fileNameGt=../../cp2016-max-common-connected-subgraph-paper/datasets/graphsdb/mcs90/m2D/m2Dr2/mcs90_m2Dr2_s70.B05
Reading graphs...
70 : 137
70 : 137
Initializing...
maxdom : 9
D->valSize : 358
Solving...
Blb : 2 (clique : 44)
currentSize : 44 <-- 0.003199 s
currentSize : 46 <-- 0.009414 s
currentSize : 47 <-- 0.166926 s
currentSize : 52 <-- 0.167142 s
currentSize : 55 <-- 0.185533 s
currentSize : 58 <-- 0.185739 s
currentSize : 59 <-- 0.192396 s
currentSize : 64 <-- 0.192530 s

maxsize : 64
nodes : 42422.000000
filtered : 214888.000000
time : 0.192921
