Parameters: GAD=1 vflib=1 dir=1 label=1 lowerbound=1 fileNameGp=../../cp2016-max-common-connected-subgraph-paper/datasets/graphsdb/mcs90/m4D/m4D/mcs90_m4D_s100.A06 fileNameGt=../../cp2016-max-common-connected-subgraph-paper/datasets/graphsdb/mcs90/m4D/m4D/mcs90_m4D_s100.B06
Reading graphs...
100 : 223
100 : 223
Initializing...
maxdom : 8
D->valSize : 372
Solving...
Blb : 2 (clique : 71)
currentSize : 71 <-- 0.004230 s
currentSize : 72 <-- 0.005034 s
currentSize : 73 <-- 0.036271 s
currentSize : 75 <-- 0.036434 s
currentSize : 76 <-- 0.036978 s
currentSize : 78 <-- 0.197937 s
currentSize : 80 <-- 0.198160 s
currentSize : 81 <-- 0.198605 s

maxsize : 81
nodes : 558658.000000
filtered : 1934368.000000
time : 2.692080
