Parameters: GAD=1 vflib=1 dir=1 label=1 lowerbound=1 fileNameGp=../../cp2016-max-common-connected-subgraph-paper/datasets/graphsdb/mcs90/bvg/b03/mcs90_b03_s80.A03 fileNameGt=../../cp2016-max-common-connected-subgraph-paper/datasets/graphsdb/mcs90/bvg/b03/mcs90_b03_s80.B03
Reading graphs...
80 : 120
80 : 120
Initializing...
maxdom : 10
D->valSize : 495
Solving...
Blb : 2 (clique : 53)
currentSize : 53 <-- 0.005478 s
currentSize : 58 <-- 0.005973 s
currentSize : 62 <-- 0.006182 s
currentSize : 63 <-- 0.009833 s
currentSize : 64 <-- 0.022649 s
currentSize : 65 <-- 0.067440 s
currentSize : 66 <-- 0.114359 s
currentSize : 70 <-- 0.201441 s
currentSize : 72 <-- 0.207278 s

maxsize : 72
nodes : 37366.000000
filtered : 234074.000000
time : 0.213124
