Parameters: GAD=1 vflib=1 dir=1 label=1 lowerbound=1 fileNameGp=../../cp2016-max-common-connected-subgraph-paper/datasets/graphsdb/mcs90/bvg/b03m/mcs90_b03m_s70.A04 fileNameGt=../../cp2016-max-common-connected-subgraph-paper/datasets/graphsdb/mcs90/bvg/b03m/mcs90_b03m_s70.B04
Reading graphs...
70 : 105
70 : 105
Initializing...
maxdom : 10
D->valSize : 402
Solving...
Blb : 2 (clique : 53)
currentSize : 53 <-- 0.003843 s
currentSize : 54 <-- 0.004247 s
currentSize : 55 <-- 0.005795 s
currentSize : 56 <-- 0.007391 s
currentSize : 57 <-- 0.008333 s
currentSize : 58 <-- 0.009418 s
currentSize : 59 <-- 0.011062 s
currentSize : 60 <-- 0.011430 s
currentSize : 61 <-- 0.012113 s
currentSize : 62 <-- 0.012630 s

maxsize : 62
nodes : 2137.000000
filtered : 10392.000000
time : 0.012889
