Parameters: GAD=1 vflib=1 dir=1 label=1 lowerbound=1 fileNameGp=../../cp2016-max-common-connected-subgraph-paper/datasets/graphsdb/mcs90/m2D/m2Dr2/mcs90_m2Dr2_s80.A01 fileNameGt=../../cp2016-max-common-connected-subgraph-paper/datasets/graphsdb/mcs90/m2D/m2Dr2/mcs90_m2Dr2_s80.B01
Reading graphs...
80 : 158
80 : 157
Initializing...
maxdom : 11
D->valSize : 510
Solving...
Blb : 2 (clique : 52)
currentSize : 52 <-- 0.005432 s
currentSize : 53 <-- 0.005834 s
currentSize : 54 <-- 0.006042 s
currentSize : 55 <-- 0.006198 s
currentSize : 57 <-- 0.006703 s
currentSize : 58 <-- 0.007003 s
currentSize : 60 <-- 0.007108 s
currentSize : 64 <-- 0.009339 s

maxsize : 64
nodes : 74440.000000
filtered : 542265.000000
time : 0.388272
