Parameters: GAD=1 vflib=1 dir=1 label=1 lowerbound=1 fileNameGp=../../cp2016-max-common-connected-subgraph-paper/datasets/graphsdb/mcs90/m3D/m3Dr6/mcs90_m3Dr6_s80.A01 fileNameGt=../../cp2016-max-common-connected-subgraph-paper/datasets/graphsdb/mcs90/m3D/m3Dr6/mcs90_m3Dr6_s80.B01
Reading graphs...
80 : 232
80 : 232
Initializing...
maxdom : 8
D->valSize : 446
Solving...
Blb : 2 (clique : 44)
currentSize : 44 <-- 0.004423 s
currentSize : 45 <-- 0.004993 s
currentSize : 49 <-- 0.005194 s
currentSize : 52 <-- 0.006489 s
currentSize : 53 <-- 0.008665 s
currentSize : 54 <-- 0.009025 s
currentSize : 55 <-- 0.009382 s
currentSize : 56 <-- 0.198520 s
currentSize : 57 <-- 0.199051 s
currentSize : 59 <-- 0.199594 s
currentSize : 60 <-- 0.200226 s
currentSize : 61 <-- 0.201719 s
currentSize : 62 <-- 0.202394 s
currentSize : 64 <-- 0.202573 s

maxsize : 64
nodes : 81170.000000
filtered : 465899.000000
time : 0.394184
