Parameters: GAD=1 vflib=1 dir=1 label=1 lowerbound=1 fileNameGp=../../cp2016-max-common-connected-subgraph-paper/datasets/graphsdb/mcs90/m3D/m3D/mcs90_m3D_s80.A08 fileNameGt=../../cp2016-max-common-connected-subgraph-paper/datasets/graphsdb/mcs90/m3D/m3D/mcs90_m3D_s80.B08
Reading graphs...
80 : 184
80 : 184
Initializing...
maxdom : 11
D->valSize : 535
Solving...
Blb : 3 (clique : 47)
currentSize : 47 <-- 0.005907 s
currentSize : 48 <-- 0.368075 s
currentSize : 52 <-- 0.702622 s
currentSize : 56 <-- 1.679183 s
currentSize : 58 <-- 1.679347 s
currentSize : 59 <-- 2.329736 s
currentSize : 60 <-- 2.334468 s
currentSize : 61 <-- 3.176037 s
currentSize : 63 <-- 3.176216 s
currentSize : 64 <-- 3.178603 s

maxsize : 64
nodes : 650535.000000
filtered : 5260146.000000
time : 3.701423
