Parameters: GAD=1 vflib=1 dir=1 label=1 lowerbound=1 fileNameGp=../../cp2016-max-common-connected-subgraph-paper/datasets/graphsdb/mcs90/m2D/m2Dr4/mcs90_m2Dr4_s90.A03 fileNameGt=../../cp2016-max-common-connected-subgraph-paper/datasets/graphsdb/mcs90/m2D/m2Dr4/mcs90_m2Dr4_s90.B03
Reading graphs...
90 : 197
90 : 195
Initializing...
maxdom : 11
D->valSize : 587
Solving...
Blb : 2 (clique : 62)
currentSize : 62 <-- 0.012287 s
currentSize : 66 <-- 0.012984 s
currentSize : 70 <-- 0.013393 s
currentSize : 71 <-- 0.017411 s
currentSize : 75 <-- 0.017767 s
currentSize : 76 <-- 0.028893 s
currentSize : 77 <-- 0.032867 s
currentSize : 81 <-- 0.033262 s

maxsize : 81
nodes : 11292.000000
filtered : 98379.000000
time : 0.091002
