Parameters: GAD=1 vflib=1 dir=1 label=1 lowerbound=1 fileNameGp=../../cp2016-max-common-connected-subgraph-paper/datasets/graphsdb/mcs90/m2D/m2Dr2/mcs90_m2Dr2_s100.A07 fileNameGt=../../cp2016-max-common-connected-subgraph-paper/datasets/graphsdb/mcs90/m2D/m2Dr2/mcs90_m2Dr2_s100.B07
Reading graphs...
100 : 200
100 : 198
Initializing...
maxdom : 7
D->valSize : 383
Solving...
Blb : 2 (clique : 56)
currentSize : 56 <-- 0.004173 s
currentSize : 57 <-- 0.005310 s
currentSize : 59 <-- 0.009188 s
currentSize : 60 <-- 0.009506 s
currentSize : 61 <-- 0.011270 s
currentSize : 62 <-- 0.011704 s
currentSize : 63 <-- 0.012061 s
currentSize : 65 <-- 0.064200 s
currentSize : 66 <-- 0.064482 s
currentSize : 67 <-- 0.064854 s
currentSize : 68 <-- 0.414676 s
currentSize : 69 <-- 0.415093 s
currentSize : 70 <-- 0.415596 s
currentSize : 72 <-- 0.434768 s
currentSize : 73 <-- 0.435235 s
currentSize : 75 <-- 26.248446 s
currentSize : 76 <-- 26.248919 s
currentSize : 77 <-- 26.249968 s
currentSize : 78 <-- 26.255341 s
currentSize : 79 <-- 26.255808 s
currentSize : 80 <-- 26.256756 s
currentSize : 81 <-- 26.257269 s

maxsize : 81
nodes : 5702012.000000
filtered : 20489019.000000
time : 29.021255
