Parameters: GAD=1 vflib=1 dir=1 label=1 lowerbound=1 fileNameGp=../../cp2016-max-common-connected-subgraph-paper/datasets/graphsdb/mcs90/bvg/b03/mcs90_b03_s80.A04 fileNameGt=../../cp2016-max-common-connected-subgraph-paper/datasets/graphsdb/mcs90/bvg/b03/mcs90_b03_s80.B04
Reading graphs...
80 : 120
80 : 120
Initializing...
maxdom : 8
D->valSize : 445
Solving...
Blb : 3 (clique : 52)
currentSize : 52 <-- 0.007756 s
currentSize : 53 <-- 0.009387 s
currentSize : 56 <-- 0.012012 s
currentSize : 57 <-- 0.014615 s
currentSize : 60 <-- 0.016559 s
currentSize : 63 <-- 0.023479 s
currentSize : 67 <-- 0.041855 s
currentSize : 68 <-- 0.042830 s
currentSize : 69 <-- 0.050391 s
currentSize : 72 <-- 0.062754 s

maxsize : 72
nodes : 7576.000000
filtered : 29023.000000
time : 0.063663
