Parameters: GAD=1 vflib=1 dir=1 label=1 lowerbound=1 fileNameGp=../../cp2016-max-common-connected-subgraph-paper/datasets/graphsdb/mcs90/m2D/m2Dr2/mcs90_m2Dr2_s80.A03 fileNameGt=../../cp2016-max-common-connected-subgraph-paper/datasets/graphsdb/mcs90/m2D/m2Dr2/mcs90_m2Dr2_s80.B03
Reading graphs...
80 : 158
80 : 157
Initializing...
maxdom : 10
D->valSize : 460
Solving...
Blb : 2 (clique : 47)
currentSize : 47 <-- 0.004713 s
currentSize : 49 <-- 0.005782 s
currentSize : 52 <-- 0.005860 s
currentSize : 53 <-- 25.045881 s
currentSize : 54 <-- 25.046534 s
currentSize : 55 <-- 29.058151 s
currentSize : 56 <-- 29.058384 s
currentSize : 58 <-- 29.058704 s
currentSize : 59 <-- 29.058914 s
currentSize : 60 <-- 38.176720 s
currentSize : 63 <-- 38.177021 s
currentSize : 64 <-- 38.177273 s

maxsize : 64
nodes : 9266969.000000
filtered : 42152982.000000
time : 42.636124
