Parameters: GAD=1 vflib=1 dir=1 label=1 lowerbound=1 fileNameGp=../../cp2016-max-common-connected-subgraph-paper/datasets/graphsdb/mcs90/m4D/m4Dr4/mcs90_m4Dr4_s100.A05 fileNameGt=../../cp2016-max-common-connected-subgraph-paper/datasets/graphsdb/mcs90/m4D/m4Dr4/mcs90_m4Dr4_s100.B05
Reading graphs...
100 : 263
100 : 262
Initializing...
maxdom : 8
D->valSize : 368
Solving...
Blb : 3 (clique : 71)
currentSize : 71 <-- 0.003909 s
currentSize : 72 <-- 0.073809 s
currentSize : 74 <-- 3.014891 s
currentSize : 75 <-- 3.015662 s
currentSize : 76 <-- 3.016845 s
currentSize : 79 <-- 3.477405 s
currentSize : 80 <-- 3.478360 s
currentSize : 81 <-- 3.479599 s

maxsize : 81
nodes : 955180.000000
filtered : 3128546.000000
time : 4.480972
