Parameters: GAD=1 vflib=1 dir=1 label=1 lowerbound=1 fileNameGp=../../cp2016-max-common-connected-subgraph-paper/datasets/graphsdb/mcs90/bvg/b03/mcs90_b03_s90.A04 fileNameGt=../../cp2016-max-common-connected-subgraph-paper/datasets/graphsdb/mcs90/bvg/b03/mcs90_b03_s90.B04
Reading graphs...
90 : 135
90 : 135
Initializing...
maxdom : 10
D->valSize : 568
Solving...
Blb : 2 (clique : 60)
currentSize : 60 <-- 0.007051 s
currentSize : 62 <-- 0.007461 s
currentSize : 63 <-- 0.007569 s
currentSize : 66 <-- 0.008025 s
currentSize : 67 <-- 0.008147 s
currentSize : 68 <-- 0.008409 s
currentSize : 69 <-- 0.008532 s
currentSize : 71 <-- 0.008689 s
currentSize : 75 <-- 6.926702 s
currentSize : 76 <-- 7.248364 s
currentSize : 79 <-- 7.249417 s
currentSize : 80 <-- 7.249723 s

maxsize : 80
nodes : 1302099.000000
filtered : 7872946.000000
time : 7.260835
