Parameters: GAD=1 vflib=1 dir=1 label=1 lowerbound=1 fileNameGp=../../cp2016-max-common-connected-subgraph-paper/datasets/graphsdb/mcs90/rand/r005/mcs90_r005_s90.A08 fileNameGt=../../cp2016-max-common-connected-subgraph-paper/datasets/graphsdb/mcs90/rand/r005/mcs90_r005_s90.B08
Reading graphs...
90 : 399
90 : 399
Initializing...
maxdom : 10
D->valSize : 577
Solving...
Blb : 2 (clique : 36)
currentSize : 36 <-- 0.006563 s
currentSize : 38 <-- 0.020066 s
currentSize : 39 <-- 0.020163 s
currentSize : 42 <-- 0.020706 s
currentSize : 43 <-- 0.020884 s
currentSize : 48 <-- 0.053119 s
currentSize : 53 <-- 0.062972 s
currentSize : 54 <-- 0.116197 s
currentSize : 59 <-- 0.116422 s
currentSize : 61 <-- 0.117574 s
currentSize : 69 <-- 0.117850 s
currentSize : 81 <-- 0.124190 s

maxsize : 81
nodes : 20209.000000
filtered : 170149.000000
time : 0.124923
