Parameters: GAD=1 vflib=1 dir=1 label=1 lowerbound=1 fileNameGp=../../cp2016-max-common-connected-subgraph-paper/datasets/graphsdb/mcs90/m2D/m2D/mcs90_m2D_s80.A03 fileNameGt=../../cp2016-max-common-connected-subgraph-paper/datasets/graphsdb/mcs90/m2D/m2D/mcs90_m2D_s80.B03
Reading graphs...
80 : 142
80 : 142
Initializing...
maxdom : 9
D->valSize : 451
Solving...
Blb : 2 (clique : 47)
currentSize : 47 <-- 0.004650 s
currentSize : 48 <-- 0.005038 s
currentSize : 52 <-- 0.005144 s
currentSize : 53 <-- 0.005545 s
currentSize : 54 <-- 0.005915 s
currentSize : 56 <-- 0.006120 s
currentSize : 59 <-- 0.006367 s
currentSize : 63 <-- 4.297652 s
currentSize : 64 <-- 4.298313 s

maxsize : 64
nodes : 997755.000000
filtered : 5830687.000000
time : 5.049212
