Parameters: GAD=1 vflib=1 dir=1 label=1 lowerbound=1 fileNameGp=../../cp2016-max-common-connected-subgraph-paper/datasets/graphsdb/mcs90/m2D/m2D/mcs90_m2D_s80.A07 fileNameGt=../../cp2016-max-common-connected-subgraph-paper/datasets/graphsdb/mcs90/m2D/m2D/mcs90_m2D_s80.B07
Reading graphs...
80 : 142
80 : 142
Initializing...
maxdom : 9
D->valSize : 432
Solving...
Blb : 3 (clique : 45)
currentSize : 45 <-- 0.004380 s
currentSize : 47 <-- 0.005679 s
currentSize : 48 <-- 0.006524 s
currentSize : 50 <-- 0.007048 s
currentSize : 53 <-- 0.011257 s
currentSize : 54 <-- 0.011523 s
currentSize : 56 <-- 0.030605 s
currentSize : 60 <-- 0.078064 s
currentSize : 62 <-- 0.251619 s
currentSize : 64 <-- 0.251704 s

maxsize : 64
nodes : 216056.000000
filtered : 1109849.000000
time : 1.118928
