Parameters: GAD=1 vflib=1 dir=1 label=1 lowerbound=1 fileNameGp=../../cp2016-max-common-connected-subgraph-paper/datasets/graphsdb/mcs90/m2D/m2D/mcs90_m2D_s100.A00 fileNameGt=../../cp2016-max-common-connected-subgraph-paper/datasets/graphsdb/mcs90/m2D/m2D/mcs90_m2D_s100.B00
Reading graphs...
100 : 180
100 : 180
Initializing...
maxdom : 8
D->valSize : 390
Solving...
Blb : 2 (clique : 63)
currentSize : 63 <-- 0.007097 s
currentSize : 68 <-- 0.007932 s
currentSize : 69 <-- 0.008711 s
currentSize : 71 <-- 0.009151 s
currentSize : 72 <-- 0.009968 s
currentSize : 74 <-- 0.024724 s
currentSize : 75 <-- 0.025786 s
currentSize : 76 <-- 1.197589 s
currentSize : 78 <-- 1.200559 s
currentSize : 79 <-- 1.201337 s
currentSize : 80 <-- 1.526509 s
currentSize : 81 <-- 1.527474 s

maxsize : 81
nodes : 663502.000000
filtered : 2762102.000000
time : 3.492424
