Parameters: GAD=1 vflib=1 dir=1 label=1 lowerbound=1 fileNameGp=../../cp2016-max-common-connected-subgraph-paper/datasets/graphsdb/mcs90/m2D/m2Dr4/mcs90_m2Dr4_s100.A02 fileNameGt=../../cp2016-max-common-connected-subgraph-paper/datasets/graphsdb/mcs90/m2D/m2Dr4/mcs90_m2Dr4_s100.B02
Reading graphs...
100 : 220
100 : 220
Initializing...
maxdom : 8
D->valSize : 404
Solving...
Blb : 2 (clique : 64)
currentSize : 64 <-- 0.007425 s
currentSize : 66 <-- 0.008071 s
currentSize : 67 <-- 0.008554 s
currentSize : 68 <-- 0.012043 s
currentSize : 70 <-- 0.012209 s
currentSize : 71 <-- 0.012747 s
currentSize : 72 <-- 0.018732 s
currentSize : 74 <-- 0.018942 s
currentSize : 79 <-- 0.050402 s
currentSize : 81 <-- 0.050737 s

maxsize : 81
nodes : 5909.000000
filtered : 24279.000000
time : 0.057740
