Parameters: GAD=1 vflib=1 dir=1 label=1 lowerbound=1 fileNameGp=../../cp2016-max-common-connected-subgraph-paper/datasets/graphsdb/mcs90/m2D/m2Dr4/mcs90_m2Dr4_s80.A05 fileNameGt=../../cp2016-max-common-connected-subgraph-paper/datasets/graphsdb/mcs90/m2D/m2Dr4/mcs90_m2Dr4_s80.B05
Reading graphs...
80 : 174
80 : 174
Initializing...
maxdom : 9
D->valSize : 447
Solving...
Blb : 2 (clique : 45)
currentSize : 45 <-- 0.004436 s
currentSize : 48 <-- 0.013654 s
currentSize : 49 <-- 0.017680 s
currentSize : 52 <-- 0.019902 s
currentSize : 55 <-- 0.021767 s
currentSize : 56 <-- 3.899792 s
currentSize : 59 <-- 3.900854 s
currentSize : 61 <-- 4.241390 s
currentSize : 64 <-- 4.241751 s

maxsize : 64
nodes : 855689.000000
filtered : 6489648.000000
time : 4.705337
