Parameters: GAD=1 vflib=1 dir=1 label=1 lowerbound=1 fileNameGp=../../cp2016-max-common-connected-subgraph-paper/datasets/graphsdb/mcs90/bvg/b03m/mcs90_b03m_s90.A01 fileNameGt=../../cp2016-max-common-connected-subgraph-paper/datasets/graphsdb/mcs90/bvg/b03m/mcs90_b03m_s90.B01
Reading graphs...
90 : 135
90 : 135
Initializing...
maxdom : 11
D->valSize : 595
Solving...
Blb : 2 (clique : 66)
currentSize : 66 <-- 0.012483 s
currentSize : 67 <-- 0.017866 s
currentSize : 68 <-- 0.019536 s
currentSize : 70 <-- 0.806186 s
currentSize : 71 <-- 0.929400 s
currentSize : 74 <-- 0.929694 s
currentSize : 77 <-- 0.999866 s
currentSize : 79 <-- 1.540749 s
currentSize : 80 <-- 1.658752 s

maxsize : 80
nodes : 362600.000000
filtered : 2150257.000000
time : 1.950696
