Parameters: GAD=1 vflib=1 dir=1 label=1 lowerbound=1 fileNameGp=../../cp2016-max-common-connected-subgraph-paper/datasets/graphsdb/mcs90/m2D/m2Dr2/mcs90_m2Dr2_s80.A08 fileNameGt=../../cp2016-max-common-connected-subgraph-paper/datasets/graphsdb/mcs90/m2D/m2Dr2/mcs90_m2Dr2_s80.B08
Reading graphs...
80 : 158
80 : 157
Initializing...
maxdom : 12
D->valSize : 545
Solving...
Blb : 2 (clique : 39)
currentSize : 39 <-- 0.005977 s
currentSize : 42 <-- 0.006248 s
currentSize : 43 <-- 0.006452 s
currentSize : 45 <-- 0.006941 s
currentSize : 47 <-- 0.007581 s
currentSize : 48 <-- 0.007812 s
currentSize : 49 <-- 0.008153 s
currentSize : 50 <-- 0.010504 s
currentSize : 52 <-- 0.010693 s
currentSize : 54 <-- 0.012055 s
currentSize : 56 <-- 0.083093 s
currentSize : 59 <-- 0.084006 s
currentSize : 60 <-- 0.121876 s
currentSize : 64 <-- 0.122106 s

maxsize : 64
nodes : 237151.000000
filtered : 1832990.000000
time : 1.320345
