Parameters: GAD=1 vflib=1 dir=1 label=1 lowerbound=1 fileNameGp=../../cp2016-max-common-connected-subgraph-paper/datasets/graphsdb/mcs90/m3D/m3D/mcs90_m3D_s70.A07 fileNameGt=../../cp2016-max-common-connected-subgraph-paper/datasets/graphsdb/mcs90/m3D/m3D/mcs90_m3D_s70.B07
Reading graphs...
70 : 159
70 : 159
Initializing...
maxdom : 9
D->valSize : 378
Solving...
Blb : 2 (clique : 39)
currentSize : 39 <-- 0.005487 s
currentSize : 41 <-- 0.005829 s
currentSize : 43 <-- 0.009147 s
currentSize : 44 <-- 0.028455 s
currentSize : 45 <-- 0.040203 s
currentSize : 50 <-- 0.040401 s
currentSize : 52 <-- 0.052528 s
currentSize : 59 <-- 0.052842 s
currentSize : 64 <-- 0.056078 s

maxsize : 64
nodes : 7896.000000
filtered : 35741.000000
time : 0.056503
