Parameters: GAD=1 vflib=1 dir=1 label=1 lowerbound=1 fileNameGp=../../cp2016-max-common-connected-subgraph-paper/datasets/graphsdb/mcs90/m3D/m3Dr2/mcs90_m3Dr2_s80.A04 fileNameGt=../../cp2016-max-common-connected-subgraph-paper/datasets/graphsdb/mcs90/m3D/m3Dr2/mcs90_m3Dr2_s80.B04
Reading graphs...
80 : 200
80 : 198
Initializing...
maxdom : 9
D->valSize : 470
Solving...
Blb : 2 (clique : 38)
currentSize : 38 <-- 0.004733 s
currentSize : 39 <-- 2.993949 s
currentSize : 40 <-- 3.484239 s
currentSize : 42 <-- 4.637595 s
currentSize : 43 <-- 5.058634 s
currentSize : 44 <-- 6.283029 s
currentSize : 47 <-- 7.077632 s
currentSize : 48 <-- 7.833431 s
currentSize : 49 <-- 11.013406 s
currentSize : 50 <-- 11.013539 s
currentSize : 51 <-- 12.432512 s
currentSize : 52 <-- 14.501819 s
currentSize : 53 <-- 14.803272 s
currentSize : 54 <-- 15.364212 s
currentSize : 55 <-- 15.503180 s
currentSize : 57 <-- 15.783153 s
currentSize : 58 <-- 16.085032 s
currentSize : 62 <-- 16.386972 s
currentSize : 64 <-- 16.387327 s

maxsize : 64
nodes : 3424247.000000
filtered : 21325602.000000
time : 16.863701
