Parameters: GAD=1 vflib=1 dir=1 label=1 lowerbound=1 fileNameGp=../../cp2016-max-common-connected-subgraph-paper/datasets/graphsdb/mcs90/bvg/b03/mcs90_b03_s100.A09 fileNameGt=../../cp2016-max-common-connected-subgraph-paper/datasets/graphsdb/mcs90/bvg/b03/mcs90_b03_s100.B09
Reading graphs...
100 : 150
100 : 150
Initializing...
maxdom : 7
D->valSize : 414
Solving...
Blb : 2 (clique : 75)
currentSize : 75 <-- 0.005063 s
currentSize : 77 <-- 0.005698 s
currentSize : 79 <-- 0.388869 s
currentSize : 81 <-- 0.389171 s
currentSize : 86 <-- 0.901176 s
currentSize : 90 <-- 0.908427 s

maxsize : 90
nodes : 176671.000000
filtered : 556034.000000
time : 0.917246
