Parameters: GAD=1 vflib=1 dir=1 label=1 lowerbound=1 fileNameGp=../../cp2016-max-common-connected-subgraph-paper/datasets/graphsdb/mcs90/m2D/m2Dr4/mcs90_m2Dr4_s100.A06 fileNameGt=../../cp2016-max-common-connected-subgraph-paper/datasets/graphsdb/mcs90/m2D/m2Dr4/mcs90_m2Dr4_s100.B06
Reading graphs...
100 : 220
100 : 220
Initializing...
maxdom : 7
D->valSize : 363
Solving...
Blb : 3 (clique : 50)
currentSize : 50 <-- 0.003785 s
currentSize : 51 <-- 0.236905 s
currentSize : 52 <-- 0.237092 s
currentSize : 54 <-- 0.237417 s
currentSize : 56 <-- 0.387277 s
currentSize : 58 <-- 0.575278 s
currentSize : 59 <-- 0.575698 s
currentSize : 61 <-- 0.580517 s
currentSize : 62 <-- 0.582524 s
currentSize : 64 <-- 0.584359 s
currentSize : 66 <-- 0.594985 s
currentSize : 68 <-- 0.604193 s
currentSize : 72 <-- 0.607190 s
currentSize : 74 <-- 0.611364 s
currentSize : 76 <-- 0.638281 s
currentSize : 81 <-- 0.641775 s

maxsize : 81
nodes : 178408.000000
filtered : 492652.000000
time : 0.807709
