Parameters: GAD=1 vflib=1 dir=1 label=1 lowerbound=1 fileNameGp=../../cp2016-max-common-connected-subgraph-paper/datasets/graphsdb/mcs90/bvg/b09m/mcs90_b09m_s90.A07 fileNameGt=../../cp2016-max-common-connected-subgraph-paper/datasets/graphsdb/mcs90/bvg/b09m/mcs90_b09m_s90.B07
Reading graphs...
90 : 405
90 : 405
Initializing...
maxdom : 9
D->valSize : 559
Solving...
Blb : 2 (clique : 37)
currentSize : 37 <-- 0.006453 s
currentSize : 44 <-- 0.006718 s
currentSize : 51 <-- 0.006959 s
currentSize : 57 <-- 0.007904 s
currentSize : 62 <-- 0.016495 s
currentSize : 66 <-- 0.016761 s
currentSize : 69 <-- 0.017651 s
currentSize : 74 <-- 0.066620 s
currentSize : 80 <-- 0.066917 s

maxsize : 80
nodes : 11581.000000
filtered : 137335.000000
time : 0.072528
