Parameters: GAD=1 vflib=1 dir=1 label=1 lowerbound=1 fileNameGp=../../cp2016-max-common-connected-subgraph-paper/datasets/graphsdb/mcs90/m3D/m3Dr4/mcs90_m3Dr4_s80.A09 fileNameGt=../../cp2016-max-common-connected-subgraph-paper/datasets/graphsdb/mcs90/m3D/m3Dr4/mcs90_m3Dr4_s80.B09
Reading graphs...
80 : 216
80 : 216
Initializing...
maxdom : 10
D->valSize : 475
Solving...
Blb : 2 (clique : 38)
currentSize : 38 <-- 0.004757 s
currentSize : 49 <-- 0.005017 s
currentSize : 50 <-- 0.005254 s
currentSize : 52 <-- 0.005488 s
currentSize : 53 <-- 0.005845 s
currentSize : 56 <-- 0.010051 s
currentSize : 57 <-- 0.010679 s
currentSize : 58 <-- 0.011438 s
currentSize : 59 <-- 0.012100 s
currentSize : 60 <-- 0.012830 s
currentSize : 61 <-- 0.378127 s
currentSize : 62 <-- 0.378908 s
currentSize : 63 <-- 0.379741 s
currentSize : 64 <-- 0.380661 s

maxsize : 64
nodes : 155082.000000
filtered : 985187.000000
time : 0.771511
