Parameters: GAD=1 vflib=1 dir=1 label=1 lowerbound=1 fileNameGp=../../cp2016-max-common-connected-subgraph-paper/datasets/graphsdb/mcs90/m2D/m2Dr6/mcs90_m2Dr6_s100.A05 fileNameGt=../../cp2016-max-common-connected-subgraph-paper/datasets/graphsdb/mcs90/m2D/m2Dr6/mcs90_m2Dr6_s100.B05
Reading graphs...
100 : 240
100 : 239
Initializing...
maxdom : 8
D->valSize : 373
Solving...
Blb : 2 (clique : 64)
currentSize : 64 <-- 0.006602 s
currentSize : 67 <-- 0.007241 s
currentSize : 70 <-- 0.007612 s
currentSize : 73 <-- 0.007917 s
currentSize : 77 <-- 0.008475 s
currentSize : 78 <-- 0.011932 s
currentSize : 80 <-- 0.023749 s
currentSize : 81 <-- 0.026581 s

maxsize : 81
nodes : 28406.000000
filtered : 180931.000000
time : 0.216606
