Parameters: GAD=1 vflib=1 dir=1 label=1 lowerbound=1 fileNameGp=../../cp2016-max-common-connected-subgraph-paper/datasets/graphsdb/mcs90/m2D/m2Dr4/mcs90_m2Dr4_s80.A00 fileNameGt=../../cp2016-max-common-connected-subgraph-paper/datasets/graphsdb/mcs90/m2D/m2Dr4/mcs90_m2Dr4_s80.B00
Reading graphs...
80 : 173
80 : 173
Initializing...
maxdom : 8
D->valSize : 469
Solving...
Blb : 2 (clique : 40)
currentSize : 40 <-- 0.007968 s
currentSize : 41 <-- 0.008739 s
currentSize : 42 <-- 0.008891 s
currentSize : 43 <-- 0.009741 s
currentSize : 44 <-- 0.010374 s
currentSize : 46 <-- 0.011656 s
currentSize : 48 <-- 0.011884 s
currentSize : 51 <-- 0.032953 s
currentSize : 54 <-- 0.033259 s
currentSize : 57 <-- 3.996465 s
currentSize : 64 <-- 3.996737 s

maxsize : 64
nodes : 876065.000000
filtered : 6971931.000000
time : 4.814995
