Parameters: GAD=1 vflib=1 dir=1 label=1 lowerbound=1 fileNameGp=../../cp2016-max-common-connected-subgraph-paper/datasets/graphsdb/mcs90/m2D/m2Dr4/mcs90_m2Dr4_s90.A05 fileNameGt=../../cp2016-max-common-connected-subgraph-paper/datasets/graphsdb/mcs90/m2D/m2Dr4/mcs90_m2Dr4_s90.B05
Reading graphs...
90 : 197
90 : 197
Initializing...
maxdom : 9
D->valSize : 559
Solving...
Blb : 3 (clique : 53)
currentSize : 53 <-- 0.006931 s
currentSize : 55 <-- 0.007363 s
currentSize : 57 <-- 0.007577 s
currentSize : 59 <-- 0.007747 s
currentSize : 60 <-- 0.008145 s
currentSize : 62 <-- 0.008343 s
currentSize : 70 <-- 0.010418 s
currentSize : 75 <-- 0.013285 s
currentSize : 76 <-- 0.018340 s
currentSize : 81 <-- 0.018673 s

maxsize : 81
nodes : 2318.000000
filtered : 14507.000000
time : 0.019494
