Parameters: GAD=1 vflib=1 dir=1 label=1 lowerbound=1 fileNameGp=../../cp2016-max-common-connected-subgraph-paper/datasets/graphsdb/mcs90/m2D/m2Dr2/mcs90_m2Dr2_s80.A02 fileNameGt=../../cp2016-max-common-connected-subgraph-paper/datasets/graphsdb/mcs90/m2D/m2Dr2/mcs90_m2Dr2_s80.B02
Reading graphs...
80 : 158
80 : 158
Initializing...
maxdom : 10
D->valSize : 465
Solving...
Blb : 2 (clique : 46)
currentSize : 46 <-- 0.004892 s
currentSize : 48 <-- 0.006309 s
currentSize : 49 <-- 0.006533 s
currentSize : 50 <-- 0.006756 s
currentSize : 51 <-- 0.117271 s
currentSize : 53 <-- 0.118065 s
currentSize : 55 <-- 0.118193 s
currentSize : 57 <-- 2.708438 s
currentSize : 58 <-- 9.568241 s
currentSize : 61 <-- 14.915337 s
currentSize : 64 <-- 14.915488 s

maxsize : 64
nodes : 3604235.000000
filtered : 21201171.000000
time : 17.411928
