Parameters: GAD=1 vflib=1 dir=1 label=1 lowerbound=1 fileNameGp=../../cp2016-max-common-connected-subgraph-paper/datasets/graphsdb/mcs90/bvg/b03m/mcs90_b03m_s90.A04 fileNameGt=../../cp2016-max-common-connected-subgraph-paper/datasets/graphsdb/mcs90/bvg/b03m/mcs90_b03m_s90.B04
Reading graphs...
90 : 135
90 : 135
Initializing...
maxdom : 10
D->valSize : 569
Solving...
Blb : 3 (clique : 71)
currentSize : 71 <-- 0.007064 s
currentSize : 72 <-- 0.048870 s
currentSize : 73 <-- 0.049451 s
currentSize : 75 <-- 0.644797 s
currentSize : 76 <-- 0.645484 s
currentSize : 77 <-- 0.661000 s
currentSize : 79 <-- 0.661135 s
currentSize : 80 <-- 0.661932 s

maxsize : 80
nodes : 128858.000000
filtered : 885750.000000
time : 0.693645
