Parameters: GAD=1 vflib=1 dir=1 label=1 lowerbound=1 fileNameGp=../../cp2016-max-common-connected-subgraph-paper/datasets/graphsdb/mcs90/m3D/m3D/mcs90_m3D_s70.A05 fileNameGt=../../cp2016-max-common-connected-subgraph-paper/datasets/graphsdb/mcs90/m3D/m3D/mcs90_m3D_s70.B05
Reading graphs...
70 : 159
70 : 159
Initializing...
maxdom : 8
D->valSize : 348
Solving...
Blb : 2 (clique : 39)
currentSize : 39 <-- 0.004829 s
currentSize : 40 <-- 0.005182 s
currentSize : 41 <-- 0.005432 s
currentSize : 43 <-- 0.006682 s
currentSize : 44 <-- 0.006803 s
currentSize : 45 <-- 0.008621 s
currentSize : 47 <-- 0.009446 s
currentSize : 50 <-- 0.009610 s
currentSize : 51 <-- 0.015611 s
currentSize : 53 <-- 0.017074 s
currentSize : 54 <-- 0.017472 s
currentSize : 58 <-- 0.017612 s
currentSize : 64 <-- 0.019518 s

maxsize : 64
nodes : 2704.000000
filtered : 8239.000000
time : 0.020333
