Parameters: GAD=1 vflib=1 dir=1 label=1 lowerbound=1 fileNameGp=../../cp2016-max-common-connected-subgraph-paper/datasets/graphsdb/mcs90/m2D/m2Dr2/mcs90_m2Dr2_s80.A06 fileNameGt=../../cp2016-max-common-connected-subgraph-paper/datasets/graphsdb/mcs90/m2D/m2Dr2/mcs90_m2Dr2_s80.B06
Reading graphs...
80 : 158
80 : 158
Initializing...
maxdom : 9
D->valSize : 457
Solving...
Blb : 2 (clique : 37)
currentSize : 37 <-- 0.004661 s
currentSize : 39 <-- 0.004925 s
currentSize : 40 <-- 0.005054 s
currentSize : 41 <-- 0.005689 s
currentSize : 42 <-- 0.007649 s
currentSize : 43 <-- 0.014686 s
currentSize : 44 <-- 0.014908 s
currentSize : 45 <-- 0.015089 s
currentSize : 46 <-- 0.190096 s
currentSize : 47 <-- 0.190502 s
currentSize : 48 <-- 0.190725 s
currentSize : 49 <-- 12.225701 s
currentSize : 52 <-- 12.226186 s
currentSize : 54 <-- 12.227357 s
currentSize : 55 <-- 12.227520 s
currentSize : 56 <-- 12.227836 s
currentSize : 57 <-- 15.056679 s
currentSize : 58 <-- 15.072873 s
currentSize : 59 <-- 15.073237 s
currentSize : 63 <-- 24.612259 s
currentSize : 64 <-- 24.612600 s

maxsize : 64
nodes : 5982594.000000
filtered : 30993999.000000
time : 28.253225
