Parameters: GAD=1 vflib=1 dir=1 label=1 lowerbound=1 fileNameGp=../../cp2016-max-common-connected-subgraph-paper/datasets/graphsdb/mcs90/m3D/m3Dr6/mcs90_m3Dr6_s80.A09 fileNameGt=../../cp2016-max-common-connected-subgraph-paper/datasets/graphsdb/mcs90/m3D/m3Dr6/mcs90_m3Dr6_s80.B09
Reading graphs...
80 : 232
80 : 231
Initializing...
maxdom : 10
D->valSize : 468
Solving...
Blb : 2 (clique : 44)
currentSize : 44 <-- 0.004923 s
currentSize : 47 <-- 0.005471 s
currentSize : 49 <-- 0.005608 s
currentSize : 51 <-- 0.005769 s
currentSize : 52 <-- 0.006720 s
currentSize : 54 <-- 0.006876 s
currentSize : 56 <-- 0.007061 s
currentSize : 57 <-- 0.008370 s
currentSize : 59 <-- 0.008561 s
currentSize : 62 <-- 0.009162 s
currentSize : 64 <-- 0.009374 s

maxsize : 64
nodes : 30599.000000
filtered : 209643.000000
time : 0.186985
