Parameters: GAD=1 vflib=1 dir=1 label=1 lowerbound=1 fileNameGp=../../cp2016-max-common-connected-subgraph-paper/datasets/graphsdb/mcs90/bvg/b03m/mcs90_b03m_s70.A02 fileNameGt=../../cp2016-max-common-connected-subgraph-paper/datasets/graphsdb/mcs90/bvg/b03m/mcs90_b03m_s70.B02
Reading graphs...
70 : 105
70 : 105
Initializing...
maxdom : 7
D->valSize : 354
Solving...
Blb : 3 (clique : 43)
currentSize : 43 <-- 0.003136 s
currentSize : 44 <-- 0.003433 s
currentSize : 45 <-- 0.005329 s
currentSize : 49 <-- 0.007702 s
currentSize : 53 <-- 0.021104 s
currentSize : 56 <-- 0.025296 s
currentSize : 57 <-- 0.031065 s
currentSize : 58 <-- 0.031749 s
currentSize : 62 <-- 0.032141 s

maxsize : 62
nodes : 6168.000000
filtered : 31946.000000
time : 0.032476
