Parameters: GAD=1 vflib=1 dir=1 label=1 lowerbound=1 fileNameGp=../../cp2016-max-common-connected-subgraph-paper/datasets/graphsdb/mcs90/m2D/m2Dr6/mcs90_m2Dr6_s80.A07 fileNameGt=../../cp2016-max-common-connected-subgraph-paper/datasets/graphsdb/mcs90/m2D/m2Dr6/mcs90_m2Dr6_s80.B07
Reading graphs...
80 : 190
80 : 190
Initializing...
maxdom : 8
D->valSize : 426
Solving...
Blb : 3 (clique : 41)
currentSize : 41 <-- 0.004205 s
currentSize : 49 <-- 0.004478 s
currentSize : 50 <-- 0.004720 s
currentSize : 51 <-- 0.005301 s
currentSize : 52 <-- 0.005573 s
currentSize : 54 <-- 0.008533 s
currentSize : 55 <-- 0.008843 s
currentSize : 58 <-- 0.135010 s
currentSize : 59 <-- 0.135331 s
currentSize : 63 <-- 1.208673 s
currentSize : 64 <-- 1.208952 s

maxsize : 64
nodes : 293307.000000
filtered : 1493387.000000
time : 1.351129
