Parameters: GAD=1 vflib=1 dir=1 label=1 lowerbound=1 fileNameGp=../../cp2016-max-common-connected-subgraph-paper/datasets/graphsdb/mcs90/m2D/m2D/mcs90_m2D_s100.A02 fileNameGt=../../cp2016-max-common-connected-subgraph-paper/datasets/graphsdb/mcs90/m2D/m2D/mcs90_m2D_s100.B02
Reading graphs...
100 : 180
100 : 180
Initializing...
maxdom : 7
D->valSize : 425
Solving...
Blb : 2 (clique : 59)
currentSize : 59 <-- 0.004678 s
currentSize : 63 <-- 0.019145 s
currentSize : 66 <-- 0.045678 s
currentSize : 70 <-- 2.127638 s
currentSize : 71 <-- 2.129211 s
currentSize : 75 <-- 9.095999 s
currentSize : 76 <-- 9.096754 s
currentSize : 80 <-- 22.659260 s
currentSize : 81 <-- 22.660082 s

maxsize : 81
nodes : 5208473.000000
filtered : 24562466.000000
time : 27.666388
