Parameters: GAD=1 vflib=1 dir=1 label=1 lowerbound=1 fileNameGp=../../cp2016-max-common-connected-subgraph-paper/datasets/graphsdb/mcs90/m3D/m3Dr2/mcs90_m3Dr2_s80.A09 fileNameGt=../../cp2016-max-common-connected-subgraph-paper/datasets/graphsdb/mcs90/m3D/m3Dr2/mcs90_m3Dr2_s80.B09
Reading graphs...
80 : 200
80 : 200
Initializing...
maxdom : 8
D->valSize : 425
Solving...
Blb : 2 (clique : 48)
currentSize : 48 <-- 0.006967 s
currentSize : 49 <-- 0.943889 s
currentSize : 50 <-- 0.959074 s
currentSize : 51 <-- 0.959381 s
currentSize : 52 <-- 0.959553 s
currentSize : 59 <-- 1.736143 s
currentSize : 60 <-- 1.736340 s
currentSize : 63 <-- 2.211416 s
currentSize : 64 <-- 2.211636 s

maxsize : 64
nodes : 546122.000000
filtered : 2756077.000000
time : 2.552959
