Parameters: GAD=1 vflib=1 dir=1 label=1 lowerbound=1 fileNameGp=../../cp2016-max-common-connected-subgraph-paper/datasets/graphsdb/mcs90/m2D/m2Dr4/mcs90_m2Dr4_s100.A04 fileNameGt=../../cp2016-max-common-connected-subgraph-paper/datasets/graphsdb/mcs90/m2D/m2Dr4/mcs90_m2Dr4_s100.B04
Reading graphs...
100 : 220
100 : 218
Initializing...
maxdom : 6
D->valSize : 365
Solving...
Blb : 3 (clique : 58)
currentSize : 58 <-- 0.003910 s
currentSize : 59 <-- 0.004374 s
currentSize : 64 <-- 0.004566 s
currentSize : 69 <-- 0.004796 s
currentSize : 74 <-- 0.010658 s
currentSize : 76 <-- 0.020843 s
currentSize : 81 <-- 0.021747 s

maxsize : 81
nodes : 27291.000000
filtered : 140608.000000
time : 0.154867
