Parameters: GAD=1 vflib=1 dir=1 label=1 lowerbound=1 fileNameGp=../../cp2016-max-common-connected-subgraph-paper/datasets/graphsdb/mcs90/m2D/m2D/mcs90_m2D_s80.A00 fileNameGt=../../cp2016-max-common-connected-subgraph-paper/datasets/graphsdb/mcs90/m2D/m2D/mcs90_m2D_s80.B00
Reading graphs...
80 : 142
80 : 142
Initializing...
maxdom : 7
D->valSize : 428
Solving...
Blb : 2 (clique : 44)
currentSize : 44 <-- 0.004151 s
currentSize : 45 <-- 0.004475 s
currentSize : 46 <-- 0.004558 s
currentSize : 47 <-- 0.017505 s
currentSize : 48 <-- 0.027141 s
currentSize : 49 <-- 0.514058 s
currentSize : 51 <-- 0.603063 s
currentSize : 52 <-- 0.604612 s
currentSize : 53 <-- 0.607357 s
currentSize : 54 <-- 0.759300 s
currentSize : 56 <-- 0.760104 s
currentSize : 60 <-- 5.903502 s
currentSize : 61 <-- 7.866826 s
currentSize : 63 <-- 8.613967 s
currentSize : 64 <-- 14.264405 s

maxsize : 64
nodes : 5031029.000000
filtered : 26488791.000000
time : 24.314644
