Parameters: GAD=1 vflib=1 dir=1 label=1 lowerbound=1 fileNameGp=../../cp2016-max-common-connected-subgraph-paper/datasets/graphsdb/mcs90/m2D/m2Dr6/mcs90_m2Dr6_s80.A06 fileNameGt=../../cp2016-max-common-connected-subgraph-paper/datasets/graphsdb/mcs90/m2D/m2Dr6/mcs90_m2Dr6_s80.B06
Reading graphs...
80 : 190
80 : 188
Initializing...
maxdom : 10
D->valSize : 460
Solving...
Blb : 3 (clique : 42)
currentSize : 42 <-- 0.004616 s
currentSize : 47 <-- 0.005091 s
currentSize : 50 <-- 0.005326 s
currentSize : 56 <-- 0.005703 s
currentSize : 57 <-- 0.238158 s
currentSize : 60 <-- 0.545688 s
currentSize : 61 <-- 0.661669 s
currentSize : 64 <-- 0.706692 s

maxsize : 64
nodes : 131962.000000
filtered : 1162538.000000
time : 0.719106
