Parameters: GAD=1 vflib=1 dir=1 label=1 lowerbound=1 fileNameGp=../../cp2016-max-common-connected-subgraph-paper/datasets/graphsdb/mcs90/m2D/m2Dr2/mcs90_m2Dr2_s100.A06 fileNameGt=../../cp2016-max-common-connected-subgraph-paper/datasets/graphsdb/mcs90/m2D/m2Dr2/mcs90_m2Dr2_s100.B06
Reading graphs...
100 : 200
100 : 200
Initializing...
maxdom : 6
D->valSize : 388
Solving...
Blb : 2 (clique : 61)
currentSize : 61 <-- 0.004310 s
currentSize : 62 <-- 0.004812 s
currentSize : 64 <-- 0.004956 s
currentSize : 65 <-- 0.006848 s
currentSize : 66 <-- 0.008814 s
currentSize : 67 <-- 0.010888 s
currentSize : 69 <-- 0.011001 s
currentSize : 70 <-- 0.013046 s
currentSize : 73 <-- 0.014129 s
currentSize : 74 <-- 0.038078 s
currentSize : 78 <-- 0.038442 s
currentSize : 79 <-- 0.048411 s
currentSize : 80 <-- 0.342399 s
currentSize : 81 <-- 0.346891 s

maxsize : 81
nodes : 77559.000000
filtered : 284617.000000
time : 0.412224
