Parameters: GAD=1 vflib=1 dir=1 label=1 lowerbound=1 fileNameGp=../../cp2016-max-common-connected-subgraph-paper/datasets/graphsdb/mcs90/m2D/m2Dr6/mcs90_m2Dr6_s80.A05 fileNameGt=../../cp2016-max-common-connected-subgraph-paper/datasets/graphsdb/mcs90/m2D/m2Dr6/mcs90_m2Dr6_s80.B05
Reading graphs...
80 : 190
80 : 189
Initializing...
maxdom : 8
D->valSize : 442
Solving...
Blb : 2 (clique : 42)
currentSize : 42 <-- 0.007239 s
currentSize : 44 <-- 0.007638 s
currentSize : 46 <-- 0.007888 s
currentSize : 47 <-- 0.008389 s
currentSize : 49 <-- 3.456602 s
currentSize : 51 <-- 3.820753 s
currentSize : 53 <-- 4.512836 s
currentSize : 55 <-- 4.512960 s
currentSize : 58 <-- 4.514082 s
currentSize : 60 <-- 4.514205 s
currentSize : 62 <-- 5.480343 s
currentSize : 64 <-- 5.480478 s

maxsize : 64
nodes : 1224463.000000
filtered : 6749268.000000
time : 5.767611
