Parameters: GAD=1 vflib=1 dir=1 label=1 lowerbound=1 fileNameGp=../../cp2016-max-common-connected-subgraph-paper/datasets/graphsdb/mcs90/m2D/m2D/mcs90_m2D_s70.A00 fileNameGt=../../cp2016-max-common-connected-subgraph-paper/datasets/graphsdb/mcs90/m2D/m2D/mcs90_m2D_s70.B00
Reading graphs...
70 : 123
70 : 123
Initializing...
maxdom : 9
D->valSize : 359
Solving...
Blb : 3 (clique : 43)
currentSize : 43 <-- 0.003215 s
currentSize : 47 <-- 0.006505 s
currentSize : 50 <-- 0.017151 s
currentSize : 53 <-- 0.017284 s
currentSize : 54 <-- 0.020232 s
currentSize : 57 <-- 0.020860 s
currentSize : 58 <-- 0.022110 s
currentSize : 60 <-- 0.023033 s
currentSize : 64 <-- 0.023323 s

maxsize : 64
nodes : 4703.000000
filtered : 23403.000000
time : 0.023576
