Parameters: GAD=1 vflib=1 dir=1 label=1 lowerbound=1 fileNameGp=../../cp2016-max-common-connected-subgraph-paper/datasets/graphsdb/mcs90/m3D/m3Dr4/mcs90_m3Dr4_s80.A07 fileNameGt=../../cp2016-max-common-connected-subgraph-paper/datasets/graphsdb/mcs90/m3D/m3Dr4/mcs90_m3Dr4_s80.B07
Reading graphs...
80 : 216
80 : 214
Initializing...
maxdom : 12
D->valSize : 482
Solving...
Blb : 2 (clique : 33)
currentSize : 33 <-- 0.004833 s
currentSize : 34 <-- 0.008416 s
currentSize : 35 <-- 0.675635 s
currentSize : 37 <-- 0.686818 s
currentSize : 38 <-- 0.916795 s
currentSize : 40 <-- 1.160347 s
currentSize : 42 <-- 1.433359 s
currentSize : 43 <-- 1.433488 s
currentSize : 46 <-- 1.433611 s
currentSize : 48 <-- 1.840602 s
currentSize : 52 <-- 2.942858 s
currentSize : 54 <-- 3.305447 s
currentSize : 64 <-- 4.210395 s

maxsize : 64
nodes : 874848.000000
filtered : 6310673.000000
time : 4.509694
