Parameters: GAD=1 vflib=1 dir=1 label=1 lowerbound=1 fileNameGp=../../cp2016-max-common-connected-subgraph-paper/datasets/graphsdb/mcs90/bvg/b06m/mcs90_b06m_s80.A07 fileNameGt=../../cp2016-max-common-connected-subgraph-paper/datasets/graphsdb/mcs90/bvg/b06m/mcs90_b06m_s80.B07
Reading graphs...
80 : 240
80 : 240
Initializing...
maxdom : 10
D->valSize : 497
Solving...
Blb : 2 (clique : 54)
currentSize : 54 <-- 0.005200 s
currentSize : 56 <-- 0.005488 s
currentSize : 60 <-- 0.038229 s
currentSize : 62 <-- 0.038295 s
currentSize : 63 <-- 0.068739 s
currentSize : 65 <-- 0.068797 s
currentSize : 70 <-- 0.074083 s
currentSize : 72 <-- 0.074154 s

maxsize : 72
nodes : 15090.000000
filtered : 136595.000000
time : 0.080661
