Parameters: GAD=1 vflib=1 dir=1 label=1 lowerbound=1 fileNameGp=../../cp2016-max-common-connected-subgraph-paper/datasets/graphsdb/mcs90/m2D/m2Dr6/mcs90_m2Dr6_s100.A06 fileNameGt=../../cp2016-max-common-connected-subgraph-paper/datasets/graphsdb/mcs90/m2D/m2Dr6/mcs90_m2Dr6_s100.B06
Reading graphs...
100 : 240
100 : 240
Initializing...
maxdom : 7
D->valSize : 365
Solving...
Blb : 2 (clique : 72)
currentSize : 72 <-- 0.006618 s
currentSize : 74 <-- 0.007283 s
currentSize : 75 <-- 0.011194 s
currentSize : 76 <-- 0.014750 s
currentSize : 77 <-- 0.400359 s
currentSize : 78 <-- 0.405134 s
currentSize : 79 <-- 0.416240 s
currentSize : 80 <-- 0.421235 s
currentSize : 81 <-- 0.426640 s

maxsize : 81
nodes : 60887.000000
filtered : 274897.000000
time : 0.582841
