Parameters: GAD=1 vflib=1 dir=1 label=1 lowerbound=1 fileNameGp=../../cp2016-max-common-connected-subgraph-paper/datasets/graphsdb/mcs90/m3D/m3Dr6/mcs90_m3Dr6_s80.A08 fileNameGt=../../cp2016-max-common-connected-subgraph-paper/datasets/graphsdb/mcs90/m3D/m3Dr6/mcs90_m3Dr6_s80.B08
Reading graphs...
80 : 232
80 : 231
Initializing...
maxdom : 8
D->valSize : 437
Solving...
Blb : 3 (clique : 36)
currentSize : 36 <-- 0.004150 s
currentSize : 48 <-- 0.004473 s
currentSize : 51 <-- 0.004716 s
currentSize : 54 <-- 0.004963 s
currentSize : 55 <-- 0.005581 s
currentSize : 56 <-- 0.006315 s
currentSize : 58 <-- 1.085726 s
currentSize : 59 <-- 1.086809 s
currentSize : 63 <-- 1.212363 s
currentSize : 64 <-- 1.213243 s

maxsize : 64
nodes : 249479.000000
filtered : 1975871.000000
time : 1.292702
