Parameters: GAD=1 vflib=1 dir=1 label=1 lowerbound=1 fileNameGp=../../cp2016-max-common-connected-subgraph-paper/datasets/graphsdb/mcs90/m2D/m2D/mcs90_m2D_s80.A06 fileNameGt=../../cp2016-max-common-connected-subgraph-paper/datasets/graphsdb/mcs90/m2D/m2D/mcs90_m2D_s80.B06
Reading graphs...
80 : 142
80 : 142
Initializing...
maxdom : 8
D->valSize : 476
Solving...
Blb : 2 (clique : 47)
currentSize : 47 <-- 0.004900 s
currentSize : 53 <-- 0.005222 s
currentSize : 57 <-- 0.005406 s
currentSize : 58 <-- 0.005737 s
currentSize : 59 <-- 0.134024 s
currentSize : 62 <-- 0.134145 s
currentSize : 63 <-- 0.134528 s
currentSize : 64 <-- 0.640858 s

maxsize : 64
nodes : 249520.000000
filtered : 1423474.000000
time : 1.281140
