Parameters: GAD=1 vflib=1 dir=1 label=1 lowerbound=1 fileNameGp=../../cp2016-max-common-connected-subgraph-paper/datasets/graphsdb/mcs90/bvg/b03m/mcs90_b03m_s80.A09 fileNameGt=../../cp2016-max-common-connected-subgraph-paper/datasets/graphsdb/mcs90/bvg/b03m/mcs90_b03m_s80.B09
Reading graphs...
80 : 120
80 : 120
Initializing...
maxdom : 9
D->valSize : 457
Solving...
Blb : 2 (clique : 59)
currentSize : 59 <-- 0.008138 s
currentSize : 61 <-- 0.015599 s
currentSize : 62 <-- 0.015768 s
currentSize : 63 <-- 0.138934 s
currentSize : 64 <-- 0.139077 s
currentSize : 65 <-- 0.139308 s
currentSize : 66 <-- 0.200078 s
currentSize : 67 <-- 0.200309 s
currentSize : 68 <-- 0.233820 s
currentSize : 69 <-- 0.234200 s
currentSize : 70 <-- 0.327880 s
currentSize : 71 <-- 0.328890 s
currentSize : 72 <-- 0.329797 s

maxsize : 72
nodes : 75138.000000
filtered : 334395.000000
time : 0.406862
