Parameters: GAD=1 vflib=1 dir=1 label=1 lowerbound=1 fileNameGp=../../cp2016-max-common-connected-subgraph-paper/datasets/graphsdb/mcs90/m2D/m2Dr6/mcs90_m2Dr6_s100.A08 fileNameGt=../../cp2016-max-common-connected-subgraph-paper/datasets/graphsdb/mcs90/m2D/m2Dr6/mcs90_m2Dr6_s100.B08
Reading graphs...
100 : 240
100 : 239
Initializing...
maxdom : 7
D->valSize : 348
Solving...
Blb : 3 (clique : 67)
currentSize : 67 <-- 0.003744 s
currentSize : 68 <-- 0.004488 s
currentSize : 69 <-- 0.004898 s
currentSize : 71 <-- 0.021439 s
currentSize : 72 <-- 0.021834 s
currentSize : 74 <-- 0.022254 s
currentSize : 75 <-- 0.022663 s
currentSize : 77 <-- 0.659509 s
currentSize : 78 <-- 0.661727 s
currentSize : 80 <-- 0.662054 s
currentSize : 81 <-- 0.666087 s

maxsize : 81
nodes : 189509.000000
filtered : 783165.000000
time : 1.044209
