Parameters: GAD=1 vflib=1 dir=1 label=1 lowerbound=1 fileNameGp=../../cp2016-max-common-connected-subgraph-paper/datasets/graphsdb/mcs90/m2D/m2D/mcs90_m2D_s100.A07 fileNameGt=../../cp2016-max-common-connected-subgraph-paper/datasets/graphsdb/mcs90/m2D/m2D/mcs90_m2D_s100.B07
Reading graphs...
100 : 180
100 : 180
Initializing...
maxdom : 6
D->valSize : 367
Solving...
Blb : 2 (clique : 56)
currentSize : 56 <-- 0.003810 s
currentSize : 57 <-- 0.004376 s
currentSize : 58 <-- 0.004792 s
currentSize : 59 <-- 0.005644 s
currentSize : 60 <-- 0.006187 s
currentSize : 61 <-- 0.011324 s
currentSize : 62 <-- 0.012117 s
currentSize : 63 <-- 0.012667 s
currentSize : 64 <-- 5.720349 s
currentSize : 67 <-- 7.201989 s
currentSize : 68 <-- 7.202614 s
currentSize : 70 <-- 7.202856 s
currentSize : 71 <-- 7.481748 s
currentSize : 72 <-- 7.482044 s
currentSize : 73 <-- 7.482424 s
currentSize : 74 <-- 7.482736 s
currentSize : 75 <-- 7.483179 s
currentSize : 76 <-- 7.483550 s
currentSize : 77 <-- 8.349513 s
currentSize : 78 <-- 8.349914 s
currentSize : 80 <-- 8.598556 s
currentSize : 81 <-- 8.599307 s

maxsize : 81
nodes : 1800992.000000
filtered : 4946515.000000
time : 8.730702
