Parameters: GAD=1 vflib=1 dir=1 label=1 lowerbound=1 fileNameGp=../../cp2016-max-common-connected-subgraph-paper/datasets/graphsdb/mcs90/m2D/m2Dr6/mcs90_m2Dr6_s60.A02 fileNameGt=../../cp2016-max-common-connected-subgraph-paper/datasets/graphsdb/mcs90/m2D/m2Dr6/mcs90_m2Dr6_s60.B02
Reading graphs...
60 : 140
60 : 136
Initializing...
maxdom : 9
D->valSize : 280
Solving...
Blb : 3 (clique : 23)
currentSize : 23 <-- 0.001933 s
currentSize : 24 <-- 0.004501 s
currentSize : 25 <-- 0.014145 s
currentSize : 26 <-- 0.021146 s
currentSize : 27 <-- 0.022387 s
currentSize : 29 <-- 0.037013 s
currentSize : 30 <-- 0.055934 s
currentSize : 31 <-- 0.060238 s
currentSize : 32 <-- 0.078217 s
currentSize : 33 <-- 0.083778 s
currentSize : 39 <-- 0.083860 s
currentSize : 40 <-- 0.084198 s
currentSize : 41 <-- 0.090414 s
currentSize : 42 <-- 0.090913 s
currentSize : 47 <-- 0.093729 s
currentSize : 49 <-- 0.093868 s

maxsize : 49
nodes : 21896.000000
filtered : 147566.000000
time : 0.096944
