Parameters: GAD=1 vflib=1 dir=1 label=1 lowerbound=1 fileNameGp=../../cp2016-max-common-connected-subgraph-paper/datasets/graphsdb/mcs90/m3D/m3Dr6/mcs90_m3Dr6_s80.A00 fileNameGt=../../cp2016-max-common-connected-subgraph-paper/datasets/graphsdb/mcs90/m3D/m3Dr6/mcs90_m3Dr6_s80.B00
Reading graphs...
80 : 232
80 : 232
Initializing...
maxdom : 9
D->valSize : 465
Solving...
Blb : 2 (clique : 38)
currentSize : 38 <-- 0.004702 s
currentSize : 39 <-- 0.005025 s
currentSize : 42 <-- 0.013150 s
currentSize : 44 <-- 0.013226 s
currentSize : 45 <-- 0.013523 s
currentSize : 46 <-- 0.202052 s
currentSize : 47 <-- 0.202357 s
currentSize : 48 <-- 0.324587 s
currentSize : 52 <-- 0.421028 s
currentSize : 53 <-- 0.421581 s
currentSize : 56 <-- 0.421774 s
currentSize : 57 <-- 0.511670 s
currentSize : 58 <-- 0.787737 s
currentSize : 61 <-- 0.787923 s
currentSize : 64 <-- 0.838738 s

maxsize : 64
nodes : 171950.000000
filtered : 1336979.000000
time : 0.888051
