Parameters: GAD=1 vflib=1 dir=1 label=1 lowerbound=1 fileNameGp=../../cp2016-max-common-connected-subgraph-paper/datasets/graphsdb/mcs90/m3D/m3D/mcs90_m3D_s80.A09 fileNameGt=../../cp2016-max-common-connected-subgraph-paper/datasets/graphsdb/mcs90/m3D/m3D/mcs90_m3D_s80.B09
Reading graphs...
80 : 184
80 : 184
Initializing...
maxdom : 8
D->valSize : 465
Solving...
Blb : 2 (clique : 40)
currentSize : 40 <-- 0.007798 s
currentSize : 42 <-- 22.776529 s
currentSize : 44 <-- 22.776968 s
currentSize : 46 <-- 43.428368 s
currentSize : 48 <-- 59.181992 s
currentSize : 49 <-- 68.776237 s
currentSize : 51 <-- 74.022209 s
currentSize : 52 <-- 75.133423 s
currentSize : 57 <-- 75.133583 s
currentSize : 58 <-- 75.956482 s
currentSize : 59 <-- 76.110481 s
currentSize : 63 <-- 76.415535 s
currentSize : 64 <-- 76.416428 s

maxsize : 64
nodes : 13907144.000000
filtered : 109558545.000000
time : 76.994987
