Parameters: GAD=1 vflib=1 dir=1 label=1 lowerbound=1 fileNameGp=../../cp2016-max-common-connected-subgraph-paper/datasets/graphsdb/mcs90/m2D/m2Dr6/mcs90_m2Dr6_s80.A03 fileNameGt=../../cp2016-max-common-connected-subgraph-paper/datasets/graphsdb/mcs90/m2D/m2Dr6/mcs90_m2Dr6_s80.B03
Reading graphs...
80 : 190
80 : 190
Initializing...
maxdom : 10
D->valSize : 472
Solving...
Blb : 3 (clique : 45)
currentSize : 45 <-- 0.004954 s
currentSize : 47 <-- 0.005250 s
currentSize : 48 <-- 0.007308 s
currentSize : 51 <-- 0.007431 s
currentSize : 55 <-- 0.074993 s
currentSize : 56 <-- 0.194661 s
currentSize : 60 <-- 0.194809 s
currentSize : 64 <-- 0.228017 s

maxsize : 64
nodes : 174219.000000
filtered : 1192125.000000
time : 0.848926
