Parameters: GAD=1 vflib=1 dir=1 label=1 lowerbound=1 fileNameGp=../../cp2016-max-common-connected-subgraph-paper/datasets/graphsdb/mcs90/m2D/m2Dr4/mcs90_m2Dr4_s100.A00 fileNameGt=../../cp2016-max-common-connected-subgraph-paper/datasets/graphsdb/mcs90/m2D/m2Dr4/mcs90_m2Dr4_s100.B00
Reading graphs...
100 : 220
100 : 219
Initializing...
maxdom : 7
D->valSize : 409
Solving...
Blb : 2 (clique : 64)
currentSize : 64 <-- 0.004647 s
currentSize : 65 <-- 0.005303 s
currentSize : 67 <-- 0.006169 s
currentSize : 68 <-- 0.006677 s
currentSize : 69 <-- 0.007641 s
currentSize : 72 <-- 0.007847 s
currentSize : 75 <-- 0.009239 s
currentSize : 78 <-- 0.010556 s
currentSize : 81 <-- 0.012030 s

maxsize : 81
nodes : 19248.000000
filtered : 104748.000000
time : 0.114868
