Parameters: GAD=1 vflib=1 dir=1 label=1 lowerbound=1 fileNameGp=../../cp2016-max-common-connected-subgraph-paper/datasets/graphsdb/mcs90/rand/r001/mcs90_r001_s100.A04 fileNameGt=../../cp2016-max-common-connected-subgraph-paper/datasets/graphsdb/mcs90/rand/r001/mcs90_r001_s100.B04
Reading graphs...
100 : 108
100 : 108
Initializing...
maxdom : 7
D->valSize : 399
Solving...
Blb : 2 (clique : 83)
currentSize : 83 <-- 0.004896 s
currentSize : 86 <-- 0.005513 s
currentSize : 87 <-- 0.008710 s
currentSize : 88 <-- 0.010744 s
currentSize : 89 <-- 0.018439 s
currentSize : 90 <-- 0.021035 s

maxsize : 90
nodes : 36886.000000
filtered : 130475.000000
time : 0.218526
