Parameters: GAD=1 vflib=1 dir=1 label=1 lowerbound=1 fileNameGp=../../cp2016-max-common-connected-subgraph-paper/datasets/graphsdb/mcs90/m2D/m2Dr6/mcs90_m2Dr6_s80.A02 fileNameGt=../../cp2016-max-common-connected-subgraph-paper/datasets/graphsdb/mcs90/m2D/m2Dr6/mcs90_m2Dr6_s80.B02
Reading graphs...
80 : 190
80 : 189
Initializing...
maxdom : 9
D->valSize : 478
Solving...
Blb : 3 (clique : 44)
currentSize : 44 <-- 0.004877 s
currentSize : 46 <-- 0.193055 s
currentSize : 47 <-- 2.907567 s
currentSize : 48 <-- 3.522850 s
currentSize : 50 <-- 16.636354 s
currentSize : 51 <-- 18.280668 s
currentSize : 54 <-- 18.399635 s
currentSize : 55 <-- 22.600569 s
currentSize : 56 <-- 22.601156 s
currentSize : 57 <-- 22.601564 s
currentSize : 59 <-- 22.653616 s
currentSize : 60 <-- 22.654408 s
currentSize : 61 <-- 22.654858 s
currentSize : 62 <-- 22.655226 s
currentSize : 63 <-- 24.595875 s
currentSize : 64 <-- 24.596327 s

maxsize : 64
nodes : 5462666.000000
filtered : 29353351.000000
time : 25.946533
