Parameters: GAD=1 vflib=1 dir=1 label=1 lowerbound=1 fileNameGp=../../cp2016-max-common-connected-subgraph-paper/datasets/graphsdb/mcs90/bvg/b06/mcs90_b06_s80.A05 fileNameGt=../../cp2016-max-common-connected-subgraph-paper/datasets/graphsdb/mcs90/bvg/b06/mcs90_b06_s80.B05
Reading graphs...
80 : 240
80 : 240
Initializing...
maxdom : 8
D->valSize : 444
Solving...
Blb : 3 (clique : 48)
currentSize : 48 <-- 0.007060 s
currentSize : 49 <-- 0.007858 s
currentSize : 50 <-- 0.015931 s
currentSize : 51 <-- 0.016441 s
currentSize : 52 <-- 0.017145 s
currentSize : 57 <-- 0.017331 s
currentSize : 62 <-- 0.018721 s
currentSize : 63 <-- 0.044534 s
currentSize : 64 <-- 0.046936 s
currentSize : 72 <-- 0.047226 s

maxsize : 72
nodes : 5101.000000
filtered : 32620.000000
time : 0.048616
