Parameters: GAD=1 vflib=1 dir=1 label=1 lowerbound=1 fileNameGp=../../cp2016-max-common-connected-subgraph-paper/datasets/graphsdb/mcs90/m3D/m3Dr6/mcs90_m3Dr6_s80.A03 fileNameGt=../../cp2016-max-common-connected-subgraph-paper/datasets/graphsdb/mcs90/m3D/m3Dr6/mcs90_m3Dr6_s80.B03
Reading graphs...
80 : 232
80 : 232
Initializing...
maxdom : 9
D->valSize : 449
Solving...
Blb : 2 (clique : 48)
currentSize : 48 <-- 0.004429 s
currentSize : 51 <-- 0.004895 s
currentSize : 52 <-- 0.005661 s
currentSize : 53 <-- 0.005816 s
currentSize : 54 <-- 0.452046 s
currentSize : 55 <-- 0.452398 s
currentSize : 58 <-- 0.464258 s
currentSize : 60 <-- 0.464392 s
currentSize : 62 <-- 0.464640 s
currentSize : 64 <-- 0.464786 s

maxsize : 64
nodes : 142172.000000
filtered : 675437.000000
time : 0.681319
