Parameters: GAD=1 vflib=1 dir=1 label=1 lowerbound=1 fileNameGp=../../cp2016-max-common-connected-subgraph-paper/datasets/graphsdb/mcs90/m2D/m2Dr2/mcs90_m2Dr2_s90.A09 fileNameGt=../../cp2016-max-common-connected-subgraph-paper/datasets/graphsdb/mcs90/m2D/m2Dr2/mcs90_m2Dr2_s90.B09
Reading graphs...
90 : 179
90 : 179
Initializing...
maxdom : 9
D->valSize : 584
Solving...
Blb : 3 (clique : 60)
currentSize : 60 <-- 0.007304 s
currentSize : 61 <-- 0.735900 s
currentSize : 62 <-- 0.762750 s
currentSize : 64 <-- 0.762977 s
currentSize : 66 <-- 0.765610 s
currentSize : 68 <-- 0.765832 s
currentSize : 75 <-- 0.776741 s
currentSize : 81 <-- 0.779703 s

maxsize : 81
nodes : 148277.000000
filtered : 728008.000000
time : 0.780133
