Parameters: GAD=1 vflib=1 dir=1 label=1 lowerbound=1 fileNameGp=../../cp2016-max-common-connected-subgraph-paper/datasets/graphsdb/mcs90/m4D/m4D/mcs90_m4D_s100.A03 fileNameGt=../../cp2016-max-common-connected-subgraph-paper/datasets/graphsdb/mcs90/m4D/m4D/mcs90_m4D_s100.B03
Reading graphs...
100 : 223
100 : 223
Initializing...
maxdom : 7
D->valSize : 349
Solving...
Blb : 2 (clique : 72)
currentSize : 72 <-- 0.006428 s
currentSize : 73 <-- 0.007156 s
currentSize : 74 <-- 0.007671 s
currentSize : 75 <-- 0.008151 s
currentSize : 76 <-- 0.008766 s
currentSize : 77 <-- 0.177653 s
currentSize : 78 <-- 1.006681 s
currentSize : 79 <-- 1.007124 s
currentSize : 80 <-- 1.030122 s
currentSize : 81 <-- 1.112886 s

maxsize : 81
nodes : 2726421.000000
filtered : 6342620.000000
time : 12.813992
