Parameters: GAD=1 vflib=1 dir=1 label=1 lowerbound=1 fileNameGp=../../cp2016-max-common-connected-subgraph-paper/datasets/graphsdb/mcs90/bvg/b03m/mcs90_b03m_s90.A09 fileNameGt=../../cp2016-max-common-connected-subgraph-paper/datasets/graphsdb/mcs90/bvg/b03m/mcs90_b03m_s90.B09
Reading graphs...
90 : 135
90 : 135
Initializing...
maxdom : 10
D->valSize : 581
Solving...
Blb : 2 (clique : 61)
currentSize : 61 <-- 0.011925 s
currentSize : 62 <-- 0.012595 s
currentSize : 63 <-- 0.013601 s
currentSize : 65 <-- 0.016479 s
currentSize : 67 <-- 0.016708 s
currentSize : 69 <-- 0.025497 s
currentSize : 72 <-- 0.025711 s
currentSize : 75 <-- 0.034705 s
currentSize : 76 <-- 0.043910 s
currentSize : 80 <-- 0.044144 s

maxsize : 80
nodes : 18780.000000
filtered : 82484.000000
time : 0.120604
