Parameters: GAD=1 vflib=1 dir=1 label=1 lowerbound=1 fileNameGp=../../cp2016-max-common-connected-subgraph-paper/datasets/graphsdb/mcs90/m2D/m2Dr6/mcs90_m2Dr6_s60.A00 fileNameGt=../../cp2016-max-common-connected-subgraph-paper/datasets/graphsdb/mcs90/m2D/m2Dr6/mcs90_m2Dr6_s60.B00
Reading graphs...
60 : 140
60 : 140
Initializing...
maxdom : 5
D->valSize : 241
Solving...
Blb : 2 (clique : 29)
currentSize : 29 <-- 0.002707 s
currentSize : 30 <-- 0.003239 s
currentSize : 31 <-- 0.003431 s
currentSize : 33 <-- 0.003504 s
currentSize : 34 <-- 0.005143 s
currentSize : 35 <-- 0.005621 s
currentSize : 37 <-- 0.005743 s
currentSize : 40 <-- 0.007906 s
currentSize : 41 <-- 0.015946 s
currentSize : 44 <-- 0.016119 s
currentSize : 46 <-- 0.018030 s
currentSize : 49 <-- 0.018203 s

maxsize : 49
nodes : 3937.000000
filtered : 20411.000000
time : 0.028207
