Parameters: GAD=1 vflib=1 dir=0 label=0 vlabel=1 lowerbound=1 fileNameGp=../../cp2016-max-common-connected-subgraph-paper/datasets/graphsdb/mcs10/m3D/m3Dr4/mcs10_m3Dr4_s90.A01 fileNameGt=../../cp2016-max-common-connected-subgraph-paper/datasets/graphsdb/mcs10/m3D/m3Dr4/mcs10_m3Dr4_s90.B01
Reading graphs...
90 :  238
90 :  242
Initializing...
maxdom : 13
D->valSize : 522
Solving...
Blb : 3 (clique : 27)
currentSize : 27 <-- 0.009849 s
currentSize : 28 <-- 0.018969 s
currentSize : 29 <-- 0.097087 s
currentSize : 30 <-- 0.107914 s
currentSize : 31 <-- 1.097090 s
currentSize : 32 <-- 54.039207 s
currentSize : 33 <-- 204.353119 s

TIMEOUT
maxsize : 33
nodes : 202553514.000000
filtered : 1382461559.000000
time : 1000.000061
