Parameters: GAD=1 vflib=1 dir=0 label=0 vlabel=1 lowerbound=1 fileNameGp=../../cp2016-max-common-connected-subgraph-paper/datasets/graphsdb/mcs10/m3D/m3Dr4/mcs10_m3Dr4_s70.A04 fileNameGt=../../cp2016-max-common-connected-subgraph-paper/datasets/graphsdb/mcs10/m3D/m3Dr4/mcs10_m3Dr4_s70.B04
Reading graphs...
70 :  184
70 :  185
Initializing...
maxdom : 8
D->valSize : 314
Solving...
Blb : 2 (clique : 21)
currentSize : 21 <-- 0.002529 s
currentSize : 22 <-- 0.005534 s
currentSize : 23 <-- 0.027617 s
currentSize : 24 <-- 0.042108 s
currentSize : 25 <-- 0.678858 s
currentSize : 26 <-- 7.167757 s
currentSize : 27 <-- 7.280603 s
currentSize : 28 <-- 621.267395 s

TIMEOUT
maxsize : 28
nodes : 210876060.000000
filtered : 1683753690.000000
time : 1000.000061
