Parameters: GAD=1 vflib=1 dir=0 label=0 vlabel=1 lowerbound=1 fileNameGp=../../cp2016-max-common-connected-subgraph-paper/datasets/graphsdb/mcs10/m3D/m3Dr6/mcs10_m3Dr6_s60.A09 fileNameGt=../../cp2016-max-common-connected-subgraph-paper/datasets/graphsdb/mcs10/m3D/m3Dr6/mcs10_m3Dr6_s60.B09
Reading graphs...
60 :  166
60 :  163
Initializing...
maxdom : 7
D->valSize : 219
Solving...
Blb : 2 (clique : 16)
currentSize : 16 <-- 0.002357 s
currentSize : 17 <-- 0.002488 s
currentSize : 18 <-- 0.002705 s
currentSize : 19 <-- 0.020819 s
currentSize : 20 <-- 0.069394 s
currentSize : 21 <-- 0.280839 s
currentSize : 22 <-- 3.284315 s
currentSize : 23 <-- 81.110771 s

maxsize : 23
nodes : 42122418.000000
filtered : 243800243.000000
time : 164.963089
