Parameters: GAD=1 vflib=1 dir=0 label=0 vlabel=1 lowerbound=1 fileNameGp=../../cp2016-max-common-connected-subgraph-paper/datasets/graphsdb/mcs10/m4D/m4Dr2/mcs10_m4Dr2_s100.A08 fileNameGt=../../cp2016-max-common-connected-subgraph-paper/datasets/graphsdb/mcs10/m4D/m4Dr2/mcs10_m4Dr2_s100.B08
Reading graphs...
100 :  179
100 :  177
Initializing...
maxdom : 6
D->valSize : 315
Solving...
Blb : 2 (clique : 37)
currentSize : 37 <-- 0.003410 s
currentSize : 38 <-- 0.003696 s
currentSize : 39 <-- 0.028488 s
currentSize : 40 <-- 0.381357 s
currentSize : 41 <-- 2.380128 s
currentSize : 42 <-- 90.539932 s

TIMEOUT
maxsize : 42
nodes : 218134724.000000
filtered : 876587236.000000
time : 1000.000061
