Parameters: GAD=1 vflib=1 dir=0 label=0 vlabel=1 lowerbound=1 fileNameGp=../../cp2016-max-common-connected-subgraph-paper/datasets/graphsdb/mcs10/bvg/b06/mcs10_b06_s100.A06 fileNameGt=../../cp2016-max-common-connected-subgraph-paper/datasets/graphsdb/mcs10/bvg/b06/mcs10_b06_s100.B06
Reading graphs...
100 :  295
100 :  295
Initializing...
maxdom : 9
D->valSize : 295
Solving...
Blb : 2 (clique : 28)
currentSize : 28 <-- 0.004346 s
currentSize : 29 <-- 0.018187 s
currentSize : 30 <-- 0.125318 s
currentSize : 31 <-- 0.262724 s
currentSize : 32 <-- 22.890760 s
currentSize : 33 <-- 901.867310 s

TIMEOUT
maxsize : 33
nodes : 200649414.000000
filtered : 907586607.000000
time : 1000.000061
