Parameters: GAD=1 vflib=1 dir=0 label=0 vlabel=1 lowerbound=1 fileNameGp=../../cp2016-max-common-connected-subgraph-paper/datasets/graphsdb/mcs10/rand/r01/mcs10_r01_s70.A07 fileNameGt=../../cp2016-max-common-connected-subgraph-paper/datasets/graphsdb/mcs10/rand/r01/mcs10_r01_s70.B07
Reading graphs...
70 :  454
70 :  460
Initializing...
maxdom : 8
D->valSize : 312
Solving...
Blb : 5 (clique : 13)
currentSize : 13 <-- 0.003778 s
currentSize : 14 <-- 0.004376 s
currentSize : 15 <-- 0.005850 s
currentSize : 16 <-- 0.709380 s
currentSize : 17 <-- 0.992202 s
currentSize : 18 <-- 46.680557 s

maxsize : 18
nodes : 44598384.000000
filtered : 304708976.000000
time : 200.807617
