Parameters: GAD=1 vflib=1 dir=0 label=0 vlabel=1 lowerbound=1 fileNameGp=../../cp2016-max-common-connected-subgraph-paper/datasets/graphsdb/mcs10/bvg/b06m/mcs10_b06m_s80.A08 fileNameGt=../../cp2016-max-common-connected-subgraph-paper/datasets/graphsdb/mcs10/bvg/b06m/mcs10_b06m_s80.B08
Reading graphs...
80 :  233
80 :  234
Initializing...
maxdom : 8
D->valSize : 398
Solving...
Blb : 2 (clique : 23)
currentSize : 23 <-- 0.003770 s
currentSize : 24 <-- 0.004379 s
currentSize : 25 <-- 0.010813 s
currentSize : 26 <-- 0.034184 s
currentSize : 27 <-- 0.142418 s
currentSize : 28 <-- 17.888388 s
currentSize : 29 <-- 20.314045 s
currentSize : 30 <-- 872.457581 s
currentSize : 31 <-- 899.205139 s

TIMEOUT
maxsize : 31
nodes : 214491741.000000
filtered : 1445112621.000000
time : 1000.000000
