Parameters: GAD=1 vflib=1 dir=0 label=0 vlabel=1 lowerbound=1 fileNameGp=../../cp2016-max-common-connected-subgraph-paper/datasets/graphsdb/mcs10/m2D/m2D/mcs10_m2D_s70.A01 fileNameGt=../../cp2016-max-common-connected-subgraph-paper/datasets/graphsdb/mcs10/m2D/m2D/mcs10_m2D_s70.B01
Reading graphs...
70 :  123
70 :  123
Initializing...
maxdom : 8
D->valSize : 300
Solving...
Blb : 3 (clique : 24)
currentSize : 24 <-- 0.002344 s
currentSize : 25 <-- 0.002493 s
currentSize : 26 <-- 0.002533 s
currentSize : 27 <-- 0.027820 s
currentSize : 28 <-- 0.033219 s
currentSize : 29 <-- 18.306196 s
currentSize : 30 <-- 18.904781 s
currentSize : 31 <-- 47.605431 s

TIMEOUT
maxsize : 31
nodes : 221655725.000000
filtered : 1883152919.000000
time : 1000.000061
