Parameters: GAD=1 vflib=1 dir=0 label=0 vlabel=1 lowerbound=1 fileNameGp=../../cp2016-max-common-connected-subgraph-paper/datasets/graphsdb/mcs10/bvg/b03m/mcs10_b03m_s100.A09 fileNameGt=../../cp2016-max-common-connected-subgraph-paper/datasets/graphsdb/mcs10/bvg/b03m/mcs10_b03m_s100.B09
Reading graphs...
100 :  150
100 :  150
Initializing...
maxdom : 8
D->valSize : 332
Solving...
Blb : 2 (clique : 32)
currentSize : 32 <-- 0.003315 s
currentSize : 33 <-- 0.374588 s
currentSize : 34 <-- 1.546792 s
currentSize : 35 <-- 2.894700 s
currentSize : 36 <-- 3.074179 s
currentSize : 37 <-- 5.860468 s
currentSize : 38 <-- 5.982424 s
currentSize : 39 <-- 198.592545 s
currentSize : 40 <-- 198.950745 s

TIMEOUT
maxsize : 40
nodes : 236436121.000000
filtered : 844726850.000000
time : 1000.000061
