Parameters: GAD=1 vflib=1 dir=0 label=0 vlabel=1 lowerbound=1 fileNameGp=../../cp2016-max-common-connected-subgraph-paper/datasets/graphsdb/mcs10/rand/r01/mcs10_r01_s60.A05 fileNameGt=../../cp2016-max-common-connected-subgraph-paper/datasets/graphsdb/mcs10/rand/r01/mcs10_r01_s60.B05
Reading graphs...
60 :  331
60 :  337
Initializing...
maxdom : 6
D->valSize : 234
Solving...
Blb : 2 (clique : 11)
currentSize : 11 <-- 0.001549 s
currentSize : 12 <-- 0.001636 s
currentSize : 13 <-- 0.001736 s
currentSize : 14 <-- 0.003826 s
currentSize : 15 <-- 0.044042 s
currentSize : 16 <-- 0.731410 s
currentSize : 17 <-- 3.753725 s

maxsize : 17
nodes : 7228373.000000
filtered : 42587575.000000
time : 28.746292
