Parameters: GAD=1 vflib=1 dir=0 label=0 vlabel=1 lowerbound=1 fileNameGp=../../cp2016-max-common-connected-subgraph-paper/datasets/graphsdb/mcs10/rand/r005/mcs10_r005_s90.A07 fileNameGt=../../cp2016-max-common-connected-subgraph-paper/datasets/graphsdb/mcs10/rand/r005/mcs10_r005_s90.B07
Reading graphs...
90 :  392
90 :  398
Initializing...
maxdom : 9
D->valSize : 522
Solving...
Blb : 5 (clique : 22)
currentSize : 22 <-- 0.005720 s
currentSize : 23 <-- 0.106266 s
currentSize : 24 <-- 1.752487 s
currentSize : 25 <-- 5.754823 s
currentSize : 26 <-- 160.710373 s
currentSize : 27 <-- 845.633850 s

TIMEOUT
maxsize : 27
nodes : 196189677.000000
filtered : 1428435031.000000
time : 1000.000000
