Parameters: GAD=1 vflib=1 dir=0 label=0 vlabel=1 lowerbound=1 fileNameGp=../../cp2016-max-common-connected-subgraph-paper/datasets/graphsdb/mcs10/bvg/b03/mcs10_b03_s60.A02 fileNameGt=../../cp2016-max-common-connected-subgraph-paper/datasets/graphsdb/mcs10/bvg/b03/mcs10_b03_s60.B02
Reading graphs...
60 :  89
60 :  90
Initializing...
maxdom : 7
D->valSize : 235
Solving...
Blb : 2 (clique : 22)
currentSize : 22 <-- 0.001877 s
currentSize : 23 <-- 0.004903 s
currentSize : 24 <-- 0.007156 s
currentSize : 25 <-- 0.114233 s
currentSize : 26 <-- 0.189468 s
currentSize : 27 <-- 1.372623 s
currentSize : 28 <-- 1.372679 s
currentSize : 29 <-- 79.468102 s
currentSize : 30 <-- 144.260132 s
currentSize : 31 <-- 153.840561 s

maxsize : 31
nodes : 52127534.000000
filtered : 383534903.000000
time : 206.200043
