Parameters: GAD=1 vflib=1 dir=0 label=0 vlabel=1 lowerbound=1 fileNameGp=../../cp2016-max-common-connected-subgraph-paper/datasets/graphsdb/mcs10/bvg/b06/mcs10_b06_s90.A02 fileNameGt=../../cp2016-max-common-connected-subgraph-paper/datasets/graphsdb/mcs10/bvg/b06/mcs10_b06_s90.B02
Reading graphs...
90 :  267
90 :  267
Initializing...
maxdom : 11
D->valSize : 508
Solving...
Blb : 2 (clique : 24)
currentSize : 24 <-- 0.005582 s
currentSize : 25 <-- 0.006160 s
currentSize : 26 <-- 0.006648 s
currentSize : 27 <-- 0.006845 s
currentSize : 28 <-- 1.567355 s
currentSize : 29 <-- 1.919611 s
currentSize : 30 <-- 111.264153 s
currentSize : 31 <-- 589.672729 s

TIMEOUT
maxsize : 31
nodes : 204526679.000000
filtered : 1149788545.000000
time : 1000.000061
