Parameters: GAD=1 vflib=1 dir=0 label=0 vlabel=1 lowerbound=1 fileNameGp=../../cp2016-max-common-connected-subgraph-paper/datasets/graphsdb/mcs10/m3D/m3Dr4/mcs10_m3Dr4_s100.A03 fileNameGt=../../cp2016-max-common-connected-subgraph-paper/datasets/graphsdb/mcs10/m3D/m3Dr4/mcs10_m3Dr4_s100.B03
Reading graphs...
100 :  271
100 :  267
Initializing...
maxdom : 5
D->valSize : 303
Solving...
Blb : 2 (clique : 26)
currentSize : 26 <-- 0.004674 s
currentSize : 27 <-- 0.005278 s
currentSize : 28 <-- 0.006432 s
currentSize : 29 <-- 0.006850 s
currentSize : 30 <-- 0.261760 s
currentSize : 31 <-- 0.604906 s
currentSize : 32 <-- 2.040179 s
currentSize : 33 <-- 10.775323 s
currentSize : 34 <-- 72.087456 s
currentSize : 35 <-- 171.793961 s

TIMEOUT
maxsize : 35
nodes : 194536100.000000
filtered : 1039518890.000000
time : 1000.000061
