Parameters: GAD=1 vflib=1 dir=0 label=0 vlabel=1 lowerbound=1 fileNameGp=../../cp2016-max-common-connected-subgraph-paper/datasets/graphsdb/mcs10/bvg/b03m/mcs10_b03m_s60.A06 fileNameGt=../../cp2016-max-common-connected-subgraph-paper/datasets/graphsdb/mcs10/bvg/b03m/mcs10_b03m_s60.B06
Reading graphs...
60 :  90
60 :  90
Initializing...
maxdom : 6
D->valSize : 239
Solving...
Blb : 2 (clique : 23)
currentSize : 23 <-- 0.001763 s
currentSize : 24 <-- 0.001879 s
currentSize : 25 <-- 0.003995 s
currentSize : 26 <-- 0.043209 s
currentSize : 27 <-- 2.584138 s
currentSize : 28 <-- 31.393543 s
currentSize : 29 <-- 45.709869 s
currentSize : 30 <-- 237.430023 s

maxsize : 30
nodes : 148203802.000000
filtered : 855752626.000000
time : 541.832336
