Parameters: GAD=1 vflib=1 dir=0 label=0 vlabel=1 lowerbound=1 fileNameGp=../../cp2016-max-common-connected-subgraph-paper/datasets/graphsdb/mcs10/m2D/m2Dr2/mcs10_m2Dr2_s90.A01 fileNameGt=../../cp2016-max-common-connected-subgraph-paper/datasets/graphsdb/mcs10/m2D/m2Dr2/mcs10_m2Dr2_s90.B01
Reading graphs...
90 :  178
90 :  178
Initializing...
maxdom : 15
D->valSize : 556
Solving...
Blb : 2 (clique : 33)
currentSize : 33 <-- 0.006501 s
currentSize : 34 <-- 0.006756 s
currentSize : 35 <-- 0.052139 s
currentSize : 36 <-- 0.073263 s
currentSize : 37 <-- 0.112112 s
currentSize : 38 <-- 0.181558 s
currentSize : 39 <-- 0.205091 s
currentSize : 40 <-- 69.532883 s
currentSize : 41 <-- 321.039917 s

TIMEOUT
maxsize : 41
nodes : 218073011.000000
filtered : 1236213672.000000
time : 1000.000061
