Parameters: GAD=1 vflib=1 dir=0 label=0 vlabel=1 lowerbound=1 fileNameGp=../../cp2016-max-common-connected-subgraph-paper/datasets/graphsdb/mcs10/m2D/m2Dr6/mcs10_m2Dr6_s70.A01 fileNameGt=../../cp2016-max-common-connected-subgraph-paper/datasets/graphsdb/mcs10/m2D/m2Dr6/mcs10_m2Dr6_s70.B01
Reading graphs...
70 :  163
70 :  162
Initializing...
maxdom : 7
D->valSize : 321
Solving...
Blb : 2 (clique : 21)
currentSize : 21 <-- 0.002690 s
currentSize : 22 <-- 0.002846 s
currentSize : 23 <-- 0.003047 s
currentSize : 24 <-- 0.007744 s
currentSize : 25 <-- 0.367933 s
currentSize : 26 <-- 11.304020 s
currentSize : 27 <-- 24.430706 s
currentSize : 28 <-- 35.237988 s
currentSize : 29 <-- 44.921505 s
currentSize : 30 <-- 155.802826 s

TIMEOUT
maxsize : 30
nodes : 214832971.000000
filtered : 1637674690.000000
time : 1000.000061
