Parameters: GAD=1 vflib=1 dir=0 label=0 vlabel=1 lowerbound=1 fileNameGp=../../cp2016-max-common-connected-subgraph-paper/datasets/graphsdb/mcs10/m2D/m2D/mcs10_m2D_s50.A01 fileNameGt=../../cp2016-max-common-connected-subgraph-paper/datasets/graphsdb/mcs10/m2D/m2D/mcs10_m2D_s50.B01
Reading graphs...
50 :  83
50 :  83
Initializing...
maxdom : 9
D->valSize : 330
Solving...
Blb : 2 (clique : 20)
currentSize : 20 <-- 0.002519 s
currentSize : 21 <-- 0.002651 s
currentSize : 23 <-- 0.002685 s
currentSize : 24 <-- 0.002735 s
currentSize : 25 <-- 61.059361 s
currentSize : 26 <-- 95.623055 s
currentSize : 27 <-- 431.203461 s

maxsize : 27
nodes : 168185544.000000
filtered : 1564044882.000000
time : 669.220825
