Parameters: GAD=1 vflib=1 dir=0 label=0 vlabel=1 lowerbound=1 fileNameGp=../../cp2016-max-common-connected-subgraph-paper/datasets/graphsdb/mcs10/m3D/m3D/mcs10_m3D_s80.A06 fileNameGt=../../cp2016-max-common-connected-subgraph-paper/datasets/graphsdb/mcs10/m3D/m3D/mcs10_m3D_s80.B06
Reading graphs...
80 :  181
80 :  181
Initializing...
maxdom : 11
D->valSize : 402
Solving...
Blb : 2 (clique : 27)
currentSize : 27 <-- 0.006220 s
currentSize : 28 <-- 0.007442 s
currentSize : 29 <-- 0.062476 s
currentSize : 30 <-- 2.115414 s
currentSize : 31 <-- 2.287152 s
currentSize : 32 <-- 2.302976 s
currentSize : 33 <-- 9.379221 s

TIMEOUT
maxsize : 33
nodes : 208671683.000000
filtered : 1429200787.000000
time : 1000.000061
