Parameters: GAD=1 vflib=1 dir=0 label=0 vlabel=1 lowerbound=1 fileNameGp=../../cp2016-max-common-connected-subgraph-paper/datasets/graphsdb/mcs10/m2D/m2Dr6/mcs10_m2Dr6_s90.A09 fileNameGt=../../cp2016-max-common-connected-subgraph-paper/datasets/graphsdb/mcs10/m2D/m2Dr6/mcs10_m2Dr6_s90.B09
Reading graphs...
90 :  212
90 :  211
Initializing...
maxdom : 8
D->valSize : 505
Solving...
Blb : 2 (clique : 28)
currentSize : 28 <-- 0.009236 s
currentSize : 29 <-- 0.010979 s
currentSize : 30 <-- 0.127336 s
currentSize : 31 <-- 0.613629 s
currentSize : 32 <-- 11.240578 s
currentSize : 33 <-- 17.145948 s
currentSize : 34 <-- 53.515022 s
currentSize : 35 <-- 209.716965 s

TIMEOUT
maxsize : 35
nodes : 207288160.000000
filtered : 1153481382.000000
time : 1000.000061
