Parameters: GAD=1 vflib=1 dir=0 label=0 vlabel=1 lowerbound=1 fileNameGp=../../cp2016-max-common-connected-subgraph-paper/datasets/graphsdb/mcs10/rand/r005/mcs10_r005_s60.A02 fileNameGt=../../cp2016-max-common-connected-subgraph-paper/datasets/graphsdb/mcs10/rand/r005/mcs10_r005_s60.B02
Reading graphs...
60 :  177
60 :  179
Initializing...
maxdom : 7
D->valSize : 246
Solving...
Blb : 2 (clique : 19)
currentSize : 19 <-- 0.001711 s
currentSize : 20 <-- 0.004363 s
currentSize : 21 <-- 0.021917 s
currentSize : 22 <-- 0.143213 s
currentSize : 23 <-- 25.121405 s

maxsize : 23
nodes : 34647813.000000
filtered : 268620482.000000
time : 144.865234
