Parameters: GAD=1 vflib=1 dir=0 label=0 vlabel=1 lowerbound=1 fileNameGp=../../cp2016-max-common-connected-subgraph-paper/datasets/graphsdb/mcs10/rand/r02/mcs10_r02_s90.A01 fileNameGt=../../cp2016-max-common-connected-subgraph-paper/datasets/graphsdb/mcs10/rand/r02/mcs10_r02_s90.B01
Reading graphs...
90 :  1433
90 :  1419
Initializing...
maxdom : 10
D->valSize : 477
Solving...
Blb : 3 (clique : 10)
currentSize : 10 <-- 0.004764 s
currentSize : 11 <-- 0.005650 s
currentSize : 12 <-- 0.051481 s
currentSize : 13 <-- 0.086273 s
currentSize : 14 <-- 7.622612 s
currentSize : 15 <-- 46.375576 s

maxsize : 15
nodes : 55002970.000000
filtered : 342508274.000000
time : 281.735046
