Parameters: GAD=1 vflib=1 dir=0 label=0 vlabel=1 lowerbound=1 fileNameGp=../../cp2016-max-common-connected-subgraph-paper/datasets/graphsdb/mcs10/m2D/m2Dr6/mcs10_m2Dr6_s70.A00 fileNameGt=../../cp2016-max-common-connected-subgraph-paper/datasets/graphsdb/mcs10/m2D/m2Dr6/mcs10_m2Dr6_s70.B00
Reading graphs...
70 :  162
70 :  164
Initializing...
maxdom : 10
D->valSize : 303
Solving...
Blb : 2 (clique : 22)
currentSize : 22 <-- 0.002408 s
currentSize : 23 <-- 0.017724 s
currentSize : 24 <-- 0.079554 s
currentSize : 25 <-- 0.955764 s
currentSize : 26 <-- 1.338998 s
currentSize : 27 <-- 18.191004 s

TIMEOUT
maxsize : 27
nodes : 251767275.000000
filtered : 1385792678.000000
time : 1000.000000
