Parameters: GAD=1 vflib=1 dir=0 label=0 vlabel=1 lowerbound=1 fileNameGp=../../cp2016-max-common-connected-subgraph-paper/datasets/graphsdb/mcs10/rand/r005/mcs10_r005_s100.A03 fileNameGt=../../cp2016-max-common-connected-subgraph-paper/datasets/graphsdb/mcs10/rand/r005/mcs10_r005_s100.B03
Reading graphs...
100 :  486
100 :  483
Initializing...
maxdom : 7
D->valSize : 321
Solving...
Blb : 2 (clique : 21)
currentSize : 21 <-- 0.002992 s
currentSize : 22 <-- 0.006443 s
currentSize : 23 <-- 0.010317 s
currentSize : 24 <-- 0.144286 s
currentSize : 25 <-- 0.155950 s
currentSize : 26 <-- 8.545103 s
currentSize : 27 <-- 961.462219 s

TIMEOUT
maxsize : 27
nodes : 195550564.000000
filtered : 1044669553.000000
time : 1000.000000
