Parameters: GAD=1 vflib=1 dir=0 label=0 vlabel=1 lowerbound=1 fileNameGp=../../cp2016-max-common-connected-subgraph-paper/datasets/graphsdb/mcs10/m3D/m3D/mcs10_m3D_s80.A02 fileNameGt=../../cp2016-max-common-connected-subgraph-paper/datasets/graphsdb/mcs10/m3D/m3D/mcs10_m3D_s80.B02
Reading graphs...
80 :  182
80 :  183
Initializing...
maxdom : 9
D->valSize : 399
Solving...
Blb : 2 (clique : 25)
currentSize : 25 <-- 0.003703 s
currentSize : 26 <-- 0.003884 s
currentSize : 27 <-- 0.004284 s
currentSize : 28 <-- 0.030432 s
currentSize : 29 <-- 0.118839 s
currentSize : 30 <-- 341.096741 s
currentSize : 31 <-- 736.373840 s

TIMEOUT
maxsize : 31
nodes : 224385187.000000
filtered : 1444037187.000000
time : 1000.000061
