Parameters: GAD=1 vflib=1 dir=0 label=0 vlabel=1 lowerbound=1 fileNameGp=../../cp2016-max-common-connected-subgraph-paper/datasets/graphsdb/mcs10/m2D/m2Dr4/mcs10_m2Dr4_s100.A08 fileNameGt=../../cp2016-max-common-connected-subgraph-paper/datasets/graphsdb/mcs10/m2D/m2Dr4/mcs10_m2Dr4_s100.B08
Reading graphs...
100 :  218
100 :  219
Initializing...
maxdom : 7
D->valSize : 325
Solving...
Blb : 5 (clique : 29)
currentSize : 29 <-- 0.003233 s
currentSize : 30 <-- 0.027007 s
currentSize : 31 <-- 1.277499 s
currentSize : 32 <-- 188.610626 s
currentSize : 33 <-- 333.223999 s
currentSize : 34 <-- 752.126099 s

TIMEOUT
maxsize : 34
nodes : 213418317.000000
filtered : 826985433.000000
time : 1000.000061
