Parameters: GAD=1 vflib=1 dir=0 label=0 vlabel=1 lowerbound=1 fileNameGp=../../cp2016-max-common-connected-subgraph-paper/datasets/graphsdb/mcs10/bvg/b03m/mcs10_b03m_s100.A04 fileNameGt=../../cp2016-max-common-connected-subgraph-paper/datasets/graphsdb/mcs10/bvg/b03m/mcs10_b03m_s100.B04
Reading graphs...
100 :  149
100 :  149
Initializing...
maxdom : 10
D->valSize : 362
Solving...
Blb : 2 (clique : 39)
currentSize : 39 <-- 0.003651 s
currentSize : 40 <-- 0.003936 s
currentSize : 41 <-- 0.013646 s
currentSize : 42 <-- 0.029106 s
currentSize : 43 <-- 1.620938 s
currentSize : 44 <-- 3.074451 s
currentSize : 45 <-- 34.663128 s
currentSize : 46 <-- 103.944824 s

TIMEOUT
maxsize : 46
nodes : 196547231.000000
filtered : 961079850.000000
time : 1000.000061
