Parameters: GAD=1 vflib=1 dir=0 label=0 vlabel=1 lowerbound=1 fileNameGp=../../cp2016-max-common-connected-subgraph-paper/datasets/graphsdb/mcs10/m4D/m4Dr6/mcs10_m4Dr6_s100.A08 fileNameGt=../../cp2016-max-common-connected-subgraph-paper/datasets/graphsdb/mcs10/m4D/m4Dr6/mcs10_m4Dr6_s100.B08
Reading graphs...
100 :  217
100 :  214
Initializing...
maxdom : 8
D->valSize : 356
Solving...
Blb : 2 (clique : 32)
currentSize : 32 <-- 0.003731 s
currentSize : 33 <-- 0.004009 s
currentSize : 34 <-- 0.004542 s
currentSize : 35 <-- 0.004695 s
currentSize : 36 <-- 0.976689 s
currentSize : 37 <-- 2.973483 s
currentSize : 38 <-- 237.562820 s
currentSize : 39 <-- 264.744812 s

TIMEOUT
maxsize : 39
nodes : 220171486.000000
filtered : 834038775.000000
time : 1000.000061
