Parameters: GAD=1 vflib=1 dir=0 label=0 vlabel=1 lowerbound=1 fileNameGp=../../cp2016-max-common-connected-subgraph-paper/datasets/graphsdb/mcs10/bvg/b06m/mcs10_b06m_s80.A09 fileNameGt=../../cp2016-max-common-connected-subgraph-paper/datasets/graphsdb/mcs10/bvg/b06m/mcs10_b06m_s80.B09
Reading graphs...
80 :  235
80 :  234
Initializing...
maxdom : 9
D->valSize : 404
Solving...
Blb : 2 (clique : 22)
currentSize : 22 <-- 0.003825 s
currentSize : 23 <-- 0.003995 s
currentSize : 24 <-- 0.004342 s
currentSize : 25 <-- 0.008794 s
currentSize : 26 <-- 0.014832 s
currentSize : 27 <-- 0.135533 s
currentSize : 28 <-- 13.036091 s
currentSize : 29 <-- 322.649658 s

TIMEOUT
maxsize : 29
nodes : 200270555.000000
filtered : 1352812174.000000
time : 1000.000061
