Parameters: GAD=1 vflib=1 dir=0 label=0 vlabel=1 lowerbound=1 fileNameGp=../../cp2016-max-common-connected-subgraph-paper/datasets/graphsdb/mcs10/m2D/m2Dr6/mcs10_m2Dr6_s70.A04 fileNameGt=../../cp2016-max-common-connected-subgraph-paper/datasets/graphsdb/mcs10/m2D/m2Dr6/mcs10_m2Dr6_s70.B04
Reading graphs...
70 :  162
70 :  161
Initializing...
maxdom : 10
D->valSize : 315
Solving...
Blb : 2 (clique : 22)
currentSize : 22 <-- 0.002601 s
currentSize : 23 <-- 0.002758 s
currentSize : 24 <-- 0.014258 s
currentSize : 25 <-- 0.051096 s
currentSize : 26 <-- 0.064872 s
currentSize : 27 <-- 0.292767 s
currentSize : 28 <-- 193.287018 s
currentSize : 29 <-- 525.457520 s

TIMEOUT
maxsize : 29
nodes : 221501274.000000
filtered : 1852686874.000000
time : 1000.000061
