Parameters: GAD=1 vflib=1 dir=0 label=0 vlabel=1 lowerbound=1 fileNameGp=../../cp2016-max-common-connected-subgraph-paper/datasets/graphsdb/mcs10/rand/r02/mcs10_r02_s90.A03 fileNameGt=../../cp2016-max-common-connected-subgraph-paper/datasets/graphsdb/mcs10/rand/r02/mcs10_r02_s90.B03
Reading graphs...
90 :  1444
90 :  1434
Initializing...
maxdom : 10
D->valSize : 537
Solving...
Blb : 2 (clique : 11)
currentSize : 11 <-- 0.005663 s
currentSize : 12 <-- 0.005861 s
currentSize : 13 <-- 0.010100 s
currentSize : 14 <-- 0.343612 s
currentSize : 15 <-- 49.846447 s
currentSize : 16 <-- 63.018219 s

maxsize : 16
nodes : 97021721.000000
filtered : 648610020.000000
time : 501.859161
