Parameters: GAD=1 vflib=1 dir=0 label=0 vlabel=1 lowerbound=1 fileNameGp=../../cp2016-max-common-connected-subgraph-paper/datasets/graphsdb/mcs10/rand/r005/mcs10_r005_s70.A06 fileNameGt=../../cp2016-max-common-connected-subgraph-paper/datasets/graphsdb/mcs10/rand/r005/mcs10_r005_s70.B06
Reading graphs...
70 :  243
70 :  237
Initializing...
maxdom : 7
D->valSize : 301
Solving...
Blb : 5 (clique : 17)
currentSize : 17 <-- 0.003650 s
currentSize : 18 <-- 0.022960 s
currentSize : 19 <-- 0.047500 s
currentSize : 20 <-- 0.462546 s
currentSize : 21 <-- 0.489870 s
currentSize : 22 <-- 1.423061 s
currentSize : 23 <-- 7.802504 s
currentSize : 24 <-- 111.839424 s
currentSize : 25 <-- 321.920227 s

maxsize : 25
nodes : 186095687.000000
filtered : 1289000249.000000
time : 871.179260
