Parameters: GAD=1 vflib=1 dir=0 label=0 vlabel=1 lowerbound=1 fileNameGp=../../cp2016-max-common-connected-subgraph-paper/datasets/graphsdb/mcs10/bvg/b03/mcs10_b03_s100.A05 fileNameGt=../../cp2016-max-common-connected-subgraph-paper/datasets/graphsdb/mcs10/bvg/b03/mcs10_b03_s100.B05
Reading graphs...
100 :  150
100 :  150
Initializing...
maxdom : 7
D->valSize : 324
Solving...
Blb : 2 (clique : 36)
currentSize : 36 <-- 0.003163 s
currentSize : 37 <-- 0.005937 s
currentSize : 38 <-- 0.007198 s
currentSize : 39 <-- 0.088805 s
currentSize : 40 <-- 0.266762 s
currentSize : 41 <-- 3.063916 s
currentSize : 42 <-- 31.034340 s

TIMEOUT
maxsize : 42
nodes : 206088522.000000
filtered : 804460354.000000
time : 1000.000061
