Parameters: GAD=1 vflib=1 dir=0 label=0 vlabel=1 lowerbound=1 fileNameGp=../../cp2016-max-common-connected-subgraph-paper/datasets/graphsdb/mcs10/rand/r005/mcs10_r005_s100.A08 fileNameGt=../../cp2016-max-common-connected-subgraph-paper/datasets/graphsdb/mcs10/rand/r005/mcs10_r005_s100.B08
Reading graphs...
100 :  487
100 :  490
Initializing...
maxdom : 8
D->valSize : 367
Solving...
Blb : 2 (clique : 20)
currentSize : 20 <-- 0.003662 s
currentSize : 21 <-- 0.004213 s
currentSize : 22 <-- 0.031906 s
currentSize : 23 <-- 0.453464 s
currentSize : 24 <-- 1.697928 s
currentSize : 25 <-- 12.046695 s
currentSize : 26 <-- 60.893711 s
currentSize : 27 <-- 458.879303 s

TIMEOUT
maxsize : 27
nodes : 186829792.000000
filtered : 1022975021.000000
time : 1000.000061
