Parameters: GAD=1 vflib=1 dir=0 label=0 vlabel=1 lowerbound=1 fileNameGp=../../cp2016-max-common-connected-subgraph-paper/datasets/graphsdb/mcs10/m3D/m3Dr4/mcs10_m3Dr4_s100.A00 fileNameGt=../../cp2016-max-common-connected-subgraph-paper/datasets/graphsdb/mcs10/m3D/m3Dr4/mcs10_m3Dr4_s100.B00
Reading graphs...
100 :  268
100 :  271
Initializing...
maxdom : 7
D->valSize : 343
Solving...
Blb : 2 (clique : 29)
currentSize : 29 <-- 0.005304 s
currentSize : 30 <-- 0.007058 s
currentSize : 31 <-- 0.058491 s
currentSize : 32 <-- 1.981438 s
currentSize : 33 <-- 6.552618 s
currentSize : 34 <-- 57.248981 s
currentSize : 35 <-- 660.246826 s

TIMEOUT
maxsize : 35
nodes : 197217489.000000
filtered : 1058618614.000000
time : 1000.000061
