Parameters: GAD=1 vflib=1 dir=0 label=0 vlabel=1 lowerbound=1 fileNameGp=../../cp2016-max-common-connected-subgraph-paper/datasets/graphsdb/mcs10/m3D/m3Dr6/mcs10_m3Dr6_s70.A01 fileNameGt=../../cp2016-max-common-connected-subgraph-paper/datasets/graphsdb/mcs10/m3D/m3Dr6/mcs10_m3Dr6_s70.B01
Reading graphs...
70 :  196
70 :  196
Initializing...
maxdom : 6
D->valSize : 290
Solving...
Blb : 2 (clique : 20)
currentSize : 20 <-- 0.002221 s
currentSize : 21 <-- 0.002352 s
currentSize : 22 <-- 0.006971 s
currentSize : 23 <-- 0.010543 s
currentSize : 24 <-- 0.012044 s
currentSize : 25 <-- 0.429000 s
currentSize : 26 <-- 1.420448 s
currentSize : 27 <-- 45.708298 s

TIMEOUT
maxsize : 27
nodes : 221332230.000000
filtered : 1459711886.000000
time : 1000.000061
