Parameters: GAD=1 vflib=1 dir=0 label=0 vlabel=1 lowerbound=1 fileNameGp=../../cp2016-max-common-connected-subgraph-paper/datasets/graphsdb/mcs10/m3D/m3Dr2/mcs10_m3Dr2_s70.A06 fileNameGt=../../cp2016-max-common-connected-subgraph-paper/datasets/graphsdb/mcs10/m3D/m3Dr2/mcs10_m3Dr2_s70.B06
Reading graphs...
70 :  170
70 :  172
Initializing...
maxdom : 8
D->valSize : 316
Solving...
Blb : 2 (clique : 21)
currentSize : 21 <-- 0.002497 s
currentSize : 22 <-- 0.003487 s
currentSize : 23 <-- 0.007549 s
currentSize : 24 <-- 2.801369 s
currentSize : 25 <-- 4.063842 s
currentSize : 26 <-- 4.622881 s
currentSize : 27 <-- 136.083405 s

TIMEOUT
maxsize : 27
nodes : 225553210.000000
filtered : 1734882480.000000
time : 1000.000000
