Parameters: GAD=1 vflib=1 dir=0 label=0 vlabel=1 lowerbound=1 fileNameGp=../../cp2016-max-common-connected-subgraph-paper/datasets/graphsdb/mcs10/rand/r005/mcs10_r005_s70.A05 fileNameGt=../../cp2016-max-common-connected-subgraph-paper/datasets/graphsdb/mcs10/rand/r005/mcs10_r005_s70.B05
Reading graphs...
70 :  241
70 :  242
Initializing...
maxdom : 7
D->valSize : 312
Solving...
Blb : 2 (clique : 19)
currentSize : 19 <-- 0.002467 s
currentSize : 20 <-- 0.003147 s
currentSize : 21 <-- 0.006544 s
currentSize : 22 <-- 0.033865 s
currentSize : 23 <-- 0.256851 s
currentSize : 24 <-- 60.664017 s
currentSize : 25 <-- 151.167038 s

TIMEOUT
maxsize : 25
nodes : 216049136.000000
filtered : 1582285129.000000
time : 1000.000000
