Parameters: GAD=1 vflib=1 dir=0 label=0 vlabel=1 lowerbound=1 fileNameGp=../../cp2016-max-common-connected-subgraph-paper/datasets/graphsdb/mcs10/m2D/m2Dr2/mcs10_m2Dr2_s70.A03 fileNameGt=../../cp2016-max-common-connected-subgraph-paper/datasets/graphsdb/mcs10/m2D/m2Dr2/mcs10_m2Dr2_s70.B03
Reading graphs...
70 :  136
70 :  136
Initializing...
maxdom : 8
D->valSize : 329
Solving...
Blb : 2 (clique : 22)
currentSize : 22 <-- 0.002602 s
currentSize : 23 <-- 0.004746 s
currentSize : 24 <-- 0.010215 s
currentSize : 25 <-- 0.023849 s
currentSize : 26 <-- 0.093940 s
currentSize : 27 <-- 1.051226 s
currentSize : 28 <-- 16.053696 s
currentSize : 29 <-- 57.171951 s
currentSize : 30 <-- 374.002686 s

TIMEOUT
maxsize : 30
nodes : 211133737.000000
filtered : 1517781276.000000
time : 1000.000000
