Parameters: GAD=1 vflib=1 dir=0 label=0 vlabel=1 lowerbound=1 fileNameGp=../../cp2016-max-common-connected-subgraph-paper/datasets/graphsdb/mcs10/m2D/m2Dr6/mcs10_m2Dr6_s100.A08 fileNameGt=../../cp2016-max-common-connected-subgraph-paper/datasets/graphsdb/mcs10/m2D/m2Dr6/mcs10_m2Dr6_s100.B08
Reading graphs...
100 :  236
100 :  233
Initializing...
maxdom : 8
D->valSize : 318
Solving...
Blb : 2 (clique : 30)
currentSize : 30 <-- 0.003215 s
currentSize : 31 <-- 0.042826 s
currentSize : 32 <-- 0.100255 s
currentSize : 33 <-- 0.435577 s
currentSize : 34 <-- 9.668277 s
currentSize : 35 <-- 13.038723 s
currentSize : 36 <-- 23.594896 s
currentSize : 37 <-- 268.549042 s

TIMEOUT
maxsize : 37
nodes : 196562250.000000
filtered : 1023673082.000000
time : 1000.000061
