Parameters: GAD=1 vflib=1 dir=0 label=0 vlabel=1 lowerbound=1 fileNameGp=../../cp2016-max-common-connected-subgraph-paper/datasets/graphsdb/mcs10/m3D/m3Dr6/mcs10_m3Dr6_s70.A03 fileNameGt=../../cp2016-max-common-connected-subgraph-paper/datasets/graphsdb/mcs10/m3D/m3Dr6/mcs10_m3Dr6_s70.B03
Reading graphs...
70 :  195
70 :  197
Initializing...
maxdom : 13
D->valSize : 307
Solving...
Blb : 2 (clique : 21)
currentSize : 21 <-- 0.002411 s
currentSize : 22 <-- 0.002889 s
currentSize : 23 <-- 0.035681 s
currentSize : 24 <-- 0.057249 s
currentSize : 25 <-- 2.536553 s
currentSize : 26 <-- 8.931904 s
currentSize : 27 <-- 28.664043 s
currentSize : 28 <-- 181.059601 s

maxsize : 28
nodes : 79043304.000000
filtered : 654127734.000000
time : 377.252899
