Parameters: GAD=1 vflib=1 dir=0 label=0 vlabel=1 lowerbound=1 fileNameGp=../../cp2016-max-common-connected-subgraph-paper/datasets/graphsdb/mcs10/m2D/m2Dr4/mcs10_m2Dr4_s100.A06 fileNameGt=../../cp2016-max-common-connected-subgraph-paper/datasets/graphsdb/mcs10/m2D/m2Dr4/mcs10_m2Dr4_s100.B06
Reading graphs...
100 :  217
100 :  219
Initializing...
maxdom : 8
D->valSize : 302
Solving...
Blb : 2 (clique : 28)
currentSize : 28 <-- 0.002805 s
currentSize : 29 <-- 0.012985 s
currentSize : 30 <-- 0.056756 s
currentSize : 31 <-- 0.087393 s
currentSize : 32 <-- 0.106801 s
currentSize : 33 <-- 0.570327 s
currentSize : 34 <-- 6.393207 s
currentSize : 35 <-- 193.799911 s
currentSize : 36 <-- 868.309998 s

TIMEOUT
maxsize : 36
nodes : 216083800.000000
filtered : 970193816.000000
time : 1000.000061
