Parameters: GAD=1 vflib=1 dir=0 label=0 vlabel=1 lowerbound=1 fileNameGp=../../cp2016-max-common-connected-subgraph-paper/datasets/graphsdb/mcs10/bvg/b06/mcs10_b06_s80.A05 fileNameGt=../../cp2016-max-common-connected-subgraph-paper/datasets/graphsdb/mcs10/bvg/b06/mcs10_b06_s80.B05
Reading graphs...
80 :  238
80 :  239
Initializing...
maxdom : 11
D->valSize : 390
Solving...
Blb : 2 (clique : 23)
currentSize : 23 <-- 0.003506 s
currentSize : 24 <-- 0.003678 s
currentSize : 25 <-- 0.005224 s
currentSize : 26 <-- 0.006708 s
currentSize : 27 <-- 0.170330 s
currentSize : 28 <-- 0.171279 s
currentSize : 29 <-- 45.786091 s
currentSize : 30 <-- 308.309509 s

TIMEOUT
maxsize : 30
nodes : 198453417.000000
filtered : 1818800559.000000
time : 1000.000000
