Parameters: GAD=1 vflib=1 dir=0 label=0 vlabel=1 lowerbound=1 fileNameGp=../../cp2016-max-common-connected-subgraph-paper/datasets/graphsdb/mcs10/m4D/m4Dr2/mcs10_m4Dr2_s100.A03 fileNameGt=../../cp2016-max-common-connected-subgraph-paper/datasets/graphsdb/mcs10/m4D/m4Dr2/mcs10_m4Dr2_s100.B03
Reading graphs...
100 :  177
100 :  179
Initializing...
maxdom : 9
D->valSize : 362
Solving...
Blb : 2 (clique : 35)
currentSize : 35 <-- 0.003765 s
currentSize : 36 <-- 0.010558 s
currentSize : 37 <-- 0.051825 s
currentSize : 38 <-- 0.248915 s
currentSize : 39 <-- 2.243018 s
currentSize : 40 <-- 11.410396 s
currentSize : 41 <-- 478.463379 s

TIMEOUT
maxsize : 41
nodes : 202211684.000000
filtered : 1082749026.000000
time : 1000.000061
