Parameters: GAD=1 vflib=1 dir=0 label=0 vlabel=1 lowerbound=1 fileNameGp=../../cp2016-max-common-connected-subgraph-paper/datasets/graphsdb/mcs10/rand/r001/mcs10_r001_s100.A00 fileNameGt=../../cp2016-max-common-connected-subgraph-paper/datasets/graphsdb/mcs10/rand/r001/mcs10_r001_s100.B00
Reading graphs...
100 :  108
100 :  108
Initializing...
maxdom : 7
D->valSize : 319
Solving...
Blb : 2 (clique : 42)
currentSize : 42 <-- 0.003237 s
currentSize : 43 <-- 0.010710 s
currentSize : 44 <-- 10.668937 s
currentSize : 45 <-- 45.624187 s
currentSize : 46 <-- 103.215485 s
currentSize : 47 <-- 188.018173 s
currentSize : 48 <-- 353.239105 s

TIMEOUT
maxsize : 48
nodes : 227275421.000000
filtered : 652513306.000000
time : 1000.000122
