Parameters: GAD=1 vflib=1 dir=0 label=0 vlabel=1 lowerbound=1 fileNameGp=../../cp2016-max-common-connected-subgraph-paper/datasets/graphsdb/mcs10/m2D/m2Dr4/mcs10_m2Dr4_s50.A04 fileNameGt=../../cp2016-max-common-connected-subgraph-paper/datasets/graphsdb/mcs10/m2D/m2Dr4/mcs10_m2Dr4_s50.B04
Reading graphs...
50 :  104
50 :  100
Initializing...
maxdom : 10
D->valSize : 310
Solving...
Blb : 3 (clique : 19)
currentSize : 19 <-- 0.002152 s
currentSize : 20 <-- 0.002294 s
currentSize : 21 <-- 0.002667 s
currentSize : 22 <-- 0.086863 s
currentSize : 23 <-- 0.223516 s
currentSize : 24 <-- 4.602693 s
currentSize : 25 <-- 26.813761 s

maxsize : 25
nodes : 29724445.000000
filtered : 328950320.000000
time : 132.614548
