Parameters: GAD=1 vflib=1 dir=0 label=0 vlabel=1 lowerbound=1 fileNameGp=../../cp2016-max-common-connected-subgraph-paper/datasets/graphsdb/mcs10/m3D/m3Dr4/mcs10_m3Dr4_s60.A06 fileNameGt=../../cp2016-max-common-connected-subgraph-paper/datasets/graphsdb/mcs10/m3D/m3Dr4/mcs10_m3Dr4_s60.B06
Reading graphs...
60 :  151
60 :  150
Initializing...
maxdom : 6
D->valSize : 230
Solving...
Blb : 5 (clique : 21)
currentSize : 21 <-- 0.001589 s
currentSize : 22 <-- 0.001747 s
currentSize : 23 <-- 0.016107 s
currentSize : 24 <-- 0.045132 s
currentSize : 25 <-- 0.823145 s
currentSize : 26 <-- 64.228455 s

maxsize : 26
nodes : 29936097.000000
filtered : 210948145.000000
time : 127.806671
