Parameters: GAD=1 vflib=1 dir=0 label=0 vlabel=1 lowerbound=1 fileNameGp=../../cp2016-max-common-connected-subgraph-paper/datasets/graphsdb/mcs10/m2D/m2D/mcs10_m2D_s60.A09 fileNameGt=../../cp2016-max-common-connected-subgraph-paper/datasets/graphsdb/mcs10/m2D/m2D/mcs10_m2D_s60.B09
Reading graphs...
60 :  104
60 :  104
Initializing...
maxdom : 7
D->valSize : 227
Solving...
Blb : 2 (clique : 21)
currentSize : 21 <-- 0.001532 s
currentSize : 22 <-- 0.005380 s
currentSize : 23 <-- 0.043534 s
currentSize : 24 <-- 0.372425 s
currentSize : 25 <-- 0.923130 s
currentSize : 26 <-- 4.289062 s
currentSize : 27 <-- 4.592677 s

maxsize : 27
nodes : 35172462.000000
filtered : 200852066.000000
time : 130.786270
