Parameters: GAD=1 vflib=1 dir=0 label=0 vlabel=1 lowerbound=1 fileNameGp=../../cp2016-max-common-connected-subgraph-paper/datasets/graphsdb/mcs10/rand/r005/mcs10_r005_s80.A02 fileNameGt=../../cp2016-max-common-connected-subgraph-paper/datasets/graphsdb/mcs10/rand/r005/mcs10_r005_s80.B02
Reading graphs...
80 :  313
80 :  316
Initializing...
maxdom : 9
D->valSize : 382
Solving...
Blb : 2 (clique : 19)
currentSize : 19 <-- 0.005603 s
currentSize : 20 <-- 0.006015 s
currentSize : 21 <-- 0.014119 s
currentSize : 22 <-- 0.082205 s
currentSize : 23 <-- 0.359721 s
currentSize : 24 <-- 0.909936 s
currentSize : 25 <-- 9.391261 s
currentSize : 26 <-- 354.378296 s

TIMEOUT
maxsize : 26
nodes : 203212043.000000
filtered : 1509304090.000000
time : 1000.000000
