Parameters: GAD=1 vflib=1 dir=0 label=0 vlabel=1 lowerbound=1 fileNameGp=../../cp2016-max-common-connected-subgraph-paper/datasets/graphsdb/mcs10/m3D/m3D/mcs10_m3D_s70.A00 fileNameGt=../../cp2016-max-common-connected-subgraph-paper/datasets/graphsdb/mcs10/m3D/m3D/mcs10_m3D_s70.B00
Reading graphs...
70 :  159
70 :  158
Initializing...
maxdom : 8
D->valSize : 333
Solving...
Blb : 2 (clique : 22)
currentSize : 22 <-- 0.002944 s
currentSize : 23 <-- 0.004095 s
currentSize : 24 <-- 0.029840 s
currentSize : 25 <-- 0.064920 s
currentSize : 26 <-- 0.135097 s
currentSize : 27 <-- 0.170249 s
currentSize : 28 <-- 6.202178 s
currentSize : 29 <-- 51.487991 s
currentSize : 30 <-- 53.267563 s

TIMEOUT
maxsize : 30
nodes : 223234348.000000
filtered : 1741114296.000000
time : 1000.000000
