Parameters: GAD=1 vflib=1 dir=0 label=0 vlabel=1 lowerbound=1 fileNameGp=../../cp2016-max-common-connected-subgraph-paper/datasets/graphsdb/mcs10/bvg/b03/mcs10_b03_s60.A01 fileNameGt=../../cp2016-max-common-connected-subgraph-paper/datasets/graphsdb/mcs10/bvg/b03/mcs10_b03_s60.B01
Reading graphs...
60 :  88
60 :  90
Initializing...
maxdom : 10
D->valSize : 220
Solving...
Blb : 2 (clique : 22)
currentSize : 22 <-- 0.001547 s
currentSize : 23 <-- 0.003185 s
currentSize : 24 <-- 0.739029 s
currentSize : 25 <-- 0.766818 s
currentSize : 26 <-- 1.937233 s
currentSize : 27 <-- 32.954197 s
currentSize : 28 <-- 33.492950 s
currentSize : 29 <-- 78.845284 s

maxsize : 29
nodes : 28433526.000000
filtered : 161160513.000000
time : 111.971031
