Parameters: GAD=1 vflib=1 dir=0 label=0 vlabel=1 lowerbound=1 fileNameGp=../../cp2016-max-common-connected-subgraph-paper/datasets/graphsdb/mcs10/bvg/b06m/mcs10_b06m_s70.A09 fileNameGt=../../cp2016-max-common-connected-subgraph-paper/datasets/graphsdb/mcs10/bvg/b06m/mcs10_b06m_s70.B09
Reading graphs...
70 :  203
70 :  206
Initializing...
maxdom : 8
D->valSize : 345
Solving...
Blb : 2 (clique : 20)
currentSize : 20 <-- 0.002906 s
currentSize : 21 <-- 0.003040 s
currentSize : 22 <-- 0.003076 s
currentSize : 23 <-- 0.010344 s
currentSize : 24 <-- 0.170295 s
currentSize : 25 <-- 1.133781 s
currentSize : 26 <-- 31.665688 s
currentSize : 27 <-- 109.628029 s

TIMEOUT
maxsize : 27
nodes : 221919088.000000
filtered : 1682679970.000000
time : 1000.000000
