Parameters: GAD=1 vflib=1 dir=0 label=0 vlabel=1 lowerbound=1 fileNameGp=../../cp2016-max-common-connected-subgraph-paper/datasets/graphsdb/mcs10/bvg/b03/mcs10_b03_s100.A08 fileNameGt=../../cp2016-max-common-connected-subgraph-paper/datasets/graphsdb/mcs10/bvg/b03/mcs10_b03_s100.B08
Reading graphs...
100 :  150
100 :  150
Initializing...
maxdom : 8
D->valSize : 337
Solving...
Blb : 2 (clique : 36)
currentSize : 36 <-- 0.003405 s
currentSize : 37 <-- 0.024093 s
currentSize : 38 <-- 0.094110 s
currentSize : 39 <-- 0.468352 s
currentSize : 40 <-- 1.685026 s
currentSize : 41 <-- 6.321843 s
currentSize : 42 <-- 288.495544 s

TIMEOUT
maxsize : 42
nodes : 231001943.000000
filtered : 880718186.000000
time : 1000.000061
