Parameters: GAD=1 vflib=1 dir=0 label=0 vlabel=1 lowerbound=1 fileNameGp=../../cp2016-max-common-connected-subgraph-paper/datasets/graphsdb/mcs10/m3D/m3Dr6/mcs10_m3Dr6_s80.A07 fileNameGt=../../cp2016-max-common-connected-subgraph-paper/datasets/graphsdb/mcs10/m3D/m3Dr6/mcs10_m3Dr6_s80.B07
Reading graphs...
80 :  229
80 :  228
Initializing...
maxdom : 7
D->valSize : 389
Solving...
Blb : 2 (clique : 24)
currentSize : 24 <-- 0.005878 s
currentSize : 25 <-- 0.123262 s
currentSize : 26 <-- 0.338811 s
currentSize : 27 <-- 0.431008 s
currentSize : 28 <-- 2.016991 s
currentSize : 29 <-- 140.224319 s

TIMEOUT
maxsize : 29
nodes : 222183802.000000
filtered : 1584999042.000000
time : 1000.000061
