Parameters: GAD=1 vflib=1 dir=0 label=0 vlabel=1 lowerbound=1 fileNameGp=../../cp2016-max-common-connected-subgraph-paper/datasets/graphsdb/mcs10/m2D/m2D/mcs10_m2D_s100.A08 fileNameGt=../../cp2016-max-common-connected-subgraph-paper/datasets/graphsdb/mcs10/m2D/m2D/mcs10_m2D_s100.B08
Reading graphs...
100 :  179
100 :  180
Initializing...
maxdom : 9
D->valSize : 314
Solving...
Blb : 2 (clique : 31)
currentSize : 31 <-- 0.003011 s
currentSize : 33 <-- 0.003227 s
currentSize : 34 <-- 0.007838 s
currentSize : 35 <-- 2.836406 s
currentSize : 36 <-- 3.013794 s
currentSize : 37 <-- 5.479692 s
currentSize : 38 <-- 60.308365 s

TIMEOUT
maxsize : 38
nodes : 223923003.000000
filtered : 879105190.000000
time : 1000.000122
