Parameters: GAD=1 vflib=1 dir=0 label=0 vlabel=1 lowerbound=1 fileNameGp=../../cp2016-max-common-connected-subgraph-paper/datasets/graphsdb/mcs10/m3D/m3Dr6/mcs10_m3Dr6_s100.A08 fileNameGt=../../cp2016-max-common-connected-subgraph-paper/datasets/graphsdb/mcs10/m3D/m3Dr6/mcs10_m3Dr6_s100.B08
Reading graphs...
100 :  287
100 :  291
Initializing...
maxdom : 7
D->valSize : 315
Solving...
Blb : 5 (clique : 27)
currentSize : 27 <-- 0.004907 s
currentSize : 28 <-- 0.031151 s
currentSize : 29 <-- 0.247740 s
currentSize : 30 <-- 2.041965 s
currentSize : 31 <-- 3.877573 s
currentSize : 32 <-- 188.848282 s
currentSize : 33 <-- 189.238907 s
currentSize : 34 <-- 235.065445 s

TIMEOUT
maxsize : 34
nodes : 204045074.000000
filtered : 980062192.000000
time : 1000.000061
