Parameters: GAD=1 vflib=1 dir=0 label=0 vlabel=1 lowerbound=1 fileNameGp=../../cp2016-max-common-connected-subgraph-paper/datasets/graphsdb/mcs10/m3D/m3D/mcs10_m3D_s90.A05 fileNameGt=../../cp2016-max-common-connected-subgraph-paper/datasets/graphsdb/mcs10/m3D/m3D/mcs10_m3D_s90.B05
Reading graphs...
90 :  206
90 :  208
Initializing...
maxdom : 10
D->valSize : 487
Solving...
Blb : 2 (clique : 31)
currentSize : 31 <-- 0.008744 s
currentSize : 32 <-- 0.070773 s
currentSize : 33 <-- 0.978428 s
currentSize : 34 <-- 13.078922 s
currentSize : 35 <-- 15.279420 s
currentSize : 36 <-- 15.545553 s
currentSize : 37 <-- 292.766632 s

TIMEOUT
maxsize : 37
nodes : 211110781.000000
filtered : 1545148650.000000
time : 1000.000061
