Parameters: GAD=1 vflib=1 dir=0 label=0 vlabel=1 lowerbound=1 fileNameGp=../../cp2016-max-common-connected-subgraph-paper/datasets/graphsdb/mcs10/m4D/m4D/mcs10_m4D_s100.A09 fileNameGt=../../cp2016-max-common-connected-subgraph-paper/datasets/graphsdb/mcs10/m4D/m4D/mcs10_m4D_s100.B09
Reading graphs...
100 :  159
100 :  158
Initializing...
maxdom : 8
D->valSize : 307
Solving...
Blb : 2 (clique : 35)
currentSize : 35 <-- 0.002985 s
currentSize : 36 <-- 0.003248 s
currentSize : 37 <-- 0.003420 s
currentSize : 38 <-- 0.004351 s
currentSize : 39 <-- 0.010047 s
currentSize : 40 <-- 55.371834 s
currentSize : 41 <-- 65.005249 s
currentSize : 42 <-- 450.077911 s
currentSize : 43 <-- 598.613037 s

TIMEOUT
maxsize : 43
nodes : 211555046.000000
filtered : 808726748.000000
time : 1000.000061
