Parameters: GAD=1 vflib=1 dir=0 label=0 vlabel=1 lowerbound=1 fileNameGp=../../cp2016-max-common-connected-subgraph-paper/datasets/graphsdb/mcs10/m2D/m2Dr4/mcs10_m2Dr4_s50.A03 fileNameGt=../../cp2016-max-common-connected-subgraph-paper/datasets/graphsdb/mcs10/m2D/m2Dr4/mcs10_m2Dr4_s50.B03
Reading graphs...
50 :  104
50 :  103
Initializing...
maxdom : 10
D->valSize : 323
Solving...
Blb : 2 (clique : 18)
currentSize : 18 <-- 0.002211 s
currentSize : 19 <-- 0.002345 s
currentSize : 20 <-- 0.004900 s
currentSize : 21 <-- 0.009569 s
currentSize : 22 <-- 0.164351 s
currentSize : 23 <-- 0.167188 s
currentSize : 24 <-- 4.142487 s
currentSize : 25 <-- 64.868309 s

maxsize : 25
nodes : 30749123.000000
filtered : 338044147.000000
time : 129.647552
