Parameters: GAD=1 vflib=1 dir=0 label=0 vlabel=1 lowerbound=1 fileNameGp=../../cp2016-max-common-connected-subgraph-paper/datasets/graphsdb/mcs10/m3D/m3Dr6/mcs10_m3Dr6_s60.A07 fileNameGt=../../cp2016-max-common-connected-subgraph-paper/datasets/graphsdb/mcs10/m3D/m3Dr6/mcs10_m3Dr6_s60.B07
Reading graphs...
60 :  166
60 :  164
Initializing...
maxdom : 8
D->valSize : 226
Solving...
Blb : 2 (clique : 19)
currentSize : 19 <-- 0.001554 s
currentSize : 20 <-- 0.045837 s
currentSize : 21 <-- 0.199885 s
currentSize : 22 <-- 1.464563 s
currentSize : 23 <-- 10.956705 s
currentSize : 24 <-- 15.269323 s

maxsize : 24
nodes : 9406296.000000
filtered : 67658869.000000
time : 39.234531
