Parameters: GAD=1 vflib=1 dir=0 label=0 vlabel=1 lowerbound=1 fileNameGp=../../cp2016-max-common-connected-subgraph-paper/datasets/graphsdb/mcs10/bvg/b06m/mcs10_b06m_s80.A07 fileNameGt=../../cp2016-max-common-connected-subgraph-paper/datasets/graphsdb/mcs10/bvg/b06m/mcs10_b06m_s80.B07
Reading graphs...
80 :  238
80 :  234
Initializing...
maxdom : 9
D->valSize : 425
Solving...
Blb : 2 (clique : 24)
currentSize : 24 <-- 0.004180 s
currentSize : 25 <-- 0.004389 s
currentSize : 26 <-- 0.006221 s
currentSize : 27 <-- 0.014193 s
currentSize : 28 <-- 0.024683 s
currentSize : 29 <-- 0.161463 s

TIMEOUT
maxsize : 29
nodes : 199843984.000000
filtered : 1479587187.000000
time : 1000.000061
