Parameters: GAD=1 vflib=1 dir=0 label=0 vlabel=1 lowerbound=1 fileNameGp=../../cp2016-max-common-connected-subgraph-paper/datasets/graphsdb/mcs10/bvg/b03/mcs10_b03_s70.A09 fileNameGt=../../cp2016-max-common-connected-subgraph-paper/datasets/graphsdb/mcs10/bvg/b03/mcs10_b03_s70.B09
Reading graphs...
70 :  105
70 :  105
Initializing...
maxdom : 7
D->valSize : 298
Solving...
Blb : 2 (clique : 28)
currentSize : 28 <-- 0.002468 s
currentSize : 29 <-- 0.003243 s
currentSize : 30 <-- 0.003427 s
currentSize : 31 <-- 0.882595 s
currentSize : 32 <-- 2.562966 s
currentSize : 33 <-- 85.618500 s

TIMEOUT
maxsize : 33
nodes : 239146500.000000
filtered : 1259033647.000000
time : 1000.000061
