Parameters: GAD=1 vflib=1 dir=0 label=0 vlabel=1 lowerbound=1 fileNameGp=../../cp2016-max-common-connected-subgraph-paper/datasets/graphsdb/mcs10/m3D/m3Dr2/mcs10_m3Dr2_s90.A04 fileNameGt=../../cp2016-max-common-connected-subgraph-paper/datasets/graphsdb/mcs10/m3D/m3Dr2/mcs10_m3Dr2_s90.B04
Reading graphs...
90 :  227
90 :  222
Initializing...
maxdom : 8
D->valSize : 514
Solving...
Blb : 2 (clique : 30)
currentSize : 30 <-- 0.005810 s
currentSize : 31 <-- 3.416029 s
currentSize : 32 <-- 3.948500 s
currentSize : 33 <-- 44.442715 s
currentSize : 34 <-- 71.966797 s
currentSize : 35 <-- 215.219223 s

TIMEOUT
maxsize : 35
nodes : 204664269.000000
filtered : 1451204995.000000
time : 1000.000061
