Parameters: GAD=1 vflib=1 dir=0 label=0 vlabel=1 lowerbound=1 fileNameGp=../../cp2016-max-common-connected-subgraph-paper/datasets/graphsdb/mcs10/m2D/m2Dr4/mcs10_m2Dr4_s70.A07 fileNameGt=../../cp2016-max-common-connected-subgraph-paper/datasets/graphsdb/mcs10/m2D/m2Dr4/mcs10_m2Dr4_s70.B07
Reading graphs...
70 :  151
70 :  148
Initializing...
maxdom : 9
D->valSize : 317
Solving...
Blb : 2 (clique : 24)
currentSize : 24 <-- 0.002599 s
currentSize : 25 <-- 0.031344 s
currentSize : 26 <-- 0.598327 s
currentSize : 27 <-- 1.321397 s
currentSize : 28 <-- 24.865450 s
currentSize : 29 <-- 144.905167 s

TIMEOUT
maxsize : 29
nodes : 230357562.000000
filtered : 1457245896.000000
time : 1000.000000
