Parameters: GAD=1 vflib=1 dir=0 label=0 vlabel=1 lowerbound=1 fileNameGp=../../cp2016-max-common-connected-subgraph-paper/datasets/graphsdb/mcs10/m2D/m2D/mcs10_m2D_s90.A03 fileNameGt=../../cp2016-max-common-connected-subgraph-paper/datasets/graphsdb/mcs10/m2D/m2D/mcs10_m2D_s90.B03
Reading graphs...
90 :  160
90 :  160
Initializing...
maxdom : 8
D->valSize : 509
Solving...
Blb : 2 (clique : 33)
currentSize : 33 <-- 0.006775 s
currentSize : 34 <-- 0.007063 s
currentSize : 35 <-- 0.790294 s
currentSize : 36 <-- 1.369747 s
currentSize : 37 <-- 2.707679 s
currentSize : 38 <-- 12.049587 s
currentSize : 39 <-- 50.327061 s
currentSize : 40 <-- 178.539673 s

TIMEOUT
maxsize : 40
nodes : 207666248.000000
filtered : 1199211166.000000
time : 1000.000061
