Parameters: GAD=1 vflib=1 dir=0 label=0 vlabel=1 lowerbound=1 fileNameGp=../../cp2016-max-common-connected-subgraph-paper/datasets/graphsdb/mcs10/bvg/b03m/mcs10_b03m_s90.A06 fileNameGt=../../cp2016-max-common-connected-subgraph-paper/datasets/graphsdb/mcs10/bvg/b03m/mcs10_b03m_s90.B06
Reading graphs...
90 :  133
90 :  132
Initializing...
maxdom : 11
D->valSize : 520
Solving...
Blb : 2 (clique : 35)
currentSize : 35 <-- 0.009875 s
currentSize : 36 <-- 0.010333 s
currentSize : 37 <-- 0.010681 s
currentSize : 38 <-- 0.012046 s
currentSize : 39 <-- 4.144972 s
currentSize : 40 <-- 231.867447 s

TIMEOUT
maxsize : 40
nodes : 292212411.000000
filtered : 926732241.000000
time : 1000.000061
