Parameters: GAD=1 vflib=1 dir=0 label=0 vlabel=1 lowerbound=1 fileNameGp=../../cp2016-max-common-connected-subgraph-paper/datasets/graphsdb/mcs10/m2D/m2Dr6/mcs10_m2Dr6_s100.A01 fileNameGt=../../cp2016-max-common-connected-subgraph-paper/datasets/graphsdb/mcs10/m2D/m2Dr6/mcs10_m2Dr6_s100.B01
Reading graphs...
100 :  237
100 :  237
Initializing...
maxdom : 8
D->valSize : 340
Solving...
Blb : 2 (clique : 29)
currentSize : 29 <-- 0.003400 s
currentSize : 30 <-- 0.752312 s
currentSize : 31 <-- 0.861846 s
currentSize : 32 <-- 3.148960 s
currentSize : 33 <-- 27.446327 s
currentSize : 34 <-- 71.123489 s
currentSize : 35 <-- 233.432007 s

TIMEOUT
maxsize : 35
nodes : 182327082.000000
filtered : 964002468.000000
time : 1000.000061
