Parameters: GAD=1 vflib=1 dir=0 label=0 vlabel=1 lowerbound=1 fileNameGp=../../cp2016-max-common-connected-subgraph-paper/datasets/graphsdb/mcs10/rand/r01/mcs10_r01_s70.A04 fileNameGt=../../cp2016-max-common-connected-subgraph-paper/datasets/graphsdb/mcs10/rand/r01/mcs10_r01_s70.B04
Reading graphs...
70 :  462
70 :  458
Initializing...
maxdom : 6
D->valSize : 300
Solving...
Blb : 2 (clique : 12)
currentSize : 12 <-- 0.002326 s
currentSize : 13 <-- 0.002430 s
currentSize : 14 <-- 0.006190 s
currentSize : 15 <-- 0.028620 s
currentSize : 16 <-- 0.498541 s
currentSize : 17 <-- 0.504601 s
currentSize : 18 <-- 28.385462 s

maxsize : 18
nodes : 22039176.000000
filtered : 142585665.000000
time : 97.072685
