Parameters: GAD=1 vflib=1 dir=0 label=0 vlabel=1 lowerbound=1 fileNameGp=../../cp2016-max-common-connected-subgraph-paper/datasets/graphsdb/mcs10/rand/r01/mcs10_r01_s80.A01 fileNameGt=../../cp2016-max-common-connected-subgraph-paper/datasets/graphsdb/mcs10/rand/r01/mcs10_r01_s80.B01
Reading graphs...
80 :  609
80 :  604
Initializing...
maxdom : 11
D->valSize : 418
Solving...
Blb : 3 (clique : 13)
currentSize : 13 <-- 0.003759 s
currentSize : 14 <-- 0.003879 s
currentSize : 15 <-- 0.010294 s
currentSize : 16 <-- 0.105450 s
currentSize : 17 <-- 0.121813 s
currentSize : 18 <-- 3.848311 s
currentSize : 19 <-- 37.120869 s

TIMEOUT
maxsize : 19
nodes : 205991911.000000
filtered : 1509725690.000000
time : 1000.000000
