Parameters: GAD=1 vflib=1 dir=0 label=0 vlabel=1 lowerbound=1 fileNameGp=../../cp2016-max-common-connected-subgraph-paper/datasets/graphsdb/mcs10/m3D/m3Dr6/mcs10_m3Dr6_s60.A00 fileNameGt=../../cp2016-max-common-connected-subgraph-paper/datasets/graphsdb/mcs10/m3D/m3Dr6/mcs10_m3Dr6_s60.B00
Reading graphs...
60 :  168
60 :  165
Initializing...
maxdom : 10
D->valSize : 261
Solving...
Blb : 2 (clique : 17)
currentSize : 17 <-- 0.001783 s
currentSize : 18 <-- 0.001884 s
currentSize : 19 <-- 0.002000 s
currentSize : 20 <-- 0.013271 s
currentSize : 21 <-- 0.026318 s
currentSize : 22 <-- 0.255435 s
currentSize : 23 <-- 0.972042 s
currentSize : 24 <-- 85.263702 s

maxsize : 24
nodes : 33648575.000000
filtered : 245758400.000000
time : 139.507050
