Parameters: GAD=1 vflib=1 dir=0 label=0 vlabel=1 lowerbound=1 fileNameGp=../../cp2016-max-common-connected-subgraph-paper/datasets/graphsdb/mcs10/bvg/b03m/mcs10_b03m_s100.A07 fileNameGt=../../cp2016-max-common-connected-subgraph-paper/datasets/graphsdb/mcs10/bvg/b03m/mcs10_b03m_s100.B07
Reading graphs...
100 :  149
100 :  148
Initializing...
maxdom : 8
D->valSize : 320
Solving...
Blb : 2 (clique : 32)
currentSize : 32 <-- 0.003140 s
currentSize : 33 <-- 0.003361 s
currentSize : 34 <-- 0.009000 s
currentSize : 35 <-- 0.133886 s
currentSize : 36 <-- 0.532627 s
currentSize : 37 <-- 52.783428 s
currentSize : 38 <-- 53.239624 s
currentSize : 39 <-- 161.821854 s
currentSize : 40 <-- 828.992554 s

TIMEOUT
maxsize : 40
nodes : 224095824.000000
filtered : 655411335.000000
time : 1000.000061
