Parameters: GAD=1 vflib=1 dir=0 label=0 vlabel=1 lowerbound=1 fileNameGp=../../cp2016-max-common-connected-subgraph-paper/datasets/graphsdb/mcs10/bvg/b03m/mcs10_b03m_s70.A08 fileNameGt=../../cp2016-max-common-connected-subgraph-paper/datasets/graphsdb/mcs10/bvg/b03m/mcs10_b03m_s70.B08
Reading graphs...
70 :  104
70 :  105
Initializing...
maxdom : 9
D->valSize : 294
Solving...
Blb : 2 (clique : 26)
currentSize : 26 <-- 0.002367 s
currentSize : 27 <-- 0.002516 s
currentSize : 28 <-- 0.002624 s
currentSize : 29 <-- 10.831987 s
currentSize : 30 <-- 10.839578 s
currentSize : 31 <-- 13.551855 s
currentSize : 32 <-- 20.975580 s

TIMEOUT
maxsize : 32
nodes : 243337349.000000
filtered : 1485410535.000000
time : 1000.000000
