Parameters: GAD=1 vflib=1 dir=0 label=0 vlabel=1 lowerbound=1 fileNameGp=../../cp2016-max-common-connected-subgraph-paper/datasets/graphsdb/mcs10/m2D/m2Dr6/mcs10_m2Dr6_s90.A05 fileNameGt=../../cp2016-max-common-connected-subgraph-paper/datasets/graphsdb/mcs10/m2D/m2Dr6/mcs10_m2Dr6_s90.B05
Reading graphs...
90 :  212
90 :  211
Initializing...
maxdom : 11
D->valSize : 536
Solving...
Blb : 2 (clique : 30)
currentSize : 30 <-- 0.010178 s
currentSize : 34 <-- 0.010575 s
currentSize : 35 <-- 0.010762 s
currentSize : 36 <-- 0.011387 s
currentSize : 37 <-- 0.012848 s
currentSize : 38 <-- 0.054293 s
currentSize : 39 <-- 0.382056 s

TIMEOUT
maxsize : 39
nodes : 192884900.000000
filtered : 1622772546.000000
time : 1000.000061
