Parameters: GAD=1 vflib=1 dir=0 label=0 vlabel=1 lowerbound=1 fileNameGp=../../cp2016-max-common-connected-subgraph-paper/datasets/graphsdb/mcs10/bvg/b06/mcs10_b06_s90.A04 fileNameGt=../../cp2016-max-common-connected-subgraph-paper/datasets/graphsdb/mcs10/bvg/b06/mcs10_b06_s90.B04
Reading graphs...
90 :  269
90 :  266
Initializing...
maxdom : 9
D->valSize : 498
Solving...
Blb : 5 (clique : 27)
currentSize : 27 <-- 0.005592 s
currentSize : 28 <-- 0.010356 s
currentSize : 29 <-- 0.094782 s
currentSize : 30 <-- 5.020434 s
currentSize : 31 <-- 91.796280 s
currentSize : 32 <-- 479.853241 s

TIMEOUT
maxsize : 32
nodes : 200347962.000000
filtered : 1349075272.000000
time : 1000.000061
