Parameters: GAD=1 vflib=1 dir=0 label=0 vlabel=1 lowerbound=1 fileNameGp=../../cp2016-max-common-connected-subgraph-paper/datasets/graphsdb/mcs10/bvg/b03m/mcs10_b03m_s60.A05 fileNameGt=../../cp2016-max-common-connected-subgraph-paper/datasets/graphsdb/mcs10/bvg/b03m/mcs10_b03m_s60.B05
Reading graphs...
60 :  89
60 :  90
Initializing...
maxdom : 8
D->valSize : 252
Solving...
Blb : 2 (clique : 24)
currentSize : 24 <-- 0.002818 s
currentSize : 25 <-- 0.049329 s
currentSize : 26 <-- 0.095384 s
currentSize : 27 <-- 0.146717 s
currentSize : 28 <-- 0.625804 s
currentSize : 29 <-- 46.788891 s
currentSize : 30 <-- 70.360680 s

maxsize : 30
nodes : 20004056.000000
filtered : 141995501.000000
time : 91.189850
