Parameters: GAD=1 vflib=1 dir=0 label=0 vlabel=1 lowerbound=1 fileNameGp=../../cp2016-max-common-connected-subgraph-paper/datasets/graphsdb/mcs10/m2D/m2Dr4/mcs10_m2Dr4_s60.A05 fileNameGt=../../cp2016-max-common-connected-subgraph-paper/datasets/graphsdb/mcs10/m2D/m2Dr4/mcs10_m2Dr4_s60.B05
Reading graphs...
60 :  124
60 :  127
Initializing...
maxdom : 8
D->valSize : 238
Solving...
Blb : 2 (clique : 18)
currentSize : 18 <-- 0.001645 s
currentSize : 19 <-- 0.001757 s
currentSize : 20 <-- 0.001797 s
currentSize : 21 <-- 0.206804 s
currentSize : 22 <-- 4.168054 s
currentSize : 23 <-- 10.942173 s
currentSize : 24 <-- 90.518173 s

TIMEOUT
maxsize : 24
nodes : 267874370.000000
filtered : 1657712598.000000
time : 1000.000000
