Parameters: GAD=1 vflib=1 dir=0 label=0 vlabel=1 lowerbound=1 fileNameGp=../../cp2016-max-common-connected-subgraph-paper/datasets/graphsdb/mcs10/rand/r01/mcs10_r01_s80.A09 fileNameGt=../../cp2016-max-common-connected-subgraph-paper/datasets/graphsdb/mcs10/rand/r01/mcs10_r01_s80.B09
Reading graphs...
80 :  601
80 :  600
Initializing...
maxdom : 9
D->valSize : 406
Solving...
Blb : 2 (clique : 13)
currentSize : 13 <-- 0.005770 s
currentSize : 14 <-- 0.005952 s
currentSize : 15 <-- 0.006090 s
currentSize : 16 <-- 0.024863 s
currentSize : 17 <-- 0.122961 s
currentSize : 18 <-- 0.390910 s
currentSize : 19 <-- 54.966267 s

TIMEOUT
maxsize : 19
nodes : 206788922.000000
filtered : 1489630622.000000
time : 1000.000061
