Parameters: GAD=1 vflib=1 dir=0 label=0 vlabel=1 lowerbound=1 fileNameGp=../../cp2016-max-common-connected-subgraph-paper/datasets/graphsdb/mcs10/rand/r005/mcs10_r005_s100.A07 fileNameGt=../../cp2016-max-common-connected-subgraph-paper/datasets/graphsdb/mcs10/rand/r005/mcs10_r005_s100.B07
Reading graphs...
100 :  490
100 :  492
Initializing...
maxdom : 7
D->valSize : 321
Solving...
Blb : 2 (clique : 18)
currentSize : 18 <-- 0.002978 s
currentSize : 19 <-- 0.003149 s
currentSize : 20 <-- 0.003242 s
currentSize : 21 <-- 0.034780 s
currentSize : 22 <-- 0.119249 s
currentSize : 23 <-- 0.164129 s
currentSize : 24 <-- 2.187319 s
currentSize : 25 <-- 82.725731 s

TIMEOUT
maxsize : 25
nodes : 195488905.000000
filtered : 1098986561.000000
time : 1000.000061
