Parameters: GAD=1 vflib=1 dir=0 label=0 vlabel=1 lowerbound=1 fileNameGp=../../cp2016-max-common-connected-subgraph-paper/datasets/graphsdb/mcs10/bvg/b03m/mcs10_b03m_s70.A00 fileNameGt=../../cp2016-max-common-connected-subgraph-paper/datasets/graphsdb/mcs10/bvg/b03m/mcs10_b03m_s70.B00
Reading graphs...
70 :  105
70 :  105
Initializing...
maxdom : 9
D->valSize : 300
Solving...
Blb : 2 (clique : 27)
currentSize : 27 <-- 0.002408 s
currentSize : 28 <-- 0.005131 s
currentSize : 29 <-- 0.010860 s
currentSize : 30 <-- 0.028599 s
currentSize : 31 <-- 10.670284 s
currentSize : 32 <-- 246.925980 s

TIMEOUT
maxsize : 32
nodes : 245592476.000000
filtered : 1283737442.000000
time : 1000.000061
