Parameters: GAD=1 vflib=1 dir=0 label=0 vlabel=1 lowerbound=1 fileNameGp=../../cp2016-max-common-connected-subgraph-paper/datasets/graphsdb/mcs10/bvg/b03/mcs10_b03_s90.A01 fileNameGt=../../cp2016-max-common-connected-subgraph-paper/datasets/graphsdb/mcs10/bvg/b03/mcs10_b03_s90.B01
Reading graphs...
90 :  134
90 :  134
Initializing...
maxdom : 10
D->valSize : 530
Solving...
Blb : 2 (clique : 39)
currentSize : 39 <-- 0.006258 s
currentSize : 40 <-- 0.317324 s
currentSize : 41 <-- 0.327712 s
currentSize : 42 <-- 14.590389 s
currentSize : 43 <-- 19.475792 s
currentSize : 44 <-- 23.135963 s
currentSize : 45 <-- 285.198883 s

TIMEOUT
maxsize : 45
nodes : 238644349.000000
filtered : 934697511.000000
time : 1000.000061
