Parameters: GAD=1 vflib=1 dir=0 label=0 vlabel=1 lowerbound=1 fileNameGp=../../cp2016-max-common-connected-subgraph-paper/datasets/graphsdb/mcs10/bvg/b06m/mcs10_b06m_s70.A00 fileNameGt=../../cp2016-max-common-connected-subgraph-paper/datasets/graphsdb/mcs10/bvg/b06m/mcs10_b06m_s70.B00
Reading graphs...
70 :  202
70 :  203
Initializing...
maxdom : 9
D->valSize : 323
Solving...
Blb : 2 (clique : 21)
currentSize : 21 <-- 0.002561 s
currentSize : 22 <-- 0.003531 s
currentSize : 23 <-- 0.006417 s
currentSize : 24 <-- 0.012260 s
currentSize : 25 <-- 0.047908 s
currentSize : 26 <-- 0.952129 s
currentSize : 27 <-- 653.330322 s
currentSize : 28 <-- 759.243530 s

TIMEOUT
maxsize : 28
nodes : 229260000.000000
filtered : 1518027588.000000
time : 1000.000000
