Parameters: GAD=1 vflib=1 dir=0 label=0 vlabel=1 lowerbound=1 fileNameGp=../../cp2016-max-common-connected-subgraph-paper/datasets/graphsdb/mcs10/m3D/m3Dr6/mcs10_m3Dr6_s90.A02 fileNameGt=../../cp2016-max-common-connected-subgraph-paper/datasets/graphsdb/mcs10/m3D/m3Dr6/mcs10_m3Dr6_s90.B02
Reading graphs...
90 :  259
90 :  261
Initializing...
maxdom : 9
D->valSize : 514
Solving...
Blb : 2 (clique : 27)
currentSize : 27 <-- 0.005526 s
currentSize : 28 <-- 0.205832 s
currentSize : 29 <-- 0.214600 s
currentSize : 30 <-- 5.204708 s
currentSize : 31 <-- 11.604238 s
currentSize : 32 <-- 49.217583 s
currentSize : 33 <-- 110.971329 s
currentSize : 34 <-- 804.664978 s

TIMEOUT
maxsize : 34
nodes : 184205909.000000
filtered : 1699898983.000000
time : 1000.000061
