Parameters: GAD=1 vflib=1 dir=0 label=0 vlabel=1 lowerbound=1 fileNameGp=../../cp2016-max-common-connected-subgraph-paper/datasets/graphsdb/mcs10/bvg/b06m/mcs10_b06m_s70.A06 fileNameGt=../../cp2016-max-common-connected-subgraph-paper/datasets/graphsdb/mcs10/bvg/b06m/mcs10_b06m_s70.B06
Reading graphs...
70 :  205
70 :  201
Initializing...
maxdom : 9
D->valSize : 334
Solving...
Blb : 2 (clique : 20)
currentSize : 20 <-- 0.002730 s
currentSize : 21 <-- 0.002977 s
currentSize : 22 <-- 0.003208 s
currentSize : 23 <-- 0.005549 s
currentSize : 24 <-- 0.015206 s
currentSize : 26 <-- 0.368778 s
currentSize : 27 <-- 737.466736 s

TIMEOUT
maxsize : 27
nodes : 219485872.000000
filtered : 1655215126.000000
time : 1000.000061
