Parameters: GAD=1 vflib=1 dir=0 label=0 vlabel=1 lowerbound=1 fileNameGp=../../cp2016-max-common-connected-subgraph-paper/datasets/graphsdb/mcs10/m3D/m3D/mcs10_m3D_s90.A07 fileNameGt=../../cp2016-max-common-connected-subgraph-paper/datasets/graphsdb/mcs10/m3D/m3D/mcs10_m3D_s90.B07
Reading graphs...
90 :  209
90 :  207
Initializing...
maxdom : 10
D->valSize : 479
Solving...
Blb : 2 (clique : 29)
currentSize : 29 <-- 0.008547 s
currentSize : 30 <-- 0.008894 s
currentSize : 31 <-- 0.022988 s
currentSize : 32 <-- 1.240725 s
currentSize : 33 <-- 10.210442 s
currentSize : 34 <-- 10.212912 s
currentSize : 35 <-- 33.786331 s
currentSize : 36 <-- 87.012192 s

TIMEOUT
maxsize : 36
nodes : 198568633.000000
filtered : 1156185531.000000
time : 1000.000061
