Parameters: GAD=1 vflib=1 dir=0 label=0 vlabel=1 lowerbound=1 fileNameGp=../../cp2016-max-common-connected-subgraph-paper/datasets/graphsdb/mcs10/m2D/m2Dr4/mcs10_m2Dr4_s70.A09 fileNameGt=../../cp2016-max-common-connected-subgraph-paper/datasets/graphsdb/mcs10/m2D/m2Dr4/mcs10_m2Dr4_s70.B09
Reading graphs...
70 :  149
70 :  150
Initializing...
maxdom : 10
D->valSize : 316
Solving...
Blb : 2 (clique : 25)
currentSize : 25 <-- 0.002605 s
currentSize : 26 <-- 0.003472 s
currentSize : 27 <-- 0.091986 s
currentSize : 28 <-- 0.953695 s
currentSize : 29 <-- 4.940644 s
currentSize : 30 <-- 114.298820 s
currentSize : 31 <-- 114.661491 s
currentSize : 32 <-- 811.695190 s

TIMEOUT
maxsize : 32
nodes : 222168615.000000
filtered : 1536565588.000000
time : 1000.000000
