Parameters: GAD=1 vflib=1 dir=0 label=0 vlabel=1 lowerbound=1 fileNameGp=../../cp2016-max-common-connected-subgraph-paper/datasets/graphsdb/mcs10/rand/r005/mcs10_r005_s70.A09 fileNameGt=../../cp2016-max-common-connected-subgraph-paper/datasets/graphsdb/mcs10/rand/r005/mcs10_r005_s70.B09
Reading graphs...
70 :  237
70 :  242
Initializing...
maxdom : 12
D->valSize : 320
Solving...
Blb : 2 (clique : 20)
currentSize : 20 <-- 0.002671 s
currentSize : 21 <-- 0.002924 s
currentSize : 22 <-- 0.005727 s
currentSize : 23 <-- 0.020141 s
currentSize : 24 <-- 1.779821 s
currentSize : 25 <-- 126.275871 s

TIMEOUT
maxsize : 25
nodes : 222837674.000000
filtered : 1614029905.000000
time : 1000.000000
