Parameters: GAD=1 vflib=1 dir=0 label=0 vlabel=1 lowerbound=1 fileNameGp=../../cp2016-max-common-connected-subgraph-paper/datasets/graphsdb/mcs10/bvg/b06/mcs10_b06_s70.A08 fileNameGt=../../cp2016-max-common-connected-subgraph-paper/datasets/graphsdb/mcs10/bvg/b06/mcs10_b06_s70.B08
Reading graphs...
70 :  208
70 :  206
Initializing...
maxdom : 8
D->valSize : 332
Solving...
Blb : 2 (clique : 20)
currentSize : 20 <-- 0.004406 s
currentSize : 21 <-- 0.005026 s
currentSize : 22 <-- 0.007644 s
currentSize : 23 <-- 0.008733 s
currentSize : 24 <-- 0.090676 s
currentSize : 25 <-- 0.164486 s
currentSize : 26 <-- 5.519128 s
currentSize : 27 <-- 261.346497 s

TIMEOUT
maxsize : 27
nodes : 206981599.000000
filtered : 1747186622.000000
time : 1000.000061
