Parameters: GAD=1 vflib=1 dir=0 label=0 vlabel=1 lowerbound=1 fileNameGp=../../cp2016-max-common-connected-subgraph-paper/datasets/graphsdb/mcs10/bvg/b06/mcs10_b06_s70.A06 fileNameGt=../../cp2016-max-common-connected-subgraph-paper/datasets/graphsdb/mcs10/bvg/b06/mcs10_b06_s70.B06
Reading graphs...
70 :  206
70 :  206
Initializing...
maxdom : 8
D->valSize : 311
Solving...
Blb : 5 (clique : 20)
currentSize : 20 <-- 0.002491 s
currentSize : 21 <-- 0.002892 s
currentSize : 22 <-- 0.004802 s
currentSize : 23 <-- 0.023532 s
currentSize : 24 <-- 7.002082 s
currentSize : 25 <-- 29.156984 s
currentSize : 26 <-- 31.419289 s

TIMEOUT
maxsize : 26
nodes : 223122794.000000
filtered : 1433535210.000000
time : 1000.000061
