Parameters: GAD=1 vflib=1 dir=0 label=0 vlabel=1 lowerbound=1 fileNameGp=../../cp2016-max-common-connected-subgraph-paper/datasets/graphsdb/mcs10/m3D/m3Dr2/mcs10_m3Dr2_s60.A02 fileNameGt=../../cp2016-max-common-connected-subgraph-paper/datasets/graphsdb/mcs10/m3D/m3Dr2/mcs10_m3Dr2_s60.B02
Reading graphs...
60 :  143
60 :  142
Initializing...
maxdom : 7
D->valSize : 235
Solving...
Blb : 2 (clique : 19)
currentSize : 19 <-- 0.001638 s
currentSize : 20 <-- 0.001951 s
currentSize : 21 <-- 0.002371 s
currentSize : 22 <-- 0.007244 s
currentSize : 23 <-- 0.007376 s
currentSize : 24 <-- 1.855465 s
currentSize : 25 <-- 3.039501 s
currentSize : 26 <-- 6.241741 s
currentSize : 27 <-- 89.854599 s

maxsize : 27
nodes : 33241682.000000
filtered : 238397260.000000
time : 133.966385
