Parameters: GAD=1 vflib=1 dir=0 label=0 vlabel=1 lowerbound=1 fileNameGp=../../cp2016-max-common-connected-subgraph-paper/datasets/graphsdb/mcs10/m2D/m2Dr6/mcs10_m2Dr6_s100.A02 fileNameGt=../../cp2016-max-common-connected-subgraph-paper/datasets/graphsdb/mcs10/m2D/m2Dr6/mcs10_m2Dr6_s100.B02
Reading graphs...
100 :  238
100 :  236
Initializing...
maxdom : 7
D->valSize : 321
Solving...
Blb : 2 (clique : 29)
currentSize : 29 <-- 0.005116 s
currentSize : 30 <-- 0.005453 s
currentSize : 31 <-- 0.006502 s
currentSize : 32 <-- 0.009751 s
currentSize : 33 <-- 0.172652 s
currentSize : 34 <-- 3.407476 s
currentSize : 35 <-- 3.765462 s
currentSize : 36 <-- 8.128530 s
currentSize : 37 <-- 110.707298 s
currentSize : 38 <-- 590.423706 s

TIMEOUT
maxsize : 38
nodes : 208348715.000000
filtered : 818628410.000000
time : 1000.000061
