Parameters: GAD=1 vflib=1 dir=0 label=0 vlabel=1 lowerbound=1 fileNameGp=../../cp2016-max-common-connected-subgraph-paper/datasets/graphsdb/mcs10/m3D/m3Dr6/mcs10_m3Dr6_s70.A06 fileNameGt=../../cp2016-max-common-connected-subgraph-paper/datasets/graphsdb/mcs10/m3D/m3Dr6/mcs10_m3Dr6_s70.B06
Reading graphs...
70 :  198
70 :  197
Initializing...
maxdom : 9
D->valSize : 322
Solving...
Blb : 2 (clique : 22)
currentSize : 22 <-- 0.004048 s
currentSize : 23 <-- 0.004302 s
currentSize : 24 <-- 0.113899 s
currentSize : 25 <-- 2.016866 s
currentSize : 26 <-- 2.024904 s
currentSize : 27 <-- 239.391891 s

TIMEOUT
maxsize : 27
nodes : 224249571.000000
filtered : 1543601356.000000
time : 1000.000061
