Parameters: GAD=1 vflib=1 dir=0 label=0 vlabel=1 lowerbound=1 fileNameGp=../../cp2016-max-common-connected-subgraph-paper/datasets/graphsdb/mcs10/bvg/b09/mcs10_b09_s100.A07 fileNameGt=../../cp2016-max-common-connected-subgraph-paper/datasets/graphsdb/mcs10/bvg/b09/mcs10_b09_s100.B07
Reading graphs...
100 :  446
100 :  441
Initializing...
maxdom : 9
D->valSize : 317
Solving...
Blb : 2 (clique : 21)
currentSize : 21 <-- 0.004563 s
currentSize : 22 <-- 0.004856 s
currentSize : 23 <-- 0.177789 s
currentSize : 24 <-- 0.211966 s
currentSize : 25 <-- 0.863772 s
currentSize : 26 <-- 2.463870 s
currentSize : 27 <-- 3.069350 s
currentSize : 28 <-- 30.431477 s
currentSize : 29 <-- 33.572296 s
currentSize : 30 <-- 757.880310 s

TIMEOUT
maxsize : 30
nodes : 184000170.000000
filtered : 1186387566.000000
time : 1000.000000
