Parameters: GAD=1 vflib=1 dir=0 label=0 vlabel=1 lowerbound=1 fileNameGp=../../cp2016-max-common-connected-subgraph-paper/datasets/graphsdb/mcs10/m3D/m3Dr6/mcs10_m3Dr6_s90.A06 fileNameGt=../../cp2016-max-common-connected-subgraph-paper/datasets/graphsdb/mcs10/m3D/m3Dr6/mcs10_m3Dr6_s90.B06
Reading graphs...
90 :  259
90 :  259
Initializing...
maxdom : 14
D->valSize : 488
Solving...
Blb : 2 (clique : 26)
currentSize : 26 <-- 0.005291 s
currentSize : 27 <-- 0.042718 s
currentSize : 28 <-- 0.314061 s
currentSize : 29 <-- 0.384972 s
currentSize : 30 <-- 1.174981 s
currentSize : 31 <-- 12.543914 s
currentSize : 32 <-- 118.222160 s

TIMEOUT
maxsize : 32
nodes : 199703338.000000
filtered : 1509867058.000000
time : 1000.000061
