Parameters: GAD=1 vflib=1 dir=0 label=0 vlabel=1 lowerbound=1 fileNameGp=../../cp2016-max-common-connected-subgraph-paper/datasets/graphsdb/mcs10/m2D/m2Dr4/mcs10_m2Dr4_s50.A06 fileNameGt=../../cp2016-max-common-connected-subgraph-paper/datasets/graphsdb/mcs10/m2D/m2Dr4/mcs10_m2Dr4_s50.B06
Reading graphs...
50 :  103
50 :  99
Initializing...
maxdom : 12
D->valSize : 310
Solving...
Blb : 2 (clique : 17)
currentSize : 17 <-- 0.002180 s
currentSize : 18 <-- 0.002278 s
currentSize : 19 <-- 0.016504 s
currentSize : 20 <-- 0.038005 s
currentSize : 21 <-- 0.042637 s
currentSize : 22 <-- 0.300331 s
currentSize : 23 <-- 6.732739 s
currentSize : 24 <-- 24.999937 s

maxsize : 24
nodes : 10983063.000000
filtered : 121921549.000000
time : 48.687691
