Parameters: GAD=1 vflib=1 dir=0 label=0 vlabel=1 lowerbound=1 fileNameGp=../../cp2016-max-common-connected-subgraph-paper/datasets/graphsdb/mcs10/m3D/m3Dr6/mcs10_m3Dr6_s90.A09 fileNameGt=../../cp2016-max-common-connected-subgraph-paper/datasets/graphsdb/mcs10/m3D/m3Dr6/mcs10_m3Dr6_s90.B09
Reading graphs...
90 :  255
90 :  259
Initializing...
maxdom : 11
D->valSize : 525
Solving...
Blb : 2 (clique : 28)
currentSize : 28 <-- 0.005816 s
currentSize : 29 <-- 0.006061 s
currentSize : 30 <-- 0.007443 s
currentSize : 31 <-- 0.028549 s
currentSize : 32 <-- 0.077859 s
currentSize : 33 <-- 3.621392 s
currentSize : 34 <-- 775.586182 s

TIMEOUT
maxsize : 34
nodes : 195298388.000000
filtered : 1656028850.000000
time : 1000.000061
