Parameters: GAD=1 vflib=1 dir=0 label=0 vlabel=1 lowerbound=1 fileNameGp=../../cp2016-max-common-connected-subgraph-paper/datasets/graphsdb/mcs10/m3D/m3D/mcs10_m3D_s60.A06 fileNameGt=../../cp2016-max-common-connected-subgraph-paper/datasets/graphsdb/mcs10/m3D/m3D/mcs10_m3D_s60.B06
Reading graphs...
60 :  133
60 :  132
Initializing...
maxdom : 6
D->valSize : 244
Solving...
Blb : 2 (clique : 21)
currentSize : 21 <-- 0.001726 s
currentSize : 22 <-- 0.002231 s
currentSize : 23 <-- 0.005411 s
currentSize : 24 <-- 2.103870 s
currentSize : 25 <-- 9.239453 s
currentSize : 26 <-- 10.102148 s
currentSize : 27 <-- 22.747482 s

maxsize : 27
nodes : 10646632.000000
filtered : 75697868.000000
time : 46.446884
