Parameters: GAD=1 vflib=1 dir=0 label=0 vlabel=1 lowerbound=1 fileNameGp=../../cp2016-max-common-connected-subgraph-paper/datasets/graphsdb/mcs10/rand/r01/mcs10_r01_s60.A03 fileNameGt=../../cp2016-max-common-connected-subgraph-paper/datasets/graphsdb/mcs10/rand/r01/mcs10_r01_s60.B03
Reading graphs...
60 :  338
60 :  341
Initializing...
maxdom : 9
D->valSize : 247
Solving...
Blb : 5 (clique : 11)
currentSize : 11 <-- 0.001692 s
currentSize : 12 <-- 0.002227 s
currentSize : 13 <-- 0.003400 s
currentSize : 14 <-- 0.003529 s
currentSize : 15 <-- 0.022054 s
currentSize : 16 <-- 0.022564 s
currentSize : 17 <-- 0.193584 s

maxsize : 17
nodes : 3588764.000000
filtered : 24889545.000000
time : 14.714410
