Parameters: GAD=1 vflib=1 dir=0 label=0 vlabel=1 lowerbound=1 fileNameGp=../../cp2016-max-common-connected-subgraph-paper/datasets/graphsdb/mcs10/m3D/m3Dr4/mcs10_m3Dr4_s90.A09 fileNameGt=../../cp2016-max-common-connected-subgraph-paper/datasets/graphsdb/mcs10/m3D/m3Dr4/mcs10_m3Dr4_s90.B09
Reading graphs...
90 :  244
90 :  242
Initializing...
maxdom : 9
D->valSize : 518
Solving...
Blb : 2 (clique : 29)
currentSize : 29 <-- 0.009715 s
currentSize : 30 <-- 0.011553 s
currentSize : 31 <-- 0.013666 s
currentSize : 32 <-- 0.038819 s
currentSize : 33 <-- 0.109158 s
currentSize : 34 <-- 1.232625 s
currentSize : 35 <-- 234.815918 s

TIMEOUT
maxsize : 35
nodes : 203265703.000000
filtered : 1134132095.000000
time : 1000.000061
