Parameters: GAD=1 vflib=1 dir=0 label=0 vlabel=1 lowerbound=1 fileNameGp=../../cp2016-max-common-connected-subgraph-paper/datasets/graphsdb/mcs10/bvg/b03m/mcs10_b03m_s50.A05 fileNameGt=../../cp2016-max-common-connected-subgraph-paper/datasets/graphsdb/mcs10/bvg/b03m/mcs10_b03m_s50.B05
Reading graphs...
50 :  73
50 :  74
Initializing...
maxdom : 9
D->valSize : 334
Solving...
Blb : 2 (clique : 22)
currentSize : 22 <-- 0.002416 s
currentSize : 23 <-- 0.002541 s
currentSize : 24 <-- 0.002765 s
currentSize : 25 <-- 0.006719 s
currentSize : 26 <-- 0.006788 s
currentSize : 27 <-- 0.354800 s
currentSize : 28 <-- 21.293236 s
currentSize : 29 <-- 101.645477 s

maxsize : 29
nodes : 53343917.000000
filtered : 646478765.000000
time : 233.236221
