Parameters: GAD=1 vflib=1 dir=0 label=0 vlabel=1 lowerbound=1 fileNameGp=../../cp2016-max-common-connected-subgraph-paper/datasets/graphsdb/mcs10/m2D/m2Dr4/mcs10_m2Dr4_s70.A05 fileNameGt=../../cp2016-max-common-connected-subgraph-paper/datasets/graphsdb/mcs10/m2D/m2Dr4/mcs10_m2Dr4_s70.B05
Reading graphs...
70 :  148
70 :  149
Initializing...
maxdom : 9
D->valSize : 327
Solving...
Blb : 2 (clique : 25)
currentSize : 25 <-- 0.002713 s
currentSize : 26 <-- 0.003256 s
currentSize : 27 <-- 0.004039 s
currentSize : 28 <-- 0.030330 s
currentSize : 29 <-- 0.089697 s
currentSize : 30 <-- 0.138413 s
currentSize : 31 <-- 14.483548 s
currentSize : 32 <-- 516.415466 s

TIMEOUT
maxsize : 32
nodes : 207313982.000000
filtered : 1829118021.000000
time : 1000.000000
