Parameters: GAD=1 vflib=1 dir=0 label=0 vlabel=1 lowerbound=1 fileNameGp=../../cp2016-max-common-connected-subgraph-paper/datasets/graphsdb/mcs10/m3D/m3Dr6/mcs10_m3Dr6_s60.A08 fileNameGt=../../cp2016-max-common-connected-subgraph-paper/datasets/graphsdb/mcs10/m3D/m3Dr6/mcs10_m3Dr6_s60.B08
Reading graphs...
60 :  165
60 :  166
Initializing...
maxdom : 9
D->valSize : 244
Solving...
Blb : 2 (clique : 17)
currentSize : 17 <-- 0.001753 s
currentSize : 18 <-- 0.002020 s
currentSize : 19 <-- 0.007566 s
currentSize : 20 <-- 0.527865 s
currentSize : 21 <-- 1.306843 s
currentSize : 22 <-- 23.833296 s

maxsize : 22
nodes : 36238218.000000
filtered : 280575944.000000
time : 151.063156
