Parameters: GAD=1 vflib=1 dir=0 label=0 vlabel=1 lowerbound=1 fileNameGp=../../cp2016-max-common-connected-subgraph-paper/datasets/graphsdb/mcs10/m2D/m2Dr4/mcs10_m2Dr4_s70.A04 fileNameGt=../../cp2016-max-common-connected-subgraph-paper/datasets/graphsdb/mcs10/m2D/m2Dr4/mcs10_m2Dr4_s70.B04
Reading graphs...
70 :  149
70 :  149
Initializing...
maxdom : 8
D->valSize : 324
Solving...
Blb : 5 (clique : 23)
currentSize : 23 <-- 0.004301 s
currentSize : 24 <-- 0.004524 s
currentSize : 25 <-- 0.004580 s
currentSize : 26 <-- 0.005334 s
currentSize : 27 <-- 0.011139 s
currentSize : 28 <-- 0.027359 s
currentSize : 29 <-- 0.676768 s

TIMEOUT
maxsize : 29
nodes : 216065295.000000
filtered : 1617523644.000000
time : 1000.000061
