Parameters: GAD=1 vflib=1 dir=0 label=0 vlabel=1 lowerbound=1 fileNameGp=../../cp2016-max-common-connected-subgraph-paper/datasets/graphsdb/mcs10/rand/r02/mcs10_r02_s90.A05 fileNameGt=../../cp2016-max-common-connected-subgraph-paper/datasets/graphsdb/mcs10/rand/r02/mcs10_r02_s90.B05
Reading graphs...
90 :  1425
90 :  1442
Initializing...
maxdom : 10
D->valSize : 503
Solving...
Blb : 2 (clique : 9)
currentSize : 9 <-- 0.005150 s
currentSize : 10 <-- 0.005306 s
currentSize : 11 <-- 0.006858 s
currentSize : 12 <-- 0.011491 s
currentSize : 13 <-- 0.142616 s
currentSize : 14 <-- 2.001777 s

maxsize : 14
nodes : 137193791.000000
filtered : 765001889.000000
time : 680.975220
