Parameters: GAD=1 vflib=1 dir=0 label=0 vlabel=1 lowerbound=1 fileNameGp=../../cp2016-max-common-connected-subgraph-paper/datasets/graphsdb/mcs10/m4D/m4Dr2/mcs10_m4Dr2_s100.A07 fileNameGt=../../cp2016-max-common-connected-subgraph-paper/datasets/graphsdb/mcs10/m4D/m4Dr2/mcs10_m4Dr2_s100.B07
Reading graphs...
100 :  177
100 :  176
Initializing...
maxdom : 7
D->valSize : 334
Solving...
Blb : 2 (clique : 33)
currentSize : 33 <-- 0.005208 s
currentSize : 34 <-- 0.010210 s
currentSize : 35 <-- 0.081307 s
currentSize : 36 <-- 0.223204 s
currentSize : 37 <-- 0.962619 s
currentSize : 38 <-- 2.010163 s
currentSize : 39 <-- 7.662604 s
currentSize : 40 <-- 183.846909 s

TIMEOUT
maxsize : 40
nodes : 243495318.000000
filtered : 775892928.000000
time : 1000.000061
