Parameters: GAD=1 vflib=1 dir=0 label=0 vlabel=1 lowerbound=1 fileNameGp=../../cp2016-max-common-connected-subgraph-paper/datasets/graphsdb/mcs10/m2D/m2Dr4/mcs10_m2Dr4_s90.A03 fileNameGt=../../cp2016-max-common-connected-subgraph-paper/datasets/graphsdb/mcs10/m2D/m2Dr4/mcs10_m2Dr4_s90.B03
Reading graphs...
90 :  195
90 :  193
Initializing...
maxdom : 9
D->valSize : 487
Solving...
Blb : 2 (clique : 31)
currentSize : 31 <-- 0.005239 s
currentSize : 32 <-- 0.103363 s
currentSize : 33 <-- 2.181942 s
currentSize : 34 <-- 57.387333 s
currentSize : 35 <-- 501.789490 s
currentSize : 36 <-- 502.366302 s
currentSize : 37 <-- 674.072571 s

TIMEOUT
maxsize : 37
nodes : 238906736.000000
filtered : 1037323675.000000
time : 1000.000061
