Parameters: GAD=1 vflib=1 dir=0 label=0 vlabel=1 lowerbound=1 fileNameGp=../../cp2016-max-common-connected-subgraph-paper/datasets/graphsdb/mcs10/m2D/m2Dr6/mcs10_m2Dr6_s60.A01 fileNameGt=../../cp2016-max-common-connected-subgraph-paper/datasets/graphsdb/mcs10/m2D/m2Dr6/mcs10_m2Dr6_s60.B01
Reading graphs...
60 :  138
60 :  135
Initializing...
maxdom : 8
D->valSize : 256
Solving...
Blb : 2 (clique : 20)
currentSize : 20 <-- 0.002839 s
currentSize : 21 <-- 0.008101 s
currentSize : 22 <-- 0.009347 s
currentSize : 23 <-- 0.014243 s
currentSize : 24 <-- 0.163414 s
currentSize : 25 <-- 1.429708 s

maxsize : 25
nodes : 31877369.000000
filtered : 214006079.000000
time : 135.219681
