Parameters: GAD=1 vflib=1 dir=0 label=0 vlabel=1 lowerbound=1 fileNameGp=../../cp2016-max-common-connected-subgraph-paper/datasets/graphsdb/mcs10/rand/r01/mcs10_r01_s50.A07 fileNameGt=../../cp2016-max-common-connected-subgraph-paper/datasets/graphsdb/mcs10/rand/r01/mcs10_r01_s50.B07
Reading graphs...
50 :  235
50 :  236
Initializing...
maxdom : 9
D->valSize : 331
Solving...
Blb : 5 (clique : 12)
currentSize : 12 <-- 0.002268 s
currentSize : 13 <-- 0.002340 s
currentSize : 14 <-- 0.002632 s
currentSize : 15 <-- 0.005080 s
currentSize : 16 <-- 2.057482 s
currentSize : 17 <-- 10.063387 s

maxsize : 17
nodes : 12640981.000000
filtered : 114169441.000000
time : 50.008038
