Parameters: GAD=1 vflib=1 dir=0 label=0 vlabel=1 lowerbound=1 fileNameGp=../../cp2016-max-common-connected-subgraph-paper/datasets/graphsdb/mcs10/rand/r005/mcs10_r005_s80.A09 fileNameGt=../../cp2016-max-common-connected-subgraph-paper/datasets/graphsdb/mcs10/rand/r005/mcs10_r005_s80.B09
Reading graphs...
80 :  318
80 :  313
Initializing...
maxdom : 9
D->valSize : 399
Solving...
Blb : 2 (clique : 20)
currentSize : 20 <-- 0.003674 s
currentSize : 21 <-- 0.004481 s
currentSize : 22 <-- 0.006600 s
currentSize : 23 <-- 0.436821 s
currentSize : 24 <-- 1.016032 s
currentSize : 25 <-- 8.069804 s
currentSize : 26 <-- 292.914764 s
currentSize : 27 <-- 825.073364 s

TIMEOUT
maxsize : 27
nodes : 193289663.000000
filtered : 1401906199.000000
time : 1000.000061
