Parameters: GAD=1 vflib=1 dir=0 label=0 vlabel=1 lowerbound=1 fileNameGp=../../cp2016-max-common-connected-subgraph-paper/datasets/graphsdb/mcs10/m4D/m4Dr4/mcs10_m4Dr4_s100.A02 fileNameGt=../../cp2016-max-common-connected-subgraph-paper/datasets/graphsdb/mcs10/m4D/m4Dr4/mcs10_m4Dr4_s100.B02
Reading graphs...
100 :  197
100 :  196
Initializing...
maxdom : 8
D->valSize : 321
Solving...
Blb : 2 (clique : 33)
currentSize : 33 <-- 0.003201 s
currentSize : 34 <-- 0.008627 s
currentSize : 35 <-- 0.020703 s
currentSize : 36 <-- 0.102304 s
currentSize : 37 <-- 0.204720 s
currentSize : 38 <-- 12.340631 s

TIMEOUT
maxsize : 38
nodes : 209066375.000000
filtered : 838448168.000000
time : 1000.000122
