Parameters: GAD=1 vflib=1 dir=0 label=0 vlabel=1 lowerbound=1 fileNameGp=../../cp2016-max-common-connected-subgraph-paper/datasets/graphsdb/mcs10/bvg/b03/mcs10_b03_s50.A00 fileNameGt=../../cp2016-max-common-connected-subgraph-paper/datasets/graphsdb/mcs10/bvg/b03/mcs10_b03_s50.B00
Reading graphs...
50 :  75
50 :  74
Initializing...
maxdom : 10
D->valSize : 315
Solving...
Blb : 2 (clique : 22)
currentSize : 22 <-- 0.002214 s
currentSize : 23 <-- 0.002361 s
currentSize : 24 <-- 0.002486 s
currentSize : 25 <-- 0.006075 s
currentSize : 26 <-- 0.178757 s
currentSize : 27 <-- 118.747047 s

maxsize : 27
nodes : 197804562.000000
filtered : 2109821382.000000
time : 807.873474
