Parameters: GAD=1 vflib=1 dir=0 label=0 vlabel=1 lowerbound=1 fileNameGp=../../cp2016-max-common-connected-subgraph-paper/datasets/graphsdb/mcs10/m3D/m3Dr6/mcs10_m3Dr6_s60.A06 fileNameGt=../../cp2016-max-common-connected-subgraph-paper/datasets/graphsdb/mcs10/m3D/m3Dr6/mcs10_m3Dr6_s60.B06
Reading graphs...
60 :  165
60 :  164
Initializing...
maxdom : 7
D->valSize : 229
Solving...
Blb : 2 (clique : 17)
currentSize : 17 <-- 0.001519 s
currentSize : 18 <-- 0.002173 s
currentSize : 19 <-- 0.002584 s
currentSize : 20 <-- 0.006710 s
currentSize : 21 <-- 0.007958 s
currentSize : 22 <-- 1.460525 s
currentSize : 23 <-- 2.950301 s

maxsize : 23
nodes : 49364919.000000
filtered : 330012451.000000
time : 200.366684
