Parameters: GAD=1 vflib=1 dir=0 label=0 vlabel=1 lowerbound=1 fileNameGp=../../cp2016-max-common-connected-subgraph-paper/datasets/graphsdb/mcs10/m2D/m2Dr6/mcs10_m2Dr6_s80.A05 fileNameGt=../../cp2016-max-common-connected-subgraph-paper/datasets/graphsdb/mcs10/m2D/m2Dr6/mcs10_m2Dr6_s80.B05
Reading graphs...
80 :  185
80 :  186
Initializing...
maxdom : 11
D->valSize : 416
Solving...
Blb : 2 (clique : 24)
currentSize : 24 <-- 0.004041 s
currentSize : 25 <-- 0.004219 s
currentSize : 26 <-- 0.004270 s
currentSize : 27 <-- 0.026587 s
currentSize : 28 <-- 0.452864 s
currentSize : 29 <-- 3.501910 s
currentSize : 30 <-- 9.608545 s

TIMEOUT
maxsize : 30
nodes : 220838143.000000
filtered : 1189572238.000000
time : 1000.000061
