Parameters: GAD=1 vflib=1 dir=0 label=0 vlabel=1 lowerbound=1 fileNameGp=../../cp2016-max-common-connected-subgraph-paper/datasets/graphsdb/mcs10/m2D/m2Dr2/mcs10_m2Dr2_s100.A09 fileNameGt=../../cp2016-max-common-connected-subgraph-paper/datasets/graphsdb/mcs10/m2D/m2Dr2/mcs10_m2Dr2_s100.B09
Reading graphs...
100 :  199
100 :  199
Initializing...
maxdom : 7
D->valSize : 333
Solving...
Blb : 2 (clique : 33)
currentSize : 33 <-- 0.003201 s
currentSize : 34 <-- 0.006255 s
currentSize : 35 <-- 0.204028 s
currentSize : 36 <-- 5.992188 s
currentSize : 37 <-- 51.416111 s
currentSize : 38 <-- 52.077854 s
currentSize : 39 <-- 215.834061 s
currentSize : 40 <-- 346.525635 s

TIMEOUT
maxsize : 40
nodes : 186080303.000000
filtered : 1005468628.000000
time : 1000.000061
