Parameters: GAD=1 vflib=1 dir=0 label=0 vlabel=1 lowerbound=1 fileNameGp=../../cp2016-max-common-connected-subgraph-paper/datasets/graphsdb/mcs10/m3D/m3Dr2/mcs10_m3Dr2_s80.A05 fileNameGt=../../cp2016-max-common-connected-subgraph-paper/datasets/graphsdb/mcs10/m3D/m3Dr2/mcs10_m3Dr2_s80.B05
Reading graphs...
80 :  199
80 :  200
Initializing...
maxdom : 9
D->valSize : 409
Solving...
Blb : 2 (clique : 24)
currentSize : 24 <-- 0.006070 s
currentSize : 25 <-- 0.008367 s
currentSize : 26 <-- 0.021305 s
currentSize : 27 <-- 0.039434 s
currentSize : 28 <-- 0.277329 s
currentSize : 29 <-- 0.383912 s
currentSize : 30 <-- 2.322614 s
currentSize : 31 <-- 9.405729 s
currentSize : 32 <-- 49.128811 s
currentSize : 33 <-- 924.550964 s

TIMEOUT
maxsize : 33
nodes : 204545033.000000
filtered : 1372025124.000000
time : 1000.000000
