Parameters: GAD=1 vflib=1 dir=0 label=0 vlabel=1 lowerbound=1 fileNameGp=../../cp2016-max-common-connected-subgraph-paper/datasets/graphsdb/mcs10/bvg/b06/mcs10_b06_s70.A02 fileNameGt=../../cp2016-max-common-connected-subgraph-paper/datasets/graphsdb/mcs10/bvg/b06/mcs10_b06_s70.B02
Reading graphs...
70 :  208
70 :  209
Initializing...
maxdom : 8
D->valSize : 312
Solving...
Blb : 2 (clique : 21)
currentSize : 21 <-- 0.003984 s
currentSize : 22 <-- 0.004509 s
currentSize : 23 <-- 0.009485 s
currentSize : 24 <-- 0.024350 s
currentSize : 25 <-- 0.642807 s
currentSize : 26 <-- 1.297975 s
currentSize : 27 <-- 1.304968 s

TIMEOUT
maxsize : 27
nodes : 236016331.000000
filtered : 1701511232.000000
time : 1000.000000
