Parameters: GAD=1 vflib=1 dir=0 label=0 vlabel=1 lowerbound=1 fileNameGp=../../cp2016-max-common-connected-subgraph-paper/datasets/graphsdb/mcs10/m3D/m3D/mcs10_m3D_s60.A04 fileNameGt=../../cp2016-max-common-connected-subgraph-paper/datasets/graphsdb/mcs10/m3D/m3D/mcs10_m3D_s60.B04
Reading graphs...
60 :  132
60 :  133
Initializing...
maxdom : 10
D->valSize : 226
Solving...
Blb : 2 (clique : 19)
currentSize : 19 <-- 0.001478 s
currentSize : 20 <-- 0.002153 s
currentSize : 21 <-- 0.017019 s
currentSize : 22 <-- 0.020419 s
currentSize : 23 <-- 0.022861 s
currentSize : 24 <-- 0.254822 s
currentSize : 25 <-- 12.552085 s

maxsize : 25
nodes : 6281684.000000
filtered : 46866120.000000
time : 24.838512
