Parameters: GAD=1 vflib=1 dir=0 label=0 vlabel=1 lowerbound=1 fileNameGp=../../cp2016-max-common-connected-subgraph-paper/datasets/graphsdb/mcs10/m3D/m3Dr2/mcs10_m3Dr2_s70.A02 fileNameGt=../../cp2016-max-common-connected-subgraph-paper/datasets/graphsdb/mcs10/m3D/m3Dr2/mcs10_m3Dr2_s70.B02
Reading graphs...
70 :  170
70 :  171
Initializing...
maxdom : 7
D->valSize : 310
Solving...
Blb : 2 (clique : 21)
currentSize : 21 <-- 0.002440 s
currentSize : 22 <-- 0.095549 s
currentSize : 23 <-- 0.249457 s
currentSize : 24 <-- 3.246335 s
currentSize : 25 <-- 16.483412 s
currentSize : 26 <-- 30.551571 s

TIMEOUT
maxsize : 26
nodes : 246239637.000000
filtered : 1387393855.000000
time : 1000.000000
