Parameters: GAD=1 vflib=1 dir=0 label=0 vlabel=1 lowerbound=1 fileNameGp=../../cp2016-max-common-connected-subgraph-paper/datasets/graphsdb/mcs10/bvg/b03m/mcs10_b03m_s70.A02 fileNameGt=../../cp2016-max-common-connected-subgraph-paper/datasets/graphsdb/mcs10/bvg/b03m/mcs10_b03m_s70.B02
Reading graphs...
70 :  101
70 :  104
Initializing...
maxdom : 8
D->valSize : 326
Solving...
Blb : 2 (clique : 29)
currentSize : 29 <-- 0.002736 s
currentSize : 30 <-- 0.061983 s
currentSize : 31 <-- 0.379391 s
currentSize : 32 <-- 5.987423 s
currentSize : 33 <-- 600.783630 s
currentSize : 34 <-- 601.235901 s
currentSize : 35 <-- 794.649353 s

TIMEOUT
maxsize : 35
nodes : 289421676.000000
filtered : 1285241835.000000
time : 1000.000000
