Parameters: GAD=1 vflib=1 dir=0 label=0 vlabel=1 lowerbound=1 fileNameGp=../../cp2016-max-common-connected-subgraph-paper/datasets/graphsdb/mcs10/rand/r005/mcs10_r005_s80.A08 fileNameGt=../../cp2016-max-common-connected-subgraph-paper/datasets/graphsdb/mcs10/rand/r005/mcs10_r005_s80.B08
Reading graphs...
80 :  312
80 :  310
Initializing...
maxdom : 8
D->valSize : 411
Solving...
Blb : 2 (clique : 20)
currentSize : 20 <-- 0.003816 s
currentSize : 21 <-- 0.013458 s
currentSize : 23 <-- 0.017905 s
currentSize : 24 <-- 0.410147 s
currentSize : 25 <-- 0.574900 s
currentSize : 26 <-- 27.844139 s

TIMEOUT
maxsize : 26
nodes : 194111985.000000
filtered : 1497406295.000000
time : 1000.000000
