Parameters: GAD=1 vflib=1 dir=0 label=0 vlabel=1 lowerbound=1 fileNameGp=../../cp2016-max-common-connected-subgraph-paper/datasets/graphsdb/mcs10/m3D/m3D/mcs10_m3D_s90.A00 fileNameGt=../../cp2016-max-common-connected-subgraph-paper/datasets/graphsdb/mcs10/m3D/m3D/mcs10_m3D_s90.B00
Reading graphs...
90 :  206
90 :  209
Initializing...
maxdom : 11
D->valSize : 530
Solving...
Blb : 2 (clique : 29)
currentSize : 29 <-- 0.005987 s
currentSize : 32 <-- 0.006220 s
currentSize : 33 <-- 0.006439 s
currentSize : 34 <-- 0.006590 s
currentSize : 35 <-- 4.619648 s
currentSize : 36 <-- 4.914399 s
currentSize : 37 <-- 487.926086 s
currentSize : 38 <-- 765.274048 s

TIMEOUT
maxsize : 38
nodes : 202440061.000000
filtered : 1516310746.000000
time : 1000.000061
