Parameters: GAD=1 vflib=1 dir=0 label=0 vlabel=1 lowerbound=1 fileNameGp=../../cp2016-max-common-connected-subgraph-paper/datasets/graphsdb/mcs10/m2D/m2Dr4/mcs10_m2Dr4_s100.A05 fileNameGt=../../cp2016-max-common-connected-subgraph-paper/datasets/graphsdb/mcs10/m2D/m2Dr4/mcs10_m2Dr4_s100.B05
Reading graphs...
100 :  218
100 :  217
Initializing...
maxdom : 6
D->valSize : 302
Solving...
Blb : 2 (clique : 29)
currentSize : 29 <-- 0.004730 s
currentSize : 30 <-- 0.007049 s
currentSize : 31 <-- 0.549391 s
currentSize : 32 <-- 0.925586 s
currentSize : 33 <-- 2.316522 s
currentSize : 34 <-- 8.282462 s
currentSize : 35 <-- 135.683655 s
currentSize : 36 <-- 478.892456 s

TIMEOUT
maxsize : 36
nodes : 201208919.000000
filtered : 818707216.000000
time : 1000.000061
