Parameters: GAD=1 vflib=1 dir=0 label=0 vlabel=1 lowerbound=1 fileNameGp=../../cp2016-max-common-connected-subgraph-paper/datasets/graphsdb/mcs10/m2D/m2D/mcs10_m2D_s100.A05 fileNameGt=../../cp2016-max-common-connected-subgraph-paper/datasets/graphsdb/mcs10/m2D/m2D/mcs10_m2D_s100.B05
Reading graphs...
100 :  179
100 :  179
Initializing...
maxdom : 6
D->valSize : 317
Solving...
Blb : 2 (clique : 34)
currentSize : 34 <-- 0.003198 s
currentSize : 35 <-- 0.003450 s
currentSize : 36 <-- 0.476053 s
currentSize : 37 <-- 38.733608 s
currentSize : 38 <-- 113.956627 s
currentSize : 39 <-- 335.516815 s
currentSize : 40 <-- 366.953033 s
currentSize : 41 <-- 815.311646 s

TIMEOUT
maxsize : 41
nodes : 216658598.000000
filtered : 837903925.000000
time : 1000.000061
