Parameters: GAD=1 vflib=1 dir=0 label=0 vlabel=1 lowerbound=1 fileNameGp=../../cp2016-max-common-connected-subgraph-paper/datasets/graphsdb/mcs10/bvg/b03/mcs10_b03_s60.A08 fileNameGt=../../cp2016-max-common-connected-subgraph-paper/datasets/graphsdb/mcs10/bvg/b03/mcs10_b03_s60.B08
Reading graphs...
60 :  90
60 :  90
Initializing...
maxdom : 8
D->valSize : 230
Solving...
Blb : 2 (clique : 22)
currentSize : 22 <-- 0.001594 s
currentSize : 23 <-- 0.002086 s
currentSize : 24 <-- 0.004182 s
currentSize : 25 <-- 0.012375 s
currentSize : 26 <-- 0.058917 s
currentSize : 27 <-- 0.148730 s
currentSize : 28 <-- 0.514860 s
currentSize : 29 <-- 16.460796 s
currentSize : 30 <-- 151.649857 s

maxsize : 30
nodes : 165407980.000000
filtered : 925776501.000000
time : 590.130981
