Parameters: GAD=1 vflib=1 dir=0 label=0 vlabel=1 lowerbound=1 fileNameGp=../../cp2016-max-common-connected-subgraph-paper/datasets/graphsdb/mcs10/bvg/b09/mcs10_b09_s100.A06 fileNameGt=../../cp2016-max-common-connected-subgraph-paper/datasets/graphsdb/mcs10/bvg/b09/mcs10_b09_s100.B06
Reading graphs...
100 :  439
100 :  444
Initializing...
maxdom : 8
D->valSize : 293
Solving...
Blb : 2 (clique : 20)
currentSize : 20 <-- 0.002749 s
currentSize : 21 <-- 0.003027 s
currentSize : 23 <-- 0.033245 s
currentSize : 24 <-- 0.104232 s
currentSize : 25 <-- 9.945573 s
currentSize : 26 <-- 305.339417 s

TIMEOUT
maxsize : 26
nodes : 194437473.000000
filtered : 1037307789.000000
time : 1000.000061
