Parameters: GAD=1 vflib=1 dir=0 label=0 vlabel=1 lowerbound=1 fileNameGp=../../cp2016-max-common-connected-subgraph-paper/datasets/graphsdb/mcs10/bvg/b06m/mcs10_b06m_s80.A03 fileNameGt=../../cp2016-max-common-connected-subgraph-paper/datasets/graphsdb/mcs10/bvg/b06m/mcs10_b06m_s80.B03
Reading graphs...
80 :  234
80 :  236
Initializing...
maxdom : 12
D->valSize : 409
Solving...
Blb : 2 (clique : 22)
currentSize : 22 <-- 0.003880 s
currentSize : 23 <-- 0.004201 s
currentSize : 24 <-- 0.005147 s
currentSize : 25 <-- 0.026872 s
currentSize : 26 <-- 16.549494 s
currentSize : 27 <-- 18.529764 s
currentSize : 28 <-- 70.796532 s
currentSize : 29 <-- 100.587395 s

TIMEOUT
maxsize : 29
nodes : 203881771.000000
filtered : 1802748228.000000
time : 1000.000000
