Parameters: GAD=1 vflib=1 dir=0 label=0 vlabel=1 lowerbound=1 fileNameGp=../../cp2016-max-common-connected-subgraph-paper/datasets/graphsdb/mcs10/bvg/b03m/mcs10_b03m_s80.A04 fileNameGt=../../cp2016-max-common-connected-subgraph-paper/datasets/graphsdb/mcs10/bvg/b03m/mcs10_b03m_s80.B04
Reading graphs...
80 :  120
80 :  120
Initializing...
maxdom : 10
D->valSize : 439
Solving...
Blb : 2 (clique : 30)
currentSize : 30 <-- 0.004427 s
currentSize : 31 <-- 0.004647 s
currentSize : 32 <-- 0.004808 s
currentSize : 33 <-- 0.325010 s
currentSize : 34 <-- 0.328708 s
currentSize : 35 <-- 0.334620 s
currentSize : 36 <-- 0.443070 s
currentSize : 37 <-- 0.859105 s
currentSize : 38 <-- 220.579086 s

TIMEOUT
maxsize : 38
nodes : 208564780.000000
filtered : 1397636419.000000
time : 1000.000061
