Parameters: GAD=1 vflib=1 dir=0 label=0 vlabel=1 lowerbound=1 fileNameGp=../../cp2016-max-common-connected-subgraph-paper/datasets/graphsdb/mcs10/m2D/m2Dr2/mcs10_m2Dr2_s100.A05 fileNameGt=../../cp2016-max-common-connected-subgraph-paper/datasets/graphsdb/mcs10/m2D/m2Dr2/mcs10_m2Dr2_s100.B05
Reading graphs...
100 :  196
100 :  198
Initializing...
maxdom : 8
D->valSize : 353
Solving...
Blb : 2 (clique : 31)
currentSize : 31 <-- 0.003480 s
currentSize : 32 <-- 0.006381 s
currentSize : 33 <-- 0.044291 s
currentSize : 34 <-- 0.107946 s
currentSize : 35 <-- 2.300544 s
currentSize : 36 <-- 3.292349 s
currentSize : 37 <-- 27.267616 s
currentSize : 38 <-- 115.426849 s
currentSize : 39 <-- 278.685883 s

TIMEOUT
maxsize : 39
nodes : 210397434.000000
filtered : 873157873.000000
time : 1000.000061
