Parameters: GAD=1 vflib=1 dir=0 label=0 vlabel=1 lowerbound=1 fileNameGp=../../cp2016-max-common-connected-subgraph-paper/datasets/graphsdb/mcs10/rand/r01/mcs10_r01_s90.A04 fileNameGt=../../cp2016-max-common-connected-subgraph-paper/datasets/graphsdb/mcs10/rand/r01/mcs10_r01_s90.B04
Reading graphs...
90 :  758
90 :  758
Initializing...
maxdom : 9
D->valSize : 498
Solving...
Blb : 3 (clique : 14)
currentSize : 14 <-- 0.005170 s
currentSize : 15 <-- 0.005663 s
currentSize : 16 <-- 0.006614 s
currentSize : 17 <-- 0.168223 s
currentSize : 18 <-- 1.583092 s
currentSize : 19 <-- 4.113603 s
currentSize : 20 <-- 22.607691 s
currentSize : 21 <-- 622.362000 s

TIMEOUT
maxsize : 21
nodes : 196364672.000000
filtered : 1341815546.000000
time : 1000.000000
