Parameters: GAD=1 vflib=1 dir=0 label=0 vlabel=1 lowerbound=1 fileNameGp=../../cp2016-max-common-connected-subgraph-paper/datasets/graphsdb/mcs10/rand/r01/mcs10_r01_s90.A00 fileNameGt=../../cp2016-max-common-connected-subgraph-paper/datasets/graphsdb/mcs10/rand/r01/mcs10_r01_s90.B00
Reading graphs...
90 :  763
90 :  776
Initializing...
maxdom : 9
D->valSize : 535
Solving...
Blb : 2 (clique : 13)
currentSize : 13 <-- 0.005745 s
currentSize : 14 <-- 0.005937 s
currentSize : 15 <-- 0.008245 s
currentSize : 16 <-- 0.022109 s
currentSize : 17 <-- 0.043049 s
currentSize : 18 <-- 0.065000 s
currentSize : 19 <-- 11.989186 s
currentSize : 20 <-- 117.723022 s

TIMEOUT
maxsize : 20
nodes : 191728092.000000
filtered : 1451828708.000000
time : 1000.000061
