Parameters: GAD=1 vflib=1 dir=0 label=0 vlabel=1 lowerbound=1 fileNameGp=../../cp2016-max-common-connected-subgraph-paper/datasets/graphsdb/mcs10/m3D/m3Dr4/mcs10_m3Dr4_s60.A03 fileNameGt=../../cp2016-max-common-connected-subgraph-paper/datasets/graphsdb/mcs10/m3D/m3Dr4/mcs10_m3Dr4_s60.B03
Reading graphs...
60 :  152
60 :  155
Initializing...
maxdom : 6
D->valSize : 220
Solving...
Blb : 5 (clique : 18)
currentSize : 18 <-- 0.001530 s
currentSize : 19 <-- 0.001924 s
currentSize : 20 <-- 0.001946 s
currentSize : 21 <-- 0.002576 s
currentSize : 22 <-- 0.018046 s
currentSize : 23 <-- 4.278034 s
currentSize : 24 <-- 5.734826 s

maxsize : 24
nodes : 9054444.000000
filtered : 62034073.000000
time : 39.406406
