Parameters: GAD=1 vflib=1 dir=0 label=0 vlabel=1 lowerbound=1 fileNameGp=../../cp2016-max-common-connected-subgraph-paper/datasets/graphsdb/mcs10/bvg/b03m/mcs10_b03m_s70.A05 fileNameGt=../../cp2016-max-common-connected-subgraph-paper/datasets/graphsdb/mcs10/bvg/b03m/mcs10_b03m_s70.B05
Reading graphs...
70 :  103
70 :  104
Initializing...
maxdom : 7
D->valSize : 312
Solving...
Blb : 2 (clique : 27)
currentSize : 27 <-- 0.003982 s
currentSize : 28 <-- 0.017766 s
currentSize : 29 <-- 0.042019 s
currentSize : 30 <-- 0.086263 s
currentSize : 31 <-- 0.101500 s
currentSize : 32 <-- 5.465776 s
currentSize : 33 <-- 646.194031 s

TIMEOUT
maxsize : 33
nodes : 238068060.000000
filtered : 1252307097.000000
time : 1000.000061
