Parameters: GAD=1 vflib=1 dir=0 label=0 vlabel=1 lowerbound=1 fileNameGp=../../cp2016-max-common-connected-subgraph-paper/datasets/graphsdb/mcs10/m3D/m3Dr4/mcs10_m3Dr4_s100.A07 fileNameGt=../../cp2016-max-common-connected-subgraph-paper/datasets/graphsdb/mcs10/m3D/m3Dr4/mcs10_m3Dr4_s100.B07
Reading graphs...
100 :  269
100 :  273
Initializing...
maxdom : 9
D->valSize : 297
Solving...
Blb : 2 (clique : 25)
currentSize : 25 <-- 0.004533 s
currentSize : 26 <-- 0.011319 s
currentSize : 27 <-- 0.118352 s
currentSize : 28 <-- 0.155550 s
currentSize : 29 <-- 0.906374 s
currentSize : 30 <-- 5.349388 s
currentSize : 31 <-- 5.349550 s
currentSize : 32 <-- 380.446075 s
currentSize : 33 <-- 685.937073 s

TIMEOUT
maxsize : 33
nodes : 201892647.000000
filtered : 1218343364.000000
time : 1000.000061
