Parameters: GAD=1 vflib=1 dir=0 label=0 vlabel=1 lowerbound=1 fileNameGp=../../cp2016-max-common-connected-subgraph-paper/datasets/graphsdb/mcs10/m2D/m2Dr4/mcs10_m2Dr4_s60.A09 fileNameGt=../../cp2016-max-common-connected-subgraph-paper/datasets/graphsdb/mcs10/m2D/m2Dr4/mcs10_m2Dr4_s60.B09
Reading graphs...
60 :  125
60 :  127
Initializing...
maxdom : 7
D->valSize : 239
Solving...
Blb : 2 (clique : 20)
currentSize : 20 <-- 0.001649 s
currentSize : 21 <-- 0.001770 s
currentSize : 22 <-- 2.099804 s
currentSize : 23 <-- 2.785569 s
currentSize : 24 <-- 4.353138 s
currentSize : 25 <-- 20.968622 s

maxsize : 25
nodes : 108674546.000000
filtered : 647620900.000000
time : 425.414734
