Parameters: GAD=1 vflib=1 dir=0 label=0 vlabel=1 lowerbound=1 fileNameGp=../../cp2016-max-common-connected-subgraph-paper/datasets/graphsdb/mcs10/m2D/m2Dr2/mcs10_m2Dr2_s90.A03 fileNameGt=../../cp2016-max-common-connected-subgraph-paper/datasets/graphsdb/mcs10/m2D/m2Dr2/mcs10_m2Dr2_s90.B03
Reading graphs...
90 :  178
90 :  179
Initializing...
maxdom : 10
D->valSize : 506
Solving...
Blb : 2 (clique : 33)
currentSize : 33 <-- 0.009477 s
currentSize : 34 <-- 0.009924 s
currentSize : 35 <-- 0.010096 s
currentSize : 36 <-- 0.035680 s
currentSize : 37 <-- 0.468715 s
currentSize : 38 <-- 11.303440 s
currentSize : 39 <-- 15.072815 s

TIMEOUT
maxsize : 39
nodes : 192082081.000000
filtered : 1579799356.000000
time : 1000.000061
