Parameters: GAD=1 vflib=1 dir=0 label=0 vlabel=1 lowerbound=1 fileNameGp=../../cp2016-max-common-connected-subgraph-paper/datasets/graphsdb/mcs10/m4D/m4Dr6/mcs10_m4Dr6_s100.A00 fileNameGt=../../cp2016-max-common-connected-subgraph-paper/datasets/graphsdb/mcs10/m4D/m4Dr6/mcs10_m4Dr6_s100.B00
Reading graphs...
100 :  215
100 :  215
Initializing...
maxdom : 7
D->valSize : 331
Solving...
Blb : 2 (clique : 30)
currentSize : 30 <-- 0.005111 s
currentSize : 31 <-- 0.005479 s
currentSize : 32 <-- 0.078226 s
currentSize : 33 <-- 3.364684 s
currentSize : 34 <-- 8.220584 s
currentSize : 35 <-- 232.021744 s
currentSize : 36 <-- 388.313934 s

TIMEOUT
maxsize : 36
nodes : 217369166.000000
filtered : 783845034.000000
time : 1000.000061
