Parameters: GAD=1 vflib=1 dir=0 label=0 vlabel=1 lowerbound=1 fileNameGp=../../cp2016-max-common-connected-subgraph-paper/datasets/graphsdb/mcs10/rand/r02/mcs10_r02_s80.A00 fileNameGt=../../cp2016-max-common-connected-subgraph-paper/datasets/graphsdb/mcs10/rand/r02/mcs10_r02_s80.B00
Reading graphs...
80 :  1131
80 :  1127
Initializing...
maxdom : 11
D->valSize : 430
Solving...
Blb : 2 (clique : 9)
currentSize : 9 <-- 0.003955 s
currentSize : 10 <-- 0.004205 s
currentSize : 11 <-- 0.004459 s
currentSize : 12 <-- 0.016811 s
currentSize : 13 <-- 0.874448 s
currentSize : 14 <-- 2.736209 s

maxsize : 14
nodes : 29128908.000000
filtered : 177840577.000000
time : 138.317001
