Parameters: GAD=1 vflib=1 dir=0 label=0 vlabel=1 lowerbound=1 fileNameGp=../../cp2016-max-common-connected-subgraph-paper/datasets/graphsdb/mcs10/bvg/b06m/mcs10_b06m_s90.A02 fileNameGt=../../cp2016-max-common-connected-subgraph-paper/datasets/graphsdb/mcs10/bvg/b06m/mcs10_b06m_s90.B02
Reading graphs...
90 :  264
90 :  265
Initializing...
maxdom : 10
D->valSize : 500
Solving...
Blb : 2 (clique : 26)
currentSize : 26 <-- 0.008420 s
currentSize : 27 <-- 0.012282 s
currentSize : 28 <-- 0.091915 s
currentSize : 29 <-- 1.603845 s
currentSize : 30 <-- 16.179720 s
currentSize : 31 <-- 16.401344 s
currentSize : 32 <-- 345.804962 s

TIMEOUT
maxsize : 32
nodes : 204220682.000000
filtered : 1526790364.000000
time : 1000.000061
