Parameters: GAD=1 vflib=1 dir=0 label=0 vlabel=1 lowerbound=1 fileNameGp=../../cp2016-max-common-connected-subgraph-paper/datasets/graphsdb/mcs10/bvg/b03m/mcs10_b03m_s80.A03 fileNameGt=../../cp2016-max-common-connected-subgraph-paper/datasets/graphsdb/mcs10/bvg/b03m/mcs10_b03m_s80.B03
Reading graphs...
80 :  120
80 :  120
Initializing...
maxdom : 8
D->valSize : 420
Solving...
Blb : 2 (clique : 31)
currentSize : 31 <-- 0.004059 s
currentSize : 32 <-- 0.004300 s
currentSize : 33 <-- 0.004359 s
currentSize : 35 <-- 0.009566 s
currentSize : 36 <-- 90.944786 s
currentSize : 37 <-- 99.530960 s

TIMEOUT
maxsize : 37
nodes : 230595176.000000
filtered : 1257266653.000000
time : 1000.000061
