Parameters: GAD=1 vflib=1 dir=0 label=0 vlabel=1 lowerbound=1 fileNameGp=../../cp2016-max-common-connected-subgraph-paper/datasets/graphsdb/mcs10/m2D/m2Dr4/mcs10_m2Dr4_s60.A04 fileNameGt=../../cp2016-max-common-connected-subgraph-paper/datasets/graphsdb/mcs10/m2D/m2Dr4/mcs10_m2Dr4_s60.B04
Reading graphs...
60 :  126
60 :  126
Initializing...
maxdom : 9
D->valSize : 220
Solving...
Blb : 2 (clique : 17)
currentSize : 17 <-- 0.001534 s
currentSize : 18 <-- 0.001637 s
currentSize : 19 <-- 0.001713 s
currentSize : 20 <-- 0.001745 s
currentSize : 21 <-- 0.006230 s
currentSize : 22 <-- 0.060465 s
currentSize : 23 <-- 3.733882 s

maxsize : 23
nodes : 9107026.000000
filtered : 71094787.000000
time : 35.800713
