Parameters: GAD=1 vflib=1 dir=0 label=0 vlabel=1 lowerbound=1 fileNameGp=../../cp2016-max-common-connected-subgraph-paper/datasets/graphsdb/mcs10/m3D/m3Dr2/mcs10_m3Dr2_s90.A01 fileNameGt=../../cp2016-max-common-connected-subgraph-paper/datasets/graphsdb/mcs10/m3D/m3Dr2/mcs10_m3Dr2_s90.B01
Reading graphs...
90 :  226
90 :  224
Initializing...
maxdom : 11
D->valSize : 489
Solving...
Blb : 2 (clique : 28)
currentSize : 28 <-- 0.005362 s
currentSize : 29 <-- 0.007562 s
currentSize : 30 <-- 0.031071 s
currentSize : 31 <-- 0.154889 s
currentSize : 32 <-- 31.974384 s
currentSize : 33 <-- 60.247292 s
currentSize : 34 <-- 527.538391 s

TIMEOUT
maxsize : 34
nodes : 223341934.000000
filtered : 1345373184.000000
time : 1000.000061
