Parameters: GAD=1 vflib=1 dir=0 label=0 vlabel=1 lowerbound=1 fileNameGp=../../cp2016-max-common-connected-subgraph-paper/datasets/graphsdb/mcs10/m2D/m2Dr6/mcs10_m2Dr6_s50.A09 fileNameGt=../../cp2016-max-common-connected-subgraph-paper/datasets/graphsdb/mcs10/m2D/m2Dr6/mcs10_m2Dr6_s50.B09
Reading graphs...
50 :  111
50 :  112
Initializing...
maxdom : 7
D->valSize : 316
Solving...
Blb : 2 (clique : 20)
currentSize : 20 <-- 0.003533 s
currentSize : 21 <-- 0.009377 s
currentSize : 22 <-- 0.022650 s
currentSize : 23 <-- 29.592255 s
currentSize : 24 <-- 192.306366 s

maxsize : 24
nodes : 110060541.000000
filtered : 1071987588.000000
time : 462.821625
