Parameters: GAD=1 vflib=1 dir=0 label=0 vlabel=1 lowerbound=1 fileNameGp=../../cp2016-max-common-connected-subgraph-paper/datasets/graphsdb/mcs10/m2D/m2D/mcs10_m2D_s90.A04 fileNameGt=../../cp2016-max-common-connected-subgraph-paper/datasets/graphsdb/mcs10/m2D/m2D/mcs10_m2D_s90.B04
Reading graphs...
90 :  161
90 :  160
Initializing...
maxdom : 10
D->valSize : 529
Solving...
Blb : 2 (clique : 34)
currentSize : 34 <-- 0.006109 s
currentSize : 35 <-- 0.006364 s
currentSize : 36 <-- 0.250231 s
currentSize : 37 <-- 0.344061 s
currentSize : 38 <-- 0.345848 s
currentSize : 39 <-- 0.490887 s
currentSize : 40 <-- 1.176872 s
currentSize : 41 <-- 13.699033 s
currentSize : 42 <-- 22.463797 s
currentSize : 43 <-- 80.586067 s

TIMEOUT
maxsize : 43
nodes : 200717642.000000
filtered : 1424522086.000000
time : 1000.000061
