Parameters: GAD=1 vflib=1 dir=0 label=0 vlabel=1 lowerbound=1 fileNameGp=../../cp2016-max-common-connected-subgraph-paper/datasets/graphsdb/mcs10/m3D/m3Dr2/mcs10_m3Dr2_s80.A07 fileNameGt=../../cp2016-max-common-connected-subgraph-paper/datasets/graphsdb/mcs10/m3D/m3Dr2/mcs10_m3Dr2_s80.B07
Reading graphs...
80 :  197
80 :  197
Initializing...
maxdom : 9
D->valSize : 435
Solving...
Blb : 2 (clique : 26)
currentSize : 26 <-- 0.004274 s
currentSize : 27 <-- 0.004804 s
currentSize : 28 <-- 0.006710 s
currentSize : 29 <-- 0.060800 s
currentSize : 30 <-- 1.214666 s
currentSize : 31 <-- 137.590912 s
currentSize : 32 <-- 200.173294 s

TIMEOUT
maxsize : 32
nodes : 203831449.000000
filtered : 1638519285.000000
time : 1000.000061
