Parameters: GAD=1 vflib=1 dir=0 label=0 vlabel=1 lowerbound=1 fileNameGp=../../cp2016-max-common-connected-subgraph-paper/datasets/graphsdb/mcs10/bvg/b06m/mcs10_b06m_s100.A01 fileNameGt=../../cp2016-max-common-connected-subgraph-paper/datasets/graphsdb/mcs10/bvg/b06m/mcs10_b06m_s100.B01
Reading graphs...
100 :  298
100 :  296
Initializing...
maxdom : 6
D->valSize : 354
Solving...
Blb : 2 (clique : 26)
currentSize : 26 <-- 0.003541 s
currentSize : 27 <-- 0.003913 s
currentSize : 28 <-- 0.007639 s
currentSize : 29 <-- 0.074100 s
currentSize : 30 <-- 4.721723 s
currentSize : 31 <-- 14.016367 s

TIMEOUT
maxsize : 31
nodes : 198444999.000000
filtered : 931231644.000000
time : 1000.000061
