Parameters: GAD=1 vflib=1 dir=0 label=0 vlabel=1 lowerbound=1 fileNameGp=../../cp2016-max-common-connected-subgraph-paper/datasets/graphsdb/mcs10/bvg/b09/mcs10_b09_s100.A05 fileNameGt=../../cp2016-max-common-connected-subgraph-paper/datasets/graphsdb/mcs10/bvg/b09/mcs10_b09_s100.B05
Reading graphs...
100 :  441
100 :  439
Initializing...
maxdom : 9
D->valSize : 330
Solving...
Blb : 2 (clique : 21)
currentSize : 21 <-- 0.003288 s
currentSize : 22 <-- 0.009638 s
currentSize : 23 <-- 0.027921 s
currentSize : 24 <-- 0.035787 s
currentSize : 25 <-- 0.353072 s
currentSize : 26 <-- 8.199419 s
currentSize : 27 <-- 30.221457 s
currentSize : 28 <-- 66.157677 s

TIMEOUT
maxsize : 28
nodes : 192966256.000000
filtered : 943388494.000000
time : 1000.000061
