Parameters: GAD=1 vflib=1 dir=0 label=0 vlabel=1 lowerbound=1 fileNameGp=../../cp2016-max-common-connected-subgraph-paper/datasets/graphsdb/mcs10/m3D/m3Dr6/mcs10_m3Dr6_s80.A09 fileNameGt=../../cp2016-max-common-connected-subgraph-paper/datasets/graphsdb/mcs10/m3D/m3Dr6/mcs10_m3Dr6_s80.B09
Reading graphs...
80 :  228
80 :  224
Initializing...
maxdom : 9
D->valSize : 417
Solving...
Blb : 2 (clique : 24)
currentSize : 24 <-- 0.003884 s
currentSize : 25 <-- 0.072730 s
currentSize : 26 <-- 0.072788 s
currentSize : 27 <-- 0.499019 s
currentSize : 28 <-- 2.755474 s
currentSize : 29 <-- 25.451328 s
currentSize : 30 <-- 93.427902 s
currentSize : 31 <-- 482.414551 s

TIMEOUT
maxsize : 31
nodes : 206420934.000000
filtered : 1495603155.000000
time : 1000.000000
