Parameters: GAD=1 vflib=1 dir=0 label=0 vlabel=1 lowerbound=1 fileNameGp=../../cp2016-max-common-connected-subgraph-paper/datasets/graphsdb/mcs10/m2D/m2Dr2/mcs10_m2Dr2_s70.A07 fileNameGt=../../cp2016-max-common-connected-subgraph-paper/datasets/graphsdb/mcs10/m2D/m2Dr2/mcs10_m2Dr2_s70.B07
Reading graphs...
70 :  135
70 :  133
Initializing...
maxdom : 9
D->valSize : 323
Solving...
Blb : 2 (clique : 25)
currentSize : 25 <-- 0.002575 s
currentSize : 26 <-- 0.002894 s
currentSize : 27 <-- 0.078840 s
currentSize : 28 <-- 0.179126 s
currentSize : 29 <-- 1.732478 s
currentSize : 30 <-- 20.759308 s

TIMEOUT
maxsize : 30
nodes : 243723619.000000
filtered : 1544762686.000000
time : 1000.000061
