Parameters: GAD=1 vflib=1 dir=0 label=0 vlabel=1 lowerbound=1 fileNameGp=../../cp2016-max-common-connected-subgraph-paper/datasets/graphsdb/mcs10/m2D/m2Dr6/mcs10_m2Dr6_s50.A03 fileNameGt=../../cp2016-max-common-connected-subgraph-paper/datasets/graphsdb/mcs10/m2D/m2Dr6/mcs10_m2Dr6_s50.B03
Reading graphs...
50 :  111
50 :  109
Initializing...
maxdom : 9
D->valSize : 333
Solving...
Blb : 2 (clique : 18)
currentSize : 18 <-- 0.002391 s
currentSize : 19 <-- 0.009111 s
currentSize : 20 <-- 0.009260 s
currentSize : 21 <-- 0.011958 s
currentSize : 22 <-- 0.019697 s
currentSize : 23 <-- 18.420963 s
currentSize : 24 <-- 26.236771 s

maxsize : 24
nodes : 11438711.000000
filtered : 143525379.000000
time : 53.232853
