Parameters: GAD=1 vflib=1 dir=0 label=0 vlabel=1 lowerbound=1 fileNameGp=../../cp2016-max-common-connected-subgraph-paper/datasets/graphsdb/mcs10/m4D/m4Dr4/mcs10_m4Dr4_s100.A03 fileNameGt=../../cp2016-max-common-connected-subgraph-paper/datasets/graphsdb/mcs10/m4D/m4Dr4/mcs10_m4Dr4_s100.B03
Reading graphs...
100 :  197
100 :  196
Initializing...
maxdom : 6
D->valSize : 310
Solving...
Blb : 2 (clique : 32)
currentSize : 32 <-- 0.003023 s
currentSize : 33 <-- 0.003252 s
currentSize : 34 <-- 0.003493 s
currentSize : 35 <-- 0.004006 s
currentSize : 36 <-- 37.859753 s
currentSize : 37 <-- 272.842468 s
currentSize : 38 <-- 484.087921 s

TIMEOUT
maxsize : 38
nodes : 243264866.000000
filtered : 914276159.000000
time : 1000.000061
