Parameters: GAD=1 vflib=1 dir=0 label=0 vlabel=1 lowerbound=1 fileNameGp=../../cp2016-max-common-connected-subgraph-paper/datasets/graphsdb/mcs10/m2D/m2Dr6/mcs10_m2Dr6_s80.A01 fileNameGt=../../cp2016-max-common-connected-subgraph-paper/datasets/graphsdb/mcs10/m2D/m2Dr6/mcs10_m2Dr6_s80.B01
Reading graphs...
80 :  188
80 :  188
Initializing...
maxdom : 8
D->valSize : 386
Solving...
Blb : 2 (clique : 24)
currentSize : 24 <-- 0.003494 s
currentSize : 25 <-- 0.003696 s
currentSize : 26 <-- 0.056990 s
currentSize : 27 <-- 0.438408 s
currentSize : 28 <-- 1.144045 s
currentSize : 29 <-- 176.999359 s
currentSize : 30 <-- 288.479340 s

TIMEOUT
maxsize : 30
nodes : 232264675.000000
filtered : 1362486314.000000
time : 1000.000061
