Parameters: GAD=1 vflib=1 dir=0 label=0 vlabel=1 lowerbound=1 fileNameGp=../../cp2016-max-common-connected-subgraph-paper/datasets/graphsdb/mcs10/m2D/m2Dr2/mcs10_m2Dr2_s70.A09 fileNameGt=../../cp2016-max-common-connected-subgraph-paper/datasets/graphsdb/mcs10/m2D/m2Dr2/mcs10_m2Dr2_s70.B09
Reading graphs...
70 :  137
70 :  136
Initializing...
maxdom : 9
D->valSize : 313
Solving...
Blb : 2 (clique : 23)
currentSize : 23 <-- 0.003985 s
currentSize : 24 <-- 0.006144 s
currentSize : 25 <-- 0.012954 s
currentSize : 26 <-- 0.016453 s
currentSize : 27 <-- 0.018281 s
currentSize : 28 <-- 0.109204 s
currentSize : 29 <-- 1.764212 s
currentSize : 30 <-- 6.792296 s
currentSize : 31 <-- 588.421936 s

TIMEOUT
maxsize : 31
nodes : 221560500.000000
filtered : 1525432468.000000
time : 1000.000061
