Parameters: GAD=1 vflib=1 dir=0 label=0 vlabel=1 lowerbound=1 fileNameGp=../../cp2016-max-common-connected-subgraph-paper/datasets/graphsdb/mcs10/m3D/m3Dr2/mcs10_m3Dr2_s100.A09 fileNameGt=../../cp2016-max-common-connected-subgraph-paper/datasets/graphsdb/mcs10/m3D/m3Dr2/mcs10_m3Dr2_s100.B09
Reading graphs...
100 :  253
100 :  251
Initializing...
maxdom : 7
D->valSize : 339
Solving...
Blb : 2 (clique : 27)
currentSize : 27 <-- 0.003427 s
currentSize : 28 <-- 0.004343 s
currentSize : 29 <-- 0.005771 s
currentSize : 30 <-- 0.013120 s
currentSize : 31 <-- 0.195395 s
currentSize : 32 <-- 0.656954 s
currentSize : 33 <-- 2.198494 s
currentSize : 34 <-- 106.563065 s
currentSize : 35 <-- 120.383949 s

TIMEOUT
maxsize : 35
nodes : 210737556.000000
filtered : 792605988.000000
time : 1000.000061
