Parameters: GAD=1 vflib=1 dir=0 label=0 vlabel=1 lowerbound=1 fileNameGp=../../cp2016-max-common-connected-subgraph-paper/datasets/graphsdb/mcs10/bvg/b03m/mcs10_b03m_s50.A02 fileNameGt=../../cp2016-max-common-connected-subgraph-paper/datasets/graphsdb/mcs10/bvg/b03m/mcs10_b03m_s50.B02
Reading graphs...
50 :  75
50 :  73
Initializing...
maxdom : 11
D->valSize : 321
Solving...
Blb : 2 (clique : 22)
currentSize : 22 <-- 0.003631 s
currentSize : 23 <-- 0.003844 s
currentSize : 24 <-- 0.023793 s
currentSize : 25 <-- 0.140343 s
currentSize : 26 <-- 0.143591 s
currentSize : 27 <-- 0.144030 s
currentSize : 28 <-- 1.492302 s
currentSize : 29 <-- 139.176453 s

maxsize : 29
nodes : 66795883.000000
filtered : 620437669.000000
time : 264.615814
