Parameters: GAD=1 vflib=1 dir=0 label=0 vlabel=1 lowerbound=1 fileNameGp=../../cp2016-max-common-connected-subgraph-paper/datasets/graphsdb/mcs10/m2D/m2Dr6/mcs10_m2Dr6_s80.A04 fileNameGt=../../cp2016-max-common-connected-subgraph-paper/datasets/graphsdb/mcs10/m2D/m2Dr6/mcs10_m2Dr6_s80.B04
Reading graphs...
80 :  188
80 :  189
Initializing...
maxdom : 10
D->valSize : 427
Solving...
Blb : 2 (clique : 25)
currentSize : 25 <-- 0.004238 s
currentSize : 26 <-- 0.004466 s
currentSize : 27 <-- 0.031832 s
currentSize : 28 <-- 0.031880 s
currentSize : 29 <-- 0.049533 s
currentSize : 30 <-- 0.138159 s
currentSize : 31 <-- 0.469338 s
currentSize : 32 <-- 1.070499 s
currentSize : 33 <-- 18.441273 s
currentSize : 34 <-- 454.924316 s

TIMEOUT
maxsize : 34
nodes : 240220267.000000
filtered : 1394428547.000000
time : 1000.000061
