Parameters: GAD=1 vflib=1 dir=0 label=0 vlabel=1 lowerbound=1 fileNameGp=../../cp2016-max-common-connected-subgraph-paper/datasets/graphsdb/mcs10/rand/r01/mcs10_r01_s100.A00 fileNameGt=../../cp2016-max-common-connected-subgraph-paper/datasets/graphsdb/mcs10/rand/r01/mcs10_r01_s100.B00
Reading graphs...
100 :  935
100 :  943
Initializing...
maxdom : 6
D->valSize : 341
Solving...
Blb : 2 (clique : 13)
currentSize : 13 <-- 0.004909 s
currentSize : 14 <-- 0.005689 s
currentSize : 15 <-- 0.005972 s
currentSize : 16 <-- 0.011904 s
currentSize : 17 <-- 0.151046 s
currentSize : 18 <-- 2.384792 s
currentSize : 19 <-- 81.107399 s
currentSize : 20 <-- 137.578766 s

maxsize : 20
nodes : 181864975.000000
filtered : 1111408866.000000
time : 986.846436
