Parameters: GAD=1 vflib=1 dir=0 label=0 vlabel=1 lowerbound=1 fileNameGp=../../cp2016-max-common-connected-subgraph-paper/datasets/graphsdb/mcs10/rand/r005/mcs10_r005_s50.A04 fileNameGt=../../cp2016-max-common-connected-subgraph-paper/datasets/graphsdb/mcs10/rand/r005/mcs10_r005_s50.B04
Reading graphs...
50 :  122
50 :  124
Initializing...
maxdom : 11
D->valSize : 280
Solving...
Blb : 2 (clique : 17)
currentSize : 17 <-- 0.001787 s
currentSize : 18 <-- 0.007483 s
currentSize : 19 <-- 0.022639 s
currentSize : 20 <-- 0.190644 s
currentSize : 21 <-- 1.768996 s
currentSize : 22 <-- 6.837032 s

maxsize : 22
nodes : 3364758.000000
filtered : 34320914.000000
time : 15.096010
