Parameters: GAD=1 vflib=1 dir=0 label=0 vlabel=1 lowerbound=1 fileNameGp=../../cp2016-max-common-connected-subgraph-paper/datasets/graphsdb/mcs10/m3D/m3Dr2/mcs10_m3Dr2_s100.A02 fileNameGt=../../cp2016-max-common-connected-subgraph-paper/datasets/graphsdb/mcs10/m3D/m3Dr2/mcs10_m3Dr2_s100.B02
Reading graphs...
100 :  254
100 :  252
Initializing...
maxdom : 6
D->valSize : 356
Solving...
Blb : 2 (clique : 29)
currentSize : 29 <-- 0.003628 s
currentSize : 30 <-- 0.004141 s
currentSize : 31 <-- 0.004685 s
currentSize : 32 <-- 0.075364 s
currentSize : 33 <-- 0.671961 s
currentSize : 34 <-- 0.884868 s
currentSize : 35 <-- 3.312938 s
currentSize : 36 <-- 14.456285 s
currentSize : 37 <-- 434.389069 s
currentSize : 38 <-- 685.313354 s

TIMEOUT
maxsize : 38
nodes : 197783945.000000
filtered : 1017684883.000000
time : 1000.000061
