Parameters: GAD=1 vflib=1 dir=0 label=0 vlabel=1 lowerbound=1 fileNameGp=../../cp2016-max-common-connected-subgraph-paper/datasets/graphsdb/mcs10/rand/r005/mcs10_r005_s90.A00 fileNameGt=../../cp2016-max-common-connected-subgraph-paper/datasets/graphsdb/mcs10/rand/r005/mcs10_r005_s90.B00
Reading graphs...
90 :  397
90 :  395
Initializing...
maxdom : 12
D->valSize : 525
Solving...
Blb : 2 (clique : 22)
currentSize : 22 <-- 0.005788 s
currentSize : 23 <-- 0.011710 s
currentSize : 24 <-- 0.029385 s
currentSize : 25 <-- 8.328737 s
currentSize : 26 <-- 85.153831 s
currentSize : 27 <-- 529.094971 s

TIMEOUT
maxsize : 27
nodes : 204198905.000000
filtered : 1208933616.000000
time : 1000.000000
