Parameters: GAD=1 vflib=1 dir=0 label=0 vlabel=1 lowerbound=1 fileNameGp=../../cp2016-max-common-connected-subgraph-paper/datasets/graphsdb/mcs10/m2D/m2D/mcs10_m2D_s80.A01 fileNameGt=../../cp2016-max-common-connected-subgraph-paper/datasets/graphsdb/mcs10/m2D/m2D/mcs10_m2D_s80.B01
Reading graphs...
80 :  139
80 :  139
Initializing...
maxdom : 9
D->valSize : 382
Solving...
Blb : 2 (clique : 26)
currentSize : 26 <-- 0.003479 s
currentSize : 27 <-- 0.005326 s
currentSize : 28 <-- 0.008022 s
currentSize : 29 <-- 0.009974 s
currentSize : 30 <-- 0.013740 s
currentSize : 31 <-- 0.150389 s
currentSize : 32 <-- 8.570784 s
currentSize : 33 <-- 567.108215 s

TIMEOUT
maxsize : 33
nodes : 256904969.000000
filtered : 1402952039.000000
time : 1000.000000
