Parameters: GAD=1 vflib=1 dir=0 label=0 vlabel=1 lowerbound=1 fileNameGp=../../cp2016-max-common-connected-subgraph-paper/datasets/graphsdb/mcs10/m2D/m2Dr6/mcs10_m2Dr6_s80.A09 fileNameGt=../../cp2016-max-common-connected-subgraph-paper/datasets/graphsdb/mcs10/m2D/m2Dr6/mcs10_m2Dr6_s80.B09
Reading graphs...
80 :  188
80 :  188
Initializing...
maxdom : 8
D->valSize : 413
Solving...
Blb : 2 (clique : 26)
currentSize : 26 <-- 0.006434 s
currentSize : 27 <-- 0.007853 s
currentSize : 28 <-- 0.009017 s
currentSize : 29 <-- 0.058454 s
currentSize : 30 <-- 0.400137 s
currentSize : 31 <-- 6.718600 s

TIMEOUT
maxsize : 31
nodes : 215850415.000000
filtered : 1341890337.000000
time : 1000.000000
