Parameters: GAD=1 vflib=1 dir=0 label=0 vlabel=1 lowerbound=1 fileNameGp=../../cp2016-max-common-connected-subgraph-paper/datasets/graphsdb/mcs10/m2D/m2D/mcs10_m2D_s50.A00 fileNameGt=../../cp2016-max-common-connected-subgraph-paper/datasets/graphsdb/mcs10/m2D/m2D/mcs10_m2D_s50.B00
Reading graphs...
50 :  85
50 :  84
Initializing...
maxdom : 11
D->valSize : 324
Solving...
Blb : 2 (clique : 20)
currentSize : 20 <-- 0.002365 s
currentSize : 21 <-- 0.002748 s
currentSize : 22 <-- 0.002972 s
currentSize : 23 <-- 1.920105 s
currentSize : 24 <-- 58.201683 s
currentSize : 25 <-- 65.949471 s
currentSize : 26 <-- 170.011658 s

maxsize : 26
nodes : 189873678.000000
filtered : 2061684108.000000
time : 739.009155
