Parameters: GAD=1 vflib=1 dir=0 label=0 vlabel=1 lowerbound=1 fileNameGp=../../cp2016-max-common-connected-subgraph-paper/datasets/graphsdb/mcs10/bvg/b06/mcs10_b06_s80.A00 fileNameGt=../../cp2016-max-common-connected-subgraph-paper/datasets/graphsdb/mcs10/bvg/b06/mcs10_b06_s80.B00
Reading graphs...
80 :  237
80 :  238
Initializing...
maxdom : 10
D->valSize : 406
Solving...
Blb : 2 (clique : 25)
currentSize : 25 <-- 0.003821 s
currentSize : 26 <-- 0.004980 s
currentSize : 27 <-- 0.045747 s
currentSize : 28 <-- 0.064105 s
currentSize : 29 <-- 0.289364 s
currentSize : 30 <-- 368.570374 s

TIMEOUT
maxsize : 30
nodes : 201917436.000000
filtered : 1486421884.000000
time : 1000.000000
