Parameters: GAD=1 vflib=1 dir=0 label=0 vlabel=1 lowerbound=1 fileNameGp=../../cp2016-max-common-connected-subgraph-paper/datasets/graphsdb/mcs10/m2D/m2Dr2/mcs10_m2Dr2_s80.A07 fileNameGt=../../cp2016-max-common-connected-subgraph-paper/datasets/graphsdb/mcs10/m2D/m2Dr2/mcs10_m2Dr2_s80.B07
Reading graphs...
80 :  158
80 :  156
Initializing...
maxdom : 9
D->valSize : 407
Solving...
Blb : 2 (clique : 28)
currentSize : 28 <-- 0.003800 s
currentSize : 29 <-- 0.004038 s
currentSize : 30 <-- 0.009477 s
currentSize : 31 <-- 0.009750 s
currentSize : 32 <-- 0.014861 s
currentSize : 33 <-- 1.976322 s
currentSize : 34 <-- 117.141800 s

TIMEOUT
maxsize : 34
nodes : 217463199.000000
filtered : 1521797279.000000
time : 1000.000061
