Parameters: GAD=1 vflib=1 dir=0 label=0 vlabel=1 lowerbound=1 fileNameGp=../../cp2016-max-common-connected-subgraph-paper/datasets/graphsdb/mcs10/m3D/m3Dr2/mcs10_m3Dr2_s70.A03 fileNameGt=../../cp2016-max-common-connected-subgraph-paper/datasets/graphsdb/mcs10/m3D/m3Dr2/mcs10_m3Dr2_s70.B03
Reading graphs...
70 :  170
70 :  169
Initializing...
maxdom : 7
D->valSize : 311
Solving...
Blb : 2 (clique : 21)
currentSize : 21 <-- 0.002476 s
currentSize : 22 <-- 0.002616 s
currentSize : 23 <-- 0.016780 s
currentSize : 24 <-- 0.025263 s
currentSize : 25 <-- 0.160008 s
currentSize : 26 <-- 25.453152 s
currentSize : 27 <-- 75.114532 s

TIMEOUT
maxsize : 27
nodes : 215898662.000000
filtered : 1508757608.000000
time : 1000.000061
