Parameters: GAD=1 vflib=1 dir=0 label=0 vlabel=1 lowerbound=1 fileNameGp=../../cp2016-max-common-connected-subgraph-paper/datasets/graphsdb/mcs10/rand/r01/mcs10_r01_s50.A05 fileNameGt=../../cp2016-max-common-connected-subgraph-paper/datasets/graphsdb/mcs10/rand/r01/mcs10_r01_s50.B05
Reading graphs...
50 :  234
50 :  234
Initializing...
maxdom : 10
D->valSize : 326
Solving...
Blb : 2 (clique : 11)
currentSize : 11 <-- 0.002199 s
currentSize : 13 <-- 0.002318 s
currentSize : 14 <-- 0.004002 s
currentSize : 15 <-- 0.014983 s
currentSize : 16 <-- 0.041724 s
currentSize : 17 <-- 31.787020 s

maxsize : 17
nodes : 13713500.000000
filtered : 112465798.000000
time : 53.766079
