Parameters: GAD=1 vflib=1 dir=0 label=0 vlabel=1 lowerbound=1 fileNameGp=../../cp2016-max-common-connected-subgraph-paper/datasets/graphsdb/mcs10/m3D/m3Dr6/mcs10_m3Dr6_s70.A07 fileNameGt=../../cp2016-max-common-connected-subgraph-paper/datasets/graphsdb/mcs10/m3D/m3Dr6/mcs10_m3Dr6_s70.B07
Reading graphs...
70 :  193
70 :  198
Initializing...
maxdom : 8
D->valSize : 304
Solving...
Blb : 2 (clique : 21)
currentSize : 21 <-- 0.002369 s
currentSize : 22 <-- 0.004647 s
currentSize : 23 <-- 0.006199 s
currentSize : 24 <-- 0.012299 s
currentSize : 25 <-- 1.536944 s
currentSize : 26 <-- 1.691257 s
currentSize : 27 <-- 106.055740 s

TIMEOUT
maxsize : 27
nodes : 210568981.000000
filtered : 1698611781.000000
time : 1000.000000
