Parameters: GAD=1 vflib=1 dir=0 label=0 vlabel=1 lowerbound=1 fileNameGp=../../cp2016-max-common-connected-subgraph-paper/datasets/graphsdb/mcs10/m3D/m3Dr6/mcs10_m3Dr6_s90.A00 fileNameGt=../../cp2016-max-common-connected-subgraph-paper/datasets/graphsdb/mcs10/m3D/m3Dr6/mcs10_m3Dr6_s90.B00
Reading graphs...
90 :  258
90 :  259
Initializing...
maxdom : 9
D->valSize : 508
Solving...
Blb : 2 (clique : 27)
currentSize : 27 <-- 0.005579 s
currentSize : 28 <-- 0.008689 s
currentSize : 29 <-- 0.349400 s
currentSize : 30 <-- 1.020728 s
currentSize : 31 <-- 73.816978 s
currentSize : 32 <-- 135.451859 s
currentSize : 33 <-- 137.648636 s

TIMEOUT
maxsize : 33
nodes : 194671452.000000
filtered : 1368236871.000000
time : 1000.000061
