Parameters: GAD=1 vflib=1 dir=0 label=0 vlabel=1 lowerbound=1 fileNameGp=../../cp2016-max-common-connected-subgraph-paper/datasets/graphsdb/mcs10/m3D/m3Dr2/mcs10_m3Dr2_s60.A08 fileNameGt=../../cp2016-max-common-connected-subgraph-paper/datasets/graphsdb/mcs10/m3D/m3Dr2/mcs10_m3Dr2_s60.B08
Reading graphs...
60 :  145
60 :  144
Initializing...
maxdom : 7
D->valSize : 240
Solving...
Blb : 2 (clique : 21)
currentSize : 21 <-- 0.002654 s
currentSize : 22 <-- 0.050908 s
currentSize : 23 <-- 0.738528 s
currentSize : 24 <-- 10.906489 s
currentSize : 25 <-- 110.377472 s

maxsize : 25
nodes : 102103170.000000
filtered : 697491191.000000
time : 433.524109
