Parameters: GAD=1 vflib=1 dir=0 label=0 vlabel=1 lowerbound=1 fileNameGp=../../cp2016-max-common-connected-subgraph-paper/datasets/graphsdb/mcs10/bvg/b09/mcs10_b09_s100.A08 fileNameGt=../../cp2016-max-common-connected-subgraph-paper/datasets/graphsdb/mcs10/bvg/b09/mcs10_b09_s100.B08
Reading graphs...
100 :  444
100 :  442
Initializing...
maxdom : 8
D->valSize : 340
Solving...
Blb : 5 (clique : 23)
currentSize : 23 <-- 0.003262 s
currentSize : 24 <-- 0.027575 s
currentSize : 25 <-- 0.029318 s
currentSize : 26 <-- 0.149387 s
currentSize : 27 <-- 112.822090 s
currentSize : 28 <-- 117.088486 s
currentSize : 29 <-- 117.769287 s
currentSize : 30 <-- 228.900482 s

TIMEOUT
maxsize : 30
nodes : 189686555.000000
filtered : 1067932222.000000
time : 1000.000061
