Parameters: GAD=1 vflib=1 dir=0 label=0 vlabel=1 lowerbound=1 fileNameGp=../../cp2016-max-common-connected-subgraph-paper/datasets/graphsdb/mcs10/rand/r01/mcs10_r01_s100.A09 fileNameGt=../../cp2016-max-common-connected-subgraph-paper/datasets/graphsdb/mcs10/rand/r01/mcs10_r01_s100.B09
Reading graphs...
100 :  946
100 :  939
Initializing...
maxdom : 8
D->valSize : 319
Solving...
Blb : 5 (clique : 14)
currentSize : 14 <-- 0.003028 s
currentSize : 15 <-- 0.004443 s
currentSize : 16 <-- 0.009669 s
currentSize : 17 <-- 0.039285 s
currentSize : 18 <-- 0.928992 s
currentSize : 19 <-- 0.930462 s

maxsize : 19
nodes : 143238227.000000
filtered : 798553093.000000
time : 760.415955
