Parameters: GAD=1 vflib=1 dir=0 label=0 vlabel=1 lowerbound=1 fileNameGp=../../cp2016-max-common-connected-subgraph-paper/datasets/graphsdb/mcs10/m3D/m3Dr6/mcs10_m3Dr6_s80.A05 fileNameGt=../../cp2016-max-common-connected-subgraph-paper/datasets/graphsdb/mcs10/m3D/m3Dr6/mcs10_m3Dr6_s80.B05
Reading graphs...
80 :  229
80 :  223
Initializing...
maxdom : 11
D->valSize : 436
Solving...
Blb : 5 (clique : 26)
currentSize : 26 <-- 0.004294 s
currentSize : 27 <-- 0.042125 s
currentSize : 28 <-- 0.061223 s
currentSize : 29 <-- 0.618881 s
currentSize : 30 <-- 31.539894 s
currentSize : 31 <-- 522.456238 s

TIMEOUT
maxsize : 31
nodes : 202986079.000000
filtered : 1723430366.000000
time : 1000.000061
