Parameters: GAD=1 vflib=1 dir=0 label=0 vlabel=1 lowerbound=1 fileNameGp=../../cp2016-max-common-connected-subgraph-paper/datasets/graphsdb/mcs10/m2D/m2Dr6/mcs10_m2Dr6_s60.A07 fileNameGt=../../cp2016-max-common-connected-subgraph-paper/datasets/graphsdb/mcs10/m2D/m2Dr6/mcs10_m2Dr6_s60.B07
Reading graphs...
60 :  138
60 :  138
Initializing...
maxdom : 8
D->valSize : 232
Solving...
Blb : 5 (clique : 21)
currentSize : 21 <-- 0.001739 s
currentSize : 22 <-- 1.329528 s
currentSize : 23 <-- 6.930336 s
currentSize : 24 <-- 23.532463 s
currentSize : 25 <-- 330.951172 s

maxsize : 25
nodes : 136455363.000000
filtered : 855839611.000000
time : 541.647095
