Parameters: GAD=1 vflib=1 dir=0 label=0 vlabel=1 lowerbound=1 fileNameGp=../../cp2016-max-common-connected-subgraph-paper/datasets/graphsdb/mcs10/bvg/b06m/mcs10_b06m_s70.A01 fileNameGt=../../cp2016-max-common-connected-subgraph-paper/datasets/graphsdb/mcs10/bvg/b06m/mcs10_b06m_s70.B01
Reading graphs...
70 :  202
70 :  201
Initializing...
maxdom : 10
D->valSize : 301
Solving...
Blb : 2 (clique : 21)
currentSize : 21 <-- 0.002400 s
currentSize : 22 <-- 0.122474 s
currentSize : 23 <-- 0.427817 s
currentSize : 24 <-- 0.455146 s
currentSize : 25 <-- 1.928309 s
currentSize : 26 <-- 1.928395 s
currentSize : 27 <-- 11.868971 s

TIMEOUT
maxsize : 27
nodes : 203889872.000000
filtered : 1730410652.000000
time : 1000.000000
