Parameters: GAD=1 vflib=1 dir=0 label=0 vlabel=1 lowerbound=1 fileNameGp=../../cp2016-max-common-connected-subgraph-paper/datasets/graphsdb/mcs10/rand/r005/mcs10_r005_s60.A00 fileNameGt=../../cp2016-max-common-connected-subgraph-paper/datasets/graphsdb/mcs10/rand/r005/mcs10_r005_s60.B00
Reading graphs...
60 :  177
60 :  178
Initializing...
maxdom : 6
D->valSize : 232
Solving...
Blb : 2 (clique : 19)
currentSize : 19 <-- 0.001538 s
currentSize : 20 <-- 0.034758 s
currentSize : 21 <-- 0.334590 s
currentSize : 22 <-- 1.718181 s
currentSize : 23 <-- 2.283446 s

maxsize : 23
nodes : 33492783.000000
filtered : 216131056.000000
time : 135.356644
