Parameters: GAD=1 vflib=1 dir=0 label=0 vlabel=1 lowerbound=1 fileNameGp=../../cp2016-max-common-connected-subgraph-paper/datasets/graphsdb/mcs10/rand/r01/mcs10_r01_s100.A02 fileNameGt=../../cp2016-max-common-connected-subgraph-paper/datasets/graphsdb/mcs10/rand/r01/mcs10_r01_s100.B02
Reading graphs...
100 :  945
100 :  934
Initializing...
maxdom : 7
D->valSize : 297
Solving...
Blb : 2 (clique : 13)
currentSize : 13 <-- 0.002725 s
currentSize : 14 <-- 0.003743 s
currentSize : 15 <-- 0.021782 s
currentSize : 16 <-- 0.147384 s
currentSize : 17 <-- 0.649579 s
currentSize : 18 <-- 37.004433 s
currentSize : 19 <-- 117.411354 s

maxsize : 19
nodes : 132190901.000000
filtered : 685784653.000000
time : 692.457764
