Parameters: GAD=1 vflib=1 dir=0 label=0 vlabel=1 lowerbound=1 fileNameGp=../../cp2016-max-common-connected-subgraph-paper/datasets/graphsdb/mcs10/bvg/b09m/mcs10_b09m_s100.A08 fileNameGt=../../cp2016-max-common-connected-subgraph-paper/datasets/graphsdb/mcs10/bvg/b09m/mcs10_b09m_s100.B08
Reading graphs...
100 :  437
100 :  436
Initializing...
maxdom : 8
D->valSize : 317
Solving...
Blb : 2 (clique : 20)
currentSize : 20 <-- 0.004817 s
currentSize : 21 <-- 0.005868 s
currentSize : 22 <-- 0.006510 s
currentSize : 23 <-- 0.052498 s
currentSize : 24 <-- 0.593790 s
currentSize : 25 <-- 2.338336 s
currentSize : 26 <-- 2.338399 s
currentSize : 27 <-- 2.934620 s
currentSize : 28 <-- 6.202536 s
currentSize : 29 <-- 11.817351 s
currentSize : 30 <-- 752.854004 s

TIMEOUT
maxsize : 30
nodes : 196849980.000000
filtered : 1055829948.000000
time : 1000.000061
