Parameters: GAD=1 vflib=1 dir=0 label=0 vlabel=1 lowerbound=1 fileNameGp=../../cp2016-max-common-connected-subgraph-paper/datasets/graphsdb/mcs10/bvg/b06m/mcs10_b06m_s90.A09 fileNameGt=../../cp2016-max-common-connected-subgraph-paper/datasets/graphsdb/mcs10/bvg/b06m/mcs10_b06m_s90.B09
Reading graphs...
90 :  265
90 :  261
Initializing...
maxdom : 10
D->valSize : 532
Solving...
Blb : 2 (clique : 28)
currentSize : 28 <-- 0.006066 s
currentSize : 29 <-- 0.231996 s
currentSize : 30 <-- 0.461605 s
currentSize : 31 <-- 1.857866 s
currentSize : 32 <-- 8.222978 s
currentSize : 33 <-- 35.525749 s

TIMEOUT
maxsize : 33
nodes : 194590362.000000
filtered : 1384330929.000000
time : 1000.000061
