Parameters: GAD=1 vflib=1 dir=0 label=0 vlabel=1 lowerbound=1 fileNameGp=../../cp2016-max-common-connected-subgraph-paper/datasets/graphsdb/mcs10/m2D/m2Dr6/mcs10_m2Dr6_s100.A03 fileNameGt=../../cp2016-max-common-connected-subgraph-paper/datasets/graphsdb/mcs10/m2D/m2Dr6/mcs10_m2Dr6_s100.B03
Reading graphs...
100 :  239
100 :  237
Initializing...
maxdom : 7
D->valSize : 300
Solving...
Blb : 5 (clique : 29)
currentSize : 29 <-- 0.002975 s
currentSize : 30 <-- 0.003250 s
currentSize : 31 <-- 0.009985 s
currentSize : 32 <-- 0.048755 s
currentSize : 33 <-- 0.367791 s
currentSize : 34 <-- 1.374327 s
currentSize : 35 <-- 1.947647 s
currentSize : 36 <-- 124.648178 s

TIMEOUT
maxsize : 36
nodes : 207020795.000000
filtered : 787496212.000000
time : 1000.000061
