Parameters: GAD=1 vflib=1 dir=0 label=0 vlabel=1 lowerbound=1 fileNameGp=../../cp2016-max-common-connected-subgraph-paper/datasets/graphsdb/mcs10/m2D/m2Dr2/mcs10_m2Dr2_s80.A05 fileNameGt=../../cp2016-max-common-connected-subgraph-paper/datasets/graphsdb/mcs10/m2D/m2Dr2/mcs10_m2Dr2_s80.B05
Reading graphs...
80 :  156
80 :  158
Initializing...
maxdom : 11
D->valSize : 385
Solving...
Blb : 2 (clique : 29)
currentSize : 29 <-- 0.003484 s
currentSize : 31 <-- 0.003675 s
currentSize : 32 <-- 0.003728 s
currentSize : 33 <-- 0.057686 s
currentSize : 34 <-- 0.076206 s
currentSize : 35 <-- 473.729034 s

TIMEOUT
maxsize : 35
nodes : 221823881.000000
filtered : 1514438563.000000
time : 1000.000061
