Parameters: GAD=1 vflib=1 dir=0 label=0 vlabel=1 lowerbound=1 fileNameGp=../../cp2016-max-common-connected-subgraph-paper/datasets/graphsdb/mcs10/rand/r005/mcs10_r005_s80.A05 fileNameGt=../../cp2016-max-common-connected-subgraph-paper/datasets/graphsdb/mcs10/rand/r005/mcs10_r005_s80.B05
Reading graphs...
80 :  314
80 :  315
Initializing...
maxdom : 9
D->valSize : 393
Solving...
Blb : 2 (clique : 18)
currentSize : 18 <-- 0.005495 s
currentSize : 19 <-- 0.006395 s
currentSize : 20 <-- 0.007990 s
currentSize : 21 <-- 0.009451 s
currentSize : 22 <-- 0.011339 s
currentSize : 23 <-- 0.106534 s
currentSize : 24 <-- 2.370858 s
currentSize : 25 <-- 9.268457 s
currentSize : 26 <-- 747.112610 s

TIMEOUT
maxsize : 26
nodes : 205702045.000000
filtered : 1599306945.000000
time : 1000.000000
