Parameters: GAD=1 vflib=1 dir=0 label=0 vlabel=1 lowerbound=1 fileNameGp=../../cp2016-max-common-connected-subgraph-paper/datasets/graphsdb/mcs10/m3D/m3D/mcs10_m3D_s100.A08 fileNameGt=../../cp2016-max-common-connected-subgraph-paper/datasets/graphsdb/mcs10/m3D/m3D/mcs10_m3D_s100.B08
Reading graphs...
100 :  234
100 :  234
Initializing...
maxdom : 7
D->valSize : 307
Solving...
Blb : 2 (clique : 29)
currentSize : 29 <-- 0.002984 s
currentSize : 30 <-- 0.003211 s
currentSize : 31 <-- 0.004182 s
currentSize : 32 <-- 0.016021 s
currentSize : 33 <-- 0.031506 s
currentSize : 34 <-- 0.303615 s
currentSize : 35 <-- 52.641636 s

TIMEOUT
maxsize : 35
nodes : 205961183.000000
filtered : 950522155.000000
time : 1000.000061
