Parameters: GAD=1 vflib=1 dir=0 label=0 vlabel=1 lowerbound=1 fileNameGp=../../cp2016-max-common-connected-subgraph-paper/datasets/graphsdb/mcs10/m2D/m2Dr6/mcs10_m2Dr6_s80.A03 fileNameGt=../../cp2016-max-common-connected-subgraph-paper/datasets/graphsdb/mcs10/m2D/m2Dr6/mcs10_m2Dr6_s80.B03
Reading graphs...
80 :  189
80 :  187
Initializing...
maxdom : 9
D->valSize : 421
Solving...
Blb : 2 (clique : 27)
currentSize : 27 <-- 0.006819 s
currentSize : 28 <-- 0.033160 s
currentSize : 29 <-- 0.129946 s
currentSize : 30 <-- 0.150934 s
currentSize : 31 <-- 0.474832 s
currentSize : 32 <-- 14.950785 s
currentSize : 33 <-- 87.245949 s

TIMEOUT
maxsize : 33
nodes : 195171322.000000
filtered : 1723801661.000000
time : 1000.000061
