Parameters: GAD=1 vflib=1 dir=0 label=0 vlabel=1 lowerbound=1 fileNameGp=../../cp2016-max-common-connected-subgraph-paper/datasets/graphsdb/mcs10/m2D/m2Dr4/mcs10_m2Dr4_s50.A07 fileNameGt=../../cp2016-max-common-connected-subgraph-paper/datasets/graphsdb/mcs10/m2D/m2Dr4/mcs10_m2Dr4_s50.B07
Reading graphs...
50 :  103
50 :  105
Initializing...
maxdom : 11
D->valSize : 312
Solving...
Blb : 2 (clique : 19)
currentSize : 19 <-- 0.002138 s
currentSize : 20 <-- 0.020175 s
currentSize : 21 <-- 0.123012 s
currentSize : 22 <-- 0.321052 s
currentSize : 23 <-- 0.534132 s
currentSize : 24 <-- 131.304489 s

maxsize : 24
nodes : 45652122.000000
filtered : 412985934.000000
time : 173.437531
