Parameters: GAD=1 vflib=1 dir=0 label=0 vlabel=1 lowerbound=1 fileNameGp=../../cp2016-max-common-connected-subgraph-paper/datasets/graphsdb/mcs10/m2D/m2Dr2/mcs10_m2Dr2_s100.A00 fileNameGt=../../cp2016-max-common-connected-subgraph-paper/datasets/graphsdb/mcs10/m2D/m2Dr2/mcs10_m2Dr2_s100.B00
Reading graphs...
100 :  199
100 :  196
Initializing...
maxdom : 7
D->valSize : 318
Solving...
Blb : 2 (clique : 34)
currentSize : 34 <-- 0.005107 s
currentSize : 35 <-- 0.005518 s
currentSize : 36 <-- 0.229898 s
currentSize : 37 <-- 13.811881 s
currentSize : 38 <-- 13.960744 s
currentSize : 39 <-- 13.999877 s
currentSize : 40 <-- 21.513201 s

TIMEOUT
maxsize : 40
nodes : 195631524.000000
filtered : 887061121.000000
time : 1000.000061
