Parameters: GAD=1 vflib=1 dir=0 label=0 vlabel=1 lowerbound=1 fileNameGp=../../cp2016-max-common-connected-subgraph-paper/datasets/graphsdb/mcs10/m2D/m2Dr4/mcs10_m2Dr4_s50.A02 fileNameGt=../../cp2016-max-common-connected-subgraph-paper/datasets/graphsdb/mcs10/m2D/m2Dr4/mcs10_m2Dr4_s50.B02
Reading graphs...
50 :  103
50 :  104
Initializing...
maxdom : 9
D->valSize : 306
Solving...
Blb : 2 (clique : 19)
currentSize : 19 <-- 0.002133 s
currentSize : 20 <-- 0.250900 s
currentSize : 21 <-- 2.222449 s
currentSize : 22 <-- 7.185586 s
currentSize : 23 <-- 43.560196 s
currentSize : 24 <-- 80.352692 s

maxsize : 24
nodes : 234442159.000000
filtered : 2297984476.000000
time : 953.048401
