Parameters: GAD=1 vflib=1 dir=0 label=0 vlabel=1 lowerbound=1 fileNameGp=../../cp2016-max-common-connected-subgraph-paper/datasets/graphsdb/mcs10/bvg/b03m/mcs10_b03m_s90.A04 fileNameGt=../../cp2016-max-common-connected-subgraph-paper/datasets/graphsdb/mcs10/bvg/b03m/mcs10_b03m_s90.B04
Reading graphs...
90 :  133
90 :  134
Initializing...
maxdom : 9
D->valSize : 547
Solving...
Blb : 2 (clique : 40)
currentSize : 40 <-- 0.006514 s
currentSize : 41 <-- 0.008677 s
currentSize : 42 <-- 13.762870 s
currentSize : 43 <-- 139.008926 s
currentSize : 44 <-- 178.076187 s
currentSize : 45 <-- 770.411621 s

TIMEOUT
maxsize : 45
nodes : 224980489.000000
filtered : 1140834389.000000
time : 1000.000122
