Parameters: GAD=1 vflib=1 dir=0 label=0 vlabel=1 lowerbound=1 fileNameGp=../../cp2016-max-common-connected-subgraph-paper/datasets/graphsdb/mcs10/m2D/m2Dr4/mcs10_m2Dr4_s70.A00 fileNameGt=../../cp2016-max-common-connected-subgraph-paper/datasets/graphsdb/mcs10/m2D/m2Dr4/mcs10_m2Dr4_s70.B00
Reading graphs...
70 :  148
70 :  149
Initializing...
maxdom : 11
D->valSize : 317
Solving...
Blb : 2 (clique : 21)
currentSize : 21 <-- 0.002632 s
currentSize : 22 <-- 0.002767 s
currentSize : 23 <-- 0.005487 s
currentSize : 24 <-- 0.013393 s
currentSize : 25 <-- 0.575697 s
currentSize : 26 <-- 5.618081 s
currentSize : 27 <-- 5.917752 s
currentSize : 28 <-- 6.422433 s

TIMEOUT
maxsize : 28
nodes : 217804055.000000
filtered : 1556617638.000000
time : 1000.000000
