Parameters: GAD=1 vflib=1 dir=0 label=0 vlabel=1 lowerbound=1 fileNameGp=../../cp2016-max-common-connected-subgraph-paper/datasets/graphsdb/mcs10/rand/r02/mcs10_r02_s80.A08 fileNameGt=../../cp2016-max-common-connected-subgraph-paper/datasets/graphsdb/mcs10/rand/r02/mcs10_r02_s80.B08
Reading graphs...
80 :  1130
80 :  1139
Initializing...
maxdom : 10
D->valSize : 363
Solving...
Blb : 2 (clique : 9)
currentSize : 9 <-- 0.003040 s
currentSize : 10 <-- 0.003629 s
currentSize : 11 <-- 0.003971 s
currentSize : 12 <-- 0.009567 s
currentSize : 13 <-- 1.247475 s
currentSize : 14 <-- 29.773972 s

maxsize : 14
nodes : 10591508.000000
filtered : 58536945.000000
time : 49.212624
