Parameters: GAD=1 vflib=1 dir=0 label=0 vlabel=1 lowerbound=1 fileNameGp=../../cp2016-max-common-connected-subgraph-paper/datasets/graphsdb/mcs10/m3D/m3D/mcs10_m3D_s70.A04 fileNameGt=../../cp2016-max-common-connected-subgraph-paper/datasets/graphsdb/mcs10/m3D/m3D/mcs10_m3D_s70.B04
Reading graphs...
70 :  158
70 :  158
Initializing...
maxdom : 12
D->valSize : 291
Solving...
Blb : 2 (clique : 21)
currentSize : 21 <-- 0.003507 s
currentSize : 23 <-- 0.003694 s
currentSize : 24 <-- 0.003849 s
currentSize : 26 <-- 0.006963 s
currentSize : 27 <-- 1.387764 s
currentSize : 28 <-- 46.330219 s

TIMEOUT
maxsize : 28
nodes : 220842916.000000
filtered : 1689127924.000000
time : 1000.000000
