Parameters: GAD=1 vflib=1 dir=0 label=0 vlabel=1 lowerbound=1 fileNameGp=../../cp2016-max-common-connected-subgraph-paper/datasets/graphsdb/mcs10/m2D/m2D/mcs10_m2D_s50.A09 fileNameGt=../../cp2016-max-common-connected-subgraph-paper/datasets/graphsdb/mcs10/m2D/m2D/mcs10_m2D_s50.B09
Reading graphs...
50 :  85
50 :  84
Initializing...
maxdom : 8
D->valSize : 317
Solving...
Blb : 2 (clique : 20)
currentSize : 20 <-- 0.002264 s
currentSize : 22 <-- 0.002419 s
currentSize : 23 <-- 0.006505 s
currentSize : 24 <-- 0.174933 s
currentSize : 25 <-- 1.707588 s
currentSize : 26 <-- 2.810480 s
currentSize : 27 <-- 56.196987 s

maxsize : 27
nodes : 185482005.000000
filtered : 1794848052.000000
time : 750.761292
