Parameters: GAD=1 vflib=1 dir=0 label=0 vlabel=1 lowerbound=1 fileNameGp=../../cp2016-max-common-connected-subgraph-paper/datasets/graphsdb/mcs10/rand/r005/mcs10_r005_s100.A01 fileNameGt=../../cp2016-max-common-connected-subgraph-paper/datasets/graphsdb/mcs10/rand/r005/mcs10_r005_s100.B01
Reading graphs...
100 :  485
100 :  491
Initializing...
maxdom : 8
D->valSize : 321
Solving...
Blb : 2 (clique : 19)
currentSize : 19 <-- 0.002968 s
currentSize : 20 <-- 0.003125 s
currentSize : 21 <-- 0.003170 s
currentSize : 22 <-- 0.003208 s
currentSize : 23 <-- 0.013496 s
currentSize : 24 <-- 0.067148 s
currentSize : 25 <-- 32.306305 s
currentSize : 26 <-- 46.400623 s
currentSize : 27 <-- 534.586609 s

TIMEOUT
maxsize : 27
nodes : 194360186.000000
filtered : 898410263.000000
time : 1000.000000
