Parameters: GAD=1 vflib=1 dir=0 label=0 vlabel=1 lowerbound=1 fileNameGp=../../cp2016-max-common-connected-subgraph-paper/datasets/graphsdb/mcs10/m3D/m3Dr4/mcs10_m3Dr4_s90.A06 fileNameGt=../../cp2016-max-common-connected-subgraph-paper/datasets/graphsdb/mcs10/m3D/m3Dr4/mcs10_m3Dr4_s90.B06
Reading graphs...
90 :  240
90 :  240
Initializing...
maxdom : 10
D->valSize : 525
Solving...
Blb : 2 (clique : 26)
currentSize : 26 <-- 0.009611 s
currentSize : 28 <-- 0.009946 s
currentSize : 29 <-- 0.010092 s
currentSize : 30 <-- 0.010305 s
currentSize : 31 <-- 0.022762 s
currentSize : 32 <-- 0.276149 s
currentSize : 33 <-- 5.918534 s
currentSize : 34 <-- 28.068661 s
currentSize : 35 <-- 37.768543 s

TIMEOUT
maxsize : 35
nodes : 191118897.000000
filtered : 1381773114.000000
time : 1000.000061
