Parameters: GAD=1 vflib=1 dir=0 label=0 vlabel=1 lowerbound=1 fileNameGp=../../cp2016-max-common-connected-subgraph-paper/datasets/graphsdb/mcs10/bvg/b03m/mcs10_b03m_s50.A06 fileNameGt=../../cp2016-max-common-connected-subgraph-paper/datasets/graphsdb/mcs10/bvg/b03m/mcs10_b03m_s50.B06
Reading graphs...
50 :  73
50 :  73
Initializing...
maxdom : 9
D->valSize : 294
Solving...
Blb : 3 (clique : 20)
currentSize : 20 <-- 0.002141 s
currentSize : 21 <-- 0.002246 s
currentSize : 22 <-- 0.006273 s
currentSize : 23 <-- 0.148821 s
currentSize : 24 <-- 0.644287 s
currentSize : 25 <-- 0.920090 s
currentSize : 26 <-- 3.099634 s

maxsize : 26
nodes : 65393640.000000
filtered : 636201523.000000
time : 256.972900
