Parameters: GAD=1 vflib=1 dir=0 label=0 vlabel=1 lowerbound=1 fileNameGp=../../cp2016-max-common-connected-subgraph-paper/datasets/graphsdb/mcs10/rand/r005/mcs10_r005_s90.A01 fileNameGt=../../cp2016-max-common-connected-subgraph-paper/datasets/graphsdb/mcs10/rand/r005/mcs10_r005_s90.B01
Reading graphs...
90 :  394
90 :  398
Initializing...
maxdom : 10
D->valSize : 548
Solving...
Blb : 5 (clique : 21)
currentSize : 21 <-- 0.006130 s
currentSize : 22 <-- 0.020261 s
currentSize : 23 <-- 0.204932 s
currentSize : 24 <-- 2.190456 s
currentSize : 25 <-- 5.381370 s
currentSize : 26 <-- 115.149490 s
currentSize : 27 <-- 765.331482 s

TIMEOUT
maxsize : 27
nodes : 180053938.000000
filtered : 1229566618.000000
time : 1000.000061
