Parameters: GAD=1 vflib=1 dir=0 label=0 vlabel=1 lowerbound=1 fileNameGp=../../cp2016-max-common-connected-subgraph-paper/datasets/graphsdb/mcs10/m2D/m2Dr6/mcs10_m2Dr6_s50.A01 fileNameGt=../../cp2016-max-common-connected-subgraph-paper/datasets/graphsdb/mcs10/m2D/m2Dr6/mcs10_m2Dr6_s50.B01
Reading graphs...
50 :  111
50 :  109
Initializing...
maxdom : 14
D->valSize : 358
Solving...
Blb : 5 (clique : 19)
currentSize : 19 <-- 0.004451 s
currentSize : 21 <-- 0.012976 s
currentSize : 22 <-- 0.142310 s
currentSize : 23 <-- 0.411216 s
currentSize : 24 <-- 12.484971 s

maxsize : 24
nodes : 67710892.000000
filtered : 805656784.000000
time : 291.262665
