Parameters: GAD=1 vflib=1 dir=0 label=0 vlabel=1 lowerbound=1 fileNameGp=../../cp2016-max-common-connected-subgraph-paper/datasets/graphsdb/mcs10/m2D/m2D/mcs10_m2D_s90.A02 fileNameGt=../../cp2016-max-common-connected-subgraph-paper/datasets/graphsdb/mcs10/m2D/m2D/mcs10_m2D_s90.B02
Reading graphs...
90 :  160
90 :  161
Initializing...
maxdom : 10
D->valSize : 550
Solving...
Blb : 2 (clique : 34)
currentSize : 34 <-- 0.006471 s
currentSize : 36 <-- 0.006740 s
currentSize : 37 <-- 0.006841 s
currentSize : 38 <-- 0.007029 s
currentSize : 39 <-- 0.007311 s
currentSize : 40 <-- 0.012789 s
currentSize : 41 <-- 0.048206 s
currentSize : 42 <-- 0.985026 s
currentSize : 43 <-- 3.444059 s
currentSize : 44 <-- 520.267944 s

TIMEOUT
maxsize : 44
nodes : 204683867.000000
filtered : 1557331157.000000
time : 1000.000061
