Parameters: GAD=1 vflib=1 dir=0 label=0 vlabel=1 lowerbound=1 fileNameGp=../../cp2016-max-common-connected-subgraph-paper/datasets/graphsdb/mcs10/m2D/m2Dr4/mcs10_m2Dr4_s50.A08 fileNameGt=../../cp2016-max-common-connected-subgraph-paper/datasets/graphsdb/mcs10/m2D/m2Dr4/mcs10_m2Dr4_s50.B08
Reading graphs...
50 :  100
50 :  103
Initializing...
maxdom : 9
D->valSize : 325
Solving...
Blb : 2 (clique : 19)
currentSize : 19 <-- 0.002281 s
currentSize : 20 <-- 0.002770 s
currentSize : 21 <-- 0.005945 s
currentSize : 22 <-- 0.019679 s
currentSize : 23 <-- 0.192249 s
currentSize : 24 <-- 0.325666 s
currentSize : 25 <-- 0.456870 s
currentSize : 26 <-- 12.488776 s

maxsize : 26
nodes : 24148230.000000
filtered : 282076111.000000
time : 108.891991
