Parameters: GAD=1 vflib=1 dir=0 label=0 vlabel=1 lowerbound=1 fileNameGp=../../cp2016-max-common-connected-subgraph-paper/datasets/graphsdb/mcs10/rand/r01/mcs10_r01_s70.A02 fileNameGt=../../cp2016-max-common-connected-subgraph-paper/datasets/graphsdb/mcs10/rand/r01/mcs10_r01_s70.B02
Reading graphs...
70 :  460
70 :  454
Initializing...
maxdom : 13
D->valSize : 305
Solving...
Blb : 2 (clique : 13)
currentSize : 13 <-- 0.003661 s
currentSize : 14 <-- 0.004292 s
currentSize : 15 <-- 0.096219 s
currentSize : 16 <-- 0.099267 s
currentSize : 17 <-- 5.497781 s
currentSize : 18 <-- 82.776131 s

maxsize : 18
nodes : 25543320.000000
filtered : 173886614.000000
time : 110.279160
