Parameters: GAD=1 vflib=1 dir=0 label=0 vlabel=1 lowerbound=1 fileNameGp=../../cp2016-max-common-connected-subgraph-paper/datasets/graphsdb/mcs10/m3D/m3Dr4/mcs10_m3Dr4_s80.A03 fileNameGt=../../cp2016-max-common-connected-subgraph-paper/datasets/graphsdb/mcs10/m3D/m3Dr4/mcs10_m3Dr4_s80.B03
Reading graphs...
80 :  215
80 :  213
Initializing...
maxdom : 9
D->valSize : 407
Solving...
Blb : 2 (clique : 23)
currentSize : 23 <-- 0.003783 s
currentSize : 24 <-- 0.008550 s
currentSize : 25 <-- 0.011834 s
currentSize : 26 <-- 0.107711 s
currentSize : 27 <-- 2.932665 s
currentSize : 28 <-- 14.377970 s
currentSize : 29 <-- 20.137407 s
currentSize : 30 <-- 197.868027 s

TIMEOUT
maxsize : 30
nodes : 217179237.000000
filtered : 1630857206.000000
time : 1000.000000
