Parameters: GAD=1 vflib=1 dir=0 label=0 vlabel=1 lowerbound=1 fileNameGp=../../cp2016-max-common-connected-subgraph-paper/datasets/graphsdb/mcs10/m2D/m2Dr2/mcs10_m2Dr2_s90.A04 fileNameGt=../../cp2016-max-common-connected-subgraph-paper/datasets/graphsdb/mcs10/m2D/m2Dr2/mcs10_m2Dr2_s90.B04
Reading graphs...
90 :  178
90 :  178
Initializing...
maxdom : 9
D->valSize : 560
Solving...
Blb : 2 (clique : 32)
currentSize : 32 <-- 0.006572 s
currentSize : 34 <-- 0.006826 s
currentSize : 35 <-- 0.006955 s
currentSize : 36 <-- 0.007699 s
currentSize : 37 <-- 0.009012 s
currentSize : 38 <-- 9.097840 s
currentSize : 39 <-- 49.033371 s

TIMEOUT
maxsize : 39
nodes : 192636389.000000
filtered : 1499393736.000000
time : 1000.000061
