Parameters: GAD=1 vflib=1 dir=0 label=0 vlabel=1 lowerbound=1 fileNameGp=../../cp2016-max-common-connected-subgraph-paper/datasets/graphsdb/mcs10/rand/r005/mcs10_r005_s50.A07 fileNameGt=../../cp2016-max-common-connected-subgraph-paper/datasets/graphsdb/mcs10/rand/r005/mcs10_r005_s50.B07
Reading graphs...
50 :  121
50 :  124
Initializing...
maxdom : 11
D->valSize : 276
Solving...
Blb : 5 (clique : 15)
currentSize : 15 <-- 0.001771 s
currentSize : 16 <-- 0.003183 s
currentSize : 17 <-- 0.005820 s
currentSize : 18 <-- 0.009935 s
currentSize : 19 <-- 0.014722 s
currentSize : 20 <-- 0.085417 s
currentSize : 21 <-- 0.766067 s

maxsize : 21
nodes : 1092678.000000
filtered : 11401559.000000
time : 4.104682
