Parameters: GAD=1 vflib=1 dir=0 label=0 vlabel=1 lowerbound=1 fileNameGp=../../cp2016-max-common-connected-subgraph-paper/datasets/graphsdb/mcs10/m3D/m3Dr4/mcs10_m3Dr4_s90.A00 fileNameGt=../../cp2016-max-common-connected-subgraph-paper/datasets/graphsdb/mcs10/m3D/m3Dr4/mcs10_m3Dr4_s90.B00
Reading graphs...
90 :  242
90 :  243
Initializing...
maxdom : 8
D->valSize : 513
Solving...
Blb : 2 (clique : 28)
currentSize : 28 <-- 0.005776 s
currentSize : 29 <-- 0.005997 s
currentSize : 30 <-- 0.006107 s
currentSize : 31 <-- 0.428342 s
currentSize : 32 <-- 20.715096 s
currentSize : 33 <-- 33.825653 s
currentSize : 34 <-- 67.956223 s
currentSize : 35 <-- 81.467712 s

TIMEOUT
maxsize : 35
nodes : 189359345.000000
filtered : 1505817415.000000
time : 1000.000061
