Parameters: GAD=1 vflib=1 dir=0 label=0 vlabel=1 lowerbound=1 fileNameGp=../../cp2016-max-common-connected-subgraph-paper/datasets/graphsdb/mcs10/bvg/b03/mcs10_b03_s100.A07 fileNameGt=../../cp2016-max-common-connected-subgraph-paper/datasets/graphsdb/mcs10/bvg/b03/mcs10_b03_s100.B07
Reading graphs...
100 :  149
100 :  150
Initializing...
maxdom : 7
D->valSize : 318
Solving...
Blb : 2 (clique : 36)
currentSize : 36 <-- 0.003304 s
currentSize : 37 <-- 0.003568 s
currentSize : 38 <-- 0.004835 s
currentSize : 39 <-- 0.760150 s
currentSize : 40 <-- 60.538918 s
currentSize : 41 <-- 220.106857 s

TIMEOUT
maxsize : 41
nodes : 240641535.000000
filtered : 784790298.000000
time : 1000.000061
