Parameters: GAD=1 vflib=1 dir=0 label=0 vlabel=1 lowerbound=1 fileNameGp=../../cp2016-max-common-connected-subgraph-paper/datasets/graphsdb/mcs10/m3D/m3Dr4/mcs10_m3Dr4_s80.A06 fileNameGt=../../cp2016-max-common-connected-subgraph-paper/datasets/graphsdb/mcs10/m3D/m3Dr4/mcs10_m3Dr4_s80.B06
Reading graphs...
80 :  215
80 :  214
Initializing...
maxdom : 8
D->valSize : 387
Solving...
Blb : 2 (clique : 25)
currentSize : 25 <-- 0.003572 s
currentSize : 27 <-- 0.004784 s
currentSize : 28 <-- 0.026310 s
currentSize : 29 <-- 0.050282 s
currentSize : 30 <-- 5.691259 s
currentSize : 31 <-- 116.991806 s
currentSize : 32 <-- 401.328888 s

TIMEOUT
maxsize : 32
nodes : 181698090.000000
filtered : 1654510480.000000
time : 1000.000061
