Parameters: GAD=1 vflib=1 dir=0 label=0 vlabel=1 lowerbound=1 fileNameGp=../../cp2016-max-common-connected-subgraph-paper/datasets/graphsdb/mcs10/bvg/b06/mcs10_b06_s90.A05 fileNameGt=../../cp2016-max-common-connected-subgraph-paper/datasets/graphsdb/mcs10/bvg/b06/mcs10_b06_s90.B05
Reading graphs...
90 :  267
90 :  266
Initializing...
maxdom : 11
D->valSize : 524
Solving...
Blb : 3 (clique : 27)
currentSize : 27 <-- 0.005901 s
currentSize : 28 <-- 0.007741 s
currentSize : 29 <-- 0.498668 s
currentSize : 30 <-- 1.317746 s
currentSize : 31 <-- 2.275275 s
currentSize : 32 <-- 5.603584 s

TIMEOUT
maxsize : 32
nodes : 172743419.000000
filtered : 1607923155.000000
time : 1000.000000
