Parameters: GAD=1 vflib=1 dir=0 label=0 vlabel=1 lowerbound=1 fileNameGp=../../cp2016-max-common-connected-subgraph-paper/datasets/graphsdb/mcs10/m3D/m3Dr4/mcs10_m3Dr4_s70.A09 fileNameGt=../../cp2016-max-common-connected-subgraph-paper/datasets/graphsdb/mcs10/m3D/m3Dr4/mcs10_m3Dr4_s70.B09
Reading graphs...
70 :  179
70 :  183
Initializing...
maxdom : 8
D->valSize : 318
Solving...
Blb : 2 (clique : 20)
currentSize : 20 <-- 0.002638 s
currentSize : 21 <-- 0.002943 s
currentSize : 22 <-- 0.005337 s
currentSize : 23 <-- 0.172042 s
currentSize : 24 <-- 0.179392 s
currentSize : 25 <-- 1.140387 s
currentSize : 26 <-- 1.301645 s
currentSize : 27 <-- 151.919327 s

TIMEOUT
maxsize : 27
nodes : 227648017.000000
filtered : 1603802486.000000
time : 1000.000061
