Parameters: GAD=1 vflib=1 dir=0 label=0 vlabel=1 lowerbound=1 fileNameGp=../../cp2016-max-common-connected-subgraph-paper/datasets/graphsdb/mcs10/rand/r005/mcs10_r005_s70.A08 fileNameGt=../../cp2016-max-common-connected-subgraph-paper/datasets/graphsdb/mcs10/rand/r005/mcs10_r005_s70.B08
Reading graphs...
70 :  242
70 :  238
Initializing...
maxdom : 10
D->valSize : 299
Solving...
Blb : 2 (clique : 19)
currentSize : 19 <-- 0.002273 s
currentSize : 20 <-- 0.011302 s
currentSize : 21 <-- 0.089719 s
currentSize : 22 <-- 1.912156 s
currentSize : 23 <-- 9.321105 s
currentSize : 24 <-- 15.408255 s
currentSize : 25 <-- 34.500099 s

maxsize : 25
nodes : 200478740.000000
filtered : 1589733136.000000
time : 913.242371
