Parameters: GAD=1 vflib=1 dir=0 label=0 vlabel=1 lowerbound=1 fileNameGp=../../cp2016-max-common-connected-subgraph-paper/datasets/graphsdb/mcs10/bvg/b06/mcs10_b06_s100.A04 fileNameGt=../../cp2016-max-common-connected-subgraph-paper/datasets/graphsdb/mcs10/bvg/b06/mcs10_b06_s100.B04
Reading graphs...
100 :  297
100 :  297
Initializing...
maxdom : 6
D->valSize : 311
Solving...
Blb : 5 (clique : 25)
currentSize : 25 <-- 0.003007 s
currentSize : 26 <-- 0.129815 s
currentSize : 27 <-- 4.903709 s
currentSize : 28 <-- 12.239325 s
currentSize : 29 <-- 207.365173 s
currentSize : 30 <-- 315.506409 s

TIMEOUT
maxsize : 30
nodes : 203787835.000000
filtered : 1295521274.000000
time : 1000.000061
