Parameters: GAD=1 vflib=1 dir=0 label=0 vlabel=1 lowerbound=1 fileNameGp=../../cp2016-max-common-connected-subgraph-paper/datasets/graphsdb/mcs10/bvg/b09m/mcs10_b09m_s100.A07 fileNameGt=../../cp2016-max-common-connected-subgraph-paper/datasets/graphsdb/mcs10/bvg/b09m/mcs10_b09m_s100.B07
Reading graphs...
100 :  431
100 :  434
Initializing...
maxdom : 9
D->valSize : 318
Solving...
Blb : 3 (clique : 22)
currentSize : 22 <-- 0.004756 s
currentSize : 23 <-- 0.043940 s
currentSize : 24 <-- 0.150202 s
currentSize : 25 <-- 0.929335 s
currentSize : 26 <-- 7.630339 s
currentSize : 27 <-- 229.007004 s
currentSize : 28 <-- 658.298950 s

TIMEOUT
maxsize : 28
nodes : 192388146.000000
filtered : 1114660541.000000
time : 1000.000061
