Parameters: GAD=1 vflib=1 dir=0 label=0 vlabel=1 lowerbound=1 fileNameGp=../../cp2016-max-common-connected-subgraph-paper/datasets/graphsdb/mcs10/m2D/m2Dr4/mcs10_m2Dr4_s70.A06 fileNameGt=../../cp2016-max-common-connected-subgraph-paper/datasets/graphsdb/mcs10/m2D/m2Dr4/mcs10_m2Dr4_s70.B06
Reading graphs...
70 :  148
70 :  148
Initializing...
maxdom : 7
D->valSize : 303
Solving...
Blb : 2 (clique : 23)
currentSize : 23 <-- 0.002422 s
currentSize : 24 <-- 0.002558 s
currentSize : 25 <-- 0.003705 s
currentSize : 26 <-- 0.010466 s
currentSize : 27 <-- 0.319760 s
currentSize : 28 <-- 2.024181 s
currentSize : 29 <-- 13.185031 s

TIMEOUT
maxsize : 29
nodes : 249390694.000000
filtered : 1356615765.000000
time : 1000.000061
