Parameters: GAD=1 vflib=1 dir=0 label=0 vlabel=1 lowerbound=1 fileNameGp=../../cp2016-max-common-connected-subgraph-paper/datasets/graphsdb/mcs10/rand/r005/mcs10_r005_s80.A07 fileNameGt=../../cp2016-max-common-connected-subgraph-paper/datasets/graphsdb/mcs10/rand/r005/mcs10_r005_s80.B07
Reading graphs...
80 :  316
80 :  315
Initializing...
maxdom : 10
D->valSize : 397
Solving...
Blb : 2 (clique : 21)
currentSize : 21 <-- 0.003734 s
currentSize : 22 <-- 0.004016 s
currentSize : 23 <-- 0.004346 s
currentSize : 24 <-- 0.071037 s
currentSize : 25 <-- 0.097250 s
currentSize : 26 <-- 3.387379 s
currentSize : 27 <-- 8.085767 s

TIMEOUT
maxsize : 27
nodes : 202811335.000000
filtered : 1481943944.000000
time : 1000.000000
