Parameters: GAD=1 vflib=1 dir=0 label=0 vlabel=1 lowerbound=1 fileNameGp=../../cp2016-max-common-connected-subgraph-paper/datasets/graphsdb/mcs10/m2D/m2Dr2/mcs10_m2Dr2_s90.A08 fileNameGt=../../cp2016-max-common-connected-subgraph-paper/datasets/graphsdb/mcs10/m2D/m2Dr2/mcs10_m2Dr2_s90.B08
Reading graphs...
90 :  179
90 :  179
Initializing...
maxdom : 13
D->valSize : 510
Solving...
Blb : 2 (clique : 31)
currentSize : 31 <-- 0.005732 s
currentSize : 32 <-- 0.005983 s
currentSize : 33 <-- 0.008260 s
currentSize : 34 <-- 0.024579 s
currentSize : 35 <-- 0.030255 s
currentSize : 36 <-- 0.036029 s
currentSize : 37 <-- 1.438744 s
currentSize : 38 <-- 8.873851 s
currentSize : 39 <-- 429.853149 s

TIMEOUT
maxsize : 39
nodes : 189022108.000000
filtered : 1416343179.000000
time : 1000.000061
