Parameters: GAD=1 vflib=1 dir=0 label=0 vlabel=1 lowerbound=1 fileNameGp=../../cp2016-max-common-connected-subgraph-paper/datasets/graphsdb/mcs10/bvg/b09/mcs10_b09_s100.A04 fileNameGt=../../cp2016-max-common-connected-subgraph-paper/datasets/graphsdb/mcs10/bvg/b09/mcs10_b09_s100.B04
Reading graphs...
100 :  432
100 :  442
Initializing...
maxdom : 8
D->valSize : 311
Solving...
Blb : 3 (clique : 21)
currentSize : 21 <-- 0.004689 s
currentSize : 22 <-- 0.006057 s
currentSize : 23 <-- 0.019390 s
currentSize : 24 <-- 0.086933 s
currentSize : 25 <-- 0.704313 s
currentSize : 26 <-- 9.047292 s
currentSize : 27 <-- 74.704857 s

TIMEOUT
maxsize : 27
nodes : 185126340.000000
filtered : 1038761602.000000
time : 1000.000000
