Parameters: GAD=1 vflib=1 dir=0 label=0 vlabel=1 lowerbound=1 fileNameGp=../../cp2016-max-common-connected-subgraph-paper/datasets/graphsdb/mcs10/m3D/m3Dr2/mcs10_m3Dr2_s100.A04 fileNameGt=../../cp2016-max-common-connected-subgraph-paper/datasets/graphsdb/mcs10/m3D/m3Dr2/mcs10_m3Dr2_s100.B04
Reading graphs...
100 :  253
100 :  252
Initializing...
maxdom : 6
D->valSize : 335
Solving...
Blb : 2 (clique : 28)
currentSize : 28 <-- 0.003324 s
currentSize : 29 <-- 0.009458 s
currentSize : 30 <-- 0.062841 s
currentSize : 31 <-- 0.100528 s
currentSize : 32 <-- 0.908835 s
currentSize : 33 <-- 5.363806 s

TIMEOUT
maxsize : 33
nodes : 209226560.000000
filtered : 857268224.000000
time : 1000.000061
