Parameters: GAD=1 vflib=1 dir=0 label=0 vlabel=1 lowerbound=1 fileNameGp=../../cp2016-max-common-connected-subgraph-paper/datasets/graphsdb/mcs10/bvg/b03/mcs10_b03_s60.A03 fileNameGt=../../cp2016-max-common-connected-subgraph-paper/datasets/graphsdb/mcs10/bvg/b03/mcs10_b03_s60.B03
Reading graphs...
60 :  90
60 :  89
Initializing...
maxdom : 6
D->valSize : 240
Solving...
Blb : 2 (clique : 24)
currentSize : 24 <-- 0.001680 s
currentSize : 25 <-- 0.001825 s
currentSize : 26 <-- 0.023462 s
currentSize : 27 <-- 0.070348 s
currentSize : 28 <-- 0.908570 s
currentSize : 29 <-- 44.477634 s

maxsize : 29
nodes : 142386524.000000
filtered : 807433109.000000
time : 542.831604
