Parameters: GAD=1 vflib=1 dir=0 label=0 vlabel=1 lowerbound=1 fileNameGp=../../cp2016-max-common-connected-subgraph-paper/datasets/graphsdb/mcs10/m3D/m3Dr6/mcs10_m3Dr6_s70.A04 fileNameGt=../../cp2016-max-common-connected-subgraph-paper/datasets/graphsdb/mcs10/m3D/m3Dr6/mcs10_m3Dr6_s70.B04
Reading graphs...
70 :  199
70 :  195
Initializing...
maxdom : 6
D->valSize : 308
Solving...
Blb : 2 (clique : 22)
currentSize : 22 <-- 0.002410 s
currentSize : 23 <-- 0.002552 s
currentSize : 24 <-- 0.284413 s
currentSize : 25 <-- 2.689853 s
currentSize : 26 <-- 13.118725 s
currentSize : 27 <-- 144.502670 s

TIMEOUT
maxsize : 27
nodes : 223597030.000000
filtered : 1567347363.000000
time : 1000.000000
