Parameters: GAD=1 vflib=1 dir=0 label=0 vlabel=1 lowerbound=1 fileNameGp=../../cp2016-max-common-connected-subgraph-paper/datasets/graphsdb/mcs10/m3D/m3Dr2/mcs10_m3Dr2_s70.A05 fileNameGt=../../cp2016-max-common-connected-subgraph-paper/datasets/graphsdb/mcs10/m3D/m3Dr2/mcs10_m3Dr2_s70.B05
Reading graphs...
70 :  173
70 :  171
Initializing...
maxdom : 9
D->valSize : 318
Solving...
Blb : 2 (clique : 19)
currentSize : 19 <-- 0.004192 s
currentSize : 20 <-- 0.007104 s
currentSize : 21 <-- 0.014274 s
currentSize : 22 <-- 0.112729 s
currentSize : 23 <-- 0.182187 s
currentSize : 24 <-- 0.183432 s
currentSize : 25 <-- 72.146202 s
currentSize : 26 <-- 76.207321 s

TIMEOUT
maxsize : 26
nodes : 226675526.000000
filtered : 1670112817.000000
time : 1000.000000
