Parameters: GAD=1 vflib=1 dir=0 label=0 vlabel=1 lowerbound=1 fileNameGp=../../cp2016-max-common-connected-subgraph-paper/datasets/graphsdb/mcs10/m4D/m4Dr4/mcs10_m4Dr4_s100.A09 fileNameGt=../../cp2016-max-common-connected-subgraph-paper/datasets/graphsdb/mcs10/m4D/m4Dr4/mcs10_m4Dr4_s100.B09
Reading graphs...
100 :  195
100 :  194
Initializing...
maxdom : 6
D->valSize : 293
Solving...
Blb : 2 (clique : 31)
currentSize : 31 <-- 0.002783 s
currentSize : 32 <-- 0.006673 s
currentSize : 33 <-- 8.322201 s
currentSize : 34 <-- 9.270291 s
currentSize : 35 <-- 29.023981 s
currentSize : 36 <-- 573.750916 s

TIMEOUT
maxsize : 36
nodes : 209548701.000000
filtered : 877893531.000000
time : 1000.000061
