Parameters: GAD=1 vflib=1 dir=0 label=0 vlabel=1 lowerbound=1 fileNameGp=../../cp2016-max-common-connected-subgraph-paper/datasets/graphsdb/mcs10/m3D/m3Dr6/mcs10_m3Dr6_s70.A08 fileNameGt=../../cp2016-max-common-connected-subgraph-paper/datasets/graphsdb/mcs10/m3D/m3Dr6/mcs10_m3Dr6_s70.B08
Reading graphs...
70 :  195
70 :  196
Initializing...
maxdom : 9
D->valSize : 325
Solving...
Blb : 2 (clique : 22)
currentSize : 22 <-- 0.002654 s
currentSize : 23 <-- 0.005161 s
currentSize : 24 <-- 0.089783 s
currentSize : 25 <-- 0.432214 s
currentSize : 26 <-- 5.108312 s
currentSize : 27 <-- 5.378701 s
currentSize : 28 <-- 5.381001 s

TIMEOUT
maxsize : 28
nodes : 224190160.000000
filtered : 1644299509.000000
time : 1000.000000
