Parameters: GAD=1 vflib=1 dir=0 label=0 vlabel=1 lowerbound=1 fileNameGp=../../cp2016-max-common-connected-subgraph-paper/datasets/graphsdb/mcs10/m2D/m2Dr4/mcs10_m2Dr4_s70.A01 fileNameGt=../../cp2016-max-common-connected-subgraph-paper/datasets/graphsdb/mcs10/m2D/m2Dr4/mcs10_m2Dr4_s70.B01
Reading graphs...
70 :  149
70 :  146
Initializing...
maxdom : 7
D->valSize : 315
Solving...
Blb : 2 (clique : 25)
currentSize : 25 <-- 0.002480 s
currentSize : 26 <-- 0.002639 s
currentSize : 27 <-- 0.002750 s
currentSize : 28 <-- 0.003263 s
currentSize : 29 <-- 0.570475 s
currentSize : 30 <-- 121.010315 s

TIMEOUT
maxsize : 30
nodes : 236528211.000000
filtered : 1565100706.000000
time : 1000.000000
