Parameters: GAD=1 vflib=1 dir=0 label=0 vlabel=1 lowerbound=1 fileNameGp=../../cp2016-max-common-connected-subgraph-paper/datasets/graphsdb/mcs10/rand/r001/mcs10_r001_s100.A06 fileNameGt=../../cp2016-max-common-connected-subgraph-paper/datasets/graphsdb/mcs10/rand/r001/mcs10_r001_s100.B06
Reading graphs...
100 :  107
100 :  108
Initializing...
maxdom : 8
D->valSize : 316
Solving...
Blb : 2 (clique : 41)
currentSize : 41 <-- 0.003175 s
currentSize : 42 <-- 0.003486 s
currentSize : 43 <-- 0.003906 s
currentSize : 44 <-- 0.004068 s
currentSize : 45 <-- 9.905485 s
currentSize : 46 <-- 76.509903 s
currentSize : 47 <-- 290.914124 s

TIMEOUT
maxsize : 47
nodes : 223661333.000000
filtered : 1010460892.000000
time : 1000.000061
