Parameters: GAD=1 vflib=1 dir=0 label=0 vlabel=1 lowerbound=1 fileNameGp=../../cp2016-max-common-connected-subgraph-paper/datasets/graphsdb/mcs10/rand/r005/mcs10_r005_s70.A04 fileNameGt=../../cp2016-max-common-connected-subgraph-paper/datasets/graphsdb/mcs10/rand/r005/mcs10_r005_s70.B04
Reading graphs...
70 :  239
70 :  238
Initializing...
maxdom : 13
D->valSize : 344
Solving...
Blb : 2 (clique : 18)
currentSize : 18 <-- 0.002812 s
currentSize : 19 <-- 0.003069 s
currentSize : 20 <-- 0.003149 s
currentSize : 21 <-- 0.006142 s
currentSize : 22 <-- 0.980209 s
currentSize : 23 <-- 2.523133 s
currentSize : 24 <-- 28.272903 s
currentSize : 25 <-- 515.653198 s

TIMEOUT
maxsize : 25
nodes : 218890155.000000
filtered : 1800002609.000000
time : 1000.000061
