Parameters: GAD=1 vflib=1 dir=0 label=0 vlabel=1 lowerbound=1 fileNameGp=../../cp2016-max-common-connected-subgraph-paper/datasets/graphsdb/mcs10/bvg/b03/mcs10_b03_s70.A04 fileNameGt=../../cp2016-max-common-connected-subgraph-paper/datasets/graphsdb/mcs10/bvg/b03/mcs10_b03_s70.B04
Reading graphs...
70 :  105
70 :  104
Initializing...
maxdom : 9
D->valSize : 342
Solving...
Blb : 2 (clique : 24)
currentSize : 24 <-- 0.002830 s
currentSize : 25 <-- 0.002996 s
currentSize : 26 <-- 0.004374 s
currentSize : 27 <-- 0.004640 s
currentSize : 28 <-- 0.007121 s
currentSize : 29 <-- 0.009533 s
currentSize : 30 <-- 0.115075 s
currentSize : 31 <-- 0.969502 s
currentSize : 32 <-- 5.692480 s
currentSize : 33 <-- 7.206508 s
currentSize : 34 <-- 654.180359 s

TIMEOUT
maxsize : 34
nodes : 207558524.000000
filtered : 1502182924.000000
time : 1000.000000
