Parameters: GAD=1 vflib=1 dir=0 label=0 vlabel=1 lowerbound=1 fileNameGp=../../cp2016-max-common-connected-subgraph-paper/datasets/graphsdb/mcs10/rand/r005/mcs10_r005_s70.A01 fileNameGt=../../cp2016-max-common-connected-subgraph-paper/datasets/graphsdb/mcs10/rand/r005/mcs10_r005_s70.B01
Reading graphs...
70 :  239
70 :  235
Initializing...
maxdom : 9
D->valSize : 295
Solving...
Blb : 2 (clique : 17)
currentSize : 17 <-- 0.003452 s
currentSize : 18 <-- 0.004009 s
currentSize : 19 <-- 0.006594 s
currentSize : 20 <-- 0.006710 s
currentSize : 21 <-- 0.030244 s
currentSize : 22 <-- 0.575256 s
currentSize : 23 <-- 4.201963 s
currentSize : 24 <-- 466.651215 s

TIMEOUT
maxsize : 24
nodes : 218396848.000000
filtered : 1724354353.000000
time : 1000.000061
