Parameters: GAD=1 vflib=1 dir=0 label=0 vlabel=1 lowerbound=1 fileNameGp=../../cp2016-max-common-connected-subgraph-paper/datasets/graphsdb/mcs10/rand/r005/mcs10_r005_s100.A05 fileNameGt=../../cp2016-max-common-connected-subgraph-paper/datasets/graphsdb/mcs10/rand/r005/mcs10_r005_s100.B05
Reading graphs...
100 :  490
100 :  481
Initializing...
maxdom : 7
D->valSize : 284
Solving...
Blb : 2 (clique : 19)
currentSize : 19 <-- 0.004206 s
currentSize : 20 <-- 0.004506 s
currentSize : 21 <-- 0.004845 s
currentSize : 22 <-- 0.007462 s
currentSize : 23 <-- 0.009051 s
currentSize : 24 <-- 14.835776 s
currentSize : 25 <-- 50.269665 s

TIMEOUT
maxsize : 25
nodes : 196913068.000000
filtered : 926726485.000000
time : 1000.000000
