Parameters: GAD=1 vflib=1 dir=0 label=0 vlabel=1 lowerbound=1 fileNameGp=../../cp2016-max-common-connected-subgraph-paper/datasets/graphsdb/mcs10/bvg/b03/mcs10_b03_s50.A05 fileNameGt=../../cp2016-max-common-connected-subgraph-paper/datasets/graphsdb/mcs10/bvg/b03/mcs10_b03_s50.B05
Reading graphs...
50 :  74
50 :  73
Initializing...
maxdom : 11
D->valSize : 309
Solving...
Blb : 2 (clique : 20)
currentSize : 20 <-- 0.002250 s
currentSize : 21 <-- 0.003754 s
currentSize : 22 <-- 0.011692 s
currentSize : 23 <-- 1.128256 s
currentSize : 24 <-- 8.323427 s
currentSize : 25 <-- 65.486984 s
currentSize : 26 <-- 739.079346 s

TIMEOUT
maxsize : 26
nodes : 266835412.000000
filtered : 2227370576.000000
time : 1000.000000
