Parameters: GAD=1 vflib=1 dir=0 label=0 vlabel=1 lowerbound=1 fileNameGp=../../cp2016-max-common-connected-subgraph-paper/datasets/graphsdb/mcs10/bvg/b06/mcs10_b06_s90.A07 fileNameGt=../../cp2016-max-common-connected-subgraph-paper/datasets/graphsdb/mcs10/bvg/b06/mcs10_b06_s90.B07
Reading graphs...
90 :  263
90 :  267
Initializing...
maxdom : 10
D->valSize : 509
Solving...
Blb : 2 (clique : 28)
currentSize : 28 <-- 0.005676 s
currentSize : 29 <-- 0.006207 s
currentSize : 30 <-- 0.006700 s
currentSize : 31 <-- 0.059380 s
currentSize : 32 <-- 32.887569 s
currentSize : 33 <-- 135.259079 s
currentSize : 34 <-- 140.869202 s
currentSize : 35 <-- 597.070068 s

TIMEOUT
maxsize : 35
nodes : 203666943.000000
filtered : 1115322663.000000
time : 1000.000061
