Parameters: GAD=1 vflib=1 dir=0 label=0 vlabel=1 lowerbound=1 fileNameGp=../../cp2016-max-common-connected-subgraph-paper/datasets/graphsdb/mcs10/rand/r02/mcs10_r02_s90.A06 fileNameGt=../../cp2016-max-common-connected-subgraph-paper/datasets/graphsdb/mcs10/rand/r02/mcs10_r02_s90.B06
Reading graphs...
90 :  1431
90 :  1450
Initializing...
maxdom : 12
D->valSize : 541
Solving...
Blb : 2 (clique : 10)
currentSize : 10 <-- 0.005865 s
currentSize : 11 <-- 0.006121 s
currentSize : 12 <-- 0.006780 s
currentSize : 13 <-- 0.094268 s
currentSize : 14 <-- 3.286100 s
currentSize : 15 <-- 229.813995 s

maxsize : 15
nodes : 140700711.000000
filtered : 854676351.000000
time : 704.104065
