Parameters: GAD=1 vflib=1 dir=0 label=0 vlabel=1 lowerbound=1 fileNameGp=../../cp2016-max-common-connected-subgraph-paper/datasets/graphsdb/mcs10/m2D/m2Dr2/mcs10_m2Dr2_s80.A02 fileNameGt=../../cp2016-max-common-connected-subgraph-paper/datasets/graphsdb/mcs10/m2D/m2Dr2/mcs10_m2Dr2_s80.B02
Reading graphs...
80 :  156
80 :  158
Initializing...
maxdom : 10
D->valSize : 422
Solving...
Blb : 2 (clique : 28)
currentSize : 28 <-- 0.004162 s
currentSize : 30 <-- 0.004359 s
currentSize : 31 <-- 0.009794 s
currentSize : 32 <-- 0.048740 s
currentSize : 33 <-- 47.302917 s
currentSize : 34 <-- 102.828598 s
currentSize : 35 <-- 125.378479 s

TIMEOUT
maxsize : 35
nodes : 223834384.000000
filtered : 1475275170.000000
time : 1000.000061
