Parameters: GAD=1 vflib=1 dir=0 label=0 vlabel=1 lowerbound=1 fileNameGp=../../cp2016-max-common-connected-subgraph-paper/datasets/graphsdb/mcs10/rand/r01/mcs10_r01_s90.A09 fileNameGt=../../cp2016-max-common-connected-subgraph-paper/datasets/graphsdb/mcs10/rand/r01/mcs10_r01_s90.B09
Reading graphs...
90 :  756
90 :  761
Initializing...
maxdom : 12
D->valSize : 508
Solving...
Blb : 2 (clique : 15)
currentSize : 15 <-- 0.005416 s
currentSize : 16 <-- 0.005759 s
currentSize : 17 <-- 0.031294 s
currentSize : 18 <-- 0.043028 s
currentSize : 19 <-- 0.508857 s
currentSize : 20 <-- 167.865280 s

TIMEOUT
maxsize : 20
nodes : 195748296.000000
filtered : 1391008760.000000
time : 1000.000000
