Parameters: GAD=1 vflib=1 dir=0 label=0 vlabel=1 lowerbound=1 fileNameGp=../../cp2016-max-common-connected-subgraph-paper/datasets/graphsdb/mcs10/rand/r005/mcs10_r005_s100.A04 fileNameGt=../../cp2016-max-common-connected-subgraph-paper/datasets/graphsdb/mcs10/rand/r005/mcs10_r005_s100.B04
Reading graphs...
100 :  488
100 :  495
Initializing...
maxdom : 7
D->valSize : 328
Solving...
Blb : 2 (clique : 20)
currentSize : 20 <-- 0.003109 s
currentSize : 21 <-- 0.004342 s
currentSize : 22 <-- 0.012153 s
currentSize : 23 <-- 2.821540 s
currentSize : 24 <-- 4.875927 s
currentSize : 25 <-- 6.340756 s
currentSize : 26 <-- 23.712267 s
currentSize : 27 <-- 46.222992 s
currentSize : 28 <-- 691.833374 s

TIMEOUT
maxsize : 28
nodes : 181682579.000000
filtered : 1048831543.000000
time : 1000.000000
