Parameters: GAD=1 vflib=1 dir=0 label=0 vlabel=1 lowerbound=1 fileNameGp=../../cp2016-max-common-connected-subgraph-paper/datasets/graphsdb/mcs10/rand/r01/mcs10_r01_s90.A07 fileNameGt=../../cp2016-max-common-connected-subgraph-paper/datasets/graphsdb/mcs10/rand/r01/mcs10_r01_s90.B07
Reading graphs...
90 :  758
90 :  763
Initializing...
maxdom : 10
D->valSize : 516
Solving...
Blb : 2 (clique : 14)
currentSize : 14 <-- 0.005560 s
currentSize : 15 <-- 0.005728 s
currentSize : 16 <-- 0.006878 s
currentSize : 17 <-- 0.032549 s
currentSize : 18 <-- 0.113577 s
currentSize : 19 <-- 1.738422 s
currentSize : 20 <-- 151.715973 s
currentSize : 21 <-- 580.701904 s

TIMEOUT
maxsize : 21
nodes : 193176877.000000
filtered : 1408827124.000000
time : 1000.000061
