Parameters: GAD=1 vflib=1 dir=0 label=0 vlabel=1 lowerbound=1 fileNameGp=../../cp2016-max-common-connected-subgraph-paper/datasets/graphsdb/mcs10/bvg/b06/mcs10_b06_s90.A08 fileNameGt=../../cp2016-max-common-connected-subgraph-paper/datasets/graphsdb/mcs10/bvg/b06/mcs10_b06_s90.B08
Reading graphs...
90 :  267
90 :  268
Initializing...
maxdom : 11
D->valSize : 521
Solving...
Blb : 2 (clique : 26)
currentSize : 26 <-- 0.005906 s
currentSize : 27 <-- 0.012643 s
currentSize : 28 <-- 0.061709 s
currentSize : 29 <-- 1.165718 s
currentSize : 30 <-- 8.704890 s
currentSize : 31 <-- 66.803497 s
currentSize : 32 <-- 869.449280 s

TIMEOUT
maxsize : 32
nodes : 189918383.000000
filtered : 1508686802.000000
time : 1000.000000
