Parameters: GAD=1 vflib=1 dir=0 label=0 vlabel=1 lowerbound=1 fileNameGp=../../cp2016-max-common-connected-subgraph-paper/datasets/graphsdb/mcs10/rand/r01/mcs10_r01_s100.A06 fileNameGt=../../cp2016-max-common-connected-subgraph-paper/datasets/graphsdb/mcs10/rand/r01/mcs10_r01_s100.B06
Reading graphs...
100 :  939
100 :  935
Initializing...
maxdom : 8
D->valSize : 342
Solving...
Blb : 2 (clique : 14)
currentSize : 14 <-- 0.005054 s
currentSize : 16 <-- 0.020360 s
currentSize : 17 <-- 0.069630 s
currentSize : 18 <-- 1.581379 s
currentSize : 19 <-- 101.738800 s
currentSize : 20 <-- 423.445770 s

maxsize : 20
nodes : 161230131.000000
filtered : 988261805.000000
time : 868.398987
