Parameters: GAD=1 vflib=1 dir=0 label=0 vlabel=1 lowerbound=1 fileNameGp=../../cp2016-max-common-connected-subgraph-paper/datasets/graphsdb/mcs10/m3D/m3Dr6/mcs10_m3Dr6_s90.A05 fileNameGt=../../cp2016-max-common-connected-subgraph-paper/datasets/graphsdb/mcs10/m3D/m3Dr6/mcs10_m3Dr6_s90.B05
Reading graphs...
90 :  260
90 :  254
Initializing...
maxdom : 11
D->valSize : 495
Solving...
Blb : 5 (clique : 25)
currentSize : 25 <-- 0.005410 s
currentSize : 26 <-- 0.005765 s
currentSize : 27 <-- 2.452784 s
currentSize : 28 <-- 2.875911 s
currentSize : 29 <-- 16.749584 s
currentSize : 30 <-- 93.416893 s
currentSize : 31 <-- 940.967285 s
currentSize : 32 <-- 998.073975 s

TIMEOUT
maxsize : 32
nodes : 212780913.000000
filtered : 1389193581.000000
time : 1000.000000
