Parameters: GAD=1 vflib=1 dir=0 label=0 vlabel=1 lowerbound=1 fileNameGp=../../cp2016-max-common-connected-subgraph-paper/datasets/graphsdb/mcs10/bvg/b06/mcs10_b06_s70.A05 fileNameGt=../../cp2016-max-common-connected-subgraph-paper/datasets/graphsdb/mcs10/bvg/b06/mcs10_b06_s70.B05
Reading graphs...
70 :  205
70 :  208
Initializing...
maxdom : 8
D->valSize : 316
Solving...
Blb : 2 (clique : 21)
currentSize : 21 <-- 0.002602 s
currentSize : 22 <-- 0.003069 s
currentSize : 23 <-- 0.003145 s
currentSize : 24 <-- 0.012088 s
currentSize : 25 <-- 0.668551 s
currentSize : 26 <-- 8.029321 s
currentSize : 27 <-- 155.368576 s

TIMEOUT
maxsize : 27
nodes : 212203946.000000
filtered : 1745472181.000000
time : 1000.000061
