Parameters: GAD=1 vflib=1 dir=0 label=0 vlabel=1 lowerbound=1 fileNameGp=../../cp2016-max-common-connected-subgraph-paper/datasets/graphsdb/mcs10/m2D/m2Dr6/mcs10_m2Dr6_s50.A08 fileNameGt=../../cp2016-max-common-connected-subgraph-paper/datasets/graphsdb/mcs10/m2D/m2Dr6/mcs10_m2Dr6_s50.B08
Reading graphs...
50 :  114
50 :  110
Initializing...
maxdom : 11
D->valSize : 299
Solving...
Blb : 5 (clique : 19)
currentSize : 19 <-- 0.002043 s
currentSize : 20 <-- 0.008709 s
currentSize : 21 <-- 0.239238 s
currentSize : 22 <-- 0.932130 s
currentSize : 23 <-- 1.786215 s
currentSize : 24 <-- 4.505848 s

maxsize : 24
nodes : 8535064.000000
filtered : 122543228.000000
time : 39.818424
