Parameters: GAD=1 vflib=1 dir=0 label=0 vlabel=1 lowerbound=1 fileNameGp=../../cp2016-max-common-connected-subgraph-paper/datasets/graphsdb/mcs10/rand/r005/mcs10_r005_s60.A09 fileNameGt=../../cp2016-max-common-connected-subgraph-paper/datasets/graphsdb/mcs10/rand/r005/mcs10_r005_s60.B09
Reading graphs...
60 :  176
60 :  174
Initializing...
maxdom : 7
D->valSize : 195
Solving...
Blb : 3 (clique : 16)
currentSize : 16 <-- 0.001304 s
currentSize : 17 <-- 0.002742 s
currentSize : 18 <-- 0.008077 s
currentSize : 19 <-- 0.018556 s
currentSize : 20 <-- 0.247089 s
currentSize : 21 <-- 0.662419 s

maxsize : 21
nodes : 8900586.000000
filtered : 48272337.000000
time : 34.881882
