Parameters: GAD=1 vflib=1 dir=0 label=0 vlabel=1 lowerbound=1 fileNameGp=../../cp2016-max-common-connected-subgraph-paper/datasets/graphsdb/mcs10/m2D/m2D/mcs10_m2D_s70.A04 fileNameGt=../../cp2016-max-common-connected-subgraph-paper/datasets/graphsdb/mcs10/m2D/m2D/mcs10_m2D_s70.B04
Reading graphs...
70 :  121
70 :  122
Initializing...
maxdom : 7
D->valSize : 301
Solving...
Blb : 5 (clique : 27)
currentSize : 27 <-- 0.002417 s
currentSize : 28 <-- 0.002947 s
currentSize : 29 <-- 0.003318 s
currentSize : 30 <-- 0.486611 s
currentSize : 31 <-- 11.914752 s
currentSize : 32 <-- 193.416962 s

TIMEOUT
maxsize : 32
nodes : 232169219.000000
filtered : 1748108322.000000
time : 1000.000061
