Parameters: GAD=1 vflib=1 dir=0 label=0 vlabel=1 lowerbound=1 fileNameGp=../../cp2016-max-common-connected-subgraph-paper/datasets/graphsdb/mcs10/bvg/b09/mcs10_b09_s100.A09 fileNameGt=../../cp2016-max-common-connected-subgraph-paper/datasets/graphsdb/mcs10/bvg/b09/mcs10_b09_s100.B09
Reading graphs...
100 :  436
100 :  438
Initializing...
maxdom : 9
D->valSize : 337
Solving...
Blb : 2 (clique : 23)
currentSize : 23 <-- 0.005227 s
currentSize : 24 <-- 0.005503 s
currentSize : 25 <-- 0.009689 s
currentSize : 26 <-- 0.015892 s
currentSize : 27 <-- 0.021023 s
currentSize : 28 <-- 1.435272 s
currentSize : 29 <-- 439.498749 s
currentSize : 30 <-- 586.600586 s

TIMEOUT
maxsize : 30
nodes : 184730374.000000
filtered : 1288927075.000000
time : 1000.000061
