Parameters: GAD=1 vflib=1 dir=0 label=0 vlabel=1 lowerbound=1 fileNameGp=../../cp2016-max-common-connected-subgraph-paper/datasets/graphsdb/mcs10/rand/r005/mcs10_r005_s100.A02 fileNameGt=../../cp2016-max-common-connected-subgraph-paper/datasets/graphsdb/mcs10/rand/r005/mcs10_r005_s100.B02
Reading graphs...
100 :  484
100 :  486
Initializing...
maxdom : 7
D->valSize : 316
Solving...
Blb : 2 (clique : 21)
currentSize : 21 <-- 0.004760 s
currentSize : 22 <-- 0.008302 s
currentSize : 23 <-- 0.009836 s
currentSize : 24 <-- 0.352024 s
currentSize : 25 <-- 3.498417 s
currentSize : 26 <-- 4.411028 s
currentSize : 27 <-- 7.586208 s
currentSize : 28 <-- 7.586950 s

TIMEOUT
maxsize : 28
nodes : 190020433.000000
filtered : 1048970801.000000
time : 1000.000000
