Parameters: GAD=1 vflib=1 dir=0 label=0 vlabel=1 lowerbound=1 fileNameGp=../../cp2016-max-common-connected-subgraph-paper/datasets/graphsdb/mcs10/m2D/m2Dr2/mcs10_m2Dr2_s70.A05 fileNameGt=../../cp2016-max-common-connected-subgraph-paper/datasets/graphsdb/mcs10/m2D/m2Dr2/mcs10_m2Dr2_s70.B05
Reading graphs...
70 :  136
70 :  136
Initializing...
maxdom : 9
D->valSize : 332
Solving...
Blb : 2 (clique : 24)
currentSize : 24 <-- 0.004462 s
currentSize : 25 <-- 0.005401 s
currentSize : 26 <-- 0.009439 s
currentSize : 27 <-- 0.011407 s
currentSize : 28 <-- 0.023300 s
currentSize : 29 <-- 1.046433 s
currentSize : 30 <-- 716.895813 s

TIMEOUT
maxsize : 30
nodes : 224944162.000000
filtered : 1513760717.000000
time : 1000.000000
