Parameters: GAD=1 vflib=1 dir=0 label=0 vlabel=1 lowerbound=1 fileNameGp=../../cp2016-max-common-connected-subgraph-paper/datasets/graphsdb/mcs10/m2D/m2D/mcs10_m2D_s100.A06 fileNameGt=../../cp2016-max-common-connected-subgraph-paper/datasets/graphsdb/mcs10/m2D/m2D/mcs10_m2D_s100.B06
Reading graphs...
100 :  180
100 :  179
Initializing...
maxdom : 6
D->valSize : 324
Solving...
Blb : 2 (clique : 32)
currentSize : 32 <-- 0.003138 s
currentSize : 33 <-- 0.264803 s
currentSize : 34 <-- 11.963928 s
currentSize : 35 <-- 31.987848 s
currentSize : 36 <-- 51.406368 s
currentSize : 37 <-- 87.090866 s
currentSize : 38 <-- 143.547485 s
currentSize : 39 <-- 480.506500 s

TIMEOUT
maxsize : 39
nodes : 227351708.000000
filtered : 634369409.000000
time : 1000.000061
