Parameters: GAD=1 vflib=1 dir=0 label=0 vlabel=1 lowerbound=1 fileNameGp=../../cp2016-max-common-connected-subgraph-paper/datasets/graphsdb/mcs10/m4D/m4D/mcs10_m4D_s100.A06 fileNameGt=../../cp2016-max-common-connected-subgraph-paper/datasets/graphsdb/mcs10/m4D/m4D/mcs10_m4D_s100.B06
Reading graphs...
100 :  159
100 :  158
Initializing...
maxdom : 8
D->valSize : 328
Solving...
Blb : 2 (clique : 34)
currentSize : 34 <-- 0.003264 s
currentSize : 35 <-- 0.013566 s
currentSize : 36 <-- 0.033609 s
currentSize : 37 <-- 0.250819 s
currentSize : 38 <-- 0.898612 s
currentSize : 39 <-- 12.535536 s
currentSize : 40 <-- 211.710220 s

TIMEOUT
maxsize : 40
nodes : 241178411.000000
filtered : 921955206.000000
time : 1000.000061
