Parameters: GAD=1 vflib=1 dir=0 label=0 vlabel=1 lowerbound=1 fileNameGp=../../cp2016-max-common-connected-subgraph-paper/datasets/graphsdb/mcs10/m2D/m2Dr6/mcs10_m2Dr6_s60.A03 fileNameGt=../../cp2016-max-common-connected-subgraph-paper/datasets/graphsdb/mcs10/m2D/m2Dr6/mcs10_m2Dr6_s60.B03
Reading graphs...
60 :  136
60 :  137
Initializing...
maxdom : 7
D->valSize : 207
Solving...
Blb : 2 (clique : 18)
currentSize : 18 <-- 0.001375 s
currentSize : 20 <-- 0.001533 s
currentSize : 21 <-- 0.008978 s
currentSize : 22 <-- 0.042868 s
currentSize : 23 <-- 0.056432 s
currentSize : 24 <-- 0.192613 s
currentSize : 25 <-- 1.547214 s

maxsize : 25
nodes : 17507433.000000
filtered : 116692726.000000
time : 72.902328
