Parameters: GAD=1 vflib=1 dir=0 label=0 vlabel=1 lowerbound=1 fileNameGp=../../cp2016-max-common-connected-subgraph-paper/datasets/graphsdb/mcs10/m3D/m3D/mcs10_m3D_s100.A06 fileNameGt=../../cp2016-max-common-connected-subgraph-paper/datasets/graphsdb/mcs10/m3D/m3D/mcs10_m3D_s100.B06
Reading graphs...
100 :  233
100 :  235
Initializing...
maxdom : 7
D->valSize : 353
Solving...
Blb : 2 (clique : 29)
currentSize : 29 <-- 0.005521 s
currentSize : 30 <-- 0.006583 s
currentSize : 31 <-- 0.006717 s
currentSize : 32 <-- 24.149387 s
currentSize : 33 <-- 25.675797 s
currentSize : 34 <-- 25.675972 s

TIMEOUT
maxsize : 34
nodes : 172673465.000000
filtered : 1111637077.000000
time : 1000.000061
