Parameters: GAD=1 vflib=1 dir=0 label=0 vlabel=1 lowerbound=1 fileNameGp=../../cp2016-max-common-connected-subgraph-paper/datasets/graphsdb/mcs10/m2D/m2Dr6/mcs10_m2Dr6_s80.A07 fileNameGt=../../cp2016-max-common-connected-subgraph-paper/datasets/graphsdb/mcs10/m2D/m2Dr6/mcs10_m2Dr6_s80.B07
Reading graphs...
80 :  187
80 :  186
Initializing...
maxdom : 9
D->valSize : 382
Solving...
Blb : 2 (clique : 24)
currentSize : 24 <-- 0.003441 s
currentSize : 26 <-- 0.003972 s
currentSize : 27 <-- 0.045855 s
currentSize : 28 <-- 0.093709 s
currentSize : 29 <-- 0.247547 s
currentSize : 30 <-- 0.482529 s
currentSize : 31 <-- 4.735235 s
currentSize : 32 <-- 178.033875 s
currentSize : 33 <-- 210.041412 s
currentSize : 34 <-- 340.521240 s

TIMEOUT
maxsize : 34
nodes : 197126579.000000
filtered : 1684060479.000000
time : 1000.000061
