Parameters: GAD=1 vflib=1 dir=0 label=0 vlabel=1 lowerbound=1 fileNameGp=../../cp2016-max-common-connected-subgraph-paper/datasets/graphsdb/mcs10/m3D/m3Dr4/mcs10_m3Dr4_s100.A08 fileNameGt=../../cp2016-max-common-connected-subgraph-paper/datasets/graphsdb/mcs10/m3D/m3Dr4/mcs10_m3Dr4_s100.B08
Reading graphs...
100 :  271
100 :  269
Initializing...
maxdom : 7
D->valSize : 330
Solving...
Blb : 2 (clique : 27)
currentSize : 27 <-- 0.003086 s
currentSize : 28 <-- 0.015466 s
currentSize : 29 <-- 0.444701 s
currentSize : 30 <-- 4.151253 s
currentSize : 31 <-- 6.981137 s
currentSize : 32 <-- 74.004433 s
currentSize : 33 <-- 919.196777 s

TIMEOUT
maxsize : 33
nodes : 192127174.000000
filtered : 947373532.000000
time : 1000.000061
