Parameters: GAD=1 vflib=1 dir=0 label=0 vlabel=1 lowerbound=1 fileNameGp=../../cp2016-max-common-connected-subgraph-paper/datasets/graphsdb/mcs10/m2D/m2D/mcs10_m2D_s80.A05 fileNameGt=../../cp2016-max-common-connected-subgraph-paper/datasets/graphsdb/mcs10/m2D/m2D/mcs10_m2D_s80.B05
Reading graphs...
80 :  142
80 :  141
Initializing...
maxdom : 12
D->valSize : 416
Solving...
Blb : 2 (clique : 30)
currentSize : 30 <-- 0.006359 s
currentSize : 31 <-- 0.012106 s
currentSize : 32 <-- 0.017457 s
currentSize : 33 <-- 3.189263 s
currentSize : 34 <-- 6.396521 s
currentSize : 35 <-- 540.559753 s

TIMEOUT
maxsize : 35
nodes : 241065782.000000
filtered : 1545481377.000000
time : 1000.000061
