Parameters: GAD=1 vflib=1 dir=0 label=0 vlabel=1 lowerbound=1 fileNameGp=../../cp2016-max-common-connected-subgraph-paper/datasets/graphsdb/mcs10/bvg/b03m/mcs10_b03m_s100.A02 fileNameGt=../../cp2016-max-common-connected-subgraph-paper/datasets/graphsdb/mcs10/bvg/b03m/mcs10_b03m_s100.B02
Reading graphs...
100 :  150
100 :  149
Initializing...
maxdom : 7
D->valSize : 309
Solving...
Blb : 2 (clique : 34)
currentSize : 34 <-- 0.002997 s
currentSize : 35 <-- 0.056072 s
currentSize : 36 <-- 20.975504 s
currentSize : 37 <-- 119.855438 s
currentSize : 38 <-- 480.537262 s
currentSize : 39 <-- 717.578552 s

TIMEOUT
maxsize : 39
nodes : 275317571.000000
filtered : 813699261.000000
time : 1000.000061
