Parameters: GAD=1 vflib=1 dir=0 label=0 vlabel=1 lowerbound=1 fileNameGp=../../cp2016-max-common-connected-subgraph-paper/datasets/graphsdb/mcs10/bvg/b06m/mcs10_b06m_s100.A08 fileNameGt=../../cp2016-max-common-connected-subgraph-paper/datasets/graphsdb/mcs10/bvg/b06m/mcs10_b06m_s100.B08
Reading graphs...
100 :  295
100 :  296
Initializing...
maxdom : 6
D->valSize : 332
Solving...
Blb : 2 (clique : 27)
currentSize : 27 <-- 0.003288 s
currentSize : 28 <-- 0.003501 s
currentSize : 29 <-- 0.005547 s
currentSize : 30 <-- 0.029591 s
currentSize : 31 <-- 0.029992 s
currentSize : 32 <-- 0.118275 s
currentSize : 33 <-- 0.624456 s
currentSize : 34 <-- 42.330204 s
currentSize : 35 <-- 81.410736 s

TIMEOUT
maxsize : 35
nodes : 195741368.000000
filtered : 1078720729.000000
time : 1000.000061
