Parameters: GAD=1 vflib=1 dir=0 label=0 vlabel=1 lowerbound=1 fileNameGp=../../cp2016-max-common-connected-subgraph-paper/datasets/graphsdb/mcs10/bvg/b06/mcs10_b06_s70.A04 fileNameGt=../../cp2016-max-common-connected-subgraph-paper/datasets/graphsdb/mcs10/bvg/b06/mcs10_b06_s70.B04
Reading graphs...
70 :  205
70 :  208
Initializing...
maxdom : 8
D->valSize : 301
Solving...
Blb : 2 (clique : 21)
currentSize : 21 <-- 0.002319 s
currentSize : 22 <-- 0.002814 s
currentSize : 23 <-- 0.004358 s
currentSize : 24 <-- 0.059203 s
currentSize : 25 <-- 0.065944 s
currentSize : 26 <-- 0.069889 s
currentSize : 27 <-- 1.932978 s
currentSize : 28 <-- 385.291260 s

TIMEOUT
maxsize : 28
nodes : 217477877.000000
filtered : 1483509755.000000
time : 1000.000061
