Parameters: GAD=1 vflib=1 dir=0 label=0 vlabel=1 lowerbound=1 fileNameGp=../../cp2016-max-common-connected-subgraph-paper/datasets/graphsdb/mcs10/m3D/m3Dr4/mcs10_m3Dr4_s90.A03 fileNameGt=../../cp2016-max-common-connected-subgraph-paper/datasets/graphsdb/mcs10/m3D/m3Dr4/mcs10_m3Dr4_s90.B03
Reading graphs...
90 :  241
90 :  239
Initializing...
maxdom : 11
D->valSize : 579
Solving...
Blb : 2 (clique : 29)
currentSize : 29 <-- 0.006898 s
currentSize : 30 <-- 0.056783 s
currentSize : 31 <-- 0.859118 s
currentSize : 32 <-- 2.557281 s
currentSize : 33 <-- 2.603642 s
currentSize : 34 <-- 5.947078 s
currentSize : 35 <-- 15.318287 s
currentSize : 36 <-- 338.066437 s

TIMEOUT
maxsize : 36
nodes : 188026491.000000
filtered : 1614955313.000000
time : 1000.000061
