Parameters: GAD=1 vflib=1 dir=0 label=0 vlabel=1 lowerbound=1 fileNameGp=../../cp2016-max-common-connected-subgraph-paper/datasets/graphsdb/mcs10/bvg/b06m/mcs10_b06m_s100.A05 fileNameGt=../../cp2016-max-common-connected-subgraph-paper/datasets/graphsdb/mcs10/bvg/b06m/mcs10_b06m_s100.B05
Reading graphs...
100 :  295
100 :  296
Initializing...
maxdom : 8
D->valSize : 346
Solving...
Blb : 2 (clique : 25)
currentSize : 25 <-- 0.003288 s
currentSize : 26 <-- 0.003948 s
currentSize : 27 <-- 0.004337 s
currentSize : 28 <-- 0.008434 s
currentSize : 29 <-- 1.973996 s
currentSize : 30 <-- 37.002998 s
currentSize : 31 <-- 68.781105 s
currentSize : 32 <-- 695.979126 s

TIMEOUT
maxsize : 32
nodes : 197481340.000000
filtered : 956697762.000000
time : 1000.000061
