Parameters: GAD=1 vflib=1 dir=0 label=0 vlabel=1 lowerbound=1 fileNameGp=../../cp2016-max-common-connected-subgraph-paper/datasets/graphsdb/mcs10/m2D/m2D/mcs10_m2D_s90.A07 fileNameGt=../../cp2016-max-common-connected-subgraph-paper/datasets/graphsdb/mcs10/m2D/m2D/mcs10_m2D_s90.B07
Reading graphs...
90 :  160
90 :  160
Initializing...
maxdom : 9
D->valSize : 501
Solving...
Blb : 2 (clique : 35)
currentSize : 35 <-- 0.005628 s
currentSize : 36 <-- 0.169413 s
currentSize : 37 <-- 0.529021 s
currentSize : 38 <-- 0.735021 s
currentSize : 39 <-- 76.108109 s
currentSize : 40 <-- 96.010262 s
currentSize : 41 <-- 381.764313 s

TIMEOUT
maxsize : 41
nodes : 222269503.000000
filtered : 1303311390.000000
time : 1000.000061
