Parameters: GAD=1 vflib=1 dir=0 label=0 vlabel=1 lowerbound=1 fileNameGp=../../cp2016-max-common-connected-subgraph-paper/datasets/graphsdb/mcs10/m3D/m3Dr6/mcs10_m3Dr6_s60.A05 fileNameGt=../../cp2016-max-common-connected-subgraph-paper/datasets/graphsdb/mcs10/m3D/m3Dr6/mcs10_m3Dr6_s60.B05
Reading graphs...
60 :  165
60 :  166
Initializing...
maxdom : 8
D->valSize : 238
Solving...
Blb : 2 (clique : 18)
currentSize : 18 <-- 0.001611 s
currentSize : 19 <-- 0.001813 s
currentSize : 20 <-- 0.010423 s
currentSize : 21 <-- 0.732118 s
currentSize : 22 <-- 1.016513 s
currentSize : 23 <-- 82.643532 s

maxsize : 23
nodes : 101357977.000000
filtered : 656632159.000000
time : 409.142975
