Parameters: GAD=1 vflib=1 dir=0 label=0 vlabel=1 lowerbound=1 fileNameGp=../../cp2016-max-common-connected-subgraph-paper/datasets/graphsdb/mcs10/rand/r005/mcs10_r005_s60.A05 fileNameGt=../../cp2016-max-common-connected-subgraph-paper/datasets/graphsdb/mcs10/rand/r005/mcs10_r005_s60.B05
Reading graphs...
60 :  179
60 :  179
Initializing...
maxdom : 8
D->valSize : 249
Solving...
Blb : 2 (clique : 17)
currentSize : 17 <-- 0.001736 s
currentSize : 18 <-- 0.001974 s
currentSize : 19 <-- 0.067467 s
currentSize : 20 <-- 0.315952 s
currentSize : 21 <-- 0.325652 s
currentSize : 22 <-- 0.330997 s
currentSize : 23 <-- 50.395493 s

maxsize : 23
nodes : 17657890.000000
filtered : 131954602.000000
time : 72.509819
