Parameters: GAD=1 vflib=1 dir=0 label=0 vlabel=1 lowerbound=1 fileNameGp=../../cp2016-max-common-connected-subgraph-paper/datasets/graphsdb/mcs10/rand/r01/mcs10_r01_s100.A05 fileNameGt=../../cp2016-max-common-connected-subgraph-paper/datasets/graphsdb/mcs10/rand/r01/mcs10_r01_s100.B05
Reading graphs...
100 :  944
100 :  940
Initializing...
maxdom : 8
D->valSize : 311
Solving...
Blb : 2 (clique : 12)
currentSize : 12 <-- 0.004558 s
currentSize : 13 <-- 0.004741 s
currentSize : 14 <-- 0.004881 s
currentSize : 15 <-- 0.049126 s
currentSize : 16 <-- 0.394125 s
currentSize : 17 <-- 0.456221 s
currentSize : 18 <-- 7.687519 s
currentSize : 19 <-- 44.761326 s

maxsize : 19
nodes : 128263057.000000
filtered : 712773890.000000
time : 661.732422
