Parameters: GAD=1 vflib=1 dir=0 label=0 vlabel=1 lowerbound=1 fileNameGp=../../cp2016-max-common-connected-subgraph-paper/datasets/graphsdb/mcs10/rand/r01/mcs10_r01_s100.A08 fileNameGt=../../cp2016-max-common-connected-subgraph-paper/datasets/graphsdb/mcs10/rand/r01/mcs10_r01_s100.B08
Reading graphs...
100 :  941
100 :  949
Initializing...
maxdom : 6
D->valSize : 321
Solving...
Blb : 2 (clique : 12)
currentSize : 12 <-- 0.002951 s
currentSize : 13 <-- 0.003067 s
currentSize : 14 <-- 0.003137 s
currentSize : 15 <-- 0.005355 s
currentSize : 16 <-- 0.308516 s
currentSize : 17 <-- 0.359799 s
currentSize : 18 <-- 12.884892 s

TIMEOUT
maxsize : 18
nodes : 194065384.000000
filtered : 938803680.000000
time : 1000.000000
