Parameters: GAD=1 vflib=1 dir=0 label=0 vlabel=1 lowerbound=1 fileNameGp=../../cp2016-max-common-connected-subgraph-paper/datasets/graphsdb/mcs10/bvg/b06m/mcs10_b06m_s70.A08 fileNameGt=../../cp2016-max-common-connected-subgraph-paper/datasets/graphsdb/mcs10/bvg/b06m/mcs10_b06m_s70.B08
Reading graphs...
70 :  199
70 :  205
Initializing...
maxdom : 9
D->valSize : 318
Solving...
Blb : 2 (clique : 20)
currentSize : 20 <-- 0.004121 s
currentSize : 21 <-- 0.004653 s
currentSize : 22 <-- 0.013068 s
currentSize : 23 <-- 0.016410 s
currentSize : 24 <-- 0.234272 s
currentSize : 25 <-- 2.155205 s
currentSize : 26 <-- 16.683907 s
currentSize : 27 <-- 63.693935 s
currentSize : 28 <-- 313.918671 s

maxsize : 28
nodes : 119086939.000000
filtered : 1073568299.000000
time : 562.999146
