Parameters: GAD=1 vflib=1 dir=0 label=0 vlabel=1 lowerbound=1 fileNameGp=../../cp2016-max-common-connected-subgraph-paper/datasets/graphsdb/mcs10/m3D/m3D/mcs10_m3D_s70.A09 fileNameGt=../../cp2016-max-common-connected-subgraph-paper/datasets/graphsdb/mcs10/m3D/m3D/mcs10_m3D_s70.B09
Reading graphs...
70 :  156
70 :  157
Initializing...
maxdom : 7
D->valSize : 321
Solving...
Blb : 2 (clique : 22)
currentSize : 22 <-- 0.004116 s
currentSize : 23 <-- 0.004331 s
currentSize : 24 <-- 0.004460 s
currentSize : 25 <-- 1.706627 s
currentSize : 26 <-- 4.041750 s
currentSize : 27 <-- 5.849315 s
currentSize : 28 <-- 39.645443 s
currentSize : 29 <-- 146.682175 s

TIMEOUT
maxsize : 29
nodes : 239490272.000000
filtered : 1394455476.000000
time : 1000.000061
