Parameters: GAD=1 vflib=1 dir=0 label=0 vlabel=1 lowerbound=1 fileNameGp=../../cp2016-max-common-connected-subgraph-paper/datasets/graphsdb/mcs10/m2D/m2Dr2/mcs10_m2Dr2_s100.A03 fileNameGt=../../cp2016-max-common-connected-subgraph-paper/datasets/graphsdb/mcs10/m2D/m2Dr2/mcs10_m2Dr2_s100.B03
Reading graphs...
100 :  199
100 :  199
Initializing...
maxdom : 7
D->valSize : 334
Solving...
Blb : 2 (clique : 31)
currentSize : 31 <-- 0.003290 s
currentSize : 32 <-- 0.003511 s
currentSize : 33 <-- 0.003672 s
currentSize : 34 <-- 0.228139 s
currentSize : 35 <-- 1.666736 s
currentSize : 36 <-- 6.203048 s
currentSize : 37 <-- 27.344904 s
currentSize : 38 <-- 973.221252 s

TIMEOUT
maxsize : 38
nodes : 210439027.000000
filtered : 884697029.000000
time : 1000.000061
