Parameters: GAD=1 vflib=1 dir=0 label=0 vlabel=1 lowerbound=1 fileNameGp=../../cp2016-max-common-connected-subgraph-paper/datasets/graphsdb/mcs10/rand/r005/mcs10_r005_s60.A06 fileNameGt=../../cp2016-max-common-connected-subgraph-paper/datasets/graphsdb/mcs10/rand/r005/mcs10_r005_s60.B06
Reading graphs...
60 :  175
60 :  177
Initializing...
maxdom : 6
D->valSize : 236
Solving...
Blb : 2 (clique : 17)
currentSize : 17 <-- 0.002560 s
currentSize : 18 <-- 0.017586 s
currentSize : 19 <-- 0.029630 s
currentSize : 20 <-- 0.192162 s
currentSize : 21 <-- 0.192204 s
currentSize : 22 <-- 0.390444 s
currentSize : 23 <-- 4.667491 s

maxsize : 23
nodes : 15746273.000000
filtered : 105446413.000000
time : 65.383858
