Parameters: GAD=1 vflib=1 dir=0 label=0 vlabel=1 lowerbound=1 fileNameGp=../../cp2016-max-common-connected-subgraph-paper/datasets/graphsdb/mcs10/bvg/b06/mcs10_b06_s90.A00 fileNameGt=../../cp2016-max-common-connected-subgraph-paper/datasets/graphsdb/mcs10/bvg/b06/mcs10_b06_s90.B00
Reading graphs...
90 :  265
90 :  264
Initializing...
maxdom : 9
D->valSize : 499
Solving...
Blb : 3 (clique : 27)
currentSize : 27 <-- 0.005302 s
currentSize : 28 <-- 0.007102 s
currentSize : 29 <-- 0.466045 s
currentSize : 30 <-- 3.411936 s
currentSize : 31 <-- 4.383118 s
currentSize : 32 <-- 59.123089 s

TIMEOUT
maxsize : 32
nodes : 203393296.000000
filtered : 1345162638.000000
time : 1000.000061
