Parameters: GAD=1 vflib=1 dir=0 label=0 vlabel=1 lowerbound=1 fileNameGp=../../cp2016-max-common-connected-subgraph-paper/datasets/graphsdb/mcs10/rand/r005/mcs10_r005_s90.A08 fileNameGt=../../cp2016-max-common-connected-subgraph-paper/datasets/graphsdb/mcs10/rand/r005/mcs10_r005_s90.B08
Reading graphs...
90 :  397
90 :  398
Initializing...
maxdom : 11
D->valSize : 493
Solving...
Blb : 2 (clique : 20)
currentSize : 20 <-- 0.005152 s
currentSize : 21 <-- 0.005333 s
currentSize : 22 <-- 0.005569 s
currentSize : 23 <-- 0.052292 s
currentSize : 24 <-- 0.080546 s
currentSize : 25 <-- 21.137177 s
currentSize : 26 <-- 213.191483 s

TIMEOUT
maxsize : 26
nodes : 189165262.000000
filtered : 1497463899.000000
time : 1000.000061
