Parameters: GAD=1 vflib=1 dir=0 label=0 vlabel=1 lowerbound=1 fileNameGp=../../cp2016-max-common-connected-subgraph-paper/datasets/graphsdb/mcs10/rand/r01/mcs10_r01_s70.A08 fileNameGt=../../cp2016-max-common-connected-subgraph-paper/datasets/graphsdb/mcs10/rand/r01/mcs10_r01_s70.B08
Reading graphs...
70 :  459
70 :  455
Initializing...
maxdom : 10
D->valSize : 326
Solving...
Blb : 2 (clique : 12)
currentSize : 12 <-- 0.002519 s
currentSize : 13 <-- 0.002665 s
currentSize : 15 <-- 0.002722 s
currentSize : 16 <-- 0.182427 s
currentSize : 17 <-- 2.367518 s
currentSize : 18 <-- 61.048183 s

maxsize : 18
nodes : 39940300.000000
filtered : 264329872.000000
time : 179.060303
