Parameters: GAD=1 vflib=1 dir=0 label=0 vlabel=1 lowerbound=1 fileNameGp=../../cp2016-max-common-connected-subgraph-paper/datasets/graphsdb/mcs10/bvg/b03m/mcs10_b03m_s60.A08 fileNameGt=../../cp2016-max-common-connected-subgraph-paper/datasets/graphsdb/mcs10/bvg/b03m/mcs10_b03m_s60.B08
Reading graphs...
60 :  88
60 :  90
Initializing...
maxdom : 7
D->valSize : 240
Solving...
Blb : 2 (clique : 22)
currentSize : 22 <-- 0.001682 s
currentSize : 23 <-- 0.002576 s
currentSize : 24 <-- 0.060397 s
currentSize : 25 <-- 0.385155 s
currentSize : 26 <-- 0.586106 s
currentSize : 27 <-- 857.721130 s

TIMEOUT
maxsize : 27
nodes : 295894201.000000
filtered : 1528047724.000000
time : 1000.000000
