Parameters: GAD=1 vflib=1 dir=0 label=0 vlabel=1 lowerbound=1 fileNameGp=../../cp2016-max-common-connected-subgraph-paper/datasets/graphsdb/mcs10/bvg/b03m/mcs10_b03m_s90.A00 fileNameGt=../../cp2016-max-common-connected-subgraph-paper/datasets/graphsdb/mcs10/bvg/b03m/mcs10_b03m_s90.B00
Reading graphs...
90 :  135
90 :  134
Initializing...
maxdom : 11
D->valSize : 527
Solving...
Blb : 2 (clique : 36)
currentSize : 36 <-- 0.006071 s
currentSize : 37 <-- 0.006378 s
currentSize : 38 <-- 0.007273 s
currentSize : 39 <-- 0.168039 s
currentSize : 40 <-- 0.707937 s
currentSize : 41 <-- 1.010823 s
currentSize : 42 <-- 1.010989 s
currentSize : 43 <-- 217.922592 s

TIMEOUT
maxsize : 43
nodes : 206862355.000000
filtered : 1377635453.000000
time : 1000.000061
