Parameters: GAD=1 vflib=1 dir=0 label=0 vlabel=1 lowerbound=1 fileNameGp=../../cp2016-max-common-connected-subgraph-paper/datasets/graphsdb/mcs10/m3D/m3Dr2/mcs10_m3Dr2_s80.A08 fileNameGt=../../cp2016-max-common-connected-subgraph-paper/datasets/graphsdb/mcs10/m3D/m3Dr2/mcs10_m3Dr2_s80.B08
Reading graphs...
80 :  195
80 :  194
Initializing...
maxdom : 8
D->valSize : 415
Solving...
Blb : 5 (clique : 26)
currentSize : 26 <-- 0.003957 s
currentSize : 27 <-- 0.020046 s
currentSize : 28 <-- 2.318959 s
currentSize : 29 <-- 2.395792 s
currentSize : 30 <-- 2.580912 s
currentSize : 31 <-- 489.834198 s

TIMEOUT
maxsize : 31
nodes : 214837888.000000
filtered : 1328831985.000000
time : 1000.000061
