Parameters: GAD=1 vflib=1 dir=0 label=0 vlabel=1 lowerbound=1 fileNameGp=../../cp2016-max-common-connected-subgraph-paper/datasets/graphsdb/mcs10/bvg/b03m/mcs10_b03m_s90.A09 fileNameGt=../../cp2016-max-common-connected-subgraph-paper/datasets/graphsdb/mcs10/bvg/b03m/mcs10_b03m_s90.B09
Reading graphs...
90 :  135
90 :  135
Initializing...
maxdom : 9
D->valSize : 499
Solving...
Blb : 2 (clique : 34)
currentSize : 34 <-- 0.005630 s
currentSize : 37 <-- 0.005887 s
currentSize : 38 <-- 0.005973 s
currentSize : 39 <-- 0.071003 s
currentSize : 40 <-- 0.335719 s
currentSize : 41 <-- 0.354514 s
currentSize : 42 <-- 3.524947 s
currentSize : 43 <-- 7.235721 s
currentSize : 44 <-- 12.772328 s
currentSize : 45 <-- 605.249207 s

TIMEOUT
maxsize : 45
nodes : 209274990.000000
filtered : 1192420913.000000
time : 1000.000061
