Parameters: GAD=1 vflib=1 dir=0 label=0 vlabel=1 lowerbound=1 fileNameGp=../../cp2016-max-common-connected-subgraph-paper/datasets/graphsdb/mcs10/m2D/m2D/mcs10_m2D_s100.A09 fileNameGt=../../cp2016-max-common-connected-subgraph-paper/datasets/graphsdb/mcs10/m2D/m2D/mcs10_m2D_s100.B09
Reading graphs...
100 :  180
100 :  178
Initializing...
maxdom : 8
D->valSize : 321
Solving...
Blb : 2 (clique : 31)
currentSize : 31 <-- 0.003297 s
currentSize : 32 <-- 0.005791 s
currentSize : 33 <-- 0.022040 s
currentSize : 34 <-- 0.425811 s
currentSize : 35 <-- 0.757783 s
currentSize : 36 <-- 4.435735 s
currentSize : 37 <-- 229.834045 s
currentSize : 38 <-- 481.298157 s

TIMEOUT
maxsize : 38
nodes : 214083798.000000
filtered : 899248301.000000
time : 1000.000061
