Parameters: GAD=1 vflib=1 dir=0 label=0 vlabel=1 lowerbound=1 fileNameGp=../../cp2016-max-common-connected-subgraph-paper/datasets/graphsdb/mcs10/rand/r02/mcs10_r02_s80.A04 fileNameGt=../../cp2016-max-common-connected-subgraph-paper/datasets/graphsdb/mcs10/rand/r02/mcs10_r02_s80.B04
Reading graphs...
80 :  1137
80 :  1127
Initializing...
maxdom : 9
D->valSize : 431
Solving...
Blb : 2 (clique : 10)
currentSize : 10 <-- 0.003944 s
currentSize : 11 <-- 0.004160 s
currentSize : 12 <-- 0.016128 s
currentSize : 13 <-- 0.290359 s
currentSize : 14 <-- 21.768480 s

maxsize : 14
nodes : 39016582.000000
filtered : 216374810.000000
time : 183.130020
