Parameters: GAD=1 vflib=1 dir=0 label=0 vlabel=1 lowerbound=1 fileNameGp=../../cp2016-max-common-connected-subgraph-paper/datasets/graphsdb/mcs10/m2D/m2Dr6/mcs10_m2Dr6_s100.A04 fileNameGt=../../cp2016-max-common-connected-subgraph-paper/datasets/graphsdb/mcs10/m2D/m2Dr6/mcs10_m2Dr6_s100.B04
Reading graphs...
100 :  236
100 :  236
Initializing...
maxdom : 7
D->valSize : 316
Solving...
Blb : 2 (clique : 27)
currentSize : 27 <-- 0.003003 s
currentSize : 28 <-- 0.003289 s
currentSize : 30 <-- 0.003460 s
currentSize : 31 <-- 0.693861 s
currentSize : 32 <-- 1.897752 s
currentSize : 33 <-- 9.471796 s
currentSize : 34 <-- 16.126888 s
currentSize : 35 <-- 142.515564 s

TIMEOUT
maxsize : 35
nodes : 208183156.000000
filtered : 925542321.000000
time : 1000.000061
