Parameters: GAD=1 vflib=1 dir=0 label=0 vlabel=1 lowerbound=1 fileNameGp=../../cp2016-max-common-connected-subgraph-paper/datasets/graphsdb/mcs10/m3D/m3Dr2/mcs10_m3Dr2_s60.A09 fileNameGt=../../cp2016-max-common-connected-subgraph-paper/datasets/graphsdb/mcs10/m3D/m3Dr2/mcs10_m3Dr2_s60.B09
Reading graphs...
60 :  144
60 :  145
Initializing...
maxdom : 9
D->valSize : 218
Solving...
Blb : 5 (clique : 18)
currentSize : 18 <-- 0.002268 s
currentSize : 19 <-- 0.019198 s
currentSize : 20 <-- 0.022600 s
currentSize : 21 <-- 0.226625 s
currentSize : 22 <-- 3.872640 s
currentSize : 23 <-- 104.798897 s

maxsize : 23
nodes : 28286077.000000
filtered : 160920038.000000
time : 111.242607
