Parameters: GAD=1 vflib=1 dir=0 label=0 vlabel=1 lowerbound=1 fileNameGp=../../cp2016-max-common-connected-subgraph-paper/datasets/graphsdb/mcs10/m3D/m3Dr4/mcs10_m3Dr4_s80.A01 fileNameGt=../../cp2016-max-common-connected-subgraph-paper/datasets/graphsdb/mcs10/m3D/m3Dr4/mcs10_m3Dr4_s80.B01
Reading graphs...
80 :  215
80 :  211
Initializing...
maxdom : 8
D->valSize : 388
Solving...
Blb : 2 (clique : 23)
currentSize : 23 <-- 0.003809 s
currentSize : 24 <-- 0.004013 s
currentSize : 25 <-- 0.103510 s
currentSize : 26 <-- 6.052282 s
currentSize : 27 <-- 9.691526 s
currentSize : 28 <-- 636.495422 s
currentSize : 29 <-- 867.777466 s

TIMEOUT
maxsize : 29
nodes : 240007453.000000
filtered : 1139883057.000000
time : 1000.000000
