Parameters: GAD=1 vflib=1 dir=0 label=0 vlabel=1 lowerbound=1 fileNameGp=../../cp2016-max-common-connected-subgraph-paper/datasets/graphsdb/mcs10/bvg/b03m/mcs10_b03m_s100.A01 fileNameGt=../../cp2016-max-common-connected-subgraph-paper/datasets/graphsdb/mcs10/bvg/b03m/mcs10_b03m_s100.B01
Reading graphs...
100 :  150
100 :  148
Initializing...
maxdom : 9
D->valSize : 309
Solving...
Blb : 2 (clique : 33)
currentSize : 33 <-- 0.002998 s
currentSize : 34 <-- 0.484655 s
currentSize : 35 <-- 1.873017 s
currentSize : 36 <-- 2.664712 s
currentSize : 37 <-- 2.721411 s
currentSize : 38 <-- 8.433441 s
currentSize : 39 <-- 34.520760 s
currentSize : 40 <-- 621.397766 s

TIMEOUT
maxsize : 40
nodes : 219917204.000000
filtered : 766121653.000000
time : 1000.000122
