Parameters: GAD=1 vflib=1 dir=0 label=0 vlabel=1 lowerbound=1 fileNameGp=../../cp2016-max-common-connected-subgraph-paper/datasets/graphsdb/mcs10/bvg/b03/mcs10_b03_s100.A06 fileNameGt=../../cp2016-max-common-connected-subgraph-paper/datasets/graphsdb/mcs10/bvg/b03/mcs10_b03_s100.B06
Reading graphs...
100 :  149
100 :  150
Initializing...
maxdom : 8
D->valSize : 313
Solving...
Blb : 2 (clique : 32)
currentSize : 32 <-- 0.003420 s
currentSize : 33 <-- 0.238128 s
currentSize : 34 <-- 0.383573 s
currentSize : 35 <-- 0.556230 s
currentSize : 36 <-- 0.671679 s
currentSize : 37 <-- 1.880163 s
currentSize : 38 <-- 54.988243 s
currentSize : 39 <-- 68.428589 s
currentSize : 40 <-- 108.035934 s
currentSize : 41 <-- 110.522667 s
currentSize : 42 <-- 163.461884 s

TIMEOUT
maxsize : 42
nodes : 160951450.000000
filtered : 1148600811.000000
time : 1000.000061
