Parameters: GAD=1 vflib=1 dir=0 label=0 vlabel=1 lowerbound=1 fileNameGp=../../cp2016-max-common-connected-subgraph-paper/datasets/graphsdb/mcs10/m2D/m2Dr6/mcs10_m2Dr6_s100.A07 fileNameGt=../../cp2016-max-common-connected-subgraph-paper/datasets/graphsdb/mcs10/m2D/m2Dr6/mcs10_m2Dr6_s100.B07
Reading graphs...
100 :  234
100 :  233
Initializing...
maxdom : 8
D->valSize : 320
Solving...
Blb : 5 (clique : 31)
currentSize : 31 <-- 0.003244 s
currentSize : 32 <-- 0.003490 s
currentSize : 33 <-- 0.003602 s
currentSize : 34 <-- 0.003755 s
currentSize : 35 <-- 0.004375 s
currentSize : 36 <-- 0.352279 s

TIMEOUT
maxsize : 36
nodes : 207109256.000000
filtered : 871173446.000000
time : 1000.000061
