Parameters: GAD=1 vflib=1 dir=0 label=0 vlabel=1 lowerbound=1 fileNameGp=../../cp2016-max-common-connected-subgraph-paper/datasets/graphsdb/mcs10/m2D/m2Dr2/mcs10_m2Dr2_s90.A02 fileNameGt=../../cp2016-max-common-connected-subgraph-paper/datasets/graphsdb/mcs10/m2D/m2Dr2/mcs10_m2Dr2_s90.B02
Reading graphs...
90 :  179
90 :  176
Initializing...
maxdom : 13
D->valSize : 502
Solving...
Blb : 2 (clique : 31)
currentSize : 31 <-- 0.005575 s
currentSize : 32 <-- 0.055654 s
currentSize : 33 <-- 0.438374 s
currentSize : 34 <-- 0.440534 s
currentSize : 35 <-- 0.508658 s
currentSize : 36 <-- 5.376087 s
currentSize : 37 <-- 129.936478 s
currentSize : 38 <-- 359.888275 s

TIMEOUT
maxsize : 38
nodes : 227989535.000000
filtered : 1418502884.000000
time : 1000.000061
