Parameters: GAD=1 vflib=1 dir=0 label=0 vlabel=1 lowerbound=1 fileNameGp=../../cp2016-max-common-connected-subgraph-paper/datasets/graphsdb/mcs10/m3D/m3Dr2/mcs10_m3Dr2_s70.A01 fileNameGt=../../cp2016-max-common-connected-subgraph-paper/datasets/graphsdb/mcs10/m3D/m3Dr2/mcs10_m3Dr2_s70.B01
Reading graphs...
70 :  168
70 :  172
Initializing...
maxdom : 7
D->valSize : 317
Solving...
Blb : 2 (clique : 21)
currentSize : 21 <-- 0.002487 s
currentSize : 22 <-- 0.002714 s
currentSize : 23 <-- 0.003791 s
currentSize : 24 <-- 0.963766 s
currentSize : 25 <-- 0.963840 s
currentSize : 26 <-- 0.966502 s
currentSize : 27 <-- 2.455201 s
currentSize : 28 <-- 2.479741 s
currentSize : 29 <-- 4.566958 s
currentSize : 30 <-- 849.139709 s

TIMEOUT
maxsize : 30
nodes : 204736502.000000
filtered : 1582744661.000000
time : 1000.000000
