Parameters: GAD=1 vflib=1 dir=0 label=0 vlabel=1 lowerbound=1 fileNameGp=../../cp2016-max-common-connected-subgraph-paper/datasets/graphsdb/mcs10/m3D/m3Dr4/mcs10_m3Dr4_s100.A02 fileNameGt=../../cp2016-max-common-connected-subgraph-paper/datasets/graphsdb/mcs10/m3D/m3Dr4/mcs10_m3Dr4_s100.B02
Reading graphs...
100 :  272
100 :  270
Initializing...
maxdom : 7
D->valSize : 313
Solving...
Blb : 2 (clique : 27)
currentSize : 27 <-- 0.004929 s
currentSize : 28 <-- 0.005255 s
currentSize : 29 <-- 0.005391 s
currentSize : 30 <-- 0.005603 s
currentSize : 31 <-- 0.069955 s
currentSize : 32 <-- 0.785105 s
currentSize : 33 <-- 12.520047 s
currentSize : 34 <-- 13.848955 s
currentSize : 35 <-- 176.824554 s

TIMEOUT
maxsize : 35
nodes : 179335714.000000
filtered : 967092627.000000
time : 1000.000061
