Parameters: GAD=1 vflib=1 dir=0 label=0 vlabel=1 lowerbound=1 fileNameGp=../../cp2016-max-common-connected-subgraph-paper/datasets/graphsdb/mcs10/m3D/m3Dr4/mcs10_m3Dr4_s70.A08 fileNameGt=../../cp2016-max-common-connected-subgraph-paper/datasets/graphsdb/mcs10/m3D/m3Dr4/mcs10_m3Dr4_s70.B08
Reading graphs...
70 :  183
70 :  183
Initializing...
maxdom : 8
D->valSize : 319
Solving...
Blb : 2 (clique : 21)
currentSize : 21 <-- 0.002535 s
currentSize : 22 <-- 0.002669 s
currentSize : 23 <-- 0.002695 s
currentSize : 24 <-- 0.002752 s
currentSize : 25 <-- 0.059747 s
currentSize : 26 <-- 2.347177 s
currentSize : 27 <-- 508.270386 s

TIMEOUT
maxsize : 27
nodes : 221395696.000000
filtered : 1803897871.000000
time : 1000.000000
