Parameters: GAD=1 vflib=1 dir=0 label=0 vlabel=1 lowerbound=1 fileNameGp=../../cp2016-max-common-connected-subgraph-paper/datasets/graphsdb/mcs10/bvg/b09m/mcs10_b09m_s100.A02 fileNameGt=../../cp2016-max-common-connected-subgraph-paper/datasets/graphsdb/mcs10/bvg/b09m/mcs10_b09m_s100.B02
Reading graphs...
100 :  435
100 :  434
Initializing...
maxdom : 7
D->valSize : 319
Solving...
Blb : 2 (clique : 21)
currentSize : 21 <-- 0.002995 s
currentSize : 22 <-- 0.003236 s
currentSize : 23 <-- 0.003277 s
currentSize : 24 <-- 0.067696 s
currentSize : 25 <-- 0.581406 s
currentSize : 26 <-- 187.131485 s
currentSize : 27 <-- 665.740417 s

TIMEOUT
maxsize : 27
nodes : 198752253.000000
filtered : 1001468672.000000
time : 1000.000000
