Parameters: GAD=1 vflib=1 dir=0 label=0 vlabel=1 lowerbound=1 fileNameGp=../../cp2016-max-common-connected-subgraph-paper/datasets/graphsdb/mcs10/rand/r02/mcs10_r02_s100.A07 fileNameGt=../../cp2016-max-common-connected-subgraph-paper/datasets/graphsdb/mcs10/rand/r02/mcs10_r02_s100.B07
Reading graphs...
100 :  1783
100 :  1788
Initializing...
maxdom : 7
D->valSize : 342
Solving...
Blb : 2 (clique : 9)
currentSize : 9 <-- 0.003277 s
currentSize : 10 <-- 0.004829 s
currentSize : 11 <-- 0.021330 s
currentSize : 12 <-- 0.044956 s
currentSize : 13 <-- 0.234456 s
currentSize : 14 <-- 0.561499 s

maxsize : 14
nodes : 11017896.000000
filtered : 56322737.000000
time : 57.991707
