Parameters: GAD=1 vflib=1 dir=0 label=0 vlabel=1 lowerbound=1 fileNameGp=../../cp2016-max-common-connected-subgraph-paper/datasets/graphsdb/mcs10/bvg/b03/mcs10_b03_s100.A03 fileNameGt=../../cp2016-max-common-connected-subgraph-paper/datasets/graphsdb/mcs10/bvg/b03/mcs10_b03_s100.B03
Reading graphs...
100 :  149
100 :  149
Initializing...
maxdom : 5
D->valSize : 302
Solving...
Blb : 2 (clique : 34)
currentSize : 34 <-- 0.003267 s
currentSize : 35 <-- 0.003533 s
currentSize : 36 <-- 1.971940 s
currentSize : 37 <-- 2.224719 s
currentSize : 38 <-- 7.555400 s
currentSize : 39 <-- 803.366516 s
currentSize : 40 <-- 937.477844 s

TIMEOUT
maxsize : 40
nodes : 257901021.000000
filtered : 527413541.000000
time : 1000.000061
