Parameters: GAD=1 vflib=1 dir=0 label=0 vlabel=1 lowerbound=1 fileNameGp=../../cp2016-max-common-connected-subgraph-paper/datasets/graphsdb/mcs10/rand/r005/mcs10_r005_s70.A03 fileNameGt=../../cp2016-max-common-connected-subgraph-paper/datasets/graphsdb/mcs10/rand/r005/mcs10_r005_s70.B03
Reading graphs...
70 :  238
70 :  237
Initializing...
maxdom : 7
D->valSize : 329
Solving...
Blb : 2 (clique : 19)
currentSize : 19 <-- 0.002653 s
currentSize : 20 <-- 0.013563 s
currentSize : 21 <-- 0.508920 s
currentSize : 22 <-- 0.552794 s
currentSize : 23 <-- 2.084475 s
currentSize : 24 <-- 2.095410 s
currentSize : 25 <-- 320.179047 s
currentSize : 26 <-- 984.287537 s

TIMEOUT
maxsize : 26
nodes : 217623109.000000
filtered : 1600199982.000000
time : 1000.000000
