Parameters: GAD=1 vflib=1 dir=0 label=0 vlabel=1 lowerbound=1 fileNameGp=../../cp2016-max-common-connected-subgraph-paper/datasets/graphsdb/mcs10/m3D/m3Dr4/mcs10_m3Dr4_s60.A04 fileNameGt=../../cp2016-max-common-connected-subgraph-paper/datasets/graphsdb/mcs10/m3D/m3Dr4/mcs10_m3Dr4_s60.B04
Reading graphs...
60 :  156
60 :  157
Initializing...
maxdom : 7
D->valSize : 199
Solving...
Blb : 2 (clique : 15)
currentSize : 15 <-- 0.001340 s
currentSize : 16 <-- 0.001930 s
currentSize : 17 <-- 0.002005 s
currentSize : 18 <-- 0.002883 s
currentSize : 19 <-- 0.771891 s
currentSize : 20 <-- 0.791848 s
currentSize : 21 <-- 10.028181 s
currentSize : 22 <-- 14.591759 s
currentSize : 23 <-- 19.609753 s

maxsize : 23
nodes : 6410637.000000
filtered : 35290960.000000
time : 23.797995
