Parameters: GAD=1 vflib=1 dir=0 label=0 vlabel=1 lowerbound=1 fileNameGp=../../cp2016-max-common-connected-subgraph-paper/datasets/graphsdb/mcs10/m3D/m3Dr6/mcs10_m3Dr6_s70.A09 fileNameGt=../../cp2016-max-common-connected-subgraph-paper/datasets/graphsdb/mcs10/m3D/m3Dr6/mcs10_m3Dr6_s70.B09
Reading graphs...
70 :  192
70 :  196
Initializing...
maxdom : 8
D->valSize : 291
Solving...
Blb : 2 (clique : 19)
currentSize : 19 <-- 0.002235 s
currentSize : 20 <-- 0.002702 s
currentSize : 21 <-- 0.011451 s
currentSize : 22 <-- 0.105113 s
currentSize : 23 <-- 0.309246 s
currentSize : 24 <-- 2.280899 s
currentSize : 25 <-- 6.766747 s
currentSize : 26 <-- 365.491577 s

TIMEOUT
maxsize : 26
nodes : 218039638.000000
filtered : 1615255528.000000
time : 1000.000061
