Parameters: GAD=1 vflib=1 dir=0 label=0 vlabel=1 lowerbound=1 fileNameGp=../../cp2016-max-common-connected-subgraph-paper/datasets/graphsdb/mcs10/m3D/m3Dr2/mcs10_m3Dr2_s60.A00 fileNameGt=../../cp2016-max-common-connected-subgraph-paper/datasets/graphsdb/mcs10/m3D/m3Dr2/mcs10_m3Dr2_s60.B00
Reading graphs...
60 :  142
60 :  143
Initializing...
maxdom : 8
D->valSize : 239
Solving...
Blb : 2 (clique : 17)
currentSize : 17 <-- 0.002549 s
currentSize : 18 <-- 0.002799 s
currentSize : 19 <-- 0.003206 s
currentSize : 20 <-- 0.014157 s
currentSize : 21 <-- 0.071691 s
currentSize : 22 <-- 1.361113 s
currentSize : 23 <-- 4.860915 s
currentSize : 24 <-- 45.590530 s

maxsize : 24
nodes : 62194191.000000
filtered : 454062349.000000
time : 255.417023
