Parameters: GAD=1 vflib=1 dir=0 label=0 vlabel=1 lowerbound=1 fileNameGp=../../cp2016-max-common-connected-subgraph-paper/datasets/graphsdb/mcs10/bvg/b06/mcs10_b06_s70.A09 fileNameGt=../../cp2016-max-common-connected-subgraph-paper/datasets/graphsdb/mcs10/bvg/b06/mcs10_b06_s70.B09
Reading graphs...
70 :  208
70 :  208
Initializing...
maxdom : 7
D->valSize : 311
Solving...
Blb : 2 (clique : 21)
currentSize : 21 <-- 0.003988 s
currentSize : 22 <-- 0.004198 s
currentSize : 23 <-- 0.004389 s
currentSize : 24 <-- 0.004504 s
currentSize : 25 <-- 0.194714 s
currentSize : 26 <-- 20.277948 s
currentSize : 27 <-- 65.917435 s

TIMEOUT
maxsize : 27
nodes : 216505356.000000
filtered : 1695552608.000000
time : 1000.000061
