Parameters: GAD=1 vflib=1 dir=0 label=0 vlabel=1 lowerbound=1 fileNameGp=../../cp2016-max-common-connected-subgraph-paper/datasets/graphsdb/mcs10/m3D/m3D/mcs10_m3D_s100.A07 fileNameGt=../../cp2016-max-common-connected-subgraph-paper/datasets/graphsdb/mcs10/m3D/m3D/mcs10_m3D_s100.B07
Reading graphs...
100 :  233
100 :  233
Initializing...
maxdom : 8
D->valSize : 304
Solving...
Blb : 5 (clique : 28)
currentSize : 28 <-- 0.002839 s
currentSize : 29 <-- 0.003365 s
currentSize : 30 <-- 0.006259 s
currentSize : 31 <-- 0.109826 s
currentSize : 32 <-- 0.109956 s
currentSize : 33 <-- 0.634483 s
currentSize : 34 <-- 11.001063 s
currentSize : 35 <-- 473.112091 s
currentSize : 36 <-- 645.860535 s

TIMEOUT
maxsize : 36
nodes : 211462745.000000
filtered : 853805254.000000
time : 1000.000061
