Parameters: GAD=1 vflib=1 dir=0 label=0 vlabel=1 lowerbound=1 fileNameGp=../../cp2016-max-common-connected-subgraph-paper/datasets/graphsdb/mcs10/m2D/m2Dr2/mcs10_m2Dr2_s100.A06 fileNameGt=../../cp2016-max-common-connected-subgraph-paper/datasets/graphsdb/mcs10/m2D/m2Dr2/mcs10_m2Dr2_s100.B06
Reading graphs...
100 :  198
100 :  197
Initializing...
maxdom : 8
D->valSize : 331
Solving...
Blb : 2 (clique : 33)
currentSize : 33 <-- 0.003422 s
currentSize : 34 <-- 0.008644 s
currentSize : 35 <-- 13.638744 s
currentSize : 36 <-- 16.756180 s
currentSize : 37 <-- 23.882023 s
currentSize : 38 <-- 34.527020 s
currentSize : 39 <-- 211.485748 s
currentSize : 40 <-- 603.566040 s

TIMEOUT
maxsize : 40
nodes : 226907736.000000
filtered : 967498671.000000
time : 1000.000061
