Parameters: GAD=1 vflib=1 dir=0 label=0 vlabel=1 lowerbound=1 fileNameGp=../../cp2016-max-common-connected-subgraph-paper/datasets/graphsdb/mcs10/bvg/b03/mcs10_b03_s50.A08 fileNameGt=../../cp2016-max-common-connected-subgraph-paper/datasets/graphsdb/mcs10/bvg/b03/mcs10_b03_s50.B08
Reading graphs...
50 :  75
50 :  75
Initializing...
maxdom : 9
D->valSize : 293
Solving...
Blb : 5 (clique : 23)
currentSize : 23 <-- 0.002008 s
currentSize : 24 <-- 0.087094 s
currentSize : 25 <-- 0.244273 s
currentSize : 26 <-- 10.794189 s
currentSize : 27 <-- 22.332121 s
currentSize : 28 <-- 42.629368 s

maxsize : 28
nodes : 22547717.000000
filtered : 193936767.000000
time : 86.396156
