Parameters: GAD=1 vflib=1 dir=0 label=0 vlabel=1 lowerbound=1 fileNameGp=../../cp2016-max-common-connected-subgraph-paper/datasets/graphsdb/mcs10/rand/r005/mcs10_r005_s50.A09 fileNameGt=../../cp2016-max-common-connected-subgraph-paper/datasets/graphsdb/mcs10/rand/r005/mcs10_r005_s50.B09
Reading graphs...
50 :  121
50 :  120
Initializing...
maxdom : 9
D->valSize : 285
Solving...
Blb : 2 (clique : 17)
currentSize : 17 <-- 0.002998 s
currentSize : 18 <-- 0.004067 s
currentSize : 19 <-- 0.005469 s
currentSize : 20 <-- 1.229633 s
currentSize : 21 <-- 19.585871 s
currentSize : 22 <-- 19.587711 s

maxsize : 22
nodes : 15131383.000000
filtered : 141887702.000000
time : 57.580505
