Parameters: GAD=1 vflib=1 dir=0 label=0 vlabel=1 lowerbound=1 fileNameGp=../../cp2016-max-common-connected-subgraph-paper/datasets/graphsdb/mcs10/m2D/m2Dr6/mcs10_m2Dr6_s90.A01 fileNameGt=../../cp2016-max-common-connected-subgraph-paper/datasets/graphsdb/mcs10/m2D/m2Dr6/mcs10_m2Dr6_s90.B01
Reading graphs...
90 :  214
90 :  213
Initializing...
maxdom : 10
D->valSize : 508
Solving...
Blb : 2 (clique : 30)
currentSize : 30 <-- 0.005619 s
currentSize : 31 <-- 0.005894 s
currentSize : 32 <-- 0.006057 s
currentSize : 33 <-- 0.006307 s
currentSize : 34 <-- 0.034098 s
currentSize : 35 <-- 91.733383 s
currentSize : 36 <-- 806.100952 s

TIMEOUT
maxsize : 36
nodes : 215963217.000000
filtered : 1272800152.000000
time : 1000.000061
