Parameters: GAD=1 vflib=1 dir=0 label=0 vlabel=1 lowerbound=1 fileNameGp=../../cp2016-max-common-connected-subgraph-paper/datasets/graphsdb/mcs10/bvg/b06m/mcs10_b06m_s90.A06 fileNameGt=../../cp2016-max-common-connected-subgraph-paper/datasets/graphsdb/mcs10/bvg/b06m/mcs10_b06m_s90.B06
Reading graphs...
90 :  263
90 :  264
Initializing...
maxdom : 11
D->valSize : 550
Solving...
Blb : 2 (clique : 26)
currentSize : 26 <-- 0.006317 s
currentSize : 27 <-- 0.006537 s
currentSize : 28 <-- 0.007064 s
currentSize : 29 <-- 0.013791 s
currentSize : 30 <-- 0.107439 s
currentSize : 31 <-- 0.608047 s
currentSize : 32 <-- 0.824862 s
currentSize : 33 <-- 175.757782 s

TIMEOUT
maxsize : 33
nodes : 198792759.000000
filtered : 1383679551.000000
time : 1000.000061
