Parameters: GAD=1 vflib=1 dir=0 label=0 vlabel=1 lowerbound=1 fileNameGp=../../cp2016-max-common-connected-subgraph-paper/datasets/graphsdb/mcs10/m2D/m2Dr6/mcs10_m2Dr6_s50.A04 fileNameGt=../../cp2016-max-common-connected-subgraph-paper/datasets/graphsdb/mcs10/m2D/m2Dr6/mcs10_m2Dr6_s50.B04
Reading graphs...
50 :  112
50 :  111
Initializing...
maxdom : 9
D->valSize : 306
Solving...
Blb : 2 (clique : 18)
currentSize : 18 <-- 0.003393 s
currentSize : 19 <-- 0.006113 s
currentSize : 20 <-- 0.006563 s
currentSize : 21 <-- 0.036069 s
currentSize : 22 <-- 3.015805 s
currentSize : 23 <-- 7.666020 s

maxsize : 23
nodes : 39992542.000000
filtered : 464232071.000000
time : 172.475296
