Parameters: GAD=1 vflib=1 dir=0 label=0 vlabel=1 lowerbound=1 fileNameGp=../../cp2016-max-common-connected-subgraph-paper/datasets/graphsdb/mcs10/m3D/m3Dr2/mcs10_m3Dr2_s60.A04 fileNameGt=../../cp2016-max-common-connected-subgraph-paper/datasets/graphsdb/mcs10/m3D/m3Dr2/mcs10_m3Dr2_s60.B04
Reading graphs...
60 :  144
60 :  145
Initializing...
maxdom : 6
D->valSize : 240
Solving...
Blb : 2 (clique : 19)
currentSize : 19 <-- 0.001641 s
currentSize : 20 <-- 0.001861 s
currentSize : 21 <-- 0.025335 s
currentSize : 22 <-- 0.113798 s
currentSize : 23 <-- 0.261459 s
currentSize : 24 <-- 7.200392 s
currentSize : 25 <-- 36.597359 s

maxsize : 25
nodes : 92010656.000000
filtered : 672522157.000000
time : 383.701599
