Parameters: GAD=1 vflib=1 dir=0 label=0 vlabel=1 lowerbound=1 fileNameGp=../../cp2016-max-common-connected-subgraph-paper/datasets/graphsdb/mcs10/m2D/m2Dr6/mcs10_m2Dr6_s70.A08 fileNameGt=../../cp2016-max-common-connected-subgraph-paper/datasets/graphsdb/mcs10/m2D/m2Dr6/mcs10_m2Dr6_s70.B08
Reading graphs...
70 :  165
70 :  164
Initializing...
maxdom : 7
D->valSize : 324
Solving...
Blb : 5 (clique : 23)
currentSize : 23 <-- 0.002697 s
currentSize : 24 <-- 0.584640 s
currentSize : 25 <-- 1.668238 s
currentSize : 26 <-- 2.914071 s
currentSize : 27 <-- 98.302444 s
currentSize : 28 <-- 618.973877 s

TIMEOUT
maxsize : 28
nodes : 230632569.000000
filtered : 1545167274.000000
time : 1000.000061
