Parameters: GAD=1 vflib=1 dir=0 label=0 vlabel=1 lowerbound=1 fileNameGp=../../cp2016-max-common-connected-subgraph-paper/datasets/graphsdb/mcs10/m3D/m3Dr2/mcs10_m3Dr2_s70.A08 fileNameGt=../../cp2016-max-common-connected-subgraph-paper/datasets/graphsdb/mcs10/m3D/m3Dr2/mcs10_m3Dr2_s70.B08
Reading graphs...
70 :  171
70 :  172
Initializing...
maxdom : 9
D->valSize : 269
Solving...
Blb : 2 (clique : 18)
currentSize : 18 <-- 0.002047 s
currentSize : 19 <-- 0.002166 s
currentSize : 20 <-- 0.002201 s
currentSize : 21 <-- 0.002285 s
currentSize : 22 <-- 0.017925 s
currentSize : 23 <-- 0.054777 s
currentSize : 24 <-- 1.382552 s
currentSize : 25 <-- 5.187534 s
currentSize : 26 <-- 48.580891 s
currentSize : 27 <-- 654.593079 s

TIMEOUT
maxsize : 27
nodes : 236250125.000000
filtered : 1495391774.000000
time : 1000.000061
