Parameters: GAD=1 vflib=1 dir=0 label=0 vlabel=1 lowerbound=1 fileNameGp=../../cp2016-max-common-connected-subgraph-paper/datasets/graphsdb/mcs10/bvg/b03/mcs10_b03_s60.A06 fileNameGt=../../cp2016-max-common-connected-subgraph-paper/datasets/graphsdb/mcs10/bvg/b03/mcs10_b03_s60.B06
Reading graphs...
60 :  90
60 :  90
Initializing...
maxdom : 7
D->valSize : 225
Solving...
Blb : 2 (clique : 23)
currentSize : 23 <-- 0.001621 s
currentSize : 24 <-- 0.010451 s
currentSize : 25 <-- 0.114633 s
currentSize : 26 <-- 0.850056 s
currentSize : 27 <-- 7.842623 s
currentSize : 28 <-- 58.384235 s

maxsize : 28
nodes : 145062875.000000
filtered : 906699646.000000
time : 533.100159
