Parameters: GAD=1 vflib=1 dir=0 label=0 vlabel=1 lowerbound=1 fileNameGp=../../cp2016-max-common-connected-subgraph-paper/datasets/graphsdb/mcs10/rand/r005/mcs10_r005_s60.A08 fileNameGt=../../cp2016-max-common-connected-subgraph-paper/datasets/graphsdb/mcs10/rand/r005/mcs10_r005_s60.B08
Reading graphs...
60 :  176
60 :  176
Initializing...
maxdom : 8
D->valSize : 219
Solving...
Blb : 2 (clique : 17)
currentSize : 17 <-- 0.001459 s
currentSize : 18 <-- 0.002145 s
currentSize : 19 <-- 0.002744 s
currentSize : 20 <-- 0.008992 s
currentSize : 21 <-- 0.098114 s
currentSize : 22 <-- 0.115389 s
currentSize : 23 <-- 1.863049 s

maxsize : 23
nodes : 14027846.000000
filtered : 89301338.000000
time : 58.553490
