Parameters: GAD=1 vflib=1 dir=0 label=0 vlabel=1 lowerbound=1 fileNameGp=../../cp2016-max-common-connected-subgraph-paper/datasets/graphsdb/mcs10/m3D/m3D/mcs10_m3D_s60.A09 fileNameGt=../../cp2016-max-common-connected-subgraph-paper/datasets/graphsdb/mcs10/m3D/m3D/mcs10_m3D_s60.B09
Reading graphs...
60 :  132
60 :  131
Initializing...
maxdom : 6
D->valSize : 248
Solving...
Blb : 3 (clique : 17)
currentSize : 17 <-- 0.001788 s
currentSize : 18 <-- 0.002006 s
currentSize : 19 <-- 0.002180 s
currentSize : 20 <-- 0.004218 s
currentSize : 21 <-- 0.009999 s
currentSize : 22 <-- 0.010017 s
currentSize : 23 <-- 0.010139 s
currentSize : 24 <-- 0.159422 s
currentSize : 25 <-- 0.306597 s

maxsize : 25
nodes : 48132820.000000
filtered : 393602495.000000
time : 205.352173
