Parameters: GAD=1 vflib=1 dir=0 label=0 vlabel=1 lowerbound=1 fileNameGp=../../cp2016-max-common-connected-subgraph-paper/datasets/graphsdb/mcs10/bvg/b06m/mcs10_b06m_s80.A04 fileNameGt=../../cp2016-max-common-connected-subgraph-paper/datasets/graphsdb/mcs10/bvg/b06m/mcs10_b06m_s80.B04
Reading graphs...
80 :  235
80 :  235
Initializing...
maxdom : 11
D->valSize : 393
Solving...
Blb : 2 (clique : 24)
currentSize : 24 <-- 0.006078 s
currentSize : 25 <-- 0.007710 s
currentSize : 26 <-- 0.749970 s
currentSize : 27 <-- 1.741825 s
currentSize : 28 <-- 35.376255 s
currentSize : 29 <-- 114.222389 s
currentSize : 30 <-- 341.349945 s

TIMEOUT
maxsize : 30
nodes : 196412383.000000
filtered : 1712170136.000000
time : 1000.000000
