Parameters: GAD=1 vflib=1 dir=0 label=0 vlabel=1 lowerbound=1 fileNameGp=../../cp2016-max-common-connected-subgraph-paper/datasets/graphsdb/mcs10/bvg/b03/mcs10_b03_s70.A02 fileNameGt=../../cp2016-max-common-connected-subgraph-paper/datasets/graphsdb/mcs10/bvg/b03/mcs10_b03_s70.B02
Reading graphs...
70 :  104
70 :  105
Initializing...
maxdom : 9
D->valSize : 304
Solving...
Blb : 2 (clique : 28)
currentSize : 28 <-- 0.002442 s
currentSize : 29 <-- 0.006046 s
currentSize : 30 <-- 0.136981 s
currentSize : 31 <-- 1.421366 s
currentSize : 32 <-- 4.638934 s
currentSize : 33 <-- 37.059345 s
currentSize : 34 <-- 143.561279 s

TIMEOUT
maxsize : 34
nodes : 226242921.000000
filtered : 1247882903.000000
time : 1000.000000
