Parameters: GAD=1 vflib=1 dir=0 label=0 vlabel=1 lowerbound=1 fileNameGp=../../cp2016-max-common-connected-subgraph-paper/datasets/graphsdb/mcs10/m2D/m2D/mcs10_m2D_s100.A03 fileNameGt=../../cp2016-max-common-connected-subgraph-paper/datasets/graphsdb/mcs10/m2D/m2D/mcs10_m2D_s100.B03
Reading graphs...
100 :  180
100 :  179
Initializing...
maxdom : 7
D->valSize : 321
Solving...
Blb : 2 (clique : 31)
currentSize : 31 <-- 0.003082 s
currentSize : 32 <-- 0.003337 s
currentSize : 33 <-- 0.025703 s
currentSize : 34 <-- 0.026349 s
currentSize : 35 <-- 0.041062 s
currentSize : 36 <-- 0.081913 s
currentSize : 37 <-- 11.882793 s
currentSize : 38 <-- 33.523907 s
currentSize : 39 <-- 34.383995 s
currentSize : 40 <-- 164.429291 s
currentSize : 41 <-- 604.136719 s

TIMEOUT
maxsize : 41
nodes : 218710326.000000
filtered : 895596961.000000
time : 1000.000061
