Parameters: GAD=1 vflib=1 dir=0 label=0 vlabel=1 lowerbound=1 fileNameGp=../../cp2016-max-common-connected-subgraph-paper/datasets/graphsdb/mcs10/m3D/m3Dr6/mcs10_m3Dr6_s90.A01 fileNameGt=../../cp2016-max-common-connected-subgraph-paper/datasets/graphsdb/mcs10/m3D/m3Dr6/mcs10_m3Dr6_s90.B01
Reading graphs...
90 :  257
90 :  255
Initializing...
maxdom : 12
D->valSize : 476
Solving...
Blb : 2 (clique : 25)
currentSize : 25 <-- 0.004942 s
currentSize : 26 <-- 0.005140 s
currentSize : 27 <-- 0.011530 s
currentSize : 28 <-- 0.018855 s
currentSize : 29 <-- 1.260554 s
currentSize : 30 <-- 4.034462 s
currentSize : 31 <-- 165.271347 s
currentSize : 32 <-- 899.219604 s

TIMEOUT
maxsize : 32
nodes : 218125761.000000
filtered : 1334443634.000000
time : 1000.000000
