Parameters: GAD=1 vflib=1 dir=0 label=0 vlabel=1 lowerbound=1 fileNameGp=../../cp2016-max-common-connected-subgraph-paper/datasets/graphsdb/mcs10/m3D/m3Dr2/mcs10_m3Dr2_s60.A06 fileNameGt=../../cp2016-max-common-connected-subgraph-paper/datasets/graphsdb/mcs10/m3D/m3Dr2/mcs10_m3Dr2_s60.B06
Reading graphs...
60 :  145
60 :  144
Initializing...
maxdom : 7
D->valSize : 230
Solving...
Blb : 2 (clique : 18)
currentSize : 18 <-- 0.002512 s
currentSize : 19 <-- 0.002751 s
currentSize : 20 <-- 0.103491 s
currentSize : 21 <-- 0.496736 s
currentSize : 22 <-- 0.509570 s
currentSize : 23 <-- 19.475288 s
currentSize : 24 <-- 82.482590 s

maxsize : 24
nodes : 107269221.000000
filtered : 701449309.000000
time : 427.435303
