Parameters: GAD=1 vflib=1 dir=0 label=0 vlabel=1 lowerbound=1 fileNameGp=../../cp2016-max-common-connected-subgraph-paper/datasets/graphsdb/mcs10/m3D/m3Dr4/mcs10_m3Dr4_s70.A02 fileNameGt=../../cp2016-max-common-connected-subgraph-paper/datasets/graphsdb/mcs10/m3D/m3Dr4/mcs10_m3Dr4_s70.B02
Reading graphs...
70 :  184
70 :  183
Initializing...
maxdom : 7
D->valSize : 311
Solving...
Blb : 2 (clique : 21)
currentSize : 21 <-- 0.003972 s
currentSize : 22 <-- 0.004290 s
currentSize : 23 <-- 0.005666 s
currentSize : 24 <-- 0.006408 s
currentSize : 25 <-- 0.018831 s
currentSize : 26 <-- 9.274318 s
currentSize : 27 <-- 681.035767 s

TIMEOUT
maxsize : 27
nodes : 224032431.000000
filtered : 1789040250.000000
time : 1000.000061
