Parameters: GAD=1 vflib=1 dir=0 label=0 vlabel=1 lowerbound=1 fileNameGp=../../cp2016-max-common-connected-subgraph-paper/datasets/graphsdb/mcs10/rand/r02/mcs10_r02_s100.A09 fileNameGt=../../cp2016-max-common-connected-subgraph-paper/datasets/graphsdb/mcs10/rand/r02/mcs10_r02_s100.B09
Reading graphs...
100 :  1757
100 :  1762
Initializing...
maxdom : 7
D->valSize : 320
Solving...
Blb : 2 (clique : 10)
currentSize : 10 <-- 0.003209 s
currentSize : 11 <-- 0.003908 s
currentSize : 12 <-- 0.004198 s
currentSize : 13 <-- 1.290660 s
currentSize : 14 <-- 10.212960 s

maxsize : 14
nodes : 7962547.000000
filtered : 39345959.000000
time : 41.911884
