Parameters: GAD=1 vflib=1 dir=0 label=0 vlabel=1 lowerbound=1 fileNameGp=../../cp2016-max-common-connected-subgraph-paper/datasets/graphsdb/mcs10/m3D/m3Dr2/mcs10_m3Dr2_s80.A04 fileNameGt=../../cp2016-max-common-connected-subgraph-paper/datasets/graphsdb/mcs10/m3D/m3Dr2/mcs10_m3Dr2_s80.B04
Reading graphs...
80 :  199
80 :  198
Initializing...
maxdom : 11
D->valSize : 372
Solving...
Blb : 2 (clique : 24)
currentSize : 24 <-- 0.005571 s
currentSize : 25 <-- 0.008704 s
currentSize : 26 <-- 0.165960 s
currentSize : 27 <-- 0.620390 s
currentSize : 28 <-- 1.799216 s
currentSize : 29 <-- 2.019891 s
currentSize : 30 <-- 50.572495 s
currentSize : 31 <-- 136.365082 s
currentSize : 32 <-- 684.705017 s

TIMEOUT
maxsize : 32
nodes : 200092114.000000
filtered : 1371287076.000000
time : 1000.000061
