Parameters: GAD=1 vflib=1 dir=0 label=0 vlabel=1 lowerbound=1 fileNameGp=../../cp2016-max-common-connected-subgraph-paper/datasets/graphsdb/mcs10/m3D/m3Dr6/mcs10_m3Dr6_s100.A01 fileNameGt=../../cp2016-max-common-connected-subgraph-paper/datasets/graphsdb/mcs10/m3D/m3Dr6/mcs10_m3Dr6_s100.B01
Reading graphs...
100 :  291
100 :  294
Initializing...
maxdom : 7
D->valSize : 265
Solving...
Blb : 2 (clique : 26)
currentSize : 26 <-- 0.002454 s
currentSize : 27 <-- 0.002725 s
currentSize : 28 <-- 0.004968 s
currentSize : 29 <-- 0.098933 s
currentSize : 30 <-- 0.247640 s
currentSize : 31 <-- 1.851835 s
currentSize : 32 <-- 16.189186 s

TIMEOUT
maxsize : 32
nodes : 191618471.000000
filtered : 1102861168.000000
time : 1000.000061
