Parameters: GAD=1 vflib=1 dir=0 label=0 vlabel=1 lowerbound=1 fileNameGp=../../cp2016-max-common-connected-subgraph-paper/datasets/graphsdb/mcs10/rand/r005/mcs10_r005_s50.A02 fileNameGt=../../cp2016-max-common-connected-subgraph-paper/datasets/graphsdb/mcs10/rand/r005/mcs10_r005_s50.B02
Reading graphs...
50 :  124
50 :  123
Initializing...
maxdom : 12
D->valSize : 303
Solving...
Blb : 2 (clique : 18)
currentSize : 18 <-- 0.002064 s
currentSize : 19 <-- 0.074535 s
currentSize : 20 <-- 0.094575 s
currentSize : 21 <-- 0.224334 s
currentSize : 22 <-- 37.393192 s

maxsize : 22
nodes : 69032889.000000
filtered : 713502889.000000
time : 283.169312
