Parameters: GAD=1 vflib=1 dir=0 label=0 vlabel=1 lowerbound=1 fileNameGp=../../cp2016-max-common-connected-subgraph-paper/datasets/graphsdb/mcs10/bvg/b03/mcs10_b03_s50.A01 fileNameGt=../../cp2016-max-common-connected-subgraph-paper/datasets/graphsdb/mcs10/bvg/b03/mcs10_b03_s50.B01
Reading graphs...
50 :  75
50 :  75
Initializing...
maxdom : 8
D->valSize : 298
Solving...
Blb : 2 (clique : 20)
currentSize : 20 <-- 0.002164 s
currentSize : 21 <-- 0.002267 s
currentSize : 22 <-- 0.002307 s
currentSize : 23 <-- 0.010838 s
currentSize : 24 <-- 44.893597 s
currentSize : 25 <-- 129.960541 s
currentSize : 26 <-- 131.731110 s

TIMEOUT
maxsize : 26
nodes : 270582475.000000
filtered : 2189613511.000000
time : 1000.000000
