Parameters: GAD=1 vflib=1 dir=0 label=0 vlabel=1 lowerbound=1 fileNameGp=../../cp2016-max-common-connected-subgraph-paper/datasets/graphsdb/mcs10/bvg/b06m/mcs10_b06m_s90.A04 fileNameGt=../../cp2016-max-common-connected-subgraph-paper/datasets/graphsdb/mcs10/bvg/b06m/mcs10_b06m_s90.B04
Reading graphs...
90 :  265
90 :  265
Initializing...
maxdom : 8
D->valSize : 506
Solving...
Blb : 2 (clique : 27)
currentSize : 27 <-- 0.005595 s
currentSize : 28 <-- 0.018599 s
currentSize : 29 <-- 0.091004 s
currentSize : 30 <-- 0.097701 s
currentSize : 31 <-- 3.389660 s
currentSize : 32 <-- 3.918569 s
currentSize : 33 <-- 409.169220 s

TIMEOUT
maxsize : 33
nodes : 187957052.000000
filtered : 1331646364.000000
time : 1000.000061
