Parameters: GAD=1 vflib=1 dir=0 label=0 vlabel=1 lowerbound=1 fileNameGp=../../cp2016-max-common-connected-subgraph-paper/datasets/graphsdb/mcs10/m2D/m2D/mcs10_m2D_s100.A07 fileNameGt=../../cp2016-max-common-connected-subgraph-paper/datasets/graphsdb/mcs10/m2D/m2D/mcs10_m2D_s100.B07
Reading graphs...
100 :  179
100 :  177
Initializing...
maxdom : 8
D->valSize : 358
Solving...
Blb : 2 (clique : 32)
currentSize : 32 <-- 0.003703 s
currentSize : 33 <-- 0.003971 s
currentSize : 34 <-- 0.005435 s
currentSize : 35 <-- 0.046777 s
currentSize : 36 <-- 0.046947 s
currentSize : 37 <-- 13.455865 s
currentSize : 38 <-- 27.961924 s
currentSize : 39 <-- 147.821518 s
currentSize : 40 <-- 166.855972 s

TIMEOUT
maxsize : 40
nodes : 201549161.000000
filtered : 938508665.000000
time : 1000.000061
