Parameters: GAD=1 vflib=1 dir=0 label=0 vlabel=1 lowerbound=1 fileNameGp=../../cp2016-max-common-connected-subgraph-paper/datasets/graphsdb/mcs10/m2D/m2Dr4/mcs10_m2Dr4_s60.A02 fileNameGt=../../cp2016-max-common-connected-subgraph-paper/datasets/graphsdb/mcs10/m2D/m2Dr4/mcs10_m2Dr4_s60.B02
Reading graphs...
60 :  127
60 :  127
Initializing...
maxdom : 7
D->valSize : 272
Solving...
Blb : 2 (clique : 19)
currentSize : 19 <-- 0.001998 s
currentSize : 20 <-- 0.003953 s
currentSize : 21 <-- 0.006552 s
currentSize : 22 <-- 0.007225 s
currentSize : 23 <-- 0.043327 s
currentSize : 24 <-- 0.103173 s
currentSize : 25 <-- 3.916179 s
currentSize : 26 <-- 29.596617 s

maxsize : 26
nodes : 47751605.000000
filtered : 331532302.000000
time : 189.753708
