Parameters: GAD=1 vflib=1 dir=0 label=0 vlabel=1 lowerbound=1 fileNameGp=../../cp2016-max-common-connected-subgraph-paper/datasets/graphsdb/mcs10/m2D/m2Dr6/mcs10_m2Dr6_s60.A05 fileNameGt=../../cp2016-max-common-connected-subgraph-paper/datasets/graphsdb/mcs10/m2D/m2Dr6/mcs10_m2Dr6_s60.B05
Reading graphs...
60 :  136
60 :  137
Initializing...
maxdom : 7
D->valSize : 227
Solving...
Blb : 2 (clique : 19)
currentSize : 19 <-- 0.002525 s
currentSize : 20 <-- 0.010909 s
currentSize : 21 <-- 0.023554 s
currentSize : 22 <-- 0.030605 s
currentSize : 23 <-- 0.049861 s
currentSize : 24 <-- 0.926691 s
currentSize : 25 <-- 26.584133 s

maxsize : 25
nodes : 41173455.000000
filtered : 239425644.000000
time : 162.925079
