Parameters: GAD=1 vflib=1 dir=0 label=0 vlabel=1 lowerbound=1 fileNameGp=../../cp2016-max-common-connected-subgraph-paper/datasets/graphsdb/mcs10/m2D/m2Dr4/mcs10_m2Dr4_s100.A03 fileNameGt=../../cp2016-max-common-connected-subgraph-paper/datasets/graphsdb/mcs10/m2D/m2Dr4/mcs10_m2Dr4_s100.B03
Reading graphs...
100 :  218
100 :  216
Initializing...
maxdom : 6
D->valSize : 309
Solving...
Blb : 2 (clique : 28)
currentSize : 28 <-- 0.002942 s
currentSize : 29 <-- 0.004722 s
currentSize : 30 <-- 0.099460 s
currentSize : 31 <-- 0.130325 s
currentSize : 32 <-- 1.721176 s
currentSize : 33 <-- 3.282233 s
currentSize : 34 <-- 5.706660 s
currentSize : 35 <-- 24.810036 s
currentSize : 36 <-- 401.441772 s
currentSize : 37 <-- 901.830933 s

TIMEOUT
maxsize : 37
nodes : 193234279.000000
filtered : 914880837.000000
time : 1000.000061
