Parameters: GAD=1 vflib=1 dir=0 label=0 vlabel=1 lowerbound=1 fileNameGp=../../cp2016-max-common-connected-subgraph-paper/datasets/graphsdb/mcs10/m2D/m2Dr6/mcs10_m2Dr6_s60.A08 fileNameGt=../../cp2016-max-common-connected-subgraph-paper/datasets/graphsdb/mcs10/m2D/m2Dr6/mcs10_m2Dr6_s60.B08
Reading graphs...
60 :  138
60 :  135
Initializing...
maxdom : 6
D->valSize : 224
Solving...
Blb : 5 (clique : 19)
currentSize : 19 <-- 0.001547 s
currentSize : 20 <-- 0.001840 s
currentSize : 21 <-- 0.002443 s
currentSize : 22 <-- 0.007752 s
currentSize : 23 <-- 0.053099 s
currentSize : 24 <-- 0.367199 s
currentSize : 25 <-- 4.039968 s
currentSize : 26 <-- 4.298180 s

maxsize : 26
nodes : 20737637.000000
filtered : 158425024.000000
time : 88.259773
