Parameters: GAD=1 vflib=1 dir=0 label=0 vlabel=1 lowerbound=1 fileNameGp=../../cp2016-max-common-connected-subgraph-paper/datasets/graphsdb/mcs10/m2D/m2D/mcs10_m2D_s60.A05 fileNameGt=../../cp2016-max-common-connected-subgraph-paper/datasets/graphsdb/mcs10/m2D/m2D/mcs10_m2D_s60.B05
Reading graphs...
60 :  102
60 :  103
Initializing...
maxdom : 7
D->valSize : 234
Solving...
Blb : 2 (clique : 22)
currentSize : 22 <-- 0.001576 s
currentSize : 23 <-- 0.001780 s
currentSize : 24 <-- 0.072568 s
currentSize : 25 <-- 0.742194 s
currentSize : 26 <-- 4.186087 s
currentSize : 27 <-- 31.236664 s
currentSize : 28 <-- 334.483978 s

maxsize : 28
nodes : 156599664.000000
filtered : 1030533499.000000
time : 632.129822
