Parameters: GAD=1 vflib=1 dir=0 label=0 vlabel=1 lowerbound=1 fileNameGp=../../cp2016-max-common-connected-subgraph-paper/datasets/graphsdb/mcs10/bvg/b06m/mcs10_b06m_s100.A03 fileNameGt=../../cp2016-max-common-connected-subgraph-paper/datasets/graphsdb/mcs10/bvg/b06m/mcs10_b06m_s100.B03
Reading graphs...
100 :  298
100 :  298
Initializing...
maxdom : 6
D->valSize : 314
Solving...
Blb : 2 (clique : 26)
currentSize : 26 <-- 0.002985 s
currentSize : 27 <-- 0.003186 s
currentSize : 28 <-- 0.003238 s
currentSize : 29 <-- 0.158599 s
currentSize : 30 <-- 0.297508 s
currentSize : 31 <-- 263.803772 s
currentSize : 32 <-- 456.898346 s
currentSize : 33 <-- 459.574280 s

TIMEOUT
maxsize : 33
nodes : 200690038.000000
filtered : 1006900525.000000
time : 1000.000061
