Parameters: GAD=1 vflib=1 dir=0 label=0 vlabel=1 lowerbound=1 fileNameGp=../../cp2016-max-common-connected-subgraph-paper/datasets/graphsdb/mcs10/bvg/b03m/mcs10_b03m_s100.A05 fileNameGt=../../cp2016-max-common-connected-subgraph-paper/datasets/graphsdb/mcs10/bvg/b03m/mcs10_b03m_s100.B05
Reading graphs...
100 :  150
100 :  149
Initializing...
maxdom : 8
D->valSize : 356
Solving...
Blb : 2 (clique : 36)
currentSize : 36 <-- 0.003527 s
currentSize : 37 <-- 0.003801 s
currentSize : 38 <-- 0.003949 s
currentSize : 39 <-- 0.007717 s
currentSize : 40 <-- 3.728131 s
currentSize : 41 <-- 23.144621 s
currentSize : 42 <-- 56.227764 s
currentSize : 43 <-- 109.028374 s
currentSize : 44 <-- 125.777458 s
currentSize : 45 <-- 788.480774 s

TIMEOUT
maxsize : 45
nodes : 205006856.000000
filtered : 1031069756.000000
time : 1000.000061
