Parameters: GAD=1 vflib=1 dir=0 label=0 vlabel=1 lowerbound=1 fileNameGp=../../cp2016-max-common-connected-subgraph-paper/datasets/graphsdb/mcs10/m3D/m3Dr2/mcs10_m3Dr2_s90.A07 fileNameGt=../../cp2016-max-common-connected-subgraph-paper/datasets/graphsdb/mcs10/m3D/m3Dr2/mcs10_m3Dr2_s90.B07
Reading graphs...
90 :  224
90 :  223
Initializing...
maxdom : 10
D->valSize : 507
Solving...
Blb : 2 (clique : 29)
currentSize : 29 <-- 0.005573 s
currentSize : 30 <-- 0.006941 s
currentSize : 31 <-- 1.149497 s
currentSize : 32 <-- 5.320000 s
currentSize : 33 <-- 5.320606 s
currentSize : 34 <-- 69.522835 s
currentSize : 35 <-- 79.159409 s
currentSize : 36 <-- 245.094559 s

TIMEOUT
maxsize : 36
nodes : 187253253.000000
filtered : 1477314853.000000
time : 1000.000061
