Parameters: GAD=1 vflib=1 dir=0 label=0 vlabel=1 lowerbound=1 fileNameGp=../../cp2016-max-common-connected-subgraph-paper/datasets/graphsdb/mcs10/m3D/m3Dr6/mcs10_m3Dr6_s90.A04 fileNameGt=../../cp2016-max-common-connected-subgraph-paper/datasets/graphsdb/mcs10/m3D/m3Dr6/mcs10_m3Dr6_s90.B04
Reading graphs...
90 :  258
90 :  260
Initializing...
maxdom : 9
D->valSize : 505
Solving...
Blb : 2 (clique : 23)
currentSize : 23 <-- 0.005498 s
currentSize : 24 <-- 0.005759 s
currentSize : 25 <-- 0.006389 s
currentSize : 26 <-- 0.008848 s
currentSize : 27 <-- 0.031613 s
currentSize : 28 <-- 0.153490 s
currentSize : 29 <-- 0.279399 s
currentSize : 30 <-- 7.779864 s
currentSize : 31 <-- 138.072128 s
currentSize : 32 <-- 138.439636 s
currentSize : 33 <-- 476.181061 s

TIMEOUT
maxsize : 33
nodes : 199184556.000000
filtered : 1441088888.000000
time : 1000.000061
