Parameters: GAD=1 vflib=1 dir=0 label=0 vlabel=1 lowerbound=1 fileNameGp=../../cp2016-max-common-connected-subgraph-paper/datasets/graphsdb/mcs10/bvg/b06/mcs10_b06_s80.A04 fileNameGt=../../cp2016-max-common-connected-subgraph-paper/datasets/graphsdb/mcs10/bvg/b06/mcs10_b06_s80.B04
Reading graphs...
80 :  236
80 :  236
Initializing...
maxdom : 9
D->valSize : 401
Solving...
Blb : 2 (clique : 21)
currentSize : 21 <-- 0.003769 s
currentSize : 25 <-- 0.003935 s
currentSize : 26 <-- 0.180160 s
currentSize : 27 <-- 0.365219 s
currentSize : 28 <-- 0.811526 s
currentSize : 29 <-- 6.319025 s
currentSize : 30 <-- 6.541725 s
currentSize : 31 <-- 6.652794 s
currentSize : 32 <-- 6.715112 s

TIMEOUT
maxsize : 32
nodes : 188928105.000000
filtered : 1640934598.000000
time : 1000.000061
