Parameters: GAD=1 vflib=1 dir=0 label=0 vlabel=1 lowerbound=1 fileNameGp=../../cp2016-max-common-connected-subgraph-paper/datasets/graphsdb/mcs10/rand/r02/mcs10_r02_s80.A06 fileNameGt=../../cp2016-max-common-connected-subgraph-paper/datasets/graphsdb/mcs10/rand/r02/mcs10_r02_s80.B06
Reading graphs...
80 :  1135
80 :  1124
Initializing...
maxdom : 10
D->valSize : 401
Solving...
Blb : 2 (clique : 10)
currentSize : 10 <-- 0.003601 s
currentSize : 11 <-- 0.004175 s
currentSize : 12 <-- 0.024763 s
currentSize : 13 <-- 2.166142 s
currentSize : 14 <-- 10.468360 s

maxsize : 14
nodes : 20761631.000000
filtered : 116631466.000000
time : 96.538803
