Parameters: GAD=1 vflib=1 dir=0 label=0 vlabel=1 lowerbound=1 fileNameGp=../../cp2016-max-common-connected-subgraph-paper/datasets/graphsdb/mcs10/m2D/m2Dr2/mcs10_m2Dr2_s100.A04 fileNameGt=../../cp2016-max-common-connected-subgraph-paper/datasets/graphsdb/mcs10/m2D/m2Dr2/mcs10_m2Dr2_s100.B04
Reading graphs...
100 :  198
100 :  198
Initializing...
maxdom : 9
D->valSize : 333
Solving...
Blb : 2 (clique : 32)
currentSize : 32 <-- 0.003389 s
currentSize : 35 <-- 0.003618 s
currentSize : 36 <-- 0.003798 s
currentSize : 37 <-- 0.004227 s
currentSize : 38 <-- 0.036997 s
currentSize : 39 <-- 1.340662 s

TIMEOUT
maxsize : 39
nodes : 221511299.000000
filtered : 825923345.000000
time : 1000.000122
