Parameters: GAD=1 vflib=1 dir=0 label=0 vlabel=1 lowerbound=1 fileNameGp=../../cp2016-max-common-connected-subgraph-paper/datasets/graphsdb/mcs10/rand/r01/mcs10_r01_s90.A03 fileNameGt=../../cp2016-max-common-connected-subgraph-paper/datasets/graphsdb/mcs10/rand/r01/mcs10_r01_s90.B03
Reading graphs...
90 :  767
90 :  761
Initializing...
maxdom : 10
D->valSize : 510
Solving...
Blb : 2 (clique : 14)
currentSize : 14 <-- 0.005396 s
currentSize : 15 <-- 0.006825 s
currentSize : 16 <-- 0.021249 s
currentSize : 17 <-- 0.119227 s
currentSize : 18 <-- 1.054730 s
currentSize : 19 <-- 8.863215 s

TIMEOUT
maxsize : 19
nodes : 195535900.000000
filtered : 1358255740.000000
time : 1000.000000
