Parameters: GAD=1 vflib=1 dir=0 label=0 vlabel=1 lowerbound=1 fileNameGp=../../cp2016-max-common-connected-subgraph-paper/datasets/graphsdb/mcs10/rand/r02/mcs10_r02_s90.A09 fileNameGt=../../cp2016-max-common-connected-subgraph-paper/datasets/graphsdb/mcs10/rand/r02/mcs10_r02_s90.B09
Reading graphs...
90 :  1429
90 :  1444
Initializing...
maxdom : 9
D->valSize : 498
Solving...
Blb : 5 (clique : 10)
currentSize : 10 <-- 0.005049 s
currentSize : 11 <-- 0.008087 s
currentSize : 12 <-- 0.042224 s
currentSize : 13 <-- 3.279184 s
currentSize : 14 <-- 7.911601 s
currentSize : 15 <-- 193.212158 s

maxsize : 15
nodes : 93470631.000000
filtered : 535977111.000000
time : 466.428497
