Parameters: GAD=1 vflib=1 dir=0 label=0 vlabel=1 lowerbound=1 fileNameGp=../../cp2016-max-common-connected-subgraph-paper/datasets/graphsdb/mcs10/m3D/m3Dr6/mcs10_m3Dr6_s90.A07 fileNameGt=../../cp2016-max-common-connected-subgraph-paper/datasets/graphsdb/mcs10/m3D/m3Dr6/mcs10_m3Dr6_s90.B07
Reading graphs...
90 :  259
90 :  254
Initializing...
maxdom : 13
D->valSize : 533
Solving...
Blb : 2 (clique : 26)
currentSize : 26 <-- 0.006104 s
currentSize : 27 <-- 0.015062 s
currentSize : 28 <-- 0.376898 s
currentSize : 29 <-- 0.480859 s
currentSize : 30 <-- 8.971083 s
currentSize : 31 <-- 46.285954 s
currentSize : 32 <-- 453.854279 s

TIMEOUT
maxsize : 32
nodes : 204820702.000000
filtered : 1312262162.000000
time : 1000.000061
