Parameters: GAD=1 vflib=1 dir=0 label=0 vlabel=1 lowerbound=1 fileNameGp=../../cp2016-max-common-connected-subgraph-paper/datasets/graphsdb/mcs10/m2D/m2Dr6/mcs10_m2Dr6_s60.A04 fileNameGt=../../cp2016-max-common-connected-subgraph-paper/datasets/graphsdb/mcs10/m2D/m2Dr6/mcs10_m2Dr6_s60.B04
Reading graphs...
60 :  136
60 :  133
Initializing...
maxdom : 7
D->valSize : 227
Solving...
Blb : 2 (clique : 19)
currentSize : 19 <-- 0.001538 s
currentSize : 20 <-- 0.001686 s
currentSize : 21 <-- 0.005968 s
currentSize : 22 <-- 0.007398 s
currentSize : 23 <-- 0.120075 s
currentSize : 24 <-- 30.842274 s

maxsize : 24
nodes : 52347100.000000
filtered : 332940623.000000
time : 202.547714
