Parameters: GAD=1 vflib=1 dir=0 label=0 vlabel=1 lowerbound=1 fileNameGp=../../cp2016-max-common-connected-subgraph-paper/datasets/graphsdb/mcs10/bvg/b06/mcs10_b06_s80.A07 fileNameGt=../../cp2016-max-common-connected-subgraph-paper/datasets/graphsdb/mcs10/bvg/b06/mcs10_b06_s80.B07
Reading graphs...
80 :  239
80 :  236
Initializing...
maxdom : 8
D->valSize : 424
Solving...
Blb : 2 (clique : 23)
currentSize : 23 <-- 0.006572 s
currentSize : 24 <-- 0.006824 s
currentSize : 25 <-- 0.022752 s
currentSize : 26 <-- 0.595578 s
currentSize : 27 <-- 15.611922 s
currentSize : 28 <-- 59.798008 s
currentSize : 29 <-- 835.856873 s

TIMEOUT
maxsize : 29
nodes : 202940871.000000
filtered : 1579757337.000000
time : 1000.000000
