Parameters: GAD=1 vflib=1 dir=0 label=0 vlabel=1 lowerbound=1 fileNameGp=../../cp2016-max-common-connected-subgraph-paper/datasets/graphsdb/mcs10/m2D/m2D/mcs10_m2D_s90.A09 fileNameGt=../../cp2016-max-common-connected-subgraph-paper/datasets/graphsdb/mcs10/m2D/m2D/mcs10_m2D_s90.B09
Reading graphs...
90 :  161
90 :  159
Initializing...
maxdom : 10
D->valSize : 508
Solving...
Blb : 2 (clique : 30)
currentSize : 30 <-- 0.009199 s
currentSize : 32 <-- 0.009563 s
currentSize : 33 <-- 0.022763 s
currentSize : 34 <-- 0.057497 s
currentSize : 35 <-- 0.369816 s
currentSize : 36 <-- 0.800181 s
currentSize : 37 <-- 15.088648 s
currentSize : 38 <-- 247.220413 s

TIMEOUT
maxsize : 38
nodes : 228882291.000000
filtered : 1438817705.000000
time : 1000.000061
