Parameters: GAD=1 vflib=1 dir=0 label=0 vlabel=1 lowerbound=1 fileNameGp=../../cp2016-max-common-connected-subgraph-paper/datasets/graphsdb/mcs10/rand/r01/mcs10_r01_s70.A05 fileNameGt=../../cp2016-max-common-connected-subgraph-paper/datasets/graphsdb/mcs10/rand/r01/mcs10_r01_s70.B05
Reading graphs...
70 :  459
70 :  461
Initializing...
maxdom : 9
D->valSize : 312
Solving...
Blb : 2 (clique : 13)
currentSize : 13 <-- 0.003593 s
currentSize : 14 <-- 0.003807 s
currentSize : 15 <-- 0.004112 s
currentSize : 16 <-- 0.019282 s
currentSize : 17 <-- 0.204662 s
currentSize : 18 <-- 0.569876 s
currentSize : 19 <-- 96.798706 s

maxsize : 19
nodes : 31284080.000000
filtered : 223661805.000000
time : 143.952148
