Parameters: GAD=1 vflib=1 dir=0 label=0 vlabel=1 lowerbound=1 fileNameGp=../../cp2016-max-common-connected-subgraph-paper/datasets/graphsdb/mcs10/rand/r01/mcs10_r01_s100.A07 fileNameGt=../../cp2016-max-common-connected-subgraph-paper/datasets/graphsdb/mcs10/rand/r01/mcs10_r01_s100.B07
Reading graphs...
100 :  952
100 :  929
Initializing...
maxdom : 8
D->valSize : 319
Solving...
Blb : 2 (clique : 13)
currentSize : 13 <-- 0.004527 s
currentSize : 14 <-- 0.004867 s
currentSize : 15 <-- 0.006649 s
currentSize : 16 <-- 0.011444 s
currentSize : 17 <-- 0.012043 s
currentSize : 18 <-- 3.156019 s
currentSize : 19 <-- 101.096710 s
currentSize : 20 <-- 493.380188 s

TIMEOUT
maxsize : 20
nodes : 190819571.000000
filtered : 1037163881.000000
time : 1000.000061
