Parameters: GAD=1 vflib=1 dir=0 label=0 vlabel=1 lowerbound=1 fileNameGp=../../cp2016-max-common-connected-subgraph-paper/datasets/graphsdb/mcs10/m2D/m2D/mcs10_m2D_s60.A06 fileNameGt=../../cp2016-max-common-connected-subgraph-paper/datasets/graphsdb/mcs10/m2D/m2D/mcs10_m2D_s60.B06
Reading graphs...
60 :  102
60 :  103
Initializing...
maxdom : 8
D->valSize : 240
Solving...
Blb : 2 (clique : 21)
currentSize : 21 <-- 0.002707 s
currentSize : 22 <-- 0.011372 s
currentSize : 23 <-- 0.094890 s
currentSize : 24 <-- 1.800018 s
currentSize : 25 <-- 6.987873 s
currentSize : 26 <-- 45.953175 s

maxsize : 26
nodes : 111694303.000000
filtered : 778051877.000000
time : 443.939392
