Parameters: GAD=1 vflib=1 dir=0 label=0 vlabel=1 lowerbound=1 fileNameGp=../../cp2016-max-common-connected-subgraph-paper/datasets/graphsdb/mcs10/m3D/m3D/mcs10_m3D_s70.A01 fileNameGt=../../cp2016-max-common-connected-subgraph-paper/datasets/graphsdb/mcs10/m3D/m3D/mcs10_m3D_s70.B01
Reading graphs...
70 :  157
70 :  156
Initializing...
maxdom : 10
D->valSize : 338
Solving...
Blb : 2 (clique : 22)
currentSize : 22 <-- 0.002790 s
currentSize : 23 <-- 0.002984 s
currentSize : 24 <-- 0.003077 s
currentSize : 25 <-- 0.003497 s
currentSize : 26 <-- 0.009472 s
currentSize : 27 <-- 0.124719 s
currentSize : 28 <-- 3.198064 s
currentSize : 29 <-- 56.205372 s

TIMEOUT
maxsize : 29
nodes : 237911680.000000
filtered : 1816106587.000000
time : 1000.000061
