Parameters: GAD=1 vflib=1 dir=0 label=0 vlabel=1 lowerbound=1 fileNameGp=../../cp2016-max-common-connected-subgraph-paper/datasets/graphsdb/mcs10/bvg/b06m/mcs10_b06m_s70.A03 fileNameGt=../../cp2016-max-common-connected-subgraph-paper/datasets/graphsdb/mcs10/bvg/b06m/mcs10_b06m_s70.B03
Reading graphs...
70 :  204
70 :  202
Initializing...
maxdom : 7
D->valSize : 320
Solving...
Blb : 2 (clique : 22)
currentSize : 22 <-- 0.003955 s
currentSize : 23 <-- 0.011207 s
currentSize : 24 <-- 0.011659 s
currentSize : 25 <-- 0.993303 s
currentSize : 26 <-- 60.059708 s
currentSize : 27 <-- 370.728333 s

TIMEOUT
maxsize : 27
nodes : 214461949.000000
filtered : 1750831932.000000
time : 1000.000061
