Parameters: GAD=1 vflib=1 dir=0 label=0 vlabel=1 lowerbound=1 fileNameGp=../../cp2016-max-common-connected-subgraph-paper/datasets/graphsdb/mcs10/bvg/b03m/mcs10_b03m_s80.A07 fileNameGt=../../cp2016-max-common-connected-subgraph-paper/datasets/graphsdb/mcs10/bvg/b03m/mcs10_b03m_s80.B07
Reading graphs...
80 :  120
80 :  120
Initializing...
maxdom : 9
D->valSize : 397
Solving...
Blb : 2 (clique : 29)
currentSize : 29 <-- 0.006208 s
currentSize : 30 <-- 0.010023 s
currentSize : 31 <-- 1.576893 s
currentSize : 32 <-- 2.186008 s
currentSize : 33 <-- 33.823532 s
currentSize : 34 <-- 49.742073 s
currentSize : 35 <-- 59.574238 s
currentSize : 36 <-- 71.073479 s
currentSize : 37 <-- 97.115791 s

TIMEOUT
maxsize : 37
nodes : 199204967.000000
filtered : 1387416295.000000
time : 1000.000061
