Parameters: GAD=1 vflib=1 dir=0 label=0 vlabel=1 lowerbound=1 fileNameGp=../../cp2016-max-common-connected-subgraph-paper/datasets/graphsdb/mcs10/m3D/m3Dr4/mcs10_m3Dr4_s80.A07 fileNameGt=../../cp2016-max-common-connected-subgraph-paper/datasets/graphsdb/mcs10/m3D/m3Dr4/mcs10_m3Dr4_s80.B07
Reading graphs...
80 :  210
80 :  213
Initializing...
maxdom : 10
D->valSize : 423
Solving...
Blb : 5 (clique : 23)
currentSize : 23 <-- 0.006561 s
currentSize : 24 <-- 0.025394 s
currentSize : 25 <-- 0.053358 s
currentSize : 26 <-- 0.271041 s
currentSize : 27 <-- 5.467508 s
currentSize : 28 <-- 38.184795 s
currentSize : 29 <-- 61.804798 s

TIMEOUT
maxsize : 29
nodes : 197811633.000000
filtered : 1615403860.000000
time : 1000.000061
