Parameters: GAD=1 vflib=1 dir=0 label=0 vlabel=1 lowerbound=1 fileNameGp=../../cp2016-max-common-connected-subgraph-paper/datasets/graphsdb/mcs10/bvg/b03/mcs10_b03_s70.A05 fileNameGt=../../cp2016-max-common-connected-subgraph-paper/datasets/graphsdb/mcs10/bvg/b03/mcs10_b03_s70.B05
Reading graphs...
70 :  105
70 :  105
Initializing...
maxdom : 8
D->valSize : 296
Solving...
Blb : 2 (clique : 28)
currentSize : 28 <-- 0.002387 s
currentSize : 29 <-- 0.002624 s
currentSize : 30 <-- 0.286330 s
currentSize : 31 <-- 0.989201 s
currentSize : 32 <-- 21.793558 s
currentSize : 33 <-- 186.758163 s

TIMEOUT
maxsize : 33
nodes : 247830226.000000
filtered : 1466649440.000000
time : 1000.000000
