Parameters: GAD=1 vflib=1 dir=0 label=0 vlabel=1 lowerbound=1 fileNameGp=../../cp2016-max-common-connected-subgraph-paper/datasets/graphsdb/mcs10/rand/r005/mcs10_r005_s60.A03 fileNameGt=../../cp2016-max-common-connected-subgraph-paper/datasets/graphsdb/mcs10/rand/r005/mcs10_r005_s60.B03
Reading graphs...
60 :  177
60 :  179
Initializing...
maxdom : 8
D->valSize : 256
Solving...
Blb : 2 (clique : 16)
currentSize : 16 <-- 0.001712 s
currentSize : 17 <-- 0.001837 s
currentSize : 18 <-- 0.002063 s
currentSize : 19 <-- 0.010762 s
currentSize : 20 <-- 0.023823 s
currentSize : 21 <-- 0.035971 s
currentSize : 22 <-- 0.441012 s
currentSize : 23 <-- 50.231544 s

maxsize : 23
nodes : 16542801.000000
filtered : 135799089.000000
time : 70.699059
