Parameters: GAD=1 vflib=1 dir=0 label=0 vlabel=1 lowerbound=1 fileNameGp=../../cp2016-max-common-connected-subgraph-paper/datasets/graphsdb/mcs10/m3D/m3Dr2/mcs10_m3Dr2_s70.A09 fileNameGt=../../cp2016-max-common-connected-subgraph-paper/datasets/graphsdb/mcs10/m3D/m3Dr2/mcs10_m3Dr2_s70.B09
Reading graphs...
70 :  170
70 :  171
Initializing...
maxdom : 7
D->valSize : 325
Solving...
Blb : 2 (clique : 23)
currentSize : 23 <-- 0.002601 s
currentSize : 24 <-- 0.003285 s
currentSize : 25 <-- 0.021648 s
currentSize : 26 <-- 0.265813 s
currentSize : 27 <-- 3.982484 s
currentSize : 28 <-- 4.377462 s
currentSize : 29 <-- 180.372772 s

TIMEOUT
maxsize : 29
nodes : 224372874.000000
filtered : 1506222949.000000
time : 1000.000061
