Parameters: GAD=1 vflib=1 dir=0 label=0 vlabel=1 lowerbound=1 fileNameGp=../../cp2016-max-common-connected-subgraph-paper/datasets/graphsdb/mcs10/m3D/m3D/mcs10_m3D_s100.A01 fileNameGt=../../cp2016-max-common-connected-subgraph-paper/datasets/graphsdb/mcs10/m3D/m3D/mcs10_m3D_s100.B01
Reading graphs...
100 :  231
100 :  234
Initializing...
maxdom : 7
D->valSize : 317
Solving...
Blb : 2 (clique : 31)
currentSize : 31 <-- 0.003184 s
currentSize : 32 <-- 0.004118 s
currentSize : 33 <-- 0.015212 s
currentSize : 34 <-- 0.374543 s
currentSize : 35 <-- 1.442163 s
currentSize : 36 <-- 1.445888 s
currentSize : 37 <-- 1.753739 s
currentSize : 38 <-- 874.837402 s

TIMEOUT
maxsize : 38
nodes : 195434864.000000
filtered : 1035109199.000000
time : 1000.000061
