Parameters: GAD=1 vflib=1 dir=0 label=0 vlabel=1 lowerbound=1 fileNameGp=../../cp2016-max-common-connected-subgraph-paper/datasets/graphsdb/mcs10/rand/r005/mcs10_r005_s50.A06 fileNameGt=../../cp2016-max-common-connected-subgraph-paper/datasets/graphsdb/mcs10/rand/r005/mcs10_r005_s50.B06
Reading graphs...
50 :  122
50 :  123
Initializing...
maxdom : 10
D->valSize : 318
Solving...
Blb : 2 (clique : 17)
currentSize : 17 <-- 0.003603 s
currentSize : 18 <-- 0.003771 s
currentSize : 19 <-- 0.003900 s
currentSize : 20 <-- 0.007475 s
currentSize : 21 <-- 0.141628 s
currentSize : 22 <-- 0.383032 s
currentSize : 23 <-- 0.467950 s

maxsize : 23
nodes : 81462532.000000
filtered : 817945684.000000
time : 340.273468
