Parameters: GAD=1 vflib=1 dir=0 label=0 vlabel=1 lowerbound=1 fileNameGp=../../cp2016-max-common-connected-subgraph-paper/datasets/graphsdb/mcs10/m2D/m2Dr6/mcs10_m2Dr6_s70.A09 fileNameGt=../../cp2016-max-common-connected-subgraph-paper/datasets/graphsdb/mcs10/m2D/m2Dr6/mcs10_m2Dr6_s70.B09
Reading graphs...
70 :  163
70 :  163
Initializing...
maxdom : 7
D->valSize : 286
Solving...
Blb : 5 (clique : 22)
currentSize : 22 <-- 0.003480 s
currentSize : 23 <-- 0.003784 s
currentSize : 24 <-- 0.004531 s
currentSize : 25 <-- 0.006723 s
currentSize : 26 <-- 0.312426 s
currentSize : 27 <-- 0.763905 s
currentSize : 28 <-- 53.803535 s
currentSize : 29 <-- 99.597809 s

TIMEOUT
maxsize : 29
nodes : 213423900.000000
filtered : 1548327345.000000
time : 1000.000061
