Parameters: GAD=1 vflib=1 dir=0 label=0 vlabel=1 lowerbound=1 fileNameGp=../../cp2016-max-common-connected-subgraph-paper/datasets/graphsdb/mcs10/rand/r005/mcs10_r005_s50.A08 fileNameGt=../../cp2016-max-common-connected-subgraph-paper/datasets/graphsdb/mcs10/rand/r005/mcs10_r005_s50.B08
Reading graphs...
50 :  124
50 :  119
Initializing...
maxdom : 8
D->valSize : 286
Solving...
Blb : 2 (clique : 17)
currentSize : 17 <-- 0.001930 s
currentSize : 18 <-- 0.002076 s
currentSize : 19 <-- 0.002831 s
currentSize : 20 <-- 0.398021 s
currentSize : 21 <-- 2.141936 s
currentSize : 22 <-- 6.928533 s
currentSize : 23 <-- 73.603210 s

maxsize : 23
nodes : 30281738.000000
filtered : 302508929.000000
time : 116.751251
