Parameters: GAD=1 vflib=1 dir=0 label=0 vlabel=1 lowerbound=1 fileNameGp=../../cp2016-max-common-connected-subgraph-paper/datasets/graphsdb/mcs10/m2D/m2Dr4/mcs10_m2Dr4_s100.A04 fileNameGt=../../cp2016-max-common-connected-subgraph-paper/datasets/graphsdb/mcs10/m2D/m2Dr4/mcs10_m2Dr4_s100.B04
Reading graphs...
100 :  217
100 :  216
Initializing...
maxdom : 8
D->valSize : 294
Solving...
Blb : 2 (clique : 32)
currentSize : 32 <-- 0.002815 s
currentSize : 33 <-- 0.516015 s
currentSize : 34 <-- 1.936404 s
currentSize : 35 <-- 22.557400 s
currentSize : 36 <-- 115.051117 s
currentSize : 37 <-- 499.259399 s

TIMEOUT
maxsize : 37
nodes : 213804956.000000
filtered : 887840370.000000
time : 1000.000061
