Parameters: GAD=1 vflib=1 dir=0 label=0 vlabel=1 lowerbound=1 fileNameGp=../../cp2016-max-common-connected-subgraph-paper/datasets/graphsdb/mcs10/bvg/b06/mcs10_b06_s80.A09 fileNameGt=../../cp2016-max-common-connected-subgraph-paper/datasets/graphsdb/mcs10/bvg/b06/mcs10_b06_s80.B09
Reading graphs...
80 :  236
80 :  235
Initializing...
maxdom : 9
D->valSize : 407
Solving...
Blb : 2 (clique : 25)
currentSize : 25 <-- 0.003698 s
currentSize : 27 <-- 0.003864 s
currentSize : 28 <-- 0.003919 s
currentSize : 29 <-- 0.980709 s
currentSize : 30 <-- 17.220203 s
currentSize : 31 <-- 17.386185 s
currentSize : 32 <-- 382.985596 s

TIMEOUT
maxsize : 32
nodes : 219294635.000000
filtered : 1581881067.000000
time : 1000.000000
