Parameters: GAD=1 vflib=1 dir=0 label=0 vlabel=1 lowerbound=1 fileNameGp=../../cp2016-max-common-connected-subgraph-paper/datasets/graphsdb/mcs10/rand/r005/mcs10_r005_s70.A07 fileNameGt=../../cp2016-max-common-connected-subgraph-paper/datasets/graphsdb/mcs10/rand/r005/mcs10_r005_s70.B07
Reading graphs...
70 :  240
70 :  238
Initializing...
maxdom : 7
D->valSize : 300
Solving...
Blb : 2 (clique : 18)
currentSize : 18 <-- 0.002290 s
currentSize : 19 <-- 0.002702 s
currentSize : 20 <-- 0.006934 s
currentSize : 21 <-- 0.053844 s
currentSize : 22 <-- 1.797468 s
currentSize : 23 <-- 7.494206 s
currentSize : 24 <-- 212.128387 s
currentSize : 25 <-- 609.572571 s

TIMEOUT
maxsize : 25
nodes : 223714813.000000
filtered : 1643929130.000000
time : 1000.000000
