Parameters: GAD=1 vflib=1 dir=0 label=0 vlabel=1 lowerbound=1 fileNameGp=../../cp2016-max-common-connected-subgraph-paper/datasets/graphsdb/mcs10/bvg/b03/mcs10_b03_s50.A09 fileNameGt=../../cp2016-max-common-connected-subgraph-paper/datasets/graphsdb/mcs10/bvg/b03/mcs10_b03_s50.B09
Reading graphs...
50 :  75
50 :  74
Initializing...
maxdom : 9
D->valSize : 330
Solving...
Blb : 2 (clique : 23)
currentSize : 23 <-- 0.002423 s
currentSize : 24 <-- 0.004900 s
currentSize : 25 <-- 0.008088 s
currentSize : 26 <-- 0.010181 s
currentSize : 27 <-- 1.008267 s
currentSize : 28 <-- 32.066341 s

maxsize : 28
nodes : 180860237.000000
filtered : 1752123210.000000
time : 694.927612
