Parameters: GAD=1 vflib=1 dir=0 label=0 vlabel=1 lowerbound=1 fileNameGp=../../cp2016-max-common-connected-subgraph-paper/datasets/graphsdb/mcs10/m3D/m3D/mcs10_m3D_s60.A02 fileNameGt=../../cp2016-max-common-connected-subgraph-paper/datasets/graphsdb/mcs10/m3D/m3D/mcs10_m3D_s60.B02
Reading graphs...
60 :  134
60 :  132
Initializing...
maxdom : 8
D->valSize : 249
Solving...
Blb : 2 (clique : 21)
currentSize : 21 <-- 0.002790 s
currentSize : 22 <-- 0.003535 s
currentSize : 23 <-- 0.005168 s
currentSize : 24 <-- 0.049694 s
currentSize : 25 <-- 0.242509 s
currentSize : 26 <-- 0.978191 s
currentSize : 27 <-- 23.869251 s

maxsize : 27
nodes : 73335117.000000
filtered : 583709111.000000
time : 310.011139
