Parameters: GAD=1 vflib=1 dir=0 label=0 vlabel=1 lowerbound=1 fileNameGp=../../cp2016-max-common-connected-subgraph-paper/datasets/graphsdb/mcs10/m3D/m3Dr6/mcs10_m3Dr6_s60.A04 fileNameGt=../../cp2016-max-common-connected-subgraph-paper/datasets/graphsdb/mcs10/m3D/m3Dr6/mcs10_m3Dr6_s60.B04
Reading graphs...
60 :  165
60 :  166
Initializing...
maxdom : 7
D->valSize : 218
Solving...
Blb : 2 (clique : 17)
currentSize : 17 <-- 0.001517 s
currentSize : 18 <-- 0.001762 s
currentSize : 19 <-- 0.003921 s
currentSize : 20 <-- 0.004567 s
currentSize : 21 <-- 0.338309 s
currentSize : 22 <-- 1.160888 s
currentSize : 23 <-- 50.975979 s

maxsize : 23
nodes : 25387668.000000
filtered : 163149736.000000
time : 102.869286
