Parameters: GAD=1 vflib=1 dir=0 label=0 vlabel=1 lowerbound=1 fileNameGp=../../cp2016-max-common-connected-subgraph-paper/datasets/graphsdb/mcs10/m4D/m4Dr6/mcs10_m4Dr6_s100.A01 fileNameGt=../../cp2016-max-common-connected-subgraph-paper/datasets/graphsdb/mcs10/m4D/m4Dr6/mcs10_m4Dr6_s100.B01
Reading graphs...
100 :  218
100 :  216
Initializing...
maxdom : 7
D->valSize : 337
Solving...
Blb : 2 (clique : 30)
currentSize : 30 <-- 0.003345 s
currentSize : 31 <-- 0.003558 s
currentSize : 32 <-- 0.003702 s
currentSize : 33 <-- 0.004010 s
currentSize : 34 <-- 0.005537 s
currentSize : 35 <-- 0.207258 s
currentSize : 36 <-- 0.289722 s
currentSize : 37 <-- 0.690852 s

TIMEOUT
maxsize : 37
nodes : 201311613.000000
filtered : 906278919.000000
time : 1000.000061
