Parameters: GAD=1 vflib=1 dir=0 label=0 vlabel=1 lowerbound=1 fileNameGp=../../cp2016-max-common-connected-subgraph-paper/datasets/graphsdb/mcs10/m3D/m3Dr6/mcs10_m3Dr6_s60.A01 fileNameGt=../../cp2016-max-common-connected-subgraph-paper/datasets/graphsdb/mcs10/m3D/m3Dr6/mcs10_m3Dr6_s60.B01
Reading graphs...
60 :  166
60 :  160
Initializing...
maxdom : 6
D->valSize : 224
Solving...
Blb : 2 (clique : 17)
currentSize : 17 <-- 0.001527 s
currentSize : 19 <-- 0.001770 s
currentSize : 20 <-- 0.007182 s
currentSize : 21 <-- 0.007209 s
currentSize : 22 <-- 0.007572 s
currentSize : 23 <-- 0.477614 s
currentSize : 24 <-- 3.470833 s

maxsize : 24
nodes : 10845823.000000
filtered : 78921641.000000
time : 46.833855
