Parameters: GAD=1 vflib=1 dir=0 label=0 vlabel=1 lowerbound=1 fileNameGp=../../cp2016-max-common-connected-subgraph-paper/datasets/graphsdb/mcs10/m3D/m3Dr6/mcs10_m3Dr6_s80.A08 fileNameGt=../../cp2016-max-common-connected-subgraph-paper/datasets/graphsdb/mcs10/m3D/m3Dr6/mcs10_m3Dr6_s80.B08
Reading graphs...
80 :  229
80 :  224
Initializing...
maxdom : 8
D->valSize : 403
Solving...
Blb : 5 (clique : 25)
currentSize : 25 <-- 0.004012 s
currentSize : 26 <-- 0.014370 s
currentSize : 27 <-- 0.031418 s
currentSize : 28 <-- 0.054104 s
currentSize : 29 <-- 1.216360 s
currentSize : 30 <-- 31.781084 s

TIMEOUT
maxsize : 30
nodes : 209294609.000000
filtered : 1234403819.000000
time : 1000.000061
