Parameters: GAD=1 vflib=1 dir=0 label=0 vlabel=1 lowerbound=1 fileNameGp=../../cp2016-max-common-connected-subgraph-paper/datasets/graphsdb/mcs10/m2D/m2Dr4/mcs10_m2Dr4_s60.A00 fileNameGt=../../cp2016-max-common-connected-subgraph-paper/datasets/graphsdb/mcs10/m2D/m2Dr4/mcs10_m2Dr4_s60.B00
Reading graphs...
60 :  126
60 :  125
Initializing...
maxdom : 6
D->valSize : 230
Solving...
Blb : 2 (clique : 23)
currentSize : 23 <-- 0.001625 s
currentSize : 24 <-- 0.001792 s
currentSize : 25 <-- 0.752227 s
currentSize : 26 <-- 17.653976 s
currentSize : 27 <-- 27.608849 s

maxsize : 27
nodes : 118961852.000000
filtered : 843379200.000000
time : 515.552368
