Parameters: GAD=1 vflib=1 dir=0 label=0 vlabel=1 lowerbound=1 fileNameGp=../../cp2016-max-common-connected-subgraph-paper/datasets/graphsdb/mcs10/m2D/m2Dr6/mcs10_m2Dr6_s90.A03 fileNameGt=../../cp2016-max-common-connected-subgraph-paper/datasets/graphsdb/mcs10/m2D/m2Dr6/mcs10_m2Dr6_s90.B03
Reading graphs...
90 :  211
90 :  211
Initializing...
maxdom : 10
D->valSize : 493
Solving...
Blb : 2 (clique : 29)
currentSize : 29 <-- 0.005292 s
currentSize : 30 <-- 0.005547 s
currentSize : 31 <-- 0.005830 s
currentSize : 32 <-- 0.083591 s
currentSize : 33 <-- 0.666838 s
currentSize : 34 <-- 1.030579 s

TIMEOUT
maxsize : 34
nodes : 218135881.000000
filtered : 1268720408.000000
time : 1000.000061
