Parameters: GAD=1 vflib=1 dir=0 label=0 vlabel=1 lowerbound=1 fileNameGp=../../cp2016-max-common-connected-subgraph-paper/datasets/graphsdb/mcs10/bvg/b03m/mcs10_b03m_s50.A07 fileNameGt=../../cp2016-max-common-connected-subgraph-paper/datasets/graphsdb/mcs10/bvg/b03m/mcs10_b03m_s50.B07
Reading graphs...
50 :  73
50 :  74
Initializing...
maxdom : 8
D->valSize : 306
Solving...
Blb : 2 (clique : 22)
currentSize : 22 <-- 0.002191 s
currentSize : 23 <-- 0.002333 s
currentSize : 25 <-- 0.041981 s
currentSize : 26 <-- 0.228034 s
currentSize : 27 <-- 17.689945 s
currentSize : 28 <-- 18.649473 s

maxsize : 28
nodes : 55914617.000000
filtered : 526205955.000000
time : 228.432510
