Parameters: GAD=1 vflib=1 dir=0 label=0 vlabel=1 lowerbound=1 fileNameGp=../../cp2016-max-common-connected-subgraph-paper/datasets/graphsdb/mcs10/bvg/b06m/mcs10_b06m_s90.A00 fileNameGt=../../cp2016-max-common-connected-subgraph-paper/datasets/graphsdb/mcs10/bvg/b06m/mcs10_b06m_s90.B00
Reading graphs...
90 :  266
90 :  268
Initializing...
maxdom : 10
D->valSize : 511
Solving...
Blb : 5 (clique : 28)
currentSize : 28 <-- 0.005576 s
currentSize : 29 <-- 0.033803 s
currentSize : 30 <-- 0.765570 s
currentSize : 31 <-- 1.291211 s
currentSize : 32 <-- 5.854248 s
currentSize : 33 <-- 42.524368 s
currentSize : 34 <-- 74.283569 s

TIMEOUT
maxsize : 34
nodes : 194837209.000000
filtered : 1554269919.000000
time : 1000.000061
