Parameters: GAD=1 vflib=1 dir=0 label=0 vlabel=1 lowerbound=1 fileNameGp=../../cp2016-max-common-connected-subgraph-paper/datasets/graphsdb/mcs10/m2D/m2Dr2/mcs10_m2Dr2_s80.A01 fileNameGt=../../cp2016-max-common-connected-subgraph-paper/datasets/graphsdb/mcs10/m2D/m2Dr2/mcs10_m2Dr2_s80.B01
Reading graphs...
80 :  158
80 :  157
Initializing...
maxdom : 7
D->valSize : 404
Solving...
Blb : 5 (clique : 27)
currentSize : 27 <-- 0.003827 s
currentSize : 28 <-- 0.004014 s
currentSize : 29 <-- 0.004390 s
currentSize : 30 <-- 0.004412 s
currentSize : 31 <-- 0.004532 s
currentSize : 32 <-- 0.004985 s
currentSize : 33 <-- 0.041852 s
currentSize : 34 <-- 22.475420 s
currentSize : 35 <-- 133.309357 s

TIMEOUT
maxsize : 35
nodes : 214819824.000000
filtered : 1469798329.000000
time : 1000.000061
