Parameters: GAD=1 vflib=1 dir=0 label=0 vlabel=1 lowerbound=1 fileNameGp=../../cp2016-max-common-connected-subgraph-paper/datasets/graphsdb/mcs10/rand/r02/mcs10_r02_s80.A03 fileNameGt=../../cp2016-max-common-connected-subgraph-paper/datasets/graphsdb/mcs10/rand/r02/mcs10_r02_s80.B03
Reading graphs...
80 :  1142
80 :  1133
Initializing...
maxdom : 10
D->valSize : 352
Solving...
Blb : 2 (clique : 9)
currentSize : 9 <-- 0.004660 s
currentSize : 10 <-- 0.006846 s
currentSize : 11 <-- 0.014371 s
currentSize : 12 <-- 0.204752 s
currentSize : 13 <-- 0.711983 s
currentSize : 14 <-- 11.061479 s

maxsize : 14
nodes : 10220855.000000
filtered : 58825791.000000
time : 47.609894
