Parameters: GAD=1 vflib=1 dir=0 label=0 vlabel=1 lowerbound=1 fileNameGp=../../cp2016-max-common-connected-subgraph-paper/datasets/graphsdb/mcs10/rand/r01/mcs10_r01_s70.A01 fileNameGt=../../cp2016-max-common-connected-subgraph-paper/datasets/graphsdb/mcs10/rand/r01/mcs10_r01_s70.B01
Reading graphs...
70 :  468
70 :  459
Initializing...
maxdom : 7
D->valSize : 309
Solving...
Blb : 2 (clique : 12)
currentSize : 12 <-- 0.002289 s
currentSize : 13 <-- 0.003202 s
currentSize : 14 <-- 0.004077 s
currentSize : 15 <-- 0.010768 s
currentSize : 16 <-- 0.025879 s
currentSize : 17 <-- 2.101130 s
currentSize : 18 <-- 2.341029 s

maxsize : 18
nodes : 22155214.000000
filtered : 157963491.000000
time : 102.070847
