Parameters: GAD=1 vflib=1 dir=0 label=0 vlabel=1 lowerbound=1 fileNameGp=../../cp2016-max-common-connected-subgraph-paper/datasets/graphsdb/mcs10/m2D/m2Dr4/mcs10_m2Dr4_s80.A00 fileNameGt=../../cp2016-max-common-connected-subgraph-paper/datasets/graphsdb/mcs10/m2D/m2Dr4/mcs10_m2Dr4_s80.B00
Reading graphs...
80 :  174
80 :  172
Initializing...
maxdom : 10
D->valSize : 413
Solving...
Blb : 2 (clique : 29)
currentSize : 29 <-- 0.006273 s
currentSize : 30 <-- 0.369588 s
currentSize : 31 <-- 1.993669 s
currentSize : 32 <-- 2.021871 s
currentSize : 33 <-- 2.332095 s
currentSize : 34 <-- 41.839958 s
currentSize : 35 <-- 391.222046 s
currentSize : 36 <-- 660.355286 s

TIMEOUT
maxsize : 36
nodes : 219201175.000000
filtered : 1298209261.000000
time : 1000.000061
