Parameters: GAD=1 vflib=1 dir=0 label=0 vlabel=1 lowerbound=1 fileNameGp=../../cp2016-max-common-connected-subgraph-paper/datasets/graphsdb/mcs10/m2D/m2Dr4/mcs10_m2Dr4_s60.A07 fileNameGt=../../cp2016-max-common-connected-subgraph-paper/datasets/graphsdb/mcs10/m2D/m2Dr4/mcs10_m2Dr4_s60.B07
Reading graphs...
60 :  126
60 :  125
Initializing...
maxdom : 7
D->valSize : 227
Solving...
Blb : 2 (clique : 19)
currentSize : 19 <-- 0.002444 s
currentSize : 20 <-- 0.016800 s
currentSize : 21 <-- 0.038588 s
currentSize : 22 <-- 0.331359 s
currentSize : 23 <-- 1.100789 s
currentSize : 24 <-- 3.015569 s
currentSize : 25 <-- 20.127840 s

maxsize : 25
nodes : 36348547.000000
filtered : 237056468.000000
time : 143.036346
