Parameters: GAD=1 vflib=1 dir=0 label=0 vlabel=1 lowerbound=1 fileNameGp=../../cp2016-max-common-connected-subgraph-paper/datasets/graphsdb/mcs10/bvg/b03m/mcs10_b03m_s70.A09 fileNameGt=../../cp2016-max-common-connected-subgraph-paper/datasets/graphsdb/mcs10/bvg/b03m/mcs10_b03m_s70.B09
Reading graphs...
70 :  104
70 :  105
Initializing...
maxdom : 7
D->valSize : 333
Solving...
Blb : 2 (clique : 27)
currentSize : 27 <-- 0.002759 s
currentSize : 28 <-- 0.003659 s
currentSize : 29 <-- 16.496305 s
currentSize : 30 <-- 46.927174 s
currentSize : 31 <-- 209.980316 s
currentSize : 32 <-- 376.871063 s
currentSize : 33 <-- 521.711121 s
currentSize : 34 <-- 583.241211 s

TIMEOUT
maxsize : 34
nodes : 264303530.000000
filtered : 1471301682.000000
time : 1000.000000
