Parameters: GAD=1 vflib=1 dir=0 label=0 vlabel=1 lowerbound=1 fileNameGp=../../cp2016-max-common-connected-subgraph-paper/datasets/graphsdb/mcs10/rand/r005/mcs10_r005_s100.A06 fileNameGt=../../cp2016-max-common-connected-subgraph-paper/datasets/graphsdb/mcs10/rand/r005/mcs10_r005_s100.B06
Reading graphs...
100 :  491
100 :  493
Initializing...
maxdom : 7
D->valSize : 323
Solving...
Blb : 3 (clique : 18)
currentSize : 18 <-- 0.003036 s
currentSize : 19 <-- 0.003310 s
currentSize : 20 <-- 0.011388 s
currentSize : 21 <-- 0.058672 s
currentSize : 22 <-- 0.136429 s
currentSize : 23 <-- 1.343728 s
currentSize : 24 <-- 8.554969 s
currentSize : 25 <-- 25.229919 s
currentSize : 26 <-- 252.104538 s

TIMEOUT
maxsize : 26
nodes : 197556276.000000
filtered : 1012957534.000000
time : 1000.000061
