Parameters: GAD=1 vflib=1 dir=0 label=0 vlabel=1 lowerbound=1 fileNameGp=../../cp2016-max-common-connected-subgraph-paper/datasets/graphsdb/mcs10/m3D/m3D/mcs10_m3D_s80.A08 fileNameGt=../../cp2016-max-common-connected-subgraph-paper/datasets/graphsdb/mcs10/m3D/m3D/mcs10_m3D_s80.B08
Reading graphs...
80 :  183
80 :  183
Initializing...
maxdom : 11
D->valSize : 353
Solving...
Blb : 2 (clique : 24)
currentSize : 24 <-- 0.003017 s
currentSize : 25 <-- 0.004575 s
currentSize : 26 <-- 0.005556 s
currentSize : 27 <-- 16.342743 s
currentSize : 28 <-- 23.254364 s
currentSize : 29 <-- 26.217760 s
currentSize : 30 <-- 197.762146 s

TIMEOUT
maxsize : 30
nodes : 207342246.000000
filtered : 1473739063.000000
time : 1000.000122
