Parameters: GAD=1 vflib=1 dir=0 label=0 vlabel=1 lowerbound=1 fileNameGp=../../cp2016-max-common-connected-subgraph-paper/datasets/graphsdb/mcs10/bvg/b03/mcs10_b03_s50.A02 fileNameGt=../../cp2016-max-common-connected-subgraph-paper/datasets/graphsdb/mcs10/bvg/b03/mcs10_b03_s50.B02
Reading graphs...
50 :  74
50 :  75
Initializing...
maxdom : 10
D->valSize : 335
Solving...
Blb : 2 (clique : 23)
currentSize : 23 <-- 0.002464 s
currentSize : 24 <-- 0.044980 s
currentSize : 25 <-- 0.059841 s
currentSize : 26 <-- 5.495332 s
currentSize : 27 <-- 9.605087 s
currentSize : 28 <-- 76.697937 s

TIMEOUT
maxsize : 28
nodes : 244903730.000000
filtered : 2606018801.000000
time : 1000.000000
