Parameters: GAD=1 vflib=1 dir=0 label=0 vlabel=1 lowerbound=1 fileNameGp=../../cp2016-max-common-connected-subgraph-paper/datasets/graphsdb/mcs10/m3D/m3Dr6/mcs10_m3Dr6_s80.A02 fileNameGt=../../cp2016-max-common-connected-subgraph-paper/datasets/graphsdb/mcs10/m3D/m3Dr6/mcs10_m3Dr6_s80.B02
Reading graphs...
80 :  228
80 :  226
Initializing...
maxdom : 9
D->valSize : 416
Solving...
Blb : 2 (clique : 22)
currentSize : 22 <-- 0.003860 s
currentSize : 23 <-- 0.004023 s
currentSize : 24 <-- 0.004085 s
currentSize : 25 <-- 0.004247 s
currentSize : 26 <-- 0.111405 s
currentSize : 27 <-- 0.322892 s
currentSize : 28 <-- 43.065708 s
currentSize : 29 <-- 774.508606 s

TIMEOUT
maxsize : 29
nodes : 215900011.000000
filtered : 1491960326.000000
time : 1000.000061
