Parameters: GAD=1 vflib=1 dir=0 label=0 vlabel=1 lowerbound=1 fileNameGp=../../cp2016-max-common-connected-subgraph-paper/datasets/graphsdb/mcs10/m3D/m3Dr4/mcs10_m3Dr4_s100.A04 fileNameGt=../../cp2016-max-common-connected-subgraph-paper/datasets/graphsdb/mcs10/m3D/m3Dr4/mcs10_m3Dr4_s100.B04
Reading graphs...
100 :  271
100 :  271
Initializing...
maxdom : 6
D->valSize : 331
Solving...
Blb : 2 (clique : 29)
currentSize : 29 <-- 0.005295 s
currentSize : 30 <-- 0.005886 s
currentSize : 31 <-- 0.006726 s
currentSize : 32 <-- 0.088834 s
currentSize : 33 <-- 0.193406 s
currentSize : 34 <-- 0.263775 s
currentSize : 35 <-- 97.153267 s

TIMEOUT
maxsize : 35
nodes : 205655691.000000
filtered : 842318586.000000
time : 1000.000061
