Parameters: GAD=1 vflib=1 dir=0 label=0 vlabel=1 lowerbound=1 fileNameGp=../../cp2016-max-common-connected-subgraph-paper/datasets/graphsdb/mcs10/m3D/m3Dr6/mcs10_m3Dr6_s60.A03 fileNameGt=../../cp2016-max-common-connected-subgraph-paper/datasets/graphsdb/mcs10/m3D/m3Dr6/mcs10_m3Dr6_s60.B03
Reading graphs...
60 :  167
60 :  166
Initializing...
maxdom : 5
D->valSize : 236
Solving...
Blb : 2 (clique : 18)
currentSize : 18 <-- 0.001591 s
currentSize : 19 <-- 0.004436 s
currentSize : 20 <-- 0.009808 s
currentSize : 21 <-- 0.012088 s
currentSize : 22 <-- 0.042813 s
currentSize : 23 <-- 2.932508 s
currentSize : 24 <-- 96.408661 s

maxsize : 24
nodes : 64341204.000000
filtered : 419224083.000000
time : 272.803833
