Parameters: GAD=1 vflib=1 dir=0 label=0 vlabel=1 lowerbound=1 fileNameGp=../../cp2016-max-common-connected-subgraph-paper/datasets/graphsdb/mcs10/m2D/m2Dr6/mcs10_m2Dr6_s60.A09 fileNameGt=../../cp2016-max-common-connected-subgraph-paper/datasets/graphsdb/mcs10/m2D/m2Dr6/mcs10_m2Dr6_s60.B09
Reading graphs...
60 :  138
60 :  135
Initializing...
maxdom : 10
D->valSize : 237
Solving...
Blb : 2 (clique : 18)
currentSize : 18 <-- 0.001682 s
currentSize : 19 <-- 0.001786 s
currentSize : 20 <-- 0.001822 s
currentSize : 21 <-- 0.002163 s
currentSize : 22 <-- 0.013671 s
currentSize : 23 <-- 0.975692 s
currentSize : 24 <-- 9.349006 s
currentSize : 25 <-- 41.007008 s

maxsize : 25
nodes : 43906558.000000
filtered : 305753862.000000
time : 180.282608
