Parameters: GAD=1 vflib=1 dir=0 label=0 vlabel=1 lowerbound=1 fileNameGp=../../cp2016-max-common-connected-subgraph-paper/datasets/graphsdb/mcs10/m2D/m2Dr4/mcs10_m2Dr4_s60.A03 fileNameGt=../../cp2016-max-common-connected-subgraph-paper/datasets/graphsdb/mcs10/m2D/m2Dr4/mcs10_m2Dr4_s60.B03
Reading graphs...
60 :  125
60 :  126
Initializing...
maxdom : 10
D->valSize : 225
Solving...
Blb : 2 (clique : 17)
currentSize : 17 <-- 0.001507 s
currentSize : 18 <-- 0.001619 s
currentSize : 19 <-- 0.002012 s
currentSize : 20 <-- 0.003011 s
currentSize : 21 <-- 0.011919 s
currentSize : 22 <-- 0.099391 s
currentSize : 23 <-- 0.467406 s
currentSize : 24 <-- 0.699478 s
currentSize : 25 <-- 10.983957 s

maxsize : 25
nodes : 18126547.000000
filtered : 125884756.000000
time : 73.396675
