Parameters: GAD=1 vflib=1 dir=0 label=0 vlabel=1 lowerbound=1 fileNameGp=../../cp2016-max-common-connected-subgraph-paper/datasets/graphsdb/mcs10/m3D/m3Dr4/mcs10_m3Dr4_s90.A04 fileNameGt=../../cp2016-max-common-connected-subgraph-paper/datasets/graphsdb/mcs10/m3D/m3Dr4/mcs10_m3Dr4_s90.B04
Reading graphs...
90 :  242
90 :  241
Initializing...
maxdom : 10
D->valSize : 530
Solving...
Blb : 2 (clique : 30)
currentSize : 30 <-- 0.006114 s
currentSize : 31 <-- 0.006354 s
currentSize : 32 <-- 0.006465 s
currentSize : 33 <-- 0.011280 s
currentSize : 34 <-- 9.315611 s
currentSize : 35 <-- 140.096985 s
currentSize : 36 <-- 749.007751 s

TIMEOUT
maxsize : 36
nodes : 203401048.000000
filtered : 1496377602.000000
time : 1000.000061
