Parameters: GAD=1 vflib=1 dir=0 label=0 vlabel=1 lowerbound=1 fileNameGp=../../cp2016-max-common-connected-subgraph-paper/datasets/graphsdb/mcs10/bvg/b06m/mcs10_b06m_s90.A08 fileNameGt=../../cp2016-max-common-connected-subgraph-paper/datasets/graphsdb/mcs10/bvg/b06m/mcs10_b06m_s90.B08
Reading graphs...
90 :  258
90 :  267
Initializing...
maxdom : 10
D->valSize : 539
Solving...
Blb : 2 (clique : 28)
currentSize : 28 <-- 0.006146 s
currentSize : 29 <-- 0.006413 s
currentSize : 30 <-- 0.007218 s
currentSize : 31 <-- 0.008931 s
currentSize : 32 <-- 0.992761 s
currentSize : 33 <-- 2.721099 s
currentSize : 34 <-- 468.868835 s

TIMEOUT
maxsize : 34
nodes : 206736375.000000
filtered : 1300638188.000000
time : 1000.000061
