Parameters: GAD=1 vflib=1 dir=0 label=0 vlabel=1 lowerbound=1 fileNameGp=../../cp2016-max-common-connected-subgraph-paper/datasets/graphsdb/mcs10/m3D/m3Dr6/mcs10_m3Dr6_s80.A03 fileNameGt=../../cp2016-max-common-connected-subgraph-paper/datasets/graphsdb/mcs10/m3D/m3Dr6/mcs10_m3Dr6_s80.B03
Reading graphs...
80 :  227
80 :  225
Initializing...
maxdom : 7
D->valSize : 427
Solving...
Blb : 2 (clique : 22)
currentSize : 22 <-- 0.004122 s
currentSize : 23 <-- 0.017119 s
currentSize : 24 <-- 0.099358 s
currentSize : 25 <-- 0.101730 s
currentSize : 26 <-- 1.225998 s
currentSize : 27 <-- 108.430664 s

TIMEOUT
maxsize : 27
nodes : 201427733.000000
filtered : 1532020750.000000
time : 1000.000061
