Parameters: GAD=1 vflib=1 dir=0 label=0 vlabel=1 lowerbound=1 fileNameGp=../../cp2016-max-common-connected-subgraph-paper/datasets/graphsdb/mcs10/bvg/b09m/mcs10_b09m_s100.A00 fileNameGt=../../cp2016-max-common-connected-subgraph-paper/datasets/graphsdb/mcs10/bvg/b09m/mcs10_b09m_s100.B00
Reading graphs...
100 :  434
100 :  435
Initializing...
maxdom : 9
D->valSize : 320
Solving...
Blb : 2 (clique : 22)
currentSize : 22 <-- 0.003041 s
currentSize : 23 <-- 0.004683 s
currentSize : 24 <-- 0.011116 s
currentSize : 25 <-- 0.023245 s
currentSize : 26 <-- 13.042504 s
currentSize : 27 <-- 280.248627 s
currentSize : 28 <-- 439.115906 s
currentSize : 29 <-- 456.241302 s

TIMEOUT
maxsize : 29
nodes : 188874070.000000
filtered : 1169581153.000000
time : 1000.000061
