Parameters: GAD=1 vflib=1 dir=0 label=0 vlabel=1 lowerbound=1 fileNameGp=../../cp2016-max-common-connected-subgraph-paper/datasets/graphsdb/mcs10/m3D/m3Dr4/mcs10_m3Dr4_s70.A03 fileNameGt=../../cp2016-max-common-connected-subgraph-paper/datasets/graphsdb/mcs10/m3D/m3Dr4/mcs10_m3Dr4_s70.B03
Reading graphs...
70 :  181
70 :  185
Initializing...
maxdom : 10
D->valSize : 342
Solving...
Blb : 2 (clique : 23)
currentSize : 23 <-- 0.002764 s
currentSize : 24 <-- 0.003718 s
currentSize : 25 <-- 0.008016 s
currentSize : 26 <-- 0.157241 s
currentSize : 27 <-- 6.250037 s
currentSize : 28 <-- 39.447029 s

TIMEOUT
maxsize : 28
nodes : 220274740.000000
filtered : 1622435741.000000
time : 1000.000000
