Parameters: GAD=1 vflib=1 dir=0 label=0 vlabel=1 lowerbound=1 fileNameGp=../../cp2016-max-common-connected-subgraph-paper/datasets/graphsdb/mcs10/m3D/m3D/mcs10_m3D_s80.A07 fileNameGt=../../cp2016-max-common-connected-subgraph-paper/datasets/graphsdb/mcs10/m3D/m3D/mcs10_m3D_s80.B07
Reading graphs...
80 :  184
80 :  180
Initializing...
maxdom : 10
D->valSize : 408
Solving...
Blb : 2 (clique : 26)
currentSize : 26 <-- 0.003848 s
currentSize : 27 <-- 0.006677 s
currentSize : 28 <-- 0.103160 s
currentSize : 29 <-- 0.104893 s
currentSize : 30 <-- 0.746381 s
currentSize : 31 <-- 82.023193 s
currentSize : 32 <-- 524.554688 s

TIMEOUT
maxsize : 32
nodes : 209554102.000000
filtered : 1471201352.000000
time : 1000.000061
