Parameters: GAD=1 vflib=1 dir=0 label=0 vlabel=1 lowerbound=1 fileNameGp=../../cp2016-max-common-connected-subgraph-paper/datasets/graphsdb/mcs10/bvg/b03m/mcs10_b03m_s90.A02 fileNameGt=../../cp2016-max-common-connected-subgraph-paper/datasets/graphsdb/mcs10/bvg/b03m/mcs10_b03m_s90.B02
Reading graphs...
90 :  134
90 :  134
Initializing...
maxdom : 11
D->valSize : 512
Solving...
Blb : 2 (clique : 36)
currentSize : 36 <-- 0.005723 s
currentSize : 37 <-- 0.005989 s
currentSize : 38 <-- 0.006010 s
currentSize : 39 <-- 3.014531 s
currentSize : 40 <-- 3.690429 s
currentSize : 41 <-- 9.770663 s
currentSize : 42 <-- 15.035939 s
currentSize : 43 <-- 18.397221 s
currentSize : 44 <-- 33.000294 s
currentSize : 45 <-- 36.541306 s

TIMEOUT
maxsize : 45
nodes : 172347876.000000
filtered : 1331919680.000000
time : 1000.000122
