Parameters: GAD=1 vflib=1 dir=0 label=0 vlabel=1 lowerbound=1 fileNameGp=../../cp2016-max-common-connected-subgraph-paper/datasets/graphsdb/mcs10/m2D/m2D/mcs10_m2D_s100.A00 fileNameGt=../../cp2016-max-common-connected-subgraph-paper/datasets/graphsdb/mcs10/m2D/m2D/mcs10_m2D_s100.B00
Reading graphs...
100 :  180
100 :  179
Initializing...
maxdom : 8
D->valSize : 331
Solving...
Blb : 2 (clique : 32)
currentSize : 32 <-- 0.003223 s
currentSize : 33 <-- 0.003466 s
currentSize : 34 <-- 0.003972 s
currentSize : 35 <-- 0.004358 s
currentSize : 36 <-- 0.012529 s
currentSize : 37 <-- 0.019808 s
currentSize : 38 <-- 5.656667 s
currentSize : 39 <-- 6.202545 s
currentSize : 40 <-- 15.421235 s

TIMEOUT
maxsize : 40
nodes : 199777049.000000
filtered : 766759837.000000
time : 1000.000061
