Parameters: GAD=1 vflib=1 dir=0 label=0 vlabel=1 lowerbound=1 fileNameGp=../../cp2016-max-common-connected-subgraph-paper/datasets/graphsdb/mcs10/m3D/m3Dr4/mcs10_m3Dr4_s70.A01 fileNameGt=../../cp2016-max-common-connected-subgraph-paper/datasets/graphsdb/mcs10/m3D/m3Dr4/mcs10_m3Dr4_s70.B01
Reading graphs...
70 :  181
70 :  184
Initializing...
maxdom : 8
D->valSize : 335
Solving...
Blb : 2 (clique : 24)
currentSize : 24 <-- 0.004399 s
currentSize : 25 <-- 0.004672 s
currentSize : 26 <-- 0.007864 s
currentSize : 27 <-- 0.013819 s
currentSize : 28 <-- 0.320880 s
currentSize : 29 <-- 9.697888 s

TIMEOUT
maxsize : 29
nodes : 215427610.000000
filtered : 1602629517.000000
time : 1000.000061
