Parameters: GAD=1 vflib=1 dir=0 label=0 vlabel=1 lowerbound=1 fileNameGp=../../cp2016-max-common-connected-subgraph-paper/datasets/graphsdb/mcs10/bvg/b06m/mcs10_b06m_s100.A09 fileNameGt=../../cp2016-max-common-connected-subgraph-paper/datasets/graphsdb/mcs10/bvg/b06m/mcs10_b06m_s100.B09
Reading graphs...
100 :  293
100 :  297
Initializing...
maxdom : 7
D->valSize : 340
Solving...
Blb : 3 (clique : 26)
currentSize : 26 <-- 0.003378 s
currentSize : 27 <-- 0.003965 s
currentSize : 28 <-- 0.006119 s
currentSize : 29 <-- 0.007194 s
currentSize : 30 <-- 0.025039 s
currentSize : 31 <-- 0.026942 s
currentSize : 32 <-- 23.059624 s
currentSize : 33 <-- 38.935146 s
currentSize : 34 <-- 698.666199 s

TIMEOUT
maxsize : 34
nodes : 202110288.000000
filtered : 1017836865.000000
time : 1000.000061
