Parameters: GAD=1 vflib=1 dir=0 label=0 vlabel=1 lowerbound=1 fileNameGp=../../cp2016-max-common-connected-subgraph-paper/datasets/graphsdb/mcs10/bvg/b03/mcs10_b03_s80.A04 fileNameGt=../../cp2016-max-common-connected-subgraph-paper/datasets/graphsdb/mcs10/bvg/b03/mcs10_b03_s80.B04
Reading graphs...
80 :  120
80 :  119
Initializing...
maxdom : 10
D->valSize : 406
Solving...
Blb : 2 (clique : 32)
currentSize : 32 <-- 0.004058 s
currentSize : 33 <-- 0.004546 s
currentSize : 34 <-- 0.005701 s
currentSize : 35 <-- 0.011448 s
currentSize : 36 <-- 0.011735 s
currentSize : 37 <-- 0.018883 s
currentSize : 38 <-- 0.034842 s
currentSize : 39 <-- 0.056895 s
currentSize : 40 <-- 0.888436 s

TIMEOUT
maxsize : 40
nodes : 211073565.000000
filtered : 1291120456.000000
time : 1000.000061
