Parameters: GAD=1 vflib=1 dir=0 label=0 vlabel=1 lowerbound=1 fileNameGp=../../cp2016-max-common-connected-subgraph-paper/datasets/graphsdb/mcs10/rand/r01/mcs10_r01_s90.A01 fileNameGt=../../cp2016-max-common-connected-subgraph-paper/datasets/graphsdb/mcs10/rand/r01/mcs10_r01_s90.B01
Reading graphs...
90 :  755
90 :  764
Initializing...
maxdom : 10
D->valSize : 523
Solving...
Blb : 2 (clique : 13)
currentSize : 13 <-- 0.005660 s
currentSize : 14 <-- 0.005826 s
currentSize : 15 <-- 0.006400 s
currentSize : 16 <-- 0.009998 s
currentSize : 17 <-- 0.171054 s
currentSize : 18 <-- 0.294998 s
currentSize : 19 <-- 3.363942 s
currentSize : 20 <-- 875.958130 s

TIMEOUT
maxsize : 20
nodes : 195672554.000000
filtered : 1322859831.000000
time : 1000.000000
