Parameters: GAD=1 vflib=1 dir=0 label=0 vlabel=1 lowerbound=1 fileNameGp=../../cp2016-max-common-connected-subgraph-paper/datasets/graphsdb/mcs10/rand/r005/mcs10_r005_s90.A04 fileNameGt=../../cp2016-max-common-connected-subgraph-paper/datasets/graphsdb/mcs10/rand/r005/mcs10_r005_s90.B04
Reading graphs...
90 :  397
90 :  396
Initializing...
maxdom : 8
D->valSize : 519
Solving...
Blb : 2 (clique : 22)
currentSize : 22 <-- 0.005464 s
currentSize : 23 <-- 0.005636 s
currentSize : 24 <-- 0.024465 s
currentSize : 25 <-- 1.946254 s
currentSize : 26 <-- 2.065398 s
currentSize : 27 <-- 115.298370 s
currentSize : 28 <-- 135.639511 s

TIMEOUT
maxsize : 28
nodes : 189607228.000000
filtered : 1422524488.000000
time : 1000.000000
