Parameters: GAD=1 vflib=1 dir=0 label=0 vlabel=1 lowerbound=1 fileNameGp=../../cp2016-max-common-connected-subgraph-paper/datasets/graphsdb/mcs10/bvg/b06/mcs10_b06_s100.A01 fileNameGt=../../cp2016-max-common-connected-subgraph-paper/datasets/graphsdb/mcs10/bvg/b06/mcs10_b06_s100.B01
Reading graphs...
100 :  297
100 :  299
Initializing...
maxdom : 7
D->valSize : 322
Solving...
Blb : 5 (clique : 27)
currentSize : 27 <-- 0.003175 s
currentSize : 28 <-- 0.034632 s
currentSize : 29 <-- 0.096925 s
currentSize : 30 <-- 2.731758 s
currentSize : 31 <-- 2.790323 s
currentSize : 32 <-- 117.198387 s
currentSize : 33 <-- 233.775162 s

TIMEOUT
maxsize : 33
nodes : 198301262.000000
filtered : 965640092.000000
time : 1000.000061
