Parameters: GAD=1 vflib=1 dir=0 label=0 vlabel=1 lowerbound=1 fileNameGp=../../cp2016-max-common-connected-subgraph-paper/datasets/graphsdb/mcs10/m4D/m4Dr4/mcs10_m4Dr4_s100.A08 fileNameGt=../../cp2016-max-common-connected-subgraph-paper/datasets/graphsdb/mcs10/m4D/m4Dr4/mcs10_m4Dr4_s100.B08
Reading graphs...
100 :  198
100 :  197
Initializing...
maxdom : 8
D->valSize : 312
Solving...
Blb : 2 (clique : 32)
currentSize : 32 <-- 0.002958 s
currentSize : 33 <-- 0.004532 s
currentSize : 34 <-- 0.314800 s
currentSize : 35 <-- 0.503705 s
currentSize : 36 <-- 9.176088 s
currentSize : 37 <-- 18.589937 s
currentSize : 38 <-- 97.859451 s
currentSize : 39 <-- 100.414238 s

TIMEOUT
maxsize : 39
nodes : 227494906.000000
filtered : 680456328.000000
time : 1000.000061
