Parameters: GAD=1 vflib=1 dir=0 label=0 vlabel=1 lowerbound=1 fileNameGp=../../cp2016-max-common-connected-subgraph-paper/datasets/graphsdb/mcs10/m3D/m3Dr4/mcs10_m3Dr4_s80.A05 fileNameGt=../../cp2016-max-common-connected-subgraph-paper/datasets/graphsdb/mcs10/m3D/m3Dr4/mcs10_m3Dr4_s80.B05
Reading graphs...
80 :  214
80 :  210
Initializing...
maxdom : 11
D->valSize : 421
Solving...
Blb : 2 (clique : 23)
currentSize : 23 <-- 0.003932 s
currentSize : 24 <-- 0.005249 s
currentSize : 25 <-- 0.005911 s
currentSize : 26 <-- 0.010104 s
currentSize : 27 <-- 0.015262 s
currentSize : 28 <-- 0.015795 s
currentSize : 29 <-- 0.168089 s
currentSize : 30 <-- 10.752132 s

TIMEOUT
maxsize : 30
nodes : 204649955.000000
filtered : 1455716974.000000
time : 1000.000000
