Parameters: GAD=1 vflib=1 dir=0 label=0 vlabel=1 lowerbound=1 fileNameGp=../../cp2016-max-common-connected-subgraph-paper/datasets/graphsdb/mcs10/m2D/m2D/mcs10_m2D_s50.A07 fileNameGt=../../cp2016-max-common-connected-subgraph-paper/datasets/graphsdb/mcs10/m2D/m2D/mcs10_m2D_s50.B07
Reading graphs...
50 :  85
50 :  85
Initializing...
maxdom : 9
D->valSize : 303
Solving...
Blb : 2 (clique : 21)
currentSize : 21 <-- 0.002166 s
currentSize : 22 <-- 0.002294 s
currentSize : 23 <-- 0.004807 s
currentSize : 24 <-- 0.277817 s
currentSize : 25 <-- 1.703958 s
currentSize : 26 <-- 32.583572 s
currentSize : 27 <-- 265.948456 s

maxsize : 27
nodes : 73461207.000000
filtered : 765184265.000000
time : 286.750275
