Parameters: GAD=1 vflib=1 dir=0 label=0 vlabel=1 lowerbound=1 fileNameGp=../../cp2016-max-common-connected-subgraph-paper/datasets/graphsdb/mcs10/bvg/b06/mcs10_b06_s70.A01 fileNameGt=../../cp2016-max-common-connected-subgraph-paper/datasets/graphsdb/mcs10/bvg/b06/mcs10_b06_s70.B01
Reading graphs...
70 :  207
70 :  206
Initializing...
maxdom : 9
D->valSize : 299
Solving...
Blb : 2 (clique : 19)
currentSize : 19 <-- 0.003707 s
currentSize : 20 <-- 0.004326 s
currentSize : 21 <-- 0.005221 s
currentSize : 22 <-- 0.011025 s
currentSize : 23 <-- 0.142581 s
currentSize : 24 <-- 10.612620 s
currentSize : 25 <-- 64.663147 s
currentSize : 26 <-- 388.814301 s

maxsize : 26
nodes : 179839644.000000
filtered : 1416156484.000000
time : 776.838501
