Parameters: GAD=1 vflib=1 dir=0 label=0 vlabel=1 lowerbound=1 fileNameGp=../../cp2016-max-common-connected-subgraph-paper/datasets/graphsdb/mcs10/m2D/m2D/mcs10_m2D_s70.A07 fileNameGt=../../cp2016-max-common-connected-subgraph-paper/datasets/graphsdb/mcs10/m2D/m2D/mcs10_m2D_s70.B07
Reading graphs...
70 :  123
70 :  123
Initializing...
maxdom : 10
D->valSize : 360
Solving...
Blb : 2 (clique : 26)
currentSize : 26 <-- 0.003137 s
currentSize : 28 <-- 0.003308 s
currentSize : 29 <-- 0.046676 s
currentSize : 30 <-- 0.084150 s
currentSize : 31 <-- 14.488700 s
currentSize : 32 <-- 96.647827 s
currentSize : 33 <-- 564.511719 s

TIMEOUT
maxsize : 33
nodes : 238419680.000000
filtered : 1621446054.000000
time : 1000.000000
