Parameters: GAD=1 vflib=1 dir=0 label=0 vlabel=1 lowerbound=1 fileNameGp=../../cp2016-max-common-connected-subgraph-paper/datasets/graphsdb/mcs10/m2D/m2Dr2/mcs10_m2Dr2_s70.A00 fileNameGt=../../cp2016-max-common-connected-subgraph-paper/datasets/graphsdb/mcs10/m2D/m2Dr2/mcs10_m2Dr2_s70.B00
Reading graphs...
70 :  135
70 :  135
Initializing...
maxdom : 7
D->valSize : 321
Solving...
Blb : 2 (clique : 26)
currentSize : 26 <-- 0.002567 s
currentSize : 27 <-- 2.909450 s
currentSize : 28 <-- 18.775444 s
currentSize : 29 <-- 19.094584 s
currentSize : 30 <-- 23.645964 s
currentSize : 31 <-- 104.838943 s
currentSize : 32 <-- 346.818665 s

TIMEOUT
maxsize : 32
nodes : 232382215.000000
filtered : 1469414434.000000
time : 1000.000000
