Parameters: GAD=1 vflib=1 dir=0 label=0 vlabel=1 lowerbound=1 fileNameGp=../../cp2016-max-common-connected-subgraph-paper/datasets/graphsdb/mcs10/m2D/m2Dr4/mcs10_m2Dr4_s50.A00 fileNameGt=../../cp2016-max-common-connected-subgraph-paper/datasets/graphsdb/mcs10/m2D/m2Dr4/mcs10_m2Dr4_s50.B00
Reading graphs...
50 :  104
50 :  103
Initializing...
maxdom : 11
D->valSize : 316
Solving...
Blb : 2 (clique : 20)
currentSize : 20 <-- 0.003448 s
currentSize : 21 <-- 0.004470 s
currentSize : 22 <-- 0.131063 s
currentSize : 23 <-- 22.022049 s
currentSize : 24 <-- 201.070190 s

maxsize : 24
nodes : 70551857.000000
filtered : 602680059.000000
time : 261.117706
