Parameters: GAD=1 vflib=1 dir=0 label=0 vlabel=1 lowerbound=1 fileNameGp=../../cp2016-max-common-connected-subgraph-paper/datasets/graphsdb/mcs30/m2D/m2D/mcs30_m2D_s60.A02 fileNameGt=../../cp2016-max-common-connected-subgraph-paper/datasets/graphsdb/mcs30/m2D/m2D/mcs30_m2D_s60.B02
Reading graphs...
60 :  104
60 :  102
Initializing...
maxdom : 6
D->valSize : 230
Solving...
Blb : 2 (clique : 22)
currentSize : 22 <-- 0.002618 s
currentSize : 23 <-- 0.002871 s
currentSize : 24 <-- 0.003074 s
currentSize : 25 <-- 0.007506 s
currentSize : 26 <-- 0.222777 s
currentSize : 27 <-- 0.451216 s
currentSize : 28 <-- 6.499032 s
currentSize : 29 <-- 7.481347 s
currentSize : 30 <-- 62.799957 s

maxsize : 30
nodes : 49253524.000000
filtered : 332475298.000000
time : 209.291687
