Parameters: GAD=1 vflib=1 dir=0 label=0 vlabel=1 lowerbound=1 fileNameGp=../../cp2016-max-common-connected-subgraph-paper/datasets/graphsdb/mcs30/m2D/m2Dr6/mcs30_m2Dr6_s100.A01 fileNameGt=../../cp2016-max-common-connected-subgraph-paper/datasets/graphsdb/mcs30/m2D/m2Dr6/mcs30_m2Dr6_s100.B01
Reading graphs...
100 :  236
100 :  234
Initializing...
maxdom : 9
D->valSize : 330
Solving...
Blb : 2 (clique : 34)
currentSize : 34 <-- 0.005109 s
currentSize : 35 <-- 0.008222 s
currentSize : 36 <-- 1.980755 s
currentSize : 37 <-- 2.026032 s
currentSize : 38 <-- 12.799047 s
currentSize : 39 <-- 98.288208 s
currentSize : 40 <-- 486.125275 s

TIMEOUT
maxsize : 40
nodes : 226036353.000000
filtered : 548221239.000000
time : 1000.000061
