Parameters: GAD=1 vflib=1 dir=0 label=0 vlabel=1 lowerbound=1 fileNameGp=../../cp2016-max-common-connected-subgraph-paper/datasets/graphsdb/mcs30/bvg/b09/mcs30_b09_s70.A02 fileNameGt=../../cp2016-max-common-connected-subgraph-paper/datasets/graphsdb/mcs30/bvg/b09/mcs30_b09_s70.B02
Reading graphs...
70 :  311
70 :  310
Initializing...
maxdom : 9
D->valSize : 305
Solving...
Blb : 2 (clique : 16)
currentSize : 16 <-- 0.003735 s
currentSize : 17 <-- 0.004508 s
currentSize : 18 <-- 0.008912 s
currentSize : 19 <-- 0.022586 s
currentSize : 20 <-- 0.023534 s
currentSize : 21 <-- 1.365492 s
currentSize : 22 <-- 30.858204 s
currentSize : 24 <-- 33.533382 s
currentSize : 25 <-- 75.069046 s

maxsize : 25
nodes : 24216733.000000
filtered : 169833121.000000
time : 112.072128
