Parameters: GAD=1 vflib=1 dir=0 label=0 vlabel=1 lowerbound=1 fileNameGp=../../cp2016-max-common-connected-subgraph-paper/datasets/graphsdb/mcs30/m2D/m2Dr6/mcs30_m2Dr6_s90.A01 fileNameGt=../../cp2016-max-common-connected-subgraph-paper/datasets/graphsdb/mcs30/m2D/m2Dr6/mcs30_m2Dr6_s90.B01
Reading graphs...
90 :  214
90 :  213
Initializing...
maxdom : 13
D->valSize : 556
Solving...
Blb : 3 (clique : 28)
currentSize : 28 <-- 0.010436 s
currentSize : 29 <-- 0.010788 s
currentSize : 30 <-- 0.032078 s
currentSize : 31 <-- 0.456512 s
currentSize : 32 <-- 6.705418 s
currentSize : 33 <-- 37.680855 s
currentSize : 34 <-- 71.880692 s
currentSize : 35 <-- 963.252930 s
currentSize : 36 <-- 975.439636 s

TIMEOUT
maxsize : 36
nodes : 216493091.000000
filtered : 1403224956.000000
time : 1000.000061
