Parameters: GAD=1 vflib=1 dir=0 label=0 vlabel=1 lowerbound=1 fileNameGp=../../cp2016-max-common-connected-subgraph-paper/datasets/graphsdb/mcs30/rand/r01/mcs30_r01_s90.A06 fileNameGt=../../cp2016-max-common-connected-subgraph-paper/datasets/graphsdb/mcs30/rand/r01/mcs30_r01_s90.B06
Reading graphs...
90 :  766
90 :  764
Initializing...
maxdom : 11
D->valSize : 562
Solving...
Blb : 2 (clique : 14)
currentSize : 14 <-- 0.009606 s
currentSize : 15 <-- 0.010008 s
currentSize : 16 <-- 0.012754 s
currentSize : 17 <-- 0.014908 s
currentSize : 18 <-- 0.961390 s
currentSize : 19 <-- 5.934138 s
currentSize : 20 <-- 16.094738 s
currentSize : 21 <-- 89.032776 s

TIMEOUT
maxsize : 21
nodes : 187677375.000000
filtered : 1528171562.000000
time : 1000.000061
