Parameters: GAD=1 vflib=1 dir=0 label=0 vlabel=1 lowerbound=1 fileNameGp=../../cp2016-max-common-connected-subgraph-paper/datasets/graphsdb/mcs30/rand/r02/mcs30_r02_s80.A05 fileNameGt=../../cp2016-max-common-connected-subgraph-paper/datasets/graphsdb/mcs30/rand/r02/mcs30_r02_s80.B05
Reading graphs...
80 :  1140
80 :  1112
Initializing...
maxdom : 11
D->valSize : 462
Solving...
Blb : 2 (clique : 10)
currentSize : 10 <-- 0.004303 s
currentSize : 11 <-- 0.004439 s
currentSize : 13 <-- 0.007454 s
currentSize : 14 <-- 1.008149 s
currentSize : 15 <-- 2.794887 s
currentSize : 16 <-- 2.795066 s
currentSize : 17 <-- 2.810380 s
currentSize : 18 <-- 2.810722 s
currentSize : 24 <-- 8.576230 s

maxsize : 24
nodes : 2725671.000000
filtered : 28242669.000000
time : 15.063957
