Parameters: GAD=1 vflib=1 dir=0 label=0 vlabel=1 lowerbound=1 fileNameGp=../../cp2016-max-common-connected-subgraph-paper/datasets/graphsdb/mcs30/m3D/m3Dr2/mcs30_m3Dr2_s90.A02 fileNameGt=../../cp2016-max-common-connected-subgraph-paper/datasets/graphsdb/mcs30/m3D/m3Dr2/mcs30_m3Dr2_s90.B02
Reading graphs...
90 :  225
90 :  224
Initializing...
maxdom : 12
D->valSize : 564
Solving...
Blb : 5 (clique : 30)
currentSize : 30 <-- 0.006679 s
currentSize : 31 <-- 0.007028 s
currentSize : 32 <-- 0.028800 s
currentSize : 33 <-- 0.129766 s
currentSize : 34 <-- 0.828564 s
currentSize : 35 <-- 2.928356 s
currentSize : 36 <-- 2.957419 s

TIMEOUT
maxsize : 36
nodes : 186162761.000000
filtered : 1567727842.000000
time : 1000.000061
