Parameters: GAD=1 vflib=1 dir=0 label=0 vlabel=1 lowerbound=1 fileNameGp=../../cp2016-max-common-connected-subgraph-paper/datasets/graphsdb/mcs30/m2D/m2Dr4/mcs30_m2Dr4_s90.A01 fileNameGt=../../cp2016-max-common-connected-subgraph-paper/datasets/graphsdb/mcs30/m2D/m2Dr4/mcs30_m2Dr4_s90.B01
Reading graphs...
90 :  193
90 :  193
Initializing...
maxdom : 11
D->valSize : 516
Solving...
Blb : 2 (clique : 31)
currentSize : 31 <-- 0.005935 s
currentSize : 32 <-- 0.006889 s
currentSize : 33 <-- 0.342744 s
currentSize : 34 <-- 0.343492 s
currentSize : 35 <-- 1.718844 s
currentSize : 36 <-- 280.001251 s
currentSize : 37 <-- 408.458221 s

TIMEOUT
maxsize : 37
nodes : 200987631.000000
filtered : 1360856661.000000
time : 1000.000061
