Parameters: GAD=1 vflib=1 dir=0 label=0 vlabel=1 lowerbound=1 fileNameGp=../../cp2016-max-common-connected-subgraph-paper/datasets/graphsdb/mcs30/bvg/b06m/mcs30_b06m_s70.A08 fileNameGt=../../cp2016-max-common-connected-subgraph-paper/datasets/graphsdb/mcs30/bvg/b06m/mcs30_b06m_s70.B08
Reading graphs...
70 :  206
70 :  205
Initializing...
maxdom : 9
D->valSize : 380
Solving...
Blb : 5 (clique : 22)
currentSize : 22 <-- 0.005491 s
currentSize : 23 <-- 0.174421 s
currentSize : 24 <-- 0.706288 s
currentSize : 25 <-- 0.894329 s
currentSize : 26 <-- 1.703798 s
currentSize : 27 <-- 4.080900 s
currentSize : 28 <-- 97.930443 s
currentSize : 29 <-- 151.081818 s

TIMEOUT
maxsize : 29
nodes : 201740274.000000
filtered : 1798251158.000000
time : 1000.000000
