Parameters: GAD=1 vflib=1 dir=0 label=0 vlabel=1 lowerbound=1 fileNameGp=../../cp2016-max-common-connected-subgraph-paper/datasets/graphsdb/mcs30/m3D/m3Dr6/mcs30_m3Dr6_s100.A08 fileNameGt=../../cp2016-max-common-connected-subgraph-paper/datasets/graphsdb/mcs30/m3D/m3Dr6/mcs30_m3Dr6_s100.B08
Reading graphs...
100 :  291
100 :  288
Initializing...
maxdom : 8
D->valSize : 343
Solving...
Blb : 3 (clique : 26)
currentSize : 26 <-- 0.003398 s
currentSize : 27 <-- 0.004248 s
currentSize : 28 <-- 0.012992 s
currentSize : 29 <-- 0.065038 s
currentSize : 30 <-- 0.066276 s
currentSize : 31 <-- 8.437593 s
currentSize : 32 <-- 8.655641 s
currentSize : 33 <-- 216.873810 s
currentSize : 34 <-- 217.643372 s
currentSize : 35 <-- 730.485901 s

TIMEOUT
maxsize : 35
nodes : 179609826.000000
filtered : 1118372353.000000
time : 1000.000061
