Parameters: GAD=1 vflib=1 dir=0 label=0 vlabel=1 lowerbound=1 fileNameGp=../../cp2016-max-common-connected-subgraph-paper/datasets/graphsdb/mcs30/m3D/m3Dr2/mcs30_m3Dr2_s70.A00 fileNameGt=../../cp2016-max-common-connected-subgraph-paper/datasets/graphsdb/mcs30/m3D/m3Dr2/mcs30_m3Dr2_s70.B00
Reading graphs...
70 :  170
70 :  171
Initializing...
maxdom : 8
D->valSize : 311
Solving...
Blb : 2 (clique : 25)
currentSize : 25 <-- 0.002669 s
currentSize : 26 <-- 0.003106 s
currentSize : 27 <-- 0.011302 s
currentSize : 28 <-- 0.163697 s
currentSize : 31 <-- 0.372728 s
currentSize : 32 <-- 0.449854 s
currentSize : 33 <-- 9.443431 s

maxsize : 33
nodes : 47227963.000000
filtered : 400899598.000000
time : 253.071823
