Parameters: GAD=1 vflib=1 dir=0 label=0 vlabel=1 lowerbound=1 fileNameGp=../../cp2016-max-common-connected-subgraph-paper/datasets/graphsdb/mcs30/rand/r02/mcs30_r02_s80.A01 fileNameGt=../../cp2016-max-common-connected-subgraph-paper/datasets/graphsdb/mcs30/rand/r02/mcs30_r02_s80.B01
Reading graphs...
80 :  1149
80 :  1119
Initializing...
maxdom : 10
D->valSize : 444
Solving...
Blb : 3 (clique : 10)
currentSize : 10 <-- 0.004068 s
currentSize : 11 <-- 0.005268 s
currentSize : 12 <-- 0.006228 s
currentSize : 13 <-- 0.037944 s
currentSize : 14 <-- 0.606207 s
currentSize : 15 <-- 0.815149 s
currentSize : 16 <-- 0.815170 s
currentSize : 17 <-- 0.816652 s
currentSize : 18 <-- 5.224630 s
currentSize : 21 <-- 5.224707 s
currentSize : 24 <-- 7.426462 s

maxsize : 24
nodes : 2401154.000000
filtered : 25539272.000000
time : 13.463431
