Parameters: GAD=1 vflib=1 dir=0 label=0 vlabel=1 lowerbound=1 fileNameGp=../../cp2016-max-common-connected-subgraph-paper/datasets/graphsdb/mcs30/bvg/b09m/mcs30_b09m_s60.A01 fileNameGt=../../cp2016-max-common-connected-subgraph-paper/datasets/graphsdb/mcs30/bvg/b09m/mcs30_b09m_s60.B01
Reading graphs...
60 :  258
60 :  260
Initializing...
maxdom : 7
D->valSize : 256
Solving...
Blb : 2 (clique : 13)
currentSize : 13 <-- 0.001836 s
currentSize : 14 <-- 0.002007 s
currentSize : 15 <-- 0.002140 s
currentSize : 16 <-- 0.265210 s
currentSize : 17 <-- 0.565893 s
currentSize : 18 <-- 1.849133 s
currentSize : 19 <-- 2.066310 s
currentSize : 20 <-- 6.189808 s
currentSize : 21 <-- 6.190514 s
currentSize : 22 <-- 14.214096 s

maxsize : 22
nodes : 5420763.000000
filtered : 36539622.000000
time : 22.890060
