Parameters: GAD=1 vflib=1 dir=0 label=0 vlabel=1 lowerbound=1 fileNameGp=../../cp2016-max-common-connected-subgraph-paper/datasets/graphsdb/mcs30/m3D/m3Dr4/mcs30_m3Dr4_s100.A01 fileNameGt=../../cp2016-max-common-connected-subgraph-paper/datasets/graphsdb/mcs30/m3D/m3Dr4/mcs30_m3Dr4_s100.B01
Reading graphs...
100 :  272
100 :  272
Initializing...
maxdom : 8
D->valSize : 314
Solving...
Blb : 2 (clique : 28)
currentSize : 28 <-- 0.002970 s
currentSize : 29 <-- 0.003227 s
currentSize : 30 <-- 0.003439 s
currentSize : 31 <-- 0.191618 s
currentSize : 32 <-- 1.207632 s
currentSize : 33 <-- 11.802725 s

TIMEOUT
maxsize : 33
nodes : 207342950.000000
filtered : 837147277.000000
time : 1000.000061
