Parameters: GAD=1 vflib=1 dir=0 label=0 vlabel=1 lowerbound=1 fileNameGp=../../cp2016-max-common-connected-subgraph-paper/datasets/graphsdb/mcs30/bvg/b06/mcs30_b06_s60.A09 fileNameGt=../../cp2016-max-common-connected-subgraph-paper/datasets/graphsdb/mcs30/bvg/b06/mcs30_b06_s60.B09
Reading graphs...
60 :  176
60 :  177
Initializing...
maxdom : 7
D->valSize : 247
Solving...
Blb : 2 (clique : 16)
currentSize : 16 <-- 0.001678 s
currentSize : 17 <-- 0.001803 s
currentSize : 18 <-- 0.001965 s
currentSize : 19 <-- 0.004690 s
currentSize : 20 <-- 0.018208 s
currentSize : 21 <-- 0.071133 s
currentSize : 22 <-- 8.789795 s
currentSize : 23 <-- 38.663658 s
currentSize : 24 <-- 38.668583 s
currentSize : 25 <-- 82.927597 s
currentSize : 26 <-- 99.089821 s

maxsize : 26
nodes : 28304685.000000
filtered : 202612210.000000
time : 117.359749
