Parameters: GAD=1 vflib=1 dir=0 label=0 vlabel=1 lowerbound=1 fileNameGp=../../cp2016-max-common-connected-subgraph-paper/datasets/graphsdb/mcs30/m2D/m2D/mcs30_m2D_s50.A00 fileNameGt=../../cp2016-max-common-connected-subgraph-paper/datasets/graphsdb/mcs30/m2D/m2D/mcs30_m2D_s50.B00
Reading graphs...
50 :  85
50 :  83
Initializing...
maxdom : 12
D->valSize : 341
Solving...
Blb : 2 (clique : 21)
currentSize : 21 <-- 0.003910 s
currentSize : 22 <-- 1.328980 s
currentSize : 23 <-- 4.871501 s
currentSize : 24 <-- 6.203833 s
currentSize : 25 <-- 55.012047 s
currentSize : 26 <-- 237.233521 s
currentSize : 27 <-- 274.644501 s

maxsize : 27
nodes : 86854124.000000
filtered : 937819637.000000
time : 354.326752
