Parameters: GAD=1 vflib=1 dir=0 label=0 vlabel=1 lowerbound=1 fileNameGp=../../cp2016-max-common-connected-subgraph-paper/datasets/graphsdb/mcs30/m3D/m3D/mcs30_m3D_s70.A03 fileNameGt=../../cp2016-max-common-connected-subgraph-paper/datasets/graphsdb/mcs30/m3D/m3D/mcs30_m3D_s70.B03
Reading graphs...
70 :  158
70 :  159
Initializing...
maxdom : 9
D->valSize : 349
Solving...
Blb : 3 (clique : 22)
currentSize : 22 <-- 0.004757 s
currentSize : 23 <-- 0.004977 s
currentSize : 25 <-- 0.005124 s
currentSize : 26 <-- 0.007649 s
currentSize : 27 <-- 0.010971 s
currentSize : 28 <-- 0.021278 s
currentSize : 29 <-- 0.106749 s
currentSize : 30 <-- 0.121802 s
currentSize : 31 <-- 0.198928 s

maxsize : 31
nodes : 91594769.000000
filtered : 978917723.000000
time : 496.849670
