Parameters: GAD=1 vflib=1 dir=0 label=0 vlabel=1 lowerbound=1 fileNameGp=../../cp2016-max-common-connected-subgraph-paper/datasets/graphsdb/mcs30/m4D/m4D/mcs30_m4D_s60.A07 fileNameGt=../../cp2016-max-common-connected-subgraph-paper/datasets/graphsdb/mcs30/m4D/m4D/mcs30_m4D_s60.B07
Reading graphs...
60 :  102
60 :  100
Initializing...
maxdom : 8
D->valSize : 228
Solving...
Blb : 2 (clique : 23)
currentSize : 23 <-- 0.001577 s
currentSize : 24 <-- 0.005168 s
currentSize : 25 <-- 0.198113 s
currentSize : 26 <-- 5.765855 s
currentSize : 27 <-- 49.932590 s
currentSize : 28 <-- 54.193657 s

maxsize : 28
nodes : 17029301.000000
filtered : 104801385.000000
time : 66.384109
