Parameters: GAD=1 vflib=1 dir=0 label=0 vlabel=1 lowerbound=1 fileNameGp=../../cp2016-max-common-connected-subgraph-paper/datasets/graphsdb/mcs30/m2D/m2Dr6/mcs30_m2Dr6_s80.A00 fileNameGt=../../cp2016-max-common-connected-subgraph-paper/datasets/graphsdb/mcs30/m2D/m2Dr6/mcs30_m2Dr6_s80.B00
Reading graphs...
80 :  189
80 :  189
Initializing...
maxdom : 10
D->valSize : 418
Solving...
Blb : 3 (clique : 23)
currentSize : 23 <-- 0.003919 s
currentSize : 24 <-- 0.004105 s
currentSize : 25 <-- 0.012472 s
currentSize : 26 <-- 0.055403 s
currentSize : 27 <-- 0.743493 s
currentSize : 28 <-- 4.193468 s
currentSize : 29 <-- 66.142357 s

TIMEOUT
maxsize : 29
nodes : 205766186.000000
filtered : 1482034832.000000
time : 1000.000000
