Parameters: GAD=1 vflib=1 dir=0 label=0 vlabel=1 lowerbound=1 fileNameGp=../../cp2016-max-common-connected-subgraph-paper/datasets/graphsdb/mcs30/rand/r01/mcs30_r01_s100.A03 fileNameGt=../../cp2016-max-common-connected-subgraph-paper/datasets/graphsdb/mcs30/rand/r01/mcs30_r01_s100.B03
Reading graphs...
100 :  936
100 :  934
Initializing...
maxdom : 8
D->valSize : 331
Solving...
Blb : 2 (clique : 16)
currentSize : 16 <-- 0.003138 s
currentSize : 18 <-- 0.003344 s
currentSize : 19 <-- 0.004932 s
currentSize : 20 <-- 0.004968 s
currentSize : 21 <-- 0.005695 s
currentSize : 22 <-- 0.005758 s
currentSize : 24 <-- 0.012216 s
currentSize : 26 <-- 0.013245 s
currentSize : 27 <-- 18.446142 s
currentSize : 30 <-- 18.479959 s

maxsize : 30
nodes : 6551903.000000
filtered : 58769417.000000
time : 41.576015
