Parameters: GAD=1 vflib=1 dir=0 label=0 vlabel=1 lowerbound=1 fileNameGp=../../cp2016-max-common-connected-subgraph-paper/datasets/graphsdb/mcs30/m2D/m2Dr2/mcs30_m2Dr2_s70.A04 fileNameGt=../../cp2016-max-common-connected-subgraph-paper/datasets/graphsdb/mcs30/m2D/m2Dr2/mcs30_m2Dr2_s70.B04
Reading graphs...
70 :  136
70 :  136
Initializing...
maxdom : 11
D->valSize : 333
Solving...
Blb : 2 (clique : 23)
currentSize : 23 <-- 0.002706 s
currentSize : 24 <-- 0.002848 s
currentSize : 25 <-- 0.005949 s
currentSize : 26 <-- 0.007490 s
currentSize : 27 <-- 0.024321 s
currentSize : 28 <-- 0.031711 s
currentSize : 29 <-- 0.168474 s
currentSize : 30 <-- 4.074135 s
currentSize : 31 <-- 192.020996 s

TIMEOUT
maxsize : 31
nodes : 225048388.000000
filtered : 1734577396.000000
time : 1000.000000
