Parameters: GAD=1 vflib=1 dir=0 label=0 vlabel=1 lowerbound=1 fileNameGp=../../cp2016-max-common-connected-subgraph-paper/datasets/graphsdb/mcs30/bvg/b03/mcs30_b03_s70.A03 fileNameGt=../../cp2016-max-common-connected-subgraph-paper/datasets/graphsdb/mcs30/bvg/b03/mcs30_b03_s70.B03
Reading graphs...
70 :  104
70 :  105
Initializing...
maxdom : 6
D->valSize : 300
Solving...
Blb : 2 (clique : 26)
currentSize : 26 <-- 0.002503 s
currentSize : 27 <-- 0.002669 s
currentSize : 28 <-- 0.002713 s
currentSize : 29 <-- 0.002791 s
currentSize : 30 <-- 0.002904 s
currentSize : 31 <-- 0.212591 s
currentSize : 32 <-- 1.639528 s
currentSize : 33 <-- 57.919571 s

TIMEOUT
maxsize : 33
nodes : 230165514.000000
filtered : 1405250727.000000
time : 1000.000000
