Parameters: GAD=1 vflib=1 dir=0 label=0 vlabel=1 lowerbound=1 fileNameGp=../../cp2016-max-common-connected-subgraph-paper/datasets/graphsdb/mcs30/m2D/m2D/mcs30_m2D_s100.A04 fileNameGt=../../cp2016-max-common-connected-subgraph-paper/datasets/graphsdb/mcs30/m2D/m2D/mcs30_m2D_s100.B04
Reading graphs...
100 :  179
100 :  179
Initializing...
maxdom : 7
D->valSize : 324
Solving...
Blb : 2 (clique : 36)
currentSize : 36 <-- 0.003342 s
currentSize : 37 <-- 0.003608 s
currentSize : 38 <-- 0.003648 s
currentSize : 39 <-- 0.003740 s
currentSize : 40 <-- 0.016356 s
currentSize : 41 <-- 13.824164 s
currentSize : 42 <-- 83.112976 s
currentSize : 43 <-- 236.419724 s
currentSize : 44 <-- 250.548111 s
currentSize : 45 <-- 654.414062 s
currentSize : 46 <-- 656.114197 s

TIMEOUT
maxsize : 46
nodes : 195850483.000000
filtered : 743888348.000000
time : 1000.000061
