Parameters: GAD=1 vflib=1 dir=0 label=0 vlabel=1 lowerbound=1 fileNameGp=../../cp2016-max-common-connected-subgraph-paper/datasets/graphsdb/mcs30/bvg/b09/mcs30_b09_s50.A04 fileNameGt=../../cp2016-max-common-connected-subgraph-paper/datasets/graphsdb/mcs30/bvg/b09/mcs30_b09_s50.B04
Reading graphs...
50 :  218
50 :  218
Initializing...
maxdom : 10
D->valSize : 318
Solving...
Blb : 2 (clique : 13)
currentSize : 13 <-- 0.002120 s
currentSize : 14 <-- 0.002206 s
currentSize : 15 <-- 0.003545 s
currentSize : 16 <-- 0.019369 s
currentSize : 17 <-- 0.044824 s
currentSize : 18 <-- 15.687697 s
currentSize : 19 <-- 19.762856 s

maxsize : 19
nodes : 9715877.000000
filtered : 89162825.000000
time : 39.324760
