Parameters: GAD=1 vflib=1 dir=0 label=0 vlabel=1 lowerbound=1 fileNameGp=../../cp2016-max-common-connected-subgraph-paper/datasets/graphsdb/mcs30/m4D/m4Dr2/mcs30_m4Dr2_s60.A09 fileNameGt=../../cp2016-max-common-connected-subgraph-paper/datasets/graphsdb/mcs30/m4D/m4Dr2/mcs30_m4Dr2_s60.B09
Reading graphs...
60 :  114
60 :  113
Initializing...
maxdom : 9
D->valSize : 225
Solving...
Blb : 2 (clique : 22)
currentSize : 22 <-- 0.001628 s
currentSize : 23 <-- 0.047793 s
currentSize : 24 <-- 0.371506 s
currentSize : 25 <-- 0.497806 s
currentSize : 26 <-- 0.594116 s
currentSize : 27 <-- 4.350548 s
currentSize : 28 <-- 4.518789 s

maxsize : 28
nodes : 66270956.000000
filtered : 445611226.000000
time : 263.039886
