Parameters: GAD=1 vflib=1 dir=0 label=0 vlabel=1 lowerbound=1 fileNameGp=../../cp2016-max-common-connected-subgraph-paper/datasets/graphsdb/mcs30/bvg/b09/mcs30_b09_s70.A04 fileNameGt=../../cp2016-max-common-connected-subgraph-paper/datasets/graphsdb/mcs30/bvg/b09/mcs30_b09_s70.B04
Reading graphs...
70 :  310
70 :  308
Initializing...
maxdom : 9
D->valSize : 325
Solving...
Blb : 3 (clique : 18)
currentSize : 18 <-- 0.004127 s
currentSize : 19 <-- 0.004577 s
currentSize : 20 <-- 0.005114 s
currentSize : 21 <-- 0.073787 s
currentSize : 22 <-- 0.197321 s
currentSize : 23 <-- 0.514802 s
currentSize : 24 <-- 30.092010 s

maxsize : 24
nodes : 36218232.000000
filtered : 407136298.000000
time : 184.860336
