Parameters: GAD=1 vflib=1 dir=0 label=0 vlabel=1 lowerbound=1 fileNameGp=../../cp2016-max-common-connected-subgraph-paper/datasets/graphsdb/mcs30/m4D/m4Dr2/mcs30_m4Dr2_s60.A00 fileNameGt=../../cp2016-max-common-connected-subgraph-paper/datasets/graphsdb/mcs30/m4D/m4Dr2/mcs30_m4Dr2_s60.B00
Reading graphs...
60 :  112
60 :  112
Initializing...
maxdom : 7
D->valSize : 236
Solving...
Blb : 2 (clique : 23)
currentSize : 23 <-- 0.002670 s
currentSize : 24 <-- 0.002848 s
currentSize : 25 <-- 0.038340 s
currentSize : 26 <-- 0.119517 s
currentSize : 27 <-- 6.704432 s
currentSize : 28 <-- 11.701154 s
currentSize : 29 <-- 14.256381 s
currentSize : 30 <-- 207.049591 s

maxsize : 30
nodes : 73491649.000000
filtered : 540905311.000000
time : 307.700287
