Parameters: GAD=1 vflib=1 dir=0 label=0 vlabel=1 lowerbound=1 fileNameGp=../../cp2016-max-common-connected-subgraph-paper/datasets/graphsdb/mcs30/rand/r005/mcs30_r005_s60.A02 fileNameGt=../../cp2016-max-common-connected-subgraph-paper/datasets/graphsdb/mcs30/rand/r005/mcs30_r005_s60.B02
Reading graphs...
60 :  176
60 :  175
Initializing...
maxdom : 8
D->valSize : 257
Solving...
Blb : 2 (clique : 18)
currentSize : 18 <-- 0.001782 s
currentSize : 19 <-- 0.003877 s
currentSize : 20 <-- 0.013397 s
currentSize : 21 <-- 0.030244 s
currentSize : 22 <-- 1.753577 s
currentSize : 23 <-- 6.731215 s

maxsize : 23
nodes : 23560711.000000
filtered : 169173331.000000
time : 104.519936
