Parameters: GAD=1 vflib=1 dir=0 label=0 vlabel=1 lowerbound=1 fileNameGp=../../cp2016-max-common-connected-subgraph-paper/datasets/graphsdb/mcs30/m3D/m3Dr6/mcs30_m3Dr6_s70.A09 fileNameGt=../../cp2016-max-common-connected-subgraph-paper/datasets/graphsdb/mcs30/m3D/m3Dr6/mcs30_m3Dr6_s70.B09
Reading graphs...
70 :  200
70 :  194
Initializing...
maxdom : 7
D->valSize : 315
Solving...
Blb : 2 (clique : 23)
currentSize : 23 <-- 0.002599 s
currentSize : 24 <-- 0.012204 s
currentSize : 25 <-- 0.069102 s
currentSize : 26 <-- 8.154106 s
currentSize : 27 <-- 43.932472 s
currentSize : 28 <-- 64.562149 s
currentSize : 29 <-- 164.191620 s
currentSize : 30 <-- 164.341202 s
currentSize : 31 <-- 211.290863 s

maxsize : 31
nodes : 81382796.000000
filtered : 644505527.000000
time : 387.123566
