Parameters: GAD=1 vflib=1 dir=0 label=0 vlabel=1 lowerbound=1 fileNameGp=../../cp2016-max-common-connected-subgraph-paper/datasets/graphsdb/mcs30/bvg/b06m/mcs30_b06m_s70.A09 fileNameGt=../../cp2016-max-common-connected-subgraph-paper/datasets/graphsdb/mcs30/bvg/b06m/mcs30_b06m_s70.B09
Reading graphs...
70 :  204
70 :  205
Initializing...
maxdom : 8
D->valSize : 309
Solving...
Blb : 2 (clique : 22)
currentSize : 22 <-- 0.002656 s
currentSize : 23 <-- 0.006814 s
currentSize : 24 <-- 0.006958 s
currentSize : 25 <-- 0.112846 s
currentSize : 26 <-- 5.203946 s
currentSize : 27 <-- 24.556952 s
currentSize : 28 <-- 51.224663 s
currentSize : 29 <-- 188.762451 s
currentSize : 30 <-- 986.234436 s

TIMEOUT
maxsize : 30
nodes : 220269622.000000
filtered : 1541993221.000000
time : 1000.000061
