Parameters: GAD=1 vflib=1 dir=0 label=0 vlabel=1 lowerbound=1 fileNameGp=../../cp2016-max-common-connected-subgraph-paper/datasets/graphsdb/mcs30/bvg/b09m/mcs30_b09m_s80.A08 fileNameGt=../../cp2016-max-common-connected-subgraph-paper/datasets/graphsdb/mcs30/bvg/b09m/mcs30_b09m_s80.B08
Reading graphs...
80 :  354
80 :  353
Initializing...
maxdom : 11
D->valSize : 447
Solving...
Blb : 2 (clique : 21)
currentSize : 21 <-- 0.004258 s
currentSize : 22 <-- 0.021303 s
currentSize : 23 <-- 0.463718 s
currentSize : 24 <-- 0.571829 s
currentSize : 25 <-- 2.961826 s
currentSize : 26 <-- 374.860046 s
currentSize : 27 <-- 538.759521 s
currentSize : 28 <-- 641.156860 s

TIMEOUT
maxsize : 28
nodes : 187365106.000000
filtered : 1832346094.000000
time : 1000.000061
