Parameters: GAD=1 vflib=1 dir=0 label=0 vlabel=1 lowerbound=1 fileNameGp=../../cp2016-max-common-connected-subgraph-paper/datasets/graphsdb/mcs30/rand/r005/mcs30_r005_s100.A05 fileNameGt=../../cp2016-max-common-connected-subgraph-paper/datasets/graphsdb/mcs30/rand/r005/mcs30_r005_s100.B05
Reading graphs...
100 :  486
100 :  481
Initializing...
maxdom : 7
D->valSize : 353
Solving...
Blb : 2 (clique : 21)
currentSize : 21 <-- 0.003452 s
currentSize : 22 <-- 0.007210 s
currentSize : 23 <-- 0.446723 s
currentSize : 24 <-- 0.791606 s
currentSize : 25 <-- 2.961190 s
currentSize : 26 <-- 33.689850 s
currentSize : 27 <-- 35.773041 s
currentSize : 28 <-- 54.423275 s
currentSize : 29 <-- 114.584877 s
currentSize : 30 <-- 452.373535 s

TIMEOUT
maxsize : 30
nodes : 193418931.000000
filtered : 939038229.000000
time : 1000.000061
