Parameters: GAD=1 vflib=1 dir=0 label=0 vlabel=1 lowerbound=1 fileNameGp=../../cp2016-max-common-connected-subgraph-paper/datasets/graphsdb/mcs30/m3D/m3Dr2/mcs30_m3Dr2_s70.A09 fileNameGt=../../cp2016-max-common-connected-subgraph-paper/datasets/graphsdb/mcs30/m3D/m3Dr2/mcs30_m3Dr2_s70.B09
Reading graphs...
70 :  171
70 :  172
Initializing...
maxdom : 8
D->valSize : 317
Solving...
Blb : 2 (clique : 25)
currentSize : 25 <-- 0.002645 s
currentSize : 26 <-- 0.004243 s
currentSize : 28 <-- 0.014053 s
currentSize : 29 <-- 0.022203 s
currentSize : 30 <-- 0.815496 s
currentSize : 31 <-- 10.701498 s

TIMEOUT
maxsize : 31
nodes : 211542179.000000
filtered : 1526346675.000000
time : 1000.000000
