Parameters: GAD=1 vflib=1 dir=0 label=0 vlabel=1 lowerbound=1 fileNameGp=../../cp2016-max-common-connected-subgraph-paper/datasets/graphsdb/mcs30/rand/r005/mcs30_r005_s80.A06 fileNameGt=../../cp2016-max-common-connected-subgraph-paper/datasets/graphsdb/mcs30/rand/r005/mcs30_r005_s80.B06
Reading graphs...
80 :  303
80 :  306
Initializing...
maxdom : 9
D->valSize : 457
Solving...
Blb : 2 (clique : 22)
currentSize : 22 <-- 0.007328 s
currentSize : 23 <-- 0.008138 s
currentSize : 24 <-- 0.013948 s
currentSize : 25 <-- 0.017129 s
currentSize : 26 <-- 0.189234 s
currentSize : 27 <-- 1.643376 s
currentSize : 28 <-- 52.723606 s
currentSize : 29 <-- 58.637199 s

TIMEOUT
maxsize : 29
nodes : 183815228.000000
filtered : 1570184802.000000
time : 1000.000061
