Parameters: GAD=1 vflib=1 dir=0 label=0 vlabel=1 lowerbound=1 fileNameGp=../../cp2016-max-common-connected-subgraph-paper/datasets/graphsdb/mcs30/m4D/m4Dr4/mcs30_m4Dr4_s90.A07 fileNameGt=../../cp2016-max-common-connected-subgraph-paper/datasets/graphsdb/mcs30/m4D/m4Dr4/mcs30_m4Dr4_s90.B07
Reading graphs...
90 :  182
90 :  181
Initializing...
maxdom : 9
D->valSize : 537
Solving...
Blb : 3 (clique : 32)
currentSize : 32 <-- 0.006170 s
currentSize : 33 <-- 0.213582 s
currentSize : 34 <-- 0.254887 s
currentSize : 35 <-- 8.350428 s
currentSize : 36 <-- 15.686647 s
currentSize : 37 <-- 46.088184 s
currentSize : 38 <-- 136.589294 s

TIMEOUT
maxsize : 38
nodes : 209521773.000000
filtered : 1234334945.000000
time : 1000.000061
