Parameters: GAD=1 vflib=1 dir=0 label=0 vlabel=1 lowerbound=1 fileNameGp=../../cp2016-max-common-connected-subgraph-paper/datasets/graphsdb/mcs30/rand/r01/mcs30_r01_s50.A00 fileNameGt=../../cp2016-max-common-connected-subgraph-paper/datasets/graphsdb/mcs30/rand/r01/mcs30_r01_s50.B00
Reading graphs...
50 :  236
50 :  232
Initializing...
maxdom : 10
D->valSize : 323
Solving...
Blb : 2 (clique : 12)
currentSize : 12 <-- 0.002191 s
currentSize : 13 <-- 0.002274 s
currentSize : 14 <-- 0.003099 s
currentSize : 15 <-- 0.024274 s
currentSize : 16 <-- 0.105964 s
currentSize : 17 <-- 1.469380 s
currentSize : 18 <-- 8.876173 s

maxsize : 18
nodes : 11969865.000000
filtered : 107245717.000000
time : 47.981564
