Parameters: GAD=1 vflib=1 dir=0 label=0 vlabel=1 lowerbound=1 fileNameGp=../../cp2016-max-common-connected-subgraph-paper/datasets/graphsdb/mcs30/bvg/b03m/mcs30_b03m_s90.A09 fileNameGt=../../cp2016-max-common-connected-subgraph-paper/datasets/graphsdb/mcs30/bvg/b03m/mcs30_b03m_s90.B09
Reading graphs...
90 :  134
90 :  134
Initializing...
maxdom : 9
D->valSize : 522
Solving...
Blb : 2 (clique : 37)
currentSize : 37 <-- 0.006161 s
currentSize : 38 <-- 0.006451 s
currentSize : 39 <-- 0.006545 s
currentSize : 40 <-- 0.006650 s
currentSize : 41 <-- 0.104105 s
currentSize : 42 <-- 0.104773 s
currentSize : 43 <-- 202.059372 s

TIMEOUT
maxsize : 43
nodes : 202830247.000000
filtered : 1249134885.000000
time : 1000.000061
