Parameters: GAD=1 vflib=1 dir=0 label=0 vlabel=1 lowerbound=1 fileNameGp=../../cp2016-max-common-connected-subgraph-paper/datasets/graphsdb/mcs30/m4D/m4Dr4/mcs30_m4Dr4_s90.A06 fileNameGt=../../cp2016-max-common-connected-subgraph-paper/datasets/graphsdb/mcs30/m4D/m4Dr4/mcs30_m4Dr4_s90.B06
Reading graphs...
90 :  180
90 :  180
Initializing...
maxdom : 13
D->valSize : 540
Solving...
Blb : 2 (clique : 32)
currentSize : 32 <-- 0.010623 s
currentSize : 34 <-- 0.011022 s
currentSize : 35 <-- 0.011209 s
currentSize : 36 <-- 0.014143 s
currentSize : 37 <-- 3.949672 s
currentSize : 38 <-- 4.032629 s
currentSize : 39 <-- 4.035407 s
currentSize : 40 <-- 636.470154 s

TIMEOUT
maxsize : 40
nodes : 196700024.000000
filtered : 1490230048.000000
time : 1000.000061
