Parameters: GAD=1 vflib=1 dir=0 label=0 vlabel=1 lowerbound=1 fileNameGp=../../cp2016-max-common-connected-subgraph-paper/datasets/graphsdb/mcs30/m3D/m3Dr2/mcs30_m3Dr2_s100.A07 fileNameGt=../../cp2016-max-common-connected-subgraph-paper/datasets/graphsdb/mcs30/m3D/m3Dr2/mcs30_m3Dr2_s100.B07
Reading graphs...
100 :  254
100 :  252
Initializing...
maxdom : 7
D->valSize : 345
Solving...
Blb : 2 (clique : 30)
currentSize : 30 <-- 0.003684 s
currentSize : 31 <-- 0.005599 s
currentSize : 32 <-- 0.011081 s
currentSize : 33 <-- 17.431925 s
currentSize : 34 <-- 226.416779 s
currentSize : 35 <-- 339.672943 s
currentSize : 36 <-- 656.411316 s

TIMEOUT
maxsize : 36
nodes : 194991059.000000
filtered : 822936806.000000
time : 1000.000061
