Parameters: GAD=1 vflib=1 dir=0 label=0 vlabel=1 lowerbound=1 fileNameGp=../../cp2016-max-common-connected-subgraph-paper/datasets/graphsdb/mcs30/m2D/m2Dr2/mcs30_m2Dr2_s60.A01 fileNameGt=../../cp2016-max-common-connected-subgraph-paper/datasets/graphsdb/mcs30/m2D/m2Dr2/mcs30_m2Dr2_s60.B01
Reading graphs...
60 :  116
60 :  116
Initializing...
maxdom : 6
D->valSize : 228
Solving...
Blb : 2 (clique : 21)
currentSize : 21 <-- 0.002403 s
currentSize : 22 <-- 0.002877 s
currentSize : 23 <-- 0.008035 s
currentSize : 24 <-- 0.019878 s
currentSize : 25 <-- 0.185581 s
currentSize : 26 <-- 0.407489 s
currentSize : 27 <-- 20.482700 s
currentSize : 28 <-- 207.595963 s

maxsize : 28
nodes : 68363709.000000
filtered : 394611058.000000
time : 281.415588
