Parameters: GAD=1 vflib=1 dir=0 label=0 vlabel=1 lowerbound=1 fileNameGp=../../cp2016-max-common-connected-subgraph-paper/datasets/graphsdb/mcs30/bvg/b09m/mcs30_b09m_s50.A06 fileNameGt=../../cp2016-max-common-connected-subgraph-paper/datasets/graphsdb/mcs30/bvg/b09m/mcs30_b09m_s50.B06
Reading graphs...
50 :  210
50 :  215
Initializing...
maxdom : 11
D->valSize : 293
Solving...
Blb : 2 (clique : 13)
currentSize : 13 <-- 0.003039 s
currentSize : 14 <-- 0.003191 s
currentSize : 15 <-- 0.003292 s
currentSize : 16 <-- 0.308867 s
currentSize : 17 <-- 0.524793 s
currentSize : 18 <-- 0.540935 s
currentSize : 19 <-- 0.548466 s

maxsize : 19
nodes : 1189271.000000
filtered : 11938722.000000
time : 5.203669
