Parameters: GAD=1 vflib=1 dir=0 label=0 vlabel=1 lowerbound=1 fileNameGp=../../cp2016-max-common-connected-subgraph-paper/datasets/graphsdb/mcs30/m2D/m2Dr2/mcs30_m2Dr2_s50.A06 fileNameGt=../../cp2016-max-common-connected-subgraph-paper/datasets/graphsdb/mcs30/m2D/m2Dr2/mcs30_m2Dr2_s50.B06
Reading graphs...
50 :  94
50 :  91
Initializing...
maxdom : 10
D->valSize : 325
Solving...
Blb : 2 (clique : 20)
currentSize : 20 <-- 0.002412 s
currentSize : 21 <-- 0.002526 s
currentSize : 22 <-- 0.002576 s
currentSize : 23 <-- 0.003019 s
currentSize : 24 <-- 0.035323 s
currentSize : 25 <-- 26.137020 s
currentSize : 26 <-- 356.618347 s

maxsize : 26
nodes : 139680093.000000
filtered : 1561778448.000000
time : 574.360474
