Parameters: GAD=1 vflib=1 dir=0 label=0 vlabel=1 lowerbound=1 fileNameGp=../../cp2016-max-common-connected-subgraph-paper/datasets/graphsdb/mcs30/bvg/b09/mcs30_b09_s100.A01 fileNameGt=../../cp2016-max-common-connected-subgraph-paper/datasets/graphsdb/mcs30/bvg/b09/mcs30_b09_s100.B01
Reading graphs...
100 :  448
100 :  445
Initializing...
maxdom : 7
D->valSize : 334
Solving...
Blb : 5 (clique : 22)
currentSize : 22 <-- 0.003187 s
currentSize : 23 <-- 0.003429 s
currentSize : 24 <-- 0.004107 s
currentSize : 25 <-- 0.006201 s
currentSize : 26 <-- 0.787518 s
currentSize : 27 <-- 1.511351 s
currentSize : 28 <-- 51.140640 s
currentSize : 29 <-- 69.572250 s
currentSize : 30 <-- 491.638092 s

TIMEOUT
maxsize : 30
nodes : 187623289.000000
filtered : 1050952131.000000
time : 1000.000061
