Parameters: GAD=1 vflib=1 dir=0 label=0 vlabel=1 lowerbound=1 fileNameGp=../../cp2016-max-common-connected-subgraph-paper/datasets/graphsdb/mcs30/bvg/b03/mcs30_b03_s90.A08 fileNameGt=../../cp2016-max-common-connected-subgraph-paper/datasets/graphsdb/mcs30/bvg/b03/mcs30_b03_s90.B08
Reading graphs...
90 :  135
90 :  135
Initializing...
maxdom : 10
D->valSize : 557
Solving...
Blb : 2 (clique : 39)
currentSize : 39 <-- 0.006950 s
currentSize : 40 <-- 0.007272 s
currentSize : 41 <-- 0.007480 s
currentSize : 42 <-- 0.008422 s
currentSize : 43 <-- 0.011136 s
currentSize : 44 <-- 5.154940 s
currentSize : 45 <-- 5.155678 s

TIMEOUT
maxsize : 45
nodes : 227234198.000000
filtered : 1336614494.000000
time : 1000.000122
