Parameters: GAD=1 vflib=1 dir=0 label=0 vlabel=1 lowerbound=1 fileNameGp=../../cp2016-max-common-connected-subgraph-paper/datasets/graphsdb/mcs30/m3D/m3D/mcs30_m3D_s70.A06 fileNameGt=../../cp2016-max-common-connected-subgraph-paper/datasets/graphsdb/mcs30/m3D/m3D/mcs30_m3D_s70.B06
Reading graphs...
70 :  158
70 :  159
Initializing...
maxdom : 11
D->valSize : 361
Solving...
Blb : 2 (clique : 28)
currentSize : 28 <-- 0.003033 s
currentSize : 30 <-- 0.003245 s
currentSize : 31 <-- 0.013381 s
currentSize : 32 <-- 0.143326 s
currentSize : 33 <-- 0.684548 s
currentSize : 34 <-- 0.781621 s

maxsize : 34
nodes : 42718016.000000
filtered : 404951932.000000
time : 222.340927
