Parameters: GAD=1 vflib=1 dir=0 label=0 vlabel=1 lowerbound=1 fileNameGp=../../cp2016-max-common-connected-subgraph-paper/datasets/graphsdb/mcs30/bvg/b03m/mcs30_b03m_s50.A08 fileNameGt=../../cp2016-max-common-connected-subgraph-paper/datasets/graphsdb/mcs30/bvg/b03m/mcs30_b03m_s50.B08
Reading graphs...
50 :  75
50 :  75
Initializing...
maxdom : 9
D->valSize : 331
Solving...
Blb : 2 (clique : 23)
currentSize : 23 <-- 0.003806 s
currentSize : 24 <-- 0.009958 s
currentSize : 25 <-- 0.111413 s
currentSize : 26 <-- 1.125362 s
currentSize : 27 <-- 3.134430 s
currentSize : 28 <-- 79.112343 s
currentSize : 29 <-- 417.461670 s

maxsize : 29
nodes : 125148334.000000
filtered : 1106989431.000000
time : 491.133301
