Parameters: GAD=1 vflib=1 dir=0 label=0 vlabel=1 lowerbound=1 fileNameGp=../../cp2016-max-common-connected-subgraph-paper/datasets/graphsdb/mcs30/bvg/b09m/mcs30_b09m_s70.A06 fileNameGt=../../cp2016-max-common-connected-subgraph-paper/datasets/graphsdb/mcs30/bvg/b09m/mcs30_b09m_s70.B06
Reading graphs...
70 :  304
70 :  308
Initializing...
maxdom : 10
D->valSize : 358
Solving...
Blb : 3 (clique : 18)
currentSize : 18 <-- 0.004439 s
currentSize : 19 <-- 0.006353 s
currentSize : 20 <-- 0.029130 s
currentSize : 21 <-- 0.136695 s
currentSize : 22 <-- 0.595433 s
currentSize : 23 <-- 3.490995 s
currentSize : 24 <-- 21.699581 s
currentSize : 25 <-- 64.569412 s

maxsize : 25
nodes : 99833333.000000
filtered : 1122939286.000000
time : 508.904938
