Parameters: GAD=1 vflib=1 dir=0 label=0 vlabel=1 lowerbound=1 fileNameGp=../../cp2016-max-common-connected-subgraph-paper/datasets/graphsdb/mcs30/m2D/m2Dr2/mcs30_m2Dr2_s60.A02 fileNameGt=../../cp2016-max-common-connected-subgraph-paper/datasets/graphsdb/mcs30/m2D/m2Dr2/mcs30_m2Dr2_s60.B02
Reading graphs...
60 :  114
60 :  115
Initializing...
maxdom : 7
D->valSize : 224
Solving...
Blb : 2 (clique : 21)
currentSize : 21 <-- 0.002482 s
currentSize : 22 <-- 0.007925 s
currentSize : 23 <-- 0.032842 s
currentSize : 24 <-- 1.544313 s
currentSize : 25 <-- 3.471364 s
currentSize : 26 <-- 7.746353 s
currentSize : 27 <-- 8.604428 s
currentSize : 28 <-- 47.155430 s

maxsize : 28
nodes : 25585448.000000
filtered : 151286054.000000
time : 98.035362
