Parameters: GAD=1 vflib=1 dir=0 label=0 vlabel=1 lowerbound=1 fileNameGp=../../cp2016-max-common-connected-subgraph-paper/datasets/graphsdb/mcs30/m2D/m2D/mcs30_m2D_s50.A09 fileNameGt=../../cp2016-max-common-connected-subgraph-paper/datasets/graphsdb/mcs30/m2D/m2D/mcs30_m2D_s50.B09
Reading graphs...
50 :  85
50 :  84
Initializing...
maxdom : 9
D->valSize : 344
Solving...
Blb : 2 (clique : 20)
currentSize : 20 <-- 0.002832 s
currentSize : 21 <-- 0.002961 s
currentSize : 22 <-- 0.004122 s
currentSize : 23 <-- 0.006698 s
currentSize : 24 <-- 0.008388 s
currentSize : 25 <-- 0.704473 s
currentSize : 26 <-- 1.646776 s

TIMEOUT
maxsize : 26
nodes : 220390549.000000
filtered : 2432602309.000000
time : 1000.000000
