Parameters: GAD=1 vflib=1 dir=0 label=0 vlabel=1 lowerbound=1 fileNameGp=../../cp2016-max-common-connected-subgraph-paper/datasets/graphsdb/mcs30/bvg/b06/mcs30_b06_s50.A00 fileNameGt=../../cp2016-max-common-connected-subgraph-paper/datasets/graphsdb/mcs30/bvg/b06/mcs30_b06_s50.B00
Reading graphs...
50 :  148
50 :  148
Initializing...
maxdom : 8
D->valSize : 313
Solving...
Blb : 2 (clique : 16)
currentSize : 16 <-- 0.002134 s
currentSize : 17 <-- 0.002570 s
currentSize : 18 <-- 0.016539 s
currentSize : 19 <-- 0.016582 s
currentSize : 20 <-- 6.790095 s
currentSize : 21 <-- 33.343441 s
currentSize : 22 <-- 119.544533 s

maxsize : 22
nodes : 30334014.000000
filtered : 319740102.000000
time : 126.889038
