Parameters: GAD=1 vflib=1 dir=0 label=0 vlabel=1 lowerbound=1 fileNameGp=../../cp2016-max-common-connected-subgraph-paper/datasets/graphsdb/mcs30/m2D/m2D/mcs30_m2D_s70.A07 fileNameGt=../../cp2016-max-common-connected-subgraph-paper/datasets/graphsdb/mcs30/m2D/m2D/mcs30_m2D_s70.B07
Reading graphs...
70 :  122
70 :  122
Initializing...
maxdom : 8
D->valSize : 319
Solving...
Blb : 2 (clique : 27)
currentSize : 27 <-- 0.002632 s
currentSize : 28 <-- 0.026530 s
currentSize : 29 <-- 0.051829 s
currentSize : 30 <-- 0.065311 s
currentSize : 31 <-- 0.065584 s
currentSize : 32 <-- 1.350062 s
currentSize : 33 <-- 1.381421 s
currentSize : 34 <-- 14.332235 s

TIMEOUT
maxsize : 34
nodes : 201085158.000000
filtered : 1514387847.000000
time : 1000.000061
