Parameters: GAD=1 vflib=1 dir=0 label=0 vlabel=1 lowerbound=1 fileNameGp=../../cp2016-max-common-connected-subgraph-paper/datasets/graphsdb/mcs30/m3D/m3Dr6/mcs30_m3Dr6_s100.A01 fileNameGt=../../cp2016-max-common-connected-subgraph-paper/datasets/graphsdb/mcs30/m3D/m3Dr6/mcs30_m3Dr6_s100.B01
Reading graphs...
100 :  292
100 :  288
Initializing...
maxdom : 8
D->valSize : 345
Solving...
Blb : 5 (clique : 25)
currentSize : 25 <-- 0.003317 s
currentSize : 26 <-- 0.004852 s
currentSize : 27 <-- 0.008167 s
currentSize : 28 <-- 0.009055 s
currentSize : 29 <-- 0.024247 s
currentSize : 30 <-- 0.249391 s
currentSize : 31 <-- 2.035225 s
currentSize : 32 <-- 10.097895 s
currentSize : 33 <-- 10.104859 s
currentSize : 34 <-- 13.733453 s
currentSize : 35 <-- 283.059662 s

TIMEOUT
maxsize : 35
nodes : 204935361.000000
filtered : 748249431.000000
time : 1000.000061
