Parameters: GAD=1 vflib=1 dir=0 label=0 vlabel=1 lowerbound=1 fileNameGp=../../cp2016-max-common-connected-subgraph-paper/datasets/graphsdb/mcs30/bvg/b09m/mcs30_b09m_s100.A09 fileNameGt=../../cp2016-max-common-connected-subgraph-paper/datasets/graphsdb/mcs30/bvg/b09m/mcs30_b09m_s100.B09
Reading graphs...
100 :  442
100 :  440
Initializing...
maxdom : 7
D->valSize : 340
Solving...
Blb : 2 (clique : 20)
currentSize : 20 <-- 0.003320 s
currentSize : 21 <-- 0.003892 s
currentSize : 22 <-- 0.004062 s
currentSize : 23 <-- 0.009337 s
currentSize : 24 <-- 0.033863 s
currentSize : 25 <-- 0.880299 s
currentSize : 26 <-- 4.717314 s
currentSize : 27 <-- 28.457041 s
currentSize : 28 <-- 79.918259 s
currentSize : 29 <-- 111.102959 s
currentSize : 30 <-- 179.903168 s
currentSize : 31 <-- 195.860779 s
currentSize : 32 <-- 195.940201 s
currentSize : 33 <-- 197.626480 s

TIMEOUT
maxsize : 33
nodes : 190345531.000000
filtered : 894584537.000000
time : 1000.000061
