Parameters: GAD=1 vflib=1 dir=0 label=0 vlabel=1 lowerbound=1 fileNameGp=../../cp2016-max-common-connected-subgraph-paper/datasets/graphsdb/mcs30/m3D/m3Dr4/mcs30_m3Dr4_s100.A09 fileNameGt=../../cp2016-max-common-connected-subgraph-paper/datasets/graphsdb/mcs30/m3D/m3Dr4/mcs30_m3Dr4_s100.B09
Reading graphs...
100 :  273
100 :  271
Initializing...
maxdom : 7
D->valSize : 328
Solving...
Blb : 2 (clique : 27)
currentSize : 27 <-- 0.003241 s
currentSize : 28 <-- 0.003440 s
currentSize : 29 <-- 0.003558 s
currentSize : 30 <-- 0.003844 s
currentSize : 31 <-- 0.018835 s
currentSize : 32 <-- 0.936351 s
currentSize : 33 <-- 2.085955 s
currentSize : 34 <-- 38.520649 s

TIMEOUT
maxsize : 34
nodes : 202404036.000000
filtered : 846437031.000000
time : 1000.000061
