Parameters: GAD=1 vflib=1 dir=0 label=0 vlabel=1 lowerbound=1 fileNameGp=../../cp2016-max-common-connected-subgraph-paper/datasets/graphsdb/mcs30/m2D/m2Dr6/mcs30_m2Dr6_s50.A06 fileNameGt=../../cp2016-max-common-connected-subgraph-paper/datasets/graphsdb/mcs30/m2D/m2Dr6/mcs30_m2Dr6_s50.B06
Reading graphs...
50 :  113
50 :  112
Initializing...
maxdom : 10
D->valSize : 314
Solving...
Blb : 2 (clique : 17)
currentSize : 17 <-- 0.002182 s
currentSize : 18 <-- 0.003383 s
currentSize : 19 <-- 0.042272 s
currentSize : 20 <-- 0.053694 s
currentSize : 21 <-- 0.056394 s
currentSize : 22 <-- 0.060322 s
currentSize : 23 <-- 1.409142 s
currentSize : 24 <-- 2.705982 s

maxsize : 24
nodes : 14372475.000000
filtered : 176477224.000000
time : 66.435013
