Parameters: GAD=1 vflib=1 dir=0 label=0 vlabel=1 lowerbound=1 fileNameGp=../../cp2016-max-common-connected-subgraph-paper/datasets/graphsdb/mcs30/rand/r01/mcs30_r01_s70.A04 fileNameGt=../../cp2016-max-common-connected-subgraph-paper/datasets/graphsdb/mcs30/rand/r01/mcs30_r01_s70.B04
Reading graphs...
70 :  454
70 :  459
Initializing...
maxdom : 7
D->valSize : 327
Solving...
Blb : 3 (clique : 13)
currentSize : 13 <-- 0.002512 s
currentSize : 14 <-- 0.002646 s
currentSize : 15 <-- 0.008924 s
currentSize : 16 <-- 0.009892 s
currentSize : 17 <-- 0.069134 s
currentSize : 18 <-- 0.806855 s
currentSize : 19 <-- 5.490394 s
currentSize : 20 <-- 6.647702 s
currentSize : 21 <-- 41.966587 s

maxsize : 21
nodes : 27731964.000000
filtered : 216277645.000000
time : 132.595505
