Parameters: GAD=1 vflib=1 dir=0 label=0 vlabel=1 lowerbound=1 fileNameGp=../../cp2016-max-common-connected-subgraph-paper/datasets/graphsdb/mcs30/m2D/m2Dr2/mcs30_m2Dr2_s100.A07 fileNameGt=../../cp2016-max-common-connected-subgraph-paper/datasets/graphsdb/mcs30/m2D/m2Dr2/mcs30_m2Dr2_s100.B07
Reading graphs...
100 :  196
100 :  200
Initializing...
maxdom : 7
D->valSize : 338
Solving...
Blb : 2 (clique : 31)
currentSize : 31 <-- 0.003292 s
currentSize : 32 <-- 0.003549 s
currentSize : 33 <-- 0.006489 s
currentSize : 34 <-- 0.141755 s
currentSize : 35 <-- 0.536430 s
currentSize : 36 <-- 46.341545 s
currentSize : 37 <-- 353.489227 s

TIMEOUT
maxsize : 37
nodes : 228605439.000000
filtered : 724824680.000000
time : 1000.000061
