Parameters: GAD=1 vflib=1 dir=0 label=0 vlabel=1 lowerbound=1 fileNameGp=../../cp2016-max-common-connected-subgraph-paper/datasets/graphsdb/mcs30/m3D/m3Dr2/mcs30_m3Dr2_s70.A08 fileNameGt=../../cp2016-max-common-connected-subgraph-paper/datasets/graphsdb/mcs30/m3D/m3Dr2/mcs30_m3Dr2_s70.B08
Reading graphs...
70 :  173
70 :  171
Initializing...
maxdom : 8
D->valSize : 350
Solving...
Blb : 2 (clique : 21)
currentSize : 21 <-- 0.003016 s
currentSize : 22 <-- 0.003159 s
currentSize : 23 <-- 0.006055 s
currentSize : 24 <-- 0.009839 s
currentSize : 25 <-- 0.014495 s
currentSize : 26 <-- 0.315826 s
currentSize : 27 <-- 0.646103 s
currentSize : 28 <-- 2.176417 s
currentSize : 29 <-- 42.934326 s
currentSize : 30 <-- 213.379456 s
currentSize : 31 <-- 299.228668 s
currentSize : 32 <-- 303.790466 s

TIMEOUT
maxsize : 32
nodes : 192354722.000000
filtered : 1741756783.000000
time : 1000.000000
