Parameters: GAD=1 vflib=1 dir=0 label=0 vlabel=1 lowerbound=1 fileNameGp=../../cp2016-max-common-connected-subgraph-paper/datasets/graphsdb/mcs30/m4D/m4D/mcs30_m4D_s70.A03 fileNameGt=../../cp2016-max-common-connected-subgraph-paper/datasets/graphsdb/mcs30/m4D/m4D/mcs30_m4D_s70.B03
Reading graphs...
70 :  118
70 :  118
Initializing...
maxdom : 9
D->valSize : 328
Solving...
Blb : 2 (clique : 25)
currentSize : 25 <-- 0.002684 s
currentSize : 27 <-- 0.002830 s
currentSize : 28 <-- 0.003559 s
currentSize : 29 <-- 0.014551 s
currentSize : 30 <-- 175.028976 s
currentSize : 31 <-- 202.419922 s
currentSize : 32 <-- 209.026489 s
currentSize : 33 <-- 699.492615 s
currentSize : 34 <-- 732.446045 s

TIMEOUT
maxsize : 34
nodes : 260034499.000000
filtered : 1299802620.000000
time : 1000.000061
