Parameters: GAD=1 vflib=1 dir=0 label=0 vlabel=1 lowerbound=1 fileNameGp=../../cp2016-max-common-connected-subgraph-paper/datasets/graphsdb/mcs30/m3D/m3Dr6/mcs30_m3Dr6_s80.A01 fileNameGt=../../cp2016-max-common-connected-subgraph-paper/datasets/graphsdb/mcs30/m3D/m3Dr6/mcs30_m3Dr6_s80.B01
Reading graphs...
80 :  227
80 :  227
Initializing...
maxdom : 9
D->valSize : 433
Solving...
Blb : 2 (clique : 24)
currentSize : 24 <-- 0.004128 s
currentSize : 25 <-- 0.004310 s
currentSize : 26 <-- 0.004587 s
currentSize : 27 <-- 0.005827 s
currentSize : 28 <-- 0.011733 s
currentSize : 29 <-- 0.052144 s
currentSize : 30 <-- 0.310342 s
currentSize : 31 <-- 2.086898 s
currentSize : 32 <-- 18.117727 s
currentSize : 33 <-- 135.329483 s
currentSize : 34 <-- 264.645660 s

TIMEOUT
maxsize : 34
nodes : 188741973.000000
filtered : 1607742028.000000
time : 1000.000061
