Parameters: GAD=1 vflib=1 dir=0 label=0 vlabel=1 lowerbound=1 fileNameGp=../../cp2016-max-common-connected-subgraph-paper/datasets/graphsdb/mcs30/rand/r01/mcs30_r01_s100.A09 fileNameGt=../../cp2016-max-common-connected-subgraph-paper/datasets/graphsdb/mcs30/rand/r01/mcs30_r01_s100.B09
Reading graphs...
100 :  936
100 :  938
Initializing...
maxdom : 7
D->valSize : 323
Solving...
Blb : 2 (clique : 15)
currentSize : 15 <-- 0.003055 s
currentSize : 16 <-- 0.003279 s
currentSize : 17 <-- 0.004217 s
currentSize : 18 <-- 0.092727 s
currentSize : 19 <-- 0.098139 s
currentSize : 20 <-- 0.811118 s
currentSize : 21 <-- 0.853380 s
currentSize : 22 <-- 3.937720 s
currentSize : 23 <-- 4.469153 s
currentSize : 24 <-- 28.346563 s
currentSize : 25 <-- 62.130184 s
currentSize : 27 <-- 66.337723 s
currentSize : 28 <-- 70.072144 s
currentSize : 30 <-- 70.823730 s

maxsize : 30
nodes : 14181433.000000
filtered : 104441533.000000
time : 82.854881
