Parameters: GAD=1 vflib=1 dir=0 label=0 vlabel=1 lowerbound=1 fileNameGp=../../cp2016-max-common-connected-subgraph-paper/datasets/graphsdb/mcs30/m4D/m4D/mcs30_m4D_s90.A01 fileNameGt=../../cp2016-max-common-connected-subgraph-paper/datasets/graphsdb/mcs30/m4D/m4D/mcs30_m4D_s90.B01
Reading graphs...
90 :  146
90 :  145
Initializing...
maxdom : 9
D->valSize : 517
Solving...
Blb : 2 (clique : 38)
currentSize : 38 <-- 0.005781 s
currentSize : 39 <-- 0.045661 s
currentSize : 40 <-- 0.047360 s
currentSize : 41 <-- 0.050310 s
currentSize : 42 <-- 0.112713 s
currentSize : 44 <-- 0.151940 s
currentSize : 45 <-- 0.164993 s

TIMEOUT
maxsize : 45
nodes : 187565118.000000
filtered : 1206108560.000000
time : 1000.000061
