Parameters: GAD=1 vflib=1 dir=0 label=0 vlabel=1 lowerbound=1 fileNameGp=../../cp2016-max-common-connected-subgraph-paper/datasets/graphsdb/mcs30/m4D/m4D/mcs30_m4D_s70.A05 fileNameGt=../../cp2016-max-common-connected-subgraph-paper/datasets/graphsdb/mcs30/m4D/m4D/mcs30_m4D_s70.B05
Reading graphs...
70 :  118
70 :  117
Initializing...
maxdom : 10
D->valSize : 311
Solving...
Blb : 2 (clique : 25)
currentSize : 25 <-- 0.002595 s
currentSize : 26 <-- 0.002753 s
currentSize : 27 <-- 0.004785 s
currentSize : 28 <-- 0.157813 s
currentSize : 29 <-- 7.244830 s
currentSize : 30 <-- 60.658844 s
currentSize : 31 <-- 183.325485 s
currentSize : 32 <-- 406.275940 s

TIMEOUT
maxsize : 32
nodes : 254433167.000000
filtered : 1597283986.000000
time : 1000.000000
