Parameters: GAD=1 vflib=1 dir=0 label=0 vlabel=1 lowerbound=1 fileNameGp=../../cp2016-max-common-connected-subgraph-paper/datasets/graphsdb/mcs30/bvg/b09m/mcs30_b09m_s100.A08 fileNameGt=../../cp2016-max-common-connected-subgraph-paper/datasets/graphsdb/mcs30/bvg/b09m/mcs30_b09m_s100.B08
Reading graphs...
100 :  442
100 :  438
Initializing...
maxdom : 6
D->valSize : 294
Solving...
Blb : 2 (clique : 22)
currentSize : 22 <-- 0.004175 s
currentSize : 23 <-- 0.005054 s
currentSize : 24 <-- 0.005171 s
currentSize : 25 <-- 0.007089 s
currentSize : 26 <-- 0.029755 s
currentSize : 29 <-- 0.077639 s
currentSize : 30 <-- 0.726232 s
currentSize : 31 <-- 49.683521 s
currentSize : 32 <-- 137.240433 s
currentSize : 33 <-- 137.976746 s
currentSize : 34 <-- 228.184753 s
currentSize : 35 <-- 241.500351 s

maxsize : 35
nodes : 193295369.000000
filtered : 878919813.000000
time : 986.894836
