Parameters: GAD=1 vflib=1 dir=0 label=0 vlabel=1 lowerbound=1 fileNameGp=../../cp2016-max-common-connected-subgraph-paper/datasets/graphsdb/mcs30/bvg/b03m/mcs30_b03m_s60.A09 fileNameGt=../../cp2016-max-common-connected-subgraph-paper/datasets/graphsdb/mcs30/bvg/b03m/mcs30_b03m_s60.B09
Reading graphs...
60 :  90
60 :  90
Initializing...
maxdom : 9
D->valSize : 249
Solving...
Blb : 2 (clique : 24)
currentSize : 24 <-- 0.001804 s
currentSize : 25 <-- 0.002010 s
currentSize : 26 <-- 0.002398 s
currentSize : 27 <-- 0.004809 s
currentSize : 28 <-- 0.012263 s
currentSize : 29 <-- 0.073015 s
currentSize : 30 <-- 17.303345 s
currentSize : 31 <-- 17.310200 s

maxsize : 31
nodes : 7467327.000000
filtered : 62280572.000000
time : 35.582699
