Parameters: GAD=1 vflib=1 dir=0 label=0 vlabel=1 lowerbound=1 fileNameGp=../../cp2016-max-common-connected-subgraph-paper/datasets/graphsdb/mcs30/m2D/m2Dr2/mcs30_m2Dr2_s90.A06 fileNameGt=../../cp2016-max-common-connected-subgraph-paper/datasets/graphsdb/mcs30/m2D/m2Dr2/mcs30_m2Dr2_s90.B06
Reading graphs...
90 :  178
90 :  179
Initializing...
maxdom : 9
D->valSize : 511
Solving...
Blb : 2 (clique : 31)
currentSize : 31 <-- 0.005802 s
currentSize : 32 <-- 0.009210 s
currentSize : 33 <-- 0.099674 s
currentSize : 34 <-- 0.449543 s
currentSize : 35 <-- 1.535611 s
currentSize : 36 <-- 5.008078 s

TIMEOUT
maxsize : 36
nodes : 211895852.000000
filtered : 1137474165.000000
time : 1000.000061
