Parameters: GAD=1 vflib=1 dir=0 label=0 vlabel=1 lowerbound=1 fileNameGp=../../cp2016-max-common-connected-subgraph-paper/datasets/graphsdb/mcs30/bvg/b06m/mcs30_b06m_s80.A04 fileNameGt=../../cp2016-max-common-connected-subgraph-paper/datasets/graphsdb/mcs30/bvg/b06m/mcs30_b06m_s80.B04
Reading graphs...
80 :  235
80 :  234
Initializing...
maxdom : 10
D->valSize : 411
Solving...
Blb : 3 (clique : 28)
currentSize : 28 <-- 0.003839 s
currentSize : 29 <-- 1.684425 s
currentSize : 30 <-- 3.680234 s
currentSize : 31 <-- 5.158246 s
currentSize : 32 <-- 22.429953 s
currentSize : 33 <-- 38.401680 s
currentSize : 34 <-- 61.938995 s

TIMEOUT
maxsize : 34
nodes : 209109857.000000
filtered : 1111587311.000000
time : 1000.000061
