Parameters: GAD=1 vflib=1 dir=0 label=0 vlabel=1 lowerbound=1 fileNameGp=../../cp2016-max-common-connected-subgraph-paper/datasets/graphsdb/mcs30/m2D/m2Dr4/mcs30_m2Dr4_s100.A00 fileNameGt=../../cp2016-max-common-connected-subgraph-paper/datasets/graphsdb/mcs30/m2D/m2Dr4/mcs30_m2Dr4_s100.B00
Reading graphs...
100 :  217
100 :  218
Initializing...
maxdom : 6
D->valSize : 350
Solving...
Blb : 2 (clique : 32)
currentSize : 32 <-- 0.003382 s
currentSize : 33 <-- 0.114515 s
currentSize : 34 <-- 0.127231 s
currentSize : 35 <-- 0.876312 s
currentSize : 36 <-- 0.898764 s
currentSize : 37 <-- 6.632441 s
currentSize : 38 <-- 12.409985 s
currentSize : 39 <-- 61.866730 s
currentSize : 40 <-- 383.382843 s

TIMEOUT
maxsize : 40
nodes : 204259026.000000
filtered : 852066844.000000
time : 1000.000122
