Parameters: GAD=1 vflib=1 dir=0 label=0 vlabel=1 lowerbound=1 fileNameGp=../../cp2016-max-common-connected-subgraph-paper/datasets/graphsdb/mcs30/rand/r01/mcs30_r01_s90.A09 fileNameGt=../../cp2016-max-common-connected-subgraph-paper/datasets/graphsdb/mcs30/rand/r01/mcs30_r01_s90.B09
Reading graphs...
90 :  763
90 :  755
Initializing...
maxdom : 12
D->valSize : 522
Solving...
Blb : 2 (clique : 15)
currentSize : 15 <-- 0.005511 s
currentSize : 16 <-- 0.005701 s
currentSize : 17 <-- 0.021887 s
currentSize : 18 <-- 0.053207 s
currentSize : 19 <-- 2.440652 s
currentSize : 20 <-- 26.774981 s
currentSize : 21 <-- 35.586582 s
currentSize : 22 <-- 87.341255 s
currentSize : 23 <-- 189.992661 s
currentSize : 24 <-- 231.365311 s
currentSize : 25 <-- 383.289856 s
currentSize : 27 <-- 493.681366 s

maxsize : 27
nodes : 143424947.000000
filtered : 1600740150.000000
time : 837.628784
