Parameters: GAD=1 vflib=1 dir=0 label=0 vlabel=1 lowerbound=1 fileNameGp=../../cp2016-max-common-connected-subgraph-paper/datasets/graphsdb/mcs30/bvg/b03/mcs30_b03_s60.A09 fileNameGt=../../cp2016-max-common-connected-subgraph-paper/datasets/graphsdb/mcs30/bvg/b03/mcs30_b03_s60.B09
Reading graphs...
60 :  89
60 :  90
Initializing...
maxdom : 8
D->valSize : 234
Solving...
Blb : 2 (clique : 23)
currentSize : 23 <-- 0.001702 s
currentSize : 24 <-- 0.002316 s
currentSize : 25 <-- 0.003198 s
currentSize : 26 <-- 0.171697 s
currentSize : 27 <-- 4.314741 s
currentSize : 28 <-- 564.015808 s

maxsize : 28
nodes : 209874900.000000
filtered : 1436088203.000000
time : 829.329285
