Parameters: GAD=1 vflib=1 dir=0 label=0 vlabel=1 lowerbound=1 fileNameGp=../../cp2016-max-common-connected-subgraph-paper/datasets/graphsdb/mcs30/m2D/m2Dr6/mcs30_m2Dr6_s50.A09 fileNameGt=../../cp2016-max-common-connected-subgraph-paper/datasets/graphsdb/mcs30/m2D/m2Dr6/mcs30_m2Dr6_s50.B09
Reading graphs...
50 :  111
50 :  109
Initializing...
maxdom : 9
D->valSize : 326
Solving...
Blb : 2 (clique : 19)
currentSize : 19 <-- 0.002270 s
currentSize : 20 <-- 0.007241 s
currentSize : 21 <-- 0.024673 s
currentSize : 22 <-- 0.243915 s
currentSize : 23 <-- 3.772281 s
currentSize : 24 <-- 9.171262 s

maxsize : 24
nodes : 66596393.000000
filtered : 695747606.000000
time : 283.013763
