Parameters: GAD=1 vflib=1 dir=0 label=0 vlabel=1 lowerbound=1 fileNameGp=../../cp2016-max-common-connected-subgraph-paper/datasets/graphsdb/mcs30/m4D/m4Dr4/mcs30_m4Dr4_s60.A07 fileNameGt=../../cp2016-max-common-connected-subgraph-paper/datasets/graphsdb/mcs30/m4D/m4Dr4/mcs30_m4Dr4_s60.B07
Reading graphs...
60 :  122
60 :  119
Initializing...
maxdom : 7
D->valSize : 241
Solving...
Blb : 2 (clique : 22)
currentSize : 22 <-- 0.001700 s
currentSize : 23 <-- 0.001855 s
currentSize : 24 <-- 0.333392 s
currentSize : 25 <-- 2.434975 s
currentSize : 26 <-- 2.831841 s
currentSize : 27 <-- 105.936096 s

maxsize : 27
nodes : 59890326.000000
filtered : 399169968.000000
time : 237.865021
