Parameters: GAD=1 vflib=1 dir=0 label=0 vlabel=1 lowerbound=1 fileNameGp=../../cp2016-max-common-connected-subgraph-paper/datasets/graphsdb/mcs30/bvg/b09/mcs30_b09_s100.A05 fileNameGt=../../cp2016-max-common-connected-subgraph-paper/datasets/graphsdb/mcs30/bvg/b09/mcs30_b09_s100.B05
Reading graphs...
100 :  444
100 :  441
Initializing...
maxdom : 7
D->valSize : 382
Solving...
Blb : 2 (clique : 26)
currentSize : 26 <-- 0.003759 s
currentSize : 27 <-- 0.003971 s
currentSize : 28 <-- 0.004251 s
currentSize : 29 <-- 0.005943 s
currentSize : 30 <-- 0.012892 s
currentSize : 31 <-- 0.034435 s
currentSize : 32 <-- 2.557158 s
currentSize : 33 <-- 118.965508 s
currentSize : 34 <-- 149.686478 s
currentSize : 35 <-- 479.833405 s

TIMEOUT
maxsize : 35
nodes : 199750509.000000
filtered : 824982304.000000
time : 1000.000061
