Parameters: GAD=1 vflib=1 dir=0 label=0 vlabel=1 lowerbound=1 fileNameGp=../../cp2016-max-common-connected-subgraph-paper/datasets/graphsdb/mcs30/rand/r02/mcs30_r02_s90.A09 fileNameGt=../../cp2016-max-common-connected-subgraph-paper/datasets/graphsdb/mcs30/rand/r02/mcs30_r02_s90.B09
Reading graphs...
90 :  1428
90 :  1429
Initializing...
maxdom : 10
D->valSize : 592
Solving...
Blb : 3 (clique : 11)
currentSize : 11 <-- 0.006551 s
currentSize : 12 <-- 0.009756 s
currentSize : 13 <-- 0.010075 s
currentSize : 14 <-- 0.251742 s
currentSize : 15 <-- 3.386647 s
currentSize : 16 <-- 6.297419 s
currentSize : 18 <-- 6.362021 s
currentSize : 20 <-- 46.609982 s
currentSize : 22 <-- 47.722630 s
currentSize : 27 <-- 47.723423 s

maxsize : 27
nodes : 14892507.000000
filtered : 162747914.000000
time : 89.766335
