Parameters: GAD=1 vflib=1 dir=0 label=0 vlabel=1 lowerbound=1 fileNameGp=../../cp2016-max-common-connected-subgraph-paper/datasets/graphsdb/mcs30/m3D/m3Dr4/mcs30_m3Dr4_s80.A04 fileNameGt=../../cp2016-max-common-connected-subgraph-paper/datasets/graphsdb/mcs30/m3D/m3Dr4/mcs30_m3Dr4_s80.B04
Reading graphs...
80 :  214
80 :  213
Initializing...
maxdom : 9
D->valSize : 418
Solving...
Blb : 2 (clique : 25)
currentSize : 25 <-- 0.003940 s
currentSize : 26 <-- 0.033217 s
currentSize : 27 <-- 0.065452 s
currentSize : 28 <-- 0.125575 s
currentSize : 29 <-- 0.854757 s
currentSize : 30 <-- 16.838940 s

TIMEOUT
maxsize : 30
nodes : 198432047.000000
filtered : 1468994623.000000
time : 1000.000061
