Parameters: GAD=1 vflib=1 dir=0 label=0 vlabel=1 lowerbound=1 fileNameGp=../../cp2016-max-common-connected-subgraph-paper/datasets/graphsdb/mcs30/m4D/m4D/mcs30_m4D_s70.A04 fileNameGt=../../cp2016-max-common-connected-subgraph-paper/datasets/graphsdb/mcs30/m4D/m4D/mcs30_m4D_s70.B04
Reading graphs...
70 :  118
70 :  118
Initializing...
maxdom : 7
D->valSize : 317
Solving...
Blb : 3 (clique : 28)
currentSize : 28 <-- 0.002610 s
currentSize : 29 <-- 1.139682 s
currentSize : 30 <-- 4.032554 s
currentSize : 31 <-- 5.910304 s
currentSize : 32 <-- 36.047039 s
currentSize : 33 <-- 61.511784 s
currentSize : 34 <-- 210.822189 s

TIMEOUT
maxsize : 34
nodes : 215278332.000000
filtered : 1929190032.000000
time : 1000.000061
