Parameters: GAD=1 vflib=1 dir=0 label=0 vlabel=1 lowerbound=1 fileNameGp=../../cp2016-max-common-connected-subgraph-paper/datasets/graphsdb/mcs30/rand/r01/mcs30_r01_s100.A02 fileNameGt=../../cp2016-max-common-connected-subgraph-paper/datasets/graphsdb/mcs30/rand/r01/mcs30_r01_s100.B02
Reading graphs...
100 :  940
100 :  945
Initializing...
maxdom : 8
D->valSize : 365
Solving...
Blb : 2 (clique : 14)
currentSize : 14 <-- 0.003438 s
currentSize : 15 <-- 0.033014 s
currentSize : 16 <-- 0.037573 s
currentSize : 17 <-- 0.138767 s
currentSize : 18 <-- 0.433238 s
currentSize : 19 <-- 2.799355 s
currentSize : 20 <-- 3.109165 s
currentSize : 21 <-- 3.169451 s
currentSize : 22 <-- 3.248703 s
currentSize : 23 <-- 4.642230 s
currentSize : 24 <-- 7.963091 s
currentSize : 25 <-- 27.195011 s
currentSize : 26 <-- 27.195160 s
currentSize : 27 <-- 51.954346 s
currentSize : 28 <-- 52.043312 s
currentSize : 30 <-- 52.544575 s

maxsize : 30
nodes : 12283069.000000
filtered : 111950930.000000
time : 76.341026
