Parameters: GAD=1 vflib=1 dir=0 label=0 vlabel=1 lowerbound=1 fileNameGp=../../cp2016-max-common-connected-subgraph-paper/datasets/graphsdb/mcs30/bvg/b06m/mcs30_b06m_s100.A07 fileNameGt=../../cp2016-max-common-connected-subgraph-paper/datasets/graphsdb/mcs30/bvg/b06m/mcs30_b06m_s100.B07
Reading graphs...
100 :  291
100 :  296
Initializing...
maxdom : 6
D->valSize : 335
Solving...
Blb : 2 (clique : 30)
currentSize : 30 <-- 0.003262 s
currentSize : 32 <-- 0.003717 s
currentSize : 33 <-- 0.003847 s
currentSize : 34 <-- 0.004075 s
currentSize : 35 <-- 0.005404 s
currentSize : 36 <-- 0.007074 s
currentSize : 37 <-- 0.063603 s
currentSize : 38 <-- 0.076418 s
currentSize : 39 <-- 53.137573 s
currentSize : 40 <-- 201.801636 s

TIMEOUT
maxsize : 40
nodes : 202069532.000000
filtered : 756744578.000000
time : 1000.000061
