Parameters: GAD=1 vflib=1 dir=0 label=0 vlabel=1 lowerbound=1 fileNameGp=../../cp2016-max-common-connected-subgraph-paper/datasets/graphsdb/mcs30/m4D/m4D/mcs30_m4D_s60.A09 fileNameGt=../../cp2016-max-common-connected-subgraph-paper/datasets/graphsdb/mcs30/m4D/m4D/mcs30_m4D_s60.B09
Reading graphs...
60 :  102
60 :  102
Initializing...
maxdom : 11
D->valSize : 246
Solving...
Blb : 2 (clique : 20)
currentSize : 20 <-- 0.002667 s
currentSize : 21 <-- 0.002845 s
currentSize : 22 <-- 0.003501 s
currentSize : 23 <-- 0.015898 s
currentSize : 24 <-- 0.031806 s
currentSize : 25 <-- 0.041762 s
currentSize : 26 <-- 0.061988 s
currentSize : 27 <-- 0.064582 s
currentSize : 28 <-- 0.339575 s
currentSize : 29 <-- 16.258402 s

maxsize : 29
nodes : 6119760.000000
filtered : 35989905.000000
time : 25.276979
