Parameters: GAD=1 vflib=1 dir=0 label=0 vlabel=1 lowerbound=1 fileNameGp=../../cp2016-max-common-connected-subgraph-paper/datasets/graphsdb/mcs30/m4D/m4Dr6/mcs30_m4Dr6_s50.A03 fileNameGt=../../cp2016-max-common-connected-subgraph-paper/datasets/graphsdb/mcs30/m4D/m4Dr6/mcs30_m4Dr6_s50.B03
Reading graphs...
50 :  114
50 :  112
Initializing...
maxdom : 9
D->valSize : 349
Solving...
Blb : 2 (clique : 19)
currentSize : 19 <-- 0.004117 s
currentSize : 20 <-- 0.005199 s
currentSize : 21 <-- 0.043751 s
currentSize : 22 <-- 0.241107 s
currentSize : 23 <-- 2.025809 s
currentSize : 24 <-- 69.834846 s

maxsize : 24
nodes : 25164717.000000
filtered : 318457224.000000
time : 114.865311
