Parameters: GAD=1 vflib=1 dir=0 label=0 vlabel=1 lowerbound=1 fileNameGp=../../cp2016-max-common-connected-subgraph-paper/datasets/graphsdb/mcs30/m3D/m3D/mcs30_m3D_s70.A02 fileNameGt=../../cp2016-max-common-connected-subgraph-paper/datasets/graphsdb/mcs30/m3D/m3D/mcs30_m3D_s70.B02
Reading graphs...
70 :  159
70 :  158
Initializing...
maxdom : 8
D->valSize : 315
Solving...
Blb : 5 (clique : 24)
currentSize : 24 <-- 0.002521 s
currentSize : 25 <-- 0.019211 s
currentSize : 26 <-- 0.173905 s
currentSize : 27 <-- 0.174967 s
currentSize : 28 <-- 0.413002 s
currentSize : 29 <-- 1.187822 s
currentSize : 30 <-- 5.175247 s
currentSize : 31 <-- 5.186973 s
currentSize : 32 <-- 6.659831 s
currentSize : 33 <-- 6.843216 s

TIMEOUT
maxsize : 33
nodes : 222580565.000000
filtered : 1433515083.000000
time : 1000.000061
