Parameters: GAD=1 vflib=1 dir=0 label=0 vlabel=1 lowerbound=1 fileNameGp=../../cp2016-max-common-connected-subgraph-paper/datasets/graphsdb/mcs30/rand/r005/mcs30_r005_s50.A03 fileNameGt=../../cp2016-max-common-connected-subgraph-paper/datasets/graphsdb/mcs30/rand/r005/mcs30_r005_s50.B03
Reading graphs...
50 :  122
50 :  123
Initializing...
maxdom : 10
D->valSize : 340
Solving...
Blb : 2 (clique : 17)
currentSize : 17 <-- 0.003694 s
currentSize : 18 <-- 0.003838 s
currentSize : 19 <-- 0.003860 s
currentSize : 20 <-- 0.003892 s
currentSize : 21 <-- 0.020126 s
currentSize : 22 <-- 0.034406 s
currentSize : 23 <-- 64.442299 s

maxsize : 23
nodes : 178023980.000000
filtered : 1882012328.000000
time : 737.052368
