Parameters: GAD=1 vflib=1 dir=0 label=0 vlabel=1 lowerbound=1 fileNameGp=../../cp2016-max-common-connected-subgraph-paper/datasets/graphsdb/mcs30/m4D/m4Dr4/mcs30_m4Dr4_s90.A08 fileNameGt=../../cp2016-max-common-connected-subgraph-paper/datasets/graphsdb/mcs30/m4D/m4Dr4/mcs30_m4Dr4_s90.B08
Reading graphs...
90 :  180
90 :  181
Initializing...
maxdom : 10
D->valSize : 510
Solving...
Blb : 2 (clique : 34)
currentSize : 34 <-- 0.005811 s
currentSize : 35 <-- 0.056280 s
currentSize : 36 <-- 0.215336 s
currentSize : 37 <-- 1.082514 s
currentSize : 38 <-- 47.122688 s
currentSize : 39 <-- 135.254974 s
currentSize : 40 <-- 135.585052 s
currentSize : 41 <-- 135.879669 s
currentSize : 42 <-- 135.885437 s
currentSize : 43 <-- 136.478973 s
currentSize : 44 <-- 158.020859 s

TIMEOUT
maxsize : 44
nodes : 206437319.000000
filtered : 1314956491.000000
time : 1000.000061
