Parameters: GAD=1 vflib=1 dir=0 label=0 vlabel=1 lowerbound=1 fileNameGp=../../cp2016-max-common-connected-subgraph-paper/datasets/graphsdb/mcs30/m4D/m4Dr6/mcs30_m4Dr6_s90.A09 fileNameGt=../../cp2016-max-common-connected-subgraph-paper/datasets/graphsdb/mcs30/m4D/m4Dr6/mcs30_m4Dr6_s90.B09
Reading graphs...
90 :  197
90 :  199
Initializing...
maxdom : 9
D->valSize : 513
Solving...
Blb : 2 (clique : 31)
currentSize : 31 <-- 0.005873 s
currentSize : 32 <-- 0.006870 s
currentSize : 33 <-- 0.016909 s
currentSize : 34 <-- 0.539332 s
currentSize : 35 <-- 2.196512 s
currentSize : 36 <-- 30.756800 s
currentSize : 37 <-- 41.536903 s

TIMEOUT
maxsize : 37
nodes : 208534265.000000
filtered : 1346745902.000000
time : 1000.000061
