Parameters: GAD=1 vflib=1 dir=0 label=0 vlabel=1 lowerbound=1 fileNameGp=../../cp2016-max-common-connected-subgraph-paper/datasets/graphsdb/mcs30/bvg/b06/mcs30_b06_s50.A03 fileNameGt=../../cp2016-max-common-connected-subgraph-paper/datasets/graphsdb/mcs30/bvg/b06/mcs30_b06_s50.B03
Reading graphs...
50 :  147
50 :  146
Initializing...
maxdom : 10
D->valSize : 303
Solving...
Blb : 2 (clique : 15)
currentSize : 15 <-- 0.002149 s
currentSize : 16 <-- 0.002252 s
currentSize : 17 <-- 0.002356 s
currentSize : 18 <-- 0.002567 s
currentSize : 19 <-- 0.111796 s
currentSize : 20 <-- 0.746568 s
currentSize : 21 <-- 19.638020 s
currentSize : 22 <-- 45.815975 s

maxsize : 22
nodes : 55571956.000000
filtered : 573515417.000000
time : 221.935181
