Parameters: GAD=1 vflib=1 dir=0 label=0 vlabel=1 lowerbound=1 fileNameGp=../../cp2016-max-common-connected-subgraph-paper/datasets/graphsdb/mcs30/bvg/b06/mcs30_b06_s100.A05 fileNameGt=../../cp2016-max-common-connected-subgraph-paper/datasets/graphsdb/mcs30/bvg/b06/mcs30_b06_s100.B05
Reading graphs...
100 :  298
100 :  298
Initializing...
maxdom : 6
D->valSize : 345
Solving...
Blb : 2 (clique : 24)
currentSize : 24 <-- 0.003436 s
currentSize : 25 <-- 0.003632 s
currentSize : 26 <-- 0.003690 s
currentSize : 27 <-- 0.008535 s
currentSize : 28 <-- 0.246150 s
currentSize : 29 <-- 1.255846 s
currentSize : 30 <-- 3.269165 s
currentSize : 31 <-- 40.360146 s
currentSize : 32 <-- 288.203094 s
currentSize : 33 <-- 295.299286 s
currentSize : 34 <-- 296.011963 s
currentSize : 35 <-- 314.073547 s
currentSize : 36 <-- 349.359192 s

TIMEOUT
maxsize : 36
nodes : 190475844.000000
filtered : 896883654.000000
time : 1000.000061
