Parameters: GAD=1 vflib=1 dir=0 label=0 vlabel=1 lowerbound=1 fileNameGp=../../cp2016-max-common-connected-subgraph-paper/datasets/graphsdb/mcs30/bvg/b06m/mcs30_b06m_s70.A01 fileNameGt=../../cp2016-max-common-connected-subgraph-paper/datasets/graphsdb/mcs30/bvg/b06m/mcs30_b06m_s70.B01
Reading graphs...
70 :  205
70 :  207
Initializing...
maxdom : 8
D->valSize : 318
Solving...
Blb : 2 (clique : 21)
currentSize : 21 <-- 0.002493 s
currentSize : 22 <-- 0.002759 s
currentSize : 23 <-- 0.007519 s
currentSize : 24 <-- 0.070616 s
currentSize : 25 <-- 0.977104 s
currentSize : 26 <-- 7.185148 s
currentSize : 27 <-- 8.411098 s
currentSize : 28 <-- 156.030960 s

maxsize : 28
nodes : 175703617.000000
filtered : 1282473545.000000
time : 859.069885
