Parameters: GAD=1 vflib=1 dir=0 label=0 vlabel=1 lowerbound=1 fileNameGp=../../cp2016-max-common-connected-subgraph-paper/datasets/graphsdb/mcs30/m3D/m3Dr2/mcs30_m3Dr2_s40.A01 fileNameGt=../../cp2016-max-common-connected-subgraph-paper/datasets/graphsdb/mcs30/m3D/m3Dr2/mcs30_m3Dr2_s40.B01
Reading graphs...
40 :  91
40 :  89
Initializing...
maxdom : 7
D->valSize : 219
Solving...
Blb : 2 (clique : 13)
currentSize : 13 <-- 0.001891 s
currentSize : 14 <-- 0.002037 s
currentSize : 15 <-- 0.003215 s
currentSize : 16 <-- 0.080454 s
currentSize : 17 <-- 0.087650 s
currentSize : 18 <-- 0.174800 s
currentSize : 19 <-- 1.407707 s

maxsize : 19
nodes : 3010505.000000
filtered : 24670975.000000
time : 10.390531
