Parameters: GAD=1 vflib=1 dir=0 label=0 vlabel=1 lowerbound=1 fileNameGp=../../cp2016-max-common-connected-subgraph-paper/datasets/graphsdb/mcs30/m4D/m4D/mcs30_m4D_s60.A01 fileNameGt=../../cp2016-max-common-connected-subgraph-paper/datasets/graphsdb/mcs30/m4D/m4D/mcs30_m4D_s60.B01
Reading graphs...
60 :  102
60 :  101
Initializing...
maxdom : 7
D->valSize : 236
Solving...
Blb : 2 (clique : 23)
currentSize : 23 <-- 0.002654 s
currentSize : 24 <-- 0.183606 s
currentSize : 25 <-- 3.436535 s
currentSize : 26 <-- 8.585970 s
currentSize : 27 <-- 12.045622 s
currentSize : 28 <-- 34.991074 s
currentSize : 29 <-- 168.789795 s

maxsize : 29
nodes : 60182921.000000
filtered : 360288894.000000
time : 233.947113
