Parameters: GAD=1 vflib=1 dir=0 label=0 vlabel=1 lowerbound=1 fileNameGp=../../cp2016-max-common-connected-subgraph-paper/datasets/graphsdb/mcs30/m2D/m2Dr2/mcs30_m2Dr2_s80.A09 fileNameGt=../../cp2016-max-common-connected-subgraph-paper/datasets/graphsdb/mcs30/m2D/m2Dr2/mcs30_m2Dr2_s80.B09
Reading graphs...
80 :  157
80 :  157
Initializing...
maxdom : 9
D->valSize : 401
Solving...
Blb : 2 (clique : 29)
currentSize : 29 <-- 0.003847 s
currentSize : 30 <-- 0.004060 s
currentSize : 31 <-- 0.004135 s
currentSize : 32 <-- 0.004642 s
currentSize : 33 <-- 0.004849 s
currentSize : 34 <-- 6.631782 s
currentSize : 35 <-- 7.735808 s
currentSize : 36 <-- 146.721497 s

TIMEOUT
maxsize : 36
nodes : 208181747.000000
filtered : 1493291009.000000
time : 1000.000061
