Parameters: GAD=1 vflib=1 dir=0 label=0 vlabel=1 lowerbound=1 fileNameGp=../../cp2016-max-common-connected-subgraph-paper/datasets/graphsdb/mcs30/bvg/b03/mcs30_b03_s80.A07 fileNameGt=../../cp2016-max-common-connected-subgraph-paper/datasets/graphsdb/mcs30/bvg/b03/mcs30_b03_s80.B07
Reading graphs...
80 :  120
80 :  119
Initializing...
maxdom : 10
D->valSize : 431
Solving...
Blb : 2 (clique : 33)
currentSize : 33 <-- 0.006843 s
currentSize : 34 <-- 0.007196 s
currentSize : 35 <-- 0.007716 s
currentSize : 36 <-- 0.048062 s
currentSize : 37 <-- 1.170776 s
currentSize : 38 <-- 2.827383 s
currentSize : 39 <-- 4.998354 s

TIMEOUT
maxsize : 39
nodes : 239089360.000000
filtered : 1471893474.000000
time : 1000.000061
