Parameters: GAD=1 vflib=1 dir=0 label=0 vlabel=1 lowerbound=1 fileNameGp=../../cp2016-max-common-connected-subgraph-paper/datasets/graphsdb/mcs30/bvg/b09/mcs30_b09_s100.A03 fileNameGt=../../cp2016-max-common-connected-subgraph-paper/datasets/graphsdb/mcs30/bvg/b09/mcs30_b09_s100.B03
Reading graphs...
100 :  446
100 :  448
Initializing...
maxdom : 8
D->valSize : 349
Solving...
Blb : 2 (clique : 24)
currentSize : 24 <-- 0.003443 s
currentSize : 25 <-- 0.059323 s
currentSize : 26 <-- 0.211912 s
currentSize : 27 <-- 2.241361 s
currentSize : 28 <-- 42.215660 s
currentSize : 29 <-- 55.026684 s
currentSize : 30 <-- 544.042542 s
currentSize : 31 <-- 922.247742 s

TIMEOUT
maxsize : 31
nodes : 190336078.000000
filtered : 995665494.000000
time : 1000.000061
