Parameters: GAD=1 vflib=1 dir=0 label=0 vlabel=1 lowerbound=1 fileNameGp=../../cp2016-max-common-connected-subgraph-paper/datasets/graphsdb/mcs30/bvg/b06/mcs30_b06_s50.A06 fileNameGt=../../cp2016-max-common-connected-subgraph-paper/datasets/graphsdb/mcs30/bvg/b06/mcs30_b06_s50.B06
Reading graphs...
50 :  148
50 :  148
Initializing...
maxdom : 10
D->valSize : 327
Solving...
Blb : 2 (clique : 17)
currentSize : 17 <-- 0.003740 s
currentSize : 18 <-- 0.007227 s
currentSize : 19 <-- 0.048454 s
currentSize : 20 <-- 0.456182 s
currentSize : 21 <-- 1.079876 s
currentSize : 22 <-- 3.220969 s
currentSize : 23 <-- 75.029205 s

maxsize : 23
nodes : 20460912.000000
filtered : 243689586.000000
time : 90.717194
