Parameters: GAD=1 vflib=1 dir=0 label=0 vlabel=1 lowerbound=1 fileNameGp=../../cp2016-max-common-connected-subgraph-paper/datasets/graphsdb/mcs30/m4D/m4D/mcs30_m4D_s60.A05 fileNameGt=../../cp2016-max-common-connected-subgraph-paper/datasets/graphsdb/mcs30/m4D/m4D/mcs30_m4D_s60.B05
Reading graphs...
60 :  101
60 :  101
Initializing...
maxdom : 6
D->valSize : 235
Solving...
Blb : 2 (clique : 25)
currentSize : 25 <-- 0.001674 s
currentSize : 26 <-- 0.002848 s
currentSize : 27 <-- 0.008271 s
currentSize : 28 <-- 2.064067 s
currentSize : 29 <-- 5.416037 s
currentSize : 30 <-- 321.988617 s

TIMEOUT
maxsize : 30
nodes : 256355020.000000
filtered : 1353650177.000000
time : 1000.000000
