Parameters: GAD=1 vflib=1 dir=0 label=0 vlabel=1 lowerbound=1 fileNameGp=../../cp2016-max-common-connected-subgraph-paper/datasets/graphsdb/mcs30/bvg/b03m/mcs30_b03m_s80.A00 fileNameGt=../../cp2016-max-common-connected-subgraph-paper/datasets/graphsdb/mcs30/bvg/b03m/mcs30_b03m_s80.B00
Reading graphs...
80 :  120
80 :  120
Initializing...
maxdom : 12
D->valSize : 426
Solving...
Blb : 2 (clique : 33)
currentSize : 33 <-- 0.004437 s
currentSize : 34 <-- 0.012960 s
currentSize : 35 <-- 0.051456 s
currentSize : 36 <-- 0.120128 s
currentSize : 37 <-- 6.893094 s
currentSize : 38 <-- 12.428878 s
currentSize : 39 <-- 17.093609 s

TIMEOUT
maxsize : 39
nodes : 212610729.000000
filtered : 1399965611.000000
time : 1000.000061
