Parameters: GAD=1 vflib=1 dir=0 label=0 vlabel=1 lowerbound=1 fileNameGp=../../cp2016-max-common-connected-subgraph-paper/datasets/graphsdb/mcs30/bvg/b03/mcs30_b03_s70.A06 fileNameGt=../../cp2016-max-common-connected-subgraph-paper/datasets/graphsdb/mcs30/bvg/b03/mcs30_b03_s70.B06
Reading graphs...
70 :  105
70 :  105
Initializing...
maxdom : 8
D->valSize : 333
Solving...
Blb : 5 (clique : 29)
currentSize : 29 <-- 0.002948 s
currentSize : 30 <-- 0.088492 s
currentSize : 31 <-- 0.163379 s
currentSize : 32 <-- 0.273835 s
currentSize : 33 <-- 198.842422 s
currentSize : 34 <-- 654.622864 s
currentSize : 35 <-- 733.438660 s

TIMEOUT
maxsize : 35
nodes : 234023811.000000
filtered : 1676671257.000000
time : 1000.000061
