Parameters: GAD=1 vflib=1 dir=0 label=0 vlabel=1 lowerbound=1 fileNameGp=../../cp2016-max-common-connected-subgraph-paper/datasets/graphsdb/mcs30/m4D/m4Dr4/mcs30_m4Dr4_s60.A01 fileNameGt=../../cp2016-max-common-connected-subgraph-paper/datasets/graphsdb/mcs30/m4D/m4Dr4/mcs30_m4Dr4_s60.B01
Reading graphs...
60 :  124
60 :  124
Initializing...
maxdom : 6
D->valSize : 237
Solving...
Blb : 2 (clique : 19)
currentSize : 19 <-- 0.001667 s
currentSize : 20 <-- 0.001759 s
currentSize : 21 <-- 0.019472 s
currentSize : 22 <-- 0.108518 s
currentSize : 23 <-- 0.460710 s
currentSize : 25 <-- 0.460889 s
currentSize : 26 <-- 18.024088 s
currentSize : 27 <-- 18.027658 s
currentSize : 28 <-- 27.951096 s

maxsize : 28
nodes : 16759877.000000
filtered : 112187627.000000
time : 69.415138
