Parameters: GAD=1 vflib=1 dir=0 label=0 vlabel=1 lowerbound=1 fileNameGp=../../cp2016-max-common-connected-subgraph-paper/datasets/graphsdb/mcs30/m4D/m4Dr6/mcs30_m4Dr6_s80.A09 fileNameGt=../../cp2016-max-common-connected-subgraph-paper/datasets/graphsdb/mcs30/m4D/m4Dr6/mcs30_m4Dr6_s80.B09
Reading graphs...
80 :  178
80 :  178
Initializing...
maxdom : 9
D->valSize : 424
Solving...
Blb : 2 (clique : 24)
currentSize : 24 <-- 0.004026 s
currentSize : 25 <-- 0.004223 s
currentSize : 26 <-- 0.011542 s
currentSize : 27 <-- 0.054747 s
currentSize : 28 <-- 0.371732 s
currentSize : 29 <-- 2.474935 s
currentSize : 30 <-- 2.630613 s
currentSize : 31 <-- 7.144116 s
currentSize : 32 <-- 38.172832 s
currentSize : 33 <-- 829.542480 s

TIMEOUT
maxsize : 33
nodes : 200844825.000000
filtered : 1617965226.000000
time : 1000.000000
