Parameters: GAD=1 vflib=1 dir=0 label=0 vlabel=1 lowerbound=1 fileNameGp=../../cp2016-max-common-connected-subgraph-paper/datasets/graphsdb/mcs30/m2D/m2Dr2/mcs30_m2Dr2_s50.A05 fileNameGt=../../cp2016-max-common-connected-subgraph-paper/datasets/graphsdb/mcs30/m2D/m2Dr2/mcs30_m2Dr2_s50.B05
Reading graphs...
50 :  94
50 :  93
Initializing...
maxdom : 9
D->valSize : 319
Solving...
Blb : 2 (clique : 18)
currentSize : 18 <-- 0.002263 s
currentSize : 20 <-- 0.002372 s
currentSize : 21 <-- 0.005647 s
currentSize : 22 <-- 0.039741 s
currentSize : 23 <-- 0.463308 s
currentSize : 24 <-- 0.463362 s
currentSize : 25 <-- 111.276611 s
currentSize : 26 <-- 157.611206 s

maxsize : 26
nodes : 57456649.000000
filtered : 556442871.000000
time : 243.281311
