Parameters: GAD=1 vflib=1 dir=0 label=0 vlabel=1 lowerbound=1 fileNameGp=../../cp2016-max-common-connected-subgraph-paper/datasets/graphsdb/mcs30/bvg/b09m/mcs30_b09m_s70.A03 fileNameGt=../../cp2016-max-common-connected-subgraph-paper/datasets/graphsdb/mcs30/bvg/b09m/mcs30_b09m_s70.B03
Reading graphs...
70 :  303
70 :  302
Initializing...
maxdom : 8
D->valSize : 318
Solving...
Blb : 3 (clique : 16)
currentSize : 16 <-- 0.002540 s
currentSize : 17 <-- 0.003360 s
currentSize : 18 <-- 0.004377 s
currentSize : 19 <-- 0.005489 s
currentSize : 20 <-- 0.006711 s
currentSize : 21 <-- 0.054156 s
currentSize : 22 <-- 2.776692 s
currentSize : 23 <-- 52.579296 s
currentSize : 24 <-- 52.698025 s

maxsize : 24
nodes : 64952907.000000
filtered : 577593746.000000
time : 310.235901
