Parameters: GAD=1 vflib=1 dir=0 label=0 vlabel=1 lowerbound=1 fileNameGp=../../cp2016-max-common-connected-subgraph-paper/datasets/graphsdb/mcs30/m2D/m2Dr4/mcs30_m2Dr4_s80.A03 fileNameGt=../../cp2016-max-common-connected-subgraph-paper/datasets/graphsdb/mcs30/m2D/m2Dr4/mcs30_m2Dr4_s80.B03
Reading graphs...
80 :  172
80 :  171
Initializing...
maxdom : 7
D->valSize : 415
Solving...
Blb : 2 (clique : 29)
currentSize : 29 <-- 0.003964 s
currentSize : 30 <-- 0.004154 s
currentSize : 31 <-- 7.121134 s
currentSize : 32 <-- 20.462309 s
currentSize : 33 <-- 30.804623 s
currentSize : 34 <-- 50.203403 s

TIMEOUT
maxsize : 34
nodes : 229951118.000000
filtered : 1269076300.000000
time : 1000.000061
