Parameters: GAD=1 vflib=1 dir=0 label=0 vlabel=1 lowerbound=1 fileNameGp=../../cp2016-max-common-connected-subgraph-paper/datasets/graphsdb/mcs30/m4D/m4Dr4/mcs30_m4Dr4_s90.A01 fileNameGt=../../cp2016-max-common-connected-subgraph-paper/datasets/graphsdb/mcs30/m4D/m4Dr4/mcs30_m4Dr4_s90.B01
Reading graphs...
90 :  180
90 :  178
Initializing...
maxdom : 10
D->valSize : 543
Solving...
Blb : 2 (clique : 35)
currentSize : 35 <-- 0.006213 s
currentSize : 36 <-- 0.006501 s
currentSize : 37 <-- 0.040189 s
currentSize : 38 <-- 10.988457 s
currentSize : 39 <-- 10.988840 s
currentSize : 40 <-- 205.125626 s
currentSize : 41 <-- 308.903229 s

TIMEOUT
maxsize : 41
nodes : 207199626.000000
filtered : 1353487966.000000
time : 1000.000061
