Parameters: GAD=1 vflib=1 dir=0 label=0 vlabel=1 lowerbound=1 fileNameGp=../../cp2016-max-common-connected-subgraph-paper/datasets/graphsdb/mcs30/m4D/m4Dr6/mcs30_m4Dr6_s70.A00 fileNameGt=../../cp2016-max-common-connected-subgraph-paper/datasets/graphsdb/mcs30/m4D/m4Dr6/mcs30_m4Dr6_s70.B00
Reading graphs...
70 :  158
70 :  156
Initializing...
maxdom : 11
D->valSize : 329
Solving...
Blb : 2 (clique : 25)
currentSize : 25 <-- 0.004224 s
currentSize : 26 <-- 0.005044 s
currentSize : 27 <-- 0.053120 s
currentSize : 28 <-- 0.068754 s
currentSize : 29 <-- 1.982372 s
currentSize : 30 <-- 29.445524 s

TIMEOUT
maxsize : 30
nodes : 214011695.000000
filtered : 1809711959.000000
time : 1000.000061
