Parameters: GAD=1 vflib=1 dir=0 label=0 vlabel=1 lowerbound=1 fileNameGp=../../cp2016-max-common-connected-subgraph-paper/datasets/graphsdb/mcs30/bvg/b06/mcs30_b06_s60.A05 fileNameGt=../../cp2016-max-common-connected-subgraph-paper/datasets/graphsdb/mcs30/bvg/b06/mcs30_b06_s60.B05
Reading graphs...
60 :  179
60 :  177
Initializing...
maxdom : 8
D->valSize : 215
Solving...
Blb : 2 (clique : 16)
currentSize : 16 <-- 0.001469 s
currentSize : 17 <-- 0.001873 s
currentSize : 18 <-- 0.009479 s
currentSize : 19 <-- 0.016407 s
currentSize : 20 <-- 0.560683 s
currentSize : 21 <-- 1.363240 s
currentSize : 22 <-- 11.594931 s
currentSize : 23 <-- 40.184307 s

maxsize : 23
nodes : 11824251.000000
filtered : 72058082.000000
time : 48.099773
