Parameters: GAD=1 vflib=1 dir=0 label=0 vlabel=1 lowerbound=1 fileNameGp=../../cp2016-max-common-connected-subgraph-paper/datasets/graphsdb/mcs30/m2D/m2Dr2/mcs30_m2Dr2_s80.A08 fileNameGt=../../cp2016-max-common-connected-subgraph-paper/datasets/graphsdb/mcs30/m2D/m2Dr2/mcs30_m2Dr2_s80.B08
Reading graphs...
80 :  158
80 :  156
Initializing...
maxdom : 10
D->valSize : 413
Solving...
Blb : 5 (clique : 26)
currentSize : 26 <-- 0.003885 s
currentSize : 27 <-- 0.004684 s
currentSize : 28 <-- 0.015258 s
currentSize : 29 <-- 0.092866 s
currentSize : 30 <-- 0.094198 s
currentSize : 31 <-- 0.618681 s
currentSize : 32 <-- 0.897584 s
currentSize : 33 <-- 30.053541 s
currentSize : 34 <-- 67.562057 s
currentSize : 35 <-- 341.444763 s
currentSize : 36 <-- 531.115417 s

TIMEOUT
maxsize : 36
nodes : 209510062.000000
filtered : 1853693306.000000
time : 1000.000061
