Parameters: GAD=1 vflib=1 dir=0 label=0 vlabel=1 lowerbound=1 fileNameGp=../../cp2016-max-common-connected-subgraph-paper/datasets/graphsdb/mcs30/m2D/m2Dr2/mcs30_m2Dr2_s70.A00 fileNameGt=../../cp2016-max-common-connected-subgraph-paper/datasets/graphsdb/mcs30/m2D/m2Dr2/mcs30_m2Dr2_s70.B00
Reading graphs...
70 :  137
70 :  137
Initializing...
maxdom : 7
D->valSize : 304
Solving...
Blb : 2 (clique : 21)
currentSize : 21 <-- 0.003970 s
currentSize : 22 <-- 0.004198 s
currentSize : 23 <-- 0.004829 s
currentSize : 24 <-- 0.005705 s
currentSize : 25 <-- 0.010174 s
currentSize : 26 <-- 0.094666 s
currentSize : 27 <-- 0.118121 s
currentSize : 28 <-- 0.135200 s
currentSize : 29 <-- 0.146824 s
currentSize : 30 <-- 1.700684 s
currentSize : 31 <-- 138.658035 s

maxsize : 31
nodes : 119127725.000000
filtered : 949498892.000000
time : 600.150818
