Parameters: GAD=1 vflib=1 dir=0 label=0 vlabel=1 lowerbound=1 fileNameGp=../../cp2016-max-common-connected-subgraph-paper/datasets/graphsdb/mcs30/rand/r005/mcs30_r005_s60.A07 fileNameGt=../../cp2016-max-common-connected-subgraph-paper/datasets/graphsdb/mcs30/rand/r005/mcs30_r005_s60.B07
Reading graphs...
60 :  175
60 :  176
Initializing...
maxdom : 7
D->valSize : 259
Solving...
Blb : 2 (clique : 16)
currentSize : 16 <-- 0.001770 s
currentSize : 17 <-- 0.001918 s
currentSize : 18 <-- 0.003878 s
currentSize : 19 <-- 0.008523 s
currentSize : 20 <-- 0.008916 s
currentSize : 21 <-- 0.183619 s
currentSize : 22 <-- 8.727164 s
currentSize : 23 <-- 29.283152 s

maxsize : 23
nodes : 53892521.000000
filtered : 404237312.000000
time : 222.673767
