Parameters: GAD=1 vflib=1 dir=0 label=0 vlabel=1 lowerbound=1 fileNameGp=../../cp2016-max-common-connected-subgraph-paper/datasets/graphsdb/mcs30/m2D/m2D/mcs30_m2D_s60.A07 fileNameGt=../../cp2016-max-common-connected-subgraph-paper/datasets/graphsdb/mcs30/m2D/m2D/mcs30_m2D_s60.B07
Reading graphs...
60 :  104
60 :  104
Initializing...
maxdom : 6
D->valSize : 231
Solving...
Blb : 2 (clique : 21)
currentSize : 21 <-- 0.002620 s
currentSize : 22 <-- 0.016594 s
currentSize : 23 <-- 0.024213 s
currentSize : 24 <-- 0.024446 s
currentSize : 25 <-- 0.194920 s
currentSize : 26 <-- 0.290584 s
currentSize : 27 <-- 2.317897 s
currentSize : 28 <-- 5.445553 s
currentSize : 29 <-- 72.585297 s

maxsize : 29
nodes : 114475051.000000
filtered : 721850973.000000
time : 474.705109
