Parameters: GAD=1 vflib=1 dir=0 label=0 vlabel=1 lowerbound=1 fileNameGp=../../cp2016-max-common-connected-subgraph-paper/datasets/graphsdb/mcs30/m4D/m4D/mcs30_m4D_s80.A04 fileNameGt=../../cp2016-max-common-connected-subgraph-paper/datasets/graphsdb/mcs30/m4D/m4D/mcs30_m4D_s80.B04
Reading graphs...
80 :  130
80 :  131
Initializing...
maxdom : 11
D->valSize : 406
Solving...
Blb : 2 (clique : 28)
currentSize : 28 <-- 0.003761 s
currentSize : 29 <-- 0.012807 s
currentSize : 30 <-- 0.044332 s
currentSize : 31 <-- 0.146049 s
currentSize : 32 <-- 0.148039 s
currentSize : 33 <-- 214.943985 s
currentSize : 34 <-- 306.832062 s
currentSize : 35 <-- 648.395569 s

TIMEOUT
maxsize : 35
nodes : 256223791.000000
filtered : 1489941890.000000
time : 1000.000061
