Parameters: GAD=1 vflib=1 dir=0 label=0 vlabel=1 lowerbound=1 fileNameGp=../../cp2016-max-common-connected-subgraph-paper/datasets/graphsdb/mcs30/rand/r01/mcs30_r01_s70.A09 fileNameGt=../../cp2016-max-common-connected-subgraph-paper/datasets/graphsdb/mcs30/rand/r01/mcs30_r01_s70.B09
Reading graphs...
70 :  454
70 :  457
Initializing...
maxdom : 8
D->valSize : 301
Solving...
Blb : 2 (clique : 15)
currentSize : 15 <-- 0.002509 s
currentSize : 17 <-- 0.014872 s
currentSize : 18 <-- 0.103120 s
currentSize : 19 <-- 15.750210 s
currentSize : 20 <-- 18.335632 s
currentSize : 21 <-- 18.337400 s

maxsize : 21
nodes : 12556077.000000
filtered : 94538132.000000
time : 58.124294
