Parameters: GAD=1 vflib=1 dir=0 label=0 vlabel=1 lowerbound=1 fileNameGp=../../cp2016-max-common-connected-subgraph-paper/datasets/graphsdb/mcs30/rand/r02/mcs30_r02_s70.A01 fileNameGt=../../cp2016-max-common-connected-subgraph-paper/datasets/graphsdb/mcs30/rand/r02/mcs30_r02_s70.B01
Reading graphs...
70 :  860
70 :  854
Initializing...
maxdom : 9
D->valSize : 345
Solving...
Blb : 2 (clique : 10)
currentSize : 10 <-- 0.002732 s
currentSize : 11 <-- 0.002884 s
currentSize : 12 <-- 0.003035 s
currentSize : 13 <-- 0.003613 s
currentSize : 14 <-- 0.867651 s
currentSize : 17 <-- 6.280923 s
currentSize : 19 <-- 6.281387 s
currentSize : 21 <-- 6.281441 s

maxsize : 21
nodes : 1771171.000000
filtered : 12204908.000000
time : 8.243750
