Parameters: GAD=1 vflib=1 dir=0 label=0 vlabel=1 lowerbound=1 fileNameGp=../../cp2016-max-common-connected-subgraph-paper/datasets/graphsdb/mcs30/m3D/m3Dr2/mcs30_m3Dr2_s70.A03 fileNameGt=../../cp2016-max-common-connected-subgraph-paper/datasets/graphsdb/mcs30/m3D/m3Dr2/mcs30_m3Dr2_s70.B03
Reading graphs...
70 :  170
70 :  172
Initializing...
maxdom : 7
D->valSize : 331
Solving...
Blb : 3 (clique : 24)
currentSize : 24 <-- 0.004402 s
currentSize : 25 <-- 0.005179 s
currentSize : 26 <-- 0.048107 s
currentSize : 27 <-- 0.394440 s
currentSize : 28 <-- 0.694736 s
currentSize : 29 <-- 1.078093 s
currentSize : 30 <-- 373.864197 s

TIMEOUT
maxsize : 30
nodes : 219852984.000000
filtered : 1699323981.000000
time : 1000.000000
