Parameters: GAD=1 vflib=1 dir=0 label=0 vlabel=1 lowerbound=1 fileNameGp=../../cp2016-max-common-connected-subgraph-paper/datasets/graphsdb/mcs30/m4D/m4Dr6/mcs30_m4Dr6_s80.A06 fileNameGt=../../cp2016-max-common-connected-subgraph-paper/datasets/graphsdb/mcs30/m4D/m4Dr6/mcs30_m4Dr6_s80.B06
Reading graphs...
80 :  177
80 :  175
Initializing...
maxdom : 10
D->valSize : 407
Solving...
Blb : 2 (clique : 29)
currentSize : 29 <-- 0.003879 s
currentSize : 30 <-- 0.004108 s
currentSize : 31 <-- 0.010261 s
currentSize : 32 <-- 0.170202 s
currentSize : 33 <-- 4.626721 s
currentSize : 34 <-- 25.330256 s

TIMEOUT
maxsize : 34
nodes : 216154035.000000
filtered : 1418966802.000000
time : 1000.000061
