Parameters: GAD=1 vflib=1 dir=0 label=0 vlabel=1 lowerbound=1 fileNameGp=../../cp2016-max-common-connected-subgraph-paper/datasets/graphsdb/mcs30/m2D/m2Dr4/mcs30_m2Dr4_s70.A07 fileNameGt=../../cp2016-max-common-connected-subgraph-paper/datasets/graphsdb/mcs30/m2D/m2Dr4/mcs30_m2Dr4_s70.B07
Reading graphs...
70 :  146
70 :  148
Initializing...
maxdom : 9
D->valSize : 319
Solving...
Blb : 2 (clique : 22)
currentSize : 22 <-- 0.004246 s
currentSize : 27 <-- 0.004468 s
currentSize : 28 <-- 0.339328 s
currentSize : 29 <-- 9.292910 s
currentSize : 30 <-- 13.972693 s
currentSize : 31 <-- 115.280167 s
currentSize : 32 <-- 158.982391 s
currentSize : 33 <-- 693.814026 s

TIMEOUT
maxsize : 33
nodes : 214703087.000000
filtered : 1490287840.000000
time : 1000.000061
