Parameters: GAD=1 vflib=1 dir=0 label=0 vlabel=1 lowerbound=1 fileNameGp=../../cp2016-max-common-connected-subgraph-paper/datasets/graphsdb/mcs30/bvg/b06/mcs30_b06_s70.A02 fileNameGt=../../cp2016-max-common-connected-subgraph-paper/datasets/graphsdb/mcs30/bvg/b06/mcs30_b06_s70.B02
Reading graphs...
70 :  208
70 :  209
Initializing...
maxdom : 7
D->valSize : 303
Solving...
Blb : 3 (clique : 21)
currentSize : 21 <-- 0.002433 s
currentSize : 22 <-- 0.023886 s
currentSize : 23 <-- 0.087853 s
currentSize : 24 <-- 0.167494 s
currentSize : 25 <-- 0.409802 s
currentSize : 26 <-- 1.297216 s
currentSize : 27 <-- 23.492680 s
currentSize : 28 <-- 123.135262 s

maxsize : 28
nodes : 124698050.000000
filtered : 1038649674.000000
time : 621.130493
