Parameters: GAD=1 vflib=1 dir=0 label=0 vlabel=1 lowerbound=1 fileNameGp=../../cp2016-max-common-connected-subgraph-paper/datasets/graphsdb/mcs30/m4D/m4Dr4/mcs30_m4Dr4_s90.A00 fileNameGt=../../cp2016-max-common-connected-subgraph-paper/datasets/graphsdb/mcs30/m4D/m4Dr4/mcs30_m4Dr4_s90.B00
Reading graphs...
90 :  181
90 :  182
Initializing...
maxdom : 10
D->valSize : 528
Solving...
Blb : 2 (clique : 31)
currentSize : 31 <-- 0.006093 s
currentSize : 32 <-- 0.146316 s
currentSize : 33 <-- 0.877666 s
currentSize : 34 <-- 1.960697 s
currentSize : 35 <-- 10.242024 s
currentSize : 36 <-- 43.537136 s
currentSize : 37 <-- 162.994202 s
currentSize : 38 <-- 216.442596 s
currentSize : 39 <-- 285.725159 s

TIMEOUT
maxsize : 39
nodes : 215084424.000000
filtered : 1278910767.000000
time : 1000.000061
