Parameters: GAD=1 vflib=1 dir=0 label=0 vlabel=1 lowerbound=1 fileNameGp=../../cp2016-max-common-connected-subgraph-paper/datasets/graphsdb/mcs30/bvg/b03/mcs30_b03_s100.A06 fileNameGt=../../cp2016-max-common-connected-subgraph-paper/datasets/graphsdb/mcs30/bvg/b03/mcs30_b03_s100.B06
Reading graphs...
100 :  149
100 :  150
Initializing...
maxdom : 6
D->valSize : 319
Solving...
Blb : 2 (clique : 38)
currentSize : 38 <-- 0.003328 s
currentSize : 39 <-- 0.003599 s
currentSize : 40 <-- 0.016196 s
currentSize : 41 <-- 0.016322 s
currentSize : 42 <-- 2.049747 s
currentSize : 43 <-- 368.877563 s

TIMEOUT
maxsize : 43
nodes : 230525779.000000
filtered : 780858989.000000
time : 1000.000122
