Parameters: GAD=1 vflib=1 dir=0 label=0 vlabel=1 lowerbound=1 fileNameGp=../../cp2016-max-common-connected-subgraph-paper/datasets/graphsdb/mcs30/m4D/m4Dr2/mcs30_m4Dr2_s70.A01 fileNameGt=../../cp2016-max-common-connected-subgraph-paper/datasets/graphsdb/mcs30/m4D/m4Dr2/mcs30_m4Dr2_s70.B01
Reading graphs...
70 :  131
70 :  131
Initializing...
maxdom : 9
D->valSize : 310
Solving...
Blb : 2 (clique : 24)
currentSize : 24 <-- 0.002423 s
currentSize : 25 <-- 0.008738 s
currentSize : 26 <-- 0.113157 s
currentSize : 27 <-- 0.868450 s
currentSize : 28 <-- 2.051513 s
currentSize : 29 <-- 13.260698 s
currentSize : 30 <-- 572.946289 s

TIMEOUT
maxsize : 30
nodes : 243924053.000000
filtered : 1298975509.000000
time : 1000.000061
