Parameters: GAD=1 vflib=1 dir=0 label=0 vlabel=1 lowerbound=1 fileNameGp=../../cp2016-max-common-connected-subgraph-paper/datasets/graphsdb/mcs30/bvg/b06/mcs30_b06_s70.A08 fileNameGt=../../cp2016-max-common-connected-subgraph-paper/datasets/graphsdb/mcs30/bvg/b06/mcs30_b06_s70.B08
Reading graphs...
70 :  209
70 :  209
Initializing...
maxdom : 8
D->valSize : 324
Solving...
Blb : 2 (clique : 22)
currentSize : 22 <-- 0.004318 s
currentSize : 23 <-- 0.004527 s
currentSize : 24 <-- 0.005370 s
currentSize : 25 <-- 0.009609 s
currentSize : 26 <-- 5.424551 s
currentSize : 27 <-- 255.297729 s
currentSize : 28 <-- 273.139252 s
currentSize : 29 <-- 273.596100 s

maxsize : 29
nodes : 178143823.000000
filtered : 1611350209.000000
time : 897.271973
