Parameters: GAD=1 vflib=1 dir=0 label=0 vlabel=1 lowerbound=1 fileNameGp=../../cp2016-max-common-connected-subgraph-paper/datasets/graphsdb/mcs30/m3D/m3Dr4/mcs30_m3Dr4_s100.A07 fileNameGt=../../cp2016-max-common-connected-subgraph-paper/datasets/graphsdb/mcs30/m3D/m3Dr4/mcs30_m3Dr4_s100.B07
Reading graphs...
100 :  274
100 :  272
Initializing...
maxdom : 7
D->valSize : 341
Solving...
Blb : 2 (clique : 28)
currentSize : 28 <-- 0.003400 s
currentSize : 29 <-- 0.003624 s
currentSize : 30 <-- 0.003711 s
currentSize : 31 <-- 0.004362 s
currentSize : 32 <-- 0.006722 s
currentSize : 33 <-- 0.039155 s
currentSize : 34 <-- 0.306141 s
currentSize : 35 <-- 4.725449 s

TIMEOUT
maxsize : 35
nodes : 198060063.000000
filtered : 934266110.000000
time : 1000.000061
