Parameters: GAD=1 vflib=1 dir=0 label=0 vlabel=1 lowerbound=1 fileNameGp=../../cp2016-max-common-connected-subgraph-paper/datasets/graphsdb/mcs30/bvg/b09/mcs30_b09_s60.A01 fileNameGt=../../cp2016-max-common-connected-subgraph-paper/datasets/graphsdb/mcs30/bvg/b09/mcs30_b09_s60.B01
Reading graphs...
60 :  262
60 :  266
Initializing...
maxdom : 8
D->valSize : 224
Solving...
Blb : 3 (clique : 16)
currentSize : 16 <-- 0.001481 s
currentSize : 17 <-- 0.001977 s
currentSize : 18 <-- 0.003686 s
currentSize : 19 <-- 0.030036 s
currentSize : 20 <-- 0.035866 s
currentSize : 21 <-- 0.041780 s
currentSize : 22 <-- 0.042015 s

maxsize : 22
nodes : 1242157.000000
filtered : 7905183.000000
time : 5.109270
