Parameters: GAD=1 vflib=1 dir=0 label=0 vlabel=1 lowerbound=1 fileNameGp=../../cp2016-max-common-connected-subgraph-paper/datasets/graphsdb/mcs30/rand/r01/mcs30_r01_s70.A06 fileNameGt=../../cp2016-max-common-connected-subgraph-paper/datasets/graphsdb/mcs30/rand/r01/mcs30_r01_s70.B06
Reading graphs...
70 :  451
70 :  460
Initializing...
maxdom : 7
D->valSize : 334
Solving...
Blb : 2 (clique : 16)
currentSize : 16 <-- 0.004140 s
currentSize : 17 <-- 0.004453 s
currentSize : 18 <-- 0.021189 s
currentSize : 19 <-- 0.053474 s
currentSize : 20 <-- 0.149779 s
currentSize : 21 <-- 0.615502 s
currentSize : 22 <-- 0.689144 s

maxsize : 22
nodes : 4938394.000000
filtered : 50623969.000000
time : 25.577995
