Parameters: GAD=1 vflib=1 dir=0 label=0 vlabel=1 lowerbound=1 fileNameGp=../../cp2016-max-common-connected-subgraph-paper/datasets/graphsdb/mcs30/rand/r01/mcs30_r01_s100.A00 fileNameGt=../../cp2016-max-common-connected-subgraph-paper/datasets/graphsdb/mcs30/rand/r01/mcs30_r01_s100.B00
Reading graphs...
100 :  932
100 :  946
Initializing...
maxdom : 6
D->valSize : 324
Solving...
Blb : 2 (clique : 15)
currentSize : 15 <-- 0.004647 s
currentSize : 16 <-- 0.009777 s
currentSize : 17 <-- 0.161867 s
currentSize : 18 <-- 0.207366 s
currentSize : 19 <-- 0.639103 s
currentSize : 21 <-- 1.407779 s
currentSize : 22 <-- 6.701728 s
currentSize : 24 <-- 6.953544 s
currentSize : 25 <-- 23.085575 s
currentSize : 26 <-- 36.829113 s
currentSize : 27 <-- 36.880062 s
currentSize : 28 <-- 40.313042 s
currentSize : 30 <-- 64.546448 s

maxsize : 30
nodes : 13953973.000000
filtered : 108411899.000000
time : 83.658691
