Parameters: GAD=1 vflib=1 dir=0 label=0 vlabel=1 lowerbound=1 fileNameGp=../../cp2016-max-common-connected-subgraph-paper/datasets/graphsdb/mcs30/bvg/b03/mcs30_b03_s80.A06 fileNameGt=../../cp2016-max-common-connected-subgraph-paper/datasets/graphsdb/mcs30/bvg/b03/mcs30_b03_s80.B06
Reading graphs...
80 :  120
80 :  120
Initializing...
maxdom : 12
D->valSize : 453
Solving...
Blb : 2 (clique : 35)
currentSize : 35 <-- 0.004511 s
currentSize : 36 <-- 0.004765 s
currentSize : 37 <-- 0.004876 s
currentSize : 38 <-- 0.038081 s
currentSize : 39 <-- 1.144804 s
currentSize : 40 <-- 11.858926 s
currentSize : 41 <-- 113.792503 s

TIMEOUT
maxsize : 41
nodes : 226277182.000000
filtered : 1253054467.000000
time : 1000.000061
