Parameters: GAD=1 vflib=1 dir=0 label=0 vlabel=1 lowerbound=1 fileNameGp=../../cp2016-max-common-connected-subgraph-paper/datasets/graphsdb/mcs30/m3D/m3Dr4/mcs30_m3Dr4_s100.A08 fileNameGt=../../cp2016-max-common-connected-subgraph-paper/datasets/graphsdb/mcs30/m3D/m3Dr4/mcs30_m3Dr4_s100.B08
Reading graphs...
100 :  269
100 :  271
Initializing...
maxdom : 7
D->valSize : 338
Solving...
Blb : 3 (clique : 28)
currentSize : 28 <-- 0.003336 s
currentSize : 29 <-- 0.007392 s
currentSize : 30 <-- 0.031367 s
currentSize : 31 <-- 0.275331 s
currentSize : 32 <-- 1.037574 s
currentSize : 33 <-- 18.221935 s
currentSize : 34 <-- 34.352631 s
currentSize : 35 <-- 50.044670 s
currentSize : 36 <-- 105.023369 s
currentSize : 37 <-- 351.669891 s

TIMEOUT
maxsize : 37
nodes : 189569707.000000
filtered : 953026197.000000
time : 1000.000061
