Parameters: GAD=1 vflib=1 dir=0 label=0 vlabel=1 lowerbound=1 fileNameGp=../../cp2016-max-common-connected-subgraph-paper/datasets/graphsdb/mcs30/m4D/m4Dr2/mcs30_m4Dr2_s50.A08 fileNameGt=../../cp2016-max-common-connected-subgraph-paper/datasets/graphsdb/mcs30/m4D/m4Dr2/mcs30_m4Dr2_s50.B08
Reading graphs...
50 :  96
50 :  96
Initializing...
maxdom : 8
D->valSize : 309
Solving...
Blb : 5 (clique : 21)
currentSize : 21 <-- 0.003374 s
currentSize : 22 <-- 0.025610 s
currentSize : 23 <-- 0.044977 s
currentSize : 24 <-- 1.368463 s
currentSize : 25 <-- 2.850382 s
currentSize : 26 <-- 192.777405 s

maxsize : 26
nodes : 121874294.000000
filtered : 1346261838.000000
time : 523.499939
