Parameters: GAD=1 vflib=1 dir=0 label=0 vlabel=1 lowerbound=1 fileNameGp=../../cp2016-max-common-connected-subgraph-paper/datasets/graphsdb/mcs30/m2D/m2Dr4/mcs30_m2Dr4_s80.A09 fileNameGt=../../cp2016-max-common-connected-subgraph-paper/datasets/graphsdb/mcs30/m2D/m2Dr4/mcs30_m2Dr4_s80.B09
Reading graphs...
80 :  172
80 :  171
Initializing...
maxdom : 8
D->valSize : 427
Solving...
Blb : 2 (clique : 28)
currentSize : 28 <-- 0.007016 s
currentSize : 29 <-- 0.228864 s
currentSize : 30 <-- 2.319663 s
currentSize : 31 <-- 2.368804 s
currentSize : 32 <-- 5.325740 s
currentSize : 33 <-- 31.891333 s
currentSize : 34 <-- 76.028954 s
currentSize : 35 <-- 356.698914 s

TIMEOUT
maxsize : 35
nodes : 201979236.000000
filtered : 1369134061.000000
time : 1000.000061
