Parameters: GAD=1 vflib=1 dir=0 label=0 vlabel=1 lowerbound=1 fileNameGp=../../cp2016-max-common-connected-subgraph-paper/datasets/graphsdb/mcs30/rand/r005/mcs30_r005_s70.A01 fileNameGt=../../cp2016-max-common-connected-subgraph-paper/datasets/graphsdb/mcs30/rand/r005/mcs30_r005_s70.B01
Reading graphs...
70 :  235
70 :  234
Initializing...
maxdom : 10
D->valSize : 302
Solving...
Blb : 3 (clique : 20)
currentSize : 20 <-- 0.002345 s
currentSize : 21 <-- 0.013878 s
currentSize : 22 <-- 0.043926 s
currentSize : 23 <-- 0.063529 s
currentSize : 24 <-- 2.230094 s
currentSize : 25 <-- 2.325018 s
currentSize : 26 <-- 147.085892 s

maxsize : 26
nodes : 143926502.000000
filtered : 1202944473.000000
time : 701.621460
