Parameters: GAD=1 vflib=1 dir=0 label=0 vlabel=1 lowerbound=1 fileNameGp=../../cp2016-max-common-connected-subgraph-paper/datasets/graphsdb/mcs30/rand/r01/mcs30_r01_s80.A07 fileNameGt=../../cp2016-max-common-connected-subgraph-paper/datasets/graphsdb/mcs30/rand/r01/mcs30_r01_s80.B07
Reading graphs...
80 :  594
80 :  590
Initializing...
maxdom : 11
D->valSize : 473
Solving...
Blb : 2 (clique : 14)
currentSize : 14 <-- 0.004512 s
currentSize : 15 <-- 0.005100 s
currentSize : 16 <-- 0.005706 s
currentSize : 17 <-- 0.211497 s
currentSize : 18 <-- 0.223105 s
currentSize : 19 <-- 0.389266 s
currentSize : 20 <-- 4.796659 s
currentSize : 21 <-- 91.705856 s
currentSize : 22 <-- 116.313332 s
currentSize : 23 <-- 391.848419 s
currentSize : 24 <-- 480.445312 s

maxsize : 24
nodes : 130639564.000000
filtered : 1327229901.000000
time : 718.609314
