Parameters: GAD=1 vflib=1 dir=0 label=0 vlabel=1 lowerbound=1 fileNameGp=../../cp2016-max-common-connected-subgraph-paper/datasets/graphsdb/mcs30/rand/r02/mcs30_r02_s70.A03 fileNameGt=../../cp2016-max-common-connected-subgraph-paper/datasets/graphsdb/mcs30/rand/r02/mcs30_r02_s70.B03
Reading graphs...
70 :  861
70 :  871
Initializing...
maxdom : 7
D->valSize : 334
Solving...
Blb : 2 (clique : 11)
currentSize : 11 <-- 0.002624 s
currentSize : 12 <-- 0.017493 s
currentSize : 13 <-- 2.177706 s
currentSize : 14 <-- 3.050122 s
currentSize : 16 <-- 3.096097 s
currentSize : 17 <-- 3.097959 s
currentSize : 18 <-- 3.098086 s
currentSize : 19 <-- 3.098173 s
currentSize : 21 <-- 3.098229 s

maxsize : 21
nodes : 1095519.000000
filtered : 7810565.000000
time : 5.059136
