Parameters: GAD=1 vflib=1 dir=0 label=0 vlabel=1 lowerbound=1 fileNameGp=../../cp2016-max-common-connected-subgraph-paper/datasets/graphsdb/mcs30/m3D/m3Dr6/mcs30_m3Dr6_s80.A06 fileNameGt=../../cp2016-max-common-connected-subgraph-paper/datasets/graphsdb/mcs30/m3D/m3Dr6/mcs30_m3Dr6_s80.B06
Reading graphs...
80 :  231
80 :  230
Initializing...
maxdom : 10
D->valSize : 445
Solving...
Blb : 2 (clique : 27)
currentSize : 27 <-- 0.004287 s
currentSize : 28 <-- 0.004583 s
currentSize : 29 <-- 0.053380 s
currentSize : 30 <-- 0.250363 s
currentSize : 31 <-- 1.940681 s
currentSize : 32 <-- 119.343636 s
currentSize : 33 <-- 324.650574 s

TIMEOUT
maxsize : 33
nodes : 194168750.000000
filtered : 1380319781.000000
time : 1000.000061
