Parameters: GAD=1 vflib=1 dir=0 label=0 vlabel=1 lowerbound=1 fileNameGp=../../cp2016-max-common-connected-subgraph-paper/datasets/graphsdb/mcs30/m2D/m2D/mcs30_m2D_s80.A03 fileNameGt=../../cp2016-max-common-connected-subgraph-paper/datasets/graphsdb/mcs30/m2D/m2D/mcs30_m2D_s80.B03
Reading graphs...
80 :  142
80 :  140
Initializing...
maxdom : 12
D->valSize : 406
Solving...
Blb : 2 (clique : 31)
currentSize : 31 <-- 0.003844 s
currentSize : 32 <-- 0.004087 s
currentSize : 33 <-- 0.004257 s
currentSize : 34 <-- 0.004905 s
currentSize : 35 <-- 0.005213 s
currentSize : 36 <-- 0.572661 s
currentSize : 37 <-- 0.601606 s
currentSize : 38 <-- 73.340683 s
currentSize : 39 <-- 120.249107 s

TIMEOUT
maxsize : 39
nodes : 187912788.000000
filtered : 1404636939.000000
time : 1000.000061
