Parameters: GAD=1 vflib=1 dir=0 label=0 vlabel=1 lowerbound=1 fileNameGp=../../cp2016-max-common-connected-subgraph-paper/datasets/graphsdb/mcs30/bvg/b09/mcs30_b09_s50.A05 fileNameGt=../../cp2016-max-common-connected-subgraph-paper/datasets/graphsdb/mcs30/bvg/b09/mcs30_b09_s50.B05
Reading graphs...
50 :  213
50 :  222
Initializing...
maxdom : 11
D->valSize : 321
Solving...
Blb : 2 (clique : 14)
currentSize : 14 <-- 0.002157 s
currentSize : 15 <-- 0.002539 s
currentSize : 16 <-- 0.007282 s
currentSize : 17 <-- 0.141622 s
currentSize : 18 <-- 3.422571 s
currentSize : 19 <-- 3.422936 s
currentSize : 20 <-- 9.813536 s

maxsize : 20
nodes : 2453765.000000
filtered : 29337658.000000
time : 11.004522
