Parameters: GAD=1 vflib=1 dir=0 label=0 vlabel=1 lowerbound=1 fileNameGp=../../cp2016-max-common-connected-subgraph-paper/datasets/graphsdb/mcs30/bvg/b06m/mcs30_b06m_s60.A00 fileNameGt=../../cp2016-max-common-connected-subgraph-paper/datasets/graphsdb/mcs30/bvg/b06m/mcs30_b06m_s60.B00
Reading graphs...
60 :  177
60 :  178
Initializing...
maxdom : 8
D->valSize : 257
Solving...
Blb : 5 (clique : 18)
currentSize : 18 <-- 0.001795 s
currentSize : 19 <-- 0.005367 s
currentSize : 20 <-- 0.033850 s
currentSize : 21 <-- 0.038243 s
currentSize : 22 <-- 0.556759 s
currentSize : 23 <-- 2.901363 s
currentSize : 24 <-- 9.975092 s

maxsize : 24
nodes : 24369816.000000
filtered : 200187290.000000
time : 110.826424
