Parameters: GAD=1 vflib=1 dir=0 label=0 vlabel=1 lowerbound=1 fileNameGp=../../cp2016-max-common-connected-subgraph-paper/datasets/graphsdb/mcs30/m4D/m4Dr4/mcs30_m4Dr4_s50.A04 fileNameGt=../../cp2016-max-common-connected-subgraph-paper/datasets/graphsdb/mcs30/m4D/m4Dr4/mcs30_m4Dr4_s50.B04
Reading graphs...
50 :  104
50 :  105
Initializing...
maxdom : 12
D->valSize : 323
Solving...
Blb : 2 (clique : 17)
currentSize : 17 <-- 0.002285 s
currentSize : 19 <-- 0.002399 s
currentSize : 20 <-- 0.003289 s
currentSize : 21 <-- 0.004244 s
currentSize : 22 <-- 0.006878 s
currentSize : 23 <-- 0.060903 s
currentSize : 24 <-- 1.799615 s
currentSize : 25 <-- 18.798485 s
currentSize : 26 <-- 62.519707 s

maxsize : 26
nodes : 18327212.000000
filtered : 221069228.000000
time : 80.054298
