Parameters: GAD=1 vflib=1 dir=0 label=0 vlabel=1 lowerbound=1 fileNameGp=../../cp2016-max-common-connected-subgraph-paper/datasets/graphsdb/mcs30/m3D/m3Dr2/mcs30_m3Dr2_s90.A01 fileNameGt=../../cp2016-max-common-connected-subgraph-paper/datasets/graphsdb/mcs30/m3D/m3Dr2/mcs30_m3Dr2_s90.B01
Reading graphs...
90 :  227
90 :  224
Initializing...
maxdom : 9
D->valSize : 507
Solving...
Blb : 2 (clique : 30)
currentSize : 30 <-- 0.005747 s
currentSize : 31 <-- 0.080524 s
currentSize : 32 <-- 0.209078 s
currentSize : 33 <-- 0.604682 s
currentSize : 34 <-- 162.682007 s
currentSize : 35 <-- 716.573669 s

TIMEOUT
maxsize : 35
nodes : 206908873.000000
filtered : 1370592827.000000
time : 1000.000061
