Parameters: GAD=1 vflib=1 dir=0 label=0 vlabel=1 lowerbound=1 fileNameGp=../../cp2016-max-common-connected-subgraph-paper/datasets/graphsdb/mcs30/rand/r01/mcs30_r01_s100.A06 fileNameGt=../../cp2016-max-common-connected-subgraph-paper/datasets/graphsdb/mcs30/rand/r01/mcs30_r01_s100.B06
Reading graphs...
100 :  924
100 :  939
Initializing...
maxdom : 8
D->valSize : 359
Solving...
Blb : 3 (clique : 15)
currentSize : 15 <-- 0.005522 s
currentSize : 16 <-- 0.006021 s
currentSize : 17 <-- 0.006144 s
currentSize : 18 <-- 0.480278 s
currentSize : 19 <-- 11.803845 s
currentSize : 20 <-- 11.963800 s
currentSize : 21 <-- 47.006260 s
currentSize : 22 <-- 47.007721 s
currentSize : 23 <-- 72.207642 s
currentSize : 24 <-- 73.424850 s
currentSize : 25 <-- 77.168571 s
currentSize : 26 <-- 77.289345 s
currentSize : 30 <-- 77.785248 s

maxsize : 30
nodes : 19808550.000000
filtered : 139837121.000000
time : 114.529938
