Parameters: GAD=1 vflib=1 dir=0 label=0 vlabel=1 lowerbound=1 fileNameGp=../../cp2016-max-common-connected-subgraph-paper/datasets/graphsdb/mcs30/m4D/m4Dr2/mcs30_m4Dr2_s50.A06 fileNameGt=../../cp2016-max-common-connected-subgraph-paper/datasets/graphsdb/mcs30/m4D/m4Dr2/mcs30_m4Dr2_s50.B06
Reading graphs...
50 :  96
50 :  95
Initializing...
maxdom : 8
D->valSize : 320
Solving...
Blb : 2 (clique : 23)
currentSize : 23 <-- 0.002370 s
currentSize : 24 <-- 0.006967 s
currentSize : 25 <-- 0.008322 s
currentSize : 26 <-- 3.013281 s
currentSize : 27 <-- 248.884125 s

maxsize : 27
nodes : 165705372.000000
filtered : 1842281451.000000
time : 711.260437
