Parameters: GAD=1 vflib=1 dir=0 label=0 vlabel=1 lowerbound=1 fileNameGp=../../cp2016-max-common-connected-subgraph-paper/datasets/graphsdb/mcs30/m4D/m4Dr4/mcs30_m4Dr4_s90.A03 fileNameGt=../../cp2016-max-common-connected-subgraph-paper/datasets/graphsdb/mcs30/m4D/m4Dr4/mcs30_m4Dr4_s90.B03
Reading graphs...
90 :  181
90 :  180
Initializing...
maxdom : 12
D->valSize : 487
Solving...
Blb : 2 (clique : 33)
currentSize : 33 <-- 0.005381 s
currentSize : 34 <-- 0.555256 s
currentSize : 35 <-- 0.596149 s
currentSize : 36 <-- 2.426694 s
currentSize : 37 <-- 3.456876 s
currentSize : 38 <-- 48.240616 s
currentSize : 39 <-- 383.677185 s
currentSize : 40 <-- 957.138733 s

TIMEOUT
maxsize : 40
nodes : 217373282.000000
filtered : 1479583967.000000
time : 1000.000061
