Parameters: GAD=1 vflib=1 dir=0 label=0 vlabel=1 lowerbound=1 fileNameGp=../../cp2016-max-common-connected-subgraph-paper/datasets/graphsdb/mcs30/rand/r02/mcs30_r02_s100.A03 fileNameGt=../../cp2016-max-common-connected-subgraph-paper/datasets/graphsdb/mcs30/rand/r02/mcs30_r02_s100.B03
Reading graphs...
100 :  1771
100 :  1738
Initializing...
maxdom : 7
D->valSize : 319
Solving...
Blb : 2 (clique : 11)
currentSize : 11 <-- 0.003023 s
currentSize : 12 <-- 0.003217 s
currentSize : 13 <-- 0.007505 s
currentSize : 14 <-- 0.008225 s
currentSize : 16 <-- 0.033756 s
currentSize : 17 <-- 0.073654 s
currentSize : 20 <-- 0.081586 s
currentSize : 22 <-- 0.102448 s
currentSize : 24 <-- 0.103275 s
currentSize : 28 <-- 0.109264 s
currentSize : 30 <-- 0.110440 s

maxsize : 30
nodes : 166794.000000
filtered : 2050540.000000
time : 1.143235
