Parameters: GAD=1 vflib=1 dir=0 label=0 vlabel=1 lowerbound=1 fileNameGp=../../cp2016-max-common-connected-subgraph-paper/datasets/graphsdb/mcs30/m4D/m4D/mcs30_m4D_s60.A00 fileNameGt=../../cp2016-max-common-connected-subgraph-paper/datasets/graphsdb/mcs30/m4D/m4D/mcs30_m4D_s60.B00
Reading graphs...
60 :  101
60 :  102
Initializing...
maxdom : 7
D->valSize : 232
Solving...
Blb : 2 (clique : 22)
currentSize : 22 <-- 0.001600 s
currentSize : 23 <-- 0.001728 s
currentSize : 24 <-- 0.001994 s
currentSize : 25 <-- 0.002294 s
currentSize : 26 <-- 0.603827 s
currentSize : 27 <-- 2.829913 s
currentSize : 28 <-- 5.349168 s
currentSize : 29 <-- 675.007080 s

TIMEOUT
maxsize : 29
nodes : 277466562.000000
filtered : 1839173042.000000
time : 1000.000000
