Parameters: GAD=1 vflib=1 dir=0 label=0 vlabel=1 lowerbound=1 fileNameGp=../../cp2016-max-common-connected-subgraph-paper/datasets/graphsdb/mcs30/bvg/b03m/mcs30_b03m_s80.A08 fileNameGt=../../cp2016-max-common-connected-subgraph-paper/datasets/graphsdb/mcs30/bvg/b03m/mcs30_b03m_s80.B08
Reading graphs...
80 :  119
80 :  119
Initializing...
maxdom : 9
D->valSize : 447
Solving...
Blb : 2 (clique : 36)
currentSize : 36 <-- 0.004743 s
currentSize : 37 <-- 0.005263 s
currentSize : 38 <-- 0.012177 s
currentSize : 39 <-- 2.511261 s
currentSize : 40 <-- 3.033417 s
currentSize : 41 <-- 130.074738 s
currentSize : 42 <-- 434.963806 s

TIMEOUT
maxsize : 42
nodes : 226922004.000000
filtered : 1104592150.000000
time : 1000.000061
