Parameters: GAD=1 vflib=1 dir=0 label=0 vlabel=1 lowerbound=1 fileNameGp=../../cp2016-max-common-connected-subgraph-paper/datasets/graphsdb/mcs30/rand/r02/mcs30_r02_s70.A07 fileNameGt=../../cp2016-max-common-connected-subgraph-paper/datasets/graphsdb/mcs30/rand/r02/mcs30_r02_s70.B07
Reading graphs...
70 :  862
70 :  851
Initializing...
maxdom : 8
D->valSize : 315
Solving...
Blb : 2 (clique : 9)
currentSize : 9 <-- 0.002371 s
currentSize : 10 <-- 0.002467 s
currentSize : 11 <-- 0.002540 s
currentSize : 12 <-- 0.013990 s
currentSize : 13 <-- 0.056790 s
currentSize : 14 <-- 0.195492 s
currentSize : 16 <-- 0.285847 s
currentSize : 18 <-- 0.285979 s
currentSize : 19 <-- 1.929617 s
currentSize : 21 <-- 1.929709 s

maxsize : 21
nodes : 507816.000000
filtered : 4658427.000000
time : 2.596574
