Parameters: GAD=1 vflib=1 dir=0 label=0 vlabel=1 lowerbound=1 fileNameGp=../../cp2016-max-common-connected-subgraph-paper/datasets/graphsdb/mcs30/m2D/m2Dr2/mcs30_m2Dr2_s60.A04 fileNameGt=../../cp2016-max-common-connected-subgraph-paper/datasets/graphsdb/mcs30/m2D/m2Dr2/mcs30_m2Dr2_s60.B04
Reading graphs...
60 :  114
60 :  115
Initializing...
maxdom : 8
D->valSize : 253
Solving...
Blb : 2 (clique : 22)
currentSize : 22 <-- 0.001861 s
currentSize : 23 <-- 0.002074 s
currentSize : 24 <-- 0.185701 s
currentSize : 25 <-- 1.871465 s
currentSize : 26 <-- 2.035312 s
currentSize : 27 <-- 2.281788 s

TIMEOUT
maxsize : 27
nodes : 245661813.000000
filtered : 1559670503.000000
time : 1000.000000
