Parameters: GAD=1 vflib=1 dir=0 label=0 vlabel=1 lowerbound=1 fileNameGp=../../cp2016-max-common-connected-subgraph-paper/datasets/graphsdb/mcs30/m2D/m2D/mcs30_m2D_s90.A03 fileNameGt=../../cp2016-max-common-connected-subgraph-paper/datasets/graphsdb/mcs30/m2D/m2D/mcs30_m2D_s90.B03
Reading graphs...
90 :  161
90 :  161
Initializing...
maxdom : 10
D->valSize : 525
Solving...
Blb : 2 (clique : 35)
currentSize : 35 <-- 0.010080 s
currentSize : 36 <-- 0.010483 s
currentSize : 37 <-- 0.021727 s
currentSize : 38 <-- 0.030813 s
currentSize : 39 <-- 0.641072 s
currentSize : 40 <-- 18.579298 s
currentSize : 41 <-- 287.149292 s

TIMEOUT
maxsize : 41
nodes : 205891706.000000
filtered : 1244625342.000000
time : 1000.000061
