Parameters: GAD=1 vflib=1 dir=0 label=0 vlabel=1 lowerbound=1 fileNameGp=../../cp2016-max-common-connected-subgraph-paper/datasets/graphsdb/mcs30/m4D/m4Dr4/mcs30_m4Dr4_s70.A02 fileNameGt=../../cp2016-max-common-connected-subgraph-paper/datasets/graphsdb/mcs30/m4D/m4Dr4/mcs30_m4Dr4_s70.B02
Reading graphs...
70 :  144
70 :  144
Initializing...
maxdom : 7
D->valSize : 333
Solving...
Blb : 2 (clique : 27)
currentSize : 27 <-- 0.002860 s
currentSize : 28 <-- 0.004408 s
currentSize : 29 <-- 0.314859 s
currentSize : 30 <-- 25.434483 s
currentSize : 31 <-- 34.776642 s
currentSize : 32 <-- 174.385468 s

TIMEOUT
maxsize : 32
nodes : 231361201.000000
filtered : 1597211920.000000
time : 1000.000000
