Parameters: GAD=1 vflib=1 dir=0 label=0 vlabel=1 lowerbound=1 fileNameGp=../../cp2016-max-common-connected-subgraph-paper/datasets/graphsdb/mcs30/m3D/m3Dr6/mcs30_m3Dr6_s80.A04 fileNameGt=../../cp2016-max-common-connected-subgraph-paper/datasets/graphsdb/mcs30/m3D/m3Dr6/mcs30_m3Dr6_s80.B04
Reading graphs...
80 :  230
80 :  228
Initializing...
maxdom : 9
D->valSize : 458
Solving...
Blb : 2 (clique : 24)
currentSize : 24 <-- 0.007131 s
currentSize : 25 <-- 0.007446 s
currentSize : 26 <-- 0.011334 s
currentSize : 27 <-- 0.011904 s
currentSize : 28 <-- 0.020305 s
currentSize : 29 <-- 1.722682 s
currentSize : 30 <-- 6.404973 s
currentSize : 31 <-- 311.645416 s
currentSize : 32 <-- 311.718231 s

TIMEOUT
maxsize : 32
nodes : 194291474.000000
filtered : 1443408197.000000
time : 1000.000061
