Parameters: GAD=1 vflib=1 dir=0 label=0 vlabel=1 lowerbound=1 fileNameGp=../../cp2016-max-common-connected-subgraph-paper/datasets/graphsdb/mcs30/m4D/m4D/mcs30_m4D_s90.A00 fileNameGt=../../cp2016-max-common-connected-subgraph-paper/datasets/graphsdb/mcs30/m4D/m4D/mcs30_m4D_s90.B00
Reading graphs...
90 :  146
90 :  145
Initializing...
maxdom : 10
D->valSize : 518
Solving...
Blb : 2 (clique : 35)
currentSize : 35 <-- 0.005963 s
currentSize : 36 <-- 0.006303 s
currentSize : 37 <-- 0.006518 s
currentSize : 38 <-- 0.007072 s
currentSize : 39 <-- 0.012143 s
currentSize : 40 <-- 0.327342 s
currentSize : 41 <-- 1.573667 s
currentSize : 42 <-- 41.567139 s
currentSize : 43 <-- 60.182129 s

TIMEOUT
maxsize : 43
nodes : 187834314.000000
filtered : 1491243775.000000
time : 1000.000061
