Parameters: GAD=1 vflib=1 dir=0 label=0 vlabel=1 lowerbound=1 fileNameGp=../../cp2016-max-common-connected-subgraph-paper/datasets/graphsdb/mcs30/rand/r01/mcs30_r01_s80.A08 fileNameGt=../../cp2016-max-common-connected-subgraph-paper/datasets/graphsdb/mcs30/rand/r01/mcs30_r01_s80.B08
Reading graphs...
80 :  599
80 :  589
Initializing...
maxdom : 12
D->valSize : 411
Solving...
Blb : 2 (clique : 15)
currentSize : 15 <-- 0.003769 s
currentSize : 16 <-- 0.020519 s
currentSize : 17 <-- 0.101610 s
currentSize : 18 <-- 0.809199 s
currentSize : 19 <-- 1.332171 s
currentSize : 20 <-- 62.340454 s
currentSize : 21 <-- 65.217514 s
currentSize : 24 <-- 65.348640 s

maxsize : 24
nodes : 35687480.000000
filtered : 339779135.000000
time : 191.988739
