Parameters: GAD=1 vflib=1 dir=0 label=0 vlabel=1 lowerbound=1 fileNameGp=../../cp2016-max-common-connected-subgraph-paper/datasets/graphsdb/mcs30/m4D/m4Dr6/mcs30_m4Dr6_s60.A06 fileNameGt=../../cp2016-max-common-connected-subgraph-paper/datasets/graphsdb/mcs30/m4D/m4Dr6/mcs30_m4Dr6_s60.B06
Reading graphs...
60 :  137
60 :  135
Initializing...
maxdom : 8
D->valSize : 219
Solving...
Blb : 2 (clique : 20)
currentSize : 20 <-- 0.001538 s
currentSize : 21 <-- 0.002137 s
currentSize : 22 <-- 0.004478 s
currentSize : 23 <-- 0.007038 s
currentSize : 24 <-- 0.484364 s
currentSize : 25 <-- 9.622480 s
currentSize : 26 <-- 21.727859 s
currentSize : 27 <-- 101.047951 s

maxsize : 27
nodes : 30637227.000000
filtered : 176281306.000000
time : 120.600388
