Parameters: GAD=1 vflib=1 dir=0 label=0 vlabel=1 lowerbound=1 fileNameGp=../../cp2016-max-common-connected-subgraph-paper/datasets/graphsdb/mcs30/m2D/m2Dr2/mcs30_m2Dr2_s100.A03 fileNameGt=../../cp2016-max-common-connected-subgraph-paper/datasets/graphsdb/mcs30/m2D/m2Dr2/mcs30_m2Dr2_s100.B03
Reading graphs...
100 :  200
100 :  200
Initializing...
maxdom : 8
D->valSize : 354
Solving...
Blb : 2 (clique : 34)
currentSize : 34 <-- 0.003671 s
currentSize : 35 <-- 0.004948 s
currentSize : 36 <-- 0.134818 s
currentSize : 37 <-- 1.259477 s
currentSize : 38 <-- 6.258655 s
currentSize : 39 <-- 11.808490 s
currentSize : 40 <-- 414.335144 s

TIMEOUT
maxsize : 40
nodes : 212745125.000000
filtered : 813739743.000000
time : 1000.000061
