Parameters: GAD=1 vflib=1 dir=0 label=0 vlabel=1 lowerbound=1 fileNameGp=../../cp2016-max-common-connected-subgraph-paper/datasets/graphsdb/mcs30/m2D/m2Dr2/mcs30_m2Dr2_s60.A06 fileNameGt=../../cp2016-max-common-connected-subgraph-paper/datasets/graphsdb/mcs30/m2D/m2Dr2/mcs30_m2Dr2_s60.B06
Reading graphs...
60 :  115
60 :  114
Initializing...
maxdom : 6
D->valSize : 241
Solving...
Blb : 5 (clique : 22)
currentSize : 22 <-- 0.001720 s
currentSize : 23 <-- 0.002076 s
currentSize : 24 <-- 0.002623 s
currentSize : 25 <-- 0.010840 s
currentSize : 26 <-- 0.114934 s
currentSize : 27 <-- 0.355789 s

maxsize : 27
nodes : 59391477.000000
filtered : 382311346.000000
time : 242.335770
