Parameters: GAD=1 vflib=1 dir=0 label=0 vlabel=1 lowerbound=1 fileNameGp=../../cp2016-max-common-connected-subgraph-paper/datasets/graphsdb/mcs30/m2D/m2Dr2/mcs30_m2Dr2_s70.A09 fileNameGt=../../cp2016-max-common-connected-subgraph-paper/datasets/graphsdb/mcs30/m2D/m2Dr2/mcs30_m2Dr2_s70.B09
Reading graphs...
70 :  136
70 :  136
Initializing...
maxdom : 9
D->valSize : 333
Solving...
Blb : 3 (clique : 26)
currentSize : 26 <-- 0.002815 s
currentSize : 27 <-- 0.005020 s
currentSize : 28 <-- 2.367489 s
currentSize : 29 <-- 18.536200 s
currentSize : 30 <-- 18.688801 s
currentSize : 31 <-- 548.694153 s
currentSize : 32 <-- 851.617981 s

TIMEOUT
maxsize : 32
nodes : 258602922.000000
filtered : 1703896599.000000
time : 1000.000061
