Parameters: GAD=1 vflib=1 dir=0 label=0 vlabel=1 lowerbound=1 fileNameGp=../../cp2016-max-common-connected-subgraph-paper/datasets/graphsdb/mcs30/m3D/m3Dr2/mcs30_m3Dr2_s80.A03 fileNameGt=../../cp2016-max-common-connected-subgraph-paper/datasets/graphsdb/mcs30/m3D/m3Dr2/mcs30_m3Dr2_s80.B03
Reading graphs...
80 :  196
80 :  197
Initializing...
maxdom : 11
D->valSize : 399
Solving...
Blb : 2 (clique : 25)
currentSize : 25 <-- 0.003764 s
currentSize : 26 <-- 0.004176 s
currentSize : 27 <-- 0.043233 s
currentSize : 28 <-- 0.043286 s
currentSize : 29 <-- 80.221680 s
currentSize : 30 <-- 88.388756 s
currentSize : 31 <-- 583.858521 s

TIMEOUT
maxsize : 31
nodes : 217073190.000000
filtered : 1562512859.000000
time : 1000.000000
