Parameters: GAD=1 vflib=1 dir=0 label=0 vlabel=1 lowerbound=1 fileNameGp=../../cp2016-max-common-connected-subgraph-paper/datasets/graphsdb/mcs30/m4D/m4Dr4/mcs30_m4Dr4_s80.A07 fileNameGt=../../cp2016-max-common-connected-subgraph-paper/datasets/graphsdb/mcs30/m4D/m4Dr4/mcs30_m4Dr4_s80.B07
Reading graphs...
80 :  162
80 :  161
Initializing...
maxdom : 8
D->valSize : 412
Solving...
Blb : 2 (clique : 31)
currentSize : 31 <-- 0.006245 s
currentSize : 32 <-- 0.007154 s
currentSize : 33 <-- 0.050335 s
currentSize : 34 <-- 0.684830 s
currentSize : 35 <-- 1.811833 s
currentSize : 36 <-- 2.276813 s
currentSize : 37 <-- 748.015869 s
currentSize : 38 <-- 938.035645 s

TIMEOUT
maxsize : 38
nodes : 200453338.000000
filtered : 1573311957.000000
time : 1000.000061
