Parameters: GAD=1 vflib=1 dir=0 label=0 vlabel=1 lowerbound=1 fileNameGp=../../cp2016-max-common-connected-subgraph-paper/datasets/graphsdb/mcs30/m2D/m2Dr2/mcs30_m2Dr2_s50.A03 fileNameGt=../../cp2016-max-common-connected-subgraph-paper/datasets/graphsdb/mcs30/m2D/m2Dr2/mcs30_m2Dr2_s50.B03
Reading graphs...
50 :  94
50 :  93
Initializing...
maxdom : 9
D->valSize : 318
Solving...
Blb : 5 (clique : 22)
currentSize : 22 <-- 0.002273 s
currentSize : 23 <-- 0.225309 s
currentSize : 24 <-- 0.232236 s
currentSize : 25 <-- 4.089186 s
currentSize : 26 <-- 25.060291 s
currentSize : 27 <-- 169.353775 s

maxsize : 27
nodes : 83077656.000000
filtered : 934463601.000000
time : 347.951111
