Parameters: GAD=1 vflib=1 dir=0 label=0 vlabel=1 lowerbound=1 fileNameGp=../../cp2016-max-common-connected-subgraph-paper/datasets/graphsdb/mcs30/bvg/b09/mcs30_b09_s90.A03 fileNameGt=../../cp2016-max-common-connected-subgraph-paper/datasets/graphsdb/mcs30/bvg/b09/mcs30_b09_s90.B03
Reading graphs...
90 :  396
90 :  399
Initializing...
maxdom : 8
D->valSize : 525
Solving...
Blb : 3 (clique : 22)
currentSize : 22 <-- 0.009619 s
currentSize : 23 <-- 0.015970 s
currentSize : 24 <-- 0.016041 s
currentSize : 25 <-- 0.146043 s
currentSize : 26 <-- 0.400029 s
currentSize : 27 <-- 1.608239 s
currentSize : 28 <-- 17.440228 s
currentSize : 29 <-- 27.754896 s
currentSize : 30 <-- 28.373018 s

TIMEOUT
maxsize : 30
nodes : 181664708.000000
filtered : 1522180909.000000
time : 1000.000061
