Parameters: GAD=1 vflib=1 dir=0 label=0 vlabel=1 lowerbound=1 fileNameGp=../../cp2016-max-common-connected-subgraph-paper/datasets/graphsdb/mcs30/bvg/b03m/mcs30_b03m_s60.A01 fileNameGt=../../cp2016-max-common-connected-subgraph-paper/datasets/graphsdb/mcs30/bvg/b03m/mcs30_b03m_s60.B01
Reading graphs...
60 :  90
60 :  90
Initializing...
maxdom : 6
D->valSize : 227
Solving...
Blb : 2 (clique : 22)
currentSize : 22 <-- 0.002457 s
currentSize : 23 <-- 0.002810 s
currentSize : 24 <-- 0.022595 s
currentSize : 25 <-- 0.022679 s
currentSize : 26 <-- 5.541509 s
currentSize : 27 <-- 32.103905 s
currentSize : 28 <-- 183.307220 s
currentSize : 29 <-- 240.621399 s

maxsize : 29
nodes : 104842047.000000
filtered : 593657424.000000
time : 413.515930
