Parameters: GAD=1 vflib=1 dir=0 label=0 vlabel=1 lowerbound=1 fileNameGp=../../cp2016-max-common-connected-subgraph-paper/datasets/graphsdb/mcs30/rand/r005/mcs30_r005_s60.A03 fileNameGt=../../cp2016-max-common-connected-subgraph-paper/datasets/graphsdb/mcs30/rand/r005/mcs30_r005_s60.B03
Reading graphs...
60 :  177
60 :  177
Initializing...
maxdom : 8
D->valSize : 250
Solving...
Blb : 2 (clique : 17)
currentSize : 17 <-- 0.002775 s
currentSize : 19 <-- 0.002983 s
currentSize : 20 <-- 0.043135 s
currentSize : 21 <-- 3.689574 s
currentSize : 22 <-- 11.731547 s
currentSize : 23 <-- 36.344185 s
currentSize : 24 <-- 94.678024 s

maxsize : 24
nodes : 60908251.000000
filtered : 412240103.000000
time : 244.780609
