Parameters: GAD=1 vflib=1 dir=0 label=0 vlabel=1 lowerbound=1 fileNameGp=../../cp2016-max-common-connected-subgraph-paper/datasets/graphsdb/mcs30/bvg/b06/mcs30_b06_s70.A03 fileNameGt=../../cp2016-max-common-connected-subgraph-paper/datasets/graphsdb/mcs30/bvg/b06/mcs30_b06_s70.B03
Reading graphs...
70 :  209
70 :  207
Initializing...
maxdom : 7
D->valSize : 329
Solving...
Blb : 2 (clique : 22)
currentSize : 22 <-- 0.002542 s
currentSize : 23 <-- 0.071801 s
currentSize : 24 <-- 0.120444 s
currentSize : 25 <-- 1.473204 s
currentSize : 26 <-- 3.144297 s
currentSize : 27 <-- 50.922459 s
currentSize : 28 <-- 50.926853 s
currentSize : 29 <-- 182.702911 s
currentSize : 30 <-- 182.703079 s

maxsize : 30
nodes : 130456083.000000
filtered : 1300260280.000000
time : 681.532166
