Parameters: GAD=1 vflib=1 dir=0 label=0 vlabel=1 lowerbound=1 fileNameGp=../../cp2016-max-common-connected-subgraph-paper/datasets/graphsdb/mcs30/bvg/b03/mcs30_b03_s90.A09 fileNameGt=../../cp2016-max-common-connected-subgraph-paper/datasets/graphsdb/mcs30/bvg/b03/mcs30_b03_s90.B09
Reading graphs...
90 :  135
90 :  135
Initializing...
maxdom : 11
D->valSize : 520
Solving...
Blb : 2 (clique : 37)
currentSize : 37 <-- 0.005980 s
currentSize : 38 <-- 0.006266 s
currentSize : 39 <-- 0.124015 s
currentSize : 40 <-- 0.135658 s
currentSize : 41 <-- 1.305732 s
currentSize : 42 <-- 58.739380 s
currentSize : 43 <-- 58.767109 s

TIMEOUT
maxsize : 43
nodes : 208864737.000000
filtered : 1170036668.000000
time : 1000.000122
