Parameters: GAD=1 vflib=1 dir=0 label=0 vlabel=1 lowerbound=1 fileNameGp=../../cp2016-max-common-connected-subgraph-paper/datasets/graphsdb/mcs30/bvg/b06m/mcs30_b06m_s50.A09 fileNameGt=../../cp2016-max-common-connected-subgraph-paper/datasets/graphsdb/mcs30/bvg/b06m/mcs30_b06m_s50.B09
Reading graphs...
50 :  148
50 :  147
Initializing...
maxdom : 9
D->valSize : 319
Solving...
Blb : 5 (clique : 17)
currentSize : 17 <-- 0.003382 s
currentSize : 18 <-- 0.051120 s
currentSize : 19 <-- 0.148914 s
currentSize : 20 <-- 2.430116 s
currentSize : 21 <-- 4.923175 s
currentSize : 22 <-- 18.341097 s

maxsize : 22
nodes : 10645882.000000
filtered : 116745195.000000
time : 45.937702
