Parameters: GAD=1 vflib=1 dir=0 label=0 vlabel=1 lowerbound=1 fileNameGp=../../cp2016-max-common-connected-subgraph-paper/datasets/graphsdb/mcs30/m3D/m3Dr6/mcs30_m3Dr6_s70.A01 fileNameGt=../../cp2016-max-common-connected-subgraph-paper/datasets/graphsdb/mcs30/m3D/m3Dr6/mcs30_m3Dr6_s70.B01
Reading graphs...
70 :  198
70 :  200
Initializing...
maxdom : 9
D->valSize : 329
Solving...
Blb : 2 (clique : 21)
currentSize : 21 <-- 0.002683 s
currentSize : 22 <-- 0.006017 s
currentSize : 23 <-- 0.006283 s
currentSize : 24 <-- 0.017513 s
currentSize : 25 <-- 0.054601 s
currentSize : 26 <-- 0.440598 s
currentSize : 27 <-- 2.311800 s
currentSize : 28 <-- 10.313478 s
currentSize : 29 <-- 10.323614 s
currentSize : 30 <-- 41.399136 s
currentSize : 31 <-- 41.710087 s
currentSize : 32 <-- 41.993279 s
currentSize : 33 <-- 198.867828 s

maxsize : 33
nodes : 74220364.000000
filtered : 670569652.000000
time : 384.098450
