Parameters: GAD=1 vflib=1 dir=0 label=0 vlabel=1 lowerbound=1 fileNameGp=../../cp2016-max-common-connected-subgraph-paper/datasets/graphsdb/mcs30/rand/r02/mcs30_r02_s60.A05 fileNameGt=../../cp2016-max-common-connected-subgraph-paper/datasets/graphsdb/mcs30/rand/r02/mcs30_r02_s60.B05
Reading graphs...
60 :  638
60 :  624
Initializing...
maxdom : 7
D->valSize : 240
Solving...
Blb : 5 (clique : 8)
currentSize : 8 <-- 0.001645 s
currentSize : 9 <-- 0.001704 s
currentSize : 10 <-- 0.008728 s
currentSize : 11 <-- 0.024073 s
currentSize : 12 <-- 0.030881 s
currentSize : 13 <-- 0.357532 s
currentSize : 14 <-- 0.622266 s
currentSize : 15 <-- 1.204609 s
currentSize : 18 <-- 1.205100 s

maxsize : 18
nodes : 354091.000000
filtered : 2089016.000000
time : 1.424412
