Parameters: GAD=1 vflib=1 dir=0 label=0 vlabel=1 lowerbound=1 fileNameGp=../../cp2016-max-common-connected-subgraph-paper/datasets/graphsdb/mcs30/m4D/m4Dr2/mcs30_m4Dr2_s80.A04 fileNameGt=../../cp2016-max-common-connected-subgraph-paper/datasets/graphsdb/mcs30/m4D/m4Dr2/mcs30_m4Dr2_s80.B04
Reading graphs...
80 :  146
80 :  144
Initializing...
maxdom : 9
D->valSize : 405
Solving...
Blb : 2 (clique : 29)
currentSize : 29 <-- 0.003808 s
currentSize : 30 <-- 0.004401 s
currentSize : 31 <-- 0.023314 s
currentSize : 32 <-- 0.209167 s
currentSize : 33 <-- 0.350397 s
currentSize : 34 <-- 3.230430 s
currentSize : 35 <-- 84.466209 s

TIMEOUT
maxsize : 35
nodes : 222812329.000000
filtered : 1609043759.000000
time : 1000.000061
