Parameters: GAD=1 vflib=1 dir=0 label=0 vlabel=1 lowerbound=1 fileNameGp=../../cp2016-max-common-connected-subgraph-paper/datasets/graphsdb/mcs30/bvg/b06/mcs30_b06_s70.A00 fileNameGt=../../cp2016-max-common-connected-subgraph-paper/datasets/graphsdb/mcs30/bvg/b06/mcs30_b06_s70.B00
Reading graphs...
70 :  205
70 :  208
Initializing...
maxdom : 9
D->valSize : 355
Solving...
Blb : 2 (clique : 21)
currentSize : 21 <-- 0.002975 s
currentSize : 22 <-- 0.011435 s
currentSize : 23 <-- 0.124527 s
currentSize : 24 <-- 0.162688 s
currentSize : 25 <-- 0.218955 s
currentSize : 26 <-- 1.756450 s
currentSize : 27 <-- 31.340940 s
currentSize : 28 <-- 33.506046 s
currentSize : 29 <-- 144.921005 s

TIMEOUT
maxsize : 29
nodes : 210981789.000000
filtered : 1852187329.000000
time : 1000.000000
