Parameters: GAD=1 vflib=1 dir=0 label=0 vlabel=1 lowerbound=1 fileNameGp=../../cp2016-max-common-connected-subgraph-paper/datasets/graphsdb/mcs30/m3D/m3Dr4/mcs30_m3Dr4_s100.A03 fileNameGt=../../cp2016-max-common-connected-subgraph-paper/datasets/graphsdb/mcs30/m3D/m3Dr4/mcs30_m3Dr4_s100.B03
Reading graphs...
100 :  271
100 :  272
Initializing...
maxdom : 7
D->valSize : 345
Solving...
Blb : 2 (clique : 29)
currentSize : 29 <-- 0.003510 s
currentSize : 30 <-- 0.006543 s
currentSize : 31 <-- 0.023916 s
currentSize : 32 <-- 0.068860 s
currentSize : 33 <-- 0.696069 s
currentSize : 34 <-- 0.727675 s
currentSize : 35 <-- 0.810210 s

TIMEOUT
maxsize : 35
nodes : 218769854.000000
filtered : 703986875.000000
time : 1000.000061
