Parameters: GAD=1 vflib=1 dir=0 label=0 vlabel=1 lowerbound=1 fileNameGp=../../cp2016-max-common-connected-subgraph-paper/datasets/graphsdb/mcs30/m4D/m4Dr2/mcs30_m4Dr2_s80.A09 fileNameGt=../../cp2016-max-common-connected-subgraph-paper/datasets/graphsdb/mcs30/m4D/m4Dr2/mcs30_m4Dr2_s80.B09
Reading graphs...
80 :  146
80 :  143
Initializing...
maxdom : 10
D->valSize : 424
Solving...
Blb : 3 (clique : 33)
currentSize : 33 <-- 0.004260 s
currentSize : 34 <-- 0.175361 s
currentSize : 35 <-- 0.327954 s
currentSize : 36 <-- 2.148155 s
currentSize : 37 <-- 32.069431 s
currentSize : 38 <-- 597.889465 s

TIMEOUT
maxsize : 38
nodes : 229019143.000000
filtered : 1473308726.000000
time : 1000.000061
