Parameters: GAD=1 vflib=1 dir=0 label=0 vlabel=1 lowerbound=1 fileNameGp=../../cp2016-max-common-connected-subgraph-paper/datasets/graphsdb/mcs30/m2D/m2Dr6/mcs30_m2Dr6_s100.A04 fileNameGt=../../cp2016-max-common-connected-subgraph-paper/datasets/graphsdb/mcs30/m2D/m2Dr6/mcs30_m2Dr6_s100.B04
Reading graphs...
100 :  238
100 :  236
Initializing...
maxdom : 7
D->valSize : 328
Solving...
Blb : 2 (clique : 29)
currentSize : 29 <-- 0.003219 s
currentSize : 30 <-- 0.014788 s
currentSize : 31 <-- 0.066648 s
currentSize : 32 <-- 4.625897 s
currentSize : 33 <-- 51.392494 s
currentSize : 34 <-- 62.569752 s

TIMEOUT
maxsize : 34
nodes : 198903812.000000
filtered : 1015555877.000000
time : 1000.000061
