Parameters: GAD=1 vflib=1 dir=0 label=0 vlabel=1 lowerbound=1 fileNameGp=../../cp2016-max-common-connected-subgraph-paper/datasets/graphsdb/mcs30/bvg/b03m/mcs30_b03m_s80.A07 fileNameGt=../../cp2016-max-common-connected-subgraph-paper/datasets/graphsdb/mcs30/bvg/b03m/mcs30_b03m_s80.B07
Reading graphs...
80 :  119
80 :  119
Initializing...
maxdom : 10
D->valSize : 426
Solving...
Blb : 2 (clique : 32)
currentSize : 32 <-- 0.004382 s
currentSize : 33 <-- 0.004742 s
currentSize : 34 <-- 0.004839 s
currentSize : 35 <-- 1.267199 s
currentSize : 36 <-- 1.414029 s
currentSize : 37 <-- 12.446162 s
currentSize : 38 <-- 20.789337 s
currentSize : 39 <-- 61.793079 s
currentSize : 40 <-- 69.261459 s

TIMEOUT
maxsize : 40
nodes : 200019147.000000
filtered : 1295098656.000000
time : 1000.000061
