Parameters: GAD=1 vflib=1 dir=0 label=0 vlabel=1 lowerbound=1 fileNameGp=../../cp2016-max-common-connected-subgraph-paper/datasets/graphsdb/mcs30/bvg/b03m/mcs30_b03m_s70.A06 fileNameGt=../../cp2016-max-common-connected-subgraph-paper/datasets/graphsdb/mcs30/bvg/b03m/mcs30_b03m_s70.B06
Reading graphs...
70 :  105
70 :  105
Initializing...
maxdom : 7
D->valSize : 305
Solving...
Blb : 2 (clique : 29)
currentSize : 29 <-- 0.002474 s
currentSize : 30 <-- 4.851660 s
currentSize : 31 <-- 8.904470 s
currentSize : 32 <-- 34.454979 s
currentSize : 33 <-- 64.658112 s
currentSize : 34 <-- 991.345154 s

TIMEOUT
maxsize : 34
nodes : 249929559.000000
filtered : 1311207333.000000
time : 1000.000000
