Parameters: GAD=1 vflib=1 dir=0 label=0 vlabel=1 lowerbound=1 fileNameGp=../../cp2016-max-common-connected-subgraph-paper/datasets/graphsdb/mcs30/rand/r01/mcs30_r01_s90.A02 fileNameGt=../../cp2016-max-common-connected-subgraph-paper/datasets/graphsdb/mcs30/rand/r01/mcs30_r01_s90.B02
Reading graphs...
90 :  762
90 :  752
Initializing...
maxdom : 9
D->valSize : 481
Solving...
Blb : 2 (clique : 15)
currentSize : 15 <-- 0.004973 s
currentSize : 17 <-- 0.005126 s
currentSize : 18 <-- 0.021233 s
currentSize : 19 <-- 0.057805 s
currentSize : 20 <-- 26.976620 s
currentSize : 21 <-- 38.603207 s
currentSize : 22 <-- 532.544189 s
currentSize : 23 <-- 575.376404 s
currentSize : 24 <-- 575.376465 s
currentSize : 25 <-- 607.569275 s
currentSize : 26 <-- 642.747253 s
currentSize : 28 <-- 642.750549 s

maxsize : 28
nodes : 156375247.000000
filtered : 1470897739.000000
time : 895.409241
