Parameters: GAD=1 vflib=1 dir=0 label=0 vlabel=1 lowerbound=1 fileNameGp=../../cp2016-max-common-connected-subgraph-paper/datasets/graphsdb/mcs30/m2D/m2Dr4/mcs30_m2Dr4_s100.A06 fileNameGt=../../cp2016-max-common-connected-subgraph-paper/datasets/graphsdb/mcs30/m2D/m2Dr4/mcs30_m2Dr4_s100.B06
Reading graphs...
100 :  219
100 :  219
Initializing...
maxdom : 9
D->valSize : 326
Solving...
Blb : 2 (clique : 30)
currentSize : 30 <-- 0.005031 s
currentSize : 31 <-- 0.042782 s
currentSize : 32 <-- 0.063487 s
currentSize : 33 <-- 0.675616 s
currentSize : 34 <-- 21.577234 s
currentSize : 35 <-- 75.612762 s
currentSize : 36 <-- 109.733246 s
currentSize : 37 <-- 305.372314 s
currentSize : 38 <-- 991.904053 s

TIMEOUT
maxsize : 38
nodes : 195491872.000000
filtered : 963044731.000000
time : 1000.000061
