Parameters: GAD=1 vflib=1 dir=0 label=0 vlabel=1 lowerbound=1 fileNameGp=../../cp2016-max-common-connected-subgraph-paper/datasets/graphsdb/mcs30/bvg/b06m/mcs30_b06m_s70.A04 fileNameGt=../../cp2016-max-common-connected-subgraph-paper/datasets/graphsdb/mcs30/bvg/b06m/mcs30_b06m_s70.B04
Reading graphs...
70 :  205
70 :  206
Initializing...
maxdom : 9
D->valSize : 316
Solving...
Blb : 3 (clique : 21)
currentSize : 21 <-- 0.002574 s
currentSize : 22 <-- 0.003251 s
currentSize : 23 <-- 0.016172 s
currentSize : 24 <-- 0.047097 s
currentSize : 25 <-- 2.204898 s
currentSize : 26 <-- 2.464160 s
currentSize : 27 <-- 814.961182 s
currentSize : 28 <-- 815.170105 s
currentSize : 29 <-- 851.026611 s

TIMEOUT
maxsize : 29
nodes : 229948611.000000
filtered : 1557357288.000000
time : 1000.000061
