Parameters: GAD=1 vflib=1 dir=0 label=0 vlabel=1 lowerbound=1 fileNameGp=../../cp2016-max-common-connected-subgraph-paper/datasets/graphsdb/mcs30/m2D/m2Dr6/mcs30_m2Dr6_s80.A06 fileNameGt=../../cp2016-max-common-connected-subgraph-paper/datasets/graphsdb/mcs30/m2D/m2Dr6/mcs30_m2Dr6_s80.B06
Reading graphs...
80 :  185
80 :  183
Initializing...
maxdom : 8
D->valSize : 390
Solving...
Blb : 2 (clique : 25)
currentSize : 25 <-- 0.003853 s
currentSize : 26 <-- 0.004229 s
currentSize : 27 <-- 0.010148 s
currentSize : 28 <-- 0.446454 s
currentSize : 29 <-- 1.730269 s
currentSize : 30 <-- 23.365330 s
currentSize : 31 <-- 91.129349 s
currentSize : 32 <-- 606.064514 s

TIMEOUT
maxsize : 32
nodes : 217963240.000000
filtered : 1449611184.000000
time : 1000.000061
