Parameters: GAD=1 vflib=1 dir=0 label=0 vlabel=1 lowerbound=1 fileNameGp=../../cp2016-max-common-connected-subgraph-paper/datasets/graphsdb/mcs30/rand/r02/mcs30_r02_s60.A09 fileNameGt=../../cp2016-max-common-connected-subgraph-paper/datasets/graphsdb/mcs30/rand/r02/mcs30_r02_s60.B09
Reading graphs...
60 :  630
60 :  634
Initializing...
maxdom : 7
D->valSize : 251
Solving...
Blb : 2 (clique : 9)
currentSize : 9 <-- 0.002592 s
currentSize : 10 <-- 0.002795 s
currentSize : 11 <-- 0.006827 s
currentSize : 12 <-- 0.031062 s
currentSize : 13 <-- 0.253238 s
currentSize : 14 <-- 0.343301 s
currentSize : 15 <-- 0.354357 s
currentSize : 16 <-- 0.394775 s
currentSize : 17 <-- 0.395616 s
currentSize : 18 <-- 0.419117 s

maxsize : 18
nodes : 199152.000000
filtered : 1572986.000000
time : 0.887727
