Parameters: GAD=1 vflib=1 dir=0 label=0 vlabel=1 lowerbound=1 fileNameGp=../../cp2016-max-common-connected-subgraph-paper/datasets/graphsdb/mcs30/bvg/b03m/mcs30_b03m_s60.A06 fileNameGt=../../cp2016-max-common-connected-subgraph-paper/datasets/graphsdb/mcs30/bvg/b03m/mcs30_b03m_s60.B06
Reading graphs...
60 :  89
60 :  89
Initializing...
maxdom : 9
D->valSize : 256
Solving...
Blb : 3 (clique : 25)
currentSize : 25 <-- 0.001907 s
currentSize : 26 <-- 0.004509 s
currentSize : 27 <-- 0.004797 s
currentSize : 28 <-- 0.009009 s
currentSize : 29 <-- 0.988512 s
currentSize : 30 <-- 501.812256 s

TIMEOUT
maxsize : 30
nodes : 272622587.000000
filtered : 1620520095.000000
time : 1000.000000
