Parameters: GAD=1 vflib=1 dir=0 label=0 vlabel=1 lowerbound=1 fileNameGp=../../cp2016-max-common-connected-subgraph-paper/datasets/graphsdb/mcs30/m2D/m2Dr6/mcs30_m2Dr6_s60.A03 fileNameGt=../../cp2016-max-common-connected-subgraph-paper/datasets/graphsdb/mcs30/m2D/m2Dr6/mcs30_m2Dr6_s60.B03
Reading graphs...
60 :  137
60 :  136
Initializing...
maxdom : 10
D->valSize : 257
Solving...
Blb : 2 (clique : 19)
currentSize : 19 <-- 0.001810 s
currentSize : 20 <-- 0.001942 s
currentSize : 21 <-- 0.003169 s
currentSize : 22 <-- 0.003208 s
currentSize : 23 <-- 0.003978 s
currentSize : 24 <-- 0.026890 s
currentSize : 25 <-- 2.162530 s
currentSize : 26 <-- 10.071895 s
currentSize : 27 <-- 18.684742 s

maxsize : 27
nodes : 38112938.000000
filtered : 292117333.000000
time : 166.927551
