Parameters: GAD=1 vflib=1 dir=0 label=0 vlabel=1 lowerbound=1 fileNameGp=../../cp2016-max-common-connected-subgraph-paper/datasets/graphsdb/mcs30/m4D/m4Dr4/mcs30_m4Dr4_s90.A05 fileNameGt=../../cp2016-max-common-connected-subgraph-paper/datasets/graphsdb/mcs30/m4D/m4Dr4/mcs30_m4Dr4_s90.B05
Reading graphs...
90 :  180
90 :  179
Initializing...
maxdom : 12
D->valSize : 491
Solving...
Blb : 2 (clique : 32)
currentSize : 32 <-- 0.005421 s
currentSize : 33 <-- 0.005680 s
currentSize : 34 <-- 0.005890 s
currentSize : 35 <-- 0.077743 s
currentSize : 36 <-- 0.118781 s
currentSize : 37 <-- 86.119720 s
currentSize : 38 <-- 152.914597 s
currentSize : 39 <-- 197.725143 s
currentSize : 40 <-- 225.667572 s

TIMEOUT
maxsize : 40
nodes : 185902565.000000
filtered : 1389549562.000000
time : 1000.000061
