Parameters: GAD=1 vflib=1 dir=0 label=0 vlabel=1 lowerbound=1 fileNameGp=../../cp2016-max-common-connected-subgraph-paper/datasets/graphsdb/mcs30/m3D/m3Dr2/mcs30_m3Dr2_s70.A07 fileNameGt=../../cp2016-max-common-connected-subgraph-paper/datasets/graphsdb/mcs30/m3D/m3Dr2/mcs30_m3Dr2_s70.B07
Reading graphs...
70 :  171
70 :  171
Initializing...
maxdom : 8
D->valSize : 336
Solving...
Blb : 2 (clique : 28)
currentSize : 28 <-- 0.002810 s
currentSize : 29 <-- 0.004363 s
currentSize : 30 <-- 0.004419 s
currentSize : 31 <-- 0.005259 s
currentSize : 32 <-- 0.049977 s
currentSize : 33 <-- 0.050421 s
currentSize : 34 <-- 0.061066 s
currentSize : 35 <-- 0.102090 s

maxsize : 35
nodes : 49593318.000000
filtered : 434461044.000000
time : 268.050934
