Parameters: GAD=1 vflib=1 dir=0 label=0 vlabel=1 lowerbound=1 fileNameGp=../../cp2016-max-common-connected-subgraph-paper/datasets/graphsdb/mcs30/bvg/b09m/mcs30_b09m_s80.A01 fileNameGt=../../cp2016-max-common-connected-subgraph-paper/datasets/graphsdb/mcs30/bvg/b09m/mcs30_b09m_s80.B01
Reading graphs...
80 :  354
80 :  353
Initializing...
maxdom : 9
D->valSize : 435
Solving...
Blb : 2 (clique : 21)
currentSize : 21 <-- 0.006427 s
currentSize : 22 <-- 0.007071 s
currentSize : 23 <-- 0.054193 s
currentSize : 24 <-- 0.054576 s
currentSize : 25 <-- 3.344101 s
currentSize : 26 <-- 3.376475 s

TIMEOUT
maxsize : 26
nodes : 181921867.000000
filtered : 1679773677.000000
time : 1000.000061
