Parameters: GAD=1 vflib=1 dir=0 label=0 vlabel=1 lowerbound=1 fileNameGp=../../cp2016-max-common-connected-subgraph-paper/datasets/graphsdb/mcs30/m4D/m4Dr6/mcs30_m4Dr6_s50.A04 fileNameGt=../../cp2016-max-common-connected-subgraph-paper/datasets/graphsdb/mcs30/m4D/m4Dr6/mcs30_m4Dr6_s50.B04
Reading graphs...
50 :  114
50 :  114
Initializing...
maxdom : 13
D->valSize : 309
Solving...
Blb : 2 (clique : 20)
currentSize : 20 <-- 0.002203 s
currentSize : 21 <-- 0.002418 s
currentSize : 22 <-- 0.002803 s
currentSize : 23 <-- 0.085457 s
currentSize : 24 <-- 1.976015 s
currentSize : 25 <-- 7.536820 s

maxsize : 25
nodes : 11968086.000000
filtered : 119467666.000000
time : 50.286758
