Parameters: GAD=1 vflib=1 dir=0 label=0 vlabel=1 lowerbound=1 fileNameGp=../../cp2016-max-common-connected-subgraph-paper/datasets/graphsdb/mcs30/m2D/m2Dr4/mcs30_m2Dr4_s70.A04 fileNameGt=../../cp2016-max-common-connected-subgraph-paper/datasets/graphsdb/mcs30/m2D/m2Dr4/mcs30_m2Dr4_s70.B04
Reading graphs...
70 :  150
70 :  150
Initializing...
maxdom : 11
D->valSize : 336
Solving...
Blb : 2 (clique : 24)
currentSize : 24 <-- 0.002732 s
currentSize : 25 <-- 0.002893 s
currentSize : 26 <-- 0.002960 s
currentSize : 28 <-- 0.036626 s
currentSize : 29 <-- 0.037094 s
currentSize : 30 <-- 30.688017 s
currentSize : 31 <-- 32.957333 s
currentSize : 32 <-- 210.934814 s

TIMEOUT
maxsize : 32
nodes : 208603751.000000
filtered : 1603801351.000000
time : 1000.000000
