Parameters: GAD=1 vflib=1 dir=0 label=0 vlabel=1 lowerbound=1 fileNameGp=../../cp2016-max-common-connected-subgraph-paper/datasets/graphsdb/mcs30/bvg/b09/mcs30_b09_s60.A05 fileNameGt=../../cp2016-max-common-connected-subgraph-paper/datasets/graphsdb/mcs30/bvg/b09/mcs30_b09_s60.B05
Reading graphs...
60 :  264
60 :  266
Initializing...
maxdom : 7
D->valSize : 234
Solving...
Blb : 2 (clique : 14)
currentSize : 14 <-- 0.001696 s
currentSize : 15 <-- 0.002536 s
currentSize : 16 <-- 0.014678 s
currentSize : 17 <-- 0.023645 s
currentSize : 18 <-- 0.023892 s
currentSize : 19 <-- 1.033881 s
currentSize : 20 <-- 3.999861 s
currentSize : 21 <-- 8.182907 s
currentSize : 22 <-- 8.257693 s

maxsize : 22
nodes : 4304060.000000
filtered : 30599317.000000
time : 17.693710
