Parameters: GAD=1 vflib=1 dir=0 label=0 vlabel=1 lowerbound=1 fileNameGp=../../cp2016-max-common-connected-subgraph-paper/datasets/graphsdb/mcs30/m4D/m4D/mcs30_m4D_s80.A02 fileNameGt=../../cp2016-max-common-connected-subgraph-paper/datasets/graphsdb/mcs30/m4D/m4D/mcs30_m4D_s80.B02
Reading graphs...
80 :  131
80 :  128
Initializing...
maxdom : 10
D->valSize : 437
Solving...
Blb : 2 (clique : 34)
currentSize : 34 <-- 0.004372 s
currentSize : 35 <-- 0.033206 s
currentSize : 36 <-- 7.071541 s
currentSize : 37 <-- 86.251938 s
currentSize : 38 <-- 88.217484 s
currentSize : 39 <-- 129.407104 s

TIMEOUT
maxsize : 39
nodes : 258051924.000000
filtered : 995055275.000000
time : 1000.000061
