Parameters: GAD=1 vflib=1 dir=0 label=0 vlabel=1 lowerbound=1 fileNameGp=../../cp2016-max-common-connected-subgraph-paper/datasets/graphsdb/mcs30/bvg/b06/mcs30_b06_s90.A05 fileNameGt=../../cp2016-max-common-connected-subgraph-paper/datasets/graphsdb/mcs30/bvg/b06/mcs30_b06_s90.B05
Reading graphs...
90 :  268
90 :  268
Initializing...
maxdom : 11
D->valSize : 511
Solving...
Blb : 2 (clique : 30)
currentSize : 30 <-- 0.005713 s
currentSize : 31 <-- 0.008255 s
currentSize : 32 <-- 0.009751 s
currentSize : 33 <-- 0.161195 s
currentSize : 34 <-- 2.776960 s
currentSize : 35 <-- 2.778338 s
currentSize : 36 <-- 2.787712 s
currentSize : 37 <-- 3.240279 s
currentSize : 38 <-- 46.574883 s

TIMEOUT
maxsize : 38
nodes : 180592703.000000
filtered : 1242808689.000000
time : 1000.000061
