Parameters: GAD=1 vflib=1 dir=0 label=0 vlabel=1 lowerbound=1 fileNameGp=../../cp2016-max-common-connected-subgraph-paper/datasets/graphsdb/mcs30/bvg/b03/mcs30_b03_s70.A08 fileNameGt=../../cp2016-max-common-connected-subgraph-paper/datasets/graphsdb/mcs30/bvg/b03/mcs30_b03_s70.B08
Reading graphs...
70 :  104
70 :  104
Initializing...
maxdom : 8
D->valSize : 307
Solving...
Blb : 2 (clique : 27)
currentSize : 27 <-- 0.002521 s
currentSize : 28 <-- 0.002997 s
currentSize : 29 <-- 0.016361 s
currentSize : 30 <-- 0.931120 s
currentSize : 31 <-- 1.235517 s
currentSize : 32 <-- 86.342865 s
currentSize : 33 <-- 399.902954 s
currentSize : 34 <-- 595.433167 s

TIMEOUT
maxsize : 34
nodes : 246351033.000000
filtered : 1316275639.000000
time : 1000.000061
