Parameters: GAD=1 vflib=1 dir=0 label=0 vlabel=1 lowerbound=1 fileNameGp=../../cp2016-max-common-connected-subgraph-paper/datasets/graphsdb/mcs30/m2D/m2Dr2/mcs30_m2Dr2_s60.A05 fileNameGt=../../cp2016-max-common-connected-subgraph-paper/datasets/graphsdb/mcs30/m2D/m2Dr2/mcs30_m2Dr2_s60.B05
Reading graphs...
60 :  115
60 :  114
Initializing...
maxdom : 9
D->valSize : 237
Solving...
Blb : 2 (clique : 21)
currentSize : 21 <-- 0.001603 s
currentSize : 22 <-- 0.001774 s
currentSize : 23 <-- 0.001823 s
currentSize : 24 <-- 0.002239 s
currentSize : 25 <-- 0.043242 s
currentSize : 26 <-- 3.899126 s
currentSize : 27 <-- 8.673423 s
currentSize : 28 <-- 200.696274 s

maxsize : 28
nodes : 71074427.000000
filtered : 428486818.000000
time : 275.815430
