Parameters: GAD=1 vflib=1 dir=0 label=0 vlabel=1 lowerbound=1 fileNameGp=../../cp2016-max-common-connected-subgraph-paper/datasets/graphsdb/mcs30/rand/r02/mcs30_r02_s90.A00 fileNameGt=../../cp2016-max-common-connected-subgraph-paper/datasets/graphsdb/mcs30/rand/r02/mcs30_r02_s90.B00
Reading graphs...
90 :  1436
90 :  1432
Initializing...
maxdom : 9
D->valSize : 509
Solving...
Blb : 3 (clique : 10)
currentSize : 10 <-- 0.005242 s
currentSize : 11 <-- 0.006233 s
currentSize : 12 <-- 0.008313 s
currentSize : 13 <-- 0.010180 s
currentSize : 14 <-- 0.083164 s
currentSize : 15 <-- 1.087356 s
currentSize : 16 <-- 1.169321 s
currentSize : 17 <-- 1.294720 s
currentSize : 18 <-- 16.191788 s
currentSize : 19 <-- 20.059645 s
currentSize : 22 <-- 23.796091 s
currentSize : 23 <-- 23.800129 s
currentSize : 27 <-- 23.800240 s

maxsize : 27
nodes : 6542784.000000
filtered : 64603363.000000
time : 38.673038
