Parameters: GAD=1 vflib=1 dir=0 label=0 vlabel=1 lowerbound=1 fileNameGp=../../cp2016-max-common-connected-subgraph-paper/datasets/graphsdb/mcs30/m4D/m4Dr4/mcs30_m4Dr4_s50.A08 fileNameGt=../../cp2016-max-common-connected-subgraph-paper/datasets/graphsdb/mcs30/m4D/m4Dr4/mcs30_m4Dr4_s50.B08
Reading graphs...
50 :  105
50 :  102
Initializing...
maxdom : 10
D->valSize : 322
Solving...
Blb : 2 (clique : 21)
currentSize : 21 <-- 0.002273 s
currentSize : 22 <-- 0.005469 s
currentSize : 23 <-- 0.031850 s
currentSize : 24 <-- 0.055634 s
currentSize : 25 <-- 23.622465 s

maxsize : 25
nodes : 78042588.000000
filtered : 1046438743.000000
time : 353.693512
