Parameters: GAD=1 vflib=1 dir=0 label=0 vlabel=1 lowerbound=1 fileNameGp=../../cp2016-max-common-connected-subgraph-paper/datasets/graphsdb/mcs30/m2D/m2Dr6/mcs30_m2Dr6_s70.A07 fileNameGt=../../cp2016-max-common-connected-subgraph-paper/datasets/graphsdb/mcs30/m2D/m2Dr6/mcs30_m2Dr6_s70.B07
Reading graphs...
70 :  162
70 :  162
Initializing...
maxdom : 8
D->valSize : 355
Solving...
Blb : 2 (clique : 24)
currentSize : 24 <-- 0.002967 s
currentSize : 25 <-- 0.003197 s
currentSize : 26 <-- 0.022070 s
currentSize : 27 <-- 0.022183 s
currentSize : 28 <-- 0.025973 s
currentSize : 29 <-- 0.083088 s
currentSize : 30 <-- 0.098106 s
currentSize : 31 <-- 0.219297 s
currentSize : 32 <-- 0.662786 s
currentSize : 33 <-- 6.914469 s

TIMEOUT
maxsize : 33
nodes : 189329606.000000
filtered : 1720910319.000000
time : 1000.000000
