Parameters: GAD=1 vflib=1 dir=0 label=0 vlabel=1 lowerbound=1 fileNameGp=../../cp2016-max-common-connected-subgraph-paper/datasets/graphsdb/mcs30/bvg/b09m/mcs30_b09m_s100.A06 fileNameGt=../../cp2016-max-common-connected-subgraph-paper/datasets/graphsdb/mcs30/bvg/b09m/mcs30_b09m_s100.B06
Reading graphs...
100 :  446
100 :  446
Initializing...
maxdom : 7
D->valSize : 315
Solving...
Blb : 2 (clique : 22)
currentSize : 22 <-- 0.002960 s
currentSize : 23 <-- 0.003177 s
currentSize : 24 <-- 0.004939 s
currentSize : 25 <-- 0.024307 s
currentSize : 26 <-- 7.935197 s
currentSize : 27 <-- 80.200607 s
currentSize : 28 <-- 127.919075 s
currentSize : 29 <-- 140.367401 s
currentSize : 30 <-- 143.140991 s
currentSize : 31 <-- 182.952698 s
currentSize : 32 <-- 444.407867 s
currentSize : 33 <-- 709.611755 s
currentSize : 34 <-- 966.649719 s

TIMEOUT
maxsize : 34
nodes : 204038201.000000
filtered : 730998551.000000
time : 1000.000061
