Parameters: GAD=1 vflib=1 dir=0 label=0 vlabel=1 lowerbound=1 fileNameGp=../../cp2016-max-common-connected-subgraph-paper/datasets/graphsdb/mcs30/m3D/m3D/mcs30_m3D_s100.A07 fileNameGt=../../cp2016-max-common-connected-subgraph-paper/datasets/graphsdb/mcs30/m3D/m3D/mcs30_m3D_s100.B07
Reading graphs...
100 :  235
100 :  233
Initializing...
maxdom : 7
D->valSize : 325
Solving...
Blb : 3 (clique : 32)
currentSize : 32 <-- 0.005118 s
currentSize : 33 <-- 0.021410 s
currentSize : 34 <-- 9.270614 s
currentSize : 35 <-- 22.476517 s
currentSize : 36 <-- 224.785400 s
currentSize : 37 <-- 233.513779 s

TIMEOUT
maxsize : 37
nodes : 197590319.000000
filtered : 886717479.000000
time : 1000.000061
