Parameters: GAD=1 vflib=1 dir=0 label=0 vlabel=1 lowerbound=1 fileNameGp=../../cp2016-max-common-connected-subgraph-paper/datasets/graphsdb/mcs30/rand/r01/mcs30_r01_s100.A01 fileNameGt=../../cp2016-max-common-connected-subgraph-paper/datasets/graphsdb/mcs30/rand/r01/mcs30_r01_s100.B01
Reading graphs...
100 :  941
100 :  943
Initializing...
maxdom : 7
D->valSize : 327
Solving...
Blb : 2 (clique : 15)
currentSize : 15 <-- 0.002991 s
currentSize : 16 <-- 0.003143 s
currentSize : 17 <-- 0.003429 s
currentSize : 18 <-- 0.004093 s
currentSize : 19 <-- 0.004589 s
currentSize : 21 <-- 0.010248 s
currentSize : 22 <-- 0.013748 s
currentSize : 23 <-- 0.064463 s
currentSize : 24 <-- 0.148449 s
currentSize : 25 <-- 0.463735 s
currentSize : 26 <-- 0.476207 s
currentSize : 27 <-- 0.482815 s
currentSize : 30 <-- 0.491636 s

maxsize : 30
nodes : 2391206.000000
filtered : 24368860.000000
time : 15.476768
