Parameters: GAD=1 vflib=1 dir=0 label=0 vlabel=1 lowerbound=1 fileNameGp=../../cp2016-max-common-connected-subgraph-paper/datasets/graphsdb/mcs30/m4D/m4Dr6/mcs30_m4Dr6_s60.A02 fileNameGt=../../cp2016-max-common-connected-subgraph-paper/datasets/graphsdb/mcs30/m4D/m4Dr6/mcs30_m4Dr6_s60.B02
Reading graphs...
60 :  136
60 :  134
Initializing...
maxdom : 7
D->valSize : 224
Solving...
Blb : 3 (clique : 20)
currentSize : 20 <-- 0.001555 s
currentSize : 21 <-- 0.138176 s
currentSize : 22 <-- 1.634793 s
currentSize : 23 <-- 3.174478 s
currentSize : 24 <-- 6.259703 s
currentSize : 25 <-- 19.110832 s

maxsize : 25
nodes : 13549307.000000
filtered : 93197038.000000
time : 52.771778
