Parameters: GAD=1 vflib=1 dir=0 label=0 vlabel=1 lowerbound=1 fileNameGp=../../cp2016-max-common-connected-subgraph-paper/datasets/graphsdb/mcs30/bvg/b09/mcs30_b09_s100.A02 fileNameGt=../../cp2016-max-common-connected-subgraph-paper/datasets/graphsdb/mcs30/bvg/b09/mcs30_b09_s100.B02
Reading graphs...
100 :  445
100 :  448
Initializing...
maxdom : 9
D->valSize : 322
Solving...
Blb : 2 (clique : 22)
currentSize : 22 <-- 0.004830 s
currentSize : 23 <-- 0.006365 s
currentSize : 24 <-- 0.009732 s
currentSize : 25 <-- 0.421991 s
currentSize : 26 <-- 41.691338 s
currentSize : 27 <-- 49.804081 s
currentSize : 28 <-- 56.712852 s
currentSize : 29 <-- 769.458435 s

TIMEOUT
maxsize : 29
nodes : 196743207.000000
filtered : 957499320.000000
time : 1000.000000
