Parameters: GAD=1 vflib=1 dir=0 label=0 vlabel=1 lowerbound=1 fileNameGp=../../cp2016-max-common-connected-subgraph-paper/datasets/graphsdb/mcs30/m4D/m4D/mcs30_m4D_s50.A09 fileNameGt=../../cp2016-max-common-connected-subgraph-paper/datasets/graphsdb/mcs30/m4D/m4D/mcs30_m4D_s50.B09
Reading graphs...
50 :  87
50 :  87
Initializing...
maxdom : 9
D->valSize : 325
Solving...
Blb : 2 (clique : 20)
currentSize : 20 <-- 0.002355 s
currentSize : 21 <-- 0.023094 s
currentSize : 22 <-- 0.074443 s
currentSize : 23 <-- 0.075624 s
currentSize : 24 <-- 0.083606 s
currentSize : 25 <-- 0.374055 s
currentSize : 26 <-- 0.422108 s
currentSize : 27 <-- 0.465823 s

maxsize : 27
nodes : 37042485.000000
filtered : 464536766.000000
time : 163.924332
