Parameters: GAD=1 vflib=1 dir=0 label=0 vlabel=1 lowerbound=1 fileNameGp=../../cp2016-max-common-connected-subgraph-paper/datasets/graphsdb/mcs30/m3D/m3D/mcs30_m3D_s90.A05 fileNameGt=../../cp2016-max-common-connected-subgraph-paper/datasets/graphsdb/mcs30/m3D/m3D/mcs30_m3D_s90.B05
Reading graphs...
90 :  207
90 :  207
Initializing...
maxdom : 12
D->valSize : 528
Solving...
Blb : 2 (clique : 28)
currentSize : 28 <-- 0.009607 s
currentSize : 30 <-- 0.009977 s
currentSize : 31 <-- 0.015772 s
currentSize : 32 <-- 0.036785 s
currentSize : 33 <-- 0.276331 s
currentSize : 34 <-- 143.715302 s
currentSize : 35 <-- 143.720566 s
currentSize : 36 <-- 143.742630 s

TIMEOUT
maxsize : 36
nodes : 215043144.000000
filtered : 1480631816.000000
time : 1000.000061
