Parameters: GAD=1 vflib=1 dir=0 label=0 vlabel=1 lowerbound=1 fileNameGp=../../cp2016-max-common-connected-subgraph-paper/datasets/graphsdb/mcs30/bvg/b09m/mcs30_b09m_s60.A00 fileNameGt=../../cp2016-max-common-connected-subgraph-paper/datasets/graphsdb/mcs30/bvg/b09m/mcs30_b09m_s60.B00
Reading graphs...
60 :  259
60 :  263
Initializing...
maxdom : 7
D->valSize : 249
Solving...
Blb : 2 (clique : 16)
currentSize : 16 <-- 0.002546 s
currentSize : 17 <-- 0.005999 s
currentSize : 18 <-- 0.077374 s
currentSize : 19 <-- 0.406006 s
currentSize : 20 <-- 5.151986 s
currentSize : 21 <-- 11.313045 s
currentSize : 22 <-- 12.467624 s

maxsize : 22
nodes : 4795722.000000
filtered : 37397469.000000
time : 20.584835
