Parameters: GAD=1 vflib=1 dir=0 label=0 vlabel=1 lowerbound=1 fileNameGp=../../cp2016-max-common-connected-subgraph-paper/datasets/graphsdb/mcs30/bvg/b09/mcs30_b09_s60.A07 fileNameGt=../../cp2016-max-common-connected-subgraph-paper/datasets/graphsdb/mcs30/bvg/b09/mcs30_b09_s60.B07
Reading graphs...
60 :  263
60 :  264
Initializing...
maxdom : 8
D->valSize : 246
Solving...
Blb : 2 (clique : 14)
currentSize : 14 <-- 0.001640 s
currentSize : 15 <-- 0.001836 s
currentSize : 16 <-- 0.004894 s
currentSize : 17 <-- 0.353964 s
currentSize : 18 <-- 1.570465 s
currentSize : 19 <-- 4.822818 s
currentSize : 20 <-- 8.653749 s
currentSize : 21 <-- 8.654564 s

maxsize : 21
nodes : 4198747.000000
filtered : 29793819.000000
time : 17.496046
