Parameters: GAD=1 vflib=1 dir=0 label=0 vlabel=1 lowerbound=1 fileNameGp=../../cp2016-max-common-connected-subgraph-paper/datasets/graphsdb/mcs30/m3D/m3Dr4/mcs30_m3Dr4_s90.A06 fileNameGt=../../cp2016-max-common-connected-subgraph-paper/datasets/graphsdb/mcs30/m3D/m3Dr4/mcs30_m3Dr4_s90.B06
Reading graphs...
90 :  241
90 :  242
Initializing...
maxdom : 9
D->valSize : 527
Solving...
Blb : 2 (clique : 28)
currentSize : 28 <-- 0.006041 s
currentSize : 29 <-- 0.011160 s
currentSize : 30 <-- 0.022598 s
currentSize : 31 <-- 1.645089 s
currentSize : 32 <-- 21.966074 s
currentSize : 33 <-- 80.010864 s

TIMEOUT
maxsize : 33
nodes : 206840062.000000
filtered : 1250629484.000000
time : 1000.000061
