Parameters: GAD=1 vflib=1 dir=0 label=0 vlabel=1 lowerbound=1 fileNameGp=../../cp2016-max-common-connected-subgraph-paper/datasets/graphsdb/mcs30/m2D/m2Dr2/mcs30_m2Dr2_s100.A08 fileNameGt=../../cp2016-max-common-connected-subgraph-paper/datasets/graphsdb/mcs30/m2D/m2Dr2/mcs30_m2Dr2_s100.B08
Reading graphs...
100 :  196
100 :  198
Initializing...
maxdom : 8
D->valSize : 318
Solving...
Blb : 2 (clique : 34)
currentSize : 34 <-- 0.003294 s
currentSize : 35 <-- 0.033920 s
currentSize : 36 <-- 0.036696 s
currentSize : 37 <-- 0.182206 s
currentSize : 38 <-- 0.188862 s
currentSize : 39 <-- 0.549269 s
currentSize : 40 <-- 1.528709 s
currentSize : 41 <-- 4.587405 s
currentSize : 42 <-- 4.693887 s

TIMEOUT
maxsize : 42
nodes : 190102173.000000
filtered : 796871746.000000
time : 1000.000061
