Parameters: GAD=1 vflib=1 dir=0 label=0 vlabel=1 lowerbound=1 fileNameGp=../../cp2016-max-common-connected-subgraph-paper/datasets/graphsdb/mcs30/m3D/m3Dr6/mcs30_m3Dr6_s80.A09 fileNameGt=../../cp2016-max-common-connected-subgraph-paper/datasets/graphsdb/mcs30/m3D/m3Dr6/mcs30_m3Dr6_s80.B09
Reading graphs...
80 :  230
80 :  227
Initializing...
maxdom : 7
D->valSize : 408
Solving...
Blb : 2 (clique : 24)
currentSize : 24 <-- 0.005996 s
currentSize : 25 <-- 0.071838 s
currentSize : 26 <-- 0.145743 s
currentSize : 27 <-- 0.213089 s
currentSize : 28 <-- 0.267444 s
currentSize : 29 <-- 0.602912 s
currentSize : 30 <-- 81.107162 s
currentSize : 31 <-- 304.814209 s
currentSize : 32 <-- 583.418701 s

TIMEOUT
maxsize : 32
nodes : 205464854.000000
filtered : 1374354488.000000
time : 1000.000061
