Parameters: GAD=1 vflib=1 dir=0 label=0 vlabel=1 lowerbound=1 fileNameGp=../../cp2016-max-common-connected-subgraph-paper/datasets/graphsdb/mcs30/bvg/b03/mcs30_b03_s60.A02 fileNameGt=../../cp2016-max-common-connected-subgraph-paper/datasets/graphsdb/mcs30/bvg/b03/mcs30_b03_s60.B02
Reading graphs...
60 :  88
60 :  90
Initializing...
maxdom : 7
D->valSize : 249
Solving...
Blb : 3 (clique : 24)
currentSize : 24 <-- 0.001830 s
currentSize : 25 <-- 0.002620 s
currentSize : 26 <-- 0.002690 s
currentSize : 27 <-- 0.004610 s
currentSize : 28 <-- 0.006534 s
currentSize : 29 <-- 0.305109 s
currentSize : 30 <-- 2.451351 s
currentSize : 31 <-- 7.098089 s

maxsize : 31
nodes : 18847327.000000
filtered : 125688236.000000
time : 77.019890
