Parameters: GAD=1 vflib=1 dir=0 label=0 vlabel=1 lowerbound=1 fileNameGp=../../cp2016-max-common-connected-subgraph-paper/datasets/graphsdb/mcs30/m3D/m3Dr6/mcs30_m3Dr6_s90.A09 fileNameGt=../../cp2016-max-common-connected-subgraph-paper/datasets/graphsdb/mcs30/m3D/m3Dr6/mcs30_m3Dr6_s90.B09
Reading graphs...
90 :  262
90 :  259
Initializing...
maxdom : 11
D->valSize : 514
Solving...
Blb : 2 (clique : 26)
currentSize : 26 <-- 0.005636 s
currentSize : 27 <-- 0.006014 s
currentSize : 28 <-- 0.007306 s
currentSize : 29 <-- 0.064145 s
currentSize : 30 <-- 0.064363 s
currentSize : 31 <-- 0.352286 s
currentSize : 32 <-- 2.137947 s
currentSize : 33 <-- 46.045258 s
currentSize : 34 <-- 229.580292 s

TIMEOUT
maxsize : 34
nodes : 195218090.000000
filtered : 1497113529.000000
time : 1000.000061
