Parameters: GAD=1 vflib=1 dir=0 label=0 vlabel=1 lowerbound=1 fileNameGp=../../cp2016-max-common-connected-subgraph-paper/datasets/graphsdb/mcs30/m2D/m2Dr2/mcs30_m2Dr2_s80.A03 fileNameGt=../../cp2016-max-common-connected-subgraph-paper/datasets/graphsdb/mcs30/m2D/m2Dr2/mcs30_m2Dr2_s80.B03
Reading graphs...
80 :  157
80 :  155
Initializing...
maxdom : 9
D->valSize : 429
Solving...
Blb : 2 (clique : 28)
currentSize : 28 <-- 0.004095 s
currentSize : 29 <-- 0.007729 s
currentSize : 30 <-- 0.017934 s
currentSize : 31 <-- 0.137047 s
currentSize : 32 <-- 6.077288 s
currentSize : 33 <-- 18.396826 s
currentSize : 34 <-- 38.922855 s
currentSize : 35 <-- 350.592285 s

TIMEOUT
maxsize : 35
nodes : 215548493.000000
filtered : 1530604547.000000
time : 1000.000000
