Parameters: GAD=1 vflib=1 dir=0 label=0 vlabel=1 lowerbound=1 fileNameGp=../../cp2016-max-common-connected-subgraph-paper/datasets/graphsdb/mcs30/rand/r005/mcs30_r005_s100.A02 fileNameGt=../../cp2016-max-common-connected-subgraph-paper/datasets/graphsdb/mcs30/rand/r005/mcs30_r005_s100.B02
Reading graphs...
100 :  482
100 :  483
Initializing...
maxdom : 9
D->valSize : 335
Solving...
Blb : 2 (clique : 23)
currentSize : 23 <-- 0.003162 s
currentSize : 24 <-- 0.004423 s
currentSize : 27 <-- 0.246406 s
currentSize : 28 <-- 19.306396 s
currentSize : 29 <-- 75.508080 s
currentSize : 30 <-- 290.956482 s
currentSize : 31 <-- 698.310791 s

TIMEOUT
maxsize : 31
nodes : 185759092.000000
filtered : 1037930793.000000
time : 1000.000061
