Parameters: GAD=1 vflib=1 dir=0 label=0 vlabel=1 lowerbound=1 fileNameGp=../../cp2016-max-common-connected-subgraph-paper/datasets/graphsdb/mcs30/bvg/b03m/mcs30_b03m_s50.A02 fileNameGt=../../cp2016-max-common-connected-subgraph-paper/datasets/graphsdb/mcs30/bvg/b03m/mcs30_b03m_s50.B02
Reading graphs...
50 :  74
50 :  75
Initializing...
maxdom : 11
D->valSize : 332
Solving...
Blb : 2 (clique : 23)
currentSize : 23 <-- 0.002482 s
currentSize : 24 <-- 0.006718 s
currentSize : 25 <-- 0.138675 s
currentSize : 26 <-- 0.999546 s
currentSize : 27 <-- 6.018885 s
currentSize : 28 <-- 6.154351 s
currentSize : 29 <-- 6.386782 s

maxsize : 29
nodes : 11184348.000000
filtered : 150211741.000000
time : 52.474407
