Parameters: GAD=1 vflib=1 dir=0 label=0 vlabel=1 lowerbound=1 fileNameGp=../../cp2016-max-common-connected-subgraph-paper/datasets/graphsdb/mcs30/m2D/m2Dr2/mcs30_m2Dr2_s50.A07 fileNameGt=../../cp2016-max-common-connected-subgraph-paper/datasets/graphsdb/mcs30/m2D/m2Dr2/mcs30_m2Dr2_s50.B07
Reading graphs...
50 :  94
50 :  93
Initializing...
maxdom : 9
D->valSize : 306
Solving...
Blb : 2 (clique : 20)
currentSize : 20 <-- 0.002204 s
currentSize : 21 <-- 0.002719 s
currentSize : 22 <-- 0.003232 s
currentSize : 23 <-- 0.030559 s
currentSize : 24 <-- 0.511129 s
currentSize : 25 <-- 2.267038 s
currentSize : 26 <-- 35.569649 s

maxsize : 26
nodes : 83515935.000000
filtered : 822476144.000000
time : 337.085754
