Parameters: GAD=1 vflib=1 dir=0 label=0 vlabel=1 lowerbound=1 fileNameGp=../../cp2016-max-common-connected-subgraph-paper/datasets/graphsdb/mcs30/m3D/m3Dr4/mcs30_m3Dr4_s100.A05 fileNameGt=../../cp2016-max-common-connected-subgraph-paper/datasets/graphsdb/mcs30/m3D/m3Dr4/mcs30_m3Dr4_s100.B05
Reading graphs...
100 :  273
100 :  271
Initializing...
maxdom : 7
D->valSize : 352
Solving...
Blb : 2 (clique : 27)
currentSize : 27 <-- 0.003578 s
currentSize : 28 <-- 0.003799 s
currentSize : 29 <-- 0.003957 s
currentSize : 30 <-- 0.015109 s
currentSize : 31 <-- 0.057765 s
currentSize : 32 <-- 0.279176 s
currentSize : 33 <-- 0.359255 s
currentSize : 34 <-- 1.019951 s
currentSize : 35 <-- 54.290691 s
currentSize : 36 <-- 372.006653 s
currentSize : 37 <-- 612.668518 s

TIMEOUT
maxsize : 37
nodes : 192187910.000000
filtered : 919246152.000000
time : 1000.000061
