Parameters: GAD=1 vflib=1 dir=0 label=0 vlabel=1 lowerbound=1 fileNameGp=../../cp2016-max-common-connected-subgraph-paper/datasets/graphsdb/mcs30/bvg/b09m/mcs30_b09m_s80.A03 fileNameGt=../../cp2016-max-common-connected-subgraph-paper/datasets/graphsdb/mcs30/bvg/b09m/mcs30_b09m_s80.B03
Reading graphs...
80 :  348
80 :  348
Initializing...
maxdom : 9
D->valSize : 448
Solving...
Blb : 3 (clique : 22)
currentSize : 22 <-- 0.004444 s
currentSize : 23 <-- 0.005693 s
currentSize : 24 <-- 0.233745 s
currentSize : 25 <-- 20.892715 s
currentSize : 26 <-- 44.829880 s
currentSize : 27 <-- 359.939514 s

TIMEOUT
maxsize : 27
nodes : 184762592.000000
filtered : 1802026594.000000
time : 1000.000061
