Parameters: GAD=1 vflib=1 dir=0 label=0 vlabel=1 lowerbound=1 fileNameGp=../../cp2016-max-common-connected-subgraph-paper/datasets/graphsdb/mcs30/bvg/b03/mcs30_b03_s50.A06 fileNameGt=../../cp2016-max-common-connected-subgraph-paper/datasets/graphsdb/mcs30/bvg/b03/mcs30_b03_s50.B06
Reading graphs...
50 :  75
50 :  74
Initializing...
maxdom : 11
D->valSize : 347
Solving...
Blb : 2 (clique : 22)
currentSize : 22 <-- 0.004338 s
currentSize : 23 <-- 0.006099 s
currentSize : 24 <-- 8.017616 s
currentSize : 25 <-- 24.678596 s
currentSize : 26 <-- 24.915232 s
currentSize : 27 <-- 26.976921 s
currentSize : 28 <-- 43.343216 s

maxsize : 28
nodes : 18073076.000000
filtered : 118231419.000000
time : 51.462063
