Parameters: GAD=1 vflib=1 dir=0 label=0 vlabel=1 lowerbound=1 fileNameGp=../../cp2016-max-common-connected-subgraph-paper/datasets/graphsdb/mcs30/bvg/b06m/mcs30_b06m_s60.A03 fileNameGt=../../cp2016-max-common-connected-subgraph-paper/datasets/graphsdb/mcs30/bvg/b06m/mcs30_b06m_s60.B03
Reading graphs...
60 :  176
60 :  174
Initializing...
maxdom : 7
D->valSize : 223
Solving...
Blb : 3 (clique : 18)
currentSize : 18 <-- 0.001454 s
currentSize : 19 <-- 0.001824 s
currentSize : 20 <-- 0.004155 s
currentSize : 21 <-- 0.200559 s
currentSize : 22 <-- 2.854444 s
currentSize : 23 <-- 5.443174 s
currentSize : 24 <-- 5.827851 s

maxsize : 24
nodes : 4730039.000000
filtered : 31396170.000000
time : 19.152470
