Parameters: GAD=1 vflib=1 dir=0 label=0 vlabel=1 lowerbound=1 fileNameGp=../../cp2016-max-common-connected-subgraph-paper/datasets/graphsdb/mcs30/m2D/m2D/mcs30_m2D_s90.A04 fileNameGt=../../cp2016-max-common-connected-subgraph-paper/datasets/graphsdb/mcs30/m2D/m2D/mcs30_m2D_s90.B04
Reading graphs...
90 :  161
90 :  161
Initializing...
maxdom : 12
D->valSize : 516
Solving...
Blb : 2 (clique : 34)
currentSize : 34 <-- 0.005777 s
currentSize : 35 <-- 1.156744 s
currentSize : 36 <-- 2.438108 s
currentSize : 37 <-- 2.601803 s
currentSize : 38 <-- 10.905758 s
currentSize : 39 <-- 226.677948 s
currentSize : 40 <-- 899.863098 s

TIMEOUT
maxsize : 40
nodes : 218427992.000000
filtered : 1329709960.000000
time : 1000.000061
