Parameters: GAD=1 vflib=1 dir=0 label=0 vlabel=1 lowerbound=1 fileNameGp=../../cp2016-max-common-connected-subgraph-paper/datasets/graphsdb/mcs30/bvg/b09m/mcs30_b09m_s70.A01 fileNameGt=../../cp2016-max-common-connected-subgraph-paper/datasets/graphsdb/mcs30/bvg/b09m/mcs30_b09m_s70.B01
Reading graphs...
70 :  301
70 :  302
Initializing...
maxdom : 9
D->valSize : 319
Solving...
Blb : 3 (clique : 21)
currentSize : 21 <-- 0.002512 s
currentSize : 22 <-- 39.866051 s
currentSize : 24 <-- 81.822784 s
currentSize : 25 <-- 81.825256 s
currentSize : 26 <-- 82.272583 s

maxsize : 26
nodes : 32237240.000000
filtered : 256409200.000000
time : 152.558838
