Parameters: GAD=1 vflib=1 dir=0 label=0 vlabel=1 lowerbound=1 fileNameGp=../../cp2016-max-common-connected-subgraph-paper/datasets/graphsdb/mcs30/rand/r01/mcs30_r01_s90.A05 fileNameGt=../../cp2016-max-common-connected-subgraph-paper/datasets/graphsdb/mcs30/rand/r01/mcs30_r01_s90.B05
Reading graphs...
90 :  766
90 :  764
Initializing...
maxdom : 12
D->valSize : 496
Solving...
Blb : 2 (clique : 15)
currentSize : 15 <-- 0.008252 s
currentSize : 16 <-- 0.010547 s
currentSize : 17 <-- 0.017692 s
currentSize : 18 <-- 0.111525 s
currentSize : 19 <-- 0.206945 s
currentSize : 20 <-- 2.873858 s
currentSize : 21 <-- 32.253563 s
currentSize : 23 <-- 468.280090 s
currentSize : 24 <-- 468.323334 s
currentSize : 25 <-- 468.326813 s
currentSize : 26 <-- 468.326904 s
currentSize : 27 <-- 468.326965 s

maxsize : 27
nodes : 143005734.000000
filtered : 1413253645.000000
time : 815.778625
