Parameters: GAD=1 vflib=1 dir=0 label=0 vlabel=1 lowerbound=1 fileNameGp=../../cp2016-max-common-connected-subgraph-paper/datasets/graphsdb/mcs30/bvg/b06/mcs30_b06_s50.A07 fileNameGt=../../cp2016-max-common-connected-subgraph-paper/datasets/graphsdb/mcs30/bvg/b06/mcs30_b06_s50.B07
Reading graphs...
50 :  148
50 :  148
Initializing...
maxdom : 10
D->valSize : 325
Solving...
Blb : 5 (clique : 16)
currentSize : 16 <-- 0.003682 s
currentSize : 17 <-- 0.003889 s
currentSize : 18 <-- 0.004224 s
currentSize : 19 <-- 0.028906 s
currentSize : 20 <-- 0.657753 s
currentSize : 21 <-- 1.446083 s
currentSize : 22 <-- 8.463819 s
currentSize : 23 <-- 38.023911 s

maxsize : 23
nodes : 12740356.000000
filtered : 155599834.000000
time : 59.303150
