Parameters: GAD=1 vflib=1 dir=0 label=0 vlabel=1 lowerbound=1 fileNameGp=../../cp2016-max-common-connected-subgraph-paper/datasets/graphsdb/mcs30/bvg/b06m/mcs30_b06m_s100.A00 fileNameGt=../../cp2016-max-common-connected-subgraph-paper/datasets/graphsdb/mcs30/bvg/b06m/mcs30_b06m_s100.B00
Reading graphs...
100 :  294
100 :  294
Initializing...
maxdom : 10
D->valSize : 356
Solving...
Blb : 2 (clique : 29)
currentSize : 29 <-- 0.003608 s
currentSize : 30 <-- 0.004450 s
currentSize : 31 <-- 0.129836 s
currentSize : 32 <-- 0.214364 s
currentSize : 33 <-- 0.855293 s
currentSize : 34 <-- 849.784546 s
currentSize : 35 <-- 968.632019 s

TIMEOUT
maxsize : 35
nodes : 202195357.000000
filtered : 770682666.000000
time : 1000.000061
