Parameters: GAD=1 vflib=1 dir=0 label=0 vlabel=1 lowerbound=1 fileNameGp=../../cp2016-max-common-connected-subgraph-paper/datasets/graphsdb/mcs30/m4D/m4Dr6/mcs30_m4Dr6_s80.A02 fileNameGt=../../cp2016-max-common-connected-subgraph-paper/datasets/graphsdb/mcs30/m4D/m4Dr6/mcs30_m4Dr6_s80.B02
Reading graphs...
80 :  177
80 :  179
Initializing...
maxdom : 10
D->valSize : 402
Solving...
Blb : 3 (clique : 26)
currentSize : 26 <-- 0.003821 s
currentSize : 27 <-- 0.004152 s
currentSize : 28 <-- 0.005656 s
currentSize : 29 <-- 0.006932 s
currentSize : 30 <-- 1.336930 s
currentSize : 31 <-- 5.077915 s
currentSize : 32 <-- 16.436966 s
currentSize : 33 <-- 698.360718 s

TIMEOUT
maxsize : 33
nodes : 214789614.000000
filtered : 1350837555.000000
time : 1000.000061
