Parameters: GAD=1 vflib=1 dir=0 label=0 vlabel=1 lowerbound=1 fileNameGp=../../cp2016-max-common-connected-subgraph-paper/datasets/graphsdb/mcs30/m4D/m4Dr2/mcs30_m4Dr2_s50.A07 fileNameGt=../../cp2016-max-common-connected-subgraph-paper/datasets/graphsdb/mcs30/m4D/m4Dr2/mcs30_m4Dr2_s50.B07
Reading graphs...
50 :  96
50 :  95
Initializing...
maxdom : 8
D->valSize : 317
Solving...
Blb : 2 (clique : 19)
currentSize : 19 <-- 0.003638 s
currentSize : 20 <-- 0.003907 s
currentSize : 21 <-- 0.006037 s
currentSize : 22 <-- 0.021292 s
currentSize : 23 <-- 0.216060 s
currentSize : 24 <-- 5.192864 s
currentSize : 25 <-- 14.968225 s
currentSize : 26 <-- 55.237335 s
currentSize : 27 <-- 166.595932 s

maxsize : 27
nodes : 103692388.000000
filtered : 1173861536.000000
time : 429.492493
