Parameters: GAD=1 vflib=1 dir=0 label=0 vlabel=1 lowerbound=1 fileNameGp=../../cp2016-max-common-connected-subgraph-paper/datasets/graphsdb/mcs30/rand/r02/mcs30_r02_s90.A06 fileNameGt=../../cp2016-max-common-connected-subgraph-paper/datasets/graphsdb/mcs30/rand/r02/mcs30_r02_s90.B06
Reading graphs...
90 :  1426
90 :  1410
Initializing...
maxdom : 8
D->valSize : 500
Solving...
Blb : 2 (clique : 10)
currentSize : 10 <-- 0.005142 s
currentSize : 11 <-- 0.006174 s
currentSize : 12 <-- 0.006727 s
currentSize : 13 <-- 0.058364 s
currentSize : 14 <-- 1.326808 s
currentSize : 15 <-- 5.237714 s
currentSize : 17 <-- 5.274472 s
currentSize : 18 <-- 8.485337 s
currentSize : 21 <-- 20.667713 s
currentSize : 24 <-- 23.296850 s
currentSize : 27 <-- 27.990101 s

maxsize : 27
nodes : 6499131.000000
filtered : 62906089.000000
time : 38.167160
