Parameters: GAD=1 vflib=1 dir=0 label=0 vlabel=1 lowerbound=1 fileNameGp=../../cp2016-max-common-connected-subgraph-paper/datasets/graphsdb/mcs30/rand/r005/mcs30_r005_s60.A06 fileNameGt=../../cp2016-max-common-connected-subgraph-paper/datasets/graphsdb/mcs30/rand/r005/mcs30_r005_s60.B06
Reading graphs...
60 :  177
60 :  178
Initializing...
maxdom : 6
D->valSize : 223
Solving...
Blb : 2 (clique : 17)
currentSize : 17 <-- 0.002269 s
currentSize : 18 <-- 0.005678 s
currentSize : 19 <-- 0.011041 s
currentSize : 20 <-- 0.056449 s
currentSize : 21 <-- 1.096707 s
currentSize : 22 <-- 16.565676 s
currentSize : 23 <-- 38.519592 s

maxsize : 23
nodes : 14487949.000000
filtered : 96955523.000000
time : 59.809597
