Parameters: GAD=1 vflib=1 dir=0 label=0 vlabel=1 lowerbound=1 fileNameGp=../../cp2016-max-common-connected-subgraph-paper/datasets/graphsdb/mcs30/rand/r02/mcs30_r02_s80.A09 fileNameGt=../../cp2016-max-common-connected-subgraph-paper/datasets/graphsdb/mcs30/rand/r02/mcs30_r02_s80.B09
Reading graphs...
80 :  1134
80 :  1134
Initializing...
maxdom : 8
D->valSize : 429
Solving...
Blb : 2 (clique : 11)
currentSize : 11 <-- 0.003879 s
currentSize : 12 <-- 0.005413 s
currentSize : 13 <-- 0.005442 s
currentSize : 15 <-- 0.043815 s
currentSize : 17 <-- 0.168851 s
currentSize : 18 <-- 0.477972 s
currentSize : 19 <-- 1.903364 s
currentSize : 24 <-- 2.822304 s

maxsize : 24
nodes : 1811972.000000
filtered : 21689760.000000
time : 10.626975
