Parameters: GAD=1 vflib=1 dir=0 label=0 vlabel=1 lowerbound=1 fileNameGp=../../cp2016-max-common-connected-subgraph-paper/datasets/graphsdb/mcs30/m4D/m4Dr4/mcs30_m4Dr4_s70.A00 fileNameGt=../../cp2016-max-common-connected-subgraph-paper/datasets/graphsdb/mcs30/m4D/m4Dr4/mcs30_m4Dr4_s70.B00
Reading graphs...
70 :  146
70 :  143
Initializing...
maxdom : 8
D->valSize : 302
Solving...
Blb : 2 (clique : 25)
currentSize : 25 <-- 0.002406 s
currentSize : 26 <-- 0.008672 s
currentSize : 27 <-- 0.008718 s
currentSize : 28 <-- 129.544861 s
currentSize : 29 <-- 500.647614 s
currentSize : 30 <-- 694.205933 s

TIMEOUT
maxsize : 30
nodes : 252543728.000000
filtered : 1489632307.000000
time : 1000.000000
