Parameters: GAD=1 vflib=1 dir=0 label=0 vlabel=1 lowerbound=1 fileNameGp=../../cp2016-max-common-connected-subgraph-paper/datasets/graphsdb/mcs30/bvg/b06m/mcs30_b06m_s60.A07 fileNameGt=../../cp2016-max-common-connected-subgraph-paper/datasets/graphsdb/mcs30/bvg/b06m/mcs30_b06m_s60.B07
Reading graphs...
60 :  179
60 :  176
Initializing...
maxdom : 6
D->valSize : 252
Solving...
Blb : 3 (clique : 21)
currentSize : 21 <-- 0.001754 s
currentSize : 22 <-- 0.004615 s
currentSize : 23 <-- 2.217855 s
currentSize : 24 <-- 34.586143 s
currentSize : 25 <-- 46.483700 s
currentSize : 26 <-- 46.485134 s

maxsize : 26
nodes : 16224548.000000
filtered : 104486306.000000
time : 67.822884
