Parameters: GAD=1 vflib=1 dir=0 label=0 vlabel=1 lowerbound=1 fileNameGp=../../cp2016-max-common-connected-subgraph-paper/datasets/graphsdb/mcs30/m2D/m2Dr4/mcs30_m2Dr4_s60.A02 fileNameGt=../../cp2016-max-common-connected-subgraph-paper/datasets/graphsdb/mcs30/m2D/m2Dr4/mcs30_m2Dr4_s60.B02
Reading graphs...
60 :  127
60 :  126
Initializing...
maxdom : 9
D->valSize : 276
Solving...
Blb : 2 (clique : 19)
currentSize : 19 <-- 0.001958 s
currentSize : 20 <-- 0.002090 s
currentSize : 21 <-- 0.002141 s
currentSize : 22 <-- 0.002241 s
currentSize : 23 <-- 0.002345 s
currentSize : 24 <-- 0.002401 s
currentSize : 25 <-- 0.008419 s
currentSize : 26 <-- 0.093447 s
currentSize : 27 <-- 0.321212 s
currentSize : 28 <-- 2.350995 s

maxsize : 28
nodes : 24834118.000000
filtered : 203302860.000000
time : 112.680206
