Parameters: GAD=1 vflib=1 dir=0 label=0 vlabel=1 lowerbound=1 fileNameGp=../../cp2016-max-common-connected-subgraph-paper/datasets/graphsdb/mcs30/m2D/m2Dr2/mcs30_m2Dr2_s90.A02 fileNameGt=../../cp2016-max-common-connected-subgraph-paper/datasets/graphsdb/mcs30/m2D/m2Dr2/mcs30_m2Dr2_s90.B02
Reading graphs...
90 :  178
90 :  178
Initializing...
maxdom : 9
D->valSize : 525
Solving...
Blb : 2 (clique : 33)
currentSize : 33 <-- 0.006021 s
currentSize : 34 <-- 0.006377 s
currentSize : 35 <-- 0.008981 s
currentSize : 36 <-- 0.025099 s
currentSize : 38 <-- 0.152117 s
currentSize : 39 <-- 26.010372 s
currentSize : 40 <-- 64.526543 s
currentSize : 41 <-- 67.483917 s
currentSize : 42 <-- 86.022453 s
currentSize : 43 <-- 130.843018 s
currentSize : 44 <-- 163.531616 s

TIMEOUT
maxsize : 44
nodes : 204718527.000000
filtered : 1200768892.000000
time : 1000.000122
