Parameters: GAD=1 vflib=1 dir=0 label=0 vlabel=1 lowerbound=1 fileNameGp=../../cp2016-max-common-connected-subgraph-paper/datasets/graphsdb/mcs30/bvg/b06/mcs30_b06_s100.A08 fileNameGt=../../cp2016-max-common-connected-subgraph-paper/datasets/graphsdb/mcs30/bvg/b06/mcs30_b06_s100.B08
Reading graphs...
100 :  298
100 :  300
Initializing...
maxdom : 8
D->valSize : 346
Solving...
Blb : 2 (clique : 29)
currentSize : 29 <-- 0.003309 s
currentSize : 30 <-- 0.003554 s
currentSize : 31 <-- 0.006241 s
currentSize : 32 <-- 0.052225 s
currentSize : 33 <-- 32.430084 s
currentSize : 34 <-- 116.407921 s
currentSize : 35 <-- 723.479614 s

TIMEOUT
maxsize : 35
nodes : 200854107.000000
filtered : 749836626.000000
time : 1000.000061
