Parameters: GAD=1 vflib=1 dir=0 label=0 vlabel=1 lowerbound=1 fileNameGp=../../cp2016-max-common-connected-subgraph-paper/datasets/graphsdb/mcs30/m2D/m2Dr2/mcs30_m2Dr2_s70.A02 fileNameGt=../../cp2016-max-common-connected-subgraph-paper/datasets/graphsdb/mcs30/m2D/m2Dr2/mcs30_m2Dr2_s70.B02
Reading graphs...
70 :  135
70 :  135
Initializing...
maxdom : 7
D->valSize : 330
Solving...
Blb : 5 (clique : 23)
currentSize : 23 <-- 0.002720 s
currentSize : 25 <-- 0.002863 s
currentSize : 26 <-- 0.003030 s
currentSize : 27 <-- 0.004468 s
currentSize : 28 <-- 0.938209 s
currentSize : 29 <-- 42.657612 s
currentSize : 30 <-- 193.110687 s
currentSize : 31 <-- 193.110718 s
currentSize : 32 <-- 193.288147 s
currentSize : 33 <-- 415.159424 s

TIMEOUT
maxsize : 33
nodes : 224018461.000000
filtered : 1502556937.000000
time : 1000.000000
