Parameters: GAD=1 vflib=1 dir=0 label=0 vlabel=1 lowerbound=1 fileNameGp=../../cp2016-max-common-connected-subgraph-paper/datasets/graphsdb/mcs30/bvg/b09m/mcs30_b09m_s100.A03 fileNameGt=../../cp2016-max-common-connected-subgraph-paper/datasets/graphsdb/mcs30/bvg/b09m/mcs30_b09m_s100.B03
Reading graphs...
100 :  434
100 :  435
Initializing...
maxdom : 8
D->valSize : 354
Solving...
Blb : 2 (clique : 21)
currentSize : 21 <-- 0.003445 s
currentSize : 22 <-- 0.004650 s
currentSize : 23 <-- 0.014070 s
currentSize : 24 <-- 0.991635 s
currentSize : 25 <-- 1.023260 s
currentSize : 26 <-- 38.249680 s
currentSize : 27 <-- 822.674316 s

TIMEOUT
maxsize : 27
nodes : 189411531.000000
filtered : 1059010975.000000
time : 1000.000000
