Parameters: GAD=1 vflib=1 dir=0 label=0 vlabel=1 lowerbound=1 fileNameGp=../../cp2016-max-common-connected-subgraph-paper/datasets/graphsdb/mcs30/bvg/b03/mcs30_b03_s50.A00 fileNameGt=../../cp2016-max-common-connected-subgraph-paper/datasets/graphsdb/mcs30/bvg/b03/mcs30_b03_s50.B00
Reading graphs...
50 :  75
50 :  75
Initializing...
maxdom : 9
D->valSize : 340
Solving...
Blb : 5 (clique : 21)
currentSize : 21 <-- 0.002510 s
currentSize : 22 <-- 0.002626 s
currentSize : 23 <-- 0.002684 s
currentSize : 24 <-- 0.002795 s
currentSize : 25 <-- 0.002910 s
currentSize : 26 <-- 0.013200 s
currentSize : 27 <-- 543.603699 s

TIMEOUT
maxsize : 27
nodes : 241847311.000000
filtered : 3167265230.000000
time : 1000.000000
