Parameters: GAD=1 vflib=1 dir=0 label=0 vlabel=1 lowerbound=1 fileNameGp=../../cp2016-max-common-connected-subgraph-paper/datasets/graphsdb/mcs30/bvg/b06/mcs30_b06_s50.A05 fileNameGt=../../cp2016-max-common-connected-subgraph-paper/datasets/graphsdb/mcs30/bvg/b06/mcs30_b06_s50.B05
Reading graphs...
50 :  150
50 :  149
Initializing...
maxdom : 10
D->valSize : 311
Solving...
Blb : 2 (clique : 15)
currentSize : 15 <-- 0.002157 s
currentSize : 16 <-- 0.002355 s
currentSize : 17 <-- 0.010692 s
currentSize : 18 <-- 0.054130 s
currentSize : 19 <-- 0.083435 s
currentSize : 20 <-- 0.621043 s
currentSize : 21 <-- 5.455249 s
currentSize : 22 <-- 10.604902 s

maxsize : 22
nodes : 3872943.000000
filtered : 42233551.000000
time : 16.670958
