Parameters: GAD=1 vflib=1 dir=0 label=0 vlabel=1 lowerbound=1 fileNameGp=../../cp2016-max-common-connected-subgraph-paper/datasets/graphsdb/mcs30/m2D/m2Dr4/mcs30_m2Dr4_s60.A06 fileNameGt=../../cp2016-max-common-connected-subgraph-paper/datasets/graphsdb/mcs30/m2D/m2Dr4/mcs30_m2Dr4_s60.B06
Reading graphs...
60 :  125
60 :  125
Initializing...
maxdom : 8
D->valSize : 261
Solving...
Blb : 2 (clique : 21)
currentSize : 21 <-- 0.002928 s
currentSize : 22 <-- 0.003121 s
currentSize : 23 <-- 0.040979 s
currentSize : 24 <-- 28.845366 s
currentSize : 25 <-- 164.665756 s

maxsize : 25
nodes : 232880186.000000
filtered : 1541731153.000000
time : 903.715759
