Parameters: GAD=1 vflib=1 dir=0 label=0 vlabel=1 lowerbound=1 fileNameGp=../../cp2016-max-common-connected-subgraph-paper/datasets/graphsdb/mcs30/bvg/b09/mcs30_b09_s90.A02 fileNameGt=../../cp2016-max-common-connected-subgraph-paper/datasets/graphsdb/mcs30/bvg/b09/mcs30_b09_s90.B02
Reading graphs...
90 :  398
90 :  399
Initializing...
maxdom : 10
D->valSize : 502
Solving...
Blb : 2 (clique : 22)
currentSize : 22 <-- 0.005481 s
currentSize : 23 <-- 0.015707 s
currentSize : 24 <-- 0.185283 s
currentSize : 25 <-- 7.636803 s
currentSize : 26 <-- 40.870750 s
currentSize : 27 <-- 158.784805 s
currentSize : 28 <-- 283.586670 s
currentSize : 29 <-- 552.222351 s
currentSize : 30 <-- 655.480652 s

TIMEOUT
maxsize : 30
nodes : 183653069.000000
filtered : 1585081712.000000
time : 1000.000000
