Parameters: GAD=1 vflib=1 dir=0 label=0 vlabel=1 lowerbound=1 fileNameGp=../../cp2016-max-common-connected-subgraph-paper/datasets/graphsdb/mcs30/bvg/b09/mcs30_b09_s80.A08 fileNameGt=../../cp2016-max-common-connected-subgraph-paper/datasets/graphsdb/mcs30/bvg/b09/mcs30_b09_s80.B08
Reading graphs...
80 :  355
80 :  354
Initializing...
maxdom : 11
D->valSize : 409
Solving...
Blb : 2 (clique : 20)
currentSize : 20 <-- 0.003828 s
currentSize : 21 <-- 0.052941 s
currentSize : 22 <-- 0.176441 s
currentSize : 23 <-- 0.265531 s
currentSize : 24 <-- 1.012752 s
currentSize : 25 <-- 83.970085 s

TIMEOUT
maxsize : 25
nodes : 205625778.000000
filtered : 1503977380.000000
time : 1000.000000
