Parameters: GAD=1 vflib=1 dir=0 label=0 vlabel=1 lowerbound=1 fileNameGp=../../cp2016-max-common-connected-subgraph-paper/datasets/graphsdb/mcs30/bvg/b03m/mcs30_b03m_s90.A03 fileNameGt=../../cp2016-max-common-connected-subgraph-paper/datasets/graphsdb/mcs30/bvg/b03m/mcs30_b03m_s90.B03
Reading graphs...
90 :  134
90 :  135
Initializing...
maxdom : 8
D->valSize : 483
Solving...
Blb : 2 (clique : 36)
currentSize : 36 <-- 0.005271 s
currentSize : 37 <-- 0.029607 s
currentSize : 38 <-- 0.121681 s
currentSize : 39 <-- 1.428846 s
currentSize : 40 <-- 2.813378 s
currentSize : 41 <-- 272.849152 s

TIMEOUT
maxsize : 41
nodes : 250487786.000000
filtered : 1202076344.000000
time : 1000.000061
