Parameters: GAD=1 vflib=1 dir=0 label=0 vlabel=1 lowerbound=1 fileNameGp=../../cp2016-max-common-connected-subgraph-paper/datasets/graphsdb/mcs30/m2D/m2Dr4/mcs30_m2Dr4_s50.A09 fileNameGt=../../cp2016-max-common-connected-subgraph-paper/datasets/graphsdb/mcs30/m2D/m2Dr4/mcs30_m2Dr4_s50.B09
Reading graphs...
50 :  105
50 :  100
Initializing...
maxdom : 10
D->valSize : 354
Solving...
Blb : 2 (clique : 19)
currentSize : 19 <-- 0.004442 s
currentSize : 20 <-- 0.006250 s
currentSize : 21 <-- 0.006698 s
currentSize : 22 <-- 0.022202 s
currentSize : 23 <-- 1.484634 s
currentSize : 24 <-- 91.838730 s

maxsize : 24
nodes : 101407912.000000
filtered : 1407399795.000000
time : 474.544861
