Parameters: GAD=1 vflib=1 dir=0 label=0 vlabel=1 lowerbound=1 fileNameGp=../../cp2016-max-common-connected-subgraph-paper/datasets/graphsdb/mcs30/bvg/b06/mcs30_b06_s100.A01 fileNameGt=../../cp2016-max-common-connected-subgraph-paper/datasets/graphsdb/mcs30/bvg/b06/mcs30_b06_s100.B01
Reading graphs...
100 :  298
100 :  297
Initializing...
maxdom : 7
D->valSize : 350
Solving...
Blb : 2 (clique : 24)
currentSize : 24 <-- 0.003502 s
currentSize : 25 <-- 0.003775 s
currentSize : 27 <-- 0.004031 s
currentSize : 28 <-- 0.004232 s
currentSize : 29 <-- 0.004287 s
currentSize : 30 <-- 0.337912 s
currentSize : 31 <-- 0.583697 s
currentSize : 32 <-- 0.907565 s
currentSize : 33 <-- 1.330991 s
currentSize : 34 <-- 2.126118 s
currentSize : 35 <-- 20.875614 s

TIMEOUT
maxsize : 35
nodes : 182850906.000000
filtered : 1039044802.000000
time : 1000.000061
