Parameters: GAD=1 vflib=1 dir=0 label=0 vlabel=1 lowerbound=1 fileNameGp=../../cp2016-max-common-connected-subgraph-paper/datasets/graphsdb/mcs30/rand/r01/mcs30_r01_s90.A03 fileNameGt=../../cp2016-max-common-connected-subgraph-paper/datasets/graphsdb/mcs30/rand/r01/mcs30_r01_s90.B03
Reading graphs...
90 :  758
90 :  760
Initializing...
maxdom : 9
D->valSize : 528
Solving...
Blb : 2 (clique : 15)
currentSize : 15 <-- 0.005561 s
currentSize : 16 <-- 0.014253 s
currentSize : 17 <-- 0.054041 s
currentSize : 18 <-- 0.222611 s
currentSize : 19 <-- 0.305387 s
currentSize : 20 <-- 0.325062 s
currentSize : 21 <-- 4.124222 s
currentSize : 22 <-- 6.013843 s
currentSize : 23 <-- 62.471554 s
currentSize : 25 <-- 62.492180 s
currentSize : 26 <-- 62.492249 s
currentSize : 27 <-- 62.493763 s

maxsize : 27
nodes : 117062854.000000
filtered : 1587354001.000000
time : 762.514282
