Parameters: GAD=1 vflib=1 dir=0 label=0 vlabel=1 lowerbound=1 fileNameGp=../../cp2016-max-common-connected-subgraph-paper/datasets/graphsdb/mcs30/bvg/b09m/mcs30_b09m_s70.A00 fileNameGt=../../cp2016-max-common-connected-subgraph-paper/datasets/graphsdb/mcs30/bvg/b09m/mcs30_b09m_s70.B00
Reading graphs...
70 :  304
70 :  305
Initializing...
maxdom : 6
D->valSize : 324
Solving...
Blb : 3 (clique : 20)
currentSize : 20 <-- 0.002631 s
currentSize : 21 <-- 0.014373 s
currentSize : 22 <-- 3.276724 s
currentSize : 23 <-- 3.555452 s
currentSize : 24 <-- 3.869667 s
currentSize : 25 <-- 4.375135 s

maxsize : 25
nodes : 67159900.000000
filtered : 592836982.000000
time : 344.306427
