Parameters: GAD=1 vflib=1 dir=0 label=0 vlabel=1 lowerbound=1 fileNameGp=../../cp2016-max-common-connected-subgraph-paper/datasets/graphsdb/mcs30/m2D/m2Dr2/mcs30_m2Dr2_s70.A06 fileNameGt=../../cp2016-max-common-connected-subgraph-paper/datasets/graphsdb/mcs30/m2D/m2Dr2/mcs30_m2Dr2_s70.B06
Reading graphs...
70 :  137
70 :  135
Initializing...
maxdom : 8
D->valSize : 322
Solving...
Blb : 2 (clique : 26)
currentSize : 26 <-- 0.004263 s
currentSize : 27 <-- 0.006008 s
currentSize : 28 <-- 0.006190 s
currentSize : 29 <-- 0.007542 s
currentSize : 30 <-- 0.083761 s
currentSize : 31 <-- 0.160940 s
currentSize : 32 <-- 0.211947 s
currentSize : 33 <-- 0.423580 s
currentSize : 34 <-- 753.454956 s

TIMEOUT
maxsize : 34
nodes : 219936990.000000
filtered : 1638017199.000000
time : 1000.000061
