Parameters: GAD=1 vflib=1 dir=0 label=0 vlabel=1 lowerbound=1 fileNameGp=../../cp2016-max-common-connected-subgraph-paper/datasets/graphsdb/mcs30/bvg/b06m/mcs30_b06m_s70.A06 fileNameGt=../../cp2016-max-common-connected-subgraph-paper/datasets/graphsdb/mcs30/bvg/b06m/mcs30_b06m_s70.B06
Reading graphs...
70 :  207
70 :  207
Initializing...
maxdom : 8
D->valSize : 349
Solving...
Blb : 2 (clique : 21)
currentSize : 21 <-- 0.002928 s
currentSize : 22 <-- 0.003092 s
currentSize : 23 <-- 0.003177 s
currentSize : 24 <-- 0.026970 s
currentSize : 25 <-- 0.030112 s
currentSize : 26 <-- 0.169617 s
currentSize : 27 <-- 76.805801 s
currentSize : 28 <-- 596.731812 s

TIMEOUT
maxsize : 28
nodes : 210608774.000000
filtered : 1796949553.000000
time : 1000.000061
