Parameters: GAD=1 vflib=1 dir=0 label=0 vlabel=1 lowerbound=1 fileNameGp=../../cp2016-max-common-connected-subgraph-paper/datasets/graphsdb/mcs30/bvg/b03/mcs30_b03_s40.A03 fileNameGt=../../cp2016-max-common-connected-subgraph-paper/datasets/graphsdb/mcs30/bvg/b03/mcs30_b03_s40.B03
Reading graphs...
40 :  60
40 :  60
Initializing...
maxdom : 10
D->valSize : 234
Solving...
Blb : 2 (clique : 16)
currentSize : 16 <-- 0.001551 s
currentSize : 17 <-- 0.001792 s
currentSize : 18 <-- 0.002109 s
currentSize : 19 <-- 0.002788 s
currentSize : 20 <-- 0.007268 s
currentSize : 21 <-- 0.013046 s
currentSize : 22 <-- 0.026556 s
currentSize : 23 <-- 0.444558 s

maxsize : 23
nodes : 359207.000000
filtered : 2960747.000000
time : 1.476702
