Parameters: GAD=1 vflib=1 dir=0 label=0 vlabel=1 lowerbound=1 fileNameGp=../../cp2016-max-common-connected-subgraph-paper/datasets/graphsdb/mcs30/rand/r005/mcs30_r005_s80.A01 fileNameGt=../../cp2016-max-common-connected-subgraph-paper/datasets/graphsdb/mcs30/rand/r005/mcs30_r005_s80.B01
Reading graphs...
80 :  304
80 :  307
Initializing...
maxdom : 10
D->valSize : 448
Solving...
Blb : 2 (clique : 22)
currentSize : 22 <-- 0.004395 s
currentSize : 23 <-- 0.004753 s
currentSize : 24 <-- 0.046215 s
currentSize : 25 <-- 0.049117 s
currentSize : 26 <-- 0.082463 s
currentSize : 27 <-- 0.863439 s
currentSize : 28 <-- 847.697083 s

TIMEOUT
maxsize : 28
nodes : 188163465.000000
filtered : 1524975557.000000
time : 1000.000000
