Parameters: GAD=1 vflib=1 dir=0 label=0 vlabel=1 lowerbound=1 fileNameGp=../../cp2016-max-common-connected-subgraph-paper/datasets/graphsdb/mcs30/m3D/m3Dr6/mcs30_m3Dr6_s70.A08 fileNameGt=../../cp2016-max-common-connected-subgraph-paper/datasets/graphsdb/mcs30/m3D/m3Dr6/mcs30_m3Dr6_s70.B08
Reading graphs...
70 :  194
70 :  195
Initializing...
maxdom : 9
D->valSize : 303
Solving...
Blb : 3 (clique : 22)
currentSize : 22 <-- 0.002479 s
currentSize : 23 <-- 0.007123 s
currentSize : 24 <-- 0.849568 s
currentSize : 25 <-- 9.939667 s
currentSize : 26 <-- 11.462367 s
currentSize : 27 <-- 168.858368 s
currentSize : 28 <-- 169.903091 s
currentSize : 29 <-- 535.508423 s
currentSize : 30 <-- 863.294922 s
currentSize : 31 <-- 863.297913 s
currentSize : 32 <-- 937.537109 s

TIMEOUT
maxsize : 32
nodes : 212067030.000000
filtered : 1536107432.000000
time : 1000.000000
