Parameters: GAD=1 vflib=1 dir=0 label=0 vlabel=1 lowerbound=1 fileNameGp=../../cp2016-max-common-connected-subgraph-paper/datasets/graphsdb/mcs30/rand/r01/mcs30_r01_s80.A09 fileNameGt=../../cp2016-max-common-connected-subgraph-paper/datasets/graphsdb/mcs30/rand/r01/mcs30_r01_s80.B09
Reading graphs...
80 :  596
80 :  600
Initializing...
maxdom : 7
D->valSize : 413
Solving...
Blb : 2 (clique : 13)
currentSize : 13 <-- 0.003783 s
currentSize : 14 <-- 0.003908 s
currentSize : 15 <-- 0.003975 s
currentSize : 16 <-- 0.004008 s
currentSize : 17 <-- 0.020621 s
currentSize : 18 <-- 0.024269 s
currentSize : 20 <-- 2.807050 s
currentSize : 21 <-- 13.563163 s
currentSize : 22 <-- 14.443672 s
currentSize : 24 <-- 289.555634 s

maxsize : 24
nodes : 102445215.000000
filtered : 992792482.000000
time : 560.206848
