Parameters: GAD=1 vflib=1 dir=0 label=0 vlabel=1 lowerbound=1 fileNameGp=../../cp2016-max-common-connected-subgraph-paper/datasets/graphsdb/mcs30/bvg/b06/mcs30_b06_s60.A03 fileNameGt=../../cp2016-max-common-connected-subgraph-paper/datasets/graphsdb/mcs30/bvg/b06/mcs30_b06_s60.B03
Reading graphs...
60 :  178
60 :  176
Initializing...
maxdom : 7
D->valSize : 243
Solving...
Blb : 2 (clique : 16)
currentSize : 16 <-- 0.001724 s
currentSize : 17 <-- 0.001895 s
currentSize : 18 <-- 0.002177 s
currentSize : 19 <-- 0.002305 s
currentSize : 20 <-- 0.113729 s
currentSize : 21 <-- 0.164723 s
currentSize : 22 <-- 0.719702 s
currentSize : 23 <-- 15.420343 s
currentSize : 24 <-- 34.595959 s

maxsize : 24
nodes : 22171680.000000
filtered : 149168863.000000
time : 91.847618
