Parameters: GAD=1 vflib=1 dir=0 label=0 vlabel=1 lowerbound=1 fileNameGp=../../cp2016-max-common-connected-subgraph-paper/datasets/graphsdb/mcs30/m2D/m2Dr4/mcs30_m2Dr4_s50.A00 fileNameGt=../../cp2016-max-common-connected-subgraph-paper/datasets/graphsdb/mcs30/m2D/m2Dr4/mcs30_m2Dr4_s50.B00
Reading graphs...
50 :  102
50 :  103
Initializing...
maxdom : 10
D->valSize : 342
Solving...
Blb : 2 (clique : 18)
currentSize : 18 <-- 0.002517 s
currentSize : 19 <-- 0.002626 s
currentSize : 20 <-- 0.003066 s
currentSize : 21 <-- 0.005884 s
currentSize : 22 <-- 0.378481 s
currentSize : 23 <-- 1.542227 s
currentSize : 24 <-- 1.543010 s
currentSize : 25 <-- 48.199619 s

maxsize : 25
nodes : 37045382.000000
filtered : 415620925.000000
time : 153.343414
