Parameters: GAD=1 vflib=1 dir=0 label=0 vlabel=1 lowerbound=1 fileNameGp=../../cp2016-max-common-connected-subgraph-paper/datasets/graphsdb/mcs30/m2D/m2D/mcs30_m2D_s70.A01 fileNameGt=../../cp2016-max-common-connected-subgraph-paper/datasets/graphsdb/mcs30/m2D/m2D/mcs30_m2D_s70.B01
Reading graphs...
70 :  121
70 :  120
Initializing...
maxdom : 9
D->valSize : 333
Solving...
Blb : 2 (clique : 29)
currentSize : 29 <-- 0.002805 s
currentSize : 30 <-- 0.003088 s
currentSize : 31 <-- 0.004493 s
currentSize : 32 <-- 0.031843 s
currentSize : 33 <-- 0.138563 s
currentSize : 34 <-- 3.738720 s
currentSize : 35 <-- 6.265982 s

TIMEOUT
maxsize : 35
nodes : 204447568.000000
filtered : 1561899161.000000
time : 1000.000061
