Parameters: GAD=1 vflib=1 dir=0 label=0 vlabel=1 lowerbound=1 fileNameGp=../../cp2016-max-common-connected-subgraph-paper/datasets/graphsdb/mcs30/m2D/m2Dr6/mcs30_m2Dr6_s50.A02 fileNameGt=../../cp2016-max-common-connected-subgraph-paper/datasets/graphsdb/mcs30/m2D/m2Dr6/mcs30_m2Dr6_s50.B02
Reading graphs...
50 :  114
50 :  112
Initializing...
maxdom : 12
D->valSize : 351
Solving...
Blb : 5 (clique : 18)
currentSize : 18 <-- 0.002697 s
currentSize : 19 <-- 0.002813 s
currentSize : 20 <-- 0.002884 s
currentSize : 21 <-- 0.002992 s
currentSize : 22 <-- 0.003674 s
currentSize : 23 <-- 0.004245 s
currentSize : 24 <-- 0.159821 s
currentSize : 25 <-- 142.689209 s

maxsize : 25
nodes : 44060987.000000
filtered : 506609842.000000
time : 190.038498
