Parameters: GAD=1 vflib=1 dir=0 label=0 vlabel=1 lowerbound=1 fileNameGp=../../cp2016-max-common-connected-subgraph-paper/datasets/graphsdb/mcs30/rand/r02/mcs30_r02_s60.A02 fileNameGt=../../cp2016-max-common-connected-subgraph-paper/datasets/graphsdb/mcs30/rand/r02/mcs30_r02_s60.B02
Reading graphs...
60 :  635
60 :  631
Initializing...
maxdom : 10
D->valSize : 244
Solving...
Blb : 3 (clique : 10)
currentSize : 10 <-- 0.002539 s
currentSize : 11 <-- 0.003424 s
currentSize : 12 <-- 0.171792 s
currentSize : 14 <-- 0.492361 s
currentSize : 15 <-- 0.800544 s
currentSize : 16 <-- 0.820119 s
currentSize : 17 <-- 0.820268 s
currentSize : 18 <-- 0.903093 s

maxsize : 18
nodes : 244897.000000
filtered : 1530876.000000
time : 1.023190
