Parameters: GAD=1 vflib=1 dir=0 label=0 vlabel=1 lowerbound=1 fileNameGp=../../cp2016-max-common-connected-subgraph-paper/datasets/graphsdb/mcs30/bvg/b03/mcs30_b03_s70.A07 fileNameGt=../../cp2016-max-common-connected-subgraph-paper/datasets/graphsdb/mcs30/bvg/b03/mcs30_b03_s70.B07
Reading graphs...
70 :  105
70 :  105
Initializing...
maxdom : 9
D->valSize : 341
Solving...
Blb : 5 (clique : 29)
currentSize : 29 <-- 0.003011 s
currentSize : 30 <-- 0.066110 s
currentSize : 31 <-- 0.890420 s
currentSize : 32 <-- 8.395990 s
currentSize : 33 <-- 236.188858 s
currentSize : 34 <-- 238.615204 s
currentSize : 35 <-- 256.217499 s

TIMEOUT
maxsize : 35
nodes : 216295085.000000
filtered : 1625944240.000000
time : 1000.000061
