Parameters: GAD=1 vflib=1 dir=0 label=0 vlabel=1 lowerbound=1 fileNameGp=../../cp2016-max-common-connected-subgraph-paper/datasets/graphsdb/mcs30/m4D/m4Dr6/mcs30_m4Dr6_s70.A06 fileNameGt=../../cp2016-max-common-connected-subgraph-paper/datasets/graphsdb/mcs30/m4D/m4Dr6/mcs30_m4Dr6_s70.B06
Reading graphs...
70 :  158
70 :  156
Initializing...
maxdom : 8
D->valSize : 329
Solving...
Blb : 2 (clique : 25)
currentSize : 25 <-- 0.002674 s
currentSize : 26 <-- 0.002868 s
currentSize : 27 <-- 0.003049 s
currentSize : 28 <-- 0.003475 s
currentSize : 29 <-- 16.063562 s
currentSize : 30 <-- 39.632168 s
currentSize : 31 <-- 156.715378 s

TIMEOUT
maxsize : 31
nodes : 208545837.000000
filtered : 1658973364.000000
time : 1000.000000
