Parameters: GAD=1 vflib=1 dir=0 label=0 vlabel=1 lowerbound=1 fileNameGp=../../cp2016-max-common-connected-subgraph-paper/datasets/graphsdb/mcs30/m3D/m3Dr4/mcs30_m3Dr4_s70.A00 fileNameGt=../../cp2016-max-common-connected-subgraph-paper/datasets/graphsdb/mcs30/m3D/m3Dr4/mcs30_m3Dr4_s70.B00
Reading graphs...
70 :  183
70 :  183
Initializing...
maxdom : 7
D->valSize : 325
Solving...
Blb : 2 (clique : 20)
currentSize : 20 <-- 0.004039 s
currentSize : 21 <-- 0.004764 s
currentSize : 22 <-- 0.006753 s
currentSize : 23 <-- 0.038132 s
currentSize : 24 <-- 0.049481 s
currentSize : 25 <-- 2.934372 s
currentSize : 26 <-- 4.628928 s
currentSize : 27 <-- 17.453909 s
currentSize : 28 <-- 416.298767 s

TIMEOUT
maxsize : 28
nodes : 217274135.000000
filtered : 1692483106.000000
time : 1000.000061
