Parameters: GAD=1 vflib=1 dir=0 label=0 vlabel=1 lowerbound=1 fileNameGp=../../cp2016-max-common-connected-subgraph-paper/datasets/graphsdb/mcs30/rand/r02/mcs30_r02_s90.A07 fileNameGt=../../cp2016-max-common-connected-subgraph-paper/datasets/graphsdb/mcs30/rand/r02/mcs30_r02_s90.B07
Reading graphs...
90 :  1419
90 :  1415
Initializing...
maxdom : 10
D->valSize : 537
Solving...
Blb : 2 (clique : 10)
currentSize : 10 <-- 0.009030 s
currentSize : 11 <-- 0.009408 s
currentSize : 12 <-- 0.010615 s
currentSize : 13 <-- 0.111841 s
currentSize : 14 <-- 0.247727 s
currentSize : 15 <-- 2.530336 s
currentSize : 16 <-- 2.530633 s
currentSize : 17 <-- 12.788072 s
currentSize : 18 <-- 30.962248 s
currentSize : 21 <-- 33.514175 s
currentSize : 27 <-- 37.184799 s

maxsize : 27
nodes : 8846206.000000
filtered : 87991258.000000
time : 51.678085
