Parameters: GAD=1 vflib=1 dir=0 label=0 vlabel=1 lowerbound=1 fileNameGp=../../cp2016-max-common-connected-subgraph-paper/datasets/graphsdb/mcs30/bvg/b06/mcs30_b06_s80.A09 fileNameGt=../../cp2016-max-common-connected-subgraph-paper/datasets/graphsdb/mcs30/bvg/b06/mcs30_b06_s80.B09
Reading graphs...
80 :  238
80 :  239
Initializing...
maxdom : 9
D->valSize : 443
Solving...
Blb : 2 (clique : 26)
currentSize : 26 <-- 0.004268 s
currentSize : 27 <-- 0.005579 s
currentSize : 28 <-- 0.023216 s
currentSize : 29 <-- 0.056528 s
currentSize : 30 <-- 10.741581 s
currentSize : 31 <-- 182.792999 s
currentSize : 32 <-- 912.839233 s

TIMEOUT
maxsize : 32
nodes : 212098595.000000
filtered : 1666440411.000000
time : 1000.000061
