Parameters: GAD=1 vflib=1 dir=0 label=0 vlabel=1 lowerbound=1 fileNameGp=../../cp2016-max-common-connected-subgraph-paper/datasets/graphsdb/mcs30/m2D/m2D/mcs30_m2D_s90.A08 fileNameGt=../../cp2016-max-common-connected-subgraph-paper/datasets/graphsdb/mcs30/m2D/m2D/mcs30_m2D_s90.B08
Reading graphs...
90 :  161
90 :  160
Initializing...
maxdom : 11
D->valSize : 587
Solving...
Blb : 2 (clique : 32)
currentSize : 32 <-- 0.007225 s
currentSize : 36 <-- 0.007501 s
currentSize : 37 <-- 0.007609 s
currentSize : 38 <-- 0.539497 s
currentSize : 39 <-- 2.806892 s
currentSize : 40 <-- 4.548876 s
currentSize : 41 <-- 26.317221 s
currentSize : 42 <-- 33.170650 s

TIMEOUT
maxsize : 42
nodes : 187484153.000000
filtered : 1829018738.000000
time : 1000.000061
