Parameters: GAD=1 vflib=1 dir=0 label=0 vlabel=1 lowerbound=1 fileNameGp=../../cp2016-max-common-connected-subgraph-paper/datasets/graphsdb/mcs30/bvg/b09/mcs30_b09_s70.A01 fileNameGt=../../cp2016-max-common-connected-subgraph-paper/datasets/graphsdb/mcs30/bvg/b09/mcs30_b09_s70.B01
Reading graphs...
70 :  307
70 :  307
Initializing...
maxdom : 8
D->valSize : 313
Solving...
Blb : 3 (clique : 19)
currentSize : 19 <-- 0.002498 s
currentSize : 20 <-- 1.004736 s
currentSize : 21 <-- 5.577772 s
currentSize : 22 <-- 29.635880 s
currentSize : 23 <-- 38.105167 s
currentSize : 24 <-- 314.714355 s

maxsize : 24
nodes : 106012992.000000
filtered : 874863461.000000
time : 513.780090
