Parameters: GAD=1 vflib=1 dir=0 label=0 vlabel=1 lowerbound=1 fileNameGp=../../cp2016-max-common-connected-subgraph-paper/datasets/graphsdb/mcs30/m4D/m4D/mcs30_m4D_s70.A02 fileNameGt=../../cp2016-max-common-connected-subgraph-paper/datasets/graphsdb/mcs30/m4D/m4D/mcs30_m4D_s70.B02
Reading graphs...
70 :  117
70 :  118
Initializing...
maxdom : 9
D->valSize : 326
Solving...
Blb : 2 (clique : 27)
currentSize : 27 <-- 0.002807 s
currentSize : 28 <-- 0.003629 s
currentSize : 29 <-- 0.004213 s
currentSize : 30 <-- 2.334245 s
currentSize : 31 <-- 12.495526 s
currentSize : 32 <-- 204.490372 s
currentSize : 33 <-- 765.409790 s

TIMEOUT
maxsize : 33
nodes : 243266349.000000
filtered : 1584364713.000000
time : 1000.000061
