Parameters: GAD=1 vflib=1 dir=0 label=0 vlabel=1 lowerbound=1 fileNameGp=../../cp2016-max-common-connected-subgraph-paper/datasets/graphsdb/mcs30/m3D/m3D/mcs30_m3D_s100.A08 fileNameGt=../../cp2016-max-common-connected-subgraph-paper/datasets/graphsdb/mcs30/m3D/m3D/mcs30_m3D_s100.B08
Reading graphs...
100 :  233
100 :  234
Initializing...
maxdom : 7
D->valSize : 339
Solving...
Blb : 5 (clique : 28)
currentSize : 28 <-- 0.005425 s
currentSize : 29 <-- 0.341326 s
currentSize : 30 <-- 1.269567 s
currentSize : 31 <-- 6.753266 s
currentSize : 32 <-- 25.092752 s
currentSize : 33 <-- 68.631584 s
currentSize : 34 <-- 506.643433 s

TIMEOUT
maxsize : 34
nodes : 200006178.000000
filtered : 879570116.000000
time : 1000.000061
