Parameters: GAD=1 vflib=1 dir=0 label=0 vlabel=1 lowerbound=1 fileNameGp=../../cp2016-max-common-connected-subgraph-paper/datasets/graphsdb/mcs30/rand/r005/mcs30_r005_s80.A04 fileNameGt=../../cp2016-max-common-connected-subgraph-paper/datasets/graphsdb/mcs30/rand/r005/mcs30_r005_s80.B04
Reading graphs...
80 :  303
80 :  306
Initializing...
maxdom : 9
D->valSize : 392
Solving...
Blb : 2 (clique : 21)
currentSize : 21 <-- 0.005555 s
currentSize : 22 <-- 0.005835 s
currentSize : 23 <-- 0.006325 s
currentSize : 24 <-- 0.225225 s
currentSize : 25 <-- 1.345090 s
currentSize : 26 <-- 188.590393 s
currentSize : 27 <-- 306.926819 s

TIMEOUT
maxsize : 27
nodes : 201860874.000000
filtered : 1676439711.000000
time : 1000.000061
