Parameters: GAD=1 vflib=1 dir=0 label=0 vlabel=1 lowerbound=1 fileNameGp=../../cp2016-max-common-connected-subgraph-paper/datasets/graphsdb/mcs30/m3D/m3Dr6/mcs30_m3Dr6_s90.A00 fileNameGt=../../cp2016-max-common-connected-subgraph-paper/datasets/graphsdb/mcs30/m3D/m3Dr6/mcs30_m3Dr6_s90.B00
Reading graphs...
90 :  257
90 :  258
Initializing...
maxdom : 11
D->valSize : 498
Solving...
Blb : 2 (clique : 30)
currentSize : 30 <-- 0.005612 s
currentSize : 31 <-- 0.008050 s
currentSize : 32 <-- 0.470629 s
currentSize : 33 <-- 2.225648 s
currentSize : 34 <-- 212.552582 s
currentSize : 35 <-- 245.776642 s

TIMEOUT
maxsize : 35
nodes : 209665113.000000
filtered : 1184819936.000000
time : 1000.000061
