Parameters: GAD=1 vflib=1 dir=0 label=0 vlabel=1 lowerbound=1 fileNameGp=../../cp2016-max-common-connected-subgraph-paper/datasets/graphsdb/mcs30/m2D/m2D/mcs30_m2D_s90.A06 fileNameGt=../../cp2016-max-common-connected-subgraph-paper/datasets/graphsdb/mcs30/m2D/m2D/mcs30_m2D_s90.B06
Reading graphs...
90 :  161
90 :  161
Initializing...
maxdom : 10
D->valSize : 514
Solving...
Blb : 2 (clique : 37)
currentSize : 37 <-- 0.009317 s
currentSize : 38 <-- 0.372263 s
currentSize : 39 <-- 0.541608 s
currentSize : 40 <-- 1.118704 s
currentSize : 41 <-- 82.276260 s
currentSize : 42 <-- 82.714561 s
currentSize : 43 <-- 82.746071 s

TIMEOUT
maxsize : 43
nodes : 223199432.000000
filtered : 1238831679.000000
time : 1000.000061
