Parameters: GAD=1 vflib=1 dir=0 label=0 vlabel=1 lowerbound=1 fileNameGp=../../cp2016-max-common-connected-subgraph-paper/datasets/graphsdb/mcs30/m3D/m3Dr6/mcs30_m3Dr6_s70.A07 fileNameGt=../../cp2016-max-common-connected-subgraph-paper/datasets/graphsdb/mcs30/m3D/m3Dr6/mcs30_m3Dr6_s70.B07
Reading graphs...
70 :  196
70 :  194
Initializing...
maxdom : 9
D->valSize : 317
Solving...
Blb : 2 (clique : 20)
currentSize : 20 <-- 0.002508 s
currentSize : 21 <-- 0.002697 s
currentSize : 22 <-- 0.006624 s
currentSize : 23 <-- 0.064952 s
currentSize : 24 <-- 0.726310 s
currentSize : 25 <-- 1.250810 s
currentSize : 26 <-- 62.360447 s
currentSize : 27 <-- 448.976776 s
currentSize : 28 <-- 461.269562 s

TIMEOUT
maxsize : 28
nodes : 226716729.000000
filtered : 1604199685.000000
time : 1000.000000
