Parameters: GAD=1 vflib=1 dir=0 label=0 vlabel=1 lowerbound=1 fileNameGp=../../cp2016-max-common-connected-subgraph-paper/datasets/graphsdb/mcs30/rand/r005/mcs30_r005_s80.A05 fileNameGt=../../cp2016-max-common-connected-subgraph-paper/datasets/graphsdb/mcs30/rand/r005/mcs30_r005_s80.B05
Reading graphs...
80 :  307
80 :  309
Initializing...
maxdom : 10
D->valSize : 416
Solving...
Blb : 2 (clique : 19)
currentSize : 19 <-- 0.003881 s
currentSize : 21 <-- 0.004435 s
currentSize : 22 <-- 0.004837 s
currentSize : 23 <-- 0.006796 s
currentSize : 24 <-- 0.091723 s
currentSize : 25 <-- 1.739893 s
currentSize : 26 <-- 4.682258 s
currentSize : 27 <-- 9.438240 s
currentSize : 28 <-- 16.493471 s
currentSize : 31 <-- 63.517788 s

TIMEOUT
maxsize : 31
nodes : 175149946.000000
filtered : 1870706802.000000
time : 1000.000000
