Parameters: GAD=1 vflib=1 dir=0 label=0 vlabel=1 lowerbound=1 fileNameGp=../../cp2016-max-common-connected-subgraph-paper/datasets/graphsdb/mcs30/bvg/b09/mcs30_b09_s80.A05 fileNameGt=../../cp2016-max-common-connected-subgraph-paper/datasets/graphsdb/mcs30/bvg/b09/mcs30_b09_s80.B05
Reading graphs...
80 :  357
80 :  354
Initializing...
maxdom : 8
D->valSize : 415
Solving...
Blb : 2 (clique : 20)
currentSize : 20 <-- 0.003840 s
currentSize : 21 <-- 0.004023 s
currentSize : 22 <-- 0.042677 s
currentSize : 23 <-- 0.471908 s
currentSize : 24 <-- 1.850310 s
currentSize : 25 <-- 7.721905 s
currentSize : 26 <-- 8.620590 s
currentSize : 27 <-- 334.480743 s
currentSize : 28 <-- 396.705414 s

TIMEOUT
maxsize : 28
nodes : 183599904.000000
filtered : 1758192401.000000
time : 1000.000000
