Parameters: GAD=1 vflib=1 dir=0 label=0 vlabel=1 lowerbound=1 fileNameGp=../../cp2016-max-common-connected-subgraph-paper/datasets/graphsdb/mcs30/rand/r01/mcs30_r01_s90.A08 fileNameGt=../../cp2016-max-common-connected-subgraph-paper/datasets/graphsdb/mcs30/rand/r01/mcs30_r01_s90.B08
Reading graphs...
90 :  762
90 :  761
Initializing...
maxdom : 8
D->valSize : 512
Solving...
Blb : 2 (clique : 15)
currentSize : 15 <-- 0.005498 s
currentSize : 16 <-- 0.006907 s
currentSize : 17 <-- 0.008447 s
currentSize : 18 <-- 0.012275 s
currentSize : 19 <-- 0.102657 s
currentSize : 20 <-- 1.086219 s
currentSize : 21 <-- 52.337826 s
currentSize : 22 <-- 119.678215 s

TIMEOUT
maxsize : 22
nodes : 186310969.000000
filtered : 1401977523.000000
time : 1000.000000
