Parameters: GAD=1 vflib=1 dir=0 label=0 vlabel=1 lowerbound=1 fileNameGp=../../cp2016-max-common-connected-subgraph-paper/datasets/graphsdb/mcs30/m2D/m2D/mcs30_m2D_s70.A03 fileNameGt=../../cp2016-max-common-connected-subgraph-paper/datasets/graphsdb/mcs30/m2D/m2D/mcs30_m2D_s70.B03
Reading graphs...
70 :  123
70 :  122
Initializing...
maxdom : 7
D->valSize : 326
Solving...
Blb : 2 (clique : 29)
currentSize : 29 <-- 0.002706 s
currentSize : 30 <-- 0.003422 s
currentSize : 31 <-- 3.919930 s
currentSize : 32 <-- 51.814014 s
currentSize : 33 <-- 796.729126 s
currentSize : 34 <-- 832.929565 s

TIMEOUT
maxsize : 34
nodes : 228922666.000000
filtered : 1503084638.000000
time : 1000.000061
