Parameters: GAD=1 vflib=1 dir=0 label=0 vlabel=1 lowerbound=1 fileNameGp=../../cp2016-max-common-connected-subgraph-paper/datasets/graphsdb/mcs30/rand/r01/mcs30_r01_s50.A06 fileNameGt=../../cp2016-max-common-connected-subgraph-paper/datasets/graphsdb/mcs30/rand/r01/mcs30_r01_s50.B06
Reading graphs...
50 :  235
50 :  226
Initializing...
maxdom : 10
D->valSize : 307
Solving...
Blb : 2 (clique : 12)
currentSize : 12 <-- 0.002097 s
currentSize : 13 <-- 0.002185 s
currentSize : 14 <-- 0.002353 s
currentSize : 15 <-- 0.002717 s
currentSize : 16 <-- 0.057952 s
currentSize : 17 <-- 0.432305 s
currentSize : 18 <-- 0.451117 s

maxsize : 18
nodes : 3001117.000000
filtered : 29863931.000000
time : 12.345397
