Parameters: GAD=1 vflib=1 dir=0 label=0 vlabel=1 lowerbound=1 fileNameGp=../../cp2016-max-common-connected-subgraph-paper/datasets/graphsdb/mcs30/m4D/m4Dr2/mcs30_m4Dr2_s70.A05 fileNameGt=../../cp2016-max-common-connected-subgraph-paper/datasets/graphsdb/mcs30/m4D/m4Dr2/mcs30_m4Dr2_s70.B05
Reading graphs...
70 :  129
70 :  130
Initializing...
maxdom : 10
D->valSize : 297
Solving...
Blb : 2 (clique : 28)
currentSize : 28 <-- 0.002410 s
currentSize : 29 <-- 0.002658 s
currentSize : 30 <-- 0.118110 s
currentSize : 31 <-- 0.521536 s
currentSize : 32 <-- 1.022913 s
currentSize : 33 <-- 80.928146 s
currentSize : 34 <-- 684.877258 s

TIMEOUT
maxsize : 34
nodes : 238960029.000000
filtered : 1354063984.000000
time : 1000.000061
