Parameters: GAD=1 vflib=1 dir=0 label=0 vlabel=1 lowerbound=1 fileNameGp=../../cp2016-max-common-connected-subgraph-paper/datasets/graphsdb/mcs30/m4D/m4D/mcs30_m4D_s80.A05 fileNameGt=../../cp2016-max-common-connected-subgraph-paper/datasets/graphsdb/mcs30/m4D/m4D/mcs30_m4D_s80.B05
Reading graphs...
80 :  129
80 :  130
Initializing...
maxdom : 10
D->valSize : 439
Solving...
Blb : 2 (clique : 33)
currentSize : 33 <-- 0.007501 s
currentSize : 34 <-- 0.007851 s
currentSize : 35 <-- 0.008084 s
currentSize : 36 <-- 0.198736 s
currentSize : 37 <-- 0.440039 s
currentSize : 38 <-- 76.417473 s
currentSize : 39 <-- 133.294937 s
currentSize : 40 <-- 661.639526 s

TIMEOUT
maxsize : 40
nodes : 228253276.000000
filtered : 1444487520.000000
time : 1000.000061
