Parameters: GAD=1 vflib=1 dir=0 label=0 vlabel=1 lowerbound=1 fileNameGp=../../cp2016-max-common-connected-subgraph-paper/datasets/graphsdb/mcs30/bvg/b06m/mcs30_b06m_s90.A06 fileNameGt=../../cp2016-max-common-connected-subgraph-paper/datasets/graphsdb/mcs30/bvg/b06m/mcs30_b06m_s90.B06
Reading graphs...
90 :  266
90 :  267
Initializing...
maxdom : 8
D->valSize : 514
Solving...
Blb : 2 (clique : 30)
currentSize : 30 <-- 0.005674 s
currentSize : 31 <-- 0.006109 s
currentSize : 32 <-- 0.100339 s
currentSize : 33 <-- 0.938528 s
currentSize : 34 <-- 1.337621 s
currentSize : 35 <-- 1.756493 s
currentSize : 36 <-- 4.958692 s
currentSize : 37 <-- 96.213943 s

TIMEOUT
maxsize : 37
nodes : 193649753.000000
filtered : 1334327387.000000
time : 1000.000061
