Parameters: GAD=1 vflib=1 dir=0 label=0 vlabel=1 lowerbound=1 fileNameGp=../../cp2016-max-common-connected-subgraph-paper/datasets/graphsdb/mcs30/bvg/b03/mcs30_b03_s80.A00 fileNameGt=../../cp2016-max-common-connected-subgraph-paper/datasets/graphsdb/mcs30/bvg/b03/mcs30_b03_s80.B00
Reading graphs...
80 :  120
80 :  119
Initializing...
maxdom : 10
D->valSize : 378
Solving...
Blb : 2 (clique : 33)
currentSize : 33 <-- 0.003621 s
currentSize : 34 <-- 0.003896 s
currentSize : 35 <-- 0.114670 s
currentSize : 36 <-- 0.212773 s
currentSize : 37 <-- 80.863594 s
currentSize : 38 <-- 326.383087 s

TIMEOUT
maxsize : 38
nodes : 229298735.000000
filtered : 1347608175.000000
time : 1000.000061
