Parameters: GAD=1 vflib=1 dir=0 label=0 vlabel=1 lowerbound=1 fileNameGp=../../cp2016-max-common-connected-subgraph-paper/datasets/graphsdb/mcs30/bvg/b09/mcs30_b09_s60.A09 fileNameGt=../../cp2016-max-common-connected-subgraph-paper/datasets/graphsdb/mcs30/bvg/b09/mcs30_b09_s60.B09
Reading graphs...
60 :  268
60 :  264
Initializing...
maxdom : 7
D->valSize : 258
Solving...
Blb : 2 (clique : 13)
currentSize : 13 <-- 0.001742 s
currentSize : 14 <-- 0.001839 s
currentSize : 15 <-- 0.001897 s
currentSize : 17 <-- 0.003649 s
currentSize : 18 <-- 0.135397 s
currentSize : 19 <-- 1.190939 s
currentSize : 20 <-- 11.892057 s
currentSize : 21 <-- 16.954092 s
currentSize : 22 <-- 26.669546 s

maxsize : 22
nodes : 9214624.000000
filtered : 64458501.000000
time : 38.565384
