Parameters: GAD=1 vflib=1 dir=0 label=0 vlabel=1 lowerbound=1 fileNameGp=../../cp2016-max-common-connected-subgraph-paper/datasets/graphsdb/mcs30/rand/r01/mcs30_r01_s50.A08 fileNameGt=../../cp2016-max-common-connected-subgraph-paper/datasets/graphsdb/mcs30/rand/r01/mcs30_r01_s50.B08
Reading graphs...
50 :  233
50 :  229
Initializing...
maxdom : 11
D->valSize : 344
Solving...
Blb : 2 (clique : 13)
currentSize : 13 <-- 0.002416 s
currentSize : 14 <-- 0.002837 s
currentSize : 15 <-- 0.003864 s
currentSize : 16 <-- 0.027941 s
currentSize : 17 <-- 0.367369 s
currentSize : 18 <-- 10.978910 s
currentSize : 19 <-- 10.981472 s

maxsize : 19
nodes : 6439941.000000
filtered : 70160991.000000
time : 27.028027
