Parameters: GAD=1 vflib=1 dir=0 label=0 vlabel=1 lowerbound=1 fileNameGp=../../cp2016-max-common-connected-subgraph-paper/datasets/graphsdb/mcs30/m2D/m2Dr6/mcs30_m2Dr6_s60.A05 fileNameGt=../../cp2016-max-common-connected-subgraph-paper/datasets/graphsdb/mcs30/m2D/m2Dr6/mcs30_m2Dr6_s60.B05
Reading graphs...
60 :  138
60 :  136
Initializing...
maxdom : 8
D->valSize : 228
Solving...
Blb : 5 (clique : 18)
currentSize : 18 <-- 0.001623 s
currentSize : 19 <-- 0.001726 s
currentSize : 20 <-- 0.001774 s
currentSize : 21 <-- 0.008034 s
currentSize : 22 <-- 1.276708 s
currentSize : 23 <-- 1.366412 s
currentSize : 24 <-- 2.170797 s
currentSize : 25 <-- 26.087448 s
currentSize : 26 <-- 129.536224 s

maxsize : 26
nodes : 52223263.000000
filtered : 327989494.000000
time : 203.757553
