Parameters: GAD=1 vflib=1 dir=0 label=0 vlabel=1 lowerbound=1 fileNameGp=../../cp2016-max-common-connected-subgraph-paper/datasets/graphsdb/mcs30/bvg/b03m/mcs30_b03m_s60.A00 fileNameGt=../../cp2016-max-common-connected-subgraph-paper/datasets/graphsdb/mcs30/bvg/b03m/mcs30_b03m_s60.B00
Reading graphs...
60 :  89
60 :  90
Initializing...
maxdom : 8
D->valSize : 242
Solving...
Blb : 2 (clique : 23)
currentSize : 23 <-- 0.001754 s
currentSize : 24 <-- 0.008378 s
currentSize : 25 <-- 0.048213 s
currentSize : 26 <-- 0.797729 s
currentSize : 27 <-- 9.218087 s
currentSize : 28 <-- 13.433896 s
currentSize : 29 <-- 14.152317 s
currentSize : 30 <-- 21.590416 s
currentSize : 31 <-- 68.033813 s

maxsize : 31
nodes : 109988545.000000
filtered : 692196963.000000
time : 430.980042
