Parameters: GAD=1 vflib=1 dir=0 label=0 vlabel=1 lowerbound=1 fileNameGp=../../cp2016-max-common-connected-subgraph-paper/datasets/graphsdb/mcs30/m3D/m3Dr6/mcs30_m3Dr6_s70.A02 fileNameGt=../../cp2016-max-common-connected-subgraph-paper/datasets/graphsdb/mcs30/m3D/m3Dr6/mcs30_m3Dr6_s70.B02
Reading graphs...
70 :  197
70 :  197
Initializing...
maxdom : 10
D->valSize : 311
Solving...
Blb : 2 (clique : 21)
currentSize : 21 <-- 0.003803 s
currentSize : 22 <-- 0.003996 s
currentSize : 24 <-- 0.028703 s
currentSize : 25 <-- 0.038306 s
currentSize : 26 <-- 0.239662 s
currentSize : 27 <-- 1.365835 s
currentSize : 28 <-- 2.162935 s
currentSize : 29 <-- 7.286862 s
currentSize : 30 <-- 7.287272 s

maxsize : 30
nodes : 15069642.000000
filtered : 116005238.000000
time : 73.385330
