Parameters: GAD=1 vflib=1 dir=0 label=0 vlabel=1 lowerbound=1 fileNameGp=../../cp2016-max-common-connected-subgraph-paper/datasets/graphsdb/mcs30/bvg/b03/mcs30_b03_s60.A03 fileNameGt=../../cp2016-max-common-connected-subgraph-paper/datasets/graphsdb/mcs30/bvg/b03/mcs30_b03_s60.B03
Reading graphs...
60 :  90
60 :  89
Initializing...
maxdom : 7
D->valSize : 246
Solving...
Blb : 2 (clique : 25)
currentSize : 25 <-- 0.001749 s
currentSize : 26 <-- 0.005743 s
currentSize : 27 <-- 0.053654 s
currentSize : 28 <-- 0.089161 s
currentSize : 29 <-- 0.468401 s
currentSize : 30 <-- 6.603822 s
currentSize : 31 <-- 15.625708 s
currentSize : 32 <-- 16.045992 s

maxsize : 32
nodes : 38889935.000000
filtered : 276484767.000000
time : 166.839920
