Parameters: GAD=1 vflib=1 dir=0 label=0 vlabel=1 lowerbound=1 fileNameGp=../../cp2016-max-common-connected-subgraph-paper/datasets/graphsdb/mcs30/rand/r02/mcs30_r02_s60.A08 fileNameGt=../../cp2016-max-common-connected-subgraph-paper/datasets/graphsdb/mcs30/rand/r02/mcs30_r02_s60.B08
Reading graphs...
60 :  626
60 :  635
Initializing...
maxdom : 8
D->valSize : 239
Solving...
Blb : 3 (clique : 9)
currentSize : 9 <-- 0.001650 s
currentSize : 10 <-- 0.001747 s
currentSize : 11 <-- 0.020288 s
currentSize : 12 <-- 0.195633 s
currentSize : 13 <-- 0.236669 s
currentSize : 14 <-- 0.675500 s
currentSize : 15 <-- 0.676657 s
currentSize : 16 <-- 0.688059 s
currentSize : 18 <-- 0.688937 s

maxsize : 18
nodes : 254025.000000
filtered : 1588990.000000
time : 1.024005
