Parameters: GAD=1 vflib=1 dir=0 label=0 vlabel=1 lowerbound=1 fileNameGp=../../cp2016-max-common-connected-subgraph-paper/datasets/graphsdb/mcs30/bvg/b06/mcs30_b06_s50.A04 fileNameGt=../../cp2016-max-common-connected-subgraph-paper/datasets/graphsdb/mcs30/bvg/b06/mcs30_b06_s50.B04
Reading graphs...
50 :  148
50 :  148
Initializing...
maxdom : 9
D->valSize : 320
Solving...
Blb : 2 (clique : 17)
currentSize : 17 <-- 0.002182 s
currentSize : 18 <-- 0.002513 s
currentSize : 19 <-- 0.021586 s
currentSize : 20 <-- 0.225707 s
currentSize : 21 <-- 0.791623 s
currentSize : 22 <-- 32.688622 s

maxsize : 22
nodes : 14432617.000000
filtered : 178660018.000000
time : 66.908691
