Parameters: GAD=1 vflib=1 dir=0 label=0 vlabel=1 lowerbound=1 fileNameGp=../../cp2016-max-common-connected-subgraph-paper/datasets/graphsdb/mcs30/m3D/m3D/mcs30_m3D_s70.A01 fileNameGt=../../cp2016-max-common-connected-subgraph-paper/datasets/graphsdb/mcs30/m3D/m3D/mcs30_m3D_s70.B01
Reading graphs...
70 :  159
70 :  159
Initializing...
maxdom : 6
D->valSize : 307
Solving...
Blb : 5 (clique : 28)
currentSize : 28 <-- 0.002443 s
currentSize : 29 <-- 4.847858 s
currentSize : 30 <-- 6.221298 s
currentSize : 31 <-- 6.221351 s
currentSize : 32 <-- 36.454922 s
currentSize : 33 <-- 36.465500 s
currentSize : 34 <-- 253.466690 s
currentSize : 35 <-- 259.276367 s
currentSize : 36 <-- 333.930267 s

maxsize : 36
nodes : 140402061.000000
filtered : 922560653.000000
time : 681.449646
