Parameters: GAD=1 vflib=1 dir=0 label=0 vlabel=1 lowerbound=1 fileNameGp=../../cp2016-max-common-connected-subgraph-paper/datasets/graphsdb/mcs30/m4D/m4Dr2/mcs30_m4Dr2_s90.A05 fileNameGt=../../cp2016-max-common-connected-subgraph-paper/datasets/graphsdb/mcs30/m4D/m4Dr2/mcs30_m4Dr2_s90.B05
Reading graphs...
90 :  163
90 :  163
Initializing...
maxdom : 9
D->valSize : 495
Solving...
Blb : 2 (clique : 35)
currentSize : 35 <-- 0.005516 s
currentSize : 36 <-- 0.464900 s
currentSize : 37 <-- 1.524215 s
currentSize : 38 <-- 15.215354 s
currentSize : 39 <-- 48.010410 s
currentSize : 40 <-- 605.303406 s

TIMEOUT
maxsize : 40
nodes : 241158532.000000
filtered : 1244528715.000000
time : 1000.000061
