Parameters: GAD=1 vflib=1 dir=0 label=0 vlabel=1 lowerbound=1 fileNameGp=../../cp2016-max-common-connected-subgraph-paper/datasets/graphsdb/mcs30/rand/r01/mcs30_r01_s70.A07 fileNameGt=../../cp2016-max-common-connected-subgraph-paper/datasets/graphsdb/mcs30/rand/r01/mcs30_r01_s70.B07
Reading graphs...
70 :  459
70 :  454
Initializing...
maxdom : 7
D->valSize : 329
Solving...
Blb : 2 (clique : 14)
currentSize : 14 <-- 0.002554 s
currentSize : 15 <-- 0.002657 s
currentSize : 16 <-- 0.002763 s
currentSize : 17 <-- 0.103551 s
currentSize : 18 <-- 0.227382 s
currentSize : 19 <-- 6.093595 s
currentSize : 20 <-- 42.184059 s
currentSize : 21 <-- 59.269863 s

maxsize : 21
nodes : 21618487.000000
filtered : 170264160.000000
time : 105.250931
