Parameters: GAD=1 vflib=1 dir=0 label=0 vlabel=1 lowerbound=1 fileNameGp=../../cp2016-max-common-connected-subgraph-paper/datasets/graphsdb/mcs30/bvg/b09/mcs30_b09_s100.A04 fileNameGt=../../cp2016-max-common-connected-subgraph-paper/datasets/graphsdb/mcs30/bvg/b09/mcs30_b09_s100.B04
Reading graphs...
100 :  449
100 :  445
Initializing...
maxdom : 8
D->valSize : 339
Solving...
Blb : 2 (clique : 20)
currentSize : 20 <-- 0.003242 s
currentSize : 21 <-- 0.003430 s
currentSize : 22 <-- 0.006311 s
currentSize : 23 <-- 0.010087 s
currentSize : 24 <-- 0.023568 s
currentSize : 25 <-- 0.025442 s
currentSize : 26 <-- 0.486584 s
currentSize : 27 <-- 0.486700 s
currentSize : 28 <-- 0.487031 s
currentSize : 29 <-- 27.920214 s
currentSize : 30 <-- 27.953690 s
currentSize : 31 <-- 27.993988 s
currentSize : 32 <-- 28.114759 s
currentSize : 33 <-- 29.080387 s
currentSize : 34 <-- 396.221924 s

TIMEOUT
maxsize : 34
nodes : 176847609.000000
filtered : 1097871553.000000
time : 1000.000061
