Parameters: GAD=1 vflib=1 dir=0 label=0 vlabel=1 lowerbound=1 fileNameGp=../../cp2016-max-common-connected-subgraph-paper/datasets/graphsdb/mcs30/m3D/m3Dr4/mcs30_m3Dr4_s70.A06 fileNameGt=../../cp2016-max-common-connected-subgraph-paper/datasets/graphsdb/mcs30/m3D/m3Dr4/mcs30_m3Dr4_s70.B06
Reading graphs...
70 :  187
70 :  185
Initializing...
maxdom : 8
D->valSize : 336
Solving...
Blb : 2 (clique : 22)
currentSize : 22 <-- 0.002703 s
currentSize : 23 <-- 0.002904 s
currentSize : 24 <-- 0.003953 s
currentSize : 25 <-- 2.151591 s
currentSize : 26 <-- 2.164553 s
currentSize : 27 <-- 28.265116 s
currentSize : 28 <-- 28.971100 s
currentSize : 29 <-- 29.041296 s

TIMEOUT
maxsize : 29
nodes : 210711014.000000
filtered : 1634889534.000000
time : 1000.000000
