Parameters: GAD=1 vflib=1 dir=0 label=0 vlabel=1 lowerbound=1 fileNameGp=../../cp2016-max-common-connected-subgraph-paper/datasets/graphsdb/mcs30/bvg/b03/mcs30_b03_s100.A08 fileNameGt=../../cp2016-max-common-connected-subgraph-paper/datasets/graphsdb/mcs30/bvg/b03/mcs30_b03_s100.B08
Reading graphs...
100 :  148
100 :  150
Initializing...
maxdom : 7
D->valSize : 322
Solving...
Blb : 2 (clique : 35)
currentSize : 35 <-- 0.003232 s
currentSize : 36 <-- 0.007506 s
currentSize : 37 <-- 0.021565 s
currentSize : 38 <-- 0.025424 s
currentSize : 39 <-- 0.089725 s
currentSize : 40 <-- 0.887407 s
currentSize : 41 <-- 77.501579 s

TIMEOUT
maxsize : 41
nodes : 213800232.000000
filtered : 797330607.000000
time : 1000.000061
