Parameters: GAD=1 vflib=1 dir=0 label=0 vlabel=1 lowerbound=1 fileNameGp=../../cp2016-max-common-connected-subgraph-paper/datasets/graphsdb/mcs30/bvg/b09m/mcs30_b09m_s70.A09 fileNameGt=../../cp2016-max-common-connected-subgraph-paper/datasets/graphsdb/mcs30/bvg/b09m/mcs30_b09m_s70.B09
Reading graphs...
70 :  308
70 :  308
Initializing...
maxdom : 9
D->valSize : 322
Solving...
Blb : 2 (clique : 19)
currentSize : 19 <-- 0.002486 s
currentSize : 20 <-- 0.205884 s
currentSize : 21 <-- 0.206209 s
currentSize : 22 <-- 0.438255 s
currentSize : 23 <-- 1.303094 s
currentSize : 24 <-- 6.092948 s
currentSize : 25 <-- 58.360126 s

maxsize : 25
nodes : 89802337.000000
filtered : 753600988.000000
time : 440.233276
