Parameters: GAD=1 vflib=1 dir=0 label=0 vlabel=1 lowerbound=1 fileNameGp=../../cp2016-max-common-connected-subgraph-paper/datasets/graphsdb/mcs30/m4D/m4Dr4/mcs30_m4Dr4_s70.A09 fileNameGt=../../cp2016-max-common-connected-subgraph-paper/datasets/graphsdb/mcs30/m4D/m4Dr4/mcs30_m4Dr4_s70.B09
Reading graphs...
70 :  144
70 :  144
Initializing...
maxdom : 8
D->valSize : 296
Solving...
Blb : 5 (clique : 24)
currentSize : 24 <-- 0.002325 s
currentSize : 25 <-- 0.105453 s
currentSize : 26 <-- 0.370554 s
currentSize : 27 <-- 0.371695 s
currentSize : 28 <-- 0.375776 s
currentSize : 29 <-- 2.705460 s
currentSize : 30 <-- 17.081924 s
currentSize : 31 <-- 36.797508 s
currentSize : 32 <-- 304.976257 s

TIMEOUT
maxsize : 32
nodes : 205453628.000000
filtered : 1596131542.000000
time : 1000.000061
