Parameters: GAD=1 vflib=1 dir=0 label=0 vlabel=1 lowerbound=1 fileNameGp=../../cp2016-max-common-connected-subgraph-paper/datasets/graphsdb/mcs30/bvg/b03m/mcs30_b03m_s60.A03 fileNameGt=../../cp2016-max-common-connected-subgraph-paper/datasets/graphsdb/mcs30/bvg/b03m/mcs30_b03m_s60.B03
Reading graphs...
60 :  90
60 :  90
Initializing...
maxdom : 7
D->valSize : 255
Solving...
Blb : 2 (clique : 24)
currentSize : 24 <-- 0.001839 s
currentSize : 25 <-- 0.007719 s
currentSize : 26 <-- 0.153332 s
currentSize : 27 <-- 0.155581 s
currentSize : 28 <-- 0.200481 s
currentSize : 29 <-- 8.573090 s
currentSize : 30 <-- 15.854334 s

maxsize : 30
nodes : 37619513.000000
filtered : 308230202.000000
time : 166.874313
