Parameters: GAD=1 vflib=1 dir=0 label=0 vlabel=1 lowerbound=1 fileNameGp=../../cp2016-max-common-connected-subgraph-paper/datasets/graphsdb/mcs30/rand/r01/mcs30_r01_s100.A07 fileNameGt=../../cp2016-max-common-connected-subgraph-paper/datasets/graphsdb/mcs30/rand/r01/mcs30_r01_s100.B07
Reading graphs...
100 :  940
100 :  936
Initializing...
maxdom : 7
D->valSize : 367
Solving...
Blb : 2 (clique : 13)
currentSize : 13 <-- 0.003478 s
currentSize : 14 <-- 0.003685 s
currentSize : 15 <-- 0.004291 s
currentSize : 16 <-- 0.004771 s
currentSize : 17 <-- 0.020382 s
currentSize : 18 <-- 0.785305 s
currentSize : 19 <-- 3.231316 s
currentSize : 20 <-- 4.387243 s
currentSize : 21 <-- 4.656913 s
currentSize : 22 <-- 5.193292 s
currentSize : 24 <-- 59.718601 s
currentSize : 26 <-- 59.718674 s
currentSize : 27 <-- 70.334984 s
currentSize : 30 <-- 70.336205 s

maxsize : 30
nodes : 17635884.000000
filtered : 152712036.000000
time : 109.696609
