Parameters: GAD=1 vflib=1 dir=0 label=0 vlabel=1 lowerbound=1 fileNameGp=../../cp2016-max-common-connected-subgraph-paper/datasets/graphsdb/mcs30/rand/r005/mcs30_r005_s50.A04 fileNameGt=../../cp2016-max-common-connected-subgraph-paper/datasets/graphsdb/mcs30/rand/r005/mcs30_r005_s50.B04
Reading graphs...
50 :  125
50 :  126
Initializing...
maxdom : 10
D->valSize : 341
Solving...
Blb : 2 (clique : 18)
currentSize : 18 <-- 0.002488 s
currentSize : 19 <-- 0.002599 s
currentSize : 20 <-- 0.002946 s
currentSize : 21 <-- 0.334691 s
currentSize : 22 <-- 0.476368 s
currentSize : 23 <-- 55.350040 s

maxsize : 23
nodes : 59064657.000000
filtered : 665365537.000000
time : 251.716675
