Parameters: GAD=1 vflib=1 dir=0 label=0 vlabel=1 lowerbound=1 fileNameGp=../../cp2016-max-common-connected-subgraph-paper/datasets/graphsdb/mcs30/bvg/b06/mcs30_b06_s70.A01 fileNameGt=../../cp2016-max-common-connected-subgraph-paper/datasets/graphsdb/mcs30/bvg/b06/mcs30_b06_s70.B01
Reading graphs...
70 :  209
70 :  206
Initializing...
maxdom : 8
D->valSize : 323
Solving...
Blb : 3 (clique : 21)
currentSize : 21 <-- 0.002599 s
currentSize : 22 <-- 0.330639 s
currentSize : 23 <-- 0.541886 s
currentSize : 24 <-- 0.926899 s
currentSize : 25 <-- 4.602488 s
currentSize : 26 <-- 71.154114 s
currentSize : 27 <-- 518.390808 s
currentSize : 28 <-- 520.912781 s

TIMEOUT
maxsize : 28
nodes : 213763058.000000
filtered : 1573835483.000000
time : 1000.000061
