Parameters: GAD=1 vflib=1 dir=0 label=0 vlabel=1 lowerbound=1 fileNameGp=../../cp2016-max-common-connected-subgraph-paper/datasets/graphsdb/mcs30/rand/r01/mcs30_r01_s80.A00 fileNameGt=../../cp2016-max-common-connected-subgraph-paper/datasets/graphsdb/mcs30/rand/r01/mcs30_r01_s80.B00
Reading graphs...
80 :  600
80 :  602
Initializing...
maxdom : 10
D->valSize : 415
Solving...
Blb : 2 (clique : 15)
currentSize : 15 <-- 0.003849 s
currentSize : 16 <-- 0.004548 s
currentSize : 17 <-- 0.005083 s
currentSize : 18 <-- 0.029871 s
currentSize : 19 <-- 0.031719 s
currentSize : 20 <-- 0.125856 s
currentSize : 21 <-- 3.575456 s
currentSize : 22 <-- 6.728474 s
currentSize : 23 <-- 6.815586 s
currentSize : 24 <-- 7.391520 s

maxsize : 24
nodes : 62000323.000000
filtered : 663594918.000000
time : 345.863678
