Parameters: GAD=1 vflib=1 dir=0 label=0 vlabel=1 lowerbound=1 fileNameGp=../../cp2016-max-common-connected-subgraph-paper/datasets/graphsdb/mcs30/bvg/b09m/mcs30_b09m_s70.A08 fileNameGt=../../cp2016-max-common-connected-subgraph-paper/datasets/graphsdb/mcs30/bvg/b09m/mcs30_b09m_s70.B08
Reading graphs...
70 :  306
70 :  305
Initializing...
maxdom : 10
D->valSize : 340
Solving...
Blb : 2 (clique : 17)
currentSize : 17 <-- 0.004314 s
currentSize : 18 <-- 0.004491 s
currentSize : 19 <-- 0.006200 s
currentSize : 20 <-- 0.010278 s
currentSize : 21 <-- 0.026586 s
currentSize : 22 <-- 0.045199 s
currentSize : 23 <-- 0.130249 s
currentSize : 24 <-- 1.710789 s
currentSize : 25 <-- 14.760165 s
currentSize : 26 <-- 78.888557 s

maxsize : 26
nodes : 24615839.000000
filtered : 240038043.000000
time : 128.459122
