Parameters: GAD=1 vflib=1 dir=0 label=0 vlabel=1 lowerbound=1 fileNameGp=../../cp2016-max-common-connected-subgraph-paper/datasets/graphsdb/mcs30/bvg/b09m/mcs30_b09m_s90.A00 fileNameGt=../../cp2016-max-common-connected-subgraph-paper/datasets/graphsdb/mcs30/bvg/b09m/mcs30_b09m_s90.B00
Reading graphs...
90 :  400
90 :  394
Initializing...
maxdom : 9
D->valSize : 540
Solving...
Blb : 2 (clique : 21)
currentSize : 21 <-- 0.009963 s
currentSize : 22 <-- 0.010261 s
currentSize : 23 <-- 0.010404 s
currentSize : 24 <-- 0.016851 s
currentSize : 25 <-- 0.035039 s
currentSize : 26 <-- 0.045785 s
currentSize : 27 <-- 0.084041 s
currentSize : 28 <-- 68.604736 s

TIMEOUT
maxsize : 28
nodes : 190220466.000000
filtered : 1395439932.000000
time : 1000.000000
