Parameters: GAD=1 vflib=1 dir=0 label=0 vlabel=1 lowerbound=1 fileNameGp=../../cp2016-max-common-connected-subgraph-paper/datasets/graphsdb/mcs30/bvg/b03m/mcs30_b03m_s50.A03 fileNameGt=../../cp2016-max-common-connected-subgraph-paper/datasets/graphsdb/mcs30/bvg/b03m/mcs30_b03m_s50.B03
Reading graphs...
50 :  74
50 :  74
Initializing...
maxdom : 9
D->valSize : 339
Solving...
Blb : 2 (clique : 24)
currentSize : 24 <-- 0.004070 s
currentSize : 25 <-- 0.201503 s
currentSize : 26 <-- 0.487565 s
currentSize : 27 <-- 5.666781 s
currentSize : 28 <-- 13.587217 s
currentSize : 29 <-- 75.759010 s

maxsize : 29
nodes : 29763119.000000
filtered : 360528906.000000
time : 131.299240
