Parameters: GAD=1 vflib=1 dir=0 label=0 vlabel=1 lowerbound=1 fileNameGp=../../cp2016-max-common-connected-subgraph-paper/datasets/graphsdb/mcs30/m3D/m3Dr4/mcs30_m3Dr4_s90.A01 fileNameGt=../../cp2016-max-common-connected-subgraph-paper/datasets/graphsdb/mcs30/m3D/m3Dr4/mcs30_m3Dr4_s90.B01
Reading graphs...
90 :  242
90 :  243
Initializing...
maxdom : 10
D->valSize : 517
Solving...
Blb : 5 (clique : 29)
currentSize : 29 <-- 0.005758 s
currentSize : 32 <-- 0.005982 s
currentSize : 33 <-- 0.006034 s
currentSize : 34 <-- 0.007235 s
currentSize : 35 <-- 21.182112 s
currentSize : 36 <-- 360.699158 s
currentSize : 37 <-- 749.279480 s

TIMEOUT
maxsize : 37
nodes : 189953330.000000
filtered : 1429384198.000000
time : 1000.000061
