Parameters: GAD=1 vflib=1 dir=0 label=0 vlabel=1 lowerbound=1 fileNameGp=../../cp2016-max-common-connected-subgraph-paper/datasets/graphsdb/mcs30/m3D/m3D/mcs30_m3D_s90.A00 fileNameGt=../../cp2016-max-common-connected-subgraph-paper/datasets/graphsdb/mcs30/m3D/m3D/mcs30_m3D_s90.B00
Reading graphs...
90 :  207
90 :  205
Initializing...
maxdom : 12
D->valSize : 519
Solving...
Blb : 2 (clique : 33)
currentSize : 33 <-- 0.006118 s
currentSize : 34 <-- 0.006841 s
currentSize : 35 <-- 0.032317 s
currentSize : 36 <-- 1.660144 s
currentSize : 37 <-- 5.015745 s
currentSize : 38 <-- 49.472000 s
currentSize : 39 <-- 430.172211 s

TIMEOUT
maxsize : 39
nodes : 210876678.000000
filtered : 1230026135.000000
time : 1000.000061
