Parameters: GAD=1 vflib=1 dir=0 label=0 vlabel=1 lowerbound=1 fileNameGp=../../cp2016-max-common-connected-subgraph-paper/datasets/graphsdb/mcs30/bvg/b06/mcs30_b06_s50.A01 fileNameGt=../../cp2016-max-common-connected-subgraph-paper/datasets/graphsdb/mcs30/bvg/b06/mcs30_b06_s50.B01
Reading graphs...
50 :  149
50 :  146
Initializing...
maxdom : 11
D->valSize : 340
Solving...
Blb : 2 (clique : 17)
currentSize : 17 <-- 0.002360 s
currentSize : 18 <-- 0.003972 s
currentSize : 19 <-- 0.035133 s
currentSize : 20 <-- 0.717367 s
currentSize : 21 <-- 1.349973 s
currentSize : 22 <-- 2.175526 s
currentSize : 23 <-- 2.820916 s

maxsize : 23
nodes : 8427874.000000
filtered : 109407147.000000
time : 38.532711
