Parameters: GAD=1 vflib=1 dir=0 label=0 vlabel=1 lowerbound=1 fileNameGp=../../cp2016-max-common-connected-subgraph-paper/datasets/graphsdb/mcs30/m2D/m2Dr4/mcs30_m2Dr4_s100.A08 fileNameGt=../../cp2016-max-common-connected-subgraph-paper/datasets/graphsdb/mcs30/m2D/m2Dr4/mcs30_m2Dr4_s100.B08
Reading graphs...
100 :  220
100 :  217
Initializing...
maxdom : 8
D->valSize : 315
Solving...
Blb : 2 (clique : 30)
currentSize : 30 <-- 0.003226 s
currentSize : 31 <-- 0.003454 s
currentSize : 32 <-- 0.007872 s
currentSize : 33 <-- 0.260433 s
currentSize : 34 <-- 17.878683 s
currentSize : 35 <-- 242.737961 s
currentSize : 36 <-- 381.354370 s

TIMEOUT
maxsize : 36
nodes : 204092886.000000
filtered : 988109251.000000
time : 1000.000061
