Parameters: GAD=1 vflib=1 dir=0 label=0 vlabel=1 lowerbound=1 fileNameGp=../../cp2016-max-common-connected-subgraph-paper/datasets/graphsdb/mcs30/m4D/m4Dr6/mcs30_m4Dr6_s70.A07 fileNameGt=../../cp2016-max-common-connected-subgraph-paper/datasets/graphsdb/mcs30/m4D/m4Dr6/mcs30_m4Dr6_s70.B07
Reading graphs...
70 :  158
70 :  154
Initializing...
maxdom : 8
D->valSize : 358
Solving...
Blb : 2 (clique : 25)
currentSize : 25 <-- 0.003065 s
currentSize : 26 <-- 0.059897 s
currentSize : 27 <-- 0.129126 s
currentSize : 28 <-- 0.845076 s
currentSize : 29 <-- 18.230301 s
currentSize : 30 <-- 69.157722 s
currentSize : 31 <-- 77.506630 s

TIMEOUT
maxsize : 31
nodes : 199343526.000000
filtered : 1826557962.000000
time : 1000.000000
