Parameters: GAD=1 vflib=1 dir=0 label=0 vlabel=1 lowerbound=1 fileNameGp=../../cp2016-max-common-connected-subgraph-paper/datasets/graphsdb/mcs30/m3D/m3D/mcs30_m3D_s70.A09 fileNameGt=../../cp2016-max-common-connected-subgraph-paper/datasets/graphsdb/mcs30/m3D/m3D/mcs30_m3D_s70.B09
Reading graphs...
70 :  158
70 :  159
Initializing...
maxdom : 10
D->valSize : 330
Solving...
Blb : 2 (clique : 27)
currentSize : 27 <-- 0.002706 s
currentSize : 28 <-- 0.003541 s
currentSize : 29 <-- 0.008098 s
currentSize : 30 <-- 3.030058 s
currentSize : 31 <-- 12.371572 s
currentSize : 32 <-- 739.019531 s

TIMEOUT
maxsize : 32
nodes : 219083150.000000
filtered : 1560543180.000000
time : 1000.000000
