Parameters: GAD=1 vflib=1 dir=0 label=0 vlabel=1 lowerbound=1 fileNameGp=../../cp2016-max-common-connected-subgraph-paper/datasets/graphsdb/mcs30/rand/r005/mcs30_r005_s70.A07 fileNameGt=../../cp2016-max-common-connected-subgraph-paper/datasets/graphsdb/mcs30/rand/r005/mcs30_r005_s70.B07
Reading graphs...
70 :  236
70 :  233
Initializing...
maxdom : 8
D->valSize : 321
Solving...
Blb : 2 (clique : 21)
currentSize : 21 <-- 0.002502 s
currentSize : 22 <-- 0.002742 s
currentSize : 23 <-- 0.002822 s
currentSize : 24 <-- 0.003391 s
currentSize : 25 <-- 0.274423 s
currentSize : 26 <-- 1.093398 s
currentSize : 27 <-- 199.083344 s

TIMEOUT
maxsize : 27
nodes : 217011322.000000
filtered : 1630550215.000000
time : 1000.000000
