Parameters: GAD=1 vflib=1 dir=0 label=0 vlabel=1 lowerbound=1 fileNameGp=../../cp2016-max-common-connected-subgraph-paper/datasets/graphsdb/mcs30/bvg/b09m/mcs30_b09m_s90.A02 fileNameGt=../../cp2016-max-common-connected-subgraph-paper/datasets/graphsdb/mcs30/bvg/b09m/mcs30_b09m_s90.B02
Reading graphs...
90 :  391
90 :  392
Initializing...
maxdom : 9
D->valSize : 510
Solving...
Blb : 2 (clique : 22)
currentSize : 22 <-- 0.008644 s
currentSize : 23 <-- 0.009519 s
currentSize : 24 <-- 0.010053 s
currentSize : 25 <-- 0.018397 s
currentSize : 26 <-- 0.102603 s
currentSize : 27 <-- 0.206526 s
currentSize : 28 <-- 391.941772 s
currentSize : 29 <-- 437.105591 s
currentSize : 30 <-- 599.393433 s

TIMEOUT
maxsize : 30
nodes : 182446379.000000
filtered : 1354846655.000000
time : 1000.000061
