Parameters: GAD=1 vflib=1 dir=0 label=0 vlabel=1 lowerbound=1 fileNameGp=../../cp2016-max-common-connected-subgraph-paper/datasets/graphsdb/mcs30/bvg/b06/mcs30_b06_s90.A02 fileNameGt=../../cp2016-max-common-connected-subgraph-paper/datasets/graphsdb/mcs30/bvg/b06/mcs30_b06_s90.B02
Reading graphs...
90 :  268
90 :  268
Initializing...
maxdom : 8
D->valSize : 545
Solving...
Blb : 5 (clique : 27)
currentSize : 27 <-- 0.006153 s
currentSize : 28 <-- 0.006390 s
currentSize : 29 <-- 0.007184 s
currentSize : 30 <-- 0.258707 s
currentSize : 31 <-- 1.486841 s
currentSize : 32 <-- 5.105882 s
currentSize : 33 <-- 716.070740 s
currentSize : 34 <-- 784.837830 s
currentSize : 35 <-- 791.019226 s

TIMEOUT
maxsize : 35
nodes : 195143471.000000
filtered : 1255275223.000000
time : 1000.000061
