Parameters: GAD=1 vflib=1 dir=0 label=0 vlabel=1 lowerbound=1 fileNameGp=../../cp2016-max-common-connected-subgraph-paper/datasets/graphsdb/mcs30/bvg/b09/mcs30_b09_s80.A00 fileNameGt=../../cp2016-max-common-connected-subgraph-paper/datasets/graphsdb/mcs30/bvg/b09/mcs30_b09_s80.B00
Reading graphs...
80 :  353
80 :  356
Initializing...
maxdom : 10
D->valSize : 437
Solving...
Blb : 3 (clique : 21)
currentSize : 21 <-- 0.004104 s
currentSize : 22 <-- 0.032769 s
currentSize : 23 <-- 0.033127 s
currentSize : 24 <-- 11.593684 s
currentSize : 25 <-- 17.921913 s
currentSize : 26 <-- 591.907471 s
currentSize : 27 <-- 625.567139 s

TIMEOUT
maxsize : 27
nodes : 192340697.000000
filtered : 1571540768.000000
time : 1000.000000
