Parameters: GAD=1 vflib=1 dir=0 label=0 vlabel=1 lowerbound=1 fileNameGp=../../cp2016-max-common-connected-subgraph-paper/datasets/graphsdb/mcs30/m3D/m3D/mcs30_m3D_s100.A05 fileNameGt=../../cp2016-max-common-connected-subgraph-paper/datasets/graphsdb/mcs30/m3D/m3D/mcs30_m3D_s100.B05
Reading graphs...
100 :  234
100 :  234
Initializing...
maxdom : 9
D->valSize : 406
Solving...
Blb : 2 (clique : 33)
currentSize : 33 <-- 0.004214 s
currentSize : 34 <-- 0.004531 s
currentSize : 35 <-- 0.916053 s
currentSize : 36 <-- 7.557507 s
currentSize : 37 <-- 345.098328 s
currentSize : 38 <-- 437.036621 s

TIMEOUT
maxsize : 38
nodes : 180545681.000000
filtered : 1178098091.000000
time : 1000.000061
