Parameters: GAD=1 vflib=1 dir=0 label=0 vlabel=1 lowerbound=1 fileNameGp=../../cp2016-max-common-connected-subgraph-paper/datasets/graphsdb/mcs30/rand/r005/mcs30_r005_s80.A09 fileNameGt=../../cp2016-max-common-connected-subgraph-paper/datasets/graphsdb/mcs30/rand/r005/mcs30_r005_s80.B09
Reading graphs...
80 :  307
80 :  307
Initializing...
maxdom : 10
D->valSize : 442
Solving...
Blb : 2 (clique : 23)
currentSize : 23 <-- 0.004246 s
currentSize : 24 <-- 0.004438 s
currentSize : 25 <-- 0.015164 s
currentSize : 26 <-- 0.042387 s
currentSize : 27 <-- 0.045502 s
currentSize : 28 <-- 627.730103 s

TIMEOUT
maxsize : 28
nodes : 201264659.000000
filtered : 1605630131.000000
time : 1000.000000
