Parameters: GAD=1 vflib=1 dir=0 label=0 vlabel=1 lowerbound=1 fileNameGp=../../cp2016-max-common-connected-subgraph-paper/datasets/graphsdb/mcs30/bvg/b03m/mcs30_b03m_s70.A01 fileNameGt=../../cp2016-max-common-connected-subgraph-paper/datasets/graphsdb/mcs30/bvg/b03m/mcs30_b03m_s70.B01
Reading graphs...
70 :  105
70 :  105
Initializing...
maxdom : 10
D->valSize : 297
Solving...
Blb : 2 (clique : 27)
currentSize : 27 <-- 0.002498 s
currentSize : 28 <-- 0.023753 s
currentSize : 29 <-- 0.027700 s
currentSize : 30 <-- 0.054113 s
currentSize : 31 <-- 0.988059 s
currentSize : 32 <-- 2.604296 s
currentSize : 33 <-- 12.107734 s

TIMEOUT
maxsize : 33
nodes : 232169292.000000
filtered : 1465041723.000000
time : 1000.000061
