Parameters: GAD=1 vflib=1 dir=0 label=0 vlabel=1 lowerbound=1 fileNameGp=../../cp2016-max-common-connected-subgraph-paper/datasets/graphsdb/mcs30/bvg/b06m/mcs30_b06m_s50.A04 fileNameGt=../../cp2016-max-common-connected-subgraph-paper/datasets/graphsdb/mcs30/bvg/b06m/mcs30_b06m_s50.B04
Reading graphs...
50 :  145
50 :  146
Initializing...
maxdom : 9
D->valSize : 329
Solving...
Blb : 2 (clique : 18)
currentSize : 18 <-- 0.002436 s
currentSize : 19 <-- 0.020319 s
currentSize : 20 <-- 0.317220 s
currentSize : 21 <-- 0.449016 s
currentSize : 22 <-- 0.455071 s
currentSize : 23 <-- 13.907565 s

maxsize : 23
nodes : 10699720.000000
filtered : 133568642.000000
time : 47.118046
