Parameters: GAD=1 vflib=1 dir=0 label=0 vlabel=1 lowerbound=1 fileNameGp=../../cp2016-max-common-connected-subgraph-paper/datasets/graphsdb/mcs30/m2D/m2D/mcs30_m2D_s100.A03 fileNameGt=../../cp2016-max-common-connected-subgraph-paper/datasets/graphsdb/mcs30/m2D/m2D/mcs30_m2D_s100.B03
Reading graphs...
100 :  180
100 :  180
Initializing...
maxdom : 8
D->valSize : 324
Solving...
Blb : 2 (clique : 34)
currentSize : 34 <-- 0.003275 s
currentSize : 35 <-- 0.003534 s
currentSize : 36 <-- 0.038761 s
currentSize : 37 <-- 1.233143 s
currentSize : 38 <-- 1.233424 s
currentSize : 39 <-- 35.321289 s
currentSize : 40 <-- 316.144104 s
currentSize : 41 <-- 804.808044 s

TIMEOUT
maxsize : 41
nodes : 201690952.000000
filtered : 847836359.000000
time : 1000.000061
