Parameters: GAD=1 vflib=1 dir=0 label=0 vlabel=1 lowerbound=1 fileNameGp=../../cp2016-max-common-connected-subgraph-paper/datasets/graphsdb/mcs30/m4D/m4Dr6/mcs30_m4Dr6_s90.A05 fileNameGt=../../cp2016-max-common-connected-subgraph-paper/datasets/graphsdb/mcs30/m4D/m4Dr6/mcs30_m4Dr6_s90.B05
Reading graphs...
90 :  197
90 :  196
Initializing...
maxdom : 10
D->valSize : 515
Solving...
Blb : 2 (clique : 33)
currentSize : 33 <-- 0.005928 s
currentSize : 34 <-- 0.102348 s
currentSize : 35 <-- 1.009473 s
currentSize : 36 <-- 1.022587 s
currentSize : 37 <-- 475.811768 s
currentSize : 38 <-- 820.533020 s

TIMEOUT
maxsize : 38
nodes : 239885603.000000
filtered : 1336589015.000000
time : 1000.000061
