Parameters: GAD=1 vflib=1 dir=0 label=0 vlabel=1 lowerbound=1 fileNameGp=../../cp2016-max-common-connected-subgraph-paper/datasets/graphsdb/mcs30/bvg/b06m/mcs30_b06m_s80.A03 fileNameGt=../../cp2016-max-common-connected-subgraph-paper/datasets/graphsdb/mcs30/bvg/b06m/mcs30_b06m_s80.B03
Reading graphs...
80 :  237
80 :  234
Initializing...
maxdom : 9
D->valSize : 415
Solving...
Blb : 2 (clique : 24)
currentSize : 24 <-- 0.003904 s
currentSize : 25 <-- 0.004094 s
currentSize : 26 <-- 0.063234 s
currentSize : 27 <-- 0.160193 s
currentSize : 28 <-- 31.348192 s
currentSize : 29 <-- 106.146645 s
currentSize : 30 <-- 624.033081 s
currentSize : 31 <-- 624.040955 s

TIMEOUT
maxsize : 31
nodes : 207636524.000000
filtered : 1426543563.000000
time : 1000.000000
