Parameters: GAD=1 vflib=1 dir=0 label=0 vlabel=1 lowerbound=1 fileNameGp=../../cp2016-max-common-connected-subgraph-paper/datasets/graphsdb/mcs30/m2D/m2Dr2/mcs30_m2Dr2_s70.A08 fileNameGt=../../cp2016-max-common-connected-subgraph-paper/datasets/graphsdb/mcs30/m2D/m2Dr2/mcs30_m2Dr2_s70.B08
Reading graphs...
70 :  134
70 :  135
Initializing...
maxdom : 10
D->valSize : 335
Solving...
Blb : 2 (clique : 28)
currentSize : 28 <-- 0.002883 s
currentSize : 29 <-- 0.003084 s
currentSize : 30 <-- 0.003173 s
currentSize : 31 <-- 0.007935 s
currentSize : 32 <-- 10.673706 s
currentSize : 33 <-- 20.305449 s

TIMEOUT
maxsize : 33
nodes : 208134793.000000
filtered : 1894158537.000000
time : 1000.000000
