Parameters: GAD=1 vflib=1 dir=0 label=0 vlabel=1 lowerbound=1 fileNameGp=../../cp2016-max-common-connected-subgraph-paper/datasets/graphsdb/mcs30/bvg/b06m/mcs30_b06m_s50.A06 fileNameGt=../../cp2016-max-common-connected-subgraph-paper/datasets/graphsdb/mcs30/bvg/b06m/mcs30_b06m_s50.B06
Reading graphs...
50 :  144
50 :  147
Initializing...
maxdom : 10
D->valSize : 344
Solving...
Blb : 5 (clique : 16)
currentSize : 16 <-- 0.002427 s
currentSize : 17 <-- 0.002669 s
currentSize : 18 <-- 0.002751 s
currentSize : 19 <-- 0.004098 s
currentSize : 20 <-- 0.017204 s
currentSize : 21 <-- 0.040021 s
currentSize : 22 <-- 0.158227 s
currentSize : 23 <-- 8.469545 s

maxsize : 23
nodes : 16871878.000000
filtered : 258684688.000000
time : 80.125145
