Parameters: GAD=1 vflib=1 dir=0 label=0 vlabel=1 lowerbound=1 fileNameGp=../../cp2016-max-common-connected-subgraph-paper/datasets/graphsdb/mcs30/rand/r005/mcs30_r005_s100.A08 fileNameGt=../../cp2016-max-common-connected-subgraph-paper/datasets/graphsdb/mcs30/rand/r005/mcs30_r005_s100.B08
Reading graphs...
100 :  482
100 :  482
Initializing...
maxdom : 8
D->valSize : 358
Solving...
Blb : 2 (clique : 24)
currentSize : 24 <-- 0.003521 s
currentSize : 25 <-- 0.003718 s
currentSize : 26 <-- 0.036461 s
currentSize : 27 <-- 0.233461 s
currentSize : 28 <-- 23.526300 s
currentSize : 29 <-- 23.965063 s
currentSize : 30 <-- 26.648741 s

TIMEOUT
maxsize : 30
nodes : 173977332.000000
filtered : 1084256352.000000
time : 1000.000061
