Parameters: GAD=1 vflib=1 dir=0 label=0 vlabel=1 lowerbound=1 fileNameGp=../../cp2016-max-common-connected-subgraph-paper/datasets/graphsdb/mcs30/rand/r01/mcs30_r01_s60.A01 fileNameGt=../../cp2016-max-common-connected-subgraph-paper/datasets/graphsdb/mcs30/rand/r01/mcs30_r01_s60.B01
Reading graphs...
60 :  331
60 :  328
Initializing...
maxdom : 8
D->valSize : 260
Solving...
Blb : 2 (clique : 13)
currentSize : 13 <-- 0.001740 s
currentSize : 14 <-- 0.001826 s
currentSize : 15 <-- 0.001967 s
currentSize : 16 <-- 0.002426 s
currentSize : 17 <-- 0.371209 s
currentSize : 18 <-- 9.442735 s
currentSize : 19 <-- 11.758775 s

maxsize : 19
nodes : 4845080.000000
filtered : 34024924.000000
time : 19.919537
