Parameters: GAD=1 vflib=1 dir=0 label=0 vlabel=1 lowerbound=1 fileNameGp=../../cp2016-max-common-connected-subgraph-paper/datasets/graphsdb/mcs30/m4D/m4Dr4/mcs30_m4Dr4_s60.A08 fileNameGt=../../cp2016-max-common-connected-subgraph-paper/datasets/graphsdb/mcs30/m4D/m4Dr4/mcs30_m4Dr4_s60.B08
Reading graphs...
60 :  124
60 :  124
Initializing...
maxdom : 8
D->valSize : 261
Solving...
Blb : 3 (clique : 22)
currentSize : 22 <-- 0.001793 s
currentSize : 23 <-- 0.008836 s
currentSize : 24 <-- 0.104795 s
currentSize : 25 <-- 0.216325 s
currentSize : 26 <-- 0.520429 s
currentSize : 27 <-- 29.613253 s
currentSize : 28 <-- 29.863974 s

maxsize : 28
nodes : 10385600.000000
filtered : 90668220.000000
time : 47.599464
