Parameters: GAD=1 vflib=1 dir=0 label=0 vlabel=1 lowerbound=1 fileNameGp=../../cp2016-max-common-connected-subgraph-paper/datasets/graphsdb/mcs30/m2D/m2D/mcs30_m2D_s70.A04 fileNameGt=../../cp2016-max-common-connected-subgraph-paper/datasets/graphsdb/mcs30/m2D/m2D/mcs30_m2D_s70.B04
Reading graphs...
70 :  120
70 :  123
Initializing...
maxdom : 7
D->valSize : 321
Solving...
Blb : 5 (clique : 29)
currentSize : 29 <-- 0.002596 s
currentSize : 30 <-- 0.896270 s
currentSize : 31 <-- 6.682622 s
currentSize : 32 <-- 26.728128 s
currentSize : 33 <-- 525.841553 s
currentSize : 34 <-- 536.719849 s
currentSize : 35 <-- 579.183167 s

TIMEOUT
maxsize : 35
nodes : 231882497.000000
filtered : 1392234967.000000
time : 1000.000000
