Parameters: GAD=1 vflib=1 dir=0 label=0 vlabel=1 lowerbound=1 fileNameGp=../../cp2016-max-common-connected-subgraph-paper/datasets/graphsdb/mcs30/rand/r005/mcs30_r005_s70.A09 fileNameGt=../../cp2016-max-common-connected-subgraph-paper/datasets/graphsdb/mcs30/rand/r005/mcs30_r005_s70.B09
Reading graphs...
70 :  234
70 :  237
Initializing...
maxdom : 10
D->valSize : 296
Solving...
Blb : 2 (clique : 20)
currentSize : 20 <-- 0.003580 s
currentSize : 21 <-- 0.104277 s
currentSize : 22 <-- 0.321592 s
currentSize : 23 <-- 1.061636 s
currentSize : 24 <-- 18.841230 s
currentSize : 25 <-- 507.315643 s

TIMEOUT
maxsize : 25
nodes : 213875152.000000
filtered : 1535749905.000000
time : 1000.000061
