Parameters: GAD=1 vflib=1 dir=0 label=0 vlabel=1 lowerbound=1 fileNameGp=../../cp2016-max-common-connected-subgraph-paper/datasets/graphsdb/mcs30/rand/r005/mcs30_r005_s50.A06 fileNameGt=../../cp2016-max-common-connected-subgraph-paper/datasets/graphsdb/mcs30/rand/r005/mcs30_r005_s50.B06
Reading graphs...
50 :  123
50 :  123
Initializing...
maxdom : 10
D->valSize : 321
Solving...
Blb : 2 (clique : 18)
currentSize : 18 <-- 0.002346 s
currentSize : 19 <-- 0.002516 s
currentSize : 20 <-- 0.008368 s
currentSize : 21 <-- 0.061796 s
currentSize : 22 <-- 0.070580 s
currentSize : 23 <-- 10.016011 s
currentSize : 24 <-- 38.866959 s

maxsize : 24
nodes : 25970784.000000
filtered : 280049193.000000
time : 112.792671
