Parameters: GAD=1 vflib=1 dir=0 label=0 vlabel=1 lowerbound=1 fileNameGp=../../cp2016-max-common-connected-subgraph-paper/datasets/graphsdb/mcs30/m2D/m2Dr6/mcs30_m2Dr6_s90.A04 fileNameGt=../../cp2016-max-common-connected-subgraph-paper/datasets/graphsdb/mcs30/m2D/m2Dr6/mcs30_m2Dr6_s90.B04
Reading graphs...
90 :  213
90 :  210
Initializing...
maxdom : 9
D->valSize : 535
Solving...
Blb : 5 (clique : 29)
currentSize : 29 <-- 0.006222 s
currentSize : 30 <-- 0.006742 s
currentSize : 31 <-- 0.008261 s
currentSize : 32 <-- 0.035115 s
currentSize : 33 <-- 0.313200 s
currentSize : 34 <-- 28.842413 s
currentSize : 35 <-- 300.374817 s

TIMEOUT
maxsize : 35
nodes : 213035443.000000
filtered : 1176964730.000000
time : 1000.000061
