Parameters: GAD=1 vflib=1 dir=0 label=0 vlabel=1 lowerbound=1 fileNameGp=../../cp2016-max-common-connected-subgraph-paper/datasets/graphsdb/mcs30/rand/r02/mcs30_r02_s80.A02 fileNameGt=../../cp2016-max-common-connected-subgraph-paper/datasets/graphsdb/mcs30/rand/r02/mcs30_r02_s80.B02
Reading graphs...
80 :  1130
80 :  1138
Initializing...
maxdom : 11
D->valSize : 454
Solving...
Blb : 2 (clique : 10)
currentSize : 10 <-- 0.004226 s
currentSize : 11 <-- 0.004768 s
currentSize : 12 <-- 0.006696 s
currentSize : 13 <-- 0.036294 s
currentSize : 14 <-- 0.036333 s
currentSize : 15 <-- 0.036411 s
currentSize : 16 <-- 0.168080 s
currentSize : 18 <-- 0.693168 s
currentSize : 20 <-- 1.879471 s
currentSize : 24 <-- 6.090895 s

maxsize : 24
nodes : 1883390.000000
filtered : 23138010.000000
time : 11.093611
