Parameters: GAD=1 vflib=1 dir=0 label=0 vlabel=1 lowerbound=1 fileNameGp=../../cp2016-max-common-connected-subgraph-paper/datasets/graphsdb/mcs30/rand/r005/mcs30_r005_s60.A05 fileNameGt=../../cp2016-max-common-connected-subgraph-paper/datasets/graphsdb/mcs30/rand/r005/mcs30_r005_s60.B05
Reading graphs...
60 :  176
60 :  172
Initializing...
maxdom : 6
D->valSize : 214
Solving...
Blb : 2 (clique : 18)
currentSize : 18 <-- 0.001491 s
currentSize : 19 <-- 0.002350 s
currentSize : 20 <-- 0.234039 s
currentSize : 21 <-- 1.500792 s
currentSize : 22 <-- 1.901371 s
currentSize : 23 <-- 11.303069 s

maxsize : 23
nodes : 30109955.000000
filtered : 191650020.000000
time : 120.914825
