Parameters: GAD=1 vflib=1 dir=0 label=0 vlabel=1 lowerbound=1 fileNameGp=../../cp2016-max-common-connected-subgraph-paper/datasets/graphsdb/mcs30/m4D/m4Dr4/mcs30_m4Dr4_s50.A01 fileNameGt=../../cp2016-max-common-connected-subgraph-paper/datasets/graphsdb/mcs30/m4D/m4Dr4/mcs30_m4Dr4_s50.B01
Reading graphs...
50 :  107
50 :  105
Initializing...
maxdom : 9
D->valSize : 342
Solving...
Blb : 2 (clique : 20)
currentSize : 20 <-- 0.002539 s
currentSize : 21 <-- 0.005598 s
currentSize : 22 <-- 0.006180 s
currentSize : 23 <-- 0.039233 s
currentSize : 24 <-- 6.352326 s
currentSize : 25 <-- 89.611374 s
currentSize : 26 <-- 242.822708 s

maxsize : 26
nodes : 63965131.000000
filtered : 719619395.000000
time : 280.626007
