Parameters: GAD=1 vflib=1 dir=0 label=0 vlabel=1 lowerbound=1 fileNameGp=../../cp2016-max-common-connected-subgraph-paper/datasets/graphsdb/mcs30/bvg/b09/mcs30_b09_s80.A03 fileNameGt=../../cp2016-max-common-connected-subgraph-paper/datasets/graphsdb/mcs30/bvg/b09/mcs30_b09_s80.B03
Reading graphs...
80 :  351
80 :  357
Initializing...
maxdom : 9
D->valSize : 412
Solving...
Blb : 2 (clique : 20)
currentSize : 20 <-- 0.003656 s
currentSize : 21 <-- 0.003868 s
currentSize : 22 <-- 0.003910 s
currentSize : 24 <-- 0.068942 s
currentSize : 25 <-- 0.077059 s
currentSize : 26 <-- 1.452323 s

TIMEOUT
maxsize : 26
nodes : 187442459.000000
filtered : 1869710231.000000
time : 1000.000061
