Parameters: GAD=1 vflib=1 dir=0 label=0 vlabel=1 lowerbound=1 fileNameGp=../../cp2016-max-common-connected-subgraph-paper/datasets/graphsdb/mcs30/rand/r02/mcs30_r02_s90.A02 fileNameGt=../../cp2016-max-common-connected-subgraph-paper/datasets/graphsdb/mcs30/rand/r02/mcs30_r02_s90.B02
Reading graphs...
90 :  1435
90 :  1439
Initializing...
maxdom : 11
D->valSize : 543
Solving...
Blb : 2 (clique : 11)
currentSize : 11 <-- 0.005781 s
currentSize : 12 <-- 0.006068 s
currentSize : 13 <-- 0.008000 s
currentSize : 14 <-- 0.932233 s
currentSize : 15 <-- 1.167688 s
currentSize : 16 <-- 1.236682 s
currentSize : 17 <-- 1.242810 s
currentSize : 18 <-- 1.243018 s
currentSize : 19 <-- 1.243115 s
currentSize : 20 <-- 8.213025 s
currentSize : 22 <-- 42.158001 s
currentSize : 23 <-- 64.285233 s
currentSize : 27 <-- 64.285339 s

maxsize : 27
nodes : 12397653.000000
filtered : 128695337.000000
time : 73.222443
