Parameters: GAD=1 vflib=1 dir=0 label=0 vlabel=1 lowerbound=1 fileNameGp=../../cp2016-max-common-connected-subgraph-paper/datasets/graphsdb/mcs30/rand/r02/mcs30_r02_s90.A05 fileNameGt=../../cp2016-max-common-connected-subgraph-paper/datasets/graphsdb/mcs30/rand/r02/mcs30_r02_s90.B05
Reading graphs...
90 :  1424
90 :  1423
Initializing...
maxdom : 12
D->valSize : 543
Solving...
Blb : 2 (clique : 11)
currentSize : 11 <-- 0.006076 s
currentSize : 12 <-- 0.006224 s
currentSize : 13 <-- 0.007011 s
currentSize : 14 <-- 0.187855 s
currentSize : 15 <-- 2.897398 s
currentSize : 16 <-- 2.957199 s
currentSize : 17 <-- 2.957344 s
currentSize : 18 <-- 34.700119 s
currentSize : 19 <-- 34.745716 s
currentSize : 20 <-- 34.745781 s
currentSize : 21 <-- 34.746040 s
currentSize : 23 <-- 68.200829 s
currentSize : 27 <-- 68.201393 s

maxsize : 27
nodes : 14067984.000000
filtered : 134245217.000000
time : 80.666130
