Parameters: GAD=1 vflib=1 dir=0 label=0 vlabel=1 lowerbound=1 fileNameGp=../../cp2016-max-common-connected-subgraph-paper/datasets/graphsdb/mcs30/m2D/m2Dr2/mcs30_m2Dr2_s100.A05 fileNameGt=../../cp2016-max-common-connected-subgraph-paper/datasets/graphsdb/mcs30/m2D/m2Dr2/mcs30_m2Dr2_s100.B05
Reading graphs...
100 :  200
100 :  198
Initializing...
maxdom : 8
D->valSize : 331
Solving...
Blb : 2 (clique : 35)
currentSize : 35 <-- 0.005627 s
currentSize : 36 <-- 0.006113 s
currentSize : 37 <-- 0.006291 s
currentSize : 38 <-- 0.792870 s
currentSize : 39 <-- 7.971849 s
currentSize : 40 <-- 11.215599 s
currentSize : 41 <-- 159.089554 s
currentSize : 42 <-- 672.364441 s
currentSize : 43 <-- 718.690063 s

TIMEOUT
maxsize : 43
nodes : 198700051.000000
filtered : 828429483.000000
time : 1000.000122
