Parameters: GAD=1 vflib=1 dir=0 label=0 vlabel=1 lowerbound=1 fileNameGp=../../cp2016-max-common-connected-subgraph-paper/datasets/graphsdb/mcs30/rand/r01/mcs30_r01_s60.A06 fileNameGt=../../cp2016-max-common-connected-subgraph-paper/datasets/graphsdb/mcs30/rand/r01/mcs30_r01_s60.B06
Reading graphs...
60 :  339
60 :  338
Initializing...
maxdom : 8
D->valSize : 249
Solving...
Blb : 2 (clique : 12)
currentSize : 12 <-- 0.001769 s
currentSize : 13 <-- 0.001861 s
currentSize : 14 <-- 0.001884 s
currentSize : 15 <-- 0.002031 s
currentSize : 16 <-- 0.002948 s
currentSize : 17 <-- 0.194304 s
currentSize : 18 <-- 0.302663 s
currentSize : 19 <-- 0.409771 s

maxsize : 19
nodes : 1374109.000000
filtered : 10599532.000000
time : 5.939895
