Parameters: GAD=1 vflib=1 dir=0 label=0 vlabel=1 lowerbound=1 fileNameGp=../../cp2016-max-common-connected-subgraph-paper/datasets/graphsdb/mcs30/bvg/b09/mcs30_b09_s60.A03 fileNameGt=../../cp2016-max-common-connected-subgraph-paper/datasets/graphsdb/mcs30/bvg/b09/mcs30_b09_s60.B03
Reading graphs...
60 :  263
60 :  261
Initializing...
maxdom : 7
D->valSize : 269
Solving...
Blb : 2 (clique : 14)
currentSize : 14 <-- 0.001888 s
currentSize : 15 <-- 0.003659 s
currentSize : 16 <-- 0.005424 s
currentSize : 17 <-- 0.018626 s
currentSize : 18 <-- 0.030013 s
currentSize : 19 <-- 0.030059 s
currentSize : 20 <-- 0.934629 s
currentSize : 21 <-- 5.519010 s
currentSize : 22 <-- 8.271676 s
currentSize : 23 <-- 10.143974 s

maxsize : 23
nodes : 4253388.000000
filtered : 36657436.000000
time : 19.398212
