Parameters: GAD=1 vflib=1 dir=0 label=0 vlabel=1 lowerbound=1 fileNameGp=../../cp2016-max-common-connected-subgraph-paper/datasets/graphsdb/mcs30/bvg/b06m/mcs30_b06m_s100.A06 fileNameGt=../../cp2016-max-common-connected-subgraph-paper/datasets/graphsdb/mcs30/bvg/b06m/mcs30_b06m_s100.B06
Reading graphs...
100 :  294
100 :  291
Initializing...
maxdom : 7
D->valSize : 337
Solving...
Blb : 2 (clique : 27)
currentSize : 27 <-- 0.003506 s
currentSize : 28 <-- 0.004691 s
currentSize : 29 <-- 0.004827 s
currentSize : 30 <-- 0.437098 s
currentSize : 31 <-- 1.777923 s
currentSize : 32 <-- 54.426052 s
currentSize : 33 <-- 123.557098 s
currentSize : 34 <-- 307.591309 s
currentSize : 35 <-- 347.765900 s

TIMEOUT
maxsize : 35
nodes : 186595184.000000
filtered : 971241878.000000
time : 1000.000061
