Parameters: GAD=1 vflib=1 dir=0 label=0 vlabel=1 lowerbound=1 fileNameGp=../../cp2016-max-common-connected-subgraph-paper/datasets/graphsdb/mcs30/m3D/m3Dr6/mcs30_m3Dr6_s70.A06 fileNameGt=../../cp2016-max-common-connected-subgraph-paper/datasets/graphsdb/mcs30/m3D/m3Dr6/mcs30_m3Dr6_s70.B06
Reading graphs...
70 :  195
70 :  197
Initializing...
maxdom : 8
D->valSize : 324
Solving...
Blb : 2 (clique : 20)
currentSize : 20 <-- 0.002598 s
currentSize : 21 <-- 0.002751 s
currentSize : 22 <-- 0.002856 s
currentSize : 23 <-- 0.003399 s
currentSize : 24 <-- 0.006068 s
currentSize : 25 <-- 0.006122 s
currentSize : 26 <-- 0.013167 s
currentSize : 27 <-- 0.032663 s
currentSize : 28 <-- 1.214953 s
currentSize : 29 <-- 2.345669 s
currentSize : 30 <-- 249.794739 s
currentSize : 31 <-- 249.799744 s
currentSize : 32 <-- 257.578308 s

maxsize : 32
nodes : 122110320.000000
filtered : 924050032.000000
time : 588.506042
