Parameters: GAD=1 vflib=1 dir=0 label=0 vlabel=1 lowerbound=1 fileNameGp=../../cp2016-max-common-connected-subgraph-paper/datasets/graphsdb/mcs30/bvg/b09/mcs30_b09_s60.A04 fileNameGt=../../cp2016-max-common-connected-subgraph-paper/datasets/graphsdb/mcs30/bvg/b09/mcs30_b09_s60.B04
Reading graphs...
60 :  266
60 :  262
Initializing...
maxdom : 5
D->valSize : 241
Solving...
Blb : 2 (clique : 16)
currentSize : 16 <-- 0.001599 s
currentSize : 17 <-- 0.001822 s
currentSize : 18 <-- 0.079284 s
currentSize : 19 <-- 0.093746 s
currentSize : 20 <-- 0.103360 s
currentSize : 21 <-- 9.796866 s
currentSize : 22 <-- 9.813694 s

maxsize : 22
nodes : 4499343.000000
filtered : 25972189.000000
time : 18.373640
