Parameters: GAD=1 vflib=1 dir=0 label=0 vlabel=1 lowerbound=1 fileNameGp=../../cp2016-max-common-connected-subgraph-paper/datasets/graphsdb/mcs30/m3D/m3D/mcs30_m3D_s80.A03 fileNameGt=../../cp2016-max-common-connected-subgraph-paper/datasets/graphsdb/mcs30/m3D/m3D/mcs30_m3D_s80.B03
Reading graphs...
80 :  183
80 :  184
Initializing...
maxdom : 9
D->valSize : 382
Solving...
Blb : 2 (clique : 25)
currentSize : 25 <-- 0.005777 s
currentSize : 26 <-- 0.009378 s
currentSize : 27 <-- 1.315733 s
currentSize : 28 <-- 1.323874 s
currentSize : 29 <-- 3.514657 s
currentSize : 30 <-- 167.314606 s
currentSize : 31 <-- 167.996231 s
currentSize : 32 <-- 412.330017 s

TIMEOUT
maxsize : 32
nodes : 219694516.000000
filtered : 1309474503.000000
time : 1000.000061
