Parameters: GAD=1 vflib=1 dir=0 label=0 vlabel=1 lowerbound=1 fileNameGp=../../cp2016-max-common-connected-subgraph-paper/datasets/graphsdb/mcs30/bvg/b06m/mcs30_b06m_s50.A08 fileNameGt=../../cp2016-max-common-connected-subgraph-paper/datasets/graphsdb/mcs30/bvg/b06m/mcs30_b06m_s50.B08
Reading graphs...
50 :  143
50 :  143
Initializing...
maxdom : 8
D->valSize : 324
Solving...
Blb : 2 (clique : 18)
currentSize : 18 <-- 0.003626 s
currentSize : 19 <-- 0.006970 s
currentSize : 20 <-- 0.021390 s
currentSize : 21 <-- 0.031858 s
currentSize : 22 <-- 0.722999 s
currentSize : 23 <-- 51.624554 s

maxsize : 23
nodes : 25408691.000000
filtered : 284260079.000000
time : 109.261429
