Parameters: GAD=1 vflib=1 dir=0 label=0 vlabel=1 lowerbound=1 fileNameGp=../../cp2016-max-common-connected-subgraph-paper/datasets/graphsdb/mcs30/m4D/m4Dr6/mcs30_m4Dr6_s70.A01 fileNameGt=../../cp2016-max-common-connected-subgraph-paper/datasets/graphsdb/mcs30/m4D/m4Dr6/mcs30_m4Dr6_s70.B01
Reading graphs...
70 :  159
70 :  155
Initializing...
maxdom : 10
D->valSize : 332
Solving...
Blb : 2 (clique : 26)
currentSize : 26 <-- 0.002779 s
currentSize : 27 <-- 0.004518 s
currentSize : 28 <-- 0.004637 s
currentSize : 29 <-- 0.067078 s
currentSize : 30 <-- 2.083606 s
currentSize : 31 <-- 4.809858 s

TIMEOUT
maxsize : 31
nodes : 227560934.000000
filtered : 1544729117.000000
time : 1000.000061
