Parameters: GAD=1 vflib=1 dir=0 label=0 vlabel=1 lowerbound=1 fileNameGp=../../cp2016-max-common-connected-subgraph-paper/datasets/graphsdb/mcs30/rand/r005/mcs30_r005_s70.A08 fileNameGt=../../cp2016-max-common-connected-subgraph-paper/datasets/graphsdb/mcs30/rand/r005/mcs30_r005_s70.B08
Reading graphs...
70 :  234
70 :  234
Initializing...
maxdom : 10
D->valSize : 320
Solving...
Blb : 2 (clique : 21)
currentSize : 21 <-- 0.002521 s
currentSize : 22 <-- 0.141212 s
currentSize : 23 <-- 0.384123 s
currentSize : 24 <-- 0.651228 s
currentSize : 25 <-- 0.697093 s
currentSize : 26 <-- 232.858490 s

TIMEOUT
maxsize : 26
nodes : 212380128.000000
filtered : 1807612491.000000
time : 1000.000000
