Parameters: GAD=1 vflib=1 dir=0 label=0 vlabel=1 lowerbound=1 fileNameGp=../../cp2016-max-common-connected-subgraph-paper/datasets/graphsdb/mcs30/rand/r01/mcs30_r01_s60.A05 fileNameGt=../../cp2016-max-common-connected-subgraph-paper/datasets/graphsdb/mcs30/rand/r01/mcs30_r01_s60.B05
Reading graphs...
60 :  335
60 :  337
Initializing...
maxdom : 7
D->valSize : 231
Solving...
Blb : 2 (clique : 13)
currentSize : 13 <-- 0.001629 s
currentSize : 14 <-- 0.002182 s
currentSize : 15 <-- 0.002689 s
currentSize : 16 <-- 0.008467 s
currentSize : 17 <-- 0.020874 s
currentSize : 18 <-- 1.750198 s
currentSize : 19 <-- 4.582179 s
currentSize : 20 <-- 4.602930 s

maxsize : 20
nodes : 1940820.000000
filtered : 12693088.000000
time : 8.260693
