Parameters: GAD=1 vflib=1 dir=0 label=0 vlabel=1 lowerbound=1 fileNameGp=../../cp2016-max-common-connected-subgraph-paper/datasets/graphsdb/mcs30/m3D/m3Dr6/mcs30_m3Dr6_s40.A02 fileNameGt=../../cp2016-max-common-connected-subgraph-paper/datasets/graphsdb/mcs30/m3D/m3Dr6/mcs30_m3Dr6_s40.B02
Reading graphs...
40 :  107
40 :  107
Initializing...
maxdom : 8
D->valSize : 187
Solving...
Blb : 2 (clique : 11)
currentSize : 11 <-- 0.001552 s
currentSize : 12 <-- 0.001647 s
currentSize : 13 <-- 0.001739 s
currentSize : 14 <-- 0.002598 s
currentSize : 15 <-- 0.005633 s
currentSize : 16 <-- 0.008827 s
currentSize : 17 <-- 0.009342 s
currentSize : 18 <-- 0.334374 s

maxsize : 18
nodes : 105538.000000
filtered : 972862.000000
time : 0.446199
