Parameters: GAD=1 vflib=1 dir=0 label=0 vlabel=1 lowerbound=1 fileNameGp=../../cp2016-max-common-connected-subgraph-paper/datasets/graphsdb/mcs30/m4D/m4Dr6/mcs30_m4Dr6_s90.A03 fileNameGt=../../cp2016-max-common-connected-subgraph-paper/datasets/graphsdb/mcs30/m4D/m4Dr6/mcs30_m4Dr6_s90.B03
Reading graphs...
90 :  194
90 :  197
Initializing...
maxdom : 8
D->valSize : 531
Solving...
Blb : 2 (clique : 33)
currentSize : 33 <-- 0.006218 s
currentSize : 34 <-- 0.013320 s
currentSize : 35 <-- 0.027365 s
currentSize : 36 <-- 0.200325 s
currentSize : 37 <-- 5.071420 s
currentSize : 38 <-- 29.332199 s
currentSize : 39 <-- 282.022400 s

TIMEOUT
maxsize : 39
nodes : 202951308.000000
filtered : 1251018158.000000
time : 1000.000061
