Parameters: GAD=1 vflib=1 dir=0 label=0 vlabel=1 lowerbound=1 fileNameGp=../../cp2016-max-common-connected-subgraph-paper/datasets/graphsdb/mcs30/bvg/b03/mcs30_b03_s60.A01 fileNameGt=../../cp2016-max-common-connected-subgraph-paper/datasets/graphsdb/mcs30/bvg/b03/mcs30_b03_s60.B01
Reading graphs...
60 :  90
60 :  90
Initializing...
maxdom : 8
D->valSize : 240
Solving...
Blb : 2 (clique : 24)
currentSize : 24 <-- 0.001704 s
currentSize : 25 <-- 0.001899 s
currentSize : 26 <-- 0.002085 s
currentSize : 27 <-- 0.131062 s
currentSize : 28 <-- 8.416676 s
currentSize : 29 <-- 24.320820 s

TIMEOUT
maxsize : 29
nodes : 258170837.000000
filtered : 1482409371.000000
time : 1000.000000
