Parameters: GAD=1 vflib=1 dir=0 label=0 vlabel=1 lowerbound=1 fileNameGp=../../cp2016-max-common-connected-subgraph-paper/datasets/graphsdb/mcs30/bvg/b06/mcs30_b06_s100.A07 fileNameGt=../../cp2016-max-common-connected-subgraph-paper/datasets/graphsdb/mcs30/bvg/b06/mcs30_b06_s100.B07
Reading graphs...
100 :  296
100 :  298
Initializing...
maxdom : 7
D->valSize : 352
Solving...
Blb : 2 (clique : 32)
currentSize : 32 <-- 0.003555 s
currentSize : 33 <-- 0.004795 s
currentSize : 34 <-- 0.005073 s
currentSize : 35 <-- 0.005780 s
currentSize : 36 <-- 24.923424 s
currentSize : 37 <-- 45.927612 s

TIMEOUT
maxsize : 37
nodes : 188739357.000000
filtered : 880654615.000000
time : 1000.000061
