Parameters: GAD=1 vflib=1 dir=0 label=0 vlabel=1 lowerbound=1 fileNameGp=../../cp2016-max-common-connected-subgraph-paper/datasets/graphsdb/mcs30/m4D/m4Dr2/mcs30_m4Dr2_s90.A09 fileNameGt=../../cp2016-max-common-connected-subgraph-paper/datasets/graphsdb/mcs30/m4D/m4Dr2/mcs30_m4Dr2_s90.B09
Reading graphs...
90 :  163
90 :  163
Initializing...
maxdom : 9
D->valSize : 486
Solving...
Blb : 2 (clique : 35)
currentSize : 35 <-- 0.005347 s
currentSize : 36 <-- 0.024778 s
currentSize : 37 <-- 0.046411 s
currentSize : 38 <-- 0.942303 s
currentSize : 39 <-- 14.548417 s
currentSize : 40 <-- 286.654541 s

TIMEOUT
maxsize : 40
nodes : 213730901.000000
filtered : 1418725275.000000
time : 1000.000061
