Parameters: GAD=1 vflib=1 dir=0 label=0 vlabel=1 lowerbound=1 fileNameGp=../../cp2016-max-common-connected-subgraph-paper/datasets/graphsdb/mcs30/bvg/b03/mcs30_b03_s100.A03 fileNameGt=../../cp2016-max-common-connected-subgraph-paper/datasets/graphsdb/mcs30/bvg/b03/mcs30_b03_s100.B03
Reading graphs...
100 :  150
100 :  150
Initializing...
maxdom : 9
D->valSize : 340
Solving...
Blb : 2 (clique : 33)
currentSize : 33 <-- 0.005515 s
currentSize : 34 <-- 0.015370 s
currentSize : 35 <-- 0.110469 s
currentSize : 36 <-- 0.142418 s
currentSize : 37 <-- 0.184060 s
currentSize : 38 <-- 0.334969 s
currentSize : 39 <-- 1.911436 s
currentSize : 40 <-- 13.403697 s
currentSize : 41 <-- 13.935166 s
currentSize : 42 <-- 647.101562 s

TIMEOUT
maxsize : 42
nodes : 217349116.000000
filtered : 936620609.000000
time : 1000.000122
