Parameters: GAD=1 vflib=1 dir=0 label=0 vlabel=1 lowerbound=1 fileNameGp=../../cp2016-max-common-connected-subgraph-paper/datasets/graphsdb/mcs30/rand/r02/mcs30_r02_s80.A03 fileNameGt=../../cp2016-max-common-connected-subgraph-paper/datasets/graphsdb/mcs30/rand/r02/mcs30_r02_s80.B03
Reading graphs...
80 :  1130
80 :  1127
Initializing...
maxdom : 10
D->valSize : 405
Solving...
Blb : 5 (clique : 10)
currentSize : 10 <-- 0.003572 s
currentSize : 11 <-- 0.003668 s
currentSize : 12 <-- 0.061567 s
currentSize : 13 <-- 0.468445 s
currentSize : 14 <-- 1.303375 s
currentSize : 15 <-- 1.737178 s
currentSize : 16 <-- 1.862217 s
currentSize : 17 <-- 2.841697 s
currentSize : 18 <-- 2.842108 s
currentSize : 20 <-- 2.861597 s
currentSize : 21 <-- 4.828494 s
currentSize : 24 <-- 6.622727 s

maxsize : 24
nodes : 1793493.000000
filtered : 17518479.000000
time : 9.845650
