Parameters: GAD=1 vflib=1 dir=0 label=0 vlabel=1 lowerbound=1 fileNameGp=../../cp2016-max-common-connected-subgraph-paper/datasets/graphsdb/mcs30/m3D/m3Dr6/mcs30_m3Dr6_s100.A04 fileNameGt=../../cp2016-max-common-connected-subgraph-paper/datasets/graphsdb/mcs30/m3D/m3Dr6/mcs30_m3Dr6_s100.B04
Reading graphs...
100 :  293
100 :  290
Initializing...
maxdom : 7
D->valSize : 324
Solving...
Blb : 3 (clique : 28)
currentSize : 28 <-- 0.003120 s
currentSize : 29 <-- 0.197497 s
currentSize : 30 <-- 3.884297 s
currentSize : 31 <-- 6.773770 s
currentSize : 32 <-- 434.212769 s
currentSize : 33 <-- 785.917786 s

TIMEOUT
maxsize : 33
nodes : 185430321.000000
filtered : 1034953405.000000
time : 1000.000061
