Parameters: GAD=1 vflib=1 dir=0 label=0 vlabel=1 lowerbound=1 fileNameGp=../../cp2016-max-common-connected-subgraph-paper/datasets/graphsdb/mcs30/m2D/m2Dr4/mcs30_m2Dr4_s50.A08 fileNameGt=../../cp2016-max-common-connected-subgraph-paper/datasets/graphsdb/mcs30/m2D/m2Dr4/mcs30_m2Dr4_s50.B08
Reading graphs...
50 :  104
50 :  104
Initializing...
maxdom : 9
D->valSize : 333
Solving...
Blb : 2 (clique : 21)
currentSize : 21 <-- 0.002409 s
currentSize : 22 <-- 0.002997 s
currentSize : 23 <-- 0.013428 s
currentSize : 24 <-- 0.333924 s
currentSize : 25 <-- 9.398110 s
currentSize : 26 <-- 93.726326 s

maxsize : 26
nodes : 31067753.000000
filtered : 331996585.000000
time : 138.732132
