Parameters: GAD=1 vflib=1 dir=0 label=0 vlabel=1 lowerbound=1 fileNameGp=../../cp2016-max-common-connected-subgraph-paper/datasets/graphsdb/mcs30/m4D/m4Dr6/mcs30_m4Dr6_s60.A04 fileNameGt=../../cp2016-max-common-connected-subgraph-paper/datasets/graphsdb/mcs30/m4D/m4Dr6/mcs30_m4Dr6_s60.B04
Reading graphs...
60 :  135
60 :  137
Initializing...
maxdom : 8
D->valSize : 234
Solving...
Blb : 3 (clique : 19)
currentSize : 19 <-- 0.001640 s
currentSize : 20 <-- 0.004169 s
currentSize : 21 <-- 0.021504 s
currentSize : 22 <-- 0.440678 s
currentSize : 23 <-- 0.865951 s
currentSize : 24 <-- 1.045542 s
currentSize : 25 <-- 4.410999 s
currentSize : 26 <-- 21.296080 s

maxsize : 26
nodes : 21096611.000000
filtered : 139096014.000000
time : 84.522209
