Parameters: GAD=1 vflib=1 dir=0 label=0 vlabel=1 lowerbound=1 fileNameGp=../../cp2016-max-common-connected-subgraph-paper/datasets/graphsdb/mcs30/m3D/m3D/mcs30_m3D_s70.A04 fileNameGt=../../cp2016-max-common-connected-subgraph-paper/datasets/graphsdb/mcs30/m3D/m3D/mcs30_m3D_s70.B04
Reading graphs...
70 :  159
70 :  155
Initializing...
maxdom : 9
D->valSize : 316
Solving...
Blb : 2 (clique : 22)
currentSize : 22 <-- 0.002618 s
currentSize : 24 <-- 0.002758 s
currentSize : 25 <-- 0.002974 s
currentSize : 26 <-- 0.020358 s
currentSize : 27 <-- 0.084350 s
currentSize : 28 <-- 0.089857 s
currentSize : 29 <-- 0.534112 s
currentSize : 30 <-- 76.937553 s
currentSize : 31 <-- 441.208710 s
currentSize : 32 <-- 441.487213 s

TIMEOUT
maxsize : 32
nodes : 205149667.000000
filtered : 1736479605.000000
time : 1000.000061
