Parameters: GAD=1 vflib=1 dir=0 label=0 vlabel=1 lowerbound=1 fileNameGp=../../cp2016-max-common-connected-subgraph-paper/datasets/graphsdb/mcs30/rand/r005/mcs30_r005_s50.A00 fileNameGt=../../cp2016-max-common-connected-subgraph-paper/datasets/graphsdb/mcs30/rand/r005/mcs30_r005_s50.B00
Reading graphs...
50 :  125
50 :  124
Initializing...
maxdom : 11
D->valSize : 342
Solving...
Blb : 5 (clique : 18)
currentSize : 18 <-- 0.004033 s
currentSize : 19 <-- 0.005290 s
currentSize : 20 <-- 0.005842 s
currentSize : 21 <-- 0.014621 s
currentSize : 22 <-- 4.138131 s
currentSize : 23 <-- 171.336975 s
currentSize : 24 <-- 227.967743 s

maxsize : 24
nodes : 58337587.000000
filtered : 612821700.000000
time : 242.690521
