Parameters: GAD=1 vflib=1 dir=0 label=0 vlabel=1 lowerbound=1 fileNameGp=../../cp2016-max-common-connected-subgraph-paper/datasets/graphsdb/mcs30/m3D/m3Dr2/mcs30_m3Dr2_s100.A04 fileNameGt=../../cp2016-max-common-connected-subgraph-paper/datasets/graphsdb/mcs30/m3D/m3Dr2/mcs30_m3Dr2_s100.B04
Reading graphs...
100 :  252
100 :  251
Initializing...
maxdom : 10
D->valSize : 371
Solving...
Blb : 2 (clique : 28)
currentSize : 28 <-- 0.003660 s
currentSize : 29 <-- 0.003904 s
currentSize : 30 <-- 0.004043 s
currentSize : 31 <-- 0.004889 s
currentSize : 32 <-- 0.004948 s
currentSize : 33 <-- 0.046531 s
currentSize : 34 <-- 1.233130 s
currentSize : 35 <-- 1.277331 s

TIMEOUT
maxsize : 35
nodes : 193252790.000000
filtered : 977728570.000000
time : 1000.000061
