Parameters: GAD=1 vflib=1 dir=0 label=0 vlabel=1 lowerbound=1 fileNameGp=../../cp2016-max-common-connected-subgraph-paper/datasets/graphsdb/mcs30/m4D/m4Dr6/mcs30_m4Dr6_s80.A00 fileNameGt=../../cp2016-max-common-connected-subgraph-paper/datasets/graphsdb/mcs30/m4D/m4Dr6/mcs30_m4Dr6_s80.B00
Reading graphs...
80 :  176
80 :  173
Initializing...
maxdom : 8
D->valSize : 424
Solving...
Blb : 2 (clique : 28)
currentSize : 28 <-- 0.004111 s
currentSize : 29 <-- 0.004305 s
currentSize : 30 <-- 0.004429 s
currentSize : 31 <-- 0.022682 s
currentSize : 32 <-- 0.152064 s
currentSize : 33 <-- 0.220390 s
currentSize : 34 <-- 890.264832 s

TIMEOUT
maxsize : 34
nodes : 234785932.000000
filtered : 1353123226.000000
time : 1000.000061
