Parameters: GAD=1 vflib=1 dir=0 label=0 vlabel=1 lowerbound=1 fileNameGp=../../cp2016-max-common-connected-subgraph-paper/datasets/graphsdb/mcs30/rand/r005/mcs30_r005_s100.A04 fileNameGt=../../cp2016-max-common-connected-subgraph-paper/datasets/graphsdb/mcs30/rand/r005/mcs30_r005_s100.B04
Reading graphs...
100 :  479
100 :  484
Initializing...
maxdom : 6
D->valSize : 368
Solving...
Blb : 2 (clique : 20)
currentSize : 20 <-- 0.003523 s
currentSize : 21 <-- 0.003992 s
currentSize : 22 <-- 0.008630 s
currentSize : 23 <-- 0.144673 s
currentSize : 24 <-- 1.879656 s
currentSize : 25 <-- 1.982771 s
currentSize : 26 <-- 2.312505 s
currentSize : 27 <-- 5.418556 s
currentSize : 28 <-- 5.431809 s
currentSize : 29 <-- 6.254118 s
currentSize : 30 <-- 63.167095 s
currentSize : 31 <-- 70.511826 s

TIMEOUT
maxsize : 31
nodes : 172296690.000000
filtered : 1133584328.000000
time : 1000.000061
