Parameters: GAD=1 vflib=1 dir=0 label=0 vlabel=1 lowerbound=1 fileNameGp=../../cp2016-max-common-connected-subgraph-paper/datasets/graphsdb/mcs30/bvg/b09/mcs30_b09_s100.A00 fileNameGt=../../cp2016-max-common-connected-subgraph-paper/datasets/graphsdb/mcs30/bvg/b09/mcs30_b09_s100.B00
Reading graphs...
100 :  445
100 :  445
Initializing...
maxdom : 7
D->valSize : 333
Solving...
Blb : 2 (clique : 24)
currentSize : 24 <-- 0.003197 s
currentSize : 25 <-- 0.264222 s
currentSize : 26 <-- 0.303872 s
currentSize : 27 <-- 0.460973 s
currentSize : 28 <-- 18.049129 s
currentSize : 29 <-- 18.049356 s
currentSize : 30 <-- 282.035400 s
currentSize : 31 <-- 294.558777 s
currentSize : 32 <-- 394.069244 s
currentSize : 33 <-- 689.185974 s
currentSize : 34 <-- 698.162781 s

TIMEOUT
maxsize : 34
nodes : 182006034.000000
filtered : 1311762719.000000
time : 1000.000061
