Parameters: GAD=1 vflib=1 dir=0 label=0 vlabel=1 lowerbound=1 fileNameGp=../../cp2016-max-common-connected-subgraph-paper/datasets/graphsdb/mcs30/bvg/b09m/mcs30_b09m_s80.A09 fileNameGt=../../cp2016-max-common-connected-subgraph-paper/datasets/graphsdb/mcs30/bvg/b09m/mcs30_b09m_s80.B09
Reading graphs...
80 :  356
80 :  354
Initializing...
maxdom : 11
D->valSize : 424
Solving...
Blb : 3 (clique : 21)
currentSize : 21 <-- 0.003992 s
currentSize : 22 <-- 0.021566 s
currentSize : 23 <-- 0.952012 s
currentSize : 24 <-- 4.332734 s
currentSize : 25 <-- 7.673184 s
currentSize : 26 <-- 210.059006 s
currentSize : 27 <-- 361.730652 s
currentSize : 28 <-- 387.998627 s
currentSize : 29 <-- 435.192535 s

TIMEOUT
maxsize : 29
nodes : 180590418.000000
filtered : 1834647130.000000
time : 1000.000061
