Parameters: GAD=1 vflib=1 dir=0 label=0 vlabel=1 lowerbound=1 fileNameGp=../../cp2016-max-common-connected-subgraph-paper/datasets/graphsdb/mcs30/m2D/m2Dr6/mcs30_m2Dr6_s50.A03 fileNameGt=../../cp2016-max-common-connected-subgraph-paper/datasets/graphsdb/mcs30/m2D/m2Dr6/mcs30_m2Dr6_s50.B03
Reading graphs...
50 :  112
50 :  112
Initializing...
maxdom : 14
D->valSize : 338
Solving...
Blb : 2 (clique : 19)
currentSize : 19 <-- 0.002414 s
currentSize : 20 <-- 0.002524 s
currentSize : 21 <-- 0.081399 s
currentSize : 22 <-- 1.587927 s
currentSize : 23 <-- 2.345835 s
currentSize : 24 <-- 96.531769 s

maxsize : 24
nodes : 24491829.000000
filtered : 316910114.000000
time : 111.565384
