Parameters: GAD=1 vflib=1 dir=0 label=0 vlabel=1 lowerbound=1 fileNameGp=../../cp2016-max-common-connected-subgraph-paper/datasets/graphsdb/mcs30/bvg/b03/mcs30_b03_s50.A08 fileNameGt=../../cp2016-max-common-connected-subgraph-paper/datasets/graphsdb/mcs30/bvg/b03/mcs30_b03_s50.B08
Reading graphs...
50 :  75
50 :  75
Initializing...
maxdom : 10
D->valSize : 347
Solving...
Blb : 2 (clique : 21)
currentSize : 21 <-- 0.004127 s
currentSize : 23 <-- 0.009288 s
currentSize : 24 <-- 0.039678 s
currentSize : 25 <-- 0.189404 s
currentSize : 26 <-- 0.194473 s
currentSize : 27 <-- 4.666622 s
currentSize : 28 <-- 89.031006 s

maxsize : 28
nodes : 47367079.000000
filtered : 572561956.000000
time : 205.097610
