Parameters: GAD=1 vflib=1 dir=0 label=0 vlabel=1 lowerbound=1 fileNameGp=../../cp2016-max-common-connected-subgraph-paper/datasets/graphsdb/mcs30/bvg/b06m/mcs30_b06m_s60.A02 fileNameGt=../../cp2016-max-common-connected-subgraph-paper/datasets/graphsdb/mcs30/bvg/b06m/mcs30_b06m_s60.B02
Reading graphs...
60 :  178
60 :  176
Initializing...
maxdom : 6
D->valSize : 228
Solving...
Blb : 2 (clique : 18)
currentSize : 18 <-- 0.001520 s
currentSize : 19 <-- 0.001653 s
currentSize : 20 <-- 0.016569 s
currentSize : 21 <-- 0.070335 s
currentSize : 22 <-- 0.071139 s
currentSize : 23 <-- 0.247414 s
currentSize : 24 <-- 25.707296 s

maxsize : 24
nodes : 12362246.000000
filtered : 89820489.000000
time : 54.233089
