Parameters: GAD=1 vflib=1 dir=0 label=0 vlabel=1 lowerbound=1 fileNameGp=../../cp2016-max-common-connected-subgraph-paper/datasets/graphsdb/mcs30/bvg/b06/mcs30_b06_s50.A02 fileNameGt=../../cp2016-max-common-connected-subgraph-paper/datasets/graphsdb/mcs30/bvg/b06/mcs30_b06_s50.B02
Reading graphs...
50 :  148
50 :  150
Initializing...
maxdom : 10
D->valSize : 332
Solving...
Blb : 2 (clique : 16)
currentSize : 16 <-- 0.003746 s
currentSize : 17 <-- 0.003937 s
currentSize : 18 <-- 0.067162 s
currentSize : 19 <-- 0.097170 s
currentSize : 20 <-- 0.540986 s
currentSize : 21 <-- 2.862447 s
currentSize : 22 <-- 3.425508 s
currentSize : 23 <-- 270.865967 s

maxsize : 23
nodes : 73141406.000000
filtered : 820211078.000000
time : 324.053528
