Parameters: GAD=1 vflib=1 dir=0 label=0 vlabel=1 lowerbound=1 fileNameGp=../../cp2016-max-common-connected-subgraph-paper/datasets/graphsdb/mcs30/rand/r01/mcs30_r01_s60.A04 fileNameGt=../../cp2016-max-common-connected-subgraph-paper/datasets/graphsdb/mcs30/rand/r01/mcs30_r01_s60.B04
Reading graphs...
60 :  338
60 :  341
Initializing...
maxdom : 6
D->valSize : 236
Solving...
Blb : 2 (clique : 13)
currentSize : 13 <-- 0.001603 s
currentSize : 15 <-- 0.001798 s
currentSize : 16 <-- 0.039192 s
currentSize : 17 <-- 0.398997 s
currentSize : 18 <-- 2.129920 s
currentSize : 19 <-- 2.303752 s
currentSize : 20 <-- 3.306135 s

maxsize : 20
nodes : 1456470.000000
filtered : 10008970.000000
time : 6.241511
