Parameters: GAD=1 vflib=1 dir=0 label=0 vlabel=1 lowerbound=1 fileNameGp=../../cp2016-max-common-connected-subgraph-paper/datasets/graphsdb/mcs30/m2D/m2Dr6/mcs30_m2Dr6_s70.A02 fileNameGt=../../cp2016-max-common-connected-subgraph-paper/datasets/graphsdb/mcs30/m2D/m2Dr6/mcs30_m2Dr6_s70.B02
Reading graphs...
70 :  160
70 :  160
Initializing...
maxdom : 10
D->valSize : 327
Solving...
Blb : 2 (clique : 23)
currentSize : 23 <-- 0.002646 s
currentSize : 24 <-- 0.002826 s
currentSize : 25 <-- 0.002917 s
currentSize : 26 <-- 0.004645 s
currentSize : 27 <-- 0.018574 s
currentSize : 28 <-- 0.030583 s
currentSize : 29 <-- 0.188797 s
currentSize : 30 <-- 202.166763 s
currentSize : 31 <-- 275.267517 s
currentSize : 32 <-- 896.940796 s
currentSize : 33 <-- 926.282288 s

TIMEOUT
maxsize : 33
nodes : 225025781.000000
filtered : 1373236374.000000
time : 1000.000000
