Parameters: GAD=1 vflib=1 dir=0 label=0 vlabel=1 lowerbound=1 fileNameGp=../../cp2016-max-common-connected-subgraph-paper/datasets/graphsdb/mcs30/m2D/m2Dr2/mcs30_m2Dr2_s60.A07 fileNameGt=../../cp2016-max-common-connected-subgraph-paper/datasets/graphsdb/mcs30/m2D/m2Dr2/mcs30_m2Dr2_s60.B07
Reading graphs...
60 :  115
60 :  115
Initializing...
maxdom : 6
D->valSize : 248
Solving...
Blb : 2 (clique : 22)
currentSize : 22 <-- 0.002684 s
currentSize : 23 <-- 0.103665 s
currentSize : 24 <-- 0.110700 s
currentSize : 25 <-- 2.981828 s
currentSize : 26 <-- 11.561623 s
currentSize : 27 <-- 89.926949 s
currentSize : 28 <-- 295.911499 s

maxsize : 28
nodes : 205823328.000000
filtered : 1389477803.000000
time : 891.999817
