Parameters: GAD=1 vflib=1 dir=0 label=0 vlabel=1 lowerbound=1 fileNameGp=../../cp2016-max-common-connected-subgraph-paper/datasets/graphsdb/mcs30/m2D/m2D/mcs30_m2D_s90.A02 fileNameGt=../../cp2016-max-common-connected-subgraph-paper/datasets/graphsdb/mcs30/m2D/m2D/mcs30_m2D_s90.B02
Reading graphs...
90 :  161
90 :  161
Initializing...
maxdom : 11
D->valSize : 531
Solving...
Blb : 2 (clique : 32)
currentSize : 32 <-- 0.006334 s
currentSize : 33 <-- 0.006669 s
currentSize : 34 <-- 0.043116 s
currentSize : 35 <-- 0.117958 s
currentSize : 36 <-- 0.121770 s
currentSize : 37 <-- 0.339572 s
currentSize : 38 <-- 3.234868 s
currentSize : 39 <-- 492.846893 s

TIMEOUT
maxsize : 39
nodes : 194823919.000000
filtered : 1140663857.000000
time : 1000.000061
