Parameters: GAD=1 vflib=1 dir=0 label=0 vlabel=1 lowerbound=1 fileNameGp=../../cp2016-max-common-connected-subgraph-paper/datasets/graphsdb/mcs30/m2D/m2Dr2/mcs30_m2Dr2_s50.A00 fileNameGt=../../cp2016-max-common-connected-subgraph-paper/datasets/graphsdb/mcs30/m2D/m2Dr2/mcs30_m2Dr2_s50.B00
Reading graphs...
50 :  94
50 :  93
Initializing...
maxdom : 9
D->valSize : 321
Solving...
Blb : 2 (clique : 20)
currentSize : 20 <-- 0.002211 s
currentSize : 21 <-- 0.002322 s
currentSize : 22 <-- 0.002358 s
currentSize : 23 <-- 0.002479 s
currentSize : 24 <-- 2.245564 s
currentSize : 25 <-- 59.470280 s
currentSize : 26 <-- 72.676598 s

maxsize : 26
nodes : 165926347.000000
filtered : 1789939069.000000
time : 714.400757
