Parameters: GAD=1 vflib=1 dir=0 label=0 vlabel=1 lowerbound=1 fileNameGp=../../cp2016-max-common-connected-subgraph-paper/datasets/graphsdb/mcs30/bvg/b06m/mcs30_b06m_s100.A05 fileNameGt=../../cp2016-max-common-connected-subgraph-paper/datasets/graphsdb/mcs30/bvg/b06m/mcs30_b06m_s100.B05
Reading graphs...
100 :  294
100 :  295
Initializing...
maxdom : 9
D->valSize : 360
Solving...
Blb : 2 (clique : 30)
currentSize : 30 <-- 0.005715 s
currentSize : 31 <-- 0.006071 s
currentSize : 32 <-- 0.010394 s
currentSize : 33 <-- 0.048935 s
currentSize : 34 <-- 0.068151 s
currentSize : 35 <-- 0.068281 s
currentSize : 36 <-- 1.537554 s

TIMEOUT
maxsize : 36
nodes : 195351234.000000
filtered : 969431223.000000
time : 1000.000061
