Parameters: GAD=1 vflib=1 dir=0 label=0 vlabel=1 lowerbound=1 fileNameGp=../../cp2016-max-common-connected-subgraph-paper/datasets/graphsdb/mcs30/m2D/m2Dr4/mcs30_m2Dr4_s90.A05 fileNameGt=../../cp2016-max-common-connected-subgraph-paper/datasets/graphsdb/mcs30/m2D/m2Dr4/mcs30_m2Dr4_s90.B05
Reading graphs...
90 :  196
90 :  194
Initializing...
maxdom : 10
D->valSize : 520
Solving...
Blb : 2 (clique : 29)
currentSize : 29 <-- 0.009947 s
currentSize : 30 <-- 0.368556 s
currentSize : 31 <-- 0.372787 s
currentSize : 32 <-- 0.394495 s
currentSize : 33 <-- 1.416324 s
currentSize : 34 <-- 3.062047 s
currentSize : 35 <-- 4.039382 s
currentSize : 36 <-- 4.757356 s
currentSize : 37 <-- 6.295501 s

TIMEOUT
maxsize : 37
nodes : 209593223.000000
filtered : 1403575173.000000
time : 1000.000061
