Parameters: GAD=1 vflib=1 dir=0 label=0 vlabel=1 lowerbound=1 fileNameGp=../../cp2016-max-common-connected-subgraph-paper/datasets/graphsdb/mcs30/m2D/m2Dr6/mcs30_m2Dr6_s70.A09 fileNameGt=../../cp2016-max-common-connected-subgraph-paper/datasets/graphsdb/mcs30/m2D/m2Dr6/mcs30_m2Dr6_s70.B09
Reading graphs...
70 :  161
70 :  161
Initializing...
maxdom : 8
D->valSize : 355
Solving...
Blb : 2 (clique : 24)
currentSize : 24 <-- 0.004840 s
currentSize : 25 <-- 0.068004 s
currentSize : 26 <-- 1.012502 s
currentSize : 27 <-- 1.266678 s
currentSize : 28 <-- 3.835195 s
currentSize : 29 <-- 102.888466 s
currentSize : 30 <-- 160.340500 s

TIMEOUT
maxsize : 30
nodes : 214871748.000000
filtered : 1511541685.000000
time : 1000.000061
