Parameters: GAD=1 vflib=1 dir=0 label=0 vlabel=1 lowerbound=1 fileNameGp=../../cp2016-max-common-connected-subgraph-paper/datasets/graphsdb/mcs30/bvg/b03/mcs30_b03_s80.A09 fileNameGt=../../cp2016-max-common-connected-subgraph-paper/datasets/graphsdb/mcs30/bvg/b03/mcs30_b03_s80.B09
Reading graphs...
80 :  120
80 :  120
Initializing...
maxdom : 10
D->valSize : 416
Solving...
Blb : 2 (clique : 32)
currentSize : 32 <-- 0.004057 s
currentSize : 33 <-- 0.393043 s
currentSize : 34 <-- 0.419531 s
currentSize : 35 <-- 10.576428 s
currentSize : 36 <-- 12.873281 s
currentSize : 37 <-- 57.704994 s
currentSize : 38 <-- 69.465981 s

TIMEOUT
maxsize : 38
nodes : 226705813.000000
filtered : 1531798125.000000
time : 1000.000061
