Parameters: GAD=1 vflib=1 dir=0 label=0 vlabel=1 lowerbound=1 fileNameGp=../../cp2016-max-common-connected-subgraph-paper/datasets/graphsdb/mcs30/m3D/m3Dr2/mcs30_m3Dr2_s80.A02 fileNameGt=../../cp2016-max-common-connected-subgraph-paper/datasets/graphsdb/mcs30/m3D/m3Dr2/mcs30_m3Dr2_s80.B02
Reading graphs...
80 :  198
80 :  196
Initializing...
maxdom : 9
D->valSize : 417
Solving...
Blb : 2 (clique : 29)
currentSize : 29 <-- 0.003956 s
currentSize : 30 <-- 0.239429 s
currentSize : 31 <-- 12.768308 s
currentSize : 32 <-- 21.849791 s
currentSize : 33 <-- 46.011562 s
currentSize : 34 <-- 415.243683 s

TIMEOUT
maxsize : 34
nodes : 199372281.000000
filtered : 1603942323.000000
time : 1000.000061
