Parameters: GAD=1 vflib=1 dir=0 label=0 vlabel=1 lowerbound=1 fileNameGp=../../cp2016-max-common-connected-subgraph-paper/datasets/graphsdb/mcs30/bvg/b09/mcs30_b09_s70.A00 fileNameGt=../../cp2016-max-common-connected-subgraph-paper/datasets/graphsdb/mcs30/bvg/b09/mcs30_b09_s70.B00
Reading graphs...
70 :  310
70 :  306
Initializing...
maxdom : 8
D->valSize : 338
Solving...
Blb : 2 (clique : 17)
currentSize : 17 <-- 0.002739 s
currentSize : 18 <-- 0.004871 s
currentSize : 19 <-- 0.072610 s
currentSize : 20 <-- 1.447322 s
currentSize : 21 <-- 5.480439 s
currentSize : 22 <-- 138.205856 s
currentSize : 23 <-- 138.206192 s
currentSize : 24 <-- 185.115189 s
currentSize : 25 <-- 228.677689 s
currentSize : 26 <-- 228.693344 s

maxsize : 26
nodes : 71208436.000000
filtered : 604431687.000000
time : 342.026611
