Parameters: GAD=1 vflib=1 dir=0 label=0 vlabel=1 lowerbound=1 fileNameGp=../../cp2016-max-common-connected-subgraph-paper/datasets/graphsdb/mcs30/m2D/m2Dr4/mcs30_m2Dr4_s80.A06 fileNameGt=../../cp2016-max-common-connected-subgraph-paper/datasets/graphsdb/mcs30/m2D/m2Dr4/mcs30_m2Dr4_s80.B06
Reading graphs...
80 :  171
80 :  172
Initializing...
maxdom : 9
D->valSize : 409
Solving...
Blb : 2 (clique : 29)
currentSize : 29 <-- 0.003819 s
currentSize : 30 <-- 0.004950 s
currentSize : 31 <-- 0.084450 s
currentSize : 32 <-- 0.104206 s
currentSize : 33 <-- 0.124118 s
currentSize : 34 <-- 0.452613 s
currentSize : 35 <-- 2.931657 s
currentSize : 36 <-- 71.173576 s
currentSize : 37 <-- 280.584503 s
currentSize : 38 <-- 464.506897 s

TIMEOUT
maxsize : 38
nodes : 210117426.000000
filtered : 1296854296.000000
time : 1000.000061
