Parameters: GAD=1 vflib=1 dir=0 label=0 vlabel=1 lowerbound=1 fileNameGp=../../cp2016-max-common-connected-subgraph-paper/datasets/graphsdb/mcs30/m2D/m2Dr6/mcs30_m2Dr6_s70.A00 fileNameGt=../../cp2016-max-common-connected-subgraph-paper/datasets/graphsdb/mcs30/m2D/m2Dr6/mcs30_m2Dr6_s70.B00
Reading graphs...
70 :  163
70 :  160
Initializing...
maxdom : 9
D->valSize : 328
Solving...
Blb : 2 (clique : 24)
currentSize : 24 <-- 0.002842 s
currentSize : 25 <-- 0.004962 s
currentSize : 26 <-- 0.005583 s
currentSize : 27 <-- 0.285851 s
currentSize : 28 <-- 6.597245 s
currentSize : 29 <-- 37.337631 s
currentSize : 30 <-- 86.196350 s
currentSize : 31 <-- 264.415405 s
currentSize : 32 <-- 789.785522 s

TIMEOUT
maxsize : 32
nodes : 211525909.000000
filtered : 1637233431.000000
time : 1000.000061
