Parameters: GAD=1 vflib=1 dir=0 label=0 vlabel=1 lowerbound=1 fileNameGp=../../cp2016-max-common-connected-subgraph-paper/datasets/graphsdb/mcs30/m3D/m3D/mcs30_m3D_s80.A06 fileNameGt=../../cp2016-max-common-connected-subgraph-paper/datasets/graphsdb/mcs30/m3D/m3D/mcs30_m3D_s80.B06
Reading graphs...
80 :  180
80 :  183
Initializing...
maxdom : 9
D->valSize : 466
Solving...
Blb : 2 (clique : 28)
currentSize : 28 <-- 0.008051 s
currentSize : 29 <-- 0.008473 s
currentSize : 30 <-- 0.014066 s
currentSize : 31 <-- 0.014496 s
currentSize : 32 <-- 28.321556 s
currentSize : 33 <-- 283.302277 s
currentSize : 34 <-- 349.843506 s

TIMEOUT
maxsize : 34
nodes : 204806958.000000
filtered : 1476352245.000000
time : 1000.000061
