Parameters: GAD=1 vflib=1 dir=0 label=0 vlabel=1 lowerbound=1 fileNameGp=../../cp2016-max-common-connected-subgraph-paper/datasets/graphsdb/mcs30/m4D/m4Dr6/mcs30_m4Dr6_s70.A05 fileNameGt=../../cp2016-max-common-connected-subgraph-paper/datasets/graphsdb/mcs30/m4D/m4Dr6/mcs30_m4Dr6_s70.B05
Reading graphs...
70 :  159
70 :  158
Initializing...
maxdom : 7
D->valSize : 339
Solving...
Blb : 2 (clique : 23)
currentSize : 23 <-- 0.004358 s
currentSize : 24 <-- 0.008605 s
currentSize : 25 <-- 0.069483 s
currentSize : 26 <-- 2.188647 s
currentSize : 27 <-- 3.026931 s
currentSize : 28 <-- 3.117976 s
currentSize : 29 <-- 23.364876 s
currentSize : 30 <-- 23.378300 s
currentSize : 31 <-- 23.678593 s

TIMEOUT
maxsize : 31
nodes : 201271566.000000
filtered : 1666047738.000000
time : 1000.000061
