Parameters: GAD=1 vflib=1 dir=0 label=0 vlabel=1 lowerbound=1 fileNameGp=../../cp2016-max-common-connected-subgraph-paper/datasets/graphsdb/mcs30/rand/r02/mcs30_r02_s80.A08 fileNameGt=../../cp2016-max-common-connected-subgraph-paper/datasets/graphsdb/mcs30/rand/r02/mcs30_r02_s80.B08
Reading graphs...
80 :  1121
80 :  1121
Initializing...
maxdom : 10
D->valSize : 388
Solving...
Blb : 2 (clique : 9)
currentSize : 9 <-- 0.003400 s
currentSize : 10 <-- 0.003506 s
currentSize : 11 <-- 0.004673 s
currentSize : 13 <-- 0.006145 s
currentSize : 14 <-- 0.414950 s
currentSize : 15 <-- 0.414970 s
currentSize : 17 <-- 0.528114 s
currentSize : 19 <-- 1.800787 s
currentSize : 20 <-- 1.800862 s
currentSize : 24 <-- 6.202720 s

maxsize : 24
nodes : 1644320.000000
filtered : 15586235.000000
time : 8.960550
