Parameters: GAD=1 vflib=1 dir=0 label=0 vlabel=1 lowerbound=1 fileNameGp=../../cp2016-max-common-connected-subgraph-paper/datasets/graphsdb/mcs30/m2D/m2Dr4/mcs30_m2Dr4_s60.A09 fileNameGt=../../cp2016-max-common-connected-subgraph-paper/datasets/graphsdb/mcs30/m2D/m2Dr4/mcs30_m2Dr4_s60.B09
Reading graphs...
60 :  124
60 :  125
Initializing...
maxdom : 8
D->valSize : 232
Solving...
Blb : 2 (clique : 21)
currentSize : 21 <-- 0.002579 s
currentSize : 22 <-- 0.003077 s
currentSize : 23 <-- 0.156537 s
currentSize : 24 <-- 0.354775 s
currentSize : 25 <-- 0.497209 s
currentSize : 26 <-- 0.665460 s
currentSize : 27 <-- 24.511272 s
currentSize : 28 <-- 40.072182 s

maxsize : 28
nodes : 13436795.000000
filtered : 74184232.000000
time : 53.826824
