Parameters: GAD=1 vflib=1 dir=0 label=0 vlabel=1 lowerbound=1 fileNameGp=../../cp2016-max-common-connected-subgraph-paper/datasets/graphsdb/mcs30/rand/r02/mcs30_r02_s90.A08 fileNameGt=../../cp2016-max-common-connected-subgraph-paper/datasets/graphsdb/mcs30/rand/r02/mcs30_r02_s90.B08
Reading graphs...
90 :  1423
90 :  1422
Initializing...
maxdom : 10
D->valSize : 596
Solving...
Blb : 2 (clique : 10)
currentSize : 10 <-- 0.006672 s
currentSize : 11 <-- 0.006833 s
currentSize : 12 <-- 0.016884 s
currentSize : 13 <-- 0.073213 s
currentSize : 14 <-- 0.681774 s
currentSize : 15 <-- 1.422217 s
currentSize : 16 <-- 4.222071 s
currentSize : 17 <-- 4.222171 s
currentSize : 18 <-- 6.271550 s
currentSize : 21 <-- 9.909606 s
currentSize : 22 <-- 16.021280 s
currentSize : 27 <-- 24.477997 s

maxsize : 27
nodes : 10984999.000000
filtered : 143333796.000000
time : 69.721985
