Parameters: GAD=1 vflib=1 dir=0 label=0 vlabel=1 lowerbound=1 fileNameGp=../../cp2016-max-common-connected-subgraph-paper/datasets/graphsdb/mcs30/m2D/m2D/mcs30_m2D_s80.A04 fileNameGt=../../cp2016-max-common-connected-subgraph-paper/datasets/graphsdb/mcs30/m2D/m2D/mcs30_m2D_s80.B04
Reading graphs...
80 :  140
80 :  142
Initializing...
maxdom : 7
D->valSize : 423
Solving...
Blb : 2 (clique : 32)
currentSize : 32 <-- 0.004211 s
currentSize : 33 <-- 0.009240 s
currentSize : 34 <-- 0.015167 s
currentSize : 35 <-- 0.070486 s
currentSize : 36 <-- 2.623355 s
currentSize : 37 <-- 8.023107 s
currentSize : 38 <-- 10.179212 s

TIMEOUT
maxsize : 38
nodes : 205478795.000000
filtered : 1475850230.000000
time : 1000.000061
