Parameters: GAD=1 vflib=1 dir=0 label=0 vlabel=1 lowerbound=1 fileNameGp=../../cp2016-max-common-connected-subgraph-paper/datasets/graphsdb/mcs30/rand/r02/mcs30_r02_s50.A09 fileNameGt=../../cp2016-max-common-connected-subgraph-paper/datasets/graphsdb/mcs30/rand/r02/mcs30_r02_s50.B09
Reading graphs...
50 :  440
50 :  436
Initializing...
maxdom : 11
D->valSize : 339
Solving...
Blb : 2 (clique : 8)
currentSize : 8 <-- 0.002317 s
currentSize : 9 <-- 0.002408 s
currentSize : 10 <-- 0.002445 s
currentSize : 11 <-- 0.003199 s
currentSize : 12 <-- 0.009881 s
currentSize : 13 <-- 1.592338 s
currentSize : 14 <-- 5.817224 s
currentSize : 15 <-- 7.486033 s

maxsize : 15
nodes : 2408587.000000
filtered : 16351385.000000
time : 8.971217
