Parameters: GAD=1 vflib=1 dir=0 label=0 vlabel=1 lowerbound=1 fileNameGp=../../cp2016-max-common-connected-subgraph-paper/datasets/graphsdb/mcs30/m3D/m3Dr6/mcs30_m3Dr6_s70.A00 fileNameGt=../../cp2016-max-common-connected-subgraph-paper/datasets/graphsdb/mcs30/m3D/m3Dr6/mcs30_m3Dr6_s70.B00
Reading graphs...
70 :  199
70 :  200
Initializing...
maxdom : 8
D->valSize : 332
Solving...
Blb : 5 (clique : 22)
currentSize : 22 <-- 0.004358 s
currentSize : 23 <-- 0.025504 s
currentSize : 24 <-- 0.056518 s
currentSize : 25 <-- 1.864214 s
currentSize : 26 <-- 13.795415 s
currentSize : 27 <-- 13.802316 s
currentSize : 28 <-- 25.552792 s
currentSize : 29 <-- 26.565388 s
currentSize : 30 <-- 61.938747 s
currentSize : 31 <-- 73.038589 s

TIMEOUT
maxsize : 31
nodes : 202862168.000000
filtered : 1660554045.000000
time : 1000.000061
