Parameters: GAD=1 vflib=1 dir=0 label=0 vlabel=1 lowerbound=1 fileNameGp=../../cp2016-max-common-connected-subgraph-paper/datasets/graphsdb/mcs30/rand/r005/mcs30_r005_s100.A03 fileNameGt=../../cp2016-max-common-connected-subgraph-paper/datasets/graphsdb/mcs30/rand/r005/mcs30_r005_s100.B03
Reading graphs...
100 :  476
100 :  483
Initializing...
maxdom : 8
D->valSize : 329
Solving...
Blb : 2 (clique : 20)
currentSize : 20 <-- 0.003076 s
currentSize : 21 <-- 0.003280 s
currentSize : 22 <-- 0.003681 s
currentSize : 23 <-- 0.005835 s
currentSize : 24 <-- 0.006119 s
currentSize : 25 <-- 0.124212 s
currentSize : 26 <-- 12.489597 s
currentSize : 27 <-- 21.141068 s
currentSize : 28 <-- 275.806335 s

TIMEOUT
maxsize : 28
nodes : 189257148.000000
filtered : 953015686.000000
time : 1000.000061
