Parameters: GAD=1 vflib=1 dir=0 label=0 vlabel=1 lowerbound=1 fileNameGp=../../cp2016-max-common-connected-subgraph-paper/datasets/graphsdb/mcs30/m3D/m3Dr4/mcs30_m3Dr4_s90.A07 fileNameGt=../../cp2016-max-common-connected-subgraph-paper/datasets/graphsdb/mcs30/m3D/m3Dr4/mcs30_m3Dr4_s90.B07
Reading graphs...
90 :  242
90 :  240
Initializing...
maxdom : 9
D->valSize : 510
Solving...
Blb : 2 (clique : 26)
currentSize : 26 <-- 0.005584 s
currentSize : 27 <-- 0.005812 s
currentSize : 28 <-- 0.005933 s
currentSize : 29 <-- 0.006285 s
currentSize : 30 <-- 0.252794 s
currentSize : 31 <-- 0.370350 s
currentSize : 32 <-- 0.720553 s
currentSize : 33 <-- 4.753124 s
currentSize : 34 <-- 10.096871 s
currentSize : 35 <-- 147.386414 s

TIMEOUT
maxsize : 35
nodes : 187319374.000000
filtered : 1519631199.000000
time : 1000.000061
