Parameters: GAD=1 vflib=1 dir=0 label=0 vlabel=1 lowerbound=1 fileNameGp=../../cp2016-max-common-connected-subgraph-paper/datasets/graphsdb/mcs30/m4D/m4Dr6/mcs30_m4Dr6_s90.A01 fileNameGt=../../cp2016-max-common-connected-subgraph-paper/datasets/graphsdb/mcs30/m4D/m4Dr6/mcs30_m4Dr6_s90.B01
Reading graphs...
90 :  198
90 :  195
Initializing...
maxdom : 13
D->valSize : 541
Solving...
Blb : 2 (clique : 31)
currentSize : 31 <-- 0.009909 s
currentSize : 32 <-- 0.099349 s
currentSize : 33 <-- 2.140111 s
currentSize : 34 <-- 3.330138 s
currentSize : 35 <-- 20.414713 s
currentSize : 36 <-- 29.509821 s

TIMEOUT
maxsize : 36
nodes : 206844870.000000
filtered : 1479119667.000000
time : 1000.000061
