Parameters: GAD=1 vflib=1 dir=0 label=0 vlabel=1 lowerbound=1 fileNameGp=../../cp2016-max-common-connected-subgraph-paper/datasets/graphsdb/mcs30/m3D/m3Dr6/mcs30_m3Dr6_s90.A05 fileNameGt=../../cp2016-max-common-connected-subgraph-paper/datasets/graphsdb/mcs30/m3D/m3Dr6/mcs30_m3Dr6_s90.B05
Reading graphs...
90 :  256
90 :  256
Initializing...
maxdom : 9
D->valSize : 528
Solving...
Blb : 2 (clique : 27)
currentSize : 27 <-- 0.009644 s
currentSize : 28 <-- 0.010896 s
currentSize : 29 <-- 0.010963 s
currentSize : 30 <-- 0.017870 s
currentSize : 31 <-- 0.457355 s
currentSize : 32 <-- 16.668163 s
currentSize : 33 <-- 20.602364 s
currentSize : 34 <-- 106.556633 s

TIMEOUT
maxsize : 34
nodes : 181897581.000000
filtered : 1501432613.000000
time : 1000.000061
