Parameters: GAD=1 vflib=1 dir=0 label=0 vlabel=1 lowerbound=1 fileNameGp=../../cp2016-max-common-connected-subgraph-paper/datasets/graphsdb/mcs30/m2D/m2D/mcs30_m2D_s50.A06 fileNameGt=../../cp2016-max-common-connected-subgraph-paper/datasets/graphsdb/mcs30/m2D/m2D/mcs30_m2D_s50.B06
Reading graphs...
50 :  85
50 :  85
Initializing...
maxdom : 10
D->valSize : 338
Solving...
Blb : 3 (clique : 21)
currentSize : 21 <-- 0.003789 s
currentSize : 22 <-- 0.045589 s
currentSize : 23 <-- 0.078252 s
currentSize : 24 <-- 0.147201 s
currentSize : 25 <-- 0.372387 s
currentSize : 26 <-- 5.877469 s
currentSize : 27 <-- 29.172499 s

maxsize : 27
nodes : 46477293.000000
filtered : 554016847.000000
time : 214.892853
