Parameters: GAD=1 vflib=1 dir=0 label=0 vlabel=1 lowerbound=1 fileNameGp=../../cp2016-max-common-connected-subgraph-paper/datasets/graphsdb/mcs30/m2D/m2Dr2/mcs30_m2Dr2_s80.A07 fileNameGt=../../cp2016-max-common-connected-subgraph-paper/datasets/graphsdb/mcs30/m2D/m2Dr2/mcs30_m2Dr2_s80.B07
Reading graphs...
80 :  158
80 :  158
Initializing...
maxdom : 8
D->valSize : 412
Solving...
Blb : 2 (clique : 29)
currentSize : 29 <-- 0.003953 s
currentSize : 30 <-- 0.171628 s
currentSize : 31 <-- 0.332652 s
currentSize : 32 <-- 1.803775 s
currentSize : 33 <-- 2.270089 s
currentSize : 34 <-- 3.484309 s
currentSize : 35 <-- 105.971504 s
currentSize : 36 <-- 340.641113 s

TIMEOUT
maxsize : 36
nodes : 198485077.000000
filtered : 1664206645.000000
time : 1000.000061
