Parameters: GAD=1 vflib=1 dir=0 label=0 vlabel=1 lowerbound=1 fileNameGp=../../cp2016-max-common-connected-subgraph-paper/datasets/graphsdb/mcs30/m4D/m4Dr4/mcs30_m4Dr4_s80.A01 fileNameGt=../../cp2016-max-common-connected-subgraph-paper/datasets/graphsdb/mcs30/m4D/m4Dr4/mcs30_m4Dr4_s80.B01
Reading graphs...
80 :  159
80 :  159
Initializing...
maxdom : 10
D->valSize : 397
Solving...
Blb : 2 (clique : 31)
currentSize : 31 <-- 0.003683 s
currentSize : 32 <-- 0.051265 s
currentSize : 33 <-- 0.101013 s
currentSize : 34 <-- 0.341355 s
currentSize : 35 <-- 2.413704 s
currentSize : 36 <-- 4.020697 s

TIMEOUT
maxsize : 36
nodes : 195765404.000000
filtered : 1517132456.000000
time : 1000.000061
