Parameters: GAD=1 vflib=1 dir=0 label=0 vlabel=1 lowerbound=1 fileNameGp=../../cp2016-max-common-connected-subgraph-paper/datasets/graphsdb/mcs30/bvg/b09/mcs30_b09_s100.A06 fileNameGt=../../cp2016-max-common-connected-subgraph-paper/datasets/graphsdb/mcs30/bvg/b09/mcs30_b09_s100.B06
Reading graphs...
100 :  444
100 :  447
Initializing...
maxdom : 6
D->valSize : 334
Solving...
Blb : 3 (clique : 23)
currentSize : 23 <-- 0.003335 s
currentSize : 24 <-- 0.003659 s
currentSize : 25 <-- 0.006976 s
currentSize : 26 <-- 1.235661 s
currentSize : 27 <-- 4.608747 s
currentSize : 28 <-- 4.609481 s
currentSize : 29 <-- 6.995782 s
currentSize : 30 <-- 112.228493 s
currentSize : 31 <-- 112.423157 s
currentSize : 32 <-- 113.159477 s

TIMEOUT
maxsize : 32
nodes : 188268713.000000
filtered : 1013642674.000000
time : 1000.000061
