Parameters: GAD=1 vflib=1 dir=0 label=0 vlabel=1 lowerbound=1 fileNameGp=../../cp2016-max-common-connected-subgraph-paper/datasets/graphsdb/mcs30/m2D/m2Dr6/mcs30_m2Dr6_s60.A04 fileNameGt=../../cp2016-max-common-connected-subgraph-paper/datasets/graphsdb/mcs30/m2D/m2Dr6/mcs30_m2Dr6_s60.B04
Reading graphs...
60 :  137
60 :  137
Initializing...
maxdom : 6
D->valSize : 241
Solving...
Blb : 2 (clique : 17)
currentSize : 17 <-- 0.001615 s
currentSize : 18 <-- 0.001841 s
currentSize : 19 <-- 0.137296 s
currentSize : 20 <-- 1.443934 s
currentSize : 21 <-- 1.445188 s
currentSize : 22 <-- 4.284618 s
currentSize : 23 <-- 16.257830 s
currentSize : 24 <-- 16.270975 s
currentSize : 25 <-- 18.127111 s

maxsize : 25
nodes : 15164057.000000
filtered : 101419975.000000
time : 65.011139
