Parameters: GAD=1 vflib=1 dir=0 label=0 vlabel=1 lowerbound=1 fileNameGp=../../cp2016-max-common-connected-subgraph-paper/datasets/graphsdb/mcs30/m2D/m2D/mcs30_m2D_s70.A00 fileNameGt=../../cp2016-max-common-connected-subgraph-paper/datasets/graphsdb/mcs30/m2D/m2D/mcs30_m2D_s70.B00
Reading graphs...
70 :  122
70 :  122
Initializing...
maxdom : 10
D->valSize : 305
Solving...
Blb : 2 (clique : 25)
currentSize : 25 <-- 0.002452 s
currentSize : 26 <-- 0.016856 s
currentSize : 27 <-- 0.055166 s
currentSize : 28 <-- 0.076308 s
currentSize : 29 <-- 1.155831 s
currentSize : 30 <-- 3.520428 s
currentSize : 31 <-- 5.198683 s
currentSize : 32 <-- 22.539860 s
currentSize : 33 <-- 82.004898 s
currentSize : 34 <-- 492.564850 s
currentSize : 35 <-- 496.399353 s

maxsize : 35
nodes : 132861355.000000
filtered : 923146532.000000
time : 643.789673
