Parameters: GAD=1 vflib=1 dir=0 label=0 vlabel=1 lowerbound=1 fileNameGp=../../cp2016-max-common-connected-subgraph-paper/datasets/graphsdb/mcs30/m4D/m4Dr2/mcs30_m4Dr2_s90.A06 fileNameGt=../../cp2016-max-common-connected-subgraph-paper/datasets/graphsdb/mcs30/m4D/m4Dr2/mcs30_m4Dr2_s90.B06
Reading graphs...
90 :  163
90 :  162
Initializing...
maxdom : 11
D->valSize : 540
Solving...
Blb : 2 (clique : 34)
currentSize : 34 <-- 0.006674 s
currentSize : 35 <-- 0.006950 s
currentSize : 36 <-- 0.007275 s
currentSize : 37 <-- 0.020081 s
currentSize : 38 <-- 4.222443 s
currentSize : 39 <-- 10.050628 s

TIMEOUT
maxsize : 39
nodes : 235913337.000000
filtered : 1071386594.000000
time : 1000.000061
