Parameters: GAD=1 vflib=1 dir=0 label=0 vlabel=1 lowerbound=1 fileNameGp=../../cp2016-max-common-connected-subgraph-paper/datasets/graphsdb/mcs30/m2D/m2Dr4/mcs30_m2Dr4_s50.A03 fileNameGt=../../cp2016-max-common-connected-subgraph-paper/datasets/graphsdb/mcs30/m2D/m2Dr4/mcs30_m2Dr4_s50.B03
Reading graphs...
50 :  102
50 :  104
Initializing...
maxdom : 13
D->valSize : 348
Solving...
Blb : 2 (clique : 21)
currentSize : 21 <-- 0.002627 s
currentSize : 22 <-- 0.006348 s
currentSize : 23 <-- 0.009281 s
currentSize : 24 <-- 0.105850 s
currentSize : 25 <-- 1.798358 s
currentSize : 26 <-- 80.267555 s

maxsize : 26
nodes : 37769005.000000
filtered : 458284812.000000
time : 160.900894
