Parameters: GAD=1 vflib=1 dir=0 label=0 vlabel=1 lowerbound=1 fileNameGp=../../cp2016-max-common-connected-subgraph-paper/datasets/graphsdb/mcs30/bvg/b06m/mcs30_b06m_s50.A02 fileNameGt=../../cp2016-max-common-connected-subgraph-paper/datasets/graphsdb/mcs30/bvg/b06m/mcs30_b06m_s50.B02
Reading graphs...
50 :  145
50 :  147
Initializing...
maxdom : 9
D->valSize : 314
Solving...
Blb : 2 (clique : 16)
currentSize : 16 <-- 0.003454 s
currentSize : 17 <-- 0.003613 s
currentSize : 18 <-- 0.008234 s
currentSize : 19 <-- 0.008817 s
currentSize : 20 <-- 0.031342 s
currentSize : 21 <-- 1.466142 s
currentSize : 22 <-- 10.557732 s

maxsize : 22
nodes : 42676907.000000
filtered : 482603002.000000
time : 184.556625
