Parameters: GAD=1 vflib=1 dir=0 label=0 vlabel=1 lowerbound=1 fileNameGp=../../cp2016-max-common-connected-subgraph-paper/datasets/graphsdb/mcs30/m2D/m2Dr6/mcs30_m2Dr6_s60.A01 fileNameGt=../../cp2016-max-common-connected-subgraph-paper/datasets/graphsdb/mcs30/m2D/m2Dr6/mcs30_m2Dr6_s60.B01
Reading graphs...
60 :  140
60 :  140
Initializing...
maxdom : 7
D->valSize : 226
Solving...
Blb : 3 (clique : 21)
currentSize : 21 <-- 0.001556 s
currentSize : 22 <-- 0.014446 s
currentSize : 23 <-- 0.262501 s
currentSize : 24 <-- 1.685661 s
currentSize : 25 <-- 44.219479 s
currentSize : 26 <-- 68.028748 s

maxsize : 26
nodes : 40117366.000000
filtered : 271615643.000000
time : 167.896347
