Parameters: GAD=1 vflib=1 dir=0 label=0 vlabel=1 lowerbound=1 fileNameGp=../../cp2016-max-common-connected-subgraph-paper/datasets/graphsdb/mcs30/m2D/m2Dr2/mcs30_m2Dr2_s60.A00 fileNameGt=../../cp2016-max-common-connected-subgraph-paper/datasets/graphsdb/mcs30/m2D/m2Dr2/mcs30_m2Dr2_s60.B00
Reading graphs...
60 :  114
60 :  114
Initializing...
maxdom : 9
D->valSize : 288
Solving...
Blb : 2 (clique : 21)
currentSize : 21 <-- 0.002036 s
currentSize : 22 <-- 0.002205 s
currentSize : 24 <-- 0.047620 s
currentSize : 25 <-- 0.093418 s
currentSize : 26 <-- 21.133644 s
currentSize : 27 <-- 566.463623 s

TIMEOUT
maxsize : 27
nodes : 232185192.000000
filtered : 1751636126.000000
time : 1000.000000
