Parameters: GAD=1 vflib=1 dir=0 label=0 vlabel=1 lowerbound=1 fileNameGp=../../cp2016-max-common-connected-subgraph-paper/datasets/graphsdb/mcs30/m4D/m4Dr6/mcs30_m4Dr6_s50.A05 fileNameGt=../../cp2016-max-common-connected-subgraph-paper/datasets/graphsdb/mcs30/m4D/m4Dr6/mcs30_m4Dr6_s50.B05
Reading graphs...
50 :  110
50 :  112
Initializing...
maxdom : 8
D->valSize : 317
Solving...
Blb : 2 (clique : 19)
currentSize : 19 <-- 0.002150 s
currentSize : 21 <-- 0.002253 s
currentSize : 22 <-- 0.007956 s
currentSize : 23 <-- 4.120759 s
currentSize : 24 <-- 7.502898 s
currentSize : 25 <-- 140.070679 s

maxsize : 25
nodes : 56114120.000000
filtered : 524686330.000000
time : 226.341049
