Parameters: GAD=1 vflib=1 dir=0 label=0 vlabel=1 lowerbound=1 fileNameGp=../../cp2016-max-common-connected-subgraph-paper/datasets/graphsdb/mcs30/m4D/m4Dr6/mcs30_m4Dr6_s70.A09 fileNameGt=../../cp2016-max-common-connected-subgraph-paper/datasets/graphsdb/mcs30/m4D/m4Dr6/mcs30_m4Dr6_s70.B09
Reading graphs...
70 :  156
70 :  154
Initializing...
maxdom : 9
D->valSize : 339
Solving...
Blb : 2 (clique : 25)
currentSize : 25 <-- 0.002832 s
currentSize : 26 <-- 2.586955 s
currentSize : 27 <-- 11.213161 s
currentSize : 28 <-- 14.465128 s
currentSize : 29 <-- 30.841230 s
currentSize : 30 <-- 34.110722 s
currentSize : 31 <-- 640.874756 s

TIMEOUT
maxsize : 31
nodes : 222524642.000000
filtered : 1689979441.000000
time : 1000.000000
