Parameters: GAD=1 vflib=1 dir=0 label=0 vlabel=1 lowerbound=1 fileNameGp=../../cp2016-max-common-connected-subgraph-paper/datasets/graphsdb/mcs30/m4D/m4D/mcs30_m4D_s70.A06 fileNameGt=../../cp2016-max-common-connected-subgraph-paper/datasets/graphsdb/mcs30/m4D/m4D/mcs30_m4D_s70.B06
Reading graphs...
70 :  118
70 :  118
Initializing...
maxdom : 8
D->valSize : 322
Solving...
Blb : 2 (clique : 28)
currentSize : 28 <-- 0.004520 s
currentSize : 29 <-- 0.004998 s
currentSize : 30 <-- 0.088351 s
currentSize : 31 <-- 0.543302 s
currentSize : 32 <-- 0.570824 s
currentSize : 33 <-- 0.620484 s
currentSize : 34 <-- 4.518722 s
currentSize : 35 <-- 7.158386 s

TIMEOUT
maxsize : 35
nodes : 250038419.000000
filtered : 1482089023.000000
time : 1000.000000
