Parameters: GAD=1 vflib=1 dir=0 label=0 vlabel=1 lowerbound=1 fileNameGp=../../cp2016-max-common-connected-subgraph-paper/datasets/graphsdb/mcs30/bvg/b06/mcs30_b06_s100.A06 fileNameGt=../../cp2016-max-common-connected-subgraph-paper/datasets/graphsdb/mcs30/bvg/b06/mcs30_b06_s100.B06
Reading graphs...
100 :  297
100 :  296
Initializing...
maxdom : 8
D->valSize : 333
Solving...
Blb : 2 (clique : 29)
currentSize : 29 <-- 0.003292 s
currentSize : 30 <-- 0.005258 s
currentSize : 31 <-- 0.017898 s
currentSize : 32 <-- 0.021949 s
currentSize : 33 <-- 0.093254 s
currentSize : 34 <-- 0.877520 s
currentSize : 35 <-- 2.700606 s
currentSize : 36 <-- 4.577455 s
currentSize : 37 <-- 28.155708 s
currentSize : 38 <-- 229.899506 s

TIMEOUT
maxsize : 38
nodes : 193411646.000000
filtered : 878681419.000000
time : 1000.000061
