Parameters: GAD=1 vflib=1 dir=0 label=0 vlabel=1 lowerbound=1 fileNameGp=../../cp2016-max-common-connected-subgraph-paper/datasets/graphsdb/mcs30/m4D/m4Dr2/mcs30_m4Dr2_s60.A02 fileNameGt=../../cp2016-max-common-connected-subgraph-paper/datasets/graphsdb/mcs30/m4D/m4Dr2/mcs30_m4Dr2_s60.B02
Reading graphs...
60 :  112
60 :  112
Initializing...
maxdom : 7
D->valSize : 240
Solving...
Blb : 2 (clique : 20)
currentSize : 20 <-- 0.001742 s
currentSize : 21 <-- 0.001871 s
currentSize : 22 <-- 0.002472 s
currentSize : 23 <-- 0.008349 s
currentSize : 24 <-- 0.013584 s
currentSize : 25 <-- 0.348824 s
currentSize : 26 <-- 7.711123 s
currentSize : 27 <-- 37.989532 s

maxsize : 27
nodes : 37966626.000000
filtered : 241735079.000000
time : 159.596130
