Parameters: GAD=1 vflib=1 dir=0 label=0 vlabel=1 lowerbound=1 fileNameGp=../../cp2016-max-common-connected-subgraph-paper/datasets/graphsdb/mcs30/rand/r005/mcs30_r005_s100.A06 fileNameGt=../../cp2016-max-common-connected-subgraph-paper/datasets/graphsdb/mcs30/rand/r005/mcs30_r005_s100.B06
Reading graphs...
100 :  477
100 :  483
Initializing...
maxdom : 6
D->valSize : 328
Solving...
Blb : 2 (clique : 21)
currentSize : 21 <-- 0.003107 s
currentSize : 22 <-- 0.003276 s
currentSize : 23 <-- 0.015233 s
currentSize : 24 <-- 0.355547 s
currentSize : 25 <-- 0.377082 s
currentSize : 26 <-- 62.186020 s
currentSize : 27 <-- 184.154556 s
currentSize : 28 <-- 188.218201 s
currentSize : 29 <-- 188.239395 s
currentSize : 30 <-- 225.100677 s

TIMEOUT
maxsize : 30
nodes : 182723312.000000
filtered : 1022239905.000000
time : 1000.000061
