Parameters: GAD=1 vflib=1 dir=0 label=0 vlabel=1 lowerbound=1 fileNameGp=../../cp2016-max-common-connected-subgraph-paper/datasets/graphsdb/mcs30/m4D/m4Dr2/mcs30_m4Dr2_s70.A04 fileNameGt=../../cp2016-max-common-connected-subgraph-paper/datasets/graphsdb/mcs30/m4D/m4Dr2/mcs30_m4Dr2_s70.B04
Reading graphs...
70 :  131
70 :  132
Initializing...
maxdom : 8
D->valSize : 313
Solving...
Blb : 2 (clique : 27)
currentSize : 27 <-- 0.002578 s
currentSize : 28 <-- 0.016934 s
currentSize : 29 <-- 0.022575 s
currentSize : 30 <-- 2.112063 s
currentSize : 31 <-- 2.136185 s
currentSize : 32 <-- 651.885864 s

TIMEOUT
maxsize : 32
nodes : 219577291.000000
filtered : 1666948271.000000
time : 1000.000000
