Parameters: GAD=1 vflib=1 dir=0 label=0 vlabel=1 lowerbound=1 fileNameGp=../../cp2016-max-common-connected-subgraph-paper/datasets/graphsdb/mcs30/m2D/m2Dr2/mcs30_m2Dr2_s60.A03 fileNameGt=../../cp2016-max-common-connected-subgraph-paper/datasets/graphsdb/mcs30/m2D/m2Dr2/mcs30_m2Dr2_s60.B03
Reading graphs...
60 :  116
60 :  115
Initializing...
maxdom : 9
D->valSize : 255
Solving...
Blb : 2 (clique : 23)
currentSize : 23 <-- 0.001815 s
currentSize : 24 <-- 0.001962 s
currentSize : 25 <-- 0.005250 s
currentSize : 26 <-- 0.063185 s
currentSize : 27 <-- 9.693614 s

maxsize : 27
nodes : 205540932.000000
filtered : 1397528941.000000
time : 817.501099
