Parameters: GAD=1 vflib=1 dir=0 label=0 vlabel=1 lowerbound=1 fileNameGp=../../cp2016-max-common-connected-subgraph-paper/datasets/graphsdb/mcs30/rand/r02/mcs30_r02_s80.A07 fileNameGt=../../cp2016-max-common-connected-subgraph-paper/datasets/graphsdb/mcs30/rand/r02/mcs30_r02_s80.B07
Reading graphs...
80 :  1128
80 :  1123
Initializing...
maxdom : 13
D->valSize : 396
Solving...
Blb : 2 (clique : 9)
currentSize : 9 <-- 0.003546 s
currentSize : 10 <-- 0.003786 s
currentSize : 11 <-- 0.003847 s
currentSize : 12 <-- 0.026602 s
currentSize : 13 <-- 0.032365 s
currentSize : 14 <-- 0.043567 s
currentSize : 15 <-- 0.666494 s
currentSize : 16 <-- 6.815758 s
currentSize : 17 <-- 6.815820 s
currentSize : 23 <-- 9.138399 s
currentSize : 24 <-- 9.138490 s

maxsize : 24
nodes : 2278388.000000
filtered : 17598543.000000
time : 11.748741
