Parameters: GAD=1 vflib=1 dir=0 label=0 vlabel=1 lowerbound=1 fileNameGp=../../cp2016-max-common-connected-subgraph-paper/datasets/graphsdb/mcs30/m3D/m3Dr6/mcs30_m3Dr6_s70.A03 fileNameGt=../../cp2016-max-common-connected-subgraph-paper/datasets/graphsdb/mcs30/m3D/m3Dr6/mcs30_m3Dr6_s70.B03
Reading graphs...
70 :  198
70 :  197
Initializing...
maxdom : 7
D->valSize : 343
Solving...
Blb : 2 (clique : 23)
currentSize : 23 <-- 0.002795 s
currentSize : 24 <-- 0.002990 s
currentSize : 25 <-- 0.003019 s
currentSize : 26 <-- 0.003077 s
currentSize : 27 <-- 0.051649 s
currentSize : 28 <-- 0.177678 s
currentSize : 29 <-- 0.177767 s
currentSize : 30 <-- 0.762136 s
currentSize : 31 <-- 2.915075 s
currentSize : 32 <-- 4.761331 s
currentSize : 33 <-- 4.761365 s

maxsize : 33
nodes : 53630618.000000
filtered : 447386623.000000
time : 284.525421
