Parameters: GAD=1 vflib=1 dir=0 label=0 vlabel=1 lowerbound=1 fileNameGp=../../cp2016-max-common-connected-subgraph-paper/datasets/graphsdb/mcs30/m4D/m4Dr2/mcs30_m4Dr2_s80.A07 fileNameGt=../../cp2016-max-common-connected-subgraph-paper/datasets/graphsdb/mcs30/m4D/m4Dr2/mcs30_m4Dr2_s80.B07
Reading graphs...
80 :  144
80 :  145
Initializing...
maxdom : 9
D->valSize : 415
Solving...
Blb : 2 (clique : 32)
currentSize : 32 <-- 0.006429 s
currentSize : 33 <-- 0.061124 s
currentSize : 34 <-- 0.968664 s
currentSize : 35 <-- 11.680939 s
currentSize : 36 <-- 18.550735 s
currentSize : 37 <-- 120.511505 s
currentSize : 38 <-- 175.813950 s

TIMEOUT
maxsize : 38
nodes : 212446494.000000
filtered : 1497717424.000000
time : 1000.000061
