Parameters: GAD=1 vflib=1 dir=0 label=0 vlabel=1 lowerbound=1 fileNameGp=../../cp2016-max-common-connected-subgraph-paper/datasets/graphsdb/mcs30/bvg/b06m/mcs30_b06m_s70.A00 fileNameGt=../../cp2016-max-common-connected-subgraph-paper/datasets/graphsdb/mcs30/bvg/b06m/mcs30_b06m_s70.B00
Reading graphs...
70 :  209
70 :  208
Initializing...
maxdom : 7
D->valSize : 311
Solving...
Blb : 5 (clique : 18)
currentSize : 18 <-- 0.002392 s
currentSize : 19 <-- 0.002717 s
currentSize : 20 <-- 0.003633 s
currentSize : 21 <-- 0.004601 s
currentSize : 22 <-- 0.164142 s
currentSize : 23 <-- 1.633617 s
currentSize : 24 <-- 1.753337 s
currentSize : 25 <-- 6.973455 s
currentSize : 26 <-- 11.520402 s
currentSize : 27 <-- 404.707367 s

TIMEOUT
maxsize : 27
nodes : 230430178.000000
filtered : 1382292758.000000
time : 1000.000000
