Parameters: GAD=1 vflib=1 dir=0 label=0 vlabel=1 lowerbound=1 fileNameGp=../../cp2016-max-common-connected-subgraph-paper/datasets/graphsdb/mcs30/bvg/b06/mcs30_b06_s80.A08 fileNameGt=../../cp2016-max-common-connected-subgraph-paper/datasets/graphsdb/mcs30/bvg/b06/mcs30_b06_s80.B08
Reading graphs...
80 :  240
80 :  239
Initializing...
maxdom : 12
D->valSize : 456
Solving...
Blb : 2 (clique : 24)
currentSize : 24 <-- 0.004506 s
currentSize : 25 <-- 0.004680 s
currentSize : 26 <-- 0.005016 s
currentSize : 27 <-- 0.005482 s
currentSize : 28 <-- 0.319301 s
currentSize : 29 <-- 31.145100 s
currentSize : 30 <-- 143.491913 s
currentSize : 31 <-- 151.506058 s

TIMEOUT
maxsize : 31
nodes : 196092846.000000
filtered : 1594824644.000000
time : 1000.000000
