Parameters: GAD=1 vflib=1 dir=0 label=0 vlabel=1 lowerbound=1 fileNameGp=../../cp2016-max-common-connected-subgraph-paper/datasets/graphsdb/mcs30/m4D/m4Dr6/mcs30_m4Dr6_s80.A01 fileNameGt=../../cp2016-max-common-connected-subgraph-paper/datasets/graphsdb/mcs30/m4D/m4Dr6/mcs30_m4Dr6_s80.B01
Reading graphs...
80 :  177
80 :  177
Initializing...
maxdom : 10
D->valSize : 377
Solving...
Blb : 2 (clique : 29)
currentSize : 29 <-- 0.003500 s
currentSize : 30 <-- 0.057461 s
currentSize : 31 <-- 0.079869 s
currentSize : 32 <-- 0.099266 s
currentSize : 33 <-- 149.636978 s
currentSize : 34 <-- 709.179443 s

TIMEOUT
maxsize : 34
nodes : 217905592.000000
filtered : 1255326235.000000
time : 1000.000061
