Parameters: GAD=1 vflib=1 dir=0 label=0 vlabel=1 lowerbound=1 fileNameGp=../../cp2016-max-common-connected-subgraph-paper/datasets/graphsdb/mcs30/m4D/m4Dr4/mcs30_m4Dr4_s60.A04 fileNameGt=../../cp2016-max-common-connected-subgraph-paper/datasets/graphsdb/mcs30/m4D/m4Dr4/mcs30_m4Dr4_s60.B04
Reading graphs...
60 :  124
60 :  124
Initializing...
maxdom : 7
D->valSize : 216
Solving...
Blb : 2 (clique : 23)
currentSize : 23 <-- 0.001500 s
currentSize : 24 <-- 0.003414 s
currentSize : 25 <-- 0.014071 s
currentSize : 26 <-- 1.008854 s
currentSize : 27 <-- 13.273257 s
currentSize : 28 <-- 86.321259 s

maxsize : 28
nodes : 29514100.000000
filtered : 167033948.000000
time : 110.958549
