Parameters: GAD=1 vflib=1 dir=0 label=0 vlabel=1 lowerbound=1 fileNameGp=../../cp2016-max-common-connected-subgraph-paper/datasets/graphsdb/mcs30/m2D/m2D/mcs30_m2D_s50.A01 fileNameGt=../../cp2016-max-common-connected-subgraph-paper/datasets/graphsdb/mcs30/m2D/m2D/mcs30_m2D_s50.B01
Reading graphs...
50 :  84
50 :  85
Initializing...
maxdom : 8
D->valSize : 317
Solving...
Blb : 2 (clique : 19)
currentSize : 19 <-- 0.002184 s
currentSize : 21 <-- 0.002298 s
currentSize : 22 <-- 0.002476 s
currentSize : 23 <-- 0.003812 s
currentSize : 24 <-- 0.007958 s
currentSize : 25 <-- 0.016106 s
currentSize : 26 <-- 4.834834 s
currentSize : 27 <-- 28.911806 s
currentSize : 28 <-- 61.252785 s

maxsize : 28
nodes : 39683382.000000
filtered : 464387356.000000
time : 180.727325
