Parameters: GAD=1 vflib=1 dir=0 label=0 vlabel=1 lowerbound=1 fileNameGp=../../cp2016-max-common-connected-subgraph-paper/datasets/graphsdb/mcs30/rand/r005/mcs30_r005_s50.A07 fileNameGt=../../cp2016-max-common-connected-subgraph-paper/datasets/graphsdb/mcs30/rand/r005/mcs30_r005_s50.B07
Reading graphs...
50 :  123
50 :  125
Initializing...
maxdom : 14
D->valSize : 354
Solving...
Blb : 5 (clique : 16)
currentSize : 16 <-- 0.002509 s
currentSize : 17 <-- 0.002911 s
currentSize : 18 <-- 0.003223 s
currentSize : 19 <-- 0.003379 s
currentSize : 20 <-- 0.007502 s
currentSize : 21 <-- 0.075609 s
currentSize : 22 <-- 7.325960 s
currentSize : 23 <-- 11.262197 s

maxsize : 23
nodes : 102812030.000000
filtered : 1115521367.000000
time : 448.396393
