Parameters: GAD=1 vflib=1 dir=0 label=0 vlabel=1 lowerbound=1 fileNameGp=../../cp2016-max-common-connected-subgraph-paper/datasets/graphsdb/mcs30/m4D/m4Dr6/mcs30_m4Dr6_s90.A08 fileNameGt=../../cp2016-max-common-connected-subgraph-paper/datasets/graphsdb/mcs30/m4D/m4Dr6/mcs30_m4Dr6_s90.B08
Reading graphs...
90 :  200
90 :  196
Initializing...
maxdom : 11
D->valSize : 542
Solving...
Blb : 2 (clique : 30)
currentSize : 30 <-- 0.006246 s
currentSize : 31 <-- 0.035000 s
currentSize : 32 <-- 2.070170 s
currentSize : 33 <-- 2.942140 s
currentSize : 34 <-- 43.844673 s
currentSize : 35 <-- 49.748730 s
currentSize : 36 <-- 82.460258 s

TIMEOUT
maxsize : 36
nodes : 186854564.000000
filtered : 1358145456.000000
time : 1000.000061
