Parameters: GAD=1 vflib=1 dir=0 label=0 vlabel=1 lowerbound=1 fileNameGp=../../cp2016-max-common-connected-subgraph-paper/datasets/graphsdb/mcs30/rand/r005/mcs30_r005_s100.A01 fileNameGt=../../cp2016-max-common-connected-subgraph-paper/datasets/graphsdb/mcs30/rand/r005/mcs30_r005_s100.B01
Reading graphs...
100 :  480
100 :  476
Initializing...
maxdom : 9
D->valSize : 347
Solving...
Blb : 2 (clique : 21)
currentSize : 21 <-- 0.003231 s
currentSize : 22 <-- 0.003678 s
currentSize : 23 <-- 0.094658 s
currentSize : 24 <-- 0.243211 s
currentSize : 25 <-- 0.275695 s
currentSize : 26 <-- 0.721026 s
currentSize : 27 <-- 123.175255 s
currentSize : 28 <-- 161.837036 s
currentSize : 29 <-- 216.229874 s
currentSize : 30 <-- 242.143524 s

TIMEOUT
maxsize : 30
nodes : 178510196.000000
filtered : 1127736791.000000
time : 1000.000061
