Parameters: GAD=1 vflib=1 dir=0 label=0 vlabel=1 lowerbound=1 fileNameGp=../../cp2016-max-common-connected-subgraph-paper/datasets/graphsdb/mcs30/bvg/b09m/mcs30_b09m_s70.A05 fileNameGt=../../cp2016-max-common-connected-subgraph-paper/datasets/graphsdb/mcs30/bvg/b09m/mcs30_b09m_s70.B05
Reading graphs...
70 :  303
70 :  302
Initializing...
maxdom : 8
D->valSize : 326
Solving...
Blb : 2 (clique : 17)
currentSize : 17 <-- 0.002594 s
currentSize : 18 <-- 0.002734 s
currentSize : 19 <-- 0.004040 s
currentSize : 20 <-- 0.067974 s
currentSize : 21 <-- 1.588309 s
currentSize : 22 <-- 16.002455 s
currentSize : 23 <-- 46.245720 s
currentSize : 24 <-- 47.706364 s
currentSize : 25 <-- 48.697224 s
currentSize : 26 <-- 48.773647 s

maxsize : 26
nodes : 40631163.000000
filtered : 342270514.000000
time : 198.024155
