Parameters: GAD=1 vflib=1 dir=0 label=0 vlabel=1 lowerbound=1 fileNameGp=../../cp2016-max-common-connected-subgraph-paper/datasets/graphsdb/mcs30/m3D/m3Dr4/mcs30_m3Dr4_s70.A03 fileNameGt=../../cp2016-max-common-connected-subgraph-paper/datasets/graphsdb/mcs30/m3D/m3Dr4/mcs30_m3Dr4_s70.B03
Reading graphs...
70 :  187
70 :  184
Initializing...
maxdom : 8
D->valSize : 326
Solving...
Blb : 2 (clique : 21)
currentSize : 21 <-- 0.002631 s
currentSize : 22 <-- 0.003055 s
currentSize : 23 <-- 0.013459 s
currentSize : 24 <-- 0.046944 s
currentSize : 25 <-- 1.903146 s
currentSize : 26 <-- 2.297466 s
currentSize : 27 <-- 3.111740 s
currentSize : 28 <-- 74.349915 s
currentSize : 29 <-- 537.429749 s
currentSize : 30 <-- 916.172974 s
currentSize : 31 <-- 917.263550 s
currentSize : 32 <-- 995.863892 s

TIMEOUT
maxsize : 32
nodes : 220702443.000000
filtered : 1514650135.000000
time : 1000.000000
