Parameters: GAD=1 vflib=1 dir=0 label=0 vlabel=1 lowerbound=1 fileNameGp=../../cp2016-max-common-connected-subgraph-paper/datasets/graphsdb/mcs30/m3D/m3Dr2/mcs30_m3Dr2_s90.A06 fileNameGt=../../cp2016-max-common-connected-subgraph-paper/datasets/graphsdb/mcs30/m3D/m3Dr2/mcs30_m3Dr2_s90.B06
Reading graphs...
90 :  224
90 :  226
Initializing...
maxdom : 11
D->valSize : 555
Solving...
Blb : 2 (clique : 27)
currentSize : 27 <-- 0.006572 s
currentSize : 28 <-- 0.006814 s
currentSize : 29 <-- 0.007346 s
currentSize : 30 <-- 0.011336 s
currentSize : 31 <-- 0.017097 s
currentSize : 32 <-- 0.024508 s
currentSize : 33 <-- 1.804158 s
currentSize : 34 <-- 8.262719 s
currentSize : 35 <-- 63.489697 s
currentSize : 36 <-- 344.871613 s

TIMEOUT
maxsize : 36
nodes : 216963862.000000
filtered : 1397854164.000000
time : 1000.000061
