Parameters: GAD=1 vflib=1 dir=0 label=0 vlabel=1 lowerbound=1 fileNameGp=../../cp2016-max-common-connected-subgraph-paper/datasets/graphsdb/mcs30/bvg/b06/mcs30_b06_s70.A04 fileNameGt=../../cp2016-max-common-connected-subgraph-paper/datasets/graphsdb/mcs30/bvg/b06/mcs30_b06_s70.B04
Reading graphs...
70 :  209
70 :  205
Initializing...
maxdom : 8
D->valSize : 356
Solving...
Blb : 2 (clique : 21)
currentSize : 21 <-- 0.002940 s
currentSize : 22 <-- 0.015314 s
currentSize : 23 <-- 0.039591 s
currentSize : 24 <-- 0.429208 s
currentSize : 25 <-- 0.546536 s
currentSize : 26 <-- 75.014557 s
currentSize : 27 <-- 89.155952 s

TIMEOUT
maxsize : 27
nodes : 219365659.000000
filtered : 1658137519.000000
time : 1000.000000
