Parameters: GAD=1 vflib=1 dir=0 label=0 vlabel=1 lowerbound=1 fileNameGp=../../cp2016-max-common-connected-subgraph-paper/datasets/graphsdb/mcs30/rand/r005/mcs30_r005_s70.A00 fileNameGt=../../cp2016-max-common-connected-subgraph-paper/datasets/graphsdb/mcs30/rand/r005/mcs30_r005_s70.B00
Reading graphs...
70 :  234
70 :  234
Initializing...
maxdom : 9
D->valSize : 373
Solving...
Blb : 2 (clique : 20)
currentSize : 20 <-- 0.003231 s
currentSize : 21 <-- 0.003400 s
currentSize : 22 <-- 0.006392 s
currentSize : 23 <-- 0.791661 s
currentSize : 24 <-- 4.408706 s
currentSize : 25 <-- 10.773034 s

TIMEOUT
maxsize : 25
nodes : 204973412.000000
filtered : 1843810758.000000
time : 1000.000061
