Parameters: GAD=1 vflib=1 dir=0 label=0 vlabel=1 lowerbound=1 fileNameGp=../../cp2016-max-common-connected-subgraph-paper/datasets/graphsdb/mcs30/bvg/b09/mcs30_b09_s70.A03 fileNameGt=../../cp2016-max-common-connected-subgraph-paper/datasets/graphsdb/mcs30/bvg/b09/mcs30_b09_s70.B03
Reading graphs...
70 :  305
70 :  313
Initializing...
maxdom : 9
D->valSize : 302
Solving...
Blb : 2 (clique : 15)
currentSize : 15 <-- 0.003525 s
currentSize : 16 <-- 0.003734 s
currentSize : 17 <-- 0.005139 s
currentSize : 18 <-- 0.007031 s
currentSize : 19 <-- 0.054644 s
currentSize : 20 <-- 0.522664 s
currentSize : 21 <-- 6.970218 s
currentSize : 22 <-- 6.979077 s
currentSize : 23 <-- 37.689934 s
currentSize : 24 <-- 100.829094 s

maxsize : 24
nodes : 46574163.000000
filtered : 368520680.000000
time : 223.112762
