Parameters: GAD=1 vflib=1 dir=0 label=0 vlabel=1 lowerbound=1 fileNameGp=../../cp2016-max-common-connected-subgraph-paper/datasets/graphsdb/mcs30/m2D/m2Dr2/mcs30_m2Dr2_s80.A02 fileNameGt=../../cp2016-max-common-connected-subgraph-paper/datasets/graphsdb/mcs30/m2D/m2Dr2/mcs30_m2Dr2_s80.B02
Reading graphs...
80 :  158
80 :  158
Initializing...
maxdom : 9
D->valSize : 401
Solving...
Blb : 2 (clique : 30)
currentSize : 30 <-- 0.003814 s
currentSize : 31 <-- 0.004010 s
currentSize : 32 <-- 0.004098 s
currentSize : 33 <-- 0.015405 s
currentSize : 34 <-- 48.861393 s
currentSize : 35 <-- 117.674660 s

TIMEOUT
maxsize : 35
nodes : 219310892.000000
filtered : 1554132492.000000
time : 1000.000061
