Parameters: GAD=1 vflib=1 dir=0 label=0 vlabel=1 lowerbound=1 fileNameGp=../../cp2016-max-common-connected-subgraph-paper/datasets/graphsdb/mcs30/bvg/b03m/mcs30_b03m_s60.A05 fileNameGt=../../cp2016-max-common-connected-subgraph-paper/datasets/graphsdb/mcs30/bvg/b03m/mcs30_b03m_s60.B05
Reading graphs...
60 :  90
60 :  90
Initializing...
maxdom : 8
D->valSize : 248
Solving...
Blb : 2 (clique : 23)
currentSize : 23 <-- 0.002812 s
currentSize : 24 <-- 0.003013 s
currentSize : 25 <-- 0.003086 s
currentSize : 26 <-- 0.003462 s
currentSize : 27 <-- 0.020657 s
currentSize : 28 <-- 0.917876 s
currentSize : 29 <-- 3.439629 s
currentSize : 30 <-- 127.915459 s

maxsize : 30
nodes : 68309706.000000
filtered : 416091768.000000
time : 277.277069
