Parameters: GAD=1 vflib=1 dir=0 label=0 vlabel=1 lowerbound=1 fileNameGp=../../cp2016-max-common-connected-subgraph-paper/datasets/graphsdb/mcs30/m4D/m4Dr4/mcs30_m4Dr4_s80.A09 fileNameGt=../../cp2016-max-common-connected-subgraph-paper/datasets/graphsdb/mcs30/m4D/m4Dr4/mcs30_m4Dr4_s80.B09
Reading graphs...
80 :  162
80 :  162
Initializing...
maxdom : 10
D->valSize : 410
Solving...
Blb : 2 (clique : 26)
currentSize : 26 <-- 0.003850 s
currentSize : 27 <-- 0.004144 s
currentSize : 29 <-- 0.005191 s
currentSize : 30 <-- 0.020958 s
currentSize : 31 <-- 0.229297 s
currentSize : 32 <-- 2.355819 s
currentSize : 33 <-- 2.357813 s
currentSize : 34 <-- 9.315270 s
currentSize : 35 <-- 179.169937 s

TIMEOUT
maxsize : 35
nodes : 211860885.000000
filtered : 1440737404.000000
time : 1000.000061
