Parameters: GAD=1 vflib=1 dir=0 label=0 vlabel=1 lowerbound=1 fileNameGp=../../cp2016-max-common-connected-subgraph-paper/datasets/graphsdb/mcs30/m2D/m2Dr4/mcs30_m2Dr4_s50.A05 fileNameGt=../../cp2016-max-common-connected-subgraph-paper/datasets/graphsdb/mcs30/m2D/m2Dr4/mcs30_m2Dr4_s50.B05
Reading graphs...
50 :  101
50 :  100
Initializing...
maxdom : 9
D->valSize : 313
Solving...
Blb : 2 (clique : 21)
currentSize : 21 <-- 0.002319 s
currentSize : 22 <-- 0.013082 s
currentSize : 23 <-- 0.116671 s
currentSize : 24 <-- 1.494034 s
currentSize : 25 <-- 1.494095 s
currentSize : 26 <-- 23.427679 s

maxsize : 26
nodes : 40010298.000000
filtered : 408805522.000000
time : 166.986374
