Parameters: GAD=1 vflib=1 dir=0 label=0 vlabel=1 lowerbound=1 fileNameGp=../../cp2016-max-common-connected-subgraph-paper/datasets/graphsdb/mcs30/m2D/m2D/mcs30_m2D_s100.A00 fileNameGt=../../cp2016-max-common-connected-subgraph-paper/datasets/graphsdb/mcs30/m2D/m2D/mcs30_m2D_s100.B00
Reading graphs...
100 :  178
100 :  180
Initializing...
maxdom : 8
D->valSize : 337
Solving...
Blb : 2 (clique : 34)
currentSize : 34 <-- 0.005629 s
currentSize : 35 <-- 0.007012 s
currentSize : 36 <-- 0.009978 s
currentSize : 37 <-- 0.394713 s
currentSize : 38 <-- 22.038704 s
currentSize : 39 <-- 353.063507 s
currentSize : 40 <-- 659.270142 s

TIMEOUT
maxsize : 40
nodes : 216609733.000000
filtered : 778895127.000000
time : 1000.000061
