Parameters: GAD=1 vflib=1 dir=0 label=0 vlabel=1 lowerbound=1 fileNameGp=../../cp2016-max-common-connected-subgraph-paper/datasets/graphsdb/mcs30/bvg/b06/mcs30_b06_s60.A08 fileNameGt=../../cp2016-max-common-connected-subgraph-paper/datasets/graphsdb/mcs30/bvg/b06/mcs30_b06_s60.B08
Reading graphs...
60 :  177
60 :  179
Initializing...
maxdom : 8
D->valSize : 255
Solving...
Blb : 2 (clique : 17)
currentSize : 17 <-- 0.001755 s
currentSize : 18 <-- 0.002136 s
currentSize : 19 <-- 0.002155 s
currentSize : 20 <-- 0.170230 s
currentSize : 21 <-- 0.387731 s
currentSize : 22 <-- 0.652809 s
currentSize : 23 <-- 74.823853 s
currentSize : 24 <-- 76.196030 s

maxsize : 24
nodes : 35120397.000000
filtered : 256533033.000000
time : 144.968506
