Parameters: GAD=1 vflib=1 dir=0 label=0 vlabel=1 lowerbound=1 fileNameGp=../../cp2016-max-common-connected-subgraph-paper/datasets/graphsdb/mcs30/rand/r02/mcs30_r02_s100.A05 fileNameGt=../../cp2016-max-common-connected-subgraph-paper/datasets/graphsdb/mcs30/rand/r02/mcs30_r02_s100.B05
Reading graphs...
100 :  1782
100 :  1774
Initializing...
maxdom : 8
D->valSize : 365
Solving...
Blb : 5 (clique : 10)
currentSize : 10 <-- 0.005270 s
currentSize : 11 <-- 0.005438 s
currentSize : 13 <-- 0.005827 s
currentSize : 16 <-- 0.007463 s
currentSize : 17 <-- 0.083237 s
currentSize : 21 <-- 0.091826 s
currentSize : 22 <-- 0.526349 s
currentSize : 23 <-- 0.735659 s
currentSize : 24 <-- 1.232593 s
currentSize : 30 <-- 2.491419 s

maxsize : 30
nodes : 504005.000000
filtered : 5817179.000000
time : 3.363080
