Parameters: GAD=1 vflib=1 dir=0 label=0 vlabel=1 lowerbound=1 fileNameGp=../../cp2016-max-common-connected-subgraph-paper/datasets/graphsdb/mcs30/m2D/m2Dr4/mcs30_m2Dr4_s80.A08 fileNameGt=../../cp2016-max-common-connected-subgraph-paper/datasets/graphsdb/mcs30/m2D/m2Dr4/mcs30_m2Dr4_s80.B08
Reading graphs...
80 :  171
80 :  172
Initializing...
maxdom : 9
D->valSize : 432
Solving...
Blb : 2 (clique : 27)
currentSize : 27 <-- 0.004268 s
currentSize : 28 <-- 0.348186 s
currentSize : 29 <-- 2.352196 s
currentSize : 30 <-- 5.191930 s
currentSize : 31 <-- 19.003448 s
currentSize : 32 <-- 25.232395 s

TIMEOUT
maxsize : 32
nodes : 228352089.000000
filtered : 1567457431.000000
time : 1000.000061
