Parameters: GAD=1 vflib=1 dir=0 label=0 vlabel=1 lowerbound=1 fileNameGp=../../cp2016-max-common-connected-subgraph-paper/datasets/graphsdb/mcs30/rand/r005/mcs30_r005_s100.A00 fileNameGt=../../cp2016-max-common-connected-subgraph-paper/datasets/graphsdb/mcs30/rand/r005/mcs30_r005_s100.B00
Reading graphs...
100 :  489
100 :  486
Initializing...
maxdom : 8
D->valSize : 335
Solving...
Blb : 2 (clique : 21)
currentSize : 21 <-- 0.003339 s
currentSize : 22 <-- 0.003597 s
currentSize : 23 <-- 0.004053 s
currentSize : 24 <-- 0.016122 s
currentSize : 25 <-- 0.076849 s
currentSize : 26 <-- 0.458446 s
currentSize : 27 <-- 0.465016 s
currentSize : 28 <-- 0.848089 s
currentSize : 29 <-- 2.441457 s
currentSize : 30 <-- 271.118866 s
currentSize : 31 <-- 271.560577 s

TIMEOUT
maxsize : 31
nodes : 177342970.000000
filtered : 1109996710.000000
time : 1000.000061
