Parameters: GAD=1 vflib=1 dir=0 label=0 vlabel=1 lowerbound=1 fileNameGp=../../cp2016-max-common-connected-subgraph-paper/datasets/graphsdb/mcs30/m3D/m3Dr6/mcs30_m3Dr6_s100.A05 fileNameGt=../../cp2016-max-common-connected-subgraph-paper/datasets/graphsdb/mcs30/m3D/m3Dr6/mcs30_m3Dr6_s100.B05
Reading graphs...
100 :  294
100 :  291
Initializing...
maxdom : 7
D->valSize : 308
Solving...
Blb : 2 (clique : 28)
currentSize : 28 <-- 0.004956 s
currentSize : 29 <-- 2.053284 s
currentSize : 30 <-- 4.341684 s
currentSize : 31 <-- 4.663458 s
currentSize : 32 <-- 20.332989 s
currentSize : 33 <-- 419.258759 s

TIMEOUT
maxsize : 33
nodes : 193522543.000000
filtered : 800107756.000000
time : 1000.000061
