Parameters: GAD=1 vflib=1 dir=0 label=0 vlabel=1 lowerbound=1 fileNameGp=../../cp2016-max-common-connected-subgraph-paper/datasets/graphsdb/mcs30/rand/r01/mcs30_r01_s70.A02 fileNameGt=../../cp2016-max-common-connected-subgraph-paper/datasets/graphsdb/mcs30/rand/r01/mcs30_r01_s70.B02
Reading graphs...
70 :  459
70 :  463
Initializing...
maxdom : 6
D->valSize : 334
Solving...
Blb : 2 (clique : 13)
currentSize : 13 <-- 0.002582 s
currentSize : 14 <-- 0.002690 s
currentSize : 15 <-- 0.007145 s
currentSize : 16 <-- 0.015767 s
currentSize : 17 <-- 0.191770 s
currentSize : 18 <-- 4.397312 s
currentSize : 19 <-- 33.174706 s
currentSize : 20 <-- 33.576431 s
currentSize : 21 <-- 61.558979 s

maxsize : 21
nodes : 35150670.000000
filtered : 275523204.000000
time : 166.131790
