Parameters: GAD=1 vflib=1 dir=0 label=0 vlabel=1 lowerbound=1 fileNameGp=../../cp2016-max-common-connected-subgraph-paper/datasets/graphsdb/mcs30/m4D/m4D/mcs30_m4D_s80.A08 fileNameGt=../../cp2016-max-common-connected-subgraph-paper/datasets/graphsdb/mcs30/m4D/m4D/mcs30_m4D_s80.B08
Reading graphs...
80 :  131
80 :  130
Initializing...
maxdom : 10
D->valSize : 426
Solving...
Blb : 5 (clique : 29)
currentSize : 29 <-- 0.004341 s
currentSize : 30 <-- 1.447592 s
currentSize : 31 <-- 1.450960 s
currentSize : 32 <-- 2.016291 s
currentSize : 33 <-- 4.776516 s
currentSize : 34 <-- 8.413573 s
currentSize : 35 <-- 22.784643 s
currentSize : 36 <-- 182.943695 s
currentSize : 37 <-- 199.638901 s

TIMEOUT
maxsize : 37
nodes : 216446913.000000
filtered : 1881105184.000000
time : 1000.000061
