Parameters: GAD=1 vflib=1 dir=0 label=0 vlabel=1 lowerbound=1 fileNameGp=../../cp2016-max-common-connected-subgraph-paper/datasets/graphsdb/mcs30/m2D/m2Dr6/mcs30_m2Dr6_s80.A03 fileNameGt=../../cp2016-max-common-connected-subgraph-paper/datasets/graphsdb/mcs30/m2D/m2Dr6/mcs30_m2Dr6_s80.B03
Reading graphs...
80 :  186
80 :  185
Initializing...
maxdom : 10
D->valSize : 431
Solving...
Blb : 2 (clique : 28)
currentSize : 28 <-- 0.004409 s
currentSize : 29 <-- 0.004827 s
currentSize : 30 <-- 0.005457 s
currentSize : 31 <-- 0.016964 s
currentSize : 32 <-- 0.296187 s
currentSize : 33 <-- 114.545662 s
currentSize : 34 <-- 924.702393 s

TIMEOUT
maxsize : 34
nodes : 209950833.000000
filtered : 1512791735.000000
time : 1000.000061
