Parameters: GAD=1 vflib=1 dir=0 label=0 vlabel=1 lowerbound=1 fileNameGp=../../cp2016-max-common-connected-subgraph-paper/datasets/graphsdb/mcs30/bvg/b09/mcs30_b09_s80.A04 fileNameGt=../../cp2016-max-common-connected-subgraph-paper/datasets/graphsdb/mcs30/bvg/b09/mcs30_b09_s80.B04
Reading graphs...
80 :  353
80 :  352
Initializing...
maxdom : 10
D->valSize : 454
Solving...
Blb : 3 (clique : 25)
currentSize : 25 <-- 0.004349 s
currentSize : 26 <-- 100.605370 s
currentSize : 27 <-- 804.935425 s
currentSize : 28 <-- 804.938416 s
currentSize : 29 <-- 804.969116 s
currentSize : 30 <-- 805.201050 s

TIMEOUT
maxsize : 30
nodes : 201553385.000000
filtered : 1496193248.000000
time : 1000.000000
