Parameters: GAD=1 vflib=1 dir=0 label=0 vlabel=1 lowerbound=1 fileNameGp=../../cp2016-max-common-connected-subgraph-paper/datasets/graphsdb/mcs30/rand/r005/mcs30_r005_s60.A08 fileNameGt=../../cp2016-max-common-connected-subgraph-paper/datasets/graphsdb/mcs30/rand/r005/mcs30_r005_s60.B08
Reading graphs...
60 :  174
60 :  176
Initializing...
maxdom : 7
D->valSize : 228
Solving...
Blb : 5 (clique : 17)
currentSize : 17 <-- 0.001598 s
currentSize : 18 <-- 0.004243 s
currentSize : 19 <-- 0.009464 s
currentSize : 20 <-- 0.136500 s
currentSize : 21 <-- 0.317184 s
currentSize : 22 <-- 2.461796 s
currentSize : 23 <-- 10.267361 s

maxsize : 23
nodes : 20305805.000000
filtered : 125375190.000000
time : 83.802803
