Parameters: GAD=1 vflib=1 dir=0 label=0 vlabel=1 lowerbound=1 fileNameGp=../../cp2016-max-common-connected-subgraph-paper/datasets/graphsdb/mcs30/rand/r02/mcs30_r02_s90.A04 fileNameGt=../../cp2016-max-common-connected-subgraph-paper/datasets/graphsdb/mcs30/rand/r02/mcs30_r02_s90.B04
Reading graphs...
90 :  1416
90 :  1421
Initializing...
maxdom : 13
D->valSize : 581
Solving...
Blb : 2 (clique : 10)
currentSize : 10 <-- 0.006327 s
currentSize : 11 <-- 0.006526 s
currentSize : 12 <-- 0.013565 s
currentSize : 13 <-- 0.065454 s
currentSize : 14 <-- 0.186961 s
currentSize : 15 <-- 3.655317 s
currentSize : 16 <-- 3.659929 s
currentSize : 17 <-- 17.866743 s
currentSize : 18 <-- 37.522743 s
currentSize : 19 <-- 56.534615 s
currentSize : 22 <-- 67.640488 s
currentSize : 27 <-- 85.799843 s

maxsize : 27
nodes : 18583743.000000
filtered : 172029976.000000
time : 105.514130
