Parameters: GAD=1 vflib=1 dir=0 label=0 vlabel=1 lowerbound=1 fileNameGp=../../cp2016-max-common-connected-subgraph-paper/datasets/graphsdb/mcs30/m3D/m3D/mcs30_m3D_s90.A06 fileNameGt=../../cp2016-max-common-connected-subgraph-paper/datasets/graphsdb/mcs30/m3D/m3D/mcs30_m3D_s90.B06
Reading graphs...
90 :  209
90 :  208
Initializing...
maxdom : 11
D->valSize : 509
Solving...
Blb : 2 (clique : 31)
currentSize : 31 <-- 0.005831 s
currentSize : 32 <-- 0.006083 s
currentSize : 33 <-- 0.006210 s
currentSize : 34 <-- 0.421804 s
currentSize : 35 <-- 0.430596 s
currentSize : 36 <-- 25.735788 s
currentSize : 37 <-- 574.399170 s

TIMEOUT
maxsize : 37
nodes : 220072240.000000
filtered : 1215214259.000000
time : 1000.000061
