Parameters: GAD=1 vflib=1 dir=0 label=0 vlabel=1 lowerbound=1 fileNameGp=../../cp2016-max-common-connected-subgraph-paper/datasets/graphsdb/mcs30/m3D/m3Dr6/mcs30_m3Dr6_s100.A06 fileNameGt=../../cp2016-max-common-connected-subgraph-paper/datasets/graphsdb/mcs30/m3D/m3Dr6/mcs30_m3Dr6_s100.B06
Reading graphs...
100 :  294
100 :  291
Initializing...
maxdom : 7
D->valSize : 336
Solving...
Blb : 2 (clique : 29)
currentSize : 29 <-- 0.003240 s
currentSize : 30 <-- 0.327758 s
currentSize : 31 <-- 1.680592 s
currentSize : 32 <-- 20.127588 s
currentSize : 33 <-- 191.786133 s
currentSize : 34 <-- 967.375244 s

TIMEOUT
maxsize : 34
nodes : 204044553.000000
filtered : 977603963.000000
time : 1000.000061
