Parameters: GAD=1 vflib=1 dir=0 label=0 vlabel=1 lowerbound=1 fileNameGp=../../cp2016-max-common-connected-subgraph-paper/datasets/graphsdb/mcs30/bvg/b06m/mcs30_b06m_s50.A03 fileNameGt=../../cp2016-max-common-connected-subgraph-paper/datasets/graphsdb/mcs30/bvg/b06m/mcs30_b06m_s50.B03
Reading graphs...
50 :  145
50 :  147
Initializing...
maxdom : 8
D->valSize : 298
Solving...
Blb : 2 (clique : 15)
currentSize : 15 <-- 0.002048 s
currentSize : 16 <-- 0.002150 s
currentSize : 17 <-- 0.002228 s
currentSize : 18 <-- 0.002505 s
currentSize : 19 <-- 0.003553 s
currentSize : 20 <-- 0.005154 s
currentSize : 21 <-- 0.096187 s
currentSize : 22 <-- 20.388924 s

maxsize : 22
nodes : 7736397.000000
filtered : 77275539.000000
time : 32.721611
