Parameters: GAD=1 vflib=1 dir=0 label=0 vlabel=1 lowerbound=1 fileNameGp=../../cp2016-max-common-connected-subgraph-paper/datasets/graphsdb/mcs30/rand/r005/mcs30_r005_s60.A09 fileNameGt=../../cp2016-max-common-connected-subgraph-paper/datasets/graphsdb/mcs30/rand/r005/mcs30_r005_s60.B09
Reading graphs...
60 :  173
60 :  178
Initializing...
maxdom : 7
D->valSize : 257
Solving...
Blb : 2 (clique : 20)
currentSize : 20 <-- 0.001846 s
currentSize : 21 <-- 0.002101 s
currentSize : 22 <-- 0.003042 s
currentSize : 23 <-- 0.003620 s
currentSize : 24 <-- 3.342463 s

maxsize : 24
nodes : 14032627.000000
filtered : 110445020.000000
time : 61.004856
