Parameters: GAD=1 vflib=1 dir=0 label=0 vlabel=1 lowerbound=1 fileNameGp=../../cp2016-max-common-connected-subgraph-paper/datasets/graphsdb/mcs30/m4D/m4Dr2/mcs30_m4Dr2_s50.A01 fileNameGt=../../cp2016-max-common-connected-subgraph-paper/datasets/graphsdb/mcs30/m4D/m4Dr2/mcs30_m4Dr2_s50.B01
Reading graphs...
50 :  97
50 :  96
Initializing...
maxdom : 9
D->valSize : 303
Solving...
Blb : 2 (clique : 21)
currentSize : 21 <-- 0.002108 s
currentSize : 22 <-- 0.467494 s
currentSize : 23 <-- 2.705166 s
currentSize : 24 <-- 28.690252 s
currentSize : 25 <-- 44.256832 s
currentSize : 26 <-- 85.055771 s

maxsize : 26
nodes : 25483564.000000
filtered : 237839362.000000
time : 104.144974
