Parameters: GAD=1 vflib=1 dir=0 label=0 vlabel=1 lowerbound=1 fileNameGp=../../cp2016-max-common-connected-subgraph-paper/datasets/graphsdb/mcs30/rand/r005/mcs30_r005_s60.A04 fileNameGt=../../cp2016-max-common-connected-subgraph-paper/datasets/graphsdb/mcs30/rand/r005/mcs30_r005_s60.B04
Reading graphs...
60 :  171
60 :  177
Initializing...
maxdom : 7
D->valSize : 227
Solving...
Blb : 2 (clique : 17)
currentSize : 17 <-- 0.001584 s
currentSize : 18 <-- 0.001690 s
currentSize : 19 <-- 0.001833 s
currentSize : 20 <-- 0.025628 s
currentSize : 21 <-- 0.194804 s
currentSize : 22 <-- 0.221386 s
currentSize : 23 <-- 0.314638 s

maxsize : 23
nodes : 19626345.000000
filtered : 126313647.000000
time : 81.999680
