Parameters: GAD=1 vflib=1 dir=0 label=0 vlabel=1 lowerbound=1 fileNameGp=../../cp2016-max-common-connected-subgraph-paper/datasets/graphsdb/mcs30/bvg/b06m/mcs30_b06m_s60.A06 fileNameGt=../../cp2016-max-common-connected-subgraph-paper/datasets/graphsdb/mcs30/bvg/b06m/mcs30_b06m_s60.B06
Reading graphs...
60 :  179
60 :  177
Initializing...
maxdom : 8
D->valSize : 227
Solving...
Blb : 2 (clique : 18)
currentSize : 18 <-- 0.001547 s
currentSize : 19 <-- 0.069391 s
currentSize : 20 <-- 0.069503 s
currentSize : 22 <-- 0.105125 s
currentSize : 23 <-- 0.411994 s
currentSize : 24 <-- 1.161414 s
currentSize : 25 <-- 3.718278 s
currentSize : 26 <-- 6.900684 s

maxsize : 26
nodes : 5234090.000000
filtered : 35677608.000000
time : 21.585215
