Parameters: GAD=1 vflib=1 dir=0 label=0 vlabel=1 lowerbound=1 fileNameGp=../../cp2016-max-common-connected-subgraph-paper/datasets/graphsdb/mcs30/m2D/m2Dr4/mcs30_m2Dr4_s50.A04 fileNameGt=../../cp2016-max-common-connected-subgraph-paper/datasets/graphsdb/mcs30/m2D/m2Dr4/mcs30_m2Dr4_s50.B04
Reading graphs...
50 :  104
50 :  102
Initializing...
maxdom : 10
D->valSize : 355
Solving...
Blb : 2 (clique : 21)
currentSize : 21 <-- 0.004314 s
currentSize : 22 <-- 0.004529 s
currentSize : 23 <-- 0.006698 s
currentSize : 24 <-- 0.073205 s
currentSize : 25 <-- 1.364833 s
currentSize : 26 <-- 9.373949 s
currentSize : 27 <-- 13.295949 s

maxsize : 27
nodes : 17786613.000000
filtered : 263167765.000000
time : 86.521927
