Parameters: GAD=1 vflib=1 dir=0 label=0 vlabel=1 lowerbound=1 fileNameGp=../../cp2016-max-common-connected-subgraph-paper/datasets/graphsdb/mcs30/bvg/b09/mcs30_b09_s70.A06 fileNameGt=../../cp2016-max-common-connected-subgraph-paper/datasets/graphsdb/mcs30/bvg/b09/mcs30_b09_s70.B06
Reading graphs...
70 :  313
70 :  311
Initializing...
maxdom : 8
D->valSize : 337
Solving...
Blb : 2 (clique : 15)
currentSize : 15 <-- 0.004208 s
currentSize : 17 <-- 0.004444 s
currentSize : 18 <-- 0.006033 s
currentSize : 19 <-- 0.007094 s
currentSize : 20 <-- 0.302672 s
currentSize : 21 <-- 3.415275 s
currentSize : 22 <-- 36.004070 s
currentSize : 23 <-- 61.310806 s
currentSize : 24 <-- 130.912674 s
currentSize : 25 <-- 160.134155 s
currentSize : 26 <-- 237.044037 s

maxsize : 26
nodes : 52355625.000000
filtered : 473798768.000000
time : 260.735779
