Parameters: GAD=1 vflib=1 dir=0 label=0 vlabel=1 lowerbound=1 fileNameGp=../../cp2016-max-common-connected-subgraph-paper/datasets/graphsdb/mcs30/bvg/b09/mcs30_b09_s70.A07 fileNameGt=../../cp2016-max-common-connected-subgraph-paper/datasets/graphsdb/mcs30/bvg/b09/mcs30_b09_s70.B07
Reading graphs...
70 :  308
70 :  309
Initializing...
maxdom : 7
D->valSize : 323
Solving...
Blb : 3 (clique : 17)
currentSize : 17 <-- 0.002541 s
currentSize : 18 <-- 0.003714 s
currentSize : 19 <-- 0.006998 s
currentSize : 20 <-- 0.312169 s
currentSize : 21 <-- 0.317391 s
currentSize : 22 <-- 0.529330 s
currentSize : 23 <-- 0.534713 s
currentSize : 24 <-- 0.545333 s
currentSize : 25 <-- 2.005853 s
currentSize : 26 <-- 23.797516 s

maxsize : 26
nodes : 119100757.000000
filtered : 1053474879.000000
time : 595.659485
