Parameters: GAD=1 vflib=1 dir=0 label=0 vlabel=1 lowerbound=1 fileNameGp=../../cp2016-max-common-connected-subgraph-paper/datasets/graphsdb/mcs30/m2D/m2Dr2/mcs30_m2Dr2_s90.A08 fileNameGt=../../cp2016-max-common-connected-subgraph-paper/datasets/graphsdb/mcs30/m2D/m2Dr2/mcs30_m2Dr2_s90.B08
Reading graphs...
90 :  177
90 :  173
Initializing...
maxdom : 12
D->valSize : 566
Solving...
Blb : 5 (clique : 32)
currentSize : 32 <-- 0.006809 s
currentSize : 33 <-- 0.011243 s
currentSize : 34 <-- 0.394338 s
currentSize : 35 <-- 0.811066 s
currentSize : 36 <-- 19.493567 s
currentSize : 37 <-- 122.121101 s
currentSize : 38 <-- 957.628113 s

TIMEOUT
maxsize : 38
nodes : 216773705.000000
filtered : 1502182146.000000
time : 1000.000061
