Parameters: GAD=1 vflib=1 dir=0 label=0 vlabel=1 lowerbound=1 fileNameGp=../../cp2016-max-common-connected-subgraph-paper/datasets/graphsdb/mcs30/bvg/b09m/mcs30_b09m_s70.A04 fileNameGt=../../cp2016-max-common-connected-subgraph-paper/datasets/graphsdb/mcs30/bvg/b09m/mcs30_b09m_s70.B04
Reading graphs...
70 :  308
70 :  306
Initializing...
maxdom : 8
D->valSize : 301
Solving...
Blb : 2 (clique : 19)
currentSize : 19 <-- 0.002296 s
currentSize : 20 <-- 0.431692 s
currentSize : 21 <-- 16.906803 s
currentSize : 22 <-- 69.205292 s
currentSize : 23 <-- 83.818680 s
currentSize : 24 <-- 83.827148 s
currentSize : 25 <-- 200.689133 s

maxsize : 25
nodes : 60852450.000000
filtered : 445106883.000000
time : 285.549194
