Parameters: GAD=1 vflib=1 dir=0 label=0 vlabel=1 lowerbound=1 fileNameGp=../../cp2016-max-common-connected-subgraph-paper/datasets/graphsdb/mcs30/bvg/b06/mcs30_b06_s80.A04 fileNameGt=../../cp2016-max-common-connected-subgraph-paper/datasets/graphsdb/mcs30/bvg/b06/mcs30_b06_s80.B04
Reading graphs...
80 :  237
80 :  239
Initializing...
maxdom : 9
D->valSize : 436
Solving...
Blb : 2 (clique : 24)
currentSize : 24 <-- 0.004252 s
currentSize : 25 <-- 0.044900 s
currentSize : 26 <-- 0.076304 s
currentSize : 27 <-- 12.687260 s
currentSize : 28 <-- 12.781927 s
currentSize : 29 <-- 13.415759 s
currentSize : 30 <-- 19.325008 s
currentSize : 31 <-- 129.554092 s
currentSize : 32 <-- 397.433960 s
currentSize : 33 <-- 728.993103 s

TIMEOUT
maxsize : 33
nodes : 192975311.000000
filtered : 1662552601.000000
time : 1000.000000
