Parameters: GAD=1 vflib=1 dir=0 label=0 vlabel=1 lowerbound=1 fileNameGp=../../cp2016-max-common-connected-subgraph-paper/datasets/graphsdb/mcs30/rand/r005/mcs30_r005_s80.A03 fileNameGt=../../cp2016-max-common-connected-subgraph-paper/datasets/graphsdb/mcs30/rand/r005/mcs30_r005_s80.B03
Reading graphs...
80 :  307
80 :  311
Initializing...
maxdom : 9
D->valSize : 427
Solving...
Blb : 5 (clique : 21)
currentSize : 21 <-- 0.006468 s
currentSize : 22 <-- 0.006751 s
currentSize : 23 <-- 0.010189 s
currentSize : 24 <-- 0.011390 s
currentSize : 25 <-- 0.014964 s
currentSize : 26 <-- 0.364895 s
currentSize : 27 <-- 4.534978 s
currentSize : 28 <-- 21.000645 s
currentSize : 29 <-- 72.801743 s

TIMEOUT
maxsize : 29
nodes : 197540618.000000
filtered : 1565695429.000000
time : 1000.000061
