Parameters: GAD=1 vflib=1 dir=0 label=0 vlabel=1 lowerbound=1 fileNameGp=../../cp2016-max-common-connected-subgraph-paper/datasets/graphsdb/mcs30/bvg/b09m/mcs30_b09m_s80.A00 fileNameGt=../../cp2016-max-common-connected-subgraph-paper/datasets/graphsdb/mcs30/bvg/b09m/mcs30_b09m_s80.B00
Reading graphs...
80 :  346
80 :  352
Initializing...
maxdom : 8
D->valSize : 419
Solving...
Blb : 2 (clique : 21)
currentSize : 21 <-- 0.006037 s
currentSize : 22 <-- 0.006281 s
currentSize : 23 <-- 0.006839 s
currentSize : 24 <-- 0.007198 s
currentSize : 25 <-- 0.008063 s
currentSize : 26 <-- 0.857850 s
currentSize : 27 <-- 113.492569 s
currentSize : 28 <-- 239.568054 s
currentSize : 29 <-- 872.890198 s

TIMEOUT
maxsize : 29
nodes : 186656587.000000
filtered : 1719685125.000000
time : 1000.000000
