Parameters: GAD=1 vflib=1 dir=0 label=0 vlabel=1 lowerbound=1 fileNameGp=../../cp2016-max-common-connected-subgraph-paper/datasets/graphsdb/mcs30/m4D/m4D/mcs30_m4D_s50.A02 fileNameGt=../../cp2016-max-common-connected-subgraph-paper/datasets/graphsdb/mcs30/m4D/m4D/mcs30_m4D_s50.B02
Reading graphs...
50 :  87
50 :  87
Initializing...
maxdom : 11
D->valSize : 326
Solving...
Blb : 2 (clique : 21)
currentSize : 21 <-- 0.002317 s
currentSize : 22 <-- 0.002428 s
currentSize : 23 <-- 0.019894 s
currentSize : 24 <-- 0.022019 s
currentSize : 25 <-- 6.213004 s
currentSize : 26 <-- 93.516785 s
currentSize : 27 <-- 135.847855 s

maxsize : 27
nodes : 135669246.000000
filtered : 1413835431.000000
time : 524.136597
