Parameters: GAD=1 vflib=1 dir=0 label=0 vlabel=1 lowerbound=1 fileNameGp=../../cp2016-max-common-connected-subgraph-paper/datasets/graphsdb/mcs30/m2D/m2Dr6/mcs30_m2Dr6_s100.A02 fileNameGt=../../cp2016-max-common-connected-subgraph-paper/datasets/graphsdb/mcs30/m2D/m2Dr6/mcs30_m2Dr6_s100.B02
Reading graphs...
100 :  239
100 :  238
Initializing...
maxdom : 9
D->valSize : 349
Solving...
Blb : 2 (clique : 25)
currentSize : 25 <-- 0.003388 s
currentSize : 26 <-- 0.003599 s
currentSize : 27 <-- 0.003728 s
currentSize : 28 <-- 0.003860 s
currentSize : 29 <-- 0.005576 s
currentSize : 30 <-- 0.030589 s
currentSize : 31 <-- 0.034366 s
currentSize : 32 <-- 0.428115 s
currentSize : 33 <-- 0.428722 s
currentSize : 34 <-- 79.450951 s
currentSize : 35 <-- 98.909294 s
currentSize : 36 <-- 488.793671 s
currentSize : 37 <-- 939.776794 s

TIMEOUT
maxsize : 37
nodes : 181833312.000000
filtered : 899299439.000000
time : 1000.000061
