Parameters: GAD=1 vflib=1 dir=0 label=0 vlabel=1 lowerbound=1 fileNameGp=../../cp2016-max-common-connected-subgraph-paper/datasets/graphsdb/mcs30/m4D/m4Dr4/mcs30_m4Dr4_s50.A07 fileNameGt=../../cp2016-max-common-connected-subgraph-paper/datasets/graphsdb/mcs30/m4D/m4Dr4/mcs30_m4Dr4_s50.B07
Reading graphs...
50 :  106
50 :  105
Initializing...
maxdom : 8
D->valSize : 311
Solving...
Blb : 2 (clique : 20)
currentSize : 20 <-- 0.003580 s
currentSize : 21 <-- 0.007583 s
currentSize : 22 <-- 0.037010 s
currentSize : 23 <-- 0.050209 s
currentSize : 24 <-- 0.177421 s
currentSize : 25 <-- 0.587363 s

maxsize : 25
nodes : 22260666.000000
filtered : 251004422.000000
time : 93.737106
