Parameters: GAD=1 vflib=1 dir=0 label=0 vlabel=1 lowerbound=1 fileNameGp=../../cp2016-max-common-connected-subgraph-paper/datasets/graphsdb/mcs30/m4D/m4Dr2/mcs30_m4Dr2_s60.A05 fileNameGt=../../cp2016-max-common-connected-subgraph-paper/datasets/graphsdb/mcs30/m4D/m4Dr2/mcs30_m4Dr2_s60.B05
Reading graphs...
60 :  112
60 :  113
Initializing...
maxdom : 6
D->valSize : 230
Solving...
Blb : 2 (clique : 21)
currentSize : 21 <-- 0.002496 s
currentSize : 22 <-- 0.330795 s
currentSize : 23 <-- 0.786305 s
currentSize : 24 <-- 0.950682 s
currentSize : 25 <-- 1.127120 s
currentSize : 26 <-- 4.523399 s
currentSize : 27 <-- 59.197212 s
currentSize : 28 <-- 77.679680 s
currentSize : 29 <-- 381.794922 s

maxsize : 29
nodes : 150481661.000000
filtered : 901545638.000000
time : 606.401611
