Parameters: GAD=1 vflib=1 dir=0 label=0 vlabel=1 lowerbound=1 fileNameGp=../../cp2016-max-common-connected-subgraph-paper/datasets/graphsdb/mcs30/rand/r01/mcs30_r01_s80.A06 fileNameGt=../../cp2016-max-common-connected-subgraph-paper/datasets/graphsdb/mcs30/rand/r01/mcs30_r01_s80.B06
Reading graphs...
80 :  598
80 :  600
Initializing...
maxdom : 9
D->valSize : 423
Solving...
Blb : 2 (clique : 14)
currentSize : 14 <-- 0.003777 s
currentSize : 15 <-- 0.003967 s
currentSize : 16 <-- 0.004113 s
currentSize : 17 <-- 0.017954 s
currentSize : 18 <-- 0.250574 s
currentSize : 19 <-- 0.726589 s
currentSize : 20 <-- 17.004856 s
currentSize : 21 <-- 143.985764 s
currentSize : 22 <-- 485.615875 s
currentSize : 23 <-- 564.572937 s
currentSize : 24 <-- 564.664368 s

maxsize : 24
nodes : 163235691.000000
filtered : 1366244619.000000
time : 841.658447
