Parameters: GAD=1 vflib=1 dir=0 label=0 vlabel=1 lowerbound=1 fileNameGp=../../cp2016-max-common-connected-subgraph-paper/datasets/graphsdb/mcs30/m2D/m2D/mcs30_m2D_s50.A03 fileNameGt=../../cp2016-max-common-connected-subgraph-paper/datasets/graphsdb/mcs30/m2D/m2D/mcs30_m2D_s50.B03
Reading graphs...
50 :  85
50 :  84
Initializing...
maxdom : 10
D->valSize : 324
Solving...
Blb : 5 (clique : 21)
currentSize : 21 <-- 0.002375 s
currentSize : 22 <-- 0.149325 s
currentSize : 23 <-- 0.353229 s
currentSize : 24 <-- 0.610696 s
currentSize : 25 <-- 0.673139 s
currentSize : 26 <-- 19.433628 s
currentSize : 27 <-- 62.287987 s

maxsize : 27
nodes : 50010313.000000
filtered : 610446159.000000
time : 214.666092
