Parameters: GAD=1 vflib=1 dir=0 label=0 vlabel=1 lowerbound=1 fileNameGp=../../cp2016-max-common-connected-subgraph-paper/datasets/graphsdb/mcs30/rand/r005/mcs30_r005_s60.A00 fileNameGt=../../cp2016-max-common-connected-subgraph-paper/datasets/graphsdb/mcs30/rand/r005/mcs30_r005_s60.B00
Reading graphs...
60 :  175
60 :  175
Initializing...
maxdom : 6
D->valSize : 234
Solving...
Blb : 2 (clique : 17)
currentSize : 17 <-- 0.001570 s
currentSize : 18 <-- 0.001687 s
currentSize : 19 <-- 0.001739 s
currentSize : 20 <-- 0.002317 s
currentSize : 21 <-- 0.045321 s
currentSize : 22 <-- 2.882372 s
currentSize : 23 <-- 7.257468 s
currentSize : 24 <-- 7.375630 s

maxsize : 24
nodes : 24642556.000000
filtered : 176732071.000000
time : 107.078835
