Parameters: GAD=1 vflib=1 dir=0 label=0 vlabel=1 lowerbound=1 fileNameGp=../../cp2016-max-common-connected-subgraph-paper/datasets/graphsdb/mcs30/m2D/m2Dr2/mcs30_m2Dr2_s50.A09 fileNameGt=../../cp2016-max-common-connected-subgraph-paper/datasets/graphsdb/mcs30/m2D/m2Dr2/mcs30_m2Dr2_s50.B09
Reading graphs...
50 :  94
50 :  94
Initializing...
maxdom : 9
D->valSize : 332
Solving...
Blb : 2 (clique : 20)
currentSize : 20 <-- 0.002546 s
currentSize : 21 <-- 0.002685 s
currentSize : 22 <-- 0.002717 s
currentSize : 23 <-- 0.091814 s
currentSize : 24 <-- 0.094095 s
currentSize : 25 <-- 1.251237 s
currentSize : 26 <-- 30.828188 s

maxsize : 26
nodes : 88401525.000000
filtered : 1038603203.000000
time : 391.945129
