Parameters: GAD=1 vflib=1 dir=0 label=0 vlabel=1 lowerbound=1 fileNameGp=../../cp2016-max-common-connected-subgraph-paper/datasets/graphsdb/mcs30/bvg/b03m/mcs30_b03m_s70.A02 fileNameGt=../../cp2016-max-common-connected-subgraph-paper/datasets/graphsdb/mcs30/bvg/b03m/mcs30_b03m_s70.B02
Reading graphs...
70 :  105
70 :  105
Initializing...
maxdom : 8
D->valSize : 317
Solving...
Blb : 2 (clique : 28)
currentSize : 28 <-- 0.002719 s
currentSize : 30 <-- 0.002886 s
currentSize : 31 <-- 0.002989 s
currentSize : 32 <-- 0.052054 s
currentSize : 33 <-- 0.074048 s
currentSize : 34 <-- 38.091068 s

TIMEOUT
maxsize : 34
nodes : 251141659.000000
filtered : 1429985328.000000
time : 1000.000000
