Parameters: GAD=1 vflib=1 dir=0 label=0 vlabel=1 lowerbound=1 fileNameGp=../../cp2016-max-common-connected-subgraph-paper/datasets/graphsdb/mcs30/rand/r005/mcs30_r005_s90.A03 fileNameGt=../../cp2016-max-common-connected-subgraph-paper/datasets/graphsdb/mcs30/rand/r005/mcs30_r005_s90.B03
Reading graphs...
90 :  387
90 :  383
Initializing...
maxdom : 10
D->valSize : 555
Solving...
Blb : 5 (clique : 21)
currentSize : 21 <-- 0.006349 s
currentSize : 22 <-- 0.007042 s
currentSize : 23 <-- 0.007163 s
currentSize : 24 <-- 0.007213 s
currentSize : 25 <-- 0.007956 s
currentSize : 26 <-- 0.009869 s
currentSize : 27 <-- 0.420900 s
currentSize : 28 <-- 14.247645 s
currentSize : 29 <-- 320.477631 s

TIMEOUT
maxsize : 29
nodes : 187202010.000000
filtered : 1435372721.000000
time : 1000.000000
