Parameters: GAD=1 vflib=1 dir=0 label=0 vlabel=1 lowerbound=1 fileNameGp=../../cp2016-max-common-connected-subgraph-paper/datasets/graphsdb/mcs30/bvg/b09m/mcs30_b09m_s100.A04 fileNameGt=../../cp2016-max-common-connected-subgraph-paper/datasets/graphsdb/mcs30/bvg/b09m/mcs30_b09m_s100.B04
Reading graphs...
100 :  438
100 :  441
Initializing...
maxdom : 7
D->valSize : 355
Solving...
Blb : 2 (clique : 23)
currentSize : 23 <-- 0.003528 s
currentSize : 24 <-- 0.004180 s
currentSize : 25 <-- 0.020417 s
currentSize : 26 <-- 0.020516 s
currentSize : 27 <-- 0.023417 s
currentSize : 28 <-- 0.033508 s
currentSize : 29 <-- 5.105192 s
currentSize : 30 <-- 5.680893 s
currentSize : 31 <-- 46.531483 s
currentSize : 32 <-- 46.531734 s
currentSize : 33 <-- 46.879036 s

TIMEOUT
maxsize : 33
nodes : 198244310.000000
filtered : 713027315.000000
time : 1000.000061
