Parameters: GAD=1 vflib=1 dir=0 label=0 vlabel=1 lowerbound=1 fileNameGp=../../cp2016-max-common-connected-subgraph-paper/datasets/graphsdb/mcs30/bvg/b09/mcs30_b09_s60.A08 fileNameGt=../../cp2016-max-common-connected-subgraph-paper/datasets/graphsdb/mcs30/bvg/b09/mcs30_b09_s60.B08
Reading graphs...
60 :  263
60 :  261
Initializing...
maxdom : 10
D->valSize : 257
Solving...
Blb : 2 (clique : 16)
currentSize : 16 <-- 0.001801 s
currentSize : 17 <-- 0.002376 s
currentSize : 18 <-- 0.002414 s
currentSize : 19 <-- 0.016988 s
currentSize : 20 <-- 0.631399 s
currentSize : 21 <-- 15.934933 s

maxsize : 21
nodes : 6902730.000000
filtered : 57657625.000000
time : 29.025934
