Parameters: GAD=1 vflib=1 dir=0 label=0 vlabel=1 lowerbound=1 fileNameGp=../../cp2016-max-common-connected-subgraph-paper/datasets/graphsdb/mcs30/rand/r01/mcs30_r01_s70.A01 fileNameGt=../../cp2016-max-common-connected-subgraph-paper/datasets/graphsdb/mcs30/rand/r01/mcs30_r01_s70.B01
Reading graphs...
70 :  460
70 :  460
Initializing...
maxdom : 9
D->valSize : 289
Solving...
Blb : 5 (clique : 14)
currentSize : 14 <-- 0.002193 s
currentSize : 15 <-- 0.003248 s
currentSize : 16 <-- 0.047771 s
currentSize : 17 <-- 0.525087 s
currentSize : 18 <-- 1.046588 s
currentSize : 19 <-- 4.060941 s
currentSize : 20 <-- 5.271896 s
currentSize : 21 <-- 10.627281 s

maxsize : 21
nodes : 6586242.000000
filtered : 55583182.000000
time : 31.371555
