Parameters: GAD=1 vflib=1 dir=0 label=0 vlabel=1 lowerbound=1 fileNameGp=../../cp2016-max-common-connected-subgraph-paper/datasets/graphsdb/mcs30/m4D/m4Dr4/mcs30_m4Dr4_s80.A08 fileNameGt=../../cp2016-max-common-connected-subgraph-paper/datasets/graphsdb/mcs30/m4D/m4Dr4/mcs30_m4Dr4_s80.B08
Reading graphs...
80 :  161
80 :  157
Initializing...
maxdom : 10
D->valSize : 446
Solving...
Blb : 2 (clique : 29)
currentSize : 29 <-- 0.004566 s
currentSize : 30 <-- 0.004787 s
currentSize : 31 <-- 0.085224 s
currentSize : 32 <-- 0.096376 s
currentSize : 33 <-- 0.116645 s
currentSize : 34 <-- 0.123837 s
currentSize : 36 <-- 7.719665 s
currentSize : 37 <-- 27.080368 s
currentSize : 38 <-- 29.896708 s

TIMEOUT
maxsize : 38
nodes : 186792636.000000
filtered : 1698922703.000000
time : 1000.000061
