Parameters: GAD=1 vflib=1 dir=0 label=0 vlabel=1 lowerbound=1 fileNameGp=../../cp2016-max-common-connected-subgraph-paper/datasets/graphsdb/mcs30/bvg/b09m/mcs30_b09m_s70.A02 fileNameGt=../../cp2016-max-common-connected-subgraph-paper/datasets/graphsdb/mcs30/bvg/b09m/mcs30_b09m_s70.B02
Reading graphs...
70 :  305
70 :  304
Initializing...
maxdom : 9
D->valSize : 332
Solving...
Blb : 5 (clique : 16)
currentSize : 16 <-- 0.002683 s
currentSize : 17 <-- 0.003438 s
currentSize : 18 <-- 0.003651 s
currentSize : 19 <-- 0.009112 s
currentSize : 20 <-- 0.570163 s
currentSize : 21 <-- 0.868300 s
currentSize : 22 <-- 0.906124 s
currentSize : 23 <-- 2.295670 s
currentSize : 24 <-- 167.296783 s
currentSize : 25 <-- 167.498749 s

maxsize : 25
nodes : 77538825.000000
filtered : 601437527.000000
time : 374.620483
