Parameters: GAD=1 vflib=1 dir=0 label=0 vlabel=1 lowerbound=1 fileNameGp=../../cp2016-max-common-connected-subgraph-paper/datasets/graphsdb/mcs30/bvg/b03/mcs30_b03_s50.A02 fileNameGt=../../cp2016-max-common-connected-subgraph-paper/datasets/graphsdb/mcs30/bvg/b03/mcs30_b03_s50.B02
Reading graphs...
50 :  75
50 :  75
Initializing...
maxdom : 10
D->valSize : 316
Solving...
Blb : 2 (clique : 22)
currentSize : 22 <-- 0.002233 s
currentSize : 23 <-- 0.006704 s
currentSize : 24 <-- 0.021218 s
currentSize : 25 <-- 0.084086 s
currentSize : 26 <-- 0.372361 s
currentSize : 27 <-- 0.372412 s
currentSize : 28 <-- 83.586655 s

maxsize : 28
nodes : 92805485.000000
filtered : 790881143.000000
time : 337.847321
