Parameters: GAD=1 vflib=1 dir=0 label=0 vlabel=1 lowerbound=1 fileNameGp=../../cp2016-max-common-connected-subgraph-paper/datasets/graphsdb/mcs30/m3D/m3Dr2/mcs30_m3Dr2_s100.A09 fileNameGt=../../cp2016-max-common-connected-subgraph-paper/datasets/graphsdb/mcs30/m3D/m3Dr2/mcs30_m3Dr2_s100.B09
Reading graphs...
100 :  253
100 :  253
Initializing...
maxdom : 7
D->valSize : 326
Solving...
Blb : 2 (clique : 29)
currentSize : 29 <-- 0.003187 s
currentSize : 31 <-- 0.004026 s
currentSize : 32 <-- 0.119488 s
currentSize : 33 <-- 17.383739 s
currentSize : 34 <-- 58.783279 s
currentSize : 35 <-- 134.067734 s

TIMEOUT
maxsize : 35
nodes : 194301529.000000
filtered : 988644456.000000
time : 1000.000061
