Parameters: GAD=1 vflib=1 dir=0 label=0 vlabel=1 lowerbound=1 fileNameGp=../../cp2016-max-common-connected-subgraph-paper/datasets/graphsdb/mcs30/rand/r001/mcs30_r001_s100.A02 fileNameGt=../../cp2016-max-common-connected-subgraph-paper/datasets/graphsdb/mcs30/rand/r001/mcs30_r001_s100.B02
Reading graphs...
100 :  119
100 :  120
Initializing...
maxdom : 8
D->valSize : 321
Solving...
Blb : 2 (clique : 37)
currentSize : 37 <-- 0.003261 s
currentSize : 38 <-- 0.004067 s
currentSize : 39 <-- 0.004192 s
currentSize : 40 <-- 0.038133 s
currentSize : 41 <-- 0.052263 s
currentSize : 42 <-- 0.080175 s
currentSize : 43 <-- 0.285016 s
currentSize : 44 <-- 0.288053 s
currentSize : 45 <-- 0.676149 s
currentSize : 46 <-- 232.455673 s
currentSize : 47 <-- 291.556946 s

TIMEOUT
maxsize : 47
nodes : 191724068.000000
filtered : 810851239.000000
time : 1000.000061
