Parameters: GAD=1 vflib=1 dir=0 label=0 vlabel=1 lowerbound=1 fileNameGp=../../cp2016-max-common-connected-subgraph-paper/datasets/graphsdb/mcs30/m2D/m2Dr6/mcs30_m2Dr6_s70.A03 fileNameGt=../../cp2016-max-common-connected-subgraph-paper/datasets/graphsdb/mcs30/m2D/m2Dr6/mcs30_m2Dr6_s70.B03
Reading graphs...
70 :  160
70 :  162
Initializing...
maxdom : 9
D->valSize : 327
Solving...
Blb : 2 (clique : 20)
currentSize : 20 <-- 0.004256 s
currentSize : 21 <-- 0.005456 s
currentSize : 22 <-- 0.008153 s
currentSize : 23 <-- 0.081714 s
currentSize : 24 <-- 0.213832 s
currentSize : 25 <-- 0.252550 s
currentSize : 26 <-- 7.675773 s
currentSize : 27 <-- 21.809439 s
currentSize : 28 <-- 158.199081 s
currentSize : 29 <-- 344.254272 s

maxsize : 29
nodes : 145752458.000000
filtered : 1054008012.000000
time : 681.354736
