Parameters: GAD=1 vflib=1 dir=0 label=0 vlabel=1 lowerbound=1 fileNameGp=../../cp2016-max-common-connected-subgraph-paper/datasets/graphsdb/mcs30/rand/r02/mcs30_r02_s100.A08 fileNameGt=../../cp2016-max-common-connected-subgraph-paper/datasets/graphsdb/mcs30/rand/r02/mcs30_r02_s100.B08
Reading graphs...
100 :  1770
100 :  1751
Initializing...
maxdom : 6
D->valSize : 338
Solving...
Blb : 2 (clique : 10)
currentSize : 10 <-- 0.003263 s
currentSize : 11 <-- 0.003396 s
currentSize : 12 <-- 0.013083 s
currentSize : 13 <-- 0.081220 s
currentSize : 14 <-- 0.081579 s
currentSize : 16 <-- 0.081661 s
currentSize : 17 <-- 0.082016 s
currentSize : 21 <-- 0.539544 s
currentSize : 22 <-- 0.539622 s
currentSize : 30 <-- 0.567394 s

maxsize : 30
nodes : 283838.000000
filtered : 3247577.000000
time : 1.887559
