Parameters: GAD=1 vflib=1 dir=0 label=0 vlabel=1 lowerbound=1 fileNameGp=../../cp2016-max-common-connected-subgraph-paper/datasets/graphsdb/mcs30/m2D/m2D/mcs30_m2D_s90.A00 fileNameGt=../../cp2016-max-common-connected-subgraph-paper/datasets/graphsdb/mcs30/m2D/m2D/mcs30_m2D_s90.B00
Reading graphs...
90 :  161
90 :  161
Initializing...
maxdom : 9
D->valSize : 515
Solving...
Blb : 2 (clique : 34)
currentSize : 34 <-- 0.009890 s
currentSize : 35 <-- 0.028616 s
currentSize : 36 <-- 1.709044 s
currentSize : 37 <-- 2.760511 s
currentSize : 38 <-- 141.287491 s
currentSize : 39 <-- 794.416931 s

TIMEOUT
maxsize : 39
nodes : 219143100.000000
filtered : 1294729172.000000
time : 1000.000061
