Parameters: GAD=1 vflib=1 dir=0 label=0 vlabel=1 lowerbound=1 fileNameGp=../../cp2016-max-common-connected-subgraph-paper/datasets/graphsdb/mcs30/m2D/m2D/mcs30_m2D_s100.A01 fileNameGt=../../cp2016-max-common-connected-subgraph-paper/datasets/graphsdb/mcs30/m2D/m2D/mcs30_m2D_s100.B01
Reading graphs...
100 :  180
100 :  178
Initializing...
maxdom : 7
D->valSize : 320
Solving...
Blb : 2 (clique : 33)
currentSize : 33 <-- 0.003142 s
currentSize : 36 <-- 0.003381 s
currentSize : 37 <-- 0.005884 s
currentSize : 38 <-- 0.115304 s
currentSize : 39 <-- 3.451838 s
currentSize : 40 <-- 4.975257 s

TIMEOUT
maxsize : 40
nodes : 213650125.000000
filtered : 906926895.000000
time : 1000.000061
