Parameters: GAD=1 vflib=1 dir=0 label=0 vlabel=1 lowerbound=1 fileNameGp=../../cp2016-max-common-connected-subgraph-paper/datasets/graphsdb/mcs30/bvg/b09/mcs30_b09_s90.A00 fileNameGt=../../cp2016-max-common-connected-subgraph-paper/datasets/graphsdb/mcs30/bvg/b09/mcs30_b09_s90.B00
Reading graphs...
90 :  402
90 :  400
Initializing...
maxdom : 13
D->valSize : 528
Solving...
Blb : 2 (clique : 22)
currentSize : 22 <-- 0.005909 s
currentSize : 23 <-- 0.006346 s
currentSize : 24 <-- 0.028266 s
currentSize : 25 <-- 0.174474 s
currentSize : 26 <-- 4.014098 s
currentSize : 27 <-- 6.136134 s
currentSize : 28 <-- 70.682716 s

TIMEOUT
maxsize : 28
nodes : 189448863.000000
filtered : 1546587674.000000
time : 1000.000061
