Parameters: GAD=1 vflib=1 dir=0 label=0 vlabel=1 lowerbound=1 fileNameGp=../../cp2016-max-common-connected-subgraph-paper/datasets/graphsdb/mcs30/m3D/m3Dr4/mcs30_m3Dr4_s90.A05 fileNameGt=../../cp2016-max-common-connected-subgraph-paper/datasets/graphsdb/mcs30/m3D/m3Dr4/mcs30_m3Dr4_s90.B05
Reading graphs...
90 :  237
90 :  241
Initializing...
maxdom : 9
D->valSize : 546
Solving...
Blb : 2 (clique : 31)
currentSize : 31 <-- 0.006535 s
currentSize : 32 <-- 0.006798 s
currentSize : 33 <-- 0.006893 s
currentSize : 34 <-- 0.077323 s
currentSize : 35 <-- 0.408357 s
currentSize : 36 <-- 10.303901 s

TIMEOUT
maxsize : 36
nodes : 186571718.000000
filtered : 1155784112.000000
time : 1000.000061
