Parameters: GAD=1 vflib=1 dir=0 label=0 vlabel=1 lowerbound=1 fileNameGp=../../cp2016-max-common-connected-subgraph-paper/datasets/graphsdb/mcs30/m4D/m4Dr4/mcs30_m4Dr4_s50.A06 fileNameGt=../../cp2016-max-common-connected-subgraph-paper/datasets/graphsdb/mcs30/m4D/m4Dr4/mcs30_m4Dr4_s50.B06
Reading graphs...
50 :  107
50 :  104
Initializing...
maxdom : 16
D->valSize : 362
Solving...
Blb : 3 (clique : 18)
currentSize : 18 <-- 0.002651 s
currentSize : 19 <-- 0.002887 s
currentSize : 20 <-- 0.003084 s
currentSize : 21 <-- 0.011392 s
currentSize : 22 <-- 0.059643 s
currentSize : 23 <-- 0.638311 s
currentSize : 24 <-- 11.861912 s
currentSize : 25 <-- 26.066265 s

maxsize : 25
nodes : 10816303.000000
filtered : 110121200.000000
time : 42.014671
