Parameters: GAD=1 vflib=1 dir=0 label=0 vlabel=1 lowerbound=1 fileNameGp=../../cp2016-max-common-connected-subgraph-paper/datasets/graphsdb/mcs30/m4D/m4Dr4/mcs30_m4Dr4_s70.A08 fileNameGt=../../cp2016-max-common-connected-subgraph-paper/datasets/graphsdb/mcs30/m4D/m4Dr4/mcs30_m4Dr4_s70.B08
Reading graphs...
70 :  143
70 :  142
Initializing...
maxdom : 8
D->valSize : 294
Solving...
Blb : 2 (clique : 24)
currentSize : 24 <-- 0.003877 s
currentSize : 25 <-- 0.007147 s
currentSize : 26 <-- 0.176684 s
currentSize : 27 <-- 0.354262 s
currentSize : 28 <-- 0.601688 s
currentSize : 29 <-- 7.532271 s
currentSize : 30 <-- 9.117651 s
currentSize : 31 <-- 22.641373 s
currentSize : 32 <-- 53.582859 s

TIMEOUT
maxsize : 32
nodes : 203809749.000000
filtered : 1638235695.000000
time : 1000.000061
