Parameters: GAD=1 vflib=1 dir=0 label=0 vlabel=1 lowerbound=1 fileNameGp=../../cp2016-max-common-connected-subgraph-paper/datasets/graphsdb/mcs30/m2D/m2D/mcs30_m2D_s60.A08 fileNameGt=../../cp2016-max-common-connected-subgraph-paper/datasets/graphsdb/mcs30/m2D/m2D/mcs30_m2D_s60.B08
Reading graphs...
60 :  102
60 :  104
Initializing...
maxdom : 8
D->valSize : 253
Solving...
Blb : 5 (clique : 21)
currentSize : 21 <-- 0.001833 s
currentSize : 22 <-- 0.001994 s
currentSize : 23 <-- 0.003233 s
currentSize : 24 <-- 0.003754 s
currentSize : 25 <-- 0.914557 s
currentSize : 26 <-- 6.911443 s
currentSize : 27 <-- 7.716354 s
currentSize : 28 <-- 37.030727 s

TIMEOUT
maxsize : 28
nodes : 258993222.000000
filtered : 1837153957.000000
time : 1000.000000
