Parameters: GAD=1 vflib=1 dir=0 label=0 vlabel=1 lowerbound=1 fileNameGp=../../cp2016-max-common-connected-subgraph-paper/datasets/graphsdb/mcs30/bvg/b03m/mcs30_b03m_s100.A04 fileNameGt=../../cp2016-max-common-connected-subgraph-paper/datasets/graphsdb/mcs30/bvg/b03m/mcs30_b03m_s100.B04
Reading graphs...
100 :  150
100 :  149
Initializing...
maxdom : 7
D->valSize : 337
Solving...
Blb : 2 (clique : 42)
currentSize : 42 <-- 0.005557 s
currentSize : 43 <-- 0.006010 s
currentSize : 44 <-- 0.006187 s
currentSize : 45 <-- 0.006637 s
currentSize : 46 <-- 0.108021 s
currentSize : 47 <-- 3.211733 s
currentSize : 48 <-- 81.496185 s
currentSize : 49 <-- 85.377678 s

TIMEOUT
maxsize : 49
nodes : 205702217.000000
filtered : 897944190.000000
time : 1000.000122
