Parameters: GAD=1 vflib=1 dir=0 label=0 vlabel=1 lowerbound=1 fileNameGp=../../cp2016-max-common-connected-subgraph-paper/datasets/graphsdb/mcs30/m4D/m4Dr6/mcs30_m4Dr6_s60.A01 fileNameGt=../../cp2016-max-common-connected-subgraph-paper/datasets/graphsdb/mcs30/m4D/m4Dr6/mcs30_m4Dr6_s60.B01
Reading graphs...
60 :  135
60 :  131
Initializing...
maxdom : 7
D->valSize : 236
Solving...
Blb : 2 (clique : 21)
currentSize : 21 <-- 0.001603 s
currentSize : 22 <-- 0.001715 s
currentSize : 23 <-- 0.001954 s
currentSize : 24 <-- 0.017231 s
currentSize : 25 <-- 0.114543 s
currentSize : 26 <-- 5.859074 s
currentSize : 27 <-- 18.446936 s

maxsize : 27
nodes : 25351988.000000
filtered : 171959107.000000
time : 107.420616
