Parameters: GAD=1 vflib=1 dir=0 label=0 vlabel=1 lowerbound=1 fileNameGp=../../cp2016-max-common-connected-subgraph-paper/datasets/graphsdb/mcs30/m3D/m3Dr4/mcs30_m3Dr4_s70.A09 fileNameGt=../../cp2016-max-common-connected-subgraph-paper/datasets/graphsdb/mcs30/m3D/m3Dr4/mcs30_m3Dr4_s70.B09
Reading graphs...
70 :  187
70 :  185
Initializing...
maxdom : 9
D->valSize : 360
Solving...
Blb : 2 (clique : 25)
currentSize : 25 <-- 0.003168 s
currentSize : 26 <-- 0.003332 s
currentSize : 27 <-- 0.003479 s
currentSize : 28 <-- 0.004236 s
currentSize : 29 <-- 0.004312 s
currentSize : 31 <-- 0.012121 s
currentSize : 32 <-- 66.039764 s

maxsize : 32
nodes : 128928652.000000
filtered : 1056025465.000000
time : 651.765015
