Parameters: GAD=1 vflib=1 dir=0 label=0 vlabel=1 lowerbound=1 fileNameGp=../../cp2016-max-common-connected-subgraph-paper/datasets/graphsdb/mcs30/rand/r005/mcs30_r005_s50.A08 fileNameGt=../../cp2016-max-common-connected-subgraph-paper/datasets/graphsdb/mcs30/rand/r005/mcs30_r005_s50.B08
Reading graphs...
50 :  121
50 :  122
Initializing...
maxdom : 9
D->valSize : 331
Solving...
Blb : 2 (clique : 18)
currentSize : 18 <-- 0.002398 s
currentSize : 19 <-- 0.004406 s
currentSize : 20 <-- 0.004530 s
currentSize : 21 <-- 0.054253 s
currentSize : 22 <-- 0.054438 s
currentSize : 23 <-- 5.230011 s
currentSize : 24 <-- 37.024643 s

maxsize : 24
nodes : 22003017.000000
filtered : 253346575.000000
time : 100.617714
