Parameters: GAD=1 vflib=1 dir=0 label=0 vlabel=1 lowerbound=1 fileNameGp=../../cp2016-max-common-connected-subgraph-paper/datasets/graphsdb/mcs30/m3D/m3Dr2/mcs30_m3Dr2_s90.A05 fileNameGt=../../cp2016-max-common-connected-subgraph-paper/datasets/graphsdb/mcs30/m3D/m3Dr2/mcs30_m3Dr2_s90.B05
Reading graphs...
90 :  222
90 :  225
Initializing...
maxdom : 11
D->valSize : 521
Solving...
Blb : 2 (clique : 28)
currentSize : 28 <-- 0.005781 s
currentSize : 29 <-- 0.006002 s
currentSize : 30 <-- 0.006091 s
currentSize : 32 <-- 0.006218 s
currentSize : 33 <-- 0.010658 s
currentSize : 34 <-- 0.335373 s
currentSize : 35 <-- 18.251623 s

TIMEOUT
maxsize : 35
nodes : 203386853.000000
filtered : 1182013246.000000
time : 1000.000061
