Parameters: GAD=1 vflib=1 dir=0 label=0 vlabel=1 lowerbound=1 fileNameGp=../../cp2016-max-common-connected-subgraph-paper/datasets/graphsdb/mcs30/m3D/m3D/mcs30_m3D_s90.A07 fileNameGt=../../cp2016-max-common-connected-subgraph-paper/datasets/graphsdb/mcs30/m3D/m3D/mcs30_m3D_s90.B07
Reading graphs...
90 :  208
90 :  208
Initializing...
maxdom : 8
D->valSize : 508
Solving...
Blb : 2 (clique : 29)
currentSize : 29 <-- 0.005752 s
currentSize : 31 <-- 0.005978 s
currentSize : 32 <-- 0.006093 s
currentSize : 33 <-- 14.493940 s
currentSize : 34 <-- 20.997984 s
currentSize : 35 <-- 161.375839 s
currentSize : 36 <-- 313.710754 s

TIMEOUT
maxsize : 36
nodes : 209276908.000000
filtered : 1234716326.000000
time : 1000.000061
