Parameters: GAD=1 vflib=1 dir=0 label=0 vlabel=1 lowerbound=1 fileNameGp=../../cp2016-max-common-connected-subgraph-paper/datasets/graphsdb/mcs30/m4D/m4Dr6/mcs30_m4Dr6_s50.A02 fileNameGt=../../cp2016-max-common-connected-subgraph-paper/datasets/graphsdb/mcs30/m4D/m4Dr6/mcs30_m4Dr6_s50.B02
Reading graphs...
50 :  117
50 :  115
Initializing...
maxdom : 11
D->valSize : 337
Solving...
Blb : 2 (clique : 18)
currentSize : 18 <-- 0.002466 s
currentSize : 19 <-- 0.037661 s
currentSize : 20 <-- 0.205452 s
currentSize : 21 <-- 0.391007 s
currentSize : 22 <-- 5.185194 s
currentSize : 23 <-- 34.180840 s
currentSize : 24 <-- 295.688354 s

maxsize : 24
nodes : 106325162.000000
filtered : 913194868.000000
time : 373.249084
