Parameters: GAD=1 vflib=1 dir=0 label=0 vlabel=1 lowerbound=1 fileNameGp=../../cp2016-max-common-connected-subgraph-paper/datasets/graphsdb/mcs30/bvg/b06/mcs30_b06_s90.A07 fileNameGt=../../cp2016-max-common-connected-subgraph-paper/datasets/graphsdb/mcs30/bvg/b06/mcs30_b06_s90.B07
Reading graphs...
90 :  268
90 :  267
Initializing...
maxdom : 11
D->valSize : 542
Solving...
Blb : 5 (clique : 27)
currentSize : 27 <-- 0.006301 s
currentSize : 28 <-- 0.006957 s
currentSize : 29 <-- 0.336851 s
currentSize : 30 <-- 1.492805 s
currentSize : 31 <-- 225.129089 s
currentSize : 32 <-- 502.728424 s

TIMEOUT
maxsize : 32
nodes : 193078123.000000
filtered : 1320190308.000000
time : 1000.000061
