Parameters: GAD=1 vflib=1 dir=0 label=0 vlabel=1 lowerbound=1 fileNameGp=../../cp2016-max-common-connected-subgraph-paper/datasets/graphsdb/mcs30/m3D/m3Dr2/mcs30_m3Dr2_s90.A00 fileNameGt=../../cp2016-max-common-connected-subgraph-paper/datasets/graphsdb/mcs30/m3D/m3Dr2/mcs30_m3Dr2_s90.B00
Reading graphs...
90 :  227
90 :  227
Initializing...
maxdom : 8
D->valSize : 507
Solving...
Blb : 2 (clique : 27)
currentSize : 27 <-- 0.005686 s
currentSize : 28 <-- 0.006332 s
currentSize : 29 <-- 0.007773 s
currentSize : 30 <-- 0.109807 s
currentSize : 31 <-- 0.110461 s
currentSize : 32 <-- 1.409256 s
currentSize : 33 <-- 25.994438 s
currentSize : 34 <-- 38.194580 s
currentSize : 35 <-- 138.042908 s
currentSize : 36 <-- 354.301849 s

TIMEOUT
maxsize : 36
nodes : 213624919.000000
filtered : 1154947987.000000
time : 1000.000061
