Parameters: GAD=1 vflib=1 dir=0 label=0 vlabel=1 lowerbound=1 fileNameGp=../../cp2016-max-common-connected-subgraph-paper/datasets/graphsdb/mcs30/m2D/m2Dr2/mcs30_m2Dr2_s50.A01 fileNameGt=../../cp2016-max-common-connected-subgraph-paper/datasets/graphsdb/mcs30/m2D/m2Dr2/mcs30_m2Dr2_s50.B01
Reading graphs...
50 :  94
50 :  94
Initializing...
maxdom : 8
D->valSize : 327
Solving...
Blb : 5 (clique : 19)
currentSize : 19 <-- 0.003784 s
currentSize : 20 <-- 0.003939 s
currentSize : 21 <-- 0.004121 s
currentSize : 22 <-- 0.006336 s
currentSize : 23 <-- 0.007641 s
currentSize : 24 <-- 10.125715 s
currentSize : 25 <-- 166.744141 s

maxsize : 25
nodes : 38076967.000000
filtered : 485099991.000000
time : 186.694153
