Parameters: GAD=1 vflib=1 dir=0 label=0 vlabel=1 lowerbound=1 fileNameGp=../../cp2016-max-common-connected-subgraph-paper/datasets/graphsdb/mcs30/m4D/m4Dr4/mcs30_m4Dr4_s50.A03 fileNameGt=../../cp2016-max-common-connected-subgraph-paper/datasets/graphsdb/mcs30/m4D/m4Dr4/mcs30_m4Dr4_s50.B03
Reading graphs...
50 :  105
50 :  104
Initializing...
maxdom : 9
D->valSize : 313
Solving...
Blb : 2 (clique : 18)
currentSize : 18 <-- 0.002202 s
currentSize : 19 <-- 0.002848 s
currentSize : 20 <-- 0.003751 s
currentSize : 21 <-- 0.004054 s
currentSize : 22 <-- 0.331089 s
currentSize : 23 <-- 8.685046 s
currentSize : 24 <-- 45.194408 s

maxsize : 24
nodes : 17743847.000000
filtered : 215698103.000000
time : 83.495377
