Parameters: GAD=1 vflib=1 dir=0 label=0 vlabel=1 lowerbound=1 fileNameGp=../../cp2016-max-common-connected-subgraph-paper/datasets/graphsdb/mcs30/rand/r01/mcs30_r01_s90.A04 fileNameGt=../../cp2016-max-common-connected-subgraph-paper/datasets/graphsdb/mcs30/rand/r01/mcs30_r01_s90.B04
Reading graphs...
90 :  761
90 :  754
Initializing...
maxdom : 9
D->valSize : 534
Solving...
Blb : 3 (clique : 14)
currentSize : 14 <-- 0.009178 s
currentSize : 17 <-- 0.009382 s
currentSize : 18 <-- 0.036587 s
currentSize : 19 <-- 0.318100 s
currentSize : 20 <-- 1.572691 s
currentSize : 21 <-- 9.025738 s
currentSize : 22 <-- 11.836610 s
currentSize : 23 <-- 33.006054 s
currentSize : 24 <-- 157.736771 s
currentSize : 25 <-- 224.442947 s
currentSize : 26 <-- 325.549530 s

TIMEOUT
maxsize : 26
nodes : 165422337.000000
filtered : 1783948345.000000
time : 1000.000061
