Parameters: GAD=1 vflib=1 dir=0 label=0 vlabel=1 lowerbound=1 fileNameGp=../../cp2016-max-common-connected-subgraph-paper/datasets/graphsdb/mcs30/m2D/m2Dr4/mcs30_m2Dr4_s80.A00 fileNameGt=../../cp2016-max-common-connected-subgraph-paper/datasets/graphsdb/mcs30/m2D/m2Dr4/mcs30_m2Dr4_s80.B00
Reading graphs...
80 :  174
80 :  173
Initializing...
maxdom : 11
D->valSize : 413
Solving...
Blb : 2 (clique : 26)
currentSize : 26 <-- 0.003888 s
currentSize : 27 <-- 0.159501 s
currentSize : 29 <-- 0.405456 s
currentSize : 30 <-- 1.810113 s
currentSize : 31 <-- 3.383207 s
currentSize : 32 <-- 20.529573 s
currentSize : 33 <-- 690.014648 s

TIMEOUT
maxsize : 33
nodes : 197792113.000000
filtered : 1581411902.000000
time : 1000.000061
