Parameters: GAD=1 vflib=1 dir=0 label=0 vlabel=1 lowerbound=1 fileNameGp=../../cp2016-max-common-connected-subgraph-paper/datasets/graphsdb/mcs30/bvg/b09/mcs30_b09_s90.A06 fileNameGt=../../cp2016-max-common-connected-subgraph-paper/datasets/graphsdb/mcs30/bvg/b09/mcs30_b09_s90.B06
Reading graphs...
90 :  403
90 :  403
Initializing...
maxdom : 10
D->valSize : 528
Solving...
Blb : 2 (clique : 21)
currentSize : 21 <-- 0.005986 s
currentSize : 22 <-- 0.006307 s
currentSize : 23 <-- 0.008795 s
currentSize : 24 <-- 0.043309 s
currentSize : 25 <-- 0.479954 s
currentSize : 26 <-- 1.281661 s
currentSize : 27 <-- 62.867199 s

TIMEOUT
maxsize : 27
nodes : 194715697.000000
filtered : 1380372601.000000
time : 1000.000061
