Parameters: GAD=1 vflib=1 dir=0 label=0 vlabel=1 lowerbound=1 fileNameGp=../../cp2016-max-common-connected-subgraph-paper/datasets/graphsdb/mcs30/m4D/m4Dr4/mcs30_m4Dr4_s50.A02 fileNameGt=../../cp2016-max-common-connected-subgraph-paper/datasets/graphsdb/mcs30/m4D/m4Dr4/mcs30_m4Dr4_s50.B02
Reading graphs...
50 :  106
50 :  105
Initializing...
maxdom : 13
D->valSize : 330
Solving...
Blb : 2 (clique : 19)
currentSize : 19 <-- 0.002292 s
currentSize : 20 <-- 0.002494 s
currentSize : 21 <-- 0.002783 s
currentSize : 22 <-- 0.050569 s
currentSize : 23 <-- 0.176676 s
currentSize : 24 <-- 3.490785 s
currentSize : 25 <-- 46.100777 s

maxsize : 25
nodes : 18071901.000000
filtered : 201478893.000000
time : 74.306328
