Parameters: GAD=1 vflib=1 dir=0 label=0 vlabel=1 lowerbound=1 fileNameGp=../../cp2016-max-common-connected-subgraph-paper/datasets/graphsdb/mcs30/rand/r005/mcs30_r005_s50.A02 fileNameGt=../../cp2016-max-common-connected-subgraph-paper/datasets/graphsdb/mcs30/rand/r005/mcs30_r005_s50.B02
Reading graphs...
50 :  125
50 :  124
Initializing...
maxdom : 9
D->valSize : 297
Solving...
Blb : 3 (clique : 18)
currentSize : 18 <-- 0.002047 s
currentSize : 19 <-- 0.004973 s
currentSize : 20 <-- 0.109346 s
currentSize : 21 <-- 0.162792 s
currentSize : 22 <-- 27.803762 s
currentSize : 23 <-- 102.260986 s

maxsize : 23
nodes : 31093838.000000
filtered : 263133495.000000
time : 122.242805
