Parameters: GAD=1 vflib=1 dir=0 label=0 vlabel=1 lowerbound=1 fileNameGp=../../cp2016-max-common-connected-subgraph-paper/datasets/graphsdb/mcs30/rand/r02/mcs30_r02_s100.A01 fileNameGt=../../cp2016-max-common-connected-subgraph-paper/datasets/graphsdb/mcs30/rand/r02/mcs30_r02_s100.B01
Reading graphs...
100 :  1764
100 :  1775
Initializing...
maxdom : 9
D->valSize : 367
Solving...
Blb : 2 (clique : 11)
currentSize : 11 <-- 0.003806 s
currentSize : 12 <-- 0.010781 s
currentSize : 13 <-- 0.014957 s
currentSize : 14 <-- 0.022718 s
currentSize : 15 <-- 0.146736 s
currentSize : 19 <-- 0.146891 s
currentSize : 21 <-- 0.202976 s
currentSize : 23 <-- 1.455465 s
currentSize : 24 <-- 1.759205 s
currentSize : 25 <-- 2.762772 s
currentSize : 26 <-- 2.770787 s
currentSize : 30 <-- 2.772004 s

maxsize : 30
nodes : 583712.000000
filtered : 6443079.000000
time : 3.811936
