Parameters: GAD=1 vflib=1 dir=0 label=0 vlabel=1 lowerbound=1 fileNameGp=../../cp2016-max-common-connected-subgraph-paper/datasets/graphsdb/mcs30/m4D/m4Dr4/mcs30_m4Dr4_s60.A02 fileNameGt=../../cp2016-max-common-connected-subgraph-paper/datasets/graphsdb/mcs30/m4D/m4Dr4/mcs30_m4Dr4_s60.B02
Reading graphs...
60 :  124
60 :  123
Initializing...
maxdom : 6
D->valSize : 230
Solving...
Blb : 2 (clique : 17)
currentSize : 17 <-- 0.001551 s
currentSize : 18 <-- 0.001680 s
currentSize : 19 <-- 0.001774 s
currentSize : 20 <-- 0.001881 s
currentSize : 21 <-- 0.006251 s
currentSize : 22 <-- 0.030848 s
currentSize : 23 <-- 0.328302 s
currentSize : 24 <-- 0.477010 s
currentSize : 25 <-- 0.732710 s
currentSize : 26 <-- 180.248596 s

maxsize : 26
nodes : 74701977.000000
filtered : 493410538.000000
time : 311.950531
