Parameters: GAD=1 vflib=1 dir=0 label=0 vlabel=1 lowerbound=1 fileNameGp=../../cp2016-max-common-connected-subgraph-paper/datasets/graphsdb/mcs30/bvg/b06/mcs30_b06_s60.A00 fileNameGt=../../cp2016-max-common-connected-subgraph-paper/datasets/graphsdb/mcs30/bvg/b06/mcs30_b06_s60.B00
Reading graphs...
60 :  178
60 :  176
Initializing...
maxdom : 8
D->valSize : 212
Solving...
Blb : 5 (clique : 19)
currentSize : 19 <-- 0.001450 s
currentSize : 20 <-- 0.013161 s
currentSize : 21 <-- 0.013303 s
currentSize : 22 <-- 0.042821 s
currentSize : 23 <-- 18.147877 s
currentSize : 24 <-- 18.148142 s

maxsize : 24
nodes : 13530415.000000
filtered : 78067008.000000
time : 53.410152
