Parameters: GAD=1 vflib=1 dir=0 label=0 vlabel=1 lowerbound=1 fileNameGp=../../cp2016-max-common-connected-subgraph-paper/datasets/graphsdb/mcs30/m3D/m3Dr4/mcs30_m3Dr4_s90.A03 fileNameGt=../../cp2016-max-common-connected-subgraph-paper/datasets/graphsdb/mcs30/m3D/m3Dr4/mcs30_m3Dr4_s90.B03
Reading graphs...
90 :  241
90 :  241
Initializing...
maxdom : 9
D->valSize : 539
Solving...
Blb : 2 (clique : 31)
currentSize : 31 <-- 0.006186 s
currentSize : 32 <-- 0.006454 s
currentSize : 33 <-- 0.006819 s
currentSize : 34 <-- 0.417541 s
currentSize : 35 <-- 3.065276 s
currentSize : 36 <-- 696.851196 s

TIMEOUT
maxsize : 36
nodes : 196825817.000000
filtered : 1070949195.000000
time : 1000.000061
