Parameters: GAD=1 vflib=1 dir=0 label=0 vlabel=1 lowerbound=1 fileNameGp=../../cp2016-max-common-connected-subgraph-paper/datasets/graphsdb/mcs30/bvg/b03/mcs30_b03_s50.A07 fileNameGt=../../cp2016-max-common-connected-subgraph-paper/datasets/graphsdb/mcs30/bvg/b03/mcs30_b03_s50.B07
Reading graphs...
50 :  75
50 :  75
Initializing...
maxdom : 10
D->valSize : 327
Solving...
Blb : 2 (clique : 23)
currentSize : 23 <-- 0.002408 s
currentSize : 24 <-- 0.013752 s
currentSize : 25 <-- 0.025743 s
currentSize : 26 <-- 0.067080 s
currentSize : 27 <-- 1.365337 s
currentSize : 28 <-- 1.604270 s
currentSize : 29 <-- 4.867316 s

maxsize : 29
nodes : 40755121.000000
filtered : 511970767.000000
time : 178.029236
