Parameters: GAD=1 vflib=1 dir=0 label=0 vlabel=1 lowerbound=1 fileNameGp=../../cp2016-max-common-connected-subgraph-paper/datasets/graphsdb/mcs30/m2D/m2Dr4/mcs30_m2Dr4_s70.A00 fileNameGt=../../cp2016-max-common-connected-subgraph-paper/datasets/graphsdb/mcs30/m2D/m2Dr4/mcs30_m2Dr4_s70.B00
Reading graphs...
70 :  150
70 :  147
Initializing...
maxdom : 7
D->valSize : 335
Solving...
Blb : 2 (clique : 24)
currentSize : 24 <-- 0.002806 s
currentSize : 25 <-- 0.002973 s
currentSize : 26 <-- 0.003086 s
currentSize : 27 <-- 0.004972 s
currentSize : 28 <-- 0.115825 s
currentSize : 29 <-- 172.272003 s
currentSize : 30 <-- 379.251556 s

TIMEOUT
maxsize : 30
nodes : 228685300.000000
filtered : 1453976636.000000
time : 1000.000000
