Parameters: GAD=1 vflib=1 dir=0 label=0 vlabel=1 lowerbound=1 fileNameGp=../../cp2016-max-common-connected-subgraph-paper/datasets/graphsdb/mcs30/m2D/m2Dr2/mcs30_m2Dr2_s100.A00 fileNameGt=../../cp2016-max-common-connected-subgraph-paper/datasets/graphsdb/mcs30/m2D/m2Dr2/mcs30_m2Dr2_s100.B00
Reading graphs...
100 :  197
100 :  197
Initializing...
maxdom : 7
D->valSize : 339
Solving...
Blb : 5 (clique : 30)
currentSize : 30 <-- 0.003345 s
currentSize : 31 <-- 0.003689 s
currentSize : 32 <-- 0.004008 s
currentSize : 33 <-- 0.004551 s
currentSize : 34 <-- 0.010038 s
currentSize : 35 <-- 0.010234 s
currentSize : 36 <-- 0.425157 s
currentSize : 37 <-- 0.966910 s
currentSize : 38 <-- 271.872772 s
currentSize : 39 <-- 432.610962 s
currentSize : 40 <-- 433.210052 s

TIMEOUT
maxsize : 40
nodes : 202787759.000000
filtered : 834192900.000000
time : 1000.000061
