Parameters: GAD=1 vflib=1 dir=0 label=0 vlabel=1 lowerbound=1 fileNameGp=../../cp2016-max-common-connected-subgraph-paper/datasets/graphsdb/mcs30/rand/r005/mcs30_r005_s70.A04 fileNameGt=../../cp2016-max-common-connected-subgraph-paper/datasets/graphsdb/mcs30/rand/r005/mcs30_r005_s70.B04
Reading graphs...
70 :  235
70 :  235
Initializing...
maxdom : 8
D->valSize : 301
Solving...
Blb : 2 (clique : 22)
currentSize : 22 <-- 0.002438 s
currentSize : 23 <-- 0.653178 s
currentSize : 24 <-- 1.318338 s
currentSize : 25 <-- 2.138854 s
currentSize : 26 <-- 3.754662 s
currentSize : 27 <-- 393.193024 s

maxsize : 27
nodes : 144606978.000000
filtered : 1108078177.000000
time : 673.448425
