Parameters: GAD=1 vflib=1 dir=0 label=0 vlabel=1 lowerbound=1 fileNameGp=../../cp2016-max-common-connected-subgraph-paper/datasets/graphsdb/mcs30/rand/r005/mcs30_r005_s90.A05 fileNameGt=../../cp2016-max-common-connected-subgraph-paper/datasets/graphsdb/mcs30/rand/r005/mcs30_r005_s90.B05
Reading graphs...
90 :  392
90 :  391
Initializing...
maxdom : 9
D->valSize : 511
Solving...
Blb : 2 (clique : 21)
currentSize : 21 <-- 0.005503 s
currentSize : 22 <-- 0.006807 s
currentSize : 23 <-- 0.009339 s
currentSize : 24 <-- 0.010583 s
currentSize : 25 <-- 28.681929 s
currentSize : 26 <-- 103.626190 s
currentSize : 27 <-- 368.736389 s

TIMEOUT
maxsize : 27
nodes : 190456201.000000
filtered : 1351056247.000000
time : 1000.000000
