Parameters: GAD=1 vflib=1 dir=0 label=0 vlabel=1 lowerbound=1 fileNameGp=../../cp2016-max-common-connected-subgraph-paper/datasets/graphsdb/mcs30/m4D/m4Dr6/mcs30_m4Dr6_s90.A07 fileNameGt=../../cp2016-max-common-connected-subgraph-paper/datasets/graphsdb/mcs30/m4D/m4Dr6/mcs30_m4Dr6_s90.B07
Reading graphs...
90 :  197
90 :  197
Initializing...
maxdom : 12
D->valSize : 530
Solving...
Blb : 2 (clique : 31)
currentSize : 31 <-- 0.006080 s
currentSize : 33 <-- 0.006379 s
currentSize : 34 <-- 0.048635 s
currentSize : 35 <-- 2.147890 s
currentSize : 36 <-- 12.653910 s
currentSize : 37 <-- 43.418324 s
currentSize : 38 <-- 118.965378 s
currentSize : 39 <-- 204.037567 s
currentSize : 40 <-- 232.106964 s

TIMEOUT
maxsize : 40
nodes : 203536776.000000
filtered : 1133663066.000000
time : 1000.000061
