Parameters: GAD=1 vflib=1 dir=0 label=0 vlabel=1 lowerbound=1 fileNameGp=../../cp2016-max-common-connected-subgraph-paper/datasets/graphsdb/mcs30/m2D/m2Dr6/mcs30_m2Dr6_s60.A00 fileNameGt=../../cp2016-max-common-connected-subgraph-paper/datasets/graphsdb/mcs30/m2D/m2Dr6/mcs30_m2Dr6_s60.B00
Reading graphs...
60 :  137
60 :  140
Initializing...
maxdom : 6
D->valSize : 231
Solving...
Blb : 2 (clique : 20)
currentSize : 20 <-- 0.002513 s
currentSize : 21 <-- 0.004393 s
currentSize : 22 <-- 0.114699 s
currentSize : 23 <-- 1.293213 s
currentSize : 24 <-- 3.402050 s
currentSize : 25 <-- 11.658793 s

maxsize : 25
nodes : 59447867.000000
filtered : 400872012.000000
time : 246.828979
