Parameters: GAD=1 vflib=1 dir=0 label=0 vlabel=1 lowerbound=1 fileNameGp=../../cp2016-max-common-connected-subgraph-paper/datasets/graphsdb/mcs30/m4D/m4Dr2/mcs30_m4Dr2_s60.A03 fileNameGt=../../cp2016-max-common-connected-subgraph-paper/datasets/graphsdb/mcs30/m4D/m4Dr2/mcs30_m4Dr2_s60.B03
Reading graphs...
60 :  114
60 :  114
Initializing...
maxdom : 9
D->valSize : 271
Solving...
Blb : 5 (clique : 21)
currentSize : 21 <-- 0.001917 s
currentSize : 22 <-- 0.002818 s
currentSize : 23 <-- 0.558022 s
currentSize : 24 <-- 0.631313 s
currentSize : 25 <-- 1.157451 s
currentSize : 26 <-- 26.271044 s
currentSize : 27 <-- 45.453423 s

maxsize : 27
nodes : 27646930.000000
filtered : 230108267.000000
time : 122.276848
