Parameters: GAD=1 vflib=1 dir=0 label=0 vlabel=1 lowerbound=1 fileNameGp=../../cp2016-max-common-connected-subgraph-paper/datasets/graphsdb/mcs30/bvg/b03/mcs30_b03_s60.A00 fileNameGt=../../cp2016-max-common-connected-subgraph-paper/datasets/graphsdb/mcs30/bvg/b03/mcs30_b03_s60.B00
Reading graphs...
60 :  90
60 :  89
Initializing...
maxdom : 7
D->valSize : 216
Solving...
Blb : 2 (clique : 20)
currentSize : 20 <-- 0.001465 s
currentSize : 21 <-- 0.001723 s
currentSize : 22 <-- 0.002761 s
currentSize : 23 <-- 0.004682 s
currentSize : 24 <-- 0.004740 s
currentSize : 25 <-- 0.027954 s
currentSize : 26 <-- 0.838509 s
currentSize : 27 <-- 1.642203 s
currentSize : 28 <-- 21.744884 s

maxsize : 28
nodes : 23363282.000000
filtered : 145646183.000000
time : 96.917114
