Parameters: GAD=1 vflib=1 dir=0 label=0 vlabel=1 lowerbound=1 fileNameGp=../../cp2016-max-common-connected-subgraph-paper/datasets/graphsdb/mcs30/m3D/m3D/mcs30_m3D_s90.A04 fileNameGt=../../cp2016-max-common-connected-subgraph-paper/datasets/graphsdb/mcs30/m3D/m3D/mcs30_m3D_s90.B04
Reading graphs...
90 :  206
90 :  207
Initializing...
maxdom : 10
D->valSize : 527
Solving...
Blb : 2 (clique : 30)
currentSize : 30 <-- 0.009473 s
currentSize : 31 <-- 0.102322 s
currentSize : 32 <-- 0.102772 s
currentSize : 33 <-- 0.104232 s
currentSize : 34 <-- 0.350258 s
currentSize : 35 <-- 0.654170 s
currentSize : 36 <-- 56.136089 s

TIMEOUT
maxsize : 36
nodes : 218557827.000000
filtered : 1211134350.000000
time : 1000.000061
