Parameters: GAD=1 vflib=1 dir=0 label=0 vlabel=1 lowerbound=1 fileNameGp=../../cp2016-max-common-connected-subgraph-paper/datasets/graphsdb/mcs30/bvg/b06/mcs30_b06_s90.A06 fileNameGt=../../cp2016-max-common-connected-subgraph-paper/datasets/graphsdb/mcs30/bvg/b06/mcs30_b06_s90.B06
Reading graphs...
90 :  266
90 :  270
Initializing...
maxdom : 10
D->valSize : 549
Solving...
Blb : 2 (clique : 26)
currentSize : 26 <-- 0.010694 s
currentSize : 27 <-- 0.011063 s
currentSize : 28 <-- 0.011161 s
currentSize : 29 <-- 0.011461 s
currentSize : 30 <-- 0.014645 s
currentSize : 31 <-- 0.014906 s
currentSize : 32 <-- 0.015886 s
currentSize : 33 <-- 0.026293 s

TIMEOUT
maxsize : 33
nodes : 180640659.000000
filtered : 1816870192.000000
time : 1000.000061
