Parameters: GAD=1 vflib=1 dir=0 label=0 vlabel=1 lowerbound=1 fileNameGp=../../cp2016-max-common-connected-subgraph-paper/datasets/graphsdb/mcs30/m2D/m2Dr4/mcs30_m2Dr4_s50.A06 fileNameGt=../../cp2016-max-common-connected-subgraph-paper/datasets/graphsdb/mcs30/m2D/m2Dr4/mcs30_m2Dr4_s50.B06
Reading graphs...
50 :  102
50 :  100
Initializing...
maxdom : 13
D->valSize : 331
Solving...
Blb : 2 (clique : 19)
currentSize : 19 <-- 0.002289 s
currentSize : 20 <-- 0.002419 s
currentSize : 21 <-- 0.003235 s
currentSize : 22 <-- 0.006195 s
currentSize : 23 <-- 0.015492 s
currentSize : 24 <-- 0.110380 s
currentSize : 25 <-- 13.286577 s
currentSize : 26 <-- 55.386715 s

maxsize : 26
nodes : 15231552.000000
filtered : 190012786.000000
time : 64.992203
