Parameters: GAD=1 vflib=1 dir=0 label=0 vlabel=1 lowerbound=1 fileNameGp=../../cp2016-max-common-connected-subgraph-paper/datasets/graphsdb/mcs30/m3D/m3D/mcs30_m3D_s80.A09 fileNameGt=../../cp2016-max-common-connected-subgraph-paper/datasets/graphsdb/mcs30/m3D/m3D/mcs30_m3D_s80.B09
Reading graphs...
80 :  183
80 :  183
Initializing...
maxdom : 9
D->valSize : 426
Solving...
Blb : 2 (clique : 28)
currentSize : 28 <-- 0.006790 s
currentSize : 30 <-- 0.007095 s
currentSize : 31 <-- 0.007481 s
currentSize : 32 <-- 0.879034 s
currentSize : 33 <-- 11.484400 s
currentSize : 34 <-- 38.763401 s

TIMEOUT
maxsize : 34
nodes : 224437401.000000
filtered : 1297505020.000000
time : 1000.000061
