Parameters: GAD=1 vflib=1 dir=0 label=0 vlabel=1 lowerbound=1 fileNameGp=../../cp2016-max-common-connected-subgraph-paper/datasets/graphsdb/mcs30/m2D/m2Dr4/mcs30_m2Dr4_s60.A08 fileNameGt=../../cp2016-max-common-connected-subgraph-paper/datasets/graphsdb/mcs30/m2D/m2Dr4/mcs30_m2Dr4_s60.B08
Reading graphs...
60 :  127
60 :  123
Initializing...
maxdom : 8
D->valSize : 227
Solving...
Blb : 2 (clique : 21)
currentSize : 21 <-- 0.001681 s
currentSize : 22 <-- 0.001829 s
currentSize : 23 <-- 0.003968 s
currentSize : 24 <-- 0.067064 s
currentSize : 25 <-- 0.195016 s
currentSize : 26 <-- 0.203168 s
currentSize : 27 <-- 2.866498 s

maxsize : 27
nodes : 77620170.000000
filtered : 527444582.000000
time : 317.674164
