Parameters: GAD=1 vflib=1 dir=0 label=0 vlabel=1 lowerbound=1 fileNameGp=../../cp2016-max-common-connected-subgraph-paper/datasets/graphsdb/mcs30/m4D/m4Dr6/mcs30_m4Dr6_s70.A03 fileNameGt=../../cp2016-max-common-connected-subgraph-paper/datasets/graphsdb/mcs30/m4D/m4Dr6/mcs30_m4Dr6_s70.B03
Reading graphs...
70 :  156
70 :  157
Initializing...
maxdom : 8
D->valSize : 317
Solving...
Blb : 2 (clique : 24)
currentSize : 24 <-- 0.002511 s
currentSize : 25 <-- 0.002671 s
currentSize : 26 <-- 0.002755 s
currentSize : 27 <-- 0.002867 s
currentSize : 29 <-- 0.064700 s
currentSize : 30 <-- 0.064802 s
currentSize : 31 <-- 0.222712 s

TIMEOUT
maxsize : 31
nodes : 211759500.000000
filtered : 1583645291.000000
time : 1000.000061
