Parameters: GAD=1 vflib=1 dir=0 label=0 vlabel=1 lowerbound=1 fileNameGp=../../cp2016-max-common-connected-subgraph-paper/datasets/graphsdb/mcs30/m4D/m4Dr6/mcs30_m4Dr6_s50.A01 fileNameGt=../../cp2016-max-common-connected-subgraph-paper/datasets/graphsdb/mcs30/m4D/m4Dr6/mcs30_m4Dr6_s50.B01
Reading graphs...
50 :  113
50 :  110
Initializing...
maxdom : 10
D->valSize : 349
Solving...
Blb : 2 (clique : 19)
currentSize : 19 <-- 0.002571 s
currentSize : 20 <-- 0.002706 s
currentSize : 21 <-- 0.105771 s
currentSize : 22 <-- 0.261180 s
currentSize : 23 <-- 1.965223 s
currentSize : 24 <-- 65.156837 s
currentSize : 25 <-- 142.255844 s
currentSize : 26 <-- 234.088089 s

maxsize : 26
nodes : 92007212.000000
filtered : 905703735.000000
time : 365.126251
