Parameters: GAD=1 vflib=1 dir=0 label=0 vlabel=1 lowerbound=1 fileNameGp=../../cp2016-max-common-connected-subgraph-paper/datasets/graphsdb/mcs30/bvg/b03/mcs30_b03_s50.A01 fileNameGt=../../cp2016-max-common-connected-subgraph-paper/datasets/graphsdb/mcs30/bvg/b03/mcs30_b03_s50.B01
Reading graphs...
50 :  75
50 :  74
Initializing...
maxdom : 7
D->valSize : 324
Solving...
Blb : 2 (clique : 23)
currentSize : 23 <-- 0.002287 s
currentSize : 24 <-- 0.104045 s
currentSize : 25 <-- 0.106326 s
currentSize : 26 <-- 0.227731 s
currentSize : 27 <-- 0.883390 s
currentSize : 28 <-- 22.794792 s

maxsize : 28
nodes : 219586380.000000
filtered : 2278535573.000000
time : 913.510254
