Parameters: GAD=1 vflib=1 dir=0 label=0 vlabel=1 lowerbound=1 fileNameGp=../../cp2016-max-common-connected-subgraph-paper/datasets/graphsdb/mcs30/m2D/m2Dr4/mcs30_m2Dr4_s90.A04 fileNameGt=../../cp2016-max-common-connected-subgraph-paper/datasets/graphsdb/mcs30/m2D/m2Dr4/mcs30_m2Dr4_s90.B04
Reading graphs...
90 :  194
90 :  194
Initializing...
maxdom : 9
D->valSize : 518
Solving...
Blb : 2 (clique : 33)
currentSize : 33 <-- 0.005778 s
currentSize : 34 <-- 0.054101 s
currentSize : 35 <-- 0.061898 s
currentSize : 36 <-- 0.067360 s
currentSize : 37 <-- 7.749955 s
currentSize : 38 <-- 13.351489 s
currentSize : 39 <-- 62.969830 s

TIMEOUT
maxsize : 39
nodes : 201751045.000000
filtered : 1408291005.000000
time : 1000.000061
