Parameters: GAD=1 vflib=1 dir=0 label=0 vlabel=1 lowerbound=1 fileNameGp=../../cp2016-max-common-connected-subgraph-paper/datasets/graphsdb/mcs30/m2D/m2Dr2/mcs30_m2Dr2_s80.A05 fileNameGt=../../cp2016-max-common-connected-subgraph-paper/datasets/graphsdb/mcs30/m2D/m2Dr2/mcs30_m2Dr2_s80.B05
Reading graphs...
80 :  157
80 :  157
Initializing...
maxdom : 10
D->valSize : 456
Solving...
Blb : 2 (clique : 27)
currentSize : 27 <-- 0.004628 s
currentSize : 28 <-- 0.004827 s
currentSize : 29 <-- 0.004867 s
currentSize : 30 <-- 0.004940 s
currentSize : 31 <-- 0.020351 s
currentSize : 32 <-- 0.026090 s
currentSize : 33 <-- 3.580685 s
currentSize : 34 <-- 18.212383 s
currentSize : 35 <-- 91.144897 s
currentSize : 36 <-- 93.833298 s

TIMEOUT
maxsize : 36
nodes : 185719604.000000
filtered : 1457930569.000000
time : 1000.000061
