Parameters: GAD=1 vflib=1 dir=0 label=0 vlabel=1 lowerbound=1 fileNameGp=../../cp2016-max-common-connected-subgraph-paper/datasets/graphsdb/mcs30/rand/r02/mcs30_r02_s90.A03 fileNameGt=../../cp2016-max-common-connected-subgraph-paper/datasets/graphsdb/mcs30/rand/r02/mcs30_r02_s90.B03
Reading graphs...
90 :  1424
90 :  1433
Initializing...
maxdom : 10
D->valSize : 525
Solving...
Blb : 2 (clique : 11)
currentSize : 11 <-- 0.005495 s
currentSize : 12 <-- 0.019526 s
currentSize : 13 <-- 0.078682 s
currentSize : 14 <-- 1.670304 s
currentSize : 15 <-- 3.452851 s
currentSize : 16 <-- 12.175999 s
currentSize : 17 <-- 21.801489 s
currentSize : 18 <-- 22.087133 s
currentSize : 20 <-- 22.091064 s
currentSize : 23 <-- 22.321461 s
currentSize : 27 <-- 22.322989 s

maxsize : 27
nodes : 7535318.000000
filtered : 75870004.000000
time : 43.960129
