Parameters: GAD=1 vflib=1 dir=0 label=0 vlabel=1 lowerbound=1 fileNameGp=../../cp2016-max-common-connected-subgraph-paper/datasets/graphsdb/mcs30/m4D/m4Dr4/mcs30_m4Dr4_s60.A03 fileNameGt=../../cp2016-max-common-connected-subgraph-paper/datasets/graphsdb/mcs30/m4D/m4Dr4/mcs30_m4Dr4_s60.B03
Reading graphs...
60 :  124
60 :  123
Initializing...
maxdom : 8
D->valSize : 272
Solving...
Blb : 5 (clique : 22)
currentSize : 22 <-- 0.001999 s
currentSize : 23 <-- 0.003107 s
currentSize : 24 <-- 0.082315 s
currentSize : 25 <-- 0.090819 s
currentSize : 26 <-- 2.020719 s
currentSize : 27 <-- 2.314810 s

TIMEOUT
maxsize : 27
nodes : 235106929.000000
filtered : 1766231471.000000
time : 1000.000000
