Parameters: GAD=1 vflib=1 dir=0 label=0 vlabel=1 lowerbound=1 fileNameGp=../../cp2016-max-common-connected-subgraph-paper/datasets/graphsdb/mcs30/m4D/m4Dr6/mcs30_m4Dr6_s90.A06 fileNameGt=../../cp2016-max-common-connected-subgraph-paper/datasets/graphsdb/mcs30/m4D/m4Dr6/mcs30_m4Dr6_s90.B06
Reading graphs...
90 :  195
90 :  195
Initializing...
maxdom : 15
D->valSize : 509
Solving...
Blb : 3 (clique : 32)
currentSize : 32 <-- 0.005766 s
currentSize : 33 <-- 0.006003 s
currentSize : 34 <-- 0.006167 s
currentSize : 35 <-- 0.006371 s
currentSize : 36 <-- 0.014876 s
currentSize : 37 <-- 0.015043 s
currentSize : 38 <-- 0.846129 s
currentSize : 39 <-- 8.044132 s

TIMEOUT
maxsize : 39
nodes : 204827891.000000
filtered : 1267630896.000000
time : 1000.000061
