Parameters: GAD=1 vflib=1 dir=0 label=0 vlabel=1 lowerbound=1 fileNameGp=../../cp2016-max-common-connected-subgraph-paper/datasets/graphsdb/mcs30/m2D/m2Dr6/mcs30_m2Dr6_s80.A08 fileNameGt=../../cp2016-max-common-connected-subgraph-paper/datasets/graphsdb/mcs30/m2D/m2Dr6/mcs30_m2Dr6_s80.B08
Reading graphs...
80 :  188
80 :  186
Initializing...
maxdom : 11
D->valSize : 384
Solving...
Blb : 3 (clique : 29)
currentSize : 29 <-- 0.003651 s
currentSize : 30 <-- 0.055581 s
currentSize : 31 <-- 0.069797 s
currentSize : 32 <-- 0.381511 s
currentSize : 33 <-- 0.384597 s
currentSize : 34 <-- 0.391566 s
currentSize : 35 <-- 0.409341 s

TIMEOUT
maxsize : 35
nodes : 181123179.000000
filtered : 1570899475.000000
time : 1000.000061
