Parameters: GAD=1 vflib=1 dir=0 label=0 vlabel=1 lowerbound=1 fileNameGp=../../cp2016-max-common-connected-subgraph-paper/datasets/graphsdb/mcs30/m4D/m4Dr4/mcs30_m4Dr4_s80.A03 fileNameGt=../../cp2016-max-common-connected-subgraph-paper/datasets/graphsdb/mcs30/m4D/m4Dr4/mcs30_m4Dr4_s80.B03
Reading graphs...
80 :  159
80 :  160
Initializing...
maxdom : 9
D->valSize : 403
Solving...
Blb : 2 (clique : 30)
currentSize : 30 <-- 0.003782 s
currentSize : 31 <-- 0.004033 s
currentSize : 32 <-- 0.007798 s
currentSize : 33 <-- 1.710055 s
currentSize : 34 <-- 11.330726 s
currentSize : 35 <-- 291.719116 s
currentSize : 36 <-- 300.197327 s

TIMEOUT
maxsize : 36
nodes : 228407321.000000
filtered : 1518666039.000000
time : 1000.000061
