Parameters: GAD=1 vflib=1 dir=0 label=0 vlabel=1 lowerbound=1 fileNameGp=../../cp2016-max-common-connected-subgraph-paper/datasets/graphsdb/mcs30/bvg/b06m/mcs30_b06m_s90.A08 fileNameGt=../../cp2016-max-common-connected-subgraph-paper/datasets/graphsdb/mcs30/bvg/b06m/mcs30_b06m_s90.B08
Reading graphs...
90 :  262
90 :  265
Initializing...
maxdom : 9
D->valSize : 545
Solving...
Blb : 2 (clique : 29)
currentSize : 29 <-- 0.006241 s
currentSize : 30 <-- 0.025976 s
currentSize : 31 <-- 0.087718 s
currentSize : 32 <-- 0.473069 s
currentSize : 33 <-- 25.109917 s
currentSize : 34 <-- 830.910156 s

TIMEOUT
maxsize : 34
nodes : 194641458.000000
filtered : 1442180800.000000
time : 1000.000061
