Parameters: GAD=1 vflib=1 dir=0 label=0 vlabel=1 lowerbound=1 fileNameGp=../../cp2016-max-common-connected-subgraph-paper/datasets/graphsdb/mcs30/m2D/m2Dr6/mcs30_m2Dr6_s50.A04 fileNameGt=../../cp2016-max-common-connected-subgraph-paper/datasets/graphsdb/mcs30/m2D/m2Dr6/mcs30_m2Dr6_s50.B04
Reading graphs...
50 :  114
50 :  114
Initializing...
maxdom : 13
D->valSize : 325
Solving...
Blb : 3 (clique : 17)
currentSize : 17 <-- 0.002313 s
currentSize : 18 <-- 0.002419 s
currentSize : 19 <-- 0.002456 s
currentSize : 20 <-- 0.008247 s
currentSize : 21 <-- 0.404576 s
currentSize : 22 <-- 1.771159 s
currentSize : 23 <-- 52.011002 s
currentSize : 24 <-- 52.395184 s

maxsize : 24
nodes : 38833707.000000
filtered : 425777839.000000
time : 158.713776
