Parameters: GAD=1 vflib=1 dir=0 label=0 vlabel=1 lowerbound=1 fileNameGp=../../cp2016-max-common-connected-subgraph-paper/datasets/graphsdb/mcs30/rand/r005/mcs30_r005_s80.A08 fileNameGt=../../cp2016-max-common-connected-subgraph-paper/datasets/graphsdb/mcs30/rand/r005/mcs30_r005_s80.B08
Reading graphs...
80 :  304
80 :  314
Initializing...
maxdom : 9
D->valSize : 386
Solving...
Blb : 2 (clique : 20)
currentSize : 20 <-- 0.003434 s
currentSize : 21 <-- 0.003945 s
currentSize : 22 <-- 0.004438 s
currentSize : 23 <-- 0.007267 s
currentSize : 24 <-- 0.026184 s
currentSize : 25 <-- 10.609751 s
currentSize : 26 <-- 27.859592 s
currentSize : 27 <-- 35.690739 s

TIMEOUT
maxsize : 27
nodes : 200385004.000000
filtered : 1380675465.000000
time : 1000.000000
