Parameters: GAD=1 vflib=1 dir=0 label=0 vlabel=1 lowerbound=1 fileNameGp=../../cp2016-max-common-connected-subgraph-paper/datasets/graphsdb/mcs30/m2D/m2Dr2/mcs30_m2Dr2_s50.A08 fileNameGt=../../cp2016-max-common-connected-subgraph-paper/datasets/graphsdb/mcs30/m2D/m2Dr2/mcs30_m2Dr2_s50.B08
Reading graphs...
50 :  93
50 :  92
Initializing...
maxdom : 14
D->valSize : 363
Solving...
Blb : 2 (clique : 18)
currentSize : 18 <-- 0.002837 s
currentSize : 19 <-- 0.003809 s
currentSize : 20 <-- 0.004710 s
currentSize : 21 <-- 0.004765 s
currentSize : 22 <-- 0.032640 s
currentSize : 23 <-- 0.055020 s
currentSize : 24 <-- 5.919502 s
currentSize : 25 <-- 10.961172 s
currentSize : 26 <-- 34.021660 s
currentSize : 27 <-- 128.896317 s

maxsize : 27
nodes : 147765345.000000
filtered : 1768810017.000000
time : 634.413757
