Parameters: GAD=1 vflib=1 dir=0 label=0 vlabel=1 lowerbound=1 fileNameGp=../../cp2016-max-common-connected-subgraph-paper/datasets/graphsdb/mcs30/m3D/m3Dr2/mcs30_m3Dr2_s100.A05 fileNameGt=../../cp2016-max-common-connected-subgraph-paper/datasets/graphsdb/mcs30/m3D/m3Dr2/mcs30_m3Dr2_s100.B05
Reading graphs...
100 :  252
100 :  254
Initializing...
maxdom : 7
D->valSize : 344
Solving...
Blb : 3 (clique : 30)
currentSize : 30 <-- 0.003396 s
currentSize : 31 <-- 0.211410 s
currentSize : 32 <-- 0.308211 s
currentSize : 33 <-- 0.358275 s
currentSize : 34 <-- 1.877292 s
currentSize : 35 <-- 535.054382 s
currentSize : 36 <-- 586.665344 s
currentSize : 37 <-- 661.812561 s

TIMEOUT
maxsize : 37
nodes : 209007290.000000
filtered : 771648605.000000
time : 1000.000061
