Parameters: GAD=1 vflib=1 dir=0 label=0 vlabel=1 lowerbound=1 fileNameGp=../../cp2016-max-common-connected-subgraph-paper/datasets/graphsdb/mcs30/bvg/b09m/mcs30_b09m_s60.A06 fileNameGt=../../cp2016-max-common-connected-subgraph-paper/datasets/graphsdb/mcs30/bvg/b09m/mcs30_b09m_s60.B06
Reading graphs...
60 :  259
60 :  259
Initializing...
maxdom : 7
D->valSize : 247
Solving...
Blb : 3 (clique : 14)
currentSize : 14 <-- 0.001776 s
currentSize : 15 <-- 0.001893 s
currentSize : 16 <-- 0.002169 s
currentSize : 18 <-- 0.002701 s
currentSize : 19 <-- 0.032339 s
currentSize : 20 <-- 1.109006 s
currentSize : 21 <-- 1.109276 s
currentSize : 22 <-- 1.109684 s
currentSize : 23 <-- 6.109169 s

maxsize : 23
nodes : 3291466.000000
filtered : 20070372.000000
time : 13.685706
