Parameters: GAD=1 vflib=1 dir=0 label=0 vlabel=1 lowerbound=1 fileNameGp=../../cp2016-max-common-connected-subgraph-paper/datasets/graphsdb/mcs30/m4D/m4Dr2/mcs30_m4Dr2_s60.A04 fileNameGt=../../cp2016-max-common-connected-subgraph-paper/datasets/graphsdb/mcs30/m4D/m4Dr2/mcs30_m4Dr2_s60.B04
Reading graphs...
60 :  114
60 :  113
Initializing...
maxdom : 6
D->valSize : 241
Solving...
Blb : 2 (clique : 20)
currentSize : 20 <-- 0.001664 s
currentSize : 21 <-- 0.001793 s
currentSize : 22 <-- 0.001866 s
currentSize : 23 <-- 0.007732 s
currentSize : 24 <-- 0.135370 s
currentSize : 25 <-- 1.309338 s
currentSize : 26 <-- 28.530727 s
currentSize : 27 <-- 36.152481 s

maxsize : 27
nodes : 23435341.000000
filtered : 156135467.000000
time : 98.935898
