Parameters: GAD=1 vflib=1 dir=0 label=0 vlabel=1 lowerbound=1 fileNameGp=../../cp2016-max-common-connected-subgraph-paper/datasets/graphsdb/mcs30/m4D/m4Dr6/mcs30_m4Dr6_s60.A09 fileNameGt=../../cp2016-max-common-connected-subgraph-paper/datasets/graphsdb/mcs30/m4D/m4Dr6/mcs30_m4Dr6_s60.B09
Reading graphs...
60 :  135
60 :  135
Initializing...
maxdom : 8
D->valSize : 256
Solving...
Blb : 2 (clique : 20)
currentSize : 20 <-- 0.001743 s
currentSize : 21 <-- 0.005284 s
currentSize : 22 <-- 0.095850 s
currentSize : 23 <-- 0.796610 s
currentSize : 24 <-- 3.146115 s
currentSize : 25 <-- 34.969250 s
currentSize : 26 <-- 99.434341 s

maxsize : 26
nodes : 29038949.000000
filtered : 219035773.000000
time : 118.001953
