Parameters: GAD=1 vflib=1 dir=0 label=0 vlabel=1 lowerbound=1 fileNameGp=../../cp2016-max-common-connected-subgraph-paper/datasets/graphsdb/mcs30/m3D/m3D/mcs30_m3D_s90.A03 fileNameGt=../../cp2016-max-common-connected-subgraph-paper/datasets/graphsdb/mcs30/m3D/m3D/mcs30_m3D_s90.B03
Reading graphs...
90 :  208
90 :  205
Initializing...
maxdom : 9
D->valSize : 545
Solving...
Blb : 2 (clique : 29)
currentSize : 29 <-- 0.006293 s
currentSize : 30 <-- 0.006573 s
currentSize : 31 <-- 0.276217 s
currentSize : 32 <-- 2.057996 s
currentSize : 33 <-- 3.455096 s
currentSize : 34 <-- 4.308078 s
currentSize : 35 <-- 29.307056 s
currentSize : 36 <-- 176.497910 s
currentSize : 37 <-- 176.672409 s
currentSize : 38 <-- 239.793762 s

TIMEOUT
maxsize : 38
nodes : 194904021.000000
filtered : 1301600657.000000
time : 1000.000061
