Parameters: GAD=1 vflib=1 dir=0 label=0 vlabel=1 lowerbound=1 fileNameGp=../../cp2016-max-common-connected-subgraph-paper/datasets/graphsdb/mcs30/bvg/b06/mcs30_b06_s70.A06 fileNameGt=../../cp2016-max-common-connected-subgraph-paper/datasets/graphsdb/mcs30/bvg/b06/mcs30_b06_s70.B06
Reading graphs...
70 :  207
70 :  210
Initializing...
maxdom : 10
D->valSize : 351
Solving...
Blb : 2 (clique : 20)
currentSize : 20 <-- 0.003029 s
currentSize : 23 <-- 0.003171 s
currentSize : 24 <-- 0.003323 s
currentSize : 25 <-- 0.006160 s
currentSize : 26 <-- 0.073579 s
currentSize : 27 <-- 2.571483 s
currentSize : 28 <-- 46.231865 s
currentSize : 29 <-- 94.265106 s

TIMEOUT
maxsize : 29
nodes : 210876009.000000
filtered : 1722730736.000000
time : 1000.000061
