Parameters: GAD=1 vflib=1 dir=0 label=0 vlabel=1 lowerbound=1 fileNameGp=../../cp2016-max-common-connected-subgraph-paper/datasets/graphsdb/mcs30/bvg/b03/mcs30_b03_s90.A07 fileNameGt=../../cp2016-max-common-connected-subgraph-paper/datasets/graphsdb/mcs30/bvg/b03/mcs30_b03_s90.B07
Reading graphs...
90 :  134
90 :  134
Initializing...
maxdom : 11
D->valSize : 525
Solving...
Blb : 2 (clique : 41)
currentSize : 41 <-- 0.006107 s
currentSize : 42 <-- 0.007522 s
currentSize : 43 <-- 0.076338 s
currentSize : 44 <-- 4.147509 s
currentSize : 45 <-- 7.664384 s
currentSize : 46 <-- 622.006287 s

TIMEOUT
maxsize : 46
nodes : 223861057.000000
filtered : 1562039861.000000
time : 1000.000061
