Parameters: GAD=1 vflib=1 dir=0 label=0 vlabel=1 lowerbound=1 fileNameGp=../../cp2016-max-common-connected-subgraph-paper/datasets/graphsdb/mcs30/m4D/m4D/mcs30_m4D_s50.A00 fileNameGt=../../cp2016-max-common-connected-subgraph-paper/datasets/graphsdb/mcs30/m4D/m4D/mcs30_m4D_s50.B00
Reading graphs...
50 :  87
50 :  87
Initializing...
maxdom : 8
D->valSize : 308
Solving...
Blb : 2 (clique : 20)
currentSize : 20 <-- 0.003485 s
currentSize : 22 <-- 0.003655 s
currentSize : 23 <-- 0.005639 s
currentSize : 24 <-- 0.063777 s
currentSize : 25 <-- 0.560131 s
currentSize : 26 <-- 12.574032 s
currentSize : 27 <-- 150.593613 s

maxsize : 27
nodes : 150999685.000000
filtered : 1597956910.000000
time : 630.868958
