Parameters: GAD=1 vflib=1 dir=0 label=0 vlabel=1 lowerbound=1 fileNameGp=../../cp2016-max-common-connected-subgraph-paper/datasets/graphsdb/mcs30/m2D/m2D/mcs30_m2D_s50.A05 fileNameGt=../../cp2016-max-common-connected-subgraph-paper/datasets/graphsdb/mcs30/m2D/m2D/mcs30_m2D_s50.B05
Reading graphs...
50 :  85
50 :  83
Initializing...
maxdom : 12
D->valSize : 333
Solving...
Blb : 2 (clique : 20)
currentSize : 20 <-- 0.002290 s
currentSize : 21 <-- 0.002487 s
currentSize : 22 <-- 0.002590 s
currentSize : 23 <-- 0.002758 s
currentSize : 24 <-- 0.014364 s
currentSize : 25 <-- 0.416850 s
currentSize : 26 <-- 118.028992 s

maxsize : 26
nodes : 30979745.000000
filtered : 327376266.000000
time : 129.171631
