Parameters: GAD=1 vflib=1 dir=0 label=0 vlabel=1 lowerbound=1 fileNameGp=../../cp2016-max-common-connected-subgraph-paper/datasets/graphsdb/mcs30/bvg/b06m/mcs30_b06m_s90.A02 fileNameGt=../../cp2016-max-common-connected-subgraph-paper/datasets/graphsdb/mcs30/bvg/b06m/mcs30_b06m_s90.B02
Reading graphs...
90 :  262
90 :  267
Initializing...
maxdom : 11
D->valSize : 562
Solving...
Blb : 2 (clique : 29)
currentSize : 29 <-- 0.006656 s
currentSize : 30 <-- 0.006913 s
currentSize : 31 <-- 0.018826 s
currentSize : 32 <-- 0.029727 s
currentSize : 33 <-- 0.053153 s
currentSize : 34 <-- 46.416660 s

TIMEOUT
maxsize : 34
nodes : 184222764.000000
filtered : 1454175431.000000
time : 1000.000061
