Parameters: GAD=1 vflib=1 dir=0 label=0 vlabel=1 lowerbound=1 fileNameGp=../../cp2016-max-common-connected-subgraph-paper/datasets/graphsdb/mcs30/bvg/b03m/mcs30_b03m_s100.A00 fileNameGt=../../cp2016-max-common-connected-subgraph-paper/datasets/graphsdb/mcs30/bvg/b03m/mcs30_b03m_s100.B00
Reading graphs...
100 :  149
100 :  150
Initializing...
maxdom : 5
D->valSize : 331
Solving...
Blb : 2 (clique : 39)
currentSize : 39 <-- 0.005708 s
currentSize : 40 <-- 0.006530 s
currentSize : 41 <-- 0.006836 s
currentSize : 42 <-- 0.006939 s
currentSize : 43 <-- 0.218713 s
currentSize : 44 <-- 0.401972 s
currentSize : 45 <-- 1.447082 s
currentSize : 46 <-- 3.036847 s
currentSize : 47 <-- 66.973869 s

TIMEOUT
maxsize : 47
nodes : 204054150.000000
filtered : 795359698.000000
time : 1000.000122
