Parameters: GAD=1 vflib=1 dir=0 label=0 vlabel=1 lowerbound=1 fileNameGp=../../cp2016-max-common-connected-subgraph-paper/datasets/graphsdb/mcs30/m2D/m2Dr2/mcs30_m2Dr2_s50.A04 fileNameGt=../../cp2016-max-common-connected-subgraph-paper/datasets/graphsdb/mcs30/m2D/m2Dr2/mcs30_m2Dr2_s50.B04
Reading graphs...
50 :  93
50 :  94
Initializing...
maxdom : 10
D->valSize : 321
Solving...
Blb : 2 (clique : 21)
currentSize : 21 <-- 0.002293 s
currentSize : 22 <-- 0.003984 s
currentSize : 23 <-- 0.119302 s
currentSize : 24 <-- 0.119669 s
currentSize : 25 <-- 7.473732 s
currentSize : 26 <-- 11.829599 s

maxsize : 26
nodes : 81163305.000000
filtered : 968598401.000000
time : 337.699615
