Parameters: GAD=1 vflib=1 dir=0 label=0 vlabel=1 lowerbound=1 fileNameGp=../../cp2016-max-common-connected-subgraph-paper/datasets/graphsdb/mcs30/bvg/b09m/mcs30_b09m_s60.A09 fileNameGt=../../cp2016-max-common-connected-subgraph-paper/datasets/graphsdb/mcs30/bvg/b09m/mcs30_b09m_s60.B09
Reading graphs...
60 :  261
60 :  258
Initializing...
maxdom : 7
D->valSize : 248
Solving...
Blb : 2 (clique : 15)
currentSize : 15 <-- 0.001739 s
currentSize : 16 <-- 0.006417 s
currentSize : 17 <-- 0.013181 s
currentSize : 18 <-- 0.023209 s
currentSize : 19 <-- 0.782667 s
currentSize : 20 <-- 1.661554 s
currentSize : 21 <-- 1.663112 s
currentSize : 22 <-- 15.527722 s

maxsize : 22
nodes : 5574277.000000
filtered : 38825740.000000
time : 23.430201
