Parameters: GAD=1 vflib=1 dir=0 label=0 vlabel=1 lowerbound=1 fileNameGp=../../cp2016-max-common-connected-subgraph-paper/datasets/graphsdb/mcs30/m3D/m3D/mcs30_m3D_s90.A01 fileNameGt=../../cp2016-max-common-connected-subgraph-paper/datasets/graphsdb/mcs30/m3D/m3D/mcs30_m3D_s90.B01
Reading graphs...
90 :  206
90 :  206
Initializing...
maxdom : 12
D->valSize : 557
Solving...
Blb : 2 (clique : 32)
currentSize : 32 <-- 0.006587 s
currentSize : 33 <-- 0.007022 s
currentSize : 34 <-- 0.014258 s
currentSize : 35 <-- 0.031577 s
currentSize : 36 <-- 0.160769 s
currentSize : 37 <-- 0.208034 s
currentSize : 38 <-- 2.336835 s
currentSize : 39 <-- 2.337189 s

TIMEOUT
maxsize : 39
nodes : 199943724.000000
filtered : 1276473025.000000
time : 1000.000061
