Parameters: GAD=1 vflib=1 dir=0 label=0 vlabel=1 lowerbound=1 fileNameGp=../../cp2016-max-common-connected-subgraph-paper/datasets/graphsdb/mcs30/bvg/b06/mcs30_b06_s80.A06 fileNameGt=../../cp2016-max-common-connected-subgraph-paper/datasets/graphsdb/mcs30/bvg/b06/mcs30_b06_s80.B06
Reading graphs...
80 :  237
80 :  239
Initializing...
maxdom : 9
D->valSize : 435
Solving...
Blb : 2 (clique : 24)
currentSize : 24 <-- 0.004250 s
currentSize : 25 <-- 0.004436 s
currentSize : 26 <-- 0.021993 s
currentSize : 27 <-- 0.022125 s
currentSize : 28 <-- 0.042219 s
currentSize : 29 <-- 35.358841 s
currentSize : 30 <-- 127.034309 s
currentSize : 31 <-- 247.743591 s

TIMEOUT
maxsize : 31
nodes : 193701422.000000
filtered : 1757558992.000000
time : 1000.000000
