Parameters: GAD=1 vflib=1 dir=0 label=0 vlabel=1 lowerbound=1 fileNameGp=../../cp2016-max-common-connected-subgraph-paper/datasets/graphsdb/mcs30/m2D/m2D/mcs30_m2D_s60.A05 fileNameGt=../../cp2016-max-common-connected-subgraph-paper/datasets/graphsdb/mcs30/m2D/m2D/mcs30_m2D_s60.B05
Reading graphs...
60 :  103
60 :  102
Initializing...
maxdom : 9
D->valSize : 234
Solving...
Blb : 2 (clique : 22)
currentSize : 22 <-- 0.001599 s
currentSize : 23 <-- 0.001755 s
currentSize : 24 <-- 0.029480 s
currentSize : 25 <-- 0.126847 s
currentSize : 26 <-- 1.089828 s
currentSize : 27 <-- 1.107034 s
currentSize : 28 <-- 2.190587 s
currentSize : 29 <-- 4.030759 s
currentSize : 30 <-- 4.242337 s
currentSize : 31 <-- 4.270490 s
currentSize : 32 <-- 4.596422 s

maxsize : 32
nodes : 2301137.000000
filtered : 14237503.000000
time : 9.524452
