Parameters: GAD=1 vflib=1 dir=0 label=0 vlabel=1 lowerbound=1 fileNameGp=../../cp2016-max-common-connected-subgraph-paper/datasets/graphsdb/mcs30/m4D/m4D/mcs30_m4D_s90.A04 fileNameGt=../../cp2016-max-common-connected-subgraph-paper/datasets/graphsdb/mcs30/m4D/m4D/mcs30_m4D_s90.B04
Reading graphs...
90 :  146
90 :  146
Initializing...
maxdom : 11
D->valSize : 495
Solving...
Blb : 2 (clique : 35)
currentSize : 35 <-- 0.005746 s
currentSize : 36 <-- 0.006009 s
currentSize : 38 <-- 0.006234 s
currentSize : 39 <-- 0.011230 s
currentSize : 40 <-- 0.023208 s
currentSize : 41 <-- 0.448321 s
currentSize : 42 <-- 540.729553 s

TIMEOUT
maxsize : 42
nodes : 252882173.000000
filtered : 1178808377.000000
time : 1000.000061
