Parameters: GAD=1 vflib=1 dir=0 label=0 vlabel=1 lowerbound=1 fileNameGp=../../cp2016-max-common-connected-subgraph-paper/datasets/graphsdb/mcs30/m3D/m3Dr2/mcs30_m3Dr2_s70.A05 fileNameGt=../../cp2016-max-common-connected-subgraph-paper/datasets/graphsdb/mcs30/m3D/m3Dr2/mcs30_m3Dr2_s70.B05
Reading graphs...
70 :  172
70 :  169
Initializing...
maxdom : 9
D->valSize : 360
Solving...
Blb : 2 (clique : 20)
currentSize : 20 <-- 0.004949 s
currentSize : 21 <-- 0.005160 s
currentSize : 23 <-- 0.005239 s
currentSize : 26 <-- 0.005434 s
currentSize : 27 <-- 0.097206 s
currentSize : 28 <-- 0.794238 s
currentSize : 29 <-- 1.433189 s
currentSize : 30 <-- 4.530827 s
currentSize : 31 <-- 27.627031 s
currentSize : 32 <-- 163.705383 s
currentSize : 33 <-- 164.632034 s

maxsize : 33
nodes : 142743479.000000
filtered : 1415368426.000000
time : 709.000000
