Parameters: GAD=1 vflib=1 dir=0 label=0 vlabel=1 lowerbound=1 fileNameGp=../../cp2016-max-common-connected-subgraph-paper/datasets/graphsdb/mcs30/rand/r02/mcs30_r02_s70.A05 fileNameGt=../../cp2016-max-common-connected-subgraph-paper/datasets/graphsdb/mcs30/rand/r02/mcs30_r02_s70.B05
Reading graphs...
70 :  872
70 :  863
Initializing...
maxdom : 10
D->valSize : 319
Solving...
Blb : 2 (clique : 10)
currentSize : 10 <-- 0.002465 s
currentSize : 11 <-- 0.009570 s
currentSize : 12 <-- 0.012158 s
currentSize : 13 <-- 0.096946 s
currentSize : 14 <-- 0.577998 s
currentSize : 15 <-- 0.782527 s
currentSize : 17 <-- 0.783308 s
currentSize : 18 <-- 0.797997 s
currentSize : 20 <-- 1.112186 s
currentSize : 21 <-- 1.112734 s

maxsize : 21
nodes : 439258.000000
filtered : 3841852.000000
time : 2.148342
