Parameters: GAD=1 vflib=1 dir=0 label=0 vlabel=1 lowerbound=1 fileNameGp=../../cp2016-max-common-connected-subgraph-paper/datasets/graphsdb/mcs30/m3D/m3Dr4/mcs30_m3Dr4_s80.A07 fileNameGt=../../cp2016-max-common-connected-subgraph-paper/datasets/graphsdb/mcs30/m3D/m3Dr4/mcs30_m3Dr4_s80.B07
Reading graphs...
80 :  213
80 :  213
Initializing...
maxdom : 12
D->valSize : 438
Solving...
Blb : 3 (clique : 25)
currentSize : 25 <-- 0.007272 s
currentSize : 26 <-- 0.009565 s
currentSize : 27 <-- 0.010646 s
currentSize : 28 <-- 0.448748 s
currentSize : 29 <-- 0.712891 s
currentSize : 30 <-- 36.256775 s
currentSize : 31 <-- 40.190517 s

TIMEOUT
maxsize : 31
nodes : 202005645.000000
filtered : 1505890733.000000
time : 1000.000061
