Parameters: GAD=1 vflib=1 dir=0 label=0 vlabel=1 lowerbound=1 fileNameGp=../../cp2016-max-common-connected-subgraph-paper/datasets/graphsdb/mcs30/m3D/m3Dr6/mcs30_m3Dr6_s80.A00 fileNameGt=../../cp2016-max-common-connected-subgraph-paper/datasets/graphsdb/mcs30/m3D/m3Dr6/mcs30_m3Dr6_s80.B00
Reading graphs...
80 :  229
80 :  227
Initializing...
maxdom : 8
D->valSize : 417
Solving...
Blb : 2 (clique : 27)
currentSize : 27 <-- 0.004093 s
currentSize : 28 <-- 0.005620 s
currentSize : 29 <-- 0.007671 s
currentSize : 30 <-- 0.137667 s
currentSize : 31 <-- 2.727292 s
currentSize : 32 <-- 2.735126 s
currentSize : 33 <-- 61.800900 s

TIMEOUT
maxsize : 33
nodes : 212887081.000000
filtered : 1093297642.000000
time : 1000.000061
