Parameters: GAD=1 vflib=1 dir=0 label=0 vlabel=1 lowerbound=1 fileNameGp=../../cp2016-max-common-connected-subgraph-paper/datasets/graphsdb/mcs30/bvg/b09/mcs30_b09_s90.A04 fileNameGt=../../cp2016-max-common-connected-subgraph-paper/datasets/graphsdb/mcs30/bvg/b09/mcs30_b09_s90.B04
Reading graphs...
90 :  402
90 :  394
Initializing...
maxdom : 9
D->valSize : 512
Solving...
Blb : 2 (clique : 23)
currentSize : 23 <-- 0.005618 s
currentSize : 24 <-- 0.005865 s
currentSize : 25 <-- 0.006832 s
currentSize : 26 <-- 0.012024 s
currentSize : 27 <-- 0.942664 s
currentSize : 28 <-- 3.696128 s
currentSize : 29 <-- 3.815944 s
currentSize : 30 <-- 9.687744 s
currentSize : 31 <-- 27.260389 s
currentSize : 32 <-- 27.565147 s

TIMEOUT
maxsize : 32
nodes : 204199430.000000
filtered : 903815761.000000
time : 1000.000061
