Parameters: GAD=1 vflib=1 dir=0 label=0 vlabel=1 lowerbound=1 fileNameGp=../../cp2016-max-common-connected-subgraph-paper/datasets/graphsdb/mcs30/rand/r01/mcs30_r01_s100.A08 fileNameGt=../../cp2016-max-common-connected-subgraph-paper/datasets/graphsdb/mcs30/rand/r01/mcs30_r01_s100.B08
Reading graphs...
100 :  934
100 :  931
Initializing...
maxdom : 6
D->valSize : 320
Solving...
Blb : 2 (clique : 16)
currentSize : 16 <-- 0.002939 s
currentSize : 17 <-- 0.003214 s
currentSize : 18 <-- 0.003390 s
currentSize : 19 <-- 0.003636 s
currentSize : 20 <-- 0.004095 s
currentSize : 21 <-- 0.102054 s
currentSize : 22 <-- 0.183916 s
currentSize : 23 <-- 0.184155 s
currentSize : 24 <-- 0.391658 s
currentSize : 26 <-- 0.839879 s
currentSize : 27 <-- 29.757635 s
currentSize : 30 <-- 29.875240 s

maxsize : 30
nodes : 8432683.000000
filtered : 74949742.000000
time : 52.820915
