Parameters: GAD=1 vflib=1 dir=0 label=0 vlabel=1 lowerbound=1 fileNameGp=../../cp2016-max-common-connected-subgraph-paper/datasets/graphsdb/mcs30/m4D/m4Dr2/mcs30_m4Dr2_s80.A01 fileNameGt=../../cp2016-max-common-connected-subgraph-paper/datasets/graphsdb/mcs30/m4D/m4Dr2/mcs30_m4Dr2_s80.B01
Reading graphs...
80 :  145
80 :  144
Initializing...
maxdom : 8
D->valSize : 396
Solving...
Blb : 3 (clique : 29)
currentSize : 29 <-- 0.003771 s
currentSize : 30 <-- 0.025710 s
currentSize : 31 <-- 0.524333 s
currentSize : 32 <-- 1.119471 s
currentSize : 33 <-- 3.472358 s
currentSize : 34 <-- 103.681320 s
currentSize : 35 <-- 103.783485 s

TIMEOUT
maxsize : 35
nodes : 219642360.000000
filtered : 1488868554.000000
time : 1000.000061
