Parameters: GAD=1 vflib=1 dir=0 label=0 vlabel=1 lowerbound=1 fileNameGp=../../cp2016-max-common-connected-subgraph-paper/datasets/graphsdb/mcs30/m2D/m2Dr4/mcs30_m2Dr4_s60.A03 fileNameGt=../../cp2016-max-common-connected-subgraph-paper/datasets/graphsdb/mcs30/m2D/m2Dr4/mcs30_m2Dr4_s60.B03
Reading graphs...
60 :  126
60 :  127
Initializing...
maxdom : 6
D->valSize : 247
Solving...
Blb : 3 (clique : 20)
currentSize : 20 <-- 0.001678 s
currentSize : 21 <-- 0.048713 s
currentSize : 22 <-- 0.671486 s
currentSize : 23 <-- 15.627369 s
currentSize : 24 <-- 17.112200 s
currentSize : 25 <-- 54.359226 s
currentSize : 26 <-- 55.151207 s

maxsize : 26
nodes : 97509333.000000
filtered : 670431884.000000
time : 421.759308
