Parameters: GAD=1 vflib=1 dir=0 label=0 vlabel=1 lowerbound=1 fileNameGp=../../cp2016-max-common-connected-subgraph-paper/datasets/graphsdb/mcs30/m3D/m3D/mcs30_m3D_s90.A09 fileNameGt=../../cp2016-max-common-connected-subgraph-paper/datasets/graphsdb/mcs30/m3D/m3D/mcs30_m3D_s90.B09
Reading graphs...
90 :  208
90 :  206
Initializing...
maxdom : 10
D->valSize : 552
Solving...
Blb : 2 (clique : 30)
currentSize : 30 <-- 0.006529 s
currentSize : 31 <-- 0.006887 s
currentSize : 32 <-- 0.032541 s
currentSize : 33 <-- 8.125417 s
currentSize : 34 <-- 13.473500 s
currentSize : 35 <-- 47.269424 s
currentSize : 36 <-- 48.302319 s

TIMEOUT
maxsize : 36
nodes : 178239271.000000
filtered : 1396917863.000000
time : 1000.000061
