Parameters: GAD=1 vflib=1 dir=0 label=0 vlabel=1 lowerbound=1 fileNameGp=../../cp2016-max-common-connected-subgraph-paper/datasets/graphsdb/mcs30/bvg/b03/mcs30_b03_s70.A01 fileNameGt=../../cp2016-max-common-connected-subgraph-paper/datasets/graphsdb/mcs30/bvg/b03/mcs30_b03_s70.B01
Reading graphs...
70 :  105
70 :  105
Initializing...
maxdom : 9
D->valSize : 323
Solving...
Blb : 2 (clique : 28)
currentSize : 28 <-- 0.002775 s
currentSize : 29 <-- 0.002974 s
currentSize : 30 <-- 0.003738 s
currentSize : 31 <-- 0.242921 s
currentSize : 32 <-- 4.512781 s
currentSize : 33 <-- 504.559692 s

TIMEOUT
maxsize : 33
nodes : 251864021.000000
filtered : 1508548476.000000
time : 1000.000061
