Parameters: GAD=1 vflib=1 dir=0 label=0 vlabel=1 lowerbound=1 fileNameGp=../../cp2016-max-common-connected-subgraph-paper/datasets/graphsdb/mcs30/bvg/b09/mcs30_b09_s90.A05 fileNameGt=../../cp2016-max-common-connected-subgraph-paper/datasets/graphsdb/mcs30/bvg/b09/mcs30_b09_s90.B05
Reading graphs...
90 :  395
90 :  399
Initializing...
maxdom : 9
D->valSize : 524
Solving...
Blb : 2 (clique : 21)
currentSize : 21 <-- 0.009727 s
currentSize : 25 <-- 0.010024 s
currentSize : 26 <-- 0.010166 s
currentSize : 27 <-- 0.015381 s
currentSize : 28 <-- 0.705030 s
currentSize : 29 <-- 156.875168 s
currentSize : 30 <-- 429.861938 s

TIMEOUT
maxsize : 30
nodes : 175490726.000000
filtered : 1607000131.000000
time : 1000.000061
