Parameters: GAD=1 vflib=1 dir=0 label=0 vlabel=1 lowerbound=1 fileNameGp=../../cp2016-max-common-connected-subgraph-paper/datasets/graphsdb/mcs30/m3D/m3Dr6/mcs30_m3Dr6_s90.A08 fileNameGt=../../cp2016-max-common-connected-subgraph-paper/datasets/graphsdb/mcs30/m3D/m3Dr6/mcs30_m3Dr6_s90.B08
Reading graphs...
90 :  262
90 :  259
Initializing...
maxdom : 10
D->valSize : 511
Solving...
Blb : 2 (clique : 27)
currentSize : 27 <-- 0.005879 s
currentSize : 28 <-- 0.006431 s
currentSize : 29 <-- 0.008054 s
currentSize : 30 <-- 0.017629 s
currentSize : 31 <-- 0.232857 s
currentSize : 32 <-- 0.503182 s
currentSize : 33 <-- 0.512922 s
currentSize : 34 <-- 0.544914 s

TIMEOUT
maxsize : 34
nodes : 218357362.000000
filtered : 1246367053.000000
time : 1000.000061
