Parameters: GAD=1 vflib=1 dir=0 label=0 vlabel=1 lowerbound=1 fileNameGp=../../cp2016-max-common-connected-subgraph-paper/datasets/graphsdb/mcs30/rand/r005/mcs30_r005_s70.A05 fileNameGt=../../cp2016-max-common-connected-subgraph-paper/datasets/graphsdb/mcs30/rand/r005/mcs30_r005_s70.B05
Reading graphs...
70 :  234
70 :  235
Initializing...
maxdom : 8
D->valSize : 293
Solving...
Blb : 5 (clique : 21)
currentSize : 21 <-- 0.002258 s
currentSize : 22 <-- 0.003292 s
currentSize : 23 <-- 0.326598 s
currentSize : 24 <-- 2.386305 s
currentSize : 25 <-- 14.677296 s
currentSize : 26 <-- 216.201385 s

maxsize : 26
nodes : 132405574.000000
filtered : 1088606865.000000
time : 598.688721
