Parameters: GAD=1 vflib=1 dir=0 label=0 vlabel=1 lowerbound=1 fileNameGp=../../cp2016-max-common-connected-subgraph-paper/datasets/graphsdb/mcs30/rand/r001/mcs30_r001_s100.A03 fileNameGt=../../cp2016-max-common-connected-subgraph-paper/datasets/graphsdb/mcs30/rand/r001/mcs30_r001_s100.B03
Reading graphs...
100 :  120
100 :  120
Initializing...
maxdom : 7
D->valSize : 326
Solving...
Blb : 2 (clique : 38)
currentSize : 38 <-- 0.003230 s
currentSize : 39 <-- 0.003829 s
currentSize : 40 <-- 0.971192 s
currentSize : 41 <-- 1.049185 s
currentSize : 42 <-- 3.112171 s
currentSize : 43 <-- 272.802368 s

TIMEOUT
maxsize : 43
nodes : 230890258.000000
filtered : 766310224.000000
time : 1000.000122
