Parameters: GAD=1 vflib=1 dir=0 label=0 vlabel=1 lowerbound=1 fileNameGp=../../cp2016-max-common-connected-subgraph-paper/datasets/graphsdb/mcs30/rand/r02/mcs30_r02_s80.A06 fileNameGt=../../cp2016-max-common-connected-subgraph-paper/datasets/graphsdb/mcs30/rand/r02/mcs30_r02_s80.B06
Reading graphs...
80 :  1134
80 :  1127
Initializing...
maxdom : 12
D->valSize : 398
Solving...
Blb : 3 (clique : 10)
currentSize : 10 <-- 0.005536 s
currentSize : 11 <-- 0.005847 s
currentSize : 12 <-- 0.008052 s
currentSize : 13 <-- 0.668522 s
currentSize : 15 <-- 3.487266 s
currentSize : 18 <-- 5.996719 s
currentSize : 19 <-- 7.164042 s
currentSize : 24 <-- 7.176934 s

maxsize : 24
nodes : 1896907.000000
filtered : 14877880.000000
time : 9.882966
