Parameters: GAD=1 vflib=1 dir=0 label=0 vlabel=1 lowerbound=1 fileNameGp=../../cp2016-max-common-connected-subgraph-paper/datasets/graphsdb/mcs30/m4D/m4D/mcs30_m4D_s60.A08 fileNameGt=../../cp2016-max-common-connected-subgraph-paper/datasets/graphsdb/mcs30/m4D/m4D/mcs30_m4D_s60.B08
Reading graphs...
60 :  102
60 :  101
Initializing...
maxdom : 6
D->valSize : 228
Solving...
Blb : 2 (clique : 24)
currentSize : 24 <-- 0.002535 s
currentSize : 25 <-- 0.002733 s
currentSize : 26 <-- 0.005264 s
currentSize : 27 <-- 0.005833 s
currentSize : 28 <-- 2.292215 s
currentSize : 29 <-- 49.295834 s

maxsize : 29
nodes : 32543121.000000
filtered : 228015394.000000
time : 135.727661
