Parameters: GAD=1 vflib=1 dir=0 label=0 vlabel=1 lowerbound=1 fileNameGp=../../cp2016-max-common-connected-subgraph-paper/datasets/graphsdb/mcs30/bvg/b06m/mcs30_b06m_s70.A07 fileNameGt=../../cp2016-max-common-connected-subgraph-paper/datasets/graphsdb/mcs30/bvg/b06m/mcs30_b06m_s70.B07
Reading graphs...
70 :  209
70 :  207
Initializing...
maxdom : 10
D->valSize : 282
Solving...
Blb : 5 (clique : 18)
currentSize : 18 <-- 0.002141 s
currentSize : 20 <-- 0.006509 s
currentSize : 21 <-- 0.007346 s
currentSize : 22 <-- 0.049368 s
currentSize : 23 <-- 2.767492 s
currentSize : 24 <-- 2.809664 s
currentSize : 25 <-- 14.411473 s
currentSize : 26 <-- 192.911026 s
currentSize : 27 <-- 267.410706 s
currentSize : 28 <-- 267.412140 s
currentSize : 29 <-- 297.474884 s

maxsize : 29
nodes : 71126166.000000
filtered : 527915050.000000
time : 321.914856
