Parameters: GAD=1 vflib=1 dir=0 label=0 vlabel=1 lowerbound=1 fileNameGp=../../cp2016-max-common-connected-subgraph-paper/datasets/graphsdb/mcs30/bvg/b03/mcs30_b03_s50.A03 fileNameGt=../../cp2016-max-common-connected-subgraph-paper/datasets/graphsdb/mcs30/bvg/b03/mcs30_b03_s50.B03
Reading graphs...
50 :  74
50 :  75
Initializing...
maxdom : 9
D->valSize : 345
Solving...
Blb : 2 (clique : 21)
currentSize : 21 <-- 0.002497 s
currentSize : 23 <-- 0.002615 s
currentSize : 24 <-- 0.002649 s
currentSize : 25 <-- 0.002707 s
currentSize : 26 <-- 0.002774 s
currentSize : 27 <-- 0.003653 s
currentSize : 28 <-- 0.026752 s
currentSize : 29 <-- 118.795151 s
currentSize : 30 <-- 142.428055 s

maxsize : 30
nodes : 79214262.000000
filtered : 728514762.000000
time : 314.426880
