Parameters: GAD=1 vflib=1 dir=0 label=0 vlabel=1 lowerbound=1 fileNameGp=../../cp2016-max-common-connected-subgraph-paper/datasets/graphsdb/mcs30/m2D/m2D/mcs30_m2D_s60.A09 fileNameGt=../../cp2016-max-common-connected-subgraph-paper/datasets/graphsdb/mcs30/m2D/m2D/mcs30_m2D_s60.B09
Reading graphs...
60 :  104
60 :  104
Initializing...
maxdom : 7
D->valSize : 231
Solving...
Blb : 2 (clique : 24)
currentSize : 24 <-- 0.001563 s
currentSize : 26 <-- 0.002234 s
currentSize : 27 <-- 0.033159 s
currentSize : 28 <-- 0.222729 s
currentSize : 29 <-- 0.864360 s
currentSize : 30 <-- 2.439593 s
currentSize : 31 <-- 18.537811 s

maxsize : 31
nodes : 17736004.000000
filtered : 122341793.000000
time : 79.375046
