Parameters: GAD=1 vflib=1 dir=0 label=0 vlabel=1 lowerbound=1 fileNameGp=../../cp2016-max-common-connected-subgraph-paper/datasets/graphsdb/mcs30/m2D/m2Dr2/mcs30_m2Dr2_s100.A04 fileNameGt=../../cp2016-max-common-connected-subgraph-paper/datasets/graphsdb/mcs30/m2D/m2Dr2/mcs30_m2Dr2_s100.B04
Reading graphs...
100 :  200
100 :  200
Initializing...
maxdom : 8
D->valSize : 353
Solving...
Blb : 2 (clique : 35)
currentSize : 35 <-- 0.003641 s
currentSize : 36 <-- 0.003966 s
currentSize : 37 <-- 0.004540 s
currentSize : 38 <-- 0.008748 s
currentSize : 39 <-- 0.126610 s
currentSize : 40 <-- 7.260890 s
currentSize : 41 <-- 8.820717 s

TIMEOUT
maxsize : 41
nodes : 206332350.000000
filtered : 850772671.000000
time : 1000.000061
