Parameters: GAD=1 vflib=1 dir=0 label=0 vlabel=1 lowerbound=1 fileNameGp=../../cp2016-max-common-connected-subgraph-paper/datasets/graphsdb/mcs30/m2D/m2Dr4/mcs30_m2Dr4_s80.A04 fileNameGt=../../cp2016-max-common-connected-subgraph-paper/datasets/graphsdb/mcs30/m2D/m2Dr4/mcs30_m2Dr4_s80.B04
Reading graphs...
80 :  172
80 :  172
Initializing...
maxdom : 9
D->valSize : 400
Solving...
Blb : 2 (clique : 28)
currentSize : 28 <-- 0.003888 s
currentSize : 29 <-- 0.053952 s
currentSize : 30 <-- 8.744072 s
currentSize : 31 <-- 38.343590 s
currentSize : 32 <-- 47.899055 s
currentSize : 33 <-- 469.032959 s

TIMEOUT
maxsize : 33
nodes : 207030001.000000
filtered : 1420590922.000000
time : 1000.000000
