Parameters: GAD=1 vflib=1 dir=0 label=0 vlabel=1 lowerbound=1 fileNameGp=../../cp2016-max-common-connected-subgraph-paper/datasets/graphsdb/mcs30/bvg/b03/mcs30_b03_s100.A01 fileNameGt=../../cp2016-max-common-connected-subgraph-paper/datasets/graphsdb/mcs30/bvg/b03/mcs30_b03_s100.B01
Reading graphs...
100 :  150
100 :  150
Initializing...
maxdom : 9
D->valSize : 311
Solving...
Blb : 3 (clique : 34)
currentSize : 34 <-- 0.003083 s
currentSize : 35 <-- 0.003338 s
currentSize : 36 <-- 0.184647 s
currentSize : 37 <-- 0.543291 s
currentSize : 38 <-- 27.010853 s
currentSize : 39 <-- 28.691216 s
currentSize : 40 <-- 237.156342 s

TIMEOUT
maxsize : 40
nodes : 223875391.000000
filtered : 758258987.000000
time : 1000.000061
