Parameters: GAD=1 vflib=1 dir=0 label=0 vlabel=1 lowerbound=1 fileNameGp=../../cp2016-max-common-connected-subgraph-paper/datasets/graphsdb/mcs30/m2D/m2Dr2/mcs30_m2Dr2_s80.A06 fileNameGt=../../cp2016-max-common-connected-subgraph-paper/datasets/graphsdb/mcs30/m2D/m2Dr2/mcs30_m2Dr2_s80.B06
Reading graphs...
80 :  158
80 :  157
Initializing...
maxdom : 12
D->valSize : 391
Solving...
Blb : 2 (clique : 30)
currentSize : 30 <-- 0.003784 s
currentSize : 31 <-- 0.011438 s
currentSize : 32 <-- 1.032970 s
currentSize : 33 <-- 14.286578 s
currentSize : 34 <-- 19.638811 s
currentSize : 35 <-- 27.773457 s

TIMEOUT
maxsize : 35
nodes : 190256316.000000
filtered : 1346438470.000000
time : 1000.000061
