Parameters: GAD=1 vflib=1 dir=0 label=0 vlabel=1 lowerbound=1 fileNameGp=../../cp2016-max-common-connected-subgraph-paper/datasets/graphsdb/mcs30/rand/r005/mcs30_r005_s90.A07 fileNameGt=../../cp2016-max-common-connected-subgraph-paper/datasets/graphsdb/mcs30/rand/r005/mcs30_r005_s90.B07
Reading graphs...
90 :  390
90 :  388
Initializing...
maxdom : 10
D->valSize : 496
Solving...
Blb : 2 (clique : 21)
currentSize : 21 <-- 0.005309 s
currentSize : 22 <-- 0.005747 s
currentSize : 23 <-- 0.005966 s
currentSize : 24 <-- 0.007423 s
currentSize : 25 <-- 0.009613 s
currentSize : 26 <-- 0.009979 s
currentSize : 27 <-- 16.611340 s
currentSize : 28 <-- 63.181396 s

TIMEOUT
maxsize : 28
nodes : 195198339.000000
filtered : 1361483445.000000
time : 1000.000061
