Parameters: GAD=1 vflib=1 dir=0 label=0 vlabel=1 lowerbound=1 fileNameGp=../../cp2016-max-common-connected-subgraph-paper/datasets/graphsdb/mcs30/rand/r01/mcs30_r01_s80.A02 fileNameGt=../../cp2016-max-common-connected-subgraph-paper/datasets/graphsdb/mcs30/rand/r01/mcs30_r01_s80.B02
Reading graphs...
80 :  598
80 :  600
Initializing...
maxdom : 10
D->valSize : 461
Solving...
Blb : 2 (clique : 14)
currentSize : 14 <-- 0.006673 s
currentSize : 15 <-- 0.006932 s
currentSize : 16 <-- 0.008673 s
currentSize : 17 <-- 0.197952 s
currentSize : 18 <-- 3.157064 s
currentSize : 19 <-- 15.212469 s
currentSize : 20 <-- 21.209980 s
currentSize : 21 <-- 31.526646 s
currentSize : 23 <-- 123.982063 s
currentSize : 25 <-- 124.616882 s

maxsize : 25
nodes : 57142941.000000
filtered : 602720301.000000
time : 322.594818
