Parameters: GAD=1 vflib=1 dir=0 label=0 vlabel=1 lowerbound=1 fileNameGp=../../cp2016-max-common-connected-subgraph-paper/datasets/graphsdb/mcs30/m2D/m2Dr6/mcs30_m2Dr6_s70.A01 fileNameGt=../../cp2016-max-common-connected-subgraph-paper/datasets/graphsdb/mcs30/m2D/m2Dr6/mcs30_m2Dr6_s70.B01
Reading graphs...
70 :  162
70 :  162
Initializing...
maxdom : 8
D->valSize : 296
Solving...
Blb : 2 (clique : 21)
currentSize : 21 <-- 0.002286 s
currentSize : 22 <-- 0.003069 s
currentSize : 23 <-- 0.003095 s
currentSize : 24 <-- 0.006193 s
currentSize : 25 <-- 0.008050 s
currentSize : 26 <-- 0.046478 s
currentSize : 27 <-- 2.361088 s
currentSize : 28 <-- 5.008787 s
currentSize : 29 <-- 33.212482 s
currentSize : 30 <-- 312.694580 s
currentSize : 31 <-- 413.863525 s
currentSize : 32 <-- 716.022949 s

TIMEOUT
maxsize : 32
nodes : 213811481.000000
filtered : 1494856831.000000
time : 1000.000000
