Parameters: GAD=1 vflib=1 dir=0 label=0 vlabel=1 lowerbound=1 fileNameGp=../../cp2016-max-common-connected-subgraph-paper/datasets/graphsdb/mcs30/rand/r01/mcs30_r01_s70.A05 fileNameGt=../../cp2016-max-common-connected-subgraph-paper/datasets/graphsdb/mcs30/rand/r01/mcs30_r01_s70.B05
Reading graphs...
70 :  463
70 :  454
Initializing...
maxdom : 9
D->valSize : 343
Solving...
Blb : 2 (clique : 14)
currentSize : 14 <-- 0.002777 s
currentSize : 15 <-- 0.006772 s
currentSize : 16 <-- 0.007205 s
currentSize : 17 <-- 0.557920 s
currentSize : 18 <-- 3.874631 s
currentSize : 19 <-- 18.247036 s
currentSize : 20 <-- 36.628639 s
currentSize : 21 <-- 39.604561 s
currentSize : 22 <-- 39.604668 s

maxsize : 22
nodes : 12946356.000000
filtered : 102172876.000000
time : 61.714245
