Parameters: GAD=1 vflib=1 dir=0 label=0 vlabel=1 lowerbound=1 fileNameGp=../../cp2016-max-common-connected-subgraph-paper/datasets/graphsdb/mcs30/m2D/m2Dr4/mcs30_m2Dr4_s60.A05 fileNameGt=../../cp2016-max-common-connected-subgraph-paper/datasets/graphsdb/mcs30/m2D/m2Dr4/mcs30_m2Dr4_s60.B05
Reading graphs...
60 :  125
60 :  123
Initializing...
maxdom : 8
D->valSize : 291
Solving...
Blb : 5 (clique : 21)
currentSize : 21 <-- 0.002152 s
currentSize : 22 <-- 0.096926 s
currentSize : 23 <-- 0.833978 s
currentSize : 24 <-- 1.579774 s
currentSize : 25 <-- 5.224329 s
currentSize : 26 <-- 30.701233 s
currentSize : 27 <-- 95.121246 s

maxsize : 27
nodes : 79177773.000000
filtered : 663629232.000000
time : 344.657379
