Parameters: GAD=1 vflib=1 dir=0 label=0 vlabel=1 lowerbound=1 fileNameGp=../../cp2016-max-common-connected-subgraph-paper/datasets/graphsdb/mcs30/rand/r01/mcs30_r01_s80.A05 fileNameGt=../../cp2016-max-common-connected-subgraph-paper/datasets/graphsdb/mcs30/rand/r01/mcs30_r01_s80.B05
Reading graphs...
80 :  598
80 :  602
Initializing...
maxdom : 8
D->valSize : 402
Solving...
Blb : 2 (clique : 14)
currentSize : 14 <-- 0.003759 s
currentSize : 15 <-- 0.003898 s
currentSize : 16 <-- 0.005822 s
currentSize : 17 <-- 0.028790 s
currentSize : 18 <-- 1.433195 s
currentSize : 19 <-- 1.515824 s
currentSize : 20 <-- 203.263977 s
currentSize : 22 <-- 203.288452 s
currentSize : 24 <-- 210.570435 s

maxsize : 24
nodes : 73204473.000000
filtered : 608667143.000000
time : 380.199249
