Parameters: GAD=1 vflib=1 dir=0 label=0 vlabel=1 lowerbound=1 fileNameGp=../../cp2016-max-common-connected-subgraph-paper/datasets/graphsdb/mcs30/m2D/m2D/mcs30_m2D_s60.A01 fileNameGt=../../cp2016-max-common-connected-subgraph-paper/datasets/graphsdb/mcs30/m2D/m2D/mcs30_m2D_s60.B01
Reading graphs...
60 :  103
60 :  103
Initializing...
maxdom : 8
D->valSize : 239
Solving...
Blb : 2 (clique : 23)
currentSize : 23 <-- 0.001740 s
currentSize : 24 <-- 0.001939 s
currentSize : 25 <-- 0.004572 s
currentSize : 26 <-- 0.013722 s
currentSize : 27 <-- 0.024105 s
currentSize : 28 <-- 2.585535 s
currentSize : 29 <-- 58.042591 s

maxsize : 29
nodes : 60154243.000000
filtered : 412021186.000000
time : 254.832245
