Parameters: GAD=1 vflib=1 dir=0 label=0 vlabel=1 lowerbound=1 fileNameGp=../../cp2016-max-common-connected-subgraph-paper/datasets/graphsdb/mcs30/bvg/b06/mcs30_b06_s100.A09 fileNameGt=../../cp2016-max-common-connected-subgraph-paper/datasets/graphsdb/mcs30/bvg/b06/mcs30_b06_s100.B09
Reading graphs...
100 :  298
100 :  297
Initializing...
maxdom : 8
D->valSize : 327
Solving...
Blb : 2 (clique : 29)
currentSize : 29 <-- 0.003146 s
currentSize : 30 <-- 0.023849 s
currentSize : 31 <-- 0.032642 s
currentSize : 32 <-- 0.034725 s
currentSize : 33 <-- 20.584856 s
currentSize : 34 <-- 123.469315 s
currentSize : 35 <-- 179.606125 s
currentSize : 36 <-- 179.695694 s

TIMEOUT
maxsize : 36
nodes : 198238275.000000
filtered : 1009271047.000000
time : 1000.000061
