Parameters: GAD=1 vflib=1 dir=0 label=0 vlabel=1 lowerbound=1 fileNameGp=../../cp2016-max-common-connected-subgraph-paper/datasets/graphsdb/mcs30/rand/r01/mcs30_r01_s100.A04 fileNameGt=../../cp2016-max-common-connected-subgraph-paper/datasets/graphsdb/mcs30/rand/r01/mcs30_r01_s100.B04
Reading graphs...
100 :  937
100 :  930
Initializing...
maxdom : 7
D->valSize : 344
Solving...
Blb : 2 (clique : 14)
currentSize : 14 <-- 0.003252 s
currentSize : 15 <-- 0.006413 s
currentSize : 16 <-- 0.010081 s
currentSize : 17 <-- 0.027078 s
currentSize : 18 <-- 0.038337 s
currentSize : 19 <-- 0.135510 s
currentSize : 20 <-- 0.372527 s
currentSize : 21 <-- 0.372662 s
currentSize : 23 <-- 0.549672 s
currentSize : 26 <-- 2.408010 s
currentSize : 27 <-- 3.679671 s
currentSize : 28 <-- 6.992693 s
currentSize : 29 <-- 6.995453 s
currentSize : 30 <-- 7.351306 s

maxsize : 30
nodes : 7164044.000000
filtered : 65773364.000000
time : 45.410320
