Parameters: GAD=1 vflib=1 dir=0 label=0 vlabel=1 lowerbound=1 fileNameGp=../../cp2016-max-common-connected-subgraph-paper/datasets/graphsdb/mcs30/rand/r005/mcs30_r005_s100.A07 fileNameGt=../../cp2016-max-common-connected-subgraph-paper/datasets/graphsdb/mcs30/rand/r005/mcs30_r005_s100.B07
Reading graphs...
100 :  484
100 :  478
Initializing...
maxdom : 9
D->valSize : 342
Solving...
Blb : 2 (clique : 22)
currentSize : 22 <-- 0.005365 s
currentSize : 23 <-- 0.005669 s
currentSize : 24 <-- 0.010846 s
currentSize : 25 <-- 0.031029 s
currentSize : 26 <-- 0.475596 s
currentSize : 27 <-- 9.730804 s
currentSize : 28 <-- 76.889008 s
currentSize : 29 <-- 164.055557 s
currentSize : 30 <-- 797.869995 s

TIMEOUT
maxsize : 30
nodes : 179239867.000000
filtered : 1104779873.000000
time : 1000.000061
