Parameters: GAD=1 vflib=1 dir=0 label=0 vlabel=1 lowerbound=1 fileNameGp=../../cp2016-max-common-connected-subgraph-paper/datasets/graphsdb/mcs30/bvg/b06m/mcs30_b06m_s50.A00 fileNameGt=../../cp2016-max-common-connected-subgraph-paper/datasets/graphsdb/mcs30/bvg/b06m/mcs30_b06m_s50.B00
Reading graphs...
50 :  149
50 :  143
Initializing...
maxdom : 8
D->valSize : 311
Solving...
Blb : 2 (clique : 17)
currentSize : 17 <-- 0.002069 s
currentSize : 18 <-- 0.002672 s
currentSize : 19 <-- 0.003610 s
currentSize : 20 <-- 0.047365 s
currentSize : 21 <-- 0.047406 s
currentSize : 22 <-- 2.311312 s
currentSize : 23 <-- 2.391165 s

maxsize : 23
nodes : 8205548.000000
filtered : 86232677.000000
time : 35.832642
