Parameters: GAD=1 vflib=1 dir=0 label=0 vlabel=1 lowerbound=1 fileNameGp=../../cp2016-max-common-connected-subgraph-paper/datasets/graphsdb/mcs30/m4D/m4Dr4/mcs30_m4Dr4_s80.A04 fileNameGt=../../cp2016-max-common-connected-subgraph-paper/datasets/graphsdb/mcs30/m4D/m4Dr4/mcs30_m4Dr4_s80.B04
Reading graphs...
80 :  160
80 :  162
Initializing...
maxdom : 14
D->valSize : 418
Solving...
Blb : 3 (clique : 29)
currentSize : 29 <-- 0.004088 s
currentSize : 30 <-- 0.155310 s
currentSize : 31 <-- 18.441460 s
currentSize : 32 <-- 35.346031 s
currentSize : 33 <-- 48.240894 s
currentSize : 34 <-- 278.461792 s

TIMEOUT
maxsize : 34
nodes : 238070370.000000
filtered : 1522403136.000000
time : 1000.000061
