Parameters: GAD=1 vflib=1 dir=0 label=0 vlabel=1 lowerbound=1 fileNameGp=../../cp2016-max-common-connected-subgraph-paper/datasets/graphsdb/mcs30/m3D/m3Dr4/mcs30_m3Dr4_s70.A04 fileNameGt=../../cp2016-max-common-connected-subgraph-paper/datasets/graphsdb/mcs30/m3D/m3Dr4/mcs30_m3Dr4_s70.B04
Reading graphs...
70 :  184
70 :  185
Initializing...
maxdom : 13
D->valSize : 323
Solving...
Blb : 2 (clique : 21)
currentSize : 21 <-- 0.002627 s
currentSize : 22 <-- 0.003660 s
currentSize : 23 <-- 0.007539 s
currentSize : 24 <-- 0.024570 s
currentSize : 25 <-- 0.030012 s
currentSize : 26 <-- 0.113362 s
currentSize : 27 <-- 0.151029 s
currentSize : 28 <-- 0.205041 s
currentSize : 29 <-- 1.087893 s
currentSize : 30 <-- 1.145338 s
currentSize : 31 <-- 5.779742 s
currentSize : 32 <-- 8.739743 s

maxsize : 32
nodes : 5737078.000000
filtered : 34310512.000000
time : 25.861010
