Parameters: GAD=1 vflib=1 dir=0 label=0 vlabel=1 lowerbound=1 fileNameGp=../../cp2016-max-common-connected-subgraph-paper/datasets/graphsdb/mcs30/m3D/m3Dr4/mcs30_m3Dr4_s80.A08 fileNameGt=../../cp2016-max-common-connected-subgraph-paper/datasets/graphsdb/mcs30/m3D/m3Dr4/mcs30_m3Dr4_s80.B08
Reading graphs...
80 :  215
80 :  213
Initializing...
maxdom : 8
D->valSize : 426
Solving...
Blb : 2 (clique : 25)
currentSize : 25 <-- 0.004082 s
currentSize : 26 <-- 0.004271 s
currentSize : 27 <-- 0.006673 s
currentSize : 28 <-- 0.173526 s
currentSize : 29 <-- 0.177775 s
currentSize : 30 <-- 0.184335 s
currentSize : 31 <-- 21.201441 s
currentSize : 32 <-- 42.917229 s
currentSize : 33 <-- 565.121643 s

TIMEOUT
maxsize : 33
nodes : 189591427.000000
filtered : 1625245627.000000
time : 1000.000061
