Parameters: GAD=1 vflib=1 dir=0 label=0 vlabel=1 lowerbound=1 fileNameGp=../../cp2016-max-common-connected-subgraph-paper/datasets/graphsdb/mcs30/m2D/m2Dr2/mcs30_m2Dr2_s100.A06 fileNameGt=../../cp2016-max-common-connected-subgraph-paper/datasets/graphsdb/mcs30/m2D/m2Dr2/mcs30_m2Dr2_s100.B06
Reading graphs...
100 :  198
100 :  197
Initializing...
maxdom : 8
D->valSize : 341
Solving...
Blb : 2 (clique : 33)
currentSize : 33 <-- 0.005446 s
currentSize : 34 <-- 0.005928 s
currentSize : 35 <-- 0.008096 s
currentSize : 36 <-- 0.011642 s
currentSize : 37 <-- 0.037538 s
currentSize : 38 <-- 0.331464 s
currentSize : 39 <-- 1.532391 s
currentSize : 40 <-- 17.196199 s

TIMEOUT
maxsize : 40
nodes : 211914225.000000
filtered : 805260325.000000
time : 1000.000122
