Parameters: GAD=1 vflib=1 dir=0 label=0 vlabel=1 lowerbound=1 fileNameGp=../../cp2016-max-common-connected-subgraph-paper/datasets/graphsdb/mcs30/m4D/m4D/mcs30_m4D_s50.A06 fileNameGt=../../cp2016-max-common-connected-subgraph-paper/datasets/graphsdb/mcs30/m4D/m4D/mcs30_m4D_s50.B06
Reading graphs...
50 :  86
50 :  87
Initializing...
maxdom : 11
D->valSize : 313
Solving...
Blb : 2 (clique : 20)
currentSize : 20 <-- 0.002232 s
currentSize : 21 <-- 0.002383 s
currentSize : 22 <-- 0.003356 s
currentSize : 23 <-- 0.003634 s
currentSize : 24 <-- 0.271956 s
currentSize : 25 <-- 1.169425 s
currentSize : 26 <-- 2.873692 s
currentSize : 27 <-- 8.651126 s

maxsize : 27
nodes : 19605980.000000
filtered : 175528491.000000
time : 75.398239
