Parameters: GAD=1 vflib=1 dir=0 label=0 vlabel=1 lowerbound=1 fileNameGp=../../cp2016-max-common-connected-subgraph-paper/datasets/graphsdb/mcs30/m3D/m3Dr6/mcs30_m3Dr6_s80.A03 fileNameGt=../../cp2016-max-common-connected-subgraph-paper/datasets/graphsdb/mcs30/m3D/m3Dr6/mcs30_m3Dr6_s80.B03
Reading graphs...
80 :  230
80 :  227
Initializing...
maxdom : 8
D->valSize : 412
Solving...
Blb : 2 (clique : 25)
currentSize : 25 <-- 0.006085 s
currentSize : 26 <-- 0.006393 s
currentSize : 27 <-- 0.006844 s
currentSize : 28 <-- 3.766986 s
currentSize : 29 <-- 5.048122 s
currentSize : 30 <-- 162.043686 s
currentSize : 31 <-- 162.138412 s

TIMEOUT
maxsize : 31
nodes : 200411320.000000
filtered : 1567900962.000000
time : 1000.000000
