Parameters: GAD=1 vflib=1 dir=0 label=0 vlabel=1 lowerbound=1 fileNameGp=../../cp2016-max-common-connected-subgraph-paper/datasets/graphsdb/mcs30/m2D/m2Dr6/mcs30_m2Dr6_s90.A09 fileNameGt=../../cp2016-max-common-connected-subgraph-paper/datasets/graphsdb/mcs30/m2D/m2Dr6/mcs30_m2Dr6_s90.B09
Reading graphs...
90 :  212
90 :  207
Initializing...
maxdom : 11
D->valSize : 466
Solving...
Blb : 2 (clique : 27)
currentSize : 27 <-- 0.004998 s
currentSize : 28 <-- 1.246334 s
currentSize : 29 <-- 1.358010 s
currentSize : 30 <-- 2.728237 s
currentSize : 31 <-- 8.801632 s
currentSize : 32 <-- 9.402295 s
currentSize : 33 <-- 12.357160 s
currentSize : 34 <-- 119.479279 s

TIMEOUT
maxsize : 34
nodes : 188010473.000000
filtered : 1439322144.000000
time : 1000.000061
