Parameters: GAD=1 vflib=1 dir=0 label=0 vlabel=1 lowerbound=1 fileNameGp=../../cp2016-max-common-connected-subgraph-paper/datasets/graphsdb/mcs30/m4D/m4Dr2/mcs30_m4Dr2_s70.A07 fileNameGt=../../cp2016-max-common-connected-subgraph-paper/datasets/graphsdb/mcs30/m4D/m4Dr2/mcs30_m4Dr2_s70.B07
Reading graphs...
70 :  131
70 :  131
Initializing...
maxdom : 9
D->valSize : 300
Solving...
Blb : 2 (clique : 23)
currentSize : 23 <-- 0.004017 s
currentSize : 24 <-- 0.163813 s
currentSize : 25 <-- 0.683438 s
currentSize : 26 <-- 2.948857 s
currentSize : 27 <-- 4.832913 s
currentSize : 28 <-- 30.488144 s
currentSize : 29 <-- 30.932100 s
currentSize : 30 <-- 647.507568 s

TIMEOUT
maxsize : 30
nodes : 244872395.000000
filtered : 1562206563.000000
time : 1000.000000
