Parameters: GAD=1 vflib=1 dir=0 label=0 vlabel=1 lowerbound=1 fileNameGp=../../cp2016-max-common-connected-subgraph-paper/datasets/graphsdb/mcs30/bvg/b03m/mcs30_b03m_s60.A07 fileNameGt=../../cp2016-max-common-connected-subgraph-paper/datasets/graphsdb/mcs30/bvg/b03m/mcs30_b03m_s60.B07
Reading graphs...
60 :  90
60 :  90
Initializing...
maxdom : 8
D->valSize : 235
Solving...
Blb : 2 (clique : 24)
currentSize : 24 <-- 0.001626 s
currentSize : 25 <-- 0.001783 s
currentSize : 26 <-- 0.002724 s
currentSize : 27 <-- 0.061529 s
currentSize : 28 <-- 0.544671 s
currentSize : 29 <-- 32.910374 s
currentSize : 30 <-- 105.859596 s

maxsize : 30
nodes : 34033867.000000
filtered : 180905003.000000
time : 121.672287
