Parameters: GAD=1 vflib=1 dir=0 label=0 vlabel=1 lowerbound=1 fileNameGp=../../cp2016-max-common-connected-subgraph-paper/datasets/graphsdb/mcs30/bvg/b03m/mcs30_b03m_s100.A03 fileNameGt=../../cp2016-max-common-connected-subgraph-paper/datasets/graphsdb/mcs30/bvg/b03m/mcs30_b03m_s100.B03
Reading graphs...
100 :  150
100 :  149
Initializing...
maxdom : 9
D->valSize : 356
Solving...
Blb : 2 (clique : 40)
currentSize : 40 <-- 0.003630 s
currentSize : 41 <-- 0.004011 s
currentSize : 42 <-- 0.020430 s
currentSize : 43 <-- 0.238523 s
currentSize : 44 <-- 0.407608 s
currentSize : 45 <-- 18.263260 s
currentSize : 46 <-- 149.083191 s
currentSize : 47 <-- 895.487915 s

TIMEOUT
maxsize : 47
nodes : 219018755.000000
filtered : 790204763.000000
time : 1000.000122
