Parameters: GAD=1 vflib=1 dir=0 label=0 vlabel=1 lowerbound=1 fileNameGp=../../cp2016-max-common-connected-subgraph-paper/datasets/graphsdb/mcs30/bvg/b03/mcs30_b03_s50.A04 fileNameGt=../../cp2016-max-common-connected-subgraph-paper/datasets/graphsdb/mcs30/bvg/b03/mcs30_b03_s50.B04
Reading graphs...
50 :  75
50 :  75
Initializing...
maxdom : 9
D->valSize : 329
Solving...
Blb : 2 (clique : 21)
currentSize : 21 <-- 0.003873 s
currentSize : 22 <-- 0.074678 s
currentSize : 23 <-- 0.213883 s
currentSize : 24 <-- 0.246475 s
currentSize : 25 <-- 0.379248 s
currentSize : 26 <-- 55.092659 s
currentSize : 27 <-- 115.965324 s

maxsize : 27
nodes : 49887189.000000
filtered : 458877988.000000
time : 185.514404
