Parameters: GAD=1 vflib=1 dir=0 label=0 vlabel=1 lowerbound=1 fileNameGp=../../cp2016-max-common-connected-subgraph-paper/datasets/graphsdb/mcs30/bvg/b09m/mcs30_b09m_s90.A09 fileNameGt=../../cp2016-max-common-connected-subgraph-paper/datasets/graphsdb/mcs30/bvg/b09m/mcs30_b09m_s90.B09
Reading graphs...
90 :  392
90 :  395
Initializing...
maxdom : 9
D->valSize : 515
Solving...
Blb : 2 (clique : 21)
currentSize : 21 <-- 0.005663 s
currentSize : 22 <-- 0.006227 s
currentSize : 23 <-- 0.006299 s
currentSize : 24 <-- 0.021928 s
currentSize : 25 <-- 0.023147 s
currentSize : 26 <-- 0.137880 s
currentSize : 27 <-- 0.307217 s
currentSize : 28 <-- 2.769878 s
currentSize : 29 <-- 18.572680 s

TIMEOUT
maxsize : 29
nodes : 172832321.000000
filtered : 1698087925.000000
time : 1000.000061
