Parameters: GAD=1 vflib=1 dir=0 label=0 vlabel=1 lowerbound=1 fileNameGp=../../cp2016-max-common-connected-subgraph-paper/datasets/graphsdb/mcs30/m4D/m4Dr6/mcs30_m4Dr6_s50.A06 fileNameGt=../../cp2016-max-common-connected-subgraph-paper/datasets/graphsdb/mcs30/m4D/m4Dr6/mcs30_m4Dr6_s50.B06
Reading graphs...
50 :  113
50 :  113
Initializing...
maxdom : 9
D->valSize : 278
Solving...
Blb : 2 (clique : 17)
currentSize : 17 <-- 0.001873 s
currentSize : 18 <-- 0.015822 s
currentSize : 19 <-- 0.080305 s
currentSize : 20 <-- 0.080440 s
currentSize : 21 <-- 0.544675 s
currentSize : 22 <-- 0.623661 s
currentSize : 23 <-- 9.086953 s

maxsize : 23
nodes : 3643832.000000
filtered : 34283237.000000
time : 13.747873
