Parameters: GAD=1 vflib=1 dir=0 label=0 vlabel=1 lowerbound=1 fileNameGp=../../cp2016-max-common-connected-subgraph-paper/datasets/graphsdb/mcs30/m3D/m3Dr4/mcs30_m3Dr4_s70.A01 fileNameGt=../../cp2016-max-common-connected-subgraph-paper/datasets/graphsdb/mcs30/m3D/m3Dr4/mcs30_m3Dr4_s70.B01
Reading graphs...
70 :  186
70 :  186
Initializing...
maxdom : 9
D->valSize : 324
Solving...
Blb : 2 (clique : 22)
currentSize : 22 <-- 0.004092 s
currentSize : 23 <-- 0.004368 s
currentSize : 24 <-- 0.019533 s
currentSize : 25 <-- 0.070651 s
currentSize : 26 <-- 2.651724 s
currentSize : 27 <-- 4.130133 s
currentSize : 28 <-- 4.173285 s
currentSize : 29 <-- 12.632781 s
currentSize : 30 <-- 12.632902 s
currentSize : 31 <-- 71.446030 s

maxsize : 31
nodes : 180435333.000000
filtered : 1399768507.000000
time : 906.707031
