Parameters: GAD=1 vflib=1 dir=0 label=0 vlabel=1 lowerbound=1 fileNameGp=../../cp2016-max-common-connected-subgraph-paper/datasets/graphsdb/mcs30/m2D/m2Dr4/mcs30_m2Dr4_s70.A03 fileNameGt=../../cp2016-max-common-connected-subgraph-paper/datasets/graphsdb/mcs30/m2D/m2Dr4/mcs30_m2Dr4_s70.B03
Reading graphs...
70 :  150
70 :  150
Initializing...
maxdom : 7
D->valSize : 299
Solving...
Blb : 2 (clique : 22)
currentSize : 22 <-- 0.002466 s
currentSize : 23 <-- 0.002734 s
currentSize : 24 <-- 0.005868 s
currentSize : 25 <-- 0.013976 s
currentSize : 26 <-- 0.197290 s
currentSize : 27 <-- 0.197339 s
currentSize : 29 <-- 1.215881 s
currentSize : 30 <-- 3.797496 s
currentSize : 31 <-- 29.647877 s
currentSize : 32 <-- 910.063293 s

TIMEOUT
maxsize : 32
nodes : 233619205.000000
filtered : 1396812524.000000
time : 1000.000061
