Parameters: GAD=1 vflib=1 dir=0 label=0 vlabel=1 lowerbound=1 fileNameGp=../../cp2016-max-common-connected-subgraph-paper/datasets/graphsdb/mcs30/m4D/m4Dr2/mcs30_m4Dr2_s50.A09 fileNameGt=../../cp2016-max-common-connected-subgraph-paper/datasets/graphsdb/mcs30/m4D/m4Dr2/mcs30_m4Dr2_s50.B09
Reading graphs...
50 :  96
50 :  95
Initializing...
maxdom : 9
D->valSize : 318
Solving...
Blb : 2 (clique : 21)
currentSize : 21 <-- 0.002247 s
currentSize : 22 <-- 0.002360 s
currentSize : 23 <-- 0.456319 s
currentSize : 24 <-- 1.566961 s
currentSize : 25 <-- 5.040684 s
currentSize : 26 <-- 22.675903 s

maxsize : 26
nodes : 105988370.000000
filtered : 1184930493.000000
time : 453.797668
