Parameters: GAD=1 vflib=1 dir=0 label=0 vlabel=1 lowerbound=1 fileNameGp=../../cp2016-max-common-connected-subgraph-paper/datasets/graphsdb/mcs30/m3D/m3Dr6/mcs30_m3Dr6_s90.A07 fileNameGt=../../cp2016-max-common-connected-subgraph-paper/datasets/graphsdb/mcs30/m3D/m3Dr6/mcs30_m3Dr6_s90.B07
Reading graphs...
90 :  260
90 :  258
Initializing...
maxdom : 11
D->valSize : 552
Solving...
Blb : 2 (clique : 25)
currentSize : 25 <-- 0.006136 s
currentSize : 26 <-- 0.006344 s
currentSize : 27 <-- 0.006707 s
currentSize : 28 <-- 0.033308 s
currentSize : 29 <-- 1.288739 s
currentSize : 30 <-- 1.465249 s
currentSize : 31 <-- 3.523439 s
currentSize : 32 <-- 7.403568 s
currentSize : 33 <-- 10.365711 s
currentSize : 34 <-- 10.616448 s

TIMEOUT
maxsize : 34
nodes : 194705745.000000
filtered : 1622268859.000000
time : 1000.000061
