Parameters: GAD=1 vflib=1 dir=0 label=0 vlabel=1 lowerbound=1 fileNameGp=../../cp2016-max-common-connected-subgraph-paper/datasets/graphsdb/mcs30/m4D/m4Dr6/mcs30_m4Dr6_s70.A02 fileNameGt=../../cp2016-max-common-connected-subgraph-paper/datasets/graphsdb/mcs30/m4D/m4Dr6/mcs30_m4Dr6_s70.B02
Reading graphs...
70 :  158
70 :  156
Initializing...
maxdom : 8
D->valSize : 342
Solving...
Blb : 2 (clique : 24)
currentSize : 24 <-- 0.004855 s
currentSize : 25 <-- 0.009295 s
currentSize : 26 <-- 0.040646 s
currentSize : 27 <-- 0.081593 s
currentSize : 28 <-- 12.032648 s
currentSize : 29 <-- 31.080460 s

TIMEOUT
maxsize : 29
nodes : 230678377.000000
filtered : 1666767053.000000
time : 1000.000000
