Parameters: GAD=1 vflib=1 dir=0 label=0 vlabel=1 lowerbound=1 fileNameGp=../../cp2016-max-common-connected-subgraph-paper/datasets/graphsdb/mcs30/m3D/m3Dr4/mcs30_m3Dr4_s90.A09 fileNameGt=../../cp2016-max-common-connected-subgraph-paper/datasets/graphsdb/mcs30/m3D/m3Dr4/mcs30_m3Dr4_s90.B09
Reading graphs...
90 :  242
90 :  241
Initializing...
maxdom : 10
D->valSize : 571
Solving...
Blb : 2 (clique : 32)
currentSize : 32 <-- 0.006672 s
currentSize : 33 <-- 0.007740 s
currentSize : 34 <-- 0.057536 s
currentSize : 35 <-- 0.642029 s
currentSize : 36 <-- 357.861938 s
currentSize : 37 <-- 743.344727 s

TIMEOUT
maxsize : 37
nodes : 207832492.000000
filtered : 1347072865.000000
time : 1000.000061
