Parameters: GAD=1 vflib=1 dir=0 label=0 vlabel=1 lowerbound=1 fileNameGp=../../cp2016-max-common-connected-subgraph-paper/datasets/graphsdb/mcs30/rand/r005/mcs30_r005_s90.A08 fileNameGt=../../cp2016-max-common-connected-subgraph-paper/datasets/graphsdb/mcs30/rand/r005/mcs30_r005_s90.B08
Reading graphs...
90 :  394
90 :  389
Initializing...
maxdom : 10
D->valSize : 529
Solving...
Blb : 2 (clique : 22)
currentSize : 22 <-- 0.005902 s
currentSize : 23 <-- 0.020613 s
currentSize : 24 <-- 0.020719 s
currentSize : 25 <-- 0.021461 s
currentSize : 26 <-- 0.530171 s
currentSize : 27 <-- 18.756985 s
currentSize : 28 <-- 84.658897 s

TIMEOUT
maxsize : 28
nodes : 180198242.000000
filtered : 1619476227.000000
time : 1000.000000
