Parameters: GAD=1 vflib=1 dir=0 label=0 vlabel=1 lowerbound=1 fileNameGp=../../cp2016-max-common-connected-subgraph-paper/datasets/graphsdb/mcs30/bvg/b06m/mcs30_b06m_s70.A03 fileNameGt=../../cp2016-max-common-connected-subgraph-paper/datasets/graphsdb/mcs30/bvg/b06m/mcs30_b06m_s70.B03
Reading graphs...
70 :  207
70 :  208
Initializing...
maxdom : 8
D->valSize : 342
Solving...
Blb : 3 (clique : 23)
currentSize : 23 <-- 0.002823 s
currentSize : 24 <-- 0.207114 s
currentSize : 25 <-- 0.207302 s
currentSize : 26 <-- 35.694382 s
currentSize : 27 <-- 496.847107 s
currentSize : 28 <-- 497.213226 s

TIMEOUT
maxsize : 28
nodes : 210629687.000000
filtered : 1817340698.000000
time : 1000.000061
