Parameters: GAD=1 vflib=1 dir=0 label=0 vlabel=1 lowerbound=1 fileNameGp=../../cp2016-max-common-connected-subgraph-paper/datasets/graphsdb/mcs30/bvg/b06/mcs30_b06_s60.A01 fileNameGt=../../cp2016-max-common-connected-subgraph-paper/datasets/graphsdb/mcs30/bvg/b06/mcs30_b06_s60.B01
Reading graphs...
60 :  179
60 :  176
Initializing...
maxdom : 8
D->valSize : 242
Solving...
Blb : 2 (clique : 17)
currentSize : 17 <-- 0.001720 s
currentSize : 18 <-- 0.001834 s
currentSize : 19 <-- 0.002782 s
currentSize : 20 <-- 0.005169 s
currentSize : 21 <-- 0.065888 s
currentSize : 22 <-- 0.178226 s
currentSize : 23 <-- 10.803609 s
currentSize : 24 <-- 97.606857 s

maxsize : 24
nodes : 27562509.000000
filtered : 213171238.000000
time : 112.825851
