Parameters: GAD=1 vflib=1 dir=0 label=0 vlabel=1 lowerbound=1 fileNameGp=../../cp2016-max-common-connected-subgraph-paper/datasets/graphsdb/mcs30/m4D/m4Dr2/mcs30_m4Dr2_s70.A09 fileNameGt=../../cp2016-max-common-connected-subgraph-paper/datasets/graphsdb/mcs30/m4D/m4Dr2/mcs30_m4Dr2_s70.B09
Reading graphs...
70 :  129
70 :  129
Initializing...
maxdom : 11
D->valSize : 325
Solving...
Blb : 2 (clique : 25)
currentSize : 25 <-- 0.002696 s
currentSize : 26 <-- 0.040757 s
currentSize : 27 <-- 0.116977 s
currentSize : 28 <-- 0.217502 s
currentSize : 29 <-- 0.228759 s
currentSize : 30 <-- 10.059515 s
currentSize : 31 <-- 30.850910 s
currentSize : 32 <-- 629.031677 s

TIMEOUT
maxsize : 32
nodes : 234058398.000000
filtered : 1463940842.000000
time : 1000.000000
