Parameters: GAD=1 vflib=1 dir=0 label=0 vlabel=1 lowerbound=1 fileNameGp=../../cp2016-max-common-connected-subgraph-paper/datasets/graphsdb/mcs30/m3D/m3Dr6/mcs30_m3Dr6_s100.A03 fileNameGt=../../cp2016-max-common-connected-subgraph-paper/datasets/graphsdb/mcs30/m3D/m3Dr6/mcs30_m3Dr6_s100.B03
Reading graphs...
100 :  288
100 :  290
Initializing...
maxdom : 8
D->valSize : 331
Solving...
Blb : 2 (clique : 26)
currentSize : 26 <-- 0.003261 s
currentSize : 28 <-- 0.003451 s
currentSize : 29 <-- 0.003809 s
currentSize : 30 <-- 0.004257 s
currentSize : 31 <-- 0.039544 s
currentSize : 32 <-- 0.072307 s
currentSize : 33 <-- 0.604285 s
currentSize : 34 <-- 0.611062 s
currentSize : 35 <-- 0.611210 s
currentSize : 36 <-- 0.768302 s
currentSize : 37 <-- 659.393677 s

TIMEOUT
maxsize : 37
nodes : 203201893.000000
filtered : 733130832.000000
time : 1000.000061
