Parameters: GAD=1 vflib=1 dir=0 label=0 vlabel=1 lowerbound=1 fileNameGp=../../cp2016-max-common-connected-subgraph-paper/datasets/graphsdb/mcs30/rand/r01/mcs30_r01_s70.A08 fileNameGt=../../cp2016-max-common-connected-subgraph-paper/datasets/graphsdb/mcs30/rand/r01/mcs30_r01_s70.B08
Reading graphs...
70 :  442
70 :  463
Initializing...
maxdom : 10
D->valSize : 303
Solving...
Blb : 2 (clique : 13)
currentSize : 13 <-- 0.002321 s
currentSize : 14 <-- 0.002414 s
currentSize : 16 <-- 0.005800 s
currentSize : 17 <-- 0.082278 s
currentSize : 18 <-- 0.413907 s
currentSize : 19 <-- 2.520076 s
currentSize : 20 <-- 83.879745 s
currentSize : 21 <-- 89.947815 s
currentSize : 22 <-- 89.987610 s

maxsize : 22
nodes : 22650009.000000
filtered : 151842606.000000
time : 101.896080
