Parameters: GAD=1 vflib=1 dir=0 label=0 vlabel=1 lowerbound=1 fileNameGp=../../cp2016-max-common-connected-subgraph-paper/datasets/graphsdb/mcs30/m2D/m2D/mcs30_m2D_s90.A07 fileNameGt=../../cp2016-max-common-connected-subgraph-paper/datasets/graphsdb/mcs30/m2D/m2D/mcs30_m2D_s90.B07
Reading graphs...
90 :  160
90 :  160
Initializing...
maxdom : 10
D->valSize : 527
Solving...
Blb : 2 (clique : 34)
currentSize : 34 <-- 0.006200 s
currentSize : 36 <-- 0.008894 s
currentSize : 37 <-- 0.021722 s
currentSize : 38 <-- 0.056787 s
currentSize : 39 <-- 1.977150 s
currentSize : 40 <-- 2.135545 s

TIMEOUT
maxsize : 40
nodes : 205755092.000000
filtered : 1156436909.000000
time : 1000.000061
