Parameters: GAD=1 vflib=1 dir=0 label=0 vlabel=1 lowerbound=1 fileNameGp=../../cp2016-max-common-connected-subgraph-paper/datasets/graphsdb/mcs30/m2D/m2Dr4/mcs30_m2Dr4_s100.A04 fileNameGt=../../cp2016-max-common-connected-subgraph-paper/datasets/graphsdb/mcs30/m2D/m2Dr4/mcs30_m2Dr4_s100.B04
Reading graphs...
100 :  217
100 :  216
Initializing...
maxdom : 8
D->valSize : 324
Solving...
Blb : 2 (clique : 31)
currentSize : 31 <-- 0.005337 s
currentSize : 32 <-- 0.005711 s
currentSize : 33 <-- 0.009051 s
currentSize : 34 <-- 2.433935 s
currentSize : 35 <-- 2.451113 s
currentSize : 36 <-- 2.649044 s
currentSize : 37 <-- 9.538350 s
currentSize : 38 <-- 45.927536 s

TIMEOUT
maxsize : 38
nodes : 218890637.000000
filtered : 772430370.000000
time : 1000.000061
