Parameters: GAD=1 vflib=1 dir=0 label=0 vlabel=1 lowerbound=1 fileNameGp=../../cp2016-max-common-connected-subgraph-paper/datasets/graphsdb/mcs30/bvg/b06m/mcs30_b06m_s50.A01 fileNameGt=../../cp2016-max-common-connected-subgraph-paper/datasets/graphsdb/mcs30/bvg/b06m/mcs30_b06m_s50.B01
Reading graphs...
50 :  146
50 :  147
Initializing...
maxdom : 10
D->valSize : 330
Solving...
Blb : 5 (clique : 17)
currentSize : 17 <-- 0.002329 s
currentSize : 18 <-- 0.005723 s
currentSize : 19 <-- 0.009511 s
currentSize : 20 <-- 0.328101 s
currentSize : 21 <-- 1.727414 s
currentSize : 22 <-- 54.429993 s
currentSize : 23 <-- 60.131432 s

maxsize : 23
nodes : 26360217.000000
filtered : 294019344.000000
time : 115.220940
