Parameters: GAD=1 vflib=1 dir=0 label=0 vlabel=1 lowerbound=1 fileNameGp=../../cp2016-max-common-connected-subgraph-paper/datasets/graphsdb/mcs30/rand/r005/mcs30_r005_s100.A09 fileNameGt=../../cp2016-max-common-connected-subgraph-paper/datasets/graphsdb/mcs30/rand/r005/mcs30_r005_s100.B09
Reading graphs...
100 :  481
100 :  486
Initializing...
maxdom : 7
D->valSize : 351
Solving...
Blb : 2 (clique : 19)
currentSize : 19 <-- 0.005398 s
currentSize : 20 <-- 0.005758 s
currentSize : 21 <-- 0.008637 s
currentSize : 22 <-- 0.011726 s
currentSize : 23 <-- 0.012830 s
currentSize : 24 <-- 0.015924 s
currentSize : 25 <-- 0.017013 s
currentSize : 26 <-- 0.148536 s
currentSize : 27 <-- 9.759233 s
currentSize : 28 <-- 122.642952 s
currentSize : 29 <-- 981.537964 s

TIMEOUT
maxsize : 29
nodes : 187622125.000000
filtered : 1015103318.000000
time : 1000.000061
