Parameters: GAD=1 vflib=1 dir=0 label=0 vlabel=1 lowerbound=1 fileNameGp=../../cp2016-max-common-connected-subgraph-paper/datasets/graphsdb/mcs30/bvg/b06m/mcs30_b06m_s90.A04 fileNameGt=../../cp2016-max-common-connected-subgraph-paper/datasets/graphsdb/mcs30/bvg/b06m/mcs30_b06m_s90.B04
Reading graphs...
90 :  269
90 :  269
Initializing...
maxdom : 14
D->valSize : 597
Solving...
Blb : 2 (clique : 29)
currentSize : 29 <-- 0.007216 s
currentSize : 30 <-- 0.007466 s
currentSize : 31 <-- 0.007596 s
currentSize : 32 <-- 0.008102 s
currentSize : 33 <-- 0.286152 s
currentSize : 34 <-- 16.908108 s

TIMEOUT
maxsize : 34
nodes : 192699789.000000
filtered : 1447318345.000000
time : 1000.000061
