Parameters: GAD=1 vflib=1 dir=0 label=0 vlabel=1 lowerbound=1 fileNameGp=../../cp2016-max-common-connected-subgraph-paper/datasets/graphsdb/mcs30/bvg/b09m/mcs30_b09m_s60.A05 fileNameGt=../../cp2016-max-common-connected-subgraph-paper/datasets/graphsdb/mcs30/bvg/b09m/mcs30_b09m_s60.B05
Reading graphs...
60 :  258
60 :  262
Initializing...
maxdom : 7
D->valSize : 255
Solving...
Blb : 2 (clique : 14)
currentSize : 14 <-- 0.001720 s
currentSize : 15 <-- 0.003230 s
currentSize : 16 <-- 0.005513 s
currentSize : 17 <-- 0.014207 s
currentSize : 18 <-- 0.042838 s
currentSize : 19 <-- 0.459469 s
currentSize : 20 <-- 2.304275 s

maxsize : 20
nodes : 13242319.000000
filtered : 87249401.000000
time : 55.194447
