Parameters: GAD=1 vflib=1 dir=0 label=0 vlabel=1 lowerbound=1 fileNameGp=../../cp2016-max-common-connected-subgraph-paper/datasets/graphsdb/mcs30/m4D/m4Dr2/mcs30_m4Dr2_s70.A02 fileNameGt=../../cp2016-max-common-connected-subgraph-paper/datasets/graphsdb/mcs30/m4D/m4Dr2/mcs30_m4Dr2_s70.B02
Reading graphs...
70 :  131
70 :  130
Initializing...
maxdom : 10
D->valSize : 321
Solving...
Blb : 2 (clique : 26)
currentSize : 26 <-- 0.004288 s
currentSize : 27 <-- 0.004575 s
currentSize : 28 <-- 0.234754 s
currentSize : 29 <-- 0.904762 s
currentSize : 30 <-- 1.035669 s
currentSize : 31 <-- 582.501892 s
currentSize : 32 <-- 616.533936 s

TIMEOUT
maxsize : 32
nodes : 246973329.000000
filtered : 1441299139.000000
time : 1000.000061
