Parameters: GAD=1 vflib=1 dir=0 label=0 vlabel=1 lowerbound=1 fileNameGp=../../cp2016-max-common-connected-subgraph-paper/datasets/graphsdb/mcs30/m3D/m3Dr4/mcs30_m3Dr4_s70.A05 fileNameGt=../../cp2016-max-common-connected-subgraph-paper/datasets/graphsdb/mcs30/m3D/m3Dr4/mcs30_m3Dr4_s70.B05
Reading graphs...
70 :  183
70 :  182
Initializing...
maxdom : 10
D->valSize : 334
Solving...
Blb : 2 (clique : 21)
currentSize : 21 <-- 0.004446 s
currentSize : 22 <-- 0.004686 s
currentSize : 23 <-- 0.004984 s
currentSize : 24 <-- 0.006727 s
currentSize : 25 <-- 0.007132 s
currentSize : 26 <-- 0.041510 s
currentSize : 27 <-- 0.042193 s
currentSize : 28 <-- 12.632179 s
currentSize : 29 <-- 36.924496 s
currentSize : 30 <-- 49.844795 s
currentSize : 31 <-- 181.354919 s
currentSize : 32 <-- 181.374603 s
currentSize : 33 <-- 181.389603 s

maxsize : 33
nodes : 122758091.000000
filtered : 1025517360.000000
time : 594.999939
