Parameters: GAD=1 vflib=1 dir=0 label=0 vlabel=1 lowerbound=1 fileNameGp=../../cp2016-max-common-connected-subgraph-paper/datasets/graphsdb/mcs30/rand/r01/mcs30_r01_s100.A05 fileNameGt=../../cp2016-max-common-connected-subgraph-paper/datasets/graphsdb/mcs30/rand/r01/mcs30_r01_s100.B05
Reading graphs...
100 :  938
100 :  941
Initializing...
maxdom : 6
D->valSize : 328
Solving...
Blb : 2 (clique : 14)
currentSize : 14 <-- 0.004503 s
currentSize : 15 <-- 0.004785 s
currentSize : 16 <-- 0.005264 s
currentSize : 17 <-- 0.006960 s
currentSize : 18 <-- 0.701828 s
currentSize : 19 <-- 0.701884 s
currentSize : 20 <-- 0.726770 s
currentSize : 21 <-- 40.312828 s
currentSize : 22 <-- 80.964996 s
currentSize : 23 <-- 103.432854 s
currentSize : 27 <-- 103.434006 s
currentSize : 28 <-- 103.657509 s
currentSize : 30 <-- 103.657600 s

maxsize : 30
nodes : 24187485.000000
filtered : 149914920.000000
time : 137.057831
