Parameters: GAD=1 vflib=1 dir=0 label=0 vlabel=1 lowerbound=1 fileNameGp=../../cp2016-max-common-connected-subgraph-paper/datasets/graphsdb/mcs30/rand/r005/mcs30_r005_s90.A02 fileNameGt=../../cp2016-max-common-connected-subgraph-paper/datasets/graphsdb/mcs30/rand/r005/mcs30_r005_s90.B02
Reading graphs...
90 :  391
90 :  390
Initializing...
maxdom : 10
D->valSize : 524
Solving...
Blb : 2 (clique : 23)
currentSize : 23 <-- 0.009444 s
currentSize : 24 <-- 0.009920 s
currentSize : 25 <-- 0.014807 s
currentSize : 26 <-- 0.049913 s
currentSize : 27 <-- 0.115928 s
currentSize : 28 <-- 41.197842 s
currentSize : 29 <-- 336.144165 s
currentSize : 30 <-- 909.394165 s

TIMEOUT
maxsize : 30
nodes : 187295636.000000
filtered : 1424025291.000000
time : 1000.000061
