Parameters: GAD=1 vflib=1 dir=0 label=0 vlabel=1 lowerbound=1 fileNameGp=../../cp2016-max-common-connected-subgraph-paper/datasets/graphsdb/mcs30/m2D/m2D/mcs30_m2D_s80.A07 fileNameGt=../../cp2016-max-common-connected-subgraph-paper/datasets/graphsdb/mcs30/m2D/m2D/mcs30_m2D_s80.B07
Reading graphs...
80 :  141
80 :  142
Initializing...
maxdom : 7
D->valSize : 418
Solving...
Blb : 3 (clique : 29)
currentSize : 29 <-- 0.004078 s
currentSize : 30 <-- 0.076867 s
currentSize : 31 <-- 0.723024 s
currentSize : 32 <-- 1.499648 s
currentSize : 33 <-- 10.916275 s
currentSize : 34 <-- 13.304917 s
currentSize : 35 <-- 68.809769 s

TIMEOUT
maxsize : 35
nodes : 224419206.000000
filtered : 1214572038.000000
time : 1000.000061
