Parameters: GAD=1 vflib=1 dir=0 label=0 vlabel=1 lowerbound=1 fileNameGp=../../cp2016-max-common-connected-subgraph-paper/datasets/graphsdb/mcs30/rand/r01/mcs30_r01_s70.A03 fileNameGt=../../cp2016-max-common-connected-subgraph-paper/datasets/graphsdb/mcs30/rand/r01/mcs30_r01_s70.B03
Reading graphs...
70 :  461
70 :  462
Initializing...
maxdom : 8
D->valSize : 348
Solving...
Blb : 2 (clique : 12)
currentSize : 12 <-- 0.004153 s
currentSize : 13 <-- 0.004347 s
currentSize : 14 <-- 0.004644 s
currentSize : 15 <-- 0.009794 s
currentSize : 16 <-- 0.090368 s
currentSize : 17 <-- 0.170426 s
currentSize : 18 <-- 27.703899 s
currentSize : 19 <-- 88.494759 s
currentSize : 20 <-- 90.986427 s
currentSize : 21 <-- 122.957207 s

maxsize : 21
nodes : 38868170.000000
filtered : 291856646.000000
time : 179.030228
