Parameters: GAD=1 vflib=1 dir=0 label=0 vlabel=1 lowerbound=1 fileNameGp=../../cp2016-max-common-connected-subgraph-paper/datasets/graphsdb/mcs30/bvg/b03/mcs30_b03_s100.A05 fileNameGt=../../cp2016-max-common-connected-subgraph-paper/datasets/graphsdb/mcs30/bvg/b03/mcs30_b03_s100.B05
Reading graphs...
100 :  149
100 :  149
Initializing...
maxdom : 10
D->valSize : 363
Solving...
Blb : 2 (clique : 37)
currentSize : 37 <-- 0.003818 s
currentSize : 38 <-- 0.004096 s
currentSize : 39 <-- 0.004202 s
currentSize : 40 <-- 0.004275 s
currentSize : 41 <-- 0.017015 s
currentSize : 42 <-- 0.073521 s
currentSize : 43 <-- 0.099709 s
currentSize : 44 <-- 17.111195 s
currentSize : 45 <-- 648.536682 s

TIMEOUT
maxsize : 45
nodes : 201975355.000000
filtered : 661780297.000000
time : 1000.000122
