Parameters: GAD=1 vflib=1 dir=0 label=0 vlabel=1 lowerbound=1 fileNameGp=../../cp2016-max-common-connected-subgraph-paper/datasets/graphsdb/mcs30/m2D/m2Dr2/mcs30_m2Dr2_s90.A00 fileNameGt=../../cp2016-max-common-connected-subgraph-paper/datasets/graphsdb/mcs30/m2D/m2Dr2/mcs30_m2Dr2_s90.B00
Reading graphs...
90 :  176
90 :  178
Initializing...
maxdom : 11
D->valSize : 542
Solving...
Blb : 3 (clique : 34)
currentSize : 34 <-- 0.010563 s
currentSize : 35 <-- 0.637630 s
currentSize : 36 <-- 2.653409 s
currentSize : 37 <-- 2.788441 s
currentSize : 38 <-- 33.980022 s
currentSize : 39 <-- 35.796841 s
currentSize : 40 <-- 637.549438 s

TIMEOUT
maxsize : 40
nodes : 216801600.000000
filtered : 1194590896.000000
time : 1000.000061
