Parameters: GAD=1 vflib=1 dir=0 label=0 vlabel=1 lowerbound=1 fileNameGp=../../cp2016-max-common-connected-subgraph-paper/datasets/graphsdb/mcs30/m2D/m2Dr6/mcs30_m2Dr6_s80.A09 fileNameGt=../../cp2016-max-common-connected-subgraph-paper/datasets/graphsdb/mcs30/m2D/m2Dr6/mcs30_m2Dr6_s80.B09
Reading graphs...
80 :  189
80 :  186
Initializing...
maxdom : 9
D->valSize : 389
Solving...
Blb : 2 (clique : 23)
currentSize : 23 <-- 0.003551 s
currentSize : 25 <-- 0.003777 s
currentSize : 26 <-- 0.008810 s
currentSize : 27 <-- 0.017713 s
currentSize : 28 <-- 0.054526 s
currentSize : 29 <-- 2.645072 s
currentSize : 30 <-- 6.701041 s
currentSize : 31 <-- 40.232319 s
currentSize : 32 <-- 101.945312 s

TIMEOUT
maxsize : 32
nodes : 225112930.000000
filtered : 1644642884.000000
time : 1000.000000
