Parameters: GAD=1 vflib=1 dir=0 label=0 vlabel=1 lowerbound=1 fileNameGp=../../cp2016-max-common-connected-subgraph-paper/datasets/graphsdb/mcs30/m3D/m3Dr2/mcs30_m3Dr2_s90.A09 fileNameGt=../../cp2016-max-common-connected-subgraph-paper/datasets/graphsdb/mcs30/m3D/m3Dr2/mcs30_m3Dr2_s90.B09
Reading graphs...
90 :  223
90 :  226
Initializing...
maxdom : 9
D->valSize : 552
Solving...
Blb : 2 (clique : 32)
currentSize : 32 <-- 0.006513 s
currentSize : 33 <-- 0.007312 s
currentSize : 34 <-- 0.045442 s
currentSize : 35 <-- 0.349450 s
currentSize : 36 <-- 24.671156 s
currentSize : 37 <-- 156.838470 s
currentSize : 38 <-- 423.274506 s

TIMEOUT
maxsize : 38
nodes : 188671051.000000
filtered : 1394789588.000000
time : 1000.000061
