Parameters: GAD=1 vflib=1 dir=0 label=0 vlabel=1 lowerbound=1 fileNameGp=../../cp2016-max-common-connected-subgraph-paper/datasets/graphsdb/mcs30/m2D/m2Dr6/mcs30_m2Dr6_s60.A02 fileNameGt=../../cp2016-max-common-connected-subgraph-paper/datasets/graphsdb/mcs30/m2D/m2Dr6/mcs30_m2Dr6_s60.B02
Reading graphs...
60 :  138
60 :  137
Initializing...
maxdom : 9
D->valSize : 246
Solving...
Blb : 2 (clique : 21)
currentSize : 21 <-- 0.001812 s
currentSize : 22 <-- 0.002016 s
currentSize : 23 <-- 0.005649 s
currentSize : 24 <-- 0.035435 s
currentSize : 25 <-- 0.538920 s
currentSize : 26 <-- 3.202672 s
currentSize : 27 <-- 9.177834 s

maxsize : 27
nodes : 20769977.000000
filtered : 172988529.000000
time : 92.773697
