Parameters: GAD=1 vflib=1 dir=0 label=0 vlabel=1 lowerbound=1 fileNameGp=../../cp2016-max-common-connected-subgraph-paper/datasets/graphsdb/mcs30/m4D/m4D/mcs30_m4D_s90.A02 fileNameGt=../../cp2016-max-common-connected-subgraph-paper/datasets/graphsdb/mcs30/m4D/m4D/mcs30_m4D_s90.B02
Reading graphs...
90 :  146
90 :  146
Initializing...
maxdom : 12
D->valSize : 493
Solving...
Blb : 2 (clique : 33)
currentSize : 33 <-- 0.005524 s
currentSize : 34 <-- 0.513397 s
currentSize : 35 <-- 4.557438 s
currentSize : 36 <-- 7.210526 s
currentSize : 37 <-- 10.064546 s
currentSize : 38 <-- 88.272552 s
currentSize : 39 <-- 121.465424 s
currentSize : 40 <-- 181.835129 s

TIMEOUT
maxsize : 40
nodes : 238874229.000000
filtered : 943850450.000000
time : 1000.000061
