Parameters: GAD=1 vflib=1 dir=0 label=0 vlabel=1 lowerbound=1 fileNameGp=../../cp2016-max-common-connected-subgraph-paper/datasets/graphsdb/mcs30/m2D/m2Dr4/mcs30_m2Dr4_s100.A07 fileNameGt=../../cp2016-max-common-connected-subgraph-paper/datasets/graphsdb/mcs30/m2D/m2Dr4/mcs30_m2Dr4_s100.B07
Reading graphs...
100 :  218
100 :  216
Initializing...
maxdom : 7
D->valSize : 383
Solving...
Blb : 2 (clique : 36)
currentSize : 36 <-- 0.003932 s
currentSize : 37 <-- 0.035181 s
currentSize : 38 <-- 0.223267 s
currentSize : 39 <-- 8.595193 s
currentSize : 40 <-- 15.446857 s
currentSize : 41 <-- 258.022705 s
currentSize : 42 <-- 859.306030 s

TIMEOUT
maxsize : 42
nodes : 195645950.000000
filtered : 851275961.000000
time : 1000.000061
