Parameters: GAD=1 vflib=1 dir=0 label=0 vlabel=1 lowerbound=1 fileNameGp=../../cp2016-max-common-connected-subgraph-paper/datasets/graphsdb/mcs30/bvg/b09m/mcs30_b09m_s50.A04 fileNameGt=../../cp2016-max-common-connected-subgraph-paper/datasets/graphsdb/mcs30/bvg/b09m/mcs30_b09m_s50.B04
Reading graphs...
50 :  219
50 :  214
Initializing...
maxdom : 9
D->valSize : 319
Solving...
Blb : 2 (clique : 13)
currentSize : 13 <-- 0.003408 s
currentSize : 14 <-- 0.003576 s
currentSize : 15 <-- 0.004367 s
currentSize : 16 <-- 0.007569 s
currentSize : 17 <-- 0.415695 s
currentSize : 18 <-- 0.616031 s
currentSize : 19 <-- 0.616052 s

maxsize : 19
nodes : 3742836.000000
filtered : 50361420.000000
time : 16.783665
