Parameters: GAD=1 vflib=1 dir=0 label=0 vlabel=1 lowerbound=1 fileNameGp=../../cp2016-max-common-connected-subgraph-paper/datasets/graphsdb/mcs30/bvg/b06/mcs30_b06_s90.A04 fileNameGt=../../cp2016-max-common-connected-subgraph-paper/datasets/graphsdb/mcs30/bvg/b06/mcs30_b06_s90.B04
Reading graphs...
90 :  266
90 :  269
Initializing...
maxdom : 9
D->valSize : 546
Solving...
Blb : 2 (clique : 28)
currentSize : 28 <-- 0.010552 s
currentSize : 29 <-- 0.011023 s
currentSize : 30 <-- 0.012230 s
currentSize : 31 <-- 0.012713 s
currentSize : 32 <-- 0.013009 s
currentSize : 33 <-- 13.718297 s
currentSize : 34 <-- 57.948898 s

TIMEOUT
maxsize : 34
nodes : 189125097.000000
filtered : 1385580359.000000
time : 1000.000061
