Parameters: GAD=1 vflib=1 dir=0 label=0 vlabel=1 lowerbound=1 fileNameGp=../../cp2016-max-common-connected-subgraph-paper/datasets/graphsdb/mcs30/bvg/b06m/mcs30_b06m_s70.A05 fileNameGt=../../cp2016-max-common-connected-subgraph-paper/datasets/graphsdb/mcs30/bvg/b06m/mcs30_b06m_s70.B05
Reading graphs...
70 :  206
70 :  206
Initializing...
maxdom : 9
D->valSize : 330
Solving...
Blb : 2 (clique : 21)
currentSize : 21 <-- 0.002670 s
currentSize : 22 <-- 0.011273 s
currentSize : 23 <-- 0.600100 s
currentSize : 24 <-- 1.152992 s
currentSize : 25 <-- 4.307986 s
currentSize : 26 <-- 77.439072 s
currentSize : 27 <-- 176.749374 s
currentSize : 28 <-- 259.185913 s

TIMEOUT
maxsize : 28
nodes : 216745428.000000
filtered : 1626849280.000000
time : 1000.000000
