Parameters: GAD=1 vflib=1 dir=0 label=0 vlabel=1 lowerbound=1 fileNameGp=../../cp2016-max-common-connected-subgraph-paper/datasets/graphsdb/mcs30/m3D/m3D/mcs30_m3D_s90.A08 fileNameGt=../../cp2016-max-common-connected-subgraph-paper/datasets/graphsdb/mcs30/m3D/m3D/mcs30_m3D_s90.B08
Reading graphs...
90 :  207
90 :  208
Initializing...
maxdom : 10
D->valSize : 546
Solving...
Blb : 2 (clique : 29)
currentSize : 29 <-- 0.006340 s
currentSize : 30 <-- 0.006601 s
currentSize : 31 <-- 0.006846 s
currentSize : 32 <-- 0.010468 s
currentSize : 33 <-- 0.011765 s
currentSize : 34 <-- 0.025036 s
currentSize : 35 <-- 0.049309 s
currentSize : 36 <-- 0.063068 s
currentSize : 37 <-- 0.110350 s

TIMEOUT
maxsize : 37
nodes : 194514534.000000
filtered : 1448901276.000000
time : 1000.000061
