Parameters: GAD=1 vflib=1 dir=0 label=0 vlabel=1 lowerbound=1 fileNameGp=../../cp2016-max-common-connected-subgraph-paper/datasets/graphsdb/mcs30/bvg/b03m/mcs30_b03m_s90.A08 fileNameGt=../../cp2016-max-common-connected-subgraph-paper/datasets/graphsdb/mcs30/bvg/b03m/mcs30_b03m_s90.B08
Reading graphs...
90 :  135
90 :  135
Initializing...
maxdom : 10
D->valSize : 575
Solving...
Blb : 2 (clique : 38)
currentSize : 38 <-- 0.007061 s
currentSize : 39 <-- 0.008784 s
currentSize : 40 <-- 0.123685 s
currentSize : 41 <-- 2.145397 s
currentSize : 42 <-- 12.125580 s
currentSize : 43 <-- 23.420818 s
currentSize : 44 <-- 251.878220 s
currentSize : 45 <-- 449.282898 s

TIMEOUT
maxsize : 45
nodes : 228374676.000000
filtered : 1159281948.000000
time : 1000.000061
