Parameters: GAD=1 vflib=1 dir=0 label=0 vlabel=1 lowerbound=1 fileNameGp=../../cp2016-max-common-connected-subgraph-paper/datasets/graphsdb/mcs30/bvg/b06/mcs30_b06_s80.A03 fileNameGt=../../cp2016-max-common-connected-subgraph-paper/datasets/graphsdb/mcs30/bvg/b06/mcs30_b06_s80.B03
Reading graphs...
80 :  237
80 :  236
Initializing...
maxdom : 7
D->valSize : 419
Solving...
Blb : 2 (clique : 27)
currentSize : 27 <-- 0.003973 s
currentSize : 28 <-- 0.051253 s
currentSize : 29 <-- 0.438613 s
currentSize : 30 <-- 89.833221 s
currentSize : 31 <-- 424.065277 s
currentSize : 32 <-- 430.917816 s

TIMEOUT
maxsize : 32
nodes : 185520801.000000
filtered : 1572702970.000000
time : 1000.000061
