Parameters: GAD=1 vflib=1 dir=0 label=0 vlabel=1 lowerbound=1 fileNameGp=../../cp2016-max-common-connected-subgraph-paper/datasets/graphsdb/mcs30/rand/r005/mcs30_r005_s50.A05 fileNameGt=../../cp2016-max-common-connected-subgraph-paper/datasets/graphsdb/mcs30/rand/r005/mcs30_r005_s50.B05
Reading graphs...
50 :  123
50 :  123
Initializing...
maxdom : 11
D->valSize : 337
Solving...
Blb : 2 (clique : 17)
currentSize : 17 <-- 0.003804 s
currentSize : 18 <-- 0.004244 s
currentSize : 19 <-- 0.012847 s
currentSize : 20 <-- 0.014410 s
currentSize : 21 <-- 0.110682 s
currentSize : 22 <-- 0.821978 s

maxsize : 22
nodes : 55372024.000000
filtered : 605816694.000000
time : 238.418289
