Parameters: GAD=1 vflib=1 dir=0 label=0 vlabel=1 lowerbound=1 fileNameGp=../../cp2016-max-common-connected-subgraph-paper/datasets/graphsdb/mcs30/bvg/b06/mcs30_b06_s60.A06 fileNameGt=../../cp2016-max-common-connected-subgraph-paper/datasets/graphsdb/mcs30/bvg/b06/mcs30_b06_s60.B06
Reading graphs...
60 :  176
60 :  177
Initializing...
maxdom : 6
D->valSize : 234
Solving...
Blb : 5 (clique : 19)
currentSize : 19 <-- 0.001634 s
currentSize : 20 <-- 0.003243 s
currentSize : 21 <-- 0.077897 s
currentSize : 22 <-- 0.100107 s
currentSize : 23 <-- 1.021217 s
currentSize : 24 <-- 1.642390 s
currentSize : 25 <-- 2.225030 s
currentSize : 26 <-- 2.225093 s

maxsize : 26
nodes : 6575003.000000
filtered : 39649917.000000
time : 27.294554
