Parameters: GAD=1 vflib=1 dir=0 label=0 vlabel=1 lowerbound=1 fileNameGp=../../cp2016-max-common-connected-subgraph-paper/datasets/graphsdb/mcs30/rand/r01/mcs30_r01_s80.A03 fileNameGt=../../cp2016-max-common-connected-subgraph-paper/datasets/graphsdb/mcs30/rand/r01/mcs30_r01_s80.B03
Reading graphs...
80 :  599
80 :  600
Initializing...
maxdom : 12
D->valSize : 440
Solving...
Blb : 3 (clique : 14)
currentSize : 14 <-- 0.004160 s
currentSize : 15 <-- 0.004912 s
currentSize : 16 <-- 0.005303 s
currentSize : 17 <-- 0.018504 s
currentSize : 18 <-- 0.090589 s
currentSize : 19 <-- 18.385120 s
currentSize : 20 <-- 36.580204 s
currentSize : 21 <-- 36.580639 s
currentSize : 22 <-- 88.102722 s
currentSize : 24 <-- 164.181259 s

maxsize : 24
nodes : 46300933.000000
filtered : 455845481.000000
time : 250.581329
