Parameters: GAD=1 vflib=1 dir=0 label=0 vlabel=1 lowerbound=1 fileNameGp=../../cp2016-max-common-connected-subgraph-paper/datasets/graphsdb/mcs30/m3D/m3Dr4/mcs30_m3Dr4_s70.A02 fileNameGt=../../cp2016-max-common-connected-subgraph-paper/datasets/graphsdb/mcs30/m3D/m3Dr4/mcs30_m3Dr4_s70.B02
Reading graphs...
70 :  186
70 :  183
Initializing...
maxdom : 8
D->valSize : 353
Solving...
Blb : 2 (clique : 22)
currentSize : 22 <-- 0.004901 s
currentSize : 23 <-- 0.019361 s
currentSize : 24 <-- 0.194365 s
currentSize : 25 <-- 0.823223 s
currentSize : 26 <-- 1.559132 s
currentSize : 27 <-- 10.760207 s
currentSize : 28 <-- 36.291103 s
currentSize : 29 <-- 239.259933 s
currentSize : 30 <-- 253.429749 s
currentSize : 31 <-- 253.429947 s
currentSize : 32 <-- 253.429962 s
currentSize : 33 <-- 253.490555 s

maxsize : 33
nodes : 114323243.000000
filtered : 1110901453.000000
time : 599.671082
