Parameters: GAD=1 vflib=1 dir=0 label=0 vlabel=1 lowerbound=1 fileNameGp=../../cp2016-max-common-connected-subgraph-paper/datasets/graphsdb/mcs30/m2D/m2D/mcs30_m2D_s60.A03 fileNameGt=../../cp2016-max-common-connected-subgraph-paper/datasets/graphsdb/mcs30/m2D/m2D/mcs30_m2D_s60.B03
Reading graphs...
60 :  103
60 :  103
Initializing...
maxdom : 7
D->valSize : 249
Solving...
Blb : 2 (clique : 24)
currentSize : 24 <-- 0.002734 s
currentSize : 25 <-- 0.002923 s
currentSize : 26 <-- 0.009937 s
currentSize : 27 <-- 0.096159 s
currentSize : 28 <-- 0.143519 s
currentSize : 29 <-- 157.928726 s
currentSize : 30 <-- 359.925140 s

maxsize : 30
nodes : 141134899.000000
filtered : 949477139.000000
time : 582.424866
