Parameters: GAD=1 vflib=1 dir=0 label=0 vlabel=1 lowerbound=1 fileNameGp=../../cp2016-max-common-connected-subgraph-paper/datasets/graphsdb/mcs50/m3D/m3Dr2/mcs50_m3Dr2_s60.A02 fileNameGt=../../cp2016-max-common-connected-subgraph-paper/datasets/graphsdb/mcs50/m3D/m3Dr2/mcs50_m3Dr2_s60.B02
Reading graphs...
60 :  144
60 :  144
Initializing...
maxdom : 8
D->valSize : 280
Solving...
Blb : 2 (clique : 20)
currentSize : 20 <-- 0.002040 s
currentSize : 21 <-- 0.003629 s
currentSize : 22 <-- 0.004581 s
currentSize : 23 <-- 0.006620 s
currentSize : 24 <-- 0.024687 s
currentSize : 25 <-- 0.151134 s
currentSize : 26 <-- 0.505967 s
currentSize : 27 <-- 0.506733 s
currentSize : 28 <-- 0.510201 s
currentSize : 29 <-- 13.176664 s
currentSize : 30 <-- 13.177749 s

maxsize : 30
nodes : 7735795.000000
filtered : 52448488.000000
time : 35.030525
