Parameters: GAD=1 vflib=1 dir=0 label=0 vlabel=1 lowerbound=1 fileNameGp=../../cp2016-max-common-connected-subgraph-paper/datasets/graphsdb/mcs50/rand/r005/mcs50_r005_s80.A05 fileNameGt=../../cp2016-max-common-connected-subgraph-paper/datasets/graphsdb/mcs50/rand/r005/mcs50_r005_s80.B05
Reading graphs...
80 :  307
80 :  307
Initializing...
maxdom : 8
D->valSize : 430
Solving...
Blb : 2 (clique : 26)
currentSize : 26 <-- 0.004085 s
currentSize : 28 <-- 0.004508 s
currentSize : 29 <-- 0.004867 s
currentSize : 30 <-- 0.006499 s
currentSize : 32 <-- 2.395305 s
currentSize : 34 <-- 2.969839 s
currentSize : 35 <-- 30.184441 s
currentSize : 36 <-- 32.961601 s
currentSize : 37 <-- 121.378746 s
currentSize : 40 <-- 121.411049 s

maxsize : 40
nodes : 44332009.000000
filtered : 481818095.000000
time : 268.666687
