Parameters: GAD=1 vflib=1 dir=0 label=0 vlabel=1 lowerbound=1 fileNameGp=../../cp2016-max-common-connected-subgraph-paper/datasets/graphsdb/mcs50/m2D/m2Dr4/mcs50_m2Dr4_s50.A06 fileNameGt=../../cp2016-max-common-connected-subgraph-paper/datasets/graphsdb/mcs50/m2D/m2Dr4/mcs50_m2Dr4_s50.B06
Reading graphs...
50 :  105
50 :  102
Initializing...
maxdom : 10
D->valSize : 337
Solving...
Blb : 3 (clique : 19)
currentSize : 19 <-- 0.002417 s
currentSize : 20 <-- 0.002534 s
currentSize : 21 <-- 0.002725 s
currentSize : 22 <-- 0.067467 s
currentSize : 23 <-- 0.068507 s
currentSize : 24 <-- 0.068583 s
currentSize : 25 <-- 0.080949 s
currentSize : 27 <-- 0.080994 s

maxsize : 27
nodes : 5641334.000000
filtered : 81157301.000000
time : 28.713083
