Parameters: GAD=1 vflib=1 dir=0 label=0 vlabel=1 lowerbound=1 fileNameGp=../../cp2016-max-common-connected-subgraph-paper/datasets/graphsdb/mcs50/bvg/b06/mcs50_b06_s80.A09 fileNameGt=../../cp2016-max-common-connected-subgraph-paper/datasets/graphsdb/mcs50/bvg/b06/mcs50_b06_s80.B09
Reading graphs...
80 :  238
80 :  237
Initializing...
maxdom : 7
D->valSize : 417
Solving...
Blb : 2 (clique : 32)
currentSize : 32 <-- 0.004066 s
currentSize : 33 <-- 0.004277 s
currentSize : 35 <-- 0.004390 s
currentSize : 36 <-- 0.004482 s
currentSize : 37 <-- 0.004818 s
currentSize : 38 <-- 0.007250 s
currentSize : 39 <-- 0.007307 s
currentSize : 40 <-- 0.016696 s
currentSize : 41 <-- 7.031018 s

TIMEOUT
maxsize : 41
nodes : 199557184.000000
filtered : 1142299777.000000
time : 1000.000061
