Parameters: GAD=1 vflib=1 dir=0 label=0 vlabel=1 lowerbound=1 fileNameGp=../../cp2016-max-common-connected-subgraph-paper/datasets/graphsdb/mcs50/rand/r02/mcs50_r02_s90.A03 fileNameGt=../../cp2016-max-common-connected-subgraph-paper/datasets/graphsdb/mcs50/rand/r02/mcs50_r02_s90.B03
Reading graphs...
90 :  1441
90 :  1415
Initializing...
maxdom : 8
D->valSize : 523
Solving...
Blb : 5 (clique : 10)
currentSize : 10 <-- 0.005406 s
currentSize : 11 <-- 0.009902 s
currentSize : 12 <-- 0.012230 s
currentSize : 13 <-- 0.204117 s
currentSize : 14 <-- 0.350872 s
currentSize : 15 <-- 0.829814 s
currentSize : 18 <-- 0.845744 s
currentSize : 20 <-- 1.106013 s
currentSize : 25 <-- 1.116842 s
currentSize : 31 <-- 1.635002 s
currentSize : 45 <-- 1.661632 s

maxsize : 45
nodes : 344899.000000
filtered : 3352268.000000
time : 1.990850
