Parameters: GAD=1 vflib=1 dir=0 label=0 vlabel=1 lowerbound=1 fileNameGp=../../cp2016-max-common-connected-subgraph-paper/datasets/graphsdb/mcs50/rand/r02/mcs50_r02_s80.A02 fileNameGt=../../cp2016-max-common-connected-subgraph-paper/datasets/graphsdb/mcs50/rand/r02/mcs50_r02_s80.B02
Reading graphs...
80 :  1142
80 :  1121
Initializing...
maxdom : 8
D->valSize : 430
Solving...
Blb : 2 (clique : 9)
currentSize : 9 <-- 0.006161 s
currentSize : 10 <-- 0.006966 s
currentSize : 11 <-- 0.009547 s
currentSize : 12 <-- 0.009765 s
currentSize : 13 <-- 0.107204 s
currentSize : 14 <-- 0.108292 s
currentSize : 16 <-- 0.125849 s
currentSize : 17 <-- 0.477246 s
currentSize : 18 <-- 0.478193 s
currentSize : 23 <-- 0.479775 s
currentSize : 24 <-- 0.661749 s
currentSize : 27 <-- 0.713799 s
currentSize : 32 <-- 0.716159 s
currentSize : 40 <-- 0.716728 s

maxsize : 40
nodes : 146091.000000
filtered : 1409029.000000
time : 0.884525
