Parameters: GAD=1 vflib=1 dir=0 label=0 vlabel=1 lowerbound=1 fileNameGp=../../cp2016-max-common-connected-subgraph-paper/datasets/graphsdb/mcs50/rand/r005/mcs50_r005_s70.A08 fileNameGt=../../cp2016-max-common-connected-subgraph-paper/datasets/graphsdb/mcs50/rand/r005/mcs50_r005_s70.B08
Reading graphs...
70 :  238
70 :  238
Initializing...
maxdom : 8
D->valSize : 337
Solving...
Blb : 2 (clique : 20)
currentSize : 20 <-- 0.002705 s
currentSize : 21 <-- 0.003379 s
currentSize : 22 <-- 0.009280 s
currentSize : 23 <-- 0.048646 s
currentSize : 24 <-- 0.345776 s
currentSize : 25 <-- 2.098874 s
currentSize : 26 <-- 2.551939 s
currentSize : 27 <-- 15.559798 s
currentSize : 28 <-- 15.559815 s
currentSize : 29 <-- 16.015093 s
currentSize : 30 <-- 34.668461 s
currentSize : 31 <-- 34.685699 s
currentSize : 32 <-- 183.568558 s
currentSize : 34 <-- 183.595200 s
currentSize : 35 <-- 187.847382 s

maxsize : 35
nodes : 44115917.000000
filtered : 399973651.000000
time : 228.423035
