Parameters: GAD=1 vflib=1 dir=0 label=0 vlabel=1 lowerbound=1 fileNameGp=../../cp2016-max-common-connected-subgraph-paper/datasets/graphsdb/mcs50/m2D/m2D/mcs50_m2D_s80.A09 fileNameGt=../../cp2016-max-common-connected-subgraph-paper/datasets/graphsdb/mcs50/m2D/m2D/mcs50_m2D_s80.B09
Reading graphs...
80 :  142
80 :  142
Initializing...
maxdom : 9
D->valSize : 444
Solving...
Blb : 2 (clique : 34)
currentSize : 34 <-- 0.004550 s
currentSize : 35 <-- 0.004814 s
currentSize : 36 <-- 0.004893 s
currentSize : 37 <-- 2.213266 s
currentSize : 38 <-- 2.490740 s
currentSize : 39 <-- 4.107390 s
currentSize : 40 <-- 5.226754 s
currentSize : 41 <-- 10.984144 s
currentSize : 42 <-- 22.509275 s
currentSize : 43 <-- 591.216370 s

TIMEOUT
maxsize : 43
nodes : 201387133.000000
filtered : 1157552647.000000
time : 1000.000061
