Parameters: GAD=1 vflib=1 dir=0 label=0 vlabel=1 lowerbound=1 fileNameGp=../../cp2016-max-common-connected-subgraph-paper/datasets/graphsdb/mcs50/m2D/m2D/mcs50_m2D_s80.A03 fileNameGt=../../cp2016-max-common-connected-subgraph-paper/datasets/graphsdb/mcs50/m2D/m2D/mcs50_m2D_s80.B03
Reading graphs...
80 :  142
80 :  142
Initializing...
maxdom : 12
D->valSize : 444
Solving...
Blb : 2 (clique : 31)
currentSize : 31 <-- 0.004416 s
currentSize : 32 <-- 0.533074 s
currentSize : 33 <-- 7.149841 s
currentSize : 34 <-- 26.717913 s
currentSize : 35 <-- 123.337074 s
currentSize : 36 <-- 195.226242 s

TIMEOUT
maxsize : 36
nodes : 217816903.000000
filtered : 1393990871.000000
time : 1000.000061
