Parameters: GAD=1 vflib=1 dir=0 label=0 vlabel=1 lowerbound=1 fileNameGp=../../cp2016-max-common-connected-subgraph-paper/datasets/graphsdb/mcs50/m2D/m2D/mcs50_m2D_s50.A01 fileNameGt=../../cp2016-max-common-connected-subgraph-paper/datasets/graphsdb/mcs50/m2D/m2D/mcs50_m2D_s50.B01
Reading graphs...
50 :  85
50 :  85
Initializing...
maxdom : 10
D->valSize : 334
Solving...
Blb : 2 (clique : 20)
currentSize : 20 <-- 0.002486 s
currentSize : 21 <-- 0.005778 s
currentSize : 22 <-- 0.012863 s
currentSize : 23 <-- 0.088544 s
currentSize : 24 <-- 0.166818 s
currentSize : 25 <-- 0.229348 s
currentSize : 26 <-- 0.845623 s
currentSize : 27 <-- 0.845707 s
currentSize : 28 <-- 1.982930 s
currentSize : 29 <-- 12.103573 s
currentSize : 30 <-- 14.898145 s

maxsize : 30
nodes : 9347381.000000
filtered : 89172126.000000
time : 40.589275
