Parameters: GAD=1 vflib=1 dir=0 label=0 vlabel=1 lowerbound=1 fileNameGp=../../cp2016-max-common-connected-subgraph-paper/datasets/graphsdb/mcs50/m2D/m2Dr4/mcs50_m2Dr4_s50.A05 fileNameGt=../../cp2016-max-common-connected-subgraph-paper/datasets/graphsdb/mcs50/m2D/m2Dr4/mcs50_m2Dr4_s50.B05
Reading graphs...
50 :  103
50 :  103
Initializing...
maxdom : 9
D->valSize : 326
Solving...
Blb : 2 (clique : 21)
currentSize : 21 <-- 0.003629 s
currentSize : 22 <-- 0.003866 s
currentSize : 23 <-- 0.004677 s
currentSize : 24 <-- 0.015277 s
currentSize : 25 <-- 0.032369 s
currentSize : 26 <-- 0.067199 s
currentSize : 27 <-- 0.671205 s

maxsize : 27
nodes : 5736924.000000
filtered : 65023826.000000
time : 25.684507
