Parameters: GAD=1 vflib=1 dir=0 label=0 vlabel=1 lowerbound=1 fileNameGp=../../cp2016-max-common-connected-subgraph-paper/datasets/graphsdb/mcs50/bvg/b03/mcs50_b03_s50.A03 fileNameGt=../../cp2016-max-common-connected-subgraph-paper/datasets/graphsdb/mcs50/bvg/b03/mcs50_b03_s50.B03
Reading graphs...
50 :  75
50 :  74
Initializing...
maxdom : 11
D->valSize : 338
Solving...
Blb : 2 (clique : 22)
currentSize : 22 <-- 0.002563 s
currentSize : 23 <-- 0.002776 s
currentSize : 24 <-- 0.002893 s
currentSize : 25 <-- 0.002993 s
currentSize : 26 <-- 0.003069 s
currentSize : 28 <-- 0.024013 s
currentSize : 29 <-- 0.025240 s

maxsize : 29
nodes : 47025727.000000
filtered : 503485073.000000
time : 209.356262
