Parameters: GAD=1 vflib=1 dir=0 label=0 vlabel=1 lowerbound=1 fileNameGp=../../cp2016-max-common-connected-subgraph-paper/datasets/graphsdb/mcs50/m2D/m2Dr4/mcs50_m2Dr4_s100.A03 fileNameGt=../../cp2016-max-common-connected-subgraph-paper/datasets/graphsdb/mcs50/m2D/m2Dr4/mcs50_m2Dr4_s100.B03
Reading graphs...
100 :  219
100 :  219
Initializing...
maxdom : 7
D->valSize : 371
Solving...
Blb : 3 (clique : 32)
currentSize : 32 <-- 0.003788 s
currentSize : 33 <-- 0.014885 s
currentSize : 34 <-- 0.015246 s
currentSize : 35 <-- 0.068566 s
currentSize : 36 <-- 0.429458 s
currentSize : 37 <-- 0.677669 s
currentSize : 38 <-- 0.729387 s
currentSize : 39 <-- 21.411093 s
currentSize : 40 <-- 49.136295 s
currentSize : 41 <-- 49.377502 s
currentSize : 42 <-- 69.701904 s
currentSize : 43 <-- 652.535767 s
currentSize : 44 <-- 923.741455 s
currentSize : 45 <-- 923.772156 s
currentSize : 46 <-- 925.628967 s

TIMEOUT
maxsize : 46
nodes : 197086122.000000
filtered : 865336860.000000
time : 1000.000061
