Parameters: GAD=1 vflib=1 dir=0 label=0 vlabel=1 lowerbound=1 fileNameGp=../../cp2016-max-common-connected-subgraph-paper/datasets/graphsdb/mcs50/m2D/m2Dr2/mcs50_m2Dr2_s100.A05 fileNameGt=../../cp2016-max-common-connected-subgraph-paper/datasets/graphsdb/mcs50/m2D/m2Dr2/mcs50_m2Dr2_s100.B05
Reading graphs...
100 :  197
100 :  196
Initializing...
maxdom : 7
D->valSize : 368
Solving...
Blb : 2 (clique : 38)
currentSize : 38 <-- 0.003999 s
currentSize : 39 <-- 0.006484 s
currentSize : 40 <-- 0.059673 s
currentSize : 41 <-- 0.082657 s
currentSize : 42 <-- 0.634537 s
currentSize : 43 <-- 3.739273 s
currentSize : 44 <-- 6.102470 s
currentSize : 45 <-- 14.240773 s
currentSize : 46 <-- 20.254175 s
currentSize : 47 <-- 26.234224 s
currentSize : 48 <-- 26.244028 s
currentSize : 49 <-- 66.126625 s
currentSize : 51 <-- 134.962051 s
currentSize : 52 <-- 169.461502 s
currentSize : 53 <-- 343.868439 s

TIMEOUT
maxsize : 53
nodes : 203531987.000000
filtered : 582678783.000000
time : 1000.000061
