Parameters: GAD=1 vflib=1 dir=0 label=0 vlabel=1 lowerbound=1 fileNameGp=../../cp2016-max-common-connected-subgraph-paper/datasets/graphsdb/mcs50/rand/r005/mcs50_r005_s80.A06 fileNameGt=../../cp2016-max-common-connected-subgraph-paper/datasets/graphsdb/mcs50/rand/r005/mcs50_r005_s80.B06
Reading graphs...
80 :  304
80 :  310
Initializing...
maxdom : 11
D->valSize : 483
Solving...
Blb : 2 (clique : 22)
currentSize : 22 <-- 0.004862 s
currentSize : 23 <-- 0.005013 s
currentSize : 24 <-- 0.329886 s
currentSize : 25 <-- 0.543919 s
currentSize : 26 <-- 0.766214 s
currentSize : 27 <-- 13.324861 s
currentSize : 28 <-- 13.325565 s
currentSize : 29 <-- 59.434467 s
currentSize : 30 <-- 72.799072 s
currentSize : 32 <-- 100.510895 s
currentSize : 33 <-- 145.060608 s
currentSize : 34 <-- 157.257645 s
currentSize : 35 <-- 157.259079 s
currentSize : 38 <-- 223.636932 s
currentSize : 39 <-- 285.270355 s
currentSize : 40 <-- 285.270508 s
currentSize : 41 <-- 285.270630 s

maxsize : 41
nodes : 50834745.000000
filtered : 562548537.000000
time : 303.624146
