Parameters: GAD=1 vflib=1 dir=0 label=0 vlabel=1 lowerbound=1 fileNameGp=../../cp2016-max-common-connected-subgraph-paper/datasets/graphsdb/mcs50/bvg/b06m/mcs50_b06m_s100.A09 fileNameGt=../../cp2016-max-common-connected-subgraph-paper/datasets/graphsdb/mcs50/bvg/b06m/mcs50_b06m_s100.B09
Reading graphs...
100 :  292
100 :  293
Initializing...
maxdom : 9
D->valSize : 395
Solving...
Blb : 2 (clique : 29)
currentSize : 29 <-- 0.004157 s
currentSize : 30 <-- 0.004392 s
currentSize : 31 <-- 0.004444 s
currentSize : 32 <-- 0.004639 s
currentSize : 33 <-- 0.005673 s
currentSize : 34 <-- 0.005954 s
currentSize : 35 <-- 0.006174 s
currentSize : 36 <-- 0.007747 s
currentSize : 37 <-- 0.617867 s
currentSize : 38 <-- 0.698826 s
currentSize : 39 <-- 1.225422 s
currentSize : 40 <-- 2.448657 s
currentSize : 41 <-- 4.669167 s
currentSize : 42 <-- 19.857559 s
currentSize : 43 <-- 29.390863 s
currentSize : 44 <-- 31.705452 s
currentSize : 45 <-- 306.166870 s
currentSize : 46 <-- 667.343689 s

TIMEOUT
maxsize : 46
nodes : 212956439.000000
filtered : 630331101.000000
time : 1000.000122
