Parameters: GAD=1 vflib=1 dir=0 label=0 vlabel=1 lowerbound=1 fileNameGp=../../cp2016-max-common-connected-subgraph-paper/datasets/graphsdb/mcs50/rand/r01/mcs50_r01_s100.A09 fileNameGt=../../cp2016-max-common-connected-subgraph-paper/datasets/graphsdb/mcs50/rand/r01/mcs50_r01_s100.B09
Reading graphs...
100 :  933
100 :  940
Initializing...
maxdom : 8
D->valSize : 326
Solving...
Blb : 2 (clique : 15)
currentSize : 15 <-- 0.004836 s
currentSize : 16 <-- 0.005067 s
currentSize : 17 <-- 0.005185 s
currentSize : 18 <-- 0.005452 s
currentSize : 19 <-- 0.005586 s
currentSize : 20 <-- 0.018417 s
currentSize : 21 <-- 0.021955 s
currentSize : 22 <-- 0.022249 s
currentSize : 23 <-- 0.023464 s
currentSize : 26 <-- 0.037690 s
currentSize : 30 <-- 0.038332 s
currentSize : 33 <-- 0.069611 s
currentSize : 35 <-- 0.086324 s
currentSize : 40 <-- 0.086489 s
currentSize : 50 <-- 0.320821 s

maxsize : 50
nodes : 79092.000000
filtered : 940477.000000
time : 0.586463
