Parameters: GAD=1 vflib=1 dir=0 label=0 vlabel=1 lowerbound=1 fileNameGp=../../cp2016-max-common-connected-subgraph-paper/datasets/graphsdb/mcs50/rand/r01/mcs50_r01_s50.A02 fileNameGt=../../cp2016-max-common-connected-subgraph-paper/datasets/graphsdb/mcs50/rand/r01/mcs50_r01_s50.B02
Reading graphs...
50 :  235
50 :  236
Initializing...
maxdom : 10
D->valSize : 343
Solving...
Blb : 2 (clique : 12)
currentSize : 12 <-- 0.002356 s
currentSize : 13 <-- 0.002933 s
currentSize : 14 <-- 0.004307 s
currentSize : 15 <-- 0.024377 s
currentSize : 16 <-- 0.309830 s
currentSize : 17 <-- 0.309973 s
currentSize : 18 <-- 0.310022 s
currentSize : 19 <-- 0.831558 s
currentSize : 22 <-- 1.047640 s
currentSize : 25 <-- 1.047764 s

maxsize : 25
nodes : 306525.000000
filtered : 3013672.000000
time : 1.287263
