Parameters: GAD=1 vflib=1 dir=0 label=0 vlabel=1 lowerbound=1 fileNameGp=../../cp2016-max-common-connected-subgraph-paper/datasets/graphsdb/mcs50/bvg/b09/mcs50_b09_s80.A02 fileNameGt=../../cp2016-max-common-connected-subgraph-paper/datasets/graphsdb/mcs50/bvg/b09/mcs50_b09_s80.B02
Reading graphs...
80 :  359
80 :  354
Initializing...
maxdom : 8
D->valSize : 407
Solving...
Blb : 2 (clique : 19)
currentSize : 19 <-- 0.005976 s
currentSize : 21 <-- 0.006249 s
currentSize : 22 <-- 0.010326 s
currentSize : 23 <-- 0.049032 s
currentSize : 24 <-- 0.093586 s
currentSize : 25 <-- 3.036437 s
currentSize : 26 <-- 3.148927 s
currentSize : 27 <-- 3.322285 s
currentSize : 28 <-- 3.332811 s
currentSize : 29 <-- 65.857605 s
currentSize : 30 <-- 65.976891 s
currentSize : 31 <-- 70.309982 s
currentSize : 32 <-- 437.434357 s
currentSize : 33 <-- 445.568268 s
currentSize : 34 <-- 445.568298 s
currentSize : 36 <-- 457.633484 s
currentSize : 38 <-- 457.637756 s
currentSize : 39 <-- 457.637939 s
currentSize : 40 <-- 457.641510 s
currentSize : 41 <-- 457.641541 s

maxsize : 41
nodes : 100629429.000000
filtered : 865767223.000000
time : 541.977844
