Parameters: GAD=1 vflib=1 dir=0 label=0 vlabel=1 lowerbound=1 fileNameGp=../../cp2016-max-common-connected-subgraph-paper/datasets/graphsdb/mcs50/bvg/b03/mcs50_b03_s70.A07 fileNameGt=../../cp2016-max-common-connected-subgraph-paper/datasets/graphsdb/mcs50/bvg/b03/mcs50_b03_s70.B07
Reading graphs...
70 :  104
70 :  105
Initializing...
maxdom : 8
D->valSize : 336
Solving...
Blb : 2 (clique : 28)
currentSize : 28 <-- 0.004436 s
currentSize : 29 <-- 5.137211 s
currentSize : 30 <-- 25.494188 s
currentSize : 31 <-- 31.998837 s
currentSize : 32 <-- 35.508472 s
currentSize : 33 <-- 35.673653 s
currentSize : 34 <-- 48.604622 s
currentSize : 35 <-- 118.903526 s
currentSize : 36 <-- 120.316498 s
currentSize : 37 <-- 341.911133 s
currentSize : 38 <-- 403.749756 s

maxsize : 38
nodes : 172753508.000000
filtered : 1249754793.000000
time : 835.687134
