Parameters: GAD=1 vflib=1 dir=0 label=0 vlabel=1 lowerbound=1 fileNameGp=../../cp2016-max-common-connected-subgraph-paper/datasets/graphsdb/mcs50/rand/r005/mcs50_r005_s50.A05 fileNameGt=../../cp2016-max-common-connected-subgraph-paper/datasets/graphsdb/mcs50/rand/r005/mcs50_r005_s50.B05
Reading graphs...
50 :  120
50 :  117
Initializing...
maxdom : 10
D->valSize : 354
Solving...
Blb : 2 (clique : 18)
currentSize : 18 <-- 0.004220 s
currentSize : 19 <-- 0.004414 s
currentSize : 20 <-- 0.004510 s
currentSize : 21 <-- 0.004642 s
currentSize : 22 <-- 0.004913 s
currentSize : 23 <-- 0.005511 s
currentSize : 24 <-- 0.006003 s
currentSize : 25 <-- 0.007861 s
currentSize : 26 <-- 0.423740 s
currentSize : 28 <-- 7.808619 s

maxsize : 28
nodes : 3197039.000000
filtered : 40817776.000000
time : 15.745336
