Parameters: GAD=1 vflib=1 dir=0 label=0 vlabel=1 lowerbound=1 fileNameGp=../../cp2016-max-common-connected-subgraph-paper/datasets/graphsdb/mcs50/bvg/b09m/mcs50_b09m_s50.A05 fileNameGt=../../cp2016-max-common-connected-subgraph-paper/datasets/graphsdb/mcs50/bvg/b09m/mcs50_b09m_s50.B05
Reading graphs...
50 :  217
50 :  213
Initializing...
maxdom : 12
D->valSize : 333
Solving...
Blb : 2 (clique : 14)
currentSize : 14 <-- 0.002386 s
currentSize : 15 <-- 0.002588 s
currentSize : 16 <-- 0.005638 s
currentSize : 17 <-- 0.022250 s
currentSize : 18 <-- 0.172041 s
currentSize : 19 <-- 1.032185 s
currentSize : 20 <-- 2.882405 s
currentSize : 21 <-- 4.858461 s
currentSize : 22 <-- 5.865119 s
currentSize : 23 <-- 6.263639 s
currentSize : 25 <-- 6.598825 s

maxsize : 25
nodes : 1599583.000000
filtered : 16709545.000000
time : 7.132936
