Parameters: GAD=1 vflib=1 dir=0 label=0 vlabel=1 lowerbound=1 fileNameGp=../../cp2016-max-common-connected-subgraph-paper/datasets/graphsdb/mcs50/m3D/m3Dr2/mcs50_m3Dr2_s60.A07 fileNameGt=../../cp2016-max-common-connected-subgraph-paper/datasets/graphsdb/mcs50/m3D/m3Dr2/mcs50_m3Dr2_s60.B07
Reading graphs...
60 :  143
60 :  143
Initializing...
maxdom : 7
D->valSize : 234
Solving...
Blb : 2 (clique : 21)
currentSize : 21 <-- 0.001603 s
currentSize : 22 <-- 0.014081 s
currentSize : 23 <-- 0.029317 s
currentSize : 25 <-- 0.225255 s
currentSize : 26 <-- 0.226925 s
currentSize : 27 <-- 0.250756 s
currentSize : 29 <-- 13.553156 s
currentSize : 30 <-- 13.674367 s

maxsize : 30
nodes : 4907997.000000
filtered : 31691360.000000
time : 20.310911
