Parameters: GAD=1 vflib=1 dir=0 label=0 vlabel=1 lowerbound=1 fileNameGp=../../cp2016-max-common-connected-subgraph-paper/datasets/graphsdb/mcs50/rand/r01/mcs50_r01_s80.A09 fileNameGt=../../cp2016-max-common-connected-subgraph-paper/datasets/graphsdb/mcs50/rand/r01/mcs50_r01_s80.B09
Reading graphs...
80 :  601
80 :  597
Initializing...
maxdom : 11
D->valSize : 456
Solving...
Blb : 5 (clique : 15)
currentSize : 15 <-- 0.004253 s
currentSize : 16 <-- 0.008998 s
currentSize : 17 <-- 0.013916 s
currentSize : 18 <-- 0.042717 s
currentSize : 19 <-- 0.043421 s
currentSize : 20 <-- 0.046755 s
currentSize : 21 <-- 0.047030 s
currentSize : 23 <-- 0.061585 s
currentSize : 24 <-- 0.231838 s
currentSize : 25 <-- 0.240737 s
currentSize : 28 <-- 0.240843 s
currentSize : 31 <-- 4.568510 s
currentSize : 33 <-- 4.656028 s
currentSize : 40 <-- 4.656870 s

maxsize : 40
nodes : 908219.000000
filtered : 12479750.000000
time : 5.697617
