Parameters: GAD=1 vflib=1 dir=0 label=0 vlabel=1 lowerbound=1 fileNameGp=../../cp2016-max-common-connected-subgraph-paper/datasets/graphsdb/mcs50/bvg/b09/mcs50_b09_s50.A01 fileNameGt=../../cp2016-max-common-connected-subgraph-paper/datasets/graphsdb/mcs50/bvg/b09/mcs50_b09_s50.B01
Reading graphs...
50 :  224
50 :  222
Initializing...
maxdom : 9
D->valSize : 330
Solving...
Blb : 5 (clique : 14)
currentSize : 14 <-- 0.002250 s
currentSize : 15 <-- 0.004230 s
currentSize : 16 <-- 0.004685 s
currentSize : 17 <-- 0.138898 s
currentSize : 18 <-- 1.341465 s
currentSize : 21 <-- 4.948261 s
currentSize : 22 <-- 4.948347 s
currentSize : 23 <-- 4.950063 s
currentSize : 24 <-- 4.970405 s

maxsize : 24
nodes : 2194603.000000
filtered : 20926552.000000
time : 9.235872
