Parameters: GAD=1 vflib=1 dir=0 label=0 vlabel=1 lowerbound=1 fileNameGp=../../cp2016-max-common-connected-subgraph-paper/datasets/graphsdb/mcs50/bvg/b09m/mcs50_b09m_s80.A02 fileNameGt=../../cp2016-max-common-connected-subgraph-paper/datasets/graphsdb/mcs50/bvg/b09m/mcs50_b09m_s80.B02
Reading graphs...
80 :  353
80 :  353
Initializing...
maxdom : 8
D->valSize : 451
Solving...
Blb : 2 (clique : 31)
currentSize : 31 <-- 0.004467 s
currentSize : 32 <-- 3.700929 s
currentSize : 33 <-- 3.734208 s
currentSize : 34 <-- 16.262901 s
currentSize : 35 <-- 16.276646 s
currentSize : 37 <-- 16.298042 s
currentSize : 38 <-- 39.092915 s
currentSize : 39 <-- 39.095062 s
currentSize : 40 <-- 39.253956 s

maxsize : 40
nodes : 64421866.000000
filtered : 391444595.000000
time : 316.486145
