Parameters: GAD=1 vflib=1 dir=0 label=0 vlabel=1 lowerbound=1 fileNameGp=../../cp2016-max-common-connected-subgraph-paper/datasets/graphsdb/mcs50/rand/r01/mcs50_r01_s60.A07 fileNameGt=../../cp2016-max-common-connected-subgraph-paper/datasets/graphsdb/mcs50/rand/r01/mcs50_r01_s60.B07
Reading graphs...
60 :  336
60 :  337
Initializing...
maxdom : 8
D->valSize : 272
Solving...
Blb : 2 (clique : 13)
currentSize : 13 <-- 0.001857 s
currentSize : 14 <-- 0.002462 s
currentSize : 16 <-- 0.005935 s
currentSize : 17 <-- 0.017468 s
currentSize : 18 <-- 0.049551 s
currentSize : 19 <-- 0.085171 s
currentSize : 21 <-- 0.085899 s
currentSize : 22 <-- 0.086086 s
currentSize : 23 <-- 0.143693 s
currentSize : 25 <-- 0.143776 s
currentSize : 26 <-- 0.143803 s
currentSize : 30 <-- 0.427687 s

maxsize : 30
nodes : 113018.000000
filtered : 1088207.000000
time : 0.538926
