Parameters: GAD=1 vflib=1 dir=0 label=0 vlabel=1 lowerbound=1 fileNameGp=../../cp2016-max-common-connected-subgraph-paper/datasets/graphsdb/mcs50/rand/r005/mcs50_r005_s60.A05 fileNameGt=../../cp2016-max-common-connected-subgraph-paper/datasets/graphsdb/mcs50/rand/r005/mcs50_r005_s60.B05
Reading graphs...
60 :  172
60 :  173
Initializing...
maxdom : 6
D->valSize : 247
Solving...
Blb : 2 (clique : 17)
currentSize : 17 <-- 0.001743 s
currentSize : 18 <-- 0.002586 s
currentSize : 19 <-- 0.003284 s
currentSize : 20 <-- 0.008193 s
currentSize : 21 <-- 0.010527 s
currentSize : 22 <-- 0.015829 s
currentSize : 23 <-- 0.077190 s
currentSize : 24 <-- 0.078740 s
currentSize : 25 <-- 1.006339 s
currentSize : 28 <-- 1.308792 s
currentSize : 29 <-- 3.255433 s
currentSize : 30 <-- 3.255499 s

maxsize : 30
nodes : 1278730.000000
filtered : 9267344.000000
time : 5.619817
