Parameters: GAD=1 vflib=1 dir=0 label=0 vlabel=1 lowerbound=1 fileNameGp=../../cp2016-max-common-connected-subgraph-paper/datasets/graphsdb/mcs50/m3D/m3Dr4/mcs50_m3Dr4_s60.A08 fileNameGt=../../cp2016-max-common-connected-subgraph-paper/datasets/graphsdb/mcs50/m3D/m3Dr4/mcs50_m3Dr4_s60.B08
Reading graphs...
60 :  157
60 :  157
Initializing...
maxdom : 9
D->valSize : 252
Solving...
Blb : 5 (clique : 20)
currentSize : 20 <-- 0.001796 s
currentSize : 21 <-- 0.004111 s
currentSize : 22 <-- 0.548222 s
currentSize : 23 <-- 0.644010 s
currentSize : 24 <-- 0.975344 s
currentSize : 25 <-- 1.181451 s
currentSize : 26 <-- 1.412034 s
currentSize : 27 <-- 1.412160 s
currentSize : 28 <-- 1.543618 s
currentSize : 29 <-- 1.795071 s
currentSize : 30 <-- 1.795553 s

maxsize : 30
nodes : 625945.000000
filtered : 4011435.000000
time : 2.575600
