Parameters: GAD=1 vflib=1 dir=0 label=0 vlabel=1 lowerbound=1 fileNameGp=../../cp2016-max-common-connected-subgraph-paper/datasets/graphsdb/mcs50/m2D/m2Dr2/mcs50_m2Dr2_s50.A03 fileNameGt=../../cp2016-max-common-connected-subgraph-paper/datasets/graphsdb/mcs50/m2D/m2Dr2/mcs50_m2Dr2_s50.B03
Reading graphs...
50 :  93
50 :  93
Initializing...
maxdom : 11
D->valSize : 333
Solving...
Blb : 2 (clique : 20)
currentSize : 20 <-- 0.002387 s
currentSize : 21 <-- 0.002508 s
currentSize : 22 <-- 0.003198 s
currentSize : 23 <-- 0.008267 s
currentSize : 24 <-- 0.009372 s
currentSize : 25 <-- 0.178832 s
currentSize : 26 <-- 3.533632 s
currentSize : 27 <-- 18.534401 s

maxsize : 27
nodes : 22018676.000000
filtered : 286619623.000000
time : 101.255981
