Parameters: GAD=1 vflib=1 dir=0 label=0 vlabel=1 lowerbound=1 fileNameGp=../../cp2016-max-common-connected-subgraph-paper/datasets/graphsdb/mcs50/m2D/m2D/mcs50_m2D_s100.A05 fileNameGt=../../cp2016-max-common-connected-subgraph-paper/datasets/graphsdb/mcs50/m2D/m2D/mcs50_m2D_s100.B05
Reading graphs...
100 :  179
100 :  180
Initializing...
maxdom : 6
D->valSize : 318
Solving...
Blb : 2 (clique : 38)
currentSize : 38 <-- 0.005040 s
currentSize : 39 <-- 0.005447 s
currentSize : 40 <-- 0.054552 s
currentSize : 41 <-- 0.079898 s
currentSize : 42 <-- 0.282121 s
currentSize : 43 <-- 1.400421 s
currentSize : 44 <-- 1.410203 s
currentSize : 45 <-- 1.703930 s
currentSize : 46 <-- 5.860161 s
currentSize : 47 <-- 24.078119 s
currentSize : 48 <-- 25.787188 s
currentSize : 49 <-- 26.037865 s
currentSize : 50 <-- 46.262222 s
currentSize : 51 <-- 108.321838 s
currentSize : 52 <-- 133.844971 s
currentSize : 53 <-- 133.883667 s
currentSize : 54 <-- 348.739929 s

TIMEOUT
maxsize : 54
nodes : 201892471.000000
filtered : 626529451.000000
time : 1000.000122
