Parameters: GAD=1 vflib=1 dir=0 label=0 vlabel=1 lowerbound=1 fileNameGp=../../cp2016-max-common-connected-subgraph-paper/datasets/graphsdb/mcs50/m2D/m2Dr2/mcs50_m2Dr2_s90.A02 fileNameGt=../../cp2016-max-common-connected-subgraph-paper/datasets/graphsdb/mcs50/m2D/m2Dr2/mcs50_m2Dr2_s90.B02
Reading graphs...
90 :  179
90 :  177
Initializing...
maxdom : 9
D->valSize : 531
Solving...
Blb : 2 (clique : 31)
currentSize : 31 <-- 0.006113 s
currentSize : 35 <-- 0.006369 s
currentSize : 37 <-- 0.006476 s
currentSize : 38 <-- 0.007849 s
currentSize : 39 <-- 1.111177 s
currentSize : 40 <-- 47.298923 s
currentSize : 41 <-- 48.826153 s
currentSize : 42 <-- 197.305908 s

TIMEOUT
maxsize : 42
nodes : 171910484.000000
filtered : 1390078600.000000
time : 1000.000061
