Parameters: GAD=1 vflib=1 dir=0 label=0 vlabel=1 lowerbound=1 fileNameGp=../../cp2016-max-common-connected-subgraph-paper/datasets/graphsdb/mcs50/bvg/b06m/mcs50_b06m_s90.A02 fileNameGt=../../cp2016-max-common-connected-subgraph-paper/datasets/graphsdb/mcs50/bvg/b06m/mcs50_b06m_s90.B02
Reading graphs...
90 :  266
90 :  268
Initializing...
maxdom : 11
D->valSize : 541
Solving...
Blb : 2 (clique : 29)
currentSize : 29 <-- 0.006319 s
currentSize : 30 <-- 0.007705 s
currentSize : 31 <-- 0.007829 s
currentSize : 32 <-- 0.089828 s
currentSize : 33 <-- 0.621476 s
currentSize : 35 <-- 3.689317 s
currentSize : 36 <-- 273.552429 s

TIMEOUT
maxsize : 36
nodes : 198954162.000000
filtered : 1175656231.000000
time : 1000.000061
