Parameters: GAD=1 vflib=1 dir=0 label=0 vlabel=1 lowerbound=1 fileNameGp=../../cp2016-max-common-connected-subgraph-paper/datasets/graphsdb/mcs50/rand/r005/mcs50_r005_s80.A08 fileNameGt=../../cp2016-max-common-connected-subgraph-paper/datasets/graphsdb/mcs50/rand/r005/mcs50_r005_s80.B08
Reading graphs...
80 :  307
80 :  307
Initializing...
maxdom : 8
D->valSize : 433
Solving...
Blb : 2 (clique : 26)
currentSize : 26 <-- 0.004172 s
currentSize : 28 <-- 0.004485 s
currentSize : 29 <-- 0.013553 s
currentSize : 30 <-- 0.013687 s
currentSize : 31 <-- 0.125200 s
currentSize : 33 <-- 1.569898 s
currentSize : 34 <-- 7.697630 s
currentSize : 36 <-- 9.362655 s
currentSize : 37 <-- 9.363409 s
currentSize : 39 <-- 9.384436 s
currentSize : 40 <-- 9.387645 s

maxsize : 40
nodes : 32393636.000000
filtered : 429136619.000000
time : 207.351685
