Parameters: GAD=1 vflib=1 dir=0 label=0 vlabel=1 lowerbound=1 fileNameGp=../../cp2016-max-common-connected-subgraph-paper/datasets/graphsdb/mcs50/m2D/m2Dr4/mcs50_m2Dr4_s70.A02 fileNameGt=../../cp2016-max-common-connected-subgraph-paper/datasets/graphsdb/mcs50/m2D/m2Dr4/mcs50_m2Dr4_s70.B02
Reading graphs...
70 :  149
70 :  148
Initializing...
maxdom : 9
D->valSize : 354
Solving...
Blb : 2 (clique : 25)
currentSize : 25 <-- 0.002999 s
currentSize : 26 <-- 0.003169 s
currentSize : 27 <-- 0.003281 s
currentSize : 28 <-- 0.003972 s
currentSize : 29 <-- 0.004609 s
currentSize : 30 <-- 0.081052 s
currentSize : 31 <-- 0.326831 s
currentSize : 32 <-- 0.786839 s
currentSize : 33 <-- 0.792209 s
currentSize : 34 <-- 0.800207 s
currentSize : 35 <-- 1.799732 s
currentSize : 36 <-- 2.429243 s
currentSize : 37 <-- 2.432282 s

maxsize : 37
nodes : 23572046.000000
filtered : 160151371.000000
time : 118.894936
