Parameters: GAD=1 vflib=1 dir=0 label=0 vlabel=1 lowerbound=1 fileNameGp=../../cp2016-max-common-connected-subgraph-paper/datasets/graphsdb/mcs50/rand/r005/mcs50_r005_s100.A02 fileNameGt=../../cp2016-max-common-connected-subgraph-paper/datasets/graphsdb/mcs50/rand/r005/mcs50_r005_s100.B02
Reading graphs...
100 :  484
100 :  482
Initializing...
maxdom : 8
D->valSize : 368
Solving...
Blb : 2 (clique : 28)
currentSize : 28 <-- 0.003670 s
currentSize : 29 <-- 0.003889 s
currentSize : 31 <-- 0.013910 s
currentSize : 32 <-- 0.023003 s
currentSize : 33 <-- 3.784548 s
currentSize : 34 <-- 4.206425 s
currentSize : 35 <-- 16.385923 s
currentSize : 37 <-- 16.494558 s
currentSize : 38 <-- 27.008183 s
currentSize : 40 <-- 52.257927 s
currentSize : 41 <-- 73.553452 s
currentSize : 46 <-- 78.987785 s
currentSize : 50 <-- 85.341751 s

maxsize : 50
nodes : 21930572.000000
filtered : 126468571.000000
time : 129.050262
