Parameters: GAD=1 vflib=1 dir=0 label=0 vlabel=1 lowerbound=1 fileNameGp=../../cp2016-max-common-connected-subgraph-paper/datasets/graphsdb/mcs50/m3D/m3Dr4/mcs50_m3Dr4_s50.A07 fileNameGt=../../cp2016-max-common-connected-subgraph-paper/datasets/graphsdb/mcs50/m3D/m3Dr4/mcs50_m3Dr4_s50.B07
Reading graphs...
50 :  126
50 :  127
Initializing...
maxdom : 10
D->valSize : 334
Solving...
Blb : 2 (clique : 20)
currentSize : 20 <-- 0.002322 s
currentSize : 21 <-- 0.023141 s
currentSize : 23 <-- 0.335969 s
currentSize : 24 <-- 0.335980 s
currentSize : 25 <-- 0.423125 s
currentSize : 27 <-- 2.085272 s
currentSize : 28 <-- 2.550260 s
currentSize : 29 <-- 2.550296 s

maxsize : 29
nodes : 1320750.000000
filtered : 14260505.000000
time : 5.893096
