Parameters: GAD=1 vflib=1 dir=0 label=0 vlabel=1 lowerbound=1 fileNameGp=../../cp2016-max-common-connected-subgraph-paper/datasets/graphsdb/mcs50/m2D/m2Dr4/mcs50_m2Dr4_s100.A02 fileNameGt=../../cp2016-max-common-connected-subgraph-paper/datasets/graphsdb/mcs50/m2D/m2Dr4/mcs50_m2Dr4_s100.B02
Reading graphs...
100 :  219
100 :  220
Initializing...
maxdom : 6
D->valSize : 339
Solving...
Blb : 2 (clique : 35)
currentSize : 35 <-- 0.005583 s
currentSize : 38 <-- 5.735140 s
currentSize : 39 <-- 5.735676 s
currentSize : 40 <-- 22.383707 s
currentSize : 41 <-- 22.383764 s
currentSize : 42 <-- 24.815310 s
currentSize : 44 <-- 82.534081 s
currentSize : 45 <-- 93.277542 s
currentSize : 46 <-- 367.630249 s

TIMEOUT
maxsize : 46
nodes : 212823113.000000
filtered : 550136834.000000
time : 1000.000122
