Parameters: GAD=1 vflib=1 dir=0 label=0 vlabel=1 lowerbound=1 fileNameGp=../../cp2016-max-common-connected-subgraph-paper/datasets/graphsdb/mcs50/m2D/m2Dr2/mcs50_m2Dr2_s50.A05 fileNameGt=../../cp2016-max-common-connected-subgraph-paper/datasets/graphsdb/mcs50/m2D/m2Dr2/mcs50_m2Dr2_s50.B05
Reading graphs...
50 :  95
50 :  95
Initializing...
maxdom : 9
D->valSize : 311
Solving...
Blb : 2 (clique : 22)
currentSize : 22 <-- 0.003610 s
currentSize : 23 <-- 0.005940 s
currentSize : 24 <-- 0.012726 s
currentSize : 25 <-- 0.051750 s
currentSize : 26 <-- 0.322984 s
currentSize : 27 <-- 1.448696 s
currentSize : 28 <-- 19.422216 s
currentSize : 29 <-- 19.431862 s

maxsize : 29
nodes : 9871519.000000
filtered : 103856466.000000
time : 42.088142
