Parameters: GAD=1 vflib=1 dir=0 label=0 vlabel=1 lowerbound=1 fileNameGp=../../cp2016-max-common-connected-subgraph-paper/datasets/graphsdb/mcs50/rand/r02/mcs50_r02_s90.A01 fileNameGt=../../cp2016-max-common-connected-subgraph-paper/datasets/graphsdb/mcs50/rand/r02/mcs50_r02_s90.B01
Reading graphs...
90 :  1411
90 :  1425
Initializing...
maxdom : 10
D->valSize : 535
Solving...
Blb : 2 (clique : 10)
currentSize : 10 <-- 0.005657 s
currentSize : 11 <-- 0.005868 s
currentSize : 12 <-- 0.006660 s
currentSize : 13 <-- 0.030367 s
currentSize : 14 <-- 0.150055 s
currentSize : 15 <-- 0.255588 s
currentSize : 16 <-- 0.263971 s
currentSize : 19 <-- 0.266073 s
currentSize : 21 <-- 1.246821 s
currentSize : 24 <-- 1.450687 s
currentSize : 26 <-- 2.517182 s
currentSize : 30 <-- 3.282168 s
currentSize : 45 <-- 3.770906 s

maxsize : 45
nodes : 661125.000000
filtered : 7761221.000000
time : 4.104287
