Parameters: GAD=1 vflib=1 dir=0 label=0 vlabel=1 lowerbound=1 fileNameGp=../../cp2016-max-common-connected-subgraph-paper/datasets/graphsdb/mcs50/bvg/b03/mcs50_b03_s100.A05 fileNameGt=../../cp2016-max-common-connected-subgraph-paper/datasets/graphsdb/mcs50/bvg/b03/mcs50_b03_s100.B05
Reading graphs...
100 :  150
100 :  150
Initializing...
maxdom : 7
D->valSize : 341
Solving...
Blb : 5 (clique : 37)
currentSize : 37 <-- 0.003488 s
currentSize : 38 <-- 0.004123 s
currentSize : 39 <-- 0.012153 s
currentSize : 40 <-- 0.068817 s
currentSize : 41 <-- 0.069697 s
currentSize : 42 <-- 0.082419 s

TIMEOUT
maxsize : 42
nodes : 205993080.000000
filtered : 985425247.000000
time : 1000.000061
