Parameters: GAD=1 vflib=1 dir=0 label=0 vlabel=1 lowerbound=1 fileNameGp=../../cp2016-max-common-connected-subgraph-paper/datasets/graphsdb/mcs50/bvg/b09/mcs50_b09_s80.A00 fileNameGt=../../cp2016-max-common-connected-subgraph-paper/datasets/graphsdb/mcs50/bvg/b09/mcs50_b09_s80.B00
Reading graphs...
80 :  356
80 :  358
Initializing...
maxdom : 8
D->valSize : 437
Solving...
Blb : 3 (clique : 23)
currentSize : 23 <-- 0.004227 s
currentSize : 24 <-- 0.015828 s
currentSize : 25 <-- 0.074661 s
currentSize : 26 <-- 0.757459 s
currentSize : 27 <-- 0.823317 s
currentSize : 28 <-- 6.264321 s
currentSize : 29 <-- 6.265421 s
currentSize : 30 <-- 6.351135 s
currentSize : 32 <-- 6.351236 s
currentSize : 33 <-- 6.351431 s
currentSize : 35 <-- 6.354926 s
currentSize : 37 <-- 6.355170 s
currentSize : 40 <-- 8.805228 s

maxsize : 40
nodes : 8188383.000000
filtered : 51415116.000000
time : 41.010197
