Parameters: GAD=1 vflib=1 dir=0 label=0 vlabel=1 lowerbound=1 fileNameGp=../../cp2016-max-common-connected-subgraph-paper/datasets/graphsdb/mcs50/bvg/b06/mcs50_b06_s70.A06 fileNameGt=../../cp2016-max-common-connected-subgraph-paper/datasets/graphsdb/mcs50/bvg/b06/mcs50_b06_s70.B06
Reading graphs...
70 :  210
70 :  210
Initializing...
maxdom : 8
D->valSize : 357
Solving...
Blb : 2 (clique : 28)
currentSize : 28 <-- 0.004881 s
currentSize : 30 <-- 0.005557 s
currentSize : 32 <-- 0.005609 s
currentSize : 33 <-- 0.013716 s
currentSize : 34 <-- 0.027851 s
currentSize : 35 <-- 67.630203 s
currentSize : 36 <-- 67.643661 s
currentSize : 37 <-- 67.643974 s

maxsize : 37
nodes : 33985348.000000
filtered : 263746170.000000
time : 169.768463
