Parameters: GAD=1 vflib=1 dir=0 label=0 vlabel=1 lowerbound=1 fileNameGp=../../cp2016-max-common-connected-subgraph-paper/datasets/graphsdb/mcs50/rand/r005/mcs50_r005_s50.A04 fileNameGt=../../cp2016-max-common-connected-subgraph-paper/datasets/graphsdb/mcs50/rand/r005/mcs50_r005_s50.B04
Reading graphs...
50 :  120
50 :  120
Initializing...
maxdom : 10
D->valSize : 349
Solving...
Blb : 2 (clique : 20)
currentSize : 20 <-- 0.002523 s
currentSize : 21 <-- 0.002659 s
currentSize : 22 <-- 0.060426 s
currentSize : 23 <-- 0.063040 s
currentSize : 24 <-- 0.085150 s
currentSize : 25 <-- 0.341027 s
currentSize : 26 <-- 17.811768 s
currentSize : 27 <-- 24.785269 s

maxsize : 27
nodes : 7022560.000000
filtered : 89854170.000000
time : 31.858040
