Parameters: GAD=1 vflib=1 dir=0 label=0 vlabel=1 lowerbound=1 fileNameGp=../../cp2016-max-common-connected-subgraph-paper/datasets/graphsdb/mcs50/m4D/m4Dr6/mcs50_m4Dr6_s40.A07 fileNameGt=../../cp2016-max-common-connected-subgraph-paper/datasets/graphsdb/mcs50/m4D/m4Dr6/mcs50_m4Dr6_s40.B07
Reading graphs...
40 :  93
40 :  92
Initializing...
maxdom : 8
D->valSize : 226
Solving...
Blb : 2 (clique : 14)
currentSize : 14 <-- 0.002041 s
currentSize : 15 <-- 0.002152 s
currentSize : 16 <-- 0.002227 s
currentSize : 17 <-- 0.002638 s
currentSize : 18 <-- 0.293563 s
currentSize : 19 <-- 1.169164 s
currentSize : 20 <-- 1.170218 s
currentSize : 21 <-- 2.964457 s

maxsize : 21
nodes : 938082.000000
filtered : 6387530.000000
time : 3.277243
