Parameters: GAD=1 vflib=1 dir=0 label=0 vlabel=1 lowerbound=1 fileNameGp=../../cp2016-max-common-connected-subgraph-paper/datasets/graphsdb/mcs50/bvg/b06/mcs50_b06_s90.A01 fileNameGt=../../cp2016-max-common-connected-subgraph-paper/datasets/graphsdb/mcs50/bvg/b06/mcs50_b06_s90.B01
Reading graphs...
90 :  270
90 :  268
Initializing...
maxdom : 11
D->valSize : 493
Solving...
Blb : 2 (clique : 35)
currentSize : 35 <-- 0.008447 s
currentSize : 36 <-- 0.008999 s
currentSize : 37 <-- 0.009764 s
currentSize : 38 <-- 0.010818 s
currentSize : 39 <-- 0.011456 s
currentSize : 40 <-- 0.023917 s
currentSize : 41 <-- 0.090512 s
currentSize : 42 <-- 1.316464 s
currentSize : 45 <-- 1.318416 s
currentSize : 46 <-- 1.344140 s

TIMEOUT
maxsize : 46
nodes : 184779361.000000
filtered : 1242753434.000000
time : 1000.000122
