Parameters: GAD=1 vflib=1 dir=0 label=0 vlabel=1 lowerbound=1 fileNameGp=../../cp2016-max-common-connected-subgraph-paper/datasets/graphsdb/mcs50/bvg/b03m/mcs50_b03m_s70.A06 fileNameGt=../../cp2016-max-common-connected-subgraph-paper/datasets/graphsdb/mcs50/bvg/b03m/mcs50_b03m_s70.B06
Reading graphs...
70 :  105
70 :  105
Initializing...
maxdom : 9
D->valSize : 341
Solving...
Blb : 2 (clique : 34)
currentSize : 34 <-- 0.002902 s
currentSize : 35 <-- 0.003179 s
currentSize : 36 <-- 0.003311 s
currentSize : 37 <-- 0.003446 s
currentSize : 38 <-- 0.007417 s
currentSize : 39 <-- 0.009349 s
currentSize : 40 <-- 0.020097 s

TIMEOUT
maxsize : 40
nodes : 204104347.000000
filtered : 1421233943.000000
time : 1000.000061
