Parameters: GAD=1 vflib=1 dir=0 label=0 vlabel=1 lowerbound=1 fileNameGp=../../cp2016-max-common-connected-subgraph-paper/datasets/graphsdb/mcs50/bvg/b03m/mcs50_b03m_s60.A06 fileNameGt=../../cp2016-max-common-connected-subgraph-paper/datasets/graphsdb/mcs50/bvg/b03m/mcs50_b03m_s60.B06
Reading graphs...
60 :  89
60 :  89
Initializing...
maxdom : 7
D->valSize : 244
Solving...
Blb : 2 (clique : 26)
currentSize : 26 <-- 0.002817 s
currentSize : 27 <-- 0.040898 s
currentSize : 28 <-- 0.375175 s
currentSize : 29 <-- 1.672969 s
currentSize : 30 <-- 1.675354 s
currentSize : 31 <-- 1.680115 s
currentSize : 32 <-- 2.468109 s
currentSize : 33 <-- 9.948508 s
currentSize : 34 <-- 28.435513 s
currentSize : 35 <-- 30.639759 s

maxsize : 35
nodes : 7776775.000000
filtered : 41747745.000000
time : 32.000858
