Parameters: GAD=1 vflib=1 dir=0 label=0 vlabel=1 lowerbound=1 fileNameGp=../../cp2016-max-common-connected-subgraph-paper/datasets/graphsdb/mcs50/bvg/b09m/mcs50_b09m_s70.A06 fileNameGt=../../cp2016-max-common-connected-subgraph-paper/datasets/graphsdb/mcs50/bvg/b09m/mcs50_b09m_s70.B06
Reading graphs...
70 :  310
70 :  310
Initializing...
maxdom : 10
D->valSize : 348
Solving...
Blb : 3 (clique : 27)
currentSize : 27 <-- 0.003034 s
currentSize : 29 <-- 0.226979 s
currentSize : 30 <-- 0.823848 s
currentSize : 31 <-- 6.401180 s
currentSize : 32 <-- 11.569817 s
currentSize : 33 <-- 17.017857 s
currentSize : 34 <-- 17.017933 s

maxsize : 34
nodes : 5906505.000000
filtered : 36958049.000000
time : 25.984589
