Parameters: GAD=1 vflib=1 dir=0 label=0 vlabel=1 lowerbound=1 fileNameGp=../../cp2016-max-common-connected-subgraph-paper/datasets/graphsdb/mcs50/m2D/m2Dr2/mcs50_m2Dr2_s70.A05 fileNameGt=../../cp2016-max-common-connected-subgraph-paper/datasets/graphsdb/mcs50/m2D/m2Dr2/mcs50_m2Dr2_s70.B05
Reading graphs...
70 :  137
70 :  136
Initializing...
maxdom : 8
D->valSize : 312
Solving...
Blb : 3 (clique : 27)
currentSize : 27 <-- 0.002509 s
currentSize : 28 <-- 0.114888 s
currentSize : 29 <-- 0.465694 s
currentSize : 30 <-- 3.224158 s
currentSize : 31 <-- 12.496272 s
currentSize : 32 <-- 127.491272 s
currentSize : 33 <-- 145.739441 s
currentSize : 34 <-- 189.370407 s
currentSize : 35 <-- 326.701050 s
currentSize : 36 <-- 326.701294 s
currentSize : 37 <-- 398.386841 s

maxsize : 37
nodes : 104847400.000000
filtered : 606508586.000000
time : 470.415802
