Parameters: GAD=1 vflib=1 dir=0 label=0 vlabel=1 lowerbound=1 fileNameGp=../../cp2016-max-common-connected-subgraph-paper/datasets/graphsdb/mcs50/bvg/b06/mcs50_b06_s90.A06 fileNameGt=../../cp2016-max-common-connected-subgraph-paper/datasets/graphsdb/mcs50/bvg/b06/mcs50_b06_s90.B06
Reading graphs...
90 :  270
90 :  270
Initializing...
maxdom : 10
D->valSize : 528
Solving...
Blb : 2 (clique : 27)
currentSize : 27 <-- 0.006052 s
currentSize : 28 <-- 0.006824 s
currentSize : 29 <-- 0.009272 s
currentSize : 30 <-- 0.010830 s
currentSize : 31 <-- 0.054471 s
currentSize : 32 <-- 5.709831 s
currentSize : 33 <-- 37.776932 s
currentSize : 35 <-- 437.415955 s
currentSize : 36 <-- 437.416046 s
currentSize : 37 <-- 437.416199 s
currentSize : 38 <-- 437.506470 s

TIMEOUT
maxsize : 38
nodes : 182835558.000000
filtered : 1541461654.000000
time : 1000.000061
