Parameters: GAD=1 vflib=1 dir=0 label=0 vlabel=1 lowerbound=1 fileNameGp=../../cp2016-max-common-connected-subgraph-paper/datasets/graphsdb/mcs50/rand/r005/mcs50_r005_s50.A02 fileNameGt=../../cp2016-max-common-connected-subgraph-paper/datasets/graphsdb/mcs50/rand/r005/mcs50_r005_s50.B02
Reading graphs...
50 :  117
50 :  118
Initializing...
maxdom : 11
D->valSize : 347
Solving...
Blb : 2 (clique : 17)
currentSize : 17 <-- 0.002520 s
currentSize : 18 <-- 0.002654 s
currentSize : 19 <-- 0.002808 s
currentSize : 20 <-- 0.003322 s
currentSize : 21 <-- 0.004726 s
currentSize : 22 <-- 0.129990 s
currentSize : 23 <-- 0.332597 s
currentSize : 24 <-- 0.417038 s
currentSize : 25 <-- 0.461308 s
currentSize : 26 <-- 41.040054 s

maxsize : 26
nodes : 13142361.000000
filtered : 163401519.000000
time : 61.557674
