Parameters: GAD=1 vflib=1 dir=0 label=0 vlabel=1 lowerbound=1 fileNameGp=../../cp2016-max-common-connected-subgraph-paper/datasets/graphsdb/mcs50/m2D/m2Dr2/mcs50_m2Dr2_s80.A02 fileNameGt=../../cp2016-max-common-connected-subgraph-paper/datasets/graphsdb/mcs50/m2D/m2Dr2/mcs50_m2Dr2_s80.B02
Reading graphs...
80 :  157
80 :  157
Initializing...
maxdom : 10
D->valSize : 433
Solving...
Blb : 2 (clique : 37)
currentSize : 37 <-- 0.004348 s
currentSize : 38 <-- 0.004785 s
currentSize : 39 <-- 0.028628 s
currentSize : 40 <-- 0.028769 s
currentSize : 41 <-- 0.147727 s
currentSize : 42 <-- 0.262881 s
currentSize : 43 <-- 17.537155 s
currentSize : 44 <-- 493.121521 s

TIMEOUT
maxsize : 44
nodes : 196478184.000000
filtered : 1304454665.000000
time : 1000.000061
