Parameters: GAD=1 vflib=1 dir=0 label=0 vlabel=1 lowerbound=1 fileNameGp=../../cp2016-max-common-connected-subgraph-paper/datasets/graphsdb/mcs50/m2D/m2Dr6/mcs50_m2Dr6_s90.A00 fileNameGt=../../cp2016-max-common-connected-subgraph-paper/datasets/graphsdb/mcs50/m2D/m2Dr6/mcs50_m2Dr6_s90.B00
Reading graphs...
90 :  214
90 :  215
Initializing...
maxdom : 9
D->valSize : 526
Solving...
Blb : 2 (clique : 38)
currentSize : 38 <-- 0.009553 s
currentSize : 39 <-- 0.010911 s
currentSize : 40 <-- 0.010939 s
currentSize : 43 <-- 0.013766 s
currentSize : 45 <-- 0.019486 s
currentSize : 46 <-- 2.699000 s

TIMEOUT
maxsize : 46
nodes : 173758430.000000
filtered : 1098560964.000000
time : 1000.000061
