Parameters: GAD=1 vflib=1 dir=0 label=0 vlabel=1 lowerbound=1 fileNameGp=../../cp2016-max-common-connected-subgraph-paper/datasets/graphsdb/mcs50/rand/r005/mcs50_r005_s70.A02 fileNameGt=../../cp2016-max-common-connected-subgraph-paper/datasets/graphsdb/mcs50/rand/r005/mcs50_r005_s70.B02
Reading graphs...
70 :  235
70 :  233
Initializing...
maxdom : 7
D->valSize : 336
Solving...
Blb : 2 (clique : 24)
currentSize : 24 <-- 0.004394 s
currentSize : 25 <-- 0.006052 s
currentSize : 26 <-- 0.013417 s
currentSize : 27 <-- 0.038064 s
currentSize : 28 <-- 0.038984 s
currentSize : 29 <-- 0.039433 s
currentSize : 30 <-- 0.127193 s
currentSize : 31 <-- 104.428841 s
currentSize : 32 <-- 104.774727 s
currentSize : 33 <-- 104.953606 s
currentSize : 35 <-- 105.585442 s

maxsize : 35
nodes : 27532002.000000
filtered : 276698457.000000
time : 151.787277
