Parameters: GAD=1 vflib=1 dir=0 label=0 vlabel=1 lowerbound=1 fileNameGp=../../cp2016-max-common-connected-subgraph-paper/datasets/graphsdb/mcs50/m2D/m2Dr4/mcs50_m2Dr4_s70.A08 fileNameGt=../../cp2016-max-common-connected-subgraph-paper/datasets/graphsdb/mcs50/m2D/m2Dr4/mcs50_m2Dr4_s70.B08
Reading graphs...
70 :  150
70 :  149
Initializing...
maxdom : 8
D->valSize : 345
Solving...
Blb : 2 (clique : 28)
currentSize : 28 <-- 0.003037 s
currentSize : 29 <-- 0.003225 s
currentSize : 30 <-- 0.003271 s
currentSize : 31 <-- 0.096307 s
currentSize : 32 <-- 0.212303 s
currentSize : 33 <-- 0.535958 s
currentSize : 34 <-- 8.078427 s
currentSize : 35 <-- 28.024158 s
currentSize : 36 <-- 364.954010 s
currentSize : 37 <-- 436.225067 s
currentSize : 38 <-- 698.148376 s

maxsize : 38
nodes : 177474418.000000
filtered : 1256663257.000000
time : 851.366516
