Parameters: GAD=1 vflib=1 dir=0 label=0 vlabel=1 lowerbound=1 fileNameGp=../../cp2016-max-common-connected-subgraph-paper/datasets/graphsdb/mcs50/bvg/b09m/mcs50_b09m_s90.A05 fileNameGt=../../cp2016-max-common-connected-subgraph-paper/datasets/graphsdb/mcs50/bvg/b09m/mcs50_b09m_s90.B05
Reading graphs...
90 :  399
90 :  399
Initializing...
maxdom : 9
D->valSize : 556
Solving...
Blb : 3 (clique : 26)
currentSize : 26 <-- 0.010434 s
currentSize : 27 <-- 10.148976 s
currentSize : 28 <-- 10.556240 s
currentSize : 29 <-- 10.556347 s
currentSize : 30 <-- 13.619683 s
currentSize : 31 <-- 13.669854 s
currentSize : 32 <-- 13.954339 s
currentSize : 33 <-- 14.194350 s
currentSize : 34 <-- 14.310724 s
currentSize : 35 <-- 50.690250 s
currentSize : 36 <-- 50.691154 s
currentSize : 37 <-- 131.326187 s
currentSize : 38 <-- 295.166931 s
currentSize : 39 <-- 805.692322 s
currentSize : 40 <-- 805.697327 s

TIMEOUT
maxsize : 40
nodes : 198694316.000000
filtered : 1191553099.000000
time : 1000.000061
