Parameters: GAD=1 vflib=1 dir=0 label=0 vlabel=1 lowerbound=1 fileNameGp=../../cp2016-max-common-connected-subgraph-paper/datasets/graphsdb/mcs50/m2D/m2Dr6/mcs50_m2Dr6_s70.A02 fileNameGt=../../cp2016-max-common-connected-subgraph-paper/datasets/graphsdb/mcs50/m2D/m2Dr6/mcs50_m2Dr6_s70.B02
Reading graphs...
70 :  165
70 :  158
Initializing...
maxdom : 9
D->valSize : 363
Solving...
Blb : 2 (clique : 25)
currentSize : 25 <-- 0.003040 s
currentSize : 28 <-- 0.003204 s
currentSize : 29 <-- 0.003465 s
currentSize : 30 <-- 0.211578 s
currentSize : 31 <-- 0.220901 s
currentSize : 32 <-- 18.843956 s
currentSize : 33 <-- 18.883665 s
currentSize : 34 <-- 280.695038 s
currentSize : 35 <-- 676.050171 s
currentSize : 36 <-- 676.056396 s
currentSize : 37 <-- 681.535461 s
currentSize : 38 <-- 684.026855 s

maxsize : 38
nodes : 156380703.000000
filtered : 1117861555.000000
time : 738.148499
