Parameters: GAD=1 vflib=1 dir=0 label=0 vlabel=1 lowerbound=1 fileNameGp=../../cp2016-max-common-connected-subgraph-paper/datasets/graphsdb/mcs50/rand/r01/mcs50_r01_s90.A06 fileNameGt=../../cp2016-max-common-connected-subgraph-paper/datasets/graphsdb/mcs50/rand/r01/mcs50_r01_s90.B06
Reading graphs...
90 :  759
90 :  748
Initializing...
maxdom : 12
D->valSize : 544
Solving...
Blb : 5 (clique : 14)
currentSize : 14 <-- 0.005931 s
currentSize : 15 <-- 0.006242 s
currentSize : 16 <-- 0.008178 s
currentSize : 17 <-- 0.030472 s
currentSize : 18 <-- 0.032071 s
currentSize : 19 <-- 0.316404 s
currentSize : 20 <-- 1.008569 s
currentSize : 21 <-- 1.152570 s
currentSize : 22 <-- 1.963451 s
currentSize : 23 <-- 3.464630 s
currentSize : 24 <-- 3.489062 s
currentSize : 26 <-- 4.935592 s
currentSize : 27 <-- 5.012877 s
currentSize : 28 <-- 8.563643 s
currentSize : 29 <-- 8.938296 s
currentSize : 30 <-- 10.487857 s
currentSize : 34 <-- 10.490252 s
currentSize : 35 <-- 10.490359 s
currentSize : 37 <-- 12.152029 s
currentSize : 45 <-- 19.309816 s

maxsize : 45
nodes : 3740569.000000
filtered : 45127130.000000
time : 23.967896
