Parameters: GAD=1 vflib=1 dir=0 label=0 vlabel=1 lowerbound=1 fileNameGp=../../cp2016-max-common-connected-subgraph-paper/datasets/graphsdb/mcs50/m2D/m2Dr6/mcs50_m2Dr6_s100.A07 fileNameGt=../../cp2016-max-common-connected-subgraph-paper/datasets/graphsdb/mcs50/m2D/m2Dr6/mcs50_m2Dr6_s100.B07
Reading graphs...
100 :  237
100 :  236
Initializing...
maxdom : 7
D->valSize : 349
Solving...
Blb : 2 (clique : 30)
currentSize : 30 <-- 0.005927 s
currentSize : 31 <-- 0.058455 s
currentSize : 32 <-- 0.139640 s
currentSize : 33 <-- 1.625903 s
currentSize : 34 <-- 14.664991 s
currentSize : 35 <-- 88.453888 s
currentSize : 36 <-- 125.629440 s
currentSize : 37 <-- 136.121323 s

TIMEOUT
maxsize : 37
nodes : 208802227.000000
filtered : 820293551.000000
time : 1000.000061
