Parameters: GAD=1 vflib=1 dir=0 label=0 vlabel=1 lowerbound=1 fileNameGp=../../cp2016-max-common-connected-subgraph-paper/datasets/graphsdb/mcs50/rand/r02/mcs50_r02_s70.A08 fileNameGt=../../cp2016-max-common-connected-subgraph-paper/datasets/graphsdb/mcs50/rand/r02/mcs50_r02_s70.B08
Reading graphs...
70 :  862
70 :  872
Initializing...
maxdom : 12
D->valSize : 384
Solving...
Blb : 2 (clique : 11)
currentSize : 11 <-- 0.003078 s
currentSize : 12 <-- 0.003234 s
currentSize : 13 <-- 0.011936 s
currentSize : 14 <-- 0.059150 s
currentSize : 15 <-- 0.059886 s
currentSize : 17 <-- 0.062374 s
currentSize : 18 <-- 0.062480 s
currentSize : 22 <-- 0.565598 s
currentSize : 23 <-- 0.652486 s
currentSize : 24 <-- 0.686508 s
currentSize : 25 <-- 0.686693 s
currentSize : 35 <-- 0.686808 s

maxsize : 35
nodes : 142578.000000
filtered : 1432978.000000
time : 0.733343
