Parameters: GAD=1 vflib=1 dir=0 label=0 vlabel=1 lowerbound=1 fileNameGp=../../cp2016-max-common-connected-subgraph-paper/datasets/graphsdb/mcs50/rand/r01/mcs50_r01_s90.A01 fileNameGt=../../cp2016-max-common-connected-subgraph-paper/datasets/graphsdb/mcs50/rand/r01/mcs50_r01_s90.B01
Reading graphs...
90 :  761
90 :  762
Initializing...
maxdom : 9
D->valSize : 557
Solving...
Blb : 5 (clique : 14)
currentSize : 14 <-- 0.006061 s
currentSize : 15 <-- 0.006305 s
currentSize : 16 <-- 0.015425 s
currentSize : 17 <-- 0.108520 s
currentSize : 18 <-- 0.522774 s
currentSize : 19 <-- 0.738559 s
currentSize : 20 <-- 18.168240 s
currentSize : 21 <-- 18.171707 s
currentSize : 22 <-- 18.181561 s
currentSize : 23 <-- 18.181652 s
currentSize : 26 <-- 18.181795 s
currentSize : 27 <-- 18.181919 s
currentSize : 31 <-- 18.290207 s
currentSize : 34 <-- 18.290327 s
currentSize : 36 <-- 30.761944 s
currentSize : 37 <-- 39.051491 s
currentSize : 45 <-- 39.082298 s

maxsize : 45
nodes : 6930543.000000
filtered : 80539483.000000
time : 43.090477
