Parameters: GAD=1 vflib=1 dir=0 label=0 vlabel=1 lowerbound=1 fileNameGp=../../cp2016-max-common-connected-subgraph-paper/datasets/graphsdb/mcs50/m2D/m2Dr4/mcs50_m2Dr4_s60.A05 fileNameGt=../../cp2016-max-common-connected-subgraph-paper/datasets/graphsdb/mcs50/m2D/m2Dr4/mcs50_m2Dr4_s60.B05
Reading graphs...
60 :  126
60 :  124
Initializing...
maxdom : 7
D->valSize : 231
Solving...
Blb : 5 (clique : 21)
currentSize : 21 <-- 0.002446 s
currentSize : 22 <-- 0.002748 s
currentSize : 23 <-- 0.002925 s
currentSize : 24 <-- 0.003506 s
currentSize : 25 <-- 0.043703 s
currentSize : 26 <-- 0.139848 s
currentSize : 27 <-- 0.142310 s
currentSize : 28 <-- 9.132414 s
currentSize : 29 <-- 9.133177 s
currentSize : 30 <-- 25.123800 s

maxsize : 30
nodes : 6731503.000000
filtered : 41713083.000000
time : 29.540571
