Parameters: GAD=1 vflib=1 dir=0 label=0 vlabel=1 lowerbound=1 fileNameGp=../../cp2016-max-common-connected-subgraph-paper/datasets/graphsdb/mcs50/rand/r02/mcs50_r02_s90.A00 fileNameGt=../../cp2016-max-common-connected-subgraph-paper/datasets/graphsdb/mcs50/rand/r02/mcs50_r02_s90.B00
Reading graphs...
90 :  1433
90 :  1416
Initializing...
maxdom : 13
D->valSize : 606
Solving...
Blb : 2 (clique : 10)
currentSize : 10 <-- 0.007053 s
currentSize : 12 <-- 0.007353 s
currentSize : 21 <-- 0.012712 s
currentSize : 22 <-- 0.030328 s
currentSize : 26 <-- 0.076096 s
currentSize : 27 <-- 1.210051 s
currentSize : 31 <-- 1.405046 s
currentSize : 32 <-- 3.489844 s
currentSize : 35 <-- 3.871510 s
currentSize : 45 <-- 4.053059 s

maxsize : 45
nodes : 594595.000000
filtered : 11173004.000000
time : 4.342822
