Parameters: GAD=1 vflib=1 dir=0 label=0 vlabel=1 lowerbound=1 fileNameGp=../../cp2016-max-common-connected-subgraph-paper/datasets/graphsdb/mcs50/m2D/m2D/mcs50_m2D_s90.A05 fileNameGt=../../cp2016-max-common-connected-subgraph-paper/datasets/graphsdb/mcs50/m2D/m2D/mcs50_m2D_s90.B05
Reading graphs...
90 :  160
90 :  160
Initializing...
maxdom : 13
D->valSize : 612
Solving...
Blb : 2 (clique : 39)
currentSize : 39 <-- 0.007631 s
currentSize : 41 <-- 0.007926 s
currentSize : 42 <-- 0.007971 s
currentSize : 43 <-- 0.008102 s
currentSize : 44 <-- 0.008246 s
currentSize : 45 <-- 88.048164 s
currentSize : 46 <-- 347.527069 s
currentSize : 47 <-- 459.951416 s

TIMEOUT
maxsize : 47
nodes : 193026728.000000
filtered : 1131916211.000000
time : 1000.000061
