Parameters: GAD=1 vflib=1 dir=0 label=0 vlabel=1 lowerbound=1 fileNameGp=../../cp2016-max-common-connected-subgraph-paper/datasets/graphsdb/mcs50/bvg/b09/mcs50_b09_s60.A07 fileNameGt=../../cp2016-max-common-connected-subgraph-paper/datasets/graphsdb/mcs50/bvg/b09/mcs50_b09_s60.B07
Reading graphs...
60 :  266
60 :  267
Initializing...
maxdom : 7
D->valSize : 253
Solving...
Blb : 2 (clique : 14)
currentSize : 14 <-- 0.001798 s
currentSize : 15 <-- 0.002348 s
currentSize : 16 <-- 0.006262 s
currentSize : 17 <-- 0.008828 s
currentSize : 18 <-- 0.041121 s
currentSize : 19 <-- 0.417705 s
currentSize : 21 <-- 0.802493 s
currentSize : 23 <-- 0.894311 s
currentSize : 25 <-- 0.894359 s
currentSize : 26 <-- 1.137341 s
currentSize : 28 <-- 1.278689 s
currentSize : 30 <-- 1.278986 s

maxsize : 30
nodes : 362294.000000
filtered : 2317315.000000
time : 1.590795
