Parameters: GAD=1 vflib=1 dir=0 label=0 vlabel=1 lowerbound=1 fileNameGp=../../cp2016-max-common-connected-subgraph-paper/datasets/graphsdb/mcs50/m3D/m3Dr4/mcs50_m3Dr4_s60.A07 fileNameGt=../../cp2016-max-common-connected-subgraph-paper/datasets/graphsdb/mcs50/m3D/m3Dr4/mcs50_m3Dr4_s60.B07
Reading graphs...
60 :  153
60 :  155
Initializing...
maxdom : 7
D->valSize : 257
Solving...
Blb : 2 (clique : 18)
currentSize : 18 <-- 0.002823 s
currentSize : 19 <-- 0.003035 s
currentSize : 20 <-- 0.003400 s
currentSize : 21 <-- 0.006540 s
currentSize : 22 <-- 0.226888 s
currentSize : 23 <-- 11.074435 s
currentSize : 24 <-- 13.964757 s
currentSize : 25 <-- 29.209396 s
currentSize : 26 <-- 35.903458 s
currentSize : 27 <-- 35.903519 s
currentSize : 28 <-- 36.139954 s
currentSize : 29 <-- 75.472351 s

maxsize : 29
nodes : 20890496.000000
filtered : 131815752.000000
time : 90.454834
