Parameters: GAD=1 vflib=1 dir=0 label=0 vlabel=1 lowerbound=1 fileNameGp=../../cp2016-max-common-connected-subgraph-paper/datasets/graphsdb/mcs50/m2D/m2D/mcs50_m2D_s90.A00 fileNameGt=../../cp2016-max-common-connected-subgraph-paper/datasets/graphsdb/mcs50/m2D/m2D/mcs50_m2D_s90.B00
Reading graphs...
90 :  161
90 :  161
Initializing...
maxdom : 9
D->valSize : 521
Solving...
Blb : 2 (clique : 36)
currentSize : 36 <-- 0.005942 s
currentSize : 38 <-- 0.006224 s
currentSize : 39 <-- 0.006302 s
currentSize : 40 <-- 0.006392 s
currentSize : 41 <-- 0.006527 s
currentSize : 42 <-- 0.038002 s
currentSize : 43 <-- 0.038051 s
currentSize : 44 <-- 0.105405 s
currentSize : 45 <-- 0.135023 s
currentSize : 46 <-- 0.231141 s
currentSize : 47 <-- 24.181808 s
currentSize : 48 <-- 63.456951 s
currentSize : 49 <-- 63.476837 s
currentSize : 50 <-- 89.957054 s
currentSize : 52 <-- 171.332352 s

TIMEOUT
maxsize : 52
nodes : 193245588.000000
filtered : 1014019279.000000
time : 1000.000061
