Parameters: GAD=1 vflib=1 dir=0 label=0 vlabel=1 lowerbound=1 fileNameGp=../../cp2016-max-common-connected-subgraph-paper/datasets/graphsdb/mcs50/rand/r01/mcs50_r01_s50.A04 fileNameGt=../../cp2016-max-common-connected-subgraph-paper/datasets/graphsdb/mcs50/rand/r01/mcs50_r01_s50.B04
Reading graphs...
50 :  234
50 :  234
Initializing...
maxdom : 10
D->valSize : 324
Solving...
Blb : 2 (clique : 14)
currentSize : 14 <-- 0.002220 s
currentSize : 15 <-- 0.026289 s
currentSize : 16 <-- 0.100446 s
currentSize : 17 <-- 0.173230 s
currentSize : 18 <-- 1.933062 s
currentSize : 19 <-- 2.756341 s
currentSize : 20 <-- 3.373692 s
currentSize : 21 <-- 3.374041 s
currentSize : 23 <-- 3.379801 s
currentSize : 25 <-- 3.379925 s

maxsize : 25
nodes : 937722.000000
filtered : 8434346.000000
time : 3.773918
