Parameters: GAD=1 vflib=1 dir=0 label=0 vlabel=1 lowerbound=1 fileNameGp=../../cp2016-max-common-connected-subgraph-paper/datasets/graphsdb/mcs50/bvg/b06/mcs50_b06_s90.A09 fileNameGt=../../cp2016-max-common-connected-subgraph-paper/datasets/graphsdb/mcs50/bvg/b06/mcs50_b06_s90.B09
Reading graphs...
90 :  269
90 :  269
Initializing...
maxdom : 10
D->valSize : 564
Solving...
Blb : 2 (clique : 26)
currentSize : 26 <-- 0.006609 s
currentSize : 27 <-- 0.006845 s
currentSize : 28 <-- 0.006952 s
currentSize : 29 <-- 0.007063 s
currentSize : 31 <-- 0.009879 s
currentSize : 32 <-- 0.011447 s
currentSize : 33 <-- 0.650700 s
currentSize : 34 <-- 0.750063 s
currentSize : 35 <-- 10.399320 s
currentSize : 36 <-- 39.158249 s

TIMEOUT
maxsize : 36
nodes : 176317813.000000
filtered : 1497762094.000000
time : 1000.000061
