Parameters: GAD=1 vflib=1 dir=0 label=0 vlabel=1 lowerbound=1 fileNameGp=../../cp2016-max-common-connected-subgraph-paper/datasets/graphsdb/mcs50/m2D/m2Dr2/mcs50_m2Dr2_s50.A02 fileNameGt=../../cp2016-max-common-connected-subgraph-paper/datasets/graphsdb/mcs50/m2D/m2Dr2/mcs50_m2Dr2_s50.B02
Reading graphs...
50 :  92
50 :  93
Initializing...
maxdom : 11
D->valSize : 349
Solving...
Blb : 2 (clique : 24)
currentSize : 24 <-- 0.002527 s
currentSize : 25 <-- 50.238495 s
currentSize : 26 <-- 120.698677 s
currentSize : 27 <-- 120.703827 s
currentSize : 28 <-- 120.720459 s
currentSize : 29 <-- 120.721725 s

maxsize : 29
nodes : 31307797.000000
filtered : 297748793.000000
time : 134.211578
