Parameters: GAD=1 vflib=1 dir=0 label=0 vlabel=1 lowerbound=1 fileNameGp=../../cp2016-max-common-connected-subgraph-paper/datasets/graphsdb/mcs50/bvg/b06/mcs50_b06_s80.A02 fileNameGt=../../cp2016-max-common-connected-subgraph-paper/datasets/graphsdb/mcs50/bvg/b06/mcs50_b06_s80.B02
Reading graphs...
80 :  237
80 :  240
Initializing...
maxdom : 11
D->valSize : 470
Solving...
Blb : 2 (clique : 35)
currentSize : 35 <-- 0.004764 s
currentSize : 36 <-- 0.005228 s
currentSize : 37 <-- 0.014039 s
currentSize : 38 <-- 0.105782 s
currentSize : 39 <-- 0.837999 s
currentSize : 40 <-- 0.878778 s
currentSize : 41 <-- 0.883607 s
currentSize : 42 <-- 1.534859 s
currentSize : 43 <-- 1.550603 s

TIMEOUT
maxsize : 43
nodes : 204639799.000000
filtered : 1108537473.000000
time : 1000.000061
