Parameters: GAD=1 vflib=1 dir=0 label=0 vlabel=1 lowerbound=1 fileNameGp=../../cp2016-max-common-connected-subgraph-paper/datasets/graphsdb/mcs50/m2D/m2D/mcs50_m2D_s50.A09 fileNameGt=../../cp2016-max-common-connected-subgraph-paper/datasets/graphsdb/mcs50/m2D/m2D/mcs50_m2D_s50.B09
Reading graphs...
50 :  84
50 :  85
Initializing...
maxdom : 10
D->valSize : 352
Solving...
Blb : 3 (clique : 21)
currentSize : 21 <-- 0.002668 s
currentSize : 22 <-- 0.003385 s
currentSize : 23 <-- 0.077559 s
currentSize : 24 <-- 0.087393 s
currentSize : 25 <-- 0.449883 s
currentSize : 26 <-- 0.700969 s
currentSize : 27 <-- 110.903992 s

maxsize : 27
nodes : 45561501.000000
filtered : 479542208.000000
time : 216.465714
