Parameters: GAD=1 vflib=1 dir=0 label=0 vlabel=1 lowerbound=1 fileNameGp=../../cp2016-max-common-connected-subgraph-paper/datasets/graphsdb/mcs50/bvg/b09/mcs50_b09_s60.A04 fileNameGt=../../cp2016-max-common-connected-subgraph-paper/datasets/graphsdb/mcs50/bvg/b09/mcs50_b09_s60.B04
Reading graphs...
60 :  268
60 :  269
Initializing...
maxdom : 8
D->valSize : 250
Solving...
Blb : 2 (clique : 17)
currentSize : 17 <-- 0.001723 s
currentSize : 18 <-- 0.002222 s
currentSize : 19 <-- 0.002262 s
currentSize : 20 <-- 0.042174 s
currentSize : 21 <-- 0.053359 s
currentSize : 22 <-- 2.409513 s
currentSize : 26 <-- 4.180103 s
currentSize : 27 <-- 4.180331 s
currentSize : 28 <-- 4.181323 s
currentSize : 29 <-- 4.250139 s
currentSize : 30 <-- 4.251448 s

maxsize : 30
nodes : 1220103.000000
filtered : 7213504.000000
time : 5.454430
