Parameters: GAD=1 vflib=1 dir=0 label=0 vlabel=1 lowerbound=1 fileNameGp=../../cp2016-max-common-connected-subgraph-paper/datasets/graphsdb/mcs50/m3D/m3Dr6/mcs50_m3Dr6_s60.A06 fileNameGt=../../cp2016-max-common-connected-subgraph-paper/datasets/graphsdb/mcs50/m3D/m3Dr6/mcs50_m3Dr6_s60.B06
Reading graphs...
60 :  169
60 :  168
Initializing...
maxdom : 9
D->valSize : 275
Solving...
Blb : 2 (clique : 20)
currentSize : 20 <-- 0.001996 s
currentSize : 21 <-- 0.003014 s
currentSize : 22 <-- 0.004644 s
currentSize : 23 <-- 0.004778 s
currentSize : 24 <-- 0.005399 s
currentSize : 25 <-- 0.011669 s
currentSize : 26 <-- 0.246325 s
currentSize : 27 <-- 5.113457 s
currentSize : 28 <-- 5.162751 s
currentSize : 29 <-- 10.367919 s
currentSize : 30 <-- 10.384697 s

maxsize : 30
nodes : 3019409.000000
filtered : 24675080.000000
time : 14.136521
