Parameters: GAD=1 vflib=1 dir=0 label=0 vlabel=1 lowerbound=1 fileNameGp=../../cp2016-max-common-connected-subgraph-paper/datasets/graphsdb/mcs50/rand/r01/mcs50_r01_s80.A08 fileNameGt=../../cp2016-max-common-connected-subgraph-paper/datasets/graphsdb/mcs50/rand/r01/mcs50_r01_s80.B08
Reading graphs...
80 :  597
80 :  594
Initializing...
maxdom : 9
D->valSize : 446
Solving...
Blb : 2 (clique : 16)
currentSize : 16 <-- 0.004257 s
currentSize : 17 <-- 0.004441 s
currentSize : 18 <-- 0.008478 s
currentSize : 19 <-- 0.013089 s
currentSize : 20 <-- 0.138268 s
currentSize : 22 <-- 0.709287 s
currentSize : 23 <-- 0.715579 s
currentSize : 24 <-- 0.716917 s
currentSize : 25 <-- 1.867927 s
currentSize : 27 <-- 5.407331 s
currentSize : 28 <-- 5.422417 s
currentSize : 33 <-- 5.430421 s
currentSize : 37 <-- 12.051650 s
currentSize : 40 <-- 12.055267 s

maxsize : 40
nodes : 2316288.000000
filtered : 26034941.000000
time : 14.043949
