Parameters: GAD=1 vflib=1 dir=0 label=0 vlabel=1 lowerbound=1 fileNameGp=../../cp2016-max-common-connected-subgraph-paper/datasets/graphsdb/mcs50/bvg/b06m/mcs50_b06m_s70.A06 fileNameGt=../../cp2016-max-common-connected-subgraph-paper/datasets/graphsdb/mcs50/bvg/b06m/mcs50_b06m_s70.B06
Reading graphs...
70 :  207
70 :  206
Initializing...
maxdom : 7
D->valSize : 310
Solving...
Blb : 3 (clique : 23)
currentSize : 23 <-- 0.002452 s
currentSize : 25 <-- 0.002600 s
currentSize : 26 <-- 0.003672 s
currentSize : 27 <-- 0.030628 s
currentSize : 28 <-- 0.030643 s
currentSize : 29 <-- 0.128396 s
currentSize : 30 <-- 3.969349 s
currentSize : 31 <-- 14.991790 s
currentSize : 32 <-- 76.634430 s
currentSize : 33 <-- 163.529297 s
currentSize : 34 <-- 164.470779 s
currentSize : 35 <-- 514.710693 s

maxsize : 35
nodes : 122679060.000000
filtered : 984873763.000000
time : 619.280945
