Parameters: GAD=1 vflib=1 dir=0 label=0 vlabel=1 lowerbound=1 fileNameGp=../../cp2016-max-common-connected-subgraph-paper/datasets/graphsdb/mcs50/m2D/m2D/mcs50_m2D_s80.A01 fileNameGt=../../cp2016-max-common-connected-subgraph-paper/datasets/graphsdb/mcs50/m2D/m2D/mcs50_m2D_s80.B01
Reading graphs...
80 :  141
80 :  142
Initializing...
maxdom : 9
D->valSize : 440
Solving...
Blb : 2 (clique : 30)
currentSize : 30 <-- 0.007055 s
currentSize : 31 <-- 0.018981 s
currentSize : 32 <-- 0.030076 s
currentSize : 33 <-- 0.030188 s
currentSize : 34 <-- 0.078596 s
currentSize : 35 <-- 0.311491 s
currentSize : 36 <-- 1.084570 s
currentSize : 37 <-- 12.712063 s
currentSize : 38 <-- 143.926971 s
currentSize : 39 <-- 178.677689 s

TIMEOUT
maxsize : 39
nodes : 217311095.000000
filtered : 1363087338.000000
time : 1000.000061
