Parameters: GAD=1 vflib=1 dir=0 label=0 vlabel=1 lowerbound=1 fileNameGp=../../cp2016-max-common-connected-subgraph-paper/datasets/graphsdb/mcs50/bvg/b06/mcs50_b06_s70.A08 fileNameGt=../../cp2016-max-common-connected-subgraph-paper/datasets/graphsdb/mcs50/bvg/b06/mcs50_b06_s70.B08
Reading graphs...
70 :  209
70 :  210
Initializing...
maxdom : 8
D->valSize : 340
Solving...
Blb : 2 (clique : 23)
currentSize : 23 <-- 0.002835 s
currentSize : 24 <-- 0.003322 s
currentSize : 25 <-- 0.100023 s
currentSize : 26 <-- 0.703693 s
currentSize : 27 <-- 0.705748 s
currentSize : 28 <-- 0.766330 s
currentSize : 29 <-- 0.778275 s
currentSize : 32 <-- 1.145029 s
currentSize : 33 <-- 1.655825 s
currentSize : 35 <-- 3.418324 s
currentSize : 36 <-- 4.757113 s

maxsize : 36
nodes : 3594956.000000
filtered : 25119144.000000
time : 17.132074
