Parameters: GAD=1 vflib=1 dir=0 label=0 vlabel=1 lowerbound=1 fileNameGp=../../cp2016-max-common-connected-subgraph-paper/datasets/graphsdb/mcs50/bvg/b06/mcs50_b06_s70.A01 fileNameGt=../../cp2016-max-common-connected-subgraph-paper/datasets/graphsdb/mcs50/bvg/b06/mcs50_b06_s70.B01
Reading graphs...
70 :  208
70 :  208
Initializing...
maxdom : 7
D->valSize : 325
Solving...
Blb : 2 (clique : 23)
currentSize : 23 <-- 0.002596 s
currentSize : 24 <-- 0.002783 s
currentSize : 25 <-- 0.003188 s
currentSize : 26 <-- 0.003265 s
currentSize : 27 <-- 0.003392 s
currentSize : 28 <-- 0.003581 s
currentSize : 29 <-- 0.005032 s
currentSize : 30 <-- 0.010412 s
currentSize : 31 <-- 0.010561 s
currentSize : 34 <-- 0.024332 s
currentSize : 35 <-- 0.027192 s
currentSize : 36 <-- 4.658486 s
currentSize : 37 <-- 4.658771 s

maxsize : 37
nodes : 2129382.000000
filtered : 17313634.000000
time : 11.142255
