Parameters: GAD=1 vflib=1 dir=0 label=0 vlabel=1 lowerbound=1 fileNameGp=../../cp2016-max-common-connected-subgraph-paper/datasets/graphsdb/mcs50/rand/r02/mcs50_r02_s80.A05 fileNameGt=../../cp2016-max-common-connected-subgraph-paper/datasets/graphsdb/mcs50/rand/r02/mcs50_r02_s80.B05
Reading graphs...
80 :  1139
80 :  1133
Initializing...
maxdom : 10
D->valSize : 438
Solving...
Blb : 2 (clique : 9)
currentSize : 9 <-- 0.006054 s
currentSize : 10 <-- 0.006226 s
currentSize : 11 <-- 0.006570 s
currentSize : 12 <-- 0.013045 s
currentSize : 13 <-- 0.032395 s
currentSize : 14 <-- 0.125619 s
currentSize : 15 <-- 0.125861 s
currentSize : 18 <-- 0.155112 s
currentSize : 19 <-- 0.155210 s
currentSize : 23 <-- 0.238732 s
currentSize : 26 <-- 1.191461 s
currentSize : 27 <-- 1.210497 s
currentSize : 28 <-- 1.213885 s
currentSize : 40 <-- 1.214111 s

maxsize : 40
nodes : 229095.000000
filtered : 2779435.000000
time : 1.379231
