Parameters: GAD=1 vflib=1 dir=0 label=0 vlabel=1 lowerbound=1 fileNameGp=../../cp2016-max-common-connected-subgraph-paper/datasets/graphsdb/mcs50/m2D/m2Dr6/mcs50_m2Dr6_s60.A08 fileNameGt=../../cp2016-max-common-connected-subgraph-paper/datasets/graphsdb/mcs50/m2D/m2Dr6/mcs50_m2Dr6_s60.B08
Reading graphs...
60 :  140
60 :  137
Initializing...
maxdom : 6
D->valSize : 238
Solving...
Blb : 2 (clique : 18)
currentSize : 18 <-- 0.001689 s
currentSize : 19 <-- 0.001870 s
currentSize : 20 <-- 0.002070 s
currentSize : 21 <-- 0.002969 s
currentSize : 22 <-- 0.035587 s
currentSize : 23 <-- 0.054942 s
currentSize : 24 <-- 0.055131 s
currentSize : 25 <-- 0.111548 s
currentSize : 27 <-- 0.118929 s
currentSize : 28 <-- 1.099161 s
currentSize : 29 <-- 1.273269 s
currentSize : 30 <-- 5.984302 s

maxsize : 30
nodes : 5463872.000000
filtered : 41013782.000000
time : 23.255964
