Parameters: GAD=1 vflib=1 dir=0 label=0 vlabel=1 lowerbound=1 fileNameGp=../../cp2016-max-common-connected-subgraph-paper/datasets/graphsdb/mcs50/m3D/m3D/mcs50_m3D_s60.A06 fileNameGt=../../cp2016-max-common-connected-subgraph-paper/datasets/graphsdb/mcs50/m3D/m3D/mcs50_m3D_s60.B06
Reading graphs...
60 :  134
60 :  132
Initializing...
maxdom : 6
D->valSize : 229
Solving...
Blb : 2 (clique : 19)
currentSize : 19 <-- 0.001668 s
currentSize : 20 <-- 0.011535 s
currentSize : 21 <-- 0.056298 s
currentSize : 22 <-- 0.610229 s
currentSize : 23 <-- 1.078069 s
currentSize : 24 <-- 1.553615 s
currentSize : 25 <-- 1.682957 s
currentSize : 26 <-- 5.153827 s
currentSize : 27 <-- 8.406386 s
currentSize : 28 <-- 32.783222 s

maxsize : 28
nodes : 21942195.000000
filtered : 137204205.000000
time : 88.962662
