Parameters: GAD=1 vflib=1 dir=0 label=0 vlabel=1 lowerbound=1 fileNameGp=../../cp2016-max-common-connected-subgraph-paper/datasets/graphsdb/mcs50/rand/r01/mcs50_r01_s50.A08 fileNameGt=../../cp2016-max-common-connected-subgraph-paper/datasets/graphsdb/mcs50/rand/r01/mcs50_r01_s50.B08
Reading graphs...
50 :  229
50 :  227
Initializing...
maxdom : 10
D->valSize : 369
Solving...
Blb : 2 (clique : 15)
currentSize : 15 <-- 0.002664 s
currentSize : 16 <-- 0.002860 s
currentSize : 17 <-- 0.077599 s
currentSize : 18 <-- 0.084400 s
currentSize : 19 <-- 0.098504 s
currentSize : 21 <-- 0.099313 s
currentSize : 22 <-- 0.107602 s
currentSize : 23 <-- 1.426353 s
currentSize : 25 <-- 1.426406 s

maxsize : 25
nodes : 335223.000000
filtered : 4858526.000000
time : 1.700483
