Parameters: GAD=1 vflib=1 dir=0 label=0 vlabel=1 lowerbound=1 fileNameGp=../../cp2016-max-common-connected-subgraph-paper/datasets/graphsdb/mcs50/rand/r02/mcs50_r02_s80.A06 fileNameGt=../../cp2016-max-common-connected-subgraph-paper/datasets/graphsdb/mcs50/rand/r02/mcs50_r02_s80.B06
Reading graphs...
80 :  1133
80 :  1135
Initializing...
maxdom : 8
D->valSize : 435
Solving...
Blb : 2 (clique : 10)
currentSize : 10 <-- 0.004120 s
currentSize : 11 <-- 0.005076 s
currentSize : 12 <-- 0.009459 s
currentSize : 13 <-- 0.030773 s
currentSize : 14 <-- 0.067286 s
currentSize : 15 <-- 0.068297 s
currentSize : 16 <-- 1.350441 s
currentSize : 18 <-- 1.399117 s
currentSize : 21 <-- 1.548452 s
currentSize : 23 <-- 1.919228 s
currentSize : 28 <-- 1.923488 s
currentSize : 40 <-- 2.579484 s

maxsize : 40
nodes : 486585.000000
filtered : 4345433.000000
time : 2.769987
