Parameters: GAD=1 vflib=1 dir=0 label=0 vlabel=1 lowerbound=1 fileNameGp=../../cp2016-max-common-connected-subgraph-paper/datasets/graphsdb/mcs50/m2D/m2D/mcs50_m2D_s60.A00 fileNameGt=../../cp2016-max-common-connected-subgraph-paper/datasets/graphsdb/mcs50/m2D/m2D/mcs50_m2D_s60.B00
Reading graphs...
60 :  104
60 :  103
Initializing...
maxdom : 8
D->valSize : 238
Solving...
Blb : 2 (clique : 23)
currentSize : 23 <-- 0.001734 s
currentSize : 24 <-- 0.001873 s
currentSize : 25 <-- 0.021779 s
currentSize : 26 <-- 0.058005 s
currentSize : 27 <-- 1.211302 s
currentSize : 28 <-- 1.316058 s
currentSize : 29 <-- 1.413176 s
currentSize : 30 <-- 5.212786 s
currentSize : 31 <-- 8.122208 s

maxsize : 31
nodes : 2455925.000000
filtered : 13973560.000000
time : 9.711215
