Parameters: GAD=1 vflib=1 dir=0 label=0 vlabel=1 lowerbound=1 fileNameGp=../../cp2016-max-common-connected-subgraph-paper/datasets/graphsdb/mcs50/rand/r01/mcs50_r01_s80.A05 fileNameGt=../../cp2016-max-common-connected-subgraph-paper/datasets/graphsdb/mcs50/rand/r01/mcs50_r01_s80.B05
Reading graphs...
80 :  595
80 :  593
Initializing...
maxdom : 9
D->valSize : 442
Solving...
Blb : 2 (clique : 14)
currentSize : 14 <-- 0.004088 s
currentSize : 15 <-- 0.005210 s
currentSize : 16 <-- 0.034283 s
currentSize : 17 <-- 0.103685 s
currentSize : 19 <-- 0.234600 s
currentSize : 20 <-- 1.479979 s
currentSize : 21 <-- 2.555301 s
currentSize : 22 <-- 2.935606 s
currentSize : 24 <-- 3.970335 s
currentSize : 25 <-- 5.090930 s
currentSize : 27 <-- 5.119600 s
currentSize : 28 <-- 5.742778 s
currentSize : 30 <-- 5.742887 s
currentSize : 31 <-- 5.753587 s
currentSize : 32 <-- 6.643428 s
currentSize : 33 <-- 6.643516 s
currentSize : 40 <-- 7.137994 s

maxsize : 40
nodes : 1564805.000000
filtered : 13350274.000000
time : 8.463081
