Parameters: GAD=1 vflib=1 dir=0 label=0 vlabel=1 lowerbound=1 fileNameGp=../../cp2016-max-common-connected-subgraph-paper/datasets/graphsdb/mcs50/m2D/m2Dr6/mcs50_m2Dr6_s100.A00 fileNameGt=../../cp2016-max-common-connected-subgraph-paper/datasets/graphsdb/mcs50/m2D/m2Dr6/mcs50_m2Dr6_s100.B00
Reading graphs...
100 :  237
100 :  236
Initializing...
maxdom : 7
D->valSize : 370
Solving...
Blb : 2 (clique : 32)
currentSize : 32 <-- 0.003989 s
currentSize : 33 <-- 0.004685 s
currentSize : 34 <-- 0.013366 s
currentSize : 35 <-- 0.013675 s
currentSize : 36 <-- 0.014599 s
currentSize : 37 <-- 0.488091 s
currentSize : 38 <-- 0.847611 s
currentSize : 39 <-- 0.848086 s
currentSize : 40 <-- 1.055139 s
currentSize : 41 <-- 1.117048 s
currentSize : 42 <-- 1.742063 s
currentSize : 43 <-- 1.742629 s
currentSize : 44 <-- 3.324120 s
currentSize : 45 <-- 9.566520 s
currentSize : 46 <-- 10.325777 s
currentSize : 47 <-- 80.669525 s
currentSize : 48 <-- 84.503258 s
currentSize : 49 <-- 101.122910 s
currentSize : 50 <-- 114.181801 s

TIMEOUT
maxsize : 50
nodes : 192670538.000000
filtered : 767965720.000000
time : 1000.000122
