Parameters: GAD=1 vflib=1 dir=0 label=0 vlabel=1 lowerbound=1 fileNameGp=../../cp2016-max-common-connected-subgraph-paper/datasets/graphsdb/mcs50/bvg/b06m/mcs50_b06m_s50.A07 fileNameGt=../../cp2016-max-common-connected-subgraph-paper/datasets/graphsdb/mcs50/bvg/b06m/mcs50_b06m_s50.B07
Reading graphs...
50 :  146
50 :  147
Initializing...
maxdom : 9
D->valSize : 329
Solving...
Blb : 2 (clique : 18)
currentSize : 18 <-- 0.002268 s
currentSize : 19 <-- 0.010607 s
currentSize : 20 <-- 0.011497 s
currentSize : 21 <-- 0.131544 s
currentSize : 22 <-- 0.641527 s
currentSize : 23 <-- 5.041311 s
currentSize : 25 <-- 8.487626 s
currentSize : 26 <-- 8.499571 s
currentSize : 27 <-- 8.499733 s

maxsize : 27
nodes : 2671615.000000
filtered : 22328085.000000
time : 10.999790
