Parameters: GAD=1 vflib=1 dir=0 label=0 vlabel=1 lowerbound=1 fileNameGp=../../cp2016-max-common-connected-subgraph-paper/datasets/graphsdb/mcs50/rand/r005/mcs50_r005_s70.A00 fileNameGt=../../cp2016-max-common-connected-subgraph-paper/datasets/graphsdb/mcs50/rand/r005/mcs50_r005_s70.B00
Reading graphs...
70 :  233
70 :  232
Initializing...
maxdom : 8
D->valSize : 384
Solving...
Blb : 2 (clique : 24)
currentSize : 24 <-- 0.003214 s
currentSize : 25 <-- 0.061567 s
currentSize : 27 <-- 0.179010 s
currentSize : 28 <-- 0.185433 s
currentSize : 29 <-- 0.261306 s
currentSize : 31 <-- 0.261410 s
currentSize : 32 <-- 11.689857 s
currentSize : 33 <-- 11.689932 s
currentSize : 35 <-- 18.262955 s

maxsize : 35
nodes : 9119926.000000
filtered : 103642751.000000
time : 52.670631
