Parameters: GAD=1 vflib=1 dir=0 label=0 vlabel=1 lowerbound=1 fileNameGp=../../cp2016-max-common-connected-subgraph-paper/datasets/graphsdb/mcs50/bvg/b03m/mcs50_b03m_s80.A07 fileNameGt=../../cp2016-max-common-connected-subgraph-paper/datasets/graphsdb/mcs50/bvg/b03m/mcs50_b03m_s80.B07
Reading graphs...
80 :  120
80 :  120
Initializing...
maxdom : 9
D->valSize : 447
Solving...
Blb : 2 (clique : 39)
currentSize : 39 <-- 0.004524 s
currentSize : 40 <-- 0.005052 s
currentSize : 41 <-- 0.005357 s
currentSize : 42 <-- 0.005465 s
currentSize : 43 <-- 0.005603 s
currentSize : 44 <-- 0.005712 s
currentSize : 45 <-- 0.006089 s
currentSize : 46 <-- 0.006222 s
currentSize : 47 <-- 0.010382 s
currentSize : 48 <-- 1.139205 s

TIMEOUT
maxsize : 48
nodes : 201820629.000000
filtered : 1113320213.000000
time : 1000.000061
