Parameters: GAD=1 vflib=1 dir=0 label=0 vlabel=1 lowerbound=1 fileNameGp=../../cp2016-max-common-connected-subgraph-paper/datasets/graphsdb/mcs50/rand/r01/mcs50_r01_s60.A01 fileNameGt=../../cp2016-max-common-connected-subgraph-paper/datasets/graphsdb/mcs50/rand/r01/mcs50_r01_s60.B01
Reading graphs...
60 :  339
60 :  335
Initializing...
maxdom : 6
D->valSize : 242
Solving...
Blb : 2 (clique : 14)
currentSize : 14 <-- 0.001658 s
currentSize : 15 <-- 0.002068 s
currentSize : 16 <-- 0.002088 s
currentSize : 17 <-- 0.039621 s
currentSize : 18 <-- 0.080845 s
currentSize : 19 <-- 0.373972 s
currentSize : 20 <-- 0.380126 s
currentSize : 21 <-- 0.380252 s
currentSize : 23 <-- 0.621763 s
currentSize : 28 <-- 0.839892 s
currentSize : 30 <-- 0.840027 s

maxsize : 30
nodes : 205352.000000
filtered : 1388090.000000
time : 0.947077
