Parameters: GAD=1 vflib=1 dir=0 label=0 vlabel=1 lowerbound=1 fileNameGp=../../cp2016-max-common-connected-subgraph-paper/datasets/graphsdb/mcs50/rand/r005/mcs50_r005_s100.A00 fileNameGt=../../cp2016-max-common-connected-subgraph-paper/datasets/graphsdb/mcs50/rand/r005/mcs50_r005_s100.B00
Reading graphs...
100 :  486
100 :  485
Initializing...
maxdom : 6
D->valSize : 364
Solving...
Blb : 2 (clique : 32)
currentSize : 32 <-- 0.003577 s
currentSize : 33 <-- 0.003930 s
currentSize : 34 <-- 0.004091 s
currentSize : 35 <-- 0.004215 s
currentSize : 36 <-- 17.424919 s
currentSize : 38 <-- 17.432756 s
currentSize : 42 <-- 17.517700 s
currentSize : 50 <-- 71.554527 s

maxsize : 50
nodes : 14379297.000000
filtered : 111711246.000000
time : 91.511635
