Parameters: GAD=1 vflib=1 dir=0 label=0 vlabel=1 lowerbound=1 fileNameGp=../../cp2016-max-common-connected-subgraph-paper/datasets/graphsdb/mcs50/m2D/m2Dr4/mcs50_m2Dr4_s80.A06 fileNameGt=../../cp2016-max-common-connected-subgraph-paper/datasets/graphsdb/mcs50/m2D/m2Dr4/mcs50_m2Dr4_s80.B06
Reading graphs...
80 :  172
80 :  174
Initializing...
maxdom : 11
D->valSize : 474
Solving...
Blb : 5 (clique : 28)
currentSize : 28 <-- 0.004818 s
currentSize : 29 <-- 0.321379 s
currentSize : 30 <-- 6.694445 s
currentSize : 31 <-- 9.900590 s
currentSize : 32 <-- 12.888607 s
currentSize : 33 <-- 17.864902 s
currentSize : 34 <-- 372.502014 s

TIMEOUT
maxsize : 34
nodes : 222502049.000000
filtered : 1554856293.000000
time : 1000.000061
