Parameters: GAD=1 vflib=1 dir=0 label=0 vlabel=1 lowerbound=1 fileNameGp=../../cp2016-max-common-connected-subgraph-paper/datasets/graphsdb/mcs50/bvg/b06/mcs50_b06_s90.A00 fileNameGt=../../cp2016-max-common-connected-subgraph-paper/datasets/graphsdb/mcs50/bvg/b06/mcs50_b06_s90.B00
Reading graphs...
90 :  268
90 :  269
Initializing...
maxdom : 10
D->valSize : 560
Solving...
Blb : 2 (clique : 36)
currentSize : 36 <-- 0.011093 s
currentSize : 37 <-- 0.011732 s
currentSize : 38 <-- 0.019324 s
currentSize : 39 <-- 0.089775 s
currentSize : 41 <-- 8.474266 s
currentSize : 42 <-- 18.353537 s
currentSize : 43 <-- 35.157417 s
currentSize : 44 <-- 37.697754 s
currentSize : 45 <-- 619.336182 s
currentSize : 46 <-- 639.687866 s

TIMEOUT
maxsize : 46
nodes : 178496519.000000
filtered : 1361319447.000000
time : 1000.000061
