Parameters: GAD=1 vflib=1 dir=0 label=0 vlabel=1 lowerbound=1 fileNameGp=../../cp2016-max-common-connected-subgraph-paper/datasets/graphsdb/mcs50/rand/r005/mcs50_r005_s70.A01 fileNameGt=../../cp2016-max-common-connected-subgraph-paper/datasets/graphsdb/mcs50/rand/r005/mcs50_r005_s70.B01
Reading graphs...
70 :  235
70 :  235
Initializing...
maxdom : 8
D->valSize : 323
Solving...
Blb : 2 (clique : 23)
currentSize : 23 <-- 0.002546 s
currentSize : 24 <-- 0.002702 s
currentSize : 25 <-- 0.009395 s
currentSize : 26 <-- 3.090744 s
currentSize : 28 <-- 4.554448 s
currentSize : 29 <-- 13.287071 s
currentSize : 30 <-- 209.840286 s
currentSize : 31 <-- 209.840332 s
currentSize : 32 <-- 209.840378 s
currentSize : 35 <-- 211.857529 s

maxsize : 35
nodes : 49833294.000000
filtered : 389779259.000000
time : 247.300201
