Parameters: GAD=1 vflib=1 dir=0 label=0 vlabel=1 lowerbound=1 fileNameGp=../../cp2016-max-common-connected-subgraph-paper/datasets/graphsdb/mcs50/m2D/m2Dr2/mcs50_m2Dr2_s70.A00 fileNameGt=../../cp2016-max-common-connected-subgraph-paper/datasets/graphsdb/mcs50/m2D/m2Dr2/mcs50_m2Dr2_s70.B00
Reading graphs...
70 :  136
70 :  137
Initializing...
maxdom : 10
D->valSize : 349
Solving...
Blb : 2 (clique : 30)
currentSize : 30 <-- 0.004644 s
currentSize : 31 <-- 1.676053 s
currentSize : 32 <-- 4.748370 s
currentSize : 33 <-- 6.405194 s
currentSize : 34 <-- 11.496321 s
currentSize : 35 <-- 11.515448 s
currentSize : 36 <-- 74.109520 s
currentSize : 37 <-- 74.221825 s
currentSize : 38 <-- 76.495796 s

maxsize : 38
nodes : 32431021.000000
filtered : 205210669.000000
time : 152.876678
