Parameters: GAD=1 vflib=1 dir=0 label=0 vlabel=1 lowerbound=1 fileNameGp=../../cp2016-max-common-connected-subgraph-paper/datasets/graphsdb/mcs50/rand/r005/mcs50_r005_s100.A03 fileNameGt=../../cp2016-max-common-connected-subgraph-paper/datasets/graphsdb/mcs50/rand/r005/mcs50_r005_s100.B03
Reading graphs...
100 :  483
100 :  481
Initializing...
maxdom : 7
D->valSize : 378
Solving...
Blb : 2 (clique : 21)
currentSize : 21 <-- 0.003681 s
currentSize : 22 <-- 0.007056 s
currentSize : 23 <-- 0.007209 s
currentSize : 25 <-- 0.030185 s
currentSize : 26 <-- 0.204213 s
currentSize : 27 <-- 0.212409 s
currentSize : 28 <-- 0.244683 s
currentSize : 29 <-- 0.477737 s
currentSize : 30 <-- 1.300153 s
currentSize : 31 <-- 1.856798 s
currentSize : 32 <-- 3.266918 s
currentSize : 33 <-- 3.290368 s
currentSize : 34 <-- 4.562979 s
currentSize : 35 <-- 4.609968 s
currentSize : 36 <-- 8.356832 s
currentSize : 38 <-- 8.466796 s
currentSize : 39 <-- 9.610985 s
currentSize : 40 <-- 9.611512 s
currentSize : 44 <-- 30.765079 s
currentSize : 48 <-- 31.604204 s
currentSize : 50 <-- 33.577179 s

maxsize : 50
nodes : 10954718.000000
filtered : 80575863.000000
time : 68.291176
