Parameters: GAD=1 vflib=1 dir=0 label=0 vlabel=1 lowerbound=1 fileNameGp=../../cp2016-max-common-connected-subgraph-paper/datasets/graphsdb/mcs50/bvg/b03m/mcs50_b03m_s100.A09 fileNameGt=../../cp2016-max-common-connected-subgraph-paper/datasets/graphsdb/mcs50/bvg/b03m/mcs50_b03m_s100.B09
Reading graphs...
100 :  149
100 :  150
Initializing...
maxdom : 7
D->valSize : 325
Solving...
Blb : 2 (clique : 46)
currentSize : 46 <-- 0.003373 s
currentSize : 47 <-- 0.004874 s
currentSize : 48 <-- 0.006123 s
currentSize : 49 <-- 0.006243 s
currentSize : 50 <-- 0.026968 s
currentSize : 51 <-- 90.683029 s
currentSize : 52 <-- 90.683151 s
currentSize : 53 <-- 236.193680 s

TIMEOUT
maxsize : 53
nodes : 220585226.000000
filtered : 525806949.000000
time : 1000.000061
