Parameters: GAD=1 vflib=1 dir=0 label=0 vlabel=1 lowerbound=1 fileNameGp=../../cp2016-max-common-connected-subgraph-paper/datasets/graphsdb/mcs50/rand/r005/mcs50_r005_s90.A04 fileNameGt=../../cp2016-max-common-connected-subgraph-paper/datasets/graphsdb/mcs50/rand/r005/mcs50_r005_s90.B04
Reading graphs...
90 :  391
90 :  393
Initializing...
maxdom : 11
D->valSize : 553
Solving...
Blb : 2 (clique : 22)
currentSize : 22 <-- 0.006298 s
currentSize : 23 <-- 0.006508 s
currentSize : 24 <-- 0.006674 s
currentSize : 25 <-- 0.006974 s
currentSize : 26 <-- 0.037590 s
currentSize : 27 <-- 0.046065 s
currentSize : 28 <-- 20.798067 s
currentSize : 29 <-- 24.364742 s
currentSize : 30 <-- 207.528793 s
currentSize : 31 <-- 341.152679 s
currentSize : 32 <-- 559.147766 s

TIMEOUT
maxsize : 32
nodes : 176908236.000000
filtered : 1584008576.000000
time : 1000.000061
