Parameters: GAD=1 vflib=1 dir=0 label=0 vlabel=1 lowerbound=1 fileNameGp=../../cp2016-max-common-connected-subgraph-paper/datasets/graphsdb/mcs50/bvg/b03/mcs50_b03_s50.A09 fileNameGt=../../cp2016-max-common-connected-subgraph-paper/datasets/graphsdb/mcs50/bvg/b03/mcs50_b03_s50.B09
Reading graphs...
50 :  75
50 :  75
Initializing...
maxdom : 8
D->valSize : 303
Solving...
Blb : 2 (clique : 22)
currentSize : 22 <-- 0.003288 s
currentSize : 23 <-- 0.003542 s
currentSize : 24 <-- 1.261716 s
currentSize : 25 <-- 1.348613 s
currentSize : 26 <-- 3.887180 s
currentSize : 27 <-- 16.025997 s

maxsize : 27
nodes : 34957936.000000
filtered : 347762179.000000
time : 140.172287
