Parameters: GAD=1 vflib=1 dir=0 label=0 vlabel=1 lowerbound=1 fileNameGp=../../cp2016-max-common-connected-subgraph-paper/datasets/graphsdb/mcs50/bvg/b09m/mcs50_b09m_s80.A08 fileNameGt=../../cp2016-max-common-connected-subgraph-paper/datasets/graphsdb/mcs50/bvg/b09m/mcs50_b09m_s80.B08
Reading graphs...
80 :  351
80 :  351
Initializing...
maxdom : 10
D->valSize : 445
Solving...
Blb : 3 (clique : 24)
currentSize : 24 <-- 0.006970 s
currentSize : 25 <-- 0.090479 s
currentSize : 26 <-- 0.879450 s
currentSize : 27 <-- 1.360542 s
currentSize : 28 <-- 1.361081 s
currentSize : 29 <-- 1.559649 s
currentSize : 30 <-- 1.562633 s
currentSize : 31 <-- 1.562666 s
currentSize : 32 <-- 17.129580 s
currentSize : 35 <-- 28.351860 s
currentSize : 37 <-- 28.360352 s
currentSize : 38 <-- 28.360580 s
currentSize : 39 <-- 28.455418 s
currentSize : 40 <-- 28.495224 s
currentSize : 41 <-- 28.495403 s

maxsize : 41
nodes : 39612040.000000
filtered : 184035026.000000
time : 182.728775
