Parameters: GAD=1 vflib=1 dir=0 label=0 vlabel=1 lowerbound=1 fileNameGp=../../cp2016-max-common-connected-subgraph-paper/datasets/graphsdb/mcs50/bvg/b09m/mcs50_b09m_s100.A01 fileNameGt=../../cp2016-max-common-connected-subgraph-paper/datasets/graphsdb/mcs50/bvg/b09m/mcs50_b09m_s100.B01
Reading graphs...
100 :  436
100 :  438
Initializing...
maxdom : 8
D->valSize : 406
Solving...
Blb : 2 (clique : 30)
currentSize : 30 <-- 0.004255 s
currentSize : 31 <-- 0.010889 s
currentSize : 32 <-- 0.013285 s
currentSize : 33 <-- 0.013523 s
currentSize : 34 <-- 0.044139 s
currentSize : 35 <-- 0.044631 s
currentSize : 36 <-- 18.363672 s
currentSize : 38 <-- 18.376465 s
currentSize : 40 <-- 18.376600 s
currentSize : 41 <-- 19.384748 s
currentSize : 45 <-- 36.368256 s
currentSize : 48 <-- 36.381187 s
currentSize : 50 <-- 36.587471 s

maxsize : 50
nodes : 46322169.000000
filtered : 251855330.000000
time : 261.266022
