Parameters: GAD=1 vflib=1 dir=0 label=0 vlabel=1 lowerbound=1 fileNameGp=../../cp2016-max-common-connected-subgraph-paper/datasets/graphsdb/mcs50/rand/r02/mcs50_r02_s90.A06 fileNameGt=../../cp2016-max-common-connected-subgraph-paper/datasets/graphsdb/mcs50/rand/r02/mcs50_r02_s90.B06
Reading graphs...
90 :  1416
90 :  1436
Initializing...
maxdom : 10
D->valSize : 558
Solving...
Blb : 2 (clique : 9)
currentSize : 9 <-- 0.005994 s
currentSize : 10 <-- 0.006117 s
currentSize : 11 <-- 0.006180 s
currentSize : 12 <-- 0.016037 s
currentSize : 13 <-- 0.017513 s
currentSize : 14 <-- 0.114058 s
currentSize : 16 <-- 0.363576 s
currentSize : 17 <-- 0.539400 s
currentSize : 20 <-- 0.698620 s
currentSize : 22 <-- 1.083410 s
currentSize : 23 <-- 1.619755 s
currentSize : 31 <-- 1.621313 s
currentSize : 33 <-- 4.175444 s
currentSize : 45 <-- 4.175837 s

maxsize : 45
nodes : 685780.000000
filtered : 9972049.000000
time : 4.598521
