Parameters: GAD=1 vflib=1 dir=0 label=0 vlabel=1 lowerbound=1 fileNameGp=../../cp2016-max-common-connected-subgraph-paper/datasets/graphsdb/mcs50/bvg/b09/mcs50_b09_s70.A00 fileNameGt=../../cp2016-max-common-connected-subgraph-paper/datasets/graphsdb/mcs50/bvg/b09/mcs50_b09_s70.B00
Reading graphs...
70 :  312
70 :  311
Initializing...
maxdom : 9
D->valSize : 356
Solving...
Blb : 2 (clique : 20)
currentSize : 20 <-- 0.004522 s
currentSize : 21 <-- 0.041611 s
currentSize : 23 <-- 0.083157 s
currentSize : 24 <-- 0.083438 s
currentSize : 25 <-- 0.104293 s
currentSize : 26 <-- 0.111247 s
currentSize : 27 <-- 0.648453 s
currentSize : 29 <-- 0.649348 s
currentSize : 30 <-- 1.073393 s
currentSize : 31 <-- 1.284209 s
currentSize : 32 <-- 1.303622 s
currentSize : 33 <-- 1.304327 s
currentSize : 34 <-- 1.311894 s

maxsize : 34
nodes : 3412896.000000
filtered : 20958794.000000
time : 15.349169
