Parameters: GAD=1 vflib=1 dir=0 label=0 vlabel=1 lowerbound=1 fileNameGp=../../cp2016-max-common-connected-subgraph-paper/datasets/graphsdb/mcs50/rand/r01/mcs50_r01_s80.A03 fileNameGt=../../cp2016-max-common-connected-subgraph-paper/datasets/graphsdb/mcs50/rand/r01/mcs50_r01_s80.B03
Reading graphs...
80 :  598
80 :  609
Initializing...
maxdom : 11
D->valSize : 486
Solving...
Blb : 2 (clique : 14)
currentSize : 14 <-- 0.004692 s
currentSize : 15 <-- 0.004842 s
currentSize : 16 <-- 0.013076 s
currentSize : 17 <-- 0.015217 s
currentSize : 18 <-- 0.153230 s
currentSize : 19 <-- 1.595843 s
currentSize : 20 <-- 1.595952 s
currentSize : 21 <-- 3.905853 s
currentSize : 22 <-- 4.723802 s
currentSize : 24 <-- 4.746643 s
currentSize : 25 <-- 4.747133 s
currentSize : 27 <-- 6.655475 s
currentSize : 29 <-- 8.471863 s
currentSize : 31 <-- 8.483345 s
currentSize : 32 <-- 9.798153 s
currentSize : 35 <-- 9.798245 s
currentSize : 40 <-- 9.799056 s

maxsize : 40
nodes : 1924773.000000
filtered : 21058088.000000
time : 11.038520
