Parameters: GAD=1 vflib=1 dir=0 label=0 vlabel=1 lowerbound=1 fileNameGp=../../cp2016-max-common-connected-subgraph-paper/datasets/graphsdb/mcs50/m2D/m2Dr2/mcs50_m2Dr2_s50.A09 fileNameGt=../../cp2016-max-common-connected-subgraph-paper/datasets/graphsdb/mcs50/m2D/m2Dr2/mcs50_m2Dr2_s50.B09
Reading graphs...
50 :  95
50 :  95
Initializing...
maxdom : 9
D->valSize : 352
Solving...
Blb : 2 (clique : 21)
currentSize : 21 <-- 0.002614 s
currentSize : 22 <-- 0.002731 s
currentSize : 23 <-- 0.004319 s
currentSize : 24 <-- 0.007785 s
currentSize : 25 <-- 0.014073 s
currentSize : 26 <-- 0.054120 s
currentSize : 27 <-- 0.056918 s

maxsize : 27
nodes : 49300136.000000
filtered : 634892598.000000
time : 234.372726
