Parameters: GAD=1 vflib=1 dir=0 label=0 vlabel=1 lowerbound=1 fileNameGp=../../cp2016-max-common-connected-subgraph-paper/datasets/graphsdb/mcs50/rand/r01/mcs50_r01_s50.A01 fileNameGt=../../cp2016-max-common-connected-subgraph-paper/datasets/graphsdb/mcs50/rand/r01/mcs50_r01_s50.B01
Reading graphs...
50 :  233
50 :  230
Initializing...
maxdom : 11
D->valSize : 319
Solving...
Blb : 2 (clique : 14)
currentSize : 14 <-- 0.002183 s
currentSize : 15 <-- 0.002363 s
currentSize : 16 <-- 0.003858 s
currentSize : 17 <-- 0.015455 s
currentSize : 18 <-- 0.150472 s
currentSize : 19 <-- 0.157042 s
currentSize : 20 <-- 0.189800 s
currentSize : 21 <-- 0.312083 s
currentSize : 23 <-- 0.375826 s
currentSize : 24 <-- 0.423485 s
currentSize : 25 <-- 0.423553 s

maxsize : 25
nodes : 163432.000000
filtered : 1950540.000000
time : 0.723185
