Parameters: GAD=1 vflib=1 dir=0 label=0 vlabel=1 lowerbound=1 fileNameGp=../../cp2016-max-common-connected-subgraph-paper/datasets/graphsdb/mcs50/m2D/m2Dr4/mcs50_m2Dr4_s100.A01 fileNameGt=../../cp2016-max-common-connected-subgraph-paper/datasets/graphsdb/mcs50/m2D/m2Dr4/mcs50_m2Dr4_s100.B01
Reading graphs...
100 :  220
100 :  217
Initializing...
maxdom : 7
D->valSize : 349
Solving...
Blb : 2 (clique : 36)
currentSize : 36 <-- 0.003535 s
currentSize : 37 <-- 0.003828 s
currentSize : 38 <-- 0.004508 s
currentSize : 39 <-- 0.005333 s
currentSize : 40 <-- 0.010537 s
currentSize : 41 <-- 0.051962 s
currentSize : 42 <-- 50.264191 s
currentSize : 43 <-- 79.579559 s
currentSize : 44 <-- 79.652191 s
currentSize : 45 <-- 79.831482 s
currentSize : 46 <-- 103.430595 s

TIMEOUT
maxsize : 46
nodes : 212654289.000000
filtered : 549768001.000000
time : 1000.000061
