Parameters: GAD=1 vflib=1 dir=0 label=0 vlabel=1 lowerbound=1 fileNameGp=../../cp2016-max-common-connected-subgraph-paper/datasets/graphsdb/mcs50/m3D/m3Dr4/mcs50_m3Dr4_s50.A04 fileNameGt=../../cp2016-max-common-connected-subgraph-paper/datasets/graphsdb/mcs50/m3D/m3Dr4/mcs50_m3Dr4_s50.B04
Reading graphs...
50 :  127
50 :  128
Initializing...
maxdom : 8
D->valSize : 321
Solving...
Blb : 2 (clique : 19)
currentSize : 19 <-- 0.002209 s
currentSize : 20 <-- 0.017444 s
currentSize : 21 <-- 0.041573 s
currentSize : 22 <-- 0.181365 s
currentSize : 23 <-- 0.362271 s
currentSize : 24 <-- 2.549598 s
currentSize : 25 <-- 11.371691 s
currentSize : 26 <-- 40.523697 s
currentSize : 27 <-- 41.266300 s

maxsize : 27
nodes : 14202785.000000
filtered : 149566057.000000
time : 60.502453
