Parameters: GAD=1 vflib=1 dir=0 label=0 vlabel=1 lowerbound=1 fileNameGp=../../cp2016-max-common-connected-subgraph-paper/datasets/graphsdb/mcs50/bvg/b06/mcs50_b06_s60.A08 fileNameGt=../../cp2016-max-common-connected-subgraph-paper/datasets/graphsdb/mcs50/bvg/b06/mcs50_b06_s60.B08
Reading graphs...
60 :  180
60 :  179
Initializing...
maxdom : 8
D->valSize : 238
Solving...
Blb : 2 (clique : 16)
currentSize : 16 <-- 0.002572 s
currentSize : 17 <-- 0.002784 s
currentSize : 18 <-- 0.003212 s
currentSize : 19 <-- 0.004604 s
currentSize : 20 <-- 0.048670 s
currentSize : 21 <-- 0.108564 s
currentSize : 22 <-- 0.116398 s
currentSize : 23 <-- 0.159330 s
currentSize : 24 <-- 0.438014 s
currentSize : 25 <-- 0.438067 s
currentSize : 26 <-- 0.717257 s
currentSize : 28 <-- 0.903055 s
currentSize : 29 <-- 1.397957 s
currentSize : 30 <-- 2.323103 s

maxsize : 30
nodes : 1751152.000000
filtered : 10647327.000000
time : 7.363639
