Parameters: GAD=1 vflib=1 dir=0 label=0 vlabel=1 lowerbound=1 fileNameGp=../../cp2016-max-common-connected-subgraph-paper/datasets/graphsdb/mcs50/m3D/m3D/mcs50_m3D_s60.A03 fileNameGt=../../cp2016-max-common-connected-subgraph-paper/datasets/graphsdb/mcs50/m3D/m3D/mcs50_m3D_s60.B03
Reading graphs...
60 :  134
60 :  133
Initializing...
maxdom : 7
D->valSize : 241
Solving...
Blb : 2 (clique : 22)
currentSize : 22 <-- 0.001690 s
currentSize : 23 <-- 0.001840 s
currentSize : 24 <-- 0.004074 s
currentSize : 25 <-- 0.004160 s
currentSize : 26 <-- 0.012423 s
currentSize : 27 <-- 0.021050 s
currentSize : 28 <-- 0.066291 s
currentSize : 29 <-- 0.067843 s
currentSize : 30 <-- 0.195132 s

maxsize : 30
nodes : 8691573.000000
filtered : 44351247.000000
time : 35.800640
