Parameters: GAD=1 vflib=1 dir=0 label=0 vlabel=1 lowerbound=1 fileNameGp=../../cp2016-max-common-connected-subgraph-paper/datasets/graphsdb/mcs50/m3D/m3Dr2/mcs50_m3Dr2_s50.A08 fileNameGt=../../cp2016-max-common-connected-subgraph-paper/datasets/graphsdb/mcs50/m3D/m3Dr2/mcs50_m3Dr2_s50.B08
Reading graphs...
50 :  117
50 :  117
Initializing...
maxdom : 12
D->valSize : 341
Solving...
Blb : 2 (clique : 19)
currentSize : 19 <-- 0.002406 s
currentSize : 20 <-- 0.005570 s
currentSize : 21 <-- 0.012927 s
currentSize : 22 <-- 0.026564 s
currentSize : 23 <-- 0.353723 s
currentSize : 24 <-- 0.353789 s
currentSize : 25 <-- 0.470813 s
currentSize : 26 <-- 0.883809 s
currentSize : 27 <-- 10.231359 s
currentSize : 28 <-- 11.280894 s

maxsize : 28
nodes : 4863900.000000
filtered : 48189940.000000
time : 20.765100
