Parameters: GAD=1 vflib=1 dir=0 label=0 vlabel=1 lowerbound=1 fileNameGp=../../cp2016-max-common-connected-subgraph-paper/datasets/graphsdb/mcs50/m2D/m2Dr6/mcs50_m2Dr6_s50.A03 fileNameGt=../../cp2016-max-common-connected-subgraph-paper/datasets/graphsdb/mcs50/m2D/m2Dr6/mcs50_m2Dr6_s50.B03
Reading graphs...
50 :  112
50 :  112
Initializing...
maxdom : 9
D->valSize : 331
Solving...
Blb : 2 (clique : 17)
currentSize : 17 <-- 0.002386 s
currentSize : 18 <-- 0.003354 s
currentSize : 19 <-- 0.003851 s
currentSize : 20 <-- 0.005468 s
currentSize : 21 <-- 0.014667 s
currentSize : 22 <-- 0.597921 s
currentSize : 23 <-- 0.819578 s
currentSize : 24 <-- 1.577339 s
currentSize : 25 <-- 3.585758 s
currentSize : 26 <-- 5.246071 s
currentSize : 27 <-- 24.969408 s

maxsize : 27
nodes : 5813817.000000
filtered : 61850615.000000
time : 26.092049
