Parameters: GAD=1 vflib=1 dir=0 label=0 vlabel=1 lowerbound=1 fileNameGp=../../cp2016-max-common-connected-subgraph-paper/datasets/graphsdb/mcs50/bvg/b09m/mcs50_b09m_s50.A09 fileNameGt=../../cp2016-max-common-connected-subgraph-paper/datasets/graphsdb/mcs50/bvg/b09m/mcs50_b09m_s50.B09
Reading graphs...
50 :  217
50 :  214
Initializing...
maxdom : 9
D->valSize : 346
Solving...
Blb : 2 (clique : 16)
currentSize : 16 <-- 0.002413 s
currentSize : 17 <-- 0.032847 s
currentSize : 18 <-- 0.456551 s
currentSize : 19 <-- 10.147935 s
currentSize : 20 <-- 10.147980 s
currentSize : 22 <-- 10.149370 s
currentSize : 23 <-- 10.149436 s
currentSize : 24 <-- 10.154287 s
currentSize : 26 <-- 10.157398 s

maxsize : 26
nodes : 2732681.000000
filtered : 25107009.000000
time : 11.108146
