Parameters: GAD=1 vflib=1 dir=0 label=0 vlabel=1 lowerbound=1 fileNameGp=../../cp2016-max-common-connected-subgraph-paper/datasets/graphsdb/mcs50/bvg/b06/mcs50_b06_s60.A05 fileNameGt=../../cp2016-max-common-connected-subgraph-paper/datasets/graphsdb/mcs50/bvg/b06/mcs50_b06_s60.B05
Reading graphs...
60 :  178
60 :  180
Initializing...
maxdom : 5
D->valSize : 226
Solving...
Blb : 2 (clique : 21)
currentSize : 21 <-- 0.001509 s
currentSize : 22 <-- 0.001634 s
currentSize : 23 <-- 0.019911 s
currentSize : 24 <-- 0.347343 s
currentSize : 25 <-- 2.396712 s
currentSize : 26 <-- 2.603032 s
currentSize : 27 <-- 2.994714 s
currentSize : 28 <-- 2.995370 s
currentSize : 29 <-- 4.157304 s
currentSize : 30 <-- 4.297263 s
currentSize : 31 <-- 4.297312 s

maxsize : 31
nodes : 1622481.000000
filtered : 9836526.000000
time : 6.809012
