Parameters: GAD=1 vflib=1 dir=0 label=0 vlabel=1 lowerbound=1 fileNameGp=../../cp2016-max-common-connected-subgraph-paper/datasets/graphsdb/mcs50/bvg/b09/mcs50_b09_s90.A09 fileNameGt=../../cp2016-max-common-connected-subgraph-paper/datasets/graphsdb/mcs50/bvg/b09/mcs50_b09_s90.B09
Reading graphs...
90 :  401
90 :  399
Initializing...
maxdom : 9
D->valSize : 542
Solving...
Blb : 2 (clique : 24)
currentSize : 24 <-- 0.009492 s
currentSize : 25 <-- 0.048862 s
currentSize : 26 <-- 0.191321 s
currentSize : 27 <-- 4.541561 s
currentSize : 28 <-- 4.692978 s
currentSize : 29 <-- 16.714828 s
currentSize : 30 <-- 17.396780 s
currentSize : 31 <-- 50.152672 s
currentSize : 32 <-- 50.339996 s
currentSize : 33 <-- 159.617218 s
currentSize : 34 <-- 466.184418 s
currentSize : 35 <-- 467.774872 s
currentSize : 36 <-- 467.781982 s
currentSize : 37 <-- 467.931549 s
currentSize : 38 <-- 567.491028 s
currentSize : 39 <-- 567.517456 s
currentSize : 40 <-- 567.547363 s

TIMEOUT
maxsize : 40
nodes : 177771284.000000
filtered : 1456655744.000000
time : 1000.000061
