Parameters: GAD=1 vflib=1 dir=0 label=0 vlabel=1 lowerbound=1 fileNameGp=../../cp2016-max-common-connected-subgraph-paper/datasets/graphsdb/mcs50/rand/r005/mcs50_r005_s60.A00 fileNameGt=../../cp2016-max-common-connected-subgraph-paper/datasets/graphsdb/mcs50/rand/r005/mcs50_r005_s60.B00
Reading graphs...
60 :  172
60 :  173
Initializing...
maxdom : 6
D->valSize : 252
Solving...
Blb : 2 (clique : 22)
currentSize : 22 <-- 0.001785 s
currentSize : 23 <-- 0.006614 s
currentSize : 24 <-- 0.008015 s
currentSize : 25 <-- 0.008052 s
currentSize : 26 <-- 0.038063 s
currentSize : 27 <-- 0.073107 s
currentSize : 29 <-- 1.061203 s
currentSize : 30 <-- 2.368968 s

maxsize : 30
nodes : 1846790.000000
filtered : 15459735.000000
time : 8.814321
