Parameters: GAD=1 vflib=1 dir=0 label=0 vlabel=1 lowerbound=1 fileNameGp=../../cp2016-max-common-connected-subgraph-paper/datasets/graphsdb/mcs50/rand/r005/mcs50_r005_s60.A09 fileNameGt=../../cp2016-max-common-connected-subgraph-paper/datasets/graphsdb/mcs50/rand/r005/mcs50_r005_s60.B09
Reading graphs...
60 :  173
60 :  165
Initializing...
maxdom : 10
D->valSize : 253
Solving...
Blb : 2 (clique : 19)
currentSize : 19 <-- 0.001774 s
currentSize : 20 <-- 0.001894 s
currentSize : 21 <-- 0.077124 s
currentSize : 22 <-- 0.648211 s
currentSize : 23 <-- 1.534924 s
currentSize : 24 <-- 4.509576 s
currentSize : 25 <-- 12.747799 s
currentSize : 26 <-- 12.891127 s
currentSize : 27 <-- 12.972338 s
currentSize : 28 <-- 16.300299 s
currentSize : 29 <-- 16.740963 s
currentSize : 30 <-- 16.745596 s

maxsize : 30
nodes : 4311470.000000
filtered : 31608833.000000
time : 18.566477
