Parameters: GAD=1 vflib=1 dir=0 label=0 vlabel=1 lowerbound=1 fileNameGp=../../cp2016-max-common-connected-subgraph-paper/datasets/graphsdb/mcs50/bvg/b09m/mcs50_b09m_s70.A01 fileNameGt=../../cp2016-max-common-connected-subgraph-paper/datasets/graphsdb/mcs50/bvg/b09m/mcs50_b09m_s70.B01
Reading graphs...
70 :  311
70 :  308
Initializing...
maxdom : 9
D->valSize : 339
Solving...
Blb : 3 (clique : 20)
currentSize : 20 <-- 0.002759 s
currentSize : 21 <-- 0.004575 s
currentSize : 22 <-- 0.053564 s
currentSize : 23 <-- 50.533112 s
currentSize : 24 <-- 50.550274 s
currentSize : 25 <-- 74.693649 s
currentSize : 26 <-- 81.217232 s
currentSize : 27 <-- 81.219246 s
currentSize : 28 <-- 84.403954 s
currentSize : 29 <-- 84.499168 s
currentSize : 30 <-- 84.541222 s
currentSize : 31 <-- 84.541313 s
currentSize : 32 <-- 85.132767 s
currentSize : 33 <-- 85.133965 s
currentSize : 34 <-- 85.134041 s

maxsize : 34
nodes : 19324352.000000
filtered : 152628933.000000
time : 90.545944
