Parameters: GAD=1 vflib=1 dir=0 label=0 vlabel=1 lowerbound=1 fileNameGp=../../cp2016-max-common-connected-subgraph-paper/datasets/graphsdb/mcs50/bvg/b03/mcs50_b03_s60.A02 fileNameGt=../../cp2016-max-common-connected-subgraph-paper/datasets/graphsdb/mcs50/bvg/b03/mcs50_b03_s60.B02
Reading graphs...
60 :  90
60 :  88
Initializing...
maxdom : 9
D->valSize : 287
Solving...
Blb : 2 (clique : 25)
currentSize : 25 <-- 0.002215 s
currentSize : 26 <-- 0.002359 s
currentSize : 27 <-- 0.002546 s
currentSize : 28 <-- 0.003029 s
currentSize : 29 <-- 0.012179 s
currentSize : 30 <-- 0.494464 s
currentSize : 31 <-- 0.898537 s
currentSize : 32 <-- 3.019766 s
currentSize : 33 <-- 3.407192 s
currentSize : 34 <-- 6.571990 s

maxsize : 34
nodes : 7061410.000000
filtered : 42517232.000000
time : 31.189941
