Parameters: GAD=1 vflib=1 dir=0 label=0 vlabel=1 lowerbound=1 fileNameGp=../../cp2016-max-common-connected-subgraph-paper/datasets/graphsdb/mcs50/m2D/m2Dr4/mcs50_m2Dr4_s80.A04 fileNameGt=../../cp2016-max-common-connected-subgraph-paper/datasets/graphsdb/mcs50/m2D/m2Dr4/mcs50_m2Dr4_s80.B04
Reading graphs...
80 :  172
80 :  171
Initializing...
maxdom : 10
D->valSize : 404
Solving...
Blb : 2 (clique : 30)
currentSize : 30 <-- 0.003916 s
currentSize : 31 <-- 0.005627 s
currentSize : 32 <-- 7.410883 s
currentSize : 33 <-- 47.972553 s
currentSize : 34 <-- 50.934200 s
currentSize : 35 <-- 95.211685 s

TIMEOUT
maxsize : 35
nodes : 184942448.000000
filtered : 1516753122.000000
time : 1000.000061
