Parameters: GAD=1 vflib=1 dir=0 label=0 vlabel=1 lowerbound=1 fileNameGp=../../cp2016-max-common-connected-subgraph-paper/datasets/graphsdb/mcs50/bvg/b06m/mcs50_b06m_s70.A07 fileNameGt=../../cp2016-max-common-connected-subgraph-paper/datasets/graphsdb/mcs50/bvg/b06m/mcs50_b06m_s70.B07
Reading graphs...
70 :  209
70 :  209
Initializing...
maxdom : 7
D->valSize : 348
Solving...
Blb : 3 (clique : 24)
currentSize : 24 <-- 0.002809 s
currentSize : 25 <-- 0.266916 s
currentSize : 26 <-- 0.718913 s
currentSize : 27 <-- 0.972179 s
currentSize : 28 <-- 1.843709 s
currentSize : 29 <-- 4.360341 s
currentSize : 30 <-- 6.309344 s
currentSize : 31 <-- 20.363544 s
currentSize : 32 <-- 33.518749 s
currentSize : 33 <-- 33.519676 s
currentSize : 34 <-- 33.666321 s
currentSize : 35 <-- 44.399788 s
currentSize : 36 <-- 44.400364 s

maxsize : 36
nodes : 16878355.000000
filtered : 145332665.000000
time : 86.112038
