Parameters: GAD=1 vflib=1 dir=0 label=0 vlabel=1 lowerbound=1 fileNameGp=../../cp2016-max-common-connected-subgraph-paper/datasets/graphsdb/mcs50/bvg/b06/mcs50_b06_s80.A08 fileNameGt=../../cp2016-max-common-connected-subgraph-paper/datasets/graphsdb/mcs50/bvg/b06/mcs50_b06_s80.B08
Reading graphs...
80 :  240
80 :  240
Initializing...
maxdom : 10
D->valSize : 455
Solving...
Blb : 2 (clique : 27)
currentSize : 27 <-- 0.004392 s
currentSize : 31 <-- 0.004585 s
currentSize : 32 <-- 0.004641 s
currentSize : 33 <-- 132.935333 s
currentSize : 34 <-- 133.381210 s
currentSize : 35 <-- 508.269745 s
currentSize : 36 <-- 795.441956 s
currentSize : 37 <-- 806.587952 s
currentSize : 38 <-- 840.089233 s
currentSize : 39 <-- 995.184814 s
currentSize : 40 <-- 998.286682 s

TIMEOUT
maxsize : 40
nodes : 185936024.000000
filtered : 1474521535.000000
time : 1000.000061
