Parameters: GAD=1 vflib=1 dir=0 label=0 vlabel=1 lowerbound=1 fileNameGp=../../cp2016-max-common-connected-subgraph-paper/datasets/graphsdb/mcs50/bvg/b09/mcs50_b09_s100.A00 fileNameGt=../../cp2016-max-common-connected-subgraph-paper/datasets/graphsdb/mcs50/bvg/b09/mcs50_b09_s100.B00
Reading graphs...
100 :  445
100 :  448
Initializing...
maxdom : 6
D->valSize : 347
Solving...
Blb : 3 (clique : 26)
currentSize : 26 <-- 0.005281 s
currentSize : 27 <-- 0.089772 s
currentSize : 28 <-- 0.113245 s
currentSize : 29 <-- 0.314803 s
currentSize : 30 <-- 0.981876 s
currentSize : 31 <-- 1.318578 s
currentSize : 32 <-- 1.546903 s
currentSize : 33 <-- 2.907350 s
currentSize : 34 <-- 4.381560 s
currentSize : 35 <-- 4.384208 s
currentSize : 37 <-- 4.959390 s
currentSize : 38 <-- 10.255118 s
currentSize : 39 <-- 13.252916 s
currentSize : 40 <-- 13.256493 s
currentSize : 41 <-- 49.558529 s
currentSize : 43 <-- 58.038696 s
currentSize : 45 <-- 73.739326 s
currentSize : 46 <-- 73.832123 s
currentSize : 48 <-- 78.720169 s
currentSize : 50 <-- 79.559555 s

TIMEOUT
maxsize : 50
nodes : 202028400.000000
filtered : 727411464.000000
time : 1000.000122
