Parameters: GAD=1 vflib=1 dir=0 label=0 vlabel=1 lowerbound=1 fileNameGp=../../cp2016-max-common-connected-subgraph-paper/datasets/graphsdb/mcs50/rand/r005/mcs50_r005_s80.A01 fileNameGt=../../cp2016-max-common-connected-subgraph-paper/datasets/graphsdb/mcs50/rand/r005/mcs50_r005_s80.B01
Reading graphs...
80 :  312
80 :  308
Initializing...
maxdom : 9
D->valSize : 428
Solving...
Blb : 2 (clique : 19)
currentSize : 19 <-- 0.006607 s
currentSize : 20 <-- 0.007305 s
currentSize : 21 <-- 0.009404 s
currentSize : 22 <-- 0.009650 s
currentSize : 23 <-- 0.012984 s
currentSize : 24 <-- 0.018618 s
currentSize : 25 <-- 0.019833 s
currentSize : 26 <-- 0.051944 s
currentSize : 27 <-- 0.052324 s
currentSize : 28 <-- 13.694771 s
currentSize : 29 <-- 17.663649 s
currentSize : 30 <-- 17.663843 s
currentSize : 31 <-- 24.467867 s
currentSize : 32 <-- 24.474703 s
currentSize : 34 <-- 128.684525 s
currentSize : 35 <-- 192.083878 s
currentSize : 38 <-- 358.359161 s
currentSize : 40 <-- 358.359955 s

maxsize : 40
nodes : 67445272.000000
filtered : 786601403.000000
time : 422.814850
