Parameters: GAD=1 vflib=1 dir=0 label=0 vlabel=1 lowerbound=1 fileNameGp=../../cp2016-max-common-connected-subgraph-paper/datasets/graphsdb/mcs50/m2D/m2D/mcs50_m2D_s60.A08 fileNameGt=../../cp2016-max-common-connected-subgraph-paper/datasets/graphsdb/mcs50/m2D/m2D/mcs50_m2D_s60.B08
Reading graphs...
60 :  103
60 :  104
Initializing...
maxdom : 8
D->valSize : 257
Solving...
Blb : 2 (clique : 22)
currentSize : 22 <-- 0.002980 s
currentSize : 23 <-- 0.003239 s
currentSize : 24 <-- 0.003332 s
currentSize : 25 <-- 0.011637 s
currentSize : 26 <-- 0.042798 s
currentSize : 27 <-- 0.053381 s
currentSize : 28 <-- 0.077534 s
currentSize : 29 <-- 8.933863 s
currentSize : 30 <-- 35.291977 s

maxsize : 30
nodes : 15418916.000000
filtered : 125190714.000000
time : 74.654175
