Parameters: GAD=1 vflib=1 dir=0 label=0 vlabel=1 lowerbound=1 fileNameGp=../../cp2016-max-common-connected-subgraph-paper/datasets/graphsdb/mcs50/rand/r01/mcs50_r01_s50.A03 fileNameGt=../../cp2016-max-common-connected-subgraph-paper/datasets/graphsdb/mcs50/rand/r01/mcs50_r01_s50.B03
Reading graphs...
50 :  231
50 :  237
Initializing...
maxdom : 11
D->valSize : 340
Solving...
Blb : 2 (clique : 12)
currentSize : 12 <-- 0.002389 s
currentSize : 13 <-- 0.002476 s
currentSize : 15 <-- 0.002502 s
currentSize : 16 <-- 0.006224 s
currentSize : 17 <-- 0.009196 s
currentSize : 18 <-- 0.009581 s
currentSize : 19 <-- 0.010534 s
currentSize : 20 <-- 0.010965 s
currentSize : 21 <-- 0.048320 s
currentSize : 22 <-- 0.123024 s
currentSize : 23 <-- 0.130229 s
currentSize : 25 <-- 0.153493 s

maxsize : 25
nodes : 125240.000000
filtered : 1971478.000000
time : 0.638256
