Parameters: GAD=1 vflib=1 dir=0 label=0 vlabel=1 lowerbound=1 fileNameGp=../../cp2016-max-common-connected-subgraph-paper/datasets/graphsdb/mcs50/rand/r005/mcs50_r005_s80.A09 fileNameGt=../../cp2016-max-common-connected-subgraph-paper/datasets/graphsdb/mcs50/rand/r005/mcs50_r005_s80.B09
Reading graphs...
80 :  306
80 :  311
Initializing...
maxdom : 8
D->valSize : 424
Solving...
Blb : 2 (clique : 18)
currentSize : 18 <-- 0.003858 s
currentSize : 19 <-- 0.004008 s
currentSize : 20 <-- 0.004331 s
currentSize : 21 <-- 0.005119 s
currentSize : 22 <-- 0.050728 s
currentSize : 23 <-- 0.059220 s
currentSize : 24 <-- 0.382409 s
currentSize : 25 <-- 0.479959 s
currentSize : 26 <-- 0.688229 s
currentSize : 27 <-- 1.233069 s
currentSize : 28 <-- 24.844137 s
currentSize : 29 <-- 41.459557 s
currentSize : 30 <-- 59.103188 s
currentSize : 31 <-- 84.878960 s
currentSize : 32 <-- 110.269287 s
currentSize : 33 <-- 346.374664 s
currentSize : 35 <-- 353.692474 s
currentSize : 37 <-- 356.537476 s
currentSize : 40 <-- 371.457672 s

maxsize : 40
nodes : 91266241.000000
filtered : 943656327.000000
time : 534.998901
