Parameters: GAD=1 vflib=1 dir=0 label=0 vlabel=1 lowerbound=1 fileNameGp=../../cp2016-max-common-connected-subgraph-paper/datasets/graphsdb/mcs50/m2D/m2Dr6/mcs50_m2Dr6_s60.A01 fileNameGt=../../cp2016-max-common-connected-subgraph-paper/datasets/graphsdb/mcs50/m2D/m2Dr6/mcs50_m2Dr6_s60.B01
Reading graphs...
60 :  135
60 :  139
Initializing...
maxdom : 6
D->valSize : 223
Solving...
Blb : 3 (clique : 22)
currentSize : 22 <-- 0.001568 s
currentSize : 23 <-- 0.027603 s
currentSize : 24 <-- 0.576472 s
currentSize : 25 <-- 5.034446 s
currentSize : 26 <-- 14.081486 s
currentSize : 27 <-- 15.036474 s
currentSize : 28 <-- 35.163231 s
currentSize : 29 <-- 35.176231 s

maxsize : 29
nodes : 23834216.000000
filtered : 114777898.000000
time : 91.739029
