Parameters: GAD=1 vflib=1 dir=0 label=0 vlabel=1 lowerbound=1 fileNameGp=../../cp2016-max-common-connected-subgraph-paper/datasets/graphsdb/mcs50/m2D/m2Dr6/mcs50_m2Dr6_s70.A07 fileNameGt=../../cp2016-max-common-connected-subgraph-paper/datasets/graphsdb/mcs50/m2D/m2Dr6/mcs50_m2Dr6_s70.B07
Reading graphs...
70 :  165
70 :  164
Initializing...
maxdom : 7
D->valSize : 316
Solving...
Blb : 2 (clique : 29)
currentSize : 29 <-- 0.002713 s
currentSize : 30 <-- 0.003031 s
currentSize : 32 <-- 0.007752 s
currentSize : 35 <-- 0.012113 s
currentSize : 36 <-- 0.025940 s
currentSize : 37 <-- 0.077248 s
currentSize : 38 <-- 0.090867 s
currentSize : 39 <-- 0.174075 s

maxsize : 39
nodes : 26738439.000000
filtered : 137646030.000000
time : 124.380592
