Parameters: GAD=1 vflib=1 dir=0 label=0 vlabel=1 lowerbound=1 fileNameGp=../../cp2016-max-common-connected-subgraph-paper/datasets/graphsdb/mcs50/rand/r01/mcs50_r01_s90.A03 fileNameGt=../../cp2016-max-common-connected-subgraph-paper/datasets/graphsdb/mcs50/rand/r01/mcs50_r01_s90.B03
Reading graphs...
90 :  754
90 :  757
Initializing...
maxdom : 9
D->valSize : 510
Solving...
Blb : 2 (clique : 16)
currentSize : 16 <-- 0.008568 s
currentSize : 17 <-- 0.009853 s
currentSize : 18 <-- 0.023060 s
currentSize : 19 <-- 0.025952 s
currentSize : 20 <-- 1.869877 s
currentSize : 21 <-- 6.999392 s
currentSize : 22 <-- 7.028791 s
currentSize : 24 <-- 7.030388 s
currentSize : 26 <-- 10.869405 s
currentSize : 27 <-- 11.181946 s
currentSize : 30 <-- 11.187372 s
currentSize : 32 <-- 11.189746 s
currentSize : 34 <-- 20.427048 s
currentSize : 38 <-- 24.649708 s
currentSize : 45 <-- 25.935612 s

maxsize : 45
nodes : 4542670.000000
filtered : 53800852.000000
time : 28.540581
