Parameters: GAD=1 vflib=1 dir=0 label=0 vlabel=1 lowerbound=1 fileNameGp=../../cp2016-max-common-connected-subgraph-paper/datasets/graphsdb/mcs50/m2D/m2Dr2/mcs50_m2Dr2_s70.A08 fileNameGt=../../cp2016-max-common-connected-subgraph-paper/datasets/graphsdb/mcs50/m2D/m2Dr2/mcs50_m2Dr2_s70.B08
Reading graphs...
70 :  137
70 :  137
Initializing...
maxdom : 6
D->valSize : 318
Solving...
Blb : 3 (clique : 26)
currentSize : 26 <-- 0.002528 s
currentSize : 27 <-- 0.002799 s
currentSize : 28 <-- 0.003040 s
currentSize : 29 <-- 0.026302 s
currentSize : 30 <-- 78.657074 s
currentSize : 31 <-- 154.525894 s
currentSize : 32 <-- 177.838486 s
currentSize : 33 <-- 178.025909 s
currentSize : 34 <-- 178.306244 s
currentSize : 35 <-- 446.332092 s
currentSize : 36 <-- 446.360687 s
currentSize : 37 <-- 446.498169 s
currentSize : 38 <-- 446.519836 s
currentSize : 39 <-- 568.980652 s
currentSize : 40 <-- 568.993835 s

maxsize : 40
nodes : 204630241.000000
filtered : 1333395587.000000
time : 935.020630
