Parameters: GAD=1 vflib=1 dir=0 label=0 vlabel=1 lowerbound=1 fileNameGp=../../cp2016-max-common-connected-subgraph-paper/datasets/graphsdb/mcs50/m2D/m2Dr6/mcs50_m2Dr6_s50.A09 fileNameGt=../../cp2016-max-common-connected-subgraph-paper/datasets/graphsdb/mcs50/m2D/m2Dr6/mcs50_m2Dr6_s50.B09
Reading graphs...
50 :  112
50 :  111
Initializing...
maxdom : 11
D->valSize : 363
Solving...
Blb : 2 (clique : 19)
currentSize : 19 <-- 0.002716 s
currentSize : 20 <-- 0.004271 s
currentSize : 21 <-- 0.005678 s
currentSize : 22 <-- 0.005838 s
currentSize : 23 <-- 0.010530 s
currentSize : 24 <-- 0.010995 s
currentSize : 25 <-- 0.173090 s
currentSize : 26 <-- 0.173224 s
currentSize : 27 <-- 0.173454 s
currentSize : 28 <-- 4.320234 s

maxsize : 28
nodes : 7160295.000000
filtered : 96665854.000000
time : 34.701801
