Parameters: GAD=1 vflib=1 dir=0 label=0 vlabel=1 lowerbound=1 fileNameGp=../../cp2016-max-common-connected-subgraph-paper/datasets/graphsdb/mcs50/rand/r01/mcs50_r01_s70.A01 fileNameGt=../../cp2016-max-common-connected-subgraph-paper/datasets/graphsdb/mcs50/rand/r01/mcs50_r01_s70.B01
Reading graphs...
70 :  444
70 :  451
Initializing...
maxdom : 7
D->valSize : 329
Solving...
Blb : 5 (clique : 15)
currentSize : 15 <-- 0.004152 s
currentSize : 16 <-- 0.004801 s
currentSize : 17 <-- 0.020201 s
currentSize : 18 <-- 0.048317 s
currentSize : 20 <-- 0.058528 s
currentSize : 21 <-- 0.060278 s
currentSize : 22 <-- 0.090836 s
currentSize : 24 <-- 0.091429 s
currentSize : 26 <-- 0.197761 s
currentSize : 27 <-- 0.577461 s
currentSize : 29 <-- 0.954941 s
currentSize : 35 <-- 1.187609 s

maxsize : 35
nodes : 287673.000000
filtered : 3068934.000000
time : 1.638053
