Parameters: GAD=1 vflib=1 dir=0 label=0 vlabel=1 lowerbound=1 fileNameGp=../../cp2016-max-common-connected-subgraph-paper/datasets/graphsdb/mcs50/bvg/b09m/mcs50_b09m_s80.A05 fileNameGt=../../cp2016-max-common-connected-subgraph-paper/datasets/graphsdb/mcs50/bvg/b09m/mcs50_b09m_s80.B05
Reading graphs...
80 :  354
80 :  355
Initializing...
maxdom : 10
D->valSize : 438
Solving...
Blb : 2 (clique : 35)
currentSize : 35 <-- 0.004146 s
currentSize : 36 <-- 0.004357 s
currentSize : 37 <-- 0.004402 s
currentSize : 38 <-- 0.004807 s
currentSize : 39 <-- 0.004975 s
currentSize : 40 <-- 0.044212 s

maxsize : 40
nodes : 42845109.000000
filtered : 184299254.000000
time : 194.371277
