Parameters: GAD=1 vflib=1 dir=0 label=0 vlabel=1 lowerbound=1 fileNameGp=../../cp2016-max-common-connected-subgraph-paper/datasets/graphsdb/mcs50/bvg/b06/mcs50_b06_s70.A02 fileNameGt=../../cp2016-max-common-connected-subgraph-paper/datasets/graphsdb/mcs50/bvg/b06/mcs50_b06_s70.B02
Reading graphs...
70 :  209
70 :  207
Initializing...
maxdom : 9
D->valSize : 345
Solving...
Blb : 2 (clique : 24)
currentSize : 24 <-- 0.002823 s
currentSize : 25 <-- 0.003538 s
currentSize : 26 <-- 0.008831 s
currentSize : 27 <-- 0.091800 s
currentSize : 28 <-- 0.834428 s
currentSize : 29 <-- 0.839646 s
currentSize : 30 <-- 0.843317 s
currentSize : 31 <-- 0.844269 s
currentSize : 32 <-- 0.893567 s
currentSize : 35 <-- 1.409090 s
currentSize : 36 <-- 1.739770 s

maxsize : 36
nodes : 15854436.000000
filtered : 132990677.000000
time : 78.117271
