Parameters: GAD=1 vflib=1 dir=0 label=0 vlabel=1 lowerbound=1 fileNameGp=../../cp2016-max-common-connected-subgraph-paper/datasets/graphsdb/mcs50/m2D/m2Dr6/mcs50_m2Dr6_s70.A06 fileNameGt=../../cp2016-max-common-connected-subgraph-paper/datasets/graphsdb/mcs50/m2D/m2Dr6/mcs50_m2Dr6_s70.B06
Reading graphs...
70 :  164
70 :  163
Initializing...
maxdom : 10
D->valSize : 313
Solving...
Blb : 3 (clique : 29)
currentSize : 29 <-- 0.003920 s
currentSize : 30 <-- 0.444207 s
currentSize : 31 <-- 0.444459 s
currentSize : 32 <-- 16.513668 s
currentSize : 33 <-- 16.518183 s
currentSize : 34 <-- 17.628405 s
currentSize : 35 <-- 166.740463 s
currentSize : 36 <-- 167.143341 s

maxsize : 36
nodes : 49230884.000000
filtered : 200216713.000000
time : 199.076004
