Parameters: GAD=1 vflib=1 dir=0 label=0 vlabel=1 lowerbound=1 fileNameGp=../../cp2016-max-common-connected-subgraph-paper/datasets/graphsdb/mcs50/rand/r01/mcs50_r01_s70.A06 fileNameGt=../../cp2016-max-common-connected-subgraph-paper/datasets/graphsdb/mcs50/rand/r01/mcs50_r01_s70.B06
Reading graphs...
70 :  460
70 :  448
Initializing...
maxdom : 7
D->valSize : 336
Solving...
Blb : 2 (clique : 14)
currentSize : 14 <-- 0.002655 s
currentSize : 15 <-- 0.002792 s
currentSize : 16 <-- 0.007073 s
currentSize : 17 <-- 0.024371 s
currentSize : 18 <-- 0.244959 s
currentSize : 19 <-- 0.355462 s
currentSize : 20 <-- 0.478827 s
currentSize : 21 <-- 0.478880 s
currentSize : 24 <-- 0.554852 s
currentSize : 26 <-- 0.751812 s
currentSize : 28 <-- 0.865779 s
currentSize : 29 <-- 0.866437 s
currentSize : 32 <-- 0.866532 s
currentSize : 35 <-- 1.005512 s

maxsize : 35
nodes : 328803.000000
filtered : 2763863.000000
time : 1.645760
