Parameters: GAD=1 vflib=1 dir=0 label=0 vlabel=1 lowerbound=1 fileNameGp=../../cp2016-max-common-connected-subgraph-paper/datasets/graphsdb/mcs50/rand/r005/mcs50_r005_s90.A01 fileNameGt=../../cp2016-max-common-connected-subgraph-paper/datasets/graphsdb/mcs50/rand/r005/mcs50_r005_s90.B01
Reading graphs...
90 :  390
90 :  392
Initializing...
maxdom : 9
D->valSize : 539
Solving...
Blb : 2 (clique : 22)
currentSize : 22 <-- 0.009849 s
currentSize : 23 <-- 0.010145 s
currentSize : 24 <-- 0.010436 s
currentSize : 25 <-- 0.081950 s
currentSize : 26 <-- 0.215195 s
currentSize : 27 <-- 0.256320 s
currentSize : 28 <-- 42.134377 s
currentSize : 29 <-- 78.647293 s
currentSize : 30 <-- 228.359207 s
currentSize : 31 <-- 408.111877 s
currentSize : 32 <-- 819.612793 s

TIMEOUT
maxsize : 32
nodes : 178034980.000000
filtered : 1472660420.000000
time : 1000.000000
