Parameters: GAD=1 vflib=1 dir=0 label=0 vlabel=1 lowerbound=1 fileNameGp=../../cp2016-max-common-connected-subgraph-paper/datasets/graphsdb/mcs50/rand/r005/mcs50_r005_s60.A02 fileNameGt=../../cp2016-max-common-connected-subgraph-paper/datasets/graphsdb/mcs50/rand/r005/mcs50_r005_s60.B02
Reading graphs...
60 :  169
60 :  172
Initializing...
maxdom : 7
D->valSize : 256
Solving...
Blb : 2 (clique : 17)
currentSize : 17 <-- 0.001815 s
currentSize : 18 <-- 0.001945 s
currentSize : 19 <-- 0.002047 s
currentSize : 20 <-- 0.002768 s
currentSize : 21 <-- 0.009264 s
currentSize : 22 <-- 0.042951 s
currentSize : 23 <-- 0.543741 s
currentSize : 24 <-- 0.545187 s
currentSize : 25 <-- 0.804584 s
currentSize : 26 <-- 2.127591 s
currentSize : 27 <-- 2.432429 s
currentSize : 29 <-- 9.156899 s
currentSize : 30 <-- 9.157349 s
currentSize : 31 <-- 9.292375 s

maxsize : 31
nodes : 2220012.000000
filtered : 18974991.000000
time : 10.370616
