Parameters: GAD=1 vflib=1 dir=0 label=0 vlabel=1 lowerbound=1 fileNameGp=../../cp2016-max-common-connected-subgraph-paper/datasets/graphsdb/mcs50/bvg/b06/mcs50_b06_s40.A00 fileNameGt=../../cp2016-max-common-connected-subgraph-paper/datasets/graphsdb/mcs50/bvg/b06/mcs50_b06_s40.B00
Reading graphs...
40 :  120
40 :  115
Initializing...
maxdom : 7
D->valSize : 213
Solving...
Blb : 2 (clique : 13)
currentSize : 13 <-- 0.001828 s
currentSize : 14 <-- 0.003930 s
currentSize : 15 <-- 0.007098 s
currentSize : 16 <-- 0.413398 s
currentSize : 17 <-- 0.617092 s
currentSize : 18 <-- 0.617134 s
currentSize : 19 <-- 0.617568 s
currentSize : 20 <-- 0.617690 s

maxsize : 20
nodes : 320931.000000
filtered : 2263137.000000
time : 1.125193
