Parameters: GAD=1 vflib=1 dir=0 label=0 vlabel=1 lowerbound=1 fileNameGp=../../cp2016-max-common-connected-subgraph-paper/datasets/graphsdb/mcs50/bvg/b06/mcs50_b06_s80.A00 fileNameGt=../../cp2016-max-common-connected-subgraph-paper/datasets/graphsdb/mcs50/bvg/b06/mcs50_b06_s80.B00
Reading graphs...
80 :  237
80 :  239
Initializing...
maxdom : 8
D->valSize : 392
Solving...
Blb : 2 (clique : 29)
currentSize : 29 <-- 0.005632 s
currentSize : 30 <-- 0.006187 s
currentSize : 31 <-- 0.006363 s
currentSize : 33 <-- 0.006690 s
currentSize : 34 <-- 0.007289 s
currentSize : 35 <-- 0.309140 s
currentSize : 36 <-- 22.353338 s
currentSize : 37 <-- 22.435411 s
currentSize : 38 <-- 104.207268 s
currentSize : 39 <-- 135.824203 s
currentSize : 40 <-- 135.866241 s
currentSize : 41 <-- 379.130463 s

maxsize : 41
nodes : 90339214.000000
filtered : 789136167.000000
time : 526.605591
