Parameters: GAD=1 vflib=1 dir=0 label=0 vlabel=1 lowerbound=1 fileNameGp=../../cp2016-max-common-connected-subgraph-paper/datasets/graphsdb/mcs50/m2D/m2Dr2/mcs50_m2Dr2_s80.A06 fileNameGt=../../cp2016-max-common-connected-subgraph-paper/datasets/graphsdb/mcs50/m2D/m2Dr2/mcs50_m2Dr2_s80.B06
Reading graphs...
80 :  157
80 :  156
Initializing...
maxdom : 9
D->valSize : 426
Solving...
Blb : 2 (clique : 28)
currentSize : 28 <-- 0.004160 s
currentSize : 29 <-- 0.004975 s
currentSize : 30 <-- 0.006860 s
currentSize : 31 <-- 0.010300 s
currentSize : 32 <-- 0.089486 s
currentSize : 33 <-- 1.341821 s
currentSize : 34 <-- 15.404561 s
currentSize : 35 <-- 74.235603 s
currentSize : 36 <-- 75.484085 s

TIMEOUT
maxsize : 36
nodes : 207513590.000000
filtered : 1452195631.000000
time : 1000.000061
