Parameters: GAD=1 vflib=1 dir=0 label=0 vlabel=1 lowerbound=1 fileNameGp=../../cp2016-max-common-connected-subgraph-paper/datasets/graphsdb/mcs50/m2D/m2D/mcs50_m2D_s70.A04 fileNameGt=../../cp2016-max-common-connected-subgraph-paper/datasets/graphsdb/mcs50/m2D/m2D/mcs50_m2D_s70.B04
Reading graphs...
70 :  121
70 :  123
Initializing...
maxdom : 7
D->valSize : 324
Solving...
Blb : 2 (clique : 30)
currentSize : 30 <-- 0.004314 s
currentSize : 31 <-- 0.116090 s
currentSize : 32 <-- 3.854530 s
currentSize : 33 <-- 4.265707 s
currentSize : 34 <-- 6.065744 s
currentSize : 35 <-- 16.673241 s
currentSize : 36 <-- 28.182356 s
currentSize : 37 <-- 28.182758 s
currentSize : 38 <-- 48.960049 s
currentSize : 40 <-- 158.571808 s

maxsize : 40
nodes : 173831662.000000
filtered : 1171354857.000000
time : 837.934387
