Parameters: GAD=1 vflib=1 dir=0 label=0 vlabel=1 lowerbound=1 fileNameGp=../../cp2016-max-common-connected-subgraph-paper/datasets/graphsdb/mcs50/m2D/m2Dr6/mcs50_m2Dr6_s60.A06 fileNameGt=../../cp2016-max-common-connected-subgraph-paper/datasets/graphsdb/mcs50/m2D/m2Dr6/mcs50_m2Dr6_s60.B06
Reading graphs...
60 :  139
60 :  137
Initializing...
maxdom : 8
D->valSize : 260
Solving...
Blb : 3 (clique : 18)
currentSize : 18 <-- 0.001902 s
currentSize : 19 <-- 0.002027 s
currentSize : 20 <-- 0.003640 s
currentSize : 21 <-- 0.005162 s
currentSize : 22 <-- 0.013426 s
currentSize : 23 <-- 0.044932 s
currentSize : 24 <-- 2.475021 s
currentSize : 25 <-- 3.584142 s
currentSize : 27 <-- 3.584530 s
currentSize : 28 <-- 9.255092 s

maxsize : 28
nodes : 3673072.000000
filtered : 27245058.000000
time : 15.610262
