Parameters: GAD=1 vflib=1 dir=0 label=0 vlabel=1 lowerbound=1 fileNameGp=../../cp2016-max-common-connected-subgraph-paper/datasets/graphsdb/mcs50/rand/r02/mcs50_r02_s70.A09 fileNameGt=../../cp2016-max-common-connected-subgraph-paper/datasets/graphsdb/mcs50/rand/r02/mcs50_r02_s70.B09
Reading graphs...
70 :  877
70 :  862
Initializing...
maxdom : 9
D->valSize : 344
Solving...
Blb : 5 (clique : 10)
currentSize : 10 <-- 0.002801 s
currentSize : 11 <-- 0.002910 s
currentSize : 12 <-- 0.016176 s
currentSize : 13 <-- 0.028920 s
currentSize : 14 <-- 0.151879 s
currentSize : 15 <-- 0.166172 s
currentSize : 20 <-- 0.176540 s
currentSize : 21 <-- 0.253676 s
currentSize : 26 <-- 0.256909 s
currentSize : 35 <-- 0.304757 s

maxsize : 35
nodes : 79947.000000
filtered : 681688.000000
time : 0.389660
