Parameters: GAD=1 vflib=1 dir=0 label=0 vlabel=1 lowerbound=1 fileNameGp=../../cp2016-max-common-connected-subgraph-paper/datasets/graphsdb/mcs50/m2D/m2Dr2/mcs50_m2Dr2_s70.A03 fileNameGt=../../cp2016-max-common-connected-subgraph-paper/datasets/graphsdb/mcs50/m2D/m2Dr2/mcs50_m2Dr2_s70.B03
Reading graphs...
70 :  135
70 :  135
Initializing...
maxdom : 8
D->valSize : 349
Solving...
Blb : 2 (clique : 24)
currentSize : 24 <-- 0.002951 s
currentSize : 25 <-- 0.038674 s
currentSize : 26 <-- 0.054037 s
currentSize : 27 <-- 0.090848 s
currentSize : 28 <-- 0.231839 s
currentSize : 29 <-- 0.786272 s
currentSize : 30 <-- 3.580803 s
currentSize : 31 <-- 26.156351 s
currentSize : 32 <-- 29.383863 s
currentSize : 33 <-- 56.887741 s
currentSize : 34 <-- 56.910736 s
currentSize : 35 <-- 92.665558 s
currentSize : 36 <-- 92.666451 s
currentSize : 37 <-- 92.689896 s
currentSize : 38 <-- 92.752136 s
currentSize : 39 <-- 92.757515 s
currentSize : 40 <-- 115.900162 s
currentSize : 41 <-- 115.942963 s

maxsize : 41
nodes : 87484239.000000
filtered : 564375818.000000
time : 394.029999
