Parameters: GAD=1 vflib=1 dir=0 label=0 vlabel=1 lowerbound=1 fileNameGp=../../cp2016-max-common-connected-subgraph-paper/datasets/graphsdb/mcs50/m2D/m2Dr2/mcs50_m2Dr2_s90.A08 fileNameGt=../../cp2016-max-common-connected-subgraph-paper/datasets/graphsdb/mcs50/m2D/m2Dr2/mcs50_m2Dr2_s90.B08
Reading graphs...
90 :  178
90 :  178
Initializing...
maxdom : 12
D->valSize : 579
Solving...
Blb : 2 (clique : 37)
currentSize : 37 <-- 0.007145 s
currentSize : 38 <-- 0.007448 s
currentSize : 39 <-- 0.011990 s
currentSize : 41 <-- 0.089707 s
currentSize : 42 <-- 1.765589 s
currentSize : 43 <-- 171.668823 s

TIMEOUT
maxsize : 43
nodes : 175317884.000000
filtered : 1483794296.000000
time : 1000.000061
