Parameters: GAD=1 vflib=1 dir=0 label=0 vlabel=1 lowerbound=1 fileNameGp=../../cp2016-max-common-connected-subgraph-paper/datasets/graphsdb/mcs50/rand/r005/mcs50_r005_s60.A03 fileNameGt=../../cp2016-max-common-connected-subgraph-paper/datasets/graphsdb/mcs50/rand/r005/mcs50_r005_s60.B03
Reading graphs...
60 :  174
60 :  171
Initializing...
maxdom : 8
D->valSize : 250
Solving...
Blb : 2 (clique : 19)
currentSize : 19 <-- 0.002814 s
currentSize : 20 <-- 0.003397 s
currentSize : 21 <-- 0.003627 s
currentSize : 22 <-- 0.003865 s
currentSize : 23 <-- 0.269384 s
currentSize : 25 <-- 0.353698 s
currentSize : 26 <-- 0.359210 s
currentSize : 27 <-- 0.359370 s
currentSize : 28 <-- 0.459670 s
currentSize : 29 <-- 0.459920 s
currentSize : 30 <-- 0.798688 s
currentSize : 31 <-- 2.130909 s

maxsize : 31
nodes : 1008390.000000
filtered : 6388919.000000
time : 4.469848
