Parameters: GAD=1 vflib=1 dir=0 label=0 vlabel=1 lowerbound=1 fileNameGp=../../cp2016-max-common-connected-subgraph-paper/datasets/graphsdb/mcs50/bvg/b09/mcs50_b09_s60.A09 fileNameGt=../../cp2016-max-common-connected-subgraph-paper/datasets/graphsdb/mcs50/bvg/b09/mcs50_b09_s60.B09
Reading graphs...
60 :  268
60 :  264
Initializing...
maxdom : 8
D->valSize : 246
Solving...
Blb : 2 (clique : 13)
currentSize : 13 <-- 0.001752 s
currentSize : 14 <-- 0.001853 s
currentSize : 15 <-- 0.002353 s
currentSize : 16 <-- 0.002450 s
currentSize : 17 <-- 0.009369 s
currentSize : 18 <-- 0.047091 s
currentSize : 19 <-- 0.219073 s
currentSize : 20 <-- 0.263302 s
currentSize : 21 <-- 0.985609 s
currentSize : 22 <-- 1.566327 s
currentSize : 23 <-- 2.360131 s
currentSize : 26 <-- 2.360195 s
currentSize : 28 <-- 2.378774 s
currentSize : 31 <-- 2.381631 s

maxsize : 31
nodes : 753556.000000
filtered : 4369408.000000
time : 3.085435
