Parameters: GAD=1 vflib=1 dir=0 label=0 vlabel=1 lowerbound=1 fileNameGp=../../cp2016-max-common-connected-subgraph-paper/datasets/graphsdb/mcs50/bvg/b06m/mcs50_b06m_s80.A07 fileNameGt=../../cp2016-max-common-connected-subgraph-paper/datasets/graphsdb/mcs50/bvg/b06m/mcs50_b06m_s80.B07
Reading graphs...
80 :  238
80 :  240
Initializing...
maxdom : 10
D->valSize : 402
Solving...
Blb : 2 (clique : 24)
currentSize : 24 <-- 0.003719 s
currentSize : 25 <-- 0.093105 s
currentSize : 26 <-- 0.119516 s
currentSize : 27 <-- 0.132657 s
currentSize : 28 <-- 7.713467 s
currentSize : 29 <-- 7.714202 s
currentSize : 31 <-- 34.064167 s
currentSize : 32 <-- 34.064224 s
currentSize : 33 <-- 34.168537 s
currentSize : 34 <-- 218.662567 s
currentSize : 35 <-- 219.845856 s
currentSize : 36 <-- 326.990265 s
currentSize : 37 <-- 358.517761 s
currentSize : 38 <-- 358.702148 s
currentSize : 39 <-- 364.806061 s
currentSize : 40 <-- 364.811157 s
currentSize : 41 <-- 365.266449 s

maxsize : 41
nodes : 91953022.000000
filtered : 757511717.000000
time : 496.967987
