Parameters: GAD=1 vflib=1 dir=0 label=0 vlabel=1 lowerbound=1 fileNameGp=../../cp2016-max-common-connected-subgraph-paper/datasets/graphsdb/mcs50/bvg/b06m/mcs50_b06m_s70.A03 fileNameGt=../../cp2016-max-common-connected-subgraph-paper/datasets/graphsdb/mcs50/bvg/b06m/mcs50_b06m_s70.B03
Reading graphs...
70 :  209
70 :  208
Initializing...
maxdom : 7
D->valSize : 313
Solving...
Blb : 3 (clique : 25)
currentSize : 25 <-- 0.002420 s
currentSize : 26 <-- 0.568128 s
currentSize : 27 <-- 3.337543 s
currentSize : 28 <-- 3.337848 s
currentSize : 29 <-- 3.338248 s
currentSize : 30 <-- 4.868712 s
currentSize : 31 <-- 10.960881 s
currentSize : 32 <-- 13.746610 s
currentSize : 33 <-- 19.116728 s
currentSize : 34 <-- 19.116892 s
currentSize : 35 <-- 19.117058 s

maxsize : 35
nodes : 12768495.000000
filtered : 78683473.000000
time : 56.216141
