Parameters: GAD=1 vflib=1 dir=0 label=0 vlabel=1 lowerbound=1 fileNameGp=../../cp2016-max-common-connected-subgraph-paper/datasets/graphsdb/mcs50/rand/r005/mcs50_r005_s50.A07 fileNameGt=../../cp2016-max-common-connected-subgraph-paper/datasets/graphsdb/mcs50/rand/r005/mcs50_r005_s50.B07
Reading graphs...
50 :  118
50 :  119
Initializing...
maxdom : 10
D->valSize : 319
Solving...
Blb : 2 (clique : 18)
currentSize : 18 <-- 0.002243 s
currentSize : 19 <-- 0.002357 s
currentSize : 20 <-- 0.003340 s
currentSize : 21 <-- 0.256585 s
currentSize : 22 <-- 0.480987 s
currentSize : 23 <-- 17.816832 s
currentSize : 24 <-- 39.643616 s
currentSize : 25 <-- 114.643768 s

maxsize : 25
nodes : 40296058.000000
filtered : 450085318.000000
time : 165.475647
