Parameters: GAD=1 vflib=1 dir=0 label=0 vlabel=1 lowerbound=1 fileNameGp=../../cp2016-max-common-connected-subgraph-paper/datasets/graphsdb/mcs50/rand/r01/mcs50_r01_s40.A05 fileNameGt=../../cp2016-max-common-connected-subgraph-paper/datasets/graphsdb/mcs50/rand/r01/mcs50_r01_s40.B05
Reading graphs...
40 :  148
40 :  148
Initializing...
maxdom : 9
D->valSize : 230
Solving...
Blb : 2 (clique : 11)
currentSize : 11 <-- 0.001318 s
currentSize : 12 <-- 0.001405 s
currentSize : 13 <-- 0.001498 s
currentSize : 14 <-- 0.007220 s
currentSize : 15 <-- 0.047470 s
currentSize : 16 <-- 0.116895 s
currentSize : 18 <-- 0.299783 s
currentSize : 19 <-- 0.300018 s
currentSize : 20 <-- 0.301008 s

maxsize : 20
nodes : 118410.000000
filtered : 986544.000000
time : 0.440703
