Parameters: GAD=1 vflib=1 dir=0 label=0 vlabel=1 lowerbound=1 fileNameGp=../../cp2016-max-common-connected-subgraph-paper/datasets/graphsdb/mcs50/m2D/m2Dr6/mcs50_m2Dr6_s90.A03 fileNameGt=../../cp2016-max-common-connected-subgraph-paper/datasets/graphsdb/mcs50/m2D/m2Dr6/mcs50_m2Dr6_s90.B03
Reading graphs...
90 :  209
90 :  209
Initializing...
maxdom : 11
D->valSize : 539
Solving...
Blb : 2 (clique : 28)
currentSize : 28 <-- 0.006231 s
currentSize : 29 <-- 0.006481 s
currentSize : 30 <-- 0.006622 s
currentSize : 31 <-- 0.011184 s
currentSize : 32 <-- 0.056440 s
currentSize : 33 <-- 0.100091 s
currentSize : 34 <-- 0.807213 s
currentSize : 35 <-- 1.614033 s
currentSize : 36 <-- 96.441414 s
currentSize : 37 <-- 793.268982 s

TIMEOUT
maxsize : 37
nodes : 201558530.000000
filtered : 1505432834.000000
time : 1000.000061
