Parameters: GAD=1 vflib=1 dir=0 label=0 vlabel=1 lowerbound=1 fileNameGp=../../cp2016-max-common-connected-subgraph-paper/datasets/graphsdb/mcs50/bvg/b06/mcs50_b06_s35.A00 fileNameGt=../../cp2016-max-common-connected-subgraph-paper/datasets/graphsdb/mcs50/bvg/b06/mcs50_b06_s35.B00
Reading graphs...
35 :  103
35 :  101
Initializing...
maxdom : 7
D->valSize : 162
Solving...
Blb : 2 (clique : 11)
currentSize : 11 <-- 0.000794 s
currentSize : 12 <-- 0.000985 s
currentSize : 13 <-- 0.001612 s
currentSize : 14 <-- 0.003028 s
currentSize : 15 <-- 0.009243 s
currentSize : 16 <-- 0.016609 s
currentSize : 17 <-- 0.029332 s
currentSize : 18 <-- 0.041068 s

maxsize : 18
nodes : 16204.000000
filtered : 109251.000000
time : 0.052480
