Parameters: GAD=1 vflib=1 dir=0 label=0 vlabel=1 lowerbound=1 fileNameGp=../../cp2016-max-common-connected-subgraph-paper/datasets/graphsdb/mcs50/bvg/b03/mcs50_b03_s80.A02 fileNameGt=../../cp2016-max-common-connected-subgraph-paper/datasets/graphsdb/mcs50/bvg/b03/mcs50_b03_s80.B02
Reading graphs...
80 :  120
80 :  120
Initializing...
maxdom : 8
D->valSize : 450
Solving...
Blb : 5 (clique : 33)
currentSize : 33 <-- 0.007826 s
currentSize : 35 <-- 0.008194 s
currentSize : 36 <-- 0.008455 s
currentSize : 37 <-- 0.011199 s
currentSize : 38 <-- 0.090478 s
currentSize : 39 <-- 1.536388 s
currentSize : 40 <-- 69.006805 s

TIMEOUT
maxsize : 40
nodes : 163161739.000000
filtered : 1505400239.000000
time : 1000.000061
