Parameters: GAD=1 vflib=1 dir=0 label=0 vlabel=1 lowerbound=1 fileNameGp=../../cp2016-max-common-connected-subgraph-paper/datasets/graphsdb/mcs50/bvg/b09m/mcs50_b09m_s90.A04 fileNameGt=../../cp2016-max-common-connected-subgraph-paper/datasets/graphsdb/mcs50/bvg/b09m/mcs50_b09m_s90.B04
Reading graphs...
90 :  394
90 :  398
Initializing...
maxdom : 11
D->valSize : 487
Solving...
Blb : 2 (clique : 20)
currentSize : 20 <-- 0.005109 s
currentSize : 21 <-- 0.005366 s
currentSize : 22 <-- 0.010541 s
currentSize : 23 <-- 0.075396 s
currentSize : 24 <-- 0.170788 s
currentSize : 25 <-- 0.521462 s
currentSize : 26 <-- 35.889950 s
currentSize : 27 <-- 739.271729 s
currentSize : 28 <-- 741.448975 s

TIMEOUT
maxsize : 28
nodes : 193790665.000000
filtered : 1456258882.000000
time : 1000.000061
