Parameters: GAD=1 vflib=1 dir=0 label=0 vlabel=1 lowerbound=1 fileNameGp=../../cp2016-max-common-connected-subgraph-paper/datasets/graphsdb/mcs50/m2D/m2Dr6/mcs50_m2Dr6_s50.A00 fileNameGt=../../cp2016-max-common-connected-subgraph-paper/datasets/graphsdb/mcs50/m2D/m2Dr6/mcs50_m2Dr6_s50.B00
Reading graphs...
50 :  113
50 :  111
Initializing...
maxdom : 12
D->valSize : 333
Solving...
Blb : 2 (clique : 20)
currentSize : 20 <-- 0.002378 s
currentSize : 21 <-- 0.002517 s
currentSize : 22 <-- 0.002620 s
currentSize : 24 <-- 0.005384 s
currentSize : 25 <-- 0.006285 s
currentSize : 26 <-- 0.082332 s
currentSize : 27 <-- 0.270144 s

maxsize : 27
nodes : 3068237.000000
filtered : 44303374.000000
time : 14.535784
