Parameters: GAD=1 vflib=1 dir=0 label=0 vlabel=1 lowerbound=1 fileNameGp=../../cp2016-max-common-connected-subgraph-paper/datasets/graphsdb/mcs50/bvg/b03m/mcs50_b03m_s70.A01 fileNameGt=../../cp2016-max-common-connected-subgraph-paper/datasets/graphsdb/mcs50/bvg/b03m/mcs50_b03m_s70.B01
Reading graphs...
70 :  105
70 :  105
Initializing...
maxdom : 11
D->valSize : 365
Solving...
Blb : 2 (clique : 33)
currentSize : 33 <-- 0.003180 s
currentSize : 34 <-- 0.003500 s
currentSize : 35 <-- 0.003951 s
currentSize : 36 <-- 0.005052 s
currentSize : 37 <-- 0.016756 s
currentSize : 38 <-- 0.025777 s
currentSize : 39 <-- 1.267944 s
currentSize : 40 <-- 1.276566 s
currentSize : 41 <-- 1.575271 s
currentSize : 42 <-- 4.201630 s

TIMEOUT
maxsize : 42
nodes : 209047384.000000
filtered : 1486217673.000000
time : 1000.000061
