Parameters: GAD=1 vflib=1 dir=0 label=0 vlabel=1 lowerbound=1 fileNameGp=../../cp2016-max-common-connected-subgraph-paper/datasets/graphsdb/mcs50/m2D/m2D/mcs50_m2D_s80.A02 fileNameGt=../../cp2016-max-common-connected-subgraph-paper/datasets/graphsdb/mcs50/m2D/m2D/mcs50_m2D_s80.B02
Reading graphs...
80 :  141
80 :  142
Initializing...
maxdom : 9
D->valSize : 417
Solving...
Blb : 2 (clique : 28)
currentSize : 28 <-- 0.003972 s
currentSize : 29 <-- 0.004164 s
currentSize : 30 <-- 0.050654 s
currentSize : 31 <-- 0.082656 s
currentSize : 32 <-- 0.281151 s
currentSize : 33 <-- 7.895431 s
currentSize : 34 <-- 120.783684 s
currentSize : 35 <-- 173.647430 s
currentSize : 36 <-- 897.589722 s

TIMEOUT
maxsize : 36
nodes : 222800069.000000
filtered : 1432110505.000000
time : 1000.000061
