Parameters: GAD=1 vflib=1 dir=0 label=0 vlabel=1 lowerbound=1 fileNameGp=../../cp2016-max-common-connected-subgraph-paper/datasets/graphsdb/mcs50/m3D/m3Dr2/mcs50_m3Dr2_s50.A02 fileNameGt=../../cp2016-max-common-connected-subgraph-paper/datasets/graphsdb/mcs50/m3D/m3Dr2/mcs50_m3Dr2_s50.B02
Reading graphs...
50 :  116
50 :  116
Initializing...
maxdom : 11
D->valSize : 372
Solving...
Blb : 2 (clique : 17)
currentSize : 17 <-- 0.002775 s
currentSize : 18 <-- 0.012095 s
currentSize : 19 <-- 0.052437 s
currentSize : 20 <-- 0.079453 s
currentSize : 21 <-- 0.112604 s
currentSize : 22 <-- 0.380231 s
currentSize : 23 <-- 0.941489 s
currentSize : 24 <-- 2.597116 s
currentSize : 25 <-- 4.195399 s
currentSize : 26 <-- 5.867174 s
currentSize : 27 <-- 5.867539 s
currentSize : 28 <-- 5.945235 s
currentSize : 29 <-- 5.947829 s

maxsize : 29
nodes : 1809002.000000
filtered : 24798073.000000
time : 9.136847
