Parameters: GAD=1 vflib=1 dir=0 label=0 vlabel=1 lowerbound=1 fileNameGp=../../cp2016-max-common-connected-subgraph-paper/datasets/graphsdb/mcs50/rand/r005/mcs50_r005_s90.A06 fileNameGt=../../cp2016-max-common-connected-subgraph-paper/datasets/graphsdb/mcs50/rand/r005/mcs50_r005_s90.B06
Reading graphs...
90 :  388
90 :  381
Initializing...
maxdom : 10
D->valSize : 564
Solving...
Blb : 2 (clique : 26)
currentSize : 26 <-- 0.006590 s
currentSize : 27 <-- 0.203710 s
currentSize : 28 <-- 0.424430 s
currentSize : 29 <-- 0.428737 s
currentSize : 30 <-- 29.842321 s
currentSize : 31 <-- 75.082916 s
currentSize : 32 <-- 81.324615 s
currentSize : 37 <-- 90.876129 s
currentSize : 38 <-- 106.918655 s
currentSize : 39 <-- 106.937134 s
currentSize : 41 <-- 107.013290 s
currentSize : 45 <-- 107.013412 s

maxsize : 45
nodes : 56149079.000000
filtered : 738360440.000000
time : 394.527618
