Parameters: GAD=1 vflib=1 dir=0 label=0 vlabel=1 lowerbound=1 fileNameGp=../../cp2016-max-common-connected-subgraph-paper/datasets/graphsdb/mcs50/bvg/b09/mcs50_b09_s80.A09 fileNameGt=../../cp2016-max-common-connected-subgraph-paper/datasets/graphsdb/mcs50/bvg/b09/mcs50_b09_s80.B09
Reading graphs...
80 :  358
80 :  358
Initializing...
maxdom : 9
D->valSize : 456
Solving...
Blb : 2 (clique : 26)
currentSize : 26 <-- 0.004319 s
currentSize : 27 <-- 0.004658 s
currentSize : 30 <-- 0.005760 s
currentSize : 31 <-- 0.005805 s
currentSize : 32 <-- 0.005902 s
currentSize : 39 <-- 3.344503 s
currentSize : 41 <-- 3.344623 s

maxsize : 41
nodes : 72869498.000000
filtered : 413180141.000000
time : 352.607819
