Parameters: GAD=1 vflib=1 dir=0 label=0 vlabel=1 lowerbound=1 fileNameGp=../../cp2016-max-common-connected-subgraph-paper/datasets/graphsdb/mcs50/m2D/m2D/mcs50_m2D_s90.A01 fileNameGt=../../cp2016-max-common-connected-subgraph-paper/datasets/graphsdb/mcs50/m2D/m2D/mcs50_m2D_s90.B01
Reading graphs...
90 :  160
90 :  160
Initializing...
maxdom : 10
D->valSize : 542
Solving...
Blb : 2 (clique : 40)
currentSize : 40 <-- 0.006359 s
currentSize : 41 <-- 0.020052 s
currentSize : 42 <-- 0.042000 s
currentSize : 43 <-- 0.056132 s
currentSize : 44 <-- 0.074851 s
currentSize : 45 <-- 0.152631 s
currentSize : 46 <-- 5.437908 s
currentSize : 47 <-- 5.438731 s
currentSize : 48 <-- 6.074937 s
currentSize : 49 <-- 199.552979 s
currentSize : 50 <-- 728.216492 s

TIMEOUT
maxsize : 50
nodes : 202171618.000000
filtered : 977528842.000000
time : 1000.000122
