Parameters: GAD=1 vflib=1 dir=0 label=0 vlabel=1 lowerbound=1 fileNameGp=../../cp2016-max-common-connected-subgraph-paper/datasets/graphsdb/mcs50/m2D/m2Dr6/mcs50_m2Dr6_s60.A02 fileNameGt=../../cp2016-max-common-connected-subgraph-paper/datasets/graphsdb/mcs50/m2D/m2Dr6/mcs50_m2Dr6_s60.B02
Reading graphs...
60 :  137
60 :  134
Initializing...
maxdom : 7
D->valSize : 267
Solving...
Blb : 2 (clique : 19)
currentSize : 19 <-- 0.001938 s
currentSize : 20 <-- 0.004699 s
currentSize : 21 <-- 0.044605 s
currentSize : 22 <-- 0.049695 s
currentSize : 23 <-- 0.318577 s
currentSize : 24 <-- 1.205083 s
currentSize : 25 <-- 42.647560 s
currentSize : 26 <-- 313.441772 s
currentSize : 27 <-- 426.267273 s
currentSize : 28 <-- 429.731354 s
currentSize : 29 <-- 429.731689 s

maxsize : 29
nodes : 134861158.000000
filtered : 1053114412.000000
time : 566.758179
