Parameters: GAD=1 vflib=1 dir=0 label=0 vlabel=1 lowerbound=1 fileNameGp=../../cp2016-max-common-connected-subgraph-paper/datasets/graphsdb/mcs50/m2D/m2Dr6/mcs50_m2Dr6_s50.A02 fileNameGt=../../cp2016-max-common-connected-subgraph-paper/datasets/graphsdb/mcs50/m2D/m2Dr6/mcs50_m2Dr6_s50.B02
Reading graphs...
50 :  113
50 :  112
Initializing...
maxdom : 9
D->valSize : 350
Solving...
Blb : 3 (clique : 18)
currentSize : 18 <-- 0.002526 s
currentSize : 19 <-- 0.002636 s
currentSize : 20 <-- 0.002685 s
currentSize : 21 <-- 0.002767 s
currentSize : 22 <-- 0.058338 s
currentSize : 23 <-- 0.058407 s
currentSize : 24 <-- 0.107770 s
currentSize : 25 <-- 0.400768 s
currentSize : 26 <-- 2.430384 s
currentSize : 27 <-- 2.507153 s

maxsize : 27
nodes : 8058142.000000
filtered : 112489310.000000
time : 38.158958
