Parameters: GAD=1 vflib=1 dir=0 label=0 vlabel=1 lowerbound=1 fileNameGp=../../cp2016-max-common-connected-subgraph-paper/datasets/graphsdb/mcs50/bvg/b06/mcs50_b06_s100.A05 fileNameGt=../../cp2016-max-common-connected-subgraph-paper/datasets/graphsdb/mcs50/bvg/b06/mcs50_b06_s100.B05
Reading graphs...
100 :  298
100 :  298
Initializing...
maxdom : 7
D->valSize : 351
Solving...
Blb : 2 (clique : 31)
currentSize : 31 <-- 0.003608 s
currentSize : 32 <-- 0.003849 s
currentSize : 34 <-- 0.004213 s
currentSize : 35 <-- 0.004292 s
currentSize : 36 <-- 0.026889 s
currentSize : 37 <-- 0.114110 s
currentSize : 38 <-- 0.993423 s
currentSize : 39 <-- 2.791730 s
currentSize : 40 <-- 2.791774 s
currentSize : 41 <-- 2.867771 s
currentSize : 42 <-- 3.845115 s
currentSize : 43 <-- 147.558304 s
currentSize : 44 <-- 147.559372 s
currentSize : 45 <-- 149.965073 s

TIMEOUT
maxsize : 45
nodes : 202252393.000000
filtered : 679804529.000000
time : 1000.000122
