Parameters: GAD=1 vflib=1 dir=0 label=0 vlabel=1 lowerbound=1 fileNameGp=../../cp2016-max-common-connected-subgraph-paper/datasets/graphsdb/mcs50/m3D/m3Dr6/mcs50_m3Dr6_s60.A08 fileNameGt=../../cp2016-max-common-connected-subgraph-paper/datasets/graphsdb/mcs50/m3D/m3Dr6/mcs50_m3Dr6_s60.B08
Reading graphs...
60 :  165
60 :  164
Initializing...
maxdom : 8
D->valSize : 266
Solving...
Blb : 2 (clique : 21)
currentSize : 21 <-- 0.001863 s
currentSize : 22 <-- 0.253918 s
currentSize : 23 <-- 0.514700 s
currentSize : 24 <-- 0.966889 s
currentSize : 25 <-- 1.507974 s
currentSize : 26 <-- 2.548436 s
currentSize : 27 <-- 4.136611 s
currentSize : 28 <-- 5.135303 s
currentSize : 29 <-- 7.369630 s

maxsize : 29
nodes : 2626892.000000
filtered : 14377157.000000
time : 10.724976
