Parameters: GAD=1 vflib=1 dir=0 label=0 vlabel=1 lowerbound=1 fileNameGp=../../cp2016-max-common-connected-subgraph-paper/datasets/graphsdb/mcs50/m3D/m3Dr6/mcs50_m3Dr6_s50.A00 fileNameGt=../../cp2016-max-common-connected-subgraph-paper/datasets/graphsdb/mcs50/m3D/m3Dr6/mcs50_m3Dr6_s50.B00
Reading graphs...
50 :  135
50 :  137
Initializing...
maxdom : 11
D->valSize : 332
Solving...
Blb : 2 (clique : 16)
currentSize : 16 <-- 0.002361 s
currentSize : 18 <-- 0.003160 s
currentSize : 19 <-- 0.005143 s
currentSize : 20 <-- 0.005175 s
currentSize : 21 <-- 0.006139 s
currentSize : 22 <-- 1.128144 s
currentSize : 24 <-- 1.128678 s
currentSize : 25 <-- 1.479661 s
currentSize : 26 <-- 1.479978 s
currentSize : 27 <-- 1.480050 s
currentSize : 28 <-- 2.246620 s

maxsize : 28
nodes : 640301.000000
filtered : 7134340.000000
time : 2.710888
