Parameters: GAD=1 vflib=1 dir=0 label=0 vlabel=1 lowerbound=1 fileNameGp=../../cp2016-max-common-connected-subgraph-paper/datasets/graphsdb/mcs50/rand/r02/mcs50_r02_s90.A08 fileNameGt=../../cp2016-max-common-connected-subgraph-paper/datasets/graphsdb/mcs50/rand/r02/mcs50_r02_s90.B08
Reading graphs...
90 :  1443
90 :  1436
Initializing...
maxdom : 9
D->valSize : 566
Solving...
Blb : 2 (clique : 9)
currentSize : 9 <-- 0.006283 s
currentSize : 10 <-- 0.006423 s
currentSize : 11 <-- 0.006450 s
currentSize : 12 <-- 0.007030 s
currentSize : 13 <-- 0.073045 s
currentSize : 15 <-- 0.082213 s
currentSize : 16 <-- 0.099873 s
currentSize : 19 <-- 0.100894 s
currentSize : 21 <-- 0.104696 s
currentSize : 22 <-- 1.203893 s
currentSize : 25 <-- 1.259790 s
currentSize : 30 <-- 1.259944 s
currentSize : 31 <-- 1.951993 s
currentSize : 45 <-- 2.647519 s

maxsize : 45
nodes : 445521.000000
filtered : 6419144.000000
time : 2.952800
