Parameters: GAD=1 vflib=1 dir=0 label=0 vlabel=1 lowerbound=1 fileNameGp=../../cp2016-max-common-connected-subgraph-paper/datasets/graphsdb/mcs50/m2D/m2Dr4/mcs50_m2Dr4_s80.A03 fileNameGt=../../cp2016-max-common-connected-subgraph-paper/datasets/graphsdb/mcs50/m2D/m2Dr4/mcs50_m2Dr4_s80.B03
Reading graphs...
80 :  172
80 :  172
Initializing...
maxdom : 12
D->valSize : 420
Solving...
Blb : 3 (clique : 28)
currentSize : 28 <-- 0.003963 s
currentSize : 29 <-- 0.034087 s
currentSize : 30 <-- 25.020817 s
currentSize : 31 <-- 94.795349 s
currentSize : 32 <-- 406.954559 s
currentSize : 33 <-- 598.590149 s

TIMEOUT
maxsize : 33
nodes : 212590910.000000
filtered : 1515316710.000000
time : 1000.000000
