Parameters: GAD=1 vflib=1 dir=0 label=0 vlabel=1 lowerbound=1 fileNameGp=../../cp2016-max-common-connected-subgraph-paper/datasets/graphsdb/mcs50/rand/r02/mcs50_r02_s80.A09 fileNameGt=../../cp2016-max-common-connected-subgraph-paper/datasets/graphsdb/mcs50/rand/r02/mcs50_r02_s80.B09
Reading graphs...
80 :  1116
80 :  1138
Initializing...
maxdom : 8
D->valSize : 445
Solving...
Blb : 5 (clique : 10)
currentSize : 10 <-- 0.004895 s
currentSize : 11 <-- 0.005002 s
currentSize : 12 <-- 0.010157 s
currentSize : 13 <-- 0.015758 s
currentSize : 14 <-- 0.052841 s
currentSize : 16 <-- 0.100071 s
currentSize : 17 <-- 0.176718 s
currentSize : 19 <-- 0.177687 s
currentSize : 23 <-- 0.506805 s
currentSize : 24 <-- 0.925233 s
currentSize : 28 <-- 0.996520 s
currentSize : 40 <-- 0.997740 s

maxsize : 40
nodes : 202978.000000
filtered : 2341723.000000
time : 1.191705
