Parameters: GAD=1 vflib=1 dir=0 label=0 vlabel=1 lowerbound=1 fileNameGp=../../cp2016-max-common-connected-subgraph-paper/datasets/graphsdb/mcs50/rand/r01/mcs50_r01_s80.A06 fileNameGt=../../cp2016-max-common-connected-subgraph-paper/datasets/graphsdb/mcs50/rand/r01/mcs50_r01_s80.B06
Reading graphs...
80 :  597
80 :  600
Initializing...
maxdom : 10
D->valSize : 463
Solving...
Blb : 2 (clique : 15)
currentSize : 15 <-- 0.004403 s
currentSize : 16 <-- 0.031423 s
currentSize : 17 <-- 0.370502 s
currentSize : 18 <-- 0.886083 s
currentSize : 19 <-- 0.950744 s
currentSize : 20 <-- 1.023600 s
currentSize : 21 <-- 1.037820 s
currentSize : 22 <-- 3.049267 s
currentSize : 23 <-- 3.620256 s
currentSize : 24 <-- 4.590838 s
currentSize : 25 <-- 4.591068 s
currentSize : 26 <-- 6.392335 s
currentSize : 28 <-- 6.855945 s
currentSize : 30 <-- 7.383036 s
currentSize : 32 <-- 9.508033 s
currentSize : 35 <-- 11.210979 s
currentSize : 40 <-- 11.518946 s

maxsize : 40
nodes : 2110861.000000
filtered : 22282806.000000
time : 11.864430
