Parameters: GAD=1 vflib=1 dir=0 label=0 vlabel=1 lowerbound=1 fileNameGp=../../cp2016-max-common-connected-subgraph-paper/datasets/graphsdb/mcs50/m2D/m2D/mcs50_m2D_s60.A04 fileNameGt=../../cp2016-max-common-connected-subgraph-paper/datasets/graphsdb/mcs50/m2D/m2D/mcs50_m2D_s60.B04
Reading graphs...
60 :  104
60 :  103
Initializing...
maxdom : 7
D->valSize : 248
Solving...
Blb : 2 (clique : 23)
currentSize : 23 <-- 0.001871 s
currentSize : 24 <-- 0.002013 s
currentSize : 25 <-- 0.006748 s
currentSize : 26 <-- 1.296324 s
currentSize : 27 <-- 1.298334 s
currentSize : 28 <-- 1.368160 s
currentSize : 29 <-- 10.772966 s
currentSize : 30 <-- 188.135880 s

maxsize : 30
nodes : 179211567.000000
filtered : 1124776620.000000
time : 720.208862
