Parameters: GAD=1 vflib=1 dir=0 label=0 vlabel=1 lowerbound=1 fileNameGp=../../cp2016-max-common-connected-subgraph-paper/datasets/graphsdb/mcs50/m3D/m3D/mcs50_m3D_s50.A02 fileNameGt=../../cp2016-max-common-connected-subgraph-paper/datasets/graphsdb/mcs50/m3D/m3D/mcs50_m3D_s50.B02
Reading graphs...
50 :  109
50 :  109
Initializing...
maxdom : 10
D->valSize : 326
Solving...
Blb : 3 (clique : 23)
currentSize : 23 <-- 0.003816 s
currentSize : 24 <-- 3.292550 s
currentSize : 25 <-- 3.332853 s
currentSize : 26 <-- 5.757990 s
currentSize : 27 <-- 6.830295 s
currentSize : 28 <-- 6.830991 s
currentSize : 29 <-- 6.838509 s

maxsize : 29
nodes : 2614356.000000
filtered : 18587159.000000
time : 10.328400
