Parameters: GAD=1 vflib=1 dir=0 label=0 vlabel=1 lowerbound=1 fileNameGp=../../cp2016-max-common-connected-subgraph-paper/datasets/graphsdb/mcs50/bvg/b06m/mcs50_b06m_s80.A05 fileNameGt=../../cp2016-max-common-connected-subgraph-paper/datasets/graphsdb/mcs50/bvg/b06m/mcs50_b06m_s80.B05
Reading graphs...
80 :  236
80 :  237
Initializing...
maxdom : 9
D->valSize : 428
Solving...
Blb : 2 (clique : 28)
currentSize : 28 <-- 0.006880 s
currentSize : 29 <-- 0.009072 s
currentSize : 30 <-- 0.245742 s
currentSize : 31 <-- 0.519032 s
currentSize : 32 <-- 0.519319 s
currentSize : 34 <-- 5.206834 s
currentSize : 35 <-- 8.684470 s
currentSize : 36 <-- 8.685400 s
currentSize : 38 <-- 10.409166 s
currentSize : 39 <-- 10.409835 s
currentSize : 40 <-- 16.031616 s
currentSize : 41 <-- 28.674335 s
currentSize : 42 <-- 28.682575 s

maxsize : 42
nodes : 161508780.000000
filtered : 1326585191.000000
time : 924.045105
