Parameters: GAD=1 vflib=1 dir=0 label=0 vlabel=1 lowerbound=1 fileNameGp=../../cp2016-max-common-connected-subgraph-paper/datasets/graphsdb/mcs50/bvg/b03m/mcs50_b03m_s60.A01 fileNameGt=../../cp2016-max-common-connected-subgraph-paper/datasets/graphsdb/mcs50/bvg/b03m/mcs50_b03m_s60.B01
Reading graphs...
60 :  90
60 :  90
Initializing...
maxdom : 5
D->valSize : 235
Solving...
Blb : 3 (clique : 26)
currentSize : 26 <-- 0.002709 s
currentSize : 27 <-- 0.004516 s
currentSize : 28 <-- 0.013085 s
currentSize : 29 <-- 0.032415 s
currentSize : 30 <-- 0.068864 s
currentSize : 31 <-- 11.078888 s
currentSize : 32 <-- 48.271027 s
currentSize : 33 <-- 181.875854 s
currentSize : 34 <-- 181.994919 s
currentSize : 35 <-- 223.431503 s

maxsize : 35
nodes : 63213078.000000
filtered : 321429472.000000
time : 260.846802
