Parameters: GAD=1 vflib=1 dir=0 label=0 vlabel=1 lowerbound=1 fileNameGp=../../cp2016-max-common-connected-subgraph-paper/datasets/graphsdb/mcs50/bvg/b06m/mcs50_b06m_s40.A05 fileNameGt=../../cp2016-max-common-connected-subgraph-paper/datasets/graphsdb/mcs50/bvg/b06m/mcs50_b06m_s40.B05
Reading graphs...
40 :  115
40 :  114
Initializing...
maxdom : 7
D->valSize : 200
Solving...
Blb : 2 (clique : 12)
currentSize : 12 <-- 0.001080 s
currentSize : 13 <-- 0.001788 s
currentSize : 14 <-- 0.002029 s
currentSize : 15 <-- 0.019331 s
currentSize : 16 <-- 0.026670 s
currentSize : 17 <-- 0.027046 s
currentSize : 18 <-- 0.144856 s
currentSize : 19 <-- 0.150971 s
currentSize : 20 <-- 0.165334 s
currentSize : 21 <-- 0.165712 s

maxsize : 21
nodes : 74534.000000
filtered : 528058.000000
time : 0.273053
