Parameters: GAD=1 vflib=1 dir=0 label=0 vlabel=1 lowerbound=1 fileNameGp=../../cp2016-max-common-connected-subgraph-paper/datasets/graphsdb/mcs50/m3D/m3D/mcs50_m3D_s50.A07 fileNameGt=../../cp2016-max-common-connected-subgraph-paper/datasets/graphsdb/mcs50/m3D/m3D/mcs50_m3D_s50.B07
Reading graphs...
50 :  109
50 :  109
Initializing...
maxdom : 9
D->valSize : 323
Solving...
Blb : 2 (clique : 19)
currentSize : 19 <-- 0.002327 s
currentSize : 20 <-- 0.002707 s
currentSize : 21 <-- 0.005230 s
currentSize : 22 <-- 0.028195 s
currentSize : 23 <-- 0.052252 s
currentSize : 24 <-- 0.247426 s
currentSize : 25 <-- 14.845138 s
currentSize : 26 <-- 20.630518 s
currentSize : 27 <-- 61.214291 s
currentSize : 28 <-- 84.337219 s

maxsize : 28
nodes : 19837740.000000
filtered : 213825728.000000
time : 86.105881
