Parameters: GAD=1 vflib=1 dir=0 label=0 vlabel=1 lowerbound=1 fileNameGp=../../cp2016-max-common-connected-subgraph-paper/datasets/graphsdb/mcs50/m2D/m2D/mcs50_m2D_s100.A06 fileNameGt=../../cp2016-max-common-connected-subgraph-paper/datasets/graphsdb/mcs50/m2D/m2D/mcs50_m2D_s100.B06
Reading graphs...
100 :  179
100 :  180
Initializing...
maxdom : 10
D->valSize : 366
Solving...
Blb : 2 (clique : 39)
currentSize : 39 <-- 0.003960 s
currentSize : 40 <-- 0.004261 s
currentSize : 41 <-- 0.004404 s
currentSize : 42 <-- 0.004924 s
currentSize : 43 <-- 82.334862 s
currentSize : 44 <-- 283.066101 s
currentSize : 45 <-- 286.926605 s
currentSize : 46 <-- 390.730804 s
currentSize : 47 <-- 443.138855 s

TIMEOUT
maxsize : 47
nodes : 188676140.000000
filtered : 957868844.000000
time : 1000.000122
