Parameters: GAD=1 vflib=1 dir=0 label=0 vlabel=1 lowerbound=1 fileNameGp=../../cp2016-max-common-connected-subgraph-paper/datasets/graphsdb/mcs50/m2D/m2Dr6/mcs50_m2Dr6_s70.A01 fileNameGt=../../cp2016-max-common-connected-subgraph-paper/datasets/graphsdb/mcs50/m2D/m2Dr6/mcs50_m2Dr6_s70.B01
Reading graphs...
70 :  162
70 :  162
Initializing...
maxdom : 9
D->valSize : 339
Solving...
Blb : 2 (clique : 23)
currentSize : 23 <-- 0.002796 s
currentSize : 24 <-- 0.002950 s
currentSize : 25 <-- 0.007148 s
currentSize : 26 <-- 2.460234 s
currentSize : 27 <-- 4.202865 s
currentSize : 28 <-- 10.279611 s
currentSize : 29 <-- 21.978493 s
currentSize : 30 <-- 150.621201 s
currentSize : 31 <-- 150.621262 s
currentSize : 32 <-- 150.813278 s
currentSize : 33 <-- 150.813889 s
currentSize : 34 <-- 172.527985 s
currentSize : 35 <-- 172.529404 s
currentSize : 36 <-- 172.536880 s
currentSize : 37 <-- 172.536987 s
currentSize : 38 <-- 172.713745 s
currentSize : 39 <-- 172.713791 s

maxsize : 39
nodes : 40107901.000000
filtered : 296570868.000000
time : 193.950577
