Parameters: GAD=1 vflib=1 dir=0 label=0 vlabel=1 lowerbound=1 fileNameGp=../../cp2016-max-common-connected-subgraph-paper/datasets/graphsdb/mcs50/bvg/b06m/mcs50_b06m_s90.A05 fileNameGt=../../cp2016-max-common-connected-subgraph-paper/datasets/graphsdb/mcs50/bvg/b06m/mcs50_b06m_s90.B05
Reading graphs...
90 :  266
90 :  267
Initializing...
maxdom : 14
D->valSize : 591
Solving...
Blb : 2 (clique : 38)
currentSize : 38 <-- 0.011449 s
currentSize : 39 <-- 0.012008 s
currentSize : 40 <-- 0.014862 s
currentSize : 41 <-- 0.015170 s
currentSize : 42 <-- 30.270103 s
currentSize : 43 <-- 497.159851 s
currentSize : 44 <-- 497.193207 s
currentSize : 45 <-- 497.250580 s
currentSize : 46 <-- 498.680328 s

TIMEOUT
maxsize : 46
nodes : 184896277.000000
filtered : 1054004376.000000
time : 1000.000061
