Parameters: GAD=1 vflib=1 dir=0 label=0 vlabel=1 lowerbound=1 fileNameGp=../../cp2016-max-common-connected-subgraph-paper/datasets/graphsdb/mcs50/rand/r01/mcs50_r01_s80.A02 fileNameGt=../../cp2016-max-common-connected-subgraph-paper/datasets/graphsdb/mcs50/rand/r01/mcs50_r01_s80.B02
Reading graphs...
80 :  596
80 :  601
Initializing...
maxdom : 8
D->valSize : 404
Solving...
Blb : 2 (clique : 17)
currentSize : 17 <-- 0.003600 s
currentSize : 18 <-- 0.078728 s
currentSize : 19 <-- 0.110473 s
currentSize : 20 <-- 9.302417 s
currentSize : 21 <-- 11.780449 s
currentSize : 22 <-- 11.780581 s
currentSize : 23 <-- 11.782338 s
currentSize : 24 <-- 15.069820 s
currentSize : 26 <-- 15.074806 s
currentSize : 27 <-- 19.760464 s
currentSize : 28 <-- 20.819124 s
currentSize : 31 <-- 20.819216 s
currentSize : 34 <-- 21.793682 s
currentSize : 36 <-- 21.879072 s
currentSize : 40 <-- 21.879185 s

maxsize : 40
nodes : 4307430.000000
filtered : 36874265.000000
time : 22.740925
