Parameters: GAD=1 vflib=1 dir=0 label=0 vlabel=1 lowerbound=1 fileNameGp=../../cp2016-max-common-connected-subgraph-paper/datasets/graphsdb/mcs50/m3D/m3Dr4/mcs50_m3Dr4_s60.A09 fileNameGt=../../cp2016-max-common-connected-subgraph-paper/datasets/graphsdb/mcs50/m3D/m3Dr4/mcs50_m3Dr4_s60.B09
Reading graphs...
60 :  156
60 :  155
Initializing...
maxdom : 9
D->valSize : 266
Solving...
Blb : 2 (clique : 19)
currentSize : 19 <-- 0.001841 s
currentSize : 20 <-- 0.003790 s
currentSize : 21 <-- 0.033850 s
currentSize : 22 <-- 0.105854 s
currentSize : 23 <-- 0.141452 s
currentSize : 24 <-- 0.141811 s
currentSize : 25 <-- 4.973548 s
currentSize : 26 <-- 4.973598 s
currentSize : 27 <-- 4.978119 s
currentSize : 28 <-- 5.829785 s

maxsize : 28
nodes : 2784658.000000
filtered : 21132325.000000
time : 12.474630
