Parameters: GAD=1 vflib=1 dir=0 label=0 vlabel=1 lowerbound=1 fileNameGp=../../cp2016-max-common-connected-subgraph-paper/datasets/graphsdb/mcs50/m3D/m3Dr6/mcs50_m3Dr6_s50.A06 fileNameGt=../../cp2016-max-common-connected-subgraph-paper/datasets/graphsdb/mcs50/m3D/m3Dr6/mcs50_m3Dr6_s50.B06
Reading graphs...
50 :  136
50 :  130
Initializing...
maxdom : 9
D->valSize : 344
Solving...
Blb : 2 (clique : 17)
currentSize : 17 <-- 0.002495 s
currentSize : 18 <-- 0.002852 s
currentSize : 19 <-- 0.003128 s
currentSize : 20 <-- 0.003445 s
currentSize : 21 <-- 0.600625 s
currentSize : 22 <-- 1.521697 s
currentSize : 23 <-- 2.024174 s
currentSize : 24 <-- 2.030300 s
currentSize : 27 <-- 2.030426 s

maxsize : 27
nodes : 930053.000000
filtered : 9321734.000000
time : 4.049228
