Parameters: GAD=1 vflib=1 dir=0 label=0 vlabel=1 lowerbound=1 fileNameGp=../../cp2016-max-common-connected-subgraph-paper/datasets/graphsdb/mcs50/bvg/b06m/mcs50_b06m_s70.A02 fileNameGt=../../cp2016-max-common-connected-subgraph-paper/datasets/graphsdb/mcs50/bvg/b06m/mcs50_b06m_s70.B02
Reading graphs...
70 :  206
70 :  204
Initializing...
maxdom : 7
D->valSize : 322
Solving...
Blb : 5 (clique : 23)
currentSize : 23 <-- 0.002580 s
currentSize : 24 <-- 0.003358 s
currentSize : 25 <-- 0.003480 s
currentSize : 27 <-- 9.840386 s
currentSize : 28 <-- 20.040228 s
currentSize : 29 <-- 26.943680 s
currentSize : 30 <-- 40.593445 s
currentSize : 31 <-- 40.595776 s
currentSize : 32 <-- 40.661957 s
currentSize : 33 <-- 70.197807 s
currentSize : 35 <-- 70.197891 s
currentSize : 36 <-- 70.218590 s
currentSize : 37 <-- 70.652290 s

maxsize : 37
nodes : 18467475.000000
filtered : 134098028.000000
time : 87.138100
