Parameters: GAD=1 vflib=1 dir=0 label=0 vlabel=1 lowerbound=1 fileNameGp=../../cp2016-max-common-connected-subgraph-paper/datasets/graphsdb/mcs50/m2D/m2D/mcs50_m2D_s60.A01 fileNameGt=../../cp2016-max-common-connected-subgraph-paper/datasets/graphsdb/mcs50/m2D/m2D/mcs50_m2D_s60.B01
Reading graphs...
60 :  104
60 :  104
Initializing...
maxdom : 8
D->valSize : 286
Solving...
Blb : 2 (clique : 22)
currentSize : 22 <-- 0.003231 s
currentSize : 23 <-- 0.017210 s
currentSize : 24 <-- 0.132624 s
currentSize : 25 <-- 0.134852 s
currentSize : 26 <-- 0.144717 s
currentSize : 27 <-- 0.147335 s
currentSize : 28 <-- 35.523548 s
currentSize : 29 <-- 67.215782 s

maxsize : 29
nodes : 24033569.000000
filtered : 182984009.000000
time : 106.212936
