Parameters: GAD=1 vflib=1 dir=0 label=0 vlabel=1 lowerbound=1 fileNameGp=../../cp2016-max-common-connected-subgraph-paper/datasets/graphsdb/mcs50/rand/r005/mcs50_r005_s60.A06 fileNameGt=../../cp2016-max-common-connected-subgraph-paper/datasets/graphsdb/mcs50/rand/r005/mcs50_r005_s60.B06
Reading graphs...
60 :  174
60 :  171
Initializing...
maxdom : 7
D->valSize : 238
Solving...
Blb : 2 (clique : 19)
currentSize : 19 <-- 0.002627 s
currentSize : 20 <-- 0.004987 s
currentSize : 21 <-- 0.013245 s
currentSize : 22 <-- 0.014010 s
currentSize : 23 <-- 0.019588 s
currentSize : 24 <-- 0.020707 s
currentSize : 26 <-- 0.168473 s
currentSize : 27 <-- 0.552978 s
currentSize : 28 <-- 0.597141 s
currentSize : 29 <-- 1.512362 s
currentSize : 30 <-- 1.571574 s
currentSize : 31 <-- 1.573127 s

maxsize : 31
nodes : 495006.000000
filtered : 3931428.000000
time : 2.466882
