Parameters: GAD=1 vflib=1 dir=0 label=0 vlabel=1 lowerbound=1 fileNameGp=../../cp2016-max-common-connected-subgraph-paper/datasets/graphsdb/mcs50/rand/r01/mcs50_r01_s60.A08 fileNameGt=../../cp2016-max-common-connected-subgraph-paper/datasets/graphsdb/mcs50/rand/r01/mcs50_r01_s60.B08
Reading graphs...
60 :  335
60 :  330
Initializing...
maxdom : 9
D->valSize : 245
Solving...
Blb : 2 (clique : 12)
currentSize : 12 <-- 0.002460 s
currentSize : 13 <-- 0.002571 s
currentSize : 14 <-- 0.002649 s
currentSize : 15 <-- 0.002952 s
currentSize : 16 <-- 0.015944 s
currentSize : 17 <-- 0.017222 s
currentSize : 18 <-- 0.023921 s
currentSize : 19 <-- 0.027360 s
currentSize : 21 <-- 0.059694 s
currentSize : 23 <-- 0.068691 s
currentSize : 24 <-- 0.098450 s
currentSize : 25 <-- 0.355125 s
currentSize : 26 <-- 0.355445 s
currentSize : 27 <-- 0.355973 s
currentSize : 30 <-- 0.356124 s

maxsize : 30
nodes : 77794.000000
filtered : 686745.000000
time : 0.446937
