Parameters: GAD=1 vflib=1 dir=0 label=0 vlabel=1 lowerbound=1 fileNameGp=../../cp2016-max-common-connected-subgraph-paper/datasets/graphsdb/mcs50/rand/r02/mcs50_r02_s80.A01 fileNameGt=../../cp2016-max-common-connected-subgraph-paper/datasets/graphsdb/mcs50/rand/r02/mcs50_r02_s80.B01
Reading graphs...
80 :  1111
80 :  1136
Initializing...
maxdom : 12
D->valSize : 467
Solving...
Blb : 5 (clique : 10)
currentSize : 10 <-- 0.004377 s
currentSize : 11 <-- 0.004609 s
currentSize : 12 <-- 0.008850 s
currentSize : 13 <-- 0.013527 s
currentSize : 14 <-- 0.015624 s
currentSize : 15 <-- 0.049322 s
currentSize : 16 <-- 0.049976 s
currentSize : 17 <-- 0.050081 s
currentSize : 18 <-- 0.058493 s
currentSize : 20 <-- 0.058583 s
currentSize : 22 <-- 0.061914 s
currentSize : 25 <-- 0.062055 s
currentSize : 28 <-- 0.100776 s
currentSize : 40 <-- 0.101139 s

maxsize : 40
nodes : 56293.000000
filtered : 1183938.000000
time : 0.403241
