Parameters: GAD=1 vflib=1 dir=0 label=0 vlabel=1 lowerbound=1 fileNameGp=../../cp2016-max-common-connected-subgraph-paper/datasets/graphsdb/mcs50/m3D/m3Dr6/mcs50_m3Dr6_s60.A02 fileNameGt=../../cp2016-max-common-connected-subgraph-paper/datasets/graphsdb/mcs50/m3D/m3Dr6/mcs50_m3Dr6_s60.B02
Reading graphs...
60 :  170
60 :  168
Initializing...
maxdom : 9
D->valSize : 272
Solving...
Blb : 2 (clique : 19)
currentSize : 19 <-- 0.002006 s
currentSize : 23 <-- 0.002117 s
currentSize : 24 <-- 0.002290 s
currentSize : 25 <-- 0.002342 s
currentSize : 26 <-- 0.003185 s
currentSize : 27 <-- 0.003256 s
currentSize : 28 <-- 0.053596 s
currentSize : 29 <-- 2.759263 s

maxsize : 29
nodes : 1536257.000000
filtered : 10723248.000000
time : 6.641205
