Parameters: GAD=1 vflib=1 dir=0 label=0 vlabel=1 lowerbound=1 fileNameGp=../../cp2016-max-common-connected-subgraph-paper/datasets/graphsdb/mcs50/bvg/b09/mcs50_b09_s40.A01 fileNameGt=../../cp2016-max-common-connected-subgraph-paper/datasets/graphsdb/mcs50/bvg/b09/mcs50_b09_s40.B01
Reading graphs...
40 :  179
40 :  178
Initializing...
maxdom : 13
D->valSize : 229
Solving...
Blb : 2 (clique : 10)
currentSize : 10 <-- 0.001946 s
currentSize : 11 <-- 0.002040 s
currentSize : 12 <-- 0.003954 s
currentSize : 13 <-- 0.005690 s
currentSize : 14 <-- 0.028502 s
currentSize : 15 <-- 0.415896 s
currentSize : 17 <-- 0.416018 s
currentSize : 18 <-- 0.416734 s
currentSize : 20 <-- 0.418809 s

maxsize : 20
nodes : 109961.000000
filtered : 807109.000000
time : 0.448398
