Parameters: GAD=1 vflib=1 dir=0 label=0 vlabel=1 lowerbound=1 fileNameGp=../../cp2016-max-common-connected-subgraph-paper/datasets/graphsdb/mcs50/m2D/m2Dr4/mcs50_m2Dr4_s90.A05 fileNameGt=../../cp2016-max-common-connected-subgraph-paper/datasets/graphsdb/mcs50/m2D/m2Dr4/mcs50_m2Dr4_s90.B05
Reading graphs...
90 :  197
90 :  196
Initializing...
maxdom : 10
D->valSize : 549
Solving...
Blb : 2 (clique : 38)
currentSize : 38 <-- 0.006360 s
currentSize : 39 <-- 0.013756 s
currentSize : 40 <-- 0.069460 s
currentSize : 41 <-- 0.366997 s
currentSize : 42 <-- 451.967712 s
currentSize : 43 <-- 569.941101 s
currentSize : 44 <-- 571.440857 s

TIMEOUT
maxsize : 44
nodes : 212460458.000000
filtered : 1163578760.000000
time : 1000.000061
