Parameters: GAD=1 vflib=1 dir=0 label=0 vlabel=1 lowerbound=1 fileNameGp=../../cp2016-max-common-connected-subgraph-paper/datasets/graphsdb/mcs50/bvg/b03/mcs50_b03_s90.A02 fileNameGt=../../cp2016-max-common-connected-subgraph-paper/datasets/graphsdb/mcs50/bvg/b03/mcs50_b03_s90.B02
Reading graphs...
90 :  135
90 :  135
Initializing...
maxdom : 10
D->valSize : 534
Solving...
Blb : 2 (clique : 40)
currentSize : 40 <-- 0.006366 s
currentSize : 41 <-- 0.006711 s
currentSize : 42 <-- 0.016213 s
currentSize : 43 <-- 0.026755 s
currentSize : 44 <-- 195.065460 s
currentSize : 45 <-- 540.877197 s

TIMEOUT
maxsize : 45
nodes : 191007162.000000
filtered : 1224163645.000000
time : 1000.000061
