Parameters: GAD=1 vflib=1 dir=0 label=0 vlabel=1 lowerbound=1 fileNameGp=../../cp2016-max-common-connected-subgraph-paper/datasets/graphsdb/mcs50/m3D/m3Dr2/mcs50_m3Dr2_s50.A01 fileNameGt=../../cp2016-max-common-connected-subgraph-paper/datasets/graphsdb/mcs50/m3D/m3Dr2/mcs50_m3Dr2_s50.B01
Reading graphs...
50 :  118
50 :  119
Initializing...
maxdom : 10
D->valSize : 316
Solving...
Blb : 2 (clique : 18)
currentSize : 18 <-- 0.002257 s
currentSize : 19 <-- 0.002405 s
currentSize : 20 <-- 0.002531 s
currentSize : 21 <-- 0.002593 s
currentSize : 22 <-- 0.005867 s
currentSize : 23 <-- 0.051385 s
currentSize : 24 <-- 0.051676 s
currentSize : 26 <-- 0.640085 s
currentSize : 27 <-- 2.626869 s

maxsize : 27
nodes : 1745477.000000
filtered : 16395398.000000
time : 7.782140
