Parameters: GAD=1 vflib=1 dir=0 label=0 vlabel=1 lowerbound=1 fileNameGp=../../cp2016-max-common-connected-subgraph-paper/datasets/graphsdb/mcs50/rand/r005/mcs50_r005_s60.A07 fileNameGt=../../cp2016-max-common-connected-subgraph-paper/datasets/graphsdb/mcs50/rand/r005/mcs50_r005_s60.B07
Reading graphs...
60 :  173
60 :  171
Initializing...
maxdom : 7
D->valSize : 264
Solving...
Blb : 2 (clique : 19)
currentSize : 19 <-- 0.001896 s
currentSize : 20 <-- 0.004011 s
currentSize : 21 <-- 0.090931 s
currentSize : 22 <-- 0.641343 s
currentSize : 23 <-- 0.645886 s
currentSize : 24 <-- 1.347349 s
currentSize : 25 <-- 2.725655 s
currentSize : 26 <-- 2.727817 s
currentSize : 28 <-- 4.749885 s
currentSize : 30 <-- 9.054165 s

maxsize : 30
nodes : 2609582.000000
filtered : 17532610.000000
time : 11.366648
