Parameters: GAD=1 vflib=1 dir=0 label=0 vlabel=1 lowerbound=1 fileNameGp=../../cp2016-max-common-connected-subgraph-paper/datasets/graphsdb/mcs50/m2D/m2Dr2/mcs50_m2Dr2_s70.A02 fileNameGt=../../cp2016-max-common-connected-subgraph-paper/datasets/graphsdb/mcs50/m2D/m2Dr2/mcs50_m2Dr2_s70.B02
Reading graphs...
70 :  136
70 :  134
Initializing...
maxdom : 9
D->valSize : 353
Solving...
Blb : 2 (clique : 25)
currentSize : 25 <-- 0.003085 s
currentSize : 26 <-- 0.003970 s
currentSize : 27 <-- 0.004197 s
currentSize : 28 <-- 0.005026 s
currentSize : 29 <-- 2.100164 s
currentSize : 30 <-- 2.270298 s
currentSize : 31 <-- 11.530042 s
currentSize : 32 <-- 12.559864 s
currentSize : 33 <-- 13.707940 s
currentSize : 34 <-- 41.123055 s
currentSize : 35 <-- 41.155910 s
currentSize : 37 <-- 41.164818 s
currentSize : 38 <-- 90.121284 s
currentSize : 39 <-- 90.122261 s
currentSize : 40 <-- 92.908203 s

maxsize : 40
nodes : 26999568.000000
filtered : 175160872.000000
time : 125.648605
