Parameters: GAD=1 vflib=1 dir=0 label=0 vlabel=1 lowerbound=1 fileNameGp=../../cp2016-max-common-connected-subgraph-paper/datasets/graphsdb/mcs50/bvg/b03/mcs50_b03_s100.A06 fileNameGt=../../cp2016-max-common-connected-subgraph-paper/datasets/graphsdb/mcs50/bvg/b03/mcs50_b03_s100.B06
Reading graphs...
100 :  150
100 :  150
Initializing...
maxdom : 7
D->valSize : 380
Solving...
Blb : 2 (clique : 42)
currentSize : 42 <-- 0.006795 s
currentSize : 43 <-- 0.007548 s
currentSize : 44 <-- 0.645272 s
currentSize : 45 <-- 0.645545 s
currentSize : 46 <-- 8.065986 s
currentSize : 47 <-- 11.517720 s
currentSize : 48 <-- 64.878860 s
currentSize : 49 <-- 66.584251 s
currentSize : 50 <-- 269.286285 s
currentSize : 51 <-- 269.286438 s

TIMEOUT
maxsize : 51
nodes : 241200590.000000
filtered : 530118660.000000
time : 1000.000122
