Parameters: GAD=1 vflib=1 dir=0 label=0 vlabel=1 lowerbound=1 fileNameGp=../../cp2016-max-common-connected-subgraph-paper/datasets/graphsdb/mcs50/m2D/m2D/mcs50_m2D_s50.A00 fileNameGt=../../cp2016-max-common-connected-subgraph-paper/datasets/graphsdb/mcs50/m2D/m2D/mcs50_m2D_s50.B00
Reading graphs...
50 :  84
50 :  85
Initializing...
maxdom : 9
D->valSize : 330
Solving...
Blb : 2 (clique : 23)
currentSize : 23 <-- 0.002382 s
currentSize : 24 <-- 0.002511 s
currentSize : 25 <-- 0.002539 s
currentSize : 26 <-- 5.403783 s
currentSize : 27 <-- 5.884337 s
currentSize : 28 <-- 14.620588 s
currentSize : 29 <-- 114.749680 s

maxsize : 29
nodes : 47477710.000000
filtered : 472744501.000000
time : 214.161148
