Parameters: GAD=1 vflib=1 dir=0 label=0 vlabel=1 lowerbound=1 fileNameGp=../../cp2016-max-common-connected-subgraph-paper/datasets/graphsdb/mcs50/rand/r005/mcs50_r005_s70.A05 fileNameGt=../../cp2016-max-common-connected-subgraph-paper/datasets/graphsdb/mcs50/rand/r005/mcs50_r005_s70.B05
Reading graphs...
70 :  235
70 :  236
Initializing...
maxdom : 8
D->valSize : 368
Solving...
Blb : 2 (clique : 22)
currentSize : 22 <-- 0.003126 s
currentSize : 23 <-- 0.010630 s
currentSize : 24 <-- 0.019628 s
currentSize : 25 <-- 1.144113 s
currentSize : 26 <-- 25.617880 s
currentSize : 27 <-- 35.061935 s
currentSize : 28 <-- 89.703812 s
currentSize : 29 <-- 89.704094 s
currentSize : 30 <-- 175.475204 s
currentSize : 31 <-- 175.477020 s
currentSize : 32 <-- 240.722351 s
currentSize : 33 <-- 264.544586 s
currentSize : 35 <-- 266.604614 s

maxsize : 35
nodes : 53414325.000000
filtered : 509762482.000000
time : 275.616821
