Parameters: GAD=1 vflib=1 dir=0 label=0 vlabel=1 lowerbound=1 fileNameGp=../../cp2016-max-common-connected-subgraph-paper/datasets/graphsdb/mcs50/rand/r01/mcs50_r01_s70.A05 fileNameGt=../../cp2016-max-common-connected-subgraph-paper/datasets/graphsdb/mcs50/rand/r01/mcs50_r01_s70.B05
Reading graphs...
70 :  462
70 :  462
Initializing...
maxdom : 9
D->valSize : 345
Solving...
Blb : 2 (clique : 13)
currentSize : 13 <-- 0.002699 s
currentSize : 14 <-- 0.003120 s
currentSize : 15 <-- 0.003923 s
currentSize : 16 <-- 0.022347 s
currentSize : 17 <-- 0.022368 s
currentSize : 18 <-- 0.038507 s
currentSize : 19 <-- 0.095646 s
currentSize : 20 <-- 0.096037 s
currentSize : 21 <-- 0.189190 s
currentSize : 23 <-- 0.207733 s
currentSize : 24 <-- 0.266958 s
currentSize : 25 <-- 0.285893 s
currentSize : 28 <-- 0.286922 s
currentSize : 29 <-- 0.371345 s
currentSize : 30 <-- 0.406763 s
currentSize : 31 <-- 0.407128 s
currentSize : 32 <-- 0.407573 s
currentSize : 35 <-- 0.407719 s

maxsize : 35
nodes : 190082.000000
filtered : 2093784.000000
time : 1.022203
