Parameters: GAD=1 vflib=1 dir=0 label=0 vlabel=1 lowerbound=1 fileNameGp=../../cp2016-max-common-connected-subgraph-paper/datasets/graphsdb/mcs50/bvg/b06m/mcs50_b06m_s90.A06 fileNameGt=../../cp2016-max-common-connected-subgraph-paper/datasets/graphsdb/mcs50/bvg/b06m/mcs50_b06m_s90.B06
Reading graphs...
90 :  267
90 :  269
Initializing...
maxdom : 11
D->valSize : 530
Solving...
Blb : 2 (clique : 26)
currentSize : 26 <-- 0.009870 s
currentSize : 27 <-- 0.010247 s
currentSize : 28 <-- 0.010387 s
currentSize : 29 <-- 0.013555 s
currentSize : 30 <-- 0.018762 s
currentSize : 31 <-- 0.025475 s
currentSize : 32 <-- 37.174046 s
currentSize : 33 <-- 37.215900 s
currentSize : 35 <-- 70.690445 s
currentSize : 36 <-- 70.831169 s
currentSize : 38 <-- 70.831223 s
currentSize : 39 <-- 801.268799 s
currentSize : 40 <-- 801.269104 s
currentSize : 41 <-- 801.534485 s
currentSize : 42 <-- 801.597412 s

TIMEOUT
maxsize : 42
nodes : 180010855.000000
filtered : 1499754762.000000
time : 1000.000061
