Parameters: GAD=1 vflib=1 dir=0 label=0 vlabel=1 lowerbound=1 fileNameGp=../../cp2016-max-common-connected-subgraph-paper/datasets/graphsdb/mcs50/bvg/b09m/mcs50_b09m_s40.A08 fileNameGt=../../cp2016-max-common-connected-subgraph-paper/datasets/graphsdb/mcs50/bvg/b09m/mcs50_b09m_s40.B08
Reading graphs...
40 :  173
40 :  170
Initializing...
maxdom : 7
D->valSize : 216
Solving...
Blb : 3 (clique : 11)
currentSize : 11 <-- 0.001166 s
currentSize : 12 <-- 0.001365 s
currentSize : 14 <-- 0.011841 s
currentSize : 15 <-- 0.428471 s
currentSize : 16 <-- 0.430025 s
currentSize : 17 <-- 0.430061 s
currentSize : 18 <-- 0.433448 s
currentSize : 19 <-- 0.433499 s
currentSize : 20 <-- 0.440172 s
currentSize : 21 <-- 0.440213 s

maxsize : 21
nodes : 163997.000000
filtered : 929792.000000
time : 0.514991
