Parameters: GAD=1 vflib=1 dir=0 label=0 vlabel=1 lowerbound=1 fileNameGp=../../cp2016-max-common-connected-subgraph-paper/datasets/graphsdb/mcs50/bvg/b09/mcs50_b09_s80.A05 fileNameGt=../../cp2016-max-common-connected-subgraph-paper/datasets/graphsdb/mcs50/bvg/b09/mcs50_b09_s80.B05
Reading graphs...
80 :  357
80 :  354
Initializing...
maxdom : 11
D->valSize : 443
Solving...
Blb : 2 (clique : 27)
currentSize : 27 <-- 0.004252 s
currentSize : 28 <-- 4.122981 s
currentSize : 29 <-- 4.531474 s
currentSize : 30 <-- 8.861796 s
currentSize : 31 <-- 13.253298 s
currentSize : 34 <-- 13.365722 s
currentSize : 35 <-- 31.064163 s
currentSize : 36 <-- 31.070133 s
currentSize : 38 <-- 34.943336 s
currentSize : 39 <-- 46.516434 s
currentSize : 40 <-- 50.027775 s
currentSize : 41 <-- 171.071396 s

maxsize : 41
nodes : 41983216.000000
filtered : 320221607.000000
time : 219.053055
