Parameters: GAD=1 vflib=1 dir=0 label=0 vlabel=1 lowerbound=1 fileNameGp=../../cp2016-max-common-connected-subgraph-paper/datasets/graphsdb/mcs50/bvg/b06/mcs50_b06_s100.A07 fileNameGt=../../cp2016-max-common-connected-subgraph-paper/datasets/graphsdb/mcs50/bvg/b06/mcs50_b06_s100.B07
Reading graphs...
100 :  298
100 :  298
Initializing...
maxdom : 8
D->valSize : 350
Solving...
Blb : 2 (clique : 31)
currentSize : 31 <-- 0.003405 s
currentSize : 32 <-- 0.012727 s
currentSize : 33 <-- 0.041822 s
currentSize : 34 <-- 0.138450 s
currentSize : 36 <-- 0.504556 s
currentSize : 37 <-- 0.520653 s
currentSize : 38 <-- 7.955916 s
currentSize : 39 <-- 7.975868 s
currentSize : 40 <-- 80.019363 s
currentSize : 41 <-- 82.660210 s
currentSize : 42 <-- 449.740265 s
currentSize : 43 <-- 569.413879 s
currentSize : 44 <-- 577.203430 s

TIMEOUT
maxsize : 44
nodes : 211786996.000000
filtered : 618777968.000000
time : 1000.000061
