Parameters: GAD=1 vflib=1 dir=0 label=0 vlabel=1 lowerbound=1 fileNameGp=../../cp2016-max-common-connected-subgraph-paper/datasets/graphsdb/mcs50/m2D/m2Dr4/mcs50_m2Dr4_s60.A01 fileNameGt=../../cp2016-max-common-connected-subgraph-paper/datasets/graphsdb/mcs50/m2D/m2Dr4/mcs50_m2Dr4_s60.B01
Reading graphs...
60 :  126
60 :  124
Initializing...
maxdom : 7
D->valSize : 227
Solving...
Blb : 3 (clique : 23)
currentSize : 23 <-- 0.001590 s
currentSize : 24 <-- 0.082578 s
currentSize : 25 <-- 0.338760 s
currentSize : 26 <-- 37.348625 s
currentSize : 27 <-- 44.058388 s
currentSize : 28 <-- 180.527023 s

maxsize : 28
nodes : 55010840.000000
filtered : 367847391.000000
time : 223.708649
