Parameters: GAD=1 vflib=1 dir=0 label=0 vlabel=1 lowerbound=1 fileNameGp=../../cp2016-max-common-connected-subgraph-paper/datasets/graphsdb/mcs50/m2D/m2Dr4/mcs50_m2Dr4_s60.A07 fileNameGt=../../cp2016-max-common-connected-subgraph-paper/datasets/graphsdb/mcs50/m2D/m2Dr4/mcs50_m2Dr4_s60.B07
Reading graphs...
60 :  128
60 :  124
Initializing...
maxdom : 7
D->valSize : 233
Solving...
Blb : 2 (clique : 22)
currentSize : 22 <-- 0.001626 s
currentSize : 23 <-- 0.001913 s
currentSize : 24 <-- 0.002388 s
currentSize : 25 <-- 3.147272 s
currentSize : 26 <-- 8.982132 s
currentSize : 27 <-- 24.892376 s
currentSize : 28 <-- 133.897217 s
currentSize : 29 <-- 218.201736 s

maxsize : 29
nodes : 74112870.000000
filtered : 440663627.000000
time : 299.854218
