Parameters: GAD=1 vflib=1 dir=0 label=0 vlabel=1 lowerbound=1 fileNameGp=../../cp2016-max-common-connected-subgraph-paper/datasets/graphsdb/mcs50/m3D/m3Dr6/mcs50_m3Dr6_s60.A01 fileNameGt=../../cp2016-max-common-connected-subgraph-paper/datasets/graphsdb/mcs50/m3D/m3Dr6/mcs50_m3Dr6_s60.B01
Reading graphs...
60 :  163
60 :  164
Initializing...
maxdom : 7
D->valSize : 255
Solving...
Blb : 2 (clique : 18)
currentSize : 18 <-- 0.001984 s
currentSize : 19 <-- 0.003343 s
currentSize : 20 <-- 0.011053 s
currentSize : 21 <-- 0.016245 s
currentSize : 22 <-- 0.075910 s
currentSize : 23 <-- 0.522554 s
currentSize : 24 <-- 9.103621 s
currentSize : 25 <-- 32.908043 s
currentSize : 26 <-- 47.613445 s
currentSize : 27 <-- 81.232887 s

maxsize : 27
nodes : 29272560.000000
filtered : 187477167.000000
time : 123.321480
