Parameters: GAD=1 vflib=1 dir=0 label=0 vlabel=1 lowerbound=1 fileNameGp=../../cp2016-max-common-connected-subgraph-paper/datasets/graphsdb/mcs50/rand/r01/mcs50_r01_s80.A04 fileNameGt=../../cp2016-max-common-connected-subgraph-paper/datasets/graphsdb/mcs50/rand/r01/mcs50_r01_s80.B04
Reading graphs...
80 :  592
80 :  599
Initializing...
maxdom : 9
D->valSize : 406
Solving...
Blb : 2 (clique : 13)
currentSize : 13 <-- 0.003895 s
currentSize : 14 <-- 0.004103 s
currentSize : 15 <-- 0.012485 s
currentSize : 16 <-- 0.028467 s
currentSize : 17 <-- 0.154170 s
currentSize : 18 <-- 0.163838 s
currentSize : 19 <-- 0.170642 s
currentSize : 21 <-- 0.627218 s
currentSize : 22 <-- 1.251291 s
currentSize : 23 <-- 7.339226 s
currentSize : 26 <-- 12.097434 s
currentSize : 29 <-- 14.010745 s
currentSize : 30 <-- 15.586152 s
currentSize : 33 <-- 15.586275 s
currentSize : 35 <-- 15.753191 s
currentSize : 40 <-- 15.847017 s

maxsize : 40
nodes : 3073662.000000
filtered : 25516305.000000
time : 16.487225
