Parameters: GAD=1 vflib=1 dir=0 label=0 vlabel=1 lowerbound=1 fileNameGp=../../cp2016-max-common-connected-subgraph-paper/datasets/graphsdb/mcs50/rand/r01/mcs50_r01_s50.A06 fileNameGt=../../cp2016-max-common-connected-subgraph-paper/datasets/graphsdb/mcs50/rand/r01/mcs50_r01_s50.B06
Reading graphs...
50 :  234
50 :  229
Initializing...
maxdom : 12
D->valSize : 336
Solving...
Blb : 5 (clique : 15)
currentSize : 15 <-- 0.002411 s
currentSize : 16 <-- 0.002693 s
currentSize : 17 <-- 0.008220 s
currentSize : 18 <-- 0.065416 s
currentSize : 19 <-- 0.256229 s
currentSize : 20 <-- 0.381251 s
currentSize : 21 <-- 0.381337 s
currentSize : 22 <-- 0.381472 s
currentSize : 23 <-- 0.413291 s
currentSize : 25 <-- 0.844000 s

maxsize : 25
nodes : 279811.000000
filtered : 3703363.000000
time : 1.362131
