Parameters: GAD=1 vflib=1 dir=0 label=0 vlabel=1 lowerbound=1 fileNameGp=../../cp2016-max-common-connected-subgraph-paper/datasets/graphsdb/mcs50/rand/r01/mcs50_r01_s60.A05 fileNameGt=../../cp2016-max-common-connected-subgraph-paper/datasets/graphsdb/mcs50/rand/r01/mcs50_r01_s60.B05
Reading graphs...
60 :  342
60 :  331
Initializing...
maxdom : 7
D->valSize : 258
Solving...
Blb : 2 (clique : 12)
currentSize : 12 <-- 0.001858 s
currentSize : 13 <-- 0.002112 s
currentSize : 14 <-- 0.005847 s
currentSize : 15 <-- 0.010961 s
currentSize : 16 <-- 0.067168 s
currentSize : 17 <-- 0.138725 s
currentSize : 18 <-- 0.251271 s
currentSize : 19 <-- 0.443703 s
currentSize : 21 <-- 0.708173 s
currentSize : 22 <-- 0.789886 s
currentSize : 25 <-- 0.835124 s
currentSize : 26 <-- 0.836332 s
currentSize : 27 <-- 0.864905 s
currentSize : 30 <-- 0.919397 s

maxsize : 30
nodes : 234045.000000
filtered : 1576743.000000
time : 1.024508
