Parameters: GAD=1 vflib=1 dir=0 label=0 vlabel=1 lowerbound=1 fileNameGp=../../cp2016-max-common-connected-subgraph-paper/datasets/graphsdb/mcs50/m2D/m2Dr2/mcs50_m2Dr2_s60.A01 fileNameGt=../../cp2016-max-common-connected-subgraph-paper/datasets/graphsdb/mcs50/m2D/m2Dr2/mcs50_m2Dr2_s60.B01
Reading graphs...
60 :  115
60 :  115
Initializing...
maxdom : 8
D->valSize : 263
Solving...
Blb : 2 (clique : 22)
currentSize : 22 <-- 0.001910 s
currentSize : 23 <-- 0.020430 s
currentSize : 24 <-- 0.022695 s
currentSize : 25 <-- 0.056755 s
currentSize : 26 <-- 2.382685 s
currentSize : 27 <-- 3.474692 s
currentSize : 28 <-- 5.108003 s
currentSize : 29 <-- 41.089626 s
currentSize : 30 <-- 119.910957 s

maxsize : 30
nodes : 60604230.000000
filtered : 449626736.000000
time : 265.593414
