Parameters: GAD=1 vflib=1 dir=0 label=0 vlabel=1 lowerbound=1 fileNameGp=../../cp2016-max-common-connected-subgraph-paper/datasets/graphsdb/mcs50/bvg/b03m/mcs50_b03m_s60.A08 fileNameGt=../../cp2016-max-common-connected-subgraph-paper/datasets/graphsdb/mcs50/bvg/b03m/mcs50_b03m_s60.B08
Reading graphs...
60 :  90
60 :  90
Initializing...
maxdom : 9
D->valSize : 268
Solving...
Blb : 2 (clique : 26)
currentSize : 26 <-- 0.001907 s
currentSize : 27 <-- 0.002063 s
currentSize : 28 <-- 0.002136 s
currentSize : 29 <-- 0.015902 s
currentSize : 30 <-- 0.021927 s
currentSize : 32 <-- 2.368163 s
currentSize : 33 <-- 13.369873 s
currentSize : 34 <-- 14.320542 s

maxsize : 34
nodes : 7175720.000000
filtered : 50027781.000000
time : 31.281301
