Parameters: GAD=1 vflib=1 dir=0 label=0 vlabel=1 lowerbound=1 fileNameGp=../../cp2016-max-common-connected-subgraph-paper/datasets/graphsdb/mcs50/bvg/b06m/mcs50_b06m_s80.A01 fileNameGt=../../cp2016-max-common-connected-subgraph-paper/datasets/graphsdb/mcs50/bvg/b06m/mcs50_b06m_s80.B01
Reading graphs...
80 :  238
80 :  237
Initializing...
maxdom : 9
D->valSize : 443
Solving...
Blb : 3 (clique : 33)
currentSize : 33 <-- 0.004305 s
currentSize : 34 <-- 166.338470 s
currentSize : 36 <-- 166.367508 s
currentSize : 37 <-- 266.303162 s
currentSize : 38 <-- 489.153229 s
currentSize : 39 <-- 728.573486 s
currentSize : 40 <-- 729.378479 s

TIMEOUT
maxsize : 40
nodes : 216644931.000000
filtered : 939995685.000000
time : 1000.000061
