Parameters: GAD=1 vflib=1 dir=0 label=0 vlabel=1 lowerbound=1 fileNameGp=../../cp2016-max-common-connected-subgraph-paper/datasets/graphsdb/mcs50/bvg/b09m/mcs50_b09m_s80.A00 fileNameGt=../../cp2016-max-common-connected-subgraph-paper/datasets/graphsdb/mcs50/bvg/b09m/mcs50_b09m_s80.B00
Reading graphs...
80 :  353
80 :  350
Initializing...
maxdom : 8
D->valSize : 446
Solving...
Blb : 2 (clique : 26)
currentSize : 26 <-- 0.006998 s
currentSize : 27 <-- 0.007381 s
currentSize : 28 <-- 0.007718 s
currentSize : 29 <-- 0.007825 s
currentSize : 30 <-- 2.830746 s
currentSize : 32 <-- 2.830880 s
currentSize : 33 <-- 2.851045 s
currentSize : 34 <-- 2.851086 s
currentSize : 35 <-- 2.851936 s
currentSize : 36 <-- 5.295586 s
currentSize : 37 <-- 5.301605 s
currentSize : 38 <-- 5.301688 s
currentSize : 39 <-- 5.369933 s
currentSize : 40 <-- 5.370024 s

maxsize : 40
nodes : 75702338.000000
filtered : 485154684.000000
time : 389.154053
