Parameters: GAD=1 vflib=1 dir=0 label=0 vlabel=1 lowerbound=1 fileNameGp=../../cp2016-max-common-connected-subgraph-paper/datasets/graphsdb/mcs50/m2D/m2Dr6/mcs50_m2Dr6_s60.A00 fileNameGt=../../cp2016-max-common-connected-subgraph-paper/datasets/graphsdb/mcs50/m2D/m2Dr6/mcs50_m2Dr6_s60.B00
Reading graphs...
60 :  137
60 :  138
Initializing...
maxdom : 6
D->valSize : 244
Solving...
Blb : 2 (clique : 21)
currentSize : 21 <-- 0.001701 s
currentSize : 22 <-- 0.006927 s
currentSize : 23 <-- 0.008084 s
currentSize : 24 <-- 0.008646 s
currentSize : 25 <-- 0.027741 s
currentSize : 26 <-- 0.086653 s
currentSize : 27 <-- 0.215136 s
currentSize : 28 <-- 0.660099 s
currentSize : 29 <-- 10.253415 s
currentSize : 30 <-- 14.754061 s
currentSize : 31 <-- 14.830923 s

maxsize : 31
nodes : 5810193.000000
filtered : 41818457.000000
time : 25.267208
