Parameters: GAD=1 vflib=1 dir=0 label=0 vlabel=1 lowerbound=1 fileNameGp=../../cp2016-max-common-connected-subgraph-paper/datasets/graphsdb/mcs50/m3D/m3Dr4/mcs50_m3Dr4_s60.A03 fileNameGt=../../cp2016-max-common-connected-subgraph-paper/datasets/graphsdb/mcs50/m3D/m3Dr4/mcs50_m3Dr4_s60.B03
Reading graphs...
60 :  157
60 :  156
Initializing...
maxdom : 7
D->valSize : 245
Solving...
Blb : 3 (clique : 20)
currentSize : 20 <-- 0.001688 s
currentSize : 21 <-- 0.013991 s
currentSize : 22 <-- 0.177186 s
currentSize : 23 <-- 0.389525 s
currentSize : 24 <-- 0.444993 s
currentSize : 25 <-- 1.007380 s
currentSize : 26 <-- 1.007720 s
currentSize : 28 <-- 6.702927 s
currentSize : 29 <-- 7.616746 s

maxsize : 29
nodes : 2587689.000000
filtered : 14998696.000000
time : 10.579237
