Parameters: GAD=1 vflib=1 dir=0 label=0 vlabel=1 lowerbound=1 fileNameGp=../../cp2016-max-common-connected-subgraph-paper/datasets/graphsdb/mcs50/bvg/b03/mcs50_b03_s40.A04 fileNameGt=../../cp2016-max-common-connected-subgraph-paper/datasets/graphsdb/mcs50/bvg/b03/mcs50_b03_s40.B04
Reading graphs...
40 :  60
40 :  60
Initializing...
maxdom : 12
D->valSize : 278
Solving...
Blb : 2 (clique : 15)
currentSize : 15 <-- 0.001655 s
currentSize : 18 <-- 0.001737 s
currentSize : 19 <-- 0.002023 s
currentSize : 20 <-- 0.003366 s
currentSize : 21 <-- 0.007206 s
currentSize : 22 <-- 0.009828 s
currentSize : 23 <-- 0.904871 s
currentSize : 24 <-- 0.935818 s

maxsize : 24
nodes : 307195.000000
filtered : 3363682.000000
time : 1.352231
