Parameters: GAD=1 vflib=1 dir=0 label=0 vlabel=1 lowerbound=1 fileNameGp=../../cp2016-max-common-connected-subgraph-paper/datasets/graphsdb/mcs50/m2D/m2Dr2/mcs50_m2Dr2_s70.A07 fileNameGt=../../cp2016-max-common-connected-subgraph-paper/datasets/graphsdb/mcs50/m2D/m2Dr2/mcs50_m2Dr2_s70.B07
Reading graphs...
70 :  136
70 :  137
Initializing...
maxdom : 11
D->valSize : 337
Solving...
Blb : 3 (clique : 29)
currentSize : 29 <-- 0.002845 s
currentSize : 30 <-- 0.049034 s
currentSize : 31 <-- 5.496678 s
currentSize : 32 <-- 24.905781 s
currentSize : 33 <-- 34.987167 s
currentSize : 35 <-- 51.510590 s
currentSize : 36 <-- 51.662872 s
currentSize : 37 <-- 78.011650 s
currentSize : 38 <-- 82.468781 s
currentSize : 39 <-- 82.585533 s

maxsize : 39
nodes : 35041470.000000
filtered : 194718844.000000
time : 153.003342
