Parameters: GAD=1 vflib=1 dir=0 label=0 vlabel=1 lowerbound=1 fileNameGp=../../cp2016-max-common-connected-subgraph-paper/datasets/graphsdb/mcs50/bvg/b03m/mcs50_b03m_s100.A02 fileNameGt=../../cp2016-max-common-connected-subgraph-paper/datasets/graphsdb/mcs50/bvg/b03m/mcs50_b03m_s100.B02
Reading graphs...
100 :  149
100 :  149
Initializing...
maxdom : 7
D->valSize : 358
Solving...
Blb : 3 (clique : 44)
currentSize : 44 <-- 0.006077 s
currentSize : 46 <-- 0.035992 s
currentSize : 47 <-- 0.041078 s
currentSize : 48 <-- 50.834259 s
currentSize : 49 <-- 189.069382 s
currentSize : 50 <-- 570.295227 s
currentSize : 51 <-- 602.260681 s

TIMEOUT
maxsize : 51
nodes : 197992992.000000
filtered : 713393881.000000
time : 1000.000122
