Parameters: GAD=1 vflib=1 dir=0 label=0 vlabel=1 lowerbound=1 fileNameGp=../../cp2016-max-common-connected-subgraph-paper/datasets/graphsdb/mcs50/m2D/m2D/mcs50_m2D_s50.A07 fileNameGt=../../cp2016-max-common-connected-subgraph-paper/datasets/graphsdb/mcs50/m2D/m2D/mcs50_m2D_s50.B07
Reading graphs...
50 :  85
50 :  84
Initializing...
maxdom : 10
D->valSize : 310
Solving...
Blb : 3 (clique : 21)
currentSize : 21 <-- 0.002328 s
currentSize : 22 <-- 0.002697 s
currentSize : 23 <-- 0.010486 s
currentSize : 24 <-- 0.033725 s
currentSize : 25 <-- 1.196333 s
currentSize : 26 <-- 4.218597 s
currentSize : 27 <-- 6.363820 s
currentSize : 28 <-- 6.503898 s
currentSize : 29 <-- 6.983611 s
currentSize : 30 <-- 7.163152 s
currentSize : 31 <-- 7.437933 s

maxsize : 31
nodes : 2188836.000000
filtered : 17226248.000000
time : 8.520061
