Parameters: GAD=1 vflib=1 dir=0 label=0 vlabel=1 lowerbound=1 fileNameGp=../../cp2016-max-common-connected-subgraph-paper/datasets/graphsdb/mcs50/m3D/m3Dr4/mcs50_m3Dr4_s50.A01 fileNameGt=../../cp2016-max-common-connected-subgraph-paper/datasets/graphsdb/mcs50/m3D/m3Dr4/mcs50_m3Dr4_s50.B01
Reading graphs...
50 :  126
50 :  126
Initializing...
maxdom : 13
D->valSize : 361
Solving...
Blb : 5 (clique : 17)
currentSize : 17 <-- 0.004247 s
currentSize : 18 <-- 0.005677 s
currentSize : 19 <-- 0.027881 s
currentSize : 20 <-- 0.043847 s
currentSize : 21 <-- 0.170566 s
currentSize : 22 <-- 6.064122 s
currentSize : 23 <-- 7.148818 s
currentSize : 24 <-- 42.127502 s
currentSize : 25 <-- 42.144665 s
currentSize : 26 <-- 42.160347 s
currentSize : 27 <-- 56.852810 s

maxsize : 27
nodes : 14665895.000000
filtered : 168638188.000000
time : 64.691666
