Parameters: GAD=1 vflib=1 dir=0 label=0 vlabel=1 lowerbound=1 fileNameGp=../../cp2016-max-common-connected-subgraph-paper/datasets/graphsdb/mcs50/bvg/b03/mcs50_b03_s60.A06 fileNameGt=../../cp2016-max-common-connected-subgraph-paper/datasets/graphsdb/mcs50/bvg/b03/mcs50_b03_s60.B06
Reading graphs...
60 :  90
60 :  89
Initializing...
maxdom : 8
D->valSize : 275
Solving...
Blb : 2 (clique : 27)
currentSize : 27 <-- 0.001968 s
currentSize : 28 <-- 0.011460 s
currentSize : 29 <-- 0.695714 s
currentSize : 30 <-- 25.909584 s
currentSize : 31 <-- 57.390911 s
currentSize : 32 <-- 123.584206 s

maxsize : 32
nodes : 29453273.000000
filtered : 212307155.000000
time : 128.042221
