Parameters: GAD=1 vflib=1 dir=0 label=0 vlabel=1 lowerbound=1 fileNameGp=../../cp2016-max-common-connected-subgraph-paper/datasets/graphsdb/mcs50/bvg/b09/mcs50_b09_s40.A03 fileNameGt=../../cp2016-max-common-connected-subgraph-paper/datasets/graphsdb/mcs50/bvg/b09/mcs50_b09_s40.B03
Reading graphs...
40 :  178
40 :  176
Initializing...
maxdom : 7
D->valSize : 211
Solving...
Blb : 2 (clique : 10)
currentSize : 10 <-- 0.001301 s
currentSize : 11 <-- 0.001384 s
currentSize : 12 <-- 0.002476 s
currentSize : 13 <-- 0.011541 s
currentSize : 14 <-- 0.114862 s
currentSize : 16 <-- 0.115099 s
currentSize : 17 <-- 0.161437 s
currentSize : 19 <-- 0.161455 s
currentSize : 20 <-- 0.206170 s
currentSize : 21 <-- 0.209108 s

maxsize : 21
nodes : 67066.000000
filtered : 441680.000000
time : 0.287523
