Parameters: GAD=1 vflib=1 dir=0 label=0 vlabel=1 lowerbound=1 fileNameGp=../../cp2016-max-common-connected-subgraph-paper/datasets/graphsdb/mcs50/rand/r005/mcs50_r005_s80.A07 fileNameGt=../../cp2016-max-common-connected-subgraph-paper/datasets/graphsdb/mcs50/rand/r005/mcs50_r005_s80.B07
Reading graphs...
80 :  312
80 :  305
Initializing...
maxdom : 8
D->valSize : 430
Solving...
Blb : 2 (clique : 27)
currentSize : 27 <-- 0.004071 s
currentSize : 28 <-- 0.007421 s
currentSize : 29 <-- 0.009800 s
currentSize : 30 <-- 0.040436 s
currentSize : 31 <-- 0.044860 s
currentSize : 34 <-- 0.064032 s
currentSize : 35 <-- 0.064270 s
currentSize : 37 <-- 0.064589 s
currentSize : 40 <-- 5.947902 s

maxsize : 40
nodes : 19553730.000000
filtered : 207707335.000000
time : 116.368095
