Parameters: GAD=1 vflib=1 dir=0 label=0 vlabel=1 lowerbound=1 fileNameGp=../../cp2016-max-common-connected-subgraph-paper/datasets/graphsdb/mcs50/rand/r02/mcs50_r02_s80.A08 fileNameGt=../../cp2016-max-common-connected-subgraph-paper/datasets/graphsdb/mcs50/rand/r02/mcs50_r02_s80.B08
Reading graphs...
80 :  1130
80 :  1127
Initializing...
maxdom : 8
D->valSize : 435
Solving...
Blb : 5 (clique : 11)
currentSize : 11 <-- 0.004002 s
currentSize : 12 <-- 0.004281 s
currentSize : 13 <-- 0.005570 s
currentSize : 14 <-- 0.005894 s
currentSize : 15 <-- 0.005989 s
currentSize : 16 <-- 0.008503 s
currentSize : 17 <-- 0.009434 s
currentSize : 23 <-- 0.010079 s
currentSize : 25 <-- 0.015250 s
currentSize : 31 <-- 0.018558 s
currentSize : 40 <-- 0.018909 s

maxsize : 40
nodes : 34164.000000
filtered : 876680.000000
time : 0.275120
