Parameters: GAD=1 vflib=1 dir=0 label=0 vlabel=1 lowerbound=1 fileNameGp=../../cp2016-max-common-connected-subgraph-paper/datasets/graphsdb/mcs50/rand/r02/mcs50_r02_s70.A07 fileNameGt=../../cp2016-max-common-connected-subgraph-paper/datasets/graphsdb/mcs50/rand/r02/mcs50_r02_s70.B07
Reading graphs...
70 :  863
70 :  869
Initializing...
maxdom : 10
D->valSize : 330
Solving...
Blb : 3 (clique : 10)
currentSize : 10 <-- 0.002532 s
currentSize : 11 <-- 0.002654 s
currentSize : 12 <-- 0.002801 s
currentSize : 13 <-- 0.002930 s
currentSize : 15 <-- 0.003334 s
currentSize : 18 <-- 0.003486 s
currentSize : 20 <-- 0.186375 s
currentSize : 23 <-- 0.186622 s
currentSize : 35 <-- 0.187198 s

maxsize : 35
nodes : 48089.000000
filtered : 556777.000000
time : 0.262277
