Parameters: GAD=1 vflib=1 dir=0 label=0 vlabel=1 lowerbound=1 fileNameGp=../../cp2016-max-common-connected-subgraph-paper/datasets/graphsdb/mcs50/rand/r005/mcs50_r005_s40.A06 fileNameGt=../../cp2016-max-common-connected-subgraph-paper/datasets/graphsdb/mcs50/rand/r005/mcs50_r005_s40.B06
Reading graphs...
40 :  76
40 :  77
Initializing...
maxdom : 8
D->valSize : 209
Solving...
Blb : 2 (clique : 15)
currentSize : 15 <-- 0.001866 s
currentSize : 16 <-- 0.002031 s
currentSize : 17 <-- 0.002151 s
currentSize : 18 <-- 0.003245 s
currentSize : 19 <-- 0.010430 s
currentSize : 20 <-- 0.018879 s
currentSize : 21 <-- 0.054962 s

maxsize : 21
nodes : 169982.000000
filtered : 1584852.000000
time : 0.657128
