Parameters: GAD=1 vflib=1 dir=0 label=0 vlabel=1 lowerbound=1 fileNameGp=../../cp2016-max-common-connected-subgraph-paper/datasets/graphsdb/mcs50/rand/r005/mcs50_r005_s50.A06 fileNameGt=../../cp2016-max-common-connected-subgraph-paper/datasets/graphsdb/mcs50/rand/r005/mcs50_r005_s50.B06
Reading graphs...
50 :  119
50 :  116
Initializing...
maxdom : 9
D->valSize : 325
Solving...
Blb : 3 (clique : 19)
currentSize : 19 <-- 0.002323 s
currentSize : 21 <-- 0.002480 s
currentSize : 22 <-- 0.004058 s
currentSize : 23 <-- 0.139012 s
currentSize : 24 <-- 0.446431 s
currentSize : 25 <-- 0.512725 s

maxsize : 25
nodes : 13107475.000000
filtered : 143961670.000000
time : 58.633896
