Parameters: GAD=1 vflib=1 dir=0 label=0 vlabel=1 lowerbound=1 fileNameGp=../../cp2016-max-common-connected-subgraph-paper/datasets/graphsdb/mcs50/bvg/b03/mcs50_b03_s60.A00 fileNameGt=../../cp2016-max-common-connected-subgraph-paper/datasets/graphsdb/mcs50/bvg/b03/mcs50_b03_s60.B00
Reading graphs...
60 :  90
60 :  89
Initializing...
maxdom : 8
D->valSize : 245
Solving...
Blb : 2 (clique : 24)
currentSize : 24 <-- 0.001742 s
currentSize : 25 <-- 0.001891 s
currentSize : 26 <-- 0.002206 s
currentSize : 27 <-- 0.007523 s
currentSize : 28 <-- 0.035666 s
currentSize : 31 <-- 0.133326 s
currentSize : 32 <-- 0.145246 s
currentSize : 33 <-- 0.305188 s
currentSize : 34 <-- 1.333588 s
currentSize : 35 <-- 13.933426 s

maxsize : 35
nodes : 4529899.000000
filtered : 27035403.000000
time : 18.829273
