Parameters: GAD=1 vflib=1 dir=0 label=0 vlabel=1 lowerbound=1 fileNameGp=../../cp2016-max-common-connected-subgraph-paper/datasets/graphsdb/mcs50/bvg/b06/mcs50_b06_s70.A05 fileNameGt=../../cp2016-max-common-connected-subgraph-paper/datasets/graphsdb/mcs50/bvg/b06/mcs50_b06_s70.B05
Reading graphs...
70 :  209
70 :  209
Initializing...
maxdom : 9
D->valSize : 356
Solving...
Blb : 5 (clique : 21)
currentSize : 21 <-- 0.003055 s
currentSize : 22 <-- 0.003441 s
currentSize : 23 <-- 0.013072 s
currentSize : 24 <-- 0.037496 s
currentSize : 25 <-- 0.088888 s
currentSize : 26 <-- 0.093112 s
currentSize : 27 <-- 22.926683 s
currentSize : 28 <-- 119.452751 s
currentSize : 29 <-- 119.535965 s
currentSize : 30 <-- 121.371162 s
currentSize : 31 <-- 288.230621 s
currentSize : 32 <-- 288.230743 s
currentSize : 33 <-- 288.230835 s
currentSize : 34 <-- 288.258087 s
currentSize : 35 <-- 288.301819 s

maxsize : 35
nodes : 89053985.000000
filtered : 730007589.000000
time : 428.510376
