Parameters: GAD=1 vflib=1 dir=0 label=0 vlabel=1 lowerbound=1 fileNameGp=../../cp2016-max-common-connected-subgraph-paper/datasets/graphsdb/mcs50/rand/r01/mcs50_r01_s70.A02 fileNameGt=../../cp2016-max-common-connected-subgraph-paper/datasets/graphsdb/mcs50/rand/r01/mcs50_r01_s70.B02
Reading graphs...
70 :  459
70 :  461
Initializing...
maxdom : 8
D->valSize : 362
Solving...
Blb : 2 (clique : 13)
currentSize : 13 <-- 0.003039 s
currentSize : 14 <-- 0.003143 s
currentSize : 15 <-- 0.014245 s
currentSize : 16 <-- 0.016578 s
currentSize : 17 <-- 0.049905 s
currentSize : 18 <-- 0.065492 s
currentSize : 19 <-- 0.140210 s
currentSize : 23 <-- 0.191170 s
currentSize : 24 <-- 0.191202 s
currentSize : 25 <-- 0.463690 s
currentSize : 31 <-- 0.552232 s
currentSize : 35 <-- 0.642712 s

maxsize : 35
nodes : 178687.000000
filtered : 1983239.000000
time : 0.981819
