Parameters: GAD=1 vflib=1 dir=0 label=0 vlabel=1 lowerbound=1 fileNameGp=../../cp2016-max-common-connected-subgraph-paper/datasets/graphsdb/mcs50/bvg/b06m/mcs50_b06m_s50.A06 fileNameGt=../../cp2016-max-common-connected-subgraph-paper/datasets/graphsdb/mcs50/bvg/b06m/mcs50_b06m_s50.B06
Reading graphs...
50 :  146
50 :  148
Initializing...
maxdom : 9
D->valSize : 314
Solving...
Blb : 5 (clique : 19)
currentSize : 19 <-- 0.002132 s
currentSize : 20 <-- 0.611398 s
currentSize : 21 <-- 13.221670 s
currentSize : 22 <-- 13.221723 s
currentSize : 23 <-- 15.649684 s
currentSize : 24 <-- 15.715021 s
currentSize : 25 <-- 16.669241 s

maxsize : 25
nodes : 7136118.000000
filtered : 62951433.000000
time : 28.670536
