Parameters: GAD=1 vflib=1 dir=0 label=0 vlabel=1 lowerbound=1 fileNameGp=../../cp2016-max-common-connected-subgraph-paper/datasets/graphsdb/mcs50/m2D/m2Dr4/mcs50_m2Dr4_s70.A07 fileNameGt=../../cp2016-max-common-connected-subgraph-paper/datasets/graphsdb/mcs50/m2D/m2Dr4/mcs50_m2Dr4_s70.B07
Reading graphs...
70 :  150
70 :  148
Initializing...
maxdom : 7
D->valSize : 317
Solving...
Blb : 3 (clique : 25)
currentSize : 25 <-- 0.002492 s
currentSize : 26 <-- 0.007462 s
currentSize : 27 <-- 2.542477 s
currentSize : 28 <-- 6.909843 s
currentSize : 29 <-- 8.441089 s
currentSize : 30 <-- 47.633896 s
currentSize : 31 <-- 48.075733 s
currentSize : 32 <-- 102.798386 s
currentSize : 33 <-- 102.813385 s
currentSize : 34 <-- 169.542908 s
currentSize : 35 <-- 207.076599 s
currentSize : 37 <-- 422.932617 s

maxsize : 37
nodes : 216507690.000000
filtered : 1239382537.000000
time : 956.461853
