Parameters: GAD=1 vflib=1 dir=0 label=0 vlabel=1 lowerbound=1 fileNameGp=../../cp2016-max-common-connected-subgraph-paper/datasets/graphsdb/mcs50/bvg/b06/mcs50_b06_s70.A04 fileNameGt=../../cp2016-max-common-connected-subgraph-paper/datasets/graphsdb/mcs50/bvg/b06/mcs50_b06_s70.B04
Reading graphs...
70 :  208
70 :  210
Initializing...
maxdom : 7
D->valSize : 322
Solving...
Blb : 2 (clique : 22)
currentSize : 22 <-- 0.002658 s
currentSize : 23 <-- 0.005645 s
currentSize : 24 <-- 0.007590 s
currentSize : 25 <-- 0.571497 s
currentSize : 26 <-- 8.880927 s
currentSize : 27 <-- 15.800185 s
currentSize : 28 <-- 22.497452 s
currentSize : 29 <-- 23.986307 s
currentSize : 30 <-- 31.585640 s
currentSize : 31 <-- 95.360603 s
currentSize : 32 <-- 121.167809 s
currentSize : 33 <-- 121.169601 s
currentSize : 34 <-- 150.255783 s
currentSize : 35 <-- 151.469666 s
currentSize : 36 <-- 151.472214 s

maxsize : 36
nodes : 45287811.000000
filtered : 301780657.000000
time : 218.698395
