Parameters: GAD=1 vflib=1 dir=0 label=0 vlabel=1 lowerbound=1 fileNameGp=../../cp2016-max-common-connected-subgraph-paper/datasets/graphsdb/mcs50/m2D/m2D/mcs50_m2D_s80.A00 fileNameGt=../../cp2016-max-common-connected-subgraph-paper/datasets/graphsdb/mcs50/m2D/m2D/mcs50_m2D_s80.B00
Reading graphs...
80 :  142
80 :  141
Initializing...
maxdom : 9
D->valSize : 432
Solving...
Blb : 2 (clique : 30)
currentSize : 30 <-- 0.006787 s
currentSize : 32 <-- 0.007094 s
currentSize : 33 <-- 0.007181 s
currentSize : 34 <-- 0.008837 s
currentSize : 35 <-- 0.016072 s
currentSize : 36 <-- 0.840676 s
currentSize : 37 <-- 313.961334 s
currentSize : 38 <-- 314.997864 s
currentSize : 39 <-- 581.032776 s

TIMEOUT
maxsize : 39
nodes : 199865835.000000
filtered : 1388553797.000000
time : 1000.000061
