Parameters: GAD=1 vflib=1 dir=0 label=0 vlabel=1 lowerbound=1 fileNameGp=../../cp2016-max-common-connected-subgraph-paper/datasets/graphsdb/mcs50/m3D/m3D/mcs50_m3D_s60.A02 fileNameGt=../../cp2016-max-common-connected-subgraph-paper/datasets/graphsdb/mcs50/m3D/m3D/mcs50_m3D_s60.B02
Reading graphs...
60 :  133
60 :  134
Initializing...
maxdom : 7
D->valSize : 237
Solving...
Blb : 2 (clique : 22)
currentSize : 22 <-- 0.001664 s
currentSize : 23 <-- 0.003221 s
currentSize : 24 <-- 0.015640 s
currentSize : 25 <-- 0.015959 s
currentSize : 26 <-- 0.016835 s
currentSize : 27 <-- 0.309017 s
currentSize : 28 <-- 0.327554 s
currentSize : 29 <-- 0.448867 s

maxsize : 29
nodes : 3749188.000000
filtered : 22516462.000000
time : 15.318500
