Parameters: GAD=1 vflib=1 dir=0 label=0 vlabel=1 lowerbound=1 fileNameGp=../../cp2016-max-common-connected-subgraph-paper/datasets/graphsdb/mcs50/bvg/b03m/mcs50_b03m_s50.A07 fileNameGt=../../cp2016-max-common-connected-subgraph-paper/datasets/graphsdb/mcs50/bvg/b03m/mcs50_b03m_s50.B07
Reading graphs...
50 :  75
50 :  74
Initializing...
maxdom : 11
D->valSize : 355
Solving...
Blb : 2 (clique : 23)
currentSize : 23 <-- 0.002760 s
currentSize : 24 <-- 0.008030 s
currentSize : 25 <-- 0.008879 s
currentSize : 26 <-- 0.161465 s
currentSize : 27 <-- 186.353989 s
currentSize : 28 <-- 188.346039 s

maxsize : 28
nodes : 96335511.000000
filtered : 962474027.000000
time : 405.766235
