Parameters: GAD=1 vflib=1 dir=0 label=0 vlabel=1 lowerbound=1 fileNameGp=../../cp2016-max-common-connected-subgraph-paper/datasets/graphsdb/mcs50/rand/r005/mcs50_r005_s40.A08 fileNameGt=../../cp2016-max-common-connected-subgraph-paper/datasets/graphsdb/mcs50/rand/r005/mcs50_r005_s40.B08
Reading graphs...
40 :  78
40 :  76
Initializing...
maxdom : 8
D->valSize : 210
Solving...
Blb : 2 (clique : 15)
currentSize : 15 <-- 0.001212 s
currentSize : 16 <-- 0.001311 s
currentSize : 17 <-- 0.001540 s
currentSize : 18 <-- 0.008926 s
currentSize : 19 <-- 0.434278 s
currentSize : 20 <-- 0.434357 s
currentSize : 21 <-- 0.446600 s

maxsize : 21
nodes : 351165.000000
filtered : 2485055.000000
time : 1.298869
