Parameters: GAD=1 vflib=1 dir=0 label=0 vlabel=1 lowerbound=1 fileNameGp=../../cp2016-max-common-connected-subgraph-paper/datasets/graphsdb/mcs50/bvg/b09m/mcs50_b09m_s100.A03 fileNameGt=../../cp2016-max-common-connected-subgraph-paper/datasets/graphsdb/mcs50/bvg/b09m/mcs50_b09m_s100.B03
Reading graphs...
100 :  442
100 :  438
Initializing...
maxdom : 8
D->valSize : 329
Solving...
Blb : 3 (clique : 43)
currentSize : 43 <-- 0.003310 s
currentSize : 45 <-- 0.266629 s
currentSize : 47 <-- 0.266770 s
currentSize : 49 <-- 4.074110 s
currentSize : 51 <-- 31.211796 s

maxsize : 51
nodes : 19665428.000000
filtered : 65862398.000000
time : 102.393600
