Parameters: GAD=1 vflib=1 dir=0 label=0 vlabel=1 lowerbound=1 fileNameGp=../../cp2016-max-common-connected-subgraph-paper/datasets/graphsdb/mcs50/m2D/m2Dr6/mcs50_m2Dr6_s60.A07 fileNameGt=../../cp2016-max-common-connected-subgraph-paper/datasets/graphsdb/mcs50/m2D/m2Dr6/mcs50_m2Dr6_s60.B07
Reading graphs...
60 :  136
60 :  134
Initializing...
maxdom : 9
D->valSize : 230
Solving...
Blb : 5 (clique : 23)
currentSize : 23 <-- 0.001587 s
currentSize : 24 <-- 0.001820 s
currentSize : 25 <-- 0.012118 s
currentSize : 26 <-- 1.496704 s
currentSize : 27 <-- 2.229232 s
currentSize : 28 <-- 16.827415 s
currentSize : 29 <-- 20.689674 s
currentSize : 30 <-- 50.711018 s

maxsize : 30
nodes : 16322109.000000
filtered : 96688338.000000
time : 65.681801
