Parameters: GAD=1 vflib=1 dir=0 label=0 vlabel=1 lowerbound=1 fileNameGp=../../cp2016-max-common-connected-subgraph-paper/datasets/graphsdb/mcs50/bvg/b06m/mcs50_b06m_s90.A08 fileNameGt=../../cp2016-max-common-connected-subgraph-paper/datasets/graphsdb/mcs50/bvg/b06m/mcs50_b06m_s90.B08
Reading graphs...
90 :  268
90 :  267
Initializing...
maxdom : 9
D->valSize : 510
Solving...
Blb : 3 (clique : 34)
currentSize : 34 <-- 0.005745 s
currentSize : 36 <-- 0.050079 s
currentSize : 37 <-- 0.616938 s
currentSize : 38 <-- 0.617116 s
currentSize : 39 <-- 0.618962 s
currentSize : 40 <-- 221.028778 s
currentSize : 41 <-- 225.188843 s

TIMEOUT
maxsize : 41
nodes : 177689816.000000
filtered : 1341631072.000000
time : 1000.000061
