Parameters: GAD=1 vflib=1 dir=0 label=0 vlabel=1 lowerbound=1 fileNameGp=../../cp2016-max-common-connected-subgraph-paper/datasets/graphsdb/mcs50/bvg/b03/mcs50_b03_s60.A05 fileNameGt=../../cp2016-max-common-connected-subgraph-paper/datasets/graphsdb/mcs50/bvg/b03/mcs50_b03_s60.B05
Reading graphs...
60 :  89
60 :  90
Initializing...
maxdom : 8
D->valSize : 241
Solving...
Blb : 2 (clique : 21)
currentSize : 21 <-- 0.002620 s
currentSize : 22 <-- 0.003081 s
currentSize : 23 <-- 0.003525 s
currentSize : 24 <-- 0.013670 s
currentSize : 25 <-- 0.030756 s
currentSize : 26 <-- 0.070032 s
currentSize : 27 <-- 0.108490 s
currentSize : 28 <-- 1.179202 s
currentSize : 29 <-- 2.343107 s
currentSize : 30 <-- 9.023795 s
currentSize : 31 <-- 9.069275 s
currentSize : 32 <-- 12.184726 s

maxsize : 32
nodes : 4889626.000000
filtered : 26394722.000000
time : 20.372349
