Parameters: GAD=1 vflib=1 dir=0 label=0 vlabel=1 lowerbound=1 fileNameGp=../../cp2016-max-common-connected-subgraph-paper/datasets/graphsdb/mcs50/m2D/m2Dr6/mcs50_m2Dr6_s80.A06 fileNameGt=../../cp2016-max-common-connected-subgraph-paper/datasets/graphsdb/mcs50/m2D/m2Dr6/mcs50_m2Dr6_s80.B06
Reading graphs...
80 :  190
80 :  188
Initializing...
maxdom : 8
D->valSize : 423
Solving...
Blb : 3 (clique : 27)
currentSize : 27 <-- 0.004074 s
currentSize : 30 <-- 0.004269 s
currentSize : 31 <-- 0.004397 s
currentSize : 32 <-- 0.008116 s
currentSize : 33 <-- 0.014899 s
currentSize : 34 <-- 0.040642 s
currentSize : 35 <-- 4.014074 s
currentSize : 36 <-- 4.214240 s

TIMEOUT
maxsize : 36
nodes : 185662011.000000
filtered : 1419933405.000000
time : 1000.000061
