Parameters: GAD=1 vflib=1 dir=0 label=0 vlabel=1 lowerbound=1 fileNameGp=../../cp2016-max-common-connected-subgraph-paper/datasets/graphsdb/mcs50/m4D/m4Dr6/mcs50_m4Dr6_s40.A02 fileNameGt=../../cp2016-max-common-connected-subgraph-paper/datasets/graphsdb/mcs50/m4D/m4Dr6/mcs50_m4Dr6_s40.B02
Reading graphs...
40 :  95
40 :  92
Initializing...
maxdom : 10
D->valSize : 241
Solving...
Blb : 2 (clique : 14)
currentSize : 14 <-- 0.001476 s
currentSize : 15 <-- 0.001584 s
currentSize : 16 <-- 0.001741 s
currentSize : 17 <-- 0.136432 s
currentSize : 18 <-- 0.187116 s
currentSize : 19 <-- 0.187518 s
currentSize : 20 <-- 0.452629 s
currentSize : 21 <-- 0.717720 s

maxsize : 21
nodes : 186036.000000
filtered : 1677700.000000
time : 0.791575
