Parameters: GAD=1 vflib=1 dir=0 label=0 vlabel=1 lowerbound=1 fileNameGp=../../cp2016-max-common-connected-subgraph-paper/datasets/graphsdb/mcs50/rand/r005/mcs50_r005_s60.A08 fileNameGt=../../cp2016-max-common-connected-subgraph-paper/datasets/graphsdb/mcs50/rand/r005/mcs50_r005_s60.B08
Reading graphs...
60 :  173
60 :  173
Initializing...
maxdom : 7
D->valSize : 260
Solving...
Blb : 2 (clique : 21)
currentSize : 21 <-- 0.001863 s
currentSize : 22 <-- 0.001999 s
currentSize : 23 <-- 0.002204 s
currentSize : 24 <-- 0.003538 s
currentSize : 25 <-- 0.224234 s
currentSize : 26 <-- 0.234247 s
currentSize : 27 <-- 0.605544 s
currentSize : 28 <-- 0.796677 s
currentSize : 29 <-- 2.406410 s
currentSize : 30 <-- 2.487665 s

maxsize : 30
nodes : 2106891.000000
filtered : 15420385.000000
time : 9.322440
