Parameters: GAD=1 vflib=1 dir=0 label=0 vlabel=1 lowerbound=1 fileNameGp=../../cp2016-max-common-connected-subgraph-paper/datasets/graphsdb/mcs50/rand/r01/mcs50_r01_s80.A07 fileNameGt=../../cp2016-max-common-connected-subgraph-paper/datasets/graphsdb/mcs50/rand/r01/mcs50_r01_s80.B07
Reading graphs...
80 :  603
80 :  599
Initializing...
maxdom : 11
D->valSize : 469
Solving...
Blb : 5 (clique : 14)
currentSize : 14 <-- 0.004606 s
currentSize : 15 <-- 0.005131 s
currentSize : 16 <-- 0.013622 s
currentSize : 17 <-- 0.029103 s
currentSize : 20 <-- 0.031105 s
currentSize : 22 <-- 0.151711 s
currentSize : 25 <-- 0.318743 s
currentSize : 26 <-- 1.076996 s
currentSize : 27 <-- 1.077772 s
currentSize : 28 <-- 5.523473 s
currentSize : 30 <-- 8.464294 s
currentSize : 36 <-- 11.274327 s
currentSize : 40 <-- 11.276220 s

maxsize : 40
nodes : 2101995.000000
filtered : 25728103.000000
time : 12.876749
