Parameters: GAD=1 vflib=1 dir=0 label=0 vlabel=1 lowerbound=1 fileNameGp=../../cp2016-max-common-connected-subgraph-paper/datasets/graphsdb/mcs50/m3D/m3Dr2/mcs50_m3Dr2_s50.A00 fileNameGt=../../cp2016-max-common-connected-subgraph-paper/datasets/graphsdb/mcs50/m3D/m3Dr2/mcs50_m3Dr2_s50.B00
Reading graphs...
50 :  118
50 :  117
Initializing...
maxdom : 13
D->valSize : 367
Solving...
Blb : 3 (clique : 20)
currentSize : 20 <-- 0.002738 s
currentSize : 21 <-- 0.015886 s
currentSize : 22 <-- 0.894323 s
currentSize : 23 <-- 1.901922 s
currentSize : 24 <-- 2.149174 s
currentSize : 25 <-- 2.156287 s
currentSize : 26 <-- 3.889801 s
currentSize : 27 <-- 5.065278 s
currentSize : 28 <-- 7.478118 s
currentSize : 29 <-- 9.151490 s

maxsize : 29
nodes : 2279862.000000
filtered : 28647112.000000
time : 10.370423
