Parameters: GAD=1 vflib=1 dir=0 label=0 vlabel=1 lowerbound=1 fileNameGp=../../cp2016-max-common-connected-subgraph-paper/datasets/graphsdb/mcs50/m2D/m2Dr4/mcs50_m2Dr4_s90.A08 fileNameGt=../../cp2016-max-common-connected-subgraph-paper/datasets/graphsdb/mcs50/m2D/m2Dr4/mcs50_m2Dr4_s90.B08
Reading graphs...
90 :  196
90 :  196
Initializing...
maxdom : 9
D->valSize : 552
Solving...
Blb : 3 (clique : 32)
currentSize : 32 <-- 0.006359 s
currentSize : 33 <-- 0.835770 s
currentSize : 34 <-- 2.940289 s
currentSize : 35 <-- 2.969865 s
currentSize : 36 <-- 3.009605 s
currentSize : 37 <-- 3.379566 s
currentSize : 38 <-- 3.771072 s
currentSize : 39 <-- 8.091681 s
currentSize : 40 <-- 40.593334 s
currentSize : 41 <-- 102.196747 s
currentSize : 42 <-- 447.274811 s

TIMEOUT
maxsize : 42
nodes : 187758718.000000
filtered : 1399934516.000000
time : 1000.000061
