Parameters: GAD=1 vflib=1 dir=0 label=0 vlabel=1 lowerbound=1 fileNameGp=../../cp2016-max-common-connected-subgraph-paper/datasets/graphsdb/mcs50/rand/r02/mcs50_r02_s100.A05 fileNameGt=../../cp2016-max-common-connected-subgraph-paper/datasets/graphsdb/mcs50/rand/r02/mcs50_r02_s100.B05
Reading graphs...
100 :  1761
100 :  1778
Initializing...
maxdom : 7
D->valSize : 345
Solving...
Blb : 2 (clique : 10)
currentSize : 10 <-- 0.003254 s
currentSize : 12 <-- 0.003399 s
currentSize : 15 <-- 0.003747 s
currentSize : 17 <-- 0.004158 s
currentSize : 23 <-- 0.005060 s
currentSize : 31 <-- 0.006063 s
currentSize : 33 <-- 0.009319 s
currentSize : 50 <-- 0.014084 s

maxsize : 50
nodes : 11789.000000
filtered : 209330.000000
time : 0.097659
