Parameters: GAD=1 vflib=1 dir=0 label=0 vlabel=1 lowerbound=1 fileNameGp=../../cp2016-max-common-connected-subgraph-paper/datasets/graphsdb/mcs50/bvg/b09m/mcs50_b09m_s50.A00 fileNameGt=../../cp2016-max-common-connected-subgraph-paper/datasets/graphsdb/mcs50/bvg/b09m/mcs50_b09m_s50.B00
Reading graphs...
50 :  217
50 :  219
Initializing...
maxdom : 11
D->valSize : 334
Solving...
Blb : 2 (clique : 14)
currentSize : 14 <-- 0.002355 s
currentSize : 15 <-- 0.004635 s
currentSize : 16 <-- 0.008640 s
currentSize : 17 <-- 0.213653 s
currentSize : 18 <-- 0.457422 s
currentSize : 20 <-- 0.545142 s
currentSize : 21 <-- 0.545413 s
currentSize : 22 <-- 1.988060 s
currentSize : 24 <-- 2.008811 s

maxsize : 24
nodes : 1130864.000000
filtered : 10792483.000000
time : 4.662487
