Parameters: GAD=1 vflib=1 dir=0 label=0 vlabel=1 lowerbound=1 fileNameGp=../../cp2016-max-common-connected-subgraph-paper/datasets/graphsdb/mcs50/bvg/b06m/mcs50_b06m_s70.A01 fileNameGt=../../cp2016-max-common-connected-subgraph-paper/datasets/graphsdb/mcs50/bvg/b06m/mcs50_b06m_s70.B01
Reading graphs...
70 :  208
70 :  206
Initializing...
maxdom : 8
D->valSize : 339
Solving...
Blb : 3 (clique : 26)
currentSize : 26 <-- 0.002833 s
currentSize : 27 <-- 1.088864 s
currentSize : 28 <-- 1.181164 s
currentSize : 29 <-- 3.122899 s
currentSize : 30 <-- 26.652573 s
currentSize : 31 <-- 26.768797 s
currentSize : 32 <-- 26.863016 s
currentSize : 33 <-- 26.877851 s
currentSize : 34 <-- 26.878180 s
currentSize : 35 <-- 27.349077 s
currentSize : 36 <-- 28.055788 s
currentSize : 37 <-- 28.094933 s

maxsize : 37
nodes : 14135756.000000
filtered : 92960052.000000
time : 66.457298
