Parameters: GAD=1 vflib=1 dir=0 label=0 vlabel=1 lowerbound=1 fileNameGp=../../cp2016-max-common-connected-subgraph-paper/datasets/graphsdb/mcs50/m2D/m2D/mcs50_m2D_s60.A06 fileNameGt=../../cp2016-max-common-connected-subgraph-paper/datasets/graphsdb/mcs50/m2D/m2D/mcs50_m2D_s60.B06
Reading graphs...
60 :  104
60 :  104
Initializing...
maxdom : 6
D->valSize : 249
Solving...
Blb : 2 (clique : 25)
currentSize : 25 <-- 0.001785 s
currentSize : 26 <-- 0.009012 s
currentSize : 27 <-- 0.598923 s
currentSize : 28 <-- 0.625609 s
currentSize : 29 <-- 0.933912 s
currentSize : 30 <-- 193.577026 s
currentSize : 31 <-- 193.577438 s

maxsize : 31
nodes : 113476530.000000
filtered : 684904466.000000
time : 451.780487
