Parameters: GAD=1 vflib=1 dir=0 label=0 vlabel=1 lowerbound=1 fileNameGp=../../cp2016-max-common-connected-subgraph-paper/datasets/graphsdb/mcs50/rand/r02/mcs50_r02_s100.A00 fileNameGt=../../cp2016-max-common-connected-subgraph-paper/datasets/graphsdb/mcs50/rand/r02/mcs50_r02_s100.B00
Reading graphs...
100 :  1759
100 :  1758
Initializing...
maxdom : 7
D->valSize : 346
Solving...
Blb : 2 (clique : 10)
currentSize : 10 <-- 0.005239 s
currentSize : 11 <-- 0.005660 s
currentSize : 12 <-- 0.017623 s
currentSize : 13 <-- 0.036752 s
currentSize : 14 <-- 0.057681 s
currentSize : 18 <-- 0.058257 s
currentSize : 19 <-- 0.124068 s
currentSize : 20 <-- 0.130084 s
currentSize : 32 <-- 0.133755 s
currentSize : 50 <-- 0.294172 s

maxsize : 50
nodes : 51818.000000
filtered : 604428.000000
time : 0.372013
