Parameters: GAD=1 vflib=1 dir=0 label=0 vlabel=1 lowerbound=1 fileNameGp=../../cp2016-max-common-connected-subgraph-paper/datasets/graphsdb/mcs50/rand/r01/mcs50_r01_s100.A00 fileNameGt=../../cp2016-max-common-connected-subgraph-paper/datasets/graphsdb/mcs50/rand/r01/mcs50_r01_s100.B00
Reading graphs...
100 :  938
100 :  938
Initializing...
maxdom : 7
D->valSize : 403
Solving...
Blb : 2 (clique : 14)
currentSize : 14 <-- 0.006499 s
currentSize : 15 <-- 0.006828 s
currentSize : 17 <-- 0.007129 s
currentSize : 18 <-- 0.007239 s
currentSize : 20 <-- 0.010659 s
currentSize : 22 <-- 0.076807 s
currentSize : 24 <-- 0.076997 s
currentSize : 25 <-- 0.300353 s
currentSize : 26 <-- 0.387768 s
currentSize : 29 <-- 0.387845 s
currentSize : 31 <-- 0.806475 s
currentSize : 33 <-- 1.637724 s
currentSize : 37 <-- 1.700318 s
currentSize : 41 <-- 3.679381 s
currentSize : 43 <-- 3.831397 s
currentSize : 50 <-- 3.839875 s

maxsize : 50
nodes : 687452.000000
filtered : 6862775.000000
time : 4.769454
