Parameters: GAD=1 vflib=1 dir=0 label=0 vlabel=1 lowerbound=1 fileNameGp=../../cp2016-max-common-connected-subgraph-paper/datasets/graphsdb/mcs50/m3D/m3Dr4/mcs50_m3Dr4_s50.A06 fileNameGt=../../cp2016-max-common-connected-subgraph-paper/datasets/graphsdb/mcs50/m3D/m3Dr4/mcs50_m3Dr4_s50.B06
Reading graphs...
50 :  127
50 :  128
Initializing...
maxdom : 9
D->valSize : 350
Solving...
Blb : 2 (clique : 21)
currentSize : 21 <-- 0.004230 s
currentSize : 22 <-- 0.004416 s
currentSize : 23 <-- 0.010351 s
currentSize : 24 <-- 1.194238 s
currentSize : 25 <-- 4.415126 s
currentSize : 26 <-- 8.992360 s
currentSize : 27 <-- 8.993158 s
currentSize : 28 <-- 8.993182 s

maxsize : 28
nodes : 3665449.000000
filtered : 32024705.000000
time : 15.342170
