Parameters: GAD=1 vflib=1 dir=0 label=0 vlabel=1 lowerbound=1 fileNameGp=../../cp2016-max-common-connected-subgraph-paper/datasets/graphsdb/mcs50/m2D/m2Dr4/mcs50_m2Dr4_s70.A04 fileNameGt=../../cp2016-max-common-connected-subgraph-paper/datasets/graphsdb/mcs50/m2D/m2Dr4/mcs50_m2Dr4_s70.B04
Reading graphs...
70 :  150
70 :  146
Initializing...
maxdom : 11
D->valSize : 359
Solving...
Blb : 2 (clique : 27)
currentSize : 27 <-- 0.003038 s
currentSize : 28 <-- 0.003230 s
currentSize : 29 <-- 0.003441 s
currentSize : 30 <-- 0.003937 s
currentSize : 31 <-- 4.285869 s
currentSize : 32 <-- 9.062573 s
currentSize : 33 <-- 34.353584 s
currentSize : 34 <-- 34.353680 s
currentSize : 35 <-- 69.780235 s
currentSize : 36 <-- 83.500893 s
currentSize : 37 <-- 99.351524 s
currentSize : 38 <-- 114.556435 s
currentSize : 39 <-- 130.785858 s

maxsize : 39
nodes : 75497508.000000
filtered : 502395455.000000
time : 350.095947
