Parameters: GAD=1 vflib=1 dir=0 label=0 vlabel=1 lowerbound=1 fileNameGp=../../cp2016-max-common-connected-subgraph-paper/datasets/graphsdb/mcs50/rand/r005/mcs50_r005_s80.A04 fileNameGt=../../cp2016-max-common-connected-subgraph-paper/datasets/graphsdb/mcs50/rand/r005/mcs50_r005_s80.B04
Reading graphs...
80 :  307
80 :  309
Initializing...
maxdom : 9
D->valSize : 415
Solving...
Blb : 5 (clique : 22)
currentSize : 22 <-- 0.003863 s
currentSize : 23 <-- 0.004155 s
currentSize : 24 <-- 0.004639 s
currentSize : 25 <-- 0.116268 s
currentSize : 26 <-- 0.288274 s
currentSize : 27 <-- 2.078652 s
currentSize : 28 <-- 2.409151 s
currentSize : 29 <-- 5.262044 s
currentSize : 30 <-- 48.504318 s
currentSize : 31 <-- 221.290710 s
currentSize : 32 <-- 222.300919 s
currentSize : 33 <-- 222.307297 s
currentSize : 34 <-- 228.783676 s
currentSize : 35 <-- 232.620697 s
currentSize : 36 <-- 233.178604 s
currentSize : 37 <-- 271.396942 s
currentSize : 38 <-- 271.397095 s
currentSize : 39 <-- 271.397614 s
currentSize : 40 <-- 328.146118 s

maxsize : 40
nodes : 74397774.000000
filtered : 801230788.000000
time : 440.441223
