Parameters: GAD=1 vflib=1 dir=0 label=0 vlabel=1 lowerbound=1 fileNameGp=../../cp2016-max-common-connected-subgraph-paper/datasets/graphsdb/mcs50/rand/r01/mcs50_r01_s100.A04 fileNameGt=../../cp2016-max-common-connected-subgraph-paper/datasets/graphsdb/mcs50/rand/r01/mcs50_r01_s100.B04
Reading graphs...
100 :  934
100 :  936
Initializing...
maxdom : 8
D->valSize : 369
Solving...
Blb : 2 (clique : 20)
currentSize : 20 <-- 0.003619 s
currentSize : 21 <-- 0.004709 s
currentSize : 22 <-- 0.004822 s
currentSize : 25 <-- 0.005188 s
currentSize : 28 <-- 0.005361 s
currentSize : 29 <-- 0.349337 s
currentSize : 35 <-- 0.726390 s
currentSize : 41 <-- 0.936685 s
currentSize : 45 <-- 0.958081 s
currentSize : 50 <-- 0.958353 s

maxsize : 50
nodes : 247788.000000
filtered : 2626383.000000
time : 1.724360
