Parameters: GAD=1 vflib=1 dir=0 label=0 vlabel=1 lowerbound=1 fileNameGp=../../cp2016-max-common-connected-subgraph-paper/datasets/graphsdb/mcs50/m2D/m2Dr2/mcs50_m2Dr2_s90.A00 fileNameGt=../../cp2016-max-common-connected-subgraph-paper/datasets/graphsdb/mcs50/m2D/m2Dr2/mcs50_m2Dr2_s90.B00
Reading graphs...
90 :  179
90 :  178
Initializing...
maxdom : 10
D->valSize : 561
Solving...
Blb : 2 (clique : 43)
currentSize : 43 <-- 0.006659 s
currentSize : 44 <-- 0.008489 s
currentSize : 45 <-- 0.012005 s
currentSize : 46 <-- 0.355865 s
currentSize : 47 <-- 3.196224 s
currentSize : 48 <-- 43.980598 s
currentSize : 49 <-- 419.706360 s
currentSize : 50 <-- 450.299225 s
currentSize : 51 <-- 525.649536 s
currentSize : 52 <-- 526.854004 s

TIMEOUT
maxsize : 52
nodes : 207572518.000000
filtered : 961676425.000000
time : 1000.000122
