Parameters: GAD=1 vflib=1 dir=0 label=0 vlabel=1 lowerbound=1 fileNameGp=../../cp2016-max-common-connected-subgraph-paper/datasets/graphsdb/mcs50/m2D/m2Dr4/mcs50_m2Dr4_s80.A00 fileNameGt=../../cp2016-max-common-connected-subgraph-paper/datasets/graphsdb/mcs50/m2D/m2Dr4/mcs50_m2Dr4_s80.B00
Reading graphs...
80 :  173
80 :  171
Initializing...
maxdom : 8
D->valSize : 426
Solving...
Blb : 2 (clique : 28)
currentSize : 28 <-- 0.004163 s
currentSize : 29 <-- 0.004387 s
currentSize : 30 <-- 2.990867 s
currentSize : 31 <-- 4.452663 s
currentSize : 32 <-- 13.499883 s
currentSize : 33 <-- 82.920441 s
currentSize : 34 <-- 336.648621 s
currentSize : 35 <-- 889.520508 s
currentSize : 36 <-- 889.520569 s

TIMEOUT
maxsize : 36
nodes : 208679134.000000
filtered : 1392640225.000000
time : 1000.000061
