Parameters: GAD=1 vflib=1 dir=0 label=0 vlabel=1 lowerbound=1 fileNameGp=../../cp2016-max-common-connected-subgraph-paper/datasets/graphsdb/mcs50/bvg/b09m/mcs50_b09m_s100.A05 fileNameGt=../../cp2016-max-common-connected-subgraph-paper/datasets/graphsdb/mcs50/bvg/b09m/mcs50_b09m_s100.B05
Reading graphs...
100 :  441
100 :  441
Initializing...
maxdom : 7
D->valSize : 366
Solving...
Blb : 3 (clique : 31)
currentSize : 31 <-- 0.003887 s
currentSize : 32 <-- 54.390091 s
currentSize : 33 <-- 61.508739 s
currentSize : 34 <-- 138.992432 s
currentSize : 35 <-- 138.997406 s
currentSize : 36 <-- 151.240540 s
currentSize : 37 <-- 151.244797 s
currentSize : 38 <-- 285.953613 s
currentSize : 39 <-- 323.023468 s
currentSize : 40 <-- 323.172302 s
currentSize : 41 <-- 333.565063 s
currentSize : 42 <-- 333.635651 s
currentSize : 43 <-- 503.426880 s
currentSize : 44 <-- 503.607147 s
currentSize : 45 <-- 503.609802 s
currentSize : 46 <-- 707.482788 s
currentSize : 47 <-- 707.566101 s
currentSize : 48 <-- 707.566589 s

TIMEOUT
maxsize : 48
nodes : 182815018.000000
filtered : 882824132.000000
time : 1000.000122
