Parameters: GAD=1 vflib=1 dir=0 label=0 vlabel=1 lowerbound=1 fileNameGp=../../cp2016-max-common-connected-subgraph-paper/datasets/graphsdb/mcs50/bvg/b09m/mcs50_b09m_s100.A07 fileNameGt=../../cp2016-max-common-connected-subgraph-paper/datasets/graphsdb/mcs50/bvg/b09m/mcs50_b09m_s100.B07
Reading graphs...
100 :  442
100 :  441
Initializing...
maxdom : 8
D->valSize : 343
Solving...
Blb : 2 (clique : 45)
currentSize : 45 <-- 0.003329 s
currentSize : 46 <-- 0.003651 s
currentSize : 47 <-- 0.005954 s
currentSize : 48 <-- 0.054866 s
currentSize : 50 <-- 0.055820 s

maxsize : 50
nodes : 46805747.000000
filtered : 200163472.000000
time : 246.597977
