Parameters: GAD=1 vflib=1 dir=0 label=0 vlabel=1 lowerbound=1 fileNameGp=../../cp2016-max-common-connected-subgraph-paper/datasets/graphsdb/mcs50/rand/r005/mcs50_r005_s50.A03 fileNameGt=../../cp2016-max-common-connected-subgraph-paper/datasets/graphsdb/mcs50/rand/r005/mcs50_r005_s50.B03
Reading graphs...
50 :  117
50 :  118
Initializing...
maxdom : 13
D->valSize : 331
Solving...
Blb : 2 (clique : 22)
currentSize : 22 <-- 0.002332 s
currentSize : 23 <-- 0.002477 s
currentSize : 24 <-- 0.002515 s
currentSize : 25 <-- 0.003783 s
currentSize : 26 <-- 0.164741 s
currentSize : 27 <-- 0.165047 s

maxsize : 27
nodes : 2727867.000000
filtered : 36966703.000000
time : 13.069135
