Parameters: GAD=1 vflib=1 dir=0 label=0 vlabel=1 lowerbound=1 fileNameGp=../../cp2016-max-common-connected-subgraph-paper/datasets/graphsdb/mcs50/rand/r01/mcs50_r01_s50.A09 fileNameGt=../../cp2016-max-common-connected-subgraph-paper/datasets/graphsdb/mcs50/rand/r01/mcs50_r01_s50.B09
Reading graphs...
50 :  235
50 :  233
Initializing...
maxdom : 13
D->valSize : 372
Solving...
Blb : 2 (clique : 13)
currentSize : 13 <-- 0.002802 s
currentSize : 14 <-- 0.002984 s
currentSize : 15 <-- 0.008129 s
currentSize : 16 <-- 0.011667 s
currentSize : 17 <-- 0.090571 s
currentSize : 18 <-- 9.337325 s
currentSize : 19 <-- 14.761865 s
currentSize : 21 <-- 15.316514 s
currentSize : 22 <-- 15.316590 s
currentSize : 23 <-- 15.317639 s
currentSize : 25 <-- 15.317724 s

maxsize : 25
nodes : 4217891.000000
filtered : 36182123.000000
time : 16.831352
