Parameters: GAD=1 vflib=1 dir=0 label=0 vlabel=1 lowerbound=1 fileNameGp=../../cp2016-max-common-connected-subgraph-paper/datasets/graphsdb/mcs50/bvg/b09/mcs50_b09_s70.A06 fileNameGt=../../cp2016-max-common-connected-subgraph-paper/datasets/graphsdb/mcs50/bvg/b09/mcs50_b09_s70.B06
Reading graphs...
70 :  313
70 :  312
Initializing...
maxdom : 8
D->valSize : 348
Solving...
Blb : 2 (clique : 19)
currentSize : 19 <-- 0.002832 s
currentSize : 20 <-- 0.004954 s
currentSize : 21 <-- 0.043909 s
currentSize : 22 <-- 0.058704 s
currentSize : 23 <-- 1.614465 s
currentSize : 24 <-- 1.641212 s
currentSize : 25 <-- 1.641263 s
currentSize : 27 <-- 40.428513 s
currentSize : 28 <-- 40.428547 s
currentSize : 29 <-- 40.428635 s
currentSize : 30 <-- 40.435364 s
currentSize : 31 <-- 40.435410 s
currentSize : 32 <-- 40.599293 s
currentSize : 33 <-- 40.606312 s
currentSize : 34 <-- 40.606369 s

maxsize : 34
nodes : 13758057.000000
filtered : 103989476.000000
time : 66.831604
