Parameters: GAD=1 vflib=1 dir=0 label=0 vlabel=1 lowerbound=1 fileNameGp=../../cp2016-max-common-connected-subgraph-paper/datasets/graphsdb/mcs50/m3D/m3Dr6/mcs50_m3Dr6_s50.A02 fileNameGt=../../cp2016-max-common-connected-subgraph-paper/datasets/graphsdb/mcs50/m3D/m3Dr6/mcs50_m3Dr6_s50.B02
Reading graphs...
50 :  135
50 :  135
Initializing...
maxdom : 8
D->valSize : 324
Solving...
Blb : 3 (clique : 20)
currentSize : 20 <-- 0.003715 s
currentSize : 21 <-- 2.865868 s
currentSize : 22 <-- 2.870587 s
currentSize : 23 <-- 10.259476 s
currentSize : 24 <-- 10.259698 s
currentSize : 25 <-- 15.218136 s
currentSize : 26 <-- 16.261307 s
currentSize : 27 <-- 29.204754 s
currentSize : 28 <-- 29.264751 s

maxsize : 28
nodes : 6794233.000000
filtered : 67698764.000000
time : 30.515652
