Parameters: GAD=1 vflib=1 dir=0 label=0 vlabel=1 lowerbound=1 fileNameGp=../../cp2016-max-common-connected-subgraph-paper/datasets/graphsdb/mcs50/m2D/m2D/mcs50_m2D_s100.A07 fileNameGt=../../cp2016-max-common-connected-subgraph-paper/datasets/graphsdb/mcs50/m2D/m2D/mcs50_m2D_s100.B07
Reading graphs...
100 :  180
100 :  180
Initializing...
maxdom : 6
D->valSize : 357
Solving...
Blb : 2 (clique : 38)
currentSize : 38 <-- 0.003721 s
currentSize : 39 <-- 0.004011 s
currentSize : 40 <-- 0.005725 s
currentSize : 41 <-- 0.007165 s
currentSize : 42 <-- 0.011340 s
currentSize : 43 <-- 0.033874 s
currentSize : 44 <-- 0.034373 s
currentSize : 45 <-- 0.036042 s
currentSize : 46 <-- 1.166521 s
currentSize : 47 <-- 5.194068 s
currentSize : 48 <-- 45.007366 s

TIMEOUT
maxsize : 48
nodes : 189901020.000000
filtered : 837034304.000000
time : 1000.000061
