Parameters: GAD=1 vflib=1 dir=0 label=0 vlabel=1 lowerbound=1 fileNameGp=../../cp2016-max-common-connected-subgraph-paper/datasets/graphsdb/mcs50/bvg/b03/mcs50_b03_s50.A04 fileNameGt=../../cp2016-max-common-connected-subgraph-paper/datasets/graphsdb/mcs50/bvg/b03/mcs50_b03_s50.B04
Reading graphs...
50 :  75
50 :  75
Initializing...
maxdom : 9
D->valSize : 312
Solving...
Blb : 5 (clique : 22)
currentSize : 22 <-- 0.003635 s
currentSize : 23 <-- 0.006597 s
currentSize : 24 <-- 0.206342 s
currentSize : 25 <-- 0.807835 s
currentSize : 26 <-- 2.695196 s
currentSize : 27 <-- 5.635736 s
currentSize : 28 <-- 20.218403 s
currentSize : 29 <-- 20.218485 s

maxsize : 29
nodes : 18011522.000000
filtered : 195040682.000000
time : 79.214203
