Parameters: GAD=1 vflib=1 dir=0 label=0 vlabel=1 lowerbound=1 fileNameGp=../../cp2016-max-common-connected-subgraph-paper/datasets/graphsdb/mcs50/m2D/m2Dr2/mcs50_m2Dr2_s50.A06 fileNameGt=../../cp2016-max-common-connected-subgraph-paper/datasets/graphsdb/mcs50/m2D/m2Dr2/mcs50_m2Dr2_s50.B06
Reading graphs...
50 :  95
50 :  94
Initializing...
maxdom : 9
D->valSize : 321
Solving...
Blb : 2 (clique : 18)
currentSize : 18 <-- 0.002261 s
currentSize : 19 <-- 0.002371 s
currentSize : 20 <-- 0.002443 s
currentSize : 21 <-- 0.003382 s
currentSize : 22 <-- 0.006327 s
currentSize : 23 <-- 0.077636 s
currentSize : 24 <-- 1.206737 s
currentSize : 25 <-- 9.840813 s
currentSize : 26 <-- 9.882999 s
currentSize : 27 <-- 10.295925 s

maxsize : 27
nodes : 68130694.000000
filtered : 687223275.000000
time : 290.233246
