Parameters: GAD=1 vflib=1 dir=0 label=0 vlabel=1 lowerbound=1 fileNameGp=../../cp2016-max-common-connected-subgraph-paper/datasets/graphsdb/mcs50/m3D/m3D/mcs50_m3D_s50.A09 fileNameGt=../../cp2016-max-common-connected-subgraph-paper/datasets/graphsdb/mcs50/m3D/m3D/mcs50_m3D_s50.B09
Reading graphs...
50 :  109
50 :  108
Initializing...
maxdom : 9
D->valSize : 338
Solving...
Blb : 2 (clique : 22)
currentSize : 22 <-- 0.003929 s
currentSize : 23 <-- 0.006120 s
currentSize : 24 <-- 0.011508 s
currentSize : 25 <-- 0.017686 s
currentSize : 26 <-- 9.365415 s
currentSize : 27 <-- 36.074902 s
currentSize : 28 <-- 36.081921 s

maxsize : 28
nodes : 12558453.000000
filtered : 143965019.000000
time : 58.190609
