Parameters: GAD=1 vflib=1 dir=0 label=0 vlabel=1 lowerbound=1 fileNameGp=../../cp2016-max-common-connected-subgraph-paper/datasets/graphsdb/mcs50/bvg/b06/mcs50_b06_s70.A07 fileNameGt=../../cp2016-max-common-connected-subgraph-paper/datasets/graphsdb/mcs50/bvg/b06/mcs50_b06_s70.B07
Reading graphs...
70 :  209
70 :  210
Initializing...
maxdom : 8
D->valSize : 327
Solving...
Blb : 2 (clique : 26)
currentSize : 26 <-- 0.002608 s
currentSize : 27 <-- 0.020149 s
currentSize : 28 <-- 0.054207 s
currentSize : 29 <-- 0.109350 s
currentSize : 30 <-- 7.349762 s
currentSize : 31 <-- 7.349965 s
currentSize : 32 <-- 7.602531 s
currentSize : 34 <-- 19.106483 s
currentSize : 35 <-- 58.969128 s

maxsize : 35
nodes : 22752392.000000
filtered : 126229146.000000
time : 104.383377
