Parameters: GAD=1 vflib=1 dir=0 label=0 vlabel=1 lowerbound=1 fileNameGp=../../cp2016-max-common-connected-subgraph-paper/datasets/graphsdb/mcs50/rand/r005/mcs50_r005_s50.A08 fileNameGt=../../cp2016-max-common-connected-subgraph-paper/datasets/graphsdb/mcs50/rand/r005/mcs50_r005_s50.B08
Reading graphs...
50 :  120
50 :  118
Initializing...
maxdom : 10
D->valSize : 333
Solving...
Blb : 2 (clique : 20)
currentSize : 20 <-- 0.002327 s
currentSize : 21 <-- 0.002492 s
currentSize : 22 <-- 0.007805 s
currentSize : 23 <-- 0.054592 s
currentSize : 24 <-- 0.980664 s
currentSize : 25 <-- 21.572172 s
currentSize : 26 <-- 26.147272 s
currentSize : 27 <-- 26.363392 s

maxsize : 27
nodes : 8556067.000000
filtered : 88590337.000000
time : 35.803093
