Parameters: GAD=1 vflib=1 dir=0 label=0 vlabel=1 lowerbound=1 fileNameGp=../../cp2016-max-common-connected-subgraph-paper/datasets/graphsdb/mcs50/m3D/m3Dr2/mcs50_m3Dr2_s50.A07 fileNameGt=../../cp2016-max-common-connected-subgraph-paper/datasets/graphsdb/mcs50/m3D/m3Dr2/mcs50_m3Dr2_s50.B07
Reading graphs...
50 :  118
50 :  117
Initializing...
maxdom : 9
D->valSize : 324
Solving...
Blb : 2 (clique : 18)
currentSize : 18 <-- 0.002288 s
currentSize : 20 <-- 0.002395 s
currentSize : 21 <-- 0.002418 s
currentSize : 22 <-- 0.002548 s
currentSize : 23 <-- 0.003314 s
currentSize : 24 <-- 0.033623 s
currentSize : 25 <-- 0.065150 s
currentSize : 27 <-- 1.258691 s
currentSize : 28 <-- 1.259979 s
currentSize : 29 <-- 2.583229 s

maxsize : 29
nodes : 1080063.000000
filtered : 10687219.000000
time : 4.822367
