Parameters: GAD=1 vflib=1 dir=0 label=0 vlabel=1 lowerbound=1 fileNameGp=../../cp2016-max-common-connected-subgraph-paper/datasets/graphsdb/mcs50/m3D/m3Dr2/mcs50_m3Dr2_s60.A03 fileNameGt=../../cp2016-max-common-connected-subgraph-paper/datasets/graphsdb/mcs50/m3D/m3Dr2/mcs50_m3Dr2_s60.B03
Reading graphs...
60 :  144
60 :  145
Initializing...
maxdom : 6
D->valSize : 237
Solving...
Blb : 2 (clique : 19)
currentSize : 19 <-- 0.002589 s
currentSize : 20 <-- 0.002761 s
currentSize : 21 <-- 0.002824 s
currentSize : 22 <-- 0.006984 s
currentSize : 23 <-- 0.012443 s
currentSize : 24 <-- 0.037986 s
currentSize : 26 <-- 0.038077 s
currentSize : 27 <-- 0.064361 s
currentSize : 28 <-- 0.224128 s
currentSize : 29 <-- 0.824210 s

maxsize : 29
nodes : 2470543.000000
filtered : 12107822.000000
time : 10.169828
