Parameters: GAD=1 vflib=1 dir=0 label=0 vlabel=1 lowerbound=1 fileNameGp=../../cp2016-max-common-connected-subgraph-paper/datasets/graphsdb/mcs50/m3D/m3Dr6/mcs50_m3Dr6_s50.A03 fileNameGt=../../cp2016-max-common-connected-subgraph-paper/datasets/graphsdb/mcs50/m3D/m3Dr6/mcs50_m3Dr6_s50.B03
Reading graphs...
50 :  135
50 :  136
Initializing...
maxdom : 9
D->valSize : 341
Solving...
Blb : 2 (clique : 17)
currentSize : 17 <-- 0.002553 s
currentSize : 18 <-- 0.002687 s
currentSize : 19 <-- 0.008499 s
currentSize : 20 <-- 0.014719 s
currentSize : 21 <-- 1.188911 s
currentSize : 22 <-- 3.380762 s
currentSize : 23 <-- 9.426277 s
currentSize : 24 <-- 9.438583 s
currentSize : 25 <-- 9.443772 s
currentSize : 26 <-- 9.443850 s
currentSize : 27 <-- 14.747045 s

maxsize : 27
nodes : 3703282.000000
filtered : 49028636.000000
time : 17.489449
