Parameters: GAD=1 vflib=1 dir=0 label=0 vlabel=1 lowerbound=1 fileNameGp=../../cp2016-max-common-connected-subgraph-paper/datasets/graphsdb/mcs50/m3D/m3D/mcs50_m3D_s50.A08 fileNameGt=../../cp2016-max-common-connected-subgraph-paper/datasets/graphsdb/mcs50/m3D/m3D/mcs50_m3D_s50.B08
Reading graphs...
50 :  109
50 :  109
Initializing...
maxdom : 11
D->valSize : 328
Solving...
Blb : 2 (clique : 18)
currentSize : 18 <-- 0.002392 s
currentSize : 19 <-- 0.002954 s
currentSize : 20 <-- 0.004398 s
currentSize : 21 <-- 0.013802 s
currentSize : 22 <-- 0.024352 s
currentSize : 23 <-- 0.052301 s
currentSize : 24 <-- 0.123532 s
currentSize : 25 <-- 8.215761 s
currentSize : 26 <-- 8.220797 s
currentSize : 28 <-- 13.869909 s
currentSize : 29 <-- 13.871667 s

maxsize : 29
nodes : 5690420.000000
filtered : 58695753.000000
time : 25.128170
