Parameters: GAD=1 vflib=1 dir=0 label=0 vlabel=1 lowerbound=1 fileNameGp=../../cp2016-max-common-connected-subgraph-paper/datasets/graphsdb/mcs50/bvg/b03m/mcs50_b03m_s80.A04 fileNameGt=../../cp2016-max-common-connected-subgraph-paper/datasets/graphsdb/mcs50/bvg/b03m/mcs50_b03m_s80.B04
Reading graphs...
80 :  120
80 :  120
Initializing...
maxdom : 9
D->valSize : 464
Solving...
Blb : 2 (clique : 40)
currentSize : 40 <-- 0.004761 s
currentSize : 41 <-- 0.005271 s
currentSize : 42 <-- 0.005853 s
currentSize : 43 <-- 10.992180 s
currentSize : 44 <-- 11.865801 s
currentSize : 45 <-- 20.121639 s
currentSize : 46 <-- 20.124519 s
currentSize : 47 <-- 468.005341 s

TIMEOUT
maxsize : 47
nodes : 208335054.000000
filtered : 942430729.000000
time : 1000.000061
