Parameters: GAD=1 vflib=1 dir=0 label=0 vlabel=1 lowerbound=1 fileNameGp=../../cp2016-max-common-connected-subgraph-paper/datasets/graphsdb/mcs50/bvg/b03/mcs50_b03_s60.A03 fileNameGt=../../cp2016-max-common-connected-subgraph-paper/datasets/graphsdb/mcs50/bvg/b03/mcs50_b03_s60.B03
Reading graphs...
60 :  90
60 :  90
Initializing...
maxdom : 7
D->valSize : 261
Solving...
Blb : 5 (clique : 25)
currentSize : 25 <-- 0.002027 s
currentSize : 30 <-- 0.002168 s
currentSize : 31 <-- 0.002249 s
currentSize : 32 <-- 0.002594 s
currentSize : 33 <-- 0.003013 s
currentSize : 34 <-- 0.019991 s
currentSize : 35 <-- 0.817152 s
currentSize : 36 <-- 1.067428 s

maxsize : 36
nodes : 2765585.000000
filtered : 14258738.000000
time : 11.527645
