Parameters: GAD=1 vflib=1 dir=0 label=0 vlabel=1 lowerbound=1 fileNameGp=../../cp2016-max-common-connected-subgraph-paper/datasets/graphsdb/mcs50/m2D/m2Dr6/mcs50_m2Dr6_s80.A08 fileNameGt=../../cp2016-max-common-connected-subgraph-paper/datasets/graphsdb/mcs50/m2D/m2Dr6/mcs50_m2Dr6_s80.B08
Reading graphs...
80 :  189
80 :  186
Initializing...
maxdom : 9
D->valSize : 457
Solving...
Blb : 2 (clique : 29)
currentSize : 29 <-- 0.004538 s
currentSize : 30 <-- 0.012213 s
currentSize : 31 <-- 0.101892 s
currentSize : 32 <-- 1.314790 s
currentSize : 33 <-- 16.613621 s
currentSize : 34 <-- 17.448488 s
currentSize : 35 <-- 105.594566 s
currentSize : 36 <-- 105.610512 s
currentSize : 37 <-- 277.169861 s
currentSize : 38 <-- 277.196350 s
currentSize : 39 <-- 281.918091 s
currentSize : 40 <-- 283.952393 s
currentSize : 41 <-- 283.970490 s
currentSize : 42 <-- 664.180298 s

TIMEOUT
maxsize : 42
nodes : 201104736.000000
filtered : 1315770632.000000
time : 1000.000061
