Parameters: GAD=1 vflib=1 dir=0 label=0 vlabel=1 lowerbound=1 fileNameGp=../../cp2016-max-common-connected-subgraph-paper/datasets/graphsdb/mcs50/rand/r005/mcs50_r005_s60.A04 fileNameGt=../../cp2016-max-common-connected-subgraph-paper/datasets/graphsdb/mcs50/rand/r005/mcs50_r005_s60.B04
Reading graphs...
60 :  175
60 :  170
Initializing...
maxdom : 8
D->valSize : 233
Solving...
Blb : 2 (clique : 18)
currentSize : 18 <-- 0.002426 s
currentSize : 19 <-- 0.002883 s
currentSize : 20 <-- 0.114313 s
currentSize : 21 <-- 0.114370 s
currentSize : 22 <-- 0.224174 s
currentSize : 23 <-- 1.836420 s
currentSize : 24 <-- 2.350790 s
currentSize : 25 <-- 3.213847 s
currentSize : 26 <-- 3.916967 s
currentSize : 27 <-- 3.917437 s
currentSize : 28 <-- 3.929890 s
currentSize : 29 <-- 5.577906 s
currentSize : 30 <-- 6.133718 s

maxsize : 30
nodes : 1690204.000000
filtered : 10647997.000000
time : 7.034818
