Parameters: GAD=1 vflib=1 dir=0 label=0 vlabel=1 lowerbound=1 fileNameGp=../../cp2016-max-common-connected-subgraph-paper/datasets/graphsdb/mcs50/bvg/b06m/mcs50_b06m_s80.A03 fileNameGt=../../cp2016-max-common-connected-subgraph-paper/datasets/graphsdb/mcs50/bvg/b06m/mcs50_b06m_s80.B03
Reading graphs...
80 :  237
80 :  236
Initializing...
maxdom : 8
D->valSize : 430
Solving...
Blb : 2 (clique : 24)
currentSize : 24 <-- 0.004150 s
currentSize : 25 <-- 0.004353 s
currentSize : 26 <-- 0.004421 s
currentSize : 27 <-- 0.006572 s
currentSize : 28 <-- 0.009315 s
currentSize : 29 <-- 0.021260 s
currentSize : 30 <-- 1.606559 s
currentSize : 31 <-- 2.996054 s
currentSize : 32 <-- 13.960801 s
currentSize : 33 <-- 15.800951 s
currentSize : 34 <-- 15.812747 s
currentSize : 35 <-- 64.347328 s
currentSize : 36 <-- 323.894775 s
currentSize : 37 <-- 323.894867 s
currentSize : 38 <-- 323.981171 s
currentSize : 39 <-- 354.301453 s
currentSize : 40 <-- 354.369751 s

TIMEOUT
maxsize : 40
nodes : 190109492.000000
filtered : 1297667003.000000
time : 1000.000061
