Parameters: GAD=1 vflib=1 dir=0 label=0 vlabel=1 lowerbound=1 fileNameGp=../../cp2016-max-common-connected-subgraph-paper/datasets/graphsdb/mcs50/bvg/b09/mcs50_b09_s50.A08 fileNameGt=../../cp2016-max-common-connected-subgraph-paper/datasets/graphsdb/mcs50/bvg/b09/mcs50_b09_s50.B08
Reading graphs...
50 :  222
50 :  222
Initializing...
maxdom : 9
D->valSize : 309
Solving...
Blb : 2 (clique : 14)
currentSize : 14 <-- 0.003297 s
currentSize : 15 <-- 0.004369 s
currentSize : 16 <-- 0.033806 s
currentSize : 17 <-- 0.034023 s
currentSize : 18 <-- 0.034646 s
currentSize : 19 <-- 0.288534 s
currentSize : 20 <-- 0.288717 s
currentSize : 21 <-- 0.288788 s
currentSize : 23 <-- 0.289068 s
currentSize : 24 <-- 0.289224 s

maxsize : 24
nodes : 292456.000000
filtered : 2545009.000000
time : 1.242759
