Parameters: GAD=1 vflib=1 dir=0 label=0 vlabel=1 lowerbound=1 fileNameGp=../../cp2016-max-common-connected-subgraph-paper/datasets/graphsdb/mcs50/m2D/m2Dr2/mcs50_m2Dr2_s70.A09 fileNameGt=../../cp2016-max-common-connected-subgraph-paper/datasets/graphsdb/mcs50/m2D/m2Dr2/mcs50_m2Dr2_s70.B09
Reading graphs...
70 :  135
70 :  134
Initializing...
maxdom : 8
D->valSize : 321
Solving...
Blb : 2 (clique : 28)
currentSize : 28 <-- 0.002660 s
currentSize : 29 <-- 0.002844 s
currentSize : 30 <-- 0.003108 s
currentSize : 31 <-- 0.005127 s
currentSize : 32 <-- 0.009931 s
currentSize : 33 <-- 0.018220 s
currentSize : 34 <-- 0.276444 s
currentSize : 35 <-- 0.314255 s
currentSize : 36 <-- 0.397702 s
currentSize : 37 <-- 0.820162 s
currentSize : 38 <-- 0.945219 s

maxsize : 38
nodes : 54875290.000000
filtered : 431789042.000000
time : 285.406464
