Parameters: GAD=1 vflib=1 dir=0 label=0 vlabel=1 lowerbound=1 fileNameGp=../../cp2016-max-common-connected-subgraph-paper/datasets/graphsdb/mcs50/bvg/b09m/mcs50_b09m_s80.A04 fileNameGt=../../cp2016-max-common-connected-subgraph-paper/datasets/graphsdb/mcs50/bvg/b09m/mcs50_b09m_s80.B04
Reading graphs...
80 :  354
80 :  347
Initializing...
maxdom : 9
D->valSize : 441
Solving...
Blb : 3 (clique : 27)
currentSize : 27 <-- 0.004208 s
currentSize : 28 <-- 3.848370 s
currentSize : 29 <-- 29.660744 s
currentSize : 30 <-- 49.335648 s
currentSize : 31 <-- 122.492790 s
currentSize : 32 <-- 199.023285 s
currentSize : 33 <-- 199.322861 s
currentSize : 34 <-- 216.803482 s
currentSize : 35 <-- 255.342316 s
currentSize : 36 <-- 265.417419 s
currentSize : 37 <-- 316.224701 s
currentSize : 38 <-- 316.285309 s
currentSize : 39 <-- 549.888855 s
currentSize : 40 <-- 549.893616 s

maxsize : 40
nodes : 183125563.000000
filtered : 1216388118.000000
time : 899.222534
