Parameters: GAD=1 vflib=1 dir=0 label=0 vlabel=1 lowerbound=1 fileNameGp=../../cp2016-max-common-connected-subgraph-paper/datasets/graphsdb/mcs50/m2D/m2Dr4/mcs50_m2Dr4_s50.A07 fileNameGt=../../cp2016-max-common-connected-subgraph-paper/datasets/graphsdb/mcs50/m2D/m2Dr4/mcs50_m2Dr4_s50.B07
Reading graphs...
50 :  101
50 :  102
Initializing...
maxdom : 11
D->valSize : 342
Solving...
Blb : 2 (clique : 21)
currentSize : 21 <-- 0.004054 s
currentSize : 22 <-- 0.012320 s
currentSize : 23 <-- 0.100509 s
currentSize : 24 <-- 29.307219 s
currentSize : 25 <-- 37.695690 s
currentSize : 26 <-- 107.836166 s
currentSize : 27 <-- 133.424561 s
currentSize : 28 <-- 133.442932 s

maxsize : 28
nodes : 33279372.000000
filtered : 363504859.000000
time : 144.641693
