Parameters: GAD=1 vflib=1 dir=0 label=0 vlabel=1 lowerbound=1 fileNameGp=../../cp2016-max-common-connected-subgraph-paper/datasets/graphsdb/mcs50/m2D/m2Dr2/mcs50_m2Dr2_s50.A08 fileNameGt=../../cp2016-max-common-connected-subgraph-paper/datasets/graphsdb/mcs50/m2D/m2Dr2/mcs50_m2Dr2_s50.B08
Reading graphs...
50 :  95
50 :  95
Initializing...
maxdom : 11
D->valSize : 337
Solving...
Blb : 2 (clique : 21)
currentSize : 21 <-- 0.002374 s
currentSize : 22 <-- 0.002872 s
currentSize : 23 <-- 0.227004 s
currentSize : 24 <-- 1.380037 s
currentSize : 25 <-- 1.571873 s
currentSize : 26 <-- 16.843975 s
currentSize : 27 <-- 16.844032 s
currentSize : 28 <-- 17.282398 s

maxsize : 28
nodes : 7987077.000000
filtered : 98076171.000000
time : 34.766472
