Parameters: GAD=1 vflib=1 dir=0 label=0 vlabel=1 lowerbound=1 fileNameGp=../../cp2016-max-common-connected-subgraph-paper/datasets/graphsdb/mcs50/rand/r005/mcs50_r005_s100.A05 fileNameGt=../../cp2016-max-common-connected-subgraph-paper/datasets/graphsdb/mcs50/rand/r005/mcs50_r005_s100.B05
Reading graphs...
100 :  481
100 :  483
Initializing...
maxdom : 8
D->valSize : 357
Solving...
Blb : 5 (clique : 21)
currentSize : 21 <-- 0.003437 s
currentSize : 22 <-- 0.008520 s
currentSize : 23 <-- 0.050024 s
currentSize : 24 <-- 0.635936 s
currentSize : 25 <-- 1.041817 s
currentSize : 26 <-- 1.585875 s
currentSize : 27 <-- 2.155637 s
currentSize : 28 <-- 2.165462 s
currentSize : 29 <-- 2.368121 s
currentSize : 30 <-- 3.015655 s
currentSize : 31 <-- 3.016674 s
currentSize : 32 <-- 4.763868 s
currentSize : 33 <-- 4.767852 s
currentSize : 34 <-- 4.768619 s
currentSize : 36 <-- 5.514167 s
currentSize : 38 <-- 6.345765 s
currentSize : 39 <-- 6.423368 s
currentSize : 40 <-- 13.993451 s
currentSize : 42 <-- 14.740538 s
currentSize : 43 <-- 33.512047 s
currentSize : 46 <-- 33.559818 s
currentSize : 50 <-- 42.984718 s

maxsize : 50
nodes : 8866302.000000
filtered : 70674194.000000
time : 56.390720
