Parameters: GAD=1 vflib=1 dir=0 label=0 vlabel=1 lowerbound=1 fileNameGp=../../cp2016-max-common-connected-subgraph-paper/datasets/graphsdb/mcs50/bvg/b03/mcs50_b03_s60.A09 fileNameGt=../../cp2016-max-common-connected-subgraph-paper/datasets/graphsdb/mcs50/bvg/b03/mcs50_b03_s60.B09
Reading graphs...
60 :  90
60 :  89
Initializing...
maxdom : 7
D->valSize : 247
Solving...
Blb : 2 (clique : 23)
currentSize : 23 <-- 0.001823 s
currentSize : 24 <-- 0.003387 s
currentSize : 25 <-- 0.005113 s
currentSize : 26 <-- 0.485895 s
currentSize : 27 <-- 0.624773 s
currentSize : 28 <-- 0.839241 s
currentSize : 29 <-- 5.085133 s
currentSize : 30 <-- 11.260139 s
currentSize : 31 <-- 13.522408 s
currentSize : 32 <-- 99.393700 s
currentSize : 33 <-- 108.514343 s

maxsize : 33
nodes : 59546477.000000
filtered : 331139598.000000
time : 237.991516
