Parameters: GAD=1 vflib=1 dir=0 label=0 vlabel=1 lowerbound=1 fileNameGp=../../cp2016-max-common-connected-subgraph-paper/datasets/graphsdb/mcs50/m2D/m2Dr4/mcs50_m2Dr4_s50.A00 fileNameGt=../../cp2016-max-common-connected-subgraph-paper/datasets/graphsdb/mcs50/m2D/m2Dr4/mcs50_m2Dr4_s50.B00
Reading graphs...
50 :  103
50 :  104
Initializing...
maxdom : 8
D->valSize : 310
Solving...
Blb : 3 (clique : 22)
currentSize : 22 <-- 0.002146 s
currentSize : 23 <-- 0.003709 s
currentSize : 24 <-- 0.114139 s
currentSize : 25 <-- 0.419319 s
currentSize : 26 <-- 7.861004 s
currentSize : 27 <-- 29.862888 s

maxsize : 27
nodes : 23061437.000000
filtered : 234142522.000000
time : 99.387558
