Parameters: GAD=1 vflib=1 dir=0 label=0 vlabel=1 lowerbound=1 fileNameGp=../../cp2016-max-common-connected-subgraph-paper/datasets/graphsdb/mcs50/m2D/m2Dr4/mcs50_m2Dr4_s40.A04 fileNameGt=../../cp2016-max-common-connected-subgraph-paper/datasets/graphsdb/mcs50/m2D/m2Dr4/mcs50_m2Dr4_s40.B04
Reading graphs...
40 :  82
40 :  81
Initializing...
maxdom : 7
D->valSize : 213
Solving...
Blb : 3 (clique : 15)
currentSize : 15 <-- 0.001213 s
currentSize : 16 <-- 0.001321 s
currentSize : 17 <-- 0.001397 s
currentSize : 18 <-- 0.001880 s
currentSize : 19 <-- 0.018729 s
currentSize : 20 <-- 0.229498 s
currentSize : 21 <-- 0.895196 s
currentSize : 22 <-- 1.315921 s

maxsize : 22
nodes : 388826.000000
filtered : 2730522.000000
time : 1.355618
