Parameters: GAD=1 vflib=1 dir=0 label=0 vlabel=1 lowerbound=1 fileNameGp=../../cp2016-max-common-connected-subgraph-paper/datasets/graphsdb/mcs50/m3D/m3D/mcs50_m3D_s50.A03 fileNameGt=../../cp2016-max-common-connected-subgraph-paper/datasets/graphsdb/mcs50/m3D/m3D/mcs50_m3D_s50.B03
Reading graphs...
50 :  108
50 :  109
Initializing...
maxdom : 8
D->valSize : 321
Solving...
Blb : 2 (clique : 18)
currentSize : 18 <-- 0.002257 s
currentSize : 20 <-- 0.002368 s
currentSize : 21 <-- 0.004289 s
currentSize : 22 <-- 0.008347 s
currentSize : 23 <-- 0.012154 s
currentSize : 24 <-- 0.035363 s
currentSize : 25 <-- 0.035404 s
currentSize : 26 <-- 0.085440 s
currentSize : 27 <-- 13.971299 s
currentSize : 28 <-- 13.982293 s

maxsize : 28
nodes : 4290817.000000
filtered : 35674215.000000
time : 18.602730
