Parameters: GAD=1 vflib=1 dir=0 label=0 vlabel=1 lowerbound=1 fileNameGp=../../cp2016-max-common-connected-subgraph-paper/datasets/graphsdb/mcs50/rand/r01/mcs50_r01_s100.A08 fileNameGt=../../cp2016-max-common-connected-subgraph-paper/datasets/graphsdb/mcs50/rand/r01/mcs50_r01_s100.B08
Reading graphs...
100 :  935
100 :  934
Initializing...
maxdom : 6
D->valSize : 360
Solving...
Blb : 2 (clique : 15)
currentSize : 15 <-- 0.003402 s
currentSize : 17 <-- 0.004600 s
currentSize : 18 <-- 0.226321 s
currentSize : 20 <-- 0.328150 s
currentSize : 21 <-- 0.330168 s
currentSize : 23 <-- 0.368290 s
currentSize : 25 <-- 0.538390 s
currentSize : 29 <-- 0.636986 s
currentSize : 31 <-- 1.004951 s
currentSize : 32 <-- 1.005121 s
currentSize : 40 <-- 1.109124 s
currentSize : 41 <-- 1.111484 s
currentSize : 47 <-- 2.071361 s
currentSize : 50 <-- 2.071652 s

maxsize : 50
nodes : 415790.000000
filtered : 3748797.000000
time : 2.760344
