Parameters: GAD=1 vflib=1 dir=0 label=0 vlabel=1 lowerbound=1 fileNameGp=../../cp2016-max-common-connected-subgraph-paper/datasets/graphsdb/mcs50/bvg/b09m/mcs50_b09m_s60.A03 fileNameGt=../../cp2016-max-common-connected-subgraph-paper/datasets/graphsdb/mcs50/bvg/b09m/mcs50_b09m_s60.B03
Reading graphs...
60 :  262
60 :  261
Initializing...
maxdom : 6
D->valSize : 252
Solving...
Blb : 2 (clique : 16)
currentSize : 16 <-- 0.001842 s
currentSize : 17 <-- 0.002321 s
currentSize : 18 <-- 0.025892 s
currentSize : 19 <-- 0.027085 s
currentSize : 22 <-- 0.132724 s
currentSize : 23 <-- 0.132776 s
currentSize : 24 <-- 0.132866 s
currentSize : 26 <-- 0.133643 s
currentSize : 27 <-- 0.133746 s
currentSize : 28 <-- 1.447480 s
currentSize : 30 <-- 1.772382 s
currentSize : 31 <-- 1.772463 s

maxsize : 31
nodes : 460447.000000
filtered : 4038866.000000
time : 2.222772
