Parameters: GAD=1 vflib=1 dir=0 label=0 vlabel=1 lowerbound=1 fileNameGp=../../cp2016-max-common-connected-subgraph-paper/datasets/graphsdb/mcs50/rand/r01/mcs50_r01_s100.A01 fileNameGt=../../cp2016-max-common-connected-subgraph-paper/datasets/graphsdb/mcs50/rand/r01/mcs50_r01_s100.B01
Reading graphs...
100 :  918
100 :  927
Initializing...
maxdom : 7
D->valSize : 353
Solving...
Blb : 2 (clique : 18)
currentSize : 18 <-- 0.003402 s
currentSize : 19 <-- 0.005562 s
currentSize : 20 <-- 0.006368 s
currentSize : 21 <-- 0.047791 s
currentSize : 22 <-- 0.069725 s
currentSize : 23 <-- 0.249492 s
currentSize : 25 <-- 0.249995 s
currentSize : 26 <-- 0.283435 s
currentSize : 27 <-- 0.283524 s
currentSize : 28 <-- 0.294136 s
currentSize : 29 <-- 0.294251 s
currentSize : 30 <-- 0.687354 s
currentSize : 33 <-- 0.747401 s
currentSize : 38 <-- 0.775020 s
currentSize : 42 <-- 1.849069 s
currentSize : 50 <-- 1.961755 s

maxsize : 50
nodes : 446454.000000
filtered : 3824514.000000
time : 2.898975
