Parameters: GAD=1 vflib=1 dir=0 label=0 vlabel=1 lowerbound=1 fileNameGp=../../cp2016-max-common-connected-subgraph-paper/datasets/graphsdb/mcs50/m2D/m2Dr4/mcs50_m2Dr4_s70.A05 fileNameGt=../../cp2016-max-common-connected-subgraph-paper/datasets/graphsdb/mcs50/m2D/m2Dr4/mcs50_m2Dr4_s70.B05
Reading graphs...
70 :  150
70 :  147
Initializing...
maxdom : 8
D->valSize : 335
Solving...
Blb : 2 (clique : 33)
currentSize : 33 <-- 0.002773 s
currentSize : 34 <-- 4.234490 s
currentSize : 35 <-- 4.678799 s
currentSize : 36 <-- 4.821680 s
currentSize : 37 <-- 26.697573 s
currentSize : 38 <-- 33.620354 s
currentSize : 39 <-- 69.078560 s

maxsize : 39
nodes : 41692843.000000
filtered : 220732795.000000
time : 190.958420
