Parameters: GAD=1 vflib=1 dir=0 label=0 vlabel=1 lowerbound=1 fileNameGp=../../cp2016-max-common-connected-subgraph-paper/datasets/graphsdb/mcs50/m3D/m3D/mcs50_m3D_s60.A09 fileNameGt=../../cp2016-max-common-connected-subgraph-paper/datasets/graphsdb/mcs50/m3D/m3D/mcs50_m3D_s60.B09
Reading graphs...
60 :  132
60 :  132
Initializing...
maxdom : 7
D->valSize : 252
Solving...
Blb : 2 (clique : 21)
currentSize : 21 <-- 0.001749 s
currentSize : 22 <-- 0.001863 s
currentSize : 23 <-- 0.006301 s
currentSize : 24 <-- 0.120424 s
currentSize : 25 <-- 0.144990 s
currentSize : 26 <-- 0.495626 s
currentSize : 27 <-- 26.369429 s
currentSize : 28 <-- 65.805443 s
currentSize : 29 <-- 77.419464 s
currentSize : 30 <-- 77.434669 s

maxsize : 30
nodes : 27911859.000000
filtered : 188869413.000000
time : 113.409966
