Parameters: GAD=1 vflib=1 dir=0 label=0 vlabel=1 lowerbound=1 fileNameGp=../../cp2016-max-common-connected-subgraph-paper/datasets/graphsdb/mcs50/bvg/b09m/mcs50_b09m_s70.A02 fileNameGt=../../cp2016-max-common-connected-subgraph-paper/datasets/graphsdb/mcs50/bvg/b09m/mcs50_b09m_s70.B02
Reading graphs...
70 :  306
70 :  308
Initializing...
maxdom : 8
D->valSize : 353
Solving...
Blb : 2 (clique : 20)
currentSize : 20 <-- 0.002948 s
currentSize : 21 <-- 0.020405 s
currentSize : 22 <-- 0.203619 s
currentSize : 23 <-- 0.401462 s
currentSize : 24 <-- 0.588900 s
currentSize : 25 <-- 0.590915 s
currentSize : 26 <-- 0.597049 s
currentSize : 27 <-- 1.163275 s
currentSize : 30 <-- 1.171594 s
currentSize : 31 <-- 1.409472 s
currentSize : 32 <-- 1.409539 s
currentSize : 33 <-- 7.777660 s
currentSize : 34 <-- 7.785091 s
currentSize : 35 <-- 15.672120 s
currentSize : 36 <-- 15.677501 s

maxsize : 36
nodes : 5439731.000000
filtered : 28176762.000000
time : 23.172752
