Parameters: GAD=1 vflib=1 dir=0 label=0 vlabel=1 lowerbound=1 fileNameGp=../../cp2016-max-common-connected-subgraph-paper/datasets/graphsdb/mcs50/bvg/b06/mcs50_b06_s40.A02 fileNameGt=../../cp2016-max-common-connected-subgraph-paper/datasets/graphsdb/mcs50/bvg/b06/mcs50_b06_s40.B02
Reading graphs...
40 :  119
40 :  120
Initializing...
maxdom : 9
D->valSize : 200
Solving...
Blb : 2 (clique : 12)
currentSize : 12 <-- 0.001216 s
currentSize : 13 <-- 0.002335 s
currentSize : 14 <-- 0.004840 s
currentSize : 15 <-- 0.019038 s
currentSize : 16 <-- 0.030496 s
currentSize : 17 <-- 0.042025 s
currentSize : 18 <-- 0.141631 s
currentSize : 19 <-- 0.172545 s
currentSize : 20 <-- 0.176098 s
currentSize : 22 <-- 0.179609 s

maxsize : 22
nodes : 48557.000000
filtered : 331360.000000
time : 0.204463
