Parameters: GAD=1 vflib=1 dir=0 label=0 vlabel=1 lowerbound=1 fileNameGp=../../cp2016-max-common-connected-subgraph-paper/datasets/graphsdb/mcs50/rand/r01/mcs50_r01_s100.A07 fileNameGt=../../cp2016-max-common-connected-subgraph-paper/datasets/graphsdb/mcs50/rand/r01/mcs50_r01_s100.B07
Reading graphs...
100 :  934
100 :  948
Initializing...
maxdom : 9
D->valSize : 348
Solving...
Blb : 2 (clique : 14)
currentSize : 14 <-- 0.003219 s
currentSize : 16 <-- 0.003348 s
currentSize : 17 <-- 0.003790 s
currentSize : 20 <-- 0.007802 s
currentSize : 21 <-- 0.007884 s
currentSize : 23 <-- 0.007997 s
currentSize : 24 <-- 0.015685 s
currentSize : 29 <-- 0.015963 s
currentSize : 35 <-- 0.035708 s
currentSize : 36 <-- 0.149637 s
currentSize : 37 <-- 0.194343 s
currentSize : 39 <-- 0.194460 s
currentSize : 43 <-- 0.227965 s
currentSize : 50 <-- 0.238545 s

maxsize : 50
nodes : 109195.000000
filtered : 820988.000000
time : 0.672891
