Parameters: GAD=1 vflib=1 dir=0 label=0 vlabel=1 lowerbound=1 fileNameGp=../../cp2016-max-common-connected-subgraph-paper/datasets/graphsdb/mcs50/m3D/m3Dr2/mcs50_m3Dr2_s60.A00 fileNameGt=../../cp2016-max-common-connected-subgraph-paper/datasets/graphsdb/mcs50/m3D/m3Dr2/mcs50_m3Dr2_s60.B00
Reading graphs...
60 :  141
60 :  140
Initializing...
maxdom : 6
D->valSize : 240
Solving...
Blb : 3 (clique : 23)
currentSize : 23 <-- 0.002664 s
currentSize : 24 <-- 0.424578 s
currentSize : 25 <-- 3.598915 s
currentSize : 26 <-- 4.985078 s
currentSize : 27 <-- 4.986115 s
currentSize : 28 <-- 4.990886 s
currentSize : 29 <-- 14.650325 s
currentSize : 30 <-- 26.095287 s

maxsize : 30
nodes : 15712834.000000
filtered : 90660816.000000
time : 65.655678
