Parameters: GAD=1 vflib=1 dir=0 label=0 vlabel=1 lowerbound=1 fileNameGp=../../cp2016-max-common-connected-subgraph-paper/datasets/graphsdb/mcs50/rand/r02/mcs50_r02_s50.A09 fileNameGt=../../cp2016-max-common-connected-subgraph-paper/datasets/graphsdb/mcs50/rand/r02/mcs50_r02_s50.B09
Reading graphs...
50 :  438
50 :  434
Initializing...
maxdom : 8
D->valSize : 320
Solving...
Blb : 2 (clique : 10)
currentSize : 10 <-- 0.002145 s
currentSize : 11 <-- 0.003444 s
currentSize : 12 <-- 0.005384 s
currentSize : 13 <-- 0.196092 s
currentSize : 15 <-- 0.209288 s
currentSize : 16 <-- 0.360364 s
currentSize : 17 <-- 0.362474 s
currentSize : 25 <-- 0.363884 s

maxsize : 25
nodes : 126463.000000
filtered : 1050643.000000
time : 0.513069
