Parameters: GAD=1 vflib=1 dir=0 label=0 vlabel=1 lowerbound=1 fileNameGp=../../cp2016-max-common-connected-subgraph-paper/datasets/graphsdb/mcs50/m2D/m2Dr6/mcs50_m2Dr6_s50.A01 fileNameGt=../../cp2016-max-common-connected-subgraph-paper/datasets/graphsdb/mcs50/m2D/m2Dr6/mcs50_m2Dr6_s50.B01
Reading graphs...
50 :  115
50 :  113
Initializing...
maxdom : 10
D->valSize : 331
Solving...
Blb : 3 (clique : 22)
currentSize : 22 <-- 0.002356 s
currentSize : 23 <-- 26.799366 s
currentSize : 24 <-- 27.185324 s
currentSize : 25 <-- 27.509556 s
currentSize : 26 <-- 27.509604 s
currentSize : 27 <-- 27.513767 s

maxsize : 27
nodes : 8389184.000000
filtered : 78677121.000000
time : 32.850491
