Parameters: GAD=1 vflib=1 dir=0 label=0 vlabel=1 lowerbound=1 fileNameGp=../../cp2016-max-common-connected-subgraph-paper/datasets/graphsdb/mcs50/bvg/b09/mcs50_b09_s60.A00 fileNameGt=../../cp2016-max-common-connected-subgraph-paper/datasets/graphsdb/mcs50/bvg/b09/mcs50_b09_s60.B00
Reading graphs...
60 :  266
60 :  268
Initializing...
maxdom : 6
D->valSize : 253
Solving...
Blb : 3 (clique : 23)
currentSize : 23 <-- 0.001762 s
currentSize : 24 <-- 0.097713 s
currentSize : 25 <-- 0.152356 s
currentSize : 26 <-- 0.406150 s
currentSize : 27 <-- 0.771241 s
currentSize : 28 <-- 1.272892 s
currentSize : 29 <-- 1.351652 s
currentSize : 30 <-- 1.786801 s

maxsize : 30
nodes : 462691.000000
filtered : 3134592.000000
time : 1.976603
