Parameters: GAD=1 vflib=1 dir=0 label=0 vlabel=1 lowerbound=1 fileNameGp=../../cp2016-max-common-connected-subgraph-paper/datasets/graphsdb/mcs50/rand/r005/mcs50_r005_s70.A03 fileNameGt=../../cp2016-max-common-connected-subgraph-paper/datasets/graphsdb/mcs50/rand/r005/mcs50_r005_s70.B03
Reading graphs...
70 :  233
70 :  230
Initializing...
maxdom : 6
D->valSize : 314
Solving...
Blb : 2 (clique : 22)
currentSize : 22 <-- 0.002439 s
currentSize : 23 <-- 0.005267 s
currentSize : 24 <-- 0.033196 s
currentSize : 25 <-- 0.042298 s
currentSize : 26 <-- 12.161010 s
currentSize : 27 <-- 38.107380 s
currentSize : 28 <-- 77.800735 s
currentSize : 29 <-- 77.802361 s
currentSize : 30 <-- 78.159447 s
currentSize : 31 <-- 78.496048 s
currentSize : 32 <-- 103.388336 s
currentSize : 33 <-- 103.389023 s
currentSize : 34 <-- 103.389809 s
currentSize : 35 <-- 103.889404 s
currentSize : 36 <-- 103.962784 s

maxsize : 36
nodes : 26633571.000000
filtered : 187984776.000000
time : 124.954468
