Parameters: GAD=1 vflib=1 dir=0 label=0 vlabel=1 lowerbound=1 fileNameGp=../../cp2016-max-common-connected-subgraph-paper/datasets/graphsdb/mcs50/m2D/m2Dr2/mcs50_m2Dr2_s90.A09 fileNameGt=../../cp2016-max-common-connected-subgraph-paper/datasets/graphsdb/mcs50/m2D/m2Dr2/mcs50_m2Dr2_s90.B09
Reading graphs...
90 :  177
90 :  177
Initializing...
maxdom : 11
D->valSize : 549
Solving...
Blb : 2 (clique : 43)
currentSize : 43 <-- 0.011336 s
currentSize : 44 <-- 0.013990 s
currentSize : 45 <-- 0.068275 s
currentSize : 46 <-- 0.087155 s
currentSize : 47 <-- 17.707228 s
currentSize : 48 <-- 17.719784 s
currentSize : 49 <-- 27.053576 s
currentSize : 50 <-- 56.174931 s
currentSize : 51 <-- 56.836784 s
currentSize : 52 <-- 169.980759 s

TIMEOUT
maxsize : 52
nodes : 195144632.000000
filtered : 1074132729.000000
time : 1000.000122
