Parameters: GAD=1 vflib=1 dir=0 label=0 vlabel=1 lowerbound=1 fileNameGp=../../cp2016-max-common-connected-subgraph-paper/datasets/graphsdb/mcs50/bvg/b03m/mcs50_b03m_s80.A01 fileNameGt=../../cp2016-max-common-connected-subgraph-paper/datasets/graphsdb/mcs50/bvg/b03m/mcs50_b03m_s80.B01
Reading graphs...
80 :  120
80 :  120
Initializing...
maxdom : 7
D->valSize : 420
Solving...
Blb : 2 (clique : 32)
currentSize : 32 <-- 0.004249 s
currentSize : 37 <-- 0.004480 s
currentSize : 38 <-- 0.004498 s
currentSize : 39 <-- 0.009804 s
currentSize : 40 <-- 0.018107 s
currentSize : 41 <-- 0.081173 s
currentSize : 43 <-- 0.093752 s
currentSize : 44 <-- 0.252549 s
currentSize : 45 <-- 2.515849 s
currentSize : 46 <-- 781.252197 s
currentSize : 47 <-- 781.252380 s

TIMEOUT
maxsize : 47
nodes : 172606768.000000
filtered : 1134675385.000000
time : 1000.000122
