Parameters: GAD=1 vflib=1 dir=0 label=0 vlabel=1 lowerbound=1 fileNameGp=../../cp2016-max-common-connected-subgraph-paper/datasets/graphsdb/mcs50/bvg/b03m/mcs50_b03m_s80.A00 fileNameGt=../../cp2016-max-common-connected-subgraph-paper/datasets/graphsdb/mcs50/bvg/b03m/mcs50_b03m_s80.B00
Reading graphs...
80 :  119
80 :  119
Initializing...
maxdom : 9
D->valSize : 444
Solving...
Blb : 2 (clique : 32)
currentSize : 32 <-- 0.004609 s
currentSize : 34 <-- 0.004839 s
currentSize : 35 <-- 0.022769 s
currentSize : 36 <-- 0.025440 s
currentSize : 37 <-- 0.061080 s
currentSize : 38 <-- 0.070407 s
currentSize : 39 <-- 0.073682 s
currentSize : 40 <-- 0.111398 s
currentSize : 41 <-- 11.146977 s
currentSize : 42 <-- 114.097519 s

TIMEOUT
maxsize : 42
nodes : 205835658.000000
filtered : 1562933098.000000
time : 1000.000061
