Parameters: GAD=1 vflib=1 dir=0 label=0 vlabel=1 lowerbound=1 fileNameGp=../../cp2016-max-common-connected-subgraph-paper/datasets/graphsdb/mcs50/m2D/m2Dr6/mcs50_m2Dr6_s90.A08 fileNameGt=../../cp2016-max-common-connected-subgraph-paper/datasets/graphsdb/mcs50/m2D/m2Dr6/mcs50_m2Dr6_s90.B08
Reading graphs...
90 :  213
90 :  213
Initializing...
maxdom : 8
D->valSize : 532
Solving...
Blb : 2 (clique : 30)
currentSize : 30 <-- 0.006112 s
currentSize : 31 <-- 0.006389 s
currentSize : 32 <-- 0.006507 s
currentSize : 33 <-- 0.006726 s
currentSize : 34 <-- 0.007099 s
currentSize : 35 <-- 0.438745 s
currentSize : 36 <-- 0.439774 s
currentSize : 37 <-- 0.474402 s

TIMEOUT
maxsize : 37
nodes : 172028887.000000
filtered : 1426101341.000000
time : 1000.000061
