Parameters: GAD=1 vflib=1 dir=0 label=0 vlabel=1 lowerbound=1 fileNameGp=../../cp2016-max-common-connected-subgraph-paper/datasets/graphsdb/mcs50/m2D/m2Dr6/mcs50_m2Dr6_s60.A04 fileNameGt=../../cp2016-max-common-connected-subgraph-paper/datasets/graphsdb/mcs50/m2D/m2Dr6/mcs50_m2Dr6_s60.B04
Reading graphs...
60 :  139
60 :  135
Initializing...
maxdom : 7
D->valSize : 244
Solving...
Blb : 2 (clique : 19)
currentSize : 19 <-- 0.001644 s
currentSize : 20 <-- 0.002311 s
currentSize : 21 <-- 0.012098 s
currentSize : 22 <-- 0.012154 s
currentSize : 23 <-- 0.043979 s
currentSize : 24 <-- 0.044256 s
currentSize : 25 <-- 0.236174 s
currentSize : 26 <-- 0.255458 s
currentSize : 27 <-- 0.608218 s
currentSize : 28 <-- 8.621787 s
currentSize : 29 <-- 24.948654 s

maxsize : 29
nodes : 13532226.000000
filtered : 70337899.000000
time : 54.957878
