Parameters: GAD=1 vflib=1 dir=0 label=0 vlabel=1 lowerbound=1 fileNameGp=../../cp2016-max-common-connected-subgraph-paper/datasets/graphsdb/mcs50/rand/r005/mcs50_r005_s100.A08 fileNameGt=../../cp2016-max-common-connected-subgraph-paper/datasets/graphsdb/mcs50/rand/r005/mcs50_r005_s100.B08
Reading graphs...
100 :  481
100 :  482
Initializing...
maxdom : 7
D->valSize : 342
Solving...
Blb : 2 (clique : 26)
currentSize : 26 <-- 0.003286 s
currentSize : 27 <-- 0.007797 s
currentSize : 28 <-- 0.043095 s
currentSize : 29 <-- 0.043188 s
currentSize : 30 <-- 0.043273 s
currentSize : 31 <-- 0.086566 s
currentSize : 32 <-- 0.256303 s
currentSize : 33 <-- 32.813343 s
currentSize : 34 <-- 32.822784 s
currentSize : 35 <-- 33.133053 s
currentSize : 37 <-- 33.141392 s
currentSize : 38 <-- 38.495941 s
currentSize : 39 <-- 38.548775 s
currentSize : 41 <-- 38.548965 s
currentSize : 43 <-- 112.367027 s
currentSize : 44 <-- 112.497559 s
currentSize : 46 <-- 112.526833 s
currentSize : 47 <-- 114.591393 s
currentSize : 48 <-- 114.610146 s
currentSize : 50 <-- 114.615631 s

maxsize : 50
nodes : 28768337.000000
filtered : 185568138.000000
time : 168.157059
