Parameters: GAD=1 vflib=1 dir=0 label=0 vlabel=1 lowerbound=1 fileNameGp=../../cp2016-max-common-connected-subgraph-paper/datasets/graphsdb/mcs50/rand/r02/mcs50_r02_s100.A02 fileNameGt=../../cp2016-max-common-connected-subgraph-paper/datasets/graphsdb/mcs50/rand/r02/mcs50_r02_s100.B02
Reading graphs...
100 :  1774
100 :  1800
Initializing...
maxdom : 6
D->valSize : 344
Solving...
Blb : 2 (clique : 10)
currentSize : 10 <-- 0.004966 s
currentSize : 11 <-- 0.005727 s
currentSize : 12 <-- 0.005875 s
currentSize : 13 <-- 0.006923 s
currentSize : 14 <-- 0.010118 s
currentSize : 19 <-- 0.013409 s
currentSize : 22 <-- 0.024317 s
currentSize : 23 <-- 0.030677 s
currentSize : 33 <-- 0.036905 s
currentSize : 37 <-- 0.072705 s
currentSize : 50 <-- 0.077212 s

maxsize : 50
nodes : 15870.000000
filtered : 261271.000000
time : 0.174304
