Parameters: GAD=1 vflib=1 dir=0 label=0 vlabel=1 lowerbound=1 fileNameGp=../../cp2016-max-common-connected-subgraph-paper/datasets/graphsdb/mcs50/bvg/b06m/mcs50_b06m_s90.A03 fileNameGt=../../cp2016-max-common-connected-subgraph-paper/datasets/graphsdb/mcs50/bvg/b06m/mcs50_b06m_s90.B03
Reading graphs...
90 :  261
90 :  263
Initializing...
maxdom : 9
D->valSize : 561
Solving...
Blb : 2 (clique : 29)
currentSize : 29 <-- 0.011030 s
currentSize : 30 <-- 0.011405 s
currentSize : 31 <-- 0.032373 s
currentSize : 32 <-- 0.078507 s
currentSize : 33 <-- 0.252603 s
currentSize : 34 <-- 45.319183 s
currentSize : 35 <-- 629.324646 s
currentSize : 36 <-- 629.732544 s

TIMEOUT
maxsize : 36
nodes : 183108137.000000
filtered : 1608458165.000000
time : 1000.000061
