Parameters: GAD=1 vflib=1 dir=0 label=0 vlabel=1 lowerbound=1 fileNameGp=../../cp2016-max-common-connected-subgraph-paper/datasets/graphsdb/mcs50/bvg/b03/mcs50_b03_s100.A03 fileNameGt=../../cp2016-max-common-connected-subgraph-paper/datasets/graphsdb/mcs50/bvg/b03/mcs50_b03_s100.B03
Reading graphs...
100 :  150
100 :  149
Initializing...
maxdom : 7
D->valSize : 369
Solving...
Blb : 2 (clique : 37)
currentSize : 37 <-- 0.006497 s
currentSize : 38 <-- 0.007159 s
currentSize : 39 <-- 0.010378 s
currentSize : 40 <-- 0.030253 s
currentSize : 41 <-- 0.058073 s
currentSize : 42 <-- 0.131329 s
currentSize : 43 <-- 0.138030 s
currentSize : 44 <-- 3.440963 s
currentSize : 45 <-- 6.072694 s
currentSize : 46 <-- 6.698637 s
currentSize : 47 <-- 11.057516 s
currentSize : 48 <-- 13.077811 s

TIMEOUT
maxsize : 48
nodes : 189278375.000000
filtered : 759309820.000000
time : 1000.000122
