Parameters: GAD=1 vflib=1 dir=0 label=0 vlabel=1 lowerbound=1 fileNameGp=../../cp2016-max-common-connected-subgraph-paper/datasets/graphsdb/mcs50/m3D/m3Dr4/mcs50_m3Dr4_s50.A05 fileNameGt=../../cp2016-max-common-connected-subgraph-paper/datasets/graphsdb/mcs50/m3D/m3Dr4/mcs50_m3Dr4_s50.B05
Reading graphs...
50 :  127
50 :  127
Initializing...
maxdom : 11
D->valSize : 317
Solving...
Blb : 2 (clique : 17)
currentSize : 17 <-- 0.002252 s
currentSize : 18 <-- 0.002349 s
currentSize : 19 <-- 0.003646 s
currentSize : 20 <-- 0.004138 s
currentSize : 21 <-- 0.143679 s
currentSize : 22 <-- 3.515300 s
currentSize : 23 <-- 14.460987 s
currentSize : 24 <-- 21.093817 s
currentSize : 25 <-- 21.094236 s
currentSize : 26 <-- 30.306871 s
currentSize : 27 <-- 33.815132 s

maxsize : 27
nodes : 8441241.000000
filtered : 80709441.000000
time : 35.770409
