Parameters: GAD=1 vflib=1 dir=0 label=0 vlabel=1 lowerbound=1 fileNameGp=../../cp2016-max-common-connected-subgraph-paper/datasets/graphsdb/mcs50/bvg/b03m/mcs50_b03m_s100.A03 fileNameGt=../../cp2016-max-common-connected-subgraph-paper/datasets/graphsdb/mcs50/bvg/b03m/mcs50_b03m_s100.B03
Reading graphs...
100 :  150
100 :  150
Initializing...
maxdom : 7
D->valSize : 347
Solving...
Blb : 2 (clique : 40)
currentSize : 40 <-- 0.003614 s
currentSize : 41 <-- 0.003927 s
currentSize : 42 <-- 0.005910 s
currentSize : 43 <-- 0.086036 s
currentSize : 44 <-- 0.496509 s
currentSize : 45 <-- 2.101263 s
currentSize : 46 <-- 2.102441 s
currentSize : 47 <-- 2.111418 s
currentSize : 48 <-- 71.525894 s

TIMEOUT
maxsize : 48
nodes : 212641835.000000
filtered : 716010659.000000
time : 1000.000122
