Parameters: GAD=1 vflib=1 dir=0 label=0 vlabel=1 lowerbound=1 fileNameGp=../../cp2016-max-common-connected-subgraph-paper/datasets/graphsdb/mcs50/bvg/b09/mcs50_b09_s100.A05 fileNameGt=../../cp2016-max-common-connected-subgraph-paper/datasets/graphsdb/mcs50/bvg/b09/mcs50_b09_s100.B05
Reading graphs...
100 :  446
100 :  449
Initializing...
maxdom : 7
D->valSize : 348
Solving...
Blb : 2 (clique : 25)
currentSize : 25 <-- 0.005547 s
currentSize : 26 <-- 0.011592 s
currentSize : 27 <-- 0.046431 s
currentSize : 29 <-- 0.056860 s
currentSize : 30 <-- 0.057565 s
currentSize : 31 <-- 0.112172 s
currentSize : 32 <-- 0.288982 s
currentSize : 33 <-- 0.393955 s
currentSize : 34 <-- 0.416488 s
currentSize : 35 <-- 0.417600 s
currentSize : 36 <-- 0.935216 s
currentSize : 40 <-- 0.977303 s
currentSize : 41 <-- 0.984457 s
currentSize : 42 <-- 0.984808 s
currentSize : 43 <-- 1.623342 s
currentSize : 44 <-- 1.625920 s
currentSize : 45 <-- 13.292343 s
currentSize : 46 <-- 14.305816 s
currentSize : 48 <-- 48.006805 s
currentSize : 50 <-- 48.039879 s
currentSize : 51 <-- 225.810242 s

maxsize : 51
nodes : 132231614.000000
filtered : 564311237.000000
time : 707.750183
