Parameters: GAD=1 vflib=1 dir=0 label=0 vlabel=1 lowerbound=1 fileNameGp=../../cp2016-max-common-connected-subgraph-paper/datasets/graphsdb/mcs50/m2D/m2Dr6/mcs50_m2Dr6_s100.A06 fileNameGt=../../cp2016-max-common-connected-subgraph-paper/datasets/graphsdb/mcs50/m2D/m2Dr6/mcs50_m2Dr6_s100.B06
Reading graphs...
100 :  238
100 :  237
Initializing...
maxdom : 8
D->valSize : 369
Solving...
Blb : 3 (clique : 34)
currentSize : 34 <-- 0.003895 s
currentSize : 35 <-- 16.570351 s
currentSize : 36 <-- 16.727310 s
currentSize : 37 <-- 94.962547 s
currentSize : 38 <-- 95.012444 s
currentSize : 39 <-- 185.911285 s

TIMEOUT
maxsize : 39
nodes : 204486032.000000
filtered : 845423088.000000
time : 1000.000061
