Parameters: GAD=1 vflib=1 dir=0 label=0 vlabel=1 lowerbound=1 fileNameGp=../../cp2016-max-common-connected-subgraph-paper/datasets/graphsdb/mcs50/m3D/m3D/mcs50_m3D_s50.A06 fileNameGt=../../cp2016-max-common-connected-subgraph-paper/datasets/graphsdb/mcs50/m3D/m3D/mcs50_m3D_s50.B06
Reading graphs...
50 :  109
50 :  109
Initializing...
maxdom : 10
D->valSize : 328
Solving...
Blb : 2 (clique : 20)
currentSize : 20 <-- 0.002355 s
currentSize : 21 <-- 0.002469 s
currentSize : 22 <-- 0.004097 s
currentSize : 23 <-- 0.009359 s
currentSize : 24 <-- 4.519215 s
currentSize : 26 <-- 7.507658 s
currentSize : 28 <-- 7.507723 s
currentSize : 29 <-- 7.507750 s

maxsize : 29
nodes : 3056189.000000
filtered : 28930215.000000
time : 11.768250
