Parameters: GAD=1 vflib=1 dir=0 label=0 vlabel=1 lowerbound=1 fileNameGp=../../cp2016-max-common-connected-subgraph-paper/datasets/graphsdb/mcs50/m2D/m2Dr2/mcs50_m2Dr2_s80.A01 fileNameGt=../../cp2016-max-common-connected-subgraph-paper/datasets/graphsdb/mcs50/m2D/m2Dr2/mcs50_m2Dr2_s80.B01
Reading graphs...
80 :  157
80 :  158
Initializing...
maxdom : 9
D->valSize : 446
Solving...
Blb : 2 (clique : 35)
currentSize : 35 <-- 0.007225 s
currentSize : 37 <-- 0.007684 s
currentSize : 38 <-- 0.007771 s
currentSize : 40 <-- 0.008056 s
currentSize : 41 <-- 0.011691 s
currentSize : 42 <-- 0.065750 s
currentSize : 43 <-- 34.982052 s

TIMEOUT
maxsize : 43
nodes : 187752600.000000
filtered : 1175813356.000000
time : 1000.000061
