Parameters: GAD=1 vflib=1 dir=0 label=0 vlabel=1 lowerbound=1 fileNameGp=../../cp2016-max-common-connected-subgraph-paper/datasets/graphsdb/mcs50/bvg/b06/mcs50_b06_s35.A08 fileNameGt=../../cp2016-max-common-connected-subgraph-paper/datasets/graphsdb/mcs50/bvg/b06/mcs50_b06_s35.B08
Reading graphs...
35 :  105
35 :  104
Initializing...
maxdom : 8
D->valSize : 152
Solving...
Blb : 2 (clique : 10)
currentSize : 10 <-- 0.000749 s
currentSize : 11 <-- 0.000890 s
currentSize : 12 <-- 0.001182 s
currentSize : 13 <-- 0.001207 s
currentSize : 14 <-- 0.001225 s
currentSize : 15 <-- 0.016631 s
currentSize : 16 <-- 0.090414 s
currentSize : 17 <-- 0.091566 s

maxsize : 17
nodes : 38032.000000
filtered : 263031.000000
time : 0.123349
