Parameters: GAD=1 vflib=1 dir=0 label=0 vlabel=1 lowerbound=1 fileNameGp=../../cp2016-max-common-connected-subgraph-paper/datasets/graphsdb/mcs50/m2D/m2Dr6/mcs50_m2Dr6_s70.A08 fileNameGt=../../cp2016-max-common-connected-subgraph-paper/datasets/graphsdb/mcs50/m2D/m2Dr6/mcs50_m2Dr6_s70.B08
Reading graphs...
70 :  163
70 :  164
Initializing...
maxdom : 10
D->valSize : 392
Solving...
Blb : 2 (clique : 29)
currentSize : 29 <-- 0.003418 s
currentSize : 30 <-- 0.006268 s
currentSize : 31 <-- 0.010669 s
currentSize : 32 <-- 0.010972 s
currentSize : 33 <-- 0.027465 s
currentSize : 34 <-- 18.464037 s
currentSize : 35 <-- 222.372864 s

TIMEOUT
maxsize : 35
nodes : 204435331.000000
filtered : 1731048872.000000
time : 1000.000061
