Parameters: GAD=1 vflib=1 dir=0 label=0 vlabel=1 lowerbound=1 fileNameGp=../../cp2016-max-common-connected-subgraph-paper/datasets/graphsdb/mcs50/rand/r01/mcs50_r01_s70.A03 fileNameGt=../../cp2016-max-common-connected-subgraph-paper/datasets/graphsdb/mcs50/rand/r01/mcs50_r01_s70.B03
Reading graphs...
70 :  462
70 :  455
Initializing...
maxdom : 7
D->valSize : 312
Solving...
Blb : 3 (clique : 15)
currentSize : 15 <-- 0.002465 s
currentSize : 16 <-- 0.020678 s
currentSize : 17 <-- 0.052765 s
currentSize : 18 <-- 0.294501 s
currentSize : 19 <-- 0.793409 s
currentSize : 20 <-- 0.841178 s
currentSize : 21 <-- 0.869476 s
currentSize : 22 <-- 0.869511 s
currentSize : 23 <-- 1.026983 s
currentSize : 26 <-- 1.067255 s
currentSize : 29 <-- 1.326364 s
currentSize : 35 <-- 2.756367 s

maxsize : 35
nodes : 629223.000000
filtered : 5220370.000000
time : 3.068268
