Parameters: GAD=1 vflib=1 dir=0 label=0 vlabel=1 lowerbound=1 fileNameGp=../../cp2016-max-common-connected-subgraph-paper/datasets/graphsdb/mcs50/rand/r005/mcs50_r005_s90.A02 fileNameGt=../../cp2016-max-common-connected-subgraph-paper/datasets/graphsdb/mcs50/rand/r005/mcs50_r005_s90.B02
Reading graphs...
90 :  386
90 :  390
Initializing...
maxdom : 11
D->valSize : 518
Solving...
Blb : 2 (clique : 23)
currentSize : 23 <-- 0.009318 s
currentSize : 24 <-- 0.009689 s
currentSize : 25 <-- 0.054117 s
currentSize : 26 <-- 0.065331 s
currentSize : 27 <-- 0.368543 s
currentSize : 28 <-- 0.616276 s
currentSize : 29 <-- 1.240492 s
currentSize : 30 <-- 1.926133 s
currentSize : 31 <-- 5.254926 s
currentSize : 32 <-- 5.892467 s
currentSize : 33 <-- 14.706025 s
currentSize : 34 <-- 16.114262 s
currentSize : 35 <-- 29.343687 s
currentSize : 37 <-- 30.864395 s
currentSize : 40 <-- 44.074108 s
currentSize : 41 <-- 668.356812 s
currentSize : 42 <-- 668.356934 s
currentSize : 45 <-- 668.356995 s

maxsize : 45
nodes : 117263188.000000
filtered : 1810100715.000000
time : 840.025574
