Parameters: GAD=1 vflib=1 dir=0 label=0 vlabel=1 lowerbound=1 fileNameGp=../../cp2016-max-common-connected-subgraph-paper/datasets/graphsdb/mcs50/rand/r01/mcs50_r01_s100.A05 fileNameGt=../../cp2016-max-common-connected-subgraph-paper/datasets/graphsdb/mcs50/rand/r01/mcs50_r01_s100.B05
Reading graphs...
100 :  936
100 :  947
Initializing...
maxdom : 6
D->valSize : 366
Solving...
Blb : 2 (clique : 14)
currentSize : 14 <-- 0.003630 s
currentSize : 15 <-- 0.003762 s
currentSize : 17 <-- 0.003871 s
currentSize : 19 <-- 0.004211 s
currentSize : 24 <-- 0.014004 s
currentSize : 25 <-- 0.054255 s
currentSize : 27 <-- 0.306432 s
currentSize : 28 <-- 0.826492 s
currentSize : 36 <-- 0.826635 s
currentSize : 37 <-- 1.843705 s
currentSize : 41 <-- 2.173439 s
currentSize : 50 <-- 2.173711 s

maxsize : 50
nodes : 400796.000000
filtered : 4075205.000000
time : 2.843211
