Parameters: GAD=1 vflib=1 dir=0 label=0 vlabel=1 lowerbound=1 fileNameGp=../../cp2016-max-common-connected-subgraph-paper/datasets/graphsdb/mcs50/rand/r02/mcs50_r02_s50.A02 fileNameGt=../../cp2016-max-common-connected-subgraph-paper/datasets/graphsdb/mcs50/rand/r02/mcs50_r02_s50.B02
Reading graphs...
50 :  430
50 :  440
Initializing...
maxdom : 9
D->valSize : 324
Solving...
Blb : 3 (clique : 10)
currentSize : 10 <-- 0.002238 s
currentSize : 11 <-- 0.002670 s
currentSize : 12 <-- 0.002782 s
currentSize : 13 <-- 0.003495 s
currentSize : 14 <-- 0.006454 s
currentSize : 15 <-- 0.006618 s
currentSize : 16 <-- 0.010468 s
currentSize : 17 <-- 0.036085 s
currentSize : 20 <-- 0.036115 s
currentSize : 21 <-- 0.180821 s
currentSize : 25 <-- 0.181022 s

maxsize : 25
nodes : 62719.000000
filtered : 928903.000000
time : 0.309973
