Parameters: GAD=1 vflib=1 dir=0 label=0 vlabel=1 lowerbound=1 fileNameGp=../../cp2016-max-common-connected-subgraph-paper/datasets/graphsdb/mcs50/rand/r001/mcs50_r001_s100.A06 fileNameGt=../../cp2016-max-common-connected-subgraph-paper/datasets/graphsdb/mcs50/rand/r001/mcs50_r001_s100.B06
Reading graphs...
100 :  124
100 :  123
Initializing...
maxdom : 6
D->valSize : 352
Solving...
Blb : 2 (clique : 48)
currentSize : 48 <-- 0.005894 s
currentSize : 49 <-- 16.917473 s
currentSize : 50 <-- 25.644161 s
currentSize : 51 <-- 32.068024 s
currentSize : 53 <-- 41.351597 s
currentSize : 54 <-- 41.352295 s
currentSize : 55 <-- 835.110168 s

TIMEOUT
maxsize : 55
nodes : 207892392.000000
filtered : 592464970.000000
time : 1000.000122
