Parameters: GAD=1 vflib=1 dir=0 label=0 vlabel=1 lowerbound=1 fileNameGp=../../cp2016-max-common-connected-subgraph-paper/datasets/graphsdb/mcs50/m2D/m2D/mcs50_m2D_s70.A01 fileNameGt=../../cp2016-max-common-connected-subgraph-paper/datasets/graphsdb/mcs50/m2D/m2D/mcs50_m2D_s70.B01
Reading graphs...
70 :  123
70 :  122
Initializing...
maxdom : 10
D->valSize : 350
Solving...
Blb : 2 (clique : 26)
currentSize : 26 <-- 0.002873 s
currentSize : 27 <-- 0.003054 s
currentSize : 28 <-- 0.003320 s
currentSize : 29 <-- 2.238727 s
currentSize : 30 <-- 6.868147 s
currentSize : 31 <-- 25.332279 s
currentSize : 32 <-- 68.490555 s
currentSize : 33 <-- 164.805481 s
currentSize : 34 <-- 224.000107 s
currentSize : 35 <-- 248.388229 s

TIMEOUT
maxsize : 35
nodes : 233452321.000000
filtered : 1532710445.000000
time : 1000.000000
