Parameters: GAD=1 vflib=1 dir=0 label=0 vlabel=1 lowerbound=1 fileNameGp=../../cp2016-max-common-connected-subgraph-paper/datasets/graphsdb/mcs50/bvg/b03/mcs50_b03_s100.A07 fileNameGt=../../cp2016-max-common-connected-subgraph-paper/datasets/graphsdb/mcs50/bvg/b03/mcs50_b03_s100.B07
Reading graphs...
100 :  149
100 :  150
Initializing...
maxdom : 9
D->valSize : 414
Solving...
Blb : 2 (clique : 45)
currentSize : 45 <-- 0.004482 s
currentSize : 46 <-- 0.009923 s
currentSize : 47 <-- 0.011709 s
currentSize : 48 <-- 127.594078 s
currentSize : 49 <-- 959.297852 s
currentSize : 50 <-- 975.284973 s

TIMEOUT
maxsize : 50
nodes : 203850535.000000
filtered : 849989147.000000
time : 1000.000122
