Parameters: GAD=1 vflib=1 dir=0 label=0 vlabel=1 lowerbound=1 fileNameGp=../../cp2016-max-common-connected-subgraph-paper/datasets/graphsdb/mcs50/rand/r005/mcs50_r005_s80.A03 fileNameGt=../../cp2016-max-common-connected-subgraph-paper/datasets/graphsdb/mcs50/rand/r005/mcs50_r005_s80.B03
Reading graphs...
80 :  311
80 :  308
Initializing...
maxdom : 8
D->valSize : 410
Solving...
Blb : 2 (clique : 21)
currentSize : 21 <-- 0.006193 s
currentSize : 22 <-- 0.006565 s
currentSize : 23 <-- 0.006813 s
currentSize : 24 <-- 0.394968 s
currentSize : 25 <-- 3.135967 s
currentSize : 26 <-- 25.844704 s
currentSize : 27 <-- 57.814663 s
currentSize : 28 <-- 62.462711 s
currentSize : 29 <-- 62.917984 s
currentSize : 30 <-- 109.474930 s
currentSize : 31 <-- 224.046082 s
currentSize : 33 <-- 279.275330 s
currentSize : 34 <-- 279.275604 s
currentSize : 35 <-- 279.275879 s
currentSize : 36 <-- 428.371063 s
currentSize : 38 <-- 428.477570 s
currentSize : 39 <-- 428.477753 s
currentSize : 40 <-- 446.644287 s

maxsize : 40
nodes : 82699741.000000
filtered : 850616302.000000
time : 465.366272
