Parameters: GAD=1 vflib=1 dir=0 label=0 vlabel=1 lowerbound=1 fileNameGp=../../cp2016-max-common-connected-subgraph-paper/datasets/graphsdb/mcs50/bvg/b09/mcs50_b09_s80.A07 fileNameGt=../../cp2016-max-common-connected-subgraph-paper/datasets/graphsdb/mcs50/bvg/b09/mcs50_b09_s80.B07
Reading graphs...
80 :  357
80 :  356
Initializing...
maxdom : 9
D->valSize : 409
Solving...
Blb : 2 (clique : 24)
currentSize : 24 <-- 0.003741 s
currentSize : 26 <-- 1.777779 s
currentSize : 27 <-- 7.750287 s
currentSize : 28 <-- 17.603472 s
currentSize : 34 <-- 24.351435 s
currentSize : 36 <-- 24.351683 s
currentSize : 38 <-- 37.031860 s
currentSize : 39 <-- 59.272655 s
currentSize : 40 <-- 114.236305 s

maxsize : 40
nodes : 29859986.000000
filtered : 207536599.000000
time : 153.688431
