Parameters: GAD=1 vflib=1 dir=0 label=0 vlabel=1 lowerbound=1 fileNameGp=../../cp2016-max-common-connected-subgraph-paper/datasets/graphsdb/mcs50/m2D/m2D/mcs50_m2D_s60.A07 fileNameGt=../../cp2016-max-common-connected-subgraph-paper/datasets/graphsdb/mcs50/m2D/m2D/mcs50_m2D_s60.B07
Reading graphs...
60 :  104
60 :  102
Initializing...
maxdom : 6
D->valSize : 244
Solving...
Blb : 2 (clique : 22)
currentSize : 22 <-- 0.001678 s
currentSize : 23 <-- 0.001823 s
currentSize : 24 <-- 0.002057 s
currentSize : 25 <-- 0.010238 s
currentSize : 26 <-- 0.010859 s
currentSize : 27 <-- 0.028319 s
currentSize : 28 <-- 0.320411 s
currentSize : 29 <-- 4.603152 s
currentSize : 30 <-- 52.898273 s

maxsize : 30
nodes : 74335442.000000
filtered : 503024932.000000
time : 322.969330
