Parameters: GAD=1 vflib=1 dir=0 label=0 vlabel=1 lowerbound=1 fileNameGp=../../cp2016-max-common-connected-subgraph-paper/datasets/graphsdb/mcs50/bvg/b06/mcs50_b06_s100.A01 fileNameGt=../../cp2016-max-common-connected-subgraph-paper/datasets/graphsdb/mcs50/bvg/b06/mcs50_b06_s100.B01
Reading graphs...
100 :  298
100 :  300
Initializing...
maxdom : 8
D->valSize : 402
Solving...
Blb : 2 (clique : 39)
currentSize : 39 <-- 0.006703 s
currentSize : 40 <-- 0.429104 s
currentSize : 41 <-- 9.617419 s
currentSize : 42 <-- 13.593232 s
currentSize : 43 <-- 505.949677 s
currentSize : 44 <-- 511.705444 s

TIMEOUT
maxsize : 44
nodes : 197093218.000000
filtered : 841426631.000000
time : 1000.000061
