Parameters: GAD=1 vflib=1 dir=0 label=0 vlabel=1 lowerbound=1 fileNameGp=../../cp2016-max-common-connected-subgraph-paper/datasets/graphsdb/mcs50/m2D/m2Dr2/mcs50_m2Dr2_s90.A05 fileNameGt=../../cp2016-max-common-connected-subgraph-paper/datasets/graphsdb/mcs50/m2D/m2Dr2/mcs50_m2Dr2_s90.B05
Reading graphs...
90 :  179
90 :  176
Initializing...
maxdom : 11
D->valSize : 547
Solving...
Blb : 2 (clique : 35)
currentSize : 35 <-- 0.010786 s
currentSize : 36 <-- 0.011191 s
currentSize : 37 <-- 0.012465 s
currentSize : 38 <-- 0.314295 s
currentSize : 39 <-- 2.848940 s
currentSize : 40 <-- 5.597454 s
currentSize : 41 <-- 34.945023 s
currentSize : 42 <-- 37.799438 s

TIMEOUT
maxsize : 42
nodes : 210449240.000000
filtered : 1248850263.000000
time : 1000.000061
