Parameters: GAD=1 vflib=1 dir=0 label=0 vlabel=1 lowerbound=1 fileNameGp=../../cp2016-max-common-connected-subgraph-paper/datasets/graphsdb/mcs50/m2D/m2Dr2/mcs50_m2Dr2_s50.A01 fileNameGt=../../cp2016-max-common-connected-subgraph-paper/datasets/graphsdb/mcs50/m2D/m2Dr2/mcs50_m2Dr2_s50.B01
Reading graphs...
50 :  95
50 :  95
Initializing...
maxdom : 10
D->valSize : 355
Solving...
Blb : 2 (clique : 19)
currentSize : 19 <-- 0.002643 s
currentSize : 20 <-- 0.002769 s
currentSize : 21 <-- 0.002890 s
currentSize : 22 <-- 0.003667 s
currentSize : 23 <-- 0.028906 s
currentSize : 24 <-- 0.126736 s
currentSize : 25 <-- 0.645386 s
currentSize : 26 <-- 1.392876 s
currentSize : 27 <-- 185.151199 s

maxsize : 27
nodes : 73976859.000000
filtered : 911695491.000000
time : 328.539520
