Parameters: GAD=1 vflib=1 dir=0 label=0 vlabel=1 lowerbound=1 fileNameGp=../../cp2016-max-common-connected-subgraph-paper/datasets/graphsdb/mcs50/rand/r01/mcs50_r01_s60.A09 fileNameGt=../../cp2016-max-common-connected-subgraph-paper/datasets/graphsdb/mcs50/rand/r01/mcs50_r01_s60.B09
Reading graphs...
60 :  334
60 :  328
Initializing...
maxdom : 6
D->valSize : 240
Solving...
Blb : 2 (clique : 12)
currentSize : 12 <-- 0.001704 s
currentSize : 13 <-- 0.001848 s
currentSize : 14 <-- 0.006863 s
currentSize : 15 <-- 0.006877 s
currentSize : 16 <-- 0.049523 s
currentSize : 17 <-- 0.055085 s
currentSize : 18 <-- 0.158146 s
currentSize : 19 <-- 0.158481 s
currentSize : 20 <-- 0.390775 s
currentSize : 21 <-- 0.392571 s
currentSize : 22 <-- 0.426689 s
currentSize : 24 <-- 0.450267 s
currentSize : 26 <-- 0.490585 s
currentSize : 30 <-- 0.557915 s

maxsize : 30
nodes : 141374.000000
filtered : 1019766.000000
time : 0.611106
