Parameters: GAD=1 vflib=1 dir=0 label=0 vlabel=1 lowerbound=1 fileNameGp=../../cp2016-max-common-connected-subgraph-paper/datasets/graphsdb/mcs50/m3D/m3Dr6/mcs50_m3Dr6_s60.A00 fileNameGt=../../cp2016-max-common-connected-subgraph-paper/datasets/graphsdb/mcs50/m3D/m3Dr6/mcs50_m3Dr6_s60.B00
Reading graphs...
60 :  169
60 :  167
Initializing...
maxdom : 10
D->valSize : 225
Solving...
Blb : 2 (clique : 19)
currentSize : 19 <-- 0.001549 s
currentSize : 20 <-- 0.001934 s
currentSize : 21 <-- 0.002368 s
currentSize : 22 <-- 0.040969 s
currentSize : 23 <-- 0.127485 s
currentSize : 24 <-- 0.163379 s
currentSize : 25 <-- 0.522661 s
currentSize : 26 <-- 0.595135 s
currentSize : 27 <-- 1.243503 s

maxsize : 27
nodes : 1119441.000000
filtered : 6846103.000000
time : 4.786295
