Parameters: GAD=1 vflib=1 dir=0 label=0 vlabel=1 lowerbound=1 fileNameGp=../../cp2016-max-common-connected-subgraph-paper/datasets/graphsdb/mcs50/m3D/m3D/mcs50_m3D_s50.A04 fileNameGt=../../cp2016-max-common-connected-subgraph-paper/datasets/graphsdb/mcs50/m3D/m3D/mcs50_m3D_s50.B04
Reading graphs...
50 :  109
50 :  109
Initializing...
maxdom : 10
D->valSize : 349
Solving...
Blb : 2 (clique : 21)
currentSize : 21 <-- 0.002535 s
currentSize : 22 <-- 0.002684 s
currentSize : 23 <-- 0.907521 s
currentSize : 24 <-- 2.638854 s
currentSize : 25 <-- 6.093363 s
currentSize : 26 <-- 7.260106 s
currentSize : 28 <-- 8.658275 s
currentSize : 29 <-- 9.096752 s

maxsize : 29
nodes : 2781302.000000
filtered : 30819403.000000
time : 13.166408
