Parameters: GAD=1 vflib=1 dir=0 label=0 vlabel=1 lowerbound=1 fileNameGp=../../cp2016-max-common-connected-subgraph-paper/datasets/graphsdb/mcs50/m2D/m2Dr4/mcs50_m2Dr4_s50.A03 fileNameGt=../../cp2016-max-common-connected-subgraph-paper/datasets/graphsdb/mcs50/m2D/m2Dr4/mcs50_m2Dr4_s50.B03
Reading graphs...
50 :  104
50 :  102
Initializing...
maxdom : 10
D->valSize : 323
Solving...
Blb : 2 (clique : 19)
currentSize : 19 <-- 0.003765 s
currentSize : 21 <-- 0.003965 s
currentSize : 22 <-- 0.005917 s
currentSize : 23 <-- 0.018910 s
currentSize : 24 <-- 0.401433 s
currentSize : 25 <-- 0.428213 s
currentSize : 26 <-- 1.447801 s
currentSize : 27 <-- 3.129532 s
currentSize : 28 <-- 75.043594 s

maxsize : 28
nodes : 26282706.000000
filtered : 300295448.000000
time : 112.627304
