Parameters: GAD=1 vflib=1 dir=0 label=0 vlabel=1 lowerbound=1 fileNameGp=../../cp2016-max-common-connected-subgraph-paper/datasets/graphsdb/mcs50/rand/r02/mcs50_r02_s50.A01 fileNameGt=../../cp2016-max-common-connected-subgraph-paper/datasets/graphsdb/mcs50/rand/r02/mcs50_r02_s50.B01
Reading graphs...
50 :  442
50 :  440
Initializing...
maxdom : 13
D->valSize : 336
Solving...
Blb : 2 (clique : 9)
currentSize : 9 <-- 0.003534 s
currentSize : 11 <-- 0.003916 s
currentSize : 12 <-- 0.004033 s
currentSize : 13 <-- 0.793400 s
currentSize : 14 <-- 0.793427 s
currentSize : 17 <-- 1.009915 s
currentSize : 18 <-- 1.224057 s
currentSize : 19 <-- 1.421072 s
currentSize : 25 <-- 1.450541 s

maxsize : 25
nodes : 386458.000000
filtered : 2720968.000000
time : 1.479425
