Parameters: GAD=1 vflib=1 dir=0 label=0 vlabel=1 lowerbound=1 fileNameGp=../../cp2016-max-common-connected-subgraph-paper/datasets/graphsdb/mcs50/bvg/b06m/mcs50_b06m_s70.A09 fileNameGt=../../cp2016-max-common-connected-subgraph-paper/datasets/graphsdb/mcs50/bvg/b06m/mcs50_b06m_s70.B09
Reading graphs...
70 :  207
70 :  206
Initializing...
maxdom : 11
D->valSize : 390
Solving...
Blb : 2 (clique : 28)
currentSize : 28 <-- 0.003353 s
currentSize : 29 <-- 0.007208 s
currentSize : 30 <-- 2.032261 s
currentSize : 32 <-- 7.203937 s
currentSize : 33 <-- 7.359555 s
currentSize : 34 <-- 90.362350 s
currentSize : 35 <-- 163.029663 s
currentSize : 36 <-- 228.210892 s

maxsize : 36
nodes : 64314580.000000
filtered : 496942133.000000
time : 306.882935
