Parameters: GAD=1 vflib=1 dir=0 label=0 vlabel=1 lowerbound=1 fileNameGp=../../cp2016-max-common-connected-subgraph-paper/datasets/graphsdb/mcs50/bvg/b06m/mcs50_b06m_s50.A05 fileNameGt=../../cp2016-max-common-connected-subgraph-paper/datasets/graphsdb/mcs50/bvg/b06m/mcs50_b06m_s50.B05
Reading graphs...
50 :  148
50 :  145
Initializing...
maxdom : 13
D->valSize : 340
Solving...
Blb : 2 (clique : 16)
currentSize : 16 <-- 0.002409 s
currentSize : 17 <-- 0.002539 s
currentSize : 18 <-- 0.002770 s
currentSize : 19 <-- 0.007837 s
currentSize : 20 <-- 0.008183 s
currentSize : 21 <-- 0.102873 s
currentSize : 22 <-- 1.412879 s
currentSize : 23 <-- 4.500593 s
currentSize : 24 <-- 7.555320 s
currentSize : 25 <-- 7.555474 s
currentSize : 26 <-- 7.556859 s
currentSize : 27 <-- 7.984353 s

maxsize : 27
nodes : 2391483.000000
filtered : 24503690.000000
time : 10.099899
