Parameters: GAD=1 vflib=1 dir=0 label=0 vlabel=1 lowerbound=1 fileNameGp=../../cp2016-max-common-connected-subgraph-paper/datasets/graphsdb/mcs50/bvg/b09/mcs50_b09_s100.A08 fileNameGt=../../cp2016-max-common-connected-subgraph-paper/datasets/graphsdb/mcs50/bvg/b09/mcs50_b09_s100.B08
Reading graphs...
100 :  446
100 :  447
Initializing...
maxdom : 7
D->valSize : 401
Solving...
Blb : 3 (clique : 25)
currentSize : 25 <-- 0.006365 s
currentSize : 26 <-- 0.149496 s
currentSize : 27 <-- 0.386783 s
currentSize : 28 <-- 0.441482 s
currentSize : 29 <-- 2.246222 s
currentSize : 30 <-- 15.616965 s
currentSize : 31 <-- 16.819880 s
currentSize : 32 <-- 17.638628 s
currentSize : 33 <-- 17.638733 s
currentSize : 34 <-- 17.640863 s
currentSize : 35 <-- 34.049854 s
currentSize : 36 <-- 553.627930 s
currentSize : 39 <-- 553.628357 s
currentSize : 40 <-- 553.640625 s
currentSize : 41 <-- 573.231812 s
currentSize : 42 <-- 935.764771 s
currentSize : 43 <-- 935.768127 s
currentSize : 45 <-- 993.438110 s

TIMEOUT
maxsize : 45
nodes : 187637190.000000
filtered : 902737799.000000
time : 1000.000061
