Parameters: GAD=1 vflib=1 dir=0 label=0 vlabel=1 lowerbound=1 fileNameGp=../../cp2016-max-common-connected-subgraph-paper/datasets/graphsdb/mcs50/m3D/m3Dr4/mcs50_m3Dr4_s60.A05 fileNameGt=../../cp2016-max-common-connected-subgraph-paper/datasets/graphsdb/mcs50/m3D/m3Dr4/mcs50_m3Dr4_s60.B05
Reading graphs...
60 :  154
60 :  153
Initializing...
maxdom : 9
D->valSize : 253
Solving...
Blb : 2 (clique : 20)
currentSize : 20 <-- 0.001744 s
currentSize : 21 <-- 0.016898 s
currentSize : 22 <-- 0.059886 s
currentSize : 23 <-- 0.135158 s
currentSize : 24 <-- 0.422558 s
currentSize : 25 <-- 14.095521 s
currentSize : 28 <-- 14.095931 s
currentSize : 30 <-- 14.195655 s

maxsize : 30
nodes : 4946671.000000
filtered : 29978237.000000
time : 20.664627
