Parameters: GAD=1 vflib=1 dir=0 label=0 vlabel=1 lowerbound=1 fileNameGp=../../cp2016-max-common-connected-subgraph-paper/datasets/graphsdb/mcs50/m3D/m3Dr4/mcs50_m3Dr4_s50.A03 fileNameGt=../../cp2016-max-common-connected-subgraph-paper/datasets/graphsdb/mcs50/m3D/m3Dr4/mcs50_m3Dr4_s50.B03
Reading graphs...
50 :  126
50 :  124
Initializing...
maxdom : 11
D->valSize : 351
Solving...
Blb : 2 (clique : 16)
currentSize : 16 <-- 0.002495 s
currentSize : 17 <-- 0.002632 s
currentSize : 18 <-- 0.002906 s
currentSize : 19 <-- 0.596416 s
currentSize : 20 <-- 0.622837 s
currentSize : 21 <-- 1.084574 s
currentSize : 22 <-- 15.459493 s
currentSize : 23 <-- 24.488686 s
currentSize : 24 <-- 48.621120 s
currentSize : 25 <-- 48.719513 s
currentSize : 26 <-- 48.722332 s
currentSize : 27 <-- 49.426735 s

maxsize : 27
nodes : 15611572.000000
filtered : 148162235.000000
time : 61.128536
