Parameters: GAD=1 vflib=1 dir=0 label=0 vlabel=1 lowerbound=1 fileNameGp=../../cp2016-max-common-connected-subgraph-paper/datasets/graphsdb/mcs50/bvg/b03m/mcs50_b03m_s90.A04 fileNameGt=../../cp2016-max-common-connected-subgraph-paper/datasets/graphsdb/mcs50/bvg/b03m/mcs50_b03m_s90.B04
Reading graphs...
90 :  135
90 :  135
Initializing...
maxdom : 10
D->valSize : 572
Solving...
Blb : 2 (clique : 36)
currentSize : 36 <-- 0.012027 s
currentSize : 41 <-- 0.012538 s
currentSize : 42 <-- 0.012898 s
currentSize : 43 <-- 0.014930 s
currentSize : 44 <-- 0.026703 s
currentSize : 45 <-- 0.030323 s
currentSize : 46 <-- 0.059664 s
currentSize : 47 <-- 0.129290 s
currentSize : 48 <-- 77.283218 s
currentSize : 49 <-- 227.595093 s
currentSize : 50 <-- 227.597382 s
currentSize : 51 <-- 227.686325 s
currentSize : 52 <-- 227.686417 s

TIMEOUT
maxsize : 52
nodes : 174660650.000000
filtered : 1434178214.000000
time : 1000.000122
