Parameters: GAD=1 vflib=1 dir=0 label=0 vlabel=1 lowerbound=1 fileNameGp=../../cp2016-max-common-connected-subgraph-paper/datasets/graphsdb/mcs50/m3D/m3D/mcs50_m3D_s50.A05 fileNameGt=../../cp2016-max-common-connected-subgraph-paper/datasets/graphsdb/mcs50/m3D/m3D/mcs50_m3D_s50.B05
Reading graphs...
50 :  109
50 :  108
Initializing...
maxdom : 12
D->valSize : 336
Solving...
Blb : 2 (clique : 19)
currentSize : 19 <-- 0.002372 s
currentSize : 20 <-- 0.002491 s
currentSize : 21 <-- 0.006702 s
currentSize : 22 <-- 0.255961 s
currentSize : 23 <-- 0.474204 s
currentSize : 24 <-- 4.764841 s
currentSize : 25 <-- 11.331583 s
currentSize : 26 <-- 11.388039 s
currentSize : 27 <-- 16.754164 s
currentSize : 28 <-- 16.836617 s

maxsize : 28
nodes : 4942719.000000
filtered : 50468870.000000
time : 21.097445
