Parameters: GAD=1 vflib=1 dir=0 label=0 vlabel=1 lowerbound=1 fileNameGp=../../cp2016-max-common-connected-subgraph-paper/datasets/graphsdb/mcs50/bvg/b09m/mcs50_b09m_s80.A01 fileNameGt=../../cp2016-max-common-connected-subgraph-paper/datasets/graphsdb/mcs50/bvg/b09m/mcs50_b09m_s80.B01
Reading graphs...
80 :  347
80 :  349
Initializing...
maxdom : 9
D->valSize : 432
Solving...
Blb : 2 (clique : 21)
currentSize : 21 <-- 0.004086 s
currentSize : 22 <-- 0.004248 s
currentSize : 25 <-- 0.005004 s
currentSize : 26 <-- 0.007912 s
currentSize : 27 <-- 0.008645 s
currentSize : 28 <-- 0.010197 s
currentSize : 29 <-- 0.035318 s
currentSize : 30 <-- 0.035387 s
currentSize : 31 <-- 3.442064 s
currentSize : 32 <-- 3.442170 s
currentSize : 33 <-- 3.442263 s
currentSize : 34 <-- 3.442357 s
currentSize : 35 <-- 3.442587 s
currentSize : 36 <-- 3.442729 s
currentSize : 37 <-- 3.447126 s
currentSize : 38 <-- 4.154363 s
currentSize : 39 <-- 126.473099 s
currentSize : 40 <-- 126.474846 s
currentSize : 41 <-- 129.265167 s

maxsize : 41
nodes : 80110054.000000
filtered : 478836859.000000
time : 395.432770
