Parameters: GAD=1 vflib=1 dir=0 label=0 vlabel=1 lowerbound=1 fileNameGp=../../cp2016-max-common-connected-subgraph-paper/datasets/graphsdb/mcs50/m3D/m3Dr2/mcs50_m3Dr2_s60.A04 fileNameGt=../../cp2016-max-common-connected-subgraph-paper/datasets/graphsdb/mcs50/m3D/m3Dr2/mcs50_m3Dr2_s60.B04
Reading graphs...
60 :  145
60 :  143
Initializing...
maxdom : 8
D->valSize : 256
Solving...
Blb : 2 (clique : 21)
currentSize : 21 <-- 0.001774 s
currentSize : 22 <-- 0.001962 s
currentSize : 23 <-- 0.004179 s
currentSize : 24 <-- 0.013693 s
currentSize : 25 <-- 1.082851 s
currentSize : 26 <-- 1.092167 s
currentSize : 27 <-- 21.056440 s
currentSize : 28 <-- 21.057356 s
currentSize : 29 <-- 22.912605 s

maxsize : 29
nodes : 7930921.000000
filtered : 50628048.000000
time : 33.819942
