Parameters: GAD=1 vflib=1 dir=0 label=0 vlabel=1 lowerbound=1 fileNameGp=../../cp2016-max-common-connected-subgraph-paper/datasets/graphsdb/mcs50/m3D/m3Dr4/mcs50_m3Dr4_s60.A01 fileNameGt=../../cp2016-max-common-connected-subgraph-paper/datasets/graphsdb/mcs50/m3D/m3Dr4/mcs50_m3Dr4_s60.B01
Reading graphs...
60 :  158
60 :  156
Initializing...
maxdom : 7
D->valSize : 229
Solving...
Blb : 3 (clique : 19)
currentSize : 19 <-- 0.001550 s
currentSize : 20 <-- 0.002206 s
currentSize : 21 <-- 0.050034 s
currentSize : 22 <-- 0.105294 s
currentSize : 23 <-- 0.385238 s
currentSize : 24 <-- 0.443471 s
currentSize : 25 <-- 1.953062 s
currentSize : 26 <-- 7.830907 s
currentSize : 27 <-- 17.001928 s

maxsize : 27
nodes : 8288906.000000
filtered : 53839729.000000
time : 34.976799
