Parameters: GAD=1 vflib=1 dir=0 label=0 vlabel=1 lowerbound=1 fileNameGp=../../cp2016-max-common-connected-subgraph-paper/datasets/graphsdb/mcs50/m3D/m3D/mcs50_m3D_s50.A01 fileNameGt=../../cp2016-max-common-connected-subgraph-paper/datasets/graphsdb/mcs50/m3D/m3D/mcs50_m3D_s50.B01
Reading graphs...
50 :  109
50 :  108
Initializing...
maxdom : 9
D->valSize : 326
Solving...
Blb : 3 (clique : 19)
currentSize : 19 <-- 0.002292 s
currentSize : 20 <-- 0.004460 s
currentSize : 21 <-- 0.007355 s
currentSize : 22 <-- 0.007635 s
currentSize : 23 <-- 0.020144 s
currentSize : 24 <-- 7.029073 s
currentSize : 25 <-- 15.756340 s
currentSize : 26 <-- 28.436523 s
currentSize : 27 <-- 29.536188 s
currentSize : 28 <-- 29.539919 s
currentSize : 29 <-- 29.540071 s
currentSize : 31 <-- 32.499920 s

maxsize : 31
nodes : 7899789.000000
filtered : 84562662.000000
time : 34.785984
