Parameters: GAD=1 vflib=1 dir=0 label=0 vlabel=1 lowerbound=1 fileNameGp=../../cp2016-max-common-connected-subgraph-paper/datasets/graphsdb/mcs50/m2D/m2D/mcs50_m2D_s50.A06 fileNameGt=../../cp2016-max-common-connected-subgraph-paper/datasets/graphsdb/mcs50/m2D/m2D/mcs50_m2D_s50.B06
Reading graphs...
50 :  85
50 :  85
Initializing...
maxdom : 13
D->valSize : 328
Solving...
Blb : 2 (clique : 20)
currentSize : 20 <-- 0.002390 s
currentSize : 21 <-- 0.002570 s
currentSize : 22 <-- 0.003008 s
currentSize : 23 <-- 0.004075 s
currentSize : 24 <-- 0.006370 s
currentSize : 25 <-- 0.268232 s
currentSize : 26 <-- 28.912424 s
currentSize : 27 <-- 28.977283 s
currentSize : 28 <-- 31.316368 s

maxsize : 28
nodes : 12351525.000000
filtered : 109967628.000000
time : 50.909679
