Parameters: GAD=1 vflib=1 dir=0 label=0 vlabel=1 lowerbound=1 fileNameGp=../../cp2016-max-common-connected-subgraph-paper/datasets/graphsdb/mcs50/rand/r02/mcs50_r02_s60.A01 fileNameGt=../../cp2016-max-common-connected-subgraph-paper/datasets/graphsdb/mcs50/rand/r02/mcs50_r02_s60.B01
Reading graphs...
60 :  639
60 :  631
Initializing...
maxdom : 7
D->valSize : 242
Solving...
Blb : 2 (clique : 8)
currentSize : 8 <-- 0.002379 s
currentSize : 9 <-- 0.002677 s
currentSize : 10 <-- 0.003645 s
currentSize : 11 <-- 0.019734 s
currentSize : 12 <-- 0.034632 s
currentSize : 14 <-- 0.034718 s
currentSize : 15 <-- 0.093903 s
currentSize : 17 <-- 0.096756 s
currentSize : 20 <-- 0.106823 s
currentSize : 23 <-- 0.136852 s
currentSize : 26 <-- 0.138426 s
currentSize : 30 <-- 0.138534 s

maxsize : 30
nodes : 32453.000000
filtered : 247154.000000
time : 0.159812
