Parameters: GAD=1 vflib=1 dir=0 label=0 vlabel=1 lowerbound=1 fileNameGp=../../cp2016-max-common-connected-subgraph-paper/datasets/graphsdb/mcs50/m3D/m3Dr6/mcs50_m3Dr6_s60.A05 fileNameGt=../../cp2016-max-common-connected-subgraph-paper/datasets/graphsdb/mcs50/m3D/m3Dr6/mcs50_m3Dr6_s60.B05
Reading graphs...
60 :  168
60 :  166
Initializing...
maxdom : 8
D->valSize : 252
Solving...
Blb : 2 (clique : 20)
currentSize : 20 <-- 0.001791 s
currentSize : 22 <-- 0.002003 s
currentSize : 23 <-- 0.027335 s
currentSize : 24 <-- 0.148662 s
currentSize : 25 <-- 0.156032 s
currentSize : 26 <-- 0.156335 s
currentSize : 27 <-- 0.157248 s
currentSize : 28 <-- 0.171493 s
currentSize : 29 <-- 0.594075 s

maxsize : 29
nodes : 2879410.000000
filtered : 14188632.000000
time : 11.392714
