Parameters: GAD=1 vflib=1 dir=0 label=0 vlabel=1 lowerbound=1 fileNameGp=../../cp2016-max-common-connected-subgraph-paper/datasets/graphsdb/mcs50/m2D/m2D/mcs50_m2D_s70.A06 fileNameGt=../../cp2016-max-common-connected-subgraph-paper/datasets/graphsdb/mcs50/m2D/m2D/mcs50_m2D_s70.B06
Reading graphs...
70 :  123
70 :  123
Initializing...
maxdom : 8
D->valSize : 347
Solving...
Blb : 2 (clique : 28)
currentSize : 28 <-- 0.003016 s
currentSize : 29 <-- 0.003212 s
currentSize : 30 <-- 0.003278 s
currentSize : 31 <-- 0.003517 s
currentSize : 32 <-- 0.004382 s
currentSize : 33 <-- 0.475086 s
currentSize : 34 <-- 0.692665 s
currentSize : 35 <-- 0.832573 s
currentSize : 36 <-- 31.668030 s
currentSize : 37 <-- 239.001419 s
currentSize : 38 <-- 239.005234 s
currentSize : 39 <-- 239.026657 s
currentSize : 40 <-- 585.450745 s
currentSize : 41 <-- 606.640198 s

maxsize : 41
nodes : 141594844.000000
filtered : 1269434462.000000
time : 701.506653
