Parameters: GAD=1 vflib=1 dir=0 label=0 vlabel=1 lowerbound=1 fileNameGp=../../cp2016-max-common-connected-subgraph-paper/datasets/graphsdb/mcs50/bvg/b03/mcs50_b03_s80.A03 fileNameGt=../../cp2016-max-common-connected-subgraph-paper/datasets/graphsdb/mcs50/bvg/b03/mcs50_b03_s80.B03
Reading graphs...
80 :  119
80 :  120
Initializing...
maxdom : 8
D->valSize : 427
Solving...
Blb : 2 (clique : 30)
currentSize : 30 <-- 0.004230 s
currentSize : 31 <-- 0.004778 s
currentSize : 33 <-- 0.206503 s
currentSize : 34 <-- 0.264721 s
currentSize : 35 <-- 1.765862 s
currentSize : 36 <-- 9.243764 s
currentSize : 37 <-- 26.090799 s
currentSize : 38 <-- 42.571991 s
currentSize : 39 <-- 123.583824 s
currentSize : 40 <-- 374.795807 s
currentSize : 41 <-- 462.080902 s

TIMEOUT
maxsize : 41
nodes : 204244311.000000
filtered : 1309575675.000000
time : 1000.000061
