Parameters: GAD=1 vflib=1 dir=0 label=0 vlabel=1 lowerbound=1 fileNameGp=../../cp2016-max-common-connected-subgraph-paper/datasets/graphsdb/mcs50/rand/r005/mcs50_r005_s80.A00 fileNameGt=../../cp2016-max-common-connected-subgraph-paper/datasets/graphsdb/mcs50/rand/r005/mcs50_r005_s80.B00
Reading graphs...
80 :  305
80 :  305
Initializing...
maxdom : 9
D->valSize : 435
Solving...
Blb : 2 (clique : 22)
currentSize : 22 <-- 0.004218 s
currentSize : 23 <-- 0.080709 s
currentSize : 24 <-- 0.163329 s
currentSize : 25 <-- 0.310640 s
currentSize : 26 <-- 0.522145 s
currentSize : 27 <-- 2.385178 s
currentSize : 28 <-- 3.754984 s
currentSize : 29 <-- 3.765512 s
currentSize : 30 <-- 10.152043 s
currentSize : 31 <-- 25.148308 s
currentSize : 32 <-- 40.998055 s
currentSize : 33 <-- 55.157558 s
currentSize : 34 <-- 106.642792 s
currentSize : 35 <-- 106.642990 s
currentSize : 36 <-- 160.773071 s
currentSize : 37 <-- 246.183212 s
currentSize : 38 <-- 246.183548 s
currentSize : 40 <-- 309.179413 s

maxsize : 40
nodes : 52081969.000000
filtered : 533068207.000000
time : 315.998138
