Parameters: GAD=1 vflib=1 dir=0 label=0 vlabel=1 lowerbound=1 fileNameGp=../../cp2016-max-common-connected-subgraph-paper/datasets/graphsdb/mcs50/rand/r02/mcs50_r02_s90.A04 fileNameGt=../../cp2016-max-common-connected-subgraph-paper/datasets/graphsdb/mcs50/rand/r02/mcs50_r02_s90.B04
Reading graphs...
90 :  1428
90 :  1436
Initializing...
maxdom : 11
D->valSize : 570
Solving...
Blb : 2 (clique : 12)
currentSize : 12 <-- 0.006449 s
currentSize : 13 <-- 0.006639 s
currentSize : 16 <-- 0.007061 s
currentSize : 19 <-- 0.013876 s
currentSize : 20 <-- 0.016559 s
currentSize : 27 <-- 0.016690 s
currentSize : 32 <-- 0.910620 s
currentSize : 33 <-- 2.243659 s
currentSize : 45 <-- 2.247609 s

maxsize : 45
nodes : 354539.000000
filtered : 6760663.000000
time : 2.715335
