Parameters: GAD=1 vflib=1 dir=0 label=0 vlabel=1 lowerbound=1 fileNameGp=../../cp2016-max-common-connected-subgraph-paper/datasets/graphsdb/mcs50/rand/r02/mcs50_r02_s100.A04 fileNameGt=../../cp2016-max-common-connected-subgraph-paper/datasets/graphsdb/mcs50/rand/r02/mcs50_r02_s100.B04
Reading graphs...
100 :  1782
100 :  1767
Initializing...
maxdom : 10
D->valSize : 421
Solving...
Blb : 2 (clique : 15)
currentSize : 15 <-- 0.004231 s
currentSize : 16 <-- 0.044967 s
currentSize : 17 <-- 0.045660 s
currentSize : 18 <-- 0.050599 s
currentSize : 21 <-- 0.052429 s
currentSize : 22 <-- 0.069652 s
currentSize : 25 <-- 0.070175 s
currentSize : 33 <-- 0.070310 s
currentSize : 36 <-- 0.217240 s
currentSize : 50 <-- 0.226461 s

maxsize : 50
nodes : 39812.000000
filtered : 557931.000000
time : 0.288326
