Parameters: GAD=1 vflib=1 dir=0 label=0 vlabel=1 lowerbound=1 fileNameGp=../../cp2016-max-common-connected-subgraph-paper/datasets/graphsdb/mcs50/m2D/m2Dr2/mcs50_m2Dr2_s90.A03 fileNameGt=../../cp2016-max-common-connected-subgraph-paper/datasets/graphsdb/mcs50/m2D/m2Dr2/mcs50_m2Dr2_s90.B03
Reading graphs...
90 :  178
90 :  175
Initializing...
maxdom : 14
D->valSize : 669
Solving...
Blb : 2 (clique : 39)
currentSize : 39 <-- 0.009004 s
currentSize : 40 <-- 0.010248 s
currentSize : 41 <-- 0.013152 s
currentSize : 42 <-- 0.022560 s
currentSize : 43 <-- 0.040737 s
currentSize : 44 <-- 0.075071 s
currentSize : 45 <-- 0.508263 s
currentSize : 46 <-- 0.597399 s
currentSize : 47 <-- 0.599836 s

TIMEOUT
maxsize : 47
nodes : 165116424.000000
filtered : 1445735977.000000
time : 1000.000122
