Parameters: GAD=1 vflib=1 dir=0 label=0 vlabel=1 lowerbound=1 fileNameGp=../../cp2016-max-common-connected-subgraph-paper/datasets/graphsdb/mcs50/m2D/m2Dr2/mcs50_m2Dr2_s100.A04 fileNameGt=../../cp2016-max-common-connected-subgraph-paper/datasets/graphsdb/mcs50/m2D/m2Dr2/mcs50_m2Dr2_s100.B04
Reading graphs...
100 :  200
100 :  200
Initializing...
maxdom : 7
D->valSize : 346
Solving...
Blb : 2 (clique : 38)
currentSize : 38 <-- 0.003481 s
currentSize : 39 <-- 0.005700 s
currentSize : 40 <-- 0.005911 s
currentSize : 41 <-- 0.181504 s
currentSize : 42 <-- 0.181578 s
currentSize : 43 <-- 5.004608 s
currentSize : 44 <-- 5.406671 s
currentSize : 45 <-- 19.255306 s
currentSize : 46 <-- 19.255936 s
currentSize : 47 <-- 19.258295 s
currentSize : 48 <-- 19.260181 s
currentSize : 49 <-- 115.456902 s
currentSize : 50 <-- 115.457024 s
currentSize : 51 <-- 115.465393 s
currentSize : 52 <-- 115.477287 s

TIMEOUT
maxsize : 52
nodes : 212213493.000000
filtered : 598805750.000000
time : 1000.000122
