Parameters: GAD=1 vflib=1 dir=0 label=0 vlabel=1 lowerbound=1 fileNameGp=../../cp2016-max-common-connected-subgraph-paper/datasets/graphsdb/mcs50/m2D/m2Dr4/mcs50_m2Dr4_s100.A05 fileNameGt=../../cp2016-max-common-connected-subgraph-paper/datasets/graphsdb/mcs50/m2D/m2Dr4/mcs50_m2Dr4_s100.B05
Reading graphs...
100 :  217
100 :  218
Initializing...
maxdom : 6
D->valSize : 344
Solving...
Blb : 2 (clique : 35)
currentSize : 35 <-- 0.003347 s
currentSize : 36 <-- 0.003619 s
currentSize : 37 <-- 0.003707 s
currentSize : 38 <-- 0.003828 s
currentSize : 39 <-- 0.017684 s
currentSize : 40 <-- 0.801036 s
currentSize : 41 <-- 0.801460 s
currentSize : 42 <-- 149.298477 s
currentSize : 43 <-- 149.298721 s

TIMEOUT
maxsize : 43
nodes : 177729519.000000
filtered : 930830032.000000
time : 1000.000061
