Parameters: GAD=1 vflib=1 dir=0 label=0 vlabel=1 lowerbound=1 fileNameGp=../../cp2016-max-common-connected-subgraph-paper/datasets/graphsdb/mcs50/bvg/b03/mcs50_b03_s40.A06 fileNameGt=../../cp2016-max-common-connected-subgraph-paper/datasets/graphsdb/mcs50/bvg/b03/mcs50_b03_s40.B06
Reading graphs...
40 :  59
40 :  60
Initializing...
maxdom : 8
D->valSize : 243
Solving...
Blb : 2 (clique : 18)
currentSize : 18 <-- 0.001517 s
currentSize : 19 <-- 0.001607 s
currentSize : 20 <-- 0.001960 s
currentSize : 21 <-- 0.002791 s
currentSize : 22 <-- 0.056236 s
currentSize : 23 <-- 0.094683 s
currentSize : 24 <-- 0.106935 s
currentSize : 25 <-- 0.301206 s
currentSize : 26 <-- 0.323191 s

maxsize : 26
nodes : 149328.000000
filtered : 1214938.000000
time : 0.531545
