Parameters: GAD=1 vflib=1 dir=0 label=0 vlabel=1 lowerbound=1 fileNameGp=../../cp2016-max-common-connected-subgraph-paper/datasets/graphsdb/mcs50/bvg/b09/mcs50_b09_s80.A03 fileNameGt=../../cp2016-max-common-connected-subgraph-paper/datasets/graphsdb/mcs50/bvg/b09/mcs50_b09_s80.B03
Reading graphs...
80 :  355
80 :  353
Initializing...
maxdom : 9
D->valSize : 433
Solving...
Blb : 3 (clique : 21)
currentSize : 21 <-- 0.006441 s
currentSize : 22 <-- 0.037033 s
currentSize : 23 <-- 0.243107 s
currentSize : 24 <-- 0.243834 s
currentSize : 25 <-- 0.629500 s
currentSize : 26 <-- 0.667238 s
currentSize : 29 <-- 1.463619 s
currentSize : 30 <-- 1.465706 s
currentSize : 31 <-- 1.477917 s
currentSize : 32 <-- 3.950637 s
currentSize : 33 <-- 3.964879 s
currentSize : 34 <-- 10.750712 s
currentSize : 36 <-- 13.369106 s
currentSize : 37 <-- 13.369157 s
currentSize : 38 <-- 13.375543 s
currentSize : 39 <-- 13.600706 s
currentSize : 40 <-- 13.600765 s
currentSize : 41 <-- 13.614724 s

maxsize : 41
nodes : 21960394.000000
filtered : 124228360.000000
time : 107.890129
