Parameters: GAD=1 vflib=1 dir=0 label=0 vlabel=1 lowerbound=1 fileNameGp=../../cp2016-max-common-connected-subgraph-paper/datasets/graphsdb/mcs50/bvg/b06m/mcs50_b06m_s70.A05 fileNameGt=../../cp2016-max-common-connected-subgraph-paper/datasets/graphsdb/mcs50/bvg/b06m/mcs50_b06m_s70.B05
Reading graphs...
70 :  206
70 :  208
Initializing...
maxdom : 10
D->valSize : 325
Solving...
Blb : 2 (clique : 26)
currentSize : 26 <-- 0.002612 s
currentSize : 27 <-- 0.002777 s
currentSize : 28 <-- 0.002827 s
currentSize : 29 <-- 0.003162 s
currentSize : 30 <-- 0.003498 s
currentSize : 31 <-- 0.006569 s
currentSize : 32 <-- 0.035924 s
currentSize : 34 <-- 32.109814 s
currentSize : 35 <-- 32.112694 s

maxsize : 35
nodes : 27477093.000000
filtered : 131191851.000000
time : 117.318062
