Parameters: GAD=1 vflib=1 dir=0 label=0 vlabel=1 lowerbound=1 fileNameGp=../../cp2016-max-common-connected-subgraph-paper/datasets/graphsdb/mcs50/bvg/b03/mcs50_b03_s90.A09 fileNameGt=../../cp2016-max-common-connected-subgraph-paper/datasets/graphsdb/mcs50/bvg/b03/mcs50_b03_s90.B09
Reading graphs...
90 :  135
90 :  135
Initializing...
maxdom : 11
D->valSize : 572
Solving...
Blb : 2 (clique : 35)
currentSize : 35 <-- 0.006841 s
currentSize : 39 <-- 0.007139 s
currentSize : 40 <-- 0.008111 s
currentSize : 41 <-- 0.029933 s
currentSize : 42 <-- 0.032776 s
currentSize : 43 <-- 0.032808 s
currentSize : 44 <-- 0.438690 s
currentSize : 45 <-- 0.621951 s
currentSize : 46 <-- 17.644972 s
currentSize : 47 <-- 226.976608 s

TIMEOUT
maxsize : 47
nodes : 206765178.000000
filtered : 1383236010.000000
time : 1000.000061
