Parameters: GAD=1 vflib=1 dir=0 label=0 vlabel=1 lowerbound=1 fileNameGp=../../cp2016-max-common-connected-subgraph-paper/datasets/graphsdb/mcs50/bvg/b06/mcs50_b06_s50.A09 fileNameGt=../../cp2016-max-common-connected-subgraph-paper/datasets/graphsdb/mcs50/bvg/b06/mcs50_b06_s50.B09
Reading graphs...
50 :  147
50 :  148
Initializing...
maxdom : 11
D->valSize : 356
Solving...
Blb : 2 (clique : 16)
currentSize : 16 <-- 0.002749 s
currentSize : 17 <-- 0.009731 s
currentSize : 18 <-- 0.043263 s
currentSize : 19 <-- 0.045367 s
currentSize : 20 <-- 0.045547 s
currentSize : 21 <-- 0.073315 s
currentSize : 22 <-- 0.096481 s
currentSize : 23 <-- 1.190694 s
currentSize : 24 <-- 5.168377 s
currentSize : 25 <-- 5.168956 s

maxsize : 25
nodes : 4185618.000000
filtered : 54949445.000000
time : 19.250412
