Parameters: GAD=1 vflib=1 dir=0 label=0 vlabel=1 lowerbound=1 fileNameGp=../../cp2016-max-common-connected-subgraph-paper/datasets/graphsdb/mcs50/m3D/m3Dr2/mcs50_m3Dr2_s60.A09 fileNameGt=../../cp2016-max-common-connected-subgraph-paper/datasets/graphsdb/mcs50/m3D/m3Dr2/mcs50_m3Dr2_s60.B09
Reading graphs...
60 :  146
60 :  140
Initializing...
maxdom : 7
D->valSize : 238
Solving...
Blb : 3 (clique : 22)
currentSize : 22 <-- 0.001640 s
currentSize : 23 <-- 0.008549 s
currentSize : 24 <-- 0.041959 s
currentSize : 25 <-- 0.342667 s
currentSize : 26 <-- 0.391051 s
currentSize : 27 <-- 2.431490 s
currentSize : 28 <-- 3.046880 s
currentSize : 29 <-- 4.225198 s

maxsize : 29
nodes : 8464114.000000
filtered : 53006595.000000
time : 35.824570
