Parameters: GAD=1 vflib=1 dir=0 label=0 vlabel=1 lowerbound=1 fileNameGp=../../cp2016-max-common-connected-subgraph-paper/datasets/graphsdb/mcs50/m2D/m2Dr2/mcs50_m2Dr2_s60.A05 fileNameGt=../../cp2016-max-common-connected-subgraph-paper/datasets/graphsdb/mcs50/m2D/m2Dr2/mcs50_m2Dr2_s60.B05
Reading graphs...
60 :  115
60 :  114
Initializing...
maxdom : 8
D->valSize : 233
Solving...
Blb : 2 (clique : 23)
currentSize : 23 <-- 0.001669 s
currentSize : 24 <-- 0.001793 s
currentSize : 25 <-- 0.008163 s
currentSize : 26 <-- 0.101866 s
currentSize : 27 <-- 0.105199 s
currentSize : 28 <-- 5.500105 s
currentSize : 29 <-- 47.376663 s

maxsize : 29
nodes : 45272044.000000
filtered : 257708654.000000
time : 173.100128
