Parameters: GAD=1 vflib=1 dir=0 label=0 vlabel=1 lowerbound=1 fileNameGp=../../cp2016-max-common-connected-subgraph-paper/datasets/graphsdb/mcs50/rand/r01/mcs50_r01_s80.A01 fileNameGt=../../cp2016-max-common-connected-subgraph-paper/datasets/graphsdb/mcs50/rand/r01/mcs50_r01_s80.B01
Reading graphs...
80 :  593
80 :  600
Initializing...
maxdom : 8
D->valSize : 465
Solving...
Blb : 2 (clique : 16)
currentSize : 16 <-- 0.004307 s
currentSize : 17 <-- 0.013670 s
currentSize : 18 <-- 0.026008 s
currentSize : 19 <-- 0.102159 s
currentSize : 20 <-- 0.106794 s
currentSize : 21 <-- 0.120560 s
currentSize : 22 <-- 0.176080 s
currentSize : 24 <-- 0.205950 s
currentSize : 25 <-- 0.207151 s
currentSize : 27 <-- 0.207240 s
currentSize : 28 <-- 0.377463 s
currentSize : 29 <-- 0.385293 s
currentSize : 31 <-- 0.385509 s
currentSize : 33 <-- 2.246642 s
currentSize : 36 <-- 3.352526 s
currentSize : 40 <-- 3.352707 s

maxsize : 40
nodes : 959680.000000
filtered : 14319223.000000
time : 6.325440
