Parameters: GAD=1 vflib=1 dir=0 label=0 vlabel=1 lowerbound=1 fileNameGp=../../cp2016-max-common-connected-subgraph-paper/datasets/graphsdb/mcs50/bvg/b06/mcs50_b06_s70.A09 fileNameGt=../../cp2016-max-common-connected-subgraph-paper/datasets/graphsdb/mcs50/bvg/b06/mcs50_b06_s70.B09
Reading graphs...
70 :  210
70 :  207
Initializing...
maxdom : 8
D->valSize : 345
Solving...
Blb : 2 (clique : 25)
currentSize : 25 <-- 0.002815 s
currentSize : 26 <-- 0.002980 s
currentSize : 27 <-- 0.003021 s
currentSize : 28 <-- 0.004341 s
currentSize : 29 <-- 0.098151 s
currentSize : 30 <-- 0.361870 s
currentSize : 31 <-- 1.625068 s
currentSize : 32 <-- 1.834828 s
currentSize : 33 <-- 2.073654 s
currentSize : 34 <-- 2.245315 s
currentSize : 35 <-- 4.059992 s
currentSize : 36 <-- 4.073229 s

maxsize : 36
nodes : 13366970.000000
filtered : 93161330.000000
time : 65.262733
