Parameters: GAD=1 vflib=1 dir=0 label=0 vlabel=1 lowerbound=1 fileNameGp=../../cp2016-max-common-connected-subgraph-paper/datasets/graphsdb/mcs50/m3D/m3D/mcs50_m3D_s60.A07 fileNameGt=../../cp2016-max-common-connected-subgraph-paper/datasets/graphsdb/mcs50/m3D/m3D/mcs50_m3D_s60.B07
Reading graphs...
60 :  133
60 :  131
Initializing...
maxdom : 7
D->valSize : 260
Solving...
Blb : 2 (clique : 23)
currentSize : 23 <-- 0.001814 s
currentSize : 24 <-- 0.001944 s
currentSize : 25 <-- 0.212058 s
currentSize : 26 <-- 2.047460 s
currentSize : 27 <-- 3.295684 s
currentSize : 28 <-- 3.296166 s
currentSize : 29 <-- 5.693189 s
currentSize : 30 <-- 9.895601 s

maxsize : 30
nodes : 2400925.000000
filtered : 19529660.000000
time : 10.804719
