Parameters: GAD=1 vflib=1 dir=0 label=0 vlabel=1 lowerbound=1 fileNameGp=../../cp2016-max-common-connected-subgraph-paper/datasets/graphsdb/mcs50/m2D/m2Dr6/mcs50_m2Dr6_s70.A05 fileNameGt=../../cp2016-max-common-connected-subgraph-paper/datasets/graphsdb/mcs50/m2D/m2Dr6/mcs50_m2Dr6_s70.B05
Reading graphs...
70 :  163
70 :  164
Initializing...
maxdom : 8
D->valSize : 344
Solving...
Blb : 2 (clique : 24)
currentSize : 24 <-- 0.002802 s
currentSize : 25 <-- 0.003004 s
currentSize : 26 <-- 0.003060 s
currentSize : 27 <-- 0.017492 s
currentSize : 28 <-- 0.090320 s
currentSize : 29 <-- 0.282938 s
currentSize : 30 <-- 0.350556 s
currentSize : 31 <-- 0.706906 s
currentSize : 32 <-- 1.384813 s
currentSize : 33 <-- 11.572203 s
currentSize : 34 <-- 16.553669 s
currentSize : 35 <-- 43.653183 s
currentSize : 36 <-- 43.653255 s
currentSize : 37 <-- 43.751904 s
currentSize : 38 <-- 76.542015 s

maxsize : 38
nodes : 30132448.000000
filtered : 234138376.000000
time : 147.691879
