Parameters: GAD=1 vflib=1 dir=0 label=0 vlabel=1 lowerbound=1 fileNameGp=../../cp2016-max-common-connected-subgraph-paper/datasets/graphsdb/mcs50/rand/r005/mcs50_r005_s90.A07 fileNameGt=../../cp2016-max-common-connected-subgraph-paper/datasets/graphsdb/mcs50/rand/r005/mcs50_r005_s90.B07
Reading graphs...
90 :  390
90 :  384
Initializing...
maxdom : 10
D->valSize : 563
Solving...
Blb : 2 (clique : 24)
currentSize : 24 <-- 0.006500 s
currentSize : 25 <-- 0.011122 s
currentSize : 26 <-- 0.025553 s
currentSize : 27 <-- 0.098137 s
currentSize : 28 <-- 0.968748 s
currentSize : 29 <-- 1.812161 s
currentSize : 30 <-- 25.649393 s
currentSize : 32 <-- 192.793671 s
currentSize : 33 <-- 297.036774 s
currentSize : 34 <-- 391.924713 s
currentSize : 35 <-- 391.924774 s

TIMEOUT
maxsize : 35
nodes : 152673290.000000
filtered : 1987451749.000000
time : 1000.000061
