Parameters: GAD=1 vflib=1 dir=0 label=0 vlabel=1 lowerbound=1 fileNameGp=../../cp2016-max-common-connected-subgraph-paper/datasets/graphsdb/mcs50/m2D/m2Dr6/mcs50_m2Dr6_s80.A09 fileNameGt=../../cp2016-max-common-connected-subgraph-paper/datasets/graphsdb/mcs50/m2D/m2Dr6/mcs50_m2Dr6_s80.B09
Reading graphs...
80 :  189
80 :  186
Initializing...
maxdom : 7
D->valSize : 406
Solving...
Blb : 3 (clique : 29)
currentSize : 29 <-- 0.003833 s
currentSize : 30 <-- 155.203918 s
currentSize : 31 <-- 155.220123 s
currentSize : 32 <-- 355.105347 s
currentSize : 33 <-- 628.654724 s
currentSize : 34 <-- 903.529480 s
currentSize : 35 <-- 903.529602 s

TIMEOUT
maxsize : 35
nodes : 208051522.000000
filtered : 1460379412.000000
time : 1000.000061
