Parameters: GAD=1 vflib=1 dir=0 label=0 vlabel=1 lowerbound=1 fileNameGp=../../cp2016-max-common-connected-subgraph-paper/datasets/graphsdb/mcs50/bvg/b03m/mcs50_b03m_s90.A03 fileNameGt=../../cp2016-max-common-connected-subgraph-paper/datasets/graphsdb/mcs50/bvg/b03m/mcs50_b03m_s90.B03
Reading graphs...
90 :  135
90 :  135
Initializing...
maxdom : 13
D->valSize : 561
Solving...
Blb : 2 (clique : 40)
currentSize : 40 <-- 0.010918 s
currentSize : 42 <-- 0.011388 s
currentSize : 43 <-- 0.011508 s
currentSize : 44 <-- 0.014984 s
currentSize : 45 <-- 0.036129 s
currentSize : 46 <-- 4.909212 s
currentSize : 47 <-- 931.321045 s

TIMEOUT
maxsize : 47
nodes : 197433575.000000
filtered : 1425969651.000000
time : 1000.000061
