Parameters: GAD=1 vflib=1 dir=0 label=0 vlabel=1 lowerbound=1 fileNameGp=../../cp2016-max-common-connected-subgraph-paper/datasets/graphsdb/mcs50/bvg/b09/mcs50_b09_s70.A04 fileNameGt=../../cp2016-max-common-connected-subgraph-paper/datasets/graphsdb/mcs50/bvg/b09/mcs50_b09_s70.B04
Reading graphs...
70 :  311
70 :  314
Initializing...
maxdom : 8
D->valSize : 332
Solving...
Blb : 5 (clique : 18)
currentSize : 18 <-- 0.002631 s
currentSize : 19 <-- 0.004182 s
currentSize : 20 <-- 0.026648 s
currentSize : 21 <-- 0.026710 s
currentSize : 22 <-- 0.053074 s
currentSize : 23 <-- 0.070513 s
currentSize : 24 <-- 0.321661 s
currentSize : 25 <-- 0.344536 s
currentSize : 26 <-- 2.814366 s
currentSize : 27 <-- 2.814734 s
currentSize : 28 <-- 2.816458 s
currentSize : 29 <-- 4.023167 s
currentSize : 30 <-- 4.023842 s
currentSize : 31 <-- 4.026574 s
currentSize : 33 <-- 4.026740 s
currentSize : 34 <-- 4.027476 s

maxsize : 34
nodes : 2348189.000000
filtered : 13347331.000000
time : 10.295101
