Parameters: GAD=1 vflib=1 dir=0 label=0 vlabel=1 lowerbound=1 fileNameGp=../../cp2016-max-common-connected-subgraph-paper/datasets/graphsdb/mcs50/rand/r02/mcs50_r02_s100.A07 fileNameGt=../../cp2016-max-common-connected-subgraph-paper/datasets/graphsdb/mcs50/rand/r02/mcs50_r02_s100.B07
Reading graphs...
100 :  1766
100 :  1737
Initializing...
maxdom : 7
D->valSize : 336
Solving...
Blb : 2 (clique : 11)
currentSize : 11 <-- 0.004919 s
currentSize : 12 <-- 0.027459 s
currentSize : 13 <-- 0.035157 s
currentSize : 14 <-- 0.056277 s
currentSize : 16 <-- 0.056345 s
currentSize : 17 <-- 0.063282 s
currentSize : 19 <-- 0.161744 s
currentSize : 25 <-- 0.183559 s
currentSize : 28 <-- 0.339227 s
currentSize : 34 <-- 0.339538 s
currentSize : 50 <-- 0.413260 s

maxsize : 50
nodes : 72435.000000
filtered : 735381.000000
time : 0.495136
