Parameters: GAD=1 vflib=1 dir=0 label=0 vlabel=1 lowerbound=1 fileNameGp=../../cp2016-max-common-connected-subgraph-paper/datasets/graphsdb/mcs50/rand/r02/mcs50_r02_s90.A07 fileNameGt=../../cp2016-max-common-connected-subgraph-paper/datasets/graphsdb/mcs50/rand/r02/mcs50_r02_s90.B07
Reading graphs...
90 :  1433
90 :  1424
Initializing...
maxdom : 10
D->valSize : 533
Solving...
Blb : 2 (clique : 10)
currentSize : 10 <-- 0.005914 s
currentSize : 11 <-- 0.006043 s
currentSize : 12 <-- 0.006159 s
currentSize : 13 <-- 0.007169 s
currentSize : 14 <-- 0.008045 s
currentSize : 15 <-- 0.008393 s
currentSize : 18 <-- 0.009821 s
currentSize : 21 <-- 0.010612 s
currentSize : 30 <-- 0.010706 s
currentSize : 45 <-- 0.019989 s

maxsize : 45
nodes : 45981.000000
filtered : 1530250.000000
time : 0.430596
