Parameters: GAD=1 vflib=1 dir=0 label=0 vlabel=1 lowerbound=1 fileNameGp=../../cp2016-max-common-connected-subgraph-paper/datasets/graphsdb/mcs50/bvg/b09/mcs50_b09_s80.A01 fileNameGt=../../cp2016-max-common-connected-subgraph-paper/datasets/graphsdb/mcs50/bvg/b09/mcs50_b09_s80.B01
Reading graphs...
80 :  353
80 :  357
Initializing...
maxdom : 9
D->valSize : 435
Solving...
Blb : 2 (clique : 23)
currentSize : 23 <-- 0.004106 s
currentSize : 25 <-- 0.004919 s
currentSize : 26 <-- 0.004945 s
currentSize : 27 <-- 0.004988 s
currentSize : 28 <-- 0.005047 s
currentSize : 31 <-- 0.015369 s
currentSize : 32 <-- 0.084574 s
currentSize : 33 <-- 0.505453 s
currentSize : 36 <-- 0.505907 s
currentSize : 37 <-- 0.555871 s
currentSize : 38 <-- 0.556006 s
currentSize : 39 <-- 0.718952 s
currentSize : 40 <-- 0.728016 s

maxsize : 40
nodes : 45563890.000000
filtered : 287241377.000000
time : 227.352203
