Parameters: GAD=1 vflib=1 dir=0 label=0 vlabel=1 lowerbound=1 fileNameGp=../../cp2016-max-common-connected-subgraph-paper/datasets/graphsdb/mcs50/bvg/b03/mcs50_b03_s70.A06 fileNameGt=../../cp2016-max-common-connected-subgraph-paper/datasets/graphsdb/mcs50/bvg/b03/mcs50_b03_s70.B06
Reading graphs...
70 :  105
70 :  105
Initializing...
maxdom : 12
D->valSize : 362
Solving...
Blb : 2 (clique : 29)
currentSize : 29 <-- 0.005257 s
currentSize : 30 <-- 0.006548 s
currentSize : 31 <-- 0.006801 s
currentSize : 32 <-- 0.042230 s
currentSize : 33 <-- 0.131862 s
currentSize : 34 <-- 0.347974 s
currentSize : 35 <-- 0.434713 s
currentSize : 36 <-- 2.970797 s
currentSize : 37 <-- 2.973889 s
currentSize : 38 <-- 3.052762 s
currentSize : 39 <-- 14.637612 s
currentSize : 40 <-- 36.422749 s

maxsize : 40
nodes : 36979615.000000
filtered : 275670358.000000
time : 184.156006
