Parameters: GAD=1 vflib=1 dir=0 label=0 vlabel=1 lowerbound=1 fileNameGp=../../cp2016-max-common-connected-subgraph-paper/datasets/graphsdb/mcs50/bvg/b09m/mcs50_b09m_s40.A04 fileNameGt=../../cp2016-max-common-connected-subgraph-paper/datasets/graphsdb/mcs50/bvg/b09m/mcs50_b09m_s40.B04
Reading graphs...
40 :  174
40 :  174
Initializing...
maxdom : 9
D->valSize : 247
Solving...
Blb : 5 (clique : 11)
currentSize : 11 <-- 0.001414 s
currentSize : 12 <-- 0.001533 s
currentSize : 13 <-- 0.001564 s
currentSize : 15 <-- 0.002609 s
currentSize : 16 <-- 0.002690 s
currentSize : 17 <-- 0.013340 s
currentSize : 18 <-- 0.013415 s
currentSize : 19 <-- 0.013459 s
currentSize : 20 <-- 0.056838 s

maxsize : 20
nodes : 50858.000000
filtered : 490112.000000
time : 0.200919
