Parameters: GAD=1 vflib=1 dir=0 label=0 vlabel=1 lowerbound=1 fileNameGp=../../cp2016-max-common-connected-subgraph-paper/datasets/graphsdb/mcs50/rand/r01/mcs50_r01_s90.A05 fileNameGt=../../cp2016-max-common-connected-subgraph-paper/datasets/graphsdb/mcs50/rand/r01/mcs50_r01_s90.B05
Reading graphs...
90 :  761
90 :  754
Initializing...
maxdom : 9
D->valSize : 538
Solving...
Blb : 2 (clique : 15)
currentSize : 15 <-- 0.005738 s
currentSize : 16 <-- 0.006040 s
currentSize : 17 <-- 0.008969 s
currentSize : 18 <-- 0.022079 s
currentSize : 19 <-- 0.368163 s
currentSize : 20 <-- 2.536447 s
currentSize : 21 <-- 3.997427 s
currentSize : 22 <-- 3.997515 s
currentSize : 23 <-- 14.833263 s
currentSize : 24 <-- 17.678368 s
currentSize : 25 <-- 23.014042 s
currentSize : 26 <-- 24.031048 s
currentSize : 27 <-- 26.563408 s
currentSize : 30 <-- 28.990463 s
currentSize : 32 <-- 28.992050 s
currentSize : 35 <-- 29.534107 s
currentSize : 37 <-- 35.711464 s
currentSize : 45 <-- 37.576591 s

maxsize : 45
nodes : 6643146.000000
filtered : 65558711.000000
time : 39.962654
