Parameters: GAD=1 vflib=1 dir=0 label=0 vlabel=1 lowerbound=1 fileNameGp=../../cp2016-max-common-connected-subgraph-paper/datasets/graphsdb/mcs50/rand/r01/mcs50_r01_s60.A02 fileNameGt=../../cp2016-max-common-connected-subgraph-paper/datasets/graphsdb/mcs50/rand/r01/mcs50_r01_s60.B02
Reading graphs...
60 :  336
60 :  336
Initializing...
maxdom : 7
D->valSize : 256
Solving...
Blb : 5 (clique : 13)
currentSize : 13 <-- 0.001698 s
currentSize : 14 <-- 0.005890 s
currentSize : 15 <-- 0.029034 s
currentSize : 16 <-- 0.092093 s
currentSize : 17 <-- 0.746750 s
currentSize : 18 <-- 1.373745 s
currentSize : 19 <-- 1.374182 s
currentSize : 20 <-- 1.391002 s
currentSize : 21 <-- 1.394437 s
currentSize : 22 <-- 1.562550 s
currentSize : 24 <-- 1.587460 s
currentSize : 25 <-- 1.587514 s
currentSize : 26 <-- 1.835426 s
currentSize : 29 <-- 1.835521 s
currentSize : 30 <-- 1.835587 s

maxsize : 30
nodes : 447900.000000
filtered : 2670523.000000
time : 1.889168
