Parameters: GAD=1 vflib=1 dir=0 label=0 vlabel=1 lowerbound=1 fileNameGp=../../cp2016-max-common-connected-subgraph-paper/datasets/graphsdb/mcs50/m2D/m2Dr4/mcs50_m2Dr4_s100.A08 fileNameGt=../../cp2016-max-common-connected-subgraph-paper/datasets/graphsdb/mcs50/m2D/m2Dr4/mcs50_m2Dr4_s100.B08
Reading graphs...
100 :  218
100 :  214
Initializing...
maxdom : 8
D->valSize : 365
Solving...
Blb : 2 (clique : 35)
currentSize : 35 <-- 0.005856 s
currentSize : 36 <-- 0.006252 s
currentSize : 37 <-- 0.006369 s
currentSize : 38 <-- 0.078289 s
currentSize : 39 <-- 0.078478 s
currentSize : 40 <-- 0.187147 s
currentSize : 41 <-- 0.328433 s
currentSize : 42 <-- 0.328661 s
currentSize : 43 <-- 80.552879 s
currentSize : 44 <-- 154.192841 s

TIMEOUT
maxsize : 44
nodes : 211085796.000000
filtered : 643727835.000000
time : 1000.000061
