Parameters: GAD=1 vflib=1 dir=0 label=0 vlabel=1 lowerbound=1 fileNameGp=../../cp2016-max-common-connected-subgraph-paper/datasets/graphsdb/mcs50/bvg/b06m/mcs50_b06m_s70.A04 fileNameGt=../../cp2016-max-common-connected-subgraph-paper/datasets/graphsdb/mcs50/bvg/b06m/mcs50_b06m_s70.B04
Reading graphs...
70 :  205
70 :  207
Initializing...
maxdom : 6
D->valSize : 321
Solving...
Blb : 5 (clique : 24)
currentSize : 24 <-- 0.004304 s
currentSize : 25 <-- 1.063084 s
currentSize : 26 <-- 1.097959 s
currentSize : 27 <-- 3.219861 s
currentSize : 28 <-- 10.422515 s
currentSize : 29 <-- 65.899811 s
currentSize : 30 <-- 174.677612 s
currentSize : 31 <-- 174.752686 s
currentSize : 32 <-- 175.270874 s
currentSize : 33 <-- 193.418961 s
currentSize : 34 <-- 193.436462 s
currentSize : 35 <-- 193.437042 s
currentSize : 36 <-- 273.139252 s

maxsize : 36
nodes : 68033319.000000
filtered : 406464989.000000
time : 314.533020
