Parameters: GAD=1 vflib=1 dir=0 label=0 vlabel=1 lowerbound=1 fileNameGp=../../cp2016-max-common-connected-subgraph-paper/datasets/graphsdb/mcs50/bvg/b03m/mcs50_b03m_s50.A05 fileNameGt=../../cp2016-max-common-connected-subgraph-paper/datasets/graphsdb/mcs50/bvg/b03m/mcs50_b03m_s50.B05
Reading graphs...
50 :  75
50 :  75
Initializing...
maxdom : 12
D->valSize : 358
Solving...
Blb : 2 (clique : 20)
currentSize : 20 <-- 0.004231 s
currentSize : 23 <-- 0.004396 s
currentSize : 24 <-- 0.005071 s
currentSize : 25 <-- 0.028235 s
currentSize : 26 <-- 3.147742 s
currentSize : 27 <-- 3.732522 s
currentSize : 28 <-- 12.816439 s

maxsize : 28
nodes : 54270365.000000
filtered : 537236965.000000
time : 218.734268
