Parameters: GAD=1 vflib=1 dir=0 label=0 vlabel=1 lowerbound=1 fileNameGp=../../cp2016-max-common-connected-subgraph-paper/datasets/graphsdb/mcs50/bvg/b06/mcs50_b06_s50.A03 fileNameGt=../../cp2016-max-common-connected-subgraph-paper/datasets/graphsdb/mcs50/bvg/b06/mcs50_b06_s50.B03
Reading graphs...
50 :  148
50 :  150
Initializing...
maxdom : 9
D->valSize : 332
Solving...
Blb : 2 (clique : 15)
currentSize : 15 <-- 0.002317 s
currentSize : 16 <-- 0.002413 s
currentSize : 17 <-- 0.002632 s
currentSize : 18 <-- 0.003365 s
currentSize : 19 <-- 0.005677 s
currentSize : 20 <-- 0.022816 s
currentSize : 21 <-- 1.045562 s
currentSize : 22 <-- 10.605923 s
currentSize : 24 <-- 12.548411 s
currentSize : 25 <-- 12.548588 s
currentSize : 26 <-- 12.556828 s

maxsize : 26
nodes : 4254356.000000
filtered : 45298508.000000
time : 19.158852
