Parameters: GAD=1 vflib=1 dir=0 label=0 vlabel=1 lowerbound=1 fileNameGp=../../cp2016-max-common-connected-subgraph-paper/datasets/graphsdb/mcs50/bvg/b09m/mcs50_b09m_s40.A06 fileNameGt=../../cp2016-max-common-connected-subgraph-paper/datasets/graphsdb/mcs50/bvg/b09m/mcs50_b09m_s40.B06
Reading graphs...
40 :  171
40 :  171
Initializing...
maxdom : 6
D->valSize : 192
Solving...
Blb : 3 (clique : 12)
currentSize : 12 <-- 0.001097 s
currentSize : 13 <-- 0.001871 s
currentSize : 14 <-- 0.004946 s
currentSize : 15 <-- 0.011912 s
currentSize : 16 <-- 0.065021 s
currentSize : 17 <-- 0.065044 s
currentSize : 18 <-- 0.065174 s
currentSize : 19 <-- 0.065489 s
currentSize : 20 <-- 0.065543 s

maxsize : 20
nodes : 38429.000000
filtered : 248320.000000
time : 0.129411
