Parameters: GAD=1 vflib=1 dir=0 label=0 vlabel=1 lowerbound=1 fileNameGp=../../cp2016-max-common-connected-subgraph-paper/datasets/graphsdb/mcs50/bvg/b06/mcs50_b06_s100.A06 fileNameGt=../../cp2016-max-common-connected-subgraph-paper/datasets/graphsdb/mcs50/bvg/b06/mcs50_b06_s100.B06
Reading graphs...
100 :  299
100 :  300
Initializing...
maxdom : 8
D->valSize : 367
Solving...
Blb : 2 (clique : 32)
currentSize : 32 <-- 0.003776 s
currentSize : 33 <-- 21.848352 s
currentSize : 34 <-- 44.169106 s
currentSize : 35 <-- 219.947067 s
currentSize : 36 <-- 373.509644 s
currentSize : 37 <-- 386.829590 s
currentSize : 38 <-- 451.078888 s
currentSize : 39 <-- 758.253662 s
currentSize : 40 <-- 758.276062 s

TIMEOUT
maxsize : 40
nodes : 204830341.000000
filtered : 984292251.000000
time : 1000.000061
