Parameters: GAD=1 vflib=1 dir=0 label=0 vlabel=1 lowerbound=1 fileNameGp=../../cp2016-max-common-connected-subgraph-paper/datasets/graphsdb/mcs50/rand/r01/mcs50_r01_s90.A09 fileNameGt=../../cp2016-max-common-connected-subgraph-paper/datasets/graphsdb/mcs50/rand/r01/mcs50_r01_s90.B09
Reading graphs...
90 :  750
90 :  752
Initializing...
maxdom : 10
D->valSize : 561
Solving...
Blb : 2 (clique : 15)
currentSize : 15 <-- 0.006315 s
currentSize : 16 <-- 0.008221 s
currentSize : 17 <-- 0.011971 s
currentSize : 18 <-- 0.157891 s
currentSize : 19 <-- 0.498225 s
currentSize : 20 <-- 5.303741 s
currentSize : 21 <-- 5.483277 s
currentSize : 22 <-- 5.587404 s
currentSize : 23 <-- 10.282211 s
currentSize : 25 <-- 18.849155 s
currentSize : 26 <-- 30.787100 s
currentSize : 27 <-- 34.277233 s
currentSize : 29 <-- 34.289543 s
currentSize : 30 <-- 34.289635 s
currentSize : 31 <-- 34.291073 s
currentSize : 33 <-- 34.291233 s
currentSize : 34 <-- 38.324192 s
currentSize : 37 <-- 51.625294 s
currentSize : 45 <-- 58.654716 s

maxsize : 45
nodes : 10155071.000000
filtered : 119002705.000000
time : 63.551567
