Parameters: GAD=1 vflib=1 dir=0 label=0 vlabel=1 lowerbound=1 fileNameGp=../../cp2016-max-common-connected-subgraph-paper/datasets/graphsdb/mcs50/bvg/b06m/mcs50_b06m_s80.A06 fileNameGt=../../cp2016-max-common-connected-subgraph-paper/datasets/graphsdb/mcs50/bvg/b06m/mcs50_b06m_s80.B06
Reading graphs...
80 :  239
80 :  236
Initializing...
maxdom : 8
D->valSize : 419
Solving...
Blb : 2 (clique : 22)
currentSize : 22 <-- 0.006579 s
currentSize : 23 <-- 0.006906 s
currentSize : 24 <-- 0.007258 s
currentSize : 25 <-- 0.007535 s
currentSize : 27 <-- 0.008460 s
currentSize : 28 <-- 0.016108 s
currentSize : 29 <-- 0.029259 s
currentSize : 30 <-- 0.222229 s
currentSize : 32 <-- 1.102615 s
currentSize : 33 <-- 2.196699 s
currentSize : 34 <-- 2.288408 s
currentSize : 36 <-- 2.311678 s
currentSize : 38 <-- 4.477453 s
currentSize : 41 <-- 8.871631 s
currentSize : 42 <-- 41.818764 s

maxsize : 42
nodes : 90210843.000000
filtered : 762800986.000000
time : 518.248169
