Parameters: GAD=1 vflib=1 dir=0 label=0 vlabel=1 lowerbound=1 fileNameGp=../../cp2016-max-common-connected-subgraph-paper/datasets/graphsdb/mcs50/bvg/b06m/mcs50_b06m_s60.A06 fileNameGt=../../cp2016-max-common-connected-subgraph-paper/datasets/graphsdb/mcs50/bvg/b06m/mcs50_b06m_s60.B06
Reading graphs...
60 :  177
60 :  177
Initializing...
maxdom : 9
D->valSize : 262
Solving...
Blb : 2 (clique : 19)
currentSize : 19 <-- 0.001904 s
currentSize : 20 <-- 0.002089 s
currentSize : 21 <-- 0.002897 s
currentSize : 22 <-- 0.063351 s
currentSize : 23 <-- 0.592273 s
currentSize : 24 <-- 1.421998 s
currentSize : 26 <-- 2.332988 s
currentSize : 28 <-- 4.188105 s
currentSize : 29 <-- 11.097944 s
currentSize : 30 <-- 11.098615 s
currentSize : 31 <-- 11.497243 s

maxsize : 31
nodes : 3221819.000000
filtered : 21142897.000000
time : 13.809309
