Parameters: GAD=1 vflib=1 dir=0 label=0 vlabel=1 lowerbound=1 fileNameGp=../../cp2016-max-common-connected-subgraph-paper/datasets/graphsdb/mcs50/rand/r02/mcs50_r02_s100.A08 fileNameGt=../../cp2016-max-common-connected-subgraph-paper/datasets/graphsdb/mcs50/rand/r02/mcs50_r02_s100.B08
Reading graphs...
100 :  1780
100 :  1773
Initializing...
maxdom : 7
D->valSize : 371
Solving...
Blb : 3 (clique : 11)
currentSize : 11 <-- 0.003643 s
currentSize : 12 <-- 0.004434 s
currentSize : 13 <-- 0.006230 s
currentSize : 15 <-- 0.006283 s
currentSize : 16 <-- 0.009313 s
currentSize : 19 <-- 0.009899 s
currentSize : 21 <-- 0.056388 s
currentSize : 29 <-- 0.057572 s
currentSize : 30 <-- 0.157891 s
currentSize : 36 <-- 0.190206 s
currentSize : 50 <-- 0.204367 s

maxsize : 50
nodes : 39998.000000
filtered : 510065.000000
time : 0.286510
