Parameters: GAD=1 vflib=1 dir=0 label=0 vlabel=1 lowerbound=1 fileNameGp=../../cp2016-max-common-connected-subgraph-paper/datasets/graphsdb/mcs50/rand/r02/mcs50_r02_s100.A06 fileNameGt=../../cp2016-max-common-connected-subgraph-paper/datasets/graphsdb/mcs50/rand/r02/mcs50_r02_s100.B06
Reading graphs...
100 :  1779
100 :  1782
Initializing...
maxdom : 9
D->valSize : 390
Solving...
Blb : 2 (clique : 12)
currentSize : 12 <-- 0.003885 s
currentSize : 13 <-- 0.004083 s
currentSize : 14 <-- 0.004144 s
currentSize : 16 <-- 0.004835 s
currentSize : 17 <-- 0.004966 s
currentSize : 19 <-- 0.011359 s
currentSize : 21 <-- 0.011434 s
currentSize : 33 <-- 0.027890 s
currentSize : 50 <-- 0.097178 s

maxsize : 50
nodes : 24541.000000
filtered : 454123.000000
time : 0.197938
