Parameters: GAD=1 vflib=1 dir=0 label=0 vlabel=1 lowerbound=1 fileNameGp=../../cp2016-max-common-connected-subgraph-paper/datasets/graphsdb/mcs50/bvg/b03/mcs50_b03_s70.A00 fileNameGt=../../cp2016-max-common-connected-subgraph-paper/datasets/graphsdb/mcs50/bvg/b03/mcs50_b03_s70.B00
Reading graphs...
70 :  105
70 :  105
Initializing...
maxdom : 9
D->valSize : 343
Solving...
Blb : 2 (clique : 28)
currentSize : 28 <-- 0.002884 s
currentSize : 29 <-- 0.004291 s
currentSize : 30 <-- 0.005058 s
currentSize : 31 <-- 0.518037 s
currentSize : 32 <-- 0.788804 s
currentSize : 33 <-- 6.378464 s
currentSize : 34 <-- 11.943310 s
currentSize : 35 <-- 82.207634 s
currentSize : 36 <-- 201.175980 s
currentSize : 37 <-- 203.936310 s
currentSize : 38 <-- 210.408707 s
currentSize : 39 <-- 417.026093 s
currentSize : 40 <-- 417.140778 s

TIMEOUT
maxsize : 40
nodes : 217556321.000000
filtered : 1564700238.000000
time : 1000.000061
