Parameters: GAD=1 vflib=1 dir=0 label=0 vlabel=1 lowerbound=1 fileNameGp=../../cp2016-max-common-connected-subgraph-paper/datasets/graphsdb/mcs50/m3D/m3D/mcs50_m3D_s60.A04 fileNameGt=../../cp2016-max-common-connected-subgraph-paper/datasets/graphsdb/mcs50/m3D/m3D/mcs50_m3D_s60.B04
Reading graphs...
60 :  132
60 :  134
Initializing...
maxdom : 6
D->valSize : 249
Solving...
Blb : 2 (clique : 21)
currentSize : 21 <-- 0.002717 s
currentSize : 22 <-- 0.005432 s
currentSize : 23 <-- 0.051038 s
currentSize : 24 <-- 0.067968 s
currentSize : 25 <-- 0.068761 s
currentSize : 26 <-- 0.115986 s
currentSize : 27 <-- 0.154629 s
currentSize : 28 <-- 0.643322 s
currentSize : 29 <-- 12.566839 s
currentSize : 30 <-- 12.567745 s
currentSize : 31 <-- 12.604539 s

maxsize : 31
nodes : 15533078.000000
filtered : 101154298.000000
time : 66.741859
