Parameters: GAD=1 vflib=1 dir=0 label=0 vlabel=1 lowerbound=1 fileNameGp=../../cp2016-max-common-connected-subgraph-paper/datasets/graphsdb/mcs50/rand/r01/mcs50_r01_s90.A04 fileNameGt=../../cp2016-max-common-connected-subgraph-paper/datasets/graphsdb/mcs50/rand/r01/mcs50_r01_s90.B04
Reading graphs...
90 :  766
90 :  758
Initializing...
maxdom : 10
D->valSize : 534
Solving...
Blb : 2 (clique : 16)
currentSize : 16 <-- 0.005610 s
currentSize : 17 <-- 0.035072 s
currentSize : 18 <-- 0.905113 s
currentSize : 19 <-- 0.977863 s
currentSize : 20 <-- 5.035345 s
currentSize : 21 <-- 5.035384 s
currentSize : 22 <-- 5.035460 s
currentSize : 24 <-- 7.611489 s
currentSize : 25 <-- 7.616904 s
currentSize : 26 <-- 7.929515 s
currentSize : 27 <-- 7.949389 s
currentSize : 28 <-- 14.160758 s
currentSize : 30 <-- 14.966232 s
currentSize : 32 <-- 16.036505 s
currentSize : 34 <-- 16.620930 s
currentSize : 36 <-- 17.944038 s
currentSize : 38 <-- 20.428062 s
currentSize : 39 <-- 24.368711 s
currentSize : 45 <-- 24.385983 s

maxsize : 45
nodes : 4420579.000000
filtered : 50241245.000000
time : 27.637383
