Parameters: GAD=1 vflib=1 dir=0 label=0 vlabel=1 lowerbound=1 fileNameGp=../../cp2016-max-common-connected-subgraph-paper/datasets/graphsdb/mcs50/bvg/b09/mcs50_b09_s80.A06 fileNameGt=../../cp2016-max-common-connected-subgraph-paper/datasets/graphsdb/mcs50/bvg/b09/mcs50_b09_s80.B06
Reading graphs...
80 :  358
80 :  354
Initializing...
maxdom : 8
D->valSize : 447
Solving...
Blb : 2 (clique : 24)
currentSize : 24 <-- 0.004304 s
currentSize : 25 <-- 0.004646 s
currentSize : 26 <-- 0.005929 s
currentSize : 27 <-- 0.006033 s
currentSize : 28 <-- 0.007295 s
currentSize : 30 <-- 0.007820 s
currentSize : 31 <-- 0.011363 s
currentSize : 32 <-- 0.547637 s
currentSize : 33 <-- 51.180584 s
currentSize : 34 <-- 51.180943 s
currentSize : 35 <-- 51.181625 s
currentSize : 36 <-- 51.185261 s
currentSize : 37 <-- 51.185295 s
currentSize : 38 <-- 51.261990 s
currentSize : 39 <-- 109.882874 s
currentSize : 40 <-- 109.901726 s

maxsize : 40
nodes : 44960459.000000
filtered : 368276430.000000
time : 244.471222
