Parameters: GAD=1 vflib=1 dir=0 label=0 vlabel=1 lowerbound=1 fileNameGp=../../cp2016-max-common-connected-subgraph-paper/datasets/graphsdb/mcs50/m2D/m2Dr2/mcs50_m2Dr2_s100.A01 fileNameGt=../../cp2016-max-common-connected-subgraph-paper/datasets/graphsdb/mcs50/m2D/m2Dr2/mcs50_m2Dr2_s100.B01
Reading graphs...
100 :  199
100 :  200
Initializing...
maxdom : 11
D->valSize : 360
Solving...
Blb : 2 (clique : 32)
currentSize : 32 <-- 0.005599 s
currentSize : 33 <-- 0.006007 s
currentSize : 34 <-- 0.221490 s
currentSize : 35 <-- 10.234820 s
currentSize : 36 <-- 20.606743 s
currentSize : 37 <-- 20.623503 s
currentSize : 38 <-- 20.734352 s
currentSize : 39 <-- 23.535152 s
currentSize : 40 <-- 58.292519 s
currentSize : 41 <-- 60.446537 s
currentSize : 42 <-- 243.614258 s
currentSize : 43 <-- 502.433868 s
currentSize : 44 <-- 502.441559 s

TIMEOUT
maxsize : 44
nodes : 192002876.000000
filtered : 859214447.000000
time : 1000.000122
