Parameters: GAD=1 vflib=1 dir=0 label=0 vlabel=1 lowerbound=1 fileNameGp=../../cp2016-max-common-connected-subgraph-paper/datasets/graphsdb/mcs50/m3D/m3Dr6/mcs50_m3Dr6_s50.A08 fileNameGt=../../cp2016-max-common-connected-subgraph-paper/datasets/graphsdb/mcs50/m3D/m3Dr6/mcs50_m3Dr6_s50.B08
Reading graphs...
50 :  135
50 :  133
Initializing...
maxdom : 12
D->valSize : 330
Solving...
Blb : 2 (clique : 16)
currentSize : 16 <-- 0.002601 s
currentSize : 17 <-- 0.002706 s
currentSize : 18 <-- 0.002768 s
currentSize : 19 <-- 0.017147 s
currentSize : 20 <-- 2.854149 s
currentSize : 21 <-- 3.335941 s
currentSize : 22 <-- 5.656285 s
currentSize : 26 <-- 5.657666 s
currentSize : 27 <-- 5.662203 s

maxsize : 27
nodes : 1880952.000000
filtered : 15546721.000000
time : 7.192442
