Parameters: GAD=1 vflib=1 dir=0 label=0 vlabel=1 lowerbound=1 fileNameGp=../../cp2016-max-common-connected-subgraph-paper/datasets/graphsdb/mcs50/bvg/b06m/mcs50_b06m_s100.A04 fileNameGt=../../cp2016-max-common-connected-subgraph-paper/datasets/graphsdb/mcs50/bvg/b06m/mcs50_b06m_s100.B04
Reading graphs...
100 :  297
100 :  298
Initializing...
maxdom : 10
D->valSize : 352
Solving...
Blb : 3 (clique : 40)
currentSize : 40 <-- 0.003485 s
currentSize : 41 <-- 0.005558 s
currentSize : 42 <-- 0.015410 s
currentSize : 43 <-- 0.015540 s
currentSize : 46 <-- 0.871946 s
currentSize : 47 <-- 0.872178 s
currentSize : 48 <-- 0.877138 s
currentSize : 49 <-- 20.271816 s
currentSize : 50 <-- 20.284960 s
currentSize : 51 <-- 524.137573 s
currentSize : 52 <-- 524.137756 s

TIMEOUT
maxsize : 52
nodes : 187379364.000000
filtered : 801391211.000000
time : 1000.000061
