Parameters: GAD=1 vflib=1 dir=0 label=0 vlabel=1 lowerbound=1 fileNameGp=../../cp2016-max-common-connected-subgraph-paper/datasets/graphsdb/mcs50/m2D/m2Dr4/mcs50_m2Dr4_s60.A03 fileNameGt=../../cp2016-max-common-connected-subgraph-paper/datasets/graphsdb/mcs50/m2D/m2Dr4/mcs50_m2Dr4_s60.B03
Reading graphs...
60 :  127
60 :  126
Initializing...
maxdom : 9
D->valSize : 256
Solving...
Blb : 3 (clique : 21)
currentSize : 21 <-- 0.001849 s
currentSize : 22 <-- 0.002515 s
currentSize : 23 <-- 0.004433 s
currentSize : 24 <-- 0.004564 s
currentSize : 25 <-- 2.746783 s
currentSize : 26 <-- 4.722999 s
currentSize : 27 <-- 4.725987 s
currentSize : 28 <-- 13.453818 s
currentSize : 29 <-- 31.535839 s

maxsize : 29
nodes : 7653847.000000
filtered : 54772923.000000
time : 33.874477
