Parameters: GAD=1 vflib=1 dir=0 label=0 vlabel=1 lowerbound=1 fileNameGp=../../cp2016-max-common-connected-subgraph-paper/datasets/graphsdb/mcs50/bvg/b09m/mcs50_b09m_s100.A08 fileNameGt=../../cp2016-max-common-connected-subgraph-paper/datasets/graphsdb/mcs50/bvg/b09m/mcs50_b09m_s100.B08
Reading graphs...
100 :  440
100 :  439
Initializing...
maxdom : 9
D->valSize : 416
Solving...
Blb : 2 (clique : 25)
currentSize : 25 <-- 0.004226 s
currentSize : 26 <-- 0.028087 s
currentSize : 28 <-- 0.082179 s
currentSize : 29 <-- 0.082208 s
currentSize : 30 <-- 0.141271 s
currentSize : 31 <-- 0.206307 s
currentSize : 32 <-- 1.142792 s
currentSize : 33 <-- 11.584775 s
currentSize : 39 <-- 19.287636 s
currentSize : 41 <-- 19.288132 s
currentSize : 44 <-- 19.857025 s
currentSize : 45 <-- 19.857771 s
currentSize : 47 <-- 19.857857 s
currentSize : 48 <-- 19.861780 s
currentSize : 50 <-- 515.679565 s
currentSize : 51 <-- 515.708435 s

TIMEOUT
maxsize : 51
nodes : 202574650.000000
filtered : 767248079.000000
time : 1000.000122
