Parameters: GAD=1 vflib=1 dir=0 label=0 vlabel=1 lowerbound=1 fileNameGp=../../cp2016-max-common-connected-subgraph-paper/datasets/graphsdb/mcs50/rand/r02/mcs50_r02_s100.A09 fileNameGt=../../cp2016-max-common-connected-subgraph-paper/datasets/graphsdb/mcs50/rand/r02/mcs50_r02_s100.B09
Reading graphs...
100 :  1768
100 :  1758
Initializing...
maxdom : 6
D->valSize : 350
Solving...
Blb : 2 (clique : 10)
currentSize : 10 <-- 0.003358 s
currentSize : 11 <-- 0.003627 s
currentSize : 12 <-- 0.015774 s
currentSize : 14 <-- 0.050755 s
currentSize : 15 <-- 0.050821 s
currentSize : 17 <-- 0.060892 s
currentSize : 18 <-- 0.093476 s
currentSize : 19 <-- 0.158505 s
currentSize : 21 <-- 0.191075 s
currentSize : 23 <-- 0.245603 s
currentSize : 26 <-- 0.246228 s
currentSize : 32 <-- 0.386993 s
currentSize : 34 <-- 0.453089 s
currentSize : 50 <-- 0.454080 s

maxsize : 50
nodes : 81824.000000
filtered : 746656.000000
time : 0.517686
