Parameters: GAD=1 vflib=1 dir=0 label=0 vlabel=1 lowerbound=1 fileNameGp=../../cp2016-max-common-connected-subgraph-paper/datasets/graphsdb/mcs50/bvg/b06m/mcs50_b06m_s60.A02 fileNameGt=../../cp2016-max-common-connected-subgraph-paper/datasets/graphsdb/mcs50/bvg/b06m/mcs50_b06m_s60.B02
Reading graphs...
60 :  174
60 :  177
Initializing...
maxdom : 6
D->valSize : 256
Solving...
Blb : 3 (clique : 21)
currentSize : 21 <-- 0.001886 s
currentSize : 22 <-- 0.002033 s
currentSize : 23 <-- 0.002361 s
currentSize : 24 <-- 0.003482 s
currentSize : 25 <-- 0.013112 s
currentSize : 26 <-- 0.013194 s
currentSize : 27 <-- 1.035271 s
currentSize : 28 <-- 3.685901 s
currentSize : 29 <-- 3.728457 s
currentSize : 30 <-- 3.728483 s

maxsize : 30
nodes : 4681536.000000
filtered : 16280753.000000
time : 17.322088
