Parameters: GAD=1 vflib=1 dir=0 label=0 vlabel=1 lowerbound=1 fileNameGp=../../cp2016-max-common-connected-subgraph-paper/datasets/graphsdb/mcs50/bvg/b06m/mcs50_b06m_s40.A00 fileNameGt=../../cp2016-max-common-connected-subgraph-paper/datasets/graphsdb/mcs50/bvg/b06m/mcs50_b06m_s40.B00
Reading graphs...
40 :  116
40 :  116
Initializing...
maxdom : 8
D->valSize : 211
Solving...
Blb : 2 (clique : 13)
currentSize : 13 <-- 0.001190 s
currentSize : 14 <-- 0.001704 s
currentSize : 15 <-- 0.010448 s
currentSize : 17 <-- 0.354797 s
currentSize : 18 <-- 0.354909 s
currentSize : 19 <-- 0.355238 s
currentSize : 20 <-- 0.355294 s
currentSize : 21 <-- 0.355515 s

maxsize : 21
nodes : 157524.000000
filtered : 844504.000000
time : 0.487397
