Parameters: GAD=1 vflib=1 dir=0 label=0 vlabel=1 lowerbound=1 fileNameGp=../../cp2016-max-common-connected-subgraph-paper/datasets/graphsdb/mcs50/rand/r01/mcs50_r01_s60.A06 fileNameGt=../../cp2016-max-common-connected-subgraph-paper/datasets/graphsdb/mcs50/rand/r01/mcs50_r01_s60.B06
Reading graphs...
60 :  341
60 :  339
Initializing...
maxdom : 6
D->valSize : 252
Solving...
Blb : 2 (clique : 11)
currentSize : 11 <-- 0.002554 s
currentSize : 13 <-- 0.002728 s
currentSize : 14 <-- 0.004926 s
currentSize : 15 <-- 0.010050 s
currentSize : 16 <-- 0.010116 s
currentSize : 17 <-- 0.019420 s
currentSize : 18 <-- 0.069378 s
currentSize : 19 <-- 0.074543 s
currentSize : 20 <-- 0.156568 s
currentSize : 21 <-- 0.160200 s
currentSize : 23 <-- 0.160770 s
currentSize : 25 <-- 0.194947 s
currentSize : 30 <-- 0.282096 s

maxsize : 30
nodes : 76127.000000
filtered : 684426.000000
time : 0.372515
