Parameters: GAD=1 vflib=1 dir=0 label=0 vlabel=1 lowerbound=1 fileNameGp=../../cp2016-max-common-connected-subgraph-paper/datasets/graphsdb/mcs50/m3D/m3Dr6/mcs50_m3Dr6_s60.A09 fileNameGt=../../cp2016-max-common-connected-subgraph-paper/datasets/graphsdb/mcs50/m3D/m3Dr6/mcs50_m3Dr6_s60.B09
Reading graphs...
60 :  167
60 :  162
Initializing...
maxdom : 7
D->valSize : 259
Solving...
Blb : 3 (clique : 20)
currentSize : 20 <-- 0.002808 s
currentSize : 21 <-- 0.025143 s
currentSize : 22 <-- 0.141511 s
currentSize : 23 <-- 0.591376 s
currentSize : 24 <-- 2.032330 s
currentSize : 25 <-- 22.894253 s
currentSize : 26 <-- 35.250080 s
currentSize : 27 <-- 56.286053 s
currentSize : 28 <-- 72.558228 s

maxsize : 28
nodes : 19044140.000000
filtered : 131509814.000000
time : 79.484001
