Parameters: GAD=1 vflib=1 dir=0 label=0 vlabel=1 lowerbound=1 fileNameGp=../../cp2016-max-common-connected-subgraph-paper/datasets/graphsdb/mcs50/m2D/m2D/mcs50_m2D_s70.A02 fileNameGt=../../cp2016-max-common-connected-subgraph-paper/datasets/graphsdb/mcs50/m2D/m2D/mcs50_m2D_s70.B02
Reading graphs...
70 :  123
70 :  123
Initializing...
maxdom : 8
D->valSize : 319
Solving...
Blb : 3 (clique : 27)
currentSize : 27 <-- 0.004214 s
currentSize : 28 <-- 0.010088 s
currentSize : 29 <-- 0.051963 s
currentSize : 30 <-- 0.066991 s
currentSize : 31 <-- 0.077363 s
currentSize : 32 <-- 0.215092 s
currentSize : 33 <-- 0.477869 s
currentSize : 34 <-- 0.728764 s
currentSize : 35 <-- 132.011002 s
currentSize : 36 <-- 459.926147 s
currentSize : 37 <-- 460.003571 s
currentSize : 38 <-- 460.008423 s
currentSize : 39 <-- 461.864044 s
currentSize : 40 <-- 462.978516 s

maxsize : 40
nodes : 149600674.000000
filtered : 904396418.000000
time : 680.984985
