Parameters: GAD=1 vflib=1 dir=0 label=0 vlabel=1 lowerbound=1 fileNameGp=../../cp2016-max-common-connected-subgraph-paper/datasets/graphsdb/mcs50/m2D/m2D/mcs50_m2D_s50.A08 fileNameGt=../../cp2016-max-common-connected-subgraph-paper/datasets/graphsdb/mcs50/m2D/m2D/mcs50_m2D_s50.B08
Reading graphs...
50 :  83
50 :  85
Initializing...
maxdom : 10
D->valSize : 338
Solving...
Blb : 2 (clique : 22)
currentSize : 22 <-- 0.002513 s
currentSize : 23 <-- 0.004082 s
currentSize : 24 <-- 0.005876 s
currentSize : 25 <-- 0.110715 s
currentSize : 26 <-- 0.275373 s
currentSize : 27 <-- 9.729978 s
currentSize : 28 <-- 20.047173 s
currentSize : 29 <-- 772.091797 s

maxsize : 29
nodes : 213616298.000000
filtered : 2389762382.000000
time : 944.579285
