Parameters: GAD=1 vflib=1 dir=0 label=0 vlabel=1 lowerbound=1 fileNameGp=../../cp2016-max-common-connected-subgraph-paper/datasets/graphsdb/mcs50/bvg/b03/mcs50_b03_s70.A08 fileNameGt=../../cp2016-max-common-connected-subgraph-paper/datasets/graphsdb/mcs50/bvg/b03/mcs50_b03_s70.B08
Reading graphs...
70 :  105
70 :  105
Initializing...
maxdom : 8
D->valSize : 315
Solving...
Blb : 2 (clique : 30)
currentSize : 30 <-- 0.002592 s
currentSize : 31 <-- 0.002807 s
currentSize : 32 <-- 0.003194 s
currentSize : 33 <-- 0.040347 s
currentSize : 34 <-- 1.541672 s
currentSize : 35 <-- 375.377716 s
currentSize : 36 <-- 582.081421 s
currentSize : 37 <-- 582.086121 s
currentSize : 38 <-- 639.159546 s

maxsize : 38
nodes : 162668424.000000
filtered : 1224423052.000000
time : 823.052551
