Parameters: GAD=1 vflib=1 dir=0 label=0 vlabel=1 lowerbound=1 fileNameGp=../../cp2016-max-common-connected-subgraph-paper/datasets/graphsdb/mcs50/rand/r02/mcs50_r02_s80.A04 fileNameGt=../../cp2016-max-common-connected-subgraph-paper/datasets/graphsdb/mcs50/rand/r02/mcs50_r02_s80.B04
Reading graphs...
80 :  1137
80 :  1132
Initializing...
maxdom : 9
D->valSize : 437
Solving...
Blb : 2 (clique : 10)
currentSize : 10 <-- 0.006171 s
currentSize : 12 <-- 0.006375 s
currentSize : 13 <-- 0.006784 s
currentSize : 14 <-- 0.006986 s
currentSize : 15 <-- 0.020143 s
currentSize : 18 <-- 0.112061 s
currentSize : 19 <-- 0.152236 s
currentSize : 27 <-- 0.377426 s
currentSize : 28 <-- 0.871746 s
currentSize : 31 <-- 1.062875 s
currentSize : 40 <-- 1.240569 s

maxsize : 40
nodes : 213723.000000
filtered : 2970121.000000
time : 1.390631
