Parameters: GAD=1 vflib=1 dir=0 label=0 vlabel=1 lowerbound=1 fileNameGp=../../cp2016-max-common-connected-subgraph-paper/datasets/graphsdb/mcs50/m3D/m3D/mcs50_m3D_s60.A08 fileNameGt=../../cp2016-max-common-connected-subgraph-paper/datasets/graphsdb/mcs50/m3D/m3D/mcs50_m3D_s60.B08
Reading graphs...
60 :  132
60 :  134
Initializing...
maxdom : 8
D->valSize : 234
Solving...
Blb : 2 (clique : 22)
currentSize : 22 <-- 0.001670 s
currentSize : 23 <-- 0.002265 s
currentSize : 24 <-- 0.382623 s
currentSize : 25 <-- 2.265549 s
currentSize : 26 <-- 2.376213 s
currentSize : 27 <-- 9.158809 s
currentSize : 28 <-- 23.326698 s
currentSize : 29 <-- 39.663479 s
currentSize : 30 <-- 44.190399 s

maxsize : 30
nodes : 11787697.000000
filtered : 70295336.000000
time : 47.101528
