Parameters: GAD=1 vflib=1 dir=0 label=0 vlabel=1 lowerbound=1 fileNameGp=../../cp2016-max-common-connected-subgraph-paper/datasets/graphsdb/mcs50/m2D/m2Dr4/mcs50_m2Dr4_s60.A00 fileNameGt=../../cp2016-max-common-connected-subgraph-paper/datasets/graphsdb/mcs50/m2D/m2Dr4/mcs50_m2Dr4_s60.B00
Reading graphs...
60 :  128
60 :  126
Initializing...
maxdom : 6
D->valSize : 238
Solving...
Blb : 2 (clique : 22)
currentSize : 22 <-- 0.002717 s
currentSize : 23 <-- 0.115333 s
currentSize : 24 <-- 0.402130 s
currentSize : 25 <-- 0.474024 s
currentSize : 26 <-- 0.522816 s
currentSize : 27 <-- 0.777915 s
currentSize : 28 <-- 3.805611 s
currentSize : 29 <-- 5.560683 s
currentSize : 30 <-- 5.589123 s
currentSize : 31 <-- 5.763628 s

maxsize : 31
nodes : 2122677.000000
filtered : 11087278.000000
time : 8.834557
