Parameters: GAD=1 vflib=1 dir=0 label=0 vlabel=1 lowerbound=1 fileNameGp=../../cp2016-max-common-connected-subgraph-paper/datasets/graphsdb/mcs50/bvg/b06m/mcs50_b06m_s70.A00 fileNameGt=../../cp2016-max-common-connected-subgraph-paper/datasets/graphsdb/mcs50/bvg/b06m/mcs50_b06m_s70.B00
Reading graphs...
70 :  209
70 :  208
Initializing...
maxdom : 9
D->valSize : 339
Solving...
Blb : 2 (clique : 27)
currentSize : 27 <-- 0.002813 s
currentSize : 29 <-- 0.002986 s
currentSize : 30 <-- 0.003049 s
currentSize : 31 <-- 0.003632 s
currentSize : 32 <-- 1.314809 s
currentSize : 33 <-- 8.905041 s
currentSize : 34 <-- 64.450531 s
currentSize : 35 <-- 73.680397 s

maxsize : 35
nodes : 33227334.000000
filtered : 183324037.000000
time : 143.144958
