Parameters: GAD=1 vflib=1 dir=0 label=0 vlabel=1 lowerbound=1 fileNameGp=../../cp2016-max-common-connected-subgraph-paper/datasets/graphsdb/mcs50/bvg/b09/mcs50_b09_s50.A06 fileNameGt=../../cp2016-max-common-connected-subgraph-paper/datasets/graphsdb/mcs50/bvg/b09/mcs50_b09_s50.B06
Reading graphs...
50 :  221
50 :  220
Initializing...
maxdom : 9
D->valSize : 348
Solving...
Blb : 2 (clique : 16)
currentSize : 16 <-- 0.002533 s
currentSize : 17 <-- 0.058669 s
currentSize : 18 <-- 0.066121 s
currentSize : 19 <-- 0.109033 s
currentSize : 20 <-- 1.173390 s
currentSize : 21 <-- 1.747635 s
currentSize : 22 <-- 3.057810 s
currentSize : 23 <-- 4.157234 s
currentSize : 24 <-- 4.157456 s

maxsize : 24
nodes : 1626570.000000
filtered : 19671765.000000
time : 7.585162
