Parameters: GAD=1 vflib=1 dir=0 label=0 vlabel=1 lowerbound=1 fileNameGp=../../cp2016-max-common-connected-subgraph-paper/datasets/graphsdb/mcs50/m2D/m2Dr4/mcs50_m2Dr4_s70.A01 fileNameGt=../../cp2016-max-common-connected-subgraph-paper/datasets/graphsdb/mcs50/m2D/m2Dr4/mcs50_m2Dr4_s70.B01
Reading graphs...
70 :  146
70 :  146
Initializing...
maxdom : 7
D->valSize : 350
Solving...
Blb : 3 (clique : 28)
currentSize : 28 <-- 0.003008 s
currentSize : 29 <-- 0.013690 s
currentSize : 30 <-- 0.205887 s
currentSize : 31 <-- 13.871752 s
currentSize : 32 <-- 62.730629 s
currentSize : 33 <-- 85.297409 s
currentSize : 34 <-- 198.382446 s
currentSize : 35 <-- 237.151688 s
currentSize : 36 <-- 261.645935 s
currentSize : 37 <-- 262.019501 s
currentSize : 38 <-- 449.604095 s
currentSize : 39 <-- 450.805695 s

maxsize : 39
nodes : 139430251.000000
filtered : 962636609.000000
time : 695.527954
