Parameters: GAD=1 vflib=1 dir=0 label=0 vlabel=1 lowerbound=1 fileNameGp=../../cp2016-max-common-connected-subgraph-paper/datasets/graphsdb/mcs50/m2D/m2Dr6/mcs50_m2Dr6_s70.A09 fileNameGt=../../cp2016-max-common-connected-subgraph-paper/datasets/graphsdb/mcs50/m2D/m2Dr6/mcs50_m2Dr6_s70.B09
Reading graphs...
70 :  163
70 :  161
Initializing...
maxdom : 8
D->valSize : 314
Solving...
Blb : 2 (clique : 26)
currentSize : 26 <-- 0.002564 s
currentSize : 27 <-- 0.007273 s
currentSize : 28 <-- 0.257120 s
currentSize : 29 <-- 0.293272 s
currentSize : 30 <-- 1.309663 s
currentSize : 31 <-- 3.457847 s
currentSize : 32 <-- 3.459803 s
currentSize : 33 <-- 17.115652 s
currentSize : 35 <-- 17.220284 s
currentSize : 36 <-- 50.615578 s
currentSize : 37 <-- 162.293945 s

maxsize : 37
nodes : 69458579.000000
filtered : 439387806.000000
time : 329.094055
