Parameters: GAD=1 vflib=1 dir=0 label=0 vlabel=1 lowerbound=1 fileNameGp=../../cp2016-max-common-connected-subgraph-paper/datasets/graphsdb/mcs50/rand/r005/mcs50_r005_s90.A09 fileNameGt=../../cp2016-max-common-connected-subgraph-paper/datasets/graphsdb/mcs50/rand/r005/mcs50_r005_s90.B09
Reading graphs...
90 :  392
90 :  390
Initializing...
maxdom : 9
D->valSize : 534
Solving...
Blb : 2 (clique : 32)
currentSize : 32 <-- 0.005909 s
currentSize : 34 <-- 0.006201 s
currentSize : 35 <-- 0.006283 s
currentSize : 36 <-- 0.511171 s
currentSize : 38 <-- 0.511287 s
currentSize : 40 <-- 0.511381 s
currentSize : 41 <-- 0.512068 s
currentSize : 44 <-- 1.627532 s
currentSize : 45 <-- 1.628231 s

maxsize : 45
nodes : 25761009.000000
filtered : 458729275.000000
time : 194.503067
