Parameters: GAD=1 vflib=1 dir=0 label=0 vlabel=1 lowerbound=1 fileNameGp=../../cp2016-max-common-connected-subgraph-paper/datasets/graphsdb/mcs50/bvg/b09/mcs50_b09_s70.A08 fileNameGt=../../cp2016-max-common-connected-subgraph-paper/datasets/graphsdb/mcs50/bvg/b09/mcs50_b09_s70.B08
Reading graphs...
70 :  314
70 :  313
Initializing...
maxdom : 10
D->valSize : 370
Solving...
Blb : 2 (clique : 20)
currentSize : 20 <-- 0.003021 s
currentSize : 21 <-- 0.003374 s
currentSize : 22 <-- 0.003461 s
currentSize : 23 <-- 0.152891 s
currentSize : 24 <-- 0.526796 s
currentSize : 25 <-- 0.526956 s
currentSize : 26 <-- 0.528750 s
currentSize : 29 <-- 0.624029 s
currentSize : 30 <-- 0.624493 s
currentSize : 31 <-- 3.430505 s
currentSize : 32 <-- 7.428397 s
currentSize : 33 <-- 10.233438 s
currentSize : 34 <-- 10.233550 s
currentSize : 35 <-- 10.236531 s

maxsize : 35
nodes : 3244354.000000
filtered : 26663745.000000
time : 16.345390
