Parameters: GAD=1 vflib=1 dir=0 label=0 vlabel=1 lowerbound=1 fileNameGp=../../cp2016-max-common-connected-subgraph-paper/datasets/graphsdb/mcs50/bvg/b06m/mcs50_b06m_s60.A07 fileNameGt=../../cp2016-max-common-connected-subgraph-paper/datasets/graphsdb/mcs50/bvg/b06m/mcs50_b06m_s60.B07
Reading graphs...
60 :  178
60 :  176
Initializing...
maxdom : 7
D->valSize : 249
Solving...
Blb : 2 (clique : 20)
currentSize : 20 <-- 0.002640 s
currentSize : 21 <-- 0.002947 s
currentSize : 22 <-- 0.006650 s
currentSize : 24 <-- 0.011603 s
currentSize : 25 <-- 0.011672 s
currentSize : 26 <-- 0.148272 s
currentSize : 27 <-- 0.148323 s
currentSize : 29 <-- 0.150838 s
currentSize : 30 <-- 1.123402 s
currentSize : 31 <-- 3.724956 s
currentSize : 32 <-- 3.725059 s
currentSize : 33 <-- 4.646797 s

maxsize : 33
nodes : 1433505.000000
filtered : 9594367.000000
time : 6.096835
