Parameters: GAD=1 vflib=1 dir=0 label=0 vlabel=1 lowerbound=1 fileNameGp=../../cp2016-max-common-connected-subgraph-paper/datasets/graphsdb/mcs50/rand/r01/mcs50_r01_s70.A09 fileNameGt=../../cp2016-max-common-connected-subgraph-paper/datasets/graphsdb/mcs50/rand/r01/mcs50_r01_s70.B09
Reading graphs...
70 :  460
70 :  465
Initializing...
maxdom : 11
D->valSize : 400
Solving...
Blb : 5 (clique : 14)
currentSize : 14 <-- 0.003305 s
currentSize : 15 <-- 0.004426 s
currentSize : 16 <-- 0.049807 s
currentSize : 17 <-- 0.056603 s
currentSize : 18 <-- 0.059962 s
currentSize : 19 <-- 0.890927 s
currentSize : 20 <-- 1.199585 s
currentSize : 21 <-- 1.700046 s
currentSize : 25 <-- 1.728253 s
currentSize : 26 <-- 3.986883 s
currentSize : 28 <-- 3.987028 s
currentSize : 31 <-- 4.691515 s
currentSize : 35 <-- 5.357848 s

maxsize : 35
nodes : 1054873.000000
filtered : 12272373.000000
time : 5.765217
