Parameters: GAD=1 vflib=1 dir=0 label=0 vlabel=1 lowerbound=1 fileNameGp=../../cp2016-max-common-connected-subgraph-paper/datasets/graphsdb/mcs50/m2D/m2Dr4/mcs50_m2Dr4_s50.A01 fileNameGt=../../cp2016-max-common-connected-subgraph-paper/datasets/graphsdb/mcs50/m2D/m2Dr4/mcs50_m2Dr4_s50.B01
Reading graphs...
50 :  103
50 :  103
Initializing...
maxdom : 7
D->valSize : 323
Solving...
Blb : 2 (clique : 19)
currentSize : 19 <-- 0.002267 s
currentSize : 20 <-- 0.002376 s
currentSize : 21 <-- 0.002393 s
currentSize : 22 <-- 0.002747 s
currentSize : 23 <-- 0.023788 s
currentSize : 24 <-- 0.579672 s
currentSize : 25 <-- 77.369987 s
currentSize : 26 <-- 95.460037 s
currentSize : 27 <-- 130.975906 s

maxsize : 27
nodes : 32998125.000000
filtered : 345636416.000000
time : 144.404724
