Parameters: GAD=1 vflib=1 dir=0 label=0 vlabel=1 lowerbound=1 fileNameGp=../../cp2016-max-common-connected-subgraph-paper/datasets/graphsdb/mcs50/m3D/m3Dr2/mcs50_m3Dr2_s60.A08 fileNameGt=../../cp2016-max-common-connected-subgraph-paper/datasets/graphsdb/mcs50/m3D/m3Dr2/mcs50_m3Dr2_s60.B08
Reading graphs...
60 :  143
60 :  144
Initializing...
maxdom : 6
D->valSize : 240
Solving...
Blb : 2 (clique : 21)
currentSize : 21 <-- 0.001657 s
currentSize : 23 <-- 0.003371 s
currentSize : 24 <-- 0.003487 s
currentSize : 25 <-- 0.053421 s
currentSize : 26 <-- 0.092742 s
currentSize : 27 <-- 1.795587 s
currentSize : 28 <-- 3.476026 s
currentSize : 29 <-- 5.480251 s
currentSize : 30 <-- 5.481041 s

maxsize : 30
nodes : 1513876.000000
filtered : 9522115.000000
time : 6.880899
