Parameters: GAD=1 vflib=1 dir=0 label=0 vlabel=1 lowerbound=1 fileNameGp=../../cp2016-max-common-connected-subgraph-paper/datasets/graphsdb/mcs50/rand/r005/mcs50_r005_s70.A06 fileNameGt=../../cp2016-max-common-connected-subgraph-paper/datasets/graphsdb/mcs50/rand/r005/mcs50_r005_s70.B06
Reading graphs...
70 :  232
70 :  232
Initializing...
maxdom : 7
D->valSize : 328
Solving...
Blb : 2 (clique : 22)
currentSize : 22 <-- 0.002659 s
currentSize : 23 <-- 0.007244 s
currentSize : 24 <-- 0.010556 s
currentSize : 25 <-- 0.048653 s
currentSize : 26 <-- 0.165311 s
currentSize : 27 <-- 0.747448 s
currentSize : 28 <-- 0.925892 s
currentSize : 29 <-- 1.287046 s
currentSize : 30 <-- 1.287505 s
currentSize : 31 <-- 5.982796 s
currentSize : 32 <-- 5.985622 s
currentSize : 33 <-- 6.102115 s
currentSize : 34 <-- 10.605659 s
currentSize : 35 <-- 10.657107 s
currentSize : 36 <-- 10.657339 s

maxsize : 36
nodes : 7386943.000000
filtered : 59491160.000000
time : 37.536617
