Parameters: GAD=1 vflib=1 dir=0 label=0 vlabel=1 lowerbound=1 fileNameGp=../../cp2016-max-common-connected-subgraph-paper/datasets/graphsdb/mcs50/bvg/b09/mcs50_b09_s70.A05 fileNameGt=../../cp2016-max-common-connected-subgraph-paper/datasets/graphsdb/mcs50/bvg/b09/mcs50_b09_s70.B05
Reading graphs...
70 :  311
70 :  311
Initializing...
maxdom : 9
D->valSize : 329
Solving...
Blb : 2 (clique : 20)
currentSize : 20 <-- 0.002647 s
currentSize : 21 <-- 0.002789 s
currentSize : 22 <-- 0.003765 s
currentSize : 23 <-- 0.006717 s
currentSize : 24 <-- 0.008571 s
currentSize : 25 <-- 4.452926 s
currentSize : 26 <-- 6.124067 s
currentSize : 27 <-- 10.852691 s
currentSize : 28 <-- 10.854870 s
currentSize : 29 <-- 11.860965 s
currentSize : 34 <-- 14.909302 s
currentSize : 35 <-- 14.909383 s
currentSize : 36 <-- 14.913023 s

maxsize : 36
nodes : 3528759.000000
filtered : 25122534.000000
time : 17.050407
