Parameters: GAD=1 vflib=1 dir=0 label=0 vlabel=1 lowerbound=1 fileNameGp=../../cp2016-max-common-connected-subgraph-paper/datasets/graphsdb/mcs50/m2D/m2D/mcs50_m2D_s60.A09 fileNameGt=../../cp2016-max-common-connected-subgraph-paper/datasets/graphsdb/mcs50/m2D/m2D/mcs50_m2D_s60.B09
Reading graphs...
60 :  104
60 :  103
Initializing...
maxdom : 6
D->valSize : 254
Solving...
Blb : 2 (clique : 23)
currentSize : 23 <-- 0.001875 s
currentSize : 24 <-- 0.002013 s
currentSize : 25 <-- 0.002283 s
currentSize : 26 <-- 0.003586 s
currentSize : 27 <-- 6.494187 s
currentSize : 28 <-- 7.316905 s
currentSize : 29 <-- 8.833352 s
currentSize : 30 <-- 32.886948 s
currentSize : 31 <-- 155.688309 s
currentSize : 32 <-- 222.856598 s

maxsize : 32
nodes : 95092508.000000
filtered : 592866315.000000
time : 392.446167
