Parameters: GAD=1 vflib=1 dir=0 label=0 vlabel=1 lowerbound=1 fileNameGp=../../cp2016-max-common-connected-subgraph-paper/datasets/graphsdb/mcs50/bvg/b06/mcs50_b06_s50.A07 fileNameGt=../../cp2016-max-common-connected-subgraph-paper/datasets/graphsdb/mcs50/bvg/b06/mcs50_b06_s50.B07
Reading graphs...
50 :  149
50 :  149
Initializing...
maxdom : 9
D->valSize : 305
Solving...
Blb : 3 (clique : 20)
currentSize : 20 <-- 0.002044 s
currentSize : 21 <-- 0.070599 s
currentSize : 22 <-- 0.692253 s
currentSize : 23 <-- 0.977374 s
currentSize : 24 <-- 5.825495 s
currentSize : 25 <-- 5.826166 s
currentSize : 26 <-- 6.413874 s
currentSize : 27 <-- 6.415991 s
currentSize : 28 <-- 9.240329 s

maxsize : 28
nodes : 3091383.000000
filtered : 30655047.000000
time : 13.190180
