Parameters: GAD=1 vflib=1 dir=0 label=0 vlabel=1 lowerbound=1 fileNameGp=../../cp2016-max-common-connected-subgraph-paper/datasets/graphsdb/mcs50/m2D/m2Dr6/mcs50_m2Dr6_s70.A00 fileNameGt=../../cp2016-max-common-connected-subgraph-paper/datasets/graphsdb/mcs50/m2D/m2Dr6/mcs50_m2Dr6_s70.B00
Reading graphs...
70 :  163
70 :  162
Initializing...
maxdom : 7
D->valSize : 351
Solving...
Blb : 3 (clique : 34)
currentSize : 34 <-- 0.002929 s
currentSize : 35 <-- 8.793647 s
currentSize : 36 <-- 59.531727 s
currentSize : 37 <-- 59.565067 s
currentSize : 38 <-- 59.627262 s

maxsize : 38
nodes : 27808952.000000
filtered : 218655489.000000
time : 145.672241
