Parameters: GAD=1 vflib=1 dir=0 label=0 vlabel=1 lowerbound=1 fileNameGp=../../cp2016-max-common-connected-subgraph-paper/datasets/graphsdb/mcs50/rand/r02/mcs50_r02_s70.A04 fileNameGt=../../cp2016-max-common-connected-subgraph-paper/datasets/graphsdb/mcs50/rand/r02/mcs50_r02_s70.B04
Reading graphs...
70 :  865
70 :  850
Initializing...
maxdom : 9
D->valSize : 318
Solving...
Blb : 5 (clique : 9)
currentSize : 9 <-- 0.003795 s
currentSize : 10 <-- 0.005570 s
currentSize : 11 <-- 0.007413 s
currentSize : 12 <-- 0.009428 s
currentSize : 13 <-- 0.013034 s
currentSize : 15 <-- 0.013124 s
currentSize : 16 <-- 0.013376 s
currentSize : 20 <-- 0.018604 s
currentSize : 23 <-- 0.031861 s
currentSize : 26 <-- 0.031986 s
currentSize : 29 <-- 0.070304 s
currentSize : 35 <-- 0.116618 s

maxsize : 35
nodes : 19509.000000
filtered : 288741.000000
time : 0.178837
