Parameters: GAD=1 vflib=1 dir=0 label=0 vlabel=1 lowerbound=1 fileNameGp=../../cp2016-max-common-connected-subgraph-paper/datasets/graphsdb/mcs50/rand/r005/mcs50_r005_s100.A09 fileNameGt=../../cp2016-max-common-connected-subgraph-paper/datasets/graphsdb/mcs50/rand/r005/mcs50_r005_s100.B09
Reading graphs...
100 :  482
100 :  484
Initializing...
maxdom : 9
D->valSize : 357
Solving...
Blb : 2 (clique : 23)
currentSize : 23 <-- 0.003457 s
currentSize : 24 <-- 0.003644 s
currentSize : 25 <-- 0.003784 s
currentSize : 26 <-- 0.250208 s
currentSize : 27 <-- 0.980010 s
currentSize : 28 <-- 1.074144 s
currentSize : 29 <-- 2.288367 s
currentSize : 30 <-- 3.554324 s
currentSize : 31 <-- 19.597099 s
currentSize : 32 <-- 19.597460 s
currentSize : 33 <-- 19.606819 s
currentSize : 35 <-- 19.628988 s
currentSize : 36 <-- 19.742237 s
currentSize : 38 <-- 22.123009 s
currentSize : 39 <-- 22.271723 s
currentSize : 41 <-- 22.272932 s
currentSize : 42 <-- 29.358084 s
currentSize : 43 <-- 42.149654 s
currentSize : 47 <-- 42.161488 s
currentSize : 50 <-- 57.329071 s

maxsize : 50
nodes : 13209337.000000
filtered : 100915653.000000
time : 82.451874
