Parameters: GAD=1 vflib=1 dir=0 label=0 vlabel=1 lowerbound=1 fileNameGp=../../cp2016-max-common-connected-subgraph-paper/datasets/graphsdb/mcs50/bvg/b06m/mcs50_b06m_s40.A02 fileNameGt=../../cp2016-max-common-connected-subgraph-paper/datasets/graphsdb/mcs50/bvg/b06m/mcs50_b06m_s40.B02
Reading graphs...
40 :  116
40 :  115
Initializing...
maxdom : 11
D->valSize : 219
Solving...
Blb : 2 (clique : 11)
currentSize : 11 <-- 0.001859 s
currentSize : 14 <-- 0.002770 s
currentSize : 15 <-- 0.005112 s
currentSize : 16 <-- 0.263251 s
currentSize : 17 <-- 0.541869 s
currentSize : 18 <-- 0.541959 s
currentSize : 19 <-- 0.542501 s
currentSize : 20 <-- 0.542556 s
currentSize : 21 <-- 0.610881 s
currentSize : 22 <-- 0.610985 s

maxsize : 22
nodes : 166291.000000
filtered : 1278349.000000
time : 0.646258
