Parameters: GAD=1 vflib=1 dir=0 label=0 vlabel=1 lowerbound=1 fileNameGp=../../cp2016-max-common-connected-subgraph-paper/datasets/graphsdb/mcs50/rand/r02/mcs50_r02_s70.A06 fileNameGt=../../cp2016-max-common-connected-subgraph-paper/datasets/graphsdb/mcs50/rand/r02/mcs50_r02_s70.B06
Reading graphs...
70 :  863
70 :  866
Initializing...
maxdom : 8
D->valSize : 359
Solving...
Blb : 5 (clique : 11)
currentSize : 11 <-- 0.002968 s
currentSize : 12 <-- 0.006007 s
currentSize : 13 <-- 0.006912 s
currentSize : 15 <-- 0.009637 s
currentSize : 16 <-- 0.012300 s
currentSize : 17 <-- 0.015555 s
currentSize : 21 <-- 0.015704 s
currentSize : 22 <-- 0.032563 s
currentSize : 23 <-- 0.048494 s
currentSize : 25 <-- 0.055811 s
currentSize : 35 <-- 0.072718 s

maxsize : 35
nodes : 29710.000000
filtered : 480218.000000
time : 0.185665
