Parameters: GAD=1 vflib=1 dir=0 label=0 vlabel=1 lowerbound=1 fileNameGp=../../cp2016-max-common-connected-subgraph-paper/datasets/graphsdb/mcs50/rand/r01/mcs50_r01_s90.A02 fileNameGt=../../cp2016-max-common-connected-subgraph-paper/datasets/graphsdb/mcs50/rand/r01/mcs50_r01_s90.B02
Reading graphs...
90 :  759
90 :  750
Initializing...
maxdom : 9
D->valSize : 552
Solving...
Blb : 2 (clique : 14)
currentSize : 14 <-- 0.006047 s
currentSize : 16 <-- 0.006349 s
currentSize : 17 <-- 0.055121 s
currentSize : 18 <-- 0.130759 s
currentSize : 19 <-- 0.135349 s
currentSize : 22 <-- 1.105809 s
currentSize : 23 <-- 1.445452 s
currentSize : 24 <-- 1.996441 s
currentSize : 26 <-- 1.996636 s
currentSize : 31 <-- 3.211813 s
currentSize : 33 <-- 3.211967 s
currentSize : 34 <-- 5.708759 s
currentSize : 38 <-- 5.733728 s
currentSize : 45 <-- 5.747526 s

maxsize : 45
nodes : 1631040.000000
filtered : 19251731.000000
time : 10.436158
