Parameters: GAD=1 vflib=1 dir=0 label=0 vlabel=1 lowerbound=1 fileNameGp=../../cp2016-max-common-connected-subgraph-paper/datasets/graphsdb/mcs50/m3D/m3Dr4/mcs50_m3Dr4_s60.A04 fileNameGt=../../cp2016-max-common-connected-subgraph-paper/datasets/graphsdb/mcs50/m3D/m3Dr4/mcs50_m3Dr4_s60.B04
Reading graphs...
60 :  155
60 :  156
Initializing...
maxdom : 7
D->valSize : 251
Solving...
Blb : 2 (clique : 20)
currentSize : 20 <-- 0.001765 s
currentSize : 21 <-- 0.002697 s
currentSize : 22 <-- 0.003789 s
currentSize : 23 <-- 0.018431 s
currentSize : 24 <-- 2.833128 s
currentSize : 25 <-- 2.833676 s
currentSize : 26 <-- 5.456053 s
currentSize : 27 <-- 5.546551 s
currentSize : 28 <-- 5.563838 s
currentSize : 29 <-- 55.048176 s
currentSize : 30 <-- 62.102127 s

maxsize : 30
nodes : 20631577.000000
filtered : 136419890.000000
time : 88.557312
