Parameters: GAD=1 vflib=1 dir=0 label=0 vlabel=1 lowerbound=1 fileNameGp=../../cp2016-max-common-connected-subgraph-paper/datasets/graphsdb/mcs50/rand/r01/mcs50_r01_s80.A00 fileNameGt=../../cp2016-max-common-connected-subgraph-paper/datasets/graphsdb/mcs50/rand/r01/mcs50_r01_s80.B00
Reading graphs...
80 :  599
80 :  599
Initializing...
maxdom : 11
D->valSize : 478
Solving...
Blb : 2 (clique : 17)
currentSize : 17 <-- 0.004519 s
currentSize : 18 <-- 0.004819 s
currentSize : 19 <-- 0.005693 s
currentSize : 20 <-- 0.313047 s
currentSize : 21 <-- 0.338270 s
currentSize : 23 <-- 4.727159 s
currentSize : 24 <-- 4.745574 s
currentSize : 27 <-- 4.751814 s
currentSize : 29 <-- 4.755942 s
currentSize : 30 <-- 9.639666 s
currentSize : 31 <-- 11.133024 s
currentSize : 33 <-- 11.133616 s
currentSize : 40 <-- 11.184786 s

maxsize : 40
nodes : 2138909.000000
filtered : 24734154.000000
time : 12.818435
