Parameters: GAD=1 vflib=1 dir=0 label=0 vlabel=1 lowerbound=1 fileNameGp=../../cp2016-max-common-connected-subgraph-paper/datasets/graphsdb/mcs50/m2D/m2Dr4/mcs50_m2Dr4_s50.A08 fileNameGt=../../cp2016-max-common-connected-subgraph-paper/datasets/graphsdb/mcs50/m2D/m2Dr4/mcs50_m2Dr4_s50.B08
Reading graphs...
50 :  104
50 :  101
Initializing...
maxdom : 9
D->valSize : 311
Solving...
Blb : 2 (clique : 19)
currentSize : 19 <-- 0.002228 s
currentSize : 20 <-- 0.002843 s
currentSize : 21 <-- 0.005464 s
currentSize : 22 <-- 0.031227 s
currentSize : 23 <-- 0.048014 s
currentSize : 24 <-- 0.260016 s
currentSize : 25 <-- 0.523508 s
currentSize : 26 <-- 0.546755 s
currentSize : 27 <-- 0.850349 s
currentSize : 28 <-- 3.547864 s
currentSize : 29 <-- 5.754961 s
currentSize : 30 <-- 7.146100 s

maxsize : 30
nodes : 1824753.000000
filtered : 18656369.000000
time : 8.438129
