Parameters: GAD=1 vflib=1 dir=0 label=0 vlabel=1 lowerbound=1 fileNameGp=../../cp2016-max-common-connected-subgraph-paper/datasets/graphsdb/mcs50/rand/r001/mcs50_r001_s100.A02 fileNameGt=../../cp2016-max-common-connected-subgraph-paper/datasets/graphsdb/mcs50/rand/r001/mcs50_r001_s100.B02
Reading graphs...
100 :  124
100 :  124
Initializing...
maxdom : 6
D->valSize : 348
Solving...
Blb : 2 (clique : 42)
currentSize : 42 <-- 0.006129 s
currentSize : 43 <-- 0.006719 s
currentSize : 44 <-- 0.007389 s
currentSize : 45 <-- 0.075391 s
currentSize : 46 <-- 1.086556 s
currentSize : 47 <-- 35.949135 s
currentSize : 48 <-- 115.049797 s
currentSize : 49 <-- 323.214996 s
currentSize : 50 <-- 394.930603 s
currentSize : 51 <-- 640.379395 s

TIMEOUT
maxsize : 51
nodes : 207709707.000000
filtered : 739365354.000000
time : 1000.000061
