Parameters: GAD=1 vflib=1 dir=0 label=0 vlabel=1 lowerbound=1 fileNameGp=../../cp2016-max-common-connected-subgraph-paper/datasets/graphsdb/mcs50/m2D/m2D/mcs50_m2D_s100.A02 fileNameGt=../../cp2016-max-common-connected-subgraph-paper/datasets/graphsdb/mcs50/m2D/m2D/mcs50_m2D_s100.B02
Reading graphs...
100 :  179
100 :  180
Initializing...
maxdom : 6
D->valSize : 354
Solving...
Blb : 2 (clique : 39)
currentSize : 39 <-- 0.003816 s
currentSize : 40 <-- 0.039963 s
currentSize : 41 <-- 0.064393 s
currentSize : 42 <-- 0.090991 s
currentSize : 43 <-- 0.632051 s
currentSize : 44 <-- 1.066451 s
currentSize : 45 <-- 2.573159 s
currentSize : 46 <-- 2.986701 s
currentSize : 47 <-- 454.807617 s
currentSize : 48 <-- 609.225098 s

TIMEOUT
maxsize : 48
nodes : 194063927.000000
filtered : 800903132.000000
time : 1000.000061
