Parameters: GAD=1 vflib=1 dir=0 label=0 vlabel=1 lowerbound=1 fileNameGp=../../cp2016-max-common-connected-subgraph-paper/datasets/graphsdb/mcs50/m2D/m2Dr6/mcs50_m2Dr6_s80.A01 fileNameGt=../../cp2016-max-common-connected-subgraph-paper/datasets/graphsdb/mcs50/m2D/m2Dr6/mcs50_m2Dr6_s80.B01
Reading graphs...
80 :  187
80 :  187
Initializing...
maxdom : 13
D->valSize : 456
Solving...
Blb : 2 (clique : 27)
currentSize : 27 <-- 0.004564 s
currentSize : 28 <-- 0.005488 s
currentSize : 29 <-- 0.005667 s
currentSize : 30 <-- 0.005941 s
currentSize : 31 <-- 0.006498 s
currentSize : 32 <-- 0.071475 s
currentSize : 33 <-- 0.094672 s
currentSize : 34 <-- 1.435331 s
currentSize : 35 <-- 30.003813 s
currentSize : 36 <-- 30.005230 s
currentSize : 37 <-- 118.400894 s
currentSize : 38 <-- 123.463333 s
currentSize : 39 <-- 123.659775 s
currentSize : 40 <-- 200.042786 s

TIMEOUT
maxsize : 40
nodes : 163109361.000000
filtered : 1776347831.000000
time : 1000.000061
