Parameters: GAD=1 vflib=1 dir=0 label=0 vlabel=1 lowerbound=1 fileNameGp=../../cp2016-max-common-connected-subgraph-paper/datasets/graphsdb/mcs50/rand/r02/mcs50_r02_s50.A00 fileNameGt=../../cp2016-max-common-connected-subgraph-paper/datasets/graphsdb/mcs50/rand/r02/mcs50_r02_s50.B00
Reading graphs...
50 :  430
50 :  446
Initializing...
maxdom : 9
D->valSize : 330
Solving...
Blb : 3 (clique : 10)
currentSize : 10 <-- 0.002288 s
currentSize : 11 <-- 0.003276 s
currentSize : 12 <-- 0.003360 s
currentSize : 13 <-- 0.111227 s
currentSize : 15 <-- 0.112084 s
currentSize : 16 <-- 0.267599 s
currentSize : 17 <-- 0.433605 s
currentSize : 18 <-- 0.621245 s
currentSize : 22 <-- 0.622693 s
currentSize : 25 <-- 0.622765 s

maxsize : 25
nodes : 164331.000000
filtered : 1481049.000000
time : 0.831911
