Parameters: GAD=1 vflib=1 dir=0 label=0 vlabel=1 lowerbound=1 fileNameGp=../../cp2016-max-common-connected-subgraph-paper/datasets/graphsdb/mcs50/bvg/b09m/mcs50_b09m_s70.A05 fileNameGt=../../cp2016-max-common-connected-subgraph-paper/datasets/graphsdb/mcs50/bvg/b09m/mcs50_b09m_s70.B05
Reading graphs...
70 :  309
70 :  307
Initializing...
maxdom : 8
D->valSize : 326
Solving...
Blb : 2 (clique : 17)
currentSize : 17 <-- 0.002618 s
currentSize : 18 <-- 0.005660 s
currentSize : 19 <-- 0.024242 s
currentSize : 20 <-- 0.064117 s
currentSize : 21 <-- 0.113000 s
currentSize : 22 <-- 0.113135 s
currentSize : 23 <-- 0.113498 s
currentSize : 24 <-- 1.473053 s
currentSize : 25 <-- 1.473126 s
currentSize : 26 <-- 1.629792 s
currentSize : 27 <-- 1.629855 s
currentSize : 28 <-- 10.944828 s
currentSize : 29 <-- 17.436178 s
currentSize : 30 <-- 17.437420 s
currentSize : 31 <-- 17.437536 s
currentSize : 32 <-- 17.558256 s
currentSize : 33 <-- 17.558386 s
currentSize : 34 <-- 17.558512 s

maxsize : 34
nodes : 11102003.000000
filtered : 50737601.000000
time : 45.255329
