Parameters: GAD=1 vflib=1 dir=0 label=0 vlabel=1 lowerbound=1 fileNameGp=../../cp2016-max-common-connected-subgraph-paper/datasets/graphsdb/mcs50/bvg/b03/mcs50_b03_s80.A05 fileNameGt=../../cp2016-max-common-connected-subgraph-paper/datasets/graphsdb/mcs50/bvg/b03/mcs50_b03_s80.B05
Reading graphs...
80 :  120
80 :  120
Initializing...
maxdom : 8
D->valSize : 431
Solving...
Blb : 2 (clique : 36)
currentSize : 36 <-- 0.004264 s
currentSize : 37 <-- 0.004541 s
currentSize : 38 <-- 0.004811 s
currentSize : 39 <-- 0.004995 s
currentSize : 40 <-- 105.908669 s
currentSize : 41 <-- 105.908768 s

TIMEOUT
maxsize : 41
nodes : 209822346.000000
filtered : 1259765926.000000
time : 1000.000061
