Parameters: GAD=1 vflib=1 dir=0 label=0 vlabel=1 lowerbound=1 fileNameGp=../../cp2016-max-common-connected-subgraph-paper/datasets/graphsdb/mcs50/m2D/m2D/mcs50_m2D_s100.A09 fileNameGt=../../cp2016-max-common-connected-subgraph-paper/datasets/graphsdb/mcs50/m2D/m2D/mcs50_m2D_s100.B09
Reading graphs...
100 :  180
100 :  180
Initializing...
maxdom : 9
D->valSize : 336
Solving...
Blb : 2 (clique : 35)
currentSize : 35 <-- 0.003383 s
currentSize : 36 <-- 0.003830 s
currentSize : 37 <-- 0.003920 s
currentSize : 38 <-- 0.005220 s
currentSize : 39 <-- 0.075641 s
currentSize : 40 <-- 0.748916 s
currentSize : 41 <-- 0.876534 s
currentSize : 42 <-- 0.966574 s
currentSize : 43 <-- 1.721243 s
currentSize : 44 <-- 2.428689 s
currentSize : 45 <-- 9.046327 s
currentSize : 46 <-- 9.536621 s

TIMEOUT
maxsize : 46
nodes : 208065293.000000
filtered : 639913110.000000
time : 1000.000061
