Parameters: GAD=1 vflib=1 dir=0 label=0 vlabel=1 lowerbound=1 fileNameGp=../../cp2016-max-common-connected-subgraph-paper/datasets/graphsdb/mcs50/rand/r02/mcs50_r02_s40.A08 fileNameGt=../../cp2016-max-common-connected-subgraph-paper/datasets/graphsdb/mcs50/rand/r02/mcs50_r02_s40.B08
Reading graphs...
40 :  276
40 :  280
Initializing...
maxdom : 8
D->valSize : 218
Solving...
Blb : 2 (clique : 8)
currentSize : 8 <-- 0.001865 s
currentSize : 9 <-- 0.001945 s
currentSize : 10 <-- 0.002045 s
currentSize : 11 <-- 0.005306 s
currentSize : 12 <-- 0.014677 s
currentSize : 13 <-- 0.014740 s
currentSize : 15 <-- 0.025441 s
currentSize : 16 <-- 0.074135 s
currentSize : 18 <-- 0.074202 s
currentSize : 20 <-- 0.074438 s

maxsize : 20
nodes : 18647.000000
filtered : 176996.000000
time : 0.087929
