Parameters: GAD=1 vflib=1 dir=0 label=0 vlabel=1 lowerbound=1 fileNameGp=../../cp2016-max-common-connected-subgraph-paper/datasets/graphsdb/mcs50/m2D/m2Dr2/mcs50_m2Dr2_s60.A06 fileNameGt=../../cp2016-max-common-connected-subgraph-paper/datasets/graphsdb/mcs50/m2D/m2Dr2/mcs50_m2Dr2_s60.B06
Reading graphs...
60 :  115
60 :  113
Initializing...
maxdom : 9
D->valSize : 248
Solving...
Blb : 5 (clique : 23)
currentSize : 23 <-- 0.002855 s
currentSize : 24 <-- 1.500502 s
currentSize : 25 <-- 1.500722 s
currentSize : 26 <-- 1.549766 s
currentSize : 27 <-- 9.340811 s
currentSize : 28 <-- 27.322832 s
currentSize : 29 <-- 224.894287 s
currentSize : 30 <-- 236.560165 s

maxsize : 30
nodes : 111427435.000000
filtered : 720670943.000000
time : 468.076477
