Parameters: GAD=1 vflib=1 dir=0 label=0 vlabel=1 lowerbound=1 fileNameGp=../../cp2016-max-common-connected-subgraph-paper/datasets/graphsdb/mcs50/rand/r01/mcs50_r01_s50.A07 fileNameGt=../../cp2016-max-common-connected-subgraph-paper/datasets/graphsdb/mcs50/rand/r01/mcs50_r01_s50.B07
Reading graphs...
50 :  234
50 :  236
Initializing...
maxdom : 10
D->valSize : 339
Solving...
Blb : 2 (clique : 13)
currentSize : 13 <-- 0.002394 s
currentSize : 14 <-- 0.002601 s
currentSize : 15 <-- 0.003683 s
currentSize : 16 <-- 0.013003 s
currentSize : 17 <-- 0.015156 s
currentSize : 18 <-- 0.025736 s
currentSize : 19 <-- 0.087335 s
currentSize : 22 <-- 0.582555 s
currentSize : 23 <-- 1.521903 s
currentSize : 25 <-- 1.553495 s

maxsize : 25
nodes : 453379.000000
filtered : 5570566.000000
time : 2.191312
