Parameters: GAD=1 vflib=1 dir=0 label=0 vlabel=1 lowerbound=1 fileNameGp=../../cp2016-max-common-connected-subgraph-paper/datasets/graphsdb/mcs50/rand/r005/mcs50_r005_s35.A09 fileNameGt=../../cp2016-max-common-connected-subgraph-paper/datasets/graphsdb/mcs50/rand/r005/mcs50_r005_s35.B09
Reading graphs...
35 :  61
35 :  61
Initializing...
maxdom : 7
D->valSize : 164
Solving...
Blb : 2 (clique : 12)
currentSize : 12 <-- 0.000962 s
currentSize : 13 <-- 0.001029 s
currentSize : 14 <-- 0.001704 s
currentSize : 15 <-- 0.004028 s
currentSize : 16 <-- 0.005219 s
currentSize : 17 <-- 0.034377 s
currentSize : 18 <-- 0.072053 s

maxsize : 18
nodes : 333528.000000
filtered : 2081692.000000
time : 1.053893
