Parameters: GAD=1 vflib=1 dir=0 label=0 vlabel=1 lowerbound=1 fileNameGp=../../cp2016-max-common-connected-subgraph-paper/datasets/graphsdb/mcs50/m3D/m3Dr4/mcs50_m3Dr4_s60.A00 fileNameGt=../../cp2016-max-common-connected-subgraph-paper/datasets/graphsdb/mcs50/m3D/m3Dr4/mcs50_m3Dr4_s60.B00
Reading graphs...
60 :  156
60 :  154
Initializing...
maxdom : 8
D->valSize : 237
Solving...
Blb : 5 (clique : 18)
currentSize : 18 <-- 0.002463 s
currentSize : 19 <-- 0.003097 s
currentSize : 20 <-- 0.006831 s
currentSize : 21 <-- 0.031748 s
currentSize : 22 <-- 0.326433 s
currentSize : 23 <-- 0.326592 s
currentSize : 24 <-- 0.328149 s
currentSize : 25 <-- 0.706016 s
currentSize : 26 <-- 0.707226 s
currentSize : 27 <-- 1.081168 s
currentSize : 28 <-- 1.392476 s
currentSize : 29 <-- 1.392534 s
currentSize : 30 <-- 2.671891 s

maxsize : 30
nodes : 1355005.000000
filtered : 6622287.000000
time : 5.500557
