Parameters: GAD=1 vflib=1 dir=0 label=0 vlabel=1 lowerbound=1 fileNameGp=../../cp2016-max-common-connected-subgraph-paper/datasets/graphsdb/mcs50/bvg/b09/mcs50_b09_s70.A01 fileNameGt=../../cp2016-max-common-connected-subgraph-paper/datasets/graphsdb/mcs50/bvg/b09/mcs50_b09_s70.B01
Reading graphs...
70 :  311
70 :  313
Initializing...
maxdom : 7
D->valSize : 314
Solving...
Blb : 2 (clique : 17)
currentSize : 17 <-- 0.002476 s
currentSize : 18 <-- 0.003317 s
currentSize : 19 <-- 0.024570 s
currentSize : 20 <-- 0.769109 s
currentSize : 21 <-- 1.388878 s
currentSize : 22 <-- 2.936612 s
currentSize : 23 <-- 3.960565 s
currentSize : 24 <-- 6.338494 s
currentSize : 25 <-- 8.413790 s
currentSize : 26 <-- 8.446817 s
currentSize : 27 <-- 10.131825 s
currentSize : 28 <-- 13.145348 s
currentSize : 29 <-- 13.190502 s
currentSize : 30 <-- 13.191596 s
currentSize : 31 <-- 14.511256 s
currentSize : 32 <-- 19.928144 s
currentSize : 33 <-- 19.933121 s
currentSize : 34 <-- 20.105268 s

maxsize : 34
nodes : 8145798.000000
filtered : 41302733.000000
time : 34.775928
