Parameters: GAD=1 vflib=1 dir=0 label=0 vlabel=1 lowerbound=1 fileNameGp=../../cp2016-max-common-connected-subgraph-paper/datasets/graphsdb/mcs50/bvg/b06m/mcs50_b06m_s70.A08 fileNameGt=../../cp2016-max-common-connected-subgraph-paper/datasets/graphsdb/mcs50/bvg/b06m/mcs50_b06m_s70.B08
Reading graphs...
70 :  206
70 :  206
Initializing...
maxdom : 8
D->valSize : 367
Solving...
Blb : 3 (clique : 24)
currentSize : 24 <-- 0.004909 s
currentSize : 25 <-- 1.285991 s
currentSize : 26 <-- 2.219541 s
currentSize : 27 <-- 12.538594 s
currentSize : 28 <-- 13.750267 s
currentSize : 29 <-- 25.586300 s
currentSize : 30 <-- 31.671911 s
currentSize : 31 <-- 31.676477 s
currentSize : 32 <-- 31.684092 s
currentSize : 33 <-- 40.586990 s
currentSize : 34 <-- 51.418488 s
currentSize : 35 <-- 92.390404 s
currentSize : 37 <-- 102.727058 s

maxsize : 37
nodes : 50666075.000000
filtered : 291557843.000000
time : 224.778366
