Parameters: GAD=1 vflib=1 dir=0 label=0 vlabel=1 lowerbound=1 fileNameGp=../../cp2016-max-common-connected-subgraph-paper/datasets/graphsdb/mcs50/m2D/m2Dr2/mcs50_m2Dr2_s70.A06 fileNameGt=../../cp2016-max-common-connected-subgraph-paper/datasets/graphsdb/mcs50/m2D/m2Dr2/mcs50_m2Dr2_s70.B06
Reading graphs...
70 :  136
70 :  136
Initializing...
maxdom : 8
D->valSize : 360
Solving...
Blb : 3 (clique : 27)
currentSize : 27 <-- 0.003162 s
currentSize : 28 <-- 0.003473 s
currentSize : 29 <-- 0.050817 s
currentSize : 30 <-- 0.347637 s
currentSize : 31 <-- 5.540340 s
currentSize : 32 <-- 5.592453 s
currentSize : 33 <-- 65.625389 s
currentSize : 34 <-- 153.613388 s

TIMEOUT
maxsize : 34
nodes : 190591058.000000
filtered : 1676470347.000000
time : 1000.000000
