Parameters: GAD=1 vflib=1 dir=0 label=0 vlabel=1 lowerbound=1 fileNameGp=../../cp2016-max-common-connected-subgraph-paper/datasets/graphsdb/mcs50/rand/r005/mcs50_r005_s100.A04 fileNameGt=../../cp2016-max-common-connected-subgraph-paper/datasets/graphsdb/mcs50/rand/r005/mcs50_r005_s100.B04
Reading graphs...
100 :  482
100 :  477
Initializing...
maxdom : 6
D->valSize : 350
Solving...
Blb : 2 (clique : 33)
currentSize : 33 <-- 0.003392 s
currentSize : 34 <-- 0.003790 s
currentSize : 35 <-- 0.005486 s
currentSize : 36 <-- 0.005764 s
currentSize : 37 <-- 0.005917 s
currentSize : 38 <-- 0.051990 s
currentSize : 39 <-- 0.052123 s
currentSize : 40 <-- 1.726403 s
currentSize : 41 <-- 1.726530 s
currentSize : 42 <-- 1.764791 s
currentSize : 43 <-- 1.766544 s
currentSize : 44 <-- 1.766690 s
currentSize : 45 <-- 8.140036 s
currentSize : 46 <-- 8.140191 s
currentSize : 47 <-- 8.147014 s
currentSize : 48 <-- 8.148151 s
currentSize : 49 <-- 8.148305 s
currentSize : 50 <-- 8.148457 s

maxsize : 50
nodes : 10699098.000000
filtered : 68128577.000000
time : 63.873299
