Parameters: GAD=1 vflib=1 dir=0 label=0 vlabel=1 lowerbound=1 fileNameGp=../../cp2016-max-common-connected-subgraph-paper/datasets/graphsdb/mcs50/bvg/b09m/mcs50_b09m_s70.A09 fileNameGt=../../cp2016-max-common-connected-subgraph-paper/datasets/graphsdb/mcs50/bvg/b09m/mcs50_b09m_s70.B09
Reading graphs...
70 :  307
70 :  305
Initializing...
maxdom : 8
D->valSize : 342
Solving...
Blb : 2 (clique : 18)
currentSize : 18 <-- 0.004395 s
currentSize : 20 <-- 0.004775 s
currentSize : 21 <-- 0.051721 s
currentSize : 22 <-- 0.526052 s
currentSize : 23 <-- 2.506431 s
currentSize : 24 <-- 2.506954 s
currentSize : 25 <-- 2.580383 s
currentSize : 26 <-- 2.592238 s
currentSize : 27 <-- 2.596655 s
currentSize : 28 <-- 10.212380 s
currentSize : 29 <-- 10.217389 s
currentSize : 30 <-- 10.218472 s
currentSize : 31 <-- 10.255160 s
currentSize : 32 <-- 10.259864 s
currentSize : 33 <-- 24.547728 s
currentSize : 34 <-- 24.547745 s

maxsize : 34
nodes : 7698825.000000
filtered : 57023672.000000
time : 37.648613
