Parameters: GAD=1 vflib=1 dir=0 label=0 vlabel=1 lowerbound=1 fileNameGp=../../cp2016-max-common-connected-subgraph-paper/datasets/graphsdb/mcs50/bvg/b09m/mcs50_b09m_s80.A09 fileNameGt=../../cp2016-max-common-connected-subgraph-paper/datasets/graphsdb/mcs50/bvg/b09m/mcs50_b09m_s80.B09
Reading graphs...
80 :  353
80 :  355
Initializing...
maxdom : 8
D->valSize : 440
Solving...
Blb : 3 (clique : 25)
currentSize : 25 <-- 0.004147 s
currentSize : 26 <-- 12.863428 s
currentSize : 27 <-- 31.232355 s
currentSize : 28 <-- 45.390591 s
currentSize : 29 <-- 45.596249 s
currentSize : 30 <-- 52.712440 s
currentSize : 31 <-- 78.730034 s
currentSize : 32 <-- 78.730095 s
currentSize : 35 <-- 95.802017 s
currentSize : 36 <-- 95.812721 s
currentSize : 38 <-- 97.977798 s
currentSize : 40 <-- 108.239433 s
currentSize : 41 <-- 246.926407 s

maxsize : 41
nodes : 106099707.000000
filtered : 541617963.000000
time : 491.265961
