Parameters: GAD=1 vflib=1 dir=0 label=0 vlabel=1 lowerbound=1 fileNameGp=../../cp2016-max-common-connected-subgraph-paper/datasets/graphsdb/mcs50/rand/r001/mcs50_r001_s100.A07 fileNameGt=../../cp2016-max-common-connected-subgraph-paper/datasets/graphsdb/mcs50/rand/r001/mcs50_r001_s100.B07
Reading graphs...
100 :  124
100 :  123
Initializing...
maxdom : 6
D->valSize : 344
Solving...
Blb : 2 (clique : 46)
currentSize : 46 <-- 0.006038 s
currentSize : 47 <-- 0.006587 s
currentSize : 48 <-- 0.006779 s
currentSize : 49 <-- 0.006862 s
currentSize : 50 <-- 0.181447 s
currentSize : 51 <-- 0.181560 s
currentSize : 52 <-- 0.809138 s
currentSize : 53 <-- 20.619312 s
currentSize : 54 <-- 42.909893 s
currentSize : 55 <-- 196.947159 s

TIMEOUT
maxsize : 55
nodes : 205387722.000000
filtered : 613750059.000000
time : 1000.000122
