Parameters: GAD=1 vflib=1 dir=0 label=0 vlabel=1 lowerbound=1 fileNameGp=../../cp2016-max-common-connected-subgraph-paper/datasets/graphsdb/mcs50/m3D/m3Dr2/mcs50_m3Dr2_s50.A05 fileNameGt=../../cp2016-max-common-connected-subgraph-paper/datasets/graphsdb/mcs50/m3D/m3Dr2/mcs50_m3Dr2_s50.B05
Reading graphs...
50 :  119
50 :  118
Initializing...
maxdom : 9
D->valSize : 335
Solving...
Blb : 2 (clique : 18)
currentSize : 18 <-- 0.002363 s
currentSize : 19 <-- 0.002542 s
currentSize : 20 <-- 0.002675 s
currentSize : 21 <-- 0.003757 s
currentSize : 22 <-- 0.205004 s
currentSize : 23 <-- 0.723306 s
currentSize : 24 <-- 2.552155 s
currentSize : 25 <-- 45.383858 s
currentSize : 26 <-- 51.649933 s
currentSize : 27 <-- 51.650143 s

maxsize : 27
nodes : 15334248.000000
filtered : 163709711.000000
time : 66.980751
