Parameters: GAD=1 vflib=1 dir=0 label=0 vlabel=1 lowerbound=1 fileNameGp=../../cp2016-max-common-connected-subgraph-paper/datasets/graphsdb/mcs50/m2D/m2Dr6/mcs50_m2Dr6_s90.A09 fileNameGt=../../cp2016-max-common-connected-subgraph-paper/datasets/graphsdb/mcs50/m2D/m2Dr6/mcs50_m2Dr6_s90.B09
Reading graphs...
90 :  213
90 :  207
Initializing...
maxdom : 9
D->valSize : 555
Solving...
Blb : 2 (clique : 37)
currentSize : 37 <-- 0.006599 s
currentSize : 38 <-- 0.006938 s
currentSize : 39 <-- 0.007485 s
currentSize : 40 <-- 0.017560 s
currentSize : 41 <-- 0.024898 s
currentSize : 42 <-- 0.025706 s
currentSize : 43 <-- 0.449445 s
currentSize : 44 <-- 1.915767 s
currentSize : 45 <-- 1.962299 s
currentSize : 46 <-- 1.978498 s
currentSize : 47 <-- 2.367155 s
currentSize : 49 <-- 15.432214 s
currentSize : 50 <-- 15.433309 s
currentSize : 51 <-- 16.848373 s
currentSize : 52 <-- 16.848909 s

TIMEOUT
maxsize : 52
nodes : 228166599.000000
filtered : 724375546.000000
time : 1000.000061
