Parameters: GAD=1 vflib=1 dir=0 label=0 vlabel=1 lowerbound=1 fileNameGp=../../cp2016-max-common-connected-subgraph-paper/datasets/graphsdb/mcs50/rand/r01/mcs50_r01_s40.A01 fileNameGt=../../cp2016-max-common-connected-subgraph-paper/datasets/graphsdb/mcs50/rand/r01/mcs50_r01_s40.B01
Reading graphs...
40 :  151
40 :  146
Initializing...
maxdom : 7
D->valSize : 206
Solving...
Blb : 2 (clique : 11)
currentSize : 11 <-- 0.001738 s
currentSize : 12 <-- 0.002188 s
currentSize : 13 <-- 0.002963 s
currentSize : 14 <-- 0.005285 s
currentSize : 16 <-- 0.059948 s
currentSize : 17 <-- 0.472909 s
currentSize : 18 <-- 0.474280 s
currentSize : 20 <-- 0.513596 s

maxsize : 20
nodes : 121699.000000
filtered : 918242.000000
time : 0.633149
