Parameters: GAD=1 vflib=1 dir=0 label=0 vlabel=1 lowerbound=1 fileNameGp=../../cp2016-max-common-connected-subgraph-paper/datasets/graphsdb/mcs50/rand/r01/mcs50_r01_s70.A08 fileNameGt=../../cp2016-max-common-connected-subgraph-paper/datasets/graphsdb/mcs50/rand/r01/mcs50_r01_s70.B08
Reading graphs...
70 :  462
70 :  452
Initializing...
maxdom : 10
D->valSize : 352
Solving...
Blb : 2 (clique : 12)
currentSize : 12 <-- 0.002770 s
currentSize : 13 <-- 0.002908 s
currentSize : 14 <-- 0.003416 s
currentSize : 15 <-- 0.005683 s
currentSize : 16 <-- 0.017002 s
currentSize : 17 <-- 0.020502 s
currentSize : 18 <-- 0.179711 s
currentSize : 19 <-- 0.281112 s
currentSize : 20 <-- 0.362823 s
currentSize : 21 <-- 0.454279 s
currentSize : 23 <-- 0.656454 s
currentSize : 24 <-- 0.820983 s
currentSize : 27 <-- 1.038071 s
currentSize : 28 <-- 1.118701 s
currentSize : 32 <-- 1.118893 s
currentSize : 35 <-- 1.127214 s

maxsize : 35
nodes : 259602.000000
filtered : 2350653.000000
time : 1.365108
