Parameters: GAD=1 vflib=1 dir=0 label=0 vlabel=1 lowerbound=1 fileNameGp=../../cp2016-max-common-connected-subgraph-paper/datasets/graphsdb/mcs50/m2D/m2Dr6/mcs50_m2Dr6_s100.A02 fileNameGt=../../cp2016-max-common-connected-subgraph-paper/datasets/graphsdb/mcs50/m2D/m2Dr6/mcs50_m2Dr6_s100.B02
Reading graphs...
100 :  239
100 :  238
Initializing...
maxdom : 7
D->valSize : 386
Solving...
Blb : 2 (clique : 39)
currentSize : 39 <-- 0.004026 s
currentSize : 41 <-- 0.011051 s
currentSize : 42 <-- 0.017039 s
currentSize : 44 <-- 0.728335 s
currentSize : 45 <-- 0.728827 s
currentSize : 46 <-- 0.803209 s
currentSize : 47 <-- 14.017129 s
currentSize : 48 <-- 14.717333 s
currentSize : 49 <-- 17.059937 s
currentSize : 50 <-- 17.059980 s
currentSize : 51 <-- 153.203384 s

TIMEOUT
maxsize : 51
nodes : 212171334.000000
filtered : 539928709.000000
time : 1000.000061
