Parameters: GAD=1 vflib=1 dir=0 label=0 vlabel=1 lowerbound=1 fileNameGp=../../cp2016-max-common-connected-subgraph-paper/datasets/graphsdb/mcs50/rand/r01/mcs50_r01_s100.A02 fileNameGt=../../cp2016-max-common-connected-subgraph-paper/datasets/graphsdb/mcs50/rand/r01/mcs50_r01_s100.B02
Reading graphs...
100 :  934
100 :  934
Initializing...
maxdom : 5
D->valSize : 334
Solving...
Blb : 5 (clique : 16)
currentSize : 16 <-- 0.004907 s
currentSize : 20 <-- 0.007778 s
currentSize : 21 <-- 0.010607 s
currentSize : 22 <-- 0.015177 s
currentSize : 25 <-- 0.018213 s
currentSize : 26 <-- 0.031912 s
currentSize : 27 <-- 0.051151 s
currentSize : 32 <-- 0.053700 s
currentSize : 35 <-- 0.053979 s
currentSize : 39 <-- 0.691597 s
currentSize : 40 <-- 0.918317 s
currentSize : 50 <-- 1.276047 s

maxsize : 50
nodes : 282956.000000
filtered : 2558410.000000
time : 1.953784
