Parameters: GAD=1 vflib=1 dir=0 label=0 vlabel=1 lowerbound=1 fileNameGp=../../cp2016-max-common-connected-subgraph-paper/datasets/graphsdb/mcs50/bvg/b03/mcs50_b03_s100.A00 fileNameGt=../../cp2016-max-common-connected-subgraph-paper/datasets/graphsdb/mcs50/bvg/b03/mcs50_b03_s100.B00
Reading graphs...
100 :  150
100 :  150
Initializing...
maxdom : 7
D->valSize : 369
Solving...
Blb : 2 (clique : 39)
currentSize : 39 <-- 0.003799 s
currentSize : 40 <-- 0.041096 s
currentSize : 41 <-- 0.044590 s
currentSize : 42 <-- 0.091944 s
currentSize : 43 <-- 0.335773 s
currentSize : 44 <-- 0.864927 s
currentSize : 45 <-- 181.917053 s
currentSize : 46 <-- 383.068726 s
currentSize : 47 <-- 383.779968 s
currentSize : 48 <-- 384.149963 s

TIMEOUT
maxsize : 48
nodes : 194552456.000000
filtered : 1023683785.000000
time : 1000.000061
