Parameters: GAD=1 vflib=1 dir=0 label=0 vlabel=1 lowerbound=1 fileNameGp=../../cp2016-max-common-connected-subgraph-paper/datasets/graphsdb/mcs50/m2D/m2Dr4/mcs50_m2Dr4_s90.A00 fileNameGt=../../cp2016-max-common-connected-subgraph-paper/datasets/graphsdb/mcs50/m2D/m2Dr4/mcs50_m2Dr4_s90.B00
Reading graphs...
90 :  197
90 :  196
Initializing...
maxdom : 11
D->valSize : 573
Solving...
Blb : 2 (clique : 33)
currentSize : 33 <-- 0.006815 s
currentSize : 34 <-- 0.010210 s
currentSize : 35 <-- 0.011683 s
currentSize : 36 <-- 0.017856 s
currentSize : 37 <-- 0.017921 s
currentSize : 38 <-- 80.784187 s

TIMEOUT
maxsize : 38
nodes : 204523993.000000
filtered : 1335140882.000000
time : 1000.000061
