Parameters: GAD=1 vflib=1 dir=0 label=0 vlabel=1 lowerbound=1 fileNameGp=../../cp2016-max-common-connected-subgraph-paper/datasets/graphsdb/mcs50/m2D/m2Dr4/mcs50_m2Dr4_s90.A01 fileNameGt=../../cp2016-max-common-connected-subgraph-paper/datasets/graphsdb/mcs50/m2D/m2Dr4/mcs50_m2Dr4_s90.B01
Reading graphs...
90 :  196
90 :  194
Initializing...
maxdom : 8
D->valSize : 535
Solving...
Blb : 2 (clique : 36)
currentSize : 36 <-- 0.006181 s
currentSize : 38 <-- 0.020147 s
currentSize : 39 <-- 0.020303 s
currentSize : 40 <-- 0.025698 s
currentSize : 41 <-- 0.093079 s
currentSize : 42 <-- 0.241012 s
currentSize : 43 <-- 0.242234 s
currentSize : 44 <-- 0.243256 s
currentSize : 45 <-- 0.486805 s
currentSize : 47 <-- 0.489876 s
currentSize : 48 <-- 317.412537 s

TIMEOUT
maxsize : 48
nodes : 220041008.000000
filtered : 825101150.000000
time : 1000.000122
