Parameters: GAD=1 vflib=1 dir=0 label=0 vlabel=1 lowerbound=1 fileNameGp=../../cp2016-max-common-connected-subgraph-paper/datasets/graphsdb/mcs50/rand/r005/mcs50_r005_s50.A09 fileNameGt=../../cp2016-max-common-connected-subgraph-paper/datasets/graphsdb/mcs50/rand/r005/mcs50_r005_s50.B09
Reading graphs...
50 :  121
50 :  119
Initializing...
maxdom : 9
D->valSize : 312
Solving...
Blb : 2 (clique : 19)
currentSize : 19 <-- 0.003539 s
currentSize : 20 <-- 0.006700 s
currentSize : 21 <-- 0.011154 s
currentSize : 22 <-- 0.012387 s
currentSize : 23 <-- 0.020509 s
currentSize : 24 <-- 0.020831 s
currentSize : 25 <-- 0.023536 s

maxsize : 25
nodes : 4116548.000000
filtered : 46207592.000000
time : 18.309307
