Parameters: GAD=1 vflib=1 dir=0 label=0 vlabel=1 lowerbound=1 fileNameGp=../../cp2016-max-common-connected-subgraph-paper/datasets/graphsdb/mcs50/rand/r02/mcs50_r02_s80.A07 fileNameGt=../../cp2016-max-common-connected-subgraph-paper/datasets/graphsdb/mcs50/rand/r02/mcs50_r02_s80.B07
Reading graphs...
80 :  1126
80 :  1118
Initializing...
maxdom : 11
D->valSize : 397
Solving...
Blb : 3 (clique : 10)
currentSize : 10 <-- 0.005153 s
currentSize : 11 <-- 0.007163 s
currentSize : 12 <-- 0.008443 s
currentSize : 13 <-- 0.021878 s
currentSize : 14 <-- 0.022093 s
currentSize : 15 <-- 0.044709 s
currentSize : 16 <-- 0.054786 s
currentSize : 17 <-- 0.090086 s
currentSize : 18 <-- 0.173222 s
currentSize : 20 <-- 0.213606 s
currentSize : 25 <-- 0.213942 s
currentSize : 28 <-- 0.484748 s
currentSize : 30 <-- 0.486738 s
currentSize : 40 <-- 0.487204 s

maxsize : 40
nodes : 104728.000000
filtered : 1204269.000000
time : 0.611465
