Parameters: GAD=1 vflib=1 dir=0 label=0 vlabel=1 lowerbound=1 fileNameGp=../../cp2016-max-common-connected-subgraph-paper/datasets/graphsdb/mcs50/bvg/b06/mcs50_b06_s60.A01 fileNameGt=../../cp2016-max-common-connected-subgraph-paper/datasets/graphsdb/mcs50/bvg/b06/mcs50_b06_s60.B01
Reading graphs...
60 :  179
60 :  180
Initializing...
maxdom : 7
D->valSize : 253
Solving...
Blb : 2 (clique : 17)
currentSize : 17 <-- 0.001765 s
currentSize : 18 <-- 0.001881 s
currentSize : 19 <-- 0.001930 s
currentSize : 20 <-- 0.043362 s
currentSize : 21 <-- 0.777777 s
currentSize : 23 <-- 1.287693 s
currentSize : 25 <-- 1.625581 s
currentSize : 26 <-- 1.625620 s
currentSize : 27 <-- 1.625926 s
currentSize : 28 <-- 1.628229 s
currentSize : 29 <-- 1.630325 s
currentSize : 30 <-- 1.630384 s
currentSize : 31 <-- 3.862590 s

maxsize : 31
nodes : 1842997.000000
filtered : 9216807.000000
time : 7.306611
