Parameters: GAD=1 vflib=1 dir=0 label=0 vlabel=1 lowerbound=1 fileNameGp=../../cp2016-max-common-connected-subgraph-paper/datasets/graphsdb/mcs50/bvg/b03m/mcs50_b03m_s70.A05 fileNameGt=../../cp2016-max-common-connected-subgraph-paper/datasets/graphsdb/mcs50/bvg/b03m/mcs50_b03m_s70.B05
Reading graphs...
70 :  104
70 :  103
Initializing...
maxdom : 10
D->valSize : 316
Solving...
Blb : 3 (clique : 32)
currentSize : 32 <-- 0.002733 s
currentSize : 33 <-- 3.316629 s
currentSize : 34 <-- 3.317055 s
currentSize : 35 <-- 12.801769 s
currentSize : 36 <-- 16.703743 s
currentSize : 37 <-- 196.434509 s
currentSize : 38 <-- 423.911224 s
currentSize : 39 <-- 423.935333 s

TIMEOUT
maxsize : 39
nodes : 206882163.000000
filtered : 1373373126.000000
time : 1000.000061
