Parameters: GAD=1 vflib=1 dir=0 label=0 vlabel=1 lowerbound=1 fileNameGp=../../cp2016-max-common-connected-subgraph-paper/datasets/graphsdb/mcs50/bvg/b06/mcs50_b06_s50.A08 fileNameGt=../../cp2016-max-common-connected-subgraph-paper/datasets/graphsdb/mcs50/bvg/b06/mcs50_b06_s50.B08
Reading graphs...
50 :  149
50 :  149
Initializing...
maxdom : 9
D->valSize : 330
Solving...
Blb : 2 (clique : 19)
currentSize : 19 <-- 0.002296 s
currentSize : 20 <-- 0.313002 s
currentSize : 21 <-- 1.691656 s
currentSize : 22 <-- 7.170657 s
currentSize : 23 <-- 7.170691 s
currentSize : 25 <-- 7.218385 s
currentSize : 26 <-- 9.833936 s

maxsize : 26
nodes : 3188495.000000
filtered : 36191687.000000
time : 13.754870
