Parameters: GAD=1 vflib=1 dir=0 label=0 vlabel=1 lowerbound=1 fileNameGp=../../cp2016-max-common-connected-subgraph-paper/datasets/graphsdb/mcs50/m3D/m3Dr6/mcs50_m3Dr6_s50.A04 fileNameGt=../../cp2016-max-common-connected-subgraph-paper/datasets/graphsdb/mcs50/m3D/m3Dr6/mcs50_m3Dr6_s50.B04
Reading graphs...
50 :  138
50 :  134
Initializing...
maxdom : 12
D->valSize : 341
Solving...
Blb : 5 (clique : 19)
currentSize : 19 <-- 0.002391 s
currentSize : 20 <-- 0.013499 s
currentSize : 21 <-- 0.041547 s
currentSize : 22 <-- 0.314416 s
currentSize : 23 <-- 1.087231 s
currentSize : 24 <-- 4.201476 s
currentSize : 25 <-- 8.758412 s
currentSize : 26 <-- 8.758474 s
currentSize : 27 <-- 8.758744 s
currentSize : 28 <-- 10.355501 s

maxsize : 28
nodes : 2476986.000000
filtered : 29276622.000000
time : 11.175112
