Parameters: GAD=1 vflib=1 dir=0 label=0 vlabel=1 lowerbound=1 fileNameGp=../../cp2016-max-common-connected-subgraph-paper/datasets/graphsdb/mcs50/m3D/m3Dr6/mcs50_m3Dr6_s50.A05 fileNameGt=../../cp2016-max-common-connected-subgraph-paper/datasets/graphsdb/mcs50/m3D/m3Dr6/mcs50_m3Dr6_s50.B05
Reading graphs...
50 :  137
50 :  134
Initializing...
maxdom : 11
D->valSize : 331
Solving...
Blb : 2 (clique : 20)
currentSize : 20 <-- 0.003642 s
currentSize : 21 <-- 0.447621 s
currentSize : 22 <-- 0.585097 s
currentSize : 23 <-- 1.180220 s
currentSize : 24 <-- 1.180794 s
currentSize : 25 <-- 1.494598 s
currentSize : 26 <-- 1.504090 s
currentSize : 27 <-- 1.504193 s

maxsize : 27
nodes : 817939.000000
filtered : 7524664.000000
time : 3.596155
