Parameters: GAD=1 vflib=1 dir=0 label=0 vlabel=1 lowerbound=1 fileNameGp=../../cp2016-max-common-connected-subgraph-paper/datasets/graphsdb/mcs50/bvg/b03m/mcs50_b03m_s60.A05 fileNameGt=../../cp2016-max-common-connected-subgraph-paper/datasets/graphsdb/mcs50/bvg/b03m/mcs50_b03m_s60.B05
Reading graphs...
60 :  89
60 :  89
Initializing...
maxdom : 7
D->valSize : 261
Solving...
Blb : 2 (clique : 26)
currentSize : 26 <-- 0.001887 s
currentSize : 27 <-- 0.002032 s
currentSize : 28 <-- 0.137860 s
currentSize : 29 <-- 0.166992 s
currentSize : 30 <-- 0.582841 s
currentSize : 31 <-- 4.000410 s
currentSize : 32 <-- 7.744770 s
currentSize : 33 <-- 13.009078 s
currentSize : 34 <-- 13.009263 s
currentSize : 35 <-- 13.148216 s

maxsize : 35
nodes : 9931241.000000
filtered : 54646698.000000
time : 39.507652
