Parameters: GAD=1 vflib=1 dir=0 label=0 vlabel=1 lowerbound=1 fileNameGp=../../cp2016-max-common-connected-subgraph-paper/datasets/graphsdb/mcs50/bvg/b06/mcs50_b06_s100.A02 fileNameGt=../../cp2016-max-common-connected-subgraph-paper/datasets/graphsdb/mcs50/bvg/b06/mcs50_b06_s100.B02
Reading graphs...
100 :  298
100 :  300
Initializing...
maxdom : 6
D->valSize : 343
Solving...
Blb : 2 (clique : 31)
currentSize : 31 <-- 0.005566 s
currentSize : 32 <-- 0.005908 s
currentSize : 33 <-- 0.012947 s
currentSize : 34 <-- 0.020023 s
currentSize : 35 <-- 0.047556 s
currentSize : 36 <-- 0.078430 s
currentSize : 37 <-- 0.085646 s
currentSize : 38 <-- 0.086023 s
currentSize : 39 <-- 0.141808 s
currentSize : 40 <-- 0.150645 s
currentSize : 41 <-- 0.335097 s
currentSize : 42 <-- 4.143597 s
currentSize : 43 <-- 60.458260 s
currentSize : 44 <-- 100.140602 s
currentSize : 46 <-- 100.254562 s
currentSize : 48 <-- 100.315971 s
currentSize : 49 <-- 100.720253 s

TIMEOUT
maxsize : 49
nodes : 218105754.000000
filtered : 561511415.000000
time : 1000.000122
