Parameters: GAD=1 vflib=1 dir=0 label=0 vlabel=1 lowerbound=1 fileNameGp=../../cp2016-max-common-connected-subgraph-paper/datasets/graphsdb/mcs50/bvg/b09/mcs50_b09_s50.A09 fileNameGt=../../cp2016-max-common-connected-subgraph-paper/datasets/graphsdb/mcs50/bvg/b09/mcs50_b09_s50.B09
Reading graphs...
50 :  221
50 :  220
Initializing...
maxdom : 10
D->valSize : 326
Solving...
Blb : 2 (clique : 13)
currentSize : 13 <-- 0.002196 s
currentSize : 15 <-- 0.002565 s
currentSize : 16 <-- 0.084244 s
currentSize : 17 <-- 0.166591 s
currentSize : 18 <-- 0.748268 s
currentSize : 20 <-- 0.869241 s
currentSize : 21 <-- 0.869276 s
currentSize : 22 <-- 0.869361 s
currentSize : 23 <-- 0.972739 s
currentSize : 24 <-- 1.347726 s
currentSize : 25 <-- 1.347940 s
currentSize : 26 <-- 1.347984 s

maxsize : 26
nodes : 430058.000000
filtered : 4253897.000000
time : 1.794052
