Parameters: GAD=1 vflib=1 dir=0 label=0 vlabel=1 lowerbound=1 fileNameGp=../../cp2016-max-common-connected-subgraph-paper/datasets/graphsdb/mcs50/bvg/b03m/mcs50_b03m_s60.A09 fileNameGt=../../cp2016-max-common-connected-subgraph-paper/datasets/graphsdb/mcs50/bvg/b03m/mcs50_b03m_s60.B09
Reading graphs...
60 :  89
60 :  89
Initializing...
maxdom : 8
D->valSize : 280
Solving...
Blb : 2 (clique : 26)
currentSize : 26 <-- 0.002054 s
currentSize : 27 <-- 0.002631 s
currentSize : 28 <-- 0.013149 s
currentSize : 29 <-- 0.024420 s
currentSize : 30 <-- 0.109265 s
currentSize : 31 <-- 0.369688 s
currentSize : 32 <-- 1.192388 s
currentSize : 33 <-- 2.633509 s

maxsize : 33
nodes : 31623945.000000
filtered : 225397763.000000
time : 141.524857
