Parameters: GAD=1 vflib=1 dir=0 label=0 vlabel=1 lowerbound=1 fileNameGp=../../cp2016-max-common-connected-subgraph-paper/datasets/graphsdb/mcs50/m2D/m2Dr4/mcs50_m2Dr4_s60.A04 fileNameGt=../../cp2016-max-common-connected-subgraph-paper/datasets/graphsdb/mcs50/m2D/m2Dr4/mcs50_m2Dr4_s60.B04
Reading graphs...
60 :  127
60 :  123
Initializing...
maxdom : 7
D->valSize : 265
Solving...
Blb : 2 (clique : 20)
currentSize : 20 <-- 0.001857 s
currentSize : 21 <-- 0.004500 s
currentSize : 22 <-- 0.060153 s
currentSize : 23 <-- 0.069669 s
currentSize : 24 <-- 0.123503 s
currentSize : 25 <-- 0.328655 s
currentSize : 26 <-- 2.077880 s
currentSize : 27 <-- 22.081167 s
currentSize : 28 <-- 37.507328 s
currentSize : 29 <-- 48.862129 s

maxsize : 29
nodes : 16122219.000000
filtered : 131083924.000000
time : 74.204414
