Parameters: GAD=1 vflib=1 dir=0 label=0 vlabel=1 lowerbound=1 fileNameGp=../../cp2016-max-common-connected-subgraph-paper/datasets/graphsdb/mcs50/bvg/b03m/mcs50_b03m_s80.A06 fileNameGt=../../cp2016-max-common-connected-subgraph-paper/datasets/graphsdb/mcs50/bvg/b03m/mcs50_b03m_s80.B06
Reading graphs...
80 :  118
80 :  118
Initializing...
maxdom : 8
D->valSize : 406
Solving...
Blb : 2 (clique : 34)
currentSize : 34 <-- 0.004023 s
currentSize : 35 <-- 0.004846 s
currentSize : 36 <-- 0.090251 s
currentSize : 37 <-- 0.362025 s
currentSize : 38 <-- 4.238743 s
currentSize : 39 <-- 4.465951 s
currentSize : 40 <-- 27.357450 s
currentSize : 41 <-- 31.984196 s

TIMEOUT
maxsize : 41
nodes : 205853143.000000
filtered : 1292118334.000000
time : 1000.000061
