Parameters: GAD=1 vflib=1 dir=0 label=0 vlabel=1 lowerbound=1 fileNameGp=../../cp2016-max-common-connected-subgraph-paper/datasets/graphsdb/mcs50/rand/r005/mcs50_r005_s60.A01 fileNameGt=../../cp2016-max-common-connected-subgraph-paper/datasets/graphsdb/mcs50/rand/r005/mcs50_r005_s60.B01
Reading graphs...
60 :  170
60 :  172
Initializing...
maxdom : 7
D->valSize : 247
Solving...
Blb : 2 (clique : 19)
currentSize : 19 <-- 0.001751 s
currentSize : 20 <-- 0.007331 s
currentSize : 21 <-- 0.009618 s
currentSize : 22 <-- 0.102851 s
currentSize : 23 <-- 0.192400 s
currentSize : 24 <-- 0.290862 s
currentSize : 25 <-- 3.316043 s
currentSize : 26 <-- 3.494177 s
currentSize : 27 <-- 4.384583 s
currentSize : 28 <-- 4.384682 s
currentSize : 30 <-- 5.528328 s

maxsize : 30
nodes : 1713394.000000
filtered : 11631330.000000
time : 7.495190
