Parameters: GAD=1 vflib=1 dir=0 label=0 vlabel=1 lowerbound=1 fileNameGp=../../cp2016-max-common-connected-subgraph-paper/datasets/graphsdb/mcs50/m2D/m2D/mcs50_m2D_s80.A04 fileNameGt=../../cp2016-max-common-connected-subgraph-paper/datasets/graphsdb/mcs50/m2D/m2D/mcs50_m2D_s80.B04
Reading graphs...
80 :  141
80 :  142
Initializing...
maxdom : 7
D->valSize : 403
Solving...
Blb : 3 (clique : 32)
currentSize : 32 <-- 0.003852 s
currentSize : 33 <-- 0.006530 s
currentSize : 34 <-- 0.006572 s
currentSize : 35 <-- 0.019635 s
currentSize : 36 <-- 0.030031 s
currentSize : 37 <-- 0.092043 s
currentSize : 38 <-- 0.178891 s
currentSize : 39 <-- 53.006268 s
currentSize : 40 <-- 185.304337 s

TIMEOUT
maxsize : 40
nodes : 192300842.000000
filtered : 1425233899.000000
time : 1000.000061
