Parameters: GAD=1 vflib=1 dir=0 label=0 vlabel=1 lowerbound=1 fileNameGp=../../cp2016-max-common-connected-subgraph-paper/datasets/graphsdb/mcs50/bvg/b03m/mcs50_b03m_s60.A02 fileNameGt=../../cp2016-max-common-connected-subgraph-paper/datasets/graphsdb/mcs50/bvg/b03m/mcs50_b03m_s60.B02
Reading graphs...
60 :  90
60 :  90
Initializing...
maxdom : 9
D->valSize : 240
Solving...
Blb : 3 (clique : 26)
currentSize : 26 <-- 0.001794 s
currentSize : 27 <-- 0.293339 s
currentSize : 28 <-- 0.344795 s
currentSize : 29 <-- 3.494305 s
currentSize : 30 <-- 13.927291 s
currentSize : 31 <-- 21.609861 s
currentSize : 32 <-- 67.394897 s
currentSize : 33 <-- 73.451027 s
currentSize : 34 <-- 73.470001 s
currentSize : 35 <-- 74.005585 s

maxsize : 35
nodes : 24472697.000000
filtered : 98212121.000000
time : 87.806496
