Parameters: GAD=1 vflib=1 dir=0 label=0 vlabel=1 lowerbound=1 fileNameGp=../../cp2016-max-common-connected-subgraph-paper/datasets/graphsdb/mcs50/bvg/b06/mcs50_b06_s50.A06 fileNameGt=../../cp2016-max-common-connected-subgraph-paper/datasets/graphsdb/mcs50/bvg/b06/mcs50_b06_s50.B06
Reading graphs...
50 :  148
50 :  149
Initializing...
maxdom : 12
D->valSize : 347
Solving...
Blb : 2 (clique : 16)
currentSize : 16 <-- 0.002574 s
currentSize : 17 <-- 0.002686 s
currentSize : 18 <-- 0.009378 s
currentSize : 19 <-- 0.038574 s
currentSize : 20 <-- 0.202561 s
currentSize : 21 <-- 0.203044 s
currentSize : 22 <-- 2.775556 s
currentSize : 23 <-- 3.874314 s
currentSize : 24 <-- 11.083698 s
currentSize : 25 <-- 19.025543 s
currentSize : 26 <-- 19.026432 s

maxsize : 26
nodes : 5010552.000000
filtered : 57900060.000000
time : 22.101200
