Parameters: GAD=1 vflib=1 dir=0 label=0 vlabel=1 lowerbound=1 fileNameGp=../../cp2016-max-common-connected-subgraph-paper/datasets/graphsdb/mcs50/rand/r02/mcs50_r02_s60.A05 fileNameGt=../../cp2016-max-common-connected-subgraph-paper/datasets/graphsdb/mcs50/rand/r02/mcs50_r02_s60.B05
Reading graphs...
60 :  625
60 :  626
Initializing...
maxdom : 8
D->valSize : 253
Solving...
Blb : 2 (clique : 8)
currentSize : 8 <-- 0.002632 s
currentSize : 9 <-- 0.002790 s
currentSize : 10 <-- 0.006610 s
currentSize : 11 <-- 0.006690 s
currentSize : 12 <-- 0.007359 s
currentSize : 13 <-- 0.015277 s
currentSize : 14 <-- 0.029961 s
currentSize : 15 <-- 0.043946 s
currentSize : 16 <-- 0.048240 s
currentSize : 17 <-- 0.048821 s
currentSize : 20 <-- 0.048932 s
currentSize : 23 <-- 0.130570 s
currentSize : 30 <-- 0.131183 s

maxsize : 30
nodes : 28119.000000
filtered : 258557.000000
time : 0.150353
