Parameters: GAD=1 vflib=1 dir=0 label=0 vlabel=1 lowerbound=1 fileNameGp=../../cp2016-max-common-connected-subgraph-paper/datasets/graphsdb/mcs50/bvg/b09/mcs50_b09_s70.A03 fileNameGt=../../cp2016-max-common-connected-subgraph-paper/datasets/graphsdb/mcs50/bvg/b09/mcs50_b09_s70.B03
Reading graphs...
70 :  311
70 :  308
Initializing...
maxdom : 10
D->valSize : 360
Solving...
Blb : 3 (clique : 29)
currentSize : 29 <-- 0.004575 s
currentSize : 30 <-- 2.432025 s
currentSize : 31 <-- 2.438893 s
currentSize : 32 <-- 13.412838 s
currentSize : 33 <-- 13.441396 s
currentSize : 34 <-- 13.445609 s

maxsize : 34
nodes : 9369631.000000
filtered : 56412864.000000
time : 43.130848
