Parameters: GAD=1 vflib=1 dir=0 label=0 vlabel=1 lowerbound=1 fileNameGp=../../cp2016-max-common-connected-subgraph-paper/datasets/graphsdb/mcs50/m3D/m3Dr6/mcs50_m3Dr6_s60.A04 fileNameGt=../../cp2016-max-common-connected-subgraph-paper/datasets/graphsdb/mcs50/m3D/m3Dr6/mcs50_m3Dr6_s60.B04
Reading graphs...
60 :  170
60 :  170
Initializing...
maxdom : 9
D->valSize : 236
Solving...
Blb : 2 (clique : 18)
currentSize : 18 <-- 0.001560 s
currentSize : 19 <-- 0.006164 s
currentSize : 20 <-- 0.009854 s
currentSize : 21 <-- 0.020297 s
currentSize : 22 <-- 0.405874 s
currentSize : 23 <-- 2.617814 s
currentSize : 24 <-- 3.368388 s
currentSize : 25 <-- 5.759288 s
currentSize : 26 <-- 7.271881 s
currentSize : 27 <-- 7.367784 s
currentSize : 28 <-- 7.367915 s
currentSize : 29 <-- 7.373564 s

maxsize : 29
nodes : 2055265.000000
filtered : 11194333.000000
time : 8.343696
