Parameters: GAD=1 vflib=1 dir=0 label=0 vlabel=1 lowerbound=1 fileNameGp=../../cp2016-max-common-connected-subgraph-paper/datasets/graphsdb/mcs50/m2D/m2Dr4/mcs50_m2Dr4_s50.A02 fileNameGt=../../cp2016-max-common-connected-subgraph-paper/datasets/graphsdb/mcs50/m2D/m2Dr4/mcs50_m2Dr4_s50.B02
Reading graphs...
50 :  103
50 :  103
Initializing...
maxdom : 10
D->valSize : 324
Solving...
Blb : 2 (clique : 17)
currentSize : 17 <-- 0.002338 s
currentSize : 18 <-- 0.002456 s
currentSize : 19 <-- 0.002500 s
currentSize : 21 <-- 0.004419 s
currentSize : 22 <-- 0.004468 s
currentSize : 23 <-- 0.105844 s
currentSize : 24 <-- 33.114204 s
currentSize : 25 <-- 33.114452 s
currentSize : 26 <-- 41.182816 s
currentSize : 28 <-- 44.174046 s

maxsize : 28
nodes : 16140987.000000
filtered : 160139574.000000
time : 65.034294
