Parameters: GAD=1 vflib=1 dir=0 label=0 vlabel=1 lowerbound=1 fileNameGp=../../cp2016-max-common-connected-subgraph-paper/datasets/graphsdb/mcs50/m2D/m2Dr2/mcs50_m2Dr2_s60.A04 fileNameGt=../../cp2016-max-common-connected-subgraph-paper/datasets/graphsdb/mcs50/m2D/m2Dr2/mcs50_m2Dr2_s60.B04
Reading graphs...
60 :  116
60 :  114
Initializing...
maxdom : 8
D->valSize : 251
Solving...
Blb : 3 (clique : 22)
currentSize : 22 <-- 0.001831 s
currentSize : 23 <-- 0.001950 s
currentSize : 24 <-- 0.002489 s
currentSize : 25 <-- 0.007164 s
currentSize : 26 <-- 0.009470 s
currentSize : 27 <-- 0.406764 s
currentSize : 28 <-- 6.612226 s
currentSize : 29 <-- 19.849054 s
currentSize : 30 <-- 75.076363 s

maxsize : 30
nodes : 27463675.000000
filtered : 169364364.000000
time : 112.338112
