Parameters: GAD=1 vflib=1 dir=0 label=0 vlabel=1 lowerbound=1 fileNameGp=../../cp2016-max-common-connected-subgraph-paper/datasets/graphsdb/mcs50/bvg/b09/mcs50_b09_s60.A01 fileNameGt=../../cp2016-max-common-connected-subgraph-paper/datasets/graphsdb/mcs50/bvg/b09/mcs50_b09_s60.B01
Reading graphs...
60 :  266
60 :  267
Initializing...
maxdom : 7
D->valSize : 255
Solving...
Blb : 2 (clique : 20)
currentSize : 20 <-- 0.002793 s
currentSize : 21 <-- 0.007569 s
currentSize : 22 <-- 0.035612 s
currentSize : 24 <-- 2.456035 s
currentSize : 26 <-- 2.456278 s
currentSize : 28 <-- 2.469993 s
currentSize : 29 <-- 2.470246 s
currentSize : 31 <-- 2.472776 s

maxsize : 31
nodes : 937019.000000
filtered : 5386493.000000
time : 3.825706
