Parameters: GAD=1 vflib=1 dir=0 label=0 vlabel=1 lowerbound=1 fileNameGp=../../cp2016-max-common-connected-subgraph-paper/datasets/graphsdb/mcs50/m3D/m3D/mcs50_m3D_s60.A01 fileNameGt=../../cp2016-max-common-connected-subgraph-paper/datasets/graphsdb/mcs50/m3D/m3D/mcs50_m3D_s60.B01
Reading graphs...
60 :  134
60 :  133
Initializing...
maxdom : 7
D->valSize : 250
Solving...
Blb : 2 (clique : 20)
currentSize : 20 <-- 0.001706 s
currentSize : 21 <-- 0.003145 s
currentSize : 22 <-- 0.031103 s
currentSize : 23 <-- 1.466602 s
currentSize : 24 <-- 3.177814 s
currentSize : 25 <-- 3.957758 s
currentSize : 26 <-- 6.846034 s
currentSize : 27 <-- 10.990068 s
currentSize : 28 <-- 24.519487 s
currentSize : 29 <-- 24.522545 s

maxsize : 29
nodes : 13423989.000000
filtered : 92445921.000000
time : 57.406204
