Parameters: GAD=1 vflib=1 dir=0 label=0 vlabel=1 lowerbound=1 fileNameGp=../../cp2016-max-common-connected-subgraph-paper/datasets/graphsdb/mcs50/bvg/b09/mcs50_b09_s100.A07 fileNameGt=../../cp2016-max-common-connected-subgraph-paper/datasets/graphsdb/mcs50/bvg/b09/mcs50_b09_s100.B07
Reading graphs...
100 :  447
100 :  448
Initializing...
maxdom : 7
D->valSize : 343
Solving...
Blb : 3 (clique : 37)
currentSize : 37 <-- 0.005393 s
currentSize : 38 <-- 2.036385 s
currentSize : 39 <-- 2.038553 s
currentSize : 40 <-- 2.043511 s
currentSize : 41 <-- 62.236847 s
currentSize : 42 <-- 79.209320 s
currentSize : 43 <-- 79.209511 s
currentSize : 44 <-- 79.210915 s
currentSize : 45 <-- 79.211075 s
currentSize : 47 <-- 102.513077 s
currentSize : 48 <-- 102.514397 s
currentSize : 49 <-- 102.786369 s
currentSize : 50 <-- 237.469894 s

maxsize : 50
nodes : 193032301.000000
filtered : 653419370.000000
time : 927.628723
