Parameters: GAD=1 vflib=1 dir=0 label=0 vlabel=1 lowerbound=1 fileNameGp=../../cp2016-max-common-connected-subgraph-paper/datasets/graphsdb/mcs50/bvg/b09m/mcs50_b09m_s70.A03 fileNameGt=../../cp2016-max-common-connected-subgraph-paper/datasets/graphsdb/mcs50/bvg/b09m/mcs50_b09m_s70.B03
Reading graphs...
70 :  304
70 :  305
Initializing...
maxdom : 10
D->valSize : 351
Solving...
Blb : 5 (clique : 18)
currentSize : 18 <-- 0.004459 s
currentSize : 19 <-- 0.006497 s
currentSize : 20 <-- 0.008826 s
currentSize : 21 <-- 0.049990 s
currentSize : 22 <-- 1.050149 s
currentSize : 23 <-- 6.646062 s
currentSize : 24 <-- 9.976207 s
currentSize : 25 <-- 12.435163 s
currentSize : 26 <-- 12.658471 s
currentSize : 27 <-- 12.686998 s
currentSize : 28 <-- 12.848593 s
currentSize : 30 <-- 12.852038 s
currentSize : 31 <-- 12.854089 s
currentSize : 33 <-- 12.894109 s
currentSize : 34 <-- 13.570037 s

maxsize : 34
nodes : 5308686.000000
filtered : 35093888.000000
time : 24.154776
