Parameters: GAD=1 vflib=1 dir=0 label=0 vlabel=1 lowerbound=1 fileNameGp=../../cp2016-max-common-connected-subgraph-paper/datasets/graphsdb/mcs50/m2D/m2D/mcs50_m2D_s70.A00 fileNameGt=../../cp2016-max-common-connected-subgraph-paper/datasets/graphsdb/mcs50/m2D/m2D/mcs50_m2D_s70.B00
Reading graphs...
70 :  123
70 :  123
Initializing...
maxdom : 9
D->valSize : 318
Solving...
Blb : 2 (clique : 26)
currentSize : 26 <-- 0.002632 s
currentSize : 27 <-- 0.002882 s
currentSize : 28 <-- 0.003570 s
currentSize : 29 <-- 0.003637 s
currentSize : 30 <-- 0.004733 s
currentSize : 31 <-- 0.007355 s
currentSize : 32 <-- 4.694559 s
currentSize : 33 <-- 4.696529 s
currentSize : 34 <-- 13.448324 s
currentSize : 35 <-- 67.998283 s
currentSize : 36 <-- 111.528824 s
currentSize : 37 <-- 116.693329 s
currentSize : 38 <-- 118.926971 s
currentSize : 39 <-- 118.934219 s
currentSize : 40 <-- 118.944763 s

maxsize : 40
nodes : 27970195.000000
filtered : 175876812.000000
time : 131.733810
