Parameters: GAD=1 vflib=1 dir=0 label=0 vlabel=1 lowerbound=1 fileNameGp=../../cp2016-max-common-connected-subgraph-paper/datasets/graphsdb/mcs50/bvg/b09/mcs50_b09_s70.A09 fileNameGt=../../cp2016-max-common-connected-subgraph-paper/datasets/graphsdb/mcs50/bvg/b09/mcs50_b09_s70.B09
Reading graphs...
70 :  309
70 :  309
Initializing...
maxdom : 9
D->valSize : 333
Solving...
Blb : 2 (clique : 19)
currentSize : 19 <-- 0.004295 s
currentSize : 20 <-- 0.004521 s
currentSize : 22 <-- 0.004601 s
currentSize : 24 <-- 0.004900 s
currentSize : 26 <-- 0.006474 s
currentSize : 27 <-- 0.008693 s
currentSize : 30 <-- 0.014785 s
currentSize : 31 <-- 0.016651 s
currentSize : 32 <-- 0.018934 s
currentSize : 33 <-- 2.953925 s
currentSize : 34 <-- 2.954401 s

maxsize : 34
nodes : 1580888.000000
filtered : 10389405.000000
time : 7.645351
