Parameters: GAD=1 vflib=1 dir=0 label=0 vlabel=1 lowerbound=1 fileNameGp=../../cp2016-max-common-connected-subgraph-paper/datasets/graphsdb/mcs50/m2D/m2Dr2/mcs50_m2Dr2_s60.A07 fileNameGt=../../cp2016-max-common-connected-subgraph-paper/datasets/graphsdb/mcs50/m2D/m2Dr2/mcs50_m2Dr2_s60.B07
Reading graphs...
60 :  114
60 :  114
Initializing...
maxdom : 8
D->valSize : 293
Solving...
Blb : 2 (clique : 22)
currentSize : 22 <-- 0.002165 s
currentSize : 23 <-- 0.002604 s
currentSize : 24 <-- 0.260718 s
currentSize : 25 <-- 1.161685 s
currentSize : 26 <-- 3.349171 s
currentSize : 27 <-- 45.117695 s
currentSize : 28 <-- 45.122868 s
currentSize : 29 <-- 45.127045 s

maxsize : 29
nodes : 112208864.000000
filtered : 773005369.000000
time : 474.221283
