Parameters: GAD=1 vflib=1 dir=0 label=0 vlabel=1 lowerbound=1 fileNameGp=../../cp2016-max-common-connected-subgraph-paper/datasets/graphsdb/mcs50/bvg/b09/mcs50_b09_s100.A03 fileNameGt=../../cp2016-max-common-connected-subgraph-paper/datasets/graphsdb/mcs50/bvg/b09/mcs50_b09_s100.B03
Reading graphs...
100 :  449
100 :  448
Initializing...
maxdom : 7
D->valSize : 346
Solving...
Blb : 2 (clique : 32)
currentSize : 32 <-- 0.003357 s
currentSize : 33 <-- 0.091433 s
currentSize : 35 <-- 0.312543 s
currentSize : 37 <-- 0.312796 s
currentSize : 39 <-- 0.317987 s
currentSize : 40 <-- 0.318532 s
currentSize : 41 <-- 0.329699 s
currentSize : 42 <-- 0.337602 s
currentSize : 43 <-- 0.338510 s
currentSize : 44 <-- 0.338839 s
currentSize : 46 <-- 25.847729 s
currentSize : 48 <-- 25.848564 s
currentSize : 50 <-- 25.854986 s

maxsize : 50
nodes : 12252806.000000
filtered : 73453770.000000
time : 69.696098
