Parameters: GAD=1 vflib=1 dir=0 label=0 vlabel=1 lowerbound=1 fileNameGp=../../cp2016-max-common-connected-subgraph-paper/datasets/graphsdb/mcs50/rand/r01/mcs50_r01_s60.A03 fileNameGt=../../cp2016-max-common-connected-subgraph-paper/datasets/graphsdb/mcs50/rand/r01/mcs50_r01_s60.B03
Reading graphs...
60 :  342
60 :  333
Initializing...
maxdom : 7
D->valSize : 245
Solving...
Blb : 2 (clique : 13)
currentSize : 13 <-- 0.002586 s
currentSize : 14 <-- 0.002748 s
currentSize : 15 <-- 0.003449 s
currentSize : 16 <-- 0.005474 s
currentSize : 17 <-- 0.013829 s
currentSize : 18 <-- 0.108512 s
currentSize : 19 <-- 0.108639 s
currentSize : 20 <-- 0.108797 s
currentSize : 21 <-- 0.109303 s
currentSize : 22 <-- 0.110434 s
currentSize : 23 <-- 0.110789 s
currentSize : 24 <-- 0.215698 s
currentSize : 25 <-- 0.301923 s
currentSize : 26 <-- 0.320826 s
currentSize : 27 <-- 0.445874 s
currentSize : 30 <-- 0.498124 s

maxsize : 30
nodes : 110896.000000
filtered : 933547.000000
time : 0.563331
