Parameters: GAD=1 vflib=1 dir=0 label=0 vlabel=1 lowerbound=1 fileNameGp=../../cp2016-max-common-connected-subgraph-paper/datasets/graphsdb/mcs50/bvg/b06/mcs50_b06_s60.A00 fileNameGt=../../cp2016-max-common-connected-subgraph-paper/datasets/graphsdb/mcs50/bvg/b06/mcs50_b06_s60.B00
Reading graphs...
60 :  178
60 :  179
Initializing...
maxdom : 7
D->valSize : 225
Solving...
Blb : 3 (clique : 21)
currentSize : 21 <-- 0.002388 s
currentSize : 23 <-- 0.002683 s
currentSize : 24 <-- 0.011728 s
currentSize : 25 <-- 0.136429 s
currentSize : 26 <-- 1.076993 s
currentSize : 27 <-- 1.077049 s
currentSize : 28 <-- 1.078532 s
currentSize : 29 <-- 1.091165 s
currentSize : 30 <-- 10.770389 s
currentSize : 31 <-- 10.770834 s

maxsize : 31
nodes : 3582585.000000
filtered : 21801938.000000
time : 14.988443
