Parameters: GAD=1 vflib=1 dir=0 label=0 vlabel=1 lowerbound=1 fileNameGp=../../cp2016-max-common-connected-subgraph-paper/datasets/graphsdb/mcs50/bvg/b09m/mcs50_b09m_s40.A05 fileNameGt=../../cp2016-max-common-connected-subgraph-paper/datasets/graphsdb/mcs50/bvg/b09m/mcs50_b09m_s40.B05
Reading graphs...
40 :  173
40 :  172
Initializing...
maxdom : 8
D->valSize : 218
Solving...
Blb : 2 (clique : 10)
currentSize : 10 <-- 0.001255 s
currentSize : 11 <-- 0.001459 s
currentSize : 13 <-- 0.001853 s
currentSize : 14 <-- 0.002011 s
currentSize : 15 <-- 0.003128 s
currentSize : 16 <-- 0.006214 s
currentSize : 17 <-- 0.011925 s
currentSize : 18 <-- 0.016402 s
currentSize : 19 <-- 0.016447 s
currentSize : 20 <-- 0.018688 s

maxsize : 20
nodes : 13394.000000
filtered : 104789.000000
time : 0.051165
