Parameters: GAD=1 vflib=1 dir=0 label=0 vlabel=1 lowerbound=1 fileNameGp=../../cp2016-max-common-connected-subgraph-paper/datasets/graphsdb/mcs50/bvg/b09/mcs50_b09_s50.A05 fileNameGt=../../cp2016-max-common-connected-subgraph-paper/datasets/graphsdb/mcs50/bvg/b09/mcs50_b09_s50.B05
Reading graphs...
50 :  219
50 :  222
Initializing...
maxdom : 10
D->valSize : 321
Solving...
Blb : 2 (clique : 12)
currentSize : 12 <-- 0.002171 s
currentSize : 13 <-- 0.002453 s
currentSize : 14 <-- 0.012980 s
currentSize : 15 <-- 0.019307 s
currentSize : 16 <-- 0.268866 s
currentSize : 17 <-- 0.408935 s
currentSize : 18 <-- 0.409388 s
currentSize : 19 <-- 1.370337 s
currentSize : 23 <-- 1.448647 s
currentSize : 25 <-- 1.454127 s
currentSize : 26 <-- 1.456917 s
currentSize : 27 <-- 1.464265 s

maxsize : 27
nodes : 364942.000000
filtered : 4009106.000000
time : 1.553676
