Parameters: GAD=1 vflib=1 dir=0 label=0 vlabel=1 lowerbound=1 fileNameGp=../../cp2016-max-common-connected-subgraph-paper/datasets/graphsdb/mcs50/m2D/m2Dr6/mcs50_m2Dr6_s90.A05 fileNameGt=../../cp2016-max-common-connected-subgraph-paper/datasets/graphsdb/mcs50/m2D/m2Dr6/mcs50_m2Dr6_s90.B05
Reading graphs...
90 :  212
90 :  212
Initializing...
maxdom : 9
D->valSize : 521
Solving...
Blb : 2 (clique : 39)
currentSize : 39 <-- 0.009894 s
currentSize : 40 <-- 81.038567 s
currentSize : 41 <-- 196.167999 s
currentSize : 42 <-- 196.172012 s
currentSize : 43 <-- 196.701340 s
currentSize : 44 <-- 546.364258 s

TIMEOUT
maxsize : 44
nodes : 167152433.000000
filtered : 1530821882.000000
time : 1000.000061
