Parameters: GAD=1 vflib=1 dir=0 label=0 vlabel=1 lowerbound=1 fileNameGp=../../cp2016-max-common-connected-subgraph-paper/datasets/graphsdb/mcs50/bvg/b06/mcs50_b06_s80.A04 fileNameGt=../../cp2016-max-common-connected-subgraph-paper/datasets/graphsdb/mcs50/bvg/b06/mcs50_b06_s80.B04
Reading graphs...
80 :  240
80 :  238
Initializing...
maxdom : 9
D->valSize : 422
Solving...
Blb : 5 (clique : 22)
currentSize : 22 <-- 0.003904 s
currentSize : 23 <-- 0.004176 s
currentSize : 24 <-- 0.010445 s
currentSize : 25 <-- 0.046586 s
currentSize : 26 <-- 0.505517 s
currentSize : 27 <-- 3.710711 s
currentSize : 28 <-- 5.514107 s
currentSize : 29 <-- 8.172330 s
currentSize : 30 <-- 24.113922 s
currentSize : 31 <-- 64.218315 s
currentSize : 32 <-- 254.599930 s
currentSize : 33 <-- 254.606506 s
currentSize : 34 <-- 321.136414 s
currentSize : 35 <-- 429.216095 s
currentSize : 36 <-- 429.216309 s
currentSize : 37 <-- 613.670349 s
currentSize : 38 <-- 696.637634 s
currentSize : 39 <-- 865.506409 s
currentSize : 40 <-- 865.506836 s
currentSize : 41 <-- 865.509094 s
currentSize : 42 <-- 866.332275 s

TIMEOUT
maxsize : 42
nodes : 183248065.000000
filtered : 1596593199.000000
time : 1000.000061
