Parameters: GAD=1 vflib=1 dir=0 label=0 vlabel=1 lowerbound=1 fileNameGp=../../cp2016-max-common-connected-subgraph-paper/datasets/graphsdb/mcs50/bvg/b09/mcs50_b09_s60.A06 fileNameGt=../../cp2016-max-common-connected-subgraph-paper/datasets/graphsdb/mcs50/bvg/b09/mcs50_b09_s60.B06
Reading graphs...
60 :  268
60 :  267
Initializing...
maxdom : 8
D->valSize : 260
Solving...
Blb : 2 (clique : 15)
currentSize : 15 <-- 0.001834 s
currentSize : 16 <-- 0.004479 s
currentSize : 17 <-- 0.029620 s
currentSize : 18 <-- 0.040175 s
currentSize : 19 <-- 0.257728 s
currentSize : 25 <-- 1.343227 s
currentSize : 26 <-- 1.343309 s
currentSize : 27 <-- 1.343585 s
currentSize : 29 <-- 1.343810 s
currentSize : 30 <-- 1.343842 s

maxsize : 30
nodes : 494140.000000
filtered : 2826604.000000
time : 2.135690
