Parameters: GAD=1 vflib=1 dir=0 label=0 vlabel=1 lowerbound=1 fileNameGp=../../cp2016-max-common-connected-subgraph-paper/datasets/graphsdb/mcs50/bvg/b09m/mcs50_b09m_s80.A06 fileNameGt=../../cp2016-max-common-connected-subgraph-paper/datasets/graphsdb/mcs50/bvg/b09m/mcs50_b09m_s80.B06
Reading graphs...
80 :  351
80 :  354
Initializing...
maxdom : 8
D->valSize : 434
Solving...
Blb : 2 (clique : 22)
currentSize : 22 <-- 0.006741 s
currentSize : 24 <-- 0.008610 s
currentSize : 25 <-- 0.009623 s
currentSize : 26 <-- 0.758020 s
currentSize : 27 <-- 0.810683 s
currentSize : 28 <-- 4.956391 s
currentSize : 29 <-- 4.956483 s
currentSize : 30 <-- 4.956607 s
currentSize : 31 <-- 4.956980 s
currentSize : 32 <-- 4.960038 s
currentSize : 33 <-- 4.962123 s
currentSize : 34 <-- 4.962539 s
currentSize : 35 <-- 4.968535 s
currentSize : 36 <-- 4.973053 s
currentSize : 37 <-- 4.973690 s
currentSize : 38 <-- 4.974085 s
currentSize : 39 <-- 4.974217 s
currentSize : 40 <-- 12.325159 s
currentSize : 41 <-- 12.325261 s
currentSize : 42 <-- 12.327533 s

maxsize : 42
nodes : 19304494.000000
filtered : 119306383.000000
time : 98.353745
