Parameters: GAD=1 vflib=1 dir=0 label=0 vlabel=1 lowerbound=1 fileNameGp=../../cp2016-max-common-connected-subgraph-paper/datasets/graphsdb/mcs50/m2D/m2Dr4/mcs50_m2Dr4_s50.A04 fileNameGt=../../cp2016-max-common-connected-subgraph-paper/datasets/graphsdb/mcs50/m2D/m2Dr4/mcs50_m2Dr4_s50.B04
Reading graphs...
50 :  103
50 :  103
Initializing...
maxdom : 10
D->valSize : 339
Solving...
Blb : 5 (clique : 19)
currentSize : 19 <-- 0.002498 s
currentSize : 20 <-- 0.004221 s
currentSize : 21 <-- 0.029953 s
currentSize : 22 <-- 0.266702 s
currentSize : 23 <-- 0.283424 s
currentSize : 24 <-- 0.607401 s
currentSize : 25 <-- 2.462053 s
currentSize : 26 <-- 2.462314 s
currentSize : 27 <-- 12.574015 s
currentSize : 28 <-- 12.574365 s

maxsize : 28
nodes : 3573581.000000
filtered : 42910976.000000
time : 15.993106
