Parameters: GAD=1 vflib=1 dir=0 label=0 vlabel=1 lowerbound=1 fileNameGp=../../cp2016-max-common-connected-subgraph-paper/datasets/graphsdb/mcs50/bvg/b09/mcs50_b09_s50.A03 fileNameGt=../../cp2016-max-common-connected-subgraph-paper/datasets/graphsdb/mcs50/bvg/b09/mcs50_b09_s50.B03
Reading graphs...
50 :  220
50 :  223
Initializing...
maxdom : 9
D->valSize : 330
Solving...
Blb : 2 (clique : 13)
currentSize : 13 <-- 0.002304 s
currentSize : 14 <-- 0.002496 s
currentSize : 15 <-- 0.009876 s
currentSize : 16 <-- 0.013646 s
currentSize : 17 <-- 0.081562 s
currentSize : 18 <-- 0.573938 s
currentSize : 24 <-- 0.580040 s
currentSize : 25 <-- 1.100370 s

maxsize : 25
nodes : 454608.000000
filtered : 4244893.000000
time : 1.910339
