Parameters: GAD=1 vflib=1 dir=0 label=0 vlabel=1 lowerbound=1 fileNameGp=../../cp2016-max-common-connected-subgraph-paper/datasets/graphsdb/mcs50/bvg/b06m/mcs50_b06m_s60.A05 fileNameGt=../../cp2016-max-common-connected-subgraph-paper/datasets/graphsdb/mcs50/bvg/b06m/mcs50_b06m_s60.B05
Reading graphs...
60 :  179
60 :  179
Initializing...
maxdom : 8
D->valSize : 256
Solving...
Blb : 3 (clique : 22)
currentSize : 22 <-- 0.001877 s
currentSize : 23 <-- 0.010008 s
currentSize : 24 <-- 0.047343 s
currentSize : 25 <-- 0.085322 s
currentSize : 27 <-- 0.100318 s
currentSize : 29 <-- 2.803827 s
currentSize : 30 <-- 3.204492 s
currentSize : 31 <-- 5.194676 s
currentSize : 32 <-- 5.207141 s
currentSize : 33 <-- 5.267909 s

maxsize : 33
nodes : 3371251.000000
filtered : 14901265.000000
time : 13.567370
