Parameters: GAD=1 vflib=1 dir=0 label=0 vlabel=1 lowerbound=1 fileNameGp=../../cp2016-max-common-connected-subgraph-paper/datasets/graphsdb/mcs50/m2D/m2D/mcs50_m2D_s80.A05 fileNameGt=../../cp2016-max-common-connected-subgraph-paper/datasets/graphsdb/mcs50/m2D/m2D/mcs50_m2D_s80.B05
Reading graphs...
80 :  142
80 :  142
Initializing...
maxdom : 8
D->valSize : 421
Solving...
Blb : 2 (clique : 35)
currentSize : 35 <-- 0.004083 s
currentSize : 36 <-- 0.004454 s
currentSize : 37 <-- 0.050470 s
currentSize : 38 <-- 0.053439 s
currentSize : 39 <-- 0.274910 s
currentSize : 40 <-- 34.562965 s
currentSize : 41 <-- 122.899612 s

TIMEOUT
maxsize : 41
nodes : 209956761.000000
filtered : 1145103239.000000
time : 1000.000061
