Parameters: GAD=1 vflib=1 dir=0 label=0 vlabel=1 lowerbound=1 fileNameGp=../../cp2016-max-common-connected-subgraph-paper/datasets/graphsdb/mcs50/m2D/m2Dr2/mcs50_m2Dr2_s100.A09 fileNameGt=../../cp2016-max-common-connected-subgraph-paper/datasets/graphsdb/mcs50/m2D/m2Dr2/mcs50_m2Dr2_s100.B09
Reading graphs...
100 :  198
100 :  197
Initializing...
maxdom : 7
D->valSize : 340
Solving...
Blb : 2 (clique : 38)
currentSize : 38 <-- 0.003597 s
currentSize : 39 <-- 1.606188 s
currentSize : 40 <-- 1.661108 s
currentSize : 41 <-- 2.990103 s
currentSize : 42 <-- 3.728709 s
currentSize : 43 <-- 3.728797 s
currentSize : 44 <-- 3.834577 s
currentSize : 45 <-- 3.834658 s
currentSize : 46 <-- 32.805740 s
currentSize : 47 <-- 121.845314 s
currentSize : 48 <-- 121.845406 s
currentSize : 50 <-- 194.883789 s
currentSize : 52 <-- 779.647278 s

TIMEOUT
maxsize : 52
nodes : 196972910.000000
filtered : 760524380.000000
time : 1000.000061
