Parameters: GAD=1 vflib=1 dir=0 label=0 vlabel=1 lowerbound=1 fileNameGp=../../cp2016-max-common-connected-subgraph-paper/datasets/graphsdb/mcs50/m2D/m2D/mcs50_m2D_s70.A08 fileNameGt=../../cp2016-max-common-connected-subgraph-paper/datasets/graphsdb/mcs50/m2D/m2D/mcs50_m2D_s70.B08
Reading graphs...
70 :  123
70 :  122
Initializing...
maxdom : 8
D->valSize : 359
Solving...
Blb : 2 (clique : 30)
currentSize : 30 <-- 0.005261 s
currentSize : 33 <-- 0.006275 s
currentSize : 35 <-- 0.006362 s
currentSize : 36 <-- 0.018891 s
currentSize : 37 <-- 0.075236 s
currentSize : 38 <-- 0.081465 s
currentSize : 39 <-- 11.573593 s

maxsize : 39
nodes : 115089776.000000
filtered : 823607771.000000
time : 586.570984
