Parameters: GAD=1 vflib=1 dir=0 label=0 vlabel=1 lowerbound=1 fileNameGp=../../cp2016-max-common-connected-subgraph-paper/datasets/graphsdb/mcs50/bvg/b09/mcs50_b09_s50.A04 fileNameGt=../../cp2016-max-common-connected-subgraph-paper/datasets/graphsdb/mcs50/bvg/b09/mcs50_b09_s50.B04
Reading graphs...
50 :  222
50 :  220
Initializing...
maxdom : 9
D->valSize : 345
Solving...
Blb : 2 (clique : 13)
currentSize : 13 <-- 0.002442 s
currentSize : 14 <-- 0.002564 s
currentSize : 15 <-- 0.004251 s
currentSize : 16 <-- 0.005023 s
currentSize : 17 <-- 0.028826 s
currentSize : 18 <-- 0.775337 s
currentSize : 19 <-- 4.925670 s
currentSize : 20 <-- 4.925805 s
currentSize : 21 <-- 4.925829 s
currentSize : 22 <-- 4.997453 s
currentSize : 23 <-- 4.997504 s
currentSize : 24 <-- 4.997532 s

maxsize : 24
nodes : 1618087.000000
filtered : 16474932.000000
time : 6.867202
