Parameters: GAD=1 vflib=1 dir=0 label=0 vlabel=1 lowerbound=1 fileNameGp=../../cp2016-max-common-connected-subgraph-paper/datasets/graphsdb/mcs50/bvg/b03/mcs50_b03_s70.A01 fileNameGt=../../cp2016-max-common-connected-subgraph-paper/datasets/graphsdb/mcs50/bvg/b03/mcs50_b03_s70.B01
Reading graphs...
70 :  105
70 :  105
Initializing...
maxdom : 9
D->valSize : 305
Solving...
Blb : 2 (clique : 28)
currentSize : 28 <-- 0.002556 s
currentSize : 30 <-- 0.058503 s
currentSize : 31 <-- 0.313159 s
currentSize : 32 <-- 1.961760 s
currentSize : 33 <-- 2.581236 s
currentSize : 34 <-- 8.614000 s
currentSize : 35 <-- 13.155075 s
currentSize : 36 <-- 26.176756 s
currentSize : 37 <-- 31.082701 s
currentSize : 38 <-- 92.197662 s

maxsize : 38
nodes : 38946309.000000
filtered : 234109394.000000
time : 192.397202
