Parameters: GAD=1 vflib=1 dir=0 label=0 vlabel=1 lowerbound=1 fileNameGp=../../cp2016-max-common-connected-subgraph-paper/datasets/graphsdb/mcs50/m2D/m2Dr2/mcs50_m2Dr2_s70.A04 fileNameGt=../../cp2016-max-common-connected-subgraph-paper/datasets/graphsdb/mcs50/m2D/m2Dr2/mcs50_m2Dr2_s70.B04
Reading graphs...
70 :  137
70 :  137
Initializing...
maxdom : 7
D->valSize : 324
Solving...
Blb : 2 (clique : 31)
currentSize : 31 <-- 0.002705 s
currentSize : 32 <-- 0.002902 s
currentSize : 33 <-- 0.003414 s
currentSize : 34 <-- 0.003528 s
currentSize : 35 <-- 0.014845 s
currentSize : 36 <-- 0.025070 s
currentSize : 37 <-- 0.043429 s
currentSize : 38 <-- 0.164154 s
currentSize : 39 <-- 0.497940 s

maxsize : 39
nodes : 102961439.000000
filtered : 520214959.000000
time : 458.275513
