Parameters: GAD=1 vflib=1 dir=0 label=0 vlabel=1 lowerbound=1 fileNameGp=../../cp2016-max-common-connected-subgraph-paper/datasets/graphsdb/mcs50/bvg/b03/mcs50_b03_s60.A04 fileNameGt=../../cp2016-max-common-connected-subgraph-paper/datasets/graphsdb/mcs50/bvg/b03/mcs50_b03_s60.B04
Reading graphs...
60 :  90
60 :  89
Initializing...
maxdom : 6
D->valSize : 242
Solving...
Blb : 2 (clique : 25)
currentSize : 25 <-- 0.001803 s
currentSize : 26 <-- 0.036174 s
currentSize : 27 <-- 0.073144 s
currentSize : 28 <-- 0.078427 s
currentSize : 29 <-- 0.119115 s
currentSize : 30 <-- 260.813324 s
currentSize : 31 <-- 432.530975 s
currentSize : 32 <-- 432.942505 s
currentSize : 33 <-- 433.253418 s
currentSize : 34 <-- 433.258362 s

maxsize : 34
nodes : 127307917.000000
filtered : 682076347.000000
time : 506.518890
