Parameters: GAD=1 vflib=1 dir=0 label=0 vlabel=1 lowerbound=1 fileNameGp=../../cp2016-max-common-connected-subgraph-paper/datasets/graphsdb/mcs50/bvg/b06/mcs50_b06_s90.A08 fileNameGt=../../cp2016-max-common-connected-subgraph-paper/datasets/graphsdb/mcs50/bvg/b06/mcs50_b06_s90.B08
Reading graphs...
90 :  268
90 :  269
Initializing...
maxdom : 10
D->valSize : 568
Solving...
Blb : 5 (clique : 27)
currentSize : 27 <-- 0.006721 s
currentSize : 28 <-- 0.010302 s
currentSize : 29 <-- 0.017440 s
currentSize : 30 <-- 0.072490 s
currentSize : 31 <-- 17.312843 s
currentSize : 32 <-- 101.450233 s
currentSize : 33 <-- 123.992538 s
currentSize : 34 <-- 187.085968 s
currentSize : 35 <-- 290.566833 s

TIMEOUT
maxsize : 35
nodes : 182108734.000000
filtered : 1463114325.000000
time : 1000.000061
