Parameters: GAD=1 vflib=1 dir=0 label=0 vlabel=1 lowerbound=1 fileNameGp=../../cp2016-max-common-connected-subgraph-paper/datasets/graphsdb/mcs50/bvg/b03/mcs50_b03_s50.A05 fileNameGt=../../cp2016-max-common-connected-subgraph-paper/datasets/graphsdb/mcs50/bvg/b03/mcs50_b03_s50.B05
Reading graphs...
50 :  75
50 :  75
Initializing...
maxdom : 9
D->valSize : 313
Solving...
Blb : 2 (clique : 22)
currentSize : 22 <-- 0.002211 s
currentSize : 24 <-- 0.002342 s
currentSize : 25 <-- 0.039978 s
currentSize : 26 <-- 5.784007 s
currentSize : 27 <-- 12.638093 s
currentSize : 28 <-- 98.320107 s

maxsize : 28
nodes : 37718605.000000
filtered : 411453027.000000
time : 167.170731
