Parameters: GAD=1 vflib=1 dir=0 label=0 vlabel=1 lowerbound=1 fileNameGp=../../cp2016-max-common-connected-subgraph-paper/datasets/graphsdb/mcs50/m3D/m3Dr4/mcs50_m3Dr4_s60.A02 fileNameGt=../../cp2016-max-common-connected-subgraph-paper/datasets/graphsdb/mcs50/m3D/m3Dr4/mcs50_m3Dr4_s60.B02
Reading graphs...
60 :  157
60 :  158
Initializing...
maxdom : 7
D->valSize : 232
Solving...
Blb : 2 (clique : 21)
currentSize : 21 <-- 0.001642 s
currentSize : 22 <-- 0.001894 s
currentSize : 23 <-- 0.002187 s
currentSize : 24 <-- 0.006407 s
currentSize : 25 <-- 0.012689 s
currentSize : 26 <-- 0.012908 s
currentSize : 27 <-- 0.037143 s

maxsize : 27
nodes : 1545103.000000
filtered : 7451642.000000
time : 6.239296
