Parameters: GAD=1 vflib=1 dir=0 label=0 vlabel=1 lowerbound=1 fileNameGp=../../cp2016-max-common-connected-subgraph-paper/datasets/graphsdb/mcs50/m2D/m2Dr2/mcs50_m2Dr2_s60.A03 fileNameGt=../../cp2016-max-common-connected-subgraph-paper/datasets/graphsdb/mcs50/m2D/m2Dr2/mcs50_m2Dr2_s60.B03
Reading graphs...
60 :  116
60 :  116
Initializing...
maxdom : 9
D->valSize : 256
Solving...
Blb : 2 (clique : 20)
currentSize : 20 <-- 0.003037 s
currentSize : 24 <-- 0.003229 s
currentSize : 25 <-- 0.003533 s
currentSize : 26 <-- 0.003606 s
currentSize : 27 <-- 0.005383 s
currentSize : 28 <-- 0.006508 s
currentSize : 29 <-- 0.006570 s
currentSize : 30 <-- 0.049875 s
currentSize : 31 <-- 57.481808 s

maxsize : 31
nodes : 22511965.000000
filtered : 142685145.000000
time : 93.174065
