Parameters: GAD=1 vflib=1 dir=0 label=0 vlabel=1 lowerbound=1 fileNameGp=../../cp2016-max-common-connected-subgraph-paper/datasets/graphsdb/mcs50/bvg/b09m/mcs50_b09m_s80.A03 fileNameGt=../../cp2016-max-common-connected-subgraph-paper/datasets/graphsdb/mcs50/bvg/b09m/mcs50_b09m_s80.B03
Reading graphs...
80 :  349
80 :  353
Initializing...
maxdom : 10
D->valSize : 461
Solving...
Blb : 2 (clique : 21)
currentSize : 21 <-- 0.007197 s
currentSize : 22 <-- 0.008182 s
currentSize : 23 <-- 0.013183 s
currentSize : 24 <-- 0.014478 s
currentSize : 25 <-- 0.038771 s
currentSize : 26 <-- 0.083687 s
currentSize : 27 <-- 0.144450 s
currentSize : 28 <-- 0.277371 s
currentSize : 31 <-- 0.280731 s
currentSize : 33 <-- 66.805305 s
currentSize : 34 <-- 78.371338 s
currentSize : 35 <-- 80.091614 s
currentSize : 36 <-- 80.096184 s
currentSize : 38 <-- 112.460876 s
currentSize : 39 <-- 112.464523 s
currentSize : 40 <-- 193.936417 s

maxsize : 40
nodes : 61026338.000000
filtered : 449112976.000000
time : 330.085327
