Parameters: GAD=1 vflib=1 dir=0 label=0 vlabel=1 lowerbound=1 fileNameGp=../../cp2016-max-common-connected-subgraph-paper/datasets/graphsdb/mcs50/bvg/b06/mcs50_b06_s40.A07 fileNameGt=../../cp2016-max-common-connected-subgraph-paper/datasets/graphsdb/mcs50/bvg/b06/mcs50_b06_s40.B07
Reading graphs...
40 :  120
40 :  120
Initializing...
maxdom : 9
D->valSize : 213
Solving...
Blb : 2 (clique : 14)
currentSize : 14 <-- 0.001311 s
currentSize : 15 <-- 0.036665 s
currentSize : 16 <-- 0.040549 s
currentSize : 17 <-- 0.072840 s
currentSize : 18 <-- 0.109384 s
currentSize : 20 <-- 0.181282 s
currentSize : 21 <-- 0.181298 s
currentSize : 22 <-- 0.212167 s

maxsize : 22
nodes : 99401.000000
filtered : 713537.000000
time : 0.359499
