Parameters: GAD=1 vflib=1 dir=0 label=0 vlabel=1 lowerbound=1 fileNameGp=../../cp2016-max-common-connected-subgraph-paper/datasets/graphsdb/mcs50/m3D/m3Dr4/mcs50_m3Dr4_s50.A02 fileNameGt=../../cp2016-max-common-connected-subgraph-paper/datasets/graphsdb/mcs50/m3D/m3Dr4/mcs50_m3Dr4_s50.B02
Reading graphs...
50 :  126
50 :  127
Initializing...
maxdom : 10
D->valSize : 332
Solving...
Blb : 2 (clique : 19)
currentSize : 19 <-- 0.002350 s
currentSize : 20 <-- 0.002479 s
currentSize : 21 <-- 0.010232 s
currentSize : 22 <-- 0.021805 s
currentSize : 23 <-- 0.214962 s
currentSize : 24 <-- 0.529357 s
currentSize : 25 <-- 1.595242 s
currentSize : 26 <-- 1.600197 s
currentSize : 27 <-- 4.482415 s
currentSize : 28 <-- 4.507141 s

maxsize : 28
nodes : 2081323.000000
filtered : 21111806.000000
time : 9.036510
