Parameters: GAD=1 vflib=1 dir=0 label=0 vlabel=1 lowerbound=1 fileNameGp=../../cp2016-max-common-connected-subgraph-paper/datasets/graphsdb/mcs50/rand/r01/mcs50_r01_s90.A08 fileNameGt=../../cp2016-max-common-connected-subgraph-paper/datasets/graphsdb/mcs50/rand/r01/mcs50_r01_s90.B08
Reading graphs...
90 :  759
90 :  762
Initializing...
maxdom : 11
D->valSize : 597
Solving...
Blb : 2 (clique : 15)
currentSize : 15 <-- 0.006786 s
currentSize : 16 <-- 0.007123 s
currentSize : 17 <-- 0.008712 s
currentSize : 18 <-- 0.170761 s
currentSize : 19 <-- 0.171678 s
currentSize : 20 <-- 7.750746 s
currentSize : 21 <-- 15.383139 s
currentSize : 22 <-- 36.053677 s
currentSize : 23 <-- 36.082317 s
currentSize : 24 <-- 74.316582 s
currentSize : 25 <-- 74.338150 s
currentSize : 26 <-- 85.238701 s
currentSize : 29 <-- 85.239059 s
currentSize : 30 <-- 85.239326 s
currentSize : 31 <-- 91.759041 s
currentSize : 32 <-- 95.010902 s
currentSize : 35 <-- 95.011482 s
currentSize : 37 <-- 101.309891 s
currentSize : 41 <-- 101.403984 s
currentSize : 45 <-- 101.404137 s

maxsize : 45
nodes : 18401683.000000
filtered : 186514231.000000
time : 108.930489
