Parameters: GAD=1 vflib=1 dir=0 label=0 vlabel=1 lowerbound=1 fileNameGp=../../cp2016-max-common-connected-subgraph-paper/datasets/graphsdb/mcs70/m3D/m3Dr4/mcs70_m3Dr4_s90.A03 fileNameGt=../../cp2016-max-common-connected-subgraph-paper/datasets/graphsdb/mcs70/m3D/m3Dr4/mcs70_m3Dr4_s90.B03
Reading graphs...
90 :  242
90 :  241
Initializing...
maxdom : 10
D->valSize : 592
Solving...
Blb : 2 (clique : 37)
currentSize : 37 <-- 0.007113 s
currentSize : 47 <-- 0.007416 s
currentSize : 49 <-- 0.007496 s
currentSize : 56 <-- 0.064182 s
currentSize : 58 <-- 0.064280 s
currentSize : 59 <-- 0.097911 s
currentSize : 61 <-- 0.098022 s
currentSize : 64 <-- 0.157992 s

maxsize : 64
nodes : 2061833.000000
filtered : 14853978.000000
time : 11.999569
