Parameters: GAD=1 vflib=1 dir=0 label=0 vlabel=1 lowerbound=1 fileNameGp=../../cp2016-max-common-connected-subgraph-paper/datasets/graphsdb/mcs70/rand/r005/mcs70_r005_s40.A01 fileNameGt=../../cp2016-max-common-connected-subgraph-paper/datasets/graphsdb/mcs70/rand/r005/mcs70_r005_s40.B01
Reading graphs...
40 :  76
40 :  77
Initializing...
maxdom : 8
D->valSize : 213
Solving...
Blb : 2 (clique : 18)
currentSize : 18 <-- 0.001234 s
currentSize : 19 <-- 0.001336 s
currentSize : 20 <-- 0.001587 s
currentSize : 21 <-- 0.002279 s
currentSize : 22 <-- 0.002330 s
currentSize : 23 <-- 0.002571 s
currentSize : 25 <-- 0.003033 s
currentSize : 26 <-- 0.027346 s
currentSize : 27 <-- 0.029084 s
currentSize : 28 <-- 0.036371 s

maxsize : 28
nodes : 13529.000000
filtered : 98023.000000
time : 0.048044
