Parameters: GAD=1 vflib=1 dir=0 label=0 vlabel=1 lowerbound=1 fileNameGp=../../cp2016-max-common-connected-subgraph-paper/datasets/graphsdb/mcs70/m3D/m3Dr6/mcs70_m3Dr6_s100.A01 fileNameGt=../../cp2016-max-common-connected-subgraph-paper/datasets/graphsdb/mcs70/m3D/m3Dr6/mcs70_m3Dr6_s100.B01
Reading graphs...
100 :  292
100 :  291
Initializing...
maxdom : 6
D->valSize : 369
Solving...
Blb : 2 (clique : 55)
currentSize : 55 <-- 0.003836 s
currentSize : 57 <-- 0.005998 s
currentSize : 59 <-- 0.018685 s
currentSize : 61 <-- 480.148163 s
currentSize : 62 <-- 480.175873 s
currentSize : 64 <-- 480.176453 s

maxsize : 64
nodes : 137147720.000000
filtered : 516035211.000000
time : 732.399048
