Parameters: GAD=1 vflib=1 dir=0 label=0 vlabel=1 lowerbound=1 fileNameGp=../../cp2016-max-common-connected-subgraph-paper/datasets/graphsdb/mcs70/bvg/b03m/mcs70_b03m_s70.A07 fileNameGt=../../cp2016-max-common-connected-subgraph-paper/datasets/graphsdb/mcs70/bvg/b03m/mcs70_b03m_s70.B07
Reading graphs...
70 :  104
70 :  104
Initializing...
maxdom : 10
D->valSize : 369
Solving...
Blb : 2 (clique : 41)
currentSize : 41 <-- 0.003373 s
currentSize : 42 <-- 0.003610 s
currentSize : 43 <-- 0.003934 s
currentSize : 44 <-- 0.018727 s
currentSize : 45 <-- 16.059448 s
currentSize : 46 <-- 49.384033 s
currentSize : 47 <-- 55.207073 s
currentSize : 48 <-- 66.096344 s

maxsize : 48
nodes : 26271084.000000
filtered : 107304741.000000
time : 101.701477
