Parameters: GAD=1 vflib=1 dir=0 label=0 vlabel=1 lowerbound=1 fileNameGp=../../cp2016-max-common-connected-subgraph-paper/datasets/graphsdb/mcs70/bvg/b03m/mcs70_b03m_s90.A08 fileNameGt=../../cp2016-max-common-connected-subgraph-paper/datasets/graphsdb/mcs70/bvg/b03m/mcs70_b03m_s90.B08
Reading graphs...
90 :  135
90 :  135
Initializing...
maxdom : 9
D->valSize : 540
Solving...
Blb : 2 (clique : 51)
currentSize : 51 <-- 0.006524 s
currentSize : 52 <-- 0.006926 s
currentSize : 53 <-- 0.007155 s
currentSize : 55 <-- 0.010682 s
currentSize : 56 <-- 0.010740 s
currentSize : 57 <-- 4.475555 s

TIMEOUT
maxsize : 57
nodes : 200062911.000000
filtered : 1148733956.000000
time : 1000.000061
