Parameters: GAD=1 vflib=1 dir=0 label=0 vlabel=1 lowerbound=1 fileNameGp=../../cp2016-max-common-connected-subgraph-paper/datasets/graphsdb/mcs70/bvg/b03/mcs70_b03_s60.A00 fileNameGt=../../cp2016-max-common-connected-subgraph-paper/datasets/graphsdb/mcs70/bvg/b03/mcs70_b03_s60.B00
Reading graphs...
60 :  90
60 :  90
Initializing...
maxdom : 8
D->valSize : 276
Solving...
Blb : 3 (clique : 28)
currentSize : 28 <-- 0.002026 s
currentSize : 29 <-- 0.019055 s
currentSize : 30 <-- 0.321869 s
currentSize : 31 <-- 0.583868 s
currentSize : 33 <-- 0.915623 s
currentSize : 34 <-- 0.916232 s
currentSize : 35 <-- 0.916280 s
currentSize : 37 <-- 1.320806 s
currentSize : 38 <-- 1.503393 s
currentSize : 41 <-- 1.505228 s
currentSize : 42 <-- 1.520314 s

maxsize : 42
nodes : 585607.000000
filtered : 2538134.000000
time : 2.308457
