Parameters: GAD=1 vflib=1 dir=0 label=0 vlabel=1 lowerbound=1 fileNameGp=../../cp2016-max-common-connected-subgraph-paper/datasets/graphsdb/mcs70/rand/r02/mcs70_r02_s80.A05 fileNameGt=../../cp2016-max-common-connected-subgraph-paper/datasets/graphsdb/mcs70/rand/r02/mcs70_r02_s80.B05
Reading graphs...
80 :  1130
80 :  1137
Initializing...
maxdom : 9
D->valSize : 461
Solving...
Blb : 3 (clique : 13)
currentSize : 13 <-- 0.004284 s
currentSize : 14 <-- 0.014772 s
currentSize : 15 <-- 0.064529 s
currentSize : 16 <-- 0.064575 s
currentSize : 17 <-- 0.064629 s
currentSize : 18 <-- 0.108483 s
currentSize : 24 <-- 0.116105 s
currentSize : 56 <-- 0.193301 s

maxsize : 56
nodes : 36983.000000
filtered : 315118.000000
time : 0.203370
