Parameters: GAD=1 vflib=1 dir=0 label=0 vlabel=1 lowerbound=1 fileNameGp=../../cp2016-max-common-connected-subgraph-paper/datasets/graphsdb/mcs70/bvg/b03/mcs70_b03_s80.A02 fileNameGt=../../cp2016-max-common-connected-subgraph-paper/datasets/graphsdb/mcs70/bvg/b03/mcs70_b03_s80.B02
Reading graphs...
80 :  119
80 :  120
Initializing...
maxdom : 8
D->valSize : 438
Solving...
Blb : 2 (clique : 45)
currentSize : 45 <-- 0.004384 s
currentSize : 46 <-- 0.004832 s
currentSize : 47 <-- 0.005584 s
currentSize : 48 <-- 0.012596 s
currentSize : 49 <-- 0.108580 s
currentSize : 50 <-- 0.109388 s
currentSize : 52 <-- 0.113909 s
currentSize : 53 <-- 0.114068 s
currentSize : 54 <-- 3.199168 s
currentSize : 55 <-- 3.199259 s
currentSize : 56 <-- 3.203039 s
currentSize : 57 <-- 3.285678 s

maxsize : 57
nodes : 20447065.000000
filtered : 98455779.000000
time : 105.153435
