Parameters: GAD=1 vflib=1 dir=0 label=0 vlabel=1 lowerbound=1 fileNameGp=../../cp2016-max-common-connected-subgraph-paper/datasets/graphsdb/mcs70/rand/r01/mcs70_r01_s100.A06 fileNameGt=../../cp2016-max-common-connected-subgraph-paper/datasets/graphsdb/mcs70/rand/r01/mcs70_r01_s100.B06
Reading graphs...
100 :  930
100 :  928
Initializing...
maxdom : 7
D->valSize : 378
Solving...
Blb : 2 (clique : 17)
currentSize : 17 <-- 0.003662 s
currentSize : 18 <-- 0.003811 s
currentSize : 21 <-- 0.003918 s
currentSize : 23 <-- 0.004118 s
currentSize : 24 <-- 0.004445 s
currentSize : 28 <-- 0.004558 s
currentSize : 35 <-- 0.033907 s
currentSize : 36 <-- 0.096185 s
currentSize : 47 <-- 0.144875 s
currentSize : 53 <-- 0.205551 s
currentSize : 54 <-- 0.212675 s
currentSize : 70 <-- 0.215634 s

maxsize : 70
nodes : 37197.000000
filtered : 303649.000000
time : 0.244040
