Parameters: GAD=1 vflib=1 dir=0 label=0 vlabel=1 lowerbound=1 fileNameGp=../../cp2016-max-common-connected-subgraph-paper/datasets/graphsdb/mcs70/m2D/m2Dr2/mcs70_m2Dr2_s70.A09 fileNameGt=../../cp2016-max-common-connected-subgraph-paper/datasets/graphsdb/mcs70/m2D/m2Dr2/mcs70_m2Dr2_s70.B09
Reading graphs...
70 :  134
70 :  134
Initializing...
maxdom : 7
D->valSize : 323
Solving...
Blb : 2 (clique : 40)
currentSize : 40 <-- 0.002703 s
currentSize : 42 <-- 0.002931 s
currentSize : 43 <-- 0.002999 s
currentSize : 44 <-- 0.003784 s
currentSize : 45 <-- 0.003869 s
currentSize : 46 <-- 0.007523 s
currentSize : 47 <-- 0.007603 s
currentSize : 48 <-- 0.008431 s
currentSize : 49 <-- 0.008525 s

maxsize : 49
nodes : 308671.000000
filtered : 1680208.000000
time : 1.468737
