Parameters: GAD=1 vflib=1 dir=0 label=0 vlabel=1 lowerbound=1 fileNameGp=../../cp2016-max-common-connected-subgraph-paper/datasets/graphsdb/mcs70/bvg/b06/mcs70_b06_s70.A06 fileNameGt=../../cp2016-max-common-connected-subgraph-paper/datasets/graphsdb/mcs70/bvg/b06/mcs70_b06_s70.B06
Reading graphs...
70 :  209
70 :  209
Initializing...
maxdom : 7
D->valSize : 342
Solving...
Blb : 2 (clique : 28)
currentSize : 28 <-- 0.002836 s
currentSize : 29 <-- 0.003076 s
currentSize : 30 <-- 0.007598 s
currentSize : 31 <-- 0.017651 s
currentSize : 32 <-- 10.343802 s
currentSize : 33 <-- 11.522546 s
currentSize : 34 <-- 15.586678 s
currentSize : 35 <-- 15.586786 s
currentSize : 36 <-- 27.048836 s
currentSize : 37 <-- 27.209171 s
currentSize : 38 <-- 27.351372 s
currentSize : 39 <-- 27.394726 s
currentSize : 40 <-- 27.398844 s
currentSize : 42 <-- 27.443808 s
currentSize : 45 <-- 31.078257 s
currentSize : 49 <-- 31.242592 s

maxsize : 49
nodes : 8403934.000000
filtered : 34551075.000000
time : 32.579437
