Parameters: GAD=1 vflib=1 dir=0 label=0 vlabel=1 lowerbound=1 fileNameGp=../../cp2016-max-common-connected-subgraph-paper/datasets/graphsdb/mcs70/bvg/b03/mcs70_b03_s90.A05 fileNameGt=../../cp2016-max-common-connected-subgraph-paper/datasets/graphsdb/mcs70/bvg/b03/mcs70_b03_s90.B05
Reading graphs...
90 :  135
90 :  134
Initializing...
maxdom : 10
D->valSize : 595
Solving...
Blb : 2 (clique : 48)
currentSize : 48 <-- 0.007594 s
currentSize : 49 <-- 0.007994 s
currentSize : 50 <-- 0.008139 s
currentSize : 51 <-- 0.008223 s
currentSize : 52 <-- 0.008292 s
currentSize : 53 <-- 0.013216 s
currentSize : 54 <-- 0.015148 s
currentSize : 55 <-- 0.039423 s
currentSize : 56 <-- 0.048871 s
currentSize : 57 <-- 0.049334 s
currentSize : 58 <-- 0.049576 s
currentSize : 59 <-- 0.469073 s
currentSize : 60 <-- 0.607569 s
currentSize : 62 <-- 0.608507 s
currentSize : 63 <-- 0.609323 s

TIMEOUT
maxsize : 63
nodes : 152250658.000000
filtered : 1219161804.000000
time : 1000.000122
