Parameters: GAD=1 vflib=1 dir=0 label=0 vlabel=1 lowerbound=1 fileNameGp=../../cp2016-max-common-connected-subgraph-paper/datasets/graphsdb/mcs70/rand/r01/mcs70_r01_s50.A07 fileNameGt=../../cp2016-max-common-connected-subgraph-paper/datasets/graphsdb/mcs70/rand/r01/mcs70_r01_s50.B07
Reading graphs...
50 :  227
50 :  230
Initializing...
maxdom : 10
D->valSize : 339
Solving...
Blb : 3 (clique : 14)
currentSize : 14 <-- 0.003621 s
currentSize : 15 <-- 0.010943 s
currentSize : 16 <-- 0.017626 s
currentSize : 17 <-- 0.023888 s
currentSize : 18 <-- 0.024417 s
currentSize : 19 <-- 0.026089 s
currentSize : 22 <-- 0.072842 s
currentSize : 26 <-- 0.074582 s
currentSize : 35 <-- 0.079850 s

maxsize : 35
nodes : 19399.000000
filtered : 133659.000000
time : 0.094647
