Parameters: GAD=1 vflib=1 dir=0 label=0 vlabel=1 lowerbound=1 fileNameGp=../../cp2016-max-common-connected-subgraph-paper/datasets/graphsdb/mcs70/bvg/b03/mcs70_b03_s50.A08 fileNameGt=../../cp2016-max-common-connected-subgraph-paper/datasets/graphsdb/mcs70/bvg/b03/mcs70_b03_s50.B08
Reading graphs...
50 :  75
50 :  75
Initializing...
maxdom : 9
D->valSize : 319
Solving...
Blb : 2 (clique : 24)
currentSize : 24 <-- 0.002279 s
currentSize : 25 <-- 0.019523 s
currentSize : 26 <-- 0.019621 s
currentSize : 27 <-- 0.027698 s
currentSize : 28 <-- 0.048329 s
currentSize : 29 <-- 0.048892 s
currentSize : 30 <-- 4.901558 s
currentSize : 31 <-- 4.901580 s
currentSize : 32 <-- 8.031823 s
currentSize : 33 <-- 8.037482 s
currentSize : 34 <-- 8.038918 s

maxsize : 34
nodes : 3026420.000000
filtered : 19488292.000000
time : 11.262913
