Parameters: GAD=1 vflib=1 dir=0 label=0 vlabel=1 lowerbound=1 fileNameGp=../../cp2016-max-common-connected-subgraph-paper/datasets/graphsdb/mcs70/m2D/m2Dr6/mcs70_m2Dr6_s100.A06 fileNameGt=../../cp2016-max-common-connected-subgraph-paper/datasets/graphsdb/mcs70/m2D/m2Dr6/mcs70_m2Dr6_s100.B06
Reading graphs...
100 :  240
100 :  238
Initializing...
maxdom : 6
D->valSize : 358
Solving...
Blb : 2 (clique : 37)
currentSize : 37 <-- 0.003681 s
currentSize : 38 <-- 0.004606 s
currentSize : 40 <-- 0.007731 s
currentSize : 42 <-- 0.016508 s
currentSize : 43 <-- 0.033281 s
currentSize : 44 <-- 0.215454 s
currentSize : 45 <-- 1.876753 s
currentSize : 46 <-- 1.889671 s
currentSize : 47 <-- 1.910237 s
currentSize : 48 <-- 258.206665 s
currentSize : 49 <-- 344.983917 s
currentSize : 50 <-- 344.991394 s

TIMEOUT
maxsize : 50
nodes : 193628147.000000
filtered : 727063863.000000
time : 1000.000122
