Parameters: GAD=1 vflib=1 dir=0 label=0 vlabel=1 lowerbound=1 fileNameGp=../../cp2016-max-common-connected-subgraph-paper/datasets/graphsdb/mcs70/rand/r02/mcs70_r02_s90.A05 fileNameGt=../../cp2016-max-common-connected-subgraph-paper/datasets/graphsdb/mcs70/rand/r02/mcs70_r02_s90.B05
Reading graphs...
90 :  1442
90 :  1438
Initializing...
maxdom : 10
D->valSize : 547
Solving...
Blb : 2 (clique : 11)
currentSize : 11 <-- 0.005893 s
currentSize : 12 <-- 0.006106 s
currentSize : 13 <-- 0.009244 s
currentSize : 14 <-- 0.042165 s
currentSize : 15 <-- 0.043033 s
currentSize : 24 <-- 0.043330 s
currentSize : 39 <-- 0.181884 s
currentSize : 40 <-- 0.278904 s
currentSize : 63 <-- 0.371922 s

maxsize : 63
nodes : 56111.000000
filtered : 832667.000000
time : 0.388395
