Parameters: GAD=1 vflib=1 dir=0 label=0 vlabel=1 lowerbound=1 fileNameGp=../../cp2016-max-common-connected-subgraph-paper/datasets/graphsdb/mcs70/bvg/b06m/mcs70_b06m_s60.A03 fileNameGt=../../cp2016-max-common-connected-subgraph-paper/datasets/graphsdb/mcs70/bvg/b06m/mcs70_b06m_s60.B03
Reading graphs...
60 :  177
60 :  177
Initializing...
maxdom : 6
D->valSize : 253
Solving...
Blb : 3 (clique : 30)
currentSize : 30 <-- 0.001786 s
currentSize : 32 <-- 0.012998 s
currentSize : 34 <-- 0.013071 s
currentSize : 35 <-- 0.013216 s
currentSize : 36 <-- 0.055343 s
currentSize : 37 <-- 0.055514 s
currentSize : 38 <-- 0.055678 s
currentSize : 40 <-- 0.055834 s
currentSize : 41 <-- 0.055932 s
currentSize : 42 <-- 0.076998 s

maxsize : 42
nodes : 33796.000000
filtered : 154166.000000
time : 0.135544
