Parameters: GAD=1 vflib=1 dir=0 label=0 vlabel=1 lowerbound=1 fileNameGp=../../cp2016-max-common-connected-subgraph-paper/datasets/graphsdb/mcs70/m2D/m2Dr6/mcs70_m2Dr6_s100.A00 fileNameGt=../../cp2016-max-common-connected-subgraph-paper/datasets/graphsdb/mcs70/m2D/m2Dr6/mcs70_m2Dr6_s100.B00
Reading graphs...
100 :  240
100 :  238
Initializing...
maxdom : 7
D->valSize : 385
Solving...
Blb : 3 (clique : 53)
currentSize : 53 <-- 0.004099 s
currentSize : 56 <-- 6.410762 s
currentSize : 57 <-- 6.411014 s
currentSize : 58 <-- 77.382751 s
currentSize : 59 <-- 77.883438 s
currentSize : 60 <-- 77.883911 s
currentSize : 61 <-- 130.236801 s
currentSize : 62 <-- 153.676132 s
currentSize : 64 <-- 160.723282 s
currentSize : 66 <-- 161.137741 s

maxsize : 66
nodes : 34268754.000000
filtered : 159874941.000000
time : 193.347748
