Parameters: GAD=1 vflib=1 dir=0 label=0 vlabel=1 lowerbound=1 fileNameGp=../../cp2016-max-common-connected-subgraph-paper/datasets/graphsdb/mcs70/rand/r005/mcs70_r005_s70.A05 fileNameGt=../../cp2016-max-common-connected-subgraph-paper/datasets/graphsdb/mcs70/rand/r005/mcs70_r005_s70.B05
Reading graphs...
70 :  234
70 :  235
Initializing...
maxdom : 7
D->valSize : 340
Solving...
Blb : 2 (clique : 31)
currentSize : 31 <-- 0.002831 s
currentSize : 33 <-- 0.003018 s
currentSize : 36 <-- 0.003106 s
currentSize : 37 <-- 0.003341 s
currentSize : 38 <-- 0.034446 s
currentSize : 39 <-- 0.034894 s
currentSize : 42 <-- 0.035041 s
currentSize : 44 <-- 0.132187 s
currentSize : 49 <-- 0.152240 s

maxsize : 49
nodes : 67260.000000
filtered : 446277.000000
time : 0.337103
