Parameters: GAD=1 vflib=1 dir=0 label=0 vlabel=1 lowerbound=1 fileNameGp=../../cp2016-max-common-connected-subgraph-paper/datasets/graphsdb/mcs70/rand/r005/mcs70_r005_s80.A01 fileNameGt=../../cp2016-max-common-connected-subgraph-paper/datasets/graphsdb/mcs70/rand/r005/mcs70_r005_s80.B01
Reading graphs...
80 :  307
80 :  302
Initializing...
maxdom : 8
D->valSize : 434
Solving...
Blb : 2 (clique : 25)
currentSize : 25 <-- 0.004120 s
currentSize : 27 <-- 0.004876 s
currentSize : 29 <-- 0.008149 s
currentSize : 33 <-- 0.011103 s
currentSize : 34 <-- 0.011209 s
currentSize : 36 <-- 0.011436 s
currentSize : 37 <-- 0.011568 s
currentSize : 42 <-- 0.015886 s
currentSize : 43 <-- 0.015946 s
currentSize : 44 <-- 0.016598 s
currentSize : 46 <-- 0.016666 s
currentSize : 49 <-- 0.037293 s
currentSize : 51 <-- 0.037381 s
currentSize : 56 <-- 0.039790 s

maxsize : 56
nodes : 41004.000000
filtered : 347761.000000
time : 0.231835
