Parameters: GAD=1 vflib=1 dir=0 label=0 vlabel=1 lowerbound=1 fileNameGp=../../cp2016-max-common-connected-subgraph-paper/datasets/graphsdb/mcs70/bvg/b09/mcs70_b09_s100.A00 fileNameGt=../../cp2016-max-common-connected-subgraph-paper/datasets/graphsdb/mcs70/bvg/b09/mcs70_b09_s100.B00
Reading graphs...
100 :  447
100 :  447
Initializing...
maxdom : 6
D->valSize : 342
Solving...
Blb : 2 (clique : 39)
currentSize : 39 <-- 0.003355 s
currentSize : 42 <-- 0.003841 s
currentSize : 43 <-- 0.003936 s
currentSize : 45 <-- 0.004580 s
currentSize : 46 <-- 0.004747 s
currentSize : 54 <-- 0.005806 s
currentSize : 56 <-- 0.005956 s
currentSize : 57 <-- 0.008754 s
currentSize : 59 <-- 0.008930 s
currentSize : 66 <-- 0.014430 s
currentSize : 70 <-- 0.015105 s

maxsize : 70
nodes : 585527.000000
filtered : 3369024.000000
time : 3.475763
