Parameters: GAD=1 vflib=1 dir=0 label=0 vlabel=1 lowerbound=1 fileNameGp=../../cp2016-max-common-connected-subgraph-paper/datasets/graphsdb/mcs70/m2D/m2Dr4/mcs70_m2Dr4_s70.A08 fileNameGt=../../cp2016-max-common-connected-subgraph-paper/datasets/graphsdb/mcs70/m2D/m2Dr4/mcs70_m2Dr4_s70.B08
Reading graphs...
70 :  151
70 :  150
Initializing...
maxdom : 8
D->valSize : 341
Solving...
Blb : 2 (clique : 35)
currentSize : 35 <-- 0.003100 s
currentSize : 37 <-- 0.003317 s
currentSize : 38 <-- 0.003840 s
currentSize : 40 <-- 0.020699 s
currentSize : 42 <-- 0.051333 s
currentSize : 43 <-- 0.112591 s
currentSize : 44 <-- 18.533640 s
currentSize : 45 <-- 18.596674 s
currentSize : 47 <-- 20.698217 s
currentSize : 49 <-- 20.706059 s

maxsize : 49
nodes : 5229041.000000
filtered : 20488307.000000
time : 21.096788
