Parameters: GAD=1 vflib=1 dir=0 label=0 vlabel=1 lowerbound=1 fileNameGp=../../cp2016-max-common-connected-subgraph-paper/datasets/graphsdb/mcs70/m3D/m3Dr6/mcs70_m3Dr6_s90.A09 fileNameGt=../../cp2016-max-common-connected-subgraph-paper/datasets/graphsdb/mcs70/m3D/m3Dr6/mcs70_m3Dr6_s90.B09
Reading graphs...
90 :  262
90 :  260
Initializing...
maxdom : 9
D->valSize : 542
Solving...
Blb : 3 (clique : 56)
currentSize : 56 <-- 0.006395 s
currentSize : 57 <-- 3.663292 s
currentSize : 58 <-- 3.663448 s
currentSize : 60 <-- 32.734829 s
currentSize : 62 <-- 32.734951 s
currentSize : 63 <-- 32.735100 s
currentSize : 64 <-- 32.737713 s

maxsize : 64
nodes : 25295491.000000
filtered : 111126963.000000
time : 123.092491
