Parameters: GAD=1 vflib=1 dir=0 label=0 vlabel=1 lowerbound=1 fileNameGp=../../cp2016-max-common-connected-subgraph-paper/datasets/graphsdb/mcs70/rand/r02/mcs70_r02_s70.A01 fileNameGt=../../cp2016-max-common-connected-subgraph-paper/datasets/graphsdb/mcs70/rand/r02/mcs70_r02_s70.B01
Reading graphs...
70 :  855
70 :  864
Initializing...
maxdom : 10
D->valSize : 340
Solving...
Blb : 2 (clique : 11)
currentSize : 11 <-- 0.002724 s
currentSize : 13 <-- 0.002847 s
currentSize : 14 <-- 0.002910 s
currentSize : 16 <-- 0.003002 s
currentSize : 19 <-- 0.003164 s
currentSize : 21 <-- 0.037647 s
currentSize : 23 <-- 0.055585 s
currentSize : 26 <-- 0.055808 s
currentSize : 49 <-- 0.084281 s

maxsize : 49
nodes : 17081.000000
filtered : 177765.000000
time : 0.092531
