Parameters: GAD=1 vflib=1 dir=0 label=0 vlabel=1 lowerbound=1 fileNameGp=../../cp2016-max-common-connected-subgraph-paper/datasets/graphsdb/mcs70/bvg/b03m/mcs70_b03m_s70.A06 fileNameGt=../../cp2016-max-common-connected-subgraph-paper/datasets/graphsdb/mcs70/bvg/b03m/mcs70_b03m_s70.B06
Reading graphs...
70 :  104
70 :  105
Initializing...
maxdom : 7
D->valSize : 307
Solving...
Blb : 3 (clique : 39)
currentSize : 39 <-- 0.002751 s
currentSize : 40 <-- 4.606626 s
currentSize : 41 <-- 4.831206 s
currentSize : 43 <-- 11.302509 s
currentSize : 44 <-- 16.480518 s
currentSize : 46 <-- 16.528868 s
currentSize : 48 <-- 21.702965 s

maxsize : 48
nodes : 5265712.000000
filtered : 22150577.000000
time : 23.240959
