Parameters: GAD=1 vflib=1 dir=0 label=0 vlabel=1 lowerbound=1 fileNameGp=../../cp2016-max-common-connected-subgraph-paper/datasets/graphsdb/mcs70/rand/r01/mcs70_r01_s35.A04 fileNameGt=../../cp2016-max-common-connected-subgraph-paper/datasets/graphsdb/mcs70/rand/r01/mcs70_r01_s35.B04
Reading graphs...
35 :  110
35 :  110
Initializing...
maxdom : 7
D->valSize : 174
Solving...
Blb : 2 (clique : 13)
currentSize : 13 <-- 0.000977 s
currentSize : 14 <-- 0.001541 s
currentSize : 15 <-- 0.001619 s
currentSize : 16 <-- 0.008370 s
currentSize : 17 <-- 0.010171 s
currentSize : 18 <-- 0.015278 s
currentSize : 20 <-- 0.017173 s
currentSize : 21 <-- 0.017603 s
currentSize : 24 <-- 0.017791 s

maxsize : 24
nodes : 5365.000000
filtered : 38214.000000
time : 0.019555
