Parameters: GAD=1 vflib=1 dir=0 label=0 vlabel=1 lowerbound=1 fileNameGp=../../cp2016-max-common-connected-subgraph-paper/datasets/graphsdb/mcs70/bvg/b09m/mcs70_b09m_s35.A07 fileNameGt=../../cp2016-max-common-connected-subgraph-paper/datasets/graphsdb/mcs70/bvg/b09m/mcs70_b09m_s35.B07
Reading graphs...
35 :  148
35 :  149
Initializing...
maxdom : 8
D->valSize : 175
Solving...
Blb : 2 (clique : 9)
currentSize : 9 <-- 0.000926 s
currentSize : 10 <-- 0.001009 s
currentSize : 11 <-- 0.001071 s
currentSize : 12 <-- 0.001126 s
currentSize : 14 <-- 0.001177 s
currentSize : 15 <-- 0.006919 s
currentSize : 17 <-- 0.007052 s
currentSize : 18 <-- 0.007097 s
currentSize : 21 <-- 0.007131 s
currentSize : 22 <-- 0.007176 s
currentSize : 24 <-- 0.007518 s

maxsize : 24
nodes : 2360.000000
filtered : 19697.000000
time : 0.008829
