Parameters: GAD=1 vflib=1 dir=0 label=0 vlabel=1 lowerbound=1 fileNameGp=../../cp2016-max-common-connected-subgraph-paper/datasets/graphsdb/mcs70/rand/r005/mcs70_r005_s50.A05 fileNameGt=../../cp2016-max-common-connected-subgraph-paper/datasets/graphsdb/mcs70/rand/r005/mcs70_r005_s50.B05
Reading graphs...
50 :  118
50 :  119
Initializing...
maxdom : 12
D->valSize : 338
Solving...
Blb : 2 (clique : 20)
currentSize : 20 <-- 0.002400 s
currentSize : 21 <-- 0.002516 s
currentSize : 22 <-- 0.002981 s
currentSize : 23 <-- 0.007436 s
currentSize : 24 <-- 0.007529 s
currentSize : 25 <-- 0.007609 s
currentSize : 26 <-- 0.024084 s
currentSize : 27 <-- 0.038022 s
currentSize : 29 <-- 0.038146 s
currentSize : 30 <-- 0.038616 s
currentSize : 31 <-- 0.038721 s
currentSize : 35 <-- 0.040221 s

maxsize : 35
nodes : 17505.000000
filtered : 207305.000000
time : 0.085498
