Parameters: GAD=1 vflib=1 dir=0 label=0 vlabel=1 lowerbound=1 fileNameGp=../../cp2016-max-common-connected-subgraph-paper/datasets/graphsdb/mcs70/m3D/m3Dr6/mcs70_m3Dr6_s100.A03 fileNameGt=../../cp2016-max-common-connected-subgraph-paper/datasets/graphsdb/mcs70/m3D/m3Dr6/mcs70_m3Dr6_s100.B03
Reading graphs...
100 :  293
100 :  293
Initializing...
maxdom : 8
D->valSize : 359
Solving...
Blb : 2 (clique : 49)
currentSize : 49 <-- 0.003623 s
currentSize : 52 <-- 0.003998 s
currentSize : 55 <-- 0.273988 s
currentSize : 60 <-- 5.264274 s
currentSize : 63 <-- 5.267901 s
currentSize : 64 <-- 5.276027 s

maxsize : 64
nodes : 3471309.000000
filtered : 13562185.000000
time : 18.363237
