Parameters: GAD=1 vflib=1 dir=0 label=0 vlabel=1 lowerbound=1 fileNameGp=../../cp2016-max-common-connected-subgraph-paper/datasets/graphsdb/mcs70/m2D/m2Dr4/mcs70_m2Dr4_s60.A09 fileNameGt=../../cp2016-max-common-connected-subgraph-paper/datasets/graphsdb/mcs70/m2D/m2Dr4/mcs70_m2Dr4_s60.B09
Reading graphs...
60 :  128
60 :  126
Initializing...
maxdom : 7
D->valSize : 246
Solving...
Blb : 3 (clique : 29)
currentSize : 29 <-- 0.002047 s
currentSize : 30 <-- 6.425017 s
currentSize : 32 <-- 7.196630 s
currentSize : 33 <-- 12.021959 s
currentSize : 34 <-- 20.753376 s
currentSize : 36 <-- 21.182972 s
currentSize : 37 <-- 21.183041 s

maxsize : 37
nodes : 6056676.000000
filtered : 27682464.000000
time : 23.095003
