Parameters: GAD=1 vflib=1 dir=0 label=0 vlabel=1 lowerbound=1 fileNameGp=../../cp2016-max-common-connected-subgraph-paper/datasets/graphsdb/mcs70/bvg/b09/mcs70_b09_s60.A08 fileNameGt=../../cp2016-max-common-connected-subgraph-paper/datasets/graphsdb/mcs70/bvg/b09/mcs70_b09_s60.B08
Reading graphs...
60 :  267
60 :  269
Initializing...
maxdom : 6
D->valSize : 250
Solving...
Blb : 3 (clique : 17)
currentSize : 17 <-- 0.001764 s
currentSize : 18 <-- 0.021465 s
currentSize : 19 <-- 0.036148 s
currentSize : 20 <-- 0.128621 s
currentSize : 22 <-- 0.128751 s
currentSize : 23 <-- 0.128821 s
currentSize : 24 <-- 0.134465 s
currentSize : 25 <-- 0.134539 s
currentSize : 26 <-- 0.136886 s
currentSize : 30 <-- 0.191119 s
currentSize : 31 <-- 0.235251 s
currentSize : 32 <-- 0.257378 s
currentSize : 33 <-- 0.300140 s
currentSize : 34 <-- 0.300617 s
currentSize : 36 <-- 0.300711 s
currentSize : 39 <-- 0.300957 s
currentSize : 42 <-- 0.301053 s

maxsize : 42
nodes : 81061.000000
filtered : 344608.000000
time : 0.313364
