Parameters: GAD=1 vflib=1 dir=0 label=0 vlabel=1 lowerbound=1 fileNameGp=../../cp2016-max-common-connected-subgraph-paper/datasets/graphsdb/mcs70/bvg/b03/mcs70_b03_s90.A04 fileNameGt=../../cp2016-max-common-connected-subgraph-paper/datasets/graphsdb/mcs70/bvg/b03/mcs70_b03_s90.B04
Reading graphs...
90 :  135
90 :  135
Initializing...
maxdom : 10
D->valSize : 577
Solving...
Blb : 2 (clique : 44)
currentSize : 44 <-- 0.011931 s
currentSize : 45 <-- 0.013203 s
currentSize : 46 <-- 0.037881 s
currentSize : 47 <-- 0.059664 s
currentSize : 48 <-- 0.133759 s
currentSize : 49 <-- 0.181566 s
currentSize : 50 <-- 0.284517 s
currentSize : 51 <-- 0.298516 s
currentSize : 52 <-- 0.360540 s
currentSize : 53 <-- 4.900559 s
currentSize : 54 <-- 4.909793 s
currentSize : 55 <-- 4.955566 s
currentSize : 56 <-- 13.906783 s
currentSize : 57 <-- 274.676361 s
currentSize : 58 <-- 274.765106 s
currentSize : 59 <-- 274.785980 s

TIMEOUT
maxsize : 59
nodes : 173001030.000000
filtered : 1218079962.000000
time : 1000.000061
