Parameters: GAD=1 vflib=1 dir=0 label=0 vlabel=1 lowerbound=1 fileNameGp=../../cp2016-max-common-connected-subgraph-paper/datasets/graphsdb/mcs70/rand/r005/mcs70_r005_s50.A07 fileNameGt=../../cp2016-max-common-connected-subgraph-paper/datasets/graphsdb/mcs70/rand/r005/mcs70_r005_s50.B07
Reading graphs...
50 :  118
50 :  119
Initializing...
maxdom : 9
D->valSize : 356
Solving...
Blb : 2 (clique : 22)
currentSize : 22 <-- 0.002615 s
currentSize : 23 <-- 0.109905 s
currentSize : 24 <-- 0.109929 s
currentSize : 25 <-- 0.110017 s
currentSize : 26 <-- 0.196602 s
currentSize : 27 <-- 0.196660 s
currentSize : 28 <-- 0.196771 s
currentSize : 31 <-- 0.223866 s
currentSize : 32 <-- 0.238200 s
currentSize : 35 <-- 0.238360 s

maxsize : 35
nodes : 79615.000000
filtered : 736923.000000
time : 0.333233
