Parameters: GAD=1 vflib=1 dir=0 label=0 vlabel=1 lowerbound=1 fileNameGp=../../cp2016-max-common-connected-subgraph-paper/datasets/graphsdb/mcs70/bvg/b06m/mcs70_b06m_s80.A06 fileNameGt=../../cp2016-max-common-connected-subgraph-paper/datasets/graphsdb/mcs70/bvg/b06m/mcs70_b06m_s80.B06
Reading graphs...
80 :  237
80 :  237
Initializing...
maxdom : 9
D->valSize : 440
Solving...
Blb : 3 (clique : 38)
currentSize : 38 <-- 0.004372 s
currentSize : 39 <-- 1.700310 s
currentSize : 40 <-- 1.700374 s
currentSize : 41 <-- 5.017012 s
currentSize : 43 <-- 5.026057 s
currentSize : 44 <-- 5.026145 s
currentSize : 46 <-- 6.100166 s
currentSize : 48 <-- 6.100263 s
currentSize : 49 <-- 384.995758 s
currentSize : 50 <-- 384.998505 s
currentSize : 51 <-- 384.998566 s
currentSize : 53 <-- 385.296356 s
currentSize : 54 <-- 385.296417 s
currentSize : 55 <-- 385.308655 s
currentSize : 56 <-- 385.308716 s

maxsize : 56
nodes : 99685804.000000
filtered : 429478609.000000
time : 437.924774
