Parameters: GAD=1 vflib=1 dir=0 label=0 vlabel=1 lowerbound=1 fileNameGp=../../cp2016-max-common-connected-subgraph-paper/datasets/graphsdb/mcs70/rand/r01/mcs70_r01_s80.A01 fileNameGt=../../cp2016-max-common-connected-subgraph-paper/datasets/graphsdb/mcs70/rand/r01/mcs70_r01_s80.B01
Reading graphs...
80 :  595
80 :  605
Initializing...
maxdom : 9
D->valSize : 454
Solving...
Blb : 5 (clique : 14)
currentSize : 14 <-- 0.006929 s
currentSize : 15 <-- 0.014940 s
currentSize : 16 <-- 0.015327 s
currentSize : 17 <-- 0.194147 s
currentSize : 18 <-- 0.457630 s
currentSize : 19 <-- 0.695949 s
currentSize : 20 <-- 0.696303 s
currentSize : 21 <-- 0.696336 s
currentSize : 22 <-- 0.895576 s
currentSize : 24 <-- 1.604663 s
currentSize : 26 <-- 1.612444 s
currentSize : 28 <-- 1.612579 s
currentSize : 30 <-- 1.719071 s
currentSize : 32 <-- 2.230382 s
currentSize : 41 <-- 2.237621 s
currentSize : 42 <-- 2.295539 s
currentSize : 43 <-- 2.448119 s
currentSize : 56 <-- 2.449705 s

maxsize : 56
nodes : 460062.000000
filtered : 3308611.000000
time : 2.467495
