Parameters: GAD=1 vflib=1 dir=0 label=0 vlabel=1 lowerbound=1 fileNameGp=../../cp2016-max-common-connected-subgraph-paper/datasets/graphsdb/mcs70/m2D/m2Dr2/mcs70_m2Dr2_s70.A07 fileNameGt=../../cp2016-max-common-connected-subgraph-paper/datasets/graphsdb/mcs70/m2D/m2Dr2/mcs70_m2Dr2_s70.B07
Reading graphs...
70 :  137
70 :  136
Initializing...
maxdom : 9
D->valSize : 393
Solving...
Blb : 2 (clique : 40)
currentSize : 40 <-- 0.003505 s
currentSize : 41 <-- 0.004804 s
currentSize : 43 <-- 0.005262 s
currentSize : 44 <-- 0.015695 s
currentSize : 46 <-- 0.020812 s
currentSize : 47 <-- 0.020965 s
currentSize : 49 <-- 0.057286 s
currentSize : 50 <-- 0.057382 s

maxsize : 50
nodes : 1965447.000000
filtered : 9730723.000000
time : 8.595975
