Parameters: GAD=1 vflib=1 dir=0 label=0 vlabel=1 lowerbound=1 fileNameGp=../../cp2016-max-common-connected-subgraph-paper/datasets/graphsdb/mcs70/rand/r005/mcs70_r005_s70.A09 fileNameGt=../../cp2016-max-common-connected-subgraph-paper/datasets/graphsdb/mcs70/rand/r005/mcs70_r005_s70.B09
Reading graphs...
70 :  233
70 :  233
Initializing...
maxdom : 12
D->valSize : 391
Solving...
Blb : 2 (clique : 30)
currentSize : 30 <-- 0.003398 s
currentSize : 31 <-- 0.003615 s
currentSize : 32 <-- 0.003696 s
currentSize : 33 <-- 0.003816 s
currentSize : 35 <-- 0.003913 s
currentSize : 36 <-- 0.004105 s
currentSize : 40 <-- 0.004331 s
currentSize : 42 <-- 0.004951 s
currentSize : 49 <-- 0.005866 s

maxsize : 49
nodes : 9503.000000
filtered : 120959.000000
time : 0.059788
