Parameters: GAD=1 vflib=1 dir=0 label=0 vlabel=1 lowerbound=1 fileNameGp=../../cp2016-max-common-connected-subgraph-paper/datasets/graphsdb/mcs70/bvg/b06m/mcs70_b06m_s100.A05 fileNameGt=../../cp2016-max-common-connected-subgraph-paper/datasets/graphsdb/mcs70/bvg/b06m/mcs70_b06m_s100.B05
Reading graphs...
100 :  298
100 :  298
Initializing...
maxdom : 7
D->valSize : 377
Solving...
Blb : 3 (clique : 54)
currentSize : 54 <-- 0.004153 s
currentSize : 56 <-- 0.017952 s
currentSize : 58 <-- 0.054375 s
currentSize : 59 <-- 0.074381 s
currentSize : 60 <-- 0.085911 s
currentSize : 62 <-- 0.086336 s
currentSize : 67 <-- 0.211465 s
currentSize : 68 <-- 0.211708 s
currentSize : 69 <-- 1.293428 s
currentSize : 70 <-- 1.293667 s

maxsize : 70
nodes : 2742864.000000
filtered : 14356281.000000
time : 15.537581
