Parameters: GAD=1 vflib=1 dir=0 label=0 vlabel=1 lowerbound=1 fileNameGp=../../cp2016-max-common-connected-subgraph-paper/datasets/graphsdb/mcs70/m2D/m2Dr2/mcs70_m2Dr2_s90.A01 fileNameGt=../../cp2016-max-common-connected-subgraph-paper/datasets/graphsdb/mcs70/m2D/m2Dr2/mcs70_m2Dr2_s90.B01
Reading graphs...
90 :  178
90 :  178
Initializing...
maxdom : 12
D->valSize : 596
Solving...
Blb : 2 (clique : 41)
currentSize : 41 <-- 0.007510 s
currentSize : 42 <-- 0.034739 s
currentSize : 43 <-- 0.055252 s
currentSize : 45 <-- 0.055334 s
currentSize : 47 <-- 2.074195 s
currentSize : 48 <-- 2.074298 s
currentSize : 49 <-- 11.794415 s
currentSize : 50 <-- 11.802703 s
currentSize : 51 <-- 34.017864 s
currentSize : 52 <-- 34.034409 s
currentSize : 53 <-- 89.870270 s
currentSize : 54 <-- 89.931519 s
currentSize : 56 <-- 156.738068 s
currentSize : 57 <-- 156.738205 s
currentSize : 59 <-- 156.738434 s
currentSize : 60 <-- 915.181335 s

TIMEOUT
maxsize : 60
nodes : 194049134.000000
filtered : 975040561.000000
time : 1000.000122
