Parameters: GAD=1 vflib=1 dir=0 label=0 vlabel=1 lowerbound=1 fileNameGp=../../cp2016-max-common-connected-subgraph-paper/datasets/graphsdb/mcs70/bvg/b03/mcs70_b03_s70.A06 fileNameGt=../../cp2016-max-common-connected-subgraph-paper/datasets/graphsdb/mcs70/bvg/b03/mcs70_b03_s70.B06
Reading graphs...
70 :  104
70 :  105
Initializing...
maxdom : 9
D->valSize : 366
Solving...
Blb : 2 (clique : 29)
currentSize : 29 <-- 0.003252 s
currentSize : 30 <-- 0.012099 s
currentSize : 31 <-- 0.032911 s
currentSize : 32 <-- 0.118626 s
currentSize : 33 <-- 0.248164 s
currentSize : 34 <-- 0.254770 s
currentSize : 35 <-- 18.980389 s
currentSize : 36 <-- 55.947773 s
currentSize : 37 <-- 73.213219 s
currentSize : 38 <-- 125.872238 s
currentSize : 39 <-- 160.634262 s
currentSize : 40 <-- 163.793762 s
currentSize : 41 <-- 192.209717 s
currentSize : 42 <-- 193.882095 s
currentSize : 43 <-- 246.489304 s
currentSize : 44 <-- 246.550339 s
currentSize : 45 <-- 376.502380 s
currentSize : 46 <-- 514.325073 s
currentSize : 49 <-- 514.545044 s

maxsize : 49
nodes : 129255747.000000
filtered : 686741585.000000
time : 551.758606
