Parameters: GAD=1 vflib=1 dir=0 label=0 vlabel=1 lowerbound=1 fileNameGp=../../cp2016-max-common-connected-subgraph-paper/datasets/graphsdb/mcs70/m2D/m2Dr4/mcs70_m2Dr4_s100.A09 fileNameGt=../../cp2016-max-common-connected-subgraph-paper/datasets/graphsdb/mcs70/m2D/m2Dr4/mcs70_m2Dr4_s100.B09
Reading graphs...
100 :  218
100 :  219
Initializing...
maxdom : 8
D->valSize : 372
Solving...
Blb : 3 (clique : 43)
currentSize : 43 <-- 0.003876 s
currentSize : 44 <-- 0.029152 s
currentSize : 45 <-- 0.399020 s
currentSize : 46 <-- 0.803309 s
currentSize : 47 <-- 0.803461 s
currentSize : 48 <-- 3.478398 s
currentSize : 49 <-- 3.481364 s
currentSize : 50 <-- 7.230257 s
currentSize : 52 <-- 7.231564 s
currentSize : 53 <-- 7.266403 s
currentSize : 54 <-- 7.464750 s
currentSize : 55 <-- 16.551189 s
currentSize : 56 <-- 16.551655 s
currentSize : 57 <-- 16.782715 s
currentSize : 58 <-- 16.794422 s
currentSize : 59 <-- 29.152065 s
currentSize : 61 <-- 29.152187 s
currentSize : 62 <-- 29.152433 s
currentSize : 63 <-- 29.224588 s
currentSize : 64 <-- 29.287266 s

maxsize : 64
nodes : 33973588.000000
filtered : 123392822.000000
time : 180.564423
