Parameters: GAD=1 vflib=1 dir=0 label=0 vlabel=1 lowerbound=1 fileNameGp=../../cp2016-max-common-connected-subgraph-paper/datasets/graphsdb/mcs70/m2D/m2Dr6/mcs70_m2Dr6_s60.A08 fileNameGt=../../cp2016-max-common-connected-subgraph-paper/datasets/graphsdb/mcs70/m2D/m2Dr6/mcs70_m2Dr6_s60.B08
Reading graphs...
60 :  137
60 :  134
Initializing...
maxdom : 6
D->valSize : 263
Solving...
Blb : 2 (clique : 21)
currentSize : 21 <-- 0.001874 s
currentSize : 24 <-- 0.001994 s
currentSize : 25 <-- 0.002094 s
currentSize : 26 <-- 2.307778 s
currentSize : 29 <-- 4.991824 s
currentSize : 30 <-- 9.851336 s
currentSize : 32 <-- 11.637140 s
currentSize : 33 <-- 11.645638 s
currentSize : 34 <-- 12.342966 s
currentSize : 35 <-- 12.381877 s
currentSize : 37 <-- 12.401210 s

maxsize : 37
nodes : 3312645.000000
filtered : 20107404.000000
time : 13.704659
