Parameters: GAD=1 vflib=1 dir=0 label=0 vlabel=1 lowerbound=1 fileNameGp=../../cp2016-max-common-connected-subgraph-paper/datasets/graphsdb/mcs70/m2D/m2Dr4/mcs70_m2Dr4_s80.A05 fileNameGt=../../cp2016-max-common-connected-subgraph-paper/datasets/graphsdb/mcs70/m2D/m2Dr4/mcs70_m2Dr4_s80.B05
Reading graphs...
80 :  173
80 :  172
Initializing...
maxdom : 8
D->valSize : 426
Solving...
Blb : 2 (clique : 33)
currentSize : 33 <-- 0.006888 s
currentSize : 34 <-- 0.389159 s
currentSize : 35 <-- 8.180505 s
currentSize : 36 <-- 8.607149 s
currentSize : 37 <-- 73.259712 s
currentSize : 38 <-- 219.225235 s
currentSize : 39 <-- 221.200409 s
currentSize : 40 <-- 223.161667 s
currentSize : 41 <-- 265.351929 s
currentSize : 42 <-- 265.728363 s
currentSize : 43 <-- 315.915100 s
currentSize : 44 <-- 616.127441 s
currentSize : 45 <-- 616.529968 s
currentSize : 46 <-- 634.361572 s
currentSize : 47 <-- 664.024597 s
currentSize : 48 <-- 948.228394 s
currentSize : 49 <-- 948.260315 s
currentSize : 50 <-- 948.641174 s

TIMEOUT
maxsize : 50
nodes : 189478476.000000
filtered : 1662074590.000000
time : 1000.000061
