Parameters: GAD=1 vflib=1 dir=0 label=0 vlabel=1 lowerbound=1 fileNameGp=../../cp2016-max-common-connected-subgraph-paper/datasets/graphsdb/mcs70/bvg/b06m/mcs70_b06m_s70.A04 fileNameGt=../../cp2016-max-common-connected-subgraph-paper/datasets/graphsdb/mcs70/bvg/b06m/mcs70_b06m_s70.B04
Reading graphs...
70 :  207
70 :  208
Initializing...
maxdom : 7
D->valSize : 333
Solving...
Blb : 2 (clique : 24)
currentSize : 24 <-- 0.002693 s
currentSize : 28 <-- 0.004966 s
currentSize : 30 <-- 0.425784 s
currentSize : 31 <-- 1.066759 s
currentSize : 33 <-- 1.082567 s
currentSize : 34 <-- 1.266375 s
currentSize : 35 <-- 1.266480 s
currentSize : 36 <-- 1.266683 s
currentSize : 37 <-- 1.408740 s
currentSize : 39 <-- 1.408877 s
currentSize : 41 <-- 1.882545 s
currentSize : 42 <-- 2.376286 s
currentSize : 45 <-- 2.400357 s
currentSize : 47 <-- 2.499221 s
currentSize : 49 <-- 2.514394 s

maxsize : 49
nodes : 726145.000000
filtered : 4651151.000000
time : 3.289309
