Parameters: GAD=1 vflib=1 dir=0 label=0 vlabel=1 lowerbound=1 fileNameGp=../../cp2016-max-common-connected-subgraph-paper/datasets/graphsdb/mcs70/rand/r005/mcs70_r005_s70.A00 fileNameGt=../../cp2016-max-common-connected-subgraph-paper/datasets/graphsdb/mcs70/rand/r005/mcs70_r005_s70.B00
Reading graphs...
70 :  235
70 :  235
Initializing...
maxdom : 11
D->valSize : 377
Solving...
Blb : 2 (clique : 26)
currentSize : 26 <-- 0.003310 s
currentSize : 27 <-- 0.008997 s
currentSize : 28 <-- 0.013654 s
currentSize : 30 <-- 0.013726 s
currentSize : 31 <-- 0.016139 s
currentSize : 32 <-- 0.016225 s
currentSize : 33 <-- 0.060888 s
currentSize : 34 <-- 0.063076 s
currentSize : 35 <-- 0.064572 s
currentSize : 37 <-- 0.064794 s
currentSize : 38 <-- 0.291738 s
currentSize : 39 <-- 1.282556 s
currentSize : 40 <-- 1.585682 s
currentSize : 41 <-- 1.585729 s
currentSize : 44 <-- 2.555179 s
currentSize : 46 <-- 2.556610 s
currentSize : 49 <-- 2.556807 s

maxsize : 49
nodes : 513669.000000
filtered : 4704841.000000
time : 2.721506
