Parameters: GAD=1 vflib=1 dir=0 label=0 vlabel=1 lowerbound=1 fileNameGp=../../cp2016-max-common-connected-subgraph-paper/datasets/graphsdb/mcs70/m2D/m2D/mcs70_m2D_s70.A06 fileNameGt=../../cp2016-max-common-connected-subgraph-paper/datasets/graphsdb/mcs70/m2D/m2D/mcs70_m2D_s70.B06
Reading graphs...
70 :  123
70 :  123
Initializing...
maxdom : 8
D->valSize : 365
Solving...
Blb : 5 (clique : 30)
currentSize : 30 <-- 0.003225 s
currentSize : 31 <-- 0.003909 s
currentSize : 32 <-- 0.004201 s
currentSize : 33 <-- 0.958595 s
currentSize : 34 <-- 2.108618 s
currentSize : 37 <-- 3.224937 s
currentSize : 38 <-- 3.226054 s
currentSize : 39 <-- 5.658667 s
currentSize : 40 <-- 5.735365 s
currentSize : 41 <-- 13.786859 s
currentSize : 42 <-- 22.442204 s
currentSize : 43 <-- 22.442324 s
currentSize : 44 <-- 45.897469 s
currentSize : 46 <-- 49.752785 s
currentSize : 48 <-- 49.846233 s
currentSize : 50 <-- 62.467812 s

maxsize : 50
nodes : 17851098.000000
filtered : 80245550.000000
time : 76.312065
