Parameters: GAD=1 vflib=1 dir=0 label=0 vlabel=1 lowerbound=1 fileNameGp=../../cp2016-max-common-connected-subgraph-paper/datasets/graphsdb/mcs70/bvg/b03m/mcs70_b03m_s90.A03 fileNameGt=../../cp2016-max-common-connected-subgraph-paper/datasets/graphsdb/mcs70/bvg/b03m/mcs70_b03m_s90.B03
Reading graphs...
90 :  135
90 :  135
Initializing...
maxdom : 8
D->valSize : 548
Solving...
Blb : 2 (clique : 49)
currentSize : 49 <-- 0.006618 s
currentSize : 50 <-- 0.007030 s
currentSize : 51 <-- 0.007169 s
currentSize : 52 <-- 0.007996 s
currentSize : 53 <-- 0.810478 s
currentSize : 54 <-- 0.813718 s
currentSize : 55 <-- 2.359605 s
currentSize : 56 <-- 2.359671 s
currentSize : 57 <-- 2.359942 s
currentSize : 58 <-- 2.360036 s

TIMEOUT
maxsize : 58
nodes : 191492631.000000
filtered : 990539262.000000
time : 1000.000122
