Parameters: GAD=1 vflib=1 dir=0 label=0 vlabel=1 lowerbound=1 fileNameGp=../../cp2016-max-common-connected-subgraph-paper/datasets/graphsdb/mcs70/bvg/b06m/mcs70_b06m_s90.A09 fileNameGt=../../cp2016-max-common-connected-subgraph-paper/datasets/graphsdb/mcs70/bvg/b06m/mcs70_b06m_s90.B09
Reading graphs...
90 :  267
90 :  265
Initializing...
maxdom : 12
D->valSize : 588
Solving...
Blb : 2 (clique : 41)
currentSize : 41 <-- 0.007200 s
currentSize : 43 <-- 0.007547 s
currentSize : 45 <-- 0.010499 s
currentSize : 49 <-- 0.024090 s
currentSize : 50 <-- 0.024355 s
currentSize : 51 <-- 0.222665 s
currentSize : 52 <-- 0.223267 s
currentSize : 53 <-- 0.686927 s
currentSize : 54 <-- 0.687784 s
currentSize : 55 <-- 1.475365 s
currentSize : 56 <-- 1.476293 s
currentSize : 57 <-- 1.477119 s
currentSize : 58 <-- 1.885778 s
currentSize : 59 <-- 1.886912 s
currentSize : 60 <-- 1.887601 s
currentSize : 61 <-- 41.688847 s
currentSize : 62 <-- 85.001221 s
currentSize : 63 <-- 85.001999 s
currentSize : 64 <-- 85.002449 s

maxsize : 64
nodes : 32683548.000000
filtered : 222920993.000000
time : 186.219620
