Parameters: GAD=1 vflib=1 dir=0 label=0 vlabel=1 lowerbound=1 fileNameGp=../../cp2016-max-common-connected-subgraph-paper/datasets/graphsdb/mcs70/m2D/m2D/mcs70_m2D_s100.A06 fileNameGt=../../cp2016-max-common-connected-subgraph-paper/datasets/graphsdb/mcs70/m2D/m2D/mcs70_m2D_s100.B06
Reading graphs...
100 :  180
100 :  180
Initializing...
maxdom : 6
D->valSize : 341
Solving...
Blb : 2 (clique : 48)
currentSize : 48 <-- 0.003552 s
currentSize : 49 <-- 0.004643 s
currentSize : 50 <-- 0.008530 s
currentSize : 51 <-- 0.062392 s
currentSize : 52 <-- 0.064476 s
currentSize : 53 <-- 0.064561 s
currentSize : 54 <-- 0.136739 s
currentSize : 55 <-- 0.222880 s
currentSize : 56 <-- 0.285254 s
currentSize : 58 <-- 0.369068 s
currentSize : 59 <-- 0.369932 s
currentSize : 60 <-- 203.955627 s

TIMEOUT
maxsize : 60
nodes : 208183868.000000
filtered : 586012770.000000
time : 1000.000122
