Parameters: GAD=1 vflib=1 dir=0 label=0 vlabel=1 lowerbound=1 fileNameGp=../../cp2016-max-common-connected-subgraph-paper/datasets/graphsdb/mcs70/rand/r005/mcs70_r005_s80.A02 fileNameGt=../../cp2016-max-common-connected-subgraph-paper/datasets/graphsdb/mcs70/rand/r005/mcs70_r005_s80.B02
Reading graphs...
80 :  309
80 :  308
Initializing...
maxdom : 8
D->valSize : 430
Solving...
Blb : 2 (clique : 26)
currentSize : 26 <-- 0.006829 s
currentSize : 28 <-- 0.008126 s
currentSize : 29 <-- 0.008188 s
currentSize : 30 <-- 0.009471 s
currentSize : 32 <-- 0.011067 s
currentSize : 33 <-- 0.011140 s
currentSize : 35 <-- 0.015043 s
currentSize : 41 <-- 0.022780 s
currentSize : 44 <-- 2.215268 s
currentSize : 56 <-- 3.241136 s

maxsize : 56
nodes : 562825.000000
filtered : 5308528.000000
time : 3.518893
