Parameters: GAD=1 vflib=1 dir=0 label=0 vlabel=1 lowerbound=1 fileNameGp=../../cp2016-max-common-connected-subgraph-paper/datasets/graphsdb/mcs70/bvg/b09m/mcs70_b09m_s80.A07 fileNameGt=../../cp2016-max-common-connected-subgraph-paper/datasets/graphsdb/mcs70/bvg/b09m/mcs70_b09m_s80.B07
Reading graphs...
80 :  355
80 :  354
Initializing...
maxdom : 10
D->valSize : 476
Solving...
Blb : 2 (clique : 24)
currentSize : 24 <-- 0.007766 s
currentSize : 25 <-- 0.008070 s
currentSize : 29 <-- 0.008173 s
currentSize : 31 <-- 0.008825 s
currentSize : 33 <-- 0.011013 s
currentSize : 36 <-- 0.011780 s
currentSize : 37 <-- 0.016426 s
currentSize : 38 <-- 0.016874 s
currentSize : 39 <-- 0.017039 s
currentSize : 42 <-- 0.053853 s
currentSize : 44 <-- 0.079322 s
currentSize : 46 <-- 0.080263 s
currentSize : 51 <-- 0.084183 s
currentSize : 54 <-- 0.084811 s
currentSize : 56 <-- 2.431001 s

maxsize : 56
nodes : 647722.000000
filtered : 4195712.000000
time : 3.349020
