Parameters: GAD=1 vflib=1 dir=0 label=0 vlabel=1 lowerbound=1 fileNameGp=../../cp2016-max-common-connected-subgraph-paper/datasets/graphsdb/mcs70/rand/r01/mcs70_r01_s90.A08 fileNameGt=../../cp2016-max-common-connected-subgraph-paper/datasets/graphsdb/mcs70/rand/r01/mcs70_r01_s90.B08
Reading graphs...
90 :  767
90 :  765
Initializing...
maxdom : 9
D->valSize : 528
Solving...
Blb : 2 (clique : 16)
currentSize : 16 <-- 0.005741 s
currentSize : 17 <-- 0.006217 s
currentSize : 18 <-- 0.007774 s
currentSize : 19 <-- 0.009008 s
currentSize : 20 <-- 0.045719 s
currentSize : 21 <-- 0.309030 s
currentSize : 22 <-- 0.309083 s
currentSize : 23 <-- 0.353741 s
currentSize : 25 <-- 0.696061 s
currentSize : 30 <-- 0.806929 s
currentSize : 32 <-- 0.807062 s
currentSize : 35 <-- 1.277381 s
currentSize : 36 <-- 1.471958 s
currentSize : 38 <-- 1.534124 s
currentSize : 46 <-- 1.534343 s
currentSize : 52 <-- 1.929564 s
currentSize : 63 <-- 2.013512 s

maxsize : 63
nodes : 330125.000000
filtered : 3356897.000000
time : 2.057803
