Parameters: GAD=1 vflib=1 dir=0 label=0 vlabel=1 lowerbound=1 fileNameGp=../../cp2016-max-common-connected-subgraph-paper/datasets/graphsdb/mcs70/m2D/m2Dr6/mcs70_m2Dr6_s100.A09 fileNameGt=../../cp2016-max-common-connected-subgraph-paper/datasets/graphsdb/mcs70/m2D/m2Dr6/mcs70_m2Dr6_s100.B09
Reading graphs...
100 :  239
100 :  234
Initializing...
maxdom : 7
D->valSize : 365
Solving...
Blb : 2 (clique : 49)
currentSize : 49 <-- 0.006110 s
currentSize : 50 <-- 0.006697 s
currentSize : 51 <-- 0.008535 s
currentSize : 52 <-- 4.071976 s
currentSize : 53 <-- 9.783952 s
currentSize : 54 <-- 13.484264 s
currentSize : 55 <-- 31.630363 s
currentSize : 56 <-- 39.592484 s
currentSize : 57 <-- 69.040207 s
currentSize : 58 <-- 69.040352 s
currentSize : 59 <-- 69.214516 s
currentSize : 60 <-- 69.299644 s
currentSize : 61 <-- 69.299789 s
currentSize : 62 <-- 69.554710 s
currentSize : 63 <-- 629.627930 s
currentSize : 64 <-- 635.604126 s

TIMEOUT
maxsize : 64
nodes : 216440708.000000
filtered : 611382351.000000
time : 1000.000122
