Parameters: GAD=1 vflib=1 dir=0 label=0 vlabel=1 lowerbound=1 fileNameGp=../../cp2016-max-common-connected-subgraph-paper/datasets/graphsdb/mcs70/m3D/m3Dr4/mcs70_m3Dr4_s100.A05 fileNameGt=../../cp2016-max-common-connected-subgraph-paper/datasets/graphsdb/mcs70/m3D/m3Dr4/mcs70_m3Dr4_s100.B05
Reading graphs...
100 :  273
100 :  272
Initializing...
maxdom : 7
D->valSize : 369
Solving...
Blb : 3 (clique : 44)
currentSize : 44 <-- 0.003770 s
currentSize : 45 <-- 0.004883 s
currentSize : 47 <-- 0.108734 s
currentSize : 48 <-- 16.662321 s
currentSize : 49 <-- 16.676908 s
currentSize : 51 <-- 16.721207 s
currentSize : 52 <-- 18.048981 s
currentSize : 54 <-- 24.538710 s
currentSize : 55 <-- 24.607332 s
currentSize : 56 <-- 24.616989 s
currentSize : 57 <-- 26.352369 s
currentSize : 58 <-- 29.984928 s
currentSize : 59 <-- 34.804096 s
currentSize : 60 <-- 42.757690 s
currentSize : 61 <-- 47.992031 s
currentSize : 62 <-- 48.938099 s
currentSize : 63 <-- 48.962696 s
currentSize : 64 <-- 90.559959 s

maxsize : 64
nodes : 66149465.000000
filtered : 245925954.000000
time : 347.934052
