Parameters: GAD=1 vflib=1 dir=0 label=0 vlabel=1 lowerbound=1 fileNameGp=../../cp2016-max-common-connected-subgraph-paper/datasets/graphsdb/mcs70/bvg/b03m/mcs70_b03m_s90.A02 fileNameGt=../../cp2016-max-common-connected-subgraph-paper/datasets/graphsdb/mcs70/bvg/b03m/mcs70_b03m_s90.B02
Reading graphs...
90 :  135
90 :  135
Initializing...
maxdom : 11
D->valSize : 615
Solving...
Blb : 2 (clique : 46)
currentSize : 46 <-- 0.007877 s
currentSize : 47 <-- 0.008354 s
currentSize : 48 <-- 0.008411 s
currentSize : 49 <-- 0.010349 s
currentSize : 52 <-- 0.014609 s
currentSize : 53 <-- 0.014670 s
currentSize : 54 <-- 0.017516 s
currentSize : 56 <-- 0.026554 s
currentSize : 57 <-- 0.027842 s
currentSize : 58 <-- 0.161214 s
currentSize : 60 <-- 1.393230 s

TIMEOUT
maxsize : 60
nodes : 180624892.000000
filtered : 1071194558.000000
time : 1000.000122
