Parameters: GAD=1 vflib=1 dir=0 label=0 vlabel=1 lowerbound=1 fileNameGp=../../cp2016-max-common-connected-subgraph-paper/datasets/graphsdb/mcs70/rand/r02/mcs70_r02_s80.A08 fileNameGt=../../cp2016-max-common-connected-subgraph-paper/datasets/graphsdb/mcs70/rand/r02/mcs70_r02_s80.B08
Reading graphs...
80 :  1133
80 :  1140
Initializing...
maxdom : 9
D->valSize : 476
Solving...
Blb : 2 (clique : 10)
currentSize : 10 <-- 0.004487 s
currentSize : 11 <-- 0.004753 s
currentSize : 12 <-- 0.012697 s
currentSize : 14 <-- 0.099384 s
currentSize : 16 <-- 0.106017 s
currentSize : 18 <-- 0.468589 s
currentSize : 19 <-- 0.968179 s
currentSize : 26 <-- 0.978918 s
currentSize : 56 <-- 1.077337 s

maxsize : 56
nodes : 212142.000000
filtered : 1529458.000000
time : 1.088448
