Parameters: GAD=1 vflib=1 dir=0 label=0 vlabel=1 lowerbound=1 fileNameGp=../../cp2016-max-common-connected-subgraph-paper/datasets/graphsdb/mcs70/rand/r01/mcs70_r01_s50.A03 fileNameGt=../../cp2016-max-common-connected-subgraph-paper/datasets/graphsdb/mcs70/rand/r01/mcs70_r01_s50.B03
Reading graphs...
50 :  236
50 :  234
Initializing...
maxdom : 9
D->valSize : 336
Solving...
Blb : 3 (clique : 14)
currentSize : 14 <-- 0.002278 s
currentSize : 15 <-- 0.005680 s
currentSize : 16 <-- 0.036497 s
currentSize : 17 <-- 0.054551 s
currentSize : 18 <-- 0.128772 s
currentSize : 20 <-- 0.128849 s
currentSize : 21 <-- 0.157644 s
currentSize : 22 <-- 0.158637 s
currentSize : 25 <-- 0.159010 s
currentSize : 29 <-- 0.173471 s
currentSize : 35 <-- 0.177270 s

maxsize : 35
nodes : 44576.000000
filtered : 394995.000000
time : 0.189958
