Parameters: GAD=1 vflib=1 dir=0 label=0 vlabel=1 lowerbound=1 fileNameGp=../../cp2016-max-common-connected-subgraph-paper/datasets/graphsdb/mcs70/bvg/b06/mcs70_b06_s60.A07 fileNameGt=../../cp2016-max-common-connected-subgraph-paper/datasets/graphsdb/mcs70/bvg/b06/mcs70_b06_s60.B07
Reading graphs...
60 :  180
60 :  180
Initializing...
maxdom : 10
D->valSize : 273
Solving...
Blb : 2 (clique : 25)
currentSize : 25 <-- 0.001988 s
currentSize : 26 <-- 0.002230 s
currentSize : 27 <-- 0.002351 s
currentSize : 29 <-- 0.002474 s
currentSize : 31 <-- 0.002573 s
currentSize : 32 <-- 0.007624 s
currentSize : 33 <-- 0.009979 s
currentSize : 34 <-- 0.010107 s
currentSize : 36 <-- 0.010241 s
currentSize : 39 <-- 0.022768 s
currentSize : 42 <-- 0.022850 s

maxsize : 42
nodes : 12295.000000
filtered : 58953.000000
time : 0.048081
