Parameters: GAD=1 vflib=1 dir=0 label=0 vlabel=1 lowerbound=1 fileNameGp=../../cp2016-max-common-connected-subgraph-paper/datasets/graphsdb/mcs70/rand/r005/mcs70_r005_s90.A06 fileNameGt=../../cp2016-max-common-connected-subgraph-paper/datasets/graphsdb/mcs70/rand/r005/mcs70_r005_s90.B06
Reading graphs...
90 :  389
90 :  392
Initializing...
maxdom : 14
D->valSize : 581
Solving...
Blb : 2 (clique : 25)
currentSize : 25 <-- 0.006706 s
currentSize : 26 <-- 0.009038 s
currentSize : 27 <-- 0.010304 s
currentSize : 28 <-- 0.087559 s
currentSize : 29 <-- 0.087693 s
currentSize : 30 <-- 0.164724 s
currentSize : 32 <-- 0.175001 s
currentSize : 33 <-- 0.207274 s
currentSize : 34 <-- 0.207369 s
currentSize : 36 <-- 0.399900 s
currentSize : 38 <-- 0.409261 s
currentSize : 39 <-- 0.701475 s
currentSize : 40 <-- 0.704703 s
currentSize : 41 <-- 0.704775 s
currentSize : 43 <-- 0.705114 s
currentSize : 46 <-- 0.734343 s
currentSize : 48 <-- 1.255487 s
currentSize : 52 <-- 1.316601 s
currentSize : 53 <-- 2.731831 s
currentSize : 60 <-- 2.853500 s
currentSize : 63 <-- 2.853677 s

maxsize : 63
nodes : 676280.000000
filtered : 4634515.000000
time : 3.847298
