Parameters: GAD=1 vflib=1 dir=0 label=0 vlabel=1 lowerbound=1 fileNameGp=../../cp2016-max-common-connected-subgraph-paper/datasets/graphsdb/mcs70/m3D/m3Dr6/mcs70_m3Dr6_s90.A02 fileNameGt=../../cp2016-max-common-connected-subgraph-paper/datasets/graphsdb/mcs70/m3D/m3Dr6/mcs70_m3Dr6_s90.B02
Reading graphs...
90 :  260
90 :  256
Initializing...
maxdom : 13
D->valSize : 581
Solving...
Blb : 2 (clique : 40)
currentSize : 40 <-- 0.011716 s
currentSize : 43 <-- 0.012186 s
currentSize : 46 <-- 0.012589 s
currentSize : 49 <-- 0.013019 s
currentSize : 52 <-- 0.016709 s
currentSize : 53 <-- 0.016901 s
currentSize : 54 <-- 0.026991 s
currentSize : 56 <-- 0.162923 s
currentSize : 61 <-- 0.178841 s
currentSize : 64 <-- 41.142643 s

maxsize : 64
nodes : 25478626.000000
filtered : 127941116.000000
time : 125.379112
