Parameters: GAD=1 vflib=1 dir=0 label=0 vlabel=1 lowerbound=1 fileNameGp=../../cp2016-max-common-connected-subgraph-paper/datasets/graphsdb/mcs70/bvg/b06/mcs70_b06_s100.A01 fileNameGt=../../cp2016-max-common-connected-subgraph-paper/datasets/graphsdb/mcs70/bvg/b06/mcs70_b06_s100.B01
Reading graphs...
100 :  299
100 :  300
Initializing...
maxdom : 10
D->valSize : 399
Solving...
Blb : 2 (clique : 45)
currentSize : 45 <-- 0.004512 s
currentSize : 46 <-- 0.020942 s
currentSize : 47 <-- 0.051248 s
currentSize : 50 <-- 0.082609 s
currentSize : 52 <-- 0.082749 s
currentSize : 53 <-- 0.087419 s
currentSize : 54 <-- 0.910942 s
currentSize : 55 <-- 0.911146 s
currentSize : 59 <-- 0.915609 s
currentSize : 61 <-- 0.916163 s
currentSize : 63 <-- 1.032246 s
currentSize : 67 <-- 1.036798 s
currentSize : 69 <-- 1.037199 s
currentSize : 70 <-- 4.774452 s

maxsize : 70
nodes : 1559292.000000
filtered : 6828393.000000
time : 8.611985
