Parameters: GAD=1 vflib=1 dir=0 label=0 vlabel=1 lowerbound=1 fileNameGp=../../cp2016-max-common-connected-subgraph-paper/datasets/graphsdb/mcs70/bvg/b03m/mcs70_b03m_s70.A01 fileNameGt=../../cp2016-max-common-connected-subgraph-paper/datasets/graphsdb/mcs70/bvg/b03m/mcs70_b03m_s70.B01
Reading graphs...
70 :  104
70 :  104
Initializing...
maxdom : 8
D->valSize : 338
Solving...
Blb : 2 (clique : 31)
currentSize : 31 <-- 0.002845 s
currentSize : 36 <-- 0.003043 s
currentSize : 37 <-- 0.003184 s
currentSize : 38 <-- 1.195044 s
currentSize : 39 <-- 3.625601 s
currentSize : 41 <-- 3.638701 s
currentSize : 42 <-- 7.404826 s
currentSize : 43 <-- 11.610801 s
currentSize : 44 <-- 23.694006 s
currentSize : 45 <-- 44.358631 s
currentSize : 46 <-- 46.574581 s
currentSize : 47 <-- 54.551842 s
currentSize : 48 <-- 66.044312 s

maxsize : 48
nodes : 16492676.000000
filtered : 85957351.000000
time : 73.815346
