Parameters: GAD=1 vflib=1 dir=0 label=0 vlabel=1 lowerbound=1 fileNameGp=../../cp2016-max-common-connected-subgraph-paper/datasets/graphsdb/mcs70/m2D/m2Dr6/mcs70_m2Dr6_s90.A07 fileNameGt=../../cp2016-max-common-connected-subgraph-paper/datasets/graphsdb/mcs70/m2D/m2Dr6/mcs70_m2Dr6_s90.B07
Reading graphs...
90 :  214
90 :  213
Initializing...
maxdom : 10
D->valSize : 575
Solving...
Blb : 2 (clique : 42)
currentSize : 42 <-- 0.006858 s
currentSize : 43 <-- 0.007162 s
currentSize : 47 <-- 0.007422 s
currentSize : 50 <-- 0.007558 s
currentSize : 51 <-- 0.007693 s
currentSize : 52 <-- 0.007878 s
currentSize : 54 <-- 0.008041 s
currentSize : 55 <-- 0.008479 s
currentSize : 56 <-- 0.008838 s
currentSize : 57 <-- 0.008979 s
currentSize : 58 <-- 0.016986 s
currentSize : 59 <-- 0.017447 s
currentSize : 60 <-- 0.017633 s
currentSize : 61 <-- 0.017776 s
currentSize : 63 <-- 0.091306 s
currentSize : 65 <-- 0.091522 s

maxsize : 65
nodes : 6992492.000000
filtered : 45797512.000000
time : 40.207657
