Parameters: GAD=1 vflib=1 dir=0 label=0 vlabel=1 lowerbound=1 fileNameGp=../../cp2016-max-common-connected-subgraph-paper/datasets/graphsdb/mcs70/m2D/m2Dr2/mcs70_m2Dr2_s90.A06 fileNameGt=../../cp2016-max-common-connected-subgraph-paper/datasets/graphsdb/mcs70/m2D/m2Dr2/mcs70_m2Dr2_s90.B06
Reading graphs...
90 :  178
90 :  177
Initializing...
maxdom : 10
D->valSize : 549
Solving...
Blb : 2 (clique : 49)
currentSize : 49 <-- 0.006613 s
currentSize : 52 <-- 0.006969 s
currentSize : 53 <-- 0.010720 s
currentSize : 54 <-- 1.043518 s
currentSize : 55 <-- 1.088386 s
currentSize : 56 <-- 5.478494 s
currentSize : 57 <-- 5.480001 s
currentSize : 58 <-- 61.348904 s
currentSize : 59 <-- 61.352921 s
currentSize : 60 <-- 63.013336 s
currentSize : 61 <-- 632.129089 s
currentSize : 62 <-- 632.149780 s
currentSize : 64 <-- 632.150085 s
currentSize : 66 <-- 634.746521 s

maxsize : 66
nodes : 121003463.000000
filtered : 748812383.000000
time : 677.479370
