Parameters: GAD=1 vflib=1 dir=0 label=0 vlabel=1 lowerbound=1 fileNameGp=../../cp2016-max-common-connected-subgraph-paper/datasets/graphsdb/mcs70/bvg/b06m/mcs70_b06m_s60.A09 fileNameGt=../../cp2016-max-common-connected-subgraph-paper/datasets/graphsdb/mcs70/bvg/b06m/mcs70_b06m_s60.B09
Reading graphs...
60 :  177
60 :  177
Initializing...
maxdom : 6
D->valSize : 257
Solving...
Blb : 3 (clique : 22)
currentSize : 22 <-- 0.001783 s
currentSize : 24 <-- 0.002864 s
currentSize : 25 <-- 0.003364 s
currentSize : 26 <-- 0.003525 s
currentSize : 29 <-- 0.006466 s
currentSize : 30 <-- 0.006590 s
currentSize : 31 <-- 0.006672 s
currentSize : 33 <-- 0.014010 s
currentSize : 35 <-- 0.025507 s
currentSize : 36 <-- 0.039781 s
currentSize : 37 <-- 0.039844 s
currentSize : 40 <-- 0.044141 s
currentSize : 41 <-- 0.044221 s
currentSize : 42 <-- 0.323976 s

maxsize : 42
nodes : 175471.000000
filtered : 587977.000000
time : 0.591838
