Parameters: GAD=1 vflib=1 dir=0 label=0 vlabel=1 lowerbound=1 fileNameGp=../../cp2016-max-common-connected-subgraph-paper/datasets/graphsdb/mcs70/m3D/m3D/mcs70_m3D_s90.A05 fileNameGt=../../cp2016-max-common-connected-subgraph-paper/datasets/graphsdb/mcs70/m3D/m3D/mcs70_m3D_s90.B05
Reading graphs...
90 :  209
90 :  208
Initializing...
maxdom : 10
D->valSize : 583
Solving...
Blb : 2 (clique : 43)
currentSize : 43 <-- 0.007330 s
currentSize : 44 <-- 0.867031 s
currentSize : 45 <-- 1.680417 s
currentSize : 46 <-- 1.692536 s
currentSize : 47 <-- 1.693242 s
currentSize : 48 <-- 2.115044 s
currentSize : 49 <-- 2.854979 s
currentSize : 50 <-- 2.864042 s
currentSize : 51 <-- 9.176796 s
currentSize : 52 <-- 59.711906 s
currentSize : 54 <-- 104.027031 s
currentSize : 55 <-- 426.417664 s
currentSize : 56 <-- 496.857758 s
currentSize : 58 <-- 540.291077 s
currentSize : 60 <-- 569.033691 s
currentSize : 61 <-- 569.033936 s
currentSize : 62 <-- 883.459412 s

TIMEOUT
maxsize : 62
nodes : 213128151.000000
filtered : 926506429.000000
time : 1000.000061
