Parameters: GAD=1 vflib=1 dir=0 label=0 vlabel=1 lowerbound=1 fileNameGp=../../cp2016-max-common-connected-subgraph-paper/datasets/graphsdb/mcs70/m3D/m3D/mcs70_m3D_s90.A09 fileNameGt=../../cp2016-max-common-connected-subgraph-paper/datasets/graphsdb/mcs70/m3D/m3D/mcs70_m3D_s90.B09
Reading graphs...
90 :  208
90 :  209
Initializing...
maxdom : 10
D->valSize : 562
Solving...
Blb : 2 (clique : 49)
currentSize : 49 <-- 0.006603 s
currentSize : 50 <-- 0.009779 s
currentSize : 51 <-- 0.010996 s
currentSize : 53 <-- 0.039946 s
currentSize : 54 <-- 0.058570 s
currentSize : 55 <-- 0.081460 s
currentSize : 56 <-- 0.081518 s
currentSize : 57 <-- 0.124635 s
currentSize : 59 <-- 0.124708 s
currentSize : 60 <-- 0.257207 s
currentSize : 61 <-- 32.901745 s
currentSize : 63 <-- 32.901905 s
currentSize : 64 <-- 33.233650 s

TIMEOUT
maxsize : 64
nodes : 225574730.000000
filtered : 954366631.000000
time : 1000.000183
