Parameters: GAD=1 vflib=1 dir=0 label=0 vlabel=1 lowerbound=1 fileNameGp=../../cp2016-max-common-connected-subgraph-paper/datasets/graphsdb/mcs70/m2D/m2Dr2/mcs70_m2Dr2_s50.A08 fileNameGt=../../cp2016-max-common-connected-subgraph-paper/datasets/graphsdb/mcs70/m2D/m2Dr2/mcs70_m2Dr2_s50.B08
Reading graphs...
50 :  95
50 :  95
Initializing...
maxdom : 9
D->valSize : 340
Solving...
Blb : 2 (clique : 24)
currentSize : 24 <-- 0.002449 s
currentSize : 25 <-- 0.097438 s
currentSize : 26 <-- 0.098434 s
currentSize : 27 <-- 0.173168 s
currentSize : 28 <-- 1.159683 s
currentSize : 30 <-- 3.400813 s
currentSize : 31 <-- 3.400939 s
currentSize : 32 <-- 3.401893 s
currentSize : 33 <-- 3.403207 s
currentSize : 35 <-- 3.403281 s
currentSize : 36 <-- 3.403428 s

maxsize : 36
nodes : 877133.000000
filtered : 8642803.000000
time : 3.744496
