Parameters: GAD=1 vflib=1 dir=0 label=0 vlabel=1 lowerbound=1 fileNameGp=../../cp2016-max-common-connected-subgraph-paper/datasets/graphsdb/mcs70/rand/r01/mcs70_r01_s70.A04 fileNameGt=../../cp2016-max-common-connected-subgraph-paper/datasets/graphsdb/mcs70/rand/r01/mcs70_r01_s70.B04
Reading graphs...
70 :  457
70 :  458
Initializing...
maxdom : 8
D->valSize : 350
Solving...
Blb : 3 (clique : 18)
currentSize : 18 <-- 0.002847 s
currentSize : 19 <-- 0.004122 s
currentSize : 20 <-- 0.028960 s
currentSize : 21 <-- 0.032288 s
currentSize : 22 <-- 0.043344 s
currentSize : 23 <-- 0.043369 s
currentSize : 26 <-- 0.107136 s
currentSize : 27 <-- 0.107890 s
currentSize : 28 <-- 0.226051 s
currentSize : 29 <-- 0.288182 s
currentSize : 33 <-- 0.288554 s
currentSize : 38 <-- 0.329770 s
currentSize : 39 <-- 0.344348 s
currentSize : 49 <-- 0.344764 s

maxsize : 49
nodes : 73394.000000
filtered : 564088.000000
time : 0.370772
