Parameters: GAD=1 vflib=1 dir=0 label=0 vlabel=1 lowerbound=1 fileNameGp=../../cp2016-max-common-connected-subgraph-paper/datasets/graphsdb/mcs70/m2D/m2Dr4/mcs70_m2Dr4_s100.A03 fileNameGt=../../cp2016-max-common-connected-subgraph-paper/datasets/graphsdb/mcs70/m2D/m2Dr4/mcs70_m2Dr4_s100.B03
Reading graphs...
100 :  219
100 :  218
Initializing...
maxdom : 8
D->valSize : 406
Solving...
Blb : 3 (clique : 59)
currentSize : 59 <-- 0.004379 s
currentSize : 60 <-- 2.217171 s
currentSize : 61 <-- 71.678032 s
currentSize : 63 <-- 71.700630 s
currentSize : 64 <-- 114.006882 s

maxsize : 64
nodes : 21794311.000000
filtered : 122565725.000000
time : 130.637650
