Parameters: GAD=1 vflib=1 dir=0 label=0 vlabel=1 lowerbound=1 fileNameGp=../../cp2016-max-common-connected-subgraph-paper/datasets/graphsdb/mcs70/bvg/b06/mcs70_b06_s50.A02 fileNameGt=../../cp2016-max-common-connected-subgraph-paper/datasets/graphsdb/mcs70/bvg/b06/mcs70_b06_s50.B02
Reading graphs...
50 :  150
50 :  150
Initializing...
maxdom : 14
D->valSize : 375
Solving...
Blb : 2 (clique : 24)
currentSize : 24 <-- 0.002728 s
currentSize : 25 <-- 0.002881 s
currentSize : 26 <-- 0.003235 s
currentSize : 27 <-- 0.003306 s
currentSize : 28 <-- 0.003475 s
currentSize : 29 <-- 0.007902 s
currentSize : 30 <-- 0.007992 s
currentSize : 31 <-- 0.008070 s
currentSize : 32 <-- 0.008158 s
currentSize : 35 <-- 0.409927 s

maxsize : 35
nodes : 101888.000000
filtered : 1093830.000000
time : 0.451746
