Parameters: GAD=1 vflib=1 dir=0 label=0 vlabel=1 lowerbound=1 fileNameGp=../../cp2016-max-common-connected-subgraph-paper/datasets/graphsdb/mcs70/bvg/b09/mcs70_b09_s100.A08 fileNameGt=../../cp2016-max-common-connected-subgraph-paper/datasets/graphsdb/mcs70/bvg/b09/mcs70_b09_s100.B08
Reading graphs...
100 :  449
100 :  449
Initializing...
maxdom : 7
D->valSize : 380
Solving...
Blb : 2 (clique : 37)
currentSize : 37 <-- 0.003909 s
currentSize : 40 <-- 0.004926 s
currentSize : 42 <-- 0.011137 s
currentSize : 45 <-- 0.035139 s
currentSize : 48 <-- 0.035388 s
currentSize : 49 <-- 0.068527 s
currentSize : 56 <-- 0.072617 s
currentSize : 63 <-- 0.155829 s
currentSize : 64 <-- 0.155967 s
currentSize : 70 <-- 2.207486 s

maxsize : 70
nodes : 556924.000000
filtered : 3860247.000000
time : 3.551074
