Parameters: GAD=1 vflib=1 dir=0 label=0 vlabel=1 lowerbound=1 fileNameGp=../../cp2016-max-common-connected-subgraph-paper/datasets/graphsdb/mcs70/bvg/b09/mcs70_b09_s100.A05 fileNameGt=../../cp2016-max-common-connected-subgraph-paper/datasets/graphsdb/mcs70/bvg/b09/mcs70_b09_s100.B05
Reading graphs...
100 :  449
100 :  448
Initializing...
maxdom : 6
D->valSize : 387
Solving...
Blb : 2 (clique : 45)
currentSize : 45 <-- 0.003971 s
currentSize : 46 <-- 1.861211 s
currentSize : 51 <-- 1.895998 s
currentSize : 52 <-- 1.896069 s
currentSize : 53 <-- 1.897170 s
currentSize : 54 <-- 2.264734 s
currentSize : 60 <-- 3.461234 s
currentSize : 61 <-- 3.461309 s
currentSize : 62 <-- 3.461582 s
currentSize : 63 <-- 3.461657 s
currentSize : 68 <-- 7.674912 s
currentSize : 70 <-- 7.675252 s

maxsize : 70
nodes : 2434729.000000
filtered : 11367263.000000
time : 13.169013
