Parameters: GAD=1 vflib=1 dir=0 label=0 vlabel=1 lowerbound=1 fileNameGp=../../cp2016-max-common-connected-subgraph-paper/datasets/graphsdb/mcs70/m3D/m3D/mcs70_m3D_s100.A03 fileNameGt=../../cp2016-max-common-connected-subgraph-paper/datasets/graphsdb/mcs70/m3D/m3D/mcs70_m3D_s100.B03
Reading graphs...
100 :  235
100 :  235
Initializing...
maxdom : 6
D->valSize : 368
Solving...
Blb : 2 (clique : 40)
currentSize : 40 <-- 0.006481 s
currentSize : 41 <-- 0.006933 s
currentSize : 42 <-- 0.007456 s
currentSize : 43 <-- 0.009967 s
currentSize : 44 <-- 0.010554 s
currentSize : 45 <-- 0.010815 s
currentSize : 46 <-- 0.011736 s
currentSize : 47 <-- 0.016171 s
currentSize : 48 <-- 0.210580 s
currentSize : 49 <-- 0.210974 s
currentSize : 50 <-- 1.619290 s
currentSize : 51 <-- 2.261174 s
currentSize : 52 <-- 2.273159 s
currentSize : 53 <-- 683.049500 s
currentSize : 54 <-- 683.154419 s
currentSize : 55 <-- 683.158569 s
currentSize : 56 <-- 684.441467 s
currentSize : 57 <-- 685.927673 s
currentSize : 58 <-- 685.931091 s
currentSize : 59 <-- 685.932495 s

TIMEOUT
maxsize : 59
nodes : 229770677.000000
filtered : 542617772.000000
time : 1000.000122
