Parameters: GAD=1 vflib=1 dir=0 label=0 vlabel=1 lowerbound=1 fileNameGp=../../cp2016-max-common-connected-subgraph-paper/datasets/graphsdb/mcs70/rand/r005/mcs70_r005_s40.A04 fileNameGt=../../cp2016-max-common-connected-subgraph-paper/datasets/graphsdb/mcs70/rand/r005/mcs70_r005_s40.B04
Reading graphs...
40 :  76
40 :  76
Initializing...
maxdom : 7
D->valSize : 208
Solving...
Blb : 2 (clique : 17)
currentSize : 17 <-- 0.001243 s
currentSize : 18 <-- 0.001319 s
currentSize : 19 <-- 0.003341 s
currentSize : 20 <-- 0.046667 s
currentSize : 21 <-- 0.483070 s
currentSize : 22 <-- 0.518872 s
currentSize : 23 <-- 0.619060 s
currentSize : 24 <-- 0.665891 s
currentSize : 25 <-- 0.693798 s
currentSize : 28 <-- 0.739526 s

maxsize : 28
nodes : 229644.000000
filtered : 1585000.000000
time : 0.749262
