Parameters: GAD=1 vflib=1 dir=0 label=0 vlabel=1 lowerbound=1 fileNameGp=../../cp2016-max-common-connected-subgraph-paper/datasets/graphsdb/mcs70/m2D/m2Dr2/mcs70_m2Dr2_s70.A05 fileNameGt=../../cp2016-max-common-connected-subgraph-paper/datasets/graphsdb/mcs70/m2D/m2Dr2/mcs70_m2Dr2_s70.B05
Reading graphs...
70 :  136
70 :  135
Initializing...
maxdom : 8
D->valSize : 342
Solving...
Blb : 2 (clique : 32)
currentSize : 32 <-- 0.002912 s
currentSize : 33 <-- 0.003106 s
currentSize : 34 <-- 0.003285 s
currentSize : 35 <-- 0.006466 s
currentSize : 36 <-- 0.011485 s
currentSize : 37 <-- 0.024725 s
currentSize : 38 <-- 0.024855 s
currentSize : 39 <-- 0.024962 s
currentSize : 40 <-- 0.042404 s
currentSize : 42 <-- 0.208480 s
currentSize : 43 <-- 0.208666 s
currentSize : 45 <-- 0.534011 s
currentSize : 47 <-- 0.534236 s
currentSize : 48 <-- 0.534320 s
currentSize : 49 <-- 1.402009 s

maxsize : 49
nodes : 580369.000000
filtered : 2332415.000000
time : 2.492964
