Parameters: GAD=1 vflib=1 dir=0 label=0 vlabel=1 lowerbound=1 fileNameGp=../../cp2016-max-common-connected-subgraph-paper/datasets/graphsdb/mcs70/bvg/b03m/mcs70_b03m_s100.A05 fileNameGt=../../cp2016-max-common-connected-subgraph-paper/datasets/graphsdb/mcs70/bvg/b03m/mcs70_b03m_s100.B05
Reading graphs...
100 :  150
100 :  150
Initializing...
maxdom : 6
D->valSize : 355
Solving...
Blb : 2 (clique : 62)
currentSize : 62 <-- 0.003881 s
currentSize : 63 <-- 0.004442 s
currentSize : 64 <-- 0.004549 s
currentSize : 65 <-- 0.081475 s
currentSize : 66 <-- 0.081763 s
currentSize : 67 <-- 0.081868 s
currentSize : 68 <-- 0.404936 s
currentSize : 69 <-- 0.416916 s
currentSize : 70 <-- 0.417032 s

maxsize : 70
nodes : 4834507.000000
filtered : 15509155.000000
time : 24.968311
