Parameters: GAD=1 vflib=1 dir=0 label=0 vlabel=1 lowerbound=1 fileNameGp=../../cp2016-max-common-connected-subgraph-paper/datasets/graphsdb/mcs70/bvg/b06/mcs70_b06_s90.A06 fileNameGt=../../cp2016-max-common-connected-subgraph-paper/datasets/graphsdb/mcs70/bvg/b06/mcs70_b06_s90.B06
Reading graphs...
90 :  270
90 :  270
Initializing...
maxdom : 11
D->valSize : 535
Solving...
Blb : 5 (clique : 28)
currentSize : 28 <-- 0.006140 s
currentSize : 30 <-- 0.049404 s
currentSize : 31 <-- 0.053584 s
currentSize : 32 <-- 0.059367 s
currentSize : 33 <-- 19.704376 s
currentSize : 34 <-- 45.667496 s
currentSize : 35 <-- 45.769505 s
currentSize : 36 <-- 46.465065 s
currentSize : 37 <-- 122.715469 s
currentSize : 38 <-- 134.468811 s
currentSize : 39 <-- 155.837616 s
currentSize : 40 <-- 223.111191 s
currentSize : 41 <-- 242.642273 s
currentSize : 42 <-- 280.511566 s
currentSize : 43 <-- 280.511780 s
currentSize : 44 <-- 903.417114 s
currentSize : 45 <-- 903.417297 s
currentSize : 46 <-- 903.420532 s
currentSize : 47 <-- 903.431152 s

TIMEOUT
maxsize : 47
nodes : 191798136.000000
filtered : 1363303879.000000
time : 1000.000122
