Parameters: GAD=1 vflib=1 dir=0 label=0 vlabel=1 lowerbound=1 fileNameGp=../../cp2016-max-common-connected-subgraph-paper/datasets/graphsdb/mcs70/bvg/b03/mcs70_b03_s70.A03 fileNameGt=../../cp2016-max-common-connected-subgraph-paper/datasets/graphsdb/mcs70/bvg/b03/mcs70_b03_s70.B03
Reading graphs...
70 :  105
70 :  105
Initializing...
maxdom : 8
D->valSize : 354
Solving...
Blb : 2 (clique : 38)
currentSize : 38 <-- 0.003228 s
currentSize : 39 <-- 0.887983 s
currentSize : 40 <-- 0.888319 s
currentSize : 41 <-- 0.893371 s
currentSize : 42 <-- 0.896638 s
currentSize : 43 <-- 0.897246 s
currentSize : 44 <-- 3.635623 s
currentSize : 45 <-- 6.992221 s
currentSize : 46 <-- 7.336396 s
currentSize : 47 <-- 15.804925 s
currentSize : 49 <-- 30.059477 s
currentSize : 50 <-- 76.780022 s

maxsize : 50
nodes : 22609369.000000
filtered : 114699161.000000
time : 95.164200
