Parameters: GAD=1 vflib=1 dir=0 label=0 vlabel=1 lowerbound=1 fileNameGp=../../cp2016-max-common-connected-subgraph-paper/datasets/graphsdb/mcs70/m3D/m3Dr2/mcs70_m3Dr2_s90.A09 fileNameGt=../../cp2016-max-common-connected-subgraph-paper/datasets/graphsdb/mcs70/m3D/m3Dr2/mcs70_m3Dr2_s90.B09
Reading graphs...
90 :  225
90 :  224
Initializing...
maxdom : 11
D->valSize : 575
Solving...
Blb : 3 (clique : 46)
currentSize : 46 <-- 0.006999 s
currentSize : 47 <-- 0.710305 s
currentSize : 48 <-- 1.086782 s
currentSize : 49 <-- 6.547344 s
currentSize : 51 <-- 31.657104 s
currentSize : 54 <-- 39.497475 s
currentSize : 55 <-- 39.497566 s
currentSize : 56 <-- 42.798622 s
currentSize : 57 <-- 77.602303 s
currentSize : 58 <-- 77.602432 s
currentSize : 59 <-- 130.715118 s
currentSize : 61 <-- 131.022980 s
currentSize : 62 <-- 135.845779 s
currentSize : 63 <-- 204.792206 s
currentSize : 64 <-- 208.764145 s

maxsize : 64
nodes : 148035936.000000
filtered : 681110901.000000
time : 669.515564
