Parameters: GAD=1 vflib=1 dir=0 label=0 vlabel=1 lowerbound=1 fileNameGp=../../cp2016-max-common-connected-subgraph-paper/datasets/graphsdb/mcs70/bvg/b06/mcs70_b06_s80.A07 fileNameGt=../../cp2016-max-common-connected-subgraph-paper/datasets/graphsdb/mcs70/bvg/b06/mcs70_b06_s80.B07
Reading graphs...
80 :  239
80 :  239
Initializing...
maxdom : 11
D->valSize : 493
Solving...
Blb : 2 (clique : 26)
currentSize : 26 <-- 0.005221 s
currentSize : 27 <-- 0.005426 s
currentSize : 28 <-- 0.005498 s
currentSize : 29 <-- 0.005535 s
currentSize : 30 <-- 0.005629 s
currentSize : 31 <-- 0.008225 s
currentSize : 32 <-- 0.071332 s
currentSize : 33 <-- 0.071852 s
currentSize : 34 <-- 0.072452 s
currentSize : 35 <-- 0.074141 s
currentSize : 36 <-- 0.443115 s
currentSize : 37 <-- 5.912172 s
currentSize : 42 <-- 6.218713 s
currentSize : 43 <-- 6.219059 s
currentSize : 47 <-- 10.634379 s
currentSize : 48 <-- 10.634466 s
currentSize : 50 <-- 10.714970 s
currentSize : 51 <-- 10.851442 s
currentSize : 52 <-- 16.949211 s
currentSize : 53 <-- 16.949345 s
currentSize : 55 <-- 17.023560 s
currentSize : 56 <-- 17.023657 s

maxsize : 56
nodes : 3654986.000000
filtered : 27256339.000000
time : 19.337454
