Parameters: GAD=1 vflib=1 dir=0 label=0 vlabel=1 lowerbound=1 fileNameGp=../../cp2016-max-common-connected-subgraph-paper/datasets/graphsdb/mcs70/bvg/b09m/mcs70_b09m_s90.A03 fileNameGt=../../cp2016-max-common-connected-subgraph-paper/datasets/graphsdb/mcs70/bvg/b09m/mcs70_b09m_s90.B03
Reading graphs...
90 :  397
90 :  396
Initializing...
maxdom : 9
D->valSize : 529
Solving...
Blb : 3 (clique : 48)
currentSize : 48 <-- 0.006048 s
currentSize : 50 <-- 25.098028 s
currentSize : 52 <-- 25.119053 s
currentSize : 54 <-- 25.119204 s
currentSize : 55 <-- 47.758713 s
currentSize : 57 <-- 92.075119 s
currentSize : 59 <-- 92.125710 s
currentSize : 62 <-- 92.125877 s

maxsize : 62
nodes : 21329513.000000
filtered : 159503540.000000
time : 124.611282
