Parameters: GAD=1 vflib=1 dir=0 label=0 vlabel=1 lowerbound=1 fileNameGp=../../cp2016-max-common-connected-subgraph-paper/datasets/graphsdb/mcs70/bvg/b06/mcs70_b06_s90.A09 fileNameGt=../../cp2016-max-common-connected-subgraph-paper/datasets/graphsdb/mcs70/bvg/b06/mcs70_b06_s90.B09
Reading graphs...
90 :  269
90 :  269
Initializing...
maxdom : 10
D->valSize : 559
Solving...
Blb : 2 (clique : 38)
currentSize : 38 <-- 0.006535 s
currentSize : 39 <-- 0.006830 s
currentSize : 40 <-- 0.044856 s
currentSize : 41 <-- 0.052425 s
currentSize : 42 <-- 0.053687 s
currentSize : 46 <-- 0.258538 s
currentSize : 47 <-- 3.053345 s
currentSize : 48 <-- 10.047493 s
currentSize : 49 <-- 49.957199 s
currentSize : 50 <-- 65.370300 s
currentSize : 51 <-- 75.488091 s
currentSize : 52 <-- 250.217926 s
currentSize : 53 <-- 250.218033 s
currentSize : 54 <-- 250.218201 s
currentSize : 55 <-- 250.302643 s
currentSize : 56 <-- 250.305069 s
currentSize : 57 <-- 250.467667 s
currentSize : 60 <-- 250.492386 s
currentSize : 62 <-- 250.492889 s
currentSize : 63 <-- 251.389191 s

maxsize : 63
nodes : 65178914.000000
filtered : 418535128.000000
time : 352.945221
