Parameters: GAD=1 vflib=1 dir=0 label=0 vlabel=1 lowerbound=1 fileNameGp=../../cp2016-max-common-connected-subgraph-paper/datasets/graphsdb/mcs70/rand/r01/mcs70_r01_s50.A01 fileNameGt=../../cp2016-max-common-connected-subgraph-paper/datasets/graphsdb/mcs70/rand/r01/mcs70_r01_s50.B01
Reading graphs...
50 :  232
50 :  235
Initializing...
maxdom : 9
D->valSize : 336
Solving...
Blb : 2 (clique : 18)
currentSize : 18 <-- 0.002389 s
currentSize : 19 <-- 0.134460 s
currentSize : 20 <-- 0.138822 s
currentSize : 21 <-- 0.257868 s
currentSize : 22 <-- 0.315828 s
currentSize : 24 <-- 0.316020 s
currentSize : 29 <-- 0.494401 s
currentSize : 35 <-- 0.502097 s

maxsize : 35
nodes : 116761.000000
filtered : 1179464.000000
time : 0.519292
