Parameters: GAD=1 vflib=1 dir=0 label=0 vlabel=1 lowerbound=1 fileNameGp=../../cp2016-max-common-connected-subgraph-paper/datasets/graphsdb/mcs70/bvg/b09m/mcs70_b09m_s100.A00 fileNameGt=../../cp2016-max-common-connected-subgraph-paper/datasets/graphsdb/mcs70/bvg/b09m/mcs70_b09m_s100.B00
Reading graphs...
100 :  445
100 :  447
Initializing...
maxdom : 8
D->valSize : 371
Solving...
Blb : 3 (clique : 49)
currentSize : 49 <-- 0.003775 s
currentSize : 50 <-- 0.004643 s
currentSize : 51 <-- 0.057036 s
currentSize : 54 <-- 0.062022 s
currentSize : 55 <-- 0.719291 s
currentSize : 59 <-- 1.438579 s
currentSize : 61 <-- 1.452484 s
currentSize : 62 <-- 3.816591 s
currentSize : 65 <-- 3.817841 s
currentSize : 66 <-- 3.819329 s
currentSize : 67 <-- 3.821888 s
currentSize : 69 <-- 3.822629 s
currentSize : 70 <-- 3.822774 s

maxsize : 70
nodes : 2582001.000000
filtered : 8865974.000000
time : 12.721794
