Parameters: GAD=1 vflib=1 dir=0 label=0 vlabel=1 lowerbound=1 fileNameGp=../../cp2016-max-common-connected-subgraph-paper/datasets/graphsdb/mcs70/bvg/b09/mcs70_b09_s80.A00 fileNameGt=../../cp2016-max-common-connected-subgraph-paper/datasets/graphsdb/mcs70/bvg/b09/mcs70_b09_s80.B00
Reading graphs...
80 :  359
80 :  358
Initializing...
maxdom : 8
D->valSize : 431
Solving...
Blb : 2 (clique : 30)
currentSize : 30 <-- 0.004161 s
currentSize : 32 <-- 0.004396 s
currentSize : 37 <-- 0.009316 s
currentSize : 39 <-- 0.009393 s
currentSize : 40 <-- 0.009491 s
currentSize : 45 <-- 0.030990 s
currentSize : 46 <-- 0.031200 s
currentSize : 48 <-- 0.031389 s
currentSize : 49 <-- 0.031573 s
currentSize : 52 <-- 0.095864 s
currentSize : 55 <-- 0.096102 s
currentSize : 56 <-- 0.096327 s

maxsize : 56
nodes : 333319.000000
filtered : 2386811.000000
time : 1.778602
