Parameters: GAD=1 vflib=1 dir=0 label=0 vlabel=1 lowerbound=1 fileNameGp=../../cp2016-max-common-connected-subgraph-paper/datasets/graphsdb/mcs70/m2D/m2Dr6/mcs70_m2Dr6_s80.A01 fileNameGt=../../cp2016-max-common-connected-subgraph-paper/datasets/graphsdb/mcs70/m2D/m2Dr6/mcs70_m2Dr6_s80.B01
Reading graphs...
80 :  187
80 :  188
Initializing...
maxdom : 10
D->valSize : 435
Solving...
Blb : 2 (clique : 32)
currentSize : 32 <-- 0.004286 s
currentSize : 33 <-- 0.004516 s
currentSize : 34 <-- 0.008273 s
currentSize : 36 <-- 0.028139 s
currentSize : 37 <-- 0.380253 s
currentSize : 38 <-- 0.380289 s
currentSize : 39 <-- 2.452999 s
currentSize : 40 <-- 2.461192 s
currentSize : 41 <-- 2.904310 s
currentSize : 43 <-- 63.446011 s
currentSize : 44 <-- 63.446209 s
currentSize : 46 <-- 64.442909 s
currentSize : 47 <-- 64.443039 s
currentSize : 48 <-- 64.493484 s
currentSize : 49 <-- 153.918182 s

maxsize : 49
nodes : 46805191.000000
filtered : 201765093.000000
time : 219.028549
