Parameters: GAD=1 vflib=1 dir=0 label=0 vlabel=1 lowerbound=1 fileNameGp=../../cp2016-max-common-connected-subgraph-paper/datasets/graphsdb/mcs70/m3D/m3Dr6/mcs70_m3Dr6_s100.A06 fileNameGt=../../cp2016-max-common-connected-subgraph-paper/datasets/graphsdb/mcs70/m3D/m3Dr6/mcs70_m3Dr6_s100.B06
Reading graphs...
100 :  294
100 :  291
Initializing...
maxdom : 7
D->valSize : 364
Solving...
Blb : 3 (clique : 35)
currentSize : 35 <-- 0.005952 s
currentSize : 36 <-- 1.387689 s
currentSize : 37 <-- 2.566061 s
currentSize : 38 <-- 2.569448 s
currentSize : 39 <-- 2.570246 s
currentSize : 40 <-- 28.701857 s
currentSize : 41 <-- 30.262133 s
currentSize : 43 <-- 30.262211 s
currentSize : 44 <-- 30.262600 s
currentSize : 45 <-- 30.265579 s
currentSize : 46 <-- 60.466961 s
currentSize : 47 <-- 60.467293 s
currentSize : 49 <-- 60.467384 s
currentSize : 50 <-- 60.468594 s
currentSize : 52 <-- 74.777512 s
currentSize : 54 <-- 74.794426 s
currentSize : 56 <-- 74.796776 s
currentSize : 57 <-- 74.799637 s
currentSize : 58 <-- 89.838951 s
currentSize : 60 <-- 98.119965 s
currentSize : 63 <-- 98.121590 s
currentSize : 64 <-- 104.546562 s

maxsize : 64
nodes : 28359080.000000
filtered : 105347462.000000
time : 145.716888
