Parameters: GAD=1 vflib=1 dir=0 label=0 vlabel=1 lowerbound=1 fileNameGp=../../cp2016-max-common-connected-subgraph-paper/datasets/graphsdb/mcs70/rand/r005/mcs70_r005_s100.A00 fileNameGt=../../cp2016-max-common-connected-subgraph-paper/datasets/graphsdb/mcs70/rand/r005/mcs70_r005_s100.B00
Reading graphs...
100 :  485
100 :  486
Initializing...
maxdom : 7
D->valSize : 356
Solving...
Blb : 2 (clique : 29)
currentSize : 29 <-- 0.003513 s
currentSize : 30 <-- 0.003738 s
currentSize : 32 <-- 0.003865 s
currentSize : 34 <-- 0.004412 s
currentSize : 36 <-- 0.005040 s
currentSize : 37 <-- 0.005135 s
currentSize : 41 <-- 0.025538 s
currentSize : 42 <-- 0.025673 s
currentSize : 44 <-- 0.046895 s
currentSize : 48 <-- 0.047120 s
currentSize : 53 <-- 0.070984 s
currentSize : 55 <-- 0.071553 s
currentSize : 63 <-- 0.094291 s
currentSize : 66 <-- 0.155693 s
currentSize : 70 <-- 0.156269 s

maxsize : 70
nodes : 59199.000000
filtered : 391978.000000
time : 0.361157
