Parameters: GAD=1 vflib=1 dir=0 label=0 vlabel=1 lowerbound=1 fileNameGp=../../cp2016-max-common-connected-subgraph-paper/datasets/graphsdb/mcs70/m2D/m2Dr6/mcs70_m2Dr6_s60.A03 fileNameGt=../../cp2016-max-common-connected-subgraph-paper/datasets/graphsdb/mcs70/m2D/m2Dr6/mcs70_m2Dr6_s60.B03
Reading graphs...
60 :  136
60 :  137
Initializing...
maxdom : 6
D->valSize : 233
Solving...
Blb : 2 (clique : 25)
currentSize : 25 <-- 0.001595 s
currentSize : 26 <-- 0.001836 s
currentSize : 28 <-- 0.001938 s
currentSize : 29 <-- 0.002073 s
currentSize : 30 <-- 0.011991 s
currentSize : 31 <-- 0.027752 s
currentSize : 32 <-- 0.027794 s
currentSize : 33 <-- 0.028288 s
currentSize : 34 <-- 0.028533 s
currentSize : 36 <-- 0.332188 s
currentSize : 37 <-- 0.332554 s

maxsize : 37
nodes : 1005270.000000
filtered : 3718852.000000
time : 3.692287
