Parameters: GAD=1 vflib=1 dir=0 label=0 vlabel=1 lowerbound=1 fileNameGp=../../cp2016-max-common-connected-subgraph-paper/datasets/graphsdb/mcs70/bvg/b06/mcs70_b06_s50.A05 fileNameGt=../../cp2016-max-common-connected-subgraph-paper/datasets/graphsdb/mcs70/bvg/b06/mcs70_b06_s50.B05
Reading graphs...
50 :  149
50 :  150
Initializing...
maxdom : 12
D->valSize : 359
Solving...
Blb : 2 (clique : 22)
currentSize : 22 <-- 0.003759 s
currentSize : 23 <-- 0.179325 s
currentSize : 24 <-- 0.185720 s
currentSize : 25 <-- 0.211586 s
currentSize : 26 <-- 0.332177 s
currentSize : 27 <-- 0.533827 s
currentSize : 28 <-- 0.827388 s
currentSize : 30 <-- 0.827485 s
currentSize : 35 <-- 0.880167 s

maxsize : 35
nodes : 229851.000000
filtered : 2388152.000000
time : 1.001375
