Parameters: GAD=1 vflib=1 dir=0 label=0 vlabel=1 lowerbound=1 fileNameGp=../../cp2016-max-common-connected-subgraph-paper/datasets/graphsdb/mcs70/bvg/b06/mcs70_b06_s100.A09 fileNameGt=../../cp2016-max-common-connected-subgraph-paper/datasets/graphsdb/mcs70/bvg/b06/mcs70_b06_s100.B09
Reading graphs...
100 :  300
100 :  299
Initializing...
maxdom : 7
D->valSize : 391
Solving...
Blb : 2 (clique : 52)
currentSize : 52 <-- 0.004150 s
currentSize : 53 <-- 0.004530 s
currentSize : 54 <-- 0.005824 s
currentSize : 55 <-- 0.005919 s
currentSize : 56 <-- 0.011137 s
currentSize : 57 <-- 0.064112 s
currentSize : 58 <-- 0.070365 s
currentSize : 60 <-- 0.070505 s
currentSize : 62 <-- 0.076451 s
currentSize : 63 <-- 0.101232 s
currentSize : 65 <-- 0.103131 s
currentSize : 67 <-- 0.109779 s
currentSize : 70 <-- 0.139025 s

maxsize : 70
nodes : 5434414.000000
filtered : 30987655.000000
time : 31.642084
