Parameters: GAD=1 vflib=1 dir=0 label=0 vlabel=1 lowerbound=1 fileNameGp=../../cp2016-max-common-connected-subgraph-paper/datasets/graphsdb/mcs70/rand/r01/mcs70_r01_s50.A00 fileNameGt=../../cp2016-max-common-connected-subgraph-paper/datasets/graphsdb/mcs70/rand/r01/mcs70_r01_s50.B00
Reading graphs...
50 :  231
50 :  231
Initializing...
maxdom : 10
D->valSize : 337
Solving...
Blb : 2 (clique : 15)
currentSize : 15 <-- 0.002373 s
currentSize : 16 <-- 0.004180 s
currentSize : 17 <-- 0.005339 s
currentSize : 18 <-- 0.010961 s
currentSize : 20 <-- 0.017712 s
currentSize : 22 <-- 0.040708 s
currentSize : 24 <-- 0.053504 s
currentSize : 27 <-- 0.059312 s
currentSize : 29 <-- 0.067922 s
currentSize : 30 <-- 0.078763 s
currentSize : 35 <-- 0.097062 s

maxsize : 35
nodes : 19217.000000
filtered : 238627.000000
time : 0.107740
