Parameters: GAD=1 vflib=1 dir=0 label=0 vlabel=1 lowerbound=1 fileNameGp=../../cp2016-max-common-connected-subgraph-paper/datasets/graphsdb/mcs70/m3D/m3Dr4/mcs70_m3Dr4_s100.A09 fileNameGt=../../cp2016-max-common-connected-subgraph-paper/datasets/graphsdb/mcs70/m3D/m3Dr4/mcs70_m3Dr4_s100.B09
Reading graphs...
100 :  273
100 :  272
Initializing...
maxdom : 6
D->valSize : 343
Solving...
Blb : 3 (clique : 39)
currentSize : 39 <-- 0.003529 s
currentSize : 40 <-- 6.952439 s
currentSize : 41 <-- 72.699409 s
currentSize : 42 <-- 78.751694 s
currentSize : 43 <-- 150.816757 s
currentSize : 44 <-- 150.816833 s
currentSize : 46 <-- 186.582153 s
currentSize : 47 <-- 689.408997 s
currentSize : 48 <-- 715.868164 s
currentSize : 49 <-- 983.991577 s

TIMEOUT
maxsize : 49
nodes : 203039929.000000
filtered : 633538343.000000
time : 1000.000061
