Parameters: GAD=1 vflib=1 dir=0 label=0 vlabel=1 lowerbound=1 fileNameGp=../../cp2016-max-common-connected-subgraph-paper/datasets/graphsdb/mcs70/bvg/b03m/mcs70_b03m_s100.A04 fileNameGt=../../cp2016-max-common-connected-subgraph-paper/datasets/graphsdb/mcs70/bvg/b03m/mcs70_b03m_s100.B04
Reading graphs...
100 :  149
100 :  149
Initializing...
maxdom : 9
D->valSize : 427
Solving...
Blb : 2 (clique : 60)
currentSize : 60 <-- 0.004897 s
currentSize : 61 <-- 0.005492 s
currentSize : 63 <-- 0.006302 s
currentSize : 64 <-- 0.006896 s
currentSize : 65 <-- 0.010773 s
currentSize : 66 <-- 0.011006 s
currentSize : 67 <-- 0.107329 s
currentSize : 68 <-- 0.107543 s
currentSize : 69 <-- 0.107777 s
currentSize : 70 <-- 602.371887 s
currentSize : 71 <-- 602.377258 s

TIMEOUT
maxsize : 71
nodes : 208475002.000000
filtered : 603952958.000000
time : 1000.000122
