Parameters: GAD=1 vflib=1 dir=0 label=0 vlabel=1 lowerbound=1 fileNameGp=../../cp2016-max-common-connected-subgraph-paper/datasets/graphsdb/mcs70/rand/r005/mcs70_r005_s60.A01 fileNameGt=../../cp2016-max-common-connected-subgraph-paper/datasets/graphsdb/mcs70/rand/r005/mcs70_r005_s60.B01
Reading graphs...
60 :  171
60 :  172
Initializing...
maxdom : 6
D->valSize : 252
Solving...
Blb : 2 (clique : 19)
currentSize : 19 <-- 0.001701 s
currentSize : 20 <-- 0.001811 s
currentSize : 21 <-- 0.018805 s
currentSize : 22 <-- 0.130550 s
currentSize : 23 <-- 0.130639 s
currentSize : 24 <-- 0.262186 s
currentSize : 25 <-- 0.398885 s
currentSize : 26 <-- 0.460261 s
currentSize : 27 <-- 0.584893 s
currentSize : 29 <-- 0.657883 s
currentSize : 30 <-- 0.732944 s
currentSize : 32 <-- 0.747385 s
currentSize : 33 <-- 0.823867 s
currentSize : 34 <-- 0.826464 s
currentSize : 35 <-- 0.826733 s
currentSize : 36 <-- 0.834492 s
currentSize : 37 <-- 0.950623 s
currentSize : 38 <-- 1.020000 s
currentSize : 40 <-- 1.020153 s
currentSize : 42 <-- 1.021979 s

maxsize : 42
nodes : 266747.000000
filtered : 1461174.000000
time : 1.116712
