Parameters: GAD=1 vflib=1 dir=0 label=0 vlabel=1 lowerbound=1 fileNameGp=../../cp2016-max-common-connected-subgraph-paper/datasets/graphsdb/mcs70/m3D/m3Dr2/mcs70_m3Dr2_s100.A02 fileNameGt=../../cp2016-max-common-connected-subgraph-paper/datasets/graphsdb/mcs70/m3D/m3Dr2/mcs70_m3Dr2_s100.B02
Reading graphs...
100 :  255
100 :  254
Initializing...
maxdom : 10
D->valSize : 439
Solving...
Blb : 3 (clique : 48)
currentSize : 48 <-- 0.004869 s
currentSize : 50 <-- 0.005968 s
currentSize : 51 <-- 0.058737 s
currentSize : 52 <-- 0.058849 s
currentSize : 54 <-- 0.060480 s
currentSize : 55 <-- 3.319316 s
currentSize : 56 <-- 3.319545 s
currentSize : 57 <-- 3.329253 s
currentSize : 60 <-- 3.330523 s
currentSize : 61 <-- 3.330730 s
currentSize : 63 <-- 173.439194 s
currentSize : 64 <-- 173.439499 s

maxsize : 64
nodes : 90437395.000000
filtered : 384177459.000000
time : 455.389954
