Parameters: GAD=1 vflib=1 dir=0 label=0 vlabel=1 lowerbound=1 fileNameGp=../../cp2016-max-common-connected-subgraph-paper/datasets/graphsdb/mcs70/rand/r02/mcs70_r02_s70.A04 fileNameGt=../../cp2016-max-common-connected-subgraph-paper/datasets/graphsdb/mcs70/rand/r02/mcs70_r02_s70.B04
Reading graphs...
70 :  858
70 :  857
Initializing...
maxdom : 10
D->valSize : 369
Solving...
Blb : 2 (clique : 10)
currentSize : 10 <-- 0.003035 s
currentSize : 11 <-- 0.003142 s
currentSize : 12 <-- 0.005010 s
currentSize : 14 <-- 0.011659 s
currentSize : 15 <-- 0.011725 s
currentSize : 16 <-- 0.015358 s
currentSize : 20 <-- 0.016608 s
currentSize : 28 <-- 0.027787 s
currentSize : 49 <-- 0.028945 s

maxsize : 49
nodes : 6979.000000
filtered : 49519.000000
time : 0.034483
