Parameters: GAD=1 vflib=1 dir=0 label=0 vlabel=1 lowerbound=1 fileNameGp=../../cp2016-max-common-connected-subgraph-paper/datasets/graphsdb/mcs70/m2D/m2Dr2/mcs70_m2Dr2_s100.A06 fileNameGt=../../cp2016-max-common-connected-subgraph-paper/datasets/graphsdb/mcs70/m2D/m2Dr2/mcs70_m2Dr2_s100.B06
Reading graphs...
100 :  200
100 :  198
Initializing...
maxdom : 7
D->valSize : 365
Solving...
Blb : 2 (clique : 46)
currentSize : 46 <-- 0.003820 s
currentSize : 47 <-- 0.004196 s
currentSize : 48 <-- 0.004997 s
currentSize : 49 <-- 0.007213 s
currentSize : 50 <-- 0.031627 s
currentSize : 51 <-- 0.031807 s
currentSize : 52 <-- 0.217227 s
currentSize : 53 <-- 0.302758 s
currentSize : 54 <-- 0.303054 s
currentSize : 55 <-- 0.307514 s
currentSize : 56 <-- 0.374163 s
currentSize : 57 <-- 0.376076 s
currentSize : 58 <-- 0.390047 s
currentSize : 59 <-- 1.123164 s
currentSize : 61 <-- 1.160337 s
currentSize : 62 <-- 1.164928 s
currentSize : 63 <-- 1.223708 s
currentSize : 64 <-- 1.227959 s

maxsize : 64
nodes : 112035485.000000
filtered : 480792852.000000
time : 643.313660
