Parameters: GAD=1 vflib=1 dir=0 label=0 vlabel=1 lowerbound=1 fileNameGp=../../cp2016-max-common-connected-subgraph-paper/datasets/graphsdb/mcs70/rand/r01/mcs70_r01_s50.A05 fileNameGt=../../cp2016-max-common-connected-subgraph-paper/datasets/graphsdb/mcs70/rand/r01/mcs70_r01_s50.B05
Reading graphs...
50 :  231
50 :  229
Initializing...
maxdom : 10
D->valSize : 342
Solving...
Blb : 3 (clique : 14)
currentSize : 14 <-- 0.002428 s
currentSize : 15 <-- 0.011675 s
currentSize : 16 <-- 0.042516 s
currentSize : 17 <-- 0.120911 s
currentSize : 18 <-- 0.121014 s
currentSize : 19 <-- 0.164276 s
currentSize : 20 <-- 0.374279 s
currentSize : 21 <-- 0.375322 s
currentSize : 23 <-- 0.505581 s
currentSize : 24 <-- 0.589457 s
currentSize : 25 <-- 0.589620 s
currentSize : 29 <-- 0.732120 s
currentSize : 35 <-- 0.766195 s

maxsize : 35
nodes : 167852.000000
filtered : 1662126.000000
time : 0.779343
