Parameters: GAD=1 vflib=1 dir=0 label=0 vlabel=1 lowerbound=1 fileNameGp=../../cp2016-max-common-connected-subgraph-paper/datasets/graphsdb/mcs70/m2D/m2Dr2/mcs70_m2Dr2_s50.A06 fileNameGt=../../cp2016-max-common-connected-subgraph-paper/datasets/graphsdb/mcs70/m2D/m2Dr2/mcs70_m2Dr2_s50.B06
Reading graphs...
50 :  95
50 :  93
Initializing...
maxdom : 16
D->valSize : 368
Solving...
Blb : 2 (clique : 21)
currentSize : 21 <-- 0.002779 s
currentSize : 22 <-- 0.106548 s
currentSize : 23 <-- 0.276412 s
currentSize : 24 <-- 0.277062 s
currentSize : 25 <-- 0.442735 s
currentSize : 26 <-- 1.264950 s
currentSize : 27 <-- 1.265049 s
currentSize : 30 <-- 2.336859 s
currentSize : 34 <-- 2.567117 s
currentSize : 36 <-- 2.567995 s

maxsize : 36
nodes : 709782.000000
filtered : 5802656.000000
time : 2.676503
