Parameters: GAD=1 vflib=1 dir=0 label=0 vlabel=1 lowerbound=1 fileNameGp=../../cp2016-max-common-connected-subgraph-paper/datasets/graphsdb/mcs70/bvg/b06/mcs70_b06_s80.A05 fileNameGt=../../cp2016-max-common-connected-subgraph-paper/datasets/graphsdb/mcs70/bvg/b06/mcs70_b06_s80.B05
Reading graphs...
80 :  240
80 :  240
Initializing...
maxdom : 8
D->valSize : 460
Solving...
Blb : 3 (clique : 29)
currentSize : 29 <-- 0.004546 s
currentSize : 30 <-- 0.004759 s
currentSize : 31 <-- 0.008600 s
currentSize : 32 <-- 0.008768 s
currentSize : 33 <-- 0.045668 s
currentSize : 34 <-- 0.047125 s
currentSize : 35 <-- 2.275718 s
currentSize : 36 <-- 2.275804 s
currentSize : 37 <-- 63.547810 s
currentSize : 38 <-- 65.402084 s
currentSize : 39 <-- 66.167862 s
currentSize : 40 <-- 66.168762 s
currentSize : 41 <-- 67.074638 s
currentSize : 43 <-- 67.074860 s
currentSize : 44 <-- 71.937096 s
currentSize : 45 <-- 88.288033 s
currentSize : 48 <-- 88.288849 s
currentSize : 49 <-- 90.109009 s
currentSize : 52 <-- 90.109131 s
currentSize : 54 <-- 90.112274 s
currentSize : 56 <-- 93.637306 s

maxsize : 56
nodes : 19436899.000000
filtered : 163029400.000000
time : 104.222618
