Parameters: GAD=1 vflib=1 dir=0 label=0 vlabel=1 lowerbound=1 fileNameGp=../../cp2016-max-common-connected-subgraph-paper/datasets/graphsdb/mcs70/bvg/b03/mcs70_b03_s60.A03 fileNameGt=../../cp2016-max-common-connected-subgraph-paper/datasets/graphsdb/mcs70/bvg/b03/mcs70_b03_s60.B03
Reading graphs...
60 :  90
60 :  90
Initializing...
maxdom : 8
D->valSize : 294
Solving...
Blb : 2 (clique : 27)
currentSize : 27 <-- 0.002183 s
currentSize : 28 <-- 0.031508 s
currentSize : 30 <-- 0.304423 s
currentSize : 31 <-- 0.308178 s
currentSize : 32 <-- 0.406210 s
currentSize : 34 <-- 0.447127 s
currentSize : 35 <-- 0.823675 s
currentSize : 36 <-- 0.823757 s
currentSize : 38 <-- 0.846430 s
currentSize : 39 <-- 1.015529 s
currentSize : 40 <-- 1.015627 s
currentSize : 44 <-- 1.857471 s

maxsize : 44
nodes : 525407.000000
filtered : 2386738.000000
time : 2.222801
