Parameters: GAD=1 vflib=1 dir=0 label=0 vlabel=1 lowerbound=1 fileNameGp=../../cp2016-max-common-connected-subgraph-paper/datasets/graphsdb/mcs70/bvg/b06m/mcs70_b06m_s70.A08 fileNameGt=../../cp2016-max-common-connected-subgraph-paper/datasets/graphsdb/mcs70/bvg/b06m/mcs70_b06m_s70.B08
Reading graphs...
70 :  208
70 :  207
Initializing...
maxdom : 8
D->valSize : 360
Solving...
Blb : 3 (clique : 31)
currentSize : 31 <-- 0.003042 s
currentSize : 32 <-- 0.003244 s
currentSize : 33 <-- 0.086846 s
currentSize : 35 <-- 0.121763 s
currentSize : 37 <-- 0.121821 s
currentSize : 38 <-- 0.122677 s
currentSize : 40 <-- 0.587341 s
currentSize : 41 <-- 0.587715 s
currentSize : 42 <-- 0.589057 s
currentSize : 43 <-- 0.589371 s
currentSize : 45 <-- 2.551661 s
currentSize : 47 <-- 2.551819 s
currentSize : 49 <-- 2.578578 s

maxsize : 49
nodes : 677046.000000
filtered : 3298274.000000
time : 2.924462
