Parameters: GAD=1 vflib=1 dir=0 label=0 vlabel=1 lowerbound=1 fileNameGp=../../cp2016-max-common-connected-subgraph-paper/datasets/graphsdb/mcs70/m3D/m3Dr6/mcs70_m3Dr6_s100.A08 fileNameGt=../../cp2016-max-common-connected-subgraph-paper/datasets/graphsdb/mcs70/m3D/m3Dr6/mcs70_m3Dr6_s100.B08
Reading graphs...
100 :  292
100 :  291
Initializing...
maxdom : 8
D->valSize : 372
Solving...
Blb : 3 (clique : 46)
currentSize : 46 <-- 0.006425 s
currentSize : 47 <-- 0.030758 s
currentSize : 48 <-- 0.034327 s
currentSize : 50 <-- 0.234774 s
currentSize : 51 <-- 0.246755 s
currentSize : 52 <-- 0.591530 s
currentSize : 53 <-- 64.163475 s
currentSize : 54 <-- 64.307320 s
currentSize : 55 <-- 125.369240 s
currentSize : 56 <-- 125.369591 s
currentSize : 57 <-- 125.370850 s
currentSize : 58 <-- 125.371361 s
currentSize : 59 <-- 125.374016 s
currentSize : 61 <-- 125.374245 s
currentSize : 62 <-- 125.374802 s
currentSize : 64 <-- 126.549706 s
currentSize : 65 <-- 126.551849 s

maxsize : 65
nodes : 67284018.000000
filtered : 289735227.000000
time : 356.002441
