Parameters: GAD=1 vflib=1 dir=0 label=0 vlabel=1 lowerbound=1 fileNameGp=../../cp2016-max-common-connected-subgraph-paper/datasets/graphsdb/mcs70/bvg/b09/mcs70_b09_s80.A08 fileNameGt=../../cp2016-max-common-connected-subgraph-paper/datasets/graphsdb/mcs70/bvg/b09/mcs70_b09_s80.B08
Reading graphs...
80 :  359
80 :  357
Initializing...
maxdom : 9
D->valSize : 472
Solving...
Blb : 2 (clique : 25)
currentSize : 25 <-- 0.004535 s
currentSize : 26 <-- 0.004999 s
currentSize : 27 <-- 0.006761 s
currentSize : 28 <-- 0.006961 s
currentSize : 29 <-- 0.008993 s
currentSize : 30 <-- 0.009084 s
currentSize : 32 <-- 0.013495 s
currentSize : 33 <-- 0.032195 s
currentSize : 34 <-- 0.033931 s
currentSize : 35 <-- 0.034182 s
currentSize : 36 <-- 0.035704 s
currentSize : 37 <-- 0.101623 s
currentSize : 38 <-- 0.101734 s
currentSize : 39 <-- 0.101811 s
currentSize : 41 <-- 0.105611 s
currentSize : 43 <-- 0.105743 s
currentSize : 44 <-- 0.119579 s
currentSize : 46 <-- 0.237057 s
currentSize : 47 <-- 0.257620 s
currentSize : 50 <-- 0.257787 s
currentSize : 53 <-- 0.257963 s
currentSize : 56 <-- 0.258602 s

maxsize : 56
nodes : 274688.000000
filtered : 2007482.000000
time : 1.560027
