Parameters: GAD=1 vflib=1 dir=0 label=0 vlabel=1 lowerbound=1 fileNameGp=../../cp2016-max-common-connected-subgraph-paper/datasets/graphsdb/mcs70/rand/r005/mcs70_r005_s60.A02 fileNameGt=../../cp2016-max-common-connected-subgraph-paper/datasets/graphsdb/mcs70/rand/r005/mcs70_r005_s60.B02
Reading graphs...
60 :  174
60 :  174
Initializing...
maxdom : 8
D->valSize : 256
Solving...
Blb : 2 (clique : 26)
currentSize : 26 <-- 0.001757 s
currentSize : 27 <-- 0.001904 s
currentSize : 28 <-- 0.002044 s
currentSize : 29 <-- 0.002161 s
currentSize : 31 <-- 0.002318 s
currentSize : 32 <-- 0.002461 s
currentSize : 34 <-- 0.003074 s
currentSize : 38 <-- 0.003206 s
currentSize : 42 <-- 0.004407 s

maxsize : 42
nodes : 3185.000000
filtered : 21269.000000
time : 0.015330
