Parameters: GAD=1 vflib=1 dir=0 label=0 vlabel=1 lowerbound=1 fileNameGp=../../cp2016-max-common-connected-subgraph-paper/datasets/graphsdb/mcs70/bvg/b09/mcs70_b09_s50.A09 fileNameGt=../../cp2016-max-common-connected-subgraph-paper/datasets/graphsdb/mcs70/bvg/b09/mcs70_b09_s50.B09
Reading graphs...
50 :  222
50 :  222
Initializing...
maxdom : 9
D->valSize : 321
Solving...
Blb : 3 (clique : 13)
currentSize : 13 <-- 0.003467 s
currentSize : 14 <-- 0.003606 s
currentSize : 15 <-- 0.003845 s
currentSize : 16 <-- 0.034180 s
currentSize : 17 <-- 0.508620 s
currentSize : 18 <-- 1.226242 s
currentSize : 19 <-- 1.226530 s
currentSize : 21 <-- 2.428259 s
currentSize : 23 <-- 2.428854 s
currentSize : 24 <-- 2.429113 s
currentSize : 29 <-- 2.584850 s
currentSize : 34 <-- 2.587182 s

maxsize : 34
nodes : 631792.000000
filtered : 5150076.000000
time : 2.613674
