Parameters: GAD=1 vflib=1 dir=0 label=0 vlabel=1 lowerbound=1 fileNameGp=../../cp2016-max-common-connected-subgraph-paper/datasets/graphsdb/mcs70/rand/r02/mcs70_r02_s100.A00 fileNameGt=../../cp2016-max-common-connected-subgraph-paper/datasets/graphsdb/mcs70/rand/r02/mcs70_r02_s100.B00
Reading graphs...
100 :  1774
100 :  1771
Initializing...
maxdom : 7
D->valSize : 370
Solving...
Blb : 2 (clique : 10)
currentSize : 10 <-- 0.003586 s
currentSize : 11 <-- 0.003724 s
currentSize : 12 <-- 0.003854 s
currentSize : 13 <-- 0.003890 s
currentSize : 15 <-- 0.004669 s
currentSize : 17 <-- 0.004927 s
currentSize : 18 <-- 0.005008 s
currentSize : 26 <-- 0.009900 s
currentSize : 45 <-- 0.016101 s
currentSize : 70 <-- 0.026379 s

maxsize : 70
nodes : 4476.000000
filtered : 38231.000000
time : 0.030925
