Parameters: GAD=1 vflib=1 dir=0 label=0 vlabel=1 lowerbound=1 fileNameGp=../../cp2016-max-common-connected-subgraph-paper/datasets/graphsdb/mcs70/bvg/b06m/mcs70_b06m_s90.A04 fileNameGt=../../cp2016-max-common-connected-subgraph-paper/datasets/graphsdb/mcs70/bvg/b06m/mcs70_b06m_s90.B04
Reading graphs...
90 :  268
90 :  267
Initializing...
maxdom : 9
D->valSize : 529
Solving...
Blb : 2 (clique : 36)
currentSize : 36 <-- 0.006053 s
currentSize : 37 <-- 0.006765 s
currentSize : 38 <-- 0.007206 s
currentSize : 39 <-- 0.007391 s
currentSize : 41 <-- 0.008301 s
currentSize : 43 <-- 0.008914 s
currentSize : 44 <-- 0.009290 s
currentSize : 46 <-- 0.009900 s
currentSize : 50 <-- 0.046110 s
currentSize : 55 <-- 0.046655 s
currentSize : 60 <-- 0.070595 s
currentSize : 62 <-- 0.187922 s
currentSize : 63 <-- 1.550329 s

maxsize : 63
nodes : 484612.000000
filtered : 3592039.000000
time : 3.094251
