Parameters: GAD=1 vflib=1 dir=0 label=0 vlabel=1 lowerbound=1 fileNameGp=../../cp2016-max-common-connected-subgraph-paper/datasets/graphsdb/mcs70/rand/r005/mcs70_r005_s80.A05 fileNameGt=../../cp2016-max-common-connected-subgraph-paper/datasets/graphsdb/mcs70/rand/r005/mcs70_r005_s80.B05
Reading graphs...
80 :  308
80 :  308
Initializing...
maxdom : 9
D->valSize : 453
Solving...
Blb : 3 (clique : 25)
currentSize : 25 <-- 0.007248 s
currentSize : 26 <-- 1.269541 s
currentSize : 27 <-- 2.471206 s
currentSize : 28 <-- 4.657953 s
currentSize : 30 <-- 6.278379 s
currentSize : 31 <-- 6.848559 s
currentSize : 32 <-- 10.012443 s
currentSize : 33 <-- 10.012558 s
currentSize : 34 <-- 10.291953 s
currentSize : 35 <-- 11.147797 s
currentSize : 37 <-- 11.147884 s
currentSize : 38 <-- 11.436202 s
currentSize : 39 <-- 11.436327 s
currentSize : 40 <-- 11.563743 s
currentSize : 41 <-- 11.563852 s
currentSize : 42 <-- 11.565800 s
currentSize : 45 <-- 11.565925 s
currentSize : 46 <-- 12.046622 s
currentSize : 48 <-- 12.046745 s
currentSize : 49 <-- 13.268051 s
currentSize : 53 <-- 13.268747 s
currentSize : 56 <-- 13.268876 s

maxsize : 56
nodes : 2612586.000000
filtered : 19484459.000000
time : 13.473038
