Parameters: GAD=1 vflib=1 dir=0 label=0 vlabel=1 lowerbound=1 fileNameGp=../../cp2016-max-common-connected-subgraph-paper/datasets/graphsdb/mcs70/m3D/m3Dr2/mcs70_m3Dr2_s90.A06 fileNameGt=../../cp2016-max-common-connected-subgraph-paper/datasets/graphsdb/mcs70/m3D/m3Dr2/mcs70_m3Dr2_s90.B06
Reading graphs...
90 :  226
90 :  226
Initializing...
maxdom : 11
D->valSize : 544
Solving...
Blb : 2 (clique : 48)
currentSize : 48 <-- 0.006304 s
currentSize : 49 <-- 0.006629 s
currentSize : 52 <-- 0.006777 s
currentSize : 53 <-- 0.006919 s
currentSize : 54 <-- 0.007151 s
currentSize : 55 <-- 0.021039 s
currentSize : 56 <-- 0.021187 s
currentSize : 57 <-- 0.021488 s
currentSize : 58 <-- 0.021655 s
currentSize : 60 <-- 0.080774 s
currentSize : 61 <-- 0.081023 s
currentSize : 63 <-- 0.091973 s
currentSize : 65 <-- 0.092338 s

maxsize : 65
nodes : 5109275.000000
filtered : 41480427.000000
time : 30.601139
