Parameters: GAD=1 vflib=1 dir=0 label=0 vlabel=1 lowerbound=1 fileNameGp=../../cp2016-max-common-connected-subgraph-paper/datasets/graphsdb/mcs70/bvg/b06/mcs70_b06_s35.A09 fileNameGt=../../cp2016-max-common-connected-subgraph-paper/datasets/graphsdb/mcs70/bvg/b06/mcs70_b06_s35.B09
Reading graphs...
35 :  105
35 :  105
Initializing...
maxdom : 9
D->valSize : 177
Solving...
Blb : 2 (clique : 11)
currentSize : 11 <-- 0.000943 s
currentSize : 12 <-- 0.001013 s
currentSize : 13 <-- 0.001100 s
currentSize : 14 <-- 0.001941 s
currentSize : 15 <-- 0.003646 s
currentSize : 16 <-- 0.010392 s
currentSize : 17 <-- 0.010431 s
currentSize : 18 <-- 0.011301 s
currentSize : 21 <-- 0.011663 s
currentSize : 22 <-- 0.011675 s
currentSize : 23 <-- 0.011721 s
currentSize : 24 <-- 0.011937 s

maxsize : 24
nodes : 5311.000000
filtered : 32636.000000
time : 0.016790
