Parameters: GAD=1 vflib=1 dir=0 label=0 vlabel=1 lowerbound=1 fileNameGp=../../cp2016-max-common-connected-subgraph-paper/datasets/graphsdb/mcs70/m3D/m3Dr2/mcs70_m3Dr2_s100.A01 fileNameGt=../../cp2016-max-common-connected-subgraph-paper/datasets/graphsdb/mcs70/m3D/m3Dr2/mcs70_m3Dr2_s100.B01
Reading graphs...
100 :  255
100 :  253
Initializing...
maxdom : 7
D->valSize : 351
Solving...
Blb : 2 (clique : 41)
currentSize : 41 <-- 0.005776 s
currentSize : 42 <-- 0.020214 s
currentSize : 43 <-- 0.364267 s
currentSize : 44 <-- 4.328881 s
currentSize : 45 <-- 4.391675 s
currentSize : 49 <-- 39.210239 s
currentSize : 50 <-- 39.211922 s
currentSize : 51 <-- 39.433929 s
currentSize : 53 <-- 192.737564 s
currentSize : 55 <-- 202.700256 s
currentSize : 56 <-- 202.700546 s
currentSize : 58 <-- 203.098480 s
currentSize : 59 <-- 203.098511 s
currentSize : 63 <-- 306.414307 s
currentSize : 64 <-- 306.414490 s

maxsize : 64
nodes : 92616502.000000
filtered : 383185814.000000
time : 488.266571
