Parameters: GAD=1 vflib=1 dir=0 label=0 vlabel=1 lowerbound=1 fileNameGp=../../cp2016-max-common-connected-subgraph-paper/datasets/graphsdb/mcs70/bvg/b03m/mcs70_b03m_s70.A08 fileNameGt=../../cp2016-max-common-connected-subgraph-paper/datasets/graphsdb/mcs70/bvg/b03m/mcs70_b03m_s70.B08
Reading graphs...
70 :  105
70 :  105
Initializing...
maxdom : 9
D->valSize : 350
Solving...
Blb : 2 (clique : 41)
currentSize : 41 <-- 0.003100 s
currentSize : 42 <-- 0.003368 s
currentSize : 43 <-- 0.003470 s
currentSize : 44 <-- 0.003562 s
currentSize : 45 <-- 0.003727 s
currentSize : 46 <-- 0.003833 s
currentSize : 47 <-- 0.053265 s
currentSize : 49 <-- 0.053646 s

maxsize : 49
nodes : 1626075.000000
filtered : 7254047.000000
time : 7.128900
