Parameters: GAD=1 vflib=1 dir=0 label=0 vlabel=1 lowerbound=1 fileNameGp=../../cp2016-max-common-connected-subgraph-paper/datasets/graphsdb/mcs70/bvg/b03m/mcs70_b03m_s70.A00 fileNameGt=../../cp2016-max-common-connected-subgraph-paper/datasets/graphsdb/mcs70/bvg/b03m/mcs70_b03m_s70.B00
Reading graphs...
70 :  105
70 :  105
Initializing...
maxdom : 8
D->valSize : 350
Solving...
Blb : 2 (clique : 43)
currentSize : 43 <-- 0.003152 s
currentSize : 44 <-- 0.003396 s
currentSize : 45 <-- 0.003452 s
currentSize : 46 <-- 0.057473 s
currentSize : 47 <-- 143.315277 s
currentSize : 48 <-- 143.315338 s
currentSize : 49 <-- 149.828339 s

maxsize : 49
nodes : 83672966.000000
filtered : 356668564.000000
time : 348.852173
