Parameters: GAD=1 vflib=1 dir=0 label=0 vlabel=1 lowerbound=1 fileNameGp=../../cp2016-max-common-connected-subgraph-paper/datasets/graphsdb/mcs70/m2D/m2Dr4/mcs70_m2Dr4_s70.A01 fileNameGt=../../cp2016-max-common-connected-subgraph-paper/datasets/graphsdb/mcs70/m2D/m2Dr4/mcs70_m2Dr4_s70.B01
Reading graphs...
70 :  150
70 :  149
Initializing...
maxdom : 9
D->valSize : 343
Solving...
Blb : 2 (clique : 35)
currentSize : 35 <-- 0.004856 s
currentSize : 36 <-- 0.006280 s
currentSize : 38 <-- 0.006747 s
currentSize : 40 <-- 0.010112 s
currentSize : 42 <-- 0.010177 s
currentSize : 47 <-- 0.010889 s
currentSize : 48 <-- 0.564604 s
currentSize : 49 <-- 0.586792 s

maxsize : 49
nodes : 436089.000000
filtered : 1927275.000000
time : 1.829275
