Parameters: GAD=1 vflib=1 dir=0 label=0 vlabel=1 lowerbound=1 fileNameGp=../../cp2016-max-common-connected-subgraph-paper/datasets/graphsdb/mcs70/m2D/m2Dr2/mcs70_m2Dr2_s40.A01 fileNameGt=../../cp2016-max-common-connected-subgraph-paper/datasets/graphsdb/mcs70/m2D/m2Dr2/mcs70_m2Dr2_s40.B01
Reading graphs...
40 :  75
40 :  74
Initializing...
maxdom : 8
D->valSize : 216
Solving...
Blb : 5 (clique : 16)
currentSize : 16 <-- 0.001972 s
currentSize : 17 <-- 0.005474 s
currentSize : 18 <-- 0.005563 s
currentSize : 19 <-- 0.008910 s
currentSize : 20 <-- 0.023054 s
currentSize : 21 <-- 0.044517 s
currentSize : 22 <-- 0.059802 s
currentSize : 23 <-- 0.086433 s
currentSize : 24 <-- 0.108130 s
currentSize : 25 <-- 0.200421 s
currentSize : 26 <-- 0.200481 s

maxsize : 26
nodes : 68270.000000
filtered : 658491.000000
time : 0.258782
