Parameters: GAD=1 vflib=1 dir=0 label=0 vlabel=1 lowerbound=1 fileNameGp=../../cp2016-max-common-connected-subgraph-paper/datasets/graphsdb/mcs70/m2D/m2Dr4/mcs70_m2Dr4_s80.A07 fileNameGt=../../cp2016-max-common-connected-subgraph-paper/datasets/graphsdb/mcs70/m2D/m2Dr4/mcs70_m2Dr4_s80.B07
Reading graphs...
80 :  172
80 :  171
Initializing...
maxdom : 9
D->valSize : 440
Solving...
Blb : 2 (clique : 29)
currentSize : 29 <-- 0.007120 s
currentSize : 30 <-- 0.007474 s
currentSize : 31 <-- 0.007625 s
currentSize : 32 <-- 0.012801 s
currentSize : 33 <-- 0.125243 s
currentSize : 34 <-- 0.733075 s
currentSize : 35 <-- 43.858330 s
currentSize : 36 <-- 57.696224 s
currentSize : 37 <-- 262.658630 s
currentSize : 38 <-- 262.659027 s
currentSize : 39 <-- 665.678406 s
currentSize : 40 <-- 670.071533 s
currentSize : 41 <-- 758.393127 s
currentSize : 42 <-- 758.396667 s
currentSize : 43 <-- 876.379456 s
currentSize : 44 <-- 988.071411 s

TIMEOUT
maxsize : 44
nodes : 199930337.000000
filtered : 1251167626.000000
time : 1000.000061
