Parameters: GAD=1 vflib=1 dir=0 label=0 vlabel=1 lowerbound=1 fileNameGp=../../cp2016-max-common-connected-subgraph-paper/datasets/graphsdb/mcs70/rand/r01/mcs70_r01_s70.A08 fileNameGt=../../cp2016-max-common-connected-subgraph-paper/datasets/graphsdb/mcs70/rand/r01/mcs70_r01_s70.B08
Reading graphs...
70 :  450
70 :  455
Initializing...
maxdom : 8
D->valSize : 342
Solving...
Blb : 2 (clique : 14)
currentSize : 14 <-- 0.002867 s
currentSize : 15 <-- 0.003294 s
currentSize : 16 <-- 0.003323 s
currentSize : 17 <-- 0.004093 s
currentSize : 18 <-- 0.004171 s
currentSize : 19 <-- 0.005354 s
currentSize : 20 <-- 0.005395 s
currentSize : 21 <-- 0.010057 s
currentSize : 22 <-- 0.010118 s
currentSize : 24 <-- 0.010181 s
currentSize : 26 <-- 0.011642 s
currentSize : 29 <-- 0.011898 s
currentSize : 34 <-- 0.028460 s
currentSize : 37 <-- 0.044163 s
currentSize : 39 <-- 0.092364 s
currentSize : 49 <-- 0.099039 s

maxsize : 49
nodes : 20256.000000
filtered : 188733.000000
time : 0.108584
