Parameters: GAD=1 vflib=1 dir=0 label=0 vlabel=1 lowerbound=1 fileNameGp=../../cp2016-max-common-connected-subgraph-paper/datasets/graphsdb/mcs70/m3D/m3Dr6/mcs70_m3Dr6_s90.A07 fileNameGt=../../cp2016-max-common-connected-subgraph-paper/datasets/graphsdb/mcs70/m3D/m3Dr6/mcs70_m3Dr6_s90.B07
Reading graphs...
90 :  258
90 :  259
Initializing...
maxdom : 12
D->valSize : 573
Solving...
Blb : 2 (clique : 40)
currentSize : 40 <-- 0.011502 s
currentSize : 41 <-- 0.012456 s
currentSize : 42 <-- 0.016622 s
currentSize : 43 <-- 0.079073 s
currentSize : 44 <-- 0.079319 s
currentSize : 45 <-- 0.079462 s
currentSize : 47 <-- 0.080347 s
currentSize : 48 <-- 0.081754 s
currentSize : 50 <-- 0.130805 s
currentSize : 52 <-- 0.131526 s
currentSize : 55 <-- 0.133388 s
currentSize : 56 <-- 0.134840 s
currentSize : 57 <-- 0.168655 s
currentSize : 60 <-- 0.169330 s
currentSize : 61 <-- 0.170323 s
currentSize : 63 <-- 0.172105 s
currentSize : 65 <-- 0.199532 s

maxsize : 65
nodes : 1416894.000000
filtered : 12040205.000000
time : 8.685823
