Parameters: GAD=1 vflib=1 dir=0 label=0 vlabel=1 lowerbound=1 fileNameGp=../../cp2016-max-common-connected-subgraph-paper/datasets/graphsdb/mcs70/bvg/b06m/mcs70_b06m_s70.A06 fileNameGt=../../cp2016-max-common-connected-subgraph-paper/datasets/graphsdb/mcs70/bvg/b06m/mcs70_b06m_s70.B06
Reading graphs...
70 :  208
70 :  207
Initializing...
maxdom : 7
D->valSize : 354
Solving...
Blb : 3 (clique : 24)
currentSize : 24 <-- 0.003031 s
currentSize : 25 <-- 0.006188 s
currentSize : 26 <-- 0.012294 s
currentSize : 27 <-- 0.040199 s
currentSize : 28 <-- 0.053410 s
currentSize : 29 <-- 0.066607 s
currentSize : 32 <-- 0.323010 s
currentSize : 33 <-- 0.564864 s
currentSize : 35 <-- 0.973144 s
currentSize : 36 <-- 1.330736 s
currentSize : 39 <-- 3.592620 s
currentSize : 41 <-- 4.953091 s
currentSize : 43 <-- 6.065969 s
currentSize : 49 <-- 6.837498 s

maxsize : 49
nodes : 1746858.000000
filtered : 9257790.000000
time : 7.963302
