Parameters: GAD=1 vflib=1 dir=0 label=0 vlabel=1 lowerbound=1 fileNameGp=../../cp2016-max-common-connected-subgraph-paper/datasets/graphsdb/mcs70/m2D/m2D/mcs70_m2D_s60.A04 fileNameGt=../../cp2016-max-common-connected-subgraph-paper/datasets/graphsdb/mcs70/m2D/m2D/mcs70_m2D_s60.B04
Reading graphs...
60 :  104
60 :  104
Initializing...
maxdom : 7
D->valSize : 289
Solving...
Blb : 2 (clique : 26)
currentSize : 26 <-- 0.002190 s
currentSize : 27 <-- 0.002863 s
currentSize : 28 <-- 0.005303 s
currentSize : 29 <-- 0.010408 s
currentSize : 31 <-- 0.012383 s
currentSize : 32 <-- 0.015820 s
currentSize : 33 <-- 0.055317 s
currentSize : 34 <-- 0.056473 s
currentSize : 36 <-- 0.061308 s
currentSize : 37 <-- 0.121535 s

maxsize : 37
nodes : 452887.000000
filtered : 2426560.000000
time : 1.928216
