Parameters: GAD=1 vflib=1 dir=0 label=0 vlabel=1 lowerbound=1 fileNameGp=../../cp2016-max-common-connected-subgraph-paper/datasets/graphsdb/mcs70/bvg/b03/mcs70_b03_s50.A06 fileNameGt=../../cp2016-max-common-connected-subgraph-paper/datasets/graphsdb/mcs70/bvg/b03/mcs70_b03_s50.B06
Reading graphs...
50 :  75
50 :  75
Initializing...
maxdom : 10
D->valSize : 352
Solving...
Blb : 2 (clique : 26)
currentSize : 26 <-- 0.002704 s
currentSize : 27 <-- 0.128771 s
currentSize : 28 <-- 0.162015 s
currentSize : 29 <-- 0.919950 s
currentSize : 30 <-- 1.934228 s
currentSize : 31 <-- 12.914369 s
currentSize : 32 <-- 20.288082 s
currentSize : 33 <-- 20.289040 s
currentSize : 34 <-- 22.988415 s

maxsize : 34
nodes : 6546605.000000
filtered : 61636020.000000
time : 28.310289
