Parameters: GAD=1 vflib=1 dir=0 label=0 vlabel=1 lowerbound=1 fileNameGp=../../cp2016-max-common-connected-subgraph-paper/datasets/graphsdb/mcs70/bvg/b03/mcs70_b03_s70.A04 fileNameGt=../../cp2016-max-common-connected-subgraph-paper/datasets/graphsdb/mcs70/bvg/b03/mcs70_b03_s70.B04
Reading graphs...
70 :  104
70 :  104
Initializing...
maxdom : 9
D->valSize : 358
Solving...
Blb : 5 (clique : 30)
currentSize : 30 <-- 0.005272 s
currentSize : 35 <-- 0.005589 s
currentSize : 36 <-- 0.005694 s
currentSize : 37 <-- 0.005766 s
currentSize : 38 <-- 0.006844 s
currentSize : 39 <-- 0.008629 s
currentSize : 40 <-- 0.014140 s
currentSize : 41 <-- 0.279154 s
currentSize : 42 <-- 0.734226 s
currentSize : 43 <-- 0.737850 s
currentSize : 44 <-- 4.270178 s
currentSize : 45 <-- 4.270237 s
currentSize : 46 <-- 4.270372 s
currentSize : 47 <-- 4.270417 s
currentSize : 48 <-- 12.781327 s

maxsize : 48
nodes : 3819401.000000
filtered : 19085762.000000
time : 18.056313
