Parameters: GAD=1 vflib=1 dir=0 label=0 vlabel=1 lowerbound=1 fileNameGp=../../cp2016-max-common-connected-subgraph-paper/datasets/graphsdb/mcs70/m2D/m2Dr2/mcs70_m2Dr2_s100.A07 fileNameGt=../../cp2016-max-common-connected-subgraph-paper/datasets/graphsdb/mcs70/m2D/m2Dr2/mcs70_m2Dr2_s100.B07
Reading graphs...
100 :  200
100 :  200
Initializing...
maxdom : 6
D->valSize : 358
Solving...
Blb : 5 (clique : 44)
currentSize : 44 <-- 0.006194 s
currentSize : 45 <-- 0.112861 s
currentSize : 46 <-- 0.113603 s
currentSize : 47 <-- 0.620832 s
currentSize : 48 <-- 2.643075 s
currentSize : 49 <-- 2.663054 s
currentSize : 50 <-- 3.012455 s
currentSize : 51 <-- 12.590718 s
currentSize : 52 <-- 13.133159 s
currentSize : 53 <-- 32.364239 s
currentSize : 54 <-- 32.547028 s

TIMEOUT
maxsize : 54
nodes : 187140811.000000
filtered : 713452800.000000
time : 1000.000122
