Parameters: GAD=1 vflib=1 dir=0 label=0 vlabel=1 lowerbound=1 fileNameGp=../../cp2016-max-common-connected-subgraph-paper/datasets/graphsdb/mcs70/bvg/b06/mcs70_b06_s50.A09 fileNameGt=../../cp2016-max-common-connected-subgraph-paper/datasets/graphsdb/mcs70/bvg/b06/mcs70_b06_s50.B09
Reading graphs...
50 :  149
50 :  149
Initializing...
maxdom : 8
D->valSize : 336
Solving...
Blb : 2 (clique : 16)
currentSize : 16 <-- 0.003843 s
currentSize : 17 <-- 0.007360 s
currentSize : 18 <-- 0.007964 s
currentSize : 19 <-- 0.008313 s
currentSize : 20 <-- 0.028906 s
currentSize : 21 <-- 0.125428 s
currentSize : 22 <-- 0.908576 s
currentSize : 23 <-- 0.979098 s
currentSize : 26 <-- 1.008172 s
currentSize : 28 <-- 2.631131 s
currentSize : 30 <-- 2.631279 s
currentSize : 34 <-- 3.098428 s
currentSize : 35 <-- 3.098689 s

maxsize : 35
nodes : 718960.000000
filtered : 6908871.000000
time : 3.204843
