Parameters: GAD=1 vflib=1 dir=0 label=0 vlabel=1 lowerbound=1 fileNameGp=../../cp2016-max-common-connected-subgraph-paper/datasets/graphsdb/mcs70/bvg/b09/mcs70_b09_s90.A00 fileNameGt=../../cp2016-max-common-connected-subgraph-paper/datasets/graphsdb/mcs70/bvg/b09/mcs70_b09_s90.B00
Reading graphs...
90 :  404
90 :  404
Initializing...
maxdom : 11
D->valSize : 610
Solving...
Blb : 2 (clique : 30)
currentSize : 30 <-- 0.012055 s
currentSize : 31 <-- 0.019075 s
currentSize : 32 <-- 0.022352 s
currentSize : 34 <-- 0.026545 s
currentSize : 35 <-- 0.026939 s
currentSize : 36 <-- 0.027508 s
currentSize : 37 <-- 0.027789 s
currentSize : 38 <-- 0.031976 s
currentSize : 39 <-- 0.050961 s
currentSize : 40 <-- 0.052683 s
currentSize : 41 <-- 0.053130 s
currentSize : 42 <-- 0.076457 s
currentSize : 43 <-- 0.157358 s
currentSize : 44 <-- 0.820844 s
currentSize : 47 <-- 1.513062 s
currentSize : 48 <-- 1.513331 s
currentSize : 49 <-- 1.543225 s
currentSize : 51 <-- 1.597771 s
currentSize : 52 <-- 2.317201 s
currentSize : 56 <-- 2.317823 s
currentSize : 59 <-- 2.318538 s
currentSize : 62 <-- 2.319739 s

maxsize : 62
nodes : 8680402.000000
filtered : 82441981.000000
time : 51.955360
