Parameters: GAD=1 vflib=1 dir=0 label=0 vlabel=1 lowerbound=1 fileNameGp=../../cp2016-max-common-connected-subgraph-paper/datasets/graphsdb/mcs70/m3D/m3Dr6/mcs70_m3Dr6_s100.A07 fileNameGt=../../cp2016-max-common-connected-subgraph-paper/datasets/graphsdb/mcs70/m3D/m3Dr6/mcs70_m3Dr6_s100.B07
Reading graphs...
100 :  293
100 :  293
Initializing...
maxdom : 6
D->valSize : 370
Solving...
Blb : 3 (clique : 40)
currentSize : 40 <-- 0.003719 s
currentSize : 41 <-- 0.004520 s
currentSize : 44 <-- 0.007135 s
currentSize : 45 <-- 0.007427 s
currentSize : 47 <-- 2.459038 s
currentSize : 49 <-- 2.459337 s
currentSize : 50 <-- 5.993561 s
currentSize : 51 <-- 9.874899 s
currentSize : 52 <-- 9.875218 s
currentSize : 53 <-- 9.875337 s
currentSize : 54 <-- 44.396637 s
currentSize : 56 <-- 47.427429 s
currentSize : 57 <-- 47.472904 s
currentSize : 59 <-- 175.278427 s
currentSize : 60 <-- 228.795807 s
currentSize : 61 <-- 228.796112 s
currentSize : 63 <-- 228.874573 s
currentSize : 64 <-- 228.968658 s

maxsize : 64
nodes : 59618882.000000
filtered : 238247302.000000
time : 315.597504
