Parameters: GAD=1 vflib=1 dir=0 label=0 vlabel=1 lowerbound=1 fileNameGp=../../cp2016-max-common-connected-subgraph-paper/datasets/graphsdb/mcs70/m2D/m2Dr6/mcs70_m2Dr6_s90.A09 fileNameGt=../../cp2016-max-common-connected-subgraph-paper/datasets/graphsdb/mcs70/m2D/m2Dr6/mcs70_m2Dr6_s90.B09
Reading graphs...
90 :  214
90 :  211
Initializing...
maxdom : 12
D->valSize : 543
Solving...
Blb : 2 (clique : 34)
currentSize : 34 <-- 0.006423 s
currentSize : 35 <-- 0.271479 s
currentSize : 36 <-- 3.897261 s
currentSize : 37 <-- 16.193510 s
currentSize : 38 <-- 28.903416 s
currentSize : 39 <-- 29.091309 s
currentSize : 40 <-- 155.008377 s
currentSize : 41 <-- 265.444855 s
currentSize : 42 <-- 265.538025 s
currentSize : 43 <-- 323.036591 s

TIMEOUT
maxsize : 43
nodes : 192731411.000000
filtered : 1306092839.000000
time : 1000.000061
