Parameters: GAD=1 vflib=1 dir=0 label=0 vlabel=1 lowerbound=1 fileNameGp=../../cp2016-max-common-connected-subgraph-paper/datasets/graphsdb/mcs70/bvg/b03/mcs70_b03_s60.A08 fileNameGt=../../cp2016-max-common-connected-subgraph-paper/datasets/graphsdb/mcs70/bvg/b03/mcs70_b03_s60.B08
Reading graphs...
60 :  90
60 :  90
Initializing...
maxdom : 7
D->valSize : 256
Solving...
Blb : 2 (clique : 30)
currentSize : 30 <-- 0.003052 s
currentSize : 31 <-- 3.668156 s
currentSize : 32 <-- 4.476403 s
currentSize : 33 <-- 4.476929 s
currentSize : 34 <-- 4.837628 s
currentSize : 35 <-- 7.311147 s
currentSize : 36 <-- 7.717537 s
currentSize : 37 <-- 7.720287 s
currentSize : 38 <-- 9.514050 s
currentSize : 39 <-- 9.514140 s
currentSize : 40 <-- 9.532078 s
currentSize : 41 <-- 9.532194 s
currentSize : 42 <-- 9.692411 s

maxsize : 42
nodes : 2618629.000000
filtered : 11793743.000000
time : 9.772060
