Parameters: GAD=1 vflib=1 dir=0 label=0 vlabel=1 lowerbound=1 fileNameGp=../../cp2016-max-common-connected-subgraph-paper/datasets/graphsdb/mcs70/m2D/m2Dr6/mcs70_m2Dr6_s50.A03 fileNameGt=../../cp2016-max-common-connected-subgraph-paper/datasets/graphsdb/mcs70/m2D/m2Dr6/mcs70_m2Dr6_s50.B03
Reading graphs...
50 :  114
50 :  114
Initializing...
maxdom : 10
D->valSize : 357
Solving...
Blb : 3 (clique : 26)
currentSize : 26 <-- 0.004332 s
currentSize : 27 <-- 0.197150 s
currentSize : 28 <-- 0.247474 s
currentSize : 30 <-- 0.252728 s
currentSize : 31 <-- 0.253508 s
currentSize : 32 <-- 0.300385 s
currentSize : 35 <-- 0.301137 s
currentSize : 36 <-- 0.301227 s

maxsize : 36
nodes : 102265.000000
filtered : 682649.000000
time : 0.402254
