Parameters: GAD=1 vflib=1 dir=0 label=0 vlabel=1 lowerbound=1 fileNameGp=../../cp2016-max-common-connected-subgraph-paper/datasets/graphsdb/mcs70/bvg/b03/mcs70_b03_s70.A07 fileNameGt=../../cp2016-max-common-connected-subgraph-paper/datasets/graphsdb/mcs70/bvg/b03/mcs70_b03_s70.B07
Reading graphs...
70 :  105
70 :  104
Initializing...
maxdom : 8
D->valSize : 361
Solving...
Blb : 2 (clique : 35)
currentSize : 35 <-- 0.003163 s
currentSize : 36 <-- 0.006200 s
currentSize : 39 <-- 0.007726 s
currentSize : 40 <-- 0.046848 s
currentSize : 41 <-- 0.047716 s
currentSize : 42 <-- 0.074738 s
currentSize : 43 <-- 0.074859 s
currentSize : 44 <-- 0.075312 s
currentSize : 45 <-- 0.199174 s
currentSize : 46 <-- 55.373768 s
currentSize : 47 <-- 55.373951 s
currentSize : 48 <-- 172.078079 s
currentSize : 49 <-- 172.078262 s

maxsize : 49
nodes : 44355219.000000
filtered : 268627399.000000
time : 215.038910
