Parameters: GAD=1 vflib=1 dir=0 label=0 vlabel=1 lowerbound=1 fileNameGp=../../cp2016-max-common-connected-subgraph-paper/datasets/graphsdb/mcs70/m2D/m2Dr6/mcs70_m2Dr6_s90.A04 fileNameGt=../../cp2016-max-common-connected-subgraph-paper/datasets/graphsdb/mcs70/m2D/m2Dr6/mcs70_m2Dr6_s90.B04
Reading graphs...
90 :  214
90 :  214
Initializing...
maxdom : 11
D->valSize : 581
Solving...
Blb : 2 (clique : 56)
currentSize : 56 <-- 0.007082 s
currentSize : 58 <-- 0.008303 s
currentSize : 59 <-- 0.009733 s
currentSize : 60 <-- 0.010718 s
currentSize : 61 <-- 0.010796 s
currentSize : 62 <-- 23.632835 s
currentSize : 63 <-- 23.686392 s
currentSize : 64 <-- 23.686508 s

maxsize : 64
nodes : 156336926.000000
filtered : 567911603.000000
time : 682.598694
