Parameters: GAD=1 vflib=1 dir=0 label=0 vlabel=1 lowerbound=1 fileNameGp=../../cp2016-max-common-connected-subgraph-paper/datasets/graphsdb/mcs70/m2D/m2Dr2/mcs70_m2Dr2_s90.A04 fileNameGt=../../cp2016-max-common-connected-subgraph-paper/datasets/graphsdb/mcs70/m2D/m2Dr2/mcs70_m2Dr2_s90.B04
Reading graphs...
90 :  179
90 :  179
Initializing...
maxdom : 9
D->valSize : 568
Solving...
Blb : 2 (clique : 50)
currentSize : 50 <-- 0.011637 s
currentSize : 52 <-- 0.012991 s
currentSize : 53 <-- 0.013109 s
currentSize : 54 <-- 0.056718 s
currentSize : 55 <-- 1.418203 s
currentSize : 59 <-- 1.426213 s
currentSize : 60 <-- 2.482074 s
currentSize : 64 <-- 5.530453 s

maxsize : 64
nodes : 10349679.000000
filtered : 50782092.000000
time : 55.052486
