Parameters: GAD=1 vflib=1 dir=0 label=0 vlabel=1 lowerbound=1 fileNameGp=../../cp2016-max-common-connected-subgraph-paper/datasets/graphsdb/mcs70/m2D/m2Dr6/mcs70_m2Dr6_s60.A04 fileNameGt=../../cp2016-max-common-connected-subgraph-paper/datasets/graphsdb/mcs70/m2D/m2Dr6/mcs70_m2Dr6_s60.B04
Reading graphs...
60 :  138
60 :  136
Initializing...
maxdom : 7
D->valSize : 271
Solving...
Blb : 2 (clique : 26)
currentSize : 26 <-- 0.001970 s
currentSize : 27 <-- 0.002462 s
currentSize : 29 <-- 0.002834 s
currentSize : 31 <-- 0.003493 s
currentSize : 32 <-- 0.007543 s
currentSize : 33 <-- 0.042875 s
currentSize : 34 <-- 1.946085 s
currentSize : 35 <-- 5.326548 s
currentSize : 36 <-- 5.326647 s

maxsize : 36
nodes : 1777205.000000
filtered : 10065724.000000
time : 7.379332
