Parameters: GAD=1 vflib=1 dir=0 label=0 vlabel=1 lowerbound=1 fileNameGp=../../cp2016-max-common-connected-subgraph-paper/datasets/graphsdb/mcs70/m2D/m2Dr4/mcs70_m2Dr4_s90.A09 fileNameGt=../../cp2016-max-common-connected-subgraph-paper/datasets/graphsdb/mcs70/m2D/m2Dr4/mcs70_m2Dr4_s90.B09
Reading graphs...
90 :  193
90 :  193
Initializing...
maxdom : 7
D->valSize : 539
Solving...
Blb : 2 (clique : 55)
currentSize : 55 <-- 0.006318 s
currentSize : 57 <-- 0.007255 s
currentSize : 58 <-- 0.008580 s
currentSize : 59 <-- 3.809554 s
currentSize : 60 <-- 3.810088 s
currentSize : 61 <-- 18.781639 s
currentSize : 62 <-- 18.782568 s
currentSize : 63 <-- 19.598856 s
currentSize : 64 <-- 19.599335 s

maxsize : 64
nodes : 23540309.000000
filtered : 181555863.000000
time : 142.626404
