Parameters: GAD=1 vflib=1 dir=0 label=0 vlabel=1 lowerbound=1 fileNameGp=../../cp2016-max-common-connected-subgraph-paper/datasets/graphsdb/mcs70/bvg/b03m/mcs70_b03m_s80.A00 fileNameGt=../../cp2016-max-common-connected-subgraph-paper/datasets/graphsdb/mcs70/bvg/b03m/mcs70_b03m_s80.B00
Reading graphs...
80 :  119
80 :  119
Initializing...
maxdom : 9
D->valSize : 483
Solving...
Blb : 3 (clique : 41)
currentSize : 41 <-- 0.005176 s
currentSize : 46 <-- 0.005469 s
currentSize : 47 <-- 0.005529 s
currentSize : 49 <-- 0.005605 s
currentSize : 50 <-- 0.005727 s
currentSize : 51 <-- 0.006691 s
currentSize : 52 <-- 0.006818 s
currentSize : 53 <-- 0.029763 s
currentSize : 54 <-- 0.029885 s
currentSize : 55 <-- 0.046184 s
currentSize : 56 <-- 11.002297 s

maxsize : 56
nodes : 125141108.000000
filtered : 715634045.000000
time : 646.064575
