Parameters: GAD=1 vflib=1 dir=0 label=0 vlabel=1 lowerbound=1 fileNameGp=../../cp2016-max-common-connected-subgraph-paper/datasets/graphsdb/mcs70/m3D/m3Dr6/mcs70_m3Dr6_s100.A09 fileNameGt=../../cp2016-max-common-connected-subgraph-paper/datasets/graphsdb/mcs70/m3D/m3Dr6/mcs70_m3Dr6_s100.B09
Reading graphs...
100 :  293
100 :  291
Initializing...
maxdom : 7
D->valSize : 389
Solving...
Blb : 3 (clique : 50)
currentSize : 50 <-- 0.004262 s
currentSize : 51 <-- 13.230983 s
currentSize : 52 <-- 13.339911 s
currentSize : 53 <-- 217.970139 s
currentSize : 54 <-- 218.045334 s
currentSize : 56 <-- 221.221451 s
currentSize : 57 <-- 221.273941 s
currentSize : 58 <-- 485.513000 s
currentSize : 59 <-- 485.661377 s
currentSize : 60 <-- 486.949310 s
currentSize : 61 <-- 487.133911 s
currentSize : 63 <-- 487.134155 s
currentSize : 64 <-- 487.386932 s

maxsize : 64
nodes : 109824735.000000
filtered : 411644540.000000
time : 562.842102
