Parameters: GAD=1 vflib=1 dir=0 label=0 vlabel=1 lowerbound=1 fileNameGp=../../cp2016-max-common-connected-subgraph-paper/datasets/graphsdb/mcs70/m2D/m2Dr2/mcs70_m2Dr2_s90.A08 fileNameGt=../../cp2016-max-common-connected-subgraph-paper/datasets/graphsdb/mcs70/m2D/m2Dr2/mcs70_m2Dr2_s90.B08
Reading graphs...
90 :  179
90 :  179
Initializing...
maxdom : 11
D->valSize : 591
Solving...
Blb : 2 (clique : 41)
currentSize : 41 <-- 0.012489 s
currentSize : 42 <-- 28.077469 s
currentSize : 43 <-- 31.383488 s
currentSize : 44 <-- 545.346680 s
currentSize : 45 <-- 589.339783 s
currentSize : 46 <-- 682.015015 s
currentSize : 47 <-- 682.290649 s
currentSize : 48 <-- 682.292053 s
currentSize : 49 <-- 710.298706 s
currentSize : 50 <-- 710.900391 s
currentSize : 51 <-- 723.457275 s
currentSize : 52 <-- 841.548157 s

TIMEOUT
maxsize : 52
nodes : 175032139.000000
filtered : 1293266503.000000
time : 1000.000061
