Parameters: GAD=1 vflib=1 dir=0 label=0 vlabel=1 lowerbound=1 fileNameGp=../../cp2016-max-common-connected-subgraph-paper/datasets/graphsdb/mcs70/m3D/m3Dr2/mcs70_m3Dr2_s90.A07 fileNameGt=../../cp2016-max-common-connected-subgraph-paper/datasets/graphsdb/mcs70/m3D/m3Dr2/mcs70_m3Dr2_s90.B07
Reading graphs...
90 :  227
90 :  226
Initializing...
maxdom : 10
D->valSize : 545
Solving...
Blb : 2 (clique : 51)
currentSize : 51 <-- 0.010815 s
currentSize : 52 <-- 0.011392 s
currentSize : 53 <-- 0.011627 s
currentSize : 54 <-- 0.017088 s
currentSize : 55 <-- 0.224375 s
currentSize : 56 <-- 0.226238 s
currentSize : 57 <-- 0.227547 s
currentSize : 58 <-- 2.174902 s
currentSize : 59 <-- 2.176734 s
currentSize : 60 <-- 2.178079 s
currentSize : 61 <-- 186.979355 s
currentSize : 62 <-- 187.132736 s
currentSize : 63 <-- 187.132996 s
currentSize : 64 <-- 187.133148 s

maxsize : 64
nodes : 50943169.000000
filtered : 251105052.000000
time : 259.413849
