Parameters: GAD=1 vflib=1 dir=0 label=0 vlabel=1 lowerbound=1 fileNameGp=../../cp2016-max-common-connected-subgraph-paper/datasets/graphsdb/mcs70/m2D/m2Dr4/mcs70_m2Dr4_s35.A09 fileNameGt=../../cp2016-max-common-connected-subgraph-paper/datasets/graphsdb/mcs70/m2D/m2Dr4/mcs70_m2Dr4_s35.B09
Reading graphs...
35 :  72
35 :  71
Initializing...
maxdom : 7
D->valSize : 153
Solving...
Blb : 2 (clique : 12)
currentSize : 12 <-- 0.000834 s
currentSize : 13 <-- 0.001248 s
currentSize : 14 <-- 0.001621 s
currentSize : 15 <-- 0.002760 s
currentSize : 16 <-- 0.002776 s
currentSize : 18 <-- 0.003474 s
currentSize : 19 <-- 0.003613 s
currentSize : 21 <-- 0.004029 s
currentSize : 22 <-- 0.004074 s
currentSize : 25 <-- 0.006316 s

maxsize : 25
nodes : 2297.000000
filtered : 14832.000000
time : 0.008025
