Parameters: GAD=1 vflib=1 dir=0 label=0 vlabel=1 lowerbound=1 fileNameGp=../../cp2016-max-common-connected-subgraph-paper/datasets/graphsdb/mcs70/bvg/b09/mcs70_b09_s60.A02 fileNameGt=../../cp2016-max-common-connected-subgraph-paper/datasets/graphsdb/mcs70/bvg/b09/mcs70_b09_s60.B02
Reading graphs...
60 :  270
60 :  267
Initializing...
maxdom : 9
D->valSize : 271
Solving...
Blb : 3 (clique : 16)
currentSize : 16 <-- 0.001845 s
currentSize : 18 <-- 0.002527 s
currentSize : 19 <-- 0.017082 s
currentSize : 21 <-- 0.017937 s
currentSize : 22 <-- 0.023724 s
currentSize : 23 <-- 0.025613 s
currentSize : 26 <-- 0.032956 s
currentSize : 27 <-- 0.035540 s
currentSize : 28 <-- 0.039432 s
currentSize : 30 <-- 0.039524 s
currentSize : 31 <-- 0.041546 s
currentSize : 33 <-- 0.056810 s
currentSize : 39 <-- 0.083185 s
currentSize : 42 <-- 0.083311 s

maxsize : 42
nodes : 20309.000000
filtered : 154254.000000
time : 0.093179
