Parameters: GAD=1 vflib=1 dir=0 label=0 vlabel=1 lowerbound=1 fileNameGp=../../cp2016-max-common-connected-subgraph-paper/datasets/graphsdb/mcs70/bvg/b09m/mcs70_b09m_s50.A02 fileNameGt=../../cp2016-max-common-connected-subgraph-paper/datasets/graphsdb/mcs70/bvg/b09m/mcs70_b09m_s50.B02
Reading graphs...
50 :  221
50 :  221
Initializing...
maxdom : 10
D->valSize : 340
Solving...
Blb : 3 (clique : 14)
currentSize : 14 <-- 0.003727 s
currentSize : 15 <-- 0.003947 s
currentSize : 16 <-- 0.007492 s
currentSize : 17 <-- 0.014997 s
currentSize : 19 <-- 0.020357 s
currentSize : 20 <-- 0.056984 s
currentSize : 24 <-- 0.065722 s
currentSize : 25 <-- 0.276795 s
currentSize : 26 <-- 0.276852 s
currentSize : 34 <-- 0.307975 s

maxsize : 34
nodes : 56750.000000
filtered : 559452.000000
time : 0.344772
