Parameters: GAD=1 vflib=1 dir=0 label=0 vlabel=1 lowerbound=1 fileNameGp=../../cp2016-max-common-connected-subgraph-paper/datasets/graphsdb/mcs70/bvg/b09/mcs70_b09_s70.A02 fileNameGt=../../cp2016-max-common-connected-subgraph-paper/datasets/graphsdb/mcs70/bvg/b09/mcs70_b09_s70.B02
Reading graphs...
70 :  313
70 :  309
Initializing...
maxdom : 7
D->valSize : 333
Solving...
Blb : 2 (clique : 21)
currentSize : 21 <-- 0.002655 s
currentSize : 22 <-- 0.003188 s
currentSize : 23 <-- 0.055872 s
currentSize : 24 <-- 0.169269 s
currentSize : 25 <-- 0.172580 s
currentSize : 28 <-- 0.242520 s
currentSize : 30 <-- 0.408352 s
currentSize : 31 <-- 1.542426 s
currentSize : 33 <-- 1.543036 s
currentSize : 36 <-- 1.552875 s
currentSize : 37 <-- 1.664887 s
currentSize : 39 <-- 1.665793 s
currentSize : 43 <-- 1.679997 s
currentSize : 48 <-- 1.687714 s

maxsize : 48
nodes : 362043.000000
filtered : 2945653.000000
time : 1.828983
