Parameters: GAD=1 vflib=1 dir=0 label=0 vlabel=1 lowerbound=1 fileNameGp=../../cp2016-max-common-connected-subgraph-paper/datasets/graphsdb/mcs70/m2D/m2Dr2/mcs70_m2Dr2_s50.A05 fileNameGt=../../cp2016-max-common-connected-subgraph-paper/datasets/graphsdb/mcs70/m2D/m2Dr2/mcs70_m2Dr2_s50.B05
Reading graphs...
50 :  94
50 :  94
Initializing...
maxdom : 9
D->valSize : 345
Solving...
Blb : 2 (clique : 21)
currentSize : 21 <-- 0.002662 s
currentSize : 24 <-- 0.002790 s
currentSize : 25 <-- 0.007522 s
currentSize : 26 <-- 0.243348 s
currentSize : 27 <-- 2.762543 s
currentSize : 29 <-- 4.548292 s
currentSize : 30 <-- 4.555328 s
currentSize : 31 <-- 4.895178 s
currentSize : 32 <-- 4.923309 s
currentSize : 33 <-- 4.945214 s
currentSize : 34 <-- 4.947165 s
currentSize : 35 <-- 5.022627 s
currentSize : 36 <-- 5.139347 s
currentSize : 37 <-- 5.499267 s

maxsize : 37
nodes : 1443603.000000
filtered : 12883750.000000
time : 5.752995
