Parameters: GAD=1 vflib=1 dir=0 label=0 vlabel=1 lowerbound=1 fileNameGp=../../cp2016-max-common-connected-subgraph-paper/datasets/graphsdb/mcs70/m3D/m3Dr2/mcs70_m3Dr2_s40.A00 fileNameGt=../../cp2016-max-common-connected-subgraph-paper/datasets/graphsdb/mcs70/m3D/m3Dr2/mcs70_m3Dr2_s40.B00
Reading graphs...
40 :  91
40 :  90
Initializing...
maxdom : 8
D->valSize : 219
Solving...
Blb : 2 (clique : 15)
currentSize : 15 <-- 0.002031 s
currentSize : 16 <-- 0.002137 s
currentSize : 17 <-- 0.031542 s
currentSize : 18 <-- 0.089484 s
currentSize : 19 <-- 0.100592 s
currentSize : 20 <-- 0.168690 s
currentSize : 21 <-- 0.177709 s
currentSize : 23 <-- 0.205586 s
currentSize : 25 <-- 0.205617 s
currentSize : 27 <-- 0.205678 s

maxsize : 27
nodes : 72857.000000
filtered : 463857.000000
time : 0.258222
