Parameters: GAD=1 vflib=1 dir=0 label=0 vlabel=1 lowerbound=1 fileNameGp=../../cp2016-max-common-connected-subgraph-paper/datasets/graphsdb/mcs70/bvg/b09/mcs70_b09_s70.A08 fileNameGt=../../cp2016-max-common-connected-subgraph-paper/datasets/graphsdb/mcs70/bvg/b09/mcs70_b09_s70.B08
Reading graphs...
70 :  314
70 :  311
Initializing...
maxdom : 9
D->valSize : 368
Solving...
Blb : 5 (clique : 17)
currentSize : 17 <-- 0.004893 s
currentSize : 18 <-- 0.029161 s
currentSize : 19 <-- 0.059062 s
currentSize : 20 <-- 0.149478 s
currentSize : 21 <-- 0.896099 s
currentSize : 22 <-- 0.897163 s
currentSize : 23 <-- 0.902483 s
currentSize : 24 <-- 0.923966 s
currentSize : 25 <-- 0.924026 s
currentSize : 26 <-- 1.046801 s
currentSize : 27 <-- 3.372100 s
currentSize : 28 <-- 5.421324 s
currentSize : 29 <-- 5.495838 s
currentSize : 30 <-- 6.187565 s
currentSize : 37 <-- 6.303234 s
currentSize : 39 <-- 6.303356 s
currentSize : 40 <-- 6.303524 s
currentSize : 42 <-- 6.305993 s
currentSize : 43 <-- 6.306156 s
currentSize : 47 <-- 6.611467 s
currentSize : 48 <-- 6.611628 s

maxsize : 48
nodes : 1511051.000000
filtered : 10824125.000000
time : 7.060730
