Parameters: GAD=1 vflib=1 dir=0 label=0 vlabel=1 lowerbound=1 fileNameGp=../../cp2016-max-common-connected-subgraph-paper/datasets/graphsdb/mcs70/m2D/m2Dr2/mcs70_m2Dr2_s70.A03 fileNameGt=../../cp2016-max-common-connected-subgraph-paper/datasets/graphsdb/mcs70/m2D/m2Dr2/mcs70_m2Dr2_s70.B03
Reading graphs...
70 :  135
70 :  135
Initializing...
maxdom : 7
D->valSize : 335
Solving...
Blb : 2 (clique : 33)
currentSize : 33 <-- 0.003003 s
currentSize : 35 <-- 0.003205 s
currentSize : 36 <-- 0.068523 s
currentSize : 37 <-- 1.142472 s
currentSize : 38 <-- 3.210428 s
currentSize : 39 <-- 3.212852 s
currentSize : 40 <-- 3.238449 s
currentSize : 41 <-- 3.239393 s
currentSize : 42 <-- 8.910259 s
currentSize : 43 <-- 8.910375 s
currentSize : 44 <-- 12.632159 s
currentSize : 45 <-- 12.632550 s
currentSize : 46 <-- 18.505159 s
currentSize : 47 <-- 18.505268 s
currentSize : 48 <-- 19.452236 s
currentSize : 49 <-- 19.452349 s

maxsize : 49
nodes : 4956421.000000
filtered : 23516270.000000
time : 21.895037
