Parameters: GAD=1 vflib=1 dir=0 label=0 vlabel=1 lowerbound=1 fileNameGp=../../cp2016-max-common-connected-subgraph-paper/datasets/graphsdb/mcs70/bvg/b09/mcs70_b09_s70.A03 fileNameGt=../../cp2016-max-common-connected-subgraph-paper/datasets/graphsdb/mcs70/bvg/b09/mcs70_b09_s70.B03
Reading graphs...
70 :  313
70 :  310
Initializing...
maxdom : 9
D->valSize : 356
Solving...
Blb : 3 (clique : 21)
currentSize : 21 <-- 0.003096 s
currentSize : 22 <-- 0.003837 s
currentSize : 23 <-- 0.487178 s
currentSize : 24 <-- 0.735982 s
currentSize : 25 <-- 0.837155 s
currentSize : 26 <-- 1.460384 s
currentSize : 27 <-- 1.681191 s
currentSize : 28 <-- 1.884621 s
currentSize : 29 <-- 3.709512 s
currentSize : 30 <-- 3.957167 s
currentSize : 31 <-- 6.989027 s
currentSize : 33 <-- 7.091335 s
currentSize : 36 <-- 7.098971 s
currentSize : 43 <-- 7.317764 s
currentSize : 44 <-- 7.317940 s
currentSize : 45 <-- 7.318127 s
currentSize : 46 <-- 7.318291 s
currentSize : 48 <-- 7.318584 s

maxsize : 48
nodes : 1677498.000000
filtered : 9902239.000000
time : 7.666410
