Parameters: GAD=1 vflib=1 dir=0 label=0 vlabel=1 lowerbound=1 fileNameGp=../../cp2016-max-common-connected-subgraph-paper/datasets/graphsdb/mcs70/bvg/b09m/mcs70_b09m_s90.A00 fileNameGt=../../cp2016-max-common-connected-subgraph-paper/datasets/graphsdb/mcs70/bvg/b09m/mcs70_b09m_s90.B00
Reading graphs...
90 :  399
90 :  399
Initializing...
maxdom : 10
D->valSize : 556
Solving...
Blb : 3 (clique : 32)
currentSize : 32 <-- 0.010522 s
currentSize : 33 <-- 0.243482 s
currentSize : 34 <-- 0.352881 s
currentSize : 36 <-- 0.533373 s
currentSize : 39 <-- 0.559825 s
currentSize : 41 <-- 0.970970 s
currentSize : 43 <-- 0.977649 s
currentSize : 47 <-- 0.980983 s
currentSize : 48 <-- 0.986223 s
currentSize : 49 <-- 0.988347 s
currentSize : 50 <-- 1.227234 s
currentSize : 52 <-- 1.234947 s
currentSize : 56 <-- 1.235365 s
currentSize : 58 <-- 1.244040 s
currentSize : 62 <-- 1.385457 s

maxsize : 62
nodes : 842834.000000
filtered : 6536181.000000
time : 5.175001
