Parameters: GAD=1 vflib=1 dir=0 label=0 vlabel=1 lowerbound=1 fileNameGp=../../cp2016-max-common-connected-subgraph-paper/datasets/graphsdb/mcs70/m2D/m2Dr4/mcs70_m2Dr4_s80.A04 fileNameGt=../../cp2016-max-common-connected-subgraph-paper/datasets/graphsdb/mcs70/m2D/m2Dr4/mcs70_m2Dr4_s80.B04
Reading graphs...
80 :  174
80 :  173
Initializing...
maxdom : 10
D->valSize : 465
Solving...
Blb : 2 (clique : 31)
currentSize : 31 <-- 0.007928 s
currentSize : 32 <-- 0.800399 s
currentSize : 33 <-- 0.806185 s
currentSize : 34 <-- 0.806931 s
currentSize : 35 <-- 1.912791 s
currentSize : 36 <-- 19.033318 s
currentSize : 37 <-- 19.595501 s

TIMEOUT
maxsize : 37
nodes : 194204202.000000
filtered : 1698992800.000000
time : 1000.000061
