Parameters: GAD=1 vflib=1 dir=0 label=0 vlabel=1 lowerbound=1 fileNameGp=../../cp2016-max-common-connected-subgraph-paper/datasets/graphsdb/mcs70/bvg/b06m/mcs70_b06m_s40.A01 fileNameGt=../../cp2016-max-common-connected-subgraph-paper/datasets/graphsdb/mcs70/bvg/b06m/mcs70_b06m_s40.B01
Reading graphs...
40 :  116
40 :  117
Initializing...
maxdom : 8
D->valSize : 238
Solving...
Blb : 2 (clique : 13)
currentSize : 13 <-- 0.001533 s
currentSize : 14 <-- 0.001755 s
currentSize : 15 <-- 0.002009 s
currentSize : 16 <-- 0.213448 s
currentSize : 17 <-- 0.314877 s
currentSize : 18 <-- 0.334232 s
currentSize : 19 <-- 0.354761 s
currentSize : 20 <-- 0.394384 s
currentSize : 21 <-- 0.427480 s
currentSize : 25 <-- 0.429526 s
currentSize : 28 <-- 0.438059 s

maxsize : 28
nodes : 126552.000000
filtered : 784142.000000
time : 0.444440
