Parameters: GAD=1 vflib=1 dir=0 label=0 vlabel=1 lowerbound=1 fileNameGp=../../cp2016-max-common-connected-subgraph-paper/datasets/graphsdb/mcs70/bvg/b06/mcs70_b06_s100.A04 fileNameGt=../../cp2016-max-common-connected-subgraph-paper/datasets/graphsdb/mcs70/bvg/b06/mcs70_b06_s100.B04
Reading graphs...
100 :  299
100 :  300
Initializing...
maxdom : 7
D->valSize : 399
Solving...
Blb : 5 (clique : 30)
currentSize : 30 <-- 0.004236 s
currentSize : 31 <-- 0.005725 s
currentSize : 33 <-- 0.120523 s
currentSize : 34 <-- 9.653696 s
currentSize : 35 <-- 34.132896 s
currentSize : 36 <-- 45.054798 s
currentSize : 37 <-- 56.516216 s
currentSize : 38 <-- 57.065289 s
currentSize : 39 <-- 58.659359 s
currentSize : 40 <-- 58.663521 s
currentSize : 41 <-- 59.112625 s
currentSize : 42 <-- 63.175922 s
currentSize : 43 <-- 716.807190 s
currentSize : 44 <-- 717.069885 s
currentSize : 45 <-- 717.457214 s
currentSize : 46 <-- 717.467163 s
currentSize : 47 <-- 717.467346 s
currentSize : 48 <-- 717.531006 s
currentSize : 49 <-- 729.376404 s

TIMEOUT
maxsize : 49
nodes : 204167104.000000
filtered : 718620905.000000
time : 1000.000061
