Parameters: GAD=1 vflib=1 dir=0 label=0 vlabel=1 lowerbound=1 fileNameGp=../../cp2016-max-common-connected-subgraph-paper/datasets/graphsdb/mcs70/bvg/b09m/mcs70_b09m_s80.A02 fileNameGt=../../cp2016-max-common-connected-subgraph-paper/datasets/graphsdb/mcs70/bvg/b09m/mcs70_b09m_s80.B02
Reading graphs...
80 :  353
80 :  356
Initializing...
maxdom : 9
D->valSize : 433
Solving...
Blb : 3 (clique : 38)
currentSize : 38 <-- 0.004339 s
currentSize : 39 <-- 0.262476 s
currentSize : 40 <-- 0.611120 s
currentSize : 42 <-- 0.616666 s
currentSize : 43 <-- 0.624156 s
currentSize : 46 <-- 1.555990 s
currentSize : 47 <-- 1.561123 s
currentSize : 51 <-- 2.805542 s
currentSize : 54 <-- 2.806107 s
currentSize : 57 <-- 3.207909 s

maxsize : 57
nodes : 697051.000000
filtered : 4839912.000000
time : 3.653364
