Parameters: GAD=1 vflib=1 dir=0 label=0 vlabel=1 lowerbound=1 fileNameGp=../../cp2016-max-common-connected-subgraph-paper/datasets/graphsdb/mcs70/m2D/m2Dr4/mcs70_m2Dr4_s80.A01 fileNameGt=../../cp2016-max-common-connected-subgraph-paper/datasets/graphsdb/mcs70/m2D/m2Dr4/mcs70_m2Dr4_s80.B01
Reading graphs...
80 :  174
80 :  172
Initializing...
maxdom : 7
D->valSize : 414
Solving...
Blb : 3 (clique : 27)
currentSize : 27 <-- 0.003941 s
currentSize : 28 <-- 0.004749 s
currentSize : 29 <-- 0.793619 s
currentSize : 30 <-- 2.504545 s
currentSize : 31 <-- 9.259306 s
currentSize : 32 <-- 18.488621 s
currentSize : 33 <-- 24.580194 s
currentSize : 34 <-- 105.653679 s
currentSize : 35 <-- 142.500702 s
currentSize : 36 <-- 158.672363 s
currentSize : 37 <-- 158.672455 s
currentSize : 38 <-- 158.672516 s
currentSize : 39 <-- 177.581131 s
currentSize : 40 <-- 190.694595 s
currentSize : 41 <-- 234.124435 s
currentSize : 43 <-- 235.638916 s
currentSize : 44 <-- 394.620941 s
currentSize : 45 <-- 394.625153 s
currentSize : 46 <-- 398.224060 s
currentSize : 47 <-- 398.225555 s
currentSize : 48 <-- 398.234467 s
currentSize : 49 <-- 584.198730 s

TIMEOUT
maxsize : 49
nodes : 208225142.000000
filtered : 1080941573.000000
time : 1000.000061
