Parameters: GAD=1 vflib=1 dir=0 label=0 vlabel=1 lowerbound=1 fileNameGp=../../cp2016-max-common-connected-subgraph-paper/datasets/graphsdb/mcs70/bvg/b03m/mcs70_b03m_s40.A02 fileNameGt=../../cp2016-max-common-connected-subgraph-paper/datasets/graphsdb/mcs70/bvg/b03m/mcs70_b03m_s40.B02
Reading graphs...
40 :  60
40 :  60
Initializing...
maxdom : 7
D->valSize : 224
Solving...
Blb : 2 (clique : 18)
currentSize : 18 <-- 0.001465 s
currentSize : 19 <-- 0.013440 s
currentSize : 21 <-- 0.018205 s
currentSize : 22 <-- 0.018285 s
currentSize : 23 <-- 0.032403 s
currentSize : 24 <-- 0.043667 s
currentSize : 25 <-- 0.052590 s
currentSize : 26 <-- 0.061554 s
currentSize : 27 <-- 0.061624 s
currentSize : 28 <-- 0.066008 s
currentSize : 29 <-- 0.066080 s

maxsize : 29
nodes : 22388.000000
filtered : 109358.000000
time : 0.069538
