Parameters: GAD=1 vflib=1 dir=0 label=0 vlabel=1 lowerbound=1 fileNameGp=../../cp2016-max-common-connected-subgraph-paper/datasets/graphsdb/mcs70/m2D/m2D/mcs70_m2D_s80.A09 fileNameGt=../../cp2016-max-common-connected-subgraph-paper/datasets/graphsdb/mcs70/m2D/m2D/mcs70_m2D_s80.B09
Reading graphs...
80 :  142
80 :  142
Initializing...
maxdom : 9
D->valSize : 438
Solving...
Blb : 5 (clique : 30)
currentSize : 30 <-- 0.004467 s
currentSize : 36 <-- 0.004688 s
currentSize : 37 <-- 0.005535 s
currentSize : 38 <-- 0.005668 s
currentSize : 39 <-- 0.005816 s
currentSize : 40 <-- 2.014204 s
currentSize : 41 <-- 2.280887 s
currentSize : 42 <-- 694.264587 s
currentSize : 43 <-- 832.023254 s
currentSize : 44 <-- 954.230835 s

TIMEOUT
maxsize : 44
nodes : 189077198.000000
filtered : 1432336169.000000
time : 1000.000061
