Parameters: GAD=1 vflib=1 dir=0 label=0 vlabel=1 lowerbound=1 fileNameGp=../../cp2016-max-common-connected-subgraph-paper/datasets/graphsdb/mcs70/m3D/m3D/mcs70_m3D_s90.A03 fileNameGt=../../cp2016-max-common-connected-subgraph-paper/datasets/graphsdb/mcs70/m3D/m3D/mcs70_m3D_s90.B03
Reading graphs...
90 :  208
90 :  208
Initializing...
maxdom : 10
D->valSize : 570
Solving...
Blb : 2 (clique : 54)
currentSize : 54 <-- 0.007137 s
currentSize : 55 <-- 0.007564 s
currentSize : 59 <-- 11.599109 s
currentSize : 60 <-- 11.639080 s
currentSize : 63 <-- 37.538288 s
currentSize : 64 <-- 37.811478 s

maxsize : 64
nodes : 73660756.000000
filtered : 475259001.000000
time : 395.766632
