Parameters: GAD=1 vflib=1 dir=0 label=0 vlabel=1 lowerbound=1 fileNameGp=../../cp2016-max-common-connected-subgraph-paper/datasets/graphsdb/mcs70/m2D/m2Dr6/mcs70_m2Dr6_s70.A03 fileNameGt=../../cp2016-max-common-connected-subgraph-paper/datasets/graphsdb/mcs70/m2D/m2Dr6/mcs70_m2Dr6_s70.B03
Reading graphs...
70 :  163
70 :  162
Initializing...
maxdom : 9
D->valSize : 376
Solving...
Blb : 2 (clique : 30)
currentSize : 30 <-- 0.003360 s
currentSize : 33 <-- 0.003989 s
currentSize : 34 <-- 0.006840 s
currentSize : 36 <-- 0.141461 s
currentSize : 37 <-- 0.143768 s
currentSize : 39 <-- 0.480417 s
currentSize : 40 <-- 0.514059 s
currentSize : 41 <-- 0.520094 s
currentSize : 44 <-- 12.763801 s
currentSize : 45 <-- 20.815084 s
currentSize : 47 <-- 23.826723 s
currentSize : 49 <-- 23.828352 s

maxsize : 49
nodes : 6811572.000000
filtered : 29064277.000000
time : 28.024855
