Parameters: GAD=1 vflib=1 dir=0 label=0 vlabel=1 lowerbound=1 fileNameGp=../../cp2016-max-common-connected-subgraph-paper/datasets/graphsdb/mcs70/bvg/b03/mcs70_b03_s70.A02 fileNameGt=../../cp2016-max-common-connected-subgraph-paper/datasets/graphsdb/mcs70/bvg/b03/mcs70_b03_s70.B02
Reading graphs...
70 :  105
70 :  104
Initializing...
maxdom : 8
D->valSize : 374
Solving...
Blb : 2 (clique : 38)
currentSize : 38 <-- 0.003341 s
currentSize : 40 <-- 0.003641 s
currentSize : 41 <-- 0.004264 s
currentSize : 42 <-- 0.004699 s
currentSize : 46 <-- 0.044210 s
currentSize : 48 <-- 0.112128 s

maxsize : 48
nodes : 35519463.000000
filtered : 210380609.000000
time : 165.623138
