Parameters: GAD=1 vflib=1 dir=0 label=0 vlabel=1 lowerbound=1 fileNameGp=../../cp2016-max-common-connected-subgraph-paper/datasets/graphsdb/mcs70/m2D/m2Dr6/mcs70_m2Dr6_s50.A07 fileNameGt=../../cp2016-max-common-connected-subgraph-paper/datasets/graphsdb/mcs70/m2D/m2Dr6/mcs70_m2Dr6_s50.B07
Reading graphs...
50 :  115
50 :  111
Initializing...
maxdom : 10
D->valSize : 368
Solving...
Blb : 2 (clique : 21)
currentSize : 21 <-- 0.002727 s
currentSize : 24 <-- 0.002852 s
currentSize : 25 <-- 0.002953 s
currentSize : 26 <-- 0.003307 s
currentSize : 27 <-- 0.010000 s
currentSize : 30 <-- 0.014099 s
currentSize : 31 <-- 0.014205 s
currentSize : 32 <-- 0.014283 s
currentSize : 35 <-- 0.028096 s
currentSize : 36 <-- 0.030496 s

maxsize : 36
nodes : 50032.000000
filtered : 389415.000000
time : 0.209267
