Parameters: GAD=1 vflib=1 dir=0 label=0 vlabel=1 lowerbound=1 fileNameGp=../../cp2016-max-common-connected-subgraph-paper/datasets/graphsdb/mcs70/rand/r005/mcs70_r005_s80.A06 fileNameGt=../../cp2016-max-common-connected-subgraph-paper/datasets/graphsdb/mcs70/rand/r005/mcs70_r005_s80.B06
Reading graphs...
80 :  308
80 :  307
Initializing...
maxdom : 10
D->valSize : 473
Solving...
Blb : 2 (clique : 34)
currentSize : 34 <-- 0.007865 s
currentSize : 38 <-- 0.008213 s
currentSize : 39 <-- 0.010221 s
currentSize : 43 <-- 0.027862 s
currentSize : 48 <-- 0.138715 s
currentSize : 53 <-- 0.139954 s
currentSize : 56 <-- 0.163274 s

maxsize : 56
nodes : 131343.000000
filtered : 1275814.000000
time : 0.816236
