Parameters: GAD=1 vflib=1 dir=0 label=0 vlabel=1 lowerbound=1 fileNameGp=../../cp2016-max-common-connected-subgraph-paper/datasets/graphsdb/mcs70/m2D/m2Dr4/mcs70_m2Dr4_s100.A04 fileNameGt=../../cp2016-max-common-connected-subgraph-paper/datasets/graphsdb/mcs70/m2D/m2Dr4/mcs70_m2Dr4_s100.B04
Reading graphs...
100 :  220
100 :  219
Initializing...
maxdom : 10
D->valSize : 368
Solving...
Blb : 2 (clique : 43)
currentSize : 43 <-- 0.003827 s
currentSize : 45 <-- 0.004632 s
currentSize : 46 <-- 0.047526 s
currentSize : 48 <-- 1.320012 s
currentSize : 49 <-- 1.322185 s
currentSize : 50 <-- 1.336882 s
currentSize : 51 <-- 1.504772 s
currentSize : 52 <-- 116.963722 s
currentSize : 54 <-- 123.551659 s
currentSize : 55 <-- 124.479721 s
currentSize : 57 <-- 688.971069 s
currentSize : 58 <-- 689.113647 s
currentSize : 59 <-- 824.552368 s
currentSize : 60 <-- 824.567322 s
currentSize : 61 <-- 824.567627 s
currentSize : 62 <-- 879.144470 s
currentSize : 63 <-- 879.156738 s
currentSize : 64 <-- 879.157104 s

TIMEOUT
maxsize : 64
nodes : 194146472.000000
filtered : 777944908.000000
time : 1000.000122
