Parameters: GAD=1 vflib=1 dir=0 label=0 vlabel=1 lowerbound=1 fileNameGp=../../cp2016-max-common-connected-subgraph-paper/datasets/graphsdb/mcs70/bvg/b06/mcs70_b06_s70.A01 fileNameGt=../../cp2016-max-common-connected-subgraph-paper/datasets/graphsdb/mcs70/bvg/b06/mcs70_b06_s70.B01
Reading graphs...
70 :  210
70 :  208
Initializing...
maxdom : 10
D->valSize : 390
Solving...
Blb : 3 (clique : 26)
currentSize : 26 <-- 0.003408 s
currentSize : 28 <-- 0.006192 s
currentSize : 29 <-- 0.413939 s
currentSize : 30 <-- 0.692560 s
currentSize : 32 <-- 0.754667 s
currentSize : 33 <-- 0.754771 s
currentSize : 34 <-- 0.793122 s
currentSize : 35 <-- 1.041660 s
currentSize : 41 <-- 1.525093 s
currentSize : 46 <-- 2.153477 s
currentSize : 47 <-- 2.153669 s
currentSize : 49 <-- 2.784965 s

maxsize : 49
nodes : 969336.000000
filtered : 4965387.000000
time : 4.236435
