Parameters: GAD=1 vflib=1 dir=0 label=0 vlabel=1 lowerbound=1 fileNameGp=../../cp2016-max-common-connected-subgraph-paper/datasets/graphsdb/mcs70/bvg/b03m/mcs70_b03m_s80.A08 fileNameGt=../../cp2016-max-common-connected-subgraph-paper/datasets/graphsdb/mcs70/bvg/b03m/mcs70_b03m_s80.B08
Reading graphs...
80 :  119
80 :  119
Initializing...
maxdom : 10
D->valSize : 442
Solving...
Blb : 2 (clique : 40)
currentSize : 40 <-- 0.004429 s
currentSize : 41 <-- 0.007338 s
currentSize : 42 <-- 0.007374 s
currentSize : 43 <-- 0.018180 s
currentSize : 44 <-- 0.018244 s
currentSize : 45 <-- 0.026203 s
currentSize : 46 <-- 0.026288 s
currentSize : 47 <-- 0.106864 s
currentSize : 48 <-- 0.154045 s
currentSize : 49 <-- 0.154179 s
currentSize : 50 <-- 0.159610 s
currentSize : 51 <-- 0.363048 s
currentSize : 53 <-- 0.363525 s
currentSize : 54 <-- 0.907843 s
currentSize : 56 <-- 0.908387 s

maxsize : 56
nodes : 6928880.000000
filtered : 36091758.000000
time : 35.992680
