Parameters: GAD=1 vflib=1 dir=0 label=0 vlabel=1 lowerbound=1 fileNameGp=../../cp2016-max-common-connected-subgraph-paper/datasets/graphsdb/mcs70/bvg/b06m/mcs70_b06m_s70.A02 fileNameGt=../../cp2016-max-common-connected-subgraph-paper/datasets/graphsdb/mcs70/bvg/b06m/mcs70_b06m_s70.B02
Reading graphs...
70 :  206
70 :  206
Initializing...
maxdom : 9
D->valSize : 372
Solving...
Blb : 2 (clique : 30)
currentSize : 30 <-- 0.003299 s
currentSize : 31 <-- 0.004820 s
currentSize : 33 <-- 0.004902 s
currentSize : 34 <-- 0.011053 s
currentSize : 35 <-- 0.011281 s
currentSize : 36 <-- 0.017623 s
currentSize : 37 <-- 0.022033 s
currentSize : 38 <-- 0.022156 s
currentSize : 41 <-- 0.218077 s
currentSize : 42 <-- 0.219935 s
currentSize : 43 <-- 0.220160 s
currentSize : 47 <-- 0.882217 s
currentSize : 48 <-- 0.884328 s
currentSize : 49 <-- 0.884535 s

maxsize : 49
nodes : 364080.000000
filtered : 2389499.000000
time : 1.670118
