Parameters: GAD=1 vflib=1 dir=0 label=0 vlabel=1 lowerbound=1 fileNameGp=../../cp2016-max-common-connected-subgraph-paper/datasets/graphsdb/mcs70/m2D/m2Dr4/mcs70_m2Dr4_s60.A03 fileNameGt=../../cp2016-max-common-connected-subgraph-paper/datasets/graphsdb/mcs70/m2D/m2Dr4/mcs70_m2Dr4_s60.B03
Reading graphs...
60 :  126
60 :  127
Initializing...
maxdom : 7
D->valSize : 274
Solving...
Blb : 3 (clique : 27)
currentSize : 27 <-- 0.003265 s
currentSize : 28 <-- 0.061959 s
currentSize : 30 <-- 0.125742 s
currentSize : 31 <-- 0.239249 s
currentSize : 32 <-- 0.239789 s
currentSize : 33 <-- 0.301925 s
currentSize : 34 <-- 0.303637 s
currentSize : 35 <-- 0.325925 s
currentSize : 36 <-- 0.331490 s
currentSize : 37 <-- 0.546090 s

maxsize : 37
nodes : 1382115.000000
filtered : 7643227.000000
time : 6.000693
