Parameters: GAD=1 vflib=1 dir=0 label=0 vlabel=1 lowerbound=1 fileNameGp=../../cp2016-max-common-connected-subgraph-paper/datasets/graphsdb/mcs70/m2D/m2Dr2/mcs70_m2Dr2_s50.A07 fileNameGt=../../cp2016-max-common-connected-subgraph-paper/datasets/graphsdb/mcs70/m2D/m2Dr2/mcs70_m2Dr2_s50.B07
Reading graphs...
50 :  94
50 :  91
Initializing...
maxdom : 12
D->valSize : 367
Solving...
Blb : 3 (clique : 22)
currentSize : 22 <-- 0.004627 s
currentSize : 23 <-- 0.013273 s
currentSize : 24 <-- 0.101584 s
currentSize : 25 <-- 0.235664 s
currentSize : 26 <-- 0.330673 s
currentSize : 27 <-- 0.331908 s
currentSize : 28 <-- 0.781642 s
currentSize : 29 <-- 1.531670 s
currentSize : 30 <-- 1.924600 s
currentSize : 31 <-- 1.927859 s
currentSize : 33 <-- 1.928435 s
currentSize : 36 <-- 1.930187 s

maxsize : 36
nodes : 565733.000000
filtered : 4542785.000000
time : 2.312563
