Parameters: GAD=1 vflib=1 dir=0 label=0 vlabel=1 lowerbound=1 fileNameGp=../../cp2016-max-common-connected-subgraph-paper/datasets/graphsdb/mcs70/m3D/m3Dr2/mcs70_m3Dr2_s100.A08 fileNameGt=../../cp2016-max-common-connected-subgraph-paper/datasets/graphsdb/mcs70/m3D/m3Dr2/mcs70_m3Dr2_s100.B08
Reading graphs...
100 :  253
100 :  253
Initializing...
maxdom : 7
D->valSize : 371
Solving...
Blb : 2 (clique : 53)
currentSize : 53 <-- 0.004164 s
currentSize : 54 <-- 0.004505 s
currentSize : 55 <-- 0.004697 s
currentSize : 56 <-- 0.004870 s
currentSize : 57 <-- 0.017963 s
currentSize : 58 <-- 0.134307 s
currentSize : 59 <-- 3.023945 s
currentSize : 60 <-- 646.983337 s
currentSize : 61 <-- 646.989075 s
currentSize : 62 <-- 647.014709 s
currentSize : 63 <-- 650.322205 s
currentSize : 64 <-- 650.362610 s

TIMEOUT
maxsize : 64
nodes : 202683595.000000
filtered : 670403637.000000
time : 1000.000122
