Parameters: GAD=1 vflib=1 dir=0 label=0 vlabel=1 lowerbound=1 fileNameGp=../../cp2016-max-common-connected-subgraph-paper/datasets/graphsdb/mcs70/rand/r01/mcs70_r01_s100.A00 fileNameGt=../../cp2016-max-common-connected-subgraph-paper/datasets/graphsdb/mcs70/rand/r01/mcs70_r01_s100.B00
Reading graphs...
100 :  948
100 :  933
Initializing...
maxdom : 6
D->valSize : 397
Solving...
Blb : 2 (clique : 19)
currentSize : 19 <-- 0.003829 s
currentSize : 21 <-- 0.004481 s
currentSize : 26 <-- 0.009330 s
currentSize : 27 <-- 0.011239 s
currentSize : 30 <-- 0.011481 s
currentSize : 31 <-- 0.075151 s
currentSize : 34 <-- 0.076948 s
currentSize : 37 <-- 0.081241 s
currentSize : 38 <-- 0.081882 s
currentSize : 39 <-- 0.082323 s
currentSize : 46 <-- 0.082802 s
currentSize : 54 <-- 0.196935 s
currentSize : 58 <-- 0.255347 s
currentSize : 62 <-- 0.255850 s
currentSize : 70 <-- 0.256241 s

maxsize : 70
nodes : 39847.000000
filtered : 438752.000000
time : 0.285362
