Parameters: GAD=1 vflib=1 dir=0 label=0 vlabel=1 lowerbound=1 fileNameGp=../../cp2016-max-common-connected-subgraph-paper/datasets/graphsdb/mcs70/m3D/m3D/mcs70_m3D_s90.A01 fileNameGt=../../cp2016-max-common-connected-subgraph-paper/datasets/graphsdb/mcs70/m3D/m3D/mcs70_m3D_s90.B01
Reading graphs...
90 :  208
90 :  209
Initializing...
maxdom : 11
D->valSize : 573
Solving...
Blb : 2 (clique : 53)
currentSize : 53 <-- 0.011850 s
currentSize : 54 <-- 0.013245 s
currentSize : 55 <-- 0.013510 s
currentSize : 56 <-- 0.019651 s
currentSize : 57 <-- 0.019763 s
currentSize : 58 <-- 0.023775 s
currentSize : 59 <-- 0.024809 s
currentSize : 60 <-- 0.025097 s
currentSize : 61 <-- 0.026171 s
currentSize : 62 <-- 0.030564 s
currentSize : 63 <-- 0.031750 s
currentSize : 64 <-- 0.039568 s

maxsize : 64
nodes : 33928591.000000
filtered : 210309110.000000
time : 191.919830
