Parameters: GAD=1 vflib=1 dir=0 label=0 vlabel=1 lowerbound=1 fileNameGp=../../cp2016-max-common-connected-subgraph-paper/datasets/graphsdb/mcs70/bvg/b03/mcs70_b03_s80.A07 fileNameGt=../../cp2016-max-common-connected-subgraph-paper/datasets/graphsdb/mcs70/bvg/b03/mcs70_b03_s80.B07
Reading graphs...
80 :  120
80 :  120
Initializing...
maxdom : 10
D->valSize : 435
Solving...
Blb : 2 (clique : 45)
currentSize : 45 <-- 0.004386 s
currentSize : 46 <-- 0.004796 s
currentSize : 47 <-- 0.028810 s
currentSize : 48 <-- 0.358810 s
currentSize : 49 <-- 0.359511 s
currentSize : 50 <-- 3.060060 s
currentSize : 51 <-- 637.853882 s
currentSize : 54 <-- 688.879089 s
currentSize : 55 <-- 688.915283 s
currentSize : 56 <-- 820.656921 s
currentSize : 57 <-- 820.657837 s
currentSize : 58 <-- 824.089172 s

maxsize : 58
nodes : 178167391.000000
filtered : 1114953647.000000
time : 869.042114
