Parameters: GAD=1 vflib=1 dir=0 label=0 vlabel=1 lowerbound=1 fileNameGp=../../cp2016-max-common-connected-subgraph-paper/datasets/graphsdb/mcs70/m2D/m2Dr4/mcs70_m2Dr4_s60.A01 fileNameGt=../../cp2016-max-common-connected-subgraph-paper/datasets/graphsdb/mcs70/m2D/m2Dr4/mcs70_m2Dr4_s60.B01
Reading graphs...
60 :  127
60 :  127
Initializing...
maxdom : 7
D->valSize : 252
Solving...
Blb : 2 (clique : 28)
currentSize : 28 <-- 0.001768 s
currentSize : 29 <-- 0.002053 s
currentSize : 30 <-- 0.002087 s
currentSize : 31 <-- 0.002281 s
currentSize : 33 <-- 0.002521 s
currentSize : 34 <-- 0.081286 s
currentSize : 36 <-- 0.082087 s
currentSize : 37 <-- 0.082147 s

maxsize : 37
nodes : 918803.000000
filtered : 4800172.000000
time : 3.614860
