Parameters: GAD=1 vflib=1 dir=0 label=0 vlabel=1 lowerbound=1 fileNameGp=../../cp2016-max-common-connected-subgraph-paper/datasets/graphsdb/mcs70/rand/r005/mcs70_r005_s80.A03 fileNameGt=../../cp2016-max-common-connected-subgraph-paper/datasets/graphsdb/mcs70/rand/r005/mcs70_r005_s80.B03
Reading graphs...
80 :  310
80 :  310
Initializing...
maxdom : 9
D->valSize : 444
Solving...
Blb : 2 (clique : 24)
currentSize : 24 <-- 0.007072 s
currentSize : 25 <-- 0.007517 s
currentSize : 26 <-- 0.007667 s
currentSize : 34 <-- 2.289422 s
currentSize : 36 <-- 2.289516 s
currentSize : 39 <-- 2.492628 s
currentSize : 40 <-- 2.607987 s
currentSize : 42 <-- 2.885811 s
currentSize : 45 <-- 2.886955 s
currentSize : 47 <-- 3.160554 s
currentSize : 49 <-- 3.541619 s
currentSize : 56 <-- 5.098094 s

maxsize : 56
nodes : 1050982.000000
filtered : 8574642.000000
time : 5.579183
