Parameters: GAD=1 vflib=1 dir=0 label=0 vlabel=1 lowerbound=1 fileNameGp=../../cp2016-max-common-connected-subgraph-paper/datasets/graphsdb/mcs70/rand/r005/mcs70_r005_s70.A03 fileNameGt=../../cp2016-max-common-connected-subgraph-paper/datasets/graphsdb/mcs70/rand/r005/mcs70_r005_s70.B03
Reading graphs...
70 :  233
70 :  237
Initializing...
maxdom : 7
D->valSize : 334
Solving...
Blb : 3 (clique : 32)
currentSize : 32 <-- 0.004448 s
currentSize : 33 <-- 0.080036 s
currentSize : 34 <-- 0.572917 s
currentSize : 35 <-- 1.257316 s
currentSize : 37 <-- 1.307113 s
currentSize : 39 <-- 1.425301 s
currentSize : 41 <-- 1.425450 s
currentSize : 42 <-- 1.720742 s
currentSize : 49 <-- 1.728324 s

maxsize : 49
nodes : 346902.000000
filtered : 2347388.000000
time : 1.770600
