Parameters: GAD=1 vflib=1 dir=0 label=0 vlabel=1 lowerbound=1 fileNameGp=../../cp2016-max-common-connected-subgraph-paper/datasets/graphsdb/mcs70/bvg/b03/mcs70_b03_s40.A02 fileNameGt=../../cp2016-max-common-connected-subgraph-paper/datasets/graphsdb/mcs70/bvg/b03/mcs70_b03_s40.B02
Reading graphs...
40 :  60
40 :  60
Initializing...
maxdom : 12
D->valSize : 258
Solving...
Blb : 2 (clique : 17)
currentSize : 17 <-- 0.001533 s
currentSize : 18 <-- 0.001622 s
currentSize : 19 <-- 0.001756 s
currentSize : 20 <-- 0.019385 s
currentSize : 22 <-- 0.046267 s
currentSize : 23 <-- 0.046405 s
currentSize : 25 <-- 0.076841 s
currentSize : 27 <-- 0.118916 s
currentSize : 28 <-- 0.186955 s

maxsize : 28
nodes : 75447.000000
filtered : 476829.000000
time : 0.239807
