Parameters: GAD=1 vflib=1 dir=0 label=0 vlabel=1 lowerbound=1 fileNameGp=../../cp2016-max-common-connected-subgraph-paper/datasets/graphsdb/mcs70/bvg/b06/mcs70_b06_s80.A02 fileNameGt=../../cp2016-max-common-connected-subgraph-paper/datasets/graphsdb/mcs70/bvg/b06/mcs70_b06_s80.B02
Reading graphs...
80 :  240
80 :  239
Initializing...
maxdom : 8
D->valSize : 443
Solving...
Blb : 3 (clique : 28)
currentSize : 28 <-- 0.004303 s
currentSize : 36 <-- 0.004523 s
currentSize : 37 <-- 0.004559 s
currentSize : 41 <-- 0.061809 s
currentSize : 43 <-- 2.215586 s
currentSize : 44 <-- 2.215692 s
currentSize : 45 <-- 6.812234 s
currentSize : 46 <-- 6.815677 s
currentSize : 47 <-- 13.766065 s
currentSize : 48 <-- 13.766182 s
currentSize : 49 <-- 14.925974 s
currentSize : 50 <-- 16.009846 s
currentSize : 51 <-- 16.009974 s
currentSize : 54 <-- 18.956987 s
currentSize : 55 <-- 18.957153 s
currentSize : 56 <-- 21.615501 s

maxsize : 56
nodes : 5367749.000000
filtered : 36636899.000000
time : 27.538616
