Parameters: GAD=1 vflib=1 dir=0 label=0 vlabel=1 lowerbound=1 fileNameGp=../../cp2016-max-common-connected-subgraph-paper/datasets/graphsdb/mcs70/bvg/b03m/mcs70_b03m_s50.A06 fileNameGt=../../cp2016-max-common-connected-subgraph-paper/datasets/graphsdb/mcs70/bvg/b03m/mcs70_b03m_s50.B06
Reading graphs...
50 :  75
50 :  75
Initializing...
maxdom : 9
D->valSize : 351
Solving...
Blb : 2 (clique : 24)
currentSize : 24 <-- 0.002643 s
currentSize : 25 <-- 0.002774 s
currentSize : 26 <-- 0.002810 s
currentSize : 27 <-- 0.002919 s
currentSize : 28 <-- 0.003330 s
currentSize : 29 <-- 0.003401 s
currentSize : 30 <-- 0.129227 s
currentSize : 31 <-- 0.258920 s
currentSize : 32 <-- 1.122084 s
currentSize : 33 <-- 1.165383 s
currentSize : 34 <-- 1.318010 s

maxsize : 34
nodes : 430548.000000
filtered : 4038393.000000
time : 2.031632
