Parameters: GAD=1 vflib=1 dir=0 label=0 vlabel=1 lowerbound=1 fileNameGp=../../cp2016-max-common-connected-subgraph-paper/datasets/graphsdb/mcs70/m2D/m2Dr6/mcs70_m2Dr6_s70.A02 fileNameGt=../../cp2016-max-common-connected-subgraph-paper/datasets/graphsdb/mcs70/m2D/m2Dr6/mcs70_m2Dr6_s70.B02
Reading graphs...
70 :  162
70 :  160
Initializing...
maxdom : 9
D->valSize : 335
Solving...
Blb : 3 (clique : 25)
currentSize : 25 <-- 0.004564 s
currentSize : 26 <-- 0.476680 s
currentSize : 27 <-- 1.242687 s
currentSize : 28 <-- 1.242744 s
currentSize : 29 <-- 1.958620 s
currentSize : 30 <-- 2.642252 s
currentSize : 31 <-- 2.660433 s
currentSize : 32 <-- 2.693817 s
currentSize : 33 <-- 7.251262 s
currentSize : 34 <-- 7.309438 s
currentSize : 35 <-- 7.318741 s
currentSize : 36 <-- 10.023140 s
currentSize : 37 <-- 10.024316 s
currentSize : 38 <-- 12.051385 s
currentSize : 40 <-- 19.434811 s
currentSize : 41 <-- 23.083185 s
currentSize : 43 <-- 23.090475 s
currentSize : 44 <-- 28.022642 s
currentSize : 47 <-- 28.144878 s
currentSize : 48 <-- 28.144958 s
currentSize : 49 <-- 28.145151 s

maxsize : 49
nodes : 7471881.000000
filtered : 28265211.000000
time : 28.663250
