Parameters: GAD=1 vflib=1 dir=0 label=0 vlabel=1 lowerbound=1 fileNameGp=../../cp2016-max-common-connected-subgraph-paper/datasets/graphsdb/mcs70/m3D/m3Dr4/mcs70_m3Dr4_s90.A05 fileNameGt=../../cp2016-max-common-connected-subgraph-paper/datasets/graphsdb/mcs70/m3D/m3Dr4/mcs70_m3Dr4_s90.B05
Reading graphs...
90 :  244
90 :  243
Initializing...
maxdom : 11
D->valSize : 555
Solving...
Blb : 2 (clique : 46)
currentSize : 46 <-- 0.006579 s
currentSize : 47 <-- 2.690927 s
currentSize : 48 <-- 2.691066 s
currentSize : 49 <-- 2.696680 s
currentSize : 50 <-- 10.833724 s
currentSize : 51 <-- 10.834307 s
currentSize : 52 <-- 63.040592 s
currentSize : 54 <-- 63.042908 s
currentSize : 55 <-- 63.077290 s
currentSize : 56 <-- 73.203049 s
currentSize : 57 <-- 73.203590 s
currentSize : 58 <-- 122.723007 s
currentSize : 59 <-- 122.723251 s
currentSize : 61 <-- 122.750397 s
currentSize : 62 <-- 122.752304 s
currentSize : 64 <-- 122.752571 s

maxsize : 64
nodes : 31413833.000000
filtered : 223991003.000000
time : 177.097046
