Parameters: GAD=1 vflib=1 dir=0 label=0 vlabel=1 lowerbound=1 fileNameGp=../../cp2016-max-common-connected-subgraph-paper/datasets/graphsdb/mcs70/bvg/b06/mcs70_b06_s70.A02 fileNameGt=../../cp2016-max-common-connected-subgraph-paper/datasets/graphsdb/mcs70/bvg/b06/mcs70_b06_s70.B02
Reading graphs...
70 :  209
70 :  209
Initializing...
maxdom : 7
D->valSize : 336
Solving...
Blb : 3 (clique : 28)
currentSize : 28 <-- 0.002819 s
currentSize : 32 <-- 0.005547 s
currentSize : 33 <-- 0.025332 s
currentSize : 34 <-- 0.096744 s
currentSize : 35 <-- 0.319558 s
currentSize : 37 <-- 1.203222 s
currentSize : 38 <-- 1.519280 s
currentSize : 39 <-- 1.542513 s
currentSize : 40 <-- 2.542128 s
currentSize : 41 <-- 2.542194 s
currentSize : 45 <-- 2.561835 s
currentSize : 49 <-- 4.200874 s

maxsize : 49
nodes : 1082392.000000
filtered : 5831145.000000
time : 4.623725
