Parameters: GAD=1 vflib=1 dir=0 label=0 vlabel=1 lowerbound=1 fileNameGp=../../cp2016-max-common-connected-subgraph-paper/datasets/graphsdb/mcs70/m3D/m3Dr6/mcs70_m3Dr6_s40.A01 fileNameGt=../../cp2016-max-common-connected-subgraph-paper/datasets/graphsdb/mcs70/m3D/m3Dr6/mcs70_m3Dr6_s40.B01
Reading graphs...
40 :  104
40 :  104
Initializing...
maxdom : 8
D->valSize : 217
Solving...
Blb : 2 (clique : 15)
currentSize : 15 <-- 0.001236 s
currentSize : 16 <-- 0.002590 s
currentSize : 17 <-- 0.002997 s
currentSize : 18 <-- 0.217308 s
currentSize : 19 <-- 0.217998 s
currentSize : 20 <-- 0.254350 s
currentSize : 21 <-- 0.332241 s
currentSize : 22 <-- 0.332414 s
currentSize : 23 <-- 0.360578 s
currentSize : 24 <-- 0.399715 s
currentSize : 26 <-- 0.400095 s
currentSize : 27 <-- 0.400124 s

maxsize : 27
nodes : 112763.000000
filtered : 814173.000000
time : 0.408654
