Parameters: GAD=1 vflib=1 dir=0 label=0 vlabel=1 lowerbound=1 fileNameGp=../../cp2016-max-common-connected-subgraph-paper/datasets/graphsdb/mcs70/bvg/b09/mcs70_b09_s50.A04 fileNameGt=../../cp2016-max-common-connected-subgraph-paper/datasets/graphsdb/mcs70/bvg/b09/mcs70_b09_s50.B04
Reading graphs...
50 :  225
50 :  224
Initializing...
maxdom : 10
D->valSize : 333
Solving...
Blb : 2 (clique : 13)
currentSize : 13 <-- 0.002297 s
currentSize : 14 <-- 0.002506 s
currentSize : 15 <-- 0.020133 s
currentSize : 16 <-- 0.153355 s
currentSize : 17 <-- 0.313987 s
currentSize : 19 <-- 0.421288 s
currentSize : 21 <-- 0.422562 s
currentSize : 23 <-- 0.422583 s
currentSize : 25 <-- 0.423157 s
currentSize : 30 <-- 0.483609 s
currentSize : 31 <-- 0.493725 s
currentSize : 34 <-- 0.494728 s

maxsize : 34
nodes : 130844.000000
filtered : 1052134.000000
time : 0.507529
