Parameters: GAD=1 vflib=1 dir=0 label=0 vlabel=1 lowerbound=1 fileNameGp=../../cp2016-max-common-connected-subgraph-paper/datasets/graphsdb/mcs70/rand/r005/mcs70_r005_s60.A00 fileNameGt=../../cp2016-max-common-connected-subgraph-paper/datasets/graphsdb/mcs70/rand/r005/mcs70_r005_s60.B00
Reading graphs...
60 :  175
60 :  173
Initializing...
maxdom : 7
D->valSize : 246
Solving...
Blb : 2 (clique : 28)
currentSize : 28 <-- 0.002818 s
currentSize : 30 <-- 0.004305 s
currentSize : 31 <-- 0.004613 s
currentSize : 32 <-- 0.005184 s
currentSize : 33 <-- 0.005681 s
currentSize : 35 <-- 0.008645 s
currentSize : 37 <-- 0.009364 s
currentSize : 38 <-- 0.009520 s
currentSize : 42 <-- 0.013467 s

maxsize : 42
nodes : 4052.000000
filtered : 24731.000000
time : 0.029787
