Parameters: GAD=1 vflib=1 dir=0 label=0 vlabel=1 lowerbound=1 fileNameGp=../../cp2016-max-common-connected-subgraph-paper/datasets/graphsdb/mcs70/m3D/m3D/mcs70_m3D_s90.A08 fileNameGt=../../cp2016-max-common-connected-subgraph-paper/datasets/graphsdb/mcs70/m3D/m3D/mcs70_m3D_s90.B08
Reading graphs...
90 :  209
90 :  209
Initializing...
maxdom : 9
D->valSize : 548
Solving...
Blb : 2 (clique : 39)
currentSize : 39 <-- 0.006462 s
currentSize : 40 <-- 0.006800 s
currentSize : 41 <-- 0.007273 s
currentSize : 42 <-- 0.017849 s
currentSize : 44 <-- 0.184178 s
currentSize : 45 <-- 0.189688 s
currentSize : 46 <-- 0.201594 s
currentSize : 47 <-- 0.225559 s
currentSize : 48 <-- 18.487814 s
currentSize : 49 <-- 18.541237 s
currentSize : 51 <-- 18.542768 s
currentSize : 53 <-- 18.553904 s
currentSize : 54 <-- 18.591637 s
currentSize : 55 <-- 24.147284 s
currentSize : 56 <-- 30.196901 s
currentSize : 57 <-- 30.197081 s
currentSize : 58 <-- 30.242575 s
currentSize : 61 <-- 30.244740 s
currentSize : 62 <-- 213.136826 s
currentSize : 64 <-- 213.174606 s

maxsize : 64
nodes : 46525967.000000
filtered : 295535336.000000
time : 263.152527
