Parameters: GAD=1 vflib=1 dir=0 label=0 vlabel=1 lowerbound=1 fileNameGp=../../cp2016-max-common-connected-subgraph-paper/datasets/graphsdb/mcs70/rand/r02/mcs70_r02_s80.A00 fileNameGt=../../cp2016-max-common-connected-subgraph-paper/datasets/graphsdb/mcs70/rand/r02/mcs70_r02_s80.B00
Reading graphs...
80 :  1122
80 :  1135
Initializing...
maxdom : 10
D->valSize : 489
Solving...
Blb : 2 (clique : 9)
currentSize : 9 <-- 0.004844 s
currentSize : 10 <-- 0.004946 s
currentSize : 11 <-- 0.005177 s
currentSize : 12 <-- 0.006202 s
currentSize : 13 <-- 0.007255 s
currentSize : 14 <-- 0.016231 s
currentSize : 15 <-- 0.016615 s
currentSize : 20 <-- 0.018796 s
currentSize : 22 <-- 0.138351 s
currentSize : 35 <-- 0.139793 s
currentSize : 56 <-- 0.172258 s

maxsize : 56
nodes : 31694.000000
filtered : 328130.000000
time : 0.183965
