Parameters: GAD=1 vflib=1 dir=0 label=0 vlabel=1 lowerbound=1 fileNameGp=../../cp2016-max-common-connected-subgraph-paper/datasets/graphsdb/mcs70/rand/r02/mcs70_r02_s70.A00 fileNameGt=../../cp2016-max-common-connected-subgraph-paper/datasets/graphsdb/mcs70/rand/r02/mcs70_r02_s70.B00
Reading graphs...
70 :  867
70 :  866
Initializing...
maxdom : 8
D->valSize : 324
Solving...
Blb : 5 (clique : 11)
currentSize : 11 <-- 0.002513 s
currentSize : 12 <-- 0.004256 s
currentSize : 14 <-- 0.025247 s
currentSize : 16 <-- 0.047720 s
currentSize : 17 <-- 0.112703 s
currentSize : 18 <-- 0.157981 s
currentSize : 20 <-- 0.161320 s
currentSize : 23 <-- 0.165491 s
currentSize : 25 <-- 0.219886 s
currentSize : 31 <-- 0.220032 s
currentSize : 34 <-- 0.228335 s
currentSize : 49 <-- 0.230768 s

maxsize : 49
nodes : 50765.000000
filtered : 351356.000000
time : 0.236388
