Parameters: GAD=1 vflib=1 dir=0 label=0 vlabel=1 lowerbound=1 fileNameGp=../../cp2016-max-common-connected-subgraph-paper/datasets/graphsdb/mcs70/m3D/m3Dr6/mcs70_m3Dr6_s90.A05 fileNameGt=../../cp2016-max-common-connected-subgraph-paper/datasets/graphsdb/mcs70/m3D/m3Dr6/mcs70_m3Dr6_s90.B05
Reading graphs...
90 :  260
90 :  260
Initializing...
maxdom : 7
D->valSize : 516
Solving...
Blb : 2 (clique : 44)
currentSize : 44 <-- 0.005838 s
currentSize : 46 <-- 0.006286 s
currentSize : 47 <-- 0.009010 s
currentSize : 48 <-- 473.268219 s
currentSize : 50 <-- 473.888123 s
currentSize : 51 <-- 473.888245 s
currentSize : 52 <-- 475.769318 s
currentSize : 54 <-- 476.498535 s
currentSize : 55 <-- 476.498657 s
currentSize : 58 <-- 692.910156 s
currentSize : 61 <-- 693.217957 s
currentSize : 64 <-- 693.218689 s

maxsize : 64
nodes : 128315558.000000
filtered : 786115769.000000
time : 720.301575
