Parameters: GAD=1 vflib=1 dir=0 label=0 vlabel=1 lowerbound=1 fileNameGp=../../cp2016-max-common-connected-subgraph-paper/datasets/graphsdb/mcs70/bvg/b09/mcs70_b09_s80.A06 fileNameGt=../../cp2016-max-common-connected-subgraph-paper/datasets/graphsdb/mcs70/bvg/b09/mcs70_b09_s80.B06
Reading graphs...
80 :  360
80 :  359
Initializing...
maxdom : 11
D->valSize : 490
Solving...
Blb : 2 (clique : 28)
currentSize : 28 <-- 0.008107 s
currentSize : 29 <-- 0.008494 s
currentSize : 34 <-- 0.008973 s
currentSize : 36 <-- 0.009559 s
currentSize : 37 <-- 0.012800 s
currentSize : 46 <-- 0.018161 s
currentSize : 48 <-- 0.018769 s
currentSize : 49 <-- 0.028971 s
currentSize : 51 <-- 0.029503 s
currentSize : 52 <-- 0.035629 s
currentSize : 54 <-- 0.055669 s
currentSize : 56 <-- 0.055888 s

maxsize : 56
nodes : 220657.000000
filtered : 1666987.000000
time : 1.260589
