Parameters: GAD=1 vflib=1 dir=0 label=0 vlabel=1 lowerbound=1 fileNameGp=../../cp2016-max-common-connected-subgraph-paper/datasets/graphsdb/mcs70/m2D/m2Dr6/mcs70_m2Dr6_s90.A06 fileNameGt=../../cp2016-max-common-connected-subgraph-paper/datasets/graphsdb/mcs70/m2D/m2Dr6/mcs70_m2Dr6_s90.B06
Reading graphs...
90 :  213
90 :  211
Initializing...
maxdom : 10
D->valSize : 572
Solving...
Blb : 3 (clique : 58)
currentSize : 58 <-- 0.006888 s
currentSize : 61 <-- 285.599579 s
currentSize : 62 <-- 285.599976 s
currentSize : 63 <-- 286.402588 s
currentSize : 64 <-- 286.402710 s

maxsize : 64
nodes : 103587393.000000
filtered : 443264304.000000
time : 514.145569
