Parameters: GAD=1 vflib=1 dir=0 label=0 vlabel=1 lowerbound=1 fileNameGp=../../cp2016-max-common-connected-subgraph-paper/datasets/graphsdb/mcs70/rand/r02/mcs70_r02_s90.A03 fileNameGt=../../cp2016-max-common-connected-subgraph-paper/datasets/graphsdb/mcs70/rand/r02/mcs70_r02_s90.B03
Reading graphs...
90 :  1431
90 :  1465
Initializing...
maxdom : 11
D->valSize : 561
Solving...
Blb : 2 (clique : 13)
currentSize : 13 <-- 0.006072 s
currentSize : 14 <-- 0.010808 s
currentSize : 17 <-- 0.079432 s
currentSize : 21 <-- 0.191705 s
currentSize : 30 <-- 0.330469 s
currentSize : 31 <-- 0.631901 s
currentSize : 39 <-- 0.724988 s
currentSize : 40 <-- 0.962631 s
currentSize : 63 <-- 1.182851 s

maxsize : 63
nodes : 167003.000000
filtered : 2710483.000000
time : 1.205494
