Parameters: GAD=1 vflib=1 dir=0 label=0 vlabel=1 lowerbound=1 fileNameGp=../../cp2016-max-common-connected-subgraph-paper/datasets/graphsdb/mcs70/m2D/m2Dr6/mcs70_m2Dr6_s100.A07 fileNameGt=../../cp2016-max-common-connected-subgraph-paper/datasets/graphsdb/mcs70/m2D/m2Dr6/mcs70_m2Dr6_s100.B07
Reading graphs...
100 :  240
100 :  237
Initializing...
maxdom : 9
D->valSize : 397
Solving...
Blb : 2 (clique : 40)
currentSize : 40 <-- 0.004246 s
currentSize : 41 <-- 0.004748 s
currentSize : 43 <-- 0.008554 s
currentSize : 44 <-- 0.008659 s
currentSize : 45 <-- 0.011499 s
currentSize : 46 <-- 0.011598 s
currentSize : 48 <-- 0.014877 s
currentSize : 49 <-- 0.019192 s
currentSize : 50 <-- 0.452402 s
currentSize : 51 <-- 1.936792 s
currentSize : 52 <-- 3.597198 s
currentSize : 56 <-- 3.597509 s
currentSize : 57 <-- 3.842085 s
currentSize : 58 <-- 8.776135 s
currentSize : 60 <-- 8.776396 s
currentSize : 61 <-- 8.776947 s
currentSize : 63 <-- 9.430668 s
currentSize : 66 <-- 21.194099 s

maxsize : 66
nodes : 7706245.000000
filtered : 36134142.000000
time : 41.415962
