Parameters: GAD=1 vflib=1 dir=0 label=0 vlabel=1 lowerbound=1 fileNameGp=../../cp2016-max-common-connected-subgraph-paper/datasets/graphsdb/mcs70/bvg/b03/mcs70_b03_s100.A09 fileNameGt=../../cp2016-max-common-connected-subgraph-paper/datasets/graphsdb/mcs70/bvg/b03/mcs70_b03_s100.B09
Reading graphs...
100 :  150
100 :  150
Initializing...
maxdom : 6
D->valSize : 368
Solving...
Blb : 2 (clique : 48)
currentSize : 48 <-- 0.006335 s
currentSize : 49 <-- 0.040163 s
currentSize : 50 <-- 0.048567 s
currentSize : 51 <-- 1.467436 s
currentSize : 52 <-- 1.478567 s
currentSize : 53 <-- 23.895876 s
currentSize : 55 <-- 23.898029 s
currentSize : 56 <-- 23.898108 s
currentSize : 57 <-- 55.541492 s
currentSize : 58 <-- 55.815567 s
currentSize : 59 <-- 242.784729 s
currentSize : 60 <-- 317.825562 s
currentSize : 61 <-- 318.345276 s
currentSize : 62 <-- 318.368134 s
currentSize : 63 <-- 695.116333 s
currentSize : 64 <-- 722.549194 s
currentSize : 65 <-- 722.758606 s
currentSize : 66 <-- 722.826111 s

TIMEOUT
maxsize : 66
nodes : 225109199.000000
filtered : 449812537.000000
time : 1000.000122
