Parameters: GAD=1 vflib=1 dir=0 label=0 vlabel=1 lowerbound=1 fileNameGp=../../cp2016-max-common-connected-subgraph-paper/datasets/graphsdb/mcs70/m2D/m2D/mcs70_m2D_s80.A02 fileNameGt=../../cp2016-max-common-connected-subgraph-paper/datasets/graphsdb/mcs70/m2D/m2D/mcs70_m2D_s80.B02
Reading graphs...
80 :  141
80 :  142
Initializing...
maxdom : 11
D->valSize : 485
Solving...
Blb : 2 (clique : 36)
currentSize : 36 <-- 0.008377 s
currentSize : 37 <-- 0.008789 s
currentSize : 38 <-- 0.008873 s
currentSize : 39 <-- 0.013369 s
currentSize : 40 <-- 0.014496 s
currentSize : 41 <-- 0.095897 s
currentSize : 42 <-- 0.168267 s
currentSize : 43 <-- 0.247306 s
currentSize : 45 <-- 0.251206 s
currentSize : 46 <-- 0.283862 s
currentSize : 47 <-- 16.382856 s
currentSize : 50 <-- 415.214233 s

TIMEOUT
maxsize : 50
nodes : 203261086.000000
filtered : 1253248293.000000
time : 1000.000061
