Parameters: GAD=1 vflib=1 dir=0 label=0 vlabel=1 lowerbound=1 fileNameGp=../../cp2016-max-common-connected-subgraph-paper/datasets/graphsdb/mcs70/bvg/b09/mcs70_b09_s50.A01 fileNameGt=../../cp2016-max-common-connected-subgraph-paper/datasets/graphsdb/mcs70/bvg/b09/mcs70_b09_s50.B01
Reading graphs...
50 :  221
50 :  223
Initializing...
maxdom : 9
D->valSize : 332
Solving...
Blb : 2 (clique : 15)
currentSize : 15 <-- 0.002418 s
currentSize : 16 <-- 0.006440 s
currentSize : 17 <-- 0.021618 s
currentSize : 20 <-- 0.021886 s
currentSize : 21 <-- 0.035935 s
currentSize : 22 <-- 0.035982 s
currentSize : 23 <-- 0.051727 s
currentSize : 24 <-- 0.051776 s
currentSize : 25 <-- 0.196615 s
currentSize : 34 <-- 0.197777 s

maxsize : 34
nodes : 46541.000000
filtered : 501724.000000
time : 0.213295
