Parameters: GAD=1 vflib=1 dir=0 label=0 vlabel=1 lowerbound=1 fileNameGp=../../cp2016-max-common-connected-subgraph-paper/datasets/graphsdb/mcs70/bvg/b06/mcs70_b06_s90.A07 fileNameGt=../../cp2016-max-common-connected-subgraph-paper/datasets/graphsdb/mcs70/bvg/b06/mcs70_b06_s90.B07
Reading graphs...
90 :  270
90 :  270
Initializing...
maxdom : 10
D->valSize : 544
Solving...
Blb : 3 (clique : 38)
currentSize : 38 <-- 0.007722 s
currentSize : 39 <-- 0.308795 s
currentSize : 40 <-- 2.108317 s
currentSize : 41 <-- 2.726822 s
currentSize : 42 <-- 2.729329 s
currentSize : 43 <-- 5.774523 s
currentSize : 44 <-- 5.786114 s
currentSize : 45 <-- 88.903465 s
currentSize : 46 <-- 440.801910 s
currentSize : 47 <-- 440.802429 s
currentSize : 48 <-- 926.428101 s
currentSize : 49 <-- 926.431702 s
currentSize : 50 <-- 929.875427 s

TIMEOUT
maxsize : 50
nodes : 187965081.000000
filtered : 1257555307.000000
time : 1000.000061
