Parameters: GAD=1 vflib=1 dir=0 label=0 vlabel=1 lowerbound=1 fileNameGp=../../cp2016-max-common-connected-subgraph-paper/datasets/graphsdb/mcs70/bvg/b03/mcs70_b03_s70.A08 fileNameGt=../../cp2016-max-common-connected-subgraph-paper/datasets/graphsdb/mcs70/bvg/b03/mcs70_b03_s70.B08
Reading graphs...
70 :  105
70 :  105
Initializing...
maxdom : 8
D->valSize : 344
Solving...
Blb : 2 (clique : 38)
currentSize : 38 <-- 0.004682 s
currentSize : 39 <-- 0.005386 s
currentSize : 40 <-- 0.006010 s
currentSize : 41 <-- 0.008469 s
currentSize : 42 <-- 0.008628 s
currentSize : 43 <-- 0.008686 s
currentSize : 46 <-- 0.042704 s
currentSize : 47 <-- 5.347022 s
currentSize : 48 <-- 21.243290 s

maxsize : 48
nodes : 5477274.000000
filtered : 29280439.000000
time : 25.597994
