Parameters: GAD=1 vflib=1 dir=0 label=0 vlabel=1 lowerbound=1 fileNameGp=../../cp2016-max-common-connected-subgraph-paper/datasets/graphsdb/mcs70/rand/r005/mcs70_r005_s90.A07 fileNameGt=../../cp2016-max-common-connected-subgraph-paper/datasets/graphsdb/mcs70/rand/r005/mcs70_r005_s90.B07
Reading graphs...
90 :  386
90 :  386
Initializing...
maxdom : 8
D->valSize : 539
Solving...
Blb : 2 (clique : 26)
currentSize : 26 <-- 0.006233 s
currentSize : 28 <-- 0.013179 s
currentSize : 29 <-- 0.096499 s
currentSize : 30 <-- 0.230690 s
currentSize : 31 <-- 0.415487 s
currentSize : 32 <-- 0.415561 s
currentSize : 35 <-- 0.425115 s
currentSize : 37 <-- 0.564891 s
currentSize : 38 <-- 0.744522 s
currentSize : 39 <-- 0.744623 s
currentSize : 40 <-- 0.764245 s
currentSize : 42 <-- 0.764307 s
currentSize : 46 <-- 1.463656 s
currentSize : 47 <-- 3.457417 s
currentSize : 51 <-- 3.525011 s
currentSize : 55 <-- 4.250525 s
currentSize : 57 <-- 17.417000 s
currentSize : 58 <-- 20.547421 s
currentSize : 63 <-- 20.633974 s

maxsize : 63
nodes : 3512214.000000
filtered : 36660473.000000
time : 22.261141
