Parameters: GAD=1 vflib=1 dir=0 label=0 vlabel=1 lowerbound=1 fileNameGp=../../cp2016-max-common-connected-subgraph-paper/datasets/graphsdb/mcs70/m2D/m2D/mcs70_m2D_s90.A05 fileNameGt=../../cp2016-max-common-connected-subgraph-paper/datasets/graphsdb/mcs70/m2D/m2D/mcs70_m2D_s90.B05
Reading graphs...
90 :  161
90 :  160
Initializing...
maxdom : 8
D->valSize : 549
Solving...
Blb : 2 (clique : 48)
currentSize : 48 <-- 0.006553 s
currentSize : 49 <-- 0.006951 s
currentSize : 52 <-- 0.007325 s
currentSize : 53 <-- 0.009178 s
currentSize : 54 <-- 0.009444 s
currentSize : 56 <-- 3.376696 s
currentSize : 57 <-- 491.410370 s
currentSize : 58 <-- 491.410492 s
currentSize : 60 <-- 491.412109 s
currentSize : 61 <-- 817.165466 s

TIMEOUT
maxsize : 61
nodes : 182732012.000000
filtered : 1126365604.000000
time : 1000.000122
