Parameters: GAD=1 vflib=1 dir=0 label=0 vlabel=1 lowerbound=1 fileNameGp=../../cp2016-max-common-connected-subgraph-paper/datasets/graphsdb/mcs70/rand/r01/mcs70_r01_s90.A05 fileNameGt=../../cp2016-max-common-connected-subgraph-paper/datasets/graphsdb/mcs70/rand/r01/mcs70_r01_s90.B05
Reading graphs...
90 :  758
90 :  766
Initializing...
maxdom : 10
D->valSize : 576
Solving...
Blb : 2 (clique : 18)
currentSize : 18 <-- 0.006423 s
currentSize : 19 <-- 0.006785 s
currentSize : 20 <-- 0.010019 s
currentSize : 21 <-- 0.022683 s
currentSize : 23 <-- 0.028469 s
currentSize : 24 <-- 0.031329 s
currentSize : 25 <-- 0.031721 s
currentSize : 26 <-- 0.045586 s
currentSize : 28 <-- 0.046051 s
currentSize : 29 <-- 0.073368 s
currentSize : 32 <-- 0.074546 s
currentSize : 34 <-- 0.211853 s
currentSize : 36 <-- 0.557330 s
currentSize : 38 <-- 0.565517 s
currentSize : 45 <-- 0.565906 s
currentSize : 51 <-- 0.719228 s
currentSize : 63 <-- 0.792814 s

maxsize : 63
nodes : 120847.000000
filtered : 1633610.000000
time : 0.831989
