Parameters: GAD=1 vflib=1 dir=0 label=0 vlabel=1 lowerbound=1 fileNameGp=../../cp2016-max-common-connected-subgraph-paper/datasets/graphsdb/mcs70/rand/r02/mcs70_r02_s50.A05 fileNameGt=../../cp2016-max-common-connected-subgraph-paper/datasets/graphsdb/mcs70/rand/r02/mcs70_r02_s50.B05
Reading graphs...
50 :  437
50 :  443
Initializing...
maxdom : 12
D->valSize : 354
Solving...
Blb : 2 (clique : 12)
currentSize : 12 <-- 0.002583 s
currentSize : 13 <-- 0.004720 s
currentSize : 15 <-- 0.004766 s
currentSize : 17 <-- 0.020395 s
currentSize : 18 <-- 0.030325 s
currentSize : 22 <-- 0.035661 s
currentSize : 23 <-- 0.045917 s
currentSize : 35 <-- 0.049007 s

maxsize : 35
nodes : 11900.000000
filtered : 133080.000000
time : 0.054994
