Parameters: GAD=1 vflib=1 dir=0 label=0 vlabel=1 lowerbound=1 fileNameGp=../../cp2016-max-common-connected-subgraph-paper/datasets/graphsdb/mcs70/m2D/m2Dr2/mcs70_m2Dr2_s50.A01 fileNameGt=../../cp2016-max-common-connected-subgraph-paper/datasets/graphsdb/mcs70/m2D/m2Dr2/mcs70_m2Dr2_s50.B01
Reading graphs...
50 :  94
50 :  94
Initializing...
maxdom : 13
D->valSize : 388
Solving...
Blb : 2 (clique : 21)
currentSize : 21 <-- 0.003007 s
currentSize : 22 <-- 0.003325 s
currentSize : 23 <-- 0.004099 s
currentSize : 24 <-- 0.088117 s
currentSize : 25 <-- 1.060541 s
currentSize : 26 <-- 2.944542 s
currentSize : 27 <-- 4.788614 s
currentSize : 28 <-- 6.624366 s
currentSize : 29 <-- 6.624445 s
currentSize : 30 <-- 7.894446 s
currentSize : 32 <-- 8.680468 s
currentSize : 33 <-- 9.015518 s
currentSize : 35 <-- 9.592872 s
currentSize : 36 <-- 9.592981 s

maxsize : 36
nodes : 2554548.000000
filtered : 21958904.000000
time : 10.027959
