Parameters: GAD=1 vflib=1 dir=0 label=0 vlabel=1 lowerbound=1 fileNameGp=../../cp2016-max-common-connected-subgraph-paper/datasets/graphsdb/mcs70/bvg/b06/mcs70_b06_s80.A00 fileNameGt=../../cp2016-max-common-connected-subgraph-paper/datasets/graphsdb/mcs70/bvg/b06/mcs70_b06_s80.B00
Reading graphs...
80 :  240
80 :  240
Initializing...
maxdom : 7
D->valSize : 417
Solving...
Blb : 2 (clique : 33)
currentSize : 33 <-- 0.003924 s
currentSize : 34 <-- 0.009283 s
currentSize : 35 <-- 0.021251 s
currentSize : 38 <-- 0.152316 s
currentSize : 41 <-- 0.691653 s
currentSize : 42 <-- 0.691790 s
currentSize : 43 <-- 3.288040 s
currentSize : 44 <-- 22.040648 s
currentSize : 46 <-- 89.038483 s
currentSize : 49 <-- 89.038681 s
currentSize : 51 <-- 89.038849 s
currentSize : 53 <-- 90.098976 s
currentSize : 56 <-- 90.099129 s

maxsize : 56
nodes : 19319487.000000
filtered : 103975750.000000
time : 90.867142
