Parameters: GAD=1 vflib=1 dir=0 label=0 vlabel=1 lowerbound=1 fileNameGp=../../cp2016-max-common-connected-subgraph-paper/datasets/graphsdb/mcs70/m2D/m2Dr2/mcs70_m2Dr2_s90.A00 fileNameGt=../../cp2016-max-common-connected-subgraph-paper/datasets/graphsdb/mcs70/m2D/m2Dr2/mcs70_m2Dr2_s90.B00
Reading graphs...
90 :  179
90 :  179
Initializing...
maxdom : 9
D->valSize : 539
Solving...
Blb : 2 (clique : 41)
currentSize : 41 <-- 0.006408 s
currentSize : 42 <-- 0.006793 s
currentSize : 43 <-- 0.007651 s
currentSize : 45 <-- 0.007767 s
currentSize : 49 <-- 0.010219 s
currentSize : 52 <-- 0.010673 s
currentSize : 53 <-- 0.013870 s
currentSize : 55 <-- 0.014002 s
currentSize : 57 <-- 0.026654 s
currentSize : 58 <-- 3.963612 s
currentSize : 59 <-- 4.008728 s
currentSize : 60 <-- 4.008795 s
currentSize : 62 <-- 5.943501 s
currentSize : 63 <-- 8.002017 s
currentSize : 64 <-- 96.088005 s

maxsize : 64
nodes : 28301489.000000
filtered : 184121707.000000
time : 163.681686
