Parameters: GAD=1 vflib=1 dir=0 label=0 vlabel=1 lowerbound=1 fileNameGp=../../cp2016-max-common-connected-subgraph-paper/datasets/graphsdb/mcs70/bvg/b03/mcs70_b03_s60.A09 fileNameGt=../../cp2016-max-common-connected-subgraph-paper/datasets/graphsdb/mcs70/bvg/b03/mcs70_b03_s60.B09
Reading graphs...
60 :  90
60 :  90
Initializing...
maxdom : 9
D->valSize : 271
Solving...
Blb : 2 (clique : 28)
currentSize : 28 <-- 0.001985 s
currentSize : 29 <-- 0.126028 s
currentSize : 30 <-- 0.937866 s
currentSize : 31 <-- 1.126398 s
currentSize : 32 <-- 1.359024 s
currentSize : 33 <-- 12.963614 s
currentSize : 34 <-- 17.667313 s
currentSize : 36 <-- 17.708574 s
currentSize : 37 <-- 21.899504 s
currentSize : 38 <-- 23.156937 s
currentSize : 40 <-- 23.156992 s
currentSize : 42 <-- 23.654932 s

maxsize : 42
nodes : 5907949.000000
filtered : 34754968.000000
time : 23.769199
