Parameters: GAD=1 vflib=1 dir=0 label=0 vlabel=1 lowerbound=1 fileNameGp=../../cp2016-max-common-connected-subgraph-paper/datasets/graphsdb/mcs70/m3D/m3Dr4/mcs70_m3Dr4_s100.A06 fileNameGt=../../cp2016-max-common-connected-subgraph-paper/datasets/graphsdb/mcs70/m3D/m3Dr4/mcs70_m3Dr4_s100.B06
Reading graphs...
100 :  275
100 :  274
Initializing...
maxdom : 9
D->valSize : 429
Solving...
Blb : 3 (clique : 41)
currentSize : 41 <-- 0.007884 s
currentSize : 42 <-- 6.171311 s
currentSize : 43 <-- 6.194175 s
currentSize : 44 <-- 21.203049 s
currentSize : 45 <-- 21.262304 s
currentSize : 46 <-- 21.297070 s
currentSize : 47 <-- 87.730240 s
currentSize : 48 <-- 120.629158 s
currentSize : 49 <-- 120.629631 s
currentSize : 50 <-- 209.494034 s
currentSize : 51 <-- 293.384216 s
currentSize : 52 <-- 310.782654 s
currentSize : 53 <-- 344.444641 s
currentSize : 54 <-- 372.835297 s
currentSize : 55 <-- 446.434540 s
currentSize : 56 <-- 491.725891 s
currentSize : 57 <-- 535.585510 s
currentSize : 58 <-- 634.303284 s
currentSize : 59 <-- 809.634521 s
currentSize : 60 <-- 809.645691 s

TIMEOUT
maxsize : 60
nodes : 199787330.000000
filtered : 823871765.000000
time : 1000.000122
