Parameters: GAD=1 vflib=1 dir=0 label=0 vlabel=1 lowerbound=1 fileNameGp=../../cp2016-max-common-connected-subgraph-paper/datasets/graphsdb/mcs70/rand/r02/mcs70_r02_s80.A03 fileNameGt=../../cp2016-max-common-connected-subgraph-paper/datasets/graphsdb/mcs70/rand/r02/mcs70_r02_s80.B03
Reading graphs...
80 :  1123
80 :  1133
Initializing...
maxdom : 12
D->valSize : 458
Solving...
Blb : 2 (clique : 11)
currentSize : 11 <-- 0.004234 s
currentSize : 12 <-- 0.005170 s
currentSize : 13 <-- 0.006973 s
currentSize : 17 <-- 0.007273 s
currentSize : 20 <-- 0.007341 s
currentSize : 22 <-- 0.013328 s
currentSize : 24 <-- 0.021529 s
currentSize : 32 <-- 0.024149 s
currentSize : 56 <-- 0.087564 s

maxsize : 56
nodes : 13530.000000
filtered : 229185.000000
time : 0.095062
