Parameters: GAD=1 vflib=1 dir=0 label=0 vlabel=1 lowerbound=1 fileNameGp=../../cp2016-max-common-connected-subgraph-paper/datasets/graphsdb/mcs70/bvg/b06/mcs70_b06_s100.A05 fileNameGt=../../cp2016-max-common-connected-subgraph-paper/datasets/graphsdb/mcs70/bvg/b06/mcs70_b06_s100.B05
Reading graphs...
100 :  299
100 :  296
Initializing...
maxdom : 6
D->valSize : 357
Solving...
Blb : 3 (clique : 51)
currentSize : 51 <-- 0.003858 s
currentSize : 54 <-- 0.163826 s
currentSize : 55 <-- 0.169575 s
currentSize : 56 <-- 26.325424 s
currentSize : 57 <-- 44.564083 s
currentSize : 58 <-- 44.641720 s
currentSize : 59 <-- 44.645931 s
currentSize : 60 <-- 44.648384 s
currentSize : 61 <-- 44.657352 s
currentSize : 62 <-- 57.642578 s
currentSize : 63 <-- 57.646046 s
currentSize : 64 <-- 57.653511 s
currentSize : 65 <-- 87.501335 s
currentSize : 66 <-- 87.507370 s
currentSize : 67 <-- 87.517441 s
currentSize : 68 <-- 126.215858 s
currentSize : 69 <-- 128.913071 s
currentSize : 70 <-- 128.913940 s

maxsize : 70
nodes : 24974582.000000
filtered : 128042200.000000
time : 142.710876
