Parameters: GAD=1 vflib=1 dir=0 label=0 vlabel=1 lowerbound=1 fileNameGp=../../cp2016-max-common-connected-subgraph-paper/datasets/graphsdb/mcs70/bvg/b09/mcs70_b09_s80.A04 fileNameGt=../../cp2016-max-common-connected-subgraph-paper/datasets/graphsdb/mcs70/bvg/b09/mcs70_b09_s80.B04
Reading graphs...
80 :  358
80 :  358
Initializing...
maxdom : 10
D->valSize : 448
Solving...
Blb : 3 (clique : 20)
currentSize : 20 <-- 0.007010 s
currentSize : 21 <-- 0.041152 s
currentSize : 22 <-- 0.041659 s
currentSize : 24 <-- 0.066485 s
currentSize : 26 <-- 0.067186 s
currentSize : 27 <-- 0.075264 s
currentSize : 30 <-- 0.161334 s
currentSize : 31 <-- 0.161451 s
currentSize : 33 <-- 0.164603 s
currentSize : 34 <-- 0.202048 s
currentSize : 38 <-- 0.316234 s
currentSize : 41 <-- 2.527233 s
currentSize : 44 <-- 4.911532 s
currentSize : 46 <-- 6.289970 s
currentSize : 48 <-- 6.291507 s
currentSize : 49 <-- 6.295930 s
currentSize : 56 <-- 6.296595 s

maxsize : 56
nodes : 1343901.000000
filtered : 9090468.000000
time : 6.858820
