Parameters: GAD=1 vflib=1 dir=0 label=0 vlabel=1 lowerbound=1 fileNameGp=../../cp2016-max-common-connected-subgraph-paper/datasets/graphsdb/mcs70/bvg/b09m/mcs70_b09m_s90.A09 fileNameGt=../../cp2016-max-common-connected-subgraph-paper/datasets/graphsdb/mcs70/bvg/b09m/mcs70_b09m_s90.B09
Reading graphs...
90 :  397
90 :  397
Initializing...
maxdom : 9
D->valSize : 522
Solving...
Blb : 3 (clique : 46)
currentSize : 46 <-- 0.005783 s
currentSize : 47 <-- 0.331072 s
currentSize : 48 <-- 0.331937 s
currentSize : 50 <-- 0.332140 s
currentSize : 51 <-- 5.496181 s
currentSize : 52 <-- 26.301020 s
currentSize : 62 <-- 26.502975 s

maxsize : 62
nodes : 6852878.000000
filtered : 40212420.000000
time : 36.376099
