Parameters: GAD=1 vflib=1 dir=0 label=0 vlabel=1 lowerbound=1 fileNameGp=../../cp2016-max-common-connected-subgraph-paper/datasets/graphsdb/mcs70/m2D/m2Dr2/mcs70_m2Dr2_s70.A04 fileNameGt=../../cp2016-max-common-connected-subgraph-paper/datasets/graphsdb/mcs70/m2D/m2Dr2/mcs70_m2Dr2_s70.B04
Reading graphs...
70 :  137
70 :  136
Initializing...
maxdom : 7
D->valSize : 319
Solving...
Blb : 2 (clique : 36)
currentSize : 36 <-- 0.002735 s
currentSize : 37 <-- 0.003210 s
currentSize : 38 <-- 0.003423 s
currentSize : 39 <-- 0.003864 s
currentSize : 40 <-- 0.031882 s
currentSize : 41 <-- 0.455923 s
currentSize : 42 <-- 0.463214 s
currentSize : 43 <-- 0.463262 s
currentSize : 44 <-- 0.500942 s
currentSize : 45 <-- 0.848157 s
currentSize : 46 <-- 0.848229 s
currentSize : 48 <-- 0.848307 s
currentSize : 49 <-- 0.899157 s

maxsize : 49
nodes : 415461.000000
filtered : 1558616.000000
time : 1.694416
