Parameters: GAD=1 vflib=1 dir=0 label=0 vlabel=1 lowerbound=1 fileNameGp=../../cp2016-max-common-connected-subgraph-paper/datasets/graphsdb/mcs70/bvg/b06m/mcs70_b06m_s50.A00 fileNameGt=../../cp2016-max-common-connected-subgraph-paper/datasets/graphsdb/mcs70/bvg/b06m/mcs70_b06m_s50.B00
Reading graphs...
50 :  150
50 :  150
Initializing...
maxdom : 12
D->valSize : 347
Solving...
Blb : 2 (clique : 16)
currentSize : 16 <-- 0.002472 s
currentSize : 18 <-- 0.002594 s
currentSize : 19 <-- 0.002675 s
currentSize : 20 <-- 0.040661 s
currentSize : 21 <-- 0.053585 s
currentSize : 23 <-- 0.268011 s
currentSize : 25 <-- 0.469158 s
currentSize : 26 <-- 0.680128 s
currentSize : 30 <-- 0.682352 s
currentSize : 33 <-- 0.826264 s
currentSize : 35 <-- 0.916769 s

maxsize : 35
nodes : 220750.000000
filtered : 2477828.000000
time : 1.012160
