Parameters: GAD=1 vflib=1 dir=0 label=0 vlabel=1 lowerbound=1 fileNameGp=../../cp2016-max-common-connected-subgraph-paper/datasets/graphsdb/mcs70/m2D/m2Dr4/mcs70_m2Dr4_s100.A02 fileNameGt=../../cp2016-max-common-connected-subgraph-paper/datasets/graphsdb/mcs70/m2D/m2Dr4/mcs70_m2Dr4_s100.B02
Reading graphs...
100 :  218
100 :  218
Initializing...
maxdom : 7
D->valSize : 345
Solving...
Blb : 2 (clique : 52)
currentSize : 52 <-- 0.003703 s
currentSize : 53 <-- 0.004113 s
currentSize : 54 <-- 0.004546 s
currentSize : 55 <-- 0.004673 s
currentSize : 56 <-- 0.654722 s
currentSize : 57 <-- 2.430740 s
currentSize : 58 <-- 3.439324 s
currentSize : 60 <-- 3.439594 s
currentSize : 61 <-- 3.439747 s
currentSize : 62 <-- 4.285361 s
currentSize : 63 <-- 6.407760 s
currentSize : 64 <-- 7.887418 s
currentSize : 65 <-- 9.447998 s

TIMEOUT
maxsize : 65
nodes : 202896923.000000
filtered : 624819381.000000
time : 1000.000122
