Parameters: GAD=1 vflib=1 dir=0 label=0 vlabel=1 lowerbound=1 fileNameGp=../../cp2016-max-common-connected-subgraph-paper/datasets/graphsdb/mcs70/rand/r01/mcs70_r01_s70.A03 fileNameGt=../../cp2016-max-common-connected-subgraph-paper/datasets/graphsdb/mcs70/rand/r01/mcs70_r01_s70.B03
Reading graphs...
70 :  454
70 :  451
Initializing...
maxdom : 9
D->valSize : 340
Solving...
Blb : 5 (clique : 14)
currentSize : 14 <-- 0.002792 s
currentSize : 15 <-- 0.004845 s
currentSize : 16 <-- 0.004953 s
currentSize : 17 <-- 0.005124 s
currentSize : 18 <-- 0.007520 s
currentSize : 24 <-- 0.009014 s
currentSize : 25 <-- 0.015823 s
currentSize : 27 <-- 0.016079 s
currentSize : 31 <-- 0.017009 s
currentSize : 33 <-- 0.017128 s
currentSize : 38 <-- 0.024298 s
currentSize : 49 <-- 0.027067 s

maxsize : 49
nodes : 7389.000000
filtered : 54369.000000
time : 0.037217
