Parameters: GAD=1 vflib=1 dir=0 label=0 vlabel=1 lowerbound=1 fileNameGp=../../cp2016-max-common-connected-subgraph-paper/datasets/graphsdb/mcs70/m2D/m2Dr4/mcs70_m2Dr4_s40.A02 fileNameGt=../../cp2016-max-common-connected-subgraph-paper/datasets/graphsdb/mcs70/m2D/m2Dr4/mcs70_m2Dr4_s40.B02
Reading graphs...
40 :  83
40 :  82
Initializing...
maxdom : 9
D->valSize : 220
Solving...
Blb : 2 (clique : 17)
currentSize : 17 <-- 0.001239 s
currentSize : 18 <-- 0.001949 s
currentSize : 19 <-- 0.001965 s
currentSize : 20 <-- 0.006071 s
currentSize : 21 <-- 0.018491 s
currentSize : 22 <-- 0.267758 s
currentSize : 23 <-- 0.438025 s
currentSize : 25 <-- 0.438296 s

maxsize : 25
nodes : 146434.000000
filtered : 1144647.000000
time : 0.506621
