Parameters: GAD=1 vflib=1 dir=0 label=0 vlabel=1 lowerbound=1 fileNameGp=../../cp2016-max-common-connected-subgraph-paper/datasets/graphsdb/mcs70/rand/r01/mcs70_r01_s50.A02 fileNameGt=../../cp2016-max-common-connected-subgraph-paper/datasets/graphsdb/mcs70/rand/r01/mcs70_r01_s50.B02
Reading graphs...
50 :  228
50 :  229
Initializing...
maxdom : 10
D->valSize : 345
Solving...
Blb : 5 (clique : 13)
currentSize : 13 <-- 0.002359 s
currentSize : 14 <-- 0.002482 s
currentSize : 15 <-- 0.002702 s
currentSize : 16 <-- 0.069557 s
currentSize : 18 <-- 0.102524 s
currentSize : 20 <-- 0.427676 s
currentSize : 21 <-- 0.431000 s
currentSize : 22 <-- 0.432004 s
currentSize : 23 <-- 0.498881 s
currentSize : 25 <-- 0.631742 s
currentSize : 28 <-- 0.684582 s
currentSize : 35 <-- 0.689397 s

maxsize : 35
nodes : 164006.000000
filtered : 1449734.000000
time : 0.699955
