Parameters: GAD=1 vflib=1 dir=0 label=0 vlabel=1 lowerbound=1 fileNameGp=../../cp2016-max-common-connected-subgraph-paper/datasets/graphsdb/mcs70/m2D/m2Dr4/mcs70_m2Dr4_s60.A00 fileNameGt=../../cp2016-max-common-connected-subgraph-paper/datasets/graphsdb/mcs70/m2D/m2Dr4/mcs70_m2Dr4_s60.B00
Reading graphs...
60 :  127
60 :  126
Initializing...
maxdom : 8
D->valSize : 273
Solving...
Blb : 5 (clique : 30)
currentSize : 30 <-- 0.001983 s
currentSize : 31 <-- 0.153553 s
currentSize : 32 <-- 1.003375 s
currentSize : 33 <-- 2.346394 s
currentSize : 34 <-- 5.365199 s
currentSize : 35 <-- 5.365406 s
currentSize : 36 <-- 5.365471 s
currentSize : 37 <-- 5.366894 s

maxsize : 37
nodes : 1828179.000000
filtered : 10822446.000000
time : 7.633256
