Parameters: GAD=1 vflib=1 dir=0 label=0 vlabel=1 lowerbound=1 fileNameGp=../../cp2016-max-common-connected-subgraph-paper/datasets/graphsdb/mcs70/bvg/b06m/mcs70_b06m_s50.A06 fileNameGt=../../cp2016-max-common-connected-subgraph-paper/datasets/graphsdb/mcs70/bvg/b06m/mcs70_b06m_s50.B06
Reading graphs...
50 :  147
50 :  146
Initializing...
maxdom : 8
D->valSize : 316
Solving...
Blb : 2 (clique : 19)
currentSize : 19 <-- 0.002135 s
currentSize : 20 <-- 0.154167 s
currentSize : 21 <-- 0.570248 s
currentSize : 22 <-- 0.791681 s
currentSize : 23 <-- 1.012306 s
currentSize : 24 <-- 1.894424 s
currentSize : 26 <-- 1.937049 s
currentSize : 27 <-- 1.983148 s
currentSize : 30 <-- 2.155597 s
currentSize : 31 <-- 2.155694 s
currentSize : 32 <-- 2.241054 s
currentSize : 33 <-- 2.241810 s
currentSize : 34 <-- 2.242034 s
currentSize : 35 <-- 2.242192 s

maxsize : 35
nodes : 588304.000000
filtered : 4391237.000000
time : 2.386688
