Parameters: GAD=1 vflib=1 dir=0 label=0 vlabel=1 lowerbound=1 fileNameGp=../../cp2016-max-common-connected-subgraph-paper/datasets/graphsdb/mcs70/m2D/m2Dr6/mcs70_m2Dr6_s60.A02 fileNameGt=../../cp2016-max-common-connected-subgraph-paper/datasets/graphsdb/mcs70/m2D/m2Dr6/mcs70_m2Dr6_s60.B02
Reading graphs...
60 :  140
60 :  138
Initializing...
maxdom : 7
D->valSize : 244
Solving...
Blb : 2 (clique : 27)
currentSize : 27 <-- 0.001748 s
currentSize : 29 <-- 0.005916 s
currentSize : 31 <-- 0.672677 s
currentSize : 32 <-- 1.237944 s
currentSize : 33 <-- 3.568791 s
currentSize : 35 <-- 7.551846 s
currentSize : 37 <-- 7.552381 s

maxsize : 37
nodes : 2508726.000000
filtered : 9214567.000000
time : 8.802392
