Parameters: GAD=1 vflib=1 dir=0 label=0 vlabel=1 lowerbound=1 fileNameGp=../../cp2016-max-common-connected-subgraph-paper/datasets/graphsdb/mcs70/rand/r01/mcs70_r01_s80.A03 fileNameGt=../../cp2016-max-common-connected-subgraph-paper/datasets/graphsdb/mcs70/rand/r01/mcs70_r01_s80.B03
Reading graphs...
80 :  596
80 :  592
Initializing...
maxdom : 9
D->valSize : 440
Solving...
Blb : 2 (clique : 16)
currentSize : 16 <-- 0.006623 s
currentSize : 17 <-- 0.050943 s
currentSize : 18 <-- 0.119936 s
currentSize : 19 <-- 0.162958 s
currentSize : 21 <-- 0.163739 s
currentSize : 22 <-- 0.180038 s
currentSize : 23 <-- 0.437044 s
currentSize : 24 <-- 0.451501 s
currentSize : 25 <-- 0.452390 s
currentSize : 28 <-- 0.452488 s
currentSize : 32 <-- 1.094980 s
currentSize : 33 <-- 1.428131 s
currentSize : 34 <-- 1.428334 s
currentSize : 35 <-- 1.435126 s
currentSize : 44 <-- 1.436492 s
currentSize : 56 <-- 1.536257 s

maxsize : 56
nodes : 235639.000000
filtered : 2515842.000000
time : 1.557635
