Parameters: GAD=1 vflib=1 dir=0 label=0 vlabel=1 lowerbound=1 fileNameGp=../../cp2016-max-common-connected-subgraph-paper/datasets/graphsdb/mcs70/bvg/b09m/mcs70_b09m_s50.A03 fileNameGt=../../cp2016-max-common-connected-subgraph-paper/datasets/graphsdb/mcs70/bvg/b09m/mcs70_b09m_s50.B03
Reading graphs...
50 :  219
50 :  221
Initializing...
maxdom : 17
D->valSize : 411
Solving...
Blb : 3 (clique : 18)
currentSize : 18 <-- 0.003211 s
currentSize : 20 <-- 0.718889 s
currentSize : 21 <-- 0.795376 s
currentSize : 23 <-- 0.912264 s
currentSize : 24 <-- 0.918499 s
currentSize : 25 <-- 0.996561 s
currentSize : 30 <-- 0.996636 s
currentSize : 32 <-- 0.996755 s
currentSize : 34 <-- 0.996891 s

maxsize : 34
nodes : 205548.000000
filtered : 1951791.000000
time : 1.031613
