Parameters: GAD=1 vflib=1 dir=0 label=0 vlabel=1 lowerbound=1 fileNameGp=../../cp2016-max-common-connected-subgraph-paper/datasets/graphsdb/mcs70/rand/r005/mcs70_r005_s60.A06 fileNameGt=../../cp2016-max-common-connected-subgraph-paper/datasets/graphsdb/mcs70/rand/r005/mcs70_r005_s60.B06
Reading graphs...
60 :  172
60 :  171
Initializing...
maxdom : 7
D->valSize : 261
Solving...
Blb : 2 (clique : 27)
currentSize : 27 <-- 0.001912 s
currentSize : 32 <-- 0.002057 s
currentSize : 34 <-- 0.002172 s
currentSize : 36 <-- 0.002723 s
currentSize : 37 <-- 0.014468 s
currentSize : 38 <-- 0.074178 s
currentSize : 39 <-- 0.092108 s
currentSize : 40 <-- 0.098936 s
currentSize : 42 <-- 0.099014 s

maxsize : 42
nodes : 31177.000000
filtered : 258396.000000
time : 0.142452
