Parameters: GAD=1 vflib=1 dir=0 label=0 vlabel=1 lowerbound=1 fileNameGp=../../cp2016-max-common-connected-subgraph-paper/datasets/graphsdb/mcs70/m2D/m2Dr6/mcs70_m2Dr6_s60.A05 fileNameGt=../../cp2016-max-common-connected-subgraph-paper/datasets/graphsdb/mcs70/m2D/m2Dr6/mcs70_m2Dr6_s60.B05
Reading graphs...
60 :  138
60 :  139
Initializing...
maxdom : 6
D->valSize : 241
Solving...
Blb : 2 (clique : 21)
currentSize : 21 <-- 0.001731 s
currentSize : 22 <-- 0.004456 s
currentSize : 23 <-- 0.007759 s
currentSize : 24 <-- 0.029766 s
currentSize : 25 <-- 0.037526 s
currentSize : 26 <-- 0.134982 s
currentSize : 27 <-- 0.135330 s
currentSize : 28 <-- 0.166592 s
currentSize : 29 <-- 0.176603 s
currentSize : 30 <-- 0.176890 s
currentSize : 31 <-- 0.182643 s
currentSize : 32 <-- 1.314872 s
currentSize : 33 <-- 1.314937 s
currentSize : 34 <-- 1.342064 s
currentSize : 36 <-- 7.550929 s

maxsize : 36
nodes : 3465527.000000
filtered : 12873504.000000
time : 12.727153
