Parameters: GAD=1 vflib=1 dir=0 label=0 vlabel=1 lowerbound=1 fileNameGp=../../cp2016-max-common-connected-subgraph-paper/datasets/graphsdb/mcs70/bvg/b06/mcs70_b06_s70.A09 fileNameGt=../../cp2016-max-common-connected-subgraph-paper/datasets/graphsdb/mcs70/bvg/b06/mcs70_b06_s70.B09
Reading graphs...
70 :  210
70 :  210
Initializing...
maxdom : 9
D->valSize : 381
Solving...
Blb : 2 (clique : 27)
currentSize : 27 <-- 0.003261 s
currentSize : 29 <-- 0.003561 s
currentSize : 32 <-- 0.003741 s
currentSize : 33 <-- 0.004132 s
currentSize : 34 <-- 0.005888 s
currentSize : 35 <-- 0.006317 s
currentSize : 36 <-- 0.094170 s
currentSize : 39 <-- 0.096711 s
currentSize : 40 <-- 0.653454 s
currentSize : 41 <-- 0.653541 s
currentSize : 42 <-- 0.653843 s
currentSize : 43 <-- 0.653952 s
currentSize : 44 <-- 0.690434 s
currentSize : 45 <-- 0.690523 s
currentSize : 49 <-- 1.736511 s

maxsize : 49
nodes : 690215.000000
filtered : 4667068.000000
time : 3.235111
