Parameters: GAD=1 vflib=1 dir=0 label=0 vlabel=1 lowerbound=1 fileNameGp=../../cp2016-max-common-connected-subgraph-paper/datasets/graphsdb/mcs70/bvg/b09/mcs70_b09_s90.A07 fileNameGt=../../cp2016-max-common-connected-subgraph-paper/datasets/graphsdb/mcs70/bvg/b09/mcs70_b09_s90.B07
Reading graphs...
90 :  403
90 :  404
Initializing...
maxdom : 9
D->valSize : 541
Solving...
Blb : 3 (clique : 27)
currentSize : 27 <-- 0.005950 s
currentSize : 28 <-- 1.135499 s
currentSize : 29 <-- 1.613485 s
currentSize : 30 <-- 1.680282 s
currentSize : 31 <-- 2.311502 s
currentSize : 32 <-- 5.811905 s
currentSize : 33 <-- 6.882799 s
currentSize : 34 <-- 62.877689 s
currentSize : 35 <-- 62.877754 s
currentSize : 36 <-- 66.784058 s
currentSize : 37 <-- 66.784126 s
currentSize : 52 <-- 116.005333 s
currentSize : 59 <-- 133.612885 s
currentSize : 61 <-- 133.779083 s
currentSize : 62 <-- 139.081573 s

maxsize : 62
nodes : 27713339.000000
filtered : 202956202.000000
time : 151.332581
