Parameters: GAD=1 vflib=1 dir=0 label=0 vlabel=1 lowerbound=1 fileNameGp=../../cp2016-max-common-connected-subgraph-paper/datasets/graphsdb/mcs70/bvg/b03/mcs70_b03_s80.A06 fileNameGt=../../cp2016-max-common-connected-subgraph-paper/datasets/graphsdb/mcs70/bvg/b03/mcs70_b03_s80.B06
Reading graphs...
80 :  120
80 :  120
Initializing...
maxdom : 8
D->valSize : 443
Solving...
Blb : 2 (clique : 41)
currentSize : 41 <-- 0.004760 s
currentSize : 42 <-- 2.905277 s
currentSize : 43 <-- 5.537210 s
currentSize : 44 <-- 7.858353 s
currentSize : 45 <-- 134.856125 s
currentSize : 46 <-- 281.306549 s
currentSize : 47 <-- 614.890686 s

TIMEOUT
maxsize : 47
nodes : 202918101.000000
filtered : 1364858160.000000
time : 1000.000061
