Parameters: GAD=1 vflib=1 dir=0 label=0 vlabel=1 lowerbound=1 fileNameGp=../../cp2016-max-common-connected-subgraph-paper/datasets/graphsdb/mcs70/bvg/b06/mcs70_b06_s90.A04 fileNameGt=../../cp2016-max-common-connected-subgraph-paper/datasets/graphsdb/mcs70/bvg/b06/mcs70_b06_s90.B04
Reading graphs...
90 :  268
90 :  268
Initializing...
maxdom : 12
D->valSize : 608
Solving...
Blb : 2 (clique : 37)
currentSize : 37 <-- 0.007555 s
currentSize : 38 <-- 5.987535 s
currentSize : 39 <-- 6.000089 s
currentSize : 40 <-- 15.719607 s
currentSize : 41 <-- 23.279907 s
currentSize : 42 <-- 93.005730 s
currentSize : 45 <-- 450.537903 s
currentSize : 46 <-- 450.557709 s
currentSize : 47 <-- 451.790741 s
currentSize : 48 <-- 451.790894 s
currentSize : 49 <-- 451.870697 s
currentSize : 50 <-- 451.871552 s
currentSize : 52 <-- 562.893616 s
currentSize : 55 <-- 667.620483 s
currentSize : 62 <-- 789.919312 s
currentSize : 63 <-- 807.500732 s
currentSize : 64 <-- 807.500916 s

maxsize : 64
nodes : 144689285.000000
filtered : 1151431476.000000
time : 822.230835
