Parameters: GAD=1 vflib=1 dir=0 label=0 vlabel=1 lowerbound=1 fileNameGp=../../cp2016-max-common-connected-subgraph-paper/datasets/graphsdb/mcs70/rand/r005/mcs70_r005_s40.A03 fileNameGt=../../cp2016-max-common-connected-subgraph-paper/datasets/graphsdb/mcs70/rand/r005/mcs70_r005_s40.B03
Reading graphs...
40 :  77
40 :  77
Initializing...
maxdom : 7
D->valSize : 217
Solving...
Blb : 2 (clique : 16)
currentSize : 16 <-- 0.001282 s
currentSize : 17 <-- 0.001370 s
currentSize : 18 <-- 0.003921 s
currentSize : 19 <-- 0.012994 s
currentSize : 20 <-- 0.036380 s
currentSize : 21 <-- 0.051276 s
currentSize : 22 <-- 0.066419 s
currentSize : 23 <-- 0.104504 s
currentSize : 24 <-- 0.136633 s
currentSize : 28 <-- 0.136742 s

maxsize : 28
nodes : 40564.000000
filtered : 264846.000000
time : 0.142664
