Parameters: GAD=1 vflib=1 dir=0 label=0 vlabel=1 lowerbound=1 fileNameGp=../../cp2016-max-common-connected-subgraph-paper/datasets/graphsdb/mcs70/rand/r01/mcs70_r01_s70.A00 fileNameGt=../../cp2016-max-common-connected-subgraph-paper/datasets/graphsdb/mcs70/rand/r01/mcs70_r01_s70.B00
Reading graphs...
70 :  456
70 :  462
Initializing...
maxdom : 7
D->valSize : 327
Solving...
Blb : 5 (clique : 14)
currentSize : 14 <-- 0.002528 s
currentSize : 15 <-- 0.003885 s
currentSize : 16 <-- 0.009106 s
currentSize : 19 <-- 0.009161 s
currentSize : 20 <-- 0.015339 s
currentSize : 21 <-- 0.018609 s
currentSize : 23 <-- 0.030220 s
currentSize : 25 <-- 0.043668 s
currentSize : 31 <-- 0.057265 s
currentSize : 33 <-- 0.073385 s
currentSize : 34 <-- 0.095130 s
currentSize : 40 <-- 0.095301 s
currentSize : 41 <-- 0.143653 s
currentSize : 49 <-- 0.180034 s

maxsize : 49
nodes : 36973.000000
filtered : 342994.000000
time : 0.195943
