Parameters: GAD=1 vflib=1 dir=0 label=0 vlabel=1 lowerbound=1 fileNameGp=../../cp2016-max-common-connected-subgraph-paper/datasets/graphsdb/mcs70/bvg/b09/mcs70_b09_s50.A06 fileNameGt=../../cp2016-max-common-connected-subgraph-paper/datasets/graphsdb/mcs70/bvg/b09/mcs70_b09_s50.B06
Reading graphs...
50 :  224
50 :  222
Initializing...
maxdom : 9
D->valSize : 362
Solving...
Blb : 2 (clique : 15)
currentSize : 15 <-- 0.004175 s
currentSize : 17 <-- 0.004405 s
currentSize : 18 <-- 0.013843 s
currentSize : 20 <-- 0.102659 s
currentSize : 21 <-- 0.104350 s
currentSize : 26 <-- 0.129590 s
currentSize : 28 <-- 0.286698 s
currentSize : 29 <-- 0.339185 s
currentSize : 31 <-- 0.392331 s
currentSize : 34 <-- 0.413301 s

maxsize : 34
nodes : 81392.000000
filtered : 874525.000000
time : 0.430310
