Parameters: GAD=1 vflib=1 dir=0 label=0 vlabel=1 lowerbound=1 fileNameGp=../../cp2016-max-common-connected-subgraph-paper/datasets/graphsdb/mcs70/m2D/m2Dr2/mcs70_m2Dr2_s80.A09 fileNameGt=../../cp2016-max-common-connected-subgraph-paper/datasets/graphsdb/mcs70/m2D/m2Dr2/mcs70_m2Dr2_s80.B09
Reading graphs...
80 :  158
80 :  158
Initializing...
maxdom : 8
D->valSize : 424
Solving...
Blb : 5 (clique : 31)
currentSize : 31 <-- 0.004064 s
currentSize : 32 <-- 0.012914 s
currentSize : 33 <-- 0.021916 s
currentSize : 34 <-- 0.023425 s
currentSize : 35 <-- 0.029638 s
currentSize : 36 <-- 4.403557 s
currentSize : 37 <-- 4.403742 s
currentSize : 38 <-- 4.430756 s
currentSize : 39 <-- 5.129058 s
currentSize : 40 <-- 26.747663 s
currentSize : 41 <-- 28.932247 s
currentSize : 42 <-- 28.932577 s
currentSize : 43 <-- 28.936665 s
currentSize : 44 <-- 40.788441 s
currentSize : 45 <-- 81.105347 s
currentSize : 46 <-- 91.959175 s
currentSize : 47 <-- 91.961815 s
currentSize : 48 <-- 115.999962 s
currentSize : 49 <-- 158.356873 s

maxsize : 49
nodes : 32797120.000000
filtered : 232028408.000000
time : 175.294205
