Parameters: GAD=1 vflib=1 dir=0 label=0 vlabel=1 lowerbound=1 fileNameGp=../../cp2016-max-common-connected-subgraph-paper/datasets/graphsdb/mcs70/m2D/m2D/mcs70_m2D_s80.A04 fileNameGt=../../cp2016-max-common-connected-subgraph-paper/datasets/graphsdb/mcs70/m2D/m2D/mcs70_m2D_s80.B04
Reading graphs...
80 :  141
80 :  142
Initializing...
maxdom : 10
D->valSize : 445
Solving...
Blb : 2 (clique : 39)
currentSize : 39 <-- 0.004523 s
currentSize : 40 <-- 0.005160 s
currentSize : 41 <-- 0.094558 s
currentSize : 42 <-- 0.094868 s
currentSize : 43 <-- 1.090853 s
currentSize : 44 <-- 103.248581 s
currentSize : 45 <-- 119.131638 s
currentSize : 47 <-- 151.861801 s
currentSize : 48 <-- 151.861923 s
currentSize : 49 <-- 284.962067 s
currentSize : 50 <-- 284.962433 s
currentSize : 51 <-- 310.736145 s

maxsize : 51
nodes : 86952519.000000
filtered : 422045518.000000
time : 396.821625
