Parameters: GAD=1 vflib=1 dir=0 label=0 vlabel=1 lowerbound=1 fileNameGp=../../cp2016-max-common-connected-subgraph-paper/datasets/graphsdb/mcs70/m2D/m2D/mcs70_m2D_s70.A04 fileNameGt=../../cp2016-max-common-connected-subgraph-paper/datasets/graphsdb/mcs70/m2D/m2D/mcs70_m2D_s70.B04
Reading graphs...
70 :  123
70 :  123
Initializing...
maxdom : 8
D->valSize : 347
Solving...
Blb : 2 (clique : 40)
currentSize : 40 <-- 0.003031 s
currentSize : 41 <-- 0.003268 s
currentSize : 43 <-- 0.004707 s
currentSize : 44 <-- 0.715553 s
currentSize : 45 <-- 37.595100 s
currentSize : 46 <-- 37.825119 s
currentSize : 47 <-- 43.283409 s
currentSize : 48 <-- 55.191711 s
currentSize : 49 <-- 55.250088 s
currentSize : 50 <-- 60.546726 s

maxsize : 50
nodes : 15798508.000000
filtered : 64368030.000000
time : 65.253342
