Parameters: GAD=1 vflib=1 dir=0 label=0 vlabel=1 lowerbound=1 fileNameGp=../../cp2016-max-common-connected-subgraph-paper/datasets/graphsdb/mcs70/bvg/b06m/mcs70_b06m_s60.A04 fileNameGt=../../cp2016-max-common-connected-subgraph-paper/datasets/graphsdb/mcs70/bvg/b06m/mcs70_b06m_s60.B04
Reading graphs...
60 :  178
60 :  179
Initializing...
maxdom : 8
D->valSize : 240
Solving...
Blb : 2 (clique : 25)
currentSize : 25 <-- 0.001672 s
currentSize : 26 <-- 0.022061 s
currentSize : 27 <-- 0.044969 s
currentSize : 28 <-- 0.194346 s
currentSize : 29 <-- 0.203425 s
currentSize : 30 <-- 0.224387 s
currentSize : 31 <-- 0.238773 s
currentSize : 32 <-- 0.238843 s
currentSize : 33 <-- 0.423862 s
currentSize : 34 <-- 0.447481 s
currentSize : 35 <-- 0.448723 s
currentSize : 37 <-- 0.646964 s
currentSize : 38 <-- 0.647105 s
currentSize : 39 <-- 0.647597 s
currentSize : 40 <-- 0.738694 s
currentSize : 41 <-- 0.738880 s
currentSize : 42 <-- 0.739503 s

maxsize : 42
nodes : 225874.000000
filtered : 938968.000000
time : 0.816974
