Parameters: GAD=1 vflib=1 dir=0 label=0 vlabel=1 lowerbound=1 fileNameGp=../../cp2016-max-common-connected-subgraph-paper/datasets/graphsdb/mcs70/m2D/m2D/mcs70_m2D_s70.A07 fileNameGt=../../cp2016-max-common-connected-subgraph-paper/datasets/graphsdb/mcs70/m2D/m2D/mcs70_m2D_s70.B07
Reading graphs...
70 :  123
70 :  123
Initializing...
maxdom : 9
D->valSize : 352
Solving...
Blb : 2 (clique : 32)
currentSize : 32 <-- 0.003169 s
currentSize : 35 <-- 0.003377 s
currentSize : 36 <-- 0.008803 s
currentSize : 37 <-- 0.020492 s
currentSize : 39 <-- 0.255004 s
currentSize : 40 <-- 0.269838 s
currentSize : 41 <-- 0.375904 s
currentSize : 42 <-- 0.406330 s
currentSize : 43 <-- 0.571869 s
currentSize : 44 <-- 0.572628 s
currentSize : 45 <-- 1.064775 s
currentSize : 48 <-- 1.077790 s
currentSize : 49 <-- 1.134308 s
currentSize : 50 <-- 1.134628 s

maxsize : 50
nodes : 472830.000000
filtered : 2085973.000000
time : 2.038311
