Parameters: GAD=1 vflib=1 dir=0 label=0 vlabel=1 lowerbound=1 fileNameGp=../../cp2016-max-common-connected-subgraph-paper/datasets/graphsdb/mcs70/rand/r005/mcs70_r005_s50.A09 fileNameGt=../../cp2016-max-common-connected-subgraph-paper/datasets/graphsdb/mcs70/rand/r005/mcs70_r005_s50.B09
Reading graphs...
50 :  121
50 :  118
Initializing...
maxdom : 10
D->valSize : 355
Solving...
Blb : 2 (clique : 19)
currentSize : 19 <-- 0.002555 s
currentSize : 20 <-- 0.002679 s
currentSize : 21 <-- 0.002911 s
currentSize : 22 <-- 0.003484 s
currentSize : 23 <-- 0.003784 s
currentSize : 24 <-- 0.003910 s
currentSize : 25 <-- 0.004067 s
currentSize : 26 <-- 0.004354 s
currentSize : 28 <-- 0.004543 s
currentSize : 30 <-- 0.022760 s
currentSize : 31 <-- 0.045949 s
currentSize : 35 <-- 0.046132 s

maxsize : 35
nodes : 21663.000000
filtered : 252903.000000
time : 0.103286
