Parameters: GAD=1 vflib=1 dir=0 label=0 vlabel=1 lowerbound=1 fileNameGp=../../cp2016-max-common-connected-subgraph-paper/datasets/graphsdb/mcs70/rand/r01/mcs70_r01_s90.A03 fileNameGt=../../cp2016-max-common-connected-subgraph-paper/datasets/graphsdb/mcs70/rand/r01/mcs70_r01_s90.B03
Reading graphs...
90 :  766
90 :  766
Initializing...
maxdom : 10
D->valSize : 526
Solving...
Blb : 2 (clique : 14)
currentSize : 14 <-- 0.005547 s
currentSize : 16 <-- 0.005727 s
currentSize : 17 <-- 0.009319 s
currentSize : 18 <-- 0.022686 s
currentSize : 19 <-- 0.027455 s
currentSize : 20 <-- 0.133049 s
currentSize : 21 <-- 0.151581 s
currentSize : 23 <-- 0.619495 s
currentSize : 24 <-- 0.619584 s
currentSize : 25 <-- 0.660147 s
currentSize : 28 <-- 0.660235 s
currentSize : 35 <-- 0.683404 s
currentSize : 39 <-- 0.857763 s
currentSize : 48 <-- 0.919965 s
currentSize : 63 <-- 0.985076 s

maxsize : 63
nodes : 183463.000000
filtered : 1489144.000000
time : 1.029974
