Parameters: GAD=1 vflib=1 dir=0 label=0 vlabel=1 lowerbound=1 fileNameGp=../../cp2016-max-common-connected-subgraph-paper/datasets/graphsdb/mcs70/m2D/m2Dr4/mcs70_m2Dr4_s70.A03 fileNameGt=../../cp2016-max-common-connected-subgraph-paper/datasets/graphsdb/mcs70/m2D/m2Dr4/mcs70_m2Dr4_s70.B03
Reading graphs...
70 :  149
70 :  146
Initializing...
maxdom : 8
D->valSize : 352
Solving...
Blb : 3 (clique : 37)
currentSize : 37 <-- 0.003089 s
currentSize : 38 <-- 1.483020 s
currentSize : 39 <-- 4.662438 s
currentSize : 40 <-- 4.666123 s
currentSize : 43 <-- 7.133395 s
currentSize : 45 <-- 8.818800 s
currentSize : 47 <-- 8.828675 s
currentSize : 49 <-- 8.828773 s

maxsize : 49
nodes : 2513684.000000
filtered : 15245745.000000
time : 11.578675
