Parameters: GAD=1 vflib=1 dir=0 label=0 vlabel=1 lowerbound=1 fileNameGp=../../cp2016-max-common-connected-subgraph-paper/datasets/graphsdb/mcs70/rand/r01/mcs70_r01_s80.A09 fileNameGt=../../cp2016-max-common-connected-subgraph-paper/datasets/graphsdb/mcs70/rand/r01/mcs70_r01_s80.B09
Reading graphs...
80 :  600
80 :  608
Initializing...
maxdom : 9
D->valSize : 457
Solving...
Blb : 2 (clique : 17)
currentSize : 17 <-- 0.004362 s
currentSize : 18 <-- 0.025197 s
currentSize : 20 <-- 0.030997 s
currentSize : 22 <-- 0.100593 s
currentSize : 24 <-- 0.102357 s
currentSize : 29 <-- 0.156610 s
currentSize : 31 <-- 0.186764 s
currentSize : 33 <-- 0.217385 s
currentSize : 43 <-- 0.222905 s
currentSize : 46 <-- 0.251791 s
currentSize : 56 <-- 0.252050 s

maxsize : 56
nodes : 58409.000000
filtered : 458399.000000
time : 0.311036
