Parameters: GAD=1 vflib=1 dir=0 label=0 vlabel=1 lowerbound=1 fileNameGp=../../cp2016-max-common-connected-subgraph-paper/datasets/graphsdb/mcs70/m2D/m2Dr4/mcs70_m2Dr4_s70.A09 fileNameGt=../../cp2016-max-common-connected-subgraph-paper/datasets/graphsdb/mcs70/m2D/m2Dr4/mcs70_m2Dr4_s70.B09
Reading graphs...
70 :  150
70 :  149
Initializing...
maxdom : 7
D->valSize : 327
Solving...
Blb : 2 (clique : 35)
currentSize : 35 <-- 0.002746 s
currentSize : 36 <-- 0.002963 s
currentSize : 39 <-- 0.003009 s
currentSize : 42 <-- 0.004355 s
currentSize : 44 <-- 0.019682 s
currentSize : 46 <-- 0.579792 s
currentSize : 47 <-- 0.621442 s
currentSize : 49 <-- 0.621971 s

maxsize : 49
nodes : 5174784.000000
filtered : 19754852.000000
time : 21.041140
