Parameters: GAD=1 vflib=1 dir=0 label=0 vlabel=1 lowerbound=1 fileNameGp=../../cp2016-max-common-connected-subgraph-paper/datasets/graphsdb/mcs70/m3D/m3Dr4/mcs70_m3Dr4_s90.A09 fileNameGt=../../cp2016-max-common-connected-subgraph-paper/datasets/graphsdb/mcs70/m3D/m3Dr4/mcs70_m3Dr4_s90.B09
Reading graphs...
90 :  242
90 :  243
Initializing...
maxdom : 11
D->valSize : 569
Solving...
Blb : 2 (clique : 47)
currentSize : 47 <-- 0.006834 s
currentSize : 48 <-- 0.007294 s
currentSize : 49 <-- 0.007335 s
currentSize : 51 <-- 0.011971 s
currentSize : 52 <-- 0.012071 s
currentSize : 54 <-- 0.012133 s
currentSize : 55 <-- 0.016653 s
currentSize : 57 <-- 0.016844 s
currentSize : 58 <-- 10.273372 s
currentSize : 59 <-- 10.287244 s
currentSize : 60 <-- 41.427860 s
currentSize : 61 <-- 41.456486 s
currentSize : 63 <-- 41.456959 s
currentSize : 64 <-- 41.507664 s

maxsize : 64
nodes : 19555608.000000
filtered : 133780520.000000
time : 109.425575
