Parameters: GAD=1 vflib=1 dir=0 label=0 vlabel=1 lowerbound=1 fileNameGp=../../cp2016-max-common-connected-subgraph-paper/datasets/graphsdb/mcs70/m2D/m2D/mcs70_m2D_s100.A07 fileNameGt=../../cp2016-max-common-connected-subgraph-paper/datasets/graphsdb/mcs70/m2D/m2D/mcs70_m2D_s100.B07
Reading graphs...
100 :  180
100 :  180
Initializing...
maxdom : 8
D->valSize : 395
Solving...
Blb : 2 (clique : 43)
currentSize : 43 <-- 0.007066 s
currentSize : 44 <-- 0.018279 s
currentSize : 45 <-- 0.154520 s
currentSize : 46 <-- 0.315010 s
currentSize : 47 <-- 0.315189 s
currentSize : 48 <-- 0.349901 s
currentSize : 49 <-- 0.719125 s
currentSize : 50 <-- 0.983647 s
currentSize : 51 <-- 1.201423 s
currentSize : 52 <-- 3.482440 s
currentSize : 54 <-- 3.620094 s
currentSize : 55 <-- 89.477432 s
currentSize : 56 <-- 963.818420 s
currentSize : 57 <-- 963.880493 s
currentSize : 58 <-- 964.046021 s
currentSize : 59 <-- 964.312195 s
currentSize : 60 <-- 964.694824 s

TIMEOUT
maxsize : 60
nodes : 190234748.000000
filtered : 666717041.000000
time : 1000.000122
