Parameters: GAD=1 vflib=1 dir=0 label=0 vlabel=1 lowerbound=1 fileNameGp=../../cp2016-max-common-connected-subgraph-paper/datasets/graphsdb/mcs70/bvg/b09m/mcs70_b09m_s70.A02 fileNameGt=../../cp2016-max-common-connected-subgraph-paper/datasets/graphsdb/mcs70/bvg/b09m/mcs70_b09m_s70.B02
Reading graphs...
70 :  308
70 :  311
Initializing...
maxdom : 8
D->valSize : 323
Solving...
Blb : 3 (clique : 22)
currentSize : 22 <-- 0.002535 s
currentSize : 23 <-- 0.117739 s
currentSize : 25 <-- 0.117811 s
currentSize : 26 <-- 0.308844 s
currentSize : 27 <-- 0.345837 s
currentSize : 28 <-- 0.448504 s
currentSize : 30 <-- 0.448603 s
currentSize : 31 <-- 0.490933 s
currentSize : 34 <-- 0.549678 s
currentSize : 36 <-- 0.549785 s
currentSize : 38 <-- 0.643315 s
currentSize : 39 <-- 0.737722 s
currentSize : 41 <-- 0.737833 s
currentSize : 44 <-- 0.981060 s
currentSize : 45 <-- 1.078397 s
currentSize : 46 <-- 1.569382 s
currentSize : 48 <-- 1.569550 s

maxsize : 48
nodes : 395625.000000
filtered : 2209304.000000
time : 1.750570
