Parameters: GAD=1 vflib=1 dir=0 label=0 vlabel=1 lowerbound=1 fileNameGp=../../cp2016-max-common-connected-subgraph-paper/datasets/graphsdb/mcs70/rand/r01/mcs70_r01_s50.A06 fileNameGt=../../cp2016-max-common-connected-subgraph-paper/datasets/graphsdb/mcs70/rand/r01/mcs70_r01_s50.B06
Reading graphs...
50 :  233
50 :  232
Initializing...
maxdom : 8
D->valSize : 321
Solving...
Blb : 2 (clique : 14)
currentSize : 14 <-- 0.002172 s
currentSize : 15 <-- 0.005182 s
currentSize : 16 <-- 0.028062 s
currentSize : 17 <-- 0.033859 s
currentSize : 18 <-- 0.254077 s
currentSize : 20 <-- 0.702957 s
currentSize : 21 <-- 0.712756 s
currentSize : 22 <-- 0.806374 s
currentSize : 23 <-- 0.811958 s
currentSize : 24 <-- 1.063941 s
currentSize : 28 <-- 1.064240 s
currentSize : 30 <-- 1.064752 s
currentSize : 35 <-- 1.064873 s

maxsize : 35
nodes : 255954.000000
filtered : 2139097.000000
time : 1.077682
