Parameters: GAD=1 vflib=1 dir=0 label=0 vlabel=1 lowerbound=1 fileNameGp=../../cp2016-max-common-connected-subgraph-paper/datasets/graphsdb/mcs70/m3D/m3Dr4/mcs70_m3Dr4_s90.A06 fileNameGt=../../cp2016-max-common-connected-subgraph-paper/datasets/graphsdb/mcs70/m3D/m3Dr4/mcs70_m3Dr4_s90.B06
Reading graphs...
90 :  245
90 :  241
Initializing...
maxdom : 8
D->valSize : 559
Solving...
Blb : 2 (clique : 38)
currentSize : 38 <-- 0.010754 s
currentSize : 40 <-- 0.011585 s
currentSize : 42 <-- 0.024283 s
currentSize : 43 <-- 0.119723 s
currentSize : 44 <-- 0.123441 s
currentSize : 46 <-- 0.152708 s
currentSize : 47 <-- 0.822234 s
currentSize : 48 <-- 2.738610 s
currentSize : 50 <-- 2.746580 s
currentSize : 51 <-- 2.825804 s
currentSize : 52 <-- 2.825930 s
currentSize : 53 <-- 2.910566 s
currentSize : 54 <-- 2.910701 s
currentSize : 55 <-- 3.513208 s
currentSize : 57 <-- 204.573273 s
currentSize : 59 <-- 204.573502 s
currentSize : 60 <-- 204.665283 s
currentSize : 62 <-- 204.665527 s
currentSize : 64 <-- 204.672485 s

maxsize : 64
nodes : 104502442.000000
filtered : 568105614.000000
time : 547.434753
