Parameters: GAD=1 vflib=1 dir=0 label=0 vlabel=1 lowerbound=1 fileNameGp=../../cp2016-max-common-connected-subgraph-paper/datasets/graphsdb/mcs70/m2D/m2Dr6/mcs70_m2Dr6_s90.A08 fileNameGt=../../cp2016-max-common-connected-subgraph-paper/datasets/graphsdb/mcs70/m2D/m2Dr6/mcs70_m2Dr6_s90.B08
Reading graphs...
90 :  214
90 :  212
Initializing...
maxdom : 11
D->valSize : 600
Solving...
Blb : 2 (clique : 30)
currentSize : 30 <-- 0.007240 s
currentSize : 31 <-- 0.007959 s
currentSize : 32 <-- 0.012992 s
currentSize : 33 <-- 0.013452 s
currentSize : 34 <-- 0.016033 s
currentSize : 35 <-- 0.126411 s
currentSize : 36 <-- 0.276616 s
currentSize : 37 <-- 6.818918 s
currentSize : 38 <-- 32.610298 s
currentSize : 39 <-- 65.714958 s
currentSize : 40 <-- 79.452629 s
currentSize : 41 <-- 99.327774 s
currentSize : 42 <-- 112.479805 s
currentSize : 43 <-- 128.413651 s
currentSize : 44 <-- 843.834229 s

TIMEOUT
maxsize : 44
nodes : 175902274.000000
filtered : 1396478853.000000
time : 1000.000061
