Parameters: GAD=1 vflib=1 dir=0 label=0 vlabel=1 lowerbound=1 fileNameGp=../../cp2016-max-common-connected-subgraph-paper/datasets/graphsdb/mcs70/m2D/m2Dr2/mcs70_m2Dr2_s80.A00 fileNameGt=../../cp2016-max-common-connected-subgraph-paper/datasets/graphsdb/mcs70/m2D/m2Dr2/mcs70_m2Dr2_s80.B00
Reading graphs...
80 :  158
80 :  157
Initializing...
maxdom : 8
D->valSize : 415
Solving...
Blb : 2 (clique : 29)
currentSize : 29 <-- 0.003930 s
currentSize : 30 <-- 0.004418 s
currentSize : 31 <-- 0.005161 s
currentSize : 32 <-- 6.080871 s
currentSize : 33 <-- 8.057743 s
currentSize : 34 <-- 22.837776 s
currentSize : 35 <-- 26.491386 s
currentSize : 36 <-- 45.918468 s
currentSize : 37 <-- 111.938347 s
currentSize : 38 <-- 117.096901 s
currentSize : 39 <-- 161.431610 s
currentSize : 40 <-- 340.992249 s
currentSize : 41 <-- 478.831390 s
currentSize : 42 <-- 748.343323 s
currentSize : 43 <-- 784.489502 s
currentSize : 44 <-- 853.507263 s

TIMEOUT
maxsize : 44
nodes : 185249915.000000
filtered : 1324445769.000000
time : 1000.000061
