Parameters: GAD=1 vflib=1 dir=0 label=0 vlabel=1 lowerbound=1 fileNameGp=../../cp2016-max-common-connected-subgraph-paper/datasets/graphsdb/mcs70/m2D/m2Dr4/mcs70_m2Dr4_s80.A08 fileNameGt=../../cp2016-max-common-connected-subgraph-paper/datasets/graphsdb/mcs70/m2D/m2Dr4/mcs70_m2Dr4_s80.B08
Reading graphs...
80 :  173
80 :  172
Initializing...
maxdom : 11
D->valSize : 445
Solving...
Blb : 2 (clique : 36)
currentSize : 36 <-- 0.004447 s
currentSize : 37 <-- 0.004720 s
currentSize : 38 <-- 0.005144 s
currentSize : 41 <-- 0.010004 s
currentSize : 42 <-- 0.375134 s
currentSize : 45 <-- 0.384813 s
currentSize : 46 <-- 2.268068 s
currentSize : 48 <-- 2.268185 s
currentSize : 49 <-- 4.720405 s
currentSize : 50 <-- 9.537287 s
currentSize : 51 <-- 9.550139 s

maxsize : 51
nodes : 33169296.000000
filtered : 182900795.000000
time : 162.531296
