Parameters: GAD=1 vflib=1 dir=0 label=0 vlabel=1 lowerbound=1 fileNameGp=../../cp2016-max-common-connected-subgraph-paper/datasets/graphsdb/mcs70/bvg/b03/mcs70_b03_s100.A00 fileNameGt=../../cp2016-max-common-connected-subgraph-paper/datasets/graphsdb/mcs70/bvg/b03/mcs70_b03_s100.B00
Reading graphs...
100 :  150
100 :  150
Initializing...
maxdom : 7
D->valSize : 379
Solving...
Blb : 2 (clique : 55)
currentSize : 55 <-- 0.004142 s
currentSize : 56 <-- 0.004681 s
currentSize : 57 <-- 0.005660 s
currentSize : 58 <-- 0.006657 s
currentSize : 59 <-- 0.078701 s
currentSize : 60 <-- 0.133463 s
currentSize : 62 <-- 0.133792 s
currentSize : 63 <-- 0.134108 s
currentSize : 64 <-- 0.808810 s
currentSize : 65 <-- 0.808901 s
currentSize : 67 <-- 0.809053 s
currentSize : 68 <-- 0.809149 s
currentSize : 69 <-- 0.867090 s
currentSize : 70 <-- 66.779213 s
currentSize : 71 <-- 66.779922 s

maxsize : 71
nodes : 108118182.000000
filtered : 337554823.000000
time : 533.078796
