Parameters: GAD=1 vflib=1 dir=0 label=0 vlabel=1 lowerbound=1 fileNameGp=../../cp2016-max-common-connected-subgraph-paper/datasets/graphsdb/mcs70/bvg/b06m/mcs70_b06m_s100.A04 fileNameGt=../../cp2016-max-common-connected-subgraph-paper/datasets/graphsdb/mcs70/bvg/b06m/mcs70_b06m_s100.B04
Reading graphs...
100 :  299
100 :  299
Initializing...
maxdom : 8
D->valSize : 404
Solving...
Blb : 3 (clique : 55)
currentSize : 55 <-- 0.004236 s
currentSize : 56 <-- 15.725953 s
currentSize : 62 <-- 47.205807 s
currentSize : 63 <-- 47.220200 s
currentSize : 64 <-- 48.335014 s
currentSize : 65 <-- 52.351814 s
currentSize : 67 <-- 58.367523 s
currentSize : 68 <-- 58.377487 s
currentSize : 69 <-- 59.238270 s
currentSize : 70 <-- 62.266449 s

maxsize : 70
nodes : 11760271.000000
filtered : 57339619.000000
time : 67.449303
