Parameters: GAD=1 vflib=1 dir=0 label=0 vlabel=1 lowerbound=1 fileNameGp=../../cp2016-max-common-connected-subgraph-paper/datasets/graphsdb/mcs70/rand/r005/mcs70_r005_s70.A08 fileNameGt=../../cp2016-max-common-connected-subgraph-paper/datasets/graphsdb/mcs70/rand/r005/mcs70_r005_s70.B08
Reading graphs...
70 :  234
70 :  230
Initializing...
maxdom : 10
D->valSize : 352
Solving...
Blb : 2 (clique : 24)
currentSize : 24 <-- 0.002921 s
currentSize : 25 <-- 0.021269 s
currentSize : 27 <-- 0.150963 s
currentSize : 28 <-- 0.168712 s
currentSize : 30 <-- 0.183660 s
currentSize : 31 <-- 1.252648 s
currentSize : 33 <-- 1.260674 s
currentSize : 34 <-- 1.551262 s
currentSize : 35 <-- 1.596524 s
currentSize : 36 <-- 1.713978 s
currentSize : 38 <-- 1.714060 s
currentSize : 39 <-- 1.807307 s
currentSize : 40 <-- 1.897944 s
currentSize : 41 <-- 2.011390 s
currentSize : 45 <-- 2.022593 s
currentSize : 46 <-- 2.022689 s
currentSize : 49 <-- 2.022818 s

maxsize : 49
nodes : 444641.000000
filtered : 3073199.000000
time : 2.147467
