Parameters: GAD=1 vflib=1 dir=0 label=0 vlabel=1 lowerbound=1 fileNameGp=../../cp2016-max-common-connected-subgraph-paper/datasets/graphsdb/mcs70/bvg/b06/mcs70_b06_s80.A04 fileNameGt=../../cp2016-max-common-connected-subgraph-paper/datasets/graphsdb/mcs70/bvg/b06/mcs70_b06_s80.B04
Reading graphs...
80 :  240
80 :  239
Initializing...
maxdom : 11
D->valSize : 457
Solving...
Blb : 2 (clique : 28)
currentSize : 28 <-- 0.007557 s
currentSize : 36 <-- 0.007912 s
currentSize : 37 <-- 0.008392 s
currentSize : 38 <-- 0.008466 s
currentSize : 39 <-- 0.008515 s
currentSize : 40 <-- 0.009822 s
currentSize : 42 <-- 0.139741 s
currentSize : 44 <-- 0.139798 s
currentSize : 45 <-- 0.139936 s
currentSize : 48 <-- 0.423268 s
currentSize : 50 <-- 0.423352 s
currentSize : 52 <-- 0.423484 s
currentSize : 54 <-- 7.754379 s
currentSize : 56 <-- 7.754546 s

maxsize : 56
nodes : 2224942.000000
filtered : 15734753.000000
time : 12.168891
