Parameters: GAD=1 vflib=1 dir=0 label=0 vlabel=1 lowerbound=1 fileNameGp=../../cp2016-max-common-connected-subgraph-paper/datasets/graphsdb/mcs70/bvg/b09/mcs70_b09_s100.A02 fileNameGt=../../cp2016-max-common-connected-subgraph-paper/datasets/graphsdb/mcs70/bvg/b09/mcs70_b09_s100.B02
Reading graphs...
100 :  449
100 :  448
Initializing...
maxdom : 6
D->valSize : 364
Solving...
Blb : 3 (clique : 50)
currentSize : 50 <-- 0.003798 s
currentSize : 51 <-- 0.004702 s
currentSize : 53 <-- 0.005086 s
currentSize : 55 <-- 0.006594 s
currentSize : 57 <-- 0.006875 s
currentSize : 58 <-- 0.041569 s
currentSize : 59 <-- 0.043079 s
currentSize : 60 <-- 0.043691 s
currentSize : 61 <-- 0.043894 s
currentSize : 66 <-- 0.054954 s
currentSize : 67 <-- 0.055303 s
currentSize : 70 <-- 0.055620 s

maxsize : 70
nodes : 109310.000000
filtered : 773160.000000
time : 0.699624
