Parameters: GAD=1 vflib=1 dir=0 label=0 vlabel=1 lowerbound=1 fileNameGp=../../cp2016-max-common-connected-subgraph-paper/datasets/graphsdb/mcs70/m2D/m2D/mcs70_m2D_s90.A08 fileNameGt=../../cp2016-max-common-connected-subgraph-paper/datasets/graphsdb/mcs70/m2D/m2D/mcs70_m2D_s90.B08
Reading graphs...
90 :  161
90 :  161
Initializing...
maxdom : 9
D->valSize : 575
Solving...
Blb : 2 (clique : 51)
currentSize : 51 <-- 0.007025 s
currentSize : 52 <-- 0.007430 s
currentSize : 53 <-- 0.008290 s
currentSize : 54 <-- 0.012068 s
currentSize : 55 <-- 0.015938 s
currentSize : 56 <-- 0.017319 s
currentSize : 57 <-- 0.024419 s
currentSize : 58 <-- 0.048658 s
currentSize : 59 <-- 0.051523 s
currentSize : 60 <-- 0.051620 s
currentSize : 61 <-- 0.054896 s
currentSize : 62 <-- 0.423285 s
currentSize : 63 <-- 0.423391 s
currentSize : 64 <-- 4.375463 s

maxsize : 64
nodes : 28788307.000000
filtered : 212826392.000000
time : 186.356537
