Parameters: GAD=1 vflib=1 dir=0 label=0 vlabel=1 lowerbound=1 fileNameGp=../../cp2016-max-common-connected-subgraph-paper/datasets/graphsdb/mcs70/m3D/m3Dr2/mcs70_m3Dr2_s100.A06 fileNameGt=../../cp2016-max-common-connected-subgraph-paper/datasets/graphsdb/mcs70/m3D/m3Dr2/mcs70_m3Dr2_s100.B06
Reading graphs...
100 :  254
100 :  254
Initializing...
maxdom : 8
D->valSize : 394
Solving...
Blb : 2 (clique : 41)
currentSize : 41 <-- 0.004274 s
currentSize : 42 <-- 0.004570 s
currentSize : 43 <-- 0.005119 s
currentSize : 44 <-- 0.008517 s
currentSize : 45 <-- 0.009734 s
currentSize : 46 <-- 0.009819 s
currentSize : 47 <-- 0.029558 s
currentSize : 48 <-- 0.029637 s
currentSize : 49 <-- 0.076249 s
currentSize : 50 <-- 0.138223 s
currentSize : 52 <-- 0.138331 s
currentSize : 54 <-- 0.154779 s
currentSize : 55 <-- 0.330000 s
currentSize : 57 <-- 0.330148 s
currentSize : 59 <-- 0.348617 s
currentSize : 60 <-- 5.058048 s
currentSize : 62 <-- 5.058418 s
currentSize : 64 <-- 5.063574 s

TIMEOUT
maxsize : 64
nodes : 202251085.000000
filtered : 709775349.000000
time : 1000.000122
