Parameters: GAD=1 vflib=1 dir=0 label=0 vlabel=1 lowerbound=1 fileNameGp=../../cp2016-max-common-connected-subgraph-paper/datasets/graphsdb/mcs70/m3D/m3Dr4/mcs70_m3Dr4_s40.A01 fileNameGt=../../cp2016-max-common-connected-subgraph-paper/datasets/graphsdb/mcs70/m3D/m3Dr4/mcs70_m3Dr4_s40.B01
Reading graphs...
40 :  98
40 :  98
Initializing...
maxdom : 7
D->valSize : 211
Solving...
Blb : 3 (clique : 14)
currentSize : 14 <-- 0.001294 s
currentSize : 15 <-- 0.012246 s
currentSize : 17 <-- 0.016435 s
currentSize : 18 <-- 0.019994 s
currentSize : 19 <-- 0.020067 s
currentSize : 20 <-- 0.020143 s
currentSize : 24 <-- 0.020766 s
currentSize : 25 <-- 0.021627 s
currentSize : 26 <-- 0.024144 s
currentSize : 27 <-- 0.025503 s

maxsize : 27
nodes : 7706.000000
filtered : 42532.000000
time : 0.026166
