Parameters: GAD=1 vflib=1 dir=0 label=0 vlabel=1 lowerbound=1 fileNameGp=../../cp2016-max-common-connected-subgraph-paper/datasets/graphsdb/mcs70/m3D/m3D/mcs70_m3D_s90.A06 fileNameGt=../../cp2016-max-common-connected-subgraph-paper/datasets/graphsdb/mcs70/m3D/m3D/mcs70_m3D_s90.B06
Reading graphs...
90 :  209
90 :  209
Initializing...
maxdom : 11
D->valSize : 600
Solving...
Blb : 2 (clique : 45)
currentSize : 45 <-- 0.007690 s
currentSize : 46 <-- 0.010199 s
currentSize : 47 <-- 0.047040 s
currentSize : 48 <-- 0.265248 s
currentSize : 49 <-- 3.110683 s
currentSize : 50 <-- 3.112446 s
currentSize : 51 <-- 11.884426 s
currentSize : 53 <-- 12.016157 s
currentSize : 54 <-- 12.018399 s
currentSize : 55 <-- 12.037451 s
currentSize : 56 <-- 12.723457 s
currentSize : 57 <-- 12.797147 s
currentSize : 59 <-- 149.993942 s
currentSize : 60 <-- 149.997055 s
currentSize : 61 <-- 150.134689 s
currentSize : 62 <-- 150.529587 s
currentSize : 63 <-- 150.531082 s
currentSize : 64 <-- 248.257721 s

maxsize : 64
nodes : 64838166.000000
filtered : 370765611.000000
time : 336.499603
