Parameters: GAD=1 vflib=1 dir=0 label=0 vlabel=1 lowerbound=1 fileNameGp=../../cp2016-max-common-connected-subgraph-paper/datasets/graphsdb/mcs70/bvg/b09m/mcs70_b09m_s50.A05 fileNameGt=../../cp2016-max-common-connected-subgraph-paper/datasets/graphsdb/mcs70/bvg/b09m/mcs70_b09m_s50.B05
Reading graphs...
50 :  220
50 :  220
Initializing...
maxdom : 10
D->valSize : 356
Solving...
Blb : 2 (clique : 16)
currentSize : 16 <-- 0.004057 s
currentSize : 17 <-- 0.004294 s
currentSize : 18 <-- 0.004364 s
currentSize : 23 <-- 0.004927 s
currentSize : 25 <-- 0.145283 s
currentSize : 28 <-- 0.145492 s
currentSize : 29 <-- 0.145747 s
currentSize : 32 <-- 0.231829 s
currentSize : 33 <-- 0.232374 s
currentSize : 34 <-- 0.232474 s

maxsize : 34
nodes : 68999.000000
filtered : 724459.000000
time : 0.329231
