Parameters: GAD=1 vflib=1 dir=0 label=0 vlabel=1 lowerbound=1 fileNameGp=../../cp2016-max-common-connected-subgraph-paper/datasets/graphsdb/mcs70/bvg/b06/mcs70_b06_s80.A03 fileNameGt=../../cp2016-max-common-connected-subgraph-paper/datasets/graphsdb/mcs70/bvg/b06/mcs70_b06_s80.B03
Reading graphs...
80 :  240
80 :  240
Initializing...
maxdom : 9
D->valSize : 484
Solving...
Blb : 2 (clique : 35)
currentSize : 35 <-- 0.005062 s
currentSize : 37 <-- 0.005341 s
currentSize : 38 <-- 0.005594 s
currentSize : 39 <-- 0.046160 s
currentSize : 40 <-- 0.046253 s
currentSize : 43 <-- 0.046386 s
currentSize : 44 <-- 0.046468 s
currentSize : 45 <-- 0.046572 s
currentSize : 46 <-- 0.046791 s
currentSize : 48 <-- 0.070319 s
currentSize : 54 <-- 0.350425 s
currentSize : 56 <-- 0.365145 s

maxsize : 56
nodes : 918034.000000
filtered : 8338761.000000
time : 5.448564
