Parameters: GAD=1 vflib=1 dir=0 label=0 vlabel=1 lowerbound=1 fileNameGp=../../cp2016-max-common-connected-subgraph-paper/datasets/graphsdb/mcs70/m2D/m2Dr6/mcs70_m2Dr6_s70.A09 fileNameGt=../../cp2016-max-common-connected-subgraph-paper/datasets/graphsdb/mcs70/m2D/m2Dr6/mcs70_m2Dr6_s70.B09
Reading graphs...
70 :  164
70 :  163
Initializing...
maxdom : 7
D->valSize : 327
Solving...
Blb : 2 (clique : 32)
currentSize : 32 <-- 0.002755 s
currentSize : 33 <-- 0.003033 s
currentSize : 34 <-- 0.005195 s
currentSize : 35 <-- 0.581000 s
currentSize : 37 <-- 3.102839 s
currentSize : 38 <-- 3.103655 s
currentSize : 41 <-- 5.522809 s
currentSize : 42 <-- 5.523038 s
currentSize : 43 <-- 8.339841 s
currentSize : 45 <-- 9.165326 s
currentSize : 46 <-- 9.165522 s
currentSize : 47 <-- 11.733978 s
currentSize : 48 <-- 16.334505 s
currentSize : 49 <-- 16.334715 s

maxsize : 49
nodes : 4388061.000000
filtered : 23580695.000000
time : 20.000492
