Parameters: GAD=1 vflib=1 dir=0 label=0 vlabel=1 lowerbound=1 fileNameGp=../../cp2016-max-common-connected-subgraph-paper/datasets/graphsdb/mcs70/m3D/m3Dr6/mcs70_m3Dr6_s100.A05 fileNameGt=../../cp2016-max-common-connected-subgraph-paper/datasets/graphsdb/mcs70/m3D/m3Dr6/mcs70_m3Dr6_s100.B05
Reading graphs...
100 :  292
100 :  294
Initializing...
maxdom : 7
D->valSize : 383
Solving...
Blb : 3 (clique : 51)
currentSize : 51 <-- 0.004213 s
currentSize : 52 <-- 51.325809 s
currentSize : 54 <-- 53.129990 s
currentSize : 55 <-- 286.284882 s
currentSize : 56 <-- 286.286194 s
currentSize : 57 <-- 286.488556 s
currentSize : 58 <-- 286.489899 s
currentSize : 59 <-- 570.716492 s
currentSize : 60 <-- 570.716858 s
currentSize : 61 <-- 570.729736 s
currentSize : 62 <-- 570.730164 s
currentSize : 63 <-- 570.756165 s
currentSize : 64 <-- 570.756592 s

maxsize : 64
nodes : 127230331.000000
filtered : 564436201.000000
time : 699.468750
