Parameters: GAD=1 vflib=1 dir=0 label=0 vlabel=1 lowerbound=1 fileNameGp=../../cp2016-max-common-connected-subgraph-paper/datasets/graphsdb/mcs70/m3D/m3D/mcs70_m3D_s100.A05 fileNameGt=../../cp2016-max-common-connected-subgraph-paper/datasets/graphsdb/mcs70/m3D/m3D/mcs70_m3D_s100.B05
Reading graphs...
100 :  234
100 :  234
Initializing...
maxdom : 8
D->valSize : 371
Solving...
Blb : 2 (clique : 47)
currentSize : 47 <-- 0.003973 s
currentSize : 48 <-- 0.004299 s
currentSize : 50 <-- 0.005199 s
currentSize : 51 <-- 0.005298 s
currentSize : 52 <-- 0.006244 s
currentSize : 53 <-- 0.006339 s
currentSize : 55 <-- 0.009378 s
currentSize : 56 <-- 0.009481 s
currentSize : 58 <-- 0.010732 s
currentSize : 59 <-- 0.010834 s
currentSize : 60 <-- 0.422595 s
currentSize : 61 <-- 0.422715 s
currentSize : 62 <-- 0.422985 s
currentSize : 63 <-- 3.838622 s
currentSize : 64 <-- 105.593498 s

maxsize : 64
nodes : 87992770.000000
filtered : 340441416.000000
time : 444.334595
