Parameters: GAD=1 vflib=1 dir=0 label=0 vlabel=1 lowerbound=1 fileNameGp=../../cp2016-max-common-connected-subgraph-paper/datasets/graphsdb/mcs70/m2D/m2Dr4/mcs70_m2Dr4_s90.A00 fileNameGt=../../cp2016-max-common-connected-subgraph-paper/datasets/graphsdb/mcs70/m2D/m2Dr4/mcs70_m2Dr4_s90.B00
Reading graphs...
90 :  195
90 :  196
Initializing...
maxdom : 10
D->valSize : 571
Solving...
Blb : 2 (clique : 42)
currentSize : 42 <-- 0.011631 s
currentSize : 43 <-- 0.012209 s
currentSize : 44 <-- 0.014571 s
currentSize : 46 <-- 0.027103 s
currentSize : 48 <-- 0.027232 s
currentSize : 50 <-- 0.027448 s
currentSize : 51 <-- 0.039138 s
currentSize : 52 <-- 0.082606 s
currentSize : 53 <-- 0.107612 s
currentSize : 54 <-- 0.126565 s
currentSize : 55 <-- 0.126718 s
currentSize : 56 <-- 0.127462 s
currentSize : 57 <-- 9.824169 s
currentSize : 58 <-- 9.826079 s
currentSize : 59 <-- 9.830504 s
currentSize : 62 <-- 9.831501 s
currentSize : 63 <-- 9.831639 s
currentSize : 64 <-- 14.372510 s

maxsize : 64
nodes : 42987030.000000
filtered : 242265991.000000
time : 227.426193
