Parameters: GAD=1 vflib=1 dir=0 label=0 vlabel=1 lowerbound=1 fileNameGp=../../cp2016-max-common-connected-subgraph-paper/datasets/graphsdb/mcs70/bvg/b06m/mcs70_b06m_s90.A05 fileNameGt=../../cp2016-max-common-connected-subgraph-paper/datasets/graphsdb/mcs70/bvg/b06m/mcs70_b06m_s90.B05
Reading graphs...
90 :  268
90 :  268
Initializing...
maxdom : 10
D->valSize : 538
Solving...
Blb : 2 (clique : 38)
currentSize : 38 <-- 0.006095 s
currentSize : 40 <-- 0.006512 s
currentSize : 41 <-- 0.007197 s
currentSize : 42 <-- 0.007241 s
currentSize : 46 <-- 0.007908 s
currentSize : 47 <-- 0.007955 s
currentSize : 48 <-- 0.009244 s
currentSize : 49 <-- 0.009288 s
currentSize : 55 <-- 0.016233 s
currentSize : 62 <-- 0.026446 s
currentSize : 63 <-- 0.082894 s

maxsize : 63
nodes : 5205266.000000
filtered : 37093596.000000
time : 30.864525
