Parameters: GAD=1 vflib=1 dir=0 label=0 vlabel=1 lowerbound=1 fileNameGp=../../cp2016-max-common-connected-subgraph-paper/datasets/graphsdb/mcs70/bvg/b03m/mcs70_b03m_s70.A02 fileNameGt=../../cp2016-max-common-connected-subgraph-paper/datasets/graphsdb/mcs70/bvg/b03m/mcs70_b03m_s70.B02
Reading graphs...
70 :  104
70 :  104
Initializing...
maxdom : 9
D->valSize : 349
Solving...
Blb : 2 (clique : 35)
currentSize : 35 <-- 0.003028 s
currentSize : 36 <-- 0.003236 s
currentSize : 38 <-- 0.003872 s
currentSize : 39 <-- 0.005779 s
currentSize : 40 <-- 0.006638 s
currentSize : 41 <-- 0.006781 s
currentSize : 42 <-- 0.035697 s
currentSize : 43 <-- 0.108546 s
currentSize : 44 <-- 0.108643 s
currentSize : 45 <-- 0.108779 s
currentSize : 46 <-- 20.010572 s
currentSize : 48 <-- 20.010923 s

maxsize : 48
nodes : 5655126.000000
filtered : 31349333.000000
time : 25.672060
