Parameters: GAD=1 vflib=1 dir=0 label=0 vlabel=1 lowerbound=1 fileNameGp=../../cp2016-max-common-connected-subgraph-paper/datasets/graphsdb/mcs70/rand/r01/mcs70_r01_s70.A05 fileNameGt=../../cp2016-max-common-connected-subgraph-paper/datasets/graphsdb/mcs70/rand/r01/mcs70_r01_s70.B05
Reading graphs...
70 :  452
70 :  451
Initializing...
maxdom : 7
D->valSize : 324
Solving...
Blb : 2 (clique : 13)
currentSize : 13 <-- 0.002474 s
currentSize : 14 <-- 0.004182 s
currentSize : 15 <-- 0.004290 s
currentSize : 16 <-- 0.004408 s
currentSize : 18 <-- 0.004821 s
currentSize : 20 <-- 0.005468 s
currentSize : 22 <-- 0.008995 s
currentSize : 25 <-- 0.009314 s
currentSize : 28 <-- 0.014883 s
currentSize : 29 <-- 0.037402 s
currentSize : 36 <-- 0.037729 s
currentSize : 38 <-- 0.045037 s
currentSize : 49 <-- 0.045414 s

maxsize : 49
nodes : 8564.000000
filtered : 81127.000000
time : 0.048825
