Parameters: GAD=1 vflib=1 dir=0 label=0 vlabel=1 lowerbound=1 fileNameGp=../../cp2016-max-common-connected-subgraph-paper/datasets/graphsdb/mcs70/m2D/m2Dr4/mcs70_m2Dr4_s100.A05 fileNameGt=../../cp2016-max-common-connected-subgraph-paper/datasets/graphsdb/mcs70/m2D/m2Dr4/mcs70_m2Dr4_s100.B05
Reading graphs...
100 :  217
100 :  217
Initializing...
maxdom : 6
D->valSize : 348
Solving...
Blb : 2 (clique : 49)
currentSize : 49 <-- 0.003486 s
currentSize : 52 <-- 0.003885 s
currentSize : 53 <-- 0.004358 s
currentSize : 54 <-- 0.699486 s
currentSize : 55 <-- 496.931580 s
currentSize : 56 <-- 496.932220 s
currentSize : 57 <-- 497.692139 s
currentSize : 58 <-- 497.692261 s

TIMEOUT
maxsize : 58
nodes : 198994560.000000
filtered : 698238764.000000
time : 1000.000122
