Parameters: GAD=1 vflib=1 dir=0 label=0 vlabel=1 lowerbound=1 fileNameGp=../../cp2016-max-common-connected-subgraph-paper/datasets/graphsdb/mcs70/bvg/b09m/mcs70_b09m_s60.A04 fileNameGt=../../cp2016-max-common-connected-subgraph-paper/datasets/graphsdb/mcs70/bvg/b09m/mcs70_b09m_s60.B04
Reading graphs...
60 :  263
60 :  264
Initializing...
maxdom : 7
D->valSize : 269
Solving...
Blb : 2 (clique : 18)
currentSize : 18 <-- 0.001849 s
currentSize : 19 <-- 0.002460 s
currentSize : 20 <-- 0.007636 s
currentSize : 21 <-- 0.014068 s
currentSize : 22 <-- 0.014507 s
currentSize : 23 <-- 0.021010 s
currentSize : 24 <-- 0.038482 s
currentSize : 25 <-- 0.144014 s
currentSize : 26 <-- 0.144050 s
currentSize : 27 <-- 0.350935 s
currentSize : 28 <-- 0.350983 s
currentSize : 29 <-- 0.351050 s
currentSize : 31 <-- 0.411693 s
currentSize : 36 <-- 0.411844 s
currentSize : 37 <-- 0.411902 s
currentSize : 39 <-- 0.412171 s
currentSize : 42 <-- 0.412238 s

maxsize : 42
nodes : 96887.000000
filtered : 703980.000000
time : 0.430358
