Parameters: GAD=1 vflib=1 dir=0 label=0 vlabel=1 lowerbound=1 fileNameGp=../../cp2016-max-common-connected-subgraph-paper/datasets/graphsdb/mcs70/rand/r02/mcs70_r02_s80.A01 fileNameGt=../../cp2016-max-common-connected-subgraph-paper/datasets/graphsdb/mcs70/rand/r02/mcs70_r02_s80.B01
Reading graphs...
80 :  1142
80 :  1137
Initializing...
maxdom : 10
D->valSize : 435
Solving...
Blb : 2 (clique : 10)
currentSize : 10 <-- 0.006154 s
currentSize : 11 <-- 0.006271 s
currentSize : 14 <-- 0.007288 s
currentSize : 16 <-- 0.007405 s
currentSize : 17 <-- 0.008424 s
currentSize : 23 <-- 0.008952 s
currentSize : 27 <-- 0.013005 s
currentSize : 56 <-- 0.107322 s

maxsize : 56
nodes : 17674.000000
filtered : 259055.000000
time : 0.117988
