Parameters: GAD=1 vflib=1 dir=0 label=0 vlabel=1 lowerbound=1 fileNameGp=../../cp2016-max-common-connected-subgraph-paper/datasets/graphsdb/mcs70/m3D/m3D/mcs70_m3D_s100.A04 fileNameGt=../../cp2016-max-common-connected-subgraph-paper/datasets/graphsdb/mcs70/m3D/m3D/mcs70_m3D_s100.B04
Reading graphs...
100 :  234
100 :  235
Initializing...
maxdom : 6
D->valSize : 405
Solving...
Blb : 2 (clique : 56)
currentSize : 56 <-- 0.007266 s
currentSize : 57 <-- 0.007821 s
currentSize : 58 <-- 0.008291 s
currentSize : 59 <-- 0.285944 s
currentSize : 60 <-- 4.680873 s
currentSize : 61 <-- 4.681264 s
currentSize : 62 <-- 5.538078 s
currentSize : 64 <-- 5.541536 s

maxsize : 64
nodes : 122454772.000000
filtered : 575789759.000000
time : 688.193176
