Parameters: GAD=1 vflib=1 dir=0 label=0 vlabel=1 lowerbound=1 fileNameGp=../../cp2016-max-common-connected-subgraph-paper/datasets/graphsdb/mcs70/bvg/b06/mcs70_b06_s100.A07 fileNameGt=../../cp2016-max-common-connected-subgraph-paper/datasets/graphsdb/mcs70/bvg/b06/mcs70_b06_s100.B07
Reading graphs...
100 :  299
100 :  300
Initializing...
maxdom : 7
D->valSize : 389
Solving...
Blb : 2 (clique : 36)
currentSize : 36 <-- 0.004036 s
currentSize : 40 <-- 0.011802 s
currentSize : 41 <-- 13.401633 s
currentSize : 42 <-- 13.402658 s
currentSize : 43 <-- 13.404382 s
currentSize : 46 <-- 13.404464 s
currentSize : 47 <-- 37.483601 s
currentSize : 48 <-- 37.512032 s
currentSize : 49 <-- 43.367519 s
currentSize : 50 <-- 59.205910 s
currentSize : 51 <-- 91.219696 s
currentSize : 52 <-- 91.288567 s
currentSize : 55 <-- 269.993988 s
currentSize : 56 <-- 270.012146 s
currentSize : 58 <-- 399.119934 s
currentSize : 59 <-- 399.445709 s
currentSize : 60 <-- 403.459442 s
currentSize : 62 <-- 403.462677 s
currentSize : 63 <-- 403.486084 s

TIMEOUT
maxsize : 63
nodes : 191167357.000000
filtered : 774258300.000000
time : 1000.000122
