Parameters: GAD=1 vflib=1 dir=0 label=0 vlabel=1 lowerbound=1 fileNameGp=../../cp2016-max-common-connected-subgraph-paper/datasets/graphsdb/mcs70/m2D/m2Dr6/mcs70_m2Dr6_s80.A07 fileNameGt=../../cp2016-max-common-connected-subgraph-paper/datasets/graphsdb/mcs70/m2D/m2Dr6/mcs70_m2Dr6_s80.B07
Reading graphs...
80 :  187
80 :  184
Initializing...
maxdom : 9
D->valSize : 440
Solving...
Blb : 2 (clique : 28)
currentSize : 28 <-- 0.004260 s
currentSize : 31 <-- 0.004474 s
currentSize : 33 <-- 0.004906 s
currentSize : 34 <-- 0.005260 s
currentSize : 35 <-- 0.008188 s
currentSize : 36 <-- 0.008975 s
currentSize : 38 <-- 1.050776 s
currentSize : 40 <-- 2.269330 s
currentSize : 41 <-- 2.276588 s
currentSize : 42 <-- 2.420370 s
currentSize : 43 <-- 71.244003 s
currentSize : 44 <-- 82.831070 s
currentSize : 45 <-- 82.833733 s
currentSize : 46 <-- 82.834335 s
currentSize : 47 <-- 82.834450 s
currentSize : 48 <-- 232.747910 s
currentSize : 49 <-- 303.321411 s

maxsize : 49
nodes : 95855371.000000
filtered : 635273716.000000
time : 498.749207
