Parameters: GAD=1 vflib=1 dir=0 label=0 vlabel=1 lowerbound=1 fileNameGp=../../cp2016-max-common-connected-subgraph-paper/datasets/graphsdb/mcs70/m2D/m2Dr2/mcs70_m2Dr2_s100.A09 fileNameGt=../../cp2016-max-common-connected-subgraph-paper/datasets/graphsdb/mcs70/m2D/m2Dr2/mcs70_m2Dr2_s100.B09
Reading graphs...
100 :  199
100 :  199
Initializing...
maxdom : 8
D->valSize : 397
Solving...
Blb : 2 (clique : 41)
currentSize : 41 <-- 0.006715 s
currentSize : 42 <-- 0.009593 s
currentSize : 43 <-- 0.077156 s
currentSize : 44 <-- 0.078369 s
currentSize : 45 <-- 0.207058 s
currentSize : 46 <-- 0.484519 s
currentSize : 47 <-- 0.528580 s
currentSize : 48 <-- 3.432814 s
currentSize : 49 <-- 4.474920 s
currentSize : 50 <-- 5.653134 s
currentSize : 51 <-- 51.526974 s
currentSize : 52 <-- 51.941467 s
currentSize : 53 <-- 51.963848 s
currentSize : 54 <-- 62.369034 s
currentSize : 55 <-- 122.642311 s
currentSize : 57 <-- 122.650703 s
currentSize : 58 <-- 148.337402 s

TIMEOUT
maxsize : 58
nodes : 195176353.000000
filtered : 621440290.000000
time : 1000.000122
