Parameters: GAD=1 vflib=1 dir=0 label=0 vlabel=1 lowerbound=1 fileNameGp=../../cp2016-max-common-connected-subgraph-paper/datasets/graphsdb/mcs70/bvg/b03/mcs70_b03_s50.A04 fileNameGt=../../cp2016-max-common-connected-subgraph-paper/datasets/graphsdb/mcs70/bvg/b03/mcs70_b03_s50.B04
Reading graphs...
50 :  75
50 :  75
Initializing...
maxdom : 8
D->valSize : 330
Solving...
Blb : 2 (clique : 25)
currentSize : 25 <-- 0.002551 s
currentSize : 26 <-- 0.006372 s
currentSize : 27 <-- 0.058198 s
currentSize : 28 <-- 0.157638 s
currentSize : 30 <-- 0.284560 s
currentSize : 31 <-- 0.284686 s
currentSize : 32 <-- 0.883966 s
currentSize : 34 <-- 2.265592 s
currentSize : 35 <-- 2.265717 s

maxsize : 35
nodes : 1451391.000000
filtered : 13762331.000000
time : 6.551232
