Parameters: GAD=1 vflib=1 dir=0 label=0 vlabel=1 lowerbound=1 fileNameGp=../../cp2016-max-common-connected-subgraph-paper/datasets/graphsdb/mcs70/rand/r01/mcs70_r01_s40.A06 fileNameGt=../../cp2016-max-common-connected-subgraph-paper/datasets/graphsdb/mcs70/rand/r01/mcs70_r01_s40.B06
Reading graphs...
40 :  148
40 :  150
Initializing...
maxdom : 11
D->valSize : 244
Solving...
Blb : 5 (clique : 14)
currentSize : 14 <-- 0.001415 s
currentSize : 15 <-- 0.001505 s
currentSize : 16 <-- 0.004415 s
currentSize : 17 <-- 0.022678 s
currentSize : 18 <-- 0.023444 s
currentSize : 21 <-- 0.034922 s
currentSize : 22 <-- 0.035072 s
currentSize : 23 <-- 0.038043 s
currentSize : 28 <-- 0.044188 s

maxsize : 28
nodes : 12825.000000
filtered : 99339.000000
time : 0.046132
