Parameters: GAD=1 vflib=1 dir=0 label=0 vlabel=1 lowerbound=1 fileNameGp=../../cp2016-max-common-connected-subgraph-paper/datasets/graphsdb/mcs70/m2D/m2D/mcs70_m2D_s60.A06 fileNameGt=../../cp2016-max-common-connected-subgraph-paper/datasets/graphsdb/mcs70/m2D/m2D/mcs70_m2D_s60.B06
Reading graphs...
60 :  104
60 :  103
Initializing...
maxdom : 9
D->valSize : 289
Solving...
Blb : 2 (clique : 28)
currentSize : 28 <-- 0.002220 s
currentSize : 29 <-- 0.002500 s
currentSize : 30 <-- 0.002570 s
currentSize : 31 <-- 0.002870 s
currentSize : 32 <-- 0.003375 s
currentSize : 33 <-- 0.008475 s
currentSize : 34 <-- 0.014056 s
currentSize : 35 <-- 0.459259 s
currentSize : 36 <-- 18.142771 s
currentSize : 37 <-- 49.674603 s

maxsize : 37
nodes : 17921282.000000
filtered : 80642293.000000
time : 65.398148
