Parameters: GAD=1 vflib=1 dir=0 label=0 vlabel=1 lowerbound=1 fileNameGp=../../cp2016-max-common-connected-subgraph-paper/datasets/graphsdb/mcs70/m2D/m2Dr2/mcs70_m2Dr2_s40.A04 fileNameGt=../../cp2016-max-common-connected-subgraph-paper/datasets/graphsdb/mcs70/m2D/m2Dr2/mcs70_m2Dr2_s40.B04
Reading graphs...
40 :  75
40 :  74
Initializing...
maxdom : 10
D->valSize : 248
Solving...
Blb : 2 (clique : 16)
currentSize : 16 <-- 0.001426 s
currentSize : 17 <-- 0.001578 s
currentSize : 18 <-- 0.001872 s
currentSize : 19 <-- 0.006142 s
currentSize : 20 <-- 0.008686 s
currentSize : 21 <-- 0.008693 s
currentSize : 22 <-- 0.011664 s
currentSize : 23 <-- 0.016865 s
currentSize : 25 <-- 0.024600 s
currentSize : 26 <-- 0.025028 s

maxsize : 26
nodes : 20972.000000
filtered : 99930.000000
time : 0.066094
