Parameters: GAD=1 vflib=1 dir=0 label=0 vlabel=1 lowerbound=1 fileNameGp=../../cp2016-max-common-connected-subgraph-paper/datasets/graphsdb/mcs70/m2D/m2Dr4/mcs70_m2Dr4_s70.A07 fileNameGt=../../cp2016-max-common-connected-subgraph-paper/datasets/graphsdb/mcs70/m2D/m2Dr4/mcs70_m2Dr4_s70.B07
Reading graphs...
70 :  151
70 :  148
Initializing...
maxdom : 7
D->valSize : 326
Solving...
Blb : 3 (clique : 34)
currentSize : 34 <-- 0.002729 s
currentSize : 35 <-- 0.016991 s
currentSize : 36 <-- 0.019024 s
currentSize : 37 <-- 0.019599 s
currentSize : 38 <-- 0.020002 s
currentSize : 39 <-- 0.021550 s
currentSize : 40 <-- 1.787627 s
currentSize : 41 <-- 1.788655 s
currentSize : 42 <-- 1.790050 s
currentSize : 43 <-- 1.790558 s
currentSize : 44 <-- 1.792585 s
currentSize : 45 <-- 1.792694 s
currentSize : 46 <-- 1.793055 s
currentSize : 47 <-- 2.221912 s
currentSize : 48 <-- 2.222035 s
currentSize : 50 <-- 2.428915 s
currentSize : 51 <-- 2.429052 s

maxsize : 51
nodes : 633973.000000
filtered : 2574365.000000
time : 2.771099
