Parameters: GAD=1 vflib=1 dir=0 label=0 vlabel=1 lowerbound=1 fileNameGp=../../cp2016-max-common-connected-subgraph-paper/datasets/graphsdb/mcs70/bvg/b09/mcs70_b09_s50.A02 fileNameGt=../../cp2016-max-common-connected-subgraph-paper/datasets/graphsdb/mcs70/bvg/b09/mcs70_b09_s50.B02
Reading graphs...
50 :  219
50 :  224
Initializing...
maxdom : 9
D->valSize : 356
Solving...
Blb : 3 (clique : 16)
currentSize : 16 <-- 0.004070 s
currentSize : 17 <-- 0.009229 s
currentSize : 18 <-- 0.107300 s
currentSize : 19 <-- 0.231685 s
currentSize : 20 <-- 0.231852 s
currentSize : 22 <-- 0.417185 s
currentSize : 23 <-- 0.417354 s
currentSize : 24 <-- 0.502946 s
currentSize : 25 <-- 0.978644 s
currentSize : 27 <-- 0.980903 s
currentSize : 28 <-- 0.981039 s
currentSize : 29 <-- 0.981142 s
currentSize : 34 <-- 0.987068 s

maxsize : 34
nodes : 249151.000000
filtered : 2169207.000000
time : 1.141067
