Parameters: GAD=1 vflib=1 dir=0 label=0 vlabel=1 lowerbound=1 fileNameGp=../../cp2016-max-common-connected-subgraph-paper/datasets/graphsdb/mcs70/m2D/m2Dr2/mcs70_m2Dr2_s100.A02 fileNameGt=../../cp2016-max-common-connected-subgraph-paper/datasets/graphsdb/mcs70/m2D/m2Dr2/mcs70_m2Dr2_s100.B02
Reading graphs...
100 :  200
100 :  199
Initializing...
maxdom : 7
D->valSize : 379
Solving...
Blb : 2 (clique : 46)
currentSize : 46 <-- 0.004127 s
currentSize : 48 <-- 0.004537 s
currentSize : 49 <-- 0.005178 s
currentSize : 50 <-- 0.586380 s
currentSize : 51 <-- 0.671134 s
currentSize : 52 <-- 0.675628 s
currentSize : 53 <-- 101.739113 s
currentSize : 54 <-- 339.001190 s
currentSize : 55 <-- 387.161285 s
currentSize : 56 <-- 826.098877 s

TIMEOUT
maxsize : 56
nodes : 206395131.000000
filtered : 602762347.000000
time : 1000.000061
