Parameters: GAD=1 vflib=1 dir=0 label=0 vlabel=1 lowerbound=1 fileNameGp=../../cp2016-max-common-connected-subgraph-paper/datasets/graphsdb/mcs70/m3D/m3Dr4/mcs70_m3Dr4_s100.A02 fileNameGt=../../cp2016-max-common-connected-subgraph-paper/datasets/graphsdb/mcs70/m3D/m3Dr4/mcs70_m3Dr4_s100.B02
Reading graphs...
100 :  274
100 :  273
Initializing...
maxdom : 8
D->valSize : 374
Solving...
Blb : 2 (clique : 40)
currentSize : 40 <-- 0.004010 s
currentSize : 41 <-- 0.004523 s
currentSize : 42 <-- 0.006042 s
currentSize : 43 <-- 0.006133 s
currentSize : 44 <-- 0.006974 s
currentSize : 46 <-- 0.007203 s
currentSize : 48 <-- 0.009924 s
currentSize : 49 <-- 0.010305 s
currentSize : 50 <-- 0.049608 s
currentSize : 51 <-- 0.049814 s
currentSize : 52 <-- 0.050151 s
currentSize : 54 <-- 0.050315 s
currentSize : 56 <-- 168.751617 s
currentSize : 57 <-- 460.622131 s
currentSize : 60 <-- 460.622375 s
currentSize : 61 <-- 460.638611 s
currentSize : 63 <-- 498.872742 s
currentSize : 64 <-- 498.895752 s

maxsize : 64
nodes : 117684506.000000
filtered : 494813876.000000
time : 627.568726
