Parameters: GAD=1 vflib=1 dir=0 label=0 vlabel=1 lowerbound=1 fileNameGp=../../cp2016-max-common-connected-subgraph-paper/datasets/graphsdb/mcs70/m3D/m3Dr2/mcs70_m3Dr2_s40.A01 fileNameGt=../../cp2016-max-common-connected-subgraph-paper/datasets/graphsdb/mcs70/m3D/m3Dr2/mcs70_m3Dr2_s40.B01
Reading graphs...
40 :  92
40 :  92
Initializing...
maxdom : 9
D->valSize : 222
Solving...
Blb : 2 (clique : 14)
currentSize : 14 <-- 0.001243 s
currentSize : 15 <-- 0.001838 s
currentSize : 16 <-- 0.012776 s
currentSize : 17 <-- 0.129483 s
currentSize : 18 <-- 0.142808 s
currentSize : 19 <-- 0.143075 s
currentSize : 20 <-- 0.154313 s
currentSize : 21 <-- 0.160484 s
currentSize : 23 <-- 0.178632 s
currentSize : 24 <-- 0.178896 s
currentSize : 25 <-- 0.179331 s
currentSize : 26 <-- 0.180107 s
currentSize : 28 <-- 0.191512 s

maxsize : 28
nodes : 62151.000000
filtered : 378032.000000
time : 0.202252
