Parameters: GAD=1 vflib=1 dir=0 label=0 vlabel=1 lowerbound=1 fileNameGp=../../cp2016-max-common-connected-subgraph-paper/datasets/graphsdb/mcs70/m2D/m2D/mcs70_m2D_s70.A08 fileNameGt=../../cp2016-max-common-connected-subgraph-paper/datasets/graphsdb/mcs70/m2D/m2D/mcs70_m2D_s70.B08
Reading graphs...
70 :  122
70 :  123
Initializing...
maxdom : 7
D->valSize : 335
Solving...
Blb : 2 (clique : 35)
currentSize : 35 <-- 0.002908 s
currentSize : 36 <-- 0.041017 s
currentSize : 37 <-- 0.070220 s
currentSize : 38 <-- 3.908911 s
currentSize : 39 <-- 4.068180 s
currentSize : 40 <-- 12.920026 s
currentSize : 42 <-- 12.920895 s
currentSize : 43 <-- 12.925224 s
currentSize : 46 <-- 18.721697 s
currentSize : 47 <-- 25.607912 s
currentSize : 48 <-- 28.360552 s
currentSize : 49 <-- 28.360653 s

maxsize : 49
nodes : 9730246.000000
filtered : 45381611.000000
time : 41.365658
