Parameters: GAD=1 vflib=1 dir=0 label=0 vlabel=1 lowerbound=1 fileNameGp=../../cp2016-max-common-connected-subgraph-paper/datasets/graphsdb/mcs70/m2D/m2Dr2/mcs70_m2Dr2_s90.A03 fileNameGt=../../cp2016-max-common-connected-subgraph-paper/datasets/graphsdb/mcs70/m2D/m2Dr2/mcs70_m2Dr2_s90.B03
Reading graphs...
90 :  178
90 :  178
Initializing...
maxdom : 9
D->valSize : 533
Solving...
Blb : 2 (clique : 42)
currentSize : 42 <-- 0.010507 s
currentSize : 43 <-- 9.864969 s
currentSize : 44 <-- 60.982906 s
currentSize : 45 <-- 62.119949 s
currentSize : 46 <-- 185.719711 s
currentSize : 47 <-- 185.720612 s
currentSize : 48 <-- 186.694092 s
currentSize : 49 <-- 186.694427 s
currentSize : 50 <-- 217.004486 s
currentSize : 51 <-- 218.941605 s
currentSize : 52 <-- 218.941711 s
currentSize : 53 <-- 282.735016 s
currentSize : 54 <-- 282.735138 s
currentSize : 56 <-- 320.404083 s
currentSize : 57 <-- 320.408203 s
currentSize : 59 <-- 358.418365 s
currentSize : 60 <-- 382.135437 s
currentSize : 61 <-- 497.395752 s
currentSize : 62 <-- 744.128784 s
currentSize : 63 <-- 778.563538 s
currentSize : 64 <-- 791.980530 s

maxsize : 64
nodes : 162282189.000000
filtered : 1053961971.000000
time : 882.023193
