Parameters: GAD=1 vflib=1 dir=0 label=0 vlabel=1 lowerbound=1 fileNameGp=../../cp2016-max-common-connected-subgraph-paper/datasets/graphsdb/mcs70/bvg/b09/mcs70_b09_s80.A01 fileNameGt=../../cp2016-max-common-connected-subgraph-paper/datasets/graphsdb/mcs70/bvg/b09/mcs70_b09_s80.B01
Reading graphs...
80 :  356
80 :  358
Initializing...
maxdom : 8
D->valSize : 439
Solving...
Blb : 3 (clique : 35)
currentSize : 35 <-- 0.004331 s
currentSize : 36 <-- 10.363076 s
currentSize : 38 <-- 11.680421 s
currentSize : 39 <-- 17.079716 s
currentSize : 40 <-- 17.080149 s
currentSize : 41 <-- 17.233755 s
currentSize : 42 <-- 17.234116 s
currentSize : 43 <-- 20.535561 s
currentSize : 44 <-- 20.535681 s
currentSize : 46 <-- 20.536213 s
currentSize : 49 <-- 20.543367 s
currentSize : 50 <-- 20.543756 s
currentSize : 52 <-- 20.543894 s
currentSize : 53 <-- 20.544441 s
currentSize : 56 <-- 20.545055 s

maxsize : 56
nodes : 3934589.000000
filtered : 32587090.000000
time : 22.013580
