Parameters: GAD=1 vflib=1 dir=0 label=0 vlabel=1 lowerbound=1 fileNameGp=../../cp2016-max-common-connected-subgraph-paper/datasets/graphsdb/mcs70/bvg/b06/mcs70_b06_s90.A03 fileNameGt=../../cp2016-max-common-connected-subgraph-paper/datasets/graphsdb/mcs70/bvg/b06/mcs70_b06_s90.B03
Reading graphs...
90 :  270
90 :  270
Initializing...
maxdom : 14
D->valSize : 604
Solving...
Blb : 2 (clique : 44)
currentSize : 44 <-- 0.007593 s
currentSize : 45 <-- 0.008082 s
currentSize : 46 <-- 0.008310 s
currentSize : 47 <-- 0.008564 s
currentSize : 53 <-- 0.033494 s
currentSize : 55 <-- 0.033642 s
currentSize : 60 <-- 0.054742 s
currentSize : 63 <-- 0.073476 s

maxsize : 63
nodes : 15440493.000000
filtered : 169139635.000000
time : 97.758072
