Parameters: GAD=1 vflib=1 dir=0 label=0 vlabel=1 lowerbound=1 fileNameGp=../../cp2016-max-common-connected-subgraph-paper/datasets/graphsdb/mcs70/rand/r01/mcs70_r01_s90.A01 fileNameGt=../../cp2016-max-common-connected-subgraph-paper/datasets/graphsdb/mcs70/rand/r01/mcs70_r01_s90.B01
Reading graphs...
90 :  747
90 :  747
Initializing...
maxdom : 11
D->valSize : 602
Solving...
Blb : 2 (clique : 18)
currentSize : 18 <-- 0.011243 s
currentSize : 19 <-- 0.012205 s
currentSize : 20 <-- 0.015959 s
currentSize : 21 <-- 0.017359 s
currentSize : 22 <-- 0.054526 s
currentSize : 24 <-- 0.054612 s
currentSize : 25 <-- 0.055538 s
currentSize : 26 <-- 0.398419 s
currentSize : 28 <-- 0.416671 s
currentSize : 29 <-- 1.016956 s
currentSize : 31 <-- 1.023793 s
currentSize : 33 <-- 1.377013 s
currentSize : 36 <-- 1.395579 s
currentSize : 38 <-- 2.027295 s
currentSize : 45 <-- 2.027553 s
currentSize : 48 <-- 3.260982 s
currentSize : 63 <-- 3.555063 s

maxsize : 63
nodes : 527318.000000
filtered : 7347460.000000
time : 3.668417
