Parameters: GAD=1 vflib=1 dir=0 label=0 vlabel=1 lowerbound=1 fileNameGp=../../cp2016-max-common-connected-subgraph-paper/datasets/graphsdb/mcs70/rand/r01/mcs70_r01_s90.A06 fileNameGt=../../cp2016-max-common-connected-subgraph-paper/datasets/graphsdb/mcs70/rand/r01/mcs70_r01_s90.B06
Reading graphs...
90 :  767
90 :  762
Initializing...
maxdom : 12
D->valSize : 599
Solving...
Blb : 2 (clique : 15)
currentSize : 15 <-- 0.006887 s
currentSize : 16 <-- 0.007183 s
currentSize : 17 <-- 0.016215 s
currentSize : 18 <-- 0.076796 s
currentSize : 19 <-- 1.529579 s
currentSize : 22 <-- 1.627513 s
currentSize : 23 <-- 3.665722 s
currentSize : 26 <-- 3.666737 s
currentSize : 27 <-- 3.666828 s
currentSize : 32 <-- 5.778517 s
currentSize : 44 <-- 6.352740 s
currentSize : 46 <-- 6.984084 s
currentSize : 48 <-- 7.143450 s
currentSize : 49 <-- 7.164223 s
currentSize : 63 <-- 7.164628 s

maxsize : 63
nodes : 1188416.000000
filtered : 11658256.000000
time : 7.242004
