Parameters: GAD=1 vflib=1 dir=0 label=0 vlabel=1 lowerbound=1 fileNameGp=../../cp2016-max-common-connected-subgraph-paper/datasets/graphsdb/mcs70/bvg/b09/mcs70_b09_s80.A02 fileNameGt=../../cp2016-max-common-connected-subgraph-paper/datasets/graphsdb/mcs70/bvg/b09/mcs70_b09_s80.B02
Reading graphs...
80 :  357
80 :  355
Initializing...
maxdom : 8
D->valSize : 428
Solving...
Blb : 3 (clique : 30)
currentSize : 30 <-- 0.004096 s
currentSize : 31 <-- 0.005999 s
currentSize : 33 <-- 0.042095 s
currentSize : 34 <-- 0.042351 s
currentSize : 35 <-- 0.044301 s
currentSize : 36 <-- 0.044448 s
currentSize : 37 <-- 0.044764 s
currentSize : 38 <-- 0.050350 s
currentSize : 39 <-- 0.050493 s
currentSize : 40 <-- 0.057302 s
currentSize : 42 <-- 0.065807 s
currentSize : 43 <-- 0.065974 s
currentSize : 44 <-- 0.067177 s
currentSize : 46 <-- 0.067345 s
currentSize : 47 <-- 0.098757 s
currentSize : 49 <-- 0.098917 s
currentSize : 52 <-- 0.099124 s
currentSize : 53 <-- 0.099737 s
currentSize : 56 <-- 0.100056 s

maxsize : 56
nodes : 106504.000000
filtered : 739997.000000
time : 0.566287
