Parameters: GAD=1 vflib=1 dir=0 label=0 vlabel=1 lowerbound=1 fileNameGp=../../cp2016-max-common-connected-subgraph-paper/datasets/graphsdb/mcs70/bvg/b06/mcs70_b06_s70.A05 fileNameGt=../../cp2016-max-common-connected-subgraph-paper/datasets/graphsdb/mcs70/bvg/b06/mcs70_b06_s70.B05
Reading graphs...
70 :  208
70 :  210
Initializing...
maxdom : 7
D->valSize : 335
Solving...
Blb : 3 (clique : 35)
currentSize : 35 <-- 0.002825 s
currentSize : 36 <-- 2.283453 s
currentSize : 37 <-- 8.710238 s
currentSize : 38 <-- 18.585888 s
currentSize : 39 <-- 23.140633 s
currentSize : 40 <-- 27.234312 s
currentSize : 41 <-- 27.251720 s
currentSize : 42 <-- 27.261856 s
currentSize : 43 <-- 31.580914 s
currentSize : 45 <-- 31.581287 s
currentSize : 47 <-- 31.581411 s
currentSize : 49 <-- 31.587618 s

maxsize : 49
nodes : 7930798.000000
filtered : 40287074.000000
time : 33.734695
