Parameters: GAD=1 vflib=1 dir=0 label=0 vlabel=1 lowerbound=1 fileNameGp=../../cp2016-max-common-connected-subgraph-paper/datasets/graphsdb/mcs70/bvg/b06m/mcs70_b06m_s50.A01 fileNameGt=../../cp2016-max-common-connected-subgraph-paper/datasets/graphsdb/mcs70/bvg/b06m/mcs70_b06m_s50.B01
Reading graphs...
50 :  147
50 :  149
Initializing...
maxdom : 9
D->valSize : 321
Solving...
Blb : 2 (clique : 18)
currentSize : 18 <-- 0.002318 s
currentSize : 21 <-- 0.002423 s
currentSize : 22 <-- 0.002443 s
currentSize : 23 <-- 0.002627 s
currentSize : 24 <-- 0.250004 s
currentSize : 25 <-- 0.250051 s
currentSize : 27 <-- 0.427863 s
currentSize : 29 <-- 0.438479 s
currentSize : 30 <-- 0.438786 s
currentSize : 31 <-- 0.600336 s
currentSize : 32 <-- 0.628894 s
currentSize : 34 <-- 0.629156 s
currentSize : 35 <-- 0.742768 s

maxsize : 35
nodes : 173008.000000
filtered : 1514413.000000
time : 0.757430
