Parameters: GAD=1 vflib=1 dir=0 label=0 vlabel=1 lowerbound=1 fileNameGp=../../cp2016-max-common-connected-subgraph-paper/datasets/graphsdb/mcs70/m3D/m3Dr4/mcs70_m3Dr4_s100.A07 fileNameGt=../../cp2016-max-common-connected-subgraph-paper/datasets/graphsdb/mcs70/m3D/m3Dr4/mcs70_m3Dr4_s100.B07
Reading graphs...
100 :  273
100 :  272
Initializing...
maxdom : 7
D->valSize : 388
Solving...
Blb : 3 (clique : 53)
currentSize : 53 <-- 0.004132 s
currentSize : 54 <-- 0.057228 s
currentSize : 55 <-- 0.057358 s
currentSize : 56 <-- 0.057603 s
currentSize : 57 <-- 73.535980 s
currentSize : 58 <-- 73.536125 s
currentSize : 59 <-- 73.536400 s
currentSize : 60 <-- 73.536842 s
currentSize : 61 <-- 923.310425 s
currentSize : 62 <-- 923.310547 s
currentSize : 63 <-- 923.310791 s
currentSize : 64 <-- 923.311279 s

TIMEOUT
maxsize : 64
nodes : 209990155.000000
filtered : 631589706.000000
time : 1000.000122
