Parameters: GAD=1 vflib=1 dir=0 label=0 vlabel=1 lowerbound=1 fileNameGp=../../cp2016-max-common-connected-subgraph-paper/datasets/graphsdb/mcs70/bvg/b09m/mcs70_b09m_s50.A00 fileNameGt=../../cp2016-max-common-connected-subgraph-paper/datasets/graphsdb/mcs70/bvg/b09m/mcs70_b09m_s50.B00
Reading graphs...
50 :  221
50 :  219
Initializing...
maxdom : 10
D->valSize : 346
Solving...
Blb : 5 (clique : 16)
currentSize : 16 <-- 0.002585 s
currentSize : 17 <-- 0.004325 s
currentSize : 19 <-- 0.038359 s
currentSize : 20 <-- 0.046044 s
currentSize : 21 <-- 0.104182 s
currentSize : 27 <-- 0.132076 s
currentSize : 28 <-- 0.132134 s
currentSize : 31 <-- 0.178083 s
currentSize : 32 <-- 0.178112 s
currentSize : 33 <-- 0.178456 s
currentSize : 34 <-- 0.178482 s

maxsize : 34
nodes : 67395.000000
filtered : 514525.000000
time : 0.254102
