Parameters: GAD=1 vflib=1 dir=0 label=0 vlabel=1 lowerbound=1 fileNameGp=../../cp2016-max-common-connected-subgraph-paper/datasets/graphsdb/mcs70/m2D/m2Dr2/mcs70_m2Dr2_s60.A09 fileNameGt=../../cp2016-max-common-connected-subgraph-paper/datasets/graphsdb/mcs70/m2D/m2Dr2/mcs70_m2Dr2_s60.B09
Reading graphs...
60 :  116
60 :  116
Initializing...
maxdom : 7
D->valSize : 257
Solving...
Blb : 2 (clique : 27)
currentSize : 27 <-- 0.001949 s
currentSize : 28 <-- 0.002162 s
currentSize : 30 <-- 0.002584 s
currentSize : 31 <-- 0.007377 s
currentSize : 32 <-- 0.015721 s
currentSize : 33 <-- 0.018142 s
currentSize : 35 <-- 0.018749 s
currentSize : 36 <-- 0.019052 s
currentSize : 37 <-- 0.049280 s

maxsize : 37
nodes : 236789.000000
filtered : 1132900.000000
time : 0.980834
