Parameters: GAD=1 vflib=1 dir=0 label=0 vlabel=1 lowerbound=1 fileNameGp=../../cp2016-max-common-connected-subgraph-paper/datasets/graphsdb/mcs70/m2D/m2Dr6/mcs70_m2Dr6_s80.A06 fileNameGt=../../cp2016-max-common-connected-subgraph-paper/datasets/graphsdb/mcs70/m2D/m2Dr6/mcs70_m2Dr6_s80.B06
Reading graphs...
80 :  187
80 :  186
Initializing...
maxdom : 12
D->valSize : 473
Solving...
Blb : 2 (clique : 35)
currentSize : 35 <-- 0.007744 s
currentSize : 38 <-- 0.008258 s
currentSize : 39 <-- 0.008313 s
currentSize : 41 <-- 0.236216 s
currentSize : 42 <-- 0.236473 s
currentSize : 43 <-- 10.180728 s
currentSize : 44 <-- 10.181010 s
currentSize : 45 <-- 99.284309 s
currentSize : 46 <-- 101.680481 s
currentSize : 47 <-- 101.689133 s
currentSize : 48 <-- 101.689430 s
currentSize : 49 <-- 101.792587 s

maxsize : 49
nodes : 51835055.000000
filtered : 246865503.000000
time : 234.691299
