Parameters: GAD=1 vflib=1 dir=0 label=0 vlabel=1 lowerbound=1 fileNameGp=../../cp2016-max-common-connected-subgraph-paper/datasets/graphsdb/mcs70/rand/r02/mcs70_r02_s50.A02 fileNameGt=../../cp2016-max-common-connected-subgraph-paper/datasets/graphsdb/mcs70/rand/r02/mcs70_r02_s50.B02
Reading graphs...
50 :  435
50 :  433
Initializing...
maxdom : 10
D->valSize : 360
Solving...
Blb : 2 (clique : 11)
currentSize : 11 <-- 0.002467 s
currentSize : 12 <-- 0.002550 s
currentSize : 13 <-- 0.002597 s
currentSize : 14 <-- 0.002681 s
currentSize : 15 <-- 0.003152 s
currentSize : 17 <-- 0.003289 s
currentSize : 22 <-- 0.009897 s
currentSize : 28 <-- 0.011782 s
currentSize : 35 <-- 0.012644 s

maxsize : 35
nodes : 3622.000000
filtered : 60312.000000
time : 0.020322
