Parameters: GAD=1 vflib=1 dir=0 label=0 vlabel=1 lowerbound=1 fileNameGp=../../cp2016-max-common-connected-subgraph-paper/datasets/graphsdb/mcs70/rand/r01/mcs70_r01_s80.A05 fileNameGt=../../cp2016-max-common-connected-subgraph-paper/datasets/graphsdb/mcs70/rand/r01/mcs70_r01_s80.B05
Reading graphs...
80 :  604
80 :  607
Initializing...
maxdom : 11
D->valSize : 499
Solving...
Blb : 2 (clique : 15)
currentSize : 15 <-- 0.004968 s
currentSize : 16 <-- 0.007775 s
currentSize : 17 <-- 0.020352 s
currentSize : 18 <-- 0.027081 s
currentSize : 19 <-- 1.510327 s
currentSize : 20 <-- 4.629094 s
currentSize : 21 <-- 5.297927 s
currentSize : 22 <-- 5.298119 s
currentSize : 24 <-- 7.182803 s
currentSize : 25 <-- 8.288772 s
currentSize : 29 <-- 8.360440 s
currentSize : 30 <-- 9.910100 s
currentSize : 32 <-- 9.969223 s
currentSize : 37 <-- 9.969499 s
currentSize : 38 <-- 9.969896 s
currentSize : 40 <-- 10.165244 s
currentSize : 46 <-- 10.206088 s
currentSize : 56 <-- 10.211647 s

maxsize : 56
nodes : 1968682.000000
filtered : 16333075.000000
time : 10.253921
