Parameters: GAD=1 vflib=1 dir=0 label=0 vlabel=1 lowerbound=1 fileNameGp=../../cp2016-max-common-connected-subgraph-paper/datasets/graphsdb/mcs70/m3D/m3D/mcs70_m3D_s40.A03 fileNameGt=../../cp2016-max-common-connected-subgraph-paper/datasets/graphsdb/mcs70/m3D/m3D/mcs70_m3D_s40.B03
Reading graphs...
40 :  84
40 :  83
Initializing...
maxdom : 7
D->valSize : 221
Solving...
Blb : 2 (clique : 14)
currentSize : 14 <-- 0.001939 s
currentSize : 16 <-- 0.002058 s
currentSize : 17 <-- 0.002206 s
currentSize : 18 <-- 0.002371 s
currentSize : 19 <-- 0.003069 s
currentSize : 20 <-- 0.003110 s
currentSize : 21 <-- 0.008112 s
currentSize : 22 <-- 0.008135 s
currentSize : 23 <-- 0.008530 s
currentSize : 25 <-- 0.011003 s
currentSize : 26 <-- 0.011051 s
currentSize : 27 <-- 0.011141 s

maxsize : 27
nodes : 7973.000000
filtered : 59671.000000
time : 0.046877
