Parameters: GAD=1 vflib=1 dir=0 label=0 vlabel=1 lowerbound=1 fileNameGp=../../cp2016-max-common-connected-subgraph-paper/datasets/graphsdb/mcs70/bvg/b06/mcs70_b06_s70.A08 fileNameGt=../../cp2016-max-common-connected-subgraph-paper/datasets/graphsdb/mcs70/bvg/b06/mcs70_b06_s70.B08
Reading graphs...
70 :  210
70 :  210
Initializing...
maxdom : 9
D->valSize : 354
Solving...
Blb : 2 (clique : 24)
currentSize : 24 <-- 0.003040 s
currentSize : 25 <-- 0.003198 s
currentSize : 26 <-- 0.004895 s
currentSize : 27 <-- 0.005804 s
currentSize : 28 <-- 0.005819 s
currentSize : 30 <-- 0.006426 s
currentSize : 32 <-- 0.021840 s
currentSize : 33 <-- 0.048540 s
currentSize : 34 <-- 0.362256 s
currentSize : 37 <-- 0.362888 s
currentSize : 38 <-- 0.403138 s
currentSize : 39 <-- 0.533454 s
currentSize : 40 <-- 1.084934 s
currentSize : 41 <-- 1.169161 s
currentSize : 42 <-- 1.283469 s
currentSize : 46 <-- 1.423429 s
currentSize : 49 <-- 1.488245 s

maxsize : 49
nodes : 501945.000000
filtered : 2763731.000000
time : 2.176049
