Parameters: GAD=1 vflib=1 dir=0 label=0 vlabel=1 lowerbound=1 fileNameGp=../../cp2016-max-common-connected-subgraph-paper/datasets/graphsdb/mcs70/m2D/m2Dr2/mcs70_m2Dr2_s40.A05 fileNameGt=../../cp2016-max-common-connected-subgraph-paper/datasets/graphsdb/mcs70/m2D/m2Dr2/mcs70_m2Dr2_s40.B05
Reading graphs...
40 :  74
40 :  74
Initializing...
maxdom : 11
D->valSize : 225
Solving...
Blb : 2 (clique : 17)
currentSize : 17 <-- 0.001352 s
currentSize : 18 <-- 0.007974 s
currentSize : 19 <-- 0.018645 s
currentSize : 20 <-- 0.259992 s
currentSize : 21 <-- 1.052983 s
currentSize : 22 <-- 1.053042 s
currentSize : 23 <-- 1.234377 s
currentSize : 24 <-- 1.234441 s
currentSize : 26 <-- 1.520090 s

maxsize : 26
nodes : 450643.000000
filtered : 3502435.000000
time : 1.567379
