Parameters: GAD=1 vflib=1 dir=0 label=0 vlabel=1 lowerbound=1 fileNameGp=../../cp2016-max-common-connected-subgraph-paper/datasets/graphsdb/mcs70/m2D/m2Dr4/mcs70_m2Dr4_s100.A07 fileNameGt=../../cp2016-max-common-connected-subgraph-paper/datasets/graphsdb/mcs70/m2D/m2Dr4/mcs70_m2Dr4_s100.B07
Reading graphs...
100 :  219
100 :  215
Initializing...
maxdom : 6
D->valSize : 399
Solving...
Blb : 2 (clique : 56)
currentSize : 56 <-- 0.004200 s
currentSize : 57 <-- 0.051510 s
currentSize : 58 <-- 0.051854 s
currentSize : 59 <-- 0.072881 s
currentSize : 61 <-- 4.943418 s
currentSize : 62 <-- 10.030731 s
currentSize : 63 <-- 10.031531 s
currentSize : 64 <-- 10.035283 s

TIMEOUT
maxsize : 64
nodes : 204248145.000000
filtered : 673935027.000000
time : 1000.000183
