Parameters: GAD=1 vflib=1 dir=0 label=0 vlabel=1 lowerbound=1 fileNameGp=../../cp2016-max-common-connected-subgraph-paper/datasets/graphsdb/mcs70/bvg/b06m/mcs70_b06m_s100.A08 fileNameGt=../../cp2016-max-common-connected-subgraph-paper/datasets/graphsdb/mcs70/bvg/b06m/mcs70_b06m_s100.B08
Reading graphs...
100 :  298
100 :  298
Initializing...
maxdom : 6
D->valSize : 385
Solving...
Blb : 3 (clique : 38)
currentSize : 38 <-- 0.006622 s
currentSize : 39 <-- 0.719489 s
currentSize : 40 <-- 3.977038 s
currentSize : 42 <-- 4.449716 s
currentSize : 43 <-- 10.460499 s
currentSize : 45 <-- 26.696648 s
currentSize : 48 <-- 39.045532 s
currentSize : 50 <-- 41.672493 s
currentSize : 51 <-- 51.629215 s
currentSize : 53 <-- 56.159534 s
currentSize : 57 <-- 60.224377 s
currentSize : 59 <-- 72.963326 s
currentSize : 63 <-- 82.568375 s
currentSize : 64 <-- 93.244118 s
currentSize : 65 <-- 99.261604 s
currentSize : 70 <-- 99.938370 s

maxsize : 70
nodes : 19618177.000000
filtered : 96504594.000000
time : 112.702431
