Parameters: GAD=1 vflib=1 dir=0 label=0 vlabel=1 lowerbound=1 fileNameGp=../../cp2016-max-common-connected-subgraph-paper/datasets/graphsdb/mcs70/bvg/b03m/mcs70_b03m_s70.A05 fileNameGt=../../cp2016-max-common-connected-subgraph-paper/datasets/graphsdb/mcs70/bvg/b03m/mcs70_b03m_s70.B05
Reading graphs...
70 :  105
70 :  105
Initializing...
maxdom : 8
D->valSize : 338
Solving...
Blb : 2 (clique : 31)
currentSize : 31 <-- 0.004813 s
currentSize : 32 <-- 0.128804 s
currentSize : 33 <-- 0.141240 s
currentSize : 34 <-- 0.176949 s
currentSize : 35 <-- 0.757423 s
currentSize : 36 <-- 2.864433 s
currentSize : 37 <-- 3.043458 s
currentSize : 38 <-- 3.048162 s
currentSize : 39 <-- 3.051235 s
currentSize : 40 <-- 4.077239 s
currentSize : 41 <-- 4.483807 s
currentSize : 42 <-- 13.297562 s
currentSize : 43 <-- 31.022875 s
currentSize : 44 <-- 47.147663 s
currentSize : 45 <-- 47.147739 s
currentSize : 47 <-- 47.156754 s
currentSize : 48 <-- 47.908150 s

maxsize : 48
nodes : 12032815.000000
filtered : 70135718.000000
time : 55.717407
