Parameters: GAD=1 vflib=1 dir=0 label=0 vlabel=1 lowerbound=1 fileNameGp=../../cp2016-max-common-connected-subgraph-paper/datasets/graphsdb/mcs70/rand/r02/mcs70_r02_s80.A06 fileNameGt=../../cp2016-max-common-connected-subgraph-paper/datasets/graphsdb/mcs70/rand/r02/mcs70_r02_s80.B06
Reading graphs...
80 :  1147
80 :  1141
Initializing...
maxdom : 9
D->valSize : 461
Solving...
Blb : 2 (clique : 17)
currentSize : 17 <-- 0.004270 s
currentSize : 20 <-- 0.004525 s
currentSize : 24 <-- 0.005627 s
currentSize : 31 <-- 0.005845 s
currentSize : 32 <-- 0.067947 s
currentSize : 34 <-- 0.126896 s
currentSize : 43 <-- 0.182057 s
currentSize : 56 <-- 0.183344 s

maxsize : 56
nodes : 26641.000000
filtered : 483865.000000
time : 0.191833
