Parameters: GAD=1 vflib=1 dir=0 label=0 vlabel=1 lowerbound=1 fileNameGp=../../cp2016-max-common-connected-subgraph-paper/datasets/graphsdb/mcs70/m3D/m3Dr6/mcs70_m3Dr6_s35.A00 fileNameGt=../../cp2016-max-common-connected-subgraph-paper/datasets/graphsdb/mcs70/m3D/m3Dr6/mcs70_m3Dr6_s35.B00
Reading graphs...
35 :  91
35 :  89
Initializing...
maxdom : 7
D->valSize : 159
Solving...
Blb : 2 (clique : 13)
currentSize : 13 <-- 0.000850 s
currentSize : 14 <-- 0.001793 s
currentSize : 15 <-- 0.004647 s
currentSize : 16 <-- 0.007273 s
currentSize : 17 <-- 0.008144 s
currentSize : 18 <-- 0.009409 s
currentSize : 19 <-- 0.010764 s
currentSize : 20 <-- 0.016280 s
currentSize : 21 <-- 0.016313 s
currentSize : 24 <-- 0.021515 s
currentSize : 27 <-- 0.021575 s

maxsize : 27
nodes : 7489.000000
filtered : 36958.000000
time : 0.022322
