Parameters: GAD=1 vflib=1 dir=0 label=0 vlabel=1 lowerbound=1 fileNameGp=../../cp2016-max-common-connected-subgraph-paper/datasets/graphsdb/mcs70/bvg/b06m/mcs70_b06m_s80.A07 fileNameGt=../../cp2016-max-common-connected-subgraph-paper/datasets/graphsdb/mcs70/bvg/b06m/mcs70_b06m_s80.B07
Reading graphs...
80 :  237
80 :  238
Initializing...
maxdom : 11
D->valSize : 472
Solving...
Blb : 2 (clique : 29)
currentSize : 29 <-- 0.007662 s
currentSize : 30 <-- 0.008946 s
currentSize : 31 <-- 0.008982 s
currentSize : 32 <-- 0.009688 s
currentSize : 34 <-- 0.048436 s
currentSize : 35 <-- 0.558905 s
currentSize : 36 <-- 2.008705 s
currentSize : 38 <-- 7.850094 s
currentSize : 39 <-- 11.716917 s
currentSize : 41 <-- 12.337905 s
currentSize : 43 <-- 17.470772 s
currentSize : 44 <-- 17.538244 s
currentSize : 45 <-- 17.538992 s
currentSize : 47 <-- 17.539078 s
currentSize : 48 <-- 17.929729 s
currentSize : 50 <-- 17.929832 s
currentSize : 51 <-- 25.608568 s
currentSize : 53 <-- 25.608677 s
currentSize : 55 <-- 25.677834 s
currentSize : 56 <-- 25.691832 s

maxsize : 56
nodes : 7388520.000000
filtered : 32200158.000000
time : 33.142094
