Parameters: GAD=1 vflib=1 dir=0 label=0 vlabel=1 lowerbound=1 fileNameGp=../../cp2016-max-common-connected-subgraph-paper/datasets/graphsdb/mcs70/rand/r01/mcs70_r01_s30.A05 fileNameGt=../../cp2016-max-common-connected-subgraph-paper/datasets/graphsdb/mcs70/rand/r01/mcs70_r01_s30.B05
Reading graphs...
30 :  80
30 :  82
Initializing...
maxdom : 6
D->valSize : 123
Solving...
Blb : 5 (clique : 10)
currentSize : 10 <-- 0.000619 s
currentSize : 12 <-- 0.000702 s
currentSize : 13 <-- 0.000818 s
currentSize : 14 <-- 0.001432 s
currentSize : 15 <-- 0.002609 s
currentSize : 16 <-- 0.003085 s
currentSize : 17 <-- 0.003191 s
currentSize : 18 <-- 0.003400 s
currentSize : 20 <-- 0.003853 s
currentSize : 21 <-- 0.003914 s

maxsize : 21
nodes : 1294.000000
filtered : 6684.000000
time : 0.004203
