Parameters: GAD=1 vflib=1 dir=0 label=0 vlabel=1 lowerbound=1 fileNameGp=../../cp2016-max-common-connected-subgraph-paper/datasets/graphsdb/mcs70/m2D/m2Dr6/mcs70_m2Dr6_s80.A08 fileNameGt=../../cp2016-max-common-connected-subgraph-paper/datasets/graphsdb/mcs70/m2D/m2Dr6/mcs70_m2Dr6_s80.B08
Reading graphs...
80 :  190
80 :  186
Initializing...
maxdom : 10
D->valSize : 409
Solving...
Blb : 2 (clique : 37)
currentSize : 37 <-- 0.003923 s
currentSize : 38 <-- 69.521904 s
currentSize : 39 <-- 120.934570 s
currentSize : 40 <-- 121.572037 s
currentSize : 42 <-- 374.375031 s
currentSize : 43 <-- 375.001740 s
currentSize : 44 <-- 375.030548 s
currentSize : 45 <-- 510.217804 s
currentSize : 46 <-- 986.234802 s
currentSize : 47 <-- 986.235413 s
currentSize : 48 <-- 986.235901 s
currentSize : 49 <-- 986.237000 s
currentSize : 50 <-- 986.288696 s

TIMEOUT
maxsize : 50
nodes : 226970848.000000
filtered : 1020141508.000000
time : 1000.000061
