Parameters: GAD=1 vflib=1 dir=0 label=0 vlabel=1 lowerbound=1 fileNameGp=../../cp2016-max-common-connected-subgraph-paper/datasets/graphsdb/mcs70/bvg/b03m/mcs70_b03m_s100.A08 fileNameGt=../../cp2016-max-common-connected-subgraph-paper/datasets/graphsdb/mcs70/bvg/b03m/mcs70_b03m_s100.B08
Reading graphs...
100 :  150
100 :  150
Initializing...
maxdom : 6
D->valSize : 378
Solving...
Blb : 3 (clique : 56)
currentSize : 56 <-- 0.004208 s
currentSize : 57 <-- 0.004879 s
currentSize : 58 <-- 0.008986 s
currentSize : 59 <-- 0.127397 s
currentSize : 60 <-- 0.155507 s
currentSize : 61 <-- 5.669946 s
currentSize : 62 <-- 5.673136 s
currentSize : 63 <-- 42.786415 s
currentSize : 64 <-- 42.968243 s
currentSize : 65 <-- 52.633118 s
currentSize : 66 <-- 52.633366 s
currentSize : 67 <-- 175.154709 s
currentSize : 68 <-- 354.264862 s
currentSize : 69 <-- 476.926086 s
currentSize : 70 <-- 579.103271 s
currentSize : 71 <-- 579.110352 s

maxsize : 71
nodes : 121060067.000000
filtered : 371900780.000000
time : 629.942871
