Parameters: GAD=1 vflib=1 dir=0 label=0 vlabel=1 lowerbound=1 fileNameGp=../../cp2016-max-common-connected-subgraph-paper/datasets/graphsdb/mcs70/bvg/b03/mcs70_b03_s100.A07 fileNameGt=../../cp2016-max-common-connected-subgraph-paper/datasets/graphsdb/mcs70/bvg/b03/mcs70_b03_s100.B07
Reading graphs...
100 :  149
100 :  149
Initializing...
maxdom : 7
D->valSize : 373
Solving...
Blb : 2 (clique : 48)
currentSize : 48 <-- 0.004017 s
currentSize : 49 <-- 0.026444 s
currentSize : 50 <-- 0.050874 s
currentSize : 51 <-- 0.057050 s
currentSize : 52 <-- 0.072702 s
currentSize : 53 <-- 0.078746 s
currentSize : 54 <-- 0.091292 s
currentSize : 55 <-- 4.107728 s
currentSize : 56 <-- 203.898438 s
currentSize : 57 <-- 204.785355 s
currentSize : 58 <-- 284.925323 s
currentSize : 59 <-- 285.050537 s
currentSize : 60 <-- 285.094238 s
currentSize : 61 <-- 598.340881 s
currentSize : 62 <-- 676.330994 s
currentSize : 63 <-- 677.917053 s
currentSize : 64 <-- 815.694580 s

TIMEOUT
maxsize : 64
nodes : 206732844.000000
filtered : 621241838.000000
time : 1000.000122
