Parameters: GAD=1 vflib=1 dir=0 label=0 vlabel=1 lowerbound=1 fileNameGp=../../cp2016-max-common-connected-subgraph-paper/datasets/graphsdb/mcs70/m2D/m2Dr4/mcs70_m2Dr4_s50.A01 fileNameGt=../../cp2016-max-common-connected-subgraph-paper/datasets/graphsdb/mcs70/m2D/m2Dr4/mcs70_m2Dr4_s50.B01
Reading graphs...
50 :  105
50 :  104
Initializing...
maxdom : 9
D->valSize : 341
Solving...
Blb : 3 (clique : 22)
currentSize : 22 <-- 0.002432 s
currentSize : 23 <-- 0.060331 s
currentSize : 24 <-- 0.085449 s
currentSize : 25 <-- 0.454022 s
currentSize : 26 <-- 0.585648 s
currentSize : 28 <-- 0.585710 s
currentSize : 29 <-- 0.841013 s
currentSize : 30 <-- 1.101576 s
currentSize : 31 <-- 1.230603 s
currentSize : 32 <-- 1.230718 s
currentSize : 35 <-- 1.459039 s
currentSize : 36 <-- 1.459287 s

maxsize : 36
nodes : 420688.000000
filtered : 2726804.000000
time : 1.578904
