Parameters: GAD=1 vflib=1 dir=0 label=0 vlabel=1 lowerbound=1 fileNameGp=../../cp2016-max-common-connected-subgraph-paper/datasets/graphsdb/mcs70/bvg/b06m/mcs70_b06m_s90.A07 fileNameGt=../../cp2016-max-common-connected-subgraph-paper/datasets/graphsdb/mcs70/bvg/b06m/mcs70_b06m_s90.B07
Reading graphs...
90 :  267
90 :  267
Initializing...
maxdom : 8
D->valSize : 533
Solving...
Blb : 3 (clique : 35)
currentSize : 35 <-- 0.006187 s
currentSize : 37 <-- 0.009071 s
currentSize : 41 <-- 0.013029 s
currentSize : 42 <-- 0.013117 s
currentSize : 43 <-- 0.022330 s
currentSize : 46 <-- 0.424505 s
currentSize : 47 <-- 0.424692 s
currentSize : 48 <-- 0.467108 s
currentSize : 50 <-- 2.853176 s
currentSize : 51 <-- 2.853406 s
currentSize : 53 <-- 2.863577 s
currentSize : 55 <-- 2.863797 s
currentSize : 56 <-- 2.867495 s
currentSize : 58 <-- 2.867729 s
currentSize : 60 <-- 4.382834 s
currentSize : 61 <-- 4.384785 s
currentSize : 62 <-- 4.399446 s
currentSize : 63 <-- 4.401489 s

maxsize : 63
nodes : 5735499.000000
filtered : 30779959.000000
time : 31.765947
