Parameters: GAD=1 vflib=1 dir=0 label=0 vlabel=1 lowerbound=1 fileNameGp=../../cp2016-max-common-connected-subgraph-paper/datasets/graphsdb/mcs70/m2D/m2Dr4/mcs70_m2Dr4_s40.A00 fileNameGt=../../cp2016-max-common-connected-subgraph-paper/datasets/graphsdb/mcs70/m2D/m2Dr4/mcs70_m2Dr4_s40.B00
Reading graphs...
40 :  80
40 :  82
Initializing...
maxdom : 10
D->valSize : 239
Solving...
Blb : 2 (clique : 17)
currentSize : 17 <-- 0.001417 s
currentSize : 18 <-- 0.002357 s
currentSize : 19 <-- 0.034278 s
currentSize : 20 <-- 0.064958 s
currentSize : 21 <-- 0.065026 s
currentSize : 22 <-- 0.066332 s
currentSize : 23 <-- 0.312251 s
currentSize : 24 <-- 0.314069 s
currentSize : 25 <-- 0.444753 s

maxsize : 25
nodes : 205567.000000
filtered : 1233166.000000
time : 0.647270
