Parameters: GAD=1 vflib=1 dir=0 label=0 vlabel=1 lowerbound=1 fileNameGp=../../cp2016-max-common-connected-subgraph-paper/datasets/graphsdb/mcs70/bvg/b03/mcs70_b03_s60.A07 fileNameGt=../../cp2016-max-common-connected-subgraph-paper/datasets/graphsdb/mcs70/bvg/b03/mcs70_b03_s60.B07
Reading graphs...
60 :  90
60 :  90
Initializing...
maxdom : 6
D->valSize : 251
Solving...
Blb : 2 (clique : 31)
currentSize : 31 <-- 0.001810 s
currentSize : 32 <-- 0.053661 s
currentSize : 33 <-- 0.076942 s
currentSize : 34 <-- 0.140787 s
currentSize : 35 <-- 0.140909 s
currentSize : 36 <-- 0.166346 s
currentSize : 37 <-- 0.166611 s
currentSize : 38 <-- 0.170452 s
currentSize : 39 <-- 0.175907 s
currentSize : 40 <-- 0.176004 s
currentSize : 41 <-- 0.176139 s
currentSize : 42 <-- 0.251724 s

maxsize : 42
nodes : 62342.000000
filtered : 255936.000000
time : 0.267463
