Parameters: GAD=1 vflib=1 dir=0 label=0 vlabel=1 lowerbound=1 fileNameGp=../../cp2016-max-common-connected-subgraph-paper/datasets/graphsdb/mcs70/bvg/b09/mcs70_b09_s80.A05 fileNameGt=../../cp2016-max-common-connected-subgraph-paper/datasets/graphsdb/mcs70/bvg/b09/mcs70_b09_s80.B05
Reading graphs...
80 :  357
80 :  359
Initializing...
maxdom : 9
D->valSize : 445
Solving...
Blb : 2 (clique : 21)
currentSize : 21 <-- 0.006975 s
currentSize : 22 <-- 0.007262 s
currentSize : 23 <-- 0.008019 s
currentSize : 24 <-- 0.023964 s
currentSize : 29 <-- 0.044844 s
currentSize : 30 <-- 0.044976 s
currentSize : 31 <-- 0.045377 s
currentSize : 34 <-- 0.054223 s
currentSize : 35 <-- 0.054499 s
currentSize : 37 <-- 0.093591 s
currentSize : 38 <-- 0.093701 s
currentSize : 40 <-- 0.106106 s
currentSize : 41 <-- 0.203977 s
currentSize : 42 <-- 0.204022 s
currentSize : 43 <-- 6.050988 s
currentSize : 44 <-- 6.054067 s
currentSize : 45 <-- 6.054241 s
currentSize : 55 <-- 6.058662 s
currentSize : 56 <-- 6.058860 s

maxsize : 56
nodes : 1344198.000000
filtered : 9743430.000000
time : 7.157171
