Parameters: GAD=1 vflib=1 dir=0 label=0 vlabel=1 lowerbound=1 fileNameGp=../../cp2016-max-common-connected-subgraph-paper/datasets/graphsdb/mcs70/rand/r005/mcs70_r005_s80.A09 fileNameGt=../../cp2016-max-common-connected-subgraph-paper/datasets/graphsdb/mcs70/rand/r005/mcs70_r005_s80.B09
Reading graphs...
80 :  312
80 :  313
Initializing...
maxdom : 8
D->valSize : 428
Solving...
Blb : 2 (clique : 28)
currentSize : 28 <-- 0.006846 s
currentSize : 30 <-- 0.007302 s
currentSize : 31 <-- 0.008651 s
currentSize : 33 <-- 0.009432 s
currentSize : 34 <-- 0.009963 s
currentSize : 35 <-- 0.010965 s
currentSize : 37 <-- 0.011398 s
currentSize : 38 <-- 0.013103 s
currentSize : 40 <-- 0.014905 s
currentSize : 41 <-- 0.015049 s
currentSize : 42 <-- 0.027614 s
currentSize : 43 <-- 0.306107 s
currentSize : 44 <-- 0.362301 s
currentSize : 45 <-- 0.362400 s
currentSize : 46 <-- 0.364291 s
currentSize : 48 <-- 1.093400 s
currentSize : 54 <-- 1.129587 s
currentSize : 56 <-- 1.129770 s

maxsize : 56
nodes : 308240.000000
filtered : 2008482.000000
time : 1.674076
