Parameters: GAD=1 vflib=1 dir=0 label=0 vlabel=1 lowerbound=1 fileNameGp=../../cp2016-max-common-connected-subgraph-paper/datasets/graphsdb/mcs70/m3D/m3Dr6/mcs70_m3Dr6_s100.A02 fileNameGt=../../cp2016-max-common-connected-subgraph-paper/datasets/graphsdb/mcs70/m3D/m3Dr6/mcs70_m3Dr6_s100.B02
Reading graphs...
100 :  292
100 :  291
Initializing...
maxdom : 6
D->valSize : 355
Solving...
Blb : 2 (clique : 41)
currentSize : 41 <-- 0.003702 s
currentSize : 43 <-- 0.003971 s
currentSize : 44 <-- 0.006504 s
currentSize : 45 <-- 0.038472 s
currentSize : 46 <-- 0.363526 s
currentSize : 47 <-- 0.450494 s
currentSize : 48 <-- 46.233459 s
currentSize : 49 <-- 257.067535 s
currentSize : 51 <-- 257.975525 s
currentSize : 52 <-- 257.989227 s
currentSize : 53 <-- 258.832336 s
currentSize : 54 <-- 258.832489 s
currentSize : 56 <-- 258.852295 s
currentSize : 57 <-- 259.051849 s
currentSize : 58 <-- 290.492950 s
currentSize : 59 <-- 290.493103 s
currentSize : 60 <-- 510.649231 s
currentSize : 63 <-- 510.658508 s
currentSize : 64 <-- 511.651001 s

maxsize : 64
nodes : 184114195.000000
filtered : 609802107.000000
time : 904.744141
