Parameters: GAD=1 vflib=1 dir=0 label=0 vlabel=1 lowerbound=1 fileNameGp=../../cp2016-max-common-connected-subgraph-paper/datasets/graphsdb/mcs70/rand/r005/mcs70_r005_s50.A06 fileNameGt=../../cp2016-max-common-connected-subgraph-paper/datasets/graphsdb/mcs70/rand/r005/mcs70_r005_s50.B06
Reading graphs...
50 :  119
50 :  120
Initializing...
maxdom : 10
D->valSize : 321
Solving...
Blb : 2 (clique : 19)
currentSize : 19 <-- 0.002229 s
currentSize : 20 <-- 0.002365 s
currentSize : 21 <-- 0.021445 s
currentSize : 22 <-- 0.174726 s
currentSize : 23 <-- 0.407428 s
currentSize : 24 <-- 0.836962 s
currentSize : 26 <-- 2.753824 s
currentSize : 27 <-- 2.754726 s
currentSize : 28 <-- 2.757448 s
currentSize : 32 <-- 3.134942 s
currentSize : 35 <-- 3.324454 s

maxsize : 35
nodes : 827056.000000
filtered : 7234568.000000
time : 3.374728
