Parameters: GAD=1 vflib=1 dir=0 label=0 vlabel=1 lowerbound=1 fileNameGp=../../cp2016-max-common-connected-subgraph-paper/datasets/graphsdb/mcs70/bvg/b09/mcs70_b09_s70.A00 fileNameGt=../../cp2016-max-common-connected-subgraph-paper/datasets/graphsdb/mcs70/bvg/b09/mcs70_b09_s70.B00
Reading graphs...
70 :  313
70 :  313
Initializing...
maxdom : 8
D->valSize : 362
Solving...
Blb : 2 (clique : 28)
currentSize : 28 <-- 0.002970 s
currentSize : 31 <-- 0.003198 s
currentSize : 36 <-- 0.003647 s
currentSize : 40 <-- 0.004077 s
currentSize : 42 <-- 0.037761 s
currentSize : 45 <-- 0.038247 s
currentSize : 46 <-- 0.038412 s
currentSize : 48 <-- 0.038949 s

maxsize : 48
nodes : 107135.000000
filtered : 754248.000000
time : 0.503673
