Parameters: GAD=1 vflib=1 dir=0 label=0 vlabel=1 lowerbound=1 fileNameGp=../../cp2016-max-common-connected-subgraph-paper/datasets/graphsdb/mcs70/m3D/m3Dr2/mcs70_m3Dr2_s90.A03 fileNameGt=../../cp2016-max-common-connected-subgraph-paper/datasets/graphsdb/mcs70/m3D/m3Dr2/mcs70_m3Dr2_s90.B03
Reading graphs...
90 :  226
90 :  224
Initializing...
maxdom : 10
D->valSize : 598
Solving...
Blb : 2 (clique : 30)
currentSize : 30 <-- 0.012234 s
currentSize : 35 <-- 0.012647 s
currentSize : 36 <-- 0.048409 s
currentSize : 37 <-- 0.053362 s
currentSize : 38 <-- 0.178361 s
currentSize : 39 <-- 0.559479 s
currentSize : 40 <-- 642.754150 s
currentSize : 41 <-- 643.295166 s
currentSize : 42 <-- 643.380310 s
currentSize : 43 <-- 811.646729 s
currentSize : 44 <-- 811.713318 s
currentSize : 45 <-- 998.501160 s
currentSize : 46 <-- 998.507080 s
currentSize : 47 <-- 998.511963 s
currentSize : 48 <-- 998.534180 s

TIMEOUT
maxsize : 48
nodes : 182241679.000000
filtered : 1603081687.000000
time : 1000.000061
