Parameters: GAD=1 vflib=1 dir=0 label=0 vlabel=1 lowerbound=1 fileNameGp=../../cp2016-max-common-connected-subgraph-paper/datasets/graphsdb/mcs70/bvg/b06/mcs70_b06_s90.A01 fileNameGt=../../cp2016-max-common-connected-subgraph-paper/datasets/graphsdb/mcs70/bvg/b06/mcs70_b06_s90.B01
Reading graphs...
90 :  269
90 :  270
Initializing...
maxdom : 11
D->valSize : 554
Solving...
Blb : 2 (clique : 41)
currentSize : 41 <-- 0.010802 s
currentSize : 42 <-- 0.011343 s
currentSize : 43 <-- 0.011521 s
currentSize : 44 <-- 0.011700 s
currentSize : 45 <-- 0.012215 s
currentSize : 46 <-- 0.012987 s
currentSize : 49 <-- 0.013532 s
currentSize : 50 <-- 0.013739 s
currentSize : 51 <-- 0.089769 s
currentSize : 52 <-- 0.090139 s
currentSize : 54 <-- 0.090280 s
currentSize : 55 <-- 0.090405 s
currentSize : 56 <-- 10.909835 s
currentSize : 58 <-- 59.357285 s
currentSize : 63 <-- 59.776093 s

maxsize : 63
nodes : 56743040.000000
filtered : 512507467.000000
time : 334.740326
