Parameters: GAD=1 vflib=1 dir=0 label=0 vlabel=1 lowerbound=1 fileNameGp=../../cp2016-max-common-connected-subgraph-paper/datasets/graphsdb/mcs70/m2D/m2Dr4/mcs70_m2Dr4_s60.A05 fileNameGt=../../cp2016-max-common-connected-subgraph-paper/datasets/graphsdb/mcs70/m2D/m2Dr4/mcs70_m2Dr4_s60.B05
Reading graphs...
60 :  125
60 :  125
Initializing...
maxdom : 7
D->valSize : 269
Solving...
Blb : 2 (clique : 24)
currentSize : 24 <-- 0.001921 s
currentSize : 25 <-- 0.010809 s
currentSize : 26 <-- 0.080494 s
currentSize : 27 <-- 0.130507 s
currentSize : 28 <-- 0.130551 s
currentSize : 30 <-- 0.601511 s
currentSize : 31 <-- 0.601645 s
currentSize : 32 <-- 1.443362 s
currentSize : 34 <-- 1.443445 s
currentSize : 35 <-- 1.443803 s
currentSize : 36 <-- 5.247829 s

maxsize : 36
nodes : 2774286.000000
filtered : 12923905.000000
time : 10.566561
