Parameters: GAD=1 vflib=1 dir=0 label=0 vlabel=1 lowerbound=1 fileNameGp=../../cp2016-max-common-connected-subgraph-paper/datasets/graphsdb/mcs70/bvg/b06m/mcs70_b06m_s80.A01 fileNameGt=../../cp2016-max-common-connected-subgraph-paper/datasets/graphsdb/mcs70/bvg/b06m/mcs70_b06m_s80.B01
Reading graphs...
80 :  237
80 :  238
Initializing...
maxdom : 8
D->valSize : 433
Solving...
Blb : 3 (clique : 42)
currentSize : 42 <-- 0.004298 s
currentSize : 43 <-- 20.414885 s
currentSize : 46 <-- 21.860300 s
currentSize : 47 <-- 25.115078 s
currentSize : 48 <-- 60.588200 s
currentSize : 49 <-- 60.589352 s
currentSize : 50 <-- 83.078979 s
currentSize : 52 <-- 83.098724 s
currentSize : 53 <-- 83.270638 s
currentSize : 54 <-- 83.440254 s
currentSize : 55 <-- 83.688217 s
currentSize : 56 <-- 83.688812 s

maxsize : 56
nodes : 21702868.000000
filtered : 117140428.000000
time : 104.546555
