Parameters: GAD=1 vflib=1 dir=0 label=0 vlabel=1 lowerbound=1 fileNameGp=../../cp2016-max-common-connected-subgraph-paper/datasets/graphsdb/mcs70/m2D/m2Dr4/mcs70_m2Dr4_s80.A03 fileNameGt=../../cp2016-max-common-connected-subgraph-paper/datasets/graphsdb/mcs70/m2D/m2Dr4/mcs70_m2Dr4_s80.B03
Reading graphs...
80 :  174
80 :  174
Initializing...
maxdom : 10
D->valSize : 422
Solving...
Blb : 3 (clique : 38)
currentSize : 38 <-- 0.004167 s
currentSize : 41 <-- 0.005116 s
currentSize : 42 <-- 0.011491 s
currentSize : 46 <-- 0.028396 s
currentSize : 47 <-- 0.041173 s
currentSize : 48 <-- 75.042503 s
currentSize : 49 <-- 111.167114 s
currentSize : 50 <-- 111.167290 s

maxsize : 50
nodes : 45701104.000000
filtered : 238179461.000000
time : 221.559189
