Parameters: GAD=1 vflib=1 dir=0 label=0 vlabel=1 lowerbound=1 fileNameGp=../../cp2016-max-common-connected-subgraph-paper/datasets/graphsdb/mcs70/m2D/m2Dr6/mcs70_m2Dr6_s70.A01 fileNameGt=../../cp2016-max-common-connected-subgraph-paper/datasets/graphsdb/mcs70/m2D/m2Dr6/mcs70_m2Dr6_s70.B01
Reading graphs...
70 :  165
70 :  163
Initializing...
maxdom : 8
D->valSize : 348
Solving...
Blb : 3 (clique : 37)
currentSize : 37 <-- 0.002966 s
currentSize : 38 <-- 0.030922 s
currentSize : 39 <-- 0.073999 s
currentSize : 40 <-- 2.021492 s
currentSize : 42 <-- 2.021830 s
currentSize : 43 <-- 2.489000 s
currentSize : 44 <-- 4.936512 s
currentSize : 45 <-- 4.936595 s
currentSize : 46 <-- 8.485109 s
currentSize : 47 <-- 8.500381 s
currentSize : 49 <-- 8.502554 s

maxsize : 49
nodes : 2517957.000000
filtered : 12731523.000000
time : 10.942136
