Parameters: GAD=1 vflib=1 dir=0 label=0 vlabel=1 lowerbound=1 fileNameGp=../../cp2016-max-common-connected-subgraph-paper/datasets/graphsdb/mcs70/m2D/m2Dr6/mcs70_m2Dr6_s90.A03 fileNameGt=../../cp2016-max-common-connected-subgraph-paper/datasets/graphsdb/mcs70/m2D/m2Dr6/mcs70_m2Dr6_s90.B03
Reading graphs...
90 :  213
90 :  213
Initializing...
maxdom : 9
D->valSize : 564
Solving...
Blb : 2 (clique : 33)
currentSize : 33 <-- 0.006705 s
currentSize : 34 <-- 0.007299 s
currentSize : 35 <-- 0.007434 s
currentSize : 36 <-- 0.009588 s
currentSize : 37 <-- 0.011384 s
currentSize : 38 <-- 0.020026 s
currentSize : 39 <-- 0.043917 s
currentSize : 40 <-- 0.113088 s
currentSize : 41 <-- 1.421284 s
currentSize : 42 <-- 2.561437 s
currentSize : 43 <-- 6.637363 s
currentSize : 44 <-- 6.638508 s
currentSize : 45 <-- 53.133793 s
currentSize : 46 <-- 53.621773 s
currentSize : 47 <-- 53.668728 s
currentSize : 48 <-- 121.861298 s
currentSize : 49 <-- 121.868683 s
currentSize : 50 <-- 225.342087 s
currentSize : 52 <-- 636.360291 s
currentSize : 53 <-- 636.360535 s
currentSize : 54 <-- 857.851501 s

TIMEOUT
maxsize : 54
nodes : 189949105.000000
filtered : 1160670623.000000
time : 1000.000122
