Parameters: GAD=1 vflib=1 dir=0 label=0 vlabel=1 lowerbound=1 fileNameGp=../../cp2016-max-common-connected-subgraph-paper/datasets/graphsdb/mcs70/rand/r02/mcs70_r02_s50.A07 fileNameGt=../../cp2016-max-common-connected-subgraph-paper/datasets/graphsdb/mcs70/rand/r02/mcs70_r02_s50.B07
Reading graphs...
50 :  436
50 :  438
Initializing...
maxdom : 11
D->valSize : 365
Solving...
Blb : 2 (clique : 11)
currentSize : 11 <-- 0.002529 s
currentSize : 12 <-- 0.002980 s
currentSize : 13 <-- 0.022553 s
currentSize : 15 <-- 0.022662 s
currentSize : 17 <-- 0.074589 s
currentSize : 19 <-- 0.095553 s
currentSize : 24 <-- 0.095733 s
currentSize : 35 <-- 0.113974 s

maxsize : 35
nodes : 29169.000000
filtered : 249375.000000
time : 0.121207
