Parameters: GAD=1 vflib=1 dir=0 label=0 vlabel=1 lowerbound=1 fileNameGp=../../cp2016-max-common-connected-subgraph-paper/datasets/graphsdb/mcs70/rand/r005/mcs70_r005_s50.A01 fileNameGt=../../cp2016-max-common-connected-subgraph-paper/datasets/graphsdb/mcs70/rand/r005/mcs70_r005_s50.B01
Reading graphs...
50 :  120
50 :  120
Initializing...
maxdom : 7
D->valSize : 318
Solving...
Blb : 2 (clique : 18)
currentSize : 18 <-- 0.002183 s
currentSize : 19 <-- 0.057794 s
currentSize : 20 <-- 0.063650 s
currentSize : 21 <-- 0.171996 s
currentSize : 22 <-- 0.554256 s
currentSize : 23 <-- 0.606782 s
currentSize : 24 <-- 1.171982 s
currentSize : 27 <-- 1.759063 s
currentSize : 28 <-- 2.278532 s
currentSize : 29 <-- 2.351641 s
currentSize : 30 <-- 2.456413 s
currentSize : 31 <-- 2.550209 s
currentSize : 35 <-- 2.567387 s

maxsize : 35
nodes : 641725.000000
filtered : 5259989.000000
time : 2.616817
