Parameters: GAD=1 vflib=1 dir=0 label=0 vlabel=1 lowerbound=1 fileNameGp=../../cp2016-max-common-connected-subgraph-paper/datasets/graphsdb/mcs70/bvg/b03/mcs70_b03_s100.A05 fileNameGt=../../cp2016-max-common-connected-subgraph-paper/datasets/graphsdb/mcs70/bvg/b03/mcs70_b03_s100.B05
Reading graphs...
100 :  150
100 :  150
Initializing...
maxdom : 7
D->valSize : 359
Solving...
Blb : 2 (clique : 52)
currentSize : 52 <-- 0.003868 s
currentSize : 53 <-- 0.004449 s
currentSize : 54 <-- 0.007308 s
currentSize : 55 <-- 13.462713 s
currentSize : 56 <-- 13.463267 s
currentSize : 57 <-- 13.479256 s
currentSize : 58 <-- 84.513725 s
currentSize : 59 <-- 84.557343 s
currentSize : 60 <-- 94.493340 s
currentSize : 61 <-- 147.111923 s
currentSize : 62 <-- 147.122482 s
currentSize : 63 <-- 149.741104 s
currentSize : 64 <-- 244.411514 s
currentSize : 65 <-- 245.222702 s
currentSize : 66 <-- 245.635895 s
currentSize : 67 <-- 307.872498 s
currentSize : 68 <-- 485.119598 s
currentSize : 69 <-- 485.119751 s
currentSize : 70 <-- 485.290771 s

maxsize : 70
nodes : 140637178.000000
filtered : 407527895.000000
time : 682.621033
