Parameters: GAD=1 vflib=1 dir=0 label=0 vlabel=1 lowerbound=1 fileNameGp=../../cp2016-max-common-connected-subgraph-paper/datasets/graphsdb/mcs70/rand/r005/mcs70_r005_s90.A02 fileNameGt=../../cp2016-max-common-connected-subgraph-paper/datasets/graphsdb/mcs70/rand/r005/mcs70_r005_s90.B02
Reading graphs...
90 :  387
90 :  385
Initializing...
maxdom : 9
D->valSize : 549
Solving...
Blb : 2 (clique : 43)
currentSize : 43 <-- 0.006267 s
currentSize : 45 <-- 0.006599 s
currentSize : 51 <-- 0.006896 s
currentSize : 54 <-- 0.007363 s
currentSize : 57 <-- 0.072352 s
currentSize : 58 <-- 0.081257 s
currentSize : 63 <-- 0.081575 s

maxsize : 63
nodes : 68452.000000
filtered : 1047785.000000
time : 0.533936
