Parameters: GAD=1 vflib=1 dir=0 label=0 vlabel=1 lowerbound=1 fileNameGp=../../cp2016-max-common-connected-subgraph-paper/datasets/graphsdb/mcs70/bvg/b09/mcs70_b09_s100.A09 fileNameGt=../../cp2016-max-common-connected-subgraph-paper/datasets/graphsdb/mcs70/bvg/b09/mcs70_b09_s100.B09
Reading graphs...
100 :  448
100 :  447
Initializing...
maxdom : 8
D->valSize : 380
Solving...
Blb : 2 (clique : 42)
currentSize : 42 <-- 0.003748 s
currentSize : 43 <-- 0.004326 s
currentSize : 44 <-- 0.173390 s
currentSize : 45 <-- 2.697722 s
currentSize : 46 <-- 10.657849 s
currentSize : 49 <-- 11.155184 s
currentSize : 53 <-- 11.778135 s
currentSize : 54 <-- 11.884415 s
currentSize : 58 <-- 13.283948 s
currentSize : 61 <-- 15.081459 s
currentSize : 63 <-- 15.081736 s
currentSize : 64 <-- 15.471672 s
currentSize : 68 <-- 15.471985 s
currentSize : 70 <-- 15.472277 s

maxsize : 70
nodes : 3010116.000000
filtered : 13902120.000000
time : 15.534430
