Parameters: GAD=1 vflib=1 dir=0 label=0 vlabel=1 lowerbound=1 fileNameGp=../../cp2016-max-common-connected-subgraph-paper/datasets/graphsdb/mcs70/bvg/b06m/mcs70_b06m_s50.A09 fileNameGt=../../cp2016-max-common-connected-subgraph-paper/datasets/graphsdb/mcs70/bvg/b06m/mcs70_b06m_s50.B09
Reading graphs...
50 :  146
50 :  146
Initializing...
maxdom : 16
D->valSize : 389
Solving...
Blb : 2 (clique : 24)
currentSize : 24 <-- 0.002866 s
currentSize : 25 <-- 0.027425 s
currentSize : 26 <-- 0.027969 s
currentSize : 27 <-- 0.028021 s
currentSize : 28 <-- 0.175092 s
currentSize : 29 <-- 0.366640 s
currentSize : 32 <-- 0.489801 s
currentSize : 34 <-- 0.489844 s
currentSize : 35 <-- 0.622325 s

maxsize : 35
nodes : 151647.000000
filtered : 1797172.000000
time : 0.676315
