Parameters: GAD=1 vflib=1 dir=0 label=0 vlabel=1 lowerbound=1 fileNameGp=../../cp2016-max-common-connected-subgraph-paper/datasets/graphsdb/mcs70/bvg/b06m/mcs70_b06m_s70.A00 fileNameGt=../../cp2016-max-common-connected-subgraph-paper/datasets/graphsdb/mcs70/bvg/b06m/mcs70_b06m_s70.B00
Reading graphs...
70 :  207
70 :  207
Initializing...
maxdom : 7
D->valSize : 369
Solving...
Blb : 3 (clique : 33)
currentSize : 33 <-- 0.003136 s
currentSize : 34 <-- 9.832136 s
currentSize : 35 <-- 15.523100 s
currentSize : 36 <-- 15.535754 s
currentSize : 37 <-- 23.505968 s
currentSize : 44 <-- 27.287909 s
currentSize : 46 <-- 27.288397 s
currentSize : 47 <-- 27.288521 s
currentSize : 48 <-- 27.290340 s
currentSize : 49 <-- 27.290476 s

maxsize : 49
nodes : 6254049.000000
filtered : 33674424.000000
time : 28.638008
