Parameters: GAD=1 vflib=1 dir=0 label=0 vlabel=1 lowerbound=1 fileNameGp=../../cp2016-max-common-connected-subgraph-paper/datasets/graphsdb/mcs70/bvg/b09/mcs70_b09_s100.A06 fileNameGt=../../cp2016-max-common-connected-subgraph-paper/datasets/graphsdb/mcs70/bvg/b09/mcs70_b09_s100.B06
Reading graphs...
100 :  447
100 :  448
Initializing...
maxdom : 7
D->valSize : 357
Solving...
Blb : 2 (clique : 29)
currentSize : 29 <-- 0.003663 s
currentSize : 31 <-- 0.003900 s
currentSize : 32 <-- 0.012322 s
currentSize : 33 <-- 0.067979 s
currentSize : 36 <-- 0.147146 s
currentSize : 39 <-- 0.147247 s
currentSize : 40 <-- 0.201894 s
currentSize : 41 <-- 0.700612 s
currentSize : 42 <-- 0.700697 s
currentSize : 43 <-- 1.057957 s
currentSize : 44 <-- 1.808028 s
currentSize : 46 <-- 2.264738 s
currentSize : 48 <-- 2.308994 s
currentSize : 50 <-- 2.315218 s
currentSize : 52 <-- 3.608833 s
currentSize : 55 <-- 3.609362 s
currentSize : 60 <-- 4.316604 s
currentSize : 62 <-- 4.317101 s
currentSize : 65 <-- 4.320198 s
currentSize : 68 <-- 4.717182 s
currentSize : 70 <-- 4.717895 s

maxsize : 70
nodes : 2996824.000000
filtered : 15544172.000000
time : 16.693474
