Parameters: GAD=1 vflib=1 dir=0 label=0 vlabel=1 lowerbound=1 fileNameGp=../../cp2016-max-common-connected-subgraph-paper/datasets/graphsdb/mcs70/m2D/m2D/mcs70_m2D_s70.A03 fileNameGt=../../cp2016-max-common-connected-subgraph-paper/datasets/graphsdb/mcs70/m2D/m2D/mcs70_m2D_s70.B03
Reading graphs...
70 :  123
70 :  122
Initializing...
maxdom : 7
D->valSize : 342
Solving...
Blb : 2 (clique : 39)
currentSize : 39 <-- 0.002986 s
currentSize : 40 <-- 0.003346 s
currentSize : 41 <-- 0.003451 s
currentSize : 42 <-- 0.046260 s
currentSize : 43 <-- 6.119773 s
currentSize : 44 <-- 17.173056 s
currentSize : 45 <-- 62.155849 s
currentSize : 47 <-- 71.260429 s
currentSize : 48 <-- 71.260483 s
currentSize : 49 <-- 71.260696 s

maxsize : 49
nodes : 19991118.000000
filtered : 70701652.000000
time : 79.609329
