Parameters: GAD=1 vflib=1 dir=0 label=0 vlabel=1 lowerbound=1 fileNameGp=../../cp2016-max-common-connected-subgraph-paper/datasets/graphsdb/mcs70/bvg/b09m/mcs70_b09m_s90.A06 fileNameGt=../../cp2016-max-common-connected-subgraph-paper/datasets/graphsdb/mcs70/bvg/b09m/mcs70_b09m_s90.B06
Reading graphs...
90 :  400
90 :  397
Initializing...
maxdom : 10
D->valSize : 558
Solving...
Blb : 3 (clique : 34)
currentSize : 34 <-- 0.006414 s
currentSize : 36 <-- 116.848518 s
currentSize : 38 <-- 236.970657 s
currentSize : 39 <-- 236.976532 s
currentSize : 41 <-- 236.997589 s
currentSize : 43 <-- 236.998459 s
currentSize : 44 <-- 237.901184 s
currentSize : 46 <-- 237.901306 s
currentSize : 47 <-- 289.266663 s
currentSize : 49 <-- 289.266815 s
currentSize : 50 <-- 317.160858 s
currentSize : 51 <-- 317.160980 s
currentSize : 59 <-- 317.484619 s
currentSize : 62 <-- 317.484802 s

maxsize : 62
nodes : 57999807.000000
filtered : 431723480.000000
time : 328.324799
