Parameters: GAD=1 vflib=1 dir=0 label=0 vlabel=1 lowerbound=1 fileNameGp=../../cp2016-max-common-connected-subgraph-paper/datasets/graphsdb/mcs70/bvg/b06m/mcs70_b06m_s50.A08 fileNameGt=../../cp2016-max-common-connected-subgraph-paper/datasets/graphsdb/mcs70/bvg/b06m/mcs70_b06m_s50.B08
Reading graphs...
50 :  147
50 :  149
Initializing...
maxdom : 9
D->valSize : 352
Solving...
Blb : 3 (clique : 22)
currentSize : 22 <-- 0.002538 s
currentSize : 23 <-- 0.007141 s
currentSize : 24 <-- 0.009170 s
currentSize : 25 <-- 0.073664 s
currentSize : 26 <-- 0.456560 s
currentSize : 27 <-- 0.470284 s
currentSize : 28 <-- 0.709145 s
currentSize : 29 <-- 0.901142 s
currentSize : 34 <-- 0.906464 s
currentSize : 35 <-- 0.906566 s

maxsize : 35
nodes : 207571.000000
filtered : 2237096.000000
time : 0.969443
