Parameters: GAD=1 vflib=1 dir=0 label=0 vlabel=1 lowerbound=1 fileNameGp=../../cp2016-max-common-connected-subgraph-paper/datasets/graphsdb/mcs70/m2D/m2Dr6/mcs70_m2Dr6_s100.A03 fileNameGt=../../cp2016-max-common-connected-subgraph-paper/datasets/graphsdb/mcs70/m2D/m2Dr6/mcs70_m2Dr6_s100.B03
Reading graphs...
100 :  236
100 :  236
Initializing...
maxdom : 8
D->valSize : 389
Solving...
Blb : 2 (clique : 38)
currentSize : 38 <-- 0.006970 s
currentSize : 39 <-- 0.007439 s
currentSize : 40 <-- 0.007656 s
currentSize : 41 <-- 0.009050 s
currentSize : 42 <-- 0.009208 s
currentSize : 43 <-- 0.009917 s
currentSize : 44 <-- 0.013042 s
currentSize : 45 <-- 0.014311 s
currentSize : 46 <-- 0.014459 s
currentSize : 47 <-- 0.029861 s
currentSize : 48 <-- 0.030002 s
currentSize : 49 <-- 0.068498 s
currentSize : 50 <-- 17.436462 s
currentSize : 51 <-- 39.465748 s
currentSize : 52 <-- 39.465851 s
currentSize : 53 <-- 39.546543 s
currentSize : 54 <-- 135.284027 s
currentSize : 55 <-- 135.294403 s
currentSize : 56 <-- 172.808395 s
currentSize : 57 <-- 172.810043 s

TIMEOUT
maxsize : 57
nodes : 189089717.000000
filtered : 641839610.000000
time : 1000.000061
