Parameters: GAD=1 vflib=1 dir=0 label=0 vlabel=1 lowerbound=1 fileNameGp=../../cp2016-max-common-connected-subgraph-paper/datasets/graphsdb/mcs70/m2D/m2D/mcs70_m2D_s60.A08 fileNameGt=../../cp2016-max-common-connected-subgraph-paper/datasets/graphsdb/mcs70/m2D/m2D/mcs70_m2D_s60.B08
Reading graphs...
60 :  104
60 :  104
Initializing...
maxdom : 10
D->valSize : 294
Solving...
Blb : 2 (clique : 28)
currentSize : 28 <-- 0.002256 s
currentSize : 29 <-- 0.002460 s
currentSize : 30 <-- 0.003676 s
currentSize : 31 <-- 0.007804 s
currentSize : 32 <-- 0.018892 s
currentSize : 33 <-- 0.037959 s
currentSize : 34 <-- 18.323072 s
currentSize : 35 <-- 18.393124 s
currentSize : 36 <-- 18.393204 s

maxsize : 36
nodes : 8487681.000000
filtered : 43482413.000000
time : 32.577667
