Parameters: GAD=1 vflib=1 dir=0 label=0 vlabel=1 lowerbound=1 fileNameGp=../../cp2016-max-common-connected-subgraph-paper/datasets/graphsdb/mcs70/bvg/b03m/mcs70_b03m_s50.A00 fileNameGt=../../cp2016-max-common-connected-subgraph-paper/datasets/graphsdb/mcs70/bvg/b03m/mcs70_b03m_s50.B00
Reading graphs...
50 :  74
50 :  74
Initializing...
maxdom : 11
D->valSize : 378
Solving...
Blb : 2 (clique : 23)
currentSize : 23 <-- 0.002972 s
currentSize : 24 <-- 0.003443 s
currentSize : 25 <-- 0.003788 s
currentSize : 26 <-- 0.004818 s
currentSize : 27 <-- 0.023056 s
currentSize : 28 <-- 1.735878 s
currentSize : 29 <-- 1.737050 s
currentSize : 31 <-- 13.595727 s
currentSize : 32 <-- 18.379208 s
currentSize : 33 <-- 28.589161 s
currentSize : 34 <-- 31.427052 s
currentSize : 35 <-- 31.995804 s

maxsize : 35
nodes : 8031162.000000
filtered : 75223652.000000
time : 32.993340
