Parameters: GAD=1 vflib=1 dir=0 label=0 vlabel=1 lowerbound=1 fileNameGp=../../cp2016-max-common-connected-subgraph-paper/datasets/graphsdb/mcs70/rand/r005/mcs70_r005_s40.A05 fileNameGt=../../cp2016-max-common-connected-subgraph-paper/datasets/graphsdb/mcs70/rand/r005/mcs70_r005_s40.B05
Reading graphs...
40 :  77
40 :  77
Initializing...
maxdom : 7
D->valSize : 196
Solving...
Blb : 2 (clique : 18)
currentSize : 18 <-- 0.001117 s
currentSize : 19 <-- 0.001470 s
currentSize : 20 <-- 0.001542 s
currentSize : 21 <-- 0.013816 s
currentSize : 22 <-- 0.013961 s
currentSize : 23 <-- 0.014166 s
currentSize : 24 <-- 0.020572 s
currentSize : 25 <-- 0.021241 s
currentSize : 26 <-- 0.021286 s
currentSize : 28 <-- 0.027837 s

maxsize : 28
nodes : 8500.000000
filtered : 64204.000000
time : 0.030017
