Parameters: GAD=1 vflib=1 dir=0 label=0 vlabel=1 lowerbound=1 fileNameGp=../../cp2016-max-common-connected-subgraph-paper/datasets/graphsdb/mcs70/rand/r005/mcs70_r005_s40.A08 fileNameGt=../../cp2016-max-common-connected-subgraph-paper/datasets/graphsdb/mcs70/rand/r005/mcs70_r005_s40.B08
Reading graphs...
40 :  76
40 :  75
Initializing...
maxdom : 9
D->valSize : 205
Solving...
Blb : 5 (clique : 17)
currentSize : 17 <-- 0.001214 s
currentSize : 18 <-- 0.001356 s
currentSize : 19 <-- 0.003695 s
currentSize : 21 <-- 0.003759 s
currentSize : 22 <-- 0.005175 s
currentSize : 23 <-- 0.011280 s
currentSize : 25 <-- 0.021552 s
currentSize : 27 <-- 0.022126 s
currentSize : 29 <-- 0.027175 s

maxsize : 29
nodes : 8362.000000
filtered : 60454.000000
time : 0.035843
