Parameters: GAD=1 vflib=1 dir=0 label=0 vlabel=1 lowerbound=1 fileNameGp=../../cp2016-max-common-connected-subgraph-paper/datasets/graphsdb/mcs70/m2D/m2Dr2/mcs70_m2Dr2_s100.A04 fileNameGt=../../cp2016-max-common-connected-subgraph-paper/datasets/graphsdb/mcs70/m2D/m2Dr2/mcs70_m2Dr2_s100.B04
Reading graphs...
100 :  199
100 :  198
Initializing...
maxdom : 7
D->valSize : 386
Solving...
Blb : 2 (clique : 48)
currentSize : 48 <-- 0.004169 s
currentSize : 49 <-- 0.640699 s
currentSize : 50 <-- 2.172192 s
currentSize : 51 <-- 2.336246 s
currentSize : 52 <-- 2.885029 s
currentSize : 53 <-- 2.885511 s
currentSize : 54 <-- 2.973692 s
currentSize : 55 <-- 46.369400 s
currentSize : 56 <-- 47.277508 s
currentSize : 57 <-- 47.278015 s
currentSize : 58 <-- 47.359543 s
currentSize : 59 <-- 69.673164 s
currentSize : 60 <-- 69.673630 s
currentSize : 61 <-- 106.696045 s
currentSize : 62 <-- 106.696533 s
currentSize : 63 <-- 106.697113 s
currentSize : 64 <-- 146.095367 s
currentSize : 65 <-- 146.095947 s

maxsize : 65
nodes : 35469008.000000
filtered : 129610120.000000
time : 184.273102
