Parameters: GAD=1 vflib=1 dir=0 label=0 vlabel=1 lowerbound=1 fileNameGp=../../cp2016-max-common-connected-subgraph-paper/datasets/graphsdb/mcs70/m2D/m2D/mcs70_m2D_s80.A01 fileNameGt=../../cp2016-max-common-connected-subgraph-paper/datasets/graphsdb/mcs70/m2D/m2D/mcs70_m2D_s80.B01
Reading graphs...
80 :  141
80 :  142
Initializing...
maxdom : 11
D->valSize : 421
Solving...
Blb : 2 (clique : 38)
currentSize : 38 <-- 0.004254 s
currentSize : 39 <-- 0.010570 s
currentSize : 40 <-- 0.021473 s
currentSize : 41 <-- 0.028848 s
currentSize : 42 <-- 0.028992 s
currentSize : 43 <-- 0.619788 s
currentSize : 44 <-- 0.633102 s
currentSize : 45 <-- 0.634183 s
currentSize : 46 <-- 1.042143 s
currentSize : 47 <-- 1.129647 s
currentSize : 49 <-- 10.848264 s
currentSize : 50 <-- 11.102149 s
currentSize : 51 <-- 11.159105 s

maxsize : 51
nodes : 6628783.000000
filtered : 35959249.000000
time : 31.988909
