Parameters: GAD=1 vflib=1 dir=0 label=0 vlabel=1 lowerbound=1 fileNameGp=../../cp2016-max-common-connected-subgraph-paper/datasets/graphsdb/mcs70/m2D/m2Dr6/mcs70_m2Dr6_s50.A06 fileNameGt=../../cp2016-max-common-connected-subgraph-paper/datasets/graphsdb/mcs70/m2D/m2Dr6/mcs70_m2Dr6_s50.B06
Reading graphs...
50 :  115
50 :  113
Initializing...
maxdom : 9
D->valSize : 323
Solving...
Blb : 3 (clique : 27)
currentSize : 27 <-- 0.002230 s
currentSize : 28 <-- 0.232316 s
currentSize : 29 <-- 0.237329 s
currentSize : 30 <-- 0.308590 s
currentSize : 31 <-- 0.337638 s
currentSize : 33 <-- 0.347115 s
currentSize : 35 <-- 0.358293 s
currentSize : 36 <-- 0.367085 s

maxsize : 36
nodes : 74090.000000
filtered : 996702.000000
time : 0.372263
