Parameters: GAD=1 vflib=1 dir=0 label=0 vlabel=1 lowerbound=1 fileNameGp=../../cp2016-max-common-connected-subgraph-paper/datasets/graphsdb/mcs70/m2D/m2D/mcs70_m2D_s70.A01 fileNameGt=../../cp2016-max-common-connected-subgraph-paper/datasets/graphsdb/mcs70/m2D/m2D/mcs70_m2D_s70.B01
Reading graphs...
70 :  123
70 :  123
Initializing...
maxdom : 8
D->valSize : 322
Solving...
Blb : 2 (clique : 37)
currentSize : 37 <-- 0.002711 s
currentSize : 39 <-- 0.003062 s
currentSize : 40 <-- 0.003197 s
currentSize : 41 <-- 0.925357 s
currentSize : 42 <-- 0.927597 s
currentSize : 43 <-- 1.817028 s
currentSize : 44 <-- 2.728238 s
currentSize : 45 <-- 2.728343 s
currentSize : 48 <-- 2.730545 s
currentSize : 49 <-- 2.762978 s

maxsize : 49
nodes : 687823.000000
filtered : 3684554.000000
time : 3.319414
