Parameters: GAD=1 vflib=1 dir=0 label=0 vlabel=1 lowerbound=1 fileNameGp=../../cp2016-max-common-connected-subgraph-paper/datasets/graphsdb/mcs70/m3D/m3D/mcs70_m3D_s100.A06 fileNameGt=../../cp2016-max-common-connected-subgraph-paper/datasets/graphsdb/mcs70/m3D/m3D/mcs70_m3D_s100.B06
Reading graphs...
100 :  234
100 :  234
Initializing...
maxdom : 8
D->valSize : 367
Solving...
Blb : 2 (clique : 44)
currentSize : 44 <-- 0.003816 s
currentSize : 46 <-- 0.004202 s
currentSize : 47 <-- 0.004452 s
currentSize : 48 <-- 0.004570 s
currentSize : 49 <-- 0.005298 s
currentSize : 50 <-- 0.005502 s
currentSize : 51 <-- 3.576479 s
currentSize : 52 <-- 18.930408 s
currentSize : 53 <-- 18.948784 s
currentSize : 55 <-- 59.002377 s
currentSize : 57 <-- 83.651405 s
currentSize : 58 <-- 83.665695 s
currentSize : 59 <-- 263.741516 s
currentSize : 60 <-- 263.744110 s
currentSize : 62 <-- 263.973633 s
currentSize : 63 <-- 263.980438 s
currentSize : 64 <-- 894.057617 s

TIMEOUT
maxsize : 64
nodes : 212756395.000000
filtered : 646914712.000000
time : 1000.000122
