Parameters: GAD=1 vflib=1 dir=0 label=0 vlabel=1 lowerbound=1 fileNameGp=../../cp2016-max-common-connected-subgraph-paper/datasets/graphsdb/mcs70/m2D/m2Dr4/mcs70_m2Dr4_s50.A04 fileNameGt=../../cp2016-max-common-connected-subgraph-paper/datasets/graphsdb/mcs70/m2D/m2Dr4/mcs70_m2Dr4_s50.B04
Reading graphs...
50 :  105
50 :  104
Initializing...
maxdom : 12
D->valSize : 363
Solving...
Blb : 2 (clique : 26)
currentSize : 26 <-- 0.002724 s
currentSize : 27 <-- 0.002984 s
currentSize : 28 <-- 0.005666 s
currentSize : 29 <-- 0.012073 s
currentSize : 30 <-- 0.012795 s
currentSize : 32 <-- 0.033638 s
currentSize : 35 <-- 0.037681 s
currentSize : 36 <-- 0.037785 s

maxsize : 36
nodes : 20376.000000
filtered : 166376.000000
time : 0.083883
