Parameters: GAD=1 vflib=1 dir=0 label=0 vlabel=1 lowerbound=1 fileNameGp=../../cp2016-max-common-connected-subgraph-paper/datasets/graphsdb/mcs70/bvg/b06m/mcs70_b06m_s90.A01 fileNameGt=../../cp2016-max-common-connected-subgraph-paper/datasets/graphsdb/mcs70/bvg/b06m/mcs70_b06m_s90.B01
Reading graphs...
90 :  266
90 :  265
Initializing...
maxdom : 10
D->valSize : 547
Solving...
Blb : 2 (clique : 41)
currentSize : 41 <-- 0.006362 s
currentSize : 43 <-- 0.006714 s
currentSize : 45 <-- 0.020186 s
currentSize : 46 <-- 0.384584 s
currentSize : 47 <-- 0.390969 s
currentSize : 49 <-- 0.400336 s
currentSize : 53 <-- 1.295311 s
currentSize : 55 <-- 1.295440 s
currentSize : 61 <-- 2.034701 s
currentSize : 63 <-- 2.034841 s

maxsize : 63
nodes : 19253353.000000
filtered : 114155185.000000
time : 103.307602
