Parameters: GAD=1 vflib=1 dir=0 label=0 vlabel=1 lowerbound=1 fileNameGp=../../cp2016-max-common-connected-subgraph-paper/datasets/graphsdb/mcs70/bvg/b03m/mcs70_b03m_s90.A04 fileNameGt=../../cp2016-max-common-connected-subgraph-paper/datasets/graphsdb/mcs70/bvg/b03m/mcs70_b03m_s90.B04
Reading graphs...
90 :  134
90 :  135
Initializing...
maxdom : 12
D->valSize : 553
Solving...
Blb : 2 (clique : 36)
currentSize : 36 <-- 0.007734 s
currentSize : 37 <-- 0.008025 s
currentSize : 38 <-- 0.013833 s
currentSize : 39 <-- 0.030411 s
currentSize : 40 <-- 0.047199 s
currentSize : 41 <-- 13.281144 s
currentSize : 42 <-- 13.474064 s
currentSize : 43 <-- 15.969503 s
currentSize : 44 <-- 25.613949 s

TIMEOUT
maxsize : 44
nodes : 207356066.000000
filtered : 1335080794.000000
time : 1000.000061
