Parameters: GAD=1 vflib=1 dir=0 label=0 vlabel=1 lowerbound=1 fileNameGp=../../cp2016-max-common-connected-subgraph-paper/datasets/graphsdb/mcs70/rand/r01/mcs70_r01_s90.A07 fileNameGt=../../cp2016-max-common-connected-subgraph-paper/datasets/graphsdb/mcs70/rand/r01/mcs70_r01_s90.B07
Reading graphs...
90 :  755
90 :  756
Initializing...
maxdom : 11
D->valSize : 565
Solving...
Blb : 2 (clique : 16)
currentSize : 16 <-- 0.006215 s
currentSize : 17 <-- 0.006429 s
currentSize : 18 <-- 0.006509 s
currentSize : 19 <-- 0.017265 s
currentSize : 20 <-- 0.142022 s
currentSize : 21 <-- 0.311845 s
currentSize : 22 <-- 0.329647 s
currentSize : 23 <-- 0.336001 s
currentSize : 24 <-- 0.339227 s
currentSize : 27 <-- 0.361562 s
currentSize : 28 <-- 0.661853 s
currentSize : 31 <-- 0.662172 s
currentSize : 37 <-- 0.721769 s
currentSize : 38 <-- 1.341477 s
currentSize : 47 <-- 1.464174 s
currentSize : 63 <-- 1.528811 s

maxsize : 63
nodes : 257651.000000
filtered : 2882824.000000
time : 1.597014
