Parameters: GAD=1 vflib=1 dir=0 label=0 vlabel=1 lowerbound=1 fileNameGp=../../cp2016-max-common-connected-subgraph-paper/datasets/graphsdb/mcs70/m2D/m2Dr4/mcs70_m2Dr4_s40.A05 fileNameGt=../../cp2016-max-common-connected-subgraph-paper/datasets/graphsdb/mcs70/m2D/m2Dr4/mcs70_m2Dr4_s40.B05
Reading graphs...
40 :  82
40 :  81
Initializing...
maxdom : 8
D->valSize : 237
Solving...
Blb : 2 (clique : 17)
currentSize : 17 <-- 0.001518 s
currentSize : 18 <-- 0.002979 s
currentSize : 19 <-- 0.003608 s
currentSize : 20 <-- 0.010913 s
currentSize : 21 <-- 0.020716 s
currentSize : 22 <-- 0.046384 s
currentSize : 23 <-- 0.046751 s
currentSize : 25 <-- 0.048656 s
currentSize : 26 <-- 0.049288 s

maxsize : 26
nodes : 18613.000000
filtered : 121379.000000
time : 0.066170
