Parameters: GAD=1 vflib=1 dir=0 label=0 vlabel=1 lowerbound=1 fileNameGp=../../cp2016-max-common-connected-subgraph-paper/datasets/graphsdb/mcs70/bvg/b09/mcs70_b09_s80.A09 fileNameGt=../../cp2016-max-common-connected-subgraph-paper/datasets/graphsdb/mcs70/bvg/b09/mcs70_b09_s80.B09
Reading graphs...
80 :  357
80 :  359
Initializing...
maxdom : 8
D->valSize : 426
Solving...
Blb : 2 (clique : 28)
currentSize : 28 <-- 0.004042 s
currentSize : 30 <-- 0.009380 s
currentSize : 31 <-- 0.672138 s
currentSize : 32 <-- 0.796724 s
currentSize : 33 <-- 4.890918 s
currentSize : 35 <-- 4.894659 s
currentSize : 36 <-- 6.728631 s
currentSize : 38 <-- 6.728817 s
currentSize : 45 <-- 10.260580 s
currentSize : 48 <-- 10.263941 s
currentSize : 52 <-- 10.267529 s
currentSize : 56 <-- 10.268141 s

maxsize : 56
nodes : 1895899.000000
filtered : 16935404.000000
time : 10.777155
