Parameters: GAD=1 vflib=1 dir=0 label=0 vlabel=1 lowerbound=1 fileNameGp=../../cp2016-max-common-connected-subgraph-paper/datasets/graphsdb/mcs70/bvg/b09/mcs70_b09_s70.A06 fileNameGt=../../cp2016-max-common-connected-subgraph-paper/datasets/graphsdb/mcs70/bvg/b09/mcs70_b09_s70.B06
Reading graphs...
70 :  311
70 :  315
Initializing...
maxdom : 9
D->valSize : 362
Solving...
Blb : 2 (clique : 24)
currentSize : 24 <-- 0.003059 s
currentSize : 26 <-- 0.003207 s
currentSize : 28 <-- 0.003353 s
currentSize : 29 <-- 0.003431 s
currentSize : 30 <-- 0.003522 s
currentSize : 31 <-- 0.003610 s
currentSize : 33 <-- 0.004060 s
currentSize : 35 <-- 0.004190 s
currentSize : 37 <-- 0.010832 s
currentSize : 38 <-- 0.010963 s
currentSize : 42 <-- 0.013476 s
currentSize : 45 <-- 0.013650 s
currentSize : 48 <-- 0.075180 s

maxsize : 48
nodes : 39600.000000
filtered : 425243.000000
time : 0.230257
