Parameters: GAD=1 vflib=1 dir=0 label=0 vlabel=1 lowerbound=1 fileNameGp=../../cp2016-max-common-connected-subgraph-paper/datasets/graphsdb/mcs70/m2D/m2Dr6/mcs70_m2Dr6_s70.A06 fileNameGt=../../cp2016-max-common-connected-subgraph-paper/datasets/graphsdb/mcs70/m2D/m2Dr6/mcs70_m2Dr6_s70.B06
Reading graphs...
70 :  164
70 :  164
Initializing...
maxdom : 8
D->valSize : 346
Solving...
Blb : 3 (clique : 35)
currentSize : 35 <-- 0.003142 s
currentSize : 36 <-- 0.003446 s
currentSize : 37 <-- 0.003775 s
currentSize : 38 <-- 0.003916 s
currentSize : 39 <-- 0.009486 s
currentSize : 40 <-- 0.009893 s
currentSize : 42 <-- 0.017108 s
currentSize : 44 <-- 0.017363 s
currentSize : 45 <-- 0.034789 s
currentSize : 47 <-- 0.034874 s
currentSize : 49 <-- 0.035550 s

maxsize : 49
nodes : 265959.000000
filtered : 1675975.000000
time : 1.265856
