Parameters: GAD=1 vflib=1 dir=0 label=0 vlabel=1 lowerbound=1 fileNameGp=../../cp2016-max-common-connected-subgraph-paper/datasets/graphsdb/mcs70/bvg/b06/mcs70_b06_s40.A00 fileNameGt=../../cp2016-max-common-connected-subgraph-paper/datasets/graphsdb/mcs70/bvg/b06/mcs70_b06_s40.B00
Reading graphs...
40 :  119
40 :  118
Initializing...
maxdom : 8
D->valSize : 204
Solving...
Blb : 3 (clique : 13)
currentSize : 13 <-- 0.001183 s
currentSize : 14 <-- 0.001831 s
currentSize : 15 <-- 0.005209 s
currentSize : 16 <-- 0.008213 s
currentSize : 17 <-- 0.008258 s
currentSize : 18 <-- 0.008389 s
currentSize : 19 <-- 0.031390 s
currentSize : 20 <-- 0.032118 s
currentSize : 21 <-- 0.033012 s
currentSize : 22 <-- 0.048424 s
currentSize : 23 <-- 0.064497 s
currentSize : 26 <-- 0.064604 s
currentSize : 28 <-- 0.064674 s

maxsize : 28
nodes : 20140.000000
filtered : 118831.000000
time : 0.068099
