Parameters: GAD=1 vflib=1 dir=0 label=0 vlabel=1 lowerbound=1 fileNameGp=../../cp2016-max-common-connected-subgraph-paper/datasets/graphsdb/mcs70/rand/r005/mcs70_r005_s60.A05 fileNameGt=../../cp2016-max-common-connected-subgraph-paper/datasets/graphsdb/mcs70/rand/r005/mcs70_r005_s60.B05
Reading graphs...
60 :  171
60 :  172
Initializing...
maxdom : 7
D->valSize : 238
Solving...
Blb : 5 (clique : 19)
currentSize : 19 <-- 0.001640 s
currentSize : 20 <-- 0.001786 s
currentSize : 21 <-- 0.001953 s
currentSize : 22 <-- 0.002009 s
currentSize : 23 <-- 0.019239 s
currentSize : 24 <-- 0.056108 s
currentSize : 25 <-- 0.058182 s
currentSize : 26 <-- 0.199457 s
currentSize : 27 <-- 0.199546 s
currentSize : 28 <-- 0.199665 s
currentSize : 29 <-- 0.456419 s
currentSize : 30 <-- 0.638554 s
currentSize : 31 <-- 0.639134 s
currentSize : 34 <-- 0.844946 s
currentSize : 37 <-- 0.907760 s
currentSize : 38 <-- 0.908048 s
currentSize : 42 <-- 0.908168 s

maxsize : 42
nodes : 208402.000000
filtered : 1093218.000000
time : 0.916472
