Parameters: GAD=1 vflib=1 dir=0 label=0 vlabel=1 lowerbound=1 fileNameGp=../../cp2016-max-common-connected-subgraph-paper/datasets/graphsdb/mcs70/rand/r01/mcs70_r01_s40.A01 fileNameGt=../../cp2016-max-common-connected-subgraph-paper/datasets/graphsdb/mcs70/rand/r01/mcs70_r01_s40.B01
Reading graphs...
40 :  146
40 :  147
Initializing...
maxdom : 8
D->valSize : 219
Solving...
Blb : 2 (clique : 12)
currentSize : 12 <-- 0.001401 s
currentSize : 13 <-- 0.001573 s
currentSize : 14 <-- 0.001630 s
currentSize : 15 <-- 0.001841 s
currentSize : 16 <-- 0.001874 s
currentSize : 17 <-- 0.001924 s
currentSize : 18 <-- 0.001969 s
currentSize : 20 <-- 0.002235 s
currentSize : 23 <-- 0.002297 s
currentSize : 28 <-- 0.011499 s

maxsize : 28
nodes : 3669.000000
filtered : 44240.000000
time : 0.016911
