Parameters: GAD=1 vflib=1 dir=0 label=0 vlabel=1 lowerbound=1 fileNameGp=../../cp2016-max-common-connected-subgraph-paper/datasets/graphsdb/mcs70/m2D/m2Dr2/mcs70_m2Dr2_s100.A05 fileNameGt=../../cp2016-max-common-connected-subgraph-paper/datasets/graphsdb/mcs70/m2D/m2Dr2/mcs70_m2Dr2_s100.B05
Reading graphs...
100 :  199
100 :  199
Initializing...
maxdom : 7
D->valSize : 395
Solving...
Blb : 2 (clique : 39)
currentSize : 39 <-- 0.004189 s
currentSize : 43 <-- 0.004509 s
currentSize : 44 <-- 0.005122 s
currentSize : 48 <-- 0.005190 s
currentSize : 50 <-- 0.006795 s
currentSize : 52 <-- 2.196818 s
currentSize : 53 <-- 2.197684 s
currentSize : 54 <-- 2.197909 s
currentSize : 55 <-- 3.429269 s
currentSize : 57 <-- 3.430672 s
currentSize : 58 <-- 26.331804 s
currentSize : 60 <-- 26.465836 s
currentSize : 61 <-- 101.768929 s
currentSize : 63 <-- 101.781052 s
currentSize : 65 <-- 276.199219 s
currentSize : 66 <-- 307.597626 s

maxsize : 66
nodes : 66472968.000000
filtered : 308290062.000000
time : 383.899750
