Parameters: GAD=1 vflib=1 dir=0 label=0 vlabel=1 lowerbound=1 fileNameGp=../../cp2016-max-common-connected-subgraph-paper/datasets/graphsdb/mcs70/bvg/b06m/mcs70_b06m_s100.A00 fileNameGt=../../cp2016-max-common-connected-subgraph-paper/datasets/graphsdb/mcs70/bvg/b06m/mcs70_b06m_s100.B00
Reading graphs...
100 :  296
100 :  297
Initializing...
maxdom : 6
D->valSize : 354
Solving...
Blb : 2 (clique : 51)
currentSize : 51 <-- 0.005953 s
currentSize : 52 <-- 0.006684 s
currentSize : 56 <-- 0.007405 s
currentSize : 57 <-- 0.008243 s
currentSize : 58 <-- 0.008456 s
currentSize : 63 <-- 0.044004 s
currentSize : 64 <-- 0.044615 s
currentSize : 66 <-- 0.044888 s
currentSize : 67 <-- 112.676216 s
currentSize : 68 <-- 112.676613 s
currentSize : 70 <-- 112.676842 s

maxsize : 70
nodes : 37068190.000000
filtered : 154602343.000000
time : 199.748138
