Parameters: GAD=1 vflib=1 dir=0 label=0 vlabel=1 lowerbound=1 fileNameGp=../../cp2016-max-common-connected-subgraph-paper/datasets/graphsdb/mcs70/bvg/b06/mcs70_b06_s35.A06 fileNameGt=../../cp2016-max-common-connected-subgraph-paper/datasets/graphsdb/mcs70/bvg/b06/mcs70_b06_s35.B06
Reading graphs...
35 :  104
35 :  104
Initializing...
maxdom : 7
D->valSize : 170
Solving...
Blb : 2 (clique : 12)
currentSize : 12 <-- 0.000851 s
currentSize : 14 <-- 0.001076 s
currentSize : 15 <-- 0.001974 s
currentSize : 16 <-- 0.004572 s
currentSize : 17 <-- 0.015225 s
currentSize : 19 <-- 0.021134 s
currentSize : 20 <-- 0.022630 s
currentSize : 23 <-- 0.025617 s
currentSize : 24 <-- 0.025672 s

maxsize : 24
nodes : 8594.000000
filtered : 64308.000000
time : 0.028241
