Parameters: GAD=1 vflib=1 dir=0 label=0 vlabel=1 lowerbound=1 fileNameGp=../../cp2016-max-common-connected-subgraph-paper/datasets/graphsdb/mcs70/m3D/m3Dr2/mcs70_m3Dr2_s100.A05 fileNameGt=../../cp2016-max-common-connected-subgraph-paper/datasets/graphsdb/mcs70/m3D/m3Dr2/mcs70_m3Dr2_s100.B05
Reading graphs...
100 :  253
100 :  254
Initializing...
maxdom : 9
D->valSize : 364
Solving...
Blb : 2 (clique : 43)
currentSize : 43 <-- 0.003853 s
currentSize : 44 <-- 12.379147 s
currentSize : 45 <-- 13.448881 s
currentSize : 46 <-- 13.448987 s
currentSize : 47 <-- 13.508745 s
currentSize : 48 <-- 13.508857 s
currentSize : 50 <-- 57.384476 s
currentSize : 51 <-- 113.844917 s
currentSize : 52 <-- 113.869598 s
currentSize : 53 <-- 113.879883 s
currentSize : 54 <-- 143.814011 s
currentSize : 55 <-- 143.814163 s
currentSize : 57 <-- 239.643188 s
currentSize : 58 <-- 319.543030 s
currentSize : 59 <-- 329.027588 s
currentSize : 60 <-- 329.058014 s
currentSize : 62 <-- 329.058167 s
currentSize : 64 <-- 470.080109 s

maxsize : 64
nodes : 124120855.000000
filtered : 478707530.000000
time : 648.842773
