Parameters: GAD=1 vflib=1 dir=0 label=0 vlabel=1 lowerbound=1 fileNameGp=../../cp2016-max-common-connected-subgraph-paper/datasets/graphsdb/mcs70/bvg/b03m/mcs70_b03m_s100.A03 fileNameGt=../../cp2016-max-common-connected-subgraph-paper/datasets/graphsdb/mcs70/bvg/b03m/mcs70_b03m_s100.B03
Reading graphs...
100 :  150
100 :  150
Initializing...
maxdom : 7
D->valSize : 390
Solving...
Blb : 2 (clique : 56)
currentSize : 56 <-- 0.004367 s
currentSize : 57 <-- 0.004818 s
currentSize : 58 <-- 0.005763 s
currentSize : 59 <-- 0.034928 s
currentSize : 60 <-- 0.035094 s
currentSize : 62 <-- 3.787126 s
currentSize : 63 <-- 3.787566 s

TIMEOUT
maxsize : 63
nodes : 240318512.000000
filtered : 333204650.000000
time : 1000.000122
