Parameters: GAD=1 vflib=1 dir=0 label=0 vlabel=1 lowerbound=1 fileNameGp=../../cp2016-max-common-connected-subgraph-paper/datasets/graphsdb/mcs70/m2D/m2D/mcs70_m2D_s50.A01 fileNameGt=../../cp2016-max-common-connected-subgraph-paper/datasets/graphsdb/mcs70/m2D/m2D/mcs70_m2D_s50.B01
Reading graphs...
50 :  85
50 :  85
Initializing...
maxdom : 10
D->valSize : 346
Solving...
Blb : 2 (clique : 22)
currentSize : 22 <-- 0.004246 s
currentSize : 23 <-- 0.004530 s
currentSize : 24 <-- 0.004787 s
currentSize : 25 <-- 0.005728 s
currentSize : 26 <-- 0.007155 s
currentSize : 27 <-- 0.077530 s
currentSize : 28 <-- 0.639614 s
currentSize : 29 <-- 0.950726 s
currentSize : 30 <-- 1.215768 s
currentSize : 31 <-- 1.215881 s
currentSize : 32 <-- 1.331624 s
currentSize : 34 <-- 1.501332 s
currentSize : 35 <-- 1.501399 s
currentSize : 36 <-- 1.501482 s

maxsize : 36
nodes : 390189.000000
filtered : 3350443.000000
time : 1.712588
