Parameters: GAD=1 vflib=1 dir=0 label=0 vlabel=1 lowerbound=1 fileNameGp=../../cp2016-max-common-connected-subgraph-paper/datasets/graphsdb/mcs70/m2D/m2Dr4/mcs70_m2Dr4_s80.A02 fileNameGt=../../cp2016-max-common-connected-subgraph-paper/datasets/graphsdb/mcs70/m2D/m2Dr4/mcs70_m2Dr4_s80.B02
Reading graphs...
80 :  171
80 :  169
Initializing...
maxdom : 9
D->valSize : 475
Solving...
Blb : 2 (clique : 32)
currentSize : 32 <-- 0.004963 s
currentSize : 33 <-- 0.023514 s
currentSize : 34 <-- 0.065170 s
currentSize : 35 <-- 0.097695 s
currentSize : 36 <-- 0.098780 s
currentSize : 37 <-- 0.586480 s
currentSize : 38 <-- 0.586879 s
currentSize : 39 <-- 1.479041 s
currentSize : 40 <-- 160.079971 s
currentSize : 41 <-- 160.110977 s
currentSize : 42 <-- 431.556824 s
currentSize : 44 <-- 431.648956 s
currentSize : 45 <-- 438.253021 s
currentSize : 46 <-- 446.833282 s
currentSize : 49 <-- 446.962891 s
currentSize : 51 <-- 530.856934 s

TIMEOUT
maxsize : 51
nodes : 213587931.000000
filtered : 1270996322.000000
time : 1000.000061
