Parameters: GAD=1 vflib=1 dir=0 label=0 vlabel=1 lowerbound=1 fileNameGp=../../cp2016-max-common-connected-subgraph-paper/datasets/graphsdb/mcs70/m2D/m2Dr6/mcs70_m2Dr6_s50.A09 fileNameGt=../../cp2016-max-common-connected-subgraph-paper/datasets/graphsdb/mcs70/m2D/m2Dr6/mcs70_m2Dr6_s50.B09
Reading graphs...
50 :  114
50 :  113
Initializing...
maxdom : 8
D->valSize : 325
Solving...
Blb : 3 (clique : 21)
currentSize : 21 <-- 0.003633 s
currentSize : 22 <-- 0.004054 s
currentSize : 23 <-- 0.007992 s
currentSize : 24 <-- 0.008036 s
currentSize : 25 <-- 0.017344 s
currentSize : 26 <-- 0.021243 s
currentSize : 27 <-- 0.028680 s
currentSize : 28 <-- 0.028740 s
currentSize : 29 <-- 0.028895 s
currentSize : 31 <-- 0.031752 s
currentSize : 33 <-- 0.032017 s
currentSize : 34 <-- 0.032104 s
currentSize : 36 <-- 0.032423 s

maxsize : 36
nodes : 36649.000000
filtered : 276858.000000
time : 0.157500
