Parameters: GAD=1 vflib=1 dir=0 label=0 vlabel=1 lowerbound=1 fileNameGp=../../cp2016-max-common-connected-subgraph-paper/datasets/graphsdb/mcs70/m2D/m2Dr6/mcs70_m2Dr6_s60.A06 fileNameGt=../../cp2016-max-common-connected-subgraph-paper/datasets/graphsdb/mcs70/m2D/m2Dr6/mcs70_m2Dr6_s60.B06
Reading graphs...
60 :  139
60 :  137
Initializing...
maxdom : 8
D->valSize : 241
Solving...
Blb : 3 (clique : 24)
currentSize : 24 <-- 0.001735 s
currentSize : 25 <-- 0.208021 s
currentSize : 26 <-- 0.357639 s
currentSize : 27 <-- 0.917292 s
currentSize : 28 <-- 3.813898 s
currentSize : 29 <-- 3.813965 s
currentSize : 30 <-- 5.799692 s
currentSize : 31 <-- 8.025441 s
currentSize : 32 <-- 11.986535 s
currentSize : 33 <-- 11.990448 s
currentSize : 34 <-- 15.341055 s
currentSize : 35 <-- 18.188976 s
currentSize : 36 <-- 18.189074 s

maxsize : 36
nodes : 5356124.000000
filtered : 22376468.000000
time : 19.751192
