Parameters: GAD=1 vflib=1 dir=0 label=0 vlabel=1 lowerbound=1 fileNameGp=../../cp2016-max-common-connected-subgraph-paper/datasets/graphsdb/mcs70/m2D/m2Dr6/mcs70_m2Dr6_s80.A02 fileNameGt=../../cp2016-max-common-connected-subgraph-paper/datasets/graphsdb/mcs70/m2D/m2Dr6/mcs70_m2Dr6_s80.B02
Reading graphs...
80 :  188
80 :  186
Initializing...
maxdom : 8
D->valSize : 448
Solving...
Blb : 3 (clique : 29)
currentSize : 29 <-- 0.004352 s
currentSize : 30 <-- 0.168630 s
currentSize : 31 <-- 0.736524 s
currentSize : 32 <-- 4.924745 s
currentSize : 33 <-- 4.949973 s
currentSize : 34 <-- 5.115015 s
currentSize : 36 <-- 5.116364 s
currentSize : 37 <-- 6.235054 s
currentSize : 38 <-- 6.245808 s
currentSize : 39 <-- 10.422371 s
currentSize : 40 <-- 11.931714 s
currentSize : 41 <-- 14.710398 s
currentSize : 42 <-- 34.171391 s
currentSize : 43 <-- 211.824005 s
currentSize : 44 <-- 211.824066 s
currentSize : 45 <-- 211.826599 s
currentSize : 47 <-- 453.500885 s
currentSize : 49 <-- 453.501526 s

maxsize : 49
nodes : 141389502.000000
filtered : 782664658.000000
time : 688.863037
