Parameters: GAD=1 vflib=1 dir=0 label=0 vlabel=1 lowerbound=1 fileNameGp=../../cp2016-max-common-connected-subgraph-paper/datasets/graphsdb/mcs70/bvg/b06/mcs70_b06_s60.A03 fileNameGt=../../cp2016-max-common-connected-subgraph-paper/datasets/graphsdb/mcs70/bvg/b06/mcs70_b06_s60.B03
Reading graphs...
60 :  179
60 :  180
Initializing...
maxdom : 7
D->valSize : 270
Solving...
Blb : 5 (clique : 18)
currentSize : 18 <-- 0.001901 s
currentSize : 19 <-- 0.002030 s
currentSize : 21 <-- 0.002156 s
currentSize : 22 <-- 0.002486 s
currentSize : 24 <-- 0.002525 s
currentSize : 25 <-- 0.004640 s
currentSize : 27 <-- 0.004810 s
currentSize : 28 <-- 0.005217 s
currentSize : 29 <-- 0.025104 s
currentSize : 30 <-- 0.027027 s
currentSize : 31 <-- 0.027110 s
currentSize : 33 <-- 0.064261 s
currentSize : 36 <-- 0.384105 s
currentSize : 38 <-- 0.402111 s
currentSize : 41 <-- 0.408370 s
currentSize : 42 <-- 0.617031 s

maxsize : 42
nodes : 191271.000000
filtered : 1046072.000000
time : 0.770695
