Parameters: GAD=1 vflib=1 dir=0 label=0 vlabel=1 lowerbound=1 fileNameGp=../../cp2016-max-common-connected-subgraph-paper/datasets/graphsdb/mcs70/m2D/m2Dr4/mcs70_m2Dr4_s60.A02 fileNameGt=../../cp2016-max-common-connected-subgraph-paper/datasets/graphsdb/mcs70/m2D/m2Dr4/mcs70_m2Dr4_s60.B02
Reading graphs...
60 :  128
60 :  126
Initializing...
maxdom : 7
D->valSize : 278
Solving...
Blb : 2 (clique : 26)
currentSize : 26 <-- 0.003100 s
currentSize : 27 <-- 0.003327 s
currentSize : 28 <-- 0.003435 s
currentSize : 29 <-- 0.004667 s
currentSize : 30 <-- 0.010762 s
currentSize : 31 <-- 0.014446 s
currentSize : 32 <-- 0.015011 s
currentSize : 33 <-- 0.689536 s
currentSize : 34 <-- 0.689662 s
currentSize : 36 <-- 0.766506 s
currentSize : 37 <-- 0.766639 s

maxsize : 37
nodes : 441002.000000
filtered : 1983847.000000
time : 1.880206
