Parameters: GAD=1 vflib=1 dir=0 label=0 vlabel=1 lowerbound=1 fileNameGp=../../cp2016-max-common-connected-subgraph-paper/datasets/graphsdb/mcs70/bvg/b06/mcs70_b06_s50.A07 fileNameGt=../../cp2016-max-common-connected-subgraph-paper/datasets/graphsdb/mcs70/bvg/b06/mcs70_b06_s50.B07
Reading graphs...
50 :  148
50 :  148
Initializing...
maxdom : 10
D->valSize : 339
Solving...
Blb : 2 (clique : 18)
currentSize : 18 <-- 0.003882 s
currentSize : 19 <-- 0.004284 s
currentSize : 20 <-- 0.004944 s
currentSize : 21 <-- 0.005050 s
currentSize : 23 <-- 0.017211 s
currentSize : 24 <-- 0.017300 s
currentSize : 25 <-- 0.042298 s
currentSize : 26 <-- 0.042471 s
currentSize : 27 <-- 0.148998 s
currentSize : 28 <-- 0.149072 s
currentSize : 31 <-- 0.292873 s
currentSize : 35 <-- 0.293356 s

maxsize : 35
nodes : 102248.000000
filtered : 606554.000000
time : 0.438956
