Parameters: GAD=1 vflib=1 dir=0 label=0 vlabel=1 lowerbound=1 fileNameGp=../../cp2016-max-common-connected-subgraph-paper/datasets/graphsdb/mcs70/m2D/m2D/mcs70_m2D_s80.A07 fileNameGt=../../cp2016-max-common-connected-subgraph-paper/datasets/graphsdb/mcs70/m2D/m2D/mcs70_m2D_s80.B07
Reading graphs...
80 :  141
80 :  142
Initializing...
maxdom : 8
D->valSize : 423
Solving...
Blb : 2 (clique : 34)
currentSize : 34 <-- 0.004170 s
currentSize : 36 <-- 0.004423 s
currentSize : 37 <-- 0.004610 s
currentSize : 38 <-- 0.004725 s
currentSize : 39 <-- 0.011751 s
currentSize : 41 <-- 0.011815 s
currentSize : 42 <-- 2.083237 s
currentSize : 43 <-- 2.083290 s
currentSize : 45 <-- 2.151253 s
currentSize : 46 <-- 2.166228 s
currentSize : 47 <-- 7.212654 s
currentSize : 48 <-- 7.632798 s
currentSize : 49 <-- 205.045502 s
currentSize : 50 <-- 205.221085 s

maxsize : 50
nodes : 79955779.000000
filtered : 475483404.000000
time : 424.602325
