Parameters: GAD=1 vflib=1 dir=0 label=0 vlabel=1 lowerbound=1 fileNameGp=../../cp2016-max-common-connected-subgraph-paper/datasets/graphsdb/mcs70/bvg/b03/mcs70_b03_s100.A08 fileNameGt=../../cp2016-max-common-connected-subgraph-paper/datasets/graphsdb/mcs70/bvg/b03/mcs70_b03_s100.B08
Reading graphs...
100 :  150
100 :  150
Initializing...
maxdom : 8
D->valSize : 377
Solving...
Blb : 2 (clique : 49)
currentSize : 49 <-- 0.004509 s
currentSize : 50 <-- 0.005191 s
currentSize : 51 <-- 0.009238 s
currentSize : 52 <-- 0.099864 s
currentSize : 53 <-- 1.315872 s
currentSize : 54 <-- 6.041452 s
currentSize : 55 <-- 6.394585 s
currentSize : 56 <-- 20.233168 s
currentSize : 57 <-- 61.021935 s
currentSize : 58 <-- 143.410355 s
currentSize : 59 <-- 143.416443 s
currentSize : 60 <-- 256.228668 s
currentSize : 61 <-- 256.231964 s
currentSize : 62 <-- 356.186615 s
currentSize : 63 <-- 356.187866 s
currentSize : 64 <-- 589.075684 s
currentSize : 65 <-- 697.686462 s
currentSize : 66 <-- 697.686890 s

TIMEOUT
maxsize : 66
nodes : 234106079.000000
filtered : 557928679.000000
time : 1000.000122
