Parameters: GAD=1 vflib=1 dir=0 label=0 vlabel=1 lowerbound=1 fileNameGp=../../cp2016-max-common-connected-subgraph-paper/datasets/graphsdb/mcs70/bvg/b06/mcs70_b06_s100.A08 fileNameGt=../../cp2016-max-common-connected-subgraph-paper/datasets/graphsdb/mcs70/bvg/b06/mcs70_b06_s100.B08
Reading graphs...
100 :  299
100 :  296
Initializing...
maxdom : 7
D->valSize : 375
Solving...
Blb : 2 (clique : 46)
currentSize : 46 <-- 0.006485 s
currentSize : 52 <-- 0.007101 s
currentSize : 53 <-- 0.013046 s
currentSize : 54 <-- 0.032927 s
currentSize : 55 <-- 0.033173 s
currentSize : 56 <-- 0.033510 s
currentSize : 63 <-- 47.871288 s
currentSize : 65 <-- 52.395191 s
currentSize : 66 <-- 52.395954 s
currentSize : 69 <-- 54.359333 s
currentSize : 70 <-- 54.399651 s

maxsize : 70
nodes : 17060492.000000
filtered : 68225787.000000
time : 86.398422
