Parameters: GAD=1 vflib=1 dir=0 label=0 vlabel=1 lowerbound=1 fileNameGp=../../cp2016-max-common-connected-subgraph-paper/datasets/graphsdb/mcs70/m2D/m2Dr2/mcs70_m2Dr2_s80.A07 fileNameGt=../../cp2016-max-common-connected-subgraph-paper/datasets/graphsdb/mcs70/m2D/m2Dr2/mcs70_m2Dr2_s80.B07
Reading graphs...
80 :  158
80 :  157
Initializing...
maxdom : 11
D->valSize : 450
Solving...
Blb : 2 (clique : 33)
currentSize : 33 <-- 0.004481 s
currentSize : 34 <-- 0.004871 s
currentSize : 35 <-- 0.007202 s
currentSize : 36 <-- 1.855053 s
currentSize : 37 <-- 1.855173 s
currentSize : 38 <-- 1.855382 s
currentSize : 39 <-- 6.360377 s
currentSize : 40 <-- 11.882674 s
currentSize : 41 <-- 11.883476 s
currentSize : 42 <-- 11.936096 s
currentSize : 43 <-- 33.280376 s
currentSize : 44 <-- 55.177280 s
currentSize : 45 <-- 87.662544 s
currentSize : 46 <-- 92.229507 s
currentSize : 47 <-- 109.649956 s
currentSize : 48 <-- 140.510590 s
currentSize : 49 <-- 140.510925 s
currentSize : 50 <-- 140.526825 s

maxsize : 50
nodes : 78843768.000000
filtered : 545822567.000000
time : 402.249664
