Parameters: GAD=1 vflib=1 dir=0 label=0 vlabel=1 lowerbound=1 fileNameGp=../../cp2016-max-common-connected-subgraph-paper/datasets/graphsdb/mcs70/m2D/m2Dr2/mcs70_m2Dr2_s50.A02 fileNameGt=../../cp2016-max-common-connected-subgraph-paper/datasets/graphsdb/mcs70/m2D/m2Dr2/mcs70_m2Dr2_s50.B02
Reading graphs...
50 :  94
50 :  94
Initializing...
maxdom : 10
D->valSize : 365
Solving...
Blb : 2 (clique : 29)
currentSize : 29 <-- 0.002798 s
currentSize : 30 <-- 0.002958 s
currentSize : 31 <-- 0.003036 s
currentSize : 32 <-- 0.003141 s
currentSize : 33 <-- 0.003217 s
currentSize : 34 <-- 0.003279 s
currentSize : 35 <-- 0.148317 s
currentSize : 36 <-- 0.148400 s

maxsize : 36
nodes : 110571.000000
filtered : 811457.000000
time : 0.423748
