Parameters: GAD=1 vflib=1 dir=0 label=0 vlabel=1 lowerbound=1 fileNameGp=../../cp2016-max-common-connected-subgraph-paper/datasets/graphsdb/mcs70/bvg/b03/mcs70_b03_s100.A02 fileNameGt=../../cp2016-max-common-connected-subgraph-paper/datasets/graphsdb/mcs70/bvg/b03/mcs70_b03_s100.B02
Reading graphs...
100 :  150
100 :  150
Initializing...
maxdom : 6
D->valSize : 358
Solving...
Blb : 2 (clique : 44)
currentSize : 44 <-- 0.003917 s
currentSize : 54 <-- 0.004293 s
currentSize : 56 <-- 0.004385 s
currentSize : 57 <-- 0.004962 s
currentSize : 58 <-- 0.052027 s
currentSize : 59 <-- 0.709504 s
currentSize : 60 <-- 0.710467 s
currentSize : 61 <-- 0.731245 s
currentSize : 63 <-- 4.569520 s
currentSize : 65 <-- 4.615971 s
currentSize : 66 <-- 4.645578 s
currentSize : 67 <-- 5.590409 s
currentSize : 68 <-- 8.476946 s
currentSize : 70 <-- 8.477095 s
currentSize : 71 <-- 29.129444 s

maxsize : 71
nodes : 7671244.000000
filtered : 28830136.000000
time : 44.475910
