Parameters: GAD=1 vflib=1 dir=0 label=0 vlabel=1 lowerbound=1 fileNameGp=../../cp2016-max-common-connected-subgraph-paper/datasets/graphsdb/mcs70/bvg/b03/mcs70_b03_s80.A00 fileNameGt=../../cp2016-max-common-connected-subgraph-paper/datasets/graphsdb/mcs70/bvg/b03/mcs70_b03_s80.B00
Reading graphs...
80 :  120
80 :  120
Initializing...
maxdom : 8
D->valSize : 414
Solving...
Blb : 2 (clique : 36)
currentSize : 36 <-- 0.004082 s
currentSize : 37 <-- 0.005252 s
currentSize : 38 <-- 23.798698 s
currentSize : 39 <-- 70.985283 s
currentSize : 41 <-- 99.294022 s
currentSize : 42 <-- 125.628311 s
currentSize : 43 <-- 125.628853 s
currentSize : 44 <-- 148.714157 s
currentSize : 45 <-- 315.550781 s

TIMEOUT
maxsize : 45
nodes : 204347698.000000
filtered : 1350573941.000000
time : 1000.000061
