Parameters: GAD=1 vflib=1 dir=0 label=0 vlabel=1 lowerbound=1 fileNameGp=../../cp2016-max-common-connected-subgraph-paper/datasets/graphsdb/mcs70/bvg/b09/mcs70_b09_s60.A09 fileNameGt=../../cp2016-max-common-connected-subgraph-paper/datasets/graphsdb/mcs70/bvg/b09/mcs70_b09_s60.B09
Reading graphs...
60 :  267
60 :  267
Initializing...
maxdom : 6
D->valSize : 247
Solving...
Blb : 3 (clique : 21)
currentSize : 21 <-- 0.001677 s
currentSize : 22 <-- 0.006124 s
currentSize : 26 <-- 0.013078 s
currentSize : 27 <-- 0.017451 s
currentSize : 28 <-- 0.023112 s
currentSize : 29 <-- 0.033782 s
currentSize : 37 <-- 0.044505 s
currentSize : 40 <-- 0.044631 s
currentSize : 42 <-- 0.069470 s

maxsize : 42
nodes : 23754.000000
filtered : 135950.000000
time : 0.099704
