Parameters: GAD=1 vflib=1 dir=0 label=0 vlabel=1 lowerbound=1 fileNameGp=../../cp2016-max-common-connected-subgraph-paper/datasets/graphsdb/mcs70/bvg/b09/mcs70_b09_s80.A03 fileNameGt=../../cp2016-max-common-connected-subgraph-paper/datasets/graphsdb/mcs70/bvg/b09/mcs70_b09_s80.B03
Reading graphs...
80 :  358
80 :  358
Initializing...
maxdom : 8
D->valSize : 429
Solving...
Blb : 2 (clique : 29)
currentSize : 29 <-- 0.004056 s
currentSize : 34 <-- 0.004345 s
currentSize : 35 <-- 0.004778 s
currentSize : 36 <-- 0.006666 s
currentSize : 37 <-- 0.006755 s
currentSize : 38 <-- 0.014561 s
currentSize : 43 <-- 0.015158 s
currentSize : 45 <-- 0.015540 s
currentSize : 46 <-- 0.016552 s
currentSize : 50 <-- 0.023833 s
currentSize : 53 <-- 0.024028 s
currentSize : 56 <-- 0.025403 s

maxsize : 56
nodes : 2745348.000000
filtered : 19976624.000000
time : 14.483900
