Parameters: GAD=1 vflib=1 dir=0 label=0 vlabel=1 lowerbound=1 fileNameGp=../../cp2016-max-common-connected-subgraph-paper/datasets/graphsdb/mcs70/m3D/m3Dr4/mcs70_m3Dr4_s90.A07 fileNameGt=../../cp2016-max-common-connected-subgraph-paper/datasets/graphsdb/mcs70/m3D/m3Dr4/mcs70_m3Dr4_s90.B07
Reading graphs...
90 :  244
90 :  242
Initializing...
maxdom : 9
D->valSize : 585
Solving...
Blb : 2 (clique : 49)
currentSize : 49 <-- 0.007216 s
currentSize : 51 <-- 0.079152 s
currentSize : 52 <-- 0.954743 s
currentSize : 53 <-- 0.954868 s
currentSize : 55 <-- 1.062217 s
currentSize : 57 <-- 11.580421 s
currentSize : 59 <-- 11.580634 s
currentSize : 60 <-- 11.580986 s
currentSize : 62 <-- 11.581196 s
currentSize : 64 <-- 16.550552 s

maxsize : 64
nodes : 5359399.000000
filtered : 38253330.000000
time : 31.957624
