Parameters: GAD=1 vflib=1 dir=0 label=0 vlabel=1 lowerbound=1 fileNameGp=../../cp2016-max-common-connected-subgraph-paper/datasets/graphsdb/mcs70/m3D/m3D/mcs70_m3D_s100.A02 fileNameGt=../../cp2016-max-common-connected-subgraph-paper/datasets/graphsdb/mcs70/m3D/m3D/mcs70_m3D_s100.B02
Reading graphs...
100 :  235
100 :  234
Initializing...
maxdom : 6
D->valSize : 357
Solving...
Blb : 2 (clique : 46)
currentSize : 46 <-- 0.003631 s
currentSize : 47 <-- 0.003953 s
currentSize : 48 <-- 0.121681 s
currentSize : 50 <-- 0.186480 s
currentSize : 52 <-- 38.945671 s
currentSize : 53 <-- 55.471512 s
currentSize : 54 <-- 55.472954 s
currentSize : 56 <-- 110.328217 s
currentSize : 58 <-- 110.328552 s
currentSize : 59 <-- 128.694565 s
currentSize : 60 <-- 128.705292 s
currentSize : 61 <-- 317.434265 s
currentSize : 62 <-- 317.490936 s
currentSize : 63 <-- 364.452423 s
currentSize : 64 <-- 364.592987 s

maxsize : 64
nodes : 112220814.000000
filtered : 402475363.000000
time : 589.749512
