Parameters: GAD=1 vflib=1 dir=0 label=0 vlabel=1 lowerbound=1 fileNameGp=../../cp2016-max-common-connected-subgraph-paper/datasets/graphsdb/mcs70/rand/r005/mcs70_r005_s100.A03 fileNameGt=../../cp2016-max-common-connected-subgraph-paper/datasets/graphsdb/mcs70/rand/r005/mcs70_r005_s100.B03
Reading graphs...
100 :  480
100 :  478
Initializing...
maxdom : 8
D->valSize : 391
Solving...
Blb : 2 (clique : 33)
currentSize : 33 <-- 0.003959 s
currentSize : 35 <-- 0.014051 s
currentSize : 38 <-- 0.014198 s
currentSize : 39 <-- 0.017611 s
currentSize : 40 <-- 0.019348 s
currentSize : 43 <-- 0.019533 s
currentSize : 44 <-- 0.029803 s
currentSize : 48 <-- 0.037974 s
currentSize : 49 <-- 0.069047 s
currentSize : 51 <-- 0.069190 s
currentSize : 53 <-- 0.124050 s
currentSize : 59 <-- 0.133059 s
currentSize : 60 <-- 0.187560 s
currentSize : 62 <-- 0.350734 s
currentSize : 70 <-- 0.366419 s

maxsize : 70
nodes : 146424.000000
filtered : 703877.000000
time : 0.798040
