Parameters: GAD=1 vflib=1 dir=0 label=0 vlabel=1 lowerbound=1 fileNameGp=../../cp2016-max-common-connected-subgraph-paper/datasets/graphsdb/mcs70/rand/r005/mcs70_r005_s80.A04 fileNameGt=../../cp2016-max-common-connected-subgraph-paper/datasets/graphsdb/mcs70/rand/r005/mcs70_r005_s80.B04
Reading graphs...
80 :  309
80 :  310
Initializing...
maxdom : 10
D->valSize : 451
Solving...
Blb : 2 (clique : 39)
currentSize : 39 <-- 0.004489 s
currentSize : 40 <-- 0.004723 s
currentSize : 45 <-- 0.005013 s
currentSize : 48 <-- 0.009531 s
currentSize : 49 <-- 0.469788 s
currentSize : 52 <-- 0.554205 s
currentSize : 56 <-- 0.564553 s

maxsize : 56
nodes : 139749.000000
filtered : 1559650.000000
time : 0.858552
