Parameters: GAD=1 vflib=1 dir=0 label=0 vlabel=1 lowerbound=1 fileNameGp=../../cp2016-max-common-connected-subgraph-paper/datasets/graphsdb/mcs70/rand/r02/mcs70_r02_s90.A09 fileNameGt=../../cp2016-max-common-connected-subgraph-paper/datasets/graphsdb/mcs70/rand/r02/mcs70_r02_s90.B09
Reading graphs...
90 :  1425
90 :  1432
Initializing...
maxdom : 10
D->valSize : 586
Solving...
Blb : 2 (clique : 13)
currentSize : 13 <-- 0.006498 s
currentSize : 14 <-- 0.006627 s
currentSize : 16 <-- 0.006831 s
currentSize : 19 <-- 0.007328 s
currentSize : 20 <-- 0.009366 s
currentSize : 24 <-- 0.013755 s
currentSize : 37 <-- 0.020621 s
currentSize : 63 <-- 0.053099 s

maxsize : 63
nodes : 9753.000000
filtered : 183809.000000
time : 0.077342
