Parameters: GAD=1 vflib=1 dir=0 label=0 vlabel=1 lowerbound=1 fileNameGp=../../cp2016-max-common-connected-subgraph-paper/datasets/graphsdb/mcs70/m3D/m3Dr6/mcs70_m3Dr6_s40.A07 fileNameGt=../../cp2016-max-common-connected-subgraph-paper/datasets/graphsdb/mcs70/m3D/m3Dr6/mcs70_m3Dr6_s40.B07
Reading graphs...
40 :  107
40 :  104
Initializing...
maxdom : 8
D->valSize : 226
Solving...
Blb : 2 (clique : 17)
currentSize : 17 <-- 0.001294 s
currentSize : 18 <-- 0.005717 s
currentSize : 19 <-- 0.079595 s
currentSize : 20 <-- 0.090711 s
currentSize : 22 <-- 0.090745 s
currentSize : 23 <-- 0.090792 s
currentSize : 24 <-- 0.091093 s
currentSize : 26 <-- 0.091160 s
currentSize : 27 <-- 0.091222 s

maxsize : 27
nodes : 30610.000000
filtered : 191410.000000
time : 0.106168
