Parameters: GAD=1 vflib=1 dir=0 label=0 vlabel=1 lowerbound=1 fileNameGp=../../cp2016-max-common-connected-subgraph-paper/datasets/graphsdb/mcs70/m3D/m3Dr6/mcs70_m3Dr6_s90.A03 fileNameGt=../../cp2016-max-common-connected-subgraph-paper/datasets/graphsdb/mcs70/m3D/m3Dr6/mcs70_m3Dr6_s90.B03
Reading graphs...
90 :  257
90 :  256
Initializing...
maxdom : 10
D->valSize : 541
Solving...
Blb : 3 (clique : 49)
currentSize : 49 <-- 0.006560 s
currentSize : 50 <-- 0.401373 s
currentSize : 51 <-- 0.401518 s
currentSize : 52 <-- 0.463051 s
currentSize : 53 <-- 0.463282 s
currentSize : 54 <-- 5.669964 s
currentSize : 56 <-- 5.670175 s
currentSize : 57 <-- 5.671353 s
currentSize : 58 <-- 5.695770 s
currentSize : 59 <-- 5.695983 s
currentSize : 60 <-- 58.635841 s
currentSize : 61 <-- 58.649574 s
currentSize : 63 <-- 58.671410 s
currentSize : 64 <-- 58.671871 s

maxsize : 64
nodes : 19354450.000000
filtered : 131554079.000000
time : 106.962006
