Parameters: GAD=1 vflib=1 dir=0 label=0 vlabel=1 lowerbound=1 fileNameGp=../../cp2016-max-common-connected-subgraph-paper/datasets/graphsdb/mcs70/bvg/b03/mcs70_b03_s70.A09 fileNameGt=../../cp2016-max-common-connected-subgraph-paper/datasets/graphsdb/mcs70/bvg/b03/mcs70_b03_s70.B09
Reading graphs...
70 :  105
70 :  105
Initializing...
maxdom : 8
D->valSize : 340
Solving...
Blb : 2 (clique : 36)
currentSize : 36 <-- 0.004645 s
currentSize : 37 <-- 8.359015 s
currentSize : 38 <-- 133.070374 s
currentSize : 40 <-- 138.218964 s
currentSize : 41 <-- 162.897095 s
currentSize : 42 <-- 162.900925 s
currentSize : 44 <-- 203.320312 s
currentSize : 45 <-- 213.663284 s
currentSize : 47 <-- 251.069168 s
currentSize : 48 <-- 252.210037 s

maxsize : 48
nodes : 57361161.000000
filtered : 344710591.000000
time : 253.883850
