Parameters: GAD=1 vflib=1 dir=0 label=0 vlabel=1 lowerbound=1 fileNameGp=../../cp2016-max-common-connected-subgraph-paper/datasets/graphsdb/mcs70/bvg/b03/mcs70_b03_s90.A08 fileNameGt=../../cp2016-max-common-connected-subgraph-paper/datasets/graphsdb/mcs70/bvg/b03/mcs70_b03_s90.B08
Reading graphs...
90 :  135
90 :  135
Initializing...
maxdom : 8
D->valSize : 553
Solving...
Blb : 2 (clique : 36)
currentSize : 36 <-- 0.011143 s
currentSize : 43 <-- 0.011631 s
currentSize : 44 <-- 0.083241 s
currentSize : 45 <-- 0.083259 s
currentSize : 46 <-- 0.168811 s
currentSize : 47 <-- 0.168840 s
currentSize : 48 <-- 9.163203 s
currentSize : 49 <-- 24.784067 s

TIMEOUT
maxsize : 49
nodes : 190571854.000000
filtered : 1224995314.000000
time : 1000.000061
