Parameters: GAD=1 vflib=1 dir=0 label=0 vlabel=1 lowerbound=1 fileNameGp=../../cp2016-max-common-connected-subgraph-paper/datasets/graphsdb/mcs70/bvg/b06m/mcs70_b06m_s60.A07 fileNameGt=../../cp2016-max-common-connected-subgraph-paper/datasets/graphsdb/mcs70/bvg/b06m/mcs70_b06m_s60.B07
Reading graphs...
60 :  178
60 :  179
Initializing...
maxdom : 9
D->valSize : 278
Solving...
Blb : 3 (clique : 31)
currentSize : 31 <-- 0.001991 s
currentSize : 32 <-- 0.011732 s
currentSize : 33 <-- 0.056916 s
currentSize : 34 <-- 0.302590 s
currentSize : 35 <-- 0.409944 s
currentSize : 37 <-- 0.538116 s
currentSize : 39 <-- 0.538200 s
currentSize : 40 <-- 0.636653 s
currentSize : 42 <-- 0.692333 s

maxsize : 42
nodes : 191586.000000
filtered : 932318.000000
time : 0.739652
