Parameters: GAD=1 vflib=1 dir=0 label=0 vlabel=1 lowerbound=1 fileNameGp=../../cp2016-max-common-connected-subgraph-paper/datasets/graphsdb/mcs70/rand/r005/mcs70_r005_s100.A01 fileNameGt=../../cp2016-max-common-connected-subgraph-paper/datasets/graphsdb/mcs70/rand/r005/mcs70_r005_s100.B01
Reading graphs...
100 :  484
100 :  484
Initializing...
maxdom : 8
D->valSize : 396
Solving...
Blb : 3 (clique : 28)
currentSize : 28 <-- 0.006378 s
currentSize : 29 <-- 0.006788 s
currentSize : 30 <-- 0.010162 s
currentSize : 33 <-- 0.020268 s
currentSize : 36 <-- 0.034914 s
currentSize : 37 <-- 0.035554 s
currentSize : 40 <-- 0.059693 s
currentSize : 42 <-- 0.060301 s
currentSize : 43 <-- 0.061278 s
currentSize : 44 <-- 0.120151 s
currentSize : 45 <-- 0.320270 s
currentSize : 48 <-- 0.320804 s
currentSize : 50 <-- 0.321185 s
currentSize : 51 <-- 0.675466 s
currentSize : 55 <-- 0.676192 s
currentSize : 60 <-- 0.824103 s
currentSize : 64 <-- 0.899323 s
currentSize : 70 <-- 0.901821 s

maxsize : 70
nodes : 175759.000000
filtered : 928420.000000
time : 1.047155
