Parameters: GAD=1 vflib=1 dir=0 label=0 vlabel=1 lowerbound=1 fileNameGp=../../cp2016-max-common-connected-subgraph-paper/datasets/graphsdb/mcs70/bvg/b03m/mcs70_b03m_s60.A06 fileNameGt=../../cp2016-max-common-connected-subgraph-paper/datasets/graphsdb/mcs70/bvg/b03m/mcs70_b03m_s60.B06
Reading graphs...
60 :  89
60 :  89
Initializing...
maxdom : 7
D->valSize : 247
Solving...
Blb : 3 (clique : 29)
currentSize : 29 <-- 0.002880 s
currentSize : 30 <-- 0.115978 s
currentSize : 31 <-- 0.116166 s
currentSize : 32 <-- 0.147135 s
currentSize : 33 <-- 0.421145 s
currentSize : 34 <-- 0.421572 s
currentSize : 35 <-- 0.961542 s
currentSize : 36 <-- 1.648059 s
currentSize : 37 <-- 2.194845 s
currentSize : 38 <-- 2.195112 s
currentSize : 39 <-- 2.484237 s
currentSize : 40 <-- 2.484300 s
currentSize : 41 <-- 4.076514 s
currentSize : 42 <-- 4.076541 s

maxsize : 42
nodes : 1652852.000000
filtered : 6047574.000000
time : 6.388746
