Parameters: GAD=1 vflib=1 dir=0 label=0 vlabel=1 lowerbound=1 fileNameGp=../../cp2016-max-common-connected-subgraph-paper/datasets/graphsdb/mcs70/m2D/m2Dr4/mcs70_m2Dr4_s90.A05 fileNameGt=../../cp2016-max-common-connected-subgraph-paper/datasets/graphsdb/mcs70/m2D/m2Dr4/mcs70_m2Dr4_s90.B05
Reading graphs...
90 :  196
90 :  196
Initializing...
maxdom : 11
D->valSize : 570
Solving...
Blb : 2 (clique : 42)
currentSize : 42 <-- 0.011592 s
currentSize : 43 <-- 0.012112 s
currentSize : 44 <-- 0.023666 s
currentSize : 45 <-- 0.023809 s
currentSize : 46 <-- 0.076480 s
currentSize : 47 <-- 0.090891 s
currentSize : 49 <-- 0.272058 s
currentSize : 50 <-- 0.566146 s
currentSize : 51 <-- 0.566887 s
currentSize : 53 <-- 3.102783 s
currentSize : 55 <-- 3.278145 s
currentSize : 56 <-- 70.604675 s
currentSize : 58 <-- 72.254181 s
currentSize : 60 <-- 72.424736 s
currentSize : 61 <-- 455.231781 s
currentSize : 62 <-- 455.436859 s
currentSize : 64 <-- 455.452789 s

TIMEOUT
maxsize : 64
nodes : 193250919.000000
filtered : 1062331040.000000
time : 1000.000122
