Parameters: GAD=1 vflib=1 dir=0 label=0 vlabel=1 lowerbound=1 fileNameGp=../../cp2016-max-common-connected-subgraph-paper/datasets/graphsdb/mcs70/bvg/b06m/mcs70_b06m_s90.A00 fileNameGt=../../cp2016-max-common-connected-subgraph-paper/datasets/graphsdb/mcs70/bvg/b06m/mcs70_b06m_s90.B00
Reading graphs...
90 :  267
90 :  266
Initializing...
maxdom : 10
D->valSize : 546
Solving...
Blb : 3 (clique : 43)
currentSize : 43 <-- 0.010525 s
currentSize : 44 <-- 3.503073 s
currentSize : 45 <-- 3.519413 s
currentSize : 46 <-- 3.570768 s
currentSize : 47 <-- 51.612644 s
currentSize : 48 <-- 151.558350 s
currentSize : 50 <-- 151.967270 s
currentSize : 51 <-- 190.828064 s
currentSize : 53 <-- 190.875870 s
currentSize : 54 <-- 198.202499 s
currentSize : 55 <-- 219.882446 s
currentSize : 57 <-- 220.130096 s
currentSize : 58 <-- 239.017715 s
currentSize : 59 <-- 239.018051 s
currentSize : 60 <-- 262.376099 s
currentSize : 62 <-- 287.548065 s
currentSize : 63 <-- 287.548645 s

maxsize : 63
nodes : 50972173.000000
filtered : 399411867.000000
time : 299.244843
