Parameters: GAD=1 vflib=1 dir=0 label=0 vlabel=1 lowerbound=1 fileNameGp=../../cp2016-max-common-connected-subgraph-paper/datasets/graphsdb/mcs70/m3D/m3Dr4/mcs70_m3Dr4_s100.A04 fileNameGt=../../cp2016-max-common-connected-subgraph-paper/datasets/graphsdb/mcs70/m3D/m3Dr4/mcs70_m3Dr4_s100.B04
Reading graphs...
100 :  274
100 :  271
Initializing...
maxdom : 6
D->valSize : 352
Solving...
Blb : 3 (clique : 53)
currentSize : 53 <-- 0.003717 s
currentSize : 54 <-- 24.534136 s
currentSize : 55 <-- 32.153431 s
currentSize : 56 <-- 75.030113 s
currentSize : 57 <-- 75.126297 s
currentSize : 58 <-- 384.230347 s
currentSize : 61 <-- 384.283905 s
currentSize : 64 <-- 392.878326 s

maxsize : 64
nodes : 172871351.000000
filtered : 686255072.000000
time : 913.454590
