Parameters: GAD=1 vflib=1 dir=0 label=0 vlabel=1 lowerbound=1 fileNameGp=../../cp2016-max-common-connected-subgraph-paper/datasets/graphsdb/mcs70/m2D/m2Dr6/mcs70_m2Dr6_s100.A05 fileNameGt=../../cp2016-max-common-connected-subgraph-paper/datasets/graphsdb/mcs70/m2D/m2Dr6/mcs70_m2Dr6_s100.B05
Reading graphs...
100 :  237
100 :  237
Initializing...
maxdom : 7
D->valSize : 390
Solving...
Blb : 2 (clique : 54)
currentSize : 54 <-- 0.004261 s
currentSize : 55 <-- 0.004772 s
currentSize : 56 <-- 0.004997 s
currentSize : 59 <-- 0.005167 s
currentSize : 61 <-- 0.151286 s
currentSize : 63 <-- 546.607605 s

TIMEOUT
maxsize : 63
nodes : 181424995.000000
filtered : 750096224.000000
time : 1000.000122
