Parameters: GAD=1 vflib=1 dir=0 label=0 vlabel=1 lowerbound=1 fileNameGp=../../cp2016-max-common-connected-subgraph-paper/datasets/graphsdb/mcs70/bvg/b03/mcs70_b03_s50.A00 fileNameGt=../../cp2016-max-common-connected-subgraph-paper/datasets/graphsdb/mcs70/bvg/b03/mcs70_b03_s50.B00
Reading graphs...
50 :  75
50 :  75
Initializing...
maxdom : 8
D->valSize : 310
Solving...
Blb : 2 (clique : 22)
currentSize : 22 <-- 0.002338 s
currentSize : 23 <-- 0.002817 s
currentSize : 25 <-- 0.056610 s
currentSize : 26 <-- 0.127994 s
currentSize : 27 <-- 0.129869 s
currentSize : 28 <-- 0.242905 s
currentSize : 29 <-- 2.774774 s
currentSize : 30 <-- 3.411766 s
currentSize : 31 <-- 11.552335 s
currentSize : 32 <-- 13.318712 s
currentSize : 34 <-- 16.410269 s
currentSize : 36 <-- 20.254761 s

maxsize : 36
nodes : 5314978.000000
filtered : 45707744.000000
time : 20.695093
