Parameters: GAD=1 vflib=1 dir=0 label=0 vlabel=1 lowerbound=1 fileNameGp=../../cp2016-max-common-connected-subgraph-paper/datasets/graphsdb/mcs70/m2D/m2D/mcs70_m2D_s90.A00 fileNameGt=../../cp2016-max-common-connected-subgraph-paper/datasets/graphsdb/mcs70/m2D/m2D/mcs70_m2D_s90.B00
Reading graphs...
90 :  161
90 :  161
Initializing...
maxdom : 9
D->valSize : 539
Solving...
Blb : 2 (clique : 52)
currentSize : 52 <-- 0.006264 s
currentSize : 53 <-- 0.012850 s
currentSize : 56 <-- 0.015313 s
currentSize : 57 <-- 0.635039 s
currentSize : 58 <-- 0.635624 s
currentSize : 61 <-- 0.635960 s
currentSize : 62 <-- 869.290405 s
currentSize : 63 <-- 869.290588 s
currentSize : 64 <-- 869.293213 s

TIMEOUT
maxsize : 64
nodes : 190374205.000000
filtered : 926293896.000000
time : 1000.000122
