Parameters: GAD=1 vflib=1 dir=0 label=0 vlabel=1 lowerbound=1 fileNameGp=../../cp2016-max-common-connected-subgraph-paper/datasets/graphsdb/mcs70/m3D/m3D/mcs70_m3D_s100.A00 fileNameGt=../../cp2016-max-common-connected-subgraph-paper/datasets/graphsdb/mcs70/m3D/m3D/mcs70_m3D_s100.B00
Reading graphs...
100 :  235
100 :  234
Initializing...
maxdom : 6
D->valSize : 368
Solving...
Blb : 3 (clique : 38)
currentSize : 38 <-- 0.006377 s
currentSize : 39 <-- 0.026018 s
currentSize : 40 <-- 0.152382 s
currentSize : 41 <-- 0.157049 s
currentSize : 42 <-- 0.307608 s
currentSize : 43 <-- 0.311721 s
currentSize : 44 <-- 0.578909 s
currentSize : 46 <-- 0.606046 s
currentSize : 47 <-- 0.608658 s
currentSize : 48 <-- 3.592246 s
currentSize : 50 <-- 3.600387 s
currentSize : 51 <-- 16.081253 s
currentSize : 52 <-- 35.291916 s
currentSize : 54 <-- 59.239109 s
currentSize : 55 <-- 70.704735 s
currentSize : 57 <-- 72.175232 s
currentSize : 58 <-- 72.247185 s
currentSize : 59 <-- 115.531792 s
currentSize : 61 <-- 115.532120 s
currentSize : 62 <-- 206.411728 s
currentSize : 63 <-- 292.491455 s
currentSize : 65 <-- 292.492065 s

maxsize : 65
nodes : 85818012.000000
filtered : 254597024.000000
time : 424.108032
