Parameters: GAD=1 vflib=1 dir=0 label=0 vlabel=1 lowerbound=1 fileNameGp=../../cp2016-max-common-connected-subgraph-paper/datasets/graphsdb/mcs70/bvg/b03m/mcs70_b03m_s100.A09 fileNameGt=../../cp2016-max-common-connected-subgraph-paper/datasets/graphsdb/mcs70/bvg/b03m/mcs70_b03m_s100.B09
Reading graphs...
100 :  149
100 :  150
Initializing...
maxdom : 9
D->valSize : 399
Solving...
Blb : 2 (clique : 46)
currentSize : 46 <-- 0.004319 s
currentSize : 47 <-- 0.004666 s
currentSize : 48 <-- 0.005018 s
currentSize : 49 <-- 0.005649 s
currentSize : 50 <-- 0.006049 s
currentSize : 51 <-- 0.007700 s
currentSize : 52 <-- 0.010439 s
currentSize : 53 <-- 0.012434 s
currentSize : 54 <-- 0.015336 s
currentSize : 55 <-- 0.016441 s
currentSize : 56 <-- 0.036408 s
currentSize : 57 <-- 5.931365 s
currentSize : 58 <-- 52.679020 s
currentSize : 59 <-- 491.251801 s
currentSize : 60 <-- 491.799225 s
currentSize : 61 <-- 528.594055 s
currentSize : 62 <-- 529.382263 s
currentSize : 63 <-- 766.796814 s
currentSize : 64 <-- 767.578735 s

TIMEOUT
maxsize : 64
nodes : 198583066.000000
filtered : 711851375.000000
time : 1000.000122
