Parameters: GAD=1 vflib=1 dir=0 label=0 vlabel=1 lowerbound=1 fileNameGp=../../cp2016-max-common-connected-subgraph-paper/datasets/graphsdb/mcs70/bvg/b06m/mcs70_b06m_s80.A05 fileNameGt=../../cp2016-max-common-connected-subgraph-paper/datasets/graphsdb/mcs70/bvg/b06m/mcs70_b06m_s80.B05
Reading graphs...
80 :  239
80 :  239
Initializing...
maxdom : 8
D->valSize : 444
Solving...
Blb : 2 (clique : 37)
currentSize : 37 <-- 0.004469 s
currentSize : 38 <-- 0.004705 s
currentSize : 40 <-- 0.004801 s
currentSize : 42 <-- 0.004971 s
currentSize : 44 <-- 0.014488 s
currentSize : 45 <-- 0.027657 s
currentSize : 47 <-- 0.042236 s
currentSize : 48 <-- 0.212213 s
currentSize : 50 <-- 0.279086 s
currentSize : 52 <-- 0.279153 s
currentSize : 54 <-- 49.881943 s
currentSize : 56 <-- 49.886871 s

maxsize : 56
nodes : 16335313.000000
filtered : 83708506.000000
time : 75.324394
