Parameters: GAD=1 vflib=1 dir=0 label=0 vlabel=1 lowerbound=1 fileNameGp=../../cp2016-max-common-connected-subgraph-paper/datasets/graphsdb/mcs70/bvg/b03/mcs70_b03_s70.A05 fileNameGt=../../cp2016-max-common-connected-subgraph-paper/datasets/graphsdb/mcs70/bvg/b03/mcs70_b03_s70.B05
Reading graphs...
70 :  105
70 :  105
Initializing...
maxdom : 8
D->valSize : 357
Solving...
Blb : 2 (clique : 33)
currentSize : 33 <-- 0.003087 s
currentSize : 34 <-- 0.006851 s
currentSize : 36 <-- 0.018014 s
currentSize : 37 <-- 0.018041 s
currentSize : 38 <-- 0.018146 s
currentSize : 40 <-- 0.072825 s
currentSize : 41 <-- 0.072892 s
currentSize : 44 <-- 16.621901 s
currentSize : 45 <-- 16.621996 s
currentSize : 48 <-- 117.927689 s
currentSize : 49 <-- 117.927879 s

maxsize : 49
nodes : 37156252.000000
filtered : 226623841.000000
time : 167.055252
