Parameters: GAD=1 vflib=1 dir=0 label=0 vlabel=1 lowerbound=1 fileNameGp=../../cp2016-max-common-connected-subgraph-paper/datasets/graphsdb/mcs70/m3D/m3Dr6/mcs70_m3Dr6_s40.A03 fileNameGt=../../cp2016-max-common-connected-subgraph-paper/datasets/graphsdb/mcs70/m3D/m3Dr6/mcs70_m3Dr6_s40.B03
Reading graphs...
40 :  106
40 :  101
Initializing...
maxdom : 8
D->valSize : 214
Solving...
Blb : 2 (clique : 13)
currentSize : 13 <-- 0.001181 s
currentSize : 14 <-- 0.001248 s
currentSize : 15 <-- 0.001399 s
currentSize : 16 <-- 0.001713 s
currentSize : 17 <-- 0.023626 s
currentSize : 18 <-- 0.081743 s
currentSize : 19 <-- 0.082065 s
currentSize : 20 <-- 0.269056 s
currentSize : 21 <-- 0.322555 s
currentSize : 22 <-- 0.322588 s
currentSize : 24 <-- 0.335595 s
currentSize : 26 <-- 0.346168 s
currentSize : 27 <-- 0.363302 s

maxsize : 27
nodes : 113493.000000
filtered : 719564.000000
time : 0.380298
