Parameters: GAD=1 vflib=1 dir=0 label=0 vlabel=1 lowerbound=1 fileNameGp=../../cp2016-max-common-connected-subgraph-paper/datasets/graphsdb/mcs70/rand/r01/mcs70_r01_s90.A02 fileNameGt=../../cp2016-max-common-connected-subgraph-paper/datasets/graphsdb/mcs70/rand/r01/mcs70_r01_s90.B02
Reading graphs...
90 :  762
90 :  756
Initializing...
maxdom : 10
D->valSize : 563
Solving...
Blb : 5 (clique : 17)
currentSize : 17 <-- 0.006281 s
currentSize : 18 <-- 0.015097 s
currentSize : 19 <-- 0.255240 s
currentSize : 21 <-- 1.157046 s
currentSize : 23 <-- 1.157804 s
currentSize : 24 <-- 1.331324 s
currentSize : 27 <-- 2.599188 s
currentSize : 28 <-- 2.857573 s
currentSize : 29 <-- 3.273848 s
currentSize : 31 <-- 3.274794 s
currentSize : 34 <-- 3.634024 s
currentSize : 35 <-- 4.367806 s
currentSize : 37 <-- 4.768989 s
currentSize : 45 <-- 5.048021 s
currentSize : 63 <-- 5.169310 s

maxsize : 63
nodes : 877627.000000
filtered : 8005552.000000
time : 5.220288
