Parameters: GAD=1 vflib=1 dir=0 label=0 vlabel=1 lowerbound=1 fileNameGp=../../cp2016-max-common-connected-subgraph-paper/datasets/graphsdb/mcs70/bvg/b09/mcs70_b09_s100.A01 fileNameGt=../../cp2016-max-common-connected-subgraph-paper/datasets/graphsdb/mcs70/bvg/b09/mcs70_b09_s100.B01
Reading graphs...
100 :  448
100 :  450
Initializing...
maxdom : 8
D->valSize : 370
Solving...
Blb : 2 (clique : 34)
currentSize : 34 <-- 0.003723 s
currentSize : 35 <-- 0.003971 s
currentSize : 36 <-- 0.004127 s
currentSize : 37 <-- 0.009964 s
currentSize : 45 <-- 0.384302 s
currentSize : 46 <-- 0.385856 s
currentSize : 47 <-- 0.386047 s
currentSize : 51 <-- 4.825792 s
currentSize : 54 <-- 4.826134 s
currentSize : 56 <-- 8.756666 s
currentSize : 59 <-- 8.766198 s
currentSize : 66 <-- 23.072781 s
currentSize : 70 <-- 23.076111 s

maxsize : 70
nodes : 4679782.000000
filtered : 24998008.000000
time : 26.676861
