Parameters: GAD=1 vflib=1 dir=0 label=0 vlabel=1 lowerbound=1 fileNameGp=../../cp2016-max-common-connected-subgraph-paper/datasets/graphsdb/mcs70/bvg/b03m/mcs70_b03m_s60.A00 fileNameGt=../../cp2016-max-common-connected-subgraph-paper/datasets/graphsdb/mcs70/bvg/b03m/mcs70_b03m_s60.B00
Reading graphs...
60 :  89
60 :  88
Initializing...
maxdom : 6
D->valSize : 232
Solving...
Blb : 3 (clique : 29)
currentSize : 29 <-- 0.001723 s
currentSize : 30 <-- 0.391639 s
currentSize : 31 <-- 1.233949 s
currentSize : 32 <-- 2.685329 s
currentSize : 33 <-- 2.687226 s
currentSize : 34 <-- 3.538776 s
currentSize : 35 <-- 3.539442 s
currentSize : 36 <-- 4.482864 s
currentSize : 37 <-- 4.482928 s
currentSize : 41 <-- 4.567171 s
currentSize : 42 <-- 5.051673 s
currentSize : 43 <-- 5.228780 s
currentSize : 44 <-- 5.228847 s

maxsize : 44
nodes : 1479836.000000
filtered : 5935017.000000
time : 5.462282
