Parameters: GAD=1 vflib=1 dir=0 label=0 vlabel=1 lowerbound=1 fileNameGp=../../cp2016-max-common-connected-subgraph-paper/datasets/graphsdb/mcs70/m2D/m2Dr4/mcs70_m2Dr4_s90.A06 fileNameGt=../../cp2016-max-common-connected-subgraph-paper/datasets/graphsdb/mcs70/m2D/m2Dr4/mcs70_m2Dr4_s90.B06
Reading graphs...
90 :  196
90 :  196
Initializing...
maxdom : 9
D->valSize : 521
Solving...
Blb : 3 (clique : 43)
currentSize : 43 <-- 0.009703 s
currentSize : 44 <-- 39.273083 s
currentSize : 45 <-- 39.670273 s
currentSize : 46 <-- 113.618355 s
currentSize : 47 <-- 214.658661 s
currentSize : 48 <-- 215.348282 s
currentSize : 49 <-- 215.348877 s
currentSize : 51 <-- 326.688843 s
currentSize : 52 <-- 355.005707 s
currentSize : 53 <-- 355.037323 s
currentSize : 55 <-- 355.040405 s
currentSize : 56 <-- 769.997559 s
currentSize : 57 <-- 776.488586 s

TIMEOUT
maxsize : 57
nodes : 181618552.000000
filtered : 1091636030.000000
time : 1000.000122
