Parameters: GAD=1 vflib=1 dir=0 label=0 vlabel=1 lowerbound=1 fileNameGp=../../cp2016-max-common-connected-subgraph-paper/datasets/graphsdb/mcs70/m2D/m2D/mcs70_m2D_s100.A08 fileNameGt=../../cp2016-max-common-connected-subgraph-paper/datasets/graphsdb/mcs70/m2D/m2D/mcs70_m2D_s100.B08
Reading graphs...
100 :  179
100 :  180
Initializing...
maxdom : 8
D->valSize : 360
Solving...
Blb : 5 (clique : 42)
currentSize : 42 <-- 0.003923 s
currentSize : 43 <-- 0.004280 s
currentSize : 44 <-- 0.004442 s
currentSize : 47 <-- 0.005596 s
currentSize : 49 <-- 0.032349 s
currentSize : 50 <-- 0.044019 s
currentSize : 52 <-- 4.774205 s
currentSize : 53 <-- 4.775709 s
currentSize : 54 <-- 6.850647 s
currentSize : 57 <-- 7.913948 s
currentSize : 58 <-- 7.914204 s
currentSize : 59 <-- 12.512153 s
currentSize : 61 <-- 38.814320 s
currentSize : 62 <-- 38.821232 s
currentSize : 63 <-- 45.175797 s
currentSize : 64 <-- 45.180984 s

maxsize : 64
nodes : 37256495.000000
filtered : 133895417.000000
time : 202.428787
