Parameters: GAD=1 vflib=1 dir=0 label=0 vlabel=1 lowerbound=1 fileNameGp=../../cp2016-max-common-connected-subgraph-paper/datasets/graphsdb/mcs70/bvg/b06/mcs70_b06_s60.A00 fileNameGt=../../cp2016-max-common-connected-subgraph-paper/datasets/graphsdb/mcs70/bvg/b06/mcs70_b06_s60.B00
Reading graphs...
60 :  180
60 :  179
Initializing...
maxdom : 7
D->valSize : 226
Solving...
Blb : 2 (clique : 19)
currentSize : 19 <-- 0.002402 s
currentSize : 20 <-- 0.002560 s
currentSize : 21 <-- 0.081835 s
currentSize : 22 <-- 0.082434 s
currentSize : 23 <-- 0.099317 s
currentSize : 28 <-- 0.224907 s
currentSize : 29 <-- 0.597540 s
currentSize : 30 <-- 0.815147 s
currentSize : 34 <-- 0.899686 s
currentSize : 35 <-- 0.899807 s
currentSize : 36 <-- 0.903324 s
currentSize : 37 <-- 1.210089 s
currentSize : 39 <-- 1.210271 s
currentSize : 41 <-- 1.224887 s
currentSize : 42 <-- 1.237215 s

maxsize : 42
nodes : 344149.000000
filtered : 1201334.000000
time : 1.329561
