Parameters: GAD=1 vflib=1 dir=0 label=0 vlabel=1 lowerbound=1 fileNameGp=../../cp2016-max-common-connected-subgraph-paper/datasets/graphsdb/mcs70/rand/r01/mcs70_r01_s60.A03 fileNameGt=../../cp2016-max-common-connected-subgraph-paper/datasets/graphsdb/mcs70/rand/r01/mcs70_r01_s60.B03
Reading graphs...
60 :  336
60 :  339
Initializing...
maxdom : 7
D->valSize : 263
Solving...
Blb : 2 (clique : 17)
currentSize : 17 <-- 0.002839 s
currentSize : 18 <-- 0.003732 s
currentSize : 20 <-- 0.005862 s
currentSize : 21 <-- 0.005925 s
currentSize : 22 <-- 0.010204 s
currentSize : 25 <-- 0.011065 s
currentSize : 26 <-- 0.011138 s
currentSize : 28 <-- 0.026370 s
currentSize : 30 <-- 0.026453 s
currentSize : 33 <-- 0.053794 s
currentSize : 42 <-- 0.068388 s

maxsize : 42
nodes : 10351.000000
filtered : 76915.000000
time : 0.074958
