Parameters: GAD=1 vflib=1 dir=0 label=0 vlabel=1 lowerbound=1 fileNameGp=../../cp2016-max-common-connected-subgraph-paper/datasets/graphsdb/mcs70/bvg/b06/mcs70_b06_s35.A07 fileNameGt=../../cp2016-max-common-connected-subgraph-paper/datasets/graphsdb/mcs70/bvg/b06/mcs70_b06_s35.B07
Reading graphs...
35 :  105
35 :  102
Initializing...
maxdom : 8
D->valSize : 185
Solving...
Blb : 2 (clique : 12)
currentSize : 12 <-- 0.000987 s
currentSize : 13 <-- 0.003904 s
currentSize : 14 <-- 0.016310 s
currentSize : 15 <-- 0.030755 s
currentSize : 16 <-- 0.033420 s
currentSize : 17 <-- 0.040466 s
currentSize : 18 <-- 0.063569 s
currentSize : 22 <-- 0.076903 s
currentSize : 24 <-- 0.077114 s

maxsize : 24
nodes : 28234.000000
filtered : 161340.000000
time : 0.084330
