Parameters: GAD=1 vflib=1 dir=0 label=0 vlabel=1 lowerbound=1 fileNameGp=../../cp2016-max-common-connected-subgraph-paper/datasets/graphsdb/mcs70/m2D/m2D/mcs70_m2D_s50.A02 fileNameGt=../../cp2016-max-common-connected-subgraph-paper/datasets/graphsdb/mcs70/m2D/m2D/mcs70_m2D_s50.B02
Reading graphs...
50 :  85
50 :  85
Initializing...
maxdom : 9
D->valSize : 331
Solving...
Blb : 2 (clique : 27)
currentSize : 27 <-- 0.002408 s
currentSize : 28 <-- 0.002555 s
currentSize : 30 <-- 0.002598 s
currentSize : 31 <-- 0.002640 s
currentSize : 32 <-- 0.002833 s
currentSize : 33 <-- 0.029823 s
currentSize : 34 <-- 0.197175 s
currentSize : 35 <-- 0.197282 s
currentSize : 36 <-- 0.200716 s

maxsize : 36
nodes : 107872.000000
filtered : 608451.000000
time : 0.383121
