Parameters: GAD=1 vflib=1 dir=0 label=0 vlabel=1 lowerbound=1 fileNameGp=../../cp2016-max-common-connected-subgraph-paper/datasets/graphsdb/mcs70/bvg/b06/mcs70_b06_s70.A07 fileNameGt=../../cp2016-max-common-connected-subgraph-paper/datasets/graphsdb/mcs70/bvg/b06/mcs70_b06_s70.B07
Reading graphs...
70 :  208
70 :  209
Initializing...
maxdom : 9
D->valSize : 356
Solving...
Blb : 2 (clique : 28)
currentSize : 28 <-- 0.003019 s
currentSize : 29 <-- 0.007912 s
currentSize : 31 <-- 0.020280 s
currentSize : 32 <-- 1.011390 s
currentSize : 34 <-- 2.816877 s
currentSize : 35 <-- 2.817135 s
currentSize : 36 <-- 3.726446 s
currentSize : 37 <-- 10.414502 s
currentSize : 38 <-- 10.414692 s
currentSize : 39 <-- 11.205902 s
currentSize : 42 <-- 16.238640 s
currentSize : 43 <-- 16.777676 s
currentSize : 47 <-- 16.777781 s
currentSize : 48 <-- 16.777897 s
currentSize : 49 <-- 16.778860 s

maxsize : 49
nodes : 5310849.000000
filtered : 25069996.000000
time : 21.079254
