Parameters: GAD=1 vflib=1 dir=0 label=0 vlabel=1 lowerbound=1 fileNameGp=../../cp2016-max-common-connected-subgraph-paper/datasets/graphsdb/mcs70/bvg/b03/mcs70_b03_s80.A05 fileNameGt=../../cp2016-max-common-connected-subgraph-paper/datasets/graphsdb/mcs70/bvg/b03/mcs70_b03_s80.B05
Reading graphs...
80 :  120
80 :  119
Initializing...
maxdom : 11
D->valSize : 437
Solving...
Blb : 2 (clique : 46)
currentSize : 46 <-- 0.004393 s
currentSize : 47 <-- 1.297758 s
currentSize : 48 <-- 5.196747 s
currentSize : 49 <-- 28.601006 s
currentSize : 50 <-- 53.752460 s
currentSize : 51 <-- 207.582672 s
currentSize : 52 <-- 301.536316 s
currentSize : 53 <-- 376.110962 s
currentSize : 54 <-- 418.528778 s
currentSize : 58 <-- 418.536224 s

maxsize : 58
nodes : 105604762.000000
filtered : 623401760.000000
time : 535.991272
