Parameters: GAD=1 vflib=1 dir=0 label=0 vlabel=1 lowerbound=1 fileNameGp=../../cp2016-max-common-connected-subgraph-paper/datasets/graphsdb/mcs70/bvg/b09/mcs70_b09_s70.A04 fileNameGt=../../cp2016-max-common-connected-subgraph-paper/datasets/graphsdb/mcs70/bvg/b09/mcs70_b09_s70.B04
Reading graphs...
70 :  314
70 :  312
Initializing...
maxdom : 8
D->valSize : 378
Solving...
Blb : 2 (clique : 24)
currentSize : 24 <-- 0.003184 s
currentSize : 25 <-- 0.003394 s
currentSize : 27 <-- 0.003735 s
currentSize : 29 <-- 0.006559 s
currentSize : 30 <-- 0.029588 s
currentSize : 33 <-- 0.035424 s
currentSize : 38 <-- 0.036966 s
currentSize : 48 <-- 0.121748 s

maxsize : 48
nodes : 73687.000000
filtered : 467790.000000
time : 0.326869
