Parameters: GAD=1 vflib=1 dir=0 label=0 vlabel=1 lowerbound=1 fileNameGp=../../cp2016-max-common-connected-subgraph-paper/datasets/graphsdb/mcs70/bvg/b09m/mcs70_b09m_s70.A03 fileNameGt=../../cp2016-max-common-connected-subgraph-paper/datasets/graphsdb/mcs70/bvg/b09m/mcs70_b09m_s70.B03
Reading graphs...
70 :  308
70 :  304
Initializing...
maxdom : 9
D->valSize : 391
Solving...
Blb : 2 (clique : 22)
currentSize : 22 <-- 0.003460 s
currentSize : 23 <-- 0.003839 s
currentSize : 24 <-- 0.005324 s
currentSize : 25 <-- 0.005377 s
currentSize : 26 <-- 0.005810 s
currentSize : 27 <-- 0.006409 s
currentSize : 29 <-- 0.006706 s
currentSize : 31 <-- 0.007725 s
currentSize : 32 <-- 0.007776 s
currentSize : 33 <-- 0.007891 s
currentSize : 34 <-- 0.008061 s
currentSize : 36 <-- 0.319843 s
currentSize : 38 <-- 0.319951 s
currentSize : 48 <-- 0.334122 s

maxsize : 48
nodes : 118484.000000
filtered : 953955.000000
time : 0.584223
