Parameters: GAD=1 vflib=1 dir=0 label=0 vlabel=1 lowerbound=1 fileNameGp=../../cp2016-max-common-connected-subgraph-paper/datasets/graphsdb/mcs70/m2D/m2Dr4/mcs70_m2Dr4_s50.A06 fileNameGt=../../cp2016-max-common-connected-subgraph-paper/datasets/graphsdb/mcs70/m2D/m2Dr4/mcs70_m2Dr4_s50.B06
Reading graphs...
50 :  104
50 :  104
Initializing...
maxdom : 9
D->valSize : 332
Solving...
Blb : 2 (clique : 20)
currentSize : 20 <-- 0.002393 s
currentSize : 21 <-- 0.002506 s
currentSize : 22 <-- 0.002570 s
currentSize : 23 <-- 0.003879 s
currentSize : 24 <-- 0.006031 s
currentSize : 25 <-- 0.007181 s
currentSize : 26 <-- 0.007312 s
currentSize : 28 <-- 0.897682 s
currentSize : 31 <-- 1.994877 s
currentSize : 32 <-- 1.995082 s
currentSize : 33 <-- 2.427334 s
currentSize : 34 <-- 3.133209 s
currentSize : 36 <-- 3.582734 s

maxsize : 36
nodes : 884866.000000
filtered : 7824659.000000
time : 3.652290
