Parameters: GAD=1 vflib=1 dir=0 label=0 vlabel=1 lowerbound=1 fileNameGp=../../cp2016-max-common-connected-subgraph-paper/datasets/graphsdb/mcs70/m3D/m3D/mcs70_m3D_s100.A08 fileNameGt=../../cp2016-max-common-connected-subgraph-paper/datasets/graphsdb/mcs70/m3D/m3D/mcs70_m3D_s100.B08
Reading graphs...
100 :  235
100 :  234
Initializing...
maxdom : 7
D->valSize : 389
Solving...
Blb : 3 (clique : 54)
currentSize : 54 <-- 0.004311 s
currentSize : 55 <-- 0.022900 s
currentSize : 56 <-- 0.024664 s
currentSize : 57 <-- 0.357665 s
currentSize : 58 <-- 0.357908 s
currentSize : 59 <-- 0.407276 s
currentSize : 60 <-- 0.408167 s
currentSize : 61 <-- 0.408374 s
currentSize : 62 <-- 1.320332 s
currentSize : 64 <-- 1.361071 s

maxsize : 64
nodes : 7292733.000000
filtered : 29320200.000000
time : 40.022640
