Parameters: GAD=1 vflib=1 dir=0 label=0 vlabel=1 lowerbound=1 fileNameGp=../../cp2016-max-common-connected-subgraph-paper/datasets/graphsdb/mcs70/bvg/b06m/mcs70_b06m_s80.A09 fileNameGt=../../cp2016-max-common-connected-subgraph-paper/datasets/graphsdb/mcs70/bvg/b06m/mcs70_b06m_s80.B09
Reading graphs...
80 :  237
80 :  238
Initializing...
maxdom : 8
D->valSize : 447
Solving...
Blb : 2 (clique : 47)
currentSize : 47 <-- 0.004544 s
currentSize : 48 <-- 20.849855 s
currentSize : 49 <-- 20.851011 s
currentSize : 50 <-- 82.740318 s
currentSize : 51 <-- 82.740456 s
currentSize : 52 <-- 82.743362 s
currentSize : 54 <-- 82.743507 s
currentSize : 56 <-- 82.743866 s

maxsize : 56
nodes : 26625366.000000
filtered : 76189798.000000
time : 97.963417
