Parameters: GAD=1 vflib=1 dir=0 label=0 vlabel=1 lowerbound=1 fileNameGp=../../cp2016-max-common-connected-subgraph-paper/datasets/graphsdb/mcs70/bvg/b03/mcs70_b03_s80.A01 fileNameGt=../../cp2016-max-common-connected-subgraph-paper/datasets/graphsdb/mcs70/bvg/b03/mcs70_b03_s80.B01
Reading graphs...
80 :  120
80 :  120
Initializing...
maxdom : 9
D->valSize : 447
Solving...
Blb : 2 (clique : 51)
currentSize : 51 <-- 0.004593 s
currentSize : 52 <-- 0.005130 s
currentSize : 53 <-- 0.005371 s
currentSize : 54 <-- 0.005625 s
currentSize : 55 <-- 0.008559 s
currentSize : 56 <-- 0.010329 s
currentSize : 57 <-- 0.010516 s
currentSize : 58 <-- 0.016902 s

maxsize : 58
nodes : 25376210.000000
filtered : 133286640.000000
time : 123.272987
