Parameters: GAD=1 vflib=1 dir=0 label=0 vlabel=1 lowerbound=1 fileNameGp=../../cp2016-max-common-connected-subgraph-paper/datasets/graphsdb/mcs70/bvg/b06m/mcs70_b06m_s80.A00 fileNameGt=../../cp2016-max-common-connected-subgraph-paper/datasets/graphsdb/mcs70/bvg/b06m/mcs70_b06m_s80.B00
Reading graphs...
80 :  236
80 :  235
Initializing...
maxdom : 7
D->valSize : 418
Solving...
Blb : 2 (clique : 40)
currentSize : 40 <-- 0.004022 s
currentSize : 41 <-- 0.160764 s
currentSize : 42 <-- 37.397270 s
currentSize : 43 <-- 92.551727 s
currentSize : 44 <-- 106.211678 s
currentSize : 45 <-- 106.300659 s
currentSize : 46 <-- 106.300766 s
currentSize : 47 <-- 145.751190 s
currentSize : 49 <-- 146.667328 s
currentSize : 51 <-- 146.682556 s
currentSize : 52 <-- 281.799866 s
currentSize : 53 <-- 281.799927 s
currentSize : 55 <-- 281.813263 s
currentSize : 56 <-- 281.813324 s

maxsize : 56
nodes : 80746697.000000
filtered : 341570986.000000
time : 366.886658
