Parameters: GAD=1 vflib=1 dir=0 label=0 vlabel=1 lowerbound=1 fileNameGp=../../cp2016-max-common-connected-subgraph-paper/datasets/graphsdb/mcs70/m2D/m2D/mcs70_m2D_s50.A00 fileNameGt=../../cp2016-max-common-connected-subgraph-paper/datasets/graphsdb/mcs70/m2D/m2D/mcs70_m2D_s50.B00
Reading graphs...
50 :  85
50 :  85
Initializing...
maxdom : 10
D->valSize : 343
Solving...
Blb : 2 (clique : 19)
currentSize : 19 <-- 0.004159 s
currentSize : 25 <-- 0.004348 s
currentSize : 26 <-- 0.004405 s
currentSize : 27 <-- 0.004819 s
currentSize : 28 <-- 0.018193 s
currentSize : 29 <-- 0.238249 s
currentSize : 30 <-- 0.270830 s
currentSize : 31 <-- 0.346375 s
currentSize : 32 <-- 0.515185 s
currentSize : 33 <-- 0.515623 s
currentSize : 34 <-- 0.517238 s
currentSize : 36 <-- 0.599377 s

maxsize : 36
nodes : 176813.000000
filtered : 1111915.000000
time : 0.718990
