Parameters: GAD=1 vflib=1 dir=0 label=0 vlabel=1 lowerbound=1 fileNameGp=../../cp2016-max-common-connected-subgraph-paper/datasets/graphsdb/mcs70/rand/r005/mcs70_r005_s50.A00 fileNameGt=../../cp2016-max-common-connected-subgraph-paper/datasets/graphsdb/mcs70/rand/r005/mcs70_r005_s50.B00
Reading graphs...
50 :  118
50 :  119
Initializing...
maxdom : 8
D->valSize : 329
Solving...
Blb : 2 (clique : 22)
currentSize : 22 <-- 0.002425 s
currentSize : 23 <-- 0.002694 s
currentSize : 24 <-- 0.002839 s
currentSize : 26 <-- 0.003028 s
currentSize : 27 <-- 0.003094 s
currentSize : 28 <-- 0.003301 s
currentSize : 29 <-- 0.003337 s
currentSize : 31 <-- 0.092685 s
currentSize : 32 <-- 0.092766 s
currentSize : 34 <-- 0.092899 s
currentSize : 35 <-- 0.092988 s

maxsize : 35
nodes : 43862.000000
filtered : 449800.000000
time : 0.209922
