Parameters: GAD=1 vflib=1 dir=0 label=0 vlabel=1 lowerbound=1 fileNameGp=../../cp2016-max-common-connected-subgraph-paper/datasets/graphsdb/mcs70/bvg/b03m/mcs70_b03m_s90.A09 fileNameGt=../../cp2016-max-common-connected-subgraph-paper/datasets/graphsdb/mcs70/bvg/b03m/mcs70_b03m_s90.B09
Reading graphs...
90 :  134
90 :  135
Initializing...
maxdom : 9
D->valSize : 556
Solving...
Blb : 2 (clique : 49)
currentSize : 49 <-- 0.010973 s
currentSize : 51 <-- 0.011719 s
currentSize : 53 <-- 0.076661 s
currentSize : 54 <-- 0.112969 s
currentSize : 55 <-- 0.117333 s
currentSize : 56 <-- 13.072680 s
currentSize : 57 <-- 349.793121 s
currentSize : 58 <-- 349.905243 s

TIMEOUT
maxsize : 58
nodes : 205201269.000000
filtered : 839761459.000000
time : 1000.000061
