Parameters: GAD=1 vflib=1 dir=0 label=0 vlabel=1 lowerbound=1 fileNameGp=../../cp2016-max-common-connected-subgraph-paper/datasets/graphsdb/mcs70/rand/r005/mcs70_r005_s50.A08 fileNameGt=../../cp2016-max-common-connected-subgraph-paper/datasets/graphsdb/mcs70/rand/r005/mcs70_r005_s50.B08
Reading graphs...
50 :  118
50 :  118
Initializing...
maxdom : 12
D->valSize : 363
Solving...
Blb : 2 (clique : 26)
currentSize : 26 <-- 0.002670 s
currentSize : 28 <-- 0.002810 s
currentSize : 29 <-- 0.002990 s
currentSize : 30 <-- 0.003183 s
currentSize : 33 <-- 0.011458 s
currentSize : 34 <-- 0.011867 s
currentSize : 35 <-- 0.012860 s

maxsize : 35
nodes : 43070.000000
filtered : 612840.000000
time : 0.208781
