Parameters: GAD=1 vflib=1 dir=0 label=0 vlabel=1 lowerbound=1 fileNameGp=../../cp2016-max-common-connected-subgraph-paper/datasets/graphsdb/mcs70/rand/r005/mcs70_r005_s80.A07 fileNameGt=../../cp2016-max-common-connected-subgraph-paper/datasets/graphsdb/mcs70/rand/r005/mcs70_r005_s80.B07
Reading graphs...
80 :  307
80 :  308
Initializing...
maxdom : 13
D->valSize : 466
Solving...
Blb : 2 (clique : 25)
currentSize : 25 <-- 0.004682 s
currentSize : 26 <-- 0.004904 s
currentSize : 27 <-- 0.006677 s
currentSize : 30 <-- 0.007470 s
currentSize : 31 <-- 0.008020 s
currentSize : 32 <-- 0.008757 s
currentSize : 33 <-- 0.028212 s
currentSize : 36 <-- 0.109393 s
currentSize : 37 <-- 0.109845 s
currentSize : 39 <-- 0.200411 s
currentSize : 44 <-- 0.200538 s
currentSize : 47 <-- 0.200778 s
currentSize : 50 <-- 0.386553 s
currentSize : 56 <-- 0.880043 s

maxsize : 56
nodes : 209066.000000
filtered : 2273239.000000
time : 1.275069
