Parameters: GAD=1 vflib=1 dir=0 label=0 vlabel=1 lowerbound=1 fileNameGp=../../cp2016-max-common-connected-subgraph-paper/datasets/graphsdb/mcs70/rand/r02/mcs70_r02_s70.A03 fileNameGt=../../cp2016-max-common-connected-subgraph-paper/datasets/graphsdb/mcs70/rand/r02/mcs70_r02_s70.B03
Reading graphs...
70 :  869
70 :  859
Initializing...
maxdom : 9
D->valSize : 364
Solving...
Blb : 2 (clique : 10)
currentSize : 10 <-- 0.002999 s
currentSize : 11 <-- 0.003563 s
currentSize : 13 <-- 0.003890 s
currentSize : 15 <-- 0.003979 s
currentSize : 16 <-- 0.004092 s
currentSize : 17 <-- 0.053533 s
currentSize : 19 <-- 0.074439 s
currentSize : 29 <-- 0.094668 s
currentSize : 49 <-- 0.122184 s

maxsize : 49
nodes : 24496.000000
filtered : 225413.000000
time : 0.127078
