Parameters: GAD=1 vflib=1 dir=0 label=0 vlabel=1 lowerbound=1 fileNameGp=../../cp2016-max-common-connected-subgraph-paper/datasets/graphsdb/mcs70/bvg/b06/mcs70_b06_s80.A01 fileNameGt=../../cp2016-max-common-connected-subgraph-paper/datasets/graphsdb/mcs70/bvg/b06/mcs70_b06_s80.B01
Reading graphs...
80 :  240
80 :  240
Initializing...
maxdom : 9
D->valSize : 475
Solving...
Blb : 2 (clique : 29)
currentSize : 29 <-- 0.004768 s
currentSize : 31 <-- 0.285108 s
currentSize : 32 <-- 0.288782 s
currentSize : 33 <-- 1.387247 s
currentSize : 34 <-- 1.811469 s
currentSize : 35 <-- 3.593102 s
currentSize : 36 <-- 4.103154 s
currentSize : 37 <-- 4.105932 s
currentSize : 38 <-- 4.109260 s
currentSize : 42 <-- 5.678700 s
currentSize : 43 <-- 6.734471 s
currentSize : 45 <-- 7.193875 s
currentSize : 46 <-- 7.199635 s
currentSize : 49 <-- 54.971527 s
currentSize : 53 <-- 54.979115 s
currentSize : 54 <-- 55.008129 s
currentSize : 56 <-- 55.032455 s

maxsize : 56
nodes : 14441029.000000
filtered : 88365975.000000
time : 69.481339
