Parameters: GAD=1 vflib=1 dir=0 label=0 vlabel=1 lowerbound=1 fileNameGp=../../cp2016-max-common-connected-subgraph-paper/datasets/graphsdb/mcs70/bvg/b09/mcs70_b09_s100.A07 fileNameGt=../../cp2016-max-common-connected-subgraph-paper/datasets/graphsdb/mcs70/bvg/b09/mcs70_b09_s100.B07
Reading graphs...
100 :  448
100 :  449
Initializing...
maxdom : 5
D->valSize : 378
Solving...
Blb : 2 (clique : 51)
currentSize : 51 <-- 0.003832 s
currentSize : 52 <-- 0.004201 s
currentSize : 54 <-- 0.005396 s
currentSize : 56 <-- 0.005550 s
currentSize : 58 <-- 0.007561 s
currentSize : 60 <-- 0.128596 s
currentSize : 62 <-- 0.131023 s
currentSize : 63 <-- 0.747221 s
currentSize : 66 <-- 0.748488 s
currentSize : 68 <-- 0.748694 s
currentSize : 70 <-- 0.786314 s

maxsize : 70
nodes : 1982666.000000
filtered : 9542905.000000
time : 11.118642
