Parameters: GAD=1 vflib=1 dir=0 label=0 vlabel=1 lowerbound=1 fileNameGp=../../cp2016-max-common-connected-subgraph-paper/datasets/graphsdb/mcs70/m2D/m2Dr6/mcs70_m2Dr6_s35.A07 fileNameGt=../../cp2016-max-common-connected-subgraph-paper/datasets/graphsdb/mcs70/m2D/m2Dr6/mcs70_m2Dr6_s35.B07
Reading graphs...
35 :  74
35 :  76
Initializing...
maxdom : 7
D->valSize : 163
Solving...
Blb : 2 (clique : 14)
currentSize : 14 <-- 0.000921 s
currentSize : 15 <-- 0.001037 s
currentSize : 16 <-- 0.001433 s
currentSize : 17 <-- 0.002359 s
currentSize : 18 <-- 0.021055 s
currentSize : 19 <-- 0.032729 s
currentSize : 20 <-- 0.032892 s
currentSize : 21 <-- 0.033260 s
currentSize : 22 <-- 0.033529 s
currentSize : 25 <-- 0.048190 s

maxsize : 25
nodes : 16236.000000
filtered : 92582.000000
time : 0.051344
