Parameters: GAD=1 vflib=1 dir=0 label=0 vlabel=1 lowerbound=1 fileNameGp=../../cp2016-max-common-connected-subgraph-paper/datasets/graphsdb/mcs70/rand/r01/mcs70_r01_s70.A06 fileNameGt=../../cp2016-max-common-connected-subgraph-paper/datasets/graphsdb/mcs70/rand/r01/mcs70_r01_s70.B06
Reading graphs...
70 :  460
70 :  465
Initializing...
maxdom : 8
D->valSize : 375
Solving...
Blb : 2 (clique : 22)
currentSize : 22 <-- 0.003216 s
currentSize : 24 <-- 0.009281 s
currentSize : 27 <-- 0.009389 s
currentSize : 29 <-- 0.009439 s
currentSize : 30 <-- 0.032919 s
currentSize : 31 <-- 0.045963 s
currentSize : 34 <-- 0.047029 s
currentSize : 35 <-- 0.049595 s
currentSize : 36 <-- 0.059415 s
currentSize : 39 <-- 0.059600 s
currentSize : 40 <-- 0.119081 s
currentSize : 49 <-- 0.120150 s

maxsize : 49
nodes : 21361.000000
filtered : 302053.000000
time : 0.133270
