Parameters: GAD=1 vflib=1 dir=0 label=0 vlabel=1 lowerbound=1 fileNameGp=../../cp2016-max-common-connected-subgraph-paper/datasets/graphsdb/mcs70/m2D/m2Dr6/mcs70_m2Dr6_s80.A00 fileNameGt=../../cp2016-max-common-connected-subgraph-paper/datasets/graphsdb/mcs70/m2D/m2Dr6/mcs70_m2Dr6_s80.B00
Reading graphs...
80 :  188
80 :  187
Initializing...
maxdom : 8
D->valSize : 456
Solving...
Blb : 2 (clique : 36)
currentSize : 36 <-- 0.004617 s
currentSize : 37 <-- 0.004884 s
currentSize : 38 <-- 0.008207 s
currentSize : 39 <-- 0.008285 s
currentSize : 41 <-- 0.021590 s
currentSize : 42 <-- 0.553175 s
currentSize : 43 <-- 8.951171 s
currentSize : 44 <-- 9.824363 s

TIMEOUT
maxsize : 44
nodes : 179685093.000000
filtered : 1511176895.000000
time : 1000.000061
