Parameters: GAD=1 vflib=1 dir=0 label=0 vlabel=1 lowerbound=1 fileNameGp=../../cp2016-max-common-connected-subgraph-paper/datasets/graphsdb/mcs70/m2D/m2D/mcs70_m2D_s80.A00 fileNameGt=../../cp2016-max-common-connected-subgraph-paper/datasets/graphsdb/mcs70/m2D/m2D/mcs70_m2D_s80.B00
Reading graphs...
80 :  141
80 :  142
Initializing...
maxdom : 10
D->valSize : 451
Solving...
Blb : 2 (clique : 39)
currentSize : 39 <-- 0.007706 s
currentSize : 41 <-- 0.008154 s
currentSize : 43 <-- 0.008830 s
currentSize : 44 <-- 0.012533 s
currentSize : 45 <-- 0.012732 s
currentSize : 46 <-- 0.019377 s
currentSize : 47 <-- 0.046393 s
currentSize : 48 <-- 0.046773 s
currentSize : 49 <-- 4.402781 s
currentSize : 50 <-- 442.450897 s

TIMEOUT
maxsize : 50
nodes : 197413124.000000
filtered : 1052041756.000000
time : 1000.000061
