Parameters: GAD=1 vflib=1 dir=0 label=0 vlabel=1 lowerbound=1 fileNameGp=../../cp2016-max-common-connected-subgraph-paper/datasets/graphsdb/mcs70/rand/r005/mcs70_r005_s40.A06 fileNameGt=../../cp2016-max-common-connected-subgraph-paper/datasets/graphsdb/mcs70/rand/r005/mcs70_r005_s40.B06
Reading graphs...
40 :  76
40 :  75
Initializing...
maxdom : 9
D->valSize : 227
Solving...
Blb : 2 (clique : 18)
currentSize : 18 <-- 0.001338 s
currentSize : 19 <-- 0.001430 s
currentSize : 20 <-- 0.001469 s
currentSize : 21 <-- 0.001568 s
currentSize : 25 <-- 0.011898 s
currentSize : 26 <-- 0.017447 s
currentSize : 27 <-- 0.047990 s
currentSize : 28 <-- 0.048036 s

maxsize : 28
nodes : 25283.000000
filtered : 153620.000000
time : 0.085609
