Parameters: GAD=1 vflib=1 dir=0 label=0 vlabel=1 lowerbound=1 fileNameGp=../../cp2016-max-common-connected-subgraph-paper/datasets/graphsdb/mcs70/m2D/m2Dr6/mcs70_m2Dr6_s80.A03 fileNameGt=../../cp2016-max-common-connected-subgraph-paper/datasets/graphsdb/mcs70/m2D/m2Dr6/mcs70_m2Dr6_s80.B03
Reading graphs...
80 :  188
80 :  188
Initializing...
maxdom : 10
D->valSize : 410
Solving...
Blb : 2 (clique : 35)
currentSize : 35 <-- 0.003862 s
currentSize : 36 <-- 0.509032 s
currentSize : 37 <-- 1.525835 s
currentSize : 38 <-- 4.393307 s
currentSize : 39 <-- 4.412073 s
currentSize : 40 <-- 28.612499 s
currentSize : 41 <-- 28.613598 s
currentSize : 42 <-- 28.613802 s
currentSize : 43 <-- 28.614016 s
currentSize : 44 <-- 37.270828 s
currentSize : 45 <-- 100.789902 s
currentSize : 46 <-- 154.418427 s
currentSize : 47 <-- 154.424103 s
currentSize : 48 <-- 154.424530 s
currentSize : 49 <-- 154.425125 s
currentSize : 50 <-- 154.469711 s

maxsize : 50
nodes : 52132011.000000
filtered : 327928590.000000
time : 259.397614
