Parameters: GAD=1 vflib=1 dir=0 label=0 vlabel=1 lowerbound=1 fileNameGp=../../cp2016-max-common-connected-subgraph-paper/datasets/graphsdb/mcs70/bvg/b03/mcs70_b03_s80.A03 fileNameGt=../../cp2016-max-common-connected-subgraph-paper/datasets/graphsdb/mcs70/bvg/b03/mcs70_b03_s80.B03
Reading graphs...
80 :  120
80 :  120
Initializing...
maxdom : 9
D->valSize : 461
Solving...
Blb : 2 (clique : 48)
currentSize : 48 <-- 0.004786 s
currentSize : 49 <-- 0.005115 s
currentSize : 50 <-- 0.005805 s
currentSize : 54 <-- 0.012732 s
currentSize : 55 <-- 34.279484 s
currentSize : 56 <-- 34.279568 s

maxsize : 56
nodes : 57294336.000000
filtered : 352296364.000000
time : 313.508698
