Parameters: GAD=1 vflib=1 dir=0 label=0 vlabel=1 lowerbound=1 fileNameGp=../../cp2016-max-common-connected-subgraph-paper/datasets/graphsdb/mcs70/bvg/b06m/mcs70_b06m_s90.A08 fileNameGt=../../cp2016-max-common-connected-subgraph-paper/datasets/graphsdb/mcs70/bvg/b06m/mcs70_b06m_s90.B08
Reading graphs...
90 :  269
90 :  269
Initializing...
maxdom : 12
D->valSize : 584
Solving...
Blb : 2 (clique : 44)
currentSize : 44 <-- 0.011299 s
currentSize : 48 <-- 0.017776 s
currentSize : 50 <-- 0.099405 s
currentSize : 52 <-- 0.099649 s
currentSize : 53 <-- 0.099975 s
currentSize : 55 <-- 0.100540 s
currentSize : 57 <-- 0.121771 s
currentSize : 58 <-- 0.123622 s
currentSize : 61 <-- 0.124246 s
currentSize : 63 <-- 0.152738 s
currentSize : 64 <-- 0.153021 s

maxsize : 64
nodes : 3174643.000000
filtered : 30177969.000000
time : 20.323282
