Parameters: GAD=1 vflib=1 dir=0 label=0 vlabel=1 lowerbound=1 fileNameGp=../../cp2016-max-common-connected-subgraph-paper/datasets/graphsdb/mcs70/bvg/b06m/mcs70_b06m_s80.A08 fileNameGt=../../cp2016-max-common-connected-subgraph-paper/datasets/graphsdb/mcs70/bvg/b06m/mcs70_b06m_s80.B08
Reading graphs...
80 :  239
80 :  238
Initializing...
maxdom : 9
D->valSize : 468
Solving...
Blb : 2 (clique : 35)
currentSize : 35 <-- 0.004822 s
currentSize : 38 <-- 0.005265 s
currentSize : 40 <-- 0.006052 s
currentSize : 43 <-- 8.813792 s
currentSize : 46 <-- 11.944014 s
currentSize : 49 <-- 16.516613 s
currentSize : 50 <-- 20.013956 s
currentSize : 52 <-- 23.968428 s
currentSize : 53 <-- 40.966808 s
currentSize : 56 <-- 57.192825 s

maxsize : 56
nodes : 14374781.000000
filtered : 85716639.000000
time : 69.199661
