Parameters: GAD=1 vflib=1 dir=0 label=0 vlabel=1 lowerbound=1 fileNameGp=../../cp2016-max-common-connected-subgraph-paper/datasets/graphsdb/mcs70/m3D/m3D/mcs70_m3D_s90.A07 fileNameGt=../../cp2016-max-common-connected-subgraph-paper/datasets/graphsdb/mcs70/m3D/m3D/mcs70_m3D_s90.B07
Reading graphs...
90 :  209
90 :  208
Initializing...
maxdom : 10
D->valSize : 584
Solving...
Blb : 2 (clique : 53)
currentSize : 53 <-- 0.007272 s
currentSize : 55 <-- 0.021885 s
currentSize : 56 <-- 0.033518 s
currentSize : 57 <-- 0.296792 s
currentSize : 59 <-- 0.302444 s
currentSize : 60 <-- 0.310933 s
currentSize : 62 <-- 0.650507 s
currentSize : 63 <-- 136.571548 s
currentSize : 64 <-- 137.566864 s
currentSize : 65 <-- 137.567017 s

maxsize : 65
nodes : 72897364.000000
filtered : 313550513.000000
time : 366.378815
