Parameters: GAD=1 vflib=1 dir=0 label=0 vlabel=1 lowerbound=1 fileNameGp=../../cp2016-max-common-connected-subgraph-paper/datasets/graphsdb/mcs70/bvg/b03m/mcs70_b03m_s80.A06 fileNameGt=../../cp2016-max-common-connected-subgraph-paper/datasets/graphsdb/mcs70/bvg/b03m/mcs70_b03m_s80.B06
Reading graphs...
80 :  120
80 :  120
Initializing...
maxdom : 10
D->valSize : 475
Solving...
Blb : 2 (clique : 45)
currentSize : 45 <-- 0.005051 s
currentSize : 46 <-- 0.035893 s
currentSize : 47 <-- 0.072960 s
currentSize : 49 <-- 0.075825 s
currentSize : 50 <-- 0.088314 s
currentSize : 51 <-- 0.199965 s
currentSize : 52 <-- 0.206724 s
currentSize : 53 <-- 0.639761 s
currentSize : 55 <-- 1.065258 s
currentSize : 57 <-- 47.551201 s

maxsize : 57
nodes : 11120065.000000
filtered : 66017483.000000
time : 55.933914
