Parameters: GAD=1 vflib=1 dir=0 label=0 vlabel=1 lowerbound=1 fileNameGp=../../cp2016-max-common-connected-subgraph-paper/datasets/graphsdb/mcs70/m2D/m2D/mcs70_m2D_s100.A03 fileNameGt=../../cp2016-max-common-connected-subgraph-paper/datasets/graphsdb/mcs70/m2D/m2D/mcs70_m2D_s100.B03
Reading graphs...
100 :  180
100 :  180
Initializing...
maxdom : 8
D->valSize : 371
Solving...
Blb : 2 (clique : 48)
currentSize : 48 <-- 0.004000 s
currentSize : 49 <-- 0.004361 s
currentSize : 50 <-- 0.004771 s
currentSize : 51 <-- 0.004858 s
currentSize : 52 <-- 0.005891 s
currentSize : 53 <-- 0.008324 s
currentSize : 54 <-- 0.008475 s
currentSize : 55 <-- 0.011209 s
currentSize : 56 <-- 0.026994 s
currentSize : 57 <-- 4.443834 s
currentSize : 58 <-- 61.356026 s
currentSize : 59 <-- 61.366600 s
currentSize : 60 <-- 63.840973 s

TIMEOUT
maxsize : 60
nodes : 215445882.000000
filtered : 717326955.000000
time : 1000.000122
