Parameters: GAD=1 vflib=1 dir=0 label=0 vlabel=1 lowerbound=1 fileNameGp=../../cp2016-max-common-connected-subgraph-paper/datasets/graphsdb/mcs70/rand/r005/mcs70_r005_s60.A09 fileNameGt=../../cp2016-max-common-connected-subgraph-paper/datasets/graphsdb/mcs70/rand/r005/mcs70_r005_s60.B09
Reading graphs...
60 :  169
60 :  171
Initializing...
maxdom : 7
D->valSize : 259
Solving...
Blb : 2 (clique : 22)
currentSize : 22 <-- 0.002146 s
currentSize : 23 <-- 0.002317 s
currentSize : 24 <-- 0.007825 s
currentSize : 25 <-- 0.009743 s
currentSize : 26 <-- 0.130830 s
currentSize : 28 <-- 0.210934 s
currentSize : 30 <-- 0.221638 s
currentSize : 31 <-- 0.315368 s
currentSize : 34 <-- 0.330599 s
currentSize : 36 <-- 0.460173 s
currentSize : 37 <-- 0.489161 s
currentSize : 39 <-- 0.489289 s
currentSize : 42 <-- 0.489369 s

maxsize : 42
nodes : 112306.000000
filtered : 626088.000000
time : 0.532135
