Parameters: GAD=1 vflib=1 dir=0 label=0 vlabel=1 lowerbound=1 fileNameGp=../../cp2016-max-common-connected-subgraph-paper/datasets/graphsdb/mcs70/m3D/m3Dr2/mcs70_m3Dr2_s100.A00 fileNameGt=../../cp2016-max-common-connected-subgraph-paper/datasets/graphsdb/mcs70/m3D/m3Dr2/mcs70_m3Dr2_s100.B00
Reading graphs...
100 :  252
100 :  253
Initializing...
maxdom : 8
D->valSize : 377
Solving...
Blb : 3 (clique : 48)
currentSize : 48 <-- 0.004008 s
currentSize : 49 <-- 0.745025 s
currentSize : 50 <-- 2.973337 s
currentSize : 55 <-- 527.885742 s
currentSize : 56 <-- 527.889038 s
currentSize : 58 <-- 927.316345 s
currentSize : 60 <-- 933.823303 s
currentSize : 64 <-- 933.824951 s

TIMEOUT
maxsize : 64
nodes : 199134144.000000
filtered : 750124917.000000
time : 1000.000122
