Parameters: GAD=1 vflib=1 dir=0 label=0 vlabel=1 lowerbound=1 fileNameGp=../../cp2016-max-common-connected-subgraph-paper/datasets/graphsdb/mcs70/bvg/b06/mcs70_b06_s90.A08 fileNameGt=../../cp2016-max-common-connected-subgraph-paper/datasets/graphsdb/mcs70/bvg/b06/mcs70_b06_s90.B08
Reading graphs...
90 :  268
90 :  270
Initializing...
maxdom : 10
D->valSize : 531
Solving...
Blb : 2 (clique : 27)
currentSize : 27 <-- 0.006620 s
currentSize : 28 <-- 0.081578 s
currentSize : 29 <-- 0.216739 s
currentSize : 30 <-- 0.254183 s
currentSize : 32 <-- 0.419869 s
currentSize : 33 <-- 1.355536 s
currentSize : 34 <-- 1.470446 s
currentSize : 35 <-- 3.387514 s
currentSize : 36 <-- 43.851269 s
currentSize : 37 <-- 175.830460 s
currentSize : 39 <-- 203.403030 s
currentSize : 40 <-- 243.479324 s
currentSize : 43 <-- 876.428528 s
currentSize : 44 <-- 876.554810 s
currentSize : 45 <-- 876.558105 s

TIMEOUT
maxsize : 45
nodes : 190300361.000000
filtered : 1468355594.000000
time : 1000.000061
