Parameters: GAD=1 vflib=1 dir=0 label=0 vlabel=1 lowerbound=1 fileNameGp=../../cp2016-max-common-connected-subgraph-paper/datasets/graphsdb/mcs70/bvg/b03m/mcs70_b03m_s60.A02 fileNameGt=../../cp2016-max-common-connected-subgraph-paper/datasets/graphsdb/mcs70/bvg/b03m/mcs70_b03m_s60.B02
Reading graphs...
60 :  90
60 :  90
Initializing...
maxdom : 7
D->valSize : 256
Solving...
Blb : 3 (clique : 33)
currentSize : 33 <-- 0.001909 s
currentSize : 34 <-- 1.038359 s
currentSize : 35 <-- 1.038636 s
currentSize : 36 <-- 1.458575 s
currentSize : 37 <-- 2.304257 s
currentSize : 38 <-- 2.304989 s
currentSize : 39 <-- 2.396683 s
currentSize : 40 <-- 2.396739 s
currentSize : 41 <-- 4.444882 s
currentSize : 42 <-- 6.325576 s
currentSize : 43 <-- 6.325645 s

maxsize : 43
nodes : 2050067.000000
filtered : 6858510.000000
time : 6.975339
