Parameters: GAD=1 vflib=1 dir=0 label=0 vlabel=1 lowerbound=1 fileNameGp=../../cp2016-max-common-connected-subgraph-paper/datasets/graphsdb/mcs70/rand/r005/mcs70_r005_s50.A03 fileNameGt=../../cp2016-max-common-connected-subgraph-paper/datasets/graphsdb/mcs70/rand/r005/mcs70_r005_s50.B03
Reading graphs...
50 :  116
50 :  117
Initializing...
maxdom : 10
D->valSize : 342
Solving...
Blb : 5 (clique : 20)
currentSize : 20 <-- 0.002431 s
currentSize : 21 <-- 0.002540 s
currentSize : 22 <-- 0.015696 s
currentSize : 23 <-- 0.024763 s
currentSize : 24 <-- 0.035370 s
currentSize : 25 <-- 0.036129 s
currentSize : 26 <-- 0.042301 s
currentSize : 27 <-- 0.175297 s
currentSize : 28 <-- 0.198547 s
currentSize : 29 <-- 0.201001 s
currentSize : 30 <-- 0.395824 s
currentSize : 31 <-- 0.423851 s
currentSize : 32 <-- 0.423917 s
currentSize : 33 <-- 0.709790 s
currentSize : 35 <-- 0.709879 s

maxsize : 35
nodes : 153777.000000
filtered : 1773375.000000
time : 0.732176
