Parameters: GAD=1 vflib=1 dir=0 label=0 vlabel=1 lowerbound=1 fileNameGp=../../cp2016-max-common-connected-subgraph-paper/datasets/graphsdb/mcs70/m2D/m2D/mcs70_m2D_s50.A07 fileNameGt=../../cp2016-max-common-connected-subgraph-paper/datasets/graphsdb/mcs70/m2D/m2D/mcs70_m2D_s50.B07
Reading graphs...
50 :  85
50 :  84
Initializing...
maxdom : 11
D->valSize : 346
Solving...
Blb : 2 (clique : 22)
currentSize : 22 <-- 0.002534 s
currentSize : 23 <-- 0.002654 s
currentSize : 24 <-- 0.003300 s
currentSize : 25 <-- 0.003468 s
currentSize : 26 <-- 0.004613 s
currentSize : 27 <-- 0.410761 s
currentSize : 28 <-- 1.602328 s
currentSize : 29 <-- 5.092093 s
currentSize : 30 <-- 5.750376 s
currentSize : 31 <-- 7.473778 s
currentSize : 32 <-- 7.474045 s
currentSize : 34 <-- 7.777335 s
currentSize : 36 <-- 7.777464 s

maxsize : 36
nodes : 1818869.000000
filtered : 17972550.000000
time : 8.009901
