Parameters: GAD=1 vflib=1 dir=0 label=0 vlabel=1 lowerbound=1 fileNameGp=../../cp2016-max-common-connected-subgraph-paper/datasets/graphsdb/mcs70/rand/r01/mcs70_r01_s40.A00 fileNameGt=../../cp2016-max-common-connected-subgraph-paper/datasets/graphsdb/mcs70/rand/r01/mcs70_r01_s40.B00
Reading graphs...
40 :  145
40 :  146
Initializing...
maxdom : 7
D->valSize : 236
Solving...
Blb : 2 (clique : 14)
currentSize : 14 <-- 0.001330 s
currentSize : 15 <-- 0.004411 s
currentSize : 16 <-- 0.013367 s
currentSize : 17 <-- 0.019362 s
currentSize : 18 <-- 0.021627 s
currentSize : 20 <-- 0.021961 s
currentSize : 21 <-- 0.026565 s
currentSize : 22 <-- 0.031360 s
currentSize : 23 <-- 0.031407 s
currentSize : 24 <-- 0.031610 s
currentSize : 28 <-- 0.031840 s

maxsize : 28
nodes : 9519.000000
filtered : 66698.000000
time : 0.034010
