Parameters: GAD=1 vflib=1 dir=0 label=0 vlabel=1 lowerbound=1 fileNameGp=../../cp2016-max-common-connected-subgraph-paper/datasets/graphsdb/mcs70/m2D/m2Dr4/mcs70_m2Dr4_s90.A02 fileNameGt=../../cp2016-max-common-connected-subgraph-paper/datasets/graphsdb/mcs70/m2D/m2Dr4/mcs70_m2Dr4_s90.B02
Reading graphs...
90 :  195
90 :  194
Initializing...
maxdom : 9
D->valSize : 582
Solving...
Blb : 2 (clique : 41)
currentSize : 41 <-- 0.006964 s
currentSize : 42 <-- 0.007277 s
currentSize : 44 <-- 0.007583 s
currentSize : 45 <-- 0.012770 s
currentSize : 46 <-- 0.095601 s
currentSize : 47 <-- 0.150196 s
currentSize : 48 <-- 0.154506 s
currentSize : 50 <-- 0.873810 s
currentSize : 51 <-- 0.874311 s
currentSize : 52 <-- 0.875366 s
currentSize : 53 <-- 1.246420 s
currentSize : 54 <-- 1.639647 s
currentSize : 55 <-- 1.726383 s
currentSize : 56 <-- 1.726617 s
currentSize : 57 <-- 1.767208 s
currentSize : 60 <-- 5.146219 s
currentSize : 62 <-- 5.160889 s
currentSize : 63 <-- 5.167269 s
currentSize : 64 <-- 347.034393 s
currentSize : 65 <-- 347.043304 s

TIMEOUT
maxsize : 65
nodes : 195173829.000000
filtered : 1046359100.000000
time : 1000.000122
