Parameters: GAD=1 vflib=1 dir=0 label=0 vlabel=1 lowerbound=1 fileNameGp=../../cp2016-max-common-connected-subgraph-paper/datasets/graphsdb/mcs70/m2D/m2Dr6/mcs70_m2Dr6_s70.A04 fileNameGt=../../cp2016-max-common-connected-subgraph-paper/datasets/graphsdb/mcs70/m2D/m2Dr6/mcs70_m2Dr6_s70.B04
Reading graphs...
70 :  164
70 :  162
Initializing...
maxdom : 9
D->valSize : 344
Solving...
Blb : 2 (clique : 34)
currentSize : 34 <-- 0.003014 s
currentSize : 37 <-- 0.003220 s
currentSize : 38 <-- 0.005973 s
currentSize : 41 <-- 0.006044 s
currentSize : 42 <-- 0.006604 s
currentSize : 45 <-- 0.011264 s
currentSize : 46 <-- 0.035827 s
currentSize : 49 <-- 0.043290 s

maxsize : 49
nodes : 1462849.000000
filtered : 7762924.000000
time : 6.669406
