Parameters: GAD=1 vflib=1 dir=0 label=0 vlabel=1 lowerbound=1 fileNameGp=../../cp2016-max-common-connected-subgraph-paper/datasets/graphsdb/mcs70/bvg/b09/mcs70_b09_s40.A08 fileNameGt=../../cp2016-max-common-connected-subgraph-paper/datasets/graphsdb/mcs70/bvg/b09/mcs70_b09_s40.B08
Reading graphs...
40 :  179
40 :  180
Initializing...
maxdom : 8
D->valSize : 217
Solving...
Blb : 2 (clique : 10)
currentSize : 10 <-- 0.001181 s
currentSize : 11 <-- 0.001246 s
currentSize : 12 <-- 0.001337 s
currentSize : 13 <-- 0.017989 s
currentSize : 14 <-- 0.018038 s
currentSize : 16 <-- 0.018172 s
currentSize : 18 <-- 0.018258 s
currentSize : 19 <-- 0.040875 s
currentSize : 27 <-- 0.041002 s
currentSize : 28 <-- 0.041045 s

maxsize : 28
nodes : 12112.000000
filtered : 93476.000000
time : 0.043346
