Parameters: GAD=1 vflib=1 dir=0 label=0 vlabel=1 lowerbound=1 fileNameGp=../../cp2016-max-common-connected-subgraph-paper/datasets/graphsdb/mcs70/rand/r005/mcs70_r005_s40.A09 fileNameGt=../../cp2016-max-common-connected-subgraph-paper/datasets/graphsdb/mcs70/rand/r005/mcs70_r005_s40.B09
Reading graphs...
40 :  76
40 :  77
Initializing...
maxdom : 9
D->valSize : 219
Solving...
Blb : 2 (clique : 18)
currentSize : 18 <-- 0.002003 s
currentSize : 19 <-- 0.002133 s
currentSize : 20 <-- 0.002572 s
currentSize : 21 <-- 0.004359 s
currentSize : 22 <-- 0.006496 s
currentSize : 23 <-- 0.007017 s
currentSize : 24 <-- 0.007044 s
currentSize : 25 <-- 0.013776 s
currentSize : 27 <-- 0.032684 s
currentSize : 28 <-- 0.034772 s

maxsize : 28
nodes : 19669.000000
filtered : 161912.000000
time : 0.076768
