Parameters: GAD=1 vflib=1 dir=0 label=0 vlabel=1 lowerbound=1 fileNameGp=../../cp2016-max-common-connected-subgraph-paper/datasets/graphsdb/mcs70/m2D/m2Dr6/mcs70_m2Dr6_s70.A00 fileNameGt=../../cp2016-max-common-connected-subgraph-paper/datasets/graphsdb/mcs70/m2D/m2Dr6/mcs70_m2Dr6_s70.B00
Reading graphs...
70 :  163
70 :  161
Initializing...
maxdom : 10
D->valSize : 354
Solving...
Blb : 3 (clique : 28)
currentSize : 28 <-- 0.004896 s
currentSize : 29 <-- 0.033889 s
currentSize : 30 <-- 0.058669 s
currentSize : 31 <-- 43.614449 s
currentSize : 33 <-- 60.545967 s
currentSize : 35 <-- 60.551952 s
currentSize : 37 <-- 60.557129 s
currentSize : 38 <-- 60.562317 s
currentSize : 39 <-- 61.012871 s
currentSize : 40 <-- 61.082542 s
currentSize : 41 <-- 61.082733 s
currentSize : 42 <-- 61.083172 s
currentSize : 43 <-- 61.086296 s
currentSize : 44 <-- 61.086662 s
currentSize : 45 <-- 61.365456 s
currentSize : 46 <-- 61.367050 s
currentSize : 48 <-- 61.375526 s
currentSize : 49 <-- 61.376259 s

maxsize : 49
nodes : 13140688.000000
filtered : 103421117.000000
time : 61.497089
