Parameters: GAD=1 vflib=1 dir=0 label=0 vlabel=1 lowerbound=1 fileNameGp=../../cp2016-max-common-connected-subgraph-paper/datasets/graphsdb/mcs70/rand/r001/mcs70_r001_s100.A00 fileNameGt=../../cp2016-max-common-connected-subgraph-paper/datasets/graphsdb/mcs70/rand/r001/mcs70_r001_s100.B00
Reading graphs...
100 :  120
100 :  120
Initializing...
maxdom : 8
D->valSize : 394
Solving...
Blb : 2 (clique : 59)
currentSize : 59 <-- 0.007571 s
currentSize : 60 <-- 0.008511 s
currentSize : 61 <-- 0.009739 s
currentSize : 62 <-- 0.064500 s
currentSize : 63 <-- 0.065527 s
currentSize : 64 <-- 1.097426 s
currentSize : 65 <-- 1.136358 s
currentSize : 66 <-- 1.137762 s
currentSize : 67 <-- 9.673334 s
currentSize : 68 <-- 74.937988 s
currentSize : 69 <-- 74.945549 s
currentSize : 70 <-- 74.957191 s

maxsize : 70
nodes : 26172521.000000
filtered : 98366225.000000
time : 146.112366
