Parameters: GAD=1 vflib=1 dir=0 label=0 vlabel=1 lowerbound=1 fileNameGp=../../cp2016-max-common-connected-subgraph-paper/datasets/graphsdb/mcs70/bvg/b06m/mcs70_b06m_s90.A06 fileNameGt=../../cp2016-max-common-connected-subgraph-paper/datasets/graphsdb/mcs70/bvg/b06m/mcs70_b06m_s90.B06
Reading graphs...
90 :  267
90 :  267
Initializing...
maxdom : 8
D->valSize : 548
Solving...
Blb : 3 (clique : 34)
currentSize : 34 <-- 0.010579 s
currentSize : 35 <-- 8.966520 s
currentSize : 36 <-- 15.334894 s
currentSize : 37 <-- 15.880895 s
currentSize : 38 <-- 15.881202 s
currentSize : 42 <-- 61.368202 s
currentSize : 43 <-- 422.352173 s
currentSize : 44 <-- 422.841675 s
currentSize : 45 <-- 422.848633 s

TIMEOUT
maxsize : 45
nodes : 205923104.000000
filtered : 896874668.000000
time : 1000.000061
