Parameters: GAD=1 vflib=1 dir=0 label=0 vlabel=1 lowerbound=1 fileNameGp=../../cp2016-max-common-connected-subgraph-paper/datasets/graphsdb/mcs70/bvg/b03/mcs70_b03_s80.A04 fileNameGt=../../cp2016-max-common-connected-subgraph-paper/datasets/graphsdb/mcs70/bvg/b03/mcs70_b03_s80.B04
Reading graphs...
80 :  120
80 :  120
Initializing...
maxdom : 13
D->valSize : 509
Solving...
Blb : 2 (clique : 40)
currentSize : 40 <-- 0.005633 s
currentSize : 45 <-- 0.005937 s
currentSize : 46 <-- 0.006209 s
currentSize : 47 <-- 0.014093 s
currentSize : 48 <-- 0.014809 s
currentSize : 49 <-- 0.017049 s
currentSize : 50 <-- 0.024644 s
currentSize : 51 <-- 0.024701 s
currentSize : 52 <-- 0.026013 s
currentSize : 56 <-- 0.072232 s

maxsize : 56
nodes : 1896123.000000
filtered : 11887994.000000
time : 10.342919
