Parameters: GAD=1 vflib=1 dir=0 label=0 vlabel=1 lowerbound=1 fileNameGp=../../cp2016-max-common-connected-subgraph-paper/datasets/graphsdb/mcs70/m2D/m2Dr6/mcs70_m2Dr6_s70.A07 fileNameGt=../../cp2016-max-common-connected-subgraph-paper/datasets/graphsdb/mcs70/m2D/m2Dr6/mcs70_m2Dr6_s70.B07
Reading graphs...
70 :  165
70 :  164
Initializing...
maxdom : 9
D->valSize : 339
Solving...
Blb : 3 (clique : 26)
currentSize : 26 <-- 0.002874 s
currentSize : 27 <-- 0.011083 s
currentSize : 28 <-- 0.029554 s
currentSize : 29 <-- 0.029600 s
currentSize : 30 <-- 0.034857 s
currentSize : 31 <-- 0.034924 s
currentSize : 32 <-- 0.771310 s
currentSize : 33 <-- 2.754727 s
currentSize : 34 <-- 2.755535 s
currentSize : 35 <-- 4.299150 s
currentSize : 38 <-- 5.312501 s
currentSize : 39 <-- 5.312972 s
currentSize : 40 <-- 5.316878 s
currentSize : 41 <-- 8.350759 s
currentSize : 42 <-- 8.351225 s
currentSize : 44 <-- 11.795482 s
currentSize : 45 <-- 11.795573 s
currentSize : 46 <-- 11.796071 s
currentSize : 47 <-- 13.845793 s
currentSize : 48 <-- 13.845882 s
currentSize : 49 <-- 13.846248 s

maxsize : 49
nodes : 3651333.000000
filtered : 15564922.000000
time : 15.260852
