Parameters: GAD=1 vflib=1 dir=0 label=0 vlabel=1 lowerbound=1 fileNameGp=../../cp2016-max-common-connected-subgraph-paper/datasets/graphsdb/mcs70/m2D/m2Dr2/mcs70_m2Dr2_s60.A01 fileNameGt=../../cp2016-max-common-connected-subgraph-paper/datasets/graphsdb/mcs70/m2D/m2Dr2/mcs70_m2Dr2_s60.B01
Reading graphs...
60 :  116
60 :  116
Initializing...
maxdom : 6
D->valSize : 258
Solving...
Blb : 2 (clique : 24)
currentSize : 24 <-- 0.001825 s
currentSize : 25 <-- 0.001974 s
currentSize : 26 <-- 0.003512 s
currentSize : 27 <-- 0.031485 s
currentSize : 29 <-- 0.031717 s
currentSize : 31 <-- 0.082048 s
currentSize : 32 <-- 0.156342 s
currentSize : 33 <-- 0.185599 s
currentSize : 36 <-- 0.257929 s
currentSize : 38 <-- 0.681735 s

maxsize : 38
nodes : 1302003.000000
filtered : 5184662.000000
time : 4.695207
