Parameters: GAD=1 vflib=1 dir=0 label=0 vlabel=1 lowerbound=1 fileNameGp=../../cp2016-max-common-connected-subgraph-paper/datasets/graphsdb/mcs70/bvg/b06m/mcs70_b06m_s50.A05 fileNameGt=../../cp2016-max-common-connected-subgraph-paper/datasets/graphsdb/mcs70/bvg/b06m/mcs70_b06m_s50.B05
Reading graphs...
50 :  146
50 :  147
Initializing...
maxdom : 10
D->valSize : 343
Solving...
Blb : 2 (clique : 19)
currentSize : 19 <-- 0.002509 s
currentSize : 20 <-- 0.002629 s
currentSize : 21 <-- 0.041602 s
currentSize : 22 <-- 0.062924 s
currentSize : 23 <-- 0.065756 s
currentSize : 24 <-- 0.066467 s
currentSize : 25 <-- 0.068615 s
currentSize : 26 <-- 0.374300 s
currentSize : 27 <-- 0.374449 s
currentSize : 28 <-- 0.374982 s
currentSize : 32 <-- 0.375335 s
currentSize : 35 <-- 0.376194 s

maxsize : 35
nodes : 78259.000000
filtered : 766300.000000
time : 0.416927
