Parameters: GAD=1 vflib=1 dir=0 label=0 vlabel=1 lowerbound=1 fileNameGp=../../cp2016-max-common-connected-subgraph-paper/datasets/graphsdb/mcs70/m2D/m2Dr4/mcs70_m2Dr4_s100.A00 fileNameGt=../../cp2016-max-common-connected-subgraph-paper/datasets/graphsdb/mcs70/m2D/m2Dr4/mcs70_m2Dr4_s100.B00
Reading graphs...
100 :  220
100 :  219
Initializing...
maxdom : 8
D->valSize : 437
Solving...
Blb : 2 (clique : 49)
currentSize : 49 <-- 0.004881 s
currentSize : 52 <-- 0.005355 s
currentSize : 55 <-- 0.022340 s
currentSize : 56 <-- 0.728166 s
currentSize : 57 <-- 0.728267 s
currentSize : 58 <-- 13.896559 s
currentSize : 59 <-- 15.231127 s
currentSize : 60 <-- 15.275054 s
currentSize : 61 <-- 23.364876 s
currentSize : 62 <-- 27.637348 s
currentSize : 63 <-- 27.637758 s
currentSize : 64 <-- 28.776896 s
currentSize : 65 <-- 28.777132 s

maxsize : 65
nodes : 20341748.000000
filtered : 106898054.000000
time : 122.786179
