Parameters: GAD=1 vflib=1 dir=0 label=0 vlabel=1 lowerbound=1 fileNameGp=../../cp2016-max-common-connected-subgraph-paper/datasets/graphsdb/mcs70/bvg/b06/mcs70_b06_s70.A00 fileNameGt=../../cp2016-max-common-connected-subgraph-paper/datasets/graphsdb/mcs70/bvg/b06/mcs70_b06_s70.B00
Reading graphs...
70 :  209
70 :  210
Initializing...
maxdom : 9
D->valSize : 363
Solving...
Blb : 2 (clique : 37)
currentSize : 37 <-- 0.003122 s
currentSize : 38 <-- 0.003393 s
currentSize : 39 <-- 0.003530 s
currentSize : 40 <-- 0.003594 s
currentSize : 43 <-- 0.003907 s
currentSize : 45 <-- 0.003967 s
currentSize : 46 <-- 0.004035 s
currentSize : 47 <-- 0.004767 s
currentSize : 48 <-- 0.883731 s
currentSize : 49 <-- 4.364320 s

maxsize : 49
nodes : 1111273.000000
filtered : 6747911.000000
time : 4.922052
