Parameters: GAD=1 vflib=1 dir=0 label=0 vlabel=1 lowerbound=1 fileNameGp=../../cp2016-max-common-connected-subgraph-paper/datasets/graphsdb/mcs70/m2D/m2Dr4/mcs70_m2Dr4_s70.A04 fileNameGt=../../cp2016-max-common-connected-subgraph-paper/datasets/graphsdb/mcs70/m2D/m2Dr4/mcs70_m2Dr4_s70.B04
Reading graphs...
70 :  151
70 :  151
Initializing...
maxdom : 7
D->valSize : 335
Solving...
Blb : 3 (clique : 27)
currentSize : 27 <-- 0.002738 s
currentSize : 33 <-- 0.002914 s
currentSize : 36 <-- 0.004991 s
currentSize : 38 <-- 0.012156 s
currentSize : 39 <-- 0.013171 s
currentSize : 40 <-- 0.018289 s
currentSize : 41 <-- 0.063505 s
currentSize : 42 <-- 0.076515 s
currentSize : 43 <-- 0.087509 s
currentSize : 44 <-- 7.048005 s
currentSize : 48 <-- 7.050530 s
currentSize : 49 <-- 7.050727 s

maxsize : 49
nodes : 1881594.000000
filtered : 9323808.000000
time : 8.515088
