Parameters: GAD=1 vflib=1 dir=0 label=0 vlabel=1 lowerbound=1 fileNameGp=../../cp2016-max-common-connected-subgraph-paper/datasets/graphsdb/mcs70/rand/r005/mcs70_r005_s90.A00 fileNameGt=../../cp2016-max-common-connected-subgraph-paper/datasets/graphsdb/mcs70/rand/r005/mcs70_r005_s90.B00
Reading graphs...
90 :  383
90 :  385
Initializing...
maxdom : 11
D->valSize : 560
Solving...
Blb : 2 (clique : 26)
currentSize : 26 <-- 0.010684 s
currentSize : 27 <-- 0.031606 s
currentSize : 28 <-- 0.125695 s
currentSize : 29 <-- 0.125970 s
currentSize : 30 <-- 0.132167 s
currentSize : 31 <-- 3.796433 s
currentSize : 32 <-- 3.796712 s
currentSize : 33 <-- 3.798511 s
currentSize : 34 <-- 3.799527 s
currentSize : 35 <-- 6.445383 s
currentSize : 36 <-- 6.446415 s
currentSize : 37 <-- 6.447386 s
currentSize : 39 <-- 6.451760 s
currentSize : 40 <-- 8.690717 s
currentSize : 43 <-- 17.183784 s
currentSize : 46 <-- 17.183962 s
currentSize : 47 <-- 19.732924 s
currentSize : 49 <-- 27.487688 s
currentSize : 51 <-- 27.487877 s
currentSize : 55 <-- 29.088802 s
currentSize : 57 <-- 29.830172 s
currentSize : 63 <-- 29.830498 s

maxsize : 63
nodes : 4764740.000000
filtered : 57715474.000000
time : 30.942513
