Parameters: GAD=1 vflib=1 dir=0 label=0 vlabel=1 lowerbound=1 fileNameGp=../../cp2016-max-common-connected-subgraph-paper/datasets/graphsdb/mcs70/rand/r005/mcs70_r005_s70.A01 fileNameGt=../../cp2016-max-common-connected-subgraph-paper/datasets/graphsdb/mcs70/rand/r005/mcs70_r005_s70.B01
Reading graphs...
70 :  234
70 :  236
Initializing...
maxdom : 9
D->valSize : 354
Solving...
Blb : 3 (clique : 27)
currentSize : 27 <-- 0.002998 s
currentSize : 28 <-- 0.036249 s
currentSize : 31 <-- 0.044741 s
currentSize : 32 <-- 0.059786 s
currentSize : 33 <-- 0.059828 s
currentSize : 34 <-- 0.063827 s
currentSize : 35 <-- 0.063867 s
currentSize : 40 <-- 0.078400 s
currentSize : 42 <-- 0.078640 s
currentSize : 49 <-- 0.095179 s

maxsize : 49
nodes : 28682.000000
filtered : 138184.000000
time : 0.126714
