Parameters: GAD=1 vflib=1 dir=0 label=0 vlabel=1 lowerbound=1 fileNameGp=../../cp2016-max-common-connected-subgraph-paper/datasets/graphsdb/mcs70/m2D/m2Dr2/mcs70_m2Dr2_s80.A01 fileNameGt=../../cp2016-max-common-connected-subgraph-paper/datasets/graphsdb/mcs70/m2D/m2Dr2/mcs70_m2Dr2_s80.B01
Reading graphs...
80 :  158
80 :  157
Initializing...
maxdom : 14
D->valSize : 549
Solving...
Blb : 2 (clique : 37)
currentSize : 37 <-- 0.006454 s
currentSize : 38 <-- 0.014143 s
currentSize : 39 <-- 0.046509 s
currentSize : 40 <-- 0.065029 s
currentSize : 41 <-- 0.227266 s
currentSize : 42 <-- 0.228145 s
currentSize : 43 <-- 0.230083 s

TIMEOUT
maxsize : 43
nodes : 177372546.000000
filtered : 1649062103.000000
time : 1000.000061
