Parameters: GAD=1 vflib=1 dir=0 label=0 vlabel=1 lowerbound=1 fileNameGp=../../cp2016-max-common-connected-subgraph-paper/datasets/graphsdb/mcs70/rand/r01/mcs70_r01_s90.A00 fileNameGt=../../cp2016-max-common-connected-subgraph-paper/datasets/graphsdb/mcs70/rand/r01/mcs70_r01_s90.B00
Reading graphs...
90 :  759
90 :  773
Initializing...
maxdom : 10
D->valSize : 585
Solving...
Blb : 2 (clique : 16)
currentSize : 16 <-- 0.006745 s
currentSize : 17 <-- 0.007478 s
currentSize : 18 <-- 0.010759 s
currentSize : 19 <-- 0.011518 s
currentSize : 20 <-- 0.026698 s
currentSize : 22 <-- 0.078553 s
currentSize : 23 <-- 0.080553 s
currentSize : 25 <-- 0.102669 s
currentSize : 26 <-- 0.115146 s
currentSize : 28 <-- 0.158801 s
currentSize : 32 <-- 0.160507 s
currentSize : 33 <-- 0.180400 s
currentSize : 42 <-- 0.185962 s
currentSize : 50 <-- 0.216333 s
currentSize : 63 <-- 0.254280 s

maxsize : 63
nodes : 67788.000000
filtered : 736255.000000
time : 0.420315
