Parameters: GAD=1 vflib=1 dir=0 label=0 vlabel=1 lowerbound=1 fileNameGp=../../cp2016-max-common-connected-subgraph-paper/datasets/graphsdb/mcs70/m2D/m2Dr4/mcs70_m2Dr4_s50.A05 fileNameGt=../../cp2016-max-common-connected-subgraph-paper/datasets/graphsdb/mcs70/m2D/m2Dr4/mcs70_m2Dr4_s50.B05
Reading graphs...
50 :  104
50 :  102
Initializing...
maxdom : 11
D->valSize : 367
Solving...
Blb : 2 (clique : 23)
currentSize : 23 <-- 0.004410 s
currentSize : 29 <-- 0.004610 s
currentSize : 31 <-- 0.004653 s
currentSize : 32 <-- 0.004824 s
currentSize : 34 <-- 0.005547 s
currentSize : 35 <-- 0.009213 s
currentSize : 36 <-- 0.009340 s
currentSize : 37 <-- 0.010065 s

maxsize : 37
nodes : 43650.000000
filtered : 421757.000000
time : 0.247171
