Parameters: GAD=1 vflib=1 dir=0 label=0 vlabel=1 lowerbound=1 fileNameGp=../../cp2016-max-common-connected-subgraph-paper/datasets/graphsdb/mcs70/rand/r01/mcs70_r01_s80.A00 fileNameGt=../../cp2016-max-common-connected-subgraph-paper/datasets/graphsdb/mcs70/rand/r01/mcs70_r01_s80.B00
Reading graphs...
80 :  592
80 :  596
Initializing...
maxdom : 9
D->valSize : 433
Solving...
Blb : 2 (clique : 14)
currentSize : 14 <-- 0.003967 s
currentSize : 15 <-- 0.004435 s
currentSize : 16 <-- 0.004564 s
currentSize : 17 <-- 0.014949 s
currentSize : 18 <-- 0.028394 s
currentSize : 20 <-- 0.029065 s
currentSize : 21 <-- 0.030166 s
currentSize : 28 <-- 0.185950 s
currentSize : 31 <-- 0.425870 s
currentSize : 32 <-- 0.522320 s
currentSize : 37 <-- 0.607943 s
currentSize : 38 <-- 0.709930 s
currentSize : 43 <-- 0.712500 s
currentSize : 56 <-- 0.713404 s

maxsize : 56
nodes : 123756.000000
filtered : 1298245.000000
time : 0.745441
