Parameters: GAD=1 vflib=1 dir=0 label=0 vlabel=1 lowerbound=1 fileNameGp=../../cp2016-max-common-connected-subgraph-paper/datasets/graphsdb/mcs70/bvg/b06m/mcs70_b06m_s40.A08 fileNameGt=../../cp2016-max-common-connected-subgraph-paper/datasets/graphsdb/mcs70/bvg/b06m/mcs70_b06m_s40.B08
Reading graphs...
40 :  116
40 :  115
Initializing...
maxdom : 9
D->valSize : 230
Solving...
Blb : 2 (clique : 13)
currentSize : 13 <-- 0.001294 s
currentSize : 14 <-- 0.001372 s
currentSize : 15 <-- 0.004381 s
currentSize : 16 <-- 0.007786 s
currentSize : 17 <-- 0.025488 s
currentSize : 18 <-- 0.025507 s
currentSize : 21 <-- 0.025618 s
currentSize : 22 <-- 0.027443 s
currentSize : 26 <-- 0.029506 s
currentSize : 28 <-- 0.029562 s

maxsize : 28
nodes : 9434.000000
filtered : 52991.000000
time : 0.030957
