Parameters: GAD=1 vflib=1 dir=0 label=0 vlabel=1 lowerbound=1 fileNameGp=../../cp2016-max-common-connected-subgraph-paper/datasets/graphsdb/mcs70/m2D/m2Dr4/mcs70_m2Dr4_s70.A05 fileNameGt=../../cp2016-max-common-connected-subgraph-paper/datasets/graphsdb/mcs70/m2D/m2Dr4/mcs70_m2Dr4_s70.B05
Reading graphs...
70 :  150
70 :  149
Initializing...
maxdom : 7
D->valSize : 323
Solving...
Blb : 3 (clique : 42)
currentSize : 42 <-- 0.004573 s
currentSize : 43 <-- 0.065162 s
currentSize : 44 <-- 0.065441 s
currentSize : 45 <-- 3.060304 s
currentSize : 46 <-- 3.060415 s
currentSize : 47 <-- 3.062018 s
currentSize : 48 <-- 3.102613 s
currentSize : 49 <-- 3.102868 s

maxsize : 49
nodes : 1300862.000000
filtered : 5798266.000000
time : 5.525532
