Parameters: GAD=1 vflib=1 dir=0 label=0 vlabel=1 lowerbound=1 fileNameGp=../../cp2016-max-common-connected-subgraph-paper/datasets/graphsdb/mcs70/m2D/m2Dr6/mcs70_m2Dr6_s60.A09 fileNameGt=../../cp2016-max-common-connected-subgraph-paper/datasets/graphsdb/mcs70/m2D/m2Dr6/mcs70_m2Dr6_s60.B09
Reading graphs...
60 :  139
60 :  136
Initializing...
maxdom : 10
D->valSize : 298
Solving...
Blb : 2 (clique : 21)
currentSize : 21 <-- 0.002360 s
currentSize : 23 <-- 0.002490 s
currentSize : 24 <-- 0.002681 s
currentSize : 25 <-- 0.010852 s
currentSize : 26 <-- 0.016187 s
currentSize : 27 <-- 0.031951 s
currentSize : 28 <-- 0.042518 s
currentSize : 29 <-- 0.042554 s
currentSize : 31 <-- 0.053032 s
currentSize : 32 <-- 0.053104 s
currentSize : 33 <-- 0.088477 s
currentSize : 34 <-- 0.431600 s
currentSize : 35 <-- 0.893235 s
currentSize : 36 <-- 0.893316 s

maxsize : 36
nodes : 594672.000000
filtered : 3484841.000000
time : 2.538748
