Parameters: GAD=1 vflib=1 dir=0 label=0 vlabel=1 lowerbound=1 fileNameGp=../../cp2016-max-common-connected-subgraph-paper/datasets/graphsdb/mcs70/m2D/m2Dr2/mcs70_m2Dr2_s70.A02 fileNameGt=../../cp2016-max-common-connected-subgraph-paper/datasets/graphsdb/mcs70/m2D/m2Dr2/mcs70_m2Dr2_s70.B02
Reading graphs...
70 :  135
70 :  135
Initializing...
maxdom : 10
D->valSize : 361
Solving...
Blb : 2 (clique : 39)
currentSize : 39 <-- 0.003085 s
currentSize : 41 <-- 0.003355 s
currentSize : 42 <-- 0.003450 s
currentSize : 44 <-- 0.003553 s
currentSize : 45 <-- 0.004003 s
currentSize : 46 <-- 0.004053 s
currentSize : 47 <-- 0.004150 s
currentSize : 48 <-- 0.350106 s
currentSize : 49 <-- 0.350161 s

maxsize : 49
nodes : 931990.000000
filtered : 4711266.000000
time : 3.980817
