Parameters: GAD=1 vflib=1 dir=0 label=0 vlabel=1 lowerbound=1 fileNameGp=../../cp2016-max-common-connected-subgraph-paper/datasets/graphsdb/mcs70/m3D/m3Dr6/mcs70_m3Dr6_s90.A04 fileNameGt=../../cp2016-max-common-connected-subgraph-paper/datasets/graphsdb/mcs70/m3D/m3Dr6/mcs70_m3Dr6_s90.B04
Reading graphs...
90 :  261
90 :  261
Initializing...
maxdom : 12
D->valSize : 565
Solving...
Blb : 2 (clique : 38)
currentSize : 38 <-- 0.011368 s
currentSize : 40 <-- 0.013009 s
currentSize : 42 <-- 0.020733 s
currentSize : 44 <-- 0.021268 s
currentSize : 45 <-- 0.041986 s
currentSize : 50 <-- 2.885374 s
currentSize : 52 <-- 2.885864 s
currentSize : 53 <-- 2.943406 s
currentSize : 54 <-- 6.414400 s
currentSize : 57 <-- 6.422175 s
currentSize : 58 <-- 6.507953 s
currentSize : 64 <-- 22.412252 s

maxsize : 64
nodes : 12395399.000000
filtered : 71812565.000000
time : 66.372528
