Parameters: GAD=1 vflib=1 dir=0 label=0 vlabel=1 lowerbound=1 fileNameGp=../../cp2016-max-common-connected-subgraph-paper/datasets/graphsdb/mcs70/m3D/m3Dr2/mcs70_m3Dr2_s100.A04 fileNameGt=../../cp2016-max-common-connected-subgraph-paper/datasets/graphsdb/mcs70/m3D/m3Dr2/mcs70_m3Dr2_s100.B04
Reading graphs...
100 :  253
100 :  254
Initializing...
maxdom : 7
D->valSize : 369
Solving...
Blb : 3 (clique : 41)
currentSize : 41 <-- 0.003821 s
currentSize : 42 <-- 0.011484 s
currentSize : 44 <-- 0.013150 s
currentSize : 45 <-- 0.074401 s
currentSize : 46 <-- 0.074501 s
currentSize : 47 <-- 0.084804 s
currentSize : 48 <-- 0.084952 s
currentSize : 49 <-- 0.314164 s
currentSize : 50 <-- 0.314524 s
currentSize : 52 <-- 7.977607 s
currentSize : 53 <-- 7.978070 s
currentSize : 54 <-- 7.978242 s
currentSize : 55 <-- 7.978365 s
currentSize : 56 <-- 7.981430 s
currentSize : 57 <-- 29.367107 s
currentSize : 58 <-- 29.368889 s
currentSize : 59 <-- 263.603302 s
currentSize : 60 <-- 276.101410 s
currentSize : 61 <-- 276.155579 s

TIMEOUT
maxsize : 61
nodes : 218964874.000000
filtered : 621565180.000000
time : 1000.000183
