Parameters: GAD=1 vflib=1 dir=0 label=0 vlabel=1 lowerbound=1 fileNameGp=../../cp2016-max-common-connected-subgraph-paper/datasets/graphsdb/mcs70/bvg/b06/mcs70_b06_s70.A04 fileNameGt=../../cp2016-max-common-connected-subgraph-paper/datasets/graphsdb/mcs70/bvg/b06/mcs70_b06_s70.B04
Reading graphs...
70 :  209
70 :  210
Initializing...
maxdom : 8
D->valSize : 376
Solving...
Blb : 2 (clique : 34)
currentSize : 34 <-- 0.003232 s
currentSize : 35 <-- 0.003455 s
currentSize : 36 <-- 0.003597 s
currentSize : 37 <-- 0.003710 s
currentSize : 41 <-- 0.004204 s
currentSize : 42 <-- 0.004377 s
currentSize : 43 <-- 0.118534 s
currentSize : 44 <-- 8.009593 s
currentSize : 46 <-- 8.009972 s
currentSize : 47 <-- 8.090066 s
currentSize : 48 <-- 8.207527 s
currentSize : 49 <-- 8.208340 s

maxsize : 49
nodes : 2851231.000000
filtered : 14375709.000000
time : 12.444899
