Parameters: GAD=1 vflib=1 dir=0 label=0 vlabel=1 lowerbound=1 fileNameGp=../../cp2016-max-common-connected-subgraph-paper/datasets/graphsdb/mcs70/bvg/b06/mcs70_b06_s60.A09 fileNameGt=../../cp2016-max-common-connected-subgraph-paper/datasets/graphsdb/mcs70/bvg/b06/mcs70_b06_s60.B09
Reading graphs...
60 :  180
60 :  180
Initializing...
maxdom : 8
D->valSize : 262
Solving...
Blb : 3 (clique : 24)
currentSize : 24 <-- 0.001905 s
currentSize : 25 <-- 0.004865 s
currentSize : 26 <-- 0.032007 s
currentSize : 27 <-- 0.032059 s
currentSize : 28 <-- 0.036469 s
currentSize : 29 <-- 0.036540 s
currentSize : 31 <-- 0.159033 s
currentSize : 32 <-- 0.159123 s
currentSize : 33 <-- 0.209795 s
currentSize : 34 <-- 0.234140 s
currentSize : 35 <-- 0.379305 s
currentSize : 36 <-- 0.379598 s
currentSize : 37 <-- 0.425391 s
currentSize : 39 <-- 0.426597 s
currentSize : 42 <-- 0.512035 s

maxsize : 42
nodes : 120374.000000
filtered : 743959.000000
time : 0.557044
