Parameters: GAD=1 vflib=1 dir=0 label=0 vlabel=1 lowerbound=1 fileNameGp=../../cp2016-max-common-connected-subgraph-paper/datasets/graphsdb/mcs70/bvg/b06/mcs70_b06_s50.A03 fileNameGt=../../cp2016-max-common-connected-subgraph-paper/datasets/graphsdb/mcs70/bvg/b06/mcs70_b06_s50.B03
Reading graphs...
50 :  150
50 :  149
Initializing...
maxdom : 9
D->valSize : 335
Solving...
Blb : 2 (clique : 19)
currentSize : 19 <-- 0.002351 s
currentSize : 20 <-- 0.004825 s
currentSize : 21 <-- 0.015929 s
currentSize : 22 <-- 0.058124 s
currentSize : 23 <-- 1.718869 s
currentSize : 24 <-- 5.388551 s
currentSize : 25 <-- 5.547225 s
currentSize : 33 <-- 6.633994 s
currentSize : 35 <-- 6.634382 s

maxsize : 35
nodes : 1578209.000000
filtered : 13953016.000000
time : 6.777155
