Parameters: GAD=1 vflib=1 dir=0 label=0 vlabel=1 lowerbound=1 fileNameGp=../../cp2016-max-common-connected-subgraph-paper/datasets/graphsdb/mcs70/m2D/m2Dr2/mcs70_m2Dr2_s60.A03 fileNameGt=../../cp2016-max-common-connected-subgraph-paper/datasets/graphsdb/mcs70/m2D/m2Dr2/mcs70_m2Dr2_s60.B03
Reading graphs...
60 :  115
60 :  116
Initializing...
maxdom : 8
D->valSize : 234
Solving...
Blb : 3 (clique : 25)
currentSize : 25 <-- 0.001650 s
currentSize : 26 <-- 0.087510 s
currentSize : 27 <-- 0.087879 s
currentSize : 28 <-- 0.098283 s
currentSize : 30 <-- 0.250050 s
currentSize : 31 <-- 0.630928 s
currentSize : 32 <-- 3.482040 s
currentSize : 33 <-- 3.515358 s
currentSize : 34 <-- 3.515713 s
currentSize : 35 <-- 5.376483 s
currentSize : 36 <-- 5.376712 s
currentSize : 37 <-- 5.398580 s
currentSize : 38 <-- 5.448192 s

maxsize : 38
nodes : 1601594.000000
filtered : 7872754.000000
time : 6.207245
