Parameters: GAD=1 vflib=1 dir=0 label=0 vlabel=1 lowerbound=1 fileNameGp=../../cp2016-max-common-connected-subgraph-paper/datasets/graphsdb/mcs70/rand/r01/mcs70_r01_s100.A08 fileNameGt=../../cp2016-max-common-connected-subgraph-paper/datasets/graphsdb/mcs70/rand/r01/mcs70_r01_s100.B08
Reading graphs...
100 :  934
100 :  935
Initializing...
maxdom : 7
D->valSize : 390
Solving...
Blb : 2 (clique : 14)
currentSize : 14 <-- 0.003796 s
currentSize : 15 <-- 0.004001 s
currentSize : 16 <-- 0.004741 s
currentSize : 17 <-- 0.019698 s
currentSize : 18 <-- 0.052952 s
currentSize : 20 <-- 0.053136 s
currentSize : 21 <-- 0.091294 s
currentSize : 22 <-- 0.113797 s
currentSize : 24 <-- 0.145269 s
currentSize : 26 <-- 0.145457 s
currentSize : 30 <-- 0.145583 s
currentSize : 32 <-- 0.182155 s
currentSize : 35 <-- 0.198695 s
currentSize : 46 <-- 0.311845 s
currentSize : 50 <-- 0.400633 s
currentSize : 70 <-- 0.440783 s

maxsize : 70
nodes : 73170.000000
filtered : 595813.000000
time : 0.454532
