Parameters: GAD=1 vflib=1 dir=0 label=0 vlabel=1 lowerbound=1 fileNameGp=../../cp2016-max-common-connected-subgraph-paper/datasets/graphsdb/mcs70/m3D/m3Dr6/mcs70_m3Dr6_s90.A06 fileNameGt=../../cp2016-max-common-connected-subgraph-paper/datasets/graphsdb/mcs70/m3D/m3Dr6/mcs70_m3Dr6_s90.B06
Reading graphs...
90 :  260
90 :  256
Initializing...
maxdom : 9
D->valSize : 549
Solving...
Blb : 5 (clique : 34)
currentSize : 34 <-- 0.010512 s
currentSize : 35 <-- 0.029716 s
currentSize : 36 <-- 0.029789 s
currentSize : 37 <-- 0.074325 s
currentSize : 39 <-- 0.147737 s
currentSize : 40 <-- 0.328034 s
currentSize : 42 <-- 0.369551 s
currentSize : 44 <-- 0.518938 s
currentSize : 46 <-- 0.913269 s
currentSize : 47 <-- 1.286073 s
currentSize : 50 <-- 1.286222 s
currentSize : 51 <-- 1.286335 s
currentSize : 52 <-- 68.802322 s
currentSize : 53 <-- 68.857857 s
currentSize : 56 <-- 68.858009 s
currentSize : 57 <-- 68.858131 s
currentSize : 58 <-- 89.450516 s
currentSize : 59 <-- 89.455902 s
currentSize : 63 <-- 89.456062 s
currentSize : 64 <-- 89.456200 s

maxsize : 64
nodes : 20494329.000000
filtered : 150848525.000000
time : 115.233276
