Parameters: GAD=1 vflib=1 dir=0 label=0 vlabel=1 lowerbound=1 fileNameGp=../../cp2016-max-common-connected-subgraph-paper/datasets/graphsdb/mcs70/m2D/m2Dr4/mcs70_m2Dr4_s90.A03 fileNameGt=../../cp2016-max-common-connected-subgraph-paper/datasets/graphsdb/mcs70/m2D/m2Dr4/mcs70_m2Dr4_s90.B03
Reading graphs...
90 :  195
90 :  192
Initializing...
maxdom : 11
D->valSize : 577
Solving...
Blb : 2 (clique : 54)
currentSize : 54 <-- 0.007193 s
currentSize : 55 <-- 0.025348 s
currentSize : 56 <-- 0.025430 s
currentSize : 57 <-- 0.094167 s
currentSize : 58 <-- 0.111303 s
currentSize : 59 <-- 0.111330 s
currentSize : 60 <-- 0.222627 s
currentSize : 61 <-- 0.231458 s
currentSize : 62 <-- 0.231489 s
currentSize : 63 <-- 134.025375 s
currentSize : 64 <-- 134.042374 s
currentSize : 65 <-- 134.042404 s

maxsize : 65
nodes : 47897787.000000
filtered : 262607040.000000
time : 247.535019
