Parameters: GAD=1 vflib=1 dir=0 label=0 vlabel=1 lowerbound=1 fileNameGp=../../cp2016-max-common-connected-subgraph-paper/datasets/graphsdb/mcs70/m2D/m2Dr2/mcs70_m2Dr2_s80.A02 fileNameGt=../../cp2016-max-common-connected-subgraph-paper/datasets/graphsdb/mcs70/m2D/m2Dr2/mcs70_m2Dr2_s80.B02
Reading graphs...
80 :  158
80 :  158
Initializing...
maxdom : 10
D->valSize : 439
Solving...
Blb : 2 (clique : 34)
currentSize : 34 <-- 0.004363 s
currentSize : 35 <-- 0.004725 s
currentSize : 36 <-- 0.004814 s
currentSize : 37 <-- 0.013144 s
currentSize : 39 <-- 0.013650 s
currentSize : 41 <-- 16.643515 s
currentSize : 42 <-- 71.590294 s
currentSize : 45 <-- 71.590584 s
currentSize : 46 <-- 71.607201 s
currentSize : 47 <-- 79.363831 s
currentSize : 48 <-- 79.363960 s
currentSize : 49 <-- 79.404366 s
currentSize : 50 <-- 128.411728 s
currentSize : 51 <-- 150.481934 s

maxsize : 51
nodes : 30387691.000000
filtered : 235387678.000000
time : 164.167877
