Parameters: GAD=1 vflib=1 dir=0 label=0 vlabel=1 lowerbound=1 fileNameGp=../../cp2016-max-common-connected-subgraph-paper/datasets/graphsdb/mcs70/bvg/b09/mcs70_b09_s90.A09 fileNameGt=../../cp2016-max-common-connected-subgraph-paper/datasets/graphsdb/mcs70/bvg/b09/mcs70_b09_s90.B09
Reading graphs...
90 :  402
90 :  405
Initializing...
maxdom : 8
D->valSize : 550
Solving...
Blb : 3 (clique : 36)
currentSize : 36 <-- 0.010360 s
currentSize : 37 <-- 192.005219 s
currentSize : 38 <-- 192.356918 s
currentSize : 39 <-- 394.805817 s
currentSize : 41 <-- 479.154358 s
currentSize : 42 <-- 479.154663 s
currentSize : 44 <-- 480.198944 s
currentSize : 46 <-- 480.199371 s
currentSize : 56 <-- 604.035156 s
currentSize : 57 <-- 604.035339 s
currentSize : 60 <-- 604.035889 s
currentSize : 62 <-- 604.036072 s

maxsize : 62
nodes : 102220610.000000
filtered : 1006080554.000000
time : 622.282166
