Parameters: GAD=1 vflib=1 dir=0 label=0 vlabel=1 lowerbound=1 fileNameGp=../../cp2016-max-common-connected-subgraph-paper/datasets/graphsdb/mcs70/m2D/m2D/mcs70_m2D_s60.A03 fileNameGt=../../cp2016-max-common-connected-subgraph-paper/datasets/graphsdb/mcs70/m2D/m2D/mcs70_m2D_s60.B03
Reading graphs...
60 :  103
60 :  103
Initializing...
maxdom : 8
D->valSize : 240
Solving...
Blb : 2 (clique : 21)
currentSize : 21 <-- 0.001643 s
currentSize : 22 <-- 0.002912 s
currentSize : 23 <-- 0.026534 s
currentSize : 24 <-- 1.083393 s
currentSize : 25 <-- 1.158047 s
currentSize : 26 <-- 1.807717 s
currentSize : 27 <-- 1.867429 s
currentSize : 28 <-- 1.894923 s
currentSize : 29 <-- 2.653087 s
currentSize : 30 <-- 3.288927 s
currentSize : 31 <-- 3.511846 s
currentSize : 32 <-- 5.114939 s
currentSize : 33 <-- 6.190094 s
currentSize : 34 <-- 8.349372 s
currentSize : 36 <-- 8.349407 s

maxsize : 36
nodes : 2792729.000000
filtered : 11793779.000000
time : 9.968560
