Parameters: GAD=1 vflib=1 dir=0 label=0 vlabel=1 lowerbound=1 fileNameGp=../../cp2016-max-common-connected-subgraph-paper/datasets/graphsdb/mcs70/m2D/m2Dr2/mcs70_m2Dr2_s80.A03 fileNameGt=../../cp2016-max-common-connected-subgraph-paper/datasets/graphsdb/mcs70/m2D/m2Dr2/mcs70_m2Dr2_s80.B03
Reading graphs...
80 :  157
80 :  157
Initializing...
maxdom : 9
D->valSize : 439
Solving...
Blb : 2 (clique : 32)
currentSize : 32 <-- 0.004413 s
currentSize : 33 <-- 0.004689 s
currentSize : 34 <-- 0.832106 s
currentSize : 35 <-- 1.609217 s
currentSize : 36 <-- 14.454002 s
currentSize : 37 <-- 57.550400 s
currentSize : 38 <-- 70.189026 s

TIMEOUT
maxsize : 38
nodes : 205205647.000000
filtered : 1603204491.000000
time : 1000.000061
