Parameters: GAD=1 vflib=1 dir=0 label=0 vlabel=1 lowerbound=1 fileNameGp=../../cp2016-max-common-connected-subgraph-paper/datasets/graphsdb/mcs70/bvg/b06m/mcs70_b06m_s100.A01 fileNameGt=../../cp2016-max-common-connected-subgraph-paper/datasets/graphsdb/mcs70/bvg/b06m/mcs70_b06m_s100.B01
Reading graphs...
100 :  298
100 :  294
Initializing...
maxdom : 6
D->valSize : 372
Solving...
Blb : 3 (clique : 55)
currentSize : 55 <-- 0.006457 s
currentSize : 56 <-- 30.339249 s
currentSize : 57 <-- 30.561584 s
currentSize : 58 <-- 30.748655 s
currentSize : 59 <-- 31.289728 s
currentSize : 61 <-- 31.290283 s
currentSize : 62 <-- 31.334236 s
currentSize : 63 <-- 80.475388 s
currentSize : 65 <-- 80.476486 s
currentSize : 66 <-- 80.491272 s
currentSize : 68 <-- 80.496841 s
currentSize : 70 <-- 118.235672 s

maxsize : 70
nodes : 36546141.000000
filtered : 139813372.000000
time : 188.170609
