Parameters: GAD=1 vflib=1 dir=0 label=0 vlabel=1 lowerbound=1 fileNameGp=../../cp2016-max-common-connected-subgraph-paper/datasets/graphsdb/mcs70/bvg/b09m/mcs70_b09m_s90.A01 fileNameGt=../../cp2016-max-common-connected-subgraph-paper/datasets/graphsdb/mcs70/bvg/b09m/mcs70_b09m_s90.B01
Reading graphs...
90 :  399
90 :  401
Initializing...
maxdom : 10
D->valSize : 561
Solving...
Blb : 2 (clique : 54)
currentSize : 54 <-- 0.006614 s
currentSize : 55 <-- 0.006935 s
currentSize : 57 <-- 0.007154 s
currentSize : 58 <-- 0.007312 s
currentSize : 59 <-- 0.007902 s
currentSize : 61 <-- 0.008419 s
currentSize : 62 <-- 0.008602 s

maxsize : 62
nodes : 8124583.000000
filtered : 48550146.000000
time : 43.295033
