Parameters: GAD=1 vflib=1 dir=0 label=0 vlabel=1 lowerbound=1 fileNameGp=../../cp2016-max-common-connected-subgraph-paper/datasets/graphsdb/mcs70/m2D/m2Dr2/mcs70_m2Dr2_s100.A01 fileNameGt=../../cp2016-max-common-connected-subgraph-paper/datasets/graphsdb/mcs70/m2D/m2Dr2/mcs70_m2Dr2_s100.B01
Reading graphs...
100 :  199
100 :  199
Initializing...
maxdom : 6
D->valSize : 345
Solving...
Blb : 2 (clique : 41)
currentSize : 41 <-- 0.005953 s
currentSize : 42 <-- 9.500187 s
currentSize : 43 <-- 45.328716 s
currentSize : 44 <-- 47.535294 s
currentSize : 45 <-- 80.969872 s
currentSize : 46 <-- 86.714783 s
currentSize : 47 <-- 86.774933 s
currentSize : 48 <-- 102.288651 s
currentSize : 49 <-- 102.288750 s
currentSize : 50 <-- 165.863190 s
currentSize : 51 <-- 358.093628 s
currentSize : 52 <-- 359.971252 s
currentSize : 53 <-- 395.393341 s

TIMEOUT
maxsize : 53
nodes : 210459140.000000
filtered : 653426303.000000
time : 1000.000122
