Parameters: GAD=1 vflib=1 dir=0 label=0 vlabel=1 lowerbound=1 fileNameGp=../../cp2016-max-common-connected-subgraph-paper/datasets/graphsdb/mcs70/bvg/b06/mcs70_b06_s90.A02 fileNameGt=../../cp2016-max-common-connected-subgraph-paper/datasets/graphsdb/mcs70/bvg/b06/mcs70_b06_s90.B02
Reading graphs...
90 :  269
90 :  270
Initializing...
maxdom : 11
D->valSize : 571
Solving...
Blb : 2 (clique : 39)
currentSize : 39 <-- 0.010827 s
currentSize : 42 <-- 0.011287 s
currentSize : 43 <-- 0.059836 s
currentSize : 45 <-- 0.166444 s
currentSize : 46 <-- 0.259357 s
currentSize : 47 <-- 1.571050 s
currentSize : 48 <-- 1.581750 s
currentSize : 51 <-- 7.950952 s
currentSize : 52 <-- 7.951110 s
currentSize : 53 <-- 7.952522 s
currentSize : 54 <-- 9.980688 s
currentSize : 56 <-- 9.991769 s
currentSize : 59 <-- 11.764211 s
currentSize : 61 <-- 11.767787 s
currentSize : 63 <-- 11.772712 s

maxsize : 63
nodes : 9289866.000000
filtered : 60363145.000000
time : 50.853416
