Parameters: GAD=1 vflib=1 dir=0 label=0 vlabel=1 lowerbound=1 fileNameGp=../../cp2016-max-common-connected-subgraph-paper/datasets/graphsdb/mcs70/m2D/m2Dr2/mcs70_m2Dr2_s70.A00 fileNameGt=../../cp2016-max-common-connected-subgraph-paper/datasets/graphsdb/mcs70/m2D/m2Dr2/mcs70_m2Dr2_s70.B00
Reading graphs...
70 :  137
70 :  137
Initializing...
maxdom : 9
D->valSize : 338
Solving...
Blb : 2 (clique : 30)
currentSize : 30 <-- 0.004707 s
currentSize : 36 <-- 0.005015 s
currentSize : 38 <-- 0.005226 s
currentSize : 42 <-- 0.005416 s
currentSize : 44 <-- 0.007107 s
currentSize : 46 <-- 0.795245 s
currentSize : 47 <-- 0.800185 s
currentSize : 48 <-- 1.782108 s
currentSize : 49 <-- 1.785199 s

maxsize : 49
nodes : 1179546.000000
filtered : 4944014.000000
time : 4.971220
