Parameters: GAD=1 vflib=1 dir=0 label=0 vlabel=1 lowerbound=1 fileNameGp=../../cp2016-max-common-connected-subgraph-paper/datasets/graphsdb/mcs70/m3D/m3D/mcs70_m3D_s90.A00 fileNameGt=../../cp2016-max-common-connected-subgraph-paper/datasets/graphsdb/mcs70/m3D/m3D/mcs70_m3D_s90.B00
Reading graphs...
90 :  209
90 :  209
Initializing...
maxdom : 12
D->valSize : 580
Solving...
Blb : 2 (clique : 39)
currentSize : 39 <-- 0.007013 s
currentSize : 40 <-- 0.007711 s
currentSize : 42 <-- 0.019215 s
currentSize : 43 <-- 0.074824 s
currentSize : 45 <-- 0.074917 s
currentSize : 46 <-- 0.111578 s
currentSize : 48 <-- 0.140824 s
currentSize : 50 <-- 0.140951 s
currentSize : 52 <-- 0.168762 s
currentSize : 53 <-- 0.169734 s
currentSize : 56 <-- 0.251140 s
currentSize : 58 <-- 0.276494 s
currentSize : 59 <-- 0.277179 s
currentSize : 60 <-- 9.419812 s
currentSize : 61 <-- 9.420305 s
currentSize : 62 <-- 9.447627 s
currentSize : 64 <-- 9.449180 s

maxsize : 64
nodes : 2896833.000000
filtered : 17714443.000000
time : 16.344460
