Parameters: GAD=1 vflib=1 dir=0 label=0 vlabel=1 lowerbound=1 fileNameGp=../../cp2016-max-common-connected-subgraph-paper/datasets/graphsdb/mcs70/rand/r01/mcs70_r01_s70.A09 fileNameGt=../../cp2016-max-common-connected-subgraph-paper/datasets/graphsdb/mcs70/rand/r01/mcs70_r01_s70.B09
Reading graphs...
70 :  456
70 :  448
Initializing...
maxdom : 8
D->valSize : 333
Solving...
Blb : 2 (clique : 17)
currentSize : 17 <-- 0.002809 s
currentSize : 18 <-- 0.005422 s
currentSize : 19 <-- 0.005455 s
currentSize : 22 <-- 0.005570 s
currentSize : 24 <-- 0.005652 s
currentSize : 25 <-- 0.009831 s
currentSize : 27 <-- 0.009909 s
currentSize : 35 <-- 0.015902 s
currentSize : 40 <-- 0.019275 s
currentSize : 41 <-- 0.025003 s
currentSize : 49 <-- 0.025200 s

maxsize : 49
nodes : 11968.000000
filtered : 123511.000000
time : 0.065737
