Parameters: GAD=1 vflib=1 dir=0 label=0 vlabel=1 lowerbound=1 fileNameGp=../../cp2016-max-common-connected-subgraph-paper/datasets/graphsdb/mcs70/m2D/m2Dr2/mcs70_m2Dr2_s40.A03 fileNameGt=../../cp2016-max-common-connected-subgraph-paper/datasets/graphsdb/mcs70/m2D/m2Dr2/mcs70_m2Dr2_s40.B03
Reading graphs...
40 :  75
40 :  75
Initializing...
maxdom : 8
D->valSize : 214
Solving...
Blb : 2 (clique : 15)
currentSize : 15 <-- 0.001307 s
currentSize : 16 <-- 0.001401 s
currentSize : 18 <-- 0.001449 s
currentSize : 19 <-- 0.071327 s
currentSize : 20 <-- 0.075960 s
currentSize : 21 <-- 0.115524 s
currentSize : 22 <-- 0.147639 s
currentSize : 23 <-- 0.147791 s
currentSize : 24 <-- 0.205305 s
currentSize : 26 <-- 0.205358 s

maxsize : 26
nodes : 83142.000000
filtered : 474081.000000
time : 0.257809
