Parameters: GAD=1 vflib=1 dir=0 label=0 vlabel=1 lowerbound=1 fileNameGp=../../cp2016-max-common-connected-subgraph-paper/datasets/graphsdb/mcs70/bvg/b03m/mcs70_b03m_s100.A00 fileNameGt=../../cp2016-max-common-connected-subgraph-paper/datasets/graphsdb/mcs70/bvg/b03m/mcs70_b03m_s100.B00
Reading graphs...
100 :  150
100 :  150
Initializing...
maxdom : 6
D->valSize : 348
Solving...
Blb : 3 (clique : 55)
currentSize : 55 <-- 0.006217 s
currentSize : 56 <-- 0.045704 s
currentSize : 57 <-- 37.896564 s
currentSize : 58 <-- 37.897190 s
currentSize : 59 <-- 37.898636 s
currentSize : 60 <-- 125.881416 s
currentSize : 61 <-- 125.886429 s
currentSize : 62 <-- 244.018127 s
currentSize : 63 <-- 244.023056 s
currentSize : 64 <-- 427.072052 s
currentSize : 66 <-- 436.111450 s
currentSize : 67 <-- 441.273499 s
currentSize : 70 <-- 490.445221 s
currentSize : 71 <-- 494.051147 s

maxsize : 71
nodes : 108346221.000000
filtered : 296325409.000000
time : 546.478699
