Parameters: GAD=1 vflib=1 dir=0 label=0 vlabel=1 lowerbound=1 fileNameGp=../../cp2016-max-common-connected-subgraph-paper/datasets/graphsdb/mcs70/rand/r001/mcs70_r001_s100.A01 fileNameGt=../../cp2016-max-common-connected-subgraph-paper/datasets/graphsdb/mcs70/rand/r001/mcs70_r001_s100.B01
Reading graphs...
100 :  120
100 :  120
Initializing...
maxdom : 8
D->valSize : 401
Solving...
Blb : 2 (clique : 62)
currentSize : 62 <-- 0.007713 s
currentSize : 63 <-- 0.008420 s
currentSize : 64 <-- 0.008918 s
currentSize : 65 <-- 0.563230 s
currentSize : 66 <-- 0.565653 s
currentSize : 67 <-- 89.427582 s
currentSize : 68 <-- 89.448395 s
currentSize : 69 <-- 89.448639 s

TIMEOUT
maxsize : 69
nodes : 201036756.000000
filtered : 692205187.000000
time : 1000.000183
