Parameters: GAD=1 vflib=1 dir=0 label=0 vlabel=1 lowerbound=1 fileNameGp=../../cp2016-max-common-connected-subgraph-paper/datasets/graphsdb/mcs70/m3D/m3D/mcs70_m3D_s90.A02 fileNameGt=../../cp2016-max-common-connected-subgraph-paper/datasets/graphsdb/mcs70/m3D/m3D/mcs70_m3D_s90.B02
Reading graphs...
90 :  209
90 :  209
Initializing...
maxdom : 11
D->valSize : 549
Solving...
Blb : 2 (clique : 34)
currentSize : 34 <-- 0.006476 s
currentSize : 35 <-- 0.019438 s
currentSize : 36 <-- 0.712337 s
currentSize : 37 <-- 1.415763 s
currentSize : 38 <-- 1.416660 s
currentSize : 39 <-- 1.592316 s
currentSize : 40 <-- 2.312528 s
currentSize : 41 <-- 2.312639 s
currentSize : 43 <-- 15.002754 s
currentSize : 44 <-- 22.465130 s
currentSize : 45 <-- 46.354862 s
currentSize : 46 <-- 46.357853 s
currentSize : 47 <-- 273.798615 s
currentSize : 48 <-- 376.294250 s
currentSize : 49 <-- 422.311127 s
currentSize : 50 <-- 749.243164 s
currentSize : 51 <-- 749.243408 s
currentSize : 52 <-- 787.207703 s
currentSize : 53 <-- 804.086792 s
currentSize : 55 <-- 895.040466 s
currentSize : 56 <-- 895.040588 s

TIMEOUT
maxsize : 56
nodes : 200645708.000000
filtered : 1120003469.000000
time : 1000.000122
