Parameters: GAD=1 vflib=1 dir=0 label=0 vlabel=1 lowerbound=1 fileNameGp=../../cp2016-max-common-connected-subgraph-paper/datasets/graphsdb/mcs70/bvg/b03m/mcs70_b03m_s90.A05 fileNameGt=../../cp2016-max-common-connected-subgraph-paper/datasets/graphsdb/mcs70/bvg/b03m/mcs70_b03m_s90.B05
Reading graphs...
90 :  133
90 :  133
Initializing...
maxdom : 9
D->valSize : 514
Solving...
Blb : 2 (clique : 54)
currentSize : 54 <-- 0.006094 s
currentSize : 55 <-- 0.006482 s
currentSize : 56 <-- 0.006604 s
currentSize : 57 <-- 0.006686 s
currentSize : 58 <-- 0.009885 s
currentSize : 59 <-- 0.011101 s
currentSize : 60 <-- 0.011247 s
currentSize : 61 <-- 0.011559 s
currentSize : 62 <-- 0.011675 s
currentSize : 63 <-- 0.154950 s
currentSize : 64 <-- 0.188157 s

maxsize : 64
nodes : 170734171.000000
filtered : 912917538.000000
time : 970.582642
