Parameters: GAD=1 vflib=1 dir=0 label=0 vlabel=1 lowerbound=1 fileNameGp=../../cp2016-max-common-connected-subgraph-paper/datasets/graphsdb/mcs70/bvg/b03m/mcs70_b03m_s60.A07 fileNameGt=../../cp2016-max-common-connected-subgraph-paper/datasets/graphsdb/mcs70/bvg/b03m/mcs70_b03m_s60.B07
Reading graphs...
60 :  90
60 :  90
Initializing...
maxdom : 8
D->valSize : 285
Solving...
Blb : 3 (clique : 33)
currentSize : 33 <-- 0.003546 s
currentSize : 34 <-- 0.009310 s
currentSize : 35 <-- 0.009985 s
currentSize : 36 <-- 0.093161 s
currentSize : 37 <-- 0.637102 s
currentSize : 38 <-- 0.746862 s
currentSize : 39 <-- 1.065848 s
currentSize : 40 <-- 1.144691 s
currentSize : 41 <-- 1.385146 s
currentSize : 42 <-- 1.397056 s

maxsize : 42
nodes : 495943.000000
filtered : 2825673.000000
time : 2.126334
