Parameters: GAD=1 vflib=1 dir=0 label=0 vlabel=1 lowerbound=1 fileNameGp=../../cp2016-max-common-connected-subgraph-paper/datasets/graphsdb/mcs70/m2D/m2D/mcs70_m2D_s80.A08 fileNameGt=../../cp2016-max-common-connected-subgraph-paper/datasets/graphsdb/mcs70/m2D/m2D/mcs70_m2D_s80.B08
Reading graphs...
80 :  142
80 :  142
Initializing...
maxdom : 10
D->valSize : 482
Solving...
Blb : 2 (clique : 35)
currentSize : 35 <-- 0.005108 s
currentSize : 36 <-- 32.185371 s
currentSize : 37 <-- 84.856575 s
currentSize : 38 <-- 93.992607 s
currentSize : 39 <-- 111.268097 s
currentSize : 40 <-- 147.088562 s
currentSize : 41 <-- 203.081390 s
currentSize : 42 <-- 250.590897 s
currentSize : 43 <-- 346.501678 s
currentSize : 44 <-- 467.018005 s
currentSize : 45 <-- 495.916901 s
currentSize : 46 <-- 496.057495 s
currentSize : 47 <-- 587.086914 s
currentSize : 48 <-- 587.105042 s
currentSize : 49 <-- 587.105103 s
currentSize : 50 <-- 587.105347 s
currentSize : 51 <-- 604.147522 s

maxsize : 51
nodes : 151564121.000000
filtered : 1046822201.000000
time : 814.983337
