Parameters: GAD=1 vflib=1 dir=0 label=0 vlabel=1 lowerbound=1 fileNameGp=../../cp2016-max-common-connected-subgraph-paper/datasets/graphsdb/mcs70/bvg/b03m/mcs70_b03m_s50.A01 fileNameGt=../../cp2016-max-common-connected-subgraph-paper/datasets/graphsdb/mcs70/bvg/b03m/mcs70_b03m_s50.B01
Reading graphs...
50 :  75
50 :  75
Initializing...
maxdom : 9
D->valSize : 355
Solving...
Blb : 3 (clique : 24)
currentSize : 24 <-- 0.002653 s
currentSize : 25 <-- 0.221674 s
currentSize : 26 <-- 0.880894 s
currentSize : 27 <-- 0.982722 s
currentSize : 28 <-- 2.265765 s
currentSize : 29 <-- 3.269661 s
currentSize : 30 <-- 4.087112 s
currentSize : 31 <-- 4.115357 s
currentSize : 32 <-- 6.146125 s
currentSize : 33 <-- 9.492057 s
currentSize : 34 <-- 9.492394 s

maxsize : 34
nodes : 3974651.000000
filtered : 33145180.000000
time : 15.361295
