Parameters: GAD=1 vflib=1 dir=0 label=0 vlabel=1 lowerbound=1 fileNameGp=../../cp2016-max-common-connected-subgraph-paper/datasets/graphsdb/mcs70/m2D/m2Dr2/mcs70_m2Dr2_s80.A05 fileNameGt=../../cp2016-max-common-connected-subgraph-paper/datasets/graphsdb/mcs70/m2D/m2Dr2/mcs70_m2Dr2_s80.B05
Reading graphs...
80 :  157
80 :  155
Initializing...
maxdom : 9
D->valSize : 434
Solving...
Blb : 3 (clique : 30)
currentSize : 30 <-- 0.004284 s
currentSize : 31 <-- 0.036820 s
currentSize : 32 <-- 0.202184 s
currentSize : 33 <-- 0.835493 s
currentSize : 34 <-- 26.173944 s
currentSize : 35 <-- 26.268944 s
currentSize : 36 <-- 30.190584 s
currentSize : 37 <-- 36.135952 s
currentSize : 38 <-- 37.520496 s
currentSize : 39 <-- 43.524696 s
currentSize : 40 <-- 130.499390 s
currentSize : 41 <-- 161.264130 s
currentSize : 42 <-- 270.466644 s
currentSize : 43 <-- 318.053162 s
currentSize : 44 <-- 996.607300 s
currentSize : 45 <-- 997.763733 s
currentSize : 46 <-- 999.620361 s

TIMEOUT
maxsize : 46
nodes : 200328427.000000
filtered : 1258387169.000000
time : 1000.000061
