Parameters: GAD=1 vflib=1 dir=0 label=0 vlabel=1 lowerbound=1 fileNameGp=../../cp2016-max-common-connected-subgraph-paper/datasets/graphsdb/mcs70/bvg/b03/mcs70_b03_s80.A09 fileNameGt=../../cp2016-max-common-connected-subgraph-paper/datasets/graphsdb/mcs70/bvg/b03/mcs70_b03_s80.B09
Reading graphs...
80 :  120
80 :  120
Initializing...
maxdom : 9
D->valSize : 429
Solving...
Blb : 2 (clique : 44)
currentSize : 44 <-- 0.004378 s
currentSize : 46 <-- 0.005657 s
currentSize : 47 <-- 0.007822 s
currentSize : 49 <-- 0.008452 s
currentSize : 52 <-- 0.010440 s
currentSize : 54 <-- 0.012606 s
currentSize : 55 <-- 3.596551 s
currentSize : 56 <-- 3.598660 s
currentSize : 57 <-- 3.598774 s

maxsize : 57
nodes : 2607022.000000
filtered : 14516828.000000
time : 14.142278
