Parameters: GAD=1 vflib=1 dir=0 label=0 vlabel=1 lowerbound=1 fileNameGp=../../cp2016-max-common-connected-subgraph-paper/datasets/graphsdb/mcs70/bvg/b06/mcs70_b06_s100.A06 fileNameGt=../../cp2016-max-common-connected-subgraph-paper/datasets/graphsdb/mcs70/bvg/b06/mcs70_b06_s100.B06
Reading graphs...
100 :  299
100 :  299
Initializing...
maxdom : 8
D->valSize : 401
Solving...
Blb : 2 (clique : 36)
currentSize : 36 <-- 0.006703 s
currentSize : 37 <-- 0.007416 s
currentSize : 40 <-- 0.007599 s
currentSize : 41 <-- 0.217430 s
currentSize : 45 <-- 0.358932 s
currentSize : 48 <-- 9.807871 s
currentSize : 49 <-- 9.883411 s
currentSize : 50 <-- 41.608482 s
currentSize : 51 <-- 60.766716 s
currentSize : 54 <-- 60.782158 s
currentSize : 55 <-- 60.915119 s
currentSize : 56 <-- 156.987167 s
currentSize : 57 <-- 156.987778 s
currentSize : 58 <-- 157.096085 s
currentSize : 60 <-- 157.258316 s
currentSize : 63 <-- 157.258591 s
currentSize : 64 <-- 216.211075 s
currentSize : 70 <-- 216.216278 s

maxsize : 70
nodes : 41239828.000000
filtered : 176508289.000000
time : 221.334473
