Parameters: GAD=1 vflib=1 dir=0 label=0 vlabel=1 lowerbound=1 fileNameGp=../../cp2016-max-common-connected-subgraph-paper/datasets/graphsdb/mcs70/m3D/m3D/mcs70_m3D_s100.A07 fileNameGt=../../cp2016-max-common-connected-subgraph-paper/datasets/graphsdb/mcs70/m3D/m3D/mcs70_m3D_s100.B07
Reading graphs...
100 :  235
100 :  235
Initializing...
maxdom : 6
D->valSize : 367
Solving...
Blb : 2 (clique : 48)
currentSize : 48 <-- 0.006154 s
currentSize : 50 <-- 0.006727 s
currentSize : 53 <-- 0.024101 s
currentSize : 55 <-- 0.024285 s
currentSize : 56 <-- 0.029817 s
currentSize : 58 <-- 0.034807 s
currentSize : 59 <-- 0.043546 s
currentSize : 60 <-- 0.044195 s
currentSize : 61 <-- 0.435977 s
currentSize : 62 <-- 0.436538 s
currentSize : 63 <-- 44.131863 s
currentSize : 64 <-- 44.132336 s

maxsize : 64
nodes : 63331491.000000
filtered : 283802787.000000
time : 359.722809
