Parameters: GAD=1 vflib=1 dir=0 label=0 vlabel=1 lowerbound=1 fileNameGp=../../cp2016-max-common-connected-subgraph-paper/datasets/graphsdb/mcs70/bvg/b03/mcs70_b03_s90.A09 fileNameGt=../../cp2016-max-common-connected-subgraph-paper/datasets/graphsdb/mcs70/bvg/b03/mcs70_b03_s90.B09
Reading graphs...
90 :  135
90 :  135
Initializing...
maxdom : 10
D->valSize : 531
Solving...
Blb : 2 (clique : 50)
currentSize : 50 <-- 0.006416 s
currentSize : 51 <-- 0.006809 s
currentSize : 52 <-- 0.007051 s
currentSize : 53 <-- 0.009363 s
currentSize : 54 <-- 0.015786 s
currentSize : 55 <-- 0.016977 s
currentSize : 56 <-- 0.024171 s
currentSize : 57 <-- 0.024960 s
currentSize : 58 <-- 0.025192 s
currentSize : 59 <-- 0.043885 s
currentSize : 60 <-- 0.148160 s
currentSize : 61 <-- 0.271075 s
currentSize : 62 <-- 0.271279 s

TIMEOUT
maxsize : 62
nodes : 158158507.000000
filtered : 1174945773.000000
time : 1000.000122
