Parameters: GAD=1 vflib=1 dir=0 label=0 vlabel=1 lowerbound=1 fileNameGp=../../cp2016-max-common-connected-subgraph-paper/datasets/graphsdb/mcs70/bvg/b03/mcs70_b03_s70.A00 fileNameGt=../../cp2016-max-common-connected-subgraph-paper/datasets/graphsdb/mcs70/bvg/b03/mcs70_b03_s70.B00
Reading graphs...
70 :  105
70 :  105
Initializing...
maxdom : 11
D->valSize : 383
Solving...
Blb : 2 (clique : 28)
currentSize : 28 <-- 0.003461 s
currentSize : 29 <-- 0.003667 s
currentSize : 30 <-- 0.004135 s
currentSize : 31 <-- 0.012001 s
currentSize : 32 <-- 0.017958 s
currentSize : 33 <-- 0.070156 s
currentSize : 34 <-- 0.109067 s
currentSize : 35 <-- 0.160508 s
currentSize : 36 <-- 0.947493 s
currentSize : 37 <-- 2.625942 s
currentSize : 38 <-- 2.950066 s
currentSize : 39 <-- 14.479587 s
currentSize : 40 <-- 19.363985 s
currentSize : 41 <-- 26.178663 s
currentSize : 42 <-- 33.166477 s
currentSize : 43 <-- 33.168503 s
currentSize : 44 <-- 33.168812 s
currentSize : 45 <-- 48.954113 s
currentSize : 46 <-- 56.419903 s
currentSize : 47 <-- 56.461811 s
currentSize : 48 <-- 56.465717 s
currentSize : 49 <-- 64.207710 s

maxsize : 49
nodes : 14176681.000000
filtered : 101748074.000000
time : 67.255775
