Parameters: GAD=1 vflib=1 dir=0 label=0 vlabel=1 lowerbound=1 fileNameGp=../../cp2016-max-common-connected-subgraph-paper/datasets/graphsdb/mcs90/bvg/b09/mcs90_b09_s50.A02 fileNameGt=../../cp2016-max-common-connected-subgraph-paper/datasets/graphsdb/mcs90/bvg/b09/mcs90_b09_s50.B02
Reading graphs...
50 :  224
50 :  225
Initializing...
maxdom : 9
D->valSize : 355
Solving...
Blb : 5 (clique : 19)
currentSize : 19 <-- 0.002565 s
currentSize : 20 <-- 0.018797 s
currentSize : 21 <-- 0.026699 s
currentSize : 22 <-- 0.026757 s
currentSize : 24 <-- 0.031928 s
currentSize : 26 <-- 0.052273 s
currentSize : 27 <-- 0.052310 s
currentSize : 28 <-- 0.067561 s
currentSize : 30 <-- 0.067612 s
currentSize : 44 <-- 0.124140 s

maxsize : 44
nodes : 31827.000000
filtered : 235666.000000
time : 0.125102
