Parameters: GAD=1 vflib=1 dir=0 label=0 vlabel=1 lowerbound=1 fileNameGp=../../cp2016-max-common-connected-subgraph-paper/datasets/graphsdb/mcs90/m3D/m3Dr6/mcs90_m3Dr6_s80.A08 fileNameGt=../../cp2016-max-common-connected-subgraph-paper/datasets/graphsdb/mcs90/m3D/m3Dr6/mcs90_m3Dr6_s80.B08
Reading graphs...
80 :  231
80 :  230
Initializing...
maxdom : 8
D->valSize : 437
Solving...
Blb : 3 (clique : 38)
currentSize : 38 <-- 0.007026 s
currentSize : 39 <-- 0.682377 s
currentSize : 40 <-- 0.682637 s
currentSize : 41 <-- 1.803753 s
currentSize : 42 <-- 1.803866 s
currentSize : 43 <-- 1.808259 s
currentSize : 44 <-- 1.808720 s
currentSize : 45 <-- 2.603135 s
currentSize : 46 <-- 2.797005 s
currentSize : 47 <-- 2.797352 s
currentSize : 48 <-- 3.780631 s
currentSize : 49 <-- 3.946919 s
currentSize : 50 <-- 3.949649 s
currentSize : 52 <-- 5.304183 s
currentSize : 54 <-- 5.304362 s
currentSize : 55 <-- 6.171792 s
currentSize : 56 <-- 6.172282 s
currentSize : 57 <-- 8.240724 s
currentSize : 59 <-- 8.289428 s
currentSize : 61 <-- 8.289699 s
currentSize : 63 <-- 8.334554 s
currentSize : 64 <-- 8.334838 s

maxsize : 64
nodes : 1677543.000000
filtered : 9682059.000000
time : 8.441570
