Parameters: GAD=1 vflib=1 dir=0 label=0 vlabel=1 lowerbound=1 fileNameGp=../../cp2016-max-common-connected-subgraph-paper/datasets/graphsdb/mcs90/bvg/b09m/mcs90_b09m_s50.A04 fileNameGt=../../cp2016-max-common-connected-subgraph-paper/datasets/graphsdb/mcs90/bvg/b09m/mcs90_b09m_s50.B04
Reading graphs...
50 :  224
50 :  224
Initializing...
maxdom : 11
D->valSize : 380
Solving...
Blb : 2 (clique : 14)
currentSize : 14 <-- 0.002770 s
currentSize : 15 <-- 0.004973 s
currentSize : 17 <-- 0.007354 s
currentSize : 18 <-- 0.025504 s
currentSize : 19 <-- 0.027305 s
currentSize : 20 <-- 0.028727 s
currentSize : 23 <-- 0.038672 s
currentSize : 24 <-- 0.044741 s
currentSize : 25 <-- 0.047980 s
currentSize : 27 <-- 0.048040 s
currentSize : 28 <-- 0.048548 s
currentSize : 31 <-- 0.048979 s
currentSize : 34 <-- 0.055045 s
currentSize : 44 <-- 0.055402 s

maxsize : 44
nodes : 13421.000000
filtered : 102171.000000
time : 0.055980
