Parameters: GAD=1 vflib=1 dir=0 label=0 vlabel=1 lowerbound=1 fileNameGp=../../cp2016-max-common-connected-subgraph-paper/datasets/graphsdb/mcs90/bvg/b03/mcs90_b03_s70.A01 fileNameGt=../../cp2016-max-common-connected-subgraph-paper/datasets/graphsdb/mcs90/bvg/b03/mcs90_b03_s70.B01
Reading graphs...
70 :  105
70 :  105
Initializing...
maxdom : 7
D->valSize : 363
Solving...
Blb : 2 (clique : 50)
currentSize : 50 <-- 0.003235 s
currentSize : 52 <-- 0.003524 s
currentSize : 53 <-- 0.003623 s
currentSize : 56 <-- 0.003912 s
currentSize : 57 <-- 0.004031 s
currentSize : 58 <-- 0.004331 s
currentSize : 59 <-- 0.004928 s
currentSize : 61 <-- 0.005049 s
currentSize : 62 <-- 0.005259 s

maxsize : 62
nodes : 4202.000000
filtered : 16275.000000
time : 0.020408
