Parameters: GAD=1 vflib=1 dir=0 label=0 vlabel=1 lowerbound=1 fileNameGp=../../cp2016-max-common-connected-subgraph-paper/datasets/graphsdb/mcs90/rand/r005/mcs90_r005_s50.A07 fileNameGt=../../cp2016-max-common-connected-subgraph-paper/datasets/graphsdb/mcs90/rand/r005/mcs90_r005_s50.B07
Reading graphs...
50 :  119
50 :  119
Initializing...
maxdom : 10
D->valSize : 358
Solving...
Blb : 2 (clique : 23)
currentSize : 23 <-- 0.002743 s
currentSize : 25 <-- 0.002903 s
currentSize : 26 <-- 0.002986 s
currentSize : 27 <-- 0.003003 s
currentSize : 28 <-- 0.003462 s
currentSize : 32 <-- 0.005512 s
currentSize : 34 <-- 0.018640 s
currentSize : 37 <-- 0.019718 s
currentSize : 45 <-- 0.022217 s

maxsize : 45
nodes : 3084.000000
filtered : 35913.000000
time : 0.022956
