Parameters: GAD=1 vflib=1 dir=0 label=0 vlabel=1 lowerbound=1 fileNameGp=../../cp2016-max-common-connected-subgraph-paper/datasets/graphsdb/mcs90/bvg/b06/mcs90_b06_s80.A05 fileNameGt=../../cp2016-max-common-connected-subgraph-paper/datasets/graphsdb/mcs90/bvg/b06/mcs90_b06_s80.B05
Reading graphs...
80 :  240
80 :  240
Initializing...
maxdom : 8
D->valSize : 444
Solving...
Blb : 3 (clique : 37)
currentSize : 37 <-- 0.004335 s
currentSize : 38 <-- 0.014559 s
currentSize : 39 <-- 0.207804 s
currentSize : 40 <-- 0.207872 s
currentSize : 41 <-- 0.431350 s
currentSize : 42 <-- 0.431412 s
currentSize : 43 <-- 0.504349 s
currentSize : 44 <-- 0.504426 s
currentSize : 46 <-- 0.504514 s
currentSize : 47 <-- 0.752761 s
currentSize : 48 <-- 0.752854 s
currentSize : 51 <-- 0.799879 s
currentSize : 52 <-- 0.799963 s
currentSize : 53 <-- 0.801174 s
currentSize : 55 <-- 1.415516 s
currentSize : 57 <-- 2.693853 s
currentSize : 62 <-- 2.696201 s
currentSize : 64 <-- 2.727815 s
currentSize : 72 <-- 2.729931 s

maxsize : 72
nodes : 598529.000000
filtered : 3147308.000000
time : 2.732212
