Parameters: GAD=1 vflib=1 dir=0 label=0 vlabel=1 lowerbound=1 fileNameGp=../../cp2016-max-common-connected-subgraph-paper/datasets/graphsdb/mcs90/m2D/m2Dr6/mcs90_m2Dr6_s80.A02 fileNameGt=../../cp2016-max-common-connected-subgraph-paper/datasets/graphsdb/mcs90/m2D/m2Dr6/mcs90_m2Dr6_s80.B02
Reading graphs...
80 :  190
80 :  189
Initializing...
maxdom : 9
D->valSize : 478
Solving...
Blb : 2 (clique : 41)
currentSize : 41 <-- 0.008278 s
currentSize : 42 <-- 2.160113 s
currentSize : 43 <-- 5.707116 s
currentSize : 44 <-- 5.707240 s
currentSize : 47 <-- 7.618918 s
currentSize : 48 <-- 12.082289 s
currentSize : 49 <-- 12.452555 s
currentSize : 50 <-- 23.352079 s
currentSize : 51 <-- 24.356224 s
currentSize : 53 <-- 24.535295 s
currentSize : 54 <-- 24.535475 s
currentSize : 55 <-- 36.264793 s
currentSize : 56 <-- 36.264961 s
currentSize : 57 <-- 36.302315 s
currentSize : 60 <-- 36.317211 s
currentSize : 61 <-- 36.317410 s
currentSize : 62 <-- 36.317684 s
currentSize : 63 <-- 38.693851 s
currentSize : 64 <-- 38.694271 s

maxsize : 64
nodes : 8668459.000000
filtered : 44196226.000000
time : 40.324558
