Parameters: GAD=1 vflib=1 dir=0 label=0 vlabel=1 lowerbound=1 fileNameGp=../../cp2016-max-common-connected-subgraph-paper/datasets/graphsdb/mcs90/m2D/m2Dr4/mcs90_m2Dr4_s80.A05 fileNameGt=../../cp2016-max-common-connected-subgraph-paper/datasets/graphsdb/mcs90/m2D/m2Dr4/mcs90_m2Dr4_s80.B05
Reading graphs...
80 :  172
80 :  172
Initializing...
maxdom : 9
D->valSize : 447
Solving...
Blb : 2 (clique : 45)
currentSize : 45 <-- 0.004488 s
currentSize : 47 <-- 0.004822 s
currentSize : 49 <-- 0.026304 s
currentSize : 50 <-- 0.042663 s
currentSize : 51 <-- 0.051395 s
currentSize : 53 <-- 0.051497 s
currentSize : 54 <-- 0.059109 s
currentSize : 56 <-- 0.077618 s
currentSize : 57 <-- 4.534496 s
currentSize : 59 <-- 4.534596 s
currentSize : 60 <-- 5.021044 s
currentSize : 61 <-- 5.032841 s
currentSize : 62 <-- 5.033796 s
currentSize : 64 <-- 5.033902 s

maxsize : 64
nodes : 1047255.000000
filtered : 7088950.000000
time : 5.682224
