Parameters: GAD=1 vflib=1 dir=0 label=0 vlabel=1 lowerbound=1 fileNameGp=../../cp2016-max-common-connected-subgraph-paper/datasets/graphsdb/mcs90/bvg/b06/mcs90_b06_s70.A09 fileNameGt=../../cp2016-max-common-connected-subgraph-paper/datasets/graphsdb/mcs90/bvg/b06/mcs90_b06_s70.B09
Reading graphs...
70 :  210
70 :  210
Initializing...
maxdom : 9
D->valSize : 367
Solving...
Blb : 3 (clique : 28)
currentSize : 28 <-- 0.003135 s
currentSize : 31 <-- 0.011217 s
currentSize : 32 <-- 0.011347 s
currentSize : 33 <-- 0.011423 s
currentSize : 34 <-- 0.071325 s
currentSize : 37 <-- 0.390815 s
currentSize : 38 <-- 0.488627 s
currentSize : 44 <-- 0.718502 s
currentSize : 49 <-- 0.722426 s
currentSize : 53 <-- 0.784990 s
currentSize : 57 <-- 0.790383 s
currentSize : 63 <-- 0.790658 s

maxsize : 63
nodes : 225483.000000
filtered : 753337.000000
time : 0.791062
