Parameters: GAD=1 vflib=1 dir=0 label=0 vlabel=1 lowerbound=1 fileNameGp=../../cp2016-max-common-connected-subgraph-paper/datasets/graphsdb/mcs90/rand/r005/mcs90_r005_s80.A03 fileNameGt=../../cp2016-max-common-connected-subgraph-paper/datasets/graphsdb/mcs90/rand/r005/mcs90_r005_s80.B03
Reading graphs...
80 :  307
80 :  306
Initializing...
maxdom : 9
D->valSize : 460
Solving...
Blb : 2 (clique : 26)
currentSize : 26 <-- 0.004679 s
currentSize : 27 <-- 0.013979 s
currentSize : 28 <-- 0.047023 s
currentSize : 29 <-- 0.047236 s
currentSize : 32 <-- 0.050823 s
currentSize : 33 <-- 0.055373 s
currentSize : 34 <-- 0.067213 s
currentSize : 35 <-- 0.079166 s
currentSize : 36 <-- 0.081392 s
currentSize : 37 <-- 0.085952 s
currentSize : 40 <-- 0.209735 s
currentSize : 43 <-- 0.329763 s
currentSize : 45 <-- 0.385099 s
currentSize : 49 <-- 0.405900 s
currentSize : 50 <-- 0.415070 s
currentSize : 54 <-- 0.425885 s
currentSize : 56 <-- 0.431023 s
currentSize : 57 <-- 0.431785 s
currentSize : 62 <-- 0.434514 s
currentSize : 65 <-- 0.435320 s
currentSize : 72 <-- 0.435941 s

maxsize : 72
nodes : 84428.000000
filtered : 561274.000000
time : 0.437197
