Parameters: GAD=1 vflib=1 dir=0 label=0 vlabel=1 lowerbound=1 fileNameGp=../../cp2016-max-common-connected-subgraph-paper/datasets/graphsdb/mcs90/bvg/b06/mcs90_b06_s50.A01 fileNameGt=../../cp2016-max-common-connected-subgraph-paper/datasets/graphsdb/mcs90/bvg/b06/mcs90_b06_s50.B01
Reading graphs...
50 :  149
50 :  150
Initializing...
maxdom : 10
D->valSize : 339
Solving...
Blb : 2 (clique : 23)
currentSize : 23 <-- 0.002445 s
currentSize : 24 <-- 0.002610 s
currentSize : 27 <-- 0.004146 s
currentSize : 28 <-- 0.008634 s
currentSize : 29 <-- 0.011522 s
currentSize : 30 <-- 0.018223 s
currentSize : 31 <-- 0.018678 s
currentSize : 32 <-- 0.022396 s
currentSize : 33 <-- 0.028318 s
currentSize : 34 <-- 0.031929 s
currentSize : 35 <-- 0.034170 s
currentSize : 36 <-- 0.037610 s
currentSize : 37 <-- 0.038527 s
currentSize : 40 <-- 0.039799 s
currentSize : 45 <-- 0.039919 s

maxsize : 45
nodes : 11331.000000
filtered : 63964.000000
time : 0.040571
