Parameters: GAD=1 vflib=1 dir=0 label=0 vlabel=1 lowerbound=1 fileNameGp=../../cp2016-max-common-connected-subgraph-paper/datasets/graphsdb/mcs90/bvg/b06m/mcs90_b06m_s70.A06 fileNameGt=../../cp2016-max-common-connected-subgraph-paper/datasets/graphsdb/mcs90/bvg/b06m/mcs90_b06m_s70.B06
Reading graphs...
70 :  208
70 :  209
Initializing...
maxdom : 9
D->valSize : 347
Solving...
Blb : 2 (clique : 38)
currentSize : 38 <-- 0.002890 s
currentSize : 43 <-- 0.003102 s
currentSize : 46 <-- 0.003251 s
currentSize : 50 <-- 0.003432 s
currentSize : 51 <-- 0.003625 s
currentSize : 56 <-- 0.003733 s
currentSize : 57 <-- 0.005224 s
currentSize : 58 <-- 0.012022 s
currentSize : 63 <-- 0.012134 s

maxsize : 63
nodes : 2335.000000
filtered : 13178.000000
time : 0.012392
