Parameters: GAD=1 vflib=1 dir=0 label=0 vlabel=1 lowerbound=1 fileNameGp=../../cp2016-max-common-connected-subgraph-paper/datasets/graphsdb/mcs90/bvg/b09/mcs90_b09_s50.A05 fileNameGt=../../cp2016-max-common-connected-subgraph-paper/datasets/graphsdb/mcs90/bvg/b09/mcs90_b09_s50.B05
Reading graphs...
50 :  225
50 :  224
Initializing...
maxdom : 8
D->valSize : 327
Solving...
Blb : 2 (clique : 16)
currentSize : 16 <-- 0.002263 s
currentSize : 17 <-- 0.005170 s
currentSize : 18 <-- 0.008351 s
currentSize : 19 <-- 0.011434 s
currentSize : 20 <-- 0.011497 s
currentSize : 24 <-- 0.012228 s
currentSize : 25 <-- 0.014264 s
currentSize : 26 <-- 0.014340 s
currentSize : 30 <-- 0.014429 s
currentSize : 44 <-- 0.018232 s

maxsize : 44
nodes : 5636.000000
filtered : 16997.000000
time : 0.018573
