Parameters: GAD=1 vflib=1 dir=0 label=0 vlabel=1 lowerbound=1 fileNameGp=../../cp2016-max-common-connected-subgraph-paper/datasets/graphsdb/mcs90/bvg/b06/mcs90_b06_s80.A00 fileNameGt=../../cp2016-max-common-connected-subgraph-paper/datasets/graphsdb/mcs90/bvg/b06/mcs90_b06_s80.B00
Reading graphs...
80 :  240
80 :  240
Initializing...
maxdom : 11
D->valSize : 478
Solving...
Blb : 2 (clique : 39)
currentSize : 39 <-- 0.005130 s
currentSize : 41 <-- 0.005534 s
currentSize : 42 <-- 0.005695 s
currentSize : 43 <-- 0.006047 s
currentSize : 44 <-- 0.006119 s
currentSize : 49 <-- 0.006992 s
currentSize : 50 <-- 0.016432 s
currentSize : 54 <-- 0.039658 s
currentSize : 56 <-- 0.248893 s
currentSize : 57 <-- 0.390069 s
currentSize : 58 <-- 0.588746 s
currentSize : 60 <-- 0.779108 s
currentSize : 61 <-- 0.779175 s
currentSize : 65 <-- 1.326772 s
currentSize : 69 <-- 1.327164 s
currentSize : 72 <-- 1.327903 s

maxsize : 72
nodes : 255552.000000
filtered : 1057807.000000
time : 1.331334
