Parameters: GAD=1 vflib=1 dir=0 label=0 vlabel=1 lowerbound=1 fileNameGp=../../cp2016-max-common-connected-subgraph-paper/datasets/graphsdb/mcs90/bvg/b03/mcs90_b03_s90.A07 fileNameGt=../../cp2016-max-common-connected-subgraph-paper/datasets/graphsdb/mcs90/bvg/b03/mcs90_b03_s90.B07
Reading graphs...
90 :  135
90 :  135
Initializing...
maxdom : 9
D->valSize : 572
Solving...
Blb : 2 (clique : 59)
currentSize : 59 <-- 0.007246 s
currentSize : 62 <-- 0.008609 s
currentSize : 63 <-- 0.008674 s
currentSize : 64 <-- 0.011978 s
currentSize : 65 <-- 0.015570 s
currentSize : 66 <-- 0.015709 s
currentSize : 67 <-- 0.021481 s
currentSize : 69 <-- 0.038300 s
currentSize : 70 <-- 0.038859 s
currentSize : 72 <-- 0.039383 s
currentSize : 73 <-- 0.046451 s
currentSize : 75 <-- 0.052373 s
currentSize : 77 <-- 0.058747 s
currentSize : 78 <-- 0.059598 s
currentSize : 80 <-- 0.060015 s

maxsize : 80
nodes : 13278.000000
filtered : 42866.000000
time : 0.064911
