Parameters: GAD=1 vflib=1 dir=0 label=0 vlabel=1 lowerbound=1 fileNameGp=../../cp2016-max-common-connected-subgraph-paper/datasets/graphsdb/mcs90/m2D/m2D/mcs90_m2D_s80.A08 fileNameGt=../../cp2016-max-common-connected-subgraph-paper/datasets/graphsdb/mcs90/m2D/m2D/mcs90_m2D_s80.B08
Reading graphs...
80 :  142
80 :  142
Initializing...
maxdom : 8
D->valSize : 435
Solving...
Blb : 2 (clique : 46)
currentSize : 46 <-- 0.004375 s
currentSize : 47 <-- 0.004693 s
currentSize : 48 <-- 0.004766 s
currentSize : 50 <-- 0.005573 s
currentSize : 51 <-- 0.005650 s
currentSize : 52 <-- 0.206996 s
currentSize : 53 <-- 0.207046 s
currentSize : 54 <-- 0.207119 s
currentSize : 55 <-- 2.283102 s
currentSize : 57 <-- 2.283217 s
currentSize : 58 <-- 6.774851 s
currentSize : 60 <-- 6.775066 s
currentSize : 61 <-- 6.775238 s
currentSize : 62 <-- 6.777523 s
currentSize : 63 <-- 6.777646 s
currentSize : 64 <-- 6.778912 s

maxsize : 64
nodes : 1628326.000000
filtered : 7104371.000000
time : 7.754734
