Parameters: GAD=1 vflib=1 dir=0 label=0 vlabel=1 lowerbound=1 fileNameGp=../../cp2016-max-common-connected-subgraph-paper/datasets/graphsdb/mcs90/m2D/m2Dr6/mcs90_m2Dr6_s100.A06 fileNameGt=../../cp2016-max-common-connected-subgraph-paper/datasets/graphsdb/mcs90/m2D/m2Dr6/mcs90_m2Dr6_s100.B06
Reading graphs...
100 :  240
100 :  240
Initializing...
maxdom : 7
D->valSize : 365
Solving...
Blb : 2 (clique : 72)
currentSize : 72 <-- 0.003845 s
currentSize : 74 <-- 0.004251 s
currentSize : 75 <-- 0.004621 s
currentSize : 76 <-- 0.004977 s
currentSize : 77 <-- 0.321151 s
currentSize : 78 <-- 0.321943 s
currentSize : 79 <-- 0.336695 s
currentSize : 80 <-- 0.337099 s
currentSize : 81 <-- 0.337469 s

maxsize : 81
nodes : 90784.000000
filtered : 373908.000000
time : 0.493434
