Parameters: GAD=1 vflib=1 dir=0 label=0 vlabel=1 lowerbound=1 fileNameGp=../../cp2016-max-common-connected-subgraph-paper/datasets/graphsdb/mcs90/m2D/m2Dr2/mcs90_m2Dr2_s80.A00 fileNameGt=../../cp2016-max-common-connected-subgraph-paper/datasets/graphsdb/mcs90/m2D/m2Dr2/mcs90_m2Dr2_s80.B00
Reading graphs...
80 :  156
80 :  158
Initializing...
maxdom : 10
D->valSize : 451
Solving...
Blb : 2 (clique : 56)
currentSize : 56 <-- 0.004883 s
currentSize : 57 <-- 0.005227 s
currentSize : 58 <-- 0.005553 s
currentSize : 59 <-- 0.006077 s
currentSize : 61 <-- 0.006881 s
currentSize : 62 <-- 0.007011 s
currentSize : 63 <-- 0.008980 s
currentSize : 64 <-- 0.009129 s

maxsize : 64
nodes : 765845.000000
filtered : 3228035.000000
time : 3.464787
