Parameters: GAD=1 vflib=1 dir=0 label=0 vlabel=1 lowerbound=1 fileNameGp=../../cp2016-max-common-connected-subgraph-paper/datasets/graphsdb/mcs90/m3D/m3Dr4/mcs90_m3Dr4_s80.A01 fileNameGt=../../cp2016-max-common-connected-subgraph-paper/datasets/graphsdb/mcs90/m3D/m3Dr4/mcs90_m3Dr4_s80.B01
Reading graphs...
80 :  214
80 :  214
Initializing...
maxdom : 9
D->valSize : 446
Solving...
Blb : 2 (clique : 36)
currentSize : 36 <-- 0.004452 s
currentSize : 37 <-- 0.004689 s
currentSize : 38 <-- 0.004774 s
currentSize : 39 <-- 0.007581 s
currentSize : 40 <-- 0.007681 s
currentSize : 43 <-- 0.020790 s
currentSize : 47 <-- 0.020952 s
currentSize : 49 <-- 0.021145 s
currentSize : 51 <-- 0.025389 s
currentSize : 53 <-- 0.025619 s
currentSize : 56 <-- 0.031727 s
currentSize : 60 <-- 0.034484 s
currentSize : 64 <-- 0.057078 s

maxsize : 64
nodes : 13974.000000
filtered : 72126.000000
time : 0.069807
