Parameters: GAD=1 vflib=1 dir=0 label=0 vlabel=1 lowerbound=1 fileNameGp=../../cp2016-max-common-connected-subgraph-paper/datasets/graphsdb/mcs90/m2D/m2Dr4/mcs90_m2Dr4_s90.A04 fileNameGt=../../cp2016-max-common-connected-subgraph-paper/datasets/graphsdb/mcs90/m2D/m2Dr4/mcs90_m2Dr4_s90.B04
Reading graphs...
90 :  196
90 :  195
Initializing...
maxdom : 13
D->valSize : 649
Solving...
Blb : 2 (clique : 63)
currentSize : 63 <-- 0.008664 s
currentSize : 66 <-- 0.014114 s
currentSize : 68 <-- 0.014253 s
currentSize : 69 <-- 0.056697 s
currentSize : 72 <-- 0.056941 s
currentSize : 73 <-- 0.165981 s
currentSize : 77 <-- 0.166409 s
currentSize : 81 <-- 0.167945 s

maxsize : 81
nodes : 32673.000000
filtered : 139606.000000
time : 0.201575
