Parameters: GAD=1 vflib=1 dir=0 label=0 vlabel=1 lowerbound=1 fileNameGp=../../cp2016-max-common-connected-subgraph-paper/datasets/graphsdb/mcs90/m4D/m4Dr6/mcs90_m4Dr6_s100.A04 fileNameGt=../../cp2016-max-common-connected-subgraph-paper/datasets/graphsdb/mcs90/m4D/m4Dr6/mcs90_m4Dr6_s100.B04
Reading graphs...
100 :  276
100 :  275
Initializing...
maxdom : 6
D->valSize : 379
Solving...
Blb : 2 (clique : 60)
currentSize : 60 <-- 0.004118 s
currentSize : 61 <-- 0.004759 s
currentSize : 63 <-- 0.027903 s
currentSize : 65 <-- 0.031953 s
currentSize : 67 <-- 0.227896 s
currentSize : 72 <-- 0.232989 s
currentSize : 74 <-- 0.233468 s
currentSize : 75 <-- 0.267649 s
currentSize : 76 <-- 0.596396 s
currentSize : 78 <-- 0.600049 s
currentSize : 79 <-- 0.621299 s
currentSize : 81 <-- 0.631541 s

maxsize : 81
nodes : 293724.000000
filtered : 1056889.000000
time : 1.553397
