Parameters: GAD=1 vflib=1 dir=0 label=0 vlabel=1 lowerbound=1 fileNameGp=../../cp2016-max-common-connected-subgraph-paper/datasets/graphsdb/mcs90/bvg/b03m/mcs90_b03m_s100.A08 fileNameGt=../../cp2016-max-common-connected-subgraph-paper/datasets/graphsdb/mcs90/bvg/b03m/mcs90_b03m_s100.B08
Reading graphs...
100 :  149
100 :  149
Initializing...
maxdom : 6
D->valSize : 368
Solving...
Blb : 3 (clique : 76)
currentSize : 76 <-- 0.004292 s
currentSize : 77 <-- 0.004838 s
currentSize : 78 <-- 0.006104 s
currentSize : 79 <-- 0.006338 s
currentSize : 80 <-- 0.006572 s
currentSize : 82 <-- 0.010883 s
currentSize : 85 <-- 0.011510 s
currentSize : 87 <-- 0.040052 s
currentSize : 90 <-- 0.040355 s

maxsize : 90
nodes : 8205.000000
filtered : 19562.000000
time : 0.040885
