Parameters: GAD=1 vflib=1 dir=0 label=0 vlabel=1 lowerbound=1 fileNameGp=../../cp2016-max-common-connected-subgraph-paper/datasets/graphsdb/mcs90/m2D/m2D/mcs90_m2D_s80.A03 fileNameGt=../../cp2016-max-common-connected-subgraph-paper/datasets/graphsdb/mcs90/m2D/m2D/mcs90_m2D_s80.B03
Reading graphs...
80 :  142
80 :  142
Initializing...
maxdom : 9
D->valSize : 451
Solving...
Blb : 2 (clique : 45)
currentSize : 45 <-- 0.007737 s
currentSize : 49 <-- 0.008222 s
currentSize : 53 <-- 0.008404 s
currentSize : 55 <-- 0.008711 s
currentSize : 56 <-- 0.009074 s
currentSize : 59 <-- 0.009356 s
currentSize : 63 <-- 5.127264 s
currentSize : 64 <-- 5.127736 s

maxsize : 64
nodes : 1141034.000000
filtered : 6466511.000000
time : 6.022581
