Parameters: GAD=1 vflib=1 dir=0 label=0 vlabel=1 lowerbound=1 fileNameGp=../../cp2016-max-common-connected-subgraph-paper/datasets/graphsdb/mcs90/m2D/m2D/mcs90_m2D_s100.A09 fileNameGt=../../cp2016-max-common-connected-subgraph-paper/datasets/graphsdb/mcs90/m2D/m2D/mcs90_m2D_s100.B09
Reading graphs...
100 :  180
100 :  179
Initializing...
maxdom : 7
D->valSize : 404
Solving...
Blb : 2 (clique : 66)
currentSize : 66 <-- 0.004450 s
currentSize : 68 <-- 0.004979 s
currentSize : 72 <-- 0.005259 s
currentSize : 73 <-- 0.005494 s
currentSize : 76 <-- 0.094335 s
currentSize : 77 <-- 0.094583 s
currentSize : 80 <-- 0.257814 s
currentSize : 81 <-- 0.258086 s

maxsize : 81
nodes : 1510904.000000
filtered : 5292218.000000
time : 7.789439
