Parameters: GAD=1 vflib=1 dir=0 label=0 vlabel=1 lowerbound=1 fileNameGp=../../cp2016-max-common-connected-subgraph-paper/datasets/graphsdb/mcs90/bvg/b06/mcs90_b06_s40.A08 fileNameGt=../../cp2016-max-common-connected-subgraph-paper/datasets/graphsdb/mcs90/bvg/b06/mcs90_b06_s40.B08
Reading graphs...
40 :  120
40 :  119
Initializing...
maxdom : 8
D->valSize : 246
Solving...
Blb : 2 (clique : 14)
currentSize : 14 <-- 0.001444 s
currentSize : 15 <-- 0.001571 s
currentSize : 16 <-- 0.001641 s
currentSize : 17 <-- 0.003121 s
currentSize : 18 <-- 0.010156 s
currentSize : 19 <-- 0.010169 s
currentSize : 20 <-- 0.010215 s
currentSize : 21 <-- 0.010262 s
currentSize : 22 <-- 0.010731 s
currentSize : 23 <-- 0.022527 s
currentSize : 27 <-- 0.022564 s
currentSize : 36 <-- 0.024505 s

maxsize : 36
nodes : 6850.000000
filtered : 51909.000000
time : 0.024615
