Parameters: GAD=1 vflib=1 dir=0 label=0 vlabel=1 lowerbound=1 fileNameGp=../../cp2016-max-common-connected-subgraph-paper/datasets/graphsdb/mcs90/bvg/b03/mcs90_b03_s70.A04 fileNameGt=../../cp2016-max-common-connected-subgraph-paper/datasets/graphsdb/mcs90/bvg/b03/mcs90_b03_s70.B04
Reading graphs...
70 :  105
70 :  105
Initializing...
maxdom : 8
D->valSize : 345
Solving...
Blb : 5 (clique : 30)
currentSize : 30 <-- 0.003007 s
currentSize : 31 <-- 0.003235 s
currentSize : 34 <-- 0.003274 s
currentSize : 35 <-- 0.003314 s
currentSize : 37 <-- 0.003378 s
currentSize : 38 <-- 0.009354 s
currentSize : 40 <-- 0.009426 s
currentSize : 41 <-- 0.269890 s
currentSize : 43 <-- 0.272892 s
currentSize : 44 <-- 0.478672 s
currentSize : 48 <-- 0.527292 s
currentSize : 52 <-- 0.537484 s
currentSize : 53 <-- 0.537996 s
currentSize : 54 <-- 0.539656 s
currentSize : 58 <-- 0.539939 s
currentSize : 62 <-- 0.542730 s

maxsize : 62
nodes : 142313.000000
filtered : 470010.000000
time : 0.543004
