Parameters: GAD=1 vflib=1 dir=0 label=0 vlabel=1 lowerbound=1 fileNameGp=../../cp2016-max-common-connected-subgraph-paper/datasets/graphsdb/mcs90/m2D/m2Dr4/mcs90_m2Dr4_s60.A01 fileNameGt=../../cp2016-max-common-connected-subgraph-paper/datasets/graphsdb/mcs90/m2D/m2Dr4/mcs90_m2Dr4_s60.B01
Reading graphs...
60 :  127
60 :  127
Initializing...
maxdom : 11
D->valSize : 333
Solving...
Blb : 2 (clique : 30)
currentSize : 30 <-- 0.004282 s
currentSize : 31 <-- 0.004628 s
currentSize : 33 <-- 0.004721 s
currentSize : 35 <-- 0.007337 s
currentSize : 36 <-- 0.007534 s
currentSize : 38 <-- 0.007655 s
currentSize : 39 <-- 0.052463 s
currentSize : 41 <-- 0.052606 s
currentSize : 43 <-- 0.052995 s
currentSize : 44 <-- 0.057883 s
currentSize : 46 <-- 0.058033 s
currentSize : 47 <-- 0.060966 s
currentSize : 49 <-- 0.061074 s

maxsize : 49
nodes : 9215.000000
filtered : 50270.000000
time : 0.062790
