Parameters: GAD=1 vflib=1 dir=0 label=0 vlabel=1 lowerbound=1 fileNameGp=../../cp2016-max-common-connected-subgraph-paper/datasets/graphsdb/mcs90/m2D/m2Dr4/mcs90_m2Dr4_s40.A01 fileNameGt=../../cp2016-max-common-connected-subgraph-paper/datasets/graphsdb/mcs90/m2D/m2Dr4/mcs90_m2Dr4_s40.B01
Reading graphs...
40 :  83
40 :  82
Initializing...
maxdom : 10
D->valSize : 243
Solving...
Blb : 2 (clique : 19)
currentSize : 19 <-- 0.001505 s
currentSize : 22 <-- 0.001723 s
currentSize : 23 <-- 0.003259 s
currentSize : 24 <-- 0.003306 s
currentSize : 25 <-- 0.008338 s
currentSize : 26 <-- 0.008403 s
currentSize : 27 <-- 0.009937 s
currentSize : 28 <-- 0.012151 s
currentSize : 29 <-- 0.014021 s
currentSize : 30 <-- 0.014600 s
currentSize : 31 <-- 0.015219 s
currentSize : 34 <-- 0.015335 s
currentSize : 36 <-- 0.015394 s

maxsize : 36
nodes : 3816.000000
filtered : 32406.000000
time : 0.015502
