Parameters: GAD=1 vflib=1 dir=0 label=0 vlabel=1 lowerbound=1 fileNameGp=../../cp2016-max-common-connected-subgraph-paper/datasets/graphsdb/mcs90/m4D/m4D/mcs90_m4D_s90.A05 fileNameGt=../../cp2016-max-common-connected-subgraph-paper/datasets/graphsdb/mcs90/m4D/m4D/mcs90_m4D_s90.B05
Reading graphs...
90 :  206
90 :  206
Initializing...
maxdom : 10
D->valSize : 549
Solving...
Blb : 2 (clique : 61)
currentSize : 61 <-- 0.011111 s
currentSize : 62 <-- 0.014601 s
currentSize : 64 <-- 0.016355 s
currentSize : 68 <-- 0.022621 s
currentSize : 70 <-- 0.023475 s
currentSize : 71 <-- 0.028343 s
currentSize : 72 <-- 0.032761 s
currentSize : 74 <-- 0.033789 s
currentSize : 75 <-- 0.059571 s
currentSize : 77 <-- 0.079085 s
currentSize : 79 <-- 0.079653 s
currentSize : 80 <-- 0.081492 s
currentSize : 81 <-- 0.089801 s

maxsize : 81
nodes : 22910.000000
filtered : 93973.000000
time : 0.122497
