Parameters: GAD=1 vflib=1 dir=0 label=0 vlabel=1 lowerbound=1 fileNameGp=../../cp2016-max-common-connected-subgraph-paper/datasets/graphsdb/mcs90/rand/r01/mcs90_r01_s40.A03 fileNameGt=../../cp2016-max-common-connected-subgraph-paper/datasets/graphsdb/mcs90/rand/r01/mcs90_r01_s40.B03
Reading graphs...
40 :  150
40 :  151
Initializing...
maxdom : 8
D->valSize : 218
Solving...
Blb : 3 (clique : 12)
currentSize : 12 <-- 0.001239 s
currentSize : 14 <-- 0.002358 s
currentSize : 17 <-- 0.003811 s
currentSize : 19 <-- 0.007199 s
currentSize : 20 <-- 0.008575 s
currentSize : 21 <-- 0.008651 s
currentSize : 22 <-- 0.008798 s
currentSize : 25 <-- 0.009562 s
currentSize : 31 <-- 0.012535 s
currentSize : 36 <-- 0.012643 s

maxsize : 36
nodes : 3502.000000
filtered : 21583.000000
time : 0.012844
