Parameters: GAD=1 vflib=1 dir=0 label=0 vlabel=1 lowerbound=1 fileNameGp=../../cp2016-max-common-connected-subgraph-paper/datasets/graphsdb/mcs90/m2D/m2Dr6/mcs90_m2Dr6_s80.A05 fileNameGt=../../cp2016-max-common-connected-subgraph-paper/datasets/graphsdb/mcs90/m2D/m2Dr6/mcs90_m2Dr6_s80.B05
Reading graphs...
80 :  189
80 :  188
Initializing...
maxdom : 8
D->valSize : 442
Solving...
Blb : 3 (clique : 42)
currentSize : 42 <-- 0.004591 s
currentSize : 43 <-- 0.104021 s
currentSize : 44 <-- 0.727120 s
currentSize : 46 <-- 2.054917 s
currentSize : 47 <-- 4.029170 s
currentSize : 48 <-- 6.845101 s
currentSize : 49 <-- 6.845206 s
currentSize : 52 <-- 6.893685 s
currentSize : 53 <-- 6.893790 s
currentSize : 55 <-- 7.802998 s
currentSize : 58 <-- 7.804298 s
currentSize : 60 <-- 7.804429 s
currentSize : 62 <-- 8.935115 s
currentSize : 64 <-- 8.935257 s

maxsize : 64
nodes : 1967134.000000
filtered : 10380216.000000
time : 9.227233
