Parameters: GAD=1 vflib=1 dir=0 label=0 vlabel=1 lowerbound=1 fileNameGp=../../cp2016-max-common-connected-subgraph-paper/datasets/graphsdb/mcs90/m3D/m3Dr4/mcs90_m3Dr4_s80.A05 fileNameGt=../../cp2016-max-common-connected-subgraph-paper/datasets/graphsdb/mcs90/m3D/m3Dr4/mcs90_m3Dr4_s80.B05
Reading graphs...
80 :  214
80 :  214
Initializing...
maxdom : 8
D->valSize : 448
Solving...
Blb : 2 (clique : 37)
currentSize : 37 <-- 0.004492 s
currentSize : 38 <-- 2.237810 s
currentSize : 39 <-- 2.241907 s
currentSize : 40 <-- 3.564906 s
currentSize : 41 <-- 3.678005 s
currentSize : 42 <-- 3.678624 s
currentSize : 43 <-- 8.014756 s
currentSize : 45 <-- 9.880447 s
currentSize : 47 <-- 10.075887 s
currentSize : 48 <-- 11.868534 s
currentSize : 50 <-- 12.079176 s
currentSize : 52 <-- 12.185979 s
currentSize : 56 <-- 12.186501 s
currentSize : 58 <-- 12.652863 s
currentSize : 63 <-- 12.654203 s
currentSize : 64 <-- 12.654312 s

maxsize : 64
nodes : 2538966.000000
filtered : 13843120.000000
time : 12.750732
