Parameters: GAD=1 vflib=1 dir=0 label=0 vlabel=1 lowerbound=1 fileNameGp=../../cp2016-max-common-connected-subgraph-paper/datasets/graphsdb/mcs90/bvg/b06/mcs90_b06_s50.A04 fileNameGt=../../cp2016-max-common-connected-subgraph-paper/datasets/graphsdb/mcs90/bvg/b06/mcs90_b06_s50.B04
Reading graphs...
50 :  150
50 :  150
Initializing...
maxdom : 9
D->valSize : 344
Solving...
Blb : 3 (clique : 21)
currentSize : 21 <-- 0.002461 s
currentSize : 23 <-- 0.002581 s
currentSize : 24 <-- 0.002947 s
currentSize : 27 <-- 0.003119 s
currentSize : 28 <-- 0.003265 s
currentSize : 30 <-- 0.005284 s
currentSize : 31 <-- 0.011517 s
currentSize : 32 <-- 0.011561 s
currentSize : 38 <-- 0.011636 s
currentSize : 45 <-- 0.011824 s

maxsize : 45
nodes : 3250.000000
filtered : 19878.000000
time : 0.013025
