Parameters: GAD=1 vflib=1 dir=0 label=0 vlabel=1 lowerbound=1 fileNameGp=../../cp2016-max-common-connected-subgraph-paper/datasets/graphsdb/mcs90/m4D/m4D/mcs90_m4D_s100.A03 fileNameGt=../../cp2016-max-common-connected-subgraph-paper/datasets/graphsdb/mcs90/m4D/m4D/mcs90_m4D_s100.B03
Reading graphs...
100 :  219
100 :  219
Initializing...
maxdom : 7
D->valSize : 355
Solving...
Blb : 3 (clique : 65)
currentSize : 65 <-- 0.006638 s
currentSize : 66 <-- 0.255712 s
currentSize : 67 <-- 0.255813 s
currentSize : 68 <-- 0.267778 s
currentSize : 69 <-- 2.807365 s
currentSize : 70 <-- 2.808460 s
currentSize : 71 <-- 2.880029 s
currentSize : 72 <-- 2.880139 s
currentSize : 73 <-- 2.884035 s
currentSize : 74 <-- 6.448867 s
currentSize : 76 <-- 6.460249 s
currentSize : 77 <-- 6.460356 s
currentSize : 78 <-- 25.692039 s
currentSize : 79 <-- 25.692287 s
currentSize : 80 <-- 25.753147 s
currentSize : 81 <-- 25.918613 s

maxsize : 81
nodes : 11921786.000000
filtered : 27406157.000000
time : 52.549263
