Parameters: GAD=1 vflib=1 dir=0 label=0 vlabel=1 lowerbound=1 fileNameGp=../../cp2016-max-common-connected-subgraph-paper/datasets/graphsdb/mcs90/bvg/b03m/mcs90_b03m_s70.A02 fileNameGt=../../cp2016-max-common-connected-subgraph-paper/datasets/graphsdb/mcs90/bvg/b03m/mcs90_b03m_s70.B02
Reading graphs...
70 :  105
70 :  105
Initializing...
maxdom : 7
D->valSize : 354
Solving...
Blb : 2 (clique : 48)
currentSize : 48 <-- 0.003339 s
currentSize : 50 <-- 0.020666 s
currentSize : 51 <-- 0.030903 s
currentSize : 53 <-- 0.037672 s
currentSize : 55 <-- 0.041756 s
currentSize : 56 <-- 0.045330 s
currentSize : 57 <-- 0.051274 s
currentSize : 58 <-- 0.054977 s
currentSize : 62 <-- 0.055469 s

maxsize : 62
nodes : 11278.000000
filtered : 58942.000000
time : 0.055787
