Parameters: GAD=1 vflib=1 dir=0 label=0 vlabel=1 lowerbound=1 fileNameGp=../../cp2016-max-common-connected-subgraph-paper/datasets/graphsdb/mcs90/bvg/b03/mcs90_b03_s90.A04 fileNameGt=../../cp2016-max-common-connected-subgraph-paper/datasets/graphsdb/mcs90/bvg/b03/mcs90_b03_s90.B04
Reading graphs...
90 :  135
90 :  135
Initializing...
maxdom : 10
D->valSize : 568
Solving...
Blb : 2 (clique : 43)
currentSize : 43 <-- 0.011072 s
currentSize : 61 <-- 0.011657 s
currentSize : 63 <-- 0.012279 s
currentSize : 65 <-- 0.013031 s
currentSize : 66 <-- 0.013185 s
currentSize : 67 <-- 0.013403 s
currentSize : 68 <-- 0.013567 s
currentSize : 70 <-- 3.451420 s
currentSize : 72 <-- 4.681227 s
currentSize : 75 <-- 6.677248 s
currentSize : 76 <-- 7.014228 s
currentSize : 79 <-- 7.015659 s
currentSize : 80 <-- 7.015754 s

maxsize : 80
nodes : 1180039.000000
filtered : 7667656.000000
time : 7.031009
