Parameters: GAD=1 vflib=1 dir=0 label=0 vlabel=1 lowerbound=1 fileNameGp=../../cp2016-max-common-connected-subgraph-paper/datasets/graphsdb/mcs90/bvg/b06/mcs90_b06_s70.A02 fileNameGt=../../cp2016-max-common-connected-subgraph-paper/datasets/graphsdb/mcs90/bvg/b06/mcs90_b06_s70.B02
Reading graphs...
70 :  209
70 :  210
Initializing...
maxdom : 7
D->valSize : 333
Solving...
Blb : 2 (clique : 43)
currentSize : 43 <-- 0.002676 s
currentSize : 46 <-- 0.003093 s
currentSize : 47 <-- 0.003207 s
currentSize : 49 <-- 0.003308 s
currentSize : 50 <-- 0.004508 s
currentSize : 51 <-- 0.004615 s
currentSize : 52 <-- 0.004732 s
currentSize : 54 <-- 0.004838 s
currentSize : 56 <-- 0.006668 s
currentSize : 63 <-- 0.007087 s

maxsize : 63
nodes : 1544.000000
filtered : 3721.000000
time : 0.007355
