Parameters: GAD=1 vflib=1 dir=0 label=0 vlabel=1 lowerbound=1 fileNameGp=../../cp2016-max-common-connected-subgraph-paper/datasets/graphsdb/mcs90/m2D/m2Dr2/mcs90_m2Dr2_s100.A02 fileNameGt=../../cp2016-max-common-connected-subgraph-paper/datasets/graphsdb/mcs90/m2D/m2Dr2/mcs90_m2Dr2_s100.B02
Reading graphs...
100 :  200
100 :  200
Initializing...
maxdom : 8
D->valSize : 412
Solving...
Blb : 2 (clique : 56)
currentSize : 56 <-- 0.004605 s
currentSize : 58 <-- 0.004976 s
currentSize : 59 <-- 0.045799 s
currentSize : 61 <-- 0.045944 s
currentSize : 63 <-- 0.621823 s
currentSize : 65 <-- 0.621972 s
currentSize : 66 <-- 0.838584 s
currentSize : 69 <-- 0.838756 s
currentSize : 71 <-- 0.904654 s
currentSize : 73 <-- 0.945973 s
currentSize : 75 <-- 0.960602 s
currentSize : 77 <-- 1.112254 s
currentSize : 79 <-- 1.127271 s
currentSize : 81 <-- 1.131132 s

maxsize : 81
nodes : 277439.000000
filtered : 761625.000000
time : 1.279982
