Parameters: GAD=1 vflib=1 dir=0 label=0 vlabel=1 lowerbound=1 fileNameGp=../../cp2016-max-common-connected-subgraph-paper/datasets/graphsdb/mcs90/m3D/m3Dr6/mcs90_m3Dr6_s80.A09 fileNameGt=../../cp2016-max-common-connected-subgraph-paper/datasets/graphsdb/mcs90/m3D/m3Dr6/mcs90_m3Dr6_s80.B09
Reading graphs...
80 :  231
80 :  230
Initializing...
maxdom : 10
D->valSize : 468
Solving...
Blb : 2 (clique : 38)
currentSize : 38 <-- 0.004702 s
currentSize : 43 <-- 0.005643 s
currentSize : 45 <-- 0.007751 s
currentSize : 47 <-- 0.010150 s
currentSize : 49 <-- 0.010816 s
currentSize : 50 <-- 0.106797 s
currentSize : 52 <-- 0.106993 s
currentSize : 53 <-- 0.116279 s
currentSize : 56 <-- 0.116906 s
currentSize : 58 <-- 0.396305 s
currentSize : 59 <-- 0.397055 s
currentSize : 61 <-- 0.397245 s
currentSize : 62 <-- 0.405364 s
currentSize : 64 <-- 0.405582 s

maxsize : 64
nodes : 144832.000000
filtered : 807992.000000
time : 0.726566
