Parameters: GAD=1 vflib=1 dir=0 label=0 vlabel=1 lowerbound=1 fileNameGp=../../cp2016-max-common-connected-subgraph-paper/datasets/graphsdb/mcs90/bvg/b09/mcs90_b09_s80.A01 fileNameGt=../../cp2016-max-common-connected-subgraph-paper/datasets/graphsdb/mcs90/bvg/b09/mcs90_b09_s80.B01
Reading graphs...
80 :  359
80 :  359
Initializing...
maxdom : 10
D->valSize : 484
Solving...
Blb : 2 (clique : 27)
currentSize : 27 <-- 0.004948 s
currentSize : 28 <-- 0.005149 s
currentSize : 29 <-- 0.005244 s
currentSize : 30 <-- 0.005655 s
currentSize : 32 <-- 0.005751 s
currentSize : 33 <-- 0.012414 s
currentSize : 34 <-- 0.012992 s
currentSize : 38 <-- 0.013279 s
currentSize : 42 <-- 0.017411 s
currentSize : 45 <-- 0.021776 s
currentSize : 46 <-- 0.033384 s
currentSize : 50 <-- 0.042776 s
currentSize : 51 <-- 0.212702 s
currentSize : 54 <-- 0.225081 s
currentSize : 72 <-- 0.270671 s

maxsize : 72
nodes : 52122.000000
filtered : 363981.000000
time : 0.272660
