Parameters: GAD=1 vflib=1 dir=0 label=0 vlabel=1 lowerbound=1 fileNameGp=../../cp2016-max-common-connected-subgraph-paper/datasets/graphsdb/mcs90/m3D/m3D/mcs90_m3D_s80.A04 fileNameGt=../../cp2016-max-common-connected-subgraph-paper/datasets/graphsdb/mcs90/m3D/m3D/mcs90_m3D_s80.B04
Reading graphs...
80 :  184
80 :  184
Initializing...
maxdom : 9
D->valSize : 491
Solving...
Blb : 2 (clique : 37)
currentSize : 37 <-- 0.005272 s
currentSize : 38 <-- 0.010516 s
currentSize : 40 <-- 0.136918 s
currentSize : 41 <-- 1.246845 s
currentSize : 43 <-- 7.013588 s
currentSize : 44 <-- 7.525067 s
currentSize : 45 <-- 13.723809 s
currentSize : 46 <-- 26.490370 s
currentSize : 47 <-- 26.490700 s
currentSize : 48 <-- 26.496532 s
currentSize : 49 <-- 26.818611 s
currentSize : 50 <-- 33.546558 s
currentSize : 52 <-- 33.547272 s
currentSize : 53 <-- 33.547462 s
currentSize : 56 <-- 36.551353 s
currentSize : 57 <-- 36.551479 s
currentSize : 58 <-- 37.790867 s
currentSize : 64 <-- 38.108295 s

maxsize : 64
nodes : 6395216.000000
filtered : 55591954.000000
time : 38.331226
