Parameters: GAD=1 vflib=1 dir=0 label=0 vlabel=1 lowerbound=1 fileNameGp=../../cp2016-max-common-connected-subgraph-paper/datasets/graphsdb/mcs90/bvg/b06/mcs90_b06_s50.A05 fileNameGt=../../cp2016-max-common-connected-subgraph-paper/datasets/graphsdb/mcs90/bvg/b06/mcs90_b06_s50.B05
Reading graphs...
50 :  150
50 :  150
Initializing...
maxdom : 8
D->valSize : 322
Solving...
Blb : 3 (clique : 20)
currentSize : 20 <-- 0.002314 s
currentSize : 21 <-- 0.002436 s
currentSize : 22 <-- 0.003724 s
currentSize : 23 <-- 0.003771 s
currentSize : 28 <-- 0.005471 s
currentSize : 29 <-- 0.026603 s
currentSize : 30 <-- 0.039618 s
currentSize : 32 <-- 0.040095 s
currentSize : 35 <-- 0.040290 s
currentSize : 36 <-- 0.042844 s
currentSize : 39 <-- 0.061412 s
currentSize : 40 <-- 0.061491 s
currentSize : 42 <-- 0.061627 s
currentSize : 45 <-- 0.061787 s

maxsize : 45
nodes : 15375.000000
filtered : 122384.000000
time : 0.062272
