Parameters: GAD=1 vflib=1 dir=0 label=0 vlabel=1 lowerbound=1 fileNameGp=../../cp2016-max-common-connected-subgraph-paper/datasets/graphsdb/mcs90/bvg/b06/mcs90_b06_s90.A00 fileNameGt=../../cp2016-max-common-connected-subgraph-paper/datasets/graphsdb/mcs90/bvg/b06/mcs90_b06_s90.B00
Reading graphs...
90 :  269
90 :  270
Initializing...
maxdom : 9
D->valSize : 553
Solving...
Blb : 2 (clique : 51)
currentSize : 51 <-- 0.006415 s
currentSize : 55 <-- 0.007905 s
currentSize : 56 <-- 0.013314 s
currentSize : 57 <-- 0.013363 s
currentSize : 62 <-- 0.142407 s
currentSize : 64 <-- 0.144072 s
currentSize : 65 <-- 0.144130 s
currentSize : 66 <-- 0.328998 s
currentSize : 71 <-- 0.335317 s
currentSize : 73 <-- 0.347820 s
currentSize : 77 <-- 0.364649 s
currentSize : 81 <-- 0.364929 s

maxsize : 81
nodes : 71368.000000
filtered : 427150.000000
time : 0.392457
