Parameters: GAD=1 vflib=1 dir=0 label=0 vlabel=1 lowerbound=1 fileNameGp=../../cp2016-max-common-connected-subgraph-paper/datasets/graphsdb/mcs90/m2D/m2Dr6/mcs90_m2Dr6_s80.A06 fileNameGt=../../cp2016-max-common-connected-subgraph-paper/datasets/graphsdb/mcs90/m2D/m2Dr6/mcs90_m2Dr6_s80.B06
Reading graphs...
80 :  189
80 :  188
Initializing...
maxdom : 10
D->valSize : 460
Solving...
Blb : 3 (clique : 43)
currentSize : 43 <-- 0.004579 s
currentSize : 45 <-- 7.787542 s
currentSize : 46 <-- 7.787985 s
currentSize : 49 <-- 11.315202 s
currentSize : 50 <-- 13.032486 s
currentSize : 53 <-- 13.032616 s
currentSize : 55 <-- 14.027547 s
currentSize : 56 <-- 14.390121 s
currentSize : 57 <-- 14.664366 s
currentSize : 60 <-- 15.074482 s
currentSize : 61 <-- 15.271039 s
currentSize : 64 <-- 15.323736 s

maxsize : 64
nodes : 3076973.000000
filtered : 20006200.000000
time : 15.338763
