Parameters: GAD=1 vflib=1 dir=0 label=0 vlabel=1 lowerbound=1 fileNameGp=../../cp2016-max-common-connected-subgraph-paper/datasets/graphsdb/mcs90/bvg/b09/mcs90_b09_s90.A02 fileNameGt=../../cp2016-max-common-connected-subgraph-paper/datasets/graphsdb/mcs90/bvg/b09/mcs90_b09_s90.B02
Reading graphs...
90 :  404
90 :  405
Initializing...
maxdom : 10
D->valSize : 585
Solving...
Blb : 2 (clique : 27)
currentSize : 27 <-- 0.006844 s
currentSize : 29 <-- 0.007108 s
currentSize : 32 <-- 0.007320 s
currentSize : 35 <-- 0.008028 s
currentSize : 37 <-- 0.008143 s
currentSize : 38 <-- 0.008368 s
currentSize : 40 <-- 0.008514 s
currentSize : 41 <-- 0.009275 s
currentSize : 42 <-- 0.010872 s
currentSize : 43 <-- 0.016251 s
currentSize : 45 <-- 0.071928 s
currentSize : 48 <-- 0.072172 s
currentSize : 49 <-- 0.077706 s
currentSize : 50 <-- 0.077938 s
currentSize : 52 <-- 0.093751 s
currentSize : 59 <-- 0.093986 s
currentSize : 62 <-- 0.100907 s
currentSize : 68 <-- 0.158127 s
currentSize : 72 <-- 0.168866 s
currentSize : 80 <-- 0.169556 s

maxsize : 80
nodes : 31957.000000
filtered : 184886.000000
time : 0.169954
