Parameters: GAD=1 vflib=1 dir=0 label=0 vlabel=1 lowerbound=1 fileNameGp=../../cp2016-max-common-connected-subgraph-paper/datasets/graphsdb/mcs90/m2D/m2D/mcs90_m2D_s60.A06 fileNameGt=../../cp2016-max-common-connected-subgraph-paper/datasets/graphsdb/mcs90/m2D/m2D/mcs90_m2D_s60.B06
Reading graphs...
60 :  104
60 :  104
Initializing...
maxdom : 8
D->valSize : 291
Solving...
Blb : 2 (clique : 38)
currentSize : 38 <-- 0.002283 s
currentSize : 39 <-- 0.002510 s
currentSize : 40 <-- 0.002639 s
currentSize : 41 <-- 0.002736 s
currentSize : 42 <-- 0.002969 s
currentSize : 43 <-- 0.003043 s
currentSize : 45 <-- 0.004682 s
currentSize : 46 <-- 0.004765 s
currentSize : 47 <-- 0.004919 s
currentSize : 48 <-- 0.004994 s
currentSize : 49 <-- 0.007055 s

maxsize : 49
nodes : 2196.000000
filtered : 10010.000000
time : 0.010510
