Parameters: GAD=1 vflib=1 dir=0 label=0 vlabel=1 lowerbound=1 fileNameGp=../../cp2016-max-common-connected-subgraph-paper/datasets/graphsdb/mcs90/bvg/b06m/mcs90_b06m_s90.A07 fileNameGt=../../cp2016-max-common-connected-subgraph-paper/datasets/graphsdb/mcs90/bvg/b06m/mcs90_b06m_s90.B07
Reading graphs...
90 :  267
90 :  267
Initializing...
maxdom : 11
D->valSize : 627
Solving...
Blb : 2 (clique : 54)
currentSize : 54 <-- 0.007988 s
currentSize : 57 <-- 0.008326 s
currentSize : 58 <-- 0.008604 s
currentSize : 61 <-- 0.009732 s
currentSize : 63 <-- 0.009929 s
currentSize : 65 <-- 0.010134 s
currentSize : 69 <-- 0.010461 s
currentSize : 71 <-- 0.010683 s
currentSize : 73 <-- 0.010921 s
currentSize : 81 <-- 0.017075 s

maxsize : 81
nodes : 9939.000000
filtered : 62494.000000
time : 0.059528
