Parameters: GAD=1 vflib=1 dir=0 label=0 vlabel=1 lowerbound=1 fileNameGp=../../cp2016-max-common-connected-subgraph-paper/datasets/graphsdb/mcs90/m4D/m4D/mcs90_m4D_s90.A04 fileNameGt=../../cp2016-max-common-connected-subgraph-paper/datasets/graphsdb/mcs90/m4D/m4D/mcs90_m4D_s90.B04
Reading graphs...
90 :  206
90 :  206
Initializing...
maxdom : 12
D->valSize : 622
Solving...
Blb : 3 (clique : 62)
currentSize : 62 <-- 0.010033 s
currentSize : 63 <-- 0.013024 s
currentSize : 64 <-- 0.015361 s
currentSize : 65 <-- 0.076045 s
currentSize : 66 <-- 0.077017 s
currentSize : 67 <-- 0.176265 s
currentSize : 68 <-- 0.179307 s
currentSize : 70 <-- 0.245329 s
currentSize : 74 <-- 0.248274 s
currentSize : 75 <-- 0.251916 s
currentSize : 78 <-- 0.357172 s
currentSize : 80 <-- 0.372528 s
currentSize : 81 <-- 0.373014 s

maxsize : 81
nodes : 112499.000000
filtered : 151825.000000
time : 0.376648
