Parameters: GAD=1 vflib=1 dir=0 label=0 vlabel=1 lowerbound=1 fileNameGp=../../cp2016-max-common-connected-subgraph-paper/datasets/graphsdb/mcs90/m4D/m4D/mcs90_m4D_s100.A01 fileNameGt=../../cp2016-max-common-connected-subgraph-paper/datasets/graphsdb/mcs90/m4D/m4D/mcs90_m4D_s100.B01
Reading graphs...
100 :  219
100 :  219
Initializing...
maxdom : 7
D->valSize : 387
Solving...
Blb : 2 (clique : 58)
currentSize : 58 <-- 0.004459 s
currentSize : 59 <-- 0.864512 s
currentSize : 60 <-- 1.194066 s
currentSize : 61 <-- 1.204512 s
currentSize : 62 <-- 1.974218 s
currentSize : 63 <-- 2.037410 s
currentSize : 64 <-- 2.037849 s
currentSize : 65 <-- 2.194620 s
currentSize : 66 <-- 2.195057 s
currentSize : 68 <-- 2.542451 s
currentSize : 70 <-- 2.542786 s
currentSize : 72 <-- 2.647241 s
currentSize : 74 <-- 2.647607 s
currentSize : 77 <-- 2.676402 s
currentSize : 78 <-- 2.772759 s
currentSize : 81 <-- 2.773271 s

maxsize : 81
nodes : 778554.000000
filtered : 2152815.000000
time : 3.474021
