Parameters: GAD=1 vflib=1 dir=0 label=0 vlabel=1 lowerbound=1 fileNameGp=../../cp2016-max-common-connected-subgraph-paper/datasets/graphsdb/mcs90/bvg/b03m/mcs90_b03m_s90.A04 fileNameGt=../../cp2016-max-common-connected-subgraph-paper/datasets/graphsdb/mcs90/bvg/b03m/mcs90_b03m_s90.B04
Reading graphs...
90 :  135
90 :  135
Initializing...
maxdom : 10
D->valSize : 569
Solving...
Blb : 2 (clique : 54)
currentSize : 54 <-- 0.007091 s
currentSize : 55 <-- 31.684422 s
currentSize : 56 <-- 31.684933 s
currentSize : 57 <-- 62.774834 s
currentSize : 58 <-- 86.174194 s
currentSize : 59 <-- 86.398407 s
currentSize : 60 <-- 86.401527 s
currentSize : 61 <-- 137.511398 s
currentSize : 62 <-- 137.548645 s
currentSize : 63 <-- 137.571030 s
currentSize : 64 <-- 148.023560 s
currentSize : 65 <-- 167.114441 s
currentSize : 66 <-- 169.188019 s
currentSize : 68 <-- 169.936798 s
currentSize : 70 <-- 182.187332 s
currentSize : 73 <-- 182.197159 s
currentSize : 74 <-- 182.231842 s
currentSize : 75 <-- 182.685150 s
currentSize : 76 <-- 182.685318 s
currentSize : 78 <-- 182.698883 s
currentSize : 80 <-- 182.699066 s

maxsize : 80
nodes : 37231277.000000
filtered : 193081627.000000
time : 182.728928
