Parameters: GAD=1 vflib=1 dir=0 label=0 vlabel=1 lowerbound=1 fileNameGp=../../cp2016-max-common-connected-subgraph-paper/datasets/graphsdb/mcs90/rand/r005/mcs90_r005_s60.A02 fileNameGt=../../cp2016-max-common-connected-subgraph-paper/datasets/graphsdb/mcs90/rand/r005/mcs90_r005_s60.B02
Reading graphs...
60 :  173
60 :  172
Initializing...
maxdom : 7
D->valSize : 267
Solving...
Blb : 2 (clique : 31)
currentSize : 31 <-- 0.003128 s
currentSize : 32 <-- 0.003396 s
currentSize : 33 <-- 0.003573 s
currentSize : 35 <-- 0.005122 s
currentSize : 37 <-- 0.005240 s
currentSize : 40 <-- 0.007757 s
currentSize : 42 <-- 0.011436 s
currentSize : 49 <-- 0.016200 s
currentSize : 54 <-- 0.016885 s

maxsize : 54
nodes : 2559.000000
filtered : 12079.000000
time : 0.017221
