Parameters: GAD=1 vflib=1 dir=0 label=0 vlabel=1 lowerbound=1 fileNameGp=../../cp2016-max-common-connected-subgraph-paper/datasets/graphsdb/mcs90/bvg/b03m/mcs90_b03m_s90.A02 fileNameGt=../../cp2016-max-common-connected-subgraph-paper/datasets/graphsdb/mcs90/bvg/b03m/mcs90_b03m_s90.B02
Reading graphs...
90 :  134
90 :  134
Initializing...
maxdom : 8
D->valSize : 535
Solving...
Blb : 3 (clique : 56)
currentSize : 56 <-- 0.006359 s
currentSize : 62 <-- 0.006828 s
currentSize : 64 <-- 0.006895 s
currentSize : 65 <-- 0.006988 s
currentSize : 70 <-- 0.007245 s
currentSize : 71 <-- 0.153824 s
currentSize : 72 <-- 0.307786 s
currentSize : 73 <-- 0.546540 s
currentSize : 75 <-- 0.978676 s
currentSize : 78 <-- 1.595463 s
currentSize : 80 <-- 1.619301 s

maxsize : 80
nodes : 242581.000000
filtered : 1588887.000000
time : 1.625116
