Parameters: GAD=1 vflib=1 dir=0 label=0 vlabel=1 lowerbound=1 fileNameGp=../../cp2016-max-common-connected-subgraph-paper/datasets/graphsdb/mcs90/bvg/b06/mcs90_b06_s80.A03 fileNameGt=../../cp2016-max-common-connected-subgraph-paper/datasets/graphsdb/mcs90/bvg/b06/mcs90_b06_s80.B03
Reading graphs...
80 :  240
80 :  239
Initializing...
maxdom : 10
D->valSize : 487
Solving...
Blb : 2 (clique : 27)
currentSize : 27 <-- 0.005250 s
currentSize : 28 <-- 0.006020 s
currentSize : 29 <-- 0.007458 s
currentSize : 30 <-- 0.007484 s
currentSize : 31 <-- 0.014502 s
currentSize : 33 <-- 0.015240 s
currentSize : 34 <-- 0.015279 s
currentSize : 35 <-- 0.046567 s
currentSize : 36 <-- 0.046629 s
currentSize : 37 <-- 0.267576 s
currentSize : 39 <-- 0.267942 s
currentSize : 41 <-- 0.269286 s
currentSize : 43 <-- 0.269949 s
currentSize : 44 <-- 0.278402 s
currentSize : 46 <-- 0.324143 s
currentSize : 48 <-- 0.324266 s
currentSize : 52 <-- 0.324434 s
currentSize : 53 <-- 0.326936 s
currentSize : 61 <-- 0.328266 s
currentSize : 66 <-- 0.328931 s
currentSize : 67 <-- 0.336410 s
currentSize : 72 <-- 0.336875 s

maxsize : 72
nodes : 81231.000000
filtered : 303153.000000
time : 0.338427
