Parameters: GAD=1 vflib=1 dir=0 label=0 vlabel=1 lowerbound=1 fileNameGp=../../cp2016-max-common-connected-subgraph-paper/datasets/graphsdb/mcs90/m4D/m4Dr4/mcs90_m4Dr4_s100.A09 fileNameGt=../../cp2016-max-common-connected-subgraph-paper/datasets/graphsdb/mcs90/m4D/m4Dr4/mcs90_m4Dr4_s100.B09
Reading graphs...
100 :  258
100 :  258
Initializing...
maxdom : 10
D->valSize : 454
Solving...
Blb : 2 (clique : 72)
currentSize : 72 <-- 0.005231 s
currentSize : 73 <-- 0.005806 s
currentSize : 74 <-- 0.034479 s
currentSize : 78 <-- 2.341070 s
currentSize : 79 <-- 2.342175 s
currentSize : 80 <-- 2.445928 s
currentSize : 81 <-- 2.447038 s

maxsize : 81
nodes : 2698789.000000
filtered : 7213846.000000
time : 12.257337
