Parameters: GAD=1 vflib=1 dir=0 label=0 vlabel=1 lowerbound=1 fileNameGp=../../cp2016-max-common-connected-subgraph-paper/datasets/graphsdb/mcs90/m2D/m2D/mcs90_m2D_s100.A05 fileNameGt=../../cp2016-max-common-connected-subgraph-paper/datasets/graphsdb/mcs90/m2D/m2D/mcs90_m2D_s100.B05
Reading graphs...
100 :  180
100 :  180
Initializing...
maxdom : 6
D->valSize : 380
Solving...
Blb : 2 (clique : 58)
currentSize : 58 <-- 0.004080 s
currentSize : 60 <-- 0.005125 s
currentSize : 61 <-- 0.009517 s
currentSize : 64 <-- 0.048143 s
currentSize : 66 <-- 0.048500 s
currentSize : 68 <-- 0.052676 s
currentSize : 72 <-- 0.057470 s
currentSize : 76 <-- 0.069920 s
currentSize : 80 <-- 0.686490 s
currentSize : 81 <-- 0.719232 s

maxsize : 81
nodes : 169762.000000
filtered : 513626.000000
time : 0.840621
