Parameters: GAD=1 vflib=1 dir=0 label=0 vlabel=1 lowerbound=1 fileNameGp=../../cp2016-max-common-connected-subgraph-paper/datasets/graphsdb/mcs90/m2D/m2D/mcs90_m2D_s100.A08 fileNameGt=../../cp2016-max-common-connected-subgraph-paper/datasets/graphsdb/mcs90/m2D/m2D/mcs90_m2D_s100.B08
Reading graphs...
100 :  180
100 :  180
Initializing...
maxdom : 7
D->valSize : 371
Solving...
Blb : 2 (clique : 57)
currentSize : 57 <-- 0.006458 s
currentSize : 61 <-- 0.007347 s
currentSize : 63 <-- 0.008333 s
currentSize : 66 <-- 0.013186 s
currentSize : 67 <-- 0.017981 s
currentSize : 71 <-- 0.169621 s
currentSize : 73 <-- 0.478623 s
currentSize : 77 <-- 0.483185 s
currentSize : 78 <-- 5.619531 s
currentSize : 80 <-- 5.786651 s
currentSize : 81 <-- 7.397151 s

maxsize : 81
nodes : 1725066.000000
filtered : 4549865.000000
time : 7.884847
