Parameters: GAD=1 vflib=1 dir=0 label=0 vlabel=1 lowerbound=1 fileNameGp=../../cp2016-max-common-connected-subgraph-paper/datasets/graphsdb/mcs90/m2D/m2Dr6/mcs90_m2Dr6_s100.A05 fileNameGt=../../cp2016-max-common-connected-subgraph-paper/datasets/graphsdb/mcs90/m2D/m2Dr6/mcs90_m2Dr6_s100.B05
Reading graphs...
100 :  238
100 :  238
Initializing...
maxdom : 8
D->valSize : 373
Solving...
Blb : 2 (clique : 65)
currentSize : 65 <-- 0.003945 s
currentSize : 68 <-- 0.004324 s
currentSize : 70 <-- 0.004569 s
currentSize : 73 <-- 0.004753 s
currentSize : 77 <-- 0.005097 s
currentSize : 78 <-- 0.007631 s
currentSize : 80 <-- 0.029525 s
currentSize : 81 <-- 0.030362 s

maxsize : 81
nodes : 40535.000000
filtered : 246808.000000
time : 0.245386
