Parameters: GAD=1 vflib=1 dir=0 label=0 vlabel=1 lowerbound=1 fileNameGp=../../cp2016-max-common-connected-subgraph-paper/datasets/graphsdb/mcs90/m3D/m3D/mcs90_m3D_s80.A09 fileNameGt=../../cp2016-max-common-connected-subgraph-paper/datasets/graphsdb/mcs90/m3D/m3D/mcs90_m3D_s80.B09
Reading graphs...
80 :  183
80 :  184
Initializing...
maxdom : 8
D->valSize : 465
Solving...
Blb : 2 (clique : 45)
currentSize : 45 <-- 0.008088 s
currentSize : 46 <-- 20.036320 s
currentSize : 48 <-- 23.298656 s
currentSize : 49 <-- 23.298828 s
currentSize : 50 <-- 24.980986 s
currentSize : 54 <-- 27.380823 s
currentSize : 55 <-- 27.381012 s
currentSize : 56 <-- 27.381483 s
currentSize : 58 <-- 28.433350 s
currentSize : 59 <-- 28.433529 s
currentSize : 60 <-- 28.433910 s
currentSize : 62 <-- 29.474972 s
currentSize : 63 <-- 29.475161 s
currentSize : 64 <-- 29.475464 s

maxsize : 64
nodes : 5620165.000000
filtered : 36971992.000000
time : 30.105101
