Parameters: GAD=1 vflib=1 dir=0 label=0 vlabel=1 lowerbound=1 fileNameGp=../../cp2016-max-common-connected-subgraph-paper/datasets/graphsdb/mcs90/m2D/m2D/mcs90_m2D_s80.A04 fileNameGt=../../cp2016-max-common-connected-subgraph-paper/datasets/graphsdb/mcs90/m2D/m2D/mcs90_m2D_s80.B04
Reading graphs...
80 :  142
80 :  142
Initializing...
maxdom : 9
D->valSize : 432
Solving...
Blb : 2 (clique : 38)
currentSize : 38 <-- 0.004238 s
currentSize : 42 <-- 0.004511 s
currentSize : 43 <-- 0.004590 s
currentSize : 46 <-- 0.004731 s
currentSize : 47 <-- 0.005689 s
currentSize : 48 <-- 0.009915 s
currentSize : 50 <-- 0.010633 s
currentSize : 53 <-- 0.020987 s
currentSize : 55 <-- 0.117306 s
currentSize : 60 <-- 0.122374 s
currentSize : 61 <-- 0.126615 s
currentSize : 63 <-- 0.148670 s
currentSize : 64 <-- 0.150860 s

maxsize : 64
nodes : 62710.000000
filtered : 329115.000000
time : 0.306136
