Parameters: GAD=1 vflib=1 dir=0 label=0 vlabel=1 lowerbound=1 fileNameGp=../../cp2016-max-common-connected-subgraph-paper/datasets/graphsdb/mcs90/bvg/b06m/mcs90_b06m_s90.A02 fileNameGt=../../cp2016-max-common-connected-subgraph-paper/datasets/graphsdb/mcs90/bvg/b06m/mcs90_b06m_s90.B02
Reading graphs...
90 :  269
90 :  269
Initializing...
maxdom : 9
D->valSize : 580
Solving...
Blb : 3 (clique : 56)
currentSize : 56 <-- 0.011137 s
currentSize : 61 <-- 0.011827 s
currentSize : 64 <-- 0.012117 s
currentSize : 68 <-- 0.012558 s
currentSize : 71 <-- 0.013258 s
currentSize : 74 <-- 0.013537 s
currentSize : 75 <-- 0.019681 s
currentSize : 77 <-- 0.020203 s
currentSize : 81 <-- 0.020523 s

maxsize : 81
nodes : 11157.000000
filtered : 79715.000000
time : 0.081361
