Parameters: GAD=1 vflib=1 dir=0 label=0 vlabel=1 lowerbound=1 fileNameGp=../../cp2016-max-common-connected-subgraph-paper/datasets/graphsdb/mcs90/m2D/m2Dr4/mcs90_m2Dr4_s100.A09 fileNameGt=../../cp2016-max-common-connected-subgraph-paper/datasets/graphsdb/mcs90/m2D/m2Dr4/mcs90_m2Dr4_s100.B09
Reading graphs...
100 :  219
100 :  218
Initializing...
maxdom : 8
D->valSize : 426
Solving...
Blb : 2 (clique : 64)
currentSize : 64 <-- 0.004824 s
currentSize : 65 <-- 0.005225 s
currentSize : 66 <-- 0.005825 s
currentSize : 67 <-- 0.005982 s
currentSize : 68 <-- 0.009643 s
currentSize : 69 <-- 0.009787 s
currentSize : 71 <-- 0.010158 s
currentSize : 72 <-- 0.010316 s
currentSize : 74 <-- 0.014942 s
currentSize : 75 <-- 0.015169 s
currentSize : 78 <-- 0.641895 s
currentSize : 81 <-- 1.592036 s

maxsize : 81
nodes : 335771.000000
filtered : 1762992.000000
time : 1.914906
