Parameters: GAD=1 vflib=1 dir=0 label=0 vlabel=1 lowerbound=1 fileNameGp=../../cp2016-max-common-connected-subgraph-paper/datasets/graphsdb/mcs90/bvg/b09/mcs90_b09_s80.A05 fileNameGt=../../cp2016-max-common-connected-subgraph-paper/datasets/graphsdb/mcs90/bvg/b09/mcs90_b09_s80.B05
Reading graphs...
80 :  360
80 :  359
Initializing...
maxdom : 9
D->valSize : 435
Solving...
Blb : 2 (clique : 37)
currentSize : 37 <-- 0.007049 s
currentSize : 38 <-- 0.670930 s
currentSize : 39 <-- 0.671061 s
currentSize : 41 <-- 3.294220 s
currentSize : 42 <-- 5.326876 s
currentSize : 43 <-- 5.844881 s
currentSize : 46 <-- 5.861036 s
currentSize : 47 <-- 6.084943 s
currentSize : 48 <-- 6.519221 s
currentSize : 49 <-- 6.558973 s
currentSize : 50 <-- 6.613778 s
currentSize : 51 <-- 7.779846 s
currentSize : 54 <-- 7.780028 s
currentSize : 55 <-- 8.111668 s
currentSize : 58 <-- 8.111926 s
currentSize : 61 <-- 8.112150 s
currentSize : 62 <-- 8.113981 s
currentSize : 66 <-- 8.114916 s
currentSize : 72 <-- 8.115150 s

maxsize : 72
nodes : 1799009.000000
filtered : 9066754.000000
time : 8.120224
