Parameters: GAD=1 vflib=1 dir=0 label=0 vlabel=1 lowerbound=1 fileNameGp=../../cp2016-max-common-connected-subgraph-paper/datasets/graphsdb/mcs90/bvg/b03/mcs90_b03_s80.A02 fileNameGt=../../cp2016-max-common-connected-subgraph-paper/datasets/graphsdb/mcs90/bvg/b03/mcs90_b03_s80.B02
Reading graphs...
80 :  120
80 :  120
Initializing...
maxdom : 11
D->valSize : 471
Solving...
Blb : 2 (clique : 54)
currentSize : 54 <-- 0.004990 s
currentSize : 57 <-- 0.005460 s
currentSize : 58 <-- 0.005612 s
currentSize : 59 <-- 0.005875 s
currentSize : 60 <-- 0.006120 s
currentSize : 61 <-- 0.006277 s
currentSize : 63 <-- 0.006452 s
currentSize : 67 <-- 0.006770 s
currentSize : 68 <-- 0.007092 s
currentSize : 72 <-- 0.007363 s

maxsize : 72
nodes : 1095.000000
filtered : 3699.000000
time : 0.008622
