Parameters: GAD=1 vflib=1 dir=0 label=0 vlabel=1 lowerbound=1 fileNameGp=../../cp2016-max-common-connected-subgraph-paper/datasets/graphsdb/mcs90/m2D/m2Dr6/mcs90_m2Dr6_s80.A04 fileNameGt=../../cp2016-max-common-connected-subgraph-paper/datasets/graphsdb/mcs90/m2D/m2Dr6/mcs90_m2Dr6_s80.B04
Reading graphs...
80 :  188
80 :  187
Initializing...
maxdom : 8
D->valSize : 453
Solving...
Blb : 2 (clique : 43)
currentSize : 43 <-- 0.007769 s
currentSize : 44 <-- 0.008246 s
currentSize : 48 <-- 0.023994 s
currentSize : 49 <-- 0.024232 s
currentSize : 50 <-- 0.024327 s
currentSize : 51 <-- 0.048800 s
currentSize : 52 <-- 0.048900 s
currentSize : 53 <-- 0.049134 s
currentSize : 54 <-- 0.049243 s
currentSize : 55 <-- 0.124222 s
currentSize : 56 <-- 0.124445 s
currentSize : 57 <-- 0.124567 s
currentSize : 58 <-- 0.125193 s
currentSize : 59 <-- 0.125321 s
currentSize : 60 <-- 0.164532 s
currentSize : 61 <-- 0.164817 s
currentSize : 62 <-- 0.164946 s
currentSize : 63 <-- 0.165532 s
currentSize : 64 <-- 0.165675 s

maxsize : 64
nodes : 225587.000000
filtered : 1112871.000000
time : 1.203587
