Parameters: GAD=1 vflib=1 dir=0 label=0 vlabel=1 lowerbound=1 fileNameGp=../../cp2016-max-common-connected-subgraph-paper/datasets/graphsdb/mcs90/bvg/b03m/mcs90_b03m_s100.A01 fileNameGt=../../cp2016-max-common-connected-subgraph-paper/datasets/graphsdb/mcs90/bvg/b03m/mcs90_b03m_s100.B01
Reading graphs...
100 :  149
100 :  149
Initializing...
maxdom : 8
D->valSize : 402
Solving...
Blb : 3 (clique : 78)
currentSize : 78 <-- 0.004805 s
currentSize : 79 <-- 0.005328 s
currentSize : 80 <-- 0.005687 s
currentSize : 82 <-- 0.006134 s
currentSize : 84 <-- 0.007080 s
currentSize : 86 <-- 0.007548 s
currentSize : 88 <-- 0.012216 s
currentSize : 90 <-- 0.012779 s

maxsize : 90
nodes : 2038.000000
filtered : 5509.000000
time : 0.013358
