Parameters: GAD=1 vflib=1 dir=0 label=0 vlabel=1 lowerbound=1 fileNameGp=../../cp2016-max-common-connected-subgraph-paper/datasets/graphsdb/mcs90/bvg/b09/mcs90_b09_s90.A09 fileNameGt=../../cp2016-max-common-connected-subgraph-paper/datasets/graphsdb/mcs90/bvg/b09/mcs90_b09_s90.B09
Reading graphs...
90 :  403
90 :  405
Initializing...
maxdom : 12
D->valSize : 592
Solving...
Blb : 2 (clique : 30)
currentSize : 30 <-- 0.007632 s
currentSize : 31 <-- 0.009085 s
currentSize : 32 <-- 0.009302 s
currentSize : 33 <-- 0.099960 s
currentSize : 35 <-- 0.101407 s
currentSize : 36 <-- 0.137858 s
currentSize : 37 <-- 0.140247 s
currentSize : 41 <-- 0.228616 s
currentSize : 46 <-- 0.422659 s
currentSize : 49 <-- 2.352803 s
currentSize : 51 <-- 2.641339 s
currentSize : 53 <-- 2.642393 s
currentSize : 54 <-- 2.912111 s
currentSize : 56 <-- 2.912999 s
currentSize : 68 <-- 3.087682 s
currentSize : 72 <-- 3.087957 s
currentSize : 80 <-- 3.090998 s

maxsize : 80
nodes : 505022.000000
filtered : 4492345.000000
time : 3.091445
