Parameters: GAD=1 vflib=1 dir=0 label=0 vlabel=1 lowerbound=1 fileNameGp=../../cp2016-max-common-connected-subgraph-paper/datasets/graphsdb/mcs90/m2D/m2Dr2/mcs90_m2Dr2_s80.A02 fileNameGt=../../cp2016-max-common-connected-subgraph-paper/datasets/graphsdb/mcs90/m2D/m2Dr2/mcs90_m2Dr2_s80.B02
Reading graphs...
80 :  158
80 :  158
Initializing...
maxdom : 10
D->valSize : 465
Solving...
Blb : 2 (clique : 37)
currentSize : 37 <-- 0.008055 s
currentSize : 38 <-- 0.008465 s
currentSize : 40 <-- 0.008611 s
currentSize : 41 <-- 0.008818 s
currentSize : 42 <-- 0.022961 s
currentSize : 43 <-- 0.028331 s
currentSize : 44 <-- 0.028635 s
currentSize : 45 <-- 0.031953 s
currentSize : 46 <-- 1.188717 s
currentSize : 47 <-- 1.189060 s
currentSize : 48 <-- 1.189269 s
currentSize : 49 <-- 1.189322 s
currentSize : 51 <-- 2.452843 s
currentSize : 53 <-- 2.453008 s
currentSize : 55 <-- 3.234280 s
currentSize : 57 <-- 8.482973 s
currentSize : 58 <-- 24.303656 s
currentSize : 60 <-- 33.594471 s
currentSize : 61 <-- 33.605633 s
currentSize : 64 <-- 33.605793 s

maxsize : 64
nodes : 8243975.000000
filtered : 40673584.000000
time : 37.569767
