Parameters: GAD=1 vflib=1 dir=0 label=0 vlabel=1 lowerbound=1 fileNameGp=../../cp2016-max-common-connected-subgraph-paper/datasets/graphsdb/mcs90/m2D/m2Dr6/mcs90_m2Dr6_s60.A02 fileNameGt=../../cp2016-max-common-connected-subgraph-paper/datasets/graphsdb/mcs90/m2D/m2Dr6/mcs90_m2Dr6_s60.B02
Reading graphs...
60 :  136
60 :  133
Initializing...
maxdom : 9
D->valSize : 280
Solving...
Blb : 3 (clique : 30)
currentSize : 30 <-- 0.002004 s
currentSize : 31 <-- 0.022909 s
currentSize : 32 <-- 0.055957 s
currentSize : 34 <-- 0.067436 s
currentSize : 39 <-- 0.068667 s
currentSize : 40 <-- 0.068739 s
currentSize : 41 <-- 0.078879 s
currentSize : 42 <-- 0.078978 s
currentSize : 44 <-- 0.086062 s
currentSize : 49 <-- 0.086237 s

maxsize : 49
nodes : 20493.000000
filtered : 128146.000000
time : 0.089403
