Parameters: GAD=1 vflib=1 dir=0 label=0 vlabel=1 lowerbound=1 fileNameGp=../../cp2016-max-common-connected-subgraph-paper/datasets/graphsdb/mcs90/rand/r005/mcs90_r005_s70.A08 fileNameGt=../../cp2016-max-common-connected-subgraph-paper/datasets/graphsdb/mcs90/rand/r005/mcs90_r005_s70.B08
Reading graphs...
70 :  232
70 :  232
Initializing...
maxdom : 6
D->valSize : 315
Solving...
Blb : 2 (clique : 36)
currentSize : 36 <-- 0.004213 s
currentSize : 38 <-- 0.005475 s
currentSize : 39 <-- 0.008683 s
currentSize : 44 <-- 0.009422 s
currentSize : 45 <-- 0.019731 s
currentSize : 49 <-- 0.038660 s
currentSize : 52 <-- 0.050857 s
currentSize : 63 <-- 0.054200 s

maxsize : 63
nodes : 7159.000000
filtered : 41941.000000
time : 0.056059
