Parameters: GAD=1 vflib=1 dir=0 label=0 vlabel=1 lowerbound=1 fileNameGp=../../cp2016-max-common-connected-subgraph-paper/datasets/graphsdb/mcs90/m3D/m3Dr6/mcs90_m3Dr6_s80.A01 fileNameGt=../../cp2016-max-common-connected-subgraph-paper/datasets/graphsdb/mcs90/m3D/m3Dr6/mcs90_m3Dr6_s80.B01
Reading graphs...
80 :  231
80 :  229
Initializing...
maxdom : 8
D->valSize : 446
Solving...
Blb : 3 (clique : 53)
currentSize : 53 <-- 0.004480 s
currentSize : 54 <-- 0.006228 s
currentSize : 55 <-- 0.006343 s
currentSize : 57 <-- 0.318390 s
currentSize : 59 <-- 0.322390 s
currentSize : 60 <-- 0.322546 s
currentSize : 61 <-- 0.323968 s
currentSize : 62 <-- 0.324123 s
currentSize : 64 <-- 0.324303 s

maxsize : 64
nodes : 139382.000000
filtered : 788557.000000
time : 0.692014
