Parameters: GAD=1 vflib=1 dir=0 label=0 vlabel=1 lowerbound=1 fileNameGp=../../cp2016-max-common-connected-subgraph-paper/datasets/graphsdb/mcs90/m2D/m2Dr6/mcs90_m2Dr6_s60.A00 fileNameGt=../../cp2016-max-common-connected-subgraph-paper/datasets/graphsdb/mcs90/m2D/m2Dr6/mcs90_m2Dr6_s60.B00
Reading graphs...
60 :  139
60 :  139
Initializing...
maxdom : 5
D->valSize : 241
Solving...
Blb : 3 (clique : 31)
currentSize : 31 <-- 0.001802 s
currentSize : 33 <-- 0.002019 s
currentSize : 35 <-- 0.002220 s
currentSize : 37 <-- 0.002421 s
currentSize : 39 <-- 0.002513 s
currentSize : 40 <-- 0.003010 s
currentSize : 41 <-- 0.003246 s
currentSize : 43 <-- 0.003367 s
currentSize : 44 <-- 0.003456 s
currentSize : 46 <-- 0.006072 s
currentSize : 48 <-- 0.006184 s
currentSize : 49 <-- 0.006260 s

maxsize : 49
nodes : 3675.000000
filtered : 12524.000000
time : 0.014493
