Parameters: GAD=1 vflib=1 dir=0 label=0 vlabel=1 lowerbound=1 fileNameGp=../../cp2016-max-common-connected-subgraph-paper/datasets/graphsdb/mcs90/m4D/m4Dr4/mcs90_m4Dr4_s100.A03 fileNameGt=../../cp2016-max-common-connected-subgraph-paper/datasets/graphsdb/mcs90/m4D/m4Dr4/mcs90_m4Dr4_s100.B03
Reading graphs...
100 :  258
100 :  258
Initializing...
maxdom : 7
D->valSize : 385
Solving...
Blb : 2 (clique : 74)
currentSize : 74 <-- 0.004313 s
currentSize : 75 <-- 0.004725 s
currentSize : 76 <-- 0.005087 s
currentSize : 77 <-- 0.011240 s
currentSize : 78 <-- 0.027050 s
currentSize : 79 <-- 0.028927 s
currentSize : 80 <-- 0.049505 s
currentSize : 81 <-- 0.050398 s

maxsize : 81
nodes : 622281.000000
filtered : 1749349.000000
time : 2.978827
