Parameters: GAD=1 vflib=1 dir=0 label=0 vlabel=1 lowerbound=1 fileNameGp=../../cp2016-max-common-connected-subgraph-paper/datasets/graphsdb/mcs90/m2D/m2Dr4/mcs90_m2Dr4_s100.A00 fileNameGt=../../cp2016-max-common-connected-subgraph-paper/datasets/graphsdb/mcs90/m2D/m2Dr4/mcs90_m2Dr4_s100.B00
Reading graphs...
100 :  219
100 :  218
Initializing...
maxdom : 7
D->valSize : 409
Solving...
Blb : 2 (clique : 56)
currentSize : 56 <-- 0.004999 s
currentSize : 57 <-- 0.005422 s
currentSize : 58 <-- 0.005654 s
currentSize : 59 <-- 0.006917 s
currentSize : 60 <-- 0.008357 s
currentSize : 61 <-- 0.013298 s
currentSize : 62 <-- 0.013572 s
currentSize : 63 <-- 0.013648 s
currentSize : 64 <-- 0.018258 s
currentSize : 66 <-- 0.018702 s
currentSize : 68 <-- 0.018895 s
currentSize : 69 <-- 0.019830 s
currentSize : 71 <-- 0.020045 s
currentSize : 72 <-- 0.020988 s
currentSize : 73 <-- 0.022409 s
currentSize : 75 <-- 0.022644 s
currentSize : 78 <-- 0.023956 s
currentSize : 81 <-- 0.025830 s

maxsize : 81
nodes : 29756.000000
filtered : 142043.000000
time : 0.170615
