Parameters: GAD=1 vflib=1 dir=0 label=0 vlabel=1 lowerbound=1 fileNameGp=../../cp2016-max-common-connected-subgraph-paper/datasets/graphsdb/mcs90/m2D/m2D/mcs90_m2D_s100.A00 fileNameGt=../../cp2016-max-common-connected-subgraph-paper/datasets/graphsdb/mcs90/m2D/m2D/mcs90_m2D_s100.B00
Reading graphs...
100 :  180
100 :  180
Initializing...
maxdom : 8
D->valSize : 390
Solving...
Blb : 2 (clique : 64)
currentSize : 64 <-- 0.004216 s
currentSize : 69 <-- 0.004742 s
currentSize : 70 <-- 0.004948 s
currentSize : 72 <-- 0.005240 s
currentSize : 73 <-- 0.005459 s
currentSize : 75 <-- 0.014402 s
currentSize : 76 <-- 0.014648 s
currentSize : 78 <-- 0.656847 s
currentSize : 79 <-- 0.657097 s
currentSize : 80 <-- 2.558559 s
currentSize : 81 <-- 2.558847 s

maxsize : 81
nodes : 937349.000000
filtered : 3939406.000000
time : 5.014945
