Parameters: GAD=1 vflib=1 dir=0 label=0 vlabel=1 lowerbound=1 fileNameGp=../../cp2016-max-common-connected-subgraph-paper/datasets/graphsdb/mcs90/bvg/b09/mcs90_b09_s60.A07 fileNameGt=../../cp2016-max-common-connected-subgraph-paper/datasets/graphsdb/mcs90/bvg/b09/mcs90_b09_s60.B07
Reading graphs...
60 :  270
60 :  270
Initializing...
maxdom : 8
D->valSize : 278
Solving...
Blb : 3 (clique : 22)
currentSize : 22 <-- 0.003177 s
currentSize : 24 <-- 0.003564 s
currentSize : 26 <-- 0.007484 s
currentSize : 29 <-- 0.009872 s
currentSize : 30 <-- 0.011282 s
currentSize : 31 <-- 0.015403 s
currentSize : 35 <-- 0.015553 s
currentSize : 40 <-- 0.022823 s
currentSize : 43 <-- 0.035831 s
currentSize : 54 <-- 0.036800 s

maxsize : 54
nodes : 5525.000000
filtered : 25893.000000
time : 0.037631
