Parameters: GAD=1 vflib=1 dir=0 label=0 vlabel=1 lowerbound=1 fileNameGp=../../cp2016-max-common-connected-subgraph-paper/datasets/graphsdb/mcs90/m2D/m2D/mcs90_m2D_s70.A00 fileNameGt=../../cp2016-max-common-connected-subgraph-paper/datasets/graphsdb/mcs90/m2D/m2D/mcs90_m2D_s70.B00
Reading graphs...
70 :  123
70 :  123
Initializing...
maxdom : 9
D->valSize : 359
Solving...
Blb : 2 (clique : 38)
currentSize : 38 <-- 0.003130 s
currentSize : 39 <-- 0.003442 s
currentSize : 40 <-- 0.003700 s
currentSize : 41 <-- 0.003791 s
currentSize : 42 <-- 0.037804 s
currentSize : 43 <-- 0.037914 s
currentSize : 48 <-- 0.049348 s
currentSize : 50 <-- 0.060327 s
currentSize : 53 <-- 0.060461 s
currentSize : 54 <-- 0.065896 s
currentSize : 57 <-- 0.066629 s
currentSize : 59 <-- 0.069961 s
currentSize : 60 <-- 0.071734 s
currentSize : 64 <-- 0.072061 s

maxsize : 64
nodes : 16271.000000
filtered : 73232.000000
time : 0.072333
