Parameters: GAD=1 vflib=1 dir=0 label=0 vlabel=1 lowerbound=1 fileNameGp=../../cp2016-max-common-connected-subgraph-paper/datasets/graphsdb/mcs90/m3D/m3Dr2/mcs90_m3Dr2_s80.A07 fileNameGt=../../cp2016-max-common-connected-subgraph-paper/datasets/graphsdb/mcs90/m3D/m3Dr2/mcs90_m3Dr2_s80.B07
Reading graphs...
80 :  199
80 :  200
Initializing...
maxdom : 7
D->valSize : 431
Solving...
Blb : 2 (clique : 35)
currentSize : 35 <-- 0.004240 s
currentSize : 36 <-- 0.004487 s
currentSize : 37 <-- 0.022193 s
currentSize : 39 <-- 0.024134 s
currentSize : 40 <-- 0.024289 s
currentSize : 41 <-- 0.139594 s
currentSize : 42 <-- 0.139830 s
currentSize : 43 <-- 0.139914 s
currentSize : 44 <-- 0.140272 s
currentSize : 45 <-- 0.142219 s
currentSize : 46 <-- 1.161024 s
currentSize : 47 <-- 1.792627 s
currentSize : 48 <-- 1.793350 s
currentSize : 50 <-- 2.525535 s
currentSize : 52 <-- 2.525620 s
currentSize : 56 <-- 2.525851 s
currentSize : 59 <-- 2.951625 s
currentSize : 64 <-- 2.951764 s

maxsize : 64
nodes : 743307.000000
filtered : 2872525.000000
time : 3.200145
