Parameters: GAD=1 vflib=1 dir=0 label=0 vlabel=1 lowerbound=1 fileNameGp=../../cp2016-max-common-connected-subgraph-paper/datasets/graphsdb/mcs90/m2D/m2Dr2/mcs90_m2Dr2_s60.A00 fileNameGt=../../cp2016-max-common-connected-subgraph-paper/datasets/graphsdb/mcs90/m2D/m2Dr2/mcs90_m2Dr2_s60.B00
Reading graphs...
60 :  115
60 :  116
Initializing...
maxdom : 6
D->valSize : 257
Solving...
Blb : 5 (clique : 27)
currentSize : 27 <-- 0.001833 s
currentSize : 28 <-- 0.002010 s
currentSize : 29 <-- 0.002095 s
currentSize : 30 <-- 0.002220 s
currentSize : 32 <-- 0.002337 s
currentSize : 33 <-- 0.002455 s
currentSize : 34 <-- 0.003750 s
currentSize : 37 <-- 0.003822 s
currentSize : 41 <-- 0.005220 s
currentSize : 44 <-- 0.005688 s
currentSize : 46 <-- 0.020906 s
currentSize : 49 <-- 0.021108 s

maxsize : 49
nodes : 5779.000000
filtered : 22836.000000
time : 0.022441
