Parameters: GAD=1 vflib=1 dir=0 label=0 vlabel=1 lowerbound=1 fileNameGp=../../cp2016-max-common-connected-subgraph-paper/datasets/graphsdb/mcs90/bvg/b09/mcs90_b09_s90.A05 fileNameGt=../../cp2016-max-common-connected-subgraph-paper/datasets/graphsdb/mcs90/bvg/b09/mcs90_b09_s90.B05
Reading graphs...
90 :  405
90 :  404
Initializing...
maxdom : 11
D->valSize : 583
Solving...
Blb : 2 (clique : 31)
currentSize : 31 <-- 0.011331 s
currentSize : 32 <-- 0.472484 s
currentSize : 33 <-- 0.638554 s
currentSize : 34 <-- 0.738624 s
currentSize : 36 <-- 4.491288 s
currentSize : 37 <-- 6.185469 s
currentSize : 43 <-- 6.185963 s
currentSize : 44 <-- 6.186052 s
currentSize : 45 <-- 6.186428 s
currentSize : 48 <-- 6.890392 s
currentSize : 49 <-- 6.890789 s
currentSize : 51 <-- 8.695645 s
currentSize : 56 <-- 9.286253 s
currentSize : 57 <-- 52.497646 s
currentSize : 59 <-- 60.091328 s
currentSize : 60 <-- 64.404259 s
currentSize : 62 <-- 64.425430 s
currentSize : 76 <-- 66.584091 s
currentSize : 80 <-- 66.584480 s

maxsize : 80
nodes : 13768733.000000
filtered : 82703429.000000
time : 66.624306
