Parameters: GAD=1 vflib=1 dir=0 label=0 vlabel=1 lowerbound=1 fileNameGp=../../cp2016-max-common-connected-subgraph-paper/datasets/graphsdb/mcs90/bvg/b09/mcs90_b09_s90.A03 fileNameGt=../../cp2016-max-common-connected-subgraph-paper/datasets/graphsdb/mcs90/bvg/b09/mcs90_b09_s90.B03
Reading graphs...
90 :  403
90 :  405
Initializing...
maxdom : 11
D->valSize : 602
Solving...
Blb : 2 (clique : 39)
currentSize : 39 <-- 0.007342 s
currentSize : 40 <-- 1.057536 s
currentSize : 42 <-- 4.730962 s
currentSize : 43 <-- 7.116293 s
currentSize : 45 <-- 7.141559 s
currentSize : 47 <-- 7.163799 s
currentSize : 48 <-- 7.400757 s
currentSize : 49 <-- 8.446093 s
currentSize : 50 <-- 8.758698 s
currentSize : 53 <-- 9.744492 s
currentSize : 54 <-- 9.820193 s
currentSize : 58 <-- 9.820485 s
currentSize : 62 <-- 11.369460 s
currentSize : 73 <-- 12.788034 s
currentSize : 80 <-- 12.788317 s

maxsize : 80
nodes : 2522644.000000
filtered : 14370483.000000
time : 12.841760
