Parameters: GAD=1 vflib=1 dir=0 label=0 vlabel=1 lowerbound=1 fileNameGp=../../cp2016-max-common-connected-subgraph-paper/datasets/graphsdb/mcs90/m2D/m2Dr2/mcs90_m2Dr2_s100.A06 fileNameGt=../../cp2016-max-common-connected-subgraph-paper/datasets/graphsdb/mcs90/m2D/m2Dr2/mcs90_m2Dr2_s100.B06
Reading graphs...
100 :  200
100 :  200
Initializing...
maxdom : 6
D->valSize : 388
Solving...
Blb : 2 (clique : 63)
currentSize : 63 <-- 0.004194 s
currentSize : 64 <-- 0.004603 s
currentSize : 66 <-- 0.004764 s
currentSize : 67 <-- 0.008595 s
currentSize : 69 <-- 0.008996 s
currentSize : 70 <-- 0.018173 s
currentSize : 73 <-- 0.018293 s
currentSize : 75 <-- 0.111209 s
currentSize : 78 <-- 0.112400 s
currentSize : 79 <-- 0.121438 s
currentSize : 80 <-- 0.540907 s
currentSize : 81 <-- 0.547355 s

maxsize : 81
nodes : 103164.000000
filtered : 345742.000000
time : 0.623885
