Parameters: GAD=1 vflib=1 dir=0 label=0 vlabel=1 lowerbound=1 fileNameGp=../../cp2016-max-common-connected-subgraph-paper/datasets/graphsdb/mcs90/bvg/b03/mcs90_b03_s90.A02 fileNameGt=../../cp2016-max-common-connected-subgraph-paper/datasets/graphsdb/mcs90/bvg/b03/mcs90_b03_s90.B02
Reading graphs...
90 :  135
90 :  135
Initializing...
maxdom : 9
D->valSize : 570
Solving...
Blb : 2 (clique : 62)
currentSize : 62 <-- 0.007050 s
currentSize : 63 <-- 0.007502 s
currentSize : 64 <-- 0.007594 s
currentSize : 65 <-- 0.008399 s
currentSize : 68 <-- 0.008435 s
currentSize : 72 <-- 0.009741 s
currentSize : 75 <-- 0.011562 s
currentSize : 76 <-- 0.011710 s
currentSize : 79 <-- 0.020327 s
currentSize : 80 <-- 0.020492 s

maxsize : 80
nodes : 6137.000000
filtered : 15758.000000
time : 0.030135
