Parameters: GAD=1 vflib=1 dir=0 label=0 vlabel=1 lowerbound=1 fileNameGp=../../cp2016-max-common-connected-subgraph-paper/datasets/graphsdb/mcs90/bvg/b03m/mcs90_b03m_s40.A07 fileNameGt=../../cp2016-max-common-connected-subgraph-paper/datasets/graphsdb/mcs90/bvg/b03m/mcs90_b03m_s40.B07
Reading graphs...
40 :  60
40 :  60
Initializing...
maxdom : 8
D->valSize : 222
Solving...
Blb : 2 (clique : 23)
currentSize : 23 <-- 0.001366 s
currentSize : 24 <-- 0.001903 s
currentSize : 25 <-- 0.002100 s
currentSize : 26 <-- 0.002130 s
currentSize : 28 <-- 0.002384 s
currentSize : 29 <-- 0.002412 s
currentSize : 30 <-- 0.002566 s
currentSize : 31 <-- 0.002987 s
currentSize : 32 <-- 0.003031 s
currentSize : 33 <-- 0.003224 s
currentSize : 36 <-- 0.003263 s

maxsize : 36
nodes : 750.000000
filtered : 3597.000000
time : 0.003369
