Parameters: GAD=1 vflib=1 dir=0 label=0 vlabel=1 lowerbound=1 fileNameGp=../../cp2016-max-common-connected-subgraph-paper/datasets/graphsdb/mcs90/m2D/m2D/mcs90_m2D_s100.A02 fileNameGt=../../cp2016-max-common-connected-subgraph-paper/datasets/graphsdb/mcs90/m2D/m2D/mcs90_m2D_s100.B02
Reading graphs...
100 :  180
100 :  180
Initializing...
maxdom : 7
D->valSize : 425
Solving...
Blb : 3 (clique : 51)
currentSize : 51 <-- 0.004794 s
currentSize : 52 <-- 0.009882 s
currentSize : 53 <-- 0.012404 s
currentSize : 55 <-- 0.202641 s
currentSize : 57 <-- 0.203149 s
currentSize : 58 <-- 0.404153 s
currentSize : 59 <-- 1.251447 s
currentSize : 61 <-- 1.253746 s
currentSize : 62 <-- 1.253833 s
currentSize : 64 <-- 1.851391 s
currentSize : 65 <-- 1.851479 s
currentSize : 66 <-- 2.314053 s
currentSize : 69 <-- 4.035339 s
currentSize : 72 <-- 9.300995 s
currentSize : 75 <-- 19.692841 s
currentSize : 76 <-- 19.693319 s
currentSize : 80 <-- 33.007099 s
currentSize : 81 <-- 33.007496 s

maxsize : 81
nodes : 7386486.000000
filtered : 30323696.000000
time : 37.907482
