Parameters: GAD=1 vflib=1 dir=0 label=0 vlabel=1 lowerbound=1 fileNameGp=../../cp2016-max-common-connected-subgraph-paper/datasets/graphsdb/mcs90/bvg/b09m/mcs90_b09m_s80.A03 fileNameGt=../../cp2016-max-common-connected-subgraph-paper/datasets/graphsdb/mcs90/bvg/b09m/mcs90_b09m_s80.B03
Reading graphs...
80 :  354
80 :  354
Initializing...
maxdom : 9
D->valSize : 467
Solving...
Blb : 2 (clique : 30)
currentSize : 30 <-- 0.004608 s
currentSize : 31 <-- 0.446748 s
currentSize : 32 <-- 0.494643 s
currentSize : 33 <-- 0.542932 s
currentSize : 34 <-- 0.838042 s
currentSize : 35 <-- 3.121265 s
currentSize : 36 <-- 3.150727 s
currentSize : 38 <-- 3.150930 s
currentSize : 39 <-- 3.232145 s
currentSize : 40 <-- 3.239756 s
currentSize : 41 <-- 3.239885 s
currentSize : 42 <-- 3.780788 s
currentSize : 43 <-- 3.978323 s
currentSize : 45 <-- 3.978956 s
currentSize : 47 <-- 4.126847 s
currentSize : 48 <-- 4.127028 s
currentSize : 50 <-- 4.250115 s
currentSize : 51 <-- 4.250283 s
currentSize : 53 <-- 4.251216 s
currentSize : 57 <-- 4.251613 s
currentSize : 59 <-- 4.251842 s
currentSize : 72 <-- 4.297699 s

maxsize : 72
nodes : 873122.000000
filtered : 4085990.000000
time : 4.299289
