Parameters: GAD=1 vflib=1 dir=0 label=0 vlabel=1 lowerbound=1 fileNameGp=../../cp2016-max-common-connected-subgraph-paper/datasets/graphsdb/mcs90/m2D/m2Dr2/mcs90_m2Dr2_s90.A09 fileNameGt=../../cp2016-max-common-connected-subgraph-paper/datasets/graphsdb/mcs90/m2D/m2Dr2/mcs90_m2Dr2_s90.B09
Reading graphs...
90 :  179
90 :  179
Initializing...
maxdom : 9
D->valSize : 584
Solving...
Blb : 2 (clique : 45)
currentSize : 45 <-- 0.012218 s
currentSize : 47 <-- 0.012735 s
currentSize : 48 <-- 0.013257 s
currentSize : 49 <-- 0.023125 s
currentSize : 52 <-- 0.178312 s
currentSize : 53 <-- 0.178518 s
currentSize : 54 <-- 0.179444 s
currentSize : 56 <-- 0.274213 s
currentSize : 57 <-- 0.274450 s
currentSize : 58 <-- 0.274935 s
currentSize : 59 <-- 0.275183 s
currentSize : 62 <-- 2.661990 s
currentSize : 63 <-- 2.662271 s
currentSize : 64 <-- 3.019933 s
currentSize : 65 <-- 3.020138 s
currentSize : 71 <-- 3.024287 s
currentSize : 75 <-- 3.065344 s
currentSize : 81 <-- 3.069271 s

maxsize : 81
nodes : 563767.000000
filtered : 2804070.000000
time : 3.069744
