Parameters: GAD=1 vflib=1 dir=0 label=0 vlabel=1 lowerbound=1 fileNameGp=../../cp2016-max-common-connected-subgraph-paper/datasets/graphsdb/mcs90/m3D/m3Dr4/mcs90_m3Dr4_s80.A09 fileNameGt=../../cp2016-max-common-connected-subgraph-paper/datasets/graphsdb/mcs90/m3D/m3Dr4/mcs90_m3Dr4_s80.B09
Reading graphs...
80 :  214
80 :  214
Initializing...
maxdom : 10
D->valSize : 475
Solving...
Blb : 2 (clique : 40)
currentSize : 40 <-- 0.008140 s
currentSize : 41 <-- 0.009404 s
currentSize : 42 <-- 0.010548 s
currentSize : 43 <-- 0.386936 s
currentSize : 44 <-- 10.860502 s
currentSize : 45 <-- 57.586281 s
currentSize : 46 <-- 57.590588 s
currentSize : 47 <-- 57.590736 s
currentSize : 49 <-- 111.448219 s
currentSize : 50 <-- 111.655739 s
currentSize : 51 <-- 133.541367 s
currentSize : 52 <-- 133.541473 s
currentSize : 53 <-- 133.708191 s
currentSize : 56 <-- 141.041443 s
currentSize : 57 <-- 141.041580 s
currentSize : 58 <-- 141.041962 s
currentSize : 59 <-- 141.042130 s
currentSize : 60 <-- 141.042267 s
currentSize : 61 <-- 141.482529 s
currentSize : 62 <-- 141.482681 s
currentSize : 63 <-- 141.482880 s
currentSize : 64 <-- 141.483047 s

maxsize : 64
nodes : 36548931.000000
filtered : 119538057.000000
time : 141.970810
