Parameters: GAD=1 vflib=1 dir=0 label=0 vlabel=1 lowerbound=1 fileNameGp=../../cp2016-max-common-connected-subgraph-paper/datasets/graphsdb/mcs90/m2D/m2Dr4/mcs90_m2Dr4_s80.A09 fileNameGt=../../cp2016-max-common-connected-subgraph-paper/datasets/graphsdb/mcs90/m2D/m2Dr4/mcs90_m2Dr4_s80.B09
Reading graphs...
80 :  174
80 :  174
Initializing...
maxdom : 10
D->valSize : 495
Solving...
Blb : 2 (clique : 37)
currentSize : 37 <-- 0.008813 s
currentSize : 38 <-- 0.014773 s
currentSize : 39 <-- 0.017581 s
currentSize : 42 <-- 0.051471 s
currentSize : 44 <-- 0.055058 s
currentSize : 45 <-- 0.058836 s
currentSize : 46 <-- 1.845806 s
currentSize : 47 <-- 2.399109 s
currentSize : 48 <-- 2.429244 s
currentSize : 50 <-- 3.629428 s
currentSize : 51 <-- 6.298089 s
currentSize : 53 <-- 28.243965 s
currentSize : 55 <-- 28.335705 s
currentSize : 56 <-- 38.963982 s
currentSize : 57 <-- 49.203449 s
currentSize : 60 <-- 53.862328 s
currentSize : 61 <-- 56.151428 s
currentSize : 64 <-- 58.793804 s

maxsize : 64
nodes : 13962321.000000
filtered : 61765460.000000
time : 59.202072
