Parameters: GAD=1 vflib=1 dir=0 label=0 vlabel=1 lowerbound=1 fileNameGp=../../cp2016-max-common-connected-subgraph-paper/datasets/graphsdb/mcs90/bvg/b09/mcs90_b09_s100.A09 fileNameGt=../../cp2016-max-common-connected-subgraph-paper/datasets/graphsdb/mcs90/bvg/b09/mcs90_b09_s100.B09
Reading graphs...
100 :  450
100 :  449
Initializing...
maxdom : 9
D->valSize : 421
Solving...
Blb : 2 (clique : 32)
currentSize : 32 <-- 0.004347 s
currentSize : 33 <-- 0.005754 s
currentSize : 34 <-- 0.006494 s
currentSize : 35 <-- 0.028638 s
currentSize : 37 <-- 0.032746 s
currentSize : 38 <-- 0.639879 s
currentSize : 39 <-- 0.820189 s
currentSize : 40 <-- 0.839515 s
currentSize : 42 <-- 1.015500 s
currentSize : 44 <-- 1.025782 s
currentSize : 46 <-- 1.031688 s
currentSize : 49 <-- 1.199901 s
currentSize : 53 <-- 1.218332 s
currentSize : 55 <-- 1.290051 s
currentSize : 56 <-- 1.336244 s
currentSize : 62 <-- 1.384412 s
currentSize : 63 <-- 1.463393 s
currentSize : 67 <-- 1.463685 s
currentSize : 73 <-- 1.644946 s
currentSize : 83 <-- 1.649039 s
currentSize : 90 <-- 1.649944 s

maxsize : 90
nodes : 300441.000000
filtered : 1285168.000000
time : 1.650446
