Parameters: GAD=1 vflib=1 dir=0 label=0 vlabel=1 lowerbound=1 fileNameGp=../../cp2016-max-common-connected-subgraph-paper/datasets/graphsdb/mcs90/m3D/m3D/mcs90_m3D_s70.A07 fileNameGt=../../cp2016-max-common-connected-subgraph-paper/datasets/graphsdb/mcs90/m3D/m3D/mcs90_m3D_s70.B07
Reading graphs...
70 :  159
70 :  159
Initializing...
maxdom : 9
D->valSize : 378
Solving...
Blb : 2 (clique : 38)
currentSize : 38 <-- 0.003421 s
currentSize : 39 <-- 0.005645 s
currentSize : 43 <-- 0.071113 s
currentSize : 44 <-- 0.071163 s
currentSize : 46 <-- 0.238026 s
currentSize : 50 <-- 0.399048 s
currentSize : 54 <-- 0.411110 s
currentSize : 59 <-- 0.421475 s
currentSize : 64 <-- 0.423644 s

maxsize : 64
nodes : 102994.000000
filtered : 502389.000000
time : 0.423901
