Parameters: GAD=1 vflib=1 dir=0 label=0 vlabel=1 lowerbound=1 fileNameGp=../../cp2016-max-common-connected-subgraph-paper/datasets/graphsdb/mcs90/m2D/m2Dr6/mcs90_m2Dr6_s90.A01 fileNameGt=../../cp2016-max-common-connected-subgraph-paper/datasets/graphsdb/mcs90/m2D/m2Dr6/mcs90_m2Dr6_s90.B01
Reading graphs...
90 :  213
90 :  213
Initializing...
maxdom : 9
D->valSize : 551
Solving...
Blb : 2 (clique : 40)
currentSize : 40 <-- 0.007241 s
currentSize : 41 <-- 0.007542 s
currentSize : 43 <-- 0.007644 s
currentSize : 45 <-- 0.007935 s
currentSize : 46 <-- 0.008135 s
currentSize : 48 <-- 0.012533 s
currentSize : 49 <-- 0.012749 s
currentSize : 50 <-- 0.518852 s
currentSize : 51 <-- 0.519102 s
currentSize : 53 <-- 0.529573 s
currentSize : 54 <-- 0.529820 s
currentSize : 56 <-- 0.754707 s
currentSize : 57 <-- 0.754983 s
currentSize : 58 <-- 1.091441 s
currentSize : 61 <-- 1.105327 s
currentSize : 64 <-- 1.193908 s
currentSize : 68 <-- 1.344768 s
currentSize : 70 <-- 1.409913 s
currentSize : 74 <-- 1.516670 s
currentSize : 75 <-- 1.593319 s
currentSize : 81 <-- 1.594096 s

maxsize : 81
nodes : 289365.000000
filtered : 1779064.000000
time : 1.602011
