Parameters: GAD=1 vflib=1 dir=0 label=0 vlabel=1 lowerbound=1 fileNameGp=../../cp2016-max-common-connected-subgraph-paper/datasets/graphsdb/mcs90/bvg/b06/mcs90_b06_s70.A01 fileNameGt=../../cp2016-max-common-connected-subgraph-paper/datasets/graphsdb/mcs90/bvg/b06/mcs90_b06_s70.B01
Reading graphs...
70 :  209
70 :  210
Initializing...
maxdom : 9
D->valSize : 384
Solving...
Blb : 3 (clique : 34)
currentSize : 34 <-- 0.005466 s
currentSize : 37 <-- 0.086571 s
currentSize : 43 <-- 0.097130 s
currentSize : 52 <-- 0.163641 s
currentSize : 53 <-- 0.169842 s
currentSize : 54 <-- 0.170039 s
currentSize : 60 <-- 0.170331 s
currentSize : 63 <-- 0.171117 s

maxsize : 63
nodes : 38869.000000
filtered : 194510.000000
time : 0.171398
