Parameters: GAD=1 vflib=1 dir=0 label=0 vlabel=1 lowerbound=1 fileNameGp=../../cp2016-max-common-connected-subgraph-paper/datasets/graphsdb/mcs90/bvg/b06/mcs90_b06_s50.A03 fileNameGt=../../cp2016-max-common-connected-subgraph-paper/datasets/graphsdb/mcs90/bvg/b06/mcs90_b06_s50.B03
Reading graphs...
50 :  149
50 :  150
Initializing...
maxdom : 11
D->valSize : 395
Solving...
Blb : 2 (clique : 18)
currentSize : 18 <-- 0.003038 s
currentSize : 20 <-- 0.003719 s
currentSize : 21 <-- 0.003762 s
currentSize : 22 <-- 0.005256 s
currentSize : 23 <-- 0.005318 s
currentSize : 24 <-- 0.005379 s
currentSize : 25 <-- 0.007778 s
currentSize : 26 <-- 0.010953 s
currentSize : 27 <-- 0.012243 s
currentSize : 31 <-- 0.020952 s
currentSize : 32 <-- 0.023365 s
currentSize : 33 <-- 0.134927 s
currentSize : 41 <-- 0.418384 s
currentSize : 45 <-- 0.418464 s

maxsize : 45
nodes : 112531.000000
filtered : 788797.000000
time : 0.419658
