Parameters: GAD=1 vflib=1 dir=0 label=0 vlabel=1 lowerbound=1 fileNameGp=../../cp2016-max-common-connected-subgraph-paper/datasets/graphsdb/mcs90/m2D/m2Dr2/mcs90_m2Dr2_s100.A08 fileNameGt=../../cp2016-max-common-connected-subgraph-paper/datasets/graphsdb/mcs90/m2D/m2Dr2/mcs90_m2Dr2_s100.B08
Reading graphs...
100 :  200
100 :  200
Initializing...
maxdom : 12
D->valSize : 409
Solving...
Blb : 2 (clique : 57)
currentSize : 57 <-- 0.004474 s
currentSize : 58 <-- 0.004879 s
currentSize : 59 <-- 0.012470 s
currentSize : 60 <-- 0.017346 s
currentSize : 61 <-- 0.143260 s
currentSize : 63 <-- 1.617459 s
currentSize : 65 <-- 1.617609 s
currentSize : 66 <-- 1.618108 s
currentSize : 67 <-- 1.625566 s
currentSize : 68 <-- 2.147551 s
currentSize : 69 <-- 2.348885 s
currentSize : 70 <-- 5.188568 s
currentSize : 73 <-- 5.188992 s
currentSize : 76 <-- 5.189428 s
currentSize : 77 <-- 5.192180 s
currentSize : 80 <-- 6.563712 s
currentSize : 81 <-- 6.567604 s

maxsize : 81
nodes : 2477796.000000
filtered : 9115053.000000
time : 12.415583
