Parameters: GAD=1 vflib=1 dir=0 label=0 vlabel=1 lowerbound=1 fileNameGp=../../cp2016-max-common-connected-subgraph-paper/datasets/graphsdb/mcs90/m2D/m2Dr4/mcs90_m2Dr4_s100.A05 fileNameGt=../../cp2016-max-common-connected-subgraph-paper/datasets/graphsdb/mcs90/m2D/m2Dr4/mcs90_m2Dr4_s100.B05
Reading graphs...
100 :  218
100 :  217
Initializing...
maxdom : 6
D->valSize : 353
Solving...
Blb : 3 (clique : 61)
currentSize : 61 <-- 0.003847 s
currentSize : 62 <-- 0.004265 s
currentSize : 63 <-- 0.004928 s
currentSize : 67 <-- 0.048540 s
currentSize : 68 <-- 0.048853 s
currentSize : 69 <-- 0.714643 s
currentSize : 71 <-- 0.714978 s
currentSize : 75 <-- 0.719765 s
currentSize : 77 <-- 0.841919 s
currentSize : 81 <-- 0.869734 s

maxsize : 81
nodes : 171219.000000
filtered : 575877.000000
time : 0.904705
