Parameters: GAD=1 vflib=1 dir=0 label=0 vlabel=1 lowerbound=1 fileNameGp=../../cp2016-max-common-connected-subgraph-paper/datasets/graphsdb/mcs90/m3D/m3D/mcs90_m3D_s80.A02 fileNameGt=../../cp2016-max-common-connected-subgraph-paper/datasets/graphsdb/mcs90/m3D/m3D/mcs90_m3D_s80.B02
Reading graphs...
80 :  184
80 :  184
Initializing...
maxdom : 9
D->valSize : 448
Solving...
Blb : 2 (clique : 36)
currentSize : 36 <-- 0.004483 s
currentSize : 37 <-- 0.004759 s
currentSize : 38 <-- 0.004866 s
currentSize : 41 <-- 0.006201 s
currentSize : 43 <-- 0.006227 s
currentSize : 46 <-- 0.125018 s
currentSize : 48 <-- 0.475327 s
currentSize : 51 <-- 0.503228 s
currentSize : 52 <-- 0.503401 s
currentSize : 53 <-- 10.747294 s
currentSize : 54 <-- 10.776367 s
currentSize : 55 <-- 10.776490 s
currentSize : 58 <-- 10.780295 s
currentSize : 64 <-- 12.752741 s

maxsize : 64
nodes : 2698062.000000
filtered : 12054146.000000
time : 12.917790
