Parameters: GAD=1 vflib=1 dir=0 label=0 vlabel=1 lowerbound=1 fileNameGp=../../cp2016-max-common-connected-subgraph-paper/datasets/graphsdb/mcs90/m2D/m2Dr2/mcs90_m2Dr2_s60.A03 fileNameGt=../../cp2016-max-common-connected-subgraph-paper/datasets/graphsdb/mcs90/m2D/m2Dr2/mcs90_m2Dr2_s60.B03
Reading graphs...
60 :  115
60 :  114
Initializing...
maxdom : 7
D->valSize : 276
Solving...
Blb : 2 (clique : 34)
currentSize : 34 <-- 0.002033 s
currentSize : 36 <-- 0.002215 s
currentSize : 39 <-- 0.002340 s
currentSize : 41 <-- 0.002769 s
currentSize : 42 <-- 0.002927 s
currentSize : 43 <-- 0.003521 s
currentSize : 45 <-- 0.003982 s
currentSize : 46 <-- 0.004076 s
currentSize : 47 <-- 0.007468 s
currentSize : 49 <-- 0.007567 s

maxsize : 49
nodes : 2335.000000
filtered : 11224.000000
time : 0.010906
