Parameters: GAD=1 vflib=1 dir=0 label=0 vlabel=1 lowerbound=1 fileNameGp=../../cp2016-max-common-connected-subgraph-paper/datasets/graphsdb/mcs90/bvg/b06/mcs90_b06_s100.A07 fileNameGt=../../cp2016-max-common-connected-subgraph-paper/datasets/graphsdb/mcs90/bvg/b06/mcs90_b06_s100.B07
Reading graphs...
100 :  300
100 :  300
Initializing...
maxdom : 8
D->valSize : 416
Solving...
Blb : 2 (clique : 53)
currentSize : 53 <-- 0.004611 s
currentSize : 57 <-- 0.005098 s
currentSize : 58 <-- 0.005631 s
currentSize : 59 <-- 0.006558 s
currentSize : 60 <-- 0.006862 s
currentSize : 66 <-- 0.007439 s
currentSize : 68 <-- 0.007814 s
currentSize : 70 <-- 0.008339 s
currentSize : 72 <-- 0.009208 s
currentSize : 74 <-- 0.009595 s
currentSize : 75 <-- 0.013228 s
currentSize : 79 <-- 0.013818 s
currentSize : 82 <-- 0.128544 s
currentSize : 90 <-- 0.141571 s

maxsize : 90
nodes : 25761.000000
filtered : 114133.000000
time : 0.144013
