Parameters: GAD=1 vflib=1 dir=0 label=0 vlabel=1 lowerbound=1 fileNameGp=../../cp2016-max-common-connected-subgraph-paper/datasets/graphsdb/mcs90/bvg/b03/mcs90_b03_s70.A08 fileNameGt=../../cp2016-max-common-connected-subgraph-paper/datasets/graphsdb/mcs90/bvg/b03/mcs90_b03_s70.B08
Reading graphs...
70 :  105
70 :  105
Initializing...
maxdom : 7
D->valSize : 332
Solving...
Blb : 2 (clique : 42)
currentSize : 42 <-- 0.002961 s
currentSize : 44 <-- 0.003258 s
currentSize : 45 <-- 0.003995 s
currentSize : 46 <-- 0.005167 s
currentSize : 47 <-- 0.009782 s
currentSize : 48 <-- 0.009821 s
currentSize : 50 <-- 0.009945 s
currentSize : 51 <-- 0.010021 s
currentSize : 54 <-- 0.010725 s
currentSize : 58 <-- 0.011716 s
currentSize : 62 <-- 0.012832 s

maxsize : 62
nodes : 4079.000000
filtered : 10292.000000
time : 0.016357
