Parameters: GAD=1 vflib=1 dir=0 label=0 vlabel=1 lowerbound=1 fileNameGp=../../cp2016-max-common-connected-subgraph-paper/datasets/graphsdb/mcs90/bvg/b03m/mcs90_b03m_s50.A08 fileNameGt=../../cp2016-max-common-connected-subgraph-paper/datasets/graphsdb/mcs90/bvg/b03m/mcs90_b03m_s50.B08
Reading graphs...
50 :  75
50 :  75
Initializing...
maxdom : 12
D->valSize : 374
Solving...
Blb : 3 (clique : 29)
currentSize : 29 <-- 0.002958 s
currentSize : 30 <-- 0.004543 s
currentSize : 31 <-- 0.006941 s
currentSize : 33 <-- 0.008571 s
currentSize : 34 <-- 0.008728 s
currentSize : 35 <-- 0.020723 s
currentSize : 36 <-- 0.020883 s
currentSize : 38 <-- 0.022954 s
currentSize : 39 <-- 0.023074 s
currentSize : 40 <-- 0.023639 s
currentSize : 43 <-- 0.023853 s
currentSize : 44 <-- 0.024008 s

maxsize : 44
nodes : 5919.000000
filtered : 34167.000000
time : 0.024380
