Parameters: GAD=1 vflib=1 dir=0 label=0 vlabel=1 lowerbound=1 fileNameGp=../../cp2016-max-common-connected-subgraph-paper/datasets/graphsdb/mcs90/bvg/b09m/mcs90_b09m_s70.A04 fileNameGt=../../cp2016-max-common-connected-subgraph-paper/datasets/graphsdb/mcs90/bvg/b09m/mcs90_b09m_s70.B04
Reading graphs...
70 :  310
70 :  310
Initializing...
maxdom : 8
D->valSize : 349
Solving...
Blb : 2 (clique : 21)
currentSize : 21 <-- 0.002878 s
currentSize : 22 <-- 0.004348 s
currentSize : 24 <-- 0.014500 s
currentSize : 27 <-- 0.023783 s
currentSize : 29 <-- 0.027864 s
currentSize : 30 <-- 0.029046 s
currentSize : 35 <-- 0.029144 s
currentSize : 36 <-- 0.031857 s
currentSize : 37 <-- 0.034375 s
currentSize : 38 <-- 0.036365 s
currentSize : 40 <-- 0.036488 s
currentSize : 44 <-- 0.039226 s
currentSize : 46 <-- 0.039350 s
currentSize : 48 <-- 0.041420 s
currentSize : 52 <-- 0.041572 s
currentSize : 53 <-- 0.045308 s
currentSize : 62 <-- 0.047187 s

maxsize : 62
nodes : 10218.000000
filtered : 53246.000000
time : 0.047620
