Parameters: GAD=1 vflib=1 dir=0 label=0 vlabel=1 lowerbound=1 fileNameGp=../../cp2016-max-common-connected-subgraph-paper/datasets/graphsdb/mcs90/m4D/m4Dr2/mcs90_m4Dr2_s100.A04 fileNameGt=../../cp2016-max-common-connected-subgraph-paper/datasets/graphsdb/mcs90/m4D/m4Dr2/mcs90_m4Dr2_s100.B04
Reading graphs...
100 :  238
100 :  237
Initializing...
maxdom : 9
D->valSize : 423
Solving...
Blb : 3 (clique : 68)
currentSize : 68 <-- 0.004775 s
currentSize : 69 <-- 0.016199 s
currentSize : 70 <-- 0.027303 s
currentSize : 71 <-- 0.027427 s
currentSize : 72 <-- 1.027530 s
currentSize : 73 <-- 1.036535 s
currentSize : 74 <-- 1.036666 s
currentSize : 75 <-- 5.155591 s
currentSize : 76 <-- 5.167503 s
currentSize : 77 <-- 5.167626 s
currentSize : 78 <-- 6.473995 s
currentSize : 79 <-- 6.474133 s
currentSize : 80 <-- 6.484609 s
currentSize : 81 <-- 6.484736 s

maxsize : 81
nodes : 1473926.000000
filtered : 4434132.000000
time : 7.288307
