Parameters: GAD=1 vflib=1 dir=0 label=0 vlabel=1 lowerbound=1 fileNameGp=../../cp2016-max-common-connected-subgraph-paper/datasets/graphsdb/mcs90/bvg/b06/mcs90_b06_s80.A08 fileNameGt=../../cp2016-max-common-connected-subgraph-paper/datasets/graphsdb/mcs90/bvg/b06/mcs90_b06_s80.B08
Reading graphs...
80 :  239
80 :  240
Initializing...
maxdom : 9
D->valSize : 465
Solving...
Blb : 3 (clique : 47)
currentSize : 47 <-- 0.004851 s
currentSize : 48 <-- 0.005213 s
currentSize : 49 <-- 0.031008 s
currentSize : 51 <-- 0.083442 s
currentSize : 52 <-- 0.089336 s
currentSize : 53 <-- 0.092849 s
currentSize : 64 <-- 0.684434 s
currentSize : 65 <-- 0.684614 s
currentSize : 70 <-- 0.686934 s
currentSize : 72 <-- 0.687136 s

maxsize : 72
nodes : 141437.000000
filtered : 831627.000000
time : 0.687598
