Parameters: GAD=1 vflib=1 dir=0 label=0 vlabel=1 lowerbound=1 fileNameGp=../../cp2016-max-common-connected-subgraph-paper/datasets/graphsdb/mcs90/m4D/m4D/mcs90_m4D_s100.A00 fileNameGt=../../cp2016-max-common-connected-subgraph-paper/datasets/graphsdb/mcs90/m4D/m4D/mcs90_m4D_s100.B00
Reading graphs...
100 :  218
100 :  219
Initializing...
maxdom : 6
D->valSize : 374
Solving...
Blb : 3 (clique : 74)
currentSize : 74 <-- 0.004356 s
currentSize : 75 <-- 0.009514 s
currentSize : 77 <-- 0.010919 s
currentSize : 78 <-- 0.011015 s
currentSize : 79 <-- 0.011218 s
currentSize : 80 <-- 0.015956 s
currentSize : 81 <-- 0.016138 s
currentSize : 82 <-- 0.016534 s

maxsize : 82
nodes : 3357948.000000
filtered : 5932660.000000
time : 13.773017
