Parameters: GAD=1 vflib=1 dir=0 label=0 vlabel=1 lowerbound=1 fileNameGp=../../cp2016-max-common-connected-subgraph-paper/datasets/graphsdb/mcs90/bvg/b03m/mcs90_b03m_s70.A04 fileNameGt=../../cp2016-max-common-connected-subgraph-paper/datasets/graphsdb/mcs90/bvg/b03m/mcs90_b03m_s70.B04
Reading graphs...
70 :  105
70 :  105
Initializing...
maxdom : 10
D->valSize : 402
Solving...
Blb : 3 (clique : 39)
currentSize : 39 <-- 0.003701 s
currentSize : 40 <-- 0.003954 s
currentSize : 41 <-- 0.004292 s
currentSize : 43 <-- 0.004401 s
currentSize : 44 <-- 0.005541 s
currentSize : 46 <-- 0.012442 s
currentSize : 48 <-- 0.013255 s
currentSize : 49 <-- 0.014463 s
currentSize : 53 <-- 0.019602 s
currentSize : 54 <-- 0.019855 s
currentSize : 55 <-- 0.021438 s
currentSize : 56 <-- 0.022994 s
currentSize : 57 <-- 0.025088 s
currentSize : 58 <-- 0.025366 s
currentSize : 59 <-- 0.027101 s
currentSize : 60 <-- 0.027405 s
currentSize : 61 <-- 0.028091 s
currentSize : 62 <-- 0.028584 s

maxsize : 62
nodes : 6292.000000
filtered : 24146.000000
time : 0.028848
