Parameters: GAD=1 vflib=1 dir=0 label=0 vlabel=1 lowerbound=1 fileNameGp=../../cp2016-max-common-connected-subgraph-paper/datasets/graphsdb/mcs90/m2D/m2Dr6/mcs90_m2Dr6_s60.A04 fileNameGt=../../cp2016-max-common-connected-subgraph-paper/datasets/graphsdb/mcs90/m2D/m2Dr6/mcs90_m2Dr6_s60.B04
Reading graphs...
60 :  138
60 :  138
Initializing...
maxdom : 6
D->valSize : 266
Solving...
Blb : 3 (clique : 32)
currentSize : 32 <-- 0.002106 s
currentSize : 34 <-- 0.006599 s
currentSize : 35 <-- 0.012966 s
currentSize : 38 <-- 0.016329 s
currentSize : 39 <-- 0.044763 s
currentSize : 40 <-- 0.048368 s
currentSize : 43 <-- 0.049535 s
currentSize : 44 <-- 0.077036 s
currentSize : 49 <-- 0.090030 s

maxsize : 49
nodes : 29567.000000
filtered : 66341.000000
time : 0.093073
