Parameters: GAD=1 vflib=1 dir=0 label=0 vlabel=1 lowerbound=1 fileNameGp=../../cp2016-max-common-connected-subgraph-paper/datasets/graphsdb/mcs90/m2D/m2D/mcs90_m2D_s80.A02 fileNameGt=../../cp2016-max-common-connected-subgraph-paper/datasets/graphsdb/mcs90/m2D/m2D/mcs90_m2D_s80.B02
Reading graphs...
80 :  142
80 :  141
Initializing...
maxdom : 11
D->valSize : 517
Solving...
Blb : 2 (clique : 43)
currentSize : 43 <-- 0.005732 s
currentSize : 44 <-- 0.006111 s
currentSize : 45 <-- 0.006121 s
currentSize : 47 <-- 0.006530 s
currentSize : 50 <-- 0.006725 s
currentSize : 53 <-- 0.006934 s
currentSize : 54 <-- 0.007300 s
currentSize : 55 <-- 0.007399 s
currentSize : 58 <-- 0.007513 s
currentSize : 59 <-- 0.009272 s
currentSize : 64 <-- 0.009528 s

maxsize : 64
nodes : 8534.000000
filtered : 74847.000000
time : 0.059825
