Parameters: GAD=1 vflib=1 dir=0 label=0 vlabel=1 lowerbound=1 fileNameGp=../../cp2016-max-common-connected-subgraph-paper/datasets/graphsdb/mcs90/m4D/m4Dr2/mcs90_m4Dr2_s90.A08 fileNameGt=../../cp2016-max-common-connected-subgraph-paper/datasets/graphsdb/mcs90/m4D/m4Dr2/mcs90_m4Dr2_s90.B08
Reading graphs...
90 :  222
90 :  221
Initializing...
maxdom : 14
D->valSize : 737
Solving...
Blb : 3 (clique : 63)
currentSize : 63 <-- 0.010672 s
currentSize : 64 <-- 0.642530 s
currentSize : 66 <-- 0.642670 s
currentSize : 67 <-- 0.643072 s
currentSize : 69 <-- 0.645238 s
currentSize : 72 <-- 1.686875 s
currentSize : 81 <-- 1.871939 s

maxsize : 81
nodes : 300817.000000
filtered : 2828112.000000
time : 1.898519
