Parameters: GAD=1 vflib=1 dir=0 label=0 vlabel=1 lowerbound=1 fileNameGp=../../cp2016-max-common-connected-subgraph-paper/datasets/graphsdb/mcs90/rand/r01/mcs90_r01_s50.A07 fileNameGt=../../cp2016-max-common-connected-subgraph-paper/datasets/graphsdb/mcs90/rand/r01/mcs90_r01_s50.B07
Reading graphs...
50 :  233
50 :  230
Initializing...
maxdom : 12
D->valSize : 343
Solving...
Blb : 3 (clique : 17)
currentSize : 17 <-- 0.002419 s
currentSize : 18 <-- 0.026344 s
currentSize : 19 <-- 0.028143 s
currentSize : 20 <-- 0.032280 s
currentSize : 21 <-- 0.034184 s
currentSize : 22 <-- 0.036658 s
currentSize : 24 <-- 0.037916 s
currentSize : 25 <-- 0.038157 s
currentSize : 27 <-- 0.039963 s
currentSize : 28 <-- 0.048368 s
currentSize : 31 <-- 0.049460 s
currentSize : 33 <-- 0.052206 s
currentSize : 34 <-- 0.056549 s
currentSize : 45 <-- 0.060732 s

maxsize : 45
nodes : 14346.000000
filtered : 129644.000000
time : 0.061018
