Parameters: GAD=1 vflib=1 dir=0 label=0 vlabel=1 lowerbound=1 fileNameGp=../../cp2016-max-common-connected-subgraph-paper/datasets/graphsdb/mcs90/bvg/b03/mcs90_b03_s60.A07 fileNameGt=../../cp2016-max-common-connected-subgraph-paper/datasets/graphsdb/mcs90/bvg/b03/mcs90_b03_s60.B07
Reading graphs...
60 :  90
60 :  90
Initializing...
maxdom : 8
D->valSize : 307
Solving...
Blb : 2 (clique : 29)
currentSize : 29 <-- 0.002373 s
currentSize : 32 <-- 0.002533 s
currentSize : 33 <-- 0.003005 s
currentSize : 34 <-- 0.025640 s
currentSize : 35 <-- 0.294240 s
currentSize : 36 <-- 0.423498 s
currentSize : 37 <-- 0.423535 s
currentSize : 39 <-- 0.424010 s
currentSize : 41 <-- 0.424057 s
currentSize : 42 <-- 0.508660 s
currentSize : 44 <-- 0.643896 s
currentSize : 48 <-- 0.677891 s
currentSize : 52 <-- 0.679018 s
currentSize : 54 <-- 0.679884 s

maxsize : 54
nodes : 203846.000000
filtered : 604634.000000
time : 0.680108
