Parameters: GAD=1 vflib=1 dir=0 label=0 vlabel=1 lowerbound=1 fileNameGp=../../cp2016-max-common-connected-subgraph-paper/datasets/graphsdb/mcs90/bvg/b03/mcs90_b03_s100.A04 fileNameGt=../../cp2016-max-common-connected-subgraph-paper/datasets/graphsdb/mcs90/bvg/b03/mcs90_b03_s100.B04
Reading graphs...
100 :  150
100 :  150
Initializing...
maxdom : 7
D->valSize : 449
Solving...
Blb : 2 (clique : 75)
currentSize : 75 <-- 0.005447 s
currentSize : 76 <-- 0.005946 s
currentSize : 77 <-- 0.006051 s
currentSize : 78 <-- 0.006406 s
currentSize : 79 <-- 0.006926 s
currentSize : 82 <-- 0.007276 s
currentSize : 84 <-- 0.007410 s
currentSize : 86 <-- 0.007930 s
currentSize : 90 <-- 0.008360 s

maxsize : 90
nodes : 4640.000000
filtered : 17221.000000
time : 0.029994
