Parameters: GAD=1 vflib=1 dir=0 label=0 vlabel=1 lowerbound=1 fileNameGp=../../cp2016-max-common-connected-subgraph-paper/datasets/graphsdb/mcs90/m2D/m2Dr2/mcs90_m2Dr2_s100.A07 fileNameGt=../../cp2016-max-common-connected-subgraph-paper/datasets/graphsdb/mcs90/m2D/m2Dr2/mcs90_m2Dr2_s100.B07
Reading graphs...
100 :  199
100 :  197
Initializing...
maxdom : 7
D->valSize : 383
Solving...
Blb : 2 (clique : 56)
currentSize : 56 <-- 0.004155 s
currentSize : 57 <-- 0.005319 s
currentSize : 59 <-- 0.010023 s
currentSize : 60 <-- 0.010212 s
currentSize : 61 <-- 0.011839 s
currentSize : 62 <-- 0.012138 s
currentSize : 63 <-- 0.012320 s
currentSize : 65 <-- 0.099797 s
currentSize : 66 <-- 0.099905 s
currentSize : 67 <-- 0.100071 s
currentSize : 68 <-- 0.454474 s
currentSize : 69 <-- 0.454646 s
currentSize : 70 <-- 0.455004 s
currentSize : 72 <-- 0.478103 s
currentSize : 73 <-- 0.478287 s
currentSize : 75 <-- 25.537296 s
currentSize : 76 <-- 25.537479 s
currentSize : 77 <-- 25.539171 s
currentSize : 78 <-- 25.545992 s
currentSize : 79 <-- 25.546179 s
currentSize : 80 <-- 25.547972 s
currentSize : 81 <-- 25.548176 s

maxsize : 81
nodes : 5436242.000000
filtered : 19876633.000000
time : 28.250015
