Parameters: GAD=1 vflib=1 dir=0 label=0 vlabel=1 lowerbound=1 fileNameGp=../../cp2016-max-common-connected-subgraph-paper/datasets/graphsdb/mcs90/bvg/b09/mcs90_b09_s70.A04 fileNameGt=../../cp2016-max-common-connected-subgraph-paper/datasets/graphsdb/mcs90/bvg/b09/mcs90_b09_s70.B04
Reading graphs...
70 :  314
70 :  312
Initializing...
maxdom : 8
D->valSize : 341
Solving...
Blb : 3 (clique : 22)
currentSize : 22 <-- 0.002843 s
currentSize : 23 <-- 0.094805 s
currentSize : 24 <-- 0.095050 s
currentSize : 25 <-- 0.101233 s
currentSize : 26 <-- 0.101358 s
currentSize : 27 <-- 0.131591 s
currentSize : 28 <-- 0.131678 s
currentSize : 29 <-- 0.131756 s
currentSize : 30 <-- 0.170747 s
currentSize : 31 <-- 0.185919 s
currentSize : 34 <-- 0.187413 s
currentSize : 35 <-- 0.201386 s
currentSize : 36 <-- 0.209308 s
currentSize : 37 <-- 0.210581 s
currentSize : 40 <-- 0.210766 s
currentSize : 41 <-- 0.218940 s
currentSize : 44 <-- 0.223761 s
currentSize : 52 <-- 0.225958 s
currentSize : 62 <-- 0.249331 s

maxsize : 62
nodes : 45498.000000
filtered : 251500.000000
time : 0.250580
