Parameters: GAD=1 vflib=1 dir=0 label=0 vlabel=1 lowerbound=1 fileNameGp=../../cp2016-max-common-connected-subgraph-paper/datasets/graphsdb/mcs90/bvg/b03m/mcs90_b03m_s90.A00 fileNameGt=../../cp2016-max-common-connected-subgraph-paper/datasets/graphsdb/mcs90/bvg/b03m/mcs90_b03m_s90.B00
Reading graphs...
90 :  135
90 :  135
Initializing...
maxdom : 10
D->valSize : 608
Solving...
Blb : 2 (clique : 68)
currentSize : 68 <-- 0.007873 s
currentSize : 71 <-- 0.008446 s
currentSize : 72 <-- 0.008642 s
currentSize : 74 <-- 0.191539 s
currentSize : 75 <-- 0.336020 s
currentSize : 76 <-- 0.336210 s
currentSize : 77 <-- 0.336434 s
currentSize : 78 <-- 0.337912 s
currentSize : 79 <-- 0.338117 s
currentSize : 80 <-- 0.338367 s

maxsize : 80
nodes : 78670.000000
filtered : 454745.000000
time : 0.429608
