Parameters: GAD=1 vflib=1 dir=0 label=0 vlabel=1 lowerbound=1 fileNameGp=../../cp2016-max-common-connected-subgraph-paper/datasets/graphsdb/mcs90/bvg/b09/mcs90_b09_s80.A03 fileNameGt=../../cp2016-max-common-connected-subgraph-paper/datasets/graphsdb/mcs90/bvg/b09/mcs90_b09_s80.B03
Reading graphs...
80 :  359
80 :  359
Initializing...
maxdom : 9
D->valSize : 485
Solving...
Blb : 2 (clique : 36)
currentSize : 36 <-- 0.004907 s
currentSize : 37 <-- 0.071821 s
currentSize : 42 <-- 0.216009 s
currentSize : 43 <-- 0.228262 s
currentSize : 46 <-- 0.349422 s
currentSize : 48 <-- 0.355479 s
currentSize : 49 <-- 0.440014 s
currentSize : 52 <-- 0.449456 s
currentSize : 59 <-- 0.534627 s
currentSize : 67 <-- 0.534969 s
currentSize : 72 <-- 0.537693 s

maxsize : 72
nodes : 114704.000000
filtered : 688877.000000
time : 0.538928
