Parameters: GAD=1 vflib=1 dir=0 label=0 vlabel=1 lowerbound=1 fileNameGp=../../cp2016-max-common-connected-subgraph-paper/datasets/graphsdb/mcs90/bvg/b03m/mcs90_b03m_s90.A09 fileNameGt=../../cp2016-max-common-connected-subgraph-paper/datasets/graphsdb/mcs90/bvg/b03m/mcs90_b03m_s90.B09
Reading graphs...
90 :  135
90 :  135
Initializing...
maxdom : 10
D->valSize : 581
Solving...
Blb : 2 (clique : 63)
currentSize : 63 <-- 0.007465 s
currentSize : 64 <-- 0.885191 s
currentSize : 65 <-- 0.885566 s
currentSize : 67 <-- 2.026928 s
currentSize : 68 <-- 2.027117 s
currentSize : 70 <-- 2.193241 s
currentSize : 71 <-- 2.193421 s
currentSize : 72 <-- 2.274470 s
currentSize : 73 <-- 2.277985 s
currentSize : 74 <-- 2.278116 s
currentSize : 76 <-- 2.483323 s
currentSize : 80 <-- 2.493953 s

maxsize : 80
nodes : 459923.000000
filtered : 2500600.000000
time : 2.552932
