Parameters: GAD=1 vflib=1 dir=0 label=0 vlabel=1 lowerbound=1 fileNameGp=../../cp2016-max-common-connected-subgraph-paper/datasets/graphsdb/mcs90/bvg/b06/mcs90_b06_s90.A04 fileNameGt=../../cp2016-max-common-connected-subgraph-paper/datasets/graphsdb/mcs90/bvg/b06/mcs90_b06_s90.B04
Reading graphs...
90 :  270
90 :  270
Initializing...
maxdom : 12
D->valSize : 579
Solving...
Blb : 2 (clique : 52)
currentSize : 52 <-- 0.007013 s
currentSize : 53 <-- 1.647791 s
currentSize : 54 <-- 17.715412 s
currentSize : 55 <-- 23.833920 s
currentSize : 56 <-- 23.834160 s
currentSize : 57 <-- 29.953348 s
currentSize : 58 <-- 29.953501 s
currentSize : 60 <-- 30.329208 s
currentSize : 61 <-- 30.451740 s
currentSize : 62 <-- 30.453245 s
currentSize : 65 <-- 47.500763 s
currentSize : 66 <-- 52.770599 s
currentSize : 69 <-- 53.258926 s
currentSize : 70 <-- 54.131618 s
currentSize : 73 <-- 54.131855 s
currentSize : 74 <-- 54.137260 s
currentSize : 76 <-- 54.138535 s
currentSize : 81 <-- 54.140160 s

maxsize : 81
nodes : 10645120.000000
filtered : 67064844.000000
time : 54.141232
