Parameters: GAD=1 vflib=1 dir=0 label=0 vlabel=1 lowerbound=1 fileNameGp=../../cp2016-max-common-connected-subgraph-paper/datasets/graphsdb/mcs90/m2D/m2Dr4/mcs90_m2Dr4_s70.A05 fileNameGt=../../cp2016-max-common-connected-subgraph-paper/datasets/graphsdb/mcs90/m2D/m2Dr4/mcs90_m2Dr4_s70.B05
Reading graphs...
70 :  149
70 :  148
Initializing...
maxdom : 7
D->valSize : 343
Solving...
Blb : 3 (clique : 28)
currentSize : 28 <-- 0.004775 s
currentSize : 33 <-- 0.005051 s
currentSize : 34 <-- 0.005126 s
currentSize : 36 <-- 0.005361 s
currentSize : 38 <-- 0.005644 s
currentSize : 43 <-- 0.044623 s
currentSize : 45 <-- 0.049228 s
currentSize : 46 <-- 0.119472 s
currentSize : 49 <-- 0.184503 s
currentSize : 53 <-- 0.216252 s
currentSize : 57 <-- 0.320087 s
currentSize : 64 <-- 0.332482 s

maxsize : 64
nodes : 72763.000000
filtered : 244934.000000
time : 0.333393
