Parameters: GAD=1 vflib=1 dir=0 label=0 vlabel=1 lowerbound=1 fileNameGp=../../cp2016-max-common-connected-subgraph-paper/datasets/graphsdb/mcs90/bvg/b09/mcs90_b09_s40.A06 fileNameGt=../../cp2016-max-common-connected-subgraph-paper/datasets/graphsdb/mcs90/bvg/b09/mcs90_b09_s40.B06
Reading graphs...
40 :  180
40 :  179
Initializing...
maxdom : 9
D->valSize : 233
Solving...
Blb : 2 (clique : 12)
currentSize : 12 <-- 0.001345 s
currentSize : 13 <-- 0.001408 s
currentSize : 15 <-- 0.001694 s
currentSize : 16 <-- 0.002758 s
currentSize : 17 <-- 0.016247 s
currentSize : 20 <-- 0.018727 s
currentSize : 22 <-- 0.023885 s
currentSize : 25 <-- 0.023945 s
currentSize : 36 <-- 0.024398 s

maxsize : 36
nodes : 6667.000000
filtered : 46122.000000
time : 0.024526
