Parameters: GAD=1 vflib=1 dir=0 label=0 vlabel=1 lowerbound=1 fileNameGp=../../cp2016-max-common-connected-subgraph-paper/datasets/graphsdb/mcs90/m2D/m2Dr2/mcs90_m2Dr2_s80.A07 fileNameGt=../../cp2016-max-common-connected-subgraph-paper/datasets/graphsdb/mcs90/m2D/m2Dr2/mcs90_m2Dr2_s80.B07
Reading graphs...
80 :  158
80 :  158
Initializing...
maxdom : 9
D->valSize : 431
Solving...
Blb : 2 (clique : 53)
currentSize : 53 <-- 0.007238 s
currentSize : 54 <-- 0.007754 s
currentSize : 55 <-- 0.034384 s
currentSize : 56 <-- 0.167202 s
currentSize : 57 <-- 0.172353 s
currentSize : 58 <-- 1.748006 s
currentSize : 60 <-- 2.658015 s
currentSize : 64 <-- 3.357568 s

maxsize : 64
nodes : 1230994.000000
filtered : 6536732.000000
time : 6.050187
