Parameters: GAD=1 vflib=1 dir=0 label=0 vlabel=1 lowerbound=1 fileNameGp=../../cp2016-max-common-connected-subgraph-paper/datasets/graphsdb/mcs90/m3D/m3D/mcs90_m3D_s80.A05 fileNameGt=../../cp2016-max-common-connected-subgraph-paper/datasets/graphsdb/mcs90/m3D/m3D/mcs90_m3D_s80.B05
Reading graphs...
80 :  184
80 :  183
Initializing...
maxdom : 10
D->valSize : 440
Solving...
Blb : 2 (clique : 46)
currentSize : 46 <-- 0.007305 s
currentSize : 49 <-- 0.089423 s
currentSize : 50 <-- 0.089926 s
currentSize : 51 <-- 0.138704 s
currentSize : 55 <-- 0.303737 s
currentSize : 56 <-- 0.304213 s
currentSize : 57 <-- 0.350217 s
currentSize : 59 <-- 0.350422 s
currentSize : 60 <-- 0.421308 s
currentSize : 61 <-- 0.421819 s
currentSize : 64 <-- 0.461654 s

maxsize : 64
nodes : 123263.000000
filtered : 338558.000000
time : 0.516421
