Parameters: GAD=1 vflib=1 dir=0 label=0 vlabel=1 lowerbound=1 fileNameGp=../../cp2016-max-common-connected-subgraph-paper/datasets/graphsdb/mcs90/m2D/m2D/mcs90_m2D_s80.A06 fileNameGt=../../cp2016-max-common-connected-subgraph-paper/datasets/graphsdb/mcs90/m2D/m2D/mcs90_m2D_s80.B06
Reading graphs...
80 :  142
80 :  142
Initializing...
maxdom : 8
D->valSize : 476
Solving...
Blb : 2 (clique : 52)
currentSize : 52 <-- 0.008542 s
currentSize : 53 <-- 3.594352 s
currentSize : 54 <-- 3.605209 s
currentSize : 55 <-- 3.616695 s
currentSize : 56 <-- 3.617273 s
currentSize : 57 <-- 3.622968 s
currentSize : 58 <-- 3.635682 s
currentSize : 61 <-- 4.127381 s
currentSize : 62 <-- 4.145687 s
currentSize : 63 <-- 4.145816 s
currentSize : 64 <-- 4.717540 s

maxsize : 64
nodes : 960341.000000
filtered : 5980711.000000
time : 5.516358
