Parameters: GAD=1 vflib=1 dir=0 label=0 vlabel=1 lowerbound=1 fileNameGp=../../cp2016-max-common-connected-subgraph-paper/datasets/graphsdb/mcs90/bvg/b09/mcs90_b09_s90.A01 fileNameGt=../../cp2016-max-common-connected-subgraph-paper/datasets/graphsdb/mcs90/bvg/b09/mcs90_b09_s90.B01
Reading graphs...
90 :  404
90 :  405
Initializing...
maxdom : 9
D->valSize : 559
Solving...
Blb : 3 (clique : 31)
currentSize : 31 <-- 0.006257 s
currentSize : 32 <-- 0.009524 s
currentSize : 34 <-- 0.012075 s
currentSize : 37 <-- 0.018559 s
currentSize : 39 <-- 0.056864 s
currentSize : 40 <-- 0.067926 s
currentSize : 41 <-- 0.068875 s
currentSize : 45 <-- 0.075966 s
currentSize : 46 <-- 0.076846 s
currentSize : 49 <-- 0.077001 s
currentSize : 50 <-- 0.077497 s
currentSize : 51 <-- 0.080314 s
currentSize : 52 <-- 0.093844 s
currentSize : 54 <-- 0.095565 s
currentSize : 56 <-- 0.172839 s
currentSize : 57 <-- 0.174406 s
currentSize : 58 <-- 0.193510 s
currentSize : 60 <-- 0.196075 s
currentSize : 62 <-- 0.201620 s
currentSize : 80 <-- 0.255021 s

maxsize : 80
nodes : 43758.000000
filtered : 353458.000000
time : 0.256310
