Parameters: GAD=1 vflib=1 dir=0 label=0 vlabel=1 lowerbound=1 fileNameGp=../../cp2016-max-common-connected-subgraph-paper/datasets/graphsdb/mcs90/bvg/b06/mcs90_b06_s40.A00 fileNameGt=../../cp2016-max-common-connected-subgraph-paper/datasets/graphsdb/mcs90/bvg/b06/mcs90_b06_s40.B00
Reading graphs...
40 :  120
40 :  120
Initializing...
maxdom : 10
D->valSize : 260
Solving...
Blb : 2 (clique : 14)
currentSize : 14 <-- 0.001605 s
currentSize : 18 <-- 0.002280 s
currentSize : 19 <-- 0.002291 s
currentSize : 20 <-- 0.004537 s
currentSize : 21 <-- 0.005165 s
currentSize : 23 <-- 0.005485 s
currentSize : 24 <-- 0.005496 s
currentSize : 25 <-- 0.005545 s
currentSize : 29 <-- 0.008151 s
currentSize : 33 <-- 0.008637 s
currentSize : 36 <-- 0.008954 s

maxsize : 36
nodes : 3038.000000
filtered : 10160.000000
time : 0.009393
