Parameters: GAD=1 vflib=1 dir=0 label=0 vlabel=1 lowerbound=1 fileNameGp=../../cp2016-max-common-connected-subgraph-paper/datasets/graphsdb/mcs90/m2D/m2Dr4/mcs90_m2Dr4_s100.A07 fileNameGt=../../cp2016-max-common-connected-subgraph-paper/datasets/graphsdb/mcs90/m2D/m2Dr4/mcs90_m2Dr4_s100.B07
Reading graphs...
100 :  220
100 :  219
Initializing...
maxdom : 9
D->valSize : 421
Solving...
Blb : 2 (clique : 66)
currentSize : 66 <-- 0.004905 s
currentSize : 68 <-- 0.005364 s
currentSize : 69 <-- 0.010643 s
currentSize : 71 <-- 0.010767 s
currentSize : 73 <-- 0.010968 s
currentSize : 74 <-- 0.449046 s
currentSize : 80 <-- 1.296354 s
currentSize : 81 <-- 1.298994 s

maxsize : 81
nodes : 503238.000000
filtered : 1465602.000000
time : 2.501311
