Parameters: GAD=1 vflib=1 dir=0 label=0 vlabel=1 lowerbound=1 fileNameGp=../../cp2016-max-common-connected-subgraph-paper/datasets/graphsdb/mcs90/bvg/b09/mcs90_b09_s40.A08 fileNameGt=../../cp2016-max-common-connected-subgraph-paper/datasets/graphsdb/mcs90/bvg/b09/mcs90_b09_s40.B08
Reading graphs...
40 :  179
40 :  179
Initializing...
maxdom : 8
D->valSize : 238
Solving...
Blb : 2 (clique : 11)
currentSize : 11 <-- 0.001329 s
currentSize : 12 <-- 0.001512 s
currentSize : 13 <-- 0.001978 s
currentSize : 15 <-- 0.006292 s
currentSize : 16 <-- 0.006905 s
currentSize : 18 <-- 0.015560 s
currentSize : 22 <-- 0.018088 s
currentSize : 24 <-- 0.023141 s
currentSize : 26 <-- 0.023351 s
currentSize : 36 <-- 0.024628 s

maxsize : 36
nodes : 6728.000000
filtered : 50993.000000
time : 0.024850
