Parameters: GAD=1 vflib=1 dir=0 label=0 vlabel=1 lowerbound=1 fileNameGp=../../cp2016-max-common-connected-subgraph-paper/datasets/graphsdb/mcs90/m2D/m2Dr4/mcs90_m2Dr4_s80.A01 fileNameGt=../../cp2016-max-common-connected-subgraph-paper/datasets/graphsdb/mcs90/m2D/m2Dr4/mcs90_m2Dr4_s80.B01
Reading graphs...
80 :  174
80 :  172
Initializing...
maxdom : 8
D->valSize : 448
Solving...
Blb : 2 (clique : 49)
currentSize : 49 <-- 0.007293 s
currentSize : 53 <-- 0.007770 s
currentSize : 54 <-- 0.008289 s
currentSize : 56 <-- 0.008879 s
currentSize : 58 <-- 0.009571 s
currentSize : 59 <-- 0.010691 s
currentSize : 63 <-- 0.011580 s
currentSize : 64 <-- 0.011837 s

maxsize : 64
nodes : 254715.000000
filtered : 901352.000000
time : 1.078997
