Parameters: GAD=1 vflib=1 dir=0 label=0 vlabel=1 lowerbound=1 fileNameGp=../../cp2016-max-common-connected-subgraph-paper/datasets/graphsdb/mcs90/bvg/b06/mcs90_b06_s40.A04 fileNameGt=../../cp2016-max-common-connected-subgraph-paper/datasets/graphsdb/mcs90/bvg/b06/mcs90_b06_s40.B04
Reading graphs...
40 :  120
40 :  120
Initializing...
maxdom : 9
D->valSize : 242
Solving...
Blb : 3 (clique : 19)
currentSize : 19 <-- 0.001445 s
currentSize : 21 <-- 0.001563 s
currentSize : 22 <-- 0.029861 s
currentSize : 23 <-- 0.030540 s
currentSize : 24 <-- 0.036117 s
currentSize : 25 <-- 0.036194 s
currentSize : 26 <-- 0.037191 s
currentSize : 27 <-- 0.037268 s
currentSize : 30 <-- 0.040666 s
currentSize : 31 <-- 0.040783 s
currentSize : 36 <-- 0.041054 s

maxsize : 36
nodes : 12563.000000
filtered : 75008.000000
time : 0.041231
