Parameters: GAD=1 vflib=1 dir=0 label=0 vlabel=1 lowerbound=1 fileNameGp=../../cp2016-max-common-connected-subgraph-paper/datasets/graphsdb/mcs90/m2D/m2Dr4/mcs90_m2Dr4_s80.A07 fileNameGt=../../cp2016-max-common-connected-subgraph-paper/datasets/graphsdb/mcs90/m2D/m2Dr4/mcs90_m2Dr4_s80.B07
Reading graphs...
80 :  172
80 :  170
Initializing...
maxdom : 8
D->valSize : 438
Solving...
Blb : 2 (clique : 48)
currentSize : 48 <-- 0.004508 s
currentSize : 52 <-- 15.011841 s
currentSize : 54 <-- 15.184429 s
currentSize : 55 <-- 15.184483 s
currentSize : 56 <-- 16.551592 s
currentSize : 57 <-- 16.551668 s
currentSize : 59 <-- 24.465000 s
currentSize : 61 <-- 24.465736 s
currentSize : 62 <-- 24.534271 s
currentSize : 64 <-- 24.535587 s

maxsize : 64
nodes : 4771852.000000
filtered : 33435844.000000
time : 24.894100
