Parameters: GAD=1 vflib=1 dir=0 label=0 vlabel=1 lowerbound=1 fileNameGp=../../cp2016-max-common-connected-subgraph-paper/datasets/graphsdb/mcs90/m4D/m4D/mcs90_m4D_s90.A09 fileNameGt=../../cp2016-max-common-connected-subgraph-paper/datasets/graphsdb/mcs90/m4D/m4D/mcs90_m4D_s90.B09
Reading graphs...
90 :  206
90 :  206
Initializing...
maxdom : 12
D->valSize : 593
Solving...
Blb : 3 (clique : 65)
currentSize : 65 <-- 0.012586 s
currentSize : 67 <-- 0.053844 s
currentSize : 68 <-- 2.271809 s
currentSize : 71 <-- 2.271929 s
currentSize : 72 <-- 2.330092 s
currentSize : 74 <-- 2.330405 s
currentSize : 75 <-- 2.330692 s
currentSize : 76 <-- 2.332305 s
currentSize : 77 <-- 2.354756 s
currentSize : 78 <-- 2.354989 s
currentSize : 80 <-- 2.355247 s
currentSize : 81 <-- 2.355485 s

maxsize : 81
nodes : 476693.000000
filtered : 2343368.000000
time : 2.357644
