Parameters: GAD=1 vflib=1 dir=0 label=0 vlabel=1 lowerbound=1 fileNameGp=../../cp2016-max-common-connected-subgraph-paper/datasets/graphsdb/mcs90/bvg/b06/mcs90_b06_s40.A06 fileNameGt=../../cp2016-max-common-connected-subgraph-paper/datasets/graphsdb/mcs90/bvg/b06/mcs90_b06_s40.B06
Reading graphs...
40 :  120
40 :  120
Initializing...
maxdom : 9
D->valSize : 226
Solving...
Blb : 5 (clique : 19)
currentSize : 19 <-- 0.001354 s
currentSize : 21 <-- 0.001995 s
currentSize : 22 <-- 0.004568 s
currentSize : 23 <-- 0.005440 s
currentSize : 24 <-- 0.008499 s
currentSize : 25 <-- 0.011670 s
currentSize : 26 <-- 0.011928 s
currentSize : 29 <-- 0.012087 s
currentSize : 30 <-- 0.012211 s
currentSize : 36 <-- 0.013199 s

maxsize : 36
nodes : 3549.000000
filtered : 25603.000000
time : 0.013597
