Parameters: GAD=1 vflib=1 dir=0 label=0 vlabel=1 lowerbound=1 fileNameGp=../../cp2016-max-common-connected-subgraph-paper/datasets/graphsdb/mcs90/m2D/m2Dr6/mcs90_m2Dr6_s80.A01 fileNameGt=../../cp2016-max-common-connected-subgraph-paper/datasets/graphsdb/mcs90/m2D/m2Dr6/mcs90_m2Dr6_s80.B01
Reading graphs...
80 :  187
80 :  186
Initializing...
maxdom : 9
D->valSize : 456
Solving...
Blb : 3 (clique : 44)
currentSize : 44 <-- 0.004746 s
currentSize : 47 <-- 0.005329 s
currentSize : 48 <-- 0.005599 s
currentSize : 52 <-- 0.006400 s
currentSize : 54 <-- 0.023349 s
currentSize : 58 <-- 0.023529 s
currentSize : 59 <-- 0.050492 s
currentSize : 63 <-- 0.051109 s
currentSize : 64 <-- 0.051262 s

maxsize : 64
nodes : 176959.000000
filtered : 1059956.000000
time : 0.942571
