Parameters: GAD=1 vflib=1 dir=0 label=0 vlabel=1 lowerbound=1 fileNameGp=../../cp2016-max-common-connected-subgraph-paper/datasets/graphsdb/mcs90/bvg/b06/mcs90_b06_s100.A02 fileNameGt=../../cp2016-max-common-connected-subgraph-paper/datasets/graphsdb/mcs90/bvg/b06/mcs90_b06_s100.B02
Reading graphs...
100 :  299
100 :  300
Initializing...
maxdom : 7
D->valSize : 438
Solving...
Blb : 2 (clique : 50)
currentSize : 50 <-- 0.004729 s
currentSize : 56 <-- 0.005090 s
currentSize : 58 <-- 0.005281 s
currentSize : 59 <-- 0.005514 s
currentSize : 60 <-- 0.005802 s
currentSize : 61 <-- 0.006028 s
currentSize : 64 <-- 0.006319 s
currentSize : 65 <-- 0.006343 s
currentSize : 66 <-- 0.006626 s
currentSize : 68 <-- 0.007300 s
currentSize : 69 <-- 0.007598 s
currentSize : 77 <-- 0.008579 s
currentSize : 83 <-- 0.009469 s
currentSize : 84 <-- 0.010176 s
currentSize : 90 <-- 0.010680 s

maxsize : 90
nodes : 1759.000000
filtered : 3491.000000
time : 0.011157
