Parameters: GAD=1 vflib=1 dir=0 label=0 vlabel=1 lowerbound=1 fileNameGp=../../cp2016-max-common-connected-subgraph-paper/datasets/graphsdb/mcs90/bvg/b09/mcs90_b09_s60.A04 fileNameGt=../../cp2016-max-common-connected-subgraph-paper/datasets/graphsdb/mcs90/bvg/b09/mcs90_b09_s60.B04
Reading graphs...
60 :  270
60 :  269
Initializing...
maxdom : 6
D->valSize : 261
Solving...
Blb : 2 (clique : 17)
currentSize : 17 <-- 0.002944 s
currentSize : 18 <-- 0.003182 s
currentSize : 19 <-- 0.003833 s
currentSize : 22 <-- 0.015158 s
currentSize : 23 <-- 0.016096 s
currentSize : 24 <-- 0.026258 s
currentSize : 29 <-- 0.029196 s
currentSize : 30 <-- 0.031831 s
currentSize : 33 <-- 0.031984 s
currentSize : 34 <-- 0.035219 s
currentSize : 35 <-- 0.036599 s
currentSize : 37 <-- 0.042481 s
currentSize : 44 <-- 0.042856 s
currentSize : 48 <-- 0.043025 s
currentSize : 50 <-- 0.044209 s
currentSize : 54 <-- 0.044650 s

maxsize : 54
nodes : 6826.000000
filtered : 35931.000000
time : 0.044978
