Parameters: GAD=1 vflib=1 dir=0 label=0 vlabel=1 lowerbound=1 fileNameGp=../../cp2016-max-common-connected-subgraph-paper/datasets/graphsdb/mcs90/m3D/m3Dr6/mcs90_m3Dr6_s80.A02 fileNameGt=../../cp2016-max-common-connected-subgraph-paper/datasets/graphsdb/mcs90/m3D/m3Dr6/mcs90_m3Dr6_s80.B02
Reading graphs...
80 :  231
80 :  228
Initializing...
maxdom : 11
D->valSize : 459
Solving...
Blb : 2 (clique : 24)
currentSize : 24 <-- 0.004531 s
currentSize : 25 <-- 0.005871 s
currentSize : 26 <-- 0.040256 s
currentSize : 27 <-- 0.476750 s
currentSize : 28 <-- 0.750610 s
currentSize : 29 <-- 2.230258 s
currentSize : 30 <-- 2.230585 s
currentSize : 31 <-- 2.633201 s
currentSize : 32 <-- 14.056718 s
currentSize : 33 <-- 14.206992 s
currentSize : 36 <-- 15.939916 s
currentSize : 37 <-- 16.854536 s
currentSize : 38 <-- 17.843166 s
currentSize : 39 <-- 17.843378 s
currentSize : 44 <-- 17.865824 s
currentSize : 46 <-- 17.865969 s
currentSize : 47 <-- 18.223717 s
currentSize : 48 <-- 18.570995 s
currentSize : 52 <-- 18.571159 s
currentSize : 55 <-- 18.744896 s
currentSize : 64 <-- 18.866476 s

maxsize : 64
nodes : 4089242.000000
filtered : 21315098.000000
time : 18.874880
