Parameters: GAD=1 vflib=1 dir=0 label=0 vlabel=1 lowerbound=1 fileNameGp=../../cp2016-max-common-connected-subgraph-paper/datasets/graphsdb/mcs90/rand/r001/mcs90_r001_s100.A07 fileNameGt=../../cp2016-max-common-connected-subgraph-paper/datasets/graphsdb/mcs90/rand/r001/mcs90_r001_s100.B07
Reading graphs...
100 :  108
100 :  108
Initializing...
maxdom : 10
D->valSize : 425
Solving...
Blb : 3 (clique : 83)
currentSize : 83 <-- 0.005163 s
currentSize : 84 <-- 0.013429 s
currentSize : 85 <-- 0.013469 s
currentSize : 86 <-- 0.020394 s
currentSize : 87 <-- 0.020667 s
currentSize : 88 <-- 0.020712 s
currentSize : 90 <-- 0.025314 s

maxsize : 90
nodes : 10703.000000
filtered : 59445.000000
time : 0.082986
