Parameters: GAD=1 vflib=1 dir=0 label=0 vlabel=1 lowerbound=1 fileNameGp=../../cp2016-max-common-connected-subgraph-paper/datasets/graphsdb/mcs90/rand/r01/mcs90_r01_s90.A09 fileNameGt=../../cp2016-max-common-connected-subgraph-paper/datasets/graphsdb/mcs90/rand/r01/mcs90_r01_s90.B09
Reading graphs...
90 :  760
90 :  763
Initializing...
maxdom : 9
D->valSize : 562
Solving...
Blb : 5 (clique : 23)
currentSize : 23 <-- 0.006622 s
currentSize : 24 <-- 0.474487 s
currentSize : 27 <-- 0.482739 s
currentSize : 28 <-- 0.496170 s
currentSize : 31 <-- 0.563663 s
currentSize : 33 <-- 0.573877 s
currentSize : 38 <-- 0.591953 s
currentSize : 45 <-- 0.634894 s
currentSize : 53 <-- 0.652714 s
currentSize : 61 <-- 0.660924 s
currentSize : 81 <-- 0.669557 s

maxsize : 81
nodes : 118328.000000
filtered : 940323.000000
time : 0.670402
