Parameters: GAD=1 vflib=1 dir=0 label=0 vlabel=1 lowerbound=1 fileNameGp=../../cp2016-max-common-connected-subgraph-paper/datasets/graphsdb/mcs90/bvg/b06/mcs90_b06_s70.A08 fileNameGt=../../cp2016-max-common-connected-subgraph-paper/datasets/graphsdb/mcs90/bvg/b06/mcs90_b06_s70.B08
Reading graphs...
70 :  210
70 :  210
Initializing...
maxdom : 9
D->valSize : 369
Solving...
Blb : 2 (clique : 30)
currentSize : 30 <-- 0.003277 s
currentSize : 32 <-- 0.003494 s
currentSize : 33 <-- 0.004048 s
currentSize : 34 <-- 0.005130 s
currentSize : 38 <-- 0.005528 s
currentSize : 39 <-- 0.005727 s
currentSize : 40 <-- 0.007268 s
currentSize : 41 <-- 0.007424 s
currentSize : 47 <-- 0.011647 s
currentSize : 51 <-- 0.013625 s
currentSize : 54 <-- 0.013831 s
currentSize : 56 <-- 0.014438 s
currentSize : 63 <-- 0.014641 s

maxsize : 63
nodes : 4020.000000
filtered : 8682.000000
time : 0.016171
