Parameters: GAD=1 vflib=1 dir=0 label=0 vlabel=1 lowerbound=1 fileNameGp=../../cp2016-max-common-connected-subgraph-paper/datasets/graphsdb/mcs90/bvg/b03m/mcs90_b03m_s80.A03 fileNameGt=../../cp2016-max-common-connected-subgraph-paper/datasets/graphsdb/mcs90/bvg/b03m/mcs90_b03m_s80.B03
Reading graphs...
80 :  120
80 :  119
Initializing...
maxdom : 9
D->valSize : 449
Solving...
Blb : 2 (clique : 57)
currentSize : 57 <-- 0.004784 s
currentSize : 59 <-- 0.005162 s
currentSize : 60 <-- 0.005312 s
currentSize : 61 <-- 0.005448 s
currentSize : 62 <-- 0.005565 s
currentSize : 64 <-- 0.005985 s
currentSize : 65 <-- 0.006102 s
currentSize : 66 <-- 0.006193 s
currentSize : 67 <-- 0.006524 s
currentSize : 69 <-- 0.006645 s
currentSize : 72 <-- 0.015405 s

maxsize : 72
nodes : 4305.000000
filtered : 20540.000000
time : 0.024907
