Parameters: GAD=1 vflib=1 dir=0 label=0 vlabel=1 lowerbound=1 fileNameGp=../../cp2016-max-common-connected-subgraph-paper/datasets/graphsdb/mcs90/m2D/m2Dr6/mcs90_m2Dr6_s90.A04 fileNameGt=../../cp2016-max-common-connected-subgraph-paper/datasets/graphsdb/mcs90/m2D/m2Dr6/mcs90_m2Dr6_s90.B04
Reading graphs...
90 :  212
90 :  212
Initializing...
maxdom : 9
D->valSize : 567
Solving...
Blb : 3 (clique : 39)
currentSize : 39 <-- 0.006994 s
currentSize : 40 <-- 0.007380 s
currentSize : 41 <-- 0.008282 s
currentSize : 44 <-- 0.008399 s
currentSize : 46 <-- 0.008863 s
currentSize : 49 <-- 0.579472 s
currentSize : 53 <-- 0.841310 s
currentSize : 54 <-- 1.031433 s
currentSize : 56 <-- 1.031654 s
currentSize : 59 <-- 1.167134 s
currentSize : 61 <-- 1.167378 s
currentSize : 62 <-- 1.220917 s
currentSize : 63 <-- 1.221886 s
currentSize : 64 <-- 1.222057 s
currentSize : 65 <-- 1.229964 s
currentSize : 66 <-- 1.234246 s
currentSize : 68 <-- 1.234616 s
currentSize : 69 <-- 1.234804 s
currentSize : 73 <-- 1.248013 s
currentSize : 77 <-- 1.248443 s
currentSize : 81 <-- 1.250901 s

maxsize : 81
nodes : 252278.000000
filtered : 1141682.000000
time : 1.251531
