Parameters: GAD=1 vflib=1 dir=0 label=0 vlabel=1 lowerbound=1 fileNameGp=../../cp2016-max-common-connected-subgraph-paper/datasets/graphsdb/mcs90/m4D/m4D/mcs90_m4D_s100.A06 fileNameGt=../../cp2016-max-common-connected-subgraph-paper/datasets/graphsdb/mcs90/m4D/m4D/mcs90_m4D_s100.B06
Reading graphs...
100 :  218
100 :  219
Initializing...
maxdom : 8
D->valSize : 379
Solving...
Blb : 2 (clique : 71)
currentSize : 71 <-- 0.007337 s
currentSize : 72 <-- 0.009251 s
currentSize : 73 <-- 0.068275 s
currentSize : 75 <-- 0.068524 s
currentSize : 76 <-- 0.069820 s
currentSize : 78 <-- 0.320685 s
currentSize : 80 <-- 0.321112 s
currentSize : 81 <-- 0.322033 s

maxsize : 81
nodes : 748441.000000
filtered : 2374472.000000
time : 3.751058
