Parameters: GAD=1 vflib=1 dir=0 label=0 vlabel=1 lowerbound=1 fileNameGp=../../cp2016-max-common-connected-subgraph-paper/datasets/graphsdb/mcs90/m2D/m2Dr6/mcs90_m2Dr6_s90.A08 fileNameGt=../../cp2016-max-common-connected-subgraph-paper/datasets/graphsdb/mcs90/m2D/m2Dr6/mcs90_m2Dr6_s90.B08
Reading graphs...
90 :  214
90 :  212
Initializing...
maxdom : 10
D->valSize : 564
Solving...
Blb : 3 (clique : 61)
currentSize : 61 <-- 0.006828 s
currentSize : 62 <-- 0.045888 s
currentSize : 65 <-- 0.638548 s
currentSize : 66 <-- 0.986711 s
currentSize : 71 <-- 0.987330 s
currentSize : 75 <-- 1.020246 s
currentSize : 76 <-- 1.026107 s
currentSize : 81 <-- 1.026618 s

maxsize : 81
nodes : 193048.000000
filtered : 1386028.000000
time : 1.027458
