Parameters: GAD=1 vflib=1 dir=0 label=0 vlabel=1 lowerbound=1 fileNameGp=../../cp2016-max-common-connected-subgraph-paper/datasets/graphsdb/mcs90/m3D/m3Dr2/mcs90_m3Dr2_s80.A08 fileNameGt=../../cp2016-max-common-connected-subgraph-paper/datasets/graphsdb/mcs90/m3D/m3Dr2/mcs90_m3Dr2_s80.B08
Reading graphs...
80 :  200
80 :  200
Initializing...
maxdom : 11
D->valSize : 476
Solving...
Blb : 2 (clique : 39)
currentSize : 39 <-- 0.008160 s
currentSize : 40 <-- 0.029101 s
currentSize : 41 <-- 0.079292 s
currentSize : 43 <-- 0.107252 s
currentSize : 44 <-- 0.107446 s
currentSize : 45 <-- 0.159361 s
currentSize : 46 <-- 0.272695 s
currentSize : 47 <-- 0.272781 s
currentSize : 49 <-- 0.273683 s
currentSize : 51 <-- 0.295716 s
currentSize : 54 <-- 0.296215 s
currentSize : 55 <-- 0.388947 s
currentSize : 56 <-- 0.389083 s
currentSize : 57 <-- 0.389838 s
currentSize : 59 <-- 0.390100 s
currentSize : 61 <-- 0.546887 s
currentSize : 64 <-- 0.547023 s

maxsize : 64
nodes : 274033.000000
filtered : 1245937.000000
time : 1.215411
