Parameters: GAD=1 vflib=1 dir=0 label=0 vlabel=1 lowerbound=1 fileNameGp=../../cp2016-max-common-connected-subgraph-paper/datasets/graphsdb/mcs90/m3D/m3Dr2/mcs90_m3Dr2_s80.A03 fileNameGt=../../cp2016-max-common-connected-subgraph-paper/datasets/graphsdb/mcs90/m3D/m3Dr2/mcs90_m3Dr2_s80.B03
Reading graphs...
80 :  200
80 :  199
Initializing...
maxdom : 9
D->valSize : 430
Solving...
Blb : 2 (clique : 37)
currentSize : 37 <-- 0.006941 s
currentSize : 41 <-- 0.007338 s
currentSize : 43 <-- 0.007559 s
currentSize : 44 <-- 0.008457 s
currentSize : 45 <-- 0.009158 s
currentSize : 48 <-- 0.009375 s
currentSize : 52 <-- 0.012219 s
currentSize : 53 <-- 0.020616 s
currentSize : 55 <-- 0.033645 s
currentSize : 57 <-- 0.033868 s
currentSize : 58 <-- 0.250826 s
currentSize : 64 <-- 0.251075 s

maxsize : 64
nodes : 36039.000000
filtered : 252247.000000
time : 0.254399
