Parameters: GAD=1 vflib=1 dir=0 label=0 vlabel=1 lowerbound=1 fileNameGp=../../cp2016-max-common-connected-subgraph-paper/datasets/graphsdb/mcs90/m2D/m2Dr2/mcs90_m2Dr2_s100.A05 fileNameGt=../../cp2016-max-common-connected-subgraph-paper/datasets/graphsdb/mcs90/m2D/m2Dr2/mcs90_m2Dr2_s100.B05
Reading graphs...
100 :  198
100 :  198
Initializing...
maxdom : 6
D->valSize : 381
Solving...
Blb : 3 (clique : 64)
currentSize : 64 <-- 0.004133 s
currentSize : 65 <-- 0.005568 s
currentSize : 68 <-- 0.005865 s
currentSize : 69 <-- 1.720493 s
currentSize : 70 <-- 5.123122 s
currentSize : 71 <-- 5.485032 s
currentSize : 74 <-- 5.660915 s
currentSize : 76 <-- 6.111952 s
currentSize : 77 <-- 6.120409 s
currentSize : 81 <-- 6.123051 s

maxsize : 81
nodes : 1216474.000000
filtered : 5156679.000000
time : 6.568717
