Parameters: GAD=1 vflib=1 dir=0 label=0 vlabel=1 lowerbound=1 fileNameGp=../../cp2016-max-common-connected-subgraph-paper/datasets/graphsdb/mcs90/bvg/b09/mcs90_b09_s50.A09 fileNameGt=../../cp2016-max-common-connected-subgraph-paper/datasets/graphsdb/mcs90/bvg/b09/mcs90_b09_s50.B09
Reading graphs...
50 :  224
50 :  225
Initializing...
maxdom : 9
D->valSize : 349
Solving...
Blb : 2 (clique : 17)
currentSize : 17 <-- 0.002473 s
currentSize : 18 <-- 0.003106 s
currentSize : 19 <-- 0.003195 s
currentSize : 20 <-- 0.003310 s
currentSize : 22 <-- 0.005229 s
currentSize : 23 <-- 0.005262 s
currentSize : 24 <-- 0.012406 s
currentSize : 25 <-- 0.012468 s
currentSize : 27 <-- 0.070313 s
currentSize : 33 <-- 0.160224 s
currentSize : 44 <-- 0.160609 s

maxsize : 44
nodes : 33710.000000
filtered : 406582.000000
time : 0.161942
