Parameters: GAD=1 vflib=1 dir=0 label=0 vlabel=1 lowerbound=1 fileNameGp=../../cp2016-max-common-connected-subgraph-paper/datasets/graphsdb/mcs90/bvg/b03/mcs90_b03_s60.A03 fileNameGt=../../cp2016-max-common-connected-subgraph-paper/datasets/graphsdb/mcs90/bvg/b03/mcs90_b03_s60.B03
Reading graphs...
60 :  90
60 :  90
Initializing...
maxdom : 7
D->valSize : 257
Solving...
Blb : 2 (clique : 34)
currentSize : 34 <-- 0.001969 s
currentSize : 35 <-- 0.002173 s
currentSize : 36 <-- 0.009650 s
currentSize : 37 <-- 0.018803 s
currentSize : 38 <-- 0.021054 s
currentSize : 40 <-- 0.033945 s
currentSize : 42 <-- 0.035790 s
currentSize : 43 <-- 0.035856 s
currentSize : 48 <-- 0.137623 s
currentSize : 54 <-- 0.138065 s

maxsize : 54
nodes : 34488.000000
filtered : 98271.000000
time : 0.138301
