Parameters: GAD=1 vflib=1 dir=0 label=0 vlabel=1 lowerbound=1 fileNameGp=../../cp2016-max-common-connected-subgraph-paper/datasets/graphsdb/mcs90/m4D/m4Dr2/mcs90_m4Dr2_s100.A02 fileNameGt=../../cp2016-max-common-connected-subgraph-paper/datasets/graphsdb/mcs90/m4D/m4Dr2/mcs90_m4Dr2_s100.B02
Reading graphs...
100 :  239
100 :  238
Initializing...
maxdom : 7
D->valSize : 394
Solving...
Blb : 3 (clique : 66)
currentSize : 66 <-- 0.004353 s
currentSize : 67 <-- 0.008533 s
currentSize : 68 <-- 0.009166 s
currentSize : 70 <-- 0.013476 s
currentSize : 71 <-- 0.016323 s
currentSize : 75 <-- 0.028713 s
currentSize : 76 <-- 0.030115 s
currentSize : 80 <-- 0.038903 s
currentSize : 81 <-- 0.040857 s

maxsize : 81
nodes : 29979.000000
filtered : 91267.000000
time : 0.154466
