Parameters: GAD=1 vflib=1 dir=0 label=0 vlabel=1 lowerbound=1 fileNameGp=../../cp2016-max-common-connected-subgraph-paper/datasets/graphsdb/mcs90/bvg/b06/mcs90_b06_s35.A02 fileNameGt=../../cp2016-max-common-connected-subgraph-paper/datasets/graphsdb/mcs90/bvg/b06/mcs90_b06_s35.B02
Reading graphs...
35 :  105
35 :  105
Initializing...
maxdom : 8
D->valSize : 183
Solving...
Blb : 2 (clique : 13)
currentSize : 13 <-- 0.001053 s
currentSize : 14 <-- 0.002824 s
currentSize : 15 <-- 0.003968 s
currentSize : 17 <-- 0.005333 s
currentSize : 19 <-- 0.005373 s
currentSize : 20 <-- 0.016555 s
currentSize : 21 <-- 0.027430 s
currentSize : 22 <-- 0.030169 s
currentSize : 31 <-- 0.031016 s

maxsize : 31
nodes : 10896.000000
filtered : 49053.000000
time : 0.031208
