Parameters: GAD=1 vflib=1 dir=0 label=0 vlabel=1 lowerbound=1 fileNameGp=../../cp2016-max-common-connected-subgraph-paper/datasets/graphsdb/mcs90/bvg/b06/mcs90_b06_s80.A06 fileNameGt=../../cp2016-max-common-connected-subgraph-paper/datasets/graphsdb/mcs90/bvg/b06/mcs90_b06_s80.B06
Reading graphs...
80 :  240
80 :  240
Initializing...
maxdom : 7
D->valSize : 415
Solving...
Blb : 5 (clique : 41)
currentSize : 41 <-- 0.006937 s
currentSize : 44 <-- 0.007330 s
currentSize : 45 <-- 0.007566 s
currentSize : 47 <-- 0.008496 s
currentSize : 49 <-- 0.008933 s
currentSize : 50 <-- 0.009670 s
currentSize : 53 <-- 0.011191 s
currentSize : 54 <-- 0.011536 s
currentSize : 55 <-- 0.012333 s
currentSize : 56 <-- 0.012710 s
currentSize : 60 <-- 0.013941 s
currentSize : 61 <-- 0.014233 s
currentSize : 62 <-- 0.014995 s
currentSize : 63 <-- 0.015301 s
currentSize : 72 <-- 0.016157 s

maxsize : 72
nodes : 2345.000000
filtered : 5646.000000
time : 0.020245
