Parameters: GAD=1 vflib=1 dir=0 label=0 vlabel=1 lowerbound=1 fileNameGp=../../cp2016-max-common-connected-subgraph-paper/datasets/graphsdb/mcs90/rand/r005/mcs90_r005_s80.A02 fileNameGt=../../cp2016-max-common-connected-subgraph-paper/datasets/graphsdb/mcs90/rand/r005/mcs90_r005_s80.B02
Reading graphs...
80 :  306
80 :  304
Initializing...
maxdom : 7
D->valSize : 430
Solving...
Blb : 3 (clique : 48)
currentSize : 48 <-- 0.006768 s
currentSize : 50 <-- 0.011536 s
currentSize : 54 <-- 0.084835 s
currentSize : 55 <-- 0.152117 s
currentSize : 56 <-- 0.175180 s
currentSize : 60 <-- 0.178237 s
currentSize : 63 <-- 0.183854 s
currentSize : 65 <-- 0.185132 s
currentSize : 72 <-- 0.185497 s

maxsize : 72
nodes : 26724.000000
filtered : 245086.000000
time : 0.186477
