Parameters: GAD=1 vflib=1 dir=0 label=0 vlabel=1 lowerbound=1 fileNameGp=../../cp2016-max-common-connected-subgraph-paper/datasets/graphsdb/mcs90/m2D/m2Dr4/mcs90_m2Dr4_s80.A00 fileNameGt=../../cp2016-max-common-connected-subgraph-paper/datasets/graphsdb/mcs90/m2D/m2Dr4/mcs90_m2Dr4_s80.B00
Reading graphs...
80 :  173
80 :  173
Initializing...
maxdom : 8
D->valSize : 469
Solving...
Blb : 3 (clique : 37)
currentSize : 37 <-- 0.007763 s
currentSize : 44 <-- 0.008157 s
currentSize : 45 <-- 0.008957 s
currentSize : 46 <-- 0.009020 s
currentSize : 50 <-- 0.010670 s
currentSize : 51 <-- 5.280687 s
currentSize : 52 <-- 11.347044 s
currentSize : 53 <-- 13.735026 s
currentSize : 54 <-- 16.175381 s
currentSize : 56 <-- 21.864016 s
currentSize : 62 <-- 21.864288 s
currentSize : 64 <-- 21.866636 s

maxsize : 64
nodes : 4009624.000000
filtered : 32393491.000000
time : 23.075373
