Parameters: GAD=1 vflib=1 dir=0 label=0 vlabel=1 lowerbound=1 fileNameGp=../../cp2016-max-common-connected-subgraph-paper/datasets/graphsdb/mcs90/bvg/b03/mcs90_b03_s90.A03 fileNameGt=../../cp2016-max-common-connected-subgraph-paper/datasets/graphsdb/mcs90/bvg/b03/mcs90_b03_s90.B03
Reading graphs...
90 :  135
90 :  135
Initializing...
maxdom : 10
D->valSize : 589
Solving...
Blb : 2 (clique : 62)
currentSize : 62 <-- 0.007844 s
currentSize : 67 <-- 0.008426 s
currentSize : 69 <-- 0.008826 s
currentSize : 70 <-- 0.008981 s
currentSize : 71 <-- 0.009423 s
currentSize : 72 <-- 0.009582 s
currentSize : 73 <-- 0.010038 s
currentSize : 74 <-- 0.017532 s
currentSize : 77 <-- 0.136287 s
currentSize : 78 <-- 0.136479 s
currentSize : 79 <-- 0.137318 s
currentSize : 80 <-- 0.137516 s

maxsize : 80
nodes : 404525.000000
filtered : 2421343.000000
time : 2.360501
