Parameters: GAD=1 vflib=1 dir=0 label=0 vlabel=1 lowerbound=1 fileNameGp=../../cp2016-max-common-connected-subgraph-paper/datasets/graphsdb/mcs90/m4D/m4Dr4/mcs90_m4Dr4_s100.A02 fileNameGt=../../cp2016-max-common-connected-subgraph-paper/datasets/graphsdb/mcs90/m4D/m4Dr4/mcs90_m4Dr4_s100.B02
Reading graphs...
100 :  259
100 :  258
Initializing...
maxdom : 6
D->valSize : 351
Solving...
Blb : 3 (clique : 61)
currentSize : 61 <-- 0.003738 s
currentSize : 62 <-- 70.748680 s
currentSize : 63 <-- 91.887634 s
currentSize : 64 <-- 111.811310 s
currentSize : 65 <-- 136.483795 s
currentSize : 66 <-- 180.372681 s
currentSize : 67 <-- 190.728256 s
currentSize : 68 <-- 214.446213 s
currentSize : 69 <-- 223.719681 s
currentSize : 71 <-- 223.722702 s
currentSize : 72 <-- 232.708542 s
currentSize : 74 <-- 232.859665 s
currentSize : 76 <-- 232.862640 s
currentSize : 78 <-- 253.695358 s
currentSize : 79 <-- 288.818542 s
currentSize : 81 <-- 288.818756 s

maxsize : 81
nodes : 82528775.000000
filtered : 161169392.000000
time : 317.135101
