Parameters: GAD=1 vflib=1 dir=0 label=0 vlabel=1 lowerbound=1 fileNameGp=../../cp2016-max-common-connected-subgraph-paper/datasets/graphsdb/mcs90/bvg/b06/mcs90_b06_s80.A01 fileNameGt=../../cp2016-max-common-connected-subgraph-paper/datasets/graphsdb/mcs90/bvg/b06/mcs90_b06_s80.B01
Reading graphs...
80 :  240
80 :  239
Initializing...
maxdom : 11
D->valSize : 480
Solving...
Blb : 2 (clique : 38)
currentSize : 38 <-- 0.004886 s
currentSize : 40 <-- 0.005334 s
currentSize : 41 <-- 0.128266 s
currentSize : 43 <-- 0.131206 s
currentSize : 48 <-- 0.143274 s
currentSize : 49 <-- 0.143450 s
currentSize : 54 <-- 0.157908 s
currentSize : 56 <-- 3.874414 s
currentSize : 60 <-- 8.829408 s
currentSize : 62 <-- 9.782003 s
currentSize : 64 <-- 9.782407 s
currentSize : 65 <-- 9.795117 s
currentSize : 72 <-- 9.795296 s

maxsize : 72
nodes : 2090593.000000
filtered : 10086394.000000
time : 9.805581
