Parameters: GAD=1 vflib=1 dir=0 label=0 vlabel=1 lowerbound=1 fileNameGp=../../cp2016-max-common-connected-subgraph-paper/datasets/graphsdb/mcs90/m2D/m2D/mcs90_m2D_s90.A00 fileNameGt=../../cp2016-max-common-connected-subgraph-paper/datasets/graphsdb/mcs90/m2D/m2D/mcs90_m2D_s90.B00
Reading graphs...
90 :  161
90 :  161
Initializing...
maxdom : 10
D->valSize : 558
Solving...
Blb : 2 (clique : 57)
currentSize : 57 <-- 0.006719 s
currentSize : 59 <-- 0.035066 s
currentSize : 60 <-- 0.037479 s
currentSize : 61 <-- 0.079679 s
currentSize : 62 <-- 0.096417 s
currentSize : 63 <-- 0.097278 s
currentSize : 65 <-- 0.099369 s
currentSize : 66 <-- 0.102026 s
currentSize : 69 <-- 0.116014 s
currentSize : 70 <-- 0.119578 s
currentSize : 74 <-- 0.128331 s
currentSize : 75 <-- 0.136573 s
currentSize : 77 <-- 0.207325 s
currentSize : 81 <-- 0.207483 s

maxsize : 81
nodes : 39220.000000
filtered : 270387.000000
time : 0.232656
