Parameters: GAD=1 vflib=1 dir=0 label=0 vlabel=1 lowerbound=1 fileNameGp=../../cp2016-max-common-connected-subgraph-paper/datasets/graphsdb/mcs90/m4D/m4Dr4/mcs90_m4Dr4_s100.A06 fileNameGt=../../cp2016-max-common-connected-subgraph-paper/datasets/graphsdb/mcs90/m4D/m4Dr4/mcs90_m4Dr4_s100.B06
Reading graphs...
100 :  256
100 :  255
Initializing...
maxdom : 7
D->valSize : 408
Solving...
Blb : 3 (clique : 61)
currentSize : 61 <-- 0.004457 s
currentSize : 62 <-- 1.362759 s
currentSize : 64 <-- 1.389266 s
currentSize : 65 <-- 1.482319 s
currentSize : 66 <-- 7.904242 s
currentSize : 68 <-- 7.905123 s
currentSize : 70 <-- 8.361691 s
currentSize : 72 <-- 250.081894 s
currentSize : 73 <-- 251.008224 s
currentSize : 76 <-- 251.008438 s
currentSize : 77 <-- 424.772125 s
currentSize : 80 <-- 424.772308 s
currentSize : 81 <-- 424.772491 s

maxsize : 81
nodes : 106510669.000000
filtered : 303030863.000000
time : 455.145355
