Parameters: GAD=1 vflib=1 dir=0 label=0 vlabel=1 lowerbound=1 fileNameGp=../../cp2016-max-common-connected-subgraph-paper/datasets/graphsdb/mcs90/m2D/m2Dr2/mcs90_m2Dr2_s80.A05 fileNameGt=../../cp2016-max-common-connected-subgraph-paper/datasets/graphsdb/mcs90/m2D/m2Dr2/mcs90_m2Dr2_s80.B05
Reading graphs...
80 :  157
80 :  157
Initializing...
maxdom : 10
D->valSize : 448
Solving...
Blb : 3 (clique : 40)
currentSize : 40 <-- 0.007539 s
currentSize : 41 <-- 2.296237 s
currentSize : 42 <-- 2.419492 s
currentSize : 43 <-- 5.716020 s
currentSize : 44 <-- 11.432673 s
currentSize : 45 <-- 11.514136 s
currentSize : 46 <-- 14.602592 s
currentSize : 47 <-- 14.766651 s
currentSize : 48 <-- 28.991407 s
currentSize : 49 <-- 28.991682 s
currentSize : 50 <-- 36.379044 s
currentSize : 51 <-- 36.447109 s
currentSize : 52 <-- 39.124805 s
currentSize : 53 <-- 39.125103 s
currentSize : 54 <-- 50.610157 s
currentSize : 55 <-- 50.610912 s
currentSize : 56 <-- 51.205471 s
currentSize : 57 <-- 51.205795 s
currentSize : 60 <-- 55.400696 s
currentSize : 62 <-- 55.400845 s
currentSize : 64 <-- 55.401180 s

maxsize : 64
nodes : 11748583.000000
filtered : 56516398.000000
time : 55.864697
