Parameters: GAD=1 vflib=1 dir=0 label=0 vlabel=1 lowerbound=1 fileNameGp=../../cp2016-max-common-connected-subgraph-paper/datasets/graphsdb/mcs90/bvg/b09/mcs90_b09_s50.A03 fileNameGt=../../cp2016-max-common-connected-subgraph-paper/datasets/graphsdb/mcs90/bvg/b09/mcs90_b09_s50.B03
Reading graphs...
50 :  224
50 :  222
Initializing...
maxdom : 8
D->valSize : 332
Solving...
Blb : 2 (clique : 15)
currentSize : 15 <-- 0.002344 s
currentSize : 16 <-- 0.003048 s
currentSize : 21 <-- 0.003219 s
currentSize : 24 <-- 0.007971 s
currentSize : 25 <-- 0.030568 s
currentSize : 26 <-- 0.030625 s
currentSize : 28 <-- 0.030984 s
currentSize : 30 <-- 0.033353 s
currentSize : 33 <-- 0.049107 s
currentSize : 40 <-- 0.049240 s
currentSize : 44 <-- 0.049330 s

maxsize : 44
nodes : 11414.000000
filtered : 101938.000000
time : 0.049853
