Parameters: GAD=1 vflib=1 dir=0 label=0 lowerbound=1 fileNameGp=../../cp2016-max-common-connected-subgraph-paper/datasets/graphsdb/mcs10/bvg/b03m/mcs10_b03m_s50.A03 fileNameGt=../../cp2016-max-common-connected-subgraph-paper/datasets/graphsdb/mcs10/bvg/b03m/mcs10_b03m_s50.B03
Reading graphs...
50 :  74
50 :  73
Initializing...
maxdom : 50
D->valSize : 2500
Solving...
currentSize : 22 <-- 0.099049 s
currentSize : 23 <-- 0.111801 s
currentSize : 24 <-- 0.531699 s
currentSize : 26 <-- 1.303586 s
currentSize : 27 <-- 1.303687 s
currentSize : 28 <-- 8.040558 s
currentSize : 29 <-- 17.224619 s
currentSize : 30 <-- 321.479187 s
currentSize : 31 <-- 322.525757 s

TIMEOUT
maxsize : 31
nodes : 224043987.000000
filtered : 2605145611.000000
time : 1000.000061
