Parameters: GAD=1 vflib=1 dir=0 label=0 lowerbound=1 fileNameGp=../../cp2016-max-common-connected-subgraph-paper/datasets/graphsdb/mcs10/bvg/b03m/mcs10_b03m_s50.A09 fileNameGt=../../cp2016-max-common-connected-subgraph-paper/datasets/graphsdb/mcs10/bvg/b03m/mcs10_b03m_s50.B09
Reading graphs...
50 :  74
50 :  74
Initializing...
maxdom : 50
D->valSize : 2500
Solving...
currentSize : 16 <-- 0.099365 s
currentSize : 17 <-- 0.099432 s
currentSize : 20 <-- 0.099517 s
currentSize : 21 <-- 0.099891 s
currentSize : 22 <-- 0.101325 s
currentSize : 23 <-- 0.102877 s
currentSize : 24 <-- 0.103258 s
currentSize : 25 <-- 0.280307 s
currentSize : 26 <-- 1.171641 s
currentSize : 27 <-- 1.374419 s
currentSize : 28 <-- 15.990395 s
currentSize : 29 <-- 35.258430 s
currentSize : 30 <-- 35.545227 s
currentSize : 31 <-- 407.110229 s

TIMEOUT
maxsize : 31
nodes : 233088876.000000
filtered : 2720140014.000000
time : 1000.000061
