Parameters: GAD=1 vflib=1 dir=0 label=0 lowerbound=1 fileNameGp=../../cp2016-max-common-connected-subgraph-paper/datasets/graphsdb/mcs10/rand/r01/mcs10_r01_s50.A06 fileNameGt=../../cp2016-max-common-connected-subgraph-paper/datasets/graphsdb/mcs10/rand/r01/mcs10_r01_s50.B06
Reading graphs...
50 :  238
50 :  239
Initializing...
maxdom : 50
D->valSize : 2500
Solving...
currentSize : 15 <-- 0.084136 s
currentSize : 16 <-- 0.084456 s
currentSize : 17 <-- 0.087222 s
currentSize : 18 <-- 0.088220 s
currentSize : 19 <-- 0.103688 s
currentSize : 20 <-- 0.393884 s
currentSize : 21 <-- 2.906814 s
currentSize : 22 <-- 41.185688 s
currentSize : 23 <-- 69.936836 s

TIMEOUT
maxsize : 23
nodes : 164755801.000000
filtered : 3361259147.000000
time : 1000.000061
