Parameters: GAD=1 vflib=1 dir=0 label=0 lowerbound=1 fileNameGp=../../cp2016-max-common-connected-subgraph-paper/datasets/graphsdb/mcs10/m2D/m2D/mcs10_m2D_s40.A04 fileNameGt=../../cp2016-max-common-connected-subgraph-paper/datasets/graphsdb/mcs10/m2D/m2D/mcs10_m2D_s40.B04
Reading graphs...
40 :  66
40 :  66
Initializing...
maxdom : 40
D->valSize : 1600
Solving...
currentSize : 19 <-- 0.036392 s
currentSize : 20 <-- 0.036417 s
currentSize : 21 <-- 0.036450 s
currentSize : 22 <-- 0.036512 s
currentSize : 23 <-- 0.299413 s
currentSize : 24 <-- 69.881691 s
currentSize : 25 <-- 70.166367 s
currentSize : 26 <-- 522.836243 s

TIMEOUT
maxsize : 26
nodes : 217083545.000000
filtered : 3237142801.000000
time : 1000.000000
