Parameters: GAD=1 vflib=1 dir=0 label=0 lowerbound=1 fileNameGp=../../cp2016-max-common-connected-subgraph-paper/datasets/graphsdb/mcs10/bvg/b03/mcs10_b03_s40.A03 fileNameGt=../../cp2016-max-common-connected-subgraph-paper/datasets/graphsdb/mcs10/bvg/b03/mcs10_b03_s40.B03
Reading graphs...
40 :  59
40 :  60
Initializing...
maxdom : 40
D->valSize : 1600
Solving...
currentSize : 11 <-- 0.036112 s
currentSize : 13 <-- 0.036176 s
currentSize : 14 <-- 0.037535 s
currentSize : 15 <-- 0.041020 s
currentSize : 16 <-- 0.042646 s
currentSize : 17 <-- 0.042999 s
currentSize : 18 <-- 0.044782 s
currentSize : 19 <-- 0.044826 s
currentSize : 20 <-- 0.046380 s
currentSize : 21 <-- 1.411570 s
currentSize : 22 <-- 1.430103 s
currentSize : 23 <-- 1.463108 s
currentSize : 24 <-- 4.706821 s
currentSize : 25 <-- 20.933352 s
currentSize : 26 <-- 102.395607 s
currentSize : 27 <-- 679.386963 s

TIMEOUT
maxsize : 27
nodes : 204781392.000000
filtered : 3075738492.000000
time : 1000.000000
