Parameters: GAD=1 vflib=1 dir=0 label=0 lowerbound=1 fileNameGp=../../cp2016-max-common-connected-subgraph-paper/datasets/graphsdb/mcs10/bvg/b03m/mcs10_b03m_s50.A06 fileNameGt=../../cp2016-max-common-connected-subgraph-paper/datasets/graphsdb/mcs10/bvg/b03m/mcs10_b03m_s50.B06
Reading graphs...
50 :  73
50 :  73
Initializing...
maxdom : 50
D->valSize : 2500
Solving...
currentSize : 24 <-- 0.101640 s
currentSize : 25 <-- 0.107821 s
currentSize : 26 <-- 1.885792 s
currentSize : 27 <-- 1.964778 s
currentSize : 28 <-- 2.021959 s
currentSize : 29 <-- 155.304672 s
currentSize : 30 <-- 515.192871 s

TIMEOUT
maxsize : 30
nodes : 260722527.000000
filtered : 2074619669.000000
time : 1000.000061
