Parameters: GAD=1 vflib=1 dir=0 label=0 lowerbound=1 fileNameGp=../../cp2016-max-common-connected-subgraph-paper/datasets/graphsdb/mcs10/rand/r005/mcs10_r005_s40.A09 fileNameGt=../../cp2016-max-common-connected-subgraph-paper/datasets/graphsdb/mcs10/rand/r005/mcs10_r005_s40.B09
Reading graphs...
40 :  81
40 :  79
Initializing...
maxdom : 40
D->valSize : 1600
Solving...
currentSize : 19 <-- 0.063482 s
currentSize : 20 <-- 0.065421 s
currentSize : 21 <-- 0.071815 s
currentSize : 22 <-- 0.080866 s
currentSize : 23 <-- 28.266264 s
currentSize : 24 <-- 102.088547 s
currentSize : 25 <-- 181.279755 s

TIMEOUT
maxsize : 25
nodes : 191242427.000000
filtered : 3666538578.000000
time : 1000.000061
