Parameters: GAD=1 vflib=1 dir=0 label=0 lowerbound=1 fileNameGp=../../cp2016-max-common-connected-subgraph-paper/datasets/graphsdb/mcs10/rand/r005/mcs10_r005_s40.A06 fileNameGt=../../cp2016-max-common-connected-subgraph-paper/datasets/graphsdb/mcs10/rand/r005/mcs10_r005_s40.B06
Reading graphs...
40 :  79
40 :  80
Initializing...
maxdom : 40
D->valSize : 1600
Solving...
currentSize : 20 <-- 0.067850 s
currentSize : 21 <-- 0.420390 s
currentSize : 22 <-- 1.124249 s
currentSize : 23 <-- 1.853776 s
currentSize : 24 <-- 2.245860 s
currentSize : 25 <-- 44.768398 s
currentSize : 26 <-- 47.037167 s

TIMEOUT
maxsize : 26
nodes : 167619476.000000
filtered : 4083205806.000000
time : 1000.000000
