Parameters: GAD=1 vflib=1 dir=0 label=0 lowerbound=1 fileNameGp=../../cp2016-max-common-connected-subgraph-paper/datasets/graphsdb/mcs10/rand/r005/mcs10_r005_s35.A03 fileNameGt=../../cp2016-max-common-connected-subgraph-paper/datasets/graphsdb/mcs10/rand/r005/mcs10_r005_s35.B03
Reading graphs...
35 :  61
35 :  60
Initializing...
maxdom : 35
D->valSize : 1225
Solving...
currentSize : 17 <-- 0.021111 s
currentSize : 18 <-- 0.021224 s
currentSize : 19 <-- 0.021306 s
currentSize : 20 <-- 0.022388 s
currentSize : 21 <-- 0.099540 s
currentSize : 22 <-- 1.868836 s
currentSize : 23 <-- 2.177258 s
currentSize : 24 <-- 19.247120 s
currentSize : 25 <-- 19.504589 s

maxsize : 25
nodes : 68878799.000000
filtered : 2021151521.000000
time : 421.432556
