Parameters: GAD=1 vflib=1 dir=0 label=0 lowerbound=1 fileNameGp=../../cp2016-max-common-connected-subgraph-paper/datasets/graphsdb/mcs10/rand/r02/mcs10_r02_s50.A04 fileNameGt=../../cp2016-max-common-connected-subgraph-paper/datasets/graphsdb/mcs10/rand/r02/mcs10_r02_s50.B04
Reading graphs...
50 :  434
50 :  440
Initializing...
maxdom : 50
D->valSize : 2500
Solving...
currentSize : 10 <-- 0.075263 s
currentSize : 11 <-- 0.075307 s
currentSize : 12 <-- 0.075374 s
currentSize : 13 <-- 0.076433 s
currentSize : 14 <-- 0.101537 s
currentSize : 15 <-- 0.465458 s
currentSize : 16 <-- 1.888212 s
currentSize : 17 <-- 425.997070 s

TIMEOUT
maxsize : 17
nodes : 199313201.000000
filtered : 1762176141.000000
time : 1000.000061
