Parameters: GAD=1 vflib=1 dir=0 label=0 lowerbound=1 fileNameGp=../../cp2016-max-common-connected-subgraph-paper/datasets/graphsdb/mcs10/m2D/m2Dr6/mcs10_m2Dr6_s40.A05 fileNameGt=../../cp2016-max-common-connected-subgraph-paper/datasets/graphsdb/mcs10/m2D/m2Dr6/mcs10_m2Dr6_s40.B05
Reading graphs...
40 :  89
40 :  89
Initializing...
maxdom : 40
D->valSize : 1600
Solving...
currentSize : 17 <-- 0.035429 s
currentSize : 18 <-- 0.035450 s
currentSize : 19 <-- 0.035497 s
currentSize : 20 <-- 0.036180 s
currentSize : 21 <-- 0.038710 s
currentSize : 22 <-- 0.207264 s
currentSize : 23 <-- 4.822789 s
currentSize : 24 <-- 48.713013 s
currentSize : 25 <-- 619.882629 s

TIMEOUT
maxsize : 25
nodes : 181221934.000000
filtered : 3897560864.000000
time : 1000.000000
