Parameters: GAD=1 vflib=1 dir=0 label=0 lowerbound=1 fileNameGp=../../cp2016-max-common-connected-subgraph-paper/datasets/graphsdb/mcs10/m2D/m2D/mcs10_m2D_s40.A07 fileNameGt=../../cp2016-max-common-connected-subgraph-paper/datasets/graphsdb/mcs10/m2D/m2D/mcs10_m2D_s40.B07
Reading graphs...
40 :  66
40 :  67
Initializing...
maxdom : 40
D->valSize : 1600
Solving...
currentSize : 16 <-- 0.036484 s
currentSize : 17 <-- 0.037019 s
currentSize : 19 <-- 0.038360 s
currentSize : 20 <-- 0.039225 s
currentSize : 21 <-- 0.099516 s
currentSize : 22 <-- 0.153872 s
currentSize : 23 <-- 0.261223 s
currentSize : 24 <-- 1.812141 s
currentSize : 25 <-- 10.067414 s
currentSize : 27 <-- 238.160034 s

TIMEOUT
maxsize : 27
nodes : 188342912.000000
filtered : 3682705173.000000
time : 1000.000061
