Parameters: GAD=1 vflib=1 dir=0 label=0 lowerbound=1 fileNameGp=../../cp2016-max-common-connected-subgraph-paper/datasets/graphsdb/mcs10/rand/r01/mcs10_r01_s40.A08 fileNameGt=../../cp2016-max-common-connected-subgraph-paper/datasets/graphsdb/mcs10/rand/r01/mcs10_r01_s40.B08
Reading graphs...
40 :  150
40 :  154
Initializing...
maxdom : 40
D->valSize : 1600
Solving...
currentSize : 12 <-- 0.056451 s
currentSize : 13 <-- 0.056485 s
currentSize : 15 <-- 0.056974 s
currentSize : 16 <-- 0.058167 s
currentSize : 17 <-- 0.058439 s
currentSize : 18 <-- 0.061762 s
currentSize : 19 <-- 1.113956 s
currentSize : 20 <-- 47.195385 s
currentSize : 21 <-- 458.468903 s

TIMEOUT
maxsize : 21
nodes : 183413933.000000
filtered : 4052184565.000000
time : 1000.000000
