Parameters: GAD=1 vflib=1 dir=0 label=0 lowerbound=1 fileNameGp=../../cp2016-max-common-connected-subgraph-paper/datasets/graphsdb/mcs10/rand/r005/mcs10_r005_s30.A02 fileNameGt=../../cp2016-max-common-connected-subgraph-paper/datasets/graphsdb/mcs10/rand/r005/mcs10_r005_s30.B02
Reading graphs...
30 :  44
30 :  45
Initializing...
maxdom : 30
D->valSize : 900
Solving...
currentSize : 16 <-- 0.019833 s
currentSize : 18 <-- 0.019881 s
currentSize : 19 <-- 1.679595 s
currentSize : 20 <-- 17.273478 s
currentSize : 21 <-- 42.911655 s
currentSize : 22 <-- 50.851688 s

maxsize : 22
nodes : 14538965.000000
filtered : 207651309.000000
time : 58.724705
