Parameters: GAD=1 vflib=1 dir=0 label=0 lowerbound=1 fileNameGp=../../cp2016-max-common-connected-subgraph-paper/datasets/graphsdb/mcs10/rand/r01/mcs10_r01_s25.A07 fileNameGt=../../cp2016-max-common-connected-subgraph-paper/datasets/graphsdb/mcs10/rand/r01/mcs10_r01_s25.B07
Reading graphs...
25 :  56
25 :  58
Initializing...
maxdom : 25
D->valSize : 625
Solving...
currentSize : 9 <-- 0.004968 s
currentSize : 10 <-- 0.005002 s
currentSize : 12 <-- 0.005013 s
currentSize : 13 <-- 0.005652 s
currentSize : 14 <-- 0.008694 s
currentSize : 15 <-- 0.171979 s
currentSize : 16 <-- 0.181272 s

maxsize : 16
nodes : 2245903.000000
filtered : 44428258.000000
time : 9.557610
