Parameters: GAD=1 vflib=1 dir=0 label=0 lowerbound=1 fileNameGp=../../cp2016-max-common-connected-subgraph-paper/datasets/graphsdb/mcs10/m2D/m2Dr6/mcs10_m2Dr6_s40.A03 fileNameGt=../../cp2016-max-common-connected-subgraph-paper/datasets/graphsdb/mcs10/m2D/m2Dr6/mcs10_m2Dr6_s40.B03
Reading graphs...
40 :  90
40 :  87
Initializing...
maxdom : 40
D->valSize : 1600
Solving...
currentSize : 18 <-- 0.035261 s
currentSize : 19 <-- 0.035350 s
currentSize : 20 <-- 0.036818 s
currentSize : 21 <-- 0.052599 s
currentSize : 23 <-- 0.066452 s
currentSize : 24 <-- 4.666584 s
currentSize : 25 <-- 16.026484 s

TIMEOUT
maxsize : 25
nodes : 174115962.000000
filtered : 4255712903.000000
time : 1000.000000
