Parameters: GAD=1 vflib=1 dir=0 label=0 lowerbound=1 fileNameGp=../../cp2016-max-common-connected-subgraph-paper/datasets/graphsdb/mcs10/m2D/m2D/mcs10_m2D_s50.A03 fileNameGt=../../cp2016-max-common-connected-subgraph-paper/datasets/graphsdb/mcs10/m2D/m2D/mcs10_m2D_s50.B03
Reading graphs...
50 :  83
50 :  84
Initializing...
maxdom : 50
D->valSize : 2500
Solving...
currentSize : 22 <-- 0.098507 s
currentSize : 23 <-- 1.709745 s
currentSize : 24 <-- 1.726016 s
currentSize : 25 <-- 1.726289 s
currentSize : 26 <-- 16.321119 s
currentSize : 27 <-- 26.139364 s
currentSize : 28 <-- 44.134583 s
currentSize : 29 <-- 377.782349 s
currentSize : 30 <-- 380.024261 s

TIMEOUT
maxsize : 30
nodes : 231677756.000000
filtered : 2639473845.000000
time : 1000.000000
