Parameters: GAD=1 vflib=1 dir=0 label=0 lowerbound=1 fileNameGp=../../cp2016-max-common-connected-subgraph-paper/datasets/graphsdb/mcs10/rand/r005/mcs10_r005_s50.A04 fileNameGt=../../cp2016-max-common-connected-subgraph-paper/datasets/graphsdb/mcs10/rand/r005/mcs10_r005_s50.B04
Reading graphs...
50 :  122
50 :  124
Initializing...
maxdom : 50
D->valSize : 2500
Solving...
currentSize : 19 <-- 0.128077 s
currentSize : 20 <-- 0.128136 s
currentSize : 21 <-- 0.128737 s
currentSize : 22 <-- 0.158006 s
currentSize : 23 <-- 0.788991 s
currentSize : 24 <-- 1.681875 s
currentSize : 25 <-- 3.968814 s
currentSize : 26 <-- 15.878739 s
currentSize : 27 <-- 47.636902 s
currentSize : 28 <-- 319.636810 s

TIMEOUT
maxsize : 28
nodes : 169326413.000000
filtered : 3321990175.000000
time : 1000.000000
