Parameters: GAD=1 vflib=1 dir=0 label=0 lowerbound=1 fileNameGp=../../cp2016-max-common-connected-subgraph-paper/datasets/graphsdb/mcs10/m2D/m2Dr6/mcs10_m2Dr6_s40.A06 fileNameGt=../../cp2016-max-common-connected-subgraph-paper/datasets/graphsdb/mcs10/m2D/m2Dr6/mcs10_m2Dr6_s40.B06
Reading graphs...
40 :  89
40 :  90
Initializing...
maxdom : 40
D->valSize : 1600
Solving...
currentSize : 16 <-- 0.035014 s
currentSize : 17 <-- 0.035046 s
currentSize : 18 <-- 0.035576 s
currentSize : 19 <-- 0.037983 s
currentSize : 20 <-- 0.077699 s
currentSize : 21 <-- 0.347650 s
currentSize : 22 <-- 3.665965 s
currentSize : 23 <-- 4.275473 s
currentSize : 24 <-- 18.366196 s
currentSize : 25 <-- 131.786499 s
currentSize : 26 <-- 647.460754 s

TIMEOUT
maxsize : 26
nodes : 164556940.000000
filtered : 4537888727.000000
time : 1000.000000
