Parameters: GAD=1 vflib=1 dir=0 label=0 lowerbound=1 fileNameGp=../../cp2016-max-common-connected-subgraph-paper/datasets/graphsdb/mcs10/m2D/m2Dr4/mcs10_m2Dr4_s50.A04 fileNameGt=../../cp2016-max-common-connected-subgraph-paper/datasets/graphsdb/mcs10/m2D/m2Dr4/mcs10_m2Dr4_s50.B04
Reading graphs...
50 :  104
50 :  100
Initializing...
maxdom : 50
D->valSize : 2500
Solving...
currentSize : 24 <-- 0.096124 s
currentSize : 25 <-- 0.096154 s
currentSize : 26 <-- 0.096379 s
currentSize : 27 <-- 0.453295 s
currentSize : 28 <-- 0.949102 s
currentSize : 29 <-- 1.094027 s
currentSize : 30 <-- 8.673708 s

TIMEOUT
maxsize : 30
nodes : 177093762.000000
filtered : 3135796239.000000
time : 1000.000061
