Parameters: GAD=1 vflib=1 dir=0 label=0 lowerbound=1 fileNameGp=../../cp2016-max-common-connected-subgraph-paper/datasets/graphsdb/mcs10/rand/r005/mcs10_r005_s25.A00 fileNameGt=../../cp2016-max-common-connected-subgraph-paper/datasets/graphsdb/mcs10/rand/r005/mcs10_r005_s25.B00
Reading graphs...
25 :  31
25 :  31
Initializing...
maxdom : 25
D->valSize : 625
Solving...
currentSize : 4 <-- 0.005207 s
currentSize : 9 <-- 0.005246 s
currentSize : 12 <-- 0.005287 s
currentSize : 13 <-- 0.006328 s
currentSize : 14 <-- 0.006443 s
currentSize : 15 <-- 0.085448 s
currentSize : 16 <-- 0.155589 s
currentSize : 17 <-- 1.867185 s

maxsize : 17
nodes : 2199210.000000
filtered : 22380298.000000
time : 6.249468
