Parameters: GAD=1 vflib=1 dir=0 label=0 lowerbound=1 fileNameGp=../../cp2016-max-common-connected-subgraph-paper/datasets/graphsdb/mcs10/rand/r01/mcs10_r01_s50.A09 fileNameGt=../../cp2016-max-common-connected-subgraph-paper/datasets/graphsdb/mcs10/rand/r01/mcs10_r01_s50.B09
Reading graphs...
50 :  236
50 :  237
Initializing...
maxdom : 50
D->valSize : 2500
Solving...
currentSize : 15 <-- 0.085801 s
currentSize : 16 <-- 0.085826 s
currentSize : 17 <-- 0.087116 s
currentSize : 18 <-- 0.101412 s
currentSize : 19 <-- 0.249515 s
currentSize : 20 <-- 1.424074 s
currentSize : 21 <-- 5.719300 s

TIMEOUT
maxsize : 21
nodes : 187348440.000000
filtered : 2633204043.000000
time : 1000.000061
