Parameters: GAD=1 vflib=1 dir=0 label=0 lowerbound=1 fileNameGp=../../cp2016-max-common-connected-subgraph-paper/datasets/graphsdb/mcs10/m2D/m2Dr4/mcs10_m2Dr4_s50.A03 fileNameGt=../../cp2016-max-common-connected-subgraph-paper/datasets/graphsdb/mcs10/m2D/m2Dr4/mcs10_m2Dr4_s50.B03
Reading graphs...
50 :  104
50 :  103
Initializing...
maxdom : 50
D->valSize : 2500
Solving...
currentSize : 20 <-- 0.096199 s
currentSize : 21 <-- 0.096282 s
currentSize : 23 <-- 0.096306 s
currentSize : 24 <-- 0.099917 s
currentSize : 25 <-- 0.100569 s
currentSize : 26 <-- 0.194033 s
currentSize : 27 <-- 0.205718 s
currentSize : 28 <-- 1.533670 s
currentSize : 29 <-- 2.934338 s
currentSize : 30 <-- 841.133545 s

TIMEOUT
maxsize : 30
nodes : 196557371.000000
filtered : 3123176052.000000
time : 1000.000061
