Parameters: GAD=1 vflib=1 dir=0 label=0 lowerbound=1 fileNameGp=../../cp2016-max-common-connected-subgraph-paper/datasets/graphsdb/mcs10/bvg/b03m/mcs10_b03m_s40.A09 fileNameGt=../../cp2016-max-common-connected-subgraph-paper/datasets/graphsdb/mcs10/bvg/b03m/mcs10_b03m_s40.B09
Reading graphs...
40 :  60
40 :  58
Initializing...
maxdom : 40
D->valSize : 1600
Solving...
currentSize : 18 <-- 0.036730 s
currentSize : 19 <-- 0.036784 s
currentSize : 20 <-- 0.037015 s
currentSize : 21 <-- 0.037054 s
currentSize : 22 <-- 0.038613 s
currentSize : 23 <-- 1.057466 s
currentSize : 24 <-- 210.656235 s
currentSize : 25 <-- 960.537781 s

TIMEOUT
maxsize : 25
nodes : 335444819.000000
filtered : 1816597175.000000
time : 1000.000000
