Parameters: GAD=1 vflib=1 dir=0 label=0 lowerbound=1 fileNameGp=../../cp2016-max-common-connected-subgraph-paper/datasets/graphsdb/mcs10/bvg/b03m/mcs10_b03m_s50.A01 fileNameGt=../../cp2016-max-common-connected-subgraph-paper/datasets/graphsdb/mcs10/bvg/b03m/mcs10_b03m_s50.B01
Reading graphs...
50 :  74
50 :  73
Initializing...
maxdom : 50
D->valSize : 2500
Solving...
currentSize : 24 <-- 0.099476 s
currentSize : 25 <-- 0.099512 s
currentSize : 26 <-- 0.123186 s
currentSize : 27 <-- 0.142442 s
currentSize : 28 <-- 0.142464 s
currentSize : 29 <-- 0.142849 s
currentSize : 30 <-- 6.982165 s
currentSize : 32 <-- 29.304874 s
currentSize : 33 <-- 40.368904 s

TIMEOUT
maxsize : 33
nodes : 171551312.000000
filtered : 3340025274.000000
time : 1000.000061
