Parameters: GAD=1 vflib=1 dir=0 label=0 lowerbound=1 fileNameGp=../../cp2016-max-common-connected-subgraph-paper/datasets/graphsdb/mcs10/rand/r02/mcs10_r02_s50.A07 fileNameGt=../../cp2016-max-common-connected-subgraph-paper/datasets/graphsdb/mcs10/rand/r02/mcs10_r02_s50.B07
Reading graphs...
50 :  431
50 :  435
Initializing...
maxdom : 50
D->valSize : 2500
Solving...
currentSize : 10 <-- 0.078628 s
currentSize : 11 <-- 0.078651 s
currentSize : 12 <-- 0.078717 s
currentSize : 13 <-- 0.079845 s
currentSize : 14 <-- 0.084752 s
currentSize : 15 <-- 0.086312 s
currentSize : 16 <-- 3.274122 s
currentSize : 17 <-- 247.428207 s

TIMEOUT
maxsize : 17
nodes : 196044731.000000
filtered : 1934975510.000000
time : 1000.000061
