Parameters: GAD=1 vflib=1 dir=0 label=0 lowerbound=1 fileNameGp=../../cp2016-max-common-connected-subgraph-paper/datasets/graphsdb/mcs10/bvg/b03m/mcs10_b03m_s50.A04 fileNameGt=../../cp2016-max-common-connected-subgraph-paper/datasets/graphsdb/mcs10/bvg/b03m/mcs10_b03m_s50.B04
Reading graphs...
50 :  72
50 :  72
Initializing...
maxdom : 50
D->valSize : 2500
Solving...
currentSize : 19 <-- 0.100992 s
currentSize : 21 <-- 0.101137 s
currentSize : 23 <-- 0.101782 s
currentSize : 24 <-- 0.102199 s
currentSize : 25 <-- 0.115400 s
currentSize : 26 <-- 0.256947 s
currentSize : 27 <-- 21.720615 s
currentSize : 28 <-- 98.008049 s
currentSize : 29 <-- 202.873199 s

TIMEOUT
maxsize : 29
nodes : 267832286.000000
filtered : 2381374682.000000
time : 1000.000000
