Parameters: GAD=1 vflib=1 dir=0 label=0 lowerbound=1 fileNameGp=../../cp2016-max-common-connected-subgraph-paper/datasets/graphsdb/mcs10/rand/r01/mcs10_r01_s40.A05 fileNameGt=../../cp2016-max-common-connected-subgraph-paper/datasets/graphsdb/mcs10/rand/r01/mcs10_r01_s40.B05
Reading graphs...
40 :  150
40 :  151
Initializing...
maxdom : 40
D->valSize : 1600
Solving...
currentSize : 14 <-- 0.056475 s
currentSize : 15 <-- 0.056499 s
currentSize : 16 <-- 0.066665 s
currentSize : 17 <-- 0.066690 s
currentSize : 18 <-- 0.151871 s
currentSize : 19 <-- 0.317575 s
currentSize : 20 <-- 30.708277 s
currentSize : 21 <-- 817.548645 s

TIMEOUT
maxsize : 21
nodes : 193247514.000000
filtered : 3621930506.000000
time : 1000.000000
