Parameters: GAD=1 vflib=1 dir=0 label=0 lowerbound=1 fileNameGp=../../cp2016-max-common-connected-subgraph-paper/datasets/graphsdb/mcs10/rand/r005/mcs10_r005_s30.A01 fileNameGt=../../cp2016-max-common-connected-subgraph-paper/datasets/graphsdb/mcs10/rand/r005/mcs10_r005_s30.B01
Reading graphs...
30 :  45
30 :  45
Initializing...
maxdom : 30
D->valSize : 900
Solving...
currentSize : 5 <-- 0.019678 s
currentSize : 15 <-- 0.019882 s
currentSize : 16 <-- 0.021850 s
currentSize : 17 <-- 0.025013 s
currentSize : 18 <-- 0.025023 s
currentSize : 19 <-- 0.063327 s
currentSize : 20 <-- 0.074683 s
currentSize : 21 <-- 1.402521 s
currentSize : 22 <-- 9.245899 s

maxsize : 22
nodes : 7172129.000000
filtered : 149386322.000000
time : 35.052235
