Parameters: GAD=1 vflib=1 dir=0 label=0 lowerbound=1 fileNameGp=../../cp2016-max-common-connected-subgraph-paper/datasets/graphsdb/mcs10/rand/r005/mcs10_r005_s25.A02 fileNameGt=../../cp2016-max-common-connected-subgraph-paper/datasets/graphsdb/mcs10/rand/r005/mcs10_r005_s25.B02
Reading graphs...
25 :  31
25 :  31
Initializing...
maxdom : 25
D->valSize : 625
Solving...
currentSize : 6 <-- 0.006123 s
currentSize : 7 <-- 0.006283 s
currentSize : 11 <-- 0.006309 s
currentSize : 12 <-- 0.006331 s
currentSize : 13 <-- 0.006805 s
currentSize : 14 <-- 0.011579 s
currentSize : 15 <-- 0.018031 s
currentSize : 16 <-- 1.204621 s
currentSize : 17 <-- 1.455578 s
currentSize : 18 <-- 1.456732 s
currentSize : 20 <-- 1.456849 s

maxsize : 20
nodes : 636538.000000
filtered : 4739171.000000
time : 1.575669
