Parameters: GAD=1 vflib=1 dir=0 label=0 lowerbound=1 fileNameGp=../../cp2016-max-common-connected-subgraph-paper/datasets/graphsdb/mcs10/m2D/m2Dr4/mcs10_m2Dr4_s50.A02 fileNameGt=../../cp2016-max-common-connected-subgraph-paper/datasets/graphsdb/mcs10/m2D/m2Dr4/mcs10_m2Dr4_s50.B02
Reading graphs...
50 :  103
50 :  104
Initializing...
maxdom : 50
D->valSize : 2500
Solving...
currentSize : 24 <-- 0.095976 s
currentSize : 25 <-- 0.186950 s
currentSize : 26 <-- 0.820294 s
currentSize : 27 <-- 4.976513 s
currentSize : 28 <-- 9.003723 s
currentSize : 29 <-- 9.223908 s
currentSize : 30 <-- 977.106995 s

TIMEOUT
maxsize : 30
nodes : 183965357.000000
filtered : 2687306946.000000
time : 1000.000000
