Parameters: GAD=1 vflib=1 dir=0 label=0 lowerbound=1 fileNameGp=../../cp2016-max-common-connected-subgraph-paper/datasets/graphsdb/mcs10/rand/r02/mcs10_r02_s40.A03 fileNameGt=../../cp2016-max-common-connected-subgraph-paper/datasets/graphsdb/mcs10/rand/r02/mcs10_r02_s40.B03
Reading graphs...
40 :  286
40 :  281
Initializing...
maxdom : 40
D->valSize : 1600
Solving...
currentSize : 9 <-- 0.029933 s
currentSize : 10 <-- 0.029955 s
currentSize : 11 <-- 0.030031 s
currentSize : 12 <-- 0.030063 s
currentSize : 13 <-- 0.031834 s
currentSize : 14 <-- 0.043495 s
currentSize : 15 <-- 2.427068 s

TIMEOUT
maxsize : 15
nodes : 226012425.000000
filtered : 2136398657.000000
time : 1000.000061
