Parameters: GAD=1 vflib=1 dir=0 label=0 lowerbound=1 fileNameGp=../../cp2016-max-common-connected-subgraph-paper/datasets/graphsdb/mcs10/rand/r005/mcs10_r005_s30.A09 fileNameGt=../../cp2016-max-common-connected-subgraph-paper/datasets/graphsdb/mcs10/rand/r005/mcs10_r005_s30.B09
Reading graphs...
30 :  45
30 :  45
Initializing...
maxdom : 30
D->valSize : 900
Solving...
currentSize : 15 <-- 0.011151 s
currentSize : 16 <-- 0.011275 s
currentSize : 17 <-- 0.015191 s
currentSize : 18 <-- 0.016327 s
currentSize : 19 <-- 0.202316 s
currentSize : 20 <-- 1.153268 s
currentSize : 21 <-- 1.153305 s

maxsize : 21
nodes : 9861112.000000
filtered : 183580204.000000
time : 44.753559
