Parameters: GAD=1 vflib=1 dir=0 label=0 lowerbound=1 fileNameGp=../../cp2016-max-common-connected-subgraph-paper/datasets/graphsdb/mcs10/m2D/m2D/mcs10_m2D_s40.A06 fileNameGt=../../cp2016-max-common-connected-subgraph-paper/datasets/graphsdb/mcs10/m2D/m2D/mcs10_m2D_s40.B06
Reading graphs...
40 :  67
40 :  66
Initializing...
maxdom : 40
D->valSize : 1600
Solving...
currentSize : 21 <-- 0.036357 s
currentSize : 22 <-- 0.036482 s
currentSize : 23 <-- 0.388443 s
currentSize : 24 <-- 2.933292 s
currentSize : 25 <-- 4.164085 s
currentSize : 26 <-- 17.533636 s
currentSize : 27 <-- 35.135460 s
currentSize : 28 <-- 56.426331 s

TIMEOUT
maxsize : 28
nodes : 167220949.000000
filtered : 4003668585.000000
time : 1000.000061
