Parameters: GAD=1 vflib=1 dir=0 label=0 lowerbound=1 fileNameGp=../../cp2016-max-common-connected-subgraph-paper/datasets/graphsdb/mcs10/rand/r01/mcs10_r01_s30.A05 fileNameGt=../../cp2016-max-common-connected-subgraph-paper/datasets/graphsdb/mcs10/rand/r01/mcs10_r01_s30.B05
Reading graphs...
30 :  83
30 :  87
Initializing...
maxdom : 30
D->valSize : 900
Solving...
currentSize : 13 <-- 0.010243 s
currentSize : 14 <-- 0.010271 s
currentSize : 15 <-- 0.020335 s
currentSize : 16 <-- 0.086738 s
currentSize : 17 <-- 5.569782 s
currentSize : 18 <-- 39.581028 s

maxsize : 18
nodes : 43268547.000000
filtered : 942937556.000000
time : 208.997589
