Parameters: GAD=1 vflib=1 dir=0 label=0 lowerbound=1 fileNameGp=../../cp2016-max-common-connected-subgraph-paper/datasets/graphsdb/mcs10/m2D/m2Dr6/mcs10_m2Dr6_s50.A08 fileNameGt=../../cp2016-max-common-connected-subgraph-paper/datasets/graphsdb/mcs10/m2D/m2Dr6/mcs10_m2Dr6_s50.B08
Reading graphs...
50 :  114
50 :  110
Initializing...
maxdom : 50
D->valSize : 2500
Solving...
currentSize : 22 <-- 0.099419 s
currentSize : 23 <-- 0.100472 s
currentSize : 25 <-- 0.109288 s
currentSize : 26 <-- 0.424252 s
currentSize : 27 <-- 0.429917 s
currentSize : 28 <-- 0.429990 s
currentSize : 29 <-- 0.430507 s

TIMEOUT
maxsize : 29
nodes : 186708569.000000
filtered : 3343210588.000000
time : 1000.000061
