Parameters: GAD=1 vflib=1 dir=0 label=0 lowerbound=1 fileNameGp=../../cp2016-max-common-connected-subgraph-paper/datasets/graphsdb/mcs10/bvg/b03/mcs10_b03_s50.A04 fileNameGt=../../cp2016-max-common-connected-subgraph-paper/datasets/graphsdb/mcs10/bvg/b03/mcs10_b03_s50.B04
Reading graphs...
50 :  74
50 :  75
Initializing...
maxdom : 50
D->valSize : 2500
Solving...
currentSize : 16 <-- 0.100350 s
currentSize : 20 <-- 0.100407 s
currentSize : 22 <-- 0.100908 s
currentSize : 23 <-- 0.120327 s
currentSize : 24 <-- 0.289114 s
currentSize : 25 <-- 0.313871 s
currentSize : 26 <-- 0.340736 s
currentSize : 27 <-- 0.365229 s
currentSize : 28 <-- 2.522048 s
currentSize : 29 <-- 28.772997 s
currentSize : 30 <-- 32.725380 s
currentSize : 31 <-- 352.513580 s

TIMEOUT
maxsize : 31
nodes : 237500473.000000
filtered : 2940198090.000000
time : 1000.000061
