Parameters: GAD=1 vflib=1 dir=0 label=0 lowerbound=1 fileNameGp=../../cp2016-max-common-connected-subgraph-paper/datasets/graphsdb/mcs10/bvg/b03m/mcs10_b03m_s40.A00 fileNameGt=../../cp2016-max-common-connected-subgraph-paper/datasets/graphsdb/mcs10/bvg/b03m/mcs10_b03m_s40.B00
Reading graphs...
40 :  58
40 :  59
Initializing...
maxdom : 40
D->valSize : 1600
Solving...
currentSize : 20 <-- 0.037957 s
currentSize : 21 <-- 0.038131 s
currentSize : 22 <-- 0.039686 s
currentSize : 23 <-- 0.807153 s
currentSize : 24 <-- 41.135574 s
currentSize : 25 <-- 171.147263 s
currentSize : 26 <-- 825.966858 s

TIMEOUT
maxsize : 26
nodes : 235652097.000000
filtered : 2595717731.000000
time : 1000.000000
