Parameters: GAD=1 vflib=1 dir=0 label=0 lowerbound=1 fileNameGp=../../cp2016-max-common-connected-subgraph-paper/datasets/graphsdb/mcs10/rand/r01/mcs10_r01_s30.A02 fileNameGt=../../cp2016-max-common-connected-subgraph-paper/datasets/graphsdb/mcs10/rand/r01/mcs10_r01_s30.B02
Reading graphs...
30 :  84
30 :  84
Initializing...
maxdom : 30
D->valSize : 900
Solving...
currentSize : 11 <-- 0.010851 s
currentSize : 12 <-- 0.010869 s
currentSize : 13 <-- 0.011007 s
currentSize : 14 <-- 0.011241 s
currentSize : 15 <-- 0.015825 s
currentSize : 16 <-- 0.029448 s
currentSize : 17 <-- 1.079185 s
currentSize : 18 <-- 28.728939 s
currentSize : 19 <-- 82.761482 s

maxsize : 19
nodes : 28782442.000000
filtered : 643204575.000000
time : 141.679443
