Parameters: GAD=1 vflib=1 dir=0 label=0 lowerbound=1 fileNameGp=../../cp2016-max-common-connected-subgraph-paper/datasets/graphsdb/mcs10/m2D/m2Dr6/mcs10_m2Dr6_s50.A07 fileNameGt=../../cp2016-max-common-connected-subgraph-paper/datasets/graphsdb/mcs10/m2D/m2Dr6/mcs10_m2Dr6_s50.B07
Reading graphs...
50 :  109
50 :  112
Initializing...
maxdom : 50
D->valSize : 2500
Solving...
currentSize : 22 <-- 0.124023 s
currentSize : 23 <-- 0.124065 s
currentSize : 24 <-- 0.139464 s
currentSize : 25 <-- 0.288342 s
currentSize : 26 <-- 0.850114 s
currentSize : 27 <-- 4.551160 s
currentSize : 28 <-- 57.322865 s

TIMEOUT
maxsize : 28
nodes : 196559498.000000
filtered : 2961840629.000000
time : 1000.000061
