Parameters: GAD=1 vflib=1 dir=0 label=0 lowerbound=1 fileNameGp=../../cp2016-max-common-connected-subgraph-paper/datasets/graphsdb/mcs10/bvg/b03/mcs10_b03_s40.A05 fileNameGt=../../cp2016-max-common-connected-subgraph-paper/datasets/graphsdb/mcs10/bvg/b03/mcs10_b03_s40.B05
Reading graphs...
40 :  60
40 :  59
Initializing...
maxdom : 40
D->valSize : 1600
Solving...
currentSize : 16 <-- 0.037052 s
currentSize : 17 <-- 0.037148 s
currentSize : 18 <-- 0.040433 s
currentSize : 19 <-- 0.069573 s
currentSize : 20 <-- 0.191567 s
currentSize : 21 <-- 0.627126 s
currentSize : 22 <-- 1.585396 s
currentSize : 23 <-- 7.735093 s
currentSize : 24 <-- 254.752655 s

TIMEOUT
maxsize : 24
nodes : 258368229.000000
filtered : 2875997215.000000
time : 1000.000000
