Parameters: GAD=1 vflib=1 dir=0 label=0 lowerbound=1 fileNameGp=../../cp2016-max-common-connected-subgraph-paper/datasets/graphsdb/mcs10/rand/r005/mcs10_r005_s40.A08 fileNameGt=../../cp2016-max-common-connected-subgraph-paper/datasets/graphsdb/mcs10/rand/r005/mcs10_r005_s40.B08
Reading graphs...
40 :  81
40 :  79
Initializing...
maxdom : 40
D->valSize : 1600
Solving...
currentSize : 14 <-- 0.036902 s
currentSize : 15 <-- 0.036979 s
currentSize : 16 <-- 0.037001 s
currentSize : 17 <-- 0.037182 s
currentSize : 18 <-- 0.052114 s
currentSize : 19 <-- 0.908187 s
currentSize : 20 <-- 0.910789 s
currentSize : 21 <-- 2.847249 s
currentSize : 22 <-- 16.655134 s
currentSize : 23 <-- 299.524994 s
currentSize : 24 <-- 360.455048 s
currentSize : 25 <-- 913.602295 s

TIMEOUT
maxsize : 25
nodes : 220537133.000000
filtered : 3452183782.000000
time : 1000.000000
