Parameters: GAD=1 vflib=1 dir=0 label=0 lowerbound=1 fileNameGp=../../cp2016-max-common-connected-subgraph-paper/datasets/graphsdb/mcs10/rand/r01/mcs10_r01_s30.A04 fileNameGt=../../cp2016-max-common-connected-subgraph-paper/datasets/graphsdb/mcs10/rand/r01/mcs10_r01_s30.B04
Reading graphs...
30 :  87
30 :  83
Initializing...
maxdom : 30
D->valSize : 900
Solving...
currentSize : 13 <-- 0.010102 s
currentSize : 14 <-- 0.010391 s
currentSize : 15 <-- 0.053089 s
currentSize : 16 <-- 0.166435 s
currentSize : 17 <-- 0.411788 s
currentSize : 18 <-- 34.542728 s

maxsize : 18
nodes : 34620416.000000
filtered : 746878052.000000
time : 163.105209
