Parameters: GAD=1 vflib=1 dir=0 label=0 lowerbound=1 fileNameGp=../../cp2016-max-common-connected-subgraph-paper/datasets/graphsdb/mcs10/rand/r005/mcs10_r005_s40.A01 fileNameGt=../../cp2016-max-common-connected-subgraph-paper/datasets/graphsdb/mcs10/rand/r005/mcs10_r005_s40.B01
Reading graphs...
40 :  80
40 :  78
Initializing...
maxdom : 40
D->valSize : 1600
Solving...
currentSize : 19 <-- 0.035288 s
currentSize : 20 <-- 0.035728 s
currentSize : 21 <-- 0.036276 s
currentSize : 22 <-- 0.151394 s
currentSize : 23 <-- 2.481501 s
currentSize : 24 <-- 6.468014 s
currentSize : 25 <-- 7.920022 s
currentSize : 26 <-- 14.808055 s
currentSize : 27 <-- 637.781250 s

TIMEOUT
maxsize : 27
nodes : 168064016.000000
filtered : 4261501988.000000
time : 1000.000000
