Parameters: GAD=1 vflib=1 dir=0 label=0 lowerbound=1 fileNameGp=../../cp2016-max-common-connected-subgraph-paper/datasets/graphsdb/mcs10/rand/r01/mcs10_r01_s40.A06 fileNameGt=../../cp2016-max-common-connected-subgraph-paper/datasets/graphsdb/mcs10/rand/r01/mcs10_r01_s40.B06
Reading graphs...
40 :  151
40 :  151
Initializing...
maxdom : 40
D->valSize : 1600
Solving...
currentSize : 14 <-- 0.052629 s
currentSize : 15 <-- 0.052681 s
currentSize : 16 <-- 0.052779 s
currentSize : 17 <-- 0.053616 s
currentSize : 18 <-- 0.056311 s
currentSize : 19 <-- 1.903074 s
currentSize : 20 <-- 4.757975 s
currentSize : 21 <-- 137.747757 s

TIMEOUT
maxsize : 21
nodes : 181287252.000000
filtered : 3923400480.000000
time : 1000.000000
