Parameters: GAD=1 vflib=1 dir=0 label=0 lowerbound=1 fileNameGp=../../cp2016-max-common-connected-subgraph-paper/datasets/graphsdb/mcs10/rand/r01/mcs10_r01_s35.A00 fileNameGt=../../cp2016-max-common-connected-subgraph-paper/datasets/graphsdb/mcs10/rand/r01/mcs10_r01_s35.B00
Reading graphs...
35 :  114
35 :  116
Initializing...
maxdom : 35
D->valSize : 1225
Solving...
currentSize : 13 <-- 0.019110 s
currentSize : 14 <-- 0.019143 s
currentSize : 15 <-- 0.019218 s
currentSize : 16 <-- 0.019647 s
currentSize : 17 <-- 0.021551 s
currentSize : 18 <-- 0.027906 s
currentSize : 19 <-- 0.027917 s
currentSize : 20 <-- 606.459717 s

TIMEOUT
maxsize : 20
nodes : 191453358.000000
filtered : 4303398673.000000
time : 1000.000000
