Parameters: GAD=1 vflib=1 dir=0 label=0 lowerbound=1 fileNameGp=../../cp2016-max-common-connected-subgraph-paper/datasets/graphsdb/mcs10/m2D/m2Dr4/mcs10_m2Dr4_s40.A05 fileNameGt=../../cp2016-max-common-connected-subgraph-paper/datasets/graphsdb/mcs10/m2D/m2Dr4/mcs10_m2Dr4_s40.B05
Reading graphs...
40 :  82
40 :  81
Initializing...
maxdom : 40
D->valSize : 1600
Solving...
currentSize : 18 <-- 0.035489 s
currentSize : 19 <-- 0.035554 s
currentSize : 20 <-- 0.316829 s
currentSize : 21 <-- 2.297950 s
currentSize : 22 <-- 2.349406 s
currentSize : 23 <-- 18.661156 s
currentSize : 24 <-- 40.848537 s
currentSize : 25 <-- 86.551651 s
currentSize : 26 <-- 130.131958 s

TIMEOUT
maxsize : 26
nodes : 170156619.000000
filtered : 4267050117.000000
time : 1000.000000
