Parameters: GAD=1 vflib=1 dir=0 label=0 lowerbound=1 fileNameGp=../../cp2016-max-common-connected-subgraph-paper/datasets/graphsdb/mcs10/rand/r005/mcs10_r005_s30.A06 fileNameGt=../../cp2016-max-common-connected-subgraph-paper/datasets/graphsdb/mcs10/rand/r005/mcs10_r005_s30.B06
Reading graphs...
30 :  44
30 :  45
Initializing...
maxdom : 30
D->valSize : 900
Solving...
currentSize : 15 <-- 0.011100 s
currentSize : 16 <-- 0.012581 s
currentSize : 17 <-- 0.014208 s
currentSize : 18 <-- 1.165033 s
currentSize : 19 <-- 1.442496 s
currentSize : 20 <-- 2.704043 s
currentSize : 21 <-- 22.953508 s

maxsize : 21
nodes : 15231052.000000
filtered : 259241952.000000
time : 65.268890
