Parameters: GAD=1 vflib=1 dir=0 label=0 lowerbound=1 fileNameGp=../../cp2016-max-common-connected-subgraph-paper/datasets/graphsdb/mcs10/bvg/b03m/mcs10_b03m_s40.A01 fileNameGt=../../cp2016-max-common-connected-subgraph-paper/datasets/graphsdb/mcs10/bvg/b03m/mcs10_b03m_s40.B01
Reading graphs...
40 :  59
40 :  58
Initializing...
maxdom : 40
D->valSize : 1600
Solving...
currentSize : 11 <-- 0.036755 s
currentSize : 17 <-- 0.037380 s
currentSize : 20 <-- 0.037574 s
currentSize : 21 <-- 4.498428 s
currentSize : 22 <-- 25.017254 s
currentSize : 23 <-- 25.034405 s
currentSize : 24 <-- 25.034460 s
currentSize : 25 <-- 468.750214 s

TIMEOUT
maxsize : 25
nodes : 236221884.000000
filtered : 2691909528.000000
time : 1000.000000
