Parameters: GAD=1 vflib=1 dir=0 label=0 lowerbound=1 fileNameGp=../../cp2016-max-common-connected-subgraph-paper/datasets/graphsdb/mcs10/m2D/m2Dr4/mcs10_m2Dr4_s50.A07 fileNameGt=../../cp2016-max-common-connected-subgraph-paper/datasets/graphsdb/mcs10/m2D/m2Dr4/mcs10_m2Dr4_s50.B07
Reading graphs...
50 :  103
50 :  105
Initializing...
maxdom : 50
D->valSize : 2500
Solving...
currentSize : 19 <-- 0.095453 s
currentSize : 20 <-- 0.096488 s
currentSize : 21 <-- 0.107701 s
currentSize : 23 <-- 0.119547 s
currentSize : 24 <-- 1.421194 s
currentSize : 25 <-- 9.113560 s
currentSize : 26 <-- 88.386200 s

TIMEOUT
maxsize : 26
nodes : 236647290.000000
filtered : 2223529781.000000
time : 1000.000000
