Parameters: GAD=1 vflib=1 dir=0 label=0 lowerbound=1 fileNameGp=../../cp2016-max-common-connected-subgraph-paper/datasets/graphsdb/mcs10/rand/r02/mcs10_r02_s30.A05 fileNameGt=../../cp2016-max-common-connected-subgraph-paper/datasets/graphsdb/mcs10/rand/r02/mcs10_r02_s30.B05
Reading graphs...
30 :  156
30 :  155
Initializing...
maxdom : 30
D->valSize : 900
Solving...
currentSize : 10 <-- 0.009274 s
currentSize : 11 <-- 0.009333 s
currentSize : 12 <-- 0.010075 s
currentSize : 13 <-- 0.072420 s
currentSize : 14 <-- 3.410452 s
currentSize : 15 <-- 5.541596 s

maxsize : 15
nodes : 57835411.000000
filtered : 885331498.000000
time : 249.457886
