Parameters: GAD=1 vflib=1 dir=0 label=0 lowerbound=1 fileNameGp=../../cp2016-max-common-connected-subgraph-paper/datasets/graphsdb/mcs10/m2D/m2D/mcs10_m2D_s40.A02 fileNameGt=../../cp2016-max-common-connected-subgraph-paper/datasets/graphsdb/mcs10/m2D/m2D/mcs10_m2D_s40.B02
Reading graphs...
40 :  67
40 :  66
Initializing...
maxdom : 40
D->valSize : 1600
Solving...
currentSize : 16 <-- 0.036121 s
currentSize : 17 <-- 0.036154 s
currentSize : 19 <-- 0.036237 s
currentSize : 20 <-- 0.036285 s
currentSize : 21 <-- 0.036722 s
currentSize : 22 <-- 0.044427 s
currentSize : 23 <-- 0.057651 s
currentSize : 24 <-- 0.376345 s
currentSize : 25 <-- 3.722700 s
currentSize : 26 <-- 6.909288 s
currentSize : 27 <-- 8.602137 s
currentSize : 28 <-- 8.609809 s

TIMEOUT
maxsize : 28
nodes : 160087659.000000
filtered : 4220831345.000000
time : 1000.000000
