Parameters: GAD=1 vflib=1 dir=0 label=0 lowerbound=1 fileNameGp=../../cp2016-max-common-connected-subgraph-paper/datasets/graphsdb/mcs10/m2D/m2Dr6/mcs10_m2Dr6_s40.A04 fileNameGt=../../cp2016-max-common-connected-subgraph-paper/datasets/graphsdb/mcs10/m2D/m2Dr6/mcs10_m2Dr6_s40.B04
Reading graphs...
40 :  89
40 :  90
Initializing...
maxdom : 40
D->valSize : 1600
Solving...
currentSize : 16 <-- 0.035281 s
currentSize : 19 <-- 0.035432 s
currentSize : 20 <-- 0.035443 s
currentSize : 21 <-- 0.061486 s
currentSize : 22 <-- 0.437754 s
currentSize : 23 <-- 0.692944 s
currentSize : 24 <-- 37.342464 s
currentSize : 25 <-- 37.821957 s

TIMEOUT
maxsize : 25
nodes : 170032364.000000
filtered : 4109439707.000000
time : 1000.000061
