Parameters: GAD=1 vflib=1 dir=0 label=0 lowerbound=1 fileNameGp=../../cp2016-max-common-connected-subgraph-paper/datasets/graphsdb/mcs10/m2D/m2D/mcs10_m2D_s50.A09 fileNameGt=../../cp2016-max-common-connected-subgraph-paper/datasets/graphsdb/mcs10/m2D/m2D/mcs10_m2D_s50.B09
Reading graphs...
50 :  85
50 :  84
Initializing...
maxdom : 50
D->valSize : 2500
Solving...
currentSize : 21 <-- 0.097800 s
currentSize : 24 <-- 0.098396 s
currentSize : 25 <-- 0.106666 s
currentSize : 26 <-- 0.111518 s
currentSize : 27 <-- 0.113331 s
currentSize : 28 <-- 1.488938 s
currentSize : 29 <-- 13.815658 s
currentSize : 30 <-- 74.346130 s

TIMEOUT
maxsize : 30
nodes : 187134371.000000
filtered : 2813260688.000000
time : 1000.000000
