Parameters: GAD=1 vflib=1 dir=0 label=0 lowerbound=1 fileNameGp=../../cp2016-max-common-connected-subgraph-paper/datasets/graphsdb/mcs10/rand/r01/mcs10_r01_s30.A03 fileNameGt=../../cp2016-max-common-connected-subgraph-paper/datasets/graphsdb/mcs10/rand/r01/mcs10_r01_s30.B03
Reading graphs...
30 :  83
30 :  84
Initializing...
maxdom : 30
D->valSize : 900
Solving...
currentSize : 13 <-- 0.010165 s
currentSize : 14 <-- 0.010190 s
currentSize : 15 <-- 0.013351 s
currentSize : 16 <-- 0.031661 s
currentSize : 17 <-- 1.365982 s
currentSize : 18 <-- 55.387505 s

maxsize : 18
nodes : 54963796.000000
filtered : 1175611384.000000
time : 260.746460
