Parameters: GAD=1 vflib=1 dir=0 label=0 lowerbound=1 fileNameGp=../../cp2016-max-common-connected-subgraph-paper/datasets/graphsdb/mcs10/m2D/m2Dr6/mcs10_m2Dr6_s40.A01 fileNameGt=../../cp2016-max-common-connected-subgraph-paper/datasets/graphsdb/mcs10/m2D/m2Dr6/mcs10_m2Dr6_s40.B01
Reading graphs...
40 :  87
40 :  88
Initializing...
maxdom : 40
D->valSize : 1600
Solving...
currentSize : 14 <-- 0.049485 s
currentSize : 16 <-- 0.049544 s
currentSize : 17 <-- 0.049771 s
currentSize : 19 <-- 0.050601 s
currentSize : 20 <-- 0.051338 s
currentSize : 21 <-- 0.056174 s
currentSize : 22 <-- 0.166498 s
currentSize : 23 <-- 0.260571 s
currentSize : 24 <-- 18.045948 s
currentSize : 25 <-- 256.975037 s

TIMEOUT
maxsize : 25
nodes : 168162665.000000
filtered : 4268070569.000000
time : 1000.000061
