Parameters: GAD=1 vflib=1 dir=0 label=0 lowerbound=1 fileNameGp=../../cp2016-max-common-connected-subgraph-paper/datasets/graphsdb/mcs10/rand/r005/mcs10_r005_s35.A00 fileNameGt=../../cp2016-max-common-connected-subgraph-paper/datasets/graphsdb/mcs10/rand/r005/mcs10_r005_s35.B00
Reading graphs...
35 :  60
35 :  60
Initializing...
maxdom : 35
D->valSize : 1225
Solving...
currentSize : 19 <-- 0.036263 s
currentSize : 20 <-- 0.036329 s
currentSize : 21 <-- 0.221739 s
currentSize : 22 <-- 3.992721 s
currentSize : 23 <-- 9.351617 s
currentSize : 24 <-- 11.179746 s
currentSize : 25 <-- 11.179943 s

maxsize : 25
nodes : 48482159.000000
filtered : 1358024196.000000
time : 285.222473
