Parameters: GAD=1 vflib=1 dir=0 label=0 lowerbound=1 fileNameGp=../../cp2016-max-common-connected-subgraph-paper/datasets/graphsdb/mcs10/rand/r005/mcs10_r005_s25.A01 fileNameGt=../../cp2016-max-common-connected-subgraph-paper/datasets/graphsdb/mcs10/rand/r005/mcs10_r005_s25.B01
Reading graphs...
25 :  30
25 :  30
Initializing...
maxdom : 25
D->valSize : 625
Solving...
currentSize : 13 <-- 0.005254 s
currentSize : 14 <-- 0.005291 s
currentSize : 15 <-- 0.005310 s
currentSize : 16 <-- 0.008663 s
currentSize : 17 <-- 0.627282 s
currentSize : 18 <-- 1.553019 s

maxsize : 18
nodes : 1095118.000000
filtered : 11090380.000000
time : 3.250927
