Parameters: GAD=1 vflib=1 dir=0 label=0 lowerbound=1 fileNameGp=../../cp2016-max-common-connected-subgraph-paper/datasets/graphsdb/mcs10/rand/r005/mcs10_r005_s50.A08 fileNameGt=../../cp2016-max-common-connected-subgraph-paper/datasets/graphsdb/mcs10/rand/r005/mcs10_r005_s50.B08
Reading graphs...
50 :  124
50 :  119
Initializing...
maxdom : 50
D->valSize : 2500
Solving...
currentSize : 17 <-- 0.161372 s
currentSize : 18 <-- 0.161572 s
currentSize : 19 <-- 0.161791 s
currentSize : 20 <-- 0.162241 s
currentSize : 21 <-- 0.163941 s
currentSize : 22 <-- 0.288713 s
currentSize : 23 <-- 0.328084 s
currentSize : 24 <-- 0.625362 s
currentSize : 25 <-- 26.720364 s
currentSize : 26 <-- 259.873718 s
currentSize : 27 <-- 309.089630 s
currentSize : 28 <-- 539.905701 s

TIMEOUT
maxsize : 28
nodes : 191308321.000000
filtered : 3146946460.000000
time : 1000.000000
