Parameters: GAD=1 vflib=1 dir=0 label=0 lowerbound=1 fileNameGp=../../cp2016-max-common-connected-subgraph-paper/datasets/graphsdb/mcs10/rand/r005/mcs10_r005_s50.A07 fileNameGt=../../cp2016-max-common-connected-subgraph-paper/datasets/graphsdb/mcs10/rand/r005/mcs10_r005_s50.B07
Reading graphs...
50 :  121
50 :  124
Initializing...
maxdom : 50
D->valSize : 2500
Solving...
currentSize : 22 <-- 0.094601 s
currentSize : 23 <-- 0.095203 s
currentSize : 24 <-- 1.440612 s
currentSize : 25 <-- 1.440854 s
currentSize : 26 <-- 15.433534 s
currentSize : 27 <-- 46.698601 s
currentSize : 28 <-- 47.927593 s
currentSize : 29 <-- 808.238281 s

TIMEOUT
maxsize : 29
nodes : 162150934.000000
filtered : 3826687760.000000
time : 1000.000000
