Parameters: GAD=1 vflib=1 dir=0 label=0 lowerbound=1 fileNameGp=../../cp2016-max-common-connected-subgraph-paper/datasets/graphsdb/mcs10/m2D/m2Dr6/mcs10_m2Dr6_s40.A02 fileNameGt=../../cp2016-max-common-connected-subgraph-paper/datasets/graphsdb/mcs10/m2D/m2Dr6/mcs10_m2Dr6_s40.B02
Reading graphs...
40 :  87
40 :  89
Initializing...
maxdom : 40
D->valSize : 1600
Solving...
currentSize : 18 <-- 0.034956 s
currentSize : 19 <-- 0.035060 s
currentSize : 20 <-- 0.070989 s
currentSize : 21 <-- 0.091424 s
currentSize : 22 <-- 1.479918 s
currentSize : 23 <-- 62.891636 s
currentSize : 24 <-- 155.982208 s
currentSize : 25 <-- 647.566956 s

TIMEOUT
maxsize : 25
nodes : 177404866.000000
filtered : 3842686209.000000
time : 1000.000061
