Parameters: GAD=1 vflib=1 dir=0 label=0 lowerbound=1 fileNameGp=../../cp2016-max-common-connected-subgraph-paper/datasets/graphsdb/mcs10/rand/r01/mcs10_r01_s35.A01 fileNameGt=../../cp2016-max-common-connected-subgraph-paper/datasets/graphsdb/mcs10/rand/r01/mcs10_r01_s35.B01
Reading graphs...
35 :  117
35 :  117
Initializing...
maxdom : 35
D->valSize : 1225
Solving...
currentSize : 12 <-- 0.018801 s
currentSize : 13 <-- 0.018826 s
currentSize : 15 <-- 0.018853 s
currentSize : 16 <-- 0.087724 s
currentSize : 17 <-- 0.176240 s
currentSize : 18 <-- 0.597048 s
currentSize : 19 <-- 28.297359 s
currentSize : 20 <-- 688.355652 s

TIMEOUT
maxsize : 20
nodes : 190949731.000000
filtered : 4312546892.000000
time : 1000.000000
