Parameters: GAD=1 vflib=1 dir=0 label=0 lowerbound=1 fileNameGp=../../cp2016-max-common-connected-subgraph-paper/datasets/graphsdb/mcs10/bvg/b03/mcs10_b03_s40.A07 fileNameGt=../../cp2016-max-common-connected-subgraph-paper/datasets/graphsdb/mcs10/bvg/b03/mcs10_b03_s40.B07
Reading graphs...
40 :  60
40 :  60
Initializing...
maxdom : 40
D->valSize : 1600
Solving...
currentSize : 5 <-- 0.037595 s
currentSize : 16 <-- 0.037776 s
currentSize : 17 <-- 0.037834 s
currentSize : 18 <-- 0.048147 s
currentSize : 20 <-- 0.049576 s
currentSize : 21 <-- 0.055389 s
currentSize : 22 <-- 0.111140 s
currentSize : 24 <-- 0.111783 s
currentSize : 25 <-- 2.055033 s
currentSize : 27 <-- 3.350013 s
currentSize : 28 <-- 39.229088 s
currentSize : 29 <-- 709.986084 s
currentSize : 30 <-- 828.494141 s

TIMEOUT
maxsize : 30
nodes : 163187974.000000
filtered : 3856175007.000000
time : 1000.000000
