Parameters: GAD=1 vflib=1 dir=0 label=0 lowerbound=1 fileNameGp=../../cp2016-max-common-connected-subgraph-paper/datasets/graphsdb/mcs10/m2D/m2Dr6/mcs10_m2Dr6_s50.A05 fileNameGt=../../cp2016-max-common-connected-subgraph-paper/datasets/graphsdb/mcs10/m2D/m2Dr6/mcs10_m2Dr6_s50.B05
Reading graphs...
50 :  114
50 :  112
Initializing...
maxdom : 50
D->valSize : 2500
Solving...
currentSize : 22 <-- 0.162522 s
currentSize : 23 <-- 0.163683 s
currentSize : 24 <-- 0.253819 s
currentSize : 25 <-- 0.475642 s
currentSize : 26 <-- 0.480228 s
currentSize : 27 <-- 7.351952 s
currentSize : 28 <-- 14.547284 s
currentSize : 29 <-- 42.811279 s
currentSize : 30 <-- 61.798183 s
currentSize : 31 <-- 566.535522 s

TIMEOUT
maxsize : 31
nodes : 158873371.000000
filtered : 3904580736.000000
time : 1000.000061
