Parameters: GAD=1 vflib=1 dir=0 label=0 lowerbound=1 fileNameGp=../../cp2016-max-common-connected-subgraph-paper/datasets/graphsdb/mcs10/bvg/b03m/mcs10_b03m_s50.A07 fileNameGt=../../cp2016-max-common-connected-subgraph-paper/datasets/graphsdb/mcs10/bvg/b03m/mcs10_b03m_s50.B07
Reading graphs...
50 :  73
50 :  74
Initializing...
maxdom : 50
D->valSize : 2500
Solving...
currentSize : 14 <-- 0.107653 s
currentSize : 15 <-- 0.107777 s
currentSize : 17 <-- 0.109849 s
currentSize : 18 <-- 0.109978 s
currentSize : 19 <-- 0.110504 s
currentSize : 20 <-- 0.114554 s
currentSize : 21 <-- 0.412791 s
currentSize : 22 <-- 0.690617 s
currentSize : 23 <-- 7.968343 s
currentSize : 24 <-- 10.810156 s
currentSize : 25 <-- 11.208818 s
currentSize : 26 <-- 33.371880 s
currentSize : 27 <-- 62.203964 s
currentSize : 28 <-- 862.130981 s
currentSize : 29 <-- 862.197815 s
currentSize : 30 <-- 897.170166 s

TIMEOUT
maxsize : 30
nodes : 244522269.000000
filtered : 2472165249.000000
time : 1000.000000
