Parameters: GAD=1 vflib=1 dir=0 label=0 lowerbound=1 fileNameGp=../../cp2016-max-common-connected-subgraph-paper/datasets/graphsdb/mcs10/rand/r01/mcs10_r01_s30.A09 fileNameGt=../../cp2016-max-common-connected-subgraph-paper/datasets/graphsdb/mcs10/rand/r01/mcs10_r01_s30.B09
Reading graphs...
30 :  84
30 :  85
Initializing...
maxdom : 30
D->valSize : 900
Solving...
currentSize : 9 <-- 0.010181 s
currentSize : 10 <-- 0.010223 s
currentSize : 12 <-- 0.010239 s
currentSize : 13 <-- 0.010293 s
currentSize : 14 <-- 0.010420 s
currentSize : 15 <-- 0.011650 s
currentSize : 16 <-- 0.011874 s
currentSize : 17 <-- 0.058934 s
currentSize : 18 <-- 1.166711 s

maxsize : 18
nodes : 52505559.000000
filtered : 1149230317.000000
time : 251.015762
