Parameters: GAD=1 vflib=1 dir=0 label=0 lowerbound=1 fileNameGp=../../cp2016-max-common-connected-subgraph-paper/datasets/graphsdb/mcs10/bvg/b03m/mcs10_b03m_s40.A07 fileNameGt=../../cp2016-max-common-connected-subgraph-paper/datasets/graphsdb/mcs10/bvg/b03m/mcs10_b03m_s40.B07
Reading graphs...
40 :  59
40 :  59
Initializing...
maxdom : 40
D->valSize : 1600
Solving...
currentSize : 18 <-- 0.037343 s
currentSize : 19 <-- 0.037390 s
currentSize : 20 <-- 0.037464 s
currentSize : 23 <-- 0.037494 s
currentSize : 24 <-- 0.464272 s
currentSize : 25 <-- 4.210045 s
currentSize : 26 <-- 18.169464 s
currentSize : 27 <-- 54.818241 s
currentSize : 28 <-- 199.762360 s
currentSize : 29 <-- 536.227112 s
currentSize : 30 <-- 618.664490 s

TIMEOUT
maxsize : 30
nodes : 165859837.000000
filtered : 3932081099.000000
time : 1000.000061
