Parameters: GAD=1 vflib=1 dir=0 label=0 lowerbound=1 fileNameGp=../../cp2016-max-common-connected-subgraph-paper/datasets/graphsdb/mcs10/m2D/m2Dr4/mcs10_m2Dr4_s40.A08 fileNameGt=../../cp2016-max-common-connected-subgraph-paper/datasets/graphsdb/mcs10/m2D/m2Dr4/mcs10_m2Dr4_s40.B08
Reading graphs...
40 :  81
40 :  82
Initializing...
maxdom : 40
D->valSize : 1600
Solving...
currentSize : 16 <-- 0.035558 s
currentSize : 17 <-- 0.035595 s
currentSize : 18 <-- 0.035612 s
currentSize : 19 <-- 0.035620 s
currentSize : 20 <-- 0.036170 s
currentSize : 21 <-- 0.040708 s
currentSize : 22 <-- 0.213297 s
currentSize : 23 <-- 1.487259 s
currentSize : 24 <-- 3.749266 s
currentSize : 25 <-- 42.030033 s

TIMEOUT
maxsize : 25
nodes : 185919519.000000
filtered : 3893178967.000000
time : 1000.000000
