Parameters: GAD=1 vflib=1 dir=0 label=0 lowerbound=1 fileNameGp=../../cp2016-max-common-connected-subgraph-paper/datasets/graphsdb/mcs10/bvg/b03m/mcs10_b03m_s50.A00 fileNameGt=../../cp2016-max-common-connected-subgraph-paper/datasets/graphsdb/mcs10/bvg/b03m/mcs10_b03m_s50.B00
Reading graphs...
50 :  73
50 :  72
Initializing...
maxdom : 50
D->valSize : 2500
Solving...
currentSize : 24 <-- 0.099512 s
currentSize : 25 <-- 0.100950 s
currentSize : 26 <-- 0.118011 s
currentSize : 27 <-- 0.120854 s
currentSize : 28 <-- 0.678472 s
currentSize : 29 <-- 0.897136 s
currentSize : 30 <-- 3.049804 s
currentSize : 31 <-- 40.876339 s
currentSize : 32 <-- 346.359222 s
currentSize : 33 <-- 703.595947 s

TIMEOUT
maxsize : 33
nodes : 219734121.000000
filtered : 2362587438.000000
time : 1000.000061
