Parameters: GAD=1 vflib=1 dir=0 label=0 lowerbound=1 fileNameGp=../../cp2016-max-common-connected-subgraph-paper/datasets/graphsdb/mcs10/rand/r005/mcs10_r005_s35.A06 fileNameGt=../../cp2016-max-common-connected-subgraph-paper/datasets/graphsdb/mcs10/rand/r005/mcs10_r005_s35.B06
Reading graphs...
35 :  60
35 :  61
Initializing...
maxdom : 35
D->valSize : 1225
Solving...
currentSize : 18 <-- 0.020541 s
currentSize : 19 <-- 0.020584 s
currentSize : 20 <-- 0.021008 s
currentSize : 21 <-- 0.023185 s
currentSize : 22 <-- 0.199495 s
currentSize : 23 <-- 1.083854 s
currentSize : 24 <-- 207.173721 s

TIMEOUT
maxsize : 24
nodes : 188401130.000000
filtered : 4086836846.000000
time : 1000.000000
