Parameters: GAD=1 vflib=1 dir=0 label=0 lowerbound=1 fileNameGp=../../cp2016-max-common-connected-subgraph-paper/datasets/graphsdb/mcs10/m2D/m2Dr4/mcs10_m2Dr4_s40.A04 fileNameGt=../../cp2016-max-common-connected-subgraph-paper/datasets/graphsdb/mcs10/m2D/m2Dr4/mcs10_m2Dr4_s40.B04
Reading graphs...
40 :  82
40 :  80
Initializing...
maxdom : 40
D->valSize : 1600
Solving...
currentSize : 13 <-- 0.035818 s
currentSize : 17 <-- 0.035869 s
currentSize : 18 <-- 0.036074 s
currentSize : 19 <-- 0.039071 s
currentSize : 20 <-- 0.417835 s
currentSize : 21 <-- 0.445085 s
currentSize : 22 <-- 1.646003 s
currentSize : 23 <-- 1.662001 s
currentSize : 24 <-- 6.318529 s
currentSize : 25 <-- 84.296722 s
currentSize : 26 <-- 307.663544 s

TIMEOUT
maxsize : 26
nodes : 168343491.000000
filtered : 4477324866.000000
time : 1000.000061
