Parameters: GAD=1 vflib=1 dir=0 label=0 lowerbound=1 fileNameGp=../../cp2016-max-common-connected-subgraph-paper/datasets/graphsdb/mcs10/rand/r01/mcs10_r01_s40.A07 fileNameGt=../../cp2016-max-common-connected-subgraph-paper/datasets/graphsdb/mcs10/rand/r01/mcs10_r01_s40.B07
Reading graphs...
40 :  148
40 :  149
Initializing...
maxdom : 40
D->valSize : 1600
Solving...
currentSize : 12 <-- 0.033199 s
currentSize : 15 <-- 0.033251 s
currentSize : 16 <-- 0.033266 s
currentSize : 17 <-- 0.059302 s
currentSize : 18 <-- 0.111733 s
currentSize : 19 <-- 0.151810 s
currentSize : 20 <-- 5.908491 s
currentSize : 21 <-- 21.800163 s

TIMEOUT
maxsize : 21
nodes : 178518511.000000
filtered : 3966101675.000000
time : 1000.000000
