Parameters: GAD=1 vflib=1 dir=0 label=0 lowerbound=1 fileNameGp=../../cp2016-max-common-connected-subgraph-paper/datasets/graphsdb/mcs10/m2D/m2Dr4/mcs10_m2Dr4_s50.A00 fileNameGt=../../cp2016-max-common-connected-subgraph-paper/datasets/graphsdb/mcs10/m2D/m2Dr4/mcs10_m2Dr4_s50.B00
Reading graphs...
50 :  104
50 :  103
Initializing...
maxdom : 50
D->valSize : 2500
Solving...
currentSize : 21 <-- 0.097115 s
currentSize : 22 <-- 0.098732 s
currentSize : 23 <-- 0.239363 s
currentSize : 24 <-- 4.263813 s
currentSize : 25 <-- 4.572478 s
currentSize : 26 <-- 53.218414 s
currentSize : 27 <-- 85.167152 s

TIMEOUT
maxsize : 27
nodes : 250959959.000000
filtered : 2311184951.000000
time : 1000.000000
