Parameters: GAD=1 vflib=1 dir=0 label=0 lowerbound=1 fileNameGp=../../cp2016-max-common-connected-subgraph-paper/datasets/graphsdb/mcs10/bvg/b03/mcs10_b03_s50.A01 fileNameGt=../../cp2016-max-common-connected-subgraph-paper/datasets/graphsdb/mcs10/bvg/b03/mcs10_b03_s50.B01
Reading graphs...
50 :  75
50 :  75
Initializing...
maxdom : 50
D->valSize : 2500
Solving...
currentSize : 21 <-- 0.102689 s
currentSize : 22 <-- 0.103429 s
currentSize : 23 <-- 0.163057 s
currentSize : 24 <-- 0.633915 s
currentSize : 25 <-- 2.051084 s
currentSize : 26 <-- 25.534172 s
currentSize : 27 <-- 111.895042 s
currentSize : 28 <-- 157.795074 s

TIMEOUT
maxsize : 28
nodes : 250107993.000000
filtered : 3022105471.000000
time : 1000.000061
