Parameters: GAD=1 vflib=1 dir=0 label=0 lowerbound=1 fileNameGp=../../cp2016-max-common-connected-subgraph-paper/datasets/graphsdb/mcs10/rand/r01/mcs10_r01_s30.A08 fileNameGt=../../cp2016-max-common-connected-subgraph-paper/datasets/graphsdb/mcs10/rand/r01/mcs10_r01_s30.B08
Reading graphs...
30 :  82
30 :  86
Initializing...
maxdom : 30
D->valSize : 900
Solving...
currentSize : 11 <-- 0.010337 s
currentSize : 13 <-- 0.010390 s
currentSize : 14 <-- 0.012605 s
currentSize : 15 <-- 0.019191 s
currentSize : 16 <-- 0.019353 s
currentSize : 17 <-- 0.200289 s
currentSize : 18 <-- 4.232772 s

maxsize : 18
nodes : 68895015.000000
filtered : 1405174267.000000
time : 318.658722
