Parameters: GAD=1 vflib=1 dir=0 label=0 lowerbound=1 fileNameGp=../../cp2016-max-common-connected-subgraph-paper/datasets/graphsdb/mcs10/rand/r005/mcs10_r005_s35.A07 fileNameGt=../../cp2016-max-common-connected-subgraph-paper/datasets/graphsdb/mcs10/rand/r005/mcs10_r005_s35.B07
Reading graphs...
35 :  61
35 :  60
Initializing...
maxdom : 35
D->valSize : 1225
Solving...
currentSize : 14 <-- 0.020491 s
currentSize : 17 <-- 0.020514 s
currentSize : 18 <-- 0.027278 s
currentSize : 19 <-- 0.147653 s
currentSize : 20 <-- 0.658222 s
currentSize : 21 <-- 15.357324 s
currentSize : 22 <-- 19.197437 s
currentSize : 23 <-- 42.757179 s
currentSize : 24 <-- 783.875000 s

TIMEOUT
maxsize : 24
nodes : 198924274.000000
filtered : 4217591375.000000
time : 1000.000000
