Parameters: GAD=1 vflib=1 dir=0 label=0 lowerbound=1 fileNameGp=../../cp2016-max-common-connected-subgraph-paper/datasets/graphsdb/mcs10/rand/r005/mcs10_r005_s30.A04 fileNameGt=../../cp2016-max-common-connected-subgraph-paper/datasets/graphsdb/mcs10/rand/r005/mcs10_r005_s30.B04
Reading graphs...
30 :  44
30 :  44
Initializing...
maxdom : 30
D->valSize : 900
Solving...
currentSize : 16 <-- 0.019593 s
currentSize : 17 <-- 0.020136 s
currentSize : 18 <-- 0.034433 s
currentSize : 19 <-- 0.065559 s
currentSize : 20 <-- 0.485710 s
currentSize : 21 <-- 1.898396 s
currentSize : 22 <-- 2.702267 s

maxsize : 22
nodes : 5909322.000000
filtered : 121777153.000000
time : 28.773165
