Parameters: GAD=1 vflib=1 dir=0 label=0 lowerbound=1 fileNameGp=../../cp2016-max-common-connected-subgraph-paper/datasets/graphsdb/mcs10/rand/r005/mcs10_r005_s50.A00 fileNameGt=../../cp2016-max-common-connected-subgraph-paper/datasets/graphsdb/mcs10/rand/r005/mcs10_r005_s50.B00
Reading graphs...
50 :  122
50 :  122
Initializing...
maxdom : 50
D->valSize : 2500
Solving...
currentSize : 22 <-- 0.095351 s
currentSize : 23 <-- 0.129079 s
currentSize : 24 <-- 0.196114 s
currentSize : 25 <-- 0.572506 s
currentSize : 26 <-- 0.880087 s
currentSize : 27 <-- 5.087382 s
currentSize : 28 <-- 24.885054 s
currentSize : 29 <-- 36.932144 s
currentSize : 30 <-- 104.880798 s

TIMEOUT
maxsize : 30
nodes : 147521315.000000
filtered : 4132168334.000000
time : 1000.000061
