Parameters: GAD=1 vflib=1 dir=0 label=0 lowerbound=1 fileNameGp=../../cp2016-max-common-connected-subgraph-paper/datasets/graphsdb/mcs10/bvg/b03/mcs10_b03_s50.A07 fileNameGt=../../cp2016-max-common-connected-subgraph-paper/datasets/graphsdb/mcs10/bvg/b03/mcs10_b03_s50.B07
Reading graphs...
50 :  73
50 :  75
Initializing...
maxdom : 50
D->valSize : 2500
Solving...
currentSize : 22 <-- 0.105836 s
currentSize : 23 <-- 0.106418 s
currentSize : 24 <-- 0.149360 s
currentSize : 25 <-- 1.986660 s
currentSize : 26 <-- 1.986924 s
currentSize : 27 <-- 2.092161 s
currentSize : 28 <-- 143.714432 s
currentSize : 29 <-- 305.285278 s

TIMEOUT
maxsize : 29
nodes : 265938872.000000
filtered : 2348766689.000000
time : 1000.000061
