Parameters: GAD=1 vflib=1 dir=0 label=0 lowerbound=1 fileNameGp=../../cp2016-max-common-connected-subgraph-paper/datasets/graphsdb/mcs10/rand/r02/mcs10_r02_s35.A07 fileNameGt=../../cp2016-max-common-connected-subgraph-paper/datasets/graphsdb/mcs10/rand/r02/mcs10_r02_s35.B07
Reading graphs...
35 :  212
35 :  217
Initializing...
maxdom : 35
D->valSize : 1225
Solving...
currentSize : 9 <-- 0.029531 s
currentSize : 10 <-- 0.029587 s
currentSize : 11 <-- 0.029661 s
currentSize : 12 <-- 0.030638 s
currentSize : 13 <-- 0.052189 s
currentSize : 14 <-- 0.060583 s
currentSize : 15 <-- 0.827471 s

TIMEOUT
maxsize : 15
nodes : 230043214.000000
filtered : 2651782528.000000
time : 1000.000061
