Parameters: GAD=1 vflib=1 dir=0 label=0 lowerbound=1 fileNameGp=../../cp2016-max-common-connected-subgraph-paper/datasets/graphsdb/mcs10/m2D/m2Dr6/mcs10_m2Dr6_s40.A07 fileNameGt=../../cp2016-max-common-connected-subgraph-paper/datasets/graphsdb/mcs10/m2D/m2Dr6/mcs10_m2Dr6_s40.B07
Reading graphs...
40 :  87
40 :  88
Initializing...
maxdom : 40
D->valSize : 1600
Solving...
currentSize : 16 <-- 0.062087 s
currentSize : 18 <-- 0.062323 s
currentSize : 19 <-- 0.062503 s
currentSize : 20 <-- 0.138433 s
currentSize : 21 <-- 0.379585 s
currentSize : 22 <-- 0.678855 s
currentSize : 23 <-- 0.681141 s
currentSize : 24 <-- 37.570526 s
currentSize : 25 <-- 62.595165 s

TIMEOUT
maxsize : 25
nodes : 171232981.000000
filtered : 4390759996.000000
time : 1000.000000
