Parameters: GAD=1 vflib=1 dir=0 label=0 lowerbound=1 fileNameGp=../../cp2016-max-common-connected-subgraph-paper/datasets/graphsdb/mcs10/bvg/b03/mcs10_b03_s40.A01 fileNameGt=../../cp2016-max-common-connected-subgraph-paper/datasets/graphsdb/mcs10/bvg/b03/mcs10_b03_s40.B01
Reading graphs...
40 :  60
40 :  60
Initializing...
maxdom : 40
D->valSize : 1600
Solving...
currentSize : 17 <-- 0.037094 s
currentSize : 18 <-- 0.037131 s
currentSize : 19 <-- 0.037319 s
currentSize : 21 <-- 0.038784 s
currentSize : 22 <-- 0.039245 s
currentSize : 23 <-- 0.059002 s
currentSize : 24 <-- 0.059153 s
currentSize : 25 <-- 6.640583 s

TIMEOUT
maxsize : 25
nodes : 241843505.000000
filtered : 2597201119.000000
time : 1000.000000
