Parameters: GAD=1 vflib=1 dir=0 label=0 lowerbound=1 fileNameGp=../../cp2016-max-common-connected-subgraph-paper/datasets/graphsdb/mcs10/m2D/m2Dr6/mcs10_m2Dr6_s40.A08 fileNameGt=../../cp2016-max-common-connected-subgraph-paper/datasets/graphsdb/mcs10/m2D/m2Dr6/mcs10_m2Dr6_s40.B08
Reading graphs...
40 :  89
40 :  88
Initializing...
maxdom : 40
D->valSize : 1600
Solving...
currentSize : 17 <-- 0.056765 s
currentSize : 18 <-- 0.056792 s
currentSize : 19 <-- 0.056822 s
currentSize : 20 <-- 0.056897 s
currentSize : 21 <-- 0.059378 s
currentSize : 22 <-- 0.072434 s
currentSize : 23 <-- 0.104781 s
currentSize : 24 <-- 0.357471 s
currentSize : 25 <-- 314.157898 s

TIMEOUT
maxsize : 25
nodes : 181517862.000000
filtered : 3986997359.000000
time : 1000.000061
