Parameters: GAD=1 vflib=1 dir=0 label=0 lowerbound=1 fileNameGp=../../cp2016-max-common-connected-subgraph-paper/datasets/graphsdb/mcs10/rand/r01/mcs10_r01_s50.A05 fileNameGt=../../cp2016-max-common-connected-subgraph-paper/datasets/graphsdb/mcs10/rand/r01/mcs10_r01_s50.B05
Reading graphs...
50 :  234
50 :  234
Initializing...
maxdom : 50
D->valSize : 2500
Solving...
currentSize : 16 <-- 0.084342 s
currentSize : 17 <-- 0.084368 s
currentSize : 18 <-- 0.095291 s
currentSize : 19 <-- 0.129802 s
currentSize : 20 <-- 0.387074 s
currentSize : 21 <-- 0.387543 s
currentSize : 22 <-- 393.954132 s

TIMEOUT
maxsize : 22
nodes : 175497899.000000
filtered : 3155403414.000000
time : 1000.000000
