Parameters: GAD=1 vflib=1 dir=0 label=0 lowerbound=1 fileNameGp=../../cp2016-max-common-connected-subgraph-paper/datasets/graphsdb/mcs10/rand/r005/mcs10_r005_s35.A09 fileNameGt=../../cp2016-max-common-connected-subgraph-paper/datasets/graphsdb/mcs10/rand/r005/mcs10_r005_s35.B09
Reading graphs...
35 :  61
35 :  60
Initializing...
maxdom : 35
D->valSize : 1225
Solving...
currentSize : 16 <-- 0.020575 s
currentSize : 17 <-- 0.021747 s
currentSize : 19 <-- 0.021757 s
currentSize : 20 <-- 0.041863 s
currentSize : 21 <-- 0.106219 s
currentSize : 22 <-- 1.362019 s
currentSize : 23 <-- 30.642820 s
currentSize : 24 <-- 377.839050 s
currentSize : 25 <-- 747.654846 s

maxsize : 25
nodes : 175267205.000000
filtered : 3790747588.000000
time : 914.637085
