Parameters: GAD=1 vflib=1 dir=0 label=0 lowerbound=1 fileNameGp=../../cp2016-max-common-connected-subgraph-paper/datasets/graphsdb/mcs10/m2D/m2D/mcs10_m2D_s50.A07 fileNameGt=../../cp2016-max-common-connected-subgraph-paper/datasets/graphsdb/mcs10/m2D/m2D/mcs10_m2D_s50.B07
Reading graphs...
50 :  85
50 :  85
Initializing...
maxdom : 50
D->valSize : 2500
Solving...
currentSize : 16 <-- 0.103602 s
currentSize : 19 <-- 0.103667 s
currentSize : 20 <-- 0.103689 s
currentSize : 21 <-- 0.104236 s
currentSize : 23 <-- 0.106200 s
currentSize : 24 <-- 0.607331 s
currentSize : 25 <-- 2.287075 s
currentSize : 26 <-- 4.322967 s
currentSize : 27 <-- 69.449364 s
currentSize : 28 <-- 294.343567 s

TIMEOUT
maxsize : 28
nodes : 230157561.000000
filtered : 2356270228.000000
time : 1000.000061
