Parameters: GAD=1 vflib=1 dir=0 label=0 lowerbound=1 fileNameGp=../../cp2016-max-common-connected-subgraph-paper/datasets/graphsdb/mcs10/rand/r005/mcs10_r005_s35.A08 fileNameGt=../../cp2016-max-common-connected-subgraph-paper/datasets/graphsdb/mcs10/rand/r005/mcs10_r005_s35.B08
Reading graphs...
35 :  61
35 :  60
Initializing...
maxdom : 35
D->valSize : 1225
Solving...
currentSize : 16 <-- 0.036075 s
currentSize : 17 <-- 0.036216 s
currentSize : 19 <-- 0.036353 s
currentSize : 20 <-- 0.036463 s
currentSize : 21 <-- 0.290032 s
currentSize : 22 <-- 30.926771 s
currentSize : 23 <-- 42.040764 s
currentSize : 24 <-- 94.930374 s

maxsize : 24
nodes : 160007045.000000
filtered : 4103041974.000000
time : 888.510620
