Parameters: GAD=1 vflib=1 dir=0 label=0 lowerbound=1 fileNameGp=../../cp2016-max-common-connected-subgraph-paper/datasets/graphsdb/mcs10/rand/r005/mcs10_r005_s20.A05 fileNameGt=../../cp2016-max-common-connected-subgraph-paper/datasets/graphsdb/mcs10/rand/r005/mcs10_r005_s20.B05
Reading graphs...
20 :  20
20 :  20
Initializing...
maxdom : 20
D->valSize : 400
Solving...
currentSize : 5 <-- 0.002190 s
currentSize : 6 <-- 0.002250 s
currentSize : 7 <-- 0.002557 s
currentSize : 9 <-- 0.002597 s
currentSize : 10 <-- 0.002602 s
currentSize : 12 <-- 0.007440 s
currentSize : 13 <-- 0.122943 s

maxsize : 13
nodes : 120863.000000
filtered : 1050060.000000
time : 0.304389
