Parameters: GAD=1 vflib=1 dir=0 label=0 lowerbound=1 fileNameGp=../../cp2016-max-common-connected-subgraph-paper/datasets/graphsdb/mcs10/m2D/m2Dr4/mcs10_m2Dr4_s50.A06 fileNameGt=../../cp2016-max-common-connected-subgraph-paper/datasets/graphsdb/mcs10/m2D/m2Dr4/mcs10_m2Dr4_s50.B06
Reading graphs...
50 :  103
50 :  99
Initializing...
maxdom : 50
D->valSize : 2500
Solving...
currentSize : 23 <-- 0.096309 s
currentSize : 25 <-- 0.096359 s
currentSize : 26 <-- 0.100726 s
currentSize : 27 <-- 1.703955 s
currentSize : 28 <-- 20.150682 s
currentSize : 29 <-- 169.446396 s
currentSize : 30 <-- 174.454544 s
currentSize : 31 <-- 416.966583 s

TIMEOUT
maxsize : 31
nodes : 175275655.000000
filtered : 3437941385.000000
time : 1000.000061
