Parameters: GAD=1 vflib=1 dir=0 label=0 lowerbound=1 fileNameGp=../../cp2016-max-common-connected-subgraph-paper/datasets/graphsdb/mcs10/rand/r01/mcs10_r01_s35.A06 fileNameGt=../../cp2016-max-common-connected-subgraph-paper/datasets/graphsdb/mcs10/rand/r01/mcs10_r01_s35.B06
Reading graphs...
35 :  114
35 :  116
Initializing...
maxdom : 35
D->valSize : 1225
Solving...
currentSize : 13 <-- 0.033269 s
currentSize : 14 <-- 0.033795 s
currentSize : 15 <-- 0.034961 s
currentSize : 16 <-- 0.036838 s
currentSize : 17 <-- 0.040537 s
currentSize : 18 <-- 0.175018 s
currentSize : 19 <-- 1.127526 s
currentSize : 20 <-- 61.598888 s
currentSize : 21 <-- 211.248398 s

maxsize : 21
nodes : 171616660.000000
filtered : 4920354201.000000
time : 993.084412
