Parameters: GAD=1 vflib=1 dir=0 label=0 lowerbound=1 fileNameGp=../../cp2016-max-common-connected-subgraph-paper/datasets/graphsdb/mcs10/rand/r02/mcs10_r02_s25.A03 fileNameGt=../../cp2016-max-common-connected-subgraph-paper/datasets/graphsdb/mcs10/rand/r02/mcs10_r02_s25.B03
Reading graphs...
25 :  109
25 :  107
Initializing...
maxdom : 25
D->valSize : 625
Solving...
currentSize : 7 <-- 0.004491 s
currentSize : 8 <-- 0.004522 s
currentSize : 9 <-- 0.004586 s
currentSize : 10 <-- 0.004832 s
currentSize : 11 <-- 0.004944 s
currentSize : 12 <-- 0.005483 s
currentSize : 13 <-- 0.571096 s
currentSize : 14 <-- 3.309724 s

maxsize : 14
nodes : 3126854.000000
filtered : 48373477.000000
time : 12.194741
