Parameters: GAD=1 vflib=1 dir=0 label=0 lowerbound=1 fileNameGp=../../cp2016-max-common-connected-subgraph-paper/datasets/graphsdb/mcs10/bvg/b03/mcs10_b03_s40.A02 fileNameGt=../../cp2016-max-common-connected-subgraph-paper/datasets/graphsdb/mcs10/bvg/b03/mcs10_b03_s40.B02
Reading graphs...
40 :  60
40 :  58
Initializing...
maxdom : 40
D->valSize : 1600
Solving...
currentSize : 12 <-- 0.037091 s
currentSize : 13 <-- 0.037125 s
currentSize : 17 <-- 0.037183 s
currentSize : 21 <-- 0.037212 s
currentSize : 22 <-- 0.037328 s
currentSize : 23 <-- 0.227005 s
currentSize : 24 <-- 0.341377 s
currentSize : 25 <-- 31.450729 s
currentSize : 26 <-- 47.499844 s
currentSize : 27 <-- 101.078651 s
currentSize : 28 <-- 151.120483 s

TIMEOUT
maxsize : 28
nodes : 179705131.000000
filtered : 3814006099.000000
time : 1000.000061
