Parameters: GAD=1 vflib=1 dir=0 label=0 lowerbound=1 fileNameGp=../../cp2016-max-common-connected-subgraph-paper/datasets/graphsdb/mcs10/bvg/b03/mcs10_b03_s50.A09 fileNameGt=../../cp2016-max-common-connected-subgraph-paper/datasets/graphsdb/mcs10/bvg/b03/mcs10_b03_s50.B09
Reading graphs...
50 :  75
50 :  74
Initializing...
maxdom : 50
D->valSize : 2500
Solving...
currentSize : 18 <-- 0.100090 s
currentSize : 22 <-- 0.100172 s
currentSize : 23 <-- 0.101307 s
currentSize : 24 <-- 0.101489 s
currentSize : 26 <-- 0.135809 s
currentSize : 28 <-- 0.210037 s
currentSize : 29 <-- 18.314278 s
currentSize : 30 <-- 19.430731 s

TIMEOUT
maxsize : 30
nodes : 247049497.000000
filtered : 2514933054.000000
time : 1000.000000
