Parameters: GAD=1 vflib=1 dir=0 label=0 lowerbound=1 fileNameGp=../../cp2016-max-common-connected-subgraph-paper/datasets/graphsdb/mcs10/rand/r01/mcs10_r01_s35.A09 fileNameGt=../../cp2016-max-common-connected-subgraph-paper/datasets/graphsdb/mcs10/rand/r01/mcs10_r01_s35.B09
Reading graphs...
35 :  116
35 :  118
Initializing...
maxdom : 35
D->valSize : 1225
Solving...
currentSize : 13 <-- 0.032785 s
currentSize : 14 <-- 0.032858 s
currentSize : 15 <-- 0.034964 s
currentSize : 16 <-- 0.131048 s
currentSize : 17 <-- 0.136099 s
currentSize : 18 <-- 0.721495 s
currentSize : 19 <-- 21.737965 s
currentSize : 20 <-- 68.700470 s

TIMEOUT
maxsize : 20
nodes : 186152400.000000
filtered : 4301793304.000000
time : 1000.000000
