Parameters: GAD=1 vflib=1 dir=0 label=0 lowerbound=1 fileNameGp=../../cp2016-max-common-connected-subgraph-paper/datasets/graphsdb/mcs10/bvg/b03/mcs10_b03_s40.A09 fileNameGt=../../cp2016-max-common-connected-subgraph-paper/datasets/graphsdb/mcs10/bvg/b03/mcs10_b03_s40.B09
Reading graphs...
40 :  60
40 :  60
Initializing...
maxdom : 40
D->valSize : 1600
Solving...
currentSize : 16 <-- 0.062376 s
currentSize : 17 <-- 0.062461 s
currentSize : 19 <-- 0.067765 s
currentSize : 20 <-- 0.107634 s
currentSize : 21 <-- 0.109165 s
currentSize : 22 <-- 0.126557 s
currentSize : 23 <-- 19.890757 s
currentSize : 24 <-- 61.994503 s
currentSize : 25 <-- 62.036400 s
currentSize : 26 <-- 868.426636 s

TIMEOUT
maxsize : 26
nodes : 210868966.000000
filtered : 2748604323.000000
time : 1000.000000
