Parameters: GAD=1 vflib=1 dir=0 label=0 lowerbound=1 fileNameGp=../../cp2016-max-common-connected-subgraph-paper/datasets/graphsdb/mcs10/m2D/m2Dr4/mcs10_m2Dr4_s40.A01 fileNameGt=../../cp2016-max-common-connected-subgraph-paper/datasets/graphsdb/mcs10/m2D/m2Dr4/mcs10_m2Dr4_s40.B01
Reading graphs...
40 :  82
40 :  82
Initializing...
maxdom : 40
D->valSize : 1600
Solving...
currentSize : 16 <-- 0.035380 s
currentSize : 19 <-- 0.035405 s
currentSize : 20 <-- 0.047595 s
currentSize : 21 <-- 0.373192 s
currentSize : 22 <-- 0.706016 s
currentSize : 23 <-- 6.154741 s
currentSize : 24 <-- 21.287758 s
currentSize : 25 <-- 233.776947 s
currentSize : 26 <-- 804.445129 s

TIMEOUT
maxsize : 26
nodes : 180899127.000000
filtered : 3706679807.000000
time : 1000.000000
