Parameters: GAD=1 vflib=1 dir=0 label=0 lowerbound=1 fileNameGp=../../cp2016-max-common-connected-subgraph-paper/datasets/graphsdb/mcs10/rand/r005/mcs10_r005_s50.A05 fileNameGt=../../cp2016-max-common-connected-subgraph-paper/datasets/graphsdb/mcs10/rand/r005/mcs10_r005_s50.B05
Reading graphs...
50 :  121
50 :  124
Initializing...
maxdom : 50
D->valSize : 2500
Solving...
currentSize : 15 <-- 0.132629 s
currentSize : 17 <-- 0.133174 s
currentSize : 18 <-- 0.135133 s
currentSize : 19 <-- 0.141135 s
currentSize : 21 <-- 0.141233 s
currentSize : 22 <-- 0.160840 s
currentSize : 23 <-- 0.339029 s
currentSize : 24 <-- 1.103129 s
currentSize : 25 <-- 5.257573 s
currentSize : 26 <-- 36.639938 s
currentSize : 27 <-- 80.064140 s
currentSize : 28 <-- 124.249382 s
currentSize : 29 <-- 825.798157 s
currentSize : 30 <-- 897.575134 s

TIMEOUT
maxsize : 30
nodes : 161728519.000000
filtered : 3143575978.000000
time : 1000.000061
