Parameters: GAD=1 vflib=1 dir=0 label=0 lowerbound=1 fileNameGp=../../cp2016-max-common-connected-subgraph-paper/datasets/graphsdb/mcs10/rand/r005/mcs10_r005_s30.A05 fileNameGt=../../cp2016-max-common-connected-subgraph-paper/datasets/graphsdb/mcs10/rand/r005/mcs10_r005_s30.B05
Reading graphs...
30 :  44
30 :  45
Initializing...
maxdom : 30
D->valSize : 900
Solving...
currentSize : 11 <-- 0.011268 s
currentSize : 13 <-- 0.011304 s
currentSize : 14 <-- 0.011367 s
currentSize : 15 <-- 0.011441 s
currentSize : 16 <-- 0.011666 s
currentSize : 17 <-- 0.016613 s
currentSize : 18 <-- 0.029980 s
currentSize : 19 <-- 0.154974 s
currentSize : 20 <-- 0.163514 s
currentSize : 21 <-- 0.194301 s
currentSize : 22 <-- 6.432276 s

maxsize : 22
nodes : 4599332.000000
filtered : 97465303.000000
time : 22.912958
