Parameters: GAD=1 vflib=1 dir=0 label=0 lowerbound=1 fileNameGp=../../cp2016-max-common-connected-subgraph-paper/datasets/graphsdb/mcs10/m2D/m2Dr6/mcs10_m2Dr6_s50.A06 fileNameGt=../../cp2016-max-common-connected-subgraph-paper/datasets/graphsdb/mcs10/m2D/m2Dr6/mcs10_m2Dr6_s50.B06
Reading graphs...
50 :  112
50 :  112
Initializing...
maxdom : 50
D->valSize : 2500
Solving...
currentSize : 22 <-- 0.124660 s
currentSize : 23 <-- 0.141799 s
currentSize : 24 <-- 0.265995 s
currentSize : 25 <-- 0.358619 s
currentSize : 26 <-- 8.776158 s
currentSize : 27 <-- 57.495628 s
currentSize : 28 <-- 147.837311 s

TIMEOUT
maxsize : 28
nodes : 199471536.000000
filtered : 2970731088.000000
time : 1000.000061
