Parameters: GAD=1 vflib=1 dir=0 label=0 lowerbound=1 fileNameGp=../../cp2016-max-common-connected-subgraph-paper/datasets/graphsdb/mcs10/rand/r005/mcs10_r005_s30.A03 fileNameGt=../../cp2016-max-common-connected-subgraph-paper/datasets/graphsdb/mcs10/rand/r005/mcs10_r005_s30.B03
Reading graphs...
30 :  45
30 :  45
Initializing...
maxdom : 30
D->valSize : 900
Solving...
currentSize : 16 <-- 0.010900 s
currentSize : 17 <-- 0.010935 s
currentSize : 18 <-- 0.011100 s
currentSize : 19 <-- 0.332053 s
currentSize : 20 <-- 0.336995 s
currentSize : 21 <-- 23.361361 s

maxsize : 21
nodes : 20276605.000000
filtered : 364352081.000000
time : 89.793159
