Parameters: GAD=1 vflib=1 dir=0 label=0 lowerbound=1 fileNameGp=../../cp2016-max-common-connected-subgraph-paper/datasets/graphsdb/mcs10/m2D/m2Dr6/mcs10_m2Dr6_s50.A01 fileNameGt=../../cp2016-max-common-connected-subgraph-paper/datasets/graphsdb/mcs10/m2D/m2Dr6/mcs10_m2Dr6_s50.B01
Reading graphs...
50 :  111
50 :  109
Initializing...
maxdom : 50
D->valSize : 2500
Solving...
currentSize : 19 <-- 0.122282 s
currentSize : 20 <-- 0.122368 s
currentSize : 22 <-- 0.122389 s
currentSize : 23 <-- 0.127188 s
currentSize : 24 <-- 0.166876 s
currentSize : 25 <-- 0.178152 s
currentSize : 26 <-- 1.287896 s
currentSize : 27 <-- 2.075282 s
currentSize : 28 <-- 31.400900 s
currentSize : 29 <-- 226.216553 s
currentSize : 30 <-- 318.325867 s

TIMEOUT
maxsize : 30
nodes : 158451685.000000
filtered : 3433944026.000000
time : 1000.000061
