Parameters: GAD=1 vflib=1 dir=0 label=0 lowerbound=1 fileNameGp=../../cp2016-max-common-connected-subgraph-paper/datasets/graphsdb/mcs10/m2D/m2D/mcs10_m2D_s40.A01 fileNameGt=../../cp2016-max-common-connected-subgraph-paper/datasets/graphsdb/mcs10/m2D/m2D/mcs10_m2D_s40.B01
Reading graphs...
40 :  66
40 :  67
Initializing...
maxdom : 40
D->valSize : 1600
Solving...
currentSize : 17 <-- 0.036223 s
currentSize : 21 <-- 0.036258 s
currentSize : 22 <-- 0.036338 s
currentSize : 23 <-- 0.037626 s
currentSize : 24 <-- 0.038474 s
currentSize : 25 <-- 33.001938 s
currentSize : 26 <-- 76.526817 s
currentSize : 27 <-- 84.864288 s
currentSize : 28 <-- 641.121216 s

TIMEOUT
maxsize : 28
nodes : 171765525.000000
filtered : 3973558992.000000
time : 1000.000000
