Parameters: GAD=1 vflib=1 dir=0 label=0 lowerbound=1 fileNameGp=../../cp2016-max-common-connected-subgraph-paper/datasets/graphsdb/mcs10/rand/r005/mcs10_r005_s25.A09 fileNameGt=../../cp2016-max-common-connected-subgraph-paper/datasets/graphsdb/mcs10/rand/r005/mcs10_r005_s25.B09
Reading graphs...
25 :  31
25 :  30
Initializing...
maxdom : 25
D->valSize : 625
Solving...
currentSize : 12 <-- 0.006140 s
currentSize : 13 <-- 0.006163 s
currentSize : 14 <-- 0.006270 s
currentSize : 15 <-- 0.043114 s
currentSize : 16 <-- 0.263291 s
currentSize : 17 <-- 1.918184 s

maxsize : 17
nodes : 2887918.000000
filtered : 29917268.000000
time : 8.087018
