Parameters: GAD=1 vflib=1 dir=0 label=0 lowerbound=1 fileNameGp=../../cp2016-max-common-connected-subgraph-paper/datasets/graphsdb/mcs10/rand/r01/mcs10_r01_s40.A01 fileNameGt=../../cp2016-max-common-connected-subgraph-paper/datasets/graphsdb/mcs10/rand/r01/mcs10_r01_s40.B01
Reading graphs...
40 :  151
40 :  146
Initializing...
maxdom : 40
D->valSize : 1600
Solving...
currentSize : 14 <-- 0.032843 s
currentSize : 15 <-- 0.032977 s
currentSize : 16 <-- 0.033091 s
currentSize : 17 <-- 0.038010 s
currentSize : 18 <-- 0.042337 s
currentSize : 19 <-- 0.113166 s
currentSize : 20 <-- 11.349316 s
currentSize : 21 <-- 304.557281 s

TIMEOUT
maxsize : 21
nodes : 182416236.000000
filtered : 4115590916.000000
time : 1000.000061
