Parameters: GAD=1 vflib=1 dir=0 label=0 lowerbound=1 fileNameGp=../../cp2016-max-common-connected-subgraph-paper/datasets/graphsdb/mcs10/rand/r005/mcs10_r005_s30.A08 fileNameGt=../../cp2016-max-common-connected-subgraph-paper/datasets/graphsdb/mcs10/rand/r005/mcs10_r005_s30.B08
Reading graphs...
30 :  45
30 :  44
Initializing...
maxdom : 30
D->valSize : 900
Solving...
currentSize : 8 <-- 0.011458 s
currentSize : 10 <-- 0.011594 s
currentSize : 12 <-- 0.012495 s
currentSize : 13 <-- 0.012884 s
currentSize : 15 <-- 0.012912 s
currentSize : 16 <-- 0.017102 s
currentSize : 17 <-- 0.087692 s
currentSize : 19 <-- 2.017316 s
currentSize : 20 <-- 11.591447 s
currentSize : 21 <-- 16.343319 s
currentSize : 22 <-- 16.343363 s

maxsize : 22
nodes : 5917225.000000
filtered : 82205142.000000
time : 24.089687
