Parameters: GAD=1 vflib=1 dir=0 label=0 lowerbound=1 fileNameGp=../../cp2016-max-common-connected-subgraph-paper/datasets/graphsdb/mcs10/m2D/m2D/mcs10_m2D_s40.A08 fileNameGt=../../cp2016-max-common-connected-subgraph-paper/datasets/graphsdb/mcs10/m2D/m2D/mcs10_m2D_s40.B08
Reading graphs...
40 :  67
40 :  67
Initializing...
maxdom : 40
D->valSize : 1600
Solving...
currentSize : 16 <-- 0.036329 s
currentSize : 17 <-- 0.036380 s
currentSize : 19 <-- 0.036920 s
currentSize : 20 <-- 0.043442 s
currentSize : 21 <-- 0.327909 s
currentSize : 22 <-- 5.338641 s
currentSize : 23 <-- 49.511330 s
currentSize : 24 <-- 49.788807 s
currentSize : 25 <-- 413.266815 s
currentSize : 26 <-- 596.060913 s

TIMEOUT
maxsize : 26
nodes : 234910677.000000
filtered : 2888498642.000000
time : 1000.000000
