Parameters: GAD=1 vflib=1 dir=0 label=0 lowerbound=1 fileNameGp=../../cp2016-max-common-connected-subgraph-paper/datasets/graphsdb/mcs10/m2D/m2D/mcs10_m2D_s40.A05 fileNameGt=../../cp2016-max-common-connected-subgraph-paper/datasets/graphsdb/mcs10/m2D/m2D/mcs10_m2D_s40.B05
Reading graphs...
40 :  66
40 :  67
Initializing...
maxdom : 40
D->valSize : 1600
Solving...
currentSize : 16 <-- 0.036249 s
currentSize : 18 <-- 0.036299 s
currentSize : 19 <-- 0.036377 s
currentSize : 20 <-- 0.037821 s
currentSize : 21 <-- 0.037864 s
currentSize : 22 <-- 0.039311 s
currentSize : 23 <-- 0.091719 s
currentSize : 24 <-- 2.374909 s
currentSize : 25 <-- 9.529048 s
currentSize : 26 <-- 16.937140 s
currentSize : 27 <-- 109.006500 s
currentSize : 28 <-- 210.815994 s

TIMEOUT
maxsize : 28
nodes : 161772304.000000
filtered : 4010358082.000000
time : 1000.000000
