Parameters: GAD=1 vflib=1 dir=0 label=0 lowerbound=1 fileNameGp=../../cp2016-max-common-connected-subgraph-paper/datasets/graphsdb/mcs10/rand/r005/mcs10_r005_s35.A05 fileNameGt=../../cp2016-max-common-connected-subgraph-paper/datasets/graphsdb/mcs10/rand/r005/mcs10_r005_s35.B05
Reading graphs...
35 :  61
35 :  59
Initializing...
maxdom : 35
D->valSize : 1225
Solving...
currentSize : 13 <-- 0.021840 s
currentSize : 14 <-- 0.022099 s
currentSize : 15 <-- 0.023745 s
currentSize : 16 <-- 0.070820 s
currentSize : 17 <-- 0.242072 s
currentSize : 18 <-- 0.819494 s
currentSize : 19 <-- 1.764828 s
currentSize : 20 <-- 12.488430 s
currentSize : 21 <-- 20.304792 s
currentSize : 22 <-- 106.984810 s
currentSize : 23 <-- 124.750404 s
currentSize : 24 <-- 162.359360 s

TIMEOUT
maxsize : 24
nodes : 202574156.000000
filtered : 4031023504.000000
time : 1000.000061
