Parameters: GAD=1 vflib=1 dir=0 label=0 lowerbound=1 fileNameGp=../../cp2016-max-common-connected-subgraph-paper/datasets/graphsdb/mcs10/rand/r005/mcs10_r005_s35.A01 fileNameGt=../../cp2016-max-common-connected-subgraph-paper/datasets/graphsdb/mcs10/rand/r005/mcs10_r005_s35.B01
Reading graphs...
35 :  60
35 :  60
Initializing...
maxdom : 35
D->valSize : 1225
Solving...
currentSize : 15 <-- 0.036026 s
currentSize : 17 <-- 0.036396 s
currentSize : 18 <-- 0.036425 s
currentSize : 19 <-- 0.090551 s
currentSize : 20 <-- 0.244621 s
currentSize : 21 <-- 0.280984 s
currentSize : 22 <-- 1.217501 s
currentSize : 23 <-- 10.413318 s
currentSize : 24 <-- 150.838272 s
currentSize : 25 <-- 313.643768 s

maxsize : 25
nodes : 106398129.000000
filtered : 2379914598.000000
time : 558.606567
