Parameters: GAD=1 vflib=1 dir=0 label=0 lowerbound=1 fileNameGp=../../cp2016-max-common-connected-subgraph-paper/datasets/graphsdb/mcs10/bvg/b03/mcs10_b03_s40.A06 fileNameGt=../../cp2016-max-common-connected-subgraph-paper/datasets/graphsdb/mcs10/bvg/b03/mcs10_b03_s40.B06
Reading graphs...
40 :  59
40 :  60
Initializing...
maxdom : 40
D->valSize : 1600
Solving...
currentSize : 9 <-- 0.059626 s
currentSize : 13 <-- 0.059771 s
currentSize : 15 <-- 0.059898 s
currentSize : 17 <-- 0.059950 s
currentSize : 18 <-- 0.073647 s
currentSize : 19 <-- 0.303278 s
currentSize : 20 <-- 0.377384 s
currentSize : 22 <-- 1.040981 s
currentSize : 23 <-- 1.045499 s
currentSize : 24 <-- 1.197643 s
currentSize : 25 <-- 1.198249 s
currentSize : 26 <-- 1.209399 s
currentSize : 27 <-- 96.037292 s
currentSize : 28 <-- 640.636719 s

TIMEOUT
maxsize : 28
nodes : 202768991.000000
filtered : 3267028961.000000
time : 1000.000122
