Parameters: GAD=1 vflib=1 dir=0 label=0 lowerbound=1 fileNameGp=../../cp2016-max-common-connected-subgraph-paper/datasets/graphsdb/mcs10/bvg/b03m/mcs10_b03m_s40.A03 fileNameGt=../../cp2016-max-common-connected-subgraph-paper/datasets/graphsdb/mcs10/bvg/b03m/mcs10_b03m_s40.B03
Reading graphs...
40 :  60
40 :  59
Initializing...
maxdom : 40
D->valSize : 1600
Solving...
currentSize : 21 <-- 0.037056 s
currentSize : 22 <-- 0.037125 s
currentSize : 23 <-- 0.044348 s
currentSize : 24 <-- 0.058781 s
currentSize : 25 <-- 0.064338 s
currentSize : 26 <-- 0.107284 s
currentSize : 27 <-- 1.333551 s
currentSize : 28 <-- 45.947250 s
currentSize : 29 <-- 286.309967 s
currentSize : 30 <-- 286.312073 s

maxsize : 30
nodes : 116695952.000000
filtered : 3212952073.000000
time : 744.774475
