Parameters: GAD=1 vflib=1 dir=0 label=0 lowerbound=1 fileNameGp=../../cp2016-max-common-connected-subgraph-paper/datasets/graphsdb/mcs10/m2D/m2Dr4/mcs10_m2Dr4_s50.A01 fileNameGt=../../cp2016-max-common-connected-subgraph-paper/datasets/graphsdb/mcs10/m2D/m2Dr4/mcs10_m2Dr4_s50.B01
Reading graphs...
50 :  103
50 :  104
Initializing...
maxdom : 50
D->valSize : 2500
Solving...
currentSize : 19 <-- 0.095785 s
currentSize : 20 <-- 0.201244 s
currentSize : 22 <-- 0.206828 s
currentSize : 23 <-- 0.229590 s
currentSize : 24 <-- 0.486221 s
currentSize : 26 <-- 1.693615 s
currentSize : 27 <-- 17.915300 s
currentSize : 28 <-- 33.439369 s

TIMEOUT
maxsize : 28
nodes : 202507888.000000
filtered : 2406016211.000000
time : 1000.000000
