Parameters: GAD=1 vflib=1 dir=0 label=0 lowerbound=1 fileNameGp=../../cp2016-max-common-connected-subgraph-paper/datasets/graphsdb/mcs10/rand/r005/mcs10_r005_s50.A09 fileNameGt=../../cp2016-max-common-connected-subgraph-paper/datasets/graphsdb/mcs10/rand/r005/mcs10_r005_s50.B09
Reading graphs...
50 :  121
50 :  120
Initializing...
maxdom : 50
D->valSize : 2500
Solving...
currentSize : 21 <-- 0.117601 s
currentSize : 22 <-- 0.117721 s
currentSize : 24 <-- 0.117737 s
currentSize : 25 <-- 0.123905 s
currentSize : 26 <-- 0.156562 s
currentSize : 27 <-- 40.230228 s
currentSize : 28 <-- 271.147400 s

TIMEOUT
maxsize : 28
nodes : 172601459.000000
filtered : 3329896998.000000
time : 1000.000061
