Parameters: GAD=1 vflib=1 dir=0 label=0 lowerbound=1 fileNameGp=../../cp2016-max-common-connected-subgraph-paper/datasets/graphsdb/mcs10/rand/r02/mcs10_r02_s50.A05 fileNameGt=../../cp2016-max-common-connected-subgraph-paper/datasets/graphsdb/mcs10/rand/r02/mcs10_r02_s50.B05
Reading graphs...
50 :  445
50 :  439
Initializing...
maxdom : 50
D->valSize : 2500
Solving...
currentSize : 11 <-- 0.074882 s
currentSize : 12 <-- 0.074909 s
currentSize : 13 <-- 0.075032 s
currentSize : 14 <-- 0.075721 s
currentSize : 15 <-- 0.116472 s
currentSize : 16 <-- 5.311799 s
currentSize : 17 <-- 66.498917 s

TIMEOUT
maxsize : 17
nodes : 195277373.000000
filtered : 1998096559.000000
time : 1000.000061
