Parameters: GAD=1 vflib=1 dir=0 label=0 lowerbound=1 fileNameGp=../../cp2016-max-common-connected-subgraph-paper/datasets/graphsdb/mcs10/bvg/b03m/mcs10_b03m_s40.A05 fileNameGt=../../cp2016-max-common-connected-subgraph-paper/datasets/graphsdb/mcs10/bvg/b03m/mcs10_b03m_s40.B05
Reading graphs...
40 :  59
40 :  59
Initializing...
maxdom : 40
D->valSize : 1600
Solving...
currentSize : 17 <-- 0.036377 s
currentSize : 18 <-- 0.036494 s
currentSize : 19 <-- 0.036784 s
currentSize : 20 <-- 0.043168 s
currentSize : 21 <-- 0.067027 s
currentSize : 22 <-- 3.882743 s
currentSize : 23 <-- 3.882904 s
currentSize : 24 <-- 6.995319 s
currentSize : 25 <-- 182.908966 s
currentSize : 26 <-- 309.469147 s

TIMEOUT
maxsize : 26
nodes : 254045054.000000
filtered : 2827010596.000000
time : 1000.000000
