Parameters: GAD=1 vflib=1 dir=0 label=0 lowerbound=1 fileNameGp=../../cp2016-max-common-connected-subgraph-paper/datasets/graphsdb/mcs10/rand/r005/mcs10_r005_s40.A00 fileNameGt=../../cp2016-max-common-connected-subgraph-paper/datasets/graphsdb/mcs10/rand/r005/mcs10_r005_s40.B00
Reading graphs...
40 :  78
40 :  79
Initializing...
maxdom : 40
D->valSize : 1600
Solving...
currentSize : 17 <-- 0.035682 s
currentSize : 18 <-- 0.037621 s
currentSize : 19 <-- 0.037631 s
currentSize : 20 <-- 0.041390 s
currentSize : 21 <-- 1.561975 s
currentSize : 22 <-- 1.595875 s
currentSize : 23 <-- 1.959406 s
currentSize : 24 <-- 3.036331 s
currentSize : 25 <-- 3.616629 s
currentSize : 26 <-- 106.751648 s
currentSize : 27 <-- 696.996216 s

TIMEOUT
maxsize : 27
nodes : 165269834.000000
filtered : 4363476529.000000
time : 1000.000061
