Parameters: GAD=1 vflib=1 dir=0 label=0 lowerbound=1 fileNameGp=../../cp2016-max-common-connected-subgraph-paper/datasets/graphsdb/mcs10/rand/r01/mcs10_r01_s50.A02 fileNameGt=../../cp2016-max-common-connected-subgraph-paper/datasets/graphsdb/mcs10/rand/r01/mcs10_r01_s50.B02
Reading graphs...
50 :  236
50 :  237
Initializing...
maxdom : 50
D->valSize : 2500
Solving...
currentSize : 15 <-- 0.093647 s
currentSize : 16 <-- 0.095188 s
currentSize : 17 <-- 0.096684 s
currentSize : 18 <-- 0.108228 s
currentSize : 19 <-- 0.115277 s
currentSize : 20 <-- 0.135331 s
currentSize : 21 <-- 10.866078 s
currentSize : 22 <-- 17.822289 s
currentSize : 23 <-- 174.280411 s

TIMEOUT
maxsize : 23
nodes : 164660579.000000
filtered : 3355903154.000000
time : 1000.000061
