Parameters: GAD=1 vflib=1 dir=0 label=0 lowerbound=1 fileNameGp=../../cp2016-max-common-connected-subgraph-paper/datasets/graphsdb/mcs10/m2D/m2Dr4/mcs10_m2Dr4_s40.A00 fileNameGt=../../cp2016-max-common-connected-subgraph-paper/datasets/graphsdb/mcs10/m2D/m2Dr4/mcs10_m2Dr4_s40.B00
Reading graphs...
40 :  83
40 :  79
Initializing...
maxdom : 40
D->valSize : 1600
Solving...
currentSize : 17 <-- 0.035302 s
currentSize : 18 <-- 0.035828 s
currentSize : 19 <-- 0.141831 s
currentSize : 21 <-- 0.273572 s
currentSize : 22 <-- 5.151552 s
currentSize : 23 <-- 5.344310 s
currentSize : 24 <-- 17.645412 s
currentSize : 25 <-- 22.214417 s
currentSize : 26 <-- 201.567642 s

TIMEOUT
maxsize : 26
nodes : 168234828.000000
filtered : 4333715211.000000
time : 1000.000000
