Parameters: GAD=1 vflib=1 dir=0 label=0 lowerbound=1 fileNameGp=../../cp2016-max-common-connected-subgraph-paper/datasets/graphsdb/mcs10/rand/r01/mcs10_r01_s25.A06 fileNameGt=../../cp2016-max-common-connected-subgraph-paper/datasets/graphsdb/mcs10/rand/r01/mcs10_r01_s25.B06
Reading graphs...
25 :  58
25 :  60
Initializing...
maxdom : 25
D->valSize : 625
Solving...
currentSize : 8 <-- 0.004954 s
currentSize : 11 <-- 0.004986 s
currentSize : 12 <-- 0.005198 s
currentSize : 13 <-- 0.009000 s
currentSize : 14 <-- 0.010291 s
currentSize : 15 <-- 0.128126 s
currentSize : 16 <-- 1.720914 s
currentSize : 17 <-- 3.561291 s

maxsize : 17
nodes : 1231206.000000
filtered : 21484492.000000
time : 4.936936
