Parameters: GAD=1 vflib=1 dir=0 label=0 lowerbound=1 fileNameGp=../../cp2016-max-common-connected-subgraph-paper/datasets/graphsdb/mcs10/rand/r02/mcs10_r02_s35.A05 fileNameGt=../../cp2016-max-common-connected-subgraph-paper/datasets/graphsdb/mcs10/rand/r02/mcs10_r02_s35.B05
Reading graphs...
35 :  222
35 :  223
Initializing...
maxdom : 35
D->valSize : 1225
Solving...
currentSize : 9 <-- 0.017386 s
currentSize : 10 <-- 0.017541 s
currentSize : 11 <-- 0.017591 s
currentSize : 12 <-- 0.017696 s
currentSize : 13 <-- 0.017757 s
currentSize : 14 <-- 0.036267 s
currentSize : 15 <-- 55.648857 s

TIMEOUT
maxsize : 15
nodes : 227742146.000000
filtered : 2677421658.000000
time : 1000.000000
