Parameters: GAD=1 vflib=1 dir=0 label=0 lowerbound=1 fileNameGp=../../cp2016-max-common-connected-subgraph-paper/datasets/graphsdb/mcs10/rand/r01/mcs10_r01_s40.A09 fileNameGt=../../cp2016-max-common-connected-subgraph-paper/datasets/graphsdb/mcs10/rand/r01/mcs10_r01_s40.B09
Reading graphs...
40 :  149
40 :  145
Initializing...
maxdom : 40
D->valSize : 1600
Solving...
currentSize : 14 <-- 0.032341 s
currentSize : 15 <-- 0.032392 s
currentSize : 16 <-- 0.033277 s
currentSize : 17 <-- 0.033300 s
currentSize : 18 <-- 0.101889 s
currentSize : 19 <-- 0.745987 s
currentSize : 20 <-- 10.559009 s
currentSize : 21 <-- 42.063679 s

TIMEOUT
maxsize : 21
nodes : 177132079.000000
filtered : 4095083329.000000
time : 1000.000000
