Parameters: GAD=1 vflib=1 dir=0 label=0 lowerbound=1 fileNameGp=../../cp2016-max-common-connected-subgraph-paper/datasets/graphsdb/mcs10/rand/r005/mcs10_r005_s30.A00 fileNameGt=../../cp2016-max-common-connected-subgraph-paper/datasets/graphsdb/mcs10/rand/r005/mcs10_r005_s30.B00
Reading graphs...
30 :  43
30 :  44
Initializing...
maxdom : 30
D->valSize : 900
Solving...
currentSize : 12 <-- 0.011302 s
currentSize : 14 <-- 0.011457 s
currentSize : 15 <-- 0.012155 s
currentSize : 16 <-- 0.014827 s
currentSize : 17 <-- 0.015149 s
currentSize : 18 <-- 0.015399 s
currentSize : 19 <-- 0.022636 s
currentSize : 20 <-- 0.031318 s
currentSize : 21 <-- 58.187851 s
currentSize : 22 <-- 104.223557 s

maxsize : 22
nodes : 26773948.000000
filtered : 376516511.000000
time : 108.585999
