Parameters: GAD=1 vflib=1 dir=0 label=0 lowerbound=1 fileNameGp=../../cp2016-max-common-connected-subgraph-paper/datasets/graphsdb/mcs10/rand/r01/mcs10_r01_s40.A00 fileNameGt=../../cp2016-max-common-connected-subgraph-paper/datasets/graphsdb/mcs10/rand/r01/mcs10_r01_s40.B00
Reading graphs...
40 :  150
40 :  150
Initializing...
maxdom : 40
D->valSize : 1600
Solving...
currentSize : 14 <-- 0.032649 s
currentSize : 15 <-- 0.032686 s
currentSize : 17 <-- 0.033595 s
currentSize : 18 <-- 0.042261 s
currentSize : 19 <-- 3.679099 s
currentSize : 20 <-- 10.643420 s
currentSize : 21 <-- 497.218597 s

TIMEOUT
maxsize : 21
nodes : 183553404.000000
filtered : 3915795107.000000
time : 1000.000000
