Parameters: GAD=1 vflib=1 dir=0 label=0 lowerbound=1 fileNameGp=../../cp2016-max-common-connected-subgraph-paper/datasets/graphsdb/mcs10/m2D/m2Dr4/mcs10_m2Dr4_s40.A03 fileNameGt=../../cp2016-max-common-connected-subgraph-paper/datasets/graphsdb/mcs10/m2D/m2Dr4/mcs10_m2Dr4_s40.B03
Reading graphs...
40 :  82
40 :  80
Initializing...
maxdom : 40
D->valSize : 1600
Solving...
currentSize : 19 <-- 0.035234 s
currentSize : 20 <-- 0.056283 s
currentSize : 21 <-- 0.233355 s
currentSize : 22 <-- 0.404798 s
currentSize : 23 <-- 0.544054 s
currentSize : 24 <-- 1.513434 s
currentSize : 25 <-- 47.860561 s
currentSize : 27 <-- 88.033730 s

TIMEOUT
maxsize : 27
nodes : 155805839.000000
filtered : 4442475476.000000
time : 1000.000000
