Parameters: GAD=1 vflib=1 dir=0 label=0 lowerbound=1 fileNameGp=../../cp2016-max-common-connected-subgraph-paper/datasets/graphsdb/mcs10/m2D/m2Dr6/mcs10_m2Dr6_s50.A04 fileNameGt=../../cp2016-max-common-connected-subgraph-paper/datasets/graphsdb/mcs10/m2D/m2Dr6/mcs10_m2Dr6_s50.B04
Reading graphs...
50 :  112
50 :  111
Initializing...
maxdom : 50
D->valSize : 2500
Solving...
currentSize : 22 <-- 0.113968 s
currentSize : 25 <-- 0.114143 s
currentSize : 26 <-- 0.218706 s
currentSize : 27 <-- 1.008322 s
currentSize : 28 <-- 1.914649 s
currentSize : 29 <-- 2.933302 s
currentSize : 30 <-- 851.773682 s

TIMEOUT
maxsize : 30
nodes : 173807785.000000
filtered : 3187359797.000000
time : 1000.000061
