Parameters: GAD=1 vflib=1 dir=0 label=0 lowerbound=1 fileNameGp=../../cp2016-max-common-connected-subgraph-paper/datasets/graphsdb/mcs10/bvg/b03/mcs10_b03_s50.A08 fileNameGt=../../cp2016-max-common-connected-subgraph-paper/datasets/graphsdb/mcs10/bvg/b03/mcs10_b03_s50.B08
Reading graphs...
50 :  75
50 :  75
Initializing...
maxdom : 50
D->valSize : 2500
Solving...
currentSize : 22 <-- 0.116236 s
currentSize : 23 <-- 0.194786 s
currentSize : 24 <-- 8.200089 s
currentSize : 25 <-- 9.702285 s
currentSize : 26 <-- 13.050870 s
currentSize : 27 <-- 128.312943 s
currentSize : 28 <-- 600.481018 s

TIMEOUT
maxsize : 28
nodes : 241988743.000000
filtered : 2742128451.000000
time : 1000.000000
