Parameters: GAD=1 vflib=1 dir=0 label=0 lowerbound=1 fileNameGp=../../cp2016-max-common-connected-subgraph-paper/datasets/graphsdb/mcs10/rand/r01/mcs10_r01_s50.A07 fileNameGt=../../cp2016-max-common-connected-subgraph-paper/datasets/graphsdb/mcs10/rand/r01/mcs10_r01_s50.B07
Reading graphs...
50 :  235
50 :  236
Initializing...
maxdom : 50
D->valSize : 2500
Solving...
currentSize : 16 <-- 0.085610 s
currentSize : 17 <-- 0.085660 s
currentSize : 18 <-- 0.089698 s
currentSize : 19 <-- 0.096683 s
currentSize : 20 <-- 0.257287 s
currentSize : 21 <-- 9.973853 s
currentSize : 22 <-- 393.730835 s

TIMEOUT
maxsize : 22
nodes : 180761848.000000
filtered : 2862353464.000000
time : 1000.000000
