Parameters: GAD=1 vflib=1 dir=0 label=0 lowerbound=1 fileNameGp=../../cp2016-max-common-connected-subgraph-paper/datasets/graphsdb/mcs10/rand/r02/mcs10_r02_s30.A00 fileNameGt=../../cp2016-max-common-connected-subgraph-paper/datasets/graphsdb/mcs10/rand/r02/mcs10_r02_s30.B00
Reading graphs...
30 :  156
30 :  154
Initializing...
maxdom : 30
D->valSize : 900
Solving...
currentSize : 9 <-- 0.009663 s
currentSize : 10 <-- 0.009688 s
currentSize : 11 <-- 0.009708 s
currentSize : 12 <-- 0.011602 s
currentSize : 13 <-- 0.043403 s
currentSize : 14 <-- 3.696948 s
currentSize : 15 <-- 76.477585 s

maxsize : 15
nodes : 65481796.000000
filtered : 910423947.000000
time : 273.561371
