Parameters: GAD=1 vflib=1 dir=0 label=0 lowerbound=1 fileNameGp=../../cp2016-max-common-connected-subgraph-paper/datasets/graphsdb/mcs10/m2D/m2D/mcs10_m2D_s40.A09 fileNameGt=../../cp2016-max-common-connected-subgraph-paper/datasets/graphsdb/mcs10/m2D/m2D/mcs10_m2D_s40.B09
Reading graphs...
40 :  67
40 :  66
Initializing...
maxdom : 40
D->valSize : 1600
Solving...
currentSize : 12 <-- 0.036595 s
currentSize : 13 <-- 0.036729 s
currentSize : 20 <-- 0.037440 s
currentSize : 21 <-- 0.037482 s
currentSize : 22 <-- 0.038850 s
currentSize : 23 <-- 0.087818 s
currentSize : 24 <-- 0.116271 s
currentSize : 25 <-- 8.058573 s
currentSize : 26 <-- 27.412268 s
currentSize : 27 <-- 56.920547 s
currentSize : 28 <-- 186.579269 s
currentSize : 29 <-- 600.795044 s

TIMEOUT
maxsize : 29
nodes : 157159880.000000
filtered : 4331398553.000000
time : 1000.000061
