Parameters: GAD=1 vflib=1 dir=0 label=0 lowerbound=1 fileNameGp=../../cp2016-max-common-connected-subgraph-paper/datasets/graphsdb/mcs10/rand/r01/mcs10_r01_s35.A08 fileNameGt=../../cp2016-max-common-connected-subgraph-paper/datasets/graphsdb/mcs10/rand/r01/mcs10_r01_s35.B08
Reading graphs...
35 :  115
35 :  115
Initializing...
maxdom : 35
D->valSize : 1225
Solving...
currentSize : 12 <-- 0.028727 s
currentSize : 13 <-- 0.028784 s
currentSize : 14 <-- 0.031310 s
currentSize : 15 <-- 0.032178 s
currentSize : 16 <-- 0.038193 s
currentSize : 17 <-- 0.268932 s
currentSize : 18 <-- 0.398291 s
currentSize : 19 <-- 2.568989 s
currentSize : 20 <-- 336.642517 s

TIMEOUT
maxsize : 20
nodes : 190295931.000000
filtered : 4301244376.000000
time : 1000.000061
