Parameters: GAD=1 vflib=1 dir=0 label=0 lowerbound=1 fileNameGp=../../cp2016-max-common-connected-subgraph-paper/datasets/graphsdb/mcs10/rand/r01/mcs10_r01_s30.A01 fileNameGt=../../cp2016-max-common-connected-subgraph-paper/datasets/graphsdb/mcs10/rand/r01/mcs10_r01_s30.B01
Reading graphs...
30 :  84
30 :  85
Initializing...
maxdom : 30
D->valSize : 900
Solving...
currentSize : 11 <-- 0.017480 s
currentSize : 12 <-- 0.017597 s
currentSize : 13 <-- 0.018141 s
currentSize : 14 <-- 0.020347 s
currentSize : 15 <-- 0.021505 s
currentSize : 16 <-- 0.041369 s
currentSize : 17 <-- 0.093559 s
currentSize : 18 <-- 0.606096 s
currentSize : 19 <-- 36.617214 s

maxsize : 19
nodes : 18137961.000000
filtered : 438036368.000000
time : 92.792656
