Parameters: GAD=1 vflib=1 dir=0 label=0 lowerbound=1 fileNameGp=../../cp2016-max-common-connected-subgraph-paper/datasets/graphsdb/mcs10/bvg/b03m/mcs10_b03m_s50.A05 fileNameGt=../../cp2016-max-common-connected-subgraph-paper/datasets/graphsdb/mcs10/bvg/b03m/mcs10_b03m_s50.B05
Reading graphs...
50 :  73
50 :  74
Initializing...
maxdom : 50
D->valSize : 2500
Solving...
currentSize : 22 <-- 0.099311 s
currentSize : 24 <-- 0.102351 s
currentSize : 25 <-- 0.107233 s
currentSize : 26 <-- 0.195876 s
currentSize : 27 <-- 1.620451 s
currentSize : 28 <-- 23.566412 s
currentSize : 29 <-- 448.069336 s

TIMEOUT
maxsize : 29
nodes : 250801105.000000
filtered : 2314395112.000000
time : 1000.000000
