Parameters: GAD=1 vflib=1 dir=0 label=0 lowerbound=1 fileNameGp=../../cp2016-max-common-connected-subgraph-paper/datasets/graphsdb/mcs10/rand/r005/mcs10_r005_s50.A03 fileNameGt=../../cp2016-max-common-connected-subgraph-paper/datasets/graphsdb/mcs10/rand/r005/mcs10_r005_s50.B03
Reading graphs...
50 :  122
50 :  119
Initializing...
maxdom : 50
D->valSize : 2500
Solving...
currentSize : 21 <-- 0.095765 s
currentSize : 22 <-- 0.095924 s
currentSize : 23 <-- 0.114432 s
currentSize : 24 <-- 0.229267 s
currentSize : 25 <-- 0.230373 s
currentSize : 26 <-- 0.702577 s
currentSize : 27 <-- 8.369009 s
currentSize : 28 <-- 20.357227 s
currentSize : 29 <-- 148.714310 s
currentSize : 30 <-- 441.734222 s

TIMEOUT
maxsize : 30
nodes : 154313772.000000
filtered : 4040446998.000000
time : 1000.000061
