Parameters: GAD=1 vflib=1 dir=0 label=0 lowerbound=1 fileNameGp=../../cp2016-max-common-connected-subgraph-paper/datasets/graphsdb/mcs10/rand/r005/mcs10_r005_s35.A02 fileNameGt=../../cp2016-max-common-connected-subgraph-paper/datasets/graphsdb/mcs10/rand/r005/mcs10_r005_s35.B02
Reading graphs...
35 :  60
35 :  60
Initializing...
maxdom : 35
D->valSize : 1225
Solving...
currentSize : 18 <-- 0.020601 s
currentSize : 19 <-- 0.020763 s
currentSize : 21 <-- 0.023781 s
currentSize : 22 <-- 0.293108 s
currentSize : 23 <-- 0.519085 s
currentSize : 24 <-- 8.309235 s
currentSize : 25 <-- 249.326508 s

maxsize : 25
nodes : 110360553.000000
filtered : 2815112345.000000
time : 616.134094
