Parameters: GAD=1 vflib=1 dir=0 label=0 lowerbound=1 fileNameGp=../../cp2016-max-common-connected-subgraph-paper/datasets/graphsdb/mcs10/bvg/b03m/mcs10_b03m_s50.A08 fileNameGt=../../cp2016-max-common-connected-subgraph-paper/datasets/graphsdb/mcs10/bvg/b03m/mcs10_b03m_s50.B08
Reading graphs...
50 :  73
50 :  73
Initializing...
maxdom : 50
D->valSize : 2500
Solving...
currentSize : 13 <-- 0.099853 s
currentSize : 15 <-- 0.099905 s
currentSize : 23 <-- 0.100104 s
currentSize : 24 <-- 0.118779 s
currentSize : 25 <-- 0.162430 s
currentSize : 26 <-- 0.180459 s
currentSize : 27 <-- 5.289016 s
currentSize : 28 <-- 22.613012 s
currentSize : 29 <-- 24.204786 s
currentSize : 30 <-- 37.776772 s

TIMEOUT
maxsize : 30
nodes : 257173303.000000
filtered : 2163051009.000000
time : 1000.000061
