Parameters: GAD=1 vflib=1 dir=0 label=0 lowerbound=1 fileNameGp=../../cp2016-max-common-connected-subgraph-paper/datasets/graphsdb/mcs10/rand/r005/mcs10_r005_s40.A03 fileNameGt=../../cp2016-max-common-connected-subgraph-paper/datasets/graphsdb/mcs10/rand/r005/mcs10_r005_s40.B03
Reading graphs...
40 :  80
40 :  80
Initializing...
maxdom : 40
D->valSize : 1600
Solving...
currentSize : 16 <-- 0.054731 s
currentSize : 19 <-- 0.054783 s
currentSize : 20 <-- 0.056759 s
currentSize : 21 <-- 0.075428 s
currentSize : 22 <-- 2.855751 s
currentSize : 23 <-- 3.388219 s
currentSize : 24 <-- 3.413035 s
currentSize : 25 <-- 3.413142 s
currentSize : 26 <-- 26.517996 s

TIMEOUT
maxsize : 26
nodes : 163619524.000000
filtered : 4195920712.000000
time : 1000.000000
