Parameters: GAD=1 vflib=1 dir=0 label=0 lowerbound=1 fileNameGp=../../cp2016-max-common-connected-subgraph-paper/datasets/graphsdb/mcs10/m2D/m2Dr6/mcs10_m2Dr6_s40.A00 fileNameGt=../../cp2016-max-common-connected-subgraph-paper/datasets/graphsdb/mcs10/m2D/m2Dr6/mcs10_m2Dr6_s40.B00
Reading graphs...
40 :  89
40 :  87
Initializing...
maxdom : 40
D->valSize : 1600
Solving...
currentSize : 14 <-- 0.034755 s
currentSize : 16 <-- 0.034812 s
currentSize : 18 <-- 0.034961 s
currentSize : 19 <-- 0.044050 s
currentSize : 20 <-- 0.097706 s
currentSize : 21 <-- 0.106597 s
currentSize : 22 <-- 0.106618 s
currentSize : 23 <-- 0.897541 s
currentSize : 24 <-- 6.529903 s
currentSize : 25 <-- 82.050652 s

TIMEOUT
maxsize : 25
nodes : 163903203.000000
filtered : 4512764382.000000
time : 1000.000000
