Parameters: GAD=1 vflib=1 dir=0 label=0 lowerbound=1 fileNameGp=../../cp2016-max-common-connected-subgraph-paper/datasets/graphsdb/mcs10/rand/r005/mcs10_r005_s20.A00 fileNameGt=../../cp2016-max-common-connected-subgraph-paper/datasets/graphsdb/mcs10/rand/r005/mcs10_r005_s20.B00
Reading graphs...
20 :  20
20 :  20
Initializing...
maxdom : 20
D->valSize : 400
Solving...
currentSize : 7 <-- 0.002338 s
currentSize : 8 <-- 0.002355 s
currentSize : 10 <-- 0.003083 s
currentSize : 11 <-- 0.003087 s
currentSize : 12 <-- 0.003576 s
currentSize : 13 <-- 0.022258 s
currentSize : 14 <-- 0.105941 s
currentSize : 15 <-- 0.122658 s

maxsize : 15
nodes : 85282.000000
filtered : 626363.000000
time : 0.195305
