Parameters: GAD=1 vflib=1 dir=0 label=0 lowerbound=1 fileNameGp=../../cp2016-max-common-connected-subgraph-paper/datasets/graphsdb/mcs10/m2D/m2Dr4/mcs10_m2Dr4_s50.A09 fileNameGt=../../cp2016-max-common-connected-subgraph-paper/datasets/graphsdb/mcs10/m2D/m2Dr4/mcs10_m2Dr4_s50.B09
Reading graphs...
50 :  103
50 :  103
Initializing...
maxdom : 50
D->valSize : 2500
Solving...
currentSize : 23 <-- 0.125351 s
currentSize : 24 <-- 0.125395 s
currentSize : 25 <-- 0.125439 s
currentSize : 26 <-- 1.071837 s
currentSize : 27 <-- 2.818845 s
currentSize : 28 <-- 4.484436 s
currentSize : 29 <-- 7.667230 s
currentSize : 30 <-- 127.002655 s

TIMEOUT
maxsize : 30
nodes : 172633100.000000
filtered : 3185655197.000000
time : 1000.000061
