Parameters: GAD=1 vflib=1 dir=0 label=0 lowerbound=1 fileNameGp=../../cp2016-max-common-connected-subgraph-paper/datasets/graphsdb/mcs10/rand/r005/mcs10_r005_s30.A07 fileNameGt=../../cp2016-max-common-connected-subgraph-paper/datasets/graphsdb/mcs10/rand/r005/mcs10_r005_s30.B07
Reading graphs...
30 :  44
30 :  45
Initializing...
maxdom : 30
D->valSize : 900
Solving...
currentSize : 13 <-- 0.019814 s
currentSize : 14 <-- 0.019842 s
currentSize : 15 <-- 0.022681 s
currentSize : 16 <-- 0.039342 s
currentSize : 17 <-- 0.039694 s
currentSize : 18 <-- 0.183193 s
currentSize : 19 <-- 0.716715 s
currentSize : 20 <-- 0.720239 s
currentSize : 21 <-- 2.353083 s

maxsize : 21
nodes : 3859810.000000
filtered : 70725687.000000
time : 17.203848
