Parameters: GAD=1 vflib=1 dir=0 label=0 lowerbound=1 fileNameGp=../../cp2016-max-common-connected-subgraph-paper/datasets/graphsdb/mcs10/m2D/m2Dr6/mcs10_m2Dr6_s50.A09 fileNameGt=../../cp2016-max-common-connected-subgraph-paper/datasets/graphsdb/mcs10/m2D/m2Dr6/mcs10_m2Dr6_s50.B09
Reading graphs...
50 :  111
50 :  112
Initializing...
maxdom : 50
D->valSize : 2500
Solving...
currentSize : 24 <-- 0.125110 s
currentSize : 25 <-- 0.125409 s
currentSize : 26 <-- 0.300330 s
currentSize : 27 <-- 1.038932 s
currentSize : 28 <-- 1.244709 s
currentSize : 29 <-- 1.246102 s
currentSize : 30 <-- 3.342654 s

TIMEOUT
maxsize : 30
nodes : 150955827.000000
filtered : 3648477311.000000
time : 1000.000061
