Parameters: GAD=1 vflib=1 dir=0 label=0 lowerbound=1 fileNameGp=../../cp2016-max-common-connected-subgraph-paper/datasets/graphsdb/mcs10/rand/r02/mcs10_r02_s25.A00 fileNameGt=../../cp2016-max-common-connected-subgraph-paper/datasets/graphsdb/mcs10/rand/r02/mcs10_r02_s25.B00
Reading graphs...
25 :  113
25 :  108
Initializing...
maxdom : 25
D->valSize : 625
Solving...
currentSize : 7 <-- 0.004420 s
currentSize : 8 <-- 0.004436 s
currentSize : 9 <-- 0.004510 s
currentSize : 10 <-- 0.004708 s
currentSize : 11 <-- 0.006403 s
currentSize : 12 <-- 0.015128 s
currentSize : 13 <-- 0.092817 s

maxsize : 13
nodes : 5718562.000000
filtered : 77312695.000000
time : 21.277328
