Parameters: GAD=1 vflib=1 dir=0 label=0 lowerbound=1 fileNameGp=../../cp2016-max-common-connected-subgraph-paper/datasets/graphsdb/mcs10/bvg/b03/mcs10_b03_s40.A08 fileNameGt=../../cp2016-max-common-connected-subgraph-paper/datasets/graphsdb/mcs10/bvg/b03/mcs10_b03_s40.B08
Reading graphs...
40 :  60
40 :  59
Initializing...
maxdom : 40
D->valSize : 1600
Solving...
currentSize : 13 <-- 0.038000 s
currentSize : 14 <-- 0.038084 s
currentSize : 16 <-- 0.046982 s
currentSize : 17 <-- 0.047963 s
currentSize : 19 <-- 0.060433 s
currentSize : 20 <-- 0.393146 s
currentSize : 21 <-- 0.397931 s
currentSize : 22 <-- 0.397941 s
currentSize : 23 <-- 0.560392 s
currentSize : 24 <-- 1.196468 s
currentSize : 25 <-- 20.375912 s
currentSize : 26 <-- 23.022413 s
currentSize : 27 <-- 116.819489 s
currentSize : 28 <-- 119.260338 s

TIMEOUT
maxsize : 28
nodes : 182115942.000000
filtered : 3509395785.000000
time : 1000.000000
