Parameters: GAD=1 vflib=1 dir=0 label=0 lowerbound=1 fileNameGp=../../cp2016-max-common-connected-subgraph-paper/datasets/graphsdb/mcs10/rand/r01/mcs10_r01_s30.A00 fileNameGt=../../cp2016-max-common-connected-subgraph-paper/datasets/graphsdb/mcs10/rand/r01/mcs10_r01_s30.B00
Reading graphs...
30 :  83
30 :  85
Initializing...
maxdom : 30
D->valSize : 900
Solving...
currentSize : 13 <-- 0.010099 s
currentSize : 14 <-- 0.010339 s
currentSize : 15 <-- 0.014706 s
currentSize : 16 <-- 0.090627 s
currentSize : 17 <-- 0.369190 s
currentSize : 18 <-- 3.418007 s

maxsize : 18
nodes : 51837094.000000
filtered : 1105621295.000000
time : 249.360870
