Parameters: GAD=1 vflib=1 dir=0 label=0 lowerbound=1 fileNameGp=../../cp2016-max-common-connected-subgraph-paper/datasets/graphsdb/mcs10/bvg/b03/mcs10_b03_s40.A00 fileNameGt=../../cp2016-max-common-connected-subgraph-paper/datasets/graphsdb/mcs10/bvg/b03/mcs10_b03_s40.B00
Reading graphs...
40 :  60
40 :  60
Initializing...
maxdom : 40
D->valSize : 1600
Solving...
currentSize : 16 <-- 0.038801 s
currentSize : 17 <-- 0.038846 s
currentSize : 19 <-- 0.038908 s
currentSize : 20 <-- 0.042455 s
currentSize : 22 <-- 0.050396 s
currentSize : 23 <-- 0.365933 s
currentSize : 24 <-- 1.850315 s
currentSize : 25 <-- 7.210741 s
currentSize : 26 <-- 60.282284 s
currentSize : 27 <-- 76.939743 s

TIMEOUT
maxsize : 27
nodes : 205494766.000000
filtered : 3182857964.000000
time : 1000.000000
