Parameters: GAD=1 vflib=1 dir=0 label=0 lowerbound=1 fileNameGp=../../cp2016-max-common-connected-subgraph-paper/datasets/graphsdb/mcs10/bvg/b03m/mcs10_b03m_s40.A08 fileNameGt=../../cp2016-max-common-connected-subgraph-paper/datasets/graphsdb/mcs10/bvg/b03m/mcs10_b03m_s40.B08
Reading graphs...
40 :  59
40 :  58
Initializing...
maxdom : 40
D->valSize : 1600
Solving...
currentSize : 19 <-- 0.036919 s
currentSize : 20 <-- 0.036965 s
currentSize : 21 <-- 0.037144 s
currentSize : 22 <-- 0.127929 s
currentSize : 23 <-- 3.950883 s
currentSize : 24 <-- 70.053123 s
currentSize : 25 <-- 70.058487 s
currentSize : 26 <-- 109.910728 s

TIMEOUT
maxsize : 26
nodes : 232728371.000000
filtered : 2941212510.000000
time : 1000.000061
