Parameters: GAD=1 vflib=1 dir=0 label=0 lowerbound=1 fileNameGp=../../cp2016-max-common-connected-subgraph-paper/datasets/graphsdb/mcs10/rand/r01/mcs10_r01_s50.A00 fileNameGt=../../cp2016-max-common-connected-subgraph-paper/datasets/graphsdb/mcs10/rand/r01/mcs10_r01_s50.B00
Reading graphs...
50 :  236
50 :  236
Initializing...
maxdom : 50
D->valSize : 2500
Solving...
currentSize : 15 <-- 0.091896 s
currentSize : 16 <-- 0.091957 s
currentSize : 17 <-- 0.092371 s
currentSize : 18 <-- 0.095216 s
currentSize : 19 <-- 0.129736 s
currentSize : 20 <-- 0.353671 s
currentSize : 21 <-- 0.960733 s
currentSize : 22 <-- 53.846684 s

TIMEOUT
maxsize : 22
nodes : 170196203.000000
filtered : 3248811891.000000
time : 1000.000000
