Parameters: GAD=1 vflib=1 dir=0 label=0 lowerbound=1 fileNameGp=../../cp2016-max-common-connected-subgraph-paper/datasets/graphsdb/mcs10/rand/r005/mcs10_r005_s50.A06 fileNameGt=../../cp2016-max-common-connected-subgraph-paper/datasets/graphsdb/mcs10/rand/r005/mcs10_r005_s50.B06
Reading graphs...
50 :  122
50 :  123
Initializing...
maxdom : 50
D->valSize : 2500
Solving...
currentSize : 22 <-- 0.095166 s
currentSize : 23 <-- 0.095220 s
currentSize : 24 <-- 0.095750 s
currentSize : 26 <-- 0.100644 s
currentSize : 27 <-- 0.145305 s
currentSize : 28 <-- 0.151617 s
currentSize : 29 <-- 12.412784 s

TIMEOUT
maxsize : 29
nodes : 165148604.000000
filtered : 3619017781.000000
time : 1000.000061
