Parameters: GAD=1 vflib=1 dir=0 label=0 lowerbound=1 fileNameGp=../../cp2016-max-common-connected-subgraph-paper/datasets/graphsdb/mcs10/rand/r01/mcs10_r01_s40.A03 fileNameGt=../../cp2016-max-common-connected-subgraph-paper/datasets/graphsdb/mcs10/rand/r01/mcs10_r01_s40.B03
Reading graphs...
40 :  152
40 :  153
Initializing...
maxdom : 40
D->valSize : 1600
Solving...
currentSize : 13 <-- 0.032072 s
currentSize : 14 <-- 0.032198 s
currentSize : 15 <-- 0.032574 s
currentSize : 16 <-- 0.033035 s
currentSize : 18 <-- 0.033346 s
currentSize : 19 <-- 0.065490 s
currentSize : 20 <-- 10.509974 s
currentSize : 21 <-- 145.169357 s

TIMEOUT
maxsize : 21
nodes : 177467219.000000
filtered : 4124787142.000000
time : 1000.000000
