Parameters: GAD=1 vflib=1 dir=0 label=0 lowerbound=1 fileNameGp=../../cp2016-max-common-connected-subgraph-paper/datasets/graphsdb/mcs10/bvg/b03m/mcs10_b03m_s40.A02 fileNameGt=../../cp2016-max-common-connected-subgraph-paper/datasets/graphsdb/mcs10/bvg/b03m/mcs10_b03m_s40.B02
Reading graphs...
40 :  59
40 :  58
Initializing...
maxdom : 40
D->valSize : 1600
Solving...
currentSize : 17 <-- 0.036511 s
currentSize : 18 <-- 0.036738 s
currentSize : 19 <-- 0.037186 s
currentSize : 21 <-- 0.037942 s
currentSize : 22 <-- 0.104657 s
currentSize : 23 <-- 5.180739 s
currentSize : 24 <-- 44.841835 s
currentSize : 25 <-- 44.879360 s
currentSize : 26 <-- 217.727371 s
currentSize : 27 <-- 264.760742 s

TIMEOUT
maxsize : 27
nodes : 217717629.000000
filtered : 3242802473.000000
time : 1000.000061
