Parameters: GAD=1 vflib=1 dir=0 label=0 lowerbound=1 fileNameGp=../../cp2016-max-common-connected-subgraph-paper/datasets/graphsdb/mcs10/rand/r01/mcs10_r01_s35.A02 fileNameGt=../../cp2016-max-common-connected-subgraph-paper/datasets/graphsdb/mcs10/rand/r01/mcs10_r01_s35.B02
Reading graphs...
35 :  111
35 :  114
Initializing...
maxdom : 35
D->valSize : 1225
Solving...
currentSize : 12 <-- 0.019341 s
currentSize : 13 <-- 0.019399 s
currentSize : 15 <-- 0.019658 s
currentSize : 16 <-- 0.021230 s
currentSize : 17 <-- 0.041197 s
currentSize : 18 <-- 0.122993 s
currentSize : 19 <-- 4.341042 s
currentSize : 20 <-- 197.692154 s

TIMEOUT
maxsize : 20
nodes : 187560076.000000
filtered : 4406403388.000000
time : 1000.000061
