Parameters: GAD=1 vflib=1 dir=0 label=0 lowerbound=1 fileNameGp=../../cp2016-max-common-connected-subgraph-paper/datasets/graphsdb/mcs10/rand/r005/mcs10_r005_s50.A01 fileNameGt=../../cp2016-max-common-connected-subgraph-paper/datasets/graphsdb/mcs10/rand/r005/mcs10_r005_s50.B01
Reading graphs...
50 :  122
50 :  123
Initializing...
maxdom : 50
D->valSize : 2500
Solving...
currentSize : 17 <-- 0.095163 s
currentSize : 18 <-- 0.095186 s
currentSize : 19 <-- 0.095211 s
currentSize : 21 <-- 0.095225 s
currentSize : 22 <-- 0.096083 s
currentSize : 23 <-- 0.096681 s
currentSize : 24 <-- 0.102702 s
currentSize : 25 <-- 0.452670 s
currentSize : 26 <-- 1.775375 s
currentSize : 27 <-- 4.542101 s
currentSize : 28 <-- 63.523029 s
currentSize : 29 <-- 526.582520 s

TIMEOUT
maxsize : 29
nodes : 178971402.000000
filtered : 3627012894.000000
time : 1000.000061
