Parameters: GAD=1 vflib=1 dir=0 label=0 lowerbound=1 fileNameGp=../../cp2016-max-common-connected-subgraph-paper/datasets/graphsdb/mcs10/m2D/m2Dr6/mcs10_m2Dr6_s50.A03 fileNameGt=../../cp2016-max-common-connected-subgraph-paper/datasets/graphsdb/mcs10/m2D/m2Dr6/mcs10_m2Dr6_s50.B03
Reading graphs...
50 :  111
50 :  109
Initializing...
maxdom : 50
D->valSize : 2500
Solving...
currentSize : 20 <-- 0.094069 s
currentSize : 21 <-- 0.094974 s
currentSize : 24 <-- 0.096443 s
currentSize : 25 <-- 0.139187 s
currentSize : 26 <-- 0.150412 s
currentSize : 28 <-- 3.026877 s
currentSize : 29 <-- 41.400623 s
currentSize : 30 <-- 390.470184 s
currentSize : 31 <-- 430.381927 s

TIMEOUT
maxsize : 31
nodes : 170085729.000000
filtered : 3716406580.000000
time : 1000.000061
