Parameters: GAD=1 vflib=1 dir=0 label=0 lowerbound=1 fileNameGp=../../cp2016-max-common-connected-subgraph-paper/datasets/graphsdb/mcs10/rand/r01/mcs10_r01_s50.A08 fileNameGt=../../cp2016-max-common-connected-subgraph-paper/datasets/graphsdb/mcs10/rand/r01/mcs10_r01_s50.B08
Reading graphs...
50 :  237
50 :  243
Initializing...
maxdom : 50
D->valSize : 2500
Solving...
currentSize : 14 <-- 0.101411 s
currentSize : 15 <-- 0.101486 s
currentSize : 16 <-- 0.101666 s
currentSize : 17 <-- 0.102138 s
currentSize : 18 <-- 0.105549 s
currentSize : 19 <-- 0.106652 s
currentSize : 20 <-- 0.263422 s
currentSize : 21 <-- 33.574604 s
currentSize : 22 <-- 583.763611 s

TIMEOUT
maxsize : 22
nodes : 172014460.000000
filtered : 2821686083.000000
time : 1000.000061
