Parameters: GAD=1 vflib=1 dir=0 label=0 lowerbound=1 fileNameGp=../../cp2016-max-common-connected-subgraph-paper/datasets/graphsdb/mcs10/bvg/b03m/mcs10_b03m_s40.A06 fileNameGt=../../cp2016-max-common-connected-subgraph-paper/datasets/graphsdb/mcs10/bvg/b03m/mcs10_b03m_s40.B06
Reading graphs...
40 :  60
40 :  59
Initializing...
maxdom : 40
D->valSize : 1600
Solving...
currentSize : 17 <-- 0.036365 s
currentSize : 18 <-- 0.036396 s
currentSize : 19 <-- 0.036638 s
currentSize : 20 <-- 0.037185 s
currentSize : 21 <-- 0.037209 s
currentSize : 22 <-- 0.230482 s
currentSize : 24 <-- 0.230906 s
currentSize : 25 <-- 46.733387 s
currentSize : 26 <-- 313.846100 s
currentSize : 27 <-- 668.332397 s

TIMEOUT
maxsize : 27
nodes : 223972910.000000
filtered : 3003795875.000000
time : 1000.000000
