Parameters: GAD=1 vflib=1 dir=0 label=0 lowerbound=1 fileNameGp=../../cp2016-max-common-connected-subgraph-paper/datasets/graphsdb/mcs10/bvg/b03/mcs10_b03_s50.A03 fileNameGt=../../cp2016-max-common-connected-subgraph-paper/datasets/graphsdb/mcs10/bvg/b03/mcs10_b03_s50.B03
Reading graphs...
50 :  75
50 :  74
Initializing...
maxdom : 50
D->valSize : 2500
Solving...
currentSize : 21 <-- 0.099868 s
currentSize : 22 <-- 0.099896 s
currentSize : 23 <-- 0.100801 s
currentSize : 27 <-- 0.137873 s
currentSize : 29 <-- 0.138759 s
currentSize : 30 <-- 2.768757 s
currentSize : 31 <-- 128.577194 s
currentSize : 32 <-- 415.301788 s

TIMEOUT
maxsize : 32
nodes : 218788756.000000
filtered : 2604062444.000000
time : 1000.000061
