Parameters: GAD=1 vflib=1 dir=0 label=0 lowerbound=1 fileNameGp=../../cp2016-max-common-connected-subgraph-paper/datasets/graphsdb/mcs10/m2D/m2Dr4/mcs10_m2Dr4_s40.A02 fileNameGt=../../cp2016-max-common-connected-subgraph-paper/datasets/graphsdb/mcs10/m2D/m2Dr4/mcs10_m2Dr4_s40.B02
Reading graphs...
40 :  82
40 :  79
Initializing...
maxdom : 40
D->valSize : 1600
Solving...
currentSize : 18 <-- 0.035390 s
currentSize : 20 <-- 0.035494 s
currentSize : 21 <-- 0.036220 s
currentSize : 22 <-- 0.040874 s
currentSize : 23 <-- 1.162631 s
currentSize : 24 <-- 7.735898 s
currentSize : 25 <-- 108.477081 s
currentSize : 26 <-- 218.311584 s

TIMEOUT
maxsize : 26
nodes : 176246520.000000
filtered : 4286999235.000000
time : 1000.000000
