Parameters: GAD=1 vflib=1 dir=0 label=0 lowerbound=1 fileNameGp=../../cp2016-max-common-connected-subgraph-paper/datasets/graphsdb/mcs30/rand/r01/mcs30_r01_s35.A00 fileNameGt=../../cp2016-max-common-connected-subgraph-paper/datasets/graphsdb/mcs30/rand/r01/mcs30_r01_s35.B00
Reading graphs...
35 :  116
35 :  112
Initializing...
maxdom : 35
D->valSize : 1225
Solving...
currentSize : 13 <-- 0.020081 s
currentSize : 14 <-- 0.020104 s
currentSize : 15 <-- 0.020524 s
currentSize : 16 <-- 0.022920 s
currentSize : 17 <-- 0.032662 s
currentSize : 18 <-- 0.261109 s
currentSize : 19 <-- 16.560171 s

TIMEOUT
maxsize : 19
nodes : 201966908.000000
filtered : 3941666449.000000
time : 1000.000061
