Parameters: GAD=1 vflib=1 dir=0 label=0 lowerbound=1 fileNameGp=../../cp2016-max-common-connected-subgraph-paper/datasets/graphsdb/mcs30/m2D/m2Dr4/mcs30_m2Dr4_s50.A01 fileNameGt=../../cp2016-max-common-connected-subgraph-paper/datasets/graphsdb/mcs30/m2D/m2Dr4/mcs30_m2Dr4_s50.B01
Reading graphs...
50 :  105
50 :  104
Initializing...
maxdom : 50
D->valSize : 2500
Solving...
currentSize : 17 <-- 0.160870 s
currentSize : 18 <-- 0.160931 s
currentSize : 19 <-- 0.161021 s
currentSize : 23 <-- 0.161110 s
currentSize : 24 <-- 0.161318 s
currentSize : 25 <-- 0.209103 s
currentSize : 26 <-- 0.731294 s
currentSize : 27 <-- 15.048001 s
currentSize : 28 <-- 15.106664 s
currentSize : 29 <-- 157.610153 s
currentSize : 30 <-- 159.136688 s
currentSize : 31 <-- 366.372284 s

TIMEOUT
maxsize : 31
nodes : 160771657.000000
filtered : 3223401569.000000
time : 1000.000061
