Parameters: GAD=1 vflib=1 dir=0 label=0 lowerbound=1 fileNameGp=../../cp2016-max-common-connected-subgraph-paper/datasets/graphsdb/mcs30/bvg/b09/mcs30_b09_s40.A05 fileNameGt=../../cp2016-max-common-connected-subgraph-paper/datasets/graphsdb/mcs30/bvg/b09/mcs30_b09_s40.B05
Reading graphs...
40 :  172
40 :  174
Initializing...
maxdom : 40
D->valSize : 1600
Solving...
currentSize : 14 <-- 0.053538 s
currentSize : 15 <-- 0.053580 s
currentSize : 16 <-- 0.057541 s
currentSize : 17 <-- 0.077200 s
currentSize : 18 <-- 0.220276 s
currentSize : 19 <-- 4.059151 s
currentSize : 20 <-- 50.044830 s

TIMEOUT
maxsize : 20
nodes : 179285073.000000
filtered : 4259975967.000000
time : 1000.000000
