Parameters: GAD=1 vflib=1 dir=0 label=0 lowerbound=1 fileNameGp=../../cp2016-max-common-connected-subgraph-paper/datasets/graphsdb/mcs30/m3D/m3Dr4/mcs30_m3Dr4_s30.A02 fileNameGt=../../cp2016-max-common-connected-subgraph-paper/datasets/graphsdb/mcs30/m3D/m3Dr4/mcs30_m3Dr4_s30.B02
Reading graphs...
30 :  68
30 :  70
Initializing...
maxdom : 30
D->valSize : 900
Solving...
currentSize : 13 <-- 0.018634 s
currentSize : 14 <-- 0.018677 s
currentSize : 15 <-- 0.020362 s
currentSize : 16 <-- 0.039239 s
currentSize : 17 <-- 0.073280 s
currentSize : 18 <-- 1.746257 s
currentSize : 19 <-- 41.799164 s
currentSize : 20 <-- 132.995499 s

maxsize : 20
nodes : 37136074.000000
filtered : 742629891.000000
time : 172.986847
