Parameters: GAD=1 vflib=1 dir=0 label=0 lowerbound=1 fileNameGp=../../cp2016-max-common-connected-subgraph-paper/datasets/graphsdb/mcs30/bvg/b03m/mcs30_b03m_s30.A05 fileNameGt=../../cp2016-max-common-connected-subgraph-paper/datasets/graphsdb/mcs30/bvg/b03m/mcs30_b03m_s30.B05
Reading graphs...
30 :  45
30 :  45
Initializing...
maxdom : 30
D->valSize : 900
Solving...
currentSize : 12 <-- 0.011047 s
currentSize : 13 <-- 0.011064 s
currentSize : 14 <-- 0.011098 s
currentSize : 15 <-- 0.012235 s
currentSize : 16 <-- 0.020118 s
currentSize : 17 <-- 0.115020 s
currentSize : 18 <-- 0.206921 s
currentSize : 19 <-- 0.524881 s
currentSize : 20 <-- 0.689949 s
currentSize : 21 <-- 33.752777 s

maxsize : 21
nodes : 17109724.000000
filtered : 280875284.000000
time : 71.705162
