Parameters: GAD=1 vflib=1 dir=0 label=0 lowerbound=1 fileNameGp=../../cp2016-max-common-connected-subgraph-paper/datasets/graphsdb/mcs30/rand/r01/mcs30_r01_s50.A07 fileNameGt=../../cp2016-max-common-connected-subgraph-paper/datasets/graphsdb/mcs30/rand/r01/mcs30_r01_s50.B07
Reading graphs...
50 :  233
50 :  227
Initializing...
maxdom : 50
D->valSize : 2500
Solving...
currentSize : 16 <-- 0.086192 s
currentSize : 17 <-- 0.086250 s
currentSize : 18 <-- 0.089555 s
currentSize : 19 <-- 0.104472 s
currentSize : 20 <-- 0.263786 s
currentSize : 21 <-- 0.303507 s
currentSize : 22 <-- 5.890503 s
currentSize : 23 <-- 276.766846 s

TIMEOUT
maxsize : 23
nodes : 167841215.000000
filtered : 3554033850.000000
time : 1000.000061
