Parameters: GAD=1 vflib=1 dir=0 label=0 lowerbound=1 fileNameGp=../../cp2016-max-common-connected-subgraph-paper/datasets/graphsdb/mcs30/m2D/m2Dr2/mcs30_m2Dr2_s30.A02 fileNameGt=../../cp2016-max-common-connected-subgraph-paper/datasets/graphsdb/mcs30/m2D/m2Dr2/mcs30_m2Dr2_s30.B02
Reading graphs...
30 :  53
30 :  52
Initializing...
maxdom : 30
D->valSize : 900
Solving...
currentSize : 13 <-- 0.019077 s
currentSize : 15 <-- 0.019103 s
currentSize : 16 <-- 0.021256 s
currentSize : 17 <-- 0.029015 s
currentSize : 18 <-- 0.063765 s
currentSize : 19 <-- 2.043765 s
currentSize : 20 <-- 5.256505 s
currentSize : 21 <-- 36.943459 s

maxsize : 21
nodes : 14125437.000000
filtered : 276013579.000000
time : 65.547256
