Parameters: GAD=1 vflib=1 dir=0 label=0 lowerbound=1 fileNameGp=../../cp2016-max-common-connected-subgraph-paper/datasets/graphsdb/mcs30/rand/r01/mcs30_r01_s40.A04 fileNameGt=../../cp2016-max-common-connected-subgraph-paper/datasets/graphsdb/mcs30/rand/r01/mcs30_r01_s40.B04
Reading graphs...
40 :  150
40 :  149
Initializing...
maxdom : 40
D->valSize : 1600
Solving...
currentSize : 13 <-- 0.056020 s
currentSize : 15 <-- 0.056098 s
currentSize : 16 <-- 0.056355 s
currentSize : 17 <-- 0.058610 s
currentSize : 18 <-- 0.092339 s
currentSize : 19 <-- 1.307405 s
currentSize : 20 <-- 56.106167 s

TIMEOUT
maxsize : 20
nodes : 193284631.000000
filtered : 3673536356.000000
time : 1000.000000
