Parameters: GAD=1 vflib=1 dir=0 label=0 lowerbound=1 fileNameGp=../../cp2016-max-common-connected-subgraph-paper/datasets/graphsdb/mcs30/m3D/m3D/mcs30_m3D_s30.A02 fileNameGt=../../cp2016-max-common-connected-subgraph-paper/datasets/graphsdb/mcs30/m3D/m3D/mcs30_m3D_s30.B02
Reading graphs...
30 :  59
30 :  59
Initializing...
maxdom : 30
D->valSize : 900
Solving...
currentSize : 11 <-- 0.018704 s
currentSize : 12 <-- 0.018825 s
currentSize : 13 <-- 0.018968 s
currentSize : 14 <-- 0.019059 s
currentSize : 15 <-- 0.020423 s
currentSize : 16 <-- 0.022178 s
currentSize : 17 <-- 0.121589 s
currentSize : 18 <-- 0.134042 s
currentSize : 19 <-- 0.809564 s
currentSize : 20 <-- 3.288673 s

maxsize : 20
nodes : 20838807.000000
filtered : 463396531.000000
time : 101.054558
