Parameters: GAD=1 vflib=1 dir=0 label=0 lowerbound=1 fileNameGp=../../cp2016-max-common-connected-subgraph-paper/datasets/graphsdb/mcs30/m2D/m2Dr6/mcs30_m2Dr6_s50.A00 fileNameGt=../../cp2016-max-common-connected-subgraph-paper/datasets/graphsdb/mcs30/m2D/m2Dr6/mcs30_m2Dr6_s50.B00
Reading graphs...
50 :  114
50 :  110
Initializing...
maxdom : 50
D->valSize : 2500
Solving...
currentSize : 21 <-- 0.093760 s
currentSize : 22 <-- 0.093972 s
currentSize : 24 <-- 0.141763 s
currentSize : 25 <-- 2.089512 s
currentSize : 26 <-- 18.253613 s
currentSize : 27 <-- 130.679718 s
currentSize : 28 <-- 214.898743 s
currentSize : 29 <-- 804.754639 s

TIMEOUT
maxsize : 29
nodes : 177416184.000000
filtered : 2949393203.000000
time : 1000.000061
