Parameters: GAD=1 vflib=1 dir=0 label=0 lowerbound=1 fileNameGp=../../cp2016-max-common-connected-subgraph-paper/datasets/graphsdb/mcs30/rand/r005/mcs30_r005_s35.A08 fileNameGt=../../cp2016-max-common-connected-subgraph-paper/datasets/graphsdb/mcs30/rand/r005/mcs30_r005_s35.B08
Reading graphs...
35 :  64
35 :  62
Initializing...
maxdom : 35
D->valSize : 1225
Solving...
currentSize : 14 <-- 0.020563 s
currentSize : 15 <-- 0.020694 s
currentSize : 16 <-- 0.020703 s
currentSize : 19 <-- 0.020716 s
currentSize : 20 <-- 0.043455 s
currentSize : 21 <-- 0.043475 s
currentSize : 22 <-- 0.586527 s
currentSize : 23 <-- 1.512986 s
currentSize : 24 <-- 2.049517 s

TIMEOUT
maxsize : 24
nodes : 175361285.000000
filtered : 4446327349.000000
time : 1000.000061
