Parameters: GAD=1 vflib=1 dir=0 label=0 lowerbound=1 fileNameGp=../../cp2016-max-common-connected-subgraph-paper/datasets/graphsdb/mcs30/m2D/m2Dr2/mcs30_m2Dr2_s50.A08 fileNameGt=../../cp2016-max-common-connected-subgraph-paper/datasets/graphsdb/mcs30/m2D/m2Dr2/mcs30_m2Dr2_s50.B08
Reading graphs...
50 :  93
50 :  92
Initializing...
maxdom : 50
D->valSize : 2500
Solving...
currentSize : 20 <-- 0.096047 s
currentSize : 22 <-- 0.096089 s
currentSize : 23 <-- 0.114833 s
currentSize : 24 <-- 0.241429 s
currentSize : 25 <-- 5.412282 s
currentSize : 26 <-- 30.728266 s
currentSize : 27 <-- 71.638443 s
currentSize : 28 <-- 126.429527 s
currentSize : 29 <-- 437.466888 s

TIMEOUT
maxsize : 29
nodes : 193458526.000000
filtered : 2695078723.000000
time : 1000.000061
