Parameters: GAD=1 vflib=1 dir=0 label=0 lowerbound=1 fileNameGp=../../cp2016-max-common-connected-subgraph-paper/datasets/graphsdb/mcs30/rand/r005/mcs30_r005_s35.A09 fileNameGt=../../cp2016-max-common-connected-subgraph-paper/datasets/graphsdb/mcs30/rand/r005/mcs30_r005_s35.B09
Reading graphs...
35 :  63
35 :  63
Initializing...
maxdom : 35
D->valSize : 1225
Solving...
currentSize : 16 <-- 0.033256 s
currentSize : 17 <-- 0.041418 s
currentSize : 18 <-- 0.256445 s
currentSize : 19 <-- 0.816002 s
currentSize : 20 <-- 0.918797 s
currentSize : 21 <-- 1.950817 s
currentSize : 22 <-- 14.506460 s
currentSize : 23 <-- 22.745504 s
currentSize : 24 <-- 90.573898 s

maxsize : 24
nodes : 112579747.000000
filtered : 2651972820.000000
time : 624.240662
