Parameters: GAD=1 vflib=1 dir=0 label=0 lowerbound=1 fileNameGp=../../cp2016-max-common-connected-subgraph-paper/datasets/graphsdb/mcs30/bvg/b06/mcs30_b06_s35.A02 fileNameGt=../../cp2016-max-common-connected-subgraph-paper/datasets/graphsdb/mcs30/bvg/b06/mcs30_b06_s35.B02
Reading graphs...
35 :  104
35 :  104
Initializing...
maxdom : 35
D->valSize : 1225
Solving...
currentSize : 15 <-- 0.032963 s
currentSize : 16 <-- 0.034180 s
currentSize : 17 <-- 0.034329 s
currentSize : 18 <-- 0.056679 s
currentSize : 19 <-- 0.073286 s
currentSize : 20 <-- 3.647571 s
currentSize : 21 <-- 143.550247 s

TIMEOUT
maxsize : 21
nodes : 177098110.000000
filtered : 4656507771.000000
time : 1000.000000
