Parameters: GAD=1 vflib=1 dir=0 label=0 lowerbound=1 fileNameGp=../../cp2016-max-common-connected-subgraph-paper/datasets/graphsdb/mcs30/rand/r005/mcs30_r005_s50.A09 fileNameGt=../../cp2016-max-common-connected-subgraph-paper/datasets/graphsdb/mcs30/rand/r005/mcs30_r005_s50.B09
Reading graphs...
50 :  122
50 :  123
Initializing...
maxdom : 50
D->valSize : 2500
Solving...
currentSize : 20 <-- 0.122962 s
currentSize : 21 <-- 0.124556 s
currentSize : 22 <-- 0.131828 s
currentSize : 23 <-- 0.133761 s
currentSize : 24 <-- 0.565860 s
currentSize : 25 <-- 1.978265 s
currentSize : 26 <-- 14.095211 s
currentSize : 27 <-- 31.666119 s
currentSize : 28 <-- 126.616173 s
currentSize : 29 <-- 367.072662 s

TIMEOUT
maxsize : 29
nodes : 155407237.000000
filtered : 3354817352.000000
time : 1000.000000
