Parameters: GAD=1 vflib=1 dir=0 label=0 lowerbound=1 fileNameGp=../../cp2016-max-common-connected-subgraph-paper/datasets/graphsdb/mcs30/m3D/m3D/mcs30_m3D_s40.A09 fileNameGt=../../cp2016-max-common-connected-subgraph-paper/datasets/graphsdb/mcs30/m3D/m3D/mcs30_m3D_s40.B09
Reading graphs...
40 :  83
40 :  84
Initializing...
maxdom : 40
D->valSize : 1600
Solving...
currentSize : 16 <-- 0.060064 s
currentSize : 18 <-- 0.060112 s
currentSize : 19 <-- 0.060411 s
currentSize : 20 <-- 0.060736 s
currentSize : 21 <-- 0.071562 s
currentSize : 22 <-- 0.112560 s
currentSize : 23 <-- 0.433033 s
currentSize : 24 <-- 4.878178 s
currentSize : 25 <-- 97.172592 s
currentSize : 26 <-- 383.381134 s
currentSize : 27 <-- 496.543274 s

TIMEOUT
maxsize : 27
nodes : 161777110.000000
filtered : 4516516542.000000
time : 1000.000000
