Parameters: GAD=1 vflib=1 dir=0 label=0 lowerbound=1 fileNameGp=../../cp2016-max-common-connected-subgraph-paper/datasets/graphsdb/mcs30/m3D/m3Dr6/mcs30_m3Dr6_s40.A00 fileNameGt=../../cp2016-max-common-connected-subgraph-paper/datasets/graphsdb/mcs30/m3D/m3Dr6/mcs30_m3Dr6_s40.B00
Reading graphs...
40 :  106
40 :  104
Initializing...
maxdom : 40
D->valSize : 1600
Solving...
currentSize : 14 <-- 0.034224 s
currentSize : 16 <-- 0.034262 s
currentSize : 17 <-- 0.034279 s
currentSize : 18 <-- 0.034715 s
currentSize : 19 <-- 0.034762 s
currentSize : 20 <-- 0.034769 s
currentSize : 21 <-- 0.111741 s
currentSize : 22 <-- 0.532365 s
currentSize : 23 <-- 7.612238 s
currentSize : 24 <-- 232.659286 s

TIMEOUT
maxsize : 24
nodes : 163717242.000000
filtered : 4335719905.000000
time : 1000.000000
