Parameters: GAD=1 vflib=1 dir=0 label=0 lowerbound=1 fileNameGp=../../cp2016-max-common-connected-subgraph-paper/datasets/graphsdb/mcs30/bvg/b03/mcs30_b03_s30.A04 fileNameGt=../../cp2016-max-common-connected-subgraph-paper/datasets/graphsdb/mcs30/bvg/b03/mcs30_b03_s30.B04
Reading graphs...
30 :  45
30 :  45
Initializing...
maxdom : 30
D->valSize : 900
Solving...
currentSize : 14 <-- 0.011116 s
currentSize : 15 <-- 0.011187 s
currentSize : 16 <-- 0.011330 s
currentSize : 17 <-- 0.016076 s
currentSize : 18 <-- 0.040427 s
currentSize : 19 <-- 4.288123 s
currentSize : 20 <-- 10.691969 s
currentSize : 21 <-- 12.109390 s

maxsize : 21
nodes : 15641417.000000
filtered : 260657649.000000
time : 66.837761
