Parameters: GAD=1 vflib=1 dir=0 label=0 lowerbound=1 fileNameGp=../../cp2016-max-common-connected-subgraph-paper/datasets/graphsdb/mcs30/m2D/m2D/mcs30_m2D_s30.A02 fileNameGt=../../cp2016-max-common-connected-subgraph-paper/datasets/graphsdb/mcs30/m2D/m2D/mcs30_m2D_s30.B02
Reading graphs...
30 :  48
30 :  49
Initializing...
maxdom : 30
D->valSize : 900
Solving...
currentSize : 13 <-- 0.010948 s
currentSize : 15 <-- 0.010985 s
currentSize : 16 <-- 0.011400 s
currentSize : 18 <-- 0.058159 s
currentSize : 19 <-- 2.032305 s
currentSize : 20 <-- 2.034025 s

maxsize : 20
nodes : 32250508.000000
filtered : 510824424.000000
time : 138.217285
