Parameters: GAD=1 vflib=1 dir=0 label=0 lowerbound=1 fileNameGp=../../cp2016-max-common-connected-subgraph-paper/datasets/graphsdb/mcs30/bvg/b09/mcs30_b09_s35.A03 fileNameGt=../../cp2016-max-common-connected-subgraph-paper/datasets/graphsdb/mcs30/bvg/b09/mcs30_b09_s35.B03
Reading graphs...
35 :  149
35 :  150
Initializing...
maxdom : 35
D->valSize : 1225
Solving...
currentSize : 11 <-- 0.018296 s
currentSize : 14 <-- 0.018364 s
currentSize : 15 <-- 0.023056 s
currentSize : 16 <-- 0.104094 s
currentSize : 17 <-- 0.745064 s
currentSize : 18 <-- 1.573472 s
currentSize : 19 <-- 1.594094 s
currentSize : 20 <-- 149.221252 s

maxsize : 20
nodes : 129979155.000000
filtered : 3862337457.000000
time : 755.571228
