Parameters: GAD=1 vflib=1 dir=0 label=0 lowerbound=1 fileNameGp=../../cp2016-max-common-connected-subgraph-paper/datasets/graphsdb/mcs30/bvg/b09/mcs30_b09_s40.A03 fileNameGt=../../cp2016-max-common-connected-subgraph-paper/datasets/graphsdb/mcs30/bvg/b09/mcs30_b09_s40.B03
Reading graphs...
40 :  175
40 :  175
Initializing...
maxdom : 40
D->valSize : 1600
Solving...
currentSize : 12 <-- 0.032008 s
currentSize : 13 <-- 0.032115 s
currentSize : 14 <-- 0.032223 s
currentSize : 15 <-- 0.035831 s
currentSize : 16 <-- 0.043400 s
currentSize : 17 <-- 0.058137 s
currentSize : 18 <-- 0.428794 s
currentSize : 19 <-- 4.496398 s
currentSize : 20 <-- 10.924033 s

TIMEOUT
maxsize : 20
nodes : 180861288.000000
filtered : 3899268613.000000
time : 1000.000061
