Parameters: GAD=1 vflib=1 dir=0 label=0 lowerbound=1 fileNameGp=../../cp2016-max-common-connected-subgraph-paper/datasets/graphsdb/mcs30/bvg/b06m/mcs30_b06m_s40.A07 fileNameGt=../../cp2016-max-common-connected-subgraph-paper/datasets/graphsdb/mcs30/bvg/b06m/mcs30_b06m_s40.B07
Reading graphs...
40 :  117
40 :  114
Initializing...
maxdom : 40
D->valSize : 1600
Solving...
currentSize : 15 <-- 0.033743 s
currentSize : 16 <-- 0.034338 s
currentSize : 17 <-- 0.039199 s
currentSize : 18 <-- 0.240599 s
currentSize : 19 <-- 0.426421 s
currentSize : 20 <-- 0.982511 s
currentSize : 21 <-- 1.303049 s
currentSize : 22 <-- 41.143959 s
currentSize : 23 <-- 46.049480 s

TIMEOUT
maxsize : 23
nodes : 166801155.000000
filtered : 4866962302.000000
time : 1000.000000
