Parameters: GAD=1 vflib=1 dir=0 label=0 lowerbound=1 fileNameGp=../../cp2016-max-common-connected-subgraph-paper/datasets/graphsdb/mcs30/rand/r01/mcs30_r01_s50.A08 fileNameGt=../../cp2016-max-common-connected-subgraph-paper/datasets/graphsdb/mcs30/rand/r01/mcs30_r01_s50.B08
Reading graphs...
50 :  233
50 :  229
Initializing...
maxdom : 50
D->valSize : 2500
Solving...
currentSize : 17 <-- 0.102733 s
currentSize : 18 <-- 0.105725 s
currentSize : 19 <-- 0.106179 s
currentSize : 20 <-- 0.116615 s
currentSize : 21 <-- 0.151292 s
currentSize : 22 <-- 1.512613 s
currentSize : 23 <-- 129.891220 s

TIMEOUT
maxsize : 23
nodes : 161011260.000000
filtered : 3717415682.000000
time : 1000.000061
