Parameters: GAD=1 vflib=1 dir=0 label=0 lowerbound=1 fileNameGp=../../cp2016-max-common-connected-subgraph-paper/datasets/graphsdb/mcs30/bvg/b09/mcs30_b09_s40.A01 fileNameGt=../../cp2016-max-common-connected-subgraph-paper/datasets/graphsdb/mcs30/bvg/b09/mcs30_b09_s40.B01
Reading graphs...
40 :  176
40 :  174
Initializing...
maxdom : 40
D->valSize : 1600
Solving...
currentSize : 14 <-- 0.053124 s
currentSize : 15 <-- 0.053203 s
currentSize : 16 <-- 0.056972 s
currentSize : 17 <-- 0.080242 s
currentSize : 18 <-- 0.363736 s
currentSize : 19 <-- 3.730478 s
currentSize : 20 <-- 423.752228 s

TIMEOUT
maxsize : 20
nodes : 181335733.000000
filtered : 4165410224.000000
time : 1000.000061
