Parameters: GAD=1 vflib=1 dir=0 label=0 lowerbound=1 fileNameGp=../../cp2016-max-common-connected-subgraph-paper/datasets/graphsdb/mcs30/bvg/b06m/mcs30_b06m_s40.A03 fileNameGt=../../cp2016-max-common-connected-subgraph-paper/datasets/graphsdb/mcs30/bvg/b06m/mcs30_b06m_s40.B03
Reading graphs...
40 :  114
40 :  114
Initializing...
maxdom : 40
D->valSize : 1600
Solving...
currentSize : 16 <-- 0.055651 s
currentSize : 17 <-- 0.056247 s
currentSize : 18 <-- 0.060248 s
currentSize : 19 <-- 0.078200 s
currentSize : 20 <-- 2.356711 s
currentSize : 21 <-- 10.282787 s
currentSize : 22 <-- 10.758430 s

TIMEOUT
maxsize : 22
nodes : 186799437.000000
filtered : 3918340559.000000
time : 1000.000061
