Parameters: GAD=1 vflib=1 dir=0 label=0 lowerbound=1 fileNameGp=../../cp2016-max-common-connected-subgraph-paper/datasets/graphsdb/mcs30/bvg/b03/mcs30_b03_s40.A00 fileNameGt=../../cp2016-max-common-connected-subgraph-paper/datasets/graphsdb/mcs30/bvg/b03/mcs30_b03_s40.B00
Reading graphs...
40 :  59
40 :  60
Initializing...
maxdom : 40
D->valSize : 1600
Solving...
currentSize : 12 <-- 0.063955 s
currentSize : 14 <-- 0.063998 s
currentSize : 16 <-- 0.064037 s
currentSize : 18 <-- 0.064413 s
currentSize : 19 <-- 0.064429 s
currentSize : 20 <-- 0.067355 s
currentSize : 21 <-- 0.067921 s
currentSize : 22 <-- 0.154894 s
currentSize : 23 <-- 0.238047 s
currentSize : 24 <-- 1.308860 s
currentSize : 25 <-- 2.587596 s
currentSize : 26 <-- 4.305428 s
currentSize : 27 <-- 4.316049 s
currentSize : 28 <-- 524.591675 s

TIMEOUT
maxsize : 28
nodes : 187268660.000000
filtered : 3709496278.000000
time : 1000.000000
