Parameters: GAD=1 vflib=1 dir=0 label=0 lowerbound=1 fileNameGp=../../cp2016-max-common-connected-subgraph-paper/datasets/graphsdb/mcs30/m4D/m4Dr2/mcs30_m4Dr2_s50.A04 fileNameGt=../../cp2016-max-common-connected-subgraph-paper/datasets/graphsdb/mcs30/m4D/m4Dr2/mcs30_m4Dr2_s50.B04
Reading graphs...
50 :  95
50 :  95
Initializing...
maxdom : 50
D->valSize : 2500
Solving...
currentSize : 23 <-- 0.096244 s
currentSize : 24 <-- 0.175167 s
currentSize : 25 <-- 0.175212 s
currentSize : 26 <-- 0.312177 s
currentSize : 27 <-- 1.041631 s
currentSize : 28 <-- 68.791595 s
currentSize : 29 <-- 509.144165 s

TIMEOUT
maxsize : 29
nodes : 206320967.000000
filtered : 2253712605.000000
time : 1000.000061
