Parameters: GAD=1 vflib=1 dir=0 label=0 lowerbound=1 fileNameGp=../../cp2016-max-common-connected-subgraph-paper/datasets/graphsdb/mcs30/m4D/m4D/mcs30_m4D_s50.A04 fileNameGt=../../cp2016-max-common-connected-subgraph-paper/datasets/graphsdb/mcs30/m4D/m4D/mcs30_m4D_s50.B04
Reading graphs...
50 :  87
50 :  86
Initializing...
maxdom : 50
D->valSize : 2500
Solving...
currentSize : 19 <-- 0.118472 s
currentSize : 21 <-- 0.118531 s
currentSize : 22 <-- 0.120612 s
currentSize : 23 <-- 0.124366 s
currentSize : 24 <-- 0.133882 s
currentSize : 25 <-- 0.166911 s
currentSize : 28 <-- 0.266028 s

TIMEOUT
maxsize : 28
nodes : 263256969.000000
filtered : 2979582138.000000
time : 1000.000061
