Parameters: GAD=1 vflib=1 dir=0 label=0 lowerbound=1 fileNameGp=../../cp2016-max-common-connected-subgraph-paper/datasets/graphsdb/mcs30/bvg/b03m/mcs30_b03m_s35.A06 fileNameGt=../../cp2016-max-common-connected-subgraph-paper/datasets/graphsdb/mcs30/bvg/b03m/mcs30_b03m_s35.B06
Reading graphs...
35 :  50
35 :  48
Initializing...
maxdom : 35
D->valSize : 1225
Solving...
currentSize : 15 <-- 0.021098 s
currentSize : 16 <-- 0.021211 s
currentSize : 17 <-- 0.021221 s
currentSize : 18 <-- 0.021461 s
currentSize : 19 <-- 0.021846 s
currentSize : 20 <-- 0.022048 s
currentSize : 21 <-- 0.658960 s
currentSize : 22 <-- 2.578322 s
currentSize : 23 <-- 16.186890 s
currentSize : 24 <-- 26.558971 s
currentSize : 25 <-- 50.719040 s
currentSize : 26 <-- 87.644287 s

maxsize : 26
nodes : 39374850.000000
filtered : 747910737.000000
time : 191.116165
