Parameters: GAD=1 vflib=1 dir=0 label=0 lowerbound=1 fileNameGp=../../cp2016-max-common-connected-subgraph-paper/datasets/graphsdb/mcs30/rand/r005/mcs30_r005_s30.A09 fileNameGt=../../cp2016-max-common-connected-subgraph-paper/datasets/graphsdb/mcs30/rand/r005/mcs30_r005_s30.B09
Reading graphs...
30 :  47
30 :  48
Initializing...
maxdom : 30
D->valSize : 900
Solving...
currentSize : 10 <-- 0.011114 s
currentSize : 13 <-- 0.011149 s
currentSize : 14 <-- 0.011159 s
currentSize : 15 <-- 0.012023 s
currentSize : 16 <-- 0.012082 s
currentSize : 17 <-- 0.014096 s
currentSize : 18 <-- 0.019358 s
currentSize : 19 <-- 0.260189 s
currentSize : 20 <-- 0.426456 s
currentSize : 21 <-- 0.923680 s

maxsize : 21
nodes : 8186401.000000
filtered : 160091303.000000
time : 38.882671
