Parameters: GAD=1 vflib=1 dir=0 label=0 lowerbound=1 fileNameGp=../../cp2016-max-common-connected-subgraph-paper/datasets/graphsdb/mcs30/m3D/m3Dr4/mcs30_m3Dr4_s30.A07 fileNameGt=../../cp2016-max-common-connected-subgraph-paper/datasets/graphsdb/mcs30/m3D/m3Dr4/mcs30_m3Dr4_s30.B07
Reading graphs...
30 :  69
30 :  68
Initializing...
maxdom : 30
D->valSize : 900
Solving...
currentSize : 12 <-- 0.018463 s
currentSize : 13 <-- 0.018630 s
currentSize : 14 <-- 0.019957 s
currentSize : 15 <-- 0.022935 s
currentSize : 16 <-- 0.083469 s
currentSize : 17 <-- 0.261402 s
currentSize : 18 <-- 2.080923 s
currentSize : 19 <-- 5.606005 s
currentSize : 20 <-- 92.189240 s

maxsize : 20
nodes : 26990649.000000
filtered : 590730685.000000
time : 127.855583
