Parameters: GAD=1 vflib=1 dir=0 label=0 lowerbound=1 fileNameGp=../../cp2016-max-common-connected-subgraph-paper/datasets/graphsdb/mcs30/m3D/m3Dr6/mcs30_m3Dr6_s30.A09 fileNameGt=../../cp2016-max-common-connected-subgraph-paper/datasets/graphsdb/mcs30/m3D/m3Dr6/mcs30_m3Dr6_s30.B09
Reading graphs...
30 :  74
30 :  72
Initializing...
maxdom : 30
D->valSize : 900
Solving...
currentSize : 11 <-- 0.010455 s
currentSize : 12 <-- 0.010478 s
currentSize : 13 <-- 0.010497 s
currentSize : 14 <-- 0.010505 s
currentSize : 15 <-- 0.010903 s
currentSize : 16 <-- 0.014823 s
currentSize : 17 <-- 0.026567 s
currentSize : 18 <-- 3.008316 s
currentSize : 19 <-- 8.742954 s

maxsize : 19
nodes : 29798130.000000
filtered : 687662672.000000
time : 146.949844
