Parameters: GAD=1 vflib=1 dir=0 label=0 lowerbound=1 fileNameGp=../../cp2016-max-common-connected-subgraph-paper/datasets/graphsdb/mcs30/m3D/m3Dr2/mcs30_m3Dr2_s30.A06 fileNameGt=../../cp2016-max-common-connected-subgraph-paper/datasets/graphsdb/mcs30/m3D/m3Dr2/mcs30_m3Dr2_s30.B06
Reading graphs...
30 :  66
30 :  63
Initializing...
maxdom : 30
D->valSize : 900
Solving...
currentSize : 14 <-- 0.010621 s
currentSize : 15 <-- 0.011389 s
currentSize : 16 <-- 0.012976 s
currentSize : 17 <-- 0.013545 s
currentSize : 18 <-- 0.019313 s
currentSize : 19 <-- 9.653542 s
currentSize : 20 <-- 61.829895 s

maxsize : 20
nodes : 27738758.000000
filtered : 589957935.000000
time : 131.092606
