Parameters: GAD=1 vflib=1 dir=0 label=0 lowerbound=1 fileNameGp=../../cp2016-max-common-connected-subgraph-paper/datasets/graphsdb/mcs30/rand/r005/mcs30_r005_s40.A01 fileNameGt=../../cp2016-max-common-connected-subgraph-paper/datasets/graphsdb/mcs30/rand/r005/mcs30_r005_s40.B01
Reading graphs...
40 :  81
40 :  81
Initializing...
maxdom : 40
D->valSize : 1600
Solving...
currentSize : 18 <-- 0.035519 s
currentSize : 19 <-- 0.035545 s
currentSize : 20 <-- 0.038710 s
currentSize : 21 <-- 0.170401 s
currentSize : 22 <-- 0.170474 s
currentSize : 23 <-- 0.455549 s
currentSize : 24 <-- 0.643332 s
currentSize : 25 <-- 11.577616 s
currentSize : 26 <-- 160.442078 s
currentSize : 27 <-- 668.151794 s

TIMEOUT
maxsize : 27
nodes : 157833950.000000
filtered : 4290663230.000000
time : 1000.000061
