Parameters: GAD=1 vflib=1 dir=0 label=0 lowerbound=1 fileNameGp=../../cp2016-max-common-connected-subgraph-paper/datasets/graphsdb/mcs30/bvg/b09m/mcs30_b09m_s40.A07 fileNameGt=../../cp2016-max-common-connected-subgraph-paper/datasets/graphsdb/mcs30/bvg/b09m/mcs30_b09m_s40.B07
Reading graphs...
40 :  168
40 :  172
Initializing...
maxdom : 40
D->valSize : 1600
Solving...
currentSize : 13 <-- 0.032258 s
currentSize : 15 <-- 0.032304 s
currentSize : 16 <-- 0.032565 s
currentSize : 17 <-- 0.049415 s
currentSize : 18 <-- 0.147220 s
currentSize : 19 <-- 1.869658 s
currentSize : 20 <-- 110.482674 s
currentSize : 21 <-- 353.311035 s

TIMEOUT
maxsize : 21
nodes : 173135775.000000
filtered : 4314501615.000000
time : 1000.000061
