Parameters: GAD=1 vflib=1 dir=0 label=0 lowerbound=1 fileNameGp=../../cp2016-max-common-connected-subgraph-paper/datasets/graphsdb/mcs30/m3D/m3Dr4/mcs30_m3Dr4_s40.A05 fileNameGt=../../cp2016-max-common-connected-subgraph-paper/datasets/graphsdb/mcs30/m3D/m3Dr4/mcs30_m3Dr4_s40.B05
Reading graphs...
40 :  99
40 :  99
Initializing...
maxdom : 40
D->valSize : 1600
Solving...
currentSize : 16 <-- 0.034604 s
currentSize : 17 <-- 0.035948 s
currentSize : 18 <-- 0.052872 s
currentSize : 19 <-- 0.055704 s
currentSize : 20 <-- 0.285073 s
currentSize : 21 <-- 0.499898 s
currentSize : 22 <-- 4.313210 s
currentSize : 23 <-- 14.567623 s
currentSize : 24 <-- 710.468079 s

TIMEOUT
maxsize : 24
nodes : 181301032.000000
filtered : 4266495696.000000
time : 1000.000061
