Parameters: GAD=1 vflib=1 dir=0 label=0 lowerbound=1 fileNameGp=../../cp2016-max-common-connected-subgraph-paper/datasets/graphsdb/mcs30/rand/r005/mcs30_r005_s25.A00 fileNameGt=../../cp2016-max-common-connected-subgraph-paper/datasets/graphsdb/mcs30/rand/r005/mcs30_r005_s25.B00
Reading graphs...
25 :  33
25 :  33
Initializing...
maxdom : 25
D->valSize : 625
Solving...
currentSize : 13 <-- 0.005404 s
currentSize : 15 <-- 0.005427 s
currentSize : 16 <-- 0.007099 s
currentSize : 17 <-- 0.018462 s
currentSize : 18 <-- 0.105263 s
currentSize : 19 <-- 1.901028 s

maxsize : 19
nodes : 555167.000000
filtered : 7750898.000000
time : 2.040752
