Parameters: GAD=1 vflib=1 dir=0 label=0 lowerbound=1 fileNameGp=../../cp2016-max-common-connected-subgraph-paper/datasets/graphsdb/mcs30/bvg/b06m/mcs30_b06m_s30.A07 fileNameGt=../../cp2016-max-common-connected-subgraph-paper/datasets/graphsdb/mcs30/bvg/b06m/mcs30_b06m_s30.B07
Reading graphs...
30 :  83
30 :  85
Initializing...
maxdom : 30
D->valSize : 900
Solving...
currentSize : 9 <-- 0.018034 s
currentSize : 11 <-- 0.018070 s
currentSize : 12 <-- 0.018100 s
currentSize : 14 <-- 0.018247 s
currentSize : 15 <-- 0.066973 s
currentSize : 16 <-- 0.457518 s
currentSize : 17 <-- 2.919263 s
currentSize : 18 <-- 8.397950 s

maxsize : 18
nodes : 28601827.000000
filtered : 649370152.000000
time : 138.599182
