Parameters: GAD=1 vflib=1 dir=0 label=0 lowerbound=1 fileNameGp=../../cp2016-max-common-connected-subgraph-paper/datasets/graphsdb/mcs30/rand/r01/mcs30_r01_s30.A07 fileNameGt=../../cp2016-max-common-connected-subgraph-paper/datasets/graphsdb/mcs30/rand/r01/mcs30_r01_s30.B07
Reading graphs...
30 :  82
30 :  85
Initializing...
maxdom : 30
D->valSize : 900
Solving...
currentSize : 13 <-- 0.018111 s
currentSize : 14 <-- 0.018808 s
currentSize : 15 <-- 0.061896 s
currentSize : 16 <-- 0.090362 s
currentSize : 17 <-- 2.075648 s
currentSize : 18 <-- 13.346063 s

maxsize : 18
nodes : 44570539.000000
filtered : 961105954.000000
time : 214.686203
