Parameters: GAD=1 vflib=1 dir=0 label=0 lowerbound=1 fileNameGp=../../cp2016-max-common-connected-subgraph-paper/datasets/graphsdb/mcs30/bvg/b03/mcs30_b03_s35.A01 fileNameGt=../../cp2016-max-common-connected-subgraph-paper/datasets/graphsdb/mcs30/bvg/b03/mcs30_b03_s35.B01
Reading graphs...
35 :  52
35 :  50
Initializing...
maxdom : 35
D->valSize : 1225
Solving...
currentSize : 12 <-- 0.027606 s
currentSize : 13 <-- 0.027701 s
currentSize : 14 <-- 0.027985 s
currentSize : 15 <-- 0.028149 s
currentSize : 16 <-- 0.028515 s
currentSize : 17 <-- 0.030350 s
currentSize : 18 <-- 0.059823 s
currentSize : 19 <-- 0.080695 s
currentSize : 20 <-- 0.302587 s
currentSize : 21 <-- 0.642908 s
currentSize : 22 <-- 3.604448 s
currentSize : 23 <-- 8.122364 s
currentSize : 24 <-- 106.555183 s

TIMEOUT
maxsize : 24
nodes : 215451062.000000
filtered : 3561924172.000000
time : 1000.000061
