Parameters: GAD=1 vflib=1 dir=0 label=0 lowerbound=1 fileNameGp=../../cp2016-max-common-connected-subgraph-paper/datasets/graphsdb/mcs30/bvg/b09/mcs30_b09_s40.A07 fileNameGt=../../cp2016-max-common-connected-subgraph-paper/datasets/graphsdb/mcs30/bvg/b09/mcs30_b09_s40.B07
Reading graphs...
40 :  177
40 :  173
Initializing...
maxdom : 40
D->valSize : 1600
Solving...
currentSize : 13 <-- 0.031605 s
currentSize : 14 <-- 0.031651 s
currentSize : 15 <-- 0.032971 s
currentSize : 16 <-- 0.042728 s
currentSize : 17 <-- 0.094281 s
currentSize : 18 <-- 0.167020 s
currentSize : 19 <-- 8.904729 s
currentSize : 20 <-- 25.241720 s

TIMEOUT
maxsize : 20
nodes : 185917549.000000
filtered : 3601435813.000000
time : 1000.000000
