Parameters: GAD=1 vflib=1 dir=0 label=0 lowerbound=1 fileNameGp=../../cp2016-max-common-connected-subgraph-paper/datasets/graphsdb/mcs30/m3D/m3Dr4/mcs30_m3Dr4_s30.A04 fileNameGt=../../cp2016-max-common-connected-subgraph-paper/datasets/graphsdb/mcs30/m3D/m3Dr4/mcs30_m3Dr4_s30.B04
Reading graphs...
30 :  69
30 :  70
Initializing...
maxdom : 30
D->valSize : 900
Solving...
currentSize : 10 <-- 0.018726 s
currentSize : 11 <-- 0.018778 s
currentSize : 12 <-- 0.018790 s
currentSize : 13 <-- 0.019128 s
currentSize : 14 <-- 0.021729 s
currentSize : 15 <-- 0.026219 s
currentSize : 16 <-- 0.042902 s
currentSize : 17 <-- 0.434329 s
currentSize : 18 <-- 0.977248 s
currentSize : 19 <-- 2.497625 s

maxsize : 19
nodes : 38966029.000000
filtered : 850754602.000000
time : 193.137726
