Parameters: GAD=1 vflib=1 dir=0 label=0 lowerbound=1 fileNameGp=../../cp2016-max-common-connected-subgraph-paper/datasets/graphsdb/mcs30/m3D/m3D/mcs30_m3D_s30.A04 fileNameGt=../../cp2016-max-common-connected-subgraph-paper/datasets/graphsdb/mcs30/m3D/m3D/mcs30_m3D_s30.B04
Reading graphs...
30 :  59
30 :  59
Initializing...
maxdom : 30
D->valSize : 900
Solving...
currentSize : 15 <-- 0.018971 s
currentSize : 16 <-- 0.024446 s
currentSize : 17 <-- 0.028969 s
currentSize : 18 <-- 1.629586 s
currentSize : 19 <-- 1.729649 s
currentSize : 20 <-- 45.311588 s
currentSize : 21 <-- 79.218742 s

maxsize : 21
nodes : 20435297.000000
filtered : 396726959.000000
time : 91.938545
