Parameters: GAD=1 vflib=1 dir=0 label=0 lowerbound=1 fileNameGp=../../cp2016-max-common-connected-subgraph-paper/datasets/graphsdb/mcs30/m3D/m3D/mcs30_m3D_s40.A00 fileNameGt=../../cp2016-max-common-connected-subgraph-paper/datasets/graphsdb/mcs30/m3D/m3D/mcs30_m3D_s40.B00
Reading graphs...
40 :  82
40 :  79
Initializing...
maxdom : 40
D->valSize : 1600
Solving...
currentSize : 15 <-- 0.035327 s
currentSize : 19 <-- 0.035390 s
currentSize : 20 <-- 0.408278 s
currentSize : 21 <-- 1.578203 s
currentSize : 22 <-- 1.768173 s
currentSize : 23 <-- 1.768350 s
currentSize : 24 <-- 1.769380 s
currentSize : 25 <-- 3.888208 s
currentSize : 26 <-- 28.616728 s
currentSize : 27 <-- 78.835297 s

TIMEOUT
maxsize : 27
nodes : 156315921.000000
filtered : 4511011245.000000
time : 1000.000061
