Parameters: GAD=1 vflib=1 dir=0 label=0 lowerbound=1 fileNameGp=../../cp2016-max-common-connected-subgraph-paper/datasets/graphsdb/mcs30/bvg/b06/mcs30_b06_s50.A08 fileNameGt=../../cp2016-max-common-connected-subgraph-paper/datasets/graphsdb/mcs30/bvg/b06/mcs30_b06_s50.B08
Reading graphs...
50 :  145
50 :  150
Initializing...
maxdom : 50
D->valSize : 2500
Solving...
currentSize : 21 <-- 0.091131 s
currentSize : 23 <-- 0.091165 s
currentSize : 24 <-- 0.094923 s
currentSize : 26 <-- 0.268736 s
currentSize : 27 <-- 23.017488 s
currentSize : 28 <-- 26.693195 s
currentSize : 29 <-- 26.705641 s

TIMEOUT
maxsize : 29
nodes : 139980722.000000
filtered : 4396796566.000000
time : 1000.000061
