Parameters: GAD=1 vflib=1 dir=0 label=0 lowerbound=1 fileNameGp=../../cp2016-max-common-connected-subgraph-paper/datasets/graphsdb/mcs30/bvg/b06/mcs30_b06_s30.A03 fileNameGt=../../cp2016-max-common-connected-subgraph-paper/datasets/graphsdb/mcs30/bvg/b06/mcs30_b06_s30.B03
Reading graphs...
30 :  87
30 :  88
Initializing...
maxdom : 30
D->valSize : 900
Solving...
currentSize : 12 <-- 0.017889 s
currentSize : 13 <-- 0.017926 s
currentSize : 14 <-- 0.019243 s
currentSize : 15 <-- 0.050867 s
currentSize : 16 <-- 0.097718 s
currentSize : 17 <-- 0.098565 s
currentSize : 18 <-- 0.216255 s

maxsize : 18
nodes : 17653974.000000
filtered : 424258502.000000
time : 88.141281
