Parameters: GAD=1 vflib=1 dir=0 label=0 lowerbound=1 fileNameGp=../../cp2016-max-common-connected-subgraph-paper/datasets/graphsdb/mcs30/bvg/b06m/mcs30_b06m_s40.A09 fileNameGt=../../cp2016-max-common-connected-subgraph-paper/datasets/graphsdb/mcs30/bvg/b06m/mcs30_b06m_s40.B09
Reading graphs...
40 :  115
40 :  114
Initializing...
maxdom : 40
D->valSize : 1600
Solving...
currentSize : 17 <-- 0.033883 s
currentSize : 18 <-- 0.039196 s
currentSize : 19 <-- 0.041778 s
currentSize : 20 <-- 0.102884 s
currentSize : 21 <-- 0.836219 s
currentSize : 22 <-- 1.846916 s
currentSize : 23 <-- 24.655771 s

TIMEOUT
maxsize : 23
nodes : 168331361.000000
filtered : 4492017597.000000
time : 1000.000000
