Parameters: GAD=1 vflib=1 dir=0 label=0 lowerbound=1 fileNameGp=../../cp2016-max-common-connected-subgraph-paper/datasets/graphsdb/mcs30/m3D/m3D/mcs30_m3D_s40.A07 fileNameGt=../../cp2016-max-common-connected-subgraph-paper/datasets/graphsdb/mcs30/m3D/m3D/mcs30_m3D_s40.B07
Reading graphs...
40 :  81
40 :  81
Initializing...
maxdom : 40
D->valSize : 1600
Solving...
currentSize : 19 <-- 0.035348 s
currentSize : 20 <-- 0.035728 s
currentSize : 21 <-- 0.035758 s
currentSize : 22 <-- 0.035990 s
currentSize : 23 <-- 0.036135 s
currentSize : 24 <-- 0.398094 s
currentSize : 25 <-- 35.784065 s

TIMEOUT
maxsize : 25
nodes : 190408240.000000
filtered : 3762157969.000000
time : 1000.000061
