Parameters: GAD=1 vflib=1 dir=0 label=0 lowerbound=1 fileNameGp=../../cp2016-max-common-connected-subgraph-paper/datasets/graphsdb/mcs30/bvg/b03/mcs30_b03_s35.A06 fileNameGt=../../cp2016-max-common-connected-subgraph-paper/datasets/graphsdb/mcs30/bvg/b03/mcs30_b03_s35.B06
Reading graphs...
35 :  52
35 :  52
Initializing...
maxdom : 35
D->valSize : 1225
Solving...
currentSize : 12 <-- 0.021340 s
currentSize : 13 <-- 0.021372 s
currentSize : 16 <-- 0.021516 s
currentSize : 17 <-- 0.021532 s
currentSize : 18 <-- 0.024963 s
currentSize : 19 <-- 0.025469 s
currentSize : 20 <-- 0.046275 s
currentSize : 21 <-- 0.069641 s
currentSize : 22 <-- 3.391193 s
currentSize : 23 <-- 3.802612 s
currentSize : 24 <-- 13.155807 s
currentSize : 25 <-- 183.979477 s
currentSize : 26 <-- 557.224670 s

maxsize : 26
nodes : 113645537.000000
filtered : 2444644794.000000
time : 617.900940
