Parameters: GAD=1 vflib=1 dir=0 label=0 lowerbound=1 fileNameGp=../../cp2016-max-common-connected-subgraph-paper/datasets/graphsdb/mcs30/bvg/b03m/mcs30_b03m_s50.A07 fileNameGt=../../cp2016-max-common-connected-subgraph-paper/datasets/graphsdb/mcs30/bvg/b03m/mcs30_b03m_s50.B07
Reading graphs...
50 :  75
50 :  75
Initializing...
maxdom : 50
D->valSize : 2500
Solving...
currentSize : 17 <-- 0.097909 s
currentSize : 18 <-- 0.097989 s
currentSize : 19 <-- 0.098005 s
currentSize : 20 <-- 0.098264 s
currentSize : 21 <-- 0.102269 s
currentSize : 22 <-- 0.108416 s
currentSize : 24 <-- 0.108436 s
currentSize : 25 <-- 0.108449 s
currentSize : 26 <-- 0.108988 s
currentSize : 27 <-- 0.183376 s
currentSize : 28 <-- 7.532755 s
currentSize : 29 <-- 7.532793 s
currentSize : 30 <-- 127.833893 s
currentSize : 31 <-- 750.295837 s

TIMEOUT
maxsize : 31
nodes : 249778552.000000
filtered : 2614279704.000000
time : 1000.000061
