Parameters: GAD=1 vflib=1 dir=0 label=0 lowerbound=1 fileNameGp=../../cp2016-max-common-connected-subgraph-paper/datasets/graphsdb/mcs30/m3D/m3Dr6/mcs30_m3Dr6_s40.A01 fileNameGt=../../cp2016-max-common-connected-subgraph-paper/datasets/graphsdb/mcs30/m3D/m3Dr6/mcs30_m3Dr6_s40.B01
Reading graphs...
40 :  106
40 :  106
Initializing...
maxdom : 40
D->valSize : 1600
Solving...
currentSize : 16 <-- 0.034575 s
currentSize : 17 <-- 0.034705 s
currentSize : 18 <-- 0.034805 s
currentSize : 19 <-- 0.034825 s
currentSize : 20 <-- 0.035844 s
currentSize : 21 <-- 0.652315 s
currentSize : 22 <-- 0.755249 s
currentSize : 23 <-- 57.034359 s
currentSize : 24 <-- 551.497437 s

TIMEOUT
maxsize : 24
nodes : 174921647.000000
filtered : 4142108443.000000
time : 1000.000000
