Parameters: GAD=1 vflib=1 dir=0 label=0 lowerbound=1 fileNameGp=../../cp2016-max-common-connected-subgraph-paper/datasets/graphsdb/mcs30/rand/r01/mcs30_r01_s30.A09 fileNameGt=../../cp2016-max-common-connected-subgraph-paper/datasets/graphsdb/mcs30/rand/r01/mcs30_r01_s30.B09
Reading graphs...
30 :  83
30 :  82
Initializing...
maxdom : 30
D->valSize : 900
Solving...
currentSize : 12 <-- 0.010021 s
currentSize : 13 <-- 0.010246 s
currentSize : 14 <-- 0.010519 s
currentSize : 15 <-- 0.013435 s
currentSize : 16 <-- 0.025306 s
currentSize : 17 <-- 0.484059 s
currentSize : 18 <-- 7.766014 s

maxsize : 18
nodes : 52335805.000000
filtered : 1154541465.000000
time : 255.334213
