Parameters: GAD=1 vflib=1 dir=0 label=0 lowerbound=1 fileNameGp=../../cp2016-max-common-connected-subgraph-paper/datasets/graphsdb/mcs30/bvg/b03/mcs30_b03_s35.A02 fileNameGt=../../cp2016-max-common-connected-subgraph-paper/datasets/graphsdb/mcs30/bvg/b03/mcs30_b03_s35.B02
Reading graphs...
35 :  52
35 :  52
Initializing...
maxdom : 35
D->valSize : 1225
Solving...
currentSize : 20 <-- 0.037064 s
currentSize : 21 <-- 0.281511 s
currentSize : 22 <-- 3.545179 s
currentSize : 23 <-- 3.993740 s
currentSize : 24 <-- 11.839160 s
currentSize : 25 <-- 11.840689 s
currentSize : 26 <-- 77.404945 s

maxsize : 26
nodes : 29894280.000000
filtered : 721389173.000000
time : 165.548828
