Parameters: GAD=1 vflib=1 dir=0 label=0 lowerbound=1 fileNameGp=../../cp2016-max-common-connected-subgraph-paper/datasets/graphsdb/mcs30/bvg/b06m/mcs30_b06m_s35.A09 fileNameGt=../../cp2016-max-common-connected-subgraph-paper/datasets/graphsdb/mcs30/bvg/b06m/mcs30_b06m_s35.B09
Reading graphs...
35 :  98
35 :  102
Initializing...
maxdom : 35
D->valSize : 1225
Solving...
currentSize : 14 <-- 0.033974 s
currentSize : 15 <-- 0.034016 s
currentSize : 16 <-- 0.034855 s
currentSize : 17 <-- 0.039606 s
currentSize : 18 <-- 0.067611 s
currentSize : 19 <-- 4.497844 s
currentSize : 20 <-- 148.067078 s

TIMEOUT
maxsize : 20
nodes : 194811909.000000
filtered : 4146784310.000000
time : 1000.000061
