Parameters: GAD=1 vflib=1 dir=0 label=0 lowerbound=1 fileNameGp=../../cp2016-max-common-connected-subgraph-paper/datasets/graphsdb/mcs30/m4D/m4Dr6/mcs30_m4Dr6_s50.A03 fileNameGt=../../cp2016-max-common-connected-subgraph-paper/datasets/graphsdb/mcs30/m4D/m4Dr6/mcs30_m4Dr6_s50.B03
Reading graphs...
50 :  114
50 :  112
Initializing...
maxdom : 50
D->valSize : 2500
Solving...
currentSize : 17 <-- 0.093807 s
currentSize : 19 <-- 0.093839 s
currentSize : 22 <-- 0.093860 s
currentSize : 23 <-- 0.093895 s
currentSize : 24 <-- 0.094211 s
currentSize : 25 <-- 0.105283 s
currentSize : 26 <-- 8.524650 s
currentSize : 27 <-- 46.253010 s
currentSize : 28 <-- 528.178345 s
currentSize : 29 <-- 550.492310 s

TIMEOUT
maxsize : 29
nodes : 192706738.000000
filtered : 3350508380.000000
time : 1000.000061
