Parameters: GAD=1 vflib=1 dir=0 label=0 lowerbound=1 fileNameGp=../../cp2016-max-common-connected-subgraph-paper/datasets/graphsdb/mcs30/m3D/m3D/mcs30_m3D_s30.A07 fileNameGt=../../cp2016-max-common-connected-subgraph-paper/datasets/graphsdb/mcs30/m3D/m3D/mcs30_m3D_s30.B07
Reading graphs...
30 :  61
30 :  61
Initializing...
maxdom : 30
D->valSize : 900
Solving...
currentSize : 13 <-- 0.010826 s
currentSize : 14 <-- 0.010866 s
currentSize : 15 <-- 0.011322 s
currentSize : 16 <-- 0.014970 s
currentSize : 17 <-- 0.093632 s
currentSize : 18 <-- 0.246181 s
currentSize : 19 <-- 2.154833 s
currentSize : 20 <-- 2.389124 s

maxsize : 20
nodes : 17587414.000000
filtered : 410527254.000000
time : 88.199020
