Parameters: GAD=1 vflib=1 dir=0 label=0 lowerbound=1 fileNameGp=../../cp2016-max-common-connected-subgraph-paper/datasets/graphsdb/mcs30/bvg/b06m/mcs30_b06m_s30.A05 fileNameGt=../../cp2016-max-common-connected-subgraph-paper/datasets/graphsdb/mcs30/bvg/b06m/mcs30_b06m_s30.B05
Reading graphs...
30 :  87
30 :  87
Initializing...
maxdom : 30
D->valSize : 900
Solving...
currentSize : 13 <-- 0.017790 s
currentSize : 14 <-- 0.018109 s
currentSize : 15 <-- 0.035126 s
currentSize : 16 <-- 0.158219 s
currentSize : 17 <-- 0.271488 s
currentSize : 18 <-- 17.813185 s
currentSize : 19 <-- 53.314304 s

maxsize : 19
nodes : 16048918.000000
filtered : 353763918.000000
time : 78.516785
