Parameters: GAD=1 vflib=1 dir=0 label=0 lowerbound=1 fileNameGp=../../cp2016-max-common-connected-subgraph-paper/datasets/graphsdb/mcs30/m2D/m2Dr4/mcs30_m2Dr4_s50.A07 fileNameGt=../../cp2016-max-common-connected-subgraph-paper/datasets/graphsdb/mcs30/m2D/m2Dr4/mcs30_m2Dr4_s50.B07
Reading graphs...
50 :  103
50 :  102
Initializing...
maxdom : 50
D->valSize : 2500
Solving...
currentSize : 21 <-- 0.110228 s
currentSize : 22 <-- 0.110378 s
currentSize : 24 <-- 0.110940 s
currentSize : 26 <-- 0.111651 s
currentSize : 27 <-- 0.111692 s
currentSize : 28 <-- 0.165224 s
currentSize : 29 <-- 0.659978 s
currentSize : 30 <-- 5.193130 s
currentSize : 31 <-- 13.339743 s
currentSize : 32 <-- 112.704826 s

TIMEOUT
maxsize : 32
nodes : 141584516.000000
filtered : 4065804381.000000
time : 1000.000061
