Parameters: GAD=1 vflib=1 dir=0 label=0 lowerbound=1 fileNameGp=../../cp2016-max-common-connected-subgraph-paper/datasets/graphsdb/mcs30/bvg/b06/mcs30_b06_s35.A06 fileNameGt=../../cp2016-max-common-connected-subgraph-paper/datasets/graphsdb/mcs30/bvg/b06/mcs30_b06_s35.B06
Reading graphs...
35 :  105
35 :  104
Initializing...
maxdom : 35
D->valSize : 1225
Solving...
currentSize : 12 <-- 0.019329 s
currentSize : 13 <-- 0.019368 s
currentSize : 14 <-- 0.019396 s
currentSize : 15 <-- 0.031922 s
currentSize : 16 <-- 0.032310 s
currentSize : 17 <-- 0.294080 s
currentSize : 18 <-- 1.061941 s
currentSize : 19 <-- 5.780925 s
currentSize : 20 <-- 112.406517 s
currentSize : 21 <-- 738.065674 s

TIMEOUT
maxsize : 21
nodes : 182986030.000000
filtered : 4537256744.000000
time : 1000.000000
