Parameters: GAD=1 vflib=1 dir=0 label=0 lowerbound=1 fileNameGp=../../cp2016-max-common-connected-subgraph-paper/datasets/graphsdb/mcs30/bvg/b06/mcs30_b06_s50.A05 fileNameGt=../../cp2016-max-common-connected-subgraph-paper/datasets/graphsdb/mcs30/bvg/b06/mcs30_b06_s50.B05
Reading graphs...
50 :  150
50 :  149
Initializing...
maxdom : 50
D->valSize : 2500
Solving...
currentSize : 18 <-- 0.110478 s
currentSize : 19 <-- 0.110531 s
currentSize : 20 <-- 0.111414 s
currentSize : 21 <-- 0.113218 s
currentSize : 22 <-- 0.277956 s
currentSize : 23 <-- 0.383528 s
currentSize : 24 <-- 0.387134 s
currentSize : 25 <-- 5.616798 s
currentSize : 26 <-- 14.908089 s
currentSize : 27 <-- 81.194862 s

TIMEOUT
maxsize : 27
nodes : 162232714.000000
filtered : 3825581509.000000
time : 1000.000061
