Parameters: GAD=1 vflib=1 dir=0 label=0 lowerbound=1 fileNameGp=../../cp2016-max-common-connected-subgraph-paper/datasets/graphsdb/mcs30/bvg/b06m/mcs30_b06m_s40.A02 fileNameGt=../../cp2016-max-common-connected-subgraph-paper/datasets/graphsdb/mcs30/bvg/b06m/mcs30_b06m_s40.B02
Reading graphs...
40 :  115
40 :  118
Initializing...
maxdom : 40
D->valSize : 1600
Solving...
currentSize : 15 <-- 0.059605 s
currentSize : 16 <-- 0.060242 s
currentSize : 17 <-- 0.063104 s
currentSize : 18 <-- 0.080344 s
currentSize : 19 <-- 0.310876 s
currentSize : 20 <-- 0.519615 s
currentSize : 21 <-- 1.094508 s
currentSize : 22 <-- 25.075537 s
currentSize : 23 <-- 236.216476 s

TIMEOUT
maxsize : 23
nodes : 174340927.000000
filtered : 4090972052.000000
time : 1000.000061
