Parameters: GAD=1 vflib=1 dir=0 label=0 lowerbound=1 fileNameGp=../../cp2016-max-common-connected-subgraph-paper/datasets/graphsdb/mcs30/m3D/m3Dr6/mcs30_m3Dr6_s25.A06 fileNameGt=../../cp2016-max-common-connected-subgraph-paper/datasets/graphsdb/mcs30/m3D/m3Dr6/mcs30_m3Dr6_s25.B06
Reading graphs...
25 :  62
25 :  63
Initializing...
maxdom : 25
D->valSize : 625
Solving...
currentSize : 10 <-- 0.004910 s
currentSize : 11 <-- 0.005026 s
currentSize : 12 <-- 0.005032 s
currentSize : 13 <-- 0.005358 s
currentSize : 14 <-- 0.007778 s
currentSize : 15 <-- 0.246938 s
currentSize : 16 <-- 3.553722 s

maxsize : 16
nodes : 1944933.000000
filtered : 35564366.000000
time : 8.146015
