Parameters: GAD=1 vflib=1 dir=0 label=0 lowerbound=1 fileNameGp=../../cp2016-max-common-connected-subgraph-paper/datasets/graphsdb/mcs30/m2D/m2D/mcs30_m2D_s30.A06 fileNameGt=../../cp2016-max-common-connected-subgraph-paper/datasets/graphsdb/mcs30/m2D/m2D/mcs30_m2D_s30.B06
Reading graphs...
30 :  49
30 :  49
Initializing...
maxdom : 30
D->valSize : 900
Solving...
currentSize : 14 <-- 0.011102 s
currentSize : 15 <-- 0.011266 s
currentSize : 16 <-- 0.011286 s
currentSize : 17 <-- 0.011706 s
currentSize : 18 <-- 0.011723 s
currentSize : 19 <-- 0.018183 s
currentSize : 20 <-- 0.041459 s
currentSize : 21 <-- 12.300797 s
currentSize : 22 <-- 29.827080 s

maxsize : 22
nodes : 8381595.000000
filtered : 167194901.000000
time : 38.947971
