Parameters: GAD=1 vflib=1 dir=0 label=0 lowerbound=1 fileNameGp=../../cp2016-max-common-connected-subgraph-paper/datasets/graphsdb/mcs30/bvg/b06/mcs30_b06_s40.A09 fileNameGt=../../cp2016-max-common-connected-subgraph-paper/datasets/graphsdb/mcs30/bvg/b06/mcs30_b06_s40.B09
Reading graphs...
40 :  118
40 :  120
Initializing...
maxdom : 40
D->valSize : 1600
Solving...
currentSize : 14 <-- 0.033349 s
currentSize : 15 <-- 0.033369 s
currentSize : 16 <-- 0.033755 s
currentSize : 17 <-- 0.038908 s
currentSize : 18 <-- 0.038969 s
currentSize : 19 <-- 0.113857 s
currentSize : 20 <-- 0.745973 s
currentSize : 21 <-- 1.678898 s
currentSize : 22 <-- 308.008148 s
currentSize : 23 <-- 310.504852 s

TIMEOUT
maxsize : 23
nodes : 178982469.000000
filtered : 4077790474.000000
time : 1000.000000
