Parameters: GAD=1 vflib=1 dir=0 label=0 lowerbound=1 fileNameGp=../../cp2016-max-common-connected-subgraph-paper/datasets/graphsdb/mcs30/rand/r01/mcs30_r01_s35.A03 fileNameGt=../../cp2016-max-common-connected-subgraph-paper/datasets/graphsdb/mcs30/rand/r01/mcs30_r01_s35.B03
Reading graphs...
35 :  113
35 :  114
Initializing...
maxdom : 35
D->valSize : 1225
Solving...
currentSize : 10 <-- 0.018871 s
currentSize : 11 <-- 0.018891 s
currentSize : 13 <-- 0.019091 s
currentSize : 14 <-- 0.019133 s
currentSize : 15 <-- 0.019917 s
currentSize : 16 <-- 0.020239 s
currentSize : 17 <-- 0.051925 s
currentSize : 18 <-- 3.435135 s
currentSize : 19 <-- 83.672127 s

TIMEOUT
maxsize : 19
nodes : 206556287.000000
filtered : 3731595259.000000
time : 1000.000000
