Parameters: GAD=1 vflib=1 dir=0 label=0 lowerbound=1 fileNameGp=../../cp2016-max-common-connected-subgraph-paper/datasets/graphsdb/mcs30/m2D/m2Dr6/mcs30_m2Dr6_s30.A02 fileNameGt=../../cp2016-max-common-connected-subgraph-paper/datasets/graphsdb/mcs30/m2D/m2Dr6/mcs30_m2Dr6_s30.B02
Reading graphs...
30 :  64
30 :  64
Initializing...
maxdom : 30
D->valSize : 900
Solving...
currentSize : 12 <-- 0.010676 s
currentSize : 13 <-- 0.010747 s
currentSize : 14 <-- 0.011429 s
currentSize : 16 <-- 0.014428 s
currentSize : 17 <-- 0.075715 s
currentSize : 18 <-- 0.565033 s
currentSize : 19 <-- 7.911238 s
currentSize : 20 <-- 52.805408 s

maxsize : 20
nodes : 21732643.000000
filtered : 486606690.000000
time : 106.196976
