Parameters: GAD=1 vflib=1 dir=0 label=0 lowerbound=1 fileNameGp=../../cp2016-max-common-connected-subgraph-paper/datasets/graphsdb/mcs30/m4D/m4Dr6/mcs30_m4Dr6_s50.A02 fileNameGt=../../cp2016-max-common-connected-subgraph-paper/datasets/graphsdb/mcs30/m4D/m4Dr6/mcs30_m4Dr6_s50.B02
Reading graphs...
50 :  117
50 :  115
Initializing...
maxdom : 50
D->valSize : 2500
Solving...
currentSize : 18 <-- 0.117459 s
currentSize : 19 <-- 0.117581 s
currentSize : 20 <-- 0.117597 s
currentSize : 21 <-- 0.131876 s
currentSize : 22 <-- 0.301505 s
currentSize : 23 <-- 1.175502 s
currentSize : 24 <-- 8.478889 s
currentSize : 25 <-- 10.583780 s
currentSize : 26 <-- 95.623627 s
currentSize : 27 <-- 724.267578 s
currentSize : 28 <-- 753.895142 s

TIMEOUT
maxsize : 28
nodes : 228395146.000000
filtered : 2537529860.000000
time : 1000.000061
