Parameters: GAD=1 vflib=1 dir=0 label=0 lowerbound=1 fileNameGp=../../cp2016-max-common-connected-subgraph-paper/datasets/graphsdb/mcs30/bvg/b03/mcs30_b03_s35.A04 fileNameGt=../../cp2016-max-common-connected-subgraph-paper/datasets/graphsdb/mcs30/bvg/b03/mcs30_b03_s35.B04
Reading graphs...
35 :  52
35 :  52
Initializing...
maxdom : 35
D->valSize : 1225
Solving...
currentSize : 17 <-- 0.036922 s
currentSize : 18 <-- 0.072340 s
currentSize : 20 <-- 0.273759 s
currentSize : 21 <-- 1.237255 s
currentSize : 23 <-- 1.241660 s
currentSize : 24 <-- 146.014694 s
currentSize : 25 <-- 146.766266 s

maxsize : 25
nodes : 128517076.000000
filtered : 2496617595.000000
time : 643.209167
