Parameters: GAD=1 vflib=1 dir=0 label=0 lowerbound=1 fileNameGp=../../cp2016-max-common-connected-subgraph-paper/datasets/graphsdb/mcs30/rand/r01/mcs30_r01_s40.A09 fileNameGt=../../cp2016-max-common-connected-subgraph-paper/datasets/graphsdb/mcs30/rand/r01/mcs30_r01_s40.B09
Reading graphs...
40 :  150
40 :  149
Initializing...
maxdom : 40
D->valSize : 1600
Solving...
currentSize : 14 <-- 0.032690 s
currentSize : 16 <-- 0.032725 s
currentSize : 17 <-- 0.032781 s
currentSize : 18 <-- 0.044403 s
currentSize : 19 <-- 0.172975 s
currentSize : 20 <-- 17.059221 s
currentSize : 21 <-- 219.440720 s

TIMEOUT
maxsize : 21
nodes : 181738533.000000
filtered : 3952809972.000000
time : 1000.000061
