Parameters: GAD=1 vflib=1 dir=0 label=0 lowerbound=1 fileNameGp=../../cp2016-max-common-connected-subgraph-paper/datasets/graphsdb/mcs30/m3D/m3Dr4/mcs30_m3Dr4_s30.A05 fileNameGt=../../cp2016-max-common-connected-subgraph-paper/datasets/graphsdb/mcs30/m3D/m3Dr4/mcs30_m3Dr4_s30.B05
Reading graphs...
30 :  71
30 :  67
Initializing...
maxdom : 30
D->valSize : 900
Solving...
currentSize : 12 <-- 0.018233 s
currentSize : 13 <-- 0.018267 s
currentSize : 14 <-- 0.018420 s
currentSize : 15 <-- 0.018538 s
currentSize : 16 <-- 0.101794 s
currentSize : 17 <-- 0.262204 s
currentSize : 18 <-- 0.682563 s
currentSize : 19 <-- 17.351851 s

maxsize : 19
nodes : 36822781.000000
filtered : 794128846.000000
time : 175.923264
