Parameters: GAD=1 vflib=1 dir=0 label=0 lowerbound=1 fileNameGp=../../cp2016-max-common-connected-subgraph-paper/datasets/graphsdb/mcs30/rand/r01/mcs30_r01_s30.A04 fileNameGt=../../cp2016-max-common-connected-subgraph-paper/datasets/graphsdb/mcs30/rand/r01/mcs30_r01_s30.B04
Reading graphs...
30 :  84
30 :  80
Initializing...
maxdom : 30
D->valSize : 900
Solving...
currentSize : 13 <-- 0.018019 s
currentSize : 14 <-- 0.018268 s
currentSize : 15 <-- 0.035503 s
currentSize : 16 <-- 0.132327 s
currentSize : 17 <-- 0.388723 s
currentSize : 18 <-- 19.935301 s
currentSize : 19 <-- 45.841408 s

maxsize : 19
nodes : 20005931.000000
filtered : 451520803.000000
time : 97.235924
