Parameters: GAD=1 vflib=1 dir=0 label=0 lowerbound=1 fileNameGp=../../cp2016-max-common-connected-subgraph-paper/datasets/graphsdb/mcs30/m2D/m2Dr2/mcs30_m2Dr2_s30.A07 fileNameGt=../../cp2016-max-common-connected-subgraph-paper/datasets/graphsdb/mcs30/m2D/m2Dr2/mcs30_m2Dr2_s30.B07
Reading graphs...
30 :  53
30 :  55
Initializing...
maxdom : 30
D->valSize : 900
Solving...
currentSize : 14 <-- 0.010848 s
currentSize : 15 <-- 0.010873 s
currentSize : 16 <-- 0.011372 s
currentSize : 18 <-- 0.011573 s
currentSize : 19 <-- 0.011611 s
currentSize : 20 <-- 1.286286 s
currentSize : 21 <-- 28.064053 s

maxsize : 21
nodes : 13484687.000000
filtered : 294362435.000000
time : 66.216202
