Parameters: GAD=1 vflib=1 dir=0 label=0 lowerbound=1 fileNameGp=../../cp2016-max-common-connected-subgraph-paper/datasets/graphsdb/mcs30/m3D/m3Dr6/mcs30_m3Dr6_s40.A05 fileNameGt=../../cp2016-max-common-connected-subgraph-paper/datasets/graphsdb/mcs30/m3D/m3Dr6/mcs30_m3Dr6_s40.B05
Reading graphs...
40 :  105
40 :  100
Initializing...
maxdom : 40
D->valSize : 1600
Solving...
currentSize : 17 <-- 0.056042 s
currentSize : 18 <-- 0.057025 s
currentSize : 19 <-- 0.064458 s
currentSize : 20 <-- 0.065537 s
currentSize : 21 <-- 0.150334 s
currentSize : 22 <-- 0.465335 s
currentSize : 23 <-- 9.414047 s
currentSize : 24 <-- 107.170578 s

TIMEOUT
maxsize : 24
nodes : 172763238.000000
filtered : 4345990967.000000
time : 1000.000000
