Parameters: GAD=1 vflib=1 dir=0 label=0 lowerbound=1 fileNameGp=../../cp2016-max-common-connected-subgraph-paper/datasets/graphsdb/mcs30/rand/r01/mcs30_r01_s50.A01 fileNameGt=../../cp2016-max-common-connected-subgraph-paper/datasets/graphsdb/mcs30/rand/r01/mcs30_r01_s50.B01
Reading graphs...
50 :  229
50 :  233
Initializing...
maxdom : 50
D->valSize : 2500
Solving...
currentSize : 16 <-- 0.085232 s
currentSize : 17 <-- 0.085303 s
currentSize : 18 <-- 0.085580 s
currentSize : 19 <-- 0.086819 s
currentSize : 20 <-- 0.088025 s
currentSize : 21 <-- 0.164031 s
currentSize : 22 <-- 80.709480 s

TIMEOUT
maxsize : 22
nodes : 177416540.000000
filtered : 2983235513.000000
time : 1000.000061
