Parameters: GAD=1 vflib=1 dir=0 label=0 lowerbound=1 fileNameGp=../../cp2016-max-common-connected-subgraph-paper/datasets/graphsdb/mcs30/rand/r005/mcs30_r005_s40.A08 fileNameGt=../../cp2016-max-common-connected-subgraph-paper/datasets/graphsdb/mcs30/rand/r005/mcs30_r005_s40.B08
Reading graphs...
40 :  83
40 :  82
Initializing...
maxdom : 40
D->valSize : 1600
Solving...
currentSize : 18 <-- 0.035353 s
currentSize : 19 <-- 0.035388 s
currentSize : 20 <-- 0.035457 s
currentSize : 21 <-- 0.043722 s
currentSize : 22 <-- 0.158880 s
currentSize : 23 <-- 0.894472 s
currentSize : 24 <-- 9.058240 s
currentSize : 25 <-- 564.175964 s

TIMEOUT
maxsize : 25
nodes : 185565922.000000
filtered : 3978870138.000000
time : 1000.000061
