Parameters: GAD=1 vflib=1 dir=0 label=0 lowerbound=1 fileNameGp=../../cp2016-max-common-connected-subgraph-paper/datasets/graphsdb/mcs30/bvg/b06/mcs30_b06_s25.A01 fileNameGt=../../cp2016-max-common-connected-subgraph-paper/datasets/graphsdb/mcs30/bvg/b06/mcs30_b06_s25.B01
Reading graphs...
25 :  74
25 :  71
Initializing...
maxdom : 25
D->valSize : 625
Solving...
currentSize : 9 <-- 0.008543 s
currentSize : 10 <-- 0.008564 s
currentSize : 11 <-- 0.008871 s
currentSize : 12 <-- 0.017641 s
currentSize : 13 <-- 0.017677 s
currentSize : 14 <-- 0.057265 s
currentSize : 15 <-- 0.250884 s
currentSize : 16 <-- 0.254026 s

maxsize : 16
nodes : 809148.000000
filtered : 16715741.000000
time : 3.560678
