Parameters: GAD=1 vflib=1 dir=0 label=0 lowerbound=1 fileNameGp=../../cp2016-max-common-connected-subgraph-paper/datasets/graphsdb/mcs30/m3D/m3Dr4/mcs30_m3Dr4_s40.A03 fileNameGt=../../cp2016-max-common-connected-subgraph-paper/datasets/graphsdb/mcs30/m3D/m3Dr4/mcs30_m3Dr4_s40.B03
Reading graphs...
40 :  99
40 :  96
Initializing...
maxdom : 40
D->valSize : 1600
Solving...
currentSize : 18 <-- 0.035036 s
currentSize : 19 <-- 0.035084 s
currentSize : 20 <-- 0.037160 s
currentSize : 21 <-- 0.045649 s
currentSize : 22 <-- 1.771017 s
currentSize : 23 <-- 3.158328 s
currentSize : 24 <-- 165.828186 s

TIMEOUT
maxsize : 24
nodes : 180636235.000000
filtered : 4178707739.000000
time : 1000.000061
