Parameters: GAD=1 vflib=1 dir=0 label=0 lowerbound=1 fileNameGp=../../cp2016-max-common-connected-subgraph-paper/datasets/graphsdb/mcs30/m2D/m2Dr2/mcs30_m2Dr2_s50.A06 fileNameGt=../../cp2016-max-common-connected-subgraph-paper/datasets/graphsdb/mcs30/m2D/m2Dr2/mcs30_m2Dr2_s50.B06
Reading graphs...
50 :  94
50 :  91
Initializing...
maxdom : 50
D->valSize : 2500
Solving...
currentSize : 23 <-- 0.095945 s
currentSize : 24 <-- 0.096020 s
currentSize : 25 <-- 0.103065 s
currentSize : 26 <-- 0.103121 s
currentSize : 27 <-- 15.573662 s
currentSize : 28 <-- 19.382727 s
currentSize : 29 <-- 354.553436 s
currentSize : 30 <-- 905.468872 s

TIMEOUT
maxsize : 30
nodes : 215458688.000000
filtered : 2880729182.000000
time : 1000.000061
