Parameters: GAD=1 vflib=1 dir=0 label=0 lowerbound=1 fileNameGp=../../cp2016-max-common-connected-subgraph-paper/datasets/graphsdb/mcs30/bvg/b03m/mcs30_b03m_s40.A03 fileNameGt=../../cp2016-max-common-connected-subgraph-paper/datasets/graphsdb/mcs30/bvg/b03m/mcs30_b03m_s40.B03
Reading graphs...
40 :  59
40 :  60
Initializing...
maxdom : 40
D->valSize : 1600
Solving...
currentSize : 22 <-- 0.060824 s
currentSize : 23 <-- 0.062580 s
currentSize : 24 <-- 0.073302 s
currentSize : 25 <-- 0.073314 s
currentSize : 26 <-- 0.088854 s
currentSize : 27 <-- 29.572008 s
currentSize : 28 <-- 352.056274 s

TIMEOUT
maxsize : 28
nodes : 176556154.000000
filtered : 3622838531.000000
time : 1000.000061
