Parameters: GAD=1 vflib=1 dir=0 label=0 lowerbound=1 fileNameGp=../../cp2016-max-common-connected-subgraph-paper/datasets/graphsdb/mcs30/m3D/m3Dr4/mcs30_m3Dr4_s30.A08 fileNameGt=../../cp2016-max-common-connected-subgraph-paper/datasets/graphsdb/mcs30/m3D/m3Dr4/mcs30_m3Dr4_s30.B08
Reading graphs...
30 :  72
30 :  71
Initializing...
maxdom : 30
D->valSize : 900
Solving...
currentSize : 11 <-- 0.010358 s
currentSize : 12 <-- 0.010472 s
currentSize : 13 <-- 0.010571 s
currentSize : 14 <-- 0.014574 s
currentSize : 15 <-- 0.068719 s
currentSize : 16 <-- 0.143287 s
currentSize : 17 <-- 1.483160 s
currentSize : 18 <-- 1.961885 s
currentSize : 19 <-- 7.246508 s

maxsize : 19
nodes : 20274016.000000
filtered : 484002257.000000
time : 99.381302
