Parameters: GAD=1 vflib=1 dir=0 label=0 lowerbound=1 fileNameGp=../../cp2016-max-common-connected-subgraph-paper/datasets/graphsdb/mcs30/m3D/m3Dr2/mcs30_m3Dr2_s30.A07 fileNameGt=../../cp2016-max-common-connected-subgraph-paper/datasets/graphsdb/mcs30/m3D/m3Dr2/mcs30_m3Dr2_s30.B07
Reading graphs...
30 :  66
30 :  63
Initializing...
maxdom : 30
D->valSize : 900
Solving...
currentSize : 13 <-- 0.010706 s
currentSize : 14 <-- 0.010872 s
currentSize : 15 <-- 0.014965 s
currentSize : 16 <-- 0.015735 s
currentSize : 17 <-- 0.018819 s
currentSize : 18 <-- 0.098422 s
currentSize : 19 <-- 4.754275 s
currentSize : 20 <-- 21.600559 s

maxsize : 20
nodes : 13752826.000000
filtered : 327894059.000000
time : 68.593407
