Parameters: GAD=1 vflib=1 dir=0 label=0 lowerbound=1 fileNameGp=../../cp2016-max-common-connected-subgraph-paper/datasets/graphsdb/mcs30/rand/r005/mcs30_r005_s30.A04 fileNameGt=../../cp2016-max-common-connected-subgraph-paper/datasets/graphsdb/mcs30/rand/r005/mcs30_r005_s30.B04
Reading graphs...
30 :  48
30 :  46
Initializing...
maxdom : 30
D->valSize : 900
Solving...
currentSize : 11 <-- 0.019660 s
currentSize : 12 <-- 0.019686 s
currentSize : 13 <-- 0.019838 s
currentSize : 15 <-- 0.020151 s
currentSize : 16 <-- 0.044915 s
currentSize : 17 <-- 0.075116 s
currentSize : 18 <-- 1.280365 s
currentSize : 19 <-- 15.229975 s
currentSize : 20 <-- 32.226860 s
currentSize : 21 <-- 84.233925 s

maxsize : 21
nodes : 27915486.000000
filtered : 385348234.000000
time : 106.991386
