Parameters: GAD=1 vflib=1 dir=0 label=0 lowerbound=1 fileNameGp=../../cp2016-max-common-connected-subgraph-paper/datasets/graphsdb/mcs30/rand/r005/mcs30_r005_s25.A04 fileNameGt=../../cp2016-max-common-connected-subgraph-paper/datasets/graphsdb/mcs30/rand/r005/mcs30_r005_s25.B04
Reading graphs...
25 :  33
25 :  34
Initializing...
maxdom : 25
D->valSize : 625
Solving...
currentSize : 13 <-- 0.009495 s
currentSize : 14 <-- 0.009721 s
currentSize : 15 <-- 0.016614 s
currentSize : 16 <-- 0.067313 s
currentSize : 17 <-- 0.636540 s
currentSize : 19 <-- 1.292057 s

maxsize : 19
nodes : 540386.000000
filtered : 5684770.000000
time : 1.871939
