Parameters: GAD=1 vflib=1 dir=0 label=0 lowerbound=1 fileNameGp=../../cp2016-max-common-connected-subgraph-paper/datasets/graphsdb/mcs30/m2D/m2Dr2/mcs30_m2Dr2_s50.A07 fileNameGt=../../cp2016-max-common-connected-subgraph-paper/datasets/graphsdb/mcs30/m2D/m2Dr2/mcs30_m2Dr2_s50.B07
Reading graphs...
50 :  94
50 :  93
Initializing...
maxdom : 50
D->valSize : 2500
Solving...
currentSize : 19 <-- 0.095627 s
currentSize : 20 <-- 0.095850 s
currentSize : 22 <-- 0.096169 s
currentSize : 24 <-- 0.100625 s
currentSize : 25 <-- 0.241760 s
currentSize : 26 <-- 0.242971 s
currentSize : 27 <-- 2.431618 s
currentSize : 28 <-- 2.862593 s
currentSize : 29 <-- 200.055038 s
currentSize : 30 <-- 204.136490 s
currentSize : 31 <-- 875.748291 s

TIMEOUT
maxsize : 31
nodes : 197350599.000000
filtered : 2782133673.000000
time : 1000.000061
