Parameters: GAD=1 vflib=1 dir=0 label=0 lowerbound=1 fileNameGp=../../cp2016-max-common-connected-subgraph-paper/datasets/graphsdb/mcs30/rand/r005/mcs30_r005_s50.A05 fileNameGt=../../cp2016-max-common-connected-subgraph-paper/datasets/graphsdb/mcs30/rand/r005/mcs30_r005_s50.B05
Reading graphs...
50 :  123
50 :  123
Initializing...
maxdom : 50
D->valSize : 2500
Solving...
currentSize : 20 <-- 0.156944 s
currentSize : 21 <-- 0.157204 s
currentSize : 22 <-- 0.157257 s
currentSize : 23 <-- 0.343507 s
currentSize : 24 <-- 0.343699 s
currentSize : 25 <-- 1.540662 s
currentSize : 26 <-- 2.458257 s
currentSize : 27 <-- 4.686268 s
currentSize : 28 <-- 27.834965 s
currentSize : 29 <-- 100.132446 s
currentSize : 30 <-- 688.486938 s

TIMEOUT
maxsize : 30
nodes : 150725436.000000
filtered : 4177866632.000000
time : 1000.000061
