Parameters: GAD=1 vflib=1 dir=0 label=0 lowerbound=1 fileNameGp=../../cp2016-max-common-connected-subgraph-paper/datasets/graphsdb/mcs30/m2D/m2Dr4/mcs30_m2Dr4_s50.A03 fileNameGt=../../cp2016-max-common-connected-subgraph-paper/datasets/graphsdb/mcs30/m2D/m2Dr4/mcs30_m2Dr4_s50.B03
Reading graphs...
50 :  102
50 :  104
Initializing...
maxdom : 50
D->valSize : 2500
Solving...
currentSize : 20 <-- 0.094870 s
currentSize : 21 <-- 0.094903 s
currentSize : 24 <-- 0.095329 s
currentSize : 25 <-- 0.101972 s
currentSize : 26 <-- 0.875812 s
currentSize : 28 <-- 0.909925 s
currentSize : 29 <-- 7.963029 s
currentSize : 30 <-- 489.477448 s

TIMEOUT
maxsize : 30
nodes : 208912007.000000
filtered : 2613015705.000000
time : 1000.000061
