Parameters: GAD=1 vflib=1 dir=0 label=0 lowerbound=1 fileNameGp=../../cp2016-max-common-connected-subgraph-paper/datasets/graphsdb/mcs30/m2D/m2Dr6/mcs30_m2Dr6_s50.A06 fileNameGt=../../cp2016-max-common-connected-subgraph-paper/datasets/graphsdb/mcs30/m2D/m2Dr6/mcs30_m2Dr6_s50.B06
Reading graphs...
50 :  113
50 :  112
Initializing...
maxdom : 50
D->valSize : 2500
Solving...
currentSize : 19 <-- 0.094261 s
currentSize : 20 <-- 0.094336 s
currentSize : 22 <-- 0.095361 s
currentSize : 23 <-- 0.110857 s
currentSize : 24 <-- 0.445463 s
currentSize : 25 <-- 1.967869 s
currentSize : 26 <-- 4.823079 s
currentSize : 27 <-- 31.788343 s

TIMEOUT
maxsize : 27
nodes : 201584664.000000
filtered : 2957740155.000000
time : 1000.000061
