Parameters: GAD=1 vflib=1 dir=0 label=0 lowerbound=1 fileNameGp=../../cp2016-max-common-connected-subgraph-paper/datasets/graphsdb/mcs30/bvg/b09m/mcs30_b09m_s35.A05 fileNameGt=../../cp2016-max-common-connected-subgraph-paper/datasets/graphsdb/mcs30/bvg/b09m/mcs30_b09m_s35.B05
Reading graphs...
35 :  144
35 :  145
Initializing...
maxdom : 35
D->valSize : 1225
Solving...
currentSize : 12 <-- 0.032213 s
currentSize : 13 <-- 0.035046 s
currentSize : 14 <-- 0.035854 s
currentSize : 15 <-- 0.036503 s
currentSize : 16 <-- 1.166320 s
currentSize : 17 <-- 1.242026 s
currentSize : 18 <-- 56.622620 s
currentSize : 19 <-- 59.726875 s

TIMEOUT
maxsize : 19
nodes : 181227542.000000
filtered : 4574790930.000000
time : 1000.000061
