Parameters: GAD=1 vflib=1 dir=0 label=0 lowerbound=1 fileNameGp=../../cp2016-max-common-connected-subgraph-paper/datasets/graphsdb/mcs30/rand/r01/mcs30_r01_s50.A05 fileNameGt=../../cp2016-max-common-connected-subgraph-paper/datasets/graphsdb/mcs30/rand/r01/mcs30_r01_s50.B05
Reading graphs...
50 :  233
50 :  227
Initializing...
maxdom : 50
D->valSize : 2500
Solving...
currentSize : 15 <-- 0.110576 s
currentSize : 16 <-- 0.110609 s
currentSize : 17 <-- 0.110641 s
currentSize : 18 <-- 0.111054 s
currentSize : 19 <-- 0.130972 s
currentSize : 20 <-- 0.186673 s
currentSize : 21 <-- 0.730904 s
currentSize : 22 <-- 145.369492 s

TIMEOUT
maxsize : 22
nodes : 170626694.000000
filtered : 2981052268.000000
time : 1000.000061
