Parameters: GAD=1 vflib=1 dir=0 label=0 lowerbound=1 fileNameGp=../../cp2016-max-common-connected-subgraph-paper/datasets/graphsdb/mcs30/rand/r02/mcs30_r02_s35.A01 fileNameGt=../../cp2016-max-common-connected-subgraph-paper/datasets/graphsdb/mcs30/rand/r02/mcs30_r02_s35.B01
Reading graphs...
35 :  219
35 :  214
Initializing...
maxdom : 35
D->valSize : 1225
Solving...
currentSize : 9 <-- 0.017206 s
currentSize : 10 <-- 0.017250 s
currentSize : 11 <-- 0.017557 s
currentSize : 12 <-- 0.018467 s
currentSize : 13 <-- 0.038052 s
currentSize : 14 <-- 0.782911 s
currentSize : 15 <-- 306.752655 s

TIMEOUT
maxsize : 15
nodes : 233650518.000000
filtered : 2526991514.000000
time : 1000.000000
