Parameters: GAD=1 vflib=1 dir=0 label=0 lowerbound=1 fileNameGp=../../cp2016-max-common-connected-subgraph-paper/datasets/graphsdb/mcs30/m2D/m2Dr2/mcs30_m2Dr2_s30.A00 fileNameGt=../../cp2016-max-common-connected-subgraph-paper/datasets/graphsdb/mcs30/m2D/m2Dr2/mcs30_m2Dr2_s30.B00
Reading graphs...
30 :  54
30 :  54
Initializing...
maxdom : 30
D->valSize : 900
Solving...
currentSize : 16 <-- 0.019205 s
currentSize : 17 <-- 0.022712 s
currentSize : 18 <-- 0.102070 s
currentSize : 19 <-- 11.693255 s
currentSize : 20 <-- 17.801619 s
currentSize : 21 <-- 75.894936 s

maxsize : 21
nodes : 20082776.000000
filtered : 355854578.000000
time : 90.599701
