Parameters: GAD=1 vflib=1 dir=0 label=0 lowerbound=1 fileNameGp=../../cp2016-max-common-connected-subgraph-paper/datasets/graphsdb/mcs30/rand/r01/mcs30_r01_s40.A03 fileNameGt=../../cp2016-max-common-connected-subgraph-paper/datasets/graphsdb/mcs30/rand/r01/mcs30_r01_s40.B03
Reading graphs...
40 :  147
40 :  153
Initializing...
maxdom : 40
D->valSize : 1600
Solving...
currentSize : 14 <-- 0.033749 s
currentSize : 15 <-- 0.033797 s
currentSize : 16 <-- 0.033856 s
currentSize : 17 <-- 0.047003 s
currentSize : 18 <-- 0.062849 s
currentSize : 19 <-- 0.164893 s
currentSize : 20 <-- 7.415151 s

TIMEOUT
maxsize : 20
nodes : 190928816.000000
filtered : 3600156724.000000
time : 1000.000061
