Parameters: GAD=1 vflib=1 dir=0 label=0 lowerbound=1 fileNameGp=../../cp2016-max-common-connected-subgraph-paper/datasets/graphsdb/mcs30/m4D/m4Dr2/mcs30_m4Dr2_s50.A01 fileNameGt=../../cp2016-max-common-connected-subgraph-paper/datasets/graphsdb/mcs30/m4D/m4Dr2/mcs30_m4Dr2_s50.B01
Reading graphs...
50 :  97
50 :  96
Initializing...
maxdom : 50
D->valSize : 2500
Solving...
currentSize : 17 <-- 0.150626 s
currentSize : 18 <-- 0.151445 s
currentSize : 21 <-- 0.151555 s
currentSize : 22 <-- 0.201501 s
currentSize : 23 <-- 0.286203 s
currentSize : 24 <-- 1.525077 s
currentSize : 25 <-- 1.526308 s
currentSize : 26 <-- 312.457001 s

TIMEOUT
maxsize : 26
nodes : 260473299.000000
filtered : 2033461990.000000
time : 1000.000061
