Parameters: GAD=1 vflib=1 dir=0 label=0 lowerbound=1 fileNameGp=../../cp2016-max-common-connected-subgraph-paper/datasets/graphsdb/mcs30/m4D/m4Dr4/mcs30_m4Dr4_s50.A00 fileNameGt=../../cp2016-max-common-connected-subgraph-paper/datasets/graphsdb/mcs30/m4D/m4Dr4/mcs30_m4Dr4_s50.B00
Reading graphs...
50 :  103
50 :  104
Initializing...
maxdom : 50
D->valSize : 2500
Solving...
currentSize : 22 <-- 0.134452 s
currentSize : 23 <-- 0.157734 s
currentSize : 24 <-- 0.911061 s
currentSize : 25 <-- 0.911160 s
currentSize : 26 <-- 1.859616 s
currentSize : 27 <-- 2.831481 s
currentSize : 28 <-- 3.515752 s
currentSize : 29 <-- 41.650948 s
currentSize : 30 <-- 42.424355 s

TIMEOUT
maxsize : 30
nodes : 190123669.000000
filtered : 2927313191.000000
time : 1000.000061
