Parameters: GAD=1 vflib=1 dir=0 label=0 lowerbound=1 fileNameGp=../../cp2016-max-common-connected-subgraph-paper/datasets/graphsdb/mcs30/bvg/b06/mcs30_b06_s35.A08 fileNameGt=../../cp2016-max-common-connected-subgraph-paper/datasets/graphsdb/mcs30/bvg/b06/mcs30_b06_s35.B08
Reading graphs...
35 :  100
35 :  105
Initializing...
maxdom : 35
D->valSize : 1225
Solving...
currentSize : 13 <-- 0.019308 s
currentSize : 14 <-- 0.019328 s
currentSize : 15 <-- 0.019648 s
currentSize : 16 <-- 0.019694 s
currentSize : 17 <-- 0.030898 s
currentSize : 18 <-- 0.030928 s
currentSize : 19 <-- 0.039415 s
currentSize : 20 <-- 0.648632 s
currentSize : 21 <-- 0.649417 s

TIMEOUT
maxsize : 21
nodes : 170013543.000000
filtered : 4952736674.000000
time : 1000.000061
