Parameters: GAD=1 vflib=1 dir=0 label=0 lowerbound=1 fileNameGp=../../cp2016-max-common-connected-subgraph-paper/datasets/graphsdb/mcs30/m2D/m2Dr4/mcs30_m2Dr4_s30.A05 fileNameGt=../../cp2016-max-common-connected-subgraph-paper/datasets/graphsdb/mcs30/m2D/m2Dr4/mcs30_m2Dr4_s30.B05
Reading graphs...
30 :  60
30 :  58
Initializing...
maxdom : 30
D->valSize : 900
Solving...
currentSize : 15 <-- 0.018740 s
currentSize : 16 <-- 0.072739 s
currentSize : 17 <-- 0.749579 s
currentSize : 18 <-- 0.936274 s
currentSize : 19 <-- 1.333820 s
currentSize : 20 <-- 42.424644 s
currentSize : 21 <-- 92.775681 s

maxsize : 21
nodes : 20680464.000000
filtered : 451198059.000000
time : 98.992218
