Parameters: GAD=1 vflib=1 dir=0 label=0 lowerbound=1 fileNameGp=../../cp2016-max-common-connected-subgraph-paper/datasets/graphsdb/mcs30/bvg/b09/mcs30_b09_s50.A08 fileNameGt=../../cp2016-max-common-connected-subgraph-paper/datasets/graphsdb/mcs30/bvg/b09/mcs30_b09_s50.B08
Reading graphs...
50 :  221
50 :  218
Initializing...
maxdom : 50
D->valSize : 2500
Solving...
currentSize : 15 <-- 0.086099 s
currentSize : 16 <-- 0.086140 s
currentSize : 17 <-- 0.086200 s
currentSize : 18 <-- 0.088250 s
currentSize : 19 <-- 0.088397 s
currentSize : 20 <-- 0.109551 s
currentSize : 21 <-- 0.320945 s
currentSize : 22 <-- 12.142107 s
currentSize : 23 <-- 77.999329 s
currentSize : 24 <-- 705.937744 s

TIMEOUT
maxsize : 24
nodes : 170925580.000000
filtered : 3308436015.000000
time : 1000.000061
