Parameters: GAD=1 vflib=1 dir=0 label=0 lowerbound=1 fileNameGp=../../cp2016-max-common-connected-subgraph-paper/datasets/graphsdb/mcs30/m4D/m4Dr2/mcs30_m4Dr2_s50.A07 fileNameGt=../../cp2016-max-common-connected-subgraph-paper/datasets/graphsdb/mcs30/m4D/m4Dr2/mcs30_m4Dr2_s50.B07
Reading graphs...
50 :  96
50 :  95
Initializing...
maxdom : 50
D->valSize : 2500
Solving...
currentSize : 22 <-- 0.095961 s
currentSize : 24 <-- 0.095999 s
currentSize : 25 <-- 0.534176 s
currentSize : 26 <-- 17.863684 s
currentSize : 27 <-- 17.865150 s
currentSize : 28 <-- 18.946072 s
currentSize : 29 <-- 110.241035 s
currentSize : 30 <-- 620.341064 s
currentSize : 31 <-- 746.517212 s

TIMEOUT
maxsize : 31
nodes : 204735423.000000
filtered : 3097274547.000000
time : 1000.000061
