Parameters: GAD=1 vflib=1 dir=0 label=0 lowerbound=1 fileNameGp=../../cp2016-max-common-connected-subgraph-paper/datasets/graphsdb/mcs30/bvg/b06m/mcs30_b06m_s40.A01 fileNameGt=../../cp2016-max-common-connected-subgraph-paper/datasets/graphsdb/mcs30/bvg/b06m/mcs30_b06m_s40.B01
Reading graphs...
40 :  116
40 :  118
Initializing...
maxdom : 40
D->valSize : 1600
Solving...
currentSize : 16 <-- 0.055864 s
currentSize : 17 <-- 0.057015 s
currentSize : 18 <-- 0.066254 s
currentSize : 19 <-- 0.074878 s
currentSize : 20 <-- 0.082798 s
currentSize : 21 <-- 0.296974 s
currentSize : 22 <-- 2.196564 s
currentSize : 23 <-- 18.604004 s

TIMEOUT
maxsize : 23
nodes : 172578431.000000
filtered : 4445353779.000000
time : 1000.000000
