Parameters: GAD=1 vflib=1 dir=0 label=0 lowerbound=1 fileNameGp=../../cp2016-max-common-connected-subgraph-paper/datasets/graphsdb/mcs30/m4D/m4D/mcs30_m4D_s50.A00 fileNameGt=../../cp2016-max-common-connected-subgraph-paper/datasets/graphsdb/mcs30/m4D/m4D/mcs30_m4D_s50.B00
Reading graphs...
50 :  87
50 :  87
Initializing...
maxdom : 50
D->valSize : 2500
Solving...
currentSize : 22 <-- 0.096661 s
currentSize : 24 <-- 0.096708 s
currentSize : 25 <-- 0.097262 s
currentSize : 26 <-- 0.098611 s
currentSize : 27 <-- 0.106126 s
currentSize : 28 <-- 0.107527 s
currentSize : 29 <-- 42.343796 s
currentSize : 30 <-- 52.798424 s
currentSize : 31 <-- 118.713676 s

TIMEOUT
maxsize : 31
nodes : 218902962.000000
filtered : 2496174446.000000
time : 1000.000061
