Parameters: GAD=1 vflib=1 dir=0 label=0 lowerbound=1 fileNameGp=../../cp2016-max-common-connected-subgraph-paper/datasets/graphsdb/mcs30/bvg/b03/mcs30_b03_s25.A08 fileNameGt=../../cp2016-max-common-connected-subgraph-paper/datasets/graphsdb/mcs30/bvg/b03/mcs30_b03_s25.B08
Reading graphs...
25 :  37
25 :  37
Initializing...
maxdom : 25
D->valSize : 625
Solving...
currentSize : 10 <-- 0.005262 s
currentSize : 11 <-- 0.005277 s
currentSize : 12 <-- 0.005331 s
currentSize : 13 <-- 0.005337 s
currentSize : 14 <-- 0.012091 s
currentSize : 15 <-- 0.089577 s
currentSize : 17 <-- 0.105243 s
currentSize : 18 <-- 0.629752 s

maxsize : 18
nodes : 771060.000000
filtered : 12441527.000000
time : 2.938822
