Parameters: GAD=1 vflib=1 dir=0 label=0 lowerbound=1 fileNameGp=../../cp2016-max-common-connected-subgraph-paper/datasets/graphsdb/mcs30/rand/r005/mcs30_r005_s35.A07 fileNameGt=../../cp2016-max-common-connected-subgraph-paper/datasets/graphsdb/mcs30/rand/r005/mcs30_r005_s35.B07
Reading graphs...
35 :  62
35 :  62
Initializing...
maxdom : 35
D->valSize : 1225
Solving...
currentSize : 15 <-- 0.020546 s
currentSize : 16 <-- 0.020619 s
currentSize : 17 <-- 0.020628 s
currentSize : 18 <-- 0.020645 s
currentSize : 19 <-- 0.021699 s
currentSize : 20 <-- 0.037680 s
currentSize : 21 <-- 0.107486 s
currentSize : 22 <-- 0.253148 s
currentSize : 23 <-- 0.611056 s
currentSize : 24 <-- 9.261018 s
currentSize : 25 <-- 22.587608 s

maxsize : 25
nodes : 44263355.000000
filtered : 1324628256.000000
time : 269.360931
