Parameters: GAD=1 vflib=1 dir=0 label=0 lowerbound=1 fileNameGp=../../cp2016-max-common-connected-subgraph-paper/datasets/graphsdb/mcs30/rand/r005/mcs30_r005_s25.A01 fileNameGt=../../cp2016-max-common-connected-subgraph-paper/datasets/graphsdb/mcs30/rand/r005/mcs30_r005_s25.B01
Reading graphs...
25 :  34
25 :  34
Initializing...
maxdom : 25
D->valSize : 625
Solving...
currentSize : 7 <-- 0.005399 s
currentSize : 8 <-- 0.005702 s
currentSize : 9 <-- 0.005757 s
currentSize : 11 <-- 0.008142 s
currentSize : 12 <-- 0.009551 s
currentSize : 13 <-- 0.009639 s
currentSize : 14 <-- 0.011512 s
currentSize : 16 <-- 0.013612 s
currentSize : 17 <-- 0.701849 s
currentSize : 18 <-- 1.580294 s

maxsize : 18
nodes : 987164.000000
filtered : 12322949.000000
time : 3.533312
