Parameters: GAD=1 vflib=1 dir=0 label=0 lowerbound=1 fileNameGp=../../cp2016-max-common-connected-subgraph-paper/datasets/graphsdb/mcs30/m2D/m2D/mcs30_m2D_s50.A08 fileNameGt=../../cp2016-max-common-connected-subgraph-paper/datasets/graphsdb/mcs30/m2D/m2D/mcs30_m2D_s50.B08
Reading graphs...
50 :  85
50 :  85
Initializing...
maxdom : 50
D->valSize : 2500
Solving...
currentSize : 22 <-- 0.097535 s
currentSize : 23 <-- 0.108670 s
currentSize : 24 <-- 0.164566 s
currentSize : 25 <-- 0.166279 s
currentSize : 27 <-- 0.166633 s
currentSize : 28 <-- 0.189617 s
currentSize : 29 <-- 23.863241 s
currentSize : 30 <-- 363.858948 s
currentSize : 31 <-- 424.265320 s

TIMEOUT
maxsize : 31
nodes : 208456741.000000
filtered : 3005312118.000000
time : 1000.000061
