Parameters: GAD=1 vflib=1 dir=0 label=0 lowerbound=1 fileNameGp=../../cp2016-max-common-connected-subgraph-paper/datasets/graphsdb/mcs30/m2D/m2D/mcs30_m2D_s50.A02 fileNameGt=../../cp2016-max-common-connected-subgraph-paper/datasets/graphsdb/mcs30/m2D/m2D/mcs30_m2D_s50.B02
Reading graphs...
50 :  85
50 :  85
Initializing...
maxdom : 50
D->valSize : 2500
Solving...
currentSize : 17 <-- 0.097103 s
currentSize : 18 <-- 0.097135 s
currentSize : 22 <-- 0.097305 s
currentSize : 23 <-- 0.097586 s
currentSize : 24 <-- 0.724437 s
currentSize : 25 <-- 0.760751 s
currentSize : 26 <-- 0.766647 s
currentSize : 27 <-- 2.656324 s
currentSize : 28 <-- 70.937103 s

TIMEOUT
maxsize : 28
nodes : 245296054.000000
filtered : 2503198163.000000
time : 1000.000061
