Parameters: GAD=1 vflib=1 dir=0 label=0 lowerbound=1 fileNameGp=../../cp2016-max-common-connected-subgraph-paper/datasets/graphsdb/mcs30/rand/r02/mcs30_r02_s30.A04 fileNameGt=../../cp2016-max-common-connected-subgraph-paper/datasets/graphsdb/mcs30/rand/r02/mcs30_r02_s30.B04
Reading graphs...
30 :  154
30 :  153
Initializing...
maxdom : 30
D->valSize : 900
Solving...
currentSize : 9 <-- 0.016364 s
currentSize : 10 <-- 0.016415 s
currentSize : 11 <-- 0.016456 s
currentSize : 12 <-- 0.017484 s
currentSize : 13 <-- 0.018558 s
currentSize : 14 <-- 15.249720 s
currentSize : 15 <-- 377.021667 s

maxsize : 15
nodes : 108213208.000000
filtered : 1372187752.000000
time : 437.602417
