Parameters: GAD=1 vflib=1 dir=0 label=0 lowerbound=1 fileNameGp=../../cp2016-max-common-connected-subgraph-paper/datasets/graphsdb/mcs30/bvg/b03m/mcs30_b03m_s25.A06 fileNameGt=../../cp2016-max-common-connected-subgraph-paper/datasets/graphsdb/mcs30/bvg/b03m/mcs30_b03m_s25.B06
Reading graphs...
25 :  37
25 :  34
Initializing...
maxdom : 25
D->valSize : 625
Solving...
currentSize : 10 <-- 0.005339 s
currentSize : 11 <-- 0.005736 s
currentSize : 12 <-- 0.006134 s
currentSize : 13 <-- 0.006300 s
currentSize : 14 <-- 0.041993 s
currentSize : 15 <-- 0.087034 s
currentSize : 16 <-- 0.507086 s
currentSize : 17 <-- 7.717783 s

maxsize : 17
nodes : 4506431.000000
filtered : 48044711.000000
time : 14.390941
