Parameters: GAD=1 vflib=1 dir=0 label=0 lowerbound=1 fileNameGp=../../cp2016-max-common-connected-subgraph-paper/datasets/graphsdb/mcs30/bvg/b06/mcs30_b06_s35.A01 fileNameGt=../../cp2016-max-common-connected-subgraph-paper/datasets/graphsdb/mcs30/bvg/b06/mcs30_b06_s35.B01
Reading graphs...
35 :  104
35 :  102
Initializing...
maxdom : 35
D->valSize : 1225
Solving...
currentSize : 14 <-- 0.019054 s
currentSize : 15 <-- 0.019084 s
currentSize : 16 <-- 0.019505 s
currentSize : 17 <-- 0.020896 s
currentSize : 18 <-- 0.052374 s
currentSize : 19 <-- 0.241923 s
currentSize : 20 <-- 3.890610 s
currentSize : 21 <-- 4.364059 s

TIMEOUT
maxsize : 21
nodes : 180386819.000000
filtered : 4929894938.000000
time : 1000.000061
