Parameters: GAD=1 vflib=1 dir=0 label=0 lowerbound=1 fileNameGp=../../cp2016-max-common-connected-subgraph-paper/datasets/graphsdb/mcs30/m2D/m2Dr6/mcs30_m2Dr6_s30.A05 fileNameGt=../../cp2016-max-common-connected-subgraph-paper/datasets/graphsdb/mcs30/m2D/m2Dr6/mcs30_m2Dr6_s30.B05
Reading graphs...
30 :  66
30 :  63
Initializing...
maxdom : 30
D->valSize : 900
Solving...
currentSize : 13 <-- 0.010895 s
currentSize : 14 <-- 0.012668 s
currentSize : 15 <-- 0.012957 s
currentSize : 16 <-- 0.015698 s
currentSize : 17 <-- 0.120249 s
currentSize : 18 <-- 0.179051 s
currentSize : 19 <-- 4.512098 s

maxsize : 19
nodes : 39190306.000000
filtered : 818299239.000000
time : 181.628265
