Parameters: GAD=1 vflib=1 dir=0 label=0 lowerbound=1 fileNameGp=../../cp2016-max-common-connected-subgraph-paper/datasets/graphsdb/mcs30/bvg/b03/mcs30_b03_s30.A02 fileNameGt=../../cp2016-max-common-connected-subgraph-paper/datasets/graphsdb/mcs30/bvg/b03/mcs30_b03_s30.B02
Reading graphs...
30 :  45
30 :  45
Initializing...
maxdom : 30
D->valSize : 900
Solving...
currentSize : 12 <-- 0.011127 s
currentSize : 13 <-- 0.011203 s
currentSize : 15 <-- 0.011525 s
currentSize : 16 <-- 0.018378 s
currentSize : 17 <-- 0.019098 s
currentSize : 18 <-- 0.038538 s
currentSize : 19 <-- 0.315831 s
currentSize : 20 <-- 5.160708 s
currentSize : 21 <-- 31.069824 s
currentSize : 22 <-- 65.780174 s

maxsize : 22
nodes : 17685324.000000
filtered : 291815969.000000
time : 76.071968
