Parameters: GAD=1 vflib=1 dir=0 label=0 lowerbound=1 fileNameGp=../../cp2016-max-common-connected-subgraph-paper/datasets/graphsdb/mcs30/m2D/m2Dr6/mcs30_m2Dr6_s30.A04 fileNameGt=../../cp2016-max-common-connected-subgraph-paper/datasets/graphsdb/mcs30/m2D/m2Dr6/mcs30_m2Dr6_s30.B04
Reading graphs...
30 :  66
30 :  64
Initializing...
maxdom : 30
D->valSize : 900
Solving...
currentSize : 14 <-- 0.010666 s
currentSize : 15 <-- 0.010703 s
currentSize : 16 <-- 0.017322 s
currentSize : 17 <-- 0.032233 s
currentSize : 18 <-- 0.076903 s
currentSize : 19 <-- 1.743652 s
currentSize : 20 <-- 21.630524 s

maxsize : 20
nodes : 12660500.000000
filtered : 303565976.000000
time : 62.839188
