Parameters: GAD=1 vflib=1 dir=0 label=0 lowerbound=1 fileNameGp=../../cp2016-max-common-connected-subgraph-paper/datasets/graphsdb/mcs30/bvg/b03/mcs30_b03_s50.A04 fileNameGt=../../cp2016-max-common-connected-subgraph-paper/datasets/graphsdb/mcs30/bvg/b03/mcs30_b03_s50.B04
Reading graphs...
50 :  75
50 :  75
Initializing...
maxdom : 50
D->valSize : 2500
Solving...
currentSize : 23 <-- 0.096980 s
currentSize : 24 <-- 0.097132 s
currentSize : 25 <-- 0.103645 s
currentSize : 26 <-- 0.540773 s
currentSize : 27 <-- 18.636305 s
currentSize : 28 <-- 107.852127 s
currentSize : 29 <-- 195.158951 s
currentSize : 30 <-- 195.208206 s
currentSize : 31 <-- 576.577515 s
currentSize : 32 <-- 579.068237 s

TIMEOUT
maxsize : 32
nodes : 246259858.000000
filtered : 2414608800.000000
time : 1000.000061
