Parameters: GAD=1 vflib=1 dir=0 label=0 lowerbound=1 fileNameGp=../../cp2016-max-common-connected-subgraph-paper/datasets/graphsdb/mcs30/rand/r01/mcs30_r01_s40.A08 fileNameGt=../../cp2016-max-common-connected-subgraph-paper/datasets/graphsdb/mcs30/rand/r01/mcs30_r01_s40.B08
Reading graphs...
40 :  149
40 :  150
Initializing...
maxdom : 40
D->valSize : 1600
Solving...
currentSize : 15 <-- 0.032657 s
currentSize : 16 <-- 0.032699 s
currentSize : 17 <-- 0.032856 s
currentSize : 18 <-- 0.033001 s
currentSize : 19 <-- 0.289033 s
currentSize : 20 <-- 16.312126 s
currentSize : 21 <-- 524.922302 s

TIMEOUT
maxsize : 21
nodes : 186397592.000000
filtered : 3858257136.000000
time : 1000.000061
