Parameters: GAD=1 vflib=1 dir=0 label=0 lowerbound=1 fileNameGp=../../cp2016-max-common-connected-subgraph-paper/datasets/graphsdb/mcs30/m2D/m2D/mcs30_m2D_s30.A00 fileNameGt=../../cp2016-max-common-connected-subgraph-paper/datasets/graphsdb/mcs30/m2D/m2D/mcs30_m2D_s30.B00
Reading graphs...
30 :  48
30 :  48
Initializing...
maxdom : 30
D->valSize : 900
Solving...
currentSize : 14 <-- 0.011136 s
currentSize : 15 <-- 0.011170 s
currentSize : 16 <-- 0.019221 s
currentSize : 17 <-- 0.020216 s
currentSize : 18 <-- 0.039161 s
currentSize : 19 <-- 0.832206 s
currentSize : 20 <-- 13.345499 s
currentSize : 21 <-- 34.636337 s

maxsize : 21
nodes : 18860596.000000
filtered : 325301284.000000
time : 82.183479
