Parameters: GAD=1 vflib=1 dir=0 label=0 lowerbound=1 fileNameGp=../../cp2016-max-common-connected-subgraph-paper/datasets/graphsdb/mcs30/m3D/m3D/mcs30_m3D_s30.A03 fileNameGt=../../cp2016-max-common-connected-subgraph-paper/datasets/graphsdb/mcs30/m3D/m3D/mcs30_m3D_s30.B03
Reading graphs...
30 :  60
30 :  59
Initializing...
maxdom : 30
D->valSize : 900
Solving...
currentSize : 14 <-- 0.018892 s
currentSize : 15 <-- 0.018983 s
currentSize : 16 <-- 0.026454 s
currentSize : 17 <-- 0.029478 s
currentSize : 18 <-- 0.133570 s
currentSize : 19 <-- 0.139379 s
currentSize : 20 <-- 0.800641 s
currentSize : 21 <-- 27.036676 s

maxsize : 21
nodes : 8557416.000000
filtered : 211034995.000000
time : 43.471565
