Parameters: GAD=1 vflib=1 dir=0 label=0 lowerbound=1 fileNameGp=../../cp2016-max-common-connected-subgraph-paper/datasets/graphsdb/mcs30/rand/r02/mcs30_r02_s30.A02 fileNameGt=../../cp2016-max-common-connected-subgraph-paper/datasets/graphsdb/mcs30/rand/r02/mcs30_r02_s30.B02
Reading graphs...
30 :  154
30 :  152
Initializing...
maxdom : 30
D->valSize : 900
Solving...
currentSize : 9 <-- 0.009397 s
currentSize : 10 <-- 0.009445 s
currentSize : 11 <-- 0.010013 s
currentSize : 12 <-- 0.015143 s
currentSize : 13 <-- 0.069379 s
currentSize : 14 <-- 0.116384 s
currentSize : 15 <-- 63.886993 s

maxsize : 15
nodes : 63940614.000000
filtered : 957034635.000000
time : 275.167572
