Parameters: GAD=1 vflib=1 dir=0 label=0 lowerbound=1 fileNameGp=../../cp2016-max-common-connected-subgraph-paper/datasets/graphsdb/mcs30/rand/r02/mcs30_r02_s50.A00 fileNameGt=../../cp2016-max-common-connected-subgraph-paper/datasets/graphsdb/mcs30/rand/r02/mcs30_r02_s50.B00
Reading graphs...
50 :  448
50 :  440
Initializing...
maxdom : 50
D->valSize : 2500
Solving...
currentSize : 10 <-- 0.093578 s
currentSize : 11 <-- 0.093611 s
currentSize : 12 <-- 0.093684 s
currentSize : 13 <-- 0.093831 s
currentSize : 14 <-- 0.096949 s
currentSize : 15 <-- 0.608303 s
currentSize : 16 <-- 0.900615 s
currentSize : 17 <-- 468.602783 s

TIMEOUT
maxsize : 17
nodes : 196101530.000000
filtered : 1896384947.000000
time : 1000.000061
