Parameters: GAD=1 vflib=1 dir=0 label=0 lowerbound=1 fileNameGp=../../cp2016-max-common-connected-subgraph-paper/datasets/graphsdb/mcs30/bvg/b09/mcs30_b09_s35.A04 fileNameGt=../../cp2016-max-common-connected-subgraph-paper/datasets/graphsdb/mcs30/bvg/b09/mcs30_b09_s35.B04
Reading graphs...
35 :  151
35 :  152
Initializing...
maxdom : 35
D->valSize : 1225
Solving...
currentSize : 11 <-- 0.018132 s
currentSize : 12 <-- 0.018629 s
currentSize : 13 <-- 0.019106 s
currentSize : 14 <-- 0.026703 s
currentSize : 15 <-- 0.032143 s
currentSize : 16 <-- 0.037220 s
currentSize : 17 <-- 0.047019 s
currentSize : 18 <-- 0.260610 s
currentSize : 19 <-- 0.788765 s

TIMEOUT
maxsize : 19
nodes : 191805440.000000
filtered : 4419648029.000000
time : 1000.000061
