Parameters: GAD=1 vflib=1 dir=0 label=0 lowerbound=1 fileNameGp=../../cp2016-max-common-connected-subgraph-paper/datasets/graphsdb/mcs30/rand/r005/mcs30_r005_s30.A00 fileNameGt=../../cp2016-max-common-connected-subgraph-paper/datasets/graphsdb/mcs30/rand/r005/mcs30_r005_s30.B00
Reading graphs...
30 :  47
30 :  48
Initializing...
maxdom : 30
D->valSize : 900
Solving...
currentSize : 12 <-- 0.010929 s
currentSize : 13 <-- 0.011034 s
currentSize : 14 <-- 0.011378 s
currentSize : 15 <-- 0.011653 s
currentSize : 16 <-- 0.039330 s
currentSize : 17 <-- 0.041805 s
currentSize : 18 <-- 2.201449 s
currentSize : 19 <-- 8.076199 s
currentSize : 20 <-- 24.197956 s
currentSize : 21 <-- 108.174332 s

maxsize : 21
nodes : 33388657.000000
filtered : 520103846.000000
time : 133.059860
