Parameters: GAD=1 vflib=1 dir=0 label=0 lowerbound=1 fileNameGp=../../cp2016-max-common-connected-subgraph-paper/datasets/graphsdb/mcs30/m3D/m3Dr2/mcs30_m3Dr2_s25.A03 fileNameGt=../../cp2016-max-common-connected-subgraph-paper/datasets/graphsdb/mcs30/m3D/m3Dr2/mcs30_m3Dr2_s25.B03
Reading graphs...
25 :  52
25 :  51
Initializing...
maxdom : 25
D->valSize : 625
Solving...
currentSize : 11 <-- 0.005017 s
currentSize : 12 <-- 0.005132 s
currentSize : 13 <-- 0.007144 s
currentSize : 14 <-- 0.052301 s
currentSize : 15 <-- 0.401981 s
currentSize : 16 <-- 0.734749 s
currentSize : 17 <-- 3.428303 s

maxsize : 17
nodes : 1712820.000000
filtered : 30964471.000000
time : 7.043261
