Parameters: GAD=1 vflib=1 dir=0 label=0 lowerbound=1 fileNameGp=../../cp2016-max-common-connected-subgraph-paper/datasets/graphsdb/mcs30/m2D/m2Dr2/mcs30_m2Dr2_s50.A00 fileNameGt=../../cp2016-max-common-connected-subgraph-paper/datasets/graphsdb/mcs30/m2D/m2Dr2/mcs30_m2Dr2_s50.B00
Reading graphs...
50 :  94
50 :  93
Initializing...
maxdom : 50
D->valSize : 2500
Solving...
currentSize : 21 <-- 0.096098 s
currentSize : 22 <-- 0.096124 s
currentSize : 23 <-- 0.118248 s
currentSize : 24 <-- 0.118297 s
currentSize : 25 <-- 0.120046 s
currentSize : 26 <-- 0.809572 s
currentSize : 27 <-- 0.874061 s
currentSize : 28 <-- 0.874213 s

TIMEOUT
maxsize : 28
nodes : 215916487.000000
filtered : 2688878740.000000
time : 1000.000061
