Parameters: GAD=1 vflib=1 dir=0 label=0 lowerbound=1 fileNameGp=../../cp2016-max-common-connected-subgraph-paper/datasets/graphsdb/mcs30/m2D/m2Dr6/mcs30_m2Dr6_s50.A01 fileNameGt=../../cp2016-max-common-connected-subgraph-paper/datasets/graphsdb/mcs30/m2D/m2Dr6/mcs30_m2Dr6_s50.B01
Reading graphs...
50 :  112
50 :  110
Initializing...
maxdom : 50
D->valSize : 2500
Solving...
currentSize : 20 <-- 0.138134 s
currentSize : 23 <-- 0.138168 s
currentSize : 24 <-- 0.151197 s
currentSize : 25 <-- 0.154935 s
currentSize : 26 <-- 0.417055 s
currentSize : 27 <-- 1.523598 s
currentSize : 28 <-- 3.965790 s
currentSize : 29 <-- 7.405766 s
currentSize : 30 <-- 163.065643 s

TIMEOUT
maxsize : 30
nodes : 162897213.000000
filtered : 3805179518.000000
time : 1000.000061
