Parameters: GAD=1 vflib=1 dir=0 label=0 lowerbound=1 fileNameGp=../../cp2016-max-common-connected-subgraph-paper/datasets/graphsdb/mcs30/bvg/b06/mcs30_b06_s30.A05 fileNameGt=../../cp2016-max-common-connected-subgraph-paper/datasets/graphsdb/mcs30/bvg/b06/mcs30_b06_s30.B05
Reading graphs...
30 :  87
30 :  87
Initializing...
maxdom : 30
D->valSize : 900
Solving...
currentSize : 11 <-- 0.017716 s
currentSize : 12 <-- 0.017769 s
currentSize : 13 <-- 0.018129 s
currentSize : 14 <-- 0.018610 s
currentSize : 15 <-- 0.025940 s
currentSize : 16 <-- 0.063567 s
currentSize : 17 <-- 1.390286 s
currentSize : 18 <-- 14.317543 s

maxsize : 18
nodes : 27082910.000000
filtered : 603291487.000000
time : 131.217789
