Parameters: GAD=1 vflib=1 dir=0 label=0 lowerbound=1 fileNameGp=../../cp2016-max-common-connected-subgraph-paper/datasets/graphsdb/mcs30/m4D/m4Dr2/mcs30_m4Dr2_s50.A09 fileNameGt=../../cp2016-max-common-connected-subgraph-paper/datasets/graphsdb/mcs30/m4D/m4Dr2/mcs30_m4Dr2_s50.B09
Reading graphs...
50 :  96
50 :  95
Initializing...
maxdom : 50
D->valSize : 2500
Solving...
currentSize : 19 <-- 0.097577 s
currentSize : 20 <-- 0.097801 s
currentSize : 21 <-- 0.099870 s
currentSize : 22 <-- 0.099880 s
currentSize : 23 <-- 0.100008 s
currentSize : 24 <-- 0.189065 s
currentSize : 25 <-- 0.312326 s
currentSize : 26 <-- 38.116123 s
currentSize : 27 <-- 81.925613 s
currentSize : 28 <-- 192.379929 s
currentSize : 29 <-- 724.116333 s

TIMEOUT
maxsize : 29
nodes : 216009988.000000
filtered : 2458495783.000000
time : 1000.000061
