Parameters: GAD=1 vflib=1 dir=0 label=0 lowerbound=1 fileNameGp=../../cp2016-max-common-connected-subgraph-paper/datasets/graphsdb/mcs30/bvg/b06/mcs30_b06_s30.A02 fileNameGt=../../cp2016-max-common-connected-subgraph-paper/datasets/graphsdb/mcs30/bvg/b06/mcs30_b06_s30.B02
Reading graphs...
30 :  88
30 :  87
Initializing...
maxdom : 30
D->valSize : 900
Solving...
currentSize : 9 <-- 0.017575 s
currentSize : 10 <-- 0.017645 s
currentSize : 11 <-- 0.017688 s
currentSize : 13 <-- 0.028129 s
currentSize : 14 <-- 0.056205 s
currentSize : 15 <-- 0.094187 s
currentSize : 16 <-- 2.601151 s
currentSize : 17 <-- 3.426887 s
currentSize : 18 <-- 162.736710 s

maxsize : 18
nodes : 37262713.000000
filtered : 738904163.000000
time : 171.553604
