Parameters: GAD=1 vflib=1 dir=0 label=0 lowerbound=1 fileNameGp=../../cp2016-max-common-connected-subgraph-paper/datasets/graphsdb/mcs30/bvg/b03m/mcs30_b03m_s35.A05 fileNameGt=../../cp2016-max-common-connected-subgraph-paper/datasets/graphsdb/mcs30/bvg/b03m/mcs30_b03m_s35.B05
Reading graphs...
35 :  52
35 :  51
Initializing...
maxdom : 35
D->valSize : 1225
Solving...
currentSize : 20 <-- 0.020917 s
currentSize : 21 <-- 0.020946 s
currentSize : 22 <-- 0.376392 s
currentSize : 23 <-- 10.164659 s
currentSize : 24 <-- 32.135502 s
currentSize : 25 <-- 59.340679 s
currentSize : 26 <-- 299.882568 s

maxsize : 26
nodes : 63597191.000000
filtered : 1349976226.000000
time : 336.961365
