Parameters: GAD=1 vflib=1 dir=0 label=0 lowerbound=1 fileNameGp=../../cp2016-max-common-connected-subgraph-paper/datasets/graphsdb/mcs30/m3D/m3Dr4/mcs30_m3Dr4_s40.A07 fileNameGt=../../cp2016-max-common-connected-subgraph-paper/datasets/graphsdb/mcs30/m3D/m3Dr4/mcs30_m3Dr4_s40.B07
Reading graphs...
40 :  99
40 :  98
Initializing...
maxdom : 40
D->valSize : 1600
Solving...
currentSize : 13 <-- 0.034327 s
currentSize : 15 <-- 0.034352 s
currentSize : 16 <-- 0.034379 s
currentSize : 17 <-- 0.034755 s
currentSize : 18 <-- 0.039981 s
currentSize : 19 <-- 0.040069 s
currentSize : 20 <-- 0.040107 s
currentSize : 21 <-- 0.072441 s
currentSize : 22 <-- 0.309598 s
currentSize : 23 <-- 4.463397 s
currentSize : 24 <-- 64.127655 s

TIMEOUT
maxsize : 24
nodes : 170779360.000000
filtered : 4244471295.000000
time : 1000.000000
