Parameters: GAD=1 vflib=1 dir=0 label=0 lowerbound=1 fileNameGp=../../cp2016-max-common-connected-subgraph-paper/datasets/graphsdb/mcs30/rand/r01/mcs30_r01_s35.A04 fileNameGt=../../cp2016-max-common-connected-subgraph-paper/datasets/graphsdb/mcs30/rand/r01/mcs30_r01_s35.B04
Reading graphs...
35 :  115
35 :  113
Initializing...
maxdom : 35
D->valSize : 1225
Solving...
currentSize : 13 <-- 0.018767 s
currentSize : 14 <-- 0.018790 s
currentSize : 15 <-- 0.022346 s
currentSize : 16 <-- 0.023469 s
currentSize : 17 <-- 0.075692 s
currentSize : 18 <-- 0.291287 s
currentSize : 19 <-- 12.120095 s
currentSize : 20 <-- 657.731995 s

TIMEOUT
maxsize : 20
nodes : 198963411.000000
filtered : 4011864934.000000
time : 1000.000061
