Parameters: GAD=1 vflib=1 dir=0 label=0 lowerbound=1 fileNameGp=../../cp2016-max-common-connected-subgraph-paper/datasets/graphsdb/mcs30/bvg/b03/mcs30_b03_s35.A09 fileNameGt=../../cp2016-max-common-connected-subgraph-paper/datasets/graphsdb/mcs30/bvg/b03/mcs30_b03_s35.B09
Reading graphs...
35 :  52
35 :  52
Initializing...
maxdom : 35
D->valSize : 1225
Solving...
currentSize : 15 <-- 0.021283 s
currentSize : 16 <-- 0.021392 s
currentSize : 17 <-- 0.021699 s
currentSize : 18 <-- 0.088992 s
currentSize : 19 <-- 0.302183 s
currentSize : 20 <-- 0.468611 s
currentSize : 21 <-- 0.607258 s
currentSize : 22 <-- 12.479021 s
currentSize : 23 <-- 12.631341 s
currentSize : 24 <-- 17.979616 s
currentSize : 25 <-- 81.775459 s

maxsize : 25
nodes : 75004104.000000
filtered : 1537573918.000000
time : 390.993835
