Parameters: GAD=1 vflib=1 dir=0 label=0 lowerbound=1 fileNameGp=../../cp2016-max-common-connected-subgraph-paper/datasets/graphsdb/mcs30/bvg/b03/mcs30_b03_s50.A08 fileNameGt=../../cp2016-max-common-connected-subgraph-paper/datasets/graphsdb/mcs30/bvg/b03/mcs30_b03_s50.B08
Reading graphs...
50 :  75
50 :  75
Initializing...
maxdom : 50
D->valSize : 2500
Solving...
currentSize : 23 <-- 0.099306 s
currentSize : 24 <-- 0.099373 s
currentSize : 27 <-- 0.099677 s
currentSize : 28 <-- 0.210607 s
currentSize : 29 <-- 0.211780 s
currentSize : 30 <-- 0.954107 s
currentSize : 31 <-- 9.508628 s
currentSize : 32 <-- 122.526367 s

TIMEOUT
maxsize : 32
nodes : 192461613.000000
filtered : 2937129045.000000
time : 1000.000061
