Parameters: GAD=1 vflib=1 dir=0 label=0 lowerbound=1 fileNameGp=../../cp2016-max-common-connected-subgraph-paper/datasets/graphsdb/mcs30/m3D/m3Dr2/mcs30_m3Dr2_s25.A02 fileNameGt=../../cp2016-max-common-connected-subgraph-paper/datasets/graphsdb/mcs30/m3D/m3Dr2/mcs30_m3Dr2_s25.B02
Reading graphs...
25 :  53
25 :  52
Initializing...
maxdom : 25
D->valSize : 625
Solving...
currentSize : 10 <-- 0.005062 s
currentSize : 11 <-- 0.005088 s
currentSize : 13 <-- 0.005172 s
currentSize : 14 <-- 0.009220 s
currentSize : 15 <-- 0.013152 s
currentSize : 16 <-- 0.186739 s
currentSize : 17 <-- 8.000018 s

maxsize : 17
nodes : 2619038.000000
filtered : 43448991.000000
time : 10.286821
