Parameters: GAD=1 vflib=1 dir=0 label=0 lowerbound=1 fileNameGp=../../cp2016-max-common-connected-subgraph-paper/datasets/graphsdb/mcs30/bvg/b09m/mcs30_b09m_s50.A01 fileNameGt=../../cp2016-max-common-connected-subgraph-paper/datasets/graphsdb/mcs30/bvg/b09m/mcs30_b09m_s50.B01
Reading graphs...
50 :  214
50 :  215
Initializing...
maxdom : 50
D->valSize : 2500
Solving...
currentSize : 14 <-- 0.085606 s
currentSize : 15 <-- 0.085636 s
currentSize : 16 <-- 0.085783 s
currentSize : 17 <-- 0.086919 s
currentSize : 18 <-- 0.087245 s
currentSize : 19 <-- 0.093808 s
currentSize : 20 <-- 0.107278 s
currentSize : 21 <-- 0.111432 s
currentSize : 22 <-- 0.378565 s
currentSize : 23 <-- 0.387257 s
currentSize : 24 <-- 420.270630 s

TIMEOUT
maxsize : 24
nodes : 160891203.000000
filtered : 3888475223.000000
time : 1000.000000
