Parameters: GAD=1 vflib=1 dir=0 label=0 lowerbound=1 fileNameGp=../../cp2016-max-common-connected-subgraph-paper/datasets/graphsdb/mcs30/rand/r02/mcs30_r02_s35.A02 fileNameGt=../../cp2016-max-common-connected-subgraph-paper/datasets/graphsdb/mcs30/rand/r02/mcs30_r02_s35.B02
Reading graphs...
35 :  207
35 :  214
Initializing...
maxdom : 35
D->valSize : 1225
Solving...
currentSize : 10 <-- 0.017251 s
currentSize : 11 <-- 0.017349 s
currentSize : 12 <-- 0.017897 s
currentSize : 13 <-- 0.018280 s
currentSize : 14 <-- 0.056085 s
currentSize : 15 <-- 0.121341 s
currentSize : 16 <-- 240.254852 s

TIMEOUT
maxsize : 16
nodes : 210921756.000000
filtered : 3201150497.000000
time : 1000.000000
