Parameters: GAD=1 vflib=1 dir=0 label=0 lowerbound=1 fileNameGp=../../cp2016-max-common-connected-subgraph-paper/datasets/graphsdb/mcs30/rand/r005/mcs30_r005_s50.A07 fileNameGt=../../cp2016-max-common-connected-subgraph-paper/datasets/graphsdb/mcs30/rand/r005/mcs30_r005_s50.B07
Reading graphs...
50 :  123
50 :  125
Initializing...
maxdom : 50
D->valSize : 2500
Solving...
currentSize : 16 <-- 0.116383 s
currentSize : 19 <-- 0.116438 s
currentSize : 21 <-- 0.116941 s
currentSize : 22 <-- 0.174985 s
currentSize : 23 <-- 0.470966 s
currentSize : 24 <-- 2.451462 s
currentSize : 25 <-- 2.970441 s
currentSize : 26 <-- 41.470707 s
currentSize : 27 <-- 44.673634 s

TIMEOUT
maxsize : 27
nodes : 188027426.000000
filtered : 2685512018.000000
time : 1000.000000
