Parameters: GAD=1 vflib=1 dir=0 label=0 lowerbound=1 fileNameGp=../../cp2016-max-common-connected-subgraph-paper/datasets/graphsdb/mcs30/bvg/b09m/mcs30_b09m_s35.A08 fileNameGt=../../cp2016-max-common-connected-subgraph-paper/datasets/graphsdb/mcs30/bvg/b09m/mcs30_b09m_s35.B08
Reading graphs...
35 :  142
35 :  142
Initializing...
maxdom : 35
D->valSize : 1225
Solving...
currentSize : 10 <-- 0.018402 s
currentSize : 12 <-- 0.018455 s
currentSize : 15 <-- 0.018469 s
currentSize : 16 <-- 0.022138 s
currentSize : 17 <-- 0.026775 s
currentSize : 18 <-- 0.133246 s
currentSize : 19 <-- 120.540062 s

TIMEOUT
maxsize : 19
nodes : 185768261.000000
filtered : 4572283495.000000
time : 1000.000000
