Parameters: GAD=1 vflib=1 dir=0 label=0 lowerbound=1 fileNameGp=../../cp2016-max-common-connected-subgraph-paper/datasets/graphsdb/mcs30/m2D/m2Dr4/mcs30_m2Dr4_s50.A00 fileNameGt=../../cp2016-max-common-connected-subgraph-paper/datasets/graphsdb/mcs30/m2D/m2Dr4/mcs30_m2Dr4_s50.B00
Reading graphs...
50 :  102
50 :  103
Initializing...
maxdom : 50
D->valSize : 2500
Solving...
currentSize : 22 <-- 0.113699 s
currentSize : 24 <-- 0.113804 s
currentSize : 25 <-- 0.113949 s
currentSize : 26 <-- 0.114554 s
currentSize : 27 <-- 0.125102 s
currentSize : 28 <-- 0.534222 s
currentSize : 29 <-- 1.240668 s
currentSize : 30 <-- 33.876801 s

TIMEOUT
maxsize : 30
nodes : 191614657.000000
filtered : 3221643834.000000
time : 1000.000061
