Parameters: GAD=1 vflib=1 dir=0 label=0 lowerbound=1 fileNameGp=../../cp2016-max-common-connected-subgraph-paper/datasets/graphsdb/mcs30/m2D/m2Dr6/mcs30_m2Dr6_s50.A07 fileNameGt=../../cp2016-max-common-connected-subgraph-paper/datasets/graphsdb/mcs30/m2D/m2Dr6/mcs30_m2Dr6_s50.B07
Reading graphs...
50 :  114
50 :  111
Initializing...
maxdom : 50
D->valSize : 2500
Solving...
currentSize : 19 <-- 0.158807 s
currentSize : 20 <-- 0.158930 s
currentSize : 21 <-- 0.160030 s
currentSize : 22 <-- 0.160605 s
currentSize : 24 <-- 0.184031 s
currentSize : 25 <-- 0.184087 s
currentSize : 26 <-- 1.895068 s
currentSize : 27 <-- 2.165478 s
currentSize : 28 <-- 18.572931 s
currentSize : 29 <-- 921.673218 s

TIMEOUT
maxsize : 29
nodes : 203931729.000000
filtered : 2688909666.000000
time : 1000.000061
