Parameters: GAD=1 vflib=1 dir=0 label=0 lowerbound=1 fileNameGp=../../cp2016-max-common-connected-subgraph-paper/datasets/graphsdb/mcs30/rand/r005/mcs30_r005_s35.A01 fileNameGt=../../cp2016-max-common-connected-subgraph-paper/datasets/graphsdb/mcs30/rand/r005/mcs30_r005_s35.B01
Reading graphs...
35 :  63
35 :  64
Initializing...
maxdom : 35
D->valSize : 1225
Solving...
currentSize : 17 <-- 0.036069 s
currentSize : 18 <-- 0.043636 s
currentSize : 19 <-- 0.043700 s
currentSize : 20 <-- 0.080454 s
currentSize : 21 <-- 0.080475 s
currentSize : 22 <-- 0.423168 s
currentSize : 23 <-- 12.902824 s
currentSize : 24 <-- 23.945534 s

TIMEOUT
maxsize : 24
nodes : 172145993.000000
filtered : 4338213610.000000
time : 1000.000061
