Parameters: GAD=1 vflib=1 dir=0 label=0 lowerbound=1 fileNameGp=../../cp2016-max-common-connected-subgraph-paper/datasets/graphsdb/mcs30/bvg/b09/mcs30_b09_s50.A06 fileNameGt=../../cp2016-max-common-connected-subgraph-paper/datasets/graphsdb/mcs30/bvg/b09/mcs30_b09_s50.B06
Reading graphs...
50 :  220
50 :  221
Initializing...
maxdom : 50
D->valSize : 2500
Solving...
currentSize : 15 <-- 0.145450 s
currentSize : 16 <-- 0.145507 s
currentSize : 17 <-- 0.145678 s
currentSize : 18 <-- 0.148026 s
currentSize : 19 <-- 0.150346 s
currentSize : 20 <-- 0.551565 s
currentSize : 21 <-- 1.558695 s
currentSize : 22 <-- 7.677381 s
currentSize : 23 <-- 18.905499 s

TIMEOUT
maxsize : 23
nodes : 163623030.000000
filtered : 3890158165.000000
time : 1000.000061
