Parameters: GAD=1 vflib=1 dir=0 label=0 lowerbound=1 fileNameGp=../../cp2016-max-common-connected-subgraph-paper/datasets/graphsdb/mcs30/bvg/b03/mcs30_b03_s25.A06 fileNameGt=../../cp2016-max-common-connected-subgraph-paper/datasets/graphsdb/mcs30/bvg/b03/mcs30_b03_s25.B06
Reading graphs...
25 :  36
25 :  36
Initializing...
maxdom : 25
D->valSize : 625
Solving...
currentSize : 10 <-- 0.005311 s
currentSize : 11 <-- 0.005325 s
currentSize : 12 <-- 0.005345 s
currentSize : 13 <-- 0.005485 s
currentSize : 14 <-- 0.006545 s
currentSize : 15 <-- 0.006652 s
currentSize : 16 <-- 0.023411 s
currentSize : 17 <-- 0.046336 s
currentSize : 18 <-- 0.156297 s

maxsize : 18
nodes : 497815.000000
filtered : 9022558.000000
time : 2.061470
