Parameters: GAD=1 vflib=1 dir=0 label=0 lowerbound=1 fileNameGp=../../cp2016-max-common-connected-subgraph-paper/datasets/graphsdb/mcs30/m4D/m4Dr4/mcs30_m4Dr4_s50.A03 fileNameGt=../../cp2016-max-common-connected-subgraph-paper/datasets/graphsdb/mcs30/m4D/m4Dr4/mcs30_m4Dr4_s50.B03
Reading graphs...
50 :  105
50 :  104
Initializing...
maxdom : 50
D->valSize : 2500
Solving...
currentSize : 20 <-- 0.095109 s
currentSize : 22 <-- 0.095141 s
currentSize : 23 <-- 0.100313 s
currentSize : 24 <-- 0.123129 s
currentSize : 25 <-- 0.175745 s
currentSize : 26 <-- 20.061590 s
currentSize : 27 <-- 20.312405 s
currentSize : 28 <-- 32.356533 s
currentSize : 29 <-- 615.552002 s

TIMEOUT
maxsize : 29
nodes : 221140356.000000
filtered : 2172828874.000000
time : 1000.000061
