Parameters: GAD=1 vflib=1 dir=0 label=0 lowerbound=1 fileNameGp=../../cp2016-max-common-connected-subgraph-paper/datasets/graphsdb/mcs30/bvg/b03/mcs30_b03_s40.A04 fileNameGt=../../cp2016-max-common-connected-subgraph-paper/datasets/graphsdb/mcs30/bvg/b03/mcs30_b03_s40.B04
Reading graphs...
40 :  59
40 :  59
Initializing...
maxdom : 40
D->valSize : 1600
Solving...
currentSize : 18 <-- 0.037229 s
currentSize : 19 <-- 0.038603 s
currentSize : 20 <-- 0.062641 s
currentSize : 21 <-- 0.701832 s
currentSize : 22 <-- 0.733522 s
currentSize : 23 <-- 17.502184 s
currentSize : 24 <-- 130.975586 s

TIMEOUT
maxsize : 24
nodes : 291445116.000000
filtered : 2498975949.000000
time : 1000.000000
