Parameters: GAD=1 vflib=1 dir=0 label=0 lowerbound=1 fileNameGp=../../cp2016-max-common-connected-subgraph-paper/datasets/graphsdb/mcs30/rand/r005/mcs30_r005_s25.A03 fileNameGt=../../cp2016-max-common-connected-subgraph-paper/datasets/graphsdb/mcs30/rand/r005/mcs30_r005_s25.B03
Reading graphs...
25 :  34
25 :  34
Initializing...
maxdom : 25
D->valSize : 625
Solving...
currentSize : 13 <-- 0.005686 s
currentSize : 14 <-- 0.006093 s
currentSize : 15 <-- 0.007617 s
currentSize : 16 <-- 0.030159 s
currentSize : 17 <-- 0.040827 s
currentSize : 18 <-- 0.325592 s
currentSize : 19 <-- 0.342516 s

maxsize : 19
nodes : 202594.000000
filtered : 2995418.000000
time : 0.807090
