Parameters: GAD=1 vflib=1 dir=0 label=0 lowerbound=1 fileNameGp=../../cp2016-max-common-connected-subgraph-paper/datasets/graphsdb/mcs30/bvg/b03/mcs30_b03_s30.A01 fileNameGt=../../cp2016-max-common-connected-subgraph-paper/datasets/graphsdb/mcs30/bvg/b03/mcs30_b03_s30.B01
Reading graphs...
30 :  43
30 :  44
Initializing...
maxdom : 30
D->valSize : 900
Solving...
currentSize : 7 <-- 0.011604 s
currentSize : 8 <-- 0.011636 s
currentSize : 10 <-- 0.011656 s
currentSize : 11 <-- 0.011680 s
currentSize : 14 <-- 0.011718 s
currentSize : 15 <-- 0.039781 s
currentSize : 16 <-- 0.141432 s
currentSize : 17 <-- 0.332137 s
currentSize : 18 <-- 3.149548 s
currentSize : 19 <-- 6.145299 s
currentSize : 20 <-- 11.372256 s
currentSize : 21 <-- 93.152153 s

maxsize : 21
nodes : 37751882.000000
filtered : 505054698.000000
time : 154.501312
