Parameters: GAD=1 vflib=1 dir=0 label=0 lowerbound=1 fileNameGp=../../cp2016-max-common-connected-subgraph-paper/datasets/graphsdb/mcs30/bvg/b06m/mcs30_b06m_s25.A07 fileNameGt=../../cp2016-max-common-connected-subgraph-paper/datasets/graphsdb/mcs30/bvg/b06m/mcs30_b06m_s25.B07
Reading graphs...
25 :  66
25 :  70
Initializing...
maxdom : 25
D->valSize : 625
Solving...
currentSize : 7 <-- 0.008377 s
currentSize : 10 <-- 0.008409 s
currentSize : 11 <-- 0.009326 s
currentSize : 12 <-- 0.010996 s
currentSize : 13 <-- 0.013919 s
currentSize : 14 <-- 0.133466 s
currentSize : 15 <-- 0.649128 s
currentSize : 16 <-- 7.346998 s

maxsize : 16
nodes : 2239773.000000
filtered : 43045277.000000
time : 9.530085
