Parameters: GAD=1 vflib=1 dir=0 label=0 lowerbound=1 fileNameGp=../../cp2016-max-common-connected-subgraph-paper/datasets/graphsdb/mcs30/rand/r01/mcs30_r01_s40.A01 fileNameGt=../../cp2016-max-common-connected-subgraph-paper/datasets/graphsdb/mcs30/rand/r01/mcs30_r01_s40.B01
Reading graphs...
40 :  150
40 :  148
Initializing...
maxdom : 40
D->valSize : 1600
Solving...
currentSize : 13 <-- 0.032571 s
currentSize : 14 <-- 0.032596 s
currentSize : 15 <-- 0.033077 s
currentSize : 16 <-- 0.038254 s
currentSize : 17 <-- 0.052395 s
currentSize : 18 <-- 0.062416 s
currentSize : 19 <-- 5.112950 s
currentSize : 20 <-- 26.311312 s
currentSize : 21 <-- 276.339630 s

TIMEOUT
maxsize : 21
nodes : 179463723.000000
filtered : 3884345310.000000
time : 1000.000061
