Parameters: GAD=1 vflib=1 dir=0 label=0 lowerbound=1 fileNameGp=../../cp2016-max-common-connected-subgraph-paper/datasets/graphsdb/mcs30/bvg/b06m/mcs30_b06m_s30.A03 fileNameGt=../../cp2016-max-common-connected-subgraph-paper/datasets/graphsdb/mcs30/bvg/b06m/mcs30_b06m_s30.B03
Reading graphs...
30 :  85
30 :  87
Initializing...
maxdom : 30
D->valSize : 900
Solving...
currentSize : 11 <-- 0.010259 s
currentSize : 13 <-- 0.010282 s
currentSize : 14 <-- 0.012555 s
currentSize : 15 <-- 0.014507 s
currentSize : 16 <-- 0.102996 s
currentSize : 17 <-- 2.561250 s
currentSize : 18 <-- 35.646500 s

maxsize : 18
nodes : 38694356.000000
filtered : 816864593.000000
time : 182.573273
