Parameters: GAD=1 vflib=1 dir=0 label=0 lowerbound=1 fileNameGp=../../cp2016-max-common-connected-subgraph-paper/datasets/graphsdb/mcs30/bvg/b03m/mcs30_b03m_s50.A05 fileNameGt=../../cp2016-max-common-connected-subgraph-paper/datasets/graphsdb/mcs30/bvg/b03m/mcs30_b03m_s50.B05
Reading graphs...
50 :  73
50 :  72
Initializing...
maxdom : 50
D->valSize : 2500
Solving...
currentSize : 23 <-- 0.119303 s
currentSize : 24 <-- 0.119335 s
currentSize : 26 <-- 0.326895 s
currentSize : 27 <-- 0.326915 s
currentSize : 28 <-- 0.339277 s
currentSize : 29 <-- 0.463291 s
currentSize : 30 <-- 2.625949 s
currentSize : 31 <-- 21.444788 s
currentSize : 32 <-- 45.786968 s
currentSize : 33 <-- 82.971489 s
currentSize : 34 <-- 298.342255 s
currentSize : 35 <-- 298.412354 s

TIMEOUT
maxsize : 35
nodes : 189632405.000000
filtered : 2699631348.000000
time : 1000.000061
