Parameters: GAD=1 vflib=1 dir=0 label=0 lowerbound=1 fileNameGp=../../cp2016-max-common-connected-subgraph-paper/datasets/graphsdb/mcs30/m2D/m2Dr4/mcs30_m2Dr4_s50.A09 fileNameGt=../../cp2016-max-common-connected-subgraph-paper/datasets/graphsdb/mcs30/m2D/m2Dr4/mcs30_m2Dr4_s50.B09
Reading graphs...
50 :  105
50 :  100
Initializing...
maxdom : 50
D->valSize : 2500
Solving...
currentSize : 20 <-- 0.114630 s
currentSize : 22 <-- 0.114694 s
currentSize : 23 <-- 0.115601 s
currentSize : 24 <-- 0.122041 s
currentSize : 25 <-- 0.332611 s
currentSize : 27 <-- 0.410714 s
currentSize : 28 <-- 29.366278 s
currentSize : 29 <-- 85.776245 s
currentSize : 30 <-- 197.463867 s
currentSize : 31 <-- 360.323364 s

TIMEOUT
maxsize : 31
nodes : 176945525.000000
filtered : 3327527651.000000
time : 1000.000061
