Parameters: GAD=1 vflib=1 dir=0 label=0 lowerbound=1 fileNameGp=../../cp2016-max-common-connected-subgraph-paper/datasets/graphsdb/mcs30/m3D/m3Dr4/mcs30_m3Dr4_s40.A01 fileNameGt=../../cp2016-max-common-connected-subgraph-paper/datasets/graphsdb/mcs30/m3D/m3Dr4/mcs30_m3Dr4_s40.B01
Reading graphs...
40 :  98
40 :  98
Initializing...
maxdom : 40
D->valSize : 1600
Solving...
currentSize : 16 <-- 0.034673 s
currentSize : 17 <-- 0.034725 s
currentSize : 18 <-- 0.050356 s
currentSize : 19 <-- 0.068879 s
currentSize : 20 <-- 0.217932 s
currentSize : 21 <-- 0.640239 s
currentSize : 22 <-- 2.156392 s
currentSize : 23 <-- 35.808723 s
currentSize : 24 <-- 938.273682 s

TIMEOUT
maxsize : 24
nodes : 186351388.000000
filtered : 3736967692.000000
time : 1000.000061
