Parameters: GAD=1 vflib=1 dir=0 label=0 lowerbound=1 fileNameGp=../../cp2016-max-common-connected-subgraph-paper/datasets/graphsdb/mcs30/bvg/b09m/mcs30_b09m_s40.A01 fileNameGt=../../cp2016-max-common-connected-subgraph-paper/datasets/graphsdb/mcs30/bvg/b09m/mcs30_b09m_s40.B01
Reading graphs...
40 :  170
40 :  168
Initializing...
maxdom : 40
D->valSize : 1600
Solving...
currentSize : 14 <-- 0.052945 s
currentSize : 16 <-- 0.052993 s
currentSize : 17 <-- 0.053046 s
currentSize : 18 <-- 0.194003 s
currentSize : 19 <-- 0.858845 s
currentSize : 20 <-- 8.888996 s
currentSize : 21 <-- 445.503967 s

TIMEOUT
maxsize : 21
nodes : 175579215.000000
filtered : 4301642601.000000
time : 1000.000061
