Parameters: GAD=1 vflib=1 dir=0 label=0 lowerbound=1 fileNameGp=../../cp2016-max-common-connected-subgraph-paper/datasets/graphsdb/mcs30/bvg/b06/mcs30_b06_s50.A04 fileNameGt=../../cp2016-max-common-connected-subgraph-paper/datasets/graphsdb/mcs30/bvg/b06/mcs30_b06_s50.B04
Reading graphs...
50 :  148
50 :  148
Initializing...
maxdom : 50
D->valSize : 2500
Solving...
currentSize : 16 <-- 0.115614 s
currentSize : 18 <-- 0.115640 s
currentSize : 19 <-- 0.115710 s
currentSize : 20 <-- 0.116215 s
currentSize : 21 <-- 0.118701 s
currentSize : 22 <-- 0.163522 s
currentSize : 23 <-- 0.508790 s
currentSize : 24 <-- 0.896834 s
currentSize : 25 <-- 25.760040 s
currentSize : 26 <-- 37.721565 s

TIMEOUT
maxsize : 26
nodes : 178710772.000000
filtered : 3573961431.000000
time : 1000.000061
