Parameters: GAD=1 vflib=1 dir=0 label=0 lowerbound=1 fileNameGp=../../cp2016-max-common-connected-subgraph-paper/datasets/graphsdb/mcs30/bvg/b09m/mcs30_b09m_s35.A02 fileNameGt=../../cp2016-max-common-connected-subgraph-paper/datasets/graphsdb/mcs30/bvg/b09m/mcs30_b09m_s35.B02
Reading graphs...
35 :  148
35 :  145
Initializing...
maxdom : 35
D->valSize : 1225
Solving...
currentSize : 12 <-- 0.018969 s
currentSize : 13 <-- 0.019140 s
currentSize : 14 <-- 0.022494 s
currentSize : 15 <-- 0.060124 s
currentSize : 16 <-- 0.069218 s
currentSize : 17 <-- 0.999017 s
currentSize : 18 <-- 2.592215 s

TIMEOUT
maxsize : 18
nodes : 185152182.000000
filtered : 4502097035.000000
time : 1000.000000
