Parameters: GAD=1 vflib=1 dir=0 label=0 lowerbound=1 fileNameGp=../../cp2016-max-common-connected-subgraph-paper/datasets/graphsdb/mcs30/rand/r01/mcs30_r01_s40.A02 fileNameGt=../../cp2016-max-common-connected-subgraph-paper/datasets/graphsdb/mcs30/rand/r01/mcs30_r01_s40.B02
Reading graphs...
40 :  149
40 :  146
Initializing...
maxdom : 40
D->valSize : 1600
Solving...
currentSize : 16 <-- 0.032752 s
currentSize : 17 <-- 0.033509 s
currentSize : 18 <-- 0.034312 s
currentSize : 19 <-- 0.038915 s
currentSize : 20 <-- 0.107710 s
currentSize : 21 <-- 36.709831 s
currentSize : 22 <-- 333.914642 s
currentSize : 23 <-- 945.793579 s

TIMEOUT
maxsize : 23
nodes : 168788415.000000
filtered : 4332243050.000000
time : 1000.000061
