Parameters: GAD=1 vflib=1 dir=0 label=0 lowerbound=1 fileNameGp=../../cp2016-max-common-connected-subgraph-paper/datasets/graphsdb/mcs30/bvg/b06m/mcs30_b06m_s35.A00 fileNameGt=../../cp2016-max-common-connected-subgraph-paper/datasets/graphsdb/mcs30/bvg/b06m/mcs30_b06m_s35.B00
Reading graphs...
35 :  100
35 :  101
Initializing...
maxdom : 35
D->valSize : 1225
Solving...
currentSize : 13 <-- 0.019410 s
currentSize : 14 <-- 0.019485 s
currentSize : 15 <-- 0.019519 s
currentSize : 16 <-- 0.021202 s
currentSize : 17 <-- 0.021248 s
currentSize : 18 <-- 0.024563 s
currentSize : 19 <-- 0.661539 s
currentSize : 20 <-- 1.140473 s
currentSize : 21 <-- 80.791870 s

TIMEOUT
maxsize : 21
nodes : 178360842.000000
filtered : 4603698352.000000
time : 1000.000061
