Parameters: GAD=1 vflib=1 dir=0 label=0 lowerbound=1 fileNameGp=../../cp2016-max-common-connected-subgraph-paper/datasets/graphsdb/mcs30/m4D/m4Dr4/mcs30_m4Dr4_s50.A02 fileNameGt=../../cp2016-max-common-connected-subgraph-paper/datasets/graphsdb/mcs30/m4D/m4Dr4/mcs30_m4Dr4_s50.B02
Reading graphs...
50 :  106
50 :  105
Initializing...
maxdom : 50
D->valSize : 2500
Solving...
currentSize : 21 <-- 0.094419 s
currentSize : 22 <-- 0.096382 s
currentSize : 23 <-- 0.103766 s
currentSize : 24 <-- 0.622416 s
currentSize : 25 <-- 1.159272 s
currentSize : 26 <-- 1.257138 s
currentSize : 27 <-- 1.981213 s
currentSize : 28 <-- 3.256173 s
currentSize : 29 <-- 19.845577 s
currentSize : 30 <-- 42.456917 s

TIMEOUT
maxsize : 30
nodes : 193424490.000000
filtered : 3300240527.000000
time : 1000.000061
