Parameters: GAD=1 vflib=1 dir=0 label=0 lowerbound=1 fileNameGp=../../cp2016-max-common-connected-subgraph-paper/datasets/graphsdb/mcs30/m4D/m4D/mcs30_m4D_s50.A06 fileNameGt=../../cp2016-max-common-connected-subgraph-paper/datasets/graphsdb/mcs30/m4D/m4D/mcs30_m4D_s50.B06
Reading graphs...
50 :  86
50 :  87
Initializing...
maxdom : 50
D->valSize : 2500
Solving...
currentSize : 22 <-- 0.097005 s
currentSize : 23 <-- 0.097978 s
currentSize : 24 <-- 0.104477 s
currentSize : 25 <-- 0.404712 s
currentSize : 26 <-- 0.411156 s
currentSize : 27 <-- 9.414906 s
currentSize : 28 <-- 43.898571 s
currentSize : 29 <-- 128.152618 s
currentSize : 30 <-- 128.152908 s

TIMEOUT
maxsize : 30
nodes : 257125037.000000
filtered : 1945239640.000000
time : 1000.000061
