Parameters: GAD=1 vflib=1 dir=0 label=0 lowerbound=1 fileNameGp=../../cp2016-max-common-connected-subgraph-paper/datasets/graphsdb/mcs30/bvg/b06m/mcs30_b06m_s40.A00 fileNameGt=../../cp2016-max-common-connected-subgraph-paper/datasets/graphsdb/mcs30/bvg/b06m/mcs30_b06m_s40.B00
Reading graphs...
40 :  116
40 :  116
Initializing...
maxdom : 40
D->valSize : 1600
Solving...
currentSize : 15 <-- 0.034029 s
currentSize : 17 <-- 0.034210 s
currentSize : 18 <-- 0.034564 s
currentSize : 19 <-- 0.044333 s
currentSize : 20 <-- 0.072067 s
currentSize : 21 <-- 0.962001 s
currentSize : 22 <-- 7.258053 s
currentSize : 23 <-- 892.480164 s

TIMEOUT
maxsize : 23
nodes : 183478499.000000
filtered : 3713880235.000000
time : 1000.000000
