Parameters: GAD=1 vflib=1 dir=0 label=0 lowerbound=1 fileNameGp=../../cp2016-max-common-connected-subgraph-paper/datasets/graphsdb/mcs30/bvg/b03m/mcs30_b03m_s50.A03 fileNameGt=../../cp2016-max-common-connected-subgraph-paper/datasets/graphsdb/mcs30/bvg/b03m/mcs30_b03m_s50.B03
Reading graphs...
50 :  74
50 :  74
Initializing...
maxdom : 50
D->valSize : 2500
Solving...
currentSize : 16 <-- 0.098603 s
currentSize : 17 <-- 0.098634 s
currentSize : 20 <-- 0.099903 s
currentSize : 21 <-- 0.099992 s
currentSize : 22 <-- 0.126871 s
currentSize : 23 <-- 0.164791 s
currentSize : 24 <-- 0.164843 s
currentSize : 25 <-- 1.062434 s
currentSize : 26 <-- 10.618383 s
currentSize : 27 <-- 10.763176 s
currentSize : 28 <-- 453.013855 s
currentSize : 29 <-- 534.224365 s

TIMEOUT
maxsize : 29
nodes : 269387667.000000
filtered : 2808373716.000000
time : 1000.000061
