Parameters: GAD=1 vflib=1 dir=0 label=0 lowerbound=1 fileNameGp=../../cp2016-max-common-connected-subgraph-paper/datasets/graphsdb/mcs30/bvg/b03/mcs30_b03_s25.A07 fileNameGt=../../cp2016-max-common-connected-subgraph-paper/datasets/graphsdb/mcs30/bvg/b03/mcs30_b03_s25.B07
Reading graphs...
25 :  37
25 :  36
Initializing...
maxdom : 25
D->valSize : 625
Solving...
currentSize : 11 <-- 0.005229 s
currentSize : 12 <-- 0.005260 s
currentSize : 13 <-- 0.006473 s
currentSize : 14 <-- 0.025231 s
currentSize : 15 <-- 0.432537 s
currentSize : 16 <-- 0.654970 s
currentSize : 17 <-- 3.428575 s

maxsize : 17
nodes : 2081749.000000
filtered : 22872974.000000
time : 6.857445
