Parameters: GAD=1 vflib=1 dir=0 label=0 lowerbound=1 fileNameGp=../../cp2016-max-common-connected-subgraph-paper/datasets/graphsdb/mcs30/bvg/b06m/mcs30_b06m_s50.A05 fileNameGt=../../cp2016-max-common-connected-subgraph-paper/datasets/graphsdb/mcs30/bvg/b06m/mcs30_b06m_s50.B05
Reading graphs...
50 :  143
50 :  144
Initializing...
maxdom : 50
D->valSize : 2500
Solving...
currentSize : 21 <-- 0.112376 s
currentSize : 22 <-- 0.112398 s
currentSize : 23 <-- 0.112458 s
currentSize : 24 <-- 0.112621 s
currentSize : 25 <-- 0.112823 s
currentSize : 26 <-- 16.227640 s
currentSize : 27 <-- 543.435791 s

TIMEOUT
maxsize : 27
nodes : 174157169.000000
filtered : 3441034557.000000
time : 1000.000061
