Parameters: GAD=1 vflib=1 dir=0 label=0 lowerbound=1 fileNameGp=../../cp2016-max-common-connected-subgraph-paper/datasets/graphsdb/mcs30/bvg/b06/mcs30_b06_s30.A04 fileNameGt=../../cp2016-max-common-connected-subgraph-paper/datasets/graphsdb/mcs30/bvg/b06/mcs30_b06_s30.B04
Reading graphs...
30 :  88
30 :  87
Initializing...
maxdom : 30
D->valSize : 900
Solving...
currentSize : 13 <-- 0.017531 s
currentSize : 14 <-- 0.017814 s
currentSize : 15 <-- 0.063863 s
currentSize : 16 <-- 0.073484 s
currentSize : 17 <-- 0.078106 s
currentSize : 18 <-- 1.300840 s

maxsize : 18
nodes : 22153608.000000
filtered : 486108005.000000
time : 107.522499
