Parameters: GAD=1 vflib=1 dir=0 label=0 lowerbound=1 fileNameGp=../../cp2016-max-common-connected-subgraph-paper/datasets/graphsdb/mcs30/bvg/b03/mcs30_b03_s30.A09 fileNameGt=../../cp2016-max-common-connected-subgraph-paper/datasets/graphsdb/mcs30/bvg/b03/mcs30_b03_s30.B09
Reading graphs...
30 :  45
30 :  45
Initializing...
maxdom : 30
D->valSize : 900
Solving...
currentSize : 10 <-- 0.011236 s
currentSize : 11 <-- 0.011487 s
currentSize : 14 <-- 0.011512 s
currentSize : 15 <-- 0.011915 s
currentSize : 16 <-- 0.031475 s
currentSize : 17 <-- 0.031508 s
currentSize : 18 <-- 0.032853 s
currentSize : 19 <-- 0.044163 s
currentSize : 20 <-- 1.676645 s
currentSize : 21 <-- 11.964169 s

maxsize : 21
nodes : 10680782.000000
filtered : 180285685.000000
time : 45.699024
