Parameters: GAD=1 vflib=1 dir=0 label=0 lowerbound=1 fileNameGp=../../cp2016-max-common-connected-subgraph-paper/datasets/graphsdb/mcs30/m3D/m3Dr2/mcs30_m3Dr2_s30.A03 fileNameGt=../../cp2016-max-common-connected-subgraph-paper/datasets/graphsdb/mcs30/m3D/m3Dr2/mcs30_m3Dr2_s30.B03
Reading graphs...
30 :  66
30 :  67
Initializing...
maxdom : 30
D->valSize : 900
Solving...
currentSize : 14 <-- 0.010680 s
currentSize : 15 <-- 0.010831 s
currentSize : 16 <-- 0.018621 s
currentSize : 17 <-- 0.029835 s
currentSize : 18 <-- 1.406381 s
currentSize : 19 <-- 3.108670 s
currentSize : 20 <-- 4.811397 s

maxsize : 20
nodes : 12448660.000000
filtered : 320361034.000000
time : 65.639709
