Parameters: GAD=1 vflib=1 dir=0 label=0 lowerbound=1 fileNameGp=../../cp2016-max-common-connected-subgraph-paper/datasets/graphsdb/mcs30/m3D/m3Dr2/mcs30_m3Dr2_s30.A05 fileNameGt=../../cp2016-max-common-connected-subgraph-paper/datasets/graphsdb/mcs30/m3D/m3Dr2/mcs30_m3Dr2_s30.B05
Reading graphs...
30 :  67
30 :  64
Initializing...
maxdom : 30
D->valSize : 900
Solving...
currentSize : 9 <-- 0.010479 s
currentSize : 10 <-- 0.010515 s
currentSize : 11 <-- 0.010540 s
currentSize : 12 <-- 0.010692 s
currentSize : 13 <-- 0.010702 s
currentSize : 14 <-- 0.013304 s
currentSize : 16 <-- 0.019035 s
currentSize : 17 <-- 0.019080 s
currentSize : 18 <-- 0.079841 s
currentSize : 19 <-- 2.379389 s

maxsize : 19
nodes : 26817921.000000
filtered : 610442760.000000
time : 126.525368
