Parameters: GAD=1 vflib=1 dir=0 label=0 lowerbound=1 fileNameGp=../../cp2016-max-common-connected-subgraph-paper/datasets/graphsdb/mcs30/m2D/m2Dr2/mcs30_m2Dr2_s30.A05 fileNameGt=../../cp2016-max-common-connected-subgraph-paper/datasets/graphsdb/mcs30/m2D/m2Dr2/mcs30_m2Dr2_s30.B05
Reading graphs...
30 :  54
30 :  53
Initializing...
maxdom : 30
D->valSize : 900
Solving...
currentSize : 12 <-- 0.019308 s
currentSize : 13 <-- 0.019335 s
currentSize : 14 <-- 0.019439 s
currentSize : 15 <-- 0.019463 s
currentSize : 17 <-- 0.032008 s
currentSize : 18 <-- 0.032907 s
currentSize : 19 <-- 0.118879 s
currentSize : 20 <-- 1.994812 s
currentSize : 21 <-- 16.035437 s

maxsize : 21
nodes : 11563571.000000
filtered : 245214430.000000
time : 54.083736
