Parameters: GAD=1 vflib=1 dir=0 label=0 lowerbound=1 fileNameGp=../../cp2016-max-common-connected-subgraph-paper/datasets/graphsdb/mcs30/m3D/m3Dr2/mcs30_m3Dr2_s30.A00 fileNameGt=../../cp2016-max-common-connected-subgraph-paper/datasets/graphsdb/mcs30/m3D/m3Dr2/mcs30_m3Dr2_s30.B00
Reading graphs...
30 :  67
30 :  65
Initializing...
maxdom : 30
D->valSize : 900
Solving...
currentSize : 10 <-- 0.010677 s
currentSize : 11 <-- 0.010754 s
currentSize : 14 <-- 0.010791 s
currentSize : 15 <-- 0.011078 s
currentSize : 16 <-- 0.012466 s
currentSize : 17 <-- 0.013093 s
currentSize : 18 <-- 0.019629 s
currentSize : 19 <-- 0.154371 s
currentSize : 20 <-- 19.750549 s

maxsize : 20
nodes : 12681385.000000
filtered : 324884036.000000
time : 65.021980
