Parameters: GAD=1 vflib=1 dir=0 label=0 lowerbound=1 fileNameGp=../../cp2016-max-common-connected-subgraph-paper/datasets/graphsdb/mcs30/m3D/m3Dr6/mcs30_m3Dr6_s40.A08 fileNameGt=../../cp2016-max-common-connected-subgraph-paper/datasets/graphsdb/mcs30/m3D/m3Dr6/mcs30_m3Dr6_s40.B08
Reading graphs...
40 :  104
40 :  105
Initializing...
maxdom : 40
D->valSize : 1600
Solving...
currentSize : 16 <-- 0.034297 s
currentSize : 17 <-- 0.035014 s
currentSize : 18 <-- 0.036291 s
currentSize : 19 <-- 0.047297 s
currentSize : 20 <-- 0.050595 s
currentSize : 21 <-- 0.067695 s
currentSize : 22 <-- 0.627837 s
currentSize : 23 <-- 2.162173 s
currentSize : 24 <-- 437.162750 s

TIMEOUT
maxsize : 24
nodes : 170819940.000000
filtered : 4476485586.000000
time : 1000.000061
