Parameters: GAD=1 vflib=1 dir=0 label=0 lowerbound=1 fileNameGp=../../cp2016-max-common-connected-subgraph-paper/datasets/graphsdb/mcs30/m2D/m2Dr6/mcs30_m2Dr6_s30.A03 fileNameGt=../../cp2016-max-common-connected-subgraph-paper/datasets/graphsdb/mcs30/m2D/m2Dr6/mcs30_m2Dr6_s30.B03
Reading graphs...
30 :  65
30 :  63
Initializing...
maxdom : 30
D->valSize : 900
Solving...
currentSize : 15 <-- 0.010664 s
currentSize : 16 <-- 0.011039 s
currentSize : 17 <-- 0.055701 s
currentSize : 18 <-- 0.728919 s
currentSize : 19 <-- 2.702019 s
currentSize : 20 <-- 4.138835 s

maxsize : 20
nodes : 5005099.000000
filtered : 126179976.000000
time : 24.828615
