Parameters: GAD=1 vflib=1 dir=0 label=0 lowerbound=1 fileNameGp=../../cp2016-max-common-connected-subgraph-paper/datasets/graphsdb/mcs30/bvg/b03m/mcs30_b03m_s50.A08 fileNameGt=../../cp2016-max-common-connected-subgraph-paper/datasets/graphsdb/mcs30/bvg/b03m/mcs30_b03m_s50.B08
Reading graphs...
50 :  75
50 :  75
Initializing...
maxdom : 50
D->valSize : 2500
Solving...
currentSize : 22 <-- 0.097389 s
currentSize : 24 <-- 0.097418 s
currentSize : 25 <-- 0.097699 s
currentSize : 26 <-- 0.121578 s
currentSize : 27 <-- 1.034492 s
currentSize : 28 <-- 33.849449 s
currentSize : 29 <-- 55.660622 s
currentSize : 30 <-- 785.351318 s
currentSize : 31 <-- 803.174316 s

TIMEOUT
maxsize : 31
nodes : 224121283.000000
filtered : 2766377963.000000
time : 1000.000061
