Parameters: GAD=1 vflib=1 dir=0 label=0 lowerbound=1 fileNameGp=../../cp2016-max-common-connected-subgraph-paper/datasets/graphsdb/mcs30/m2D/m2Dr6/mcs30_m2Dr6_s30.A07 fileNameGt=../../cp2016-max-common-connected-subgraph-paper/datasets/graphsdb/mcs30/m2D/m2Dr6/mcs30_m2Dr6_s30.B07
Reading graphs...
30 :  66
30 :  62
Initializing...
maxdom : 30
D->valSize : 900
Solving...
currentSize : 10 <-- 0.010561 s
currentSize : 11 <-- 0.010594 s
currentSize : 13 <-- 0.010642 s
currentSize : 14 <-- 0.011067 s
currentSize : 15 <-- 0.012139 s
currentSize : 16 <-- 0.014904 s
currentSize : 17 <-- 0.032115 s
currentSize : 18 <-- 0.160741 s
currentSize : 19 <-- 0.205581 s
currentSize : 20 <-- 79.924217 s

maxsize : 20
nodes : 23548599.000000
filtered : 524130747.000000
time : 113.116913
