Parameters: GAD=1 vflib=1 dir=0 label=0 lowerbound=1 fileNameGp=../../cp2016-max-common-connected-subgraph-paper/datasets/graphsdb/mcs30/m3D/m3Dr6/mcs30_m3Dr6_s30.A05 fileNameGt=../../cp2016-max-common-connected-subgraph-paper/datasets/graphsdb/mcs30/m3D/m3Dr6/mcs30_m3Dr6_s30.B05
Reading graphs...
30 :  74
30 :  75
Initializing...
maxdom : 30
D->valSize : 900
Solving...
currentSize : 9 <-- 0.018393 s
currentSize : 11 <-- 0.018449 s
currentSize : 12 <-- 0.018471 s
currentSize : 13 <-- 0.018833 s
currentSize : 14 <-- 0.020430 s
currentSize : 15 <-- 0.027513 s
currentSize : 16 <-- 0.035007 s
currentSize : 17 <-- 0.044360 s
currentSize : 18 <-- 0.066248 s
currentSize : 19 <-- 95.083931 s

maxsize : 19
nodes : 39007089.000000
filtered : 831541340.000000
time : 183.398270
