Parameters: GAD=1 vflib=1 dir=0 label=0 lowerbound=1 fileNameGp=../../cp2016-max-common-connected-subgraph-paper/datasets/graphsdb/mcs30/bvg/b03m/mcs30_b03m_s35.A01 fileNameGt=../../cp2016-max-common-connected-subgraph-paper/datasets/graphsdb/mcs30/bvg/b03m/mcs30_b03m_s35.B01
Reading graphs...
35 :  52
35 :  52
Initializing...
maxdom : 35
D->valSize : 1225
Solving...
currentSize : 15 <-- 0.036278 s
currentSize : 18 <-- 0.039560 s
currentSize : 19 <-- 0.172491 s
currentSize : 20 <-- 0.172536 s
currentSize : 21 <-- 0.204050 s
currentSize : 22 <-- 0.204262 s
currentSize : 23 <-- 3.795077 s
currentSize : 24 <-- 49.829563 s
currentSize : 25 <-- 309.321716 s

maxsize : 25
nodes : 138064504.000000
filtered : 2673617171.000000
time : 695.349304
