Parameters: GAD=1 vflib=1 dir=0 label=0 lowerbound=1 fileNameGp=../../cp2016-max-common-connected-subgraph-paper/datasets/graphsdb/mcs30/m2D/m2Dr4/mcs30_m2Dr4_s30.A09 fileNameGt=../../cp2016-max-common-connected-subgraph-paper/datasets/graphsdb/mcs30/m2D/m2Dr4/mcs30_m2Dr4_s30.B09
Reading graphs...
30 :  58
30 :  58
Initializing...
maxdom : 30
D->valSize : 900
Solving...
currentSize : 16 <-- 0.011039 s
currentSize : 17 <-- 0.011058 s
currentSize : 18 <-- 0.011136 s
currentSize : 19 <-- 0.017221 s
currentSize : 20 <-- 0.463344 s
currentSize : 21 <-- 11.575695 s

maxsize : 21
nodes : 10256645.000000
filtered : 242947017.000000
time : 51.886768
