Parameters: GAD=1 vflib=1 dir=0 label=0 lowerbound=1 fileNameGp=../../cp2016-max-common-connected-subgraph-paper/datasets/graphsdb/mcs30/bvg/b03m/mcs30_b03m_s40.A08 fileNameGt=../../cp2016-max-common-connected-subgraph-paper/datasets/graphsdb/mcs30/bvg/b03m/mcs30_b03m_s40.B08
Reading graphs...
40 :  59
40 :  58
Initializing...
maxdom : 40
D->valSize : 1600
Solving...
currentSize : 9 <-- 0.036348 s
currentSize : 14 <-- 0.036411 s
currentSize : 16 <-- 0.036432 s
currentSize : 20 <-- 0.036464 s
currentSize : 21 <-- 0.036865 s
currentSize : 22 <-- 0.319682 s
currentSize : 23 <-- 0.319928 s
currentSize : 24 <-- 48.337627 s
currentSize : 25 <-- 48.488373 s
currentSize : 26 <-- 93.940239 s
currentSize : 27 <-- 113.749191 s
currentSize : 28 <-- 113.831825 s
currentSize : 29 <-- 192.701675 s

TIMEOUT
maxsize : 29
nodes : 174408141.000000
filtered : 3794770900.000000
time : 1000.000061
