Parameters: GAD=1 vflib=1 dir=0 label=0 lowerbound=1 fileNameGp=../../cp2016-max-common-connected-subgraph-paper/datasets/graphsdb/mcs30/m3D/m3Dr2/mcs30_m3Dr2_s40.A09 fileNameGt=../../cp2016-max-common-connected-subgraph-paper/datasets/graphsdb/mcs30/m3D/m3Dr2/mcs30_m3Dr2_s40.B09
Reading graphs...
40 :  91
40 :  90
Initializing...
maxdom : 40
D->valSize : 1600
Solving...
currentSize : 17 <-- 0.035244 s
currentSize : 18 <-- 0.035266 s
currentSize : 19 <-- 0.036155 s
currentSize : 20 <-- 0.039264 s
currentSize : 21 <-- 0.714636 s
currentSize : 22 <-- 1.352167 s
currentSize : 23 <-- 8.529273 s
currentSize : 24 <-- 124.338379 s

TIMEOUT
maxsize : 24
nodes : 186723045.000000
filtered : 3729158639.000000
time : 1000.000000
