Parameters: GAD=1 vflib=1 dir=0 label=0 lowerbound=1 fileNameGp=../../cp2016-max-common-connected-subgraph-paper/datasets/graphsdb/mcs30/rand/r005/mcs30_r005_s30.A06 fileNameGt=../../cp2016-max-common-connected-subgraph-paper/datasets/graphsdb/mcs30/rand/r005/mcs30_r005_s30.B06
Reading graphs...
30 :  46
30 :  46
Initializing...
maxdom : 30
D->valSize : 900
Solving...
currentSize : 6 <-- 0.011194 s
currentSize : 7 <-- 0.011221 s
currentSize : 9 <-- 0.011240 s
currentSize : 12 <-- 0.011474 s
currentSize : 17 <-- 0.011499 s
currentSize : 18 <-- 0.055477 s
currentSize : 19 <-- 0.057017 s
currentSize : 20 <-- 0.074992 s
currentSize : 21 <-- 31.140574 s

maxsize : 21
nodes : 14852724.000000
filtered : 244942424.000000
time : 66.107903
