Parameters: GAD=1 vflib=1 dir=0 label=0 lowerbound=1 fileNameGp=../../cp2016-max-common-connected-subgraph-paper/datasets/graphsdb/mcs30/bvg/b03/mcs30_b03_s35.A08 fileNameGt=../../cp2016-max-common-connected-subgraph-paper/datasets/graphsdb/mcs30/bvg/b03/mcs30_b03_s35.B08
Reading graphs...
35 :  52
35 :  51
Initializing...
maxdom : 35
D->valSize : 1225
Solving...
currentSize : 17 <-- 0.020901 s
currentSize : 18 <-- 0.020950 s
currentSize : 19 <-- 0.020957 s
currentSize : 20 <-- 0.062136 s
currentSize : 22 <-- 0.113784 s
currentSize : 23 <-- 1.571413 s
currentSize : 24 <-- 85.037056 s

TIMEOUT
maxsize : 24
nodes : 211179908.000000
filtered : 3690486508.000000
time : 1000.000000
