Parameters: GAD=1 vflib=1 dir=0 label=0 lowerbound=1 fileNameGp=../../cp2016-max-common-connected-subgraph-paper/datasets/graphsdb/mcs30/bvg/b06/mcs30_b06_s30.A07 fileNameGt=../../cp2016-max-common-connected-subgraph-paper/datasets/graphsdb/mcs30/bvg/b06/mcs30_b06_s30.B07
Reading graphs...
30 :  89
30 :  86
Initializing...
maxdom : 30
D->valSize : 900
Solving...
currentSize : 9 <-- 0.017894 s
currentSize : 10 <-- 0.017920 s
currentSize : 11 <-- 0.017932 s
currentSize : 12 <-- 0.018031 s
currentSize : 13 <-- 0.026545 s
currentSize : 14 <-- 0.049772 s
currentSize : 15 <-- 0.169625 s
currentSize : 16 <-- 2.127221 s
currentSize : 17 <-- 2.980959 s
currentSize : 18 <-- 16.260969 s

maxsize : 18
nodes : 17397263.000000
filtered : 406263733.000000
time : 83.988800
