Parameters: GAD=1 vflib=1 dir=0 label=0 lowerbound=1 fileNameGp=../../cp2016-max-common-connected-subgraph-paper/datasets/graphsdb/mcs30/bvg/b03m/mcs30_b03m_s25.A09 fileNameGt=../../cp2016-max-common-connected-subgraph-paper/datasets/graphsdb/mcs30/bvg/b03m/mcs30_b03m_s25.B09
Reading graphs...
25 :  37
25 :  37
Initializing...
maxdom : 25
D->valSize : 625
Solving...
currentSize : 8 <-- 0.005240 s
currentSize : 9 <-- 0.005559 s
currentSize : 11 <-- 0.005591 s
currentSize : 13 <-- 0.005603 s
currentSize : 15 <-- 0.006316 s
currentSize : 16 <-- 0.006954 s
currentSize : 17 <-- 0.012960 s
currentSize : 18 <-- 0.371239 s

maxsize : 18
nodes : 445053.000000
filtered : 7811742.000000
time : 1.885701
