Parameters: GAD=1 vflib=1 dir=0 label=0 lowerbound=1 fileNameGp=../../cp2016-max-common-connected-subgraph-paper/datasets/graphsdb/mcs30/bvg/b09/mcs30_b09_s40.A04 fileNameGt=../../cp2016-max-common-connected-subgraph-paper/datasets/graphsdb/mcs30/bvg/b09/mcs30_b09_s40.B04
Reading graphs...
40 :  177
40 :  176
Initializing...
maxdom : 40
D->valSize : 1600
Solving...
currentSize : 12 <-- 0.031949 s
currentSize : 14 <-- 0.031992 s
currentSize : 15 <-- 0.032067 s
currentSize : 16 <-- 0.033434 s
currentSize : 17 <-- 0.144770 s
currentSize : 18 <-- 2.501168 s
currentSize : 19 <-- 85.646004 s
currentSize : 20 <-- 183.765137 s

TIMEOUT
maxsize : 20
nodes : 173599082.000000
filtered : 4519458694.000000
time : 1000.000061
