Parameters: GAD=1 vflib=1 dir=0 label=0 lowerbound=1 fileNameGp=../../cp2016-max-common-connected-subgraph-paper/datasets/graphsdb/mcs30/m3D/m3Dr6/mcs30_m3Dr6_s40.A02 fileNameGt=../../cp2016-max-common-connected-subgraph-paper/datasets/graphsdb/mcs30/m3D/m3Dr6/mcs30_m3Dr6_s40.B02
Reading graphs...
40 :  107
40 :  107
Initializing...
maxdom : 40
D->valSize : 1600
Solving...
currentSize : 18 <-- 0.034045 s
currentSize : 19 <-- 0.034194 s
currentSize : 20 <-- 0.035736 s
currentSize : 21 <-- 0.168547 s
currentSize : 22 <-- 0.430197 s
currentSize : 23 <-- 50.288113 s
currentSize : 24 <-- 227.903610 s

TIMEOUT
maxsize : 24
nodes : 167561535.000000
filtered : 4422177869.000000
time : 1000.000061
