Parameters: GAD=1 vflib=1 dir=0 label=0 lowerbound=1 fileNameGp=../../cp2016-max-common-connected-subgraph-paper/datasets/graphsdb/mcs30/m2D/m2Dr4/mcs30_m2Dr4_s30.A07 fileNameGt=../../cp2016-max-common-connected-subgraph-paper/datasets/graphsdb/mcs30/m2D/m2Dr4/mcs30_m2Dr4_s30.B07
Reading graphs...
30 :  61
30 :  60
Initializing...
maxdom : 30
D->valSize : 900
Solving...
currentSize : 11 <-- 0.018635 s
currentSize : 12 <-- 0.018804 s
currentSize : 13 <-- 0.019987 s
currentSize : 14 <-- 0.032910 s
currentSize : 15 <-- 0.200603 s
currentSize : 16 <-- 0.526343 s
currentSize : 17 <-- 5.348614 s
currentSize : 18 <-- 9.899386 s
currentSize : 19 <-- 84.977425 s

maxsize : 19
nodes : 57284168.000000
filtered : 821426689.000000
time : 223.239822
