Parameters: GAD=1 vflib=1 dir=0 label=0 lowerbound=1 fileNameGp=../../cp2016-max-common-connected-subgraph-paper/datasets/graphsdb/mcs30/m2D/m2Dr4/mcs30_m2Dr4_s30.A04 fileNameGt=../../cp2016-max-common-connected-subgraph-paper/datasets/graphsdb/mcs30/m2D/m2Dr4/mcs30_m2Dr4_s30.B04
Reading graphs...
30 :  61
30 :  60
Initializing...
maxdom : 30
D->valSize : 900
Solving...
currentSize : 12 <-- 0.010993 s
currentSize : 14 <-- 0.011080 s
currentSize : 15 <-- 0.097086 s
currentSize : 16 <-- 0.164143 s
currentSize : 17 <-- 0.553045 s
currentSize : 19 <-- 0.721143 s
currentSize : 20 <-- 18.217978 s

maxsize : 20
nodes : 18347877.000000
filtered : 399041469.000000
time : 88.865646
