Parameters: GAD=1 vflib=1 dir=0 label=0 lowerbound=1 fileNameGp=../../cp2016-max-common-connected-subgraph-paper/datasets/graphsdb/mcs30/m2D/m2D/mcs30_m2D_s50.A00 fileNameGt=../../cp2016-max-common-connected-subgraph-paper/datasets/graphsdb/mcs30/m2D/m2D/mcs30_m2D_s50.B00
Reading graphs...
50 :  85
50 :  83
Initializing...
maxdom : 50
D->valSize : 2500
Solving...
currentSize : 23 <-- 0.096743 s
currentSize : 28 <-- 0.096826 s
currentSize : 29 <-- 0.096973 s
currentSize : 30 <-- 14.152566 s
currentSize : 31 <-- 487.775543 s
currentSize : 32 <-- 574.283081 s
currentSize : 33 <-- 613.838257 s
currentSize : 34 <-- 689.325989 s

TIMEOUT
maxsize : 34
nodes : 218192435.000000
filtered : 2876335980.000000
time : 1000.000061
