Parameters: GAD=1 vflib=1 dir=0 label=0 lowerbound=1 fileNameGp=../../cp2016-max-common-connected-subgraph-paper/datasets/graphsdb/mcs30/rand/r01/mcs30_r01_s30.A08 fileNameGt=../../cp2016-max-common-connected-subgraph-paper/datasets/graphsdb/mcs30/rand/r01/mcs30_r01_s30.B08
Reading graphs...
30 :  85
30 :  83
Initializing...
maxdom : 30
D->valSize : 900
Solving...
currentSize : 13 <-- 0.009974 s
currentSize : 14 <-- 0.010657 s
currentSize : 15 <-- 0.013207 s
currentSize : 16 <-- 0.014883 s
currentSize : 17 <-- 0.028680 s
currentSize : 18 <-- 0.060403 s

maxsize : 18
nodes : 47942734.000000
filtered : 1009226602.000000
time : 225.585419
