Parameters: GAD=1 vflib=1 dir=0 label=0 lowerbound=1 fileNameGp=../../cp2016-max-common-connected-subgraph-paper/datasets/graphsdb/mcs30/bvg/b03/mcs30_b03_s30.A03 fileNameGt=../../cp2016-max-common-connected-subgraph-paper/datasets/graphsdb/mcs30/bvg/b03/mcs30_b03_s30.B03
Reading graphs...
30 :  45
30 :  44
Initializing...
maxdom : 30
D->valSize : 900
Solving...
currentSize : 13 <-- 0.011783 s
currentSize : 14 <-- 0.012458 s
currentSize : 15 <-- 0.013016 s
currentSize : 16 <-- 0.015870 s
currentSize : 17 <-- 0.016808 s
currentSize : 18 <-- 0.077249 s
currentSize : 19 <-- 0.792543 s
currentSize : 20 <-- 5.830308 s
currentSize : 21 <-- 9.040861 s

maxsize : 21
nodes : 23094880.000000
filtered : 406351243.000000
time : 100.084702
