Parameters: GAD=1 vflib=1 dir=0 label=0 lowerbound=1 fileNameGp=../../cp2016-max-common-connected-subgraph-paper/datasets/graphsdb/mcs30/m3D/m3Dr6/mcs30_m3Dr6_s30.A02 fileNameGt=../../cp2016-max-common-connected-subgraph-paper/datasets/graphsdb/mcs30/m3D/m3Dr6/mcs30_m3Dr6_s30.B02
Reading graphs...
30 :  78
30 :  75
Initializing...
maxdom : 30
D->valSize : 900
Solving...
currentSize : 14 <-- 0.010673 s
currentSize : 15 <-- 0.071300 s
currentSize : 16 <-- 0.552821 s
currentSize : 17 <-- 1.004805 s
currentSize : 18 <-- 18.872814 s
currentSize : 19 <-- 161.342255 s

maxsize : 19
nodes : 36835258.000000
filtered : 733525701.000000
time : 169.861130
