Parameters: GAD=1 vflib=1 dir=0 label=0 lowerbound=1 fileNameGp=../../cp2016-max-common-connected-subgraph-paper/datasets/graphsdb/mcs30/bvg/b06m/mcs30_b06m_s35.A06 fileNameGt=../../cp2016-max-common-connected-subgraph-paper/datasets/graphsdb/mcs30/bvg/b06m/mcs30_b06m_s35.B06
Reading graphs...
35 :  101
35 :  98
Initializing...
maxdom : 35
D->valSize : 1225
Solving...
currentSize : 14 <-- 0.019401 s
currentSize : 15 <-- 0.019446 s
currentSize : 16 <-- 0.020034 s
currentSize : 17 <-- 0.025975 s
currentSize : 18 <-- 0.072869 s
currentSize : 19 <-- 1.227542 s
currentSize : 20 <-- 6.562470 s
currentSize : 21 <-- 770.092407 s

TIMEOUT
maxsize : 21
nodes : 195861261.000000
filtered : 4237700207.000000
time : 1000.000000
