Parameters: GAD=1 vflib=1 dir=0 label=0 lowerbound=1 fileNameGp=../../cp2016-max-common-connected-subgraph-paper/datasets/graphsdb/mcs30/bvg/b03m/mcs30_b03m_s35.A04 fileNameGt=../../cp2016-max-common-connected-subgraph-paper/datasets/graphsdb/mcs30/bvg/b03m/mcs30_b03m_s35.B04
Reading graphs...
35 :  51
35 :  51
Initializing...
maxdom : 35
D->valSize : 1225
Solving...
currentSize : 14 <-- 0.020818 s
currentSize : 15 <-- 0.021253 s
currentSize : 16 <-- 0.021849 s
currentSize : 18 <-- 0.021860 s
currentSize : 19 <-- 0.089467 s
currentSize : 20 <-- 0.089759 s
currentSize : 21 <-- 0.147651 s
currentSize : 22 <-- 0.179555 s
currentSize : 23 <-- 8.638428 s
currentSize : 24 <-- 19.841181 s
currentSize : 25 <-- 386.936646 s

maxsize : 25
nodes : 158238020.000000
filtered : 3011520789.000000
time : 792.295288
