Parameters: GAD=1 vflib=1 dir=0 label=0 lowerbound=1 fileNameGp=../../cp2016-max-common-connected-subgraph-paper/datasets/graphsdb/mcs30/rand/r005/mcs30_r005_s40.A00 fileNameGt=../../cp2016-max-common-connected-subgraph-paper/datasets/graphsdb/mcs30/rand/r005/mcs30_r005_s40.B00
Reading graphs...
40 :  81
40 :  82
Initializing...
maxdom : 40
D->valSize : 1600
Solving...
currentSize : 17 <-- 0.060775 s
currentSize : 18 <-- 0.060806 s
currentSize : 19 <-- 0.060813 s
currentSize : 20 <-- 0.061646 s
currentSize : 21 <-- 0.088069 s
currentSize : 22 <-- 0.110358 s
currentSize : 23 <-- 0.131095 s
currentSize : 24 <-- 0.556213 s
currentSize : 25 <-- 455.663971 s
currentSize : 26 <-- 460.457794 s

TIMEOUT
maxsize : 26
nodes : 175008800.000000
filtered : 4050006407.000000
time : 1000.000061
