Parameters: GAD=1 vflib=1 dir=0 label=0 lowerbound=1 fileNameGp=../../cp2016-max-common-connected-subgraph-paper/datasets/graphsdb/mcs30/bvg/b03/mcs30_b03_s25.A00 fileNameGt=../../cp2016-max-common-connected-subgraph-paper/datasets/graphsdb/mcs30/bvg/b03/mcs30_b03_s25.B00
Reading graphs...
25 :  37
25 :  37
Initializing...
maxdom : 25
D->valSize : 625
Solving...
currentSize : 6 <-- 0.009173 s
currentSize : 7 <-- 0.009196 s
currentSize : 10 <-- 0.009503 s
currentSize : 11 <-- 0.009736 s
currentSize : 12 <-- 0.031218 s
currentSize : 13 <-- 0.057260 s
currentSize : 14 <-- 0.058516 s
currentSize : 15 <-- 0.178130 s
currentSize : 16 <-- 1.273601 s
currentSize : 17 <-- 2.759665 s

maxsize : 17
nodes : 2754612.000000
filtered : 32399362.000000
time : 8.884953
