Parameters: GAD=1 vflib=1 dir=0 label=0 lowerbound=1 fileNameGp=../../cp2016-max-common-connected-subgraph-paper/datasets/graphsdb/mcs30/m2D/m2Dr2/mcs30_m2Dr2_s30.A04 fileNameGt=../../cp2016-max-common-connected-subgraph-paper/datasets/graphsdb/mcs30/m2D/m2Dr2/mcs30_m2Dr2_s30.B04
Reading graphs...
30 :  54
30 :  54
Initializing...
maxdom : 30
D->valSize : 900
Solving...
currentSize : 12 <-- 0.011302 s
currentSize : 16 <-- 0.011327 s
currentSize : 17 <-- 0.011637 s
currentSize : 18 <-- 0.107006 s
currentSize : 19 <-- 0.252985 s
currentSize : 20 <-- 0.690834 s
currentSize : 21 <-- 2.871579 s

maxsize : 21
nodes : 9348957.000000
filtered : 222817382.000000
time : 47.545738
