Parameters: GAD=1 vflib=1 dir=0 label=0 lowerbound=1 fileNameGp=../../cp2016-max-common-connected-subgraph-paper/datasets/graphsdb/mcs30/bvg/b09m/mcs30_b09m_s40.A02 fileNameGt=../../cp2016-max-common-connected-subgraph-paper/datasets/graphsdb/mcs30/bvg/b09m/mcs30_b09m_s40.B02
Reading graphs...
40 :  171
40 :  167
Initializing...
maxdom : 40
D->valSize : 1600
Solving...
currentSize : 13 <-- 0.032666 s
currentSize : 14 <-- 0.032726 s
currentSize : 15 <-- 0.033111 s
currentSize : 16 <-- 0.033973 s
currentSize : 17 <-- 0.179867 s
currentSize : 18 <-- 4.456229 s
currentSize : 19 <-- 11.782966 s
currentSize : 20 <-- 222.735840 s

TIMEOUT
maxsize : 20
nodes : 184499359.000000
filtered : 4115442461.000000
time : 1000.000000
