Parameters: GAD=1 vflib=1 dir=0 label=0 lowerbound=1 fileNameGp=../../cp2016-max-common-connected-subgraph-paper/datasets/graphsdb/mcs30/m4D/m4D/mcs30_m4D_s50.A07 fileNameGt=../../cp2016-max-common-connected-subgraph-paper/datasets/graphsdb/mcs30/m4D/m4D/mcs30_m4D_s50.B07
Reading graphs...
50 :  86
50 :  87
Initializing...
maxdom : 50
D->valSize : 2500
Solving...
currentSize : 9 <-- 0.137489 s
currentSize : 10 <-- 0.137564 s
currentSize : 18 <-- 0.139284 s
currentSize : 19 <-- 0.139311 s
currentSize : 22 <-- 0.139356 s
currentSize : 23 <-- 0.139549 s
currentSize : 24 <-- 0.140870 s
currentSize : 25 <-- 0.141549 s
currentSize : 26 <-- 0.150070 s
currentSize : 27 <-- 0.150110 s
currentSize : 28 <-- 0.212298 s
currentSize : 29 <-- 0.216402 s
currentSize : 30 <-- 0.216415 s

TIMEOUT
maxsize : 30
nodes : 209897666.000000
filtered : 2525437256.000000
time : 1000.000061
