Parameters: GAD=1 vflib=1 dir=0 label=0 lowerbound=1 fileNameGp=../../cp2016-max-common-connected-subgraph-paper/datasets/graphsdb/mcs30/bvg/b03m/mcs30_b03m_s50.A04 fileNameGt=../../cp2016-max-common-connected-subgraph-paper/datasets/graphsdb/mcs30/bvg/b03m/mcs30_b03m_s50.B04
Reading graphs...
50 :  73
50 :  74
Initializing...
maxdom : 50
D->valSize : 2500
Solving...
currentSize : 20 <-- 0.127974 s
currentSize : 21 <-- 0.128065 s
currentSize : 23 <-- 0.129632 s
currentSize : 24 <-- 0.130221 s
currentSize : 25 <-- 2.320593 s
currentSize : 26 <-- 2.749456 s
currentSize : 27 <-- 48.094368 s
currentSize : 28 <-- 162.447250 s
currentSize : 29 <-- 162.795654 s
currentSize : 30 <-- 172.368240 s
currentSize : 31 <-- 251.292389 s
currentSize : 32 <-- 268.405762 s
currentSize : 33 <-- 268.827667 s

TIMEOUT
maxsize : 33
nodes : 178900932.000000
filtered : 2800262556.000000
time : 1000.000061
