Parameters: GAD=1 vflib=1 dir=0 label=0 lowerbound=1 fileNameGp=../../cp2016-max-common-connected-subgraph-paper/datasets/graphsdb/mcs30/bvg/b03/mcs30_b03_s50.A05 fileNameGt=../../cp2016-max-common-connected-subgraph-paper/datasets/graphsdb/mcs30/bvg/b03/mcs30_b03_s50.B05
Reading graphs...
50 :  75
50 :  75
Initializing...
maxdom : 50
D->valSize : 2500
Solving...
currentSize : 22 <-- 0.125574 s
currentSize : 23 <-- 0.125864 s
currentSize : 24 <-- 0.125889 s
currentSize : 25 <-- 0.125909 s
currentSize : 26 <-- 0.126638 s
currentSize : 27 <-- 0.876901 s
currentSize : 28 <-- 2.589981 s
currentSize : 29 <-- 23.869598 s

TIMEOUT
maxsize : 29
nodes : 276070419.000000
filtered : 2304104302.000000
time : 1000.000000
