Parameters: GAD=1 vflib=1 dir=0 label=0 lowerbound=1 fileNameGp=../../cp2016-max-common-connected-subgraph-paper/datasets/graphsdb/mcs30/bvg/b06m/mcs30_b06m_s35.A05 fileNameGt=../../cp2016-max-common-connected-subgraph-paper/datasets/graphsdb/mcs30/bvg/b06m/mcs30_b06m_s35.B05
Reading graphs...
35 :  103
35 :  103
Initializing...
maxdom : 35
D->valSize : 1225
Solving...
currentSize : 13 <-- 0.034004 s
currentSize : 14 <-- 0.034081 s
currentSize : 15 <-- 0.034350 s
currentSize : 16 <-- 0.034569 s
currentSize : 17 <-- 0.034609 s
currentSize : 18 <-- 0.733907 s
currentSize : 19 <-- 1.072363 s
currentSize : 20 <-- 57.522091 s

TIMEOUT
maxsize : 20
nodes : 188363138.000000
filtered : 4494524711.000000
time : 1000.000000
