Parameters: GAD=1 vflib=1 dir=0 label=0 lowerbound=1 fileNameGp=../../cp2016-max-common-connected-subgraph-paper/datasets/graphsdb/mcs30/rand/r005/mcs30_r005_s40.A02 fileNameGt=../../cp2016-max-common-connected-subgraph-paper/datasets/graphsdb/mcs30/rand/r005/mcs30_r005_s40.B02
Reading graphs...
40 :  82
40 :  80
Initializing...
maxdom : 40
D->valSize : 1600
Solving...
currentSize : 16 <-- 0.035361 s
currentSize : 17 <-- 0.036037 s
currentSize : 18 <-- 0.043197 s
currentSize : 19 <-- 0.120076 s
currentSize : 20 <-- 0.323642 s
currentSize : 21 <-- 0.991250 s
currentSize : 22 <-- 1.798842 s
currentSize : 23 <-- 48.491150 s
currentSize : 24 <-- 83.115219 s
currentSize : 25 <-- 147.478134 s
currentSize : 26 <-- 238.685028 s
currentSize : 27 <-- 744.513000 s

TIMEOUT
maxsize : 27
nodes : 164480858.000000
filtered : 4177557500.000000
time : 1000.000061
