Parameters: GAD=1 vflib=1 dir=0 label=0 lowerbound=1 fileNameGp=../../cp2016-max-common-connected-subgraph-paper/datasets/graphsdb/mcs30/m3D/m3Dr6/mcs30_m3Dr6_s30.A01 fileNameGt=../../cp2016-max-common-connected-subgraph-paper/datasets/graphsdb/mcs30/m3D/m3Dr6/mcs30_m3Dr6_s30.B01
Reading graphs...
30 :  75
30 :  74
Initializing...
maxdom : 30
D->valSize : 900
Solving...
currentSize : 9 <-- 0.018480 s
currentSize : 10 <-- 0.018521 s
currentSize : 13 <-- 0.018551 s
currentSize : 14 <-- 0.022084 s
currentSize : 15 <-- 0.029575 s
currentSize : 16 <-- 0.066848 s
currentSize : 17 <-- 0.068612 s
currentSize : 18 <-- 0.193234 s
currentSize : 19 <-- 25.537632 s

maxsize : 19
nodes : 30699782.000000
filtered : 673626797.000000
time : 150.312683
