Parameters: GAD=1 vflib=1 dir=0 label=0 lowerbound=1 fileNameGp=../../cp2016-max-common-connected-subgraph-paper/datasets/graphsdb/mcs30/m3D/m3Dr2/mcs30_m3Dr2_s30.A09 fileNameGt=../../cp2016-max-common-connected-subgraph-paper/datasets/graphsdb/mcs30/m3D/m3Dr2/mcs30_m3Dr2_s30.B09
Reading graphs...
30 :  66
30 :  65
Initializing...
maxdom : 30
D->valSize : 900
Solving...
currentSize : 13 <-- 0.011282 s
currentSize : 14 <-- 0.012616 s
currentSize : 15 <-- 0.014087 s
currentSize : 16 <-- 0.060792 s
currentSize : 17 <-- 0.214662 s
currentSize : 18 <-- 0.241567 s
currentSize : 19 <-- 2.252887 s

maxsize : 19
nodes : 35469879.000000
filtered : 717871992.000000
time : 166.606400
