Parameters: GAD=1 vflib=1 dir=0 label=0 lowerbound=1 fileNameGp=../../cp2016-max-common-connected-subgraph-paper/datasets/graphsdb/mcs30/bvg/b09/mcs30_b09_s50.A03 fileNameGt=../../cp2016-max-common-connected-subgraph-paper/datasets/graphsdb/mcs30/bvg/b09/mcs30_b09_s50.B03
Reading graphs...
50 :  221
50 :  217
Initializing...
maxdom : 50
D->valSize : 2500
Solving...
currentSize : 16 <-- 0.085900 s
currentSize : 17 <-- 0.085933 s
currentSize : 18 <-- 0.086151 s
currentSize : 19 <-- 0.087881 s
currentSize : 20 <-- 0.152809 s
currentSize : 21 <-- 0.182754 s
currentSize : 22 <-- 15.828842 s
currentSize : 23 <-- 151.294388 s

TIMEOUT
maxsize : 23
nodes : 169141487.000000
filtered : 4128671036.000000
time : 1000.000061
