Parameters: GAD=1 vflib=1 dir=0 label=0 lowerbound=1 fileNameGp=../../cp2016-max-common-connected-subgraph-paper/datasets/graphsdb/mcs30/m3D/m3D/mcs30_m3D_s40.A01 fileNameGt=../../cp2016-max-common-connected-subgraph-paper/datasets/graphsdb/mcs30/m3D/m3D/mcs30_m3D_s40.B01
Reading graphs...
40 :  83
40 :  82
Initializing...
maxdom : 40
D->valSize : 1600
Solving...
currentSize : 17 <-- 0.035239 s
currentSize : 18 <-- 0.036993 s
currentSize : 19 <-- 0.044533 s
currentSize : 21 <-- 0.112336 s
currentSize : 22 <-- 0.221361 s
currentSize : 23 <-- 16.040316 s
currentSize : 24 <-- 26.823284 s
currentSize : 25 <-- 251.304611 s
currentSize : 26 <-- 379.175018 s
currentSize : 27 <-- 705.997437 s

TIMEOUT
maxsize : 27
nodes : 174456188.000000
filtered : 3932618973.000000
time : 1000.000000
