Parameters: GAD=1 vflib=1 dir=0 label=0 lowerbound=1 fileNameGp=../../cp2016-max-common-connected-subgraph-paper/datasets/graphsdb/mcs30/m2D/m2Dr6/mcs30_m2Dr6_s50.A04 fileNameGt=../../cp2016-max-common-connected-subgraph-paper/datasets/graphsdb/mcs30/m2D/m2Dr6/mcs30_m2Dr6_s50.B04
Reading graphs...
50 :  114
50 :  114
Initializing...
maxdom : 50
D->valSize : 2500
Solving...
currentSize : 21 <-- 0.094889 s
currentSize : 22 <-- 0.094912 s
currentSize : 23 <-- 0.095053 s
currentSize : 24 <-- 0.095924 s
currentSize : 25 <-- 0.481537 s
currentSize : 26 <-- 0.491139 s
currentSize : 27 <-- 9.337329 s
currentSize : 28 <-- 53.883945 s
currentSize : 29 <-- 80.419708 s
currentSize : 30 <-- 259.918793 s

TIMEOUT
maxsize : 30
nodes : 164568576.000000
filtered : 3392446477.000000
time : 1000.000061
