Parameters: GAD=1 vflib=1 dir=0 label=0 lowerbound=1 fileNameGp=../../cp2016-max-common-connected-subgraph-paper/datasets/graphsdb/mcs30/bvg/b06m/mcs30_b06m_s40.A05 fileNameGt=../../cp2016-max-common-connected-subgraph-paper/datasets/graphsdb/mcs30/bvg/b06m/mcs30_b06m_s40.B05
Reading graphs...
40 :  113
40 :  117
Initializing...
maxdom : 40
D->valSize : 1600
Solving...
currentSize : 14 <-- 0.059272 s
currentSize : 15 <-- 0.059296 s
currentSize : 16 <-- 0.059379 s
currentSize : 17 <-- 0.062494 s
currentSize : 18 <-- 0.066876 s
currentSize : 19 <-- 0.208850 s
currentSize : 20 <-- 0.253079 s
currentSize : 21 <-- 1.890431 s
currentSize : 22 <-- 2.927034 s
currentSize : 23 <-- 5.738413 s
currentSize : 24 <-- 21.712521 s

TIMEOUT
maxsize : 24
nodes : 156227346.000000
filtered : 4654020492.000000
time : 1000.000061
