Parameters: GAD=1 vflib=1 dir=0 label=0 lowerbound=1 fileNameGp=../../cp2016-max-common-connected-subgraph-paper/datasets/graphsdb/mcs30/m2D/m2Dr6/mcs30_m2Dr6_s50.A08 fileNameGt=../../cp2016-max-common-connected-subgraph-paper/datasets/graphsdb/mcs30/m2D/m2Dr6/mcs30_m2Dr6_s50.B08
Reading graphs...
50 :  113
50 :  112
Initializing...
maxdom : 50
D->valSize : 2500
Solving...
currentSize : 20 <-- 0.094144 s
currentSize : 21 <-- 0.094179 s
currentSize : 22 <-- 0.094629 s
currentSize : 23 <-- 0.264441 s
currentSize : 24 <-- 0.264611 s
currentSize : 25 <-- 4.116277 s
currentSize : 26 <-- 141.204849 s
currentSize : 27 <-- 141.205231 s
currentSize : 28 <-- 164.850479 s
currentSize : 29 <-- 322.775848 s

TIMEOUT
maxsize : 29
nodes : 190269591.000000
filtered : 3077667622.000000
time : 1000.000061
