Parameters: GAD=1 vflib=1 dir=0 label=0 lowerbound=1 fileNameGp=../../cp2016-max-common-connected-subgraph-paper/datasets/graphsdb/mcs30/m3D/m3D/mcs30_m3D_s30.A01 fileNameGt=../../cp2016-max-common-connected-subgraph-paper/datasets/graphsdb/mcs30/m3D/m3D/mcs30_m3D_s30.B01
Reading graphs...
30 :  60
30 :  59
Initializing...
maxdom : 30
D->valSize : 900
Solving...
currentSize : 14 <-- 0.018988 s
currentSize : 15 <-- 0.020766 s
currentSize : 16 <-- 0.116662 s
currentSize : 17 <-- 0.184625 s
currentSize : 18 <-- 0.204176 s
currentSize : 19 <-- 0.326206 s
currentSize : 20 <-- 0.840965 s

maxsize : 20
nodes : 23439759.000000
filtered : 528986969.000000
time : 114.037224
