Parameters: GAD=1 vflib=1 dir=0 label=0 lowerbound=1 fileNameGp=../../cp2016-max-common-connected-subgraph-paper/datasets/graphsdb/mcs30/bvg/b09m/mcs30_b09m_s35.A04 fileNameGt=../../cp2016-max-common-connected-subgraph-paper/datasets/graphsdb/mcs30/bvg/b09m/mcs30_b09m_s35.B04
Reading graphs...
35 :  143
35 :  143
Initializing...
maxdom : 35
D->valSize : 1225
Solving...
currentSize : 10 <-- 0.031760 s
currentSize : 12 <-- 0.031803 s
currentSize : 13 <-- 0.031906 s
currentSize : 14 <-- 0.032075 s
currentSize : 15 <-- 0.039234 s
currentSize : 16 <-- 0.123621 s
currentSize : 17 <-- 2.130818 s
currentSize : 18 <-- 8.746820 s

TIMEOUT
maxsize : 18
nodes : 198050235.000000
filtered : 4104636464.000000
time : 1000.000061
