Parameters: GAD=1 vflib=1 dir=0 label=0 lowerbound=1 fileNameGp=../../cp2016-max-common-connected-subgraph-paper/datasets/graphsdb/mcs30/m4D/m4D/mcs30_m4D_s50.A01 fileNameGt=../../cp2016-max-common-connected-subgraph-paper/datasets/graphsdb/mcs30/m4D/m4D/mcs30_m4D_s50.B01
Reading graphs...
50 :  87
50 :  87
Initializing...
maxdom : 50
D->valSize : 2500
Solving...
currentSize : 22 <-- 0.096717 s
currentSize : 23 <-- 0.096808 s
currentSize : 25 <-- 0.096874 s
currentSize : 26 <-- 0.097083 s
currentSize : 27 <-- 0.097910 s
currentSize : 28 <-- 0.479499 s
currentSize : 29 <-- 50.497040 s
currentSize : 30 <-- 146.980515 s

TIMEOUT
maxsize : 30
nodes : 214032640.000000
filtered : 2359021960.000000
time : 1000.000061
