Parameters: GAD=1 vflib=1 dir=0 label=0 lowerbound=1 fileNameGp=../../cp2016-max-common-connected-subgraph-paper/datasets/graphsdb/mcs30/m3D/m3Dr2/mcs30_m3Dr2_s40.A02 fileNameGt=../../cp2016-max-common-connected-subgraph-paper/datasets/graphsdb/mcs30/m3D/m3Dr2/mcs30_m3Dr2_s40.B02
Reading graphs...
40 :  89
40 :  90
Initializing...
maxdom : 40
D->valSize : 1600
Solving...
currentSize : 15 <-- 0.060959 s
currentSize : 16 <-- 0.061057 s
currentSize : 17 <-- 0.068686 s
currentSize : 18 <-- 0.069083 s
currentSize : 19 <-- 0.107046 s
currentSize : 20 <-- 0.207963 s
currentSize : 21 <-- 0.310644 s
currentSize : 22 <-- 2.914941 s
currentSize : 23 <-- 2.919935 s
currentSize : 24 <-- 260.335846 s

TIMEOUT
maxsize : 24
nodes : 177025732.000000
filtered : 3864116534.000000
time : 1000.000000
