Parameters: GAD=1 vflib=1 dir=0 label=0 lowerbound=1 fileNameGp=../../cp2016-max-common-connected-subgraph-paper/datasets/graphsdb/mcs30/m4D/m4D/mcs30_m4D_s50.A03 fileNameGt=../../cp2016-max-common-connected-subgraph-paper/datasets/graphsdb/mcs30/m4D/m4D/mcs30_m4D_s50.B03
Reading graphs...
50 :  85
50 :  87
Initializing...
maxdom : 50
D->valSize : 2500
Solving...
currentSize : 21 <-- 0.115716 s
currentSize : 22 <-- 0.115757 s
currentSize : 23 <-- 0.115908 s
currentSize : 24 <-- 0.117062 s
currentSize : 25 <-- 0.136171 s
currentSize : 26 <-- 0.268838 s
currentSize : 27 <-- 0.315519 s
currentSize : 28 <-- 23.498632 s
currentSize : 29 <-- 23.508272 s
currentSize : 30 <-- 218.334000 s

TIMEOUT
maxsize : 30
nodes : 232353640.000000
filtered : 2692169884.000000
time : 1000.000061
