Parameters: GAD=1 vflib=1 dir=0 label=0 lowerbound=1 fileNameGp=../../cp2016-max-common-connected-subgraph-paper/datasets/graphsdb/mcs30/bvg/b03/mcs30_b03_s35.A05 fileNameGt=../../cp2016-max-common-connected-subgraph-paper/datasets/graphsdb/mcs30/bvg/b03/mcs30_b03_s35.B05
Reading graphs...
35 :  52
35 :  51
Initializing...
maxdom : 35
D->valSize : 1225
Solving...
currentSize : 15 <-- 0.036849 s
currentSize : 16 <-- 0.037658 s
currentSize : 17 <-- 0.037762 s
currentSize : 18 <-- 0.099319 s
currentSize : 19 <-- 0.099346 s
currentSize : 20 <-- 0.472323 s
currentSize : 21 <-- 0.475800 s
currentSize : 22 <-- 4.162435 s
currentSize : 23 <-- 11.978315 s
currentSize : 24 <-- 54.177204 s
currentSize : 25 <-- 214.661438 s

maxsize : 25
nodes : 84759806.000000
filtered : 1681891891.000000
time : 425.465790
