Parameters: GAD=1 vflib=1 dir=0 label=0 lowerbound=1 fileNameGp=../../cp2016-max-common-connected-subgraph-paper/datasets/graphsdb/mcs30/bvg/b03/mcs30_b03_s40.A09 fileNameGt=../../cp2016-max-common-connected-subgraph-paper/datasets/graphsdb/mcs30/bvg/b03/mcs30_b03_s40.B09
Reading graphs...
40 :  60
40 :  60
Initializing...
maxdom : 40
D->valSize : 1600
Solving...
currentSize : 18 <-- 0.063837 s
currentSize : 19 <-- 0.065686 s
currentSize : 20 <-- 0.076077 s
currentSize : 22 <-- 0.090074 s
currentSize : 23 <-- 0.352645 s
currentSize : 25 <-- 31.051855 s
currentSize : 26 <-- 36.563782 s

TIMEOUT
maxsize : 26
nodes : 225374972.000000
filtered : 2908342128.000000
time : 1000.000000
