Parameters: GAD=1 vflib=1 dir=0 label=0 lowerbound=1 fileNameGp=../../cp2016-max-common-connected-subgraph-paper/datasets/graphsdb/mcs30/m3D/m3D/mcs30_m3D_s40.A03 fileNameGt=../../cp2016-max-common-connected-subgraph-paper/datasets/graphsdb/mcs30/m3D/m3D/mcs30_m3D_s40.B03
Reading graphs...
40 :  83
40 :  83
Initializing...
maxdom : 40
D->valSize : 1600
Solving...
currentSize : 16 <-- 0.036101 s
currentSize : 18 <-- 0.036441 s
currentSize : 19 <-- 0.043669 s
currentSize : 20 <-- 0.120218 s
currentSize : 21 <-- 1.401866 s
currentSize : 22 <-- 2.271167 s
currentSize : 23 <-- 18.343500 s
currentSize : 24 <-- 53.657463 s
currentSize : 25 <-- 68.543076 s
currentSize : 26 <-- 291.448578 s

TIMEOUT
maxsize : 26
nodes : 166730624.000000
filtered : 4088885443.000000
time : 1000.000061
