Parameters: GAD=1 vflib=1 dir=0 label=0 lowerbound=1 fileNameGp=../../cp2016-max-common-connected-subgraph-paper/datasets/graphsdb/mcs30/bvg/b06/mcs30_b06_s30.A01 fileNameGt=../../cp2016-max-common-connected-subgraph-paper/datasets/graphsdb/mcs30/bvg/b06/mcs30_b06_s30.B01
Reading graphs...
30 :  89
30 :  86
Initializing...
maxdom : 30
D->valSize : 900
Solving...
currentSize : 12 <-- 0.010449 s
currentSize : 13 <-- 0.010476 s
currentSize : 14 <-- 0.010597 s
currentSize : 15 <-- 0.048413 s
currentSize : 16 <-- 0.074592 s
currentSize : 17 <-- 0.176931 s
currentSize : 18 <-- 5.866382 s
currentSize : 19 <-- 90.023361 s

maxsize : 19
nodes : 20918258.000000
filtered : 491324652.000000
time : 103.663162
