Parameters: GAD=1 vflib=1 dir=0 label=0 lowerbound=1 fileNameGp=../../cp2016-max-common-connected-subgraph-paper/datasets/graphsdb/mcs30/m3D/m3Dr4/mcs30_m3Dr4_s40.A08 fileNameGt=../../cp2016-max-common-connected-subgraph-paper/datasets/graphsdb/mcs30/m3D/m3Dr4/mcs30_m3Dr4_s40.B08
Reading graphs...
40 :  97
40 :  93
Initializing...
maxdom : 40
D->valSize : 1600
Solving...
currentSize : 17 <-- 0.034783 s
currentSize : 18 <-- 0.034826 s
currentSize : 19 <-- 0.034832 s
currentSize : 20 <-- 0.041532 s
currentSize : 21 <-- 0.128087 s
currentSize : 22 <-- 0.129217 s
currentSize : 23 <-- 0.408142 s
currentSize : 24 <-- 31.755863 s
currentSize : 25 <-- 202.157379 s

TIMEOUT
maxsize : 25
nodes : 161639319.000000
filtered : 4466992917.000000
time : 1000.000061
