Parameters: GAD=1 vflib=1 dir=0 label=0 lowerbound=1 fileNameGp=../../cp2016-max-common-connected-subgraph-paper/datasets/graphsdb/mcs30/m4D/m4Dr2/mcs30_m4Dr2_s50.A02 fileNameGt=../../cp2016-max-common-connected-subgraph-paper/datasets/graphsdb/mcs30/m4D/m4Dr2/mcs30_m4Dr2_s50.B02
Reading graphs...
50 :  94
50 :  96
Initializing...
maxdom : 50
D->valSize : 2500
Solving...
currentSize : 19 <-- 0.096127 s
currentSize : 20 <-- 0.096158 s
currentSize : 21 <-- 0.096464 s
currentSize : 22 <-- 0.097109 s
currentSize : 23 <-- 0.144262 s
currentSize : 25 <-- 0.282638 s
currentSize : 26 <-- 105.390175 s
currentSize : 27 <-- 169.432098 s
currentSize : 28 <-- 180.152390 s
currentSize : 29 <-- 924.516968 s

TIMEOUT
maxsize : 29
nodes : 230743603.000000
filtered : 2251971236.000000
time : 1000.000061
