Parameters: GAD=1 vflib=1 dir=0 label=0 lowerbound=1 fileNameGp=../../cp2016-max-common-connected-subgraph-paper/datasets/graphsdb/mcs30/m3D/m3Dr4/mcs30_m3Dr4_s30.A06 fileNameGt=../../cp2016-max-common-connected-subgraph-paper/datasets/graphsdb/mcs30/m3D/m3Dr4/mcs30_m3Dr4_s30.B06
Reading graphs...
30 :  72
30 :  68
Initializing...
maxdom : 30
D->valSize : 900
Solving...
currentSize : 12 <-- 0.018443 s
currentSize : 13 <-- 0.018468 s
currentSize : 14 <-- 0.018499 s
currentSize : 15 <-- 0.019103 s
currentSize : 16 <-- 0.034561 s
currentSize : 17 <-- 0.594035 s
currentSize : 18 <-- 41.646030 s
currentSize : 19 <-- 163.960709 s

maxsize : 19
nodes : 51112223.000000
filtered : 1017256412.000000
time : 228.506439
