Parameters: GAD=1 vflib=1 dir=0 label=0 lowerbound=1 fileNameGp=../../cp2016-max-common-connected-subgraph-paper/datasets/graphsdb/mcs30/rand/r005/mcs30_r005_s35.A02 fileNameGt=../../cp2016-max-common-connected-subgraph-paper/datasets/graphsdb/mcs30/rand/r005/mcs30_r005_s35.B02
Reading graphs...
35 :  62
35 :  61
Initializing...
maxdom : 35
D->valSize : 1225
Solving...
currentSize : 17 <-- 0.036329 s
currentSize : 18 <-- 0.057676 s
currentSize : 19 <-- 0.097214 s
currentSize : 20 <-- 0.115041 s
currentSize : 21 <-- 1.201823 s
currentSize : 22 <-- 1.202017 s
currentSize : 23 <-- 1.622357 s
currentSize : 24 <-- 3.225861 s

maxsize : 24
nodes : 146523867.000000
filtered : 3736146478.000000
time : 838.305176
