Parameters: GAD=1 vflib=1 dir=0 label=0 lowerbound=1 fileNameGp=../../cp2016-max-common-connected-subgraph-paper/datasets/graphsdb/mcs30/m3D/m3Dr2/mcs30_m3Dr2_s40.A07 fileNameGt=../../cp2016-max-common-connected-subgraph-paper/datasets/graphsdb/mcs30/m3D/m3Dr2/mcs30_m3Dr2_s40.B07
Reading graphs...
40 :  90
40 :  89
Initializing...
maxdom : 40
D->valSize : 1600
Solving...
currentSize : 17 <-- 0.057587 s
currentSize : 18 <-- 0.057659 s
currentSize : 19 <-- 0.057769 s
currentSize : 20 <-- 0.129719 s
currentSize : 21 <-- 0.185898 s
currentSize : 22 <-- 0.526662 s
currentSize : 23 <-- 16.271629 s
currentSize : 24 <-- 26.840597 s
currentSize : 25 <-- 30.642340 s
currentSize : 26 <-- 118.644257 s

TIMEOUT
maxsize : 26
nodes : 155371734.000000
filtered : 4509033908.000000
time : 1000.000000
