Parameters: GAD=1 vflib=1 dir=0 label=0 lowerbound=1 fileNameGp=../../cp2016-max-common-connected-subgraph-paper/datasets/graphsdb/mcs30/m2D/m2Dr4/mcs30_m2Dr4_s30.A03 fileNameGt=../../cp2016-max-common-connected-subgraph-paper/datasets/graphsdb/mcs30/m2D/m2Dr4/mcs30_m2Dr4_s30.B03
Reading graphs...
30 :  58
30 :  59
Initializing...
maxdom : 30
D->valSize : 900
Solving...
currentSize : 14 <-- 0.010814 s
currentSize : 15 <-- 0.010870 s
currentSize : 16 <-- 0.011039 s
currentSize : 17 <-- 0.013149 s
currentSize : 18 <-- 0.013156 s
currentSize : 19 <-- 0.027375 s
currentSize : 20 <-- 0.466789 s
currentSize : 21 <-- 10.068630 s

maxsize : 21
nodes : 6873977.000000
filtered : 179637531.000000
time : 36.395512
