Parameters: GAD=1 vflib=1 dir=0 label=0 lowerbound=1 fileNameGp=../../cp2016-max-common-connected-subgraph-paper/datasets/graphsdb/mcs30/rand/r01/mcs30_r01_s35.A07 fileNameGt=../../cp2016-max-common-connected-subgraph-paper/datasets/graphsdb/mcs30/rand/r01/mcs30_r01_s35.B07
Reading graphs...
35 :  116
35 :  112
Initializing...
maxdom : 35
D->valSize : 1225
Solving...
currentSize : 13 <-- 0.033189 s
currentSize : 14 <-- 0.033391 s
currentSize : 15 <-- 0.033995 s
currentSize : 16 <-- 0.048096 s
currentSize : 17 <-- 0.156299 s
currentSize : 18 <-- 0.707472 s
currentSize : 19 <-- 11.167893 s
currentSize : 20 <-- 511.624390 s

TIMEOUT
maxsize : 20
nodes : 193887804.000000
filtered : 4210497408.000000
time : 1000.000000
