Parameters: GAD=1 vflib=1 dir=0 label=0 lowerbound=1 fileNameGp=../../cp2016-max-common-connected-subgraph-paper/datasets/graphsdb/mcs30/bvg/b06m/mcs30_b06m_s30.A08 fileNameGt=../../cp2016-max-common-connected-subgraph-paper/datasets/graphsdb/mcs30/bvg/b06m/mcs30_b06m_s30.B08
Reading graphs...
30 :  87
30 :  85
Initializing...
maxdom : 30
D->valSize : 900
Solving...
currentSize : 10 <-- 0.010512 s
currentSize : 11 <-- 0.010603 s
currentSize : 12 <-- 0.012199 s
currentSize : 13 <-- 0.019183 s
currentSize : 14 <-- 0.019811 s
currentSize : 15 <-- 0.020570 s
currentSize : 16 <-- 0.028728 s
currentSize : 17 <-- 0.080748 s
currentSize : 18 <-- 37.471355 s

maxsize : 18
nodes : 31309160.000000
filtered : 680551682.000000
time : 148.759781
