Parameters: GAD=1 vflib=1 dir=0 label=0 lowerbound=1 fileNameGp=../../cp2016-max-common-connected-subgraph-paper/datasets/graphsdb/mcs30/m3D/m3Dr4/mcs30_m3Dr4_s40.A00 fileNameGt=../../cp2016-max-common-connected-subgraph-paper/datasets/graphsdb/mcs30/m3D/m3Dr4/mcs30_m3Dr4_s40.B00
Reading graphs...
40 :  99
40 :  95
Initializing...
maxdom : 40
D->valSize : 1600
Solving...
currentSize : 18 <-- 0.034657 s
currentSize : 19 <-- 0.049870 s
currentSize : 20 <-- 0.107214 s
currentSize : 21 <-- 0.222397 s
currentSize : 22 <-- 0.503050 s
currentSize : 23 <-- 1.580956 s
currentSize : 24 <-- 10.796760 s

TIMEOUT
maxsize : 24
nodes : 179366138.000000
filtered : 4121866984.000000
time : 1000.000061
