Parameters: GAD=1 vflib=1 dir=0 label=0 lowerbound=1 fileNameGp=../../cp2016-max-common-connected-subgraph-paper/datasets/graphsdb/mcs30/bvg/b03m/mcs30_b03m_s30.A09 fileNameGt=../../cp2016-max-common-connected-subgraph-paper/datasets/graphsdb/mcs30/bvg/b03m/mcs30_b03m_s30.B09
Reading graphs...
30 :  45
30 :  45
Initializing...
maxdom : 30
D->valSize : 900
Solving...
currentSize : 13 <-- 0.019336 s
currentSize : 14 <-- 0.019420 s
currentSize : 16 <-- 0.019452 s
currentSize : 17 <-- 0.068326 s
currentSize : 18 <-- 0.086370 s
currentSize : 19 <-- 0.115502 s
currentSize : 20 <-- 0.368401 s
currentSize : 21 <-- 0.462318 s

maxsize : 21
nodes : 16158806.000000
filtered : 273761557.000000
time : 69.954880
