Parameters: GAD=1 vflib=1 dir=0 label=0 lowerbound=1 fileNameGp=../../cp2016-max-common-connected-subgraph-paper/datasets/graphsdb/mcs30/m2D/m2D/mcs30_m2D_s30.A04 fileNameGt=../../cp2016-max-common-connected-subgraph-paper/datasets/graphsdb/mcs30/m2D/m2D/mcs30_m2D_s30.B04
Reading graphs...
30 :  49
30 :  49
Initializing...
maxdom : 30
D->valSize : 900
Solving...
currentSize : 13 <-- 0.019494 s
currentSize : 14 <-- 0.019556 s
currentSize : 15 <-- 0.022128 s
currentSize : 16 <-- 0.028153 s
currentSize : 17 <-- 0.031681 s
currentSize : 18 <-- 0.242342 s
currentSize : 19 <-- 0.349600 s
currentSize : 20 <-- 6.065965 s
currentSize : 21 <-- 8.193452 s
currentSize : 22 <-- 13.351566 s

maxsize : 22
nodes : 4985187.000000
filtered : 97578654.000000
time : 22.762341
