Parameters: GAD=1 vflib=1 dir=0 label=0 lowerbound=1 fileNameGp=../../cp2016-max-common-connected-subgraph-paper/datasets/graphsdb/mcs30/m3D/m3Dr4/mcs30_m3Dr4_s30.A09 fileNameGt=../../cp2016-max-common-connected-subgraph-paper/datasets/graphsdb/mcs30/m3D/m3Dr4/mcs30_m3Dr4_s30.B09
Reading graphs...
30 :  72
30 :  70
Initializing...
maxdom : 30
D->valSize : 900
Solving...
currentSize : 14 <-- 0.010627 s
currentSize : 16 <-- 0.010677 s
currentSize : 17 <-- 0.012683 s
currentSize : 18 <-- 0.161305 s
currentSize : 19 <-- 58.247849 s
currentSize : 20 <-- 64.529259 s

maxsize : 20
nodes : 19684969.000000
filtered : 415731439.000000
time : 93.140221
