Parameters: GAD=1 vflib=1 dir=0 label=0 lowerbound=1 fileNameGp=../../cp2016-max-common-connected-subgraph-paper/datasets/graphsdb/mcs30/m4D/m4Dr6/mcs30_m4Dr6_s50.A07 fileNameGt=../../cp2016-max-common-connected-subgraph-paper/datasets/graphsdb/mcs30/m4D/m4Dr6/mcs30_m4Dr6_s50.B07
Reading graphs...
50 :  116
50 :  115
Initializing...
maxdom : 50
D->valSize : 2500
Solving...
currentSize : 20 <-- 0.112393 s
currentSize : 23 <-- 0.113509 s
currentSize : 24 <-- 0.117484 s
currentSize : 25 <-- 0.523378 s
currentSize : 26 <-- 6.097263 s
currentSize : 27 <-- 6.101724 s
currentSize : 28 <-- 28.277740 s
currentSize : 29 <-- 28.784641 s

TIMEOUT
maxsize : 29
nodes : 188554338.000000
filtered : 3080190031.000000
time : 1000.000061
