Parameters: GAD=1 vflib=1 dir=0 label=0 lowerbound=1 fileNameGp=../../cp2016-max-common-connected-subgraph-paper/datasets/graphsdb/mcs30/rand/r005/mcs30_r005_s30.A01 fileNameGt=../../cp2016-max-common-connected-subgraph-paper/datasets/graphsdb/mcs30/rand/r005/mcs30_r005_s30.B01
Reading graphs...
30 :  48
30 :  47
Initializing...
maxdom : 30
D->valSize : 900
Solving...
currentSize : 13 <-- 0.010894 s
currentSize : 15 <-- 0.010960 s
currentSize : 16 <-- 0.011245 s
currentSize : 17 <-- 0.011435 s
currentSize : 18 <-- 0.011526 s
currentSize : 19 <-- 0.026765 s
currentSize : 20 <-- 0.248977 s
currentSize : 21 <-- 7.454078 s
currentSize : 22 <-- 17.261806 s

maxsize : 22
nodes : 5790056.000000
filtered : 117878130.000000
time : 26.944632
