Parameters: GAD=1 vflib=1 dir=0 label=0 lowerbound=1 fileNameGp=../../cp2016-max-common-connected-subgraph-paper/datasets/graphsdb/mcs30/rand/r01/mcs30_r01_s35.A01 fileNameGt=../../cp2016-max-common-connected-subgraph-paper/datasets/graphsdb/mcs30/rand/r01/mcs30_r01_s35.B01
Reading graphs...
35 :  113
35 :  110
Initializing...
maxdom : 35
D->valSize : 1225
Solving...
currentSize : 10 <-- 0.019065 s
currentSize : 11 <-- 0.019124 s
currentSize : 12 <-- 0.019227 s
currentSize : 13 <-- 0.019459 s
currentSize : 14 <-- 0.020547 s
currentSize : 15 <-- 0.020566 s
currentSize : 16 <-- 0.031480 s
currentSize : 17 <-- 0.051243 s
currentSize : 18 <-- 0.051333 s
currentSize : 19 <-- 11.137023 s

TIMEOUT
maxsize : 19
nodes : 195895871.000000
filtered : 4268603444.000000
time : 1000.000000
