Parameters: GAD=1 vflib=1 dir=0 label=0 lowerbound=1 fileNameGp=../../cp2016-max-common-connected-subgraph-paper/datasets/graphsdb/mcs30/m3D/m3Dr6/mcs30_m3Dr6_s25.A09 fileNameGt=../../cp2016-max-common-connected-subgraph-paper/datasets/graphsdb/mcs30/m3D/m3Dr6/mcs30_m3Dr6_s25.B09
Reading graphs...
25 :  58
25 :  61
Initializing...
maxdom : 25
D->valSize : 625
Solving...
currentSize : 11 <-- 0.008742 s
currentSize : 12 <-- 0.009035 s
currentSize : 13 <-- 0.010900 s
currentSize : 14 <-- 0.011079 s
currentSize : 15 <-- 0.014038 s
currentSize : 16 <-- 0.961793 s

maxsize : 16
nodes : 2382971.000000
filtered : 44926144.000000
time : 10.058648
