Parameters: GAD=1 vflib=1 dir=0 label=0 lowerbound=1 fileNameGp=../../cp2016-max-common-connected-subgraph-paper/datasets/graphsdb/mcs30/bvg/b03/mcs30_b03_s35.A00 fileNameGt=../../cp2016-max-common-connected-subgraph-paper/datasets/graphsdb/mcs30/bvg/b03/mcs30_b03_s35.B00
Reading graphs...
35 :  52
35 :  51
Initializing...
maxdom : 35
D->valSize : 1225
Solving...
currentSize : 15 <-- 0.031516 s
currentSize : 16 <-- 0.059396 s
currentSize : 17 <-- 0.059413 s
currentSize : 19 <-- 0.072593 s
currentSize : 20 <-- 0.842144 s
currentSize : 22 <-- 0.868939 s
currentSize : 23 <-- 3.158148 s
currentSize : 24 <-- 485.839294 s

TIMEOUT
maxsize : 24
nodes : 225833386.000000
filtered : 3211930604.000000
time : 1000.000000
