Parameters: GAD=1 vflib=1 dir=0 label=0 lowerbound=1 fileNameGp=../../cp2016-max-common-connected-subgraph-paper/datasets/graphsdb/mcs30/bvg/b03m/mcs30_b03m_s30.A01 fileNameGt=../../cp2016-max-common-connected-subgraph-paper/datasets/graphsdb/mcs30/bvg/b03m/mcs30_b03m_s30.B01
Reading graphs...
30 :  44
30 :  45
Initializing...
maxdom : 30
D->valSize : 900
Solving...
currentSize : 15 <-- 0.011490 s
currentSize : 16 <-- 0.011516 s
currentSize : 17 <-- 0.012188 s
currentSize : 18 <-- 0.186048 s
currentSize : 19 <-- 19.542084 s
currentSize : 20 <-- 47.109165 s
currentSize : 21 <-- 58.991344 s

maxsize : 21
nodes : 26708927.000000
filtered : 318867535.000000
time : 95.980835
