Parameters: GAD=1 vflib=1 dir=0 label=0 lowerbound=1 fileNameGp=../../cp2016-max-common-connected-subgraph-paper/datasets/graphsdb/mcs30/m3D/m3D/mcs30_m3D_s30.A09 fileNameGt=../../cp2016-max-common-connected-subgraph-paper/datasets/graphsdb/mcs30/m3D/m3D/mcs30_m3D_s30.B09
Reading graphs...
30 :  59
30 :  60
Initializing...
maxdom : 30
D->valSize : 900
Solving...
currentSize : 14 <-- 0.011566 s
currentSize : 15 <-- 0.013879 s
currentSize : 16 <-- 0.026275 s
currentSize : 17 <-- 0.030003 s
currentSize : 18 <-- 0.103715 s
currentSize : 19 <-- 1.203739 s
currentSize : 20 <-- 75.649811 s

maxsize : 20
nodes : 30905748.000000
filtered : 626840958.000000
time : 145.252670
