Parameters: GAD=1 vflib=1 dir=0 label=0 lowerbound=1 fileNameGp=../../cp2016-max-common-connected-subgraph-paper/datasets/graphsdb/mcs30/bvg/b09m/mcs30_b09m_s35.A07 fileNameGt=../../cp2016-max-common-connected-subgraph-paper/datasets/graphsdb/mcs30/bvg/b09m/mcs30_b09m_s35.B07
Reading graphs...
35 :  144
35 :  145
Initializing...
maxdom : 35
D->valSize : 1225
Solving...
currentSize : 12 <-- 0.018197 s
currentSize : 13 <-- 0.018241 s
currentSize : 14 <-- 0.018277 s
currentSize : 15 <-- 0.022584 s
currentSize : 16 <-- 0.491015 s
currentSize : 17 <-- 11.970189 s
currentSize : 18 <-- 24.537746 s
currentSize : 19 <-- 46.540943 s

TIMEOUT
maxsize : 19
nodes : 180887569.000000
filtered : 4749505243.000000
time : 1000.000061
