Parameters: GAD=1 vflib=1 dir=0 label=0 lowerbound=1 fileNameGp=../../cp2016-max-common-connected-subgraph-paper/datasets/graphsdb/mcs30/m4D/m4Dr6/mcs30_m4Dr6_s50.A09 fileNameGt=../../cp2016-max-common-connected-subgraph-paper/datasets/graphsdb/mcs30/m4D/m4Dr6/mcs30_m4Dr6_s50.B09
Reading graphs...
50 :  116
50 :  113
Initializing...
maxdom : 50
D->valSize : 2500
Solving...
currentSize : 22 <-- 0.118221 s
currentSize : 24 <-- 0.118282 s
currentSize : 25 <-- 0.132756 s
currentSize : 26 <-- 1.728583 s
currentSize : 27 <-- 1.736123 s
currentSize : 28 <-- 1.753158 s
currentSize : 29 <-- 53.631737 s
currentSize : 30 <-- 276.466217 s
currentSize : 31 <-- 840.078308 s

TIMEOUT
maxsize : 31
nodes : 167690961.000000
filtered : 3255425998.000000
time : 1000.000061
