Parameters: GAD=1 vflib=1 dir=0 label=0 lowerbound=1 fileNameGp=../../cp2016-max-common-connected-subgraph-paper/datasets/graphsdb/mcs30/bvg/b09m/mcs30_b09m_s50.A07 fileNameGt=../../cp2016-max-common-connected-subgraph-paper/datasets/graphsdb/mcs30/bvg/b09m/mcs30_b09m_s50.B07
Reading graphs...
50 :  212
50 :  213
Initializing...
maxdom : 50
D->valSize : 2500
Solving...
currentSize : 17 <-- 0.146456 s
currentSize : 18 <-- 0.147387 s
currentSize : 19 <-- 0.162413 s
currentSize : 20 <-- 0.238414 s
currentSize : 21 <-- 0.666213 s
currentSize : 22 <-- 7.109548 s
currentSize : 23 <-- 63.359905 s

TIMEOUT
maxsize : 23
nodes : 172063341.000000
filtered : 3334075806.000000
time : 1000.000000
