Parameters: GAD=1 vflib=1 dir=0 label=0 lowerbound=1 fileNameGp=../../cp2016-max-common-connected-subgraph-paper/datasets/graphsdb/mcs30/m2D/m2Dr4/mcs30_m2Dr4_s50.A08 fileNameGt=../../cp2016-max-common-connected-subgraph-paper/datasets/graphsdb/mcs30/m2D/m2Dr4/mcs30_m2Dr4_s50.B08
Reading graphs...
50 :  104
50 :  104
Initializing...
maxdom : 50
D->valSize : 2500
Solving...
currentSize : 20 <-- 0.113481 s
currentSize : 23 <-- 0.113620 s
currentSize : 24 <-- 0.114073 s
currentSize : 25 <-- 0.121188 s
currentSize : 26 <-- 0.122071 s
currentSize : 28 <-- 0.564533 s
currentSize : 29 <-- 1.738803 s
currentSize : 30 <-- 30.326092 s
currentSize : 31 <-- 276.806580 s
currentSize : 32 <-- 278.488892 s

TIMEOUT
maxsize : 32
nodes : 149964794.000000
filtered : 4180365356.000000
time : 1000.000061
