Parameters: GAD=1 vflib=1 dir=0 label=0 lowerbound=1 fileNameGp=../../cp2016-max-common-connected-subgraph-paper/datasets/graphsdb/mcs30/bvg/b03/mcs30_b03_s30.A07 fileNameGt=../../cp2016-max-common-connected-subgraph-paper/datasets/graphsdb/mcs30/bvg/b03/mcs30_b03_s30.B07
Reading graphs...
30 :  45
30 :  45
Initializing...
maxdom : 30
D->valSize : 900
Solving...
currentSize : 12 <-- 0.011260 s
currentSize : 15 <-- 0.011301 s
currentSize : 16 <-- 0.013741 s
currentSize : 18 <-- 0.427843 s
currentSize : 19 <-- 0.428913 s
currentSize : 20 <-- 12.442756 s
currentSize : 21 <-- 14.346350 s

maxsize : 21
nodes : 17810270.000000
filtered : 279138366.000000
time : 73.979935
