Parameters: GAD=1 vflib=1 dir=0 label=0 lowerbound=1 fileNameGp=../../cp2016-max-common-connected-subgraph-paper/datasets/graphsdb/mcs30/m2D/m2Dr2/mcs30_m2Dr2_s30.A03 fileNameGt=../../cp2016-max-common-connected-subgraph-paper/datasets/graphsdb/mcs30/m2D/m2Dr2/mcs30_m2Dr2_s30.B03
Reading graphs...
30 :  54
30 :  53
Initializing...
maxdom : 30
D->valSize : 900
Solving...
currentSize : 15 <-- 0.011043 s
currentSize : 16 <-- 0.011097 s
currentSize : 17 <-- 0.012521 s
currentSize : 18 <-- 0.604123 s
currentSize : 19 <-- 0.931010 s
currentSize : 20 <-- 1.686525 s

maxsize : 20
nodes : 17769550.000000
filtered : 356895219.000000
time : 80.056412
