Parameters: GAD=1 vflib=1 dir=0 label=0 lowerbound=1 fileNameGp=../../cp2016-max-common-connected-subgraph-paper/datasets/graphsdb/mcs30/bvg/b03m/mcs30_b03m_s50.A01 fileNameGt=../../cp2016-max-common-connected-subgraph-paper/datasets/graphsdb/mcs30/bvg/b03m/mcs30_b03m_s50.B01
Reading graphs...
50 :  74
50 :  75
Initializing...
maxdom : 50
D->valSize : 2500
Solving...
currentSize : 22 <-- 0.098261 s
currentSize : 23 <-- 0.098511 s
currentSize : 24 <-- 0.100985 s
currentSize : 27 <-- 0.101007 s
currentSize : 28 <-- 0.360618 s
currentSize : 29 <-- 6.728235 s
currentSize : 30 <-- 713.116028 s
currentSize : 31 <-- 716.293457 s

TIMEOUT
maxsize : 31
nodes : 242794534.000000
filtered : 3085848899.000000
time : 1000.000061
