Parameters: GAD=1 vflib=1 dir=0 label=0 lowerbound=1 fileNameGp=../../cp2016-max-common-connected-subgraph-paper/datasets/graphsdb/mcs30/m2D/m2Dr2/mcs30_m2Dr2_s50.A02 fileNameGt=../../cp2016-max-common-connected-subgraph-paper/datasets/graphsdb/mcs30/m2D/m2Dr2/mcs30_m2Dr2_s50.B02
Reading graphs...
50 :  95
50 :  95
Initializing...
maxdom : 50
D->valSize : 2500
Solving...
currentSize : 18 <-- 0.096876 s
currentSize : 19 <-- 0.096947 s
currentSize : 21 <-- 0.096974 s
currentSize : 22 <-- 0.096982 s
currentSize : 23 <-- 0.097449 s
currentSize : 24 <-- 0.102613 s
currentSize : 25 <-- 0.243137 s
currentSize : 26 <-- 0.512775 s
currentSize : 27 <-- 38.954426 s
currentSize : 28 <-- 137.531540 s
currentSize : 29 <-- 201.335007 s

TIMEOUT
maxsize : 29
nodes : 199026829.000000
filtered : 3144500453.000000
time : 1000.000000
