Parameters: GAD=1 vflib=1 dir=0 label=0 lowerbound=1 fileNameGp=../../cp2016-max-common-connected-subgraph-paper/datasets/graphsdb/mcs30/rand/r005/mcs30_r005_s30.A08 fileNameGt=../../cp2016-max-common-connected-subgraph-paper/datasets/graphsdb/mcs30/rand/r005/mcs30_r005_s30.B08
Reading graphs...
30 :  47
30 :  48
Initializing...
maxdom : 30
D->valSize : 900
Solving...
currentSize : 15 <-- 0.019532 s
currentSize : 18 <-- 0.019635 s
currentSize : 19 <-- 0.184420 s
currentSize : 20 <-- 0.710004 s
currentSize : 21 <-- 2.838305 s
currentSize : 22 <-- 7.905975 s

maxsize : 22
nodes : 5895908.000000
filtered : 121792531.000000
time : 28.599449
