Parameters: GAD=1 vflib=1 dir=0 label=0 lowerbound=1 fileNameGp=../../cp2016-max-common-connected-subgraph-paper/datasets/graphsdb/mcs30/rand/r005/mcs30_r005_s35.A03 fileNameGt=../../cp2016-max-common-connected-subgraph-paper/datasets/graphsdb/mcs30/rand/r005/mcs30_r005_s35.B03
Reading graphs...
35 :  64
35 :  62
Initializing...
maxdom : 35
D->valSize : 1225
Solving...
currentSize : 15 <-- 0.020477 s
currentSize : 18 <-- 0.020733 s
currentSize : 19 <-- 0.027794 s
currentSize : 20 <-- 0.036898 s
currentSize : 21 <-- 0.096006 s
currentSize : 22 <-- 0.100746 s
currentSize : 23 <-- 0.257974 s
currentSize : 24 <-- 20.740036 s

maxsize : 24
nodes : 76321846.000000
filtered : 1906156088.000000
time : 424.015930
