Parameters: GAD=1 vflib=1 dir=0 label=0 lowerbound=1 fileNameGp=../../cp2016-max-common-connected-subgraph-paper/datasets/graphsdb/mcs30/rand/r005/mcs30_r005_s40.A03 fileNameGt=../../cp2016-max-common-connected-subgraph-paper/datasets/graphsdb/mcs30/rand/r005/mcs30_r005_s40.B03
Reading graphs...
40 :  82
40 :  81
Initializing...
maxdom : 40
D->valSize : 1600
Solving...
currentSize : 15 <-- 0.035289 s
currentSize : 19 <-- 0.035425 s
currentSize : 20 <-- 0.035728 s
currentSize : 21 <-- 0.039529 s
currentSize : 22 <-- 0.044468 s
currentSize : 23 <-- 0.111776 s
currentSize : 24 <-- 4.324744 s
currentSize : 25 <-- 61.465206 s
currentSize : 26 <-- 116.824677 s

TIMEOUT
maxsize : 26
nodes : 167830261.000000
filtered : 4212527151.000000
time : 1000.000000
