Parameters: GAD=1 vflib=1 dir=0 label=0 lowerbound=1 fileNameGp=../../cp2016-max-common-connected-subgraph-paper/datasets/graphsdb/mcs30/bvg/b06/mcs30_b06_s30.A00 fileNameGt=../../cp2016-max-common-connected-subgraph-paper/datasets/graphsdb/mcs30/bvg/b06/mcs30_b06_s30.B00
Reading graphs...
30 :  88
30 :  88
Initializing...
maxdom : 30
D->valSize : 900
Solving...
currentSize : 9 <-- 0.010052 s
currentSize : 11 <-- 0.010086 s
currentSize : 13 <-- 0.010095 s
currentSize : 14 <-- 0.013032 s
currentSize : 15 <-- 0.013904 s
currentSize : 16 <-- 0.015490 s
currentSize : 17 <-- 1.250847 s
currentSize : 18 <-- 40.662922 s

maxsize : 18
nodes : 26929017.000000
filtered : 626229322.000000
time : 131.020615
