Parameters: GAD=1 vflib=1 dir=0 label=0 lowerbound=1 fileNameGp=../../cp2016-max-common-connected-subgraph-paper/datasets/graphsdb/mcs30/bvg/b03/mcs30_b03_s40.A07 fileNameGt=../../cp2016-max-common-connected-subgraph-paper/datasets/graphsdb/mcs30/bvg/b03/mcs30_b03_s40.B07
Reading graphs...
40 :  60
40 :  60
Initializing...
maxdom : 40
D->valSize : 1600
Solving...
currentSize : 17 <-- 0.036857 s
currentSize : 18 <-- 0.036894 s
currentSize : 19 <-- 0.041372 s
currentSize : 20 <-- 0.153791 s
currentSize : 21 <-- 0.497755 s
currentSize : 22 <-- 1.153715 s
currentSize : 23 <-- 1.521496 s
currentSize : 24 <-- 110.936905 s

TIMEOUT
maxsize : 24
nodes : 256704420.000000
filtered : 2553200086.000000
time : 1000.000000
