Parameters: GAD=1 vflib=1 dir=0 label=0 lowerbound=1 fileNameGp=../../cp2016-max-common-connected-subgraph-paper/datasets/graphsdb/mcs30/m3D/m3Dr6/mcs30_m3Dr6_s30.A06 fileNameGt=../../cp2016-max-common-connected-subgraph-paper/datasets/graphsdb/mcs30/m3D/m3Dr6/mcs30_m3Dr6_s30.B06
Reading graphs...
30 :  77
30 :  77
Initializing...
maxdom : 30
D->valSize : 900
Solving...
currentSize : 14 <-- 0.010412 s
currentSize : 15 <-- 0.011293 s
currentSize : 16 <-- 0.011329 s
currentSize : 17 <-- 0.011865 s
currentSize : 18 <-- 2.815480 s
currentSize : 19 <-- 99.115891 s

maxsize : 19
nodes : 38219849.000000
filtered : 814323898.000000
time : 178.690063
