Parameters: GAD=1 vflib=1 dir=0 label=0 lowerbound=1 fileNameGp=../../cp2016-max-common-connected-subgraph-paper/datasets/graphsdb/mcs30/rand/r005/mcs30_r005_s50.A03 fileNameGt=../../cp2016-max-common-connected-subgraph-paper/datasets/graphsdb/mcs30/rand/r005/mcs30_r005_s50.B03
Reading graphs...
50 :  122
50 :  123
Initializing...
maxdom : 50
D->valSize : 2500
Solving...
currentSize : 20 <-- 0.157414 s
currentSize : 22 <-- 0.157447 s
currentSize : 23 <-- 0.157791 s
currentSize : 24 <-- 0.447752 s
currentSize : 25 <-- 4.312112 s
currentSize : 26 <-- 10.995660 s
currentSize : 27 <-- 30.173674 s
currentSize : 28 <-- 31.535683 s
currentSize : 29 <-- 999.308777 s

TIMEOUT
maxsize : 29
nodes : 161247762.000000
filtered : 2990251570.000000
time : 1000.000000
