Parameters: GAD=1 vflib=1 dir=0 label=0 lowerbound=1 fileNameGp=../../cp2016-max-common-connected-subgraph-paper/datasets/graphsdb/mcs30/m2D/m2Dr6/mcs30_m2Dr6_s50.A02 fileNameGt=../../cp2016-max-common-connected-subgraph-paper/datasets/graphsdb/mcs30/m2D/m2Dr6/mcs30_m2Dr6_s50.B02
Reading graphs...
50 :  114
50 :  112
Initializing...
maxdom : 50
D->valSize : 2500
Solving...
currentSize : 21 <-- 0.094733 s
currentSize : 24 <-- 0.094940 s
currentSize : 25 <-- 0.241171 s
currentSize : 26 <-- 0.300388 s
currentSize : 27 <-- 0.901792 s
currentSize : 28 <-- 4.761942 s
currentSize : 29 <-- 7.089123 s
currentSize : 30 <-- 8.884822 s
currentSize : 31 <-- 909.090820 s

TIMEOUT
maxsize : 31
nodes : 144550197.000000
filtered : 3786470172.000000
time : 1000.000061
