Parameters: GAD=1 vflib=1 dir=0 label=0 lowerbound=1 fileNameGp=../../cp2016-max-common-connected-subgraph-paper/datasets/graphsdb/mcs30/rand/r01/mcs30_r01_s35.A05 fileNameGt=../../cp2016-max-common-connected-subgraph-paper/datasets/graphsdb/mcs30/rand/r01/mcs30_r01_s35.B05
Reading graphs...
35 :  116
35 :  115
Initializing...
maxdom : 35
D->valSize : 1225
Solving...
currentSize : 14 <-- 0.019544 s
currentSize : 15 <-- 0.022880 s
currentSize : 16 <-- 0.023989 s
currentSize : 17 <-- 0.148507 s
currentSize : 18 <-- 0.347371 s
currentSize : 19 <-- 16.935404 s
currentSize : 20 <-- 375.464783 s

TIMEOUT
maxsize : 20
nodes : 187393164.000000
filtered : 4432736322.000000
time : 1000.000000
