Parameters: GAD=1 vflib=1 dir=0 label=0 lowerbound=1 fileNameGp=../../cp2016-max-common-connected-subgraph-paper/datasets/graphsdb/mcs30/bvg/b03m/mcs30_b03m_s40.A02 fileNameGt=../../cp2016-max-common-connected-subgraph-paper/datasets/graphsdb/mcs30/bvg/b03m/mcs30_b03m_s40.B02
Reading graphs...
40 :  58
40 :  59
Initializing...
maxdom : 40
D->valSize : 1600
Solving...
currentSize : 17 <-- 0.036724 s
currentSize : 18 <-- 0.037454 s
currentSize : 20 <-- 0.038461 s
currentSize : 21 <-- 0.289712 s
currentSize : 22 <-- 0.289751 s
currentSize : 23 <-- 9.603233 s
currentSize : 24 <-- 15.836257 s
currentSize : 25 <-- 43.922913 s
currentSize : 26 <-- 271.372955 s
currentSize : 27 <-- 273.593323 s

TIMEOUT
maxsize : 27
nodes : 206251941.000000
filtered : 3118101357.000000
time : 1000.000061
