Parameters: GAD=1 vflib=1 dir=0 label=0 lowerbound=1 fileNameGp=../../cp2016-max-common-connected-subgraph-paper/datasets/graphsdb/mcs30/m4D/m4Dr4/mcs30_m4Dr4_s50.A01 fileNameGt=../../cp2016-max-common-connected-subgraph-paper/datasets/graphsdb/mcs30/m4D/m4Dr4/mcs30_m4Dr4_s50.B01
Reading graphs...
50 :  107
50 :  105
Initializing...
maxdom : 50
D->valSize : 2500
Solving...
currentSize : 20 <-- 0.119697 s
currentSize : 21 <-- 0.122025 s
currentSize : 22 <-- 0.156560 s
currentSize : 23 <-- 0.167971 s
currentSize : 24 <-- 5.517448 s
currentSize : 25 <-- 201.717606 s
currentSize : 26 <-- 226.280609 s
currentSize : 27 <-- 226.818375 s
currentSize : 28 <-- 572.634155 s
currentSize : 29 <-- 590.273560 s

TIMEOUT
maxsize : 29
nodes : 207514122.000000
filtered : 2718484632.000000
time : 1000.000061
