Parameters: GAD=1 vflib=1 dir=0 label=0 lowerbound=1 fileNameGp=../../cp2016-max-common-connected-subgraph-paper/datasets/graphsdb/mcs30/bvg/b09m/mcs30_b09m_s35.A01 fileNameGt=../../cp2016-max-common-connected-subgraph-paper/datasets/graphsdb/mcs30/bvg/b09m/mcs30_b09m_s35.B01
Reading graphs...
35 :  148
35 :  146
Initializing...
maxdom : 35
D->valSize : 1225
Solving...
currentSize : 11 <-- 0.018294 s
currentSize : 12 <-- 0.018364 s
currentSize : 13 <-- 0.018498 s
currentSize : 14 <-- 0.021332 s
currentSize : 15 <-- 0.141153 s
currentSize : 16 <-- 0.200327 s
currentSize : 17 <-- 0.393918 s
currentSize : 18 <-- 63.851406 s

TIMEOUT
maxsize : 18
nodes : 194738630.000000
filtered : 4235630255.000000
time : 1000.000061
