Parameters: GAD=1 vflib=1 dir=0 label=0 lowerbound=1 fileNameGp=../../cp2016-max-common-connected-subgraph-paper/datasets/graphsdb/mcs30/bvg/b03/mcs30_b03_s20.A09 fileNameGt=../../cp2016-max-common-connected-subgraph-paper/datasets/graphsdb/mcs30/bvg/b03/mcs30_b03_s20.B09
Reading graphs...
20 :  30
20 :  30
Initializing...
maxdom : 20
D->valSize : 400
Solving...
currentSize : 5 <-- 0.002228 s
currentSize : 7 <-- 0.002261 s
currentSize : 8 <-- 0.002281 s
currentSize : 9 <-- 0.002675 s
currentSize : 10 <-- 0.002956 s
currentSize : 11 <-- 0.002961 s
currentSize : 12 <-- 0.006327 s
currentSize : 13 <-- 0.007007 s
currentSize : 14 <-- 0.007154 s

maxsize : 14
nodes : 143838.000000
filtered : 1539053.000000
time : 0.432433
