Parameters: GAD=1 vflib=1 dir=0 label=0 lowerbound=1 fileNameGp=../../cp2016-max-common-connected-subgraph-paper/datasets/graphsdb/mcs30/m3D/m3Dr6/mcs30_m3Dr6_s40.A04 fileNameGt=../../cp2016-max-common-connected-subgraph-paper/datasets/graphsdb/mcs30/m3D/m3Dr6/mcs30_m3Dr6_s40.B04
Reading graphs...
40 :  105
40 :  103
Initializing...
maxdom : 40
D->valSize : 1600
Solving...
currentSize : 15 <-- 0.059609 s
currentSize : 17 <-- 0.059656 s
currentSize : 18 <-- 0.071237 s
currentSize : 19 <-- 0.073017 s
currentSize : 20 <-- 0.076773 s
currentSize : 21 <-- 0.087581 s
currentSize : 22 <-- 0.214792 s
currentSize : 23 <-- 20.547600 s
currentSize : 24 <-- 185.873993 s
currentSize : 25 <-- 496.290466 s

TIMEOUT
maxsize : 25
nodes : 163565101.000000
filtered : 4659600184.000000
time : 1000.000000
