Parameters: GAD=1 vflib=1 dir=0 label=0 lowerbound=1 fileNameGp=../../cp2016-max-common-connected-subgraph-paper/datasets/graphsdb/mcs30/m3D/m3Dr4/mcs30_m3Dr4_s30.A03 fileNameGt=../../cp2016-max-common-connected-subgraph-paper/datasets/graphsdb/mcs30/m3D/m3Dr4/mcs30_m3Dr4_s30.B03
Reading graphs...
30 :  72
30 :  72
Initializing...
maxdom : 30
D->valSize : 900
Solving...
currentSize : 14 <-- 0.010513 s
currentSize : 15 <-- 0.010596 s
currentSize : 16 <-- 0.010771 s
currentSize : 17 <-- 0.048072 s
currentSize : 18 <-- 0.100555 s
currentSize : 19 <-- 15.777482 s
currentSize : 20 <-- 127.229485 s

maxsize : 20
nodes : 26473413.000000
filtered : 615862547.000000
time : 130.313721
