Parameters: GAD=1 vflib=1 dir=0 label=0 lowerbound=1 fileNameGp=../../cp2016-max-common-connected-subgraph-paper/datasets/graphsdb/mcs30/m4D/m4Dr4/mcs30_m4Dr4_s50.A07 fileNameGt=../../cp2016-max-common-connected-subgraph-paper/datasets/graphsdb/mcs30/m4D/m4Dr4/mcs30_m4Dr4_s50.B07
Reading graphs...
50 :  106
50 :  105
Initializing...
maxdom : 50
D->valSize : 2500
Solving...
currentSize : 22 <-- 0.119927 s
currentSize : 23 <-- 0.120304 s
currentSize : 25 <-- 0.120957 s
currentSize : 26 <-- 1.073601 s
currentSize : 27 <-- 2.032829 s
currentSize : 28 <-- 6.606381 s
currentSize : 29 <-- 11.148974 s
currentSize : 30 <-- 35.570473 s
currentSize : 31 <-- 155.638977 s

TIMEOUT
maxsize : 31
nodes : 157711257.000000
filtered : 3342120318.000000
time : 1000.000061
