Parameters: GAD=1 vflib=1 dir=0 label=0 lowerbound=1 fileNameGp=../../cp2016-max-common-connected-subgraph-paper/datasets/graphsdb/mcs30/m2D/m2Dr6/mcs30_m2Dr6_s50.A03 fileNameGt=../../cp2016-max-common-connected-subgraph-paper/datasets/graphsdb/mcs30/m2D/m2Dr6/mcs30_m2Dr6_s50.B03
Reading graphs...
50 :  112
50 :  112
Initializing...
maxdom : 50
D->valSize : 2500
Solving...
currentSize : 20 <-- 0.094170 s
currentSize : 22 <-- 0.094215 s
currentSize : 24 <-- 0.098715 s
currentSize : 25 <-- 0.098732 s
currentSize : 26 <-- 0.584808 s
currentSize : 27 <-- 1.157324 s
currentSize : 28 <-- 1.974886 s
currentSize : 29 <-- 506.493011 s
currentSize : 30 <-- 534.456055 s

TIMEOUT
maxsize : 30
nodes : 155272206.000000
filtered : 3108251681.000000
time : 1000.000061
