Parameters: GAD=1 vflib=1 dir=0 label=0 lowerbound=1 fileNameGp=../../cp2016-max-common-connected-subgraph-paper/datasets/graphsdb/mcs30/m3D/m3D/mcs30_m3D_s30.A06 fileNameGt=../../cp2016-max-common-connected-subgraph-paper/datasets/graphsdb/mcs30/m3D/m3D/mcs30_m3D_s30.B06
Reading graphs...
30 :  61
30 :  59
Initializing...
maxdom : 30
D->valSize : 900
Solving...
currentSize : 14 <-- 0.018724 s
currentSize : 15 <-- 0.019694 s
currentSize : 16 <-- 0.019796 s
currentSize : 17 <-- 0.046263 s
currentSize : 18 <-- 0.287676 s
currentSize : 19 <-- 2.149783 s
currentSize : 20 <-- 6.804179 s

maxsize : 20
nodes : 18351357.000000
filtered : 421289458.000000
time : 89.869743
