Parameters: GAD=1 vflib=1 dir=0 label=0 lowerbound=1 fileNameGp=../../cp2016-max-common-connected-subgraph-paper/datasets/graphsdb/mcs30/m3D/m3Dr6/mcs30_m3Dr6_s30.A03 fileNameGt=../../cp2016-max-common-connected-subgraph-paper/datasets/graphsdb/mcs30/m3D/m3Dr6/mcs30_m3Dr6_s30.B03
Reading graphs...
30 :  75
30 :  73
Initializing...
maxdom : 30
D->valSize : 900
Solving...
currentSize : 12 <-- 0.010390 s
currentSize : 13 <-- 0.010492 s
currentSize : 14 <-- 0.010751 s
currentSize : 15 <-- 0.011354 s
currentSize : 16 <-- 0.016147 s
currentSize : 17 <-- 2.693113 s
currentSize : 18 <-- 37.334785 s
currentSize : 19 <-- 129.522369 s

maxsize : 19
nodes : 43944308.000000
filtered : 859881983.000000
time : 200.190094
