Parameters: GAD=1 vflib=1 dir=0 label=0 lowerbound=1 fileNameGp=../../cp2016-max-common-connected-subgraph-paper/datasets/graphsdb/mcs30/m2D/m2D/mcs30_m2D_s30.A03 fileNameGt=../../cp2016-max-common-connected-subgraph-paper/datasets/graphsdb/mcs30/m2D/m2D/mcs30_m2D_s30.B03
Reading graphs...
30 :  49
30 :  48
Initializing...
maxdom : 30
D->valSize : 900
Solving...
currentSize : 15 <-- 0.019398 s
currentSize : 16 <-- 0.022793 s
currentSize : 17 <-- 0.252903 s
currentSize : 18 <-- 0.293079 s
currentSize : 19 <-- 0.378290 s
currentSize : 20 <-- 10.514048 s
currentSize : 21 <-- 16.765236 s

maxsize : 21
nodes : 15875044.000000
filtered : 285902414.000000
time : 68.597313
