Parameters: GAD=1 vflib=1 dir=0 label=0 lowerbound=1 fileNameGp=../../cp2016-max-common-connected-subgraph-paper/datasets/graphsdb/mcs30/bvg/b06/mcs30_b06_s40.A08 fileNameGt=../../cp2016-max-common-connected-subgraph-paper/datasets/graphsdb/mcs30/bvg/b06/mcs30_b06_s40.B08
Reading graphs...
40 :  119
40 :  117
Initializing...
maxdom : 40
D->valSize : 1600
Solving...
currentSize : 17 <-- 0.055908 s
currentSize : 18 <-- 0.064052 s
currentSize : 19 <-- 0.064130 s
currentSize : 20 <-- 0.372967 s
currentSize : 21 <-- 1.844738 s
currentSize : 22 <-- 27.197117 s
currentSize : 23 <-- 66.046516 s

TIMEOUT
maxsize : 23
nodes : 174730250.000000
filtered : 4424542690.000000
time : 1000.000061
