Parameters: GAD=1 vflib=1 dir=0 label=0 lowerbound=1 fileNameGp=../../cp2016-max-common-connected-subgraph-paper/datasets/graphsdb/mcs30/bvg/b06m/mcs30_b06m_s35.A04 fileNameGt=../../cp2016-max-common-connected-subgraph-paper/datasets/graphsdb/mcs30/bvg/b06m/mcs30_b06m_s35.B04
Reading graphs...
35 :  102
35 :  103
Initializing...
maxdom : 35
D->valSize : 1225
Solving...
currentSize : 14 <-- 0.019100 s
currentSize : 16 <-- 0.019130 s
currentSize : 17 <-- 0.019249 s
currentSize : 18 <-- 0.127645 s
currentSize : 19 <-- 0.506164 s
currentSize : 20 <-- 3.851216 s
currentSize : 21 <-- 138.832520 s

TIMEOUT
maxsize : 21
nodes : 180455954.000000
filtered : 4499895123.000000
time : 1000.000000
