Parameters: GAD=1 vflib=1 dir=0 label=0 lowerbound=1 fileNameGp=../../cp2016-max-common-connected-subgraph-paper/datasets/graphsdb/mcs30/bvg/b09/mcs30_b09_s35.A06 fileNameGt=../../cp2016-max-common-connected-subgraph-paper/datasets/graphsdb/mcs30/bvg/b09/mcs30_b09_s35.B06
Reading graphs...
35 :  149
35 :  152
Initializing...
maxdom : 35
D->valSize : 1225
Solving...
currentSize : 10 <-- 0.031347 s
currentSize : 11 <-- 0.031378 s
currentSize : 12 <-- 0.031518 s
currentSize : 13 <-- 0.031623 s
currentSize : 14 <-- 0.032163 s
currentSize : 15 <-- 0.050644 s
currentSize : 16 <-- 0.163857 s
currentSize : 17 <-- 0.167170 s
currentSize : 18 <-- 3.380215 s
currentSize : 19 <-- 10.295551 s

TIMEOUT
maxsize : 19
nodes : 175887707.000000
filtered : 4475085838.000000
time : 1000.000061
