Parameters: GAD=1 vflib=1 dir=0 label=0 lowerbound=1 fileNameGp=../../cp2016-max-common-connected-subgraph-paper/datasets/graphsdb/mcs30/rand/r02/mcs30_r02_s50.A09 fileNameGt=../../cp2016-max-common-connected-subgraph-paper/datasets/graphsdb/mcs30/rand/r02/mcs30_r02_s50.B09
Reading graphs...
50 :  440
50 :  436
Initializing...
maxdom : 50
D->valSize : 2500
Solving...
currentSize : 11 <-- 0.091479 s
currentSize : 12 <-- 0.091513 s
currentSize : 13 <-- 0.091893 s
currentSize : 14 <-- 0.096829 s
currentSize : 15 <-- 0.399311 s
currentSize : 16 <-- 0.411626 s
currentSize : 17 <-- 26.981279 s

TIMEOUT
maxsize : 17
nodes : 194805035.000000
filtered : 2036213913.000000
time : 1000.000061
