Parameters: GAD=1 vflib=1 dir=0 label=0 lowerbound=1 fileNameGp=../../cp2016-max-common-connected-subgraph-paper/datasets/graphsdb/mcs30/m3D/m3Dr4/mcs30_m3Dr4_s25.A07 fileNameGt=../../cp2016-max-common-connected-subgraph-paper/datasets/graphsdb/mcs30/m3D/m3Dr4/mcs30_m3Dr4_s25.B07
Reading graphs...
25 :  57
25 :  56
Initializing...
maxdom : 25
D->valSize : 625
Solving...
currentSize : 9 <-- 0.008646 s
currentSize : 10 <-- 0.008668 s
currentSize : 12 <-- 0.008814 s
currentSize : 13 <-- 0.009561 s
currentSize : 14 <-- 0.009587 s
currentSize : 15 <-- 0.011581 s
currentSize : 16 <-- 0.012352 s
currentSize : 17 <-- 7.837243 s

maxsize : 17
nodes : 2265789.000000
filtered : 40544162.000000
time : 9.236991
