Parameters: GAD=1 vflib=1 dir=0 label=0 lowerbound=1 fileNameGp=../../cp2016-max-common-connected-subgraph-paper/datasets/graphsdb/mcs30/bvg/b03/mcs30_b03_s25.A09 fileNameGt=../../cp2016-max-common-connected-subgraph-paper/datasets/graphsdb/mcs30/bvg/b03/mcs30_b03_s25.B09
Reading graphs...
25 :  36
25 :  37
Initializing...
maxdom : 25
D->valSize : 625
Solving...
currentSize : 4 <-- 0.005256 s
currentSize : 8 <-- 0.005311 s
currentSize : 9 <-- 0.005334 s
currentSize : 11 <-- 0.005399 s
currentSize : 12 <-- 0.007749 s
currentSize : 13 <-- 0.036619 s
currentSize : 15 <-- 0.040898 s
currentSize : 16 <-- 0.321153 s

maxsize : 16
nodes : 4955377.000000
filtered : 46474943.000000
time : 15.310292
