Parameters: GAD=1 vflib=1 dir=0 label=0 lowerbound=1 fileNameGp=../../cp2016-max-common-connected-subgraph-paper/datasets/graphsdb/mcs30/bvg/b03m/mcs30_b03m_s25.A03 fileNameGt=../../cp2016-max-common-connected-subgraph-paper/datasets/graphsdb/mcs30/bvg/b03m/mcs30_b03m_s25.B03
Reading graphs...
25 :  36
25 :  37
Initializing...
maxdom : 25
D->valSize : 625
Solving...
currentSize : 11 <-- 0.005438 s
currentSize : 12 <-- 0.005673 s
currentSize : 13 <-- 0.008694 s
currentSize : 14 <-- 0.015120 s
currentSize : 15 <-- 0.017122 s
currentSize : 16 <-- 0.214559 s
currentSize : 17 <-- 0.839171 s
currentSize : 18 <-- 1.525864 s

maxsize : 18
nodes : 798613.000000
filtered : 10796112.000000
time : 2.944252
