Parameters: GAD=1 vflib=1 dir=0 label=0 lowerbound=1 fileNameGp=../../cp2016-max-common-connected-subgraph-paper/datasets/graphsdb/mcs30/rand/r005/mcs30_r005_s50.A04 fileNameGt=../../cp2016-max-common-connected-subgraph-paper/datasets/graphsdb/mcs30/rand/r005/mcs30_r005_s50.B04
Reading graphs...
50 :  125
50 :  126
Initializing...
maxdom : 50
D->valSize : 2500
Solving...
currentSize : 20 <-- 0.113131 s
currentSize : 21 <-- 0.113287 s
currentSize : 22 <-- 0.129800 s
currentSize : 23 <-- 0.130296 s
currentSize : 24 <-- 0.163959 s
currentSize : 25 <-- 0.183076 s
currentSize : 26 <-- 9.453510 s
currentSize : 27 <-- 34.869148 s
currentSize : 28 <-- 35.113506 s
currentSize : 29 <-- 318.125458 s
currentSize : 30 <-- 576.650269 s

TIMEOUT
maxsize : 30
nodes : 155746119.000000
filtered : 3984103200.000000
time : 1000.000061
