Parameters: GAD=1 vflib=1 dir=0 label=0 lowerbound=1 fileNameGp=../../cp2016-max-common-connected-subgraph-paper/datasets/graphsdb/mcs30/m2D/m2Dr6/mcs30_m2Dr6_s30.A09 fileNameGt=../../cp2016-max-common-connected-subgraph-paper/datasets/graphsdb/mcs30/m2D/m2Dr6/mcs30_m2Dr6_s30.B09
Reading graphs...
30 :  66
30 :  65
Initializing...
maxdom : 30
D->valSize : 900
Solving...
currentSize : 14 <-- 0.010520 s
currentSize : 15 <-- 0.010545 s
currentSize : 16 <-- 0.024443 s
currentSize : 17 <-- 0.046985 s
currentSize : 18 <-- 0.049717 s
currentSize : 19 <-- 0.412390 s
currentSize : 20 <-- 84.132782 s

maxsize : 20
nodes : 28427880.000000
filtered : 605109548.000000
time : 135.699738
