Parameters: GAD=1 vflib=1 dir=0 label=0 lowerbound=1 fileNameGp=../../cp2016-max-common-connected-subgraph-paper/datasets/graphsdb/mcs30/m3D/m3D/mcs30_m3D_s30.A08 fileNameGt=../../cp2016-max-common-connected-subgraph-paper/datasets/graphsdb/mcs30/m3D/m3D/mcs30_m3D_s30.B08
Reading graphs...
30 :  59
30 :  61
Initializing...
maxdom : 30
D->valSize : 900
Solving...
currentSize : 14 <-- 0.010643 s
currentSize : 15 <-- 0.010701 s
currentSize : 16 <-- 0.010732 s
currentSize : 17 <-- 0.029190 s
currentSize : 18 <-- 0.089494 s
currentSize : 19 <-- 0.189140 s
currentSize : 20 <-- 5.331427 s

maxsize : 20
nodes : 14902945.000000
filtered : 330889352.000000
time : 72.388351
