Parameters: GAD=1 vflib=1 dir=0 label=0 lowerbound=1 fileNameGp=../../cp2016-max-common-connected-subgraph-paper/datasets/graphsdb/mcs30/rand/r01/mcs30_r01_s25.A04 fileNameGt=../../cp2016-max-common-connected-subgraph-paper/datasets/graphsdb/mcs30/rand/r01/mcs30_r01_s25.B04
Reading graphs...
25 :  59
25 :  59
Initializing...
maxdom : 25
D->valSize : 625
Solving...
currentSize : 11 <-- 0.005098 s
currentSize : 12 <-- 0.005171 s
currentSize : 13 <-- 0.005481 s
currentSize : 14 <-- 0.005858 s
currentSize : 15 <-- 0.041153 s
currentSize : 16 <-- 0.345835 s
currentSize : 17 <-- 3.641210 s

maxsize : 17
nodes : 1434599.000000
filtered : 27994411.000000
time : 5.916641
