Parameters: GAD=1 vflib=1 dir=0 label=0 lowerbound=1 fileNameGp=../../cp2016-max-common-connected-subgraph-paper/datasets/graphsdb/mcs30/bvg/b03/mcs30_b03_s40.A06 fileNameGt=../../cp2016-max-common-connected-subgraph-paper/datasets/graphsdb/mcs30/bvg/b03/mcs30_b03_s40.B06
Reading graphs...
40 :  60
40 :  60
Initializing...
maxdom : 40
D->valSize : 1600
Solving...
currentSize : 17 <-- 0.063425 s
currentSize : 18 <-- 0.063518 s
currentSize : 19 <-- 0.063597 s
currentSize : 21 <-- 0.063614 s
currentSize : 22 <-- 0.079977 s
currentSize : 23 <-- 0.400545 s
currentSize : 24 <-- 32.579163 s
currentSize : 25 <-- 83.226326 s
currentSize : 26 <-- 85.311287 s
currentSize : 27 <-- 592.816162 s

TIMEOUT
maxsize : 27
nodes : 223506216.000000
filtered : 3319171736.000000
time : 1000.000000
