Parameters: GAD=1 vflib=1 dir=0 label=0 lowerbound=1 fileNameGp=../../cp2016-max-common-connected-subgraph-paper/datasets/graphsdb/mcs30/bvg/b09m/mcs30_b09m_s40.A04 fileNameGt=../../cp2016-max-common-connected-subgraph-paper/datasets/graphsdb/mcs30/bvg/b09m/mcs30_b09m_s40.B04
Reading graphs...
40 :  171
40 :  174
Initializing...
maxdom : 40
D->valSize : 1600
Solving...
currentSize : 12 <-- 0.031799 s
currentSize : 13 <-- 0.032568 s
currentSize : 14 <-- 0.038635 s
currentSize : 15 <-- 0.043128 s
currentSize : 16 <-- 0.043588 s
currentSize : 17 <-- 0.095084 s
currentSize : 18 <-- 3.113761 s
currentSize : 19 <-- 7.457436 s
currentSize : 20 <-- 977.871399 s

TIMEOUT
maxsize : 20
nodes : 191342592.000000
filtered : 3684422318.000000
time : 1000.000000
