Parameters: GAD=1 vflib=1 dir=0 label=0 lowerbound=1 fileNameGp=../../cp2016-max-common-connected-subgraph-paper/datasets/graphsdb/mcs30/m4D/m4D/mcs30_m4D_s50.A05 fileNameGt=../../cp2016-max-common-connected-subgraph-paper/datasets/graphsdb/mcs30/m4D/m4D/mcs30_m4D_s50.B05
Reading graphs...
50 :  87
50 :  87
Initializing...
maxdom : 50
D->valSize : 2500
Solving...
currentSize : 17 <-- 0.096266 s
currentSize : 20 <-- 0.096446 s
currentSize : 21 <-- 0.100068 s
currentSize : 22 <-- 0.151630 s
currentSize : 23 <-- 0.917918 s
currentSize : 24 <-- 8.521765 s
currentSize : 25 <-- 9.614105 s
currentSize : 26 <-- 15.566447 s
currentSize : 27 <-- 20.931200 s

TIMEOUT
maxsize : 27
nodes : 248573061.000000
filtered : 2708515473.000000
time : 1000.000000
