Parameters: GAD=1 vflib=1 dir=0 label=0 lowerbound=1 fileNameGp=../../cp2016-max-common-connected-subgraph-paper/datasets/graphsdb/mcs30/bvg/b06/mcs30_b06_s35.A05 fileNameGt=../../cp2016-max-common-connected-subgraph-paper/datasets/graphsdb/mcs30/bvg/b06/mcs30_b06_s35.B05
Reading graphs...
35 :  103
35 :  104
Initializing...
maxdom : 35
D->valSize : 1225
Solving...
currentSize : 12 <-- 0.033068 s
currentSize : 13 <-- 0.033201 s
currentSize : 14 <-- 0.034655 s
currentSize : 15 <-- 0.035237 s
currentSize : 16 <-- 0.062055 s
currentSize : 17 <-- 0.102473 s
currentSize : 18 <-- 0.164679 s
currentSize : 19 <-- 1.009588 s
currentSize : 20 <-- 12.385647 s

TIMEOUT
maxsize : 20
nodes : 192591971.000000
filtered : 4459335036.000000
time : 1000.000000
