Parameters: GAD=1 vflib=1 dir=0 label=0 lowerbound=1 fileNameGp=../../cp2016-max-common-connected-subgraph-paper/datasets/graphsdb/mcs30/rand/r01/mcs30_r01_s50.A06 fileNameGt=../../cp2016-max-common-connected-subgraph-paper/datasets/graphsdb/mcs30/rand/r01/mcs30_r01_s50.B06
Reading graphs...
50 :  235
50 :  226
Initializing...
maxdom : 50
D->valSize : 2500
Solving...
currentSize : 16 <-- 0.138427 s
currentSize : 17 <-- 0.138571 s
currentSize : 18 <-- 0.146593 s
currentSize : 19 <-- 0.219214 s
currentSize : 20 <-- 0.391397 s
currentSize : 21 <-- 1.617203 s
currentSize : 22 <-- 18.050144 s

TIMEOUT
maxsize : 22
nodes : 176368511.000000
filtered : 3175482579.000000
time : 1000.000061
