Parameters: GAD=1 vflib=1 dir=0 label=0 lowerbound=1 fileNameGp=../../cp2016-max-common-connected-subgraph-paper/datasets/graphsdb/mcs30/m4D/m4Dr6/mcs30_m4Dr6_s50.A01 fileNameGt=../../cp2016-max-common-connected-subgraph-paper/datasets/graphsdb/mcs30/m4D/m4Dr6/mcs30_m4Dr6_s50.B01
Reading graphs...
50 :  113
50 :  110
Initializing...
maxdom : 50
D->valSize : 2500
Solving...
currentSize : 21 <-- 0.094252 s
currentSize : 22 <-- 0.094288 s
currentSize : 23 <-- 0.094409 s
currentSize : 24 <-- 0.095660 s
currentSize : 25 <-- 0.185566 s
currentSize : 26 <-- 1.231366 s
currentSize : 27 <-- 93.043457 s
currentSize : 28 <-- 95.804550 s
currentSize : 29 <-- 266.994110 s
currentSize : 30 <-- 315.764435 s

TIMEOUT
maxsize : 30
nodes : 185463196.000000
filtered : 3279732864.000000
time : 1000.000061
