Parameters: GAD=1 vflib=1 dir=0 label=0 lowerbound=1 fileNameGp=../../cp2016-max-common-connected-subgraph-paper/datasets/graphsdb/mcs30/bvg/b06/mcs30_b06_s50.A09 fileNameGt=../../cp2016-max-common-connected-subgraph-paper/datasets/graphsdb/mcs30/bvg/b06/mcs30_b06_s50.B09
Reading graphs...
50 :  148
50 :  147
Initializing...
maxdom : 50
D->valSize : 2500
Solving...
currentSize : 21 <-- 0.091200 s
currentSize : 22 <-- 0.091746 s
currentSize : 23 <-- 0.116675 s
currentSize : 24 <-- 0.317867 s
currentSize : 25 <-- 1.174378 s
currentSize : 26 <-- 1.291734 s
currentSize : 27 <-- 7.942295 s
currentSize : 28 <-- 96.451286 s

TIMEOUT
maxsize : 28
nodes : 153059387.000000
filtered : 4387593461.000000
time : 1000.000061
