Parameters: GAD=1 vflib=1 dir=0 label=0 lowerbound=1 fileNameGp=../../cp2016-max-common-connected-subgraph-paper/datasets/graphsdb/mcs30/bvg/b06m/mcs30_b06m_s40.A06 fileNameGt=../../cp2016-max-common-connected-subgraph-paper/datasets/graphsdb/mcs30/bvg/b06m/mcs30_b06m_s40.B06
Reading graphs...
40 :  115
40 :  117
Initializing...
maxdom : 40
D->valSize : 1600
Solving...
currentSize : 16 <-- 0.033816 s
currentSize : 17 <-- 0.033949 s
currentSize : 18 <-- 0.040824 s
currentSize : 19 <-- 0.055102 s
currentSize : 20 <-- 0.099781 s
currentSize : 21 <-- 0.244695 s
currentSize : 22 <-- 0.684154 s
currentSize : 23 <-- 72.163483 s

TIMEOUT
maxsize : 23
nodes : 173878153.000000
filtered : 4099405321.000000
time : 1000.000000
