Parameters: GAD=1 vflib=1 dir=0 label=0 lowerbound=1 fileNameGp=../../cp2016-max-common-connected-subgraph-paper/datasets/graphsdb/mcs30/bvg/b06/mcs30_b06_s30.A09 fileNameGt=../../cp2016-max-common-connected-subgraph-paper/datasets/graphsdb/mcs30/bvg/b06/mcs30_b06_s30.B09
Reading graphs...
30 :  88
30 :  90
Initializing...
maxdom : 30
D->valSize : 900
Solving...
currentSize : 9 <-- 0.017943 s
currentSize : 10 <-- 0.017980 s
currentSize : 11 <-- 0.018144 s
currentSize : 12 <-- 0.018157 s
currentSize : 13 <-- 0.019052 s
currentSize : 14 <-- 0.022692 s
currentSize : 15 <-- 0.148239 s
currentSize : 16 <-- 0.167827 s
currentSize : 17 <-- 0.244966 s
currentSize : 18 <-- 8.087724 s

maxsize : 18
nodes : 13766362.000000
filtered : 317629401.000000
time : 68.889160
