Parameters: GAD=1 vflib=1 dir=0 label=0 lowerbound=1 fileNameGp=../../cp2016-max-common-connected-subgraph-paper/datasets/graphsdb/mcs30/m2D/m2Dr2/mcs30_m2Dr2_s50.A04 fileNameGt=../../cp2016-max-common-connected-subgraph-paper/datasets/graphsdb/mcs30/m2D/m2Dr2/mcs30_m2Dr2_s50.B04
Reading graphs...
50 :  93
50 :  94
Initializing...
maxdom : 50
D->valSize : 2500
Solving...
currentSize : 23 <-- 0.095691 s
currentSize : 24 <-- 0.096377 s
currentSize : 25 <-- 0.097126 s
currentSize : 26 <-- 0.216898 s
currentSize : 27 <-- 0.216931 s
currentSize : 28 <-- 8.343762 s
currentSize : 29 <-- 8.924170 s
currentSize : 30 <-- 87.509087 s
currentSize : 31 <-- 88.959373 s

TIMEOUT
maxsize : 31
nodes : 233302207.000000
filtered : 2365968093.000000
time : 1000.000061
