Parameters: GAD=1 vflib=1 dir=0 label=0 lowerbound=1 fileNameGp=../../cp2016-max-common-connected-subgraph-paper/datasets/graphsdb/mcs30/m3D/m3Dr2/mcs30_m3Dr2_s25.A00 fileNameGt=../../cp2016-max-common-connected-subgraph-paper/datasets/graphsdb/mcs30/m3D/m3Dr2/mcs30_m3Dr2_s25.B00
Reading graphs...
25 :  52
25 :  52
Initializing...
maxdom : 25
D->valSize : 625
Solving...
currentSize : 9 <-- 0.005000 s
currentSize : 12 <-- 0.005020 s
currentSize : 13 <-- 0.005078 s
currentSize : 14 <-- 0.012307 s
currentSize : 15 <-- 0.021076 s
currentSize : 16 <-- 0.025819 s
currentSize : 17 <-- 0.263788 s

maxsize : 17
nodes : 635550.000000
filtered : 12974304.000000
time : 2.688057
