Parameters: GAD=1 vflib=1 dir=0 label=0 lowerbound=1 fileNameGp=../../cp2016-max-common-connected-subgraph-paper/datasets/graphsdb/mcs30/rand/r005/mcs30_r005_s20.A01 fileNameGt=../../cp2016-max-common-connected-subgraph-paper/datasets/graphsdb/mcs30/rand/r005/mcs30_r005_s20.B01
Reading graphs...
20 :  23
20 :  23
Initializing...
maxdom : 20
D->valSize : 400
Solving...
currentSize : 5 <-- 0.002270 s
currentSize : 6 <-- 0.002288 s
currentSize : 8 <-- 0.002301 s
currentSize : 9 <-- 0.002494 s
currentSize : 10 <-- 0.002823 s
currentSize : 12 <-- 0.002899 s
currentSize : 13 <-- 0.110553 s
currentSize : 14 <-- 0.331292 s

maxsize : 14
nodes : 260212.000000
filtered : 1803004.000000
time : 0.617436
