Parameters: GAD=1 vflib=1 dir=0 label=0 lowerbound=1 fileNameGp=../../cp2016-max-common-connected-subgraph-paper/datasets/graphsdb/mcs30/rand/r005/mcs30_r005_s20.A02 fileNameGt=../../cp2016-max-common-connected-subgraph-paper/datasets/graphsdb/mcs30/rand/r005/mcs30_r005_s20.B02
Reading graphs...
20 :  23
20 :  23
Initializing...
maxdom : 20
D->valSize : 400
Solving...
currentSize : 6 <-- 0.003989 s
currentSize : 7 <-- 0.004037 s
currentSize : 8 <-- 0.004589 s
currentSize : 9 <-- 0.004656 s
currentSize : 10 <-- 0.004667 s
currentSize : 13 <-- 0.004689 s
currentSize : 14 <-- 0.018709 s
currentSize : 15 <-- 0.034007 s

maxsize : 15
nodes : 32449.000000
filtered : 409222.000000
time : 0.168575
