Parameters: GAD=1 vflib=1 dir=0 label=0 lowerbound=1 fileNameGp=../../cp2016-max-common-connected-subgraph-paper/datasets/graphsdb/mcs30/bvg/b06/mcs30_b06_s30.A06 fileNameGt=../../cp2016-max-common-connected-subgraph-paper/datasets/graphsdb/mcs30/bvg/b06/mcs30_b06_s30.B06
Reading graphs...
30 :  87
30 :  86
Initializing...
maxdom : 30
D->valSize : 900
Solving...
currentSize : 12 <-- 0.017711 s
currentSize : 14 <-- 0.024658 s
currentSize : 15 <-- 0.053407 s
currentSize : 16 <-- 0.186007 s
currentSize : 17 <-- 1.095129 s
currentSize : 18 <-- 2.138192 s
currentSize : 19 <-- 51.575047 s

maxsize : 19
nodes : 13175342.000000
filtered : 275309655.000000
time : 61.179150
