Parameters: GAD=1 vflib=1 dir=0 label=0 lowerbound=1 fileNameGp=../../cp2016-max-common-connected-subgraph-paper/datasets/graphsdb/mcs30/bvg/b06/mcs30_b06_s40.A07 fileNameGt=../../cp2016-max-common-connected-subgraph-paper/datasets/graphsdb/mcs30/bvg/b06/mcs30_b06_s40.B07
Reading graphs...
40 :  116
40 :  120
Initializing...
maxdom : 40
D->valSize : 1600
Solving...
currentSize : 15 <-- 0.033670 s
currentSize : 16 <-- 0.033715 s
currentSize : 18 <-- 0.034024 s
currentSize : 19 <-- 0.119800 s
currentSize : 20 <-- 0.873681 s
currentSize : 21 <-- 1.050642 s
currentSize : 22 <-- 7.770122 s
currentSize : 23 <-- 643.898621 s

TIMEOUT
maxsize : 23
nodes : 181463071.000000
filtered : 3833234992.000000
time : 1000.000061
