Parameters: GAD=1 vflib=1 dir=0 label=0 lowerbound=1 fileNameGp=../../cp2016-max-common-connected-subgraph-paper/datasets/graphsdb/mcs30/rand/r01/mcs30_r01_s40.A05 fileNameGt=../../cp2016-max-common-connected-subgraph-paper/datasets/graphsdb/mcs30/rand/r01/mcs30_r01_s40.B05
Reading graphs...
40 :  142
40 :  149
Initializing...
maxdom : 40
D->valSize : 1600
Solving...
currentSize : 14 <-- 0.055112 s
currentSize : 15 <-- 0.055223 s
currentSize : 16 <-- 0.056358 s
currentSize : 18 <-- 0.059194 s
currentSize : 19 <-- 0.096095 s
currentSize : 20 <-- 1.531006 s
currentSize : 21 <-- 181.644165 s

TIMEOUT
maxsize : 21
nodes : 182534082.000000
filtered : 3968179348.000000
time : 1000.000061
