Parameters: GAD=1 vflib=1 dir=0 label=0 lowerbound=1 fileNameGp=../../cp2016-max-common-connected-subgraph-paper/datasets/graphsdb/mcs30/m3D/m3Dr6/mcs30_m3Dr6_s30.A07 fileNameGt=../../cp2016-max-common-connected-subgraph-paper/datasets/graphsdb/mcs30/m3D/m3Dr6/mcs30_m3Dr6_s30.B07
Reading graphs...
30 :  76
30 :  74
Initializing...
maxdom : 30
D->valSize : 900
Solving...
currentSize : 12 <-- 0.010422 s
currentSize : 13 <-- 0.010442 s
currentSize : 15 <-- 0.013964 s
currentSize : 16 <-- 0.019119 s
currentSize : 17 <-- 0.478909 s
currentSize : 18 <-- 3.708200 s
currentSize : 19 <-- 127.785614 s

maxsize : 19
nodes : 52990310.000000
filtered : 1101705191.000000
time : 252.194763
