Parameters: GAD=1 vflib=1 dir=0 label=0 lowerbound=1 fileNameGp=../../cp2016-max-common-connected-subgraph-paper/datasets/graphsdb/mcs30/rand/r01/mcs30_r01_s35.A02 fileNameGt=../../cp2016-max-common-connected-subgraph-paper/datasets/graphsdb/mcs30/rand/r01/mcs30_r01_s35.B02
Reading graphs...
35 :  113
35 :  110
Initializing...
maxdom : 35
D->valSize : 1225
Solving...
currentSize : 13 <-- 0.019065 s
currentSize : 14 <-- 0.019157 s
currentSize : 15 <-- 0.021858 s
currentSize : 16 <-- 0.022699 s
currentSize : 17 <-- 0.051094 s
currentSize : 18 <-- 0.086477 s
currentSize : 19 <-- 12.139082 s
currentSize : 20 <-- 26.862061 s

TIMEOUT
maxsize : 20
nodes : 189026948.000000
filtered : 4489029141.000000
time : 1000.000061
