Parameters: GAD=1 vflib=1 dir=0 label=0 lowerbound=1 fileNameGp=../../cp2016-max-common-connected-subgraph-paper/datasets/graphsdb/mcs30/bvg/b03/mcs30_b03_s40.A05 fileNameGt=../../cp2016-max-common-connected-subgraph-paper/datasets/graphsdb/mcs30/bvg/b03/mcs30_b03_s40.B05
Reading graphs...
40 :  60
40 :  60
Initializing...
maxdom : 40
D->valSize : 1600
Solving...
currentSize : 17 <-- 0.054329 s
currentSize : 18 <-- 0.054891 s
currentSize : 19 <-- 0.063904 s
currentSize : 20 <-- 0.583886 s
currentSize : 21 <-- 0.677369 s
currentSize : 22 <-- 0.677844 s
currentSize : 23 <-- 0.699375 s
currentSize : 24 <-- 17.199169 s
currentSize : 25 <-- 40.861298 s

TIMEOUT
maxsize : 25
nodes : 287825781.000000
filtered : 2383876978.000000
time : 1000.000000
