Parameters: GAD=1 vflib=1 dir=0 label=0 lowerbound=1 fileNameGp=../../cp2016-max-common-connected-subgraph-paper/datasets/graphsdb/mcs30/m2D/m2D/mcs30_m2D_s30.A01 fileNameGt=../../cp2016-max-common-connected-subgraph-paper/datasets/graphsdb/mcs30/m2D/m2D/mcs30_m2D_s30.B01
Reading graphs...
30 :  47
30 :  48
Initializing...
maxdom : 30
D->valSize : 900
Solving...
currentSize : 15 <-- 0.011071 s
currentSize : 16 <-- 0.011109 s
currentSize : 17 <-- 0.013851 s
currentSize : 18 <-- 0.084016 s
currentSize : 19 <-- 0.686019 s
currentSize : 20 <-- 2.501097 s
currentSize : 21 <-- 4.335332 s
currentSize : 22 <-- 33.776623 s

maxsize : 22
nodes : 9448667.000000
filtered : 186491697.000000
time : 45.196789
