Parameters: GAD=1 vflib=1 dir=0 label=0 lowerbound=1 fileNameGp=../../cp2016-max-common-connected-subgraph-paper/datasets/graphsdb/mcs30/bvg/b06/mcs30_b06_s50.A07 fileNameGt=../../cp2016-max-common-connected-subgraph-paper/datasets/graphsdb/mcs30/bvg/b06/mcs30_b06_s50.B07
Reading graphs...
50 :  148
50 :  148
Initializing...
maxdom : 50
D->valSize : 2500
Solving...
currentSize : 19 <-- 0.091099 s
currentSize : 21 <-- 0.091123 s
currentSize : 22 <-- 0.091195 s
currentSize : 23 <-- 0.272130 s
currentSize : 24 <-- 0.619165 s
currentSize : 25 <-- 30.212126 s
currentSize : 26 <-- 31.864355 s
currentSize : 27 <-- 84.635612 s
currentSize : 28 <-- 706.552979 s

TIMEOUT
maxsize : 28
nodes : 158949483.000000
filtered : 3920369085.000000
time : 1000.000061
