Parameters: GAD=1 vflib=1 dir=0 label=0 lowerbound=1 fileNameGp=../../cp2016-max-common-connected-subgraph-paper/datasets/graphsdb/mcs30/bvg/b06/mcs30_b06_s35.A04 fileNameGt=../../cp2016-max-common-connected-subgraph-paper/datasets/graphsdb/mcs30/bvg/b06/mcs30_b06_s35.B04
Reading graphs...
35 :  102
35 :  103
Initializing...
maxdom : 35
D->valSize : 1225
Solving...
currentSize : 13 <-- 0.019361 s
currentSize : 14 <-- 0.019692 s
currentSize : 16 <-- 0.023093 s
currentSize : 17 <-- 0.044218 s
currentSize : 18 <-- 0.103671 s
currentSize : 19 <-- 0.599227 s
currentSize : 20 <-- 3.779115 s
currentSize : 21 <-- 35.409248 s

TIMEOUT
maxsize : 21
nodes : 180907058.000000
filtered : 4762213095.000000
time : 1000.000000
