Parameters: GAD=1 vflib=1 dir=0 label=0 lowerbound=1 fileNameGp=../../cp2016-max-common-connected-subgraph-paper/datasets/graphsdb/mcs30/bvg/b03/mcs30_b03_s50.A06 fileNameGt=../../cp2016-max-common-connected-subgraph-paper/datasets/graphsdb/mcs30/bvg/b03/mcs30_b03_s50.B06
Reading graphs...
50 :  75
50 :  74
Initializing...
maxdom : 50
D->valSize : 2500
Solving...
currentSize : 21 <-- 0.097881 s
currentSize : 23 <-- 0.098770 s
currentSize : 24 <-- 0.101703 s
currentSize : 25 <-- 0.136986 s
currentSize : 26 <-- 0.443718 s
currentSize : 27 <-- 6.713790 s
currentSize : 28 <-- 7.600753 s
currentSize : 29 <-- 438.972137 s

TIMEOUT
maxsize : 29
nodes : 259028686.000000
filtered : 2399311409.000000
time : 1000.000000
