Parameters: GAD=1 vflib=1 dir=0 label=0 lowerbound=1 fileNameGp=../../cp2016-max-common-connected-subgraph-paper/datasets/graphsdb/mcs30/rand/r005/mcs30_r005_s30.A03 fileNameGt=../../cp2016-max-common-connected-subgraph-paper/datasets/graphsdb/mcs30/rand/r005/mcs30_r005_s30.B03
Reading graphs...
30 :  48
30 :  47
Initializing...
maxdom : 30
D->valSize : 900
Solving...
currentSize : 17 <-- 0.019614 s
currentSize : 18 <-- 0.019642 s
currentSize : 19 <-- 0.019901 s
currentSize : 20 <-- 0.569124 s
currentSize : 21 <-- 0.589385 s
currentSize : 22 <-- 9.941566 s

maxsize : 22
nodes : 3452543.000000
filtered : 76679603.000000
time : 17.233412
