Parameters: GAD=1 vflib=1 dir=0 label=0 lowerbound=1 fileNameGp=../../cp2016-max-common-connected-subgraph-paper/datasets/graphsdb/mcs30/rand/r02/mcs30_r02_s35.A00 fileNameGt=../../cp2016-max-common-connected-subgraph-paper/datasets/graphsdb/mcs30/rand/r02/mcs30_r02_s35.B00
Reading graphs...
35 :  209
35 :  214
Initializing...
maxdom : 35
D->valSize : 1225
Solving...
currentSize : 10 <-- 0.017205 s
currentSize : 11 <-- 0.017415 s
currentSize : 12 <-- 0.017740 s
currentSize : 13 <-- 0.019536 s
currentSize : 14 <-- 0.514119 s
currentSize : 15 <-- 5.544038 s
currentSize : 16 <-- 829.975403 s

TIMEOUT
maxsize : 16
nodes : 230414241.000000
filtered : 2623584223.000000
time : 1000.000000
