Parameters: GAD=1 vflib=1 dir=0 label=0 lowerbound=1 fileNameGp=../../cp2016-max-common-connected-subgraph-paper/datasets/graphsdb/mcs30/bvg/b06/mcs30_b06_s35.A09 fileNameGt=../../cp2016-max-common-connected-subgraph-paper/datasets/graphsdb/mcs30/bvg/b06/mcs30_b06_s35.B09
Reading graphs...
35 :  105
35 :  102
Initializing...
maxdom : 35
D->valSize : 1225
Solving...
currentSize : 14 <-- 0.033466 s
currentSize : 15 <-- 0.033791 s
currentSize : 16 <-- 0.039869 s
currentSize : 17 <-- 0.053909 s
currentSize : 18 <-- 0.296032 s
currentSize : 19 <-- 6.841476 s
currentSize : 20 <-- 27.251328 s
currentSize : 21 <-- 108.526772 s

TIMEOUT
maxsize : 21
nodes : 174306653.000000
filtered : 4953850304.000000
time : 1000.000061
