Parameters: GAD=1 vflib=1 dir=0 label=0 lowerbound=1 fileNameGp=../../cp2016-max-common-connected-subgraph-paper/datasets/graphsdb/mcs30/m3D/m3D/mcs30_m3D_s40.A04 fileNameGt=../../cp2016-max-common-connected-subgraph-paper/datasets/graphsdb/mcs30/m3D/m3D/mcs30_m3D_s40.B04
Reading graphs...
40 :  80
40 :  83
Initializing...
maxdom : 40
D->valSize : 1600
Solving...
currentSize : 13 <-- 0.035257 s
currentSize : 15 <-- 0.035293 s
currentSize : 18 <-- 0.035313 s
currentSize : 19 <-- 0.046606 s
currentSize : 21 <-- 0.046638 s
currentSize : 22 <-- 0.450299 s
currentSize : 23 <-- 0.909399 s
currentSize : 24 <-- 2.097013 s
currentSize : 25 <-- 5.100478 s
currentSize : 26 <-- 11.536947 s

TIMEOUT
maxsize : 26
nodes : 162017030.000000
filtered : 4224875532.000000
time : 1000.000061
