Parameters: GAD=1 vflib=1 dir=0 label=0 lowerbound=1 fileNameGp=../../cp2016-max-common-connected-subgraph-paper/datasets/graphsdb/mcs30/m2D/m2Dr2/mcs30_m2Dr2_s50.A09 fileNameGt=../../cp2016-max-common-connected-subgraph-paper/datasets/graphsdb/mcs30/m2D/m2Dr2/mcs30_m2Dr2_s50.B09
Reading graphs...
50 :  94
50 :  94
Initializing...
maxdom : 50
D->valSize : 2500
Solving...
currentSize : 19 <-- 0.096171 s
currentSize : 20 <-- 0.096256 s
currentSize : 21 <-- 0.143213 s
currentSize : 22 <-- 0.155900 s
currentSize : 23 <-- 0.308994 s
currentSize : 25 <-- 0.309986 s
currentSize : 26 <-- 6.005648 s
currentSize : 27 <-- 38.066704 s
currentSize : 28 <-- 82.005150 s
currentSize : 29 <-- 569.447937 s
currentSize : 30 <-- 878.102844 s

TIMEOUT
maxsize : 30
nodes : 219863681.000000
filtered : 2555244340.000000
time : 1000.000061
