Parameters: GAD=1 vflib=1 dir=0 label=0 lowerbound=1 fileNameGp=../../cp2016-max-common-connected-subgraph-paper/datasets/graphsdb/mcs30/rand/r005/mcs30_r005_s40.A06 fileNameGt=../../cp2016-max-common-connected-subgraph-paper/datasets/graphsdb/mcs30/rand/r005/mcs30_r005_s40.B06
Reading graphs...
40 :  82
40 :  82
Initializing...
maxdom : 40
D->valSize : 1600
Solving...
currentSize : 18 <-- 0.059780 s
currentSize : 19 <-- 0.059801 s
currentSize : 20 <-- 0.061949 s
currentSize : 21 <-- 0.146183 s
currentSize : 22 <-- 0.183996 s
currentSize : 23 <-- 0.811463 s
currentSize : 24 <-- 2.082850 s
currentSize : 25 <-- 222.708466 s
currentSize : 26 <-- 868.645325 s

TIMEOUT
maxsize : 26
nodes : 181062283.000000
filtered : 4215407262.000000
time : 1000.000000
