Parameters: GAD=1 vflib=1 dir=0 label=0 lowerbound=1 fileNameGp=../../cp2016-max-common-connected-subgraph-paper/datasets/graphsdb/mcs30/m3D/m3Dr2/mcs30_m3Dr2_s25.A05 fileNameGt=../../cp2016-max-common-connected-subgraph-paper/datasets/graphsdb/mcs30/m3D/m3Dr2/mcs30_m3Dr2_s25.B05
Reading graphs...
25 :  53
25 :  52
Initializing...
maxdom : 25
D->valSize : 625
Solving...
currentSize : 10 <-- 0.005014 s
currentSize : 11 <-- 0.005063 s
currentSize : 13 <-- 0.005300 s
currentSize : 14 <-- 0.006182 s
currentSize : 15 <-- 0.013592 s
currentSize : 16 <-- 0.070146 s
currentSize : 17 <-- 0.836481 s

maxsize : 17
nodes : 1045628.000000
filtered : 21194662.000000
time : 4.467526
