Parameters: GAD=1 vflib=1 dir=0 label=0 lowerbound=1 fileNameGp=../../cp2016-max-common-connected-subgraph-paper/datasets/graphsdb/mcs30/bvg/b03m/mcs30_b03m_s30.A08 fileNameGt=../../cp2016-max-common-connected-subgraph-paper/datasets/graphsdb/mcs30/bvg/b03m/mcs30_b03m_s30.B08
Reading graphs...
30 :  45
30 :  45
Initializing...
maxdom : 30
D->valSize : 900
Solving...
currentSize : 12 <-- 0.011267 s
currentSize : 16 <-- 0.011475 s
currentSize : 18 <-- 0.568301 s
currentSize : 19 <-- 0.580913 s
currentSize : 20 <-- 0.631639 s
currentSize : 21 <-- 1.162455 s

maxsize : 21
nodes : 11296367.000000
filtered : 197536925.000000
time : 49.676334
