Parameters: GAD=1 vflib=1 dir=0 label=0 lowerbound=1 fileNameGp=../../cp2016-max-common-connected-subgraph-paper/datasets/graphsdb/mcs30/bvg/b03/mcs30_b03_s35.A07 fileNameGt=../../cp2016-max-common-connected-subgraph-paper/datasets/graphsdb/mcs30/bvg/b03/mcs30_b03_s35.B07
Reading graphs...
35 :  52
35 :  52
Initializing...
maxdom : 35
D->valSize : 1225
Solving...
currentSize : 21 <-- 0.020959 s
currentSize : 22 <-- 0.356734 s
currentSize : 23 <-- 0.405032 s
currentSize : 24 <-- 5.170495 s
currentSize : 25 <-- 7.603391 s
currentSize : 26 <-- 310.108063 s

maxsize : 26
nodes : 68872365.000000
filtered : 1391739395.000000
time : 359.156097
