Parameters: GAD=1 vflib=1 dir=0 label=0 lowerbound=1 fileNameGp=../../cp2016-max-common-connected-subgraph-paper/datasets/graphsdb/mcs30/bvg/b03m/mcs30_b03m_s30.A00 fileNameGt=../../cp2016-max-common-connected-subgraph-paper/datasets/graphsdb/mcs30/bvg/b03m/mcs30_b03m_s30.B00
Reading graphs...
30 :  44
30 :  45
Initializing...
maxdom : 30
D->valSize : 900
Solving...
currentSize : 13 <-- 0.011200 s
currentSize : 14 <-- 0.011239 s
currentSize : 15 <-- 0.013347 s
currentSize : 16 <-- 0.028022 s
currentSize : 17 <-- 0.028345 s
currentSize : 18 <-- 0.034350 s
currentSize : 19 <-- 0.277939 s
currentSize : 20 <-- 19.808144 s
currentSize : 21 <-- 54.940456 s

maxsize : 21
nodes : 22239790.000000
filtered : 327782116.000000
time : 90.368484
