Parameters: GAD=1 vflib=1 dir=0 label=0 lowerbound=1 fileNameGp=../../cp2016-max-common-connected-subgraph-paper/datasets/graphsdb/mcs30/bvg/b03m/mcs30_b03m_s35.A00 fileNameGt=../../cp2016-max-common-connected-subgraph-paper/datasets/graphsdb/mcs30/bvg/b03m/mcs30_b03m_s35.B00
Reading graphs...
35 :  52
35 :  52
Initializing...
maxdom : 35
D->valSize : 1225
Solving...
currentSize : 15 <-- 0.036413 s
currentSize : 16 <-- 0.036665 s
currentSize : 19 <-- 0.036709 s
currentSize : 20 <-- 0.059048 s
currentSize : 21 <-- 0.095735 s
currentSize : 22 <-- 0.095787 s
currentSize : 23 <-- 11.210822 s
currentSize : 24 <-- 97.054016 s
currentSize : 25 <-- 512.206238 s

maxsize : 25
nodes : 165700267.000000
filtered : 2908133270.000000
time : 793.167175
