Parameters: GAD=1 vflib=1 dir=0 label=0 lowerbound=1 fileNameGp=../../cp2016-max-common-connected-subgraph-paper/datasets/graphsdb/mcs30/m2D/m2Dr6/mcs30_m2Dr6_s30.A08 fileNameGt=../../cp2016-max-common-connected-subgraph-paper/datasets/graphsdb/mcs30/m2D/m2Dr6/mcs30_m2Dr6_s30.B08
Reading graphs...
30 :  66
30 :  66
Initializing...
maxdom : 30
D->valSize : 900
Solving...
currentSize : 15 <-- 0.018702 s
currentSize : 16 <-- 0.018820 s
currentSize : 17 <-- 0.036487 s
currentSize : 18 <-- 0.051414 s
currentSize : 19 <-- 0.347068 s
currentSize : 20 <-- 11.002526 s

maxsize : 20
nodes : 18235819.000000
filtered : 425357710.000000
time : 90.972015
