Parameters: GAD=1 vflib=1 dir=0 label=0 lowerbound=1 fileNameGp=../../cp2016-max-common-connected-subgraph-paper/datasets/graphsdb/mcs30/bvg/b06/mcs30_b06_s50.A01 fileNameGt=../../cp2016-max-common-connected-subgraph-paper/datasets/graphsdb/mcs30/bvg/b06/mcs30_b06_s50.B01
Reading graphs...
50 :  149
50 :  146
Initializing...
maxdom : 50
D->valSize : 2500
Solving...
currentSize : 17 <-- 0.090924 s
currentSize : 18 <-- 0.091770 s
currentSize : 19 <-- 0.097337 s
currentSize : 20 <-- 0.097399 s
currentSize : 21 <-- 0.674620 s
currentSize : 22 <-- 0.785831 s
currentSize : 23 <-- 2.398229 s
currentSize : 24 <-- 13.922338 s
currentSize : 25 <-- 80.678253 s

TIMEOUT
maxsize : 25
nodes : 181141772.000000
filtered : 3039283714.000000
time : 1000.000000
