Parameters: GAD=1 vflib=1 dir=0 label=0 lowerbound=1 fileNameGp=../../cp2016-max-common-connected-subgraph-paper/datasets/graphsdb/mcs30/m2D/m2D/mcs30_m2D_s50.A09 fileNameGt=../../cp2016-max-common-connected-subgraph-paper/datasets/graphsdb/mcs30/m2D/m2D/mcs30_m2D_s50.B09
Reading graphs...
50 :  85
50 :  84
Initializing...
maxdom : 50
D->valSize : 2500
Solving...
currentSize : 21 <-- 0.096639 s
currentSize : 23 <-- 0.100196 s
currentSize : 24 <-- 0.101101 s
currentSize : 25 <-- 0.105623 s
currentSize : 26 <-- 0.399679 s
currentSize : 27 <-- 12.093634 s
currentSize : 28 <-- 12.149075 s
currentSize : 29 <-- 25.077940 s
currentSize : 30 <-- 32.695316 s
currentSize : 31 <-- 38.623623 s
currentSize : 32 <-- 150.741791 s

TIMEOUT
maxsize : 32
nodes : 168307804.000000
filtered : 2973885095.000000
time : 1000.000061
