Parameters: GAD=1 vflib=1 dir=0 label=0 lowerbound=1 fileNameGp=../../cp2016-max-common-connected-subgraph-paper/datasets/graphsdb/mcs30/bvg/b09m/mcs30_b09m_s35.A00 fileNameGt=../../cp2016-max-common-connected-subgraph-paper/datasets/graphsdb/mcs30/bvg/b09m/mcs30_b09m_s35.B00
Reading graphs...
35 :  143
35 :  146
Initializing...
maxdom : 35
D->valSize : 1225
Solving...
currentSize : 11 <-- 0.018241 s
currentSize : 12 <-- 0.018287 s
currentSize : 13 <-- 0.018709 s
currentSize : 14 <-- 0.021068 s
currentSize : 15 <-- 0.038812 s
currentSize : 16 <-- 0.041405 s
currentSize : 17 <-- 3.822764 s
currentSize : 18 <-- 4.929896 s
currentSize : 19 <-- 305.905396 s

TIMEOUT
maxsize : 19
nodes : 186218993.000000
filtered : 4453306720.000000
time : 1000.000061
