Parameters: GAD=1 vflib=1 dir=0 label=0 lowerbound=1 fileNameGp=../../cp2016-max-common-connected-subgraph-paper/datasets/graphsdb/mcs30/m4D/m4Dr4/mcs30_m4Dr4_s50.A09 fileNameGt=../../cp2016-max-common-connected-subgraph-paper/datasets/graphsdb/mcs30/m4D/m4Dr4/mcs30_m4Dr4_s50.B09
Reading graphs...
50 :  105
50 :  106
Initializing...
maxdom : 50
D->valSize : 2500
Solving...
currentSize : 21 <-- 0.094648 s
currentSize : 22 <-- 0.094696 s
currentSize : 23 <-- 0.094825 s
currentSize : 24 <-- 0.117390 s
currentSize : 25 <-- 0.117489 s
currentSize : 26 <-- 0.125613 s
currentSize : 27 <-- 0.175444 s
currentSize : 28 <-- 0.345488 s
currentSize : 29 <-- 0.347834 s
currentSize : 30 <-- 532.408875 s
currentSize : 31 <-- 726.498962 s

TIMEOUT
maxsize : 31
nodes : 179008252.000000
filtered : 3147304947.000000
time : 1000.000061
