Parameters: GAD=1 vflib=1 dir=0 label=0 lowerbound=1 fileNameGp=../../cp2016-max-common-connected-subgraph-paper/datasets/graphsdb/mcs30/bvg/b03/mcs30_b03_s30.A05 fileNameGt=../../cp2016-max-common-connected-subgraph-paper/datasets/graphsdb/mcs30/bvg/b03/mcs30_b03_s30.B05
Reading graphs...
30 :  45
30 :  45
Initializing...
maxdom : 30
D->valSize : 900
Solving...
currentSize : 13 <-- 0.011186 s
currentSize : 14 <-- 0.011225 s
currentSize : 15 <-- 0.011373 s
currentSize : 17 <-- 0.344978 s
currentSize : 19 <-- 0.361916 s
currentSize : 20 <-- 45.367985 s
currentSize : 21 <-- 105.591919 s

maxsize : 21
nodes : 41469864.000000
filtered : 526744148.000000
time : 151.273056
