Parameters: GAD=1 vflib=1 dir=0 label=0 lowerbound=1 fileNameGp=../../cp2016-max-common-connected-subgraph-paper/datasets/graphsdb/mcs30/bvg/b06/mcs30_b06_s50.A02 fileNameGt=../../cp2016-max-common-connected-subgraph-paper/datasets/graphsdb/mcs30/bvg/b06/mcs30_b06_s50.B02
Reading graphs...
50 :  148
50 :  150
Initializing...
maxdom : 50
D->valSize : 2500
Solving...
currentSize : 20 <-- 0.090994 s
currentSize : 21 <-- 0.091944 s
currentSize : 22 <-- 0.133571 s
currentSize : 23 <-- 0.373420 s
currentSize : 24 <-- 2.083961 s
currentSize : 25 <-- 2.083988 s
currentSize : 26 <-- 20.816868 s

TIMEOUT
maxsize : 26
nodes : 171578963.000000
filtered : 3549532948.000000
time : 1000.000061
