Parameters: GAD=1 vflib=1 dir=0 label=0 lowerbound=1 fileNameGp=../../cp2016-max-common-connected-subgraph-paper/datasets/graphsdb/mcs30/bvg/b09/mcs30_b09_s35.A02 fileNameGt=../../cp2016-max-common-connected-subgraph-paper/datasets/graphsdb/mcs30/bvg/b09/mcs30_b09_s35.B02
Reading graphs...
35 :  152
35 :  154
Initializing...
maxdom : 35
D->valSize : 1225
Solving...
currentSize : 12 <-- 0.018133 s
currentSize : 13 <-- 0.018174 s
currentSize : 14 <-- 0.021318 s
currentSize : 15 <-- 0.023509 s
currentSize : 16 <-- 0.025478 s
currentSize : 17 <-- 6.894699 s
currentSize : 18 <-- 62.238499 s
currentSize : 19 <-- 154.062469 s

TIMEOUT
maxsize : 19
nodes : 189694566.000000
filtered : 4234424954.000000
time : 1000.000061
