Parameters: GAD=1 vflib=1 dir=0 label=0 lowerbound=1 fileNameGp=../../cp2016-max-common-connected-subgraph-paper/datasets/graphsdb/mcs30/m4D/m4Dr6/mcs30_m4Dr6_s50.A04 fileNameGt=../../cp2016-max-common-connected-subgraph-paper/datasets/graphsdb/mcs30/m4D/m4Dr6/mcs30_m4Dr6_s50.B04
Reading graphs...
50 :  114
50 :  114
Initializing...
maxdom : 50
D->valSize : 2500
Solving...
currentSize : 21 <-- 0.094259 s
currentSize : 22 <-- 4.936081 s
currentSize : 23 <-- 4.936126 s
currentSize : 24 <-- 4.948424 s
currentSize : 25 <-- 32.008221 s
currentSize : 26 <-- 98.700241 s
currentSize : 27 <-- 307.302368 s
currentSize : 28 <-- 308.862854 s
currentSize : 29 <-- 427.151245 s

TIMEOUT
maxsize : 29
nodes : 207703453.000000
filtered : 3132987119.000000
time : 1000.000000
