Parameters: GAD=1 vflib=1 dir=0 label=0 lowerbound=1 fileNameGp=../../cp2016-max-common-connected-subgraph-paper/datasets/graphsdb/mcs30/m4D/m4D/mcs30_m4D_s50.A09 fileNameGt=../../cp2016-max-common-connected-subgraph-paper/datasets/graphsdb/mcs30/m4D/m4D/mcs30_m4D_s50.B09
Reading graphs...
50 :  87
50 :  87
Initializing...
maxdom : 50
D->valSize : 2500
Solving...
currentSize : 19 <-- 0.165362 s
currentSize : 24 <-- 0.177034 s
currentSize : 26 <-- 0.177289 s
currentSize : 27 <-- 0.244999 s
currentSize : 28 <-- 1.766226 s
currentSize : 29 <-- 27.893072 s
currentSize : 30 <-- 125.639282 s

TIMEOUT
maxsize : 30
nodes : 246193834.000000
filtered : 1968724760.000000
time : 1000.000000
