Parameters: GAD=1 vflib=1 dir=0 label=0 lowerbound=1 fileNameGp=../../cp2016-max-common-connected-subgraph-paper/datasets/graphsdb/mcs30/rand/r005/mcs30_r005_s40.A05 fileNameGt=../../cp2016-max-common-connected-subgraph-paper/datasets/graphsdb/mcs30/rand/r005/mcs30_r005_s40.B05
Reading graphs...
40 :  82
40 :  80
Initializing...
maxdom : 40
D->valSize : 1600
Solving...
currentSize : 20 <-- 0.036044 s
currentSize : 21 <-- 0.036758 s
currentSize : 22 <-- 0.042974 s
currentSize : 23 <-- 1.909121 s
currentSize : 24 <-- 13.344913 s
currentSize : 25 <-- 206.037582 s
currentSize : 26 <-- 246.534225 s

TIMEOUT
maxsize : 26
nodes : 172523628.000000
filtered : 4024026779.000000
time : 1000.000061
