Parameters: GAD=1 vflib=1 dir=0 label=0 lowerbound=1 fileNameGp=../../cp2016-max-common-connected-subgraph-paper/datasets/graphsdb/mcs30/m3D/m3Dr4/mcs30_m3Dr4_s30.A00 fileNameGt=../../cp2016-max-common-connected-subgraph-paper/datasets/graphsdb/mcs30/m3D/m3Dr4/mcs30_m3Dr4_s30.B00
Reading graphs...
30 :  70
30 :  70
Initializing...
maxdom : 30
D->valSize : 900
Solving...
currentSize : 13 <-- 0.010511 s
currentSize : 14 <-- 0.010553 s
currentSize : 15 <-- 0.012338 s
currentSize : 16 <-- 0.040690 s
currentSize : 17 <-- 0.064795 s
currentSize : 18 <-- 0.229155 s
currentSize : 19 <-- 0.503052 s
currentSize : 20 <-- 36.500145 s

maxsize : 20
nodes : 13000351.000000
filtered : 319589887.000000
time : 67.706856
