Parameters: GAD=1 vflib=1 dir=0 label=0 lowerbound=1 fileNameGp=../../cp2016-max-common-connected-subgraph-paper/datasets/graphsdb/mcs30/bvg/b06/mcs30_b06_s25.A00 fileNameGt=../../cp2016-max-common-connected-subgraph-paper/datasets/graphsdb/mcs30/bvg/b06/mcs30_b06_s25.B00
Reading graphs...
25 :  75
25 :  71
Initializing...
maxdom : 25
D->valSize : 625
Solving...
currentSize : 9 <-- 0.005102 s
currentSize : 10 <-- 0.005205 s
currentSize : 11 <-- 0.005608 s
currentSize : 12 <-- 0.007231 s
currentSize : 13 <-- 0.024582 s
currentSize : 14 <-- 0.120645 s
currentSize : 15 <-- 0.226428 s
currentSize : 16 <-- 3.144763 s

maxsize : 16
nodes : 1353109.000000
filtered : 26916982.000000
time : 5.654002
