Parameters: GAD=1 vflib=1 dir=0 label=0 lowerbound=1 fileNameGp=../../cp2016-max-common-connected-subgraph-paper/datasets/graphsdb/mcs30/bvg/b03/mcs30_b03_s25.A02 fileNameGt=../../cp2016-max-common-connected-subgraph-paper/datasets/graphsdb/mcs30/bvg/b03/mcs30_b03_s25.B02
Reading graphs...
25 :  36
25 :  36
Initializing...
maxdom : 25
D->valSize : 625
Solving...
currentSize : 6 <-- 0.005404 s
currentSize : 8 <-- 0.005430 s
currentSize : 13 <-- 0.005572 s
currentSize : 14 <-- 0.006245 s
currentSize : 15 <-- 0.133213 s
currentSize : 16 <-- 5.325161 s
currentSize : 17 <-- 27.172541 s

maxsize : 17
nodes : 12423918.000000
filtered : 81981917.000000
time : 30.909136
