Parameters: GAD=1 vflib=1 dir=0 label=0 lowerbound=1 fileNameGp=../../cp2016-max-common-connected-subgraph-paper/datasets/graphsdb/mcs30/bvg/b09m/mcs30_b09m_s40.A03 fileNameGt=../../cp2016-max-common-connected-subgraph-paper/datasets/graphsdb/mcs30/bvg/b09m/mcs30_b09m_s40.B03
Reading graphs...
40 :  168
40 :  170
Initializing...
maxdom : 40
D->valSize : 1600
Solving...
currentSize : 13 <-- 0.031870 s
currentSize : 14 <-- 0.032275 s
currentSize : 15 <-- 0.037102 s
currentSize : 16 <-- 0.042017 s
currentSize : 17 <-- 0.115076 s
currentSize : 18 <-- 0.641774 s
currentSize : 19 <-- 0.943101 s
currentSize : 20 <-- 203.704697 s

TIMEOUT
maxsize : 20
nodes : 183568915.000000
filtered : 3860323281.000000
time : 1000.000000
