Parameters: GAD=1 vflib=1 dir=0 label=0 lowerbound=1 fileNameGp=../../cp2016-max-common-connected-subgraph-paper/datasets/graphsdb/mcs30/m2D/m2Dr4/mcs30_m2Dr4_s30.A06 fileNameGt=../../cp2016-max-common-connected-subgraph-paper/datasets/graphsdb/mcs30/m2D/m2Dr4/mcs30_m2Dr4_s30.B06
Reading graphs...
30 :  60
30 :  61
Initializing...
maxdom : 30
D->valSize : 900
Solving...
currentSize : 15 <-- 0.010702 s
currentSize : 16 <-- 0.010798 s
currentSize : 17 <-- 0.036326 s
currentSize : 18 <-- 0.225572 s
currentSize : 19 <-- 1.247649 s
currentSize : 20 <-- 70.185219 s

maxsize : 20
nodes : 26942228.000000
filtered : 522876742.000000
time : 124.419136
