Parameters: GAD=1 vflib=1 dir=0 label=0 lowerbound=1 fileNameGp=../../cp2016-max-common-connected-subgraph-paper/datasets/graphsdb/mcs30/bvg/b03/mcs30_b03_s20.A02 fileNameGt=../../cp2016-max-common-connected-subgraph-paper/datasets/graphsdb/mcs30/bvg/b03/mcs30_b03_s20.B02
Reading graphs...
20 :  29
20 :  30
Initializing...
maxdom : 20
D->valSize : 400
Solving...
currentSize : 8 <-- 0.003834 s
currentSize : 9 <-- 0.003872 s
currentSize : 10 <-- 0.003998 s
currentSize : 11 <-- 0.004811 s
currentSize : 12 <-- 0.004850 s
currentSize : 13 <-- 0.006445 s
currentSize : 14 <-- 0.020253 s
currentSize : 15 <-- 0.024369 s

maxsize : 15
nodes : 28631.000000
filtered : 370664.000000
time : 0.110945
