Parameters: GAD=1 vflib=1 dir=0 label=0 lowerbound=1 fileNameGp=../../cp2016-max-common-connected-subgraph-paper/datasets/graphsdb/mcs30/bvg/b09/mcs30_b09_s40.A06 fileNameGt=../../cp2016-max-common-connected-subgraph-paper/datasets/graphsdb/mcs30/bvg/b09/mcs30_b09_s40.B06
Reading graphs...
40 :  176
40 :  173
Initializing...
maxdom : 40
D->valSize : 1600
Solving...
currentSize : 12 <-- 0.031563 s
currentSize : 13 <-- 0.031592 s
currentSize : 14 <-- 0.031695 s
currentSize : 15 <-- 0.042084 s
currentSize : 16 <-- 0.063776 s
currentSize : 17 <-- 0.069530 s
currentSize : 18 <-- 0.085003 s
currentSize : 19 <-- 0.373492 s
currentSize : 20 <-- 1.333767 s

TIMEOUT
maxsize : 20
nodes : 174224264.000000
filtered : 4054401884.000000
time : 1000.000000
