Parameters: GAD=1 vflib=1 dir=0 label=0 lowerbound=1 fileNameGp=../../cp2016-max-common-connected-subgraph-paper/datasets/graphsdb/mcs30/rand/r01/mcs30_r01_s30.A02 fileNameGt=../../cp2016-max-common-connected-subgraph-paper/datasets/graphsdb/mcs30/rand/r01/mcs30_r01_s30.B02
Reading graphs...
30 :  83
30 :  83
Initializing...
maxdom : 30
D->valSize : 900
Solving...
currentSize : 13 <-- 0.011056 s
currentSize : 14 <-- 0.011125 s
currentSize : 15 <-- 0.024035 s
currentSize : 16 <-- 0.026921 s
currentSize : 17 <-- 0.039175 s
currentSize : 18 <-- 1.043613 s
currentSize : 19 <-- 164.863037 s

maxsize : 19
nodes : 40496435.000000
filtered : 877035807.000000
time : 192.917236
