Parameters: GAD=1 vflib=1 dir=0 label=0 lowerbound=1 fileNameGp=../../cp2016-max-common-connected-subgraph-paper/datasets/graphsdb/mcs30/bvg/b03m/mcs30_b03m_s40.A00 fileNameGt=../../cp2016-max-common-connected-subgraph-paper/datasets/graphsdb/mcs30/bvg/b03m/mcs30_b03m_s40.B00
Reading graphs...
40 :  59
40 :  59
Initializing...
maxdom : 40
D->valSize : 1600
Solving...
currentSize : 19 <-- 0.036839 s
currentSize : 20 <-- 0.036871 s
currentSize : 22 <-- 0.037538 s
currentSize : 23 <-- 1.216343 s
currentSize : 24 <-- 1.366123 s
currentSize : 25 <-- 6.634891 s
currentSize : 26 <-- 19.812424 s
currentSize : 27 <-- 61.874615 s

TIMEOUT
maxsize : 27
nodes : 215931539.000000
filtered : 2947870479.000000
time : 1000.000000
