Parameters: GAD=1 vflib=1 dir=0 label=0 lowerbound=1 fileNameGp=../../cp2016-max-common-connected-subgraph-paper/datasets/graphsdb/mcs30/rand/r01/mcs30_r01_s25.A02 fileNameGt=../../cp2016-max-common-connected-subgraph-paper/datasets/graphsdb/mcs30/rand/r01/mcs30_r01_s25.B02
Reading graphs...
25 :  60
25 :  57
Initializing...
maxdom : 25
D->valSize : 625
Solving...
currentSize : 10 <-- 0.004904 s
currentSize : 11 <-- 0.004933 s
currentSize : 12 <-- 0.005148 s
currentSize : 13 <-- 0.006263 s
currentSize : 14 <-- 0.006702 s
currentSize : 15 <-- 0.080578 s
currentSize : 16 <-- 0.080611 s

maxsize : 16
nodes : 2334658.000000
filtered : 44087735.000000
time : 9.673911
