Parameters: GAD=1 vflib=1 dir=0 label=0 lowerbound=1 fileNameGp=../../cp2016-max-common-connected-subgraph-paper/datasets/graphsdb/mcs30/m4D/m4Dr4/mcs30_m4Dr4_s50.A05 fileNameGt=../../cp2016-max-common-connected-subgraph-paper/datasets/graphsdb/mcs30/m4D/m4Dr4/mcs30_m4Dr4_s50.B05
Reading graphs...
50 :  104
50 :  103
Initializing...
maxdom : 50
D->valSize : 2500
Solving...
currentSize : 23 <-- 0.095132 s
currentSize : 24 <-- 0.095400 s
currentSize : 25 <-- 0.157115 s
currentSize : 26 <-- 1.436451 s
currentSize : 27 <-- 15.720987 s
currentSize : 28 <-- 55.523579 s
currentSize : 29 <-- 646.102783 s

TIMEOUT
maxsize : 29
nodes : 245258950.000000
filtered : 2296766208.000000
time : 1000.000061
