Parameters: GAD=1 vflib=1 dir=0 label=0 lowerbound=1 fileNameGp=../../cp2016-max-common-connected-subgraph-paper/datasets/graphsdb/mcs30/m3D/m3D/mcs30_m3D_s40.A05 fileNameGt=../../cp2016-max-common-connected-subgraph-paper/datasets/graphsdb/mcs30/m3D/m3D/mcs30_m3D_s40.B05
Reading graphs...
40 :  84
40 :  84
Initializing...
maxdom : 40
D->valSize : 1600
Solving...
currentSize : 19 <-- 0.059013 s
currentSize : 20 <-- 0.063327 s
currentSize : 21 <-- 3.990945 s
currentSize : 22 <-- 26.758596 s
currentSize : 23 <-- 61.785152 s
currentSize : 24 <-- 129.983047 s
currentSize : 25 <-- 133.208221 s
currentSize : 26 <-- 265.758179 s

TIMEOUT
maxsize : 26
nodes : 173341558.000000
filtered : 4027711436.000000
time : 1000.000061
