Parameters: GAD=1 vflib=1 dir=0 label=0 lowerbound=1 fileNameGp=../../cp2016-max-common-connected-subgraph-paper/datasets/graphsdb/mcs30/bvg/b03m/mcs30_b03m_s35.A09 fileNameGt=../../cp2016-max-common-connected-subgraph-paper/datasets/graphsdb/mcs30/bvg/b03m/mcs30_b03m_s35.B09
Reading graphs...
35 :  52
35 :  51
Initializing...
maxdom : 35
D->valSize : 1225
Solving...
currentSize : 9 <-- 0.020915 s
currentSize : 17 <-- 0.021071 s
currentSize : 18 <-- 0.021086 s
currentSize : 19 <-- 0.214141 s
currentSize : 20 <-- 10.326452 s
currentSize : 21 <-- 11.931437 s
currentSize : 22 <-- 155.300354 s
currentSize : 23 <-- 654.442505 s

TIMEOUT
maxsize : 23
nodes : 267185730.000000
filtered : 2852161268.000000
time : 1000.000000
