Parameters: GAD=1 vflib=1 dir=0 label=0 lowerbound=1 fileNameGp=../../cp2016-max-common-connected-subgraph-paper/datasets/graphsdb/mcs30/bvg/b06/mcs30_b06_s40.A03 fileNameGt=../../cp2016-max-common-connected-subgraph-paper/datasets/graphsdb/mcs30/bvg/b06/mcs30_b06_s40.B03
Reading graphs...
40 :  117
40 :  118
Initializing...
maxdom : 40
D->valSize : 1600
Solving...
currentSize : 15 <-- 0.033796 s
currentSize : 16 <-- 0.033871 s
currentSize : 17 <-- 0.035091 s
currentSize : 18 <-- 0.053145 s
currentSize : 19 <-- 0.181748 s
currentSize : 20 <-- 0.191309 s
currentSize : 21 <-- 0.314617 s
currentSize : 22 <-- 9.293212 s
currentSize : 23 <-- 119.134323 s

TIMEOUT
maxsize : 23
nodes : 169714087.000000
filtered : 4293483117.000000
time : 1000.000000
