Parameters: GAD=1 vflib=1 dir=0 label=0 lowerbound=1 fileNameGp=../../cp2016-max-common-connected-subgraph-paper/datasets/graphsdb/mcs30/bvg/b03m/mcs30_b03m_s25.A05 fileNameGt=../../cp2016-max-common-connected-subgraph-paper/datasets/graphsdb/mcs30/bvg/b03m/mcs30_b03m_s25.B05
Reading graphs...
25 :  36
25 :  36
Initializing...
maxdom : 25
D->valSize : 625
Solving...
currentSize : 9 <-- 0.005508 s
currentSize : 11 <-- 0.005532 s
currentSize : 12 <-- 0.005542 s
currentSize : 13 <-- 0.010757 s
currentSize : 14 <-- 0.019877 s
currentSize : 15 <-- 0.055479 s
currentSize : 16 <-- 3.247057 s
currentSize : 17 <-- 9.100869 s

maxsize : 17
nodes : 3753760.000000
filtered : 36224303.000000
time : 11.539371
