Parameters: GAD=1 vflib=1 dir=0 label=0 lowerbound=1 fileNameGp=../../cp2016-max-common-connected-subgraph-paper/datasets/graphsdb/mcs30/rand/r01/mcs30_r01_s25.A03 fileNameGt=../../cp2016-max-common-connected-subgraph-paper/datasets/graphsdb/mcs30/rand/r01/mcs30_r01_s25.B03
Reading graphs...
25 :  61
25 :  61
Initializing...
maxdom : 25
D->valSize : 625
Solving...
currentSize : 9 <-- 0.004907 s
currentSize : 11 <-- 0.004945 s
currentSize : 12 <-- 0.004956 s
currentSize : 13 <-- 0.005889 s
currentSize : 14 <-- 0.011027 s
currentSize : 15 <-- 0.217809 s
currentSize : 16 <-- 1.968633 s

maxsize : 16
nodes : 2634075.000000
filtered : 47714040.000000
time : 10.862629
