Parameters: GAD=1 vflib=1 dir=0 label=0 lowerbound=1 fileNameGp=../../cp2016-max-common-connected-subgraph-paper/datasets/graphsdb/mcs30/rand/r005/mcs30_r005_s40.A07 fileNameGt=../../cp2016-max-common-connected-subgraph-paper/datasets/graphsdb/mcs30/rand/r005/mcs30_r005_s40.B07
Reading graphs...
40 :  82
40 :  83
Initializing...
maxdom : 40
D->valSize : 1600
Solving...
currentSize : 20 <-- 0.035170 s
currentSize : 21 <-- 0.035201 s
currentSize : 22 <-- 0.037115 s
currentSize : 23 <-- 0.042327 s
currentSize : 24 <-- 0.106342 s
currentSize : 25 <-- 0.118834 s
currentSize : 26 <-- 8.924957 s
currentSize : 27 <-- 697.353149 s

TIMEOUT
maxsize : 27
nodes : 166406847.000000
filtered : 4489835463.000000
time : 1000.000061
