Parameters: GAD=1 vflib=1 dir=0 label=0 lowerbound=1 fileNameGp=../../cp2016-max-common-connected-subgraph-paper/datasets/graphsdb/mcs30/m3D/m3Dr2/mcs30_m3Dr2_s30.A02 fileNameGt=../../cp2016-max-common-connected-subgraph-paper/datasets/graphsdb/mcs30/m3D/m3Dr2/mcs30_m3Dr2_s30.B02
Reading graphs...
30 :  65
30 :  65
Initializing...
maxdom : 30
D->valSize : 900
Solving...
currentSize : 14 <-- 0.010791 s
currentSize : 15 <-- 0.010924 s
currentSize : 17 <-- 0.011416 s
currentSize : 18 <-- 0.388052 s
currentSize : 19 <-- 0.861507 s
currentSize : 20 <-- 6.170983 s

maxsize : 20
nodes : 19120086.000000
filtered : 442222671.000000
time : 97.057388
