Parameters: GAD=1 vflib=1 dir=0 label=0 lowerbound=1 fileNameGp=../../cp2016-max-common-connected-subgraph-paper/datasets/graphsdb/mcs30/m3D/m3Dr2/mcs30_m3Dr2_s40.A04 fileNameGt=../../cp2016-max-common-connected-subgraph-paper/datasets/graphsdb/mcs30/m3D/m3Dr2/mcs30_m3Dr2_s40.B04
Reading graphs...
40 :  91
40 :  88
Initializing...
maxdom : 40
D->valSize : 1600
Solving...
currentSize : 18 <-- 0.055603 s
currentSize : 19 <-- 0.055631 s
currentSize : 20 <-- 0.148541 s
currentSize : 21 <-- 0.803178 s
currentSize : 22 <-- 0.805695 s
currentSize : 23 <-- 1.048652 s
currentSize : 24 <-- 41.655842 s
currentSize : 25 <-- 489.474121 s

TIMEOUT
maxsize : 25
nodes : 173171596.000000
filtered : 4299080522.000000
time : 1000.000000
