Parameters: GAD=1 vflib=1 dir=0 label=0 lowerbound=1 fileNameGp=../../cp2016-max-common-connected-subgraph-paper/datasets/graphsdb/mcs30/m3D/m3Dr2/mcs30_m3Dr2_s40.A01 fileNameGt=../../cp2016-max-common-connected-subgraph-paper/datasets/graphsdb/mcs30/m3D/m3Dr2/mcs30_m3Dr2_s40.B01
Reading graphs...
40 :  91
40 :  89
Initializing...
maxdom : 40
D->valSize : 1600
Solving...
currentSize : 18 <-- 0.034877 s
currentSize : 19 <-- 0.034937 s
currentSize : 20 <-- 0.035690 s
currentSize : 21 <-- 0.036006 s
currentSize : 22 <-- 0.627139 s
currentSize : 23 <-- 1.760673 s
currentSize : 24 <-- 3.775565 s
currentSize : 25 <-- 26.231997 s
currentSize : 26 <-- 26.233776 s

TIMEOUT
maxsize : 26
nodes : 155067067.000000
filtered : 4719367723.000000
time : 1000.000061
