Parameters: GAD=1 vflib=1 dir=0 label=0 lowerbound=1 fileNameGp=../../cp2016-max-common-connected-subgraph-paper/datasets/graphsdb/mcs30/bvg/b06m/mcs30_b06m_s50.A00 fileNameGt=../../cp2016-max-common-connected-subgraph-paper/datasets/graphsdb/mcs30/bvg/b06m/mcs30_b06m_s50.B00
Reading graphs...
50 :  149
50 :  143
Initializing...
maxdom : 50
D->valSize : 2500
Solving...
currentSize : 18 <-- 0.110899 s
currentSize : 19 <-- 0.110922 s
currentSize : 20 <-- 0.116411 s
currentSize : 21 <-- 0.130033 s
currentSize : 22 <-- 2.056257 s
currentSize : 23 <-- 2.772506 s
currentSize : 24 <-- 5.499015 s
currentSize : 25 <-- 19.266584 s
currentSize : 26 <-- 58.994698 s

TIMEOUT
maxsize : 26
nodes : 167852434.000000
filtered : 3736530994.000000
time : 1000.000061
