Parameters: GAD=1 vflib=1 dir=0 label=0 lowerbound=1 fileNameGp=../../cp2016-max-common-connected-subgraph-paper/datasets/graphsdb/mcs30/bvg/b06m/mcs30_b06m_s50.A02 fileNameGt=../../cp2016-max-common-connected-subgraph-paper/datasets/graphsdb/mcs30/bvg/b06m/mcs30_b06m_s50.B02
Reading graphs...
50 :  145
50 :  147
Initializing...
maxdom : 50
D->valSize : 2500
Solving...
currentSize : 18 <-- 0.155607 s
currentSize : 19 <-- 0.155691 s
currentSize : 20 <-- 0.156577 s
currentSize : 21 <-- 0.159313 s
currentSize : 22 <-- 0.200421 s
currentSize : 23 <-- 0.452503 s
currentSize : 24 <-- 1.165769 s
currentSize : 25 <-- 7.984533 s
currentSize : 26 <-- 10.486039 s
currentSize : 27 <-- 438.159607 s
currentSize : 28 <-- 438.397583 s
currentSize : 29 <-- 476.667389 s

TIMEOUT
maxsize : 29
nodes : 164186401.000000
filtered : 3461512600.000000
time : 1000.000061
