Parameters: GAD=1 vflib=1 dir=0 label=0 lowerbound=1 fileNameGp=../../cp2016-max-common-connected-subgraph-paper/datasets/graphsdb/mcs30/m3D/m3Dr6/mcs30_m3Dr6_s40.A07 fileNameGt=../../cp2016-max-common-connected-subgraph-paper/datasets/graphsdb/mcs30/m3D/m3Dr6/mcs30_m3Dr6_s40.B07
Reading graphs...
40 :  106
40 :  106
Initializing...
maxdom : 40
D->valSize : 1600
Solving...
currentSize : 15 <-- 0.034347 s
currentSize : 17 <-- 0.034372 s
currentSize : 18 <-- 0.041571 s
currentSize : 19 <-- 0.042133 s
currentSize : 20 <-- 0.042395 s
currentSize : 21 <-- 0.914560 s
currentSize : 22 <-- 0.961293 s
currentSize : 23 <-- 1.504504 s
currentSize : 24 <-- 853.629395 s

TIMEOUT
maxsize : 24
nodes : 179022260.000000
filtered : 4074847224.000000
time : 1000.000061
