Parameters: GAD=1 vflib=1 dir=0 label=0 lowerbound=1 fileNameGp=../../cp2016-max-common-connected-subgraph-paper/datasets/graphsdb/mcs30/bvg/b06m/mcs30_b06m_s50.A03 fileNameGt=../../cp2016-max-common-connected-subgraph-paper/datasets/graphsdb/mcs30/bvg/b06m/mcs30_b06m_s50.B03
Reading graphs...
50 :  145
50 :  147
Initializing...
maxdom : 50
D->valSize : 2500
Solving...
currentSize : 18 <-- 0.121942 s
currentSize : 19 <-- 0.133789 s
currentSize : 21 <-- 0.297998 s
currentSize : 22 <-- 0.333077 s
currentSize : 23 <-- 1.124505 s
currentSize : 24 <-- 24.589130 s
currentSize : 25 <-- 29.034649 s
currentSize : 26 <-- 329.699005 s

TIMEOUT
maxsize : 26
nodes : 161733627.000000
filtered : 3386845237.000000
time : 1000.000000
