Parameters: GAD=1 vflib=1 dir=0 label=0 lowerbound=1 fileNameGp=../../cp2016-max-common-connected-subgraph-paper/datasets/graphsdb/mcs30/rand/r005/mcs30_r005_s25.A05 fileNameGt=../../cp2016-max-common-connected-subgraph-paper/datasets/graphsdb/mcs30/rand/r005/mcs30_r005_s25.B05
Reading graphs...
25 :  34
25 :  34
Initializing...
maxdom : 25
D->valSize : 625
Solving...
currentSize : 11 <-- 0.009318 s
currentSize : 12 <-- 0.009546 s
currentSize : 13 <-- 0.010152 s
currentSize : 14 <-- 0.010198 s
currentSize : 15 <-- 0.019203 s
currentSize : 16 <-- 0.091844 s
currentSize : 17 <-- 0.275490 s
currentSize : 18 <-- 0.579409 s
currentSize : 19 <-- 0.839806 s

maxsize : 19
nodes : 462868.000000
filtered : 6897045.000000
time : 1.779605
