Parameters: GAD=1 vflib=1 dir=0 label=0 lowerbound=1 fileNameGp=../../cp2016-max-common-connected-subgraph-paper/datasets/graphsdb/mcs30/bvg/b03m/mcs30_b03m_s25.A01 fileNameGt=../../cp2016-max-common-connected-subgraph-paper/datasets/graphsdb/mcs30/bvg/b03m/mcs30_b03m_s25.B01
Reading graphs...
25 :  37
25 :  37
Initializing...
maxdom : 25
D->valSize : 625
Solving...
currentSize : 10 <-- 0.005336 s
currentSize : 11 <-- 0.005352 s
currentSize : 12 <-- 0.005571 s
currentSize : 13 <-- 0.006429 s
currentSize : 15 <-- 0.040134 s
currentSize : 16 <-- 0.040185 s
currentSize : 17 <-- 2.016949 s
currentSize : 18 <-- 2.898976 s

maxsize : 18
nodes : 1279460.000000
filtered : 14416535.000000
time : 4.291289
