Parameters: GAD=1 vflib=1 dir=0 label=0 lowerbound=1 fileNameGp=../../cp2016-max-common-connected-subgraph-paper/datasets/graphsdb/mcs30/bvg/b03/mcs30_b03_s25.A03 fileNameGt=../../cp2016-max-common-connected-subgraph-paper/datasets/graphsdb/mcs30/bvg/b03/mcs30_b03_s25.B03
Reading graphs...
25 :  35
25 :  35
Initializing...
maxdom : 25
D->valSize : 625
Solving...
currentSize : 12 <-- 0.005498 s
currentSize : 13 <-- 0.006158 s
currentSize : 14 <-- 0.010917 s
currentSize : 15 <-- 0.022118 s
currentSize : 16 <-- 0.023093 s
currentSize : 17 <-- 0.046837 s
currentSize : 18 <-- 1.168164 s

maxsize : 18
nodes : 1126223.000000
filtered : 14352395.000000
time : 4.125323
