Parameters: GAD=1 vflib=1 dir=0 label=0 lowerbound=1 fileNameGp=../../cp2016-max-common-connected-subgraph-paper/datasets/graphsdb/mcs30/m4D/m4Dr2/mcs30_m4Dr2_s50.A03 fileNameGt=../../cp2016-max-common-connected-subgraph-paper/datasets/graphsdb/mcs30/m4D/m4Dr2/mcs30_m4Dr2_s50.B03
Reading graphs...
50 :  96
50 :  96
Initializing...
maxdom : 50
D->valSize : 2500
Solving...
currentSize : 23 <-- 0.125898 s
currentSize : 24 <-- 0.127045 s
currentSize : 25 <-- 0.130733 s
currentSize : 26 <-- 0.154290 s
currentSize : 28 <-- 10.127351 s
currentSize : 29 <-- 24.381107 s
currentSize : 30 <-- 40.632767 s
currentSize : 31 <-- 164.238403 s

TIMEOUT
maxsize : 31
nodes : 172752808.000000
filtered : 2950288419.000000
time : 1000.000061
