Parameters: GAD=1 vflib=1 dir=0 label=0 lowerbound=1 fileNameGp=../../cp2016-max-common-connected-subgraph-paper/datasets/graphsdb/mcs30/m4D/m4Dr6/mcs30_m4Dr6_s50.A00 fileNameGt=../../cp2016-max-common-connected-subgraph-paper/datasets/graphsdb/mcs30/m4D/m4Dr6/mcs30_m4Dr6_s50.B00
Reading graphs...
50 :  113
50 :  114
Initializing...
maxdom : 50
D->valSize : 2500
Solving...
currentSize : 21 <-- 0.093912 s
currentSize : 23 <-- 0.093944 s
currentSize : 24 <-- 0.097390 s
currentSize : 26 <-- 0.118941 s
currentSize : 27 <-- 0.438482 s
currentSize : 28 <-- 16.264599 s
currentSize : 29 <-- 28.068684 s
currentSize : 30 <-- 277.050049 s
currentSize : 31 <-- 323.357269 s

TIMEOUT
maxsize : 31
nodes : 158920410.000000
filtered : 3526298195.000000
time : 1000.000061
