Parameters: GAD=1 vflib=1 dir=0 label=0 lowerbound=1 fileNameGp=../../cp2016-max-common-connected-subgraph-paper/datasets/graphsdb/mcs30/m3D/m3Dr4/mcs30_m3Dr4_s25.A02 fileNameGt=../../cp2016-max-common-connected-subgraph-paper/datasets/graphsdb/mcs30/m3D/m3Dr4/mcs30_m3Dr4_s25.B02
Reading graphs...
25 :  58
25 :  59
Initializing...
maxdom : 25
D->valSize : 625
Solving...
currentSize : 11 <-- 0.005176 s
currentSize : 12 <-- 0.005206 s
currentSize : 13 <-- 0.008179 s
currentSize : 14 <-- 0.189103 s
currentSize : 15 <-- 0.392022 s
currentSize : 16 <-- 1.986830 s
currentSize : 17 <-- 3.798834 s

maxsize : 17
nodes : 1325200.000000
filtered : 22831166.000000
time : 5.361299
