Parameters: GAD=1 vflib=1 dir=0 label=0 lowerbound=1 fileNameGp=../../cp2016-max-common-connected-subgraph-paper/datasets/graphsdb/mcs30/m2D/m2Dr2/mcs30_m2Dr2_s50.A01 fileNameGt=../../cp2016-max-common-connected-subgraph-paper/datasets/graphsdb/mcs30/m2D/m2Dr2/mcs30_m2Dr2_s50.B01
Reading graphs...
50 :  94
50 :  94
Initializing...
maxdom : 50
D->valSize : 2500
Solving...
currentSize : 15 <-- 0.164017 s
currentSize : 21 <-- 0.164139 s
currentSize : 22 <-- 0.167806 s
currentSize : 23 <-- 0.184197 s
currentSize : 24 <-- 0.190821 s
currentSize : 25 <-- 1.665811 s
currentSize : 26 <-- 3.891690 s
currentSize : 27 <-- 4.673632 s
currentSize : 28 <-- 7.069364 s
currentSize : 29 <-- 109.087952 s

TIMEOUT
maxsize : 29
nodes : 183388954.000000
filtered : 2833337159.000000
time : 1000.000061
