Parameters: GAD=1 vflib=1 dir=0 label=0 lowerbound=1 fileNameGp=../../cp2016-max-common-connected-subgraph-paper/datasets/graphsdb/mcs30/bvg/b03m/mcs30_b03m_s40.A05 fileNameGt=../../cp2016-max-common-connected-subgraph-paper/datasets/graphsdb/mcs30/bvg/b03m/mcs30_b03m_s40.B05
Reading graphs...
40 :  59
40 :  59
Initializing...
maxdom : 40
D->valSize : 1600
Solving...
currentSize : 20 <-- 0.064276 s
currentSize : 21 <-- 0.064632 s
currentSize : 22 <-- 0.138100 s
currentSize : 23 <-- 0.138177 s
currentSize : 24 <-- 1.156425 s
currentSize : 25 <-- 3.733466 s
currentSize : 26 <-- 41.943359 s
currentSize : 28 <-- 93.458298 s

TIMEOUT
maxsize : 28
nodes : 174287951.000000
filtered : 3729530690.000000
time : 1000.000000
