Parameters: GAD=1 vflib=1 dir=0 label=0 lowerbound=1 fileNameGp=../../cp2016-max-common-connected-subgraph-paper/datasets/graphsdb/mcs30/m2D/m2Dr2/mcs30_m2Dr2_s30.A06 fileNameGt=../../cp2016-max-common-connected-subgraph-paper/datasets/graphsdb/mcs30/m2D/m2Dr2/mcs30_m2Dr2_s30.B06
Reading graphs...
30 :  53
30 :  54
Initializing...
maxdom : 30
D->valSize : 900
Solving...
currentSize : 15 <-- 0.019260 s
currentSize : 16 <-- 0.030993 s
currentSize : 17 <-- 0.104363 s
currentSize : 18 <-- 0.726678 s
currentSize : 19 <-- 0.787874 s
currentSize : 20 <-- 7.636938 s
currentSize : 21 <-- 7.711085 s

maxsize : 21
nodes : 10096661.000000
filtered : 221448375.000000
time : 49.696556
