Parameters: GAD=1 vflib=1 dir=0 label=0 lowerbound=1 fileNameGp=../../cp2016-max-common-connected-subgraph-paper/datasets/graphsdb/mcs30/m3D/m3Dr4/mcs30_m3Dr4_s40.A04 fileNameGt=../../cp2016-max-common-connected-subgraph-paper/datasets/graphsdb/mcs30/m3D/m3Dr4/mcs30_m3Dr4_s40.B04
Reading graphs...
40 :  98
40 :  97
Initializing...
maxdom : 40
D->valSize : 1600
Solving...
currentSize : 18 <-- 0.034614 s
currentSize : 19 <-- 0.050991 s
currentSize : 20 <-- 0.105495 s
currentSize : 21 <-- 3.012169 s
currentSize : 22 <-- 3.087484 s
currentSize : 23 <-- 40.275574 s
currentSize : 24 <-- 430.364807 s
currentSize : 25 <-- 907.766174 s

TIMEOUT
maxsize : 25
nodes : 183078443.000000
filtered : 3943949657.000000
time : 1000.000061
