Parameters: GAD=1 vflib=1 dir=0 label=0 lowerbound=1 fileNameGp=../../cp2016-max-common-connected-subgraph-paper/datasets/graphsdb/mcs30/bvg/b03/mcs30_b03_s50.A00 fileNameGt=../../cp2016-max-common-connected-subgraph-paper/datasets/graphsdb/mcs30/bvg/b03/mcs30_b03_s50.B00
Reading graphs...
50 :  75
50 :  75
Initializing...
maxdom : 50
D->valSize : 2500
Solving...
currentSize : 23 <-- 0.097940 s
currentSize : 24 <-- 0.098001 s
currentSize : 25 <-- 0.099319 s
currentSize : 26 <-- 0.157793 s
currentSize : 27 <-- 7.946413 s
currentSize : 28 <-- 11.687897 s
currentSize : 29 <-- 94.275330 s
currentSize : 30 <-- 96.737724 s

TIMEOUT
maxsize : 30
nodes : 222932466.000000
filtered : 2676560680.000000
time : 1000.000061
