Parameters: GAD=1 vflib=1 dir=0 label=0 lowerbound=1 fileNameGp=../../cp2016-max-common-connected-subgraph-paper/datasets/graphsdb/mcs30/rand/r005/mcs30_r005_s40.A04 fileNameGt=../../cp2016-max-common-connected-subgraph-paper/datasets/graphsdb/mcs30/rand/r005/mcs30_r005_s40.B04
Reading graphs...
40 :  83
40 :  82
Initializing...
maxdom : 40
D->valSize : 1600
Solving...
currentSize : 16 <-- 0.035220 s
currentSize : 19 <-- 0.035258 s
currentSize : 20 <-- 0.035576 s
currentSize : 21 <-- 0.044004 s
currentSize : 22 <-- 0.059577 s
currentSize : 23 <-- 0.059968 s
currentSize : 24 <-- 0.225194 s
currentSize : 25 <-- 1.625555 s
currentSize : 26 <-- 20.510239 s
currentSize : 27 <-- 469.905151 s
currentSize : 28 <-- 491.985992 s

TIMEOUT
maxsize : 28
nodes : 149990898.000000
filtered : 4922743020.000000
time : 1000.000000
