Parameters: GAD=1 vflib=1 dir=0 label=0 lowerbound=1 fileNameGp=../../cp2016-max-common-connected-subgraph-paper/datasets/graphsdb/mcs30/bvg/b03/mcs30_b03_s40.A03 fileNameGt=../../cp2016-max-common-connected-subgraph-paper/datasets/graphsdb/mcs30/bvg/b03/mcs30_b03_s40.B03
Reading graphs...
40 :  60
40 :  60
Initializing...
maxdom : 40
D->valSize : 1600
Solving...
currentSize : 17 <-- 0.063092 s
currentSize : 18 <-- 0.063498 s
currentSize : 19 <-- 0.063575 s
currentSize : 20 <-- 0.073199 s
currentSize : 21 <-- 0.078225 s
currentSize : 22 <-- 0.093814 s
currentSize : 23 <-- 6.955489 s
currentSize : 24 <-- 6.958792 s
currentSize : 25 <-- 126.814110 s
currentSize : 26 <-- 824.619934 s

TIMEOUT
maxsize : 26
nodes : 257727928.000000
filtered : 2491092214.000000
time : 1000.000000
