Parameters: GAD=1 vflib=1 dir=0 label=0 lowerbound=1 fileNameGp=../../cp2016-max-common-connected-subgraph-paper/datasets/graphsdb/mcs30/m3D/m3Dr6/mcs30_m3Dr6_s30.A04 fileNameGt=../../cp2016-max-common-connected-subgraph-paper/datasets/graphsdb/mcs30/m3D/m3Dr6/mcs30_m3Dr6_s30.B04
Reading graphs...
30 :  76
30 :  74
Initializing...
maxdom : 30
D->valSize : 900
Solving...
currentSize : 15 <-- 0.010412 s
currentSize : 16 <-- 0.011895 s
currentSize : 17 <-- 0.027347 s
currentSize : 18 <-- 0.112696 s
currentSize : 19 <-- 32.870937 s
currentSize : 20 <-- 44.532795 s

maxsize : 20
nodes : 15597291.000000
filtered : 348254366.000000
time : 76.859245
