Parameters: GAD=1 vflib=1 dir=0 label=0 lowerbound=1 fileNameGp=../../cp2016-max-common-connected-subgraph-paper/datasets/graphsdb/mcs30/m3D/m3Dr6/mcs30_m3Dr6_s30.A08 fileNameGt=../../cp2016-max-common-connected-subgraph-paper/datasets/graphsdb/mcs30/m3D/m3Dr6/mcs30_m3Dr6_s30.B08
Reading graphs...
30 :  78
30 :  76
Initializing...
maxdom : 30
D->valSize : 900
Solving...
currentSize : 11 <-- 0.010792 s
currentSize : 12 <-- 0.010836 s
currentSize : 13 <-- 0.011174 s
currentSize : 14 <-- 0.015875 s
currentSize : 15 <-- 0.094436 s
currentSize : 16 <-- 0.122743 s
currentSize : 17 <-- 0.220946 s
currentSize : 18 <-- 5.157128 s
currentSize : 19 <-- 139.706787 s

maxsize : 19
nodes : 32295040.000000
filtered : 693114016.000000
time : 154.841309
