Parameters: GAD=1 vflib=1 dir=0 label=0 lowerbound=1 fileNameGp=../../cp2016-max-common-connected-subgraph-paper/datasets/graphsdb/mcs30/m3D/m3D/mcs30_m3D_s40.A02 fileNameGt=../../cp2016-max-common-connected-subgraph-paper/datasets/graphsdb/mcs30/m3D/m3D/mcs30_m3D_s40.B02
Reading graphs...
40 :  83
40 :  81
Initializing...
maxdom : 40
D->valSize : 1600
Solving...
currentSize : 18 <-- 0.036165 s
currentSize : 19 <-- 0.036805 s
currentSize : 20 <-- 0.040976 s
currentSize : 21 <-- 0.043177 s
currentSize : 22 <-- 0.048830 s
currentSize : 23 <-- 0.048843 s
currentSize : 24 <-- 0.089647 s
currentSize : 25 <-- 4.679287 s
currentSize : 26 <-- 264.056580 s

TIMEOUT
maxsize : 26
nodes : 164422596.000000
filtered : 4235297577.000000
time : 1000.000000
