Parameters: GAD=1 vflib=1 dir=0 label=0 lowerbound=1 fileNameGp=../../cp2016-max-common-connected-subgraph-paper/datasets/graphsdb/mcs30/bvg/b09/mcs30_b09_s40.A02 fileNameGt=../../cp2016-max-common-connected-subgraph-paper/datasets/graphsdb/mcs30/bvg/b09/mcs30_b09_s40.B02
Reading graphs...
40 :  177
40 :  172
Initializing...
maxdom : 40
D->valSize : 1600
Solving...
currentSize : 13 <-- 0.055301 s
currentSize : 14 <-- 0.055553 s
currentSize : 15 <-- 0.057759 s
currentSize : 16 <-- 0.057840 s
currentSize : 17 <-- 0.622710 s
currentSize : 18 <-- 0.849880 s
currentSize : 19 <-- 1.779809 s
currentSize : 20 <-- 34.366604 s
currentSize : 21 <-- 397.019470 s

TIMEOUT
maxsize : 21
nodes : 168211849.000000
filtered : 4638063340.000000
time : 1000.000061
