Parameters: GAD=1 vflib=1 dir=0 label=0 lowerbound=1 fileNameGp=../../cp2016-max-common-connected-subgraph-paper/datasets/graphsdb/mcs30/bvg/b06m/mcs30_b06m_s30.A00 fileNameGt=../../cp2016-max-common-connected-subgraph-paper/datasets/graphsdb/mcs30/bvg/b06m/mcs30_b06m_s30.B00
Reading graphs...
30 :  87
30 :  84
Initializing...
maxdom : 30
D->valSize : 900
Solving...
currentSize : 11 <-- 0.010961 s
currentSize : 12 <-- 0.011020 s
currentSize : 13 <-- 0.011167 s
currentSize : 14 <-- 0.012820 s
currentSize : 15 <-- 0.035631 s
currentSize : 16 <-- 0.174011 s
currentSize : 17 <-- 0.471467 s
currentSize : 18 <-- 6.679200 s

maxsize : 18
nodes : 23610117.000000
filtered : 512256472.000000
time : 111.620300
