Parameters: GAD=1 vflib=1 dir=0 label=0 lowerbound=1 fileNameGp=../../cp2016-max-common-connected-subgraph-paper/datasets/graphsdb/mcs30/m2D/m2D/mcs30_m2D_s30.A08 fileNameGt=../../cp2016-max-common-connected-subgraph-paper/datasets/graphsdb/mcs30/m2D/m2D/mcs30_m2D_s30.B08
Reading graphs...
30 :  49
30 :  49
Initializing...
maxdom : 30
D->valSize : 900
Solving...
currentSize : 15 <-- 0.011733 s
currentSize : 16 <-- 0.011948 s
currentSize : 17 <-- 0.015512 s
currentSize : 18 <-- 0.036324 s
currentSize : 19 <-- 0.476997 s
currentSize : 20 <-- 0.670283 s
currentSize : 21 <-- 5.955935 s
currentSize : 22 <-- 29.609743 s

maxsize : 22
nodes : 7783112.000000
filtered : 162707437.000000
time : 37.685310
