Parameters: GAD=1 vflib=1 dir=0 label=0 lowerbound=1 fileNameGp=../../cp2016-max-common-connected-subgraph-paper/datasets/graphsdb/mcs30/rand/r01/mcs30_r01_s50.A02 fileNameGt=../../cp2016-max-common-connected-subgraph-paper/datasets/graphsdb/mcs30/rand/r01/mcs30_r01_s50.B02
Reading graphs...
50 :  229
50 :  233
Initializing...
maxdom : 50
D->valSize : 2500
Solving...
currentSize : 15 <-- 0.084767 s
currentSize : 16 <-- 0.084881 s
currentSize : 17 <-- 0.084938 s
currentSize : 18 <-- 0.088932 s
currentSize : 19 <-- 0.091192 s
currentSize : 20 <-- 0.091387 s
currentSize : 21 <-- 0.986356 s
currentSize : 22 <-- 26.229952 s
currentSize : 23 <-- 519.285339 s

TIMEOUT
maxsize : 23
nodes : 167302656.000000
filtered : 3420191358.000000
time : 1000.000000
