Parameters: GAD=1 vflib=1 dir=0 label=0 lowerbound=1 fileNameGp=../../cp2016-max-common-connected-subgraph-paper/datasets/graphsdb/mcs30/bvg/b06m/mcs30_b06m_s35.A03 fileNameGt=../../cp2016-max-common-connected-subgraph-paper/datasets/graphsdb/mcs30/bvg/b06m/mcs30_b06m_s35.B03
Reading graphs...
35 :  100
35 :  103
Initializing...
maxdom : 35
D->valSize : 1225
Solving...
currentSize : 13 <-- 0.019400 s
currentSize : 16 <-- 0.019516 s
currentSize : 17 <-- 0.019706 s
currentSize : 18 <-- 0.020376 s
currentSize : 19 <-- 0.021325 s
currentSize : 20 <-- 0.075341 s
currentSize : 21 <-- 300.944305 s

TIMEOUT
maxsize : 21
nodes : 177685370.000000
filtered : 4896246738.000000
time : 1000.000000
