Parameters: GAD=1 vflib=1 dir=0 label=0 lowerbound=1 fileNameGp=../../cp2016-max-common-connected-subgraph-paper/datasets/graphsdb/mcs30/m4D/m4Dr6/mcs30_m4Dr6_s50.A06 fileNameGt=../../cp2016-max-common-connected-subgraph-paper/datasets/graphsdb/mcs30/m4D/m4Dr6/mcs30_m4Dr6_s50.B06
Reading graphs...
50 :  113
50 :  113
Initializing...
maxdom : 50
D->valSize : 2500
Solving...
currentSize : 20 <-- 0.094361 s
currentSize : 21 <-- 0.094617 s
currentSize : 22 <-- 0.098537 s
currentSize : 23 <-- 0.160918 s
currentSize : 24 <-- 0.478227 s
currentSize : 25 <-- 2.576174 s
currentSize : 26 <-- 9.409271 s
currentSize : 27 <-- 140.676392 s
currentSize : 28 <-- 188.646149 s
currentSize : 29 <-- 356.793823 s

TIMEOUT
maxsize : 29
nodes : 212168010.000000
filtered : 2831879577.000000
time : 1000.000061
