Parameters: GAD=1 vflib=1 dir=0 label=0 lowerbound=1 fileNameGp=../../cp2016-max-common-connected-subgraph-paper/datasets/graphsdb/mcs30/m4D/m4Dr4/mcs30_m4Dr4_s50.A06 fileNameGt=../../cp2016-max-common-connected-subgraph-paper/datasets/graphsdb/mcs30/m4D/m4Dr4/mcs30_m4Dr4_s50.B06
Reading graphs...
50 :  107
50 :  104
Initializing...
maxdom : 50
D->valSize : 2500
Solving...
currentSize : 21 <-- 0.095117 s
currentSize : 22 <-- 0.095169 s
currentSize : 23 <-- 0.095303 s
currentSize : 24 <-- 0.103435 s
currentSize : 25 <-- 0.139136 s
currentSize : 27 <-- 0.531158 s
currentSize : 28 <-- 2.491093 s

TIMEOUT
maxsize : 28
nodes : 229168837.000000
filtered : 2726511998.000000
time : 1000.000061
