Parameters: GAD=1 vflib=1 dir=0 label=0 lowerbound=1 fileNameGp=../../cp2016-max-common-connected-subgraph-paper/datasets/graphsdb/mcs30/bvg/b03m/mcs30_b03m_s30.A04 fileNameGt=../../cp2016-max-common-connected-subgraph-paper/datasets/graphsdb/mcs30/bvg/b03m/mcs30_b03m_s30.B04
Reading graphs...
30 :  45
30 :  45
Initializing...
maxdom : 30
D->valSize : 900
Solving...
currentSize : 13 <-- 0.011081 s
currentSize : 14 <-- 0.011098 s
currentSize : 15 <-- 0.012127 s
currentSize : 16 <-- 0.012263 s
currentSize : 17 <-- 0.021160 s
currentSize : 18 <-- 0.113169 s
currentSize : 19 <-- 3.223667 s
currentSize : 20 <-- 14.009269 s
currentSize : 21 <-- 31.180260 s

maxsize : 21
nodes : 16794447.000000
filtered : 248683825.000000
time : 68.447685
