Parameters: GAD=1 vflib=1 dir=0 label=0 lowerbound=1 fileNameGp=../../cp2016-max-common-connected-subgraph-paper/datasets/graphsdb/mcs30/bvg/b09/mcs30_b09_s35.A05 fileNameGt=../../cp2016-max-common-connected-subgraph-paper/datasets/graphsdb/mcs30/bvg/b09/mcs30_b09_s35.B05
Reading graphs...
35 :  152
35 :  151
Initializing...
maxdom : 35
D->valSize : 1225
Solving...
currentSize : 11 <-- 0.017926 s
currentSize : 13 <-- 0.017994 s
currentSize : 14 <-- 0.018697 s
currentSize : 15 <-- 0.018725 s
currentSize : 16 <-- 0.020283 s
currentSize : 17 <-- 0.044231 s
currentSize : 18 <-- 0.187231 s
currentSize : 19 <-- 3.988930 s
currentSize : 20 <-- 201.927429 s

maxsize : 20
nodes : 160043724.000000
filtered : 4424065720.000000
time : 902.404480
