Parameters: GAD=1 vflib=1 dir=0 label=0 lowerbound=1 fileNameGp=../../cp2016-max-common-connected-subgraph-paper/datasets/graphsdb/mcs30/m3D/m3Dr4/mcs30_m3Dr4_s40.A06 fileNameGt=../../cp2016-max-common-connected-subgraph-paper/datasets/graphsdb/mcs30/m3D/m3Dr4/mcs30_m3Dr4_s40.B06
Reading graphs...
40 :  98
40 :  96
Initializing...
maxdom : 40
D->valSize : 1600
Solving...
currentSize : 17 <-- 0.034487 s
currentSize : 18 <-- 0.034511 s
currentSize : 19 <-- 0.034760 s
currentSize : 20 <-- 0.043705 s
currentSize : 21 <-- 0.094180 s
currentSize : 22 <-- 0.155798 s
currentSize : 23 <-- 1.571102 s
currentSize : 24 <-- 26.677570 s
currentSize : 25 <-- 117.409485 s

TIMEOUT
maxsize : 25
nodes : 163739127.000000
filtered : 4436646161.000000
time : 1000.000061
