Parameters: GAD=1 vflib=1 dir=0 label=0 lowerbound=1 fileNameGp=../../cp2016-max-common-connected-subgraph-paper/datasets/graphsdb/mcs30/bvg/b03m/mcs30_b03m_s50.A00 fileNameGt=../../cp2016-max-common-connected-subgraph-paper/datasets/graphsdb/mcs30/bvg/b03m/mcs30_b03m_s50.B00
Reading graphs...
50 :  75
50 :  74
Initializing...
maxdom : 50
D->valSize : 2500
Solving...
currentSize : 16 <-- 0.098657 s
currentSize : 19 <-- 0.098700 s
currentSize : 20 <-- 0.098718 s
currentSize : 23 <-- 0.099332 s
currentSize : 24 <-- 0.100544 s
currentSize : 25 <-- 0.105789 s
currentSize : 26 <-- 0.562484 s
currentSize : 27 <-- 0.562494 s
currentSize : 28 <-- 0.603510 s
currentSize : 29 <-- 6.234339 s
currentSize : 30 <-- 38.612251 s
currentSize : 31 <-- 57.330475 s
currentSize : 33 <-- 147.770508 s

TIMEOUT
maxsize : 33
nodes : 188636805.000000
filtered : 3355993112.000000
time : 1000.000061
