Parameters: GAD=1 vflib=1 dir=0 label=0 lowerbound=1 fileNameGp=../../cp2016-max-common-connected-subgraph-paper/datasets/graphsdb/mcs30/m2D/m2Dr6/mcs30_m2Dr6_s30.A00 fileNameGt=../../cp2016-max-common-connected-subgraph-paper/datasets/graphsdb/mcs30/m2D/m2Dr6/mcs30_m2Dr6_s30.B00
Reading graphs...
30 :  65
30 :  63
Initializing...
maxdom : 30
D->valSize : 900
Solving...
currentSize : 13 <-- 0.018683 s
currentSize : 14 <-- 0.018706 s
currentSize : 15 <-- 0.018719 s
currentSize : 16 <-- 0.018935 s
currentSize : 17 <-- 0.229408 s
currentSize : 18 <-- 0.461196 s
currentSize : 19 <-- 1.763789 s
currentSize : 20 <-- 97.877777 s

maxsize : 20
nodes : 25127021.000000
filtered : 521414228.000000
time : 117.996704
