Parameters: GAD=1 vflib=1 dir=0 label=0 lowerbound=1 fileNameGp=../../cp2016-max-common-connected-subgraph-paper/datasets/graphsdb/mcs30/bvg/b03/mcs30_b03_s35.A03 fileNameGt=../../cp2016-max-common-connected-subgraph-paper/datasets/graphsdb/mcs30/bvg/b03/mcs30_b03_s35.B03
Reading graphs...
35 :  52
35 :  52
Initializing...
maxdom : 35
D->valSize : 1225
Solving...
currentSize : 2 <-- 0.020858 s
currentSize : 14 <-- 0.020985 s
currentSize : 17 <-- 0.021404 s
currentSize : 19 <-- 0.502589 s
currentSize : 21 <-- 2.657465 s
currentSize : 22 <-- 2.711196 s
currentSize : 23 <-- 254.086609 s
currentSize : 24 <-- 319.688873 s
currentSize : 25 <-- 543.867126 s

maxsize : 25
nodes : 194199563.000000
filtered : 2983250767.000000
time : 868.181396
