Parameters: GAD=1 vflib=1 dir=0 label=0 lowerbound=1 fileNameGp=../../cp2016-max-common-connected-subgraph-paper/datasets/graphsdb/mcs30/bvg/b06m/mcs30_b06m_s50.A09 fileNameGt=../../cp2016-max-common-connected-subgraph-paper/datasets/graphsdb/mcs30/bvg/b06m/mcs30_b06m_s50.B09
Reading graphs...
50 :  148
50 :  147
Initializing...
maxdom : 50
D->valSize : 2500
Solving...
currentSize : 18 <-- 0.091571 s
currentSize : 19 <-- 0.091614 s
currentSize : 21 <-- 0.092507 s
currentSize : 22 <-- 0.092531 s
currentSize : 23 <-- 0.320175 s
currentSize : 24 <-- 0.320405 s
currentSize : 25 <-- 12.133985 s
currentSize : 26 <-- 18.774452 s
currentSize : 27 <-- 58.945866 s

TIMEOUT
maxsize : 27
nodes : 159451345.000000
filtered : 3459053168.000000
time : 1000.000061
