Parameters: GAD=1 vflib=1 dir=0 label=0 lowerbound=1 fileNameGp=../../cp2016-max-common-connected-subgraph-paper/datasets/graphsdb/mcs30/bvg/b09/mcs30_b09_s40.A08 fileNameGt=../../cp2016-max-common-connected-subgraph-paper/datasets/graphsdb/mcs30/bvg/b09/mcs30_b09_s40.B08
Reading graphs...
40 :  171
40 :  175
Initializing...
maxdom : 40
D->valSize : 1600
Solving...
currentSize : 13 <-- 0.055047 s
currentSize : 14 <-- 0.057943 s
currentSize : 15 <-- 0.058007 s
currentSize : 16 <-- 0.064269 s
currentSize : 17 <-- 0.087084 s
currentSize : 18 <-- 0.180776 s
currentSize : 19 <-- 1.548396 s
currentSize : 20 <-- 38.625351 s

TIMEOUT
maxsize : 20
nodes : 186171919.000000
filtered : 3799625512.000000
time : 1000.000061
