Parameters: GAD=1 vflib=1 dir=0 label=0 lowerbound=1 fileNameGp=../../cp2016-max-common-connected-subgraph-paper/datasets/graphsdb/mcs30/bvg/b03m/mcs30_b03m_s50.A09 fileNameGt=../../cp2016-max-common-connected-subgraph-paper/datasets/graphsdb/mcs30/bvg/b03m/mcs30_b03m_s50.B09
Reading graphs...
50 :  75
50 :  75
Initializing...
maxdom : 50
D->valSize : 2500
Solving...
currentSize : 20 <-- 0.097607 s
currentSize : 21 <-- 0.097643 s
currentSize : 23 <-- 0.097700 s
currentSize : 24 <-- 0.097809 s
currentSize : 25 <-- 0.098791 s
currentSize : 26 <-- 0.176093 s
currentSize : 27 <-- 0.180095 s
currentSize : 28 <-- 208.261017 s
currentSize : 29 <-- 243.348312 s

TIMEOUT
maxsize : 29
nodes : 239479493.000000
filtered : 2493689611.000000
time : 1000.000061
