Parameters: GAD=1 vflib=1 dir=0 label=0 lowerbound=1 fileNameGp=../../cp2016-max-common-connected-subgraph-paper/datasets/graphsdb/mcs30/bvg/b03/mcs30_b03_s30.A08 fileNameGt=../../cp2016-max-common-connected-subgraph-paper/datasets/graphsdb/mcs30/bvg/b03/mcs30_b03_s30.B08
Reading graphs...
30 :  45
30 :  45
Initializing...
maxdom : 30
D->valSize : 900
Solving...
currentSize : 13 <-- 0.011052 s
currentSize : 14 <-- 0.011107 s
currentSize : 15 <-- 0.011449 s
currentSize : 16 <-- 0.038323 s
currentSize : 17 <-- 0.117336 s
currentSize : 18 <-- 0.150280 s
currentSize : 19 <-- 0.476277 s
currentSize : 20 <-- 6.883770 s
currentSize : 21 <-- 23.043638 s

maxsize : 21
nodes : 18437482.000000
filtered : 274224491.000000
time : 75.591354
