Parameters: GAD=1 vflib=1 dir=0 label=0 lowerbound=1 fileNameGp=../../cp2016-max-common-connected-subgraph-paper/datasets/graphsdb/mcs30/bvg/b09m/mcs30_b09m_s50.A04 fileNameGt=../../cp2016-max-common-connected-subgraph-paper/datasets/graphsdb/mcs30/bvg/b09m/mcs30_b09m_s50.B04
Reading graphs...
50 :  219
50 :  214
Initializing...
maxdom : 50
D->valSize : 2500
Solving...
currentSize : 18 <-- 0.085756 s
currentSize : 19 <-- 0.085797 s
currentSize : 20 <-- 0.093210 s
currentSize : 21 <-- 0.167861 s
currentSize : 22 <-- 3.769678 s
currentSize : 23 <-- 50.379776 s
currentSize : 24 <-- 291.365875 s

TIMEOUT
maxsize : 24
nodes : 160519562.000000
filtered : 3715563180.000000
time : 1000.000061
