Parameters: GAD=1 vflib=1 dir=0 label=0 lowerbound=1 fileNameGp=../../cp2016-max-common-connected-subgraph-paper/datasets/graphsdb/mcs30/rand/r005/mcs30_r005_s50.A01 fileNameGt=../../cp2016-max-common-connected-subgraph-paper/datasets/graphsdb/mcs30/rand/r005/mcs30_r005_s50.B01
Reading graphs...
50 :  125
50 :  126
Initializing...
maxdom : 50
D->valSize : 2500
Solving...
currentSize : 21 <-- 0.151242 s
currentSize : 22 <-- 0.151312 s
currentSize : 23 <-- 0.151736 s
currentSize : 24 <-- 0.172222 s
currentSize : 25 <-- 0.535321 s
currentSize : 26 <-- 0.733866 s
currentSize : 27 <-- 0.809578 s
currentSize : 28 <-- 63.957699 s
currentSize : 29 <-- 408.584869 s

TIMEOUT
maxsize : 29
nodes : 165481105.000000
filtered : 3670949653.000000
time : 1000.000061
