Parameters: GAD=1 vflib=1 dir=0 label=0 lowerbound=1 fileNameGp=../../cp2016-max-common-connected-subgraph-paper/datasets/graphsdb/mcs30/m4D/m4D/mcs30_m4D_s50.A08 fileNameGt=../../cp2016-max-common-connected-subgraph-paper/datasets/graphsdb/mcs30/m4D/m4D/mcs30_m4D_s50.B08
Reading graphs...
50 :  86
50 :  86
Initializing...
maxdom : 50
D->valSize : 2500
Solving...
currentSize : 22 <-- 0.096215 s
currentSize : 23 <-- 0.096248 s
currentSize : 24 <-- 0.096489 s
currentSize : 25 <-- 0.099143 s
currentSize : 26 <-- 0.105464 s
currentSize : 27 <-- 0.581037 s
currentSize : 28 <-- 0.585612 s
currentSize : 29 <-- 4.324513 s
currentSize : 30 <-- 17.553831 s
currentSize : 31 <-- 218.329468 s

TIMEOUT
maxsize : 31
nodes : 213579858.000000
filtered : 2681073816.000000
time : 1000.000061
