Parameters: GAD=1 vflib=1 dir=0 label=0 lowerbound=1 fileNameGp=../../cp2016-max-common-connected-subgraph-paper/datasets/graphsdb/mcs30/m2D/m2Dr6/mcs30_m2Dr6_s30.A06 fileNameGt=../../cp2016-max-common-connected-subgraph-paper/datasets/graphsdb/mcs30/m2D/m2Dr6/mcs30_m2Dr6_s30.B06
Reading graphs...
30 :  66
30 :  63
Initializing...
maxdom : 30
D->valSize : 900
Solving...
currentSize : 15 <-- 0.010619 s
currentSize : 16 <-- 0.010673 s
currentSize : 17 <-- 0.016503 s
currentSize : 18 <-- 0.019973 s
currentSize : 19 <-- 0.019992 s
currentSize : 20 <-- 49.474304 s

maxsize : 20
nodes : 17675149.000000
filtered : 383059480.000000
time : 84.267761
