Parameters: GAD=1 vflib=1 dir=0 label=0 lowerbound=1 fileNameGp=../../cp2016-max-common-connected-subgraph-paper/datasets/graphsdb/mcs30/bvg/b03/mcs30_b03_s50.A09 fileNameGt=../../cp2016-max-common-connected-subgraph-paper/datasets/graphsdb/mcs30/bvg/b03/mcs30_b03_s50.B09
Reading graphs...
50 :  75
50 :  75
Initializing...
maxdom : 50
D->valSize : 2500
Solving...
currentSize : 25 <-- 0.098246 s
currentSize : 26 <-- 0.102031 s
currentSize : 27 <-- 0.423918 s
currentSize : 28 <-- 0.424427 s
currentSize : 29 <-- 2.297559 s
currentSize : 30 <-- 2.297710 s
currentSize : 31 <-- 544.446411 s

TIMEOUT
maxsize : 31
nodes : 236679568.000000
filtered : 2494765401.000000
time : 1000.000061
