Parameters: GAD=1 vflib=1 dir=0 label=0 lowerbound=1 fileNameGp=../../cp2016-max-common-connected-subgraph-paper/datasets/graphsdb/mcs30/rand/r005/mcs30_r005_s35.A05 fileNameGt=../../cp2016-max-common-connected-subgraph-paper/datasets/graphsdb/mcs30/rand/r005/mcs30_r005_s35.B05
Reading graphs...
35 :  62
35 :  62
Initializing...
maxdom : 35
D->valSize : 1225
Solving...
currentSize : 14 <-- 0.036548 s
currentSize : 15 <-- 0.036631 s
currentSize : 16 <-- 0.038807 s
currentSize : 17 <-- 0.039928 s
currentSize : 18 <-- 0.080131 s
currentSize : 19 <-- 0.180587 s
currentSize : 20 <-- 1.862658 s
currentSize : 21 <-- 1.873011 s
currentSize : 22 <-- 5.273356 s
currentSize : 23 <-- 151.453918 s
currentSize : 24 <-- 669.274963 s

TIMEOUT
maxsize : 24
nodes : 190597417.000000
filtered : 4196213042.000000
time : 1000.000061
