Parameters: GAD=1 vflib=1 dir=0 label=0 lowerbound=1 fileNameGp=../../cp2016-max-common-connected-subgraph-paper/datasets/graphsdb/mcs30/bvg/b06m/mcs30_b06m_s40.A08 fileNameGt=../../cp2016-max-common-connected-subgraph-paper/datasets/graphsdb/mcs30/bvg/b06m/mcs30_b06m_s40.B08
Reading graphs...
40 :  118
40 :  119
Initializing...
maxdom : 40
D->valSize : 1600
Solving...
currentSize : 17 <-- 0.033650 s
currentSize : 18 <-- 0.034447 s
currentSize : 19 <-- 0.038165 s
currentSize : 20 <-- 0.040681 s
currentSize : 21 <-- 3.993892 s
currentSize : 22 <-- 78.662376 s
currentSize : 23 <-- 851.815247 s

TIMEOUT
maxsize : 23
nodes : 177218042.000000
filtered : 4140836170.000000
time : 1000.000000
