Parameters: GAD=1 vflib=1 dir=0 label=0 lowerbound=1 fileNameGp=../../cp2016-max-common-connected-subgraph-paper/datasets/graphsdb/mcs30/rand/r005/mcs30_r005_s35.A04 fileNameGt=../../cp2016-max-common-connected-subgraph-paper/datasets/graphsdb/mcs30/rand/r005/mcs30_r005_s35.B04
Reading graphs...
35 :  61
35 :  62
Initializing...
maxdom : 35
D->valSize : 1225
Solving...
currentSize : 15 <-- 0.036175 s
currentSize : 16 <-- 0.036882 s
currentSize : 17 <-- 0.036933 s
currentSize : 18 <-- 0.039412 s
currentSize : 19 <-- 0.047982 s
currentSize : 20 <-- 0.070493 s
currentSize : 21 <-- 5.535151 s
currentSize : 22 <-- 29.778788 s
currentSize : 23 <-- 141.719833 s

TIMEOUT
maxsize : 23
nodes : 212329972.000000
filtered : 3837189821.000000
time : 1000.000000
