Parameters: GAD=1 vflib=1 dir=0 label=0 lowerbound=1 fileNameGp=../../cp2016-max-common-connected-subgraph-paper/datasets/graphsdb/mcs30/m3D/m3Dr6/mcs30_m3Dr6_s40.A09 fileNameGt=../../cp2016-max-common-connected-subgraph-paper/datasets/graphsdb/mcs30/m3D/m3Dr6/mcs30_m3Dr6_s40.B09
Reading graphs...
40 :  105
40 :  101
Initializing...
maxdom : 40
D->valSize : 1600
Solving...
currentSize : 16 <-- 0.059239 s
currentSize : 17 <-- 0.059415 s
currentSize : 18 <-- 0.059556 s
currentSize : 19 <-- 0.064039 s
currentSize : 20 <-- 0.086060 s
currentSize : 21 <-- 0.110854 s
currentSize : 22 <-- 1.033277 s
currentSize : 23 <-- 66.391296 s
currentSize : 24 <-- 202.782639 s

TIMEOUT
maxsize : 24
nodes : 170417381.000000
filtered : 4456782586.000000
time : 1000.000000
