Parameters: GAD=1 vflib=1 dir=0 label=0 lowerbound=1 fileNameGp=../../cp2016-max-common-connected-subgraph-paper/datasets/graphsdb/mcs30/rand/r005/mcs30_r005_s35.A06 fileNameGt=../../cp2016-max-common-connected-subgraph-paper/datasets/graphsdb/mcs30/rand/r005/mcs30_r005_s35.B06
Reading graphs...
35 :  62
35 :  63
Initializing...
maxdom : 35
D->valSize : 1225
Solving...
currentSize : 18 <-- 0.020694 s
currentSize : 19 <-- 0.020832 s
currentSize : 20 <-- 0.028978 s
currentSize : 21 <-- 0.051030 s
currentSize : 22 <-- 0.051120 s
currentSize : 23 <-- 0.938503 s
currentSize : 24 <-- 2.333664 s
currentSize : 25 <-- 228.589157 s

maxsize : 25
nodes : 86536497.000000
filtered : 2285722797.000000
time : 488.674194
