Parameters: GAD=1 vflib=1 dir=0 label=0 lowerbound=1 fileNameGp=../../cp2016-max-common-connected-subgraph-paper/datasets/graphsdb/mcs30/m2D/m2Dr6/mcs30_m2Dr6_s50.A09 fileNameGt=../../cp2016-max-common-connected-subgraph-paper/datasets/graphsdb/mcs30/m2D/m2Dr6/mcs30_m2Dr6_s50.B09
Reading graphs...
50 :  111
50 :  109
Initializing...
maxdom : 50
D->valSize : 2500
Solving...
currentSize : 18 <-- 0.121951 s
currentSize : 20 <-- 0.122055 s
currentSize : 21 <-- 0.201162 s
currentSize : 22 <-- 0.239757 s
currentSize : 23 <-- 4.242870 s
currentSize : 24 <-- 10.172398 s
currentSize : 25 <-- 17.604162 s
currentSize : 26 <-- 97.732552 s
currentSize : 27 <-- 201.130814 s
currentSize : 28 <-- 523.104492 s

TIMEOUT
maxsize : 28
nodes : 206043579.000000
filtered : 2472305114.000000
time : 1000.000061
