Parameters: GAD=1 vflib=1 dir=0 label=0 lowerbound=1 fileNameGp=../../cp2016-max-common-connected-subgraph-paper/datasets/graphsdb/mcs30/bvg/b06m/mcs30_b06m_s30.A06 fileNameGt=../../cp2016-max-common-connected-subgraph-paper/datasets/graphsdb/mcs30/bvg/b06m/mcs30_b06m_s30.B06
Reading graphs...
30 :  86
30 :  85
Initializing...
maxdom : 30
D->valSize : 900
Solving...
currentSize : 12 <-- 0.011127 s
currentSize : 13 <-- 0.011174 s
currentSize : 14 <-- 0.011497 s
currentSize : 15 <-- 0.030507 s
currentSize : 16 <-- 0.198893 s
currentSize : 17 <-- 1.060299 s
currentSize : 18 <-- 64.542496 s

maxsize : 18
nodes : 41965966.000000
filtered : 876285682.000000
time : 195.230148
