Parameters: GAD=1 vflib=1 dir=0 label=0 lowerbound=1 fileNameGp=../../cp2016-max-common-connected-subgraph-paper/datasets/graphsdb/mcs30/bvg/b09m/mcs30_b09m_s40.A06 fileNameGt=../../cp2016-max-common-connected-subgraph-paper/datasets/graphsdb/mcs30/bvg/b09m/mcs30_b09m_s40.B06
Reading graphs...
40 :  171
40 :  175
Initializing...
maxdom : 40
D->valSize : 1600
Solving...
currentSize : 13 <-- 0.031639 s
currentSize : 15 <-- 0.031672 s
currentSize : 16 <-- 0.032651 s
currentSize : 17 <-- 0.051739 s
currentSize : 18 <-- 0.112942 s
currentSize : 19 <-- 2.271810 s
currentSize : 20 <-- 30.549492 s

TIMEOUT
maxsize : 20
nodes : 180096933.000000
filtered : 3736713853.000000
time : 1000.000061
