Parameters: GAD=1 vflib=1 dir=0 label=0 lowerbound=1 fileNameGp=../../cp2016-max-common-connected-subgraph-paper/datasets/graphsdb/mcs30/rand/r005/mcs30_r005_s40.A09 fileNameGt=../../cp2016-max-common-connected-subgraph-paper/datasets/graphsdb/mcs30/rand/r005/mcs30_r005_s40.B09
Reading graphs...
40 :  81
40 :  82
Initializing...
maxdom : 40
D->valSize : 1600
Solving...
currentSize : 15 <-- 0.061993 s
currentSize : 16 <-- 0.062261 s
currentSize : 17 <-- 0.064734 s
currentSize : 18 <-- 0.086510 s
currentSize : 19 <-- 0.161500 s
currentSize : 20 <-- 0.276543 s
currentSize : 21 <-- 0.356722 s
currentSize : 22 <-- 0.731728 s
currentSize : 23 <-- 3.365742 s
currentSize : 24 <-- 272.214508 s
currentSize : 25 <-- 272.689819 s

TIMEOUT
maxsize : 25
nodes : 202765908.000000
filtered : 3452084076.000000
time : 1000.000061
