Parameters: GAD=1 vflib=1 dir=0 label=0 lowerbound=1 fileNameGp=../../cp2016-max-common-connected-subgraph-paper/datasets/graphsdb/mcs30/m3D/m3Dr2/mcs30_m3Dr2_s40.A03 fileNameGt=../../cp2016-max-common-connected-subgraph-paper/datasets/graphsdb/mcs30/m3D/m3Dr2/mcs30_m3Dr2_s40.B03
Reading graphs...
40 :  91
40 :  90
Initializing...
maxdom : 40
D->valSize : 1600
Solving...
currentSize : 17 <-- 0.034821 s
currentSize : 19 <-- 0.035148 s
currentSize : 20 <-- 0.103353 s
currentSize : 21 <-- 0.333505 s
currentSize : 22 <-- 0.905793 s
currentSize : 23 <-- 0.906181 s
currentSize : 24 <-- 3.212381 s
currentSize : 25 <-- 8.471959 s
currentSize : 26 <-- 150.317337 s

TIMEOUT
maxsize : 26
nodes : 156678575.000000
filtered : 4555127023.000000
time : 1000.000061
