Parameters: GAD=1 vflib=1 dir=0 label=0 lowerbound=1 fileNameGp=../../cp2016-max-common-connected-subgraph-paper/datasets/graphsdb/mcs30/m2D/m2Dr2/mcs30_m2Dr2_s30.A08 fileNameGt=../../cp2016-max-common-connected-subgraph-paper/datasets/graphsdb/mcs30/m2D/m2Dr2/mcs30_m2Dr2_s30.B08
Reading graphs...
30 :  55
30 :  54
Initializing...
maxdom : 30
D->valSize : 900
Solving...
currentSize : 12 <-- 0.010928 s
currentSize : 13 <-- 0.010958 s
currentSize : 14 <-- 0.011382 s
currentSize : 15 <-- 0.011394 s
currentSize : 16 <-- 0.011414 s
currentSize : 17 <-- 0.011590 s
currentSize : 18 <-- 0.307851 s
currentSize : 19 <-- 0.461725 s
currentSize : 20 <-- 0.821724 s
currentSize : 21 <-- 10.389670 s
currentSize : 22 <-- 32.165520 s

maxsize : 22
nodes : 7241443.000000
filtered : 160776442.000000
time : 35.493465
