Parameters: GAD=1 vflib=1 dir=0 label=0 lowerbound=1 fileNameGp=../../cp2016-max-common-connected-subgraph-paper/datasets/graphsdb/mcs30/rand/r02/mcs30_r02_s30.A01 fileNameGt=../../cp2016-max-common-connected-subgraph-paper/datasets/graphsdb/mcs30/rand/r02/mcs30_r02_s30.B01
Reading graphs...
30 :  153
30 :  150
Initializing...
maxdom : 30
D->valSize : 900
Solving...
currentSize : 10 <-- 0.009623 s
currentSize : 11 <-- 0.009654 s
currentSize : 12 <-- 0.009981 s
currentSize : 13 <-- 0.013458 s
currentSize : 14 <-- 0.047133 s
currentSize : 15 <-- 165.730545 s

maxsize : 15
nodes : 90442970.000000
filtered : 1229962093.000000
time : 376.199188
