Parameters: GAD=1 vflib=1 dir=0 label=0 lowerbound=1 fileNameGp=../../cp2016-max-common-connected-subgraph-paper/datasets/graphsdb/mcs30/bvg/b09m/mcs30_b09m_s40.A00 fileNameGt=../../cp2016-max-common-connected-subgraph-paper/datasets/graphsdb/mcs30/bvg/b09m/mcs30_b09m_s40.B00
Reading graphs...
40 :  172
40 :  167
Initializing...
maxdom : 40
D->valSize : 1600
Solving...
currentSize : 12 <-- 0.031906 s
currentSize : 13 <-- 0.031936 s
currentSize : 14 <-- 0.032069 s
currentSize : 15 <-- 0.032152 s
currentSize : 16 <-- 0.032438 s
currentSize : 17 <-- 0.199052 s
currentSize : 18 <-- 0.626586 s
currentSize : 19 <-- 126.209282 s

TIMEOUT
maxsize : 19
nodes : 194472809.000000
filtered : 3704860995.000000
time : 1000.000061
