Parameters: GAD=1 vflib=1 dir=0 label=0 lowerbound=1 fileNameGp=../../cp2016-max-common-connected-subgraph-paper/datasets/graphsdb/mcs30/rand/r01/mcs30_r01_s35.A09 fileNameGt=../../cp2016-max-common-connected-subgraph-paper/datasets/graphsdb/mcs30/rand/r01/mcs30_r01_s35.B09
Reading graphs...
35 :  112
35 :  113
Initializing...
maxdom : 35
D->valSize : 1225
Solving...
currentSize : 12 <-- 0.032585 s
currentSize : 13 <-- 0.032613 s
currentSize : 14 <-- 0.032695 s
currentSize : 15 <-- 0.033600 s
currentSize : 16 <-- 0.035968 s
currentSize : 17 <-- 0.103977 s
currentSize : 18 <-- 0.156091 s
currentSize : 19 <-- 1.290890 s

TIMEOUT
maxsize : 19
nodes : 200749801.000000
filtered : 3777261554.000000
time : 1000.000000
