Parameters: GAD=1 vflib=1 dir=0 label=0 lowerbound=1 fileNameGp=../../cp2016-max-common-connected-subgraph-paper/datasets/graphsdb/mcs30/m3D/m3Dr4/mcs30_m3Dr4_s30.A01 fileNameGt=../../cp2016-max-common-connected-subgraph-paper/datasets/graphsdb/mcs30/m3D/m3Dr4/mcs30_m3Dr4_s30.B01
Reading graphs...
30 :  71
30 :  69
Initializing...
maxdom : 30
D->valSize : 900
Solving...
currentSize : 10 <-- 0.010710 s
currentSize : 11 <-- 0.010861 s
currentSize : 13 <-- 0.010931 s
currentSize : 15 <-- 0.013051 s
currentSize : 16 <-- 0.013202 s
currentSize : 17 <-- 0.271626 s
currentSize : 18 <-- 4.874921 s
currentSize : 19 <-- 40.331635 s

maxsize : 19
nodes : 31281681.000000
filtered : 665582767.000000
time : 147.380646
