Parameters: GAD=1 vflib=1 dir=0 label=0 lowerbound=1 fileNameGp=../../cp2016-max-common-connected-subgraph-paper/datasets/graphsdb/mcs30/rand/r02/mcs30_r02_s25.A02 fileNameGt=../../cp2016-max-common-connected-subgraph-paper/datasets/graphsdb/mcs30/rand/r02/mcs30_r02_s25.B02
Reading graphs...
25 :  106
25 :  103
Initializing...
maxdom : 25
D->valSize : 625
Solving...
currentSize : 8 <-- 0.007690 s
currentSize : 9 <-- 0.007708 s
currentSize : 10 <-- 0.007900 s
currentSize : 11 <-- 0.008157 s
currentSize : 12 <-- 0.014763 s
currentSize : 13 <-- 1.259596 s

maxsize : 13
nodes : 8053409.000000
filtered : 101240288.000000
time : 29.782690
