Parameters: GAD=1 vflib=1 dir=0 label=0 lowerbound=1 fileNameGp=../../cp2016-max-common-connected-subgraph-paper/datasets/graphsdb/mcs30/bvg/b03m/mcs30_b03m_s30.A02 fileNameGt=../../cp2016-max-common-connected-subgraph-paper/datasets/graphsdb/mcs30/bvg/b03m/mcs30_b03m_s30.B02
Reading graphs...
30 :  45
30 :  45
Initializing...
maxdom : 30
D->valSize : 900
Solving...
currentSize : 14 <-- 0.019978 s
currentSize : 15 <-- 0.020284 s
currentSize : 16 <-- 0.021852 s
currentSize : 17 <-- 0.032972 s
currentSize : 18 <-- 0.243832 s
currentSize : 19 <-- 53.414581 s
currentSize : 20 <-- 344.284973 s

maxsize : 20
nodes : 133217279.000000
filtered : 1294007630.000000
time : 441.611145
