Parameters: GAD=1 vflib=1 dir=0 label=0 lowerbound=1 fileNameGp=../../cp2016-max-common-connected-subgraph-paper/datasets/graphsdb/mcs30/m3D/m3Dr6/mcs30_m3Dr6_s30.A00 fileNameGt=../../cp2016-max-common-connected-subgraph-paper/datasets/graphsdb/mcs30/m3D/m3Dr6/mcs30_m3Dr6_s30.B00
Reading graphs...
30 :  76
30 :  75
Initializing...
maxdom : 30
D->valSize : 900
Solving...
currentSize : 13 <-- 0.010381 s
currentSize : 14 <-- 0.010955 s
currentSize : 15 <-- 0.024359 s
currentSize : 16 <-- 0.223832 s
currentSize : 17 <-- 0.766408 s
currentSize : 18 <-- 4.151005 s
currentSize : 19 <-- 11.032331 s

maxsize : 19
nodes : 19568374.000000
filtered : 448727195.000000
time : 96.823891
