Parameters: GAD=1 vflib=1 dir=0 label=0 lowerbound=1 fileNameGp=../../cp2016-max-common-connected-subgraph-paper/datasets/graphsdb/mcs30/bvg/b03m/mcs30_b03m_s50.A06 fileNameGt=../../cp2016-max-common-connected-subgraph-paper/datasets/graphsdb/mcs30/bvg/b03m/mcs30_b03m_s50.B06
Reading graphs...
50 :  75
50 :  75
Initializing...
maxdom : 50
D->valSize : 2500
Solving...
currentSize : 21 <-- 0.097293 s
currentSize : 23 <-- 0.097327 s
currentSize : 25 <-- 0.097344 s
currentSize : 26 <-- 0.097499 s
currentSize : 28 <-- 0.097751 s
currentSize : 29 <-- 0.940329 s
currentSize : 30 <-- 4.912524 s

TIMEOUT
maxsize : 30
nodes : 250781759.000000
filtered : 1884337472.000000
time : 1000.000061
