Parameters: GAD=1 vflib=1 dir=0 label=0 lowerbound=1 fileNameGp=../../cp2016-max-common-connected-subgraph-paper/datasets/graphsdb/mcs30/bvg/b03m/mcs30_b03m_s35.A03 fileNameGt=../../cp2016-max-common-connected-subgraph-paper/datasets/graphsdb/mcs30/bvg/b03m/mcs30_b03m_s35.B03
Reading graphs...
35 :  52
35 :  52
Initializing...
maxdom : 35
D->valSize : 1225
Solving...
currentSize : 14 <-- 0.020912 s
currentSize : 16 <-- 0.020946 s
currentSize : 17 <-- 0.022004 s
currentSize : 18 <-- 0.023161 s
currentSize : 19 <-- 0.028007 s
currentSize : 20 <-- 0.028874 s
currentSize : 21 <-- 0.178116 s
currentSize : 22 <-- 0.218189 s
currentSize : 23 <-- 21.531908 s
currentSize : 24 <-- 21.531923 s
currentSize : 25 <-- 34.916180 s
currentSize : 26 <-- 78.871704 s

maxsize : 26
nodes : 27065867.000000
filtered : 552321906.000000
time : 136.772430
