Parameters: GAD=1 vflib=1 dir=0 label=0 lowerbound=1 fileNameGp=../../cp2016-max-common-connected-subgraph-paper/datasets/graphsdb/mcs30/bvg/b06/mcs30_b06_s40.A06 fileNameGt=../../cp2016-max-common-connected-subgraph-paper/datasets/graphsdb/mcs30/bvg/b06/mcs30_b06_s40.B06
Reading graphs...
40 :  120
40 :  119
Initializing...
maxdom : 40
D->valSize : 1600
Solving...
currentSize : 13 <-- 0.059323 s
currentSize : 14 <-- 0.059365 s
currentSize : 15 <-- 0.059469 s
currentSize : 16 <-- 0.061780 s
currentSize : 17 <-- 0.062827 s
currentSize : 18 <-- 0.063514 s
currentSize : 19 <-- 0.068136 s
currentSize : 20 <-- 0.432586 s
currentSize : 21 <-- 3.299710 s
currentSize : 22 <-- 10.411770 s
currentSize : 23 <-- 59.824783 s

TIMEOUT
maxsize : 23
nodes : 170034260.000000
filtered : 4325954777.000000
time : 1000.000000
