Parameters: GAD=1 vflib=1 dir=0 label=0 lowerbound=1 fileNameGp=../../cp2016-max-common-connected-subgraph-paper/datasets/graphsdb/mcs30/rand/r01/mcs30_r01_s30.A03 fileNameGt=../../cp2016-max-common-connected-subgraph-paper/datasets/graphsdb/mcs30/rand/r01/mcs30_r01_s30.B03
Reading graphs...
30 :  87
30 :  86
Initializing...
maxdom : 30
D->valSize : 900
Solving...
currentSize : 13 <-- 0.018298 s
currentSize : 14 <-- 0.018369 s
currentSize : 15 <-- 0.022159 s
currentSize : 16 <-- 0.046804 s
currentSize : 17 <-- 0.659889 s
currentSize : 18 <-- 27.830896 s

maxsize : 18
nodes : 52766393.000000
filtered : 1117258823.000000
time : 251.879257
