Parameters: GAD=1 vflib=1 dir=0 label=0 lowerbound=1 fileNameGp=../../cp2016-max-common-connected-subgraph-paper/datasets/graphsdb/mcs30/bvg/b06/mcs30_b06_s40.A02 fileNameGt=../../cp2016-max-common-connected-subgraph-paper/datasets/graphsdb/mcs30/bvg/b06/mcs30_b06_s40.B02
Reading graphs...
40 :  120
40 :  116
Initializing...
maxdom : 40
D->valSize : 1600
Solving...
currentSize : 13 <-- 0.033718 s
currentSize : 15 <-- 0.035225 s
currentSize : 17 <-- 0.039718 s
currentSize : 18 <-- 0.071375 s
currentSize : 19 <-- 0.278629 s
currentSize : 20 <-- 1.116298 s
currentSize : 21 <-- 2.068034 s
currentSize : 22 <-- 22.989248 s
currentSize : 23 <-- 114.853142 s
currentSize : 24 <-- 268.459045 s

TIMEOUT
maxsize : 24
nodes : 162349008.000000
filtered : 4710481973.000000
time : 1000.000000
