Parameters: GAD=1 vflib=1 dir=0 label=0 lowerbound=1 fileNameGp=../../cp2016-max-common-connected-subgraph-paper/datasets/graphsdb/mcs30/bvg/b03m/mcs30_b03m_s30.A03 fileNameGt=../../cp2016-max-common-connected-subgraph-paper/datasets/graphsdb/mcs30/bvg/b03m/mcs30_b03m_s30.B03
Reading graphs...
30 :  44
30 :  44
Initializing...
maxdom : 30
D->valSize : 900
Solving...
currentSize : 15 <-- 0.011078 s
currentSize : 16 <-- 0.013436 s
currentSize : 17 <-- 0.113612 s
currentSize : 18 <-- 0.141395 s
currentSize : 19 <-- 0.141841 s
currentSize : 20 <-- 0.161087 s
currentSize : 21 <-- 13.968126 s

maxsize : 21
nodes : 25031000.000000
filtered : 424618127.000000
time : 111.137154
