Parameters: GAD=1 vflib=1 dir=0 label=0 lowerbound=1 fileNameGp=../../cp2016-max-common-connected-subgraph-paper/datasets/graphsdb/mcs30/m3D/m3Dr6/mcs30_m3Dr6_s40.A03 fileNameGt=../../cp2016-max-common-connected-subgraph-paper/datasets/graphsdb/mcs30/m3D/m3Dr6/mcs30_m3Dr6_s40.B03
Reading graphs...
40 :  105
40 :  104
Initializing...
maxdom : 40
D->valSize : 1600
Solving...
currentSize : 15 <-- 0.034190 s
currentSize : 17 <-- 0.034340 s
currentSize : 18 <-- 0.034536 s
currentSize : 19 <-- 0.034560 s
currentSize : 20 <-- 0.036721 s
currentSize : 21 <-- 0.165732 s
currentSize : 22 <-- 15.986658 s
currentSize : 23 <-- 49.884888 s
currentSize : 24 <-- 964.674866 s

TIMEOUT
maxsize : 24
nodes : 174061714.000000
filtered : 3922239719.000000
time : 1000.000000
