Parameters: GAD=1 vflib=1 dir=0 label=0 lowerbound=1 fileNameGp=../../cp2016-max-common-connected-subgraph-paper/datasets/graphsdb/mcs30/bvg/b09m/mcs30_b09m_s35.A03 fileNameGt=../../cp2016-max-common-connected-subgraph-paper/datasets/graphsdb/mcs30/bvg/b09m/mcs30_b09m_s35.B03
Reading graphs...
35 :  146
35 :  146
Initializing...
maxdom : 35
D->valSize : 1225
Solving...
currentSize : 10 <-- 0.018320 s
currentSize : 13 <-- 0.018451 s
currentSize : 15 <-- 0.020111 s
currentSize : 16 <-- 0.020948 s
currentSize : 17 <-- 0.148496 s
currentSize : 18 <-- 56.281799 s
currentSize : 19 <-- 537.120056 s

TIMEOUT
maxsize : 19
nodes : 186420642.000000
filtered : 4539372700.000000
time : 1000.000061
