Parameters: GAD=1 vflib=1 dir=0 label=0 lowerbound=1 fileNameGp=../../cp2016-max-common-connected-subgraph-paper/datasets/graphsdb/mcs30/m4D/m4Dr4/mcs30_m4Dr4_s50.A04 fileNameGt=../../cp2016-max-common-connected-subgraph-paper/datasets/graphsdb/mcs30/m4D/m4Dr4/mcs30_m4Dr4_s50.B04
Reading graphs...
50 :  104
50 :  105
Initializing...
maxdom : 50
D->valSize : 2500
Solving...
currentSize : 22 <-- 0.159985 s
currentSize : 23 <-- 0.160649 s
currentSize : 24 <-- 0.160788 s
currentSize : 25 <-- 0.189525 s
currentSize : 26 <-- 3.562670 s
currentSize : 27 <-- 30.526804 s
currentSize : 28 <-- 40.932400 s
currentSize : 29 <-- 41.960911 s
currentSize : 30 <-- 111.912415 s

TIMEOUT
maxsize : 30
nodes : 175652194.000000
filtered : 3548535503.000000
time : 1000.000061
