Parameters: GAD=1 vflib=1 dir=0 label=0 lowerbound=1 fileNameGp=../../cp2016-max-common-connected-subgraph-paper/datasets/graphsdb/mcs30/rand/r01/mcs30_r01_s40.A00 fileNameGt=../../cp2016-max-common-connected-subgraph-paper/datasets/graphsdb/mcs30/rand/r01/mcs30_r01_s40.B00
Reading graphs...
40 :  146
40 :  150
Initializing...
maxdom : 40
D->valSize : 1600
Solving...
currentSize : 13 <-- 0.054196 s
currentSize : 15 <-- 0.054373 s
currentSize : 16 <-- 0.057643 s
currentSize : 17 <-- 0.065580 s
currentSize : 18 <-- 0.108227 s
currentSize : 19 <-- 0.284928 s
currentSize : 20 <-- 1.223711 s
currentSize : 21 <-- 93.613708 s

TIMEOUT
maxsize : 21
nodes : 181265602.000000
filtered : 3765277162.000000
time : 1000.000000
