Parameters: GAD=1 vflib=1 dir=0 label=0 lowerbound=1 fileNameGp=../../cp2016-max-common-connected-subgraph-paper/datasets/graphsdb/mcs30/m4D/m4D/mcs30_m4D_s50.A02 fileNameGt=../../cp2016-max-common-connected-subgraph-paper/datasets/graphsdb/mcs30/m4D/m4D/mcs30_m4D_s50.B02
Reading graphs...
50 :  87
50 :  87
Initializing...
maxdom : 50
D->valSize : 2500
Solving...
currentSize : 18 <-- 0.096936 s
currentSize : 19 <-- 0.098314 s
currentSize : 20 <-- 0.098403 s
currentSize : 21 <-- 0.200105 s
currentSize : 22 <-- 0.228063 s
currentSize : 23 <-- 0.300201 s
currentSize : 24 <-- 0.955879 s
currentSize : 25 <-- 4.370759 s
currentSize : 26 <-- 66.736862 s
currentSize : 27 <-- 70.649071 s
currentSize : 28 <-- 73.794533 s
currentSize : 29 <-- 827.322266 s
currentSize : 30 <-- 889.086670 s

TIMEOUT
maxsize : 30
nodes : 235444457.000000
filtered : 2766568365.000000
time : 1000.000061
