Parameters: GAD=1 vflib=1 dir=0 label=0 lowerbound=1 fileNameGp=../../cp2016-max-common-connected-subgraph-paper/datasets/graphsdb/mcs30/bvg/b06m/mcs30_b06m_s50.A01 fileNameGt=../../cp2016-max-common-connected-subgraph-paper/datasets/graphsdb/mcs30/bvg/b06m/mcs30_b06m_s50.B01
Reading graphs...
50 :  146
50 :  147
Initializing...
maxdom : 50
D->valSize : 2500
Solving...
currentSize : 17 <-- 0.091120 s
currentSize : 18 <-- 0.091230 s
currentSize : 19 <-- 0.148897 s
currentSize : 20 <-- 0.234112 s
currentSize : 21 <-- 1.434609 s
currentSize : 22 <-- 2.203816 s
currentSize : 23 <-- 2.886645 s
currentSize : 24 <-- 4.135689 s
currentSize : 25 <-- 162.466141 s
currentSize : 26 <-- 712.724609 s

TIMEOUT
maxsize : 26
nodes : 175560403.000000
filtered : 3087612342.000000
time : 1000.000061
