Parameters: GAD=1 vflib=1 dir=0 label=0 lowerbound=1 fileNameGp=../../cp2016-max-common-connected-subgraph-paper/datasets/graphsdb/mcs30/m3D/m3Dr4/mcs30_m3Dr4_s25.A06 fileNameGt=../../cp2016-max-common-connected-subgraph-paper/datasets/graphsdb/mcs30/m3D/m3Dr4/mcs30_m3Dr4_s25.B06
Reading graphs...
25 :  56
25 :  54
Initializing...
maxdom : 25
D->valSize : 625
Solving...
currentSize : 9 <-- 0.004946 s
currentSize : 12 <-- 0.004973 s
currentSize : 13 <-- 0.005680 s
currentSize : 14 <-- 0.024289 s
currentSize : 15 <-- 0.104174 s
currentSize : 16 <-- 0.198461 s
currentSize : 17 <-- 0.491567 s

maxsize : 17
nodes : 693451.000000
filtered : 15656253.000000
time : 3.261230
