Parameters: GAD=1 vflib=1 dir=0 label=0 lowerbound=1 fileNameGp=../../cp2016-max-common-connected-subgraph-paper/datasets/graphsdb/mcs30/rand/r005/mcs30_r005_s50.A08 fileNameGt=../../cp2016-max-common-connected-subgraph-paper/datasets/graphsdb/mcs30/rand/r005/mcs30_r005_s50.B08
Reading graphs...
50 :  121
50 :  122
Initializing...
maxdom : 50
D->valSize : 2500
Solving...
currentSize : 20 <-- 0.093579 s
currentSize : 21 <-- 0.093852 s
currentSize : 22 <-- 0.110857 s
currentSize : 23 <-- 0.157965 s
currentSize : 24 <-- 0.862301 s
currentSize : 25 <-- 7.260614 s
currentSize : 26 <-- 10.457138 s
currentSize : 27 <-- 13.726846 s
currentSize : 28 <-- 28.462463 s

TIMEOUT
maxsize : 28
nodes : 172600846.000000
filtered : 3407826570.000000
time : 1000.000061
