Parameters: GAD=1 vflib=1 dir=0 label=0 lowerbound=1 fileNameGp=../../cp2016-max-common-connected-subgraph-paper/datasets/graphsdb/mcs30/m2D/m2D/mcs30_m2D_s30.A07 fileNameGt=../../cp2016-max-common-connected-subgraph-paper/datasets/graphsdb/mcs30/m2D/m2D/mcs30_m2D_s30.B07
Reading graphs...
30 :  48
30 :  49
Initializing...
maxdom : 30
D->valSize : 900
Solving...
currentSize : 8 <-- 0.011006 s
currentSize : 13 <-- 0.011064 s
currentSize : 14 <-- 0.012116 s
currentSize : 15 <-- 0.012203 s
currentSize : 16 <-- 0.014392 s
currentSize : 17 <-- 0.036607 s
currentSize : 18 <-- 0.098980 s
currentSize : 19 <-- 0.144211 s
currentSize : 20 <-- 18.233179 s
currentSize : 21 <-- 47.560009 s
currentSize : 22 <-- 63.655094 s

maxsize : 22
nodes : 14893818.000000
filtered : 268143568.000000
time : 66.717018
