Parameters: GAD=1 vflib=1 dir=0 label=0 lowerbound=1 fileNameGp=../../cp2016-max-common-connected-subgraph-paper/datasets/graphsdb/mcs30/rand/r005/mcs30_r005_s25.A07 fileNameGt=../../cp2016-max-common-connected-subgraph-paper/datasets/graphsdb/mcs30/rand/r005/mcs30_r005_s25.B07
Reading graphs...
25 :  33
25 :  33
Initializing...
maxdom : 25
D->valSize : 625
Solving...
currentSize : 13 <-- 0.005321 s
currentSize : 14 <-- 0.005549 s
currentSize : 15 <-- 0.009388 s
currentSize : 16 <-- 0.362026 s
currentSize : 17 <-- 0.579759 s
currentSize : 18 <-- 2.255146 s

maxsize : 18
nodes : 1449987.000000
filtered : 15477863.000000
time : 4.646908
