Parameters: GAD=1 vflib=1 dir=0 label=0 lowerbound=1 fileNameGp=../../cp2016-max-common-connected-subgraph-paper/datasets/graphsdb/mcs30/bvg/b09m/mcs30_b09m_s50.A06 fileNameGt=../../cp2016-max-common-connected-subgraph-paper/datasets/graphsdb/mcs30/bvg/b09m/mcs30_b09m_s50.B06
Reading graphs...
50 :  210
50 :  215
Initializing...
maxdom : 50
D->valSize : 2500
Solving...
currentSize : 17 <-- 0.102930 s
currentSize : 18 <-- 0.103030 s
currentSize : 19 <-- 0.103626 s
currentSize : 20 <-- 0.178056 s
currentSize : 21 <-- 0.229701 s
currentSize : 22 <-- 4.580814 s
currentSize : 23 <-- 4.580860 s

TIMEOUT
maxsize : 23
nodes : 166093727.000000
filtered : 3324072478.000000
time : 1000.000000
