Parameters: GAD=1 vflib=1 dir=0 label=0 lowerbound=1 fileNameGp=../../cp2016-max-common-connected-subgraph-paper/datasets/graphsdb/mcs30/bvg/b06m/mcs30_b06m_s50.A07 fileNameGt=../../cp2016-max-common-connected-subgraph-paper/datasets/graphsdb/mcs30/bvg/b06m/mcs30_b06m_s50.B07
Reading graphs...
50 :  146
50 :  148
Initializing...
maxdom : 50
D->valSize : 2500
Solving...
currentSize : 19 <-- 0.092609 s
currentSize : 20 <-- 0.092982 s
currentSize : 22 <-- 0.093570 s
currentSize : 23 <-- 0.193069 s
currentSize : 24 <-- 5.043473 s
currentSize : 25 <-- 18.774500 s
currentSize : 26 <-- 69.635521 s

TIMEOUT
maxsize : 26
nodes : 189794172.000000
filtered : 3138238944.000000
time : 1000.000061
