Parameters: GAD=1 vflib=1 dir=0 label=0 lowerbound=1 fileNameGp=../../cp2016-max-common-connected-subgraph-paper/datasets/graphsdb/mcs30/m2D/m2Dr4/mcs30_m2Dr4_s50.A04 fileNameGt=../../cp2016-max-common-connected-subgraph-paper/datasets/graphsdb/mcs30/m2D/m2Dr4/mcs30_m2Dr4_s50.B04
Reading graphs...
50 :  104
50 :  102
Initializing...
maxdom : 50
D->valSize : 2500
Solving...
currentSize : 18 <-- 0.149273 s
currentSize : 21 <-- 0.150007 s
currentSize : 22 <-- 0.150048 s
currentSize : 23 <-- 0.157290 s
currentSize : 24 <-- 0.481833 s
currentSize : 25 <-- 1.402933 s
currentSize : 26 <-- 2.374077 s
currentSize : 27 <-- 4.162467 s
currentSize : 28 <-- 28.011959 s
currentSize : 29 <-- 681.942993 s

TIMEOUT
maxsize : 29
nodes : 226175920.000000
filtered : 2531241137.000000
time : 1000.000122
