Parameters: GAD=1 vflib=1 dir=0 label=0 lowerbound=1 fileNameGp=../../cp2016-max-common-connected-subgraph-paper/datasets/graphsdb/mcs30/bvg/b03/mcs30_b03_s40.A01 fileNameGt=../../cp2016-max-common-connected-subgraph-paper/datasets/graphsdb/mcs30/bvg/b03/mcs30_b03_s40.B01
Reading graphs...
40 :  60
40 :  60
Initializing...
maxdom : 40
D->valSize : 1600
Solving...
currentSize : 18 <-- 0.059867 s
currentSize : 19 <-- 0.059907 s
currentSize : 23 <-- 0.059962 s
currentSize : 24 <-- 0.070509 s
currentSize : 25 <-- 0.253546 s
currentSize : 26 <-- 0.296532 s
currentSize : 27 <-- 5.624484 s
currentSize : 28 <-- 335.618286 s
currentSize : 29 <-- 725.011963 s

TIMEOUT
maxsize : 29
nodes : 179822841.000000
filtered : 3778424406.000000
time : 1000.000061
