Parameters: GAD=1 vflib=1 dir=0 label=0 lowerbound=1 fileNameGp=../../cp2016-max-common-connected-subgraph-paper/datasets/graphsdb/mcs30/m2D/m2Dr6/mcs30_m2Dr6_s30.A01 fileNameGt=../../cp2016-max-common-connected-subgraph-paper/datasets/graphsdb/mcs30/m2D/m2Dr6/mcs30_m2Dr6_s30.B01
Reading graphs...
30 :  63
30 :  64
Initializing...
maxdom : 30
D->valSize : 900
Solving...
currentSize : 13 <-- 0.011096 s
currentSize : 14 <-- 0.012264 s
currentSize : 15 <-- 0.015522 s
currentSize : 16 <-- 0.015947 s
currentSize : 17 <-- 0.018042 s
currentSize : 18 <-- 0.091844 s
currentSize : 19 <-- 1.044184 s
currentSize : 20 <-- 8.367098 s

maxsize : 20
nodes : 12407913.000000
filtered : 279226880.000000
time : 60.600574
