Parameters: GAD=1 vflib=1 dir=0 label=0 lowerbound=1 fileNameGp=../../cp2016-max-common-connected-subgraph-paper/datasets/graphsdb/mcs30/bvg/b09m/mcs30_b09m_s35.A09 fileNameGt=../../cp2016-max-common-connected-subgraph-paper/datasets/graphsdb/mcs30/bvg/b09m/mcs30_b09m_s35.B09
Reading graphs...
35 :  145
35 :  138
Initializing...
maxdom : 35
D->valSize : 1225
Solving...
currentSize : 12 <-- 0.018292 s
currentSize : 13 <-- 0.018364 s
currentSize : 14 <-- 0.019166 s
currentSize : 15 <-- 0.019272 s
currentSize : 16 <-- 0.062164 s
currentSize : 17 <-- 0.117313 s
currentSize : 18 <-- 52.131264 s

TIMEOUT
maxsize : 18
nodes : 196177987.000000
filtered : 4071190489.000000
time : 1000.000061
