Parameters: GAD=1 vflib=1 dir=0 label=0 lowerbound=1 fileNameGp=../../cp2016-max-common-connected-subgraph-paper/datasets/graphsdb/mcs30/rand/r005/mcs30_r005_s30.A02 fileNameGt=../../cp2016-max-common-connected-subgraph-paper/datasets/graphsdb/mcs30/rand/r005/mcs30_r005_s30.B02
Reading graphs...
30 :  47
30 :  47
Initializing...
maxdom : 30
D->valSize : 900
Solving...
currentSize : 12 <-- 0.010895 s
currentSize : 14 <-- 0.010991 s
currentSize : 16 <-- 0.011018 s
currentSize : 17 <-- 0.011112 s
currentSize : 18 <-- 0.011636 s
currentSize : 20 <-- 0.013572 s
currentSize : 22 <-- 2.034728 s

maxsize : 22
nodes : 2997069.000000
filtered : 70943371.000000
time : 15.571547
