Parameters: GAD=1 vflib=1 dir=0 label=0 lowerbound=1 fileNameGp=../../cp2016-max-common-connected-subgraph-paper/datasets/graphsdb/mcs30/m3D/m3Dr6/mcs30_m3Dr6_s25.A04 fileNameGt=../../cp2016-max-common-connected-subgraph-paper/datasets/graphsdb/mcs30/m3D/m3Dr6/mcs30_m3Dr6_s25.B04
Reading graphs...
25 :  63
25 :  63
Initializing...
maxdom : 25
D->valSize : 625
Solving...
currentSize : 11 <-- 0.008522 s
currentSize : 12 <-- 0.008703 s
currentSize : 13 <-- 0.015844 s
currentSize : 14 <-- 0.019512 s
currentSize : 15 <-- 0.479323 s
currentSize : 16 <-- 2.178499 s

maxsize : 16
nodes : 2536410.000000
filtered : 44617872.000000
time : 10.264684
