Parameters: GAD=1 vflib=1 dir=0 label=0 lowerbound=1 fileNameGp=../../cp2016-max-common-connected-subgraph-paper/datasets/graphsdb/mcs30/bvg/b03/mcs30_b03_s30.A00 fileNameGt=../../cp2016-max-common-connected-subgraph-paper/datasets/graphsdb/mcs30/bvg/b03/mcs30_b03_s30.B00
Reading graphs...
30 :  45
30 :  45
Initializing...
maxdom : 30
D->valSize : 900
Solving...
currentSize : 15 <-- 0.019687 s
currentSize : 16 <-- 0.019739 s
currentSize : 17 <-- 0.048492 s
currentSize : 18 <-- 0.155964 s
currentSize : 19 <-- 0.155991 s
currentSize : 20 <-- 6.077992 s
currentSize : 21 <-- 29.693331 s

maxsize : 21
nodes : 11041869.000000
filtered : 151895642.000000
time : 42.607738
