Parameters: GAD=1 vflib=1 dir=0 label=0 lowerbound=1 fileNameGp=../../cp2016-max-common-connected-subgraph-paper/datasets/graphsdb/mcs30/m2D/m2D/mcs30_m2D_s50.A07 fileNameGt=../../cp2016-max-common-connected-subgraph-paper/datasets/graphsdb/mcs30/m2D/m2D/mcs30_m2D_s50.B07
Reading graphs...
50 :  83
50 :  84
Initializing...
maxdom : 50
D->valSize : 2500
Solving...
currentSize : 23 <-- 0.112889 s
currentSize : 24 <-- 0.112915 s
currentSize : 25 <-- 0.115209 s
currentSize : 26 <-- 0.117073 s
currentSize : 27 <-- 0.177065 s
currentSize : 30 <-- 1.458656 s
currentSize : 31 <-- 555.332275 s

TIMEOUT
maxsize : 31
nodes : 201956068.000000
filtered : 3077208905.000000
time : 1000.000061
