Parameters: GAD=1 vflib=1 dir=0 label=0 lowerbound=1 fileNameGp=../../cp2016-max-common-connected-subgraph-paper/datasets/graphsdb/mcs30/bvg/b03m/mcs30_b03m_s25.A08 fileNameGt=../../cp2016-max-common-connected-subgraph-paper/datasets/graphsdb/mcs30/bvg/b03m/mcs30_b03m_s25.B08
Reading graphs...
25 :  36
25 :  37
Initializing...
maxdom : 25
D->valSize : 625
Solving...
currentSize : 8 <-- 0.005335 s
currentSize : 9 <-- 0.005361 s
currentSize : 10 <-- 0.005380 s
currentSize : 11 <-- 0.005727 s
currentSize : 12 <-- 0.008269 s
currentSize : 13 <-- 0.028394 s
currentSize : 14 <-- 0.407144 s
currentSize : 15 <-- 0.830312 s
currentSize : 16 <-- 11.303095 s

maxsize : 16
nodes : 8644876.000000
filtered : 86573207.000000
time : 26.661434
