Parameters: GAD=1 vflib=1 dir=0 label=0 lowerbound=1 fileNameGp=../../cp2016-max-common-connected-subgraph-paper/datasets/graphsdb/mcs30/m2D/m2Dr4/mcs30_m2Dr4_s30.A01 fileNameGt=../../cp2016-max-common-connected-subgraph-paper/datasets/graphsdb/mcs30/m2D/m2Dr4/mcs30_m2Dr4_s30.B01
Reading graphs...
30 :  57
30 :  57
Initializing...
maxdom : 30
D->valSize : 900
Solving...
currentSize : 14 <-- 0.010704 s
currentSize : 15 <-- 0.010786 s
currentSize : 16 <-- 0.016328 s
currentSize : 17 <-- 0.079913 s
currentSize : 18 <-- 0.900863 s
currentSize : 19 <-- 2.149337 s
currentSize : 20 <-- 6.860099 s
currentSize : 21 <-- 82.693169 s

maxsize : 21
nodes : 20458557.000000
filtered : 432664153.000000
time : 96.744965
