Parameters: GAD=1 vflib=1 dir=0 label=0 lowerbound=1 fileNameGp=../../cp2016-max-common-connected-subgraph-paper/datasets/graphsdb/mcs30/rand/r005/mcs30_r005_s35.A00 fileNameGt=../../cp2016-max-common-connected-subgraph-paper/datasets/graphsdb/mcs30/rand/r005/mcs30_r005_s35.B00
Reading graphs...
35 :  62
35 :  62
Initializing...
maxdom : 35
D->valSize : 1225
Solving...
currentSize : 17 <-- 0.036081 s
currentSize : 18 <-- 0.036444 s
currentSize : 19 <-- 0.041842 s
currentSize : 20 <-- 0.054066 s
currentSize : 21 <-- 0.064085 s
currentSize : 22 <-- 7.296462 s
currentSize : 23 <-- 10.586847 s
currentSize : 24 <-- 29.153877 s
currentSize : 25 <-- 73.142822 s

maxsize : 25
nodes : 50573182.000000
filtered : 1400688200.000000
time : 296.619751
