Parameters: GAD=1 vflib=1 dir=0 label=0 lowerbound=1 fileNameGp=../../cp2016-max-common-connected-subgraph-paper/datasets/graphsdb/mcs30/rand/r005/mcs30_r005_s25.A08 fileNameGt=../../cp2016-max-common-connected-subgraph-paper/datasets/graphsdb/mcs30/rand/r005/mcs30_r005_s25.B08
Reading graphs...
25 :  33
25 :  34
Initializing...
maxdom : 25
D->valSize : 625
Solving...
currentSize : 10 <-- 0.005350 s
currentSize : 11 <-- 0.005431 s
currentSize : 12 <-- 0.007097 s
currentSize : 13 <-- 0.007615 s
currentSize : 14 <-- 0.007700 s
currentSize : 15 <-- 0.016367 s
currentSize : 16 <-- 0.318787 s

maxsize : 16
nodes : 3102895.000000
filtered : 27370310.000000
time : 8.869804
