Parameters: GAD=1 vflib=1 dir=0 label=0 lowerbound=1 fileNameGp=../../cp2016-max-common-connected-subgraph-paper/datasets/graphsdb/mcs30/bvg/b03m/mcs30_b03m_s35.A08 fileNameGt=../../cp2016-max-common-connected-subgraph-paper/datasets/graphsdb/mcs30/bvg/b03m/mcs30_b03m_s35.B08
Reading graphs...
35 :  51
35 :  52
Initializing...
maxdom : 35
D->valSize : 1225
Solving...
currentSize : 11 <-- 0.036553 s
currentSize : 15 <-- 0.036648 s
currentSize : 16 <-- 0.040162 s
currentSize : 18 <-- 0.041811 s
currentSize : 19 <-- 0.059133 s
currentSize : 20 <-- 0.125135 s
currentSize : 21 <-- 0.140492 s
currentSize : 22 <-- 0.144066 s
currentSize : 23 <-- 0.483799 s
currentSize : 24 <-- 34.474361 s
currentSize : 25 <-- 34.481110 s

maxsize : 25
nodes : 52523332.000000
filtered : 1181259187.000000
time : 278.514130
