Parameters: GAD=1 vflib=1 dir=0 label=0 lowerbound=1 fileNameGp=../../cp2016-max-common-connected-subgraph-paper/datasets/graphsdb/mcs30/bvg/b06m/mcs30_b06m_s25.A03 fileNameGt=../../cp2016-max-common-connected-subgraph-paper/datasets/graphsdb/mcs30/bvg/b06m/mcs30_b06m_s25.B03
Reading graphs...
25 :  69
25 :  71
Initializing...
maxdom : 25
D->valSize : 625
Solving...
currentSize : 10 <-- 0.004973 s
currentSize : 11 <-- 0.005048 s
currentSize : 12 <-- 0.005222 s
currentSize : 13 <-- 0.010466 s
currentSize : 14 <-- 0.021115 s
currentSize : 15 <-- 0.059182 s
currentSize : 16 <-- 1.828350 s

maxsize : 16
nodes : 1100784.000000
filtered : 20414870.000000
time : 4.571924
