Parameters: GAD=1 vflib=1 dir=0 label=0 lowerbound=1 fileNameGp=../../cp2016-max-common-connected-subgraph-paper/datasets/graphsdb/mcs30/rand/r02/mcs30_r02_s40.A09 fileNameGt=../../cp2016-max-common-connected-subgraph-paper/datasets/graphsdb/mcs30/rand/r02/mcs30_r02_s40.B09
Reading graphs...
40 :  286
40 :  274
Initializing...
maxdom : 40
D->valSize : 1600
Solving...
currentSize : 9 <-- 0.029420 s
currentSize : 10 <-- 0.029514 s
currentSize : 11 <-- 0.029548 s
currentSize : 12 <-- 0.029678 s
currentSize : 13 <-- 0.050615 s
currentSize : 14 <-- 0.090868 s
currentSize : 15 <-- 0.713449 s
currentSize : 16 <-- 597.915833 s

TIMEOUT
maxsize : 16
nodes : 216751371.000000
filtered : 2458092561.000000
time : 1000.000061
