Parameters: GAD=1 vflib=1 dir=0 label=0 lowerbound=1 fileNameGp=../../cp2016-max-common-connected-subgraph-paper/datasets/graphsdb/mcs30/m4D/m4Dr2/mcs30_m4Dr2_s50.A05 fileNameGt=../../cp2016-max-common-connected-subgraph-paper/datasets/graphsdb/mcs30/m4D/m4Dr2/mcs30_m4Dr2_s50.B05
Reading graphs...
50 :  96
50 :  97
Initializing...
maxdom : 50
D->valSize : 2500
Solving...
currentSize : 18 <-- 0.096109 s
currentSize : 21 <-- 0.096148 s
currentSize : 22 <-- 0.097286 s
currentSize : 23 <-- 0.097500 s
currentSize : 24 <-- 0.103384 s
currentSize : 25 <-- 0.104316 s
currentSize : 27 <-- 0.161433 s
currentSize : 28 <-- 49.380287 s
currentSize : 29 <-- 102.031944 s
currentSize : 30 <-- 267.623108 s

TIMEOUT
maxsize : 30
nodes : 198019465.000000
filtered : 2743805937.000000
time : 1000.000061
