Parameters: GAD=1 vflib=1 dir=0 label=0 lowerbound=1 fileNameGp=../../cp2016-max-common-connected-subgraph-paper/datasets/graphsdb/mcs30/m3D/m3Dr6/mcs30_m3Dr6_s40.A06 fileNameGt=../../cp2016-max-common-connected-subgraph-paper/datasets/graphsdb/mcs30/m3D/m3Dr6/mcs30_m3Dr6_s40.B06
Reading graphs...
40 :  104
40 :  101
Initializing...
maxdom : 40
D->valSize : 1600
Solving...
currentSize : 17 <-- 0.060399 s
currentSize : 18 <-- 0.060444 s
currentSize : 19 <-- 0.086819 s
currentSize : 20 <-- 0.841146 s
currentSize : 21 <-- 0.897645 s
currentSize : 22 <-- 0.971196 s
currentSize : 23 <-- 49.606449 s
currentSize : 24 <-- 98.949112 s

TIMEOUT
maxsize : 24
nodes : 176653748.000000
filtered : 4113281714.000000
time : 1000.000000
