Parameters: GAD=1 vflib=1 dir=0 label=0 lowerbound=1 fileNameGp=../../cp2016-max-common-connected-subgraph-paper/datasets/graphsdb/mcs30/bvg/b09/mcs30_b09_s35.A07 fileNameGt=../../cp2016-max-common-connected-subgraph-paper/datasets/graphsdb/mcs30/bvg/b09/mcs30_b09_s35.B07
Reading graphs...
35 :  150
35 :  152
Initializing...
maxdom : 35
D->valSize : 1225
Solving...
currentSize : 12 <-- 0.018347 s
currentSize : 13 <-- 0.018372 s
currentSize : 14 <-- 0.018493 s
currentSize : 15 <-- 0.019375 s
currentSize : 16 <-- 0.019801 s
currentSize : 17 <-- 0.038001 s
currentSize : 18 <-- 0.071080 s
currentSize : 19 <-- 0.145675 s

TIMEOUT
maxsize : 19
nodes : 195155640.000000
filtered : 3848589767.000000
time : 1000.000061
