Parameters: GAD=1 vflib=1 dir=0 label=0 lowerbound=1 fileNameGp=../../cp2016-max-common-connected-subgraph-paper/datasets/graphsdb/mcs30/bvg/b03/mcs30_b03_s30.A06 fileNameGt=../../cp2016-max-common-connected-subgraph-paper/datasets/graphsdb/mcs30/bvg/b03/mcs30_b03_s30.B06
Reading graphs...
30 :  44
30 :  45
Initializing...
maxdom : 30
D->valSize : 900
Solving...
currentSize : 13 <-- 0.011170 s
currentSize : 15 <-- 0.011219 s
currentSize : 16 <-- 0.011271 s
currentSize : 17 <-- 0.013916 s
currentSize : 19 <-- 0.018561 s
currentSize : 20 <-- 2.848631 s
currentSize : 21 <-- 5.190986 s

maxsize : 21
nodes : 13183791.000000
filtered : 223785103.000000
time : 58.060707
