Parameters: GAD=1 vflib=1 dir=0 label=0 lowerbound=1 fileNameGp=../../cp2016-max-common-connected-subgraph-paper/datasets/graphsdb/mcs30/bvg/b03m/mcs30_b03m_s40.A01 fileNameGt=../../cp2016-max-common-connected-subgraph-paper/datasets/graphsdb/mcs30/bvg/b03m/mcs30_b03m_s40.B01
Reading graphs...
40 :  60
40 :  59
Initializing...
maxdom : 40
D->valSize : 1600
Solving...
currentSize : 16 <-- 0.036621 s
currentSize : 17 <-- 0.036717 s
currentSize : 20 <-- 0.036773 s
currentSize : 21 <-- 0.088291 s
currentSize : 22 <-- 0.349226 s
currentSize : 23 <-- 0.372063 s
currentSize : 24 <-- 11.323231 s
currentSize : 25 <-- 32.057674 s
currentSize : 26 <-- 63.819336 s
currentSize : 27 <-- 111.501350 s
currentSize : 28 <-- 668.499329 s

TIMEOUT
maxsize : 28
nodes : 199704520.000000
filtered : 3383780840.000000
time : 1000.000000
