Parameters: GAD=1 vflib=1 dir=0 label=0 lowerbound=1 fileNameGp=../../cp2016-max-common-connected-subgraph-paper/datasets/graphsdb/mcs30/bvg/b09/mcs30_b09_s50.A09 fileNameGt=../../cp2016-max-common-connected-subgraph-paper/datasets/graphsdb/mcs30/bvg/b09/mcs30_b09_s50.B09
Reading graphs...
50 :  219
50 :  221
Initializing...
maxdom : 50
D->valSize : 2500
Solving...
currentSize : 14 <-- 0.108528 s
currentSize : 15 <-- 0.108556 s
currentSize : 16 <-- 0.108700 s
currentSize : 17 <-- 0.108724 s
currentSize : 18 <-- 0.112421 s
currentSize : 19 <-- 0.120579 s
currentSize : 20 <-- 0.130407 s
currentSize : 21 <-- 0.208003 s
currentSize : 22 <-- 4.630461 s
currentSize : 23 <-- 81.668365 s

TIMEOUT
maxsize : 23
nodes : 152083557.000000
filtered : 3812822011.000000
time : 1000.000061
