Parameters: GAD=1 vflib=1 dir=0 label=0 lowerbound=1 fileNameGp=../../cp2016-max-common-connected-subgraph-paper/datasets/graphsdb/mcs30/m2D/m2Dr2/mcs30_m2Dr2_s50.A05 fileNameGt=../../cp2016-max-common-connected-subgraph-paper/datasets/graphsdb/mcs30/m2D/m2Dr2/mcs30_m2Dr2_s50.B05
Reading graphs...
50 :  94
50 :  93
Initializing...
maxdom : 50
D->valSize : 2500
Solving...
currentSize : 22 <-- 0.128412 s
currentSize : 23 <-- 0.128570 s
currentSize : 24 <-- 0.136679 s
currentSize : 25 <-- 0.147652 s
currentSize : 26 <-- 0.445732 s
currentSize : 27 <-- 2.810844 s
currentSize : 28 <-- 55.740334 s
currentSize : 29 <-- 128.981003 s

TIMEOUT
maxsize : 29
nodes : 217885111.000000
filtered : 2324647226.000000
time : 1000.000061
