Parameters: GAD=1 vflib=1 dir=0 label=0 lowerbound=1 fileNameGp=../../cp2016-max-common-connected-subgraph-paper/datasets/graphsdb/mcs30/m3D/m3Dr4/mcs30_m3Dr4_s25.A05 fileNameGt=../../cp2016-max-common-connected-subgraph-paper/datasets/graphsdb/mcs30/m3D/m3Dr4/mcs30_m3Dr4_s25.B05
Reading graphs...
25 :  59
25 :  59
Initializing...
maxdom : 25
D->valSize : 625
Solving...
currentSize : 10 <-- 0.004960 s
currentSize : 11 <-- 0.005023 s
currentSize : 12 <-- 0.005083 s
currentSize : 13 <-- 0.006299 s
currentSize : 14 <-- 0.007358 s
currentSize : 15 <-- 0.016489 s
currentSize : 16 <-- 2.714806 s

maxsize : 16
nodes : 2823527.000000
filtered : 51722875.000000
time : 11.762758
