Parameters: GAD=1 vflib=1 dir=0 label=0 lowerbound=1 fileNameGp=../../cp2016-max-common-connected-subgraph-paper/datasets/graphsdb/mcs30/bvg/b09/mcs30_b09_s50.A02 fileNameGt=../../cp2016-max-common-connected-subgraph-paper/datasets/graphsdb/mcs30/bvg/b09/mcs30_b09_s50.B02
Reading graphs...
50 :  221
50 :  220
Initializing...
maxdom : 50
D->valSize : 2500
Solving...
currentSize : 18 <-- 0.085277 s
currentSize : 19 <-- 0.085340 s
currentSize : 20 <-- 0.086063 s
currentSize : 21 <-- 1.714888 s
currentSize : 22 <-- 3.634837 s
currentSize : 23 <-- 84.869186 s
currentSize : 24 <-- 684.224976 s

TIMEOUT
maxsize : 24
nodes : 162542561.000000
filtered : 3724661073.000000
time : 1000.000000
