Parameters: GAD=1 vflib=1 dir=0 label=0 lowerbound=1 fileNameGp=../../cp2016-max-common-connected-subgraph-paper/datasets/graphsdb/mcs30/m3D/m3D/mcs30_m3D_s30.A00 fileNameGt=../../cp2016-max-common-connected-subgraph-paper/datasets/graphsdb/mcs30/m3D/m3D/mcs30_m3D_s30.B00
Reading graphs...
30 :  60
30 :  61
Initializing...
maxdom : 30
D->valSize : 900
Solving...
currentSize : 11 <-- 0.018725 s
currentSize : 12 <-- 0.018790 s
currentSize : 13 <-- 0.018890 s
currentSize : 15 <-- 0.020454 s
currentSize : 16 <-- 0.026132 s
currentSize : 17 <-- 0.947484 s
currentSize : 18 <-- 4.981874 s
currentSize : 19 <-- 5.155388 s
currentSize : 20 <-- 16.550331 s

maxsize : 20
nodes : 16372317.000000
filtered : 354175333.000000
time : 78.223244
