Parameters: GAD=1 vflib=1 dir=0 label=0 lowerbound=1 fileNameGp=../../cp2016-max-common-connected-subgraph-paper/datasets/graphsdb/mcs30/m3D/m3Dr2/mcs30_m3Dr2_s40.A08 fileNameGt=../../cp2016-max-common-connected-subgraph-paper/datasets/graphsdb/mcs30/m3D/m3Dr2/mcs30_m3Dr2_s40.B08
Reading graphs...
40 :  90
40 :  89
Initializing...
maxdom : 40
D->valSize : 1600
Solving...
currentSize : 18 <-- 0.035427 s
currentSize : 19 <-- 0.035875 s
currentSize : 20 <-- 0.040450 s
currentSize : 21 <-- 0.082820 s
currentSize : 22 <-- 9.855115 s
currentSize : 23 <-- 10.515206 s
currentSize : 24 <-- 32.863350 s
currentSize : 25 <-- 206.677338 s

TIMEOUT
maxsize : 25
nodes : 172963603.000000
filtered : 4113558667.000000
time : 1000.000000
