Parameters: GAD=1 vflib=1 dir=0 label=0 lowerbound=1 fileNameGp=../../cp2016-max-common-connected-subgraph-paper/datasets/graphsdb/mcs30/bvg/b03m/mcs30_b03m_s35.A02 fileNameGt=../../cp2016-max-common-connected-subgraph-paper/datasets/graphsdb/mcs30/bvg/b03m/mcs30_b03m_s35.B02
Reading graphs...
35 :  51
35 :  50
Initializing...
maxdom : 35
D->valSize : 1225
Solving...
currentSize : 13 <-- 0.036581 s
currentSize : 15 <-- 0.036726 s
currentSize : 16 <-- 0.043037 s
currentSize : 17 <-- 0.051256 s
currentSize : 18 <-- 0.051293 s
currentSize : 19 <-- 0.281220 s
currentSize : 20 <-- 0.934060 s
currentSize : 21 <-- 0.956257 s
currentSize : 22 <-- 29.140720 s
currentSize : 23 <-- 39.530750 s
currentSize : 24 <-- 474.362427 s

TIMEOUT
maxsize : 24
nodes : 239955297.000000
filtered : 3166092747.000000
time : 1000.000000
