Parameters: GAD=1 vflib=1 dir=0 label=0 lowerbound=1 fileNameGp=../../cp2016-max-common-connected-subgraph-paper/datasets/graphsdb/mcs30/m2D/m2D/mcs30_m2D_s50.A06 fileNameGt=../../cp2016-max-common-connected-subgraph-paper/datasets/graphsdb/mcs30/m2D/m2D/mcs30_m2D_s50.B06
Reading graphs...
50 :  85
50 :  85
Initializing...
maxdom : 50
D->valSize : 2500
Solving...
currentSize : 17 <-- 0.161491 s
currentSize : 19 <-- 0.161835 s
currentSize : 20 <-- 0.162072 s
currentSize : 21 <-- 0.164002 s
currentSize : 25 <-- 0.164087 s
currentSize : 26 <-- 0.164148 s
currentSize : 27 <-- 0.394013 s
currentSize : 28 <-- 3.207722 s
currentSize : 29 <-- 90.410828 s
currentSize : 30 <-- 852.942993 s

TIMEOUT
maxsize : 30
nodes : 214310357.000000
filtered : 2262155773.000000
time : 1000.000061
