Parameters: GAD=1 vflib=1 dir=0 label=0 lowerbound=1 fileNameGp=../../cp2016-max-common-connected-subgraph-paper/datasets/graphsdb/mcs30/m2D/m2Dr6/mcs30_m2Dr6_s50.A05 fileNameGt=../../cp2016-max-common-connected-subgraph-paper/datasets/graphsdb/mcs30/m2D/m2Dr6/mcs30_m2Dr6_s50.B05
Reading graphs...
50 :  113
50 :  111
Initializing...
maxdom : 50
D->valSize : 2500
Solving...
currentSize : 24 <-- 0.094014 s
currentSize : 25 <-- 0.098274 s
currentSize : 26 <-- 0.099710 s
currentSize : 27 <-- 2.234351 s
currentSize : 28 <-- 4.946715 s
currentSize : 29 <-- 4.950637 s
currentSize : 30 <-- 5.340511 s
currentSize : 31 <-- 329.894073 s

TIMEOUT
maxsize : 31
nodes : 147468689.000000
filtered : 4225550933.000000
time : 1000.000061
