Parameters: GAD=1 vflib=1 dir=0 label=0 lowerbound=1 fileNameGp=../../cp2016-max-common-connected-subgraph-paper/datasets/graphsdb/mcs30/m3D/m3Dr4/mcs30_m3Dr4_s25.A04 fileNameGt=../../cp2016-max-common-connected-subgraph-paper/datasets/graphsdb/mcs30/m3D/m3Dr4/mcs30_m3Dr4_s25.B04
Reading graphs...
25 :  54
25 :  53
Initializing...
maxdom : 25
D->valSize : 625
Solving...
currentSize : 10 <-- 0.005157 s
currentSize : 11 <-- 0.005279 s
currentSize : 12 <-- 0.005673 s
currentSize : 13 <-- 0.006149 s
currentSize : 14 <-- 0.007834 s
currentSize : 15 <-- 0.009277 s
currentSize : 16 <-- 0.332356 s
currentSize : 17 <-- 4.567276 s

maxsize : 17
nodes : 1823995.000000
filtered : 31317217.000000
time : 7.358450
