Parameters: GAD=1 vflib=1 dir=0 label=0 lowerbound=1 fileNameGp=../../cp2016-max-common-connected-subgraph-paper/datasets/graphsdb/mcs30/m3D/m3D/mcs30_m3D_s40.A06 fileNameGt=../../cp2016-max-common-connected-subgraph-paper/datasets/graphsdb/mcs30/m3D/m3D/mcs30_m3D_s40.B06
Reading graphs...
40 :  81
40 :  81
Initializing...
maxdom : 40
D->valSize : 1600
Solving...
currentSize : 17 <-- 0.059412 s
currentSize : 19 <-- 0.064742 s
currentSize : 20 <-- 0.484121 s
currentSize : 21 <-- 0.484160 s
currentSize : 22 <-- 2.248078 s
currentSize : 23 <-- 14.016956 s
currentSize : 24 <-- 66.720772 s
currentSize : 25 <-- 67.563469 s
currentSize : 26 <-- 184.296570 s

TIMEOUT
maxsize : 26
nodes : 170462403.000000
filtered : 4014623634.000000
time : 1000.000122
