Parameters: GAD=1 vflib=1 dir=0 label=0 lowerbound=1 fileNameGp=../../cp2016-max-common-connected-subgraph-paper/datasets/graphsdb/mcs30/rand/r005/mcs30_r005_s30.A05 fileNameGt=../../cp2016-max-common-connected-subgraph-paper/datasets/graphsdb/mcs30/rand/r005/mcs30_r005_s30.B05
Reading graphs...
30 :  48
30 :  47
Initializing...
maxdom : 30
D->valSize : 900
Solving...
currentSize : 14 <-- 0.019591 s
currentSize : 17 <-- 0.019781 s
currentSize : 18 <-- 0.071717 s
currentSize : 19 <-- 0.513781 s
currentSize : 20 <-- 1.774973 s
currentSize : 21 <-- 17.205853 s

maxsize : 21
nodes : 18570782.000000
filtered : 360537131.000000
time : 85.655037
