Parameters: GAD=1 vflib=1 dir=0 label=0 lowerbound=1 fileNameGp=../../cp2016-max-common-connected-subgraph-paper/datasets/graphsdb/mcs30/bvg/b03m/mcs30_b03m_s25.A02 fileNameGt=../../cp2016-max-common-connected-subgraph-paper/datasets/graphsdb/mcs30/bvg/b03m/mcs30_b03m_s25.B02
Reading graphs...
25 :  37
25 :  34
Initializing...
maxdom : 25
D->valSize : 625
Solving...
currentSize : 9 <-- 0.005401 s
currentSize : 10 <-- 0.005415 s
currentSize : 11 <-- 0.005434 s
currentSize : 13 <-- 0.006174 s
currentSize : 14 <-- 0.039267 s
currentSize : 15 <-- 0.212060 s
currentSize : 16 <-- 0.235641 s
currentSize : 17 <-- 0.597686 s
currentSize : 18 <-- 0.700800 s

maxsize : 18
nodes : 851810.000000
filtered : 12135560.000000
time : 3.161821
