Parameters: GAD=1 vflib=1 dir=0 label=0 lowerbound=1 fileNameGp=../../cp2016-max-common-connected-subgraph-paper/datasets/graphsdb/mcs30/m2D/m2Dr4/mcs30_m2Dr4_s30.A08 fileNameGt=../../cp2016-max-common-connected-subgraph-paper/datasets/graphsdb/mcs30/m2D/m2Dr4/mcs30_m2Dr4_s30.B08
Reading graphs...
30 :  61
30 :  60
Initializing...
maxdom : 30
D->valSize : 900
Solving...
currentSize : 11 <-- 0.018773 s
currentSize : 12 <-- 0.018810 s
currentSize : 13 <-- 0.018822 s
currentSize : 14 <-- 0.018841 s
currentSize : 15 <-- 0.019161 s
currentSize : 17 <-- 0.023840 s
currentSize : 18 <-- 0.358795 s
currentSize : 19 <-- 0.366118 s
currentSize : 20 <-- 1.661347 s
currentSize : 21 <-- 3.909578 s

maxsize : 21
nodes : 2891747.000000
filtered : 75633546.000000
time : 15.044728
