Parameters: GAD=1 vflib=1 dir=0 label=0 lowerbound=1 fileNameGp=../../cp2016-max-common-connected-subgraph-paper/datasets/graphsdb/mcs30/bvg/b03/mcs30_b03_s50.A07 fileNameGt=../../cp2016-max-common-connected-subgraph-paper/datasets/graphsdb/mcs30/bvg/b03/mcs30_b03_s50.B07
Reading graphs...
50 :  75
50 :  75
Initializing...
maxdom : 50
D->valSize : 2500
Solving...
currentSize : 18 <-- 0.142748 s
currentSize : 19 <-- 0.144225 s
currentSize : 21 <-- 0.145000 s
currentSize : 22 <-- 0.167516 s
currentSize : 24 <-- 0.215241 s
currentSize : 25 <-- 3.841663 s
currentSize : 26 <-- 27.610941 s
currentSize : 27 <-- 36.810356 s

TIMEOUT
maxsize : 27
nodes : 247661949.000000
filtered : 2981704643.000000
time : 1000.000061
