Parameters: GAD=1 vflib=1 dir=0 label=0 lowerbound=1 fileNameGp=../../cp2016-max-common-connected-subgraph-paper/datasets/graphsdb/mcs30/m4D/m4Dr2/mcs30_m4Dr2_s50.A06 fileNameGt=../../cp2016-max-common-connected-subgraph-paper/datasets/graphsdb/mcs30/m4D/m4Dr2/mcs30_m4Dr2_s50.B06
Reading graphs...
50 :  96
50 :  95
Initializing...
maxdom : 50
D->valSize : 2500
Solving...
currentSize : 16 <-- 0.095650 s
currentSize : 17 <-- 0.095680 s
currentSize : 21 <-- 0.095724 s
currentSize : 22 <-- 0.102404 s
currentSize : 23 <-- 0.102983 s
currentSize : 24 <-- 0.103784 s
currentSize : 25 <-- 0.103791 s
currentSize : 26 <-- 0.121924 s
currentSize : 28 <-- 0.811915 s
currentSize : 29 <-- 23.895161 s
currentSize : 30 <-- 28.704653 s
currentSize : 31 <-- 29.850151 s

TIMEOUT
maxsize : 31
nodes : 177628675.000000
filtered : 2940249066.000000
time : 1000.000061
