Parameters: GAD=1 vflib=1 dir=0 label=0 lowerbound=1 fileNameGp=../../cp2016-max-common-connected-subgraph-paper/datasets/graphsdb/mcs30/rand/r01/mcs30_r01_s30.A05 fileNameGt=../../cp2016-max-common-connected-subgraph-paper/datasets/graphsdb/mcs30/rand/r01/mcs30_r01_s30.B05
Reading graphs...
30 :  84
30 :  85
Initializing...
maxdom : 30
D->valSize : 900
Solving...
currentSize : 12 <-- 0.009981 s
currentSize : 13 <-- 0.010157 s
currentSize : 14 <-- 0.014437 s
currentSize : 15 <-- 0.018210 s
currentSize : 16 <-- 0.070163 s
currentSize : 17 <-- 0.602730 s
currentSize : 18 <-- 17.658016 s

maxsize : 18
nodes : 55774136.000000
filtered : 1117663549.000000
time : 257.285278
