Parameters: GAD=1 vflib=1 dir=0 label=0 lowerbound=1 fileNameGp=../../cp2016-max-common-connected-subgraph-paper/datasets/graphsdb/mcs30/bvg/b09/mcs30_b09_s50.A01 fileNameGt=../../cp2016-max-common-connected-subgraph-paper/datasets/graphsdb/mcs30/bvg/b09/mcs30_b09_s50.B01
Reading graphs...
50 :  219
50 :  220
Initializing...
maxdom : 50
D->valSize : 2500
Solving...
currentSize : 16 <-- 0.085269 s
currentSize : 17 <-- 0.085303 s
currentSize : 18 <-- 0.087846 s
currentSize : 19 <-- 0.090249 s
currentSize : 20 <-- 0.092260 s
currentSize : 21 <-- 0.092894 s
currentSize : 22 <-- 0.914411 s
currentSize : 23 <-- 3.566016 s

TIMEOUT
maxsize : 23
nodes : 162968051.000000
filtered : 3580254950.000000
time : 1000.000000
