Parameters: GAD=1 vflib=1 dir=0 label=0 lowerbound=1 fileNameGp=../../cp2016-max-common-connected-subgraph-paper/datasets/graphsdb/mcs30/bvg/b06m/mcs30_b06m_s30.A09 fileNameGt=../../cp2016-max-common-connected-subgraph-paper/datasets/graphsdb/mcs30/bvg/b06m/mcs30_b06m_s30.B09
Reading graphs...
30 :  87
30 :  87
Initializing...
maxdom : 30
D->valSize : 900
Solving...
currentSize : 12 <-- 0.010163 s
currentSize : 13 <-- 0.011144 s
currentSize : 14 <-- 0.012810 s
currentSize : 15 <-- 0.016512 s
currentSize : 16 <-- 0.041043 s
currentSize : 17 <-- 0.282557 s
currentSize : 18 <-- 20.855188 s

maxsize : 18
nodes : 26984207.000000
filtered : 601493569.000000
time : 128.351074
