Parameters: GAD=1 vflib=1 dir=0 label=0 lowerbound=1 fileNameGp=../../cp2016-max-common-connected-subgraph-paper/datasets/graphsdb/mcs30/bvg/b06m/mcs30_b06m_s40.A04 fileNameGt=../../cp2016-max-common-connected-subgraph-paper/datasets/graphsdb/mcs30/bvg/b06m/mcs30_b06m_s40.B04
Reading graphs...
40 :  115
40 :  119
Initializing...
maxdom : 40
D->valSize : 1600
Solving...
currentSize : 13 <-- 0.033760 s
currentSize : 16 <-- 0.033803 s
currentSize : 17 <-- 0.040043 s
currentSize : 18 <-- 0.040819 s
currentSize : 19 <-- 0.041185 s
currentSize : 20 <-- 0.053130 s
currentSize : 21 <-- 0.411061 s
currentSize : 22 <-- 1.180151 s
currentSize : 23 <-- 71.322449 s
currentSize : 24 <-- 947.691101 s

TIMEOUT
maxsize : 24
nodes : 167140477.000000
filtered : 4326494383.000000
time : 1000.000061
