Parameters: GAD=1 vflib=1 dir=0 label=0 lowerbound=1 fileNameGp=../../cp2016-max-common-connected-subgraph-paper/datasets/graphsdb/mcs30/bvg/b09/mcs30_b09_s35.A09 fileNameGt=../../cp2016-max-common-connected-subgraph-paper/datasets/graphsdb/mcs30/bvg/b09/mcs30_b09_s35.B09
Reading graphs...
35 :  154
35 :  147
Initializing...
maxdom : 35
D->valSize : 1225
Solving...
currentSize : 13 <-- 0.031453 s
currentSize : 14 <-- 0.031647 s
currentSize : 15 <-- 0.037011 s
currentSize : 16 <-- 0.039067 s
currentSize : 17 <-- 0.071083 s
currentSize : 18 <-- 0.103275 s
currentSize : 19 <-- 0.628751 s
currentSize : 20 <-- 52.068146 s

maxsize : 20
nodes : 160135956.000000
filtered : 4545825759.000000
time : 908.406128
