Parameters: GAD=1 vflib=1 dir=0 label=0 lowerbound=1 fileNameGp=../../cp2016-max-common-connected-subgraph-paper/datasets/graphsdb/mcs30/m3D/m3Dr2/mcs30_m3Dr2_s30.A01 fileNameGt=../../cp2016-max-common-connected-subgraph-paper/datasets/graphsdb/mcs30/m3D/m3Dr2/mcs30_m3Dr2_s30.B01
Reading graphs...
30 :  65
30 :  65
Initializing...
maxdom : 30
D->valSize : 900
Solving...
currentSize : 14 <-- 0.018918 s
currentSize : 15 <-- 0.020181 s
currentSize : 16 <-- 0.021807 s
currentSize : 17 <-- 0.035688 s
currentSize : 18 <-- 0.906513 s
currentSize : 19 <-- 1.047011 s
currentSize : 20 <-- 4.241078 s
currentSize : 21 <-- 10.570595 s

maxsize : 21
nodes : 5563768.000000
filtered : 144506298.000000
time : 28.935669
