Parameters: GAD=1 vflib=1 dir=0 label=0 lowerbound=1 fileNameGp=../../cp2016-max-common-connected-subgraph-paper/datasets/graphsdb/mcs30/bvg/b03m/mcs30_b03m_s40.A07 fileNameGt=../../cp2016-max-common-connected-subgraph-paper/datasets/graphsdb/mcs30/bvg/b03m/mcs30_b03m_s40.B07
Reading graphs...
40 :  60
40 :  60
Initializing...
maxdom : 40
D->valSize : 1600
Solving...
currentSize : 18 <-- 0.036667 s
currentSize : 19 <-- 0.036741 s
currentSize : 20 <-- 0.036753 s
currentSize : 21 <-- 0.044304 s
currentSize : 22 <-- 0.172640 s
currentSize : 23 <-- 1.469937 s
currentSize : 24 <-- 17.080448 s
currentSize : 25 <-- 183.472000 s
currentSize : 26 <-- 183.473328 s

TIMEOUT
maxsize : 26
nodes : 239236336.000000
filtered : 3125451274.000000
time : 1000.000000
