Parameters: GAD=1 vflib=1 dir=0 label=0 lowerbound=1 fileNameGp=../../cp2016-max-common-connected-subgraph-paper/datasets/graphsdb/mcs30/bvg/b03m/mcs30_b03m_s35.A07 fileNameGt=../../cp2016-max-common-connected-subgraph-paper/datasets/graphsdb/mcs30/bvg/b03m/mcs30_b03m_s35.B07
Reading graphs...
35 :  51
35 :  52
Initializing...
maxdom : 35
D->valSize : 1225
Solving...
currentSize : 10 <-- 0.021156 s
currentSize : 12 <-- 0.021273 s
currentSize : 13 <-- 0.021298 s
currentSize : 14 <-- 0.021308 s
currentSize : 15 <-- 0.021376 s
currentSize : 16 <-- 0.023057 s
currentSize : 17 <-- 0.023305 s
currentSize : 18 <-- 0.030816 s
currentSize : 19 <-- 0.040131 s
currentSize : 20 <-- 0.042554 s
currentSize : 21 <-- 0.403489 s
currentSize : 22 <-- 1.677281 s
currentSize : 23 <-- 1.679176 s
currentSize : 24 <-- 1.781083 s
currentSize : 25 <-- 12.742776 s

maxsize : 25
nodes : 82634292.000000
filtered : 1827029946.000000
time : 442.569946
