Parameters: GAD=1 vflib=1 dir=0 label=0 lowerbound=1 fileNameGp=../../cp2016-max-common-connected-subgraph-paper/datasets/graphsdb/mcs30/bvg/b09/mcs30_b09_s35.A08 fileNameGt=../../cp2016-max-common-connected-subgraph-paper/datasets/graphsdb/mcs30/bvg/b09/mcs30_b09_s35.B08
Reading graphs...
35 :  150
35 :  149
Initializing...
maxdom : 35
D->valSize : 1225
Solving...
currentSize : 12 <-- 0.017979 s
currentSize : 13 <-- 0.029648 s
currentSize : 14 <-- 0.031385 s
currentSize : 15 <-- 0.056624 s
currentSize : 16 <-- 0.197775 s
currentSize : 17 <-- 0.292324 s
currentSize : 18 <-- 0.567768 s
currentSize : 19 <-- 19.923870 s
currentSize : 20 <-- 35.708405 s

maxsize : 20
nodes : 106589848.000000
filtered : 3361552057.000000
time : 632.240662
