Parameters: GAD=1 vflib=1 dir=0 label=0 lowerbound=1 fileNameGp=../../cp2016-max-common-connected-subgraph-paper/datasets/graphsdb/mcs50/rand/r02/mcs50_r02_s35.A02 fileNameGt=../../cp2016-max-common-connected-subgraph-paper/datasets/graphsdb/mcs50/rand/r02/mcs50_r02_s35.B02
Reading graphs...
35 :  207
35 :  213
Initializing...
maxdom : 35
D->valSize : 1225
Solving...
currentSize : 8 <-- 0.029578 s
currentSize : 9 <-- 0.029642 s
currentSize : 10 <-- 0.029687 s
currentSize : 11 <-- 0.030033 s
currentSize : 12 <-- 0.030185 s
currentSize : 13 <-- 0.070213 s
currentSize : 14 <-- 0.631879 s
currentSize : 15 <-- 4.598077 s

TIMEOUT
maxsize : 15
nodes : 230233067.000000
filtered : 2661677040.000000
time : 1000.000061
