Parameters: GAD=1 vflib=1 dir=0 label=0 lowerbound=1 fileNameGp=../../cp2016-max-common-connected-subgraph-paper/datasets/graphsdb/mcs50/m4D/m4Dr6/mcs50_m4Dr6_s35.A01 fileNameGt=../../cp2016-max-common-connected-subgraph-paper/datasets/graphsdb/mcs50/m4D/m4Dr6/mcs50_m4Dr6_s35.B01
Reading graphs...
35 :  84
35 :  83
Initializing...
maxdom : 35
D->valSize : 1225
Solving...
currentSize : 14 <-- 0.019718 s
currentSize : 16 <-- 0.019771 s
currentSize : 17 <-- 0.019778 s
currentSize : 18 <-- 0.072558 s
currentSize : 19 <-- 0.670192 s
currentSize : 20 <-- 12.118801 s
currentSize : 21 <-- 116.314522 s
currentSize : 22 <-- 656.773560 s

TIMEOUT
maxsize : 22
nodes : 202193730.000000
filtered : 4082382278.000000
time : 1000.000000
