Parameters: GAD=1 vflib=1 dir=0 label=0 lowerbound=1 fileNameGp=../../cp2016-max-common-connected-subgraph-paper/datasets/graphsdb/mcs50/bvg/b09/mcs50_b09_s25.A02 fileNameGt=../../cp2016-max-common-connected-subgraph-paper/datasets/graphsdb/mcs50/bvg/b09/mcs50_b09_s25.B02
Reading graphs...
25 :  106
25 :  110
Initializing...
maxdom : 25
D->valSize : 625
Solving...
currentSize : 9 <-- 0.007208 s
currentSize : 10 <-- 0.007732 s
currentSize : 11 <-- 0.007744 s
currentSize : 12 <-- 0.008965 s
currentSize : 13 <-- 0.023706 s
currentSize : 14 <-- 0.049879 s

maxsize : 14
nodes : 1918635.000000
filtered : 31530238.000000
time : 7.704801
