Parameters: GAD=1 vflib=1 dir=0 label=0 lowerbound=1 fileNameGp=../../cp2016-max-common-connected-subgraph-paper/datasets/graphsdb/mcs50/m2D/m2Dr4/mcs50_m2Dr4_s40.A07 fileNameGt=../../cp2016-max-common-connected-subgraph-paper/datasets/graphsdb/mcs50/m2D/m2Dr4/mcs50_m2Dr4_s40.B07
Reading graphs...
40 :  81
40 :  79
Initializing...
maxdom : 40
D->valSize : 1600
Solving...
currentSize : 17 <-- 0.064039 s
currentSize : 18 <-- 0.064066 s
currentSize : 19 <-- 0.080541 s
currentSize : 20 <-- 0.080612 s
currentSize : 21 <-- 0.247194 s
currentSize : 23 <-- 0.671686 s
currentSize : 24 <-- 0.880902 s
currentSize : 25 <-- 92.991005 s

TIMEOUT
maxsize : 25
nodes : 187917059.000000
filtered : 3962657317.000000
time : 1000.000061
