Parameters: GAD=1 vflib=1 dir=0 label=0 lowerbound=1 fileNameGp=../../cp2016-max-common-connected-subgraph-paper/datasets/graphsdb/mcs50/m4D/m4Dr2/mcs50_m4Dr2_s35.A06 fileNameGt=../../cp2016-max-common-connected-subgraph-paper/datasets/graphsdb/mcs50/m4D/m4Dr2/mcs50_m4Dr2_s35.B06
Reading graphs...
35 :  70
35 :  68
Initializing...
maxdom : 35
D->valSize : 1225
Solving...
currentSize : 12 <-- 0.035860 s
currentSize : 13 <-- 0.035895 s
currentSize : 15 <-- 0.035998 s
currentSize : 16 <-- 0.036040 s
currentSize : 17 <-- 0.060755 s
currentSize : 18 <-- 0.409744 s
currentSize : 19 <-- 0.478770 s
currentSize : 20 <-- 0.517478 s
currentSize : 21 <-- 14.906238 s
currentSize : 22 <-- 31.512253 s
currentSize : 23 <-- 33.007408 s
currentSize : 24 <-- 229.257812 s

maxsize : 24
nodes : 76506455.000000
filtered : 1853173857.000000
time : 411.235535
