Parameters: GAD=1 vflib=1 dir=0 label=0 lowerbound=1 fileNameGp=../../cp2016-max-common-connected-subgraph-paper/datasets/graphsdb/mcs50/rand/r02/mcs50_r02_s40.A07 fileNameGt=../../cp2016-max-common-connected-subgraph-paper/datasets/graphsdb/mcs50/rand/r02/mcs50_r02_s40.B07
Reading graphs...
40 :  283
40 :  278
Initializing...
maxdom : 40
D->valSize : 1600
Solving...
currentSize : 10 <-- 0.050273 s
currentSize : 11 <-- 0.050311 s
currentSize : 12 <-- 0.050365 s
currentSize : 13 <-- 0.050715 s
currentSize : 14 <-- 0.052821 s
currentSize : 15 <-- 0.189620 s
currentSize : 16 <-- 7.770229 s

TIMEOUT
maxsize : 16
nodes : 211214869.000000
filtered : 2644774877.000000
time : 1000.000000
