Parameters: GAD=1 vflib=1 dir=0 label=0 lowerbound=1 fileNameGp=../../cp2016-max-common-connected-subgraph-paper/datasets/graphsdb/mcs50/bvg/b03/mcs50_b03_s30.A04 fileNameGt=../../cp2016-max-common-connected-subgraph-paper/datasets/graphsdb/mcs50/bvg/b03/mcs50_b03_s30.B04
Reading graphs...
30 :  45
30 :  45
Initializing...
maxdom : 30
D->valSize : 900
Solving...
currentSize : 13 <-- 0.010941 s
currentSize : 14 <-- 0.010965 s
currentSize : 16 <-- 0.011287 s
currentSize : 17 <-- 0.024213 s
currentSize : 18 <-- 0.155239 s
currentSize : 19 <-- 3.605423 s
currentSize : 20 <-- 3.636518 s
currentSize : 21 <-- 43.355682 s

maxsize : 21
nodes : 30745459.000000
filtered : 510831250.000000
time : 125.974007
