Parameters: GAD=1 vflib=1 dir=0 label=0 lowerbound=1 fileNameGp=../../cp2016-max-common-connected-subgraph-paper/datasets/graphsdb/mcs50/rand/r005/mcs50_r005_s35.A05 fileNameGt=../../cp2016-max-common-connected-subgraph-paper/datasets/graphsdb/mcs50/rand/r005/mcs50_r005_s35.B05
Reading graphs...
35 :  61
35 :  61
Initializing...
maxdom : 35
D->valSize : 1225
Solving...
currentSize : 14 <-- 0.036554 s
currentSize : 16 <-- 0.038243 s
currentSize : 17 <-- 0.038540 s
currentSize : 18 <-- 0.038598 s
currentSize : 19 <-- 0.040901 s
currentSize : 20 <-- 0.044149 s
currentSize : 21 <-- 0.432415 s
currentSize : 22 <-- 2.859065 s
currentSize : 23 <-- 10.815169 s
currentSize : 24 <-- 53.652325 s
currentSize : 25 <-- 76.524040 s

maxsize : 25
nodes : 64997250.000000
filtered : 1758181705.000000
time : 378.329163
