Parameters: GAD=1 vflib=1 dir=0 label=0 lowerbound=1 fileNameGp=../../cp2016-max-common-connected-subgraph-paper/datasets/graphsdb/mcs50/bvg/b09/mcs50_b09_s35.A00 fileNameGt=../../cp2016-max-common-connected-subgraph-paper/datasets/graphsdb/mcs50/bvg/b09/mcs50_b09_s35.B00
Reading graphs...
35 :  154
35 :  153
Initializing...
maxdom : 35
D->valSize : 1225
Solving...
currentSize : 12 <-- 0.017944 s
currentSize : 13 <-- 0.018052 s
currentSize : 14 <-- 0.020599 s
currentSize : 15 <-- 0.035596 s
currentSize : 16 <-- 0.118237 s
currentSize : 17 <-- 3.744008 s
currentSize : 18 <-- 18.652271 s
currentSize : 19 <-- 255.045914 s
currentSize : 20 <-- 953.580627 s

TIMEOUT
maxsize : 20
nodes : 180496468.000000
filtered : 4711767913.000000
time : 1000.000000
