Parameters: GAD=1 vflib=1 dir=0 label=0 lowerbound=1 fileNameGp=../../cp2016-max-common-connected-subgraph-paper/datasets/graphsdb/mcs50/rand/r01/mcs50_r01_s50.A06 fileNameGt=../../cp2016-max-common-connected-subgraph-paper/datasets/graphsdb/mcs50/rand/r01/mcs50_r01_s50.B06
Reading graphs...
50 :  234
50 :  229
Initializing...
maxdom : 50
D->valSize : 2500
Solving...
currentSize : 16 <-- 0.101892 s
currentSize : 17 <-- 0.103321 s
currentSize : 18 <-- 0.109340 s
currentSize : 19 <-- 0.205746 s
currentSize : 20 <-- 0.292782 s
currentSize : 21 <-- 5.256390 s
currentSize : 22 <-- 90.041763 s

TIMEOUT
maxsize : 22
nodes : 177873008.000000
filtered : 3146394498.000000
time : 1000.000061
