Parameters: GAD=1 vflib=1 dir=0 label=0 lowerbound=1 fileNameGp=../../cp2016-max-common-connected-subgraph-paper/datasets/graphsdb/mcs50/m4D/m4D/mcs50_m4D_s30.A05 fileNameGt=../../cp2016-max-common-connected-subgraph-paper/datasets/graphsdb/mcs50/m4D/m4D/mcs50_m4D_s30.B05
Reading graphs...
30 :  55
30 :  54
Initializing...
maxdom : 30
D->valSize : 900
Solving...
currentSize : 6 <-- 0.010779 s
currentSize : 10 <-- 0.011050 s
currentSize : 12 <-- 0.011479 s
currentSize : 13 <-- 0.023063 s
currentSize : 14 <-- 0.039550 s
currentSize : 15 <-- 0.261272 s
currentSize : 16 <-- 0.533402 s
currentSize : 17 <-- 0.533435 s
currentSize : 18 <-- 1.084249 s
currentSize : 19 <-- 9.217324 s
currentSize : 20 <-- 9.538318 s
currentSize : 21 <-- 21.503912 s

maxsize : 21
nodes : 6842300.000000
filtered : 112214764.000000
time : 28.873352
