Parameters: GAD=1 vflib=1 dir=0 label=0 lowerbound=1 fileNameGp=../../cp2016-max-common-connected-subgraph-paper/datasets/graphsdb/mcs50/bvg/b06m/mcs50_b06m_s35.A07 fileNameGt=../../cp2016-max-common-connected-subgraph-paper/datasets/graphsdb/mcs50/bvg/b06m/mcs50_b06m_s35.B07
Reading graphs...
35 :  102
35 :  103
Initializing...
maxdom : 35
D->valSize : 1225
Solving...
currentSize : 13 <-- 0.019575 s
currentSize : 15 <-- 0.019598 s
currentSize : 16 <-- 0.019796 s
currentSize : 17 <-- 0.029894 s
currentSize : 18 <-- 0.092013 s
currentSize : 19 <-- 0.119676 s
currentSize : 20 <-- 2.613889 s
currentSize : 21 <-- 55.709862 s

TIMEOUT
maxsize : 21
nodes : 171544260.000000
filtered : 4963173531.000000
time : 1000.000061
