Parameters: GAD=1 vflib=1 dir=0 label=0 lowerbound=1 fileNameGp=../../cp2016-max-common-connected-subgraph-paper/datasets/graphsdb/mcs50/bvg/b06m/mcs50_b06m_s30.A02 fileNameGt=../../cp2016-max-common-connected-subgraph-paper/datasets/graphsdb/mcs50/bvg/b06m/mcs50_b06m_s30.B02
Reading graphs...
30 :  88
30 :  87
Initializing...
maxdom : 30
D->valSize : 900
Solving...
currentSize : 10 <-- 0.010281 s
currentSize : 12 <-- 0.010328 s
currentSize : 13 <-- 0.012583 s
currentSize : 14 <-- 0.026773 s
currentSize : 15 <-- 0.033001 s
currentSize : 16 <-- 0.128255 s
currentSize : 17 <-- 0.337217 s
currentSize : 18 <-- 65.036522 s

maxsize : 18
nodes : 29787959.000000
filtered : 616926918.000000
time : 136.546829
