Parameters: GAD=1 vflib=1 dir=0 label=0 lowerbound=1 fileNameGp=../../cp2016-max-common-connected-subgraph-paper/datasets/graphsdb/mcs50/m4D/m4Dr6/mcs50_m4Dr6_s35.A00 fileNameGt=../../cp2016-max-common-connected-subgraph-paper/datasets/graphsdb/mcs50/m4D/m4Dr6/mcs50_m4Dr6_s35.B00
Reading graphs...
35 :  81
35 :  82
Initializing...
maxdom : 35
D->valSize : 1225
Solving...
currentSize : 17 <-- 0.034879 s
currentSize : 18 <-- 0.035120 s
currentSize : 19 <-- 0.035650 s
currentSize : 20 <-- 1.247058 s
currentSize : 21 <-- 1.252199 s
currentSize : 22 <-- 76.196617 s
currentSize : 23 <-- 356.952087 s

maxsize : 23
nodes : 136535690.000000
filtered : 3675333555.000000
time : 785.101379
