Parameters: GAD=1 vflib=1 dir=0 label=0 lowerbound=1 fileNameGp=../../cp2016-max-common-connected-subgraph-paper/datasets/graphsdb/mcs50/bvg/b09/mcs50_b09_s40.A03 fileNameGt=../../cp2016-max-common-connected-subgraph-paper/datasets/graphsdb/mcs50/bvg/b09/mcs50_b09_s40.B03
Reading graphs...
40 :  178
40 :  176
Initializing...
maxdom : 40
D->valSize : 1600
Solving...
currentSize : 13 <-- 0.031330 s
currentSize : 14 <-- 0.033181 s
currentSize : 15 <-- 0.041976 s
currentSize : 16 <-- 0.068399 s
currentSize : 17 <-- 0.332865 s
currentSize : 18 <-- 17.022699 s
currentSize : 19 <-- 44.445019 s
currentSize : 20 <-- 60.108963 s
currentSize : 22 <-- 122.829170 s
currentSize : 23 <-- 495.652191 s

TIMEOUT
maxsize : 23
nodes : 160784405.000000
filtered : 4676567232.000000
time : 1000.000000
