Parameters: GAD=1 vflib=1 dir=0 label=0 lowerbound=1 fileNameGp=../../cp2016-max-common-connected-subgraph-paper/datasets/graphsdb/mcs50/m2D/m2D/mcs50_m2D_s50.A01 fileNameGt=../../cp2016-max-common-connected-subgraph-paper/datasets/graphsdb/mcs50/m2D/m2D/mcs50_m2D_s50.B01
Reading graphs...
50 :  85
50 :  85
Initializing...
maxdom : 50
D->valSize : 2500
Solving...
currentSize : 19 <-- 0.098225 s
currentSize : 20 <-- 0.098275 s
currentSize : 21 <-- 0.098476 s
currentSize : 27 <-- 0.101855 s
currentSize : 28 <-- 0.101871 s
currentSize : 29 <-- 0.120499 s
currentSize : 30 <-- 31.235413 s
currentSize : 31 <-- 43.258488 s
currentSize : 32 <-- 559.659973 s

TIMEOUT
maxsize : 32
nodes : 187628034.000000
filtered : 3175310379.000000
time : 1000.000061
