Parameters: GAD=1 vflib=1 dir=0 label=0 lowerbound=1 fileNameGp=../../cp2016-max-common-connected-subgraph-paper/datasets/graphsdb/mcs50/bvg/b09m/mcs50_b09m_s30.A06 fileNameGt=../../cp2016-max-common-connected-subgraph-paper/datasets/graphsdb/mcs50/bvg/b09m/mcs50_b09m_s30.B06
Reading graphs...
30 :  126
30 :  127
Initializing...
maxdom : 30
D->valSize : 900
Solving...
currentSize : 10 <-- 0.009690 s
currentSize : 12 <-- 0.010744 s
currentSize : 13 <-- 0.011051 s
currentSize : 14 <-- 0.974175 s
currentSize : 15 <-- 2.126762 s
currentSize : 16 <-- 216.351593 s

maxsize : 16
nodes : 57826484.000000
filtered : 965056871.000000
time : 251.836990
