Parameters: GAD=1 vflib=1 dir=0 label=0 lowerbound=1 fileNameGp=../../cp2016-max-common-connected-subgraph-paper/datasets/graphsdb/mcs50/rand/r01/mcs50_r01_s50.A00 fileNameGt=../../cp2016-max-common-connected-subgraph-paper/datasets/graphsdb/mcs50/rand/r01/mcs50_r01_s50.B00
Reading graphs...
50 :  224
50 :  234
Initializing...
maxdom : 50
D->valSize : 2500
Solving...
currentSize : 15 <-- 0.106497 s
currentSize : 16 <-- 0.106534 s
currentSize : 17 <-- 0.106636 s
currentSize : 18 <-- 0.108293 s
currentSize : 19 <-- 0.121323 s
currentSize : 20 <-- 0.143009 s
currentSize : 21 <-- 0.375750 s
currentSize : 22 <-- 17.728672 s
currentSize : 23 <-- 421.775848 s

TIMEOUT
maxsize : 23
nodes : 174957844.000000
filtered : 3304671000.000000
time : 1000.000061
