Parameters: GAD=1 vflib=1 dir=0 label=0 lowerbound=1 fileNameGp=../../cp2016-max-common-connected-subgraph-paper/datasets/graphsdb/mcs50/bvg/b09/mcs50_b09_s30.A07 fileNameGt=../../cp2016-max-common-connected-subgraph-paper/datasets/graphsdb/mcs50/bvg/b09/mcs50_b09_s30.B07
Reading graphs...
30 :  129
30 :  131
Initializing...
maxdom : 30
D->valSize : 900
Solving...
currentSize : 9 <-- 0.009555 s
currentSize : 10 <-- 0.009643 s
currentSize : 11 <-- 0.011064 s
currentSize : 12 <-- 0.011262 s
currentSize : 13 <-- 0.033565 s
currentSize : 14 <-- 0.046448 s
currentSize : 15 <-- 0.671330 s
currentSize : 16 <-- 1.498829 s

maxsize : 16
nodes : 22543157.000000
filtered : 443380621.000000
time : 103.965248
