Parameters: GAD=1 vflib=1 dir=0 label=0 lowerbound=1 fileNameGp=../../cp2016-max-common-connected-subgraph-paper/datasets/graphsdb/mcs50/rand/r005/mcs50_r005_s30.A09 fileNameGt=../../cp2016-max-common-connected-subgraph-paper/datasets/graphsdb/mcs50/rand/r005/mcs50_r005_s30.B09
Reading graphs...
30 :  47
30 :  47
Initializing...
maxdom : 30
D->valSize : 900
Solving...
currentSize : 16 <-- 0.011102 s
currentSize : 17 <-- 0.011122 s
currentSize : 18 <-- 0.015840 s
currentSize : 19 <-- 0.062520 s
currentSize : 20 <-- 0.343442 s
currentSize : 21 <-- 1.528158 s
currentSize : 22 <-- 7.251315 s

maxsize : 22
nodes : 5905223.000000
filtered : 127657645.000000
time : 28.594481
