Parameters: GAD=1 vflib=1 dir=0 label=0 lowerbound=1 fileNameGp=../../cp2016-max-common-connected-subgraph-paper/datasets/graphsdb/mcs50/m2D/m2Dr6/mcs50_m2Dr6_s40.A03 fileNameGt=../../cp2016-max-common-connected-subgraph-paper/datasets/graphsdb/mcs50/m2D/m2Dr6/mcs50_m2Dr6_s40.B03
Reading graphs...
40 :  90
40 :  88
Initializing...
maxdom : 40
D->valSize : 1600
Solving...
currentSize : 16 <-- 0.035215 s
currentSize : 18 <-- 0.035239 s
currentSize : 19 <-- 0.040064 s
currentSize : 20 <-- 0.040145 s
currentSize : 21 <-- 0.051255 s
currentSize : 22 <-- 0.085267 s
currentSize : 23 <-- 2.686443 s
currentSize : 24 <-- 151.110718 s
currentSize : 25 <-- 179.025040 s

TIMEOUT
maxsize : 25
nodes : 176041861.000000
filtered : 4147559153.000000
time : 1000.000000
