Parameters: GAD=1 vflib=1 dir=0 label=0 lowerbound=1 fileNameGp=../../cp2016-max-common-connected-subgraph-paper/datasets/graphsdb/mcs50/bvg/b03/mcs50_b03_s35.A08 fileNameGt=../../cp2016-max-common-connected-subgraph-paper/datasets/graphsdb/mcs50/bvg/b03/mcs50_b03_s35.B08
Reading graphs...
35 :  51
35 :  51
Initializing...
maxdom : 35
D->valSize : 1225
Solving...
currentSize : 16 <-- 0.020809 s
currentSize : 17 <-- 0.020861 s
currentSize : 18 <-- 0.021107 s
currentSize : 20 <-- 0.021463 s
currentSize : 21 <-- 0.313598 s
currentSize : 22 <-- 39.071980 s
currentSize : 23 <-- 82.140038 s
currentSize : 24 <-- 662.720825 s

TIMEOUT
maxsize : 24
nodes : 251283887.000000
filtered : 3388280595.000000
time : 1000.000000
