Parameters: GAD=1 vflib=1 dir=0 label=0 lowerbound=1 fileNameGp=../../cp2016-max-common-connected-subgraph-paper/datasets/graphsdb/mcs50/m2D/m2D/mcs50_m2D_s50.A00 fileNameGt=../../cp2016-max-common-connected-subgraph-paper/datasets/graphsdb/mcs50/m2D/m2D/mcs50_m2D_s50.B00
Reading graphs...
50 :  84
50 :  85
Initializing...
maxdom : 50
D->valSize : 2500
Solving...
currentSize : 17 <-- 0.096247 s
currentSize : 21 <-- 0.097497 s
currentSize : 22 <-- 0.097791 s
currentSize : 24 <-- 0.097988 s
currentSize : 25 <-- 0.130366 s
currentSize : 26 <-- 0.130441 s
currentSize : 27 <-- 13.304618 s
currentSize : 28 <-- 226.805695 s

TIMEOUT
maxsize : 28
nodes : 264088531.000000
filtered : 2567890337.000000
time : 1000.000061
