Parameters: GAD=1 vflib=1 dir=0 label=0 lowerbound=1 fileNameGp=../../cp2016-max-common-connected-subgraph-paper/datasets/graphsdb/mcs50/bvg/b03/mcs50_b03_s35.A04 fileNameGt=../../cp2016-max-common-connected-subgraph-paper/datasets/graphsdb/mcs50/bvg/b03/mcs50_b03_s35.B04
Reading graphs...
35 :  51
35 :  52
Initializing...
maxdom : 35
D->valSize : 1225
Solving...
currentSize : 13 <-- 0.036820 s
currentSize : 15 <-- 0.036866 s
currentSize : 16 <-- 0.036979 s
currentSize : 19 <-- 0.037593 s
currentSize : 21 <-- 0.039354 s
currentSize : 22 <-- 2.847262 s
currentSize : 23 <-- 26.248503 s
currentSize : 24 <-- 76.092850 s

TIMEOUT
maxsize : 24
nodes : 218928241.000000
filtered : 3701360215.000000
time : 1000.000000
