Parameters: GAD=1 vflib=1 dir=0 label=0 lowerbound=1 fileNameGp=../../cp2016-max-common-connected-subgraph-paper/datasets/graphsdb/mcs50/bvg/b09/mcs50_b09_s30.A05 fileNameGt=../../cp2016-max-common-connected-subgraph-paper/datasets/graphsdb/mcs50/bvg/b09/mcs50_b09_s30.B05
Reading graphs...
30 :  130
30 :  131
Initializing...
maxdom : 30
D->valSize : 900
Solving...
currentSize : 11 <-- 0.016527 s
currentSize : 12 <-- 0.017741 s
currentSize : 13 <-- 0.020984 s
currentSize : 14 <-- 0.021851 s
currentSize : 15 <-- 0.977876 s
currentSize : 16 <-- 8.474999 s
currentSize : 17 <-- 41.662582 s
currentSize : 18 <-- 41.662880 s

maxsize : 18
nodes : 12336020.000000
filtered : 261610408.000000
time : 59.483803
