Parameters: GAD=1 vflib=1 dir=0 label=0 lowerbound=1 fileNameGp=../../cp2016-max-common-connected-subgraph-paper/datasets/graphsdb/mcs50/rand/r01/mcs50_r01_s30.A04 fileNameGt=../../cp2016-max-common-connected-subgraph-paper/datasets/graphsdb/mcs50/rand/r01/mcs50_r01_s30.B04
Reading graphs...
30 :  82
30 :  82
Initializing...
maxdom : 30
D->valSize : 900
Solving...
currentSize : 12 <-- 0.010996 s
currentSize : 13 <-- 0.011373 s
currentSize : 14 <-- 0.011380 s
currentSize : 15 <-- 0.011775 s
currentSize : 16 <-- 0.022963 s
currentSize : 18 <-- 0.130262 s
currentSize : 19 <-- 49.612091 s

maxsize : 19
nodes : 26594928.000000
filtered : 629690099.000000
time : 132.845901
