Parameters: GAD=1 vflib=1 dir=0 label=0 lowerbound=1 fileNameGp=../../cp2016-max-common-connected-subgraph-paper/datasets/graphsdb/mcs50/bvg/b06m/mcs50_b06m_s40.A07 fileNameGt=../../cp2016-max-common-connected-subgraph-paper/datasets/graphsdb/mcs50/bvg/b06m/mcs50_b06m_s40.B07
Reading graphs...
40 :  118
40 :  120
Initializing...
maxdom : 40
D->valSize : 1600
Solving...
currentSize : 15 <-- 0.033587 s
currentSize : 16 <-- 0.033659 s
currentSize : 17 <-- 0.033840 s
currentSize : 18 <-- 0.036461 s
currentSize : 19 <-- 0.126265 s
currentSize : 20 <-- 0.126549 s
currentSize : 21 <-- 0.176170 s
currentSize : 22 <-- 40.294537 s

TIMEOUT
maxsize : 22
nodes : 176046313.000000
filtered : 4148866847.000000
time : 1000.000000
