Parameters: GAD=1 vflib=1 dir=0 label=0 lowerbound=1 fileNameGp=../../cp2016-max-common-connected-subgraph-paper/datasets/graphsdb/mcs50/m2D/m2Dr2/mcs50_m2Dr2_s50.A06 fileNameGt=../../cp2016-max-common-connected-subgraph-paper/datasets/graphsdb/mcs50/m2D/m2Dr2/mcs50_m2Dr2_s50.B06
Reading graphs...
50 :  95
50 :  94
Initializing...
maxdom : 50
D->valSize : 2500
Solving...
currentSize : 18 <-- 0.095718 s
currentSize : 19 <-- 0.095741 s
currentSize : 22 <-- 0.095782 s
currentSize : 23 <-- 0.095792 s
currentSize : 24 <-- 0.095876 s
currentSize : 25 <-- 0.095883 s
currentSize : 26 <-- 0.097836 s
currentSize : 27 <-- 2.146460 s
currentSize : 28 <-- 24.849319 s
currentSize : 29 <-- 440.819855 s
currentSize : 30 <-- 717.890991 s

TIMEOUT
maxsize : 30
nodes : 200700644.000000
filtered : 3172638317.000000
time : 1000.000061
