Parameters: GAD=1 vflib=1 dir=0 label=0 lowerbound=1 fileNameGp=../../cp2016-max-common-connected-subgraph-paper/datasets/graphsdb/mcs50/m4D/m4Dr6/mcs50_m4Dr6_s40.A06 fileNameGt=../../cp2016-max-common-connected-subgraph-paper/datasets/graphsdb/mcs50/m4D/m4Dr6/mcs50_m4Dr6_s40.B06
Reading graphs...
40 :  91
40 :  92
Initializing...
maxdom : 40
D->valSize : 1600
Solving...
currentSize : 17 <-- 0.034689 s
currentSize : 18 <-- 0.035127 s
currentSize : 19 <-- 0.523779 s
currentSize : 20 <-- 5.532960 s
currentSize : 21 <-- 11.690759 s
currentSize : 22 <-- 21.031515 s
currentSize : 23 <-- 26.104498 s
currentSize : 24 <-- 26.472748 s
currentSize : 25 <-- 125.027519 s

TIMEOUT
maxsize : 25
nodes : 166848277.000000
filtered : 4259188175.000000
time : 1000.000000
