Parameters: GAD=1 vflib=1 dir=0 label=0 lowerbound=1 fileNameGp=../../cp2016-max-common-connected-subgraph-paper/datasets/graphsdb/mcs50/rand/r005/mcs50_r005_s50.A00 fileNameGt=../../cp2016-max-common-connected-subgraph-paper/datasets/graphsdb/mcs50/rand/r005/mcs50_r005_s50.B00
Reading graphs...
50 :  118
50 :  121
Initializing...
maxdom : 50
D->valSize : 2500
Solving...
currentSize : 16 <-- 0.093218 s
currentSize : 18 <-- 0.093361 s
currentSize : 21 <-- 0.093379 s
currentSize : 22 <-- 0.093385 s
currentSize : 23 <-- 0.093423 s
currentSize : 24 <-- 0.098181 s
currentSize : 25 <-- 0.444475 s
currentSize : 26 <-- 0.766357 s
currentSize : 27 <-- 14.434113 s
currentSize : 28 <-- 71.415077 s
currentSize : 29 <-- 74.139641 s

TIMEOUT
maxsize : 29
nodes : 162516926.000000
filtered : 3804922319.000000
time : 1000.000061
