Parameters: GAD=1 vflib=1 dir=0 label=0 lowerbound=1 fileNameGp=../../cp2016-max-common-connected-subgraph-paper/datasets/graphsdb/mcs50/bvg/b03/mcs50_b03_s35.A06 fileNameGt=../../cp2016-max-common-connected-subgraph-paper/datasets/graphsdb/mcs50/bvg/b03/mcs50_b03_s35.B06
Reading graphs...
35 :  52
35 :  52
Initializing...
maxdom : 35
D->valSize : 1225
Solving...
currentSize : 12 <-- 0.020835 s
currentSize : 16 <-- 0.021125 s
currentSize : 17 <-- 0.021341 s
currentSize : 18 <-- 0.021562 s
currentSize : 19 <-- 0.529596 s
currentSize : 20 <-- 0.680933 s
currentSize : 21 <-- 4.204172 s
currentSize : 22 <-- 27.022045 s
currentSize : 23 <-- 98.055725 s
currentSize : 24 <-- 182.041473 s
currentSize : 25 <-- 317.129181 s

maxsize : 25
nodes : 177692165.000000
filtered : 3356623872.000000
time : 863.205627
