Parameters: GAD=1 vflib=1 dir=0 label=0 lowerbound=1 fileNameGp=../../cp2016-max-common-connected-subgraph-paper/datasets/graphsdb/mcs50/m2D/m2Dr4/mcs50_m2Dr4_s50.A03 fileNameGt=../../cp2016-max-common-connected-subgraph-paper/datasets/graphsdb/mcs50/m2D/m2Dr4/mcs50_m2Dr4_s50.B03
Reading graphs...
50 :  104
50 :  102
Initializing...
maxdom : 50
D->valSize : 2500
Solving...
currentSize : 18 <-- 0.095315 s
currentSize : 21 <-- 0.095469 s
currentSize : 22 <-- 0.123146 s
currentSize : 23 <-- 0.350570 s
currentSize : 24 <-- 0.350649 s
currentSize : 25 <-- 0.350691 s
currentSize : 26 <-- 6.788182 s
currentSize : 27 <-- 12.629510 s
currentSize : 29 <-- 38.801044 s

TIMEOUT
maxsize : 29
nodes : 207143481.000000
filtered : 2679324693.000000
time : 1000.000061
