Parameters: GAD=1 vflib=1 dir=0 label=0 lowerbound=1 fileNameGp=../../cp2016-max-common-connected-subgraph-paper/datasets/graphsdb/mcs50/bvg/b06m/mcs50_b06m_s50.A00 fileNameGt=../../cp2016-max-common-connected-subgraph-paper/datasets/graphsdb/mcs50/bvg/b06m/mcs50_b06m_s50.B00
Reading graphs...
50 :  146
50 :  145
Initializing...
maxdom : 50
D->valSize : 2500
Solving...
currentSize : 18 <-- 0.143651 s
currentSize : 20 <-- 0.143718 s
currentSize : 21 <-- 0.144655 s
currentSize : 23 <-- 0.148441 s
currentSize : 24 <-- 0.267461 s
currentSize : 25 <-- 0.499270 s
currentSize : 26 <-- 20.385605 s
currentSize : 27 <-- 51.147396 s

TIMEOUT
maxsize : 27
nodes : 150653473.000000
filtered : 3819314613.000000
time : 1000.000061
