Parameters: GAD=1 vflib=1 dir=0 label=0 lowerbound=1 fileNameGp=../../cp2016-max-common-connected-subgraph-paper/datasets/graphsdb/mcs50/bvg/b09m/mcs50_b09m_s35.A00 fileNameGt=../../cp2016-max-common-connected-subgraph-paper/datasets/graphsdb/mcs50/bvg/b09m/mcs50_b09m_s35.B00
Reading graphs...
35 :  147
35 :  145
Initializing...
maxdom : 35
D->valSize : 1225
Solving...
currentSize : 12 <-- 0.031978 s
currentSize : 13 <-- 0.032095 s
currentSize : 14 <-- 0.033411 s
currentSize : 15 <-- 0.035843 s
currentSize : 16 <-- 0.065648 s
currentSize : 17 <-- 0.594045 s
currentSize : 18 <-- 14.768502 s

TIMEOUT
maxsize : 18
nodes : 194798727.000000
filtered : 4122134123.000000
time : 1000.000000
