Parameters: GAD=1 vflib=1 dir=0 label=0 lowerbound=1 fileNameGp=../../cp2016-max-common-connected-subgraph-paper/datasets/graphsdb/mcs50/m4D/m4Dr4/mcs50_m4Dr4_s40.A02 fileNameGt=../../cp2016-max-common-connected-subgraph-paper/datasets/graphsdb/mcs50/m4D/m4Dr4/mcs50_m4Dr4_s40.B02
Reading graphs...
40 :  86
40 :  82
Initializing...
maxdom : 40
D->valSize : 1600
Solving...
currentSize : 15 <-- 0.061359 s
currentSize : 16 <-- 0.061391 s
currentSize : 19 <-- 0.061423 s
currentSize : 21 <-- 0.061935 s
currentSize : 22 <-- 0.067887 s
currentSize : 23 <-- 0.130914 s
currentSize : 24 <-- 1.570130 s
currentSize : 25 <-- 4.529474 s
currentSize : 26 <-- 797.969849 s

TIMEOUT
maxsize : 26
nodes : 188143537.000000
filtered : 3938314907.000000
time : 1000.000061
