Parameters: GAD=1 vflib=1 dir=0 label=0 lowerbound=1 fileNameGp=../../cp2016-max-common-connected-subgraph-paper/datasets/graphsdb/mcs50/m4D/m4D/mcs50_m4D_s35.A05 fileNameGt=../../cp2016-max-common-connected-subgraph-paper/datasets/graphsdb/mcs50/m4D/m4D/mcs50_m4D_s35.B05
Reading graphs...
35 :  63
35 :  63
Initializing...
maxdom : 35
D->valSize : 1225
Solving...
currentSize : 15 <-- 0.036030 s
currentSize : 16 <-- 0.038637 s
currentSize : 17 <-- 0.043733 s
currentSize : 18 <-- 0.119900 s
currentSize : 19 <-- 0.288465 s
currentSize : 21 <-- 0.828911 s
currentSize : 22 <-- 0.836870 s
currentSize : 23 <-- 5.581958 s
currentSize : 24 <-- 33.091396 s

maxsize : 24
nodes : 56038405.000000
filtered : 1300389154.000000
time : 296.108246
