Parameters: GAD=1 vflib=1 dir=0 label=0 lowerbound=1 fileNameGp=../../cp2016-max-common-connected-subgraph-paper/datasets/graphsdb/mcs50/bvg/b03/mcs50_b03_s50.A08 fileNameGt=../../cp2016-max-common-connected-subgraph-paper/datasets/graphsdb/mcs50/bvg/b03/mcs50_b03_s50.B08
Reading graphs...
50 :  74
50 :  75
Initializing...
maxdom : 50
D->valSize : 2500
Solving...
currentSize : 20 <-- 0.097443 s
currentSize : 21 <-- 0.097536 s
currentSize : 23 <-- 0.097709 s
currentSize : 25 <-- 0.112691 s
currentSize : 26 <-- 0.115894 s
currentSize : 27 <-- 0.116545 s
currentSize : 28 <-- 0.135960 s
currentSize : 29 <-- 6.288489 s

TIMEOUT
maxsize : 29
nodes : 263426235.000000
filtered : 2138047840.000000
time : 1000.000000
