Parameters: GAD=1 vflib=1 dir=0 label=0 lowerbound=1 fileNameGp=../../cp2016-max-common-connected-subgraph-paper/datasets/graphsdb/mcs50/bvg/b06m/mcs50_b06m_s35.A06 fileNameGt=../../cp2016-max-common-connected-subgraph-paper/datasets/graphsdb/mcs50/bvg/b06m/mcs50_b06m_s35.B06
Reading graphs...
35 :  101
35 :  101
Initializing...
maxdom : 35
D->valSize : 1225
Solving...
currentSize : 15 <-- 0.019653 s
currentSize : 16 <-- 0.020341 s
currentSize : 17 <-- 0.021873 s
currentSize : 18 <-- 0.026278 s
currentSize : 19 <-- 0.027093 s
currentSize : 20 <-- 25.878321 s
currentSize : 21 <-- 50.548515 s

TIMEOUT
maxsize : 21
nodes : 172901674.000000
filtered : 4824443462.000000
time : 1000.000000
