Parameters: GAD=1 vflib=1 dir=0 label=0 lowerbound=1 fileNameGp=../../cp2016-max-common-connected-subgraph-paper/datasets/graphsdb/mcs50/m3D/m3Dr2/mcs50_m3Dr2_s50.A00 fileNameGt=../../cp2016-max-common-connected-subgraph-paper/datasets/graphsdb/mcs50/m3D/m3Dr2/mcs50_m3Dr2_s50.B00
Reading graphs...
50 :  118
50 :  117
Initializing...
maxdom : 50
D->valSize : 2500
Solving...
currentSize : 18 <-- 0.117736 s
currentSize : 19 <-- 0.117844 s
currentSize : 20 <-- 0.117953 s
currentSize : 21 <-- 0.118049 s
currentSize : 22 <-- 0.118907 s
currentSize : 23 <-- 0.158952 s
currentSize : 24 <-- 0.162890 s
currentSize : 25 <-- 0.162923 s
currentSize : 26 <-- 0.530304 s
currentSize : 27 <-- 0.704985 s
currentSize : 28 <-- 13.493620 s
currentSize : 29 <-- 108.136169 s

TIMEOUT
maxsize : 29
nodes : 167779636.000000
filtered : 3540104879.000000
time : 1000.000061
