Parameters: GAD=1 vflib=1 dir=0 label=0 lowerbound=1 fileNameGp=../../cp2016-max-common-connected-subgraph-paper/datasets/graphsdb/mcs50/bvg/b03/mcs50_b03_s30.A02 fileNameGt=../../cp2016-max-common-connected-subgraph-paper/datasets/graphsdb/mcs50/bvg/b03/mcs50_b03_s30.B02
Reading graphs...
30 :  45
30 :  45
Initializing...
maxdom : 30
D->valSize : 900
Solving...
currentSize : 15 <-- 0.011166 s
currentSize : 18 <-- 0.011235 s
currentSize : 19 <-- 0.178980 s
currentSize : 20 <-- 1.511145 s
currentSize : 21 <-- 5.599877 s
currentSize : 22 <-- 65.956215 s

maxsize : 22
nodes : 16371928.000000
filtered : 314953921.000000
time : 75.782051
