Parameters: GAD=1 vflib=1 dir=0 label=0 lowerbound=1 fileNameGp=../../cp2016-max-common-connected-subgraph-paper/datasets/graphsdb/mcs50/bvg/b06m/mcs50_b06m_s30.A04 fileNameGt=../../cp2016-max-common-connected-subgraph-paper/datasets/graphsdb/mcs50/bvg/b06m/mcs50_b06m_s30.B04
Reading graphs...
30 :  86
30 :  88
Initializing...
maxdom : 30
D->valSize : 900
Solving...
currentSize : 14 <-- 0.010169 s
currentSize : 15 <-- 0.012036 s
currentSize : 16 <-- 0.069807 s
currentSize : 17 <-- 0.117924 s
currentSize : 18 <-- 15.737481 s
currentSize : 19 <-- 76.892128 s

maxsize : 19
nodes : 18732322.000000
filtered : 416558489.000000
time : 91.222702
