Parameters: GAD=1 vflib=1 dir=0 label=0 lowerbound=1 fileNameGp=../../cp2016-max-common-connected-subgraph-paper/datasets/graphsdb/mcs50/bvg/b03m/mcs50_b03m_s35.A08 fileNameGt=../../cp2016-max-common-connected-subgraph-paper/datasets/graphsdb/mcs50/bvg/b03m/mcs50_b03m_s35.B08
Reading graphs...
35 :  51
35 :  52
Initializing...
maxdom : 35
D->valSize : 1225
Solving...
currentSize : 13 <-- 0.020941 s
currentSize : 14 <-- 0.021060 s
currentSize : 15 <-- 0.021522 s
currentSize : 16 <-- 0.021816 s
currentSize : 17 <-- 0.040309 s
currentSize : 18 <-- 0.043731 s
currentSize : 19 <-- 0.098935 s
currentSize : 20 <-- 0.977817 s
currentSize : 21 <-- 2.346432 s
currentSize : 22 <-- 7.808851 s
currentSize : 23 <-- 25.747343 s
currentSize : 24 <-- 255.321655 s
currentSize : 25 <-- 339.712982 s

maxsize : 25
nodes : 190062215.000000
filtered : 3492972386.000000
time : 932.393555
