Parameters: GAD=1 vflib=1 dir=0 label=0 lowerbound=1 fileNameGp=../../cp2016-max-common-connected-subgraph-paper/datasets/graphsdb/mcs50/m3D/m3Dr6/mcs50_m3Dr6_s50.A04 fileNameGt=../../cp2016-max-common-connected-subgraph-paper/datasets/graphsdb/mcs50/m3D/m3Dr6/mcs50_m3Dr6_s50.B04
Reading graphs...
50 :  138
50 :  134
Initializing...
maxdom : 50
D->valSize : 2500
Solving...
currentSize : 19 <-- 0.112762 s
currentSize : 20 <-- 0.114919 s
currentSize : 21 <-- 0.121407 s
currentSize : 22 <-- 0.130771 s
currentSize : 23 <-- 0.289082 s
currentSize : 24 <-- 2.231093 s
currentSize : 25 <-- 21.694775 s
currentSize : 26 <-- 49.378124 s
currentSize : 27 <-- 149.315018 s

TIMEOUT
maxsize : 27
nodes : 178458545.000000
filtered : 3479824502.000000
time : 1000.000000
