Parameters: GAD=1 vflib=1 dir=0 label=0 lowerbound=1 fileNameGp=../../cp2016-max-common-connected-subgraph-paper/datasets/graphsdb/mcs50/m2D/m2Dr6/mcs50_m2Dr6_s50.A03 fileNameGt=../../cp2016-max-common-connected-subgraph-paper/datasets/graphsdb/mcs50/m2D/m2Dr6/mcs50_m2Dr6_s50.B03
Reading graphs...
50 :  112
50 :  112
Initializing...
maxdom : 50
D->valSize : 2500
Solving...
currentSize : 15 <-- 0.115368 s
currentSize : 16 <-- 0.115405 s
currentSize : 17 <-- 0.115505 s
currentSize : 18 <-- 0.116276 s
currentSize : 19 <-- 0.118990 s
currentSize : 20 <-- 0.143990 s
currentSize : 21 <-- 0.326166 s
currentSize : 22 <-- 0.460477 s
currentSize : 23 <-- 0.460635 s
currentSize : 24 <-- 0.460873 s
currentSize : 25 <-- 0.926432 s
currentSize : 26 <-- 5.955978 s
currentSize : 27 <-- 8.554668 s
currentSize : 28 <-- 571.031677 s

TIMEOUT
maxsize : 28
nodes : 202939007.000000
filtered : 2931327445.000000
time : 1000.000000
