Parameters: GAD=1 vflib=1 dir=0 label=0 lowerbound=1 fileNameGp=../../cp2016-max-common-connected-subgraph-paper/datasets/graphsdb/mcs50/m2D/m2Dr4/mcs50_m2Dr4_s30.A02 fileNameGt=../../cp2016-max-common-connected-subgraph-paper/datasets/graphsdb/mcs50/m2D/m2Dr4/mcs50_m2Dr4_s30.B02
Reading graphs...
30 :  60
30 :  60
Initializing...
maxdom : 30
D->valSize : 900
Solving...
currentSize : 15 <-- 0.010819 s
currentSize : 16 <-- 0.011017 s
currentSize : 17 <-- 0.317857 s
currentSize : 18 <-- 0.317864 s
currentSize : 19 <-- 35.026653 s
currentSize : 20 <-- 122.757568 s

maxsize : 20
nodes : 34347567.000000
filtered : 613214657.000000
time : 150.485764
