Parameters: GAD=1 vflib=1 dir=0 label=0 lowerbound=1 fileNameGp=../../cp2016-max-common-connected-subgraph-paper/datasets/graphsdb/mcs50/m4D/m4Dr2/mcs50_m4Dr2_s35.A04 fileNameGt=../../cp2016-max-common-connected-subgraph-paper/datasets/graphsdb/mcs50/m4D/m4Dr2/mcs50_m4Dr2_s35.B04
Reading graphs...
35 :  70
35 :  70
Initializing...
maxdom : 35
D->valSize : 1225
Solving...
currentSize : 8 <-- 0.020204 s
currentSize : 15 <-- 0.021332 s
currentSize : 16 <-- 0.026236 s
currentSize : 17 <-- 0.955752 s
currentSize : 18 <-- 1.006113 s
currentSize : 19 <-- 2.795009 s
currentSize : 20 <-- 2.796196 s
currentSize : 21 <-- 2.855410 s
currentSize : 22 <-- 8.131506 s
currentSize : 23 <-- 29.851046 s

maxsize : 23
nodes : 127315709.000000
filtered : 3070522712.000000
time : 701.174133
