Parameters: GAD=1 vflib=1 dir=0 label=0 lowerbound=1 fileNameGp=../../cp2016-max-common-connected-subgraph-paper/datasets/graphsdb/mcs50/m4D/m4Dr6/mcs50_m4Dr6_s40.A02 fileNameGt=../../cp2016-max-common-connected-subgraph-paper/datasets/graphsdb/mcs50/m4D/m4Dr6/mcs50_m4Dr6_s40.B02
Reading graphs...
40 :  95
40 :  92
Initializing...
maxdom : 40
D->valSize : 1600
Solving...
currentSize : 17 <-- 0.034736 s
currentSize : 19 <-- 0.034807 s
currentSize : 20 <-- 0.034814 s
currentSize : 21 <-- 0.035580 s
currentSize : 22 <-- 0.062623 s
currentSize : 23 <-- 5.552168 s
currentSize : 24 <-- 101.968552 s
currentSize : 25 <-- 184.132599 s

TIMEOUT
maxsize : 25
nodes : 176860781.000000
filtered : 4137369974.000000
time : 1000.000000
