Parameters: GAD=1 vflib=1 dir=0 label=0 lowerbound=1 fileNameGp=../../cp2016-max-common-connected-subgraph-paper/datasets/graphsdb/mcs50/bvg/b03/mcs50_b03_s35.A07 fileNameGt=../../cp2016-max-common-connected-subgraph-paper/datasets/graphsdb/mcs50/bvg/b03/mcs50_b03_s35.B07
Reading graphs...
35 :  52
35 :  52
Initializing...
maxdom : 35
D->valSize : 1225
Solving...
currentSize : 14 <-- 0.021050 s
currentSize : 17 <-- 0.021149 s
currentSize : 18 <-- 0.023075 s
currentSize : 21 <-- 0.032576 s
currentSize : 22 <-- 1.495432 s
currentSize : 23 <-- 30.357693 s
currentSize : 24 <-- 229.427338 s
currentSize : 25 <-- 255.250748 s

maxsize : 25
nodes : 120925144.000000
filtered : 2423895649.000000
time : 612.196838
