Parameters: GAD=1 vflib=1 dir=0 label=0 lowerbound=1 fileNameGp=../../cp2016-max-common-connected-subgraph-paper/datasets/graphsdb/mcs50/bvg/b09/mcs50_b09_s25.A06 fileNameGt=../../cp2016-max-common-connected-subgraph-paper/datasets/graphsdb/mcs50/bvg/b09/mcs50_b09_s25.B06
Reading graphs...
25 :  109
25 :  108
Initializing...
maxdom : 25
D->valSize : 625
Solving...
currentSize : 10 <-- 0.004397 s
currentSize : 11 <-- 0.004411 s
currentSize : 12 <-- 0.007284 s
currentSize : 13 <-- 0.034424 s
currentSize : 14 <-- 0.131116 s
currentSize : 15 <-- 4.037744 s

maxsize : 15
nodes : 1266074.000000
filtered : 23600645.000000
time : 5.415319
