Parameters: GAD=1 vflib=1 dir=0 label=0 lowerbound=1 fileNameGp=../../cp2016-max-common-connected-subgraph-paper/datasets/graphsdb/mcs50/m4D/m4Dr4/mcs50_m4Dr4_s40.A03 fileNameGt=../../cp2016-max-common-connected-subgraph-paper/datasets/graphsdb/mcs50/m4D/m4Dr4/mcs50_m4Dr4_s40.B03
Reading graphs...
40 :  85
40 :  83
Initializing...
maxdom : 40
D->valSize : 1600
Solving...
currentSize : 15 <-- 0.035037 s
currentSize : 16 <-- 0.035058 s
currentSize : 18 <-- 0.035070 s
currentSize : 19 <-- 0.035233 s
currentSize : 20 <-- 0.035258 s
currentSize : 21 <-- 0.039212 s
currentSize : 22 <-- 0.060075 s
currentSize : 23 <-- 2.308535 s
currentSize : 24 <-- 23.238741 s
currentSize : 25 <-- 48.647224 s
currentSize : 26 <-- 474.509888 s

TIMEOUT
maxsize : 26
nodes : 173989879.000000
filtered : 4159020961.000000
time : 1000.000000
