Parameters: GAD=1 vflib=1 dir=0 label=0 lowerbound=1 fileNameGp=../../cp2016-max-common-connected-subgraph-paper/datasets/graphsdb/mcs50/m4D/m4Dr4/mcs50_m4Dr4_s35.A08 fileNameGt=../../cp2016-max-common-connected-subgraph-paper/datasets/graphsdb/mcs50/m4D/m4Dr4/mcs50_m4Dr4_s35.B08
Reading graphs...
35 :  74
35 :  75
Initializing...
maxdom : 35
D->valSize : 1225
Solving...
currentSize : 15 <-- 0.036097 s
currentSize : 16 <-- 0.036124 s
currentSize : 17 <-- 0.036176 s
currentSize : 19 <-- 0.041617 s
currentSize : 20 <-- 0.045893 s
currentSize : 21 <-- 1.108688 s
currentSize : 22 <-- 1.112474 s
currentSize : 23 <-- 52.564148 s

maxsize : 23
nodes : 119782369.000000
filtered : 3352010558.000000
time : 682.917053
