Parameters: GAD=1 vflib=1 dir=0 label=0 lowerbound=1 fileNameGp=../../cp2016-max-common-connected-subgraph-paper/datasets/graphsdb/mcs50/rand/r01/mcs50_r01_s25.A01 fileNameGt=../../cp2016-max-common-connected-subgraph-paper/datasets/graphsdb/mcs50/rand/r01/mcs50_r01_s25.B01
Reading graphs...
25 :  57
25 :  55
Initializing...
maxdom : 25
D->valSize : 625
Solving...
currentSize : 10 <-- 0.004936 s
currentSize : 11 <-- 0.004954 s
currentSize : 12 <-- 0.005198 s
currentSize : 13 <-- 0.005758 s
currentSize : 14 <-- 0.006130 s
currentSize : 15 <-- 0.006198 s
currentSize : 16 <-- 0.342821 s

maxsize : 16
nodes : 2441899.000000
filtered : 45860820.000000
time : 9.991103
