Parameters: GAD=1 vflib=1 dir=0 label=0 lowerbound=1 fileNameGp=../../cp2016-max-common-connected-subgraph-paper/datasets/graphsdb/mcs50/m4D/m4Dr2/mcs50_m4Dr2_s30.A01 fileNameGt=../../cp2016-max-common-connected-subgraph-paper/datasets/graphsdb/mcs50/m4D/m4Dr2/mcs50_m4Dr2_s30.B01
Reading graphs...
30 :  60
30 :  59
Initializing...
maxdom : 30
D->valSize : 900
Solving...
currentSize : 11 <-- 0.010660 s
currentSize : 14 <-- 0.010690 s
currentSize : 15 <-- 0.011222 s
currentSize : 16 <-- 0.018898 s
currentSize : 17 <-- 0.035427 s
currentSize : 18 <-- 0.668690 s
currentSize : 19 <-- 5.082428 s
currentSize : 20 <-- 5.082647 s
currentSize : 21 <-- 14.713407 s

maxsize : 21
nodes : 6238606.000000
filtered : 149764154.000000
time : 30.777590
