Parameters: GAD=1 vflib=1 dir=0 label=0 lowerbound=1 fileNameGp=../../cp2016-max-common-connected-subgraph-paper/datasets/graphsdb/mcs50/m4D/m4D/mcs50_m4D_s30.A06 fileNameGt=../../cp2016-max-common-connected-subgraph-paper/datasets/graphsdb/mcs50/m4D/m4D/mcs50_m4D_s30.B06
Reading graphs...
30 :  55
30 :  55
Initializing...
maxdom : 30
D->valSize : 900
Solving...
currentSize : 8 <-- 0.017594 s
currentSize : 9 <-- 0.017726 s
currentSize : 10 <-- 0.017742 s
currentSize : 12 <-- 0.017790 s
currentSize : 13 <-- 0.017803 s
currentSize : 14 <-- 0.017838 s
currentSize : 15 <-- 0.132814 s
currentSize : 16 <-- 0.729033 s
currentSize : 17 <-- 2.282174 s
currentSize : 18 <-- 2.291449 s
currentSize : 19 <-- 2.584290 s
currentSize : 20 <-- 3.464225 s
currentSize : 21 <-- 9.332492 s

maxsize : 21
nodes : 5140416.000000
filtered : 96198096.000000
time : 22.740503
