Parameters: GAD=1 vflib=1 dir=0 label=0 lowerbound=1 fileNameGp=../../cp2016-max-common-connected-subgraph-paper/datasets/graphsdb/mcs50/m3D/m3Dr2/mcs50_m3Dr2_s50.A05 fileNameGt=../../cp2016-max-common-connected-subgraph-paper/datasets/graphsdb/mcs50/m3D/m3Dr2/mcs50_m3Dr2_s50.B05
Reading graphs...
50 :  119
50 :  118
Initializing...
maxdom : 50
D->valSize : 2500
Solving...
currentSize : 21 <-- 0.121851 s
currentSize : 22 <-- 0.122336 s
currentSize : 23 <-- 0.126263 s
currentSize : 24 <-- 0.131580 s
currentSize : 25 <-- 0.133028 s
currentSize : 26 <-- 0.133717 s
currentSize : 27 <-- 0.165750 s
currentSize : 28 <-- 0.462059 s
currentSize : 29 <-- 17.745869 s
currentSize : 30 <-- 21.682964 s

TIMEOUT
maxsize : 30
nodes : 159842897.000000
filtered : 3626603508.000000
time : 1000.000061
