Parameters: GAD=1 vflib=1 dir=0 label=0 lowerbound=1 fileNameGp=../../cp2016-max-common-connected-subgraph-paper/datasets/graphsdb/mcs50/m2D/m2Dr6/mcs50_m2Dr6_s50.A00 fileNameGt=../../cp2016-max-common-connected-subgraph-paper/datasets/graphsdb/mcs50/m2D/m2Dr6/mcs50_m2Dr6_s50.B00
Reading graphs...
50 :  113
50 :  111
Initializing...
maxdom : 50
D->valSize : 2500
Solving...
currentSize : 23 <-- 0.093511 s
currentSize : 24 <-- 0.093542 s
currentSize : 25 <-- 0.095498 s
currentSize : 26 <-- 0.150791 s
currentSize : 27 <-- 8.458734 s
currentSize : 28 <-- 26.296984 s
currentSize : 29 <-- 90.043106 s

TIMEOUT
maxsize : 29
nodes : 162632186.000000
filtered : 3243577132.000000
time : 1000.000061
