Parameters: GAD=1 vflib=1 dir=0 label=0 lowerbound=1 fileNameGp=../../cp2016-max-common-connected-subgraph-paper/datasets/graphsdb/mcs50/bvg/b03m/mcs50_b03m_s40.A08 fileNameGt=../../cp2016-max-common-connected-subgraph-paper/datasets/graphsdb/mcs50/bvg/b03m/mcs50_b03m_s40.B08
Reading graphs...
40 :  59
40 :  60
Initializing...
maxdom : 40
D->valSize : 1600
Solving...
currentSize : 14 <-- 0.036375 s
currentSize : 22 <-- 0.036592 s
currentSize : 23 <-- 0.046322 s
currentSize : 24 <-- 0.049158 s
currentSize : 25 <-- 0.257066 s
currentSize : 26 <-- 0.260867 s
currentSize : 27 <-- 235.628448 s
currentSize : 28 <-- 504.311371 s
currentSize : 29 <-- 504.311432 s

TIMEOUT
maxsize : 29
nodes : 184830473.000000
filtered : 3492232309.000000
time : 1000.000061
