Parameters: GAD=1 vflib=1 dir=0 label=0 lowerbound=1 fileNameGp=../../cp2016-max-common-connected-subgraph-paper/datasets/graphsdb/mcs50/bvg/b09m/mcs50_b09m_s40.A02 fileNameGt=../../cp2016-max-common-connected-subgraph-paper/datasets/graphsdb/mcs50/bvg/b09m/mcs50_b09m_s40.B02
Reading graphs...
40 :  169
40 :  170
Initializing...
maxdom : 40
D->valSize : 1600
Solving...
currentSize : 11 <-- 0.031675 s
currentSize : 13 <-- 0.031696 s
currentSize : 14 <-- 0.031768 s
currentSize : 15 <-- 0.031988 s
currentSize : 16 <-- 0.032165 s
currentSize : 17 <-- 0.035591 s
currentSize : 18 <-- 0.900565 s
currentSize : 19 <-- 20.334600 s
currentSize : 20 <-- 267.683594 s

TIMEOUT
maxsize : 20
nodes : 181413999.000000
filtered : 3833158187.000000
time : 1000.000000
