Parameters: GAD=1 vflib=1 dir=0 label=0 lowerbound=1 fileNameGp=../../cp2016-max-common-connected-subgraph-paper/datasets/graphsdb/mcs50/m4D/m4Dr6/mcs50_m4Dr6_s35.A08 fileNameGt=../../cp2016-max-common-connected-subgraph-paper/datasets/graphsdb/mcs50/m4D/m4Dr6/mcs50_m4Dr6_s35.B08
Reading graphs...
35 :  83
35 :  81
Initializing...
maxdom : 35
D->valSize : 1225
Solving...
currentSize : 14 <-- 0.034527 s
currentSize : 15 <-- 0.034550 s
currentSize : 16 <-- 0.034645 s
currentSize : 17 <-- 0.102125 s
currentSize : 18 <-- 4.641736 s
currentSize : 19 <-- 8.969550 s
currentSize : 20 <-- 73.567680 s
currentSize : 21 <-- 121.522018 s
currentSize : 22 <-- 430.544769 s

TIMEOUT
maxsize : 22
nodes : 197335436.000000
filtered : 4195543445.000000
time : 1000.000000
