Parameters: GAD=1 vflib=1 dir=0 label=0 lowerbound=1 fileNameGp=../../cp2016-max-common-connected-subgraph-paper/datasets/graphsdb/mcs50/m2D/m2Dr6/mcs50_m2Dr6_s50.A07 fileNameGt=../../cp2016-max-common-connected-subgraph-paper/datasets/graphsdb/mcs50/m2D/m2Dr6/mcs50_m2Dr6_s50.B07
Reading graphs...
50 :  114
50 :  110
Initializing...
maxdom : 50
D->valSize : 2500
Solving...
currentSize : 18 <-- 0.094203 s
currentSize : 20 <-- 0.094279 s
currentSize : 22 <-- 0.094377 s
currentSize : 23 <-- 0.094436 s
currentSize : 24 <-- 0.096444 s
currentSize : 25 <-- 0.096488 s
currentSize : 26 <-- 2.149016 s
currentSize : 27 <-- 3.425530 s
currentSize : 28 <-- 3.745591 s
currentSize : 29 <-- 121.444550 s
currentSize : 30 <-- 135.446320 s

TIMEOUT
maxsize : 30
nodes : 157048675.000000
filtered : 4154667938.000000
time : 1000.000061
