Parameters: GAD=1 vflib=1 dir=0 label=0 lowerbound=1 fileNameGp=../../cp2016-max-common-connected-subgraph-paper/datasets/graphsdb/mcs50/bvg/b03m/mcs50_b03m_s50.A04 fileNameGt=../../cp2016-max-common-connected-subgraph-paper/datasets/graphsdb/mcs50/bvg/b03m/mcs50_b03m_s50.B04
Reading graphs...
50 :  74
50 :  73
Initializing...
maxdom : 50
D->valSize : 2500
Solving...
currentSize : 22 <-- 0.098100 s
currentSize : 23 <-- 0.098259 s
currentSize : 24 <-- 0.098302 s
currentSize : 25 <-- 0.455088 s
currentSize : 26 <-- 1.520708 s
currentSize : 27 <-- 1.581176 s
currentSize : 28 <-- 1.581431 s
currentSize : 29 <-- 10.786293 s
currentSize : 30 <-- 14.068872 s
currentSize : 31 <-- 828.725098 s

TIMEOUT
maxsize : 31
nodes : 203596008.000000
filtered : 2316369230.000000
time : 1000.000061
