Parameters: GAD=1 vflib=1 dir=0 label=0 lowerbound=1 fileNameGp=../../cp2016-max-common-connected-subgraph-paper/datasets/graphsdb/mcs50/m2D/m2Dr6/mcs50_m2Dr6_s50.A04 fileNameGt=../../cp2016-max-common-connected-subgraph-paper/datasets/graphsdb/mcs50/m2D/m2Dr6/mcs50_m2Dr6_s50.B04
Reading graphs...
50 :  112
50 :  112
Initializing...
maxdom : 50
D->valSize : 2500
Solving...
currentSize : 18 <-- 0.094263 s
currentSize : 20 <-- 0.094328 s
currentSize : 22 <-- 0.096594 s
currentSize : 23 <-- 0.115624 s
currentSize : 24 <-- 0.283694 s
currentSize : 25 <-- 0.305568 s
currentSize : 26 <-- 5.784448 s
currentSize : 27 <-- 6.111624 s
currentSize : 28 <-- 14.488389 s
currentSize : 29 <-- 65.109657 s
currentSize : 30 <-- 839.738220 s

TIMEOUT
maxsize : 30
nodes : 168136348.000000
filtered : 3390487470.000000
time : 1000.000000
