Parameters: GAD=1 vflib=1 dir=0 label=0 lowerbound=1 fileNameGp=../../cp2016-max-common-connected-subgraph-paper/datasets/graphsdb/mcs50/bvg/b09/mcs50_b09_s35.A06 fileNameGt=../../cp2016-max-common-connected-subgraph-paper/datasets/graphsdb/mcs50/bvg/b09/mcs50_b09_s35.B06
Reading graphs...
35 :  152
35 :  154
Initializing...
maxdom : 35
D->valSize : 1225
Solving...
currentSize : 14 <-- 0.031536 s
currentSize : 15 <-- 0.031843 s
currentSize : 16 <-- 0.057553 s
currentSize : 17 <-- 0.060258 s
currentSize : 18 <-- 22.327360 s
currentSize : 19 <-- 27.884159 s

maxsize : 19
nodes : 169115928.000000
filtered : 4634188665.000000
time : 951.512451
