Parameters: GAD=1 vflib=1 dir=0 label=0 lowerbound=1 fileNameGp=../../cp2016-max-common-connected-subgraph-paper/datasets/graphsdb/mcs50/m2D/m2Dr2/mcs50_m2Dr2_s50.A03 fileNameGt=../../cp2016-max-common-connected-subgraph-paper/datasets/graphsdb/mcs50/m2D/m2Dr2/mcs50_m2Dr2_s50.B03
Reading graphs...
50 :  93
50 :  93
Initializing...
maxdom : 50
D->valSize : 2500
Solving...
currentSize : 18 <-- 0.117280 s
currentSize : 19 <-- 0.117394 s
currentSize : 20 <-- 0.117696 s
currentSize : 24 <-- 0.117782 s
currentSize : 25 <-- 0.117832 s
currentSize : 26 <-- 0.117844 s
currentSize : 27 <-- 0.124921 s
currentSize : 28 <-- 0.320156 s
currentSize : 29 <-- 1.804058 s
currentSize : 30 <-- 26.795963 s
currentSize : 31 <-- 41.200035 s
currentSize : 32 <-- 806.946350 s

TIMEOUT
maxsize : 32
nodes : 192840752.000000
filtered : 3180943143.000000
time : 1000.000061
