Parameters: GAD=1 vflib=1 dir=0 label=0 lowerbound=1 fileNameGp=../../cp2016-max-common-connected-subgraph-paper/datasets/graphsdb/mcs50/m2D/m2D/mcs50_m2D_s40.A05 fileNameGt=../../cp2016-max-common-connected-subgraph-paper/datasets/graphsdb/mcs50/m2D/m2D/mcs50_m2D_s40.B05
Reading graphs...
40 :  67
40 :  65
Initializing...
maxdom : 40
D->valSize : 1600
Solving...
currentSize : 14 <-- 0.036124 s
currentSize : 16 <-- 0.036161 s
currentSize : 17 <-- 0.036195 s
currentSize : 18 <-- 0.037121 s
currentSize : 19 <-- 0.039057 s
currentSize : 20 <-- 0.041890 s
currentSize : 21 <-- 0.042489 s
currentSize : 22 <-- 0.142392 s
currentSize : 23 <-- 0.260650 s
currentSize : 24 <-- 0.260668 s
currentSize : 25 <-- 25.635551 s
currentSize : 26 <-- 37.700005 s
currentSize : 27 <-- 108.321495 s

TIMEOUT
maxsize : 27
nodes : 186941752.000000
filtered : 3720928093.000000
time : 1000.000061
