Parameters: GAD=1 vflib=1 dir=0 label=0 lowerbound=1 fileNameGp=../../cp2016-max-common-connected-subgraph-paper/datasets/graphsdb/mcs50/m4D/m4Dr4/mcs50_m4Dr4_s30.A03 fileNameGt=../../cp2016-max-common-connected-subgraph-paper/datasets/graphsdb/mcs50/m4D/m4Dr4/mcs50_m4Dr4_s30.B03
Reading graphs...
30 :  65
30 :  65
Initializing...
maxdom : 30
D->valSize : 900
Solving...
currentSize : 12 <-- 0.010487 s
currentSize : 13 <-- 0.010539 s
currentSize : 14 <-- 0.010715 s
currentSize : 15 <-- 0.017942 s
currentSize : 16 <-- 0.038991 s
currentSize : 17 <-- 0.039150 s
currentSize : 18 <-- 0.615520 s
currentSize : 19 <-- 4.259135 s

maxsize : 19
nodes : 32757129.000000
filtered : 681780747.000000
time : 153.538147
