Parameters: GAD=1 vflib=1 dir=0 label=0 lowerbound=1 fileNameGp=../../cp2016-max-common-connected-subgraph-paper/datasets/graphsdb/mcs50/m4D/m4Dr2/mcs50_m4Dr2_s30.A09 fileNameGt=../../cp2016-max-common-connected-subgraph-paper/datasets/graphsdb/mcs50/m4D/m4Dr2/mcs50_m4Dr2_s30.B09
Reading graphs...
30 :  60
30 :  60
Initializing...
maxdom : 30
D->valSize : 900
Solving...
currentSize : 15 <-- 0.018701 s
currentSize : 16 <-- 0.022904 s
currentSize : 17 <-- 0.052881 s
currentSize : 18 <-- 0.052899 s
currentSize : 19 <-- 0.060142 s
currentSize : 20 <-- 0.063428 s
currentSize : 21 <-- 3.108346 s

maxsize : 21
nodes : 3113341.000000
filtered : 83571505.000000
time : 16.560966
