Parameters: GAD=1 vflib=1 dir=0 label=0 lowerbound=1 fileNameGp=../../cp2016-max-common-connected-subgraph-paper/datasets/graphsdb/mcs50/rand/r005/mcs50_r005_s40.A05 fileNameGt=../../cp2016-max-common-connected-subgraph-paper/datasets/graphsdb/mcs50/rand/r005/mcs50_r005_s40.B05
Reading graphs...
40 :  78
40 :  77
Initializing...
maxdom : 40
D->valSize : 1600
Solving...
currentSize : 15 <-- 0.056730 s
currentSize : 16 <-- 0.056764 s
currentSize : 17 <-- 0.056818 s
currentSize : 18 <-- 0.061832 s
currentSize : 19 <-- 0.080023 s
currentSize : 20 <-- 0.240977 s
currentSize : 21 <-- 44.819996 s
currentSize : 22 <-- 121.625862 s
currentSize : 23 <-- 514.360962 s

TIMEOUT
maxsize : 23
nodes : 253156146.000000
filtered : 3303004666.000000
time : 1000.000061
