Parameters: GAD=1 vflib=1 dir=0 label=0 lowerbound=1 fileNameGp=../../cp2016-max-common-connected-subgraph-paper/datasets/graphsdb/mcs50/m4D/m4Dr2/mcs50_m4Dr2_s30.A00 fileNameGt=../../cp2016-max-common-connected-subgraph-paper/datasets/graphsdb/mcs50/m4D/m4Dr2/mcs50_m4Dr2_s30.B00
Reading graphs...
30 :  60
30 :  60
Initializing...
maxdom : 30
D->valSize : 900
Solving...
currentSize : 13 <-- 0.010875 s
currentSize : 14 <-- 0.011169 s
currentSize : 15 <-- 0.011188 s
currentSize : 16 <-- 0.032272 s
currentSize : 17 <-- 0.131973 s
currentSize : 18 <-- 0.139189 s
currentSize : 19 <-- 0.188360 s
currentSize : 20 <-- 7.730741 s
currentSize : 21 <-- 9.011229 s

maxsize : 21
nodes : 6901789.000000
filtered : 163343403.000000
time : 34.890167
