Parameters: GAD=1 vflib=1 dir=0 label=0 lowerbound=1 fileNameGp=../../cp2016-max-common-connected-subgraph-paper/datasets/graphsdb/mcs50/bvg/b06m/mcs50_b06m_s30.A07 fileNameGt=../../cp2016-max-common-connected-subgraph-paper/datasets/graphsdb/mcs50/bvg/b06m/mcs50_b06m_s30.B07
Reading graphs...
30 :  85
30 :  86
Initializing...
maxdom : 30
D->valSize : 900
Solving...
currentSize : 12 <-- 0.011162 s
currentSize : 13 <-- 0.011479 s
currentSize : 14 <-- 0.013323 s
currentSize : 15 <-- 0.013547 s
currentSize : 16 <-- 0.014808 s
currentSize : 17 <-- 0.241682 s
currentSize : 18 <-- 1.274320 s
currentSize : 19 <-- 51.956406 s

maxsize : 19
nodes : 16151642.000000
filtered : 370662440.000000
time : 79.490707
