Parameters: GAD=1 vflib=1 dir=0 label=0 lowerbound=1 fileNameGp=../../cp2016-max-common-connected-subgraph-paper/datasets/graphsdb/mcs50/m2D/m2Dr4/mcs50_m2Dr4_s40.A02 fileNameGt=../../cp2016-max-common-connected-subgraph-paper/datasets/graphsdb/mcs50/m2D/m2Dr4/mcs50_m2Dr4_s40.B02
Reading graphs...
40 :  81
40 :  81
Initializing...
maxdom : 40
D->valSize : 1600
Solving...
currentSize : 19 <-- 0.061732 s
currentSize : 20 <-- 0.061763 s
currentSize : 21 <-- 0.068815 s
currentSize : 22 <-- 5.972203 s
currentSize : 23 <-- 16.792393 s
currentSize : 24 <-- 17.536741 s
currentSize : 25 <-- 103.339127 s
currentSize : 26 <-- 786.811890 s

TIMEOUT
maxsize : 26
nodes : 190353352.000000
filtered : 3751399308.000000
time : 1000.000061
