Parameters: GAD=1 vflib=1 dir=0 label=0 lowerbound=1 fileNameGp=../../cp2016-max-common-connected-subgraph-paper/datasets/graphsdb/mcs50/m4D/m4D/mcs50_m4D_s40.A01 fileNameGt=../../cp2016-max-common-connected-subgraph-paper/datasets/graphsdb/mcs50/m4D/m4D/mcs50_m4D_s40.B01
Reading graphs...
40 :  71
40 :  69
Initializing...
maxdom : 40
D->valSize : 1600
Solving...
currentSize : 17 <-- 0.036473 s
currentSize : 18 <-- 0.036509 s
currentSize : 19 <-- 0.037115 s
currentSize : 20 <-- 0.040397 s
currentSize : 21 <-- 2.181375 s
currentSize : 22 <-- 13.909121 s
currentSize : 23 <-- 35.315807 s
currentSize : 24 <-- 54.183224 s
currentSize : 25 <-- 62.494255 s
currentSize : 26 <-- 132.906143 s
currentSize : 27 <-- 376.708069 s
currentSize : 28 <-- 376.710449 s

TIMEOUT
maxsize : 28
nodes : 175121544.000000
filtered : 3995630602.000000
time : 1000.000061
