Parameters: GAD=1 vflib=1 dir=0 label=0 lowerbound=1 fileNameGp=../../cp2016-max-common-connected-subgraph-paper/datasets/graphsdb/mcs50/rand/r01/mcs50_r01_s40.A03 fileNameGt=../../cp2016-max-common-connected-subgraph-paper/datasets/graphsdb/mcs50/rand/r01/mcs50_r01_s40.B03
Reading graphs...
40 :  148
40 :  149
Initializing...
maxdom : 40
D->valSize : 1600
Solving...
currentSize : 14 <-- 0.032352 s
currentSize : 16 <-- 0.034235 s
currentSize : 17 <-- 0.034590 s
currentSize : 18 <-- 0.082288 s
currentSize : 19 <-- 1.277391 s
currentSize : 20 <-- 4.428340 s
currentSize : 21 <-- 313.315613 s

TIMEOUT
maxsize : 21
nodes : 185812099.000000
filtered : 3829700180.000000
time : 1000.000061
