Parameters: GAD=1 vflib=1 dir=0 label=0 lowerbound=1 fileNameGp=../../cp2016-max-common-connected-subgraph-paper/datasets/graphsdb/mcs50/m2D/m2Dr4/mcs50_m2Dr4_s30.A03 fileNameGt=../../cp2016-max-common-connected-subgraph-paper/datasets/graphsdb/mcs50/m2D/m2Dr4/mcs50_m2Dr4_s30.B03
Reading graphs...
30 :  59
30 :  57
Initializing...
maxdom : 30
D->valSize : 900
Solving...
currentSize : 12 <-- 0.010835 s
currentSize : 14 <-- 0.010876 s
currentSize : 15 <-- 0.010890 s
currentSize : 16 <-- 0.012853 s
currentSize : 17 <-- 0.031553 s
currentSize : 18 <-- 0.031697 s
currentSize : 19 <-- 0.567622 s
currentSize : 20 <-- 8.634550 s

maxsize : 20
nodes : 27131762.000000
filtered : 583719123.000000
time : 127.689980
