Parameters: GAD=1 vflib=1 dir=0 label=0 lowerbound=1 fileNameGp=../../cp2016-max-common-connected-subgraph-paper/datasets/graphsdb/mcs50/rand/r01/mcs50_r01_s25.A06 fileNameGt=../../cp2016-max-common-connected-subgraph-paper/datasets/graphsdb/mcs50/rand/r01/mcs50_r01_s25.B06
Reading graphs...
25 :  57
25 :  57
Initializing...
maxdom : 25
D->valSize : 625
Solving...
currentSize : 9 <-- 0.004872 s
currentSize : 10 <-- 0.004894 s
currentSize : 12 <-- 0.004929 s
currentSize : 13 <-- 0.005318 s
currentSize : 14 <-- 0.267711 s
currentSize : 15 <-- 0.625938 s
currentSize : 16 <-- 1.147622 s

maxsize : 16
nodes : 3343213.000000
filtered : 54695816.000000
time : 12.999976
