Parameters: GAD=1 vflib=1 dir=0 label=0 lowerbound=1 fileNameGp=../../cp2016-max-common-connected-subgraph-paper/datasets/graphsdb/mcs50/rand/r005/mcs50_r005_s25.A02 fileNameGt=../../cp2016-max-common-connected-subgraph-paper/datasets/graphsdb/mcs50/rand/r005/mcs50_r005_s25.B02
Reading graphs...
25 :  35
25 :  35
Initializing...
maxdom : 25
D->valSize : 625
Solving...
currentSize : 13 <-- 0.005252 s
currentSize : 14 <-- 0.005508 s
currentSize : 15 <-- 0.005518 s
currentSize : 16 <-- 0.034180 s
currentSize : 17 <-- 0.091848 s
currentSize : 18 <-- 0.274041 s

maxsize : 18
nodes : 772481.000000
filtered : 12299177.000000
time : 3.022577
