Parameters: GAD=1 vflib=1 dir=0 label=0 lowerbound=1 fileNameGp=../../cp2016-max-common-connected-subgraph-paper/datasets/graphsdb/mcs50/bvg/b09/mcs50_b09_s40.A09 fileNameGt=../../cp2016-max-common-connected-subgraph-paper/datasets/graphsdb/mcs50/bvg/b09/mcs50_b09_s40.B09
Reading graphs...
40 :  175
40 :  178
Initializing...
maxdom : 40
D->valSize : 1600
Solving...
currentSize : 13 <-- 0.050544 s
currentSize : 14 <-- 0.050626 s
currentSize : 17 <-- 0.051462 s
currentSize : 18 <-- 0.078141 s
currentSize : 19 <-- 0.150534 s
currentSize : 20 <-- 331.589081 s
currentSize : 21 <-- 470.839417 s
currentSize : 22 <-- 640.132874 s

TIMEOUT
maxsize : 22
nodes : 168846163.000000
filtered : 4506258081.000000
time : 1000.000061
