Parameters: GAD=1 vflib=1 dir=0 label=0 lowerbound=1 fileNameGp=../../cp2016-max-common-connected-subgraph-paper/datasets/graphsdb/mcs50/bvg/b09/mcs50_b09_s35.A04 fileNameGt=../../cp2016-max-common-connected-subgraph-paper/datasets/graphsdb/mcs50/bvg/b09/mcs50_b09_s35.B04
Reading graphs...
35 :  151
35 :  154
Initializing...
maxdom : 35
D->valSize : 1225
Solving...
currentSize : 11 <-- 0.031366 s
currentSize : 13 <-- 0.031440 s
currentSize : 14 <-- 0.031734 s
currentSize : 15 <-- 0.034281 s
currentSize : 16 <-- 1.235483 s
currentSize : 17 <-- 5.859270 s
currentSize : 18 <-- 75.261902 s

TIMEOUT
maxsize : 18
nodes : 195073327.000000
filtered : 3991790041.000000
time : 1000.000000
