Parameters: GAD=1 vflib=1 dir=0 label=0 lowerbound=1 fileNameGp=../../cp2016-max-common-connected-subgraph-paper/datasets/graphsdb/mcs50/m4D/m4D/mcs50_m4D_s35.A04 fileNameGt=../../cp2016-max-common-connected-subgraph-paper/datasets/graphsdb/mcs50/m4D/m4D/mcs50_m4D_s35.B04
Reading graphs...
35 :  63
35 :  63
Initializing...
maxdom : 35
D->valSize : 1225
Solving...
currentSize : 7 <-- 0.020320 s
currentSize : 15 <-- 0.020415 s
currentSize : 16 <-- 0.020598 s
currentSize : 17 <-- 0.021919 s
currentSize : 18 <-- 0.041476 s
currentSize : 19 <-- 0.227319 s
currentSize : 20 <-- 2.802680 s
currentSize : 21 <-- 6.582460 s
currentSize : 22 <-- 13.819329 s
currentSize : 23 <-- 20.643246 s
currentSize : 24 <-- 29.244013 s
currentSize : 25 <-- 72.070435 s

maxsize : 25
nodes : 35641531.000000
filtered : 879440174.000000
time : 197.065491
