Parameters: GAD=1 vflib=1 dir=0 label=0 lowerbound=1 fileNameGp=../../cp2016-max-common-connected-subgraph-paper/datasets/graphsdb/mcs50/m4D/m4D/mcs50_m4D_s35.A08 fileNameGt=../../cp2016-max-common-connected-subgraph-paper/datasets/graphsdb/mcs50/m4D/m4D/mcs50_m4D_s35.B08
Reading graphs...
35 :  62
35 :  63
Initializing...
maxdom : 35
D->valSize : 1225
Solving...
currentSize : 14 <-- 0.036258 s
currentSize : 15 <-- 0.036293 s
currentSize : 16 <-- 0.037230 s
currentSize : 17 <-- 0.037251 s
currentSize : 18 <-- 0.038459 s
currentSize : 19 <-- 0.059164 s
currentSize : 20 <-- 0.059407 s
currentSize : 21 <-- 0.120569 s
currentSize : 22 <-- 0.389202 s
currentSize : 23 <-- 0.401429 s
currentSize : 24 <-- 0.443114 s
currentSize : 25 <-- 0.826877 s

maxsize : 25
nodes : 27063386.000000
filtered : 753894684.000000
time : 162.852066
