Parameters: GAD=1 vflib=1 dir=0 label=0 lowerbound=1 fileNameGp=../../cp2016-max-common-connected-subgraph-paper/datasets/graphsdb/mcs50/bvg/b06/mcs50_b06_s35.A04 fileNameGt=../../cp2016-max-common-connected-subgraph-paper/datasets/graphsdb/mcs50/bvg/b06/mcs50_b06_s35.B04
Reading graphs...
35 :  104
35 :  105
Initializing...
maxdom : 35
D->valSize : 1225
Solving...
currentSize : 15 <-- 0.033233 s
currentSize : 16 <-- 0.037210 s
currentSize : 17 <-- 0.054266 s
currentSize : 18 <-- 0.069525 s
currentSize : 19 <-- 0.078918 s
currentSize : 20 <-- 0.945277 s
currentSize : 21 <-- 0.948915 s
currentSize : 22 <-- 2.832883 s

maxsize : 22
nodes : 97832374.000000
filtered : 3397324094.000000
time : 626.749146
