Parameters: GAD=1 vflib=1 dir=0 label=0 lowerbound=1 fileNameGp=../../cp2016-max-common-connected-subgraph-paper/datasets/graphsdb/mcs50/rand/r005/mcs50_r005_s40.A01 fileNameGt=../../cp2016-max-common-connected-subgraph-paper/datasets/graphsdb/mcs50/rand/r005/mcs50_r005_s40.B01
Reading graphs...
40 :  77
40 :  74
Initializing...
maxdom : 40
D->valSize : 1600
Solving...
currentSize : 18 <-- 0.035865 s
currentSize : 19 <-- 0.036060 s
currentSize : 20 <-- 0.037558 s
currentSize : 21 <-- 0.039164 s
currentSize : 22 <-- 0.519268 s
currentSize : 23 <-- 0.523225 s
currentSize : 24 <-- 0.540505 s

TIMEOUT
maxsize : 24
nodes : 207236526.000000
filtered : 3247319214.000000
time : 1000.000061
