Parameters: GAD=1 vflib=1 dir=0 label=0 lowerbound=1 fileNameGp=../../cp2016-max-common-connected-subgraph-paper/datasets/graphsdb/mcs50/bvg/b06/mcs50_b06_s25.A04 fileNameGt=../../cp2016-max-common-connected-subgraph-paper/datasets/graphsdb/mcs50/bvg/b06/mcs50_b06_s25.B04
Reading graphs...
25 :  72
25 :  75
Initializing...
maxdom : 25
D->valSize : 625
Solving...
currentSize : 7 <-- 0.004740 s
currentSize : 9 <-- 0.004772 s
currentSize : 10 <-- 0.004945 s
currentSize : 11 <-- 0.005797 s
currentSize : 12 <-- 0.010648 s
currentSize : 13 <-- 0.010978 s
currentSize : 14 <-- 0.094342 s
currentSize : 15 <-- 0.327213 s
currentSize : 16 <-- 7.970906 s

maxsize : 16
nodes : 2127331.000000
filtered : 41234045.000000
time : 9.087032
