Parameters: GAD=1 vflib=1 dir=0 label=0 lowerbound=1 fileNameGp=../../cp2016-max-common-connected-subgraph-paper/datasets/graphsdb/mcs50/m2D/m2Dr2/mcs50_m2Dr2_s40.A04 fileNameGt=../../cp2016-max-common-connected-subgraph-paper/datasets/graphsdb/mcs50/m2D/m2Dr2/mcs50_m2Dr2_s40.B04
Reading graphs...
40 :  75
40 :  74
Initializing...
maxdom : 40
D->valSize : 1600
Solving...
currentSize : 17 <-- 0.064874 s
currentSize : 18 <-- 0.070029 s
currentSize : 19 <-- 0.070148 s
currentSize : 21 <-- 0.195006 s
currentSize : 22 <-- 0.197432 s
currentSize : 23 <-- 0.286235 s
currentSize : 24 <-- 9.236992 s
currentSize : 25 <-- 165.572205 s
currentSize : 26 <-- 230.921814 s
currentSize : 27 <-- 757.378235 s

TIMEOUT
maxsize : 27
nodes : 181006458.000000
filtered : 3745600548.000000
time : 1000.000000
