Parameters: GAD=1 vflib=1 dir=0 label=0 lowerbound=1 fileNameGp=../../cp2016-max-common-connected-subgraph-paper/datasets/graphsdb/mcs50/rand/r005/mcs50_r005_s40.A08 fileNameGt=../../cp2016-max-common-connected-subgraph-paper/datasets/graphsdb/mcs50/rand/r005/mcs50_r005_s40.B08
Reading graphs...
40 :  78
40 :  76
Initializing...
maxdom : 40
D->valSize : 1600
Solving...
currentSize : 17 <-- 0.035670 s
currentSize : 20 <-- 0.035709 s
currentSize : 21 <-- 0.036198 s
currentSize : 22 <-- 0.038610 s
currentSize : 23 <-- 0.065661 s
currentSize : 24 <-- 8.992937 s
currentSize : 25 <-- 22.933661 s
currentSize : 26 <-- 30.171349 s

TIMEOUT
maxsize : 26
nodes : 171836630.000000
filtered : 3941920459.000000
time : 1000.000000
