Parameters: GAD=1 vflib=1 dir=0 label=0 lowerbound=1 fileNameGp=../../cp2016-max-common-connected-subgraph-paper/datasets/graphsdb/mcs50/bvg/b09m/mcs50_b09m_s35.A05 fileNameGt=../../cp2016-max-common-connected-subgraph-paper/datasets/graphsdb/mcs50/bvg/b09m/mcs50_b09m_s35.B05
Reading graphs...
35 :  150
35 :  151
Initializing...
maxdom : 35
D->valSize : 1225
Solving...
currentSize : 11 <-- 0.018091 s
currentSize : 12 <-- 0.018127 s
currentSize : 13 <-- 0.018247 s
currentSize : 14 <-- 0.018345 s
currentSize : 15 <-- 0.021208 s
currentSize : 16 <-- 0.340590 s
currentSize : 17 <-- 1.228333 s
currentSize : 18 <-- 132.919769 s

TIMEOUT
maxsize : 18
nodes : 196855108.000000
filtered : 3907003578.000000
time : 1000.000000
