Parameters: GAD=1 vflib=1 dir=0 label=0 lowerbound=1 fileNameGp=../../cp2016-max-common-connected-subgraph-paper/datasets/graphsdb/mcs50/bvg/b03/mcs50_b03_s40.A05 fileNameGt=../../cp2016-max-common-connected-subgraph-paper/datasets/graphsdb/mcs50/bvg/b03/mcs50_b03_s40.B05
Reading graphs...
40 :  60
40 :  60
Initializing...
maxdom : 40
D->valSize : 1600
Solving...
currentSize : 17 <-- 0.036633 s
currentSize : 18 <-- 0.036730 s
currentSize : 19 <-- 0.036823 s
currentSize : 20 <-- 0.037316 s
currentSize : 21 <-- 0.038266 s
currentSize : 22 <-- 0.085060 s
currentSize : 23 <-- 1.547845 s
currentSize : 24 <-- 2.298582 s
currentSize : 25 <-- 10.039044 s
currentSize : 26 <-- 28.648336 s
currentSize : 27 <-- 432.926270 s

TIMEOUT
maxsize : 27
nodes : 198888507.000000
filtered : 3671684006.000000
time : 1000.000061
