Parameters: GAD=1 vflib=1 dir=0 label=0 lowerbound=1 fileNameGp=../../cp2016-max-common-connected-subgraph-paper/datasets/graphsdb/mcs50/bvg/b06/mcs50_b06_s50.A06 fileNameGt=../../cp2016-max-common-connected-subgraph-paper/datasets/graphsdb/mcs50/bvg/b06/mcs50_b06_s50.B06
Reading graphs...
50 :  148
50 :  149
Initializing...
maxdom : 50
D->valSize : 2500
Solving...
currentSize : 20 <-- 0.090977 s
currentSize : 21 <-- 0.091024 s
currentSize : 22 <-- 0.091979 s
currentSize : 23 <-- 0.334676 s
currentSize : 24 <-- 2.382443 s
currentSize : 25 <-- 15.503040 s
currentSize : 26 <-- 35.508816 s
currentSize : 27 <-- 38.683567 s

TIMEOUT
maxsize : 27
nodes : 154749480.000000
filtered : 3872907539.000000
time : 1000.000061
