Parameters: GAD=1 vflib=1 dir=0 label=0 lowerbound=1 fileNameGp=../../cp2016-max-common-connected-subgraph-paper/datasets/graphsdb/mcs50/m3D/m3Dr2/mcs50_m3Dr2_s50.A08 fileNameGt=../../cp2016-max-common-connected-subgraph-paper/datasets/graphsdb/mcs50/m3D/m3Dr2/mcs50_m3Dr2_s50.B08
Reading graphs...
50 :  117
50 :  117
Initializing...
maxdom : 50
D->valSize : 2500
Solving...
currentSize : 16 <-- 0.093576 s
currentSize : 20 <-- 0.093620 s
currentSize : 21 <-- 0.093660 s
currentSize : 22 <-- 0.095049 s
currentSize : 23 <-- 0.105815 s
currentSize : 24 <-- 0.115763 s
currentSize : 26 <-- 0.318058 s
currentSize : 27 <-- 0.997426 s
currentSize : 28 <-- 12.353863 s
currentSize : 29 <-- 17.736755 s

TIMEOUT
maxsize : 29
nodes : 171584788.000000
filtered : 3618951865.000000
time : 1000.000061
