Parameters: GAD=1 vflib=1 dir=0 label=0 lowerbound=1 fileNameGp=../../cp2016-max-common-connected-subgraph-paper/datasets/graphsdb/mcs50/rand/r02/mcs50_r02_s30.A06 fileNameGt=../../cp2016-max-common-connected-subgraph-paper/datasets/graphsdb/mcs50/rand/r02/mcs50_r02_s30.B06
Reading graphs...
30 :  153
30 :  154
Initializing...
maxdom : 30
D->valSize : 900
Solving...
currentSize : 10 <-- 0.009455 s
currentSize : 11 <-- 0.009490 s
currentSize : 12 <-- 0.009775 s
currentSize : 13 <-- 0.010436 s
currentSize : 14 <-- 0.169531 s
currentSize : 15 <-- 112.914635 s

maxsize : 15
nodes : 82097484.000000
filtered : 1133397272.000000
time : 344.072662
