Parameters: GAD=1 vflib=1 dir=0 label=0 lowerbound=1 fileNameGp=../../cp2016-max-common-connected-subgraph-paper/datasets/graphsdb/mcs50/m2D/m2Dr2/mcs50_m2Dr2_s40.A00 fileNameGt=../../cp2016-max-common-connected-subgraph-paper/datasets/graphsdb/mcs50/m2D/m2Dr2/mcs50_m2Dr2_s40.B00
Reading graphs...
40 :  73
40 :  74
Initializing...
maxdom : 40
D->valSize : 1600
Solving...
currentSize : 19 <-- 0.057558 s
currentSize : 20 <-- 0.059628 s
currentSize : 21 <-- 0.164006 s
currentSize : 22 <-- 0.170632 s
currentSize : 23 <-- 3.370428 s
currentSize : 24 <-- 6.545473 s
currentSize : 25 <-- 328.318054 s

TIMEOUT
maxsize : 25
nodes : 222739201.000000
filtered : 3218019465.000000
time : 1000.000000
