Parameters: GAD=1 vflib=1 dir=0 label=0 lowerbound=1 fileNameGp=../../cp2016-max-common-connected-subgraph-paper/datasets/graphsdb/mcs50/m3D/m3Dr4/mcs50_m3Dr4_s50.A08 fileNameGt=../../cp2016-max-common-connected-subgraph-paper/datasets/graphsdb/mcs50/m3D/m3Dr4/mcs50_m3Dr4_s50.B08
Reading graphs...
50 :  129
50 :  128
Initializing...
maxdom : 50
D->valSize : 2500
Solving...
currentSize : 20 <-- 0.092363 s
currentSize : 23 <-- 0.092397 s
currentSize : 24 <-- 0.092889 s
currentSize : 25 <-- 0.093914 s
currentSize : 26 <-- 0.117566 s
currentSize : 27 <-- 0.254379 s
currentSize : 28 <-- 13.645582 s

TIMEOUT
maxsize : 28
nodes : 166375306.000000
filtered : 3393168389.000000
time : 1000.000061
