Parameters: GAD=1 vflib=1 dir=0 label=0 lowerbound=1 fileNameGp=../../cp2016-max-common-connected-subgraph-paper/datasets/graphsdb/mcs50/rand/r01/mcs50_r01_s30.A09 fileNameGt=../../cp2016-max-common-connected-subgraph-paper/datasets/graphsdb/mcs50/rand/r01/mcs50_r01_s30.B09
Reading graphs...
30 :  84
30 :  82
Initializing...
maxdom : 30
D->valSize : 900
Solving...
currentSize : 13 <-- 0.010131 s
currentSize : 14 <-- 0.010890 s
currentSize : 15 <-- 0.011181 s
currentSize : 16 <-- 0.011436 s
currentSize : 17 <-- 0.502882 s
currentSize : 18 <-- 2.646377 s
currentSize : 19 <-- 130.407928 s

maxsize : 19
nodes : 36509618.000000
filtered : 765055115.000000
time : 171.736389
