Parameters: GAD=1 vflib=1 dir=0 label=0 lowerbound=1 fileNameGp=../../cp2016-max-common-connected-subgraph-paper/datasets/graphsdb/mcs50/m2D/m2Dr4/mcs50_m2Dr4_s30.A09 fileNameGt=../../cp2016-max-common-connected-subgraph-paper/datasets/graphsdb/mcs50/m2D/m2Dr4/mcs50_m2Dr4_s30.B09
Reading graphs...
30 :  61
30 :  61
Initializing...
maxdom : 30
D->valSize : 900
Solving...
currentSize : 11 <-- 0.010811 s
currentSize : 12 <-- 0.010840 s
currentSize : 14 <-- 0.010864 s
currentSize : 15 <-- 0.010941 s
currentSize : 16 <-- 0.012951 s
currentSize : 17 <-- 0.071031 s
currentSize : 18 <-- 0.100650 s
currentSize : 19 <-- 0.500193 s
currentSize : 20 <-- 1.030710 s
currentSize : 21 <-- 10.341753 s

maxsize : 21
nodes : 7791190.000000
filtered : 194857238.000000
time : 39.634251
