Parameters: GAD=1 vflib=1 dir=0 label=0 lowerbound=1 fileNameGp=../../cp2016-max-common-connected-subgraph-paper/datasets/graphsdb/mcs50/m4D/m4Dr2/mcs50_m4Dr2_s35.A05 fileNameGt=../../cp2016-max-common-connected-subgraph-paper/datasets/graphsdb/mcs50/m4D/m4Dr2/mcs50_m4Dr2_s35.B05
Reading graphs...
35 :  68
35 :  69
Initializing...
maxdom : 35
D->valSize : 1225
Solving...
currentSize : 18 <-- 0.020376 s
currentSize : 19 <-- 0.020402 s
currentSize : 20 <-- 0.020475 s
currentSize : 21 <-- 0.020521 s
currentSize : 23 <-- 0.150441 s
currentSize : 24 <-- 320.393829 s

maxsize : 24
nodes : 106971561.000000
filtered : 2547755804.000000
time : 573.863342
