Parameters: GAD=1 vflib=1 dir=0 label=0 lowerbound=1 fileNameGp=../../cp2016-max-common-connected-subgraph-paper/datasets/graphsdb/mcs50/m2D/m2Dr2/mcs50_m2Dr2_s40.A05 fileNameGt=../../cp2016-max-common-connected-subgraph-paper/datasets/graphsdb/mcs50/m2D/m2Dr2/mcs50_m2Dr2_s40.B05
Reading graphs...
40 :  75
40 :  72
Initializing...
maxdom : 40
D->valSize : 1600
Solving...
currentSize : 17 <-- 0.035795 s
currentSize : 20 <-- 0.035839 s
currentSize : 21 <-- 0.036820 s
currentSize : 22 <-- 0.041140 s
currentSize : 23 <-- 0.041290 s
currentSize : 24 <-- 0.041359 s
currentSize : 25 <-- 0.628061 s
currentSize : 26 <-- 0.659845 s
currentSize : 27 <-- 900.956726 s

TIMEOUT
maxsize : 27
nodes : 174976876.000000
filtered : 4117719772.000000
time : 1000.000000
