Parameters: GAD=1 vflib=1 dir=0 label=0 lowerbound=1 fileNameGp=../../cp2016-max-common-connected-subgraph-paper/datasets/graphsdb/mcs50/bvg/b03/mcs50_b03_s30.A06 fileNameGt=../../cp2016-max-common-connected-subgraph-paper/datasets/graphsdb/mcs50/bvg/b03/mcs50_b03_s30.B06
Reading graphs...
30 :  45
30 :  45
Initializing...
maxdom : 30
D->valSize : 900
Solving...
currentSize : 13 <-- 0.011196 s
currentSize : 15 <-- 0.011260 s
currentSize : 18 <-- 0.011282 s
currentSize : 19 <-- 0.011853 s
currentSize : 20 <-- 0.899282 s
currentSize : 21 <-- 1.793973 s
currentSize : 22 <-- 2.357205 s

maxsize : 22
nodes : 4560810.000000
filtered : 95441225.000000
time : 22.110998
