Parameters: GAD=1 vflib=1 dir=0 label=0 lowerbound=1 fileNameGp=../../cp2016-max-common-connected-subgraph-paper/datasets/graphsdb/mcs50/bvg/b03m/mcs50_b03m_s25.A03 fileNameGt=../../cp2016-max-common-connected-subgraph-paper/datasets/graphsdb/mcs50/bvg/b03m/mcs50_b03m_s25.B03
Reading graphs...
25 :  37
25 :  37
Initializing...
maxdom : 25
D->valSize : 625
Solving...
currentSize : 11 <-- 0.009262 s
currentSize : 12 <-- 0.009471 s
currentSize : 13 <-- 0.009484 s
currentSize : 14 <-- 0.009511 s
currentSize : 15 <-- 0.020736 s
currentSize : 16 <-- 0.020847 s
currentSize : 17 <-- 0.020875 s
currentSize : 18 <-- 2.319712 s

maxsize : 18
nodes : 1138950.000000
filtered : 15486624.000000
time : 4.304893
