Parameters: GAD=1 vflib=1 dir=0 label=0 lowerbound=1 fileNameGp=../../cp2016-max-common-connected-subgraph-paper/datasets/graphsdb/mcs50/m4D/m4Dr4/mcs50_m4Dr4_s40.A04 fileNameGt=../../cp2016-max-common-connected-subgraph-paper/datasets/graphsdb/mcs50/m4D/m4Dr4/mcs50_m4Dr4_s40.B04
Reading graphs...
40 :  86
40 :  84
Initializing...
maxdom : 40
D->valSize : 1600
Solving...
currentSize : 15 <-- 0.035161 s
currentSize : 16 <-- 0.035222 s
currentSize : 18 <-- 0.037650 s
currentSize : 19 <-- 0.110932 s
currentSize : 20 <-- 0.465839 s
currentSize : 21 <-- 0.811902 s
currentSize : 22 <-- 1.735272 s
currentSize : 23 <-- 1.794071 s
currentSize : 24 <-- 11.064777 s
currentSize : 25 <-- 56.139706 s

TIMEOUT
maxsize : 25
nodes : 175921885.000000
filtered : 4240137962.000000
time : 1000.000000
