Parameters: GAD=1 vflib=1 dir=0 label=0 lowerbound=1 fileNameGp=../../cp2016-max-common-connected-subgraph-paper/datasets/graphsdb/mcs50/m3D/m3D/mcs50_m3D_s50.A08 fileNameGt=../../cp2016-max-common-connected-subgraph-paper/datasets/graphsdb/mcs50/m3D/m3D/mcs50_m3D_s50.B08
Reading graphs...
50 :  109
50 :  109
Initializing...
maxdom : 50
D->valSize : 2500
Solving...
currentSize : 21 <-- 0.094101 s
currentSize : 23 <-- 0.094139 s
currentSize : 24 <-- 0.095544 s
currentSize : 25 <-- 0.180700 s
currentSize : 27 <-- 0.370155 s
currentSize : 28 <-- 0.375502 s
currentSize : 29 <-- 0.634974 s
currentSize : 30 <-- 2.038737 s
currentSize : 31 <-- 2.721130 s
currentSize : 32 <-- 437.779510 s

TIMEOUT
maxsize : 32
nodes : 144451790.000000
filtered : 3885157376.000000
time : 1000.000061
