Parameters: GAD=1 vflib=1 dir=0 label=0 lowerbound=1 fileNameGp=../../cp2016-max-common-connected-subgraph-paper/datasets/graphsdb/mcs50/rand/r01/mcs50_r01_s35.A06 fileNameGt=../../cp2016-max-common-connected-subgraph-paper/datasets/graphsdb/mcs50/rand/r01/mcs50_r01_s35.B06
Reading graphs...
35 :  112
35 :  110
Initializing...
maxdom : 35
D->valSize : 1225
Solving...
currentSize : 12 <-- 0.018850 s
currentSize : 14 <-- 0.018922 s
currentSize : 15 <-- 0.019091 s
currentSize : 16 <-- 0.020135 s
currentSize : 17 <-- 0.050077 s
currentSize : 18 <-- 0.083401 s
currentSize : 19 <-- 0.524835 s
currentSize : 20 <-- 109.107590 s

TIMEOUT
maxsize : 20
nodes : 188122867.000000
filtered : 4367037430.000000
time : 1000.000000
