Parameters: GAD=1 vflib=1 dir=0 label=0 lowerbound=1 fileNameGp=../../cp2016-max-common-connected-subgraph-paper/datasets/graphsdb/mcs50/m2D/m2Dr2/mcs50_m2Dr2_s50.A02 fileNameGt=../../cp2016-max-common-connected-subgraph-paper/datasets/graphsdb/mcs50/m2D/m2Dr2/mcs50_m2Dr2_s50.B02
Reading graphs...
50 :  92
50 :  93
Initializing...
maxdom : 50
D->valSize : 2500
Solving...
currentSize : 21 <-- 0.096025 s
currentSize : 23 <-- 0.096054 s
currentSize : 24 <-- 0.096143 s
currentSize : 26 <-- 0.096523 s
currentSize : 27 <-- 0.102032 s
currentSize : 28 <-- 0.111845 s
currentSize : 29 <-- 0.115560 s
currentSize : 30 <-- 11.170180 s
currentSize : 31 <-- 28.355320 s
currentSize : 32 <-- 37.927116 s

TIMEOUT
maxsize : 32
nodes : 148979314.000000
filtered : 3760986750.000000
time : 1000.000061
