Parameters: GAD=1 vflib=1 dir=0 label=0 lowerbound=1 fileNameGp=../../cp2016-max-common-connected-subgraph-paper/datasets/graphsdb/mcs50/bvg/b09m/mcs50_b09m_s30.A01 fileNameGt=../../cp2016-max-common-connected-subgraph-paper/datasets/graphsdb/mcs50/bvg/b09m/mcs50_b09m_s30.B01
Reading graphs...
30 :  128
30 :  128
Initializing...
maxdom : 30
D->valSize : 900
Solving...
currentSize : 11 <-- 0.009712 s
currentSize : 12 <-- 0.009805 s
currentSize : 13 <-- 0.010145 s
currentSize : 14 <-- 0.010429 s
currentSize : 15 <-- 0.207520 s
currentSize : 16 <-- 306.373718 s

maxsize : 16
nodes : 78732204.000000
filtered : 1181743765.000000
time : 329.868164
