Parameters: GAD=1 vflib=1 dir=0 label=0 lowerbound=1 fileNameGp=../../cp2016-max-common-connected-subgraph-paper/datasets/graphsdb/mcs50/m4D/m4Dr4/mcs50_m4Dr4_s40.A00 fileNameGt=../../cp2016-max-common-connected-subgraph-paper/datasets/graphsdb/mcs50/m4D/m4Dr4/mcs50_m4Dr4_s40.B00
Reading graphs...
40 :  86
40 :  85
Initializing...
maxdom : 40
D->valSize : 1600
Solving...
currentSize : 14 <-- 0.060757 s
currentSize : 15 <-- 0.060885 s
currentSize : 17 <-- 0.060922 s
currentSize : 18 <-- 0.061049 s
currentSize : 19 <-- 0.108130 s
currentSize : 20 <-- 0.277741 s
currentSize : 21 <-- 1.773418 s
currentSize : 22 <-- 8.605419 s
currentSize : 23 <-- 20.667360 s
currentSize : 24 <-- 93.787842 s
currentSize : 25 <-- 183.805450 s
currentSize : 26 <-- 799.527100 s

TIMEOUT
maxsize : 26
nodes : 183341735.000000
filtered : 3948132777.000000
time : 1000.000000
