Parameters: GAD=1 vflib=1 dir=0 label=0 lowerbound=1 fileNameGp=../../cp2016-max-common-connected-subgraph-paper/datasets/graphsdb/mcs50/m4D/m4Dr6/mcs50_m4Dr6_s35.A02 fileNameGt=../../cp2016-max-common-connected-subgraph-paper/datasets/graphsdb/mcs50/m4D/m4Dr6/mcs50_m4Dr6_s35.B02
Reading graphs...
35 :  82
35 :  79
Initializing...
maxdom : 35
D->valSize : 1225
Solving...
currentSize : 13 <-- 0.035256 s
currentSize : 14 <-- 0.035305 s
currentSize : 15 <-- 0.035440 s
currentSize : 16 <-- 0.038088 s
currentSize : 17 <-- 0.038542 s
currentSize : 18 <-- 0.083937 s
currentSize : 19 <-- 0.174767 s
currentSize : 20 <-- 0.255736 s
currentSize : 21 <-- 3.378443 s
currentSize : 22 <-- 39.865120 s
currentSize : 23 <-- 64.223000 s

maxsize : 23
nodes : 128304687.000000
filtered : 3836642677.000000
time : 753.357910
