Parameters: GAD=1 vflib=1 dir=0 label=0 lowerbound=1 fileNameGp=../../cp2016-max-common-connected-subgraph-paper/datasets/graphsdb/mcs50/rand/r01/mcs50_r01_s25.A08 fileNameGt=../../cp2016-max-common-connected-subgraph-paper/datasets/graphsdb/mcs50/rand/r01/mcs50_r01_s25.B08
Reading graphs...
25 :  56
25 :  55
Initializing...
maxdom : 25
D->valSize : 625
Solving...
currentSize : 10 <-- 0.008780 s
currentSize : 11 <-- 0.008864 s
currentSize : 12 <-- 0.009109 s
currentSize : 13 <-- 0.009545 s
currentSize : 14 <-- 0.052352 s
currentSize : 15 <-- 0.184248 s
currentSize : 16 <-- 0.617167 s

maxsize : 16
nodes : 2345609.000000
filtered : 43215591.000000
time : 9.618170
