Parameters: GAD=1 vflib=1 dir=0 label=0 lowerbound=1 fileNameGp=../../cp2016-max-common-connected-subgraph-paper/datasets/graphsdb/mcs50/m4D/m4D/mcs50_m4D_s35.A07 fileNameGt=../../cp2016-max-common-connected-subgraph-paper/datasets/graphsdb/mcs50/m4D/m4D/mcs50_m4D_s35.B07
Reading graphs...
35 :  63
35 :  62
Initializing...
maxdom : 35
D->valSize : 1225
Solving...
currentSize : 14 <-- 0.020512 s
currentSize : 15 <-- 0.020537 s
currentSize : 16 <-- 0.020782 s
currentSize : 17 <-- 0.021064 s
currentSize : 18 <-- 0.021139 s
currentSize : 19 <-- 0.021568 s
currentSize : 20 <-- 0.023303 s
currentSize : 21 <-- 0.399979 s
currentSize : 22 <-- 1.833900 s
currentSize : 23 <-- 3.882939 s
currentSize : 24 <-- 20.559933 s

maxsize : 24
nodes : 70141860.000000
filtered : 1780353348.000000
time : 381.672791
