Parameters: GAD=1 vflib=1 dir=0 label=0 lowerbound=1 fileNameGp=../../cp2016-max-common-connected-subgraph-paper/datasets/graphsdb/mcs50/rand/r02/mcs50_r02_s35.A07 fileNameGt=../../cp2016-max-common-connected-subgraph-paper/datasets/graphsdb/mcs50/rand/r02/mcs50_r02_s35.B07
Reading graphs...
35 :  218
35 :  214
Initializing...
maxdom : 35
D->valSize : 1225
Solving...
currentSize : 9 <-- 0.017424 s
currentSize : 10 <-- 0.017465 s
currentSize : 12 <-- 0.017585 s
currentSize : 13 <-- 0.018693 s
currentSize : 14 <-- 0.027108 s
currentSize : 15 <-- 25.411783 s
currentSize : 17 <-- 765.547180 s

TIMEOUT
maxsize : 17
nodes : 219014532.000000
filtered : 2971194927.000000
time : 1000.000000
