Parameters: GAD=1 vflib=1 dir=0 label=0 lowerbound=1 fileNameGp=../../cp2016-max-common-connected-subgraph-paper/datasets/graphsdb/mcs50/bvg/b06/mcs50_b06_s30.A02 fileNameGt=../../cp2016-max-common-connected-subgraph-paper/datasets/graphsdb/mcs50/bvg/b06/mcs50_b06_s30.B02
Reading graphs...
30 :  90
30 :  90
Initializing...
maxdom : 30
D->valSize : 900
Solving...
currentSize : 13 <-- 0.010053 s
currentSize : 14 <-- 0.010125 s
currentSize : 15 <-- 0.011165 s
currentSize : 16 <-- 0.011246 s
currentSize : 17 <-- 0.365860 s
currentSize : 18 <-- 2.230916 s
currentSize : 19 <-- 12.165031 s

maxsize : 19
nodes : 8066967.000000
filtered : 224688779.000000
time : 42.915951
