Parameters: GAD=1 vflib=1 dir=0 label=0 lowerbound=1 fileNameGp=../../cp2016-max-common-connected-subgraph-paper/datasets/graphsdb/mcs50/rand/r005/mcs50_r005_s25.A09 fileNameGt=../../cp2016-max-common-connected-subgraph-paper/datasets/graphsdb/mcs50/rand/r005/mcs50_r005_s25.B09
Reading graphs...
25 :  35
25 :  33
Initializing...
maxdom : 25
D->valSize : 625
Solving...
currentSize : 8 <-- 0.009126 s
currentSize : 10 <-- 0.009364 s
currentSize : 11 <-- 0.009426 s
currentSize : 14 <-- 0.013961 s
currentSize : 15 <-- 0.016172 s
currentSize : 16 <-- 0.091342 s
currentSize : 17 <-- 0.169170 s

maxsize : 17
nodes : 1431621.000000
filtered : 20280679.000000
time : 5.051055
