Parameters: GAD=1 vflib=1 dir=0 label=0 lowerbound=1 fileNameGp=../../cp2016-max-common-connected-subgraph-paper/datasets/graphsdb/mcs50/bvg/b03m/mcs50_b03m_s35.A04 fileNameGt=../../cp2016-max-common-connected-subgraph-paper/datasets/graphsdb/mcs50/bvg/b03m/mcs50_b03m_s35.B04
Reading graphs...
35 :  51
35 :  51
Initializing...
maxdom : 35
D->valSize : 1225
Solving...
currentSize : 15 <-- 0.021927 s
currentSize : 16 <-- 0.030249 s
currentSize : 17 <-- 0.043364 s
currentSize : 18 <-- 0.043392 s
currentSize : 19 <-- 0.108846 s
currentSize : 20 <-- 0.110178 s
currentSize : 21 <-- 0.464474 s
currentSize : 22 <-- 0.497677 s
currentSize : 23 <-- 21.056292 s
currentSize : 24 <-- 378.733826 s
currentSize : 25 <-- 378.735596 s

maxsize : 25
nodes : 187232633.000000
filtered : 3108340276.000000
time : 877.827820
