Parameters: GAD=1 vflib=1 dir=0 label=0 lowerbound=1 fileNameGp=../../cp2016-max-common-connected-subgraph-paper/datasets/graphsdb/mcs50/m3D/m3D/mcs50_m3D_s50.A05 fileNameGt=../../cp2016-max-common-connected-subgraph-paper/datasets/graphsdb/mcs50/m3D/m3D/mcs50_m3D_s50.B05
Reading graphs...
50 :  109
50 :  108
Initializing...
maxdom : 50
D->valSize : 2500
Solving...
currentSize : 24 <-- 0.094387 s
currentSize : 25 <-- 0.565939 s
currentSize : 26 <-- 0.634757 s
currentSize : 27 <-- 5.829817 s
currentSize : 28 <-- 15.223181 s
currentSize : 29 <-- 30.312740 s
currentSize : 30 <-- 84.220200 s
currentSize : 31 <-- 402.299957 s

TIMEOUT
maxsize : 31
nodes : 158103511.000000
filtered : 3900970606.000000
time : 1000.000061
