Parameters: GAD=1 vflib=1 dir=0 label=0 lowerbound=1 fileNameGp=../../cp2016-max-common-connected-subgraph-paper/datasets/graphsdb/mcs50/bvg/b03m/mcs50_b03m_s30.A01 fileNameGt=../../cp2016-max-common-connected-subgraph-paper/datasets/graphsdb/mcs50/bvg/b03m/mcs50_b03m_s30.B01
Reading graphs...
30 :  44
30 :  45
Initializing...
maxdom : 30
D->valSize : 900
Solving...
currentSize : 14 <-- 0.019214 s
currentSize : 15 <-- 0.019268 s
currentSize : 16 <-- 0.020792 s
currentSize : 17 <-- 0.021374 s
currentSize : 18 <-- 1.249137 s
currentSize : 19 <-- 4.984584 s
currentSize : 20 <-- 20.105858 s

maxsize : 20
nodes : 80101608.000000
filtered : 1031820326.000000
time : 315.908295
