Parameters: GAD=1 vflib=1 dir=0 label=0 lowerbound=1 fileNameGp=../../cp2016-max-common-connected-subgraph-paper/datasets/graphsdb/mcs50/bvg/b06m/mcs50_b06m_s30.A06 fileNameGt=../../cp2016-max-common-connected-subgraph-paper/datasets/graphsdb/mcs50/bvg/b06m/mcs50_b06m_s30.B06
Reading graphs...
30 :  87
30 :  86
Initializing...
maxdom : 30
D->valSize : 900
Solving...
currentSize : 13 <-- 0.010521 s
currentSize : 14 <-- 0.010558 s
currentSize : 15 <-- 0.011284 s
currentSize : 16 <-- 0.018380 s
currentSize : 17 <-- 1.184312 s
currentSize : 18 <-- 8.538534 s

maxsize : 18
nodes : 22853088.000000
filtered : 571759841.000000
time : 115.421623
