Parameters: GAD=1 vflib=1 dir=0 label=0 lowerbound=1 fileNameGp=../../cp2016-max-common-connected-subgraph-paper/datasets/graphsdb/mcs50/m4D/m4D/mcs50_m4D_s30.A02 fileNameGt=../../cp2016-max-common-connected-subgraph-paper/datasets/graphsdb/mcs50/m4D/m4D/mcs50_m4D_s30.B02
Reading graphs...
30 :  55
30 :  55
Initializing...
maxdom : 30
D->valSize : 900
Solving...
currentSize : 11 <-- 0.010955 s
currentSize : 12 <-- 0.011993 s
currentSize : 14 <-- 0.015374 s
currentSize : 15 <-- 0.016159 s
currentSize : 16 <-- 0.103458 s
currentSize : 17 <-- 0.347356 s
currentSize : 18 <-- 1.156917 s
currentSize : 19 <-- 1.293068 s
currentSize : 20 <-- 1.901839 s
currentSize : 21 <-- 2.187460 s
currentSize : 22 <-- 2.814211 s

maxsize : 22
nodes : 1959902.000000
filtered : 40421935.000000
time : 9.166075
