Parameters: GAD=1 vflib=1 dir=0 label=0 lowerbound=1 fileNameGp=../../cp2016-max-common-connected-subgraph-paper/datasets/graphsdb/mcs50/m2D/m2Dr6/mcs50_m2Dr6_s40.A06 fileNameGt=../../cp2016-max-common-connected-subgraph-paper/datasets/graphsdb/mcs50/m2D/m2Dr6/mcs50_m2Dr6_s40.B06
Reading graphs...
40 :  89
40 :  88
Initializing...
maxdom : 40
D->valSize : 1600
Solving...
currentSize : 19 <-- 0.035401 s
currentSize : 21 <-- 0.039104 s
currentSize : 22 <-- 0.281574 s
currentSize : 23 <-- 0.447297 s
currentSize : 24 <-- 6.953570 s
currentSize : 25 <-- 349.394775 s
currentSize : 26 <-- 878.093506 s

TIMEOUT
maxsize : 26
nodes : 184509678.000000
filtered : 4059964382.000000
time : 1000.000061
