Parameters: GAD=1 vflib=1 dir=0 label=0 lowerbound=1 fileNameGp=../../cp2016-max-common-connected-subgraph-paper/datasets/graphsdb/mcs50/bvg/b03/mcs50_b03_s35.A00 fileNameGt=../../cp2016-max-common-connected-subgraph-paper/datasets/graphsdb/mcs50/bvg/b03/mcs50_b03_s35.B00
Reading graphs...
35 :  51
35 :  52
Initializing...
maxdom : 35
D->valSize : 1225
Solving...
currentSize : 18 <-- 0.036895 s
currentSize : 19 <-- 0.036937 s
currentSize : 20 <-- 0.037910 s
currentSize : 21 <-- 0.099458 s
currentSize : 22 <-- 3.223906 s
currentSize : 23 <-- 3.224248 s
currentSize : 24 <-- 3.240921 s
currentSize : 25 <-- 261.928406 s
currentSize : 26 <-- 456.961884 s

maxsize : 26
nodes : 98674010.000000
filtered : 2107169899.000000
time : 512.904358
