Parameters: GAD=1 vflib=1 dir=0 label=0 lowerbound=1 fileNameGp=../../cp2016-max-common-connected-subgraph-paper/datasets/graphsdb/mcs50/rand/r02/mcs50_r02_s50.A02 fileNameGt=../../cp2016-max-common-connected-subgraph-paper/datasets/graphsdb/mcs50/rand/r02/mcs50_r02_s50.B02
Reading graphs...
50 :  430
50 :  440
Initializing...
maxdom : 50
D->valSize : 2500
Solving...
currentSize : 11 <-- 0.075513 s
currentSize : 12 <-- 0.075578 s
currentSize : 13 <-- 0.075690 s
currentSize : 14 <-- 0.075799 s
currentSize : 15 <-- 0.076794 s
currentSize : 16 <-- 0.736235 s
currentSize : 17 <-- 138.287552 s

TIMEOUT
maxsize : 17
nodes : 190243268.000000
filtered : 2131188211.000000
time : 1000.000061
