Parameters: GAD=1 vflib=1 dir=0 label=0 lowerbound=1 fileNameGp=../../cp2016-max-common-connected-subgraph-paper/datasets/graphsdb/mcs50/m2D/m2Dr6/mcs50_m2Dr6_s40.A04 fileNameGt=../../cp2016-max-common-connected-subgraph-paper/datasets/graphsdb/mcs50/m2D/m2Dr6/mcs50_m2Dr6_s40.B04
Reading graphs...
40 :  89
40 :  88
Initializing...
maxdom : 40
D->valSize : 1600
Solving...
currentSize : 18 <-- 0.035093 s
currentSize : 19 <-- 0.035189 s
currentSize : 20 <-- 0.035517 s
currentSize : 21 <-- 0.039148 s
currentSize : 22 <-- 0.194610 s
currentSize : 23 <-- 0.598283 s
currentSize : 24 <-- 5.928323 s
currentSize : 25 <-- 49.898628 s

TIMEOUT
maxsize : 25
nodes : 173896419.000000
filtered : 3968819317.000000
time : 1000.000000
