Parameters: GAD=1 vflib=1 dir=0 label=0 lowerbound=1 fileNameGp=../../cp2016-max-common-connected-subgraph-paper/datasets/graphsdb/mcs50/rand/r005/mcs50_r005_s40.A03 fileNameGt=../../cp2016-max-common-connected-subgraph-paper/datasets/graphsdb/mcs50/rand/r005/mcs50_r005_s40.B03
Reading graphs...
40 :  78
40 :  76
Initializing...
maxdom : 40
D->valSize : 1600
Solving...
currentSize : 17 <-- 0.035613 s
currentSize : 18 <-- 0.035636 s
currentSize : 19 <-- 0.036601 s
currentSize : 20 <-- 0.037037 s
currentSize : 21 <-- 0.326972 s
currentSize : 22 <-- 0.395430 s
currentSize : 23 <-- 0.395464 s
currentSize : 24 <-- 21.016151 s
currentSize : 25 <-- 168.386734 s
currentSize : 26 <-- 395.401703 s

TIMEOUT
maxsize : 26
nodes : 185187727.000000
filtered : 3914907483.000000
time : 1000.000000
