Parameters: GAD=1 vflib=1 dir=0 label=0 lowerbound=1 fileNameGp=../../cp2016-max-common-connected-subgraph-paper/datasets/graphsdb/mcs50/bvg/b03m/mcs50_b03m_s30.A08 fileNameGt=../../cp2016-max-common-connected-subgraph-paper/datasets/graphsdb/mcs50/bvg/b03m/mcs50_b03m_s30.B08
Reading graphs...
30 :  45
30 :  45
Initializing...
maxdom : 30
D->valSize : 900
Solving...
currentSize : 16 <-- 0.011079 s
currentSize : 17 <-- 0.021132 s
currentSize : 18 <-- 0.062818 s
currentSize : 19 <-- 0.539101 s
currentSize : 20 <-- 0.541889 s
currentSize : 21 <-- 4.216811 s
currentSize : 22 <-- 11.153330 s

maxsize : 22
nodes : 5469139.000000
filtered : 100827712.000000
time : 24.700027
