Parameters: GAD=1 vflib=1 dir=0 label=0 lowerbound=1 fileNameGp=../../cp2016-max-common-connected-subgraph-paper/datasets/graphsdb/mcs50/m2D/m2D/mcs50_m2D_s40.A02 fileNameGt=../../cp2016-max-common-connected-subgraph-paper/datasets/graphsdb/mcs50/m2D/m2D/mcs50_m2D_s40.B02
Reading graphs...
40 :  66
40 :  67
Initializing...
maxdom : 40
D->valSize : 1600
Solving...
currentSize : 18 <-- 0.036236 s
currentSize : 21 <-- 0.036283 s
currentSize : 22 <-- 0.036588 s
currentSize : 23 <-- 0.038692 s
currentSize : 24 <-- 2.024936 s
currentSize : 25 <-- 2.283622 s
currentSize : 26 <-- 2.284173 s

TIMEOUT
maxsize : 26
nodes : 203732379.000000
filtered : 3554487613.000000
time : 1000.000061
