Parameters: GAD=1 vflib=1 dir=0 label=0 lowerbound=1 fileNameGp=../../cp2016-max-common-connected-subgraph-paper/datasets/graphsdb/mcs50/bvg/b09m/mcs50_b09m_s30.A07 fileNameGt=../../cp2016-max-common-connected-subgraph-paper/datasets/graphsdb/mcs50/bvg/b09m/mcs50_b09m_s30.B07
Reading graphs...
30 :  125
30 :  124
Initializing...
maxdom : 30
D->valSize : 900
Solving...
currentSize : 11 <-- 0.016787 s
currentSize : 12 <-- 0.016841 s
currentSize : 13 <-- 0.017443 s
currentSize : 14 <-- 0.075706 s
currentSize : 15 <-- 0.182724 s
currentSize : 16 <-- 20.109301 s

maxsize : 16
nodes : 35417969.000000
filtered : 668289040.000000
time : 162.275085
