Parameters: GAD=1 vflib=1 dir=0 label=0 lowerbound=1 fileNameGp=../../cp2016-max-common-connected-subgraph-paper/datasets/graphsdb/mcs50/bvg/b03m/mcs50_b03m_s25.A08 fileNameGt=../../cp2016-max-common-connected-subgraph-paper/datasets/graphsdb/mcs50/bvg/b03m/mcs50_b03m_s25.B08
Reading graphs...
25 :  36
25 :  36
Initializing...
maxdom : 25
D->valSize : 625
Solving...
currentSize : 10 <-- 0.005215 s
currentSize : 13 <-- 0.005244 s
currentSize : 14 <-- 0.006160 s
currentSize : 15 <-- 0.008380 s
currentSize : 16 <-- 0.012309 s
currentSize : 17 <-- 0.055902 s
currentSize : 18 <-- 0.056058 s
currentSize : 19 <-- 0.108340 s

maxsize : 19
nodes : 210011.000000
filtered : 4634752.000000
time : 0.948796
