Parameters: GAD=1 vflib=1 dir=0 label=0 lowerbound=1 fileNameGp=../../cp2016-max-common-connected-subgraph-paper/datasets/graphsdb/mcs50/m2D/m2Dr2/mcs50_m2Dr2_s50.A09 fileNameGt=../../cp2016-max-common-connected-subgraph-paper/datasets/graphsdb/mcs50/m2D/m2Dr2/mcs50_m2Dr2_s50.B09
Reading graphs...
50 :  95
50 :  95
Initializing...
maxdom : 50
D->valSize : 2500
Solving...
currentSize : 20 <-- 0.095374 s
currentSize : 22 <-- 0.095486 s
currentSize : 23 <-- 0.096034 s
currentSize : 24 <-- 0.104280 s
currentSize : 25 <-- 0.108872 s
currentSize : 26 <-- 0.483200 s
currentSize : 27 <-- 1.975829 s
currentSize : 28 <-- 84.868637 s
currentSize : 29 <-- 273.368713 s
currentSize : 30 <-- 648.996216 s

TIMEOUT
maxsize : 30
nodes : 168522653.000000
filtered : 3049566339.000000
time : 1000.000061
