Parameters: GAD=1 vflib=1 dir=0 label=0 lowerbound=1 fileNameGp=../../cp2016-max-common-connected-subgraph-paper/datasets/graphsdb/mcs50/bvg/b03/mcs50_b03_s30.A01 fileNameGt=../../cp2016-max-common-connected-subgraph-paper/datasets/graphsdb/mcs50/bvg/b03/mcs50_b03_s30.B01
Reading graphs...
30 :  45
30 :  45
Initializing...
maxdom : 30
D->valSize : 900
Solving...
currentSize : 16 <-- 0.019633 s
currentSize : 17 <-- 0.020008 s
currentSize : 18 <-- 0.021693 s
currentSize : 19 <-- 0.048409 s
currentSize : 20 <-- 0.052670 s
currentSize : 21 <-- 6.040752 s

maxsize : 21
nodes : 17291899.000000
filtered : 322197641.000000
time : 76.373543
