Parameters: GAD=1 vflib=1 dir=0 label=0 lowerbound=1 fileNameGp=../../cp2016-max-common-connected-subgraph-paper/datasets/graphsdb/mcs50/m4D/m4Dr6/mcs50_m4Dr6_s30.A00 fileNameGt=../../cp2016-max-common-connected-subgraph-paper/datasets/graphsdb/mcs50/m4D/m4Dr6/mcs50_m4Dr6_s30.B00
Reading graphs...
30 :  71
30 :  68
Initializing...
maxdom : 30
D->valSize : 900
Solving...
currentSize : 9 <-- 0.010588 s
currentSize : 10 <-- 0.010611 s
currentSize : 11 <-- 0.010642 s
currentSize : 12 <-- 0.010808 s
currentSize : 13 <-- 0.011116 s
currentSize : 14 <-- 0.013884 s
currentSize : 15 <-- 0.037678 s
currentSize : 16 <-- 0.163499 s
currentSize : 17 <-- 0.193207 s
currentSize : 18 <-- 2.158944 s
currentSize : 19 <-- 2.498352 s
currentSize : 20 <-- 38.501541 s

maxsize : 20
nodes : 12951236.000000
filtered : 285545988.000000
time : 61.659367
