Parameters: GAD=1 vflib=1 dir=0 label=0 lowerbound=1 fileNameGp=../../cp2016-max-common-connected-subgraph-paper/datasets/graphsdb/mcs50/m4D/m4Dr4/mcs50_m4Dr4_s35.A00 fileNameGt=../../cp2016-max-common-connected-subgraph-paper/datasets/graphsdb/mcs50/m4D/m4Dr4/mcs50_m4Dr4_s35.B00
Reading graphs...
35 :  75
35 :  74
Initializing...
maxdom : 35
D->valSize : 1225
Solving...
currentSize : 15 <-- 0.020117 s
currentSize : 17 <-- 0.020193 s
currentSize : 18 <-- 0.083610 s
currentSize : 19 <-- 0.237097 s
currentSize : 20 <-- 1.837310 s
currentSize : 21 <-- 1.992752 s
currentSize : 22 <-- 2.011971 s
currentSize : 23 <-- 4.170391 s
currentSize : 24 <-- 294.196899 s

maxsize : 24
nodes : 101608219.000000
filtered : 2984454964.000000
time : 608.000000
