Parameters: GAD=1 vflib=1 dir=0 label=0 lowerbound=1 fileNameGp=../../cp2016-max-common-connected-subgraph-paper/datasets/graphsdb/mcs50/m2D/m2D/mcs50_m2D_s50.A08 fileNameGt=../../cp2016-max-common-connected-subgraph-paper/datasets/graphsdb/mcs50/m2D/m2D/mcs50_m2D_s50.B08
Reading graphs...
50 :  83
50 :  85
Initializing...
maxdom : 50
D->valSize : 2500
Solving...
currentSize : 23 <-- 0.156723 s
currentSize : 25 <-- 0.156798 s
currentSize : 26 <-- 0.280302 s
currentSize : 27 <-- 0.305493 s
currentSize : 28 <-- 0.601369 s
currentSize : 29 <-- 3.117254 s
currentSize : 30 <-- 3.201936 s
currentSize : 31 <-- 286.625183 s
currentSize : 32 <-- 587.776184 s

TIMEOUT
maxsize : 32
nodes : 190415402.000000
filtered : 2977662376.000000
time : 1000.000061
