Parameters: GAD=1 vflib=1 dir=0 label=0 lowerbound=1 fileNameGp=../../cp2016-max-common-connected-subgraph-paper/datasets/graphsdb/mcs50/m2D/m2Dr2/mcs50_m2Dr2_s30.A09 fileNameGt=../../cp2016-max-common-connected-subgraph-paper/datasets/graphsdb/mcs50/m2D/m2Dr2/mcs50_m2Dr2_s30.B09
Reading graphs...
30 :  55
30 :  55
Initializing...
maxdom : 30
D->valSize : 900
Solving...
currentSize : 12 <-- 0.019079 s
currentSize : 14 <-- 0.019244 s
currentSize : 15 <-- 0.047520 s
currentSize : 16 <-- 0.047558 s
currentSize : 17 <-- 0.050019 s
currentSize : 18 <-- 0.155719 s
currentSize : 19 <-- 0.552090 s
currentSize : 20 <-- 0.698479 s

maxsize : 20
nodes : 12599700.000000
filtered : 278341025.000000
time : 61.111244
