Parameters: GAD=1 vflib=1 dir=0 label=0 lowerbound=1 fileNameGp=../../cp2016-max-common-connected-subgraph-paper/datasets/graphsdb/mcs50/rand/r01/mcs50_r01_s40.A09 fileNameGt=../../cp2016-max-common-connected-subgraph-paper/datasets/graphsdb/mcs50/rand/r01/mcs50_r01_s40.B09
Reading graphs...
40 :  147
40 :  147
Initializing...
maxdom : 40
D->valSize : 1600
Solving...
currentSize : 14 <-- 0.057163 s
currentSize : 15 <-- 0.057218 s
currentSize : 16 <-- 0.057913 s
currentSize : 17 <-- 0.069979 s
currentSize : 18 <-- 0.121858 s
currentSize : 19 <-- 3.175206 s
currentSize : 20 <-- 3.234939 s
currentSize : 21 <-- 5.825483 s

TIMEOUT
maxsize : 21
nodes : 178063189.000000
filtered : 3913928960.000000
time : 1000.000061
