Parameters: GAD=1 vflib=1 dir=0 label=0 lowerbound=1 fileNameGp=../../cp2016-max-common-connected-subgraph-paper/datasets/graphsdb/mcs50/m3D/m3D/mcs50_m3D_s50.A03 fileNameGt=../../cp2016-max-common-connected-subgraph-paper/datasets/graphsdb/mcs50/m3D/m3D/mcs50_m3D_s50.B03
Reading graphs...
50 :  108
50 :  109
Initializing...
maxdom : 50
D->valSize : 2500
Solving...
currentSize : 20 <-- 0.094387 s
currentSize : 21 <-- 0.094422 s
currentSize : 22 <-- 0.094655 s
currentSize : 23 <-- 0.102965 s
currentSize : 24 <-- 0.125344 s
currentSize : 25 <-- 0.295549 s
currentSize : 26 <-- 113.658333 s
currentSize : 27 <-- 385.418396 s
currentSize : 28 <-- 503.048706 s
currentSize : 29 <-- 611.855408 s

TIMEOUT
maxsize : 29
nodes : 198113709.000000
filtered : 2497709849.000000
time : 1000.000061
