Parameters: GAD=1 vflib=1 dir=0 label=0 lowerbound=1 fileNameGp=../../cp2016-max-common-connected-subgraph-paper/datasets/graphsdb/mcs50/bvg/b06/mcs50_b06_s35.A08 fileNameGt=../../cp2016-max-common-connected-subgraph-paper/datasets/graphsdb/mcs50/bvg/b06/mcs50_b06_s35.B08
Reading graphs...
35 :  105
35 :  104
Initializing...
maxdom : 35
D->valSize : 1225
Solving...
currentSize : 13 <-- 0.034217 s
currentSize : 14 <-- 0.034478 s
currentSize : 15 <-- 0.035827 s
currentSize : 16 <-- 0.040439 s
currentSize : 17 <-- 0.040785 s
currentSize : 18 <-- 0.041601 s
currentSize : 19 <-- 0.052628 s
currentSize : 20 <-- 12.430203 s
currentSize : 21 <-- 92.799683 s

TIMEOUT
maxsize : 21
nodes : 174100344.000000
filtered : 4890600707.000000
time : 1000.000061
