Parameters: GAD=1 vflib=1 dir=0 label=0 lowerbound=1 fileNameGp=../../cp2016-max-common-connected-subgraph-paper/datasets/graphsdb/mcs50/bvg/b09m/mcs50_b09m_s40.A09 fileNameGt=../../cp2016-max-common-connected-subgraph-paper/datasets/graphsdb/mcs50/bvg/b09m/mcs50_b09m_s40.B09
Reading graphs...
40 :  175
40 :  171
Initializing...
maxdom : 40
D->valSize : 1600
Solving...
currentSize : 14 <-- 0.031692 s
currentSize : 15 <-- 0.032090 s
currentSize : 16 <-- 0.032193 s
currentSize : 17 <-- 0.038996 s
currentSize : 18 <-- 0.788310 s
currentSize : 19 <-- 60.954601 s
currentSize : 20 <-- 161.819122 s

TIMEOUT
maxsize : 20
nodes : 184085472.000000
filtered : 3989824542.000000
time : 1000.000000
