Parameters: GAD=1 vflib=1 dir=0 label=0 lowerbound=1 fileNameGp=../../cp2016-max-common-connected-subgraph-paper/datasets/graphsdb/mcs50/m2D/m2Dr2/mcs50_m2Dr2_s30.A05 fileNameGt=../../cp2016-max-common-connected-subgraph-paper/datasets/graphsdb/mcs50/m2D/m2Dr2/mcs50_m2Dr2_s30.B05
Reading graphs...
30 :  53
30 :  51
Initializing...
maxdom : 30
D->valSize : 900
Solving...
currentSize : 13 <-- 0.010997 s
currentSize : 14 <-- 0.012508 s
currentSize : 16 <-- 0.031204 s
currentSize : 17 <-- 0.139157 s
currentSize : 18 <-- 0.230529 s
currentSize : 19 <-- 1.453831 s
currentSize : 20 <-- 6.243058 s

maxsize : 20
nodes : 33453921.000000
filtered : 617065138.000000
time : 148.326416
