Parameters: GAD=1 vflib=1 dir=0 label=0 lowerbound=1 fileNameGp=../../cp2016-max-common-connected-subgraph-paper/datasets/graphsdb/mcs50/m4D/m4Dr2/mcs50_m4Dr2_s40.A06 fileNameGt=../../cp2016-max-common-connected-subgraph-paper/datasets/graphsdb/mcs50/m4D/m4Dr2/mcs50_m4Dr2_s40.B06
Reading graphs...
40 :  79
40 :  78
Initializing...
maxdom : 40
D->valSize : 1600
Solving...
currentSize : 15 <-- 0.063622 s
currentSize : 17 <-- 0.063668 s
currentSize : 18 <-- 0.063800 s
currentSize : 19 <-- 0.201090 s
currentSize : 20 <-- 0.201106 s
currentSize : 21 <-- 3.277485 s
currentSize : 22 <-- 8.247319 s
currentSize : 23 <-- 534.956116 s
currentSize : 24 <-- 943.249023 s
currentSize : 25 <-- 946.993713 s

TIMEOUT
maxsize : 25
nodes : 249970235.000000
filtered : 2723653335.000000
time : 1000.000061
