Parameters: GAD=1 vflib=1 dir=0 label=0 lowerbound=1 fileNameGp=../../cp2016-max-common-connected-subgraph-paper/datasets/graphsdb/mcs50/rand/r01/mcs50_r01_s30.A06 fileNameGt=../../cp2016-max-common-connected-subgraph-paper/datasets/graphsdb/mcs50/rand/r01/mcs50_r01_s30.B06
Reading graphs...
30 :  84
30 :  80
Initializing...
maxdom : 30
D->valSize : 900
Solving...
currentSize : 12 <-- 0.010797 s
currentSize : 13 <-- 0.010840 s
currentSize : 14 <-- 0.012144 s
currentSize : 15 <-- 0.012256 s
currentSize : 16 <-- 0.041582 s
currentSize : 17 <-- 0.379554 s
currentSize : 18 <-- 0.722516 s
currentSize : 19 <-- 64.197319 s

maxsize : 19
nodes : 26203671.000000
filtered : 603632859.000000
time : 128.648254
