Parameters: GAD=1 vflib=1 dir=0 label=0 lowerbound=1 fileNameGp=../../cp2016-max-common-connected-subgraph-paper/datasets/graphsdb/mcs50/rand/r02/mcs50_r02_s35.A06 fileNameGt=../../cp2016-max-common-connected-subgraph-paper/datasets/graphsdb/mcs50/rand/r02/mcs50_r02_s35.B06
Reading graphs...
35 :  215
35 :  211
Initializing...
maxdom : 35
D->valSize : 1225
Solving...
currentSize : 10 <-- 0.029289 s
currentSize : 11 <-- 0.029877 s
currentSize : 12 <-- 0.030492 s
currentSize : 13 <-- 0.043364 s
currentSize : 14 <-- 0.134060 s
currentSize : 15 <-- 25.566441 s
currentSize : 17 <-- 442.361542 s

TIMEOUT
maxsize : 17
nodes : 216280008.000000
filtered : 3111194956.000000
time : 1000.000000
