Parameters: GAD=1 vflib=1 dir=0 label=0 lowerbound=1 fileNameGp=../../cp2016-max-common-connected-subgraph-paper/datasets/graphsdb/mcs50/bvg/b09/mcs50_b09_s35.A03 fileNameGt=../../cp2016-max-common-connected-subgraph-paper/datasets/graphsdb/mcs50/bvg/b09/mcs50_b09_s35.B03
Reading graphs...
35 :  150
35 :  156
Initializing...
maxdom : 35
D->valSize : 1225
Solving...
currentSize : 12 <-- 0.018543 s
currentSize : 13 <-- 0.018893 s
currentSize : 14 <-- 0.018954 s
currentSize : 15 <-- 0.019035 s
currentSize : 16 <-- 0.438944 s
currentSize : 17 <-- 0.690392 s
currentSize : 18 <-- 5.038742 s
currentSize : 19 <-- 52.007225 s

maxsize : 19
nodes : 168769644.000000
filtered : 4414625900.000000
time : 942.205811
