Parameters: GAD=1 vflib=1 dir=0 label=0 lowerbound=1 fileNameGp=../../cp2016-max-common-connected-subgraph-paper/datasets/graphsdb/mcs50/m2D/m2Dr2/mcs50_m2Dr2_s30.A07 fileNameGt=../../cp2016-max-common-connected-subgraph-paper/datasets/graphsdb/mcs50/m2D/m2Dr2/mcs50_m2Dr2_s30.B07
Reading graphs...
30 :  55
30 :  54
Initializing...
maxdom : 30
D->valSize : 900
Solving...
currentSize : 13 <-- 0.010892 s
currentSize : 15 <-- 0.010922 s
currentSize : 16 <-- 0.011263 s
currentSize : 17 <-- 0.021451 s
currentSize : 18 <-- 0.084783 s
currentSize : 19 <-- 0.941568 s
currentSize : 20 <-- 0.941754 s

maxsize : 20
nodes : 22750826.000000
filtered : 475795578.000000
time : 106.114677
