Parameters: GAD=1 vflib=1 dir=0 label=0 lowerbound=1 fileNameGp=../../cp2016-max-common-connected-subgraph-paper/datasets/graphsdb/mcs50/bvg/b06m/mcs50_b06m_s40.A09 fileNameGt=../../cp2016-max-common-connected-subgraph-paper/datasets/graphsdb/mcs50/bvg/b06m/mcs50_b06m_s40.B09
Reading graphs...
40 :  116
40 :  119
Initializing...
maxdom : 40
D->valSize : 1600
Solving...
currentSize : 17 <-- 0.061170 s
currentSize : 18 <-- 0.061277 s
currentSize : 19 <-- 0.061524 s
currentSize : 20 <-- 0.195205 s
currentSize : 21 <-- 2.774350 s
currentSize : 22 <-- 66.424698 s
currentSize : 23 <-- 122.111992 s

TIMEOUT
maxsize : 23
nodes : 169163426.000000
filtered : 4391905495.000000
time : 1000.000000
