Parameters: GAD=1 vflib=1 dir=0 label=0 lowerbound=1 fileNameGp=../../cp2016-max-common-connected-subgraph-paper/datasets/graphsdb/mcs50/bvg/b03m/mcs50_b03m_s30.A03 fileNameGt=../../cp2016-max-common-connected-subgraph-paper/datasets/graphsdb/mcs50/bvg/b03m/mcs50_b03m_s30.B03
Reading graphs...
30 :  43
30 :  44
Initializing...
maxdom : 30
D->valSize : 900
Solving...
currentSize : 13 <-- 0.011148 s
currentSize : 15 <-- 0.014760 s
currentSize : 16 <-- 0.015212 s
currentSize : 17 <-- 0.015385 s
currentSize : 18 <-- 0.065938 s
currentSize : 19 <-- 0.430142 s
currentSize : 20 <-- 6.608221 s
currentSize : 21 <-- 9.168788 s
currentSize : 22 <-- 11.623605 s

maxsize : 22
nodes : 6165205.000000
filtered : 100961717.000000
time : 26.550655
