Parameters: GAD=1 vflib=1 dir=0 label=0 lowerbound=1 fileNameGp=../../cp2016-max-common-connected-subgraph-paper/datasets/graphsdb/mcs50/rand/r005/mcs50_r005_s30.A03 fileNameGt=../../cp2016-max-common-connected-subgraph-paper/datasets/graphsdb/mcs50/rand/r005/mcs50_r005_s30.B03
Reading graphs...
30 :  46
30 :  46
Initializing...
maxdom : 30
D->valSize : 900
Solving...
currentSize : 12 <-- 0.011306 s
currentSize : 13 <-- 0.011328 s
currentSize : 15 <-- 0.011410 s
currentSize : 16 <-- 0.013925 s
currentSize : 17 <-- 0.125550 s
currentSize : 18 <-- 0.340991 s
currentSize : 19 <-- 0.570905 s
currentSize : 20 <-- 7.961364 s
currentSize : 21 <-- 18.123421 s
currentSize : 22 <-- 24.034941 s

maxsize : 22
nodes : 9052892.000000
filtered : 138025203.000000
time : 36.508263
