Parameters: GAD=1 vflib=1 dir=0 label=0 lowerbound=1 fileNameGp=../../cp2016-max-common-connected-subgraph-paper/datasets/graphsdb/mcs50/bvg/b06m/mcs50_b06m_s40.A08 fileNameGt=../../cp2016-max-common-connected-subgraph-paper/datasets/graphsdb/mcs50/bvg/b06m/mcs50_b06m_s40.B08
Reading graphs...
40 :  117
40 :  116
Initializing...
maxdom : 40
D->valSize : 1600
Solving...
currentSize : 13 <-- 0.057476 s
currentSize : 15 <-- 0.057518 s
currentSize : 16 <-- 0.057799 s
currentSize : 18 <-- 0.057826 s
currentSize : 19 <-- 0.112157 s
currentSize : 20 <-- 3.195859 s
currentSize : 21 <-- 30.132671 s
currentSize : 22 <-- 58.902382 s

TIMEOUT
maxsize : 22
nodes : 183829390.000000
filtered : 4177131758.000000
time : 1000.000000
