Parameters: GAD=1 vflib=1 dir=0 label=0 lowerbound=1 fileNameGp=../../cp2016-max-common-connected-subgraph-paper/datasets/graphsdb/mcs50/m4D/m4Dr6/mcs50_m4Dr6_s30.A06 fileNameGt=../../cp2016-max-common-connected-subgraph-paper/datasets/graphsdb/mcs50/m4D/m4Dr6/mcs50_m4Dr6_s30.B06
Reading graphs...
30 :  71
30 :  68
Initializing...
maxdom : 30
D->valSize : 900
Solving...
currentSize : 14 <-- 0.010734 s
currentSize : 15 <-- 0.010768 s
currentSize : 16 <-- 0.011975 s
currentSize : 17 <-- 0.103480 s
currentSize : 18 <-- 0.748052 s
currentSize : 19 <-- 13.339108 s

maxsize : 19
nodes : 32433396.000000
filtered : 668747464.000000
time : 151.577225
