Parameters: GAD=1 vflib=1 dir=0 label=0 lowerbound=1 fileNameGp=../../cp2016-max-common-connected-subgraph-paper/datasets/graphsdb/mcs50/bvg/b06m/mcs50_b06m_s30.A09 fileNameGt=../../cp2016-max-common-connected-subgraph-paper/datasets/graphsdb/mcs50/bvg/b06m/mcs50_b06m_s30.B09
Reading graphs...
30 :  85
30 :  86
Initializing...
maxdom : 30
D->valSize : 900
Solving...
currentSize : 12 <-- 0.018114 s
currentSize : 13 <-- 0.018139 s
currentSize : 14 <-- 0.018306 s
currentSize : 15 <-- 0.019004 s
currentSize : 16 <-- 0.019861 s
currentSize : 17 <-- 0.159237 s
currentSize : 18 <-- 0.891325 s
currentSize : 19 <-- 13.091067 s

maxsize : 19
nodes : 9107056.000000
filtered : 244846050.000000
time : 48.033001
