Parameters: GAD=1 vflib=1 dir=0 label=0 lowerbound=1 fileNameGp=../../cp2016-max-common-connected-subgraph-paper/datasets/graphsdb/mcs50/rand/r02/mcs50_r02_s50.A07 fileNameGt=../../cp2016-max-common-connected-subgraph-paper/datasets/graphsdb/mcs50/rand/r02/mcs50_r02_s50.B07
Reading graphs...
50 :  442
50 :  433
Initializing...
maxdom : 50
D->valSize : 2500
Solving...
currentSize : 11 <-- 0.094840 s
currentSize : 12 <-- 0.094880 s
currentSize : 13 <-- 0.094944 s
currentSize : 14 <-- 0.098745 s
currentSize : 15 <-- 0.182619 s
currentSize : 16 <-- 4.127486 s
currentSize : 17 <-- 83.172997 s

TIMEOUT
maxsize : 17
nodes : 192520048.000000
filtered : 2105156072.000000
time : 1000.000061
