Parameters: GAD=1 vflib=1 dir=0 label=0 lowerbound=1 fileNameGp=../../cp2016-max-common-connected-subgraph-paper/datasets/graphsdb/mcs50/bvg/b06m/mcs50_b06m_s50.A08 fileNameGt=../../cp2016-max-common-connected-subgraph-paper/datasets/graphsdb/mcs50/bvg/b06m/mcs50_b06m_s50.B08
Reading graphs...
50 :  148
50 :  147
Initializing...
maxdom : 50
D->valSize : 2500
Solving...
currentSize : 11 <-- 0.091606 s
currentSize : 14 <-- 0.091654 s
currentSize : 17 <-- 0.091692 s
currentSize : 20 <-- 0.092158 s
currentSize : 21 <-- 0.092175 s
currentSize : 22 <-- 0.098308 s
currentSize : 23 <-- 0.098657 s
currentSize : 24 <-- 0.147040 s
currentSize : 25 <-- 0.273929 s
currentSize : 26 <-- 0.548964 s
currentSize : 27 <-- 2.980785 s
currentSize : 28 <-- 37.038727 s

TIMEOUT
maxsize : 28
nodes : 153743456.000000
filtered : 4352068642.000000
time : 1000.000061
