Parameters: GAD=1 vflib=1 dir=0 label=0 lowerbound=1 fileNameGp=../../cp2016-max-common-connected-subgraph-paper/datasets/graphsdb/mcs50/bvg/b06m/mcs50_b06m_s50.A01 fileNameGt=../../cp2016-max-common-connected-subgraph-paper/datasets/graphsdb/mcs50/bvg/b06m/mcs50_b06m_s50.B01
Reading graphs...
50 :  146
50 :  143
Initializing...
maxdom : 50
D->valSize : 2500
Solving...
currentSize : 21 <-- 0.091297 s
currentSize : 22 <-- 0.091763 s
currentSize : 23 <-- 0.092327 s
currentSize : 24 <-- 0.094540 s
currentSize : 25 <-- 0.401291 s
currentSize : 26 <-- 9.953826 s
currentSize : 27 <-- 57.729084 s
currentSize : 28 <-- 58.037556 s

TIMEOUT
maxsize : 28
nodes : 152744062.000000
filtered : 3910200020.000000
time : 1000.000061
