Parameters: GAD=1 vflib=1 dir=0 label=0 lowerbound=1 fileNameGp=../../cp2016-max-common-connected-subgraph-paper/datasets/graphsdb/mcs50/m2D/m2Dr2/mcs50_m2Dr2_s50.A04 fileNameGt=../../cp2016-max-common-connected-subgraph-paper/datasets/graphsdb/mcs50/m2D/m2Dr2/mcs50_m2Dr2_s50.B04
Reading graphs...
50 :  93
50 :  95
Initializing...
maxdom : 50
D->valSize : 2500
Solving...
currentSize : 23 <-- 0.115446 s
currentSize : 24 <-- 0.116575 s
currentSize : 25 <-- 0.117492 s
currentSize : 26 <-- 0.136845 s
currentSize : 27 <-- 0.136987 s
currentSize : 28 <-- 0.498626 s
currentSize : 29 <-- 0.523667 s
currentSize : 30 <-- 11.926649 s
currentSize : 31 <-- 134.445114 s

TIMEOUT
maxsize : 31
nodes : 170097650.000000
filtered : 2986087795.000000
time : 1000.000061
