Parameters: GAD=1 vflib=1 dir=0 label=0 lowerbound=1 fileNameGp=../../cp2016-max-common-connected-subgraph-paper/datasets/graphsdb/mcs50/m4D/m4D/mcs50_m4D_s35.A06 fileNameGt=../../cp2016-max-common-connected-subgraph-paper/datasets/graphsdb/mcs50/m4D/m4D/mcs50_m4D_s35.B06
Reading graphs...
35 :  63
35 :  63
Initializing...
maxdom : 35
D->valSize : 1225
Solving...
currentSize : 17 <-- 0.020495 s
currentSize : 18 <-- 0.021025 s
currentSize : 19 <-- 0.022331 s
currentSize : 20 <-- 5.645749 s
currentSize : 21 <-- 41.366787 s
currentSize : 22 <-- 178.986740 s
currentSize : 23 <-- 227.261765 s
currentSize : 24 <-- 313.865875 s
currentSize : 25 <-- 398.428040 s

maxsize : 25
nodes : 108317571.000000
filtered : 1603777077.000000
time : 464.446777
