Parameters: GAD=1 vflib=1 dir=0 label=0 lowerbound=1 fileNameGp=../../cp2016-max-common-connected-subgraph-paper/datasets/graphsdb/mcs50/m4D/m4Dr2/mcs50_m4Dr2_s30.A03 fileNameGt=../../cp2016-max-common-connected-subgraph-paper/datasets/graphsdb/mcs50/m4D/m4Dr2/mcs50_m4Dr2_s30.B03
Reading graphs...
30 :  61
30 :  59
Initializing...
maxdom : 30
D->valSize : 900
Solving...
currentSize : 8 <-- 0.010661 s
currentSize : 13 <-- 0.010726 s
currentSize : 14 <-- 0.031371 s
currentSize : 15 <-- 0.580814 s
currentSize : 16 <-- 0.680767 s
currentSize : 17 <-- 1.913489 s
currentSize : 18 <-- 3.192609 s
currentSize : 19 <-- 4.596878 s
currentSize : 20 <-- 55.297215 s

maxsize : 20
nodes : 19220440.000000
filtered : 350067839.000000
time : 83.455421
