Parameters: GAD=1 vflib=1 dir=0 label=0 lowerbound=1 fileNameGp=../../cp2016-max-common-connected-subgraph-paper/datasets/graphsdb/mcs50/rand/r01/mcs50_r01_s50.A03 fileNameGt=../../cp2016-max-common-connected-subgraph-paper/datasets/graphsdb/mcs50/rand/r01/mcs50_r01_s50.B03
Reading graphs...
50 :  231
50 :  237
Initializing...
maxdom : 50
D->valSize : 2500
Solving...
currentSize : 16 <-- 0.101077 s
currentSize : 17 <-- 0.101753 s
currentSize : 18 <-- 0.102482 s
currentSize : 19 <-- 0.102497 s
currentSize : 20 <-- 0.103516 s
currentSize : 21 <-- 0.370691 s
currentSize : 22 <-- 815.559509 s

TIMEOUT
maxsize : 22
nodes : 183193542.000000
filtered : 3074887319.000000
time : 1000.000000
