Parameters: GAD=1 vflib=1 dir=0 label=0 lowerbound=1 fileNameGp=../../cp2016-max-common-connected-subgraph-paper/datasets/graphsdb/mcs50/rand/r005/mcs50_r005_s35.A04 fileNameGt=../../cp2016-max-common-connected-subgraph-paper/datasets/graphsdb/mcs50/rand/r005/mcs50_r005_s35.B04
Reading graphs...
35 :  61
35 :  61
Initializing...
maxdom : 35
D->valSize : 1225
Solving...
currentSize : 17 <-- 0.036087 s
currentSize : 18 <-- 0.036126 s
currentSize : 19 <-- 0.038300 s
currentSize : 20 <-- 0.053705 s
currentSize : 21 <-- 0.570673 s
currentSize : 22 <-- 0.570688 s
currentSize : 23 <-- 3.132872 s
currentSize : 24 <-- 45.726543 s
currentSize : 25 <-- 243.587723 s

maxsize : 25
nodes : 71857111.000000
filtered : 1968408134.000000
time : 417.860596
