Parameters: GAD=1 vflib=1 dir=0 label=0 lowerbound=1 fileNameGp=../../cp2016-max-common-connected-subgraph-paper/datasets/graphsdb/mcs50/m4D/m4D/mcs50_m4D_s30.A09 fileNameGt=../../cp2016-max-common-connected-subgraph-paper/datasets/graphsdb/mcs50/m4D/m4D/mcs50_m4D_s30.B09
Reading graphs...
30 :  55
30 :  55
Initializing...
maxdom : 30
D->valSize : 900
Solving...
currentSize : 8 <-- 0.010690 s
currentSize : 9 <-- 0.010793 s
currentSize : 12 <-- 0.011461 s
currentSize : 13 <-- 0.011755 s
currentSize : 14 <-- 0.012229 s
currentSize : 15 <-- 0.012486 s
currentSize : 16 <-- 0.079832 s
currentSize : 17 <-- 0.085158 s
currentSize : 18 <-- 0.156722 s
currentSize : 19 <-- 0.453283 s
currentSize : 20 <-- 0.454838 s
currentSize : 21 <-- 7.409101 s

maxsize : 21
nodes : 4590207.000000
filtered : 101715165.000000
time : 22.103958
