Parameters: GAD=1 vflib=1 dir=0 label=0 lowerbound=1 fileNameGp=../../cp2016-max-common-connected-subgraph-paper/datasets/graphsdb/mcs50/bvg/b09/mcs50_b09_s35.A05 fileNameGt=../../cp2016-max-common-connected-subgraph-paper/datasets/graphsdb/mcs50/bvg/b09/mcs50_b09_s35.B05
Reading graphs...
35 :  155
35 :  153
Initializing...
maxdom : 35
D->valSize : 1225
Solving...
currentSize : 11 <-- 0.031574 s
currentSize : 12 <-- 0.031602 s
currentSize : 13 <-- 0.031708 s
currentSize : 14 <-- 0.033206 s
currentSize : 15 <-- 0.034295 s
currentSize : 16 <-- 0.349129 s
currentSize : 17 <-- 7.012953 s
currentSize : 18 <-- 85.957802 s

TIMEOUT
maxsize : 18
nodes : 189837439.000000
filtered : 4204515068.000000
time : 1000.000000
