Parameters: GAD=1 vflib=1 dir=0 label=0 lowerbound=1 fileNameGp=../../cp2016-max-common-connected-subgraph-paper/datasets/graphsdb/mcs50/bvg/b06/mcs50_b06_s40.A01 fileNameGt=../../cp2016-max-common-connected-subgraph-paper/datasets/graphsdb/mcs50/bvg/b06/mcs50_b06_s40.B01
Reading graphs...
40 :  119
40 :  119
Initializing...
maxdom : 40
D->valSize : 1600
Solving...
currentSize : 17 <-- 0.055982 s
currentSize : 18 <-- 0.058770 s
currentSize : 19 <-- 0.064191 s
currentSize : 20 <-- 0.748719 s
currentSize : 21 <-- 4.393711 s
currentSize : 22 <-- 20.624960 s
currentSize : 23 <-- 251.497101 s
currentSize : 24 <-- 788.160156 s
currentSize : 25 <-- 788.163025 s

TIMEOUT
maxsize : 25
nodes : 169089804.000000
filtered : 4507368323.000000
time : 1000.000000
