Parameters: GAD=1 vflib=1 dir=0 label=0 lowerbound=1 fileNameGp=../../cp2016-max-common-connected-subgraph-paper/datasets/graphsdb/mcs50/m4D/m4D/mcs50_m4D_s30.A07 fileNameGt=../../cp2016-max-common-connected-subgraph-paper/datasets/graphsdb/mcs50/m4D/m4D/mcs50_m4D_s30.B07
Reading graphs...
30 :  55
30 :  53
Initializing...
maxdom : 30
D->valSize : 900
Solving...
currentSize : 8 <-- 0.010975 s
currentSize : 11 <-- 0.011017 s
currentSize : 12 <-- 0.011263 s
currentSize : 14 <-- 0.011839 s
currentSize : 16 <-- 0.012783 s
currentSize : 17 <-- 0.015089 s
currentSize : 18 <-- 0.436906 s
currentSize : 19 <-- 1.702620 s
currentSize : 20 <-- 19.417952 s
currentSize : 21 <-- 25.052279 s

maxsize : 21
nodes : 9757058.000000
filtered : 153316889.000000
time : 39.645027
