Parameters: GAD=1 vflib=1 dir=0 label=0 lowerbound=1 fileNameGp=../../cp2016-max-common-connected-subgraph-paper/datasets/graphsdb/mcs50/m2D/m2Dr2/mcs50_m2Dr2_s30.A04 fileNameGt=../../cp2016-max-common-connected-subgraph-paper/datasets/graphsdb/mcs50/m2D/m2Dr2/mcs50_m2Dr2_s30.B04
Reading graphs...
30 :  55
30 :  55
Initializing...
maxdom : 30
D->valSize : 900
Solving...
currentSize : 15 <-- 0.010913 s
currentSize : 16 <-- 0.011058 s
currentSize : 17 <-- 0.075888 s
currentSize : 18 <-- 0.077565 s
currentSize : 19 <-- 0.090258 s
currentSize : 20 <-- 16.635559 s

maxsize : 20
nodes : 35352323.000000
filtered : 703715846.000000
time : 165.402802
