Parameters: GAD=1 vflib=1 dir=0 label=0 lowerbound=1 fileNameGp=../../cp2016-max-common-connected-subgraph-paper/datasets/graphsdb/mcs50/rand/r005/mcs50_r005_s35.A01 fileNameGt=../../cp2016-max-common-connected-subgraph-paper/datasets/graphsdb/mcs50/rand/r005/mcs50_r005_s35.B01
Reading graphs...
35 :  61
35 :  60
Initializing...
maxdom : 35
D->valSize : 1225
Solving...
currentSize : 17 <-- 0.020512 s
currentSize : 18 <-- 0.020558 s
currentSize : 19 <-- 0.020565 s
currentSize : 20 <-- 0.028480 s
currentSize : 21 <-- 0.417270 s
currentSize : 22 <-- 0.687140 s
currentSize : 23 <-- 1.191371 s
currentSize : 24 <-- 7.425377 s

maxsize : 24
nodes : 169533360.000000
filtered : 4318942596.000000
time : 936.964783
