Parameters: GAD=1 vflib=1 dir=0 label=0 lowerbound=1 fileNameGp=../../cp2016-max-common-connected-subgraph-paper/datasets/graphsdb/mcs50/bvg/b03m/mcs50_b03m_s40.A03 fileNameGt=../../cp2016-max-common-connected-subgraph-paper/datasets/graphsdb/mcs50/bvg/b03m/mcs50_b03m_s40.B03
Reading graphs...
40 :  58
40 :  58
Initializing...
maxdom : 40
D->valSize : 1600
Solving...
currentSize : 19 <-- 0.036803 s
currentSize : 20 <-- 0.036875 s
currentSize : 21 <-- 0.096455 s
currentSize : 22 <-- 0.229364 s
currentSize : 23 <-- 0.229392 s
currentSize : 24 <-- 0.803192 s
currentSize : 25 <-- 29.164171 s
currentSize : 26 <-- 64.485001 s
currentSize : 27 <-- 156.588333 s
currentSize : 28 <-- 159.308365 s
currentSize : 29 <-- 159.314636 s

TIMEOUT
maxsize : 29
nodes : 173607397.000000
filtered : 3688305163.000000
time : 1000.000061
