Parameters: GAD=1 vflib=1 dir=0 label=0 lowerbound=1 fileNameGp=../../cp2016-max-common-connected-subgraph-paper/datasets/graphsdb/mcs50/m3D/m3Dr4/mcs50_m3Dr4_s50.A02 fileNameGt=../../cp2016-max-common-connected-subgraph-paper/datasets/graphsdb/mcs50/m3D/m3Dr4/mcs50_m3Dr4_s50.B02
Reading graphs...
50 :  126
50 :  127
Initializing...
maxdom : 50
D->valSize : 2500
Solving...
currentSize : 20 <-- 0.135007 s
currentSize : 21 <-- 0.135186 s
currentSize : 22 <-- 0.135687 s
currentSize : 23 <-- 0.136799 s
currentSize : 24 <-- 0.171512 s
currentSize : 25 <-- 0.681964 s
currentSize : 26 <-- 3.977211 s
currentSize : 27 <-- 31.262796 s
currentSize : 28 <-- 153.502960 s

TIMEOUT
maxsize : 28
nodes : 163052127.000000
filtered : 3960087753.000000
time : 1000.000061
