Parameters: GAD=1 vflib=1 dir=0 label=0 lowerbound=1 fileNameGp=../../cp2016-max-common-connected-subgraph-paper/datasets/graphsdb/mcs50/m4D/m4Dr6/mcs50_m4Dr6_s35.A04 fileNameGt=../../cp2016-max-common-connected-subgraph-paper/datasets/graphsdb/mcs50/m4D/m4Dr6/mcs50_m4Dr6_s35.B04
Reading graphs...
35 :  80
35 :  79
Initializing...
maxdom : 35
D->valSize : 1225
Solving...
currentSize : 15 <-- 0.019861 s
currentSize : 17 <-- 0.021494 s
currentSize : 18 <-- 0.023593 s
currentSize : 19 <-- 0.042516 s
currentSize : 20 <-- 0.847365 s
currentSize : 21 <-- 5.029383 s
currentSize : 22 <-- 9.655009 s
currentSize : 23 <-- 30.868088 s

maxsize : 23
nodes : 111790726.000000
filtered : 3188298930.000000
time : 648.882812
