Parameters: GAD=1 vflib=1 dir=0 label=0 lowerbound=1 fileNameGp=../../cp2016-max-common-connected-subgraph-paper/datasets/graphsdb/mcs50/bvg/b09m/mcs50_b09m_s40.A03 fileNameGt=../../cp2016-max-common-connected-subgraph-paper/datasets/graphsdb/mcs50/bvg/b09m/mcs50_b09m_s40.B03
Reading graphs...
40 :  174
40 :  176
Initializing...
maxdom : 40
D->valSize : 1600
Solving...
currentSize : 13 <-- 0.055221 s
currentSize : 14 <-- 0.055292 s
currentSize : 15 <-- 0.055448 s
currentSize : 16 <-- 0.059031 s
currentSize : 17 <-- 0.059910 s
currentSize : 18 <-- 0.421175 s
currentSize : 19 <-- 139.174576 s

TIMEOUT
maxsize : 19
nodes : 198075005.000000
filtered : 3594585494.000000
time : 1000.000000
