Parameters: GAD=1 vflib=1 dir=0 label=0 lowerbound=1 fileNameGp=../../cp2016-max-common-connected-subgraph-paper/datasets/graphsdb/mcs50/bvg/b09/mcs50_b09_s50.A03 fileNameGt=../../cp2016-max-common-connected-subgraph-paper/datasets/graphsdb/mcs50/bvg/b09/mcs50_b09_s50.B03
Reading graphs...
50 :  220
50 :  223
Initializing...
maxdom : 50
D->valSize : 2500
Solving...
currentSize : 15 <-- 0.105448 s
currentSize : 16 <-- 0.105495 s
currentSize : 17 <-- 0.106159 s
currentSize : 18 <-- 0.108048 s
currentSize : 19 <-- 0.114232 s
currentSize : 20 <-- 0.299944 s
currentSize : 21 <-- 1.681992 s
currentSize : 22 <-- 63.021336 s

TIMEOUT
maxsize : 22
nodes : 168694323.000000
filtered : 3597512176.000000
time : 1000.000061
