Parameters: GAD=1 vflib=1 dir=0 label=0 lowerbound=1 fileNameGp=../../cp2016-max-common-connected-subgraph-paper/datasets/graphsdb/mcs50/m4D/m4Dr2/mcs50_m4Dr2_s40.A01 fileNameGt=../../cp2016-max-common-connected-subgraph-paper/datasets/graphsdb/mcs50/m4D/m4Dr2/mcs50_m4Dr2_s40.B01
Reading graphs...
40 :  79
40 :  79
Initializing...
maxdom : 40
D->valSize : 1600
Solving...
currentSize : 15 <-- 0.035276 s
currentSize : 16 <-- 0.035301 s
currentSize : 20 <-- 0.035348 s
currentSize : 21 <-- 1.167214 s
currentSize : 22 <-- 5.318799 s
currentSize : 23 <-- 10.137391 s
currentSize : 24 <-- 19.388088 s
currentSize : 25 <-- 45.952316 s

TIMEOUT
maxsize : 25
nodes : 192168362.000000
filtered : 3826275304.000000
time : 1000.000061
