Parameters: GAD=1 vflib=1 dir=0 label=0 lowerbound=1 fileNameGp=../../cp2016-max-common-connected-subgraph-paper/datasets/graphsdb/mcs50/bvg/b06/mcs50_b06_s30.A03 fileNameGt=../../cp2016-max-common-connected-subgraph-paper/datasets/graphsdb/mcs50/bvg/b06/mcs50_b06_s30.B03
Reading graphs...
30 :  90
30 :  90
Initializing...
maxdom : 30
D->valSize : 900
Solving...
currentSize : 10 <-- 0.010034 s
currentSize : 11 <-- 0.010077 s
currentSize : 12 <-- 0.011016 s
currentSize : 13 <-- 0.011411 s
currentSize : 14 <-- 0.019263 s
currentSize : 15 <-- 0.044218 s
currentSize : 16 <-- 0.546879 s
currentSize : 17 <-- 1.943242 s
currentSize : 18 <-- 2.261336 s

maxsize : 18
nodes : 23064861.000000
filtered : 522353921.000000
time : 113.733620
