Parameters: GAD=1 vflib=1 dir=0 label=0 lowerbound=1 fileNameGp=../../cp2016-max-common-connected-subgraph-paper/datasets/graphsdb/mcs50/bvg/b09/mcs50_b09_s30.A00 fileNameGt=../../cp2016-max-common-connected-subgraph-paper/datasets/graphsdb/mcs50/bvg/b09/mcs50_b09_s30.B00
Reading graphs...
30 :  131
30 :  134
Initializing...
maxdom : 30
D->valSize : 900
Solving...
currentSize : 11 <-- 0.016357 s
currentSize : 12 <-- 0.016455 s
currentSize : 13 <-- 0.016888 s
currentSize : 14 <-- 0.076059 s
currentSize : 15 <-- 0.158043 s
currentSize : 16 <-- 37.382999 s

maxsize : 16
nodes : 31046775.000000
filtered : 573011363.000000
time : 142.352127
