Parameters: GAD=1 vflib=1 dir=0 label=0 lowerbound=1 fileNameGp=../../cp2016-max-common-connected-subgraph-paper/datasets/graphsdb/mcs50/bvg/b06m/mcs50_b06m_s50.A06 fileNameGt=../../cp2016-max-common-connected-subgraph-paper/datasets/graphsdb/mcs50/bvg/b06m/mcs50_b06m_s50.B06
Reading graphs...
50 :  146
50 :  148
Initializing...
maxdom : 50
D->valSize : 2500
Solving...
currentSize : 18 <-- 0.110705 s
currentSize : 19 <-- 0.110839 s
currentSize : 20 <-- 0.110854 s
currentSize : 21 <-- 0.110936 s
currentSize : 22 <-- 0.112193 s
currentSize : 23 <-- 0.238985 s
currentSize : 24 <-- 1.887535 s
currentSize : 25 <-- 13.669388 s
currentSize : 26 <-- 25.388659 s
currentSize : 27 <-- 349.242340 s
currentSize : 28 <-- 608.923462 s

TIMEOUT
maxsize : 28
nodes : 157886120.000000
filtered : 4454735989.000000
time : 1000.000000
