Parameters: GAD=1 vflib=1 dir=0 label=0 lowerbound=1 fileNameGp=../../cp2016-max-common-connected-subgraph-paper/datasets/graphsdb/mcs50/bvg/b09m/mcs50_b09m_s40.A00 fileNameGt=../../cp2016-max-common-connected-subgraph-paper/datasets/graphsdb/mcs50/bvg/b09m/mcs50_b09m_s40.B00
Reading graphs...
40 :  174
40 :  172
Initializing...
maxdom : 40
D->valSize : 1600
Solving...
currentSize : 13 <-- 0.031719 s
currentSize : 14 <-- 0.031785 s
currentSize : 15 <-- 0.031975 s
currentSize : 16 <-- 0.037376 s
currentSize : 17 <-- 0.038548 s
currentSize : 18 <-- 1.351279 s
currentSize : 19 <-- 4.018272 s
currentSize : 20 <-- 23.181477 s

TIMEOUT
maxsize : 20
nodes : 183944983.000000
filtered : 3875045759.000000
time : 1000.000061
