Parameters: GAD=1 vflib=1 dir=0 label=0 lowerbound=1 fileNameGp=../../cp2016-max-common-connected-subgraph-paper/datasets/graphsdb/mcs50/m2D/m2D/mcs50_m2D_s40.A06 fileNameGt=../../cp2016-max-common-connected-subgraph-paper/datasets/graphsdb/mcs50/m2D/m2D/mcs50_m2D_s40.B06
Reading graphs...
40 :  66
40 :  66
Initializing...
maxdom : 40
D->valSize : 1600
Solving...
currentSize : 13 <-- 0.036487 s
currentSize : 20 <-- 0.036558 s
currentSize : 21 <-- 0.038629 s
currentSize : 22 <-- 0.065959 s
currentSize : 23 <-- 0.067395 s
currentSize : 24 <-- 0.317511 s
currentSize : 25 <-- 44.244141 s
currentSize : 26 <-- 227.377335 s
currentSize : 27 <-- 553.121826 s
currentSize : 28 <-- 775.058228 s

TIMEOUT
maxsize : 28
nodes : 195919004.000000
filtered : 3700180449.000000
time : 1000.000000
