Parameters: GAD=1 vflib=1 dir=0 label=0 lowerbound=1 fileNameGp=../../cp2016-max-common-connected-subgraph-paper/datasets/graphsdb/mcs50/m4D/m4Dr6/mcs50_m4Dr6_s35.A09 fileNameGt=../../cp2016-max-common-connected-subgraph-paper/datasets/graphsdb/mcs50/m4D/m4Dr6/mcs50_m4Dr6_s35.B09
Reading graphs...
35 :  83
35 :  82
Initializing...
maxdom : 35
D->valSize : 1225
Solving...
currentSize : 13 <-- 0.034652 s
currentSize : 14 <-- 0.034677 s
currentSize : 15 <-- 0.035053 s
currentSize : 16 <-- 0.035065 s
currentSize : 17 <-- 0.078455 s
currentSize : 18 <-- 0.191038 s
currentSize : 19 <-- 4.711377 s
currentSize : 20 <-- 12.893849 s
currentSize : 21 <-- 29.251310 s
currentSize : 22 <-- 52.929394 s
currentSize : 23 <-- 805.782410 s

maxsize : 23
nodes : 169494670.000000
filtered : 4213856087.000000
time : 919.127930
