Parameters: GAD=1 vflib=1 dir=0 label=0 lowerbound=1 fileNameGp=../../cp2016-max-common-connected-subgraph-paper/datasets/graphsdb/mcs50/bvg/b03/mcs50_b03_s25.A08 fileNameGt=../../cp2016-max-common-connected-subgraph-paper/datasets/graphsdb/mcs50/bvg/b03/mcs50_b03_s25.B08
Reading graphs...
25 :  37
25 :  37
Initializing...
maxdom : 25
D->valSize : 625
Solving...
currentSize : 12 <-- 0.005365 s
currentSize : 13 <-- 0.005414 s
currentSize : 14 <-- 0.008331 s
currentSize : 15 <-- 0.029475 s
currentSize : 16 <-- 0.187001 s
currentSize : 17 <-- 0.360923 s
currentSize : 18 <-- 8.758294 s

maxsize : 18
nodes : 2713648.000000
filtered : 34806922.000000
time : 10.643298
