Parameters: GAD=1 vflib=1 dir=0 label=0 lowerbound=1 fileNameGp=../../cp2016-max-common-connected-subgraph-paper/datasets/graphsdb/mcs50/bvg/b09m/mcs50_b09m_s50.A00 fileNameGt=../../cp2016-max-common-connected-subgraph-paper/datasets/graphsdb/mcs50/bvg/b09m/mcs50_b09m_s50.B00
Reading graphs...
50 :  217
50 :  219
Initializing...
maxdom : 50
D->valSize : 2500
Solving...
currentSize : 16 <-- 0.105783 s
currentSize : 17 <-- 0.105821 s
currentSize : 18 <-- 0.115382 s
currentSize : 19 <-- 0.115879 s
currentSize : 20 <-- 0.121588 s
currentSize : 21 <-- 0.167424 s
currentSize : 22 <-- 8.196579 s
currentSize : 23 <-- 111.894104 s

TIMEOUT
maxsize : 23
nodes : 167465636.000000
filtered : 3823406559.000000
time : 1000.000061
