Parameters: GAD=1 vflib=1 dir=0 label=0 lowerbound=1 fileNameGp=../../cp2016-max-common-connected-subgraph-paper/datasets/graphsdb/mcs50/bvg/b03/mcs50_b03_s50.A06 fileNameGt=../../cp2016-max-common-connected-subgraph-paper/datasets/graphsdb/mcs50/bvg/b03/mcs50_b03_s50.B06
Reading graphs...
50 :  75
50 :  75
Initializing...
maxdom : 50
D->valSize : 2500
Solving...
currentSize : 27 <-- 0.098201 s
currentSize : 28 <-- 0.098925 s
currentSize : 29 <-- 0.939960 s
currentSize : 30 <-- 3.078953 s
currentSize : 31 <-- 38.734352 s
currentSize : 32 <-- 97.232979 s
currentSize : 33 <-- 402.862823 s

TIMEOUT
maxsize : 33
nodes : 179360162.000000
filtered : 2745413344.000000
time : 1000.000061
