Parameters: GAD=1 vflib=1 dir=0 label=0 lowerbound=1 fileNameGp=../../cp2016-max-common-connected-subgraph-paper/datasets/graphsdb/mcs50/m2D/m2D/mcs50_m2D_s40.A04 fileNameGt=../../cp2016-max-common-connected-subgraph-paper/datasets/graphsdb/mcs50/m2D/m2D/mcs50_m2D_s40.B04
Reading graphs...
40 :  66
40 :  67
Initializing...
maxdom : 40
D->valSize : 1600
Solving...
currentSize : 17 <-- 0.036094 s
currentSize : 19 <-- 0.036126 s
currentSize : 20 <-- 0.036497 s
currentSize : 21 <-- 0.038883 s
currentSize : 22 <-- 1.260044 s
currentSize : 23 <-- 3.400250 s
currentSize : 24 <-- 12.984754 s
currentSize : 25 <-- 39.372379 s
currentSize : 26 <-- 89.440804 s
currentSize : 27 <-- 806.180847 s
currentSize : 28 <-- 976.586426 s

TIMEOUT
maxsize : 28
nodes : 205966876.000000
filtered : 3465905730.000000
time : 1000.000000
