Parameters: GAD=1 vflib=1 dir=0 label=0 lowerbound=1 fileNameGp=../../cp2016-max-common-connected-subgraph-paper/datasets/graphsdb/mcs50/bvg/b06/mcs50_b06_s35.A01 fileNameGt=../../cp2016-max-common-connected-subgraph-paper/datasets/graphsdb/mcs50/bvg/b06/mcs50_b06_s35.B01
Reading graphs...
35 :  104
35 :  103
Initializing...
maxdom : 35
D->valSize : 1225
Solving...
currentSize : 12 <-- 0.019171 s
currentSize : 15 <-- 0.019239 s
currentSize : 16 <-- 0.063898 s
currentSize : 17 <-- 0.390367 s
currentSize : 18 <-- 2.022405 s
currentSize : 19 <-- 20.304514 s
currentSize : 20 <-- 127.497589 s
currentSize : 21 <-- 242.779083 s
currentSize : 22 <-- 346.693634 s
currentSize : 23 <-- 587.910339 s

maxsize : 23
nodes : 115303485.000000
filtered : 3349923845.000000
time : 656.866028
