Parameters: GAD=1 vflib=1 dir=0 label=0 lowerbound=1 fileNameGp=../../cp2016-max-common-connected-subgraph-paper/datasets/graphsdb/mcs50/bvg/b03m/mcs50_b03m_s30.A05 fileNameGt=../../cp2016-max-common-connected-subgraph-paper/datasets/graphsdb/mcs50/bvg/b03m/mcs50_b03m_s30.B05
Reading graphs...
30 :  45
30 :  44
Initializing...
maxdom : 30
D->valSize : 900
Solving...
currentSize : 10 <-- 0.019538 s
currentSize : 12 <-- 0.019626 s
currentSize : 15 <-- 0.020241 s
currentSize : 16 <-- 0.021159 s
currentSize : 17 <-- 0.024879 s
currentSize : 18 <-- 0.594579 s
currentSize : 19 <-- 1.604641 s
currentSize : 20 <-- 7.220419 s
currentSize : 21 <-- 20.303253 s

maxsize : 21
nodes : 11109536.000000
filtered : 174581470.000000
time : 46.313251
