Parameters: GAD=1 vflib=1 dir=0 label=0 lowerbound=1 fileNameGp=../../cp2016-max-common-connected-subgraph-paper/datasets/graphsdb/mcs50/bvg/b03/mcs50_b03_s30.A05 fileNameGt=../../cp2016-max-common-connected-subgraph-paper/datasets/graphsdb/mcs50/bvg/b03/mcs50_b03_s30.B05
Reading graphs...
30 :  45
30 :  45
Initializing...
maxdom : 30
D->valSize : 900
Solving...
currentSize : 11 <-- 0.011137 s
currentSize : 15 <-- 0.011311 s
currentSize : 16 <-- 0.019994 s
currentSize : 17 <-- 0.032807 s
currentSize : 18 <-- 0.058440 s
currentSize : 19 <-- 0.513528 s
currentSize : 20 <-- 2.196570 s
currentSize : 21 <-- 11.481784 s

maxsize : 21
nodes : 21165520.000000
filtered : 327858602.000000
time : 86.874908
