Parameters: GAD=1 vflib=1 dir=0 label=0 lowerbound=1 fileNameGp=../../cp2016-max-common-connected-subgraph-paper/datasets/graphsdb/mcs50/m2D/m2Dr6/mcs50_m2Dr6_s30.A00 fileNameGt=../../cp2016-max-common-connected-subgraph-paper/datasets/graphsdb/mcs50/m2D/m2Dr6/mcs50_m2Dr6_s30.B00
Reading graphs...
30 :  64
30 :  63
Initializing...
maxdom : 30
D->valSize : 900
Solving...
currentSize : 13 <-- 0.019183 s
currentSize : 15 <-- 0.019213 s
currentSize : 16 <-- 0.019837 s
currentSize : 17 <-- 0.070364 s
currentSize : 18 <-- 0.295862 s
currentSize : 19 <-- 5.318400 s
currentSize : 20 <-- 35.275261 s

maxsize : 20
nodes : 26949787.000000
filtered : 599392466.000000
time : 130.427979
