Parameters: GAD=1 vflib=1 dir=0 label=0 lowerbound=1 fileNameGp=../../cp2016-max-common-connected-subgraph-paper/datasets/graphsdb/mcs50/bvg/b09/mcs50_b09_s40.A00 fileNameGt=../../cp2016-max-common-connected-subgraph-paper/datasets/graphsdb/mcs50/bvg/b09/mcs50_b09_s40.B00
Reading graphs...
40 :  178
40 :  179
Initializing...
maxdom : 40
D->valSize : 1600
Solving...
currentSize : 13 <-- 0.031502 s
currentSize : 14 <-- 0.031631 s
currentSize : 15 <-- 0.032198 s
currentSize : 16 <-- 0.123710 s
currentSize : 17 <-- 0.293463 s
currentSize : 18 <-- 0.501890 s
currentSize : 19 <-- 35.223392 s
currentSize : 20 <-- 40.987137 s
currentSize : 22 <-- 48.401024 s

TIMEOUT
maxsize : 22
nodes : 160098347.000000
filtered : 4525813561.000000
time : 1000.000000
