Parameters: GAD=1 vflib=1 dir=0 label=0 lowerbound=1 fileNameGp=../../cp2016-max-common-connected-subgraph-paper/datasets/graphsdb/mcs50/bvg/b06/mcs50_b06_s25.A03 fileNameGt=../../cp2016-max-common-connected-subgraph-paper/datasets/graphsdb/mcs50/bvg/b06/mcs50_b06_s25.B03
Reading graphs...
25 :  75
25 :  74
Initializing...
maxdom : 25
D->valSize : 625
Solving...
currentSize : 9 <-- 0.004812 s
currentSize : 11 <-- 0.004843 s
currentSize : 12 <-- 0.004851 s
currentSize : 13 <-- 0.004956 s
currentSize : 14 <-- 0.006262 s
currentSize : 15 <-- 0.687596 s
currentSize : 16 <-- 1.269629 s

maxsize : 16
nodes : 795464.000000
filtered : 15391275.000000
time : 3.402898
