Parameters: GAD=1 vflib=1 dir=0 label=0 lowerbound=1 fileNameGp=../../cp2016-max-common-connected-subgraph-paper/datasets/graphsdb/mcs50/bvg/b09m/mcs50_b09m_s35.A07 fileNameGt=../../cp2016-max-common-connected-subgraph-paper/datasets/graphsdb/mcs50/bvg/b09m/mcs50_b09m_s35.B07
Reading graphs...
35 :  148
35 :  148
Initializing...
maxdom : 35
D->valSize : 1225
Solving...
currentSize : 12 <-- 0.018083 s
currentSize : 13 <-- 0.019398 s
currentSize : 14 <-- 0.022081 s
currentSize : 15 <-- 0.022145 s
currentSize : 16 <-- 0.072499 s
currentSize : 17 <-- 0.537800 s
currentSize : 18 <-- 261.816589 s
currentSize : 19 <-- 577.003174 s

TIMEOUT
maxsize : 19
nodes : 189657001.000000
filtered : 4369277104.000000
time : 1000.000000
