Parameters: GAD=1 vflib=1 dir=0 label=0 lowerbound=1 fileNameGp=../../cp2016-max-common-connected-subgraph-paper/datasets/graphsdb/mcs50/bvg/b09/mcs50_b09_s40.A05 fileNameGt=../../cp2016-max-common-connected-subgraph-paper/datasets/graphsdb/mcs50/bvg/b09/mcs50_b09_s40.B05
Reading graphs...
40 :  177
40 :  176
Initializing...
maxdom : 40
D->valSize : 1600
Solving...
currentSize : 11 <-- 0.031340 s
currentSize : 13 <-- 0.031360 s
currentSize : 14 <-- 0.031541 s
currentSize : 15 <-- 0.032291 s
currentSize : 16 <-- 0.033341 s
currentSize : 17 <-- 0.036918 s
currentSize : 18 <-- 0.145028 s
currentSize : 19 <-- 1.764429 s
currentSize : 20 <-- 1.791037 s
currentSize : 21 <-- 34.115395 s
currentSize : 22 <-- 34.223408 s
currentSize : 23 <-- 951.945679 s

TIMEOUT
maxsize : 23
nodes : 160474103.000000
filtered : 4509749409.000000
time : 1000.000061
