Parameters: GAD=1 vflib=1 dir=0 label=0 lowerbound=1 fileNameGp=../../cp2016-max-common-connected-subgraph-paper/datasets/graphsdb/mcs50/bvg/b03m/mcs50_b03m_s50.A01 fileNameGt=../../cp2016-max-common-connected-subgraph-paper/datasets/graphsdb/mcs50/bvg/b03m/mcs50_b03m_s50.B01
Reading graphs...
50 :  74
50 :  74
Initializing...
maxdom : 50
D->valSize : 2500
Solving...
currentSize : 23 <-- 0.097548 s
currentSize : 24 <-- 0.097569 s
currentSize : 25 <-- 0.097697 s
currentSize : 26 <-- 0.099215 s
currentSize : 27 <-- 0.171527 s
currentSize : 28 <-- 0.277086 s
currentSize : 29 <-- 8.460981 s
currentSize : 30 <-- 20.017591 s
currentSize : 31 <-- 111.990311 s
currentSize : 32 <-- 337.916260 s
currentSize : 33 <-- 537.361023 s

TIMEOUT
maxsize : 33
nodes : 193595583.000000
filtered : 3021502912.000000
time : 1000.000061
