Parameters: GAD=1 vflib=1 dir=0 label=0 lowerbound=1 fileNameGp=../../cp2016-max-common-connected-subgraph-paper/datasets/graphsdb/mcs50/bvg/b06m/mcs50_b06m_s40.A03 fileNameGt=../../cp2016-max-common-connected-subgraph-paper/datasets/graphsdb/mcs50/bvg/b06m/mcs50_b06m_s40.B03
Reading graphs...
40 :  116
40 :  116
Initializing...
maxdom : 40
D->valSize : 1600
Solving...
currentSize : 14 <-- 0.058664 s
currentSize : 15 <-- 0.058830 s
currentSize : 16 <-- 0.058931 s
currentSize : 17 <-- 0.059043 s
currentSize : 18 <-- 0.069848 s
currentSize : 19 <-- 0.087915 s
currentSize : 20 <-- 0.988802 s
currentSize : 21 <-- 15.443294 s
currentSize : 22 <-- 164.951920 s

TIMEOUT
maxsize : 22
nodes : 180763881.000000
filtered : 3979838526.000000
time : 1000.000061
