Parameters: GAD=1 vflib=1 dir=0 label=0 lowerbound=1 fileNameGp=../../cp2016-max-common-connected-subgraph-paper/datasets/graphsdb/mcs50/m2D/m2Dr2/mcs50_m2Dr2_s50.A00 fileNameGt=../../cp2016-max-common-connected-subgraph-paper/datasets/graphsdb/mcs50/m2D/m2Dr2/mcs50_m2Dr2_s50.B00
Reading graphs...
50 :  95
50 :  94
Initializing...
maxdom : 50
D->valSize : 2500
Solving...
currentSize : 24 <-- 0.095587 s
currentSize : 26 <-- 0.099294 s
currentSize : 27 <-- 0.241020 s
currentSize : 28 <-- 18.000938 s
currentSize : 29 <-- 28.803415 s
currentSize : 30 <-- 523.400208 s
currentSize : 31 <-- 639.902771 s

TIMEOUT
maxsize : 31
nodes : 202716690.000000
filtered : 2736914775.000000
time : 1000.000061
