Parameters: GAD=1 vflib=1 dir=0 label=0 lowerbound=1 fileNameGp=../../cp2016-max-common-connected-subgraph-paper/datasets/graphsdb/mcs50/rand/r005/mcs50_r005_s20.A00 fileNameGt=../../cp2016-max-common-connected-subgraph-paper/datasets/graphsdb/mcs50/rand/r005/mcs50_r005_s20.B00
Reading graphs...
20 :  24
20 :  24
Initializing...
maxdom : 20
D->valSize : 400
Solving...
currentSize : 6 <-- 0.002365 s
currentSize : 7 <-- 0.002444 s
currentSize : 8 <-- 0.002657 s
currentSize : 9 <-- 0.002744 s
currentSize : 10 <-- 0.003165 s
currentSize : 11 <-- 0.003342 s
currentSize : 12 <-- 0.005484 s
currentSize : 13 <-- 0.005510 s
currentSize : 14 <-- 0.005514 s
currentSize : 16 <-- 0.005712 s

maxsize : 16
nodes : 4953.000000
filtered : 101189.000000
time : 0.029380
