Parameters: GAD=1 vflib=1 dir=0 label=0 lowerbound=1 fileNameGp=../../cp2016-max-common-connected-subgraph-paper/datasets/graphsdb/mcs50/m4D/m4D/mcs50_m4D_s35.A01 fileNameGt=../../cp2016-max-common-connected-subgraph-paper/datasets/graphsdb/mcs50/m4D/m4D/mcs50_m4D_s35.B01
Reading graphs...
35 :  63
35 :  62
Initializing...
maxdom : 35
D->valSize : 1225
Solving...
currentSize : 16 <-- 0.020619 s
currentSize : 17 <-- 0.020642 s
currentSize : 18 <-- 0.020702 s
currentSize : 19 <-- 0.023225 s
currentSize : 20 <-- 0.035642 s
currentSize : 21 <-- 0.783808 s
currentSize : 22 <-- 61.478348 s
currentSize : 23 <-- 61.483215 s
currentSize : 24 <-- 100.037209 s

maxsize : 24
nodes : 78946178.000000
filtered : 1662169372.000000
time : 406.474030
