Parameters: GAD=1 vflib=1 dir=0 label=0 lowerbound=1 fileNameGp=../../cp2016-max-common-connected-subgraph-paper/datasets/graphsdb/mcs50/bvg/b09m/mcs50_b09m_s40.A01 fileNameGt=../../cp2016-max-common-connected-subgraph-paper/datasets/graphsdb/mcs50/bvg/b09m/mcs50_b09m_s40.B01
Reading graphs...
40 :  171
40 :  171
Initializing...
maxdom : 40
D->valSize : 1600
Solving...
currentSize : 14 <-- 0.058291 s
currentSize : 15 <-- 0.058491 s
currentSize : 16 <-- 0.085116 s
currentSize : 17 <-- 0.087225 s
currentSize : 18 <-- 0.277324 s
currentSize : 19 <-- 3.858312 s
currentSize : 20 <-- 42.816353 s

TIMEOUT
maxsize : 20
nodes : 182557248.000000
filtered : 3984710988.000000
time : 1000.000061
