Parameters: GAD=1 vflib=1 dir=0 label=0 lowerbound=1 fileNameGp=../../cp2016-max-common-connected-subgraph-paper/datasets/graphsdb/mcs50/rand/r005/mcs50_r005_s40.A07 fileNameGt=../../cp2016-max-common-connected-subgraph-paper/datasets/graphsdb/mcs50/rand/r005/mcs50_r005_s40.B07
Reading graphs...
40 :  77
40 :  76
Initializing...
maxdom : 40
D->valSize : 1600
Solving...
currentSize : 18 <-- 0.035461 s
currentSize : 19 <-- 0.035609 s
currentSize : 20 <-- 0.169309 s
currentSize : 21 <-- 0.498283 s
currentSize : 22 <-- 0.617164 s
currentSize : 23 <-- 1.037243 s
currentSize : 24 <-- 70.485672 s
currentSize : 25 <-- 117.012291 s
currentSize : 26 <-- 782.310852 s

TIMEOUT
maxsize : 26
nodes : 195380800.000000
filtered : 3617052089.000000
time : 1000.000000
