Parameters: GAD=1 vflib=1 dir=0 label=0 lowerbound=1 fileNameGp=../../cp2016-max-common-connected-subgraph-paper/datasets/graphsdb/mcs50/m2D/m2Dr4/mcs50_m2Dr4_s40.A09 fileNameGt=../../cp2016-max-common-connected-subgraph-paper/datasets/graphsdb/mcs50/m2D/m2Dr4/mcs50_m2Dr4_s40.B09
Reading graphs...
40 :  82
40 :  80
Initializing...
maxdom : 40
D->valSize : 1600
Solving...
currentSize : 17 <-- 0.035545 s
currentSize : 18 <-- 0.035673 s
currentSize : 19 <-- 0.077151 s
currentSize : 20 <-- 0.083801 s
currentSize : 21 <-- 0.181510 s
currentSize : 22 <-- 1.194560 s
currentSize : 23 <-- 3.909751 s
currentSize : 24 <-- 7.044507 s
currentSize : 25 <-- 75.591957 s
currentSize : 26 <-- 278.735718 s

TIMEOUT
maxsize : 26
nodes : 172755152.000000
filtered : 4090063625.000000
time : 1000.000061
