Parameters: GAD=1 vflib=1 dir=0 label=0 lowerbound=1 fileNameGp=../../cp2016-max-common-connected-subgraph-paper/datasets/graphsdb/mcs50/m2D/m2Dr6/mcs50_m2Dr6_s40.A08 fileNameGt=../../cp2016-max-common-connected-subgraph-paper/datasets/graphsdb/mcs50/m2D/m2Dr6/mcs50_m2Dr6_s40.B08
Reading graphs...
40 :  91
40 :  88
Initializing...
maxdom : 40
D->valSize : 1600
Solving...
currentSize : 18 <-- 0.062941 s
currentSize : 19 <-- 0.063012 s
currentSize : 20 <-- 0.065330 s
currentSize : 21 <-- 0.065381 s
currentSize : 22 <-- 0.079060 s
currentSize : 23 <-- 0.097336 s
currentSize : 24 <-- 0.098076 s
currentSize : 25 <-- 3.286761 s

TIMEOUT
maxsize : 25
nodes : 166188357.000000
filtered : 4555681975.000000
time : 1000.000061
