Parameters: GAD=1 vflib=1 dir=0 label=0 lowerbound=1 fileNameGp=../../cp2016-max-common-connected-subgraph-paper/datasets/graphsdb/mcs50/m3D/m3Dr6/mcs50_m3Dr6_s50.A08 fileNameGt=../../cp2016-max-common-connected-subgraph-paper/datasets/graphsdb/mcs50/m3D/m3Dr6/mcs50_m3Dr6_s50.B08
Reading graphs...
50 :  135
50 :  133
Initializing...
maxdom : 50
D->valSize : 2500
Solving...
currentSize : 19 <-- 0.109498 s
currentSize : 21 <-- 0.109584 s
currentSize : 22 <-- 0.128602 s
currentSize : 23 <-- 0.227463 s
currentSize : 24 <-- 0.381790 s
currentSize : 25 <-- 0.685774 s
currentSize : 26 <-- 7.382290 s
currentSize : 27 <-- 16.192820 s
currentSize : 28 <-- 69.309738 s

TIMEOUT
maxsize : 28
nodes : 162584999.000000
filtered : 3761527412.000000
time : 1000.000061
