Parameters: GAD=1 vflib=1 dir=0 label=0 lowerbound=1 fileNameGp=../../cp2016-max-common-connected-subgraph-paper/datasets/graphsdb/mcs50/rand/r005/mcs50_r005_s35.A08 fileNameGt=../../cp2016-max-common-connected-subgraph-paper/datasets/graphsdb/mcs50/rand/r005/mcs50_r005_s35.B08
Reading graphs...
35 :  60
35 :  61
Initializing...
maxdom : 35
D->valSize : 1225
Solving...
currentSize : 13 <-- 0.035941 s
currentSize : 14 <-- 0.035973 s
currentSize : 19 <-- 0.036026 s
currentSize : 20 <-- 0.036035 s
currentSize : 21 <-- 0.401271 s
currentSize : 22 <-- 15.083380 s
currentSize : 23 <-- 16.750984 s
currentSize : 24 <-- 141.430649 s

TIMEOUT
maxsize : 24
nodes : 185030466.000000
filtered : 4373678373.000000
time : 1000.000000
