Parameters: GAD=1 vflib=1 dir=0 label=0 lowerbound=1 fileNameGp=../../cp2016-max-common-connected-subgraph-paper/datasets/graphsdb/mcs50/bvg/b03m/mcs50_b03m_s35.A05 fileNameGt=../../cp2016-max-common-connected-subgraph-paper/datasets/graphsdb/mcs50/bvg/b03m/mcs50_b03m_s35.B05
Reading graphs...
35 :  51
35 :  51
Initializing...
maxdom : 35
D->valSize : 1225
Solving...
currentSize : 17 <-- 0.021360 s
currentSize : 18 <-- 0.021390 s
currentSize : 19 <-- 0.023401 s
currentSize : 20 <-- 0.026375 s
currentSize : 21 <-- 2.318984 s
currentSize : 22 <-- 4.760333 s
currentSize : 23 <-- 24.563265 s
currentSize : 24 <-- 111.126198 s

TIMEOUT
maxsize : 24
nodes : 223047658.000000
filtered : 3510807698.000000
time : 1000.000000
