Parameters: GAD=1 vflib=1 dir=0 label=0 lowerbound=1 fileNameGp=../../cp2016-max-common-connected-subgraph-paper/datasets/graphsdb/mcs50/m2D/m2Dr2/mcs50_m2Dr2_s30.A00 fileNameGt=../../cp2016-max-common-connected-subgraph-paper/datasets/graphsdb/mcs50/m2D/m2Dr2/mcs50_m2Dr2_s30.B00
Reading graphs...
30 :  54
30 :  54
Initializing...
maxdom : 30
D->valSize : 900
Solving...
currentSize : 16 <-- 0.011124 s
currentSize : 17 <-- 0.011167 s
currentSize : 18 <-- 0.077740 s
currentSize : 19 <-- 0.430412 s
currentSize : 20 <-- 7.151055 s
currentSize : 21 <-- 22.879345 s

maxsize : 21
nodes : 13597417.000000
filtered : 282000998.000000
time : 64.380539
