Parameters: GAD=1 vflib=1 dir=0 label=0 lowerbound=1 fileNameGp=../../cp2016-max-common-connected-subgraph-paper/datasets/graphsdb/mcs50/bvg/b06m/mcs50_b06m_s40.A05 fileNameGt=../../cp2016-max-common-connected-subgraph-paper/datasets/graphsdb/mcs50/bvg/b06m/mcs50_b06m_s40.B05
Reading graphs...
40 :  115
40 :  114
Initializing...
maxdom : 40
D->valSize : 1600
Solving...
currentSize : 15 <-- 0.055256 s
currentSize : 17 <-- 0.055292 s
currentSize : 18 <-- 0.055309 s
currentSize : 19 <-- 0.058128 s
currentSize : 20 <-- 0.258619 s
currentSize : 21 <-- 7.123822 s
currentSize : 22 <-- 17.981911 s
currentSize : 23 <-- 244.561050 s
currentSize : 24 <-- 311.840729 s

TIMEOUT
maxsize : 24
nodes : 162678324.000000
filtered : 4530070045.000000
time : 1000.000000
