Parameters: GAD=1 vflib=1 dir=0 label=0 lowerbound=1 fileNameGp=../../cp2016-max-common-connected-subgraph-paper/datasets/graphsdb/mcs50/bvg/b06/mcs50_b06_s50.A09 fileNameGt=../../cp2016-max-common-connected-subgraph-paper/datasets/graphsdb/mcs50/bvg/b06/mcs50_b06_s50.B09
Reading graphs...
50 :  147
50 :  148
Initializing...
maxdom : 50
D->valSize : 2500
Solving...
currentSize : 20 <-- 0.111907 s
currentSize : 21 <-- 0.111960 s
currentSize : 22 <-- 0.112768 s
currentSize : 23 <-- 0.237198 s
currentSize : 24 <-- 0.604569 s
currentSize : 25 <-- 1.692697 s
currentSize : 26 <-- 5.086177 s

TIMEOUT
maxsize : 26
nodes : 174250789.000000
filtered : 3788290764.000000
time : 1000.000061
