Parameters: GAD=1 vflib=1 dir=0 label=0 lowerbound=1 fileNameGp=../../cp2016-max-common-connected-subgraph-paper/datasets/graphsdb/mcs50/m4D/m4Dr2/mcs50_m4Dr2_s40.A08 fileNameGt=../../cp2016-max-common-connected-subgraph-paper/datasets/graphsdb/mcs50/m4D/m4Dr2/mcs50_m4Dr2_s40.B08
Reading graphs...
40 :  78
40 :  78
Initializing...
maxdom : 40
D->valSize : 1600
Solving...
currentSize : 16 <-- 0.063340 s
currentSize : 18 <-- 0.066192 s
currentSize : 19 <-- 0.425853 s
currentSize : 20 <-- 1.332078 s
currentSize : 21 <-- 1.627146 s
currentSize : 22 <-- 1.738946 s
currentSize : 23 <-- 1.991594 s
currentSize : 24 <-- 283.826324 s
currentSize : 25 <-- 332.238861 s
currentSize : 26 <-- 577.527771 s

TIMEOUT
maxsize : 26
nodes : 193345608.000000
filtered : 3386228359.000000
time : 1000.000061
