Parameters: GAD=1 vflib=1 dir=0 label=0 lowerbound=1 fileNameGp=../../cp2016-max-common-connected-subgraph-paper/datasets/graphsdb/mcs50/m2D/m2Dr4/mcs50_m2Dr4_s50.A06 fileNameGt=../../cp2016-max-common-connected-subgraph-paper/datasets/graphsdb/mcs50/m2D/m2Dr4/mcs50_m2Dr4_s50.B06
Reading graphs...
50 :  105
50 :  102
Initializing...
maxdom : 50
D->valSize : 2500
Solving...
currentSize : 22 <-- 0.095257 s
currentSize : 23 <-- 0.095352 s
currentSize : 24 <-- 0.104522 s
currentSize : 25 <-- 0.117902 s
currentSize : 26 <-- 0.305074 s
currentSize : 27 <-- 0.564447 s
currentSize : 28 <-- 18.040289 s
currentSize : 29 <-- 78.396721 s
currentSize : 30 <-- 182.251923 s

TIMEOUT
maxsize : 30
nodes : 179127443.000000
filtered : 3348083632.000000
time : 1000.000061
