Parameters: GAD=1 vflib=1 dir=0 label=0 lowerbound=1 fileNameGp=../../cp2016-max-common-connected-subgraph-paper/datasets/graphsdb/mcs50/rand/r005/mcs50_r005_s30.A07 fileNameGt=../../cp2016-max-common-connected-subgraph-paper/datasets/graphsdb/mcs50/rand/r005/mcs50_r005_s30.B07
Reading graphs...
30 :  45
30 :  46
Initializing...
maxdom : 30
D->valSize : 900
Solving...
currentSize : 14 <-- 0.019530 s
currentSize : 17 <-- 0.019629 s
currentSize : 18 <-- 0.173048 s
currentSize : 19 <-- 0.206532 s
currentSize : 20 <-- 0.455486 s
currentSize : 21 <-- 0.455506 s
currentSize : 22 <-- 2.388589 s

maxsize : 22
nodes : 3581888.000000
filtered : 83371910.000000
time : 18.892334
