Parameters: GAD=1 vflib=1 dir=0 label=0 lowerbound=1 fileNameGp=../../cp2016-max-common-connected-subgraph-paper/datasets/graphsdb/mcs50/m4D/m4D/mcs50_m4D_s40.A05 fileNameGt=../../cp2016-max-common-connected-subgraph-paper/datasets/graphsdb/mcs50/m4D/m4D/mcs50_m4D_s40.B05
Reading graphs...
40 :  71
40 :  71
Initializing...
maxdom : 40
D->valSize : 1600
Solving...
currentSize : 16 <-- 0.035862 s
currentSize : 17 <-- 0.035880 s
currentSize : 18 <-- 0.037401 s
currentSize : 19 <-- 0.037409 s
currentSize : 20 <-- 0.235035 s
currentSize : 21 <-- 0.261286 s
currentSize : 22 <-- 0.339811 s
currentSize : 23 <-- 0.341090 s
currentSize : 24 <-- 11.079844 s
currentSize : 25 <-- 63.049332 s
currentSize : 26 <-- 103.426308 s
currentSize : 27 <-- 206.441879 s

TIMEOUT
maxsize : 27
nodes : 182453564.000000
filtered : 3742818884.000000
time : 1000.000000
