Parameters: GAD=1 vflib=1 dir=0 label=0 lowerbound=1 fileNameGp=../../cp2016-max-common-connected-subgraph-paper/datasets/graphsdb/mcs50/bvg/b09/mcs50_b09_s50.A04 fileNameGt=../../cp2016-max-common-connected-subgraph-paper/datasets/graphsdb/mcs50/bvg/b09/mcs50_b09_s50.B04
Reading graphs...
50 :  222
50 :  220
Initializing...
maxdom : 50
D->valSize : 2500
Solving...
currentSize : 17 <-- 0.085004 s
currentSize : 18 <-- 0.085431 s
currentSize : 19 <-- 0.094300 s
currentSize : 20 <-- 0.094309 s
currentSize : 21 <-- 0.106262 s
currentSize : 22 <-- 1.483129 s
currentSize : 23 <-- 1.500594 s
currentSize : 24 <-- 678.187073 s

TIMEOUT
maxsize : 24
nodes : 163750499.000000
filtered : 3697717464.000000
time : 1000.000000
