Parameters: GAD=1 vflib=1 dir=0 label=0 lowerbound=1 fileNameGp=../../cp2016-max-common-connected-subgraph-paper/datasets/graphsdb/mcs50/bvg/b06m/mcs50_b06m_s50.A09 fileNameGt=../../cp2016-max-common-connected-subgraph-paper/datasets/graphsdb/mcs50/bvg/b06m/mcs50_b06m_s50.B09
Reading graphs...
50 :  148
50 :  148
Initializing...
maxdom : 50
D->valSize : 2500
Solving...
currentSize : 14 <-- 0.091012 s
currentSize : 20 <-- 0.091136 s
currentSize : 21 <-- 0.091257 s
currentSize : 22 <-- 0.092407 s
currentSize : 23 <-- 0.095014 s
currentSize : 24 <-- 0.096441 s
currentSize : 25 <-- 0.173889 s
currentSize : 26 <-- 4.952608 s
currentSize : 27 <-- 286.510162 s

TIMEOUT
maxsize : 27
nodes : 155283639.000000
filtered : 4201871975.000000
time : 1000.000061
