Parameters: GAD=1 vflib=1 dir=0 label=0 lowerbound=1 fileNameGp=../../cp2016-max-common-connected-subgraph-paper/datasets/graphsdb/mcs50/m3D/m3Dr2/mcs50_m3Dr2_s50.A02 fileNameGt=../../cp2016-max-common-connected-subgraph-paper/datasets/graphsdb/mcs50/m3D/m3Dr2/mcs50_m3Dr2_s50.B02
Reading graphs...
50 :  116
50 :  116
Initializing...
maxdom : 50
D->valSize : 2500
Solving...
currentSize : 23 <-- 0.161572 s
currentSize : 24 <-- 0.185424 s
currentSize : 25 <-- 0.222650 s
currentSize : 26 <-- 0.813556 s
currentSize : 27 <-- 0.813736 s
currentSize : 28 <-- 1.637543 s
currentSize : 29 <-- 396.033325 s

TIMEOUT
maxsize : 29
nodes : 159669130.000000
filtered : 3517428682.000000
time : 1000.000061
