Parameters: GAD=1 vflib=1 dir=0 label=0 lowerbound=1 fileNameGp=../../cp2016-max-common-connected-subgraph-paper/datasets/graphsdb/mcs50/bvg/b09/mcs50_b09_s50.A00 fileNameGt=../../cp2016-max-common-connected-subgraph-paper/datasets/graphsdb/mcs50/bvg/b09/mcs50_b09_s50.B00
Reading graphs...
50 :  220
50 :  223
Initializing...
maxdom : 50
D->valSize : 2500
Solving...
currentSize : 16 <-- 0.116240 s
currentSize : 18 <-- 0.116572 s
currentSize : 19 <-- 0.158847 s
currentSize : 20 <-- 0.530320 s
currentSize : 21 <-- 0.639365 s
currentSize : 22 <-- 2.322984 s
currentSize : 23 <-- 16.299040 s
currentSize : 24 <-- 713.855835 s
currentSize : 25 <-- 933.679810 s
currentSize : 26 <-- 933.688293 s

TIMEOUT
maxsize : 26
nodes : 159302692.000000
filtered : 3329954982.000000
time : 1000.000061
