Parameters: GAD=1 vflib=1 dir=0 label=0 lowerbound=1 fileNameGp=../../cp2016-max-common-connected-subgraph-paper/datasets/graphsdb/mcs50/m3D/m3Dr4/mcs50_m3Dr4_s50.A06 fileNameGt=../../cp2016-max-common-connected-subgraph-paper/datasets/graphsdb/mcs50/m3D/m3Dr4/mcs50_m3Dr4_s50.B06
Reading graphs...
50 :  127
50 :  128
Initializing...
maxdom : 50
D->valSize : 2500
Solving...
currentSize : 17 <-- 0.093488 s
currentSize : 21 <-- 0.093595 s
currentSize : 22 <-- 0.093604 s
currentSize : 23 <-- 0.105502 s
currentSize : 24 <-- 0.105890 s
currentSize : 25 <-- 3.161695 s
currentSize : 26 <-- 22.690184 s
currentSize : 27 <-- 57.147961 s
currentSize : 28 <-- 303.252258 s

TIMEOUT
maxsize : 28
nodes : 167321881.000000
filtered : 3600440974.000000
time : 1000.000061
