Parameters: GAD=1 vflib=1 dir=0 label=0 lowerbound=1 fileNameGp=../../cp2016-max-common-connected-subgraph-paper/datasets/graphsdb/mcs50/bvg/b09/mcs50_b09_s35.A09 fileNameGt=../../cp2016-max-common-connected-subgraph-paper/datasets/graphsdb/mcs50/bvg/b09/mcs50_b09_s35.B09
Reading graphs...
35 :  155
35 :  151
Initializing...
maxdom : 35
D->valSize : 1225
Solving...
currentSize : 11 <-- 0.018161 s
currentSize : 13 <-- 0.018236 s
currentSize : 14 <-- 0.018438 s
currentSize : 15 <-- 0.034496 s
currentSize : 16 <-- 0.423182 s
currentSize : 17 <-- 1.513715 s
currentSize : 18 <-- 3.502288 s
currentSize : 19 <-- 72.355202 s
currentSize : 20 <-- 72.365044 s

maxsize : 20
nodes : 74453414.000000
filtered : 2089371924.000000
time : 422.920685
