Parameters: GAD=1 vflib=1 dir=0 label=0 lowerbound=1 fileNameGp=../../cp2016-max-common-connected-subgraph-paper/datasets/graphsdb/mcs50/rand/r02/mcs50_r02_s30.A00 fileNameGt=../../cp2016-max-common-connected-subgraph-paper/datasets/graphsdb/mcs50/rand/r02/mcs50_r02_s30.B00
Reading graphs...
30 :  157
30 :  159
Initializing...
maxdom : 30
D->valSize : 900
Solving...
currentSize : 10 <-- 0.009808 s
currentSize : 11 <-- 0.009834 s
currentSize : 12 <-- 0.010411 s
currentSize : 13 <-- 0.158674 s
currentSize : 14 <-- 0.564873 s
currentSize : 15 <-- 369.739594 s

maxsize : 15
nodes : 98253736.000000
filtered : 1296479325.000000
time : 401.423004
