Parameters: GAD=1 vflib=1 dir=0 label=0 lowerbound=1 fileNameGp=../../cp2016-max-common-connected-subgraph-paper/datasets/graphsdb/mcs50/rand/r005/mcs50_r005_s30.A05 fileNameGt=../../cp2016-max-common-connected-subgraph-paper/datasets/graphsdb/mcs50/rand/r005/mcs50_r005_s30.B05
Reading graphs...
30 :  47
30 :  46
Initializing...
maxdom : 30
D->valSize : 900
Solving...
currentSize : 11 <-- 0.011097 s
currentSize : 17 <-- 0.011171 s
currentSize : 18 <-- 0.011322 s
currentSize : 20 <-- 0.026889 s
currentSize : 21 <-- 10.715677 s
currentSize : 22 <-- 14.229912 s

maxsize : 22
nodes : 6916789.000000
filtered : 137801753.000000
time : 32.657566
