Parameters: GAD=1 vflib=1 dir=0 label=0 lowerbound=1 fileNameGp=../../cp2016-max-common-connected-subgraph-paper/datasets/graphsdb/mcs50/m2D/m2D/mcs50_m2D_s50.A04 fileNameGt=../../cp2016-max-common-connected-subgraph-paper/datasets/graphsdb/mcs50/m2D/m2D/mcs50_m2D_s50.B04
Reading graphs...
50 :  85
50 :  84
Initializing...
maxdom : 50
D->valSize : 2500
Solving...
currentSize : 21 <-- 0.097029 s
currentSize : 22 <-- 0.097225 s
currentSize : 24 <-- 0.099373 s
currentSize : 25 <-- 0.104293 s
currentSize : 26 <-- 0.478368 s
currentSize : 27 <-- 8.021154 s
currentSize : 28 <-- 35.927975 s
currentSize : 29 <-- 72.533539 s
currentSize : 30 <-- 489.637878 s

TIMEOUT
maxsize : 30
nodes : 238646613.000000
filtered : 2265825277.000000
time : 1000.000061
