Parameters: GAD=1 vflib=1 dir=0 label=0 lowerbound=1 fileNameGp=../../cp2016-max-common-connected-subgraph-paper/datasets/graphsdb/mcs50/bvg/b09m/mcs50_b09m_s30.A02 fileNameGt=../../cp2016-max-common-connected-subgraph-paper/datasets/graphsdb/mcs50/bvg/b09m/mcs50_b09m_s30.B02
Reading graphs...
30 :  127
30 :  122
Initializing...
maxdom : 30
D->valSize : 900
Solving...
currentSize : 11 <-- 0.009483 s
currentSize : 12 <-- 0.009627 s
currentSize : 13 <-- 0.010606 s
currentSize : 14 <-- 0.042786 s
currentSize : 15 <-- 0.084627 s
currentSize : 16 <-- 3.321139 s
currentSize : 17 <-- 8.216672 s

maxsize : 17
nodes : 13162438.000000
filtered : 320821795.000000
time : 66.582001
