Parameters: GAD=1 vflib=1 dir=0 label=0 lowerbound=1 fileNameGp=../../cp2016-max-common-connected-subgraph-paper/datasets/graphsdb/mcs50/rand/r005/mcs50_r005_s50.A03 fileNameGt=../../cp2016-max-common-connected-subgraph-paper/datasets/graphsdb/mcs50/rand/r005/mcs50_r005_s50.B03
Reading graphs...
50 :  117
50 :  118
Initializing...
maxdom : 50
D->valSize : 2500
Solving...
currentSize : 22 <-- 0.112308 s
currentSize : 23 <-- 0.112549 s
currentSize : 24 <-- 0.119990 s
currentSize : 26 <-- 0.179294 s
currentSize : 27 <-- 2.000394 s
currentSize : 28 <-- 19.965424 s
currentSize : 29 <-- 266.322540 s

TIMEOUT
maxsize : 29
nodes : 170043656.000000
filtered : 3216844389.000000
time : 1000.000061
