Parameters: GAD=1 vflib=1 dir=0 label=0 lowerbound=1 fileNameGp=../../cp2016-max-common-connected-subgraph-paper/datasets/graphsdb/mcs50/m4D/m4Dr6/mcs50_m4Dr6_s40.A00 fileNameGt=../../cp2016-max-common-connected-subgraph-paper/datasets/graphsdb/mcs50/m4D/m4Dr6/mcs50_m4Dr6_s40.B00
Reading graphs...
40 :  93
40 :  94
Initializing...
maxdom : 40
D->valSize : 1600
Solving...
currentSize : 16 <-- 0.058459 s
currentSize : 17 <-- 0.058758 s
currentSize : 18 <-- 0.060019 s
currentSize : 19 <-- 0.083717 s
currentSize : 20 <-- 0.181341 s
currentSize : 21 <-- 0.863323 s
currentSize : 22 <-- 13.065668 s
currentSize : 23 <-- 33.826672 s
currentSize : 24 <-- 89.056488 s
currentSize : 25 <-- 183.417694 s
currentSize : 26 <-- 818.531006 s

TIMEOUT
maxsize : 26
nodes : 168104967.000000
filtered : 4413296917.000000
time : 1000.000000
