Parameters: GAD=1 vflib=1 dir=0 label=0 lowerbound=1 fileNameGp=../../cp2016-max-common-connected-subgraph-paper/datasets/graphsdb/mcs50/bvg/b03/mcs50_b03_s35.A01 fileNameGt=../../cp2016-max-common-connected-subgraph-paper/datasets/graphsdb/mcs50/bvg/b03/mcs50_b03_s35.B01
Reading graphs...
35 :  52
35 :  52
Initializing...
maxdom : 35
D->valSize : 1225
Solving...
currentSize : 13 <-- 0.021086 s
currentSize : 14 <-- 0.021111 s
currentSize : 15 <-- 0.021143 s
currentSize : 16 <-- 0.022161 s
currentSize : 17 <-- 0.031481 s
currentSize : 18 <-- 0.061183 s
currentSize : 19 <-- 0.238065 s
currentSize : 20 <-- 0.298167 s
currentSize : 21 <-- 2.772616 s
currentSize : 22 <-- 5.909141 s
currentSize : 23 <-- 15.254304 s
currentSize : 24 <-- 73.647781 s
currentSize : 25 <-- 165.144409 s

maxsize : 25
nodes : 124249118.000000
filtered : 2609797384.000000
time : 650.290100
