Parameters: GAD=1 vflib=1 dir=0 label=0 lowerbound=1 fileNameGp=../../cp2016-max-common-connected-subgraph-paper/datasets/graphsdb/mcs50/m4D/m4Dr2/mcs50_m4Dr2_s30.A08 fileNameGt=../../cp2016-max-common-connected-subgraph-paper/datasets/graphsdb/mcs50/m4D/m4Dr2/mcs50_m4Dr2_s30.B08
Reading graphs...
30 :  60
30 :  60
Initializing...
maxdom : 30
D->valSize : 900
Solving...
currentSize : 9 <-- 0.010632 s
currentSize : 10 <-- 0.010658 s
currentSize : 12 <-- 0.010671 s
currentSize : 13 <-- 0.010688 s
currentSize : 14 <-- 0.011802 s
currentSize : 15 <-- 0.013677 s
currentSize : 18 <-- 0.041721 s
currentSize : 19 <-- 2.472744 s
currentSize : 20 <-- 5.594205 s
currentSize : 21 <-- 15.382570 s

maxsize : 21
nodes : 6463855.000000
filtered : 140775343.000000
time : 31.365721
