Parameters: GAD=1 vflib=1 dir=0 label=0 lowerbound=1 fileNameGp=../../cp2016-max-common-connected-subgraph-paper/datasets/graphsdb/mcs50/m2D/m2Dr2/mcs50_m2Dr2_s40.A02 fileNameGt=../../cp2016-max-common-connected-subgraph-paper/datasets/graphsdb/mcs50/m2D/m2Dr2/mcs50_m2Dr2_s40.B02
Reading graphs...
40 :  73
40 :  74
Initializing...
maxdom : 40
D->valSize : 1600
Solving...
currentSize : 18 <-- 0.064802 s
currentSize : 19 <-- 0.066717 s
currentSize : 20 <-- 0.066932 s
currentSize : 21 <-- 0.148512 s
currentSize : 22 <-- 0.328152 s
currentSize : 23 <-- 5.905834 s
currentSize : 24 <-- 103.799889 s
currentSize : 25 <-- 456.109772 s

TIMEOUT
maxsize : 25
nodes : 213412784.000000
filtered : 3136919937.000000
time : 1000.000000
