Parameters: GAD=1 vflib=1 dir=0 label=0 lowerbound=1 fileNameGp=../../cp2016-max-common-connected-subgraph-paper/datasets/graphsdb/mcs50/m2D/m2D/mcs50_m2D_s30.A00 fileNameGt=../../cp2016-max-common-connected-subgraph-paper/datasets/graphsdb/mcs50/m2D/m2D/mcs50_m2D_s30.B00
Reading graphs...
30 :  49
30 :  48
Initializing...
maxdom : 30
D->valSize : 900
Solving...
currentSize : 13 <-- 0.019371 s
currentSize : 15 <-- 0.019499 s
currentSize : 16 <-- 0.022210 s
currentSize : 17 <-- 0.024208 s
currentSize : 18 <-- 0.200856 s
currentSize : 19 <-- 0.288245 s
currentSize : 20 <-- 9.522105 s
currentSize : 21 <-- 14.393129 s

maxsize : 21
nodes : 14161685.000000
filtered : 278846121.000000
time : 67.216370
