Parameters: GAD=1 vflib=1 dir=0 label=0 lowerbound=1 fileNameGp=../../cp2016-max-common-connected-subgraph-paper/datasets/graphsdb/mcs50/bvg/b03m/mcs50_b03m_s35.A00 fileNameGt=../../cp2016-max-common-connected-subgraph-paper/datasets/graphsdb/mcs50/bvg/b03m/mcs50_b03m_s35.B00
Reading graphs...
35 :  50
35 :  51
Initializing...
maxdom : 35
D->valSize : 1225
Solving...
currentSize : 16 <-- 0.033695 s
currentSize : 17 <-- 0.033718 s
currentSize : 18 <-- 0.033768 s
currentSize : 19 <-- 0.033812 s
currentSize : 20 <-- 0.041136 s
currentSize : 21 <-- 0.046573 s
currentSize : 22 <-- 0.060194 s
currentSize : 23 <-- 0.060213 s
currentSize : 24 <-- 7.851743 s
currentSize : 25 <-- 17.994017 s

maxsize : 25
nodes : 74086312.000000
filtered : 1634685951.000000
time : 393.623077
