Parameters: GAD=1 vflib=1 dir=0 label=0 lowerbound=1 fileNameGp=../../cp2016-max-common-connected-subgraph-paper/datasets/graphsdb/mcs50/bvg/b03m/mcs50_b03m_s35.A02 fileNameGt=../../cp2016-max-common-connected-subgraph-paper/datasets/graphsdb/mcs50/bvg/b03m/mcs50_b03m_s35.B02
Reading graphs...
35 :  51
35 :  51
Initializing...
maxdom : 35
D->valSize : 1225
Solving...
currentSize : 16 <-- 0.036833 s
currentSize : 17 <-- 0.037137 s
currentSize : 19 <-- 0.037192 s
currentSize : 20 <-- 0.037482 s
currentSize : 21 <-- 0.037627 s
currentSize : 22 <-- 0.089417 s
currentSize : 23 <-- 8.213343 s
currentSize : 24 <-- 8.918009 s
currentSize : 25 <-- 412.471436 s

maxsize : 25
nodes : 148888579.000000
filtered : 2947997189.000000
time : 741.117615
