Parameters: GAD=1 vflib=1 dir=0 label=0 lowerbound=1 fileNameGp=../../cp2016-max-common-connected-subgraph-paper/datasets/graphsdb/mcs50/m2D/m2Dr4/mcs50_m2Dr4_s40.A01 fileNameGt=../../cp2016-max-common-connected-subgraph-paper/datasets/graphsdb/mcs50/m2D/m2Dr4/mcs50_m2Dr4_s40.B01
Reading graphs...
40 :  82
40 :  83
Initializing...
maxdom : 40
D->valSize : 1600
Solving...
currentSize : 18 <-- 0.035324 s
currentSize : 19 <-- 0.035390 s
currentSize : 21 <-- 0.035598 s
currentSize : 22 <-- 0.039556 s
currentSize : 23 <-- 0.040454 s
currentSize : 24 <-- 10.240488 s
currentSize : 25 <-- 365.568634 s
currentSize : 26 <-- 891.283813 s

TIMEOUT
maxsize : 26
nodes : 192097205.000000
filtered : 3491152613.000000
time : 1000.000000
