Parameters: GAD=1 vflib=1 dir=0 label=0 lowerbound=1 fileNameGp=../../cp2016-max-common-connected-subgraph-paper/datasets/graphsdb/mcs50/bvg/b06/mcs50_b06_s40.A03 fileNameGt=../../cp2016-max-common-connected-subgraph-paper/datasets/graphsdb/mcs50/bvg/b06/mcs50_b06_s40.B03
Reading graphs...
40 :  118
40 :  116
Initializing...
maxdom : 40
D->valSize : 1600
Solving...
currentSize : 17 <-- 0.033470 s
currentSize : 18 <-- 0.033572 s
currentSize : 20 <-- 0.041208 s
currentSize : 21 <-- 0.359854 s
currentSize : 22 <-- 10.962038 s
currentSize : 23 <-- 17.141148 s
currentSize : 24 <-- 935.530457 s

TIMEOUT
maxsize : 24
nodes : 165639264.000000
filtered : 4630916877.000000
time : 1000.000061
