Parameters: GAD=1 vflib=1 dir=0 label=0 lowerbound=1 fileNameGp=../../cp2016-max-common-connected-subgraph-paper/datasets/graphsdb/mcs50/bvg/b09m/mcs50_b09m_s30.A03 fileNameGt=../../cp2016-max-common-connected-subgraph-paper/datasets/graphsdb/mcs50/bvg/b09m/mcs50_b09m_s30.B03
Reading graphs...
30 :  126
30 :  125
Initializing...
maxdom : 30
D->valSize : 900
Solving...
currentSize : 9 <-- 0.016468 s
currentSize : 10 <-- 0.016571 s
currentSize : 11 <-- 0.016598 s
currentSize : 12 <-- 0.016923 s
currentSize : 13 <-- 0.018545 s
currentSize : 14 <-- 0.058936 s
currentSize : 15 <-- 1.055616 s
currentSize : 16 <-- 17.746756 s

maxsize : 16
nodes : 39306293.000000
filtered : 727177525.000000
time : 175.425842
