Parameters: GAD=1 vflib=1 dir=0 label=0 lowerbound=1 fileNameGp=../../cp2016-max-common-connected-subgraph-paper/datasets/graphsdb/mcs50/m4D/m4Dr6/mcs50_m4Dr6_s40.A08 fileNameGt=../../cp2016-max-common-connected-subgraph-paper/datasets/graphsdb/mcs50/m4D/m4Dr6/mcs50_m4Dr6_s40.B08
Reading graphs...
40 :  92
40 :  91
Initializing...
maxdom : 40
D->valSize : 1600
Solving...
currentSize : 18 <-- 0.034890 s
currentSize : 19 <-- 0.034958 s
currentSize : 20 <-- 0.036167 s
currentSize : 21 <-- 0.058272 s
currentSize : 22 <-- 0.059672 s
currentSize : 23 <-- 4.332517 s
currentSize : 24 <-- 125.714470 s
currentSize : 25 <-- 183.508270 s

TIMEOUT
maxsize : 25
nodes : 175968296.000000
filtered : 4325771048.000000
time : 1000.000000
