Parameters: GAD=1 vflib=1 dir=0 label=0 lowerbound=1 fileNameGp=../../cp2016-max-common-connected-subgraph-paper/datasets/graphsdb/mcs50/bvg/b03/mcs50_b03_s30.A00 fileNameGt=../../cp2016-max-common-connected-subgraph-paper/datasets/graphsdb/mcs50/bvg/b03/mcs50_b03_s30.B00
Reading graphs...
30 :  44
30 :  45
Initializing...
maxdom : 30
D->valSize : 900
Solving...
currentSize : 12 <-- 0.019088 s
currentSize : 14 <-- 0.019119 s
currentSize : 15 <-- 0.019840 s
currentSize : 16 <-- 0.031724 s
currentSize : 17 <-- 0.070434 s
currentSize : 18 <-- 0.127396 s
currentSize : 19 <-- 5.119423 s
currentSize : 20 <-- 29.677736 s
currentSize : 21 <-- 115.502594 s

maxsize : 21
nodes : 36090939.000000
filtered : 493850460.000000
time : 136.934372
