Parameters: GAD=1 vflib=1 dir=0 label=0 lowerbound=1 fileNameGp=../../cp2016-max-common-connected-subgraph-paper/datasets/graphsdb/mcs50/bvg/b06m/mcs50_b06m_s40.A06 fileNameGt=../../cp2016-max-common-connected-subgraph-paper/datasets/graphsdb/mcs50/bvg/b06m/mcs50_b06m_s40.B06
Reading graphs...
40 :  116
40 :  117
Initializing...
maxdom : 40
D->valSize : 1600
Solving...
currentSize : 14 <-- 0.033806 s
currentSize : 15 <-- 0.034412 s
currentSize : 16 <-- 0.034501 s
currentSize : 17 <-- 0.036460 s
currentSize : 18 <-- 0.037379 s
currentSize : 19 <-- 0.041205 s
currentSize : 20 <-- 0.087785 s
currentSize : 21 <-- 1.554452 s
currentSize : 22 <-- 1.612980 s
currentSize : 23 <-- 395.117126 s

TIMEOUT
maxsize : 23
nodes : 172128502.000000
filtered : 4168916057.000000
time : 1000.000061
