Parameters: GAD=1 vflib=1 dir=0 label=0 lowerbound=1 fileNameGp=../../cp2016-max-common-connected-subgraph-paper/datasets/graphsdb/mcs50/bvg/b06m/mcs50_b06m_s35.A08 fileNameGt=../../cp2016-max-common-connected-subgraph-paper/datasets/graphsdb/mcs50/bvg/b06m/mcs50_b06m_s35.B08
Reading graphs...
35 :  103
35 :  101
Initializing...
maxdom : 35
D->valSize : 1225
Solving...
currentSize : 14 <-- 0.019309 s
currentSize : 15 <-- 0.019335 s
currentSize : 17 <-- 0.023587 s
currentSize : 18 <-- 0.096224 s
currentSize : 19 <-- 0.098984 s
currentSize : 20 <-- 14.758838 s
currentSize : 21 <-- 800.077637 s

TIMEOUT
maxsize : 21
nodes : 192632377.000000
filtered : 4515283406.000000
time : 1000.000000
