Parameters: GAD=1 vflib=1 dir=0 label=0 lowerbound=1 fileNameGp=../../cp2016-max-common-connected-subgraph-paper/datasets/graphsdb/mcs50/bvg/b03/mcs50_b03_s30.A09 fileNameGt=../../cp2016-max-common-connected-subgraph-paper/datasets/graphsdb/mcs50/bvg/b03/mcs50_b03_s30.B09
Reading graphs...
30 :  44
30 :  45
Initializing...
maxdom : 30
D->valSize : 900
Solving...
currentSize : 10 <-- 0.012123 s
currentSize : 11 <-- 0.012147 s
currentSize : 14 <-- 0.012170 s
currentSize : 15 <-- 0.012368 s
currentSize : 16 <-- 0.012450 s
currentSize : 17 <-- 0.014769 s
currentSize : 18 <-- 0.103510 s
currentSize : 19 <-- 0.114333 s
currentSize : 20 <-- 0.118263 s
currentSize : 21 <-- 0.235769 s
currentSize : 22 <-- 24.376303 s

maxsize : 22
nodes : 11369135.000000
filtered : 224717600.000000
time : 52.963268
