Parameters: GAD=1 vflib=1 dir=0 label=0 lowerbound=1 fileNameGp=../../cp2016-max-common-connected-subgraph-paper/datasets/graphsdb/mcs50/m4D/m4Dr6/mcs50_m4Dr6_s30.A08 fileNameGt=../../cp2016-max-common-connected-subgraph-paper/datasets/graphsdb/mcs50/m4D/m4Dr6/mcs50_m4Dr6_s30.B08
Reading graphs...
30 :  70
30 :  69
Initializing...
maxdom : 30
D->valSize : 900
Solving...
currentSize : 13 <-- 0.010600 s
currentSize : 14 <-- 0.010909 s
currentSize : 15 <-- 0.017439 s
currentSize : 16 <-- 0.018850 s
currentSize : 17 <-- 0.715170 s
currentSize : 18 <-- 0.826894 s
currentSize : 19 <-- 6.574158 s

maxsize : 19
nodes : 23991028.000000
filtered : 507316779.000000
time : 112.059402
