Parameters: GAD=1 vflib=1 dir=0 label=0 lowerbound=1 fileNameGp=../../cp2016-max-common-connected-subgraph-paper/datasets/graphsdb/mcs50/m2D/m2Dr6/mcs50_m2Dr6_s30.A09 fileNameGt=../../cp2016-max-common-connected-subgraph-paper/datasets/graphsdb/mcs50/m2D/m2Dr6/mcs50_m2Dr6_s30.B09
Reading graphs...
30 :  65
30 :  66
Initializing...
maxdom : 30
D->valSize : 900
Solving...
currentSize : 13 <-- 0.010577 s
currentSize : 15 <-- 0.010603 s
currentSize : 16 <-- 0.070011 s
currentSize : 17 <-- 0.109424 s
currentSize : 18 <-- 0.110192 s
currentSize : 19 <-- 0.699690 s
currentSize : 20 <-- 24.776976 s

maxsize : 20
nodes : 15751100.000000
filtered : 334783383.000000
time : 75.780807
