Parameters: GAD=1 vflib=1 dir=0 label=0 lowerbound=1 fileNameGp=../../cp2016-max-common-connected-subgraph-paper/datasets/graphsdb/mcs50/m4D/m4D/mcs50_m4D_s40.A04 fileNameGt=../../cp2016-max-common-connected-subgraph-paper/datasets/graphsdb/mcs50/m4D/m4D/mcs50_m4D_s40.B04
Reading graphs...
40 :  71
40 :  71
Initializing...
maxdom : 40
D->valSize : 1600
Solving...
currentSize : 14 <-- 0.035587 s
currentSize : 15 <-- 0.035609 s
currentSize : 16 <-- 0.035675 s
currentSize : 17 <-- 0.035780 s
currentSize : 18 <-- 0.054033 s
currentSize : 19 <-- 0.073592 s
currentSize : 20 <-- 0.096676 s
currentSize : 21 <-- 0.134751 s
currentSize : 22 <-- 0.692840 s
currentSize : 23 <-- 1.071559 s
currentSize : 24 <-- 1.201821 s
currentSize : 25 <-- 4.445357 s
currentSize : 26 <-- 89.655243 s
currentSize : 27 <-- 142.407379 s
currentSize : 28 <-- 515.551758 s

TIMEOUT
maxsize : 28
nodes : 168161214.000000
filtered : 4260558102.000000
time : 1000.000000
