Parameters: GAD=1 vflib=1 dir=0 label=0 lowerbound=1 fileNameGp=../../cp2016-max-common-connected-subgraph-paper/datasets/graphsdb/mcs50/bvg/b09m/mcs50_b09m_s50.A09 fileNameGt=../../cp2016-max-common-connected-subgraph-paper/datasets/graphsdb/mcs50/bvg/b09m/mcs50_b09m_s50.B09
Reading graphs...
50 :  217
50 :  214
Initializing...
maxdom : 50
D->valSize : 2500
Solving...
currentSize : 16 <-- 0.086310 s
currentSize : 17 <-- 0.086405 s
currentSize : 18 <-- 0.086660 s
currentSize : 19 <-- 0.130445 s
currentSize : 20 <-- 0.173503 s
currentSize : 21 <-- 0.184411 s
currentSize : 22 <-- 1.682690 s
currentSize : 23 <-- 7.682181 s

TIMEOUT
maxsize : 23
nodes : 169626017.000000
filtered : 3381370116.000000
time : 1000.000061
