Parameters: GAD=1 vflib=1 dir=0 label=0 lowerbound=1 fileNameGp=../../cp2016-max-common-connected-subgraph-paper/datasets/graphsdb/mcs50/m2D/m2Dr4/mcs50_m2Dr4_s30.A01 fileNameGt=../../cp2016-max-common-connected-subgraph-paper/datasets/graphsdb/mcs50/m2D/m2Dr4/mcs50_m2Dr4_s30.B01
Reading graphs...
30 :  61
30 :  57
Initializing...
maxdom : 30
D->valSize : 900
Solving...
currentSize : 14 <-- 0.010661 s
currentSize : 15 <-- 0.010688 s
currentSize : 16 <-- 0.011674 s
currentSize : 17 <-- 0.177148 s
currentSize : 18 <-- 0.379889 s
currentSize : 19 <-- 0.658184 s
currentSize : 20 <-- 1.358607 s
currentSize : 21 <-- 34.544807 s

maxsize : 21
nodes : 9577732.000000
filtered : 219668151.000000
time : 46.886784
