Parameters: GAD=1 vflib=1 dir=0 label=0 lowerbound=1 fileNameGp=../../cp2016-max-common-connected-subgraph-paper/datasets/graphsdb/mcs50/m2D/m2Dr4/mcs50_m2Dr4_s40.A04 fileNameGt=../../cp2016-max-common-connected-subgraph-paper/datasets/graphsdb/mcs50/m2D/m2Dr4/mcs50_m2Dr4_s40.B04
Reading graphs...
40 :  82
40 :  81
Initializing...
maxdom : 40
D->valSize : 1600
Solving...
currentSize : 19 <-- 0.035263 s
currentSize : 20 <-- 0.035839 s
currentSize : 21 <-- 0.038526 s
currentSize : 22 <-- 0.038544 s
currentSize : 23 <-- 0.067946 s
currentSize : 24 <-- 0.199969 s
currentSize : 25 <-- 3.579515 s
currentSize : 26 <-- 42.030312 s

TIMEOUT
maxsize : 26
nodes : 169464377.000000
filtered : 4357341683.000000
time : 1000.000000
