Parameters: GAD=1 vflib=1 dir=0 label=0 lowerbound=1 fileNameGp=../../cp2016-max-common-connected-subgraph-paper/datasets/graphsdb/mcs50/bvg/b03/mcs50_b03_s30.A07 fileNameGt=../../cp2016-max-common-connected-subgraph-paper/datasets/graphsdb/mcs50/bvg/b03/mcs50_b03_s30.B07
Reading graphs...
30 :  45
30 :  44
Initializing...
maxdom : 30
D->valSize : 900
Solving...
currentSize : 12 <-- 0.011267 s
currentSize : 16 <-- 0.011297 s
currentSize : 17 <-- 0.012078 s
currentSize : 19 <-- 0.034800 s
currentSize : 20 <-- 4.039662 s
currentSize : 21 <-- 4.676987 s
currentSize : 22 <-- 4.677252 s

maxsize : 22
nodes : 4982322.000000
filtered : 101504711.000000
time : 23.545601
