Parameters: GAD=1 vflib=1 dir=0 label=0 lowerbound=1 fileNameGp=../../cp2016-max-common-connected-subgraph-paper/datasets/graphsdb/mcs50/bvg/b06/mcs50_b06_s40.A07 fileNameGt=../../cp2016-max-common-connected-subgraph-paper/datasets/graphsdb/mcs50/bvg/b06/mcs50_b06_s40.B07
Reading graphs...
40 :  120
40 :  120
Initializing...
maxdom : 40
D->valSize : 1600
Solving...
currentSize : 15 <-- 0.033594 s
currentSize : 16 <-- 0.033640 s
currentSize : 17 <-- 0.034395 s
currentSize : 18 <-- 0.036801 s
currentSize : 19 <-- 0.044684 s
currentSize : 20 <-- 0.554114 s
currentSize : 21 <-- 2.496787 s
currentSize : 22 <-- 2.998907 s
currentSize : 23 <-- 43.731140 s
currentSize : 24 <-- 800.371826 s

TIMEOUT
maxsize : 24
nodes : 160827526.000000
filtered : 4602190408.000000
time : 1000.000000
