Parameters: GAD=1 vflib=1 dir=0 label=0 lowerbound=1 fileNameGp=../../cp2016-max-common-connected-subgraph-paper/datasets/graphsdb/mcs50/m4D/m4Dr4/mcs50_m4Dr4_s30.A07 fileNameGt=../../cp2016-max-common-connected-subgraph-paper/datasets/graphsdb/mcs50/m4D/m4Dr4/mcs50_m4Dr4_s30.B07
Reading graphs...
30 :  62
30 :  61
Initializing...
maxdom : 30
D->valSize : 900
Solving...
currentSize : 14 <-- 0.018975 s
currentSize : 15 <-- 0.019029 s
currentSize : 16 <-- 0.019040 s
currentSize : 17 <-- 0.019892 s
currentSize : 18 <-- 0.019943 s
currentSize : 19 <-- 0.033434 s
currentSize : 20 <-- 0.139610 s

maxsize : 20
nodes : 8261539.000000
filtered : 209233392.000000
time : 42.510326
