Parameters: GAD=1 vflib=1 dir=0 label=0 lowerbound=1 fileNameGp=../../cp2016-max-common-connected-subgraph-paper/datasets/graphsdb/mcs50/m4D/m4D/mcs50_m4D_s35.A03 fileNameGt=../../cp2016-max-common-connected-subgraph-paper/datasets/graphsdb/mcs50/m4D/m4D/mcs50_m4D_s35.B03
Reading graphs...
35 :  62
35 :  63
Initializing...
maxdom : 35
D->valSize : 1225
Solving...
currentSize : 19 <-- 0.020653 s
currentSize : 20 <-- 0.036336 s
currentSize : 21 <-- 0.038471 s
currentSize : 22 <-- 0.043143 s
currentSize : 23 <-- 0.105269 s
currentSize : 24 <-- 0.109273 s
currentSize : 25 <-- 2.128591 s
currentSize : 26 <-- 2.128631 s
currentSize : 27 <-- 2.129836 s

maxsize : 27
nodes : 1876824.000000
filtered : 64337775.000000
time : 12.520964
