Parameters: GAD=1 vflib=1 dir=0 label=0 lowerbound=1 fileNameGp=../../cp2016-max-common-connected-subgraph-paper/datasets/graphsdb/mcs50/bvg/b06m/mcs50_b06m_s35.A00 fileNameGt=../../cp2016-max-common-connected-subgraph-paper/datasets/graphsdb/mcs50/bvg/b06m/mcs50_b06m_s35.B00
Reading graphs...
35 :  99
35 :  100
Initializing...
maxdom : 35
D->valSize : 1225
Solving...
currentSize : 15 <-- 0.018932 s
currentSize : 16 <-- 0.018990 s
currentSize : 17 <-- 0.022845 s
currentSize : 18 <-- 0.029445 s
currentSize : 19 <-- 0.163365 s
currentSize : 20 <-- 17.794806 s
currentSize : 21 <-- 20.068838 s

TIMEOUT
maxsize : 21
nodes : 178994167.000000
filtered : 4685171441.000000
time : 1000.000000
