Parameters: GAD=1 vflib=1 dir=0 label=0 lowerbound=1 fileNameGp=../../cp2016-max-common-connected-subgraph-paper/datasets/graphsdb/mcs50/bvg/b03m/mcs50_b03m_s35.A09 fileNameGt=../../cp2016-max-common-connected-subgraph-paper/datasets/graphsdb/mcs50/bvg/b03m/mcs50_b03m_s35.B09
Reading graphs...
35 :  52
35 :  52
Initializing...
maxdom : 35
D->valSize : 1225
Solving...
currentSize : 17 <-- 0.020922 s
currentSize : 18 <-- 0.025506 s
currentSize : 19 <-- 0.054270 s
currentSize : 20 <-- 1.528001 s
currentSize : 21 <-- 18.880039 s
currentSize : 22 <-- 19.421080 s
currentSize : 23 <-- 419.155457 s
currentSize : 24 <-- 969.223511 s

TIMEOUT
maxsize : 24
nodes : 268369725.000000
filtered : 3235711499.000000
time : 1000.000000
