Parameters: GAD=1 vflib=1 dir=0 label=0 lowerbound=1 fileNameGp=../../cp2016-max-common-connected-subgraph-paper/datasets/graphsdb/mcs50/m4D/m4Dr4/mcs50_m4Dr4_s40.A05 fileNameGt=../../cp2016-max-common-connected-subgraph-paper/datasets/graphsdb/mcs50/m4D/m4Dr4/mcs50_m4Dr4_s40.B05
Reading graphs...
40 :  86
40 :  83
Initializing...
maxdom : 40
D->valSize : 1600
Solving...
currentSize : 17 <-- 0.035269 s
currentSize : 19 <-- 0.035306 s
currentSize : 20 <-- 0.035601 s
currentSize : 21 <-- 0.040946 s
currentSize : 22 <-- 0.041843 s
currentSize : 23 <-- 0.583715 s
currentSize : 24 <-- 1.357446 s
currentSize : 25 <-- 1.880279 s
currentSize : 26 <-- 25.047264 s

TIMEOUT
maxsize : 26
nodes : 161477714.000000
filtered : 4512120910.000000
time : 1000.000061
