Parameters: GAD=1 vflib=1 dir=0 label=0 lowerbound=1 fileNameGp=../../cp2016-max-common-connected-subgraph-paper/datasets/graphsdb/mcs50/m4D/m4Dr2/mcs50_m4Dr2_s40.A04 fileNameGt=../../cp2016-max-common-connected-subgraph-paper/datasets/graphsdb/mcs50/m4D/m4Dr2/mcs50_m4Dr2_s40.B04
Reading graphs...
40 :  78
40 :  78
Initializing...
maxdom : 40
D->valSize : 1600
Solving...
currentSize : 17 <-- 0.062017 s
currentSize : 19 <-- 0.062077 s
currentSize : 20 <-- 0.121037 s
currentSize : 21 <-- 0.183062 s
currentSize : 22 <-- 6.241125 s
currentSize : 23 <-- 6.727976 s
currentSize : 24 <-- 13.743881 s
currentSize : 25 <-- 736.423218 s

TIMEOUT
maxsize : 25
nodes : 206483289.000000
filtered : 3594387196.000000
time : 1000.000000
