Parameters: GAD=1 vflib=1 dir=0 label=0 lowerbound=1 fileNameGp=../../cp2016-max-common-connected-subgraph-paper/datasets/graphsdb/mcs50/bvg/b03m/mcs50_b03m_s40.A01 fileNameGt=../../cp2016-max-common-connected-subgraph-paper/datasets/graphsdb/mcs50/bvg/b03m/mcs50_b03m_s40.B01
Reading graphs...
40 :  60
40 :  60
Initializing...
maxdom : 40
D->valSize : 1600
Solving...
currentSize : 18 <-- 0.036347 s
currentSize : 19 <-- 0.036367 s
currentSize : 20 <-- 0.036384 s
currentSize : 21 <-- 0.041946 s
currentSize : 22 <-- 0.151752 s
currentSize : 23 <-- 0.461355 s
currentSize : 24 <-- 0.461371 s
currentSize : 25 <-- 4.122245 s
currentSize : 26 <-- 4.123367 s
currentSize : 27 <-- 4.627325 s
currentSize : 28 <-- 87.275986 s
currentSize : 29 <-- 283.930725 s
currentSize : 30 <-- 623.669312 s

TIMEOUT
maxsize : 30
nodes : 162045529.000000
filtered : 4028005890.000000
time : 1000.000061
