Parameters: GAD=1 vflib=1 dir=0 label=0 lowerbound=1 fileNameGp=../../cp2016-max-common-connected-subgraph-paper/datasets/graphsdb/mcs50/bvg/b03m/mcs50_b03m_s30.A06 fileNameGt=../../cp2016-max-common-connected-subgraph-paper/datasets/graphsdb/mcs50/bvg/b03m/mcs50_b03m_s30.B06
Reading graphs...
30 :  44
30 :  42
Initializing...
maxdom : 30
D->valSize : 900
Solving...
currentSize : 10 <-- 0.019295 s
currentSize : 12 <-- 0.019336 s
currentSize : 15 <-- 0.019506 s
currentSize : 16 <-- 0.060094 s
currentSize : 17 <-- 0.131355 s
currentSize : 18 <-- 0.430855 s
currentSize : 19 <-- 0.984997 s
currentSize : 20 <-- 26.755585 s
currentSize : 21 <-- 27.616404 s
currentSize : 22 <-- 30.801369 s

maxsize : 22
nodes : 10700743.000000
filtered : 118708387.000000
time : 37.179810
