Parameters: GAD=1 vflib=1 dir=0 label=0 lowerbound=1 fileNameGp=../../cp2016-max-common-connected-subgraph-paper/datasets/graphsdb/mcs50/bvg/b06/mcs50_b06_s40.A00 fileNameGt=../../cp2016-max-common-connected-subgraph-paper/datasets/graphsdb/mcs50/bvg/b06/mcs50_b06_s40.B00
Reading graphs...
40 :  120
40 :  115
Initializing...
maxdom : 40
D->valSize : 1600
Solving...
currentSize : 15 <-- 0.059101 s
currentSize : 17 <-- 0.059374 s
currentSize : 18 <-- 0.065455 s
currentSize : 19 <-- 0.089499 s
currentSize : 20 <-- 0.129275 s
currentSize : 21 <-- 3.645260 s
currentSize : 22 <-- 11.614501 s
currentSize : 23 <-- 21.456585 s
currentSize : 24 <-- 118.583344 s

TIMEOUT
maxsize : 24
nodes : 154502565.000000
filtered : 4986788095.000000
time : 1000.000061
