Parameters: GAD=1 vflib=1 dir=0 label=0 lowerbound=1 fileNameGp=../../cp2016-max-common-connected-subgraph-paper/datasets/graphsdb/mcs50/bvg/b03m/mcs50_b03m_s50.A06 fileNameGt=../../cp2016-max-common-connected-subgraph-paper/datasets/graphsdb/mcs50/bvg/b03m/mcs50_b03m_s50.B06
Reading graphs...
50 :  74
50 :  72
Initializing...
maxdom : 50
D->valSize : 2500
Solving...
currentSize : 23 <-- 0.098038 s
currentSize : 24 <-- 0.110609 s
currentSize : 25 <-- 0.131893 s
currentSize : 26 <-- 0.131915 s
currentSize : 27 <-- 0.221304 s
currentSize : 28 <-- 0.530980 s
currentSize : 29 <-- 1.660007 s
currentSize : 30 <-- 9.779252 s
currentSize : 31 <-- 687.871094 s
currentSize : 32 <-- 687.877380 s

TIMEOUT
maxsize : 32
nodes : 231438761.000000
filtered : 2236282214.000000
time : 1000.000061
