Parameters: GAD=1 vflib=1 dir=0 label=0 lowerbound=1 fileNameGp=../../cp2016-max-common-connected-subgraph-paper/datasets/graphsdb/mcs50/rand/r02/mcs50_r02_s30.A02 fileNameGt=../../cp2016-max-common-connected-subgraph-paper/datasets/graphsdb/mcs50/rand/r02/mcs50_r02_s30.B02
Reading graphs...
30 :  157
30 :  157
Initializing...
maxdom : 30
D->valSize : 900
Solving...
currentSize : 8 <-- 0.016107 s
currentSize : 9 <-- 0.016143 s
currentSize : 10 <-- 0.016184 s
currentSize : 11 <-- 0.017613 s
currentSize : 12 <-- 0.017862 s
currentSize : 13 <-- 0.091645 s
currentSize : 14 <-- 4.459791 s
currentSize : 15 <-- 69.385399 s

maxsize : 15
nodes : 56200302.000000
filtered : 826195233.000000
time : 239.726318
