Parameters: GAD=1 vflib=1 dir=0 label=0 lowerbound=1 fileNameGp=../../cp2016-max-common-connected-subgraph-paper/datasets/graphsdb/mcs50/rand/r005/mcs50_r005_s40.A09 fileNameGt=../../cp2016-max-common-connected-subgraph-paper/datasets/graphsdb/mcs50/rand/r005/mcs50_r005_s40.B09
Reading graphs...
40 :  78
40 :  78
Initializing...
maxdom : 40
D->valSize : 1600
Solving...
currentSize : 20 <-- 0.056893 s
currentSize : 21 <-- 0.056914 s
currentSize : 22 <-- 0.060126 s
currentSize : 23 <-- 0.092978 s
currentSize : 24 <-- 0.955167 s
currentSize : 25 <-- 2.135809 s
currentSize : 26 <-- 73.367760 s
currentSize : 27 <-- 977.009216 s

TIMEOUT
maxsize : 27
nodes : 174560333.000000
filtered : 3951568935.000000
time : 1000.000000
