Parameters: GAD=1 vflib=1 dir=0 label=0 lowerbound=1 fileNameGp=../../cp2016-max-common-connected-subgraph-paper/datasets/graphsdb/mcs50/m3D/m3Dr6/mcs50_m3Dr6_s50.A07 fileNameGt=../../cp2016-max-common-connected-subgraph-paper/datasets/graphsdb/mcs50/m3D/m3Dr6/mcs50_m3Dr6_s50.B07
Reading graphs...
50 :  135
50 :  133
Initializing...
maxdom : 50
D->valSize : 2500
Solving...
currentSize : 19 <-- 0.120007 s
currentSize : 20 <-- 0.122362 s
currentSize : 21 <-- 0.126164 s
currentSize : 22 <-- 0.143087 s
currentSize : 23 <-- 0.734463 s
currentSize : 24 <-- 0.770631 s
currentSize : 25 <-- 1.293209 s
currentSize : 26 <-- 5.305257 s
currentSize : 27 <-- 92.219627 s
currentSize : 28 <-- 687.519348 s

TIMEOUT
maxsize : 28
nodes : 182289364.000000
filtered : 3302217769.000000
time : 1000.000061
