Parameters: GAD=1 vflib=1 dir=0 label=0 lowerbound=1 fileNameGp=../../cp2016-max-common-connected-subgraph-paper/datasets/graphsdb/mcs50/bvg/b06m/mcs50_b06m_s25.A08 fileNameGt=../../cp2016-max-common-connected-subgraph-paper/datasets/graphsdb/mcs50/bvg/b06m/mcs50_b06m_s25.B08
Reading graphs...
25 :  71
25 :  72
Initializing...
maxdom : 25
D->valSize : 625
Solving...
currentSize : 9 <-- 0.005383 s
currentSize : 10 <-- 0.005407 s
currentSize : 11 <-- 0.005432 s
currentSize : 12 <-- 0.005814 s
currentSize : 13 <-- 0.006294 s
currentSize : 14 <-- 0.007649 s
currentSize : 15 <-- 1.720815 s

maxsize : 15
nodes : 3865113.000000
filtered : 65969416.000000
time : 15.597835
