Parameters: GAD=1 vflib=1 dir=0 label=0 lowerbound=1 fileNameGp=../../cp2016-max-common-connected-subgraph-paper/datasets/graphsdb/mcs50/m2D/m2D/mcs50_m2D_s30.A07 fileNameGt=../../cp2016-max-common-connected-subgraph-paper/datasets/graphsdb/mcs50/m2D/m2D/mcs50_m2D_s30.B07
Reading graphs...
30 :  47
30 :  48
Initializing...
maxdom : 30
D->valSize : 900
Solving...
currentSize : 13 <-- 0.011185 s
currentSize : 14 <-- 0.011359 s
currentSize : 15 <-- 0.011372 s
currentSize : 16 <-- 0.012634 s
currentSize : 17 <-- 0.012706 s
currentSize : 19 <-- 0.012718 s
currentSize : 21 <-- 0.877171 s
currentSize : 22 <-- 15.443546 s

maxsize : 22
nodes : 5439664.000000
filtered : 114636429.000000
time : 25.773533
