Parameters: GAD=1 vflib=1 dir=0 label=0 lowerbound=1 fileNameGp=../../cp2016-max-common-connected-subgraph-paper/datasets/graphsdb/mcs50/bvg/b09/mcs50_b09_s35.A01 fileNameGt=../../cp2016-max-common-connected-subgraph-paper/datasets/graphsdb/mcs50/bvg/b09/mcs50_b09_s35.B01
Reading graphs...
35 :  152
35 :  152
Initializing...
maxdom : 35
D->valSize : 1225
Solving...
currentSize : 13 <-- 0.029021 s
currentSize : 14 <-- 0.043132 s
currentSize : 15 <-- 0.130239 s
currentSize : 16 <-- 0.840341 s
currentSize : 17 <-- 18.474661 s
currentSize : 18 <-- 51.081886 s
currentSize : 19 <-- 55.755829 s
currentSize : 20 <-- 55.755878 s

maxsize : 20
nodes : 77979514.000000
filtered : 2395256606.000000
time : 467.518555
