Parameters: GAD=1 vflib=1 dir=0 label=0 lowerbound=1 fileNameGp=../../cp2016-max-common-connected-subgraph-paper/datasets/graphsdb/mcs50/m2D/m2D/mcs50_m2D_s30.A06 fileNameGt=../../cp2016-max-common-connected-subgraph-paper/datasets/graphsdb/mcs50/m2D/m2D/mcs50_m2D_s30.B06
Reading graphs...
30 :  49
30 :  48
Initializing...
maxdom : 30
D->valSize : 900
Solving...
currentSize : 16 <-- 0.019542 s
currentSize : 17 <-- 0.019641 s
currentSize : 18 <-- 0.035290 s
currentSize : 19 <-- 0.055050 s
currentSize : 20 <-- 0.089944 s
currentSize : 21 <-- 2.349167 s
currentSize : 22 <-- 39.281277 s

maxsize : 22
nodes : 9842404.000000
filtered : 210125647.000000
time : 47.853249
