Parameters: GAD=1 vflib=1 dir=0 label=0 lowerbound=1 fileNameGp=../../cp2016-max-common-connected-subgraph-paper/datasets/graphsdb/mcs50/m2D/m2D/mcs50_m2D_s30.A01 fileNameGt=../../cp2016-max-common-connected-subgraph-paper/datasets/graphsdb/mcs50/m2D/m2D/mcs50_m2D_s30.B01
Reading graphs...
30 :  47
30 :  49
Initializing...
maxdom : 30
D->valSize : 900
Solving...
currentSize : 16 <-- 0.019420 s
currentSize : 17 <-- 0.019891 s
currentSize : 18 <-- 0.111390 s
currentSize : 19 <-- 0.162137 s
currentSize : 20 <-- 1.441377 s
currentSize : 21 <-- 4.227103 s
currentSize : 22 <-- 6.783121 s

maxsize : 22
nodes : 4017924.000000
filtered : 87554636.000000
time : 19.915913
