Parameters: GAD=1 vflib=1 dir=0 label=0 lowerbound=1 fileNameGp=../../cp2016-max-common-connected-subgraph-paper/datasets/graphsdb/mcs50/bvg/b03/mcs50_b03_s50.A02 fileNameGt=../../cp2016-max-common-connected-subgraph-paper/datasets/graphsdb/mcs50/bvg/b03/mcs50_b03_s50.B02
Reading graphs...
50 :  75
50 :  75
Initializing...
maxdom : 50
D->valSize : 2500
Solving...
currentSize : 22 <-- 0.124382 s
currentSize : 23 <-- 0.124411 s
currentSize : 25 <-- 0.124570 s
currentSize : 26 <-- 0.124952 s
currentSize : 27 <-- 0.132263 s
currentSize : 28 <-- 0.201180 s
currentSize : 29 <-- 0.206656 s
currentSize : 30 <-- 0.515993 s
currentSize : 31 <-- 5.175866 s
currentSize : 32 <-- 15.359358 s
currentSize : 33 <-- 16.412577 s

TIMEOUT
maxsize : 33
nodes : 210505957.000000
filtered : 2548829591.000000
time : 1000.000061
