Parameters: GAD=1 vflib=1 dir=0 label=0 lowerbound=1 fileNameGp=../../cp2016-max-common-connected-subgraph-paper/datasets/graphsdb/mcs50/bvg/b03m/mcs50_b03m_s25.A04 fileNameGt=../../cp2016-max-common-connected-subgraph-paper/datasets/graphsdb/mcs50/bvg/b03m/mcs50_b03m_s25.B04
Reading graphs...
25 :  36
25 :  36
Initializing...
maxdom : 25
D->valSize : 625
Solving...
currentSize : 10 <-- 0.005327 s
currentSize : 12 <-- 0.005530 s
currentSize : 13 <-- 0.006511 s
currentSize : 14 <-- 0.006576 s
currentSize : 15 <-- 0.015274 s
currentSize : 16 <-- 0.201955 s
currentSize : 17 <-- 1.009683 s
currentSize : 18 <-- 2.307693 s

maxsize : 18
nodes : 1511912.000000
filtered : 19876440.000000
time : 5.471857
