Parameters: GAD=1 vflib=1 dir=0 label=0 lowerbound=1 fileNameGp=../../cp2016-max-common-connected-subgraph-paper/datasets/graphsdb/mcs50/m2D/m2Dr6/mcs50_m2Dr6_s40.A09 fileNameGt=../../cp2016-max-common-connected-subgraph-paper/datasets/graphsdb/mcs50/m2D/m2Dr6/mcs50_m2Dr6_s40.B09
Reading graphs...
40 :  89
40 :  89
Initializing...
maxdom : 40
D->valSize : 1600
Solving...
currentSize : 16 <-- 0.034764 s
currentSize : 17 <-- 0.034965 s
currentSize : 18 <-- 0.035799 s
currentSize : 19 <-- 0.046162 s
currentSize : 20 <-- 0.128856 s
currentSize : 21 <-- 0.253449 s
currentSize : 22 <-- 2.583413 s
currentSize : 23 <-- 12.296526 s
currentSize : 24 <-- 40.707432 s
currentSize : 25 <-- 537.257690 s

TIMEOUT
maxsize : 25
nodes : 182821457.000000
filtered : 3958702370.000000
time : 1000.000061
