Parameters: GAD=1 vflib=1 dir=0 label=0 lowerbound=1 fileNameGp=../../cp2016-max-common-connected-subgraph-paper/datasets/graphsdb/mcs50/bvg/b09m/mcs50_b09m_s50.A04 fileNameGt=../../cp2016-max-common-connected-subgraph-paper/datasets/graphsdb/mcs50/bvg/b09m/mcs50_b09m_s50.B04
Reading graphs...
50 :  216
50 :  214
Initializing...
maxdom : 50
D->valSize : 2500
Solving...
currentSize : 18 <-- 0.105254 s
currentSize : 19 <-- 0.108156 s
currentSize : 20 <-- 0.109565 s
currentSize : 21 <-- 0.199479 s
currentSize : 22 <-- 1.075191 s
currentSize : 23 <-- 1.076619 s
currentSize : 24 <-- 158.878860 s
currentSize : 25 <-- 381.464264 s

TIMEOUT
maxsize : 25
nodes : 146374111.000000
filtered : 4369394049.000000
time : 1000.000061
