Parameters: GAD=1 vflib=1 dir=0 label=0 lowerbound=1 fileNameGp=../../cp2016-max-common-connected-subgraph-paper/datasets/graphsdb/mcs50/bvg/b09m/mcs50_b09m_s30.A08 fileNameGt=../../cp2016-max-common-connected-subgraph-paper/datasets/graphsdb/mcs50/bvg/b09m/mcs50_b09m_s30.B08
Reading graphs...
30 :  128
30 :  126
Initializing...
maxdom : 30
D->valSize : 900
Solving...
currentSize : 10 <-- 0.017074 s
currentSize : 11 <-- 0.017103 s
currentSize : 12 <-- 0.017154 s
currentSize : 13 <-- 0.020318 s
currentSize : 14 <-- 0.111343 s
currentSize : 15 <-- 3.247874 s
currentSize : 16 <-- 20.182753 s

maxsize : 16
nodes : 39296569.000000
filtered : 720365014.000000
time : 177.627258
