Parameters: GAD=1 vflib=1 dir=0 label=0 lowerbound=1 fileNameGp=../../cp2016-max-common-connected-subgraph-paper/datasets/graphsdb/mcs50/m2D/m2Dr4/mcs50_m2Dr4_s50.A07 fileNameGt=../../cp2016-max-common-connected-subgraph-paper/datasets/graphsdb/mcs50/m2D/m2Dr4/mcs50_m2Dr4_s50.B07
Reading graphs...
50 :  101
50 :  102
Initializing...
maxdom : 50
D->valSize : 2500
Solving...
currentSize : 22 <-- 0.095000 s
currentSize : 23 <-- 0.095064 s
currentSize : 24 <-- 0.095599 s
currentSize : 25 <-- 0.204364 s
currentSize : 26 <-- 0.240474 s
currentSize : 27 <-- 1.710314 s
currentSize : 28 <-- 36.720997 s
currentSize : 29 <-- 40.152691 s
currentSize : 30 <-- 863.667053 s

TIMEOUT
maxsize : 30
nodes : 195922003.000000
filtered : 2763982881.000000
time : 1000.000061
