Parameters: GAD=1 vflib=1 dir=0 label=0 lowerbound=1 fileNameGp=../../cp2016-max-common-connected-subgraph-paper/datasets/graphsdb/mcs50/m4D/m4Dr4/mcs50_m4Dr4_s30.A08 fileNameGt=../../cp2016-max-common-connected-subgraph-paper/datasets/graphsdb/mcs50/m4D/m4Dr4/mcs50_m4Dr4_s30.B08
Reading graphs...
30 :  66
30 :  65
Initializing...
maxdom : 30
D->valSize : 900
Solving...
currentSize : 14 <-- 0.010388 s
currentSize : 15 <-- 0.010523 s
currentSize : 16 <-- 0.021763 s
currentSize : 17 <-- 0.051865 s
currentSize : 18 <-- 0.053801 s
currentSize : 19 <-- 10.498345 s
currentSize : 20 <-- 22.711405 s

maxsize : 20
nodes : 15178018.000000
filtered : 312415134.000000
time : 70.665756
