Parameters: GAD=1 vflib=1 dir=0 label=0 lowerbound=1 fileNameGp=../../cp2016-max-common-connected-subgraph-paper/datasets/graphsdb/mcs50/bvg/b09/mcs50_b09_s30.A02 fileNameGt=../../cp2016-max-common-connected-subgraph-paper/datasets/graphsdb/mcs50/bvg/b09/mcs50_b09_s30.B02
Reading graphs...
30 :  134
30 :  129
Initializing...
maxdom : 30
D->valSize : 900
Solving...
currentSize : 11 <-- 0.009579 s
currentSize : 12 <-- 0.009684 s
currentSize : 13 <-- 0.010315 s
currentSize : 14 <-- 0.012238 s
currentSize : 15 <-- 0.079816 s
currentSize : 16 <-- 0.815862 s
currentSize : 17 <-- 0.816565 s

maxsize : 17
nodes : 12551370.000000
filtered : 274732117.000000
time : 61.187218
