Parameters: GAD=1 vflib=1 dir=0 label=0 lowerbound=1 fileNameGp=../../cp2016-max-common-connected-subgraph-paper/datasets/graphsdb/mcs50/bvg/b09/mcs50_b09_s30.A03 fileNameGt=../../cp2016-max-common-connected-subgraph-paper/datasets/graphsdb/mcs50/bvg/b09/mcs50_b09_s30.B03
Reading graphs...
30 :  131
30 :  132
Initializing...
maxdom : 30
D->valSize : 900
Solving...
currentSize : 10 <-- 0.016927 s
currentSize : 11 <-- 0.017014 s
currentSize : 12 <-- 0.018737 s
currentSize : 14 <-- 0.023544 s
currentSize : 15 <-- 1.832224 s
currentSize : 16 <-- 4.350822 s
currentSize : 17 <-- 10.640611 s

maxsize : 17
nodes : 10707210.000000
filtered : 246682801.000000
time : 52.909252
