Parameters: GAD=1 vflib=1 dir=0 label=0 lowerbound=1 fileNameGp=../../cp2016-max-common-connected-subgraph-paper/datasets/graphsdb/mcs50/bvg/b06m/mcs50_b06m_s25.A02 fileNameGt=../../cp2016-max-common-connected-subgraph-paper/datasets/graphsdb/mcs50/bvg/b06m/mcs50_b06m_s25.B02
Reading graphs...
25 :  73
25 :  74
Initializing...
maxdom : 25
D->valSize : 625
Solving...
currentSize : 9 <-- 0.004740 s
currentSize : 10 <-- 0.004763 s
currentSize : 11 <-- 0.004786 s
currentSize : 12 <-- 0.004805 s
currentSize : 13 <-- 0.005081 s
currentSize : 14 <-- 0.070393 s
currentSize : 15 <-- 0.276333 s

maxsize : 15
nodes : 1689082.000000
filtered : 33238659.000000
time : 7.343791
