Parameters: GAD=1 vflib=1 dir=0 label=0 lowerbound=1 fileNameGp=../../cp2016-max-common-connected-subgraph-paper/datasets/graphsdb/mcs50/bvg/b03/mcs50_b03_s30.A03 fileNameGt=../../cp2016-max-common-connected-subgraph-paper/datasets/graphsdb/mcs50/bvg/b03/mcs50_b03_s30.B03
Reading graphs...
30 :  45
30 :  45
Initializing...
maxdom : 30
D->valSize : 900
Solving...
currentSize : 16 <-- 0.019449 s
currentSize : 17 <-- 0.027773 s
currentSize : 18 <-- 0.040013 s
currentSize : 19 <-- 0.797006 s
currentSize : 20 <-- 1.126640 s
currentSize : 21 <-- 7.551627 s
currentSize : 22 <-- 11.816671 s

maxsize : 22
nodes : 6218747.000000
filtered : 111198895.000000
time : 27.240456
