Parameters: GAD=1 vflib=1 dir=0 label=0 lowerbound=1 fileNameGp=../../cp2016-max-common-connected-subgraph-paper/datasets/graphsdb/mcs50/m3D/m3Dr4/mcs50_m3Dr4_s50.A00 fileNameGt=../../cp2016-max-common-connected-subgraph-paper/datasets/graphsdb/mcs50/m3D/m3Dr4/mcs50_m3Dr4_s50.B00
Reading graphs...
50 :  127
50 :  126
Initializing...
maxdom : 50
D->valSize : 2500
Solving...
currentSize : 21 <-- 0.092907 s
currentSize : 22 <-- 0.104972 s
currentSize : 23 <-- 0.406177 s
currentSize : 24 <-- 1.012975 s
currentSize : 26 <-- 11.224892 s
currentSize : 27 <-- 11.229130 s
currentSize : 28 <-- 776.326416 s

TIMEOUT
maxsize : 28
nodes : 178419542.000000
filtered : 3044333392.000000
time : 1000.000000
