Parameters: GAD=1 vflib=1 dir=0 label=0 lowerbound=1 fileNameGp=../../cp2016-max-common-connected-subgraph-paper/datasets/graphsdb/mcs50/bvg/b09m/mcs50_b09m_s40.A07 fileNameGt=../../cp2016-max-common-connected-subgraph-paper/datasets/graphsdb/mcs50/bvg/b09m/mcs50_b09m_s40.B07
Reading graphs...
40 :  171
40 :  170
Initializing...
maxdom : 40
D->valSize : 1600
Solving...
currentSize : 12 <-- 0.031804 s
currentSize : 13 <-- 0.031951 s
currentSize : 14 <-- 0.032192 s
currentSize : 15 <-- 0.038194 s
currentSize : 16 <-- 0.120150 s
currentSize : 17 <-- 0.512561 s
currentSize : 18 <-- 1.259945 s
currentSize : 19 <-- 21.442673 s
currentSize : 20 <-- 135.482452 s

TIMEOUT
maxsize : 20
nodes : 182949919.000000
filtered : 3981253414.000000
time : 1000.000061
