Parameters: GAD=1 vflib=1 dir=0 label=0 lowerbound=1 fileNameGp=../../cp2016-max-common-connected-subgraph-paper/datasets/graphsdb/mcs50/bvg/b03/mcs50_b03_s35.A02 fileNameGt=../../cp2016-max-common-connected-subgraph-paper/datasets/graphsdb/mcs50/bvg/b03/mcs50_b03_s35.B02
Reading graphs...
35 :  52
35 :  52
Initializing...
maxdom : 35
D->valSize : 1225
Solving...
currentSize : 17 <-- 0.020849 s
currentSize : 18 <-- 0.020872 s
currentSize : 19 <-- 0.021531 s
currentSize : 20 <-- 0.024399 s
currentSize : 21 <-- 0.041780 s
currentSize : 22 <-- 3.420584 s
currentSize : 23 <-- 3.420881 s
currentSize : 24 <-- 105.042946 s
currentSize : 25 <-- 216.792114 s
currentSize : 26 <-- 510.760773 s

maxsize : 26
nodes : 114415868.000000
filtered : 2308495780.000000
time : 572.051453
