Parameters: GAD=1 vflib=1 dir=0 label=0 lowerbound=1 fileNameGp=../../cp2016-max-common-connected-subgraph-paper/datasets/graphsdb/mcs50/m4D/m4D/mcs50_m4D_s35.A02 fileNameGt=../../cp2016-max-common-connected-subgraph-paper/datasets/graphsdb/mcs50/m4D/m4D/mcs50_m4D_s35.B02
Reading graphs...
35 :  63
35 :  63
Initializing...
maxdom : 35
D->valSize : 1225
Solving...
currentSize : 12 <-- 0.020649 s
currentSize : 15 <-- 0.020683 s
currentSize : 16 <-- 0.020811 s
currentSize : 17 <-- 0.020818 s
currentSize : 18 <-- 0.298480 s
currentSize : 19 <-- 1.731585 s
currentSize : 20 <-- 28.967953 s
currentSize : 21 <-- 28.967983 s
currentSize : 22 <-- 28.968033 s
currentSize : 23 <-- 43.906090 s
currentSize : 24 <-- 652.621521 s

TIMEOUT
maxsize : 24
nodes : 213122603.000000
filtered : 3812707826.000000
time : 1000.000000
