Parameters: GAD=1 vflib=1 dir=0 label=0 lowerbound=1 fileNameGp=../../cp2016-max-common-connected-subgraph-paper/datasets/graphsdb/mcs50/bvg/b09/mcs50_b09_s40.A08 fileNameGt=../../cp2016-max-common-connected-subgraph-paper/datasets/graphsdb/mcs50/bvg/b09/mcs50_b09_s40.B08
Reading graphs...
40 :  174
40 :  174
Initializing...
maxdom : 40
D->valSize : 1600
Solving...
currentSize : 14 <-- 0.055342 s
currentSize : 15 <-- 0.055444 s
currentSize : 16 <-- 0.055666 s
currentSize : 17 <-- 0.063433 s
currentSize : 18 <-- 0.155320 s
currentSize : 19 <-- 4.420184 s
currentSize : 20 <-- 48.504467 s
currentSize : 21 <-- 281.190765 s
currentSize : 22 <-- 287.709869 s

TIMEOUT
maxsize : 22
nodes : 155441944.000000
filtered : 5170381552.000000
time : 1000.000061
