Parameters: GAD=1 vflib=1 dir=0 label=0 lowerbound=1 fileNameGp=../../cp2016-max-common-connected-subgraph-paper/datasets/graphsdb/mcs50/m3D/m3Dr6/mcs50_m3Dr6_s50.A02 fileNameGt=../../cp2016-max-common-connected-subgraph-paper/datasets/graphsdb/mcs50/m3D/m3Dr6/mcs50_m3Dr6_s50.B02
Reading graphs...
50 :  135
50 :  135
Initializing...
maxdom : 50
D->valSize : 2500
Solving...
currentSize : 17 <-- 0.092090 s
currentSize : 19 <-- 0.092121 s
currentSize : 20 <-- 0.092177 s
currentSize : 22 <-- 0.092211 s
currentSize : 23 <-- 0.093966 s
currentSize : 24 <-- 0.116399 s
currentSize : 25 <-- 0.152304 s
currentSize : 26 <-- 12.680437 s
currentSize : 27 <-- 148.004303 s
currentSize : 28 <-- 172.038025 s

TIMEOUT
maxsize : 28
nodes : 159698366.000000
filtered : 3640987077.000000
time : 1000.000061
