Parameters: GAD=1 vflib=1 dir=0 label=0 lowerbound=1 fileNameGp=../../cp2016-max-common-connected-subgraph-paper/datasets/graphsdb/mcs50/m2D/m2Dr6/mcs50_m2Dr6_s30.A04 fileNameGt=../../cp2016-max-common-connected-subgraph-paper/datasets/graphsdb/mcs50/m2D/m2Dr6/mcs50_m2Dr6_s30.B04
Reading graphs...
30 :  64
30 :  64
Initializing...
maxdom : 30
D->valSize : 900
Solving...
currentSize : 10 <-- 0.010681 s
currentSize : 12 <-- 0.011325 s
currentSize : 13 <-- 0.018937 s
currentSize : 14 <-- 0.046471 s
currentSize : 15 <-- 0.053462 s
currentSize : 16 <-- 0.127657 s
currentSize : 17 <-- 0.249277 s
currentSize : 18 <-- 1.204213 s
currentSize : 19 <-- 8.339654 s
currentSize : 20 <-- 44.162930 s

maxsize : 20
nodes : 16768907.000000
filtered : 384595540.000000
time : 80.558586
