Parameters: GAD=1 vflib=1 dir=0 label=0 lowerbound=1 fileNameGp=../../cp2016-max-common-connected-subgraph-paper/datasets/graphsdb/mcs50/bvg/b09/mcs50_b09_s35.A02 fileNameGt=../../cp2016-max-common-connected-subgraph-paper/datasets/graphsdb/mcs50/bvg/b09/mcs50_b09_s35.B02
Reading graphs...
35 :  152
35 :  154
Initializing...
maxdom : 35
D->valSize : 1225
Solving...
currentSize : 12 <-- 0.018612 s
currentSize : 13 <-- 0.018807 s
currentSize : 14 <-- 0.027780 s
currentSize : 15 <-- 0.030879 s
currentSize : 16 <-- 0.161360 s
currentSize : 17 <-- 3.337085 s
currentSize : 18 <-- 3.538153 s
currentSize : 19 <-- 96.228073 s

maxsize : 19
nodes : 153476178.000000
filtered : 3750833025.000000
time : 831.348694
