Parameters: GAD=1 vflib=1 dir=0 label=0 lowerbound=1 fileNameGp=../../cp2016-max-common-connected-subgraph-paper/datasets/graphsdb/mcs50/rand/r01/mcs50_r01_s35.A09 fileNameGt=../../cp2016-max-common-connected-subgraph-paper/datasets/graphsdb/mcs50/rand/r01/mcs50_r01_s35.B09
Reading graphs...
35 :  114
35 :  112
Initializing...
maxdom : 35
D->valSize : 1225
Solving...
currentSize : 13 <-- 0.032935 s
currentSize : 15 <-- 0.034048 s
currentSize : 16 <-- 0.043365 s
currentSize : 17 <-- 0.087201 s
currentSize : 18 <-- 0.391266 s
currentSize : 19 <-- 19.629480 s
currentSize : 20 <-- 337.496307 s

TIMEOUT
maxsize : 20
nodes : 191977275.000000
filtered : 4160243773.000000
time : 1000.000061
