Parameters: GAD=1 vflib=1 dir=0 label=0 lowerbound=1 fileNameGp=../../cp2016-max-common-connected-subgraph-paper/datasets/graphsdb/mcs50/rand/r01/mcs50_r01_s30.A03 fileNameGt=../../cp2016-max-common-connected-subgraph-paper/datasets/graphsdb/mcs50/rand/r01/mcs50_r01_s30.B03
Reading graphs...
30 :  82
30 :  83
Initializing...
maxdom : 30
D->valSize : 900
Solving...
currentSize : 13 <-- 0.018682 s
currentSize : 14 <-- 0.018857 s
currentSize : 15 <-- 0.022038 s
currentSize : 16 <-- 0.024182 s
currentSize : 17 <-- 0.082714 s
currentSize : 18 <-- 1.295941 s

maxsize : 18
nodes : 39315303.000000
filtered : 838648658.000000
time : 189.497360
