Parameters: GAD=1 vflib=1 dir=0 label=0 lowerbound=1 fileNameGp=../../cp2016-max-common-connected-subgraph-paper/datasets/graphsdb/mcs50/bvg/b06/mcs50_b06_s40.A04 fileNameGt=../../cp2016-max-common-connected-subgraph-paper/datasets/graphsdb/mcs50/bvg/b06/mcs50_b06_s40.B04
Reading graphs...
40 :  119
40 :  120
Initializing...
maxdom : 40
D->valSize : 1600
Solving...
currentSize : 18 <-- 0.058975 s
currentSize : 19 <-- 0.059388 s
currentSize : 20 <-- 0.060505 s
currentSize : 21 <-- 0.254500 s
currentSize : 22 <-- 0.447825 s
currentSize : 23 <-- 6.121410 s
currentSize : 24 <-- 20.344275 s

TIMEOUT
maxsize : 24
nodes : 149274038.000000
filtered : 4973403971.000000
time : 1000.000000
