Parameters: GAD=1 vflib=1 dir=0 label=0 lowerbound=1 fileNameGp=../../cp2016-max-common-connected-subgraph-paper/datasets/graphsdb/mcs50/m4D/m4Dr4/mcs50_m4Dr4_s30.A02 fileNameGt=../../cp2016-max-common-connected-subgraph-paper/datasets/graphsdb/mcs50/m4D/m4Dr4/mcs50_m4Dr4_s30.B02
Reading graphs...
30 :  66
30 :  63
Initializing...
maxdom : 30
D->valSize : 900
Solving...
currentSize : 11 <-- 0.018708 s
currentSize : 12 <-- 0.019028 s
currentSize : 13 <-- 0.019095 s
currentSize : 14 <-- 0.020242 s
currentSize : 15 <-- 0.026086 s
currentSize : 16 <-- 0.026130 s
currentSize : 17 <-- 0.171144 s
currentSize : 18 <-- 0.171158 s
currentSize : 19 <-- 0.248616 s
currentSize : 20 <-- 1.354103 s

maxsize : 20
nodes : 9426138.000000
filtered : 228001409.000000
time : 47.223606
