Parameters: GAD=1 vflib=1 dir=0 label=0 lowerbound=1 fileNameGp=../../cp2016-max-common-connected-subgraph-paper/datasets/graphsdb/mcs50/bvg/b03m/mcs50_b03m_s35.A07 fileNameGt=../../cp2016-max-common-connected-subgraph-paper/datasets/graphsdb/mcs50/bvg/b03m/mcs50_b03m_s35.B07
Reading graphs...
35 :  52
35 :  52
Initializing...
maxdom : 35
D->valSize : 1225
Solving...
currentSize : 16 <-- 0.020829 s
currentSize : 17 <-- 0.020928 s
currentSize : 18 <-- 0.027459 s
currentSize : 19 <-- 0.045710 s
currentSize : 20 <-- 0.150116 s
currentSize : 21 <-- 0.152796 s
currentSize : 22 <-- 5.126591 s
currentSize : 23 <-- 53.472839 s
currentSize : 24 <-- 137.698013 s
currentSize : 25 <-- 503.763489 s

maxsize : 25
nodes : 156641885.000000
filtered : 2679585885.000000
time : 730.740295
