Parameters: GAD=1 vflib=1 dir=0 label=0 lowerbound=1 fileNameGp=../../cp2016-max-common-connected-subgraph-paper/datasets/graphsdb/mcs50/m4D/m4D/mcs50_m4D_s40.A00 fileNameGt=../../cp2016-max-common-connected-subgraph-paper/datasets/graphsdb/mcs50/m4D/m4D/mcs50_m4D_s40.B00
Reading graphs...
40 :  70
40 :  71
Initializing...
maxdom : 40
D->valSize : 1600
Solving...
currentSize : 19 <-- 0.036216 s
currentSize : 20 <-- 0.036238 s
currentSize : 21 <-- 0.038475 s
currentSize : 22 <-- 0.038485 s
currentSize : 23 <-- 0.038927 s
currentSize : 24 <-- 21.839836 s
currentSize : 25 <-- 712.260132 s

TIMEOUT
maxsize : 25
nodes : 229029379.000000
filtered : 2544261599.000000
time : 1000.000061
