Parameters: GAD=1 vflib=1 dir=0 label=0 lowerbound=1 fileNameGp=../../cp2016-max-common-connected-subgraph-paper/datasets/graphsdb/mcs50/bvg/b09/mcs50_b09_s25.A09 fileNameGt=../../cp2016-max-common-connected-subgraph-paper/datasets/graphsdb/mcs50/bvg/b09/mcs50_b09_s25.B09
Reading graphs...
25 :  110
25 :  110
Initializing...
maxdom : 25
D->valSize : 625
Solving...
currentSize : 9 <-- 0.004523 s
currentSize : 11 <-- 0.004596 s
currentSize : 12 <-- 0.005435 s
currentSize : 13 <-- 0.010174 s
currentSize : 14 <-- 0.038998 s
currentSize : 15 <-- 2.053586 s

maxsize : 15
nodes : 1066078.000000
filtered : 19877242.000000
time : 4.510649
