Parameters: GAD=1 vflib=1 dir=0 label=0 lowerbound=1 fileNameGp=../../cp2016-max-common-connected-subgraph-paper/datasets/graphsdb/mcs50/rand/r005/mcs50_r005_s50.A01 fileNameGt=../../cp2016-max-common-connected-subgraph-paper/datasets/graphsdb/mcs50/rand/r005/mcs50_r005_s50.B01
Reading graphs...
50 :  117
50 :  119
Initializing...
maxdom : 50
D->valSize : 2500
Solving...
currentSize : 22 <-- 0.114734 s
currentSize : 23 <-- 0.114933 s
currentSize : 24 <-- 0.144499 s
currentSize : 25 <-- 0.537023 s
currentSize : 26 <-- 2.481900 s
currentSize : 27 <-- 4.409872 s
currentSize : 28 <-- 254.808075 s

TIMEOUT
maxsize : 28
nodes : 184178025.000000
filtered : 3321915601.000000
time : 1000.000061
