Parameters: GAD=1 vflib=1 dir=0 label=0 lowerbound=1 fileNameGp=../../cp2016-max-common-connected-subgraph-paper/datasets/graphsdb/mcs50/rand/r005/mcs50_r005_s30.A04 fileNameGt=../../cp2016-max-common-connected-subgraph-paper/datasets/graphsdb/mcs50/rand/r005/mcs50_r005_s30.B04
Reading graphs...
30 :  46
30 :  46
Initializing...
maxdom : 30
D->valSize : 900
Solving...
currentSize : 16 <-- 0.020219 s
currentSize : 17 <-- 0.020627 s
currentSize : 18 <-- 0.025304 s
currentSize : 19 <-- 0.161301 s
currentSize : 20 <-- 0.723873 s
currentSize : 21 <-- 2.776635 s
currentSize : 22 <-- 7.298112 s

maxsize : 22
nodes : 3631608.000000
filtered : 77099486.000000
time : 17.876545
