Parameters: GAD=1 vflib=1 dir=0 label=0 lowerbound=1 fileNameGp=../../cp2016-max-common-connected-subgraph-paper/datasets/graphsdb/mcs50/m4D/m4Dr6/mcs50_m4Dr6_s30.A05 fileNameGt=../../cp2016-max-common-connected-subgraph-paper/datasets/graphsdb/mcs50/m4D/m4Dr6/mcs50_m4Dr6_s30.B05
Reading graphs...
30 :  73
30 :  71
Initializing...
maxdom : 30
D->valSize : 900
Solving...
currentSize : 11 <-- 0.018475 s
currentSize : 12 <-- 0.018682 s
currentSize : 13 <-- 0.021170 s
currentSize : 14 <-- 0.036495 s
currentSize : 15 <-- 0.284564 s
currentSize : 16 <-- 1.054111 s
currentSize : 17 <-- 1.623286 s
currentSize : 18 <-- 2.077037 s
currentSize : 19 <-- 91.084915 s

maxsize : 19
nodes : 29736787.000000
filtered : 591314247.000000
time : 135.082611
