Parameters: GAD=1 vflib=1 dir=0 label=0 lowerbound=1 fileNameGp=../../cp2016-max-common-connected-subgraph-paper/datasets/graphsdb/mcs50/bvg/b06/mcs50_b06_s35.A02 fileNameGt=../../cp2016-max-common-connected-subgraph-paper/datasets/graphsdb/mcs50/bvg/b06/mcs50_b06_s35.B02
Reading graphs...
35 :  104
35 :  102
Initializing...
maxdom : 35
D->valSize : 1225
Solving...
currentSize : 11 <-- 0.019021 s
currentSize : 12 <-- 0.019048 s
currentSize : 13 <-- 0.019325 s
currentSize : 14 <-- 0.019334 s
currentSize : 15 <-- 0.020128 s
currentSize : 16 <-- 0.021095 s
currentSize : 17 <-- 0.060357 s
currentSize : 18 <-- 0.221445 s
currentSize : 19 <-- 0.299028 s
currentSize : 20 <-- 18.693018 s
currentSize : 21 <-- 111.343811 s
currentSize : 22 <-- 262.013977 s
currentSize : 23 <-- 358.746643 s

maxsize : 23
nodes : 90261504.000000
filtered : 2721049004.000000
time : 540.067444
