Parameters: GAD=1 vflib=1 dir=0 label=0 lowerbound=1 fileNameGp=../../cp2016-max-common-connected-subgraph-paper/datasets/graphsdb/mcs50/bvg/b09m/mcs50_b09m_s25.A00 fileNameGt=../../cp2016-max-common-connected-subgraph-paper/datasets/graphsdb/mcs50/bvg/b09m/mcs50_b09m_s25.B00
Reading graphs...
25 :  102
25 :  103
Initializing...
maxdom : 25
D->valSize : 625
Solving...
currentSize : 9 <-- 0.004491 s
currentSize : 10 <-- 0.004605 s
currentSize : 11 <-- 0.004674 s
currentSize : 12 <-- 0.009168 s
currentSize : 13 <-- 0.031282 s
currentSize : 14 <-- 6.317544 s

maxsize : 14
nodes : 2934741.000000
filtered : 45361429.000000
time : 11.426495
