Parameters: GAD=1 vflib=1 dir=0 label=0 lowerbound=1 fileNameGp=../../cp2016-max-common-connected-subgraph-paper/datasets/graphsdb/mcs50/rand/r01/mcs50_r01_s40.A07 fileNameGt=../../cp2016-max-common-connected-subgraph-paper/datasets/graphsdb/mcs50/rand/r01/mcs50_r01_s40.B07
Reading graphs...
40 :  148
40 :  151
Initializing...
maxdom : 40
D->valSize : 1600
Solving...
currentSize : 13 <-- 0.032272 s
currentSize : 14 <-- 0.032569 s
currentSize : 15 <-- 0.033189 s
currentSize : 16 <-- 0.035395 s
currentSize : 17 <-- 0.048060 s
currentSize : 18 <-- 0.061290 s
currentSize : 19 <-- 0.889410 s
currentSize : 20 <-- 26.274870 s

TIMEOUT
maxsize : 20
nodes : 185958155.000000
filtered : 3822008771.000000
time : 1000.000000
