Parameters: GAD=1 vflib=1 dir=0 label=0 lowerbound=1 fileNameGp=../../cp2016-max-common-connected-subgraph-paper/datasets/graphsdb/mcs50/m3D/m3Dr2/mcs50_m3Dr2_s50.A04 fileNameGt=../../cp2016-max-common-connected-subgraph-paper/datasets/graphsdb/mcs50/m3D/m3Dr2/mcs50_m3Dr2_s50.B04
Reading graphs...
50 :  116
50 :  117
Initializing...
maxdom : 50
D->valSize : 2500
Solving...
currentSize : 22 <-- 0.147677 s
currentSize : 24 <-- 0.148066 s
currentSize : 25 <-- 0.152880 s
currentSize : 26 <-- 0.332329 s
currentSize : 27 <-- 0.464267 s
currentSize : 28 <-- 0.968204 s
currentSize : 29 <-- 140.751831 s

TIMEOUT
maxsize : 29
nodes : 172262928.000000
filtered : 3310439005.000000
time : 1000.000061
