Parameters: GAD=1 vflib=1 dir=0 label=0 lowerbound=1 fileNameGp=../../cp2016-max-common-connected-subgraph-paper/datasets/graphsdb/mcs50/m4D/m4Dr6/mcs50_m4Dr6_s35.A05 fileNameGt=../../cp2016-max-common-connected-subgraph-paper/datasets/graphsdb/mcs50/m4D/m4Dr6/mcs50_m4Dr6_s35.B05
Reading graphs...
35 :  82
35 :  80
Initializing...
maxdom : 35
D->valSize : 1225
Solving...
currentSize : 11 <-- 0.020612 s
currentSize : 12 <-- 0.020721 s
currentSize : 13 <-- 0.020759 s
currentSize : 14 <-- 0.021410 s
currentSize : 15 <-- 0.022098 s
currentSize : 17 <-- 0.040674 s
currentSize : 18 <-- 2.094099 s
currentSize : 19 <-- 2.095403 s
currentSize : 20 <-- 6.252540 s
currentSize : 21 <-- 47.911781 s
currentSize : 22 <-- 350.491821 s
currentSize : 23 <-- 467.876892 s

maxsize : 23
nodes : 149798659.000000
filtered : 3530041413.000000
time : 795.462280
