Parameters: GAD=1 vflib=1 dir=0 label=0 lowerbound=1 fileNameGp=../../cp2016-max-common-connected-subgraph-paper/datasets/graphsdb/mcs50/m4D/m4Dr2/mcs50_m4Dr2_s35.A01 fileNameGt=../../cp2016-max-common-connected-subgraph-paper/datasets/graphsdb/mcs50/m4D/m4Dr2/mcs50_m4Dr2_s35.B01
Reading graphs...
35 :  68
35 :  68
Initializing...
maxdom : 35
D->valSize : 1225
Solving...
currentSize : 18 <-- 0.020393 s
currentSize : 19 <-- 0.020449 s
currentSize : 20 <-- 0.020618 s
currentSize : 21 <-- 0.020754 s
currentSize : 22 <-- 0.021726 s
currentSize : 23 <-- 0.022984 s
currentSize : 24 <-- 0.023566 s

maxsize : 24
nodes : 60315187.000000
filtered : 1783981174.000000
time : 368.946899
