Parameters: GAD=1 vflib=1 dir=0 label=0 lowerbound=1 fileNameGp=../../cp2016-max-common-connected-subgraph-paper/datasets/graphsdb/mcs50/bvg/b03m/mcs50_b03m_s40.A05 fileNameGt=../../cp2016-max-common-connected-subgraph-paper/datasets/graphsdb/mcs50/bvg/b03m/mcs50_b03m_s40.B05
Reading graphs...
40 :  60
40 :  60
Initializing...
maxdom : 40
D->valSize : 1600
Solving...
currentSize : 20 <-- 0.036450 s
currentSize : 21 <-- 0.036994 s
currentSize : 22 <-- 0.164407 s
currentSize : 23 <-- 0.164842 s
currentSize : 24 <-- 8.777675 s
currentSize : 25 <-- 13.509662 s
currentSize : 26 <-- 64.456367 s
currentSize : 27 <-- 110.869110 s
currentSize : 28 <-- 110.873566 s
currentSize : 29 <-- 360.102356 s

TIMEOUT
maxsize : 29
nodes : 163281875.000000
filtered : 4020201533.000000
time : 1000.000000
