Parameters: GAD=1 vflib=1 dir=0 label=0 lowerbound=1 fileNameGp=../../cp2016-max-common-connected-subgraph-paper/datasets/graphsdb/mcs50/m2D/m2Dr4/mcs50_m2Dr4_s30.A06 fileNameGt=../../cp2016-max-common-connected-subgraph-paper/datasets/graphsdb/mcs50/m2D/m2Dr4/mcs50_m2Dr4_s30.B06
Reading graphs...
30 :  61
30 :  60
Initializing...
maxdom : 30
D->valSize : 900
Solving...
currentSize : 10 <-- 0.010482 s
currentSize : 13 <-- 0.010554 s
currentSize : 14 <-- 0.011431 s
currentSize : 15 <-- 0.019097 s
currentSize : 16 <-- 0.019112 s
currentSize : 17 <-- 0.109057 s
currentSize : 18 <-- 0.437863 s
currentSize : 19 <-- 6.353369 s
currentSize : 20 <-- 10.296939 s

maxsize : 20
nodes : 19520870.000000
filtered : 431662359.000000
time : 95.056709
