Parameters: GAD=1 vflib=1 dir=0 label=0 lowerbound=1 fileNameGp=../../cp2016-max-common-connected-subgraph-paper/datasets/graphsdb/mcs50/m4D/m4D/mcs50_m4D_s30.A01 fileNameGt=../../cp2016-max-common-connected-subgraph-paper/datasets/graphsdb/mcs50/m4D/m4D/mcs50_m4D_s30.B01
Reading graphs...
30 :  55
30 :  54
Initializing...
maxdom : 30
D->valSize : 900
Solving...
currentSize : 15 <-- 0.010949 s
currentSize : 16 <-- 0.011413 s
currentSize : 17 <-- 0.011436 s
currentSize : 18 <-- 0.135714 s
currentSize : 19 <-- 0.205094 s
currentSize : 20 <-- 0.257393 s
currentSize : 21 <-- 0.690122 s
currentSize : 22 <-- 1.638620 s

maxsize : 22
nodes : 1120885.000000
filtered : 30538957.000000
time : 6.048733
