Parameters: GAD=1 vflib=1 dir=0 label=0 lowerbound=1 fileNameGp=../../cp2016-max-common-connected-subgraph-paper/datasets/graphsdb/mcs50/m2D/m2Dr4/mcs50_m2Dr4_s40.A08 fileNameGt=../../cp2016-max-common-connected-subgraph-paper/datasets/graphsdb/mcs50/m2D/m2Dr4/mcs50_m2Dr4_s40.B08
Reading graphs...
40 :  81
40 :  77
Initializing...
maxdom : 40
D->valSize : 1600
Solving...
currentSize : 18 <-- 0.035305 s
currentSize : 20 <-- 0.035499 s
currentSize : 21 <-- 0.037184 s
currentSize : 23 <-- 0.088733 s
currentSize : 24 <-- 2.254128 s
currentSize : 25 <-- 15.249296 s
currentSize : 26 <-- 573.984802 s

TIMEOUT
maxsize : 26
nodes : 184473680.000000
filtered : 4057745779.000000
time : 1000.000000
