Parameters: GAD=1 vflib=1 dir=0 label=0 lowerbound=1 fileNameGp=../../cp2016-max-common-connected-subgraph-paper/datasets/graphsdb/mcs50/m4D/m4Dr4/mcs50_m4Dr4_s35.A03 fileNameGt=../../cp2016-max-common-connected-subgraph-paper/datasets/graphsdb/mcs50/m4D/m4Dr4/mcs50_m4Dr4_s35.B03
Reading graphs...
35 :  75
35 :  75
Initializing...
maxdom : 35
D->valSize : 1225
Solving...
currentSize : 15 <-- 0.019947 s
currentSize : 16 <-- 0.022149 s
currentSize : 17 <-- 0.035611 s
currentSize : 18 <-- 0.048641 s
currentSize : 19 <-- 5.706273 s
currentSize : 20 <-- 18.517780 s
currentSize : 21 <-- 69.802872 s
currentSize : 22 <-- 141.351166 s
currentSize : 23 <-- 179.655396 s

TIMEOUT
maxsize : 23
nodes : 182588160.000000
filtered : 4587890519.000000
time : 1000.000000
