Parameters: GAD=1 vflib=1 dir=0 label=0 lowerbound=1 fileNameGp=../../cp2016-max-common-connected-subgraph-paper/datasets/graphsdb/mcs50/bvg/b06/mcs50_b06_s35.A07 fileNameGt=../../cp2016-max-common-connected-subgraph-paper/datasets/graphsdb/mcs50/bvg/b06/mcs50_b06_s35.B07
Reading graphs...
35 :  101
35 :  105
Initializing...
maxdom : 35
D->valSize : 1225
Solving...
currentSize : 16 <-- 0.019083 s
currentSize : 17 <-- 0.043000 s
currentSize : 18 <-- 0.398818 s
currentSize : 19 <-- 1.406858 s
currentSize : 20 <-- 18.371187 s
currentSize : 21 <-- 57.224056 s
currentSize : 22 <-- 379.919891 s

maxsize : 22
nodes : 162239592.000000
filtered : 4689120963.000000
time : 961.226013
