Parameters: GAD=1 vflib=1 dir=0 label=0 lowerbound=1 fileNameGp=../../cp2016-max-common-connected-subgraph-paper/datasets/graphsdb/mcs50/m4D/m4Dr4/mcs50_m4Dr4_s40.A08 fileNameGt=../../cp2016-max-common-connected-subgraph-paper/datasets/graphsdb/mcs50/m4D/m4Dr4/mcs50_m4Dr4_s40.B08
Reading graphs...
40 :  84
40 :  84
Initializing...
maxdom : 40
D->valSize : 1600
Solving...
currentSize : 18 <-- 0.035288 s
currentSize : 19 <-- 0.035333 s
currentSize : 20 <-- 4.523842 s
currentSize : 21 <-- 21.491779 s
currentSize : 22 <-- 99.184624 s
currentSize : 23 <-- 544.479614 s
currentSize : 24 <-- 546.838196 s

TIMEOUT
maxsize : 24
nodes : 232407923.000000
filtered : 2994904957.000000
time : 1000.000061
