Parameters: GAD=1 vflib=1 dir=0 label=0 lowerbound=1 fileNameGp=../../cp2016-max-common-connected-subgraph-paper/datasets/graphsdb/mcs50/bvg/b06m/mcs50_b06m_s50.A07 fileNameGt=../../cp2016-max-common-connected-subgraph-paper/datasets/graphsdb/mcs50/bvg/b06m/mcs50_b06m_s50.B07
Reading graphs...
50 :  146
50 :  147
Initializing...
maxdom : 50
D->valSize : 2500
Solving...
currentSize : 17 <-- 0.090928 s
currentSize : 18 <-- 0.091128 s
currentSize : 19 <-- 0.096092 s
currentSize : 20 <-- 0.110312 s
currentSize : 21 <-- 0.202265 s
currentSize : 22 <-- 0.304727 s
currentSize : 23 <-- 1.043640 s
currentSize : 24 <-- 2.563858 s
currentSize : 25 <-- 4.075145 s
currentSize : 26 <-- 84.466743 s

TIMEOUT
maxsize : 26
nodes : 172552509.000000
filtered : 3829110068.000000
time : 1000.000061
