Parameters: GAD=1 vflib=1 dir=0 label=0 lowerbound=1 fileNameGp=../../cp2016-max-common-connected-subgraph-paper/datasets/graphsdb/mcs50/m2D/m2Dr2/mcs50_m2Dr2_s30.A01 fileNameGt=../../cp2016-max-common-connected-subgraph-paper/datasets/graphsdb/mcs50/m2D/m2Dr2/mcs50_m2Dr2_s30.B01
Reading graphs...
30 :  55
30 :  53
Initializing...
maxdom : 30
D->valSize : 900
Solving...
currentSize : 11 <-- 0.019109 s
currentSize : 12 <-- 0.019620 s
currentSize : 13 <-- 0.020174 s
currentSize : 14 <-- 0.021599 s
currentSize : 15 <-- 0.022407 s
currentSize : 16 <-- 0.026328 s
currentSize : 17 <-- 0.142325 s
currentSize : 18 <-- 0.469273 s
currentSize : 19 <-- 0.479451 s
currentSize : 20 <-- 15.923151 s

maxsize : 20
nodes : 19941335.000000
filtered : 405291329.000000
time : 90.279488
