Parameters: GAD=1 vflib=1 dir=0 label=0 lowerbound=1 fileNameGp=../../cp2016-max-common-connected-subgraph-paper/datasets/graphsdb/mcs50/m4D/m4Dr4/mcs50_m4Dr4_s35.A04 fileNameGt=../../cp2016-max-common-connected-subgraph-paper/datasets/graphsdb/mcs50/m4D/m4Dr4/mcs50_m4Dr4_s35.B04
Reading graphs...
35 :  77
35 :  75
Initializing...
maxdom : 35
D->valSize : 1225
Solving...
currentSize : 12 <-- 0.020134 s
currentSize : 13 <-- 0.020154 s
currentSize : 14 <-- 0.020162 s
currentSize : 15 <-- 0.020754 s
currentSize : 16 <-- 0.034492 s
currentSize : 17 <-- 0.189874 s
currentSize : 18 <-- 0.430540 s
currentSize : 20 <-- 1.350412 s
currentSize : 21 <-- 17.765060 s
currentSize : 22 <-- 38.990589 s
currentSize : 23 <-- 352.838196 s

maxsize : 23
nodes : 166563588.000000
filtered : 4024380817.000000
time : 899.768066
