Parameters: GAD=1 vflib=1 dir=0 label=0 lowerbound=1 fileNameGp=../../cp2016-max-common-connected-subgraph-paper/datasets/graphsdb/mcs50/m2D/m2Dr6/mcs50_m2Dr6_s30.A06 fileNameGt=../../cp2016-max-common-connected-subgraph-paper/datasets/graphsdb/mcs50/m2D/m2Dr6/mcs50_m2Dr6_s30.B06
Reading graphs...
30 :  65
30 :  64
Initializing...
maxdom : 30
D->valSize : 900
Solving...
currentSize : 11 <-- 0.018742 s
currentSize : 13 <-- 0.019024 s
currentSize : 15 <-- 0.023802 s
currentSize : 16 <-- 0.083170 s
currentSize : 17 <-- 0.261389 s
currentSize : 18 <-- 2.615426 s
currentSize : 19 <-- 2.851581 s

maxsize : 19
nodes : 36930544.000000
filtered : 761414146.000000
time : 172.321030
