Parameters: GAD=1 vflib=1 dir=0 label=0 lowerbound=1 fileNameGp=../../cp2016-max-common-connected-subgraph-paper/datasets/graphsdb/mcs50/m2D/m2D/mcs50_m2D_s50.A06 fileNameGt=../../cp2016-max-common-connected-subgraph-paper/datasets/graphsdb/mcs50/m2D/m2D/mcs50_m2D_s50.B06
Reading graphs...
50 :  85
50 :  85
Initializing...
maxdom : 50
D->valSize : 2500
Solving...
currentSize : 25 <-- 0.113394 s
currentSize : 26 <-- 0.113454 s
currentSize : 27 <-- 0.117601 s
currentSize : 28 <-- 0.118243 s
currentSize : 29 <-- 3.801318 s
currentSize : 30 <-- 15.282398 s
currentSize : 31 <-- 50.769184 s

TIMEOUT
maxsize : 31
nodes : 203147374.000000
filtered : 2448602090.000000
time : 1000.000061
