Parameters: GAD=1 vflib=1 dir=0 label=0 lowerbound=1 fileNameGp=../../cp2016-max-common-connected-subgraph-paper/datasets/graphsdb/mcs50/bvg/b06/mcs50_b06_s30.A06 fileNameGt=../../cp2016-max-common-connected-subgraph-paper/datasets/graphsdb/mcs50/bvg/b06/mcs50_b06_s30.B06
Reading graphs...
30 :  88
30 :  89
Initializing...
maxdom : 30
D->valSize : 900
Solving...
currentSize : 13 <-- 0.010205 s
currentSize : 14 <-- 0.010289 s
currentSize : 15 <-- 0.012297 s
currentSize : 16 <-- 0.041648 s
currentSize : 17 <-- 4.887410 s
currentSize : 18 <-- 8.896360 s
currentSize : 19 <-- 52.647732 s

maxsize : 19
nodes : 15438199.000000
filtered : 392284110.000000
time : 79.324905
