Parameters: GAD=1 vflib=1 dir=0 label=0 lowerbound=1 fileNameGp=../../cp2016-max-common-connected-subgraph-paper/datasets/graphsdb/mcs50/m4D/m4Dr4/mcs50_m4Dr4_s30.A09 fileNameGt=../../cp2016-max-common-connected-subgraph-paper/datasets/graphsdb/mcs50/m4D/m4Dr4/mcs50_m4Dr4_s30.B09
Reading graphs...
30 :  66
30 :  65
Initializing...
maxdom : 30
D->valSize : 900
Solving...
currentSize : 11 <-- 0.018802 s
currentSize : 13 <-- 0.018827 s
currentSize : 14 <-- 0.019687 s
currentSize : 15 <-- 0.025153 s
currentSize : 16 <-- 0.116128 s
currentSize : 17 <-- 0.268168 s
currentSize : 18 <-- 0.269618 s
currentSize : 19 <-- 1.770674 s
currentSize : 20 <-- 1.913936 s

maxsize : 20
nodes : 9879461.000000
filtered : 247554533.000000
time : 50.341911
