Parameters: GAD=1 vflib=1 dir=0 label=0 lowerbound=1 fileNameGp=../../cp2016-max-common-connected-subgraph-paper/datasets/graphsdb/mcs50/m2D/m2Dr4/mcs50_m2Dr4_s40.A03 fileNameGt=../../cp2016-max-common-connected-subgraph-paper/datasets/graphsdb/mcs50/m2D/m2Dr4/mcs50_m2Dr4_s40.B03
Reading graphs...
40 :  82
40 :  83
Initializing...
maxdom : 40
D->valSize : 1600
Solving...
currentSize : 18 <-- 0.053794 s
currentSize : 19 <-- 0.054413 s
currentSize : 20 <-- 0.077697 s
currentSize : 21 <-- 0.327254 s
currentSize : 22 <-- 1.267999 s
currentSize : 23 <-- 1.720975 s
currentSize : 24 <-- 32.901020 s
currentSize : 25 <-- 43.920986 s
currentSize : 26 <-- 341.874695 s

TIMEOUT
maxsize : 26
nodes : 170329431.000000
filtered : 4197242978.000000
time : 1000.000000
