Parameters: GAD=1 vflib=1 dir=0 label=0 lowerbound=1 fileNameGp=../../cp2016-max-common-connected-subgraph-paper/datasets/graphsdb/mcs50/m4D/m4Dr2/mcs50_m4Dr2_s30.A02 fileNameGt=../../cp2016-max-common-connected-subgraph-paper/datasets/graphsdb/mcs50/m4D/m4Dr2/mcs50_m4Dr2_s30.B02
Reading graphs...
30 :  60
30 :  58
Initializing...
maxdom : 30
D->valSize : 900
Solving...
currentSize : 16 <-- 0.018859 s
currentSize : 17 <-- 0.019040 s
currentSize : 18 <-- 0.019476 s
currentSize : 19 <-- 0.019522 s
currentSize : 20 <-- 0.113685 s
currentSize : 21 <-- 3.038785 s

maxsize : 21
nodes : 3486855.000000
filtered : 98588507.000000
time : 18.550161
