Parameters: GAD=1 vflib=1 dir=0 label=0 lowerbound=1 fileNameGp=../../cp2016-max-common-connected-subgraph-paper/datasets/graphsdb/mcs50/bvg/b09/mcs50_b09_s25.A07 fileNameGt=../../cp2016-max-common-connected-subgraph-paper/datasets/graphsdb/mcs50/bvg/b09/mcs50_b09_s25.B07
Reading graphs...
25 :  108
25 :  108
Initializing...
maxdom : 25
D->valSize : 625
Solving...
currentSize : 8 <-- 0.004430 s
currentSize : 9 <-- 0.004483 s
currentSize : 10 <-- 0.004499 s
currentSize : 11 <-- 0.004789 s
currentSize : 12 <-- 0.023948 s
currentSize : 13 <-- 0.174843 s
currentSize : 14 <-- 0.301013 s

maxsize : 14
nodes : 1717816.000000
filtered : 32194400.000000
time : 7.109923
