Parameters: GAD=1 vflib=1 dir=0 label=0 lowerbound=1 fileNameGp=../../cp2016-max-common-connected-subgraph-paper/datasets/graphsdb/mcs50/rand/r005/mcs50_r005_s25.A05 fileNameGt=../../cp2016-max-common-connected-subgraph-paper/datasets/graphsdb/mcs50/rand/r005/mcs50_r005_s25.B05
Reading graphs...
25 :  33
25 :  34
Initializing...
maxdom : 25
D->valSize : 625
Solving...
currentSize : 11 <-- 0.009226 s
currentSize : 13 <-- 0.010392 s
currentSize : 14 <-- 0.010430 s
currentSize : 15 <-- 0.011733 s
currentSize : 16 <-- 0.032347 s
currentSize : 17 <-- 0.033925 s
currentSize : 18 <-- 0.477068 s
currentSize : 19 <-- 1.314726 s

maxsize : 19
nodes : 413582.000000
filtered : 5494596.000000
time : 1.526664
