Parameters: GAD=1 vflib=1 dir=0 label=0 lowerbound=1 fileNameGp=../../cp2016-max-common-connected-subgraph-paper/datasets/graphsdb/mcs50/m2D/m2Dr6/mcs50_m2Dr6_s40.A01 fileNameGt=../../cp2016-max-common-connected-subgraph-paper/datasets/graphsdb/mcs50/m2D/m2Dr6/mcs50_m2Dr6_s40.B01
Reading graphs...
40 :  88
40 :  87
Initializing...
maxdom : 40
D->valSize : 1600
Solving...
currentSize : 19 <-- 0.062223 s
currentSize : 20 <-- 0.062320 s
currentSize : 21 <-- 0.062638 s
currentSize : 22 <-- 0.068813 s
currentSize : 23 <-- 0.075115 s
currentSize : 24 <-- 1.125258 s
currentSize : 25 <-- 5.181196 s
currentSize : 26 <-- 95.154045 s

TIMEOUT
maxsize : 26
nodes : 166431373.000000
filtered : 4354997721.000000
time : 1000.000061
