Parameters: GAD=1 vflib=1 dir=0 label=0 lowerbound=1 fileNameGp=../../cp2016-max-common-connected-subgraph-paper/datasets/graphsdb/mcs50/bvg/b03m/mcs50_b03m_s50.A03 fileNameGt=../../cp2016-max-common-connected-subgraph-paper/datasets/graphsdb/mcs50/bvg/b03m/mcs50_b03m_s50.B03
Reading graphs...
50 :  74
50 :  74
Initializing...
maxdom : 50
D->valSize : 2500
Solving...
currentSize : 22 <-- 0.098462 s
currentSize : 24 <-- 0.098510 s
currentSize : 25 <-- 0.943072 s
currentSize : 26 <-- 1.765253 s
currentSize : 27 <-- 51.080017 s
currentSize : 28 <-- 127.538795 s
currentSize : 29 <-- 950.055054 s

TIMEOUT
maxsize : 29
nodes : 262839561.000000
filtered : 2828898848.000000
time : 1000.000061
