Parameters: GAD=1 vflib=1 dir=0 label=0 lowerbound=1 fileNameGp=../../cp2016-max-common-connected-subgraph-paper/datasets/graphsdb/mcs50/rand/r02/mcs50_r02_s25.A05 fileNameGt=../../cp2016-max-common-connected-subgraph-paper/datasets/graphsdb/mcs50/rand/r02/mcs50_r02_s25.B05
Reading graphs...
25 :  107
25 :  110
Initializing...
maxdom : 25
D->valSize : 625
Solving...
currentSize : 9 <-- 0.004637 s
currentSize : 10 <-- 0.004734 s
currentSize : 11 <-- 0.005830 s
currentSize : 12 <-- 0.016755 s
currentSize : 13 <-- 1.125213 s
currentSize : 14 <-- 7.508279 s

maxsize : 14
nodes : 3704602.000000
filtered : 52767249.000000
time : 14.476398
