Parameters: GAD=1 vflib=1 dir=0 label=0 lowerbound=1 fileNameGp=../../cp2016-max-common-connected-subgraph-paper/datasets/graphsdb/mcs50/rand/r005/mcs50_r005_s50.A07 fileNameGt=../../cp2016-max-common-connected-subgraph-paper/datasets/graphsdb/mcs50/rand/r005/mcs50_r005_s50.B07
Reading graphs...
50 :  118
50 :  119
Initializing...
maxdom : 50
D->valSize : 2500
Solving...
currentSize : 18 <-- 0.095384 s
currentSize : 19 <-- 0.095418 s
currentSize : 22 <-- 0.095604 s
currentSize : 23 <-- 0.097687 s
currentSize : 24 <-- 0.097906 s
currentSize : 25 <-- 0.101461 s
currentSize : 26 <-- 0.101871 s
currentSize : 27 <-- 2.166907 s
currentSize : 28 <-- 9.348313 s
currentSize : 29 <-- 75.232346 s

TIMEOUT
maxsize : 29
nodes : 160548235.000000
filtered : 3445179436.000000
time : 1000.000061
