Parameters: GAD=1 vflib=1 dir=0 label=0 lowerbound=1 fileNameGp=../../cp2016-max-common-connected-subgraph-paper/datasets/graphsdb/mcs50/m4D/m4Dr2/mcs50_m4Dr2_s40.A07 fileNameGt=../../cp2016-max-common-connected-subgraph-paper/datasets/graphsdb/mcs50/m4D/m4Dr2/mcs50_m4Dr2_s40.B07
Reading graphs...
40 :  78
40 :  79
Initializing...
maxdom : 40
D->valSize : 1600
Solving...
currentSize : 16 <-- 0.035378 s
currentSize : 18 <-- 0.035424 s
currentSize : 19 <-- 0.062726 s
currentSize : 20 <-- 0.254362 s
currentSize : 21 <-- 1.870416 s
currentSize : 22 <-- 13.272871 s
currentSize : 23 <-- 985.768616 s

TIMEOUT
maxsize : 23
nodes : 279613284.000000
filtered : 2589463634.000000
time : 1000.000000
