Parameters: GAD=1 vflib=1 dir=0 label=0 lowerbound=1 fileNameGp=../../cp2016-max-common-connected-subgraph-paper/datasets/graphsdb/mcs50/m2D/m2Dr2/mcs50_m2Dr2_s30.A03 fileNameGt=../../cp2016-max-common-connected-subgraph-paper/datasets/graphsdb/mcs50/m2D/m2Dr2/mcs50_m2Dr2_s30.B03
Reading graphs...
30 :  55
30 :  54
Initializing...
maxdom : 30
D->valSize : 900
Solving...
currentSize : 11 <-- 0.018653 s
currentSize : 15 <-- 0.018695 s
currentSize : 16 <-- 0.018716 s
currentSize : 17 <-- 0.030765 s
currentSize : 18 <-- 0.032481 s
currentSize : 19 <-- 0.101733 s
currentSize : 20 <-- 0.133242 s
currentSize : 21 <-- 28.582651 s
currentSize : 22 <-- 28.582708 s

maxsize : 22
nodes : 7818214.000000
filtered : 172558968.000000
time : 37.917583
