Parameters: GAD=1 vflib=1 dir=0 label=0 lowerbound=1 fileNameGp=../../cp2016-max-common-connected-subgraph-paper/datasets/graphsdb/mcs50/bvg/b03/mcs50_b03_s40.A06 fileNameGt=../../cp2016-max-common-connected-subgraph-paper/datasets/graphsdb/mcs50/bvg/b03/mcs50_b03_s40.B06
Reading graphs...
40 :  59
40 :  60
Initializing...
maxdom : 40
D->valSize : 1600
Solving...
currentSize : 12 <-- 0.036571 s
currentSize : 16 <-- 0.036795 s
currentSize : 19 <-- 0.037008 s
currentSize : 20 <-- 0.037053 s
currentSize : 21 <-- 0.037090 s
currentSize : 22 <-- 0.040088 s
currentSize : 24 <-- 0.529234 s
currentSize : 25 <-- 9.756483 s
currentSize : 26 <-- 49.714676 s
currentSize : 27 <-- 231.113541 s
currentSize : 28 <-- 234.437790 s

TIMEOUT
maxsize : 28
nodes : 190079700.000000
filtered : 3600728692.000000
time : 1000.000000
