Parameters: GAD=1 vflib=1 dir=0 label=0 lowerbound=1 fileNameGp=../../cp2016-max-common-connected-subgraph-paper/datasets/graphsdb/mcs50/bvg/b06/mcs50_b06_s50.A00 fileNameGt=../../cp2016-max-common-connected-subgraph-paper/datasets/graphsdb/mcs50/bvg/b06/mcs50_b06_s50.B00
Reading graphs...
50 :  147
50 :  147
Initializing...
maxdom : 50
D->valSize : 2500
Solving...
currentSize : 22 <-- 0.091343 s
currentSize : 23 <-- 0.094287 s
currentSize : 24 <-- 0.644090 s
currentSize : 25 <-- 0.855275 s
currentSize : 26 <-- 1.652203 s
currentSize : 27 <-- 1.684605 s
currentSize : 28 <-- 645.511414 s

TIMEOUT
maxsize : 28
nodes : 160092655.000000
filtered : 3801405559.000000
time : 1000.000061
