Parameters: GAD=1 vflib=1 dir=0 label=0 lowerbound=1 fileNameGp=../../cp2016-max-common-connected-subgraph-paper/datasets/graphsdb/mcs50/m2D/m2Dr4/mcs50_m2Dr4_s30.A05 fileNameGt=../../cp2016-max-common-connected-subgraph-paper/datasets/graphsdb/mcs50/m2D/m2Dr4/mcs50_m2Dr4_s30.B05
Reading graphs...
30 :  61
30 :  59
Initializing...
maxdom : 30
D->valSize : 900
Solving...
currentSize : 10 <-- 0.017186 s
currentSize : 11 <-- 0.017212 s
currentSize : 13 <-- 0.017243 s
currentSize : 14 <-- 0.017253 s
currentSize : 15 <-- 0.017308 s
currentSize : 16 <-- 0.019110 s
currentSize : 17 <-- 0.021043 s
currentSize : 18 <-- 0.032178 s
currentSize : 19 <-- 0.056334 s
currentSize : 20 <-- 8.871243 s

maxsize : 20
nodes : 23851999.000000
filtered : 513703512.000000
time : 112.740959
