Parameters: GAD=1 vflib=1 dir=0 label=0 lowerbound=1 fileNameGp=../../cp2016-max-common-connected-subgraph-paper/datasets/graphsdb/mcs50/m4D/m4Dr2/mcs50_m4Dr2_s30.A06 fileNameGt=../../cp2016-max-common-connected-subgraph-paper/datasets/graphsdb/mcs50/m4D/m4Dr2/mcs50_m4Dr2_s30.B06
Reading graphs...
30 :  61
30 :  59
Initializing...
maxdom : 30
D->valSize : 900
Solving...
currentSize : 10 <-- 0.018873 s
currentSize : 11 <-- 0.019027 s
currentSize : 14 <-- 0.019079 s
currentSize : 15 <-- 0.019193 s
currentSize : 16 <-- 0.020692 s
currentSize : 17 <-- 0.024704 s
currentSize : 18 <-- 2.075814 s
currentSize : 19 <-- 11.763213 s
currentSize : 20 <-- 18.977783 s
currentSize : 21 <-- 44.438583 s

maxsize : 21
nodes : 11518773.000000
filtered : 211792680.000000
time : 51.445229
