Parameters: GAD=1 vflib=1 dir=0 label=0 lowerbound=1 fileNameGp=../../cp2016-max-common-connected-subgraph-paper/datasets/graphsdb/mcs50/m4D/m4Dr2/mcs50_m4Dr2_s35.A00 fileNameGt=../../cp2016-max-common-connected-subgraph-paper/datasets/graphsdb/mcs50/m4D/m4Dr2/mcs50_m4Dr2_s35.B00
Reading graphs...
35 :  68
35 :  68
Initializing...
maxdom : 35
D->valSize : 1225
Solving...
currentSize : 14 <-- 0.020365 s
currentSize : 17 <-- 0.020775 s
currentSize : 18 <-- 0.021135 s
currentSize : 19 <-- 0.026992 s
currentSize : 20 <-- 0.028658 s
currentSize : 22 <-- 0.099504 s
currentSize : 23 <-- 11.082506 s
currentSize : 24 <-- 290.946777 s

maxsize : 24
nodes : 102618200.000000
filtered : 2472087962.000000
time : 550.065613
