Parameters: GAD=1 vflib=1 dir=0 label=0 lowerbound=1 fileNameGp=../../cp2016-max-common-connected-subgraph-paper/datasets/graphsdb/mcs50/bvg/b03m/mcs50_b03m_s35.A06 fileNameGt=../../cp2016-max-common-connected-subgraph-paper/datasets/graphsdb/mcs50/bvg/b03m/mcs50_b03m_s35.B06
Reading graphs...
35 :  52
35 :  51
Initializing...
maxdom : 35
D->valSize : 1225
Solving...
currentSize : 15 <-- 0.020944 s
currentSize : 17 <-- 0.020971 s
currentSize : 19 <-- 0.020994 s
currentSize : 20 <-- 0.030820 s
currentSize : 21 <-- 0.245557 s
currentSize : 22 <-- 4.267861 s
currentSize : 23 <-- 8.810475 s
currentSize : 24 <-- 29.678024 s
currentSize : 25 <-- 94.436661 s

maxsize : 25
nodes : 185595454.000000
filtered : 3599720559.000000
time : 924.599915
