Parameters: GAD=1 vflib=1 dir=0 label=0 lowerbound=1 fileNameGp=../../cp2016-max-common-connected-subgraph-paper/datasets/graphsdb/mcs50/m3D/m3Dr6/mcs50_m3Dr6_s50.A00 fileNameGt=../../cp2016-max-common-connected-subgraph-paper/datasets/graphsdb/mcs50/m3D/m3Dr6/mcs50_m3Dr6_s50.B00
Reading graphs...
50 :  135
50 :  137
Initializing...
maxdom : 50
D->valSize : 2500
Solving...
currentSize : 18 <-- 0.110487 s
currentSize : 19 <-- 0.110571 s
currentSize : 20 <-- 0.110582 s
currentSize : 21 <-- 0.110590 s
currentSize : 22 <-- 0.110691 s
currentSize : 23 <-- 0.119687 s
currentSize : 24 <-- 0.119719 s
currentSize : 25 <-- 0.235311 s
currentSize : 26 <-- 3.037939 s
currentSize : 27 <-- 6.368982 s
currentSize : 28 <-- 635.586426 s

TIMEOUT
maxsize : 28
nodes : 162333710.000000
filtered : 3517305466.000000
time : 1000.000061
