Parameters: GAD=1 vflib=1 dir=0 label=0 lowerbound=1 fileNameGp=../../cp2016-max-common-connected-subgraph-paper/datasets/graphsdb/mcs50/rand/r02/mcs50_r02_s30.A09 fileNameGt=../../cp2016-max-common-connected-subgraph-paper/datasets/graphsdb/mcs50/rand/r02/mcs50_r02_s30.B09
Reading graphs...
30 :  155
30 :  154
Initializing...
maxdom : 30
D->valSize : 900
Solving...
currentSize : 10 <-- 0.016554 s
currentSize : 11 <-- 0.016691 s
currentSize : 12 <-- 0.019259 s
currentSize : 13 <-- 0.019584 s
currentSize : 14 <-- 0.950803 s
currentSize : 15 <-- 178.533691 s

maxsize : 15
nodes : 84746091.000000
filtered : 1138704815.000000
time : 351.698181
