Parameters: GAD=1 vflib=1 dir=0 label=0 lowerbound=1 fileNameGp=../../cp2016-max-common-connected-subgraph-paper/datasets/graphsdb/mcs50/m2D/m2Dr6/mcs50_m2Dr6_s30.A08 fileNameGt=../../cp2016-max-common-connected-subgraph-paper/datasets/graphsdb/mcs50/m2D/m2Dr6/mcs50_m2Dr6_s30.B08
Reading graphs...
30 :  63
30 :  62
Initializing...
maxdom : 30
D->valSize : 900
Solving...
currentSize : 15 <-- 0.010836 s
currentSize : 16 <-- 0.012479 s
currentSize : 17 <-- 0.162791 s
currentSize : 18 <-- 0.289957 s
currentSize : 19 <-- 0.976636 s
currentSize : 20 <-- 15.744552 s

maxsize : 20
nodes : 22306552.000000
filtered : 491761832.000000
time : 107.357841
