Parameters: GAD=1 vflib=1 dir=0 label=0 lowerbound=1 fileNameGp=../../cp2016-max-common-connected-subgraph-paper/datasets/graphsdb/mcs50/rand/r01/mcs50_r01_s25.A03 fileNameGt=../../cp2016-max-common-connected-subgraph-paper/datasets/graphsdb/mcs50/rand/r01/mcs50_r01_s25.B03
Reading graphs...
25 :  57
25 :  53
Initializing...
maxdom : 25
D->valSize : 625
Solving...
currentSize : 11 <-- 0.005045 s
currentSize : 12 <-- 0.005229 s
currentSize : 13 <-- 0.005441 s
currentSize : 14 <-- 0.006119 s
currentSize : 15 <-- 0.007918 s
currentSize : 16 <-- 0.094354 s
currentSize : 17 <-- 6.230690 s

maxsize : 17
nodes : 1747165.000000
filtered : 31753523.000000
time : 7.158995
