Parameters: GAD=1 vflib=1 dir=0 label=0 lowerbound=1 fileNameGp=../../cp2016-max-common-connected-subgraph-paper/datasets/graphsdb/mcs50/m2D/m2Dr2/mcs50_m2Dr2_s40.A09 fileNameGt=../../cp2016-max-common-connected-subgraph-paper/datasets/graphsdb/mcs50/m2D/m2Dr2/mcs50_m2Dr2_s40.B09
Reading graphs...
40 :  75
40 :  74
Initializing...
maxdom : 40
D->valSize : 1600
Solving...
currentSize : 19 <-- 0.035672 s
currentSize : 20 <-- 0.035695 s
currentSize : 21 <-- 0.037043 s
currentSize : 22 <-- 0.073449 s
currentSize : 23 <-- 0.131917 s
currentSize : 24 <-- 0.145240 s
currentSize : 25 <-- 0.560797 s
currentSize : 26 <-- 136.541321 s
currentSize : 27 <-- 293.535919 s
currentSize : 28 <-- 442.971191 s

TIMEOUT
maxsize : 28
nodes : 161538239.000000
filtered : 4387524196.000000
time : 1000.000000
