Parameters: GAD=1 vflib=1 dir=0 label=0 lowerbound=1 fileNameGp=../../cp2016-max-common-connected-subgraph-paper/datasets/graphsdb/mcs50/bvg/b09/mcs50_b09_s30.A01 fileNameGt=../../cp2016-max-common-connected-subgraph-paper/datasets/graphsdb/mcs50/bvg/b09/mcs50_b09_s30.B01
Reading graphs...
30 :  131
30 :  132
Initializing...
maxdom : 30
D->valSize : 900
Solving...
currentSize : 8 <-- 0.009490 s
currentSize : 9 <-- 0.009507 s
currentSize : 10 <-- 0.009516 s
currentSize : 11 <-- 0.009671 s
currentSize : 13 <-- 0.009902 s
currentSize : 14 <-- 0.103110 s
currentSize : 15 <-- 0.644304 s
currentSize : 16 <-- 2.067021 s
currentSize : 17 <-- 15.160497 s
currentSize : 18 <-- 15.196951 s

maxsize : 18
nodes : 7383299.000000
filtered : 158230810.000000
time : 35.577389
