Parameters: GAD=1 vflib=1 dir=0 label=0 lowerbound=1 fileNameGp=../../cp2016-max-common-connected-subgraph-paper/datasets/graphsdb/mcs50/m4D/m4Dr6/mcs50_m4Dr6_s30.A09 fileNameGt=../../cp2016-max-common-connected-subgraph-paper/datasets/graphsdb/mcs50/m4D/m4Dr6/mcs50_m4Dr6_s30.B09
Reading graphs...
30 :  72
30 :  71
Initializing...
maxdom : 30
D->valSize : 900
Solving...
currentSize : 12 <-- 0.017966 s
currentSize : 13 <-- 0.019086 s
currentSize : 14 <-- 0.039891 s
currentSize : 15 <-- 0.120849 s
currentSize : 16 <-- 0.226773 s
currentSize : 17 <-- 0.956446 s
currentSize : 18 <-- 1.424431 s
currentSize : 19 <-- 32.590836 s

maxsize : 19
nodes : 24591115.000000
filtered : 515070192.000000
time : 117.388756
