Parameters: GAD=1 vflib=1 dir=0 label=0 lowerbound=1 fileNameGp=../../cp2016-max-common-connected-subgraph-paper/datasets/graphsdb/mcs50/bvg/b09/mcs50_b09_s40.A04 fileNameGt=../../cp2016-max-common-connected-subgraph-paper/datasets/graphsdb/mcs50/bvg/b09/mcs50_b09_s40.B04
Reading graphs...
40 :  176
40 :  176
Initializing...
maxdom : 40
D->valSize : 1600
Solving...
currentSize : 14 <-- 0.031557 s
currentSize : 15 <-- 0.032187 s
currentSize : 16 <-- 0.035535 s
currentSize : 17 <-- 0.045404 s
currentSize : 18 <-- 0.558651 s
currentSize : 19 <-- 0.575537 s
currentSize : 20 <-- 680.799866 s
currentSize : 21 <-- 707.076111 s
currentSize : 22 <-- 749.711670 s

TIMEOUT
maxsize : 22
nodes : 176510047.000000
filtered : 4054190767.000000
time : 1000.000000
