Parameters: GAD=1 vflib=1 dir=0 label=0 lowerbound=1 fileNameGp=../../cp2016-max-common-connected-subgraph-paper/datasets/graphsdb/mcs50/rand/r02/mcs50_r02_s35.A00 fileNameGt=../../cp2016-max-common-connected-subgraph-paper/datasets/graphsdb/mcs50/rand/r02/mcs50_r02_s35.B00
Reading graphs...
35 :  212
35 :  216
Initializing...
maxdom : 35
D->valSize : 1225
Solving...
currentSize : 9 <-- 0.016990 s
currentSize : 10 <-- 0.017011 s
currentSize : 11 <-- 0.017139 s
currentSize : 12 <-- 0.017777 s
currentSize : 13 <-- 0.019640 s
currentSize : 14 <-- 1.071477 s
currentSize : 15 <-- 9.264438 s
currentSize : 16 <-- 667.630310 s

TIMEOUT
maxsize : 16
nodes : 231907754.000000
filtered : 2576922157.000000
time : 1000.000000
