Parameters: GAD=1 vflib=1 dir=0 label=0 lowerbound=1 fileNameGp=../../cp2016-max-common-connected-subgraph-paper/datasets/graphsdb/mcs50/m2D/m2D/mcs50_m2D_s30.A04 fileNameGt=../../cp2016-max-common-connected-subgraph-paper/datasets/graphsdb/mcs50/m2D/m2D/mcs50_m2D_s30.B04
Reading graphs...
30 :  48
30 :  49
Initializing...
maxdom : 30
D->valSize : 900
Solving...
currentSize : 14 <-- 0.011191 s
currentSize : 15 <-- 0.011215 s
currentSize : 16 <-- 0.011232 s
currentSize : 17 <-- 0.011238 s
currentSize : 18 <-- 0.013666 s
currentSize : 19 <-- 0.028939 s
currentSize : 20 <-- 0.089292 s
currentSize : 21 <-- 2.291905 s
currentSize : 22 <-- 29.381437 s

maxsize : 22
nodes : 8305299.000000
filtered : 175550874.000000
time : 40.505306
