Parameters: GAD=1 vflib=1 dir=0 label=0 lowerbound=1 fileNameGp=../../cp2016-max-common-connected-subgraph-paper/datasets/graphsdb/mcs50/rand/r01/mcs50_r01_s40.A02 fileNameGt=../../cp2016-max-common-connected-subgraph-paper/datasets/graphsdb/mcs50/rand/r01/mcs50_r01_s40.B02
Reading graphs...
40 :  147
40 :  141
Initializing...
maxdom : 40
D->valSize : 1600
Solving...
currentSize : 14 <-- 0.032829 s
currentSize : 15 <-- 0.033084 s
currentSize : 16 <-- 0.034616 s
currentSize : 17 <-- 0.035534 s
currentSize : 18 <-- 0.049766 s
currentSize : 19 <-- 0.120999 s
currentSize : 20 <-- 1.440439 s
currentSize : 21 <-- 346.888550 s

TIMEOUT
maxsize : 21
nodes : 185939045.000000
filtered : 3901954323.000000
time : 1000.000000
