Parameters: GAD=1 vflib=1 dir=0 label=0 lowerbound=1 fileNameGp=../../cp2016-max-common-connected-subgraph-paper/datasets/graphsdb/mcs50/m2D/m2D/mcs50_m2D_s50.A03 fileNameGt=../../cp2016-max-common-connected-subgraph-paper/datasets/graphsdb/mcs50/m2D/m2D/mcs50_m2D_s50.B03
Reading graphs...
50 :  84
50 :  85
Initializing...
maxdom : 50
D->valSize : 2500
Solving...
currentSize : 22 <-- 0.096727 s
currentSize : 24 <-- 0.096779 s
currentSize : 25 <-- 0.097370 s
currentSize : 26 <-- 0.112396 s
currentSize : 27 <-- 1.581277 s
currentSize : 28 <-- 3.570149 s
currentSize : 29 <-- 16.175781 s
currentSize : 30 <-- 116.711830 s
currentSize : 31 <-- 153.383209 s
currentSize : 32 <-- 288.996796 s

TIMEOUT
maxsize : 32
nodes : 178216241.000000
filtered : 3289635490.000000
time : 1000.000061
