Parameters: GAD=1 vflib=1 dir=0 label=0 lowerbound=1 fileNameGp=../../cp2016-max-common-connected-subgraph-paper/datasets/graphsdb/mcs50/bvg/b09m/mcs50_b09m_s50.A08 fileNameGt=../../cp2016-max-common-connected-subgraph-paper/datasets/graphsdb/mcs50/bvg/b09m/mcs50_b09m_s50.B08
Reading graphs...
50 :  220
50 :  217
Initializing...
maxdom : 50
D->valSize : 2500
Solving...
currentSize : 17 <-- 0.148804 s
currentSize : 18 <-- 0.168745 s
currentSize : 19 <-- 0.227275 s
currentSize : 20 <-- 1.934415 s
currentSize : 21 <-- 3.516959 s
currentSize : 22 <-- 3.883685 s
currentSize : 23 <-- 74.004395 s
currentSize : 24 <-- 793.772949 s

TIMEOUT
maxsize : 24
nodes : 169411830.000000
filtered : 3314379881.000000
time : 1000.000061
