Parameters: GAD=1 vflib=1 dir=0 label=0 lowerbound=1 fileNameGp=../../cp2016-max-common-connected-subgraph-paper/datasets/graphsdb/mcs50/bvg/b09m/mcs50_b09m_s35.A04 fileNameGt=../../cp2016-max-common-connected-subgraph-paper/datasets/graphsdb/mcs50/bvg/b09m/mcs50_b09m_s35.B04
Reading graphs...
35 :  147
35 :  148
Initializing...
maxdom : 35
D->valSize : 1225
Solving...
currentSize : 11 <-- 0.017990 s
currentSize : 13 <-- 0.018056 s
currentSize : 14 <-- 0.018165 s
currentSize : 15 <-- 0.018271 s
currentSize : 16 <-- 0.199990 s
currentSize : 17 <-- 8.394122 s
currentSize : 18 <-- 100.637329 s

TIMEOUT
maxsize : 18
nodes : 195763568.000000
filtered : 4126713612.000000
time : 1000.000000
