Parameters: GAD=1 vflib=1 dir=0 label=0 lowerbound=1 fileNameGp=../../cp2016-max-common-connected-subgraph-paper/datasets/graphsdb/mcs50/m2D/m2Dr6/mcs50_m2Dr6_s40.A02 fileNameGt=../../cp2016-max-common-connected-subgraph-paper/datasets/graphsdb/mcs50/m2D/m2Dr6/mcs50_m2Dr6_s40.B02
Reading graphs...
40 :  90
40 :  88
Initializing...
maxdom : 40
D->valSize : 1600
Solving...
currentSize : 15 <-- 0.060908 s
currentSize : 18 <-- 0.060984 s
currentSize : 19 <-- 0.061302 s
currentSize : 20 <-- 0.664268 s
currentSize : 21 <-- 1.322055 s
currentSize : 22 <-- 1.322542 s
currentSize : 23 <-- 128.090714 s

TIMEOUT
maxsize : 23
nodes : 199102466.000000
filtered : 3621095891.000000
time : 1000.000000
