Parameters: GAD=1 vflib=1 dir=0 label=0 lowerbound=1 fileNameGp=../../cp2016-max-common-connected-subgraph-paper/datasets/graphsdb/mcs50/rand/r005/mcs50_r005_s25.A04 fileNameGt=../../cp2016-max-common-connected-subgraph-paper/datasets/graphsdb/mcs50/rand/r005/mcs50_r005_s25.B04
Reading graphs...
25 :  34
25 :  35
Initializing...
maxdom : 25
D->valSize : 625
Solving...
currentSize : 9 <-- 0.005397 s
currentSize : 11 <-- 0.005525 s
currentSize : 12 <-- 0.006201 s
currentSize : 13 <-- 0.006211 s
currentSize : 14 <-- 0.006272 s
currentSize : 15 <-- 0.032192 s
currentSize : 16 <-- 0.046455 s
currentSize : 17 <-- 2.431117 s
currentSize : 18 <-- 3.838540 s

maxsize : 18
nodes : 1677608.000000
filtered : 18660600.000000
time : 5.357020
