Parameters: GAD=1 vflib=1 dir=0 label=0 lowerbound=1 fileNameGp=../../cp2016-max-common-connected-subgraph-paper/datasets/graphsdb/mcs50/m4D/m4Dr6/mcs50_m4Dr6_s30.A01 fileNameGt=../../cp2016-max-common-connected-subgraph-paper/datasets/graphsdb/mcs50/m4D/m4Dr6/mcs50_m4Dr6_s30.B01
Reading graphs...
30 :  67
30 :  68
Initializing...
maxdom : 30
D->valSize : 900
Solving...
currentSize : 12 <-- 0.010806 s
currentSize : 13 <-- 0.012412 s
currentSize : 14 <-- 0.015190 s
currentSize : 15 <-- 0.026962 s
currentSize : 16 <-- 0.041835 s
currentSize : 17 <-- 0.051384 s
currentSize : 18 <-- 0.215749 s
currentSize : 19 <-- 0.378155 s
currentSize : 20 <-- 11.771695 s

maxsize : 20
nodes : 9642331.000000
filtered : 222527773.000000
time : 47.012470
