Parameters: GAD=1 vflib=1 dir=0 label=0 lowerbound=1 fileNameGp=../../cp2016-max-common-connected-subgraph-paper/datasets/graphsdb/mcs50/m2D/m2Dr2/mcs50_m2Dr2_s40.A03 fileNameGt=../../cp2016-max-common-connected-subgraph-paper/datasets/graphsdb/mcs50/m2D/m2Dr2/mcs50_m2Dr2_s40.B03
Reading graphs...
40 :  75
40 :  73
Initializing...
maxdom : 40
D->valSize : 1600
Solving...
currentSize : 18 <-- 0.035840 s
currentSize : 19 <-- 0.035862 s
currentSize : 20 <-- 0.035873 s
currentSize : 21 <-- 0.036040 s
currentSize : 22 <-- 0.175123 s
currentSize : 23 <-- 0.376658 s
currentSize : 24 <-- 1.922520 s
currentSize : 25 <-- 71.138016 s
currentSize : 26 <-- 325.646515 s

TIMEOUT
maxsize : 26
nodes : 186768456.000000
filtered : 3857307766.000000
time : 1000.000000
