Parameters: GAD=1 vflib=1 dir=0 label=0 lowerbound=1 fileNameGp=../../cp2016-max-common-connected-subgraph-paper/datasets/graphsdb/mcs50/bvg/b06/mcs50_b06_s50.A07 fileNameGt=../../cp2016-max-common-connected-subgraph-paper/datasets/graphsdb/mcs50/bvg/b06/mcs50_b06_s50.B07
Reading graphs...
50 :  149
50 :  149
Initializing...
maxdom : 50
D->valSize : 2500
Solving...
currentSize : 21 <-- 0.091234 s
currentSize : 22 <-- 0.110605 s
currentSize : 23 <-- 0.148006 s
currentSize : 24 <-- 0.148463 s
currentSize : 25 <-- 0.617921 s
currentSize : 26 <-- 0.722897 s
currentSize : 27 <-- 0.921549 s
currentSize : 28 <-- 701.994446 s

TIMEOUT
maxsize : 28
nodes : 165776479.000000
filtered : 3814438588.000000
time : 1000.000061
