Parameters: GAD=1 vflib=1 dir=0 label=0 lowerbound=1 fileNameGp=../../cp2016-max-common-connected-subgraph-paper/datasets/graphsdb/mcs50/rand/r005/mcs50_r005_s30.A00 fileNameGt=../../cp2016-max-common-connected-subgraph-paper/datasets/graphsdb/mcs50/rand/r005/mcs50_r005_s30.B00
Reading graphs...
30 :  47
30 :  46
Initializing...
maxdom : 30
D->valSize : 900
Solving...
currentSize : 16 <-- 0.019685 s
currentSize : 18 <-- 0.019794 s
currentSize : 19 <-- 0.065956 s
currentSize : 20 <-- 2.144144 s
currentSize : 21 <-- 15.736902 s
currentSize : 22 <-- 58.250923 s

maxsize : 22
nodes : 14481702.000000
filtered : 262794535.000000
time : 65.567268
