Parameters: GAD=1 vflib=1 dir=0 label=0 lowerbound=1 fileNameGp=../../cp2016-max-common-connected-subgraph-paper/datasets/graphsdb/mcs50/bvg/b06/mcs50_b06_s35.A09 fileNameGt=../../cp2016-max-common-connected-subgraph-paper/datasets/graphsdb/mcs50/bvg/b06/mcs50_b06_s35.B09
Reading graphs...
35 :  105
35 :  104
Initializing...
maxdom : 35
D->valSize : 1225
Solving...
currentSize : 12 <-- 0.019178 s
currentSize : 13 <-- 0.019257 s
currentSize : 14 <-- 0.019400 s
currentSize : 15 <-- 0.019447 s
currentSize : 16 <-- 0.025640 s
currentSize : 17 <-- 0.033034 s
currentSize : 18 <-- 0.283606 s
currentSize : 19 <-- 1.700186 s
currentSize : 20 <-- 15.951276 s
currentSize : 21 <-- 143.079391 s

TIMEOUT
maxsize : 21
nodes : 177294464.000000
filtered : 4787501684.000000
time : 1000.000061
