Parameters: GAD=1 vflib=1 dir=0 label=0 lowerbound=1 fileNameGp=../../cp2016-max-common-connected-subgraph-paper/datasets/graphsdb/mcs50/bvg/b09m/mcs50_b09m_s50.A02 fileNameGt=../../cp2016-max-common-connected-subgraph-paper/datasets/graphsdb/mcs50/bvg/b09m/mcs50_b09m_s50.B02
Reading graphs...
50 :  216
50 :  216
Initializing...
maxdom : 50
D->valSize : 2500
Solving...
currentSize : 14 <-- 0.121392 s
currentSize : 15 <-- 0.121482 s
currentSize : 16 <-- 0.124565 s
currentSize : 17 <-- 0.127038 s
currentSize : 18 <-- 0.133596 s
currentSize : 19 <-- 0.139035 s
currentSize : 20 <-- 0.335294 s
currentSize : 21 <-- 0.826466 s
currentSize : 22 <-- 2.588171 s
currentSize : 23 <-- 26.079453 s

TIMEOUT
maxsize : 23
nodes : 161548133.000000
filtered : 3772986780.000000
time : 1000.000061
