Parameters: GAD=1 vflib=1 dir=0 label=0 lowerbound=1 fileNameGp=../../cp2016-max-common-connected-subgraph-paper/datasets/graphsdb/mcs50/bvg/b09/mcs50_b09_s40.A01 fileNameGt=../../cp2016-max-common-connected-subgraph-paper/datasets/graphsdb/mcs50/bvg/b09/mcs50_b09_s40.B01
Reading graphs...
40 :  179
40 :  178
Initializing...
maxdom : 40
D->valSize : 1600
Solving...
currentSize : 12 <-- 0.031662 s
currentSize : 13 <-- 0.031700 s
currentSize : 14 <-- 0.031877 s
currentSize : 15 <-- 0.037161 s
currentSize : 16 <-- 0.041770 s
currentSize : 17 <-- 0.048647 s
currentSize : 18 <-- 0.588301 s
currentSize : 19 <-- 1.415387 s
currentSize : 21 <-- 845.213257 s

TIMEOUT
maxsize : 21
nodes : 191401770.000000
filtered : 3687531634.000000
time : 1000.000000
