Parameters: GAD=1 vflib=1 dir=0 label=0 lowerbound=1 fileNameGp=../../cp2016-max-common-connected-subgraph-paper/datasets/graphsdb/mcs50/bvg/b09m/mcs50_b09m_s30.A09 fileNameGt=../../cp2016-max-common-connected-subgraph-paper/datasets/graphsdb/mcs50/bvg/b09m/mcs50_b09m_s30.B09
Reading graphs...
30 :  126
30 :  124
Initializing...
maxdom : 30
D->valSize : 900
Solving...
currentSize : 9 <-- 0.009659 s
currentSize : 12 <-- 0.009682 s
currentSize : 13 <-- 0.009947 s
currentSize : 14 <-- 0.017390 s
currentSize : 15 <-- 0.095021 s
currentSize : 16 <-- 13.716829 s

maxsize : 16
nodes : 39356597.000000
filtered : 742472341.000000
time : 178.579910
