Parameters: GAD=1 vflib=1 dir=0 label=0 lowerbound=1 fileNameGp=../../cp2016-max-common-connected-subgraph-paper/datasets/graphsdb/mcs50/bvg/b06/mcs50_b06_s35.A05 fileNameGt=../../cp2016-max-common-connected-subgraph-paper/datasets/graphsdb/mcs50/bvg/b06/mcs50_b06_s35.B05
Reading graphs...
35 :  104
35 :  105
Initializing...
maxdom : 35
D->valSize : 1225
Solving...
currentSize : 15 <-- 0.034099 s
currentSize : 16 <-- 0.035371 s
currentSize : 17 <-- 0.086574 s
currentSize : 18 <-- 0.126479 s
currentSize : 19 <-- 1.312529 s
currentSize : 20 <-- 11.686303 s
currentSize : 21 <-- 11.738205 s
currentSize : 22 <-- 726.545227 s

maxsize : 22
nodes : 163760896.000000
filtered : 5061632344.000000
time : 981.878601
