Parameters: GAD=1 vflib=1 dir=0 label=0 lowerbound=1 fileNameGp=../../cp2016-max-common-connected-subgraph-paper/datasets/graphsdb/mcs50/m2D/m2Dr6/mcs50_m2Dr6_s30.A07 fileNameGt=../../cp2016-max-common-connected-subgraph-paper/datasets/graphsdb/mcs50/m2D/m2Dr6/mcs50_m2Dr6_s30.B07
Reading graphs...
30 :  67
30 :  64
Initializing...
maxdom : 30
D->valSize : 900
Solving...
currentSize : 12 <-- 0.010517 s
currentSize : 14 <-- 0.010541 s
currentSize : 16 <-- 0.010972 s
currentSize : 17 <-- 0.195799 s
currentSize : 18 <-- 0.592409 s
currentSize : 19 <-- 17.213545 s
currentSize : 20 <-- 98.434067 s

maxsize : 20
nodes : 25548279.000000
filtered : 526378898.000000
time : 117.686195
