Parameters: GAD=1 vflib=1 dir=0 label=0 lowerbound=1 fileNameGp=../../cp2016-max-common-connected-subgraph-paper/datasets/graphsdb/mcs50/m4D/m4Dr2/mcs50_m4Dr2_s35.A08 fileNameGt=../../cp2016-max-common-connected-subgraph-paper/datasets/graphsdb/mcs50/m4D/m4Dr2/mcs50_m4Dr2_s35.B08
Reading graphs...
35 :  69
35 :  70
Initializing...
maxdom : 35
D->valSize : 1225
Solving...
currentSize : 16 <-- 0.020248 s
currentSize : 17 <-- 0.020282 s
currentSize : 18 <-- 0.020330 s
currentSize : 19 <-- 0.022825 s
currentSize : 20 <-- 0.025950 s
currentSize : 21 <-- 2.411456 s
currentSize : 22 <-- 30.456936 s
currentSize : 23 <-- 191.688660 s
currentSize : 24 <-- 587.703003 s

maxsize : 24
nodes : 169791422.000000
filtered : 3851848277.000000
time : 894.077148
