Parameters: GAD=1 vflib=1 dir=0 label=0 lowerbound=1 fileNameGp=../../cp2016-max-common-connected-subgraph-paper/datasets/graphsdb/mcs50/m3D/m3Dr6/mcs50_m3Dr6_s50.A09 fileNameGt=../../cp2016-max-common-connected-subgraph-paper/datasets/graphsdb/mcs50/m3D/m3Dr6/mcs50_m3Dr6_s50.B09
Reading graphs...
50 :  137
50 :  134
Initializing...
maxdom : 50
D->valSize : 2500
Solving...
currentSize : 20 <-- 0.111628 s
currentSize : 21 <-- 0.111809 s
currentSize : 22 <-- 0.112387 s
currentSize : 23 <-- 0.403752 s
currentSize : 24 <-- 15.195757 s
currentSize : 25 <-- 144.944244 s
currentSize : 26 <-- 279.037445 s
currentSize : 27 <-- 500.686920 s

TIMEOUT
maxsize : 27
nodes : 186350351.000000
filtered : 2992142827.000000
time : 1000.000061
