Parameters: GAD=1 vflib=1 dir=0 label=0 lowerbound=1 fileNameGp=../../cp2016-max-common-connected-subgraph-paper/datasets/graphsdb/mcs50/m4D/m4Dr2/mcs50_m4Dr2_s40.A03 fileNameGt=../../cp2016-max-common-connected-subgraph-paper/datasets/graphsdb/mcs50/m4D/m4Dr2/mcs50_m4Dr2_s40.B03
Reading graphs...
40 :  78
40 :  77
Initializing...
maxdom : 40
D->valSize : 1600
Solving...
currentSize : 18 <-- 0.062176 s
currentSize : 19 <-- 0.062951 s
currentSize : 20 <-- 0.070881 s
currentSize : 21 <-- 0.080747 s
currentSize : 22 <-- 0.377690 s
currentSize : 23 <-- 0.822321 s
currentSize : 24 <-- 1.682014 s
currentSize : 25 <-- 327.885956 s
currentSize : 26 <-- 352.398987 s

TIMEOUT
maxsize : 26
nodes : 201344789.000000
filtered : 3533858767.000000
time : 1000.000000
