Parameters: GAD=1 vflib=1 dir=0 label=0 lowerbound=1 fileNameGp=../../cp2016-max-common-connected-subgraph-paper/datasets/graphsdb/mcs50/m3D/m3Dr4/mcs50_m3Dr4_s50.A09 fileNameGt=../../cp2016-max-common-connected-subgraph-paper/datasets/graphsdb/mcs50/m3D/m3Dr4/mcs50_m3Dr4_s50.B09
Reading graphs...
50 :  126
50 :  125
Initializing...
maxdom : 50
D->valSize : 2500
Solving...
currentSize : 19 <-- 0.110353 s
currentSize : 20 <-- 0.111054 s
currentSize : 21 <-- 0.111320 s
currentSize : 22 <-- 0.140079 s
currentSize : 23 <-- 0.328718 s
currentSize : 24 <-- 0.359987 s
currentSize : 25 <-- 1.450955 s
currentSize : 26 <-- 3.486615 s
currentSize : 27 <-- 10.722272 s
currentSize : 28 <-- 152.915894 s
currentSize : 29 <-- 200.617813 s

TIMEOUT
maxsize : 29
nodes : 158876719.000000
filtered : 3564209271.000000
time : 1000.000061
