Parameters: GAD=1 vflib=1 dir=0 label=0 lowerbound=1 fileNameGp=../../cp2016-max-common-connected-subgraph-paper/datasets/graphsdb/mcs50/m4D/m4Dr6/mcs50_m4Dr6_s35.A06 fileNameGt=../../cp2016-max-common-connected-subgraph-paper/datasets/graphsdb/mcs50/m4D/m4Dr6/mcs50_m4Dr6_s35.B06
Reading graphs...
35 :  83
35 :  84
Initializing...
maxdom : 35
D->valSize : 1225
Solving...
currentSize : 15 <-- 0.019858 s
currentSize : 16 <-- 0.019879 s
currentSize : 17 <-- 0.020908 s
currentSize : 18 <-- 0.020943 s
currentSize : 19 <-- 0.105584 s
currentSize : 20 <-- 0.590702 s
currentSize : 21 <-- 2.407113 s
currentSize : 22 <-- 41.502426 s

TIMEOUT
maxsize : 22
nodes : 185235968.000000
filtered : 4553460064.000000
time : 1000.000061
