Parameters: GAD=1 vflib=1 dir=0 label=0 lowerbound=1 fileNameGp=../../cp2016-max-common-connected-subgraph-paper/datasets/graphsdb/mcs50/rand/r01/mcs50_r01_s30.A07 fileNameGt=../../cp2016-max-common-connected-subgraph-paper/datasets/graphsdb/mcs50/rand/r01/mcs50_r01_s30.B07
Reading graphs...
30 :  83
30 :  82
Initializing...
maxdom : 30
D->valSize : 900
Solving...
currentSize : 10 <-- 0.010272 s
currentSize : 12 <-- 0.010307 s
currentSize : 14 <-- 0.010353 s
currentSize : 15 <-- 0.014035 s
currentSize : 16 <-- 0.014979 s
currentSize : 17 <-- 0.056222 s
currentSize : 18 <-- 0.291023 s

maxsize : 18
nodes : 31305530.000000
filtered : 674807430.000000
time : 149.610779
