Parameters: GAD=1 vflib=1 dir=0 label=0 lowerbound=1 fileNameGp=../../cp2016-max-common-connected-subgraph-paper/datasets/graphsdb/mcs50/rand/r005/mcs50_r005_s40.A06 fileNameGt=../../cp2016-max-common-connected-subgraph-paper/datasets/graphsdb/mcs50/rand/r005/mcs50_r005_s40.B06
Reading graphs...
40 :  76
40 :  77
Initializing...
maxdom : 40
D->valSize : 1600
Solving...
currentSize : 19 <-- 0.035634 s
currentSize : 20 <-- 0.035760 s
currentSize : 21 <-- 0.037103 s
currentSize : 22 <-- 0.037771 s
currentSize : 23 <-- 2.433786 s
currentSize : 24 <-- 17.620260 s
currentSize : 25 <-- 37.273663 s
currentSize : 26 <-- 66.246147 s

TIMEOUT
maxsize : 26
nodes : 178174582.000000
filtered : 3865856202.000000
time : 1000.000000
