Parameters: GAD=1 vflib=1 dir=0 label=0 lowerbound=1 fileNameGp=../../cp2016-max-common-connected-subgraph-paper/datasets/graphsdb/mcs50/m4D/m4Dr4/mcs50_m4Dr4_s35.A06 fileNameGt=../../cp2016-max-common-connected-subgraph-paper/datasets/graphsdb/mcs50/m4D/m4Dr4/mcs50_m4Dr4_s35.B06
Reading graphs...
35 :  73
35 :  75
Initializing...
maxdom : 35
D->valSize : 1225
Solving...
currentSize : 14 <-- 0.020338 s
currentSize : 15 <-- 0.020367 s
currentSize : 16 <-- 0.020521 s
currentSize : 17 <-- 0.020690 s
currentSize : 18 <-- 0.031811 s
currentSize : 19 <-- 0.097434 s
currentSize : 20 <-- 0.316018 s
currentSize : 21 <-- 0.321483 s
currentSize : 22 <-- 9.119635 s
currentSize : 23 <-- 534.478821 s

TIMEOUT
maxsize : 23
nodes : 189788174.000000
filtered : 4037303066.000000
time : 1000.000000
