Parameters: GAD=1 vflib=1 dir=0 label=0 lowerbound=1 fileNameGp=../../cp2016-max-common-connected-subgraph-paper/datasets/graphsdb/mcs50/bvg/b03m/mcs50_b03m_s35.A03 fileNameGt=../../cp2016-max-common-connected-subgraph-paper/datasets/graphsdb/mcs50/bvg/b03m/mcs50_b03m_s35.B03
Reading graphs...
35 :  50
35 :  51
Initializing...
maxdom : 35
D->valSize : 1225
Solving...
currentSize : 18 <-- 0.037118 s
currentSize : 19 <-- 0.038317 s
currentSize : 21 <-- 0.105960 s
currentSize : 22 <-- 0.110258 s
currentSize : 23 <-- 0.110278 s
currentSize : 24 <-- 129.531601 s
currentSize : 25 <-- 656.325500 s

maxsize : 25
nodes : 210218548.000000
filtered : 3617827702.000000
time : 984.967957
