Parameters: GAD=1 vflib=1 dir=0 label=0 lowerbound=1 fileNameGp=../../cp2016-max-common-connected-subgraph-paper/datasets/graphsdb/mcs50/m2D/m2Dr2/mcs50_m2Dr2_s50.A07 fileNameGt=../../cp2016-max-common-connected-subgraph-paper/datasets/graphsdb/mcs50/m2D/m2Dr2/mcs50_m2Dr2_s50.B07
Reading graphs...
50 :  94
50 :  95
Initializing...
maxdom : 50
D->valSize : 2500
Solving...
currentSize : 22 <-- 0.162260 s
currentSize : 23 <-- 0.171696 s
currentSize : 24 <-- 0.171753 s
currentSize : 26 <-- 0.296817 s
currentSize : 27 <-- 0.702031 s
currentSize : 28 <-- 6.016505 s
currentSize : 29 <-- 23.549055 s

TIMEOUT
maxsize : 29
nodes : 192781102.000000
filtered : 2568347212.000000
time : 1000.000061
