Parameters: GAD=1 vflib=1 dir=0 label=0 lowerbound=1 fileNameGp=../../cp2016-max-common-connected-subgraph-paper/datasets/graphsdb/mcs50/bvg/b03m/mcs50_b03m_s40.A06 fileNameGt=../../cp2016-max-common-connected-subgraph-paper/datasets/graphsdb/mcs50/bvg/b03m/mcs50_b03m_s40.B06
Reading graphs...
40 :  60
40 :  60
Initializing...
maxdom : 40
D->valSize : 1600
Solving...
currentSize : 19 <-- 0.057217 s
currentSize : 21 <-- 0.057249 s
currentSize : 22 <-- 0.840001 s
currentSize : 23 <-- 4.115834 s
currentSize : 24 <-- 4.634456 s
currentSize : 25 <-- 40.771885 s
currentSize : 26 <-- 43.122276 s
currentSize : 27 <-- 116.809113 s
currentSize : 28 <-- 872.974121 s
currentSize : 29 <-- 884.641296 s

TIMEOUT
maxsize : 29
nodes : 186347584.000000
filtered : 3587380025.000000
time : 1000.000061
