Parameters: GAD=1 vflib=1 dir=0 label=0 lowerbound=1 fileNameGp=../../cp2016-max-common-connected-subgraph-paper/datasets/graphsdb/mcs50/bvg/b03m/mcs50_b03m_s50.A08 fileNameGt=../../cp2016-max-common-connected-subgraph-paper/datasets/graphsdb/mcs50/bvg/b03m/mcs50_b03m_s50.B08
Reading graphs...
50 :  74
50 :  72
Initializing...
maxdom : 50
D->valSize : 2500
Solving...
currentSize : 18 <-- 0.098703 s
currentSize : 19 <-- 0.098747 s
currentSize : 23 <-- 0.098820 s
currentSize : 24 <-- 0.098840 s
currentSize : 25 <-- 0.101945 s
currentSize : 26 <-- 0.164866 s
currentSize : 27 <-- 0.496100 s
currentSize : 28 <-- 3.556064 s
currentSize : 29 <-- 13.744204 s
currentSize : 30 <-- 39.130188 s
currentSize : 31 <-- 67.793961 s
currentSize : 33 <-- 74.594482 s

TIMEOUT
maxsize : 33
nodes : 188504775.000000
filtered : 3090474688.000000
time : 1000.000122
