Parameters: GAD=1 vflib=1 dir=0 label=0 lowerbound=1 fileNameGp=../../cp2016-max-common-connected-subgraph-paper/datasets/graphsdb/mcs50/m3D/m3D/mcs50_m3D_s50.A02 fileNameGt=../../cp2016-max-common-connected-subgraph-paper/datasets/graphsdb/mcs50/m3D/m3D/mcs50_m3D_s50.B02
Reading graphs...
50 :  109
50 :  109
Initializing...
maxdom : 50
D->valSize : 2500
Solving...
currentSize : 21 <-- 0.094178 s
currentSize : 22 <-- 0.094209 s
currentSize : 23 <-- 0.095022 s
currentSize : 24 <-- 0.135271 s
currentSize : 25 <-- 0.187252 s
currentSize : 27 <-- 0.401172 s
currentSize : 28 <-- 8.322268 s
currentSize : 29 <-- 55.498707 s
currentSize : 30 <-- 70.926849 s
currentSize : 31 <-- 222.420242 s

TIMEOUT
maxsize : 31
nodes : 159729972.000000
filtered : 3663203452.000000
time : 1000.000061
