Parameters: GAD=1 vflib=1 dir=0 label=0 lowerbound=1 fileNameGp=../../cp2016-max-common-connected-subgraph-paper/datasets/graphsdb/mcs50/m4D/m4Dr2/mcs50_m4Dr2_s40.A02 fileNameGt=../../cp2016-max-common-connected-subgraph-paper/datasets/graphsdb/mcs50/m4D/m4Dr2/mcs50_m4Dr2_s40.B02
Reading graphs...
40 :  77
40 :  79
Initializing...
maxdom : 40
D->valSize : 1600
Solving...
currentSize : 17 <-- 0.054875 s
currentSize : 18 <-- 0.054908 s
currentSize : 19 <-- 0.054950 s
currentSize : 20 <-- 0.059056 s
currentSize : 21 <-- 0.059063 s
currentSize : 23 <-- 0.101586 s
currentSize : 25 <-- 0.190850 s
currentSize : 26 <-- 203.969803 s
currentSize : 27 <-- 471.072662 s

TIMEOUT
maxsize : 27
nodes : 174826311.000000
filtered : 4020425025.000000
time : 1000.000000
