Parameters: GAD=1 vflib=1 dir=0 label=0 lowerbound=1 fileNameGp=../../cp2016-max-common-connected-subgraph-paper/datasets/graphsdb/mcs50/m3D/m3D/mcs50_m3D_s50.A00 fileNameGt=../../cp2016-max-common-connected-subgraph-paper/datasets/graphsdb/mcs50/m3D/m3D/mcs50_m3D_s50.B00
Reading graphs...
50 :  109
50 :  108
Initializing...
maxdom : 50
D->valSize : 2500
Solving...
currentSize : 20 <-- 0.127264 s
currentSize : 22 <-- 0.128740 s
currentSize : 23 <-- 0.158122 s
currentSize : 24 <-- 0.167200 s
currentSize : 25 <-- 4.969754 s
currentSize : 26 <-- 6.960877 s
currentSize : 27 <-- 42.958889 s
currentSize : 28 <-- 43.142628 s
currentSize : 29 <-- 184.749771 s

TIMEOUT
maxsize : 29
nodes : 190327613.000000
filtered : 2930957559.000000
time : 1000.000061
