Parameters: GAD=1 vflib=1 dir=0 label=0 lowerbound=1 fileNameGp=../../cp2016-max-common-connected-subgraph-paper/datasets/graphsdb/mcs50/m2D/m2Dr4/mcs50_m2Dr4_s50.A01 fileNameGt=../../cp2016-max-common-connected-subgraph-paper/datasets/graphsdb/mcs50/m2D/m2Dr4/mcs50_m2Dr4_s50.B01
Reading graphs...
50 :  103
50 :  103
Initializing...
maxdom : 50
D->valSize : 2500
Solving...
currentSize : 18 <-- 0.131781 s
currentSize : 19 <-- 0.131836 s
currentSize : 20 <-- 0.132342 s
currentSize : 22 <-- 0.132474 s
currentSize : 23 <-- 0.132545 s
currentSize : 24 <-- 0.135409 s
currentSize : 25 <-- 0.207798 s
currentSize : 26 <-- 0.208163 s
currentSize : 27 <-- 0.209848 s
currentSize : 28 <-- 7.283752 s
currentSize : 30 <-- 19.655140 s
currentSize : 31 <-- 46.512440 s
currentSize : 32 <-- 65.925697 s

TIMEOUT
maxsize : 32
nodes : 147898482.000000
filtered : 3874514552.000000
time : 1000.000061
