Parameters: GAD=1 vflib=1 dir=0 label=0 lowerbound=1 fileNameGp=../../cp2016-max-common-connected-subgraph-paper/datasets/graphsdb/mcs50/m4D/m4Dr4/mcs50_m4Dr4_s30.A01 fileNameGt=../../cp2016-max-common-connected-subgraph-paper/datasets/graphsdb/mcs50/m4D/m4Dr4/mcs50_m4Dr4_s30.B01
Reading graphs...
30 :  65
30 :  65
Initializing...
maxdom : 30
D->valSize : 900
Solving...
currentSize : 12 <-- 0.015215 s
currentSize : 13 <-- 0.015270 s
currentSize : 14 <-- 0.016621 s
currentSize : 15 <-- 0.035578 s
currentSize : 16 <-- 0.050633 s
currentSize : 17 <-- 0.537594 s
currentSize : 18 <-- 0.537613 s
currentSize : 19 <-- 4.394806 s
currentSize : 20 <-- 7.649754 s
currentSize : 21 <-- 29.298891 s

maxsize : 21
nodes : 7268378.000000
filtered : 173250855.000000
time : 37.471394
