Parameters: GAD=1 vflib=1 dir=0 label=0 lowerbound=1 fileNameGp=../../cp2016-max-common-connected-subgraph-paper/datasets/graphsdb/mcs50/bvg/b06/mcs50_b06_s35.A00 fileNameGt=../../cp2016-max-common-connected-subgraph-paper/datasets/graphsdb/mcs50/bvg/b06/mcs50_b06_s35.B00
Reading graphs...
35 :  103
35 :  101
Initializing...
maxdom : 35
D->valSize : 1225
Solving...
currentSize : 12 <-- 0.033839 s
currentSize : 14 <-- 0.033888 s
currentSize : 15 <-- 0.034140 s
currentSize : 16 <-- 0.036134 s
currentSize : 17 <-- 0.045745 s
currentSize : 18 <-- 0.248895 s
currentSize : 19 <-- 0.717312 s
currentSize : 20 <-- 1.923869 s
currentSize : 21 <-- 87.204666 s
currentSize : 22 <-- 87.321098 s

maxsize : 22
nodes : 113835447.000000
filtered : 3747143883.000000
time : 692.837341
