Parameters: GAD=1 vflib=1 dir=0 label=0 lowerbound=1 fileNameGp=../../cp2016-max-common-connected-subgraph-paper/datasets/graphsdb/mcs50/rand/r02/mcs50_r02_s50.A00 fileNameGt=../../cp2016-max-common-connected-subgraph-paper/datasets/graphsdb/mcs50/rand/r02/mcs50_r02_s50.B00
Reading graphs...
50 :  430
50 :  446
Initializing...
maxdom : 50
D->valSize : 2500
Solving...
currentSize : 11 <-- 0.074979 s
currentSize : 12 <-- 0.075028 s
currentSize : 13 <-- 0.075152 s
currentSize : 14 <-- 0.100958 s
currentSize : 15 <-- 0.353625 s
currentSize : 16 <-- 2.700702 s
currentSize : 17 <-- 104.120033 s

TIMEOUT
maxsize : 17
nodes : 193895036.000000
filtered : 1833637133.000000
time : 1000.000000
