Parameters: GAD=1 vflib=1 dir=0 label=0 lowerbound=1 fileNameGp=../../cp2016-max-common-connected-subgraph-paper/datasets/graphsdb/mcs50/bvg/b03m/mcs50_b03m_s25.A07 fileNameGt=../../cp2016-max-common-connected-subgraph-paper/datasets/graphsdb/mcs50/bvg/b03m/mcs50_b03m_s25.B07
Reading graphs...
25 :  36
25 :  36
Initializing...
maxdom : 25
D->valSize : 625
Solving...
currentSize : 12 <-- 0.005314 s
currentSize : 13 <-- 0.005361 s
currentSize : 14 <-- 0.005618 s
currentSize : 15 <-- 0.007196 s
currentSize : 16 <-- 0.037305 s
currentSize : 17 <-- 0.064808 s
currentSize : 18 <-- 0.773132 s
currentSize : 19 <-- 2.850554 s

maxsize : 19
nodes : 810194.000000
filtered : 11810546.000000
time : 3.124037
