Parameters: GAD=1 vflib=1 dir=0 label=0 lowerbound=1 fileNameGp=../../cp2016-max-common-connected-subgraph-paper/datasets/graphsdb/mcs50/bvg/b09m/mcs50_b09m_s35.A02 fileNameGt=../../cp2016-max-common-connected-subgraph-paper/datasets/graphsdb/mcs50/bvg/b09m/mcs50_b09m_s35.B02
Reading graphs...
35 :  150
35 :  148
Initializing...
maxdom : 35
D->valSize : 1225
Solving...
currentSize : 12 <-- 0.018150 s
currentSize : 13 <-- 0.018371 s
currentSize : 14 <-- 0.019391 s
currentSize : 15 <-- 0.022644 s
currentSize : 16 <-- 0.261010 s
currentSize : 17 <-- 9.462436 s
currentSize : 18 <-- 28.927486 s

TIMEOUT
maxsize : 18
nodes : 194047397.000000
filtered : 4270925052.000000
time : 1000.000000
