Parameters: GAD=1 vflib=1 dir=0 label=0 lowerbound=1 fileNameGp=../../cp2016-max-common-connected-subgraph-paper/datasets/graphsdb/mcs50/rand/r02/mcs50_r02_s30.A04 fileNameGt=../../cp2016-max-common-connected-subgraph-paper/datasets/graphsdb/mcs50/rand/r02/mcs50_r02_s30.B04
Reading graphs...
30 :  159
30 :  152
Initializing...
maxdom : 30
D->valSize : 900
Solving...
currentSize : 9 <-- 0.009399 s
currentSize : 10 <-- 0.009445 s
currentSize : 11 <-- 0.009458 s
currentSize : 12 <-- 0.009635 s
currentSize : 13 <-- 0.025270 s
currentSize : 14 <-- 3.904103 s
currentSize : 15 <-- 45.616985 s

maxsize : 15
nodes : 72636384.000000
filtered : 1025514304.000000
time : 306.191803
