Parameters: GAD=1 vflib=1 dir=0 label=0 lowerbound=1 fileNameGp=../../cp2016-max-common-connected-subgraph-paper/datasets/graphsdb/mcs50/m2D/m2Dr2/mcs50_m2Dr2_s50.A08 fileNameGt=../../cp2016-max-common-connected-subgraph-paper/datasets/graphsdb/mcs50/m2D/m2Dr2/mcs50_m2Dr2_s50.B08
Reading graphs...
50 :  95
50 :  95
Initializing...
maxdom : 50
D->valSize : 2500
Solving...
currentSize : 21 <-- 0.119998 s
currentSize : 23 <-- 0.120044 s
currentSize : 24 <-- 0.120463 s
currentSize : 25 <-- 0.130460 s
currentSize : 26 <-- 0.152706 s
currentSize : 27 <-- 0.165927 s
currentSize : 28 <-- 1.069668 s
currentSize : 29 <-- 3.380493 s
currentSize : 30 <-- 57.209160 s
currentSize : 31 <-- 64.877419 s
currentSize : 32 <-- 77.581535 s

TIMEOUT
maxsize : 32
nodes : 156554434.000000
filtered : 3747506244.000000
time : 1000.000061
