Parameters: GAD=1 vflib=1 dir=0 label=0 lowerbound=1 fileNameGp=../../cp2016-max-common-connected-subgraph-paper/datasets/graphsdb/mcs50/bvg/b06m/mcs50_b06m_s50.A03 fileNameGt=../../cp2016-max-common-connected-subgraph-paper/datasets/graphsdb/mcs50/bvg/b06m/mcs50_b06m_s50.B03
Reading graphs...
50 :  147
50 :  148
Initializing...
maxdom : 50
D->valSize : 2500
Solving...
currentSize : 17 <-- 0.090856 s
currentSize : 18 <-- 0.090883 s
currentSize : 21 <-- 0.091617 s
currentSize : 22 <-- 0.194058 s
currentSize : 23 <-- 0.764261 s
currentSize : 24 <-- 1.005196 s
currentSize : 25 <-- 21.711136 s
currentSize : 26 <-- 125.074089 s

TIMEOUT
maxsize : 26
nodes : 160142708.000000
filtered : 3426721789.000000
time : 1000.000000
