Parameters: GAD=1 vflib=1 dir=0 label=0 lowerbound=1 fileNameGp=../../cp2016-max-common-connected-subgraph-paper/datasets/graphsdb/mcs50/bvg/b03/mcs50_b03_s35.A03 fileNameGt=../../cp2016-max-common-connected-subgraph-paper/datasets/graphsdb/mcs50/bvg/b03/mcs50_b03_s35.B03
Reading graphs...
35 :  52
35 :  51
Initializing...
maxdom : 35
D->valSize : 1225
Solving...
currentSize : 19 <-- 0.036198 s
currentSize : 20 <-- 0.036233 s
currentSize : 21 <-- 0.045053 s
currentSize : 22 <-- 25.139755 s
currentSize : 23 <-- 35.498280 s
currentSize : 24 <-- 99.127754 s
currentSize : 25 <-- 556.460938 s

maxsize : 25
nodes : 177024728.000000
filtered : 3311840129.000000
time : 849.054443
