Parameters: GAD=1 vflib=1 dir=0 label=0 lowerbound=1 fileNameGp=../../cp2016-max-common-connected-subgraph-paper/datasets/graphsdb/mcs50/bvg/b06/mcs50_b06_s50.A08 fileNameGt=../../cp2016-max-common-connected-subgraph-paper/datasets/graphsdb/mcs50/bvg/b06/mcs50_b06_s50.B08
Reading graphs...
50 :  149
50 :  149
Initializing...
maxdom : 50
D->valSize : 2500
Solving...
currentSize : 21 <-- 0.091247 s
currentSize : 22 <-- 0.091269 s
currentSize : 23 <-- 0.091363 s
currentSize : 24 <-- 0.120034 s
currentSize : 25 <-- 10.223578 s
currentSize : 26 <-- 14.844486 s
currentSize : 27 <-- 58.119255 s

TIMEOUT
maxsize : 27
nodes : 180947404.000000
filtered : 3478834683.000000
time : 1000.000000
