Parameters: GAD=1 vflib=1 dir=0 label=0 lowerbound=1 fileNameGp=../../cp2016-max-common-connected-subgraph-paper/datasets/graphsdb/mcs50/bvg/b03/mcs50_b03_s25.A01 fileNameGt=../../cp2016-max-common-connected-subgraph-paper/datasets/graphsdb/mcs50/bvg/b03/mcs50_b03_s25.B01
Reading graphs...
25 :  37
25 :  36
Initializing...
maxdom : 25
D->valSize : 625
Solving...
currentSize : 9 <-- 0.009085 s
currentSize : 13 <-- 0.009210 s
currentSize : 14 <-- 0.010331 s
currentSize : 15 <-- 0.107901 s
currentSize : 16 <-- 0.109206 s
currentSize : 17 <-- 0.221216 s
currentSize : 18 <-- 0.531595 s
currentSize : 19 <-- 1.035659 s

maxsize : 19
nodes : 423412.000000
filtered : 7226552.000000
time : 1.720485
