Parameters: GAD=1 vflib=1 dir=0 label=0 lowerbound=1 fileNameGp=../../cp2016-max-common-connected-subgraph-paper/datasets/graphsdb/mcs50/bvg/b09/mcs50_b09_s35.A07 fileNameGt=../../cp2016-max-common-connected-subgraph-paper/datasets/graphsdb/mcs50/bvg/b09/mcs50_b09_s35.B07
Reading graphs...
35 :  153
35 :  154
Initializing...
maxdom : 35
D->valSize : 1225
Solving...
currentSize : 13 <-- 0.031596 s
currentSize : 14 <-- 0.043564 s
currentSize : 15 <-- 0.047299 s
currentSize : 16 <-- 0.150728 s
currentSize : 17 <-- 35.865276 s
currentSize : 18 <-- 52.518612 s
currentSize : 19 <-- 54.287716 s
currentSize : 20 <-- 54.327816 s
currentSize : 21 <-- 54.328121 s

maxsize : 21
nodes : 41509317.000000
filtered : 1283755589.000000
time : 247.326385
