Parameters: GAD=1 vflib=1 dir=0 label=0 lowerbound=1 fileNameGp=../../cp2016-max-common-connected-subgraph-paper/datasets/graphsdb/mcs50/m4D/m4Dr4/mcs50_m4Dr4_s35.A09 fileNameGt=../../cp2016-max-common-connected-subgraph-paper/datasets/graphsdb/mcs50/m4D/m4Dr4/mcs50_m4Dr4_s35.B09
Reading graphs...
35 :  75
35 :  75
Initializing...
maxdom : 35
D->valSize : 1225
Solving...
currentSize : 11 <-- 0.035372 s
currentSize : 17 <-- 0.035462 s
currentSize : 18 <-- 0.037688 s
currentSize : 19 <-- 0.071044 s
currentSize : 20 <-- 0.083443 s
currentSize : 21 <-- 0.433255 s
currentSize : 22 <-- 2.989260 s
currentSize : 23 <-- 69.358315 s

maxsize : 23
nodes : 141718200.000000
filtered : 4111014502.000000
time : 838.848877
