Parameters: GAD=1 vflib=1 dir=0 label=0 lowerbound=1 fileNameGp=../../cp2016-max-common-connected-subgraph-paper/datasets/graphsdb/mcs50/m2D/m2Dr4/mcs50_m2Dr4_s50.A08 fileNameGt=../../cp2016-max-common-connected-subgraph-paper/datasets/graphsdb/mcs50/m2D/m2Dr4/mcs50_m2Dr4_s50.B08
Reading graphs...
50 :  104
50 :  101
Initializing...
maxdom : 50
D->valSize : 2500
Solving...
currentSize : 18 <-- 0.094993 s
currentSize : 19 <-- 0.096879 s
currentSize : 20 <-- 0.098022 s
currentSize : 21 <-- 0.104927 s
currentSize : 22 <-- 0.122353 s
currentSize : 23 <-- 0.122508 s
currentSize : 24 <-- 0.870143 s
currentSize : 25 <-- 0.876082 s
currentSize : 26 <-- 1.712117 s
currentSize : 27 <-- 11.423987 s
currentSize : 28 <-- 98.364388 s
currentSize : 29 <-- 132.163574 s

TIMEOUT
maxsize : 29
nodes : 222581790.000000
filtered : 2633711712.000000
time : 1000.000061
