Parameters: GAD=1 vflib=1 dir=0 label=0 lowerbound=1 fileNameGp=../../cp2016-max-common-connected-subgraph-paper/datasets/graphsdb/mcs50/m2D/m2Dr6/mcs50_m2Dr6_s40.A00 fileNameGt=../../cp2016-max-common-connected-subgraph-paper/datasets/graphsdb/mcs50/m2D/m2Dr6/mcs50_m2Dr6_s40.B00
Reading graphs...
40 :  88
40 :  87
Initializing...
maxdom : 40
D->valSize : 1600
Solving...
currentSize : 16 <-- 0.035045 s
currentSize : 18 <-- 0.035081 s
currentSize : 19 <-- 0.035760 s
currentSize : 20 <-- 0.040748 s
currentSize : 21 <-- 0.112814 s
currentSize : 22 <-- 1.158282 s
currentSize : 23 <-- 169.177780 s
currentSize : 24 <-- 173.106995 s

TIMEOUT
maxsize : 24
nodes : 201519000.000000
filtered : 3513767576.000000
time : 1000.000061
