Parameters: GAD=1 vflib=1 dir=0 label=0 lowerbound=1 fileNameGp=../../cp2016-max-common-connected-subgraph-paper/datasets/graphsdb/mcs50/bvg/b09/mcs50_b09_s30.A04 fileNameGt=../../cp2016-max-common-connected-subgraph-paper/datasets/graphsdb/mcs50/bvg/b09/mcs50_b09_s30.B04
Reading graphs...
30 :  133
30 :  133
Initializing...
maxdom : 30
D->valSize : 900
Solving...
currentSize : 12 <-- 0.009455 s
currentSize : 13 <-- 0.010059 s
currentSize : 14 <-- 0.023790 s
currentSize : 15 <-- 0.103130 s
currentSize : 16 <-- 0.218339 s
currentSize : 17 <-- 90.885994 s

maxsize : 17
nodes : 24283610.000000
filtered : 451259206.000000
time : 112.821342
