Parameters: GAD=1 vflib=1 dir=0 label=0 lowerbound=1 fileNameGp=../../cp2016-max-common-connected-subgraph-paper/datasets/graphsdb/mcs50/m2D/m2D/mcs50_m2D_s30.A08 fileNameGt=../../cp2016-max-common-connected-subgraph-paper/datasets/graphsdb/mcs50/m2D/m2D/mcs50_m2D_s30.B08
Reading graphs...
30 :  49
30 :  49
Initializing...
maxdom : 30
D->valSize : 900
Solving...
currentSize : 13 <-- 0.010939 s
currentSize : 16 <-- 0.010978 s
currentSize : 17 <-- 0.011175 s
currentSize : 18 <-- 0.023295 s
currentSize : 19 <-- 0.061003 s
currentSize : 20 <-- 2.548245 s
currentSize : 21 <-- 3.444978 s
currentSize : 22 <-- 15.577865 s

maxsize : 22
nodes : 6137331.000000
filtered : 128970476.000000
time : 30.204844
