Parameters: GAD=1 vflib=1 dir=0 label=0 lowerbound=1 fileNameGp=../../cp2016-max-common-connected-subgraph-paper/datasets/graphsdb/mcs50/rand/r005/mcs50_r005_s20.A05 fileNameGt=../../cp2016-max-common-connected-subgraph-paper/datasets/graphsdb/mcs50/rand/r005/mcs50_r005_s20.B05
Reading graphs...
20 :  24
20 :  24
Initializing...
maxdom : 20
D->valSize : 400
Solving...
currentSize : 10 <-- 0.002240 s
currentSize : 11 <-- 0.002279 s
currentSize : 12 <-- 0.002542 s
currentSize : 13 <-- 0.004547 s
currentSize : 14 <-- 0.004903 s
currentSize : 15 <-- 0.009917 s
currentSize : 16 <-- 0.028200 s

maxsize : 16
nodes : 15381.000000
filtered : 197333.000000
time : 0.049972
