Parameters: GAD=1 vflib=1 dir=0 label=0 lowerbound=1 fileNameGp=../../cp2016-max-common-connected-subgraph-paper/datasets/graphsdb/mcs50/bvg/b06m/mcs50_b06m_s30.A00 fileNameGt=../../cp2016-max-common-connected-subgraph-paper/datasets/graphsdb/mcs50/bvg/b06m/mcs50_b06m_s30.B00
Reading graphs...
30 :  87
30 :  85
Initializing...
maxdom : 30
D->valSize : 900
Solving...
currentSize : 9 <-- 0.017959 s
currentSize : 11 <-- 0.018013 s
currentSize : 12 <-- 0.018169 s
currentSize : 13 <-- 0.019067 s
currentSize : 14 <-- 0.022778 s
currentSize : 15 <-- 0.044490 s
currentSize : 16 <-- 0.046432 s
currentSize : 17 <-- 0.087099 s
currentSize : 18 <-- 0.323873 s

maxsize : 18
nodes : 21317136.000000
filtered : 536689233.000000
time : 107.053596
