Parameters: GAD=1 vflib=1 dir=0 label=0 lowerbound=1 fileNameGp=../../cp2016-max-common-connected-subgraph-paper/datasets/graphsdb/mcs50/m4D/m4Dr4/mcs50_m4Dr4_s40.A01 fileNameGt=../../cp2016-max-common-connected-subgraph-paper/datasets/graphsdb/mcs50/m4D/m4Dr4/mcs50_m4Dr4_s40.B01
Reading graphs...
40 :  84
40 :  84
Initializing...
maxdom : 40
D->valSize : 1600
Solving...
currentSize : 14 <-- 0.035532 s
currentSize : 18 <-- 0.036269 s
currentSize : 19 <-- 0.036278 s
currentSize : 20 <-- 0.036295 s
currentSize : 21 <-- 0.036350 s
currentSize : 22 <-- 28.081793 s
currentSize : 23 <-- 60.806160 s
currentSize : 24 <-- 390.422852 s

TIMEOUT
maxsize : 24
nodes : 211492768.000000
filtered : 3327405273.000000
time : 1000.000061
