Parameters: GAD=1 vflib=1 dir=0 label=0 lowerbound=1 fileNameGp=../../cp2016-max-common-connected-subgraph-paper/datasets/graphsdb/mcs50/bvg/b06m/mcs50_b06m_s50.A05 fileNameGt=../../cp2016-max-common-connected-subgraph-paper/datasets/graphsdb/mcs50/bvg/b06m/mcs50_b06m_s50.B05
Reading graphs...
50 :  148
50 :  145
Initializing...
maxdom : 50
D->valSize : 2500
Solving...
currentSize : 19 <-- 0.117151 s
currentSize : 20 <-- 0.117183 s
currentSize : 21 <-- 0.117344 s
currentSize : 22 <-- 0.271201 s
currentSize : 23 <-- 0.350109 s
currentSize : 24 <-- 8.313094 s
currentSize : 25 <-- 8.892366 s
currentSize : 26 <-- 19.440847 s
currentSize : 27 <-- 85.672958 s
currentSize : 28 <-- 221.760986 s

TIMEOUT
maxsize : 28
nodes : 151354960.000000
filtered : 3927266678.000000
time : 1000.000061
