Parameters: GAD=1 vflib=1 dir=0 label=0 lowerbound=1 fileNameGp=../../cp2016-max-common-connected-subgraph-paper/datasets/graphsdb/mcs50/rand/r005/mcs50_r005_s50.A09 fileNameGt=../../cp2016-max-common-connected-subgraph-paper/datasets/graphsdb/mcs50/rand/r005/mcs50_r005_s50.B09
Reading graphs...
50 :  121
50 :  119
Initializing...
maxdom : 50
D->valSize : 2500
Solving...
currentSize : 22 <-- 0.093226 s
currentSize : 23 <-- 0.093262 s
currentSize : 25 <-- 0.094012 s
currentSize : 26 <-- 0.509382 s
currentSize : 27 <-- 1.911530 s
currentSize : 28 <-- 10.634348 s
currentSize : 29 <-- 57.809536 s

TIMEOUT
maxsize : 29
nodes : 171770520.000000
filtered : 3527851816.000000
time : 1000.000000
