Parameters: GAD=1 vflib=1 dir=0 label=0 lowerbound=1 fileNameGp=../../cp2016-max-common-connected-subgraph-paper/datasets/graphsdb/mcs50/m2D/m2Dr6/mcs50_m2Dr6_s50.A09 fileNameGt=../../cp2016-max-common-connected-subgraph-paper/datasets/graphsdb/mcs50/m2D/m2Dr6/mcs50_m2Dr6_s50.B09
Reading graphs...
50 :  112
50 :  111
Initializing...
maxdom : 50
D->valSize : 2500
Solving...
currentSize : 17 <-- 0.094313 s
currentSize : 21 <-- 0.094355 s
currentSize : 22 <-- 0.095211 s
currentSize : 23 <-- 0.095235 s
currentSize : 24 <-- 0.097339 s
currentSize : 25 <-- 0.108955 s
currentSize : 26 <-- 0.559617 s
currentSize : 27 <-- 1.534430 s
currentSize : 28 <-- 3.918232 s
currentSize : 29 <-- 25.339151 s
currentSize : 30 <-- 147.393860 s

TIMEOUT
maxsize : 30
nodes : 174741544.000000
filtered : 3227537765.000000
time : 1000.000061
