Parameters: GAD=1 vflib=1 dir=0 label=0 lowerbound=1 fileNameGp=../../cp2016-max-common-connected-subgraph-paper/datasets/graphsdb/mcs50/rand/r005/mcs50_r005_s30.A01 fileNameGt=../../cp2016-max-common-connected-subgraph-paper/datasets/graphsdb/mcs50/rand/r005/mcs50_r005_s30.B01
Reading graphs...
30 :  46
30 :  45
Initializing...
maxdom : 30
D->valSize : 900
Solving...
currentSize : 9 <-- 0.011193 s
currentSize : 10 <-- 0.011217 s
currentSize : 12 <-- 0.011230 s
currentSize : 13 <-- 0.011244 s
currentSize : 14 <-- 0.011508 s
currentSize : 15 <-- 0.022407 s
currentSize : 16 <-- 0.059550 s
currentSize : 17 <-- 0.177954 s
currentSize : 18 <-- 0.724368 s
currentSize : 19 <-- 2.576409 s
currentSize : 20 <-- 8.332688 s
currentSize : 21 <-- 29.494728 s

maxsize : 21
nodes : 20099155.000000
filtered : 326247167.000000
time : 87.472595
