Parameters: GAD=1 vflib=1 dir=0 label=0 lowerbound=1 fileNameGp=../../cp2016-max-common-connected-subgraph-paper/datasets/graphsdb/mcs50/m2D/m2Dr4/mcs50_m2Dr4_s40.A06 fileNameGt=../../cp2016-max-common-connected-subgraph-paper/datasets/graphsdb/mcs50/m2D/m2Dr4/mcs50_m2Dr4_s40.B06
Reading graphs...
40 :  82
40 :  82
Initializing...
maxdom : 40
D->valSize : 1600
Solving...
currentSize : 20 <-- 0.035108 s
currentSize : 21 <-- 0.036807 s
currentSize : 22 <-- 0.411986 s
currentSize : 23 <-- 0.468738 s
currentSize : 24 <-- 10.474422 s
currentSize : 25 <-- 24.500340 s
currentSize : 26 <-- 322.525848 s

TIMEOUT
maxsize : 26
nodes : 170690749.000000
filtered : 4347499830.000000
time : 1000.000061
