Parameters: GAD=1 vflib=1 dir=0 label=0 lowerbound=1 fileNameGp=../../cp2016-max-common-connected-subgraph-paper/datasets/graphsdb/mcs50/bvg/b09m/mcs50_b09m_s30.A00 fileNameGt=../../cp2016-max-common-connected-subgraph-paper/datasets/graphsdb/mcs50/bvg/b09m/mcs50_b09m_s30.B00
Reading graphs...
30 :  125
30 :  126
Initializing...
maxdom : 30
D->valSize : 900
Solving...
currentSize : 10 <-- 0.016748 s
currentSize : 11 <-- 0.016785 s
currentSize : 12 <-- 0.027010 s
currentSize : 13 <-- 0.043410 s
currentSize : 14 <-- 0.269996 s
currentSize : 15 <-- 2.776360 s
currentSize : 16 <-- 17.299032 s

maxsize : 16
nodes : 38710247.000000
filtered : 705755363.000000
time : 176.523285
