Parameters: GAD=1 vflib=1 dir=0 label=0 lowerbound=1 fileNameGp=../../cp2016-max-common-connected-subgraph-paper/datasets/graphsdb/mcs50/rand/r01/mcs50_r01_s25.A07 fileNameGt=../../cp2016-max-common-connected-subgraph-paper/datasets/graphsdb/mcs50/rand/r01/mcs50_r01_s25.B07
Reading graphs...
25 :  59
25 :  59
Initializing...
maxdom : 25
D->valSize : 625
Solving...
currentSize : 9 <-- 0.008602 s
currentSize : 11 <-- 0.008627 s
currentSize : 12 <-- 0.009487 s
currentSize : 13 <-- 0.014040 s
currentSize : 14 <-- 0.118192 s
currentSize : 15 <-- 0.200492 s
currentSize : 16 <-- 3.227564 s

maxsize : 16
nodes : 2723084.000000
filtered : 47451050.000000
time : 11.037744
