Parameters: GAD=1 vflib=1 dir=0 label=0 lowerbound=1 fileNameGp=../../cp2016-max-common-connected-subgraph-paper/datasets/graphsdb/mcs50/rand/r005/mcs50_r005_s50.A04 fileNameGt=../../cp2016-max-common-connected-subgraph-paper/datasets/graphsdb/mcs50/rand/r005/mcs50_r005_s50.B04
Reading graphs...
50 :  120
50 :  120
Initializing...
maxdom : 50
D->valSize : 2500
Solving...
currentSize : 21 <-- 0.093461 s
currentSize : 22 <-- 0.096606 s
currentSize : 24 <-- 0.399867 s
currentSize : 25 <-- 4.185828 s
currentSize : 26 <-- 71.376930 s
currentSize : 27 <-- 169.017670 s
currentSize : 28 <-- 280.292206 s

TIMEOUT
maxsize : 28
nodes : 188216083.000000
filtered : 2478197380.000000
time : 1000.000061
