Parameters: GAD=1 vflib=1 dir=0 label=0 lowerbound=1 fileNameGp=../../cp2016-max-common-connected-subgraph-paper/datasets/graphsdb/mcs50/rand/r02/mcs50_r02_s30.A08 fileNameGt=../../cp2016-max-common-connected-subgraph-paper/datasets/graphsdb/mcs50/rand/r02/mcs50_r02_s30.B08
Reading graphs...
30 :  154
30 :  154
Initializing...
maxdom : 30
D->valSize : 900
Solving...
currentSize : 9 <-- 0.009526 s
currentSize : 10 <-- 0.009581 s
currentSize : 11 <-- 0.009676 s
currentSize : 12 <-- 0.010568 s
currentSize : 13 <-- 0.038657 s
currentSize : 14 <-- 8.043372 s
currentSize : 15 <-- 65.841179 s

maxsize : 15
nodes : 59710484.000000
filtered : 857093304.000000
time : 251.350235
