Parameters: GAD=1 vflib=1 dir=0 label=0 lowerbound=1 fileNameGp=../../cp2016-max-common-connected-subgraph-paper/datasets/graphsdb/mcs50/rand/r01/mcs50_r01_s35.A05 fileNameGt=../../cp2016-max-common-connected-subgraph-paper/datasets/graphsdb/mcs50/rand/r01/mcs50_r01_s35.B05
Reading graphs...
35 :  112
35 :  111
Initializing...
maxdom : 35
D->valSize : 1225
Solving...
currentSize : 15 <-- 0.019314 s
currentSize : 16 <-- 0.020007 s
currentSize : 17 <-- 0.074513 s
currentSize : 18 <-- 0.111467 s
currentSize : 19 <-- 1.898506 s
currentSize : 20 <-- 5.092543 s
currentSize : 21 <-- 954.420837 s

TIMEOUT
maxsize : 21
nodes : 180367435.000000
filtered : 4788948726.000000
time : 1000.000061
