Parameters: GAD=1 vflib=1 dir=0 label=0 lowerbound=1 fileNameGp=../../cp2016-max-common-connected-subgraph-paper/datasets/graphsdb/mcs50/rand/r02/mcs50_r02_s30.A05 fileNameGt=../../cp2016-max-common-connected-subgraph-paper/datasets/graphsdb/mcs50/rand/r02/mcs50_r02_s30.B05
Reading graphs...
30 :  153
30 :  149
Initializing...
maxdom : 30
D->valSize : 900
Solving...
currentSize : 10 <-- 0.009454 s
currentSize : 11 <-- 0.009482 s
currentSize : 12 <-- 0.009514 s
currentSize : 13 <-- 0.024532 s
currentSize : 14 <-- 1.237913 s
currentSize : 15 <-- 25.319618 s

maxsize : 15
nodes : 72885112.000000
filtered : 1102078540.000000
time : 314.228302
