Parameters: GAD=1 vflib=1 dir=0 label=0 lowerbound=1 fileNameGp=../../cp2016-max-common-connected-subgraph-paper/datasets/graphsdb/mcs50/bvg/b06m/mcs50_b06m_s35.A03 fileNameGt=../../cp2016-max-common-connected-subgraph-paper/datasets/graphsdb/mcs50/bvg/b06m/mcs50_b06m_s35.B03
Reading graphs...
35 :  103
35 :  103
Initializing...
maxdom : 35
D->valSize : 1225
Solving...
currentSize : 10 <-- 0.019874 s
currentSize : 13 <-- 0.019901 s
currentSize : 14 <-- 0.020525 s
currentSize : 15 <-- 0.025730 s
currentSize : 16 <-- 0.043998 s
currentSize : 17 <-- 0.118090 s
currentSize : 18 <-- 0.118283 s
currentSize : 19 <-- 1.577582 s
currentSize : 20 <-- 65.968987 s

TIMEOUT
maxsize : 20
nodes : 189550206.000000
filtered : 4359989588.000000
time : 1000.000000
