Parameters: GAD=1 vflib=1 dir=0 label=0 lowerbound=1 fileNameGp=../../cp2016-max-common-connected-subgraph-paper/datasets/graphsdb/mcs50/rand/r005/mcs50_r005_s30.A06 fileNameGt=../../cp2016-max-common-connected-subgraph-paper/datasets/graphsdb/mcs50/rand/r005/mcs50_r005_s30.B06
Reading graphs...
30 :  47
30 :  47
Initializing...
maxdom : 30
D->valSize : 900
Solving...
currentSize : 13 <-- 0.011142 s
currentSize : 15 <-- 0.013098 s
currentSize : 16 <-- 0.013572 s
currentSize : 17 <-- 2.093949 s
currentSize : 18 <-- 2.925296 s
currentSize : 19 <-- 25.495089 s
currentSize : 20 <-- 45.386600 s

maxsize : 20
nodes : 30373197.000000
filtered : 461634168.000000
time : 117.724930
