Parameters: GAD=1 vflib=1 dir=0 label=0 lowerbound=1 fileNameGp=../../cp2016-max-common-connected-subgraph-paper/datasets/graphsdb/mcs50/bvg/b03/mcs50_b03_s50.A05 fileNameGt=../../cp2016-max-common-connected-subgraph-paper/datasets/graphsdb/mcs50/bvg/b03/mcs50_b03_s50.B05
Reading graphs...
50 :  75
50 :  75
Initializing...
maxdom : 50
D->valSize : 2500
Solving...
currentSize : 21 <-- 0.126238 s
currentSize : 22 <-- 0.126266 s
currentSize : 23 <-- 0.126277 s
currentSize : 24 <-- 0.126317 s
currentSize : 25 <-- 0.126394 s
currentSize : 26 <-- 0.229655 s
currentSize : 27 <-- 0.792538 s
currentSize : 28 <-- 9.622213 s
currentSize : 29 <-- 72.744141 s
currentSize : 30 <-- 256.684875 s
currentSize : 31 <-- 259.691437 s

TIMEOUT
maxsize : 31
nodes : 227285597.000000
filtered : 2678213654.000000
time : 1000.000061
