Parameters: GAD=1 vflib=1 dir=0 label=0 lowerbound=1 fileNameGp=../../cp2016-max-common-connected-subgraph-paper/datasets/graphsdb/mcs50/bvg/b03/mcs50_b03_s40.A01 fileNameGt=../../cp2016-max-common-connected-subgraph-paper/datasets/graphsdb/mcs50/bvg/b03/mcs50_b03_s40.B01
Reading graphs...
40 :  59
40 :  60
Initializing...
maxdom : 40
D->valSize : 1600
Solving...
currentSize : 11 <-- 0.036651 s
currentSize : 13 <-- 0.036686 s
currentSize : 15 <-- 0.036705 s
currentSize : 16 <-- 0.036716 s
currentSize : 20 <-- 0.036738 s
currentSize : 21 <-- 0.036890 s
currentSize : 22 <-- 0.051759 s
currentSize : 23 <-- 0.054527 s
currentSize : 24 <-- 0.054589 s
currentSize : 25 <-- 0.399616 s
currentSize : 26 <-- 1.286230 s
currentSize : 27 <-- 5.164451 s
currentSize : 28 <-- 38.140671 s
currentSize : 29 <-- 204.705597 s
currentSize : 30 <-- 596.667664 s

TIMEOUT
maxsize : 30
nodes : 149559576.000000
filtered : 4121652237.000000
time : 1000.000000
