Parameters: GAD=1 vflib=1 dir=0 label=0 lowerbound=1 fileNameGp=../../cp2016-max-common-connected-subgraph-paper/datasets/graphsdb/mcs50/m4D/m4Dr4/mcs50_m4Dr4_s35.A07 fileNameGt=../../cp2016-max-common-connected-subgraph-paper/datasets/graphsdb/mcs50/m4D/m4Dr4/mcs50_m4Dr4_s35.B07
Reading graphs...
35 :  75
35 :  75
Initializing...
maxdom : 35
D->valSize : 1225
Solving...
currentSize : 13 <-- 0.020188 s
currentSize : 14 <-- 0.020218 s
currentSize : 15 <-- 0.021956 s
currentSize : 16 <-- 0.037368 s
currentSize : 17 <-- 0.063699 s
currentSize : 18 <-- 0.807661 s
currentSize : 19 <-- 1.768237 s
currentSize : 20 <-- 35.557690 s
currentSize : 21 <-- 35.566719 s
currentSize : 22 <-- 73.320702 s
currentSize : 23 <-- 75.172935 s
currentSize : 24 <-- 81.869186 s

maxsize : 24
nodes : 38329662.000000
filtered : 877133509.000000
time : 201.401718
