Parameters: GAD=1 vflib=1 dir=0 label=0 lowerbound=1 fileNameGp=../../cp2016-max-common-connected-subgraph-paper/datasets/graphsdb/mcs50/m3D/m3Dr2/mcs50_m3Dr2_s50.A06 fileNameGt=../../cp2016-max-common-connected-subgraph-paper/datasets/graphsdb/mcs50/m3D/m3Dr2/mcs50_m3Dr2_s50.B06
Reading graphs...
50 :  119
50 :  116
Initializing...
maxdom : 50
D->valSize : 2500
Solving...
currentSize : 25 <-- 0.093453 s
currentSize : 26 <-- 0.094691 s
currentSize : 27 <-- 0.095071 s
currentSize : 28 <-- 0.099318 s
currentSize : 29 <-- 2.776015 s
currentSize : 30 <-- 5.011677 s
currentSize : 31 <-- 5.902126 s

TIMEOUT
maxsize : 31
nodes : 140455504.000000
filtered : 3903017641.000000
time : 1000.000061
