Parameters: GAD=1 vflib=1 dir=0 label=0 lowerbound=1 fileNameGp=../../cp2016-max-common-connected-subgraph-paper/datasets/graphsdb/mcs50/m2D/m2Dr4/mcs50_m2Dr4_s40.A05 fileNameGt=../../cp2016-max-common-connected-subgraph-paper/datasets/graphsdb/mcs50/m2D/m2Dr4/mcs50_m2Dr4_s40.B05
Reading graphs...
40 :  79
40 :  80
Initializing...
maxdom : 40
D->valSize : 1600
Solving...
currentSize : 13 <-- 0.056243 s
currentSize : 17 <-- 0.056400 s
currentSize : 20 <-- 0.056430 s
currentSize : 21 <-- 0.063942 s
currentSize : 22 <-- 0.065129 s
currentSize : 23 <-- 0.941893 s
currentSize : 24 <-- 14.157698 s
currentSize : 25 <-- 41.773727 s
currentSize : 26 <-- 59.751537 s

TIMEOUT
maxsize : 26
nodes : 161831674.000000
filtered : 4530219539.000000
time : 1000.000061
