Parameters: GAD=1 vflib=1 dir=0 label=0 lowerbound=1 fileNameGp=../../cp2016-max-common-connected-subgraph-paper/datasets/graphsdb/mcs50/m3D/m3Dr4/mcs50_m3Dr4_s50.A05 fileNameGt=../../cp2016-max-common-connected-subgraph-paper/datasets/graphsdb/mcs50/m3D/m3Dr4/mcs50_m3Dr4_s50.B05
Reading graphs...
50 :  127
50 :  127
Initializing...
maxdom : 50
D->valSize : 2500
Solving...
currentSize : 19 <-- 0.114784 s
currentSize : 21 <-- 0.114882 s
currentSize : 22 <-- 0.115427 s
currentSize : 23 <-- 0.724843 s
currentSize : 24 <-- 15.829978 s
currentSize : 25 <-- 15.955777 s
currentSize : 26 <-- 60.713242 s

TIMEOUT
maxsize : 26
nodes : 201696603.000000
filtered : 2705851607.000000
time : 1000.000061
