Parameters: GAD=1 vflib=1 dir=0 label=0 lowerbound=1 fileNameGp=../../cp2016-max-common-connected-subgraph-paper/datasets/graphsdb/mcs50/m4D/m4Dr6/mcs50_m4Dr6_s40.A03 fileNameGt=../../cp2016-max-common-connected-subgraph-paper/datasets/graphsdb/mcs50/m4D/m4Dr6/mcs50_m4Dr6_s40.B03
Reading graphs...
40 :  90
40 :  90
Initializing...
maxdom : 40
D->valSize : 1600
Solving...
currentSize : 14 <-- 0.034688 s
currentSize : 15 <-- 0.034715 s
currentSize : 18 <-- 0.034784 s
currentSize : 19 <-- 0.034876 s
currentSize : 20 <-- 0.050793 s
currentSize : 21 <-- 0.099986 s
currentSize : 22 <-- 0.103103 s
currentSize : 23 <-- 4.469929 s
currentSize : 24 <-- 5.249083 s
currentSize : 25 <-- 7.519795 s
currentSize : 26 <-- 245.845535 s

TIMEOUT
maxsize : 26
nodes : 162753852.000000
filtered : 4450464708.000000
time : 1000.000061
