Parameters: GAD=1 vflib=1 dir=0 label=0 lowerbound=1 fileNameGp=../../cp2016-max-common-connected-subgraph-paper/datasets/graphsdb/mcs50/m3D/m3Dr6/mcs50_m3Dr6_s50.A03 fileNameGt=../../cp2016-max-common-connected-subgraph-paper/datasets/graphsdb/mcs50/m3D/m3Dr6/mcs50_m3Dr6_s50.B03
Reading graphs...
50 :  135
50 :  136
Initializing...
maxdom : 50
D->valSize : 2500
Solving...
currentSize : 16 <-- 0.091886 s
currentSize : 21 <-- 0.091977 s
currentSize : 22 <-- 0.092145 s
currentSize : 23 <-- 0.098601 s
currentSize : 24 <-- 0.099936 s
currentSize : 25 <-- 0.105007 s
currentSize : 26 <-- 0.332557 s
currentSize : 28 <-- 13.882937 s

TIMEOUT
maxsize : 28
nodes : 160205118.000000
filtered : 3938986422.000000
time : 1000.000061
