Parameters: GAD=1 vflib=1 dir=0 label=0 lowerbound=1 fileNameGp=../../cp2016-max-common-connected-subgraph-paper/datasets/graphsdb/mcs50/m2D/m2D/mcs50_m2D_s40.A00 fileNameGt=../../cp2016-max-common-connected-subgraph-paper/datasets/graphsdb/mcs50/m2D/m2D/mcs50_m2D_s40.B00
Reading graphs...
40 :  67
40 :  67
Initializing...
maxdom : 40
D->valSize : 1600
Solving...
currentSize : 21 <-- 0.058948 s
currentSize : 22 <-- 0.074521 s
currentSize : 23 <-- 0.090919 s
currentSize : 24 <-- 0.095253 s
currentSize : 25 <-- 1.109948 s
currentSize : 26 <-- 6.352611 s
currentSize : 27 <-- 8.206107 s
currentSize : 28 <-- 18.081770 s

TIMEOUT
maxsize : 28
nodes : 164647271.000000
filtered : 4026368618.000000
time : 1000.000000
