Parameters: GAD=1 vflib=1 dir=0 label=0 lowerbound=1 fileNameGp=../../cp2016-max-common-connected-subgraph-paper/datasets/graphsdb/mcs50/bvg/b03m/mcs50_b03m_s50.A09 fileNameGt=../../cp2016-max-common-connected-subgraph-paper/datasets/graphsdb/mcs50/bvg/b03m/mcs50_b03m_s50.B09
Reading graphs...
50 :  73
50 :  73
Initializing...
maxdom : 50
D->valSize : 2500
Solving...
currentSize : 21 <-- 0.168688 s
currentSize : 23 <-- 0.168788 s
currentSize : 24 <-- 0.272075 s
currentSize : 25 <-- 0.836978 s
currentSize : 26 <-- 0.855048 s
currentSize : 27 <-- 20.959349 s
currentSize : 28 <-- 25.628777 s
currentSize : 29 <-- 189.584732 s
currentSize : 30 <-- 896.178101 s

TIMEOUT
maxsize : 30
nodes : 256428946.000000
filtered : 2966430648.000000
time : 1000.000061
