Parameters: GAD=1 vflib=1 dir=0 label=0 lowerbound=1 fileNameGp=../../cp2016-max-common-connected-subgraph-paper/datasets/graphsdb/mcs50/m2D/m2Dr4/mcs50_m2Dr4_s40.A00 fileNameGt=../../cp2016-max-common-connected-subgraph-paper/datasets/graphsdb/mcs50/m2D/m2Dr4/mcs50_m2Dr4_s40.B00
Reading graphs...
40 :  81
40 :  81
Initializing...
maxdom : 40
D->valSize : 1600
Solving...
currentSize : 16 <-- 0.035833 s
currentSize : 17 <-- 0.035877 s
currentSize : 18 <-- 0.035979 s
currentSize : 19 <-- 0.037327 s
currentSize : 20 <-- 0.040786 s
currentSize : 21 <-- 0.041972 s
currentSize : 22 <-- 1.686560 s
currentSize : 23 <-- 3.104885 s
currentSize : 24 <-- 16.547800 s
currentSize : 25 <-- 56.792606 s

TIMEOUT
maxsize : 25
nodes : 182250885.000000
filtered : 3620872628.000000
time : 1000.000061
