Parameters: GAD=1 vflib=1 dir=0 label=0 lowerbound=1 fileNameGp=../../cp2016-max-common-connected-subgraph-paper/datasets/graphsdb/mcs50/m4D/m4Dr4/mcs50_m4Dr4_s30.A04 fileNameGt=../../cp2016-max-common-connected-subgraph-paper/datasets/graphsdb/mcs50/m4D/m4Dr4/mcs50_m4Dr4_s30.B04
Reading graphs...
30 :  65
30 :  66
Initializing...
maxdom : 30
D->valSize : 900
Solving...
currentSize : 12 <-- 0.018559 s
currentSize : 13 <-- 0.020183 s
currentSize : 14 <-- 0.020402 s
currentSize : 15 <-- 0.020523 s
currentSize : 16 <-- 0.022787 s
currentSize : 17 <-- 0.078175 s
currentSize : 18 <-- 1.365355 s
currentSize : 19 <-- 8.819387 s
currentSize : 20 <-- 19.446705 s

maxsize : 20
nodes : 11677086.000000
filtered : 267439625.000000
time : 57.872192
