Parameters: GAD=1 vflib=1 dir=0 label=0 lowerbound=1 fileNameGp=../../cp2016-max-common-connected-subgraph-paper/datasets/graphsdb/mcs50/m2D/m2D/mcs50_m2D_s50.A09 fileNameGt=../../cp2016-max-common-connected-subgraph-paper/datasets/graphsdb/mcs50/m2D/m2D/mcs50_m2D_s50.B09
Reading graphs...
50 :  84
50 :  85
Initializing...
maxdom : 50
D->valSize : 2500
Solving...
currentSize : 20 <-- 0.114611 s
currentSize : 23 <-- 0.114697 s
currentSize : 24 <-- 0.116097 s
currentSize : 25 <-- 0.117317 s
currentSize : 26 <-- 0.118247 s
currentSize : 27 <-- 0.308135 s
currentSize : 28 <-- 0.709883 s
currentSize : 29 <-- 2.140093 s
currentSize : 30 <-- 290.453583 s
currentSize : 31 <-- 320.231506 s

TIMEOUT
maxsize : 31
nodes : 199001021.000000
filtered : 2849202022.000000
time : 1000.000061
