Parameters: GAD=1 vflib=1 dir=0 label=0 lowerbound=1 fileNameGp=../../cp2016-max-common-connected-subgraph-paper/datasets/graphsdb/mcs50/bvg/b06m/mcs50_b06m_s35.A01 fileNameGt=../../cp2016-max-common-connected-subgraph-paper/datasets/graphsdb/mcs50/bvg/b06m/mcs50_b06m_s35.B01
Reading graphs...
35 :  98
35 :  101
Initializing...
maxdom : 35
D->valSize : 1225
Solving...
currentSize : 14 <-- 0.019486 s
currentSize : 15 <-- 0.019589 s
currentSize : 16 <-- 0.020396 s
currentSize : 17 <-- 0.021986 s
currentSize : 18 <-- 1.109769 s
currentSize : 19 <-- 7.209573 s
currentSize : 20 <-- 11.371557 s
currentSize : 21 <-- 119.829292 s

TIMEOUT
maxsize : 21
nodes : 174898409.000000
filtered : 4494051659.000000
time : 1000.000000
