Parameters: GAD=1 vflib=1 dir=0 label=0 lowerbound=1 fileNameGp=../../cp2016-max-common-connected-subgraph-paper/datasets/graphsdb/mcs50/m2D/m2D/mcs50_m2D_s40.A08 fileNameGt=../../cp2016-max-common-connected-subgraph-paper/datasets/graphsdb/mcs50/m2D/m2D/mcs50_m2D_s40.B08
Reading graphs...
40 :  67
40 :  67
Initializing...
maxdom : 40
D->valSize : 1600
Solving...
currentSize : 17 <-- 0.035984 s
currentSize : 18 <-- 0.036194 s
currentSize : 20 <-- 0.040131 s
currentSize : 21 <-- 0.040204 s
currentSize : 22 <-- 0.212350 s
currentSize : 23 <-- 7.539486 s
currentSize : 24 <-- 16.514254 s
currentSize : 25 <-- 77.530952 s
currentSize : 26 <-- 534.267334 s

TIMEOUT
maxsize : 26
nodes : 198473920.000000
filtered : 3419858862.000000
time : 1000.000061
