Parameters: GAD=1 vflib=1 dir=0 label=0 lowerbound=1 fileNameGp=../../cp2016-max-common-connected-subgraph-paper/datasets/graphsdb/mcs50/bvg/b03m/mcs50_b03m_s25.A01 fileNameGt=../../cp2016-max-common-connected-subgraph-paper/datasets/graphsdb/mcs50/bvg/b03m/mcs50_b03m_s25.B01
Reading graphs...
25 :  36
25 :  36
Initializing...
maxdom : 25
D->valSize : 625
Solving...
currentSize : 12 <-- 0.005363 s
currentSize : 13 <-- 0.005379 s
currentSize : 14 <-- 0.005384 s
currentSize : 15 <-- 0.009516 s
currentSize : 16 <-- 0.042551 s
currentSize : 17 <-- 0.061234 s
currentSize : 18 <-- 0.188271 s

maxsize : 18
nodes : 680771.000000
filtered : 11547292.000000
time : 2.687759
