Parameters: GAD=1 vflib=1 dir=0 label=0 lowerbound=1 fileNameGp=../../cp2016-max-common-connected-subgraph-paper/datasets/graphsdb/mcs50/m2D/m2Dr4/mcs50_m2Dr4_s30.A04 fileNameGt=../../cp2016-max-common-connected-subgraph-paper/datasets/graphsdb/mcs50/m2D/m2Dr4/mcs50_m2Dr4_s30.B04
Reading graphs...
30 :  61
30 :  60
Initializing...
maxdom : 30
D->valSize : 900
Solving...
currentSize : 13 <-- 0.017348 s
currentSize : 15 <-- 0.017393 s
currentSize : 16 <-- 0.017417 s
currentSize : 17 <-- 0.512889 s
currentSize : 18 <-- 0.580078 s
currentSize : 19 <-- 2.338033 s
currentSize : 20 <-- 25.283640 s
currentSize : 21 <-- 26.470888 s

maxsize : 21
nodes : 11188735.000000
filtered : 239846328.000000
time : 53.253906
