Parameters: GAD=1 vflib=1 dir=0 label=0 lowerbound=1 fileNameGp=../../cp2016-max-common-connected-subgraph-paper/datasets/graphsdb/mcs50/m2D/m2Dr6/mcs50_m2Dr6_s50.A08 fileNameGt=../../cp2016-max-common-connected-subgraph-paper/datasets/graphsdb/mcs50/m2D/m2Dr6/mcs50_m2Dr6_s50.B08
Reading graphs...
50 :  113
50 :  112
Initializing...
maxdom : 50
D->valSize : 2500
Solving...
currentSize : 20 <-- 0.158692 s
currentSize : 21 <-- 0.158882 s
currentSize : 22 <-- 0.159526 s
currentSize : 23 <-- 0.159552 s
currentSize : 24 <-- 0.214284 s
currentSize : 25 <-- 0.419611 s
currentSize : 26 <-- 0.425260 s
currentSize : 27 <-- 0.445735 s
currentSize : 28 <-- 0.707016 s
currentSize : 29 <-- 5.499904 s
currentSize : 30 <-- 33.834587 s
currentSize : 31 <-- 169.584122 s
currentSize : 32 <-- 806.202820 s

TIMEOUT
maxsize : 32
nodes : 141007401.000000
filtered : 3895290558.000000
time : 1000.000061
