Parameters: GAD=1 vflib=1 dir=0 label=0 lowerbound=1 fileNameGp=../../cp2016-max-common-connected-subgraph-paper/datasets/graphsdb/mcs50/m2D/m2Dr4/mcs50_m2Dr4_s50.A02 fileNameGt=../../cp2016-max-common-connected-subgraph-paper/datasets/graphsdb/mcs50/m2D/m2Dr4/mcs50_m2Dr4_s50.B02
Reading graphs...
50 :  103
50 :  103
Initializing...
maxdom : 50
D->valSize : 2500
Solving...
currentSize : 24 <-- 0.149009 s
currentSize : 25 <-- 0.149093 s
currentSize : 26 <-- 0.242776 s
currentSize : 27 <-- 1.500651 s
currentSize : 28 <-- 2.005925 s
currentSize : 29 <-- 6.609000 s
currentSize : 30 <-- 22.221548 s
currentSize : 31 <-- 155.964569 s
currentSize : 32 <-- 209.192764 s

TIMEOUT
maxsize : 32
nodes : 144163599.000000
filtered : 3995576411.000000
time : 1000.000122
