Parameters: GAD=1 vflib=1 dir=0 label=0 lowerbound=1 fileNameGp=../../cp2016-max-common-connected-subgraph-paper/datasets/graphsdb/mcs50/bvg/b09m/mcs50_b09m_s30.A04 fileNameGt=../../cp2016-max-common-connected-subgraph-paper/datasets/graphsdb/mcs50/bvg/b09m/mcs50_b09m_s30.B04
Reading graphs...
30 :  129
30 :  123
Initializing...
maxdom : 30
D->valSize : 900
Solving...
currentSize : 10 <-- 0.009578 s
currentSize : 11 <-- 0.009778 s
currentSize : 12 <-- 0.010585 s
currentSize : 13 <-- 0.013564 s
currentSize : 14 <-- 0.014172 s
currentSize : 15 <-- 0.017600 s
currentSize : 16 <-- 20.464716 s

maxsize : 16
nodes : 27474350.000000
filtered : 544174367.000000
time : 126.159691
