Parameters: GAD=1 vflib=1 dir=0 label=0 lowerbound=1 fileNameGp=../../cp2016-max-common-connected-subgraph-paper/datasets/graphsdb/mcs50/bvg/b03/mcs50_b03_s25.A02 fileNameGt=../../cp2016-max-common-connected-subgraph-paper/datasets/graphsdb/mcs50/bvg/b03/mcs50_b03_s25.B02
Reading graphs...
25 :  37
25 :  37
Initializing...
maxdom : 25
D->valSize : 625
Solving...
currentSize : 8 <-- 0.005462 s
currentSize : 9 <-- 0.005480 s
currentSize : 10 <-- 0.005560 s
currentSize : 11 <-- 0.005750 s
currentSize : 12 <-- 0.005909 s
currentSize : 13 <-- 0.007943 s
currentSize : 15 <-- 0.021599 s
currentSize : 16 <-- 0.088890 s
currentSize : 17 <-- 0.921917 s
currentSize : 18 <-- 2.308313 s
currentSize : 19 <-- 3.048927 s

maxsize : 19
nodes : 973911.000000
filtered : 12537245.000000
time : 3.452861
