Parameters: GAD=1 vflib=1 dir=0 label=0 lowerbound=1 fileNameGp=../../cp2016-max-common-connected-subgraph-paper/datasets/graphsdb/mcs50/m4D/m4D/mcs50_m4D_s40.A03 fileNameGt=../../cp2016-max-common-connected-subgraph-paper/datasets/graphsdb/mcs50/m4D/m4D/mcs50_m4D_s40.B03
Reading graphs...
40 :  71
40 :  71
Initializing...
maxdom : 40
D->valSize : 1600
Solving...
currentSize : 11 <-- 0.062633 s
currentSize : 16 <-- 0.063278 s
currentSize : 17 <-- 0.067577 s
currentSize : 18 <-- 0.104512 s
currentSize : 20 <-- 0.499681 s
currentSize : 21 <-- 0.518257 s
currentSize : 22 <-- 0.605850 s
currentSize : 23 <-- 1.073079 s
currentSize : 24 <-- 14.653824 s
currentSize : 25 <-- 17.419254 s
currentSize : 26 <-- 141.557541 s
currentSize : 27 <-- 278.575012 s
currentSize : 28 <-- 411.495789 s

TIMEOUT
maxsize : 28
nodes : 163762850.000000
filtered : 4125909131.000000
time : 1000.000000
