Parameters: GAD=1 vflib=1 dir=0 label=0 lowerbound=1 fileNameGp=../../cp2016-max-common-connected-subgraph-paper/datasets/graphsdb/mcs50/bvg/b09m/mcs50_b09m_s35.A01 fileNameGt=../../cp2016-max-common-connected-subgraph-paper/datasets/graphsdb/mcs50/bvg/b09m/mcs50_b09m_s35.B01
Reading graphs...
35 :  147
35 :  148
Initializing...
maxdom : 35
D->valSize : 1225
Solving...
currentSize : 10 <-- 0.018245 s
currentSize : 11 <-- 0.018279 s
currentSize : 12 <-- 0.018446 s
currentSize : 13 <-- 0.018934 s
currentSize : 14 <-- 0.020672 s
currentSize : 15 <-- 0.020723 s
currentSize : 16 <-- 0.916372 s
currentSize : 17 <-- 1.266965 s
currentSize : 18 <-- 114.711235 s

TIMEOUT
maxsize : 18
nodes : 191676331.000000
filtered : 4108688965.000000
time : 1000.000061
