Parameters: GAD=1 vflib=1 dir=0 label=0 lowerbound=1 fileNameGp=../../cp2016-max-common-connected-subgraph-paper/datasets/graphsdb/mcs50/m3D/m3Dr2/mcs50_m3Dr2_s50.A01 fileNameGt=../../cp2016-max-common-connected-subgraph-paper/datasets/graphsdb/mcs50/m3D/m3Dr2/mcs50_m3Dr2_s50.B01
Reading graphs...
50 :  118
50 :  119
Initializing...
maxdom : 50
D->valSize : 2500
Solving...
currentSize : 18 <-- 0.120111 s
currentSize : 20 <-- 0.120139 s
currentSize : 21 <-- 0.120196 s
currentSize : 22 <-- 0.194208 s
currentSize : 23 <-- 0.196016 s
currentSize : 24 <-- 0.204821 s
currentSize : 25 <-- 0.214807 s
currentSize : 26 <-- 0.810581 s
currentSize : 27 <-- 26.455849 s
currentSize : 28 <-- 26.462343 s
currentSize : 29 <-- 793.960449 s

TIMEOUT
maxsize : 29
nodes : 170933102.000000
filtered : 3266059144.000000
time : 1000.000000
