Parameters: GAD=1 vflib=1 dir=0 label=0 lowerbound=1 fileNameGp=../../cp2016-max-common-connected-subgraph-paper/datasets/graphsdb/mcs50/bvg/b03m/mcs50_b03m_s30.A00 fileNameGt=../../cp2016-max-common-connected-subgraph-paper/datasets/graphsdb/mcs50/bvg/b03m/mcs50_b03m_s30.B00
Reading graphs...
30 :  44
30 :  44
Initializing...
maxdom : 30
D->valSize : 900
Solving...
currentSize : 13 <-- 0.019667 s
currentSize : 14 <-- 0.019712 s
currentSize : 16 <-- 0.019841 s
currentSize : 17 <-- 0.021233 s
currentSize : 18 <-- 0.069680 s
currentSize : 19 <-- 1.562394 s
currentSize : 20 <-- 3.050936 s
currentSize : 21 <-- 13.308167 s

maxsize : 21
nodes : 17317721.000000
filtered : 276567930.000000
time : 76.123886
