Parameters: GAD=1 vflib=1 dir=0 label=0 lowerbound=1 fileNameGp=../../cp2016-max-common-connected-subgraph-paper/datasets/graphsdb/mcs50/rand/r01/mcs50_r01_s40.A04 fileNameGt=../../cp2016-max-common-connected-subgraph-paper/datasets/graphsdb/mcs50/rand/r01/mcs50_r01_s40.B04
Reading graphs...
40 :  152
40 :  144
Initializing...
maxdom : 40
D->valSize : 1600
Solving...
currentSize : 13 <-- 0.056649 s
currentSize : 14 <-- 0.057568 s
currentSize : 15 <-- 0.057587 s
currentSize : 16 <-- 0.057690 s
currentSize : 17 <-- 0.066081 s
currentSize : 18 <-- 0.092793 s
currentSize : 19 <-- 0.344419 s
currentSize : 20 <-- 31.693352 s
currentSize : 21 <-- 50.463707 s

TIMEOUT
maxsize : 21
nodes : 178269547.000000
filtered : 4183989475.000000
time : 1000.000000
