Parameters: GAD=1 vflib=1 dir=0 label=0 lowerbound=1 fileNameGp=../../cp2016-max-common-connected-subgraph-paper/datasets/graphsdb/mcs50/bvg/b06/mcs50_b06_s50.A05 fileNameGt=../../cp2016-max-common-connected-subgraph-paper/datasets/graphsdb/mcs50/bvg/b06/mcs50_b06_s50.B05
Reading graphs...
50 :  150
50 :  149
Initializing...
maxdom : 50
D->valSize : 2500
Solving...
currentSize : 19 <-- 0.111986 s
currentSize : 20 <-- 0.112995 s
currentSize : 21 <-- 0.113015 s
currentSize : 22 <-- 0.149617 s
currentSize : 23 <-- 0.626620 s
currentSize : 24 <-- 1.314748 s
currentSize : 25 <-- 2.839331 s
currentSize : 26 <-- 5.829327 s
currentSize : 27 <-- 27.066170 s

TIMEOUT
maxsize : 27
nodes : 161644527.000000
filtered : 3765999902.000000
time : 1000.000000
