Parameters: GAD=1 vflib=1 dir=0 label=0 lowerbound=1 fileNameGp=../../cp2016-max-common-connected-subgraph-paper/datasets/graphsdb/mcs50/bvg/b06m/mcs50_b06m_s50.A04 fileNameGt=../../cp2016-max-common-connected-subgraph-paper/datasets/graphsdb/mcs50/bvg/b06m/mcs50_b06m_s50.B04
Reading graphs...
50 :  147
50 :  146
Initializing...
maxdom : 50
D->valSize : 2500
Solving...
currentSize : 19 <-- 0.107694 s
currentSize : 21 <-- 0.107717 s
currentSize : 22 <-- 0.185214 s
currentSize : 23 <-- 0.229911 s
currentSize : 24 <-- 1.259556 s
currentSize : 25 <-- 3.084179 s
currentSize : 26 <-- 14.954472 s
currentSize : 27 <-- 174.647812 s
currentSize : 28 <-- 178.341797 s

TIMEOUT
maxsize : 28
nodes : 154081039.000000
filtered : 3906652627.000000
time : 1000.000061
