Parameters: GAD=1 vflib=1 dir=0 label=0 lowerbound=1 fileNameGp=../../cp2016-max-common-connected-subgraph-paper/datasets/graphsdb/mcs50/m4D/m4Dr6/mcs50_m4Dr6_s40.A09 fileNameGt=../../cp2016-max-common-connected-subgraph-paper/datasets/graphsdb/mcs50/m4D/m4Dr6/mcs50_m4Dr6_s40.B09
Reading graphs...
40 :  94
40 :  91
Initializing...
maxdom : 40
D->valSize : 1600
Solving...
currentSize : 16 <-- 0.057504 s
currentSize : 17 <-- 0.060353 s
currentSize : 18 <-- 0.074698 s
currentSize : 19 <-- 0.074774 s
currentSize : 20 <-- 0.112631 s
currentSize : 21 <-- 0.615965 s
currentSize : 22 <-- 1.456987 s
currentSize : 23 <-- 62.800137 s
currentSize : 24 <-- 65.206367 s
currentSize : 25 <-- 78.250359 s
currentSize : 26 <-- 548.716797 s

TIMEOUT
maxsize : 26
nodes : 161419363.000000
filtered : 4660404897.000000
time : 1000.000000
