Parameters: GAD=1 vflib=1 dir=0 label=0 lowerbound=1 fileNameGp=../../cp2016-max-common-connected-subgraph-paper/datasets/graphsdb/mcs50/bvg/b03/mcs50_b03_s30.A08 fileNameGt=../../cp2016-max-common-connected-subgraph-paper/datasets/graphsdb/mcs50/bvg/b03/mcs50_b03_s30.B08
Reading graphs...
30 :  45
30 :  45
Initializing...
maxdom : 30
D->valSize : 900
Solving...
currentSize : 16 <-- 0.011376 s
currentSize : 18 <-- 0.011443 s
currentSize : 19 <-- 0.011450 s
currentSize : 20 <-- 0.011715 s
currentSize : 21 <-- 0.044694 s
currentSize : 22 <-- 61.033737 s

maxsize : 22
nodes : 14564098.000000
filtered : 264451539.000000
time : 65.644272
