Parameters: GAD=1 vflib=1 dir=0 label=0 lowerbound=1 fileNameGp=../../cp2016-max-common-connected-subgraph-paper/datasets/graphsdb/mcs50/bvg/b09/mcs50_b09_s40.A06 fileNameGt=../../cp2016-max-common-connected-subgraph-paper/datasets/graphsdb/mcs50/bvg/b09/mcs50_b09_s40.B06
Reading graphs...
40 :  176
40 :  176
Initializing...
maxdom : 40
D->valSize : 1600
Solving...
currentSize : 14 <-- 0.032094 s
currentSize : 15 <-- 0.032330 s
currentSize : 16 <-- 0.038148 s
currentSize : 17 <-- 0.038515 s
currentSize : 18 <-- 0.103387 s
currentSize : 19 <-- 8.842262 s
currentSize : 20 <-- 13.243004 s
currentSize : 21 <-- 13.410442 s
currentSize : 22 <-- 35.529133 s
currentSize : 23 <-- 43.027069 s

TIMEOUT
maxsize : 23
nodes : 149707997.000000
filtered : 5219673413.000000
time : 1000.000000
