Parameters: GAD=1 vflib=1 dir=0 label=0 lowerbound=1 fileNameGp=../../cp2016-max-common-connected-subgraph-paper/datasets/graphsdb/mcs50/bvg/b03/mcs50_b03_s50.A04 fileNameGt=../../cp2016-max-common-connected-subgraph-paper/datasets/graphsdb/mcs50/bvg/b03/mcs50_b03_s50.B04
Reading graphs...
50 :  75
50 :  75
Initializing...
maxdom : 50
D->valSize : 2500
Solving...
currentSize : 18 <-- 0.155140 s
currentSize : 22 <-- 0.155206 s
currentSize : 23 <-- 0.155680 s
currentSize : 24 <-- 0.161629 s
currentSize : 25 <-- 1.902664 s
currentSize : 26 <-- 2.990551 s
currentSize : 28 <-- 228.530212 s

TIMEOUT
maxsize : 28
nodes : 279007129.000000
filtered : 2357900366.000000
time : 1000.000061
