Parameters: GAD=1 vflib=1 dir=0 label=0 lowerbound=1 fileNameGp=../../cp2016-max-common-connected-subgraph-paper/datasets/graphsdb/mcs50/bvg/b06/mcs50_b06_s50.A03 fileNameGt=../../cp2016-max-common-connected-subgraph-paper/datasets/graphsdb/mcs50/bvg/b06/mcs50_b06_s50.B03
Reading graphs...
50 :  148
50 :  150
Initializing...
maxdom : 50
D->valSize : 2500
Solving...
currentSize : 16 <-- 0.092372 s
currentSize : 22 <-- 0.092446 s
currentSize : 23 <-- 0.096245 s
currentSize : 24 <-- 0.096265 s
currentSize : 25 <-- 0.137328 s
currentSize : 26 <-- 0.248142 s
currentSize : 27 <-- 4.722911 s
currentSize : 28 <-- 41.912624 s

TIMEOUT
maxsize : 28
nodes : 143605555.000000
filtered : 4174233669.000000
time : 1000.000061
