Parameters: GAD=1 vflib=1 dir=0 label=0 lowerbound=1 fileNameGp=../../cp2016-max-common-connected-subgraph-paper/datasets/graphsdb/mcs50/m3D/m3Dr2/mcs50_m3Dr2_s50.A03 fileNameGt=../../cp2016-max-common-connected-subgraph-paper/datasets/graphsdb/mcs50/m3D/m3Dr2/mcs50_m3Dr2_s50.B03
Reading graphs...
50 :  119
50 :  116
Initializing...
maxdom : 50
D->valSize : 2500
Solving...
currentSize : 18 <-- 0.166945 s
currentSize : 20 <-- 0.169118 s
currentSize : 21 <-- 0.312084 s
currentSize : 22 <-- 0.415066 s
currentSize : 23 <-- 4.949286 s
currentSize : 24 <-- 5.034760 s
currentSize : 25 <-- 7.816534 s
currentSize : 26 <-- 7.816621 s
currentSize : 27 <-- 128.728455 s

TIMEOUT
maxsize : 27
nodes : 198579269.000000
filtered : 3062824151.000000
time : 1000.000061
