Parameters: GAD=1 vflib=1 dir=0 label=0 lowerbound=1 fileNameGp=../../cp2016-max-common-connected-subgraph-paper/datasets/graphsdb/mcs50/rand/r005/mcs50_r005_s20.A07 fileNameGt=../../cp2016-max-common-connected-subgraph-paper/datasets/graphsdb/mcs50/rand/r005/mcs50_r005_s20.B07
Reading graphs...
20 :  24
20 :  23
Initializing...
maxdom : 20
D->valSize : 400
Solving...
currentSize : 9 <-- 0.002281 s
currentSize : 11 <-- 0.002298 s
currentSize : 12 <-- 0.002566 s
currentSize : 13 <-- 0.003649 s
currentSize : 14 <-- 0.003716 s
currentSize : 15 <-- 0.003764 s
currentSize : 16 <-- 0.005814 s

maxsize : 16
nodes : 9171.000000
filtered : 156711.000000
time : 0.034112
