Parameters: GAD=1 vflib=1 dir=0 label=0 lowerbound=1 fileNameGp=../../cp2016-max-common-connected-subgraph-paper/datasets/graphsdb/mcs50/rand/r005/mcs50_r005_s50.A05 fileNameGt=../../cp2016-max-common-connected-subgraph-paper/datasets/graphsdb/mcs50/rand/r005/mcs50_r005_s50.B05
Reading graphs...
50 :  120
50 :  117
Initializing...
maxdom : 50
D->valSize : 2500
Solving...
currentSize : 22 <-- 0.093900 s
currentSize : 24 <-- 0.094472 s
currentSize : 25 <-- 0.629465 s
currentSize : 26 <-- 0.629521 s
currentSize : 27 <-- 3.799770 s
currentSize : 28 <-- 117.152954 s
currentSize : 29 <-- 168.210373 s
currentSize : 30 <-- 549.784485 s

TIMEOUT
maxsize : 30
nodes : 163336803.000000
filtered : 3298992641.000000
time : 1000.000061
