Parameters: GAD=1 vflib=1 dir=0 label=0 lowerbound=1 fileNameGp=../../cp2016-max-common-connected-subgraph-paper/datasets/graphsdb/mcs50/m2D/m2D/mcs50_m2D_s50.A02 fileNameGt=../../cp2016-max-common-connected-subgraph-paper/datasets/graphsdb/mcs50/m2D/m2D/mcs50_m2D_s50.B02
Reading graphs...
50 :  85
50 :  83
Initializing...
maxdom : 50
D->valSize : 2500
Solving...
currentSize : 20 <-- 0.151937 s
currentSize : 22 <-- 0.152128 s
currentSize : 23 <-- 0.152349 s
currentSize : 24 <-- 0.154431 s
currentSize : 27 <-- 0.183972 s
currentSize : 28 <-- 1.583452 s
currentSize : 29 <-- 12.235437 s
currentSize : 30 <-- 66.677063 s
currentSize : 31 <-- 86.306717 s
currentSize : 32 <-- 225.444534 s

TIMEOUT
maxsize : 32
nodes : 205777287.000000
filtered : 2798658964.000000
time : 1000.000061
