Parameters: GAD=1 vflib=1 dir=0 label=0 lowerbound=1 fileNameGp=../../cp2016-max-common-connected-subgraph-paper/datasets/graphsdb/mcs50/m2D/m2D/mcs50_m2D_s40.A01 fileNameGt=../../cp2016-max-common-connected-subgraph-paper/datasets/graphsdb/mcs50/m2D/m2D/mcs50_m2D_s40.B01
Reading graphs...
40 :  65
40 :  65
Initializing...
maxdom : 40
D->valSize : 1600
Solving...
currentSize : 19 <-- 0.035896 s
currentSize : 20 <-- 0.035963 s
currentSize : 21 <-- 0.036145 s
currentSize : 22 <-- 0.036211 s
currentSize : 23 <-- 0.036265 s
currentSize : 24 <-- 0.099955 s
currentSize : 25 <-- 0.311205 s
currentSize : 26 <-- 22.362364 s
currentSize : 27 <-- 30.244244 s

TIMEOUT
maxsize : 27
nodes : 196852911.000000
filtered : 3642717145.000000
time : 1000.000000
