Parameters: GAD=1 vflib=1 dir=0 label=0 lowerbound=1 fileNameGp=../../cp2016-max-common-connected-subgraph-paper/datasets/graphsdb/mcs50/bvg/b03m/mcs50_b03m_s40.A09 fileNameGt=../../cp2016-max-common-connected-subgraph-paper/datasets/graphsdb/mcs50/bvg/b03m/mcs50_b03m_s40.B09
Reading graphs...
40 :  59
40 :  59
Initializing...
maxdom : 40
D->valSize : 1600
Solving...
currentSize : 19 <-- 0.055586 s
currentSize : 21 <-- 0.055623 s
currentSize : 22 <-- 0.055635 s
currentSize : 23 <-- 0.056456 s
currentSize : 24 <-- 0.056504 s
currentSize : 26 <-- 2.733141 s
currentSize : 27 <-- 118.349586 s
currentSize : 28 <-- 197.948135 s

TIMEOUT
maxsize : 28
nodes : 174616434.000000
filtered : 3861150118.000000
time : 1000.000061
