Parameters: GAD=1 vflib=1 dir=0 label=0 lowerbound=1 fileNameGp=../../cp2016-max-common-connected-subgraph-paper/datasets/graphsdb/mcs50/bvg/b03/mcs50_b03_s20.A03 fileNameGt=../../cp2016-max-common-connected-subgraph-paper/datasets/graphsdb/mcs50/bvg/b03/mcs50_b03_s20.B03
Reading graphs...
20 :  30
20 :  30
Initializing...
maxdom : 20
D->valSize : 400
Solving...
currentSize : 7 <-- 0.002245 s
currentSize : 8 <-- 0.002263 s
currentSize : 9 <-- 0.002289 s
currentSize : 10 <-- 0.002491 s
currentSize : 11 <-- 0.002714 s
currentSize : 12 <-- 0.006614 s
currentSize : 13 <-- 0.021857 s
currentSize : 14 <-- 0.101494 s
currentSize : 15 <-- 0.292565 s

maxsize : 15
nodes : 111579.000000
filtered : 1301221.000000
time : 0.348814
