Parameters: GAD=1 vflib=1 dir=0 label=0 lowerbound=1 fileNameGp=../../cp2016-max-common-connected-subgraph-paper/datasets/graphsdb/mcs50/m3D/m3Dr4/mcs50_m3Dr4_s50.A01 fileNameGt=../../cp2016-max-common-connected-subgraph-paper/datasets/graphsdb/mcs50/m3D/m3Dr4/mcs50_m3Dr4_s50.B01
Reading graphs...
50 :  126
50 :  126
Initializing...
maxdom : 50
D->valSize : 2500
Solving...
currentSize : 18 <-- 0.092601 s
currentSize : 19 <-- 0.092676 s
currentSize : 20 <-- 0.093657 s
currentSize : 21 <-- 0.094422 s
currentSize : 22 <-- 0.115742 s
currentSize : 23 <-- 0.116374 s
currentSize : 24 <-- 0.129619 s
currentSize : 25 <-- 0.236484 s
currentSize : 26 <-- 1.768601 s
currentSize : 27 <-- 2.467471 s
currentSize : 28 <-- 4.995601 s
currentSize : 29 <-- 69.678291 s

TIMEOUT
maxsize : 29
nodes : 146508038.000000
filtered : 3883750245.000000
time : 1000.000061
