Parameters: GAD=1 vflib=1 dir=0 label=0 lowerbound=1 fileNameGp=../../cp2016-max-common-connected-subgraph-paper/datasets/graphsdb/mcs50/m4D/m4Dr2/mcs50_m4Dr2_s30.A04 fileNameGt=../../cp2016-max-common-connected-subgraph-paper/datasets/graphsdb/mcs50/m4D/m4Dr2/mcs50_m4Dr2_s30.B04
Reading graphs...
30 :  61
30 :  61
Initializing...
maxdom : 30
D->valSize : 900
Solving...
currentSize : 10 <-- 0.019378 s
currentSize : 12 <-- 0.019460 s
currentSize : 14 <-- 0.019477 s
currentSize : 15 <-- 0.019546 s
currentSize : 16 <-- 0.020282 s
currentSize : 17 <-- 0.027875 s
currentSize : 18 <-- 0.223538 s
currentSize : 19 <-- 0.249227 s
currentSize : 20 <-- 13.582395 s

maxsize : 20
nodes : 12102382.000000
filtered : 262131151.000000
time : 57.742039
