Parameters: GAD=1 vflib=1 dir=0 label=0 lowerbound=1 fileNameGp=../../cp2016-max-common-connected-subgraph-paper/datasets/graphsdb/mcs50/m4D/m4Dr4/mcs50_m4Dr4_s40.A07 fileNameGt=../../cp2016-max-common-connected-subgraph-paper/datasets/graphsdb/mcs50/m4D/m4Dr4/mcs50_m4Dr4_s40.B07
Reading graphs...
40 :  83
40 :  85
Initializing...
maxdom : 40
D->valSize : 1600
Solving...
currentSize : 17 <-- 0.035020 s
currentSize : 19 <-- 0.035257 s
currentSize : 20 <-- 0.035851 s
currentSize : 21 <-- 0.039124 s
currentSize : 22 <-- 0.040838 s
currentSize : 23 <-- 0.213192 s
currentSize : 24 <-- 1.856563 s
currentSize : 25 <-- 11.412899 s
currentSize : 26 <-- 194.406342 s

TIMEOUT
maxsize : 26
nodes : 158537581.000000
filtered : 4279761315.000000
time : 1000.000061
