Parameters: GAD=1 vflib=1 dir=0 label=0 lowerbound=1 fileNameGp=../../cp2016-max-common-connected-subgraph-paper/datasets/graphsdb/mcs50/rand/r005/mcs50_r005_s35.A07 fileNameGt=../../cp2016-max-common-connected-subgraph-paper/datasets/graphsdb/mcs50/rand/r005/mcs50_r005_s35.B07
Reading graphs...
35 :  62
35 :  59
Initializing...
maxdom : 35
D->valSize : 1225
Solving...
currentSize : 18 <-- 0.020485 s
currentSize : 19 <-- 0.020585 s
currentSize : 20 <-- 0.029143 s
currentSize : 21 <-- 0.760482 s
currentSize : 22 <-- 9.702261 s
currentSize : 23 <-- 60.496346 s
currentSize : 24 <-- 210.522339 s

TIMEOUT
maxsize : 24
nodes : 195607406.000000
filtered : 3960962612.000000
time : 1000.000061
