Parameters: GAD=1 vflib=1 dir=0 label=0 lowerbound=1 fileNameGp=../../cp2016-max-common-connected-subgraph-paper/datasets/graphsdb/mcs50/bvg/b09/mcs50_b09_s40.A02 fileNameGt=../../cp2016-max-common-connected-subgraph-paper/datasets/graphsdb/mcs50/bvg/b09/mcs50_b09_s40.B02
Reading graphs...
40 :  178
40 :  179
Initializing...
maxdom : 40
D->valSize : 1600
Solving...
currentSize : 14 <-- 0.031427 s
currentSize : 15 <-- 0.043528 s
currentSize : 16 <-- 0.092394 s
currentSize : 17 <-- 0.109940 s
currentSize : 18 <-- 1.521650 s
currentSize : 19 <-- 15.765704 s
currentSize : 20 <-- 690.641418 s
currentSize : 21 <-- 744.557190 s
currentSize : 22 <-- 772.362244 s

TIMEOUT
maxsize : 22
nodes : 179449428.000000
filtered : 4141933977.000000
time : 1000.000000
