Parameters: GAD=1 vflib=1 dir=0 label=0 lowerbound=1 fileNameGp=../../cp2016-max-common-connected-subgraph-paper/datasets/graphsdb/mcs50/m2D/m2Dr6/mcs50_m2Dr6_s50.A01 fileNameGt=../../cp2016-max-common-connected-subgraph-paper/datasets/graphsdb/mcs50/m2D/m2Dr6/mcs50_m2Dr6_s50.B01
Reading graphs...
50 :  115
50 :  113
Initializing...
maxdom : 50
D->valSize : 2500
Solving...
currentSize : 20 <-- 0.094230 s
currentSize : 21 <-- 0.094276 s
currentSize : 22 <-- 0.094347 s
currentSize : 23 <-- 0.094589 s
currentSize : 24 <-- 0.094979 s
currentSize : 25 <-- 0.126168 s
currentSize : 26 <-- 0.147935 s
currentSize : 27 <-- 3.374285 s
currentSize : 28 <-- 7.190852 s
currentSize : 29 <-- 15.909753 s
currentSize : 30 <-- 18.211843 s
currentSize : 31 <-- 238.734604 s

TIMEOUT
maxsize : 31
nodes : 147943842.000000
filtered : 4377963067.000000
time : 1000.000061
