Parameters: GAD=1 vflib=1 dir=0 label=0 lowerbound=1 fileNameGp=../../cp2016-max-common-connected-subgraph-paper/datasets/graphsdb/mcs50/m4D/m4Dr4/mcs50_m4Dr4_s35.A05 fileNameGt=../../cp2016-max-common-connected-subgraph-paper/datasets/graphsdb/mcs50/m4D/m4Dr4/mcs50_m4Dr4_s35.B05
Reading graphs...
35 :  77
35 :  75
Initializing...
maxdom : 35
D->valSize : 1225
Solving...
currentSize : 16 <-- 0.019736 s
currentSize : 17 <-- 0.107386 s
currentSize : 18 <-- 0.108527 s
currentSize : 19 <-- 0.116571 s
currentSize : 20 <-- 0.116980 s
currentSize : 21 <-- 0.133983 s
currentSize : 22 <-- 4.267747 s
currentSize : 23 <-- 7.680885 s
currentSize : 24 <-- 766.614014 s

maxsize : 24
nodes : 141032033.000000
filtered : 3739859769.000000
time : 797.114014
