Parameters: GAD=1 vflib=1 dir=0 label=0 lowerbound=1 fileNameGp=../../cp2016-max-common-connected-subgraph-paper/datasets/graphsdb/mcs50/bvg/b06m/mcs50_b06m_s40.A04 fileNameGt=../../cp2016-max-common-connected-subgraph-paper/datasets/graphsdb/mcs50/bvg/b06m/mcs50_b06m_s40.B04
Reading graphs...
40 :  118
40 :  120
Initializing...
maxdom : 40
D->valSize : 1600
Solving...
currentSize : 14 <-- 0.058613 s
currentSize : 15 <-- 0.058666 s
currentSize : 17 <-- 0.060421 s
currentSize : 18 <-- 0.084492 s
currentSize : 19 <-- 0.231199 s
currentSize : 20 <-- 0.515523 s
currentSize : 21 <-- 0.712063 s
currentSize : 22 <-- 25.194572 s
currentSize : 23 <-- 249.990143 s

TIMEOUT
maxsize : 23
nodes : 171336587.000000
filtered : 4370296053.000000
time : 1000.000000
