Parameters: GAD=1 vflib=1 dir=0 label=0 lowerbound=1 fileNameGp=../../cp2016-max-common-connected-subgraph-paper/datasets/graphsdb/mcs50/rand/r01/mcs50_r01_s35.A03 fileNameGt=../../cp2016-max-common-connected-subgraph-paper/datasets/graphsdb/mcs50/rand/r01/mcs50_r01_s35.B03
Reading graphs...
35 :  113
35 :  111
Initializing...
maxdom : 35
D->valSize : 1225
Solving...
currentSize : 12 <-- 0.018935 s
currentSize : 13 <-- 0.018986 s
currentSize : 14 <-- 0.021059 s
currentSize : 15 <-- 0.030924 s
currentSize : 16 <-- 0.041827 s
currentSize : 17 <-- 0.057304 s
currentSize : 18 <-- 0.068800 s
currentSize : 19 <-- 1.202540 s
currentSize : 20 <-- 163.966873 s
currentSize : 21 <-- 827.680237 s

TIMEOUT
maxsize : 21
nodes : 184026666.000000
filtered : 4347313377.000000
time : 1000.000000
