Parameters: GAD=1 vflib=1 dir=0 label=0 lowerbound=1 fileNameGp=../../cp2016-max-common-connected-subgraph-paper/datasets/graphsdb/mcs50/bvg/b06/mcs50_b06_s35.A06 fileNameGt=../../cp2016-max-common-connected-subgraph-paper/datasets/graphsdb/mcs50/bvg/b06/mcs50_b06_s35.B06
Reading graphs...
35 :  102
35 :  104
Initializing...
maxdom : 35
D->valSize : 1225
Solving...
currentSize : 15 <-- 0.019193 s
currentSize : 16 <-- 0.019627 s
currentSize : 17 <-- 0.031736 s
currentSize : 18 <-- 0.043656 s
currentSize : 19 <-- 3.325476 s
currentSize : 20 <-- 28.817827 s
currentSize : 21 <-- 253.243301 s
currentSize : 22 <-- 740.446106 s

TIMEOUT
maxsize : 22
nodes : 176240959.000000
filtered : 4623112202.000000
time : 1000.000000
