Parameters: GAD=1 vflib=1 dir=0 label=0 lowerbound=1 fileNameGp=../../cp2016-max-common-connected-subgraph-paper/datasets/graphsdb/mcs50/rand/r005/mcs50_r005_s40.A02 fileNameGt=../../cp2016-max-common-connected-subgraph-paper/datasets/graphsdb/mcs50/rand/r005/mcs50_r005_s40.B02
Reading graphs...
40 :  78
40 :  77
Initializing...
maxdom : 40
D->valSize : 1600
Solving...
currentSize : 20 <-- 0.035271 s
currentSize : 21 <-- 0.035288 s
currentSize : 22 <-- 0.049622 s
currentSize : 23 <-- 0.263853 s
currentSize : 24 <-- 0.268983 s
currentSize : 25 <-- 3.073812 s
currentSize : 26 <-- 10.090439 s
currentSize : 27 <-- 18.911720 s

TIMEOUT
maxsize : 27
nodes : 158772282.000000
filtered : 4580922971.000000
time : 1000.000000
