Parameters: GAD=1 vflib=1 dir=0 label=0 lowerbound=1 fileNameGp=../../cp2016-max-common-connected-subgraph-paper/datasets/graphsdb/mcs50/bvg/b09m/mcs50_b09m_s25.A09 fileNameGt=../../cp2016-max-common-connected-subgraph-paper/datasets/graphsdb/mcs50/bvg/b09m/mcs50_b09m_s25.B09
Reading graphs...
25 :  106
25 :  104
Initializing...
maxdom : 25
D->valSize : 625
Solving...
currentSize : 9 <-- 0.007778 s
currentSize : 10 <-- 0.007903 s
currentSize : 11 <-- 0.008000 s
currentSize : 12 <-- 0.011688 s
currentSize : 13 <-- 0.013591 s
currentSize : 14 <-- 11.861446 s

maxsize : 14
nodes : 3926127.000000
filtered : 56736797.000000
time : 15.172791
