Parameters: GAD=1 vflib=1 dir=0 label=0 lowerbound=1 fileNameGp=../../cp2016-max-common-connected-subgraph-paper/datasets/graphsdb/mcs50/bvg/b09/mcs50_b09_s50.A05 fileNameGt=../../cp2016-max-common-connected-subgraph-paper/datasets/graphsdb/mcs50/bvg/b09/mcs50_b09_s50.B05
Reading graphs...
50 :  219
50 :  222
Initializing...
maxdom : 50
D->valSize : 2500
Solving...
currentSize : 14 <-- 0.085747 s
currentSize : 15 <-- 0.085770 s
currentSize : 16 <-- 0.085819 s
currentSize : 17 <-- 0.087491 s
currentSize : 18 <-- 0.093052 s
currentSize : 19 <-- 0.112220 s
currentSize : 20 <-- 0.457194 s
currentSize : 21 <-- 1.785864 s
currentSize : 22 <-- 1.801680 s
currentSize : 23 <-- 179.655014 s
currentSize : 24 <-- 501.474762 s
currentSize : 25 <-- 588.297485 s

TIMEOUT
maxsize : 25
nodes : 158186008.000000
filtered : 3805852314.000000
time : 1000.000000
