Parameters: GAD=1 vflib=1 dir=0 label=0 lowerbound=1 fileNameGp=../../cp2016-max-common-connected-subgraph-paper/datasets/graphsdb/mcs50/bvg/b03/mcs50_b03_s25.A00 fileNameGt=../../cp2016-max-common-connected-subgraph-paper/datasets/graphsdb/mcs50/bvg/b03/mcs50_b03_s25.B00
Reading graphs...
25 :  37
25 :  37
Initializing...
maxdom : 25
D->valSize : 625
Solving...
currentSize : 8 <-- 0.005193 s
currentSize : 9 <-- 0.005209 s
currentSize : 12 <-- 0.005228 s
currentSize : 13 <-- 0.005893 s
currentSize : 14 <-- 0.006011 s
currentSize : 15 <-- 0.012112 s
currentSize : 16 <-- 0.042827 s
currentSize : 17 <-- 0.043236 s
currentSize : 18 <-- 1.401753 s
currentSize : 19 <-- 1.954583 s

maxsize : 19
nodes : 770998.000000
filtered : 11269684.000000
time : 2.898525
