Parameters: GAD=1 vflib=1 dir=0 label=0 lowerbound=1 fileNameGp=../../cp2016-max-common-connected-subgraph-paper/datasets/graphsdb/mcs50/m2D/m2Dr4/mcs50_m2Dr4_s20.A01 fileNameGt=../../cp2016-max-common-connected-subgraph-paper/datasets/graphsdb/mcs50/m2D/m2Dr4/mcs50_m2Dr4_s20.B01
Reading graphs...
20 :  36
20 :  36
Initializing...
maxdom : 20
D->valSize : 400
Solving...
currentSize : 7 <-- 0.003626 s
currentSize : 8 <-- 0.003672 s
currentSize : 9 <-- 0.003713 s
currentSize : 10 <-- 0.003809 s
currentSize : 11 <-- 0.005745 s
currentSize : 12 <-- 0.006381 s
currentSize : 13 <-- 0.153533 s
currentSize : 14 <-- 0.409692 s

maxsize : 14
nodes : 149449.000000
filtered : 1681375.000000
time : 0.533033
