Parameters: GAD=1 vflib=1 dir=0 label=0 lowerbound=1 fileNameGp=../../cp2016-max-common-connected-subgraph-paper/datasets/graphsdb/mcs50/bvg/b09/mcs50_b09_s50.A02 fileNameGt=../../cp2016-max-common-connected-subgraph-paper/datasets/graphsdb/mcs50/bvg/b09/mcs50_b09_s50.B02
Reading graphs...
50 :  221
50 :  223
Initializing...
maxdom : 50
D->valSize : 2500
Solving...
currentSize : 17 <-- 0.108274 s
currentSize : 18 <-- 0.111498 s
currentSize : 19 <-- 0.112324 s
currentSize : 20 <-- 0.133829 s
currentSize : 21 <-- 0.270219 s
currentSize : 22 <-- 1.681558 s
currentSize : 23 <-- 14.489360 s

TIMEOUT
maxsize : 23
nodes : 159212211.000000
filtered : 3569097268.000000
time : 1000.000000
