Parameters: GAD=1 vflib=1 dir=0 label=0 lowerbound=1 fileNameGp=../../cp2016-max-common-connected-subgraph-paper/datasets/graphsdb/mcs50/m4D/m4Dr6/mcs50_m4Dr6_s30.A04 fileNameGt=../../cp2016-max-common-connected-subgraph-paper/datasets/graphsdb/mcs50/m4D/m4Dr6/mcs50_m4Dr6_s30.B04
Reading graphs...
30 :  71
30 :  71
Initializing...
maxdom : 30
D->valSize : 900
Solving...
currentSize : 9 <-- 0.010328 s
currentSize : 10 <-- 0.010461 s
currentSize : 12 <-- 0.012723 s
currentSize : 13 <-- 0.012758 s
currentSize : 14 <-- 0.018541 s
currentSize : 15 <-- 0.019411 s
currentSize : 16 <-- 0.033557 s
currentSize : 17 <-- 0.331333 s
currentSize : 18 <-- 1.119853 s
currentSize : 19 <-- 2.614166 s

maxsize : 19
nodes : 15287405.000000
filtered : 354713895.000000
time : 75.394981
