Parameters: GAD=1 vflib=1 dir=0 label=0 lowerbound=1 fileNameGp=../../cp2016-max-common-connected-subgraph-paper/datasets/graphsdb/mcs50/m4D/m4D/mcs50_m4D_s35.A09 fileNameGt=../../cp2016-max-common-connected-subgraph-paper/datasets/graphsdb/mcs50/m4D/m4D/mcs50_m4D_s35.B09
Reading graphs...
35 :  62
35 :  63
Initializing...
maxdom : 35
D->valSize : 1225
Solving...
currentSize : 12 <-- 0.036324 s
currentSize : 13 <-- 0.037292 s
currentSize : 14 <-- 0.037337 s
currentSize : 15 <-- 0.039607 s
currentSize : 16 <-- 0.089632 s
currentSize : 19 <-- 0.264859 s
currentSize : 21 <-- 0.265558 s
currentSize : 22 <-- 0.273254 s
currentSize : 23 <-- 16.487158 s

TIMEOUT
maxsize : 23
nodes : 203559144.000000
filtered : 3855004463.000000
time : 1000.000061
