Parameters: GAD=1 vflib=1 dir=0 label=0 lowerbound=1 fileNameGp=../../cp2016-max-common-connected-subgraph-paper/datasets/graphsdb/mcs50/m2D/m2D/mcs50_m2D_s50.A05 fileNameGt=../../cp2016-max-common-connected-subgraph-paper/datasets/graphsdb/mcs50/m2D/m2D/mcs50_m2D_s50.B05
Reading graphs...
50 :  84
50 :  85
Initializing...
maxdom : 50
D->valSize : 2500
Solving...
currentSize : 20 <-- 0.114056 s
currentSize : 21 <-- 0.114244 s
currentSize : 22 <-- 0.114290 s
currentSize : 23 <-- 0.114299 s
currentSize : 24 <-- 0.114672 s
currentSize : 25 <-- 0.118733 s
currentSize : 26 <-- 0.753807 s
currentSize : 27 <-- 1.547678 s
currentSize : 28 <-- 3.611041 s
currentSize : 29 <-- 44.459095 s
currentSize : 30 <-- 47.597923 s
currentSize : 31 <-- 409.514709 s

TIMEOUT
maxsize : 31
nodes : 188932932.000000
filtered : 2947421892.000000
time : 1000.000061
