Parameters: GAD=1 vflib=1 dir=0 label=0 lowerbound=1 fileNameGp=../../cp2016-max-common-connected-subgraph-paper/datasets/graphsdb/mcs50/m3D/m3Dr2/mcs50_m3Dr2_s50.A09 fileNameGt=../../cp2016-max-common-connected-subgraph-paper/datasets/graphsdb/mcs50/m3D/m3Dr2/mcs50_m3Dr2_s50.B09
Reading graphs...
50 :  119
50 :  116
Initializing...
maxdom : 50
D->valSize : 2500
Solving...
currentSize : 21 <-- 0.144695 s
currentSize : 22 <-- 0.154220 s
currentSize : 23 <-- 0.208096 s
currentSize : 24 <-- 0.220439 s
currentSize : 25 <-- 0.223494 s
currentSize : 26 <-- 1.154074 s
currentSize : 27 <-- 1.813043 s
currentSize : 28 <-- 2.534371 s
currentSize : 29 <-- 2.604876 s
currentSize : 30 <-- 167.671738 s
currentSize : 31 <-- 458.143524 s

TIMEOUT
maxsize : 31
nodes : 149324532.000000
filtered : 4205060819.000000
time : 1000.000061
