Parameters: GAD=1 vflib=1 dir=0 label=0 lowerbound=1 fileNameGp=../../cp2016-max-common-connected-subgraph-paper/datasets/graphsdb/mcs50/bvg/b09m/mcs50_b09m_s50.A03 fileNameGt=../../cp2016-max-common-connected-subgraph-paper/datasets/graphsdb/mcs50/bvg/b09m/mcs50_b09m_s50.B03
Reading graphs...
50 :  215
50 :  214
Initializing...
maxdom : 50
D->valSize : 2500
Solving...
currentSize : 17 <-- 0.086672 s
currentSize : 18 <-- 0.097599 s
currentSize : 19 <-- 0.225600 s
currentSize : 20 <-- 0.226470 s
currentSize : 21 <-- 1.247884 s
currentSize : 22 <-- 19.445604 s
currentSize : 23 <-- 31.178616 s
currentSize : 24 <-- 545.115173 s

TIMEOUT
maxsize : 24
nodes : 164013341.000000
filtered : 3494397094.000000
time : 1000.000061
