Parameters: GAD=1 vflib=1 dir=0 label=0 lowerbound=1 fileNameGp=../../cp2016-max-common-connected-subgraph-paper/datasets/graphsdb/mcs50/m2D/m2D/mcs50_m2D_s30.A02 fileNameGt=../../cp2016-max-common-connected-subgraph-paper/datasets/graphsdb/mcs50/m2D/m2D/mcs50_m2D_s30.B02
Reading graphs...
30 :  49
30 :  49
Initializing...
maxdom : 30
D->valSize : 900
Solving...
currentSize : 13 <-- 0.011074 s
currentSize : 15 <-- 0.011108 s
currentSize : 17 <-- 0.011172 s
currentSize : 18 <-- 0.036605 s
currentSize : 19 <-- 0.132710 s
currentSize : 20 <-- 6.513892 s
currentSize : 21 <-- 25.289742 s

maxsize : 21
nodes : 24569673.000000
filtered : 478124258.000000
time : 114.813408
