Parameters: GAD=1 vflib=1 dir=0 label=0 lowerbound=1 fileNameGp=../../cp2016-max-common-connected-subgraph-paper/datasets/graphsdb/mcs50/bvg/b09/mcs50_b09_s35.A08 fileNameGt=../../cp2016-max-common-connected-subgraph-paper/datasets/graphsdb/mcs50/bvg/b09/mcs50_b09_s35.B08
Reading graphs...
35 :  156
35 :  155
Initializing...
maxdom : 35
D->valSize : 1225
Solving...
currentSize : 13 <-- 0.031954 s
currentSize : 14 <-- 0.032348 s
currentSize : 15 <-- 0.041143 s
currentSize : 16 <-- 0.422200 s
currentSize : 17 <-- 9.679026 s
currentSize : 18 <-- 26.726904 s
currentSize : 19 <-- 101.571152 s

TIMEOUT
maxsize : 19
nodes : 180173726.000000
filtered : 4629465489.000000
time : 1000.000000
