Parameters: GAD=1 vflib=1 dir=0 label=0 lowerbound=1 fileNameGp=../../cp2016-max-common-connected-subgraph-paper/datasets/graphsdb/mcs50/m4D/m4Dr6/mcs50_m4Dr6_s35.A03 fileNameGt=../../cp2016-max-common-connected-subgraph-paper/datasets/graphsdb/mcs50/m4D/m4Dr6/mcs50_m4Dr6_s35.B03
Reading graphs...
35 :  82
35 :  79
Initializing...
maxdom : 35
D->valSize : 1225
Solving...
currentSize : 15 <-- 0.020011 s
currentSize : 16 <-- 0.021852 s
currentSize : 17 <-- 0.064397 s
currentSize : 18 <-- 0.135814 s
currentSize : 19 <-- 0.456198 s
currentSize : 20 <-- 4.920648 s
currentSize : 21 <-- 36.161442 s
currentSize : 22 <-- 213.417358 s
currentSize : 23 <-- 721.834595 s

TIMEOUT
maxsize : 23
nodes : 187019596.000000
filtered : 4668215315.000000
time : 1000.000000
