Parameters: GAD=1 vflib=1 dir=0 label=0 lowerbound=1 fileNameGp=../../cp2016-max-common-connected-subgraph-paper/datasets/graphsdb/mcs50/bvg/b06/mcs50_b06_s30.A05 fileNameGt=../../cp2016-max-common-connected-subgraph-paper/datasets/graphsdb/mcs50/bvg/b06/mcs50_b06_s30.B05
Reading graphs...
30 :  86
30 :  90
Initializing...
maxdom : 30
D->valSize : 900
Solving...
currentSize : 12 <-- 0.010154 s
currentSize : 13 <-- 0.010189 s
currentSize : 14 <-- 0.011158 s
currentSize : 15 <-- 0.011924 s
currentSize : 16 <-- 0.051148 s
currentSize : 17 <-- 0.238765 s
currentSize : 18 <-- 2.005677 s
currentSize : 19 <-- 3.701347 s
currentSize : 20 <-- 26.866985 s

maxsize : 20
nodes : 6806446.000000
filtered : 193381093.000000
time : 37.249168
