Parameters: GAD=1 vflib=1 dir=0 label=0 lowerbound=1 fileNameGp=../../cp2016-max-common-connected-subgraph-paper/datasets/graphsdb/mcs50/rand/r01/mcs50_r01_s40.A06 fileNameGt=../../cp2016-max-common-connected-subgraph-paper/datasets/graphsdb/mcs50/rand/r01/mcs50_r01_s40.B06
Reading graphs...
40 :  152
40 :  149
Initializing...
maxdom : 40
D->valSize : 1600
Solving...
currentSize : 14 <-- 0.032527 s
currentSize : 15 <-- 0.032653 s
currentSize : 16 <-- 0.033222 s
currentSize : 17 <-- 0.033763 s
currentSize : 18 <-- 0.035003 s
currentSize : 19 <-- 0.529915 s
currentSize : 20 <-- 10.013481 s
currentSize : 21 <-- 259.168365 s
currentSize : 22 <-- 820.260071 s

TIMEOUT
maxsize : 22
nodes : 179595597.000000
filtered : 4042904656.000000
time : 1000.000061
