Parameters: GAD=1 vflib=1 dir=0 label=0 lowerbound=1 fileNameGp=../../cp2016-max-common-connected-subgraph-paper/datasets/graphsdb/mcs50/rand/r005/mcs50_r005_s40.A00 fileNameGt=../../cp2016-max-common-connected-subgraph-paper/datasets/graphsdb/mcs50/rand/r005/mcs50_r005_s40.B00
Reading graphs...
40 :  77
40 :  78
Initializing...
maxdom : 40
D->valSize : 1600
Solving...
currentSize : 19 <-- 0.057171 s
currentSize : 20 <-- 0.057891 s
currentSize : 21 <-- 0.059233 s
currentSize : 22 <-- 0.061767 s
currentSize : 23 <-- 0.065547 s
currentSize : 24 <-- 0.299031 s
currentSize : 25 <-- 31.001629 s
currentSize : 26 <-- 58.917347 s

TIMEOUT
maxsize : 26
nodes : 166271072.000000
filtered : 4046900318.000000
time : 1000.000000
