Parameters: GAD=1 vflib=1 dir=0 label=0 lowerbound=1 fileNameGp=../../cp2016-max-common-connected-subgraph-paper/datasets/graphsdb/mcs50/m3D/m3D/mcs50_m3D_s50.A07 fileNameGt=../../cp2016-max-common-connected-subgraph-paper/datasets/graphsdb/mcs50/m3D/m3D/mcs50_m3D_s50.B07
Reading graphs...
50 :  109
50 :  109
Initializing...
maxdom : 50
D->valSize : 2500
Solving...
currentSize : 19 <-- 0.148119 s
currentSize : 21 <-- 0.148372 s
currentSize : 23 <-- 0.148855 s
currentSize : 24 <-- 0.151865 s
currentSize : 25 <-- 1.595258 s
currentSize : 26 <-- 1.621111 s
currentSize : 27 <-- 3.786435 s
currentSize : 28 <-- 6.626993 s
currentSize : 29 <-- 8.945229 s
currentSize : 30 <-- 22.035889 s
currentSize : 31 <-- 22.255823 s
currentSize : 32 <-- 22.255836 s

TIMEOUT
maxsize : 32
nodes : 134136466.000000
filtered : 4238646871.000000
time : 1000.000061
