Parameters: GAD=1 vflib=1 dir=0 label=0 lowerbound=1 fileNameGp=../../cp2016-max-common-connected-subgraph-paper/datasets/graphsdb/mcs50/m2D/m2Dr4/mcs50_m2Dr4_s50.A09 fileNameGt=../../cp2016-max-common-connected-subgraph-paper/datasets/graphsdb/mcs50/m2D/m2Dr4/mcs50_m2Dr4_s50.B09
Reading graphs...
50 :  104
50 :  102
Initializing...
maxdom : 50
D->valSize : 2500
Solving...
currentSize : 21 <-- 0.161017 s
currentSize : 22 <-- 0.163612 s
currentSize : 23 <-- 0.168168 s
currentSize : 24 <-- 0.208694 s
currentSize : 25 <-- 5.135826 s
currentSize : 26 <-- 12.457290 s
currentSize : 27 <-- 236.194901 s
currentSize : 28 <-- 243.274338 s

TIMEOUT
maxsize : 28
nodes : 203428571.000000
filtered : 2512242076.000000
time : 1000.000061
