Parameters: GAD=1 vflib=1 dir=0 label=0 lowerbound=1 fileNameGp=../../cp2016-max-common-connected-subgraph-paper/datasets/graphsdb/mcs50/bvg/b03/mcs50_b03_s40.A03 fileNameGt=../../cp2016-max-common-connected-subgraph-paper/datasets/graphsdb/mcs50/bvg/b03/mcs50_b03_s40.B03
Reading graphs...
40 :  60
40 :  60
Initializing...
maxdom : 40
D->valSize : 1600
Solving...
currentSize : 15 <-- 0.057589 s
currentSize : 18 <-- 0.057784 s
currentSize : 21 <-- 0.058058 s
currentSize : 23 <-- 0.058341 s
currentSize : 24 <-- 1.248875 s
currentSize : 25 <-- 6.001978 s
currentSize : 26 <-- 47.016705 s

TIMEOUT
maxsize : 26
nodes : 228161930.000000
filtered : 2969173382.000000
time : 1000.000000
