Parameters: GAD=1 vflib=1 dir=0 label=0 lowerbound=1 fileNameGp=../../cp2016-max-common-connected-subgraph-paper/datasets/graphsdb/mcs50/bvg/b09/mcs50_b09_s30.A08 fileNameGt=../../cp2016-max-common-connected-subgraph-paper/datasets/graphsdb/mcs50/bvg/b09/mcs50_b09_s30.B08
Reading graphs...
30 :  133
30 :  129
Initializing...
maxdom : 30
D->valSize : 900
Solving...
currentSize : 8 <-- 0.016799 s
currentSize : 9 <-- 0.016829 s
currentSize : 10 <-- 0.016955 s
currentSize : 11 <-- 0.017053 s
currentSize : 12 <-- 0.017066 s
currentSize : 14 <-- 0.017145 s
currentSize : 15 <-- 0.362607 s
currentSize : 16 <-- 0.408048 s
currentSize : 17 <-- 2.153531 s

maxsize : 17
nodes : 10226051.000000
filtered : 244345274.000000
time : 51.033440
