Parameters: GAD=1 vflib=1 dir=0 label=0 lowerbound=1 fileNameGp=../../cp2016-max-common-connected-subgraph-paper/datasets/graphsdb/mcs50/m4D/m4Dr6/mcs50_m4Dr6_s30.A07 fileNameGt=../../cp2016-max-common-connected-subgraph-paper/datasets/graphsdb/mcs50/m4D/m4Dr6/mcs50_m4Dr6_s30.B07
Reading graphs...
30 :  69
30 :  70
Initializing...
maxdom : 30
D->valSize : 900
Solving...
currentSize : 11 <-- 0.010609 s
currentSize : 15 <-- 0.010651 s
currentSize : 16 <-- 0.010658 s
currentSize : 17 <-- 0.027643 s
currentSize : 18 <-- 0.214995 s
currentSize : 19 <-- 2.714419 s
currentSize : 20 <-- 8.083146 s

maxsize : 20
nodes : 7614163.000000
filtered : 195040779.000000
time : 39.582951
