Parameters: GAD=1 vflib=1 dir=0 label=0 lowerbound=1 fileNameGp=../../cp2016-max-common-connected-subgraph-paper/datasets/graphsdb/mcs50/bvg/b06/mcs50_b06_s40.A06 fileNameGt=../../cp2016-max-common-connected-subgraph-paper/datasets/graphsdb/mcs50/bvg/b06/mcs50_b06_s40.B06
Reading graphs...
40 :  118
40 :  118
Initializing...
maxdom : 40
D->valSize : 1600
Solving...
currentSize : 16 <-- 0.033570 s
currentSize : 17 <-- 0.033601 s
currentSize : 18 <-- 0.033941 s
currentSize : 19 <-- 0.034464 s
currentSize : 20 <-- 0.670714 s
currentSize : 21 <-- 18.759695 s
currentSize : 22 <-- 29.412333 s
currentSize : 23 <-- 40.394554 s
currentSize : 24 <-- 69.021278 s
currentSize : 26 <-- 881.176025 s
currentSize : 27 <-- 881.427917 s

TIMEOUT
maxsize : 27
nodes : 148331941.000000
filtered : 5107430961.000000
time : 1000.000000
