Parameters: GAD=1 vflib=1 dir=0 label=0 lowerbound=1 fileNameGp=../../cp2016-max-common-connected-subgraph-paper/datasets/graphsdb/mcs50/bvg/b03/mcs50_b03_s40.A00 fileNameGt=../../cp2016-max-common-connected-subgraph-paper/datasets/graphsdb/mcs50/bvg/b03/mcs50_b03_s40.B00
Reading graphs...
40 :  60
40 :  60
Initializing...
maxdom : 40
D->valSize : 1600
Solving...
currentSize : 20 <-- 0.036432 s
currentSize : 23 <-- 0.036513 s
currentSize : 24 <-- 0.060733 s
currentSize : 25 <-- 0.060754 s
currentSize : 26 <-- 0.284799 s
currentSize : 27 <-- 1.301807 s
currentSize : 28 <-- 1.301826 s
currentSize : 29 <-- 86.286232 s

TIMEOUT
maxsize : 29
nodes : 153303485.000000
filtered : 4394695546.000000
time : 1000.000000
