Parameters: GAD=1 vflib=1 dir=0 label=0 lowerbound=1 fileNameGp=../../cp2016-max-common-connected-subgraph-paper/datasets/graphsdb/mcs50/rand/r005/mcs50_r005_s35.A00 fileNameGt=../../cp2016-max-common-connected-subgraph-paper/datasets/graphsdb/mcs50/rand/r005/mcs50_r005_s35.B00
Reading graphs...
35 :  61
35 :  62
Initializing...
maxdom : 35
D->valSize : 1225
Solving...
currentSize : 17 <-- 0.036931 s
currentSize : 18 <-- 0.036969 s
currentSize : 19 <-- 0.052678 s
currentSize : 20 <-- 0.073329 s
currentSize : 21 <-- 0.114531 s
currentSize : 22 <-- 1.359219 s
currentSize : 23 <-- 22.730560 s
currentSize : 24 <-- 49.868031 s

maxsize : 24
nodes : 152721488.000000
filtered : 3382093864.000000
time : 808.905151
