Parameters: GAD=1 vflib=1 dir=0 label=0 lowerbound=1 fileNameGp=../../cp2016-max-common-connected-subgraph-paper/datasets/graphsdb/mcs50/bvg/b09m/mcs50_b09m_s25.A03 fileNameGt=../../cp2016-max-common-connected-subgraph-paper/datasets/graphsdb/mcs50/bvg/b09m/mcs50_b09m_s25.B03
Reading graphs...
25 :  102
25 :  102
Initializing...
maxdom : 25
D->valSize : 625
Solving...
currentSize : 8 <-- 0.007696 s
currentSize : 9 <-- 0.007775 s
currentSize : 10 <-- 0.007945 s
currentSize : 11 <-- 0.008206 s
currentSize : 12 <-- 0.008324 s
currentSize : 13 <-- 0.011695 s
currentSize : 14 <-- 0.109836 s

maxsize : 14
nodes : 2182477.000000
filtered : 35158362.000000
time : 8.934669
