Parameters: GAD=1 vflib=1 dir=0 label=0 lowerbound=1 fileNameGp=../../cp2016-max-common-connected-subgraph-paper/datasets/graphsdb/mcs50/rand/r005/mcs50_r005_s25.A03 fileNameGt=../../cp2016-max-common-connected-subgraph-paper/datasets/graphsdb/mcs50/rand/r005/mcs50_r005_s25.B03
Reading graphs...
25 :  35
25 :  34
Initializing...
maxdom : 25
D->valSize : 625
Solving...
currentSize : 14 <-- 0.008971 s
currentSize : 15 <-- 0.010500 s
currentSize : 16 <-- 0.011518 s
currentSize : 17 <-- 0.029528 s
currentSize : 18 <-- 0.158513 s
currentSize : 19 <-- 2.472737 s

maxsize : 19
nodes : 748475.000000
filtered : 11215163.000000
time : 2.839941
