Parameters: GAD=1 vflib=1 dir=0 label=0 lowerbound=1 fileNameGp=../../cp2016-max-common-connected-subgraph-paper/datasets/graphsdb/mcs50/rand/r01/mcs50_r01_s30.A00 fileNameGt=../../cp2016-max-common-connected-subgraph-paper/datasets/graphsdb/mcs50/rand/r01/mcs50_r01_s30.B00
Reading graphs...
30 :  81
30 :  80
Initializing...
maxdom : 30
D->valSize : 900
Solving...
currentSize : 10 <-- 0.010452 s
currentSize : 11 <-- 0.010479 s
currentSize : 13 <-- 0.010522 s
currentSize : 14 <-- 0.011031 s
currentSize : 15 <-- 0.012091 s
currentSize : 17 <-- 0.012117 s
currentSize : 18 <-- 18.938120 s

maxsize : 18
nodes : 81527698.000000
filtered : 1574458895.000000
time : 367.681824
