Parameters: GAD=1 vflib=1 dir=0 label=0 lowerbound=1 fileNameGp=../../cp2016-max-common-connected-subgraph-paper/datasets/graphsdb/mcs50/m4D/m4Dr4/mcs50_m4Dr4_s30.A05 fileNameGt=../../cp2016-max-common-connected-subgraph-paper/datasets/graphsdb/mcs50/m4D/m4Dr4/mcs50_m4Dr4_s30.B05
Reading graphs...
30 :  66
30 :  63
Initializing...
maxdom : 30
D->valSize : 900
Solving...
currentSize : 14 <-- 0.018811 s
currentSize : 16 <-- 0.018982 s
currentSize : 17 <-- 0.132405 s
currentSize : 18 <-- 0.618195 s
currentSize : 19 <-- 0.902911 s
currentSize : 20 <-- 1.487483 s

maxsize : 20
nodes : 8801995.000000
filtered : 239816384.000000
time : 46.992767
