Parameters: GAD=1 vflib=1 dir=0 label=0 lowerbound=1 fileNameGp=../../cp2016-max-common-connected-subgraph-paper/datasets/graphsdb/mcs50/m4D/m4Dr6/mcs50_m4Dr6_s35.A07 fileNameGt=../../cp2016-max-common-connected-subgraph-paper/datasets/graphsdb/mcs50/m4D/m4Dr6/mcs50_m4Dr6_s35.B07
Reading graphs...
35 :  83
35 :  82
Initializing...
maxdom : 35
D->valSize : 1225
Solving...
currentSize : 17 <-- 0.020149 s
currentSize : 18 <-- 0.027125 s
currentSize : 19 <-- 0.092636 s
currentSize : 20 <-- 0.122691 s
currentSize : 21 <-- 13.385702 s
currentSize : 22 <-- 163.612915 s
currentSize : 23 <-- 270.020172 s

maxsize : 23
nodes : 137917468.000000
filtered : 3653860887.000000
time : 764.607666
