Parameters: GAD=1 vflib=1 dir=0 label=0 lowerbound=1 fileNameGp=../../cp2016-max-common-connected-subgraph-paper/datasets/graphsdb/mcs50/m4D/m4Dr2/mcs50_m4Dr2_s40.A00 fileNameGt=../../cp2016-max-common-connected-subgraph-paper/datasets/graphsdb/mcs50/m4D/m4Dr2/mcs50_m4Dr2_s40.B00
Reading graphs...
40 :  78
40 :  75
Initializing...
maxdom : 40
D->valSize : 1600
Solving...
currentSize : 17 <-- 0.035327 s
currentSize : 18 <-- 0.035351 s
currentSize : 19 <-- 0.035374 s
currentSize : 20 <-- 0.047804 s
currentSize : 21 <-- 0.380467 s
currentSize : 22 <-- 11.331340 s
currentSize : 23 <-- 101.282143 s
currentSize : 24 <-- 210.788254 s
currentSize : 25 <-- 210.835052 s
currentSize : 26 <-- 210.910751 s
currentSize : 27 <-- 841.881042 s

TIMEOUT
maxsize : 27
nodes : 192290316.000000
filtered : 3623986600.000000
time : 1000.000000
