Parameters: GAD=1 vflib=1 dir=0 label=0 lowerbound=1 fileNameGp=../../cp2016-max-common-connected-subgraph-paper/datasets/graphsdb/mcs50/m4D/m4Dr2/mcs50_m4Dr2_s35.A03 fileNameGt=../../cp2016-max-common-connected-subgraph-paper/datasets/graphsdb/mcs50/m4D/m4Dr2/mcs50_m4Dr2_s35.B03
Reading graphs...
35 :  70
35 :  69
Initializing...
maxdom : 35
D->valSize : 1225
Solving...
currentSize : 15 <-- 0.035754 s
currentSize : 16 <-- 0.035789 s
currentSize : 17 <-- 0.036032 s
currentSize : 18 <-- 0.036407 s
currentSize : 19 <-- 0.038522 s
currentSize : 20 <-- 0.053041 s
currentSize : 21 <-- 0.488551 s
currentSize : 22 <-- 3.838952 s

TIMEOUT
maxsize : 22
nodes : 203297151.000000
filtered : 3859223646.000000
time : 1000.000000
