Parameters: GAD=1 vflib=1 dir=0 label=0 lowerbound=1 fileNameGp=../../cp2016-max-common-connected-subgraph-paper/datasets/graphsdb/mcs50/bvg/b06/mcs50_b06_s35.A03 fileNameGt=../../cp2016-max-common-connected-subgraph-paper/datasets/graphsdb/mcs50/bvg/b06/mcs50_b06_s35.B03
Reading graphs...
35 :  104
35 :  104
Initializing...
maxdom : 35
D->valSize : 1225
Solving...
currentSize : 15 <-- 0.032776 s
currentSize : 16 <-- 0.032825 s
currentSize : 17 <-- 0.033109 s
currentSize : 18 <-- 0.036820 s
currentSize : 19 <-- 0.050790 s
currentSize : 20 <-- 0.056849 s
currentSize : 22 <-- 8.079417 s

maxsize : 22
nodes : 75778113.000000
filtered : 2673481162.000000
time : 477.598114
