Parameters: GAD=1 vflib=1 dir=0 label=0 lowerbound=1 fileNameGp=../../cp2016-max-common-connected-subgraph-paper/datasets/graphsdb/mcs50/m2D/m2Dr2/mcs50_m2Dr2_s40.A08 fileNameGt=../../cp2016-max-common-connected-subgraph-paper/datasets/graphsdb/mcs50/m2D/m2Dr2/mcs50_m2Dr2_s40.B08
Reading graphs...
40 :  75
40 :  75
Initializing...
maxdom : 40
D->valSize : 1600
Solving...
currentSize : 15 <-- 0.035661 s
currentSize : 19 <-- 0.035743 s
currentSize : 20 <-- 0.119669 s
currentSize : 21 <-- 0.184372 s
currentSize : 22 <-- 2.022544 s
currentSize : 23 <-- 4.204685 s
currentSize : 24 <-- 44.562008 s
currentSize : 25 <-- 143.880798 s
currentSize : 26 <-- 687.670227 s

TIMEOUT
maxsize : 26
nodes : 192599516.000000
filtered : 3551121097.000000
time : 1000.000000
