Parameters: GAD=1 vflib=1 dir=0 label=0 lowerbound=1 fileNameGp=../../cp2016-max-common-connected-subgraph-paper/datasets/graphsdb/mcs50/m2D/m2Dr2/mcs50_m2Dr2_s30.A02 fileNameGt=../../cp2016-max-common-connected-subgraph-paper/datasets/graphsdb/mcs50/m2D/m2Dr2/mcs50_m2Dr2_s30.B02
Reading graphs...
30 :  54
30 :  53
Initializing...
maxdom : 30
D->valSize : 900
Solving...
currentSize : 14 <-- 0.011400 s
currentSize : 15 <-- 0.012466 s
currentSize : 17 <-- 0.012795 s
currentSize : 18 <-- 0.012866 s
currentSize : 19 <-- 0.013019 s
currentSize : 20 <-- 0.042399 s
currentSize : 21 <-- 5.183355 s

maxsize : 21
nodes : 10386574.000000
filtered : 228609152.000000
time : 50.560818
