Parameters: GAD=1 vflib=1 dir=0 label=0 lowerbound=1 fileNameGp=../../cp2016-max-common-connected-subgraph-paper/datasets/graphsdb/mcs50/bvg/b03/mcs50_b03_s40.A09 fileNameGt=../../cp2016-max-common-connected-subgraph-paper/datasets/graphsdb/mcs50/bvg/b03/mcs50_b03_s40.B09
Reading graphs...
40 :  60
40 :  60
Initializing...
maxdom : 40
D->valSize : 1600
Solving...
currentSize : 20 <-- 0.036778 s
currentSize : 21 <-- 0.036898 s
currentSize : 22 <-- 0.039235 s
currentSize : 23 <-- 0.066055 s
currentSize : 24 <-- 6.772114 s
currentSize : 25 <-- 6.788404 s
currentSize : 26 <-- 412.980957 s

TIMEOUT
maxsize : 26
nodes : 240273722.000000
filtered : 3089920619.000000
time : 1000.000061
