Parameters: GAD=1 vflib=1 dir=0 label=0 lowerbound=1 fileNameGp=../../cp2016-max-common-connected-subgraph-paper/datasets/graphsdb/mcs50/rand/r005/mcs50_r005_s25.A06 fileNameGt=../../cp2016-max-common-connected-subgraph-paper/datasets/graphsdb/mcs50/rand/r005/mcs50_r005_s25.B06
Reading graphs...
25 :  35
25 :  34
Initializing...
maxdom : 25
D->valSize : 625
Solving...
currentSize : 9 <-- 0.005368 s
currentSize : 13 <-- 0.005400 s
currentSize : 14 <-- 0.005850 s
currentSize : 15 <-- 0.005893 s
currentSize : 16 <-- 0.006219 s
currentSize : 17 <-- 0.022051 s
currentSize : 18 <-- 0.047576 s

maxsize : 18
nodes : 1068909.000000
filtered : 15247381.000000
time : 4.036895
