Parameters: GAD=1 vflib=1 dir=0 label=0 lowerbound=1 fileNameGp=../../cp2016-max-common-connected-subgraph-paper/datasets/graphsdb/mcs50/m4D/m4Dr4/mcs50_m4Dr4_s40.A06 fileNameGt=../../cp2016-max-common-connected-subgraph-paper/datasets/graphsdb/mcs50/m4D/m4Dr4/mcs50_m4Dr4_s40.B06
Reading graphs...
40 :  82
40 :  85
Initializing...
maxdom : 40
D->valSize : 1600
Solving...
currentSize : 17 <-- 0.061649 s
currentSize : 18 <-- 0.061744 s
currentSize : 19 <-- 0.087455 s
currentSize : 20 <-- 0.310040 s
currentSize : 21 <-- 0.335749 s
currentSize : 22 <-- 0.857620 s
currentSize : 23 <-- 1.683900 s
currentSize : 24 <-- 184.353317 s
currentSize : 25 <-- 185.096085 s
currentSize : 26 <-- 200.666550 s

TIMEOUT
maxsize : 26
nodes : 165562666.000000
filtered : 4222027245.000000
time : 1000.000061
