Parameters: GAD=1 vflib=1 dir=0 label=0 lowerbound=1 fileNameGp=../../cp2016-max-common-connected-subgraph-paper/datasets/graphsdb/mcs50/m2D/m2Dr4/mcs50_m2Dr4_s30.A00 fileNameGt=../../cp2016-max-common-connected-subgraph-paper/datasets/graphsdb/mcs50/m2D/m2Dr4/mcs50_m2Dr4_s30.B00
Reading graphs...
30 :  61
30 :  59
Initializing...
maxdom : 30
D->valSize : 900
Solving...
currentSize : 14 <-- 0.018378 s
currentSize : 15 <-- 0.018401 s
currentSize : 16 <-- 0.018414 s
currentSize : 17 <-- 0.034058 s
currentSize : 18 <-- 0.042083 s
currentSize : 19 <-- 0.120674 s
currentSize : 20 <-- 10.689095 s

maxsize : 20
nodes : 14364453.000000
filtered : 338988647.000000
time : 69.041367
