Parameters: GAD=1 vflib=1 dir=0 label=0 lowerbound=1 fileNameGp=../../cp2016-max-common-connected-subgraph-paper/datasets/graphsdb/mcs50/bvg/b03m/mcs50_b03m_s30.A02 fileNameGt=../../cp2016-max-common-connected-subgraph-paper/datasets/graphsdb/mcs50/bvg/b03m/mcs50_b03m_s30.B02
Reading graphs...
30 :  44
30 :  44
Initializing...
maxdom : 30
D->valSize : 900
Solving...
currentSize : 9 <-- 0.020118 s
currentSize : 11 <-- 0.020180 s
currentSize : 12 <-- 0.020196 s
currentSize : 14 <-- 0.021209 s
currentSize : 16 <-- 0.027264 s
currentSize : 18 <-- 0.028746 s
currentSize : 19 <-- 1.364577 s
currentSize : 20 <-- 2.370939 s
currentSize : 21 <-- 3.122272 s
currentSize : 22 <-- 3.928313 s

maxsize : 22
nodes : 3918604.000000
filtered : 77441979.000000
time : 18.625111
