Parameters: GAD=1 vflib=1 dir=0 label=0 lowerbound=1 fileNameGp=../../cp2016-max-common-connected-subgraph-paper/datasets/graphsdb/mcs50/m2D/m2D/mcs50_m2D_s40.A09 fileNameGt=../../cp2016-max-common-connected-subgraph-paper/datasets/graphsdb/mcs50/m2D/m2D/mcs50_m2D_s40.B09
Reading graphs...
40 :  67
40 :  66
Initializing...
maxdom : 40
D->valSize : 1600
Solving...
currentSize : 18 <-- 0.062090 s
currentSize : 19 <-- 0.062218 s
currentSize : 20 <-- 0.132224 s
currentSize : 21 <-- 2.056403 s
currentSize : 22 <-- 8.775174 s
currentSize : 23 <-- 123.758209 s
currentSize : 24 <-- 155.585876 s
currentSize : 25 <-- 157.767746 s
currentSize : 26 <-- 455.607727 s

TIMEOUT
maxsize : 26
nodes : 220338166.000000
filtered : 3496686946.000000
time : 1000.000000
