Parameters: GAD=1 vflib=1 dir=0 label=0 lowerbound=1 fileNameGp=../../cp2016-max-common-connected-subgraph-paper/datasets/graphsdb/mcs50/m4D/m4Dr6/mcs50_m4Dr6_s30.A03 fileNameGt=../../cp2016-max-common-connected-subgraph-paper/datasets/graphsdb/mcs50/m4D/m4Dr6/mcs50_m4Dr6_s30.B03
Reading graphs...
30 :  73
30 :  72
Initializing...
maxdom : 30
D->valSize : 900
Solving...
currentSize : 12 <-- 0.018431 s
currentSize : 13 <-- 0.019615 s
currentSize : 14 <-- 0.085673 s
currentSize : 15 <-- 1.094939 s
currentSize : 16 <-- 1.098016 s
currentSize : 17 <-- 2.984306 s
currentSize : 18 <-- 5.981369 s
currentSize : 19 <-- 9.819643 s
currentSize : 20 <-- 12.497624 s
currentSize : 21 <-- 21.569124 s

maxsize : 21
nodes : 5237365.000000
filtered : 103807204.000000
time : 24.623968
