Parameters: GAD=1 vflib=1 dir=0 label=0 lowerbound=1 fileNameGp=../../cp2016-max-common-connected-subgraph-paper/datasets/graphsdb/mcs50/m4D/m4D/mcs50_m4D_s40.A07 fileNameGt=../../cp2016-max-common-connected-subgraph-paper/datasets/graphsdb/mcs50/m4D/m4D/mcs50_m4D_s40.B07
Reading graphs...
40 :  70
40 :  69
Initializing...
maxdom : 40
D->valSize : 1600
Solving...
currentSize : 14 <-- 0.035717 s
currentSize : 17 <-- 0.035770 s
currentSize : 18 <-- 0.035883 s
currentSize : 19 <-- 0.042706 s
currentSize : 20 <-- 0.042744 s
currentSize : 21 <-- 0.281157 s
currentSize : 22 <-- 4.498775 s
currentSize : 23 <-- 14.734936 s
currentSize : 24 <-- 27.323477 s
currentSize : 25 <-- 32.280155 s

TIMEOUT
maxsize : 25
nodes : 224078786.000000
filtered : 3170829394.000000
time : 1000.000000
