Parameters: GAD=1 vflib=1 dir=0 label=0 lowerbound=1 fileNameGp=../../cp2016-max-common-connected-subgraph-paper/datasets/graphsdb/mcs50/m4D/m4Dr4/mcs50_m4Dr4_s40.A09 fileNameGt=../../cp2016-max-common-connected-subgraph-paper/datasets/graphsdb/mcs50/m4D/m4Dr4/mcs50_m4Dr4_s40.B09
Reading graphs...
40 :  86
40 :  84
Initializing...
maxdom : 40
D->valSize : 1600
Solving...
currentSize : 18 <-- 0.034879 s
currentSize : 19 <-- 0.035271 s
currentSize : 20 <-- 0.035355 s
currentSize : 21 <-- 0.367823 s
currentSize : 22 <-- 0.575275 s
currentSize : 23 <-- 11.203203 s
currentSize : 24 <-- 11.203653 s
currentSize : 25 <-- 584.387939 s

TIMEOUT
maxsize : 25
nodes : 196150200.000000
filtered : 3726413753.000000
time : 1000.000000
