Parameters: GAD=1 vflib=1 dir=0 label=0 lowerbound=1 fileNameGp=../../cp2016-max-common-connected-subgraph-paper/datasets/graphsdb/mcs50/rand/r005/mcs50_r005_s50.A06 fileNameGt=../../cp2016-max-common-connected-subgraph-paper/datasets/graphsdb/mcs50/rand/r005/mcs50_r005_s50.B06
Reading graphs...
50 :  119
50 :  116
Initializing...
maxdom : 50
D->valSize : 2500
Solving...
currentSize : 23 <-- 0.094097 s
currentSize : 24 <-- 0.095423 s
currentSize : 25 <-- 0.099944 s
currentSize : 26 <-- 0.586351 s
currentSize : 27 <-- 0.600190 s
currentSize : 28 <-- 1.043039 s
currentSize : 29 <-- 40.811920 s
currentSize : 30 <-- 662.290710 s

TIMEOUT
maxsize : 30
nodes : 162914486.000000
filtered : 3109272564.000000
time : 1000.000061
