Parameters: GAD=1 vflib=1 dir=0 label=0 lowerbound=1 fileNameGp=../../cp2016-max-common-connected-subgraph-paper/datasets/graphsdb/mcs50/bvg/b09m/mcs50_b09m_s50.A05 fileNameGt=../../cp2016-max-common-connected-subgraph-paper/datasets/graphsdb/mcs50/bvg/b09m/mcs50_b09m_s50.B05
Reading graphs...
50 :  217
50 :  213
Initializing...
maxdom : 50
D->valSize : 2500
Solving...
currentSize : 18 <-- 0.106059 s
currentSize : 19 <-- 0.106112 s
currentSize : 20 <-- 0.107899 s
currentSize : 21 <-- 0.147402 s
currentSize : 22 <-- 1.781924 s
currentSize : 23 <-- 35.903065 s
currentSize : 24 <-- 598.177795 s

TIMEOUT
maxsize : 24
nodes : 163346901.000000
filtered : 3571341669.000000
time : 1000.000000
