Parameters: GAD=1 vflib=1 dir=0 label=0 lowerbound=1 fileNameGp=../../cp2016-max-common-connected-subgraph-paper/datasets/graphsdb/mcs50/m4D/m4Dr4/mcs50_m4Dr4_s35.A01 fileNameGt=../../cp2016-max-common-connected-subgraph-paper/datasets/graphsdb/mcs50/m4D/m4Dr4/mcs50_m4Dr4_s35.B01
Reading graphs...
35 :  74
35 :  76
Initializing...
maxdom : 35
D->valSize : 1225
Solving...
currentSize : 15 <-- 0.020239 s
currentSize : 16 <-- 0.020287 s
currentSize : 17 <-- 0.021176 s
currentSize : 18 <-- 0.738274 s
currentSize : 19 <-- 5.067017 s
currentSize : 20 <-- 5.067157 s
currentSize : 21 <-- 30.895523 s
currentSize : 22 <-- 224.242172 s
currentSize : 23 <-- 419.392212 s

TIMEOUT
maxsize : 23
nodes : 185386082.000000
filtered : 4367888923.000000
time : 1000.000061
