Parameters: GAD=1 vflib=1 dir=0 label=0 lowerbound=1 fileNameGp=../../cp2016-max-common-connected-subgraph-paper/datasets/graphsdb/mcs50/rand/r005/mcs50_r005_s30.A02 fileNameGt=../../cp2016-max-common-connected-subgraph-paper/datasets/graphsdb/mcs50/rand/r005/mcs50_r005_s30.B02
Reading graphs...
30 :  47
30 :  47
Initializing...
maxdom : 30
D->valSize : 900
Solving...
currentSize : 15 <-- 0.019481 s
currentSize : 16 <-- 0.124612 s
currentSize : 17 <-- 2.705871 s
currentSize : 18 <-- 4.538326 s
currentSize : 19 <-- 7.963603 s
currentSize : 20 <-- 60.300819 s
currentSize : 21 <-- 89.250313 s

maxsize : 21
nodes : 29155450.000000
filtered : 397506858.000000
time : 118.686218
