Parameters: GAD=1 vflib=1 dir=0 label=0 lowerbound=1 fileNameGp=../../cp2016-max-common-connected-subgraph-paper/datasets/graphsdb/mcs50/m4D/m4Dr4/mcs50_m4Dr4_s30.A00 fileNameGt=../../cp2016-max-common-connected-subgraph-paper/datasets/graphsdb/mcs50/m4D/m4Dr4/mcs50_m4Dr4_s30.B00
Reading graphs...
30 :  65
30 :  64
Initializing...
maxdom : 30
D->valSize : 900
Solving...
currentSize : 13 <-- 0.012776 s
currentSize : 14 <-- 0.012804 s
currentSize : 15 <-- 0.018011 s
currentSize : 16 <-- 0.060936 s
currentSize : 17 <-- 0.156155 s
currentSize : 18 <-- 0.302735 s
currentSize : 19 <-- 2.277057 s
currentSize : 20 <-- 142.410645 s

maxsize : 20
nodes : 34677993.000000
filtered : 684516557.000000
time : 157.791641
