Parameters: GAD=1 vflib=1 dir=0 label=0 lowerbound=1 fileNameGp=../../cp2016-max-common-connected-subgraph-paper/datasets/graphsdb/mcs50/bvg/b09/mcs50_b09_s30.A06 fileNameGt=../../cp2016-max-common-connected-subgraph-paper/datasets/graphsdb/mcs50/bvg/b09/mcs50_b09_s30.B06
Reading graphs...
30 :  130
30 :  130
Initializing...
maxdom : 30
D->valSize : 900
Solving...
currentSize : 11 <-- 0.009611 s
currentSize : 12 <-- 0.009635 s
currentSize : 13 <-- 0.009698 s
currentSize : 14 <-- 0.089138 s
currentSize : 15 <-- 0.369298 s
currentSize : 16 <-- 0.369480 s
currentSize : 17 <-- 5.621661 s

maxsize : 17
nodes : 14907502.000000
filtered : 306780426.000000
time : 71.759323
