Parameters: GAD=1 vflib=1 dir=0 label=0 lowerbound=1 fileNameGp=../../cp2016-max-common-connected-subgraph-paper/datasets/graphsdb/mcs50/m2D/m2Dr2/mcs50_m2Dr2_s50.A01 fileNameGt=../../cp2016-max-common-connected-subgraph-paper/datasets/graphsdb/mcs50/m2D/m2Dr2/mcs50_m2Dr2_s50.B01
Reading graphs...
50 :  95
50 :  95
Initializing...
maxdom : 50
D->valSize : 2500
Solving...
currentSize : 21 <-- 0.096168 s
currentSize : 22 <-- 0.096191 s
currentSize : 23 <-- 0.096261 s
currentSize : 24 <-- 0.096274 s
currentSize : 25 <-- 0.116967 s
currentSize : 26 <-- 5.750290 s
currentSize : 27 <-- 5.750323 s
currentSize : 28 <-- 5.919822 s
currentSize : 29 <-- 6.180563 s
currentSize : 30 <-- 74.882729 s
currentSize : 31 <-- 215.474533 s

TIMEOUT
maxsize : 31
nodes : 195103704.000000
filtered : 2705358718.000000
time : 1000.000061
