Parameters: GAD=1 vflib=1 dir=0 label=0 lowerbound=1 fileNameGp=../../cp2016-max-common-connected-subgraph-paper/datasets/graphsdb/mcs50/rand/r005/mcs50_r005_s35.A09 fileNameGt=../../cp2016-max-common-connected-subgraph-paper/datasets/graphsdb/mcs50/rand/r005/mcs50_r005_s35.B09
Reading graphs...
35 :  61
35 :  61
Initializing...
maxdom : 35
D->valSize : 1225
Solving...
currentSize : 15 <-- 0.020751 s
currentSize : 16 <-- 0.024030 s
currentSize : 17 <-- 0.026520 s
currentSize : 18 <-- 0.034813 s
currentSize : 19 <-- 0.065056 s
currentSize : 20 <-- 0.111924 s
currentSize : 21 <-- 0.124053 s
currentSize : 22 <-- 0.250001 s
currentSize : 23 <-- 1.018604 s
currentSize : 24 <-- 2.137222 s
currentSize : 25 <-- 12.647724 s

maxsize : 25
nodes : 76520009.000000
filtered : 2138635737.000000
time : 444.252930
