Parameters: GAD=1 vflib=1 dir=0 label=0 lowerbound=1 fileNameGp=../../cp2016-max-common-connected-subgraph-paper/datasets/graphsdb/mcs50/rand/r005/mcs50_r005_s50.A08 fileNameGt=../../cp2016-max-common-connected-subgraph-paper/datasets/graphsdb/mcs50/rand/r005/mcs50_r005_s50.B08
Reading graphs...
50 :  120
50 :  118
Initializing...
maxdom : 50
D->valSize : 2500
Solving...
currentSize : 23 <-- 0.093379 s
currentSize : 24 <-- 0.110038 s
currentSize : 25 <-- 3.246666 s
currentSize : 26 <-- 4.179794 s
currentSize : 27 <-- 13.361146 s
currentSize : 28 <-- 14.819530 s
currentSize : 29 <-- 152.388672 s

TIMEOUT
maxsize : 29
nodes : 167237561.000000
filtered : 3712381366.000000
time : 1000.000061
