Parameters: GAD=1 vflib=1 dir=0 label=0 lowerbound=1 fileNameGp=../../cp2016-max-common-connected-subgraph-paper/datasets/graphsdb/mcs50/bvg/b06/mcs50_b06_s30.A07 fileNameGt=../../cp2016-max-common-connected-subgraph-paper/datasets/graphsdb/mcs50/bvg/b06/mcs50_b06_s30.B07
Reading graphs...
30 :  89
30 :  90
Initializing...
maxdom : 30
D->valSize : 900
Solving...
currentSize : 12 <-- 0.016203 s
currentSize : 13 <-- 0.016285 s
currentSize : 14 <-- 0.016561 s
currentSize : 15 <-- 0.019139 s
currentSize : 16 <-- 0.248495 s
currentSize : 17 <-- 0.284075 s
currentSize : 18 <-- 0.951601 s
currentSize : 19 <-- 3.164913 s

maxsize : 19
nodes : 6998481.000000
filtered : 205138371.000000
time : 38.335495
