Parameters: GAD=1 vflib=1 dir=0 label=0 lowerbound=1 fileNameGp=../../cp2016-max-common-connected-subgraph-paper/datasets/graphsdb/mcs50/bvg/b03/mcs50_b03_s40.A08 fileNameGt=../../cp2016-max-common-connected-subgraph-paper/datasets/graphsdb/mcs50/bvg/b03/mcs50_b03_s40.B08
Reading graphs...
40 :  60
40 :  60
Initializing...
maxdom : 40
D->valSize : 1600
Solving...
currentSize : 18 <-- 0.064032 s
currentSize : 19 <-- 0.064067 s
currentSize : 20 <-- 0.065450 s
currentSize : 21 <-- 0.081094 s
currentSize : 22 <-- 0.169067 s
currentSize : 23 <-- 0.169227 s
currentSize : 24 <-- 0.169244 s
currentSize : 25 <-- 0.551392 s
currentSize : 26 <-- 11.075865 s
currentSize : 27 <-- 42.604656 s
currentSize : 28 <-- 118.406631 s
currentSize : 29 <-- 365.477692 s

TIMEOUT
maxsize : 29
nodes : 164787154.000000
filtered : 4063453792.000000
time : 1000.000061
