Parameters: GAD=1 vflib=1 dir=0 label=0 lowerbound=1 fileNameGp=../../cp2016-max-common-connected-subgraph-paper/datasets/graphsdb/mcs50/m4D/m4Dr2/mcs50_m4Dr2_s35.A07 fileNameGt=../../cp2016-max-common-connected-subgraph-paper/datasets/graphsdb/mcs50/m4D/m4Dr2/mcs50_m4Dr2_s35.B07
Reading graphs...
35 :  69
35 :  68
Initializing...
maxdom : 35
D->valSize : 1225
Solving...
currentSize : 10 <-- 0.035009 s
currentSize : 12 <-- 0.035064 s
currentSize : 14 <-- 0.035181 s
currentSize : 15 <-- 0.035194 s
currentSize : 16 <-- 0.035477 s
currentSize : 17 <-- 0.045095 s
currentSize : 18 <-- 0.075027 s
currentSize : 19 <-- 0.747346 s
currentSize : 20 <-- 2.364536 s
currentSize : 21 <-- 99.812286 s
currentSize : 22 <-- 100.205200 s
currentSize : 23 <-- 359.608398 s
currentSize : 24 <-- 698.660339 s

maxsize : 24
nodes : 187936373.000000
filtered : 3892392432.000000
time : 936.377686
