Parameters: GAD=1 vflib=1 dir=0 label=0 lowerbound=1 fileNameGp=../../cp2016-max-common-connected-subgraph-paper/datasets/graphsdb/mcs50/bvg/b09m/mcs50_b09m_s30.A05 fileNameGt=../../cp2016-max-common-connected-subgraph-paper/datasets/graphsdb/mcs50/bvg/b09m/mcs50_b09m_s30.B05
Reading graphs...
30 :  124
30 :  124
Initializing...
maxdom : 30
D->valSize : 900
Solving...
currentSize : 10 <-- 0.016703 s
currentSize : 11 <-- 0.017024 s
currentSize : 12 <-- 0.018392 s
currentSize : 13 <-- 0.029728 s
currentSize : 14 <-- 0.727688 s
currentSize : 15 <-- 2.118170 s
currentSize : 16 <-- 82.635178 s

maxsize : 16
nodes : 41915878.000000
filtered : 772614208.000000
time : 187.279068
