Parameters: GAD=1 vflib=1 dir=0 label=0 lowerbound=1 fileNameGp=../../cp2016-max-common-connected-subgraph-paper/datasets/graphsdb/mcs50/m2D/m2Dr6/mcs50_m2Dr6_s40.A05 fileNameGt=../../cp2016-max-common-connected-subgraph-paper/datasets/graphsdb/mcs50/m2D/m2Dr6/mcs50_m2Dr6_s40.B05
Reading graphs...
40 :  91
40 :  88
Initializing...
maxdom : 40
D->valSize : 1600
Solving...
currentSize : 18 <-- 0.035015 s
currentSize : 19 <-- 0.035057 s
currentSize : 20 <-- 0.035188 s
currentSize : 21 <-- 0.561000 s
currentSize : 22 <-- 0.905762 s
currentSize : 23 <-- 17.816099 s
currentSize : 24 <-- 36.240292 s
currentSize : 25 <-- 36.240807 s
currentSize : 26 <-- 545.501648 s

TIMEOUT
maxsize : 26
nodes : 167169184.000000
filtered : 4595732519.000000
time : 1000.000000
