Parameters: GAD=1 vflib=1 dir=0 label=0 lowerbound=1 fileNameGp=../../cp2016-max-common-connected-subgraph-paper/datasets/graphsdb/mcs50/bvg/b09m/mcs50_b09m_s25.A02 fileNameGt=../../cp2016-max-common-connected-subgraph-paper/datasets/graphsdb/mcs50/bvg/b09m/mcs50_b09m_s25.B02
Reading graphs...
25 :  104
25 :  102
Initializing...
maxdom : 25
D->valSize : 625
Solving...
currentSize : 9 <-- 0.007647 s
currentSize : 10 <-- 0.008000 s
currentSize : 11 <-- 0.009553 s
currentSize : 12 <-- 0.021702 s
currentSize : 13 <-- 0.189653 s
currentSize : 14 <-- 6.852861 s

maxsize : 14
nodes : 2952264.000000
filtered : 42598702.000000
time : 11.448139
