Parameters: GAD=1 vflib=1 dir=0 label=0 lowerbound=1 fileNameGp=../../cp2016-max-common-connected-subgraph-paper/datasets/graphsdb/mcs50/bvg/b06/mcs50_b06_s50.A04 fileNameGt=../../cp2016-max-common-connected-subgraph-paper/datasets/graphsdb/mcs50/bvg/b06/mcs50_b06_s50.B04
Reading graphs...
50 :  149
50 :  148
Initializing...
maxdom : 50
D->valSize : 2500
Solving...
currentSize : 21 <-- 0.090912 s
currentSize : 22 <-- 0.100532 s
currentSize : 23 <-- 0.147009 s
currentSize : 24 <-- 0.269562 s
currentSize : 25 <-- 2.800797 s
currentSize : 26 <-- 2.807287 s
currentSize : 27 <-- 24.956196 s

TIMEOUT
maxsize : 27
nodes : 164095727.000000
filtered : 4096603813.000000
time : 1000.000061
