Parameters: GAD=1 vflib=1 dir=0 label=0 lowerbound=1 fileNameGp=../../cp2016-max-common-connected-subgraph-paper/datasets/graphsdb/mcs50/rand/r005/mcs50_r005_s20.A01 fileNameGt=../../cp2016-max-common-connected-subgraph-paper/datasets/graphsdb/mcs50/rand/r005/mcs50_r005_s20.B01
Reading graphs...
20 :  23
20 :  24
Initializing...
maxdom : 20
D->valSize : 400
Solving...
currentSize : 7 <-- 0.002236 s
currentSize : 8 <-- 0.002270 s
currentSize : 9 <-- 0.002282 s
currentSize : 10 <-- 0.002294 s
currentSize : 11 <-- 0.002337 s
currentSize : 12 <-- 0.007755 s
currentSize : 13 <-- 0.016234 s
currentSize : 14 <-- 0.022504 s
currentSize : 16 <-- 0.056541 s

maxsize : 16
nodes : 27266.000000
filtered : 245515.000000
time : 0.077156
