Parameters: GAD=1 vflib=1 dir=0 label=0 lowerbound=1 fileNameGp=../../cp2016-max-common-connected-subgraph-paper/datasets/graphsdb/mcs50/m2D/m2Dr2/mcs50_m2Dr2_s30.A06 fileNameGt=../../cp2016-max-common-connected-subgraph-paper/datasets/graphsdb/mcs50/m2D/m2Dr2/mcs50_m2Dr2_s30.B06
Reading graphs...
30 :  54
30 :  53
Initializing...
maxdom : 30
D->valSize : 900
Solving...
currentSize : 13 <-- 0.019283 s
currentSize : 14 <-- 0.020162 s
currentSize : 15 <-- 0.021491 s
currentSize : 16 <-- 0.028477 s
currentSize : 17 <-- 0.066511 s
currentSize : 18 <-- 0.594359 s
currentSize : 19 <-- 2.878128 s
currentSize : 20 <-- 14.585400 s
currentSize : 21 <-- 35.397961 s

maxsize : 21
nodes : 13369236.000000
filtered : 260571499.000000
time : 60.745510
