Parameters: GAD=1 vflib=1 dir=0 label=0 lowerbound=1 fileNameGp=../../cp2016-max-common-connected-subgraph-paper/datasets/graphsdb/mcs50/rand/r01/mcs50_r01_s30.A05 fileNameGt=../../cp2016-max-common-connected-subgraph-paper/datasets/graphsdb/mcs50/rand/r01/mcs50_r01_s30.B05
Reading graphs...
30 :  81
30 :  79
Initializing...
maxdom : 30
D->valSize : 900
Solving...
currentSize : 10 <-- 0.016542 s
currentSize : 12 <-- 0.016599 s
currentSize : 13 <-- 0.017025 s
currentSize : 14 <-- 0.018468 s
currentSize : 15 <-- 0.024892 s
currentSize : 16 <-- 0.069960 s
currentSize : 17 <-- 0.070917 s
currentSize : 18 <-- 2.817228 s
currentSize : 19 <-- 45.811550 s

maxsize : 19
nodes : 31567099.000000
filtered : 690155072.000000
time : 150.120361
