Parameters: GAD=1 vflib=1 dir=0 label=0 lowerbound=1 fileNameGp=../../cp2016-max-common-connected-subgraph-paper/datasets/graphsdb/mcs50/bvg/b03m/mcs50_b03m_s30.A07 fileNameGt=../../cp2016-max-common-connected-subgraph-paper/datasets/graphsdb/mcs50/bvg/b03m/mcs50_b03m_s30.B07
Reading graphs...
30 :  45
30 :  45
Initializing...
maxdom : 30
D->valSize : 900
Solving...
currentSize : 14 <-- 0.011896 s
currentSize : 16 <-- 0.011924 s
currentSize : 17 <-- 0.012152 s
currentSize : 18 <-- 0.013297 s
currentSize : 19 <-- 0.013708 s
currentSize : 20 <-- 0.267614 s
currentSize : 21 <-- 18.772617 s
currentSize : 22 <-- 23.604040 s

maxsize : 22
nodes : 9673615.000000
filtered : 174452411.000000
time : 43.474918
