Parameters: GAD=1 vflib=1 dir=0 label=0 lowerbound=1 fileNameGp=../../cp2016-max-common-connected-subgraph-paper/datasets/graphsdb/mcs50/m4D/m4Dr2/mcs50_m4Dr2_s35.A09 fileNameGt=../../cp2016-max-common-connected-subgraph-paper/datasets/graphsdb/mcs50/m4D/m4Dr2/mcs50_m4Dr2_s35.B09
Reading graphs...
35 :  69
35 :  66
Initializing...
maxdom : 35
D->valSize : 1225
Solving...
currentSize : 17 <-- 0.020415 s
currentSize : 18 <-- 0.028097 s
currentSize : 19 <-- 15.075186 s
currentSize : 20 <-- 22.841194 s
currentSize : 21 <-- 180.475769 s
currentSize : 22 <-- 180.564850 s
currentSize : 23 <-- 227.170181 s
currentSize : 24 <-- 266.017517 s
currentSize : 25 <-- 471.105774 s

maxsize : 25
nodes : 109450828.000000
filtered : 1855800740.000000
time : 484.507751
