Parameters: GAD=1 vflib=1 dir=0 label=0 lowerbound=1 fileNameGp=../../cp2016-max-common-connected-subgraph-paper/datasets/graphsdb/mcs50/m2D/m2Dr4/mcs50_m2Dr4_s50.A05 fileNameGt=../../cp2016-max-common-connected-subgraph-paper/datasets/graphsdb/mcs50/m2D/m2Dr4/mcs50_m2Dr4_s50.B05
Reading graphs...
50 :  103
50 :  103
Initializing...
maxdom : 50
D->valSize : 2500
Solving...
currentSize : 15 <-- 0.158198 s
currentSize : 18 <-- 0.158565 s
currentSize : 19 <-- 0.158697 s
currentSize : 20 <-- 0.161477 s
currentSize : 21 <-- 0.222890 s
currentSize : 22 <-- 0.223479 s
currentSize : 23 <-- 0.224315 s
currentSize : 24 <-- 0.224990 s
currentSize : 25 <-- 0.852137 s
currentSize : 26 <-- 0.862092 s
currentSize : 27 <-- 29.567266 s

TIMEOUT
maxsize : 27
nodes : 226264306.000000
filtered : 2427089014.000000
time : 1000.000061
