Parameters: GAD=1 vflib=1 dir=0 label=0 lowerbound=1 fileNameGp=../../cp2016-max-common-connected-subgraph-paper/datasets/graphsdb/mcs50/bvg/b09/mcs50_b09_s30.A09 fileNameGt=../../cp2016-max-common-connected-subgraph-paper/datasets/graphsdb/mcs50/bvg/b09/mcs50_b09_s30.B09
Reading graphs...
30 :  130
30 :  128
Initializing...
maxdom : 30
D->valSize : 900
Solving...
currentSize : 10 <-- 0.010394 s
currentSize : 11 <-- 0.010414 s
currentSize : 12 <-- 0.011066 s
currentSize : 13 <-- 0.012021 s
currentSize : 14 <-- 0.019978 s
currentSize : 15 <-- 0.595988 s
currentSize : 16 <-- 0.994826 s
currentSize : 17 <-- 3.443542 s

maxsize : 17
nodes : 12934918.000000
filtered : 273541773.000000
time : 61.820515
