Parameters: GAD=1 vflib=1 dir=0 label=0 lowerbound=1 fileNameGp=../../cp2016-max-common-connected-subgraph-paper/datasets/graphsdb/mcs50/m3D/m3D/mcs50_m3D_s50.A06 fileNameGt=../../cp2016-max-common-connected-subgraph-paper/datasets/graphsdb/mcs50/m3D/m3D/mcs50_m3D_s50.B06
Reading graphs...
50 :  109
50 :  109
Initializing...
maxdom : 50
D->valSize : 2500
Solving...
currentSize : 24 <-- 0.094315 s
currentSize : 25 <-- 0.094991 s
currentSize : 26 <-- 0.256356 s
currentSize : 27 <-- 0.587644 s
currentSize : 28 <-- 8.229629 s
currentSize : 29 <-- 10.517458 s
currentSize : 30 <-- 984.494507 s

TIMEOUT
maxsize : 30
nodes : 186686169.000000
filtered : 3094891923.000000
time : 1000.000061
