Parameters: GAD=1 vflib=1 dir=0 label=0 lowerbound=1 fileNameGp=../../cp2016-max-common-connected-subgraph-paper/datasets/graphsdb/mcs50/m2D/m2Dr6/mcs50_m2Dr6_s50.A06 fileNameGt=../../cp2016-max-common-connected-subgraph-paper/datasets/graphsdb/mcs50/m2D/m2Dr6/mcs50_m2Dr6_s50.B06
Reading graphs...
50 :  114
50 :  111
Initializing...
maxdom : 50
D->valSize : 2500
Solving...
currentSize : 22 <-- 0.093833 s
currentSize : 23 <-- 0.146877 s
currentSize : 24 <-- 0.392532 s
currentSize : 25 <-- 1.609659 s
currentSize : 26 <-- 39.808399 s
currentSize : 27 <-- 417.388672 s
currentSize : 28 <-- 593.539246 s

TIMEOUT
maxsize : 28
nodes : 211604634.000000
filtered : 2788250654.000000
time : 1000.000000
