Parameters: GAD=1 vflib=1 dir=0 label=0 lowerbound=1 fileNameGp=../../cp2016-max-common-connected-subgraph-paper/datasets/graphsdb/mcs50/bvg/b06/mcs50_b06_s25.A06 fileNameGt=../../cp2016-max-common-connected-subgraph-paper/datasets/graphsdb/mcs50/bvg/b06/mcs50_b06_s25.B06
Reading graphs...
25 :  74
25 :  74
Initializing...
maxdom : 25
D->valSize : 625
Solving...
currentSize : 9 <-- 0.004708 s
currentSize : 10 <-- 0.004721 s
currentSize : 11 <-- 0.004733 s
currentSize : 12 <-- 0.005936 s
currentSize : 13 <-- 0.008449 s
currentSize : 14 <-- 0.028081 s
currentSize : 15 <-- 0.048750 s
currentSize : 16 <-- 0.634170 s

maxsize : 16
nodes : 719585.000000
filtered : 17047684.000000
time : 3.317987
