Parameters: GAD=1 vflib=1 dir=0 label=0 lowerbound=1 fileNameGp=../../cp2016-max-common-connected-subgraph-paper/datasets/graphsdb/mcs50/rand/r005/mcs50_r005_s25.A01 fileNameGt=../../cp2016-max-common-connected-subgraph-paper/datasets/graphsdb/mcs50/rand/r005/mcs50_r005_s25.B01
Reading graphs...
25 :  34
25 :  35
Initializing...
maxdom : 25
D->valSize : 625
Solving...
currentSize : 12 <-- 0.008558 s
currentSize : 13 <-- 0.008586 s
currentSize : 14 <-- 0.008831 s
currentSize : 15 <-- 0.026802 s
currentSize : 16 <-- 0.211113 s
currentSize : 17 <-- 0.280712 s
currentSize : 18 <-- 0.445298 s

maxsize : 18
nodes : 649255.000000
filtered : 9579554.000000
time : 2.568587
