Parameters: GAD=1 vflib=1 dir=0 label=0 lowerbound=1 fileNameGp=../../cp2016-max-common-connected-subgraph-paper/datasets/graphsdb/mcs50/bvg/b03/mcs50_b03_s50.A07 fileNameGt=../../cp2016-max-common-connected-subgraph-paper/datasets/graphsdb/mcs50/bvg/b03/mcs50_b03_s50.B07
Reading graphs...
50 :  75
50 :  75
Initializing...
maxdom : 50
D->valSize : 2500
Solving...
currentSize : 29 <-- 0.135453 s
currentSize : 30 <-- 0.136087 s
currentSize : 31 <-- 0.148357 s
currentSize : 32 <-- 0.150619 s
currentSize : 33 <-- 0.150895 s
currentSize : 34 <-- 0.982915 s
currentSize : 35 <-- 671.008606 s

TIMEOUT
maxsize : 35
nodes : 195800612.000000
filtered : 3237399101.000000
time : 1000.000061
