Parameters: GAD=1 vflib=1 dir=0 label=0 lowerbound=1 fileNameGp=../../cp2016-max-common-connected-subgraph-paper/datasets/graphsdb/mcs50/m4D/m4Dr6/mcs50_m4Dr6_s40.A05 fileNameGt=../../cp2016-max-common-connected-subgraph-paper/datasets/graphsdb/mcs50/m4D/m4Dr6/mcs50_m4Dr6_s40.B05
Reading graphs...
40 :  92
40 :  89
Initializing...
maxdom : 40
D->valSize : 1600
Solving...
currentSize : 18 <-- 0.034740 s
currentSize : 19 <-- 0.034914 s
currentSize : 20 <-- 0.036583 s
currentSize : 21 <-- 0.038749 s
currentSize : 22 <-- 3.652909 s
currentSize : 23 <-- 116.174583 s
currentSize : 24 <-- 117.114952 s
currentSize : 25 <-- 198.319702 s

TIMEOUT
maxsize : 25
nodes : 182436559.000000
filtered : 4030636326.000000
time : 1000.000000
