Parameters: GAD=1 vflib=1 dir=0 label=0 lowerbound=1 fileNameGp=../../cp2016-max-common-connected-subgraph-paper/datasets/graphsdb/mcs50/m4D/m4D/mcs50_m4D_s40.A09 fileNameGt=../../cp2016-max-common-connected-subgraph-paper/datasets/graphsdb/mcs50/m4D/m4D/mcs50_m4D_s40.B09
Reading graphs...
40 :  71
40 :  71
Initializing...
maxdom : 40
D->valSize : 1600
Solving...
currentSize : 11 <-- 0.035831 s
currentSize : 13 <-- 0.035944 s
currentSize : 17 <-- 0.037669 s
currentSize : 20 <-- 0.037695 s
currentSize : 23 <-- 0.173725 s
currentSize : 24 <-- 0.181570 s
currentSize : 25 <-- 0.187072 s

TIMEOUT
maxsize : 25
nodes : 220764943.000000
filtered : 3161645953.000000
time : 1000.000061
