Parameters: GAD=1 vflib=1 dir=0 label=0 lowerbound=1 fileNameGp=../../cp2016-max-common-connected-subgraph-paper/datasets/graphsdb/mcs50/bvg/b09/mcs50_b09_s40.A07 fileNameGt=../../cp2016-max-common-connected-subgraph-paper/datasets/graphsdb/mcs50/bvg/b09/mcs50_b09_s40.B07
Reading graphs...
40 :  177
40 :  179
Initializing...
maxdom : 40
D->valSize : 1600
Solving...
currentSize : 12 <-- 0.031625 s
currentSize : 13 <-- 0.031678 s
currentSize : 14 <-- 0.032124 s
currentSize : 15 <-- 0.032473 s
currentSize : 16 <-- 0.034875 s
currentSize : 17 <-- 0.034901 s
currentSize : 18 <-- 0.869582 s
currentSize : 19 <-- 2.592608 s
currentSize : 20 <-- 231.784439 s
currentSize : 21 <-- 302.844666 s

TIMEOUT
maxsize : 21
nodes : 168876743.000000
filtered : 4558213672.000000
time : 1000.000000
