Parameters: GAD=1 vflib=1 dir=0 label=0 lowerbound=1 fileNameGp=../../cp2016-max-common-connected-subgraph-paper/datasets/graphsdb/mcs50/bvg/b03m/mcs50_b03m_s40.A07 fileNameGt=../../cp2016-max-common-connected-subgraph-paper/datasets/graphsdb/mcs50/bvg/b03m/mcs50_b03m_s40.B07
Reading graphs...
40 :  60
40 :  60
Initializing...
maxdom : 40
D->valSize : 1600
Solving...
currentSize : 17 <-- 0.036819 s
currentSize : 19 <-- 0.036871 s
currentSize : 21 <-- 0.037115 s
currentSize : 22 <-- 0.037800 s
currentSize : 23 <-- 5.228929 s
currentSize : 24 <-- 6.253701 s
currentSize : 25 <-- 6.470594 s
currentSize : 26 <-- 30.160772 s
currentSize : 27 <-- 31.535284 s

TIMEOUT
maxsize : 27
nodes : 212192716.000000
filtered : 3288137520.000000
time : 1000.000061
