Parameters: GAD=1 vflib=1 dir=0 label=0 lowerbound=1 fileNameGp=../../cp2016-max-common-connected-subgraph-paper/datasets/graphsdb/mcs50/bvg/b06/mcs50_b06_s25.A05 fileNameGt=../../cp2016-max-common-connected-subgraph-paper/datasets/graphsdb/mcs50/bvg/b06/mcs50_b06_s25.B05
Reading graphs...
25 :  75
25 :  75
Initializing...
maxdom : 25
D->valSize : 625
Solving...
currentSize : 9 <-- 0.004767 s
currentSize : 10 <-- 0.004782 s
currentSize : 12 <-- 0.004797 s
currentSize : 13 <-- 0.006069 s
currentSize : 14 <-- 0.020842 s
currentSize : 15 <-- 0.549496 s
currentSize : 16 <-- 5.264554 s

maxsize : 16
nodes : 1639652.000000
filtered : 28370521.000000
time : 6.757724
