Parameters: GAD=1 vflib=1 dir=0 label=0 lowerbound=1 fileNameGp=../../cp2016-max-common-connected-subgraph-paper/datasets/graphsdb/mcs50/bvg/b03m/mcs50_b03m_s30.A09 fileNameGt=../../cp2016-max-common-connected-subgraph-paper/datasets/graphsdb/mcs50/bvg/b03m/mcs50_b03m_s30.B09
Reading graphs...
30 :  45
30 :  45
Initializing...
maxdom : 30
D->valSize : 900
Solving...
currentSize : 15 <-- 0.011077 s
currentSize : 16 <-- 0.011112 s
currentSize : 17 <-- 0.026472 s
currentSize : 18 <-- 0.696364 s
currentSize : 19 <-- 0.785838 s
currentSize : 20 <-- 12.901462 s
currentSize : 21 <-- 24.620785 s

maxsize : 21
nodes : 17227437.000000
filtered : 256196662.000000
time : 71.451920
