Parameters: GAD=1 vflib=1 dir=0 label=0 lowerbound=1 fileNameGp=../../cp2016-max-common-connected-subgraph-paper/datasets/graphsdb/mcs50/rand/r01/mcs50_r01_s50.A08 fileNameGt=../../cp2016-max-common-connected-subgraph-paper/datasets/graphsdb/mcs50/rand/r01/mcs50_r01_s50.B08
Reading graphs...
50 :  229
50 :  227
Initializing...
maxdom : 50
D->valSize : 2500
Solving...
currentSize : 16 <-- 0.084866 s
currentSize : 17 <-- 0.085136 s
currentSize : 18 <-- 0.085150 s
currentSize : 19 <-- 0.089109 s
currentSize : 20 <-- 0.483271 s
currentSize : 21 <-- 0.716137 s
currentSize : 22 <-- 19.232027 s
currentSize : 23 <-- 94.585220 s

TIMEOUT
maxsize : 23
nodes : 162899159.000000
filtered : 3526107967.000000
time : 1000.000061
