Parameters: GAD=1 vflib=1 dir=0 label=0 lowerbound=1 fileNameGp=../../cp2016-max-common-connected-subgraph-paper/datasets/graphsdb/mcs50/m4D/m4Dr6/mcs50_m4Dr6_s30.A02 fileNameGt=../../cp2016-max-common-connected-subgraph-paper/datasets/graphsdb/mcs50/m4D/m4Dr6/mcs50_m4Dr6_s30.B02
Reading graphs...
30 :  68
30 :  66
Initializing...
maxdom : 30
D->valSize : 900
Solving...
currentSize : 13 <-- 0.010779 s
currentSize : 14 <-- 0.010819 s
currentSize : 15 <-- 0.010847 s
currentSize : 16 <-- 0.012259 s
currentSize : 17 <-- 0.013740 s
currentSize : 18 <-- 0.015323 s
currentSize : 19 <-- 0.295030 s
currentSize : 20 <-- 18.559875 s

maxsize : 20
nodes : 10941362.000000
filtered : 279853735.000000
time : 56.935074
