Parameters: GAD=1 vflib=1 dir=0 label=0 lowerbound=1 fileNameGp=../../cp2016-max-common-connected-subgraph-paper/datasets/graphsdb/mcs50/rand/r005/mcs50_r005_s35.A02 fileNameGt=../../cp2016-max-common-connected-subgraph-paper/datasets/graphsdb/mcs50/rand/r005/mcs50_r005_s35.B02
Reading graphs...
35 :  62
35 :  61
Initializing...
maxdom : 35
D->valSize : 1225
Solving...
currentSize : 13 <-- 0.020506 s
currentSize : 14 <-- 0.020529 s
currentSize : 15 <-- 0.020585 s
currentSize : 16 <-- 0.020593 s
currentSize : 17 <-- 0.023727 s
currentSize : 18 <-- 0.062109 s
currentSize : 19 <-- 0.067175 s
currentSize : 20 <-- 0.077981 s
currentSize : 21 <-- 0.096907 s
currentSize : 22 <-- 2.692227 s
currentSize : 23 <-- 21.931410 s
currentSize : 24 <-- 113.719566 s

maxsize : 24
nodes : 178153016.000000
filtered : 4302182635.000000
time : 967.103333
