Parameters: GAD=1 vflib=1 dir=0 label=0 lowerbound=1 fileNameGp=../../cp2016-max-common-connected-subgraph-paper/datasets/graphsdb/mcs50/bvg/b03m/mcs50_b03m_s40.A00 fileNameGt=../../cp2016-max-common-connected-subgraph-paper/datasets/graphsdb/mcs50/bvg/b03m/mcs50_b03m_s40.B00
Reading graphs...
40 :  60
40 :  60
Initializing...
maxdom : 40
D->valSize : 1600
Solving...
currentSize : 15 <-- 0.036267 s
currentSize : 16 <-- 0.036305 s
currentSize : 17 <-- 0.036501 s
currentSize : 18 <-- 0.037045 s
currentSize : 19 <-- 0.125104 s
currentSize : 21 <-- 8.265503 s
currentSize : 22 <-- 8.272277 s
currentSize : 23 <-- 8.285611 s
currentSize : 24 <-- 13.707558 s
currentSize : 25 <-- 315.575073 s

TIMEOUT
maxsize : 25
nodes : 242580609.000000
filtered : 2848664971.000000
time : 1000.000061
