Parameters: GAD=1 vflib=1 dir=0 label=0 lowerbound=1 fileNameGp=../../cp2016-max-common-connected-subgraph-paper/datasets/graphsdb/mcs50/m4D/m4D/mcs50_m4D_s40.A02 fileNameGt=../../cp2016-max-common-connected-subgraph-paper/datasets/graphsdb/mcs50/m4D/m4D/mcs50_m4D_s40.B02
Reading graphs...
40 :  71
40 :  71
Initializing...
maxdom : 40
D->valSize : 1600
Solving...
currentSize : 15 <-- 0.065407 s
currentSize : 16 <-- 0.065458 s
currentSize : 17 <-- 0.065510 s
currentSize : 18 <-- 0.068491 s
currentSize : 19 <-- 0.068724 s
currentSize : 20 <-- 0.140987 s
currentSize : 21 <-- 0.256844 s
currentSize : 22 <-- 0.716905 s
currentSize : 23 <-- 17.373808 s
currentSize : 24 <-- 93.336121 s
currentSize : 25 <-- 187.348022 s
currentSize : 26 <-- 360.959869 s
currentSize : 27 <-- 724.345642 s

TIMEOUT
maxsize : 27
nodes : 205489767.000000
filtered : 3631727785.000000
time : 1000.000000
