Parameters: GAD=1 vflib=1 dir=0 label=0 lowerbound=1 fileNameGp=../../cp2016-max-common-connected-subgraph-paper/datasets/graphsdb/mcs50/bvg/b03/mcs50_b03_s50.A09 fileNameGt=../../cp2016-max-common-connected-subgraph-paper/datasets/graphsdb/mcs50/bvg/b03/mcs50_b03_s50.B09
Reading graphs...
50 :  75
50 :  75
Initializing...
maxdom : 50
D->valSize : 2500
Solving...
currentSize : 20 <-- 0.097934 s
currentSize : 21 <-- 0.097982 s
currentSize : 22 <-- 0.099864 s
currentSize : 23 <-- 0.100746 s
currentSize : 24 <-- 0.101143 s
currentSize : 25 <-- 0.101328 s
currentSize : 26 <-- 0.132680 s
currentSize : 27 <-- 140.482513 s
currentSize : 28 <-- 474.949097 s

TIMEOUT
maxsize : 28
nodes : 262411668.000000
filtered : 2852239192.000000
time : 1000.000061
