Parameters: GAD=1 vflib=1 dir=0 label=0 lowerbound=1 fileNameGp=../../cp2016-max-common-connected-subgraph-paper/datasets/graphsdb/mcs50/bvg/b03/mcs50_b03_s40.A07 fileNameGt=../../cp2016-max-common-connected-subgraph-paper/datasets/graphsdb/mcs50/bvg/b03/mcs50_b03_s40.B07
Reading graphs...
40 :  60
40 :  59
Initializing...
maxdom : 40
D->valSize : 1600
Solving...
currentSize : 18 <-- 0.036623 s
currentSize : 19 <-- 0.036655 s
currentSize : 20 <-- 0.037101 s
currentSize : 21 <-- 0.052737 s
currentSize : 22 <-- 0.077975 s
currentSize : 23 <-- 0.090234 s
currentSize : 24 <-- 0.529850 s
currentSize : 25 <-- 0.534317 s
currentSize : 26 <-- 0.708170 s
currentSize : 27 <-- 0.717360 s
currentSize : 28 <-- 1.896496 s
currentSize : 29 <-- 67.297653 s

TIMEOUT
maxsize : 29
nodes : 154220514.000000
filtered : 4139066118.000000
time : 1000.000000
