Parameters: GAD=1 vflib=1 dir=0 label=0 lowerbound=1 fileNameGp=../../cp2016-max-common-connected-subgraph-paper/datasets/graphsdb/mcs50/bvg/b03m/mcs50_b03m_s50.A00 fileNameGt=../../cp2016-max-common-connected-subgraph-paper/datasets/graphsdb/mcs50/bvg/b03m/mcs50_b03m_s50.B00
Reading graphs...
50 :  74
50 :  74
Initializing...
maxdom : 50
D->valSize : 2500
Solving...
currentSize : 13 <-- 0.113748 s
currentSize : 14 <-- 0.114621 s
currentSize : 15 <-- 0.115467 s
currentSize : 18 <-- 0.119532 s
currentSize : 25 <-- 0.119662 s
currentSize : 26 <-- 0.121092 s
currentSize : 27 <-- 0.121456 s
currentSize : 28 <-- 0.586680 s
currentSize : 29 <-- 27.194206 s
currentSize : 30 <-- 149.211288 s
currentSize : 31 <-- 332.714844 s

TIMEOUT
maxsize : 31
nodes : 226708651.000000
filtered : 2552761580.000000
time : 1000.000061
