Parameters: GAD=1 vflib=1 dir=0 label=0 lowerbound=1 fileNameGp=../../cp2016-max-common-connected-subgraph-paper/datasets/graphsdb/mcs50/rand/r01/mcs50_r01_s35.A00 fileNameGt=../../cp2016-max-common-connected-subgraph-paper/datasets/graphsdb/mcs50/rand/r01/mcs50_r01_s35.B00
Reading graphs...
35 :  109
35 :  116
Initializing...
maxdom : 35
D->valSize : 1225
Solving...
currentSize : 14 <-- 0.018961 s
currentSize : 15 <-- 0.019000 s
currentSize : 16 <-- 0.019169 s
currentSize : 17 <-- 0.025025 s
currentSize : 18 <-- 0.048616 s
currentSize : 19 <-- 10.927531 s
currentSize : 20 <-- 759.045898 s

TIMEOUT
maxsize : 20
nodes : 202785741.000000
filtered : 3816212696.000000
time : 1000.000061
