Parameters: GAD=1 vflib=1 dir=0 label=0 lowerbound=1 fileNameGp=../../cp2016-max-common-connected-subgraph-paper/datasets/graphsdb/mcs50/m2D/m2Dr6/mcs50_m2Dr6_s50.A02 fileNameGt=../../cp2016-max-common-connected-subgraph-paper/datasets/graphsdb/mcs50/m2D/m2Dr6/mcs50_m2Dr6_s50.B02
Reading graphs...
50 :  113
50 :  112
Initializing...
maxdom : 50
D->valSize : 2500
Solving...
currentSize : 19 <-- 0.093697 s
currentSize : 21 <-- 0.093778 s
currentSize : 22 <-- 0.094453 s
currentSize : 23 <-- 0.098191 s
currentSize : 24 <-- 0.098371 s
currentSize : 25 <-- 0.692750 s
currentSize : 26 <-- 6.420224 s
currentSize : 27 <-- 14.051205 s
currentSize : 28 <-- 63.585300 s
currentSize : 29 <-- 99.232674 s
currentSize : 30 <-- 736.005859 s

TIMEOUT
maxsize : 30
nodes : 153335813.000000
filtered : 3248278045.000000
time : 1000.000061
