Parameters: GAD=1 vflib=1 dir=0 label=0 lowerbound=1 fileNameGp=../../cp2016-max-common-connected-subgraph-paper/datasets/graphsdb/mcs50/rand/r005/mcs50_r005_s35.A03 fileNameGt=../../cp2016-max-common-connected-subgraph-paper/datasets/graphsdb/mcs50/rand/r005/mcs50_r005_s35.B03
Reading graphs...
35 :  62
35 :  58
Initializing...
maxdom : 35
D->valSize : 1225
Solving...
currentSize : 14 <-- 0.020992 s
currentSize : 15 <-- 0.021629 s
currentSize : 16 <-- 0.022023 s
currentSize : 17 <-- 0.022076 s
currentSize : 18 <-- 0.024296 s
currentSize : 19 <-- 0.050806 s
currentSize : 20 <-- 0.621578 s
currentSize : 21 <-- 2.371588 s
currentSize : 22 <-- 2.378359 s
currentSize : 23 <-- 45.312176 s
currentSize : 24 <-- 222.500275 s

maxsize : 24
nodes : 158793908.000000
filtered : 3613369222.000000
time : 834.038940
