Parameters: GAD=1 vflib=1 dir=0 label=0 lowerbound=1 fileNameGp=../../cp2016-max-common-connected-subgraph-paper/datasets/graphsdb/mcs50/bvg/b06m/mcs50_b06m_s30.A05 fileNameGt=../../cp2016-max-common-connected-subgraph-paper/datasets/graphsdb/mcs50/bvg/b06m/mcs50_b06m_s30.B05
Reading graphs...
30 :  88
30 :  87
Initializing...
maxdom : 30
D->valSize : 900
Solving...
currentSize : 11 <-- 0.017724 s
currentSize : 12 <-- 0.017781 s
currentSize : 13 <-- 0.017804 s
currentSize : 14 <-- 0.017944 s
currentSize : 15 <-- 0.019230 s
currentSize : 16 <-- 0.025168 s
currentSize : 17 <-- 0.469933 s
currentSize : 18 <-- 8.328669 s

maxsize : 18
nodes : 19579965.000000
filtered : 470108871.000000
time : 97.932602
