Parameters: GAD=1 vflib=1 dir=0 label=0 lowerbound=1 fileNameGp=../../cp2016-max-common-connected-subgraph-paper/datasets/graphsdb/mcs50/bvg/b09/mcs50_b09_s50.A07 fileNameGt=../../cp2016-max-common-connected-subgraph-paper/datasets/graphsdb/mcs50/bvg/b09/mcs50_b09_s50.B07
Reading graphs...
50 :  219
50 :  221
Initializing...
maxdom : 50
D->valSize : 2500
Solving...
currentSize : 17 <-- 0.087478 s
currentSize : 18 <-- 0.088134 s
currentSize : 19 <-- 0.090201 s
currentSize : 20 <-- 0.167947 s
currentSize : 21 <-- 0.411479 s
currentSize : 22 <-- 2.079410 s
currentSize : 23 <-- 3.687183 s
currentSize : 24 <-- 105.871376 s

TIMEOUT
maxsize : 24
nodes : 151098299.000000
filtered : 3890639593.000000
time : 1000.000061
