Parameters: GAD=1 vflib=1 dir=0 label=0 lowerbound=1 fileNameGp=../../cp2016-max-common-connected-subgraph-paper/datasets/graphsdb/mcs50/rand/r005/mcs50_r005_s25.A08 fileNameGt=../../cp2016-max-common-connected-subgraph-paper/datasets/graphsdb/mcs50/rand/r005/mcs50_r005_s25.B08
Reading graphs...
25 :  35
25 :  35
Initializing...
maxdom : 25
D->valSize : 625
Solving...
currentSize : 7 <-- 0.005258 s
currentSize : 10 <-- 0.005311 s
currentSize : 11 <-- 0.005344 s
currentSize : 12 <-- 0.058070 s
currentSize : 13 <-- 0.086543 s
currentSize : 14 <-- 0.155853 s
currentSize : 15 <-- 0.244046 s
currentSize : 16 <-- 0.752063 s
currentSize : 17 <-- 3.522130 s
currentSize : 18 <-- 4.643662 s
currentSize : 19 <-- 5.824650 s

maxsize : 19
nodes : 2066693.000000
filtered : 18393193.000000
time : 6.031188
