Parameters: GAD=1 vflib=1 dir=0 label=0 lowerbound=1 fileNameGp=../../cp2016-max-common-connected-subgraph-paper/datasets/graphsdb/mcs50/rand/r02/mcs50_r02_s50.A01 fileNameGt=../../cp2016-max-common-connected-subgraph-paper/datasets/graphsdb/mcs50/rand/r02/mcs50_r02_s50.B01
Reading graphs...
50 :  442
50 :  440
Initializing...
maxdom : 50
D->valSize : 2500
Solving...
currentSize : 10 <-- 0.125586 s
currentSize : 11 <-- 0.125636 s
currentSize : 12 <-- 0.125677 s
currentSize : 13 <-- 0.127684 s
currentSize : 14 <-- 0.128826 s
currentSize : 15 <-- 0.131542 s
currentSize : 16 <-- 5.311899 s
currentSize : 17 <-- 96.569382 s

TIMEOUT
maxsize : 17
nodes : 195065028.000000
filtered : 2026905676.000000
time : 1000.000061
