Parameters: GAD=1 vflib=1 dir=0 label=0 lowerbound=1 fileNameGp=../../cp2016-max-common-connected-subgraph-paper/datasets/graphsdb/mcs50/m2D/m2D/mcs50_m2D_s40.A07 fileNameGt=../../cp2016-max-common-connected-subgraph-paper/datasets/graphsdb/mcs50/m2D/m2D/mcs50_m2D_s40.B07
Reading graphs...
40 :  65
40 :  67
Initializing...
maxdom : 40
D->valSize : 1600
Solving...
currentSize : 16 <-- 0.061277 s
currentSize : 18 <-- 0.061435 s
currentSize : 19 <-- 0.062300 s
currentSize : 20 <-- 0.063119 s
currentSize : 21 <-- 0.121300 s
currentSize : 22 <-- 1.544494 s
currentSize : 23 <-- 2.510756 s
currentSize : 24 <-- 10.218806 s
currentSize : 25 <-- 318.091461 s
currentSize : 26 <-- 328.076904 s
currentSize : 27 <-- 336.148712 s

TIMEOUT
maxsize : 27
nodes : 192922157.000000
filtered : 3363841038.000000
time : 1000.000000
