Parameters: GAD=1 vflib=1 dir=0 label=0 lowerbound=1 fileNameGp=../../cp2016-max-common-connected-subgraph-paper/datasets/graphsdb/mcs50/rand/r01/mcs50_r01_s30.A02 fileNameGt=../../cp2016-max-common-connected-subgraph-paper/datasets/graphsdb/mcs50/rand/r01/mcs50_r01_s30.B02
Reading graphs...
30 :  82
30 :  78
Initializing...
maxdom : 30
D->valSize : 900
Solving...
currentSize : 13 <-- 0.011413 s
currentSize : 14 <-- 0.012787 s
currentSize : 15 <-- 0.013576 s
currentSize : 16 <-- 0.036027 s
currentSize : 17 <-- 0.205462 s
currentSize : 18 <-- 1.676894 s

maxsize : 18
nodes : 47804516.000000
filtered : 1001833334.000000
time : 225.342590
