Parameters: GAD=1 vflib=1 dir=0 label=0 lowerbound=1 fileNameGp=../../cp2016-max-common-connected-subgraph-paper/datasets/graphsdb/mcs50/rand/r01/mcs50_r01_s35.A08 fileNameGt=../../cp2016-max-common-connected-subgraph-paper/datasets/graphsdb/mcs50/rand/r01/mcs50_r01_s35.B08
Reading graphs...
35 :  112
35 :  110
Initializing...
maxdom : 35
D->valSize : 1225
Solving...
currentSize : 13 <-- 0.031005 s
currentSize : 14 <-- 0.031032 s
currentSize : 15 <-- 0.031836 s
currentSize : 16 <-- 0.032329 s
currentSize : 17 <-- 0.048201 s
currentSize : 18 <-- 0.062301 s
currentSize : 19 <-- 2.027924 s
currentSize : 20 <-- 13.690083 s

TIMEOUT
maxsize : 20
nodes : 185355926.000000
filtered : 4326197036.000000
time : 1000.000061
