Parameters: GAD=1 vflib=1 dir=0 label=0 lowerbound=1 fileNameGp=../../cp2016-max-common-connected-subgraph-paper/datasets/graphsdb/mcs50/m4D/m4Dr2/mcs50_m4Dr2_s35.A02 fileNameGt=../../cp2016-max-common-connected-subgraph-paper/datasets/graphsdb/mcs50/m4D/m4Dr2/mcs50_m4Dr2_s35.B02
Reading graphs...
35 :  70
35 :  68
Initializing...
maxdom : 35
D->valSize : 1225
Solving...
currentSize : 13 <-- 0.020373 s
currentSize : 15 <-- 0.020409 s
currentSize : 18 <-- 0.020947 s
currentSize : 19 <-- 0.021018 s
currentSize : 20 <-- 0.086376 s
currentSize : 21 <-- 3.844654 s
currentSize : 22 <-- 6.811477 s
currentSize : 23 <-- 8.763019 s
currentSize : 24 <-- 236.191055 s
currentSize : 25 <-- 325.910522 s

maxsize : 25
nodes : 73339621.000000
filtered : 1774249740.000000
time : 406.713898
