Parameters: GAD=1 vflib=1 dir=0 label=0 lowerbound=1 fileNameGp=../../cp2016-max-common-connected-subgraph-paper/datasets/graphsdb/mcs50/bvg/b03m/mcs50_b03m_s35.A01 fileNameGt=../../cp2016-max-common-connected-subgraph-paper/datasets/graphsdb/mcs50/bvg/b03m/mcs50_b03m_s35.B01
Reading graphs...
35 :  50
35 :  51
Initializing...
maxdom : 35
D->valSize : 1225
Solving...
currentSize : 8 <-- 0.021226 s
currentSize : 9 <-- 0.021259 s
currentSize : 16 <-- 0.021324 s
currentSize : 17 <-- 0.021688 s
currentSize : 18 <-- 0.022521 s
currentSize : 19 <-- 0.033453 s
currentSize : 20 <-- 0.066993 s
currentSize : 21 <-- 0.069380 s
currentSize : 22 <-- 0.276729 s
currentSize : 23 <-- 0.644748 s
currentSize : 24 <-- 24.905165 s
currentSize : 25 <-- 33.610760 s

maxsize : 25
nodes : 89725018.000000
filtered : 1869621266.000000
time : 464.063171
