Parameters: GAD=1 vflib=1 dir=0 label=0 lowerbound=1 fileNameGp=../../cp2016-max-common-connected-subgraph-paper/datasets/graphsdb/mcs50/rand/r005/mcs50_r005_s25.A07 fileNameGt=../../cp2016-max-common-connected-subgraph-paper/datasets/graphsdb/mcs50/rand/r005/mcs50_r005_s25.B07
Reading graphs...
25 :  34
25 :  34
Initializing...
maxdom : 25
D->valSize : 625
Solving...
currentSize : 13 <-- 0.005254 s
currentSize : 14 <-- 0.005279 s
currentSize : 15 <-- 0.005405 s
currentSize : 16 <-- 0.034432 s
currentSize : 17 <-- 0.034859 s
currentSize : 18 <-- 0.530778 s
currentSize : 19 <-- 0.530945 s
currentSize : 20 <-- 0.531068 s

maxsize : 20
nodes : 216261.000000
filtered : 2948087.000000
time : 0.813080
