Parameters: GAD=1 vflib=1 dir=0 label=0 lowerbound=1 fileNameGp=../../cp2016-max-common-connected-subgraph-paper/datasets/graphsdb/mcs50/bvg/b09/mcs50_b09_s50.A01 fileNameGt=../../cp2016-max-common-connected-subgraph-paper/datasets/graphsdb/mcs50/bvg/b09/mcs50_b09_s50.B01
Reading graphs...
50 :  224
50 :  222
Initializing...
maxdom : 50
D->valSize : 2500
Solving...
currentSize : 18 <-- 0.138332 s
currentSize : 19 <-- 0.138433 s
currentSize : 20 <-- 0.138774 s
currentSize : 21 <-- 0.280655 s
currentSize : 22 <-- 2.171150 s
currentSize : 23 <-- 5.226948 s
currentSize : 24 <-- 12.916974 s

TIMEOUT
maxsize : 24
nodes : 153521593.000000
filtered : 3734996008.000000
time : 1000.000061
