Parameters: GAD=1 vflib=1 dir=0 label=0 lowerbound=1 fileNameGp=../../cp2016-max-common-connected-subgraph-paper/datasets/graphsdb/mcs50/rand/r01/mcs50_r01_s40.A00 fileNameGt=../../cp2016-max-common-connected-subgraph-paper/datasets/graphsdb/mcs50/rand/r01/mcs50_r01_s40.B00
Reading graphs...
40 :  151
40 :  148
Initializing...
maxdom : 40
D->valSize : 1600
Solving...
currentSize : 14 <-- 0.032447 s
currentSize : 16 <-- 0.032554 s
currentSize : 17 <-- 0.032577 s
currentSize : 18 <-- 0.295020 s
currentSize : 19 <-- 1.165126 s
currentSize : 20 <-- 109.943047 s
currentSize : 21 <-- 461.074707 s

TIMEOUT
maxsize : 21
nodes : 186921890.000000
filtered : 3944118605.000000
time : 1000.000061
