Parameters: GAD=1 vflib=1 dir=0 label=0 lowerbound=1 fileNameGp=../../cp2016-max-common-connected-subgraph-paper/datasets/graphsdb/mcs50/m2D/m2Dr4/mcs50_m2Dr4_s30.A08 fileNameGt=../../cp2016-max-common-connected-subgraph-paper/datasets/graphsdb/mcs50/m2D/m2Dr4/mcs50_m2Dr4_s30.B08
Reading graphs...
30 :  60
30 :  58
Initializing...
maxdom : 30
D->valSize : 900
Solving...
currentSize : 16 <-- 0.019133 s
currentSize : 17 <-- 0.019163 s
currentSize : 18 <-- 0.022687 s
currentSize : 19 <-- 0.035036 s
currentSize : 20 <-- 1.414654 s
currentSize : 21 <-- 13.021117 s

maxsize : 21
nodes : 7912617.000000
filtered : 197191189.000000
time : 40.900600
