Parameters: GAD=1 vflib=1 dir=0 label=0 lowerbound=1 fileNameGp=../../cp2016-max-common-connected-subgraph-paper/datasets/graphsdb/mcs50/m4D/m4Dr2/mcs50_m4Dr2_s40.A05 fileNameGt=../../cp2016-max-common-connected-subgraph-paper/datasets/graphsdb/mcs50/m4D/m4Dr2/mcs50_m4Dr2_s40.B05
Reading graphs...
40 :  78
40 :  78
Initializing...
maxdom : 40
D->valSize : 1600
Solving...
currentSize : 14 <-- 0.035524 s
currentSize : 17 <-- 0.035599 s
currentSize : 18 <-- 0.035659 s
currentSize : 19 <-- 0.066242 s
currentSize : 20 <-- 0.211914 s
currentSize : 21 <-- 0.212127 s
currentSize : 22 <-- 1.852057 s
currentSize : 23 <-- 2.183193 s
currentSize : 24 <-- 54.886848 s
currentSize : 25 <-- 601.912781 s
currentSize : 26 <-- 628.194214 s
currentSize : 27 <-- 667.768311 s

TIMEOUT
maxsize : 27
nodes : 197237172.000000
filtered : 3779636357.000000
time : 1000.000000
