Parameters: GAD=1 vflib=1 dir=0 label=0 lowerbound=1 fileNameGp=../../cp2016-max-common-connected-subgraph-paper/datasets/graphsdb/mcs50/bvg/b06/mcs50_b06_s25.A08 fileNameGt=../../cp2016-max-common-connected-subgraph-paper/datasets/graphsdb/mcs50/bvg/b06/mcs50_b06_s25.B08
Reading graphs...
25 :  73
25 :  72
Initializing...
maxdom : 25
D->valSize : 625
Solving...
currentSize : 9 <-- 0.004759 s
currentSize : 10 <-- 0.004776 s
currentSize : 11 <-- 0.004943 s
currentSize : 12 <-- 0.007604 s
currentSize : 13 <-- 0.008119 s
currentSize : 14 <-- 0.011572 s
currentSize : 15 <-- 0.240403 s
currentSize : 16 <-- 7.957565 s

maxsize : 16
nodes : 2135927.000000
filtered : 37483802.000000
time : 8.795826
