Parameters: GAD=1 vflib=1 dir=0 label=0 lowerbound=1 fileNameGp=../../cp2016-max-common-connected-subgraph-paper/datasets/graphsdb/mcs50/bvg/b03/mcs50_b03_s50.A03 fileNameGt=../../cp2016-max-common-connected-subgraph-paper/datasets/graphsdb/mcs50/bvg/b03/mcs50_b03_s50.B03
Reading graphs...
50 :  75
50 :  74
Initializing...
maxdom : 50
D->valSize : 2500
Solving...
currentSize : 18 <-- 0.166165 s
currentSize : 21 <-- 0.166282 s
currentSize : 22 <-- 0.166306 s
currentSize : 23 <-- 0.168389 s
currentSize : 24 <-- 0.171141 s
currentSize : 25 <-- 0.171157 s
currentSize : 26 <-- 0.173061 s
currentSize : 27 <-- 0.243136 s
currentSize : 28 <-- 13.696158 s
currentSize : 29 <-- 13.892751 s
currentSize : 30 <-- 60.110424 s

TIMEOUT
maxsize : 30
nodes : 251683672.000000
filtered : 2348103925.000000
time : 1000.000061
