Parameters: GAD=1 vflib=1 dir=0 label=0 lowerbound=1 fileNameGp=../../cp2016-max-common-connected-subgraph-paper/datasets/graphsdb/mcs50/bvg/b09m/mcs50_b09m_s35.A09 fileNameGt=../../cp2016-max-common-connected-subgraph-paper/datasets/graphsdb/mcs50/bvg/b09m/mcs50_b09m_s35.B09
Reading graphs...
35 :  147
35 :  146
Initializing...
maxdom : 35
D->valSize : 1225
Solving...
currentSize : 11 <-- 0.030939 s
currentSize : 13 <-- 0.031026 s
currentSize : 14 <-- 0.031158 s
currentSize : 15 <-- 0.031770 s
currentSize : 16 <-- 0.035549 s
currentSize : 17 <-- 1.069085 s
currentSize : 18 <-- 103.879883 s

TIMEOUT
maxsize : 18
nodes : 195771065.000000
filtered : 3985573205.000000
time : 1000.000000
