Parameters: GAD=1 vflib=1 dir=0 label=0 lowerbound=1 fileNameGp=../../cp2016-max-common-connected-subgraph-paper/datasets/graphsdb/mcs50/m2D/m2Dr6/mcs50_m2Dr6_s30.A03 fileNameGt=../../cp2016-max-common-connected-subgraph-paper/datasets/graphsdb/mcs50/m2D/m2Dr6/mcs50_m2Dr6_s30.B03
Reading graphs...
30 :  64
30 :  62
Initializing...
maxdom : 30
D->valSize : 900
Solving...
currentSize : 13 <-- 0.018407 s
currentSize : 14 <-- 0.018493 s
currentSize : 15 <-- 0.019259 s
currentSize : 16 <-- 0.020976 s
currentSize : 17 <-- 0.138033 s
currentSize : 18 <-- 0.316234 s
currentSize : 19 <-- 7.103893 s
currentSize : 20 <-- 40.485489 s

maxsize : 20
nodes : 24441219.000000
filtered : 569027677.000000
time : 121.320251
