Parameters: GAD=1 vflib=1 dir=0 label=0 lowerbound=1 fileNameGp=../../cp2016-max-common-connected-subgraph-paper/datasets/graphsdb/mcs50/bvg/b09/mcs50_b09_s50.A06 fileNameGt=../../cp2016-max-common-connected-subgraph-paper/datasets/graphsdb/mcs50/bvg/b09/mcs50_b09_s50.B06
Reading graphs...
50 :  221
50 :  220
Initializing...
maxdom : 50
D->valSize : 2500
Solving...
currentSize : 17 <-- 0.085251 s
currentSize : 18 <-- 0.085760 s
currentSize : 19 <-- 0.088124 s
currentSize : 20 <-- 0.103933 s
currentSize : 21 <-- 2.050972 s
currentSize : 22 <-- 17.241529 s
currentSize : 23 <-- 95.175018 s
currentSize : 24 <-- 681.530396 s

TIMEOUT
maxsize : 24
nodes : 168400274.000000
filtered : 3490297089.000000
time : 1000.000000
