Parameters: GAD=1 vflib=1 dir=0 label=0 lowerbound=1 fileNameGp=../../cp2016-max-common-connected-subgraph-paper/datasets/graphsdb/mcs50/m4D/m4Dr4/mcs50_m4Dr4_s35.A02 fileNameGt=../../cp2016-max-common-connected-subgraph-paper/datasets/graphsdb/mcs50/m4D/m4Dr4/mcs50_m4Dr4_s35.B02
Reading graphs...
35 :  75
35 :  73
Initializing...
maxdom : 35
D->valSize : 1225
Solving...
currentSize : 15 <-- 0.035512 s
currentSize : 17 <-- 0.039009 s
currentSize : 18 <-- 0.039539 s
currentSize : 19 <-- 0.444714 s
currentSize : 20 <-- 1.646224 s
currentSize : 21 <-- 20.019863 s
currentSize : 22 <-- 24.084549 s
currentSize : 23 <-- 62.543205 s

maxsize : 23
nodes : 145644988.000000
filtered : 3877542670.000000
time : 813.719788
