Parameters: GAD=1 vflib=1 dir=0 label=0 lowerbound=1 fileNameGp=../../cp2016-max-common-connected-subgraph-paper/datasets/graphsdb/mcs50/rand/r01/mcs50_r01_s40.A05 fileNameGt=../../cp2016-max-common-connected-subgraph-paper/datasets/graphsdb/mcs50/rand/r01/mcs50_r01_s40.B05
Reading graphs...
40 :  148
40 :  148
Initializing...
maxdom : 40
D->valSize : 1600
Solving...
currentSize : 13 <-- 0.032589 s
currentSize : 14 <-- 0.032613 s
currentSize : 15 <-- 0.033328 s
currentSize : 16 <-- 0.033472 s
currentSize : 17 <-- 0.039823 s
currentSize : 18 <-- 0.080997 s
currentSize : 19 <-- 1.391991 s
currentSize : 20 <-- 3.848452 s
currentSize : 21 <-- 138.104202 s

TIMEOUT
maxsize : 21
nodes : 180494963.000000
filtered : 3950416740.000000
time : 1000.000061
