Parameters: GAD=1 vflib=1 dir=0 label=0 lowerbound=1 fileNameGp=../../cp2016-max-common-connected-subgraph-paper/datasets/graphsdb/mcs50/m4D/m4Dr4/mcs50_m4Dr4_s30.A06 fileNameGt=../../cp2016-max-common-connected-subgraph-paper/datasets/graphsdb/mcs50/m4D/m4Dr4/mcs50_m4Dr4_s30.B06
Reading graphs...
30 :  65
30 :  64
Initializing...
maxdom : 30
D->valSize : 900
Solving...
currentSize : 12 <-- 0.010933 s
currentSize : 13 <-- 0.010961 s
currentSize : 14 <-- 0.011738 s
currentSize : 16 <-- 0.011750 s
currentSize : 17 <-- 0.011832 s
currentSize : 18 <-- 0.018113 s
currentSize : 19 <-- 1.086534 s
currentSize : 20 <-- 36.812103 s

maxsize : 20
nodes : 12939155.000000
filtered : 270903151.000000
time : 61.948029
