Parameters: GAD=1 vflib=1 dir=0 label=0 lowerbound=1 fileNameGp=../../cp2016-max-common-connected-subgraph-paper/datasets/graphsdb/mcs50/m2D/m2Dr2/mcs50_m2Dr2_s30.A08 fileNameGt=../../cp2016-max-common-connected-subgraph-paper/datasets/graphsdb/mcs50/m2D/m2Dr2/mcs50_m2Dr2_s30.B08
Reading graphs...
30 :  54
30 :  54
Initializing...
maxdom : 30
D->valSize : 900
Solving...
currentSize : 15 <-- 0.019129 s
currentSize : 16 <-- 0.022621 s
currentSize : 17 <-- 0.029222 s
currentSize : 18 <-- 0.116490 s
currentSize : 19 <-- 3.098366 s
currentSize : 20 <-- 18.332376 s

maxsize : 20
nodes : 31298240.000000
filtered : 625654126.000000
time : 145.018814
