Parameters: GAD=1 vflib=1 dir=0 label=0 lowerbound=1 fileNameGp=../../cp2016-max-common-connected-subgraph-paper/datasets/graphsdb/mcs50/bvg/b03/mcs50_b03_s50.A01 fileNameGt=../../cp2016-max-common-connected-subgraph-paper/datasets/graphsdb/mcs50/bvg/b03/mcs50_b03_s50.B01
Reading graphs...
50 :  75
50 :  75
Initializing...
maxdom : 50
D->valSize : 2500
Solving...
currentSize : 22 <-- 0.097818 s
currentSize : 23 <-- 0.098001 s
currentSize : 24 <-- 0.098033 s
currentSize : 25 <-- 0.098841 s
currentSize : 26 <-- 0.106426 s
currentSize : 27 <-- 0.107935 s
currentSize : 28 <-- 0.113323 s
currentSize : 29 <-- 1.004288 s
currentSize : 30 <-- 25.087511 s
currentSize : 31 <-- 252.433838 s
currentSize : 32 <-- 252.439575 s

TIMEOUT
maxsize : 32
nodes : 200591602.000000
filtered : 2844227758.000000
time : 1000.000061
