Parameters: GAD=1 vflib=1 dir=0 label=0 lowerbound=1 fileNameGp=../../cp2016-max-common-connected-subgraph-paper/datasets/graphsdb/mcs50/bvg/b06m/mcs50_b06m_s25.A05 fileNameGt=../../cp2016-max-common-connected-subgraph-paper/datasets/graphsdb/mcs50/bvg/b06m/mcs50_b06m_s25.B05
Reading graphs...
25 :  74
25 :  72
Initializing...
maxdom : 25
D->valSize : 625
Solving...
currentSize : 8 <-- 0.008080 s
currentSize : 10 <-- 0.008129 s
currentSize : 11 <-- 0.008306 s
currentSize : 12 <-- 0.008423 s
currentSize : 13 <-- 0.009889 s
currentSize : 14 <-- 0.024431 s
currentSize : 15 <-- 3.550056 s

maxsize : 15
nodes : 2533138.000000
filtered : 45993816.000000
time : 10.427419
