Parameters: GAD=1 vflib=1 dir=0 label=0 lowerbound=1 fileNameGp=../../cp2016-max-common-connected-subgraph-paper/datasets/graphsdb/mcs50/m2D/m2Dr6/mcs50_m2Dr6_s30.A02 fileNameGt=../../cp2016-max-common-connected-subgraph-paper/datasets/graphsdb/mcs50/m2D/m2Dr6/mcs50_m2Dr6_s30.B02
Reading graphs...
30 :  65
30 :  64
Initializing...
maxdom : 30
D->valSize : 900
Solving...
currentSize : 14 <-- 0.010578 s
currentSize : 15 <-- 0.010599 s
currentSize : 16 <-- 0.010938 s
currentSize : 17 <-- 0.014103 s
currentSize : 18 <-- 0.053097 s
currentSize : 19 <-- 2.387670 s
currentSize : 20 <-- 21.396959 s

maxsize : 20
nodes : 17015793.000000
filtered : 384864588.000000
time : 83.537956
