Parameters: GAD=1 vflib=1 dir=0 label=0 lowerbound=1 fileNameGp=../../cp2016-max-common-connected-subgraph-paper/datasets/graphsdb/mcs50/bvg/b06/mcs50_b06_s40.A02 fileNameGt=../../cp2016-max-common-connected-subgraph-paper/datasets/graphsdb/mcs50/bvg/b06/mcs50_b06_s40.B02
Reading graphs...
40 :  119
40 :  120
Initializing...
maxdom : 40
D->valSize : 1600
Solving...
currentSize : 14 <-- 0.033885 s
currentSize : 16 <-- 0.033909 s
currentSize : 17 <-- 0.033983 s
currentSize : 18 <-- 0.034357 s
currentSize : 19 <-- 0.062405 s
currentSize : 20 <-- 1.567702 s
currentSize : 21 <-- 2.813698 s
currentSize : 22 <-- 16.145674 s

TIMEOUT
maxsize : 22
nodes : 176300417.000000
filtered : 4403724012.000000
time : 1000.000061
