Parameters: GAD=1 vflib=1 dir=0 label=0 lowerbound=1 fileNameGp=../../cp2016-max-common-connected-subgraph-paper/datasets/graphsdb/mcs50/m2D/m2D/mcs50_m2D_s50.A07 fileNameGt=../../cp2016-max-common-connected-subgraph-paper/datasets/graphsdb/mcs50/m2D/m2D/mcs50_m2D_s50.B07
Reading graphs...
50 :  85
50 :  84
Initializing...
maxdom : 50
D->valSize : 2500
Solving...
currentSize : 22 <-- 0.118641 s
currentSize : 23 <-- 0.119478 s
currentSize : 24 <-- 0.119496 s
currentSize : 25 <-- 0.175725 s
currentSize : 26 <-- 0.175741 s
currentSize : 27 <-- 0.175860 s
currentSize : 28 <-- 1.087482 s
currentSize : 29 <-- 16.489965 s
currentSize : 30 <-- 93.609505 s

TIMEOUT
maxsize : 30
nodes : 228958254.000000
filtered : 2535449022.000000
time : 1000.000061
