Parameters: GAD=1 vflib=1 dir=0 label=0 lowerbound=1 fileNameGp=../../cp2016-max-common-connected-subgraph-paper/datasets/graphsdb/mcs50/m4D/m4D/mcs50_m4D_s30.A04 fileNameGt=../../cp2016-max-common-connected-subgraph-paper/datasets/graphsdb/mcs50/m4D/m4D/mcs50_m4D_s30.B04
Reading graphs...
30 :  55
30 :  55
Initializing...
maxdom : 30
D->valSize : 900
Solving...
currentSize : 14 <-- 0.011013 s
currentSize : 15 <-- 0.011209 s
currentSize : 16 <-- 0.013787 s
currentSize : 17 <-- 0.018866 s
currentSize : 18 <-- 0.151539 s
currentSize : 19 <-- 0.233502 s
currentSize : 20 <-- 0.239616 s
currentSize : 21 <-- 0.273854 s
currentSize : 22 <-- 5.782324 s

maxsize : 22
nodes : 2417055.000000
filtered : 53141248.000000
time : 11.914904
