Parameters: GAD=1 vflib=1 dir=0 label=0 lowerbound=1 fileNameGp=../../cp2016-max-common-connected-subgraph-paper/datasets/graphsdb/mcs50/m4D/m4D/mcs50_m4D_s40.A06 fileNameGt=../../cp2016-max-common-connected-subgraph-paper/datasets/graphsdb/mcs50/m4D/m4D/mcs50_m4D_s40.B06
Reading graphs...
40 :  70
40 :  70
Initializing...
maxdom : 40
D->valSize : 1600
Solving...
currentSize : 11 <-- 0.057821 s
currentSize : 12 <-- 0.071333 s
currentSize : 13 <-- 0.107519 s
currentSize : 16 <-- 0.151863 s
currentSize : 17 <-- 0.151918 s
currentSize : 18 <-- 0.158466 s
currentSize : 19 <-- 0.180321 s
currentSize : 20 <-- 0.187594 s
currentSize : 21 <-- 0.780590 s
currentSize : 22 <-- 0.850143 s
currentSize : 23 <-- 1.006285 s
currentSize : 24 <-- 37.504383 s
currentSize : 25 <-- 65.458092 s
currentSize : 26 <-- 95.439857 s
currentSize : 27 <-- 95.441437 s
currentSize : 28 <-- 614.442932 s

TIMEOUT
maxsize : 28
nodes : 172086662.000000
filtered : 4138757927.000000
time : 1000.000000
