Parameters: GAD=1 vflib=1 dir=0 label=0 lowerbound=1 fileNameGp=../../cp2016-max-common-connected-subgraph-paper/datasets/graphsdb/mcs50/bvg/b06/mcs50_b06_s50.A01 fileNameGt=../../cp2016-max-common-connected-subgraph-paper/datasets/graphsdb/mcs50/bvg/b06/mcs50_b06_s50.B01
Reading graphs...
50 :  148
50 :  149
Initializing...
maxdom : 50
D->valSize : 2500
Solving...
currentSize : 19 <-- 0.090449 s
currentSize : 20 <-- 0.090507 s
currentSize : 21 <-- 0.092438 s
currentSize : 22 <-- 0.093980 s
currentSize : 23 <-- 0.817128 s
currentSize : 24 <-- 0.837661 s
currentSize : 25 <-- 18.255213 s
currentSize : 26 <-- 225.889572 s

TIMEOUT
maxsize : 26
nodes : 172924937.000000
filtered : 4087015057.000000
time : 1000.000061
