Parameters: GAD=1 vflib=1 dir=0 label=0 lowerbound=1 fileNameGp=../../cp2016-max-common-connected-subgraph-paper/datasets/graphsdb/mcs50/rand/r005/mcs50_r005_s35.A06 fileNameGt=../../cp2016-max-common-connected-subgraph-paper/datasets/graphsdb/mcs50/rand/r005/mcs50_r005_s35.B06
Reading graphs...
35 :  61
35 :  61
Initializing...
maxdom : 35
D->valSize : 1225
Solving...
currentSize : 16 <-- 0.020736 s
currentSize : 17 <-- 0.020808 s
currentSize : 18 <-- 0.020866 s
currentSize : 19 <-- 0.069652 s
currentSize : 20 <-- 0.104573 s
currentSize : 21 <-- 0.149938 s
currentSize : 22 <-- 6.604797 s
currentSize : 23 <-- 14.176123 s
currentSize : 24 <-- 29.700848 s
currentSize : 25 <-- 152.064240 s

maxsize : 25
nodes : 107320818.000000
filtered : 2829660038.000000
time : 623.093628
