Parameters: GAD=1 vflib=1 dir=0 label=0 lowerbound=1 fileNameGp=../../cp2016-max-common-connected-subgraph-paper/datasets/graphsdb/mcs50/rand/r01/mcs50_r01_s35.A04 fileNameGt=../../cp2016-max-common-connected-subgraph-paper/datasets/graphsdb/mcs50/rand/r01/mcs50_r01_s35.B04
Reading graphs...
35 :  112
35 :  112
Initializing...
maxdom : 35
D->valSize : 1225
Solving...
currentSize : 13 <-- 0.034179 s
currentSize : 15 <-- 0.034264 s
currentSize : 16 <-- 0.042088 s
currentSize : 17 <-- 0.055019 s
currentSize : 18 <-- 0.060017 s
currentSize : 19 <-- 0.615475 s
currentSize : 20 <-- 41.431786 s

TIMEOUT
maxsize : 20
nodes : 186890244.000000
filtered : 4239348728.000000
time : 1000.000061
