Parameters: GAD=1 vflib=1 dir=0 label=0 lowerbound=1 fileNameGp=../../cp2016-max-common-connected-subgraph-paper/datasets/graphsdb/mcs70/bvg/b09m/mcs70_b09m_s25.A00 fileNameGt=../../cp2016-max-common-connected-subgraph-paper/datasets/graphsdb/mcs70/bvg/b09m/mcs70_b09m_s25.B00
Reading graphs...
25 :  107
25 :  103
Initializing...
maxdom : 25
D->valSize : 625
Solving...
currentSize : 9 <-- 0.004640 s
currentSize : 10 <-- 0.004728 s
currentSize : 11 <-- 0.006403 s
currentSize : 12 <-- 0.012970 s
currentSize : 13 <-- 0.217829 s
currentSize : 14 <-- 3.483864 s
currentSize : 16 <-- 6.307931 s

maxsize : 16
nodes : 1799003.000000
filtered : 27423111.000000
time : 7.104880
