Parameters: GAD=1 vflib=1 dir=0 label=0 lowerbound=1 fileNameGp=../../cp2016-max-common-connected-subgraph-paper/datasets/graphsdb/mcs70/bvg/b09/mcs70_b09_s40.A02 fileNameGt=../../cp2016-max-common-connected-subgraph-paper/datasets/graphsdb/mcs70/bvg/b09/mcs70_b09_s40.B02
Reading graphs...
40 :  176
40 :  175
Initializing...
maxdom : 40
D->valSize : 1600
Solving...
currentSize : 18 <-- 0.056460 s
currentSize : 19 <-- 0.057663 s
currentSize : 20 <-- 0.058510 s
currentSize : 21 <-- 0.071640 s
currentSize : 24 <-- 0.071841 s
currentSize : 25 <-- 0.258045 s
currentSize : 26 <-- 0.384665 s
currentSize : 28 <-- 0.385476 s
currentSize : 29 <-- 2.462623 s

maxsize : 29
nodes : 6740441.000000
filtered : 368664487.000000
time : 55.154343
