Parameters: GAD=1 vflib=1 dir=0 label=0 lowerbound=1 fileNameGp=../../cp2016-max-common-connected-subgraph-paper/datasets/graphsdb/mcs70/m3D/m3Dr4/mcs70_m3Dr4_s35.A01 fileNameGt=../../cp2016-max-common-connected-subgraph-paper/datasets/graphsdb/mcs70/m3D/m3Dr4/mcs70_m3Dr4_s35.B01
Reading graphs...
35 :  86
35 :  85
Initializing...
maxdom : 35
D->valSize : 1225
Solving...
currentSize : 16 <-- 0.019699 s
currentSize : 17 <-- 0.019731 s
currentSize : 18 <-- 0.031847 s
currentSize : 19 <-- 0.034891 s
currentSize : 20 <-- 0.088246 s
currentSize : 21 <-- 52.035049 s
currentSize : 22 <-- 594.585388 s
currentSize : 23 <-- 845.414001 s
currentSize : 24 <-- 845.546326 s
currentSize : 27 <-- 845.557312 s

maxsize : 27
nodes : 170651922.000000
filtered : 3621436807.000000
time : 859.528503
