Parameters: GAD=1 vflib=1 dir=0 label=0 lowerbound=1 fileNameGp=../../cp2016-max-common-connected-subgraph-paper/datasets/graphsdb/mcs70/m2D/m2Dr4/mcs70_m2Dr4_s40.A04 fileNameGt=../../cp2016-max-common-connected-subgraph-paper/datasets/graphsdb/mcs70/m2D/m2Dr4/mcs70_m2Dr4_s40.B04
Reading graphs...
40 :  82
40 :  81
Initializing...
maxdom : 40
D->valSize : 1600
Solving...
currentSize : 18 <-- 0.035358 s
currentSize : 20 <-- 0.035391 s
currentSize : 21 <-- 0.036182 s
currentSize : 22 <-- 0.448969 s
currentSize : 23 <-- 7.470042 s
currentSize : 24 <-- 7.765855 s
currentSize : 25 <-- 14.178043 s

TIMEOUT
maxsize : 25
nodes : 179856935.000000
filtered : 4085585727.000000
time : 1000.000061
