Parameters: GAD=1 vflib=1 dir=0 label=0 lowerbound=1 fileNameGp=../../cp2016-max-common-connected-subgraph-paper/datasets/graphsdb/mcs70/m2D/m2Dr6/mcs70_m2Dr6_s35.A02 fileNameGt=../../cp2016-max-common-connected-subgraph-paper/datasets/graphsdb/mcs70/m2D/m2Dr6/mcs70_m2Dr6_s35.B02
Reading graphs...
35 :  78
35 :  78
Initializing...
maxdom : 35
D->valSize : 1225
Solving...
currentSize : 16 <-- 0.035085 s
currentSize : 17 <-- 0.035112 s
currentSize : 18 <-- 0.035902 s
currentSize : 19 <-- 0.067214 s
currentSize : 20 <-- 0.067238 s
currentSize : 21 <-- 3.647416 s
currentSize : 22 <-- 65.715271 s
currentSize : 23 <-- 92.281296 s
currentSize : 25 <-- 365.617981 s

maxsize : 25
nodes : 78667002.000000
filtered : 2198134074.000000
time : 452.758667
