Parameters: GAD=1 vflib=1 dir=0 label=0 lowerbound=1 fileNameGp=../../cp2016-max-common-connected-subgraph-paper/datasets/graphsdb/mcs70/bvg/b06m/mcs70_b06m_s30.A01 fileNameGt=../../cp2016-max-common-connected-subgraph-paper/datasets/graphsdb/mcs70/bvg/b06m/mcs70_b06m_s30.B01
Reading graphs...
30 :  86
30 :  85
Initializing...
maxdom : 30
D->valSize : 900
Solving...
currentSize : 12 <-- 0.017876 s
currentSize : 13 <-- 0.018108 s
currentSize : 14 <-- 0.018566 s
currentSize : 15 <-- 0.026344 s
currentSize : 16 <-- 0.096001 s
currentSize : 17 <-- 0.320357 s
currentSize : 18 <-- 7.126993 s
currentSize : 20 <-- 24.156780 s
currentSize : 21 <-- 24.156832 s

maxsize : 21
nodes : 6036565.000000
filtered : 145243974.000000
time : 30.059853
