Parameters: GAD=1 vflib=1 dir=0 label=0 lowerbound=1 fileNameGp=../../cp2016-max-common-connected-subgraph-paper/datasets/graphsdb/mcs70/bvg/b06m/mcs70_b06m_s35.A04 fileNameGt=../../cp2016-max-common-connected-subgraph-paper/datasets/graphsdb/mcs70/bvg/b06m/mcs70_b06m_s35.B04
Reading graphs...
35 :  100
35 :  100
Initializing...
maxdom : 35
D->valSize : 1225
Solving...
currentSize : 13 <-- 0.019190 s
currentSize : 14 <-- 0.019306 s
currentSize : 15 <-- 0.020031 s
currentSize : 16 <-- 0.020258 s
currentSize : 17 <-- 0.030659 s
currentSize : 18 <-- 0.380999 s
currentSize : 19 <-- 0.903632 s
currentSize : 20 <-- 10.395865 s
currentSize : 21 <-- 329.966187 s
currentSize : 22 <-- 383.976257 s
currentSize : 23 <-- 430.351868 s
currentSize : 24 <-- 430.351990 s

maxsize : 24
nodes : 86140553.000000
filtered : 2317852442.000000
time : 483.578461
