Parameters: GAD=1 vflib=1 dir=0 label=0 lowerbound=1 fileNameGp=../../cp2016-max-common-connected-subgraph-paper/datasets/graphsdb/mcs70/m2D/m2D/mcs70_m2D_s40.A01 fileNameGt=../../cp2016-max-common-connected-subgraph-paper/datasets/graphsdb/mcs70/m2D/m2D/mcs70_m2D_s40.B01
Reading graphs...
40 :  67
40 :  67
Initializing...
maxdom : 40
D->valSize : 1600
Solving...
currentSize : 21 <-- 0.036119 s
currentSize : 22 <-- 0.036443 s
currentSize : 23 <-- 0.046579 s
currentSize : 24 <-- 0.091897 s
currentSize : 25 <-- 1.092613 s
currentSize : 26 <-- 1.181321 s
currentSize : 27 <-- 2.134322 s
currentSize : 28 <-- 92.412086 s

TIMEOUT
maxsize : 28
nodes : 159222564.000000
filtered : 4294174111.000000
time : 1000.000000
