Parameters: GAD=1 vflib=1 dir=0 label=0 lowerbound=1 fileNameGp=../../cp2016-max-common-connected-subgraph-paper/datasets/graphsdb/mcs70/bvg/b03/mcs70_b03_s35.A05 fileNameGt=../../cp2016-max-common-connected-subgraph-paper/datasets/graphsdb/mcs70/bvg/b03/mcs70_b03_s35.B05
Reading graphs...
35 :  52
35 :  52
Initializing...
maxdom : 35
D->valSize : 1225
Solving...
currentSize : 18 <-- 0.036682 s
currentSize : 19 <-- 0.036714 s
currentSize : 20 <-- 0.037022 s
currentSize : 21 <-- 0.037223 s
currentSize : 22 <-- 0.037936 s
currentSize : 23 <-- 0.624362 s
currentSize : 24 <-- 1.073552 s
currentSize : 25 <-- 5.127685 s
currentSize : 26 <-- 6.797343 s
currentSize : 27 <-- 103.787727 s

maxsize : 27
nodes : 24380201.000000
filtered : 624284061.000000
time : 138.582382
