Parameters: GAD=1 vflib=1 dir=0 label=0 lowerbound=1 fileNameGp=../../cp2016-max-common-connected-subgraph-paper/datasets/graphsdb/mcs70/bvg/b09/mcs70_b09_s35.A03 fileNameGt=../../cp2016-max-common-connected-subgraph-paper/datasets/graphsdb/mcs70/bvg/b09/mcs70_b09_s35.B03
Reading graphs...
35 :  157
35 :  157
Initializing...
maxdom : 35
D->valSize : 1225
Solving...
currentSize : 12 <-- 0.032121 s
currentSize : 13 <-- 0.032941 s
currentSize : 14 <-- 0.033293 s
currentSize : 17 <-- 0.076827 s
currentSize : 18 <-- 4.005121 s
currentSize : 20 <-- 4.006589 s
currentSize : 21 <-- 4.046866 s
currentSize : 24 <-- 4.046943 s
currentSize : 25 <-- 7.484017 s

maxsize : 25
nodes : 2945767.000000
filtered : 105950854.000000
time : 18.890596
