Parameters: GAD=1 vflib=1 dir=0 label=0 lowerbound=1 fileNameGp=../../cp2016-max-common-connected-subgraph-paper/datasets/graphsdb/mcs70/rand/r005/mcs70_r005_s20.A02 fileNameGt=../../cp2016-max-common-connected-subgraph-paper/datasets/graphsdb/mcs70/rand/r005/mcs70_r005_s20.B02
Reading graphs...
20 :  23
20 :  23
Initializing...
maxdom : 20
D->valSize : 400
Solving...
currentSize : 8 <-- 0.003797 s
currentSize : 10 <-- 0.003821 s
currentSize : 11 <-- 0.003872 s
currentSize : 12 <-- 0.016476 s
currentSize : 13 <-- 0.028556 s
currentSize : 14 <-- 0.029344 s
currentSize : 15 <-- 0.058912 s

maxsize : 15
nodes : 47263.000000
filtered : 483077.000000
time : 0.166609
