Parameters: GAD=1 vflib=1 dir=0 label=0 lowerbound=1 fileNameGp=../../cp2016-max-common-connected-subgraph-paper/datasets/graphsdb/mcs70/m2D/m2D/mcs70_m2D_s50.A08 fileNameGt=../../cp2016-max-common-connected-subgraph-paper/datasets/graphsdb/mcs70/m2D/m2D/mcs70_m2D_s50.B08
Reading graphs...
50 :  85
50 :  85
Initializing...
maxdom : 50
D->valSize : 2500
Solving...
currentSize : 26 <-- 0.096695 s
currentSize : 27 <-- 0.096724 s
currentSize : 28 <-- 0.146484 s
currentSize : 29 <-- 1.795750 s
currentSize : 30 <-- 10.548084 s
currentSize : 31 <-- 68.598206 s
currentSize : 32 <-- 245.168381 s
currentSize : 34 <-- 245.170242 s
currentSize : 35 <-- 245.266617 s
currentSize : 36 <-- 322.262787 s
currentSize : 37 <-- 551.271545 s

TIMEOUT
maxsize : 37
nodes : 132428241.000000
filtered : 3988617048.000000
time : 1000.000061
