Parameters: GAD=1 vflib=1 dir=0 label=0 lowerbound=1 fileNameGp=../../cp2016-max-common-connected-subgraph-paper/datasets/graphsdb/mcs70/rand/r02/mcs70_r02_s40.A02 fileNameGt=../../cp2016-max-common-connected-subgraph-paper/datasets/graphsdb/mcs70/rand/r02/mcs70_r02_s40.B02
Reading graphs...
40 :  286
40 :  277
Initializing...
maxdom : 40
D->valSize : 1600
Solving...
currentSize : 10 <-- 0.029387 s
currentSize : 11 <-- 0.029432 s
currentSize : 12 <-- 0.029475 s
currentSize : 13 <-- 0.029599 s
currentSize : 14 <-- 0.031030 s
currentSize : 15 <-- 0.052442 s
currentSize : 16 <-- 490.121948 s
currentSize : 17 <-- 579.842285 s
currentSize : 18 <-- 894.435730 s

TIMEOUT
maxsize : 18
nodes : 214018857.000000
filtered : 2560832031.000000
time : 1000.000061
