Parameters: GAD=1 vflib=1 dir=0 label=0 lowerbound=1 fileNameGp=../../cp2016-max-common-connected-subgraph-paper/datasets/graphsdb/mcs70/bvg/b06/mcs70_b06_s50.A04 fileNameGt=../../cp2016-max-common-connected-subgraph-paper/datasets/graphsdb/mcs70/bvg/b06/mcs70_b06_s50.B04
Reading graphs...
50 :  149
50 :  149
Initializing...
maxdom : 50
D->valSize : 2500
Solving...
currentSize : 21 <-- 0.090808 s
currentSize : 22 <-- 0.091022 s
currentSize : 23 <-- 0.095938 s
currentSize : 24 <-- 0.167752 s
currentSize : 25 <-- 13.492215 s
currentSize : 26 <-- 23.487566 s
currentSize : 27 <-- 226.898453 s
currentSize : 28 <-- 903.007141 s

TIMEOUT
maxsize : 28
nodes : 149997844.000000
filtered : 3884893933.000000
time : 1000.000061
