Parameters: GAD=1 vflib=1 dir=0 label=0 lowerbound=1 fileNameGp=../../cp2016-max-common-connected-subgraph-paper/datasets/graphsdb/mcs70/m3D/m3D/mcs70_m3D_s40.A05 fileNameGt=../../cp2016-max-common-connected-subgraph-paper/datasets/graphsdb/mcs70/m3D/m3D/mcs70_m3D_s40.B05
Reading graphs...
40 :  84
40 :  84
Initializing...
maxdom : 40
D->valSize : 1600
Solving...
currentSize : 20 <-- 0.035725 s
currentSize : 21 <-- 0.035762 s
currentSize : 22 <-- 0.035781 s
currentSize : 23 <-- 0.037152 s
currentSize : 24 <-- 0.066939 s
currentSize : 26 <-- 0.374516 s
currentSize : 27 <-- 0.519608 s
currentSize : 29 <-- 0.534630 s

TIMEOUT
maxsize : 29
nodes : 132263297.000000
filtered : 5234731019.000000
time : 1000.000061
