Parameters: GAD=1 vflib=1 dir=0 label=0 lowerbound=1 fileNameGp=../../cp2016-max-common-connected-subgraph-paper/datasets/graphsdb/mcs70/m2D/m2Dr2/mcs70_m2Dr2_s35.A08 fileNameGt=../../cp2016-max-common-connected-subgraph-paper/datasets/graphsdb/mcs70/m2D/m2Dr2/mcs70_m2Dr2_s35.B08
Reading graphs...
35 :  65
35 :  64
Initializing...
maxdom : 35
D->valSize : 1225
Solving...
currentSize : 11 <-- 0.020602 s
currentSize : 13 <-- 0.020630 s
currentSize : 15 <-- 0.020931 s
currentSize : 16 <-- 0.033557 s
currentSize : 17 <-- 0.033591 s
currentSize : 18 <-- 0.033746 s
currentSize : 19 <-- 0.037376 s
currentSize : 20 <-- 0.223936 s
currentSize : 21 <-- 2.656146 s
currentSize : 22 <-- 3.998743 s
currentSize : 23 <-- 42.927509 s
currentSize : 24 <-- 99.465454 s
currentSize : 25 <-- 152.118790 s

maxsize : 25
nodes : 68758860.000000
filtered : 1863681929.000000
time : 398.973267
