Parameters: GAD=1 vflib=1 dir=0 label=0 lowerbound=1 fileNameGp=../../cp2016-max-common-connected-subgraph-paper/datasets/graphsdb/mcs70/bvg/b06/mcs70_b06_s40.A07 fileNameGt=../../cp2016-max-common-connected-subgraph-paper/datasets/graphsdb/mcs70/bvg/b06/mcs70_b06_s40.B07
Reading graphs...
40 :  120
40 :  120
Initializing...
maxdom : 40
D->valSize : 1600
Solving...
currentSize : 19 <-- 0.059304 s
currentSize : 20 <-- 0.059381 s
currentSize : 21 <-- 0.237405 s
currentSize : 22 <-- 1.156215 s
currentSize : 23 <-- 2.133672 s
currentSize : 24 <-- 3.889620 s
currentSize : 25 <-- 30.685673 s
currentSize : 26 <-- 30.685760 s
currentSize : 27 <-- 30.686584 s
currentSize : 28 <-- 30.697264 s
currentSize : 29 <-- 41.787346 s

maxsize : 29
nodes : 32814879.000000
filtered : 1618549551.000000
time : 277.804504
