Parameters: GAD=1 vflib=1 dir=0 label=0 lowerbound=1 fileNameGp=../../cp2016-max-common-connected-subgraph-paper/datasets/graphsdb/mcs70/bvg/b06/mcs70_b06_s40.A00 fileNameGt=../../cp2016-max-common-connected-subgraph-paper/datasets/graphsdb/mcs70/bvg/b06/mcs70_b06_s40.B00
Reading graphs...
40 :  119
40 :  118
Initializing...
maxdom : 40
D->valSize : 1600
Solving...
currentSize : 20 <-- 0.033631 s
currentSize : 21 <-- 0.038875 s
currentSize : 22 <-- 0.092042 s
currentSize : 23 <-- 0.658009 s
currentSize : 24 <-- 1.926764 s
currentSize : 26 <-- 2.740287 s
currentSize : 27 <-- 7.177584 s
currentSize : 28 <-- 7.633237 s
currentSize : 29 <-- 24.820812 s
currentSize : 30 <-- 62.757008 s

maxsize : 30
nodes : 17185419.000000
filtered : 915618900.000000
time : 151.666260
