Parameters: GAD=1 vflib=1 dir=0 label=0 lowerbound=1 fileNameGp=../../cp2016-max-common-connected-subgraph-paper/datasets/graphsdb/mcs70/bvg/b09/mcs70_b09_s40.A04 fileNameGt=../../cp2016-max-common-connected-subgraph-paper/datasets/graphsdb/mcs70/bvg/b09/mcs70_b09_s40.B04
Reading graphs...
40 :  180
40 :  177
Initializing...
maxdom : 40
D->valSize : 1600
Solving...
currentSize : 15 <-- 0.055034 s
currentSize : 16 <-- 0.055445 s
currentSize : 17 <-- 0.129165 s
currentSize : 19 <-- 0.348178 s
currentSize : 20 <-- 4.573347 s
currentSize : 21 <-- 4.574813 s
currentSize : 24 <-- 4.574967 s
currentSize : 25 <-- 4.581128 s
currentSize : 26 <-- 6.316358 s
currentSize : 29 <-- 6.316418 s

maxsize : 29
nodes : 7404766.000000
filtered : 384307621.000000
time : 58.880760
