Parameters: GAD=1 vflib=1 dir=0 label=0 lowerbound=1 fileNameGp=../../cp2016-max-common-connected-subgraph-paper/datasets/graphsdb/mcs70/m2D/m2Dr4/mcs70_m2Dr4_s35.A03 fileNameGt=../../cp2016-max-common-connected-subgraph-paper/datasets/graphsdb/mcs70/m2D/m2Dr4/mcs70_m2Dr4_s35.B03
Reading graphs...
35 :  71
35 :  69
Initializing...
maxdom : 35
D->valSize : 1225
Solving...
currentSize : 16 <-- 0.020342 s
currentSize : 17 <-- 0.020527 s
currentSize : 20 <-- 0.022288 s
currentSize : 21 <-- 0.025497 s
currentSize : 22 <-- 0.231612 s
currentSize : 23 <-- 26.101835 s
currentSize : 24 <-- 38.266266 s
currentSize : 25 <-- 238.661545 s

maxsize : 25
nodes : 77803015.000000
filtered : 2301963889.000000
time : 460.124298
