Parameters: GAD=1 vflib=1 dir=0 label=0 lowerbound=1 fileNameGp=../../cp2016-max-common-connected-subgraph-paper/datasets/graphsdb/mcs70/rand/r02/mcs70_r02_s25.A08 fileNameGt=../../cp2016-max-common-connected-subgraph-paper/datasets/graphsdb/mcs70/rand/r02/mcs70_r02_s25.B08
Reading graphs...
25 :  106
25 :  107
Initializing...
maxdom : 25
D->valSize : 625
Solving...
currentSize : 8 <-- 0.004782 s
currentSize : 9 <-- 0.004818 s
currentSize : 10 <-- 0.004829 s
currentSize : 11 <-- 0.004922 s
currentSize : 12 <-- 0.008990 s
currentSize : 13 <-- 1.643981 s
currentSize : 17 <-- 6.284019 s

maxsize : 17
nodes : 1804741.000000
filtered : 25900801.000000
time : 6.965935
