Parameters: GAD=1 vflib=1 dir=0 label=0 lowerbound=1 fileNameGp=../../cp2016-max-common-connected-subgraph-paper/datasets/graphsdb/mcs70/m4D/m4D/mcs70_m4D_s25.A07 fileNameGt=../../cp2016-max-common-connected-subgraph-paper/datasets/graphsdb/mcs70/m4D/m4D/mcs70_m4D_s25.B07
Reading graphs...
25 :  46
25 :  46
Initializing...
maxdom : 25
D->valSize : 625
Solving...
currentSize : 8 <-- 0.005170 s
currentSize : 12 <-- 0.005355 s
currentSize : 13 <-- 0.006026 s
currentSize : 14 <-- 0.006425 s
currentSize : 15 <-- 0.006436 s
currentSize : 16 <-- 0.241382 s
currentSize : 17 <-- 0.275324 s
currentSize : 18 <-- 0.292456 s
currentSize : 19 <-- 0.334161 s

maxsize : 19
nodes : 187356.000000
filtered : 3418021.000000
time : 0.745734
