Parameters: GAD=1 vflib=1 dir=0 label=0 lowerbound=1 fileNameGp=../../cp2016-max-common-connected-subgraph-paper/datasets/graphsdb/mcs70/m2D/m2Dr6/mcs70_m2Dr6_s50.A09 fileNameGt=../../cp2016-max-common-connected-subgraph-paper/datasets/graphsdb/mcs70/m2D/m2Dr6/mcs70_m2Dr6_s50.B09
Reading graphs...
50 :  114
50 :  113
Initializing...
maxdom : 50
D->valSize : 2500
Solving...
currentSize : 20 <-- 0.113466 s
currentSize : 21 <-- 0.113490 s
currentSize : 23 <-- 0.113532 s
currentSize : 24 <-- 0.119489 s
currentSize : 25 <-- 0.121948 s
currentSize : 26 <-- 1.948614 s
currentSize : 27 <-- 78.860222 s
currentSize : 28 <-- 550.505920 s
currentSize : 29 <-- 551.029114 s

TIMEOUT
maxsize : 29
nodes : 188424949.000000
filtered : 3202072357.000000
time : 1000.000061
