Parameters: GAD=1 vflib=1 dir=0 label=0 lowerbound=1 fileNameGp=../../cp2016-max-common-connected-subgraph-paper/datasets/graphsdb/mcs70/bvg/b03/mcs70_b03_s35.A09 fileNameGt=../../cp2016-max-common-connected-subgraph-paper/datasets/graphsdb/mcs70/bvg/b03/mcs70_b03_s35.B09
Reading graphs...
35 :  52
35 :  51
Initializing...
maxdom : 35
D->valSize : 1225
Solving...
currentSize : 23 <-- 0.021028 s
currentSize : 24 <-- 0.021050 s
currentSize : 25 <-- 0.021625 s
currentSize : 26 <-- 0.094653 s
currentSize : 27 <-- 4.263288 s
currentSize : 28 <-- 23.165188 s

maxsize : 28
nodes : 5593922.000000
filtered : 150813515.000000
time : 32.905815
