Parameters: GAD=1 vflib=1 dir=0 label=0 lowerbound=1 fileNameGp=../../cp2016-max-common-connected-subgraph-paper/datasets/graphsdb/mcs70/m2D/m2Dr6/mcs70_m2Dr6_s35.A06 fileNameGt=../../cp2016-max-common-connected-subgraph-paper/datasets/graphsdb/mcs70/m2D/m2Dr6/mcs70_m2Dr6_s35.B06
Reading graphs...
35 :  79
35 :  78
Initializing...
maxdom : 35
D->valSize : 1225
Solving...
currentSize : 16 <-- 0.035017 s
currentSize : 17 <-- 0.035371 s
currentSize : 18 <-- 0.035716 s
currentSize : 19 <-- 0.037949 s
currentSize : 20 <-- 0.038020 s
currentSize : 21 <-- 0.110878 s
currentSize : 22 <-- 22.532660 s
currentSize : 25 <-- 382.635803 s

maxsize : 25
nodes : 94066785.000000
filtered : 2475788483.000000
time : 530.656494
