Parameters: GAD=1 vflib=1 dir=0 label=0 lowerbound=1 fileNameGp=../../cp2016-max-common-connected-subgraph-paper/datasets/graphsdb/mcs70/bvg/b09/mcs70_b09_s30.A07 fileNameGt=../../cp2016-max-common-connected-subgraph-paper/datasets/graphsdb/mcs70/bvg/b09/mcs70_b09_s30.B07
Reading graphs...
30 :  132
30 :  135
Initializing...
maxdom : 30
D->valSize : 900
Solving...
currentSize : 9 <-- 0.009581 s
currentSize : 10 <-- 0.009608 s
currentSize : 11 <-- 0.009982 s
currentSize : 12 <-- 0.009999 s
currentSize : 13 <-- 0.010925 s
currentSize : 14 <-- 0.019870 s
currentSize : 15 <-- 0.021334 s
currentSize : 17 <-- 0.021578 s
currentSize : 18 <-- 0.021854 s
currentSize : 19 <-- 0.073516 s
currentSize : 20 <-- 0.132195 s

maxsize : 20
nodes : 1541305.000000
filtered : 49163778.000000
time : 8.767336
