Parameters: GAD=1 vflib=1 dir=0 label=0 lowerbound=1 fileNameGp=../../cp2016-max-common-connected-subgraph-paper/datasets/graphsdb/mcs70/rand/r005/mcs70_r005_s50.A08 fileNameGt=../../cp2016-max-common-connected-subgraph-paper/datasets/graphsdb/mcs70/rand/r005/mcs70_r005_s50.B08
Reading graphs...
50 :  118
50 :  118
Initializing...
maxdom : 50
D->valSize : 2500
Solving...
currentSize : 19 <-- 0.101049 s
currentSize : 21 <-- 0.101077 s
currentSize : 22 <-- 0.101241 s
currentSize : 23 <-- 0.123618 s
currentSize : 24 <-- 0.125566 s
currentSize : 25 <-- 33.844753 s
currentSize : 26 <-- 104.932922 s
currentSize : 27 <-- 106.001450 s
currentSize : 28 <-- 194.427780 s
currentSize : 29 <-- 271.775574 s

TIMEOUT
maxsize : 29
nodes : 149343985.000000
filtered : 3250063128.000000
time : 1000.000061
