Parameters: GAD=1 vflib=1 dir=0 label=0 lowerbound=1 fileNameGp=../../cp2016-max-common-connected-subgraph-paper/datasets/graphsdb/mcs70/rand/r01/mcs70_r01_s40.A06 fileNameGt=../../cp2016-max-common-connected-subgraph-paper/datasets/graphsdb/mcs70/rand/r01/mcs70_r01_s40.B06
Reading graphs...
40 :  148
40 :  150
Initializing...
maxdom : 40
D->valSize : 1600
Solving...
currentSize : 14 <-- 0.048498 s
currentSize : 15 <-- 0.048753 s
currentSize : 16 <-- 0.049926 s
currentSize : 17 <-- 0.056913 s
currentSize : 18 <-- 0.086333 s
currentSize : 19 <-- 1.414782 s
currentSize : 20 <-- 18.311329 s

TIMEOUT
maxsize : 20
nodes : 184982626.000000
filtered : 3719789424.000000
time : 1000.000000
