Parameters: GAD=1 vflib=1 dir=0 label=0 lowerbound=1 fileNameGp=../../cp2016-max-common-connected-subgraph-paper/datasets/graphsdb/mcs70/m2D/m2Dr2/mcs70_m2Dr2_s35.A05 fileNameGt=../../cp2016-max-common-connected-subgraph-paper/datasets/graphsdb/mcs70/m2D/m2Dr2/mcs70_m2Dr2_s35.B05
Reading graphs...
35 :  65
35 :  64
Initializing...
maxdom : 35
D->valSize : 1225
Solving...
currentSize : 16 <-- 0.020536 s
currentSize : 17 <-- 0.020598 s
currentSize : 18 <-- 0.021265 s
currentSize : 19 <-- 0.110271 s
currentSize : 20 <-- 0.672558 s
currentSize : 21 <-- 4.338671 s
currentSize : 22 <-- 9.786475 s
currentSize : 23 <-- 34.739662 s
currentSize : 25 <-- 45.383636 s

maxsize : 25
nodes : 50614330.000000
filtered : 1527683468.000000
time : 310.156647
