Parameters: GAD=1 vflib=1 dir=0 label=0 lowerbound=1 fileNameGp=../../cp2016-max-common-connected-subgraph-paper/datasets/graphsdb/mcs70/rand/r005/mcs70_r005_s35.A00 fileNameGt=../../cp2016-max-common-connected-subgraph-paper/datasets/graphsdb/mcs70/rand/r005/mcs70_r005_s35.B00
Reading graphs...
35 :  57
35 :  58
Initializing...
maxdom : 35
D->valSize : 1225
Solving...
currentSize : 13 <-- 0.020766 s
currentSize : 14 <-- 0.020788 s
currentSize : 16 <-- 0.020833 s
currentSize : 17 <-- 0.020839 s
currentSize : 18 <-- 0.020865 s
currentSize : 19 <-- 0.023936 s
currentSize : 20 <-- 0.030133 s
currentSize : 21 <-- 0.954943 s
currentSize : 22 <-- 4.170980 s
currentSize : 23 <-- 4.500051 s
currentSize : 24 <-- 10.771952 s
currentSize : 25 <-- 57.541000 s

maxsize : 25
nodes : 69239247.000000
filtered : 1763063961.000000
time : 399.973206
