Parameters: GAD=1 vflib=1 dir=0 label=0 lowerbound=1 fileNameGp=../../cp2016-max-common-connected-subgraph-paper/datasets/graphsdb/mcs70/bvg/b06/mcs70_b06_s50.A07 fileNameGt=../../cp2016-max-common-connected-subgraph-paper/datasets/graphsdb/mcs70/bvg/b06/mcs70_b06_s50.B07
Reading graphs...
50 :  148
50 :  148
Initializing...
maxdom : 50
D->valSize : 2500
Solving...
currentSize : 22 <-- 0.109108 s
currentSize : 23 <-- 0.109393 s
currentSize : 24 <-- 0.109566 s
currentSize : 26 <-- 0.115212 s
currentSize : 27 <-- 0.115254 s
currentSize : 28 <-- 0.115304 s
currentSize : 29 <-- 0.491487 s
currentSize : 30 <-- 0.730820 s
currentSize : 31 <-- 0.734038 s
currentSize : 32 <-- 0.737545 s
currentSize : 33 <-- 2.251162 s
currentSize : 35 <-- 422.577820 s
currentSize : 36 <-- 568.596436 s

TIMEOUT
maxsize : 36
nodes : 96868816.000000
filtered : 5694169787.000000
time : 1000.000061
