Parameters: GAD=1 vflib=1 dir=0 label=0 lowerbound=1 fileNameGp=../../cp2016-max-common-connected-subgraph-paper/datasets/graphsdb/mcs70/rand/r02/mcs70_r02_s30.A03 fileNameGt=../../cp2016-max-common-connected-subgraph-paper/datasets/graphsdb/mcs70/rand/r02/mcs70_r02_s30.B03
Reading graphs...
30 :  153
30 :  153
Initializing...
maxdom : 30
D->valSize : 900
Solving...
currentSize : 11 <-- 0.009537 s
currentSize : 12 <-- 0.013152 s
currentSize : 13 <-- 0.014325 s
currentSize : 14 <-- 0.456346 s
currentSize : 15 <-- 20.096189 s
currentSize : 16 <-- 20.096243 s
currentSize : 19 <-- 24.970675 s
currentSize : 21 <-- 30.477440 s

maxsize : 21
nodes : 7293354.000000
filtered : 116937145.000000
time : 32.295967
