Parameters: GAD=1 vflib=1 dir=0 label=0 lowerbound=1 fileNameGp=../../cp2016-max-common-connected-subgraph-paper/datasets/graphsdb/mcs70/m3D/m3Dr2/mcs70_m3Dr2_s40.A09 fileNameGt=../../cp2016-max-common-connected-subgraph-paper/datasets/graphsdb/mcs70/m3D/m3Dr2/mcs70_m3Dr2_s40.B09
Reading graphs...
40 :  91
40 :  92
Initializing...
maxdom : 40
D->valSize : 1600
Solving...
currentSize : 14 <-- 0.034742 s
currentSize : 17 <-- 0.034969 s
currentSize : 18 <-- 0.038435 s
currentSize : 19 <-- 0.045533 s
currentSize : 20 <-- 0.061685 s
currentSize : 21 <-- 0.122417 s
currentSize : 22 <-- 5.480119 s
currentSize : 23 <-- 5.746160 s
currentSize : 24 <-- 153.550369 s
currentSize : 25 <-- 806.560425 s

TIMEOUT
maxsize : 25
nodes : 177065719.000000
filtered : 4107865864.000000
time : 1000.000061
