Parameters: GAD=1 vflib=1 dir=0 label=0 lowerbound=1 fileNameGp=../../cp2016-max-common-connected-subgraph-paper/datasets/graphsdb/mcs70/bvg/b03/mcs70_b03_s50.A08 fileNameGt=../../cp2016-max-common-connected-subgraph-paper/datasets/graphsdb/mcs70/bvg/b03/mcs70_b03_s50.B08
Reading graphs...
50 :  75
50 :  75
Initializing...
maxdom : 50
D->valSize : 2500
Solving...
currentSize : 27 <-- 0.176946 s
currentSize : 28 <-- 0.178202 s
currentSize : 29 <-- 0.180611 s
currentSize : 31 <-- 0.182743 s
currentSize : 32 <-- 0.315764 s
currentSize : 33 <-- 0.620949 s
currentSize : 34 <-- 2.734350 s
currentSize : 35 <-- 2.735060 s
currentSize : 36 <-- 118.376411 s
currentSize : 37 <-- 118.554413 s

TIMEOUT
maxsize : 37
nodes : 135300444.000000
filtered : 4098169440.000000
time : 1000.000061
