Parameters: GAD=1 vflib=1 dir=0 label=0 lowerbound=1 fileNameGp=../../cp2016-max-common-connected-subgraph-paper/datasets/graphsdb/mcs70/rand/r005/mcs70_r005_s40.A04 fileNameGt=../../cp2016-max-common-connected-subgraph-paper/datasets/graphsdb/mcs70/rand/r005/mcs70_r005_s40.B04
Reading graphs...
40 :  76
40 :  76
Initializing...
maxdom : 40
D->valSize : 1600
Solving...
currentSize : 18 <-- 0.035627 s
currentSize : 19 <-- 0.037377 s
currentSize : 20 <-- 1.951131 s
currentSize : 21 <-- 1.952280 s
currentSize : 22 <-- 11.952744 s
currentSize : 23 <-- 73.364578 s
currentSize : 24 <-- 81.909111 s
currentSize : 25 <-- 125.264008 s
currentSize : 26 <-- 734.619080 s

TIMEOUT
maxsize : 26
nodes : 197801060.000000
filtered : 3479759145.000000
time : 1000.000061
