Parameters: GAD=1 vflib=1 dir=0 label=0 lowerbound=1 fileNameGp=../../cp2016-max-common-connected-subgraph-paper/datasets/graphsdb/mcs70/m4D/m4Dr2/mcs70_m4Dr2_s25.A01 fileNameGt=../../cp2016-max-common-connected-subgraph-paper/datasets/graphsdb/mcs70/m4D/m4Dr2/mcs70_m4Dr2_s25.B01
Reading graphs...
25 :  51
25 :  50
Initializing...
maxdom : 25
D->valSize : 625
Solving...
currentSize : 11 <-- 0.006557 s
currentSize : 12 <-- 0.006608 s
currentSize : 13 <-- 0.013334 s
currentSize : 14 <-- 0.013775 s
currentSize : 15 <-- 0.026308 s
currentSize : 16 <-- 0.092828 s
currentSize : 18 <-- 0.269623 s

maxsize : 18
nodes : 313492.000000
filtered : 6914726.000000
time : 1.408207
