Parameters: GAD=1 vflib=1 dir=0 label=0 lowerbound=1 fileNameGp=../../cp2016-max-common-connected-subgraph-paper/datasets/graphsdb/mcs70/bvg/b09/mcs70_b09_s40.A09 fileNameGt=../../cp2016-max-common-connected-subgraph-paper/datasets/graphsdb/mcs70/bvg/b09/mcs70_b09_s40.B09
Reading graphs...
40 :  179
40 :  179
Initializing...
maxdom : 40
D->valSize : 1600
Solving...
currentSize : 13 <-- 0.031261 s
currentSize : 15 <-- 0.031284 s
currentSize : 16 <-- 0.031316 s
currentSize : 17 <-- 0.032195 s
currentSize : 18 <-- 0.039373 s
currentSize : 20 <-- 0.089307 s
currentSize : 21 <-- 0.090836 s
currentSize : 22 <-- 0.163844 s
currentSize : 23 <-- 3.851018 s
currentSize : 24 <-- 5.086550 s
currentSize : 26 <-- 5.091421 s
currentSize : 28 <-- 5.091515 s
currentSize : 29 <-- 10.520496 s

maxsize : 29
nodes : 6607215.000000
filtered : 373327068.000000
time : 55.841599
