Parameters: GAD=1 vflib=1 dir=0 label=0 lowerbound=1 fileNameGp=../../cp2016-max-common-connected-subgraph-paper/datasets/graphsdb/mcs70/bvg/b03m/mcs70_b03m_s40.A06 fileNameGt=../../cp2016-max-common-connected-subgraph-paper/datasets/graphsdb/mcs70/bvg/b03m/mcs70_b03m_s40.B06
Reading graphs...
40 :  59
40 :  59
Initializing...
maxdom : 40
D->valSize : 1600
Solving...
currentSize : 17 <-- 0.064117 s
currentSize : 18 <-- 0.064421 s
currentSize : 21 <-- 0.064999 s
currentSize : 22 <-- 0.071472 s
currentSize : 23 <-- 0.076484 s
currentSize : 24 <-- 0.076491 s
currentSize : 25 <-- 0.081212 s
currentSize : 26 <-- 0.302143 s
currentSize : 27 <-- 28.909548 s
currentSize : 28 <-- 28.910120 s
currentSize : 29 <-- 487.868530 s

TIMEOUT
maxsize : 29
nodes : 174607977.000000
filtered : 3903650055.000000
time : 1000.000061
