Parameters: GAD=1 vflib=1 dir=0 label=0 lowerbound=1 fileNameGp=../../cp2016-max-common-connected-subgraph-paper/datasets/graphsdb/mcs70/bvg/b09/mcs70_b09_s50.A01 fileNameGt=../../cp2016-max-common-connected-subgraph-paper/datasets/graphsdb/mcs70/bvg/b09/mcs70_b09_s50.B01
Reading graphs...
50 :  221
50 :  223
Initializing...
maxdom : 50
D->valSize : 2500
Solving...
currentSize : 18 <-- 0.106940 s
currentSize : 19 <-- 0.107377 s
currentSize : 20 <-- 0.109640 s
currentSize : 21 <-- 0.116429 s
currentSize : 22 <-- 0.287926 s
currentSize : 23 <-- 0.296639 s
currentSize : 24 <-- 0.603289 s
currentSize : 25 <-- 0.662851 s
currentSize : 26 <-- 1.030338 s
currentSize : 27 <-- 12.871485 s
currentSize : 28 <-- 12.877499 s
currentSize : 29 <-- 12.877580 s
currentSize : 30 <-- 22.440031 s
currentSize : 32 <-- 33.214035 s
currentSize : 33 <-- 33.246494 s
currentSize : 34 <-- 33.247559 s
currentSize : 35 <-- 275.494720 s

TIMEOUT
maxsize : 35
nodes : 96132678.000000
filtered : 6310378591.000000
time : 1000.000061
