Parameters: GAD=1 vflib=1 dir=0 label=0 lowerbound=1 fileNameGp=../../cp2016-max-common-connected-subgraph-paper/datasets/graphsdb/mcs70/m3D/m3Dr4/mcs70_m3Dr4_s35.A06 fileNameGt=../../cp2016-max-common-connected-subgraph-paper/datasets/graphsdb/mcs70/m3D/m3Dr4/mcs70_m3Dr4_s35.B06
Reading graphs...
35 :  85
35 :  84
Initializing...
maxdom : 35
D->valSize : 1225
Solving...
currentSize : 15 <-- 0.036134 s
currentSize : 16 <-- 0.036251 s
currentSize : 17 <-- 0.036882 s
currentSize : 18 <-- 0.037037 s
currentSize : 19 <-- 0.043314 s
currentSize : 20 <-- 0.105751 s
currentSize : 21 <-- 8.871667 s
currentSize : 22 <-- 76.228188 s
currentSize : 23 <-- 179.567459 s
currentSize : 24 <-- 271.750244 s
currentSize : 27 <-- 272.361908 s

maxsize : 27
nodes : 54072810.000000
filtered : 1289369128.000000
time : 288.760620
