Parameters: GAD=1 vflib=1 dir=0 label=0 lowerbound=1 fileNameGp=../../cp2016-max-common-connected-subgraph-paper/datasets/graphsdb/mcs70/m2D/m2Dr2/mcs70_m2Dr2_s50.A00 fileNameGt=../../cp2016-max-common-connected-subgraph-paper/datasets/graphsdb/mcs70/m2D/m2Dr2/mcs70_m2Dr2_s50.B00
Reading graphs...
50 :  93
50 :  93
Initializing...
maxdom : 50
D->valSize : 2500
Solving...
currentSize : 16 <-- 0.096063 s
currentSize : 18 <-- 0.096165 s
currentSize : 19 <-- 0.096178 s
currentSize : 21 <-- 0.096195 s
currentSize : 22 <-- 0.096270 s
currentSize : 23 <-- 0.096613 s
currentSize : 24 <-- 0.129172 s
currentSize : 25 <-- 0.129728 s
currentSize : 26 <-- 0.300980 s
currentSize : 27 <-- 0.436397 s
currentSize : 28 <-- 36.227119 s
currentSize : 29 <-- 89.431938 s
currentSize : 30 <-- 90.512421 s
currentSize : 31 <-- 241.359894 s
currentSize : 32 <-- 840.441284 s
currentSize : 33 <-- 840.757690 s

TIMEOUT
maxsize : 33
nodes : 179564290.000000
filtered : 3626092478.000000
time : 1000.000061
