Parameters: GAD=1 vflib=1 dir=0 label=0 lowerbound=1 fileNameGp=../../cp2016-max-common-connected-subgraph-paper/datasets/graphsdb/mcs70/bvg/b03m/mcs70_b03m_s40.A08 fileNameGt=../../cp2016-max-common-connected-subgraph-paper/datasets/graphsdb/mcs70/bvg/b03m/mcs70_b03m_s40.B08
Reading graphs...
40 :  59
40 :  59
Initializing...
maxdom : 40
D->valSize : 1600
Solving...
currentSize : 19 <-- 0.036750 s
currentSize : 20 <-- 0.038755 s
currentSize : 21 <-- 0.038874 s
currentSize : 22 <-- 0.044286 s
currentSize : 23 <-- 0.044447 s
currentSize : 24 <-- 0.044600 s
currentSize : 25 <-- 4.745324 s
currentSize : 26 <-- 5.760813 s
currentSize : 27 <-- 108.673233 s
currentSize : 28 <-- 197.689423 s
currentSize : 29 <-- 234.986343 s
currentSize : 30 <-- 549.135803 s
currentSize : 31 <-- 743.424194 s

maxsize : 31
nodes : 146389339.000000
filtered : 3770379896.000000
time : 915.362671
