Parameters: GAD=1 vflib=1 dir=0 label=0 lowerbound=1 fileNameGp=../../cp2016-max-common-connected-subgraph-paper/datasets/graphsdb/mcs70/bvg/b06/mcs70_b06_s30.A07 fileNameGt=../../cp2016-max-common-connected-subgraph-paper/datasets/graphsdb/mcs70/bvg/b06/mcs70_b06_s30.B07
Reading graphs...
30 :  90
30 :  89
Initializing...
maxdom : 30
D->valSize : 900
Solving...
currentSize : 10 <-- 0.010087 s
currentSize : 11 <-- 0.010116 s
currentSize : 13 <-- 0.010144 s
currentSize : 14 <-- 0.010532 s
currentSize : 15 <-- 0.026021 s
currentSize : 16 <-- 0.028164 s
currentSize : 17 <-- 0.055817 s
currentSize : 18 <-- 0.085339 s
currentSize : 19 <-- 0.386082 s
currentSize : 21 <-- 0.441712 s
currentSize : 22 <-- 0.887610 s

maxsize : 22
nodes : 861331.000000
filtered : 27291403.000000
time : 4.899242
