Parameters: GAD=1 vflib=1 dir=0 label=0 lowerbound=1 fileNameGp=../../cp2016-max-common-connected-subgraph-paper/datasets/graphsdb/mcs70/m2D/m2Dr4/mcs70_m2Dr4_s50.A04 fileNameGt=../../cp2016-max-common-connected-subgraph-paper/datasets/graphsdb/mcs70/m2D/m2Dr4/mcs70_m2Dr4_s50.B04
Reading graphs...
50 :  105
50 :  104
Initializing...
maxdom : 50
D->valSize : 2500
Solving...
currentSize : 22 <-- 0.158550 s
currentSize : 23 <-- 0.160680 s
currentSize : 24 <-- 0.183834 s
currentSize : 25 <-- 0.411694 s
currentSize : 26 <-- 0.724219 s
currentSize : 27 <-- 3.137910 s
currentSize : 28 <-- 14.185836 s
currentSize : 29 <-- 67.836136 s
currentSize : 30 <-- 79.718086 s
currentSize : 31 <-- 253.717896 s

TIMEOUT
maxsize : 31
nodes : 158503415.000000
filtered : 3766553568.000000
time : 1000.000061
