Parameters: GAD=1 vflib=1 dir=0 label=0 lowerbound=1 fileNameGp=../../cp2016-max-common-connected-subgraph-paper/datasets/graphsdb/mcs70/bvg/b09m/mcs70_b09m_s25.A06 fileNameGt=../../cp2016-max-common-connected-subgraph-paper/datasets/graphsdb/mcs70/bvg/b09m/mcs70_b09m_s25.B06
Reading graphs...
25 :  102
25 :  104
Initializing...
maxdom : 25
D->valSize : 625
Solving...
currentSize : 9 <-- 0.004594 s
currentSize : 10 <-- 0.004959 s
currentSize : 11 <-- 0.009694 s
currentSize : 12 <-- 0.044485 s
currentSize : 13 <-- 0.135176 s
currentSize : 14 <-- 0.998069 s
currentSize : 15 <-- 1.007264 s
currentSize : 16 <-- 1.007282 s

maxsize : 16
nodes : 677278.000000
filtered : 14246905.000000
time : 2.996386
