Parameters: GAD=1 vflib=1 dir=0 label=0 lowerbound=1 fileNameGp=../../cp2016-max-common-connected-subgraph-paper/datasets/graphsdb/mcs70/bvg/b03m/mcs70_b03m_s40.A00 fileNameGt=../../cp2016-max-common-connected-subgraph-paper/datasets/graphsdb/mcs70/bvg/b03m/mcs70_b03m_s40.B00
Reading graphs...
40 :  59
40 :  59
Initializing...
maxdom : 40
D->valSize : 1600
Solving...
currentSize : 23 <-- 0.036481 s
currentSize : 24 <-- 0.036506 s
currentSize : 25 <-- 0.041061 s
currentSize : 26 <-- 0.363411 s
currentSize : 27 <-- 25.034233 s
currentSize : 28 <-- 72.635880 s
currentSize : 29 <-- 86.390388 s
currentSize : 30 <-- 296.568451 s
currentSize : 31 <-- 296.780334 s

maxsize : 31
nodes : 92017983.000000
filtered : 2467944201.000000
time : 583.725342
