Parameters: GAD=1 vflib=1 dir=0 label=0 lowerbound=1 fileNameGp=../../cp2016-max-common-connected-subgraph-paper/datasets/graphsdb/mcs70/bvg/b09/mcs70_b09_s50.A00 fileNameGt=../../cp2016-max-common-connected-subgraph-paper/datasets/graphsdb/mcs70/bvg/b09/mcs70_b09_s50.B00
Reading graphs...
50 :  221
50 :  221
Initializing...
maxdom : 50
D->valSize : 2500
Solving...
currentSize : 15 <-- 0.085186 s
currentSize : 17 <-- 0.085516 s
currentSize : 19 <-- 0.112733 s
currentSize : 20 <-- 0.132198 s
currentSize : 21 <-- 0.827087 s
currentSize : 22 <-- 0.959705 s
currentSize : 23 <-- 0.964717 s
currentSize : 24 <-- 1.397008 s
currentSize : 28 <-- 1.578128 s
currentSize : 30 <-- 1.600649 s
currentSize : 31 <-- 303.153137 s
currentSize : 34 <-- 303.153442 s
currentSize : 35 <-- 943.503174 s

TIMEOUT
maxsize : 35
nodes : 104850804.000000
filtered : 6005656527.000000
time : 1000.000061
