Parameters: GAD=1 vflib=1 dir=0 label=0 lowerbound=1 fileNameGp=../../cp2016-max-common-connected-subgraph-paper/datasets/graphsdb/mcs70/m2D/m2Dr2/mcs70_m2Dr2_s50.A09 fileNameGt=../../cp2016-max-common-connected-subgraph-paper/datasets/graphsdb/mcs70/m2D/m2Dr2/mcs70_m2Dr2_s50.B09
Reading graphs...
50 :  95
50 :  93
Initializing...
maxdom : 50
D->valSize : 2500
Solving...
currentSize : 21 <-- 0.122132 s
currentSize : 23 <-- 0.129926 s
currentSize : 25 <-- 0.130253 s
currentSize : 26 <-- 0.139808 s
currentSize : 27 <-- 0.744124 s
currentSize : 28 <-- 6.908395 s
currentSize : 29 <-- 11.007760 s
currentSize : 30 <-- 25.309475 s
currentSize : 31 <-- 27.779213 s
currentSize : 32 <-- 440.568573 s

TIMEOUT
maxsize : 32
nodes : 163486185.000000
filtered : 3298537679.000000
time : 1000.000061
