Parameters: GAD=1 vflib=1 dir=0 label=0 lowerbound=1 fileNameGp=../../cp2016-max-common-connected-subgraph-paper/datasets/graphsdb/mcs70/m2D/m2Dr6/mcs70_m2Dr6_s35.A05 fileNameGt=../../cp2016-max-common-connected-subgraph-paper/datasets/graphsdb/mcs70/m2D/m2Dr6/mcs70_m2Dr6_s35.B05
Reading graphs...
35 :  78
35 :  76
Initializing...
maxdom : 35
D->valSize : 1225
Solving...
currentSize : 14 <-- 0.036005 s
currentSize : 17 <-- 0.036131 s
currentSize : 19 <-- 0.054827 s
currentSize : 20 <-- 1.109715 s
currentSize : 21 <-- 37.859386 s
currentSize : 22 <-- 343.108673 s
currentSize : 23 <-- 727.629272 s
currentSize : 24 <-- 730.663818 s
currentSize : 26 <-- 730.857239 s

maxsize : 26
nodes : 147671610.000000
filtered : 3246289017.000000
time : 761.030273
