Parameters: GAD=1 vflib=1 dir=0 label=0 lowerbound=1 fileNameGp=../../cp2016-max-common-connected-subgraph-paper/datasets/graphsdb/mcs70/bvg/b09/mcs70_b09_s35.A09 fileNameGt=../../cp2016-max-common-connected-subgraph-paper/datasets/graphsdb/mcs70/bvg/b09/mcs70_b09_s35.B09
Reading graphs...
35 :  155
35 :  154
Initializing...
maxdom : 35
D->valSize : 1225
Solving...
currentSize : 12 <-- 0.018065 s
currentSize : 13 <-- 0.019271 s
currentSize : 14 <-- 0.019747 s
currentSize : 15 <-- 0.045554 s
currentSize : 16 <-- 0.046109 s
currentSize : 18 <-- 1.392184 s
currentSize : 20 <-- 1.494393 s
currentSize : 24 <-- 2.130990 s
currentSize : 25 <-- 7.099084 s

maxsize : 25
nodes : 2958970.000000
filtered : 114822271.000000
time : 19.608547
