Parameters: GAD=1 vflib=1 dir=0 label=0 lowerbound=1 fileNameGp=../../cp2016-max-common-connected-subgraph-paper/datasets/graphsdb/mcs70/m3D/m3Dr6/mcs70_m3Dr6_s40.A09 fileNameGt=../../cp2016-max-common-connected-subgraph-paper/datasets/graphsdb/mcs70/m3D/m3Dr6/mcs70_m3Dr6_s40.B09
Reading graphs...
40 :  107
40 :  105
Initializing...
maxdom : 40
D->valSize : 1600
Solving...
currentSize : 17 <-- 0.061061 s
currentSize : 18 <-- 0.061970 s
currentSize : 19 <-- 0.119307 s
currentSize : 20 <-- 0.226736 s
currentSize : 21 <-- 0.452623 s
currentSize : 22 <-- 0.992699 s
currentSize : 23 <-- 130.864334 s

TIMEOUT
maxsize : 23
nodes : 186127637.000000
filtered : 4130148269.000000
time : 1000.000000
