Parameters: GAD=1 vflib=1 dir=0 label=0 lowerbound=1 fileNameGp=../../cp2016-max-common-connected-subgraph-paper/datasets/graphsdb/mcs70/bvg/b03/mcs70_b03_s35.A08 fileNameGt=../../cp2016-max-common-connected-subgraph-paper/datasets/graphsdb/mcs70/bvg/b03/mcs70_b03_s35.B08
Reading graphs...
35 :  52
35 :  52
Initializing...
maxdom : 35
D->valSize : 1225
Solving...
currentSize : 17 <-- 0.020971 s
currentSize : 21 <-- 0.021014 s
currentSize : 22 <-- 0.023691 s
currentSize : 24 <-- 0.259343 s
currentSize : 26 <-- 2.225878 s
currentSize : 27 <-- 23.235050 s
currentSize : 28 <-- 34.735855 s

maxsize : 28
nodes : 7922522.000000
filtered : 204606252.000000
time : 45.885929
