Parameters: GAD=1 vflib=1 dir=0 label=0 lowerbound=1 fileNameGp=../../cp2016-max-common-connected-subgraph-paper/datasets/graphsdb/mcs70/m2D/m2Dr4/mcs70_m2Dr4_s35.A06 fileNameGt=../../cp2016-max-common-connected-subgraph-paper/datasets/graphsdb/mcs70/m2D/m2Dr4/mcs70_m2Dr4_s35.B06
Reading graphs...
35 :  70
35 :  71
Initializing...
maxdom : 35
D->valSize : 1225
Solving...
currentSize : 16 <-- 0.035382 s
currentSize : 18 <-- 0.035522 s
currentSize : 19 <-- 0.036928 s
currentSize : 20 <-- 0.043022 s
currentSize : 21 <-- 0.062723 s
currentSize : 22 <-- 2.373055 s
currentSize : 23 <-- 4.352274 s
currentSize : 24 <-- 26.520479 s
currentSize : 25 <-- 26.896193 s

maxsize : 25
nodes : 51036021.000000
filtered : 1677228296.000000
time : 319.985779
