Parameters: GAD=1 vflib=1 dir=0 label=0 lowerbound=1 fileNameGp=../../cp2016-max-common-connected-subgraph-paper/datasets/graphsdb/mcs70/rand/r005/mcs70_r005_s35.A08 fileNameGt=../../cp2016-max-common-connected-subgraph-paper/datasets/graphsdb/mcs70/rand/r005/mcs70_r005_s35.B08
Reading graphs...
35 :  56
35 :  57
Initializing...
maxdom : 35
D->valSize : 1225
Solving...
currentSize : 17 <-- 0.020883 s
currentSize : 18 <-- 0.022410 s
currentSize : 19 <-- 0.022425 s
currentSize : 20 <-- 0.033139 s
currentSize : 21 <-- 4.614285 s
currentSize : 22 <-- 6.740795 s
currentSize : 23 <-- 11.950194 s
currentSize : 25 <-- 138.483963 s

maxsize : 25
nodes : 80207755.000000
filtered : 1654030275.000000
time : 398.264160
