Parameters: GAD=1 vflib=1 dir=0 label=0 lowerbound=1 fileNameGp=../../cp2016-max-common-connected-subgraph-paper/datasets/graphsdb/mcs70/m3D/m3Dr2/mcs70_m3Dr2_s35.A09 fileNameGt=../../cp2016-max-common-connected-subgraph-paper/datasets/graphsdb/mcs70/m3D/m3Dr2/mcs70_m3Dr2_s35.B09
Reading graphs...
35 :  76
35 :  78
Initializing...
maxdom : 35
D->valSize : 1225
Solving...
currentSize : 15 <-- 0.032798 s
currentSize : 16 <-- 0.032866 s
currentSize : 18 <-- 0.033089 s
currentSize : 19 <-- 0.036674 s
currentSize : 20 <-- 0.041249 s
currentSize : 21 <-- 0.140591 s
currentSize : 22 <-- 1.444766 s
currentSize : 24 <-- 88.745682 s
currentSize : 25 <-- 166.364380 s
currentSize : 27 <-- 258.916321 s

maxsize : 27
nodes : 46606489.000000
filtered : 1298428040.000000
time : 269.227539
