Parameters: GAD=1 vflib=1 dir=0 label=0 lowerbound=1 fileNameGp=../../cp2016-max-common-connected-subgraph-paper/datasets/graphsdb/mcs70/rand/r005/mcs70_r005_s35.A05 fileNameGt=../../cp2016-max-common-connected-subgraph-paper/datasets/graphsdb/mcs70/rand/r005/mcs70_r005_s35.B05
Reading graphs...
35 :  58
35 :  58
Initializing...
maxdom : 35
D->valSize : 1225
Solving...
currentSize : 15 <-- 0.037121 s
currentSize : 16 <-- 0.037145 s
currentSize : 17 <-- 0.046343 s
currentSize : 18 <-- 0.049402 s
currentSize : 19 <-- 0.093539 s
currentSize : 20 <-- 1.053568 s
currentSize : 21 <-- 5.790109 s
currentSize : 22 <-- 5.834653 s
currentSize : 23 <-- 5.835800 s
currentSize : 24 <-- 5.874266 s
currentSize : 25 <-- 6.177677 s
currentSize : 26 <-- 124.769905 s

maxsize : 26
nodes : 23821488.000000
filtered : 645034598.000000
time : 142.644592
