Parameters: GAD=1 vflib=1 dir=0 label=0 lowerbound=1 fileNameGp=../../cp2016-max-common-connected-subgraph-paper/datasets/graphsdb/mcs70/m2D/m2Dr6/mcs70_m2Dr6_s25.A08 fileNameGt=../../cp2016-max-common-connected-subgraph-paper/datasets/graphsdb/mcs70/m2D/m2Dr6/mcs70_m2Dr6_s25.B08
Reading graphs...
25 :  52
25 :  51
Initializing...
maxdom : 25
D->valSize : 625
Solving...
currentSize : 11 <-- 0.004974 s
currentSize : 12 <-- 0.005092 s
currentSize : 14 <-- 0.006534 s
currentSize : 15 <-- 0.027223 s
currentSize : 16 <-- 0.045238 s
currentSize : 17 <-- 0.587695 s
currentSize : 18 <-- 1.378793 s

maxsize : 18
nodes : 570640.000000
filtered : 11518105.000000
time : 2.511696
