Parameters: GAD=1 vflib=1 dir=0 label=0 lowerbound=1 fileNameGp=../../cp2016-max-common-connected-subgraph-paper/datasets/graphsdb/mcs70/bvg/b06/mcs70_b06_s20.A02 fileNameGt=../../cp2016-max-common-connected-subgraph-paper/datasets/graphsdb/mcs70/bvg/b06/mcs70_b06_s20.B02
Reading graphs...
20 :  59
20 :  59
Initializing...
maxdom : 20
D->valSize : 400
Solving...
currentSize : 8 <-- 0.002270 s
currentSize : 9 <-- 0.002331 s
currentSize : 10 <-- 0.002435 s
currentSize : 11 <-- 0.002620 s
currentSize : 12 <-- 0.006239 s
currentSize : 13 <-- 0.006581 s
currentSize : 14 <-- 0.007759 s
currentSize : 15 <-- 0.039863 s

maxsize : 15
nodes : 23998.000000
filtered : 451112.000000
time : 0.093598
