Parameters: GAD=1 vflib=1 dir=0 label=0 lowerbound=1 fileNameGp=../../cp2016-max-common-connected-subgraph-paper/datasets/graphsdb/mcs70/m2D/m2Dr2/mcs70_m2Dr2_s40.A09 fileNameGt=../../cp2016-max-common-connected-subgraph-paper/datasets/graphsdb/mcs70/m2D/m2Dr2/mcs70_m2Dr2_s40.B09
Reading graphs...
40 :  74
40 :  74
Initializing...
maxdom : 40
D->valSize : 1600
Solving...
currentSize : 14 <-- 0.061670 s
currentSize : 18 <-- 0.061716 s
currentSize : 19 <-- 0.061906 s
currentSize : 20 <-- 0.063198 s
currentSize : 21 <-- 0.087299 s
currentSize : 22 <-- 0.109226 s
currentSize : 23 <-- 1.006781 s
currentSize : 24 <-- 2.778015 s
currentSize : 25 <-- 5.998007 s
currentSize : 26 <-- 22.080721 s

TIMEOUT
maxsize : 26
nodes : 177913188.000000
filtered : 4176587938.000000
time : 1000.000061
