Parameters: GAD=1 vflib=1 dir=0 label=0 lowerbound=1 fileNameGp=../../cp2016-max-common-connected-subgraph-paper/datasets/graphsdb/mcs70/rand/r005/mcs70_r005_s40.A03 fileNameGt=../../cp2016-max-common-connected-subgraph-paper/datasets/graphsdb/mcs70/rand/r005/mcs70_r005_s40.B03
Reading graphs...
40 :  77
40 :  77
Initializing...
maxdom : 40
D->valSize : 1600
Solving...
currentSize : 21 <-- 0.035494 s
currentSize : 22 <-- 0.035615 s
currentSize : 23 <-- 0.050851 s
currentSize : 24 <-- 0.050879 s
currentSize : 25 <-- 0.056296 s
currentSize : 26 <-- 4.976275 s
currentSize : 27 <-- 845.744873 s

TIMEOUT
maxsize : 27
nodes : 165429472.000000
filtered : 4195215264.000000
time : 1000.000000
