Parameters: GAD=1 vflib=1 dir=0 label=0 lowerbound=1 fileNameGp=../../cp2016-max-common-connected-subgraph-paper/datasets/graphsdb/mcs70/bvg/b06/mcs70_b06_s50.A02 fileNameGt=../../cp2016-max-common-connected-subgraph-paper/datasets/graphsdb/mcs70/bvg/b06/mcs70_b06_s50.B02
Reading graphs...
50 :  150
50 :  150
Initializing...
maxdom : 50
D->valSize : 2500
Solving...
currentSize : 21 <-- 0.154312 s
currentSize : 22 <-- 0.154375 s
currentSize : 23 <-- 0.154731 s
currentSize : 25 <-- 0.154840 s
currentSize : 26 <-- 0.171634 s
currentSize : 27 <-- 0.222123 s
currentSize : 28 <-- 0.298652 s
currentSize : 29 <-- 0.480344 s
currentSize : 30 <-- 0.623234 s
currentSize : 31 <-- 2.992498 s
currentSize : 33 <-- 3.403314 s
currentSize : 34 <-- 3.404175 s
currentSize : 35 <-- 95.462257 s
currentSize : 36 <-- 95.468384 s
currentSize : 37 <-- 582.123962 s

TIMEOUT
maxsize : 37
nodes : 88544665.000000
filtered : 6063152331.000000
time : 1000.000061
