Parameters: GAD=1 vflib=1 dir=0 label=0 lowerbound=1 fileNameGp=../../cp2016-max-common-connected-subgraph-paper/datasets/graphsdb/mcs70/m2D/m2D/mcs70_m2D_s50.A02 fileNameGt=../../cp2016-max-common-connected-subgraph-paper/datasets/graphsdb/mcs70/m2D/m2D/mcs70_m2D_s50.B02
Reading graphs...
50 :  85
50 :  85
Initializing...
maxdom : 50
D->valSize : 2500
Solving...
currentSize : 23 <-- 0.117679 s
currentSize : 24 <-- 0.117778 s
currentSize : 27 <-- 0.117899 s
currentSize : 28 <-- 0.117915 s
currentSize : 29 <-- 0.130924 s
currentSize : 30 <-- 0.219542 s
currentSize : 31 <-- 1.097948 s
currentSize : 32 <-- 4.314223 s
currentSize : 33 <-- 61.505577 s
currentSize : 34 <-- 160.989655 s

TIMEOUT
maxsize : 34
nodes : 153790010.000000
filtered : 4156776034.000000
time : 1000.000061
