Parameters: GAD=1 vflib=1 dir=0 label=0 lowerbound=1 fileNameGp=../../cp2016-max-common-connected-subgraph-paper/datasets/graphsdb/mcs70/m2D/m2D/mcs70_m2D_s40.A06 fileNameGt=../../cp2016-max-common-connected-subgraph-paper/datasets/graphsdb/mcs70/m2D/m2D/mcs70_m2D_s40.B06
Reading graphs...
40 :  67
40 :  67
Initializing...
maxdom : 40
D->valSize : 1600
Solving...
currentSize : 22 <-- 0.062271 s
currentSize : 23 <-- 0.062467 s
currentSize : 24 <-- 0.076683 s
currentSize : 25 <-- 0.206581 s
currentSize : 26 <-- 1.785140 s
currentSize : 27 <-- 33.657841 s
currentSize : 28 <-- 47.833065 s
currentSize : 29 <-- 396.631500 s

TIMEOUT
maxsize : 29
nodes : 155450607.000000
filtered : 4381944332.000000
time : 1000.000061
