Parameters: GAD=1 vflib=1 dir=0 label=0 lowerbound=1 fileNameGp=../../cp2016-max-common-connected-subgraph-paper/datasets/graphsdb/mcs70/m3D/m3Dr6/mcs70_m3Dr6_s40.A07 fileNameGt=../../cp2016-max-common-connected-subgraph-paper/datasets/graphsdb/mcs70/m3D/m3Dr6/mcs70_m3Dr6_s40.B07
Reading graphs...
40 :  107
40 :  104
Initializing...
maxdom : 40
D->valSize : 1600
Solving...
currentSize : 16 <-- 0.034038 s
currentSize : 17 <-- 0.035017 s
currentSize : 18 <-- 0.041563 s
currentSize : 19 <-- 0.072503 s
currentSize : 20 <-- 0.093010 s
currentSize : 21 <-- 0.105629 s
currentSize : 22 <-- 9.344984 s
currentSize : 23 <-- 58.802536 s
currentSize : 24 <-- 393.678284 s

TIMEOUT
maxsize : 24
nodes : 173314841.000000
filtered : 4228493693.000000
time : 1000.000061
