Parameters: GAD=1 vflib=1 dir=0 label=0 lowerbound=1 fileNameGp=../../cp2016-max-common-connected-subgraph-paper/datasets/graphsdb/mcs70/m2D/m2D/mcs70_m2D_s50.A07 fileNameGt=../../cp2016-max-common-connected-subgraph-paper/datasets/graphsdb/mcs70/m2D/m2D/mcs70_m2D_s50.B07
Reading graphs...
50 :  85
50 :  84
Initializing...
maxdom : 50
D->valSize : 2500
Solving...
currentSize : 23 <-- 0.096737 s
currentSize : 25 <-- 0.096765 s
currentSize : 26 <-- 0.096979 s
currentSize : 27 <-- 0.125522 s
currentSize : 28 <-- 0.212246 s
currentSize : 29 <-- 0.675733 s
currentSize : 30 <-- 40.065674 s
currentSize : 31 <-- 43.148582 s
currentSize : 32 <-- 115.364113 s
currentSize : 33 <-- 195.354782 s
currentSize : 34 <-- 330.487976 s

TIMEOUT
maxsize : 34
nodes : 177273507.000000
filtered : 3701265104.000000
time : 1000.000061
