Parameters: GAD=1 vflib=1 dir=0 label=0 lowerbound=1 fileNameGp=../../cp2016-max-common-connected-subgraph-paper/datasets/graphsdb/mcs70/m4D/m4Dr2/mcs70_m4Dr2_s25.A05 fileNameGt=../../cp2016-max-common-connected-subgraph-paper/datasets/graphsdb/mcs70/m4D/m4Dr2/mcs70_m4Dr2_s25.B05
Reading graphs...
25 :  51
25 :  51
Initializing...
maxdom : 25
D->valSize : 625
Solving...
currentSize : 10 <-- 0.005021 s
currentSize : 11 <-- 0.005206 s
currentSize : 12 <-- 0.005353 s
currentSize : 13 <-- 0.005705 s
currentSize : 14 <-- 0.007132 s
currentSize : 15 <-- 0.007138 s
currentSize : 16 <-- 0.025557 s
currentSize : 17 <-- 0.570000 s

maxsize : 17
nodes : 1092519.000000
filtered : 21755697.000000
time : 4.707994
