Parameters: GAD=1 vflib=1 dir=0 label=0 lowerbound=1 fileNameGp=../../cp2016-max-common-connected-subgraph-paper/datasets/graphsdb/mcs70/rand/r005/mcs70_r005_s40.A08 fileNameGt=../../cp2016-max-common-connected-subgraph-paper/datasets/graphsdb/mcs70/rand/r005/mcs70_r005_s40.B08
Reading graphs...
40 :  76
40 :  75
Initializing...
maxdom : 40
D->valSize : 1600
Solving...
currentSize : 19 <-- 0.055423 s
currentSize : 20 <-- 0.055724 s
currentSize : 21 <-- 0.059712 s
currentSize : 22 <-- 0.076238 s
currentSize : 23 <-- 0.494710 s
currentSize : 24 <-- 4.557877 s
currentSize : 25 <-- 112.433136 s
currentSize : 26 <-- 129.710281 s

TIMEOUT
maxsize : 26
nodes : 180582962.000000
filtered : 3939217225.000000
time : 1000.000061
