Parameters: GAD=1 vflib=1 dir=0 label=0 lowerbound=1 fileNameGp=../../cp2016-max-common-connected-subgraph-paper/datasets/graphsdb/mcs70/rand/r02/mcs70_r02_s25.A01 fileNameGt=../../cp2016-max-common-connected-subgraph-paper/datasets/graphsdb/mcs70/rand/r02/mcs70_r02_s25.B01
Reading graphs...
25 :  104
25 :  106
Initializing...
maxdom : 25
D->valSize : 625
Solving...
currentSize : 9 <-- 0.004464 s
currentSize : 10 <-- 0.004489 s
currentSize : 11 <-- 0.004583 s
currentSize : 12 <-- 0.015683 s
currentSize : 13 <-- 0.083552 s
currentSize : 14 <-- 5.418264 s
currentSize : 17 <-- 5.707542 s

maxsize : 17
nodes : 1746121.000000
filtered : 23722922.000000
time : 6.765302
