Parameters: GAD=1 vflib=1 dir=0 label=0 lowerbound=1 fileNameGp=../../cp2016-max-common-connected-subgraph-paper/datasets/graphsdb/mcs70/rand/r005/mcs70_r005_s50.A07 fileNameGt=../../cp2016-max-common-connected-subgraph-paper/datasets/graphsdb/mcs70/rand/r005/mcs70_r005_s50.B07
Reading graphs...
50 :  118
50 :  119
Initializing...
maxdom : 50
D->valSize : 2500
Solving...
currentSize : 18 <-- 0.115876 s
currentSize : 19 <-- 0.116972 s
currentSize : 20 <-- 0.117063 s
currentSize : 21 <-- 0.140971 s
currentSize : 22 <-- 0.238709 s
currentSize : 24 <-- 0.244736 s
currentSize : 25 <-- 0.244816 s
currentSize : 26 <-- 30.440863 s
currentSize : 27 <-- 175.900986 s
currentSize : 28 <-- 242.070023 s

TIMEOUT
maxsize : 28
nodes : 175035605.000000
filtered : 3515421181.000000
time : 1000.000061
