Parameters: GAD=1 vflib=1 dir=0 label=0 lowerbound=1 fileNameGp=../../cp2016-max-common-connected-subgraph-paper/datasets/graphsdb/mcs70/m2D/m2Dr6/mcs70_m2Dr6_s40.A00 fileNameGt=../../cp2016-max-common-connected-subgraph-paper/datasets/graphsdb/mcs70/m2D/m2Dr6/mcs70_m2Dr6_s40.B00
Reading graphs...
40 :  87
40 :  87
Initializing...
maxdom : 40
D->valSize : 1600
Solving...
currentSize : 15 <-- 0.061870 s
currentSize : 16 <-- 0.062059 s
currentSize : 17 <-- 0.064119 s
currentSize : 18 <-- 0.064740 s
currentSize : 19 <-- 0.093559 s
currentSize : 20 <-- 0.186701 s
currentSize : 21 <-- 0.364261 s
currentSize : 22 <-- 6.272077 s
currentSize : 23 <-- 15.680930 s
currentSize : 24 <-- 582.538513 s

TIMEOUT
maxsize : 24
nodes : 190771469.000000
filtered : 3460487086.000000
time : 1000.000061
