Parameters: GAD=1 vflib=1 dir=0 label=0 lowerbound=1 fileNameGp=../../cp2016-max-common-connected-subgraph-paper/datasets/graphsdb/mcs70/bvg/b06m/mcs70_b06m_s50.A00 fileNameGt=../../cp2016-max-common-connected-subgraph-paper/datasets/graphsdb/mcs70/bvg/b06m/mcs70_b06m_s50.B00
Reading graphs...
50 :  150
50 :  150
Initializing...
maxdom : 50
D->valSize : 2500
Solving...
currentSize : 18 <-- 0.111724 s
currentSize : 19 <-- 0.111757 s
currentSize : 20 <-- 0.112098 s
currentSize : 21 <-- 0.230932 s
currentSize : 22 <-- 1.305365 s
currentSize : 23 <-- 3.466738 s
currentSize : 24 <-- 3.557302 s
currentSize : 25 <-- 5.558329 s
currentSize : 26 <-- 461.910767 s

TIMEOUT
maxsize : 26
nodes : 170084008.000000
filtered : 3710244842.000000
time : 1000.000061
