Parameters: GAD=1 vflib=1 dir=0 label=0 lowerbound=1 fileNameGp=../../cp2016-max-common-connected-subgraph-paper/datasets/graphsdb/mcs70/m2D/m2Dr6/mcs70_m2Dr6_s25.A07 fileNameGt=../../cp2016-max-common-connected-subgraph-paper/datasets/graphsdb/mcs70/m2D/m2Dr6/mcs70_m2Dr6_s25.B07
Reading graphs...
25 :  55
25 :  54
Initializing...
maxdom : 25
D->valSize : 625
Solving...
currentSize : 8 <-- 0.004981 s
currentSize : 9 <-- 0.005001 s
currentSize : 12 <-- 0.005127 s
currentSize : 13 <-- 0.007494 s
currentSize : 14 <-- 0.011496 s
currentSize : 15 <-- 0.018572 s
currentSize : 16 <-- 0.265785 s
currentSize : 17 <-- 8.022133 s

maxsize : 17
nodes : 2674203.000000
filtered : 45707718.000000
time : 10.609129
