Parameters: GAD=1 vflib=1 dir=0 label=0 lowerbound=1 fileNameGp=../../cp2016-max-common-connected-subgraph-paper/datasets/graphsdb/mcs70/m2D/m2Dr4/mcs70_m2Dr4_s50.A01 fileNameGt=../../cp2016-max-common-connected-subgraph-paper/datasets/graphsdb/mcs70/m2D/m2Dr4/mcs70_m2Dr4_s50.B01
Reading graphs...
50 :  105
50 :  104
Initializing...
maxdom : 50
D->valSize : 2500
Solving...
currentSize : 22 <-- 0.094960 s
currentSize : 23 <-- 0.094990 s
currentSize : 24 <-- 0.095263 s
currentSize : 25 <-- 0.096350 s
currentSize : 26 <-- 0.164580 s
currentSize : 27 <-- 0.307493 s
currentSize : 28 <-- 1.914247 s
currentSize : 29 <-- 4.834162 s
currentSize : 30 <-- 7.223954 s

TIMEOUT
maxsize : 30
nodes : 174667871.000000
filtered : 3608325481.000000
time : 1000.000061
