Parameters: GAD=1 vflib=1 dir=0 label=0 lowerbound=1 fileNameGp=../../cp2016-max-common-connected-subgraph-paper/datasets/graphsdb/mcs70/rand/r02/mcs70_r02_s30.A08 fileNameGt=../../cp2016-max-common-connected-subgraph-paper/datasets/graphsdb/mcs70/rand/r02/mcs70_r02_s30.B08
Reading graphs...
30 :  165
30 :  159
Initializing...
maxdom : 30
D->valSize : 900
Solving...
currentSize : 9 <-- 0.009432 s
currentSize : 10 <-- 0.009517 s
currentSize : 11 <-- 0.009545 s
currentSize : 12 <-- 0.017545 s
currentSize : 13 <-- 0.040015 s
currentSize : 14 <-- 3.392812 s
currentSize : 16 <-- 27.877468 s
currentSize : 21 <-- 28.379480 s

maxsize : 21
nodes : 7863044.000000
filtered : 104146922.000000
time : 32.167023
