Parameters: GAD=1 vflib=1 dir=0 label=0 lowerbound=1 fileNameGp=../../cp2016-max-common-connected-subgraph-paper/datasets/graphsdb/mcs70/m2D/m2D/mcs70_m2D_s40.A05 fileNameGt=../../cp2016-max-common-connected-subgraph-paper/datasets/graphsdb/mcs70/m2D/m2D/mcs70_m2D_s40.B05
Reading graphs...
40 :  67
40 :  66
Initializing...
maxdom : 40
D->valSize : 1600
Solving...
currentSize : 17 <-- 0.035940 s
currentSize : 19 <-- 0.036037 s
currentSize : 20 <-- 0.038673 s
currentSize : 21 <-- 0.042227 s
currentSize : 22 <-- 0.378386 s
currentSize : 23 <-- 1.013843 s
currentSize : 24 <-- 2.347927 s
currentSize : 25 <-- 4.547174 s
currentSize : 26 <-- 43.695950 s
currentSize : 27 <-- 71.428726 s
currentSize : 28 <-- 362.779449 s
currentSize : 29 <-- 594.876343 s

TIMEOUT
maxsize : 29
nodes : 162875618.000000
filtered : 4122439146.000000
time : 1000.000000
