Parameters: GAD=1 vflib=1 dir=0 label=0 lowerbound=1 fileNameGp=../../cp2016-max-common-connected-subgraph-paper/datasets/graphsdb/mcs70/m3D/m3D/mcs70_m3D_s40.A06 fileNameGt=../../cp2016-max-common-connected-subgraph-paper/datasets/graphsdb/mcs70/m3D/m3D/mcs70_m3D_s40.B06
Reading graphs...
40 :  82
40 :  83
Initializing...
maxdom : 40
D->valSize : 1600
Solving...
currentSize : 23 <-- 0.035323 s
currentSize : 24 <-- 0.504090 s
currentSize : 25 <-- 5.782459 s
currentSize : 26 <-- 105.134621 s
currentSize : 27 <-- 192.332520 s
currentSize : 28 <-- 710.749207 s
currentSize : 29 <-- 733.799866 s

TIMEOUT
maxsize : 29
nodes : 150574366.000000
filtered : 4737012071.000000
time : 1000.000061
