Parameters: GAD=1 vflib=1 dir=0 label=0 lowerbound=1 fileNameGp=../../cp2016-max-common-connected-subgraph-paper/datasets/graphsdb/mcs70/bvg/b06m/mcs70_b06m_s35.A08 fileNameGt=../../cp2016-max-common-connected-subgraph-paper/datasets/graphsdb/mcs70/bvg/b06m/mcs70_b06m_s35.B08
Reading graphs...
35 :  100
35 :  99
Initializing...
maxdom : 35
D->valSize : 1225
Solving...
currentSize : 15 <-- 0.033368 s
currentSize : 16 <-- 0.034348 s
currentSize : 17 <-- 0.046923 s
currentSize : 18 <-- 0.047022 s
currentSize : 19 <-- 0.052524 s
currentSize : 20 <-- 0.098496 s
currentSize : 21 <-- 71.075630 s
currentSize : 22 <-- 234.938354 s
currentSize : 23 <-- 235.995300 s
currentSize : 24 <-- 340.623901 s
currentSize : 25 <-- 340.623962 s

maxsize : 25
nodes : 60681340.000000
filtered : 1846755922.000000
time : 353.341797
