Parameters: GAD=1 vflib=1 dir=0 label=0 lowerbound=1 fileNameGp=../../cp2016-max-common-connected-subgraph-paper/datasets/graphsdb/mcs70/rand/r01/mcs70_r01_s35.A07 fileNameGt=../../cp2016-max-common-connected-subgraph-paper/datasets/graphsdb/mcs70/rand/r01/mcs70_r01_s35.B07
Reading graphs...
35 :  114
35 :  111
Initializing...
maxdom : 35
D->valSize : 1225
Solving...
currentSize : 13 <-- 0.019027 s
currentSize : 15 <-- 0.019168 s
currentSize : 16 <-- 0.019504 s
currentSize : 17 <-- 0.022839 s
currentSize : 18 <-- 0.515574 s
currentSize : 19 <-- 6.852113 s
currentSize : 20 <-- 28.049528 s
currentSize : 21 <-- 68.550049 s
currentSize : 24 <-- 282.296295 s

maxsize : 24
nodes : 55563245.000000
filtered : 1596071134.000000
time : 319.480103
