Parameters: GAD=1 vflib=1 dir=0 label=0 lowerbound=1 fileNameGp=../../cp2016-max-common-connected-subgraph-paper/datasets/graphsdb/mcs70/m2D/m2D/mcs70_m2D_s40.A07 fileNameGt=../../cp2016-max-common-connected-subgraph-paper/datasets/graphsdb/mcs70/m2D/m2D/mcs70_m2D_s40.B07
Reading graphs...
40 :  66
40 :  67
Initializing...
maxdom : 40
D->valSize : 1600
Solving...
currentSize : 17 <-- 0.036282 s
currentSize : 19 <-- 0.036316 s
currentSize : 20 <-- 0.039431 s
currentSize : 21 <-- 0.043841 s
currentSize : 22 <-- 1.870543 s
currentSize : 23 <-- 6.298187 s
currentSize : 24 <-- 8.730524 s
currentSize : 25 <-- 362.395355 s
currentSize : 26 <-- 362.799164 s

TIMEOUT
maxsize : 26
nodes : 218000651.000000
filtered : 3169042724.000000
time : 1000.000061
