Parameters: GAD=1 vflib=1 dir=0 label=0 lowerbound=1 fileNameGp=../../cp2016-max-common-connected-subgraph-paper/datasets/graphsdb/mcs70/rand/r01/mcs70_r01_s35.A05 fileNameGt=../../cp2016-max-common-connected-subgraph-paper/datasets/graphsdb/mcs70/rand/r01/mcs70_r01_s35.B05
Reading graphs...
35 :  112
35 :  110
Initializing...
maxdom : 35
D->valSize : 1225
Solving...
currentSize : 11 <-- 0.018746 s
currentSize : 12 <-- 0.018770 s
currentSize : 14 <-- 0.018829 s
currentSize : 15 <-- 0.019212 s
currentSize : 16 <-- 0.021220 s
currentSize : 17 <-- 0.026487 s
currentSize : 18 <-- 0.249377 s
currentSize : 19 <-- 3.032975 s
currentSize : 20 <-- 163.338379 s
currentSize : 21 <-- 551.873596 s
currentSize : 22 <-- 559.384888 s
currentSize : 24 <-- 662.203125 s

maxsize : 24
nodes : 132114741.000000
filtered : 3177666223.000000
time : 703.253784
