Parameters: GAD=1 vflib=1 dir=0 label=0 lowerbound=1 fileNameGp=../../cp2016-max-common-connected-subgraph-paper/datasets/graphsdb/mcs70/rand/r005/mcs70_r005_s20.A05 fileNameGt=../../cp2016-max-common-connected-subgraph-paper/datasets/graphsdb/mcs70/rand/r005/mcs70_r005_s20.B05
Reading graphs...
20 :  23
20 :  23
Initializing...
maxdom : 20
D->valSize : 400
Solving...
currentSize : 8 <-- 0.002239 s
currentSize : 9 <-- 0.002300 s
currentSize : 11 <-- 0.002312 s
currentSize : 12 <-- 0.002323 s
currentSize : 13 <-- 0.015386 s
currentSize : 14 <-- 0.063246 s
currentSize : 15 <-- 0.078500 s

maxsize : 15
nodes : 55544.000000
filtered : 471122.000000
time : 0.144241
