Parameters: GAD=1 vflib=1 dir=0 label=0 lowerbound=1 fileNameGp=../../cp2016-max-common-connected-subgraph-paper/datasets/graphsdb/mcs70/m3D/m3Dr6/mcs70_m3Dr6_s35.A04 fileNameGt=../../cp2016-max-common-connected-subgraph-paper/datasets/graphsdb/mcs70/m3D/m3Dr6/mcs70_m3Dr6_s35.B04
Reading graphs...
35 :  91
35 :  89
Initializing...
maxdom : 35
D->valSize : 1225
Solving...
currentSize : 14 <-- 0.019664 s
currentSize : 15 <-- 0.019849 s
currentSize : 16 <-- 0.019932 s
currentSize : 17 <-- 0.020257 s
currentSize : 18 <-- 0.020422 s
currentSize : 19 <-- 0.023357 s
currentSize : 20 <-- 0.026693 s
currentSize : 21 <-- 6.050760 s
currentSize : 22 <-- 124.829597 s
currentSize : 24 <-- 696.338440 s
currentSize : 27 <-- 728.637268 s

maxsize : 27
nodes : 135436848.000000
filtered : 3295354124.000000
time : 734.757324
