Parameters: GAD=1 vflib=1 dir=0 label=0 lowerbound=1 fileNameGp=../../cp2016-max-common-connected-subgraph-paper/datasets/graphsdb/mcs70/rand/r005/mcs70_r005_s40.A00 fileNameGt=../../cp2016-max-common-connected-subgraph-paper/datasets/graphsdb/mcs70/rand/r005/mcs70_r005_s40.B00
Reading graphs...
40 :  75
40 :  73
Initializing...
maxdom : 40
D->valSize : 1600
Solving...
currentSize : 12 <-- 0.035770 s
currentSize : 14 <-- 0.035960 s
currentSize : 17 <-- 0.036157 s
currentSize : 18 <-- 0.038207 s
currentSize : 19 <-- 0.043159 s
currentSize : 20 <-- 0.073728 s
currentSize : 21 <-- 0.073780 s
currentSize : 22 <-- 0.185573 s
currentSize : 23 <-- 0.377876 s
currentSize : 24 <-- 20.000599 s
currentSize : 25 <-- 83.871574 s
currentSize : 26 <-- 203.765121 s
currentSize : 27 <-- 312.668701 s

TIMEOUT
maxsize : 27
nodes : 164892517.000000
filtered : 3961829704.000000
time : 1000.000000
