Parameters: GAD=1 vflib=1 dir=0 label=0 lowerbound=1 fileNameGp=../../cp2016-max-common-connected-subgraph-paper/datasets/graphsdb/mcs70/m4D/m4Dr2/mcs70_m4Dr2_s25.A07 fileNameGt=../../cp2016-max-common-connected-subgraph-paper/datasets/graphsdb/mcs70/m4D/m4Dr2/mcs70_m4Dr2_s25.B07
Reading graphs...
25 :  51
25 :  51
Initializing...
maxdom : 25
D->valSize : 625
Solving...
currentSize : 12 <-- 0.008116 s
currentSize : 13 <-- 0.008133 s
currentSize : 14 <-- 0.018381 s
currentSize : 15 <-- 0.065026 s
currentSize : 16 <-- 0.075872 s
currentSize : 17 <-- 0.166766 s
currentSize : 18 <-- 0.760018 s

maxsize : 18
nodes : 407408.000000
filtered : 8018725.000000
time : 1.689159
