Parameters: GAD=1 vflib=1 dir=0 label=0 lowerbound=1 fileNameGp=../../cp2016-max-common-connected-subgraph-paper/datasets/graphsdb/mcs70/rand/r02/mcs70_r02_s30.A06 fileNameGt=../../cp2016-max-common-connected-subgraph-paper/datasets/graphsdb/mcs70/rand/r02/mcs70_r02_s30.B06
Reading graphs...
30 :  159
30 :  158
Initializing...
maxdom : 30
D->valSize : 900
Solving...
currentSize : 9 <-- 0.009224 s
currentSize : 10 <-- 0.009248 s
currentSize : 11 <-- 0.009304 s
currentSize : 12 <-- 0.009822 s
currentSize : 13 <-- 0.033507 s
currentSize : 15 <-- 3.536159 s
currentSize : 17 <-- 10.077666 s
currentSize : 18 <-- 13.461606 s
currentSize : 21 <-- 13.461761 s

maxsize : 21
nodes : 3611489.000000
filtered : 64353229.000000
time : 16.717722
