Parameters: GAD=1 vflib=1 dir=0 label=0 lowerbound=1 fileNameGp=../../cp2016-max-common-connected-subgraph-paper/datasets/graphsdb/mcs70/m2D/m2Dr4/mcs70_m2Dr4_s35.A00 fileNameGt=../../cp2016-max-common-connected-subgraph-paper/datasets/graphsdb/mcs70/m2D/m2Dr4/mcs70_m2Dr4_s35.B00
Reading graphs...
35 :  72
35 :  71
Initializing...
maxdom : 35
D->valSize : 1225
Solving...
currentSize : 17 <-- 0.035656 s
currentSize : 18 <-- 0.035936 s
currentSize : 19 <-- 0.040366 s
currentSize : 20 <-- 0.047709 s
currentSize : 21 <-- 2.261435 s
currentSize : 22 <-- 34.529053 s
currentSize : 23 <-- 65.453911 s
currentSize : 25 <-- 285.195129 s

maxsize : 25
nodes : 66201735.000000
filtered : 1691282232.000000
time : 370.766113
