Parameters: GAD=1 vflib=1 dir=0 label=0 lowerbound=1 fileNameGp=../../cp2016-max-common-connected-subgraph-paper/datasets/graphsdb/mcs70/bvg/b06/mcs70_b06_s40.A02 fileNameGt=../../cp2016-max-common-connected-subgraph-paper/datasets/graphsdb/mcs70/bvg/b06/mcs70_b06_s40.B02
Reading graphs...
40 :  120
40 :  119
Initializing...
maxdom : 40
D->valSize : 1600
Solving...
currentSize : 19 <-- 0.033428 s
currentSize : 20 <-- 0.033991 s
currentSize : 21 <-- 0.102683 s
currentSize : 22 <-- 2.589176 s
currentSize : 23 <-- 25.562384 s
currentSize : 24 <-- 25.690464 s
currentSize : 25 <-- 25.694284 s
currentSize : 26 <-- 38.808884 s
currentSize : 27 <-- 39.695820 s
currentSize : 28 <-- 39.714329 s
currentSize : 30 <-- 53.599922 s
currentSize : 31 <-- 53.600056 s

maxsize : 31
nodes : 11074591.000000
filtered : 394750603.000000
time : 74.532433
