Parameters: GAD=1 vflib=1 dir=0 label=0 lowerbound=1 fileNameGp=../../cp2016-max-common-connected-subgraph-paper/datasets/graphsdb/mcs70/bvg/b09m/mcs70_b09m_s35.A06 fileNameGt=../../cp2016-max-common-connected-subgraph-paper/datasets/graphsdb/mcs70/bvg/b09m/mcs70_b09m_s35.B06
Reading graphs...
35 :  152
35 :  154
Initializing...
maxdom : 35
D->valSize : 1225
Solving...
currentSize : 11 <-- 0.017801 s
currentSize : 12 <-- 0.017829 s
currentSize : 13 <-- 0.017931 s
currentSize : 15 <-- 0.020414 s
currentSize : 16 <-- 0.169018 s
currentSize : 17 <-- 46.448284 s
currentSize : 23 <-- 262.090027 s
currentSize : 24 <-- 262.090088 s

maxsize : 24
nodes : 57381959.000000
filtered : 1100405454.000000
time : 285.237457
