Parameters: GAD=1 vflib=1 dir=0 label=0 lowerbound=1 fileNameGp=../../cp2016-max-common-connected-subgraph-paper/datasets/graphsdb/mcs70/rand/r02/mcs70_r02_s35.A01 fileNameGt=../../cp2016-max-common-connected-subgraph-paper/datasets/graphsdb/mcs70/rand/r02/mcs70_r02_s35.B01
Reading graphs...
35 :  212
35 :  215
Initializing...
maxdom : 35
D->valSize : 1225
Solving...
currentSize : 10 <-- 0.017194 s
currentSize : 11 <-- 0.017284 s
currentSize : 12 <-- 0.017811 s
currentSize : 13 <-- 0.018942 s
currentSize : 14 <-- 0.130531 s
currentSize : 15 <-- 0.856075 s
currentSize : 16 <-- 3.043037 s
currentSize : 17 <-- 162.491150 s
currentSize : 18 <-- 306.697632 s
currentSize : 20 <-- 393.070038 s
currentSize : 24 <-- 393.569000 s

maxsize : 24
nodes : 81384582.000000
filtered : 1461146465.000000
time : 407.815277
