Parameters: GAD=1 vflib=1 dir=0 label=0 lowerbound=1 fileNameGp=../../cp2016-max-common-connected-subgraph-paper/datasets/graphsdb/mcs70/rand/r01/mcs70_r01_s30.A06 fileNameGt=../../cp2016-max-common-connected-subgraph-paper/datasets/graphsdb/mcs70/rand/r01/mcs70_r01_s30.B06
Reading graphs...
30 :  83
30 :  81
Initializing...
maxdom : 30
D->valSize : 900
Solving...
currentSize : 12 <-- 0.010028 s
currentSize : 14 <-- 0.010127 s
currentSize : 15 <-- 0.010853 s
currentSize : 16 <-- 0.010924 s
currentSize : 17 <-- 0.107032 s
currentSize : 18 <-- 0.855263 s
currentSize : 19 <-- 2.659791 s
currentSize : 21 <-- 2.882749 s

maxsize : 21
nodes : 1656412.000000
filtered : 52982503.000000
time : 9.291974
