Parameters: GAD=1 vflib=1 dir=0 label=0 lowerbound=1 fileNameGp=../../cp2016-max-common-connected-subgraph-paper/datasets/graphsdb/mcs70/bvg/b03/mcs70_b03_s25.A00 fileNameGt=../../cp2016-max-common-connected-subgraph-paper/datasets/graphsdb/mcs70/bvg/b03/mcs70_b03_s25.B00
Reading graphs...
25 :  37
25 :  37
Initializing...
maxdom : 25
D->valSize : 625
Solving...
currentSize : 13 <-- 0.005166 s
currentSize : 14 <-- 0.005220 s
currentSize : 15 <-- 0.005429 s
currentSize : 16 <-- 0.006953 s
currentSize : 18 <-- 0.457141 s
currentSize : 19 <-- 0.503061 s
currentSize : 20 <-- 0.730025 s

maxsize : 20
nodes : 271821.000000
filtered : 3814156.000000
time : 1.023379
