Parameters: GAD=1 vflib=1 dir=0 label=0 lowerbound=1 fileNameGp=../../cp2016-max-common-connected-subgraph-paper/datasets/graphsdb/mcs70/rand/r01/mcs70_r01_s40.A04 fileNameGt=../../cp2016-max-common-connected-subgraph-paper/datasets/graphsdb/mcs70/rand/r01/mcs70_r01_s40.B04
Reading graphs...
40 :  147
40 :  147
Initializing...
maxdom : 40
D->valSize : 1600
Solving...
currentSize : 15 <-- 0.032655 s
currentSize : 16 <-- 0.032819 s
currentSize : 17 <-- 0.042357 s
currentSize : 18 <-- 0.066956 s
currentSize : 19 <-- 0.084730 s
currentSize : 20 <-- 0.155646 s
currentSize : 21 <-- 115.016953 s

TIMEOUT
maxsize : 21
nodes : 180093181.000000
filtered : 4070925564.000000
time : 1000.000061
