Parameters: GAD=1 vflib=1 dir=0 label=0 lowerbound=1 fileNameGp=../../cp2016-max-common-connected-subgraph-paper/datasets/graphsdb/mcs70/bvg/b06/mcs70_b06_s35.A07 fileNameGt=../../cp2016-max-common-connected-subgraph-paper/datasets/graphsdb/mcs70/bvg/b06/mcs70_b06_s35.B07
Reading graphs...
35 :  105
35 :  102
Initializing...
maxdom : 35
D->valSize : 1225
Solving...
currentSize : 13 <-- 0.019166 s
currentSize : 14 <-- 0.019255 s
currentSize : 15 <-- 0.020997 s
currentSize : 16 <-- 0.026589 s
currentSize : 17 <-- 0.040095 s
currentSize : 18 <-- 0.088514 s
currentSize : 20 <-- 0.232574 s
currentSize : 21 <-- 0.502604 s
currentSize : 22 <-- 1.028970 s
currentSize : 23 <-- 4.205629 s
currentSize : 24 <-- 4.771067 s
currentSize : 25 <-- 4.809910 s
currentSize : 26 <-- 12.409046 s

maxsize : 26
nodes : 3898086.000000
filtered : 152699637.000000
time : 25.836092
