Parameters: GAD=1 vflib=1 dir=0 label=0 lowerbound=1 fileNameGp=../../cp2016-max-common-connected-subgraph-paper/datasets/graphsdb/mcs70/m2D/m2Dr2/mcs70_m2Dr2_s35.A04 fileNameGt=../../cp2016-max-common-connected-subgraph-paper/datasets/graphsdb/mcs70/m2D/m2Dr2/mcs70_m2Dr2_s35.B04
Reading graphs...
35 :  65
35 :  65
Initializing...
maxdom : 35
D->valSize : 1225
Solving...
currentSize : 18 <-- 0.020446 s
currentSize : 19 <-- 0.022154 s
currentSize : 20 <-- 0.124794 s
currentSize : 21 <-- 0.129245 s
currentSize : 22 <-- 0.173952 s
currentSize : 23 <-- 37.230209 s
currentSize : 24 <-- 101.089935 s
currentSize : 25 <-- 527.268433 s
currentSize : 26 <-- 587.514038 s

maxsize : 26
nodes : 108929366.000000
filtered : 2721835462.000000
time : 606.368042
