Parameters: GAD=1 vflib=1 dir=0 label=0 lowerbound=1 fileNameGp=../../cp2016-max-common-connected-subgraph-paper/datasets/graphsdb/mcs70/rand/r01/mcs70_r01_s50.A08 fileNameGt=../../cp2016-max-common-connected-subgraph-paper/datasets/graphsdb/mcs70/rand/r01/mcs70_r01_s50.B08
Reading graphs...
50 :  226
50 :  230
Initializing...
maxdom : 50
D->valSize : 2500
Solving...
currentSize : 17 <-- 0.106449 s
currentSize : 18 <-- 0.106492 s
currentSize : 19 <-- 0.106915 s
currentSize : 20 <-- 0.586198 s
currentSize : 21 <-- 6.735273 s
currentSize : 22 <-- 34.461720 s
currentSize : 23 <-- 262.623138 s

TIMEOUT
maxsize : 23
nodes : 165916167.000000
filtered : 3416670935.000000
time : 1000.000000
