Parameters: GAD=1 vflib=1 dir=0 label=0 lowerbound=1 fileNameGp=../../cp2016-max-common-connected-subgraph-paper/datasets/graphsdb/mcs70/bvg/b09/mcs70_b09_s35.A06 fileNameGt=../../cp2016-max-common-connected-subgraph-paper/datasets/graphsdb/mcs70/bvg/b09/mcs70_b09_s35.B06
Reading graphs...
35 :  153
35 :  154
Initializing...
maxdom : 35
D->valSize : 1225
Solving...
currentSize : 11 <-- 0.018164 s
currentSize : 12 <-- 0.018193 s
currentSize : 13 <-- 0.018278 s
currentSize : 14 <-- 0.018986 s
currentSize : 15 <-- 0.021970 s
currentSize : 18 <-- 0.114283 s
currentSize : 21 <-- 0.114335 s
currentSize : 22 <-- 0.789726 s
currentSize : 24 <-- 0.925811 s
currentSize : 25 <-- 0.925842 s

maxsize : 25
nodes : 2650940.000000
filtered : 111318528.000000
time : 18.159864
