Parameters: GAD=1 vflib=1 dir=0 label=0 lowerbound=1 fileNameGp=../../cp2016-max-common-connected-subgraph-paper/datasets/graphsdb/mcs70/bvg/b03m/mcs70_b03m_s40.A07 fileNameGt=../../cp2016-max-common-connected-subgraph-paper/datasets/graphsdb/mcs70/bvg/b03m/mcs70_b03m_s40.B07
Reading graphs...
40 :  60
40 :  60
Initializing...
maxdom : 40
D->valSize : 1600
Solving...
currentSize : 20 <-- 0.037115 s
currentSize : 21 <-- 0.037160 s
currentSize : 22 <-- 0.057675 s
currentSize : 23 <-- 0.114418 s
currentSize : 24 <-- 0.115011 s
currentSize : 25 <-- 0.170830 s
currentSize : 26 <-- 0.176703 s
currentSize : 27 <-- 2.016293 s
currentSize : 28 <-- 2.016430 s
currentSize : 29 <-- 178.288132 s
currentSize : 30 <-- 178.288406 s
currentSize : 31 <-- 178.288651 s

maxsize : 31
nodes : 58691273.000000
filtered : 1796191293.000000
time : 410.235809
