Parameters: GAD=1 vflib=1 dir=0 label=0 lowerbound=1 fileNameGp=../../cp2016-max-common-connected-subgraph-paper/datasets/graphsdb/mcs70/bvg/b06m/mcs70_b06m_s25.A06 fileNameGt=../../cp2016-max-common-connected-subgraph-paper/datasets/graphsdb/mcs70/bvg/b06m/mcs70_b06m_s25.B06
Reading graphs...
25 :  70
25 :  69
Initializing...
maxdom : 25
D->valSize : 625
Solving...
currentSize : 10 <-- 0.004826 s
currentSize : 11 <-- 0.004845 s
currentSize : 12 <-- 0.004984 s
currentSize : 13 <-- 0.005004 s
currentSize : 14 <-- 0.057116 s
currentSize : 15 <-- 0.749808 s
currentSize : 16 <-- 1.548136 s
currentSize : 17 <-- 1.548607 s

maxsize : 17
nodes : 709479.000000
filtered : 14812233.000000
time : 3.011543
