Parameters: GAD=1 vflib=1 dir=0 label=0 lowerbound=1 fileNameGp=../../cp2016-max-common-connected-subgraph-paper/datasets/graphsdb/mcs70/m2D/m2D/mcs70_m2D_s25.A02 fileNameGt=../../cp2016-max-common-connected-subgraph-paper/datasets/graphsdb/mcs70/m2D/m2D/mcs70_m2D_s25.B02
Reading graphs...
25 :  38
25 :  40
Initializing...
maxdom : 25
D->valSize : 625
Solving...
currentSize : 10 <-- 0.005266 s
currentSize : 11 <-- 0.005297 s
currentSize : 12 <-- 0.005354 s
currentSize : 13 <-- 0.005876 s
currentSize : 14 <-- 0.005888 s
currentSize : 15 <-- 0.007047 s
currentSize : 16 <-- 0.074871 s
currentSize : 17 <-- 0.085990 s
currentSize : 18 <-- 0.483588 s
currentSize : 19 <-- 2.403650 s

maxsize : 19
nodes : 738193.000000
filtered : 12854534.000000
time : 3.026399
