Parameters: GAD=1 vflib=1 dir=0 label=0 lowerbound=1 fileNameGp=../../cp2016-max-common-connected-subgraph-paper/datasets/graphsdb/mcs70/m3D/m3Dr2/mcs70_m3Dr2_s40.A01 fileNameGt=../../cp2016-max-common-connected-subgraph-paper/datasets/graphsdb/mcs70/m3D/m3Dr2/mcs70_m3Dr2_s40.B01
Reading graphs...
40 :  92
40 :  92
Initializing...
maxdom : 40
D->valSize : 1600
Solving...
currentSize : 19 <-- 0.035038 s
currentSize : 20 <-- 0.037720 s
currentSize : 21 <-- 0.059541 s
currentSize : 22 <-- 0.129402 s
currentSize : 23 <-- 4.142515 s
currentSize : 24 <-- 53.385841 s
currentSize : 25 <-- 430.847687 s

TIMEOUT
maxsize : 25
nodes : 173761140.000000
filtered : 4058270098.000000
time : 1000.000000
