Parameters: GAD=1 vflib=1 dir=0 label=0 lowerbound=1 fileNameGp=../../cp2016-max-common-connected-subgraph-paper/datasets/graphsdb/mcs70/rand/r005/mcs70_r005_s30.A05 fileNameGt=../../cp2016-max-common-connected-subgraph-paper/datasets/graphsdb/mcs70/rand/r005/mcs70_r005_s30.B05
Reading graphs...
30 :  42
30 :  40
Initializing...
maxdom : 30
D->valSize : 900
Solving...
currentSize : 8 <-- 0.019677 s
currentSize : 9 <-- 0.019975 s
currentSize : 15 <-- 0.020018 s
currentSize : 16 <-- 0.021750 s
currentSize : 17 <-- 0.036870 s
currentSize : 18 <-- 0.037110 s
currentSize : 19 <-- 0.214600 s
currentSize : 20 <-- 0.214621 s
currentSize : 21 <-- 0.218422 s
currentSize : 22 <-- 0.218675 s
currentSize : 23 <-- 4.792531 s
currentSize : 24 <-- 5.161825 s

maxsize : 24
nodes : 1364821.000000
filtered : 27452888.000000
time : 6.326770
