Parameters: GAD=1 vflib=1 dir=0 label=0 lowerbound=1 fileNameGp=../../cp2016-max-common-connected-subgraph-paper/datasets/graphsdb/mcs70/bvg/b06m/mcs70_b06m_s40.A07 fileNameGt=../../cp2016-max-common-connected-subgraph-paper/datasets/graphsdb/mcs70/bvg/b06m/mcs70_b06m_s40.B07
Reading graphs...
40 :  119
40 :  118
Initializing...
maxdom : 40
D->valSize : 1600
Solving...
currentSize : 14 <-- 0.033381 s
currentSize : 15 <-- 0.042134 s
currentSize : 16 <-- 0.043270 s
currentSize : 17 <-- 0.045547 s
currentSize : 18 <-- 0.045846 s
currentSize : 19 <-- 0.072541 s
currentSize : 20 <-- 0.419760 s
currentSize : 21 <-- 1.258595 s
currentSize : 22 <-- 50.745014 s
currentSize : 23 <-- 600.497437 s

TIMEOUT
maxsize : 23
nodes : 171060074.000000
filtered : 4520411704.000000
time : 1000.000061
