Parameters: GAD=1 vflib=1 dir=0 label=0 lowerbound=1 fileNameGp=../../cp2016-max-common-connected-subgraph-paper/datasets/graphsdb/mcs70/rand/r02/mcs70_r02_s35.A07 fileNameGt=../../cp2016-max-common-connected-subgraph-paper/datasets/graphsdb/mcs70/rand/r02/mcs70_r02_s35.B07
Reading graphs...
35 :  215
35 :  214
Initializing...
maxdom : 35
D->valSize : 1225
Solving...
currentSize : 8 <-- 0.017590 s
currentSize : 10 <-- 0.017612 s
currentSize : 11 <-- 0.017738 s
currentSize : 12 <-- 0.019365 s
currentSize : 13 <-- 0.022821 s
currentSize : 14 <-- 0.042014 s
currentSize : 15 <-- 1.553472 s
currentSize : 16 <-- 887.710144 s

TIMEOUT
maxsize : 16
nodes : 227740128.000000
filtered : 2763882527.000000
time : 1000.000000
