Parameters: GAD=1 vflib=1 dir=0 label=0 lowerbound=1 fileNameGp=../../cp2016-max-common-connected-subgraph-paper/datasets/graphsdb/mcs70/bvg/b09/mcs70_b09_s35.A00 fileNameGt=../../cp2016-max-common-connected-subgraph-paper/datasets/graphsdb/mcs70/bvg/b09/mcs70_b09_s35.B00
Reading graphs...
35 :  155
35 :  153
Initializing...
maxdom : 35
D->valSize : 1225
Solving...
currentSize : 12 <-- 0.017976 s
currentSize : 13 <-- 0.018041 s
currentSize : 14 <-- 0.018833 s
currentSize : 15 <-- 0.062040 s
currentSize : 16 <-- 0.336059 s
currentSize : 17 <-- 0.531311 s
currentSize : 18 <-- 0.531351 s
currentSize : 20 <-- 0.533975 s
currentSize : 21 <-- 0.542799 s
currentSize : 24 <-- 0.544212 s
currentSize : 25 <-- 1.286852 s

maxsize : 25
nodes : 2123965.000000
filtered : 94637601.000000
time : 15.053545
