Parameters: GAD=1 vflib=1 dir=0 label=0 lowerbound=1 fileNameGp=../../cp2016-max-common-connected-subgraph-paper/datasets/graphsdb/mcs70/bvg/b03/mcs70_b03_s35.A07 fileNameGt=../../cp2016-max-common-connected-subgraph-paper/datasets/graphsdb/mcs70/bvg/b03/mcs70_b03_s35.B07
Reading graphs...
35 :  52
35 :  52
Initializing...
maxdom : 35
D->valSize : 1225
Solving...
currentSize : 20 <-- 0.037008 s
currentSize : 22 <-- 0.037327 s
currentSize : 23 <-- 0.061003 s
currentSize : 24 <-- 0.102518 s
currentSize : 25 <-- 0.362855 s
currentSize : 27 <-- 1.795892 s
currentSize : 28 <-- 11.158083 s

maxsize : 28
nodes : 4686001.000000
filtered : 133631608.000000
time : 29.592417
