Parameters: GAD=1 vflib=1 dir=0 label=0 lowerbound=1 fileNameGp=../../cp2016-max-common-connected-subgraph-paper/datasets/graphsdb/mcs70/rand/r02/mcs70_r02_s30.A04 fileNameGt=../../cp2016-max-common-connected-subgraph-paper/datasets/graphsdb/mcs70/rand/r02/mcs70_r02_s30.B04
Reading graphs...
30 :  161
30 :  159
Initializing...
maxdom : 30
D->valSize : 900
Solving...
currentSize : 10 <-- 0.009387 s
currentSize : 11 <-- 0.009969 s
currentSize : 12 <-- 0.014052 s
currentSize : 13 <-- 0.170472 s
currentSize : 14 <-- 8.087862 s
currentSize : 17 <-- 36.690449 s
currentSize : 21 <-- 36.690628 s

maxsize : 21
nodes : 9889246.000000
filtered : 118779233.000000
time : 40.404179
