Parameters: GAD=1 vflib=1 dir=0 label=0 lowerbound=1 fileNameGp=../../cp2016-max-common-connected-subgraph-paper/datasets/graphsdb/mcs70/m2D/m2Dr4/mcs70_m2Dr4_s35.A07 fileNameGt=../../cp2016-max-common-connected-subgraph-paper/datasets/graphsdb/mcs70/m2D/m2Dr4/mcs70_m2Dr4_s35.B07
Reading graphs...
35 :  72
35 :  72
Initializing...
maxdom : 35
D->valSize : 1225
Solving...
currentSize : 13 <-- 0.020151 s
currentSize : 16 <-- 0.020230 s
currentSize : 17 <-- 0.039847 s
currentSize : 18 <-- 0.075533 s
currentSize : 19 <-- 0.702555 s
currentSize : 20 <-- 0.716757 s
currentSize : 21 <-- 6.783911 s
currentSize : 22 <-- 14.881274 s
currentSize : 23 <-- 49.095676 s
currentSize : 24 <-- 466.771027 s
currentSize : 25 <-- 673.896362 s

maxsize : 25
nodes : 130626686.000000
filtered : 3457804312.000000
time : 742.782104
