Parameters: GAD=1 vflib=1 dir=0 label=0 lowerbound=1 fileNameGp=../../cp2016-max-common-connected-subgraph-paper/datasets/graphsdb/mcs70/bvg/b03/mcs70_b03_s35.A02 fileNameGt=../../cp2016-max-common-connected-subgraph-paper/datasets/graphsdb/mcs70/bvg/b03/mcs70_b03_s35.B02
Reading graphs...
35 :  52
35 :  52
Initializing...
maxdom : 35
D->valSize : 1225
Solving...
currentSize : 17 <-- 0.035999 s
currentSize : 20 <-- 0.036038 s
currentSize : 21 <-- 0.036459 s
currentSize : 22 <-- 0.069627 s
currentSize : 24 <-- 0.135800 s
currentSize : 25 <-- 0.392674 s
currentSize : 26 <-- 5.100606 s
currentSize : 27 <-- 7.524320 s
currentSize : 28 <-- 19.229568 s

maxsize : 28
nodes : 4754241.000000
filtered : 129563581.000000
time : 28.650272
