Parameters: GAD=1 vflib=1 dir=0 label=0 lowerbound=1 fileNameGp=../../cp2016-max-common-connected-subgraph-paper/datasets/graphsdb/mcs70/bvg/b06m/mcs70_b06m_s35.A06 fileNameGt=../../cp2016-max-common-connected-subgraph-paper/datasets/graphsdb/mcs70/bvg/b06m/mcs70_b06m_s35.B06
Reading graphs...
35 :  104
35 :  104
Initializing...
maxdom : 35
D->valSize : 1225
Solving...
currentSize : 13 <-- 0.034039 s
currentSize : 14 <-- 0.034305 s
currentSize : 15 <-- 0.034889 s
currentSize : 16 <-- 0.035068 s
currentSize : 17 <-- 0.037005 s
currentSize : 18 <-- 1.294979 s
currentSize : 19 <-- 3.045640 s
currentSize : 20 <-- 104.173180 s
currentSize : 22 <-- 274.011749 s
currentSize : 25 <-- 274.013428 s

maxsize : 25
nodes : 57556339.000000
filtered : 1390302527.000000
time : 305.587189
