Parameters: GAD=1 vflib=1 dir=0 label=0 lowerbound=1 fileNameGp=../../cp2016-max-common-connected-subgraph-paper/datasets/graphsdb/mcs70/bvg/b06/mcs70_b06_s35.A02 fileNameGt=../../cp2016-max-common-connected-subgraph-paper/datasets/graphsdb/mcs70/bvg/b06/mcs70_b06_s35.B02
Reading graphs...
35 :  105
35 :  104
Initializing...
maxdom : 35
D->valSize : 1225
Solving...
currentSize : 14 <-- 0.035633 s
currentSize : 15 <-- 0.035666 s
currentSize : 16 <-- 0.035785 s
currentSize : 17 <-- 0.043291 s
currentSize : 18 <-- 1.011731 s
currentSize : 19 <-- 1.341659 s
currentSize : 20 <-- 1.773111 s
currentSize : 21 <-- 2.231604 s
currentSize : 22 <-- 6.917612 s
currentSize : 23 <-- 9.262589 s
currentSize : 24 <-- 9.267490 s
currentSize : 25 <-- 19.338676 s
currentSize : 26 <-- 41.734848 s

maxsize : 26
nodes : 7307392.000000
filtered : 257922227.000000
time : 46.963848
