Parameters: GAD=1 vflib=1 dir=0 label=0 lowerbound=1 fileNameGp=../../cp2016-max-common-connected-subgraph-paper/datasets/graphsdb/mcs70/rand/r005/mcs70_r005_s40.A05 fileNameGt=../../cp2016-max-common-connected-subgraph-paper/datasets/graphsdb/mcs70/rand/r005/mcs70_r005_s40.B05
Reading graphs...
40 :  77
40 :  77
Initializing...
maxdom : 40
D->valSize : 1600
Solving...
currentSize : 18 <-- 0.035554 s
currentSize : 19 <-- 0.035798 s
currentSize : 20 <-- 0.037647 s
currentSize : 22 <-- 0.114360 s
currentSize : 23 <-- 0.232935 s
currentSize : 24 <-- 1.681691 s
currentSize : 25 <-- 56.068199 s
currentSize : 26 <-- 81.477173 s
currentSize : 27 <-- 613.539490 s
currentSize : 28 <-- 613.540894 s

TIMEOUT
maxsize : 28
nodes : 159060642.000000
filtered : 4461105592.000000
time : 1000.000000
