Parameters: GAD=1 vflib=1 dir=0 label=0 lowerbound=1 fileNameGp=../../cp2016-max-common-connected-subgraph-paper/datasets/graphsdb/mcs70/m3D/m3Dr4/mcs70_m3Dr4_s35.A05 fileNameGt=../../cp2016-max-common-connected-subgraph-paper/datasets/graphsdb/mcs70/m3D/m3Dr4/mcs70_m3Dr4_s35.B05
Reading graphs...
35 :  85
35 :  85
Initializing...
maxdom : 35
D->valSize : 1225
Solving...
currentSize : 16 <-- 0.019632 s
currentSize : 17 <-- 0.028837 s
currentSize : 18 <-- 0.080942 s
currentSize : 19 <-- 0.294785 s
currentSize : 20 <-- 0.561092 s
currentSize : 21 <-- 41.048645 s
currentSize : 22 <-- 50.657207 s
currentSize : 23 <-- 50.735596 s
currentSize : 25 <-- 188.046707 s
currentSize : 27 <-- 188.078537 s

maxsize : 27
nodes : 35338555.000000
filtered : 971182727.000000
time : 200.734238
