Parameters: GAD=1 vflib=1 dir=0 label=0 lowerbound=1 fileNameGp=../../cp2016-max-common-connected-subgraph-paper/datasets/graphsdb/mcs70/bvg/b03/mcs70_b03_s50.A07 fileNameGt=../../cp2016-max-common-connected-subgraph-paper/datasets/graphsdb/mcs70/bvg/b03/mcs70_b03_s50.B07
Reading graphs...
50 :  75
50 :  75
Initializing...
maxdom : 50
D->valSize : 2500
Solving...
currentSize : 29 <-- 0.122926 s
currentSize : 30 <-- 0.122962 s
currentSize : 32 <-- 0.123014 s
currentSize : 33 <-- 0.133054 s
currentSize : 34 <-- 0.150176 s
currentSize : 35 <-- 0.383958 s
currentSize : 36 <-- 505.623230 s

TIMEOUT
maxsize : 36
nodes : 146534460.000000
filtered : 3551866586.000000
time : 1000.000061
