Parameters: GAD=1 vflib=1 dir=0 label=0 lowerbound=1 fileNameGp=../../cp2016-max-common-connected-subgraph-paper/datasets/graphsdb/mcs70/m2D/m2D/mcs70_m2D_s40.A00 fileNameGt=../../cp2016-max-common-connected-subgraph-paper/datasets/graphsdb/mcs70/m2D/m2D/mcs70_m2D_s40.B00
Reading graphs...
40 :  67
40 :  67
Initializing...
maxdom : 40
D->valSize : 1600
Solving...
currentSize : 20 <-- 0.056312 s
currentSize : 21 <-- 0.056575 s
currentSize : 22 <-- 0.057904 s
currentSize : 23 <-- 0.057919 s
currentSize : 24 <-- 0.353251 s
currentSize : 25 <-- 2.608769 s
currentSize : 26 <-- 200.638016 s
currentSize : 27 <-- 470.328461 s

TIMEOUT
maxsize : 27
nodes : 190583378.000000
filtered : 3570980741.000000
time : 1000.000061
