Parameters: GAD=1 vflib=1 dir=0 label=0 lowerbound=1 fileNameGp=../../cp2016-max-common-connected-subgraph-paper/datasets/graphsdb/mcs70/bvg/b03/mcs70_b03_s40.A04 fileNameGt=../../cp2016-max-common-connected-subgraph-paper/datasets/graphsdb/mcs70/bvg/b03/mcs70_b03_s40.B04
Reading graphs...
40 :  60
40 :  60
Initializing...
maxdom : 40
D->valSize : 1600
Solving...
currentSize : 19 <-- 0.036288 s
currentSize : 22 <-- 0.036319 s
currentSize : 25 <-- 0.036337 s
currentSize : 26 <-- 0.036906 s
currentSize : 27 <-- 0.979223 s
currentSize : 28 <-- 25.536400 s
currentSize : 29 <-- 29.640459 s
currentSize : 30 <-- 94.874237 s
currentSize : 31 <-- 296.209381 s

maxsize : 31
nodes : 93145950.000000
filtered : 2716522572.000000
time : 607.865173
