Parameters: GAD=1 vflib=1 dir=0 label=0 lowerbound=1 fileNameGp=../../cp2016-max-common-connected-subgraph-paper/datasets/graphsdb/mcs70/m2D/m2Dr4/mcs70_m2Dr4_s35.A08 fileNameGt=../../cp2016-max-common-connected-subgraph-paper/datasets/graphsdb/mcs70/m2D/m2Dr4/mcs70_m2Dr4_s35.B08
Reading graphs...
35 :  72
35 :  71
Initializing...
maxdom : 35
D->valSize : 1225
Solving...
currentSize : 16 <-- 0.020067 s
currentSize : 18 <-- 0.020111 s
currentSize : 19 <-- 0.020126 s
currentSize : 20 <-- 0.026629 s
currentSize : 21 <-- 0.331550 s
currentSize : 22 <-- 2.811653 s
currentSize : 23 <-- 6.873996 s
currentSize : 24 <-- 12.899723 s
currentSize : 25 <-- 68.508308 s
currentSize : 27 <-- 68.508652 s

maxsize : 27
nodes : 13535181.000000
filtered : 416571891.000000
time : 83.370888
