Parameters: GAD=1 vflib=1 dir=0 label=0 lowerbound=1 fileNameGp=../../cp2016-max-common-connected-subgraph-paper/datasets/graphsdb/mcs70/rand/r01/mcs70_r01_s40.A05 fileNameGt=../../cp2016-max-common-connected-subgraph-paper/datasets/graphsdb/mcs70/rand/r01/mcs70_r01_s40.B05
Reading graphs...
40 :  144
40 :  145
Initializing...
maxdom : 40
D->valSize : 1600
Solving...
currentSize : 14 <-- 0.032712 s
currentSize : 15 <-- 0.032886 s
currentSize : 16 <-- 0.032939 s
currentSize : 17 <-- 0.050964 s
currentSize : 18 <-- 0.065424 s
currentSize : 19 <-- 1.017105 s
currentSize : 20 <-- 2.267367 s
currentSize : 21 <-- 397.842560 s

TIMEOUT
maxsize : 21
nodes : 181136932.000000
filtered : 3736073766.000000
time : 1000.000061
