Parameters: GAD=1 vflib=1 dir=0 label=0 lowerbound=1 fileNameGp=../../cp2016-max-common-connected-subgraph-paper/datasets/graphsdb/mcs70/bvg/b09m/mcs70_b09m_s30.A07 fileNameGt=../../cp2016-max-common-connected-subgraph-paper/datasets/graphsdb/mcs70/bvg/b09m/mcs70_b09m_s30.B07
Reading graphs...
30 :  127
30 :  125
Initializing...
maxdom : 30
D->valSize : 900
Solving...
currentSize : 12 <-- 0.009682 s
currentSize : 13 <-- 0.009805 s
currentSize : 14 <-- 0.012058 s
currentSize : 15 <-- 0.155963 s
currentSize : 16 <-- 5.841608 s
currentSize : 17 <-- 7.716177 s
currentSize : 18 <-- 13.200821 s
currentSize : 19 <-- 37.217976 s
currentSize : 20 <-- 37.218060 s

maxsize : 20
nodes : 7322505.000000
filtered : 192222484.000000
time : 38.052830
