Parameters: GAD=1 vflib=1 dir=0 label=0 lowerbound=1 fileNameGp=../../cp2016-max-common-connected-subgraph-paper/datasets/graphsdb/mcs70/bvg/b03/mcs70_b03_s50.A01 fileNameGt=../../cp2016-max-common-connected-subgraph-paper/datasets/graphsdb/mcs70/bvg/b03/mcs70_b03_s50.B01
Reading graphs...
50 :  75
50 :  75
Initializing...
maxdom : 50
D->valSize : 2500
Solving...
currentSize : 32 <-- 0.116292 s
currentSize : 33 <-- 0.217226 s
currentSize : 34 <-- 0.430549 s
currentSize : 35 <-- 23.438904 s
currentSize : 36 <-- 23.484678 s
currentSize : 37 <-- 309.225861 s
currentSize : 38 <-- 573.042664 s

TIMEOUT
maxsize : 38
nodes : 132502874.000000
filtered : 3896650952.000000
time : 1000.000061
