Parameters: GAD=1 vflib=1 dir=0 label=0 lowerbound=1 fileNameGp=../../cp2016-max-common-connected-subgraph-paper/datasets/graphsdb/mcs70/bvg/b03m/mcs70_b03m_s25.A00 fileNameGt=../../cp2016-max-common-connected-subgraph-paper/datasets/graphsdb/mcs70/bvg/b03m/mcs70_b03m_s25.B00
Reading graphs...
25 :  37
25 :  37
Initializing...
maxdom : 25
D->valSize : 625
Solving...
currentSize : 11 <-- 0.005332 s
currentSize : 13 <-- 0.005353 s
currentSize : 14 <-- 0.005366 s
currentSize : 15 <-- 0.005371 s
currentSize : 16 <-- 0.018035 s
currentSize : 17 <-- 0.066319 s
currentSize : 18 <-- 0.186629 s

maxsize : 18
nodes : 710440.000000
filtered : 12225867.000000
time : 2.802464
