Parameters: GAD=1 vflib=1 dir=0 label=0 lowerbound=1 fileNameGp=../../cp2016-max-common-connected-subgraph-paper/datasets/graphsdb/mcs70/bvg/b06/mcs70_b06_s25.A05 fileNameGt=../../cp2016-max-common-connected-subgraph-paper/datasets/graphsdb/mcs70/bvg/b06/mcs70_b06_s25.B05
Reading graphs...
25 :  75
25 :  74
Initializing...
maxdom : 25
D->valSize : 625
Solving...
currentSize : 12 <-- 0.008223 s
currentSize : 13 <-- 0.008876 s
currentSize : 14 <-- 0.009867 s
currentSize : 15 <-- 0.014949 s
currentSize : 16 <-- 0.072288 s
currentSize : 17 <-- 0.075669 s
currentSize : 18 <-- 0.189984 s

maxsize : 18
nodes : 158537.000000
filtered : 3967212.000000
time : 0.792880
