Parameters: GAD=1 vflib=1 dir=0 label=0 lowerbound=1 fileNameGp=../../cp2016-max-common-connected-subgraph-paper/datasets/graphsdb/mcs70/rand/r01/mcs70_r01_s30.A07 fileNameGt=../../cp2016-max-common-connected-subgraph-paper/datasets/graphsdb/mcs70/rand/r01/mcs70_r01_s30.B07
Reading graphs...
30 :  81
30 :  82
Initializing...
maxdom : 30
D->valSize : 900
Solving...
currentSize : 12 <-- 0.017699 s
currentSize : 13 <-- 0.017746 s
currentSize : 14 <-- 0.017831 s
currentSize : 15 <-- 0.018169 s
currentSize : 16 <-- 0.041373 s
currentSize : 17 <-- 0.256181 s
currentSize : 18 <-- 15.833318 s
currentSize : 19 <-- 34.078472 s
currentSize : 22 <-- 62.322124 s

maxsize : 22
nodes : 13855230.000000
filtered : 278570476.000000
time : 64.918945
