Parameters: GAD=1 vflib=1 dir=0 label=0 lowerbound=1 fileNameGp=../../cp2016-max-common-connected-subgraph-paper/datasets/graphsdb/mcs70/bvg/b09m/mcs70_b09m_s50.A05 fileNameGt=../../cp2016-max-common-connected-subgraph-paper/datasets/graphsdb/mcs70/bvg/b09m/mcs70_b09m_s50.B05
Reading graphs...
50 :  220
50 :  220
Initializing...
maxdom : 50
D->valSize : 2500
Solving...
currentSize : 16 <-- 0.084917 s
currentSize : 17 <-- 0.085669 s
currentSize : 18 <-- 0.085958 s
currentSize : 19 <-- 0.086068 s
currentSize : 20 <-- 0.405822 s
currentSize : 21 <-- 0.575375 s
currentSize : 22 <-- 2.251119 s
currentSize : 23 <-- 281.379028 s

TIMEOUT
maxsize : 23
nodes : 163164607.000000
filtered : 3320017394.000000
time : 1000.000061
