Parameters: GAD=1 vflib=1 dir=0 label=0 lowerbound=1 fileNameGp=../../cp2016-max-common-connected-subgraph-paper/datasets/graphsdb/mcs70/rand/r005/mcs70_r005_s40.A07 fileNameGt=../../cp2016-max-common-connected-subgraph-paper/datasets/graphsdb/mcs70/rand/r005/mcs70_r005_s40.B07
Reading graphs...
40 :  77
40 :  76
Initializing...
maxdom : 40
D->valSize : 1600
Solving...
currentSize : 19 <-- 0.057705 s
currentSize : 21 <-- 0.058575 s
currentSize : 22 <-- 0.102248 s
currentSize : 23 <-- 0.446286 s
currentSize : 24 <-- 4.896935 s
currentSize : 25 <-- 34.047768 s
currentSize : 26 <-- 46.446945 s
currentSize : 27 <-- 380.566742 s

TIMEOUT
maxsize : 27
nodes : 165730992.000000
filtered : 4297451848.000000
time : 1000.000061
