Parameters: GAD=1 vflib=1 dir=0 label=0 lowerbound=1 fileNameGp=../../cp2016-max-common-connected-subgraph-paper/datasets/graphsdb/mcs70/rand/r02/mcs70_r02_s30.A00 fileNameGt=../../cp2016-max-common-connected-subgraph-paper/datasets/graphsdb/mcs70/rand/r02/mcs70_r02_s30.B00
Reading graphs...
30 :  158
30 :  157
Initializing...
maxdom : 30
D->valSize : 900
Solving...
currentSize : 11 <-- 0.009274 s
currentSize : 12 <-- 0.009546 s
currentSize : 13 <-- 0.013146 s
currentSize : 14 <-- 0.029367 s
currentSize : 15 <-- 28.768690 s
currentSize : 17 <-- 28.774183 s
currentSize : 21 <-- 33.348175 s

maxsize : 21
nodes : 8542332.000000
filtered : 122578721.000000
time : 36.483532
