Parameters: GAD=1 vflib=1 dir=0 label=0 lowerbound=1 fileNameGp=../../cp2016-max-common-connected-subgraph-paper/datasets/graphsdb/mcs70/bvg/b09/mcs70_b09_s50.A07 fileNameGt=../../cp2016-max-common-connected-subgraph-paper/datasets/graphsdb/mcs70/bvg/b09/mcs70_b09_s50.B07
Reading graphs...
50 :  224
50 :  223
Initializing...
maxdom : 50
D->valSize : 2500
Solving...
currentSize : 17 <-- 0.107029 s
currentSize : 18 <-- 0.107094 s
currentSize : 19 <-- 0.107101 s
currentSize : 20 <-- 0.116327 s
currentSize : 21 <-- 0.117428 s
currentSize : 22 <-- 0.238305 s
currentSize : 23 <-- 5.075784 s
currentSize : 24 <-- 50.266720 s
currentSize : 25 <-- 684.733276 s
currentSize : 26 <-- 684.907471 s
currentSize : 28 <-- 684.913269 s
currentSize : 30 <-- 684.978088 s
currentSize : 31 <-- 695.175659 s
currentSize : 34 <-- 831.371155 s

TIMEOUT
maxsize : 34
nodes : 140218577.000000
filtered : 4700851579.000000
time : 1000.000061
