Parameters: GAD=1 vflib=1 dir=0 label=0 lowerbound=1 fileNameGp=../../cp2016-max-common-connected-subgraph-paper/datasets/graphsdb/mcs70/rand/r02/mcs70_r02_s30.A07 fileNameGt=../../cp2016-max-common-connected-subgraph-paper/datasets/graphsdb/mcs70/rand/r02/mcs70_r02_s30.B07
Reading graphs...
30 :  152
30 :  152
Initializing...
maxdom : 30
D->valSize : 900
Solving...
currentSize : 11 <-- 0.015904 s
currentSize : 12 <-- 0.017098 s
currentSize : 13 <-- 0.058437 s
currentSize : 14 <-- 0.903524 s
currentSize : 16 <-- 27.541607 s
currentSize : 17 <-- 27.750675 s
currentSize : 21 <-- 28.218821 s

maxsize : 21
nodes : 7757249.000000
filtered : 106590311.000000
time : 32.488476
