Parameters: GAD=1 vflib=1 dir=0 label=0 lowerbound=1 fileNameGp=../../cp2016-max-common-connected-subgraph-paper/datasets/graphsdb/mcs70/rand/r02/mcs70_r02_s35.A06 fileNameGt=../../cp2016-max-common-connected-subgraph-paper/datasets/graphsdb/mcs70/rand/r02/mcs70_r02_s35.B06
Reading graphs...
35 :  204
35 :  204
Initializing...
maxdom : 35
D->valSize : 1225
Solving...
currentSize : 11 <-- 0.017352 s
currentSize : 12 <-- 0.017400 s
currentSize : 13 <-- 0.018826 s
currentSize : 14 <-- 0.051467 s
currentSize : 15 <-- 1.322563 s
currentSize : 16 <-- 90.753990 s
currentSize : 17 <-- 168.867233 s
currentSize : 18 <-- 168.867249 s
currentSize : 24 <-- 168.901154 s

maxsize : 24
nodes : 38982660.000000
filtered : 620113551.000000
time : 183.329987
