Parameters: GAD=1 vflib=1 dir=0 label=0 lowerbound=1 fileNameGp=../../cp2016-max-common-connected-subgraph-paper/datasets/graphsdb/mcs70/bvg/b06/mcs70_b06_s30.A05 fileNameGt=../../cp2016-max-common-connected-subgraph-paper/datasets/graphsdb/mcs70/bvg/b06/mcs70_b06_s30.B05
Reading graphs...
30 :  90
30 :  89
Initializing...
maxdom : 30
D->valSize : 900
Solving...
currentSize : 14 <-- 0.009968 s
currentSize : 15 <-- 0.009988 s
currentSize : 17 <-- 0.010014 s
currentSize : 18 <-- 0.010243 s
currentSize : 19 <-- 0.010547 s
currentSize : 21 <-- 0.010601 s
currentSize : 22 <-- 1.062110 s

maxsize : 22
nodes : 893878.000000
filtered : 28853128.000000
time : 5.249361
