Parameters: GAD=1 vflib=1 dir=0 label=0 lowerbound=1 fileNameGp=../../cp2016-max-common-connected-subgraph-paper/datasets/graphsdb/mcs70/bvg/b03/mcs70_b03_s30.A04 fileNameGt=../../cp2016-max-common-connected-subgraph-paper/datasets/graphsdb/mcs70/bvg/b03/mcs70_b03_s30.B04
Reading graphs...
30 :  45
30 :  45
Initializing...
maxdom : 30
D->valSize : 900
Solving...
currentSize : 15 <-- 0.011211 s
currentSize : 16 <-- 0.011232 s
currentSize : 17 <-- 0.011268 s
currentSize : 18 <-- 0.011277 s
currentSize : 19 <-- 0.011318 s
currentSize : 20 <-- 0.019330 s
currentSize : 21 <-- 0.042282 s
currentSize : 22 <-- 0.051652 s
currentSize : 23 <-- 0.058781 s
currentSize : 24 <-- 5.396434 s

maxsize : 24
nodes : 1114052.000000
filtered : 27958226.000000
time : 6.038338
