Parameters: GAD=1 vflib=1 dir=0 label=0 lowerbound=1 fileNameGp=../../cp2016-max-common-connected-subgraph-paper/datasets/graphsdb/mcs70/m3D/m3D/mcs70_m3D_s35.A06 fileNameGt=../../cp2016-max-common-connected-subgraph-paper/datasets/graphsdb/mcs70/m3D/m3D/mcs70_m3D_s35.B06
Reading graphs...
35 :  72
35 :  72
Initializing...
maxdom : 35
D->valSize : 1225
Solving...
currentSize : 17 <-- 0.036199 s
currentSize : 18 <-- 0.036223 s
currentSize : 19 <-- 0.036294 s
currentSize : 20 <-- 0.036387 s
currentSize : 21 <-- 0.342221 s
currentSize : 22 <-- 0.374938 s
currentSize : 23 <-- 1.305039 s
currentSize : 24 <-- 1.308030 s
currentSize : 26 <-- 71.578720 s
currentSize : 27 <-- 72.741631 s

maxsize : 27
nodes : 17958543.000000
filtered : 535698501.000000
time : 109.270233
