Parameters: GAD=1 vflib=1 dir=0 label=0 lowerbound=1 fileNameGp=../../cp2016-max-common-connected-subgraph-paper/datasets/graphsdb/mcs70/rand/r005/mcs70_r005_s50.A03 fileNameGt=../../cp2016-max-common-connected-subgraph-paper/datasets/graphsdb/mcs70/rand/r005/mcs70_r005_s50.B03
Reading graphs...
50 :  116
50 :  117
Initializing...
maxdom : 50
D->valSize : 2500
Solving...
currentSize : 19 <-- 0.127945 s
currentSize : 20 <-- 0.128588 s
currentSize : 22 <-- 0.128768 s
currentSize : 23 <-- 0.138178 s
currentSize : 25 <-- 0.172194 s
currentSize : 26 <-- 0.225685 s
currentSize : 27 <-- 2.823766 s
currentSize : 28 <-- 4.417167 s
currentSize : 29 <-- 9.485743 s
currentSize : 30 <-- 34.522587 s
currentSize : 31 <-- 712.538513 s

TIMEOUT
maxsize : 31
nodes : 145683572.000000
filtered : 4057717271.000000
time : 1000.000061
