Parameters: GAD=1 vflib=1 dir=0 label=0 lowerbound=1 fileNameGp=../../cp2016-max-common-connected-subgraph-paper/datasets/graphsdb/mcs70/bvg/b03m/mcs70_b03m_s40.A03 fileNameGt=../../cp2016-max-common-connected-subgraph-paper/datasets/graphsdb/mcs70/bvg/b03m/mcs70_b03m_s40.B03
Reading graphs...
40 :  58
40 :  58
Initializing...
maxdom : 40
D->valSize : 1600
Solving...
currentSize : 8 <-- 0.064732 s
currentSize : 16 <-- 0.064866 s
currentSize : 17 <-- 0.064885 s
currentSize : 18 <-- 0.064900 s
currentSize : 20 <-- 0.065914 s
currentSize : 21 <-- 0.070366 s
currentSize : 22 <-- 0.073501 s
currentSize : 23 <-- 0.092823 s
currentSize : 24 <-- 0.222236 s
currentSize : 25 <-- 0.512273 s
currentSize : 26 <-- 1.090084 s
currentSize : 27 <-- 4.942666 s
currentSize : 28 <-- 17.357285 s
currentSize : 29 <-- 73.726837 s
currentSize : 30 <-- 73.728798 s

TIMEOUT
maxsize : 30
nodes : 147324371.000000
filtered : 4357638421.000000
time : 1000.000000
