Parameters: GAD=1 vflib=1 dir=0 label=0 lowerbound=1 fileNameGp=../../cp2016-max-common-connected-subgraph-paper/datasets/graphsdb/mcs70/bvg/b06m/mcs70_b06m_s30.A03 fileNameGt=../../cp2016-max-common-connected-subgraph-paper/datasets/graphsdb/mcs70/bvg/b06m/mcs70_b06m_s30.B03
Reading graphs...
30 :  89
30 :  87
Initializing...
maxdom : 30
D->valSize : 900
Solving...
currentSize : 12 <-- 0.017369 s
currentSize : 13 <-- 0.017519 s
currentSize : 14 <-- 0.018148 s
currentSize : 15 <-- 0.063170 s
currentSize : 16 <-- 0.837924 s
currentSize : 17 <-- 0.877214 s
currentSize : 18 <-- 3.159273 s
currentSize : 19 <-- 9.190091 s
currentSize : 20 <-- 9.190229 s
currentSize : 21 <-- 9.190522 s

maxsize : 21
nodes : 2856492.000000
filtered : 74438480.000000
time : 15.657397
