Parameters: GAD=1 vflib=1 dir=0 label=0 lowerbound=1 fileNameGp=../../cp2016-max-common-connected-subgraph-paper/datasets/graphsdb/mcs70/m2D/m2Dr4/mcs70_m2Dr4_s25.A08 fileNameGt=../../cp2016-max-common-connected-subgraph-paper/datasets/graphsdb/mcs70/m2D/m2Dr4/mcs70_m2Dr4_s25.B08
Reading graphs...
25 :  49
25 :  49
Initializing...
maxdom : 25
D->valSize : 625
Solving...
currentSize : 8 <-- 0.005039 s
currentSize : 9 <-- 0.005071 s
currentSize : 10 <-- 0.005083 s
currentSize : 13 <-- 0.005250 s
currentSize : 14 <-- 0.005337 s
currentSize : 15 <-- 0.012843 s
currentSize : 16 <-- 0.080690 s
currentSize : 17 <-- 1.315508 s

maxsize : 17
nodes : 1008327.000000
filtered : 19987590.000000
time : 4.312022
