Parameters: GAD=1 vflib=1 dir=0 label=0 lowerbound=1 fileNameGp=../../cp2016-max-common-connected-subgraph-paper/datasets/graphsdb/mcs70/rand/r02/mcs70_r02_s25.A09 fileNameGt=../../cp2016-max-common-connected-subgraph-paper/datasets/graphsdb/mcs70/rand/r02/mcs70_r02_s25.B09
Reading graphs...
25 :  109
25 :  110
Initializing...
maxdom : 25
D->valSize : 625
Solving...
currentSize : 9 <-- 0.004457 s
currentSize : 10 <-- 0.004484 s
currentSize : 11 <-- 0.004638 s
currentSize : 12 <-- 0.005896 s
currentSize : 13 <-- 2.182537 s
currentSize : 14 <-- 9.082224 s
currentSize : 15 <-- 9.108049 s
currentSize : 17 <-- 9.108397 s

maxsize : 17
nodes : 2673059.000000
filtered : 32526701.000000
time : 9.977328
