Parameters: GAD=1 vflib=1 dir=0 label=0 lowerbound=1 fileNameGp=../../cp2016-max-common-connected-subgraph-paper/datasets/graphsdb/mcs70/m3D/m3Dr4/mcs70_m3Dr4_s35.A04 fileNameGt=../../cp2016-max-common-connected-subgraph-paper/datasets/graphsdb/mcs70/m3D/m3Dr4/mcs70_m3Dr4_s35.B04
Reading graphs...
35 :  86
35 :  85
Initializing...
maxdom : 35
D->valSize : 1225
Solving...
currentSize : 14 <-- 0.019815 s
currentSize : 16 <-- 0.019842 s
currentSize : 17 <-- 0.028411 s
currentSize : 18 <-- 0.044317 s
currentSize : 19 <-- 0.051569 s
currentSize : 20 <-- 0.266627 s
currentSize : 21 <-- 1.998467 s
currentSize : 22 <-- 80.541473 s
currentSize : 23 <-- 432.762848 s
currentSize : 24 <-- 478.283447 s
currentSize : 27 <-- 478.719971 s

maxsize : 27
nodes : 87801028.000000
filtered : 2240228734.000000
time : 489.595917
