Parameters: GAD=1 vflib=1 dir=0 label=0 lowerbound=1 fileNameGp=../../cp2016-max-common-connected-subgraph-paper/datasets/graphsdb/mcs70/m2D/m2Dr4/mcs70_m2Dr4_s35.A01 fileNameGt=../../cp2016-max-common-connected-subgraph-paper/datasets/graphsdb/mcs70/m2D/m2Dr4/mcs70_m2Dr4_s35.B01
Reading graphs...
35 :  71
35 :  69
Initializing...
maxdom : 35
D->valSize : 1225
Solving...
currentSize : 15 <-- 0.020299 s
currentSize : 16 <-- 0.020394 s
currentSize : 17 <-- 0.021256 s
currentSize : 18 <-- 0.036110 s
currentSize : 19 <-- 0.298019 s
currentSize : 20 <-- 0.401589 s
currentSize : 21 <-- 0.401740 s
currentSize : 22 <-- 0.402043 s
currentSize : 23 <-- 60.132866 s
currentSize : 24 <-- 110.863319 s
currentSize : 27 <-- 111.588791 s

maxsize : 27
nodes : 23700160.000000
filtered : 544155256.000000
time : 121.184784
