Parameters: GAD=1 vflib=1 dir=0 label=0 lowerbound=1 fileNameGp=../../cp2016-max-common-connected-subgraph-paper/datasets/graphsdb/mcs70/bvg/b09/mcs70_b09_s50.A06 fileNameGt=../../cp2016-max-common-connected-subgraph-paper/datasets/graphsdb/mcs70/bvg/b09/mcs70_b09_s50.B06
Reading graphs...
50 :  224
50 :  222
Initializing...
maxdom : 50
D->valSize : 2500
Solving...
currentSize : 16 <-- 0.117673 s
currentSize : 17 <-- 0.117711 s
currentSize : 18 <-- 0.118507 s
currentSize : 19 <-- 0.118555 s
currentSize : 20 <-- 0.119130 s
currentSize : 21 <-- 0.134960 s
currentSize : 22 <-- 0.602402 s
currentSize : 23 <-- 36.301960 s
currentSize : 24 <-- 106.932327 s
currentSize : 25 <-- 855.991028 s

TIMEOUT
maxsize : 25
nodes : 150585605.000000
filtered : 3963958992.000000
time : 1000.000122
