Parameters: GAD=1 vflib=1 dir=0 label=0 lowerbound=1 fileNameGp=../../cp2016-max-common-connected-subgraph-paper/datasets/graphsdb/mcs70/rand/r01/mcs70_r01_s30.A05 fileNameGt=../../cp2016-max-common-connected-subgraph-paper/datasets/graphsdb/mcs70/rand/r01/mcs70_r01_s30.B05
Reading graphs...
30 :  80
30 :  82
Initializing...
maxdom : 30
D->valSize : 900
Solving...
currentSize : 11 <-- 0.010143 s
currentSize : 12 <-- 0.010174 s
currentSize : 14 <-- 0.011382 s
currentSize : 15 <-- 0.021130 s
currentSize : 16 <-- 0.039590 s
currentSize : 17 <-- 0.381633 s
currentSize : 18 <-- 3.748874 s
currentSize : 19 <-- 23.533363 s
currentSize : 20 <-- 23.533403 s
currentSize : 21 <-- 23.534613 s

maxsize : 21
nodes : 5475205.000000
filtered : 132563654.000000
time : 28.113188
