Parameters: GAD=1 vflib=1 dir=0 label=0 lowerbound=1 fileNameGp=../../cp2016-max-common-connected-subgraph-paper/datasets/graphsdb/mcs70/m2D/m2Dr6/mcs70_m2Dr6_s40.A06 fileNameGt=../../cp2016-max-common-connected-subgraph-paper/datasets/graphsdb/mcs70/m2D/m2Dr6/mcs70_m2Dr6_s40.B06
Reading graphs...
40 :  88
40 :  86
Initializing...
maxdom : 40
D->valSize : 1600
Solving...
currentSize : 15 <-- 0.035131 s
currentSize : 16 <-- 0.035165 s
currentSize : 17 <-- 0.035189 s
currentSize : 18 <-- 0.036537 s
currentSize : 19 <-- 0.041789 s
currentSize : 20 <-- 0.041813 s
currentSize : 21 <-- 0.378708 s
currentSize : 22 <-- 0.749211 s
currentSize : 23 <-- 4.077530 s
currentSize : 24 <-- 27.386009 s
currentSize : 25 <-- 261.917542 s

TIMEOUT
maxsize : 25
nodes : 175745197.000000
filtered : 4164576568.000000
time : 1000.000000
