Parameters: GAD=1 vflib=1 dir=0 label=0 lowerbound=1 fileNameGp=../../cp2016-max-common-connected-subgraph-paper/datasets/graphsdb/mcs70/rand/r01/mcs70_r01_s30.A08 fileNameGt=../../cp2016-max-common-connected-subgraph-paper/datasets/graphsdb/mcs70/rand/r01/mcs70_r01_s30.B08
Reading graphs...
30 :  83
30 :  84
Initializing...
maxdom : 30
D->valSize : 900
Solving...
currentSize : 12 <-- 0.010056 s
currentSize : 13 <-- 0.010095 s
currentSize : 14 <-- 0.010173 s
currentSize : 15 <-- 0.010220 s
currentSize : 16 <-- 0.012291 s
currentSize : 17 <-- 0.575782 s
currentSize : 18 <-- 5.398402 s
currentSize : 19 <-- 19.757299 s
currentSize : 20 <-- 31.451267 s
currentSize : 21 <-- 31.458237 s

maxsize : 21
nodes : 8448552.000000
filtered : 194563383.000000
time : 41.403965
