Parameters: GAD=1 vflib=1 dir=0 label=0 lowerbound=1 fileNameGp=../../cp2016-max-common-connected-subgraph-paper/datasets/graphsdb/mcs70/m3D/m3Dr2/mcs70_m3Dr2_s40.A02 fileNameGt=../../cp2016-max-common-connected-subgraph-paper/datasets/graphsdb/mcs70/m3D/m3Dr2/mcs70_m3Dr2_s40.B02
Reading graphs...
40 :  91
40 :  90
Initializing...
maxdom : 40
D->valSize : 1600
Solving...
currentSize : 21 <-- 0.035242 s
currentSize : 22 <-- 0.035341 s
currentSize : 23 <-- 0.035386 s
currentSize : 24 <-- 0.036646 s
currentSize : 25 <-- 0.064501 s
currentSize : 26 <-- 30.524330 s
currentSize : 27 <-- 49.321480 s

TIMEOUT
maxsize : 27
nodes : 154370587.000000
filtered : 4880583864.000000
time : 1000.000061
