Parameters: GAD=1 vflib=1 dir=0 label=0 lowerbound=1 fileNameGp=../../cp2016-max-common-connected-subgraph-paper/datasets/graphsdb/mcs70/m2D/m2D/mcs70_m2D_s35.A00 fileNameGt=../../cp2016-max-common-connected-subgraph-paper/datasets/graphsdb/mcs70/m2D/m2D/mcs70_m2D_s35.B00
Reading graphs...
35 :  57
35 :  58
Initializing...
maxdom : 35
D->valSize : 1225
Solving...
currentSize : 14 <-- 0.020619 s
currentSize : 18 <-- 0.020656 s
currentSize : 19 <-- 0.022178 s
currentSize : 20 <-- 0.022350 s
currentSize : 21 <-- 0.034209 s
currentSize : 22 <-- 0.034854 s
currentSize : 23 <-- 2.467211 s
currentSize : 24 <-- 23.783939 s
currentSize : 25 <-- 39.234619 s
currentSize : 26 <-- 39.248764 s
currentSize : 27 <-- 55.866821 s

maxsize : 27
nodes : 15558173.000000
filtered : 396747847.000000
time : 89.703079
