Parameters: GAD=1 vflib=1 dir=0 label=0 lowerbound=1 fileNameGp=../../cp2016-max-common-connected-subgraph-paper/datasets/graphsdb/mcs70/m2D/m2Dr6/mcs70_m2Dr6_s35.A03 fileNameGt=../../cp2016-max-common-connected-subgraph-paper/datasets/graphsdb/mcs70/m2D/m2Dr6/mcs70_m2Dr6_s35.B03
Reading graphs...
35 :  76
35 :  74
Initializing...
maxdom : 35
D->valSize : 1225
Solving...
currentSize : 19 <-- 0.035382 s
currentSize : 20 <-- 0.035498 s
currentSize : 21 <-- 0.040686 s
currentSize : 22 <-- 64.159081 s
currentSize : 23 <-- 87.892136 s
currentSize : 24 <-- 433.302155 s
currentSize : 26 <-- 434.807037 s

maxsize : 26
nodes : 82700490.000000
filtered : 2238878788.000000
time : 470.698456
