Parameters: GAD=1 vflib=1 dir=0 label=0 lowerbound=1 fileNameGp=../../cp2016-max-common-connected-subgraph-paper/datasets/graphsdb/mcs70/bvg/b09/mcs70_b09_s25.A09 fileNameGt=../../cp2016-max-common-connected-subgraph-paper/datasets/graphsdb/mcs70/bvg/b09/mcs70_b09_s25.B09
Reading graphs...
25 :  109
25 :  109
Initializing...
maxdom : 25
D->valSize : 625
Solving...
currentSize : 9 <-- 0.004500 s
currentSize : 10 <-- 0.004701 s
currentSize : 11 <-- 0.004764 s
currentSize : 12 <-- 0.005391 s
currentSize : 14 <-- 0.007583 s
currentSize : 16 <-- 0.007902 s
currentSize : 17 <-- 0.024256 s

maxsize : 17
nodes : 234675.000000
filtered : 5879554.000000
time : 1.104839
