Parameters: GAD=1 vflib=1 dir=0 label=0 lowerbound=1 fileNameGp=../../cp2016-max-common-connected-subgraph-paper/datasets/graphsdb/mcs70/m2D/m2Dr6/mcs70_m2Dr6_s40.A05 fileNameGt=../../cp2016-max-common-connected-subgraph-paper/datasets/graphsdb/mcs70/m2D/m2Dr6/mcs70_m2Dr6_s40.B05
Reading graphs...
40 :  90
40 :  88
Initializing...
maxdom : 40
D->valSize : 1600
Solving...
currentSize : 20 <-- 0.059552 s
currentSize : 21 <-- 0.115828 s
currentSize : 22 <-- 0.503536 s
currentSize : 23 <-- 3.831912 s
currentSize : 24 <-- 9.825390 s
currentSize : 25 <-- 216.245346 s
currentSize : 26 <-- 216.274658 s

TIMEOUT
maxsize : 26
nodes : 154664206.000000
filtered : 4783585191.000000
time : 1000.000000
