Parameters: GAD=1 vflib=1 dir=0 label=0 lowerbound=1 fileNameGp=../../cp2016-max-common-connected-subgraph-paper/datasets/graphsdb/mcs70/m3D/m3D/mcs70_m3D_s40.A08 fileNameGt=../../cp2016-max-common-connected-subgraph-paper/datasets/graphsdb/mcs70/m3D/m3D/mcs70_m3D_s40.B08
Reading graphs...
40 :  84
40 :  83
Initializing...
maxdom : 40
D->valSize : 1600
Solving...
currentSize : 18 <-- 0.060949 s
currentSize : 20 <-- 0.060975 s
currentSize : 21 <-- 0.063098 s
currentSize : 22 <-- 0.103194 s
currentSize : 23 <-- 0.172285 s
currentSize : 24 <-- 0.538730 s
currentSize : 25 <-- 0.920534 s
currentSize : 26 <-- 55.660091 s
currentSize : 27 <-- 153.173996 s
currentSize : 28 <-- 525.037292 s

TIMEOUT
maxsize : 28
nodes : 151605377.000000
filtered : 4782642267.000000
time : 1000.000000
