Parameters: GAD=1 vflib=1 dir=0 label=0 lowerbound=1 fileNameGp=../../cp2016-max-common-connected-subgraph-paper/datasets/graphsdb/mcs70/bvg/b03m/mcs70_b03m_s40.A09 fileNameGt=../../cp2016-max-common-connected-subgraph-paper/datasets/graphsdb/mcs70/bvg/b03m/mcs70_b03m_s40.B09
Reading graphs...
40 :  58
40 :  58
Initializing...
maxdom : 40
D->valSize : 1600
Solving...
currentSize : 19 <-- 0.057282 s
currentSize : 20 <-- 0.057351 s
currentSize : 21 <-- 0.057665 s
currentSize : 22 <-- 0.058829 s
currentSize : 23 <-- 0.065578 s
currentSize : 24 <-- 0.065612 s
currentSize : 25 <-- 7.925552 s
currentSize : 26 <-- 9.274461 s
currentSize : 27 <-- 119.824661 s
currentSize : 28 <-- 256.173950 s
currentSize : 29 <-- 765.472778 s
currentSize : 30 <-- 808.350098 s
currentSize : 31 <-- 808.940674 s

TIMEOUT
maxsize : 31
nodes : 177833122.000000
filtered : 3573644590.000000
time : 1000.000061
