Parameters: GAD=1 vflib=1 dir=0 label=0 lowerbound=1 fileNameGp=../../cp2016-max-common-connected-subgraph-paper/datasets/graphsdb/mcs70/rand/r01/mcs70_r01_s30.A01 fileNameGt=../../cp2016-max-common-connected-subgraph-paper/datasets/graphsdb/mcs70/rand/r01/mcs70_r01_s30.B01
Reading graphs...
30 :  82
30 :  82
Initializing...
maxdom : 30
D->valSize : 900
Solving...
currentSize : 10 <-- 0.010418 s
currentSize : 11 <-- 0.010439 s
currentSize : 13 <-- 0.010471 s
currentSize : 14 <-- 0.010604 s
currentSize : 15 <-- 0.011475 s
currentSize : 16 <-- 0.020835 s
currentSize : 17 <-- 0.071028 s
currentSize : 18 <-- 1.652179 s
currentSize : 19 <-- 34.474396 s
currentSize : 21 <-- 37.967709 s

maxsize : 21
nodes : 9193284.000000
filtered : 203511672.000000
time : 44.924885
