Parameters: GAD=1 vflib=1 dir=0 label=0 lowerbound=1 fileNameGp=../../cp2016-max-common-connected-subgraph-paper/datasets/graphsdb/mcs70/rand/r02/mcs70_r02_s40.A08 fileNameGt=../../cp2016-max-common-connected-subgraph-paper/datasets/graphsdb/mcs70/rand/r02/mcs70_r02_s40.B08
Reading graphs...
40 :  279
40 :  285
Initializing...
maxdom : 40
D->valSize : 1600
Solving...
currentSize : 10 <-- 0.029329 s
currentSize : 11 <-- 0.029364 s
currentSize : 13 <-- 0.029409 s
currentSize : 14 <-- 0.034405 s
currentSize : 15 <-- 0.054059 s
currentSize : 18 <-- 113.056328 s
currentSize : 23 <-- 257.540344 s
currentSize : 28 <-- 264.952026 s

maxsize : 28
nodes : 59084994.000000
filtered : 1098614108.000000
time : 314.320953
