Parameters: GAD=1 vflib=1 dir=0 label=0 lowerbound=1 fileNameGp=../../cp2016-max-common-connected-subgraph-paper/datasets/graphsdb/mcs70/bvg/b09/mcs70_b09_s40.A08 fileNameGt=../../cp2016-max-common-connected-subgraph-paper/datasets/graphsdb/mcs70/bvg/b09/mcs70_b09_s40.B08
Reading graphs...
40 :  179
40 :  180
Initializing...
maxdom : 40
D->valSize : 1600
Solving...
currentSize : 14 <-- 0.031475 s
currentSize : 15 <-- 0.031690 s
currentSize : 16 <-- 0.031752 s
currentSize : 17 <-- 0.054605 s
currentSize : 18 <-- 0.423077 s
currentSize : 19 <-- 1.957763 s
currentSize : 20 <-- 15.811723 s
currentSize : 22 <-- 18.536192 s
currentSize : 23 <-- 18.536634 s
currentSize : 24 <-- 18.546040 s
currentSize : 25 <-- 26.745045 s
currentSize : 26 <-- 27.945684 s
currentSize : 27 <-- 27.945757 s
currentSize : 28 <-- 28.035601 s
currentSize : 29 <-- 85.519760 s

maxsize : 29
nodes : 12043828.000000
filtered : 596790157.000000
time : 94.041206
