Parameters: GAD=1 vflib=1 dir=0 label=0 lowerbound=1 fileNameGp=../../cp2016-max-common-connected-subgraph-paper/datasets/graphsdb/mcs70/rand/r02/mcs70_r02_s40.A05 fileNameGt=../../cp2016-max-common-connected-subgraph-paper/datasets/graphsdb/mcs70/rand/r02/mcs70_r02_s40.B05
Reading graphs...
40 :  280
40 :  279
Initializing...
maxdom : 40
D->valSize : 1600
Solving...
currentSize : 12 <-- 0.029398 s
currentSize : 13 <-- 0.029443 s
currentSize : 14 <-- 0.077925 s
currentSize : 15 <-- 0.803356 s
currentSize : 16 <-- 382.940033 s
currentSize : 17 <-- 385.541779 s
currentSize : 18 <-- 385.541962 s
currentSize : 20 <-- 385.542175 s
currentSize : 21 <-- 434.228882 s
currentSize : 23 <-- 535.603516 s
currentSize : 28 <-- 535.610291 s

maxsize : 28
nodes : 114583433.000000
filtered : 1862451672.000000
time : 579.188477
