Parameters: GAD=1 vflib=1 dir=0 label=0 lowerbound=1 fileNameGp=../../cp2016-max-common-connected-subgraph-paper/datasets/graphsdb/mcs70/bvg/b03m/mcs70_b03m_s30.A07 fileNameGt=../../cp2016-max-common-connected-subgraph-paper/datasets/graphsdb/mcs70/bvg/b03m/mcs70_b03m_s30.B07
Reading graphs...
30 :  44
30 :  44
Initializing...
maxdom : 30
D->valSize : 900
Solving...
currentSize : 15 <-- 0.011233 s
currentSize : 16 <-- 0.011282 s
currentSize : 17 <-- 0.012004 s
currentSize : 18 <-- 0.012622 s
currentSize : 19 <-- 0.045728 s
currentSize : 20 <-- 11.391300 s
currentSize : 21 <-- 55.053684 s

maxsize : 21
nodes : 35025807.000000
filtered : 511020398.000000
time : 144.119263
