Parameters: GAD=1 vflib=1 dir=0 label=0 lowerbound=1 fileNameGp=../../cp2016-max-common-connected-subgraph-paper/datasets/graphsdb/mcs70/bvg/b09/mcs70_b09_s35.A05 fileNameGt=../../cp2016-max-common-connected-subgraph-paper/datasets/graphsdb/mcs70/bvg/b09/mcs70_b09_s35.B05
Reading graphs...
35 :  154
35 :  155
Initializing...
maxdom : 35
D->valSize : 1225
Solving...
currentSize : 14 <-- 0.018052 s
currentSize : 15 <-- 0.018433 s
currentSize : 16 <-- 0.018473 s
currentSize : 17 <-- 0.053941 s
currentSize : 18 <-- 0.053988 s
currentSize : 20 <-- 0.299062 s
currentSize : 24 <-- 0.299148 s

maxsize : 24
nodes : 3983167.000000
filtered : 166836320.000000
time : 27.594503
