Parameters: GAD=1 vflib=1 dir=0 label=0 lowerbound=1 fileNameGp=../../cp2016-max-common-connected-subgraph-paper/datasets/graphsdb/mcs70/m2D/m2Dr2/mcs70_m2Dr2_s50.A03 fileNameGt=../../cp2016-max-common-connected-subgraph-paper/datasets/graphsdb/mcs70/m2D/m2Dr2/mcs70_m2Dr2_s50.B03
Reading graphs...
50 :  95
50 :  95
Initializing...
maxdom : 50
D->valSize : 2500
Solving...
currentSize : 22 <-- 0.168663 s
currentSize : 24 <-- 0.168709 s
currentSize : 25 <-- 0.181327 s
currentSize : 26 <-- 0.208559 s
currentSize : 27 <-- 0.791476 s
currentSize : 29 <-- 30.043018 s
currentSize : 30 <-- 41.251312 s

TIMEOUT
maxsize : 30
nodes : 205102741.000000
filtered : 2817890837.000000
time : 1000.000061
