Parameters: GAD=1 vflib=1 dir=0 label=0 lowerbound=1 fileNameGp=../../cp2016-max-common-connected-subgraph-paper/datasets/graphsdb/mcs70/rand/r005/mcs70_r005_s30.A06 fileNameGt=../../cp2016-max-common-connected-subgraph-paper/datasets/graphsdb/mcs70/rand/r005/mcs70_r005_s30.B06
Reading graphs...
30 :  41
30 :  41
Initializing...
maxdom : 30
D->valSize : 900
Solving...
currentSize : 3 <-- 0.019843 s
currentSize : 15 <-- 0.020009 s
currentSize : 16 <-- 0.050199 s
currentSize : 18 <-- 0.055328 s
currentSize : 19 <-- 0.552731 s
currentSize : 20 <-- 0.643670 s
currentSize : 21 <-- 0.849397 s
currentSize : 22 <-- 0.961476 s
currentSize : 23 <-- 2.315595 s

maxsize : 23
nodes : 1019389.000000
filtered : 19672568.000000
time : 5.067199
