Parameters: GAD=1 vflib=1 dir=0 label=0 lowerbound=1 fileNameGp=../../cp2016-max-common-connected-subgraph-paper/datasets/graphsdb/mcs70/bvg/b03/mcs70_b03_s30.A05 fileNameGt=../../cp2016-max-common-connected-subgraph-paper/datasets/graphsdb/mcs70/bvg/b03/mcs70_b03_s30.B05
Reading graphs...
30 :  45
30 :  45
Initializing...
maxdom : 30
D->valSize : 900
Solving...
currentSize : 17 <-- 0.011235 s
currentSize : 18 <-- 0.012495 s
currentSize : 19 <-- 0.012838 s
currentSize : 20 <-- 0.016218 s
currentSize : 21 <-- 0.067928 s
currentSize : 22 <-- 0.171607 s
currentSize : 24 <-- 0.172017 s
currentSize : 25 <-- 1.750336 s

maxsize : 25
nodes : 397511.000000
filtered : 10420838.000000
time : 2.195606
