Parameters: GAD=1 vflib=1 dir=0 label=0 lowerbound=1 fileNameGp=../../cp2016-max-common-connected-subgraph-paper/datasets/graphsdb/mcs70/m2D/m2Dr2/mcs70_m2Dr2_s50.A07 fileNameGt=../../cp2016-max-common-connected-subgraph-paper/datasets/graphsdb/mcs70/m2D/m2Dr2/mcs70_m2Dr2_s50.B07
Reading graphs...
50 :  94
50 :  91
Initializing...
maxdom : 50
D->valSize : 2500
Solving...
currentSize : 21 <-- 0.118771 s
currentSize : 23 <-- 0.118814 s
currentSize : 24 <-- 0.119089 s
currentSize : 25 <-- 0.120153 s
currentSize : 26 <-- 0.125108 s
currentSize : 27 <-- 0.125464 s
currentSize : 28 <-- 0.132298 s
currentSize : 29 <-- 0.305996 s
currentSize : 30 <-- 0.306222 s
currentSize : 31 <-- 16.607222 s
currentSize : 32 <-- 30.224636 s
currentSize : 33 <-- 362.591583 s

TIMEOUT
maxsize : 33
nodes : 154712438.000000
filtered : 3732952825.000000
time : 1000.000061
