Parameters: GAD=1 vflib=1 dir=0 label=0 lowerbound=1 fileNameGp=../../cp2016-max-common-connected-subgraph-paper/datasets/graphsdb/mcs70/m3D/m3Dr6/mcs70_m3Dr6_s35.A09 fileNameGt=../../cp2016-max-common-connected-subgraph-paper/datasets/graphsdb/mcs70/m3D/m3Dr6/mcs70_m3Dr6_s35.B09
Reading graphs...
35 :  92
35 :  91
Initializing...
maxdom : 35
D->valSize : 1225
Solving...
currentSize : 15 <-- 0.034653 s
currentSize : 16 <-- 0.035841 s
currentSize : 17 <-- 0.345892 s
currentSize : 18 <-- 1.307324 s
currentSize : 19 <-- 1.456463 s
currentSize : 20 <-- 3.999700 s
currentSize : 21 <-- 58.890224 s
currentSize : 25 <-- 122.666664 s
currentSize : 26 <-- 122.666725 s
currentSize : 27 <-- 122.666771 s

maxsize : 27
nodes : 25631332.000000
filtered : 541899400.000000
time : 129.171585
