Parameters: GAD=1 vflib=1 dir=0 label=0 lowerbound=1 fileNameGp=../../cp2016-max-common-connected-subgraph-paper/datasets/graphsdb/mcs70/rand/r005/mcs70_r005_s25.A07 fileNameGt=../../cp2016-max-common-connected-subgraph-paper/datasets/graphsdb/mcs70/rand/r005/mcs70_r005_s25.B07
Reading graphs...
25 :  33
25 :  32
Initializing...
maxdom : 25
D->valSize : 625
Solving...
currentSize : 10 <-- 0.005818 s
currentSize : 12 <-- 0.005869 s
currentSize : 13 <-- 0.015410 s
currentSize : 14 <-- 0.055201 s
currentSize : 16 <-- 0.098486 s
currentSize : 17 <-- 0.699357 s
currentSize : 18 <-- 0.750772 s
currentSize : 19 <-- 1.873164 s

maxsize : 19
nodes : 722343.000000
filtered : 8656445.000000
time : 2.418332
