Parameters: GAD=1 vflib=1 dir=0 label=0 lowerbound=1 fileNameGp=../../cp2016-max-common-connected-subgraph-paper/datasets/graphsdb/mcs70/m3D/m3D/mcs70_m3D_s35.A07 fileNameGt=../../cp2016-max-common-connected-subgraph-paper/datasets/graphsdb/mcs70/m3D/m3D/mcs70_m3D_s35.B07
Reading graphs...
35 :  71
35 :  72
Initializing...
maxdom : 35
D->valSize : 1225
Solving...
currentSize : 17 <-- 0.020201 s
currentSize : 18 <-- 0.020303 s
currentSize : 19 <-- 0.063794 s
currentSize : 20 <-- 0.087885 s
currentSize : 21 <-- 0.262496 s
currentSize : 22 <-- 0.983158 s
currentSize : 23 <-- 12.322174 s
currentSize : 24 <-- 21.750549 s
currentSize : 25 <-- 30.735262 s
currentSize : 26 <-- 30.735285 s
currentSize : 27 <-- 30.735312 s

maxsize : 27
nodes : 9302109.000000
filtered : 251774365.000000
time : 53.341755
