Parameters: GAD=1 vflib=1 dir=0 label=0 lowerbound=1 fileNameGp=../../cp2016-max-common-connected-subgraph-paper/datasets/graphsdb/mcs70/m4D/m4Dr6/mcs70_m4Dr6_s25.A06 fileNameGt=../../cp2016-max-common-connected-subgraph-paper/datasets/graphsdb/mcs70/m4D/m4Dr6/mcs70_m4Dr6_s25.B06
Reading graphs...
25 :  60
25 :  59
Initializing...
maxdom : 25
D->valSize : 625
Solving...
currentSize : 10 <-- 0.004894 s
currentSize : 11 <-- 0.004926 s
currentSize : 12 <-- 0.004981 s
currentSize : 13 <-- 0.005637 s
currentSize : 14 <-- 0.008184 s
currentSize : 15 <-- 0.324208 s
currentSize : 16 <-- 0.628263 s

maxsize : 16
nodes : 1467889.000000
filtered : 27704046.000000
time : 5.987158
