Parameters: GAD=1 vflib=1 dir=0 label=0 lowerbound=1 fileNameGp=../../cp2016-max-common-connected-subgraph-paper/datasets/graphsdb/mcs70/bvg/b06m/mcs70_b06m_s25.A08 fileNameGt=../../cp2016-max-common-connected-subgraph-paper/datasets/graphsdb/mcs70/bvg/b06m/mcs70_b06m_s25.B08
Reading graphs...
25 :  74
25 :  74
Initializing...
maxdom : 25
D->valSize : 625
Solving...
currentSize : 9 <-- 0.004683 s
currentSize : 10 <-- 0.004730 s
currentSize : 11 <-- 0.004784 s
currentSize : 12 <-- 0.004811 s
currentSize : 13 <-- 0.019002 s
currentSize : 14 <-- 1.215427 s
currentSize : 15 <-- 3.318090 s
currentSize : 17 <-- 3.381188 s

maxsize : 17
nodes : 1127451.000000
filtered : 18934849.000000
time : 4.549881
