Parameters: GAD=1 vflib=1 dir=0 label=0 lowerbound=1 fileNameGp=../../cp2016-max-common-connected-subgraph-paper/datasets/graphsdb/mcs70/m2D/m2D/mcs70_m2D_s35.A08 fileNameGt=../../cp2016-max-common-connected-subgraph-paper/datasets/graphsdb/mcs70/m2D/m2D/mcs70_m2D_s35.B08
Reading graphs...
35 :  57
35 :  58
Initializing...
maxdom : 35
D->valSize : 1225
Solving...
currentSize : 11 <-- 0.036747 s
currentSize : 16 <-- 0.036828 s
currentSize : 21 <-- 0.037220 s
currentSize : 22 <-- 0.215655 s
currentSize : 23 <-- 0.356011 s
currentSize : 24 <-- 0.829609 s
currentSize : 25 <-- 1.735201 s
currentSize : 26 <-- 2.762283 s
currentSize : 27 <-- 10.435923 s
currentSize : 28 <-- 15.823730 s

maxsize : 28
nodes : 3576544.000000
filtered : 104111756.000000
time : 22.490925
