Parameters: GAD=1 vflib=1 dir=0 label=0 lowerbound=1 fileNameGp=../../cp2016-max-common-connected-subgraph-paper/datasets/graphsdb/mcs70/bvg/b06m/mcs70_b06m_s50.A03 fileNameGt=../../cp2016-max-common-connected-subgraph-paper/datasets/graphsdb/mcs70/bvg/b06m/mcs70_b06m_s50.B03
Reading graphs...
50 :  149
50 :  148
Initializing...
maxdom : 50
D->valSize : 2500
Solving...
currentSize : 19 <-- 0.090521 s
currentSize : 20 <-- 0.090540 s
currentSize : 22 <-- 0.090705 s
currentSize : 23 <-- 0.092389 s
currentSize : 24 <-- 1.597684 s
currentSize : 25 <-- 18.970308 s
currentSize : 26 <-- 213.619583 s

TIMEOUT
maxsize : 26
nodes : 153431232.000000
filtered : 3782908933.000000
time : 1000.000061
