Parameters: GAD=1 vflib=1 dir=0 label=0 lowerbound=1 fileNameGp=../../cp2016-max-common-connected-subgraph-paper/datasets/graphsdb/mcs70/bvg/b09m/mcs70_b09m_s30.A09 fileNameGt=../../cp2016-max-common-connected-subgraph-paper/datasets/graphsdb/mcs70/bvg/b09m/mcs70_b09m_s30.B09
Reading graphs...
30 :  132
30 :  130
Initializing...
maxdom : 30
D->valSize : 900
Solving...
currentSize : 12 <-- 0.016645 s
currentSize : 13 <-- 0.019151 s
currentSize : 15 <-- 0.040202 s
currentSize : 17 <-- 0.060112 s
currentSize : 19 <-- 0.060198 s
currentSize : 20 <-- 0.184281 s

maxsize : 20
nodes : 1081512.000000
filtered : 39851936.000000
time : 6.577686
