Parameters: GAD=1 vflib=1 dir=0 label=0 lowerbound=1 fileNameGp=../../cp2016-max-common-connected-subgraph-paper/datasets/graphsdb/mcs70/rand/r02/mcs70_r02_s30.A01 fileNameGt=../../cp2016-max-common-connected-subgraph-paper/datasets/graphsdb/mcs70/rand/r02/mcs70_r02_s30.B01
Reading graphs...
30 :  157
30 :  155
Initializing...
maxdom : 30
D->valSize : 900
Solving...
currentSize : 10 <-- 0.015935 s
currentSize : 11 <-- 0.015979 s
currentSize : 12 <-- 0.016742 s
currentSize : 13 <-- 0.038715 s
currentSize : 14 <-- 0.079341 s
currentSize : 15 <-- 17.589115 s
currentSize : 16 <-- 17.589352 s
currentSize : 21 <-- 23.740486 s

maxsize : 21
nodes : 6169648.000000
filtered : 94341836.000000
time : 26.997637
