Parameters: GAD=1 vflib=1 dir=0 label=0 lowerbound=1 fileNameGp=../../cp2016-max-common-connected-subgraph-paper/datasets/graphsdb/mcs70/m2D/m2Dr2/mcs70_m2Dr2_s25.A04 fileNameGt=../../cp2016-max-common-connected-subgraph-paper/datasets/graphsdb/mcs70/m2D/m2Dr2/mcs70_m2Dr2_s25.B04
Reading graphs...
25 :  45
25 :  45
Initializing...
maxdom : 25
D->valSize : 625
Solving...
currentSize : 11 <-- 0.008890 s
currentSize : 12 <-- 0.008945 s
currentSize : 13 <-- 0.009372 s
currentSize : 14 <-- 0.009507 s
currentSize : 15 <-- 0.021896 s
currentSize : 16 <-- 0.418512 s
currentSize : 17 <-- 0.778117 s

maxsize : 17
nodes : 1860000.000000
filtered : 33369751.000000
time : 7.527158
