Parameters: GAD=1 vflib=1 dir=0 label=0 lowerbound=1 fileNameGp=../../cp2016-max-common-connected-subgraph-paper/datasets/graphsdb/mcs70/bvg/b06m/mcs70_b06m_s50.A07 fileNameGt=../../cp2016-max-common-connected-subgraph-paper/datasets/graphsdb/mcs70/bvg/b06m/mcs70_b06m_s50.B07
Reading graphs...
50 :  149
50 :  148
Initializing...
maxdom : 50
D->valSize : 2500
Solving...
currentSize : 20 <-- 0.090533 s
currentSize : 21 <-- 0.090797 s
currentSize : 22 <-- 0.094140 s
currentSize : 23 <-- 0.115949 s
currentSize : 24 <-- 0.119514 s
currentSize : 25 <-- 0.176752 s
currentSize : 26 <-- 0.176860 s
currentSize : 27 <-- 114.262924 s
currentSize : 28 <-- 506.519836 s

TIMEOUT
maxsize : 28
nodes : 152117435.000000
filtered : 4319581726.000000
time : 1000.000061
