Parameters: GAD=1 vflib=1 dir=0 label=0 lowerbound=1 fileNameGp=../../cp2016-max-common-connected-subgraph-paper/datasets/graphsdb/mcs70/m3D/m3D/mcs70_m3D_s40.A02 fileNameGt=../../cp2016-max-common-connected-subgraph-paper/datasets/graphsdb/mcs70/m3D/m3D/mcs70_m3D_s40.B02
Reading graphs...
40 :  82
40 :  84
Initializing...
maxdom : 40
D->valSize : 1600
Solving...
currentSize : 14 <-- 0.035499 s
currentSize : 18 <-- 0.035535 s
currentSize : 19 <-- 0.035740 s
currentSize : 20 <-- 0.035759 s
currentSize : 21 <-- 0.038870 s
currentSize : 22 <-- 0.044067 s
currentSize : 23 <-- 0.160822 s
currentSize : 24 <-- 0.208639 s
currentSize : 25 <-- 4.089942 s
currentSize : 26 <-- 34.461937 s
currentSize : 28 <-- 49.005493 s
currentSize : 29 <-- 58.650017 s
currentSize : 30 <-- 215.940247 s

maxsize : 30
nodes : 78538604.000000
filtered : 3112508921.000000
time : 589.204407
