Parameters: GAD=1 vflib=1 dir=0 label=0 lowerbound=1 fileNameGp=../../cp2016-max-common-connected-subgraph-paper/datasets/graphsdb/mcs70/m2D/m2Dr2/mcs70_m2Dr2_s40.A00 fileNameGt=../../cp2016-max-common-connected-subgraph-paper/datasets/graphsdb/mcs70/m2D/m2Dr2/mcs70_m2Dr2_s40.B00
Reading graphs...
40 :  75
40 :  75
Initializing...
maxdom : 40
D->valSize : 1600
Solving...
currentSize : 20 <-- 0.060026 s
currentSize : 21 <-- 0.060562 s
currentSize : 22 <-- 0.134057 s
currentSize : 23 <-- 0.567793 s
currentSize : 24 <-- 6.609991 s
currentSize : 25 <-- 51.854931 s
currentSize : 26 <-- 267.998688 s

TIMEOUT
maxsize : 26
nodes : 174738772.000000
filtered : 3930549264.000000
time : 1000.000061
