Parameters: GAD=1 vflib=1 dir=0 label=0 lowerbound=1 fileNameGp=../../cp2016-max-common-connected-subgraph-paper/datasets/graphsdb/mcs70/m2D/m2Dr4/mcs70_m2Dr4_s50.A02 fileNameGt=../../cp2016-max-common-connected-subgraph-paper/datasets/graphsdb/mcs70/m2D/m2Dr4/mcs70_m2Dr4_s50.B02
Reading graphs...
50 :  105
50 :  104
Initializing...
maxdom : 50
D->valSize : 2500
Solving...
currentSize : 21 <-- 0.094914 s
currentSize : 22 <-- 0.095105 s
currentSize : 24 <-- 0.097350 s
currentSize : 25 <-- 0.366196 s
currentSize : 26 <-- 1.059551 s
currentSize : 27 <-- 3.006735 s
currentSize : 28 <-- 3.006761 s
currentSize : 29 <-- 7.884462 s
currentSize : 30 <-- 7.884487 s
currentSize : 31 <-- 111.526382 s

TIMEOUT
maxsize : 31
nodes : 151963383.000000
filtered : 4010628348.000000
time : 1000.000061
