Parameters: GAD=1 vflib=1 dir=0 label=0 lowerbound=1 fileNameGp=../../cp2016-max-common-connected-subgraph-paper/datasets/graphsdb/mcs70/m4D/m4Dr4/mcs70_m4Dr4_s25.A03 fileNameGt=../../cp2016-max-common-connected-subgraph-paper/datasets/graphsdb/mcs70/m4D/m4Dr4/mcs70_m4Dr4_s25.B03
Reading graphs...
25 :  55
25 :  55
Initializing...
maxdom : 25
D->valSize : 625
Solving...
currentSize : 10 <-- 0.008480 s
currentSize : 12 <-- 0.008503 s
currentSize : 13 <-- 0.018668 s
currentSize : 14 <-- 0.030536 s
currentSize : 15 <-- 0.157502 s
currentSize : 16 <-- 0.405596 s
currentSize : 17 <-- 1.243042 s

maxsize : 17
nodes : 538362.000000
filtered : 10577620.000000
time : 2.308262
