Parameters: GAD=1 vflib=1 dir=0 label=0 lowerbound=1 fileNameGp=../../cp2016-max-common-connected-subgraph-paper/datasets/graphsdb/mcs70/bvg/b06m/mcs70_b06m_s25.A03 fileNameGt=../../cp2016-max-common-connected-subgraph-paper/datasets/graphsdb/mcs70/bvg/b06m/mcs70_b06m_s25.B03
Reading graphs...
25 :  71
25 :  72
Initializing...
maxdom : 25
D->valSize : 625
Solving...
currentSize : 11 <-- 0.004905 s
currentSize : 12 <-- 0.005914 s
currentSize : 13 <-- 0.006110 s
currentSize : 14 <-- 0.048866 s
currentSize : 15 <-- 0.076566 s
currentSize : 16 <-- 1.012505 s
currentSize : 17 <-- 1.015960 s
currentSize : 18 <-- 1.015994 s

maxsize : 18
nodes : 341447.000000
filtered : 7917705.000000
time : 1.588392
