Parameters: GAD=1 vflib=1 dir=0 label=0 lowerbound=1 fileNameGp=../../cp2016-max-common-connected-subgraph-paper/datasets/graphsdb/mcs70/bvg/b03m/mcs70_b03m_s35.A03 fileNameGt=../../cp2016-max-common-connected-subgraph-paper/datasets/graphsdb/mcs70/bvg/b03m/mcs70_b03m_s35.B03
Reading graphs...
35 :  52
35 :  52
Initializing...
maxdom : 35
D->valSize : 1225
Solving...
currentSize : 18 <-- 0.037405 s
currentSize : 19 <-- 0.037437 s
currentSize : 20 <-- 0.086900 s
currentSize : 21 <-- 0.423316 s
currentSize : 22 <-- 1.890126 s
currentSize : 23 <-- 2.291069 s
currentSize : 24 <-- 50.440617 s
currentSize : 25 <-- 129.943008 s
currentSize : 26 <-- 147.273529 s

maxsize : 26
nodes : 46669330.000000
filtered : 990034039.000000
time : 241.744308
