Parameters: GAD=1 vflib=1 dir=0 label=0 lowerbound=1 fileNameGp=../../cp2016-max-common-connected-subgraph-paper/datasets/graphsdb/mcs70/rand/r02/mcs70_r02_s35.A04 fileNameGt=../../cp2016-max-common-connected-subgraph-paper/datasets/graphsdb/mcs70/rand/r02/mcs70_r02_s35.B04
Reading graphs...
35 :  211
35 :  214
Initializing...
maxdom : 35
D->valSize : 1225
Solving...
currentSize : 11 <-- 0.017284 s
currentSize : 12 <-- 0.017432 s
currentSize : 13 <-- 0.042766 s
currentSize : 14 <-- 0.410298 s
currentSize : 16 <-- 10.588184 s
currentSize : 17 <-- 115.004341 s
currentSize : 19 <-- 147.967926 s
currentSize : 24 <-- 158.644577 s

maxsize : 24
nodes : 36250078.000000
filtered : 639828167.000000
time : 178.035294
