Parameters: GAD=1 vflib=1 dir=0 label=0 lowerbound=1 fileNameGp=../../cp2016-max-common-connected-subgraph-paper/datasets/graphsdb/mcs70/bvg/b03/mcs70_b03_s25.A09 fileNameGt=../../cp2016-max-common-connected-subgraph-paper/datasets/graphsdb/mcs70/bvg/b03/mcs70_b03_s25.B09
Reading graphs...
25 :  37
25 :  37
Initializing...
maxdom : 25
D->valSize : 625
Solving...
currentSize : 13 <-- 0.005278 s
currentSize : 14 <-- 0.005299 s
currentSize : 15 <-- 0.006374 s
currentSize : 16 <-- 0.020346 s
currentSize : 17 <-- 0.053651 s
currentSize : 18 <-- 0.055120 s
currentSize : 19 <-- 0.108162 s

maxsize : 19
nodes : 220400.000000
filtered : 4593925.000000
time : 1.000865
