Parameters: GAD=1 vflib=1 dir=0 label=0 lowerbound=1 fileNameGp=../../cp2016-max-common-connected-subgraph-paper/datasets/graphsdb/mcs70/bvg/b03/mcs70_b03_s40.A03 fileNameGt=../../cp2016-max-common-connected-subgraph-paper/datasets/graphsdb/mcs70/bvg/b03/mcs70_b03_s40.B03
Reading graphs...
40 :  60
40 :  60
Initializing...
maxdom : 40
D->valSize : 1600
Solving...
currentSize : 8 <-- 0.059489 s
currentSize : 15 <-- 0.059615 s
currentSize : 21 <-- 0.059694 s
currentSize : 24 <-- 0.059762 s
currentSize : 25 <-- 0.059827 s
currentSize : 26 <-- 0.059929 s
currentSize : 27 <-- 0.117538 s
currentSize : 28 <-- 2.887095 s
currentSize : 29 <-- 4.344742 s
currentSize : 30 <-- 4.804900 s
currentSize : 31 <-- 5.079752 s
currentSize : 32 <-- 5.117606 s

maxsize : 32
nodes : 9452718.000000
filtered : 324168207.000000
time : 70.547356
