Parameters: GAD=1 vflib=1 dir=0 label=0 lowerbound=1 fileNameGp=../../cp2016-max-common-connected-subgraph-paper/datasets/graphsdb/mcs70/m4D/m4Dr4/mcs70_m4Dr4_s25.A07 fileNameGt=../../cp2016-max-common-connected-subgraph-paper/datasets/graphsdb/mcs70/m4D/m4Dr4/mcs70_m4Dr4_s25.B07
Reading graphs...
25 :  56
25 :  55
Initializing...
maxdom : 25
D->valSize : 625
Solving...
currentSize : 11 <-- 0.004883 s
currentSize : 12 <-- 0.004919 s
currentSize : 13 <-- 0.004954 s
currentSize : 14 <-- 0.005009 s
currentSize : 15 <-- 0.005409 s
currentSize : 16 <-- 0.026070 s
currentSize : 17 <-- 0.058179 s
currentSize : 18 <-- 0.288669 s

maxsize : 18
nodes : 218447.000000
filtered : 5818194.000000
time : 1.056226
