Parameters: GAD=1 vflib=1 dir=0 label=0 lowerbound=1 fileNameGp=../../cp2016-max-common-connected-subgraph-paper/datasets/graphsdb/mcs70/m2D/m2Dr2/mcs70_m2Dr2_s50.A08 fileNameGt=../../cp2016-max-common-connected-subgraph-paper/datasets/graphsdb/mcs70/m2D/m2Dr2/mcs70_m2Dr2_s50.B08
Reading graphs...
50 :  95
50 :  95
Initializing...
maxdom : 50
D->valSize : 2500
Solving...
currentSize : 25 <-- 0.095825 s
currentSize : 26 <-- 0.095869 s
currentSize : 27 <-- 0.098104 s
currentSize : 28 <-- 0.105634 s
currentSize : 29 <-- 0.113114 s
currentSize : 30 <-- 5.410775 s
currentSize : 31 <-- 30.269829 s
currentSize : 32 <-- 125.773064 s

TIMEOUT
maxsize : 32
nodes : 154760428.000000
filtered : 4054038311.000000
time : 1000.000061
