Parameters: GAD=1 vflib=1 dir=0 label=0 lowerbound=1 fileNameGp=../../cp2016-max-common-connected-subgraph-paper/datasets/graphsdb/mcs70/rand/r005/mcs70_r005_s30.A01 fileNameGt=../../cp2016-max-common-connected-subgraph-paper/datasets/graphsdb/mcs70/rand/r005/mcs70_r005_s30.B01
Reading graphs...
30 :  42
30 :  42
Initializing...
maxdom : 30
D->valSize : 900
Solving...
currentSize : 15 <-- 0.011557 s
currentSize : 16 <-- 0.011653 s
currentSize : 17 <-- 0.196576 s
currentSize : 18 <-- 0.211613 s
currentSize : 19 <-- 0.385639 s
currentSize : 20 <-- 1.425397 s
currentSize : 21 <-- 6.121326 s
currentSize : 22 <-- 12.677921 s
currentSize : 23 <-- 13.560573 s

maxsize : 23
nodes : 4292633.000000
filtered : 69056683.000000
time : 18.052584
