Parameters: GAD=1 vflib=1 dir=0 label=0 lowerbound=1 fileNameGp=../../cp2016-max-common-connected-subgraph-paper/datasets/graphsdb/mcs70/bvg/b09m/mcs70_b09m_s25.A09 fileNameGt=../../cp2016-max-common-connected-subgraph-paper/datasets/graphsdb/mcs70/bvg/b09m/mcs70_b09m_s25.B09
Reading graphs...
25 :  100
25 :  101
Initializing...
maxdom : 25
D->valSize : 625
Solving...
currentSize : 9 <-- 0.007933 s
currentSize : 10 <-- 0.008503 s
currentSize : 11 <-- 0.009911 s
currentSize : 12 <-- 0.072435 s
currentSize : 13 <-- 1.399690 s
currentSize : 14 <-- 5.593385 s
currentSize : 16 <-- 5.976971 s

maxsize : 16
nodes : 1846777.000000
filtered : 25407709.000000
time : 7.412754
