Parameters: GAD=1 vflib=1 dir=0 label=0 lowerbound=1 fileNameGp=../../cp2016-max-common-connected-subgraph-paper/datasets/graphsdb/mcs70/rand/r01/mcs70_r01_s50.A03 fileNameGt=../../cp2016-max-common-connected-subgraph-paper/datasets/graphsdb/mcs70/rand/r01/mcs70_r01_s50.B03
Reading graphs...
50 :  236
50 :  234
Initializing...
maxdom : 50
D->valSize : 2500
Solving...
currentSize : 14 <-- 0.104836 s
currentSize : 15 <-- 0.104869 s
currentSize : 16 <-- 0.104905 s
currentSize : 17 <-- 0.104952 s
currentSize : 18 <-- 0.106541 s
currentSize : 19 <-- 0.107851 s
currentSize : 20 <-- 1.958506 s
currentSize : 21 <-- 8.238768 s
currentSize : 22 <-- 54.909367 s

TIMEOUT
maxsize : 22
nodes : 176254905.000000
filtered : 2963712930.000000
time : 1000.000061
