Parameters: GAD=1 vflib=1 dir=0 label=0 lowerbound=1 fileNameGp=../../cp2016-max-common-connected-subgraph-paper/datasets/graphsdb/mcs70/bvg/b09m/mcs70_b09m_s40.A05 fileNameGt=../../cp2016-max-common-connected-subgraph-paper/datasets/graphsdb/mcs70/bvg/b09m/mcs70_b09m_s40.B05
Reading graphs...
40 :  178
40 :  176
Initializing...
maxdom : 40
D->valSize : 1600
Solving...
currentSize : 14 <-- 0.052998 s
currentSize : 15 <-- 0.053095 s
currentSize : 16 <-- 0.068143 s
currentSize : 17 <-- 0.101905 s
currentSize : 18 <-- 1.801119 s
currentSize : 19 <-- 8.849579 s
currentSize : 20 <-- 644.420410 s

TIMEOUT
maxsize : 20
nodes : 182324380.000000
filtered : 3964869622.000000
time : 1000.000061
