Parameters: GAD=1 vflib=1 dir=0 label=0 lowerbound=1 fileNameGp=../../cp2016-max-common-connected-subgraph-paper/datasets/graphsdb/mcs70/bvg/b06m/mcs70_b06m_s35.A00 fileNameGt=../../cp2016-max-common-connected-subgraph-paper/datasets/graphsdb/mcs70/bvg/b06m/mcs70_b06m_s35.B00
Reading graphs...
35 :  102
35 :  101
Initializing...
maxdom : 35
D->valSize : 1225
Solving...
currentSize : 11 <-- 0.034840 s
currentSize : 13 <-- 0.034871 s
currentSize : 14 <-- 0.034939 s
currentSize : 15 <-- 0.036489 s
currentSize : 16 <-- 0.175053 s
currentSize : 17 <-- 0.363539 s
currentSize : 18 <-- 0.856085 s
currentSize : 19 <-- 2.652600 s
currentSize : 20 <-- 15.025480 s
currentSize : 21 <-- 549.654297 s
currentSize : 22 <-- 565.921082 s
currentSize : 23 <-- 565.921143 s
currentSize : 24 <-- 595.539307 s
currentSize : 26 <-- 603.548889 s

maxsize : 26
nodes : 112318311.000000
filtered : 2791175552.000000
time : 611.429199
