Parameters: GAD=1 vflib=1 dir=0 label=0 lowerbound=1 fileNameGp=../../cp2016-max-common-connected-subgraph-paper/datasets/graphsdb/mcs70/bvg/b06m/mcs70_b06m_s35.A09 fileNameGt=../../cp2016-max-common-connected-subgraph-paper/datasets/graphsdb/mcs70/bvg/b06m/mcs70_b06m_s35.B09
Reading graphs...
35 :  102
35 :  101
Initializing...
maxdom : 35
D->valSize : 1225
Solving...
currentSize : 15 <-- 0.019219 s
currentSize : 16 <-- 0.019300 s
currentSize : 17 <-- 0.030549 s
currentSize : 18 <-- 0.214124 s
currentSize : 19 <-- 4.508223 s
currentSize : 20 <-- 4.580212 s
currentSize : 21 <-- 66.138947 s
currentSize : 22 <-- 234.983902 s
currentSize : 23 <-- 382.845276 s
currentSize : 24 <-- 384.304108 s

maxsize : 24
nodes : 71260628.000000
filtered : 2080559044.000000
time : 418.469147
