Parameters: GAD=1 vflib=1 dir=0 label=0 lowerbound=1 fileNameGp=../../cp2016-max-common-connected-subgraph-paper/datasets/graphsdb/mcs70/rand/r02/mcs70_r02_s50.A06 fileNameGt=../../cp2016-max-common-connected-subgraph-paper/datasets/graphsdb/mcs70/rand/r02/mcs70_r02_s50.B06
Reading graphs...
50 :  436
50 :  434
Initializing...
maxdom : 50
D->valSize : 2500
Solving...
currentSize : 11 <-- 0.075343 s
currentSize : 12 <-- 0.075445 s
currentSize : 13 <-- 0.075834 s
currentSize : 14 <-- 0.079455 s
currentSize : 15 <-- 0.133979 s
currentSize : 16 <-- 0.179369 s
currentSize : 17 <-- 38.961052 s

TIMEOUT
maxsize : 17
nodes : 190543096.000000
filtered : 2088118897.000000
time : 1000.000061
