Parameters: GAD=1 vflib=1 dir=0 label=0 lowerbound=1 fileNameGp=../../cp2016-max-common-connected-subgraph-paper/datasets/graphsdb/mcs70/rand/r005/mcs70_r005_s35.A09 fileNameGt=../../cp2016-max-common-connected-subgraph-paper/datasets/graphsdb/mcs70/rand/r005/mcs70_r005_s35.B09
Reading graphs...
35 :  58
35 :  57
Initializing...
maxdom : 35
D->valSize : 1225
Solving...
currentSize : 15 <-- 0.020732 s
currentSize : 16 <-- 0.020752 s
currentSize : 18 <-- 0.020894 s
currentSize : 19 <-- 0.021322 s
currentSize : 20 <-- 0.032641 s
currentSize : 21 <-- 6.833371 s
currentSize : 22 <-- 49.924873 s
currentSize : 23 <-- 81.605019 s
currentSize : 24 <-- 82.602821 s
currentSize : 25 <-- 91.074371 s

maxsize : 25
nodes : 102630204.000000
filtered : 2377892099.000000
time : 546.370178
