Parameters: GAD=1 vflib=1 dir=0 label=0 lowerbound=1 fileNameGp=../../cp2016-max-common-connected-subgraph-paper/datasets/graphsdb/mcs70/bvg/b06m/mcs70_b06m_s40.A00 fileNameGt=../../cp2016-max-common-connected-subgraph-paper/datasets/graphsdb/mcs70/bvg/b06m/mcs70_b06m_s40.B00
Reading graphs...
40 :  117
40 :  118
Initializing...
maxdom : 40
D->valSize : 1600
Solving...
currentSize : 13 <-- 0.059316 s
currentSize : 14 <-- 0.059373 s
currentSize : 15 <-- 0.060872 s
currentSize : 16 <-- 0.060905 s
currentSize : 17 <-- 0.109191 s
currentSize : 18 <-- 0.250068 s
currentSize : 19 <-- 0.652803 s
currentSize : 20 <-- 3.250005 s
currentSize : 21 <-- 3.328498 s
currentSize : 22 <-- 130.632309 s
currentSize : 23 <-- 589.069336 s

TIMEOUT
maxsize : 23
nodes : 177755786.000000
filtered : 4391703109.000000
time : 1000.000000
