Parameters: GAD=1 vflib=1 dir=0 label=0 lowerbound=1 fileNameGp=../../cp2016-max-common-connected-subgraph-paper/datasets/graphsdb/mcs70/rand/r005/mcs70_r005_s40.A01 fileNameGt=../../cp2016-max-common-connected-subgraph-paper/datasets/graphsdb/mcs70/rand/r005/mcs70_r005_s40.B01
Reading graphs...
40 :  76
40 :  77
Initializing...
maxdom : 40
D->valSize : 1600
Solving...
currentSize : 17 <-- 0.035700 s
currentSize : 19 <-- 0.035727 s
currentSize : 20 <-- 0.047588 s
currentSize : 21 <-- 0.047696 s
currentSize : 22 <-- 0.049258 s
currentSize : 23 <-- 0.154480 s
currentSize : 24 <-- 20.022072 s
currentSize : 25 <-- 785.832642 s

TIMEOUT
maxsize : 25
nodes : 190122941.000000
filtered : 3494587350.000000
time : 1000.000061
