Parameters: GAD=1 vflib=1 dir=0 label=0 lowerbound=1 fileNameGp=../../cp2016-max-common-connected-subgraph-paper/datasets/graphsdb/mcs70/bvg/b06m/mcs70_b06m_s30.A05 fileNameGt=../../cp2016-max-common-connected-subgraph-paper/datasets/graphsdb/mcs70/bvg/b06m/mcs70_b06m_s30.B05
Reading graphs...
30 :  86
30 :  88
Initializing...
maxdom : 30
D->valSize : 900
Solving...
currentSize : 14 <-- 0.010200 s
currentSize : 15 <-- 0.040708 s
currentSize : 16 <-- 0.261316 s
currentSize : 17 <-- 2.058435 s
currentSize : 18 <-- 17.930220 s
currentSize : 21 <-- 50.553452 s

maxsize : 21
nodes : 11162410.000000
filtered : 259548838.000000
time : 54.690693
