Parameters: GAD=1 vflib=1 dir=0 label=0 lowerbound=1 fileNameGp=../../cp2016-max-common-connected-subgraph-paper/datasets/graphsdb/mcs70/bvg/b09m/mcs70_b09m_s50.A08 fileNameGt=../../cp2016-max-common-connected-subgraph-paper/datasets/graphsdb/mcs70/bvg/b09m/mcs70_b09m_s50.B08
Reading graphs...
50 :  219
50 :  217
Initializing...
maxdom : 50
D->valSize : 2500
Solving...
currentSize : 17 <-- 0.108510 s
currentSize : 18 <-- 0.108770 s
currentSize : 19 <-- 0.113677 s
currentSize : 20 <-- 0.123298 s
currentSize : 21 <-- 1.124717 s
currentSize : 22 <-- 15.703723 s
currentSize : 23 <-- 135.936813 s
currentSize : 24 <-- 957.346619 s

TIMEOUT
maxsize : 24
nodes : 162302429.000000
filtered : 3660221878.000000
time : 1000.000000
