Parameters: GAD=1 vflib=1 dir=0 label=0 lowerbound=1 fileNameGp=../../cp2016-max-common-connected-subgraph-paper/datasets/graphsdb/mcs70/bvg/b09m/mcs70_b09m_s40.A07 fileNameGt=../../cp2016-max-common-connected-subgraph-paper/datasets/graphsdb/mcs70/bvg/b09m/mcs70_b09m_s40.B07
Reading graphs...
40 :  171
40 :  174
Initializing...
maxdom : 40
D->valSize : 1600
Solving...
currentSize : 12 <-- 0.052317 s
currentSize : 13 <-- 0.052371 s
currentSize : 14 <-- 0.053144 s
currentSize : 15 <-- 0.054512 s
currentSize : 16 <-- 0.055013 s
currentSize : 17 <-- 0.066116 s
currentSize : 18 <-- 1.374727 s
currentSize : 19 <-- 93.791000 s

TIMEOUT
maxsize : 19
nodes : 188061208.000000
filtered : 3766769516.000000
time : 1000.000000
