Parameters: GAD=1 vflib=1 dir=0 label=0 lowerbound=1 fileNameGp=../../cp2016-max-common-connected-subgraph-paper/datasets/graphsdb/mcs70/m2D/m2Dr4/mcs70_m2Dr4_s50.A07 fileNameGt=../../cp2016-max-common-connected-subgraph-paper/datasets/graphsdb/mcs70/m2D/m2Dr4/mcs70_m2Dr4_s50.B07
Reading graphs...
50 :  104
50 :  104
Initializing...
maxdom : 50
D->valSize : 2500
Solving...
currentSize : 25 <-- 0.095422 s
currentSize : 26 <-- 0.100245 s
currentSize : 27 <-- 0.100277 s
currentSize : 28 <-- 0.100283 s
currentSize : 29 <-- 0.410022 s
currentSize : 30 <-- 171.682541 s
currentSize : 31 <-- 270.053253 s

TIMEOUT
maxsize : 31
nodes : 154019733.000000
filtered : 3523027190.000000
time : 1000.000061
