Parameters: GAD=1 vflib=1 dir=0 label=0 lowerbound=1 fileNameGp=../../cp2016-max-common-connected-subgraph-paper/datasets/graphsdb/mcs70/bvg/b09m/mcs70_b09m_s35.A01 fileNameGt=../../cp2016-max-common-connected-subgraph-paper/datasets/graphsdb/mcs70/bvg/b09m/mcs70_b09m_s35.B01
Reading graphs...
35 :  154
35 :  149
Initializing...
maxdom : 35
D->valSize : 1225
Solving...
currentSize : 14 <-- 0.033017 s
currentSize : 15 <-- 0.067345 s
currentSize : 16 <-- 0.113923 s
currentSize : 17 <-- 14.143108 s
currentSize : 18 <-- 103.005547 s
currentSize : 19 <-- 285.412354 s
currentSize : 24 <-- 392.846741 s

maxsize : 24
nodes : 80970887.000000
filtered : 1719455038.000000
time : 415.155884
