Parameters: GAD=1 vflib=1 dir=0 label=0 lowerbound=1 fileNameGp=../../cp2016-max-common-connected-subgraph-paper/datasets/graphsdb/mcs70/m2D/m2Dr4/mcs70_m2Dr4_s40.A02 fileNameGt=../../cp2016-max-common-connected-subgraph-paper/datasets/graphsdb/mcs70/m2D/m2Dr4/mcs70_m2Dr4_s40.B02
Reading graphs...
40 :  83
40 :  82
Initializing...
maxdom : 40
D->valSize : 1600
Solving...
currentSize : 16 <-- 0.057830 s
currentSize : 18 <-- 0.057982 s
currentSize : 21 <-- 0.058019 s
currentSize : 22 <-- 0.246232 s
currentSize : 23 <-- 0.993985 s
currentSize : 24 <-- 5.365081 s
currentSize : 25 <-- 36.824615 s
currentSize : 26 <-- 83.031593 s

TIMEOUT
maxsize : 26
nodes : 167479697.000000
filtered : 4222340112.000000
time : 1000.000061
