Parameters: GAD=1 vflib=1 dir=0 label=0 lowerbound=1 fileNameGp=../../cp2016-max-common-connected-subgraph-paper/datasets/graphsdb/mcs70/m3D/m3D/mcs70_m3D_s40.A00 fileNameGt=../../cp2016-max-common-connected-subgraph-paper/datasets/graphsdb/mcs70/m3D/m3D/mcs70_m3D_s40.B00
Reading graphs...
40 :  83
40 :  82
Initializing...
maxdom : 40
D->valSize : 1600
Solving...
currentSize : 19 <-- 0.056901 s
currentSize : 21 <-- 0.057001 s
currentSize : 22 <-- 0.481764 s
currentSize : 23 <-- 0.837055 s
currentSize : 24 <-- 10.690781 s
currentSize : 25 <-- 22.330702 s
currentSize : 26 <-- 24.650637 s
currentSize : 27 <-- 60.075958 s
currentSize : 28 <-- 76.514656 s
currentSize : 29 <-- 159.330399 s

TIMEOUT
maxsize : 29
nodes : 143451497.000000
filtered : 5080475597.000000
time : 1000.000061
