Parameters: GAD=1 vflib=1 dir=0 label=0 lowerbound=1 fileNameGp=../../cp2016-max-common-connected-subgraph-paper/datasets/graphsdb/mcs70/m3D/m3D/mcs70_m3D_s35.A03 fileNameGt=../../cp2016-max-common-connected-subgraph-paper/datasets/graphsdb/mcs70/m3D/m3D/mcs70_m3D_s35.B03
Reading graphs...
35 :  72
35 :  71
Initializing...
maxdom : 35
D->valSize : 1225
Solving...
currentSize : 15 <-- 0.020112 s
currentSize : 18 <-- 0.020186 s
currentSize : 19 <-- 0.020298 s
currentSize : 20 <-- 0.035027 s
currentSize : 21 <-- 0.038389 s
currentSize : 22 <-- 2.763227 s
currentSize : 23 <-- 3.431918 s
currentSize : 24 <-- 6.322187 s
currentSize : 25 <-- 6.402834 s
currentSize : 27 <-- 10.937740 s
currentSize : 28 <-- 11.140293 s

maxsize : 28
nodes : 3258406.000000
filtered : 91243263.000000
time : 18.545366
