Parameters: GAD=1 vflib=1 dir=0 label=0 lowerbound=1 fileNameGp=../../cp2016-max-common-connected-subgraph-paper/datasets/graphsdb/mcs70/bvg/b06/mcs70_b06_s35.A00 fileNameGt=../../cp2016-max-common-connected-subgraph-paper/datasets/graphsdb/mcs70/bvg/b06/mcs70_b06_s35.B00
Reading graphs...
35 :  105
35 :  105
Initializing...
maxdom : 35
D->valSize : 1225
Solving...
currentSize : 17 <-- 0.019018 s
currentSize : 18 <-- 0.028672 s
currentSize : 19 <-- 0.032566 s
currentSize : 20 <-- 0.174795 s
currentSize : 21 <-- 1.019746 s
currentSize : 22 <-- 1.019836 s
currentSize : 24 <-- 1.020215 s
currentSize : 25 <-- 1.020356 s

maxsize : 25
nodes : 5371073.000000
filtered : 226406384.000000
time : 37.201641
