Parameters: GAD=1 vflib=1 dir=0 label=0 lowerbound=1 fileNameGp=../../cp2016-max-common-connected-subgraph-paper/datasets/graphsdb/mcs70/m3D/m3Dr2/mcs70_m3Dr2_s35.A05 fileNameGt=../../cp2016-max-common-connected-subgraph-paper/datasets/graphsdb/mcs70/m3D/m3Dr2/mcs70_m3Dr2_s35.B05
Reading graphs...
35 :  78
35 :  77
Initializing...
maxdom : 35
D->valSize : 1225
Solving...
currentSize : 16 <-- 0.020063 s
currentSize : 17 <-- 0.020089 s
currentSize : 18 <-- 0.020727 s
currentSize : 19 <-- 0.022864 s
currentSize : 20 <-- 0.279030 s
currentSize : 21 <-- 0.407733 s
currentSize : 22 <-- 15.720274 s
currentSize : 23 <-- 97.163086 s
currentSize : 24 <-- 150.388412 s
currentSize : 25 <-- 207.506653 s
currentSize : 26 <-- 245.011887 s
currentSize : 27 <-- 249.230377 s

maxsize : 27
nodes : 47095069.000000
filtered : 1240215148.000000
time : 260.192413
