Parameters: GAD=1 vflib=1 dir=0 label=0 lowerbound=1 fileNameGp=../../cp2016-max-common-connected-subgraph-paper/datasets/graphsdb/mcs70/bvg/b03/mcs70_b03_s30.A07 fileNameGt=../../cp2016-max-common-connected-subgraph-paper/datasets/graphsdb/mcs70/bvg/b03/mcs70_b03_s30.B07
Reading graphs...
30 :  45
30 :  45
Initializing...
maxdom : 30
D->valSize : 900
Solving...
currentSize : 15 <-- 0.011651 s
currentSize : 16 <-- 0.011795 s
currentSize : 17 <-- 0.011806 s
currentSize : 18 <-- 0.017960 s
currentSize : 19 <-- 0.019900 s
currentSize : 20 <-- 0.074680 s
currentSize : 21 <-- 0.698581 s
currentSize : 22 <-- 1.499524 s
currentSize : 25 <-- 1.793706 s

maxsize : 25
nodes : 515866.000000
filtered : 9481691.000000
time : 2.322987
