Parameters: GAD=1 vflib=1 dir=0 label=0 lowerbound=1 fileNameGp=../../cp2016-max-common-connected-subgraph-paper/datasets/graphsdb/mcs70/bvg/b09/mcs70_b09_s30.A06 fileNameGt=../../cp2016-max-common-connected-subgraph-paper/datasets/graphsdb/mcs70/bvg/b09/mcs70_b09_s30.B06
Reading graphs...
30 :  134
30 :  134
Initializing...
maxdom : 30
D->valSize : 900
Solving...
currentSize : 13 <-- 0.013572 s
currentSize : 14 <-- 0.018061 s
currentSize : 15 <-- 0.059467 s
currentSize : 17 <-- 0.062298 s
currentSize : 18 <-- 0.116833 s
currentSize : 20 <-- 0.124093 s
currentSize : 21 <-- 0.551167 s

maxsize : 21
nodes : 609857.000000
filtered : 23094905.000000
time : 3.714149
