Parameters: GAD=1 vflib=1 dir=0 label=0 lowerbound=1 fileNameGp=../../cp2016-max-common-connected-subgraph-paper/datasets/graphsdb/mcs70/rand/r02/mcs70_r02_s50.A03 fileNameGt=../../cp2016-max-common-connected-subgraph-paper/datasets/graphsdb/mcs70/rand/r02/mcs70_r02_s50.B03
Reading graphs...
50 :  438
50 :  432
Initializing...
maxdom : 50
D->valSize : 2500
Solving...
currentSize : 11 <-- 0.074985 s
currentSize : 12 <-- 0.075186 s
currentSize : 13 <-- 0.075218 s
currentSize : 14 <-- 0.103057 s
currentSize : 15 <-- 1.144977 s
currentSize : 16 <-- 14.890003 s
currentSize : 17 <-- 179.026077 s

TIMEOUT
maxsize : 17
nodes : 190811080.000000
filtered : 2072738248.000000
time : 1000.000000
