Parameters: GAD=1 vflib=1 dir=0 label=0 lowerbound=1 fileNameGp=../../cp2016-max-common-connected-subgraph-paper/datasets/graphsdb/mcs70/m2D/m2D/mcs70_m2D_s50.A06 fileNameGt=../../cp2016-max-common-connected-subgraph-paper/datasets/graphsdb/mcs70/m2D/m2D/mcs70_m2D_s50.B06
Reading graphs...
50 :  85
50 :  84
Initializing...
maxdom : 50
D->valSize : 2500
Solving...
currentSize : 22 <-- 0.096645 s
currentSize : 23 <-- 0.098776 s
currentSize : 25 <-- 0.107842 s
currentSize : 26 <-- 0.107869 s
currentSize : 27 <-- 0.108007 s
currentSize : 31 <-- 0.108419 s
currentSize : 32 <-- 0.143125 s
currentSize : 33 <-- 0.247945 s
currentSize : 34 <-- 48.276680 s
currentSize : 35 <-- 48.281849 s

TIMEOUT
maxsize : 35
nodes : 140454025.000000
filtered : 3798432260.000000
time : 1000.000061
