Parameters: GAD=1 vflib=1 dir=0 label=0 lowerbound=1 fileNameGp=../../cp2016-max-common-connected-subgraph-paper/datasets/graphsdb/mcs70/bvg/b09/mcs70_b09_s40.A07 fileNameGt=../../cp2016-max-common-connected-subgraph-paper/datasets/graphsdb/mcs70/bvg/b09/mcs70_b09_s40.B07
Reading graphs...
40 :  176
40 :  178
Initializing...
maxdom : 40
D->valSize : 1600
Solving...
currentSize : 23 <-- 0.031354 s
currentSize : 24 <-- 0.031465 s
currentSize : 25 <-- 0.234735 s
currentSize : 27 <-- 0.234831 s
currentSize : 28 <-- 0.234992 s
currentSize : 29 <-- 6.807360 s

maxsize : 29
nodes : 6545363.000000
filtered : 371989462.000000
time : 55.430241
