Parameters: GAD=1 vflib=1 dir=0 label=0 lowerbound=1 fileNameGp=../../cp2016-max-common-connected-subgraph-paper/datasets/graphsdb/mcs70/rand/r02/mcs70_r02_s25.A07 fileNameGt=../../cp2016-max-common-connected-subgraph-paper/datasets/graphsdb/mcs70/rand/r02/mcs70_r02_s25.B07
Reading graphs...
25 :  110
25 :  110
Initializing...
maxdom : 25
D->valSize : 625
Solving...
currentSize : 10 <-- 0.004455 s
currentSize : 11 <-- 0.006183 s
currentSize : 12 <-- 0.032418 s
currentSize : 13 <-- 0.953401 s
currentSize : 14 <-- 9.032759 s
currentSize : 16 <-- 9.931320 s
currentSize : 17 <-- 10.197210 s

maxsize : 17
nodes : 2797747.000000
filtered : 36572591.000000
time : 10.627635
