Parameters: GAD=1 vflib=1 dir=0 label=0 lowerbound=1 fileNameGp=../../cp2016-max-common-connected-subgraph-paper/datasets/graphsdb/mcs70/m3D/m3Dr4/mcs70_m3Dr4_s40.A02 fileNameGt=../../cp2016-max-common-connected-subgraph-paper/datasets/graphsdb/mcs70/m3D/m3Dr4/mcs70_m3Dr4_s40.B02
Reading graphs...
40 :  99
40 :  98
Initializing...
maxdom : 40
D->valSize : 1600
Solving...
currentSize : 19 <-- 0.035076 s
currentSize : 20 <-- 0.064804 s
currentSize : 21 <-- 0.110799 s
currentSize : 22 <-- 0.113827 s
currentSize : 23 <-- 0.294982 s
currentSize : 24 <-- 2.794227 s
currentSize : 25 <-- 192.100357 s

TIMEOUT
maxsize : 25
nodes : 162487034.000000
filtered : 4632014790.000000
time : 1000.000000
