Parameters: GAD=1 vflib=1 dir=0 label=0 lowerbound=1 fileNameGp=../../cp2016-max-common-connected-subgraph-paper/datasets/graphsdb/mcs70/bvg/b09m/mcs70_b09m_s35.A08 fileNameGt=../../cp2016-max-common-connected-subgraph-paper/datasets/graphsdb/mcs70/bvg/b09m/mcs70_b09m_s35.B08
Reading graphs...
35 :  153
35 :  154
Initializing...
maxdom : 35
D->valSize : 1225
Solving...
currentSize : 9 <-- 0.017950 s
currentSize : 12 <-- 0.017979 s
currentSize : 13 <-- 0.018093 s
currentSize : 14 <-- 0.018374 s
currentSize : 15 <-- 0.020728 s
currentSize : 16 <-- 0.047341 s
currentSize : 17 <-- 23.840534 s
currentSize : 18 <-- 290.196411 s
currentSize : 20 <-- 301.583038 s
currentSize : 24 <-- 302.421783 s

maxsize : 24
nodes : 64211505.000000
filtered : 1222294029.000000
time : 320.501099
