Parameters: GAD=1 vflib=1 dir=0 label=0 lowerbound=1 fileNameGp=../../cp2016-max-common-connected-subgraph-paper/datasets/graphsdb/mcs70/rand/r005/mcs70_r005_s25.A08 fileNameGt=../../cp2016-max-common-connected-subgraph-paper/datasets/graphsdb/mcs70/rand/r005/mcs70_r005_s25.B08
Reading graphs...
25 :  32
25 :  33
Initializing...
maxdom : 25
D->valSize : 625
Solving...
currentSize : 8 <-- 0.009108 s
currentSize : 11 <-- 0.009167 s
currentSize : 12 <-- 0.009844 s
currentSize : 13 <-- 0.017900 s
currentSize : 14 <-- 0.017973 s
currentSize : 16 <-- 0.042477 s
currentSize : 17 <-- 0.044184 s
currentSize : 18 <-- 2.550675 s

maxsize : 18
nodes : 1262067.000000
filtered : 15040838.000000
time : 4.351151
