Parameters: GAD=1 vflib=1 dir=0 label=0 lowerbound=1 fileNameGp=../../cp2016-max-common-connected-subgraph-paper/datasets/graphsdb/mcs70/m2D/m2Dr4/mcs70_m2Dr4_s50.A06 fileNameGt=../../cp2016-max-common-connected-subgraph-paper/datasets/graphsdb/mcs70/m2D/m2Dr4/mcs70_m2Dr4_s50.B06
Reading graphs...
50 :  104
50 :  104
Initializing...
maxdom : 50
D->valSize : 2500
Solving...
currentSize : 19 <-- 0.094554 s
currentSize : 21 <-- 0.094636 s
currentSize : 23 <-- 0.094689 s
currentSize : 25 <-- 0.097677 s
currentSize : 27 <-- 0.128917 s
currentSize : 28 <-- 1.761745 s
currentSize : 29 <-- 14.996425 s
currentSize : 30 <-- 130.542740 s

TIMEOUT
maxsize : 30
nodes : 173801791.000000
filtered : 3420034993.000000
time : 1000.000061
