Parameters: GAD=1 vflib=1 dir=0 label=0 lowerbound=1 fileNameGp=../../cp2016-max-common-connected-subgraph-paper/datasets/graphsdb/mcs70/m3D/m3Dr4/mcs70_m3Dr4_s35.A09 fileNameGt=../../cp2016-max-common-connected-subgraph-paper/datasets/graphsdb/mcs70/m3D/m3Dr4/mcs70_m3Dr4_s35.B09
Reading graphs...
35 :  84
35 :  85
Initializing...
maxdom : 35
D->valSize : 1225
Solving...
currentSize : 14 <-- 0.019820 s
currentSize : 15 <-- 0.019982 s
currentSize : 16 <-- 0.021072 s
currentSize : 17 <-- 0.035522 s
currentSize : 18 <-- 0.194648 s
currentSize : 19 <-- 2.843238 s
currentSize : 20 <-- 4.350862 s
currentSize : 21 <-- 26.194386 s
currentSize : 22 <-- 66.565933 s
currentSize : 23 <-- 286.633301 s
currentSize : 24 <-- 325.764038 s
currentSize : 25 <-- 382.740601 s
currentSize : 27 <-- 387.302155 s

maxsize : 27
nodes : 71992567.000000
filtered : 1877663378.000000
time : 399.989838
