Parameters: GAD=1 vflib=1 dir=0 label=0 lowerbound=1 fileNameGp=../../cp2016-max-common-connected-subgraph-paper/datasets/graphsdb/mcs70/bvg/b03m/mcs70_b03m_s50.A00 fileNameGt=../../cp2016-max-common-connected-subgraph-paper/datasets/graphsdb/mcs70/bvg/b03m/mcs70_b03m_s50.B00
Reading graphs...
50 :  74
50 :  74
Initializing...
maxdom : 50
D->valSize : 2500
Solving...
currentSize : 16 <-- 0.097717 s
currentSize : 18 <-- 0.097798 s
currentSize : 21 <-- 0.097838 s
currentSize : 22 <-- 0.097866 s
currentSize : 23 <-- 0.098092 s
currentSize : 24 <-- 0.104427 s
currentSize : 25 <-- 0.104470 s
currentSize : 26 <-- 0.104783 s
currentSize : 27 <-- 0.116592 s
currentSize : 28 <-- 0.168682 s
currentSize : 29 <-- 10.728597 s
currentSize : 31 <-- 101.001526 s
currentSize : 32 <-- 101.004898 s
currentSize : 33 <-- 101.004913 s
currentSize : 34 <-- 689.575317 s

TIMEOUT
maxsize : 34
nodes : 180665482.000000
filtered : 3118702918.000000
time : 1000.000061
