Parameters: GAD=1 vflib=1 dir=0 label=0 lowerbound=1 fileNameGp=../../cp2016-max-common-connected-subgraph-paper/datasets/graphsdb/mcs70/bvg/b06/mcs70_b06_s50.A06 fileNameGt=../../cp2016-max-common-connected-subgraph-paper/datasets/graphsdb/mcs70/bvg/b06/mcs70_b06_s50.B06
Reading graphs...
50 :  149
50 :  149
Initializing...
maxdom : 50
D->valSize : 2500
Solving...
currentSize : 22 <-- 0.111137 s
currentSize : 23 <-- 0.123864 s
currentSize : 24 <-- 0.215870 s
currentSize : 25 <-- 2.326497 s
currentSize : 26 <-- 4.932513 s
currentSize : 27 <-- 4.933814 s
currentSize : 28 <-- 20.990313 s
currentSize : 29 <-- 20.991148 s
currentSize : 30 <-- 211.474274 s
currentSize : 31 <-- 247.058563 s
currentSize : 32 <-- 249.743042 s

TIMEOUT
maxsize : 32
nodes : 125265138.000000
filtered : 5229623535.000000
time : 1000.000061
