Parameters: GAD=1 vflib=1 dir=0 label=0 lowerbound=1 fileNameGp=../../cp2016-max-common-connected-subgraph-paper/datasets/graphsdb/mcs70/m2D/m2Dr6/mcs70_m2Dr6_s35.A00 fileNameGt=../../cp2016-max-common-connected-subgraph-paper/datasets/graphsdb/mcs70/m2D/m2Dr6/mcs70_m2Dr6_s35.B00
Reading graphs...
35 :  78
35 :  77
Initializing...
maxdom : 35
D->valSize : 1225
Solving...
currentSize : 15 <-- 0.035735 s
currentSize : 16 <-- 0.035793 s
currentSize : 18 <-- 0.035936 s
currentSize : 19 <-- 0.258351 s
currentSize : 20 <-- 0.616547 s
currentSize : 21 <-- 12.423449 s
currentSize : 22 <-- 14.703701 s
currentSize : 23 <-- 199.166962 s
currentSize : 24 <-- 199.167480 s
currentSize : 25 <-- 200.552002 s

maxsize : 25
nodes : 49821879.000000
filtered : 1319816896.000000
time : 276.327545
