Parameters: GAD=1 vflib=1 dir=0 label=0 lowerbound=1 fileNameGp=../../cp2016-max-common-connected-subgraph-paper/datasets/graphsdb/mcs70/m2D/m2Dr2/mcs70_m2Dr2_s35.A06 fileNameGt=../../cp2016-max-common-connected-subgraph-paper/datasets/graphsdb/mcs70/m2D/m2Dr2/mcs70_m2Dr2_s35.B06
Reading graphs...
35 :  64
35 :  63
Initializing...
maxdom : 35
D->valSize : 1225
Solving...
currentSize : 16 <-- 0.020455 s
currentSize : 17 <-- 0.020538 s
currentSize : 18 <-- 0.020551 s
currentSize : 19 <-- 0.020704 s
currentSize : 20 <-- 0.022811 s
currentSize : 21 <-- 0.043378 s
currentSize : 22 <-- 0.045722 s
currentSize : 23 <-- 0.355665 s
currentSize : 24 <-- 13.542998 s
currentSize : 25 <-- 461.340668 s
currentSize : 26 <-- 501.131683 s

maxsize : 26
nodes : 94459975.000000
filtered : 2441199945.000000
time : 531.405457
