Parameters: GAD=1 vflib=1 dir=0 label=0 lowerbound=1 fileNameGp=../../cp2016-max-common-connected-subgraph-paper/datasets/graphsdb/mcs70/bvg/b09m/mcs70_b09m_s40.A04 fileNameGt=../../cp2016-max-common-connected-subgraph-paper/datasets/graphsdb/mcs70/bvg/b09m/mcs70_b09m_s40.B04
Reading graphs...
40 :  175
40 :  174
Initializing...
maxdom : 40
D->valSize : 1600
Solving...
currentSize : 12 <-- 0.053586 s
currentSize : 14 <-- 0.053634 s
currentSize : 15 <-- 0.053696 s
currentSize : 16 <-- 0.066583 s
currentSize : 17 <-- 0.072837 s
currentSize : 18 <-- 0.448501 s
currentSize : 19 <-- 0.722166 s

TIMEOUT
maxsize : 19
nodes : 191558985.000000
filtered : 3667593115.000000
time : 1000.000000
