Parameters: GAD=1 vflib=1 dir=0 label=0 lowerbound=1 fileNameGp=../../cp2016-max-common-connected-subgraph-paper/datasets/graphsdb/mcs70/rand/r01/mcs70_r01_s35.A00 fileNameGt=../../cp2016-max-common-connected-subgraph-paper/datasets/graphsdb/mcs70/rand/r01/mcs70_r01_s35.B00
Reading graphs...
35 :  114
35 :  113
Initializing...
maxdom : 35
D->valSize : 1225
Solving...
currentSize : 15 <-- 0.018818 s
currentSize : 16 <-- 0.018849 s
currentSize : 17 <-- 0.019025 s
currentSize : 18 <-- 0.068684 s
currentSize : 19 <-- 0.892926 s
currentSize : 20 <-- 71.674072 s
currentSize : 21 <-- 520.658142 s
currentSize : 22 <-- 554.498413 s
currentSize : 23 <-- 554.498474 s
currentSize : 24 <-- 554.498596 s

maxsize : 24
nodes : 110356789.000000
filtered : 2653434704.000000
time : 591.886841
