Parameters: GAD=1 vflib=1 dir=0 label=0 lowerbound=1 fileNameGp=../../cp2016-max-common-connected-subgraph-paper/datasets/graphsdb/mcs70/m2D/m2D/mcs70_m2D_s35.A02 fileNameGt=../../cp2016-max-common-connected-subgraph-paper/datasets/graphsdb/mcs70/m2D/m2D/mcs70_m2D_s35.B02
Reading graphs...
35 :  58
35 :  58
Initializing...
maxdom : 35
D->valSize : 1225
Solving...
currentSize : 19 <-- 0.036628 s
currentSize : 20 <-- 0.036708 s
currentSize : 23 <-- 0.037619 s
currentSize : 24 <-- 0.037671 s
currentSize : 25 <-- 0.037862 s
currentSize : 27 <-- 61.443253 s

maxsize : 27
nodes : 14466315.000000
filtered : 424284365.000000
time : 89.753006
