Parameters: GAD=1 vflib=1 dir=0 label=0 lowerbound=1 fileNameGp=../../cp2016-max-common-connected-subgraph-paper/datasets/graphsdb/mcs70/bvg/b09/mcs70_b09_s35.A01 fileNameGt=../../cp2016-max-common-connected-subgraph-paper/datasets/graphsdb/mcs70/bvg/b09/mcs70_b09_s35.B01
Reading graphs...
35 :  153
35 :  156
Initializing...
maxdom : 35
D->valSize : 1225
Solving...
currentSize : 9 <-- 0.031709 s
currentSize : 11 <-- 0.031738 s
currentSize : 12 <-- 0.031792 s
currentSize : 13 <-- 0.032465 s
currentSize : 14 <-- 0.032478 s
currentSize : 15 <-- 0.033475 s
currentSize : 16 <-- 0.060597 s
currentSize : 17 <-- 0.092769 s
currentSize : 18 <-- 0.117017 s
currentSize : 19 <-- 0.243268 s
currentSize : 20 <-- 0.245092 s
currentSize : 24 <-- 1.628604 s

maxsize : 24
nodes : 4882627.000000
filtered : 192922333.000000
time : 32.775581
