Parameters: GAD=1 vflib=1 dir=0 label=0 lowerbound=1 fileNameGp=../../cp2016-max-common-connected-subgraph-paper/datasets/graphsdb/mcs70/bvg/b06/mcs70_b06_s25.A09 fileNameGt=../../cp2016-max-common-connected-subgraph-paper/datasets/graphsdb/mcs70/bvg/b06/mcs70_b06_s25.B09
Reading graphs...
25 :  74
25 :  75
Initializing...
maxdom : 25
D->valSize : 625
Solving...
currentSize : 11 <-- 0.004800 s
currentSize : 12 <-- 0.004915 s
currentSize : 13 <-- 0.005625 s
currentSize : 14 <-- 0.014965 s
currentSize : 15 <-- 0.107342 s
currentSize : 16 <-- 0.121086 s
currentSize : 18 <-- 0.125512 s
currentSize : 19 <-- 0.428905 s

maxsize : 19
nodes : 127486.000000
filtered : 2924258.000000
time : 0.580762
