Parameters: GAD=1 vflib=1 dir=0 label=0 lowerbound=1 fileNameGp=../../cp2016-max-common-connected-subgraph-paper/datasets/graphsdb/mcs70/bvg/b09m/mcs70_b09m_s35.A07 fileNameGt=../../cp2016-max-common-connected-subgraph-paper/datasets/graphsdb/mcs70/bvg/b09m/mcs70_b09m_s35.B07
Reading graphs...
35 :  148
35 :  149
Initializing...
maxdom : 35
D->valSize : 1225
Solving...
currentSize : 12 <-- 0.018099 s
currentSize : 13 <-- 0.018287 s
currentSize : 14 <-- 0.018301 s
currentSize : 15 <-- 0.019648 s
currentSize : 16 <-- 0.033136 s
currentSize : 17 <-- 1.330105 s
currentSize : 18 <-- 2.560848 s
currentSize : 19 <-- 39.912170 s
currentSize : 20 <-- 317.772583 s
currentSize : 23 <-- 317.787903 s
currentSize : 24 <-- 317.787933 s

maxsize : 24
nodes : 58646234.000000
filtered : 1529345834.000000
time : 332.236725
