Parameters: GAD=1 vflib=1 dir=0 label=0 lowerbound=1 fileNameGp=../../cp2016-max-common-connected-subgraph-paper/datasets/graphsdb/mcs70/m2D/m2Dr6/mcs70_m2Dr6_s50.A07 fileNameGt=../../cp2016-max-common-connected-subgraph-paper/datasets/graphsdb/mcs70/m2D/m2Dr6/mcs70_m2Dr6_s50.B07
Reading graphs...
50 :  115
50 :  111
Initializing...
maxdom : 50
D->valSize : 2500
Solving...
currentSize : 22 <-- 0.094721 s
currentSize : 23 <-- 0.094742 s
currentSize : 24 <-- 0.096853 s
currentSize : 25 <-- 0.107922 s
currentSize : 26 <-- 0.269015 s
currentSize : 27 <-- 1.165681 s
currentSize : 28 <-- 62.981354 s
currentSize : 29 <-- 77.093170 s
currentSize : 30 <-- 264.333801 s
currentSize : 31 <-- 411.174103 s

TIMEOUT
maxsize : 31
nodes : 153077400.000000
filtered : 3888070432.000000
time : 1000.000061
