Parameters: GAD=1 vflib=1 dir=0 label=0 lowerbound=1 fileNameGp=../../cp2016-max-common-connected-subgraph-paper/datasets/graphsdb/mcs70/m4D/m4Dr2/mcs70_m4Dr2_s25.A04 fileNameGt=../../cp2016-max-common-connected-subgraph-paper/datasets/graphsdb/mcs70/m4D/m4Dr2/mcs70_m4Dr2_s25.B04
Reading graphs...
25 :  51
25 :  51
Initializing...
maxdom : 25
D->valSize : 625
Solving...
currentSize : 7 <-- 0.005215 s
currentSize : 12 <-- 0.005263 s
currentSize : 13 <-- 0.005321 s
currentSize : 14 <-- 0.005377 s
currentSize : 15 <-- 0.006185 s
currentSize : 16 <-- 0.007687 s
currentSize : 17 <-- 0.052611 s
currentSize : 18 <-- 0.461550 s

maxsize : 18
nodes : 275493.000000
filtered : 6931682.000000
time : 1.352846
