Parameters: GAD=1 vflib=1 dir=0 label=0 lowerbound=1 fileNameGp=../../cp2016-max-common-connected-subgraph-paper/datasets/graphsdb/mcs70/bvg/b03/mcs70_b03_s40.A05 fileNameGt=../../cp2016-max-common-connected-subgraph-paper/datasets/graphsdb/mcs70/bvg/b03/mcs70_b03_s40.B05
Reading graphs...
40 :  60
40 :  60
Initializing...
maxdom : 40
D->valSize : 1600
Solving...
currentSize : 13 <-- 0.056551 s
currentSize : 25 <-- 0.056646 s
currentSize : 26 <-- 0.056656 s
currentSize : 27 <-- 0.465885 s
currentSize : 28 <-- 2.861010 s
currentSize : 29 <-- 27.294302 s
currentSize : 30 <-- 30.056528 s
currentSize : 31 <-- 458.631317 s

maxsize : 31
nodes : 120218771.000000
filtered : 3719292434.000000
time : 822.003479
