Parameters: GAD=1 vflib=1 dir=0 label=0 lowerbound=1 fileNameGp=../../cp2016-max-common-connected-subgraph-paper/datasets/graphsdb/mcs70/m4D/m4Dr2/mcs70_m4Dr2_s25.A03 fileNameGt=../../cp2016-max-common-connected-subgraph-paper/datasets/graphsdb/mcs70/m4D/m4Dr2/mcs70_m4Dr2_s25.B03
Reading graphs...
25 :  51
25 :  51
Initializing...
maxdom : 25
D->valSize : 625
Solving...
currentSize : 6 <-- 0.008596 s
currentSize : 9 <-- 0.008629 s
currentSize : 10 <-- 0.008969 s
currentSize : 11 <-- 0.014839 s
currentSize : 12 <-- 0.014887 s
currentSize : 13 <-- 0.018912 s
currentSize : 14 <-- 0.019073 s
currentSize : 15 <-- 0.077148 s
currentSize : 16 <-- 0.580691 s
currentSize : 17 <-- 0.792440 s
currentSize : 18 <-- 1.294252 s

maxsize : 18
nodes : 531698.000000
filtered : 8643199.000000
time : 2.047236
