Parameters: GAD=1 vflib=1 dir=0 label=0 lowerbound=1 fileNameGp=../../cp2016-max-common-connected-subgraph-paper/datasets/graphsdb/mcs70/rand/r02/mcs70_r02_s35.A09 fileNameGt=../../cp2016-max-common-connected-subgraph-paper/datasets/graphsdb/mcs70/rand/r02/mcs70_r02_s35.B09
Reading graphs...
35 :  214
35 :  219
Initializing...
maxdom : 35
D->valSize : 1225
Solving...
currentSize : 10 <-- 0.017159 s
currentSize : 11 <-- 0.017189 s
currentSize : 12 <-- 0.017225 s
currentSize : 13 <-- 0.025544 s
currentSize : 14 <-- 0.136092 s
currentSize : 15 <-- 33.257080 s
currentSize : 19 <-- 65.313179 s
currentSize : 24 <-- 93.371002 s

maxsize : 24
nodes : 23216412.000000
filtered : 418633530.000000
time : 113.574066
