Parameters: GAD=1 vflib=1 dir=0 label=0 lowerbound=1 fileNameGp=../../cp2016-max-common-connected-subgraph-paper/datasets/graphsdb/mcs70/rand/r02/mcs70_r02_s50.A01 fileNameGt=../../cp2016-max-common-connected-subgraph-paper/datasets/graphsdb/mcs70/rand/r02/mcs70_r02_s50.B01
Reading graphs...
50 :  440
50 :  442
Initializing...
maxdom : 50
D->valSize : 2500
Solving...
currentSize : 11 <-- 0.095590 s
currentSize : 12 <-- 0.096006 s
currentSize : 13 <-- 0.096367 s
currentSize : 14 <-- 0.110284 s
currentSize : 15 <-- 0.196995 s
currentSize : 16 <-- 7.852228 s
currentSize : 17 <-- 538.442810 s

TIMEOUT
maxsize : 17
nodes : 195290996.000000
filtered : 2011762222.000000
time : 1000.000061
