Parameters: GAD=1 vflib=1 dir=0 label=0 lowerbound=1 fileNameGp=../../cp2016-max-common-connected-subgraph-paper/datasets/graphsdb/mcs70/bvg/b03/mcs70_b03_s35.A00 fileNameGt=../../cp2016-max-common-connected-subgraph-paper/datasets/graphsdb/mcs70/bvg/b03/mcs70_b03_s35.B00
Reading graphs...
35 :  52
35 :  52
Initializing...
maxdom : 35
D->valSize : 1225
Solving...
currentSize : 22 <-- 0.037557 s
currentSize : 23 <-- 0.605481 s
currentSize : 24 <-- 0.684918 s
currentSize : 25 <-- 17.959368 s
currentSize : 26 <-- 18.006805 s
currentSize : 27 <-- 18.457211 s
currentSize : 28 <-- 24.548773 s
currentSize : 29 <-- 27.885941 s

maxsize : 29
nodes : 6053192.000000
filtered : 122268542.000000
time : 30.847103
