Parameters: GAD=1 vflib=1 dir=0 label=0 lowerbound=1 fileNameGp=../../cp2016-max-common-connected-subgraph-paper/datasets/graphsdb/mcs70/bvg/b09/mcs70_b09_s40.A01 fileNameGt=../../cp2016-max-common-connected-subgraph-paper/datasets/graphsdb/mcs70/bvg/b09/mcs70_b09_s40.B01
Reading graphs...
40 :  179
40 :  179
Initializing...
maxdom : 40
D->valSize : 1600
Solving...
currentSize : 18 <-- 0.052010 s
currentSize : 19 <-- 0.052287 s
currentSize : 20 <-- 0.052408 s
currentSize : 21 <-- 0.054048 s
currentSize : 22 <-- 0.054140 s
currentSize : 23 <-- 0.054766 s
currentSize : 24 <-- 0.093007 s
currentSize : 25 <-- 0.128039 s
currentSize : 28 <-- 4.255858 s
currentSize : 29 <-- 11.449285 s

maxsize : 29
nodes : 6565929.000000
filtered : 368746500.000000
time : 55.064945
