Parameters: GAD=1 vflib=1 dir=0 label=0 lowerbound=1 fileNameGp=../../cp2016-max-common-connected-subgraph-paper/datasets/graphsdb/mcs70/m2D/m2Dr4/mcs70_m2Dr4_s50.A08 fileNameGt=../../cp2016-max-common-connected-subgraph-paper/datasets/graphsdb/mcs70/m2D/m2Dr4/mcs70_m2Dr4_s50.B08
Reading graphs...
50 :  103
50 :  102
Initializing...
maxdom : 50
D->valSize : 2500
Solving...
currentSize : 19 <-- 0.095602 s
currentSize : 22 <-- 0.095755 s
currentSize : 23 <-- 0.095762 s
currentSize : 24 <-- 0.095842 s
currentSize : 25 <-- 0.095848 s
currentSize : 26 <-- 0.105517 s
currentSize : 27 <-- 0.105612 s
currentSize : 28 <-- 0.205050 s
currentSize : 29 <-- 1.362156 s
currentSize : 30 <-- 174.965714 s
currentSize : 31 <-- 222.041382 s
currentSize : 32 <-- 744.275696 s

TIMEOUT
maxsize : 32
nodes : 161869867.000000
filtered : 3758304352.000000
time : 1000.000061
