Parameters: GAD=1 vflib=1 dir=0 label=0 lowerbound=1 fileNameGp=../../cp2016-max-common-connected-subgraph-paper/datasets/graphsdb/mcs70/m3D/m3Dr4/mcs70_m3Dr4_s40.A06 fileNameGt=../../cp2016-max-common-connected-subgraph-paper/datasets/graphsdb/mcs70/m3D/m3Dr4/mcs70_m3Dr4_s40.B06
Reading graphs...
40 :  97
40 :  96
Initializing...
maxdom : 40
D->valSize : 1600
Solving...
currentSize : 17 <-- 0.055865 s
currentSize : 18 <-- 0.055895 s
currentSize : 19 <-- 0.141373 s
currentSize : 20 <-- 0.141440 s
currentSize : 21 <-- 1.012099 s
currentSize : 22 <-- 3.491056 s
currentSize : 23 <-- 8.717310 s
currentSize : 24 <-- 8.725392 s
currentSize : 25 <-- 635.796204 s

TIMEOUT
maxsize : 25
nodes : 168669193.000000
filtered : 4431744296.000000
time : 1000.000000
