Parameters: GAD=1 vflib=1 dir=0 label=0 lowerbound=1 fileNameGp=../../cp2016-max-common-connected-subgraph-paper/datasets/graphsdb/mcs70/rand/r005/mcs70_r005_s25.A03 fileNameGt=../../cp2016-max-common-connected-subgraph-paper/datasets/graphsdb/mcs70/rand/r005/mcs70_r005_s25.B03
Reading graphs...
25 :  33
25 :  33
Initializing...
maxdom : 25
D->valSize : 625
Solving...
currentSize : 14 <-- 0.009187 s
currentSize : 15 <-- 0.011702 s
currentSize : 16 <-- 0.022407 s
currentSize : 17 <-- 0.237473 s
currentSize : 18 <-- 0.691687 s
currentSize : 19 <-- 0.833613 s

maxsize : 19
nodes : 480778.000000
filtered : 6870789.000000
time : 1.857885
