Parameters: GAD=1 vflib=1 dir=0 label=0 lowerbound=1 fileNameGp=../../cp2016-max-common-connected-subgraph-paper/datasets/graphsdb/mcs70/rand/r01/mcs70_r01_s35.A06 fileNameGt=../../cp2016-max-common-connected-subgraph-paper/datasets/graphsdb/mcs70/rand/r01/mcs70_r01_s35.B06
Reading graphs...
35 :  108
35 :  110
Initializing...
maxdom : 35
D->valSize : 1225
Solving...
currentSize : 13 <-- 0.018933 s
currentSize : 14 <-- 0.018954 s
currentSize : 15 <-- 0.019145 s
currentSize : 16 <-- 0.028405 s
currentSize : 17 <-- 0.089325 s
currentSize : 18 <-- 0.397928 s
currentSize : 19 <-- 4.432512 s
currentSize : 20 <-- 215.949707 s
currentSize : 21 <-- 412.488220 s
currentSize : 22 <-- 412.834869 s
currentSize : 24 <-- 446.964600 s

maxsize : 24
nodes : 92203444.000000
filtered : 2212976955.000000
time : 492.309845
