Parameters: GAD=1 vflib=1 dir=0 label=0 lowerbound=1 fileNameGp=../../cp2016-max-common-connected-subgraph-paper/datasets/graphsdb/mcs70/bvg/b09m/mcs70_b09m_s30.A00 fileNameGt=../../cp2016-max-common-connected-subgraph-paper/datasets/graphsdb/mcs70/bvg/b09m/mcs70_b09m_s30.B00
Reading graphs...
30 :  127
30 :  126
Initializing...
maxdom : 30
D->valSize : 900
Solving...
currentSize : 11 <-- 0.016709 s
currentSize : 12 <-- 0.017036 s
currentSize : 13 <-- 0.017973 s
currentSize : 14 <-- 0.037148 s
currentSize : 15 <-- 0.388200 s
currentSize : 17 <-- 0.390049 s
currentSize : 21 <-- 2.277201 s

maxsize : 21
nodes : 919703.000000
filtered : 28456052.000000
time : 5.218933
