Parameters: GAD=1 vflib=1 dir=0 label=0 lowerbound=1 fileNameGp=../../cp2016-max-common-connected-subgraph-paper/datasets/graphsdb/mcs70/bvg/b06m/mcs70_b06m_s40.A05 fileNameGt=../../cp2016-max-common-connected-subgraph-paper/datasets/graphsdb/mcs70/bvg/b06m/mcs70_b06m_s40.B05
Reading graphs...
40 :  118
40 :  118
Initializing...
maxdom : 40
D->valSize : 1600
Solving...
currentSize : 18 <-- 0.033523 s
currentSize : 19 <-- 0.049481 s
currentSize : 20 <-- 0.070534 s
currentSize : 21 <-- 1.020588 s
currentSize : 22 <-- 51.948872 s
currentSize : 23 <-- 94.191383 s
currentSize : 25 <-- 175.707367 s
currentSize : 26 <-- 175.712738 s
currentSize : 28 <-- 175.713287 s

maxsize : 28
nodes : 57219255.000000
filtered : 2229736204.000000
time : 407.355072
