Parameters: GAD=1 vflib=1 dir=0 label=0 lowerbound=1 fileNameGp=../../cp2016-max-common-connected-subgraph-paper/datasets/graphsdb/mcs70/m2D/m2Dr6/mcs70_m2Dr6_s35.A01 fileNameGt=../../cp2016-max-common-connected-subgraph-paper/datasets/graphsdb/mcs70/m2D/m2Dr6/mcs70_m2Dr6_s35.B01
Reading graphs...
35 :  77
35 :  76
Initializing...
maxdom : 35
D->valSize : 1225
Solving...
currentSize : 16 <-- 0.019878 s
currentSize : 17 <-- 0.020288 s
currentSize : 19 <-- 0.030983 s
currentSize : 20 <-- 0.031360 s
currentSize : 21 <-- 0.038503 s
currentSize : 22 <-- 0.671157 s
currentSize : 23 <-- 1.214274 s
currentSize : 24 <-- 947.274109 s

TIMEOUT
maxsize : 24
nodes : 169243153.000000
filtered : 4711281363.000000
time : 1000.000000
