Parameters: GAD=1 vflib=1 dir=0 label=0 lowerbound=1 fileNameGp=../../cp2016-max-common-connected-subgraph-paper/datasets/graphsdb/mcs70/m2D/m2D/mcs70_m2D_s40.A03 fileNameGt=../../cp2016-max-common-connected-subgraph-paper/datasets/graphsdb/mcs70/m2D/m2D/mcs70_m2D_s40.B03
Reading graphs...
40 :  67
40 :  67
Initializing...
maxdom : 40
D->valSize : 1600
Solving...
currentSize : 17 <-- 0.036309 s
currentSize : 19 <-- 0.036355 s
currentSize : 20 <-- 0.036373 s
currentSize : 22 <-- 0.036923 s
currentSize : 23 <-- 0.057269 s
currentSize : 24 <-- 0.210371 s
currentSize : 25 <-- 0.720232 s
currentSize : 26 <-- 16.799910 s
currentSize : 27 <-- 16.938196 s

TIMEOUT
maxsize : 27
nodes : 174915292.000000
filtered : 3990074047.000000
time : 1000.000000
