Parameters: GAD=1 vflib=1 dir=0 label=0 lowerbound=1 fileNameGp=../../cp2016-max-common-connected-subgraph-paper/datasets/graphsdb/mcs70/bvg/b09/mcs70_b09_s35.A07 fileNameGt=../../cp2016-max-common-connected-subgraph-paper/datasets/graphsdb/mcs70/bvg/b09/mcs70_b09_s35.B07
Reading graphs...
35 :  155
35 :  156
Initializing...
maxdom : 35
D->valSize : 1225
Solving...
currentSize : 12 <-- 0.031833 s
currentSize : 13 <-- 0.031963 s
currentSize : 14 <-- 0.032026 s
currentSize : 15 <-- 0.032222 s
currentSize : 16 <-- 0.034945 s
currentSize : 17 <-- 0.037940 s
currentSize : 18 <-- 0.038313 s
currentSize : 20 <-- 1.954376 s
currentSize : 22 <-- 2.082771 s
currentSize : 24 <-- 2.083085 s
currentSize : 25 <-- 2.747525 s

maxsize : 25
nodes : 2155958.000000
filtered : 94861667.000000
time : 15.085174
