Parameters: GAD=1 vflib=1 dir=0 label=0 lowerbound=1 fileNameGp=../../cp2016-max-common-connected-subgraph-paper/datasets/graphsdb/mcs70/rand/r005/mcs70_r005_s35.A03 fileNameGt=../../cp2016-max-common-connected-subgraph-paper/datasets/graphsdb/mcs70/rand/r005/mcs70_r005_s35.B03
Reading graphs...
35 :  57
35 :  56
Initializing...
maxdom : 35
D->valSize : 1225
Solving...
currentSize : 15 <-- 0.036527 s
currentSize : 16 <-- 0.037587 s
currentSize : 17 <-- 0.044642 s
currentSize : 18 <-- 0.581783 s
currentSize : 19 <-- 1.020785 s
currentSize : 20 <-- 1.266489 s
currentSize : 21 <-- 1.266517 s
currentSize : 22 <-- 1.267070 s
currentSize : 23 <-- 2.381008 s
currentSize : 24 <-- 2.779666 s
currentSize : 25 <-- 8.653043 s
currentSize : 26 <-- 13.148764 s

maxsize : 26
nodes : 11045853.000000
filtered : 323077982.000000
time : 66.231537
