Parameters: GAD=1 vflib=1 dir=0 label=0 lowerbound=1 fileNameGp=../../cp2016-max-common-connected-subgraph-paper/datasets/graphsdb/mcs70/m2D/m2Dr2/mcs70_m2Dr2_s25.A00 fileNameGt=../../cp2016-max-common-connected-subgraph-paper/datasets/graphsdb/mcs70/m2D/m2Dr2/mcs70_m2Dr2_s25.B00
Reading graphs...
25 :  45
25 :  43
Initializing...
maxdom : 25
D->valSize : 625
Solving...
currentSize : 8 <-- 0.005152 s
currentSize : 11 <-- 0.005370 s
currentSize : 12 <-- 0.005751 s
currentSize : 13 <-- 0.007455 s
currentSize : 14 <-- 0.012933 s
currentSize : 15 <-- 0.014463 s
currentSize : 16 <-- 0.044624 s
currentSize : 17 <-- 0.072580 s
currentSize : 18 <-- 0.520316 s

maxsize : 18
nodes : 558458.000000
filtered : 10729943.000000
time : 2.311555
