Parameters: GAD=1 vflib=1 dir=0 label=0 lowerbound=1 fileNameGp=../../cp2016-max-common-connected-subgraph-paper/datasets/graphsdb/mcs70/m2D/m2Dr4/mcs70_m2Dr4_s40.A09 fileNameGt=../../cp2016-max-common-connected-subgraph-paper/datasets/graphsdb/mcs70/m2D/m2Dr4/mcs70_m2Dr4_s40.B09
Reading graphs...
40 :  83
40 :  81
Initializing...
maxdom : 40
D->valSize : 1600
Solving...
currentSize : 18 <-- 0.035160 s
currentSize : 19 <-- 0.035290 s
currentSize : 20 <-- 0.041084 s
currentSize : 21 <-- 0.094988 s
currentSize : 22 <-- 0.097128 s
currentSize : 23 <-- 3.425290 s
currentSize : 24 <-- 18.539856 s
currentSize : 25 <-- 106.245720 s
currentSize : 26 <-- 159.326660 s

TIMEOUT
maxsize : 26
nodes : 167277334.000000
filtered : 4384158286.000000
time : 1000.000000
