Parameters: GAD=1 vflib=1 dir=0 label=0 lowerbound=1 fileNameGp=../../cp2016-max-common-connected-subgraph-paper/datasets/graphsdb/mcs70/bvg/b09/mcs70_b09_s35.A08 fileNameGt=../../cp2016-max-common-connected-subgraph-paper/datasets/graphsdb/mcs70/bvg/b09/mcs70_b09_s35.B08
Reading graphs...
35 :  155
35 :  155
Initializing...
maxdom : 35
D->valSize : 1225
Solving...
currentSize : 13 <-- 0.031261 s
currentSize : 14 <-- 0.031337 s
currentSize : 15 <-- 0.031749 s
currentSize : 16 <-- 0.031997 s
currentSize : 17 <-- 0.296713 s
currentSize : 18 <-- 0.299628 s
currentSize : 19 <-- 1.162844 s
currentSize : 21 <-- 1.215513 s
currentSize : 22 <-- 1.244787 s
currentSize : 24 <-- 1.245488 s

maxsize : 24
nodes : 4467509.000000
filtered : 183340297.000000
time : 30.582800
