Parameters: GAD=1 vflib=1 dir=0 label=0 lowerbound=1 fileNameGp=../../cp2016-max-common-connected-subgraph-paper/datasets/graphsdb/mcs70/bvg/b09m/mcs70_b09m_s30.A01 fileNameGt=../../cp2016-max-common-connected-subgraph-paper/datasets/graphsdb/mcs70/bvg/b09m/mcs70_b09m_s30.B01
Reading graphs...
30 :  131
30 :  130
Initializing...
maxdom : 30
D->valSize : 900
Solving...
currentSize : 8 <-- 0.009508 s
currentSize : 10 <-- 0.009546 s
currentSize : 11 <-- 0.009759 s
currentSize : 12 <-- 0.009965 s
currentSize : 13 <-- 0.095981 s
currentSize : 14 <-- 0.498323 s
currentSize : 15 <-- 3.964227 s
currentSize : 16 <-- 22.220203 s
currentSize : 20 <-- 22.220285 s

maxsize : 20
nodes : 6232999.000000
filtered : 112441537.000000
time : 28.519444
