Parameters: GAD=1 vflib=1 dir=0 label=0 lowerbound=1 fileNameGp=../../cp2016-max-common-connected-subgraph-paper/datasets/graphsdb/mcs70/bvg/b09/mcs70_b09_s30.A02 fileNameGt=../../cp2016-max-common-connected-subgraph-paper/datasets/graphsdb/mcs70/bvg/b09/mcs70_b09_s30.B02
Reading graphs...
30 :  131
30 :  132
Initializing...
maxdom : 30
D->valSize : 900
Solving...
currentSize : 11 <-- 0.016456 s
currentSize : 13 <-- 0.016517 s
currentSize : 14 <-- 0.046037 s
currentSize : 15 <-- 0.084807 s
currentSize : 16 <-- 0.207109 s
currentSize : 17 <-- 0.252738 s
currentSize : 18 <-- 0.377509 s
currentSize : 20 <-- 0.380254 s

maxsize : 20
nodes : 1529196.000000
filtered : 45002252.000000
time : 8.338661
