Parameters: GAD=1 vflib=1 dir=0 label=0 lowerbound=1 fileNameGp=../../cp2016-max-common-connected-subgraph-paper/datasets/graphsdb/mcs70/rand/r005/mcs70_r005_s30.A04 fileNameGt=../../cp2016-max-common-connected-subgraph-paper/datasets/graphsdb/mcs70/rand/r005/mcs70_r005_s30.B04
Reading graphs...
30 :  41
30 :  42
Initializing...
maxdom : 30
D->valSize : 900
Solving...
currentSize : 15 <-- 0.011206 s
currentSize : 16 <-- 0.011287 s
currentSize : 17 <-- 0.093602 s
currentSize : 18 <-- 0.100871 s
currentSize : 19 <-- 0.287072 s
currentSize : 20 <-- 1.409619 s
currentSize : 21 <-- 7.943653 s
currentSize : 22 <-- 23.318909 s
currentSize : 23 <-- 52.391106 s

maxsize : 23
nodes : 13596400.000000
filtered : 204208069.000000
time : 56.336857
