Parameters: GAD=1 vflib=1 dir=0 label=0 lowerbound=1 fileNameGp=../../cp2016-max-common-connected-subgraph-paper/datasets/graphsdb/mcs70/bvg/b09m/mcs70_b09m_s50.A09 fileNameGt=../../cp2016-max-common-connected-subgraph-paper/datasets/graphsdb/mcs70/bvg/b09m/mcs70_b09m_s50.B09
Reading graphs...
50 :  219
50 :  223
Initializing...
maxdom : 50
D->valSize : 2500
Solving...
currentSize : 18 <-- 0.107385 s
currentSize : 19 <-- 0.107462 s
currentSize : 20 <-- 0.151259 s
currentSize : 21 <-- 0.483320 s
currentSize : 22 <-- 0.532052 s
currentSize : 23 <-- 23.656612 s
currentSize : 24 <-- 468.675201 s

TIMEOUT
maxsize : 24
nodes : 157124068.000000
filtered : 4059321466.000000
time : 1000.000000
