Parameters: GAD=1 vflib=1 dir=0 label=0 lowerbound=1 fileNameGp=../../cp2016-max-common-connected-subgraph-paper/datasets/graphsdb/mcs70/bvg/b03m/mcs70_b03m_s50.A01 fileNameGt=../../cp2016-max-common-connected-subgraph-paper/datasets/graphsdb/mcs70/bvg/b03m/mcs70_b03m_s50.B01
Reading graphs...
50 :  75
50 :  75
Initializing...
maxdom : 50
D->valSize : 2500
Solving...
currentSize : 19 <-- 0.174126 s
currentSize : 21 <-- 0.174178 s
currentSize : 22 <-- 0.174283 s
currentSize : 23 <-- 0.174841 s
currentSize : 25 <-- 0.174866 s
currentSize : 26 <-- 0.198289 s
currentSize : 27 <-- 0.229005 s
currentSize : 28 <-- 0.436533 s
currentSize : 29 <-- 5.399046 s
currentSize : 30 <-- 5.767175 s
currentSize : 31 <-- 15.977808 s
currentSize : 32 <-- 104.744522 s
currentSize : 33 <-- 108.682587 s
currentSize : 34 <-- 707.116760 s
currentSize : 35 <-- 892.232117 s

TIMEOUT
maxsize : 35
nodes : 185019690.000000
filtered : 3032935271.000000
time : 1000.000061
