Parameters: GAD=1 vflib=1 dir=0 label=0 lowerbound=1 fileNameGp=../../cp2016-max-common-connected-subgraph-paper/datasets/graphsdb/mcs70/m3D/m3D/mcs70_m3D_s40.A04 fileNameGt=../../cp2016-max-common-connected-subgraph-paper/datasets/graphsdb/mcs70/m3D/m3D/mcs70_m3D_s40.B04
Reading graphs...
40 :  83
40 :  83
Initializing...
maxdom : 40
D->valSize : 1600
Solving...
currentSize : 18 <-- 0.058294 s
currentSize : 19 <-- 0.058351 s
currentSize : 20 <-- 0.095294 s
currentSize : 21 <-- 0.166964 s
currentSize : 22 <-- 0.241640 s
currentSize : 23 <-- 0.241976 s
currentSize : 24 <-- 1.086951 s
currentSize : 25 <-- 5.312609 s
currentSize : 26 <-- 272.156036 s
currentSize : 27 <-- 828.546509 s
currentSize : 28 <-- 893.042175 s
currentSize : 29 <-- 914.103882 s

TIMEOUT
maxsize : 29
nodes : 165922021.000000
filtered : 4513771081.000000
time : 1000.000061
