Parameters: GAD=1 vflib=1 dir=0 label=0 lowerbound=1 fileNameGp=../../cp2016-max-common-connected-subgraph-paper/datasets/graphsdb/mcs70/bvg/b03m/mcs70_b03m_s30.A01 fileNameGt=../../cp2016-max-common-connected-subgraph-paper/datasets/graphsdb/mcs70/bvg/b03m/mcs70_b03m_s30.B01
Reading graphs...
30 :  44
30 :  44
Initializing...
maxdom : 30
D->valSize : 900
Solving...
currentSize : 16 <-- 0.010945 s
currentSize : 17 <-- 0.011180 s
currentSize : 18 <-- 0.031544 s
currentSize : 19 <-- 0.135253 s
currentSize : 20 <-- 0.396451 s
currentSize : 21 <-- 0.572212 s
currentSize : 22 <-- 11.274382 s

maxsize : 22
nodes : 7066497.000000
filtered : 140190469.000000
time : 32.829792
