Parameters: GAD=1 vflib=1 dir=0 label=0 lowerbound=1 fileNameGp=../../cp2016-max-common-connected-subgraph-paper/datasets/graphsdb/mcs70/bvg/b03m/mcs70_b03m_s35.A08 fileNameGt=../../cp2016-max-common-connected-subgraph-paper/datasets/graphsdb/mcs70/bvg/b03m/mcs70_b03m_s35.B08
Reading graphs...
35 :  51
35 :  50
Initializing...
maxdom : 35
D->valSize : 1225
Solving...
currentSize : 17 <-- 0.021138 s
currentSize : 18 <-- 0.021170 s
currentSize : 19 <-- 0.026625 s
currentSize : 20 <-- 0.026638 s
currentSize : 21 <-- 0.066206 s
currentSize : 22 <-- 0.457425 s
currentSize : 23 <-- 0.935050 s
currentSize : 24 <-- 2.818143 s
currentSize : 25 <-- 2.833774 s

maxsize : 25
nodes : 96405270.000000
filtered : 2213325677.000000
time : 523.511414
