Parameters: GAD=1 vflib=1 dir=0 label=0 lowerbound=1 fileNameGp=../../cp2016-max-common-connected-subgraph-paper/datasets/graphsdb/mcs70/m2D/m2Dr2/mcs70_m2Dr2_s35.A00 fileNameGt=../../cp2016-max-common-connected-subgraph-paper/datasets/graphsdb/mcs70/m2D/m2Dr2/mcs70_m2Dr2_s35.B00
Reading graphs...
35 :  64
35 :  61
Initializing...
maxdom : 35
D->valSize : 1225
Solving...
currentSize : 20 <-- 0.020690 s
currentSize : 21 <-- 0.020766 s
currentSize : 22 <-- 0.025316 s
currentSize : 23 <-- 1.217126 s
currentSize : 24 <-- 7.658992 s
currentSize : 25 <-- 27.845951 s
currentSize : 26 <-- 46.912582 s

maxsize : 26
nodes : 24624720.000000
filtered : 754734315.000000
time : 151.591446
