Parameters: GAD=1 vflib=1 dir=0 label=0 lowerbound=1 fileNameGp=../../cp2016-max-common-connected-subgraph-paper/datasets/graphsdb/mcs70/m3D/m3D/mcs70_m3D_s35.A04 fileNameGt=../../cp2016-max-common-connected-subgraph-paper/datasets/graphsdb/mcs70/m3D/m3D/mcs70_m3D_s35.B04
Reading graphs...
35 :  72
35 :  72
Initializing...
maxdom : 35
D->valSize : 1225
Solving...
currentSize : 17 <-- 0.020047 s
currentSize : 19 <-- 0.020378 s
currentSize : 20 <-- 0.020451 s
currentSize : 21 <-- 0.020558 s
currentSize : 22 <-- 0.252374 s
currentSize : 23 <-- 0.287724 s
currentSize : 24 <-- 2.032768 s
currentSize : 25 <-- 6.337802 s
currentSize : 26 <-- 6.640713 s
currentSize : 27 <-- 8.233288 s
currentSize : 28 <-- 8.387476 s
currentSize : 29 <-- 13.477666 s

maxsize : 29
nodes : 2613855.000000
filtered : 81148295.000000
time : 15.748497
