Parameters: GAD=1 vflib=1 dir=0 label=0 lowerbound=1 fileNameGp=../../cp2016-max-common-connected-subgraph-paper/datasets/graphsdb/mcs70/bvg/b03m/mcs70_b03m_s35.A02 fileNameGt=../../cp2016-max-common-connected-subgraph-paper/datasets/graphsdb/mcs70/bvg/b03m/mcs70_b03m_s35.B02
Reading graphs...
35 :  52
35 :  52
Initializing...
maxdom : 35
D->valSize : 1225
Solving...
currentSize : 12 <-- 0.037777 s
currentSize : 13 <-- 0.037883 s
currentSize : 14 <-- 0.037977 s
currentSize : 17 <-- 0.038362 s
currentSize : 18 <-- 0.044459 s
currentSize : 19 <-- 0.078332 s
currentSize : 20 <-- 0.079369 s
currentSize : 21 <-- 0.120103 s
currentSize : 22 <-- 0.147489 s
currentSize : 23 <-- 0.507441 s
currentSize : 24 <-- 4.443456 s
currentSize : 25 <-- 7.764885 s

maxsize : 25
nodes : 112063176.000000
filtered : 2572785444.000000
time : 611.936890
