Parameters: GAD=1 vflib=1 dir=0 label=0 lowerbound=1 fileNameGp=../../cp2016-max-common-connected-subgraph-paper/datasets/graphsdb/mcs70/m2D/m2Dr2/mcs70_m2Dr2_s25.A07 fileNameGt=../../cp2016-max-common-connected-subgraph-paper/datasets/graphsdb/mcs70/m2D/m2Dr2/mcs70_m2Dr2_s25.B07
Reading graphs...
25 :  45
25 :  45
Initializing...
maxdom : 25
D->valSize : 625
Solving...
currentSize : 12 <-- 0.005167 s
currentSize : 13 <-- 0.005185 s
currentSize : 14 <-- 0.016699 s
currentSize : 15 <-- 0.018054 s
currentSize : 16 <-- 0.035485 s
currentSize : 17 <-- 0.078855 s
currentSize : 18 <-- 0.104042 s

maxsize : 18
nodes : 275490.000000
filtered : 6184529.000000
time : 1.262531
