Parameters: GAD=1 vflib=1 dir=0 label=0 lowerbound=1 fileNameGp=../../cp2016-max-common-connected-subgraph-paper/datasets/graphsdb/mcs70/m3D/m3Dr6/mcs70_m3Dr6_s40.A02 fileNameGt=../../cp2016-max-common-connected-subgraph-paper/datasets/graphsdb/mcs70/m3D/m3Dr6/mcs70_m3Dr6_s40.B02
Reading graphs...
40 :  107
40 :  102
Initializing...
maxdom : 40
D->valSize : 1600
Solving...
currentSize : 16 <-- 0.034340 s
currentSize : 18 <-- 0.034685 s
currentSize : 19 <-- 0.048721 s
currentSize : 20 <-- 0.435880 s
currentSize : 21 <-- 0.595832 s
currentSize : 22 <-- 3.561491 s
currentSize : 23 <-- 19.742512 s
currentSize : 24 <-- 281.326447 s

TIMEOUT
maxsize : 24
nodes : 169647357.000000
filtered : 4496706319.000000
time : 1000.000061
