Parameters: GAD=1 vflib=1 dir=0 label=0 lowerbound=1 fileNameGp=../../cp2016-max-common-connected-subgraph-paper/datasets/graphsdb/mcs70/bvg/b09m/mcs70_b09m_s50.A06 fileNameGt=../../cp2016-max-common-connected-subgraph-paper/datasets/graphsdb/mcs70/bvg/b09m/mcs70_b09m_s50.B06
Reading graphs...
50 :  221
50 :  220
Initializing...
maxdom : 50
D->valSize : 2500
Solving...
currentSize : 16 <-- 0.085606 s
currentSize : 17 <-- 0.086180 s
currentSize : 18 <-- 0.091233 s
currentSize : 19 <-- 0.102165 s
currentSize : 20 <-- 0.338983 s
currentSize : 21 <-- 3.187711 s
currentSize : 22 <-- 24.749311 s
currentSize : 23 <-- 134.247559 s

TIMEOUT
maxsize : 23
nodes : 158909306.000000
filtered : 3464243812.000000
time : 1000.000061
