Parameters: GAD=1 vflib=1 dir=0 label=0 lowerbound=1 fileNameGp=../../cp2016-max-common-connected-subgraph-paper/datasets/graphsdb/mcs70/m2D/m2Dr6/mcs70_m2Dr6_s40.A09 fileNameGt=../../cp2016-max-common-connected-subgraph-paper/datasets/graphsdb/mcs70/m2D/m2Dr6/mcs70_m2Dr6_s40.B09
Reading graphs...
40 :  89
40 :  87
Initializing...
maxdom : 40
D->valSize : 1600
Solving...
currentSize : 17 <-- 0.035379 s
currentSize : 19 <-- 0.035515 s
currentSize : 20 <-- 0.035521 s
currentSize : 21 <-- 0.036300 s
currentSize : 22 <-- 0.036320 s
currentSize : 23 <-- 0.036638 s
currentSize : 24 <-- 0.060349 s
currentSize : 25 <-- 5.388512 s
currentSize : 26 <-- 8.657999 s
currentSize : 27 <-- 996.990845 s

TIMEOUT
maxsize : 27
nodes : 161338704.000000
filtered : 4620187175.000000
time : 1000.000061
