Parameters: GAD=1 vflib=1 dir=0 label=0 lowerbound=1 fileNameGp=../../cp2016-max-common-connected-subgraph-paper/datasets/graphsdb/mcs70/bvg/b09/mcs70_b09_s35.A04 fileNameGt=../../cp2016-max-common-connected-subgraph-paper/datasets/graphsdb/mcs70/bvg/b09/mcs70_b09_s35.B04
Reading graphs...
35 :  157
35 :  154
Initializing...
maxdom : 35
D->valSize : 1225
Solving...
currentSize : 12 <-- 0.031970 s
currentSize : 13 <-- 0.032002 s
currentSize : 14 <-- 0.032124 s
currentSize : 15 <-- 0.033002 s
currentSize : 16 <-- 0.037573 s
currentSize : 17 <-- 0.044537 s
currentSize : 18 <-- 0.115765 s
currentSize : 20 <-- 7.532471 s
currentSize : 24 <-- 7.941092 s
currentSize : 25 <-- 15.519719 s

maxsize : 25
nodes : 4079207.000000
filtered : 130677343.000000
time : 24.796564
