Parameters: GAD=1 vflib=1 dir=0 label=0 lowerbound=1 fileNameGp=../../cp2016-max-common-connected-subgraph-paper/datasets/graphsdb/mcs70/bvg/b09/mcs70_b09_s30.A04 fileNameGt=../../cp2016-max-common-connected-subgraph-paper/datasets/graphsdb/mcs70/bvg/b09/mcs70_b09_s30.B04
Reading graphs...
30 :  132
30 :  134
Initializing...
maxdom : 30
D->valSize : 900
Solving...
currentSize : 9 <-- 0.016620 s
currentSize : 11 <-- 0.016666 s
currentSize : 12 <-- 0.019643 s
currentSize : 13 <-- 0.036099 s
currentSize : 14 <-- 0.087693 s
currentSize : 16 <-- 0.087739 s
currentSize : 17 <-- 0.192309 s
currentSize : 18 <-- 0.192342 s
currentSize : 20 <-- 0.192418 s
currentSize : 21 <-- 0.192537 s

maxsize : 21
nodes : 705342.000000
filtered : 23671494.000000
time : 4.178509
