Parameters: GAD=1 vflib=1 dir=0 label=0 lowerbound=1 fileNameGp=../../cp2016-max-common-connected-subgraph-paper/datasets/graphsdb/mcs70/m3D/m3D/mcs70_m3D_s40.A03 fileNameGt=../../cp2016-max-common-connected-subgraph-paper/datasets/graphsdb/mcs70/m3D/m3D/mcs70_m3D_s40.B03
Reading graphs...
40 :  84
40 :  83
Initializing...
maxdom : 40
D->valSize : 1600
Solving...
currentSize : 18 <-- 0.035693 s
currentSize : 19 <-- 0.035715 s
currentSize : 20 <-- 0.035753 s
currentSize : 21 <-- 0.035776 s
currentSize : 22 <-- 0.036236 s
currentSize : 23 <-- 0.058024 s
currentSize : 24 <-- 0.070331 s
currentSize : 25 <-- 15.416887 s
currentSize : 26 <-- 23.529043 s
currentSize : 27 <-- 23.580589 s
currentSize : 28 <-- 33.644375 s

TIMEOUT
maxsize : 28
nodes : 137085245.000000
filtered : 5205268698.000000
time : 1000.000000
