Parameters: GAD=1 vflib=1 dir=0 label=0 lowerbound=1 fileNameGp=../../cp2016-max-common-connected-subgraph-paper/datasets/graphsdb/mcs70/bvg/b06m/mcs70_b06m_s30.A02 fileNameGt=../../cp2016-max-common-connected-subgraph-paper/datasets/graphsdb/mcs70/bvg/b06m/mcs70_b06m_s30.B02
Reading graphs...
30 :  88
30 :  87
Initializing...
maxdom : 30
D->valSize : 900
Solving...
currentSize : 12 <-- 0.018021 s
currentSize : 13 <-- 0.019093 s
currentSize : 14 <-- 0.020100 s
currentSize : 15 <-- 0.021833 s
currentSize : 16 <-- 0.022947 s
currentSize : 17 <-- 0.159114 s
currentSize : 18 <-- 1.178745 s
currentSize : 21 <-- 11.865885 s

maxsize : 21
nodes : 2847798.000000
filtered : 82086419.000000
time : 15.671485
