Parameters: GAD=1 vflib=1 dir=0 label=0 lowerbound=1 fileNameGp=../../cp2016-max-common-connected-subgraph-paper/datasets/graphsdb/mcs70/bvg/b03m/mcs70_b03m_s50.A06 fileNameGt=../../cp2016-max-common-connected-subgraph-paper/datasets/graphsdb/mcs70/bvg/b03m/mcs70_b03m_s50.B06
Reading graphs...
50 :  75
50 :  75
Initializing...
maxdom : 50
D->valSize : 2500
Solving...
currentSize : 18 <-- 0.115817 s
currentSize : 21 <-- 0.115879 s
currentSize : 22 <-- 0.116697 s
currentSize : 25 <-- 0.116715 s
currentSize : 26 <-- 0.166802 s
currentSize : 27 <-- 0.377689 s
currentSize : 28 <-- 0.497433 s
currentSize : 29 <-- 0.727004 s
currentSize : 30 <-- 16.651281 s
currentSize : 31 <-- 16.660740 s
currentSize : 32 <-- 17.616934 s
currentSize : 33 <-- 121.840508 s

TIMEOUT
maxsize : 33
nodes : 194143822.000000
filtered : 3065723193.000000
time : 1000.000061
