Parameters: GAD=1 vflib=1 dir=0 label=0 lowerbound=1 fileNameGp=../../cp2016-max-common-connected-subgraph-paper/datasets/graphsdb/mcs70/bvg/b09/mcs70_b09_s25.A02 fileNameGt=../../cp2016-max-common-connected-subgraph-paper/datasets/graphsdb/mcs70/bvg/b09/mcs70_b09_s25.B02
Reading graphs...
25 :  110
25 :  111
Initializing...
maxdom : 25
D->valSize : 625
Solving...
currentSize : 9 <-- 0.004500 s
currentSize : 10 <-- 0.004533 s
currentSize : 11 <-- 0.004581 s
currentSize : 12 <-- 0.007125 s
currentSize : 13 <-- 0.028779 s
currentSize : 15 <-- 0.053405 s
currentSize : 16 <-- 0.099854 s
currentSize : 17 <-- 1.095261 s

maxsize : 17
nodes : 297440.000000
filtered : 7902090.000000
time : 1.499663
