Parameters: GAD=1 vflib=1 dir=0 label=0 lowerbound=1 fileNameGp=../../cp2016-max-common-connected-subgraph-paper/datasets/graphsdb/mcs70/rand/r005/mcs70_r005_s50.A06 fileNameGt=../../cp2016-max-common-connected-subgraph-paper/datasets/graphsdb/mcs70/rand/r005/mcs70_r005_s50.B06
Reading graphs...
50 :  119
50 :  120
Initializing...
maxdom : 50
D->valSize : 2500
Solving...
currentSize : 23 <-- 0.119449 s
currentSize : 24 <-- 0.120215 s
currentSize : 25 <-- 0.312713 s
currentSize : 26 <-- 0.638741 s
currentSize : 27 <-- 1.105047 s
currentSize : 28 <-- 18.401461 s
currentSize : 29 <-- 105.597374 s

TIMEOUT
maxsize : 29
nodes : 166032620.000000
filtered : 3492591805.000000
time : 1000.000061
