Parameters: GAD=1 vflib=1 dir=0 label=0 lowerbound=1 fileNameGp=../../cp2016-max-common-connected-subgraph-paper/datasets/graphsdb/mcs70/bvg/b03m/mcs70_b03m_s35.A04 fileNameGt=../../cp2016-max-common-connected-subgraph-paper/datasets/graphsdb/mcs70/bvg/b03m/mcs70_b03m_s35.B04
Reading graphs...
35 :  52
35 :  52
Initializing...
maxdom : 35
D->valSize : 1225
Solving...
currentSize : 15 <-- 0.021015 s
currentSize : 16 <-- 0.021068 s
currentSize : 20 <-- 0.021088 s
currentSize : 21 <-- 0.021094 s
currentSize : 23 <-- 0.021363 s
currentSize : 24 <-- 3.001723 s
currentSize : 25 <-- 3.273440 s
currentSize : 26 <-- 214.595840 s

maxsize : 26
nodes : 43290817.000000
filtered : 965354087.000000
time : 239.554443
