Parameters: GAD=1 vflib=1 dir=0 label=0 lowerbound=1 fileNameGp=../../cp2016-max-common-connected-subgraph-paper/datasets/graphsdb/mcs70/bvg/b06/mcs70_b06_s40.A04 fileNameGt=../../cp2016-max-common-connected-subgraph-paper/datasets/graphsdb/mcs70/bvg/b06/mcs70_b06_s40.B04
Reading graphs...
40 :  120
40 :  119
Initializing...
maxdom : 40
D->valSize : 1600
Solving...
currentSize : 18 <-- 0.033483 s
currentSize : 20 <-- 0.033582 s
currentSize : 21 <-- 0.039574 s
currentSize : 22 <-- 0.071786 s
currentSize : 23 <-- 0.253182 s
currentSize : 24 <-- 0.277349 s
currentSize : 25 <-- 0.333041 s
currentSize : 26 <-- 0.334255 s
currentSize : 27 <-- 3.063057 s
currentSize : 29 <-- 11.508295 s
currentSize : 30 <-- 11.508380 s

maxsize : 30
nodes : 9312299.000000
filtered : 486717870.000000
time : 80.667664
