Parameters: GAD=1 vflib=1 dir=0 label=0 lowerbound=1 fileNameGp=../../cp2016-max-common-connected-subgraph-paper/datasets/graphsdb/mcs70/rand/r02/mcs70_r02_s25.A02 fileNameGt=../../cp2016-max-common-connected-subgraph-paper/datasets/graphsdb/mcs70/rand/r02/mcs70_r02_s25.B02
Reading graphs...
25 :  108
25 :  107
Initializing...
maxdom : 25
D->valSize : 625
Solving...
currentSize : 10 <-- 0.004543 s
currentSize : 11 <-- 0.004572 s
currentSize : 12 <-- 0.006449 s
currentSize : 13 <-- 2.124574 s
currentSize : 14 <-- 3.526938 s
currentSize : 16 <-- 3.527077 s
currentSize : 17 <-- 3.527154 s

maxsize : 17
nodes : 1167033.000000
filtered : 16219657.000000
time : 4.454679
