Parameters: GAD=1 vflib=1 dir=0 label=0 lowerbound=1 fileNameGp=../../cp2016-max-common-connected-subgraph-paper/datasets/graphsdb/mcs70/rand/r005/mcs70_r005_s30.A00 fileNameGt=../../cp2016-max-common-connected-subgraph-paper/datasets/graphsdb/mcs70/rand/r005/mcs70_r005_s30.B00
Reading graphs...
30 :  40
30 :  42
Initializing...
maxdom : 30
D->valSize : 900
Solving...
currentSize : 4 <-- 0.011870 s
currentSize : 5 <-- 0.011902 s
currentSize : 12 <-- 0.011957 s
currentSize : 13 <-- 0.011983 s
currentSize : 14 <-- 0.011995 s
currentSize : 15 <-- 0.012672 s
currentSize : 16 <-- 0.012698 s
currentSize : 17 <-- 0.043907 s
currentSize : 18 <-- 0.098651 s
currentSize : 19 <-- 0.123876 s
currentSize : 20 <-- 0.133165 s
currentSize : 21 <-- 85.662407 s

maxsize : 21
nodes : 39289941.000000
filtered : 451573210.000000
time : 145.491394
