Parameters: GAD=1 vflib=1 dir=0 label=0 lowerbound=1 fileNameGp=../../cp2016-max-common-connected-subgraph-paper/datasets/graphsdb/mcs70/m4D/m4Dr4/mcs70_m4Dr4_s25.A06 fileNameGt=../../cp2016-max-common-connected-subgraph-paper/datasets/graphsdb/mcs70/m4D/m4Dr4/mcs70_m4Dr4_s25.B06
Reading graphs...
25 :  57
25 :  57
Initializing...
maxdom : 25
D->valSize : 625
Solving...
currentSize : 11 <-- 0.008450 s
currentSize : 12 <-- 0.009893 s
currentSize : 13 <-- 0.015336 s
currentSize : 14 <-- 0.034850 s
currentSize : 15 <-- 0.105692 s
currentSize : 16 <-- 0.114844 s
currentSize : 17 <-- 0.486005 s

maxsize : 17
nodes : 305531.000000
filtered : 6496377.000000
time : 1.316785
