Parameters: GAD=1 vflib=1 dir=0 label=0 lowerbound=1 fileNameGp=../../cp2016-max-common-connected-subgraph-paper/datasets/graphsdb/mcs70/bvg/b09/mcs70_b09_s40.A03 fileNameGt=../../cp2016-max-common-connected-subgraph-paper/datasets/graphsdb/mcs70/bvg/b09/mcs70_b09_s40.B03
Reading graphs...
40 :  178
40 :  179
Initializing...
maxdom : 40
D->valSize : 1600
Solving...
currentSize : 19 <-- 0.031471 s
currentSize : 22 <-- 0.031725 s
currentSize : 23 <-- 0.032797 s
currentSize : 24 <-- 22.211603 s
currentSize : 25 <-- 47.500099 s
currentSize : 26 <-- 58.905727 s
currentSize : 27 <-- 58.905788 s
currentSize : 28 <-- 109.071877 s
currentSize : 29 <-- 132.866501 s

maxsize : 29
nodes : 20800071.000000
filtered : 1014749426.000000
time : 166.533295
