Parameters: GAD=1 vflib=1 dir=0 label=0 lowerbound=1 fileNameGp=../../cp2016-max-common-connected-subgraph-paper/datasets/graphsdb/mcs70/bvg/b03m/mcs70_b03m_s30.A06 fileNameGt=../../cp2016-max-common-connected-subgraph-paper/datasets/graphsdb/mcs70/bvg/b03m/mcs70_b03m_s30.B06
Reading graphs...
30 :  44
30 :  44
Initializing...
maxdom : 30
D->valSize : 900
Solving...
currentSize : 12 <-- 0.011185 s
currentSize : 13 <-- 0.011789 s
currentSize : 15 <-- 0.012720 s
currentSize : 16 <-- 0.013467 s
currentSize : 17 <-- 0.018413 s
currentSize : 18 <-- 0.038384 s
currentSize : 19 <-- 0.117192 s
currentSize : 20 <-- 2.729965 s
currentSize : 21 <-- 6.025378 s
currentSize : 22 <-- 6.397572 s

maxsize : 22
nodes : 5370111.000000
filtered : 102806194.000000
time : 23.853100
