Parameters: GAD=1 vflib=1 dir=0 label=0 lowerbound=1 fileNameGp=../../cp2016-max-common-connected-subgraph-paper/datasets/graphsdb/mcs70/bvg/b03/mcs70_b03_s40.A00 fileNameGt=../../cp2016-max-common-connected-subgraph-paper/datasets/graphsdb/mcs70/bvg/b03/mcs70_b03_s40.B00
Reading graphs...
40 :  60
40 :  60
Initializing...
maxdom : 40
D->valSize : 1600
Solving...
currentSize : 17 <-- 0.036145 s
currentSize : 18 <-- 0.036166 s
currentSize : 22 <-- 0.036320 s
currentSize : 23 <-- 0.036338 s
currentSize : 24 <-- 0.040880 s
currentSize : 25 <-- 0.145973 s
currentSize : 26 <-- 0.363586 s
currentSize : 27 <-- 1.203020 s
currentSize : 28 <-- 10.286579 s
currentSize : 29 <-- 115.147675 s
currentSize : 30 <-- 117.055290 s
currentSize : 31 <-- 117.057716 s
currentSize : 32 <-- 212.066116 s
currentSize : 33 <-- 264.871887 s

maxsize : 33
nodes : 41767402.000000
filtered : 1151593777.000000
time : 282.389404
