Parameters: GAD=1 vflib=1 dir=0 label=0 lowerbound=1 fileNameGp=../../cp2016-max-common-connected-subgraph-paper/datasets/graphsdb/mcs70/m3D/m3Dr6/mcs70_m3Dr6_s40.A03 fileNameGt=../../cp2016-max-common-connected-subgraph-paper/datasets/graphsdb/mcs70/m3D/m3Dr6/mcs70_m3Dr6_s40.B03
Reading graphs...
40 :  106
40 :  101
Initializing...
maxdom : 40
D->valSize : 1600
Solving...
currentSize : 15 <-- 0.034394 s
currentSize : 16 <-- 0.034415 s
currentSize : 17 <-- 0.034667 s
currentSize : 18 <-- 0.041839 s
currentSize : 19 <-- 0.042408 s
currentSize : 20 <-- 0.043204 s
currentSize : 21 <-- 0.074946 s
currentSize : 22 <-- 3.102361 s
currentSize : 23 <-- 3.810286 s

TIMEOUT
maxsize : 23
nodes : 184961383.000000
filtered : 4065340714.000000
time : 1000.000000
