Parameters: GAD=1 vflib=1 dir=0 label=0 lowerbound=1 fileNameGp=../../cp2016-max-common-connected-subgraph-paper/datasets/graphsdb/mcs70/bvg/b03/mcs70_b03_s40.A01 fileNameGt=../../cp2016-max-common-connected-subgraph-paper/datasets/graphsdb/mcs70/bvg/b03/mcs70_b03_s40.B01
Reading graphs...
40 :  60
40 :  60
Initializing...
maxdom : 40
D->valSize : 1600
Solving...
currentSize : 25 <-- 0.063353 s
currentSize : 26 <-- 0.063685 s
currentSize : 27 <-- 0.064056 s
currentSize : 28 <-- 0.070443 s
currentSize : 30 <-- 2.387918 s
currentSize : 31 <-- 12.245834 s
currentSize : 32 <-- 21.960243 s

maxsize : 32
nodes : 16159105.000000
filtered : 589269267.000000
time : 131.169205
