Parameters: GAD=1 vflib=1 dir=0 label=0 lowerbound=1 fileNameGp=../../cp2016-max-common-connected-subgraph-paper/datasets/graphsdb/mcs70/m2D/m2Dr4/mcs70_m2Dr4_s35.A02 fileNameGt=../../cp2016-max-common-connected-subgraph-paper/datasets/graphsdb/mcs70/m2D/m2Dr4/mcs70_m2Dr4_s35.B02
Reading graphs...
35 :  72
35 :  72
Initializing...
maxdom : 35
D->valSize : 1225
Solving...
currentSize : 18 <-- 0.035591 s
currentSize : 19 <-- 0.036210 s
currentSize : 20 <-- 0.062427 s
currentSize : 21 <-- 1.582339 s
currentSize : 22 <-- 1.597376 s
currentSize : 23 <-- 956.053162 s
currentSize : 24 <-- 956.053955 s
currentSize : 25 <-- 956.752930 s

TIMEOUT
maxsize : 25
nodes : 197290039.000000
filtered : 4205848753.000000
time : 1000.000061
