Parameters: GAD=1 vflib=1 dir=0 label=0 lowerbound=1 fileNameGp=../../cp2016-max-common-connected-subgraph-paper/datasets/graphsdb/mcs70/bvg/b09/mcs70_b09_s40.A05 fileNameGt=../../cp2016-max-common-connected-subgraph-paper/datasets/graphsdb/mcs70/bvg/b09/mcs70_b09_s40.B05
Reading graphs...
40 :  179
40 :  178
Initializing...
maxdom : 40
D->valSize : 1600
Solving...
currentSize : 12 <-- 0.031329 s
currentSize : 13 <-- 0.031349 s
currentSize : 14 <-- 0.031875 s
currentSize : 16 <-- 0.034375 s
currentSize : 17 <-- 0.034539 s
currentSize : 20 <-- 0.035043 s
currentSize : 22 <-- 0.059159 s
currentSize : 24 <-- 2.606447 s
currentSize : 26 <-- 3.056687 s
currentSize : 27 <-- 3.057342 s
currentSize : 28 <-- 3.057464 s
currentSize : 29 <-- 30.826200 s

maxsize : 29
nodes : 7168935.000000
filtered : 404683778.000000
time : 60.384716
