Parameters: GAD=1 vflib=1 dir=0 label=0 lowerbound=1 fileNameGp=../../cp2016-max-common-connected-subgraph-paper/datasets/graphsdb/mcs70/bvg/b06m/mcs70_b06m_s50.A04 fileNameGt=../../cp2016-max-common-connected-subgraph-paper/datasets/graphsdb/mcs70/bvg/b06m/mcs70_b06m_s50.B04
Reading graphs...
50 :  147
50 :  148
Initializing...
maxdom : 50
D->valSize : 2500
Solving...
currentSize : 21 <-- 0.159056 s
currentSize : 22 <-- 0.159567 s
currentSize : 23 <-- 0.159579 s
currentSize : 24 <-- 0.162980 s
currentSize : 25 <-- 1.052290 s
currentSize : 26 <-- 3.309081 s
currentSize : 27 <-- 3.389072 s

TIMEOUT
maxsize : 27
nodes : 153660443.000000
filtered : 3762173772.000000
time : 1000.000061
