Parameters: GAD=1 vflib=1 dir=0 label=0 lowerbound=1 fileNameGp=../../cp2016-max-common-connected-subgraph-paper/datasets/graphsdb/mcs70/bvg/b09/mcs70_b09_s30.A05 fileNameGt=../../cp2016-max-common-connected-subgraph-paper/datasets/graphsdb/mcs70/bvg/b09/mcs70_b09_s30.B05
Reading graphs...
30 :  129
30 :  135
Initializing...
maxdom : 30
D->valSize : 900
Solving...
currentSize : 12 <-- 0.010253 s
currentSize : 13 <-- 0.010404 s
currentSize : 14 <-- 0.010532 s
currentSize : 15 <-- 0.010980 s
currentSize : 16 <-- 0.011207 s
currentSize : 17 <-- 0.011347 s
currentSize : 18 <-- 0.401457 s
currentSize : 20 <-- 0.462363 s
currentSize : 21 <-- 1.268806 s

maxsize : 21
nodes : 1002946.000000
filtered : 31398909.000000
time : 5.654503
