Parameters: GAD=1 vflib=1 dir=0 label=0 lowerbound=1 fileNameGp=../../cp2016-max-common-connected-subgraph-paper/datasets/graphsdb/mcs70/bvg/b06/mcs70_b06_s40.A05 fileNameGt=../../cp2016-max-common-connected-subgraph-paper/datasets/graphsdb/mcs70/bvg/b06/mcs70_b06_s40.B05
Reading graphs...
40 :  118
40 :  120
Initializing...
maxdom : 40
D->valSize : 1600
Solving...
currentSize : 17 <-- 0.058166 s
currentSize : 18 <-- 0.058243 s
currentSize : 19 <-- 0.058359 s
currentSize : 20 <-- 0.060398 s
currentSize : 21 <-- 0.060890 s
currentSize : 22 <-- 0.210049 s
currentSize : 23 <-- 0.260992 s
currentSize : 24 <-- 0.285251 s
currentSize : 25 <-- 0.922011 s
currentSize : 26 <-- 0.922203 s
currentSize : 27 <-- 0.922528 s
currentSize : 28 <-- 5.792786 s
currentSize : 29 <-- 5.797559 s
currentSize : 30 <-- 7.115901 s

maxsize : 30
nodes : 11597146.000000
filtered : 666500842.000000
time : 105.910767
