Parameters: GAD=1 vflib=1 dir=0 label=0 lowerbound=1 fileNameGp=../../cp2016-max-common-connected-subgraph-paper/datasets/graphsdb/mcs70/bvg/b09m/mcs70_b09m_s25.A07 fileNameGt=../../cp2016-max-common-connected-subgraph-paper/datasets/graphsdb/mcs70/bvg/b09m/mcs70_b09m_s25.B07
Reading graphs...
25 :  105
25 :  108
Initializing...
maxdom : 25
D->valSize : 625
Solving...
currentSize : 8 <-- 0.007807 s
currentSize : 9 <-- 0.008005 s
currentSize : 10 <-- 0.008060 s
currentSize : 11 <-- 0.013445 s
currentSize : 12 <-- 0.020448 s
currentSize : 13 <-- 0.225784 s
currentSize : 14 <-- 1.352076 s
currentSize : 15 <-- 1.352110 s
currentSize : 16 <-- 2.128708 s

maxsize : 16
nodes : 799287.000000
filtered : 14346594.000000
time : 3.502871
