Parameters: GAD=1 vflib=1 dir=0 label=0 lowerbound=1 fileNameGp=../../cp2016-max-common-connected-subgraph-paper/datasets/graphsdb/mcs70/m2D/m2D/mcs70_m2D_s35.A03 fileNameGt=../../cp2016-max-common-connected-subgraph-paper/datasets/graphsdb/mcs70/m2D/m2D/mcs70_m2D_s35.B03
Reading graphs...
35 :  58
35 :  58
Initializing...
maxdom : 35
D->valSize : 1225
Solving...
currentSize : 18 <-- 0.036156 s
currentSize : 19 <-- 0.036299 s
currentSize : 20 <-- 0.036383 s
currentSize : 21 <-- 0.037393 s
currentSize : 22 <-- 0.042270 s
currentSize : 23 <-- 0.055524 s
currentSize : 24 <-- 0.056079 s
currentSize : 26 <-- 0.067649 s
currentSize : 27 <-- 0.088740 s

maxsize : 27
nodes : 4071840.000000
filtered : 150305030.000000
time : 30.488983
