Parameters: GAD=1 vflib=1 dir=0 label=0 lowerbound=1 fileNameGp=../../cp2016-max-common-connected-subgraph-paper/datasets/graphsdb/mcs70/rand/r01/mcs70_r01_s40.A01 fileNameGt=../../cp2016-max-common-connected-subgraph-paper/datasets/graphsdb/mcs70/rand/r01/mcs70_r01_s40.B01
Reading graphs...
40 :  146
40 :  147
Initializing...
maxdom : 40
D->valSize : 1600
Solving...
currentSize : 12 <-- 0.032635 s
currentSize : 13 <-- 0.032899 s
currentSize : 14 <-- 0.032908 s
currentSize : 16 <-- 0.034584 s
currentSize : 17 <-- 0.035319 s
currentSize : 18 <-- 0.068180 s
currentSize : 19 <-- 0.196942 s
currentSize : 20 <-- 1.354044 s
currentSize : 21 <-- 98.720650 s

TIMEOUT
maxsize : 21
nodes : 180073374.000000
filtered : 3986464232.000000
time : 1000.000061
