Parameters: GAD=1 vflib=1 dir=0 label=0 lowerbound=1 fileNameGp=../../cp2016-max-common-connected-subgraph-paper/datasets/graphsdb/mcs70/bvg/b06/mcs70_b06_s35.A01 fileNameGt=../../cp2016-max-common-connected-subgraph-paper/datasets/graphsdb/mcs70/bvg/b06/mcs70_b06_s35.B01
Reading graphs...
35 :  104
35 :  105
Initializing...
maxdom : 35
D->valSize : 1225
Solving...
currentSize : 17 <-- 0.036039 s
currentSize : 18 <-- 0.037424 s
currentSize : 19 <-- 0.038375 s
currentSize : 20 <-- 0.060440 s
currentSize : 21 <-- 0.061445 s
currentSize : 22 <-- 0.121727 s
currentSize : 23 <-- 0.123774 s
currentSize : 24 <-- 2.555223 s
currentSize : 25 <-- 4.136771 s
currentSize : 26 <-- 26.658297 s

maxsize : 26
nodes : 5887926.000000
filtered : 238344670.000000
time : 40.423279
