Parameters: GAD=1 vflib=1 dir=0 label=0 lowerbound=1 fileNameGp=../../cp2016-max-common-connected-subgraph-paper/datasets/graphsdb/mcs70/m3D/m3D/mcs70_m3D_s35.A08 fileNameGt=../../cp2016-max-common-connected-subgraph-paper/datasets/graphsdb/mcs70/m3D/m3D/mcs70_m3D_s35.B08
Reading graphs...
35 :  72
35 :  72
Initializing...
maxdom : 35
D->valSize : 1225
Solving...
currentSize : 19 <-- 0.020336 s
currentSize : 20 <-- 0.020486 s
currentSize : 21 <-- 0.026499 s
currentSize : 22 <-- 0.046926 s
currentSize : 23 <-- 0.059871 s
currentSize : 24 <-- 0.330911 s
currentSize : 25 <-- 3.142693 s
currentSize : 26 <-- 79.304680 s
currentSize : 27 <-- 116.845551 s
currentSize : 28 <-- 117.023720 s
currentSize : 29 <-- 118.454285 s

maxsize : 29
nodes : 18984993.000000
filtered : 596944762.000000
time : 119.645393
