Parameters: GAD=1 vflib=1 dir=0 label=0 lowerbound=1 fileNameGp=../../cp2016-max-common-connected-subgraph-paper/datasets/graphsdb/mcs70/bvg/b06m/mcs70_b06m_s40.A03 fileNameGt=../../cp2016-max-common-connected-subgraph-paper/datasets/graphsdb/mcs70/bvg/b06m/mcs70_b06m_s40.B03
Reading graphs...
40 :  115
40 :  115
Initializing...
maxdom : 40
D->valSize : 1600
Solving...
currentSize : 14 <-- 0.054749 s
currentSize : 18 <-- 0.054811 s
currentSize : 19 <-- 0.063204 s
currentSize : 20 <-- 0.084755 s
currentSize : 21 <-- 20.050673 s
currentSize : 22 <-- 26.769880 s
currentSize : 23 <-- 93.579292 s

TIMEOUT
maxsize : 23
nodes : 168388437.000000
filtered : 4596004549.000000
time : 1000.000061
