Parameters: GAD=1 vflib=1 dir=0 label=0 lowerbound=1 fileNameGp=../../cp2016-max-common-connected-subgraph-paper/datasets/graphsdb/mcs70/m3D/m3Dr6/mcs70_m3Dr6_s35.A03 fileNameGt=../../cp2016-max-common-connected-subgraph-paper/datasets/graphsdb/mcs70/m3D/m3Dr6/mcs70_m3Dr6_s35.B03
Reading graphs...
35 :  89
35 :  88
Initializing...
maxdom : 35
D->valSize : 1225
Solving...
currentSize : 17 <-- 0.031175 s
currentSize : 18 <-- 0.042299 s
currentSize : 19 <-- 0.042464 s
currentSize : 20 <-- 0.530488 s
currentSize : 21 <-- 2.717152 s
currentSize : 22 <-- 18.821722 s
currentSize : 23 <-- 18.850391 s
currentSize : 24 <-- 44.067112 s
currentSize : 26 <-- 44.067745 s
currentSize : 27 <-- 44.068558 s

maxsize : 27
nodes : 8575030.000000
filtered : 247130677.000000
time : 50.009373
