Parameters: GAD=1 vflib=1 dir=0 label=0 lowerbound=1 fileNameGp=../../cp2016-max-common-connected-subgraph-paper/datasets/graphsdb/mcs70/bvg/b03/mcs70_b03_s35.A03 fileNameGt=../../cp2016-max-common-connected-subgraph-paper/datasets/graphsdb/mcs70/bvg/b03/mcs70_b03_s35.B03
Reading graphs...
35 :  52
35 :  52
Initializing...
maxdom : 35
D->valSize : 1225
Solving...
currentSize : 11 <-- 0.020800 s
currentSize : 21 <-- 0.020876 s
currentSize : 22 <-- 0.020962 s
currentSize : 23 <-- 0.021049 s
currentSize : 24 <-- 0.032738 s
currentSize : 25 <-- 0.072400 s
currentSize : 27 <-- 3.107772 s
currentSize : 28 <-- 3.967799 s
currentSize : 30 <-- 7.423431 s

maxsize : 30
nodes : 1416863.000000
filtered : 34690385.000000
time : 8.271586
