Parameters: GAD=1 vflib=1 dir=0 label=0 lowerbound=1 fileNameGp=../../cp2016-max-common-connected-subgraph-paper/datasets/graphsdb/mcs70/bvg/b03m/mcs70_b03m_s30.A05 fileNameGt=../../cp2016-max-common-connected-subgraph-paper/datasets/graphsdb/mcs70/bvg/b03m/mcs70_b03m_s30.B05
Reading graphs...
30 :  45
30 :  45
Initializing...
maxdom : 30
D->valSize : 900
Solving...
currentSize : 11 <-- 0.019439 s
currentSize : 15 <-- 0.019540 s
currentSize : 16 <-- 0.019611 s
currentSize : 17 <-- 0.125982 s
currentSize : 18 <-- 0.126878 s
currentSize : 19 <-- 0.181965 s
currentSize : 20 <-- 3.982917 s
currentSize : 21 <-- 8.442120 s
currentSize : 22 <-- 41.574673 s

maxsize : 22
nodes : 12078100.000000
filtered : 207761988.000000
time : 52.933872
