Parameters: GAD=1 vflib=1 dir=0 label=0 lowerbound=1 fileNameGp=../../cp2016-max-common-connected-subgraph-paper/datasets/graphsdb/mcs70/m2D/m2Dr2/mcs70_m2Dr2_s35.A03 fileNameGt=../../cp2016-max-common-connected-subgraph-paper/datasets/graphsdb/mcs70/m2D/m2Dr2/mcs70_m2Dr2_s35.B03
Reading graphs...
35 :  65
35 :  65
Initializing...
maxdom : 35
D->valSize : 1225
Solving...
currentSize : 17 <-- 0.020276 s
currentSize : 18 <-- 0.030321 s
currentSize : 19 <-- 0.030633 s
currentSize : 20 <-- 1.000126 s
currentSize : 21 <-- 5.121160 s
currentSize : 22 <-- 5.126133 s
currentSize : 23 <-- 13.336917 s
currentSize : 24 <-- 220.284210 s
currentSize : 25 <-- 558.899414 s
currentSize : 26 <-- 558.900330 s
currentSize : 27 <-- 558.900635 s
currentSize : 28 <-- 558.900696 s

maxsize : 28
nodes : 103633690.000000
filtered : 2424500592.000000
time : 563.616882
