Parameters: GAD=1 vflib=1 dir=0 label=0 lowerbound=1 fileNameGp=../../cp2016-max-common-connected-subgraph-paper/datasets/graphsdb/mcs70/m2D/m2Dr6/mcs70_m2Dr6_s25.A02 fileNameGt=../../cp2016-max-common-connected-subgraph-paper/datasets/graphsdb/mcs70/m2D/m2Dr6/mcs70_m2Dr6_s25.B02
Reading graphs...
25 :  52
25 :  51
Initializing...
maxdom : 25
D->valSize : 625
Solving...
currentSize : 11 <-- 0.005101 s
currentSize : 12 <-- 0.005129 s
currentSize : 13 <-- 0.005679 s
currentSize : 14 <-- 0.005959 s
currentSize : 15 <-- 0.006602 s
currentSize : 16 <-- 0.028190 s
currentSize : 17 <-- 2.124161 s

maxsize : 17
nodes : 1363016.000000
filtered : 26416431.000000
time : 5.702858
