Parameters: GAD=1 vflib=1 dir=0 label=0 lowerbound=1 fileNameGp=../../cp2016-max-common-connected-subgraph-paper/datasets/graphsdb/mcs70/bvg/b09m/mcs70_b09m_s35.A09 fileNameGt=../../cp2016-max-common-connected-subgraph-paper/datasets/graphsdb/mcs70/bvg/b09m/mcs70_b09m_s35.B09
Reading graphs...
35 :  151
35 :  153
Initializing...
maxdom : 35
D->valSize : 1225
Solving...
currentSize : 12 <-- 0.018219 s
currentSize : 13 <-- 0.018444 s
currentSize : 14 <-- 0.020138 s
currentSize : 15 <-- 0.029282 s
currentSize : 16 <-- 0.509633 s
currentSize : 17 <-- 13.204723 s
currentSize : 18 <-- 592.596680 s
currentSize : 19 <-- 797.105713 s
currentSize : 24 <-- 798.933350 s

maxsize : 24
nodes : 160720298.000000
filtered : 3268174358.000000
time : 814.177307
