Parameters: GAD=1 vflib=1 dir=0 label=0 lowerbound=1 fileNameGp=../../cp2016-max-common-connected-subgraph-paper/datasets/graphsdb/mcs70/m2D/m2Dr4/mcs70_m2Dr4_s25.A03 fileNameGt=../../cp2016-max-common-connected-subgraph-paper/datasets/graphsdb/mcs70/m2D/m2Dr4/mcs70_m2Dr4_s25.B03
Reading graphs...
25 :  50
25 :  49
Initializing...
maxdom : 25
D->valSize : 625
Solving...
currentSize : 11 <-- 0.008130 s
currentSize : 12 <-- 0.008146 s
currentSize : 13 <-- 0.008380 s
currentSize : 14 <-- 0.009906 s
currentSize : 15 <-- 0.012690 s
currentSize : 16 <-- 0.064037 s
currentSize : 17 <-- 0.152791 s

maxsize : 17
nodes : 1732961.000000
filtered : 31735737.000000
time : 7.218654
