Parameters: GAD=1 vflib=1 dir=0 label=0 lowerbound=1 fileNameGp=../../cp2016-max-common-connected-subgraph-paper/datasets/graphsdb/mcs70/m3D/m3Dr6/mcs70_m3Dr6_s40.A06 fileNameGt=../../cp2016-max-common-connected-subgraph-paper/datasets/graphsdb/mcs70/m3D/m3Dr6/mcs70_m3Dr6_s40.B06
Reading graphs...
40 :  104
40 :  107
Initializing...
maxdom : 40
D->valSize : 1600
Solving...
currentSize : 17 <-- 0.034717 s
currentSize : 18 <-- 0.034776 s
currentSize : 19 <-- 0.035817 s
currentSize : 20 <-- 0.037582 s
currentSize : 21 <-- 0.039120 s
currentSize : 22 <-- 0.042345 s
currentSize : 23 <-- 58.635536 s
currentSize : 24 <-- 825.453796 s

TIMEOUT
maxsize : 24
nodes : 181613394.000000
filtered : 4073923832.000000
time : 1000.000061
