Parameters: GAD=1 vflib=1 dir=0 label=0 lowerbound=1 fileNameGp=../../cp2016-max-common-connected-subgraph-paper/datasets/graphsdb/mcs70/bvg/b06/mcs70_b06_s40.A01 fileNameGt=../../cp2016-max-common-connected-subgraph-paper/datasets/graphsdb/mcs70/bvg/b06/mcs70_b06_s40.B01
Reading graphs...
40 :  119
40 :  120
Initializing...
maxdom : 40
D->valSize : 1600
Solving...
currentSize : 17 <-- 0.033497 s
currentSize : 18 <-- 0.033930 s
currentSize : 19 <-- 0.059772 s
currentSize : 20 <-- 0.106731 s
currentSize : 21 <-- 0.396830 s
currentSize : 22 <-- 20.041294 s
currentSize : 23 <-- 20.065500 s
currentSize : 24 <-- 20.544058 s
currentSize : 25 <-- 44.315685 s
currentSize : 26 <-- 48.049320 s
currentSize : 27 <-- 50.132057 s
currentSize : 28 <-- 51.186569 s
currentSize : 29 <-- 54.938427 s

maxsize : 29
nodes : 34369589.000000
filtered : 1531710674.000000
time : 269.885132
