Parameters: GAD=1 vflib=1 dir=0 label=0 lowerbound=1 fileNameGp=../../cp2016-max-common-connected-subgraph-paper/datasets/graphsdb/mcs70/m3D/m3Dr4/mcs70_m3Dr4_s40.A05 fileNameGt=../../cp2016-max-common-connected-subgraph-paper/datasets/graphsdb/mcs70/m3D/m3Dr4/mcs70_m3Dr4_s40.B05
Reading graphs...
40 :  99
40 :  97
Initializing...
maxdom : 40
D->valSize : 1600
Solving...
currentSize : 15 <-- 0.034968 s
currentSize : 16 <-- 0.035720 s
currentSize : 17 <-- 0.037137 s
currentSize : 18 <-- 0.075379 s
currentSize : 19 <-- 0.427168 s
currentSize : 20 <-- 3.458077 s
currentSize : 21 <-- 5.060791 s
currentSize : 22 <-- 9.225427 s
currentSize : 23 <-- 50.085304 s
currentSize : 24 <-- 540.849792 s

TIMEOUT
maxsize : 24
nodes : 179582358.000000
filtered : 4037602567.000000
time : 1000.000000
