Parameters: GAD=1 vflib=1 dir=0 label=0 lowerbound=1 fileNameGp=../../cp2016-max-common-connected-subgraph-paper/datasets/graphsdb/mcs70/m2D/m2Dr4/mcs70_m2Dr4_s50.A00 fileNameGt=../../cp2016-max-common-connected-subgraph-paper/datasets/graphsdb/mcs70/m2D/m2Dr4/mcs70_m2Dr4_s50.B00
Reading graphs...
50 :  105
50 :  103
Initializing...
maxdom : 50
D->valSize : 2500
Solving...
currentSize : 22 <-- 0.094520 s
currentSize : 24 <-- 0.094556 s
currentSize : 25 <-- 0.094704 s
currentSize : 26 <-- 0.095232 s
currentSize : 27 <-- 0.105329 s
currentSize : 28 <-- 0.325969 s
currentSize : 29 <-- 2.335132 s
currentSize : 30 <-- 2.391534 s
currentSize : 31 <-- 217.712189 s
currentSize : 32 <-- 359.415100 s

TIMEOUT
maxsize : 32
nodes : 147903644.000000
filtered : 3956351455.000000
time : 1000.000061
