Parameters: GAD=1 vflib=1 dir=0 label=0 lowerbound=1 fileNameGp=../../cp2016-max-common-connected-subgraph-paper/datasets/graphsdb/mcs70/m2D/m2Dr4/mcs70_m2Dr4_s40.A01 fileNameGt=../../cp2016-max-common-connected-subgraph-paper/datasets/graphsdb/mcs70/m2D/m2Dr4/mcs70_m2Dr4_s40.B01
Reading graphs...
40 :  82
40 :  82
Initializing...
maxdom : 40
D->valSize : 1600
Solving...
currentSize : 18 <-- 0.035640 s
currentSize : 20 <-- 0.036077 s
currentSize : 21 <-- 0.037125 s
currentSize : 22 <-- 0.222276 s
currentSize : 23 <-- 2.028065 s
currentSize : 24 <-- 4.851516 s
currentSize : 25 <-- 42.731956 s
currentSize : 26 <-- 340.599976 s

TIMEOUT
maxsize : 26
nodes : 171400226.000000
filtered : 3799628550.000000
time : 1000.000061
