Parameters: GAD=1 vflib=1 dir=0 label=0 lowerbound=1 fileNameGp=../../cp2016-max-common-connected-subgraph-paper/datasets/graphsdb/mcs70/m2D/m2Dr2/mcs70_m2Dr2_s40.A04 fileNameGt=../../cp2016-max-common-connected-subgraph-paper/datasets/graphsdb/mcs70/m2D/m2Dr2/mcs70_m2Dr2_s40.B04
Reading graphs...
40 :  75
40 :  74
Initializing...
maxdom : 40
D->valSize : 1600
Solving...
currentSize : 21 <-- 0.036201 s
currentSize : 22 <-- 0.036300 s
currentSize : 23 <-- 0.037100 s
currentSize : 24 <-- 0.630067 s
currentSize : 25 <-- 3.230288 s
currentSize : 26 <-- 14.432659 s
currentSize : 27 <-- 25.527256 s

TIMEOUT
maxsize : 27
nodes : 162625819.000000
filtered : 4391218810.000000
time : 1000.000000
