Parameters: GAD=1 vflib=1 dir=0 label=0 lowerbound=1 fileNameGp=../../cp2016-max-common-connected-subgraph-paper/datasets/graphsdb/mcs70/m3D/m3Dr6/mcs70_m3Dr6_s35.A06 fileNameGt=../../cp2016-max-common-connected-subgraph-paper/datasets/graphsdb/mcs70/m3D/m3Dr6/mcs70_m3Dr6_s35.B06
Reading graphs...
35 :  92
35 :  91
Initializing...
maxdom : 35
D->valSize : 1225
Solving...
currentSize : 12 <-- 0.034917 s
currentSize : 13 <-- 0.035018 s
currentSize : 14 <-- 0.035244 s
currentSize : 15 <-- 0.035476 s
currentSize : 16 <-- 0.035516 s
currentSize : 17 <-- 0.047720 s
currentSize : 18 <-- 0.053364 s
currentSize : 19 <-- 0.157798 s
currentSize : 20 <-- 4.172210 s
currentSize : 21 <-- 22.529812 s
currentSize : 22 <-- 39.016529 s
currentSize : 23 <-- 211.476913 s
currentSize : 24 <-- 239.339081 s
currentSize : 25 <-- 239.339157 s
currentSize : 27 <-- 239.339249 s

maxsize : 27
nodes : 43648307.000000
filtered : 1180002234.000000
time : 248.028870
