Parameters: GAD=1 vflib=1 dir=0 label=0 lowerbound=1 fileNameGp=../../cp2016-max-common-connected-subgraph-paper/datasets/graphsdb/mcs70/bvg/b06/mcs70_b06_s50.A08 fileNameGt=../../cp2016-max-common-connected-subgraph-paper/datasets/graphsdb/mcs70/bvg/b06/mcs70_b06_s50.B08
Reading graphs...
50 :  149
50 :  149
Initializing...
maxdom : 50
D->valSize : 2500
Solving...
currentSize : 24 <-- 0.090847 s
currentSize : 25 <-- 0.090871 s
currentSize : 26 <-- 0.091595 s
currentSize : 27 <-- 0.091609 s
currentSize : 28 <-- 0.094658 s
currentSize : 29 <-- 0.095000 s
currentSize : 30 <-- 0.484814 s
currentSize : 31 <-- 0.498083 s
currentSize : 34 <-- 67.260902 s
currentSize : 35 <-- 67.435471 s
currentSize : 36 <-- 196.029175 s
currentSize : 37 <-- 196.057709 s

TIMEOUT
maxsize : 37
nodes : 83308391.000000
filtered : 5984530785.000000
time : 1000.000061
