Parameters: GAD=1 vflib=1 dir=0 label=0 lowerbound=1 fileNameGp=../../cp2016-max-common-connected-subgraph-paper/datasets/graphsdb/mcs70/rand/r01/mcs70_r01_s40.A09 fileNameGt=../../cp2016-max-common-connected-subgraph-paper/datasets/graphsdb/mcs70/rand/r01/mcs70_r01_s40.B09
Reading graphs...
40 :  149
40 :  151
Initializing...
maxdom : 40
D->valSize : 1600
Solving...
currentSize : 16 <-- 0.056912 s
currentSize : 17 <-- 0.057353 s
currentSize : 18 <-- 0.059779 s
currentSize : 19 <-- 0.139713 s
currentSize : 20 <-- 1.288696 s
currentSize : 22 <-- 554.086182 s
currentSize : 23 <-- 596.684753 s

TIMEOUT
maxsize : 23
nodes : 176476937.000000
filtered : 4077536092.000000
time : 1000.000000
