Parameters: GAD=1 vflib=1 dir=0 label=0 lowerbound=1 fileNameGp=../../cp2016-max-common-connected-subgraph-paper/datasets/graphsdb/mcs70/m2D/m2Dr2/mcs70_m2Dr2_s35.A07 fileNameGt=../../cp2016-max-common-connected-subgraph-paper/datasets/graphsdb/mcs70/m2D/m2Dr2/mcs70_m2Dr2_s35.B07
Reading graphs...
35 :  65
35 :  63
Initializing...
maxdom : 35
D->valSize : 1225
Solving...
currentSize : 15 <-- 0.036713 s
currentSize : 16 <-- 0.036758 s
currentSize : 19 <-- 0.036903 s
currentSize : 20 <-- 0.039346 s
currentSize : 21 <-- 0.069871 s
currentSize : 22 <-- 0.077839 s
currentSize : 23 <-- 0.206458 s
currentSize : 24 <-- 19.265656 s
currentSize : 25 <-- 68.939201 s
currentSize : 26 <-- 68.964920 s

maxsize : 26
nodes : 22855113.000000
filtered : 699818282.000000
time : 140.805298
