Parameters: GAD=1 vflib=1 dir=0 label=0 lowerbound=1 fileNameGp=../../cp2016-max-common-connected-subgraph-paper/datasets/graphsdb/mcs70/m4D/m4Dr6/mcs70_m4Dr6_s25.A04 fileNameGt=../../cp2016-max-common-connected-subgraph-paper/datasets/graphsdb/mcs70/m4D/m4Dr6/mcs70_m4Dr6_s25.B04
Reading graphs...
25 :  60
25 :  57
Initializing...
maxdom : 25
D->valSize : 625
Solving...
currentSize : 7 <-- 0.008397 s
currentSize : 11 <-- 0.008426 s
currentSize : 12 <-- 0.009215 s
currentSize : 13 <-- 0.013326 s
currentSize : 14 <-- 0.014794 s
currentSize : 15 <-- 0.145499 s
currentSize : 16 <-- 0.874820 s
currentSize : 17 <-- 1.870496 s

maxsize : 17
nodes : 772771.000000
filtered : 15576390.000000
time : 3.211359
