Parameters: GAD=1 vflib=1 dir=0 label=0 lowerbound=1 fileNameGp=../../cp2016-max-common-connected-subgraph-paper/datasets/graphsdb/mcs70/m2D/m2Dr4/mcs70_m2Dr4_s50.A09 fileNameGt=../../cp2016-max-common-connected-subgraph-paper/datasets/graphsdb/mcs70/m2D/m2Dr4/mcs70_m2Dr4_s50.B09
Reading graphs...
50 :  103
50 :  101
Initializing...
maxdom : 50
D->valSize : 2500
Solving...
currentSize : 20 <-- 0.095028 s
currentSize : 21 <-- 0.095090 s
currentSize : 22 <-- 0.096012 s
currentSize : 23 <-- 0.096176 s
currentSize : 25 <-- 0.097527 s
currentSize : 26 <-- 0.250773 s
currentSize : 27 <-- 0.253934 s
currentSize : 28 <-- 1.023892 s
currentSize : 29 <-- 18.350348 s
currentSize : 30 <-- 19.858709 s

TIMEOUT
maxsize : 30
nodes : 165566022.000000
filtered : 3214274188.000000
time : 1000.000061
