Parameters: GAD=1 vflib=1 dir=0 label=0 lowerbound=1 fileNameGp=../../cp2016-max-common-connected-subgraph-paper/datasets/graphsdb/mcs70/rand/r005/mcs70_r005_s50.A02 fileNameGt=../../cp2016-max-common-connected-subgraph-paper/datasets/graphsdb/mcs70/rand/r005/mcs70_r005_s50.B02
Reading graphs...
50 :  119
50 :  118
Initializing...
maxdom : 50
D->valSize : 2500
Solving...
currentSize : 20 <-- 0.093779 s
currentSize : 21 <-- 0.093856 s
currentSize : 22 <-- 0.093909 s
currentSize : 24 <-- 0.096823 s
currentSize : 25 <-- 0.119895 s
currentSize : 26 <-- 0.144100 s
currentSize : 27 <-- 1.887855 s
currentSize : 28 <-- 657.335022 s
currentSize : 29 <-- 916.107544 s

TIMEOUT
maxsize : 29
nodes : 190220095.000000
filtered : 2695077278.000000
time : 1000.000061
