Parameters: GAD=1 vflib=1 dir=0 label=0 lowerbound=1 fileNameGp=../../cp2016-max-common-connected-subgraph-paper/datasets/graphsdb/mcs70/bvg/b03m/mcs70_b03m_s50.A03 fileNameGt=../../cp2016-max-common-connected-subgraph-paper/datasets/graphsdb/mcs70/bvg/b03m/mcs70_b03m_s50.B03
Reading graphs...
50 :  75
50 :  75
Initializing...
maxdom : 50
D->valSize : 2500
Solving...
currentSize : 16 <-- 0.116637 s
currentSize : 17 <-- 0.116739 s
currentSize : 19 <-- 0.116821 s
currentSize : 25 <-- 0.116893 s
currentSize : 27 <-- 0.116977 s
currentSize : 28 <-- 0.119551 s
currentSize : 29 <-- 0.180020 s
currentSize : 30 <-- 2.045494 s
currentSize : 31 <-- 2.045525 s
currentSize : 32 <-- 406.745117 s

TIMEOUT
maxsize : 32
nodes : 213249140.000000
filtered : 2735240592.000000
time : 1000.000061
