Parameters: GAD=1 vflib=1 dir=0 label=0 lowerbound=1 fileNameGp=../../cp2016-max-common-connected-subgraph-paper/datasets/graphsdb/mcs70/bvg/b03/mcs70_b03_s30.A02 fileNameGt=../../cp2016-max-common-connected-subgraph-paper/datasets/graphsdb/mcs70/bvg/b03/mcs70_b03_s30.B02
Reading graphs...
30 :  45
30 :  45
Initializing...
maxdom : 30
D->valSize : 900
Solving...
currentSize : 10 <-- 0.011276 s
currentSize : 14 <-- 0.011317 s
currentSize : 18 <-- 0.011350 s
currentSize : 20 <-- 0.016555 s
currentSize : 21 <-- 0.426344 s
currentSize : 22 <-- 1.049374 s
currentSize : 23 <-- 1.049474 s

maxsize : 23
nodes : 1862944.000000
filtered : 44183428.000000
time : 9.587424
