Parameters: GAD=1 vflib=1 dir=0 label=0 lowerbound=1 fileNameGp=../../cp2016-max-common-connected-subgraph-paper/datasets/graphsdb/mcs70/m2D/m2D/mcs70_m2D_s40.A09 fileNameGt=../../cp2016-max-common-connected-subgraph-paper/datasets/graphsdb/mcs70/m2D/m2D/mcs70_m2D_s40.B09
Reading graphs...
40 :  67
40 :  67
Initializing...
maxdom : 40
D->valSize : 1600
Solving...
currentSize : 21 <-- 0.035778 s
currentSize : 22 <-- 0.037492 s
currentSize : 23 <-- 0.037546 s
currentSize : 24 <-- 0.051215 s
currentSize : 25 <-- 0.086904 s
currentSize : 26 <-- 2.373749 s
currentSize : 27 <-- 18.386080 s
currentSize : 28 <-- 219.000198 s

TIMEOUT
maxsize : 28
nodes : 165142188.000000
filtered : 4363052420.000000
time : 1000.000061
