Parameters: GAD=1 vflib=1 dir=0 label=0 lowerbound=1 fileNameGp=../../cp2016-max-common-connected-subgraph-paper/datasets/graphsdb/mcs70/rand/r02/mcs70_r02_s50.A07 fileNameGt=../../cp2016-max-common-connected-subgraph-paper/datasets/graphsdb/mcs70/rand/r02/mcs70_r02_s50.B07
Reading graphs...
50 :  436
50 :  438
Initializing...
maxdom : 50
D->valSize : 2500
Solving...
currentSize : 13 <-- 0.095164 s
currentSize : 14 <-- 0.101785 s
currentSize : 15 <-- 0.137533 s
currentSize : 16 <-- 1.533738 s
currentSize : 17 <-- 13.084817 s
currentSize : 18 <-- 527.925171 s
currentSize : 20 <-- 527.925171 s
currentSize : 21 <-- 549.027222 s
currentSize : 24 <-- 549.028015 s
currentSize : 27 <-- 584.447144 s
currentSize : 35 <-- 584.447388 s

TIMEOUT
maxsize : 35
nodes : 146666713.000000
filtered : 4291348824.000000
time : 1000.000061
