Parameters: GAD=1 vflib=1 dir=0 label=0 lowerbound=1 fileNameGp=../../cp2016-max-common-connected-subgraph-paper/datasets/graphsdb/mcs70/bvg/b09/mcs70_b09_s35.A02 fileNameGt=../../cp2016-max-common-connected-subgraph-paper/datasets/graphsdb/mcs70/bvg/b09/mcs70_b09_s35.B02
Reading graphs...
35 :  153
35 :  154
Initializing...
maxdom : 35
D->valSize : 1225
Solving...
currentSize : 11 <-- 0.029113 s
currentSize : 12 <-- 0.029186 s
currentSize : 13 <-- 0.029405 s
currentSize : 14 <-- 0.030553 s
currentSize : 15 <-- 0.036487 s
currentSize : 16 <-- 0.176630 s
currentSize : 17 <-- 0.177378 s
currentSize : 18 <-- 0.205235 s
currentSize : 19 <-- 0.551164 s
currentSize : 20 <-- 3.162316 s
currentSize : 21 <-- 3.210503 s
currentSize : 22 <-- 3.288832 s
currentSize : 25 <-- 3.289022 s

maxsize : 25
nodes : 3028110.000000
filtered : 118953377.000000
time : 20.339403
