Parameters: GAD=1 vflib=1 dir=0 label=0 lowerbound=1 fileNameGp=../../cp2016-max-common-connected-subgraph-paper/datasets/graphsdb/mcs70/bvg/b06/mcs70_b06_s50.A05 fileNameGt=../../cp2016-max-common-connected-subgraph-paper/datasets/graphsdb/mcs70/bvg/b06/mcs70_b06_s50.B05
Reading graphs...
50 :  149
50 :  150
Initializing...
maxdom : 50
D->valSize : 2500
Solving...
currentSize : 22 <-- 0.124951 s
currentSize : 23 <-- 0.124976 s
currentSize : 24 <-- 0.125004 s
currentSize : 25 <-- 0.125648 s
currentSize : 27 <-- 0.126403 s
currentSize : 28 <-- 0.127196 s
currentSize : 29 <-- 0.136116 s
currentSize : 30 <-- 0.305727 s
currentSize : 31 <-- 0.442275 s
currentSize : 32 <-- 2.079978 s
currentSize : 33 <-- 2.082831 s
currentSize : 34 <-- 2.084162 s
currentSize : 35 <-- 2.089671 s
currentSize : 36 <-- 136.400436 s
currentSize : 37 <-- 140.881866 s

TIMEOUT
maxsize : 37
nodes : 81179474.000000
filtered : 5678732838.000000
time : 1000.000061
