Parameters: GAD=1 vflib=1 dir=0 label=0 lowerbound=1 fileNameGp=../../cp2016-max-common-connected-subgraph-paper/datasets/graphsdb/mcs70/bvg/b06/mcs70_b06_s35.A09 fileNameGt=../../cp2016-max-common-connected-subgraph-paper/datasets/graphsdb/mcs70/bvg/b06/mcs70_b06_s35.B09
Reading graphs...
35 :  105
35 :  105
Initializing...
maxdom : 35
D->valSize : 1225
Solving...
currentSize : 14 <-- 0.034172 s
currentSize : 15 <-- 0.034249 s
currentSize : 16 <-- 0.036141 s
currentSize : 17 <-- 0.176765 s
currentSize : 18 <-- 0.617448 s
currentSize : 19 <-- 0.736527 s
currentSize : 20 <-- 1.367900 s
currentSize : 21 <-- 2.165698 s
currentSize : 22 <-- 2.737096 s
currentSize : 23 <-- 2.756466 s
currentSize : 24 <-- 2.756988 s
currentSize : 25 <-- 4.761668 s

maxsize : 25
nodes : 6714371.000000
filtered : 281303962.000000
time : 47.330414
