Parameters: GAD=1 vflib=1 dir=0 label=0 lowerbound=1 fileNameGp=../../cp2016-max-common-connected-subgraph-paper/datasets/graphsdb/mcs70/m3D/m3Dr2/mcs70_m3Dr2_s35.A02 fileNameGt=../../cp2016-max-common-connected-subgraph-paper/datasets/graphsdb/mcs70/m3D/m3Dr2/mcs70_m3Dr2_s35.B02
Reading graphs...
35 :  79
35 :  79
Initializing...
maxdom : 35
D->valSize : 1225
Solving...
currentSize : 15 <-- 0.035283 s
currentSize : 16 <-- 0.035312 s
currentSize : 17 <-- 0.037040 s
currentSize : 18 <-- 0.038160 s
currentSize : 19 <-- 0.498349 s
currentSize : 20 <-- 0.699883 s
currentSize : 21 <-- 26.671415 s
currentSize : 22 <-- 41.577896 s
currentSize : 23 <-- 123.335419 s
currentSize : 24 <-- 159.728348 s
currentSize : 25 <-- 268.266083 s
currentSize : 28 <-- 268.266144 s

maxsize : 28
nodes : 49358203.000000
filtered : 1228308128.000000
time : 272.079224
