Parameters: GAD=1 vflib=1 dir=0 label=0 lowerbound=1 fileNameGp=../../cp2016-max-common-connected-subgraph-paper/datasets/graphsdb/mcs70/bvg/b06/mcs70_b06_s40.A03 fileNameGt=../../cp2016-max-common-connected-subgraph-paper/datasets/graphsdb/mcs70/bvg/b06/mcs70_b06_s40.B03
Reading graphs...
40 :  119
40 :  119
Initializing...
maxdom : 40
D->valSize : 1600
Solving...
currentSize : 19 <-- 0.057983 s
currentSize : 21 <-- 0.058032 s
currentSize : 22 <-- 0.059767 s
currentSize : 23 <-- 0.177742 s
currentSize : 24 <-- 13.720347 s
currentSize : 25 <-- 13.720843 s
currentSize : 26 <-- 13.720861 s
currentSize : 27 <-- 13.725035 s
currentSize : 28 <-- 18.091875 s
currentSize : 29 <-- 18.099415 s

maxsize : 29
nodes : 26472012.000000
filtered : 1318950105.000000
time : 220.924088
