Parameters: GAD=1 vflib=1 dir=0 label=0 lowerbound=1 fileNameGp=../../cp2016-max-common-connected-subgraph-paper/datasets/graphsdb/mcs70/rand/r02/mcs70_r02_s35.A03 fileNameGt=../../cp2016-max-common-connected-subgraph-paper/datasets/graphsdb/mcs70/rand/r02/mcs70_r02_s35.B03
Reading graphs...
35 :  211
35 :  207
Initializing...
maxdom : 35
D->valSize : 1225
Solving...
currentSize : 11 <-- 0.017322 s
currentSize : 12 <-- 0.018860 s
currentSize : 13 <-- 0.021042 s
currentSize : 14 <-- 0.301724 s
currentSize : 15 <-- 27.602816 s
currentSize : 16 <-- 165.123917 s
currentSize : 18 <-- 231.068497 s
currentSize : 19 <-- 287.969666 s
currentSize : 20 <-- 430.093506 s
currentSize : 24 <-- 430.094574 s

maxsize : 24
nodes : 90123713.000000
filtered : 1539196518.000000
time : 441.697876
