Parameters: GAD=1 vflib=1 dir=0 label=0 lowerbound=1 fileNameGp=../../cp2016-max-common-connected-subgraph-paper/datasets/graphsdb/mcs70/m3D/m3D/mcs70_m3D_s40.A01 fileNameGt=../../cp2016-max-common-connected-subgraph-paper/datasets/graphsdb/mcs70/m3D/m3D/mcs70_m3D_s40.B01
Reading graphs...
40 :  83
40 :  84
Initializing...
maxdom : 40
D->valSize : 1600
Solving...
currentSize : 20 <-- 0.056776 s
currentSize : 21 <-- 0.058550 s
currentSize : 22 <-- 0.063236 s
currentSize : 23 <-- 0.074226 s
currentSize : 24 <-- 0.075778 s
currentSize : 25 <-- 2.964630 s
currentSize : 26 <-- 18.736065 s
currentSize : 27 <-- 263.538879 s

TIMEOUT
maxsize : 27
nodes : 159482516.000000
filtered : 4778494268.000000
time : 1000.000061
