Parameters: GAD=1 vflib=1 dir=0 label=0 lowerbound=1 fileNameGp=../../cp2016-max-common-connected-subgraph-paper/datasets/graphsdb/mcs70/rand/r01/mcs70_r01_s35.A02 fileNameGt=../../cp2016-max-common-connected-subgraph-paper/datasets/graphsdb/mcs70/rand/r01/mcs70_r01_s35.B02
Reading graphs...
35 :  110
35 :  111
Initializing...
maxdom : 35
D->valSize : 1225
Solving...
currentSize : 13 <-- 0.018928 s
currentSize : 15 <-- 0.018954 s
currentSize : 16 <-- 0.019253 s
currentSize : 17 <-- 0.031858 s
currentSize : 18 <-- 0.071916 s
currentSize : 19 <-- 1.071670 s
currentSize : 20 <-- 13.826456 s
currentSize : 21 <-- 348.878723 s
currentSize : 24 <-- 586.446289 s

maxsize : 24
nodes : 110383011.000000
filtered : 2987788339.000000
time : 635.715332
