Parameters: GAD=1 vflib=1 dir=0 label=0 lowerbound=1 fileNameGp=../../cp2016-max-common-connected-subgraph-paper/datasets/graphsdb/mcs70/bvg/b06/mcs70_b06_s35.A08 fileNameGt=../../cp2016-max-common-connected-subgraph-paper/datasets/graphsdb/mcs70/bvg/b06/mcs70_b06_s35.B08
Reading graphs...
35 :  104
35 :  105
Initializing...
maxdom : 35
D->valSize : 1225
Solving...
currentSize : 14 <-- 0.033429 s
currentSize : 15 <-- 0.035202 s
currentSize : 16 <-- 0.037934 s
currentSize : 17 <-- 0.044474 s
currentSize : 18 <-- 0.051579 s
currentSize : 19 <-- 0.067403 s
currentSize : 20 <-- 3.146009 s
currentSize : 21 <-- 4.962653 s
currentSize : 22 <-- 7.494975 s
currentSize : 23 <-- 7.585240 s
currentSize : 24 <-- 11.744298 s

maxsize : 24
nodes : 12809709.000000
filtered : 461863813.000000
time : 81.459358
