Parameters: GAD=1 vflib=1 dir=0 label=0 lowerbound=1 fileNameGp=../../cp2016-max-common-connected-subgraph-paper/datasets/graphsdb/mcs70/bvg/b09/mcs70_b09_s25.A07 fileNameGt=../../cp2016-max-common-connected-subgraph-paper/datasets/graphsdb/mcs70/bvg/b09/mcs70_b09_s25.B07
Reading graphs...
25 :  110
25 :  110
Initializing...
maxdom : 25
D->valSize : 625
Solving...
currentSize : 9 <-- 0.004533 s
currentSize : 10 <-- 0.004629 s
currentSize : 11 <-- 0.007211 s
currentSize : 12 <-- 0.010480 s
currentSize : 13 <-- 0.010497 s
currentSize : 14 <-- 0.319690 s
currentSize : 15 <-- 2.163222 s
currentSize : 16 <-- 2.696191 s
currentSize : 17 <-- 2.848387 s

maxsize : 17
nodes : 785713.000000
filtered : 13382140.000000
time : 3.316410
