Parameters: GAD=1 vflib=1 dir=0 label=0 lowerbound=1 fileNameGp=../../cp2016-max-common-connected-subgraph-paper/datasets/graphsdb/mcs70/m3D/m3Dr4/mcs70_m3Dr4_s40.A04 fileNameGt=../../cp2016-max-common-connected-subgraph-paper/datasets/graphsdb/mcs70/m3D/m3Dr4/mcs70_m3Dr4_s40.B04
Reading graphs...
40 :  97
40 :  96
Initializing...
maxdom : 40
D->valSize : 1600
Solving...
currentSize : 16 <-- 0.034498 s
currentSize : 17 <-- 0.034541 s
currentSize : 18 <-- 0.034644 s
currentSize : 19 <-- 0.036781 s
currentSize : 21 <-- 0.038013 s
currentSize : 22 <-- 0.045591 s
currentSize : 23 <-- 0.249700 s
currentSize : 24 <-- 60.541702 s
currentSize : 25 <-- 559.302979 s

TIMEOUT
maxsize : 25
nodes : 175895139.000000
filtered : 4069093673.000000
time : 1000.000000
