Parameters: GAD=1 vflib=1 dir=0 label=0 lowerbound=1 fileNameGp=../../cp2016-max-common-connected-subgraph-paper/datasets/graphsdb/mcs70/bvg/b03m/mcs70_b03m_s50.A07 fileNameGt=../../cp2016-max-common-connected-subgraph-paper/datasets/graphsdb/mcs70/bvg/b03m/mcs70_b03m_s50.B07
Reading graphs...
50 :  75
50 :  75
Initializing...
maxdom : 50
D->valSize : 2500
Solving...
currentSize : 24 <-- 0.097799 s
currentSize : 26 <-- 0.097828 s
currentSize : 27 <-- 0.114676 s
currentSize : 28 <-- 1.117267 s
currentSize : 29 <-- 5.360693 s
currentSize : 30 <-- 5.403852 s
currentSize : 31 <-- 183.303802 s
currentSize : 32 <-- 188.060287 s

TIMEOUT
maxsize : 32
nodes : 203626015.000000
filtered : 2651484835.000000
time : 1000.000061
