Parameters: GAD=1 vflib=1 dir=0 label=0 lowerbound=1 fileNameGp=../../cp2016-max-common-connected-subgraph-paper/datasets/graphsdb/mcs70/bvg/b09/mcs70_b09_s50.A04 fileNameGt=../../cp2016-max-common-connected-subgraph-paper/datasets/graphsdb/mcs70/bvg/b09/mcs70_b09_s50.B04
Reading graphs...
50 :  225
50 :  224
Initializing...
maxdom : 50
D->valSize : 2500
Solving...
currentSize : 17 <-- 0.085418 s
currentSize : 18 <-- 0.085490 s
currentSize : 19 <-- 0.086457 s
currentSize : 20 <-- 0.194339 s
currentSize : 21 <-- 0.254156 s
currentSize : 22 <-- 7.642862 s
currentSize : 23 <-- 20.309204 s
currentSize : 25 <-- 157.657532 s
currentSize : 26 <-- 157.686340 s
currentSize : 27 <-- 157.713104 s
currentSize : 28 <-- 157.713715 s
currentSize : 30 <-- 157.860367 s
currentSize : 31 <-- 243.567505 s
currentSize : 32 <-- 243.568314 s
currentSize : 33 <-- 654.402771 s

TIMEOUT
maxsize : 33
nodes : 113191851.000000
filtered : 5724588232.000000
time : 1000.000061
