Parameters: GAD=1 vflib=1 dir=0 label=0 lowerbound=1 fileNameGp=../../cp2016-max-common-connected-subgraph-paper/datasets/graphsdb/mcs70/m3D/m3Dr4/mcs70_m3Dr4_s35.A08 fileNameGt=../../cp2016-max-common-connected-subgraph-paper/datasets/graphsdb/mcs70/m3D/m3Dr4/mcs70_m3Dr4_s35.B08
Reading graphs...
35 :  86
35 :  86
Initializing...
maxdom : 35
D->valSize : 1225
Solving...
currentSize : 14 <-- 0.019774 s
currentSize : 15 <-- 0.019965 s
currentSize : 16 <-- 0.020316 s
currentSize : 17 <-- 0.020617 s
currentSize : 18 <-- 0.022133 s
currentSize : 19 <-- 0.043753 s
currentSize : 20 <-- 0.336496 s
currentSize : 21 <-- 7.091406 s
currentSize : 22 <-- 7.810708 s
currentSize : 23 <-- 14.119770 s
currentSize : 24 <-- 14.167499 s
currentSize : 25 <-- 14.197145 s
currentSize : 28 <-- 14.197199 s

maxsize : 28
nodes : 3493144.000000
filtered : 83894224.000000
time : 18.225504
