Parameters: GAD=1 vflib=1 dir=0 label=0 lowerbound=1 fileNameGp=../../cp2016-max-common-connected-subgraph-paper/datasets/graphsdb/mcs70/m4D/m4Dr4/mcs70_m4Dr4_s25.A08 fileNameGt=../../cp2016-max-common-connected-subgraph-paper/datasets/graphsdb/mcs70/m4D/m4Dr4/mcs70_m4Dr4_s25.B08
Reading graphs...
25 :  56
25 :  55
Initializing...
maxdom : 25
D->valSize : 625
Solving...
currentSize : 11 <-- 0.005048 s
currentSize : 12 <-- 0.005463 s
currentSize : 13 <-- 0.012820 s
currentSize : 14 <-- 0.034801 s
currentSize : 15 <-- 0.153626 s
currentSize : 16 <-- 0.212644 s
currentSize : 17 <-- 0.251969 s

maxsize : 17
nodes : 444183.000000
filtered : 8957260.000000
time : 1.874576
