Parameters: GAD=1 vflib=1 dir=0 label=0 lowerbound=1 fileNameGp=../../cp2016-max-common-connected-subgraph-paper/datasets/graphsdb/mcs70/m2D/m2Dr2/mcs70_m2Dr2_s40.A03 fileNameGt=../../cp2016-max-common-connected-subgraph-paper/datasets/graphsdb/mcs70/m2D/m2Dr2/mcs70_m2Dr2_s40.B03
Reading graphs...
40 :  75
40 :  75
Initializing...
maxdom : 40
D->valSize : 1600
Solving...
currentSize : 18 <-- 0.035474 s
currentSize : 20 <-- 0.035532 s
currentSize : 21 <-- 0.037140 s
currentSize : 22 <-- 0.041111 s
currentSize : 23 <-- 0.081801 s
currentSize : 24 <-- 17.447563 s
currentSize : 25 <-- 21.862389 s

TIMEOUT
maxsize : 25
nodes : 202388874.000000
filtered : 3416967377.000000
time : 1000.000000
