Parameters: GAD=1 vflib=1 dir=0 label=0 lowerbound=1 fileNameGp=../../cp2016-max-common-connected-subgraph-paper/datasets/graphsdb/mcs70/m4D/m4Dr4/mcs70_m4Dr4_s25.A01 fileNameGt=../../cp2016-max-common-connected-subgraph-paper/datasets/graphsdb/mcs70/m4D/m4Dr4/mcs70_m4Dr4_s25.B01
Reading graphs...
25 :  57
25 :  55
Initializing...
maxdom : 25
D->valSize : 625
Solving...
currentSize : 10 <-- 0.005064 s
currentSize : 11 <-- 0.005080 s
currentSize : 12 <-- 0.005102 s
currentSize : 13 <-- 0.005245 s
currentSize : 14 <-- 0.021674 s
currentSize : 15 <-- 0.074797 s
currentSize : 16 <-- 1.116594 s

maxsize : 16
nodes : 2168687.000000
filtered : 38779946.000000
time : 8.670367
