Parameters: GAD=1 vflib=1 dir=0 label=0 lowerbound=1 fileNameGp=../../cp2016-max-common-connected-subgraph-paper/datasets/graphsdb/mcs70/bvg/b09/mcs70_b09_s50.A09 fileNameGt=../../cp2016-max-common-connected-subgraph-paper/datasets/graphsdb/mcs70/bvg/b09/mcs70_b09_s50.B09
Reading graphs...
50 :  222
50 :  222
Initializing...
maxdom : 50
D->valSize : 2500
Solving...
currentSize : 18 <-- 0.086694 s
currentSize : 19 <-- 0.087001 s
currentSize : 20 <-- 0.105301 s
currentSize : 21 <-- 0.105989 s
currentSize : 22 <-- 3.362019 s
currentSize : 23 <-- 18.419727 s
currentSize : 24 <-- 852.524475 s
currentSize : 25 <-- 852.528076 s
currentSize : 26 <-- 852.553528 s
currentSize : 27 <-- 852.555481 s
currentSize : 28 <-- 852.561523 s
currentSize : 29 <-- 852.705078 s
currentSize : 30 <-- 852.810852 s
currentSize : 31 <-- 883.039856 s
currentSize : 32 <-- 931.742126 s
currentSize : 33 <-- 931.742493 s
currentSize : 34 <-- 931.742676 s

TIMEOUT
maxsize : 34
nodes : 156755514.000000
filtered : 3848595978.000000
time : 1000.000061
