Parameters: GAD=1 vflib=1 dir=0 label=0 lowerbound=1 fileNameGp=../../cp2016-max-common-connected-subgraph-paper/datasets/graphsdb/mcs70/m2D/m2D/mcs70_m2D_s40.A02 fileNameGt=../../cp2016-max-common-connected-subgraph-paper/datasets/graphsdb/mcs70/m2D/m2D/mcs70_m2D_s40.B02
Reading graphs...
40 :  67
40 :  67
Initializing...
maxdom : 40
D->valSize : 1600
Solving...
currentSize : 21 <-- 0.035955 s
currentSize : 22 <-- 0.036042 s
currentSize : 23 <-- 0.084166 s
currentSize : 24 <-- 0.201478 s
currentSize : 25 <-- 2.079750 s
currentSize : 26 <-- 2.666276 s
currentSize : 27 <-- 42.174068 s
currentSize : 28 <-- 87.830513 s

TIMEOUT
maxsize : 28
nodes : 159480257.000000
filtered : 4167345301.000000
time : 1000.000061
