Parameters: GAD=1 vflib=1 dir=0 label=0 lowerbound=1 fileNameGp=../../cp2016-max-common-connected-subgraph-paper/datasets/graphsdb/mcs70/bvg/b03m/mcs70_b03m_s50.A05 fileNameGt=../../cp2016-max-common-connected-subgraph-paper/datasets/graphsdb/mcs70/bvg/b03m/mcs70_b03m_s50.B05
Reading graphs...
50 :  74
50 :  74
Initializing...
maxdom : 50
D->valSize : 2500
Solving...
currentSize : 18 <-- 0.098149 s
currentSize : 20 <-- 0.098189 s
currentSize : 22 <-- 0.098242 s
currentSize : 24 <-- 0.098263 s
currentSize : 26 <-- 0.099530 s
currentSize : 27 <-- 0.167709 s
currentSize : 28 <-- 0.240100 s
currentSize : 29 <-- 0.240118 s
currentSize : 30 <-- 1.369653 s
currentSize : 32 <-- 5.409187 s
currentSize : 33 <-- 117.288040 s
currentSize : 34 <-- 441.620758 s

TIMEOUT
maxsize : 34
nodes : 201699102.000000
filtered : 2566070522.000000
time : 1000.000061
