Parameters: GAD=1 vflib=1 dir=0 label=0 lowerbound=1 fileNameGp=../../cp2016-max-common-connected-subgraph-paper/datasets/graphsdb/mcs70/bvg/b06m/mcs70_b06m_s40.A02 fileNameGt=../../cp2016-max-common-connected-subgraph-paper/datasets/graphsdb/mcs70/bvg/b06m/mcs70_b06m_s40.B02
Reading graphs...
40 :  114
40 :  116
Initializing...
maxdom : 40
D->valSize : 1600
Solving...
currentSize : 11 <-- 0.059488 s
currentSize : 12 <-- 0.059524 s
currentSize : 13 <-- 0.059546 s
currentSize : 14 <-- 0.059765 s
currentSize : 15 <-- 0.061133 s
currentSize : 16 <-- 0.061376 s
currentSize : 17 <-- 0.061447 s
currentSize : 18 <-- 0.071991 s
currentSize : 19 <-- 0.157165 s
currentSize : 20 <-- 1.807026 s
currentSize : 21 <-- 3.215978 s
currentSize : 22 <-- 18.649075 s
currentSize : 23 <-- 152.190521 s
currentSize : 24 <-- 305.419464 s

TIMEOUT
maxsize : 24
nodes : 159243519.000000
filtered : 4655754200.000000
time : 1000.000000
