Parameters: GAD=1 vflib=1 dir=0 label=0 lowerbound=1 fileNameGp=../../cp2016-max-common-connected-subgraph-paper/datasets/graphsdb/mcs70/bvg/b09m/mcs70_b09m_s40.A03 fileNameGt=../../cp2016-max-common-connected-subgraph-paper/datasets/graphsdb/mcs70/bvg/b09m/mcs70_b09m_s40.B03
Reading graphs...
40 :  172
40 :  174
Initializing...
maxdom : 40
D->valSize : 1600
Solving...
currentSize : 15 <-- 0.055345 s
currentSize : 16 <-- 0.055397 s
currentSize : 18 <-- 0.056604 s
currentSize : 19 <-- 56.742855 s
currentSize : 20 <-- 60.610401 s
currentSize : 21 <-- 60.610596 s
currentSize : 23 <-- 68.024117 s
currentSize : 24 <-- 78.682426 s
currentSize : 26 <-- 82.813698 s
currentSize : 28 <-- 82.814224 s

maxsize : 28
nodes : 23342289.000000
filtered : 848843866.000000
time : 158.424225
