Parameters: GAD=1 vflib=1 dir=0 label=0 lowerbound=1 fileNameGp=../../cp2016-max-common-connected-subgraph-paper/datasets/graphsdb/mcs70/m2D/m2Dr6/mcs70_m2Dr6_s35.A09 fileNameGt=../../cp2016-max-common-connected-subgraph-paper/datasets/graphsdb/mcs70/m2D/m2Dr6/mcs70_m2Dr6_s35.B09
Reading graphs...
35 :  77
35 :  75
Initializing...
maxdom : 35
D->valSize : 1225
Solving...
currentSize : 16 <-- 0.020206 s
currentSize : 17 <-- 0.020335 s
currentSize : 18 <-- 0.041358 s
currentSize : 19 <-- 0.620418 s
currentSize : 20 <-- 0.698885 s
currentSize : 21 <-- 1.308854 s
currentSize : 22 <-- 57.219337 s
currentSize : 25 <-- 133.706955 s
currentSize : 26 <-- 135.041855 s

maxsize : 26
nodes : 31977321.000000
filtered : 814199892.000000
time : 181.356384
