Parameters: GAD=1 vflib=1 dir=0 label=0 lowerbound=1 fileNameGp=../../cp2016-max-common-connected-subgraph-paper/datasets/graphsdb/mcs70/bvg/b09m/mcs70_b09m_s30.A03 fileNameGt=../../cp2016-max-common-connected-subgraph-paper/datasets/graphsdb/mcs70/bvg/b09m/mcs70_b09m_s30.B03
Reading graphs...
30 :  128
30 :  126
Initializing...
maxdom : 30
D->valSize : 900
Solving...
currentSize : 9 <-- 0.009626 s
currentSize : 10 <-- 0.009703 s
currentSize : 11 <-- 0.010173 s
currentSize : 12 <-- 0.016807 s
currentSize : 13 <-- 0.040834 s
currentSize : 14 <-- 0.085153 s
currentSize : 15 <-- 1.961158 s
currentSize : 17 <-- 12.566834 s
currentSize : 18 <-- 12.567117 s
currentSize : 21 <-- 17.187399 s

maxsize : 21
nodes : 4227372.000000
filtered : 79562514.000000
time : 19.828308
