Parameters: GAD=1 vflib=1 dir=0 label=0 lowerbound=1 fileNameGp=../../cp2016-max-common-connected-subgraph-paper/datasets/graphsdb/mcs70/m2D/m2Dr6/mcs70_m2Dr6_s35.A07 fileNameGt=../../cp2016-max-common-connected-subgraph-paper/datasets/graphsdb/mcs70/m2D/m2Dr6/mcs70_m2Dr6_s35.B07
Reading graphs...
35 :  74
35 :  76
Initializing...
maxdom : 35
D->valSize : 1225
Solving...
currentSize : 17 <-- 0.035502 s
currentSize : 18 <-- 0.035546 s
currentSize : 19 <-- 0.035584 s
currentSize : 20 <-- 0.035890 s
currentSize : 21 <-- 1.149872 s
currentSize : 22 <-- 4.655009 s
currentSize : 23 <-- 33.285877 s
currentSize : 25 <-- 35.233040 s

maxsize : 25
nodes : 46962652.000000
filtered : 1558568820.000000
time : 297.937683
