Parameters: GAD=1 vflib=1 dir=0 label=0 lowerbound=1 fileNameGp=../../cp2016-max-common-connected-subgraph-paper/datasets/graphsdb/mcs70/bvg/b06m/mcs70_b06m_s35.A01 fileNameGt=../../cp2016-max-common-connected-subgraph-paper/datasets/graphsdb/mcs70/bvg/b06m/mcs70_b06m_s35.B01
Reading graphs...
35 :  104
35 :  105
Initializing...
maxdom : 35
D->valSize : 1225
Solving...
currentSize : 16 <-- 0.019394 s
currentSize : 17 <-- 0.056485 s
currentSize : 18 <-- 0.228444 s
currentSize : 19 <-- 0.877600 s
currentSize : 20 <-- 23.154367 s
currentSize : 24 <-- 662.546936 s

maxsize : 24
nodes : 131055459.000000
filtered : 3285888355.000000
time : 721.007751
