Parameters: GAD=1 vflib=1 dir=0 label=0 lowerbound=1 fileNameGp=../../cp2016-max-common-connected-subgraph-paper/datasets/graphsdb/mcs70/m3D/m3D/mcs70_m3D_s35.A01 fileNameGt=../../cp2016-max-common-connected-subgraph-paper/datasets/graphsdb/mcs70/m3D/m3D/mcs70_m3D_s35.B01
Reading graphs...
35 :  72
35 :  72
Initializing...
maxdom : 35
D->valSize : 1225
Solving...
currentSize : 20 <-- 0.020103 s
currentSize : 22 <-- 0.020302 s
currentSize : 23 <-- 0.022512 s
currentSize : 24 <-- 0.026569 s
currentSize : 25 <-- 0.026612 s
currentSize : 27 <-- 0.029711 s
currentSize : 28 <-- 0.073107 s

maxsize : 28
nodes : 2280368.000000
filtered : 82908579.000000
time : 15.287431
