Parameters: GAD=1 vflib=1 dir=0 label=0 lowerbound=1 fileNameGp=../../cp2016-max-common-connected-subgraph-paper/datasets/graphsdb/mcs70/bvg/b09/mcs70_b09_s30.A03 fileNameGt=../../cp2016-max-common-connected-subgraph-paper/datasets/graphsdb/mcs70/bvg/b09/mcs70_b09_s30.B03
Reading graphs...
30 :  133
30 :  134
Initializing...
maxdom : 30
D->valSize : 900
Solving...
currentSize : 9 <-- 0.015294 s
currentSize : 10 <-- 0.015738 s
currentSize : 11 <-- 0.015824 s
currentSize : 12 <-- 0.024547 s
currentSize : 13 <-- 0.060774 s
currentSize : 14 <-- 0.062421 s
currentSize : 15 <-- 0.066010 s
currentSize : 16 <-- 0.069989 s
currentSize : 17 <-- 0.146519 s
currentSize : 18 <-- 0.259262 s
currentSize : 19 <-- 1.147392 s
currentSize : 20 <-- 1.659188 s
currentSize : 21 <-- 4.501348 s
currentSize : 22 <-- 4.724600 s

maxsize : 22
nodes : 907658.000000
filtered : 30339971.000000
time : 5.835110
