Parameters: GAD=1 vflib=1 dir=0 label=0 lowerbound=1 fileNameGp=../../cp2016-max-common-connected-subgraph-paper/datasets/graphsdb/mcs70/bvg/b09m/mcs70_b09m_s50.A01 fileNameGt=../../cp2016-max-common-connected-subgraph-paper/datasets/graphsdb/mcs70/bvg/b09m/mcs70_b09m_s50.B01
Reading graphs...
50 :  219
50 :  219
Initializing...
maxdom : 50
D->valSize : 2500
Solving...
currentSize : 17 <-- 0.085503 s
currentSize : 18 <-- 0.085579 s
currentSize : 19 <-- 0.086096 s
currentSize : 20 <-- 0.258129 s
currentSize : 21 <-- 0.748199 s
currentSize : 22 <-- 3.483896 s
currentSize : 23 <-- 86.232590 s

TIMEOUT
maxsize : 23
nodes : 160927447.000000
filtered : 3816044507.000000
time : 1000.000000
