Parameters: GAD=1 vflib=1 dir=0 label=0 lowerbound=1 fileNameGp=../../cp2016-max-common-connected-subgraph-paper/datasets/graphsdb/mcs70/m2D/m2D/mcs70_m2D_s35.A07 fileNameGt=../../cp2016-max-common-connected-subgraph-paper/datasets/graphsdb/mcs70/m2D/m2D/mcs70_m2D_s35.B07
Reading graphs...
35 :  58
35 :  58
Initializing...
maxdom : 35
D->valSize : 1225
Solving...
currentSize : 18 <-- 0.020748 s
currentSize : 20 <-- 0.020774 s
currentSize : 21 <-- 0.021401 s
currentSize : 22 <-- 0.021679 s
currentSize : 23 <-- 0.273880 s
currentSize : 24 <-- 0.460154 s
currentSize : 25 <-- 0.808950 s
currentSize : 26 <-- 18.740417 s
currentSize : 27 <-- 21.641953 s

maxsize : 27
nodes : 9409408.000000
filtered : 289825651.000000
time : 58.460648
