Parameters: GAD=1 vflib=1 dir=0 label=0 lowerbound=1 fileNameGp=../../cp2016-max-common-connected-subgraph-paper/datasets/graphsdb/mcs70/rand/r01/mcs70_r01_s35.A03 fileNameGt=../../cp2016-max-common-connected-subgraph-paper/datasets/graphsdb/mcs70/rand/r01/mcs70_r01_s35.B03
Reading graphs...
35 :  115
35 :  111
Initializing...
maxdom : 35
D->valSize : 1225
Solving...
currentSize : 15 <-- 0.018800 s
currentSize : 16 <-- 0.018875 s
currentSize : 17 <-- 0.043243 s
currentSize : 18 <-- 3.073058 s
currentSize : 19 <-- 480.855255 s
currentSize : 20 <-- 610.926941 s
currentSize : 21 <-- 616.809509 s
currentSize : 24 <-- 616.814392 s

maxsize : 24
nodes : 140152205.000000
filtered : 2711995747.000000
time : 672.873657
