Parameters: GAD=1 vflib=1 dir=0 label=0 lowerbound=1 fileNameGp=../../cp2016-max-common-connected-subgraph-paper/datasets/graphsdb/mcs70/bvg/b09m/mcs70_b09m_s30.A02 fileNameGt=../../cp2016-max-common-connected-subgraph-paper/datasets/graphsdb/mcs70/bvg/b09m/mcs70_b09m_s30.B02
Reading graphs...
30 :  128
30 :  129
Initializing...
maxdom : 30
D->valSize : 900
Solving...
currentSize : 10 <-- 0.009653 s
currentSize : 11 <-- 0.009686 s
currentSize : 12 <-- 0.009864 s
currentSize : 13 <-- 0.051054 s
currentSize : 14 <-- 0.064793 s
currentSize : 15 <-- 0.759405 s
currentSize : 16 <-- 5.829265 s
currentSize : 18 <-- 30.480436 s
currentSize : 19 <-- 30.480476 s
currentSize : 21 <-- 30.480680 s

maxsize : 21
nodes : 7198156.000000
filtered : 133783204.000000
time : 33.308609
