Parameters: GAD=1 vflib=1 dir=0 label=0 lowerbound=1 fileNameGp=../../cp2016-max-common-connected-subgraph-paper/datasets/graphsdb/mcs70/bvg/b03/mcs70_b03_s30.A00 fileNameGt=../../cp2016-max-common-connected-subgraph-paper/datasets/graphsdb/mcs70/bvg/b03/mcs70_b03_s30.B00
Reading graphs...
30 :  45
30 :  45
Initializing...
maxdom : 30
D->valSize : 900
Solving...
currentSize : 16 <-- 0.019548 s
currentSize : 17 <-- 0.019720 s
currentSize : 18 <-- 0.020171 s
currentSize : 19 <-- 0.022590 s
currentSize : 21 <-- 0.024484 s
currentSize : 22 <-- 0.058917 s
currentSize : 23 <-- 0.268767 s
currentSize : 24 <-- 2.499080 s

maxsize : 24
nodes : 618423.000000
filtered : 16917518.000000
time : 3.894496
