Parameters: GAD=1 vflib=1 dir=0 label=0 lowerbound=1 fileNameGp=../../cp2016-max-common-connected-subgraph-paper/datasets/graphsdb/mcs70/m2D/m2Dr6/mcs70_m2Dr6_s40.A02 fileNameGt=../../cp2016-max-common-connected-subgraph-paper/datasets/graphsdb/mcs70/m2D/m2Dr6/mcs70_m2Dr6_s40.B02
Reading graphs...
40 :  91
40 :  87
Initializing...
maxdom : 40
D->valSize : 1600
Solving...
currentSize : 11 <-- 0.034935 s
currentSize : 16 <-- 0.034994 s
currentSize : 17 <-- 0.035021 s
currentSize : 18 <-- 0.035068 s
currentSize : 19 <-- 0.039560 s
currentSize : 20 <-- 0.048092 s
currentSize : 21 <-- 0.275419 s
currentSize : 22 <-- 0.550045 s
currentSize : 23 <-- 2.262658 s
currentSize : 24 <-- 18.120115 s
currentSize : 25 <-- 273.800232 s
currentSize : 26 <-- 463.317627 s

TIMEOUT
maxsize : 26
nodes : 165888194.000000
filtered : 4503223069.000000
time : 1000.000000
