Parameters: GAD=1 vflib=1 dir=0 label=0 lowerbound=1 fileNameGp=../../cp2016-max-common-connected-subgraph-paper/datasets/graphsdb/mcs70/bvg/b06/mcs70_b06_s30.A09 fileNameGt=../../cp2016-max-common-connected-subgraph-paper/datasets/graphsdb/mcs70/bvg/b06/mcs70_b06_s30.B09
Reading graphs...
30 :  90
30 :  90
Initializing...
maxdom : 30
D->valSize : 900
Solving...
currentSize : 13 <-- 0.010204 s
currentSize : 14 <-- 0.010485 s
currentSize : 15 <-- 0.020522 s
currentSize : 16 <-- 0.030186 s
currentSize : 17 <-- 0.041215 s
currentSize : 19 <-- 0.103133 s
currentSize : 20 <-- 0.103204 s
currentSize : 21 <-- 0.174835 s
currentSize : 22 <-- 0.703644 s

maxsize : 22
nodes : 939446.000000
filtered : 30641306.000000
time : 5.658953
