Parameters: GAD=1 vflib=1 dir=0 label=0 lowerbound=1 fileNameGp=../../cp2016-max-common-connected-subgraph-paper/datasets/graphsdb/mcs70/m4D/m4D/mcs70_m4D_s25.A06 fileNameGt=../../cp2016-max-common-connected-subgraph-paper/datasets/graphsdb/mcs70/m4D/m4D/mcs70_m4D_s25.B06
Reading graphs...
25 :  46
25 :  47
Initializing...
maxdom : 25
D->valSize : 625
Solving...
currentSize : 11 <-- 0.005012 s
currentSize : 13 <-- 0.005138 s
currentSize : 14 <-- 0.005171 s
currentSize : 15 <-- 0.005609 s
currentSize : 16 <-- 0.044171 s
currentSize : 17 <-- 0.139561 s
currentSize : 18 <-- 0.197453 s
currentSize : 19 <-- 0.262036 s

maxsize : 19
nodes : 144643.000000
filtered : 2753659.000000
time : 0.609908
