Parameters: GAD=1 vflib=1 dir=0 label=0 lowerbound=1 fileNameGp=../../cp2016-max-common-connected-subgraph-paper/datasets/graphsdb/mcs70/m2D/m2Dr6/mcs70_m2Dr6_s50.A05 fileNameGt=../../cp2016-max-common-connected-subgraph-paper/datasets/graphsdb/mcs70/m2D/m2Dr6/mcs70_m2Dr6_s50.B05
Reading graphs...
50 :  111
50 :  111
Initializing...
maxdom : 50
D->valSize : 2500
Solving...
currentSize : 17 <-- 0.094278 s
currentSize : 18 <-- 0.094333 s
currentSize : 19 <-- 0.094477 s
currentSize : 20 <-- 0.095891 s
currentSize : 21 <-- 0.110948 s
currentSize : 22 <-- 0.117580 s
currentSize : 23 <-- 0.117752 s
currentSize : 24 <-- 0.175981 s
currentSize : 25 <-- 0.203651 s
currentSize : 26 <-- 3.912461 s
currentSize : 27 <-- 8.437242 s
currentSize : 28 <-- 120.258034 s
currentSize : 29 <-- 475.638428 s

TIMEOUT
maxsize : 29
nodes : 170750335.000000
filtered : 2694033910.000000
time : 1000.000061
