Parameters: GAD=1 vflib=1 dir=0 label=0 lowerbound=1 fileNameGp=../../cp2016-max-common-connected-subgraph-paper/datasets/graphsdb/mcs70/bvg/b09m/mcs70_b09m_s30.A05 fileNameGt=../../cp2016-max-common-connected-subgraph-paper/datasets/graphsdb/mcs70/bvg/b09m/mcs70_b09m_s30.B05
Reading graphs...
30 :  130
30 :  131
Initializing...
maxdom : 30
D->valSize : 900
Solving...
currentSize : 9 <-- 0.016830 s
currentSize : 10 <-- 0.016877 s
currentSize : 11 <-- 0.016998 s
currentSize : 12 <-- 0.017283 s
currentSize : 13 <-- 0.019432 s
currentSize : 14 <-- 0.924372 s
currentSize : 15 <-- 3.564076 s
currentSize : 16 <-- 40.142807 s
currentSize : 19 <-- 40.354977 s
currentSize : 20 <-- 40.355042 s

maxsize : 20
nodes : 10736783.000000
filtered : 166738411.000000
time : 46.492748
