Parameters: GAD=1 vflib=1 dir=0 label=0 lowerbound=1 fileNameGp=../../cp2016-max-common-connected-subgraph-paper/datasets/graphsdb/mcs70/bvg/b09/mcs70_b09_s30.A00 fileNameGt=../../cp2016-max-common-connected-subgraph-paper/datasets/graphsdb/mcs70/bvg/b09/mcs70_b09_s30.B00
Reading graphs...
30 :  132
30 :  132
Initializing...
maxdom : 30
D->valSize : 900
Solving...
currentSize : 10 <-- 0.009730 s
currentSize : 11 <-- 0.009762 s
currentSize : 12 <-- 0.010020 s
currentSize : 13 <-- 0.012912 s
currentSize : 14 <-- 0.013717 s
currentSize : 15 <-- 0.034868 s
currentSize : 18 <-- 0.036059 s
currentSize : 20 <-- 0.126358 s
currentSize : 21 <-- 0.257884 s

maxsize : 21
nodes : 576125.000000
filtered : 21425453.000000
time : 3.515506
