Parameters: GAD=1 vflib=1 dir=0 label=0 lowerbound=1 fileNameGp=../../cp2016-max-common-connected-subgraph-paper/datasets/graphsdb/mcs70/rand/r01/mcs70_r01_s50.A07 fileNameGt=../../cp2016-max-common-connected-subgraph-paper/datasets/graphsdb/mcs70/rand/r01/mcs70_r01_s50.B07
Reading graphs...
50 :  227
50 :  230
Initializing...
maxdom : 50
D->valSize : 2500
Solving...
currentSize : 15 <-- 0.085296 s
currentSize : 16 <-- 0.085383 s
currentSize : 17 <-- 0.085540 s
currentSize : 18 <-- 0.086125 s
currentSize : 19 <-- 0.179790 s
currentSize : 20 <-- 0.294023 s
currentSize : 21 <-- 1.382926 s
currentSize : 22 <-- 54.896709 s

TIMEOUT
maxsize : 22
nodes : 174945497.000000
filtered : 3188003108.000000
time : 1000.000061
