Parameters: GAD=1 vflib=1 dir=0 label=0 lowerbound=1 fileNameGp=../../cp2016-max-common-connected-subgraph-paper/datasets/graphsdb/mcs70/m3D/m3Dr4/mcs70_m3Dr4_s35.A02 fileNameGt=../../cp2016-max-common-connected-subgraph-paper/datasets/graphsdb/mcs70/m3D/m3Dr4/mcs70_m3Dr4_s35.B02
Reading graphs...
35 :  84
35 :  85
Initializing...
maxdom : 35
D->valSize : 1225
Solving...
currentSize : 16 <-- 0.020387 s
currentSize : 17 <-- 0.020479 s
currentSize : 18 <-- 0.022077 s
currentSize : 19 <-- 0.100334 s
currentSize : 20 <-- 0.533585 s
currentSize : 21 <-- 0.664238 s
currentSize : 22 <-- 32.950817 s
currentSize : 24 <-- 354.648804 s
currentSize : 26 <-- 406.026245 s
currentSize : 28 <-- 406.026337 s
currentSize : 29 <-- 406.026855 s

maxsize : 29
nodes : 73127110.000000
filtered : 1853193453.000000
time : 406.779602
