Parameters: GAD=1 vflib=1 dir=0 label=0 lowerbound=1 fileNameGp=../../cp2016-max-common-connected-subgraph-paper/datasets/graphsdb/mcs70/bvg/b09m/mcs70_b09m_s35.A04 fileNameGt=../../cp2016-max-common-connected-subgraph-paper/datasets/graphsdb/mcs70/bvg/b09m/mcs70_b09m_s35.B04
Reading graphs...
35 :  153
35 :  153
Initializing...
maxdom : 35
D->valSize : 1225
Solving...
currentSize : 12 <-- 0.018912 s
currentSize : 13 <-- 0.019006 s
currentSize : 14 <-- 0.033470 s
currentSize : 15 <-- 0.162634 s
currentSize : 16 <-- 0.394923 s
currentSize : 17 <-- 4.201382 s
currentSize : 18 <-- 43.834652 s
currentSize : 20 <-- 221.171783 s
currentSize : 21 <-- 221.171844 s
currentSize : 23 <-- 221.173569 s
currentSize : 24 <-- 221.173645 s

maxsize : 24
nodes : 47318365.000000
filtered : 1037524133.000000
time : 245.264572
