Parameters: GAD=1 vflib=1 dir=0 label=0 lowerbound=1 fileNameGp=../../cp2016-max-common-connected-subgraph-paper/datasets/graphsdb/mcs70/bvg/b03m/mcs70_b03m_s35.A07 fileNameGt=../../cp2016-max-common-connected-subgraph-paper/datasets/graphsdb/mcs70/bvg/b03m/mcs70_b03m_s35.B07
Reading graphs...
35 :  52
35 :  52
Initializing...
maxdom : 35
D->valSize : 1225
Solving...
currentSize : 16 <-- 0.037343 s
currentSize : 17 <-- 0.037376 s
currentSize : 18 <-- 0.137458 s
currentSize : 19 <-- 0.140780 s
currentSize : 20 <-- 1.107861 s
currentSize : 21 <-- 3.132611 s
currentSize : 22 <-- 14.397078 s
currentSize : 23 <-- 25.885731 s
currentSize : 24 <-- 39.942532 s
currentSize : 25 <-- 39.955357 s
currentSize : 26 <-- 45.474953 s
currentSize : 27 <-- 66.582001 s

maxsize : 27
nodes : 17085734.000000
filtered : 282479804.000000
time : 80.485558
