Parameters: GAD=1 vflib=1 dir=0 label=0 lowerbound=1 fileNameGp=../../cp2016-max-common-connected-subgraph-paper/datasets/graphsdb/mcs70/bvg/b03m/mcs70_b03m_s35.A09 fileNameGt=../../cp2016-max-common-connected-subgraph-paper/datasets/graphsdb/mcs70/bvg/b03m/mcs70_b03m_s35.B09
Reading graphs...
35 :  51
35 :  51
Initializing...
maxdom : 35
D->valSize : 1225
Solving...
currentSize : 18 <-- 0.037236 s
currentSize : 19 <-- 0.037873 s
currentSize : 20 <-- 0.037886 s
currentSize : 22 <-- 0.074165 s
currentSize : 23 <-- 4.684316 s
currentSize : 24 <-- 46.828144 s
currentSize : 25 <-- 84.468529 s
currentSize : 26 <-- 84.749779 s
currentSize : 27 <-- 85.342278 s

maxsize : 27
nodes : 24272033.000000
filtered : 401959845.000000
time : 111.584259
