Parameters: GAD=1 vflib=1 dir=0 label=0 lowerbound=1 fileNameGp=../../cp2016-max-common-connected-subgraph-paper/datasets/graphsdb/mcs70/m2D/m2D/mcs70_m2D_s40.A04 fileNameGt=../../cp2016-max-common-connected-subgraph-paper/datasets/graphsdb/mcs70/m2D/m2D/mcs70_m2D_s40.B04
Reading graphs...
40 :  67
40 :  67
Initializing...
maxdom : 40
D->valSize : 1600
Solving...
currentSize : 14 <-- 0.058876 s
currentSize : 20 <-- 0.058958 s
currentSize : 21 <-- 0.064951 s
currentSize : 22 <-- 0.126821 s
currentSize : 23 <-- 0.252964 s
currentSize : 24 <-- 0.253022 s
currentSize : 25 <-- 125.771828 s
currentSize : 26 <-- 126.010834 s
currentSize : 27 <-- 628.928284 s

TIMEOUT
maxsize : 27
nodes : 195664769.000000
filtered : 3521518565.000000
time : 1000.000061
