Parameters: GAD=1 vflib=1 dir=0 label=0 lowerbound=1 fileNameGp=../../cp2016-max-common-connected-subgraph-paper/datasets/graphsdb/mcs70/bvg/b06/mcs70_b06_s30.A00 fileNameGt=../../cp2016-max-common-connected-subgraph-paper/datasets/graphsdb/mcs70/bvg/b06/mcs70_b06_s30.B00
Reading graphs...
30 :  89
30 :  89
Initializing...
maxdom : 30
D->valSize : 900
Solving...
currentSize : 15 <-- 0.010107 s
currentSize : 16 <-- 0.037379 s
currentSize : 17 <-- 0.091847 s
currentSize : 18 <-- 0.107200 s
currentSize : 19 <-- 0.121878 s
currentSize : 20 <-- 0.186458 s
currentSize : 21 <-- 0.541540 s
currentSize : 22 <-- 1.868986 s
currentSize : 23 <-- 4.190877 s

maxsize : 23
nodes : 864908.000000
filtered : 25756230.000000
time : 4.807297
