Parameters: GAD=1 vflib=1 dir=0 label=0 lowerbound=1 fileNameGp=../../cp2016-max-common-connected-subgraph-paper/datasets/graphsdb/mcs70/bvg/b06m/mcs70_b06m_s30.A07 fileNameGt=../../cp2016-max-common-connected-subgraph-paper/datasets/graphsdb/mcs70/bvg/b06m/mcs70_b06m_s30.B07
Reading graphs...
30 :  90
30 :  89
Initializing...
maxdom : 30
D->valSize : 900
Solving...
currentSize : 14 <-- 0.010156 s
currentSize : 15 <-- 0.010250 s
currentSize : 16 <-- 0.022087 s
currentSize : 17 <-- 0.483889 s
currentSize : 18 <-- 11.623510 s
currentSize : 19 <-- 12.229275 s
currentSize : 20 <-- 12.365353 s
currentSize : 21 <-- 13.848696 s

maxsize : 21
nodes : 4001164.000000
filtered : 93801255.000000
time : 19.856068
