Parameters: GAD=1 vflib=1 dir=0 label=0 lowerbound=1 fileNameGp=../../cp2016-max-common-connected-subgraph-paper/datasets/graphsdb/mcs70/m2D/m2Dr2/mcs70_m2Dr2_s40.A07 fileNameGt=../../cp2016-max-common-connected-subgraph-paper/datasets/graphsdb/mcs70/m2D/m2Dr2/mcs70_m2Dr2_s40.B07
Reading graphs...
40 :  74
40 :  75
Initializing...
maxdom : 40
D->valSize : 1600
Solving...
currentSize : 16 <-- 0.035976 s
currentSize : 17 <-- 0.036099 s
currentSize : 18 <-- 0.036116 s
currentSize : 19 <-- 0.037688 s
currentSize : 20 <-- 0.041207 s
currentSize : 21 <-- 0.051580 s
currentSize : 22 <-- 0.128034 s
currentSize : 23 <-- 0.693066 s
currentSize : 24 <-- 7.722289 s
currentSize : 25 <-- 20.861029 s
currentSize : 26 <-- 58.687737 s

TIMEOUT
maxsize : 26
nodes : 183334601.000000
filtered : 4011674025.000000
time : 1000.000000
