Parameters: GAD=1 vflib=1 dir=0 label=0 lowerbound=1 fileNameGp=../../cp2016-max-common-connected-subgraph-paper/datasets/graphsdb/mcs70/bvg/b03/mcs70_b03_s50.A06 fileNameGt=../../cp2016-max-common-connected-subgraph-paper/datasets/graphsdb/mcs70/bvg/b03/mcs70_b03_s50.B06
Reading graphs...
50 :  75
50 :  75
Initializing...
maxdom : 50
D->valSize : 2500
Solving...
currentSize : 22 <-- 0.130050 s
currentSize : 30 <-- 0.130107 s
currentSize : 31 <-- 0.132408 s
currentSize : 32 <-- 0.139364 s
currentSize : 33 <-- 0.180764 s
currentSize : 34 <-- 0.193113 s
currentSize : 35 <-- 161.417969 s
currentSize : 36 <-- 189.184006 s
currentSize : 37 <-- 277.515106 s

TIMEOUT
maxsize : 37
nodes : 135723261.000000
filtered : 3858385240.000000
time : 1000.000061
