Parameters: GAD=1 vflib=1 dir=0 label=0 lowerbound=1 fileNameGp=../../cp2016-max-common-connected-subgraph-paper/datasets/graphsdb/mcs70/m3D/m3Dr2/mcs70_m3Dr2_s35.A04 fileNameGt=../../cp2016-max-common-connected-subgraph-paper/datasets/graphsdb/mcs70/m3D/m3Dr2/mcs70_m3Dr2_s35.B04
Reading graphs...
35 :  78
35 :  77
Initializing...
maxdom : 35
D->valSize : 1225
Solving...
currentSize : 17 <-- 0.035139 s
currentSize : 18 <-- 0.035189 s
currentSize : 19 <-- 0.035202 s
currentSize : 20 <-- 0.047080 s
currentSize : 21 <-- 0.229597 s
currentSize : 22 <-- 1.609012 s
currentSize : 23 <-- 2.000857 s
currentSize : 24 <-- 81.245598 s
currentSize : 25 <-- 206.772308 s
currentSize : 26 <-- 264.389252 s
currentSize : 27 <-- 264.389282 s

maxsize : 27
nodes : 46874075.000000
filtered : 1263979677.000000
time : 270.010254
