Parameters: GAD=1 vflib=1 dir=0 label=0 lowerbound=1 fileNameGp=../../cp2016-max-common-connected-subgraph-paper/datasets/graphsdb/mcs70/bvg/b06/mcs70_b06_s40.A09 fileNameGt=../../cp2016-max-common-connected-subgraph-paper/datasets/graphsdb/mcs70/bvg/b06/mcs70_b06_s40.B09
Reading graphs...
40 :  120
40 :  119
Initializing...
maxdom : 40
D->valSize : 1600
Solving...
currentSize : 19 <-- 0.033588 s
currentSize : 20 <-- 0.034923 s
currentSize : 21 <-- 0.035657 s
currentSize : 22 <-- 0.037945 s
currentSize : 23 <-- 0.051872 s
currentSize : 24 <-- 0.127536 s
currentSize : 25 <-- 2.347903 s
currentSize : 26 <-- 2.347944 s
currentSize : 27 <-- 2.541000 s
currentSize : 28 <-- 2.694228 s
currentSize : 29 <-- 2.745524 s
currentSize : 30 <-- 29.883112 s

maxsize : 30
nodes : 11021653.000000
filtered : 575711101.000000
time : 95.775734
