Parameters: GAD=1 vflib=1 dir=0 label=0 lowerbound=1 fileNameGp=../../cp2016-max-common-connected-subgraph-paper/datasets/graphsdb/mcs70/bvg/b03/mcs70_b03_s50.A00 fileNameGt=../../cp2016-max-common-connected-subgraph-paper/datasets/graphsdb/mcs70/bvg/b03/mcs70_b03_s50.B00
Reading graphs...
50 :  75
50 :  75
Initializing...
maxdom : 50
D->valSize : 2500
Solving...
currentSize : 28 <-- 0.097952 s
currentSize : 31 <-- 0.098004 s
currentSize : 33 <-- 0.116482 s
currentSize : 34 <-- 0.200688 s
currentSize : 35 <-- 1.583468 s
currentSize : 36 <-- 109.717339 s
currentSize : 37 <-- 371.433075 s

TIMEOUT
maxsize : 37
nodes : 137237592.000000
filtered : 4055116172.000000
time : 1000.000061
