Parameters: GAD=1 vflib=1 dir=0 label=0 lowerbound=1 fileNameGp=../../cp2016-max-common-connected-subgraph-paper/datasets/graphsdb/mcs70/bvg/b06m/mcs70_b06m_s40.A06 fileNameGt=../../cp2016-max-common-connected-subgraph-paper/datasets/graphsdb/mcs70/bvg/b06m/mcs70_b06m_s40.B06
Reading graphs...
40 :  117
40 :  119
Initializing...
maxdom : 40
D->valSize : 1600
Solving...
currentSize : 16 <-- 0.061054 s
currentSize : 17 <-- 0.061315 s
currentSize : 18 <-- 0.065218 s
currentSize : 19 <-- 0.083322 s
currentSize : 20 <-- 0.090056 s
currentSize : 21 <-- 1.758117 s
currentSize : 22 <-- 3.458294 s
currentSize : 23 <-- 777.901428 s

TIMEOUT
maxsize : 23
nodes : 173482755.000000
filtered : 4346826471.000000
time : 1000.000000
