Parameters: GAD=1 vflib=1 dir=0 label=0 lowerbound=1 fileNameGp=../../cp2016-max-common-connected-subgraph-paper/datasets/graphsdb/mcs70/rand/r01/mcs70_r01_s40.A00 fileNameGt=../../cp2016-max-common-connected-subgraph-paper/datasets/graphsdb/mcs70/rand/r01/mcs70_r01_s40.B00
Reading graphs...
40 :  145
40 :  146
Initializing...
maxdom : 40
D->valSize : 1600
Solving...
currentSize : 14 <-- 0.056521 s
currentSize : 15 <-- 0.056557 s
currentSize : 16 <-- 0.056610 s
currentSize : 17 <-- 0.059146 s
currentSize : 18 <-- 0.149125 s
currentSize : 19 <-- 2.234045 s
currentSize : 20 <-- 28.687893 s
currentSize : 21 <-- 224.091293 s

TIMEOUT
maxsize : 21
nodes : 184852427.000000
filtered : 4080400112.000000
time : 1000.000061
