Parameters: GAD=1 vflib=1 dir=0 label=0 lowerbound=1 fileNameGp=../../cp2016-max-common-connected-subgraph-paper/datasets/graphsdb/mcs70/bvg/b06/mcs70_b06_s25.A06 fileNameGt=../../cp2016-max-common-connected-subgraph-paper/datasets/graphsdb/mcs70/bvg/b06/mcs70_b06_s25.B06
Reading graphs...
25 :  74
25 :  73
Initializing...
maxdom : 25
D->valSize : 625
Solving...
currentSize : 8 <-- 0.004760 s
currentSize : 9 <-- 0.004777 s
currentSize : 11 <-- 0.004959 s
currentSize : 12 <-- 0.005020 s
currentSize : 13 <-- 0.006170 s
currentSize : 14 <-- 0.020711 s
currentSize : 15 <-- 0.109651 s
currentSize : 16 <-- 0.147596 s
currentSize : 17 <-- 0.162577 s
currentSize : 18 <-- 0.242967 s

maxsize : 18
nodes : 186535.000000
filtered : 3958115.000000
time : 0.820156
