Parameters: GAD=1 vflib=1 dir=0 label=0 lowerbound=1 fileNameGp=../../cp2016-max-common-connected-subgraph-paper/datasets/graphsdb/mcs70/bvg/b03m/mcs70_b03m_s50.A08 fileNameGt=../../cp2016-max-common-connected-subgraph-paper/datasets/graphsdb/mcs70/bvg/b03m/mcs70_b03m_s50.B08
Reading graphs...
50 :  74
50 :  74
Initializing...
maxdom : 50
D->valSize : 2500
Solving...
currentSize : 17 <-- 0.163703 s
currentSize : 18 <-- 0.163765 s
currentSize : 23 <-- 0.164010 s
currentSize : 24 <-- 0.175926 s
currentSize : 26 <-- 0.242063 s
currentSize : 28 <-- 0.242092 s
currentSize : 29 <-- 0.568827 s
currentSize : 30 <-- 9.800832 s
currentSize : 31 <-- 9.814104 s
currentSize : 32 <-- 158.738266 s
currentSize : 33 <-- 472.607361 s

TIMEOUT
maxsize : 33
nodes : 205588315.000000
filtered : 2759812835.000000
time : 1000.000061
