Parameters: GAD=1 vflib=1 dir=0 label=0 lowerbound=1 fileNameGp=../../cp2016-max-common-connected-subgraph-paper/datasets/graphsdb/mcs70/m3D/m3Dr6/mcs70_m3Dr6_s35.A00 fileNameGt=../../cp2016-max-common-connected-subgraph-paper/datasets/graphsdb/mcs70/m3D/m3Dr6/mcs70_m3Dr6_s35.B00
Reading graphs...
35 :  91
35 :  89
Initializing...
maxdom : 35
D->valSize : 1225
Solving...
currentSize : 16 <-- 0.019480 s
currentSize : 18 <-- 0.019631 s
currentSize : 19 <-- 0.019800 s
currentSize : 20 <-- 0.167319 s
currentSize : 21 <-- 17.720518 s
currentSize : 22 <-- 395.524261 s
currentSize : 24 <-- 426.640259 s
currentSize : 25 <-- 533.430908 s
currentSize : 27 <-- 533.432495 s

maxsize : 27
nodes : 100630249.000000
filtered : 2495070703.000000
time : 540.277588
