Parameters: GAD=1 vflib=1 dir=0 label=0 lowerbound=1 fileNameGp=../../cp2016-max-common-connected-subgraph-paper/datasets/graphsdb/mcs70/bvg/b06m/mcs70_b06m_s25.A09 fileNameGt=../../cp2016-max-common-connected-subgraph-paper/datasets/graphsdb/mcs70/bvg/b06m/mcs70_b06m_s25.B09
Reading graphs...
25 :  75
25 :  72
Initializing...
maxdom : 25
D->valSize : 625
Solving...
currentSize : 11 <-- 0.004924 s
currentSize : 12 <-- 0.005060 s
currentSize : 13 <-- 0.005377 s
currentSize : 14 <-- 0.053295 s
currentSize : 15 <-- 0.211791 s
currentSize : 17 <-- 3.103398 s
currentSize : 18 <-- 3.519231 s

maxsize : 18
nodes : 839598.000000
filtered : 16407077.000000
time : 3.654510
