Parameters: GAD=1 vflib=1 dir=0 label=0 lowerbound=1 fileNameGp=../../cp2016-max-common-connected-subgraph-paper/datasets/graphsdb/mcs70/rand/r01/mcs70_r01_s50.A01 fileNameGt=../../cp2016-max-common-connected-subgraph-paper/datasets/graphsdb/mcs70/rand/r01/mcs70_r01_s50.B01
Reading graphs...
50 :  232
50 :  235
Initializing...
maxdom : 50
D->valSize : 2500
Solving...
currentSize : 16 <-- 0.084877 s
currentSize : 17 <-- 0.124968 s
currentSize : 18 <-- 0.268256 s
currentSize : 19 <-- 0.275534 s
currentSize : 20 <-- 1.873378 s
currentSize : 21 <-- 42.266689 s
currentSize : 22 <-- 200.842087 s

TIMEOUT
maxsize : 22
nodes : 178277267.000000
filtered : 3070722152.000000
time : 1000.000000
