Parameters: GAD=1 vflib=1 dir=0 label=0 lowerbound=1 fileNameGp=../../cp2016-max-common-connected-subgraph-paper/datasets/graphsdb/mcs70/rand/r02/mcs70_r02_s30.A05 fileNameGt=../../cp2016-max-common-connected-subgraph-paper/datasets/graphsdb/mcs70/rand/r02/mcs70_r02_s30.B05
Reading graphs...
30 :  157
30 :  159
Initializing...
maxdom : 30
D->valSize : 900
Solving...
currentSize : 11 <-- 0.009282 s
currentSize : 12 <-- 0.009873 s
currentSize : 13 <-- 0.030252 s
currentSize : 14 <-- 3.986748 s
currentSize : 15 <-- 11.949314 s
currentSize : 16 <-- 36.117985 s
currentSize : 21 <-- 36.118080 s

maxsize : 21
nodes : 8989695.000000
filtered : 130835716.000000
time : 38.827950
