Parameters: GAD=1 vflib=1 dir=0 label=0 lowerbound=1 fileNameGp=../../cp2016-max-common-connected-subgraph-paper/datasets/graphsdb/mcs70/bvg/b09/mcs70_b09_s40.A06 fileNameGt=../../cp2016-max-common-connected-subgraph-paper/datasets/graphsdb/mcs70/bvg/b09/mcs70_b09_s40.B06
Reading graphs...
40 :  178
40 :  179
Initializing...
maxdom : 40
D->valSize : 1600
Solving...
currentSize : 12 <-- 0.031546 s
currentSize : 13 <-- 0.031616 s
currentSize : 14 <-- 0.032605 s
currentSize : 15 <-- 0.033017 s
currentSize : 16 <-- 0.033090 s
currentSize : 18 <-- 0.072853 s
currentSize : 19 <-- 0.080551 s
currentSize : 20 <-- 0.085126 s
currentSize : 21 <-- 0.089596 s
currentSize : 22 <-- 0.115726 s
currentSize : 23 <-- 2.053390 s
currentSize : 24 <-- 2.636235 s
currentSize : 25 <-- 7.581824 s
currentSize : 27 <-- 7.716893 s
currentSize : 28 <-- 7.716950 s
currentSize : 29 <-- 13.812858 s

maxsize : 29
nodes : 7479096.000000
filtered : 410568615.000000
time : 62.374977
