Parameters: GAD=1 vflib=1 dir=0 label=0 lowerbound=1 fileNameGp=../../cp2016-max-common-connected-subgraph-paper/datasets/graphsdb/mcs70/m3D/m3Dr2/mcs70_m3Dr2_s40.A08 fileNameGt=../../cp2016-max-common-connected-subgraph-paper/datasets/graphsdb/mcs70/m3D/m3Dr2/mcs70_m3Dr2_s40.B08
Reading graphs...
40 :  91
40 :  92
Initializing...
maxdom : 40
D->valSize : 1600
Solving...
currentSize : 17 <-- 0.055788 s
currentSize : 18 <-- 0.056095 s
currentSize : 19 <-- 0.057535 s
currentSize : 20 <-- 0.645351 s
currentSize : 21 <-- 0.658019 s
currentSize : 22 <-- 7.689078 s
currentSize : 23 <-- 99.869804 s
currentSize : 24 <-- 99.870010 s
currentSize : 25 <-- 482.536530 s
currentSize : 26 <-- 748.111877 s

TIMEOUT
maxsize : 26
nodes : 175738202.000000
filtered : 4011427301.000000
time : 1000.000000
