Parameters: GAD=1 vflib=1 dir=0 label=0 lowerbound=1 fileNameGp=../../cp2016-max-common-connected-subgraph-paper/datasets/graphsdb/mcs70/m2D/m2Dr4/mcs70_m2Dr4_s35.A05 fileNameGt=../../cp2016-max-common-connected-subgraph-paper/datasets/graphsdb/mcs70/m2D/m2Dr4/mcs70_m2Dr4_s35.B05
Reading graphs...
35 :  71
35 :  70
Initializing...
maxdom : 35
D->valSize : 1225
Solving...
currentSize : 15 <-- 0.033122 s
currentSize : 16 <-- 0.033326 s
currentSize : 17 <-- 0.033425 s
currentSize : 18 <-- 0.035294 s
currentSize : 19 <-- 0.035471 s
currentSize : 20 <-- 0.037001 s
currentSize : 21 <-- 0.039931 s
currentSize : 22 <-- 1.459070 s
currentSize : 23 <-- 3.323889 s
currentSize : 25 <-- 101.748032 s
currentSize : 26 <-- 385.773254 s

maxsize : 26
nodes : 70581950.000000
filtered : 2076656510.000000
time : 423.605713
