Parameters: GAD=1 vflib=1 dir=0 label=0 lowerbound=1 fileNameGp=../../cp2016-max-common-connected-subgraph-paper/datasets/graphsdb/mcs70/m2D/m2Dr6/mcs70_m2Dr6_s40.A03 fileNameGt=../../cp2016-max-common-connected-subgraph-paper/datasets/graphsdb/mcs70/m2D/m2Dr6/mcs70_m2Dr6_s40.B03
Reading graphs...
40 :  90
40 :  89
Initializing...
maxdom : 40
D->valSize : 1600
Solving...
currentSize : 17 <-- 0.034641 s
currentSize : 18 <-- 0.034672 s
currentSize : 19 <-- 0.034899 s
currentSize : 20 <-- 0.036109 s
currentSize : 21 <-- 0.077010 s
currentSize : 22 <-- 0.250718 s
currentSize : 23 <-- 0.296104 s
currentSize : 24 <-- 75.038719 s
currentSize : 25 <-- 634.650940 s

TIMEOUT
maxsize : 25
nodes : 182652997.000000
filtered : 4036603937.000000
time : 1000.000000
