Parameters: GAD=1 vflib=1 dir=0 label=0 lowerbound=1 fileNameGp=../../cp2016-max-common-connected-subgraph-paper/datasets/graphsdb/mcs70/rand/r005/mcs70_r005_s35.A04 fileNameGt=../../cp2016-max-common-connected-subgraph-paper/datasets/graphsdb/mcs70/rand/r005/mcs70_r005_s35.B04
Reading graphs...
35 :  58
35 :  58
Initializing...
maxdom : 35
D->valSize : 1225
Solving...
currentSize : 17 <-- 0.020961 s
currentSize : 18 <-- 0.021117 s
currentSize : 19 <-- 0.022161 s
currentSize : 20 <-- 0.024877 s
currentSize : 21 <-- 0.063007 s
currentSize : 22 <-- 0.064732 s
currentSize : 23 <-- 0.405509 s
currentSize : 24 <-- 3.530683 s
currentSize : 25 <-- 10.949618 s
currentSize : 26 <-- 58.004063 s

maxsize : 26
nodes : 32781493.000000
filtered : 990994098.000000
time : 205.066132
