Parameters: GAD=1 vflib=1 dir=0 label=0 lowerbound=1 fileNameGp=../../cp2016-max-common-connected-subgraph-paper/datasets/graphsdb/mcs70/m3D/m3Dr2/mcs70_m3Dr2_s40.A06 fileNameGt=../../cp2016-max-common-connected-subgraph-paper/datasets/graphsdb/mcs70/m3D/m3Dr2/mcs70_m3Dr2_s40.B06
Reading graphs...
40 :  91
40 :  91
Initializing...
maxdom : 40
D->valSize : 1600
Solving...
currentSize : 19 <-- 0.035011 s
currentSize : 20 <-- 0.035031 s
currentSize : 21 <-- 0.035330 s
currentSize : 22 <-- 0.047584 s
currentSize : 23 <-- 1.737517 s
currentSize : 24 <-- 2.576022 s
currentSize : 25 <-- 318.340271 s

TIMEOUT
maxsize : 25
nodes : 174729548.000000
filtered : 4071979371.000000
time : 1000.000000
