Parameters: GAD=1 vflib=1 dir=0 label=0 lowerbound=1 fileNameGp=../../cp2016-max-common-connected-subgraph-paper/datasets/graphsdb/mcs70/bvg/b03m/mcs70_b03m_s40.A01 fileNameGt=../../cp2016-max-common-connected-subgraph-paper/datasets/graphsdb/mcs70/bvg/b03m/mcs70_b03m_s40.B01
Reading graphs...
40 :  60
40 :  60
Initializing...
maxdom : 40
D->valSize : 1600
Solving...
currentSize : 15 <-- 0.036937 s
currentSize : 18 <-- 0.037006 s
currentSize : 19 <-- 0.037223 s
currentSize : 20 <-- 0.037380 s
currentSize : 21 <-- 0.039170 s
currentSize : 22 <-- 0.040171 s
currentSize : 23 <-- 0.040179 s
currentSize : 24 <-- 10.868463 s
currentSize : 25 <-- 26.074713 s
currentSize : 26 <-- 26.078497 s
currentSize : 27 <-- 31.839247 s
currentSize : 28 <-- 33.508656 s

TIMEOUT
maxsize : 28
nodes : 176192501.000000
filtered : 3853332463.000000
time : 1000.000061
