Parameters: GAD=1 vflib=1 dir=0 label=0 lowerbound=1 fileNameGp=../../cp2016-max-common-connected-subgraph-paper/datasets/graphsdb/mcs70/m2D/m2Dr6/mcs70_m2Dr6_s40.A01 fileNameGt=../../cp2016-max-common-connected-subgraph-paper/datasets/graphsdb/mcs70/m2D/m2Dr6/mcs70_m2Dr6_s40.B01
Reading graphs...
40 :  87
40 :  89
Initializing...
maxdom : 40
D->valSize : 1600
Solving...
currentSize : 18 <-- 0.035082 s
currentSize : 19 <-- 0.035119 s
currentSize : 20 <-- 0.035238 s
currentSize : 21 <-- 0.036161 s
currentSize : 22 <-- 0.161461 s
currentSize : 23 <-- 1.294622 s
currentSize : 24 <-- 33.670006 s
currentSize : 25 <-- 349.197083 s

TIMEOUT
maxsize : 25
nodes : 168870136.000000
filtered : 4306999667.000000
time : 1000.000061
