Parameters: GAD=1 vflib=1 dir=0 label=0 lowerbound=1 fileNameGp=../../cp2016-max-common-connected-subgraph-paper/datasets/graphsdb/mcs70/m3D/m3Dr2/mcs70_m3Dr2_s35.A07 fileNameGt=../../cp2016-max-common-connected-subgraph-paper/datasets/graphsdb/mcs70/m3D/m3Dr2/mcs70_m3Dr2_s35.B07
Reading graphs...
35 :  79
35 :  79
Initializing...
maxdom : 35
D->valSize : 1225
Solving...
currentSize : 17 <-- 0.020584 s
currentSize : 18 <-- 0.021033 s
currentSize : 19 <-- 0.036816 s
currentSize : 20 <-- 0.037184 s
currentSize : 21 <-- 0.051891 s
currentSize : 22 <-- 27.482956 s
currentSize : 23 <-- 32.047009 s
currentSize : 24 <-- 522.792297 s
currentSize : 25 <-- 522.792419 s
currentSize : 28 <-- 523.105652 s

maxsize : 28
nodes : 92112397.000000
filtered : 2426825864.000000
time : 526.735474
