Parameters: GAD=1 vflib=1 dir=0 label=0 lowerbound=1 fileNameGp=../../cp2016-max-common-connected-subgraph-paper/datasets/graphsdb/mcs70/m2D/m2Dr2/mcs70_m2Dr2_s50.A01 fileNameGt=../../cp2016-max-common-connected-subgraph-paper/datasets/graphsdb/mcs70/m2D/m2Dr2/mcs70_m2Dr2_s50.B01
Reading graphs...
50 :  94
50 :  94
Initializing...
maxdom : 50
D->valSize : 2500
Solving...
currentSize : 22 <-- 0.095654 s
currentSize : 23 <-- 0.097118 s
currentSize : 24 <-- 0.173124 s
currentSize : 25 <-- 0.208897 s
currentSize : 26 <-- 0.210524 s
currentSize : 27 <-- 0.216419 s
currentSize : 28 <-- 3.516783 s
currentSize : 29 <-- 3.786675 s
currentSize : 30 <-- 141.248444 s
currentSize : 31 <-- 577.445496 s
currentSize : 32 <-- 997.290894 s

TIMEOUT
maxsize : 32
nodes : 177424408.000000
filtered : 3443492680.000000
time : 1000.000061
