Parameters: GAD=1 vflib=1 dir=0 label=0 lowerbound=1 fileNameGp=../../cp2016-max-common-connected-subgraph-paper/datasets/graphsdb/mcs70/bvg/b03/mcs70_b03_s30.A06 fileNameGt=../../cp2016-max-common-connected-subgraph-paper/datasets/graphsdb/mcs70/bvg/b03/mcs70_b03_s30.B06
Reading graphs...
30 :  45
30 :  45
Initializing...
maxdom : 30
D->valSize : 900
Solving...
currentSize : 16 <-- 0.011029 s
currentSize : 17 <-- 0.011408 s
currentSize : 18 <-- 0.015653 s
currentSize : 19 <-- 0.028449 s
currentSize : 20 <-- 0.195815 s
currentSize : 21 <-- 0.585682 s
currentSize : 22 <-- 1.397970 s
currentSize : 23 <-- 1.443725 s
currentSize : 24 <-- 1.856481 s

maxsize : 24
nodes : 845414.000000
filtered : 18608102.000000
time : 4.126198
