Parameters: GAD=1 vflib=1 dir=0 label=0 lowerbound=1 fileNameGp=../../cp2016-max-common-connected-subgraph-paper/datasets/graphsdb/mcs70/bvg/b06/mcs70_b06_s25.A01 fileNameGt=../../cp2016-max-common-connected-subgraph-paper/datasets/graphsdb/mcs70/bvg/b06/mcs70_b06_s25.B01
Reading graphs...
25 :  74
25 :  73
Initializing...
maxdom : 25
D->valSize : 625
Solving...
currentSize : 10 <-- 0.004710 s
currentSize : 11 <-- 0.004744 s
currentSize : 13 <-- 0.004831 s
currentSize : 14 <-- 0.005275 s
currentSize : 15 <-- 0.005889 s
currentSize : 16 <-- 0.029250 s
currentSize : 17 <-- 0.029379 s
currentSize : 18 <-- 0.384773 s
currentSize : 19 <-- 0.423790 s

maxsize : 19
nodes : 151894.000000
filtered : 3397943.000000
time : 0.708132
