Parameters: GAD=1 vflib=1 dir=0 label=0 lowerbound=1 fileNameGp=../../cp2016-max-common-connected-subgraph-paper/datasets/graphsdb/mcs70/rand/r005/mcs70_r005_s20.A06 fileNameGt=../../cp2016-max-common-connected-subgraph-paper/datasets/graphsdb/mcs70/rand/r005/mcs70_r005_s20.B06
Reading graphs...
20 :  22
20 :  21
Initializing...
maxdom : 20
D->valSize : 400
Solving...
currentSize : 5 <-- 0.002291 s
currentSize : 6 <-- 0.002310 s
currentSize : 7 <-- 0.002320 s
currentSize : 10 <-- 0.002347 s
currentSize : 11 <-- 0.002440 s
currentSize : 12 <-- 0.003688 s
currentSize : 13 <-- 0.010441 s
currentSize : 14 <-- 0.025199 s
currentSize : 15 <-- 0.025360 s
currentSize : 16 <-- 0.026815 s

maxsize : 16
nodes : 20068.000000
filtered : 201459.000000
time : 0.056785
