Parameters: GAD=1 vflib=1 dir=0 label=0 lowerbound=1 fileNameGp=../../cp2016-max-common-connected-subgraph-paper/datasets/graphsdb/mcs70/m3D/m3Dr4/mcs70_m3Dr4_s40.A00 fileNameGt=../../cp2016-max-common-connected-subgraph-paper/datasets/graphsdb/mcs70/m3D/m3Dr4/mcs70_m3Dr4_s40.B00
Reading graphs...
40 :  100
40 :  100
Initializing...
maxdom : 40
D->valSize : 1600
Solving...
currentSize : 15 <-- 0.034704 s
currentSize : 16 <-- 0.035094 s
currentSize : 17 <-- 0.045074 s
currentSize : 18 <-- 0.047962 s
currentSize : 19 <-- 0.220303 s
currentSize : 20 <-- 0.248094 s
currentSize : 21 <-- 3.713134 s
currentSize : 22 <-- 18.509636 s
currentSize : 23 <-- 359.334839 s

TIMEOUT
maxsize : 23
nodes : 188881564.000000
filtered : 3762431017.000000
time : 1000.000061
