Parameters: GAD=1 vflib=1 dir=0 label=0 lowerbound=1 fileNameGp=../../cp2016-max-common-connected-subgraph-paper/datasets/graphsdb/mcs70/m3D/m3D/mcs70_m3D_s40.A09 fileNameGt=../../cp2016-max-common-connected-subgraph-paper/datasets/graphsdb/mcs70/m3D/m3D/mcs70_m3D_s40.B09
Reading graphs...
40 :  84
40 :  84
Initializing...
maxdom : 40
D->valSize : 1600
Solving...
currentSize : 19 <-- 0.060086 s
currentSize : 20 <-- 0.068446 s
currentSize : 21 <-- 0.159525 s
currentSize : 22 <-- 0.405948 s
currentSize : 23 <-- 0.629036 s
currentSize : 24 <-- 0.827200 s
currentSize : 25 <-- 2.166701 s
currentSize : 26 <-- 2.179184 s

TIMEOUT
maxsize : 26
nodes : 169718525.000000
filtered : 4322045734.000000
time : 1000.000061
