Parameters: GAD=1 vflib=1 dir=0 label=0 lowerbound=1 fileNameGp=../../cp2016-max-common-connected-subgraph-paper/datasets/graphsdb/mcs70/m3D/m3Dr2/mcs70_m3Dr2_s35.A08 fileNameGt=../../cp2016-max-common-connected-subgraph-paper/datasets/graphsdb/mcs70/m3D/m3Dr2/mcs70_m3Dr2_s35.B08
Reading graphs...
35 :  78
35 :  79
Initializing...
maxdom : 35
D->valSize : 1225
Solving...
currentSize : 15 <-- 0.019874 s
currentSize : 16 <-- 0.026302 s
currentSize : 17 <-- 0.027725 s
currentSize : 18 <-- 0.027734 s
currentSize : 19 <-- 0.147743 s
currentSize : 20 <-- 0.461971 s
currentSize : 21 <-- 5.315749 s
currentSize : 22 <-- 10.386610 s
currentSize : 23 <-- 190.780930 s
currentSize : 24 <-- 191.490341 s
currentSize : 26 <-- 357.770172 s
currentSize : 27 <-- 357.770203 s

maxsize : 27
nodes : 64653823.000000
filtered : 1760260720.000000
time : 375.536926
