Parameters: GAD=1 vflib=1 dir=0 label=0 lowerbound=1 fileNameGp=../../cp2016-max-common-connected-subgraph-paper/datasets/graphsdb/mcs70/bvg/b09m/mcs70_b09m_s40.A09 fileNameGt=../../cp2016-max-common-connected-subgraph-paper/datasets/graphsdb/mcs70/bvg/b09m/mcs70_b09m_s40.B09
Reading graphs...
40 :  176
40 :  177
Initializing...
maxdom : 40
D->valSize : 1600
Solving...
currentSize : 14 <-- 0.031718 s
currentSize : 16 <-- 0.032190 s
currentSize : 17 <-- 0.035760 s
currentSize : 18 <-- 0.373944 s
currentSize : 19 <-- 2.538322 s
currentSize : 22 <-- 375.187622 s
currentSize : 28 <-- 584.716125 s

maxsize : 28
nodes : 113222864.000000
filtered : 2765075526.000000
time : 652.704529
