Parameters: GAD=1 vflib=1 dir=0 label=0 lowerbound=1 fileNameGp=../../cp2016-max-common-connected-subgraph-paper/datasets/graphsdb/mcs70/bvg/b03m/mcs70_b03m_s30.A08 fileNameGt=../../cp2016-max-common-connected-subgraph-paper/datasets/graphsdb/mcs70/bvg/b03m/mcs70_b03m_s30.B08
Reading graphs...
30 :  45
30 :  45
Initializing...
maxdom : 30
D->valSize : 900
Solving...
currentSize : 15 <-- 0.011833 s
currentSize : 17 <-- 0.011922 s
currentSize : 18 <-- 0.011955 s
currentSize : 19 <-- 0.013847 s
currentSize : 20 <-- 0.079398 s
currentSize : 21 <-- 0.195133 s
currentSize : 22 <-- 1.499206 s
currentSize : 23 <-- 2.827838 s

maxsize : 23
nodes : 1359954.000000
filtered : 31972549.000000
time : 7.123340
