Parameters: GAD=1 vflib=1 dir=0 label=0 lowerbound=1 fileNameGp=../../cp2016-max-common-connected-subgraph-paper/datasets/graphsdb/mcs70/bvg/b09/mcs70_b09_s25.A00 fileNameGt=../../cp2016-max-common-connected-subgraph-paper/datasets/graphsdb/mcs70/bvg/b09/mcs70_b09_s25.B00
Reading graphs...
25 :  111
25 :  111
Initializing...
maxdom : 25
D->valSize : 625
Solving...
currentSize : 10 <-- 0.004454 s
currentSize : 11 <-- 0.005067 s
currentSize : 12 <-- 0.006703 s
currentSize : 13 <-- 0.036290 s
currentSize : 14 <-- 0.040106 s
currentSize : 15 <-- 0.292804 s
currentSize : 16 <-- 0.735678 s
currentSize : 17 <-- 0.791296 s

maxsize : 17
nodes : 306052.000000
filtered : 7012205.000000
time : 1.403671
