Parameters: GAD=1 vflib=1 dir=0 label=0 lowerbound=1 fileNameGp=../../cp2016-max-common-connected-subgraph-paper/datasets/graphsdb/mcs70/rand/r01/mcs70_r01_s30.A04 fileNameGt=../../cp2016-max-common-connected-subgraph-paper/datasets/graphsdb/mcs70/rand/r01/mcs70_r01_s30.B04
Reading graphs...
30 :  83
30 :  84
Initializing...
maxdom : 30
D->valSize : 900
Solving...
currentSize : 11 <-- 0.010010 s
currentSize : 12 <-- 0.010046 s
currentSize : 13 <-- 0.010089 s
currentSize : 14 <-- 0.022476 s
currentSize : 15 <-- 0.145271 s
currentSize : 16 <-- 0.199048 s
currentSize : 17 <-- 0.407389 s
currentSize : 18 <-- 12.755529 s
currentSize : 19 <-- 48.835537 s
currentSize : 20 <-- 76.177048 s
currentSize : 21 <-- 76.177177 s

maxsize : 21
nodes : 15891660.000000
filtered : 361187413.000000
time : 77.837013
