Parameters: GAD=1 vflib=1 dir=0 label=0 lowerbound=1 fileNameGp=../../cp2016-max-common-connected-subgraph-paper/datasets/graphsdb/mcs70/rand/r005/mcs70_r005_s25.A02 fileNameGt=../../cp2016-max-common-connected-subgraph-paper/datasets/graphsdb/mcs70/rand/r005/mcs70_r005_s25.B02
Reading graphs...
25 :  33
25 :  33
Initializing...
maxdom : 25
D->valSize : 625
Solving...
currentSize : 12 <-- 0.005293 s
currentSize : 14 <-- 0.005313 s
currentSize : 15 <-- 0.005782 s
currentSize : 16 <-- 0.009303 s
currentSize : 17 <-- 0.012636 s
currentSize : 18 <-- 0.014163 s
currentSize : 19 <-- 0.014629 s

maxsize : 19
nodes : 125359.000000
filtered : 2310628.000000
time : 0.556097
