Parameters: GAD=1 vflib=1 dir=0 label=0 lowerbound=1 fileNameGp=../../cp2016-max-common-connected-subgraph-paper/datasets/graphsdb/mcs70/bvg/b06/mcs70_b06_s35.A06 fileNameGt=../../cp2016-max-common-connected-subgraph-paper/datasets/graphsdb/mcs70/bvg/b06/mcs70_b06_s35.B06
Reading graphs...
35 :  104
35 :  104
Initializing...
maxdom : 35
D->valSize : 1225
Solving...
currentSize : 10 <-- 0.019102 s
currentSize : 13 <-- 0.019145 s
currentSize : 14 <-- 0.019162 s
currentSize : 15 <-- 0.019809 s
currentSize : 16 <-- 0.043390 s
currentSize : 17 <-- 0.049096 s
currentSize : 18 <-- 0.178106 s
currentSize : 19 <-- 0.195835 s
currentSize : 20 <-- 0.784260 s
currentSize : 21 <-- 0.852780 s
currentSize : 22 <-- 0.879209 s
currentSize : 23 <-- 0.879275 s
currentSize : 24 <-- 20.548290 s
currentSize : 25 <-- 21.551001 s

maxsize : 25
nodes : 8582704.000000
filtered : 328045487.000000
time : 57.967289
