Parameters: GAD=1 vflib=1 dir=0 label=0 lowerbound=1 fileNameGp=../../cp2016-max-common-connected-subgraph-paper/datasets/graphsdb/mcs70/m2D/m2Dr4/mcs70_m2Dr4_s40.A07 fileNameGt=../../cp2016-max-common-connected-subgraph-paper/datasets/graphsdb/mcs70/m2D/m2Dr4/mcs70_m2Dr4_s40.B07
Reading graphs...
40 :  82
40 :  80
Initializing...
maxdom : 40
D->valSize : 1600
Solving...
currentSize : 21 <-- 0.056962 s
currentSize : 22 <-- 0.057383 s
currentSize : 23 <-- 0.058825 s
currentSize : 24 <-- 3.123299 s
currentSize : 25 <-- 3.152884 s
currentSize : 26 <-- 13.296101 s
currentSize : 27 <-- 242.511322 s

TIMEOUT
maxsize : 27
nodes : 159396856.000000
filtered : 4434508069.000000
time : 1000.000061
