Parameters: GAD=1 vflib=1 dir=0 label=0 lowerbound=1 fileNameGp=../../cp2016-max-common-connected-subgraph-paper/datasets/graphsdb/mcs70/m3D/m3Dr4/mcs70_m3Dr4_s40.A03 fileNameGt=../../cp2016-max-common-connected-subgraph-paper/datasets/graphsdb/mcs70/m3D/m3Dr4/mcs70_m3Dr4_s40.B03
Reading graphs...
40 :  98
40 :  96
Initializing...
maxdom : 40
D->valSize : 1600
Solving...
currentSize : 14 <-- 0.060960 s
currentSize : 15 <-- 0.061010 s
currentSize : 16 <-- 0.061105 s
currentSize : 18 <-- 0.063353 s
currentSize : 19 <-- 0.101408 s
currentSize : 20 <-- 0.174324 s
currentSize : 21 <-- 0.534118 s
currentSize : 22 <-- 0.754239 s
currentSize : 23 <-- 11.881971 s
currentSize : 24 <-- 202.608627 s

TIMEOUT
maxsize : 24
nodes : 176819444.000000
filtered : 4297707170.000000
time : 1000.000000
