Parameters: GAD=1 vflib=1 dir=0 label=0 lowerbound=1 fileNameGp=../../cp2016-max-common-connected-subgraph-paper/datasets/graphsdb/mcs70/bvg/b03m/mcs70_b03m_s35.A06 fileNameGt=../../cp2016-max-common-connected-subgraph-paper/datasets/graphsdb/mcs70/bvg/b03m/mcs70_b03m_s35.B06
Reading graphs...
35 :  51
35 :  52
Initializing...
maxdom : 35
D->valSize : 1225
Solving...
currentSize : 16 <-- 0.021099 s
currentSize : 18 <-- 0.021126 s
currentSize : 19 <-- 0.021169 s
currentSize : 20 <-- 0.022082 s
currentSize : 21 <-- 0.038072 s
currentSize : 22 <-- 0.274323 s
currentSize : 23 <-- 0.441811 s
currentSize : 24 <-- 0.497447 s
currentSize : 25 <-- 102.131203 s
currentSize : 26 <-- 284.786621 s

maxsize : 26
nodes : 73415280.000000
filtered : 1643639505.000000
time : 397.517639
