Parameters: GAD=1 vflib=1 dir=0 label=0 lowerbound=1 fileNameGp=../../cp2016-max-common-connected-subgraph-paper/datasets/graphsdb/mcs70/m2D/m2D/mcs70_m2D_s50.A00 fileNameGt=../../cp2016-max-common-connected-subgraph-paper/datasets/graphsdb/mcs70/m2D/m2D/mcs70_m2D_s50.B00
Reading graphs...
50 :  85
50 :  85
Initializing...
maxdom : 50
D->valSize : 2500
Solving...
currentSize : 27 <-- 0.096446 s
currentSize : 29 <-- 0.098081 s
currentSize : 30 <-- 17.219736 s
currentSize : 31 <-- 44.234848 s
currentSize : 32 <-- 55.653313 s
currentSize : 33 <-- 121.204323 s
currentSize : 34 <-- 754.298950 s

TIMEOUT
maxsize : 34
nodes : 168986171.000000
filtered : 2916034430.000000
time : 1000.000061
