Parameters: GAD=1 vflib=1 dir=0 label=0 lowerbound=1 fileNameGp=../../cp2016-max-common-connected-subgraph-paper/datasets/graphsdb/mcs70/m3D/m3Dr2/mcs70_m3Dr2_s40.A07 fileNameGt=../../cp2016-max-common-connected-subgraph-paper/datasets/graphsdb/mcs70/m3D/m3Dr2/mcs70_m3Dr2_s40.B07
Reading graphs...
40 :  91
40 :  91
Initializing...
maxdom : 40
D->valSize : 1600
Solving...
currentSize : 19 <-- 0.057587 s
currentSize : 20 <-- 0.061503 s
currentSize : 21 <-- 0.116767 s
currentSize : 22 <-- 0.137287 s
currentSize : 23 <-- 3.153312 s
currentSize : 24 <-- 3.185748 s
currentSize : 25 <-- 28.225840 s

TIMEOUT
maxsize : 25
nodes : 173087632.000000
filtered : 4365719118.000000
time : 1000.000000
