Parameters: GAD=1 vflib=1 dir=0 label=0 lowerbound=1 fileNameGp=../../cp2016-max-common-connected-subgraph-paper/datasets/graphsdb/mcs70/bvg/b03/mcs70_b03_s50.A04 fileNameGt=../../cp2016-max-common-connected-subgraph-paper/datasets/graphsdb/mcs70/bvg/b03/mcs70_b03_s50.B04
Reading graphs...
50 :  75
50 :  75
Initializing...
maxdom : 50
D->valSize : 2500
Solving...
currentSize : 29 <-- 0.122820 s
currentSize : 31 <-- 0.122865 s
currentSize : 32 <-- 0.124487 s
currentSize : 33 <-- 0.454933 s
currentSize : 34 <-- 0.461898 s
currentSize : 35 <-- 0.644533 s
currentSize : 36 <-- 86.769089 s
currentSize : 37 <-- 748.309875 s

TIMEOUT
maxsize : 37
nodes : 136246323.000000
filtered : 3663862694.000000
time : 1000.000061
