Parameters: GAD=1 vflib=1 dir=0 label=0 lowerbound=1 fileNameGp=../../cp2016-max-common-connected-subgraph-paper/datasets/graphsdb/mcs70/m2D/m2D/mcs70_m2D_s35.A05 fileNameGt=../../cp2016-max-common-connected-subgraph-paper/datasets/graphsdb/mcs70/m2D/m2D/mcs70_m2D_s35.B05
Reading graphs...
35 :  58
35 :  58
Initializing...
maxdom : 35
D->valSize : 1225
Solving...
currentSize : 11 <-- 0.020562 s
currentSize : 12 <-- 0.020594 s
currentSize : 15 <-- 0.020630 s
currentSize : 16 <-- 0.020647 s
currentSize : 20 <-- 0.020673 s
currentSize : 21 <-- 0.021170 s
currentSize : 22 <-- 0.021389 s
currentSize : 23 <-- 0.031203 s
currentSize : 24 <-- 0.278575 s
currentSize : 25 <-- 0.810961 s
currentSize : 26 <-- 20.301937 s
currentSize : 27 <-- 23.090635 s
currentSize : 28 <-- 29.776871 s

maxsize : 28
nodes : 7006076.000000
filtered : 198268125.000000
time : 42.030956
