Parameters: GAD=1 vflib=1 dir=0 label=0 lowerbound=1 fileNameGp=../../cp2016-max-common-connected-subgraph-paper/datasets/graphsdb/mcs70/bvg/b06m/mcs70_b06m_s50.A02 fileNameGt=../../cp2016-max-common-connected-subgraph-paper/datasets/graphsdb/mcs70/bvg/b06m/mcs70_b06m_s50.B02
Reading graphs...
50 :  148
50 :  148
Initializing...
maxdom : 50
D->valSize : 2500
Solving...
currentSize : 18 <-- 0.158898 s
currentSize : 19 <-- 0.158941 s
currentSize : 20 <-- 0.159072 s
currentSize : 21 <-- 0.159148 s
currentSize : 22 <-- 0.159641 s
currentSize : 23 <-- 0.163713 s
currentSize : 24 <-- 0.428643 s
currentSize : 25 <-- 1.434718 s
currentSize : 26 <-- 3.204453 s
currentSize : 27 <-- 46.943329 s
currentSize : 28 <-- 61.601845 s

TIMEOUT
maxsize : 28
nodes : 153794093.000000
filtered : 4320883927.000000
time : 1000.000061
