Parameters: GAD=1 vflib=1 dir=0 label=0 lowerbound=1 fileNameGp=../../cp2016-max-common-connected-subgraph-paper/datasets/graphsdb/mcs70/m4D/m4Dr6/mcs70_m4Dr6_s25.A05 fileNameGt=../../cp2016-max-common-connected-subgraph-paper/datasets/graphsdb/mcs70/m4D/m4Dr6/mcs70_m4Dr6_s25.B05
Reading graphs...
25 :  58
25 :  59
Initializing...
maxdom : 25
D->valSize : 625
Solving...
currentSize : 11 <-- 0.004972 s
currentSize : 12 <-- 0.005012 s
currentSize : 13 <-- 0.005093 s
currentSize : 14 <-- 0.005348 s
currentSize : 15 <-- 0.016697 s
currentSize : 16 <-- 0.020700 s
currentSize : 17 <-- 0.162647 s

maxsize : 17
nodes : 613808.000000
filtered : 15101551.000000
time : 2.895917
