Parameters: GAD=1 vflib=1 dir=0 label=0 lowerbound=1 fileNameGp=../../cp2016-max-common-connected-subgraph-paper/datasets/graphsdb/mcs70/rand/r005/mcs70_r005_s50.A04 fileNameGt=../../cp2016-max-common-connected-subgraph-paper/datasets/graphsdb/mcs70/rand/r005/mcs70_r005_s50.B04
Reading graphs...
50 :  119
50 :  120
Initializing...
maxdom : 50
D->valSize : 2500
Solving...
currentSize : 18 <-- 0.093304 s
currentSize : 19 <-- 0.093352 s
currentSize : 21 <-- 0.093420 s
currentSize : 22 <-- 0.099451 s
currentSize : 23 <-- 0.102892 s
currentSize : 24 <-- 0.104427 s
currentSize : 25 <-- 0.386394 s
currentSize : 26 <-- 2.437353 s
currentSize : 27 <-- 114.070992 s
currentSize : 28 <-- 156.163528 s
currentSize : 29 <-- 352.428772 s

TIMEOUT
maxsize : 29
nodes : 160738847.000000
filtered : 3247292814.000000
time : 1000.000061
