Parameters: GAD=1 vflib=1 dir=0 label=0 lowerbound=1 fileNameGp=../../cp2016-max-common-connected-subgraph-paper/datasets/graphsdb/mcs70/bvg/b03m/mcs70_b03m_s40.A02 fileNameGt=../../cp2016-max-common-connected-subgraph-paper/datasets/graphsdb/mcs70/bvg/b03m/mcs70_b03m_s40.B02
Reading graphs...
40 :  60
40 :  60
Initializing...
maxdom : 40
D->valSize : 1600
Solving...
currentSize : 19 <-- 0.064314 s
currentSize : 20 <-- 0.525494 s
currentSize : 21 <-- 2.110232 s
currentSize : 22 <-- 2.121280 s
currentSize : 23 <-- 6.563236 s
currentSize : 24 <-- 6.570040 s
currentSize : 25 <-- 29.220545 s
currentSize : 26 <-- 133.458099 s
currentSize : 27 <-- 329.332520 s
currentSize : 28 <-- 401.545013 s
currentSize : 29 <-- 869.122864 s

TIMEOUT
maxsize : 29
nodes : 189003206.000000
filtered : 3557587531.000000
time : 1000.000000
