Parameters: GAD=1 vflib=1 dir=0 label=0 lowerbound=1 fileNameGp=../../cp2016-max-common-connected-subgraph-paper/datasets/graphsdb/mcs70/bvg/b03m/mcs70_b03m_s25.A09 fileNameGt=../../cp2016-max-common-connected-subgraph-paper/datasets/graphsdb/mcs70/bvg/b03m/mcs70_b03m_s25.B09
Reading graphs...
25 :  37
25 :  37
Initializing...
maxdom : 25
D->valSize : 625
Solving...
currentSize : 11 <-- 0.005199 s
currentSize : 12 <-- 0.005223 s
currentSize : 13 <-- 0.005272 s
currentSize : 14 <-- 0.006744 s
currentSize : 15 <-- 0.010842 s
currentSize : 16 <-- 0.084708 s
currentSize : 17 <-- 0.087293 s
currentSize : 18 <-- 0.705817 s

maxsize : 18
nodes : 779554.000000
filtered : 13351720.000000
time : 3.129454
