Parameters: GAD=1 vflib=1 dir=0 label=0 lowerbound=1 fileNameGp=../../cp2016-max-common-connected-subgraph-paper/datasets/graphsdb/mcs70/bvg/b03/mcs70_b03_s35.A06 fileNameGt=../../cp2016-max-common-connected-subgraph-paper/datasets/graphsdb/mcs70/bvg/b03/mcs70_b03_s35.B06
Reading graphs...
35 :  52
35 :  52
Initializing...
maxdom : 35
D->valSize : 1225
Solving...
currentSize : 19 <-- 0.021043 s
currentSize : 20 <-- 0.021206 s
currentSize : 21 <-- 0.252656 s
currentSize : 22 <-- 0.317126 s
currentSize : 23 <-- 1.160626 s
currentSize : 24 <-- 2.284286 s
currentSize : 25 <-- 2.875539 s
currentSize : 26 <-- 14.579177 s
currentSize : 27 <-- 15.761768 s
currentSize : 28 <-- 21.680092 s

maxsize : 28
nodes : 6117507.000000
filtered : 142275624.000000
time : 32.104710
