Parameters: GAD=1 vflib=1 dir=0 label=0 lowerbound=1 fileNameGp=../../cp2016-max-common-connected-subgraph-paper/datasets/graphsdb/mcs70/bvg/b03m/mcs70_b03m_s40.A04 fileNameGt=../../cp2016-max-common-connected-subgraph-paper/datasets/graphsdb/mcs70/bvg/b03m/mcs70_b03m_s40.B04
Reading graphs...
40 :  59
40 :  59
Initializing...
maxdom : 40
D->valSize : 1600
Solving...
currentSize : 12 <-- 0.058869 s
currentSize : 17 <-- 0.059123 s
currentSize : 18 <-- 0.059496 s
currentSize : 21 <-- 0.062384 s
currentSize : 22 <-- 0.062472 s
currentSize : 23 <-- 0.062698 s
currentSize : 24 <-- 0.083712 s
currentSize : 25 <-- 0.084076 s
currentSize : 26 <-- 43.517529 s
currentSize : 27 <-- 54.620110 s

TIMEOUT
maxsize : 27
nodes : 195950217.000000
filtered : 3272497380.000000
time : 1000.000000
