Parameters: GAD=1 vflib=1 dir=0 label=0 lowerbound=1 fileNameGp=../../cp2016-max-common-connected-subgraph-paper/datasets/graphsdb/mcs70/m3D/m3D/mcs70_m3D_s35.A09 fileNameGt=../../cp2016-max-common-connected-subgraph-paper/datasets/graphsdb/mcs70/m3D/m3D/mcs70_m3D_s35.B09
Reading graphs...
35 :  72
35 :  72
Initializing...
maxdom : 35
D->valSize : 1225
Solving...
currentSize : 17 <-- 0.035504 s
currentSize : 18 <-- 0.036031 s
currentSize : 19 <-- 0.038967 s
currentSize : 20 <-- 0.046944 s
currentSize : 21 <-- 0.046975 s
currentSize : 22 <-- 0.348322 s
currentSize : 23 <-- 0.966186 s
currentSize : 24 <-- 18.983200 s
currentSize : 25 <-- 18.983484 s
currentSize : 26 <-- 21.682610 s
currentSize : 27 <-- 22.784609 s
currentSize : 28 <-- 24.267111 s

maxsize : 28
nodes : 6111092.000000
filtered : 162503053.000000
time : 35.095539
