Parameters: GAD=1 vflib=1 dir=0 label=0 lowerbound=1 fileNameGp=../../cp2016-max-common-connected-subgraph-paper/datasets/graphsdb/mcs70/bvg/b09m/mcs70_b09m_s35.A02 fileNameGt=../../cp2016-max-common-connected-subgraph-paper/datasets/graphsdb/mcs70/bvg/b09m/mcs70_b09m_s35.B02
Reading graphs...
35 :  151
35 :  151
Initializing...
maxdom : 35
D->valSize : 1225
Solving...
currentSize : 10 <-- 0.018029 s
currentSize : 11 <-- 0.018245 s
currentSize : 12 <-- 0.018468 s
currentSize : 13 <-- 0.018723 s
currentSize : 14 <-- 0.023793 s
currentSize : 15 <-- 0.029937 s
currentSize : 16 <-- 0.122403 s
currentSize : 17 <-- 0.750362 s
currentSize : 24 <-- 6.060243 s

maxsize : 24
nodes : 4026014.000000
filtered : 157994728.000000
time : 26.502787
