Parameters: GAD=1 vflib=1 dir=0 label=0 lowerbound=1 fileNameGp=../../cp2016-max-common-connected-subgraph-paper/datasets/graphsdb/mcs70/m2D/m2Dr6/mcs70_m2Dr6_s25.A05 fileNameGt=../../cp2016-max-common-connected-subgraph-paper/datasets/graphsdb/mcs70/m2D/m2Dr6/mcs70_m2Dr6_s25.B05
Reading graphs...
25 :  53
25 :  53
Initializing...
maxdom : 25
D->valSize : 625
Solving...
currentSize : 10 <-- 0.008677 s
currentSize : 12 <-- 0.008704 s
currentSize : 13 <-- 0.009062 s
currentSize : 14 <-- 0.010642 s
currentSize : 15 <-- 0.012451 s
currentSize : 16 <-- 0.013566 s
currentSize : 17 <-- 2.021834 s

maxsize : 17
nodes : 1127700.000000
filtered : 21396034.000000
time : 4.690474
