Parameters: GAD=1 vflib=1 dir=0 label=0 lowerbound=1 fileNameGp=../../cp2016-max-common-connected-subgraph-paper/datasets/graphsdb/mcs70/rand/r02/mcs70_r02_s40.A01 fileNameGt=../../cp2016-max-common-connected-subgraph-paper/datasets/graphsdb/mcs70/rand/r02/mcs70_r02_s40.B01
Reading graphs...
40 :  277
40 :  281
Initializing...
maxdom : 40
D->valSize : 1600
Solving...
currentSize : 11 <-- 0.051533 s
currentSize : 12 <-- 0.051633 s
currentSize : 13 <-- 0.053196 s
currentSize : 14 <-- 0.059896 s
currentSize : 15 <-- 0.692720 s
currentSize : 16 <-- 313.781433 s
currentSize : 17 <-- 324.749969 s
currentSize : 18 <-- 324.754639 s
currentSize : 20 <-- 325.462189 s
currentSize : 21 <-- 382.729279 s
currentSize : 28 <-- 382.742218 s

maxsize : 28
nodes : 87807091.000000
filtered : 1331683218.000000
time : 436.740234
