Parameters: GAD=1 vflib=1 dir=0 label=0 lowerbound=1 fileNameGp=../../cp2016-max-common-connected-subgraph-paper/datasets/graphsdb/mcs70/rand/r01/mcs70_r01_s25.A09 fileNameGt=../../cp2016-max-common-connected-subgraph-paper/datasets/graphsdb/mcs70/rand/r01/mcs70_r01_s25.B09
Reading graphs...
25 :  57
25 :  59
Initializing...
maxdom : 25
D->valSize : 625
Solving...
currentSize : 9 <-- 0.008478 s
currentSize : 10 <-- 0.008515 s
currentSize : 11 <-- 0.008559 s
currentSize : 12 <-- 0.008566 s
currentSize : 13 <-- 0.010373 s
currentSize : 14 <-- 0.013936 s
currentSize : 15 <-- 0.026741 s
currentSize : 16 <-- 1.102785 s
currentSize : 17 <-- 1.323495 s

maxsize : 17
nodes : 888334.000000
filtered : 18977879.000000
time : 3.954426
