Parameters: GAD=1 vflib=1 dir=0 label=0 lowerbound=1 fileNameGp=../../cp2016-max-common-connected-subgraph-paper/datasets/graphsdb/mcs70/m3D/m3D/mcs70_m3D_s35.A00 fileNameGt=../../cp2016-max-common-connected-subgraph-paper/datasets/graphsdb/mcs70/m3D/m3D/mcs70_m3D_s35.B00
Reading graphs...
35 :  72
35 :  72
Initializing...
maxdom : 35
D->valSize : 1225
Solving...
currentSize : 17 <-- 0.035999 s
currentSize : 18 <-- 0.036033 s
currentSize : 19 <-- 0.038300 s
currentSize : 20 <-- 0.040014 s
currentSize : 21 <-- 0.058715 s
currentSize : 22 <-- 0.065983 s
currentSize : 23 <-- 2.013817 s
currentSize : 24 <-- 4.549320 s
currentSize : 25 <-- 29.123878 s
currentSize : 26 <-- 29.143787 s
currentSize : 27 <-- 29.149391 s
currentSize : 28 <-- 33.126110 s

maxsize : 28
nodes : 9536549.000000
filtered : 252002019.000000
time : 53.244617
