Parameters: GAD=1 vflib=1 dir=0 label=0 lowerbound=1 fileNameGp=../../cp2016-max-common-connected-subgraph-paper/datasets/graphsdb/mcs70/m3D/m3Dr2/mcs70_m3Dr2_s40.A00 fileNameGt=../../cp2016-max-common-connected-subgraph-paper/datasets/graphsdb/mcs70/m3D/m3Dr2/mcs70_m3Dr2_s40.B00
Reading graphs...
40 :  91
40 :  90
Initializing...
maxdom : 40
D->valSize : 1600
Solving...
currentSize : 17 <-- 0.056339 s
currentSize : 18 <-- 0.056399 s
currentSize : 19 <-- 0.056437 s
currentSize : 20 <-- 0.057346 s
currentSize : 21 <-- 0.059428 s
currentSize : 22 <-- 0.191450 s
currentSize : 23 <-- 1.634888 s
currentSize : 24 <-- 2.143474 s
currentSize : 25 <-- 38.997005 s

TIMEOUT
maxsize : 25
nodes : 164395963.000000
filtered : 4597802444.000000
time : 1000.000061
