Parameters: GAD=1 vflib=1 dir=0 label=0 lowerbound=1 fileNameGp=../../cp2016-max-common-connected-subgraph-paper/datasets/graphsdb/mcs70/rand/r005/mcs70_r005_s35.A01 fileNameGt=../../cp2016-max-common-connected-subgraph-paper/datasets/graphsdb/mcs70/rand/r005/mcs70_r005_s35.B01
Reading graphs...
35 :  58
35 :  57
Initializing...
maxdom : 35
D->valSize : 1225
Solving...
currentSize : 14 <-- 0.020897 s
currentSize : 15 <-- 0.020960 s
currentSize : 16 <-- 0.021572 s
currentSize : 17 <-- 0.026092 s
currentSize : 18 <-- 0.026152 s
currentSize : 19 <-- 0.090714 s
currentSize : 20 <-- 5.352400 s
currentSize : 21 <-- 5.364360 s
currentSize : 22 <-- 6.628141 s
currentSize : 23 <-- 9.770635 s
currentSize : 24 <-- 22.772867 s
currentSize : 25 <-- 76.093086 s
currentSize : 26 <-- 171.771164 s

maxsize : 26
nodes : 44694689.000000
filtered : 1146229726.000000
time : 253.356796
