Parameters: GAD=1 vflib=1 dir=0 label=0 lowerbound=1 fileNameGp=../../cp2016-max-common-connected-subgraph-paper/datasets/graphsdb/mcs70/m2D/m2D/mcs70_m2D_s35.A01 fileNameGt=../../cp2016-max-common-connected-subgraph-paper/datasets/graphsdb/mcs70/m2D/m2D/mcs70_m2D_s35.B01
Reading graphs...
35 :  57
35 :  58
Initializing...
maxdom : 35
D->valSize : 1225
Solving...
currentSize : 18 <-- 0.020702 s
currentSize : 19 <-- 0.020776 s
currentSize : 20 <-- 0.021055 s
currentSize : 21 <-- 0.028185 s
currentSize : 22 <-- 0.086640 s
currentSize : 23 <-- 0.120657 s
currentSize : 24 <-- 0.555673 s
currentSize : 25 <-- 47.127274 s
currentSize : 26 <-- 117.743095 s

maxsize : 26
nodes : 49005687.000000
filtered : 1292501807.000000
time : 284.640533
