Parameters: GAD=1 vflib=1 dir=0 label=0 lowerbound=1 fileNameGp=../../cp2016-max-common-connected-subgraph-paper/datasets/graphsdb/mcs70/rand/r005/mcs70_r005_s40.A02 fileNameGt=../../cp2016-max-common-connected-subgraph-paper/datasets/graphsdb/mcs70/rand/r005/mcs70_r005_s40.B02
Reading graphs...
40 :  75
40 :  75
Initializing...
maxdom : 40
D->valSize : 1600
Solving...
currentSize : 15 <-- 0.057347 s
currentSize : 16 <-- 0.057406 s
currentSize : 17 <-- 0.057440 s
currentSize : 18 <-- 0.057462 s
currentSize : 19 <-- 0.057631 s
currentSize : 20 <-- 0.058301 s
currentSize : 21 <-- 0.058492 s
currentSize : 22 <-- 0.066200 s
currentSize : 23 <-- 0.079486 s
currentSize : 24 <-- 0.169659 s
currentSize : 25 <-- 32.669827 s
currentSize : 26 <-- 34.145432 s
currentSize : 27 <-- 100.731773 s

TIMEOUT
maxsize : 27
nodes : 165016860.000000
filtered : 4149184799.000000
time : 1000.000061
