Parameters: GAD=1 vflib=1 dir=0 label=0 lowerbound=1 fileNameGp=../../cp2016-max-common-connected-subgraph-paper/datasets/graphsdb/mcs70/m2D/m2Dr2/mcs70_m2Dr2_s25.A08 fileNameGt=../../cp2016-max-common-connected-subgraph-paper/datasets/graphsdb/mcs70/m2D/m2Dr2/mcs70_m2Dr2_s25.B08
Reading graphs...
25 :  45
25 :  45
Initializing...
maxdom : 25
D->valSize : 625
Solving...
currentSize : 11 <-- 0.005159 s
currentSize : 13 <-- 0.005522 s
currentSize : 14 <-- 0.010865 s
currentSize : 15 <-- 0.017318 s
currentSize : 16 <-- 0.108087 s
currentSize : 17 <-- 0.640184 s
currentSize : 18 <-- 0.720607 s

maxsize : 18
nodes : 553334.000000
filtered : 11546282.000000
time : 2.437149
