Parameters: GAD=1 vflib=1 dir=0 label=0 lowerbound=1 fileNameGp=../../cp2016-max-common-connected-subgraph-paper/datasets/graphsdb/mcs70/m2D/m2Dr4/mcs70_m2Dr4_s40.A00 fileNameGt=../../cp2016-max-common-connected-subgraph-paper/datasets/graphsdb/mcs70/m2D/m2Dr4/mcs70_m2Dr4_s40.B00
Reading graphs...
40 :  80
40 :  82
Initializing...
maxdom : 40
D->valSize : 1600
Solving...
currentSize : 20 <-- 0.035468 s
currentSize : 21 <-- 0.476410 s
currentSize : 22 <-- 1.380528 s
currentSize : 23 <-- 4.668092 s
currentSize : 24 <-- 6.280899 s
currentSize : 25 <-- 6.674004 s
currentSize : 26 <-- 74.879997 s
currentSize : 27 <-- 75.007530 s

TIMEOUT
maxsize : 27
nodes : 155111278.000000
filtered : 4621501533.000000
time : 1000.000000
