Parameters: GAD=1 vflib=1 dir=0 label=0 lowerbound=1 fileNameGp=../../cp2016-max-common-connected-subgraph-paper/datasets/graphsdb/mcs70/m2D/m2Dr6/mcs70_m2Dr6_s50.A06 fileNameGt=../../cp2016-max-common-connected-subgraph-paper/datasets/graphsdb/mcs70/m2D/m2Dr6/mcs70_m2Dr6_s50.B06
Reading graphs...
50 :  115
50 :  113
Initializing...
maxdom : 50
D->valSize : 2500
Solving...
currentSize : 22 <-- 0.093941 s
currentSize : 23 <-- 0.094294 s
currentSize : 24 <-- 0.100303 s
currentSize : 25 <-- 0.103311 s
currentSize : 26 <-- 0.156186 s
currentSize : 27 <-- 0.217294 s
currentSize : 28 <-- 8.756136 s
currentSize : 29 <-- 27.031857 s
currentSize : 30 <-- 363.348969 s

TIMEOUT
maxsize : 30
nodes : 154364252.000000
filtered : 3735517414.000000
time : 1000.000061
