Parameters: GAD=1 vflib=1 dir=0 label=0 lowerbound=1 fileNameGp=../../cp2016-max-common-connected-subgraph-paper/datasets/graphsdb/mcs70/rand/r01/mcs70_r01_s35.A01 fileNameGt=../../cp2016-max-common-connected-subgraph-paper/datasets/graphsdb/mcs70/rand/r01/mcs70_r01_s35.B01
Reading graphs...
35 :  113
35 :  115
Initializing...
maxdom : 35
D->valSize : 1225
Solving...
currentSize : 13 <-- 0.018832 s
currentSize : 14 <-- 0.019679 s
currentSize : 15 <-- 0.020802 s
currentSize : 16 <-- 0.046416 s
currentSize : 17 <-- 0.268789 s
currentSize : 18 <-- 0.996588 s
currentSize : 19 <-- 15.194033 s
currentSize : 20 <-- 160.907135 s
currentSize : 21 <-- 422.334503 s
currentSize : 24 <-- 422.388275 s

maxsize : 24
nodes : 87715399.000000
filtered : 2034777753.000000
time : 466.805847
