Parameters: GAD=1 vflib=1 dir=0 label=0 lowerbound=1 fileNameGp=../../cp2016-max-common-connected-subgraph-paper/datasets/graphsdb/mcs70/rand/r005/mcs70_r005_s25.A09 fileNameGt=../../cp2016-max-common-connected-subgraph-paper/datasets/graphsdb/mcs70/rand/r005/mcs70_r005_s25.B09
Reading graphs...
25 :  32
25 :  33
Initializing...
maxdom : 25
D->valSize : 625
Solving...
currentSize : 9 <-- 0.005240 s
currentSize : 13 <-- 0.005267 s
currentSize : 14 <-- 0.018677 s
currentSize : 15 <-- 0.081899 s
currentSize : 16 <-- 0.169552 s
currentSize : 17 <-- 0.284253 s
currentSize : 18 <-- 2.014466 s

maxsize : 18
nodes : 1132684.000000
filtered : 12597631.000000
time : 3.735994
