Parameters: GAD=1 vflib=1 dir=0 label=0 lowerbound=1 fileNameGp=../../cp2016-max-common-connected-subgraph-paper/datasets/graphsdb/mcs70/m2D/m2D/mcs70_m2D_s35.A09 fileNameGt=../../cp2016-max-common-connected-subgraph-paper/datasets/graphsdb/mcs70/m2D/m2D/mcs70_m2D_s35.B09
Reading graphs...
35 :  58
35 :  58
Initializing...
maxdom : 35
D->valSize : 1225
Solving...
currentSize : 14 <-- 0.020477 s
currentSize : 21 <-- 0.020566 s
currentSize : 22 <-- 0.087396 s
currentSize : 23 <-- 0.737831 s
currentSize : 24 <-- 3.310211 s
currentSize : 25 <-- 7.937495 s
currentSize : 26 <-- 62.624969 s
currentSize : 27 <-- 62.984024 s

maxsize : 27
nodes : 18071037.000000
filtered : 500054020.000000
time : 109.507622
