Parameters: GAD=1 vflib=1 dir=0 label=0 lowerbound=1 fileNameGp=../../cp2016-max-common-connected-subgraph-paper/datasets/graphsdb/mcs70/m3D/m3Dr2/mcs70_m3Dr2_s35.A06 fileNameGt=../../cp2016-max-common-connected-subgraph-paper/datasets/graphsdb/mcs70/m3D/m3Dr2/mcs70_m3Dr2_s35.B06
Reading graphs...
35 :  79
35 :  78
Initializing...
maxdom : 35
D->valSize : 1225
Solving...
currentSize : 16 <-- 0.032376 s
currentSize : 17 <-- 0.032545 s
currentSize : 18 <-- 0.053257 s
currentSize : 19 <-- 0.284927 s
currentSize : 20 <-- 0.733115 s
currentSize : 21 <-- 0.963881 s
currentSize : 22 <-- 36.729073 s
currentSize : 23 <-- 126.573212 s
currentSize : 24 <-- 174.600891 s
currentSize : 25 <-- 174.795700 s
currentSize : 26 <-- 174.795746 s
currentSize : 27 <-- 213.029053 s

maxsize : 27
nodes : 41478200.000000
filtered : 1022350555.000000
time : 223.049118
