Parameters: GAD=1 vflib=1 dir=0 label=0 lowerbound=1 fileNameGp=../../cp2016-max-common-connected-subgraph-paper/datasets/graphsdb/mcs70/rand/r005/mcs70_r005_s25.A01 fileNameGt=../../cp2016-max-common-connected-subgraph-paper/datasets/graphsdb/mcs70/rand/r005/mcs70_r005_s25.B01
Reading graphs...
25 :  33
25 :  33
Initializing...
maxdom : 25
D->valSize : 625
Solving...
currentSize : 13 <-- 0.009228 s
currentSize : 14 <-- 0.009251 s
currentSize : 15 <-- 0.010414 s
currentSize : 16 <-- 0.042339 s
currentSize : 17 <-- 0.042975 s
currentSize : 18 <-- 0.179267 s
currentSize : 19 <-- 0.179608 s

maxsize : 19
nodes : 257638.000000
filtered : 4815183.000000
time : 1.130095
