Parameters: GAD=1 vflib=1 dir=0 label=0 lowerbound=1 fileNameGp=../../cp2016-max-common-connected-subgraph-paper/datasets/graphsdb/mcs70/bvg/b06m/mcs70_b06m_s50.A06 fileNameGt=../../cp2016-max-common-connected-subgraph-paper/datasets/graphsdb/mcs70/bvg/b06m/mcs70_b06m_s50.B06
Reading graphs...
50 :  147
50 :  146
Initializing...
maxdom : 50
D->valSize : 2500
Solving...
currentSize : 20 <-- 0.091064 s
currentSize : 21 <-- 0.091110 s
currentSize : 22 <-- 0.127085 s
currentSize : 23 <-- 0.127450 s
currentSize : 24 <-- 0.163790 s
currentSize : 25 <-- 7.929189 s
currentSize : 26 <-- 14.749930 s
currentSize : 27 <-- 14.825054 s
currentSize : 28 <-- 734.833496 s

TIMEOUT
maxsize : 28
nodes : 146364331.000000
filtered : 4014688476.000000
time : 1000.000061
