Parameters: GAD=1 vflib=1 dir=0 label=0 lowerbound=1 fileNameGp=../../cp2016-max-common-connected-subgraph-paper/datasets/graphsdb/mcs70/rand/r02/mcs70_r02_s30.A02 fileNameGt=../../cp2016-max-common-connected-subgraph-paper/datasets/graphsdb/mcs70/rand/r02/mcs70_r02_s30.B02
Reading graphs...
30 :  151
30 :  153
Initializing...
maxdom : 30
D->valSize : 900
Solving...
currentSize : 9 <-- 0.010108 s
currentSize : 10 <-- 0.010146 s
currentSize : 11 <-- 0.010467 s
currentSize : 12 <-- 0.010512 s
currentSize : 14 <-- 0.022020 s
currentSize : 15 <-- 0.205544 s
currentSize : 16 <-- 0.319980 s
currentSize : 19 <-- 0.725982 s
currentSize : 21 <-- 0.726238 s

maxsize : 21
nodes : 665183.000000
filtered : 26115689.000000
time : 4.211087
