Parameters: GAD=1 vflib=1 dir=0 label=0 lowerbound=1 fileNameGp=../../cp2016-max-common-connected-subgraph-paper/datasets/graphsdb/mcs70/bvg/b03/mcs70_b03_s40.A07 fileNameGt=../../cp2016-max-common-connected-subgraph-paper/datasets/graphsdb/mcs70/bvg/b03/mcs70_b03_s40.B07
Reading graphs...
40 :  60
40 :  60
Initializing...
maxdom : 40
D->valSize : 1600
Solving...
currentSize : 20 <-- 0.036341 s
currentSize : 21 <-- 0.036526 s
currentSize : 22 <-- 0.036729 s
currentSize : 23 <-- 0.039246 s
currentSize : 24 <-- 0.040144 s
currentSize : 25 <-- 0.057723 s
currentSize : 27 <-- 9.327778 s
currentSize : 28 <-- 16.198345 s
currentSize : 29 <-- 34.453323 s
currentSize : 30 <-- 81.197937 s
currentSize : 31 <-- 297.265442 s
currentSize : 32 <-- 304.772919 s

maxsize : 32
nodes : 60655938.000000
filtered : 1766666196.000000
time : 398.800842
