Parameters: GAD=1 vflib=1 dir=0 label=0 lowerbound=1 fileNameGp=../../cp2016-max-common-connected-subgraph-paper/datasets/graphsdb/mcs70/bvg/b03/mcs70_b03_s30.A01 fileNameGt=../../cp2016-max-common-connected-subgraph-paper/datasets/graphsdb/mcs70/bvg/b03/mcs70_b03_s30.B01
Reading graphs...
30 :  45
30 :  45
Initializing...
maxdom : 30
D->valSize : 900
Solving...
currentSize : 10 <-- 0.019199 s
currentSize : 15 <-- 0.019314 s
currentSize : 16 <-- 0.019448 s
currentSize : 17 <-- 0.019461 s
currentSize : 18 <-- 0.019509 s
currentSize : 19 <-- 0.027921 s
currentSize : 20 <-- 0.035718 s
currentSize : 21 <-- 0.842693 s
currentSize : 22 <-- 2.657841 s
currentSize : 23 <-- 15.875776 s

maxsize : 23
nodes : 4112398.000000
filtered : 86178955.000000
time : 20.828627
