Parameters: GAD=1 vflib=1 dir=0 label=0 lowerbound=1 fileNameGp=../../cp2016-max-common-connected-subgraph-paper/datasets/graphsdb/mcs70/m2D/m2Dr2/mcs70_m2Dr2_s50.A02 fileNameGt=../../cp2016-max-common-connected-subgraph-paper/datasets/graphsdb/mcs70/m2D/m2Dr2/mcs70_m2Dr2_s50.B02
Reading graphs...
50 :  94
50 :  94
Initializing...
maxdom : 50
D->valSize : 2500
Solving...
currentSize : 20 <-- 0.095665 s
currentSize : 22 <-- 0.095786 s
currentSize : 23 <-- 0.096073 s
currentSize : 24 <-- 0.139754 s
currentSize : 25 <-- 0.305939 s
currentSize : 26 <-- 0.440737 s
currentSize : 27 <-- 9.241368 s
currentSize : 28 <-- 19.311165 s
currentSize : 29 <-- 501.160614 s
currentSize : 30 <-- 782.116821 s

TIMEOUT
maxsize : 30
nodes : 216640175.000000
filtered : 2727710251.000000
time : 1000.000061
