Parameters: GAD=1 vflib=1 dir=0 label=0 lowerbound=1 fileNameGp=../../cp2016-max-common-connected-subgraph-paper/datasets/graphsdb/mcs70/m2D/m2D/mcs70_m2D_s25.A01 fileNameGt=../../cp2016-max-common-connected-subgraph-paper/datasets/graphsdb/mcs70/m2D/m2D/mcs70_m2D_s25.B01
Reading graphs...
25 :  38
25 :  40
Initializing...
maxdom : 25
D->valSize : 625
Solving...
currentSize : 11 <-- 0.008447 s
currentSize : 13 <-- 0.008492 s
currentSize : 14 <-- 0.008503 s
currentSize : 15 <-- 0.009827 s
currentSize : 16 <-- 0.010708 s
currentSize : 17 <-- 0.147029 s
currentSize : 18 <-- 0.163351 s
currentSize : 19 <-- 0.340227 s

maxsize : 19
nodes : 292119.000000
filtered : 5836937.000000
time : 1.266359
