Parameters: GAD=1 vflib=1 dir=0 label=0 lowerbound=1 fileNameGp=../../cp2016-max-common-connected-subgraph-paper/datasets/graphsdb/mcs70/bvg/b09m/mcs70_b09m_s35.A00 fileNameGt=../../cp2016-max-common-connected-subgraph-paper/datasets/graphsdb/mcs70/bvg/b09m/mcs70_b09m_s35.B00
Reading graphs...
35 :  153
35 :  154
Initializing...
maxdom : 35
D->valSize : 1225
Solving...
currentSize : 13 <-- 0.031454 s
currentSize : 14 <-- 0.031716 s
currentSize : 15 <-- 0.033499 s
currentSize : 16 <-- 0.033530 s
currentSize : 17 <-- 0.227279 s
currentSize : 18 <-- 156.870361 s
currentSize : 19 <-- 276.214233 s
currentSize : 20 <-- 298.334137 s
currentSize : 22 <-- 310.343414 s
currentSize : 24 <-- 376.069824 s

maxsize : 24
nodes : 73726210.000000
filtered : 1661949508.000000
time : 383.750763
