Parameters: GAD=1 vflib=1 dir=0 label=0 lowerbound=1 fileNameGp=../../cp2016-max-common-connected-subgraph-paper/datasets/graphsdb/mcs70/m3D/m3Dr6/mcs70_m3Dr6_s40.A05 fileNameGt=../../cp2016-max-common-connected-subgraph-paper/datasets/graphsdb/mcs70/m3D/m3Dr6/mcs70_m3Dr6_s40.B05
Reading graphs...
40 :  107
40 :  101
Initializing...
maxdom : 40
D->valSize : 1600
Solving...
currentSize : 17 <-- 0.059735 s
currentSize : 18 <-- 0.059860 s
currentSize : 19 <-- 0.194562 s
currentSize : 20 <-- 0.279037 s
currentSize : 21 <-- 0.286540 s
currentSize : 22 <-- 9.176415 s
currentSize : 23 <-- 22.759357 s
currentSize : 24 <-- 347.674774 s
currentSize : 26 <-- 908.716980 s
currentSize : 27 <-- 909.238098 s
currentSize : 28 <-- 909.386292 s

TIMEOUT
maxsize : 28
nodes : 166840820.000000
filtered : 4444473796.000000
time : 1000.000061
