Parameters: GAD=1 vflib=1 dir=0 label=0 lowerbound=1 fileNameGp=../../cp2016-max-common-connected-subgraph-paper/datasets/graphsdb/mcs70/bvg/b09/mcs70_b09_s50.A02 fileNameGt=../../cp2016-max-common-connected-subgraph-paper/datasets/graphsdb/mcs70/bvg/b09/mcs70_b09_s50.B02
Reading graphs...
50 :  219
50 :  224
Initializing...
maxdom : 50
D->valSize : 2500
Solving...
currentSize : 16 <-- 0.085516 s
currentSize : 17 <-- 0.085617 s
currentSize : 18 <-- 0.086955 s
currentSize : 19 <-- 0.088393 s
currentSize : 20 <-- 0.585282 s
currentSize : 21 <-- 1.876783 s
currentSize : 22 <-- 2.018796 s
currentSize : 23 <-- 12.375484 s
currentSize : 24 <-- 49.007755 s
currentSize : 25 <-- 50.130947 s
currentSize : 26 <-- 123.551941 s
currentSize : 27 <-- 167.197174 s
currentSize : 28 <-- 273.184509 s
currentSize : 29 <-- 281.697205 s
currentSize : 30 <-- 289.188873 s
currentSize : 32 <-- 289.189087 s
currentSize : 33 <-- 294.515717 s
currentSize : 34 <-- 666.532654 s
currentSize : 35 <-- 846.778198 s

TIMEOUT
maxsize : 35
nodes : 106165934.000000
filtered : 5984587600.000000
time : 1000.000061
