Parameters: GAD=1 vflib=1 dir=0 label=0 lowerbound=1 fileNameGp=../../cp2016-max-common-connected-subgraph-paper/datasets/graphsdb/mcs70/bvg/b06/mcs70_b06_s35.A03 fileNameGt=../../cp2016-max-common-connected-subgraph-paper/datasets/graphsdb/mcs70/bvg/b06/mcs70_b06_s35.B03
Reading graphs...
35 :  105
35 :  105
Initializing...
maxdom : 35
D->valSize : 1225
Solving...
currentSize : 15 <-- 0.019120 s
currentSize : 17 <-- 0.019187 s
currentSize : 18 <-- 0.019836 s
currentSize : 19 <-- 0.025933 s
currentSize : 20 <-- 0.071478 s
currentSize : 21 <-- 19.734619 s
currentSize : 22 <-- 37.827568 s
currentSize : 23 <-- 37.827766 s
currentSize : 25 <-- 37.883198 s

maxsize : 25
nodes : 14362718.000000
filtered : 501923557.000000
time : 90.185257
