Parameters: GAD=1 vflib=1 dir=0 label=0 lowerbound=1 fileNameGp=../../cp2016-max-common-connected-subgraph-paper/datasets/graphsdb/mcs70/rand/r005/mcs70_r005_s25.A04 fileNameGt=../../cp2016-max-common-connected-subgraph-paper/datasets/graphsdb/mcs70/rand/r005/mcs70_r005_s25.B04
Reading graphs...
25 :  33
25 :  32
Initializing...
maxdom : 25
D->valSize : 625
Solving...
currentSize : 9 <-- 0.005385 s
currentSize : 10 <-- 0.005460 s
currentSize : 11 <-- 0.005575 s
currentSize : 12 <-- 0.005810 s
currentSize : 13 <-- 0.007867 s
currentSize : 14 <-- 0.009044 s
currentSize : 15 <-- 0.042439 s
currentSize : 16 <-- 0.138259 s
currentSize : 17 <-- 0.675863 s
currentSize : 18 <-- 1.630178 s
currentSize : 19 <-- 2.080210 s
currentSize : 20 <-- 2.833452 s

maxsize : 20
nodes : 881642.000000
filtered : 9932468.000000
time : 2.897351
