Parameters: GAD=1 vflib=1 dir=0 label=0 lowerbound=1 fileNameGp=../../cp2016-max-common-connected-subgraph-paper/datasets/graphsdb/mcs70/rand/r005/mcs70_r005_s50.A05 fileNameGt=../../cp2016-max-common-connected-subgraph-paper/datasets/graphsdb/mcs70/rand/r005/mcs70_r005_s50.B05
Reading graphs...
50 :  118
50 :  119
Initializing...
maxdom : 50
D->valSize : 2500
Solving...
currentSize : 22 <-- 0.146767 s
currentSize : 23 <-- 0.147457 s
currentSize : 24 <-- 0.175154 s
currentSize : 25 <-- 1.407598 s
currentSize : 26 <-- 1.438902 s
currentSize : 27 <-- 5.854964 s
currentSize : 28 <-- 9.954659 s
currentSize : 29 <-- 40.728416 s

TIMEOUT
maxsize : 29
nodes : 152696502.000000
filtered : 3707821635.000000
time : 1000.000061
