Parameters: GAD=1 vflib=1 dir=0 label=0 lowerbound=1 fileNameGp=../../cp2016-max-common-connected-subgraph-paper/datasets/graphsdb/mcs70/m2D/m2Dr2/mcs70_m2Dr2_s50.A04 fileNameGt=../../cp2016-max-common-connected-subgraph-paper/datasets/graphsdb/mcs70/m2D/m2Dr2/mcs70_m2Dr2_s50.B04
Reading graphs...
50 :  94
50 :  94
Initializing...
maxdom : 50
D->valSize : 2500
Solving...
currentSize : 23 <-- 0.095654 s
currentSize : 24 <-- 0.095989 s
currentSize : 25 <-- 0.108814 s
currentSize : 26 <-- 0.224856 s
currentSize : 27 <-- 0.838899 s
currentSize : 28 <-- 0.902785 s
currentSize : 29 <-- 6.881311 s
currentSize : 30 <-- 21.348921 s
currentSize : 31 <-- 32.195152 s
currentSize : 32 <-- 242.731628 s
currentSize : 33 <-- 304.199829 s

TIMEOUT
maxsize : 33
nodes : 145868298.000000
filtered : 3818096789.000000
time : 1000.000061
