Parameters: GAD=1 vflib=1 dir=0 label=0 lowerbound=1 fileNameGp=../../cp2016-max-common-connected-subgraph-paper/datasets/graphsdb/mcs70/rand/r02/mcs70_r02_s25.A04 fileNameGt=../../cp2016-max-common-connected-subgraph-paper/datasets/graphsdb/mcs70/rand/r02/mcs70_r02_s25.B04
Reading graphs...
25 :  107
25 :  105
Initializing...
maxdom : 25
D->valSize : 625
Solving...
currentSize : 8 <-- 0.004680 s
currentSize : 9 <-- 0.004696 s
currentSize : 10 <-- 0.004748 s
currentSize : 11 <-- 0.004823 s
currentSize : 12 <-- 0.008177 s
currentSize : 13 <-- 0.124516 s
currentSize : 14 <-- 4.222324 s
currentSize : 17 <-- 4.944274 s

maxsize : 17
nodes : 1442204.000000
filtered : 20574427.000000
time : 5.664427
