Parameters: GAD=1 vflib=1 dir=0 label=0 lowerbound=1 fileNameGp=../../cp2016-max-common-connected-subgraph-paper/datasets/graphsdb/mcs70/m2D/m2Dr2/mcs70_m2Dr2_s40.A05 fileNameGt=../../cp2016-max-common-connected-subgraph-paper/datasets/graphsdb/mcs70/m2D/m2Dr2/mcs70_m2Dr2_s40.B05
Reading graphs...
40 :  74
40 :  74
Initializing...
maxdom : 40
D->valSize : 1600
Solving...
currentSize : 22 <-- 0.035554 s
currentSize : 23 <-- 0.035603 s
currentSize : 24 <-- 1.147361 s
currentSize : 25 <-- 2.218165 s
currentSize : 26 <-- 2.237694 s
currentSize : 27 <-- 247.842026 s
currentSize : 28 <-- 501.714508 s

TIMEOUT
maxsize : 28
nodes : 157838942.000000
filtered : 4604910756.000000
time : 1000.000000
