Parameters: GAD=1 vflib=1 dir=0 label=0 lowerbound=1 fileNameGp=../../cp2016-max-common-connected-subgraph-paper/datasets/graphsdb/mcs70/bvg/b06m/mcs70_b06m_s50.A09 fileNameGt=../../cp2016-max-common-connected-subgraph-paper/datasets/graphsdb/mcs70/bvg/b06m/mcs70_b06m_s50.B09
Reading graphs...
50 :  146
50 :  146
Initializing...
maxdom : 50
D->valSize : 2500
Solving...
currentSize : 21 <-- 0.113320 s
currentSize : 22 <-- 0.113536 s
currentSize : 23 <-- 0.183343 s
currentSize : 24 <-- 0.193058 s
currentSize : 25 <-- 6.082635 s
currentSize : 26 <-- 51.375229 s
currentSize : 27 <-- 71.017654 s

TIMEOUT
maxsize : 27
nodes : 158372643.000000
filtered : 4277140135.000000
time : 1000.000061
