Parameters: GAD=1 vflib=1 dir=0 label=0 lowerbound=1 fileNameGp=../../cp2016-max-common-connected-subgraph-paper/datasets/graphsdb/mcs70/rand/r02/mcs70_r02_s35.A05 fileNameGt=../../cp2016-max-common-connected-subgraph-paper/datasets/graphsdb/mcs70/rand/r02/mcs70_r02_s35.B05
Reading graphs...
35 :  208
35 :  214
Initializing...
maxdom : 35
D->valSize : 1225
Solving...
currentSize : 11 <-- 0.029258 s
currentSize : 12 <-- 0.033604 s
currentSize : 13 <-- 0.044109 s
currentSize : 14 <-- 0.358424 s
currentSize : 15 <-- 5.425028 s
currentSize : 16 <-- 347.653351 s
currentSize : 18 <-- 553.381470 s
currentSize : 24 <-- 701.951599 s

maxsize : 24
nodes : 154575685.000000
filtered : 2254530204.000000
time : 715.339905
