Parameters: GAD=1 vflib=1 dir=0 label=0 lowerbound=1 fileNameGp=../../cp2016-max-common-connected-subgraph-paper/datasets/graphsdb/mcs70/bvg/b09m/mcs70_b09m_s35.A03 fileNameGt=../../cp2016-max-common-connected-subgraph-paper/datasets/graphsdb/mcs70/bvg/b09m/mcs70_b09m_s35.B03
Reading graphs...
35 :  153
35 :  152
Initializing...
maxdom : 35
D->valSize : 1225
Solving...
currentSize : 12 <-- 0.018143 s
currentSize : 13 <-- 0.021336 s
currentSize : 14 <-- 0.024405 s
currentSize : 15 <-- 0.034661 s
currentSize : 16 <-- 0.183555 s
currentSize : 17 <-- 2.325656 s
currentSize : 18 <-- 5.099431 s
currentSize : 19 <-- 104.854095 s
currentSize : 24 <-- 157.313751 s

maxsize : 24
nodes : 32899342.000000
filtered : 772784736.000000
time : 176.305038
