Parameters: GAD=1 vflib=1 dir=0 label=0 lowerbound=1 fileNameGp=../../cp2016-max-common-connected-subgraph-paper/datasets/graphsdb/mcs70/rand/r01/mcs70_r01_s30.A00 fileNameGt=../../cp2016-max-common-connected-subgraph-paper/datasets/graphsdb/mcs70/rand/r01/mcs70_r01_s30.B00
Reading graphs...
30 :  83
30 :  82
Initializing...
maxdom : 30
D->valSize : 900
Solving...
currentSize : 13 <-- 0.010065 s
currentSize : 15 <-- 0.011704 s
currentSize : 16 <-- 0.035611 s
currentSize : 17 <-- 0.230960 s
currentSize : 18 <-- 14.474515 s
currentSize : 19 <-- 63.334087 s
currentSize : 20 <-- 68.986481 s
currentSize : 21 <-- 73.488869 s

maxsize : 21
nodes : 15812189.000000
filtered : 337753875.000000
time : 75.167282
