Parameters: GAD=1 vflib=1 dir=0 label=0 lowerbound=1 fileNameGp=../../cp2016-max-common-connected-subgraph-paper/datasets/graphsdb/mcs70/rand/r02/mcs70_r02_s50.A00 fileNameGt=../../cp2016-max-common-connected-subgraph-paper/datasets/graphsdb/mcs70/rand/r02/mcs70_r02_s50.B00
Reading graphs...
50 :  427
50 :  433
Initializing...
maxdom : 50
D->valSize : 2500
Solving...
currentSize : 11 <-- 0.119200 s
currentSize : 12 <-- 0.119286 s
currentSize : 13 <-- 0.119656 s
currentSize : 14 <-- 0.125922 s
currentSize : 15 <-- 0.164727 s
currentSize : 16 <-- 1.324021 s
currentSize : 17 <-- 256.349762 s

TIMEOUT
maxsize : 17
nodes : 193399564.000000
filtered : 2100199470.000000
time : 1000.000061
