Parameters: GAD=1 vflib=1 dir=0 label=0 lowerbound=1 fileNameGp=../../cp2016-max-common-connected-subgraph-paper/datasets/graphsdb/mcs70/bvg/b09m/mcs70_b09m_s50.A04 fileNameGt=../../cp2016-max-common-connected-subgraph-paper/datasets/graphsdb/mcs70/bvg/b09m/mcs70_b09m_s50.B04
Reading graphs...
50 :  222
50 :  222
Initializing...
maxdom : 50
D->valSize : 2500
Solving...
currentSize : 16 <-- 0.085512 s
currentSize : 17 <-- 0.085766 s
currentSize : 18 <-- 0.090310 s
currentSize : 19 <-- 0.127118 s
currentSize : 20 <-- 0.143797 s
currentSize : 21 <-- 0.185914 s
currentSize : 22 <-- 6.831350 s
currentSize : 23 <-- 661.103027 s

TIMEOUT
maxsize : 23
nodes : 166413029.000000
filtered : 3406868817.000000
time : 1000.000061
