Parameters: GAD=1 vflib=1 dir=0 label=0 lowerbound=1 fileNameGp=../../cp2016-max-common-connected-subgraph-paper/datasets/graphsdb/mcs70/bvg/b03/mcs70_b03_s50.A09 fileNameGt=../../cp2016-max-common-connected-subgraph-paper/datasets/graphsdb/mcs70/bvg/b03/mcs70_b03_s50.B09
Reading graphs...
50 :  75
50 :  75
Initializing...
maxdom : 50
D->valSize : 2500
Solving...
currentSize : 24 <-- 0.119834 s
currentSize : 30 <-- 0.119901 s
currentSize : 31 <-- 0.119913 s
currentSize : 33 <-- 0.119940 s
currentSize : 34 <-- 0.119950 s
currentSize : 35 <-- 0.121071 s
currentSize : 36 <-- 6.773642 s

TIMEOUT
maxsize : 36
nodes : 143207133.000000
filtered : 3932411024.000000
time : 1000.000122
