Parameters: GAD=1 vflib=1 dir=0 label=0 lowerbound=1 fileNameGp=../../cp2016-max-common-connected-subgraph-paper/datasets/graphsdb/mcs70/bvg/b09/mcs70_b09_s30.A01 fileNameGt=../../cp2016-max-common-connected-subgraph-paper/datasets/graphsdb/mcs70/bvg/b09/mcs70_b09_s30.B01
Reading graphs...
30 :  133
30 :  133
Initializing...
maxdom : 30
D->valSize : 900
Solving...
currentSize : 11 <-- 0.009457 s
currentSize : 14 <-- 0.009822 s
currentSize : 16 <-- 0.013017 s
currentSize : 17 <-- 0.016294 s
currentSize : 18 <-- 0.861409 s
currentSize : 19 <-- 1.009610 s
currentSize : 20 <-- 5.659376 s

maxsize : 20
nodes : 1847490.000000
filtered : 59433240.000000
time : 10.604869
