Parameters: GAD=1 vflib=1 dir=0 label=0 lowerbound=1 fileNameGp=../../cp2016-max-common-connected-subgraph-paper/datasets/graphsdb/mcs70/m3D/m3Dr6/mcs70_m3Dr6_s35.A07 fileNameGt=../../cp2016-max-common-connected-subgraph-paper/datasets/graphsdb/mcs70/m3D/m3Dr6/mcs70_m3Dr6_s35.B07
Reading graphs...
35 :  90
35 :  90
Initializing...
maxdom : 35
D->valSize : 1225
Solving...
currentSize : 13 <-- 0.019636 s
currentSize : 14 <-- 0.019653 s
currentSize : 15 <-- 0.019962 s
currentSize : 17 <-- 0.023485 s
currentSize : 18 <-- 0.245446 s
currentSize : 19 <-- 0.926331 s
currentSize : 20 <-- 3.941670 s
currentSize : 21 <-- 269.496887 s
currentSize : 22 <-- 271.804901 s
currentSize : 23 <-- 272.146423 s
currentSize : 24 <-- 282.804901 s
currentSize : 26 <-- 282.805023 s
currentSize : 27 <-- 282.805084 s

maxsize : 27
nodes : 58564011.000000
filtered : 1168984191.000000
time : 291.266754
