Parameters: GAD=1 vflib=1 dir=0 label=0 lowerbound=1 fileNameGp=../../cp2016-max-common-connected-subgraph-paper/datasets/graphsdb/mcs70/bvg/b06m/mcs70_b06m_s35.A02 fileNameGt=../../cp2016-max-common-connected-subgraph-paper/datasets/graphsdb/mcs70/bvg/b06m/mcs70_b06m_s35.B02
Reading graphs...
35 :  101
35 :  101
Initializing...
maxdom : 35
D->valSize : 1225
Solving...
currentSize : 13 <-- 0.034213 s
currentSize : 14 <-- 0.034272 s
currentSize : 15 <-- 0.035917 s
currentSize : 16 <-- 0.050296 s
currentSize : 17 <-- 0.107125 s
currentSize : 18 <-- 0.951402 s
currentSize : 19 <-- 3.928036 s
currentSize : 20 <-- 16.459068 s
currentSize : 21 <-- 913.133972 s

TIMEOUT
maxsize : 21
nodes : 188582337.000000
filtered : 4443733131.000000
time : 1000.000061
