Parameters: GAD=1 vflib=1 dir=0 label=0 lowerbound=1 fileNameGp=../../cp2016-max-common-connected-subgraph-paper/datasets/graphsdb/mcs70/rand/r005/mcs70_r005_s30.A02 fileNameGt=../../cp2016-max-common-connected-subgraph-paper/datasets/graphsdb/mcs70/rand/r005/mcs70_r005_s30.B02
Reading graphs...
30 :  41
30 :  41
Initializing...
maxdom : 30
D->valSize : 900
Solving...
currentSize : 14 <-- 0.019490 s
currentSize : 15 <-- 0.020917 s
currentSize : 16 <-- 0.023280 s
currentSize : 17 <-- 0.147387 s
currentSize : 18 <-- 2.657654 s
currentSize : 19 <-- 20.113785 s
currentSize : 20 <-- 20.385122 s
currentSize : 21 <-- 25.710035 s
currentSize : 22 <-- 114.306122 s

maxsize : 22
nodes : 38499731.000000
filtered : 481260907.000000
time : 141.889053
