Parameters: GAD=1 vflib=1 dir=0 label=0 lowerbound=1 fileNameGp=../../cp2016-max-common-connected-subgraph-paper/datasets/graphsdb/mcs70/bvg/b03/mcs70_b03_s40.A09 fileNameGt=../../cp2016-max-common-connected-subgraph-paper/datasets/graphsdb/mcs70/bvg/b03/mcs70_b03_s40.B09
Reading graphs...
40 :  60
40 :  60
Initializing...
maxdom : 40
D->valSize : 1600
Solving...
currentSize : 19 <-- 0.051621 s
currentSize : 20 <-- 0.051649 s
currentSize : 21 <-- 0.051945 s
currentSize : 22 <-- 0.060684 s
currentSize : 25 <-- 0.098009 s
currentSize : 26 <-- 0.230498 s
currentSize : 27 <-- 0.341470 s
currentSize : 28 <-- 0.361588 s
currentSize : 29 <-- 0.405644 s
currentSize : 30 <-- 4.216265 s
currentSize : 31 <-- 4.217502 s

maxsize : 31
nodes : 60869899.000000
filtered : 2008033100.000000
time : 440.381348
