Parameters: GAD=1 vflib=1 dir=0 label=0 lowerbound=1 fileNameGp=../../cp2016-max-common-connected-subgraph-paper/datasets/graphsdb/mcs70/rand/r005/mcs70_r005_s35.A07 fileNameGt=../../cp2016-max-common-connected-subgraph-paper/datasets/graphsdb/mcs70/rand/r005/mcs70_r005_s35.B07
Reading graphs...
35 :  57
35 :  56
Initializing...
maxdom : 35
D->valSize : 1225
Solving...
currentSize : 10 <-- 0.020908 s
currentSize : 11 <-- 0.020960 s
currentSize : 20 <-- 0.021511 s
currentSize : 21 <-- 0.023105 s
currentSize : 22 <-- 0.044529 s
currentSize : 23 <-- 0.457637 s
currentSize : 24 <-- 0.987285 s
currentSize : 25 <-- 2.618550 s
currentSize : 26 <-- 87.949554 s

maxsize : 26
nodes : 25235585.000000
filtered : 688479205.000000
time : 152.046432
