Parameters: GAD=1 vflib=1 dir=0 label=0 lowerbound=1 fileNameGp=../../cp2016-max-common-connected-subgraph-paper/datasets/graphsdb/mcs70/m3D/m3Dr6/mcs70_m3Dr6_s35.A05 fileNameGt=../../cp2016-max-common-connected-subgraph-paper/datasets/graphsdb/mcs70/m3D/m3Dr6/mcs70_m3Dr6_s35.B05
Reading graphs...
35 :  91
35 :  89
Initializing...
maxdom : 35
D->valSize : 1225
Solving...
currentSize : 16 <-- 0.034768 s
currentSize : 17 <-- 0.035574 s
currentSize : 18 <-- 0.041723 s
currentSize : 19 <-- 0.066680 s
currentSize : 20 <-- 3.553376 s
currentSize : 21 <-- 98.682106 s
currentSize : 23 <-- 172.738266 s
currentSize : 24 <-- 266.111389 s
currentSize : 26 <-- 266.112793 s
currentSize : 27 <-- 266.112823 s

maxsize : 27
nodes : 52719821.000000
filtered : 1269897805.000000
time : 280.187531
