Parameters: GAD=1 vflib=1 dir=0 label=0 lowerbound=1 fileNameGp=../../cp2016-max-common-connected-subgraph-paper/datasets/graphsdb/mcs70/rand/r01/mcs70_r01_s30.A02 fileNameGt=../../cp2016-max-common-connected-subgraph-paper/datasets/graphsdb/mcs70/rand/r01/mcs70_r01_s30.B02
Reading graphs...
30 :  81
30 :  82
Initializing...
maxdom : 30
D->valSize : 900
Solving...
currentSize : 12 <-- 0.010208 s
currentSize : 13 <-- 0.010239 s
currentSize : 14 <-- 0.010252 s
currentSize : 15 <-- 0.010816 s
currentSize : 16 <-- 0.011262 s
currentSize : 17 <-- 0.078567 s
currentSize : 18 <-- 0.234979 s
currentSize : 19 <-- 67.177643 s
currentSize : 21 <-- 69.576378 s

maxsize : 21
nodes : 15537799.000000
filtered : 347951341.000000
time : 75.680618
