Parameters: GAD=1 vflib=1 dir=0 label=0 lowerbound=1 fileNameGp=../../cp2016-max-common-connected-subgraph-paper/datasets/graphsdb/mcs70/m2D/m2Dr2/mcs70_m2Dr2_s40.A02 fileNameGt=../../cp2016-max-common-connected-subgraph-paper/datasets/graphsdb/mcs70/m2D/m2Dr2/mcs70_m2Dr2_s40.B02
Reading graphs...
40 :  75
40 :  73
Initializing...
maxdom : 40
D->valSize : 1600
Solving...
currentSize : 21 <-- 0.035800 s
currentSize : 22 <-- 0.036322 s
currentSize : 23 <-- 0.036393 s
currentSize : 24 <-- 0.284672 s
currentSize : 25 <-- 2.858343 s
currentSize : 26 <-- 3.305155 s
currentSize : 27 <-- 3.827533 s

TIMEOUT
maxsize : 27
nodes : 161225728.000000
filtered : 4553304093.000000
time : 1000.000000
