Parameters: GAD=1 vflib=1 dir=0 label=0 lowerbound=1 fileNameGp=../../cp2016-max-common-connected-subgraph-paper/datasets/graphsdb/mcs70/rand/r01/mcs70_r01_s25.A08 fileNameGt=../../cp2016-max-common-connected-subgraph-paper/datasets/graphsdb/mcs70/rand/r01/mcs70_r01_s25.B08
Reading graphs...
25 :  54
25 :  58
Initializing...
maxdom : 25
D->valSize : 625
Solving...
currentSize : 11 <-- 0.004875 s
currentSize : 12 <-- 0.004903 s
currentSize : 13 <-- 0.005227 s
currentSize : 14 <-- 0.010421 s
currentSize : 15 <-- 0.011702 s
currentSize : 16 <-- 0.179252 s
currentSize : 17 <-- 1.580792 s
currentSize : 18 <-- 1.935894 s

maxsize : 18
nodes : 591096.000000
filtered : 11765773.000000
time : 2.603115
