Parameters: GAD=1 vflib=1 dir=0 label=0 lowerbound=1 fileNameGp=../../cp2016-max-common-connected-subgraph-paper/datasets/graphsdb/mcs70/m2D/m2Dr2/mcs70_m2Dr2_s40.A08 fileNameGt=../../cp2016-max-common-connected-subgraph-paper/datasets/graphsdb/mcs70/m2D/m2Dr2/mcs70_m2Dr2_s40.B08
Reading graphs...
40 :  74
40 :  73
Initializing...
maxdom : 40
D->valSize : 1600
Solving...
currentSize : 18 <-- 0.036101 s
currentSize : 20 <-- 0.036284 s
currentSize : 21 <-- 0.036903 s
currentSize : 22 <-- 0.507803 s
currentSize : 23 <-- 1.410507 s
currentSize : 24 <-- 1.459921 s
currentSize : 25 <-- 61.328129 s
currentSize : 26 <-- 89.779587 s
currentSize : 27 <-- 91.615097 s

TIMEOUT
maxsize : 27
nodes : 168224801.000000
filtered : 4268832177.000000
time : 1000.000061
