Parameters: GAD=1 vflib=1 dir=0 label=0 lowerbound=1 fileNameGp=../../cp2016-max-common-connected-subgraph-paper/datasets/graphsdb/mcs70/bvg/b03m/mcs70_b03m_s35.A05 fileNameGt=../../cp2016-max-common-connected-subgraph-paper/datasets/graphsdb/mcs70/bvg/b03m/mcs70_b03m_s35.B05
Reading graphs...
35 :  52
35 :  52
Initializing...
maxdom : 35
D->valSize : 1225
Solving...
currentSize : 7 <-- 0.036887 s
currentSize : 11 <-- 0.037916 s
currentSize : 14 <-- 0.037982 s
currentSize : 15 <-- 0.054413 s
currentSize : 16 <-- 0.077063 s
currentSize : 17 <-- 0.077168 s
currentSize : 18 <-- 1.443097 s
currentSize : 19 <-- 1.443458 s
currentSize : 20 <-- 1.656381 s
currentSize : 21 <-- 1.929219 s
currentSize : 22 <-- 3.691611 s
currentSize : 23 <-- 5.417522 s
currentSize : 24 <-- 13.795809 s
currentSize : 25 <-- 38.061741 s
currentSize : 26 <-- 39.874401 s
currentSize : 27 <-- 51.007210 s

maxsize : 27
nodes : 14865719.000000
filtered : 309462548.000000
time : 76.722328
