Parameters: GAD=1 vflib=1 dir=0 label=0 lowerbound=1 fileNameGp=../../cp2016-max-common-connected-subgraph-paper/datasets/graphsdb/mcs70/m2D/m2Dr4/mcs70_m2Dr4_s40.A06 fileNameGt=../../cp2016-max-common-connected-subgraph-paper/datasets/graphsdb/mcs70/m2D/m2Dr4/mcs70_m2Dr4_s40.B06
Reading graphs...
40 :  82
40 :  81
Initializing...
maxdom : 40
D->valSize : 1600
Solving...
currentSize : 16 <-- 0.057143 s
currentSize : 17 <-- 0.057189 s
currentSize : 18 <-- 0.057744 s
currentSize : 19 <-- 0.061790 s
currentSize : 20 <-- 0.061886 s
currentSize : 21 <-- 0.326498 s
currentSize : 22 <-- 0.400650 s
currentSize : 23 <-- 1.583343 s
currentSize : 24 <-- 5.146759 s
currentSize : 25 <-- 5.658345 s
currentSize : 26 <-- 88.823288 s

TIMEOUT
maxsize : 26
nodes : 172585170.000000
filtered : 4366558222.000000
time : 1000.000000
