Parameters: GAD=1 vflib=1 dir=0 label=0 lowerbound=1 fileNameGp=../../cp2016-max-common-connected-subgraph-paper/datasets/graphsdb/mcs70/rand/r005/mcs70_r005_s40.A09 fileNameGt=../../cp2016-max-common-connected-subgraph-paper/datasets/graphsdb/mcs70/rand/r005/mcs70_r005_s40.B09
Reading graphs...
40 :  76
40 :  77
Initializing...
maxdom : 40
D->valSize : 1600
Solving...
currentSize : 19 <-- 0.056631 s
currentSize : 20 <-- 0.056721 s
currentSize : 21 <-- 0.067548 s
currentSize : 22 <-- 0.116446 s
currentSize : 23 <-- 4.173842 s
currentSize : 24 <-- 5.899693 s
currentSize : 25 <-- 59.058109 s
currentSize : 26 <-- 243.404602 s

TIMEOUT
maxsize : 26
nodes : 171149536.000000
filtered : 4004498241.000000
time : 1000.000061
