Parameters: GAD=1 vflib=1 dir=0 label=0 lowerbound=1 fileNameGp=../../cp2016-max-common-connected-subgraph-paper/datasets/graphsdb/mcs70/m2D/m2D/mcs70_m2D_s35.A06 fileNameGt=../../cp2016-max-common-connected-subgraph-paper/datasets/graphsdb/mcs70/m2D/m2D/mcs70_m2D_s35.B06
Reading graphs...
35 :  58
35 :  58
Initializing...
maxdom : 35
D->valSize : 1225
Solving...
currentSize : 19 <-- 0.036767 s
currentSize : 20 <-- 0.038458 s
currentSize : 21 <-- 0.097889 s
currentSize : 22 <-- 0.343271 s
currentSize : 23 <-- 0.855800 s
currentSize : 24 <-- 14.529496 s
currentSize : 25 <-- 17.286108 s
currentSize : 26 <-- 22.860344 s

maxsize : 26
nodes : 34374535.000000
filtered : 956092311.000000
time : 203.864960
