Parameters: GAD=1 vflib=1 dir=0 label=0 lowerbound=1 fileNameGp=../../cp2016-max-common-connected-subgraph-paper/datasets/graphsdb/mcs70/bvg/b03/mcs70_b03_s50.A03 fileNameGt=../../cp2016-max-common-connected-subgraph-paper/datasets/graphsdb/mcs70/bvg/b03/mcs70_b03_s50.B03
Reading graphs...
50 :  75
50 :  75
Initializing...
maxdom : 50
D->valSize : 2500
Solving...
currentSize : 16 <-- 0.119470 s
currentSize : 21 <-- 0.119616 s
currentSize : 22 <-- 0.119673 s
currentSize : 26 <-- 0.119781 s
currentSize : 27 <-- 0.120796 s
currentSize : 28 <-- 0.120820 s
currentSize : 29 <-- 0.953025 s
currentSize : 30 <-- 1.281237 s
currentSize : 31 <-- 1.281409 s
currentSize : 32 <-- 1.290580 s
currentSize : 33 <-- 61.032967 s
currentSize : 34 <-- 65.565094 s
currentSize : 35 <-- 150.366943 s

TIMEOUT
maxsize : 35
nodes : 154299000.000000
filtered : 3812583418.000000
time : 1000.000122
