Parameters: GAD=1 vflib=1 dir=0 label=0 lowerbound=1 fileNameGp=../../cp2016-max-common-connected-subgraph-paper/datasets/graphsdb/mcs70/m2D/m2Dr2/mcs70_m2Dr2_s40.A01 fileNameGt=../../cp2016-max-common-connected-subgraph-paper/datasets/graphsdb/mcs70/m2D/m2Dr2/mcs70_m2Dr2_s40.B01
Reading graphs...
40 :  75
40 :  74
Initializing...
maxdom : 40
D->valSize : 1600
Solving...
currentSize : 14 <-- 0.035635 s
currentSize : 19 <-- 0.035676 s
currentSize : 20 <-- 0.041987 s
currentSize : 21 <-- 0.044288 s
currentSize : 22 <-- 0.127301 s
currentSize : 23 <-- 1.492967 s
currentSize : 24 <-- 1.791385 s
currentSize : 25 <-- 275.748779 s
currentSize : 26 <-- 819.081299 s

TIMEOUT
maxsize : 26
nodes : 211078955.000000
filtered : 3555877305.000000
time : 1000.000061
