Parameters: GAD=1 vflib=1 dir=0 label=0 lowerbound=1 fileNameGp=../../cp2016-max-common-connected-subgraph-paper/datasets/graphsdb/mcs70/bvg/b06m/mcs70_b06m_s35.A03 fileNameGt=../../cp2016-max-common-connected-subgraph-paper/datasets/graphsdb/mcs70/bvg/b06m/mcs70_b06m_s35.B03
Reading graphs...
35 :  103
35 :  103
Initializing...
maxdom : 35
D->valSize : 1225
Solving...
currentSize : 15 <-- 0.019305 s
currentSize : 16 <-- 0.021069 s
currentSize : 17 <-- 0.030269 s
currentSize : 18 <-- 0.274685 s
currentSize : 19 <-- 6.447196 s
currentSize : 20 <-- 15.477701 s
currentSize : 22 <-- 20.314346 s
currentSize : 23 <-- 20.383911 s
currentSize : 25 <-- 20.385431 s

maxsize : 25
nodes : 6703705.000000
filtered : 193790402.000000
time : 37.706161
