Parameters: GAD=1 vflib=1 dir=0 label=0 lowerbound=1 fileNameGp=../../cp2016-max-common-connected-subgraph-paper/datasets/graphsdb/mcs70/m3D/m3Dr4/mcs70_m3Dr4_s35.A07 fileNameGt=../../cp2016-max-common-connected-subgraph-paper/datasets/graphsdb/mcs70/m3D/m3Dr4/mcs70_m3Dr4_s35.B07
Reading graphs...
35 :  85
35 :  84
Initializing...
maxdom : 35
D->valSize : 1225
Solving...
currentSize : 13 <-- 0.020779 s
currentSize : 14 <-- 0.020803 s
currentSize : 15 <-- 0.020812 s
currentSize : 16 <-- 0.022084 s
currentSize : 17 <-- 0.023447 s
currentSize : 18 <-- 0.029645 s
currentSize : 19 <-- 0.052727 s
currentSize : 20 <-- 0.073655 s
currentSize : 21 <-- 0.728624 s
currentSize : 22 <-- 21.276445 s
currentSize : 23 <-- 109.389091 s
currentSize : 24 <-- 176.021606 s
currentSize : 25 <-- 229.330719 s
currentSize : 27 <-- 253.680389 s

maxsize : 27
nodes : 44620261.000000
filtered : 1269617958.000000
time : 259.437592
