Parameters: GAD=1 vflib=1 dir=0 label=0 lowerbound=1 fileNameGp=../../cp2016-max-common-connected-subgraph-paper/datasets/graphsdb/mcs70/m3D/m3Dr2/mcs70_m3Dr2_s35.A03 fileNameGt=../../cp2016-max-common-connected-subgraph-paper/datasets/graphsdb/mcs70/m3D/m3Dr2/mcs70_m3Dr2_s35.B03
Reading graphs...
35 :  79
35 :  77
Initializing...
maxdom : 35
D->valSize : 1225
Solving...
currentSize : 14 <-- 0.020012 s
currentSize : 15 <-- 0.020053 s
currentSize : 16 <-- 0.020867 s
currentSize : 17 <-- 0.021900 s
currentSize : 18 <-- 0.037510 s
currentSize : 19 <-- 0.043708 s
currentSize : 20 <-- 0.055848 s
currentSize : 21 <-- 0.942276 s
currentSize : 22 <-- 1.497201 s
currentSize : 23 <-- 56.322567 s
currentSize : 24 <-- 296.667603 s
currentSize : 25 <-- 296.667755 s
currentSize : 27 <-- 344.778290 s

maxsize : 27
nodes : 64117598.000000
filtered : 1702906963.000000
time : 356.341339
