Parameters: GAD=1 vflib=1 dir=0 label=0 lowerbound=1 fileNameGp=../../cp2016-max-common-connected-subgraph-paper/datasets/graphsdb/mcs70/rand/r01/mcs70_r01_s30.A03 fileNameGt=../../cp2016-max-common-connected-subgraph-paper/datasets/graphsdb/mcs70/rand/r01/mcs70_r01_s30.B03
Reading graphs...
30 :  83
30 :  83
Initializing...
maxdom : 30
D->valSize : 900
Solving...
currentSize : 13 <-- 0.010367 s
currentSize : 14 <-- 0.011256 s
currentSize : 15 <-- 0.016121 s
currentSize : 16 <-- 0.017069 s
currentSize : 17 <-- 0.706124 s
currentSize : 18 <-- 21.593388 s
currentSize : 21 <-- 40.649063 s

maxsize : 21
nodes : 10695805.000000
filtered : 228282690.000000
time : 50.657806
