Parameters: GAD=1 vflib=1 dir=0 label=0 lowerbound=1 fileNameGp=../../cp2016-max-common-connected-subgraph-paper/datasets/graphsdb/mcs70/rand/r01/mcs70_r01_s40.A08 fileNameGt=../../cp2016-max-common-connected-subgraph-paper/datasets/graphsdb/mcs70/rand/r01/mcs70_r01_s40.B08
Reading graphs...
40 :  151
40 :  150
Initializing...
maxdom : 40
D->valSize : 1600
Solving...
currentSize : 13 <-- 0.052220 s
currentSize : 14 <-- 0.052482 s
currentSize : 15 <-- 0.056719 s
currentSize : 16 <-- 0.059078 s
currentSize : 17 <-- 0.068866 s
currentSize : 18 <-- 0.158469 s
currentSize : 19 <-- 1.113455 s
currentSize : 20 <-- 6.537914 s
currentSize : 21 <-- 6.537969 s
currentSize : 23 <-- 122.951569 s
currentSize : 24 <-- 123.259171 s
currentSize : 28 <-- 123.264961 s

maxsize : 28
nodes : 39055213.000000
filtered : 1599450936.000000
time : 280.601135
