Parameters: GAD=1 vflib=1 dir=0 label=0 lowerbound=1 fileNameGp=../../cp2016-max-common-connected-subgraph-paper/datasets/graphsdb/mcs70/rand/r02/mcs70_r02_s30.A09 fileNameGt=../../cp2016-max-common-connected-subgraph-paper/datasets/graphsdb/mcs70/rand/r02/mcs70_r02_s30.B09
Reading graphs...
30 :  156
30 :  156
Initializing...
maxdom : 30
D->valSize : 900
Solving...
currentSize : 10 <-- 0.009413 s
currentSize : 11 <-- 0.009772 s
currentSize : 12 <-- 0.011006 s
currentSize : 13 <-- 0.140357 s
currentSize : 14 <-- 0.181586 s
currentSize : 16 <-- 15.683572 s
currentSize : 17 <-- 57.764507 s
currentSize : 21 <-- 64.250595 s

maxsize : 21
nodes : 14623252.000000
filtered : 238275644.000000
time : 65.802895
