Parameters: GAD=1 vflib=1 dir=0 label=0 lowerbound=1 fileNameGp=../../cp2016-max-common-connected-subgraph-paper/datasets/graphsdb/mcs70/rand/r01/mcs70_r01_s40.A07 fileNameGt=../../cp2016-max-common-connected-subgraph-paper/datasets/graphsdb/mcs70/rand/r01/mcs70_r01_s40.B07
Reading graphs...
40 :  148
40 :  149
Initializing...
maxdom : 40
D->valSize : 1600
Solving...
currentSize : 14 <-- 0.032302 s
currentSize : 15 <-- 0.033911 s
currentSize : 16 <-- 0.040312 s
currentSize : 17 <-- 0.228020 s
currentSize : 18 <-- 0.233860 s
currentSize : 19 <-- 0.330257 s
currentSize : 20 <-- 20.734304 s
currentSize : 21 <-- 221.165314 s

TIMEOUT
maxsize : 21
nodes : 180199970.000000
filtered : 4039350807.000000
time : 1000.000000
