Parameters: GAD=1 vflib=1 dir=0 label=0 lowerbound=1 fileNameGp=../../cp2016-max-common-connected-subgraph-paper/datasets/graphsdb/mcs70/bvg/b06/mcs70_b06_s40.A08 fileNameGt=../../cp2016-max-common-connected-subgraph-paper/datasets/graphsdb/mcs70/bvg/b06/mcs70_b06_s40.B08
Reading graphs...
40 :  119
40 :  119
Initializing...
maxdom : 40
D->valSize : 1600
Solving...
currentSize : 16 <-- 0.033646 s
currentSize : 17 <-- 0.090377 s
currentSize : 18 <-- 0.255519 s
currentSize : 19 <-- 3.046055 s
currentSize : 20 <-- 16.886328 s
currentSize : 21 <-- 17.649122 s
currentSize : 22 <-- 18.070860 s
currentSize : 23 <-- 52.730423 s
currentSize : 24 <-- 52.743050 s
currentSize : 25 <-- 57.344112 s
currentSize : 26 <-- 104.080017 s
currentSize : 27 <-- 125.635315 s
currentSize : 29 <-- 133.960419 s
currentSize : 30 <-- 142.069733 s
currentSize : 31 <-- 155.397369 s

maxsize : 31
nodes : 28138885.000000
filtered : 923983384.000000
time : 177.090103
