Parameters: GAD=1 vflib=1 dir=0 label=0 lowerbound=1 fileNameGp=../../cp2016-max-common-connected-subgraph-paper/datasets/graphsdb/mcs70/bvg/b06m/mcs70_b06m_s40.A04 fileNameGt=../../cp2016-max-common-connected-subgraph-paper/datasets/graphsdb/mcs70/bvg/b06m/mcs70_b06m_s40.B04
Reading graphs...
40 :  119
40 :  119
Initializing...
maxdom : 40
D->valSize : 1600
Solving...
currentSize : 16 <-- 0.033417 s
currentSize : 17 <-- 0.033447 s
currentSize : 18 <-- 0.038819 s
currentSize : 19 <-- 0.039360 s
currentSize : 20 <-- 0.921331 s
currentSize : 21 <-- 9.284662 s
currentSize : 22 <-- 11.013150 s
currentSize : 23 <-- 991.047546 s

TIMEOUT
maxsize : 23
nodes : 182270312.000000
filtered : 4182894255.000000
time : 1000.000000
