Parameters: GAD=1 vflib=1 dir=0 label=0 lowerbound=1 fileNameGp=../../cp2016-max-common-connected-subgraph-paper/datasets/graphsdb/mcs70/m3D/m3Dr6/mcs70_m3Dr6_s40.A00 fileNameGt=../../cp2016-max-common-connected-subgraph-paper/datasets/graphsdb/mcs70/m3D/m3Dr6/mcs70_m3Dr6_s40.B00
Reading graphs...
40 :  108
40 :  107
Initializing...
maxdom : 40
D->valSize : 1600
Solving...
currentSize : 16 <-- 0.056088 s
currentSize : 17 <-- 0.056236 s
currentSize : 18 <-- 0.057191 s
currentSize : 19 <-- 0.057408 s
currentSize : 20 <-- 0.201417 s
currentSize : 21 <-- 2.181016 s
currentSize : 22 <-- 2.299806 s
currentSize : 23 <-- 15.755514 s

TIMEOUT
maxsize : 23
nodes : 171940631.000000
filtered : 4329593132.000000
time : 1000.000000
