Parameters: GAD=1 vflib=1 dir=0 label=0 lowerbound=1 fileNameGp=../../cp2016-max-common-connected-subgraph-paper/datasets/graphsdb/mcs70/bvg/b06/mcs70_b06_s40.A06 fileNameGt=../../cp2016-max-common-connected-subgraph-paper/datasets/graphsdb/mcs70/bvg/b06/mcs70_b06_s40.B06
Reading graphs...
40 :  120
40 :  120
Initializing...
maxdom : 40
D->valSize : 1600
Solving...
currentSize : 16 <-- 0.059141 s
currentSize : 19 <-- 0.059194 s
currentSize : 20 <-- 0.059224 s
currentSize : 21 <-- 0.059330 s
currentSize : 22 <-- 0.070907 s
currentSize : 23 <-- 0.179839 s
currentSize : 24 <-- 0.182849 s
currentSize : 25 <-- 0.545026 s
currentSize : 26 <-- 0.545085 s
currentSize : 28 <-- 2.152220 s
currentSize : 29 <-- 7.415602 s
currentSize : 30 <-- 41.836021 s

maxsize : 30
nodes : 12850274.000000
filtered : 678779577.000000
time : 113.125160
