Parameters: GAD=1 vflib=1 dir=0 label=0 lowerbound=1 fileNameGp=../../cp2016-max-common-connected-subgraph-paper/datasets/graphsdb/mcs70/bvg/b06m/mcs70_b06m_s30.A04 fileNameGt=../../cp2016-max-common-connected-subgraph-paper/datasets/graphsdb/mcs70/bvg/b06m/mcs70_b06m_s30.B04
Reading graphs...
30 :  90
30 :  88
Initializing...
maxdom : 30
D->valSize : 900
Solving...
currentSize : 11 <-- 0.010151 s
currentSize : 12 <-- 0.010173 s
currentSize : 13 <-- 0.010268 s
currentSize : 14 <-- 0.013763 s
currentSize : 15 <-- 0.016495 s
currentSize : 16 <-- 0.035220 s
currentSize : 17 <-- 0.036638 s
currentSize : 18 <-- 4.012911 s
currentSize : 20 <-- 9.272942 s
currentSize : 21 <-- 9.273092 s

maxsize : 21
nodes : 2578738.000000
filtered : 76312996.000000
time : 14.061591
