Parameters: GAD=1 vflib=1 dir=0 label=0 lowerbound=1 fileNameGp=../../cp2016-max-common-connected-subgraph-paper/datasets/graphsdb/mcs70/bvg/b06/mcs70_b06_s35.A04 fileNameGt=../../cp2016-max-common-connected-subgraph-paper/datasets/graphsdb/mcs70/bvg/b06/mcs70_b06_s35.B04
Reading graphs...
35 :  105
35 :  102
Initializing...
maxdom : 35
D->valSize : 1225
Solving...
currentSize : 17 <-- 0.019172 s
currentSize : 18 <-- 0.019254 s
currentSize : 19 <-- 0.045093 s
currentSize : 20 <-- 0.127369 s
currentSize : 21 <-- 0.134573 s
currentSize : 22 <-- 0.407415 s
currentSize : 24 <-- 1.165338 s
currentSize : 25 <-- 1.402653 s
currentSize : 26 <-- 1.965655 s

maxsize : 26
nodes : 1849984.000000
filtered : 82335022.000000
time : 13.748423
