Parameters: GAD=1 vflib=1 dir=0 label=0 lowerbound=1 fileNameGp=../../cp2016-max-common-connected-subgraph-paper/datasets/graphsdb/mcs70/rand/r01/mcs70_r01_s50.A06 fileNameGt=../../cp2016-max-common-connected-subgraph-paper/datasets/graphsdb/mcs70/rand/r01/mcs70_r01_s50.B06
Reading graphs...
50 :  233
50 :  232
Initializing...
maxdom : 50
D->valSize : 2500
Solving...
currentSize : 15 <-- 0.084851 s
currentSize : 16 <-- 0.084902 s
currentSize : 17 <-- 0.085340 s
currentSize : 18 <-- 0.087767 s
currentSize : 19 <-- 0.093965 s
currentSize : 20 <-- 0.247965 s
currentSize : 21 <-- 6.384974 s
currentSize : 22 <-- 217.774948 s
currentSize : 23 <-- 432.012146 s

TIMEOUT
maxsize : 23
nodes : 175783657.000000
filtered : 3039625571.000000
time : 1000.000061
