Parameters: GAD=1 vflib=1 dir=0 label=0 lowerbound=1 fileNameGp=../../cp2016-max-common-connected-subgraph-paper/datasets/graphsdb/mcs70/m2D/m2Dr2/mcs70_m2Dr2_s50.A05 fileNameGt=../../cp2016-max-common-connected-subgraph-paper/datasets/graphsdb/mcs70/m2D/m2Dr2/mcs70_m2Dr2_s50.B05
Reading graphs...
50 :  94
50 :  94
Initializing...
maxdom : 50
D->valSize : 2500
Solving...
currentSize : 21 <-- 0.095787 s
currentSize : 25 <-- 0.096630 s
currentSize : 26 <-- 0.097332 s
currentSize : 27 <-- 0.167432 s
currentSize : 28 <-- 0.267544 s
currentSize : 29 <-- 26.976736 s
currentSize : 30 <-- 45.885654 s
currentSize : 31 <-- 831.794006 s
currentSize : 32 <-- 927.641602 s

TIMEOUT
maxsize : 32
nodes : 187145164.000000
filtered : 3194807110.000000
time : 1000.000061
