Parameters: GAD=1 vflib=1 dir=0 label=0 lowerbound=1 fileNameGp=../../cp2016-max-common-connected-subgraph-paper/datasets/graphsdb/mcs70/bvg/b03m/mcs70_b03m_s50.A04 fileNameGt=../../cp2016-max-common-connected-subgraph-paper/datasets/graphsdb/mcs70/bvg/b03m/mcs70_b03m_s50.B04
Reading graphs...
50 :  74
50 :  74
Initializing...
maxdom : 50
D->valSize : 2500
Solving...
currentSize : 22 <-- 0.115151 s
currentSize : 25 <-- 0.115191 s
currentSize : 26 <-- 0.115310 s
currentSize : 27 <-- 0.116683 s
currentSize : 28 <-- 0.132770 s
currentSize : 29 <-- 0.201025 s
currentSize : 30 <-- 0.201059 s
currentSize : 31 <-- 78.480621 s
currentSize : 32 <-- 167.871811 s
currentSize : 33 <-- 452.645386 s
currentSize : 34 <-- 687.749207 s

TIMEOUT
maxsize : 34
nodes : 193203116.000000
filtered : 3007370056.000000
time : 1000.000061
