Parameters: GAD=1 vflib=1 dir=0 label=0 lowerbound=1 fileNameGp=../../cp2016-max-common-connected-subgraph-paper/datasets/graphsdb/mcs70/m4D/m4Dr2/mcs70_m4Dr2_s25.A08 fileNameGt=../../cp2016-max-common-connected-subgraph-paper/datasets/graphsdb/mcs70/m4D/m4Dr2/mcs70_m4Dr2_s25.B08
Reading graphs...
25 :  51
25 :  50
Initializing...
maxdom : 25
D->valSize : 625
Solving...
currentSize : 5 <-- 0.008628 s
currentSize : 6 <-- 0.008655 s
currentSize : 7 <-- 0.008694 s
currentSize : 8 <-- 0.009050 s
currentSize : 10 <-- 0.009072 s
currentSize : 12 <-- 0.010639 s
currentSize : 14 <-- 0.035177 s
currentSize : 15 <-- 0.086795 s
currentSize : 16 <-- 0.090202 s
currentSize : 17 <-- 0.494329 s

maxsize : 17
nodes : 673549.000000
filtered : 12575070.000000
time : 2.749541
