Parameters: GAD=1 vflib=1 dir=0 label=0 lowerbound=1 fileNameGp=../../cp2016-max-common-connected-subgraph-paper/datasets/graphsdb/mcs70/bvg/b06m/mcs70_b06m_s30.A00 fileNameGt=../../cp2016-max-common-connected-subgraph-paper/datasets/graphsdb/mcs70/bvg/b06m/mcs70_b06m_s30.B00
Reading graphs...
30 :  85
30 :  86
Initializing...
maxdom : 30
D->valSize : 900
Solving...
currentSize : 12 <-- 0.010663 s
currentSize : 13 <-- 0.010693 s
currentSize : 14 <-- 0.010837 s
currentSize : 15 <-- 0.010973 s
currentSize : 16 <-- 0.169891 s
currentSize : 17 <-- 2.272202 s
currentSize : 18 <-- 2.624968 s
currentSize : 19 <-- 3.953035 s
currentSize : 20 <-- 3.953134 s
currentSize : 21 <-- 3.953201 s
currentSize : 22 <-- 4.544299 s
currentSize : 23 <-- 4.544354 s

maxsize : 23
nodes : 1070422.000000
filtered : 25188799.000000
time : 5.305930
