Parameters: GAD=1 vflib=1 dir=0 label=0 lowerbound=1 fileNameGp=../../cp2016-max-common-connected-subgraph-paper/datasets/graphsdb/mcs70/m2D/m2Dr6/mcs70_m2Dr6_s50.A03 fileNameGt=../../cp2016-max-common-connected-subgraph-paper/datasets/graphsdb/mcs70/m2D/m2Dr6/mcs70_m2Dr6_s50.B03
Reading graphs...
50 :  114
50 :  114
Initializing...
maxdom : 50
D->valSize : 2500
Solving...
currentSize : 21 <-- 0.094270 s
currentSize : 22 <-- 0.094304 s
currentSize : 25 <-- 0.094734 s
currentSize : 26 <-- 8.197131 s
currentSize : 27 <-- 13.492967 s
currentSize : 28 <-- 66.284973 s
currentSize : 29 <-- 66.691139 s
currentSize : 30 <-- 220.113541 s

TIMEOUT
maxsize : 30
nodes : 152938845.000000
filtered : 3508212642.000000
time : 1000.000061
