Parameters: GAD=1 vflib=1 dir=0 label=0 lowerbound=1 fileNameGp=../../cp2016-max-common-connected-subgraph-paper/datasets/graphsdb/mcs70/rand/r02/mcs70_r02_s35.A00 fileNameGt=../../cp2016-max-common-connected-subgraph-paper/datasets/graphsdb/mcs70/rand/r02/mcs70_r02_s35.B00
Reading graphs...
35 :  211
35 :  209
Initializing...
maxdom : 35
D->valSize : 1225
Solving...
currentSize : 10 <-- 0.017291 s
currentSize : 11 <-- 0.017457 s
currentSize : 12 <-- 0.018223 s
currentSize : 13 <-- 0.019770 s
currentSize : 14 <-- 1.097955 s
currentSize : 15 <-- 11.089006 s
currentSize : 16 <-- 87.642227 s
currentSize : 17 <-- 91.817947 s
currentSize : 19 <-- 91.818336 s
currentSize : 24 <-- 254.495590 s

maxsize : 24
nodes : 53634085.000000
filtered : 980399392.000000
time : 267.614929
