Parameters: GAD=1 vflib=1 dir=0 label=0 lowerbound=1 fileNameGp=../../cp2016-max-common-connected-subgraph-paper/datasets/graphsdb/mcs70/bvg/b06/mcs70_b06_s25.A00 fileNameGt=../../cp2016-max-common-connected-subgraph-paper/datasets/graphsdb/mcs70/bvg/b06/mcs70_b06_s25.B00
Reading graphs...
25 :  75
25 :  73
Initializing...
maxdom : 25
D->valSize : 625
Solving...
currentSize : 10 <-- 0.005015 s
currentSize : 12 <-- 0.005064 s
currentSize : 13 <-- 0.005091 s
currentSize : 14 <-- 0.005244 s
currentSize : 15 <-- 0.008032 s
currentSize : 16 <-- 0.044011 s
currentSize : 17 <-- 0.044849 s
currentSize : 18 <-- 0.045479 s
currentSize : 19 <-- 0.298356 s

maxsize : 19
nodes : 80578.000000
filtered : 2246875.000000
time : 0.401954
