Parameters: GAD=1 vflib=1 dir=0 label=0 lowerbound=1 fileNameGp=../../cp2016-max-common-connected-subgraph-paper/datasets/graphsdb/mcs70/m3D/m3Dr2/mcs70_m3Dr2_s40.A05 fileNameGt=../../cp2016-max-common-connected-subgraph-paper/datasets/graphsdb/mcs70/m3D/m3Dr2/mcs70_m3Dr2_s40.B05
Reading graphs...
40 :  92
40 :  90
Initializing...
maxdom : 40
D->valSize : 1600
Solving...
currentSize : 13 <-- 0.052740 s
currentSize : 17 <-- 0.052778 s
currentSize : 18 <-- 0.053989 s
currentSize : 19 <-- 0.065226 s
currentSize : 20 <-- 0.157834 s
currentSize : 21 <-- 2.028632 s
currentSize : 22 <-- 2.118657 s
currentSize : 23 <-- 16.156385 s
currentSize : 24 <-- 46.404644 s
currentSize : 25 <-- 134.657623 s

TIMEOUT
maxsize : 25
nodes : 169340773.000000
filtered : 4392298570.000000
time : 1000.000061
