Parameters: GAD=1 vflib=1 dir=0 label=0 lowerbound=1 fileNameGp=../../cp2016-max-common-connected-subgraph-paper/datasets/graphsdb/mcs70/m2D/m2D/mcs70_m2D_s35.A04 fileNameGt=../../cp2016-max-common-connected-subgraph-paper/datasets/graphsdb/mcs70/m2D/m2D/mcs70_m2D_s35.B04
Reading graphs...
35 :  58
35 :  58
Initializing...
maxdom : 35
D->valSize : 1225
Solving...
currentSize : 19 <-- 0.020592 s
currentSize : 21 <-- 0.030721 s
currentSize : 22 <-- 2.623322 s
currentSize : 23 <-- 6.799994 s
currentSize : 24 <-- 8.989285 s
currentSize : 25 <-- 16.471897 s
currentSize : 26 <-- 24.217121 s
currentSize : 27 <-- 62.607033 s

maxsize : 27
nodes : 17971344.000000
filtered : 481912492.000000
time : 103.994133
