Parameters: GAD=1 vflib=1 dir=0 label=0 lowerbound=1 fileNameGp=../../cp2016-max-common-connected-subgraph-paper/datasets/graphsdb/mcs70/m2D/m2Dr4/mcs70_m2Dr4_s40.A05 fileNameGt=../../cp2016-max-common-connected-subgraph-paper/datasets/graphsdb/mcs70/m2D/m2Dr4/mcs70_m2Dr4_s40.B05
Reading graphs...
40 :  82
40 :  81
Initializing...
maxdom : 40
D->valSize : 1600
Solving...
currentSize : 10 <-- 0.062357 s
currentSize : 12 <-- 0.062417 s
currentSize : 14 <-- 0.062814 s
currentSize : 15 <-- 0.063252 s
currentSize : 17 <-- 0.063644 s
currentSize : 18 <-- 0.082642 s
currentSize : 20 <-- 0.085223 s
currentSize : 21 <-- 0.099977 s
currentSize : 22 <-- 0.569981 s
currentSize : 23 <-- 0.633569 s
currentSize : 24 <-- 3.183967 s
currentSize : 25 <-- 98.001968 s

TIMEOUT
maxsize : 25
nodes : 181654303.000000
filtered : 4137665313.000000
time : 1000.000061
