Parameters: GAD=1 vflib=1 dir=0 label=0 lowerbound=1 fileNameGp=../../cp2016-max-common-connected-subgraph-paper/datasets/graphsdb/mcs70/m2D/m2Dr2/mcs70_m2Dr2_s40.A06 fileNameGt=../../cp2016-max-common-connected-subgraph-paper/datasets/graphsdb/mcs70/m2D/m2Dr2/mcs70_m2Dr2_s40.B06
Reading graphs...
40 :  73
40 :  75
Initializing...
maxdom : 40
D->valSize : 1600
Solving...
currentSize : 14 <-- 0.057771 s
currentSize : 15 <-- 0.057897 s
currentSize : 16 <-- 0.059007 s
currentSize : 19 <-- 0.059958 s
currentSize : 20 <-- 0.059985 s
currentSize : 21 <-- 0.060036 s
currentSize : 22 <-- 0.060279 s
currentSize : 23 <-- 2.501164 s
currentSize : 24 <-- 4.500698 s
currentSize : 25 <-- 78.052071 s
currentSize : 26 <-- 144.206894 s
currentSize : 27 <-- 324.948639 s

TIMEOUT
maxsize : 27
nodes : 166032509.000000
filtered : 4107620652.000000
time : 1000.000061
