Parameters: GAD=1 vflib=1 dir=0 label=0 lowerbound=1 fileNameGp=../../cp2016-max-common-connected-subgraph-paper/datasets/graphsdb/mcs70/bvg/b09/mcs70_b09_s30.A09 fileNameGt=../../cp2016-max-common-connected-subgraph-paper/datasets/graphsdb/mcs70/bvg/b09/mcs70_b09_s30.B09
Reading graphs...
30 :  132
30 :  133
Initializing...
maxdom : 30
D->valSize : 900
Solving...
currentSize : 9 <-- 0.016420 s
currentSize : 10 <-- 0.016474 s
currentSize : 11 <-- 0.016550 s
currentSize : 12 <-- 0.016768 s
currentSize : 13 <-- 0.024781 s
currentSize : 14 <-- 0.090264 s
currentSize : 16 <-- 0.603739 s
currentSize : 18 <-- 0.635475 s
currentSize : 20 <-- 0.635525 s
currentSize : 21 <-- 0.793943 s

maxsize : 21
nodes : 838436.000000
filtered : 26119500.000000
time : 4.651988
