Parameters: GAD=1 vflib=1 dir=0 label=0 lowerbound=1 fileNameGp=../../cp2016-max-common-connected-subgraph-paper/datasets/graphsdb/mcs70/bvg/b06m/mcs70_b06m_s25.A05 fileNameGt=../../cp2016-max-common-connected-subgraph-paper/datasets/graphsdb/mcs70/bvg/b06m/mcs70_b06m_s25.B05
Reading graphs...
25 :  70
25 :  70
Initializing...
maxdom : 25
D->valSize : 625
Solving...
currentSize : 10 <-- 0.006647 s
currentSize : 11 <-- 0.006748 s
currentSize : 12 <-- 0.006970 s
currentSize : 13 <-- 0.011785 s
currentSize : 14 <-- 0.062075 s
currentSize : 15 <-- 0.270773 s
currentSize : 17 <-- 1.122627 s
currentSize : 18 <-- 1.148226 s

maxsize : 18
nodes : 376598.000000
filtered : 7759362.000000
time : 1.659137
