Parameters: GAD=1 vflib=1 dir=0 label=0 lowerbound=1 fileNameGp=../../cp2016-max-common-connected-subgraph-paper/datasets/graphsdb/mcs70/m2D/m2Dr6/mcs70_m2Dr6_s35.A08 fileNameGt=../../cp2016-max-common-connected-subgraph-paper/datasets/graphsdb/mcs70/m2D/m2Dr6/mcs70_m2Dr6_s35.B08
Reading graphs...
35 :  77
35 :  74
Initializing...
maxdom : 35
D->valSize : 1225
Solving...
currentSize : 10 <-- 0.020073 s
currentSize : 13 <-- 0.020119 s
currentSize : 14 <-- 0.020226 s
currentSize : 15 <-- 0.020274 s
currentSize : 16 <-- 0.020671 s
currentSize : 17 <-- 0.025893 s
currentSize : 18 <-- 0.046867 s
currentSize : 19 <-- 0.187916 s
currentSize : 20 <-- 2.069994 s
currentSize : 21 <-- 5.810825 s
currentSize : 22 <-- 11.050181 s
currentSize : 23 <-- 35.106140 s
currentSize : 24 <-- 187.744949 s
currentSize : 25 <-- 317.001312 s
currentSize : 26 <-- 317.117706 s

maxsize : 26
nodes : 59691292.000000
filtered : 1705678604.000000
time : 348.507782
