Parameters: GAD=1 vflib=1 dir=0 label=0 lowerbound=1 fileNameGp=../../cp2016-max-common-connected-subgraph-paper/datasets/graphsdb/mcs70/m2D/m2Dr6/mcs70_m2Dr6_s25.A06 fileNameGt=../../cp2016-max-common-connected-subgraph-paper/datasets/graphsdb/mcs70/m2D/m2Dr6/mcs70_m2Dr6_s25.B06
Reading graphs...
25 :  53
25 :  54
Initializing...
maxdom : 25
D->valSize : 625
Solving...
currentSize : 11 <-- 0.005019 s
currentSize : 12 <-- 0.005073 s
currentSize : 14 <-- 0.008949 s
currentSize : 15 <-- 0.027900 s
currentSize : 16 <-- 0.164569 s
currentSize : 17 <-- 2.265067 s
currentSize : 18 <-- 2.289608 s

maxsize : 18
nodes : 749616.000000
filtered : 14015205.000000
time : 3.171227
