Parameters: GAD=1 vflib=1 dir=0 label=0 lowerbound=1 fileNameGp=../../cp2016-max-common-connected-subgraph-paper/datasets/graphsdb/mcs70/bvg/b09m/mcs70_b09m_s25.A01 fileNameGt=../../cp2016-max-common-connected-subgraph-paper/datasets/graphsdb/mcs70/bvg/b09m/mcs70_b09m_s25.B01
Reading graphs...
25 :  105
25 :  105
Initializing...
maxdom : 25
D->valSize : 625
Solving...
currentSize : 10 <-- 0.004576 s
currentSize : 11 <-- 0.004919 s
currentSize : 12 <-- 0.005435 s
currentSize : 13 <-- 0.056197 s
currentSize : 14 <-- 1.565593 s
currentSize : 16 <-- 1.633025 s
currentSize : 17 <-- 1.633067 s

maxsize : 17
nodes : 629123.000000
filtered : 10172935.000000
time : 2.538105
