Parameters: GAD=1 vflib=1 dir=0 label=0 lowerbound=1 fileNameGp=../../cp2016-max-common-connected-subgraph-paper/datasets/graphsdb/mcs70/m3D/m3Dr2/mcs70_m3Dr2_s35.A01 fileNameGt=../../cp2016-max-common-connected-subgraph-paper/datasets/graphsdb/mcs70/m3D/m3Dr2/mcs70_m3Dr2_s35.B01
Reading graphs...
35 :  79
35 :  78
Initializing...
maxdom : 35
D->valSize : 1225
Solving...
currentSize : 17 <-- 0.020251 s
currentSize : 19 <-- 0.020851 s
currentSize : 20 <-- 0.031272 s
currentSize : 21 <-- 0.076853 s
currentSize : 22 <-- 28.978821 s
currentSize : 23 <-- 95.486382 s
currentSize : 24 <-- 111.163269 s
currentSize : 25 <-- 199.448242 s
currentSize : 28 <-- 315.494202 s

maxsize : 28
nodes : 54839159.000000
filtered : 1500899884.000000
time : 317.873383
