Parameters: GAD=1 vflib=1 dir=0 label=0 lowerbound=1 fileNameGp=../../cp2016-max-common-connected-subgraph-paper/datasets/graphsdb/mcs70/bvg/b09/mcs70_b09_s25.A01 fileNameGt=../../cp2016-max-common-connected-subgraph-paper/datasets/graphsdb/mcs70/bvg/b09/mcs70_b09_s25.B01
Reading graphs...
25 :  111
25 :  108
Initializing...
maxdom : 25
D->valSize : 625
Solving...
currentSize : 10 <-- 0.007271 s
currentSize : 11 <-- 0.007323 s
currentSize : 12 <-- 0.009484 s
currentSize : 13 <-- 0.019579 s
currentSize : 14 <-- 0.212690 s
currentSize : 15 <-- 0.228787 s
currentSize : 16 <-- 0.238330 s
currentSize : 17 <-- 0.349033 s

maxsize : 17
nodes : 259510.000000
filtered : 6267521.000000
time : 1.391626
