Parameters: GAD=1 vflib=1 dir=0 label=0 lowerbound=1 fileNameGp=../../cp2016-max-common-connected-subgraph-paper/datasets/graphsdb/mcs70/bvg/b06/mcs70_b06_s50.A03 fileNameGt=../../cp2016-max-common-connected-subgraph-paper/datasets/graphsdb/mcs70/bvg/b06/mcs70_b06_s50.B03
Reading graphs...
50 :  150
50 :  149
Initializing...
maxdom : 50
D->valSize : 2500
Solving...
currentSize : 16 <-- 0.091302 s
currentSize : 17 <-- 0.091351 s
currentSize : 18 <-- 0.091362 s
currentSize : 19 <-- 0.091401 s
currentSize : 21 <-- 0.096799 s
currentSize : 22 <-- 0.096913 s
currentSize : 23 <-- 0.127933 s
currentSize : 24 <-- 0.143011 s
currentSize : 25 <-- 12.298791 s
currentSize : 26 <-- 24.064156 s
currentSize : 27 <-- 65.071770 s
currentSize : 28 <-- 119.078705 s
currentSize : 29 <-- 722.182312 s

TIMEOUT
maxsize : 29
nodes : 144213427.000000
filtered : 4853791152.000000
time : 1000.000061
