Parameters: GAD=1 vflib=1 dir=0 label=0 lowerbound=1 fileNameGp=../../cp2016-max-common-connected-subgraph-paper/datasets/graphsdb/mcs70/rand/r01/mcs70_r01_s35.A09 fileNameGt=../../cp2016-max-common-connected-subgraph-paper/datasets/graphsdb/mcs70/rand/r01/mcs70_r01_s35.B09
Reading graphs...
35 :  115
35 :  117
Initializing...
maxdom : 35
D->valSize : 1225
Solving...
currentSize : 15 <-- 0.030564 s
currentSize : 16 <-- 0.030745 s
currentSize : 17 <-- 0.030886 s
currentSize : 18 <-- 0.040889 s
currentSize : 19 <-- 0.364366 s
currentSize : 20 <-- 390.836243 s
currentSize : 21 <-- 595.953674 s
currentSize : 24 <-- 632.077637 s

maxsize : 24
nodes : 131445205.000000
filtered : 3039371897.000000
time : 694.454163
