Parameters: GAD=1 vflib=1 dir=0 label=0 lowerbound=1 fileNameGp=../../cp2016-max-common-connected-subgraph-paper/datasets/graphsdb/mcs70/m2D/m2Dr2/mcs70_m2Dr2_s35.A09 fileNameGt=../../cp2016-max-common-connected-subgraph-paper/datasets/graphsdb/mcs70/m2D/m2Dr2/mcs70_m2Dr2_s35.B09
Reading graphs...
35 :  64
35 :  65
Initializing...
maxdom : 35
D->valSize : 1225
Solving...
currentSize : 13 <-- 0.020330 s
currentSize : 14 <-- 0.020363 s
currentSize : 15 <-- 0.020393 s
currentSize : 16 <-- 0.020674 s
currentSize : 17 <-- 0.020967 s
currentSize : 18 <-- 0.021763 s
currentSize : 19 <-- 0.024980 s
currentSize : 20 <-- 0.056689 s
currentSize : 21 <-- 0.132951 s
currentSize : 22 <-- 11.429561 s
currentSize : 23 <-- 155.979111 s
currentSize : 24 <-- 217.346390 s
currentSize : 25 <-- 285.098114 s
currentSize : 26 <-- 285.098846 s
currentSize : 27 <-- 285.129028 s

maxsize : 27
nodes : 60284740.000000
filtered : 1281999820.000000
time : 305.706665
