Parameters: GAD=1 vflib=1 dir=0 label=0 lowerbound=1 fileNameGp=../../cp2016-max-common-connected-subgraph-paper/datasets/graphsdb/mcs70/bvg/b03m/mcs70_b03m_s35.A00 fileNameGt=../../cp2016-max-common-connected-subgraph-paper/datasets/graphsdb/mcs70/bvg/b03m/mcs70_b03m_s35.B00
Reading graphs...
35 :  52
35 :  51
Initializing...
maxdom : 35
D->valSize : 1225
Solving...
currentSize : 17 <-- 0.034071 s
currentSize : 18 <-- 0.035063 s
currentSize : 19 <-- 0.035088 s
currentSize : 20 <-- 0.035180 s
currentSize : 21 <-- 0.051952 s
currentSize : 22 <-- 0.075505 s
currentSize : 23 <-- 0.771741 s
currentSize : 24 <-- 5.686884 s
currentSize : 25 <-- 14.853419 s
currentSize : 26 <-- 80.899239 s

maxsize : 26
nodes : 32057678.000000
filtered : 810260038.000000
time : 182.950668
