Parameters: GAD=1 vflib=1 dir=0 label=0 lowerbound=1 fileNameGp=../../cp2016-max-common-connected-subgraph-paper/datasets/graphsdb/mcs70/rand/r02/mcs70_r02_s50.A05 fileNameGt=../../cp2016-max-common-connected-subgraph-paper/datasets/graphsdb/mcs70/rand/r02/mcs70_r02_s50.B05
Reading graphs...
50 :  437
50 :  443
Initializing...
maxdom : 50
D->valSize : 2500
Solving...
currentSize : 11 <-- 0.074962 s
currentSize : 12 <-- 0.075005 s
currentSize : 13 <-- 0.075116 s
currentSize : 14 <-- 0.075972 s
currentSize : 15 <-- 0.098469 s
currentSize : 16 <-- 2.212738 s
currentSize : 17 <-- 115.186913 s

TIMEOUT
maxsize : 17
nodes : 191931465.000000
filtered : 2091223901.000000
time : 1000.000061
