Parameters: GAD=1 vflib=1 dir=0 label=0 lowerbound=1 fileNameGp=../../cp2016-max-common-connected-subgraph-paper/datasets/graphsdb/mcs70/rand/r005/mcs70_r005_s30.A09 fileNameGt=../../cp2016-max-common-connected-subgraph-paper/datasets/graphsdb/mcs70/rand/r005/mcs70_r005_s30.B09
Reading graphs...
30 :  41
30 :  40
Initializing...
maxdom : 30
D->valSize : 900
Solving...
currentSize : 16 <-- 0.011280 s
currentSize : 17 <-- 0.011472 s
currentSize : 18 <-- 0.027489 s
currentSize : 19 <-- 0.783070 s
currentSize : 20 <-- 0.943345 s
currentSize : 21 <-- 1.007202 s
currentSize : 22 <-- 1.336260 s
currentSize : 23 <-- 7.675204 s

maxsize : 23
nodes : 2075328.000000
filtered : 38087060.000000
time : 9.307100
