Parameters: GAD=1 vflib=1 dir=0 label=0 lowerbound=1 fileNameGp=../../cp2016-max-common-connected-subgraph-paper/datasets/graphsdb/mcs70/bvg/b06m/mcs70_b06m_s30.A09 fileNameGt=../../cp2016-max-common-connected-subgraph-paper/datasets/graphsdb/mcs70/bvg/b06m/mcs70_b06m_s30.B09
Reading graphs...
30 :  87
30 :  88
Initializing...
maxdom : 30
D->valSize : 900
Solving...
currentSize : 11 <-- 0.009982 s
currentSize : 12 <-- 0.010003 s
currentSize : 13 <-- 0.010209 s
currentSize : 14 <-- 0.011070 s
currentSize : 15 <-- 0.011779 s
currentSize : 16 <-- 0.217487 s
currentSize : 17 <-- 0.383921 s
currentSize : 18 <-- 0.560263 s
currentSize : 19 <-- 0.617812 s
currentSize : 22 <-- 0.679999 s

maxsize : 22
nodes : 532442.000000
filtered : 18651190.000000
time : 3.121956
