Parameters: GAD=1 vflib=1 dir=0 label=0 lowerbound=1 fileNameGp=../../cp2016-max-common-connected-subgraph-paper/datasets/graphsdb/mcs70/bvg/b06/mcs70_b06_s50.A00 fileNameGt=../../cp2016-max-common-connected-subgraph-paper/datasets/graphsdb/mcs70/bvg/b06/mcs70_b06_s50.B00
Reading graphs...
50 :  150
50 :  149
Initializing...
maxdom : 50
D->valSize : 2500
Solving...
currentSize : 20 <-- 0.155157 s
currentSize : 21 <-- 0.155190 s
currentSize : 23 <-- 0.155310 s
currentSize : 24 <-- 0.170856 s
currentSize : 25 <-- 0.231316 s
currentSize : 26 <-- 1.772655 s
currentSize : 27 <-- 48.092758 s
currentSize : 28 <-- 48.183910 s
currentSize : 29 <-- 64.492165 s
currentSize : 30 <-- 80.566765 s
currentSize : 31 <-- 126.084885 s
currentSize : 32 <-- 158.920364 s
currentSize : 33 <-- 185.561707 s
currentSize : 34 <-- 708.397949 s
currentSize : 35 <-- 708.399292 s

TIMEOUT
maxsize : 35
nodes : 112426262.000000
filtered : 5703782951.000000
time : 1000.000061
