Parameters: GAD=1 vflib=1 dir=0 label=0 lowerbound=1 fileNameGp=../../cp2016-max-common-connected-subgraph-paper/datasets/graphsdb/mcs70/m2D/m2Dr4/mcs70_m2Dr4_s35.A04 fileNameGt=../../cp2016-max-common-connected-subgraph-paper/datasets/graphsdb/mcs70/m2D/m2Dr4/mcs70_m2Dr4_s35.B04
Reading graphs...
35 :  71
35 :  71
Initializing...
maxdom : 35
D->valSize : 1225
Solving...
currentSize : 18 <-- 0.020247 s
currentSize : 19 <-- 0.082278 s
currentSize : 20 <-- 0.160516 s
currentSize : 21 <-- 0.279968 s
currentSize : 22 <-- 20.374956 s
currentSize : 23 <-- 43.459991 s
currentSize : 24 <-- 90.366348 s
currentSize : 25 <-- 90.497810 s
currentSize : 26 <-- 204.713074 s

maxsize : 26
nodes : 40235569.000000
filtered : 1179710040.000000
time : 239.623642
