Parameters: GAD=1 vflib=1 dir=0 label=0 lowerbound=1 fileNameGp=../../cp2016-max-common-connected-subgraph-paper/datasets/graphsdb/mcs70/bvg/b06m/mcs70_b06m_s40.A01 fileNameGt=../../cp2016-max-common-connected-subgraph-paper/datasets/graphsdb/mcs70/bvg/b06m/mcs70_b06m_s40.B01
Reading graphs...
40 :  116
40 :  117
Initializing...
maxdom : 40
D->valSize : 1600
Solving...
currentSize : 15 <-- 0.058475 s
currentSize : 16 <-- 0.058580 s
currentSize : 17 <-- 0.058752 s
currentSize : 18 <-- 0.070668 s
currentSize : 19 <-- 0.071348 s
currentSize : 20 <-- 0.083634 s
currentSize : 21 <-- 2.077541 s
currentSize : 22 <-- 13.386491 s
currentSize : 23 <-- 14.973414 s
currentSize : 25 <-- 34.326794 s
currentSize : 27 <-- 40.567715 s
currentSize : 28 <-- 42.469418 s

maxsize : 28
nodes : 42177072.000000
filtered : 2122548358.000000
time : 350.198212
