Parameters: GAD=1 vflib=1 dir=0 label=0 lowerbound=1 fileNameGp=../../cp2016-max-common-connected-subgraph-paper/datasets/graphsdb/mcs70/m2D/m2Dr2/mcs70_m2Dr2_s50.A06 fileNameGt=../../cp2016-max-common-connected-subgraph-paper/datasets/graphsdb/mcs70/m2D/m2Dr2/mcs70_m2Dr2_s50.B06
Reading graphs...
50 :  95
50 :  93
Initializing...
maxdom : 50
D->valSize : 2500
Solving...
currentSize : 22 <-- 0.095688 s
currentSize : 23 <-- 0.096334 s
currentSize : 24 <-- 0.098439 s
currentSize : 25 <-- 0.229620 s
currentSize : 26 <-- 0.339281 s
currentSize : 27 <-- 0.357251 s
currentSize : 28 <-- 0.423777 s
currentSize : 29 <-- 0.435753 s
currentSize : 30 <-- 0.679974 s
currentSize : 31 <-- 6.989995 s
currentSize : 32 <-- 586.212402 s

TIMEOUT
maxsize : 32
nodes : 165586322.000000
filtered : 3676396230.000000
time : 1000.000061
