Parameters: GAD=1 vflib=1 dir=0 label=0 lowerbound=1 fileNameGp=../../cp2016-max-common-connected-subgraph-paper/datasets/graphsdb/mcs70/rand/r01/mcs70_r01_s35.A04 fileNameGt=../../cp2016-max-common-connected-subgraph-paper/datasets/graphsdb/mcs70/rand/r01/mcs70_r01_s35.B04
Reading graphs...
35 :  110
35 :  110
Initializing...
maxdom : 35
D->valSize : 1225
Solving...
currentSize : 13 <-- 0.033153 s
currentSize : 14 <-- 0.033177 s
currentSize : 15 <-- 0.041608 s
currentSize : 16 <-- 0.050980 s
currentSize : 17 <-- 0.058413 s
currentSize : 18 <-- 0.058827 s
currentSize : 19 <-- 18.864391 s
currentSize : 20 <-- 170.895981 s
currentSize : 22 <-- 757.450195 s
currentSize : 24 <-- 757.451111 s

maxsize : 24
nodes : 156494009.000000
filtered : 3725139609.000000
time : 834.574768
