Parameters: GAD=1 vflib=1 dir=0 label=0 lowerbound=1 fileNameGp=../../cp2016-max-common-connected-subgraph-paper/datasets/graphsdb/mcs70/rand/r02/mcs70_r02_s25.A06 fileNameGt=../../cp2016-max-common-connected-subgraph-paper/datasets/graphsdb/mcs70/rand/r02/mcs70_r02_s25.B06
Reading graphs...
25 :  109
25 :  111
Initializing...
maxdom : 25
D->valSize : 625
Solving...
currentSize : 9 <-- 0.004490 s
currentSize : 10 <-- 0.004518 s
currentSize : 11 <-- 0.005258 s
currentSize : 12 <-- 0.073033 s
currentSize : 13 <-- 2.013541 s
currentSize : 14 <-- 2.444596 s
currentSize : 17 <-- 2.492862 s

maxsize : 17
nodes : 934012.000000
filtered : 13147747.000000
time : 3.563321
