Parameters: GAD=1 vflib=1 dir=0 label=0 lowerbound=1 fileNameGp=../../cp2016-max-common-connected-subgraph-paper/datasets/graphsdb/mcs70/rand/r02/mcs70_r02_s50.A09 fileNameGt=../../cp2016-max-common-connected-subgraph-paper/datasets/graphsdb/mcs70/rand/r02/mcs70_r02_s50.B09
Reading graphs...
50 :  437
50 :  438
Initializing...
maxdom : 50
D->valSize : 2500
Solving...
currentSize : 13 <-- 0.075117 s
currentSize : 14 <-- 0.077966 s
currentSize : 15 <-- 0.139127 s
currentSize : 16 <-- 3.190631 s
currentSize : 17 <-- 173.186584 s
currentSize : 18 <-- 431.915039 s
currentSize : 19 <-- 431.915100 s

TIMEOUT
maxsize : 19
nodes : 187415679.000000
filtered : 2284592735.000000
time : 1000.000061
