Parameters: GAD=1 vflib=1 dir=0 label=0 lowerbound=1 fileNameGp=../../cp2016-max-common-connected-subgraph-paper/datasets/graphsdb/mcs70/m2D/m2D/mcs70_m2D_s40.A08 fileNameGt=../../cp2016-max-common-connected-subgraph-paper/datasets/graphsdb/mcs70/m2D/m2D/mcs70_m2D_s40.B08
Reading graphs...
40 :  67
40 :  66
Initializing...
maxdom : 40
D->valSize : 1600
Solving...
currentSize : 16 <-- 0.062436 s
currentSize : 17 <-- 0.062746 s
currentSize : 18 <-- 0.071618 s
currentSize : 19 <-- 0.075094 s
currentSize : 20 <-- 0.089981 s
currentSize : 21 <-- 0.090050 s
currentSize : 23 <-- 0.090258 s
currentSize : 24 <-- 0.870355 s
currentSize : 25 <-- 5.332442 s
currentSize : 26 <-- 8.854485 s
currentSize : 27 <-- 15.310606 s
currentSize : 28 <-- 39.026592 s

TIMEOUT
maxsize : 28
nodes : 156537955.000000
filtered : 4088220095.000000
time : 1000.000061
