Parameters: GAD=1 vflib=1 dir=0 label=0 lowerbound=1 fileNameGp=../../cp2016-max-common-connected-subgraph-paper/datasets/graphsdb/mcs70/rand/r01/mcs70_r01_s40.A02 fileNameGt=../../cp2016-max-common-connected-subgraph-paper/datasets/graphsdb/mcs70/rand/r01/mcs70_r01_s40.B02
Reading graphs...
40 :  150
40 :  145
Initializing...
maxdom : 40
D->valSize : 1600
Solving...
currentSize : 15 <-- 0.056811 s
currentSize : 16 <-- 0.056875 s
currentSize : 17 <-- 0.069231 s
currentSize : 18 <-- 0.161766 s
currentSize : 19 <-- 0.413654 s
currentSize : 20 <-- 1.837780 s
currentSize : 21 <-- 2.102624 s

TIMEOUT
maxsize : 21
nodes : 176233286.000000
filtered : 4278257108.000000
time : 1000.000061
