Parameters: GAD=1 vflib=1 dir=0 label=0 lowerbound=1 fileNameGp=../../cp2016-max-common-connected-subgraph-paper/datasets/graphsdb/mcs70/bvg/b03m/mcs70_b03m_s25.A04 fileNameGt=../../cp2016-max-common-connected-subgraph-paper/datasets/graphsdb/mcs70/bvg/b03m/mcs70_b03m_s25.B04
Reading graphs...
25 :  36
25 :  36
Initializing...
maxdom : 25
D->valSize : 625
Solving...
currentSize : 12 <-- 0.009189 s
currentSize : 13 <-- 0.009682 s
currentSize : 14 <-- 0.010055 s
currentSize : 15 <-- 0.016158 s
currentSize : 16 <-- 0.072317 s
currentSize : 17 <-- 0.085678 s
currentSize : 18 <-- 0.126292 s

maxsize : 18
nodes : 918138.000000
filtered : 15054103.000000
time : 3.762426
