Parameters: GAD=1 vflib=1 dir=0 label=0 lowerbound=1 fileNameGp=../../cp2016-max-common-connected-subgraph-paper/datasets/graphsdb/mcs70/bvg/b09/mcs70_b09_s50.A03 fileNameGt=../../cp2016-max-common-connected-subgraph-paper/datasets/graphsdb/mcs70/bvg/b09/mcs70_b09_s50.B03
Reading graphs...
50 :  222
50 :  223
Initializing...
maxdom : 50
D->valSize : 2500
Solving...
currentSize : 15 <-- 0.085186 s
currentSize : 16 <-- 0.085217 s
currentSize : 17 <-- 0.085442 s
currentSize : 18 <-- 0.086424 s
currentSize : 19 <-- 0.093029 s
currentSize : 20 <-- 0.125491 s
currentSize : 21 <-- 0.246116 s
currentSize : 22 <-- 5.137730 s
currentSize : 23 <-- 442.895691 s
currentSize : 25 <-- 700.048889 s
currentSize : 26 <-- 932.753967 s

TIMEOUT
maxsize : 26
nodes : 153576594.000000
filtered : 3897430702.000000
time : 1000.000061
