Parameters: GAD=1 vflib=1 dir=0 label=0 lowerbound=1 fileNameGp=../../cp2016-max-common-connected-subgraph-paper/datasets/graphsdb/mcs70/bvg/b06/mcs70_b06_s50.A09 fileNameGt=../../cp2016-max-common-connected-subgraph-paper/datasets/graphsdb/mcs70/bvg/b06/mcs70_b06_s50.B09
Reading graphs...
50 :  149
50 :  149
Initializing...
maxdom : 50
D->valSize : 2500
Solving...
currentSize : 25 <-- 0.090846 s
currentSize : 26 <-- 0.091997 s
currentSize : 27 <-- 0.099969 s
currentSize : 28 <-- 0.109428 s
currentSize : 29 <-- 0.450128 s
currentSize : 30 <-- 2.250195 s
currentSize : 31 <-- 9.755961 s
currentSize : 32 <-- 14.774981 s
currentSize : 33 <-- 30.880503 s
currentSize : 34 <-- 182.032837 s
currentSize : 35 <-- 247.417633 s

TIMEOUT
maxsize : 35
nodes : 96846956.000000
filtered : 5863970999.000000
time : 1000.000061
