Parameters: GAD=1 vflib=1 dir=0 label=0 lowerbound=1 fileNameGp=../../cp2016-max-common-connected-subgraph-paper/datasets/graphsdb/mcs70/bvg/b03/mcs70_b03_s35.A01 fileNameGt=../../cp2016-max-common-connected-subgraph-paper/datasets/graphsdb/mcs70/bvg/b03/mcs70_b03_s35.B01
Reading graphs...
35 :  52
35 :  52
Initializing...
maxdom : 35
D->valSize : 1225
Solving...
currentSize : 23 <-- 0.021003 s
currentSize : 24 <-- 0.055771 s
currentSize : 25 <-- 0.056027 s
currentSize : 26 <-- 0.120511 s
currentSize : 27 <-- 1.755173 s
currentSize : 29 <-- 9.376438 s

maxsize : 29
nodes : 2183310.000000
filtered : 57441452.000000
time : 13.214040
