Parameters: GAD=1 vflib=1 dir=0 label=0 lowerbound=1 fileNameGp=../../cp2016-max-common-connected-subgraph-paper/datasets/graphsdb/mcs70/bvg/b06m/mcs70_b06m_s30.A06 fileNameGt=../../cp2016-max-common-connected-subgraph-paper/datasets/graphsdb/mcs70/bvg/b06m/mcs70_b06m_s30.B06
Reading graphs...
30 :  89
30 :  88
Initializing...
maxdom : 30
D->valSize : 900
Solving...
currentSize : 11 <-- 0.010110 s
currentSize : 12 <-- 0.010180 s
currentSize : 14 <-- 0.010253 s
currentSize : 15 <-- 0.010270 s
currentSize : 16 <-- 0.430527 s
currentSize : 17 <-- 6.216101 s
currentSize : 18 <-- 29.953487 s
currentSize : 19 <-- 29.953535 s
currentSize : 21 <-- 32.258308 s

maxsize : 21
nodes : 7668552.000000
filtered : 166168803.000000
time : 35.893593
