Parameters: GAD=1 vflib=1 dir=0 label=0 lowerbound=1 fileNameGp=../../cp2016-max-common-connected-subgraph-paper/datasets/graphsdb/mcs70/m3D/m3Dr6/mcs70_m3Dr6_s35.A01 fileNameGt=../../cp2016-max-common-connected-subgraph-paper/datasets/graphsdb/mcs70/m3D/m3Dr6/mcs70_m3Dr6_s35.B01
Reading graphs...
35 :  90
35 :  90
Initializing...
maxdom : 35
D->valSize : 1225
Solving...
currentSize : 15 <-- 0.020666 s
currentSize : 16 <-- 0.020714 s
currentSize : 17 <-- 0.020824 s
currentSize : 18 <-- 0.027611 s
currentSize : 19 <-- 0.027728 s
currentSize : 20 <-- 0.208742 s
currentSize : 21 <-- 5.120512 s
currentSize : 22 <-- 32.127937 s
currentSize : 25 <-- 32.148876 s
currentSize : 26 <-- 48.769405 s
currentSize : 27 <-- 62.639652 s

maxsize : 27
nodes : 11518045.000000
filtered : 355269024.000000
time : 68.734337
