Parameters: GAD=1 vflib=1 dir=0 label=0 lowerbound=1 fileNameGp=../../cp2016-max-common-connected-subgraph-paper/datasets/graphsdb/mcs70/bvg/b09/mcs70_b09_s25.A04 fileNameGt=../../cp2016-max-common-connected-subgraph-paper/datasets/graphsdb/mcs70/bvg/b09/mcs70_b09_s25.B04
Reading graphs...
25 :  110
25 :  108
Initializing...
maxdom : 25
D->valSize : 625
Solving...
currentSize : 9 <-- 0.004452 s
currentSize : 10 <-- 0.004522 s
currentSize : 11 <-- 0.004611 s
currentSize : 12 <-- 0.006260 s
currentSize : 13 <-- 0.011362 s
currentSize : 14 <-- 0.013356 s
currentSize : 16 <-- 0.025243 s
currentSize : 17 <-- 0.045057 s
currentSize : 18 <-- 0.161457 s

maxsize : 18
nodes : 150159.000000
filtered : 4040018.000000
time : 0.735145
