Parameters: GAD=1 vflib=1 dir=0 label=0 lowerbound=1 fileNameGp=../../cp2016-max-common-connected-subgraph-paper/datasets/graphsdb/mcs70/rand/r01/mcs70_r01_s35.A08 fileNameGt=../../cp2016-max-common-connected-subgraph-paper/datasets/graphsdb/mcs70/rand/r01/mcs70_r01_s35.B08
Reading graphs...
35 :  107
35 :  112
Initializing...
maxdom : 35
D->valSize : 1225
Solving...
currentSize : 11 <-- 0.018928 s
currentSize : 12 <-- 0.018956 s
currentSize : 13 <-- 0.019100 s
currentSize : 14 <-- 0.019346 s
currentSize : 15 <-- 0.019482 s
currentSize : 16 <-- 0.022546 s
currentSize : 17 <-- 0.027728 s
currentSize : 18 <-- 0.060028 s
currentSize : 19 <-- 0.509655 s
currentSize : 20 <-- 28.008476 s
currentSize : 22 <-- 954.975586 s

TIMEOUT
maxsize : 22
nodes : 183954124.000000
filtered : 4299293936.000000
time : 1000.000000
