Parameters: GAD=1 vflib=1 dir=0 label=0 lowerbound=1 fileNameGp=../../cp2016-max-common-connected-subgraph-paper/datasets/graphsdb/mcs70/bvg/b03m/mcs70_b03m_s40.A05 fileNameGt=../../cp2016-max-common-connected-subgraph-paper/datasets/graphsdb/mcs70/bvg/b03m/mcs70_b03m_s40.B05
Reading graphs...
40 :  60
40 :  60
Initializing...
maxdom : 40
D->valSize : 1600
Solving...
currentSize : 21 <-- 0.063798 s
currentSize : 22 <-- 0.063823 s
currentSize : 23 <-- 0.071617 s
currentSize : 24 <-- 0.140093 s
currentSize : 25 <-- 0.833458 s
currentSize : 26 <-- 5.293608 s
currentSize : 27 <-- 44.419083 s
currentSize : 28 <-- 261.606812 s

TIMEOUT
maxsize : 28
nodes : 175690974.000000
filtered : 3840589174.000000
time : 1000.000061
