Parameters: GAD=1 vflib=1 dir=0 label=0 lowerbound=1 fileNameGp=../../cp2016-max-common-connected-subgraph-paper/datasets/graphsdb/mcs70/rand/r005/mcs70_r005_s25.A06 fileNameGt=../../cp2016-max-common-connected-subgraph-paper/datasets/graphsdb/mcs70/rand/r005/mcs70_r005_s25.B06
Reading graphs...
25 :  33
25 :  33
Initializing...
maxdom : 25
D->valSize : 625
Solving...
currentSize : 7 <-- 0.005347 s
currentSize : 8 <-- 0.005366 s
currentSize : 9 <-- 0.005395 s
currentSize : 10 <-- 0.005453 s
currentSize : 11 <-- 0.005819 s
currentSize : 12 <-- 0.007147 s
currentSize : 13 <-- 0.007169 s
currentSize : 14 <-- 0.008828 s
currentSize : 15 <-- 0.008840 s
currentSize : 16 <-- 0.009275 s
currentSize : 17 <-- 0.103249 s
currentSize : 18 <-- 0.226994 s
currentSize : 19 <-- 0.243210 s

maxsize : 19
nodes : 293363.000000
filtered : 4861511.000000
time : 1.149590
