Parameters: GAD=1 vflib=1 dir=0 label=0 lowerbound=1 fileNameGp=../../cp2016-max-common-connected-subgraph-paper/datasets/graphsdb/mcs70/bvg/b09/mcs70_b09_s40.A00 fileNameGt=../../cp2016-max-common-connected-subgraph-paper/datasets/graphsdb/mcs70/bvg/b09/mcs70_b09_s40.B00
Reading graphs...
40 :  178
40 :  178
Initializing...
maxdom : 40
D->valSize : 1600
Solving...
currentSize : 14 <-- 0.032115 s
currentSize : 15 <-- 0.033401 s
currentSize : 16 <-- 0.036775 s
currentSize : 17 <-- 0.124825 s
currentSize : 18 <-- 1.653360 s
currentSize : 19 <-- 6.444181 s
currentSize : 21 <-- 32.804394 s
currentSize : 22 <-- 33.515800 s
currentSize : 23 <-- 33.575565 s
currentSize : 25 <-- 33.618744 s
currentSize : 28 <-- 33.809814 s
currentSize : 29 <-- 40.530952 s

maxsize : 29
nodes : 12470669.000000
filtered : 443228435.000000
time : 84.002991
