Parameters: GAD=1 vflib=1 dir=0 label=0 lowerbound=1 fileNameGp=../../cp2016-max-common-connected-subgraph-paper/datasets/graphsdb/mcs70/m3D/m3Dr2/mcs70_m3Dr2_s35.A00 fileNameGt=../../cp2016-max-common-connected-subgraph-paper/datasets/graphsdb/mcs70/m3D/m3Dr2/mcs70_m3Dr2_s35.B00
Reading graphs...
35 :  79
35 :  79
Initializing...
maxdom : 35
D->valSize : 1225
Solving...
currentSize : 15 <-- 0.034965 s
currentSize : 16 <-- 0.035049 s
currentSize : 17 <-- 0.043930 s
currentSize : 18 <-- 0.084957 s
currentSize : 19 <-- 0.085749 s
currentSize : 20 <-- 0.106230 s
currentSize : 21 <-- 1.419692 s
currentSize : 22 <-- 33.658745 s
currentSize : 23 <-- 158.485855 s
currentSize : 24 <-- 185.164764 s
currentSize : 28 <-- 361.852631 s

maxsize : 28
nodes : 65235056.000000
filtered : 1735313444.000000
time : 365.583923
