Parameters: GAD=1 vflib=1 dir=0 label=0 lowerbound=1 fileNameGp=../../cp2016-max-common-connected-subgraph-paper/datasets/graphsdb/mcs70/bvg/b09m/mcs70_b09m_s40.A08 fileNameGt=../../cp2016-max-common-connected-subgraph-paper/datasets/graphsdb/mcs70/bvg/b09m/mcs70_b09m_s40.B08
Reading graphs...
40 :  171
40 :  168
Initializing...
maxdom : 40
D->valSize : 1600
Solving...
currentSize : 14 <-- 0.031751 s
currentSize : 15 <-- 0.031785 s
currentSize : 16 <-- 0.032473 s
currentSize : 17 <-- 0.034502 s
currentSize : 18 <-- 0.371178 s
currentSize : 19 <-- 21.917849 s
currentSize : 20 <-- 274.315582 s
currentSize : 21 <-- 274.316010 s
currentSize : 22 <-- 274.508911 s
currentSize : 23 <-- 274.509186 s
currentSize : 26 <-- 278.267029 s
currentSize : 28 <-- 441.120514 s

maxsize : 28
nodes : 79581481.000000
filtered : 2382007929.000000
time : 487.439453
