Parameters: GAD=1 vflib=1 dir=0 label=0 lowerbound=1 fileNameGp=../../cp2016-max-common-connected-subgraph-paper/datasets/graphsdb/mcs70/m3D/m3Dr2/mcs70_m3Dr2_s40.A04 fileNameGt=../../cp2016-max-common-connected-subgraph-paper/datasets/graphsdb/mcs70/m3D/m3Dr2/mcs70_m3Dr2_s40.B04
Reading graphs...
40 :  92
40 :  92
Initializing...
maxdom : 40
D->valSize : 1600
Solving...
currentSize : 18 <-- 0.034789 s
currentSize : 19 <-- 0.034818 s
currentSize : 21 <-- 0.035561 s
currentSize : 22 <-- 0.041442 s
currentSize : 23 <-- 0.424352 s
currentSize : 24 <-- 4.740031 s
currentSize : 25 <-- 627.131042 s

TIMEOUT
maxsize : 25
nodes : 178878881.000000
filtered : 4150633481.000000
time : 1000.000000
