Parameters: GAD=1 vflib=1 dir=0 label=0 lowerbound=1 fileNameGp=../../cp2016-max-common-connected-subgraph-paper/datasets/graphsdb/mcs70/m2D/m2Dr2/mcs70_m2Dr2_s35.A01 fileNameGt=../../cp2016-max-common-connected-subgraph-paper/datasets/graphsdb/mcs70/m2D/m2Dr2/mcs70_m2Dr2_s35.B01
Reading graphs...
35 :  65
35 :  65
Initializing...
maxdom : 35
D->valSize : 1225
Solving...
currentSize : 9 <-- 0.020730 s
currentSize : 13 <-- 0.020793 s
currentSize : 14 <-- 0.020812 s
currentSize : 15 <-- 0.020903 s
currentSize : 16 <-- 0.021022 s
currentSize : 17 <-- 0.021365 s
currentSize : 18 <-- 0.025890 s
currentSize : 19 <-- 0.026420 s
currentSize : 20 <-- 0.027671 s
currentSize : 21 <-- 0.032620 s
currentSize : 22 <-- 0.047791 s
currentSize : 23 <-- 0.610393 s
currentSize : 24 <-- 130.926392 s
currentSize : 25 <-- 198.532562 s
currentSize : 26 <-- 337.281189 s

maxsize : 26
nodes : 71176990.000000
filtered : 1936430304.000000
time : 410.928894
