Parameters: GAD=1 vflib=1 dir=0 label=0 lowerbound=1 fileNameGp=../../cp2016-max-common-connected-subgraph-paper/datasets/graphsdb/mcs70/bvg/b03/mcs70_b03_s40.A02 fileNameGt=../../cp2016-max-common-connected-subgraph-paper/datasets/graphsdb/mcs70/bvg/b03/mcs70_b03_s40.B02
Reading graphs...
40 :  60
40 :  60
Initializing...
maxdom : 40
D->valSize : 1600
Solving...
currentSize : 23 <-- 0.036381 s
currentSize : 24 <-- 0.036411 s
currentSize : 25 <-- 0.038139 s
currentSize : 26 <-- 0.054275 s
currentSize : 27 <-- 0.093744 s
currentSize : 28 <-- 0.094180 s
currentSize : 29 <-- 2.451238 s
currentSize : 30 <-- 5.630942 s
currentSize : 31 <-- 8.387487 s
currentSize : 32 <-- 9.269049 s

maxsize : 32
nodes : 9665971.000000
filtered : 346302989.000000
time : 75.156349
