Parameters: GAD=1 vflib=1 dir=0 label=0 lowerbound=1 fileNameGp=../../cp2016-max-common-connected-subgraph-paper/datasets/graphsdb/mcs70/bvg/b03/mcs70_b03_s30.A03 fileNameGt=../../cp2016-max-common-connected-subgraph-paper/datasets/graphsdb/mcs70/bvg/b03/mcs70_b03_s30.B03
Reading graphs...
30 :  45
30 :  45
Initializing...
maxdom : 30
D->valSize : 900
Solving...
currentSize : 17 <-- 0.011163 s
currentSize : 18 <-- 0.011185 s
currentSize : 19 <-- 0.011621 s
currentSize : 20 <-- 0.026421 s
currentSize : 21 <-- 0.029054 s
currentSize : 22 <-- 0.174062 s
currentSize : 23 <-- 1.510408 s

maxsize : 23
nodes : 1591708.000000
filtered : 39253777.000000
time : 8.355718
