Parameters: GAD=1 vflib=1 dir=0 label=0 lowerbound=1 fileNameGp=../../cp2016-max-common-connected-subgraph-paper/datasets/graphsdb/mcs70/bvg/b06m/mcs70_b06m_s35.A07 fileNameGt=../../cp2016-max-common-connected-subgraph-paper/datasets/graphsdb/mcs70/bvg/b06m/mcs70_b06m_s35.B07
Reading graphs...
35 :  101
35 :  101
Initializing...
maxdom : 35
D->valSize : 1225
Solving...
currentSize : 13 <-- 0.034192 s
currentSize : 15 <-- 0.034228 s
currentSize : 16 <-- 0.034389 s
currentSize : 17 <-- 0.037462 s
currentSize : 18 <-- 0.108981 s
currentSize : 19 <-- 0.649388 s
currentSize : 20 <-- 1.266626 s
currentSize : 21 <-- 183.800293 s
currentSize : 22 <-- 218.421539 s
currentSize : 24 <-- 653.325684 s

maxsize : 24
nodes : 114095735.000000
filtered : 3478795038.000000
time : 686.448181
