Parameters: GAD=1 vflib=1 dir=0 label=0 lowerbound=1 fileNameGp=../../cp2016-max-common-connected-subgraph-paper/datasets/graphsdb/mcs70/bvg/b03m/mcs70_b03m_s50.A09 fileNameGt=../../cp2016-max-common-connected-subgraph-paper/datasets/graphsdb/mcs70/bvg/b03m/mcs70_b03m_s50.B09
Reading graphs...
50 :  75
50 :  75
Initializing...
maxdom : 50
D->valSize : 2500
Solving...
currentSize : 18 <-- 0.121181 s
currentSize : 19 <-- 0.121856 s
currentSize : 23 <-- 0.125654 s
currentSize : 24 <-- 0.125880 s
currentSize : 25 <-- 0.125911 s
currentSize : 26 <-- 0.152423 s
currentSize : 27 <-- 0.152451 s
currentSize : 28 <-- 0.153077 s
currentSize : 29 <-- 3.315646 s
currentSize : 30 <-- 119.752235 s
currentSize : 31 <-- 148.532867 s

TIMEOUT
maxsize : 31
nodes : 223645641.000000
filtered : 2244230019.000000
time : 1000.000061
