Parameters: GAD=1 vflib=1 dir=0 label=0 lowerbound=1 fileNameGp=../../cp2016-max-common-connected-subgraph-paper/datasets/graphsdb/mcs70/bvg/b06/mcs70_b06_s50.A01 fileNameGt=../../cp2016-max-common-connected-subgraph-paper/datasets/graphsdb/mcs70/bvg/b06/mcs70_b06_s50.B01
Reading graphs...
50 :  150
50 :  150
Initializing...
maxdom : 50
D->valSize : 2500
Solving...
currentSize : 20 <-- 0.110791 s
currentSize : 21 <-- 0.110838 s
currentSize : 22 <-- 0.112214 s
currentSize : 23 <-- 0.196045 s
currentSize : 24 <-- 0.433019 s
currentSize : 25 <-- 2.541995 s
currentSize : 26 <-- 2.542545 s
currentSize : 27 <-- 5.676006 s
currentSize : 28 <-- 13.525447 s
currentSize : 29 <-- 331.409119 s
currentSize : 30 <-- 343.004425 s
currentSize : 31 <-- 343.011169 s
currentSize : 32 <-- 343.239532 s
currentSize : 33 <-- 759.547546 s
currentSize : 35 <-- 857.354248 s

TIMEOUT
maxsize : 35
nodes : 120107164.000000
filtered : 5251062925.000000
time : 1000.000061
