Parameters: GAD=1 vflib=1 dir=0 label=0 lowerbound=1 fileNameGp=../../cp2016-max-common-connected-subgraph-paper/datasets/graphsdb/mcs70/bvg/b09m/mcs70_b09m_s30.A08 fileNameGt=../../cp2016-max-common-connected-subgraph-paper/datasets/graphsdb/mcs70/bvg/b09m/mcs70_b09m_s30.B08
Reading graphs...
30 :  131
30 :  132
Initializing...
maxdom : 30
D->valSize : 900
Solving...
currentSize : 9 <-- 0.016839 s
currentSize : 10 <-- 0.017127 s
currentSize : 11 <-- 0.017176 s
currentSize : 12 <-- 0.018383 s
currentSize : 13 <-- 0.045206 s
currentSize : 14 <-- 0.068878 s
currentSize : 15 <-- 4.316284 s
currentSize : 19 <-- 21.841482 s
currentSize : 20 <-- 21.841881 s

maxsize : 20
nodes : 5979093.000000
filtered : 101840397.000000
time : 26.586569
