Parameters: GAD=1 vflib=1 dir=0 label=0 lowerbound=1 fileNameGp=../../cp2016-max-common-connected-subgraph-paper/datasets/graphsdb/mcs70/bvg/b09m/mcs70_b09m_s25.A05 fileNameGt=../../cp2016-max-common-connected-subgraph-paper/datasets/graphsdb/mcs70/bvg/b09m/mcs70_b09m_s25.B05
Reading graphs...
25 :  110
25 :  107
Initializing...
maxdom : 25
D->valSize : 625
Solving...
currentSize : 9 <-- 0.004414 s
currentSize : 10 <-- 0.004436 s
currentSize : 11 <-- 0.004459 s
currentSize : 12 <-- 0.014596 s
currentSize : 13 <-- 0.043152 s
currentSize : 14 <-- 0.621493 s
currentSize : 16 <-- 0.626186 s

maxsize : 16
nodes : 470059.000000
filtered : 9736798.000000
time : 2.096022
