Parameters: GAD=1 vflib=1 dir=0 label=0 lowerbound=1 fileNameGp=../../cp2016-max-common-connected-subgraph-paper/datasets/graphsdb/mcs70/m2D/m2Dr4/mcs70_m2Dr4_s50.A03 fileNameGt=../../cp2016-max-common-connected-subgraph-paper/datasets/graphsdb/mcs70/m2D/m2Dr4/mcs70_m2Dr4_s50.B03
Reading graphs...
50 :  105
50 :  105
Initializing...
maxdom : 50
D->valSize : 2500
Solving...
currentSize : 20 <-- 0.094430 s
currentSize : 22 <-- 0.094460 s
currentSize : 23 <-- 0.097096 s
currentSize : 24 <-- 0.401818 s
currentSize : 25 <-- 2.777118 s
currentSize : 26 <-- 3.338666 s
currentSize : 27 <-- 97.465508 s
currentSize : 28 <-- 98.007362 s
currentSize : 29 <-- 283.948730 s
currentSize : 30 <-- 954.764465 s

TIMEOUT
maxsize : 30
nodes : 191388818.000000
filtered : 3182164957.000000
time : 1000.000061
