Parameters: GAD=1 vflib=1 dir=0 label=0 lowerbound=1 fileNameGp=../../cp2016-max-common-connected-subgraph-paper/datasets/graphsdb/mcs70/m2D/m2Dr6/mcs70_m2Dr6_s40.A07 fileNameGt=../../cp2016-max-common-connected-subgraph-paper/datasets/graphsdb/mcs70/m2D/m2Dr6/mcs70_m2Dr6_s40.B07
Reading graphs...
40 :  90
40 :  86
Initializing...
maxdom : 40
D->valSize : 1600
Solving...
currentSize : 17 <-- 0.035077 s
currentSize : 19 <-- 0.035135 s
currentSize : 20 <-- 0.035307 s
currentSize : 22 <-- 0.116888 s
currentSize : 23 <-- 0.175718 s
currentSize : 24 <-- 5.634167 s
currentSize : 25 <-- 129.359543 s
currentSize : 26 <-- 786.942566 s

TIMEOUT
maxsize : 26
nodes : 173088734.000000
filtered : 4449974247.000000
time : 1000.000061
