Parameters: GAD=1 vflib=1 dir=0 label=0 lowerbound=1 fileNameGp=../../cp2016-max-common-connected-subgraph-paper/datasets/graphsdb/mcs70/m3D/m3D/mcs70_m3D_s35.A02 fileNameGt=../../cp2016-max-common-connected-subgraph-paper/datasets/graphsdb/mcs70/m3D/m3D/mcs70_m3D_s35.B02
Reading graphs...
35 :  71
35 :  72
Initializing...
maxdom : 35
D->valSize : 1225
Solving...
currentSize : 19 <-- 0.019991 s
currentSize : 20 <-- 0.020023 s
currentSize : 21 <-- 0.024416 s
currentSize : 22 <-- 0.053829 s
currentSize : 23 <-- 0.138339 s
currentSize : 25 <-- 0.286045 s
currentSize : 26 <-- 1.401003 s
currentSize : 28 <-- 1.401361 s
currentSize : 29 <-- 6.788310 s

maxsize : 29
nodes : 1322620.000000
filtered : 52326311.000000
time : 9.142213
