Parameters: GAD=1 vflib=1 dir=0 label=0 lowerbound=1 fileNameGp=../../cp2016-max-common-connected-subgraph-paper/datasets/graphsdb/mcs70/m3D/m3Dr6/mcs70_m3Dr6_s35.A08 fileNameGt=../../cp2016-max-common-connected-subgraph-paper/datasets/graphsdb/mcs70/m3D/m3Dr6/mcs70_m3Dr6_s35.B08
Reading graphs...
35 :  89
35 :  88
Initializing...
maxdom : 35
D->valSize : 1225
Solving...
currentSize : 17 <-- 0.034496 s
currentSize : 18 <-- 0.034559 s
currentSize : 19 <-- 0.035572 s
currentSize : 20 <-- 0.035651 s
currentSize : 21 <-- 0.038879 s
currentSize : 22 <-- 4.169769 s
currentSize : 23 <-- 46.656555 s
currentSize : 25 <-- 77.238022 s
currentSize : 26 <-- 77.256142 s
currentSize : 27 <-- 82.591537 s

maxsize : 27
nodes : 15204171.000000
filtered : 408849870.000000
time : 86.083832
