Parameters: GAD=1 vflib=1 dir=0 label=0 lowerbound=1 fileNameGp=../../cp2016-max-common-connected-subgraph-paper/datasets/graphsdb/mcs70/m3D/m3Dr4/mcs70_m3Dr4_s35.A03 fileNameGt=../../cp2016-max-common-connected-subgraph-paper/datasets/graphsdb/mcs70/m3D/m3Dr4/mcs70_m3Dr4_s35.B03
Reading graphs...
35 :  86
35 :  86
Initializing...
maxdom : 35
D->valSize : 1225
Solving...
currentSize : 17 <-- 0.034763 s
currentSize : 18 <-- 0.034843 s
currentSize : 19 <-- 0.048913 s
currentSize : 20 <-- 0.056326 s
currentSize : 21 <-- 0.139445 s
currentSize : 22 <-- 4.999912 s
currentSize : 23 <-- 307.417358 s
currentSize : 24 <-- 349.673798 s
currentSize : 27 <-- 349.695709 s

maxsize : 27
nodes : 65819060.000000
filtered : 1724781610.000000
time : 364.542419
