Parameters: GAD=1 vflib=1 dir=0 label=0 lowerbound=1 fileNameGp=../../cp2016-max-common-connected-subgraph-paper/datasets/graphsdb/mcs70/bvg/b09/mcs70_b09_s30.A08 fileNameGt=../../cp2016-max-common-connected-subgraph-paper/datasets/graphsdb/mcs70/bvg/b09/mcs70_b09_s30.B08
Reading graphs...
30 :  133
30 :  133
Initializing...
maxdom : 30
D->valSize : 900
Solving...
currentSize : 11 <-- 0.009400 s
currentSize : 12 <-- 0.009619 s
currentSize : 13 <-- 0.009852 s
currentSize : 14 <-- 0.010061 s
currentSize : 15 <-- 0.018841 s
currentSize : 16 <-- 0.019245 s
currentSize : 17 <-- 0.047233 s
currentSize : 20 <-- 0.099598 s
currentSize : 21 <-- 0.301238 s

maxsize : 21
nodes : 796733.000000
filtered : 27716831.000000
time : 4.696285
