Parameters: GAD=1 vflib=1 dir=0 label=0 lowerbound=1 fileNameGp=../../cp2016-max-common-connected-subgraph-paper/datasets/graphsdb/mcs70/bvg/b06/mcs70_b06_s30.A06 fileNameGt=../../cp2016-max-common-connected-subgraph-paper/datasets/graphsdb/mcs70/bvg/b06/mcs70_b06_s30.B06
Reading graphs...
30 :  89
30 :  88
Initializing...
maxdom : 30
D->valSize : 900
Solving...
currentSize : 12 <-- 0.017329 s
currentSize : 13 <-- 0.018150 s
currentSize : 14 <-- 0.018452 s
currentSize : 15 <-- 0.025661 s
currentSize : 16 <-- 0.026244 s
currentSize : 17 <-- 0.113961 s
currentSize : 18 <-- 0.119019 s
currentSize : 20 <-- 0.205242 s
currentSize : 21 <-- 0.373002 s
currentSize : 22 <-- 0.394576 s
currentSize : 23 <-- 0.536409 s

maxsize : 23
nodes : 231353.000000
filtered : 7555853.000000
time : 1.397056
