Parameters: GAD=1 vflib=1 dir=0 label=0 lowerbound=1 fileNameGp=../../cp2016-max-common-connected-subgraph-paper/datasets/graphsdb/mcs70/rand/r02/mcs70_r02_s25.A00 fileNameGt=../../cp2016-max-common-connected-subgraph-paper/datasets/graphsdb/mcs70/rand/r02/mcs70_r02_s25.B00
Reading graphs...
25 :  102
25 :  102
Initializing...
maxdom : 25
D->valSize : 625
Solving...
currentSize : 10 <-- 0.004535 s
currentSize : 11 <-- 0.007119 s
currentSize : 12 <-- 0.008159 s
currentSize : 13 <-- 0.519041 s
currentSize : 14 <-- 8.117432 s
currentSize : 16 <-- 8.801771 s
currentSize : 17 <-- 8.816936 s

maxsize : 17
nodes : 2745443.000000
filtered : 32833003.000000
time : 9.957818
