Parameters: GAD=1 vflib=1 dir=0 label=0 lowerbound=1 fileNameGp=../../cp2016-max-common-connected-subgraph-paper/datasets/graphsdb/mcs70/bvg/b09/mcs70_b09_s25.A03 fileNameGt=../../cp2016-max-common-connected-subgraph-paper/datasets/graphsdb/mcs70/bvg/b09/mcs70_b09_s25.B03
Reading graphs...
25 :  111
25 :  111
Initializing...
maxdom : 25
D->valSize : 625
Solving...
currentSize : 10 <-- 0.004475 s
currentSize : 11 <-- 0.004719 s
currentSize : 12 <-- 0.011244 s
currentSize : 13 <-- 0.103208 s
currentSize : 14 <-- 0.112626 s
currentSize : 15 <-- 0.112663 s
currentSize : 16 <-- 0.113007 s

maxsize : 16
nodes : 586905.000000
filtered : 11749926.000000
time : 2.531496
