Parameters: GAD=1 vflib=1 dir=0 label=0 lowerbound=1 fileNameGp=../../cp2016-max-common-connected-subgraph-paper/datasets/graphsdb/mcs70/rand/r005/mcs70_r005_s50.A01 fileNameGt=../../cp2016-max-common-connected-subgraph-paper/datasets/graphsdb/mcs70/rand/r005/mcs70_r005_s50.B01
Reading graphs...
50 :  120
50 :  120
Initializing...
maxdom : 50
D->valSize : 2500
Solving...
currentSize : 18 <-- 0.093317 s
currentSize : 20 <-- 0.093394 s
currentSize : 21 <-- 0.094821 s
currentSize : 22 <-- 0.094863 s
currentSize : 24 <-- 0.176613 s
currentSize : 25 <-- 1.730471 s
currentSize : 26 <-- 2.053846 s
currentSize : 27 <-- 8.234079 s
currentSize : 28 <-- 46.143375 s
currentSize : 29 <-- 380.305664 s
currentSize : 30 <-- 406.520660 s

TIMEOUT
maxsize : 30
nodes : 153744715.000000
filtered : 3639611341.000000
time : 1000.000061
