Parameters: GAD=1 vflib=1 dir=0 label=0 lowerbound=1 fileNameGp=../../cp2016-max-common-connected-subgraph-paper/datasets/graphsdb/mcs70/bvg/b09/mcs70_b09_s50.A08 fileNameGt=../../cp2016-max-common-connected-subgraph-paper/datasets/graphsdb/mcs70/bvg/b09/mcs70_b09_s50.B08
Reading graphs...
50 :  224
50 :  223
Initializing...
maxdom : 50
D->valSize : 2500
Solving...
currentSize : 22 <-- 0.121498 s
currentSize : 23 <-- 2.282978 s
currentSize : 24 <-- 2.679209 s
currentSize : 25 <-- 2.679471 s
currentSize : 30 <-- 2.681997 s
currentSize : 31 <-- 105.980095 s
currentSize : 33 <-- 137.818909 s
currentSize : 34 <-- 137.841446 s
currentSize : 35 <-- 463.329926 s

TIMEOUT
maxsize : 35
nodes : 102846711.000000
filtered : 6330446671.000000
time : 1000.000061
