Parameters: GAD=1 vflib=1 dir=0 label=0 lowerbound=1 fileNameGp=../../cp2016-max-common-connected-subgraph-paper/datasets/graphsdb/mcs70/bvg/b09m/mcs70_b09m_s30.A06 fileNameGt=../../cp2016-max-common-connected-subgraph-paper/datasets/graphsdb/mcs70/bvg/b09m/mcs70_b09m_s30.B06
Reading graphs...
30 :  127
30 :  127
Initializing...
maxdom : 30
D->valSize : 900
Solving...
currentSize : 11 <-- 0.016681 s
currentSize : 12 <-- 0.017023 s
currentSize : 13 <-- 0.019243 s
currentSize : 14 <-- 0.059231 s
currentSize : 15 <-- 4.313743 s
currentSize : 17 <-- 8.445453 s
currentSize : 18 <-- 8.445495 s
currentSize : 19 <-- 28.683899 s
currentSize : 20 <-- 28.683945 s

maxsize : 20
nodes : 6298729.000000
filtered : 147194633.000000
time : 31.671978
