Parameters: GAD=1 vflib=1 dir=0 label=0 lowerbound=1 fileNameGp=../../cp2016-max-common-connected-subgraph-paper/datasets/graphsdb/mcs70/m2D/m2Dr2/mcs70_m2Dr2_s25.A05 fileNameGt=../../cp2016-max-common-connected-subgraph-paper/datasets/graphsdb/mcs70/m2D/m2Dr2/mcs70_m2Dr2_s25.B05
Reading graphs...
25 :  45
25 :  44
Initializing...
maxdom : 25
D->valSize : 625
Solving...
currentSize : 13 <-- 0.005164 s
currentSize : 14 <-- 0.006281 s
currentSize : 15 <-- 0.018859 s
currentSize : 16 <-- 0.019691 s
currentSize : 17 <-- 0.236175 s
currentSize : 18 <-- 1.768760 s
currentSize : 19 <-- 2.382281 s

maxsize : 19
nodes : 684797.000000
filtered : 12283257.000000
time : 2.820634
