Parameters: GAD=1 vflib=1 dir=0 label=0 lowerbound=1 fileNameGp=../../cp2016-max-common-connected-subgraph-paper/datasets/graphsdb/mcs70/bvg/b06m/mcs70_b06m_s50.A01 fileNameGt=../../cp2016-max-common-connected-subgraph-paper/datasets/graphsdb/mcs70/bvg/b06m/mcs70_b06m_s50.B01
Reading graphs...
50 :  147
50 :  149
Initializing...
maxdom : 50
D->valSize : 2500
Solving...
currentSize : 20 <-- 0.091064 s
currentSize : 21 <-- 0.091087 s
currentSize : 22 <-- 0.181607 s
currentSize : 23 <-- 0.445111 s
currentSize : 24 <-- 12.114853 s
currentSize : 25 <-- 25.401804 s
currentSize : 26 <-- 577.293701 s

TIMEOUT
maxsize : 26
nodes : 190451616.000000
filtered : 3070321013.000000
time : 1000.000061
