Parameters: GAD=1 vflib=1 dir=0 label=0 lowerbound=1 fileNameGp=../../cp2016-max-common-connected-subgraph-paper/datasets/graphsdb/mcs70/m3D/m3Dr4/mcs70_m3Dr4_s40.A08 fileNameGt=../../cp2016-max-common-connected-subgraph-paper/datasets/graphsdb/mcs70/m3D/m3Dr4/mcs70_m3Dr4_s40.B08
Reading graphs...
40 :  99
40 :  96
Initializing...
maxdom : 40
D->valSize : 1600
Solving...
currentSize : 17 <-- 0.053532 s
currentSize : 18 <-- 0.053560 s
currentSize : 19 <-- 0.070671 s
currentSize : 20 <-- 0.085928 s
currentSize : 21 <-- 0.159264 s
currentSize : 22 <-- 0.713613 s
currentSize : 23 <-- 1.549936 s
currentSize : 24 <-- 1.748687 s
currentSize : 25 <-- 3.000722 s

TIMEOUT
maxsize : 25
nodes : 162928317.000000
filtered : 4627930035.000000
time : 1000.000061
