Parameters: GAD=1 vflib=1 dir=0 label=0 lowerbound=1 fileNameGp=../../cp2016-max-common-connected-subgraph-paper/datasets/graphsdb/mcs70/m2D/m2Dr4/mcs70_m2Dr4_s25.A00 fileNameGt=../../cp2016-max-common-connected-subgraph-paper/datasets/graphsdb/mcs70/m2D/m2Dr4/mcs70_m2Dr4_s25.B00
Reading graphs...
25 :  48
25 :  48
Initializing...
maxdom : 25
D->valSize : 625
Solving...
currentSize : 8 <-- 0.005205 s
currentSize : 9 <-- 0.005222 s
currentSize : 10 <-- 0.005230 s
currentSize : 14 <-- 0.005253 s
currentSize : 15 <-- 0.007394 s
currentSize : 16 <-- 0.269353 s
currentSize : 17 <-- 1.310921 s
currentSize : 18 <-- 3.839495 s

maxsize : 18
nodes : 1150995.000000
filtered : 21753767.000000
time : 4.871875
