Parameters: GAD=1 vflib=1 dir=0 label=0 lowerbound=1 fileNameGp=../../cp2016-max-common-connected-subgraph-paper/datasets/graphsdb/mcs70/m2D/m2Dr4/mcs70_m2Dr4_s50.A05 fileNameGt=../../cp2016-max-common-connected-subgraph-paper/datasets/graphsdb/mcs70/m2D/m2Dr4/mcs70_m2Dr4_s50.B05
Reading graphs...
50 :  104
50 :  102
Initializing...
maxdom : 50
D->valSize : 2500
Solving...
currentSize : 21 <-- 0.094816 s
currentSize : 23 <-- 0.103492 s
currentSize : 25 <-- 0.103558 s
currentSize : 26 <-- 0.103577 s
currentSize : 27 <-- 1.877094 s
currentSize : 28 <-- 2.047515 s
currentSize : 29 <-- 2.267568 s
currentSize : 30 <-- 14.226650 s
currentSize : 31 <-- 113.873184 s

TIMEOUT
maxsize : 31
nodes : 169231355.000000
filtered : 3598948130.000000
time : 1000.000061
