Parameters: GAD=1 vflib=1 dir=0 label=0 lowerbound=1 fileNameGp=../../cp2016-max-common-connected-subgraph-paper/datasets/graphsdb/mcs70/bvg/b09m/mcs70_b09m_s35.A05 fileNameGt=../../cp2016-max-common-connected-subgraph-paper/datasets/graphsdb/mcs70/bvg/b09m/mcs70_b09m_s35.B05
Reading graphs...
35 :  152
35 :  152
Initializing...
maxdom : 35
D->valSize : 1225
Solving...
currentSize : 13 <-- 0.017882 s
currentSize : 14 <-- 0.017910 s
currentSize : 15 <-- 0.021338 s
currentSize : 16 <-- 0.109015 s
currentSize : 17 <-- 1.254900 s
currentSize : 18 <-- 127.743652 s
currentSize : 19 <-- 389.465576 s
currentSize : 23 <-- 444.718323 s
currentSize : 24 <-- 444.720306 s

maxsize : 24
nodes : 90930089.000000
filtered : 1825722688.000000
time : 460.589111
