Parameters: GAD=1 vflib=1 dir=0 label=0 lowerbound=1 fileNameGp=../../cp2016-max-common-connected-subgraph-paper/datasets/graphsdb/mcs70/bvg/b03m/mcs70_b03m_s30.A03 fileNameGt=../../cp2016-max-common-connected-subgraph-paper/datasets/graphsdb/mcs70/bvg/b03m/mcs70_b03m_s30.B03
Reading graphs...
30 :  45
30 :  45
Initializing...
maxdom : 30
D->valSize : 900
Solving...
currentSize : 12 <-- 0.011112 s
currentSize : 14 <-- 0.011164 s
currentSize : 15 <-- 0.011174 s
currentSize : 16 <-- 0.011206 s
currentSize : 17 <-- 0.011435 s
currentSize : 18 <-- 0.024536 s
currentSize : 19 <-- 0.059974 s
currentSize : 20 <-- 0.064323 s
currentSize : 21 <-- 0.111006 s
currentSize : 22 <-- 0.112126 s

maxsize : 22
nodes : 3638027.000000
filtered : 81862174.000000
time : 17.921495
