Parameters: GAD=1 vflib=1 dir=0 label=0 lowerbound=1 fileNameGp=../../cp2016-max-common-connected-subgraph-paper/datasets/graphsdb/mcs70/m2D/m2Dr6/mcs70_m2Dr6_s35.A04 fileNameGt=../../cp2016-max-common-connected-subgraph-paper/datasets/graphsdb/mcs70/m2D/m2Dr6/mcs70_m2Dr6_s35.B04
Reading graphs...
35 :  78
35 :  77
Initializing...
maxdom : 35
D->valSize : 1225
Solving...
currentSize : 16 <-- 0.019929 s
currentSize : 17 <-- 0.020022 s
currentSize : 18 <-- 0.027028 s
currentSize : 19 <-- 0.041987 s
currentSize : 20 <-- 0.076693 s
currentSize : 21 <-- 2.306053 s
currentSize : 22 <-- 80.482620 s

TIMEOUT
maxsize : 22
nodes : 187792157.000000
filtered : 4220730107.000000
time : 1000.000000
