Parameters: GAD=1 vflib=1 dir=0 label=0 lowerbound=1 fileNameGp=../../cp2016-max-common-connected-subgraph-paper/datasets/graphsdb/mcs70/rand/r005/mcs70_r005_s30.A07 fileNameGt=../../cp2016-max-common-connected-subgraph-paper/datasets/graphsdb/mcs70/rand/r005/mcs70_r005_s30.B07
Reading graphs...
30 :  41
30 :  42
Initializing...
maxdom : 30
D->valSize : 900
Solving...
currentSize : 14 <-- 0.011179 s
currentSize : 15 <-- 0.011202 s
currentSize : 16 <-- 0.012325 s
currentSize : 17 <-- 0.015304 s
currentSize : 19 <-- 0.038263 s
currentSize : 20 <-- 0.043113 s
currentSize : 22 <-- 0.370566 s

maxsize : 22
nodes : 5084932.000000
filtered : 91682813.000000
time : 22.999905
