Parameters: GAD=1 vflib=1 dir=0 label=0 lowerbound=1 fileNameGp=../../cp2016-max-common-connected-subgraph-paper/datasets/graphsdb/mcs70/rand/r005/mcs70_r005_s35.A02 fileNameGt=../../cp2016-max-common-connected-subgraph-paper/datasets/graphsdb/mcs70/rand/r005/mcs70_r005_s35.B02
Reading graphs...
35 :  57
35 :  56
Initializing...
maxdom : 35
D->valSize : 1225
Solving...
currentSize : 15 <-- 0.020833 s
currentSize : 18 <-- 0.020876 s
currentSize : 19 <-- 0.025204 s
currentSize : 20 <-- 0.049572 s
currentSize : 21 <-- 0.051424 s
currentSize : 22 <-- 0.053362 s
currentSize : 23 <-- 6.641345 s
currentSize : 24 <-- 52.036793 s
currentSize : 25 <-- 97.859215 s

maxsize : 25
nodes : 50839803.000000
filtered : 1215023567.000000
time : 288.176422
