Parameters: GAD=1 vflib=1 dir=0 label=0 lowerbound=1 fileNameGp=../../cp2016-max-common-connected-subgraph-paper/datasets/graphsdb/mcs70/bvg/b06/mcs70_b06_s30.A02 fileNameGt=../../cp2016-max-common-connected-subgraph-paper/datasets/graphsdb/mcs70/bvg/b06/mcs70_b06_s30.B02
Reading graphs...
30 :  89
30 :  89
Initializing...
maxdom : 30
D->valSize : 900
Solving...
currentSize : 14 <-- 0.010025 s
currentSize : 15 <-- 0.010055 s
currentSize : 16 <-- 0.010100 s
currentSize : 17 <-- 0.010614 s
currentSize : 18 <-- 0.010867 s
currentSize : 19 <-- 0.011250 s
currentSize : 20 <-- 0.012138 s
currentSize : 21 <-- 0.243152 s
currentSize : 22 <-- 2.662126 s

maxsize : 22
nodes : 962913.000000
filtered : 29791444.000000
time : 5.591594
