Parameters: GAD=1 vflib=1 dir=0 label=0 lowerbound=1 fileNameGp=../../cp2016-max-common-connected-subgraph-paper/datasets/graphsdb/mcs70/rand/r02/mcs70_r02_s40.A06 fileNameGt=../../cp2016-max-common-connected-subgraph-paper/datasets/graphsdb/mcs70/rand/r02/mcs70_r02_s40.B06
Reading graphs...
40 :  282
40 :  285
Initializing...
maxdom : 40
D->valSize : 1600
Solving...
currentSize : 11 <-- 0.029618 s
currentSize : 12 <-- 0.029650 s
currentSize : 13 <-- 0.030040 s
currentSize : 14 <-- 0.151375 s
currentSize : 15 <-- 9.896319 s
currentSize : 18 <-- 361.185211 s
currentSize : 19 <-- 463.754333 s
currentSize : 20 <-- 472.629608 s

TIMEOUT
maxsize : 20
nodes : 193033891.000000
filtered : 3190523392.000000
time : 1000.000061
