Parameters: GAD=1 vflib=1 dir=0 label=0 lowerbound=1 fileNameGp=../../cp2016-max-common-connected-subgraph-paper/datasets/graphsdb/mcs70/bvg/b06m/mcs70_b06m_s35.A05 fileNameGt=../../cp2016-max-common-connected-subgraph-paper/datasets/graphsdb/mcs70/bvg/b06m/mcs70_b06m_s35.B05
Reading graphs...
35 :  104
35 :  102
Initializing...
maxdom : 35
D->valSize : 1225
Solving...
currentSize : 13 <-- 0.033698 s
currentSize : 15 <-- 0.036829 s
currentSize : 16 <-- 0.159423 s
currentSize : 17 <-- 0.271007 s
currentSize : 18 <-- 0.288811 s
currentSize : 19 <-- 0.805940 s
currentSize : 20 <-- 57.841888 s
currentSize : 21 <-- 154.871277 s
currentSize : 22 <-- 698.341980 s
currentSize : 24 <-- 698.441223 s

maxsize : 24
nodes : 131880563.000000
filtered : 3629112804.000000
time : 750.519348
