Parameters: GAD=1 vflib=1 dir=0 label=0 lowerbound=1 fileNameGp=../../cp2016-max-common-connected-subgraph-paper/datasets/graphsdb/mcs70/m2D/m2Dr4/mcs70_m2Dr4_s35.A09 fileNameGt=../../cp2016-max-common-connected-subgraph-paper/datasets/graphsdb/mcs70/m2D/m2Dr4/mcs70_m2Dr4_s35.B09
Reading graphs...
35 :  72
35 :  71
Initializing...
maxdom : 35
D->valSize : 1225
Solving...
currentSize : 15 <-- 0.020147 s
currentSize : 16 <-- 0.020271 s
currentSize : 17 <-- 0.020439 s
currentSize : 18 <-- 0.021491 s
currentSize : 19 <-- 0.021622 s
currentSize : 20 <-- 0.207249 s
currentSize : 21 <-- 0.581203 s
currentSize : 22 <-- 1.621352 s
currentSize : 23 <-- 81.296272 s
currentSize : 24 <-- 312.592102 s
currentSize : 26 <-- 334.433289 s

maxsize : 26
nodes : 66629716.000000
filtered : 1619320994.000000
time : 365.417145
