Parameters: GAD=1 vflib=1 dir=0 label=0 lowerbound=1 fileNameGp=../../cp2016-max-common-connected-subgraph-paper/datasets/graphsdb/mcs70/bvg/b06m/mcs70_b06m_s50.A05 fileNameGt=../../cp2016-max-common-connected-subgraph-paper/datasets/graphsdb/mcs70/bvg/b06m/mcs70_b06m_s50.B05
Reading graphs...
50 :  146
50 :  147
Initializing...
maxdom : 50
D->valSize : 2500
Solving...
currentSize : 17 <-- 0.108476 s
currentSize : 19 <-- 0.108515 s
currentSize : 20 <-- 0.108570 s
currentSize : 21 <-- 0.108888 s
currentSize : 23 <-- 0.109610 s
currentSize : 24 <-- 0.113595 s
currentSize : 25 <-- 0.403928 s
currentSize : 26 <-- 1.366370 s
currentSize : 27 <-- 408.584930 s
currentSize : 28 <-- 579.120605 s

TIMEOUT
maxsize : 28
nodes : 164813796.000000
filtered : 4229246381.000000
time : 1000.000061
