Parameters: GAD=1 vflib=1 dir=0 label=0 lowerbound=1 fileNameGp=../../cp2016-max-common-connected-subgraph-paper/datasets/graphsdb/mcs70/bvg/b09m/mcs70_b09m_s40.A00 fileNameGt=../../cp2016-max-common-connected-subgraph-paper/datasets/graphsdb/mcs70/bvg/b09m/mcs70_b09m_s40.B00
Reading graphs...
40 :  176
40 :  176
Initializing...
maxdom : 40
D->valSize : 1600
Solving...
currentSize : 11 <-- 0.031597 s
currentSize : 12 <-- 0.031628 s
currentSize : 13 <-- 0.031738 s
currentSize : 14 <-- 0.031941 s
currentSize : 15 <-- 0.035881 s
currentSize : 16 <-- 0.036887 s
currentSize : 17 <-- 0.070182 s
currentSize : 18 <-- 1.711247 s
currentSize : 19 <-- 149.423386 s

TIMEOUT
maxsize : 19
nodes : 188775763.000000
filtered : 3705403969.000000
time : 1000.000000
