Parameters: GAD=1 vflib=1 dir=0 label=0 lowerbound=1 fileNameGp=../../cp2016-max-common-connected-subgraph-paper/datasets/graphsdb/mcs70/rand/r005/mcs70_r005_s30.A08 fileNameGt=../../cp2016-max-common-connected-subgraph-paper/datasets/graphsdb/mcs70/rand/r005/mcs70_r005_s30.B08
Reading graphs...
30 :  40
30 :  42
Initializing...
maxdom : 30
D->valSize : 900
Solving...
currentSize : 13 <-- 0.011451 s
currentSize : 15 <-- 0.011520 s
currentSize : 16 <-- 0.023372 s
currentSize : 17 <-- 0.023381 s
currentSize : 18 <-- 0.023522 s
currentSize : 19 <-- 0.213515 s
currentSize : 20 <-- 0.214931 s
currentSize : 21 <-- 2.203930 s
currentSize : 22 <-- 2.628906 s

maxsize : 22
nodes : 5716229.000000
filtered : 105904615.000000
time : 27.130411
