Parameters: GAD=1 vflib=1 dir=0 label=0 lowerbound=1 fileNameGp=../../cp2016-max-common-connected-subgraph-paper/datasets/graphsdb/mcs70/m2D/m2D/mcs70_m2D_s25.A09 fileNameGt=../../cp2016-max-common-connected-subgraph-paper/datasets/graphsdb/mcs70/m2D/m2D/mcs70_m2D_s25.B09
Reading graphs...
25 :  39
25 :  40
Initializing...
maxdom : 25
D->valSize : 625
Solving...
currentSize : 2 <-- 0.005113 s
currentSize : 12 <-- 0.005178 s
currentSize : 14 <-- 0.005218 s
currentSize : 15 <-- 0.005471 s
currentSize : 16 <-- 0.006012 s
currentSize : 17 <-- 0.185307 s
currentSize : 18 <-- 0.698928 s
currentSize : 19 <-- 1.581123 s

maxsize : 19
nodes : 506935.000000
filtered : 9187212.000000
time : 2.129043
