Parameters: GAD=1 vflib=1 dir=0 label=0 lowerbound=1 fileNameGp=../../cp2016-max-common-connected-subgraph-paper/datasets/graphsdb/mcs70/m3D/m3Dr6/mcs70_m3Dr6_s35.A02 fileNameGt=../../cp2016-max-common-connected-subgraph-paper/datasets/graphsdb/mcs70/m3D/m3Dr6/mcs70_m3Dr6_s35.B02
Reading graphs...
35 :  90
35 :  91
Initializing...
maxdom : 35
D->valSize : 1225
Solving...
currentSize : 14 <-- 0.034721 s
currentSize : 15 <-- 0.034827 s
currentSize : 17 <-- 0.034840 s
currentSize : 18 <-- 0.037316 s
currentSize : 19 <-- 0.078567 s
currentSize : 20 <-- 3.079958 s
currentSize : 21 <-- 29.448324 s
currentSize : 22 <-- 53.623699 s
currentSize : 23 <-- 64.243767 s
currentSize : 24 <-- 225.311844 s
currentSize : 27 <-- 225.311905 s

maxsize : 27
nodes : 38162006.000000
filtered : 1187859017.000000
time : 229.957642
