Parameters: GAD=1 vflib=1 dir=0 label=0 lowerbound=1 fileNameGp=../../cp2016-max-common-connected-subgraph-paper/datasets/graphsdb/mcs70/m2D/m2Dr6/mcs70_m2Dr6_s40.A04 fileNameGt=../../cp2016-max-common-connected-subgraph-paper/datasets/graphsdb/mcs70/m2D/m2Dr6/mcs70_m2Dr6_s40.B04
Reading graphs...
40 :  89
40 :  88
Initializing...
maxdom : 40
D->valSize : 1600
Solving...
currentSize : 19 <-- 0.061733 s
currentSize : 20 <-- 0.062374 s
currentSize : 21 <-- 0.078307 s
currentSize : 22 <-- 0.241413 s
currentSize : 23 <-- 0.247965 s
currentSize : 24 <-- 9.542970 s
currentSize : 25 <-- 186.078629 s

TIMEOUT
maxsize : 25
nodes : 171239740.000000
filtered : 4127485420.000000
time : 1000.000061
