Parameters: GAD=1 vflib=1 dir=0 label=0 lowerbound=1 fileNameGp=../../cp2016-max-common-connected-subgraph-paper/datasets/graphsdb/mcs70/m2D/m2D/mcs70_m2D_s50.A01 fileNameGt=../../cp2016-max-common-connected-subgraph-paper/datasets/graphsdb/mcs70/m2D/m2D/mcs70_m2D_s50.B01
Reading graphs...
50 :  85
50 :  85
Initializing...
maxdom : 50
D->valSize : 2500
Solving...
currentSize : 26 <-- 0.096782 s
currentSize : 27 <-- 0.100059 s
currentSize : 28 <-- 0.101298 s
currentSize : 29 <-- 0.116614 s
currentSize : 30 <-- 0.135675 s
currentSize : 31 <-- 0.187816 s
currentSize : 32 <-- 17.831972 s
currentSize : 33 <-- 459.187256 s

TIMEOUT
maxsize : 33
nodes : 180396335.000000
filtered : 3505381432.000000
time : 1000.000061
