Parameters: GAD=1 vflib=1 dir=0 label=0 lowerbound=1 fileNameGp=../../cp2016-max-common-connected-subgraph-paper/datasets/graphsdb/mcs70/bvg/b09/mcs70_b09_s20.A07 fileNameGt=../../cp2016-max-common-connected-subgraph-paper/datasets/graphsdb/mcs70/bvg/b09/mcs70_b09_s20.B07
Reading graphs...
20 :  89
20 :  89
Initializing...
maxdom : 20
D->valSize : 400
Solving...
currentSize : 7 <-- 0.001930 s
currentSize : 8 <-- 0.001943 s
currentSize : 9 <-- 0.001965 s
currentSize : 10 <-- 0.002313 s
currentSize : 11 <-- 0.002629 s
currentSize : 12 <-- 0.070920 s
currentSize : 13 <-- 0.103544 s
currentSize : 14 <-- 0.105208 s
currentSize : 15 <-- 0.176552 s

maxsize : 15
nodes : 55259.000000
filtered : 812067.000000
time : 0.194495
