Parameters: GAD=1 vflib=1 dir=0 label=0 lowerbound=1 fileNameGp=../../cp2016-max-common-connected-subgraph-paper/datasets/graphsdb/mcs70/rand/r01/mcs70_r01_s25.A01 fileNameGt=../../cp2016-max-common-connected-subgraph-paper/datasets/graphsdb/mcs70/rand/r01/mcs70_r01_s25.B01
Reading graphs...
25 :  58
25 :  57
Initializing...
maxdom : 25
D->valSize : 625
Solving...
currentSize : 9 <-- 0.004918 s
currentSize : 10 <-- 0.004947 s
currentSize : 11 <-- 0.005399 s
currentSize : 12 <-- 0.006066 s
currentSize : 13 <-- 0.026734 s
currentSize : 14 <-- 0.034751 s
currentSize : 15 <-- 0.037608 s
currentSize : 16 <-- 0.054103 s
currentSize : 17 <-- 0.220361 s

maxsize : 17
nodes : 562648.000000
filtered : 13996475.000000
time : 2.652817
