Parameters: GAD=1 vflib=1 dir=0 label=0 lowerbound=1 fileNameGp=../../cp2016-max-common-connected-subgraph-paper/datasets/graphsdb/mcs70/bvg/b03/mcs70_b03_s35.A04 fileNameGt=../../cp2016-max-common-connected-subgraph-paper/datasets/graphsdb/mcs70/bvg/b03/mcs70_b03_s35.B04
Reading graphs...
35 :  52
35 :  52
Initializing...
maxdom : 35
D->valSize : 1225
Solving...
currentSize : 13 <-- 0.036736 s
currentSize : 15 <-- 0.036782 s
currentSize : 22 <-- 0.036825 s
currentSize : 23 <-- 0.037602 s
currentSize : 24 <-- 0.044375 s
currentSize : 25 <-- 0.115828 s
currentSize : 26 <-- 0.280073 s
currentSize : 27 <-- 2.513659 s
currentSize : 28 <-- 2.800068 s

maxsize : 28
nodes : 4151721.000000
filtered : 129446633.000000
time : 26.806986
