Parameters: GAD=1 vflib=1 dir=0 label=0 lowerbound=1 fileNameGp=../../cp2016-max-common-connected-subgraph-paper/datasets/graphsdb/mcs90/bvg/b06/mcs90_b06_s30.A05 fileNameGt=../../cp2016-max-common-connected-subgraph-paper/datasets/graphsdb/mcs90/bvg/b06/mcs90_b06_s30.B05
Reading graphs...
30 :  90
30 :  89
Initializing...
maxdom : 30
D->valSize : 900
Solving...
currentSize : 19 <-- 0.010040 s
currentSize : 20 <-- 0.011228 s
currentSize : 21 <-- 0.012245 s
currentSize : 22 <-- 0.019965 s
currentSize : 23 <-- 0.020434 s
currentSize : 24 <-- 0.020486 s
currentSize : 25 <-- 0.020842 s
currentSize : 26 <-- 0.020895 s
currentSize : 27 <-- 0.038286 s

maxsize : 27
nodes : 7109.000000
filtered : 237095.000000
time : 0.052574
