Parameters: GAD=1 vflib=1 dir=0 label=0 lowerbound=1 fileNameGp=../../cp2016-max-common-connected-subgraph-paper/datasets/graphsdb/mcs90/rand/r02/mcs90_r02_s30.A06 fileNameGt=../../cp2016-max-common-connected-subgraph-paper/datasets/graphsdb/mcs90/rand/r02/mcs90_r02_s30.B06
Reading graphs...
30 :  155
30 :  157
Initializing...
maxdom : 30
D->valSize : 900
Solving...
currentSize : 10 <-- 0.017045 s
currentSize : 11 <-- 0.017101 s
currentSize : 12 <-- 0.017183 s
currentSize : 13 <-- 0.095109 s
currentSize : 14 <-- 0.459494 s
currentSize : 16 <-- 9.488093 s
currentSize : 17 <-- 9.661120 s
currentSize : 21 <-- 9.661305 s
currentSize : 27 <-- 9.661872 s

maxsize : 27
nodes : 2430294.000000
filtered : 26701014.000000
time : 9.672934
