Parameters: GAD=1 vflib=1 dir=0 label=0 lowerbound=1 fileNameGp=../../cp2016-max-common-connected-subgraph-paper/datasets/graphsdb/mcs90/bvg/b06/mcs90_b06_s30.A02 fileNameGt=../../cp2016-max-common-connected-subgraph-paper/datasets/graphsdb/mcs90/bvg/b06/mcs90_b06_s30.B02
Reading graphs...
30 :  89
30 :  90
Initializing...
maxdom : 30
D->valSize : 900
Solving...
currentSize : 18 <-- 0.010264 s
currentSize : 19 <-- 0.010371 s
currentSize : 20 <-- 0.010438 s
currentSize : 21 <-- 0.010536 s
currentSize : 22 <-- 0.010724 s
currentSize : 23 <-- 0.010791 s
currentSize : 24 <-- 0.014018 s
currentSize : 25 <-- 0.014051 s
currentSize : 27 <-- 0.014242 s

maxsize : 27
nodes : 9064.000000
filtered : 325410.000000
time : 0.066393
