Parameters: GAD=1 vflib=1 dir=0 label=0 lowerbound=1 fileNameGp=../../cp2016-max-common-connected-subgraph-paper/datasets/graphsdb/mcs90/rand/r005/mcs90_r005_s40.A06 fileNameGt=../../cp2016-max-common-connected-subgraph-paper/datasets/graphsdb/mcs90/rand/r005/mcs90_r005_s40.B06
Reading graphs...
40 :  73
40 :  73
Initializing...
maxdom : 40
D->valSize : 1600
Solving...
currentSize : 17 <-- 0.035972 s
currentSize : 18 <-- 0.044315 s
currentSize : 19 <-- 0.083465 s
currentSize : 20 <-- 0.084070 s
currentSize : 21 <-- 0.199551 s
currentSize : 22 <-- 0.245995 s
currentSize : 23 <-- 3.489902 s
currentSize : 24 <-- 10.732876 s
currentSize : 25 <-- 356.521606 s

TIMEOUT
maxsize : 25
nodes : 233520985.000000
filtered : 2976509596.000000
time : 1000.000061
