Parameters: GAD=1 vflib=1 dir=0 label=0 lowerbound=1 fileNameGp=../../cp2016-max-common-connected-subgraph-paper/datasets/graphsdb/mcs90/bvg/b09m/mcs90_b09m_s30.A04 fileNameGt=../../cp2016-max-common-connected-subgraph-paper/datasets/graphsdb/mcs90/bvg/b09m/mcs90_b09m_s30.B04
Reading graphs...
30 :  130
30 :  130
Initializing...
maxdom : 30
D->valSize : 900
Solving...
currentSize : 12 <-- 0.016488 s
currentSize : 13 <-- 0.016534 s
currentSize : 14 <-- 0.024425 s
currentSize : 15 <-- 0.051323 s
currentSize : 16 <-- 0.434352 s
currentSize : 17 <-- 2.796133 s
currentSize : 24 <-- 2.833976 s
currentSize : 26 <-- 2.924450 s

maxsize : 26
nodes : 649750.000000
filtered : 11466502.000000
time : 2.955560
