Parameters: GAD=1 vflib=1 dir=0 label=0 lowerbound=1 fileNameGp=../../cp2016-max-common-connected-subgraph-paper/datasets/graphsdb/mcs90/bvg/b09/mcs90_b09_s35.A00 fileNameGt=../../cp2016-max-common-connected-subgraph-paper/datasets/graphsdb/mcs90/bvg/b09/mcs90_b09_s35.B00
Reading graphs...
35 :  157
35 :  157
Initializing...
maxdom : 35
D->valSize : 1225
Solving...
currentSize : 14 <-- 0.017946 s
currentSize : 15 <-- 0.018897 s
currentSize : 16 <-- 0.030083 s
currentSize : 17 <-- 0.031393 s
currentSize : 18 <-- 0.063018 s
currentSize : 22 <-- 0.509168 s
currentSize : 23 <-- 0.509292 s
currentSize : 26 <-- 0.509395 s
currentSize : 29 <-- 0.509646 s
currentSize : 30 <-- 0.509744 s

maxsize : 30
nodes : 151044.000000
filtered : 5319247.000000
time : 0.980801
