Parameters: GAD=1 vflib=1 dir=0 label=0 lowerbound=1 fileNameGp=../../cp2016-max-common-connected-subgraph-paper/datasets/graphsdb/mcs90/rand/r01/mcs90_r01_s20.A02 fileNameGt=../../cp2016-max-common-connected-subgraph-paper/datasets/graphsdb/mcs90/rand/r01/mcs90_r01_s20.B02
Reading graphs...
20 :  37
20 :  36
Initializing...
maxdom : 20
D->valSize : 400
Solving...
currentSize : 10 <-- 0.002095 s
currentSize : 11 <-- 0.002158 s
currentSize : 12 <-- 0.002488 s
currentSize : 13 <-- 0.019671 s
currentSize : 14 <-- 0.033903 s
currentSize : 15 <-- 0.033914 s
currentSize : 16 <-- 0.044526 s
currentSize : 18 <-- 0.047022 s

maxsize : 18
nodes : 13861.000000
filtered : 179708.000000
time : 0.047905
