Parameters: GAD=1 vflib=1 dir=0 label=0 lowerbound=1 fileNameGp=../../cp2016-max-common-connected-subgraph-paper/datasets/graphsdb/mcs90/bvg/b09m/mcs90_b09m_s40.A09 fileNameGt=../../cp2016-max-common-connected-subgraph-paper/datasets/graphsdb/mcs90/bvg/b09m/mcs90_b09m_s40.B09
Reading graphs...
40 :  174
40 :  175
Initializing...
maxdom : 40
D->valSize : 1600
Solving...
currentSize : 13 <-- 0.031732 s
currentSize : 14 <-- 0.031758 s
currentSize : 15 <-- 0.031836 s
currentSize : 16 <-- 0.032050 s
currentSize : 17 <-- 0.035633 s
currentSize : 18 <-- 2.337896 s
currentSize : 19 <-- 144.522186 s
currentSize : 20 <-- 356.837982 s
currentSize : 21 <-- 756.675903 s
currentSize : 22 <-- 803.681458 s
currentSize : 23 <-- 808.870972 s
currentSize : 24 <-- 903.135681 s
currentSize : 25 <-- 941.816406 s
currentSize : 26 <-- 941.816467 s
currentSize : 27 <-- 944.587097 s
currentSize : 30 <-- 944.587708 s
currentSize : 31 <-- 946.411194 s
currentSize : 36 <-- 947.184998 s

maxsize : 36
nodes : 163490598.000000
filtered : 4065161621.000000
time : 947.301514
