Parameters: GAD=1 vflib=1 dir=0 label=0 lowerbound=1 fileNameGp=../../cp2016-max-common-connected-subgraph-paper/datasets/graphsdb/mcs90/bvg/b06m/mcs90_b06m_s25.A03 fileNameGt=../../cp2016-max-common-connected-subgraph-paper/datasets/graphsdb/mcs90/bvg/b06m/mcs90_b06m_s25.B03
Reading graphs...
25 :  73
25 :  72
Initializing...
maxdom : 25
D->valSize : 625
Solving...
currentSize : 9 <-- 0.004713 s
currentSize : 11 <-- 0.004736 s
currentSize : 12 <-- 0.004884 s
currentSize : 13 <-- 0.004920 s
currentSize : 14 <-- 0.006216 s
currentSize : 15 <-- 0.531566 s
currentSize : 16 <-- 0.873979 s
currentSize : 17 <-- 0.874718 s
currentSize : 22 <-- 0.876850 s

maxsize : 22
nodes : 224325.000000
filtered : 3491318.000000
time : 0.887594
