Parameters: GAD=1 vflib=1 dir=0 label=0 lowerbound=1 fileNameGp=../../cp2016-max-common-connected-subgraph-paper/datasets/graphsdb/mcs90/bvg/b09m/mcs90_b09m_s35.A01 fileNameGt=../../cp2016-max-common-connected-subgraph-paper/datasets/graphsdb/mcs90/bvg/b09m/mcs90_b09m_s35.B01
Reading graphs...
35 :  156
35 :  156
Initializing...
maxdom : 35
D->valSize : 1225
Solving...
currentSize : 13 <-- 0.018208 s
currentSize : 14 <-- 0.018784 s
currentSize : 15 <-- 0.026600 s
currentSize : 16 <-- 1.121029 s
currentSize : 17 <-- 3.129415 s
currentSize : 20 <-- 15.113694 s
currentSize : 21 <-- 33.193573 s
currentSize : 24 <-- 33.197056 s
currentSize : 25 <-- 37.363564 s
currentSize : 26 <-- 37.374378 s
currentSize : 30 <-- 37.374454 s

maxsize : 30
nodes : 6801926.000000
filtered : 171102170.000000
time : 37.618118
