Parameters: GAD=1 vflib=1 dir=0 label=0 lowerbound=1 fileNameGp=../../cp2016-max-common-connected-subgraph-paper/datasets/graphsdb/mcs90/rand/r02/mcs90_r02_s35.A02 fileNameGt=../../cp2016-max-common-connected-subgraph-paper/datasets/graphsdb/mcs90/rand/r02/mcs90_r02_s35.B02
Reading graphs...
35 :  214
35 :  214
Initializing...
maxdom : 35
D->valSize : 1225
Solving...
currentSize : 12 <-- 0.017210 s
currentSize : 13 <-- 0.017352 s
currentSize : 14 <-- 0.021173 s
currentSize : 15 <-- 8.772897 s
currentSize : 16 <-- 126.725174 s
currentSize : 18 <-- 134.350281 s
currentSize : 21 <-- 188.995667 s
currentSize : 31 <-- 198.812912 s

maxsize : 31
nodes : 43268802.000000
filtered : 602986920.000000
time : 198.862839
