Parameters: GAD=1 vflib=1 dir=0 label=0 lowerbound=1 fileNameGp=../../cp2016-max-common-connected-subgraph-paper/datasets/graphsdb/mcs90/m3D/m3Dr6/mcs90_m3Dr6_s30.A04 fileNameGt=../../cp2016-max-common-connected-subgraph-paper/datasets/graphsdb/mcs90/m3D/m3Dr6/mcs90_m3Dr6_s30.B04
Reading graphs...
30 :  77
30 :  74
Initializing...
maxdom : 30
D->valSize : 900
Solving...
currentSize : 13 <-- 0.018506 s
currentSize : 14 <-- 0.018683 s
currentSize : 15 <-- 0.018966 s
currentSize : 16 <-- 0.023164 s
currentSize : 17 <-- 0.044551 s
currentSize : 18 <-- 0.148331 s
currentSize : 19 <-- 2.005614 s
currentSize : 20 <-- 5.293306 s
currentSize : 22 <-- 6.223360 s
currentSize : 24 <-- 6.479596 s
currentSize : 25 <-- 6.521436 s
currentSize : 26 <-- 6.554044 s
currentSize : 27 <-- 6.584238 s

maxsize : 27
nodes : 1401995.000000
filtered : 27063581.000000
time : 6.590896
