Parameters: GAD=1 vflib=1 dir=0 label=0 lowerbound=1 fileNameGp=../../cp2016-max-common-connected-subgraph-paper/datasets/graphsdb/mcs90/bvg/b03/mcs90_b03_s35.A07 fileNameGt=../../cp2016-max-common-connected-subgraph-paper/datasets/graphsdb/mcs90/bvg/b03/mcs90_b03_s35.B07
Reading graphs...
35 :  52
35 :  52
Initializing...
maxdom : 35
D->valSize : 1225
Solving...
currentSize : 15 <-- 0.021307 s
currentSize : 20 <-- 0.021350 s
currentSize : 21 <-- 0.021411 s
currentSize : 23 <-- 0.024116 s
currentSize : 24 <-- 0.025843 s
currentSize : 25 <-- 0.032299 s
currentSize : 26 <-- 0.036077 s
currentSize : 27 <-- 0.072472 s
currentSize : 28 <-- 0.114660 s
currentSize : 30 <-- 0.222521 s
currentSize : 31 <-- 0.266720 s
currentSize : 32 <-- 0.366516 s

maxsize : 32
nodes : 70736.000000
filtered : 1948886.000000
time : 0.487811
