Parameters: GAD=1 vflib=1 dir=0 label=0 lowerbound=1 fileNameGp=../../cp2016-max-common-connected-subgraph-paper/datasets/graphsdb/mcs90/bvg/b03m/mcs90_b03m_s25.A00 fileNameGt=../../cp2016-max-common-connected-subgraph-paper/datasets/graphsdb/mcs90/bvg/b03m/mcs90_b03m_s25.B00
Reading graphs...
25 :  36
25 :  36
Initializing...
maxdom : 25
D->valSize : 625
Solving...
currentSize : 10 <-- 0.009248 s
currentSize : 11 <-- 0.009273 s
currentSize : 13 <-- 0.009294 s
currentSize : 14 <-- 0.009496 s
currentSize : 15 <-- 0.009517 s
currentSize : 16 <-- 0.010435 s
currentSize : 17 <-- 0.010447 s
currentSize : 18 <-- 0.118320 s
currentSize : 19 <-- 0.200986 s
currentSize : 20 <-- 0.261904 s
currentSize : 21 <-- 0.263161 s
currentSize : 23 <-- 0.265859 s

maxsize : 23
nodes : 51290.000000
filtered : 722888.000000
time : 0.271411
