Parameters: GAD=1 vflib=1 dir=0 label=0 lowerbound=1 fileNameGp=../../cp2016-max-common-connected-subgraph-paper/datasets/graphsdb/mcs90/bvg/b06/mcs90_b06_s30.A01 fileNameGt=../../cp2016-max-common-connected-subgraph-paper/datasets/graphsdb/mcs90/bvg/b06/mcs90_b06_s30.B01
Reading graphs...
30 :  90
30 :  89
Initializing...
maxdom : 30
D->valSize : 900
Solving...
currentSize : 11 <-- 0.010141 s
currentSize : 12 <-- 0.010178 s
currentSize : 14 <-- 0.010788 s
currentSize : 15 <-- 0.018181 s
currentSize : 16 <-- 0.029982 s
currentSize : 17 <-- 0.030102 s
currentSize : 18 <-- 0.030199 s
currentSize : 19 <-- 0.030283 s
currentSize : 20 <-- 0.031655 s
currentSize : 22 <-- 0.035352 s
currentSize : 23 <-- 0.035454 s
currentSize : 24 <-- 0.043427 s
currentSize : 25 <-- 0.043493 s
currentSize : 27 <-- 0.043904 s

maxsize : 27
nodes : 20042.000000
filtered : 453208.000000
time : 0.103663
