Parameters: GAD=1 vflib=1 dir=0 label=0 lowerbound=1 fileNameGp=../../cp2016-max-common-connected-subgraph-paper/datasets/graphsdb/mcs90/bvg/b03m/mcs90_b03m_s30.A00 fileNameGt=../../cp2016-max-common-connected-subgraph-paper/datasets/graphsdb/mcs90/bvg/b03m/mcs90_b03m_s30.B00
Reading graphs...
30 :  44
30 :  44
Initializing...
maxdom : 30
D->valSize : 900
Solving...
currentSize : 11 <-- 0.011162 s
currentSize : 15 <-- 0.011218 s
currentSize : 16 <-- 0.011292 s
currentSize : 19 <-- 0.011474 s
currentSize : 20 <-- 0.066562 s
currentSize : 21 <-- 0.180940 s
currentSize : 22 <-- 2.826418 s
currentSize : 23 <-- 2.826486 s
currentSize : 24 <-- 7.299091 s
currentSize : 25 <-- 7.468780 s
currentSize : 26 <-- 7.470998 s

maxsize : 26
nodes : 1546380.000000
filtered : 32824472.000000
time : 7.537212
