Parameters: GAD=1 vflib=1 dir=0 label=0 lowerbound=1 fileNameGp=../../cp2016-max-common-connected-subgraph-paper/datasets/graphsdb/mcs90/rand/r005/mcs90_r005_s35.A08 fileNameGt=../../cp2016-max-common-connected-subgraph-paper/datasets/graphsdb/mcs90/rand/r005/mcs90_r005_s35.B08
Reading graphs...
35 :  58
35 :  57
Initializing...
maxdom : 35
D->valSize : 1225
Solving...
currentSize : 16 <-- 0.021324 s
currentSize : 17 <-- 0.021716 s
currentSize : 18 <-- 0.038021 s
currentSize : 19 <-- 0.348988 s
currentSize : 20 <-- 0.526616 s
currentSize : 21 <-- 1.031376 s
currentSize : 22 <-- 1.155407 s
currentSize : 23 <-- 3.391911 s
currentSize : 24 <-- 3.696847 s
currentSize : 28 <-- 39.591316 s
currentSize : 29 <-- 39.591404 s
currentSize : 30 <-- 39.591412 s
currentSize : 31 <-- 39.591423 s

maxsize : 31
nodes : 7945947.000000
filtered : 165251510.000000
time : 39.680439
