Parameters: GAD=1 vflib=1 dir=0 label=0 lowerbound=1 fileNameGp=../../cp2016-max-common-connected-subgraph-paper/datasets/graphsdb/mcs90/m4D/m4Dr6/mcs90_m4Dr6_s20.A02 fileNameGt=../../cp2016-max-common-connected-subgraph-paper/datasets/graphsdb/mcs90/m4D/m4Dr6/mcs90_m4Dr6_s20.B02
Reading graphs...
20 :  48
20 :  45
Initializing...
maxdom : 20
D->valSize : 400
Solving...
currentSize : 8 <-- 0.002130 s
currentSize : 9 <-- 0.002379 s
currentSize : 10 <-- 0.005483 s
currentSize : 11 <-- 0.008520 s
currentSize : 12 <-- 0.013470 s
currentSize : 13 <-- 0.021669 s
currentSize : 14 <-- 0.078931 s
currentSize : 16 <-- 0.125920 s

maxsize : 16
nodes : 37536.000000
filtered : 602740.000000
time : 0.132710
