Parameters: GAD=1 vflib=1 dir=0 label=0 lowerbound=1 fileNameGp=../../cp2016-max-common-connected-subgraph-paper/datasets/graphsdb/mcs90/rand/r02/mcs90_r02_s50.A04 fileNameGt=../../cp2016-max-common-connected-subgraph-paper/datasets/graphsdb/mcs90/rand/r02/mcs90_r02_s50.B04
Reading graphs...
50 :  444
50 :  441
Initializing...
maxdom : 50
D->valSize : 2500
Solving...
currentSize : 12 <-- 0.074931 s
currentSize : 13 <-- 0.075036 s
currentSize : 14 <-- 0.079366 s
currentSize : 15 <-- 0.139256 s
currentSize : 16 <-- 0.296922 s
currentSize : 17 <-- 288.242737 s
currentSize : 18 <-- 440.039551 s
currentSize : 21 <-- 440.095306 s
currentSize : 24 <-- 588.521851 s
currentSize : 25 <-- 592.711792 s
currentSize : 32 <-- 766.028137 s
currentSize : 33 <-- 775.256104 s
currentSize : 34 <-- 788.877625 s
currentSize : 45 <-- 789.995300 s

maxsize : 45
nodes : 136239890.000000
filtered : 2283014128.000000
time : 790.399902
