Parameters: GAD=1 vflib=1 dir=0 label=0 lowerbound=1 fileNameGp=../../cp2016-max-common-connected-subgraph-paper/datasets/graphsdb/mcs90/m3D/m3Dr2/mcs90_m3Dr2_s30.A06 fileNameGt=../../cp2016-max-common-connected-subgraph-paper/datasets/graphsdb/mcs90/m3D/m3Dr2/mcs90_m3Dr2_s30.B06
Reading graphs...
30 :  67
30 :  67
Initializing...
maxdom : 30
D->valSize : 900
Solving...
currentSize : 13 <-- 0.010809 s
currentSize : 14 <-- 0.010832 s
currentSize : 15 <-- 0.012160 s
currentSize : 16 <-- 0.013417 s
currentSize : 17 <-- 0.015152 s
currentSize : 18 <-- 0.028479 s
currentSize : 20 <-- 0.990323 s
currentSize : 21 <-- 1.003406 s
currentSize : 22 <-- 1.133939 s
currentSize : 23 <-- 1.169402 s
currentSize : 24 <-- 1.426199 s
currentSize : 25 <-- 1.449516 s
currentSize : 27 <-- 1.657410 s

maxsize : 27
nodes : 377882.000000
filtered : 7572021.000000
time : 1.666578
