Parameters: GAD=1 vflib=1 dir=0 label=0 lowerbound=1 fileNameGp=../../cp2016-max-common-connected-subgraph-paper/datasets/graphsdb/mcs90/rand/r02/mcs90_r02_s35.A06 fileNameGt=../../cp2016-max-common-connected-subgraph-paper/datasets/graphsdb/mcs90/rand/r02/mcs90_r02_s35.B06
Reading graphs...
35 :  213
35 :  217
Initializing...
maxdom : 35
D->valSize : 1225
Solving...
currentSize : 9 <-- 0.029701 s
currentSize : 10 <-- 0.029808 s
currentSize : 11 <-- 0.030454 s
currentSize : 12 <-- 0.033124 s
currentSize : 13 <-- 0.044176 s
currentSize : 14 <-- 0.140281 s
currentSize : 15 <-- 0.225996 s
currentSize : 20 <-- 0.259530 s
currentSize : 22 <-- 0.416927 s
currentSize : 25 <-- 0.573336 s
currentSize : 31 <-- 0.657262 s

maxsize : 31
nodes : 119017.000000
filtered : 3025332.000000
time : 0.802964
