Parameters: GAD=1 vflib=1 dir=0 label=0 lowerbound=1 fileNameGp=../../cp2016-max-common-connected-subgraph-paper/datasets/graphsdb/mcs90/rand/r01/mcs90_r01_s30.A09 fileNameGt=../../cp2016-max-common-connected-subgraph-paper/datasets/graphsdb/mcs90/rand/r01/mcs90_r01_s30.B09
Reading graphs...
30 :  82
30 :  82
Initializing...
maxdom : 30
D->valSize : 900
Solving...
currentSize : 14 <-- 0.010280 s
currentSize : 15 <-- 0.013227 s
currentSize : 16 <-- 0.016003 s
currentSize : 17 <-- 0.190316 s
currentSize : 18 <-- 23.192593 s
currentSize : 19 <-- 23.194281 s
currentSize : 20 <-- 26.611036 s
currentSize : 21 <-- 34.014950 s
currentSize : 22 <-- 37.412125 s
currentSize : 23 <-- 38.022717 s
currentSize : 25 <-- 38.118237 s
currentSize : 27 <-- 38.118679 s

maxsize : 27
nodes : 8300016.000000
filtered : 159123797.000000
time : 38.123859
