Parameters: GAD=1 vflib=1 dir=0 label=0 lowerbound=1 fileNameGp=../../cp2016-max-common-connected-subgraph-paper/datasets/graphsdb/mcs90/m2D/m2Dr4/mcs90_m2Dr4_s50.A01 fileNameGt=../../cp2016-max-common-connected-subgraph-paper/datasets/graphsdb/mcs90/m2D/m2Dr4/mcs90_m2Dr4_s50.B01
Reading graphs...
50 :  105
50 :  102
Initializing...
maxdom : 50
D->valSize : 2500
Solving...
currentSize : 23 <-- 0.095980 s
currentSize : 24 <-- 0.098244 s
currentSize : 25 <-- 0.112449 s
currentSize : 26 <-- 0.113761 s
currentSize : 27 <-- 0.328941 s
currentSize : 28 <-- 1.044543 s
currentSize : 29 <-- 1.052942 s
currentSize : 30 <-- 9.254849 s
currentSize : 31 <-- 34.706039 s
currentSize : 32 <-- 34.706230 s
currentSize : 33 <-- 34.740692 s

TIMEOUT
maxsize : 33
nodes : 135719238.000000
filtered : 4343712682.000000
time : 1000.000061
