Parameters: GAD=1 vflib=1 dir=0 label=0 lowerbound=1 fileNameGp=../../cp2016-max-common-connected-subgraph-paper/datasets/graphsdb/mcs90/bvg/b03m/mcs90_b03m_s40.A08 fileNameGt=../../cp2016-max-common-connected-subgraph-paper/datasets/graphsdb/mcs90/bvg/b03m/mcs90_b03m_s40.B08
Reading graphs...
40 :  60
40 :  60
Initializing...
maxdom : 40
D->valSize : 1600
Solving...
currentSize : 15 <-- 0.036211 s
currentSize : 22 <-- 0.036328 s
currentSize : 23 <-- 0.036349 s
currentSize : 24 <-- 0.045849 s
currentSize : 25 <-- 3.684109 s
currentSize : 26 <-- 3.865620 s
currentSize : 27 <-- 13.298934 s
currentSize : 28 <-- 15.856727 s
currentSize : 29 <-- 83.323647 s
currentSize : 30 <-- 85.992493 s
currentSize : 31 <-- 183.300797 s
currentSize : 33 <-- 183.384018 s
currentSize : 34 <-- 183.384766 s
currentSize : 36 <-- 185.457596 s

maxsize : 36
nodes : 30037392.000000
filtered : 768436382.000000
time : 185.612717
