Parameters: GAD=1 vflib=1 dir=0 label=0 lowerbound=1 fileNameGp=../../cp2016-max-common-connected-subgraph-paper/datasets/graphsdb/mcs90/bvg/b09m/mcs90_b09m_s25.A05 fileNameGt=../../cp2016-max-common-connected-subgraph-paper/datasets/graphsdb/mcs90/bvg/b09m/mcs90_b09m_s25.B05
Reading graphs...
25 :  106
25 :  106
Initializing...
maxdom : 25
D->valSize : 625
Solving...
currentSize : 11 <-- 0.004528 s
currentSize : 12 <-- 0.004544 s
currentSize : 13 <-- 0.006384 s
currentSize : 15 <-- 0.058270 s
currentSize : 17 <-- 0.130953 s
currentSize : 18 <-- 0.160315 s
currentSize : 22 <-- 0.256221 s

maxsize : 22
nodes : 50148.000000
filtered : 1201429.000000
time : 0.260754
