Parameters: GAD=1 vflib=1 dir=0 label=0 lowerbound=1 fileNameGp=../../cp2016-max-common-connected-subgraph-paper/datasets/graphsdb/mcs90/bvg/b03m/mcs90_b03m_s30.A04 fileNameGt=../../cp2016-max-common-connected-subgraph-paper/datasets/graphsdb/mcs90/bvg/b03m/mcs90_b03m_s30.B04
Reading graphs...
30 :  44
30 :  44
Initializing...
maxdom : 30
D->valSize : 900
Solving...
currentSize : 17 <-- 0.019219 s
currentSize : 18 <-- 0.019243 s
currentSize : 19 <-- 0.019363 s
currentSize : 20 <-- 0.019371 s
currentSize : 21 <-- 0.022127 s
currentSize : 22 <-- 0.024290 s
currentSize : 23 <-- 0.245235 s
currentSize : 24 <-- 0.279161 s
currentSize : 25 <-- 0.284029 s
currentSize : 26 <-- 0.284070 s

maxsize : 26
nodes : 58793.000000
filtered : 904483.000000
time : 0.343333
