Parameters: GAD=1 vflib=1 dir=0 label=0 lowerbound=1 fileNameGp=../../cp2016-max-common-connected-subgraph-paper/datasets/graphsdb/mcs90/bvg/b09/mcs90_b09_s30.A00 fileNameGt=../../cp2016-max-common-connected-subgraph-paper/datasets/graphsdb/mcs90/bvg/b09/mcs90_b09_s30.B00
Reading graphs...
30 :  134
30 :  134
Initializing...
maxdom : 30
D->valSize : 900
Solving...
currentSize : 13 <-- 0.016830 s
currentSize : 14 <-- 0.019912 s
currentSize : 15 <-- 0.024440 s
currentSize : 16 <-- 0.054335 s
currentSize : 18 <-- 0.054495 s
currentSize : 20 <-- 0.054661 s
currentSize : 22 <-- 0.054781 s
currentSize : 26 <-- 0.063034 s

maxsize : 26
nodes : 31527.000000
filtered : 1473716.000000
time : 0.303919
