Parameters: GAD=1 vflib=1 dir=0 label=0 lowerbound=1 fileNameGp=../../cp2016-max-common-connected-subgraph-paper/datasets/graphsdb/mcs90/bvg/b09/mcs90_b09_s25.A08 fileNameGt=../../cp2016-max-common-connected-subgraph-paper/datasets/graphsdb/mcs90/bvg/b09/mcs90_b09_s25.B08
Reading graphs...
25 :  111
25 :  112
Initializing...
maxdom : 25
D->valSize : 625
Solving...
currentSize : 10 <-- 0.004506 s
currentSize : 11 <-- 0.004555 s
currentSize : 12 <-- 0.016509 s
currentSize : 13 <-- 0.060019 s
currentSize : 14 <-- 0.074053 s
currentSize : 15 <-- 0.075193 s
currentSize : 16 <-- 0.075659 s
currentSize : 22 <-- 0.076157 s

maxsize : 22
nodes : 27130.000000
filtered : 475685.000000
time : 0.111410
