Parameters: GAD=1 vflib=1 dir=0 label=0 lowerbound=1 fileNameGp=../../cp2016-max-common-connected-subgraph-paper/datasets/graphsdb/mcs90/rand/r02/mcs90_r02_s50.A02 fileNameGt=../../cp2016-max-common-connected-subgraph-paper/datasets/graphsdb/mcs90/rand/r02/mcs90_r02_s50.B02
Reading graphs...
50 :  452
50 :  452
Initializing...
maxdom : 50
D->valSize : 2500
Solving...
currentSize : 11 <-- 0.130127 s
currentSize : 12 <-- 0.130203 s
currentSize : 13 <-- 0.131391 s
currentSize : 14 <-- 0.142002 s
currentSize : 15 <-- 1.347340 s
currentSize : 16 <-- 12.086729 s
currentSize : 17 <-- 621.455017 s

TIMEOUT
maxsize : 17
nodes : 196403129.000000
filtered : 1926221376.000000
time : 1000.000061
