Parameters: GAD=1 vflib=1 dir=0 label=0 lowerbound=1 fileNameGp=../../cp2016-max-common-connected-subgraph-paper/datasets/graphsdb/mcs90/bvg/b06m/mcs90_b06m_s25.A04 fileNameGt=../../cp2016-max-common-connected-subgraph-paper/datasets/graphsdb/mcs90/bvg/b06m/mcs90_b06m_s25.B04
Reading graphs...
25 :  72
25 :  71
Initializing...
maxdom : 25
D->valSize : 625
Solving...
currentSize : 9 <-- 0.004696 s
currentSize : 12 <-- 0.004726 s
currentSize : 13 <-- 0.004779 s
currentSize : 14 <-- 0.044573 s
currentSize : 15 <-- 0.451436 s
currentSize : 16 <-- 0.818940 s
currentSize : 17 <-- 0.819142 s
currentSize : 18 <-- 1.193673 s
currentSize : 22 <-- 1.196703 s

maxsize : 22
nodes : 276453.000000
filtered : 5507348.000000
time : 1.204729
