Parameters: GAD=1 vflib=1 dir=0 label=0 lowerbound=1 fileNameGp=../../cp2016-max-common-connected-subgraph-paper/datasets/graphsdb/mcs90/rand/r005/mcs90_r005_s50.A02 fileNameGt=../../cp2016-max-common-connected-subgraph-paper/datasets/graphsdb/mcs90/rand/r005/mcs90_r005_s50.B02
Reading graphs...
50 :  119
50 :  120
Initializing...
maxdom : 50
D->valSize : 2500
Solving...
currentSize : 21 <-- 0.105726 s
currentSize : 22 <-- 0.110552 s
currentSize : 23 <-- 0.183798 s
currentSize : 24 <-- 0.847074 s
currentSize : 25 <-- 1.012503 s
currentSize : 26 <-- 5.271233 s
currentSize : 27 <-- 12.984259 s
currentSize : 28 <-- 13.501449 s
currentSize : 29 <-- 82.410217 s

TIMEOUT
maxsize : 29
nodes : 173877670.000000
filtered : 3253849790.000000
time : 1000.000061
