Parameters: GAD=1 vflib=1 dir=0 label=0 lowerbound=1 fileNameGp=../../cp2016-max-common-connected-subgraph-paper/datasets/graphsdb/mcs90/rand/r01/mcs90_r01_s40.A04 fileNameGt=../../cp2016-max-common-connected-subgraph-paper/datasets/graphsdb/mcs90/rand/r01/mcs90_r01_s40.B04
Reading graphs...
40 :  148
40 :  148
Initializing...
maxdom : 40
D->valSize : 1600
Solving...
currentSize : 13 <-- 0.032752 s
currentSize : 14 <-- 0.032819 s
currentSize : 15 <-- 0.033242 s
currentSize : 16 <-- 0.033382 s
currentSize : 17 <-- 0.043488 s
currentSize : 18 <-- 0.114923 s
currentSize : 19 <-- 0.255568 s
currentSize : 20 <-- 13.475047 s
currentSize : 21 <-- 66.648201 s
currentSize : 22 <-- 175.925644 s
currentSize : 23 <-- 175.943466 s
currentSize : 24 <-- 183.020996 s
currentSize : 25 <-- 213.781082 s
currentSize : 29 <-- 214.144623 s
currentSize : 31 <-- 215.965225 s
currentSize : 36 <-- 216.207275 s

maxsize : 36
nodes : 38434509.000000
filtered : 903336854.000000
time : 216.339142
