Parameters: GAD=1 vflib=1 dir=0 label=0 lowerbound=1 fileNameGp=../../cp2016-max-common-connected-subgraph-paper/datasets/graphsdb/mcs90/rand/r01/mcs90_r01_s35.A00 fileNameGt=../../cp2016-max-common-connected-subgraph-paper/datasets/graphsdb/mcs90/rand/r01/mcs90_r01_s35.B00
Reading graphs...
35 :  116
35 :  116
Initializing...
maxdom : 35
D->valSize : 1225
Solving...
currentSize : 15 <-- 0.018906 s
currentSize : 16 <-- 0.020116 s
currentSize : 17 <-- 0.021788 s
currentSize : 18 <-- 1.756266 s
currentSize : 19 <-- 33.196178 s
currentSize : 20 <-- 58.224838 s
currentSize : 21 <-- 58.360611 s
currentSize : 25 <-- 58.374809 s
currentSize : 31 <-- 58.813553 s

maxsize : 31
nodes : 12529920.000000
filtered : 211039924.000000
time : 58.865215
