Parameters: GAD=1 vflib=1 dir=0 label=0 lowerbound=1 fileNameGp=../../cp2016-max-common-connected-subgraph-paper/datasets/graphsdb/mcs90/bvg/b09/mcs90_b09_s40.A07 fileNameGt=../../cp2016-max-common-connected-subgraph-paper/datasets/graphsdb/mcs90/bvg/b09/mcs90_b09_s40.B07
Reading graphs...
40 :  180
40 :  180
Initializing...
maxdom : 40
D->valSize : 1600
Solving...
currentSize : 13 <-- 0.031685 s
currentSize : 14 <-- 0.031736 s
currentSize : 15 <-- 0.031947 s
currentSize : 16 <-- 0.036122 s
currentSize : 17 <-- 0.141731 s
currentSize : 19 <-- 0.145617 s
currentSize : 20 <-- 0.526757 s
currentSize : 21 <-- 0.678988 s
currentSize : 22 <-- 0.679592 s
currentSize : 23 <-- 0.685306 s
currentSize : 24 <-- 0.701074 s
currentSize : 26 <-- 0.713412 s
currentSize : 28 <-- 0.715566 s
currentSize : 30 <-- 0.754061 s
currentSize : 36 <-- 0.803089 s

maxsize : 36
nodes : 172564.000000
filtered : 5643913.000000
time : 1.113002
