Parameters: GAD=1 vflib=1 dir=0 label=0 lowerbound=1 fileNameGp=../../cp2016-max-common-connected-subgraph-paper/datasets/graphsdb/mcs90/bvg/b06m/mcs90_b06m_s40.A05 fileNameGt=../../cp2016-max-common-connected-subgraph-paper/datasets/graphsdb/mcs90/bvg/b06m/mcs90_b06m_s40.B05
Reading graphs...
40 :  117
40 :  117
Initializing...
maxdom : 40
D->valSize : 1600
Solving...
currentSize : 16 <-- 0.033417 s
currentSize : 17 <-- 0.033868 s
currentSize : 18 <-- 0.034215 s
currentSize : 19 <-- 0.065134 s
currentSize : 20 <-- 0.107865 s
currentSize : 21 <-- 0.508730 s
currentSize : 22 <-- 28.628796 s
currentSize : 23 <-- 41.504871 s
currentSize : 24 <-- 91.371735 s
currentSize : 26 <-- 195.600891 s
currentSize : 27 <-- 195.749802 s
currentSize : 28 <-- 195.749878 s
currentSize : 29 <-- 249.424179 s
currentSize : 30 <-- 251.874756 s
currentSize : 36 <-- 251.879227 s

maxsize : 36
nodes : 40430573.000000
filtered : 1212326800.000000
time : 251.979538
