Parameters: GAD=1 vflib=1 dir=0 label=0 lowerbound=1 fileNameGp=../../cp2016-max-common-connected-subgraph-paper/datasets/graphsdb/mcs90/bvg/b06/mcs90_b06_s35.A02 fileNameGt=../../cp2016-max-common-connected-subgraph-paper/datasets/graphsdb/mcs90/bvg/b06/mcs90_b06_s35.B02
Reading graphs...
35 :  105
35 :  105
Initializing...
maxdom : 35
D->valSize : 1225
Solving...
currentSize : 19 <-- 0.018979 s
currentSize : 20 <-- 0.019144 s
currentSize : 22 <-- 0.019576 s
currentSize : 23 <-- 0.019583 s
currentSize : 24 <-- 0.019613 s
currentSize : 25 <-- 0.019650 s
currentSize : 26 <-- 0.019725 s
currentSize : 27 <-- 0.020711 s
currentSize : 29 <-- 0.025898 s
currentSize : 31 <-- 0.032853 s
currentSize : 32 <-- 0.070846 s

maxsize : 32
nodes : 13550.000000
filtered : 620380.000000
time : 0.126396
