Parameters: GAD=1 vflib=1 dir=0 label=0 lowerbound=1 fileNameGp=../../cp2016-max-common-connected-subgraph-paper/datasets/graphsdb/mcs90/bvg/b03/mcs90_b03_s50.A08 fileNameGt=../../cp2016-max-common-connected-subgraph-paper/datasets/graphsdb/mcs90/bvg/b03/mcs90_b03_s50.B08
Reading graphs...
50 :  75
50 :  75
Initializing...
maxdom : 50
D->valSize : 2500
Solving...
currentSize : 30 <-- 0.166989 s
currentSize : 31 <-- 0.167291 s
currentSize : 32 <-- 0.167671 s
currentSize : 33 <-- 0.169732 s
currentSize : 36 <-- 0.263177 s
currentSize : 37 <-- 0.263198 s
currentSize : 38 <-- 0.263254 s
currentSize : 39 <-- 0.264183 s
currentSize : 40 <-- 0.291126 s
currentSize : 41 <-- 0.527201 s
currentSize : 42 <-- 0.563583 s
currentSize : 44 <-- 0.678569 s
currentSize : 45 <-- 2.534299 s

maxsize : 45
nodes : 1089941.000000
filtered : 49553866.000000
time : 12.338585
