Parameters: GAD=1 vflib=1 dir=0 label=0 lowerbound=1 fileNameGp=../../cp2016-max-common-connected-subgraph-paper/datasets/graphsdb/mcs90/bvg/b09/mcs90_b09_s30.A01 fileNameGt=../../cp2016-max-common-connected-subgraph-paper/datasets/graphsdb/mcs90/bvg/b09/mcs90_b09_s30.B01
Reading graphs...
30 :  134
30 :  134
Initializing...
maxdom : 30
D->valSize : 900
Solving...
currentSize : 10 <-- 0.016700 s
currentSize : 11 <-- 0.017144 s
currentSize : 12 <-- 0.017199 s
currentSize : 13 <-- 0.027743 s
currentSize : 14 <-- 0.027797 s
currentSize : 15 <-- 0.028577 s
currentSize : 16 <-- 0.367502 s
currentSize : 18 <-- 0.368774 s
currentSize : 19 <-- 0.369188 s
currentSize : 20 <-- 0.369275 s
currentSize : 22 <-- 0.371816 s
currentSize : 26 <-- 0.373736 s

maxsize : 26
nodes : 108821.000000
filtered : 2179156.000000
time : 0.524895
