Parameters: GAD=1 vflib=1 dir=0 label=0 lowerbound=1 fileNameGp=../../cp2016-max-common-connected-subgraph-paper/datasets/graphsdb/mcs90/bvg/b06/mcs90_b06_s40.A08 fileNameGt=../../cp2016-max-common-connected-subgraph-paper/datasets/graphsdb/mcs90/bvg/b06/mcs90_b06_s40.B08
Reading graphs...
40 :  120
40 :  119
Initializing...
maxdom : 40
D->valSize : 1600
Solving...
currentSize : 24 <-- 0.033722 s
currentSize : 25 <-- 0.033790 s
currentSize : 26 <-- 0.034444 s
currentSize : 28 <-- 0.034654 s
currentSize : 29 <-- 0.034883 s
currentSize : 30 <-- 0.035541 s
currentSize : 31 <-- 0.036370 s
currentSize : 32 <-- 0.037598 s
currentSize : 33 <-- 0.040248 s
currentSize : 34 <-- 0.040585 s
currentSize : 36 <-- 0.045440 s

maxsize : 36
nodes : 56688.000000
filtered : 2512552.000000
time : 0.568699
