Parameters: GAD=1 vflib=1 dir=0 label=0 lowerbound=1 fileNameGp=../../cp2016-max-common-connected-subgraph-paper/datasets/graphsdb/mcs90/bvg/b03m/mcs90_b03m_s50.A00 fileNameGt=../../cp2016-max-common-connected-subgraph-paper/datasets/graphsdb/mcs90/bvg/b03m/mcs90_b03m_s50.B00
Reading graphs...
50 :  74
50 :  74
Initializing...
maxdom : 50
D->valSize : 2500
Solving...
currentSize : 22 <-- 0.097576 s
currentSize : 23 <-- 0.097616 s
currentSize : 25 <-- 0.097704 s
currentSize : 26 <-- 0.098187 s
currentSize : 27 <-- 0.098222 s
currentSize : 28 <-- 0.101153 s
currentSize : 29 <-- 0.105394 s
currentSize : 30 <-- 0.105404 s
currentSize : 31 <-- 0.166779 s
currentSize : 32 <-- 17.024157 s
currentSize : 33 <-- 49.223640 s
currentSize : 34 <-- 49.240128 s
currentSize : 35 <-- 49.254204 s
currentSize : 36 <-- 57.274529 s

TIMEOUT
maxsize : 36
nodes : 151896078.000000
filtered : 3733801536.000000
time : 1000.000061
