Parameters: GAD=1 vflib=1 dir=0 label=0 lowerbound=1 fileNameGp=../../cp2016-max-common-connected-subgraph-paper/datasets/graphsdb/mcs90/rand/r005/mcs90_r005_s30.A08 fileNameGt=../../cp2016-max-common-connected-subgraph-paper/datasets/graphsdb/mcs90/rand/r005/mcs90_r005_s30.B08
Reading graphs...
30 :  41
30 :  42
Initializing...
maxdom : 30
D->valSize : 900
Solving...
currentSize : 17 <-- 0.011281 s
currentSize : 18 <-- 0.011303 s
currentSize : 19 <-- 0.450466 s
currentSize : 20 <-- 4.253121 s
currentSize : 21 <-- 6.876756 s
currentSize : 22 <-- 12.162260 s
currentSize : 23 <-- 12.162463 s
currentSize : 24 <-- 13.585687 s
currentSize : 26 <-- 13.585751 s
currentSize : 27 <-- 13.585777 s

maxsize : 27
nodes : 4252723.000000
filtered : 37610560.000000
time : 13.598958
