Parameters: GAD=1 vflib=1 dir=0 label=0 lowerbound=1 fileNameGp=../../cp2016-max-common-connected-subgraph-paper/datasets/graphsdb/mcs90/bvg/b09m/mcs90_b09m_s35.A04 fileNameGt=../../cp2016-max-common-connected-subgraph-paper/datasets/graphsdb/mcs90/bvg/b09m/mcs90_b09m_s35.B04
Reading graphs...
35 :  155
35 :  154
Initializing...
maxdom : 35
D->valSize : 1225
Solving...
currentSize : 13 <-- 0.018281 s
currentSize : 14 <-- 0.018328 s
currentSize : 15 <-- 0.027340 s
currentSize : 16 <-- 0.050748 s
currentSize : 17 <-- 1.750211 s
currentSize : 18 <-- 15.741146 s
currentSize : 23 <-- 29.132738 s
currentSize : 24 <-- 29.635412 s
currentSize : 26 <-- 32.881699 s
currentSize : 30 <-- 32.882408 s

maxsize : 30
nodes : 6670782.000000
filtered : 123210860.000000
time : 33.051537
