Parameters: GAD=1 vflib=1 dir=0 label=0 lowerbound=1 fileNameGp=../../cp2016-max-common-connected-subgraph-paper/datasets/graphsdb/mcs90/m2D/m2Dr6/mcs90_m2Dr6_s30.A09 fileNameGt=../../cp2016-max-common-connected-subgraph-paper/datasets/graphsdb/mcs90/m2D/m2Dr6/mcs90_m2Dr6_s30.B09
Reading graphs...
30 :  67
30 :  66
Initializing...
maxdom : 30
D->valSize : 900
Solving...
currentSize : 13 <-- 0.010592 s
currentSize : 14 <-- 0.010749 s
currentSize : 15 <-- 0.011182 s
currentSize : 16 <-- 0.014635 s
currentSize : 17 <-- 0.021477 s
currentSize : 18 <-- 0.022308 s
currentSize : 19 <-- 0.686627 s
currentSize : 20 <-- 1.713420 s
currentSize : 21 <-- 8.156830 s
currentSize : 22 <-- 15.508121 s
currentSize : 23 <-- 15.508149 s
currentSize : 24 <-- 15.529413 s
currentSize : 25 <-- 15.530261 s

maxsize : 25
nodes : 2863461.000000
filtered : 81278546.000000
time : 15.731363
