Parameters: GAD=1 vflib=1 dir=0 label=0 lowerbound=1 fileNameGp=../../cp2016-max-common-connected-subgraph-paper/datasets/graphsdb/mcs90/m3D/m3Dr6/mcs90_m3Dr6_s30.A01 fileNameGt=../../cp2016-max-common-connected-subgraph-paper/datasets/graphsdb/mcs90/m3D/m3Dr6/mcs90_m3Dr6_s30.B01
Reading graphs...
30 :  78
30 :  77
Initializing...
maxdom : 30
D->valSize : 900
Solving...
currentSize : 14 <-- 0.010288 s
currentSize : 15 <-- 0.010308 s
currentSize : 16 <-- 0.028869 s
currentSize : 17 <-- 0.054595 s
currentSize : 18 <-- 0.880799 s
currentSize : 19 <-- 1.284454 s
currentSize : 21 <-- 1.324321 s
currentSize : 23 <-- 4.845446 s
currentSize : 25 <-- 4.881627 s
currentSize : 27 <-- 4.966847 s

maxsize : 27
nodes : 911098.000000
filtered : 22884170.000000
time : 4.973781
