Parameters: GAD=1 vflib=1 dir=0 label=0 lowerbound=1 fileNameGp=../../cp2016-max-common-connected-subgraph-paper/datasets/graphsdb/mcs90/bvg/b03m/mcs90_b03m_s30.A02 fileNameGt=../../cp2016-max-common-connected-subgraph-paper/datasets/graphsdb/mcs90/bvg/b03m/mcs90_b03m_s30.B02
Reading graphs...
30 :  45
30 :  45
Initializing...
maxdom : 30
D->valSize : 900
Solving...
currentSize : 13 <-- 0.019584 s
currentSize : 14 <-- 0.024828 s
currentSize : 17 <-- 0.024850 s
currentSize : 18 <-- 0.084649 s
currentSize : 19 <-- 0.221314 s
currentSize : 20 <-- 0.256283 s
currentSize : 21 <-- 0.261549 s
currentSize : 22 <-- 0.836396 s
currentSize : 23 <-- 2.036890 s
currentSize : 24 <-- 4.073321 s
currentSize : 25 <-- 4.073410 s
currentSize : 26 <-- 4.073462 s
currentSize : 27 <-- 4.161647 s

maxsize : 27
nodes : 887695.000000
filtered : 16848352.000000
time : 4.169944
