Parameters: GAD=1 vflib=1 dir=0 label=0 lowerbound=1 fileNameGp=../../cp2016-max-common-connected-subgraph-paper/datasets/graphsdb/mcs90/m2D/m2Dr2/mcs90_m2Dr2_s50.A07 fileNameGt=../../cp2016-max-common-connected-subgraph-paper/datasets/graphsdb/mcs90/m2D/m2Dr2/mcs90_m2Dr2_s50.B07
Reading graphs...
50 :  94
50 :  94
Initializing...
maxdom : 50
D->valSize : 2500
Solving...
currentSize : 33 <-- 0.095750 s
currentSize : 34 <-- 0.096492 s
currentSize : 35 <-- 0.096751 s
currentSize : 36 <-- 0.725044 s
currentSize : 37 <-- 0.725878 s
currentSize : 38 <-- 0.727890 s
currentSize : 39 <-- 12.596058 s
currentSize : 40 <-- 34.657398 s
currentSize : 41 <-- 67.109833 s
currentSize : 42 <-- 67.377815 s
currentSize : 49 <-- 78.100685 s

maxsize : 49
nodes : 7348828.000000
filtered : 374055028.000000
time : 78.103409
