Parameters: GAD=1 vflib=1 dir=0 label=0 lowerbound=1 fileNameGp=../../cp2016-max-common-connected-subgraph-paper/datasets/graphsdb/mcs90/m2D/m2Dr6/mcs90_m2Dr6_s30.A06 fileNameGt=../../cp2016-max-common-connected-subgraph-paper/datasets/graphsdb/mcs90/m2D/m2Dr6/mcs90_m2Dr6_s30.B06
Reading graphs...
30 :  65
30 :  64
Initializing...
maxdom : 30
D->valSize : 900
Solving...
currentSize : 13 <-- 0.010969 s
currentSize : 14 <-- 0.010986 s
currentSize : 15 <-- 0.011243 s
currentSize : 16 <-- 0.011701 s
currentSize : 17 <-- 0.015986 s
currentSize : 18 <-- 0.029599 s
currentSize : 19 <-- 0.879653 s
currentSize : 20 <-- 16.486597 s
currentSize : 21 <-- 16.784643 s
currentSize : 23 <-- 17.175360 s
currentSize : 25 <-- 17.978312 s

maxsize : 25
nodes : 4044472.000000
filtered : 75086559.000000
time : 18.073748
