Parameters: GAD=1 vflib=1 dir=0 label=0 lowerbound=1 fileNameGp=../../cp2016-max-common-connected-subgraph-paper/datasets/graphsdb/mcs90/bvg/b06m/mcs90_b06m_s35.A06 fileNameGt=../../cp2016-max-common-connected-subgraph-paper/datasets/graphsdb/mcs90/bvg/b06m/mcs90_b06m_s35.B06
Reading graphs...
35 :  104
35 :  104
Initializing...
maxdom : 35
D->valSize : 1225
Solving...
currentSize : 13 <-- 0.019346 s
currentSize : 15 <-- 0.019387 s
currentSize : 17 <-- 0.019575 s
currentSize : 18 <-- 0.075709 s
currentSize : 19 <-- 2.260021 s
currentSize : 20 <-- 21.242096 s
currentSize : 21 <-- 23.085936 s
currentSize : 22 <-- 104.649330 s
currentSize : 23 <-- 104.650764 s
currentSize : 24 <-- 105.339691 s
currentSize : 25 <-- 105.339912 s
currentSize : 26 <-- 105.340057 s
currentSize : 27 <-- 105.340149 s
currentSize : 29 <-- 105.787376 s
currentSize : 31 <-- 105.789223 s

maxsize : 31
nodes : 20037907.000000
filtered : 493307920.000000
time : 105.866081
