Parameters: GAD=1 vflib=1 dir=0 label=0 lowerbound=1 fileNameGp=../../cp2016-max-common-connected-subgraph-paper/datasets/graphsdb/mcs90/rand/r02/mcs90_r02_s25.A04 fileNameGt=../../cp2016-max-common-connected-subgraph-paper/datasets/graphsdb/mcs90/rand/r02/mcs90_r02_s25.B04
Reading graphs...
25 :  107
25 :  108
Initializing...
maxdom : 25
D->valSize : 625
Solving...
currentSize : 9 <-- 0.004499 s
currentSize : 10 <-- 0.004603 s
currentSize : 11 <-- 0.005143 s
currentSize : 12 <-- 0.005627 s
currentSize : 13 <-- 0.012172 s
currentSize : 14 <-- 0.012521 s
currentSize : 15 <-- 1.415635 s
currentSize : 16 <-- 1.699978 s
currentSize : 22 <-- 1.700472 s

maxsize : 22
nodes : 431055.000000
filtered : 6404885.000000
time : 1.711473
