Parameters: GAD=1 vflib=1 dir=0 label=0 lowerbound=1 fileNameGp=../../cp2016-max-common-connected-subgraph-paper/datasets/graphsdb/mcs90/m4D/m4D/mcs90_m4D_s20.A06 fileNameGt=../../cp2016-max-common-connected-subgraph-paper/datasets/graphsdb/mcs90/m4D/m4D/mcs90_m4D_s20.B06
Reading graphs...
20 :  37
20 :  37
Initializing...
maxdom : 20
D->valSize : 400
Solving...
currentSize : 7 <-- 0.002087 s
currentSize : 9 <-- 0.002103 s
currentSize : 10 <-- 0.002150 s
currentSize : 11 <-- 0.002244 s
currentSize : 12 <-- 0.030775 s
currentSize : 13 <-- 0.046290 s
currentSize : 14 <-- 0.047257 s
currentSize : 15 <-- 0.081080 s
currentSize : 16 <-- 0.081131 s

maxsize : 16
nodes : 39506.000000
filtered : 397502.000000
time : 0.108462
