Parameters: GAD=1 vflib=1 dir=0 label=0 lowerbound=1 fileNameGp=../../cp2016-max-common-connected-subgraph-paper/datasets/graphsdb/mcs90/bvg/b06m/mcs90_b06m_s50.A07 fileNameGt=../../cp2016-max-common-connected-subgraph-paper/datasets/graphsdb/mcs90/bvg/b06m/mcs90_b06m_s50.B07
Reading graphs...
50 :  149
50 :  150
Initializing...
maxdom : 50
D->valSize : 2500
Solving...
currentSize : 20 <-- 0.091008 s
currentSize : 21 <-- 0.091669 s
currentSize : 22 <-- 0.123723 s
currentSize : 23 <-- 0.128795 s
currentSize : 24 <-- 0.162316 s
currentSize : 25 <-- 0.193293 s
currentSize : 26 <-- 35.257496 s
currentSize : 27 <-- 117.272247 s
currentSize : 28 <-- 120.527985 s
currentSize : 29 <-- 120.535042 s
currentSize : 30 <-- 121.700531 s
currentSize : 31 <-- 122.469238 s
currentSize : 32 <-- 136.933884 s
currentSize : 33 <-- 141.970505 s
currentSize : 35 <-- 174.752838 s
currentSize : 36 <-- 188.034943 s
currentSize : 37 <-- 190.708130 s
currentSize : 40 <-- 196.239487 s
currentSize : 45 <-- 198.295715 s

maxsize : 45
nodes : 28895389.000000
filtered : 899987413.000000
time : 198.907349
