Parameters: GAD=1 vflib=1 dir=0 label=0 lowerbound=1 fileNameGp=../../cp2016-max-common-connected-subgraph-paper/datasets/graphsdb/mcs90/bvg/b09/mcs90_b09_s35.A08 fileNameGt=../../cp2016-max-common-connected-subgraph-paper/datasets/graphsdb/mcs90/bvg/b09/mcs90_b09_s35.B08
Reading graphs...
35 :  157
35 :  155
Initializing...
maxdom : 35
D->valSize : 1225
Solving...
currentSize : 11 <-- 0.017947 s
currentSize : 12 <-- 0.017995 s
currentSize : 13 <-- 0.018236 s
currentSize : 14 <-- 0.019765 s
currentSize : 15 <-- 0.026388 s
currentSize : 16 <-- 0.027997 s
currentSize : 17 <-- 0.075562 s
currentSize : 18 <-- 0.087314 s
currentSize : 22 <-- 0.087885 s
currentSize : 30 <-- 0.093397 s

maxsize : 30
nodes : 89412.000000
filtered : 4927435.000000
time : 0.690134
