Parameters: GAD=1 vflib=1 dir=0 label=0 lowerbound=1 fileNameGp=../../cp2016-max-common-connected-subgraph-paper/datasets/graphsdb/mcs90/rand/r01/mcs90_r01_s30.A04 fileNameGt=../../cp2016-max-common-connected-subgraph-paper/datasets/graphsdb/mcs90/rand/r01/mcs90_r01_s30.B04
Reading graphs...
30 :  79
30 :  79
Initializing...
maxdom : 30
D->valSize : 900
Solving...
currentSize : 14 <-- 0.010317 s
currentSize : 15 <-- 0.028774 s
currentSize : 16 <-- 0.042546 s
currentSize : 17 <-- 0.211576 s
currentSize : 18 <-- 0.861665 s
currentSize : 19 <-- 1.388128 s
currentSize : 20 <-- 5.056760 s
currentSize : 21 <-- 5.547620 s
currentSize : 23 <-- 5.666659 s
currentSize : 27 <-- 6.444340 s

maxsize : 27
nodes : 1328214.000000
filtered : 28573468.000000
time : 6.451154
