Parameters: GAD=1 vflib=1 dir=0 label=0 lowerbound=1 fileNameGp=../../cp2016-max-common-connected-subgraph-paper/datasets/graphsdb/mcs90/rand/r02/mcs90_r02_s40.A05 fileNameGt=../../cp2016-max-common-connected-subgraph-paper/datasets/graphsdb/mcs90/rand/r02/mcs90_r02_s40.B05
Reading graphs...
40 :  283
40 :  287
Initializing...
maxdom : 40
D->valSize : 1600
Solving...
currentSize : 10 <-- 0.029293 s
currentSize : 11 <-- 0.029339 s
currentSize : 12 <-- 0.029417 s
currentSize : 13 <-- 0.029828 s
currentSize : 14 <-- 0.063565 s
currentSize : 15 <-- 0.168616 s
currentSize : 17 <-- 5.213127 s
currentSize : 18 <-- 162.518646 s
currentSize : 19 <-- 240.372345 s
currentSize : 23 <-- 241.357697 s
currentSize : 24 <-- 278.119598 s
currentSize : 28 <-- 282.057404 s
currentSize : 36 <-- 288.175964 s

maxsize : 36
nodes : 53390325.000000
filtered : 965847899.000000
time : 288.268036
