Parameters: GAD=1 vflib=1 dir=0 label=0 lowerbound=1 fileNameGp=../../cp2016-max-common-connected-subgraph-paper/datasets/graphsdb/mcs90/m2D/m2Dr2/mcs90_m2Dr2_s50.A08 fileNameGt=../../cp2016-max-common-connected-subgraph-paper/datasets/graphsdb/mcs90/m2D/m2Dr2/mcs90_m2Dr2_s50.B08
Reading graphs...
50 :  95
50 :  95
Initializing...
maxdom : 50
D->valSize : 2500
Solving...
currentSize : 30 <-- 0.095437 s
currentSize : 31 <-- 0.095813 s
currentSize : 32 <-- 0.098948 s
currentSize : 33 <-- 0.117077 s
currentSize : 34 <-- 1.115718 s
currentSize : 35 <-- 1.516136 s
currentSize : 36 <-- 2.075400 s
currentSize : 37 <-- 13.903156 s
currentSize : 38 <-- 41.226307 s
currentSize : 40 <-- 43.638969 s
currentSize : 41 <-- 53.148502 s
currentSize : 42 <-- 54.758144 s
currentSize : 43 <-- 68.643517 s
currentSize : 46 <-- 68.666458 s
currentSize : 49 <-- 68.945045 s

maxsize : 49
nodes : 6726905.000000
filtered : 329545413.000000
time : 68.947319
