Parameters: GAD=1 vflib=1 dir=0 label=0 lowerbound=1 fileNameGp=../../cp2016-max-common-connected-subgraph-paper/datasets/graphsdb/mcs90/rand/r005/mcs90_r005_s35.A04 fileNameGt=../../cp2016-max-common-connected-subgraph-paper/datasets/graphsdb/mcs90/rand/r005/mcs90_r005_s35.B04
Reading graphs...
35 :  57
35 :  57
Initializing...
maxdom : 35
D->valSize : 1225
Solving...
currentSize : 15 <-- 0.036702 s
currentSize : 16 <-- 0.036833 s
currentSize : 17 <-- 0.062643 s
currentSize : 18 <-- 0.062997 s
currentSize : 19 <-- 0.137541 s
currentSize : 20 <-- 2.556134 s
currentSize : 21 <-- 2.556179 s
currentSize : 22 <-- 41.493263 s
currentSize : 23 <-- 298.335754 s
currentSize : 24 <-- 328.225739 s
currentSize : 25 <-- 364.081116 s
currentSize : 26 <-- 364.841248 s
currentSize : 29 <-- 364.841309 s
currentSize : 30 <-- 365.007843 s
currentSize : 31 <-- 365.030792 s

maxsize : 31
nodes : 94132599.000000
filtered : 1181940117.000000
time : 365.063049
