Parameters: GAD=1 vflib=1 dir=0 label=0 lowerbound=1 fileNameGp=../../cp2016-max-common-connected-subgraph-paper/datasets/graphsdb/mcs90/bvg/b03/mcs90_b03_s25.A05 fileNameGt=../../cp2016-max-common-connected-subgraph-paper/datasets/graphsdb/mcs90/bvg/b03/mcs90_b03_s25.B05
Reading graphs...
25 :  37
25 :  37
Initializing...
maxdom : 25
D->valSize : 625
Solving...
currentSize : 15 <-- 0.005378 s
currentSize : 16 <-- 0.005435 s
currentSize : 17 <-- 0.005525 s
currentSize : 18 <-- 0.005705 s
currentSize : 19 <-- 0.005744 s
currentSize : 20 <-- 0.005835 s
currentSize : 22 <-- 0.010803 s
currentSize : 23 <-- 0.014220 s

maxsize : 23
nodes : 4806.000000
filtered : 108016.000000
time : 0.028350
