Parameters: GAD=1 vflib=1 dir=0 label=0 lowerbound=1 fileNameGp=../../cp2016-max-common-connected-subgraph-paper/datasets/graphsdb/mcs90/rand/r02/mcs90_r02_s35.A05 fileNameGt=../../cp2016-max-common-connected-subgraph-paper/datasets/graphsdb/mcs90/rand/r02/mcs90_r02_s35.B05
Reading graphs...
35 :  211
35 :  214
Initializing...
maxdom : 35
D->valSize : 1225
Solving...
currentSize : 10 <-- 0.017009 s
currentSize : 11 <-- 0.017044 s
currentSize : 12 <-- 0.017258 s
currentSize : 13 <-- 0.018216 s
currentSize : 14 <-- 0.044457 s
currentSize : 15 <-- 11.929966 s
currentSize : 16 <-- 12.130872 s
currentSize : 17 <-- 12.344707 s
currentSize : 18 <-- 31.854160 s
currentSize : 19 <-- 31.929497 s
currentSize : 21 <-- 31.950352 s
currentSize : 26 <-- 107.975967 s
currentSize : 31 <-- 107.981293 s

maxsize : 31
nodes : 19237963.000000
filtered : 480902180.000000
time : 108.008957
