Parameters: GAD=1 vflib=1 dir=0 label=0 lowerbound=1 fileNameGp=../../cp2016-max-common-connected-subgraph-paper/datasets/graphsdb/mcs90/rand/r01/mcs90_r01_s35.A05 fileNameGt=../../cp2016-max-common-connected-subgraph-paper/datasets/graphsdb/mcs90/rand/r01/mcs90_r01_s35.B05
Reading graphs...
35 :  108
35 :  108
Initializing...
maxdom : 35
D->valSize : 1225
Solving...
currentSize : 15 <-- 0.034471 s
currentSize : 16 <-- 0.035401 s
currentSize : 17 <-- 0.038287 s
currentSize : 18 <-- 0.149103 s
currentSize : 19 <-- 1.043569 s
currentSize : 20 <-- 28.445728 s
currentSize : 21 <-- 32.116055 s
currentSize : 22 <-- 97.972214 s
currentSize : 24 <-- 118.069366 s
currentSize : 26 <-- 118.180130 s
currentSize : 28 <-- 118.212845 s
currentSize : 31 <-- 118.212944 s

maxsize : 31
nodes : 21550490.000000
filtered : 538495827.000000
time : 118.287727
