Parameters: GAD=1 vflib=1 dir=0 label=0 lowerbound=1 fileNameGp=../../cp2016-max-common-connected-subgraph-paper/datasets/graphsdb/mcs90/rand/r01/mcs90_r01_s50.A01 fileNameGt=../../cp2016-max-common-connected-subgraph-paper/datasets/graphsdb/mcs90/rand/r01/mcs90_r01_s50.B01
Reading graphs...
50 :  235
50 :  233
Initializing...
maxdom : 50
D->valSize : 2500
Solving...
currentSize : 14 <-- 0.084474 s
currentSize : 15 <-- 0.084497 s
currentSize : 16 <-- 0.084881 s
currentSize : 17 <-- 0.085692 s
currentSize : 18 <-- 0.158119 s
currentSize : 19 <-- 0.256205 s
currentSize : 20 <-- 1.464745 s
currentSize : 21 <-- 2.529309 s
currentSize : 22 <-- 15.353486 s

TIMEOUT
maxsize : 22
nodes : 177035424.000000
filtered : 3171388267.000000
time : 1000.000061
