Parameters: GAD=1 vflib=1 dir=0 label=0 lowerbound=1 fileNameGp=../../cp2016-max-common-connected-subgraph-paper/datasets/graphsdb/mcs90/bvg/b09m/mcs90_b09m_s40.A03 fileNameGt=../../cp2016-max-common-connected-subgraph-paper/datasets/graphsdb/mcs90/bvg/b09m/mcs90_b09m_s40.B03
Reading graphs...
40 :  175
40 :  176
Initializing...
maxdom : 40
D->valSize : 1600
Solving...
currentSize : 14 <-- 0.032442 s
currentSize : 15 <-- 0.036038 s
currentSize : 16 <-- 0.046548 s
currentSize : 17 <-- 0.047555 s
currentSize : 18 <-- 0.189853 s
currentSize : 19 <-- 113.329948 s
currentSize : 20 <-- 264.336395 s
currentSize : 21 <-- 264.529999 s
currentSize : 22 <-- 284.425598 s
currentSize : 23 <-- 446.754456 s
currentSize : 25 <-- 510.114227 s
currentSize : 28 <-- 512.701599 s
currentSize : 36 <-- 512.707947 s

maxsize : 36
nodes : 88959187.000000
filtered : 2233717012.000000
time : 512.863037
