Parameters: GAD=1 vflib=1 dir=0 label=0 lowerbound=1 fileNameGp=../../cp2016-max-common-connected-subgraph-paper/datasets/graphsdb/mcs90/m2D/m2Dr4/mcs90_m2Dr4_s40.A05 fileNameGt=../../cp2016-max-common-connected-subgraph-paper/datasets/graphsdb/mcs90/m2D/m2Dr4/mcs90_m2Dr4_s40.B05
Reading graphs...
40 :  83
40 :  81
Initializing...
maxdom : 40
D->valSize : 1600
Solving...
currentSize : 23 <-- 0.035227 s
currentSize : 24 <-- 0.047076 s
currentSize : 25 <-- 0.047462 s
currentSize : 26 <-- 0.050882 s
currentSize : 27 <-- 15.804013 s
currentSize : 28 <-- 94.547447 s
currentSize : 29 <-- 95.186073 s
currentSize : 31 <-- 107.442490 s
currentSize : 32 <-- 108.952217 s
currentSize : 33 <-- 109.223022 s
currentSize : 34 <-- 109.223045 s
currentSize : 35 <-- 109.547302 s
currentSize : 36 <-- 109.547424 s

maxsize : 36
nodes : 17870849.000000
filtered : 516592535.000000
time : 109.850029
