Parameters: GAD=1 vflib=1 dir=0 label=0 lowerbound=1 fileNameGp=../../cp2016-max-common-connected-subgraph-paper/datasets/graphsdb/mcs90/rand/r02/mcs90_r02_s30.A08 fileNameGt=../../cp2016-max-common-connected-subgraph-paper/datasets/graphsdb/mcs90/rand/r02/mcs90_r02_s30.B08
Reading graphs...
30 :  151
30 :  153
Initializing...
maxdom : 30
D->valSize : 900
Solving...
currentSize : 9 <-- 0.010004 s
currentSize : 10 <-- 0.010041 s
currentSize : 11 <-- 0.010385 s
currentSize : 12 <-- 0.010868 s
currentSize : 13 <-- 0.017551 s
currentSize : 14 <-- 0.669151 s
currentSize : 15 <-- 0.669525 s
currentSize : 16 <-- 13.357423 s
currentSize : 20 <-- 13.412383 s
currentSize : 27 <-- 13.415143 s

maxsize : 27
nodes : 3176848.000000
filtered : 43087754.000000
time : 13.448039
