Parameters: GAD=1 vflib=1 dir=0 label=0 lowerbound=1 fileNameGp=../../cp2016-max-common-connected-subgraph-paper/datasets/graphsdb/mcs90/m2D/m2Dr4/mcs90_m2Dr4_s30.A05 fileNameGt=../../cp2016-max-common-connected-subgraph-paper/datasets/graphsdb/mcs90/m2D/m2Dr4/mcs90_m2Dr4_s30.B05
Reading graphs...
30 :  60
30 :  59
Initializing...
maxdom : 30
D->valSize : 900
Solving...
currentSize : 12 <-- 0.018504 s
currentSize : 13 <-- 0.018531 s
currentSize : 14 <-- 0.018589 s
currentSize : 15 <-- 0.019740 s
currentSize : 17 <-- 0.055700 s
currentSize : 18 <-- 0.091280 s
currentSize : 21 <-- 0.193975 s
currentSize : 22 <-- 0.429523 s
currentSize : 24 <-- 0.429544 s
currentSize : 25 <-- 1.080935 s

maxsize : 25
nodes : 196510.000000
filtered : 6009543.000000
time : 1.130687
