Parameters: GAD=1 vflib=1 dir=0 label=0 lowerbound=1 fileNameGp=../../cp2016-max-common-connected-subgraph-paper/datasets/graphsdb/mcs90/bvg/b09m/mcs90_b09m_s35.A06 fileNameGt=../../cp2016-max-common-connected-subgraph-paper/datasets/graphsdb/mcs90/bvg/b09m/mcs90_b09m_s35.B06
Reading graphs...
35 :  154
35 :  154
Initializing...
maxdom : 35
D->valSize : 1225
Solving...
currentSize : 14 <-- 0.031783 s
currentSize : 15 <-- 0.031848 s
currentSize : 17 <-- 0.031944 s
currentSize : 20 <-- 0.032305 s
currentSize : 21 <-- 0.032389 s
currentSize : 23 <-- 0.203531 s
currentSize : 30 <-- 0.206231 s

maxsize : 30
nodes : 42164.000000
filtered : 3006227.000000
time : 0.454837
