Parameters: GAD=1 vflib=1 dir=0 label=0 lowerbound=1 fileNameGp=../../cp2016-max-common-connected-subgraph-paper/datasets/graphsdb/mcs90/rand/r02/mcs90_r02_s40.A09 fileNameGt=../../cp2016-max-common-connected-subgraph-paper/datasets/graphsdb/mcs90/rand/r02/mcs90_r02_s40.B09
Reading graphs...
40 :  285
40 :  285
Initializing...
maxdom : 40
D->valSize : 1600
Solving...
currentSize : 12 <-- 0.029133 s
currentSize : 13 <-- 0.030100 s
currentSize : 14 <-- 0.033264 s
currentSize : 15 <-- 1.274801 s
currentSize : 16 <-- 16.667404 s
currentSize : 19 <-- 40.296993 s
currentSize : 20 <-- 72.425034 s
currentSize : 25 <-- 81.776146 s
currentSize : 36 <-- 110.002304 s

maxsize : 36
nodes : 20058204.000000
filtered : 398673607.000000
time : 110.105927
