Parameters: GAD=1 vflib=1 dir=0 label=0 lowerbound=1 fileNameGp=../../cp2016-max-common-connected-subgraph-paper/datasets/graphsdb/mcs90/rand/r01/mcs90_r01_s50.A06 fileNameGt=../../cp2016-max-common-connected-subgraph-paper/datasets/graphsdb/mcs90/rand/r01/mcs90_r01_s50.B06
Reading graphs...
50 :  233
50 :  231
Initializing...
maxdom : 50
D->valSize : 2500
Solving...
currentSize : 19 <-- 0.116012 s
currentSize : 20 <-- 0.169914 s
currentSize : 21 <-- 0.169956 s
currentSize : 22 <-- 2.597644 s
currentSize : 23 <-- 43.227989 s
currentSize : 26 <-- 182.443604 s
currentSize : 30 <-- 184.946503 s
currentSize : 34 <-- 222.597473 s
currentSize : 37 <-- 229.791397 s
currentSize : 45 <-- 229.792816 s

maxsize : 45
nodes : 36319087.000000
filtered : 834255236.000000
time : 230.330933
