Parameters: GAD=1 vflib=1 dir=0 label=0 lowerbound=1 fileNameGp=../../cp2016-max-common-connected-subgraph-paper/datasets/graphsdb/mcs90/bvg/b06m/mcs90_b06m_s40.A02 fileNameGt=../../cp2016-max-common-connected-subgraph-paper/datasets/graphsdb/mcs90/bvg/b06m/mcs90_b06m_s40.B02
Reading graphs...
40 :  120
40 :  120
Initializing...
maxdom : 40
D->valSize : 1600
Solving...
currentSize : 19 <-- 0.033424 s
currentSize : 20 <-- 0.034980 s
currentSize : 21 <-- 6.045456 s
currentSize : 22 <-- 85.663383 s
currentSize : 23 <-- 112.034622 s
currentSize : 24 <-- 112.288177 s
currentSize : 25 <-- 141.126694 s
currentSize : 26 <-- 144.266464 s
currentSize : 27 <-- 195.529236 s
currentSize : 36 <-- 211.962601 s

maxsize : 36
nodes : 34874698.000000
filtered : 995552856.000000
time : 212.088379
