Parameters: GAD=1 vflib=1 dir=0 label=0 lowerbound=1 fileNameGp=../../cp2016-max-common-connected-subgraph-paper/datasets/graphsdb/mcs90/rand/r01/mcs90_r01_s40.A02 fileNameGt=../../cp2016-max-common-connected-subgraph-paper/datasets/graphsdb/mcs90/rand/r01/mcs90_r01_s40.B02
Reading graphs...
40 :  143
40 :  145
Initializing...
maxdom : 40
D->valSize : 1600
Solving...
currentSize : 15 <-- 0.058823 s
currentSize : 16 <-- 0.058865 s
currentSize : 17 <-- 0.062273 s
currentSize : 18 <-- 0.120782 s
currentSize : 19 <-- 0.132738 s
currentSize : 20 <-- 0.271031 s
currentSize : 21 <-- 15.705795 s
currentSize : 22 <-- 97.343964 s
currentSize : 23 <-- 108.009407 s
currentSize : 25 <-- 108.052803 s
currentSize : 27 <-- 130.256165 s
currentSize : 29 <-- 130.275467 s
currentSize : 33 <-- 130.281937 s
currentSize : 34 <-- 130.500763 s
currentSize : 36 <-- 130.530090 s

maxsize : 36
nodes : 23189666.000000
filtered : 551162715.000000
time : 130.593552
