Parameters: GAD=1 vflib=1 dir=0 label=0 lowerbound=1 fileNameGp=../../cp2016-max-common-connected-subgraph-paper/datasets/graphsdb/mcs90/bvg/b09/mcs90_b09_s35.A05 fileNameGt=../../cp2016-max-common-connected-subgraph-paper/datasets/graphsdb/mcs90/bvg/b09/mcs90_b09_s35.B05
Reading graphs...
35 :  157
35 :  156
Initializing...
maxdom : 35
D->valSize : 1225
Solving...
currentSize : 13 <-- 0.018246 s
currentSize : 14 <-- 0.018342 s
currentSize : 15 <-- 0.018374 s
currentSize : 16 <-- 0.018412 s
currentSize : 17 <-- 0.037006 s
currentSize : 18 <-- 0.073916 s
currentSize : 19 <-- 0.131858 s
currentSize : 20 <-- 0.140006 s
currentSize : 22 <-- 0.143144 s
currentSize : 24 <-- 0.144410 s
currentSize : 26 <-- 0.220286 s
currentSize : 30 <-- 0.247321 s

maxsize : 30
nodes : 92195.000000
filtered : 4520818.000000
time : 0.709630
