Parameters: GAD=1 vflib=1 dir=0 label=0 lowerbound=1 fileNameGp=../../cp2016-max-common-connected-subgraph-paper/datasets/graphsdb/mcs90/m2D/m2Dr4/mcs90_m2Dr4_s40.A04 fileNameGt=../../cp2016-max-common-connected-subgraph-paper/datasets/graphsdb/mcs90/m2D/m2Dr4/mcs90_m2Dr4_s40.B04
Reading graphs...
40 :  81
40 :  80
Initializing...
maxdom : 40
D->valSize : 1600
Solving...
currentSize : 19 <-- 0.035601 s
currentSize : 20 <-- 0.035681 s
currentSize : 21 <-- 0.036510 s
currentSize : 22 <-- 0.039128 s
currentSize : 23 <-- 0.039949 s
currentSize : 24 <-- 0.366562 s
currentSize : 25 <-- 0.427818 s
currentSize : 26 <-- 0.536533 s
currentSize : 27 <-- 1.296548 s
currentSize : 28 <-- 1.599775 s
currentSize : 30 <-- 1.600679 s
currentSize : 31 <-- 29.185549 s
currentSize : 32 <-- 74.615051 s
currentSize : 33 <-- 76.227608 s
currentSize : 36 <-- 77.150253 s

maxsize : 36
nodes : 9089842.000000
filtered : 429540095.000000
time : 77.298164
