Parameters: GAD=1 vflib=1 dir=0 label=0 lowerbound=1 fileNameGp=../../cp2016-max-common-connected-subgraph-paper/datasets/graphsdb/mcs90/m3D/m3Dr4/mcs90_m3Dr4_s30.A04 fileNameGt=../../cp2016-max-common-connected-subgraph-paper/datasets/graphsdb/mcs90/m3D/m3Dr4/mcs90_m3Dr4_s30.B04
Reading graphs...
30 :  73
30 :  73
Initializing...
maxdom : 30
D->valSize : 900
Solving...
currentSize : 9 <-- 0.010529 s
currentSize : 10 <-- 0.010549 s
currentSize : 11 <-- 0.010567 s
currentSize : 13 <-- 0.010874 s
currentSize : 15 <-- 0.011321 s
currentSize : 16 <-- 0.021061 s
currentSize : 17 <-- 0.024611 s
currentSize : 18 <-- 0.586009 s
currentSize : 19 <-- 1.493862 s
currentSize : 20 <-- 4.393040 s
currentSize : 21 <-- 8.055749 s
currentSize : 22 <-- 8.078284 s
currentSize : 23 <-- 8.079191 s
currentSize : 25 <-- 8.160352 s
currentSize : 27 <-- 8.323325 s

maxsize : 27
nodes : 1762961.000000
filtered : 36795302.000000
time : 8.325748
