Parameters: GAD=1 vflib=1 dir=0 label=0 lowerbound=1 fileNameGp=../../cp2016-max-common-connected-subgraph-paper/datasets/graphsdb/mcs90/m2D/m2Dr2/mcs90_m2Dr2_s30.A09 fileNameGt=../../cp2016-max-common-connected-subgraph-paper/datasets/graphsdb/mcs90/m2D/m2Dr2/mcs90_m2Dr2_s30.B09
Reading graphs...
30 :  54
30 :  54
Initializing...
maxdom : 30
D->valSize : 900
Solving...
currentSize : 15 <-- 0.020137 s
currentSize : 16 <-- 0.025194 s
currentSize : 17 <-- 0.038416 s
currentSize : 18 <-- 0.050241 s
currentSize : 19 <-- 0.053330 s
currentSize : 20 <-- 0.128776 s
currentSize : 21 <-- 0.922856 s
currentSize : 22 <-- 1.572310 s
currentSize : 25 <-- 4.365847 s

maxsize : 25
nodes : 939050.000000
filtered : 20791933.000000
time : 4.838999
