Parameters: GAD=1 vflib=1 dir=0 label=0 lowerbound=1 fileNameGp=../../cp2016-max-common-connected-subgraph-paper/datasets/graphsdb/mcs90/rand/r005/mcs90_r005_s40.A09 fileNameGt=../../cp2016-max-common-connected-subgraph-paper/datasets/graphsdb/mcs90/rand/r005/mcs90_r005_s40.B09
Reading graphs...
40 :  75
40 :  74
Initializing...
maxdom : 40
D->valSize : 1600
Solving...
currentSize : 20 <-- 0.060372 s
currentSize : 21 <-- 0.064724 s
currentSize : 22 <-- 0.064864 s
currentSize : 23 <-- 0.079240 s
currentSize : 24 <-- 0.079432 s
currentSize : 25 <-- 0.081231 s
currentSize : 26 <-- 0.101691 s
currentSize : 27 <-- 0.102273 s
currentSize : 28 <-- 0.103685 s
currentSize : 29 <-- 0.109776 s
currentSize : 30 <-- 4.440715 s
currentSize : 32 <-- 4.608560 s
currentSize : 36 <-- 4.609563 s

maxsize : 36
nodes : 674844.000000
filtered : 21938740.000000
time : 4.750415
