Parameters: GAD=1 vflib=1 dir=0 label=0 lowerbound=1 fileNameGp=../../cp2016-max-common-connected-subgraph-paper/datasets/graphsdb/mcs90/bvg/b06/mcs90_b06_s40.A06 fileNameGt=../../cp2016-max-common-connected-subgraph-paper/datasets/graphsdb/mcs90/bvg/b06/mcs90_b06_s40.B06
Reading graphs...
40 :  120
40 :  120
Initializing...
maxdom : 40
D->valSize : 1600
Solving...
currentSize : 22 <-- 0.033768 s
currentSize : 24 <-- 0.033820 s
currentSize : 25 <-- 0.034378 s
currentSize : 26 <-- 0.035692 s
currentSize : 27 <-- 0.038451 s
currentSize : 28 <-- 0.056055 s
currentSize : 29 <-- 0.058516 s
currentSize : 30 <-- 0.062412 s
currentSize : 36 <-- 0.872646 s

maxsize : 36
nodes : 163690.000000
filtered : 5864007.000000
time : 1.275652
