Parameters: GAD=1 vflib=1 dir=0 label=0 lowerbound=1 fileNameGp=../../cp2016-max-common-connected-subgraph-paper/datasets/graphsdb/mcs90/m2D/m2Dr2/mcs90_m2Dr2_s50.A05 fileNameGt=../../cp2016-max-common-connected-subgraph-paper/datasets/graphsdb/mcs90/m2D/m2Dr2/mcs90_m2Dr2_s50.B05
Reading graphs...
50 :  95
50 :  94
Initializing...
maxdom : 50
D->valSize : 2500
Solving...
currentSize : 28 <-- 0.095838 s
currentSize : 29 <-- 0.095983 s
currentSize : 30 <-- 0.096210 s
currentSize : 31 <-- 0.096727 s
currentSize : 32 <-- 0.153033 s
currentSize : 33 <-- 0.156648 s
currentSize : 34 <-- 0.241037 s
currentSize : 35 <-- 0.241434 s
currentSize : 36 <-- 9.372062 s
currentSize : 37 <-- 474.035187 s

TIMEOUT
maxsize : 37
nodes : 125034057.000000
filtered : 4591727291.000000
time : 1000.000061
