Parameters: GAD=1 vflib=1 dir=0 label=0 lowerbound=1 fileNameGp=../../cp2016-max-common-connected-subgraph-paper/datasets/graphsdb/mcs90/bvg/b06m/mcs90_b06m_s40.A03 fileNameGt=../../cp2016-max-common-connected-subgraph-paper/datasets/graphsdb/mcs90/bvg/b06m/mcs90_b06m_s40.B03
Reading graphs...
40 :  116
40 :  116
Initializing...
maxdom : 40
D->valSize : 1600
Solving...
currentSize : 16 <-- 0.061678 s
currentSize : 19 <-- 0.061808 s
currentSize : 20 <-- 0.061842 s
currentSize : 21 <-- 0.164067 s
currentSize : 22 <-- 0.421110 s
currentSize : 23 <-- 36.695515 s
currentSize : 24 <-- 233.091553 s
currentSize : 25 <-- 233.092316 s
currentSize : 26 <-- 259.070038 s
currentSize : 28 <-- 270.320129 s
currentSize : 29 <-- 284.093262 s
currentSize : 30 <-- 284.093536 s
currentSize : 32 <-- 286.532227 s
currentSize : 36 <-- 289.130157 s

maxsize : 36
nodes : 50396958.000000
filtered : 1325405508.000000
time : 289.179840
