Parameters: GAD=1 vflib=1 dir=0 label=0 lowerbound=1 fileNameGp=../../cp2016-max-common-connected-subgraph-paper/datasets/graphsdb/mcs90/bvg/b06m/mcs90_b06m_s35.A04 fileNameGt=../../cp2016-max-common-connected-subgraph-paper/datasets/graphsdb/mcs90/bvg/b06m/mcs90_b06m_s35.B04
Reading graphs...
35 :  103
35 :  104
Initializing...
maxdom : 35
D->valSize : 1225
Solving...
currentSize : 15 <-- 0.019179 s
currentSize : 16 <-- 0.019510 s
currentSize : 17 <-- 0.022036 s
currentSize : 18 <-- 0.022572 s
currentSize : 19 <-- 0.075396 s
currentSize : 20 <-- 27.861120 s
currentSize : 21 <-- 32.156219 s
currentSize : 31 <-- 59.153831 s

maxsize : 31
nodes : 11259940.000000
filtered : 258273077.000000
time : 59.241032
