Parameters: GAD=1 vflib=1 dir=0 label=0 lowerbound=1 fileNameGp=../../cp2016-max-common-connected-subgraph-paper/datasets/graphsdb/mcs90/rand/r01/mcs90_r01_s40.A07 fileNameGt=../../cp2016-max-common-connected-subgraph-paper/datasets/graphsdb/mcs90/rand/r01/mcs90_r01_s40.B07
Reading graphs...
40 :  144
40 :  146
Initializing...
maxdom : 40
D->valSize : 1600
Solving...
currentSize : 15 <-- 0.032463 s
currentSize : 16 <-- 0.032800 s
currentSize : 17 <-- 0.033943 s
currentSize : 18 <-- 0.039405 s
currentSize : 19 <-- 0.081366 s
currentSize : 20 <-- 16.117199 s
currentSize : 21 <-- 74.147095 s
currentSize : 22 <-- 145.527771 s
currentSize : 23 <-- 156.032227 s
currentSize : 25 <-- 168.950897 s
currentSize : 26 <-- 169.295135 s
currentSize : 27 <-- 171.920746 s
currentSize : 29 <-- 177.461868 s
currentSize : 30 <-- 186.654114 s
currentSize : 36 <-- 190.105606 s

maxsize : 36
nodes : 33642049.000000
filtered : 775612596.000000
time : 190.174347
