Parameters: GAD=1 vflib=1 dir=0 label=0 lowerbound=1 fileNameGp=../../cp2016-max-common-connected-subgraph-paper/datasets/graphsdb/mcs90/bvg/b06/mcs90_b06_s35.A06 fileNameGt=../../cp2016-max-common-connected-subgraph-paper/datasets/graphsdb/mcs90/bvg/b06/mcs90_b06_s35.B06
Reading graphs...
35 :  104
35 :  105
Initializing...
maxdom : 35
D->valSize : 1225
Solving...
currentSize : 18 <-- 0.034330 s
currentSize : 20 <-- 0.034935 s
currentSize : 22 <-- 0.042636 s
currentSize : 23 <-- 0.046895 s
currentSize : 24 <-- 0.049327 s
currentSize : 25 <-- 0.049985 s
currentSize : 27 <-- 0.061280 s
currentSize : 29 <-- 0.070570 s
currentSize : 31 <-- 0.070618 s
currentSize : 32 <-- 0.077517 s

maxsize : 32
nodes : 13838.000000
filtered : 529957.000000
time : 0.158420
