Parameters: GAD=1 vflib=1 dir=0 label=0 lowerbound=1 fileNameGp=../../cp2016-max-common-connected-subgraph-paper/datasets/graphsdb/mcs90/m2D/m2Dr2/mcs90_m2Dr2_s30.A02 fileNameGt=../../cp2016-max-common-connected-subgraph-paper/datasets/graphsdb/mcs90/m2D/m2Dr2/mcs90_m2Dr2_s30.B02
Reading graphs...
30 :  55
30 :  55
Initializing...
maxdom : 30
D->valSize : 900
Solving...
currentSize : 17 <-- 0.010826 s
currentSize : 18 <-- 0.010941 s
currentSize : 19 <-- 0.017922 s
currentSize : 20 <-- 0.073286 s
currentSize : 21 <-- 0.173008 s
currentSize : 22 <-- 1.213382 s
currentSize : 23 <-- 4.305711 s
currentSize : 24 <-- 4.357129 s
currentSize : 26 <-- 4.857368 s

maxsize : 26
nodes : 931330.000000
filtered : 24000880.000000
time : 4.906802
