Parameters: GAD=1 vflib=1 dir=0 label=0 lowerbound=1 fileNameGp=../../cp2016-max-common-connected-subgraph-paper/datasets/graphsdb/mcs90/m2D/m2D/mcs90_m2D_s30.A09 fileNameGt=../../cp2016-max-common-connected-subgraph-paper/datasets/graphsdb/mcs90/m2D/m2D/mcs90_m2D_s30.B09
Reading graphs...
30 :  49
30 :  49
Initializing...
maxdom : 30
D->valSize : 900
Solving...
currentSize : 18 <-- 0.018934 s
currentSize : 19 <-- 0.018996 s
currentSize : 20 <-- 0.019062 s
currentSize : 21 <-- 0.019371 s
currentSize : 22 <-- 0.019911 s
currentSize : 23 <-- 0.040669 s
currentSize : 24 <-- 1.168854 s
currentSize : 25 <-- 1.169436 s

maxsize : 25
nodes : 285925.000000
filtered : 7910831.000000
time : 1.652987
