Parameters: GAD=1 vflib=1 dir=0 label=0 lowerbound=1 fileNameGp=../../cp2016-max-common-connected-subgraph-paper/datasets/graphsdb/mcs90/bvg/b03m/mcs90_b03m_s40.A06 fileNameGt=../../cp2016-max-common-connected-subgraph-paper/datasets/graphsdb/mcs90/bvg/b03m/mcs90_b03m_s40.B06
Reading graphs...
40 :  60
40 :  60
Initializing...
maxdom : 40
D->valSize : 1600
Solving...
currentSize : 15 <-- 0.058626 s
currentSize : 16 <-- 0.058671 s
currentSize : 20 <-- 0.058777 s
currentSize : 22 <-- 0.060428 s
currentSize : 23 <-- 0.081910 s
currentSize : 26 <-- 0.081927 s
currentSize : 27 <-- 0.102085 s
currentSize : 28 <-- 10.377817 s
currentSize : 29 <-- 23.899311 s
currentSize : 30 <-- 30.614756 s
currentSize : 31 <-- 36.845737 s
currentSize : 32 <-- 97.188744 s
currentSize : 33 <-- 97.256157 s
currentSize : 34 <-- 97.349594 s
currentSize : 35 <-- 97.861984 s
currentSize : 36 <-- 97.864784 s

maxsize : 36
nodes : 15062466.000000
filtered : 387598788.000000
time : 97.952492
