Parameters: GAD=1 vflib=1 dir=0 label=0 lowerbound=1 fileNameGp=../../cp2016-max-common-connected-subgraph-paper/datasets/graphsdb/mcs90/bvg/b09m/mcs90_b09m_s30.A07 fileNameGt=../../cp2016-max-common-connected-subgraph-paper/datasets/graphsdb/mcs90/bvg/b09m/mcs90_b09m_s30.B07
Reading graphs...
30 :  128
30 :  130
Initializing...
maxdom : 30
D->valSize : 900
Solving...
currentSize : 10 <-- 0.017528 s
currentSize : 11 <-- 0.017584 s
currentSize : 12 <-- 0.018628 s
currentSize : 13 <-- 0.021005 s
currentSize : 14 <-- 0.024483 s
currentSize : 15 <-- 0.147260 s
currentSize : 16 <-- 20.503799 s
currentSize : 17 <-- 21.948036 s
currentSize : 18 <-- 22.227995 s
currentSize : 19 <-- 22.277403 s
currentSize : 20 <-- 22.919607 s
currentSize : 21 <-- 23.602732 s
currentSize : 24 <-- 23.924772 s
currentSize : 26 <-- 23.924900 s

maxsize : 26
nodes : 5433479.000000
filtered : 91164906.000000
time : 23.968832
