Parameters: GAD=1 vflib=1 dir=0 label=0 lowerbound=1 fileNameGp=../../cp2016-max-common-connected-subgraph-paper/datasets/graphsdb/mcs90/rand/r005/mcs90_r005_s30.A05 fileNameGt=../../cp2016-max-common-connected-subgraph-paper/datasets/graphsdb/mcs90/rand/r005/mcs90_r005_s30.B05
Reading graphs...
30 :  42
30 :  42
Initializing...
maxdom : 30
D->valSize : 900
Solving...
currentSize : 14 <-- 0.018073 s
currentSize : 17 <-- 0.018195 s
currentSize : 18 <-- 0.020093 s
currentSize : 19 <-- 0.027130 s
currentSize : 20 <-- 0.108160 s
currentSize : 21 <-- 0.383175 s
currentSize : 22 <-- 1.622825 s
currentSize : 23 <-- 4.052783 s
currentSize : 24 <-- 4.070100 s
currentSize : 25 <-- 4.070391 s
currentSize : 26 <-- 4.070455 s
currentSize : 27 <-- 4.071045 s

maxsize : 27
nodes : 953244.000000
filtered : 15320484.000000
time : 4.106899
