Parameters: GAD=1 vflib=1 dir=0 label=0 lowerbound=1 fileNameGp=../../cp2016-max-common-connected-subgraph-paper/datasets/graphsdb/mcs90/m3D/m3D/mcs90_m3D_s30.A08 fileNameGt=../../cp2016-max-common-connected-subgraph-paper/datasets/graphsdb/mcs90/m3D/m3D/mcs90_m3D_s30.B08
Reading graphs...
30 :  61
30 :  61
Initializing...
maxdom : 30
D->valSize : 900
Solving...
currentSize : 14 <-- 0.010615 s
currentSize : 16 <-- 0.010641 s
currentSize : 17 <-- 0.022836 s
currentSize : 18 <-- 0.040188 s
currentSize : 19 <-- 0.048844 s
currentSize : 20 <-- 0.102078 s
currentSize : 21 <-- 0.711001 s
currentSize : 22 <-- 0.723575 s
currentSize : 24 <-- 0.748441 s
currentSize : 25 <-- 0.748472 s
currentSize : 27 <-- 0.759546 s
currentSize : 28 <-- 0.759762 s

maxsize : 28
nodes : 171363.000000
filtered : 2945192.000000
time : 0.772173
