Parameters: GAD=1 vflib=1 dir=0 label=0 lowerbound=1 fileNameGp=../../cp2016-max-common-connected-subgraph-paper/datasets/graphsdb/mcs90/m2D/m2Dr6/mcs90_m2Dr6_s30.A08 fileNameGt=../../cp2016-max-common-connected-subgraph-paper/datasets/graphsdb/mcs90/m2D/m2Dr6/mcs90_m2Dr6_s30.B08
Reading graphs...
30 :  66
30 :  66
Initializing...
maxdom : 30
D->valSize : 900
Solving...
currentSize : 14 <-- 0.010602 s
currentSize : 15 <-- 0.010674 s
currentSize : 16 <-- 0.012032 s
currentSize : 17 <-- 0.014320 s
currentSize : 18 <-- 0.023949 s
currentSize : 19 <-- 0.024192 s
currentSize : 20 <-- 1.725875 s
currentSize : 25 <-- 2.944759 s

maxsize : 25
nodes : 677056.000000
filtered : 13649643.000000
time : 3.156219
