Parameters: GAD=1 vflib=1 dir=0 label=0 lowerbound=1 fileNameGp=../../cp2016-max-common-connected-subgraph-paper/datasets/graphsdb/mcs90/rand/r02/mcs90_r02_s25.A00 fileNameGt=../../cp2016-max-common-connected-subgraph-paper/datasets/graphsdb/mcs90/rand/r02/mcs90_r02_s25.B00
Reading graphs...
25 :  105
25 :  104
Initializing...
maxdom : 25
D->valSize : 625
Solving...
currentSize : 9 <-- 0.004559 s
currentSize : 10 <-- 0.004706 s
currentSize : 11 <-- 0.005635 s
currentSize : 12 <-- 0.006153 s
currentSize : 13 <-- 0.278123 s
currentSize : 15 <-- 1.677534 s
currentSize : 16 <-- 1.691724 s
currentSize : 22 <-- 1.710530 s

maxsize : 22
nodes : 478714.000000
filtered : 5142432.000000
time : 1.724192
