Parameters: GAD=1 vflib=1 dir=0 label=0 lowerbound=1 fileNameGp=../../cp2016-max-common-connected-subgraph-paper/datasets/graphsdb/mcs90/bvg/b06/mcs90_b06_s50.A01 fileNameGt=../../cp2016-max-common-connected-subgraph-paper/datasets/graphsdb/mcs90/bvg/b06/mcs90_b06_s50.B01
Reading graphs...
50 :  149
50 :  150
Initializing...
maxdom : 50
D->valSize : 2500
Solving...
currentSize : 32 <-- 0.143419 s
currentSize : 33 <-- 0.143565 s
currentSize : 34 <-- 0.146825 s
currentSize : 35 <-- 0.146910 s
currentSize : 38 <-- 0.153666 s
currentSize : 40 <-- 0.236898 s
currentSize : 41 <-- 0.279374 s
currentSize : 42 <-- 0.536088 s
currentSize : 43 <-- 0.579526 s
currentSize : 45 <-- 0.620284 s

maxsize : 45
nodes : 258059.000000
filtered : 13722777.000000
time : 3.148247
