Parameters: GAD=1 vflib=1 dir=0 label=0 lowerbound=1 fileNameGp=../../cp2016-max-common-connected-subgraph-paper/datasets/graphsdb/mcs90/rand/r005/mcs90_r005_s20.A07 fileNameGt=../../cp2016-max-common-connected-subgraph-paper/datasets/graphsdb/mcs90/rand/r005/mcs90_r005_s20.B07
Reading graphs...
20 :  21
20 :  21
Initializing...
maxdom : 20
D->valSize : 400
Solving...
currentSize : 7 <-- 0.002297 s
currentSize : 10 <-- 0.002328 s
currentSize : 12 <-- 0.002339 s
currentSize : 13 <-- 0.014666 s
currentSize : 14 <-- 0.016059 s
currentSize : 15 <-- 0.020164 s
currentSize : 16 <-- 0.034852 s
currentSize : 17 <-- 0.034884 s
currentSize : 18 <-- 0.034982 s

maxsize : 18
nodes : 14319.000000
filtered : 77483.000000
time : 0.035994
