Parameters: GAD=1 vflib=1 dir=0 label=0 lowerbound=1 fileNameGp=../../cp2016-max-common-connected-subgraph-paper/datasets/graphsdb/mcs90/bvg/b06m/mcs90_b06m_s35.A07 fileNameGt=../../cp2016-max-common-connected-subgraph-paper/datasets/graphsdb/mcs90/bvg/b06m/mcs90_b06m_s35.B07
Reading graphs...
35 :  103
35 :  103
Initializing...
maxdom : 35
D->valSize : 1225
Solving...
currentSize : 14 <-- 0.019438 s
currentSize : 15 <-- 0.019466 s
currentSize : 16 <-- 0.022398 s
currentSize : 17 <-- 0.023697 s
currentSize : 18 <-- 0.026063 s
currentSize : 19 <-- 0.087098 s
currentSize : 20 <-- 0.153424 s
currentSize : 21 <-- 0.282164 s
currentSize : 23 <-- 0.282928 s
currentSize : 24 <-- 0.326406 s
currentSize : 25 <-- 0.352130 s
currentSize : 28 <-- 0.378613 s
currentSize : 31 <-- 0.380786 s

maxsize : 31
nodes : 82789.000000
filtered : 1765141.000000
time : 0.466129
