Parameters: GAD=1 vflib=1 dir=0 label=0 lowerbound=1 fileNameGp=../../cp2016-max-common-connected-subgraph-paper/datasets/graphsdb/mcs90/bvg/b09m/mcs90_b09m_s50.A01 fileNameGt=../../cp2016-max-common-connected-subgraph-paper/datasets/graphsdb/mcs90/bvg/b09m/mcs90_b09m_s50.B01
Reading graphs...
50 :  217
50 :  218
Initializing...
maxdom : 50
D->valSize : 2500
Solving...
currentSize : 16 <-- 0.085721 s
currentSize : 20 <-- 0.085761 s
currentSize : 21 <-- 0.086212 s
currentSize : 22 <-- 0.090323 s
currentSize : 23 <-- 25.005972 s
currentSize : 25 <-- 27.834448 s
currentSize : 26 <-- 231.398483 s
currentSize : 27 <-- 258.367035 s

TIMEOUT
maxsize : 27
nodes : 126897563.000000
filtered : 5054439128.000000
time : 1000.000061
