Parameters: GAD=1 vflib=1 dir=0 label=0 lowerbound=1 fileNameGp=../../cp2016-max-common-connected-subgraph-paper/datasets/graphsdb/mcs90/m2D/m2Dr2/mcs90_m2Dr2_s40.A08 fileNameGt=../../cp2016-max-common-connected-subgraph-paper/datasets/graphsdb/mcs90/m2D/m2Dr2/mcs90_m2Dr2_s40.B08
Reading graphs...
40 :  75
40 :  75
Initializing...
maxdom : 40
D->valSize : 1600
Solving...
currentSize : 21 <-- 0.035605 s
currentSize : 22 <-- 0.035633 s
currentSize : 23 <-- 0.035708 s
currentSize : 24 <-- 0.035777 s
currentSize : 26 <-- 0.037921 s
currentSize : 27 <-- 0.039364 s
currentSize : 28 <-- 0.048334 s
currentSize : 29 <-- 0.110638 s
currentSize : 30 <-- 16.941893 s
currentSize : 31 <-- 60.478256 s
currentSize : 33 <-- 60.478970 s
currentSize : 36 <-- 60.511608 s

maxsize : 36
nodes : 7794419.000000
filtered : 298544072.000000
time : 60.853718
