Parameters: GAD=1 vflib=1 dir=0 label=0 lowerbound=1 fileNameGp=../../cp2016-max-common-connected-subgraph-paper/datasets/graphsdb/mcs90/bvg/b03m/mcs90_b03m_s40.A03 fileNameGt=../../cp2016-max-common-connected-subgraph-paper/datasets/graphsdb/mcs90/bvg/b03m/mcs90_b03m_s40.B03
Reading graphs...
40 :  59
40 :  59
Initializing...
maxdom : 40
D->valSize : 1600
Solving...
currentSize : 25 <-- 0.058328 s
currentSize : 26 <-- 0.065253 s
currentSize : 27 <-- 0.080720 s
currentSize : 28 <-- 0.229691 s
currentSize : 29 <-- 3.052970 s
currentSize : 30 <-- 129.856842 s
currentSize : 31 <-- 129.876709 s
currentSize : 32 <-- 130.711639 s
currentSize : 33 <-- 130.964828 s
currentSize : 36 <-- 134.736694 s

maxsize : 36
nodes : 23322440.000000
filtered : 534692645.000000
time : 134.955322
