Parameters: GAD=1 vflib=1 dir=0 label=0 lowerbound=1 fileNameGp=../../cp2016-max-common-connected-subgraph-paper/datasets/graphsdb/mcs90/rand/r005/mcs90_r005_s25.A06 fileNameGt=../../cp2016-max-common-connected-subgraph-paper/datasets/graphsdb/mcs90/rand/r005/mcs90_r005_s25.B06
Reading graphs...
25 :  29
25 :  29
Initializing...
maxdom : 25
D->valSize : 625
Solving...
currentSize : 11 <-- 0.005360 s
currentSize : 12 <-- 0.006608 s
currentSize : 18 <-- 0.017414 s
currentSize : 19 <-- 0.261416 s
currentSize : 20 <-- 0.264428 s
currentSize : 21 <-- 0.320955 s
currentSize : 22 <-- 0.322156 s
currentSize : 23 <-- 0.324118 s

maxsize : 23
nodes : 80916.000000
filtered : 1106183.000000
time : 0.325097
