Parameters: GAD=1 vflib=1 dir=0 label=0 lowerbound=1 fileNameGp=../../cp2016-max-common-connected-subgraph-paper/datasets/graphsdb/mcs90/m3D/m3Dr6/mcs90_m3Dr6_s30.A09 fileNameGt=../../cp2016-max-common-connected-subgraph-paper/datasets/graphsdb/mcs90/m3D/m3Dr6/mcs90_m3Dr6_s30.B09
Reading graphs...
30 :  76
30 :  76
Initializing...
maxdom : 30
D->valSize : 900
Solving...
currentSize : 13 <-- 0.018213 s
currentSize : 14 <-- 0.018323 s
currentSize : 15 <-- 0.018355 s
currentSize : 16 <-- 0.018502 s
currentSize : 17 <-- 0.091952 s
currentSize : 18 <-- 1.080958 s
currentSize : 19 <-- 5.753197 s
currentSize : 20 <-- 30.070505 s
currentSize : 23 <-- 30.108932 s
currentSize : 27 <-- 30.702991 s

maxsize : 27
nodes : 6880271.000000
filtered : 124438247.000000
time : 30.731268
