Parameters: GAD=1 vflib=1 dir=0 label=0 lowerbound=1 fileNameGp=../../cp2016-max-common-connected-subgraph-paper/datasets/graphsdb/mcs90/bvg/b06m/mcs90_b06m_s35.A00 fileNameGt=../../cp2016-max-common-connected-subgraph-paper/datasets/graphsdb/mcs90/bvg/b06m/mcs90_b06m_s35.B00
Reading graphs...
35 :  100
35 :  99
Initializing...
maxdom : 35
D->valSize : 1225
Solving...
currentSize : 15 <-- 0.034223 s
currentSize : 16 <-- 0.034528 s
currentSize : 17 <-- 0.034868 s
currentSize : 18 <-- 0.037523 s
currentSize : 19 <-- 0.067227 s
currentSize : 20 <-- 0.098039 s
currentSize : 21 <-- 0.186126 s
currentSize : 22 <-- 14.825257 s
currentSize : 23 <-- 15.635278 s
currentSize : 24 <-- 15.638544 s
currentSize : 25 <-- 15.667412 s
currentSize : 26 <-- 15.687651 s
currentSize : 27 <-- 15.971924 s
currentSize : 31 <-- 15.972175 s

maxsize : 31
nodes : 2853673.000000
filtered : 73627725.000000
time : 16.057487
