Parameters: GAD=1 vflib=1 dir=0 label=0 lowerbound=1 fileNameGp=../../cp2016-max-common-connected-subgraph-paper/datasets/graphsdb/mcs90/bvg/b03m/mcs90_b03m_s35.A07 fileNameGt=../../cp2016-max-common-connected-subgraph-paper/datasets/graphsdb/mcs90/bvg/b03m/mcs90_b03m_s35.B07
Reading graphs...
35 :  50
35 :  50
Initializing...
maxdom : 35
D->valSize : 1225
Solving...
currentSize : 20 <-- 0.021132 s
currentSize : 21 <-- 0.021177 s
currentSize : 23 <-- 0.023546 s
currentSize : 24 <-- 0.356350 s
currentSize : 25 <-- 1.211100 s
currentSize : 26 <-- 1.639537 s
currentSize : 28 <-- 37.774361 s
currentSize : 30 <-- 37.802216 s

maxsize : 30
nodes : 7053505.000000
filtered : 157538231.000000
time : 38.474087
