Parameters: GAD=1 vflib=1 dir=0 label=0 lowerbound=1 fileNameGp=../../cp2016-max-common-connected-subgraph-paper/datasets/graphsdb/mcs90/bvg/b09m/mcs90_b09m_s40.A01 fileNameGt=../../cp2016-max-common-connected-subgraph-paper/datasets/graphsdb/mcs90/bvg/b09m/mcs90_b09m_s40.B01
Reading graphs...
40 :  177
40 :  176
Initializing...
maxdom : 40
D->valSize : 1600
Solving...
currentSize : 14 <-- 0.031900 s
currentSize : 15 <-- 0.031988 s
currentSize : 16 <-- 0.033908 s
currentSize : 17 <-- 0.045487 s
currentSize : 18 <-- 0.430612 s
currentSize : 19 <-- 6.154874 s
currentSize : 20 <-- 782.723389 s
currentSize : 22 <-- 782.748108 s

TIMEOUT
maxsize : 22
nodes : 185561825.000000
filtered : 3903619973.000000
time : 1000.000000
