Parameters: GAD=1 vflib=1 dir=0 label=0 lowerbound=1 fileNameGp=../../cp2016-max-common-connected-subgraph-paper/datasets/graphsdb/mcs90/m2D/m2D/mcs90_m2D_s40.A02 fileNameGt=../../cp2016-max-common-connected-subgraph-paper/datasets/graphsdb/mcs90/m2D/m2D/mcs90_m2D_s40.B02
Reading graphs...
40 :  67
40 :  67
Initializing...
maxdom : 40
D->valSize : 1600
Solving...
currentSize : 25 <-- 0.068583 s
currentSize : 26 <-- 0.070311 s
currentSize : 27 <-- 0.071356 s
currentSize : 28 <-- 0.131170 s
currentSize : 29 <-- 2.035292 s
currentSize : 30 <-- 3.348698 s
currentSize : 31 <-- 19.016720 s
currentSize : 32 <-- 20.750948 s
currentSize : 33 <-- 22.905205 s
currentSize : 36 <-- 22.905333 s

maxsize : 36
nodes : 3562695.000000
filtered : 107491865.000000
time : 23.258692
