Parameters: GAD=1 vflib=1 dir=0 label=0 lowerbound=1 fileNameGp=../../cp2016-max-common-connected-subgraph-paper/datasets/graphsdb/mcs90/m2D/m2Dr6/mcs90_m2Dr6_s30.A01 fileNameGt=../../cp2016-max-common-connected-subgraph-paper/datasets/graphsdb/mcs90/m2D/m2Dr6/mcs90_m2Dr6_s30.B01
Reading graphs...
30 :  65
30 :  65
Initializing...
maxdom : 30
D->valSize : 900
Solving...
currentSize : 13 <-- 0.010605 s
currentSize : 14 <-- 0.010781 s
currentSize : 15 <-- 0.011308 s
currentSize : 16 <-- 0.056610 s
currentSize : 17 <-- 0.145730 s
currentSize : 18 <-- 0.285629 s
currentSize : 19 <-- 3.241777 s
currentSize : 20 <-- 9.061430 s
currentSize : 21 <-- 13.264198 s
currentSize : 22 <-- 15.349720 s
currentSize : 25 <-- 15.406541 s

maxsize : 25
nodes : 3406006.000000
filtered : 65965683.000000
time : 15.522063
