Parameters: GAD=1 vflib=1 dir=0 label=0 lowerbound=1 fileNameGp=../../cp2016-max-common-connected-subgraph-paper/datasets/graphsdb/mcs90/bvg/b03/mcs90_b03_s30.A06 fileNameGt=../../cp2016-max-common-connected-subgraph-paper/datasets/graphsdb/mcs90/bvg/b03/mcs90_b03_s30.B06
Reading graphs...
30 :  45
30 :  45
Initializing...
maxdom : 30
D->valSize : 900
Solving...
currentSize : 18 <-- 0.019491 s
currentSize : 19 <-- 0.021966 s
currentSize : 20 <-- 0.024732 s
currentSize : 21 <-- 0.039881 s
currentSize : 22 <-- 0.047502 s
currentSize : 23 <-- 0.050485 s
currentSize : 24 <-- 0.060869 s
currentSize : 27 <-- 0.080106 s

maxsize : 27
nodes : 23699.000000
filtered : 546325.000000
time : 0.148307
