Parameters: GAD=1 vflib=1 dir=0 label=0 lowerbound=1 fileNameGp=../../cp2016-max-common-connected-subgraph-paper/datasets/graphsdb/mcs90/m2D/m2Dr2/mcs90_m2Dr2_s30.A01 fileNameGt=../../cp2016-max-common-connected-subgraph-paper/datasets/graphsdb/mcs90/m2D/m2Dr2/mcs90_m2Dr2_s30.B01
Reading graphs...
30 :  55
30 :  54
Initializing...
maxdom : 30
D->valSize : 900
Solving...
currentSize : 14 <-- 0.011252 s
currentSize : 15 <-- 0.011703 s
currentSize : 17 <-- 0.013676 s
currentSize : 18 <-- 0.014663 s
currentSize : 19 <-- 0.029419 s
currentSize : 20 <-- 0.065651 s
currentSize : 21 <-- 3.462645 s
currentSize : 22 <-- 10.946739 s
currentSize : 23 <-- 10.948036 s
currentSize : 24 <-- 10.954699 s
currentSize : 26 <-- 11.693028 s

maxsize : 26
nodes : 2457116.000000
filtered : 48183695.000000
time : 11.764214
