Parameters: GAD=1 vflib=1 dir=0 label=0 lowerbound=1 fileNameGp=../../cp2016-max-common-connected-subgraph-paper/datasets/graphsdb/mcs90/bvg/b09m/mcs90_b09m_s35.A02 fileNameGt=../../cp2016-max-common-connected-subgraph-paper/datasets/graphsdb/mcs90/bvg/b09m/mcs90_b09m_s35.B02
Reading graphs...
35 :  149
35 :  151
Initializing...
maxdom : 35
D->valSize : 1225
Solving...
currentSize : 12 <-- 0.018192 s
currentSize : 13 <-- 0.018288 s
currentSize : 14 <-- 0.018507 s
currentSize : 15 <-- 0.019549 s
currentSize : 16 <-- 0.043229 s
currentSize : 17 <-- 32.941765 s
currentSize : 18 <-- 164.304535 s
currentSize : 20 <-- 185.829056 s
currentSize : 22 <-- 203.024078 s
currentSize : 23 <-- 235.777725 s
currentSize : 30 <-- 235.786301 s

maxsize : 30
nodes : 46016418.000000
filtered : 953536583.000000
time : 235.991119
