Parameters: GAD=1 vflib=1 dir=0 label=0 lowerbound=1 fileNameGp=../../cp2016-max-common-connected-subgraph-paper/datasets/graphsdb/mcs90/rand/r02/mcs90_r02_s40.A01 fileNameGt=../../cp2016-max-common-connected-subgraph-paper/datasets/graphsdb/mcs90/rand/r02/mcs90_r02_s40.B01
Reading graphs...
40 :  287
40 :  283
Initializing...
maxdom : 40
D->valSize : 1600
Solving...
currentSize : 11 <-- 0.029416 s
currentSize : 12 <-- 0.029440 s
currentSize : 13 <-- 0.029469 s
currentSize : 14 <-- 0.059198 s
currentSize : 15 <-- 52.326809 s
currentSize : 16 <-- 55.942726 s
currentSize : 18 <-- 115.197563 s
currentSize : 19 <-- 128.905396 s
currentSize : 22 <-- 129.657364 s
currentSize : 23 <-- 191.367004 s
currentSize : 24 <-- 225.926300 s
currentSize : 36 <-- 225.927032 s

maxsize : 36
nodes : 44586304.000000
filtered : 683655768.000000
time : 226.025421
