Parameters: GAD=1 vflib=1 dir=0 label=0 lowerbound=1 fileNameGp=../../cp2016-max-common-connected-subgraph-paper/datasets/graphsdb/mcs90/rand/r02/mcs90_r02_s35.A00 fileNameGt=../../cp2016-max-common-connected-subgraph-paper/datasets/graphsdb/mcs90/rand/r02/mcs90_r02_s35.B00
Reading graphs...
35 :  211
35 :  214
Initializing...
maxdom : 35
D->valSize : 1225
Solving...
currentSize : 9 <-- 0.017164 s
currentSize : 10 <-- 0.017232 s
currentSize : 11 <-- 0.017476 s
currentSize : 12 <-- 0.018055 s
currentSize : 13 <-- 0.030335 s
currentSize : 14 <-- 0.105175 s
currentSize : 15 <-- 0.398287 s
currentSize : 16 <-- 0.440794 s
currentSize : 17 <-- 0.506433 s
currentSize : 20 <-- 0.557450 s
currentSize : 23 <-- 3.341159 s
currentSize : 31 <-- 6.508988 s

maxsize : 31
nodes : 1056118.000000
filtered : 34110949.000000
time : 6.581320
