Parameters: GAD=1 vflib=1 dir=0 label=0 lowerbound=1 fileNameGp=../../cp2016-max-common-connected-subgraph-paper/datasets/graphsdb/mcs90/rand/r005/mcs90_r005_s40.A01 fileNameGt=../../cp2016-max-common-connected-subgraph-paper/datasets/graphsdb/mcs90/rand/r005/mcs90_r005_s40.B01
Reading graphs...
40 :  77
40 :  77
Initializing...
maxdom : 40
D->valSize : 1600
Solving...
currentSize : 18 <-- 0.035500 s
currentSize : 19 <-- 0.035628 s
currentSize : 20 <-- 0.037296 s
currentSize : 21 <-- 0.052965 s
currentSize : 22 <-- 0.053129 s
currentSize : 23 <-- 0.383980 s
currentSize : 24 <-- 575.839050 s

TIMEOUT
maxsize : 24
nodes : 228149553.000000
filtered : 2770645418.000000
time : 1000.000000
