Parameters: GAD=1 vflib=1 dir=0 label=0 lowerbound=1 fileNameGp=../../cp2016-max-common-connected-subgraph-paper/datasets/graphsdb/mcs90/rand/r02/mcs90_r02_s30.A00 fileNameGt=../../cp2016-max-common-connected-subgraph-paper/datasets/graphsdb/mcs90/rand/r02/mcs90_r02_s30.B00
Reading graphs...
30 :  159
30 :  158
Initializing...
maxdom : 30
D->valSize : 900
Solving...
currentSize : 10 <-- 0.016218 s
currentSize : 11 <-- 0.016310 s
currentSize : 12 <-- 0.016632 s
currentSize : 13 <-- 0.028659 s
currentSize : 14 <-- 0.639711 s
currentSize : 16 <-- 1.750014 s
currentSize : 18 <-- 1.750081 s
currentSize : 20 <-- 1.775325 s
currentSize : 27 <-- 2.724898 s

maxsize : 27
nodes : 599101.000000
filtered : 9790821.000000
time : 2.744028
