Parameters: GAD=1 vflib=1 dir=0 label=0 lowerbound=1 fileNameGp=../../cp2016-max-common-connected-subgraph-paper/datasets/graphsdb/mcs90/rand/r01/mcs90_r01_s40.A01 fileNameGt=../../cp2016-max-common-connected-subgraph-paper/datasets/graphsdb/mcs90/rand/r01/mcs90_r01_s40.B01
Reading graphs...
40 :  148
40 :  149
Initializing...
maxdom : 40
D->valSize : 1600
Solving...
currentSize : 17 <-- 0.055240 s
currentSize : 18 <-- 0.217987 s
currentSize : 19 <-- 1.596031 s
currentSize : 20 <-- 57.203770 s
currentSize : 21 <-- 329.879059 s
currentSize : 22 <-- 474.795227 s
currentSize : 23 <-- 632.561340 s
currentSize : 24 <-- 759.478027 s
currentSize : 26 <-- 768.656860 s
currentSize : 29 <-- 773.817993 s
currentSize : 36 <-- 784.522644 s

maxsize : 36
nodes : 138852480.000000
filtered : 3196224402.000000
time : 784.606445
