Parameters: GAD=1 vflib=1 dir=0 label=0 lowerbound=1 fileNameGp=../../cp2016-max-common-connected-subgraph-paper/datasets/graphsdb/mcs90/rand/r01/mcs90_r01_s50.A08 fileNameGt=../../cp2016-max-common-connected-subgraph-paper/datasets/graphsdb/mcs90/rand/r01/mcs90_r01_s50.B08
Reading graphs...
50 :  232
50 :  231
Initializing...
maxdom : 50
D->valSize : 2500
Solving...
currentSize : 17 <-- 0.142458 s
currentSize : 18 <-- 0.142557 s
currentSize : 19 <-- 0.143539 s
currentSize : 20 <-- 0.143566 s
currentSize : 21 <-- 0.373460 s
currentSize : 22 <-- 1.212310 s
currentSize : 23 <-- 28.723804 s
currentSize : 24 <-- 45.342140 s
currentSize : 25 <-- 47.409065 s
currentSize : 27 <-- 48.649879 s
currentSize : 30 <-- 183.888443 s
currentSize : 32 <-- 344.106873 s
currentSize : 35 <-- 482.677124 s
currentSize : 38 <-- 482.740906 s
currentSize : 45 <-- 507.020966 s

maxsize : 45
nodes : 58120275.000000
filtered : 2832185382.000000
time : 507.426666
