Parameters: GAD=1 vflib=1 dir=0 label=0 lowerbound=1 fileNameGp=../../cp2016-max-common-connected-subgraph-paper/datasets/graphsdb/mcs90/bvg/b03/mcs90_b03_s50.A03 fileNameGt=../../cp2016-max-common-connected-subgraph-paper/datasets/graphsdb/mcs90/bvg/b03/mcs90_b03_s50.B03
Reading graphs...
50 :  75
50 :  75
Initializing...
maxdom : 50
D->valSize : 2500
Solving...
currentSize : 34 <-- 0.098108 s
currentSize : 35 <-- 0.098131 s
currentSize : 36 <-- 0.098478 s
currentSize : 38 <-- 0.099041 s
currentSize : 39 <-- 0.099050 s
currentSize : 40 <-- 0.297258 s
currentSize : 41 <-- 0.659067 s
currentSize : 42 <-- 0.765789 s
currentSize : 43 <-- 1.760801 s
currentSize : 44 <-- 1.760825 s
currentSize : 45 <-- 7.007855 s
currentSize : 46 <-- 9.178792 s

maxsize : 46
nodes : 787682.000000
filtered : 37187667.000000
time : 9.582292
