Parameters: GAD=1 vflib=1 dir=0 label=0 lowerbound=1 fileNameGp=../../cp2016-max-common-connected-subgraph-paper/datasets/graphsdb/mcs90/rand/r02/mcs90_r02_s35.A08 fileNameGt=../../cp2016-max-common-connected-subgraph-paper/datasets/graphsdb/mcs90/rand/r02/mcs90_r02_s35.B08
Reading graphs...
35 :  217
35 :  215
Initializing...
maxdom : 35
D->valSize : 1225
Solving...
currentSize : 12 <-- 0.017104 s
currentSize : 13 <-- 0.029487 s
currentSize : 14 <-- 0.083874 s
currentSize : 15 <-- 7.226528 s
currentSize : 17 <-- 191.527237 s
currentSize : 18 <-- 199.507507 s
currentSize : 23 <-- 199.601761 s
currentSize : 31 <-- 199.602310 s

maxsize : 31
nodes : 45486362.000000
filtered : 537955159.000000
time : 199.694016
