Parameters: GAD=1 vflib=1 dir=0 label=0 lowerbound=1 fileNameGp=../../cp2016-max-common-connected-subgraph-paper/datasets/graphsdb/mcs90/bvg/b09/mcs90_b09_s40.A04 fileNameGt=../../cp2016-max-common-connected-subgraph-paper/datasets/graphsdb/mcs90/bvg/b09/mcs90_b09_s40.B04
Reading graphs...
40 :  179
40 :  180
Initializing...
maxdom : 40
D->valSize : 1600
Solving...
currentSize : 13 <-- 0.031140 s
currentSize : 14 <-- 0.031196 s
currentSize : 15 <-- 0.031296 s
currentSize : 16 <-- 0.031366 s
currentSize : 17 <-- 0.356355 s
currentSize : 18 <-- 0.539996 s
currentSize : 19 <-- 0.856948 s
currentSize : 21 <-- 1.321886 s
currentSize : 22 <-- 1.356573 s
currentSize : 23 <-- 1.356777 s
currentSize : 24 <-- 1.455821 s
currentSize : 25 <-- 1.463354 s
currentSize : 26 <-- 1.464218 s
currentSize : 27 <-- 1.467718 s
currentSize : 28 <-- 1.469968 s
currentSize : 30 <-- 1.470482 s
currentSize : 32 <-- 1.480776 s
currentSize : 36 <-- 1.484746 s

maxsize : 36
nodes : 337971.000000
filtered : 7357836.000000
time : 1.844730
