Parameters: GAD=1 vflib=1 dir=0 label=0 lowerbound=1 fileNameGp=../../cp2016-max-common-connected-subgraph-paper/datasets/graphsdb/mcs90/rand/r02/mcs90_r02_s50.A06 fileNameGt=../../cp2016-max-common-connected-subgraph-paper/datasets/graphsdb/mcs90/rand/r02/mcs90_r02_s50.B06
Reading graphs...
50 :  444
50 :  446
Initializing...
maxdom : 50
D->valSize : 2500
Solving...
currentSize : 11 <-- 0.075101 s
currentSize : 12 <-- 0.075355 s
currentSize : 13 <-- 0.075469 s
currentSize : 14 <-- 0.138667 s
currentSize : 15 <-- 0.651233 s
currentSize : 16 <-- 30.476641 s
currentSize : 17 <-- 152.829956 s

TIMEOUT
maxsize : 17
nodes : 194001433.000000
filtered : 1986812173.000000
time : 1000.000061
