Parameters: GAD=1 vflib=1 dir=0 label=0 lowerbound=1 fileNameGp=../../cp2016-max-common-connected-subgraph-paper/datasets/graphsdb/mcs90/rand/r02/mcs90_r02_s40.A08 fileNameGt=../../cp2016-max-common-connected-subgraph-paper/datasets/graphsdb/mcs90/rand/r02/mcs90_r02_s40.B08
Reading graphs...
40 :  280
40 :  283
Initializing...
maxdom : 40
D->valSize : 1600
Solving...
currentSize : 11 <-- 0.029245 s
currentSize : 12 <-- 0.029285 s
currentSize : 13 <-- 0.029739 s
currentSize : 14 <-- 0.037461 s
currentSize : 15 <-- 4.150222 s
currentSize : 16 <-- 100.703041 s
currentSize : 18 <-- 103.686203 s
currentSize : 21 <-- 128.616989 s
currentSize : 22 <-- 312.398132 s
currentSize : 25 <-- 314.534851 s
currentSize : 36 <-- 314.540283 s

maxsize : 36
nodes : 60381694.000000
filtered : 1010930065.000000
time : 314.773743
