Parameters: GAD=1 vflib=1 dir=0 label=0 lowerbound=1 fileNameGp=../../cp2016-max-common-connected-subgraph-paper/datasets/graphsdb/mcs90/bvg/b06/mcs90_b06_s40.A03 fileNameGt=../../cp2016-max-common-connected-subgraph-paper/datasets/graphsdb/mcs90/bvg/b06/mcs90_b06_s40.B03
Reading graphs...
40 :  120
40 :  120
Initializing...
maxdom : 40
D->valSize : 1600
Solving...
currentSize : 23 <-- 0.033507 s
currentSize : 24 <-- 0.033570 s
currentSize : 25 <-- 0.033701 s
currentSize : 27 <-- 0.033940 s
currentSize : 28 <-- 0.044222 s
currentSize : 30 <-- 0.045881 s
currentSize : 31 <-- 0.046104 s
currentSize : 32 <-- 0.046710 s
currentSize : 34 <-- 0.050514 s
currentSize : 36 <-- 0.075370 s
currentSize : 37 <-- 0.365875 s

maxsize : 37
nodes : 46539.000000
filtered : 1860270.000000
time : 0.429129
