Parameters: GAD=1 vflib=1 dir=0 label=0 lowerbound=1 fileNameGp=../../cp2016-max-common-connected-subgraph-paper/datasets/graphsdb/mcs90/bvg/b03m/mcs90_b03m_s30.A05 fileNameGt=../../cp2016-max-common-connected-subgraph-paper/datasets/graphsdb/mcs90/bvg/b03m/mcs90_b03m_s30.B05
Reading graphs...
30 :  45
30 :  45
Initializing...
maxdom : 30
D->valSize : 900
Solving...
currentSize : 13 <-- 0.019357 s
currentSize : 15 <-- 0.019401 s
currentSize : 16 <-- 0.024313 s
currentSize : 17 <-- 0.036663 s
currentSize : 18 <-- 0.044542 s
currentSize : 19 <-- 0.052421 s
currentSize : 20 <-- 0.156994 s
currentSize : 21 <-- 0.157340 s
currentSize : 22 <-- 1.529251 s
currentSize : 23 <-- 1.601269 s
currentSize : 24 <-- 1.616078 s
currentSize : 26 <-- 1.627990 s

maxsize : 26
nodes : 456008.000000
filtered : 6042300.000000
time : 1.729191
