Parameters: GAD=1 vflib=1 dir=0 label=0 lowerbound=1 fileNameGp=../../cp2016-max-common-connected-subgraph-paper/datasets/graphsdb/mcs90/bvg/b06m/mcs90_b06m_s40.A06 fileNameGt=../../cp2016-max-common-connected-subgraph-paper/datasets/graphsdb/mcs90/bvg/b06m/mcs90_b06m_s40.B06
Reading graphs...
40 :  117
40 :  117
Initializing...
maxdom : 40
D->valSize : 1600
Solving...
currentSize : 16 <-- 0.033623 s
currentSize : 17 <-- 0.044005 s
currentSize : 18 <-- 0.118167 s
currentSize : 19 <-- 0.135151 s
currentSize : 20 <-- 0.266045 s
currentSize : 21 <-- 0.266666 s
currentSize : 22 <-- 0.805493 s
currentSize : 23 <-- 2.412571 s
currentSize : 24 <-- 474.545990 s
currentSize : 25 <-- 777.822510 s
currentSize : 26 <-- 826.832764 s
currentSize : 27 <-- 829.310059 s
currentSize : 28 <-- 829.379639 s
currentSize : 29 <-- 829.427185 s
currentSize : 31 <-- 829.436584 s
currentSize : 36 <-- 829.448425 s

maxsize : 36
nodes : 132037966.000000
filtered : 4103070083.000000
time : 829.568054
