Parameters: GAD=1 vflib=1 dir=0 label=0 lowerbound=1 fileNameGp=../../cp2016-max-common-connected-subgraph-paper/datasets/graphsdb/mcs90/bvg/b06m/mcs90_b06m_s50.A01 fileNameGt=../../cp2016-max-common-connected-subgraph-paper/datasets/graphsdb/mcs90/bvg/b06m/mcs90_b06m_s50.B01
Reading graphs...
50 :  147
50 :  147
Initializing...
maxdom : 50
D->valSize : 2500
Solving...
currentSize : 21 <-- 0.115031 s
currentSize : 22 <-- 0.115590 s
currentSize : 23 <-- 0.117033 s
currentSize : 24 <-- 0.457609 s
currentSize : 25 <-- 4.070354 s
currentSize : 26 <-- 59.290623 s
currentSize : 27 <-- 117.173080 s

TIMEOUT
maxsize : 27
nodes : 168109646.000000
filtered : 3859383914.000000
time : 1000.000061
