Parameters: GAD=1 vflib=1 dir=0 label=0 lowerbound=1 fileNameGp=../../cp2016-max-common-connected-subgraph-paper/datasets/graphsdb/mcs90/m3D/m3Dr4/mcs90_m3Dr4_s30.A01 fileNameGt=../../cp2016-max-common-connected-subgraph-paper/datasets/graphsdb/mcs90/m3D/m3Dr4/mcs90_m3Dr4_s30.B01
Reading graphs...
30 :  71
30 :  72
Initializing...
maxdom : 30
D->valSize : 900
Solving...
currentSize : 15 <-- 0.018522 s
currentSize : 16 <-- 0.018648 s
currentSize : 17 <-- 0.018860 s
currentSize : 18 <-- 0.370081 s
currentSize : 20 <-- 2.635538 s
currentSize : 21 <-- 4.050588 s
currentSize : 22 <-- 4.108268 s
currentSize : 23 <-- 6.782752 s
currentSize : 24 <-- 6.784586 s
currentSize : 25 <-- 6.982050 s
currentSize : 27 <-- 6.982093 s

maxsize : 27
nodes : 1409272.000000
filtered : 32605379.000000
time : 7.005755
