Parameters: GAD=1 vflib=1 dir=0 label=0 lowerbound=1 fileNameGp=../../cp2016-max-common-connected-subgraph-paper/datasets/graphsdb/mcs90/m2D/m2Dr4/mcs90_m2Dr4_s40.A02 fileNameGt=../../cp2016-max-common-connected-subgraph-paper/datasets/graphsdb/mcs90/m2D/m2Dr4/mcs90_m2Dr4_s40.B02
Reading graphs...
40 :  83
40 :  83
Initializing...
maxdom : 40
D->valSize : 1600
Solving...
currentSize : 21 <-- 0.035041 s
currentSize : 22 <-- 0.035211 s
currentSize : 23 <-- 0.039716 s
currentSize : 24 <-- 3.860456 s
currentSize : 25 <-- 46.951656 s
currentSize : 26 <-- 48.578072 s
currentSize : 27 <-- 121.641296 s

TIMEOUT
maxsize : 27
nodes : 152939137.000000
filtered : 4799323784.000000
time : 1000.000061
