Parameters: GAD=1 vflib=1 dir=0 label=0 lowerbound=1 fileNameGp=../../cp2016-max-common-connected-subgraph-paper/datasets/graphsdb/mcs90/bvg/b06m/mcs90_b06m_s25.A02 fileNameGt=../../cp2016-max-common-connected-subgraph-paper/datasets/graphsdb/mcs90/bvg/b06m/mcs90_b06m_s25.B02
Reading graphs...
25 :  74
25 :  74
Initializing...
maxdom : 25
D->valSize : 625
Solving...
currentSize : 9 <-- 0.004699 s
currentSize : 10 <-- 0.004728 s
currentSize : 11 <-- 0.004777 s
currentSize : 12 <-- 0.006133 s
currentSize : 14 <-- 0.034800 s
currentSize : 15 <-- 0.114499 s
currentSize : 16 <-- 0.335432 s
currentSize : 17 <-- 0.489720 s
currentSize : 20 <-- 0.525112 s
currentSize : 22 <-- 0.550831 s

maxsize : 22
nodes : 129488.000000
filtered : 2547938.000000
time : 0.557598
