Parameters: GAD=1 vflib=1 dir=0 label=0 lowerbound=1 fileNameGp=../../cp2016-max-common-connected-subgraph-paper/datasets/graphsdb/mcs90/bvg/b09/mcs90_b09_s35.A04 fileNameGt=../../cp2016-max-common-connected-subgraph-paper/datasets/graphsdb/mcs90/bvg/b09/mcs90_b09_s35.B04
Reading graphs...
35 :  156
35 :  157
Initializing...
maxdom : 35
D->valSize : 1225
Solving...
currentSize : 13 <-- 0.031297 s
currentSize : 15 <-- 0.031409 s
currentSize : 16 <-- 0.031557 s
currentSize : 17 <-- 0.054819 s
currentSize : 18 <-- 0.057478 s
currentSize : 19 <-- 0.074707 s
currentSize : 20 <-- 0.093299 s
currentSize : 21 <-- 0.097599 s
currentSize : 23 <-- 0.114217 s
currentSize : 24 <-- 0.120025 s
currentSize : 25 <-- 0.125995 s
currentSize : 26 <-- 0.148058 s
currentSize : 30 <-- 0.194388 s

maxsize : 30
nodes : 76843.000000
filtered : 4408580.000000
time : 0.668106
