Parameters: GAD=1 vflib=1 dir=0 label=0 lowerbound=1 fileNameGp=../../cp2016-max-common-connected-subgraph-paper/datasets/graphsdb/mcs90/rand/r02/mcs90_r02_s20.A08 fileNameGt=../../cp2016-max-common-connected-subgraph-paper/datasets/graphsdb/mcs90/rand/r02/mcs90_r02_s20.B08
Reading graphs...
20 :  67
20 :  70
Initializing...
maxdom : 20
D->valSize : 400
Solving...
currentSize : 7 <-- 0.002080 s
currentSize : 8 <-- 0.002099 s
currentSize : 9 <-- 0.002119 s
currentSize : 10 <-- 0.002202 s
currentSize : 11 <-- 0.012152 s
currentSize : 12 <-- 0.053911 s
currentSize : 13 <-- 0.222292 s
currentSize : 15 <-- 0.264548 s
currentSize : 18 <-- 0.264761 s

maxsize : 18
nodes : 78078.000000
filtered : 962254.000000
time : 0.265493
