Parameters: GAD=1 vflib=1 dir=0 label=0 lowerbound=1 fileNameGp=../../cp2016-max-common-connected-subgraph-paper/datasets/graphsdb/mcs90/bvg/b09m/mcs90_b09m_s25.A03 fileNameGt=../../cp2016-max-common-connected-subgraph-paper/datasets/graphsdb/mcs90/bvg/b09m/mcs90_b09m_s25.B03
Reading graphs...
25 :  111
25 :  111
Initializing...
maxdom : 25
D->valSize : 625
Solving...
currentSize : 10 <-- 0.007727 s
currentSize : 11 <-- 0.007787 s
currentSize : 12 <-- 0.017020 s
currentSize : 13 <-- 0.193701 s
currentSize : 14 <-- 0.293001 s
currentSize : 15 <-- 0.574425 s
currentSize : 16 <-- 0.817594 s
currentSize : 22 <-- 1.045203 s

maxsize : 22
nodes : 260052.000000
filtered : 4011180.000000
time : 1.056094
