Parameters: GAD=1 vflib=1 dir=0 label=0 lowerbound=1 fileNameGp=../../cp2016-max-common-connected-subgraph-paper/datasets/graphsdb/mcs90/m2D/m2Dr4/mcs90_m2Dr4_s40.A09 fileNameGt=../../cp2016-max-common-connected-subgraph-paper/datasets/graphsdb/mcs90/m2D/m2Dr4/mcs90_m2Dr4_s40.B09
Reading graphs...
40 :  83
40 :  82
Initializing...
maxdom : 40
D->valSize : 1600
Solving...
currentSize : 19 <-- 0.058724 s
currentSize : 20 <-- 0.058745 s
currentSize : 21 <-- 0.058824 s
currentSize : 22 <-- 0.058936 s
currentSize : 23 <-- 0.062003 s
currentSize : 24 <-- 0.062824 s
currentSize : 25 <-- 0.337582 s
currentSize : 26 <-- 6.913250 s
currentSize : 27 <-- 74.303513 s
currentSize : 28 <-- 99.773857 s
currentSize : 29 <-- 104.663933 s
currentSize : 31 <-- 124.178963 s
currentSize : 33 <-- 138.842911 s
currentSize : 36 <-- 141.417374 s

maxsize : 36
nodes : 21375698.000000
filtered : 675708581.000000
time : 141.555466
