Parameters: GAD=1 vflib=1 dir=0 label=0 lowerbound=1 fileNameGp=../../cp2016-max-common-connected-subgraph-paper/datasets/graphsdb/mcs90/rand/r005/mcs90_r005_s35.A09 fileNameGt=../../cp2016-max-common-connected-subgraph-paper/datasets/graphsdb/mcs90/rand/r005/mcs90_r005_s35.B09
Reading graphs...
35 :  58
35 :  57
Initializing...
maxdom : 35
D->valSize : 1225
Solving...
currentSize : 14 <-- 0.020440 s
currentSize : 15 <-- 0.020532 s
currentSize : 17 <-- 0.020547 s
currentSize : 18 <-- 0.022265 s
currentSize : 19 <-- 0.050371 s
currentSize : 20 <-- 0.055105 s
currentSize : 21 <-- 0.130681 s
currentSize : 22 <-- 0.191812 s
currentSize : 23 <-- 0.296194 s
currentSize : 24 <-- 0.308492 s
currentSize : 25 <-- 5.313388 s
currentSize : 29 <-- 5.314067 s
currentSize : 31 <-- 5.314170 s

maxsize : 31
nodes : 1114143.000000
filtered : 22662118.000000
time : 5.440396
