Parameters: GAD=1 vflib=1 dir=0 label=0 lowerbound=1 fileNameGp=../../cp2016-max-common-connected-subgraph-paper/datasets/graphsdb/mcs90/m2D/m2Dr2/mcs90_m2Dr2_s50.A03 fileNameGt=../../cp2016-max-common-connected-subgraph-paper/datasets/graphsdb/mcs90/m2D/m2Dr2/mcs90_m2Dr2_s50.B03
Reading graphs...
50 :  94
50 :  92
Initializing...
maxdom : 50
D->valSize : 2500
Solving...
currentSize : 28 <-- 0.167520 s
currentSize : 29 <-- 0.167672 s
currentSize : 30 <-- 0.174135 s
currentSize : 31 <-- 0.178986 s
currentSize : 32 <-- 0.493213 s
currentSize : 33 <-- 0.525599 s
currentSize : 35 <-- 2.480768 s
currentSize : 36 <-- 2.874311 s
currentSize : 37 <-- 3.091688 s
currentSize : 38 <-- 3.103500 s
currentSize : 39 <-- 3.208971 s
currentSize : 40 <-- 3.213251 s
currentSize : 41 <-- 5.131435 s
currentSize : 42 <-- 5.135468 s
currentSize : 43 <-- 5.136101 s
currentSize : 44 <-- 5.610114 s
currentSize : 45 <-- 6.574188 s
currentSize : 46 <-- 6.580525 s
currentSize : 49 <-- 6.585755 s

maxsize : 49
nodes : 793853.000000
filtered : 27153432.000000
time : 6.588345
