Parameters: GAD=1 vflib=1 dir=0 label=0 lowerbound=1 fileNameGp=../../cp2016-max-common-connected-subgraph-paper/datasets/graphsdb/mcs90/rand/r01/mcs90_r01_s25.A05 fileNameGt=../../cp2016-max-common-connected-subgraph-paper/datasets/graphsdb/mcs90/rand/r01/mcs90_r01_s25.B05
Reading graphs...
25 :  58
25 :  59
Initializing...
maxdom : 25
D->valSize : 625
Solving...
currentSize : 10 <-- 0.004875 s
currentSize : 11 <-- 0.004902 s
currentSize : 12 <-- 0.005292 s
currentSize : 13 <-- 0.007833 s
currentSize : 14 <-- 0.008559 s
currentSize : 15 <-- 0.012967 s
currentSize : 16 <-- 0.013106 s
currentSize : 20 <-- 0.015958 s
currentSize : 22 <-- 0.015991 s

maxsize : 22
nodes : 5499.000000
filtered : 130803.000000
time : 0.028963
