Parameters: GAD=1 vflib=1 dir=0 label=0 lowerbound=1 fileNameGp=../../cp2016-max-common-connected-subgraph-paper/datasets/graphsdb/mcs90/bvg/b03/mcs90_b03_s30.A02 fileNameGt=../../cp2016-max-common-connected-subgraph-paper/datasets/graphsdb/mcs90/bvg/b03/mcs90_b03_s30.B02
Reading graphs...
30 :  45
30 :  45
Initializing...
maxdom : 30
D->valSize : 900
Solving...
currentSize : 14 <-- 0.011964 s
currentSize : 18 <-- 0.011996 s
currentSize : 19 <-- 0.012014 s
currentSize : 20 <-- 0.012521 s
currentSize : 21 <-- 0.013834 s
currentSize : 22 <-- 0.014521 s
currentSize : 23 <-- 0.016068 s
currentSize : 24 <-- 0.037590 s
currentSize : 26 <-- 0.081486 s
currentSize : 27 <-- 0.225843 s

maxsize : 27
nodes : 53751.000000
filtered : 1167474.000000
time : 0.266234
