Parameters: GAD=1 vflib=1 dir=0 label=0 lowerbound=1 fileNameGp=../../cp2016-max-common-connected-subgraph-paper/datasets/graphsdb/mcs90/rand/r02/mcs90_r02_s30.A09 fileNameGt=../../cp2016-max-common-connected-subgraph-paper/datasets/graphsdb/mcs90/rand/r02/mcs90_r02_s30.B09
Reading graphs...
30 :  154
30 :  155
Initializing...
maxdom : 30
D->valSize : 900
Solving...
currentSize : 11 <-- 0.016427 s
currentSize : 12 <-- 0.016469 s
currentSize : 13 <-- 0.050087 s
currentSize : 14 <-- 0.395607 s
currentSize : 16 <-- 1.174420 s
currentSize : 17 <-- 1.174525 s
currentSize : 19 <-- 1.177899 s
currentSize : 20 <-- 2.126532 s
currentSize : 27 <-- 2.133991 s

maxsize : 27
nodes : 439727.000000
filtered : 8290716.000000
time : 2.148258
