Parameters: GAD=1 vflib=1 dir=0 label=0 lowerbound=1 fileNameGp=../../cp2016-max-common-connected-subgraph-paper/datasets/graphsdb/mcs90/m4D/m4Dr6/mcs90_m4Dr6_s20.A08 fileNameGt=../../cp2016-max-common-connected-subgraph-paper/datasets/graphsdb/mcs90/m4D/m4Dr6/mcs90_m4Dr6_s20.B08
Reading graphs...
20 :  48
20 :  46
Initializing...
maxdom : 20
D->valSize : 400
Solving...
currentSize : 7 <-- 0.002038 s
currentSize : 8 <-- 0.002052 s
currentSize : 9 <-- 0.002076 s
currentSize : 10 <-- 0.002081 s
currentSize : 11 <-- 0.002619 s
currentSize : 12 <-- 0.006334 s
currentSize : 13 <-- 0.043272 s
currentSize : 14 <-- 0.074170 s
currentSize : 16 <-- 0.074734 s

maxsize : 16
nodes : 24706.000000
filtered : 372838.000000
time : 0.086190
