Parameters: GAD=1 vflib=1 dir=0 label=0 lowerbound=1 fileNameGp=../../cp2016-max-common-connected-subgraph-paper/datasets/graphsdb/mcs90/bvg/b09/mcs90_b09_s35.A03 fileNameGt=../../cp2016-max-common-connected-subgraph-paper/datasets/graphsdb/mcs90/bvg/b09/mcs90_b09_s35.B03
Reading graphs...
35 :  157
35 :  157
Initializing...
maxdom : 35
D->valSize : 1225
Solving...
currentSize : 16 <-- 0.018147 s
currentSize : 17 <-- 0.018265 s
currentSize : 18 <-- 0.018973 s
currentSize : 20 <-- 0.019025 s
currentSize : 22 <-- 0.022030 s
currentSize : 24 <-- 0.030318 s
currentSize : 26 <-- 0.032354 s
currentSize : 30 <-- 0.097366 s

maxsize : 30
nodes : 74149.000000
filtered : 4286993.000000
time : 0.600943
