Parameters: GAD=1 vflib=1 dir=0 label=0 lowerbound=1 fileNameGp=../../cp2016-max-common-connected-subgraph-paper/datasets/graphsdb/mcs90/bvg/b06/mcs90_b06_s25.A02 fileNameGt=../../cp2016-max-common-connected-subgraph-paper/datasets/graphsdb/mcs90/bvg/b06/mcs90_b06_s25.B02
Reading graphs...
25 :  75
25 :  75
Initializing...
maxdom : 25
D->valSize : 625
Solving...
currentSize : 11 <-- 0.004732 s
currentSize : 13 <-- 0.004793 s
currentSize : 14 <-- 0.004927 s
currentSize : 15 <-- 0.005133 s
currentSize : 16 <-- 0.005940 s
currentSize : 17 <-- 0.006211 s
currentSize : 18 <-- 0.007362 s
currentSize : 19 <-- 0.007948 s
currentSize : 20 <-- 0.008855 s
currentSize : 22 <-- 0.009646 s

maxsize : 22
nodes : 3079.000000
filtered : 93590.000000
time : 0.019761
