Parameters: GAD=1 vflib=1 dir=0 label=0 lowerbound=1 fileNameGp=../../cp2016-max-common-connected-subgraph-paper/datasets/graphsdb/mcs90/m3D/m3Dr4/mcs90_m3Dr4_s30.A05 fileNameGt=../../cp2016-max-common-connected-subgraph-paper/datasets/graphsdb/mcs90/m3D/m3Dr4/mcs90_m3Dr4_s30.B05
Reading graphs...
30 :  73
30 :  73
Initializing...
maxdom : 30
D->valSize : 900
Solving...
currentSize : 14 <-- 0.018216 s
currentSize : 16 <-- 0.018315 s
currentSize : 17 <-- 0.018507 s
currentSize : 18 <-- 0.036976 s
currentSize : 19 <-- 1.007807 s
currentSize : 20 <-- 1.024474 s
currentSize : 22 <-- 3.542968 s
currentSize : 23 <-- 7.346793 s
currentSize : 27 <-- 7.355740 s

maxsize : 27
nodes : 1407746.000000
filtered : 36085012.000000
time : 7.385659
