Parameters: GAD=1 vflib=1 dir=0 label=0 lowerbound=1 fileNameGp=../../cp2016-max-common-connected-subgraph-paper/datasets/graphsdb/mcs90/rand/r005/mcs90_r005_s50.A07 fileNameGt=../../cp2016-max-common-connected-subgraph-paper/datasets/graphsdb/mcs90/rand/r005/mcs90_r005_s50.B07
Reading graphs...
50 :  119
50 :  119
Initializing...
maxdom : 50
D->valSize : 2500
Solving...
currentSize : 17 <-- 0.093097 s
currentSize : 20 <-- 0.093229 s
currentSize : 21 <-- 0.095624 s
currentSize : 22 <-- 0.095746 s
currentSize : 23 <-- 0.138283 s
currentSize : 24 <-- 0.139483 s
currentSize : 25 <-- 1.149829 s
currentSize : 26 <-- 6.173000 s
currentSize : 27 <-- 26.766624 s
currentSize : 28 <-- 186.016815 s
currentSize : 29 <-- 303.370758 s

TIMEOUT
maxsize : 29
nodes : 168091233.000000
filtered : 3089919178.000000
time : 1000.000061
