Parameters: GAD=1 vflib=1 dir=0 label=0 lowerbound=1 fileNameGp=../../cp2016-max-common-connected-subgraph-paper/datasets/graphsdb/mcs90/m2D/m2Dr2/mcs90_m2Dr2_s40.A00 fileNameGt=../../cp2016-max-common-connected-subgraph-paper/datasets/graphsdb/mcs90/m2D/m2Dr2/mcs90_m2Dr2_s40.B00
Reading graphs...
40 :  75
40 :  74
Initializing...
maxdom : 40
D->valSize : 1600
Solving...
currentSize : 20 <-- 0.035647 s
currentSize : 22 <-- 0.035670 s
currentSize : 23 <-- 0.035759 s
currentSize : 24 <-- 0.039467 s
currentSize : 25 <-- 0.221675 s
currentSize : 26 <-- 7.951294 s
currentSize : 27 <-- 17.479280 s
currentSize : 28 <-- 49.265839 s
currentSize : 29 <-- 73.150185 s
currentSize : 30 <-- 172.449936 s
currentSize : 31 <-- 172.450150 s
currentSize : 32 <-- 172.595566 s
currentSize : 33 <-- 172.600922 s
currentSize : 37 <-- 172.769241 s

maxsize : 37
nodes : 27033983.000000
filtered : 781415304.000000
time : 172.885040
