Parameters: GAD=1 vflib=1 dir=0 label=0 lowerbound=1 fileNameGp=../../cp2016-max-common-connected-subgraph-paper/datasets/graphsdb/mcs90/m2D/m2Dr6/mcs90_m2Dr6_s40.A06 fileNameGt=../../cp2016-max-common-connected-subgraph-paper/datasets/graphsdb/mcs90/m2D/m2Dr6/mcs90_m2Dr6_s40.B06
Reading graphs...
40 :  91
40 :  90
Initializing...
maxdom : 40
D->valSize : 1600
Solving...
currentSize : 13 <-- 0.050203 s
currentSize : 18 <-- 0.050243 s
currentSize : 19 <-- 0.050840 s
currentSize : 21 <-- 0.052219 s
currentSize : 22 <-- 0.082438 s
currentSize : 23 <-- 0.123732 s
currentSize : 24 <-- 0.434319 s
currentSize : 25 <-- 196.211548 s
currentSize : 26 <-- 701.279724 s
currentSize : 27 <-- 987.741638 s

TIMEOUT
maxsize : 27
nodes : 162115005.000000
filtered : 4475102852.000000
time : 1000.000061
