Parameters: GAD=1 vflib=1 dir=0 label=0 lowerbound=1 fileNameGp=../../cp2016-max-common-connected-subgraph-paper/datasets/graphsdb/mcs90/m3D/m3Dr6/mcs90_m3Dr6_s30.A00 fileNameGt=../../cp2016-max-common-connected-subgraph-paper/datasets/graphsdb/mcs90/m3D/m3Dr6/mcs90_m3Dr6_s30.B00
Reading graphs...
30 :  77
30 :  76
Initializing...
maxdom : 30
D->valSize : 900
Solving...
currentSize : 14 <-- 0.011286 s
currentSize : 16 <-- 0.015072 s
currentSize : 17 <-- 0.137230 s
currentSize : 18 <-- 0.498240 s
currentSize : 19 <-- 4.224746 s
currentSize : 21 <-- 11.520596 s
currentSize : 22 <-- 11.776421 s
currentSize : 23 <-- 12.301448 s
currentSize : 25 <-- 13.452811 s
currentSize : 27 <-- 13.462442 s

maxsize : 27
nodes : 2797245.000000
filtered : 59659157.000000
time : 13.473671
