Parameters: GAD=1 vflib=1 dir=0 label=0 lowerbound=1 fileNameGp=../../cp2016-max-common-connected-subgraph-paper/datasets/graphsdb/mcs90/bvg/b06m/mcs90_b06m_s30.A06 fileNameGt=../../cp2016-max-common-connected-subgraph-paper/datasets/graphsdb/mcs90/bvg/b06m/mcs90_b06m_s30.B06
Reading graphs...
30 :  88
30 :  88
Initializing...
maxdom : 30
D->valSize : 900
Solving...
currentSize : 13 <-- 0.010053 s
currentSize : 14 <-- 0.011069 s
currentSize : 15 <-- 0.011991 s
currentSize : 16 <-- 0.016611 s
currentSize : 17 <-- 0.027359 s
currentSize : 18 <-- 0.386886 s
currentSize : 19 <-- 2.997138 s
currentSize : 20 <-- 3.991433 s
currentSize : 21 <-- 3.991481 s
currentSize : 22 <-- 4.003337 s
currentSize : 23 <-- 4.009919 s
currentSize : 27 <-- 4.011154 s

maxsize : 27
nodes : 776220.000000
filtered : 20146574.000000
time : 4.034311
