Parameters: GAD=1 vflib=1 dir=0 label=0 lowerbound=1 fileNameGp=../../cp2016-max-common-connected-subgraph-paper/datasets/graphsdb/mcs90/bvg/b06/mcs90_b06_s25.A00 fileNameGt=../../cp2016-max-common-connected-subgraph-paper/datasets/graphsdb/mcs90/bvg/b06/mcs90_b06_s25.B00
Reading graphs...
25 :  75
25 :  75
Initializing...
maxdom : 25
D->valSize : 625
Solving...
currentSize : 13 <-- 0.005090 s
currentSize : 14 <-- 0.005129 s
currentSize : 15 <-- 0.005304 s
currentSize : 17 <-- 0.005369 s
currentSize : 18 <-- 0.005493 s
currentSize : 19 <-- 0.005670 s
currentSize : 20 <-- 0.005691 s
currentSize : 21 <-- 0.007374 s
currentSize : 22 <-- 0.007413 s

maxsize : 22
nodes : 7904.000000
filtered : 218053.000000
time : 0.054928
