Parameters: GAD=1 vflib=1 dir=0 label=0 lowerbound=1 fileNameGp=../../cp2016-max-common-connected-subgraph-paper/datasets/graphsdb/mcs90/m2D/m2D/mcs90_m2D_s40.A06 fileNameGt=../../cp2016-max-common-connected-subgraph-paper/datasets/graphsdb/mcs90/m2D/m2D/mcs90_m2D_s40.B06
Reading graphs...
40 :  67
40 :  67
Initializing...
maxdom : 40
D->valSize : 1600
Solving...
currentSize : 28 <-- 0.036060 s
currentSize : 29 <-- 0.036180 s
currentSize : 30 <-- 0.081999 s
currentSize : 31 <-- 0.084691 s
currentSize : 32 <-- 3.441065 s
currentSize : 33 <-- 3.707211 s
currentSize : 35 <-- 3.739657 s
currentSize : 36 <-- 3.739681 s

maxsize : 36
nodes : 666466.000000
filtered : 19715723.000000
time : 4.348774
