Parameters: GAD=1 vflib=1 dir=0 label=0 lowerbound=1 fileNameGp=../../cp2016-max-common-connected-subgraph-paper/datasets/graphsdb/mcs90/m2D/m2D/mcs90_m2D_s50.A05 fileNameGt=../../cp2016-max-common-connected-subgraph-paper/datasets/graphsdb/mcs90/m2D/m2D/mcs90_m2D_s50.B05
Reading graphs...
50 :  85
50 :  85
Initializing...
maxdom : 50
D->valSize : 2500
Solving...
currentSize : 30 <-- 0.170637 s
currentSize : 31 <-- 0.171596 s
currentSize : 32 <-- 0.177133 s
currentSize : 33 <-- 0.177177 s
currentSize : 34 <-- 0.210489 s
currentSize : 35 <-- 0.266184 s
currentSize : 36 <-- 0.557732 s
currentSize : 37 <-- 1.328072 s
currentSize : 38 <-- 16.886475 s
currentSize : 39 <-- 82.540337 s
currentSize : 41 <-- 113.833443 s
currentSize : 42 <-- 147.333221 s
currentSize : 43 <-- 147.339050 s
currentSize : 44 <-- 147.341141 s
currentSize : 45 <-- 147.343140 s
currentSize : 46 <-- 147.393082 s
currentSize : 47 <-- 147.891357 s
currentSize : 49 <-- 147.892181 s

maxsize : 49
nodes : 16864086.000000
filtered : 562355547.000000
time : 147.893433
