Parameters: GAD=1 vflib=1 dir=0 label=0 lowerbound=1 fileNameGp=../../cp2016-max-common-connected-subgraph-paper/datasets/graphsdb/mcs90/bvg/b09m/mcs90_b09m_s30.A00 fileNameGt=../../cp2016-max-common-connected-subgraph-paper/datasets/graphsdb/mcs90/bvg/b09m/mcs90_b09m_s30.B00
Reading graphs...
30 :  128
30 :  129
Initializing...
maxdom : 30
D->valSize : 900
Solving...
currentSize : 10 <-- 0.016703 s
currentSize : 11 <-- 0.016785 s
currentSize : 12 <-- 0.018655 s
currentSize : 13 <-- 0.025847 s
currentSize : 14 <-- 0.154859 s
currentSize : 15 <-- 1.341708 s
currentSize : 18 <-- 1.342309 s
currentSize : 26 <-- 5.929608 s

maxsize : 26
nodes : 1216213.000000
filtered : 25725064.000000
time : 5.996269
