Parameters: GAD=1 vflib=1 dir=0 label=0 lowerbound=1 fileNameGp=../../cp2016-max-common-connected-subgraph-paper/datasets/graphsdb/mcs90/bvg/b09m/mcs90_b09m_s50.A04 fileNameGt=../../cp2016-max-common-connected-subgraph-paper/datasets/graphsdb/mcs90/bvg/b09m/mcs90_b09m_s50.B04
Reading graphs...
50 :  224
50 :  224
Initializing...
maxdom : 50
D->valSize : 2500
Solving...
currentSize : 18 <-- 0.084958 s
currentSize : 19 <-- 0.093346 s
currentSize : 20 <-- 0.284733 s
currentSize : 21 <-- 0.910045 s
currentSize : 22 <-- 0.912803 s
currentSize : 23 <-- 316.225525 s
currentSize : 24 <-- 935.580994 s

TIMEOUT
maxsize : 24
nodes : 167260051.000000
filtered : 3721146516.000000
time : 1000.000000
