Parameters: GAD=1 vflib=1 dir=0 label=0 lowerbound=1 fileNameGp=../../cp2016-max-common-connected-subgraph-paper/datasets/graphsdb/mcs90/bvg/b09m/mcs90_b09m_s30.A09 fileNameGt=../../cp2016-max-common-connected-subgraph-paper/datasets/graphsdb/mcs90/bvg/b09m/mcs90_b09m_s30.B09
Reading graphs...
30 :  131
30 :  132
Initializing...
maxdom : 30
D->valSize : 900
Solving...
currentSize : 11 <-- 0.009554 s
currentSize : 12 <-- 0.009757 s
currentSize : 13 <-- 0.010166 s
currentSize : 14 <-- 0.135647 s
currentSize : 15 <-- 4.017410 s
currentSize : 16 <-- 4.017766 s
currentSize : 18 <-- 7.888655 s
currentSize : 19 <-- 8.241193 s
currentSize : 20 <-- 8.241226 s
currentSize : 21 <-- 8.242658 s
currentSize : 26 <-- 8.765562 s

maxsize : 26
nodes : 2008239.000000
filtered : 33827585.000000
time : 8.818368
