Parameters: GAD=1 vflib=1 dir=0 label=0 lowerbound=1 fileNameGp=../../cp2016-max-common-connected-subgraph-paper/datasets/graphsdb/mcs90/rand/r01/mcs90_r01_s50.A05 fileNameGt=../../cp2016-max-common-connected-subgraph-paper/datasets/graphsdb/mcs90/rand/r01/mcs90_r01_s50.B05
Reading graphs...
50 :  231
50 :  228
Initializing...
maxdom : 50
D->valSize : 2500
Solving...
currentSize : 15 <-- 0.110610 s
currentSize : 16 <-- 0.111275 s
currentSize : 17 <-- 0.112975 s
currentSize : 18 <-- 0.113832 s
currentSize : 19 <-- 0.125690 s
currentSize : 20 <-- 0.464891 s
currentSize : 21 <-- 1.899269 s
currentSize : 22 <-- 15.275159 s

TIMEOUT
maxsize : 22
nodes : 174776783.000000
filtered : 3020731868.000000
time : 1000.000061
