Parameters: GAD=1 vflib=1 dir=0 label=0 lowerbound=1 fileNameGp=../../cp2016-max-common-connected-subgraph-paper/datasets/graphsdb/mcs90/m2D/m2D/mcs90_m2D_s40.A09 fileNameGt=../../cp2016-max-common-connected-subgraph-paper/datasets/graphsdb/mcs90/m2D/m2D/mcs90_m2D_s40.B09
Reading graphs...
40 :  67
40 :  67
Initializing...
maxdom : 40
D->valSize : 1600
Solving...
currentSize : 23 <-- 0.062628 s
currentSize : 24 <-- 0.062746 s
currentSize : 25 <-- 0.064537 s
currentSize : 26 <-- 0.064722 s
currentSize : 27 <-- 0.069535 s
currentSize : 28 <-- 0.083065 s
currentSize : 29 <-- 0.083149 s
currentSize : 30 <-- 4.165610 s
currentSize : 31 <-- 4.165633 s
currentSize : 32 <-- 21.878284 s
currentSize : 33 <-- 24.065256 s
currentSize : 36 <-- 24.067137 s

maxsize : 36
nodes : 3649007.000000
filtered : 114364466.000000
time : 24.682432
