Parameters: GAD=1 vflib=1 dir=0 label=0 lowerbound=1 fileNameGp=../../cp2016-max-common-connected-subgraph-paper/datasets/graphsdb/mcs90/rand/r02/mcs90_r02_s35.A07 fileNameGt=../../cp2016-max-common-connected-subgraph-paper/datasets/graphsdb/mcs90/rand/r02/mcs90_r02_s35.B07
Reading graphs...
35 :  219
35 :  222
Initializing...
maxdom : 35
D->valSize : 1225
Solving...
currentSize : 10 <-- 0.017009 s
currentSize : 11 <-- 0.017099 s
currentSize : 12 <-- 0.017995 s
currentSize : 13 <-- 0.034262 s
currentSize : 14 <-- 1.083721 s
currentSize : 15 <-- 7.009835 s
currentSize : 16 <-- 11.409149 s
currentSize : 19 <-- 97.222328 s
currentSize : 20 <-- 97.269592 s
currentSize : 23 <-- 97.276054 s
currentSize : 31 <-- 97.276222 s

maxsize : 31
nodes : 21321875.000000
filtered : 272309330.000000
time : 97.399368
