Parameters: GAD=1 vflib=1 dir=0 label=0 lowerbound=1 fileNameGp=../../cp2016-max-common-connected-subgraph-paper/datasets/graphsdb/mcs90/bvg/b09/mcs90_b09_s30.A05 fileNameGt=../../cp2016-max-common-connected-subgraph-paper/datasets/graphsdb/mcs90/bvg/b09/mcs90_b09_s30.B05
Reading graphs...
30 :  135
30 :  135
Initializing...
maxdom : 30
D->valSize : 900
Solving...
currentSize : 15 <-- 0.009579 s
currentSize : 16 <-- 0.009630 s
currentSize : 17 <-- 0.009789 s
currentSize : 18 <-- 0.011081 s
currentSize : 19 <-- 0.023677 s
currentSize : 20 <-- 0.023698 s
currentSize : 22 <-- 0.048440 s
currentSize : 26 <-- 0.050967 s
currentSize : 27 <-- 0.062967 s

maxsize : 27
nodes : 15771.000000
filtered : 676249.000000
time : 0.109937
