Parameters: GAD=1 vflib=1 dir=0 label=0 lowerbound=1 fileNameGp=../../cp2016-max-common-connected-subgraph-paper/datasets/graphsdb/mcs90/bvg/b09/mcs90_b09_s35.A06 fileNameGt=../../cp2016-max-common-connected-subgraph-paper/datasets/graphsdb/mcs90/bvg/b09/mcs90_b09_s35.B06
Reading graphs...
35 :  156
35 :  157
Initializing...
maxdom : 35
D->valSize : 1225
Solving...
currentSize : 13 <-- 0.031121 s
currentSize : 14 <-- 0.032443 s
currentSize : 15 <-- 0.033224 s
currentSize : 16 <-- 0.049194 s
currentSize : 17 <-- 1.011344 s
currentSize : 18 <-- 1.011729 s
currentSize : 19 <-- 1.012290 s
currentSize : 20 <-- 1.015623 s
currentSize : 21 <-- 1.025599 s
currentSize : 22 <-- 1.076027 s
currentSize : 23 <-- 1.157529 s
currentSize : 24 <-- 1.158112 s
currentSize : 27 <-- 1.158194 s
currentSize : 30 <-- 1.158301 s

maxsize : 30
nodes : 258444.000000
filtered : 7074073.000000
time : 1.621730
