Parameters: GAD=1 vflib=1 dir=0 label=0 lowerbound=1 fileNameGp=../../cp2016-max-common-connected-subgraph-paper/datasets/graphsdb/mcs90/m2D/m2Dr2/mcs90_m2Dr2_s40.A03 fileNameGt=../../cp2016-max-common-connected-subgraph-paper/datasets/graphsdb/mcs90/m2D/m2Dr2/mcs90_m2Dr2_s40.B03
Reading graphs...
40 :  75
40 :  74
Initializing...
maxdom : 40
D->valSize : 1600
Solving...
currentSize : 20 <-- 0.035528 s
currentSize : 23 <-- 0.035554 s
currentSize : 24 <-- 0.047029 s
currentSize : 25 <-- 0.068517 s
currentSize : 26 <-- 0.074088 s
currentSize : 27 <-- 0.120981 s
currentSize : 28 <-- 1.284091 s
currentSize : 29 <-- 1.284288 s
currentSize : 30 <-- 246.329575 s
currentSize : 31 <-- 261.606293 s
currentSize : 32 <-- 262.436890 s
currentSize : 33 <-- 262.677399 s
currentSize : 36 <-- 264.602478 s

maxsize : 36
nodes : 36682834.000000
filtered : 1214797473.000000
time : 264.782288
