Parameters: GAD=1 vflib=1 dir=0 label=0 lowerbound=1 fileNameGp=../../cp2016-max-common-connected-subgraph-paper/datasets/graphsdb/mcs90/bvg/b09/mcs90_b09_s35.A07 fileNameGt=../../cp2016-max-common-connected-subgraph-paper/datasets/graphsdb/mcs90/bvg/b09/mcs90_b09_s35.B07
Reading graphs...
35 :  157
35 :  157
Initializing...
maxdom : 35
D->valSize : 1225
Solving...
currentSize : 11 <-- 0.032613 s
currentSize : 12 <-- 0.032638 s
currentSize : 13 <-- 0.032697 s
currentSize : 15 <-- 0.060676 s
currentSize : 16 <-- 0.125735 s
currentSize : 17 <-- 0.233727 s
currentSize : 18 <-- 0.233969 s
currentSize : 20 <-- 0.301724 s
currentSize : 21 <-- 0.309223 s
currentSize : 26 <-- 0.321433 s
currentSize : 29 <-- 0.340519 s
currentSize : 30 <-- 0.340724 s

maxsize : 30
nodes : 118506.000000
filtered : 5396469.000000
time : 0.952102
