Parameters: GAD=1 vflib=1 dir=0 label=0 lowerbound=1 fileNameGp=../../cp2016-max-common-connected-subgraph-paper/datasets/graphsdb/mcs90/m2D/m2Dr6/mcs90_m2Dr6_s30.A07 fileNameGt=../../cp2016-max-common-connected-subgraph-paper/datasets/graphsdb/mcs90/m2D/m2Dr6/mcs90_m2Dr6_s30.B07
Reading graphs...
30 :  66
30 :  64
Initializing...
maxdom : 30
D->valSize : 900
Solving...
currentSize : 13 <-- 0.010624 s
currentSize : 14 <-- 0.010736 s
currentSize : 15 <-- 0.015622 s
currentSize : 16 <-- 0.026226 s
currentSize : 17 <-- 0.026831 s
currentSize : 18 <-- 0.419837 s
currentSize : 19 <-- 5.657587 s
currentSize : 20 <-- 7.917178 s
currentSize : 21 <-- 13.069871 s
currentSize : 22 <-- 13.769736 s
currentSize : 23 <-- 13.769795 s
currentSize : 24 <-- 13.807260 s
currentSize : 25 <-- 13.807409 s

maxsize : 25
nodes : 3235688.000000
filtered : 58918472.000000
time : 14.266961
