Parameters: GAD=1 vflib=1 dir=0 label=0 lowerbound=1 fileNameGp=../../cp2016-max-common-connected-subgraph-paper/datasets/graphsdb/mcs90/m2D/m2Dr2/mcs90_m2Dr2_s40.A07 fileNameGt=../../cp2016-max-common-connected-subgraph-paper/datasets/graphsdb/mcs90/m2D/m2Dr2/mcs90_m2Dr2_s40.B07
Reading graphs...
40 :  75
40 :  75
Initializing...
maxdom : 40
D->valSize : 1600
Solving...
currentSize : 22 <-- 0.035707 s
currentSize : 23 <-- 0.039695 s
currentSize : 24 <-- 0.061563 s
currentSize : 25 <-- 0.116823 s
currentSize : 26 <-- 0.144018 s
currentSize : 27 <-- 6.412990 s
currentSize : 28 <-- 24.940262 s
currentSize : 29 <-- 49.104832 s
currentSize : 30 <-- 83.080383 s
currentSize : 31 <-- 83.080406 s
currentSize : 32 <-- 99.974419 s
currentSize : 34 <-- 102.255379 s
currentSize : 36 <-- 102.275215 s

maxsize : 36
nodes : 15746042.000000
filtered : 477457695.000000
time : 102.421021
