Parameters: GAD=1 vflib=1 dir=0 label=0 lowerbound=1 fileNameGp=../../cp2016-max-common-connected-subgraph-paper/datasets/graphsdb/mcs90/bvg/b06m/mcs90_b06m_s50.A03 fileNameGt=../../cp2016-max-common-connected-subgraph-paper/datasets/graphsdb/mcs90/bvg/b06m/mcs90_b06m_s50.B03
Reading graphs...
50 :  150
50 :  150
Initializing...
maxdom : 50
D->valSize : 2500
Solving...
currentSize : 23 <-- 0.090643 s
currentSize : 24 <-- 0.092214 s
currentSize : 25 <-- 0.150073 s
currentSize : 26 <-- 0.170477 s
currentSize : 27 <-- 8.342197 s
currentSize : 28 <-- 508.032257 s
currentSize : 29 <-- 876.049316 s

TIMEOUT
maxsize : 29
nodes : 157780930.000000
filtered : 4205822690.000000
time : 1000.000061
