Parameters: GAD=1 vflib=1 dir=0 label=0 lowerbound=1 fileNameGp=../../cp2016-max-common-connected-subgraph-paper/datasets/graphsdb/mcs90/m2D/m2D/mcs90_m2D_s40.A05 fileNameGt=../../cp2016-max-common-connected-subgraph-paper/datasets/graphsdb/mcs90/m2D/m2D/mcs90_m2D_s40.B05
Reading graphs...
40 :  67
40 :  67
Initializing...
maxdom : 40
D->valSize : 1600
Solving...
currentSize : 25 <-- 0.064145 s
currentSize : 26 <-- 0.064301 s
currentSize : 27 <-- 0.092672 s
currentSize : 28 <-- 0.468547 s
currentSize : 29 <-- 1.764589 s
currentSize : 30 <-- 1.894241 s
currentSize : 31 <-- 5.441171 s
currentSize : 32 <-- 5.445392 s
currentSize : 33 <-- 7.285545 s
currentSize : 35 <-- 9.622354 s
currentSize : 37 <-- 9.622882 s

maxsize : 37
nodes : 1520294.000000
filtered : 41062684.000000
time : 9.721516
