Parameters: GAD=1 vflib=1 dir=0 label=0 lowerbound=1 fileNameGp=../../cp2016-max-common-connected-subgraph-paper/datasets/graphsdb/mcs90/m2D/m2D/mcs90_m2D_s30.A06 fileNameGt=../../cp2016-max-common-connected-subgraph-paper/datasets/graphsdb/mcs90/m2D/m2D/mcs90_m2D_s30.B06
Reading graphs...
30 :  49
30 :  49
Initializing...
maxdom : 30
D->valSize : 900
Solving...
currentSize : 17 <-- 0.011021 s
currentSize : 18 <-- 0.013787 s
currentSize : 19 <-- 0.035129 s
currentSize : 20 <-- 0.062579 s
currentSize : 21 <-- 0.068825 s
currentSize : 22 <-- 0.069255 s
currentSize : 23 <-- 2.287296 s
currentSize : 24 <-- 4.265103 s
currentSize : 25 <-- 4.265863 s

maxsize : 25
nodes : 950309.000000
filtered : 22163038.000000
time : 4.862165
