Parameters: GAD=1 vflib=1 dir=0 label=0 lowerbound=1 fileNameGp=../../cp2016-max-common-connected-subgraph-paper/datasets/graphsdb/mcs90/rand/r005/mcs90_r005_s50.A00 fileNameGt=../../cp2016-max-common-connected-subgraph-paper/datasets/graphsdb/mcs90/rand/r005/mcs90_r005_s50.B00
Reading graphs...
50 :  118
50 :  118
Initializing...
maxdom : 50
D->valSize : 2500
Solving...
currentSize : 19 <-- 0.118670 s
currentSize : 20 <-- 0.118724 s
currentSize : 21 <-- 0.118996 s
currentSize : 22 <-- 0.119028 s
currentSize : 23 <-- 0.119140 s
currentSize : 24 <-- 0.332389 s
currentSize : 25 <-- 0.996357 s
currentSize : 26 <-- 1.151297 s
currentSize : 27 <-- 7.661279 s
currentSize : 28 <-- 19.276356 s
currentSize : 29 <-- 22.712280 s
currentSize : 30 <-- 92.097755 s
currentSize : 31 <-- 95.653404 s
currentSize : 32 <-- 96.570312 s
currentSize : 33 <-- 96.570595 s

TIMEOUT
maxsize : 33
nodes : 119874808.000000
filtered : 4758855903.000000
time : 1000.000061
