Parameters: GAD=1 vflib=1 dir=0 label=0 lowerbound=1 fileNameGp=../../cp2016-max-common-connected-subgraph-paper/datasets/graphsdb/mcs90/m2D/m2Dr6/mcs90_m2Dr6_s30.A03 fileNameGt=../../cp2016-max-common-connected-subgraph-paper/datasets/graphsdb/mcs90/m2D/m2Dr6/mcs90_m2Dr6_s30.B03
Reading graphs...
30 :  66
30 :  65
Initializing...
maxdom : 30
D->valSize : 900
Solving...
currentSize : 13 <-- 0.010533 s
currentSize : 14 <-- 0.011240 s
currentSize : 15 <-- 0.012262 s
currentSize : 16 <-- 0.018965 s
currentSize : 17 <-- 0.027202 s
currentSize : 18 <-- 0.079640 s
currentSize : 19 <-- 3.303418 s
currentSize : 25 <-- 9.691615 s

maxsize : 25
nodes : 2302812.000000
filtered : 39115740.000000
time : 9.902378
