Parameters: GAD=1 vflib=1 dir=0 label=0 lowerbound=1 fileNameGp=../../cp2016-max-common-connected-subgraph-paper/datasets/graphsdb/mcs90/bvg/b09/mcs90_b09_s30.A04 fileNameGt=../../cp2016-max-common-connected-subgraph-paper/datasets/graphsdb/mcs90/bvg/b09/mcs90_b09_s30.B04
Reading graphs...
30 :  135
30 :  135
Initializing...
maxdom : 30
D->valSize : 900
Solving...
currentSize : 11 <-- 0.009486 s
currentSize : 13 <-- 0.009533 s
currentSize : 14 <-- 0.009625 s
currentSize : 18 <-- 0.009678 s
currentSize : 20 <-- 0.011246 s
currentSize : 21 <-- 0.023288 s
currentSize : 22 <-- 0.023333 s
currentSize : 23 <-- 0.023519 s
currentSize : 26 <-- 0.023681 s

maxsize : 26
nodes : 22134.000000
filtered : 1098380.000000
time : 0.161428
