Parameters: GAD=1 vflib=1 dir=0 label=0 lowerbound=1 fileNameGp=../../cp2016-max-common-connected-subgraph-paper/datasets/graphsdb/mcs90/rand/r01/mcs90_r01_s30.A06 fileNameGt=../../cp2016-max-common-connected-subgraph-paper/datasets/graphsdb/mcs90/rand/r01/mcs90_r01_s30.B06
Reading graphs...
30 :  85
30 :  84
Initializing...
maxdom : 30
D->valSize : 900
Solving...
currentSize : 12 <-- 0.010378 s
currentSize : 13 <-- 0.010406 s
currentSize : 14 <-- 0.011581 s
currentSize : 15 <-- 0.017565 s
currentSize : 16 <-- 0.030018 s
currentSize : 17 <-- 0.032866 s
currentSize : 18 <-- 2.618797 s
currentSize : 19 <-- 4.603048 s
currentSize : 21 <-- 5.644347 s
currentSize : 22 <-- 5.644487 s
currentSize : 27 <-- 5.644547 s

maxsize : 27
nodes : 1187947.000000
filtered : 22547605.000000
time : 5.661765
