Parameters: GAD=1 vflib=1 dir=0 label=0 lowerbound=1 fileNameGp=../../cp2016-max-common-connected-subgraph-paper/datasets/graphsdb/mcs90/rand/r005/mcs90_r005_s40.A04 fileNameGt=../../cp2016-max-common-connected-subgraph-paper/datasets/graphsdb/mcs90/rand/r005/mcs90_r005_s40.B04
Reading graphs...
40 :  77
40 :  77
Initializing...
maxdom : 40
D->valSize : 1600
Solving...
currentSize : 20 <-- 0.035473 s
currentSize : 21 <-- 0.040597 s
currentSize : 22 <-- 0.074287 s
currentSize : 23 <-- 0.237810 s
currentSize : 24 <-- 0.257698 s
currentSize : 25 <-- 3.349868 s
currentSize : 26 <-- 4.407964 s
currentSize : 27 <-- 5.269181 s
currentSize : 30 <-- 7.743399 s
currentSize : 31 <-- 7.744639 s
currentSize : 36 <-- 7.782635 s

maxsize : 36
nodes : 1867692.000000
filtered : 19975002.000000
time : 7.896842
