Parameters: GAD=1 vflib=1 dir=0 label=0 lowerbound=1 fileNameGp=../../cp2016-max-common-connected-subgraph-paper/datasets/graphsdb/mcs90/bvg/b03m/mcs90_b03m_s40.A02 fileNameGt=../../cp2016-max-common-connected-subgraph-paper/datasets/graphsdb/mcs90/bvg/b03m/mcs90_b03m_s40.B02
Reading graphs...
40 :  59
40 :  60
Initializing...
maxdom : 40
D->valSize : 1600
Solving...
currentSize : 29 <-- 0.060124 s
currentSize : 30 <-- 0.204823 s
currentSize : 31 <-- 0.204866 s
currentSize : 32 <-- 0.282029 s
currentSize : 33 <-- 0.325996 s
currentSize : 34 <-- 0.338051 s
currentSize : 35 <-- 0.405169 s
currentSize : 36 <-- 0.405549 s
currentSize : 37 <-- 0.406466 s

maxsize : 37
nodes : 61577.000000
filtered : 1368873.000000
time : 0.451428
