Parameters: GAD=1 vflib=1 dir=0 label=0 lowerbound=1 fileNameGp=../../cp2016-max-common-connected-subgraph-paper/datasets/graphsdb/mcs90/m2D/m2Dr4/mcs90_m2Dr4_s50.A00 fileNameGt=../../cp2016-max-common-connected-subgraph-paper/datasets/graphsdb/mcs90/m2D/m2Dr4/mcs90_m2Dr4_s50.B00
Reading graphs...
50 :  105
50 :  105
Initializing...
maxdom : 50
D->valSize : 2500
Solving...
currentSize : 25 <-- 0.138610 s
currentSize : 26 <-- 0.138654 s
currentSize : 28 <-- 0.139228 s
currentSize : 29 <-- 0.144363 s
currentSize : 30 <-- 0.158539 s
currentSize : 31 <-- 0.309790 s
currentSize : 32 <-- 80.202034 s
currentSize : 33 <-- 111.129814 s
currentSize : 35 <-- 111.729553 s
currentSize : 36 <-- 123.459038 s
currentSize : 37 <-- 145.623734 s
currentSize : 38 <-- 145.635025 s
currentSize : 39 <-- 148.086746 s
currentSize : 45 <-- 148.145782 s
currentSize : 49 <-- 148.151627 s

maxsize : 49
nodes : 23655738.000000
filtered : 582821169.000000
time : 148.155045
