Parameters: GAD=1 vflib=1 dir=0 label=0 lowerbound=1 fileNameGp=../../cp2016-max-common-connected-subgraph-paper/datasets/graphsdb/mcs90/m2D/m2Dr6/mcs90_m2Dr6_s50.A06 fileNameGt=../../cp2016-max-common-connected-subgraph-paper/datasets/graphsdb/mcs90/m2D/m2Dr6/mcs90_m2Dr6_s50.B06
Reading graphs...
50 :  113
50 :  112
Initializing...
maxdom : 50
D->valSize : 2500
Solving...
currentSize : 23 <-- 0.137312 s
currentSize : 26 <-- 0.138500 s
currentSize : 27 <-- 0.185777 s
currentSize : 28 <-- 0.193182 s
currentSize : 29 <-- 4.034809 s
currentSize : 30 <-- 19.258265 s
currentSize : 31 <-- 150.711914 s
currentSize : 32 <-- 416.961792 s
currentSize : 34 <-- 421.480438 s
currentSize : 36 <-- 426.014526 s
currentSize : 38 <-- 426.873413 s
currentSize : 39 <-- 427.052795 s
currentSize : 41 <-- 427.425262 s
currentSize : 43 <-- 427.435028 s
currentSize : 46 <-- 427.435303 s
currentSize : 49 <-- 427.572601 s

maxsize : 49
nodes : 62114478.000000
filtered : 1923288595.000000
time : 427.574921
