Parameters: GAD=1 vflib=1 dir=0 label=0 lowerbound=1 fileNameGp=../../cp2016-max-common-connected-subgraph-paper/datasets/graphsdb/mcs90/bvg/b09m/mcs90_b09m_s30.A02 fileNameGt=../../cp2016-max-common-connected-subgraph-paper/datasets/graphsdb/mcs90/bvg/b09m/mcs90_b09m_s30.B02
Reading graphs...
30 :  131
30 :  131
Initializing...
maxdom : 30
D->valSize : 900
Solving...
currentSize : 11 <-- 0.016304 s
currentSize : 12 <-- 0.016475 s
currentSize : 13 <-- 0.086679 s
currentSize : 14 <-- 0.787040 s
currentSize : 15 <-- 0.799913 s
currentSize : 17 <-- 30.413330 s
currentSize : 18 <-- 34.508984 s
currentSize : 26 <-- 42.315994 s

maxsize : 26
nodes : 9628555.000000
filtered : 154629422.000000
time : 42.377239
