Parameters: GAD=1 vflib=1 dir=0 label=0 lowerbound=1 fileNameGp=../../cp2016-max-common-connected-subgraph-paper/datasets/graphsdb/mcs90/rand/r005/mcs90_r005_s40.A08 fileNameGt=../../cp2016-max-common-connected-subgraph-paper/datasets/graphsdb/mcs90/rand/r005/mcs90_r005_s40.B08
Reading graphs...
40 :  77
40 :  77
Initializing...
maxdom : 40
D->valSize : 1600
Solving...
currentSize : 14 <-- 0.062114 s
currentSize : 15 <-- 0.062144 s
currentSize : 16 <-- 0.062194 s
currentSize : 17 <-- 0.062446 s
currentSize : 18 <-- 0.063209 s
currentSize : 20 <-- 0.067865 s
currentSize : 21 <-- 0.195208 s
currentSize : 22 <-- 0.756972 s
currentSize : 23 <-- 3.817161 s
currentSize : 24 <-- 10.006937 s
currentSize : 25 <-- 21.033895 s
currentSize : 26 <-- 100.229454 s

TIMEOUT
maxsize : 26
nodes : 168735630.000000
filtered : 3911200205.000000
time : 1000.000061
