Parameters: GAD=1 vflib=1 dir=0 label=0 lowerbound=1 fileNameGp=../../cp2016-max-common-connected-subgraph-paper/datasets/graphsdb/mcs90/bvg/b09m/mcs90_b09m_s40.A05 fileNameGt=../../cp2016-max-common-connected-subgraph-paper/datasets/graphsdb/mcs90/bvg/b09m/mcs90_b09m_s40.B05
Reading graphs...
40 :  177
40 :  177
Initializing...
maxdom : 40
D->valSize : 1600
Solving...
currentSize : 14 <-- 0.031442 s
currentSize : 16 <-- 0.031481 s
currentSize : 17 <-- 0.036298 s
currentSize : 18 <-- 0.051571 s
currentSize : 19 <-- 13.821526 s
currentSize : 20 <-- 13.838338 s
currentSize : 22 <-- 267.642456 s
currentSize : 24 <-- 267.642731 s
currentSize : 26 <-- 305.519806 s
currentSize : 27 <-- 316.480621 s
currentSize : 29 <-- 316.679382 s
currentSize : 32 <-- 320.085144 s
currentSize : 36 <-- 320.085571 s

maxsize : 36
nodes : 54604098.000000
filtered : 1409785231.000000
time : 320.188538
