Parameters: GAD=1 vflib=1 dir=0 label=0 lowerbound=1 fileNameGp=../../cp2016-max-common-connected-subgraph-paper/datasets/graphsdb/mcs90/rand/r02/mcs90_r02_s40.A03 fileNameGt=../../cp2016-max-common-connected-subgraph-paper/datasets/graphsdb/mcs90/rand/r02/mcs90_r02_s40.B03
Reading graphs...
40 :  280
40 :  282
Initializing...
maxdom : 40
D->valSize : 1600
Solving...
currentSize : 10 <-- 0.052200 s
currentSize : 11 <-- 0.052244 s
currentSize : 12 <-- 0.052377 s
currentSize : 13 <-- 0.054280 s
currentSize : 14 <-- 0.099656 s
currentSize : 15 <-- 0.852611 s
currentSize : 16 <-- 2.460119 s
currentSize : 19 <-- 5.041706 s
currentSize : 20 <-- 47.369949 s
currentSize : 24 <-- 47.370014 s
currentSize : 26 <-- 55.768826 s
currentSize : 36 <-- 152.066483 s

maxsize : 36
nodes : 23173759.000000
filtered : 736736528.000000
time : 152.140976
