Parameters: GAD=1 vflib=1 dir=0 label=0 lowerbound=1 fileNameGp=../../cp2016-max-common-connected-subgraph-paper/datasets/graphsdb/mcs90/m2D/m2Dr4/mcs90_m2Dr4_s30.A09 fileNameGt=../../cp2016-max-common-connected-subgraph-paper/datasets/graphsdb/mcs90/m2D/m2Dr4/mcs90_m2Dr4_s30.B09
Reading graphs...
30 :  59
30 :  60
Initializing...
maxdom : 30
D->valSize : 900
Solving...
currentSize : 15 <-- 0.010648 s
currentSize : 16 <-- 0.010739 s
currentSize : 17 <-- 0.011237 s
currentSize : 18 <-- 0.014393 s
currentSize : 19 <-- 0.142610 s
currentSize : 20 <-- 0.794877 s
currentSize : 21 <-- 10.486993 s
currentSize : 22 <-- 10.503703 s
currentSize : 23 <-- 10.504150 s
currentSize : 24 <-- 10.504221 s
currentSize : 25 <-- 11.080550 s

maxsize : 25
nodes : 2448970.000000
filtered : 47137917.000000
time : 11.195927
