Parameters: GAD=1 vflib=1 dir=0 label=0 lowerbound=1 fileNameGp=../../cp2016-max-common-connected-subgraph-paper/datasets/graphsdb/mcs90/m3D/m3Dr2/mcs90_m3Dr2_s30.A01 fileNameGt=../../cp2016-max-common-connected-subgraph-paper/datasets/graphsdb/mcs90/m3D/m3Dr2/mcs90_m3Dr2_s30.B01
Reading graphs...
30 :  64
30 :  66
Initializing...
maxdom : 30
D->valSize : 900
Solving...
currentSize : 17 <-- 0.019883 s
currentSize : 18 <-- 0.019925 s
currentSize : 19 <-- 0.020637 s
currentSize : 20 <-- 0.023884 s
currentSize : 21 <-- 0.024554 s
currentSize : 22 <-- 0.025978 s
currentSize : 23 <-- 0.028820 s
currentSize : 24 <-- 0.030900 s
currentSize : 26 <-- 0.032646 s
currentSize : 28 <-- 0.032856 s

maxsize : 28
nodes : 2494.000000
filtered : 63397.000000
time : 0.040243
