Parameters: GAD=1 vflib=1 dir=0 label=0 lowerbound=1 fileNameGp=../../cp2016-max-common-connected-subgraph-paper/datasets/graphsdb/mcs90/rand/r005/mcs90_r005_s50.A05 fileNameGt=../../cp2016-max-common-connected-subgraph-paper/datasets/graphsdb/mcs90/rand/r005/mcs90_r005_s50.B05
Reading graphs...
50 :  118
50 :  119
Initializing...
maxdom : 50
D->valSize : 2500
Solving...
currentSize : 20 <-- 0.093336 s
currentSize : 21 <-- 0.093422 s
currentSize : 22 <-- 0.103368 s
currentSize : 23 <-- 0.402687 s
currentSize : 24 <-- 15.004734 s
currentSize : 25 <-- 113.602814 s
currentSize : 26 <-- 154.715591 s
currentSize : 27 <-- 376.992004 s

TIMEOUT
maxsize : 27
nodes : 219171736.000000
filtered : 2490900004.000000
time : 1000.000061
