Parameters: GAD=1 vflib=1 dir=0 label=0 lowerbound=1 fileNameGp=../../cp2016-max-common-connected-subgraph-paper/datasets/graphsdb/mcs90/m3D/m3Dr6/mcs90_m3Dr6_s30.A05 fileNameGt=../../cp2016-max-common-connected-subgraph-paper/datasets/graphsdb/mcs90/m3D/m3Dr6/mcs90_m3Dr6_s30.B05
Reading graphs...
30 :  76
30 :  75
Initializing...
maxdom : 30
D->valSize : 900
Solving...
currentSize : 16 <-- 0.010633 s
currentSize : 17 <-- 0.245164 s
currentSize : 18 <-- 0.749171 s
currentSize : 19 <-- 0.901755 s
currentSize : 20 <-- 0.943687 s
currentSize : 21 <-- 1.060613 s
currentSize : 24 <-- 1.101355 s
currentSize : 27 <-- 1.101480 s

maxsize : 27
nodes : 277962.000000
filtered : 3968759.000000
time : 1.126180
