Parameters: GAD=1 vflib=1 dir=0 label=0 lowerbound=1 fileNameGp=../../cp2016-max-common-connected-subgraph-paper/datasets/graphsdb/mcs90/m2D/m2Dr2/mcs90_m2Dr2_s40.A06 fileNameGt=../../cp2016-max-common-connected-subgraph-paper/datasets/graphsdb/mcs90/m2D/m2Dr2/mcs90_m2Dr2_s40.B06
Reading graphs...
40 :  74
40 :  74
Initializing...
maxdom : 40
D->valSize : 1600
Solving...
currentSize : 25 <-- 0.035402 s
currentSize : 26 <-- 0.035451 s
currentSize : 27 <-- 0.037267 s
currentSize : 28 <-- 0.933756 s
currentSize : 29 <-- 13.945364 s
currentSize : 32 <-- 77.232544 s
currentSize : 36 <-- 80.787956 s

maxsize : 36
nodes : 11768404.000000
filtered : 388851070.000000
time : 80.991646
