Parameters: GAD=1 vflib=1 dir=0 label=0 lowerbound=1 fileNameGp=../../cp2016-max-common-connected-subgraph-paper/datasets/graphsdb/mcs90/rand/r02/mcs90_r02_s40.A02 fileNameGt=../../cp2016-max-common-connected-subgraph-paper/datasets/graphsdb/mcs90/rand/r02/mcs90_r02_s40.B02
Reading graphs...
40 :  284
40 :  284
Initializing...
maxdom : 40
D->valSize : 1600
Solving...
currentSize : 11 <-- 0.050842 s
currentSize : 12 <-- 0.050895 s
currentSize : 13 <-- 0.051193 s
currentSize : 14 <-- 0.054604 s
currentSize : 15 <-- 1.129342 s
currentSize : 16 <-- 21.796312 s
currentSize : 17 <-- 141.526810 s
currentSize : 21 <-- 141.528412 s
currentSize : 23 <-- 219.687393 s
currentSize : 24 <-- 261.431152 s
currentSize : 25 <-- 277.568024 s
currentSize : 36 <-- 331.238922 s

maxsize : 36
nodes : 59640101.000000
filtered : 1212757635.000000
time : 331.376251
