Parameters: GAD=1 vflib=1 dir=0 label=0 lowerbound=1 fileNameGp=../../cp2016-max-common-connected-subgraph-paper/datasets/graphsdb/mcs90/m3D/m3Dr6/mcs90_m3Dr6_s30.A08 fileNameGt=../../cp2016-max-common-connected-subgraph-paper/datasets/graphsdb/mcs90/m3D/m3Dr6/mcs90_m3Dr6_s30.B08
Reading graphs...
30 :  76
30 :  74
Initializing...
maxdom : 30
D->valSize : 900
Solving...
currentSize : 14 <-- 0.010463 s
currentSize : 15 <-- 0.010518 s
currentSize : 16 <-- 0.016651 s
currentSize : 17 <-- 0.016697 s
currentSize : 18 <-- 0.598600 s
currentSize : 19 <-- 0.668783 s
currentSize : 21 <-- 4.609853 s
currentSize : 24 <-- 4.636582 s
currentSize : 27 <-- 4.636642 s

maxsize : 27
nodes : 981815.000000
filtered : 19722955.000000
time : 4.654340
