Parameters: GAD=1 vflib=1 dir=0 label=0 lowerbound=1 fileNameGp=../../cp2016-max-common-connected-subgraph-paper/datasets/graphsdb/mcs90/m2D/m2D/mcs90_m2D_s50.A01 fileNameGt=../../cp2016-max-common-connected-subgraph-paper/datasets/graphsdb/mcs90/m2D/m2D/mcs90_m2D_s50.B01
Reading graphs...
50 :  85
50 :  85
Initializing...
maxdom : 50
D->valSize : 2500
Solving...
currentSize : 36 <-- 0.097167 s
currentSize : 38 <-- 0.396667 s
currentSize : 39 <-- 0.502523 s
currentSize : 40 <-- 0.629125 s
currentSize : 41 <-- 0.790469 s
currentSize : 42 <-- 0.827391 s
currentSize : 43 <-- 0.877535 s
currentSize : 44 <-- 0.915042 s
currentSize : 45 <-- 0.936816 s
currentSize : 46 <-- 1.029664 s
currentSize : 49 <-- 1.035239 s

maxsize : 49
nodes : 205920.000000
filtered : 3014208.000000
time : 1.043362
