Parameters: GAD=1 vflib=1 dir=0 label=0 lowerbound=1 fileNameGp=../../cp2016-max-common-connected-subgraph-paper/datasets/graphsdb/mcs90/rand/r01/mcs90_r01_s30.A01 fileNameGt=../../cp2016-max-common-connected-subgraph-paper/datasets/graphsdb/mcs90/rand/r01/mcs90_r01_s30.B01
Reading graphs...
30 :  82
30 :  82
Initializing...
maxdom : 30
D->valSize : 900
Solving...
currentSize : 12 <-- 0.010204 s
currentSize : 13 <-- 0.010242 s
currentSize : 14 <-- 0.010548 s
currentSize : 15 <-- 0.044390 s
currentSize : 16 <-- 0.084711 s
currentSize : 17 <-- 0.116312 s
currentSize : 19 <-- 0.117264 s
currentSize : 22 <-- 0.122800 s
currentSize : 23 <-- 0.125900 s
currentSize : 27 <-- 0.126725 s

maxsize : 27
nodes : 37241.000000
filtered : 332050.000000
time : 0.135283
