Parameters: GAD=1 vflib=1 dir=0 label=0 lowerbound=1 fileNameGp=../../cp2016-max-common-connected-subgraph-paper/datasets/graphsdb/mcs90/bvg/b09m/mcs90_b09m_s25.A00 fileNameGt=../../cp2016-max-common-connected-subgraph-paper/datasets/graphsdb/mcs90/bvg/b09m/mcs90_b09m_s25.B00
Reading graphs...
25 :  110
25 :  111
Initializing...
maxdom : 25
D->valSize : 625
Solving...
currentSize : 7 <-- 0.004498 s
currentSize : 8 <-- 0.004518 s
currentSize : 9 <-- 0.004587 s
currentSize : 10 <-- 0.004668 s
currentSize : 11 <-- 0.005269 s
currentSize : 12 <-- 0.031237 s
currentSize : 13 <-- 0.440019 s
currentSize : 14 <-- 0.440440 s
currentSize : 15 <-- 0.507586 s
currentSize : 16 <-- 0.523293 s
currentSize : 22 <-- 0.700930 s

maxsize : 22
nodes : 197052.000000
filtered : 2192365.000000
time : 0.713116
