Parameters: GAD=1 vflib=1 dir=0 label=0 lowerbound=1 fileNameGp=../../cp2016-max-common-connected-subgraph-paper/datasets/graphsdb/mcs90/m2D/m2Dr6/mcs90_m2Dr6_s50.A02 fileNameGt=../../cp2016-max-common-connected-subgraph-paper/datasets/graphsdb/mcs90/m2D/m2Dr6/mcs90_m2Dr6_s50.B02
Reading graphs...
50 :  114
50 :  113
Initializing...
maxdom : 50
D->valSize : 2500
Solving...
currentSize : 24 <-- 0.163782 s
currentSize : 25 <-- 0.171476 s
currentSize : 26 <-- 0.250073 s
currentSize : 27 <-- 0.371127 s
currentSize : 28 <-- 0.640521 s
currentSize : 29 <-- 0.656208 s
currentSize : 30 <-- 20.517460 s
currentSize : 31 <-- 208.865570 s

TIMEOUT
maxsize : 31
nodes : 148335086.000000
filtered : 3948478195.000000
time : 1000.000061
