Parameters: GAD=1 vflib=1 dir=0 label=0 lowerbound=1 fileNameGp=../../cp2016-max-common-connected-subgraph-paper/datasets/graphsdb/mcs90/m2D/m2Dr4/mcs90_m2Dr4_s30.A01 fileNameGt=../../cp2016-max-common-connected-subgraph-paper/datasets/graphsdb/mcs90/m2D/m2Dr4/mcs90_m2Dr4_s30.B01
Reading graphs...
30 :  61
30 :  60
Initializing...
maxdom : 30
D->valSize : 900
Solving...
currentSize : 15 <-- 0.010661 s
currentSize : 16 <-- 0.010713 s
currentSize : 17 <-- 0.010754 s
currentSize : 18 <-- 0.021120 s
currentSize : 19 <-- 0.253092 s
currentSize : 20 <-- 0.304825 s
currentSize : 23 <-- 1.742271 s
currentSize : 25 <-- 3.025699 s

maxsize : 25
nodes : 636500.000000
filtered : 15754651.000000
time : 3.151112
