Parameters: GAD=1 vflib=1 dir=0 label=0 lowerbound=1 fileNameGp=../../cp2016-max-common-connected-subgraph-paper/datasets/graphsdb/mcs90/bvg/b06m/mcs90_b06m_s25.A01 fileNameGt=../../cp2016-max-common-connected-subgraph-paper/datasets/graphsdb/mcs90/bvg/b06m/mcs90_b06m_s25.B01
Reading graphs...
25 :  75
25 :  75
Initializing...
maxdom : 25
D->valSize : 625
Solving...
currentSize : 11 <-- 0.005045 s
currentSize : 12 <-- 0.005092 s
currentSize : 13 <-- 0.005395 s
currentSize : 14 <-- 0.191832 s
currentSize : 15 <-- 0.481524 s
currentSize : 17 <-- 1.371638 s
currentSize : 18 <-- 1.409769 s
currentSize : 19 <-- 1.622566 s
currentSize : 22 <-- 1.647159 s

maxsize : 22
nodes : 404021.000000
filtered : 7215356.000000
time : 1.649876
