Parameters: GAD=1 vflib=1 dir=0 label=0 lowerbound=1 fileNameGp=../../cp2016-max-common-connected-subgraph-paper/datasets/graphsdb/mcs90/bvg/b03/mcs90_b03_s35.A04 fileNameGt=../../cp2016-max-common-connected-subgraph-paper/datasets/graphsdb/mcs90/bvg/b03/mcs90_b03_s35.B04
Reading graphs...
35 :  52
35 :  52
Initializing...
maxdom : 35
D->valSize : 1225
Solving...
currentSize : 16 <-- 0.036081 s
currentSize : 24 <-- 0.036255 s
currentSize : 25 <-- 0.036330 s
currentSize : 26 <-- 0.040236 s
currentSize : 27 <-- 0.099626 s
currentSize : 28 <-- 0.250080 s
currentSize : 30 <-- 0.310419 s
currentSize : 31 <-- 0.357994 s

maxsize : 31
nodes : 117439.000000
filtered : 3103914.000000
time : 0.771793
