Parameters: GAD=1 vflib=1 dir=0 label=0 lowerbound=1 fileNameGp=../../cp2016-max-common-connected-subgraph-paper/datasets/graphsdb/mcs90/rand/r01/mcs90_r01_s25.A08 fileNameGt=../../cp2016-max-common-connected-subgraph-paper/datasets/graphsdb/mcs90/rand/r01/mcs90_r01_s25.B08
Reading graphs...
25 :  56
25 :  57
Initializing...
maxdom : 25
D->valSize : 625
Solving...
currentSize : 9 <-- 0.004890 s
currentSize : 10 <-- 0.004910 s
currentSize : 11 <-- 0.005312 s
currentSize : 12 <-- 0.005342 s
currentSize : 13 <-- 0.005427 s
currentSize : 14 <-- 0.101917 s
currentSize : 15 <-- 0.562783 s
currentSize : 16 <-- 1.052197 s
currentSize : 17 <-- 1.581993 s
currentSize : 18 <-- 1.582026 s
currentSize : 19 <-- 1.595174 s
currentSize : 21 <-- 1.595281 s
currentSize : 22 <-- 1.595310 s

maxsize : 22
nodes : 434724.000000
filtered : 6315294.000000
time : 1.606631
