Parameters: GAD=1 vflib=1 dir=0 label=0 lowerbound=1 fileNameGp=../../cp2016-max-common-connected-subgraph-paper/datasets/graphsdb/mcs90/bvg/b09m/mcs90_b09m_s35.A07 fileNameGt=../../cp2016-max-common-connected-subgraph-paper/datasets/graphsdb/mcs90/bvg/b09m/mcs90_b09m_s35.B07
Reading graphs...
35 :  151
35 :  151
Initializing...
maxdom : 35
D->valSize : 1225
Solving...
currentSize : 11 <-- 0.017943 s
currentSize : 12 <-- 0.019007 s
currentSize : 13 <-- 0.021364 s
currentSize : 14 <-- 0.028999 s
currentSize : 15 <-- 0.088685 s
currentSize : 16 <-- 1.087224 s
currentSize : 17 <-- 1.131577 s
currentSize : 18 <-- 1.131694 s
currentSize : 19 <-- 33.173454 s
currentSize : 20 <-- 36.768803 s
currentSize : 21 <-- 38.279152 s
currentSize : 22 <-- 38.317265 s
currentSize : 25 <-- 39.278385 s
currentSize : 30 <-- 39.472633 s

maxsize : 30
nodes : 7604196.000000
filtered : 169987958.000000
time : 39.731922
