Parameters: GAD=1 vflib=1 dir=0 label=0 lowerbound=1 fileNameGp=../../cp2016-max-common-connected-subgraph-paper/datasets/graphsdb/mcs90/bvg/b06m/mcs90_b06m_s25.A06 fileNameGt=../../cp2016-max-common-connected-subgraph-paper/datasets/graphsdb/mcs90/bvg/b06m/mcs90_b06m_s25.B06
Reading graphs...
25 :  74
25 :  74
Initializing...
maxdom : 25
D->valSize : 625
Solving...
currentSize : 10 <-- 0.008077 s
currentSize : 11 <-- 0.008364 s
currentSize : 12 <-- 0.008463 s
currentSize : 13 <-- 0.008802 s
currentSize : 14 <-- 0.010530 s
currentSize : 15 <-- 0.235223 s
currentSize : 16 <-- 0.334918 s
currentSize : 18 <-- 0.346990 s
currentSize : 22 <-- 0.348284 s

maxsize : 22
nodes : 85937.000000
filtered : 1436563.000000
time : 0.366321
