Parameters: GAD=1 vflib=1 dir=0 label=0 lowerbound=1 fileNameGp=../../cp2016-max-common-connected-subgraph-paper/datasets/graphsdb/mcs90/rand/r02/mcs90_r02_s25.A02 fileNameGt=../../cp2016-max-common-connected-subgraph-paper/datasets/graphsdb/mcs90/rand/r02/mcs90_r02_s25.B02
Reading graphs...
25 :  110
25 :  107
Initializing...
maxdom : 25
D->valSize : 625
Solving...
currentSize : 9 <-- 0.004638 s
currentSize : 10 <-- 0.005039 s
currentSize : 11 <-- 0.005128 s
currentSize : 12 <-- 0.066422 s
currentSize : 13 <-- 0.137492 s
currentSize : 14 <-- 1.047950 s
currentSize : 15 <-- 1.387889 s
currentSize : 16 <-- 1.639998 s
currentSize : 17 <-- 1.640151 s
currentSize : 19 <-- 1.641588 s
currentSize : 22 <-- 1.704573 s

maxsize : 22
nodes : 435791.000000
filtered : 6026450.000000
time : 1.712475
