Parameters: GAD=1 vflib=1 dir=0 label=0 lowerbound=1 fileNameGp=../../cp2016-max-common-connected-subgraph-paper/datasets/graphsdb/mcs90/bvg/b09m/mcs90_b09m_s30.A06 fileNameGt=../../cp2016-max-common-connected-subgraph-paper/datasets/graphsdb/mcs90/bvg/b09m/mcs90_b09m_s30.B06
Reading graphs...
30 :  128
30 :  127
Initializing...
maxdom : 30
D->valSize : 900
Solving...
currentSize : 11 <-- 0.009511 s
currentSize : 12 <-- 0.009912 s
currentSize : 13 <-- 0.011160 s
currentSize : 14 <-- 0.029396 s
currentSize : 15 <-- 0.042349 s
currentSize : 16 <-- 2.721575 s
currentSize : 17 <-- 2.735864 s
currentSize : 19 <-- 6.139432 s
currentSize : 20 <-- 11.253070 s
currentSize : 21 <-- 11.596049 s
currentSize : 26 <-- 12.329684 s

maxsize : 26
nodes : 2307055.000000
filtered : 58860883.000000
time : 12.342886
