Parameters: GAD=1 vflib=1 dir=0 label=0 lowerbound=1 fileNameGp=../../cp2016-max-common-connected-subgraph-paper/datasets/graphsdb/mcs90/m2D/m2D/mcs90_m2D_s50.A08 fileNameGt=../../cp2016-max-common-connected-subgraph-paper/datasets/graphsdb/mcs90/m2D/m2D/mcs90_m2D_s50.B08
Reading graphs...
50 :  85
50 :  85
Initializing...
maxdom : 50
D->valSize : 2500
Solving...
currentSize : 39 <-- 0.096972 s
currentSize : 40 <-- 0.280716 s
currentSize : 41 <-- 1.245671 s
currentSize : 42 <-- 1.245869 s
currentSize : 43 <-- 18.496187 s
currentSize : 44 <-- 18.506929 s
currentSize : 46 <-- 18.507330 s
currentSize : 49 <-- 18.508713 s

maxsize : 49
nodes : 2102572.000000
filtered : 77467685.000000
time : 18.518402
