Parameters: GAD=1 vflib=1 dir=0 label=0 lowerbound=1 fileNameGp=../../cp2016-max-common-connected-subgraph-paper/datasets/graphsdb/mcs90/rand/r01/mcs90_r01_s50.A02 fileNameGt=../../cp2016-max-common-connected-subgraph-paper/datasets/graphsdb/mcs90/rand/r01/mcs90_r01_s50.B02
Reading graphs...
50 :  230
50 :  227
Initializing...
maxdom : 50
D->valSize : 2500
Solving...
currentSize : 17 <-- 0.108157 s
currentSize : 18 <-- 0.108336 s
currentSize : 19 <-- 0.108443 s
currentSize : 20 <-- 0.131681 s
currentSize : 21 <-- 0.190839 s
currentSize : 22 <-- 0.945797 s
currentSize : 23 <-- 28.799549 s
currentSize : 24 <-- 47.839279 s
currentSize : 25 <-- 55.004082 s
currentSize : 28 <-- 61.533863 s

TIMEOUT
maxsize : 28
nodes : 126919500.000000
filtered : 4978279258.000000
time : 1000.000061
