Parameters: GAD=1 vflib=1 dir=0 label=0 lowerbound=1 fileNameGp=../../cp2016-max-common-connected-subgraph-paper/datasets/graphsdb/mcs90/m2D/m2Dr2/mcs90_m2Dr2_s40.A04 fileNameGt=../../cp2016-max-common-connected-subgraph-paper/datasets/graphsdb/mcs90/m2D/m2Dr2/mcs90_m2Dr2_s40.B04
Reading graphs...
40 :  75
40 :  75
Initializing...
maxdom : 40
D->valSize : 1600
Solving...
currentSize : 25 <-- 0.042930 s
currentSize : 26 <-- 0.043025 s
currentSize : 27 <-- 0.043664 s
currentSize : 28 <-- 189.822815 s
currentSize : 29 <-- 374.854614 s
currentSize : 31 <-- 383.845398 s
currentSize : 33 <-- 383.895905 s
currentSize : 34 <-- 383.895966 s
currentSize : 35 <-- 384.358002 s
currentSize : 36 <-- 384.358185 s

maxsize : 36
nodes : 61644189.000000
filtered : 1738045337.000000
time : 384.578430
