Parameters: GAD=1 vflib=1 dir=0 label=0 lowerbound=1 fileNameGp=../../cp2016-max-common-connected-subgraph-paper/datasets/graphsdb/mcs90/bvg/b09/mcs90_b09_s30.A02 fileNameGt=../../cp2016-max-common-connected-subgraph-paper/datasets/graphsdb/mcs90/bvg/b09/mcs90_b09_s30.B02
Reading graphs...
30 :  135
30 :  135
Initializing...
maxdom : 30
D->valSize : 900
Solving...
currentSize : 12 <-- 0.009669 s
currentSize : 13 <-- 0.009745 s
currentSize : 14 <-- 0.009953 s
currentSize : 15 <-- 0.014784 s
currentSize : 16 <-- 0.078942 s
currentSize : 20 <-- 0.571647 s
currentSize : 22 <-- 0.571734 s
currentSize : 26 <-- 0.578002 s

maxsize : 26
nodes : 154858.000000
filtered : 3185381.000000
time : 0.727941
