Parameters: GAD=1 vflib=1 dir=0 label=0 lowerbound=1 fileNameGp=../../cp2016-max-common-connected-subgraph-paper/datasets/graphsdb/mcs90/m2D/m2Dr4/mcs90_m2Dr4_s30.A04 fileNameGt=../../cp2016-max-common-connected-subgraph-paper/datasets/graphsdb/mcs90/m2D/m2Dr4/mcs90_m2Dr4_s30.B04
Reading graphs...
30 :  60
30 :  60
Initializing...
maxdom : 30
D->valSize : 900
Solving...
currentSize : 14 <-- 0.010587 s
currentSize : 15 <-- 0.010609 s
currentSize : 16 <-- 0.010682 s
currentSize : 17 <-- 0.011952 s
currentSize : 18 <-- 0.011995 s
currentSize : 19 <-- 0.128388 s
currentSize : 20 <-- 0.576523 s
currentSize : 21 <-- 2.073367 s
currentSize : 22 <-- 2.165160 s
currentSize : 23 <-- 2.431981 s
currentSize : 25 <-- 3.680515 s

maxsize : 25
nodes : 741599.000000
filtered : 18872529.000000
time : 3.828204
