Parameters: GAD=1 vflib=1 dir=0 label=0 lowerbound=1 fileNameGp=../../cp2016-max-common-connected-subgraph-paper/datasets/graphsdb/mcs90/m2D/m2Dr6/mcs90_m2Dr6_s40.A07 fileNameGt=../../cp2016-max-common-connected-subgraph-paper/datasets/graphsdb/mcs90/m2D/m2Dr6/mcs90_m2Dr6_s40.B07
Reading graphs...
40 :  91
40 :  88
Initializing...
maxdom : 40
D->valSize : 1600
Solving...
currentSize : 18 <-- 0.055960 s
currentSize : 19 <-- 0.056125 s
currentSize : 20 <-- 0.056409 s
currentSize : 21 <-- 0.058446 s
currentSize : 22 <-- 0.066094 s
currentSize : 23 <-- 0.077650 s
currentSize : 24 <-- 0.307914 s
currentSize : 25 <-- 15.470846 s
currentSize : 26 <-- 321.320465 s
currentSize : 27 <-- 503.605286 s
currentSize : 29 <-- 712.147339 s
currentSize : 31 <-- 712.276245 s
currentSize : 36 <-- 712.684692 s

maxsize : 36
nodes : 117467483.000000
filtered : 3298479553.000000
time : 713.138000
