Parameters: GAD=1 vflib=1 dir=0 label=0 lowerbound=1 fileNameGp=../../cp2016-max-common-connected-subgraph-paper/datasets/graphsdb/mcs90/m2D/m2Dr6/mcs90_m2Dr6_s40.A01 fileNameGt=../../cp2016-max-common-connected-subgraph-paper/datasets/graphsdb/mcs90/m2D/m2Dr6/mcs90_m2Dr6_s40.B01
Reading graphs...
40 :  90
40 :  87
Initializing...
maxdom : 40
D->valSize : 1600
Solving...
currentSize : 19 <-- 0.035074 s
currentSize : 21 <-- 0.036079 s
currentSize : 22 <-- 0.043773 s
currentSize : 23 <-- 0.093105 s
currentSize : 24 <-- 0.496675 s
currentSize : 25 <-- 6.308788 s
currentSize : 26 <-- 257.660767 s
currentSize : 27 <-- 413.683868 s
currentSize : 28 <-- 584.750549 s
currentSize : 29 <-- 585.448242 s
currentSize : 30 <-- 643.911499 s
currentSize : 31 <-- 644.421387 s
currentSize : 36 <-- 644.521484 s

maxsize : 36
nodes : 101093493.000000
filtered : 2916950421.000000
time : 644.721619
