Parameters: GAD=1 vflib=1 dir=0 label=0 lowerbound=1 fileNameGp=../../cp2016-max-common-connected-subgraph-paper/datasets/graphsdb/mcs90/bvg/b09m/mcs90_b09m_s50.A09 fileNameGt=../../cp2016-max-common-connected-subgraph-paper/datasets/graphsdb/mcs90/bvg/b09m/mcs90_b09m_s50.B09
Reading graphs...
50 :  218
50 :  218
Initializing...
maxdom : 50
D->valSize : 2500
Solving...
currentSize : 17 <-- 0.085519 s
currentSize : 18 <-- 0.085598 s
currentSize : 19 <-- 0.085660 s
currentSize : 20 <-- 0.089323 s
currentSize : 21 <-- 0.468043 s
currentSize : 22 <-- 3.248219 s
currentSize : 23 <-- 351.012054 s
currentSize : 25 <-- 351.612091 s
currentSize : 26 <-- 449.257111 s
currentSize : 27 <-- 654.139526 s
currentSize : 30 <-- 747.591187 s
currentSize : 32 <-- 784.849304 s

TIMEOUT
maxsize : 32
nodes : 140519044.000000
filtered : 4786717750.000000
time : 1000.000061
