Parameters: GAD=1 vflib=1 dir=0 label=0 lowerbound=1 fileNameGp=../../cp2016-max-common-connected-subgraph-paper/datasets/graphsdb/mcs90/bvg/b03m/mcs90_b03m_s50.A04 fileNameGt=../../cp2016-max-common-connected-subgraph-paper/datasets/graphsdb/mcs90/bvg/b03m/mcs90_b03m_s50.B04
Reading graphs...
50 :  74
50 :  74
Initializing...
maxdom : 50
D->valSize : 2500
Solving...
currentSize : 23 <-- 0.097790 s
currentSize : 24 <-- 0.098034 s
currentSize : 25 <-- 0.100146 s
currentSize : 26 <-- 0.117911 s
currentSize : 27 <-- 44.485600 s
currentSize : 28 <-- 120.586845 s
currentSize : 29 <-- 120.588272 s
currentSize : 30 <-- 120.647827 s
currentSize : 31 <-- 120.748978 s
currentSize : 32 <-- 226.885788 s

TIMEOUT
maxsize : 32
nodes : 224762969.000000
filtered : 2505964652.000000
time : 1000.000061
