Parameters: GAD=1 vflib=1 dir=0 label=0 lowerbound=1 fileNameGp=../../cp2016-max-common-connected-subgraph-paper/datasets/graphsdb/mcs90/m2D/m2Dr4/mcs90_m2Dr4_s30.A03 fileNameGt=../../cp2016-max-common-connected-subgraph-paper/datasets/graphsdb/mcs90/m2D/m2Dr4/mcs90_m2Dr4_s30.B03
Reading graphs...
30 :  59
30 :  59
Initializing...
maxdom : 30
D->valSize : 900
Solving...
currentSize : 17 <-- 0.010765 s
currentSize : 18 <-- 0.011649 s
currentSize : 19 <-- 0.015847 s
currentSize : 20 <-- 0.501069 s
currentSize : 21 <-- 1.635910 s
currentSize : 22 <-- 1.735110 s
currentSize : 23 <-- 2.091446 s
currentSize : 24 <-- 2.175600 s
currentSize : 25 <-- 2.279456 s

maxsize : 25
nodes : 499522.000000
filtered : 11914435.000000
time : 2.484181
