Parameters: GAD=1 vflib=1 dir=0 label=0 lowerbound=1 fileNameGp=../../cp2016-max-common-connected-subgraph-paper/datasets/graphsdb/mcs90/rand/r005/mcs90_r005_s20.A00 fileNameGt=../../cp2016-max-common-connected-subgraph-paper/datasets/graphsdb/mcs90/rand/r005/mcs90_r005_s20.B00
Reading graphs...
20 :  21
20 :  21
Initializing...
maxdom : 20
D->valSize : 400
Solving...
currentSize : 6 <-- 0.002245 s
currentSize : 9 <-- 0.002718 s
currentSize : 13 <-- 0.004936 s
currentSize : 14 <-- 0.006901 s
currentSize : 15 <-- 0.086031 s
currentSize : 16 <-- 0.086351 s
currentSize : 17 <-- 0.086990 s
currentSize : 18 <-- 0.087569 s
currentSize : 19 <-- 0.087845 s

maxsize : 19
nodes : 46504.000000
filtered : 194673.000000
time : 0.088116
