Parameters: GAD=1 vflib=1 dir=0 label=0 lowerbound=1 fileNameGp=../../cp2016-max-common-connected-subgraph-paper/datasets/graphsdb/mcs90/bvg/b09m/mcs90_b09m_s30.A01 fileNameGt=../../cp2016-max-common-connected-subgraph-paper/datasets/graphsdb/mcs90/bvg/b09m/mcs90_b09m_s30.B01
Reading graphs...
30 :  131
30 :  131
Initializing...
maxdom : 30
D->valSize : 900
Solving...
currentSize : 10 <-- 0.016429 s
currentSize : 11 <-- 0.016530 s
currentSize : 12 <-- 0.016625 s
currentSize : 13 <-- 0.020607 s
currentSize : 14 <-- 0.020648 s
currentSize : 15 <-- 0.139957 s
currentSize : 19 <-- 0.140176 s
currentSize : 20 <-- 0.164460 s
currentSize : 26 <-- 0.166565 s

maxsize : 26
nodes : 40809.000000
filtered : 1024575.000000
time : 0.232891
