Parameters: GAD=1 vflib=1 dir=0 label=0 lowerbound=1 fileNameGp=../../cp2016-max-common-connected-subgraph-paper/datasets/graphsdb/mcs90/m3D/m3Dr4/mcs90_m3Dr4_s30.A06 fileNameGt=../../cp2016-max-common-connected-subgraph-paper/datasets/graphsdb/mcs90/m3D/m3Dr4/mcs90_m3Dr4_s30.B06
Reading graphs...
30 :  70
30 :  70
Initializing...
maxdom : 30
D->valSize : 900
Solving...
currentSize : 12 <-- 0.018228 s
currentSize : 13 <-- 0.018412 s
currentSize : 14 <-- 0.018480 s
currentSize : 15 <-- 0.023161 s
currentSize : 16 <-- 0.023664 s
currentSize : 17 <-- 0.024444 s
currentSize : 18 <-- 0.097064 s
currentSize : 19 <-- 1.250210 s
currentSize : 20 <-- 3.574277 s
currentSize : 21 <-- 5.266404 s
currentSize : 22 <-- 5.570884 s
currentSize : 23 <-- 5.590801 s
currentSize : 27 <-- 5.619683 s

maxsize : 27
nodes : 1244042.000000
filtered : 22691383.000000
time : 5.652186
