Parameters: GAD=1 vflib=1 dir=0 label=0 lowerbound=1 fileNameGp=../../cp2016-max-common-connected-subgraph-paper/datasets/graphsdb/mcs90/m2D/m2D/mcs90_m2D_s30.A00 fileNameGt=../../cp2016-max-common-connected-subgraph-paper/datasets/graphsdb/mcs90/m2D/m2D/mcs90_m2D_s30.B00
Reading graphs...
30 :  49
30 :  49
Initializing...
maxdom : 30
D->valSize : 900
Solving...
currentSize : 17 <-- 0.019041 s
currentSize : 18 <-- 0.019077 s
currentSize : 19 <-- 0.023768 s
currentSize : 20 <-- 0.074134 s
currentSize : 21 <-- 0.128945 s
currentSize : 22 <-- 0.548435 s
currentSize : 23 <-- 2.387110 s
currentSize : 25 <-- 2.400530 s
currentSize : 26 <-- 2.823928 s

maxsize : 26
nodes : 570274.000000
filtered : 10732164.000000
time : 2.875166
