Parameters: GAD=1 vflib=1 dir=0 label=0 lowerbound=1 fileNameGp=../../cp2016-max-common-connected-subgraph-paper/datasets/graphsdb/mcs90/m2D/m2Dr4/mcs90_m2Dr4_s50.A03 fileNameGt=../../cp2016-max-common-connected-subgraph-paper/datasets/graphsdb/mcs90/m2D/m2Dr4/mcs90_m2Dr4_s50.B03
Reading graphs...
50 :  103
50 :  100
Initializing...
maxdom : 50
D->valSize : 2500
Solving...
currentSize : 26 <-- 0.095654 s
currentSize : 27 <-- 0.111636 s
currentSize : 28 <-- 1.420973 s
currentSize : 29 <-- 3.998941 s
currentSize : 30 <-- 5.307669 s
currentSize : 31 <-- 5.723755 s
currentSize : 32 <-- 6.195581 s
currentSize : 33 <-- 14.947021 s
currentSize : 34 <-- 897.796997 s

TIMEOUT
maxsize : 34
nodes : 138817802.000000
filtered : 4062469756.000000
time : 1000.000061
