Parameters: GAD=1 vflib=1 dir=0 label=0 lowerbound=1 fileNameGp=../../cp2016-max-common-connected-subgraph-paper/datasets/graphsdb/mcs90/rand/r005/mcs90_r005_s30.A04 fileNameGt=../../cp2016-max-common-connected-subgraph-paper/datasets/graphsdb/mcs90/rand/r005/mcs90_r005_s30.B04
Reading graphs...
30 :  42
30 :  42
Initializing...
maxdom : 30
D->valSize : 900
Solving...
currentSize : 12 <-- 0.011239 s
currentSize : 14 <-- 0.011263 s
currentSize : 15 <-- 0.011344 s
currentSize : 17 <-- 0.011369 s
currentSize : 18 <-- 0.111103 s
currentSize : 19 <-- 0.570060 s
currentSize : 20 <-- 0.580260 s
currentSize : 21 <-- 3.838973 s
currentSize : 22 <-- 5.242609 s
currentSize : 27 <-- 5.385091 s

maxsize : 27
nodes : 1396722.000000
filtered : 17654056.000000
time : 5.408951
