Parameters: GAD=1 vflib=1 dir=0 label=0 lowerbound=1 fileNameGp=../../cp2016-max-common-connected-subgraph-paper/datasets/graphsdb/mcs90/rand/r005/mcs90_r005_s30.A06 fileNameGt=../../cp2016-max-common-connected-subgraph-paper/datasets/graphsdb/mcs90/rand/r005/mcs90_r005_s30.B06
Reading graphs...
30 :  42
30 :  42
Initializing...
maxdom : 30
D->valSize : 900
Solving...
currentSize : 14 <-- 0.019831 s
currentSize : 15 <-- 0.019955 s
currentSize : 16 <-- 0.020681 s
currentSize : 17 <-- 0.034118 s
currentSize : 18 <-- 0.151951 s
currentSize : 19 <-- 0.345422 s
currentSize : 20 <-- 0.565589 s
currentSize : 21 <-- 5.529042 s
currentSize : 23 <-- 5.550548 s
currentSize : 25 <-- 5.582768 s
currentSize : 26 <-- 5.584117 s
currentSize : 27 <-- 5.584143 s

maxsize : 27
nodes : 1597501.000000
filtered : 15568668.000000
time : 5.605029
