Parameters: GAD=1 vflib=1 dir=0 label=0 lowerbound=1 fileNameGp=../../cp2016-max-common-connected-subgraph-paper/datasets/graphsdb/mcs90/bvg/b03m/mcs90_b03m_s20.A07 fileNameGt=../../cp2016-max-common-connected-subgraph-paper/datasets/graphsdb/mcs90/bvg/b03m/mcs90_b03m_s20.B07
Reading graphs...
20 :  30
20 :  30
Initializing...
maxdom : 20
D->valSize : 400
Solving...
currentSize : 10 <-- 0.003798 s
currentSize : 11 <-- 0.003849 s
currentSize : 12 <-- 0.004226 s
currentSize : 13 <-- 0.005337 s
currentSize : 14 <-- 0.005592 s
currentSize : 15 <-- 0.007543 s
currentSize : 16 <-- 0.031751 s
currentSize : 17 <-- 0.067139 s
currentSize : 18 <-- 0.067282 s

maxsize : 18
nodes : 12761.000000
filtered : 204943.000000
time : 0.068376
