Parameters: GAD=1 vflib=1 dir=0 label=0 lowerbound=1 fileNameGp=../../cp2016-max-common-connected-subgraph-paper/datasets/graphsdb/mcs90/bvg/b09m/mcs90_b09m_s30.A03 fileNameGt=../../cp2016-max-common-connected-subgraph-paper/datasets/graphsdb/mcs90/bvg/b09m/mcs90_b09m_s30.B03
Reading graphs...
30 :  131
30 :  132
Initializing...
maxdom : 30
D->valSize : 900
Solving...
currentSize : 12 <-- 0.017007 s
currentSize : 13 <-- 0.017079 s
currentSize : 14 <-- 0.238394 s
currentSize : 15 <-- 2.895560 s
currentSize : 16 <-- 7.757497 s
currentSize : 17 <-- 7.843137 s
currentSize : 18 <-- 8.630034 s
currentSize : 20 <-- 8.657233 s
currentSize : 26 <-- 8.668384 s

maxsize : 26
nodes : 2013854.000000
filtered : 32747910.000000
time : 8.725116
