Parameters: GAD=1 vflib=1 dir=0 label=0 lowerbound=1 fileNameGp=../../cp2016-max-common-connected-subgraph-paper/datasets/graphsdb/mcs90/rand/r02/mcs90_r02_s50.A03 fileNameGt=../../cp2016-max-common-connected-subgraph-paper/datasets/graphsdb/mcs90/rand/r02/mcs90_r02_s50.B03
Reading graphs...
50 :  435
50 :  437
Initializing...
maxdom : 50
D->valSize : 2500
Solving...
currentSize : 12 <-- 0.075432 s
currentSize : 13 <-- 0.076420 s
currentSize : 14 <-- 0.077494 s
currentSize : 15 <-- 0.086265 s
currentSize : 16 <-- 0.754517 s
currentSize : 17 <-- 208.656738 s
currentSize : 18 <-- 214.429688 s
currentSize : 19 <-- 250.946320 s
currentSize : 22 <-- 900.296387 s

TIMEOUT
maxsize : 22
nodes : 180513559.000000
filtered : 2468433477.000000
time : 1000.000000
