Parameters: GAD=1 vflib=1 dir=0 label=0 lowerbound=1 fileNameGp=../../cp2016-max-common-connected-subgraph-paper/datasets/graphsdb/mcs90/bvg/b09/mcs90_b09_s40.A05 fileNameGt=../../cp2016-max-common-connected-subgraph-paper/datasets/graphsdb/mcs90/bvg/b09/mcs90_b09_s40.B05
Reading graphs...
40 :  179
40 :  180
Initializing...
maxdom : 40
D->valSize : 1600
Solving...
currentSize : 16 <-- 0.054714 s
currentSize : 17 <-- 0.055343 s
currentSize : 18 <-- 0.057606 s
currentSize : 19 <-- 0.063872 s
currentSize : 20 <-- 0.063929 s
currentSize : 21 <-- 0.065713 s
currentSize : 22 <-- 0.073464 s
currentSize : 23 <-- 0.828279 s
currentSize : 36 <-- 2.786681 s
currentSize : 37 <-- 2.924481 s

maxsize : 37
nodes : 466565.000000
filtered : 11787783.000000
time : 2.985323
