Parameters: GAD=1 vflib=1 dir=0 label=0 lowerbound=1 fileNameGp=../../cp2016-max-common-connected-subgraph-paper/datasets/graphsdb/mcs90/m2D/m2D/mcs90_m2D_s50.A02 fileNameGt=../../cp2016-max-common-connected-subgraph-paper/datasets/graphsdb/mcs90/m2D/m2D/mcs90_m2D_s50.B02
Reading graphs...
50 :  85
50 :  85
Initializing...
maxdom : 50
D->valSize : 2500
Solving...
currentSize : 29 <-- 0.139302 s
currentSize : 33 <-- 0.140891 s
currentSize : 34 <-- 0.142041 s
currentSize : 35 <-- 0.153069 s
currentSize : 36 <-- 0.165043 s
currentSize : 37 <-- 0.280865 s
currentSize : 38 <-- 4.581371 s
currentSize : 39 <-- 4.581556 s
currentSize : 41 <-- 7.993358 s
currentSize : 42 <-- 8.065910 s
currentSize : 43 <-- 8.078066 s
currentSize : 44 <-- 8.516962 s
currentSize : 45 <-- 8.845437 s
currentSize : 49 <-- 8.853606 s

maxsize : 49
nodes : 1195894.000000
filtered : 36672726.000000
time : 8.861887
