Parameters: GAD=1 vflib=1 dir=0 label=0 lowerbound=1 fileNameGp=../../cp2016-max-common-connected-subgraph-paper/datasets/graphsdb/mcs90/rand/r02/mcs90_r02_s50.A07 fileNameGt=../../cp2016-max-common-connected-subgraph-paper/datasets/graphsdb/mcs90/rand/r02/mcs90_r02_s50.B07
Reading graphs...
50 :  444
50 :  440
Initializing...
maxdom : 50
D->valSize : 2500
Solving...
currentSize : 11 <-- 0.118514 s
currentSize : 12 <-- 0.118575 s
currentSize : 13 <-- 0.118654 s
currentSize : 14 <-- 0.118895 s
currentSize : 15 <-- 0.662476 s
currentSize : 16 <-- 2.726585 s
currentSize : 17 <-- 172.440384 s

TIMEOUT
maxsize : 17
nodes : 198399008.000000
filtered : 2072623693.000000
time : 1000.000061
