Parameters: GAD=1 vflib=1 dir=0 label=0 lowerbound=1 fileNameGp=../../cp2016-max-common-connected-subgraph-paper/datasets/graphsdb/mcs90/m2D/m2Dr2/mcs90_m2Dr2_s30.A08 fileNameGt=../../cp2016-max-common-connected-subgraph-paper/datasets/graphsdb/mcs90/m2D/m2Dr2/mcs90_m2Dr2_s30.B08
Reading graphs...
30 :  55
30 :  55
Initializing...
maxdom : 30
D->valSize : 900
Solving...
currentSize : 17 <-- 0.019120 s
currentSize : 18 <-- 0.019242 s
currentSize : 19 <-- 0.062119 s
currentSize : 20 <-- 0.083482 s
currentSize : 21 <-- 12.207975 s
currentSize : 22 <-- 12.562804 s
currentSize : 25 <-- 14.149024 s

maxsize : 25
nodes : 3092123.000000
filtered : 64179795.000000
time : 14.531981
