Parameters: GAD=1 vflib=1 dir=0 label=0 lowerbound=1 fileNameGp=../../cp2016-max-common-connected-subgraph-paper/datasets/graphsdb/mcs90/bvg/b03m/mcs90_b03m_s25.A09 fileNameGt=../../cp2016-max-common-connected-subgraph-paper/datasets/graphsdb/mcs90/bvg/b03m/mcs90_b03m_s25.B09
Reading graphs...
25 :  36
25 :  37
Initializing...
maxdom : 25
D->valSize : 625
Solving...
currentSize : 13 <-- 0.005339 s
currentSize : 14 <-- 0.005364 s
currentSize : 15 <-- 0.015305 s
currentSize : 16 <-- 0.017152 s
currentSize : 17 <-- 0.019633 s
currentSize : 18 <-- 0.026855 s
currentSize : 19 <-- 0.303163 s
currentSize : 20 <-- 0.362352 s
currentSize : 22 <-- 0.418942 s

maxsize : 22
nodes : 107949.000000
filtered : 1668358.000000
time : 0.429061
