Parameters: GAD=1 vflib=1 dir=0 label=0 lowerbound=1 fileNameGp=../../cp2016-max-common-connected-subgraph-paper/datasets/graphsdb/mcs90/bvg/b06m/mcs90_b06m_s40.A09 fileNameGt=../../cp2016-max-common-connected-subgraph-paper/datasets/graphsdb/mcs90/bvg/b06m/mcs90_b06m_s40.B09
Reading graphs...
40 :  119
40 :  119
Initializing...
maxdom : 40
D->valSize : 1600
Solving...
currentSize : 19 <-- 0.059913 s
currentSize : 20 <-- 0.060427 s
currentSize : 21 <-- 0.117636 s
currentSize : 22 <-- 0.132047 s
currentSize : 23 <-- 2.219908 s
currentSize : 24 <-- 2.345571 s
currentSize : 25 <-- 181.580032 s
currentSize : 26 <-- 183.768860 s
currentSize : 27 <-- 183.769104 s
currentSize : 28 <-- 333.205139 s
currentSize : 30 <-- 333.276123 s
currentSize : 36 <-- 333.335510 s

maxsize : 36
nodes : 46426071.000000
filtered : 1837116422.000000
time : 333.449890
