Parameters: GAD=1 vflib=1 dir=0 label=0 lowerbound=1 fileNameGp=../../cp2016-max-common-connected-subgraph-paper/datasets/graphsdb/mcs90/m2D/m2D/mcs90_m2D_s40.A03 fileNameGt=../../cp2016-max-common-connected-subgraph-paper/datasets/graphsdb/mcs90/m2D/m2D/mcs90_m2D_s40.B03
Reading graphs...
40 :  67
40 :  67
Initializing...
maxdom : 40
D->valSize : 1600
Solving...
currentSize : 27 <-- 0.036098 s
currentSize : 28 <-- 0.036180 s
currentSize : 29 <-- 0.137197 s
currentSize : 30 <-- 0.990791 s
currentSize : 32 <-- 1.000821 s
currentSize : 33 <-- 2.891816 s
currentSize : 34 <-- 3.539784 s
currentSize : 36 <-- 3.539980 s

maxsize : 36
nodes : 597502.000000
filtered : 17038230.000000
time : 4.124646
