Parameters: GAD=1 vflib=1 dir=0 label=0 lowerbound=1 fileNameGp=../../cp2016-max-common-connected-subgraph-paper/datasets/graphsdb/mcs90/bvg/b06m/mcs90_b06m_s30.A01 fileNameGt=../../cp2016-max-common-connected-subgraph-paper/datasets/graphsdb/mcs90/bvg/b06m/mcs90_b06m_s30.B01
Reading graphs...
30 :  88
30 :  88
Initializing...
maxdom : 30
D->valSize : 900
Solving...
currentSize : 12 <-- 0.009952 s
currentSize : 14 <-- 0.009983 s
currentSize : 15 <-- 0.010011 s
currentSize : 16 <-- 0.011180 s
currentSize : 17 <-- 0.011200 s
currentSize : 18 <-- 0.053891 s
currentSize : 19 <-- 0.637446 s
currentSize : 20 <-- 0.704318 s
currentSize : 22 <-- 1.956439 s
currentSize : 24 <-- 2.149353 s
currentSize : 25 <-- 2.150172 s
currentSize : 27 <-- 2.150313 s

maxsize : 27
nodes : 381505.000000
filtered : 11948128.000000
time : 2.169346
