Parameters: GAD=1 vflib=1 dir=0 label=0 lowerbound=1 fileNameGp=../../cp2016-max-common-connected-subgraph-paper/datasets/graphsdb/mcs90/bvg/b06m/mcs90_b06m_s20.A08 fileNameGt=../../cp2016-max-common-connected-subgraph-paper/datasets/graphsdb/mcs90/bvg/b06m/mcs90_b06m_s20.B08
Reading graphs...
20 :  58
20 :  58
Initializing...
maxdom : 20
D->valSize : 400
Solving...
currentSize : 8 <-- 0.003464 s
currentSize : 9 <-- 0.003506 s
currentSize : 10 <-- 0.003771 s
currentSize : 11 <-- 0.003818 s
currentSize : 12 <-- 0.132020 s
currentSize : 13 <-- 0.185560 s
currentSize : 14 <-- 0.186537 s
currentSize : 15 <-- 0.186576 s
currentSize : 18 <-- 0.186641 s

maxsize : 18
nodes : 52024.000000
filtered : 493519.000000
time : 0.188248
