Parameters: GAD=1 vflib=1 dir=0 label=0 lowerbound=1 fileNameGp=../../cp2016-max-common-connected-subgraph-paper/datasets/graphsdb/mcs90/rand/r01/mcs90_r01_s35.A04 fileNameGt=../../cp2016-max-common-connected-subgraph-paper/datasets/graphsdb/mcs90/rand/r01/mcs90_r01_s35.B04
Reading graphs...
35 :  111
35 :  110
Initializing...
maxdom : 35
D->valSize : 1225
Solving...
currentSize : 15 <-- 0.018922 s
currentSize : 16 <-- 0.023433 s
currentSize : 17 <-- 0.053861 s
currentSize : 18 <-- 0.361938 s
currentSize : 19 <-- 6.700732 s
currentSize : 20 <-- 58.246525 s
currentSize : 21 <-- 136.396210 s
currentSize : 22 <-- 152.823929 s
currentSize : 25 <-- 173.166885 s
currentSize : 26 <-- 174.562134 s
currentSize : 31 <-- 174.637939 s

maxsize : 31
nodes : 33917545.000000
filtered : 746277948.000000
time : 174.750198
