Parameters: GAD=1 vflib=1 dir=0 label=0 lowerbound=1 fileNameGp=../../cp2016-max-common-connected-subgraph-paper/datasets/graphsdb/mcs90/bvg/b06m/mcs90_b06m_s35.A02 fileNameGt=../../cp2016-max-common-connected-subgraph-paper/datasets/graphsdb/mcs90/bvg/b06m/mcs90_b06m_s35.B02
Reading graphs...
35 :  103
35 :  103
Initializing...
maxdom : 35
D->valSize : 1225
Solving...
currentSize : 14 <-- 0.019797 s
currentSize : 15 <-- 0.020195 s
currentSize : 16 <-- 0.025489 s
currentSize : 17 <-- 0.074533 s
currentSize : 18 <-- 0.499257 s
currentSize : 19 <-- 0.795855 s
currentSize : 20 <-- 36.743187 s
currentSize : 21 <-- 79.270889 s
currentSize : 22 <-- 106.490631 s
currentSize : 23 <-- 125.128181 s
currentSize : 25 <-- 125.179001 s
currentSize : 27 <-- 125.408310 s
currentSize : 29 <-- 125.604538 s
currentSize : 31 <-- 125.813560 s

maxsize : 31
nodes : 24105996.000000
filtered : 567477843.000000
time : 125.844810
