Parameters: GAD=1 vflib=1 dir=0 label=0 lowerbound=1 fileNameGp=../../cp2016-max-common-connected-subgraph-paper/datasets/graphsdb/mcs90/m2D/m2D/mcs90_m2D_s50.A06 fileNameGt=../../cp2016-max-common-connected-subgraph-paper/datasets/graphsdb/mcs90/m2D/m2D/mcs90_m2D_s50.B06
Reading graphs...
50 :  85
50 :  85
Initializing...
maxdom : 50
D->valSize : 2500
Solving...
currentSize : 39 <-- 0.097521 s
currentSize : 40 <-- 0.110505 s
currentSize : 41 <-- 0.112757 s
currentSize : 42 <-- 0.112831 s
currentSize : 46 <-- 11.283892 s
currentSize : 48 <-- 11.284609 s
currentSize : 49 <-- 11.284965 s

maxsize : 49
nodes : 1227661.000000
filtered : 47732784.000000
time : 11.299512
