Parameters: GAD=1 vflib=1 dir=0 label=0 lowerbound=1 fileNameGp=../../cp2016-max-common-connected-subgraph-paper/datasets/graphsdb/mcs90/rand/r02/mcs90_r02_s30.A02 fileNameGt=../../cp2016-max-common-connected-subgraph-paper/datasets/graphsdb/mcs90/rand/r02/mcs90_r02_s30.B02
Reading graphs...
30 :  153
30 :  156
Initializing...
maxdom : 30
D->valSize : 900
Solving...
currentSize : 10 <-- 0.016212 s
currentSize : 11 <-- 0.016504 s
currentSize : 12 <-- 0.020383 s
currentSize : 13 <-- 0.055059 s
currentSize : 14 <-- 0.172749 s
currentSize : 15 <-- 0.238386 s
currentSize : 16 <-- 6.175358 s
currentSize : 18 <-- 6.792078 s
currentSize : 19 <-- 6.800571 s
currentSize : 27 <-- 8.606635 s

maxsize : 27
nodes : 1856225.000000
filtered : 31722392.000000
time : 8.620657
