Parameters: GAD=1 vflib=1 dir=0 label=0 lowerbound=1 fileNameGp=../../cp2016-max-common-connected-subgraph-paper/datasets/graphsdb/mcs90/bvg/b03m/mcs90_b03m_s35.A03 fileNameGt=../../cp2016-max-common-connected-subgraph-paper/datasets/graphsdb/mcs90/bvg/b03m/mcs90_b03m_s35.B03
Reading graphs...
35 :  52
35 :  52
Initializing...
maxdom : 35
D->valSize : 1225
Solving...
currentSize : 18 <-- 0.021040 s
currentSize : 19 <-- 0.021065 s
currentSize : 20 <-- 0.021087 s
currentSize : 21 <-- 0.021244 s
currentSize : 22 <-- 0.029545 s
currentSize : 23 <-- 0.233240 s
currentSize : 24 <-- 0.399474 s
currentSize : 25 <-- 0.533427 s
currentSize : 26 <-- 0.800591 s
currentSize : 27 <-- 1.048830 s
currentSize : 28 <-- 1.106035 s
currentSize : 29 <-- 1.182504 s
currentSize : 30 <-- 1.202924 s

maxsize : 30
nodes : 334136.000000
filtered : 5853471.000000
time : 1.585734
