Parameters: GAD=1 vflib=1 dir=0 label=0 lowerbound=1 fileNameGp=../../cp2016-max-common-connected-subgraph-paper/datasets/graphsdb/mcs90/bvg/b06/mcs90_b06_s30.A09 fileNameGt=../../cp2016-max-common-connected-subgraph-paper/datasets/graphsdb/mcs90/bvg/b06/mcs90_b06_s30.B09
Reading graphs...
30 :  90
30 :  89
Initializing...
maxdom : 30
D->valSize : 900
Solving...
currentSize : 14 <-- 0.010177 s
currentSize : 15 <-- 0.010197 s
currentSize : 16 <-- 0.010206 s
currentSize : 17 <-- 0.010267 s
currentSize : 18 <-- 0.010313 s
currentSize : 19 <-- 0.010371 s
currentSize : 20 <-- 0.011350 s
currentSize : 21 <-- 0.014138 s
currentSize : 22 <-- 0.015528 s
currentSize : 23 <-- 0.015927 s
currentSize : 24 <-- 0.018984 s
currentSize : 25 <-- 0.019045 s
currentSize : 27 <-- 0.023668 s

maxsize : 27
nodes : 15309.000000
filtered : 437654.000000
time : 0.097804
