Parameters: GAD=1 vflib=1 dir=0 label=0 lowerbound=1 fileNameGp=../../cp2016-max-common-connected-subgraph-paper/datasets/graphsdb/mcs90/bvg/b06/mcs90_b06_s40.A02 fileNameGt=../../cp2016-max-common-connected-subgraph-paper/datasets/graphsdb/mcs90/bvg/b06/mcs90_b06_s40.B02
Reading graphs...
40 :  120
40 :  119
Initializing...
maxdom : 40
D->valSize : 1600
Solving...
currentSize : 27 <-- 0.033642 s
currentSize : 29 <-- 0.033742 s
currentSize : 30 <-- 0.033813 s
currentSize : 31 <-- 0.033984 s
currentSize : 33 <-- 0.034099 s
currentSize : 34 <-- 0.034261 s
currentSize : 36 <-- 0.036171 s

maxsize : 36
nodes : 41409.000000
filtered : 2074925.000000
time : 0.408745
