Parameters: GAD=1 vflib=1 dir=0 label=0 lowerbound=1 fileNameGp=../../cp2016-max-common-connected-subgraph-paper/datasets/graphsdb/mcs90/m3D/m3Dr6/mcs90_m3Dr6_s30.A07 fileNameGt=../../cp2016-max-common-connected-subgraph-paper/datasets/graphsdb/mcs90/m3D/m3Dr6/mcs90_m3Dr6_s30.B07
Reading graphs...
30 :  77
30 :  75
Initializing...
maxdom : 30
D->valSize : 900
Solving...
currentSize : 15 <-- 0.017861 s
currentSize : 16 <-- 0.018418 s
currentSize : 17 <-- 0.088270 s
currentSize : 18 <-- 0.369901 s
currentSize : 19 <-- 10.560176 s
currentSize : 20 <-- 15.041629 s
currentSize : 24 <-- 15.408973 s
currentSize : 27 <-- 15.409024 s

maxsize : 27
nodes : 3493339.000000
filtered : 61028916.000000
time : 15.427641
