Parameters: GAD=1 vflib=1 dir=0 label=0 lowerbound=1 fileNameGp=../../cp2016-max-common-connected-subgraph-paper/datasets/graphsdb/mcs90/m2D/m2Dr6/mcs90_m2Dr6_s40.A08 fileNameGt=../../cp2016-max-common-connected-subgraph-paper/datasets/graphsdb/mcs90/m2D/m2Dr6/mcs90_m2Dr6_s40.B08
Reading graphs...
40 :  91
40 :  91
Initializing...
maxdom : 40
D->valSize : 1600
Solving...
currentSize : 18 <-- 0.034888 s
currentSize : 19 <-- 0.035037 s
currentSize : 20 <-- 0.042556 s
currentSize : 21 <-- 0.047264 s
currentSize : 22 <-- 0.080067 s
currentSize : 23 <-- 0.233236 s
currentSize : 24 <-- 1.085775 s
currentSize : 25 <-- 21.584188 s
currentSize : 27 <-- 226.826004 s
currentSize : 28 <-- 280.949646 s
currentSize : 29 <-- 280.954102 s
currentSize : 30 <-- 281.074036 s
currentSize : 32 <-- 295.114929 s
currentSize : 36 <-- 300.206146 s

maxsize : 36
nodes : 51478881.000000
filtered : 1392452925.000000
time : 300.438263
