Parameters: GAD=1 vflib=1 dir=0 label=0 lowerbound=1 fileNameGp=../../cp2016-max-common-connected-subgraph-paper/datasets/graphsdb/mcs90/rand/r005/mcs90_r005_s50.A06 fileNameGt=../../cp2016-max-common-connected-subgraph-paper/datasets/graphsdb/mcs90/rand/r005/mcs90_r005_s50.B06
Reading graphs...
50 :  120
50 :  120
Initializing...
maxdom : 50
D->valSize : 2500
Solving...
currentSize : 21 <-- 0.095000 s
currentSize : 22 <-- 0.099003 s
currentSize : 23 <-- 0.111345 s
currentSize : 24 <-- 0.164744 s
currentSize : 25 <-- 0.392948 s
currentSize : 26 <-- 0.758870 s
currentSize : 27 <-- 2.157289 s
currentSize : 28 <-- 395.735107 s
currentSize : 29 <-- 969.153931 s

TIMEOUT
maxsize : 29
nodes : 198945092.000000
filtered : 2917386810.000000
time : 1000.000061
