Parameters: GAD=1 vflib=1 dir=0 label=0 lowerbound=1 fileNameGp=../../cp2016-max-common-connected-subgraph-paper/datasets/graphsdb/mcs90/rand/r005/mcs90_r005_s35.A06 fileNameGt=../../cp2016-max-common-connected-subgraph-paper/datasets/graphsdb/mcs90/rand/r005/mcs90_r005_s35.B06
Reading graphs...
35 :  58
35 :  57
Initializing...
maxdom : 35
D->valSize : 1225
Solving...
currentSize : 19 <-- 0.020777 s
currentSize : 20 <-- 0.020916 s
currentSize : 21 <-- 0.020967 s
currentSize : 22 <-- 0.037917 s
currentSize : 23 <-- 0.054018 s
currentSize : 24 <-- 0.209137 s
currentSize : 25 <-- 1.563306 s
currentSize : 26 <-- 3.741928 s
currentSize : 27 <-- 7.456575 s
currentSize : 28 <-- 8.135439 s
currentSize : 29 <-- 8.135631 s
currentSize : 30 <-- 8.665194 s
currentSize : 31 <-- 8.665236 s

maxsize : 31
nodes : 1468589.000000
filtered : 40046627.000000
time : 8.729831
