Parameters: GAD=1 vflib=1 dir=0 label=0 lowerbound=1 fileNameGp=../../cp2016-max-common-connected-subgraph-paper/datasets/graphsdb/mcs90/rand/r02/mcs90_r02_s25.A06 fileNameGt=../../cp2016-max-common-connected-subgraph-paper/datasets/graphsdb/mcs90/rand/r02/mcs90_r02_s25.B06
Reading graphs...
25 :  105
25 :  103
Initializing...
maxdom : 25
D->valSize : 625
Solving...
currentSize : 9 <-- 0.004493 s
currentSize : 10 <-- 0.004547 s
currentSize : 11 <-- 0.004903 s
currentSize : 12 <-- 0.005960 s
currentSize : 13 <-- 0.164366 s
currentSize : 14 <-- 0.808172 s
currentSize : 15 <-- 0.820496 s
currentSize : 16 <-- 0.820535 s
currentSize : 22 <-- 0.840493 s

maxsize : 22
nodes : 244366.000000
filtered : 2420376.000000
time : 0.852585
