Parameters: GAD=1 vflib=1 dir=0 label=0 lowerbound=1 fileNameGp=../../cp2016-max-common-connected-subgraph-paper/datasets/graphsdb/mcs90/bvg/b03/mcs90_b03_s50.A07 fileNameGt=../../cp2016-max-common-connected-subgraph-paper/datasets/graphsdb/mcs90/bvg/b03/mcs90_b03_s50.B07
Reading graphs...
50 :  75
50 :  75
Initializing...
maxdom : 50
D->valSize : 2500
Solving...
currentSize : 39 <-- 0.097701 s
currentSize : 40 <-- 0.097766 s
currentSize : 41 <-- 0.678515 s
currentSize : 42 <-- 2.474220 s
currentSize : 43 <-- 2.657497 s
currentSize : 44 <-- 2.661668 s
currentSize : 45 <-- 2.796612 s
currentSize : 46 <-- 4.131374 s

maxsize : 46
nodes : 541784.000000
filtered : 18961207.000000
time : 5.108492
