Parameters: GAD=1 vflib=1 dir=0 label=0 lowerbound=1 fileNameGp=../../cp2016-max-common-connected-subgraph-paper/datasets/graphsdb/mcs90/rand/r01/mcs90_r01_s50.A04 fileNameGt=../../cp2016-max-common-connected-subgraph-paper/datasets/graphsdb/mcs90/rand/r01/mcs90_r01_s50.B04
Reading graphs...
50 :  226
50 :  228
Initializing...
maxdom : 50
D->valSize : 2500
Solving...
currentSize : 14 <-- 0.085134 s
currentSize : 17 <-- 0.085169 s
currentSize : 18 <-- 0.085774 s
currentSize : 19 <-- 0.091147 s
currentSize : 20 <-- 0.091787 s
currentSize : 21 <-- 0.113540 s
currentSize : 22 <-- 41.262112 s

TIMEOUT
maxsize : 22
nodes : 177445018.000000
filtered : 2872128668.000000
time : 1000.000061
