Parameters: GAD=1 vflib=1 dir=0 label=0 lowerbound=1 fileNameGp=../../cp2016-max-common-connected-subgraph-paper/datasets/graphsdb/mcs90/m3D/m3Dr4/mcs90_m3Dr4_s30.A02 fileNameGt=../../cp2016-max-common-connected-subgraph-paper/datasets/graphsdb/mcs90/m3D/m3Dr4/mcs90_m3Dr4_s30.B02
Reading graphs...
30 :  73
30 :  73
Initializing...
maxdom : 30
D->valSize : 900
Solving...
currentSize : 14 <-- 0.010414 s
currentSize : 16 <-- 0.010434 s
currentSize : 17 <-- 0.011338 s
currentSize : 18 <-- 0.176297 s
currentSize : 19 <-- 13.182837 s
currentSize : 20 <-- 16.312298 s
currentSize : 22 <-- 22.377974 s
currentSize : 27 <-- 22.873613 s

maxsize : 27
nodes : 5058171.000000
filtered : 97408733.000000
time : 22.911388
