Parameters: GAD=1 vflib=1 dir=0 label=0 lowerbound=1 fileNameGp=../../cp2016-max-common-connected-subgraph-paper/datasets/graphsdb/mcs90/bvg/b03m/mcs90_b03m_s50.A01 fileNameGt=../../cp2016-max-common-connected-subgraph-paper/datasets/graphsdb/mcs90/bvg/b03m/mcs90_b03m_s50.B01
Reading graphs...
50 :  75
50 :  75
Initializing...
maxdom : 50
D->valSize : 2500
Solving...
currentSize : 22 <-- 0.097961 s
currentSize : 23 <-- 0.100479 s
currentSize : 27 <-- 0.121989 s
currentSize : 28 <-- 0.122007 s
currentSize : 29 <-- 0.200466 s
currentSize : 30 <-- 0.533990 s
currentSize : 31 <-- 53.376415 s
currentSize : 32 <-- 139.855927 s
currentSize : 33 <-- 139.855988 s
currentSize : 34 <-- 689.628845 s

TIMEOUT
maxsize : 34
nodes : 184653560.000000
filtered : 3112038371.000000
time : 1000.000061
