Parameters: GAD=1 vflib=1 dir=0 label=0 lowerbound=1 fileNameGp=../../cp2016-max-common-connected-subgraph-paper/datasets/graphsdb/mcs90/bvg/b09m/mcs90_b09m_s30.A08 fileNameGt=../../cp2016-max-common-connected-subgraph-paper/datasets/graphsdb/mcs90/bvg/b09m/mcs90_b09m_s30.B08
Reading graphs...
30 :  131
30 :  132
Initializing...
maxdom : 30
D->valSize : 900
Solving...
currentSize : 10 <-- 0.009412 s
currentSize : 12 <-- 0.009957 s
currentSize : 13 <-- 0.033328 s
currentSize : 14 <-- 0.083248 s
currentSize : 15 <-- 9.984814 s
currentSize : 17 <-- 13.030703 s
currentSize : 18 <-- 13.070923 s
currentSize : 19 <-- 14.389576 s
currentSize : 20 <-- 16.118464 s
currentSize : 26 <-- 19.938639 s

maxsize : 26
nodes : 4469317.000000
filtered : 78543298.000000
time : 19.974272
