Parameters: GAD=1 vflib=1 dir=0 label=0 lowerbound=1 fileNameGp=../../cp2016-max-common-connected-subgraph-paper/datasets/graphsdb/mcs90/rand/r02/mcs90_r02_s30.A07 fileNameGt=../../cp2016-max-common-connected-subgraph-paper/datasets/graphsdb/mcs90/rand/r02/mcs90_r02_s30.B07
Reading graphs...
30 :  157
30 :  160
Initializing...
maxdom : 30
D->valSize : 900
Solving...
currentSize : 10 <-- 0.009259 s
currentSize : 11 <-- 0.009644 s
currentSize : 12 <-- 0.010522 s
currentSize : 13 <-- 0.028893 s
currentSize : 14 <-- 1.245916 s
currentSize : 15 <-- 3.150864 s
currentSize : 17 <-- 6.614201 s
currentSize : 18 <-- 7.285441 s
currentSize : 20 <-- 7.321463 s
currentSize : 27 <-- 7.321762 s

maxsize : 27
nodes : 1769264.000000
filtered : 21546489.000000
time : 7.345461
