Parameters: GAD=1 vflib=1 dir=0 label=0 lowerbound=1 fileNameGp=../../cp2016-max-common-connected-subgraph-paper/datasets/graphsdb/mcs90/bvg/b06m/mcs90_b06m_s35.A05 fileNameGt=../../cp2016-max-common-connected-subgraph-paper/datasets/graphsdb/mcs90/bvg/b06m/mcs90_b06m_s35.B05
Reading graphs...
35 :  102
35 :  102
Initializing...
maxdom : 35
D->valSize : 1225
Solving...
currentSize : 16 <-- 0.019146 s
currentSize : 17 <-- 0.019186 s
currentSize : 18 <-- 0.034190 s
currentSize : 19 <-- 0.433398 s
currentSize : 20 <-- 2.813712 s
currentSize : 21 <-- 6.794509 s
currentSize : 22 <-- 6.800776 s
currentSize : 23 <-- 7.069005 s
currentSize : 24 <-- 8.074626 s
currentSize : 25 <-- 8.087355 s
currentSize : 26 <-- 14.749331 s
currentSize : 27 <-- 15.176400 s
currentSize : 31 <-- 15.194789 s

maxsize : 31
nodes : 2537997.000000
filtered : 83422052.000000
time : 15.242538
