Parameters: GAD=1 vflib=1 dir=0 label=0 lowerbound=1 fileNameGp=../../cp2016-max-common-connected-subgraph-paper/datasets/graphsdb/mcs90/bvg/b09m/mcs90_b09m_s25.A04 fileNameGt=../../cp2016-max-common-connected-subgraph-paper/datasets/graphsdb/mcs90/bvg/b09m/mcs90_b09m_s25.B04
Reading graphs...
25 :  107
25 :  107
Initializing...
maxdom : 25
D->valSize : 625
Solving...
currentSize : 9 <-- 0.004475 s
currentSize : 10 <-- 0.004608 s
currentSize : 11 <-- 0.005035 s
currentSize : 12 <-- 0.009730 s
currentSize : 13 <-- 0.033364 s
currentSize : 17 <-- 0.763153 s
currentSize : 20 <-- 0.763525 s
currentSize : 22 <-- 0.764121 s

maxsize : 22
nodes : 193913.000000
filtered : 2432246.000000
time : 0.771119
