Parameters: GAD=1 vflib=1 dir=0 label=0 lowerbound=1 fileNameGp=../../cp2016-max-common-connected-subgraph-paper/datasets/graphsdb/mcs90/bvg/b03/mcs90_b03_s50.A09 fileNameGt=../../cp2016-max-common-connected-subgraph-paper/datasets/graphsdb/mcs90/bvg/b03/mcs90_b03_s50.B09
Reading graphs...
50 :  75
50 :  75
Initializing...
maxdom : 50
D->valSize : 2500
Solving...
currentSize : 31 <-- 0.122087 s
currentSize : 39 <-- 0.122140 s
currentSize : 40 <-- 0.122176 s
currentSize : 42 <-- 0.154152 s
currentSize : 44 <-- 0.169248 s
currentSize : 45 <-- 0.517008 s

maxsize : 45
nodes : 1204088.000000
filtered : 53779342.000000
time : 13.062811
