Parameters: GAD=1 vflib=1 dir=0 label=0 lowerbound=1 fileNameGp=../../cp2016-max-common-connected-subgraph-paper/datasets/graphsdb/mcs90/rand/r02/mcs90_r02_s25.A01 fileNameGt=../../cp2016-max-common-connected-subgraph-paper/datasets/graphsdb/mcs90/rand/r02/mcs90_r02_s25.B01
Reading graphs...
25 :  107
25 :  106
Initializing...
maxdom : 25
D->valSize : 625
Solving...
currentSize : 10 <-- 0.004381 s
currentSize : 11 <-- 0.005090 s
currentSize : 12 <-- 0.011000 s
currentSize : 13 <-- 0.330082 s
currentSize : 14 <-- 0.616443 s
currentSize : 15 <-- 0.877430 s
currentSize : 16 <-- 0.877472 s
currentSize : 22 <-- 1.280141 s

maxsize : 22
nodes : 317018.000000
filtered : 5334701.000000
time : 1.282846
