Parameters: GAD=1 vflib=1 dir=0 label=0 lowerbound=1 fileNameGp=../../cp2016-max-common-connected-subgraph-paper/datasets/graphsdb/mcs90/m2D/m2Dr6/mcs90_m2Dr6_s40.A02 fileNameGt=../../cp2016-max-common-connected-subgraph-paper/datasets/graphsdb/mcs90/m2D/m2Dr6/mcs90_m2Dr6_s40.B02
Reading graphs...
40 :  90
40 :  88
Initializing...
maxdom : 40
D->valSize : 1600
Solving...
currentSize : 20 <-- 0.056641 s
currentSize : 21 <-- 0.060299 s
currentSize : 22 <-- 0.179838 s
currentSize : 23 <-- 0.201660 s
currentSize : 24 <-- 0.373556 s
currentSize : 25 <-- 60.681023 s
currentSize : 26 <-- 166.625198 s
currentSize : 27 <-- 275.971771 s
currentSize : 28 <-- 421.987732 s
currentSize : 32 <-- 429.226868 s
currentSize : 36 <-- 429.227020 s

maxsize : 36
nodes : 71235377.000000
filtered : 1972306249.000000
time : 429.349091
