Parameters: GAD=1 vflib=1 dir=0 label=0 lowerbound=1 fileNameGp=../../cp2016-max-common-connected-subgraph-paper/datasets/graphsdb/mcs90/rand/r01/mcs90_r01_s40.A00 fileNameGt=../../cp2016-max-common-connected-subgraph-paper/datasets/graphsdb/mcs90/rand/r01/mcs90_r01_s40.B00
Reading graphs...
40 :  144
40 :  143
Initializing...
maxdom : 40
D->valSize : 1600
Solving...
currentSize : 15 <-- 0.047236 s
currentSize : 16 <-- 0.047300 s
currentSize : 17 <-- 0.047493 s
currentSize : 18 <-- 0.049530 s
currentSize : 19 <-- 0.050998 s
currentSize : 20 <-- 35.833080 s
currentSize : 21 <-- 108.404991 s
currentSize : 22 <-- 354.360077 s
currentSize : 23 <-- 354.766876 s
currentSize : 24 <-- 422.890808 s
currentSize : 25 <-- 652.932434 s
currentSize : 26 <-- 652.932617 s
currentSize : 29 <-- 674.841736 s
currentSize : 36 <-- 694.904602 s

maxsize : 36
nodes : 115088241.000000
filtered : 3124169480.000000
time : 695.025269
