Parameters: GAD=1 vflib=1 dir=0 label=0 lowerbound=1 fileNameGp=../../cp2016-max-common-connected-subgraph-paper/datasets/graphsdb/mcs90/rand/r01/mcs90_r01_s30.A07 fileNameGt=../../cp2016-max-common-connected-subgraph-paper/datasets/graphsdb/mcs90/rand/r01/mcs90_r01_s30.B07
Reading graphs...
30 :  81
30 :  81
Initializing...
maxdom : 30
D->valSize : 900
Solving...
currentSize : 13 <-- 0.011325 s
currentSize : 14 <-- 0.011345 s
currentSize : 15 <-- 0.011821 s
currentSize : 16 <-- 0.012691 s
currentSize : 17 <-- 0.014133 s
currentSize : 19 <-- 0.038054 s
currentSize : 20 <-- 0.088472 s
currentSize : 21 <-- 0.099879 s
currentSize : 23 <-- 0.104652 s
currentSize : 24 <-- 0.110999 s
currentSize : 27 <-- 0.113487 s

maxsize : 27
nodes : 21910.000000
filtered : 577816.000000
time : 0.126816
