Parameters: GAD=1 vflib=1 dir=0 label=0 lowerbound=1 fileNameGp=../../cp2016-max-common-connected-subgraph-paper/datasets/graphsdb/mcs90/rand/r02/mcs90_r02_s35.A03 fileNameGt=../../cp2016-max-common-connected-subgraph-paper/datasets/graphsdb/mcs90/rand/r02/mcs90_r02_s35.B03
Reading graphs...
35 :  216
35 :  216
Initializing...
maxdom : 35
D->valSize : 1225
Solving...
currentSize : 10 <-- 0.017198 s
currentSize : 11 <-- 0.017232 s
currentSize : 12 <-- 0.017436 s
currentSize : 13 <-- 0.018163 s
currentSize : 14 <-- 0.024120 s
currentSize : 19 <-- 0.698477 s
currentSize : 20 <-- 1.425328 s
currentSize : 31 <-- 1.427504 s

maxsize : 31
nodes : 322615.000000
filtered : 4793020.000000
time : 1.527726
