Parameters: GAD=1 vflib=1 dir=0 label=0 lowerbound=1 fileNameGp=../../cp2016-max-common-connected-subgraph-paper/datasets/graphsdb/mcs90/m2D/m2Dr2/mcs90_m2Dr2_s40.A01 fileNameGt=../../cp2016-max-common-connected-subgraph-paper/datasets/graphsdb/mcs90/m2D/m2Dr2/mcs90_m2Dr2_s40.B01
Reading graphs...
40 :  75
40 :  74
Initializing...
maxdom : 40
D->valSize : 1600
Solving...
currentSize : 21 <-- 0.035791 s
currentSize : 22 <-- 0.035812 s
currentSize : 23 <-- 0.035874 s
currentSize : 24 <-- 0.042517 s
currentSize : 25 <-- 0.099933 s
currentSize : 26 <-- 0.301474 s
currentSize : 27 <-- 0.570850 s
currentSize : 28 <-- 15.107722 s
currentSize : 29 <-- 52.666977 s
currentSize : 33 <-- 303.371826 s
currentSize : 34 <-- 303.371918 s
currentSize : 36 <-- 303.395355 s

maxsize : 36
nodes : 44157423.000000
filtered : 1453573173.000000
time : 303.663452
