Parameters: GAD=1 vflib=1 dir=0 label=0 lowerbound=1 fileNameGp=../../cp2016-max-common-connected-subgraph-paper/datasets/graphsdb/mcs90/m2D/m2Dr6/mcs90_m2Dr6_s40.A03 fileNameGt=../../cp2016-max-common-connected-subgraph-paper/datasets/graphsdb/mcs90/m2D/m2Dr6/mcs90_m2Dr6_s40.B03
Reading graphs...
40 :  90
40 :  87
Initializing...
maxdom : 40
D->valSize : 1600
Solving...
currentSize : 19 <-- 0.035026 s
currentSize : 21 <-- 0.035729 s
currentSize : 22 <-- 0.132269 s
currentSize : 23 <-- 0.149493 s
currentSize : 24 <-- 0.540429 s
currentSize : 25 <-- 15.297362 s
currentSize : 26 <-- 450.362579 s
currentSize : 27 <-- 768.792664 s
currentSize : 28 <-- 768.834473 s
currentSize : 29 <-- 769.542297 s
currentSize : 30 <-- 769.542480 s
currentSize : 31 <-- 770.017517 s
currentSize : 32 <-- 770.017578 s
currentSize : 36 <-- 770.317383 s

maxsize : 36
nodes : 127147883.000000
filtered : 3533811226.000000
time : 770.617676
