Parameters: GAD=1 vflib=1 dir=0 label=0 lowerbound=1 fileNameGp=../../cp2016-max-common-connected-subgraph-paper/datasets/graphsdb/mcs90/bvg/b09m/mcs90_b09m_s35.A08 fileNameGt=../../cp2016-max-common-connected-subgraph-paper/datasets/graphsdb/mcs90/bvg/b09m/mcs90_b09m_s35.B08
Reading graphs...
35 :  151
35 :  151
Initializing...
maxdom : 35
D->valSize : 1225
Solving...
currentSize : 11 <-- 0.018045 s
currentSize : 12 <-- 0.018098 s
currentSize : 14 <-- 0.019558 s
currentSize : 15 <-- 0.028042 s
currentSize : 16 <-- 0.816207 s
currentSize : 17 <-- 1.826083 s
currentSize : 18 <-- 1.920712 s
currentSize : 19 <-- 2.875206 s
currentSize : 21 <-- 6.336305 s
currentSize : 22 <-- 6.993068 s
currentSize : 23 <-- 6.998747 s
currentSize : 30 <-- 10.652747 s

maxsize : 30
nodes : 1855261.000000
filtered : 54881522.000000
time : 10.878573
