Parameters: GAD=1 vflib=1 dir=0 label=0 lowerbound=1 fileNameGp=../../cp2016-max-common-connected-subgraph-paper/datasets/graphsdb/mcs90/bvg/b03m/mcs90_b03m_s35.A02 fileNameGt=../../cp2016-max-common-connected-subgraph-paper/datasets/graphsdb/mcs90/bvg/b03m/mcs90_b03m_s35.B02
Reading graphs...
35 :  51
35 :  51
Initializing...
maxdom : 35
D->valSize : 1225
Solving...
currentSize : 14 <-- 0.021050 s
currentSize : 17 <-- 0.021082 s
currentSize : 20 <-- 0.021171 s
currentSize : 21 <-- 0.021759 s
currentSize : 22 <-- 0.032986 s
currentSize : 23 <-- 0.395800 s
currentSize : 24 <-- 1.519013 s
currentSize : 25 <-- 10.446762 s
currentSize : 26 <-- 66.786179 s
currentSize : 27 <-- 69.805977 s
currentSize : 28 <-- 70.850449 s
currentSize : 29 <-- 70.850838 s
currentSize : 30 <-- 70.850975 s

maxsize : 30
nodes : 14562387.000000
filtered : 274737742.000000
time : 71.786514
