Parameters: GAD=1 vflib=1 dir=0 label=0 lowerbound=1 fileNameGp=../../cp2016-max-common-connected-subgraph-paper/datasets/graphsdb/mcs90/bvg/b03m/mcs90_b03m_s25.A04 fileNameGt=../../cp2016-max-common-connected-subgraph-paper/datasets/graphsdb/mcs90/bvg/b03m/mcs90_b03m_s25.B04
Reading graphs...
25 :  37
25 :  37
Initializing...
maxdom : 25
D->valSize : 625
Solving...
currentSize : 13 <-- 0.009055 s
currentSize : 15 <-- 0.009113 s
currentSize : 16 <-- 0.009704 s
currentSize : 17 <-- 0.022744 s
currentSize : 18 <-- 0.033476 s
currentSize : 19 <-- 0.075264 s
currentSize : 21 <-- 0.094354 s
currentSize : 22 <-- 0.094597 s

maxsize : 22
nodes : 18909.000000
filtered : 318057.000000
time : 0.108046
