Parameters: GAD=1 vflib=1 dir=0 label=0 lowerbound=1 fileNameGp=../../cp2016-max-common-connected-subgraph-paper/datasets/graphsdb/mcs90/m2D/m2Dr2/mcs90_m2Dr2_s50.A00 fileNameGt=../../cp2016-max-common-connected-subgraph-paper/datasets/graphsdb/mcs90/m2D/m2Dr2/mcs90_m2Dr2_s50.B00
Reading graphs...
50 :  94
50 :  94
Initializing...
maxdom : 50
D->valSize : 2500
Solving...
currentSize : 26 <-- 0.095832 s
currentSize : 27 <-- 0.095943 s
currentSize : 28 <-- 0.095963 s
currentSize : 29 <-- 0.097454 s
currentSize : 30 <-- 0.098601 s
currentSize : 31 <-- 0.131592 s
currentSize : 32 <-- 0.137103 s
currentSize : 33 <-- 0.682875 s
currentSize : 34 <-- 1.222631 s
currentSize : 35 <-- 1.481175 s
currentSize : 36 <-- 962.617615 s

TIMEOUT
maxsize : 36
nodes : 125679436.000000
filtered : 4294502159.000000
time : 1000.000061
