Parameters: GAD=1 vflib=1 dir=0 label=0 lowerbound=1 fileNameGp=../../cp2016-max-common-connected-subgraph-paper/datasets/graphsdb/mcs90/bvg/b06m/mcs90_b06m_s30.A00 fileNameGt=../../cp2016-max-common-connected-subgraph-paper/datasets/graphsdb/mcs90/bvg/b06m/mcs90_b06m_s30.B00
Reading graphs...
30 :  85
30 :  87
Initializing...
maxdom : 30
D->valSize : 900
Solving...
currentSize : 14 <-- 0.017742 s
currentSize : 15 <-- 0.018629 s
currentSize : 16 <-- 0.080694 s
currentSize : 17 <-- 0.350968 s
currentSize : 18 <-- 0.537193 s
currentSize : 20 <-- 3.923162 s
currentSize : 21 <-- 4.113887 s
currentSize : 24 <-- 4.570369 s
currentSize : 25 <-- 4.571434 s
currentSize : 27 <-- 4.571552 s

maxsize : 27
nodes : 963639.000000
filtered : 21304259.000000
time : 4.589604
