Parameters: GAD=1 vflib=1 dir=0 label=0 lowerbound=1 fileNameGp=../../cp2016-max-common-connected-subgraph-paper/datasets/graphsdb/mcs90/rand/r005/mcs90_r005_s20.A05 fileNameGt=../../cp2016-max-common-connected-subgraph-paper/datasets/graphsdb/mcs90/rand/r005/mcs90_r005_s20.B05
Reading graphs...
20 :  20
20 :  21
Initializing...
maxdom : 20
D->valSize : 400
Solving...
currentSize : 8 <-- 0.002350 s
currentSize : 9 <-- 0.003252 s
currentSize : 10 <-- 0.003269 s
currentSize : 14 <-- 0.034501 s
currentSize : 15 <-- 0.172935 s
currentSize : 16 <-- 0.174710 s
currentSize : 18 <-- 0.175696 s

maxsize : 18
nodes : 75832.000000
filtered : 535836.000000
time : 0.177463
