Parameters: GAD=1 vflib=1 dir=0 label=0 lowerbound=1 fileNameGp=../../cp2016-max-common-connected-subgraph-paper/datasets/graphsdb/mcs90/rand/r005/mcs90_r005_s25.A08 fileNameGt=../../cp2016-max-common-connected-subgraph-paper/datasets/graphsdb/mcs90/rand/r005/mcs90_r005_s25.B08
Reading graphs...
25 :  29
25 :  29
Initializing...
maxdom : 25
D->valSize : 625
Solving...
currentSize : 14 <-- 0.009275 s
currentSize : 15 <-- 0.009698 s
currentSize : 16 <-- 0.012731 s
currentSize : 17 <-- 0.063082 s
currentSize : 18 <-- 0.664152 s
currentSize : 19 <-- 1.601084 s
currentSize : 20 <-- 1.803174 s
currentSize : 21 <-- 1.803185 s
currentSize : 22 <-- 1.820580 s

maxsize : 22
nodes : 551694.000000
filtered : 5745556.000000
time : 1.827436
