Parameters: GAD=1 vflib=1 dir=0 label=0 lowerbound=1 fileNameGp=../../cp2016-max-common-connected-subgraph-paper/datasets/graphsdb/mcs90/m2D/m2Dr2/mcs90_m2Dr2_s30.A03 fileNameGt=../../cp2016-max-common-connected-subgraph-paper/datasets/graphsdb/mcs90/m2D/m2Dr2/mcs90_m2Dr2_s30.B03
Reading graphs...
30 :  54
30 :  53
Initializing...
maxdom : 30
D->valSize : 900
Solving...
currentSize : 15 <-- 0.010801 s
currentSize : 17 <-- 0.011096 s
currentSize : 18 <-- 0.018643 s
currentSize : 19 <-- 0.046455 s
currentSize : 20 <-- 0.054992 s
currentSize : 21 <-- 0.070339 s
currentSize : 22 <-- 0.649954 s
currentSize : 23 <-- 2.994834 s
currentSize : 24 <-- 4.030429 s
currentSize : 26 <-- 4.030475 s

maxsize : 26
nodes : 813980.000000
filtered : 19070946.000000
time : 4.106151
