Parameters: GAD=1 vflib=1 dir=0 label=0 lowerbound=1 fileNameGp=../../cp2016-max-common-connected-subgraph-paper/datasets/graphsdb/mcs90/rand/r01/mcs90_r01_s35.A07 fileNameGt=../../cp2016-max-common-connected-subgraph-paper/datasets/graphsdb/mcs90/rand/r01/mcs90_r01_s35.B07
Reading graphs...
35 :  112
35 :  112
Initializing...
maxdom : 35
D->valSize : 1225
Solving...
currentSize : 14 <-- 0.018794 s
currentSize : 15 <-- 0.018929 s
currentSize : 16 <-- 0.019368 s
currentSize : 17 <-- 0.031776 s
currentSize : 18 <-- 0.407645 s
currentSize : 19 <-- 0.465377 s
currentSize : 20 <-- 57.113537 s
currentSize : 21 <-- 70.559723 s
currentSize : 23 <-- 119.605927 s
currentSize : 25 <-- 119.664093 s
currentSize : 26 <-- 119.666389 s
currentSize : 31 <-- 119.667595 s

maxsize : 31
nodes : 22416976.000000
filtered : 506320301.000000
time : 119.733154
