Parameters: GAD=1 vflib=1 dir=0 label=0 lowerbound=1 fileNameGp=../../cp2016-max-common-connected-subgraph-paper/datasets/graphsdb/mcs90/m2D/m2D/mcs90_m2D_s40.A00 fileNameGt=../../cp2016-max-common-connected-subgraph-paper/datasets/graphsdb/mcs90/m2D/m2D/mcs90_m2D_s40.B00
Reading graphs...
40 :  67
40 :  67
Initializing...
maxdom : 40
D->valSize : 1600
Solving...
currentSize : 22 <-- 0.036113 s
currentSize : 23 <-- 0.036170 s
currentSize : 25 <-- 0.036213 s
currentSize : 26 <-- 0.036235 s
currentSize : 27 <-- 0.057854 s
currentSize : 28 <-- 0.074854 s
currentSize : 29 <-- 4.452126 s
currentSize : 30 <-- 5.714087 s
currentSize : 31 <-- 8.825771 s
currentSize : 32 <-- 22.274023 s
currentSize : 33 <-- 22.392973 s
currentSize : 35 <-- 31.884062 s
currentSize : 36 <-- 31.884218 s

maxsize : 36
nodes : 4791937.000000
filtered : 149602519.000000
time : 32.344170
