Parameters: GAD=1 vflib=1 dir=0 label=0 lowerbound=1 fileNameGp=../../cp2016-max-common-connected-subgraph-paper/datasets/graphsdb/mcs90/bvg/b03m/mcs90_b03m_s20.A06 fileNameGt=../../cp2016-max-common-connected-subgraph-paper/datasets/graphsdb/mcs90/bvg/b03m/mcs90_b03m_s20.B06
Reading graphs...
20 :  30
20 :  30
Initializing...
maxdom : 20
D->valSize : 400
Solving...
currentSize : 9 <-- 0.002166 s
currentSize : 10 <-- 0.002240 s
currentSize : 11 <-- 0.002287 s
currentSize : 12 <-- 0.002437 s
currentSize : 13 <-- 0.003036 s
currentSize : 14 <-- 0.003450 s
currentSize : 15 <-- 0.004749 s
currentSize : 16 <-- 0.021122 s
currentSize : 18 <-- 0.024733 s

maxsize : 18
nodes : 6640.000000
filtered : 103946.000000
time : 0.026119
