Parameters: GAD=1 vflib=1 dir=0 label=0 lowerbound=1 fileNameGp=../../cp2016-max-common-connected-subgraph-paper/datasets/graphsdb/mcs90/bvg/b09m/mcs90_b09m_s50.A02 fileNameGt=../../cp2016-max-common-connected-subgraph-paper/datasets/graphsdb/mcs90/bvg/b09m/mcs90_b09m_s50.B02
Reading graphs...
50 :  220
50 :  221
Initializing...
maxdom : 50
D->valSize : 2500
Solving...
currentSize : 16 <-- 0.137293 s
currentSize : 17 <-- 0.137442 s
currentSize : 18 <-- 0.144356 s
currentSize : 19 <-- 0.161606 s
currentSize : 20 <-- 0.173811 s
currentSize : 21 <-- 0.179854 s
currentSize : 22 <-- 774.637085 s

TIMEOUT
maxsize : 22
nodes : 179613602.000000
filtered : 3083738711.000000
time : 1000.000000
