Parameters: GAD=1 vflib=1 dir=0 label=0 lowerbound=1 fileNameGp=../../cp2016-max-common-connected-subgraph-paper/datasets/graphsdb/mcs90/bvg/b06/mcs90_b06_s25.A07 fileNameGt=../../cp2016-max-common-connected-subgraph-paper/datasets/graphsdb/mcs90/bvg/b06/mcs90_b06_s25.B07
Reading graphs...
25 :  74
25 :  75
Initializing...
maxdom : 25
D->valSize : 625
Solving...
currentSize : 11 <-- 0.004761 s
currentSize : 12 <-- 0.004774 s
currentSize : 13 <-- 0.004838 s
currentSize : 14 <-- 0.005117 s
currentSize : 15 <-- 0.005144 s
currentSize : 16 <-- 0.005630 s
currentSize : 17 <-- 0.005673 s
currentSize : 20 <-- 0.005877 s
currentSize : 22 <-- 0.006754 s

maxsize : 22
nodes : 5919.000000
filtered : 204330.000000
time : 0.035861
