Parameters: GAD=1 vflib=1 dir=0 label=0 lowerbound=1 fileNameGp=../../cp2016-max-common-connected-subgraph-paper/datasets/graphsdb/mcs90/rand/r02/mcs90_r02_s40.A07 fileNameGt=../../cp2016-max-common-connected-subgraph-paper/datasets/graphsdb/mcs90/rand/r02/mcs90_r02_s40.B07
Reading graphs...
40 :  283
40 :  287
Initializing...
maxdom : 40
D->valSize : 1600
Solving...
currentSize : 12 <-- 0.051283 s
currentSize : 13 <-- 0.052082 s
currentSize : 14 <-- 0.066515 s
currentSize : 15 <-- 0.319605 s
currentSize : 17 <-- 17.489557 s
currentSize : 19 <-- 19.733200 s
currentSize : 20 <-- 19.733273 s
currentSize : 23 <-- 72.279312 s
currentSize : 24 <-- 205.933136 s
currentSize : 36 <-- 205.936432 s

maxsize : 36
nodes : 33452708.000000
filtered : 883571904.000000
time : 205.995529
