Parameters: GAD=1 vflib=1 dir=0 label=0 lowerbound=1 fileNameGp=../../cp2016-max-common-connected-subgraph-paper/datasets/graphsdb/mcs90/bvg/b09m/mcs90_b09m_s40.A04 fileNameGt=../../cp2016-max-common-connected-subgraph-paper/datasets/graphsdb/mcs90/bvg/b09m/mcs90_b09m_s40.B04
Reading graphs...
40 :  176
40 :  174
Initializing...
maxdom : 40
D->valSize : 1600
Solving...
currentSize : 12 <-- 0.031587 s
currentSize : 13 <-- 0.031616 s
currentSize : 14 <-- 0.031678 s
currentSize : 15 <-- 0.032136 s
currentSize : 16 <-- 0.033632 s
currentSize : 17 <-- 0.068553 s
currentSize : 18 <-- 1.981885 s
currentSize : 19 <-- 3.765006 s
currentSize : 23 <-- 12.838652 s
currentSize : 26 <-- 14.568840 s
currentSize : 27 <-- 25.571388 s
currentSize : 31 <-- 30.520168 s
currentSize : 36 <-- 30.950827 s

maxsize : 36
nodes : 4934590.000000
filtered : 148963446.000000
time : 31.070112
