Parameters: GAD=1 vflib=1 dir=0 label=0 lowerbound=1 fileNameGp=../../cp2016-max-common-connected-subgraph-paper/datasets/graphsdb/mcs90/rand/r005/mcs90_r005_s40.A07 fileNameGt=../../cp2016-max-common-connected-subgraph-paper/datasets/graphsdb/mcs90/rand/r005/mcs90_r005_s40.B07
Reading graphs...
40 :  73
40 :  72
Initializing...
maxdom : 40
D->valSize : 1600
Solving...
currentSize : 20 <-- 0.035560 s
currentSize : 21 <-- 0.152254 s
currentSize : 22 <-- 0.761409 s
currentSize : 23 <-- 14.445449 s
currentSize : 24 <-- 139.398911 s
currentSize : 25 <-- 145.750778 s
currentSize : 26 <-- 185.684402 s
currentSize : 27 <-- 207.634735 s
currentSize : 28 <-- 286.215820 s
currentSize : 29 <-- 469.558868 s
currentSize : 30 <-- 476.455841 s
currentSize : 31 <-- 498.065857 s
currentSize : 32 <-- 498.094757 s
currentSize : 34 <-- 498.361115 s
currentSize : 35 <-- 498.663422 s
currentSize : 36 <-- 498.663544 s

maxsize : 36
nodes : 93314323.000000
filtered : 1895466241.000000
time : 498.774933
