Parameters: GAD=1 vflib=1 dir=0 label=0 lowerbound=1 fileNameGp=../../cp2016-max-common-connected-subgraph-paper/datasets/graphsdb/mcs90/bvg/b03m/mcs90_b03m_s40.A01 fileNameGt=../../cp2016-max-common-connected-subgraph-paper/datasets/graphsdb/mcs90/bvg/b03m/mcs90_b03m_s40.B01
Reading graphs...
40 :  60
40 :  60
Initializing...
maxdom : 40
D->valSize : 1600
Solving...
currentSize : 20 <-- 0.036367 s
currentSize : 22 <-- 0.036406 s
currentSize : 23 <-- 0.036665 s
currentSize : 24 <-- 0.036894 s
currentSize : 25 <-- 0.056816 s
currentSize : 27 <-- 0.056914 s
currentSize : 28 <-- 0.635209 s
currentSize : 29 <-- 20.195112 s
currentSize : 30 <-- 24.399908 s
currentSize : 31 <-- 29.520300 s
currentSize : 32 <-- 33.717281 s
currentSize : 33 <-- 34.354607 s
currentSize : 36 <-- 40.248756 s
currentSize : 37 <-- 40.250786 s

maxsize : 37
nodes : 6948169.000000
filtered : 165176359.000000
time : 40.308617
