Parameters: GAD=1 vflib=1 dir=0 label=0 lowerbound=1 fileNameGp=../../cp2016-max-common-connected-subgraph-paper/datasets/graphsdb/mcs90/m3D/m3Dr2/mcs90_m3Dr2_s30.A03 fileNameGt=../../cp2016-max-common-connected-subgraph-paper/datasets/graphsdb/mcs90/m3D/m3Dr2/mcs90_m3Dr2_s30.B03
Reading graphs...
30 :  66
30 :  67
Initializing...
maxdom : 30
D->valSize : 900
Solving...
currentSize : 18 <-- 0.018876 s
currentSize : 19 <-- 0.033714 s
currentSize : 20 <-- 2.822687 s
currentSize : 21 <-- 6.363726 s
currentSize : 22 <-- 7.063171 s
currentSize : 23 <-- 7.412121 s
currentSize : 24 <-- 7.480784 s
currentSize : 27 <-- 7.617450 s

maxsize : 27
nodes : 1585658.000000
filtered : 31494379.000000
time : 7.643737
