Parameters: GAD=1 vflib=1 dir=0 label=0 lowerbound=1 fileNameGp=../../cp2016-max-common-connected-subgraph-paper/datasets/graphsdb/mcs90/bvg/b03/mcs90_b03_s35.A06 fileNameGt=../../cp2016-max-common-connected-subgraph-paper/datasets/graphsdb/mcs90/bvg/b03/mcs90_b03_s35.B06
Reading graphs...
35 :  52
35 :  52
Initializing...
maxdom : 35
D->valSize : 1225
Solving...
currentSize : 22 <-- 0.021000 s
currentSize : 23 <-- 0.021067 s
currentSize : 24 <-- 0.021112 s
currentSize : 26 <-- 0.021225 s
currentSize : 27 <-- 0.092290 s
currentSize : 28 <-- 0.093957 s
currentSize : 29 <-- 0.226718 s
currentSize : 30 <-- 0.245908 s
currentSize : 31 <-- 0.470748 s
currentSize : 32 <-- 0.965490 s

maxsize : 32
nodes : 155143.000000
filtered : 4045913.000000
time : 1.024543
