Parameters: GAD=1 vflib=1 dir=0 label=0 lowerbound=1 fileNameGp=../../cp2016-max-common-connected-subgraph-paper/datasets/graphsdb/mcs90/m2D/m2Dr4/mcs90_m2Dr4_s40.A00 fileNameGt=../../cp2016-max-common-connected-subgraph-paper/datasets/graphsdb/mcs90/m2D/m2Dr4/mcs90_m2Dr4_s40.B00
Reading graphs...
40 :  82
40 :  82
Initializing...
maxdom : 40
D->valSize : 1600
Solving...
currentSize : 19 <-- 0.035404 s
currentSize : 20 <-- 0.035430 s
currentSize : 22 <-- 0.035955 s
currentSize : 23 <-- 0.040704 s
currentSize : 24 <-- 0.865378 s
currentSize : 25 <-- 2.683566 s
currentSize : 26 <-- 377.428253 s
currentSize : 27 <-- 566.711182 s
currentSize : 28 <-- 883.520996 s
currentSize : 32 <-- 883.563416 s
currentSize : 36 <-- 883.580139 s

maxsize : 36
nodes : 149354121.000000
filtered : 3786518310.000000
time : 883.898010
