Parameters: GAD=1 vflib=1 dir=0 label=0 lowerbound=1 fileNameGp=../../cp2016-max-common-connected-subgraph-paper/datasets/graphsdb/mcs90/bvg/b03m/mcs90_b03m_s25.A02 fileNameGt=../../cp2016-max-common-connected-subgraph-paper/datasets/graphsdb/mcs90/bvg/b03m/mcs90_b03m_s25.B02
Reading graphs...
25 :  37
25 :  37
Initializing...
maxdom : 25
D->valSize : 625
Solving...
currentSize : 8 <-- 0.009230 s
currentSize : 14 <-- 0.009278 s
currentSize : 15 <-- 0.009302 s
currentSize : 16 <-- 0.009361 s
currentSize : 17 <-- 0.009640 s
currentSize : 18 <-- 0.205200 s
currentSize : 19 <-- 0.305232 s
currentSize : 22 <-- 0.492550 s

maxsize : 22
nodes : 123483.000000
filtered : 1906628.000000
time : 0.509091
