Parameters: GAD=1 vflib=1 dir=0 label=0 lowerbound=1 fileNameGp=../../cp2016-max-common-connected-subgraph-paper/datasets/graphsdb/mcs90/bvg/b06m/mcs90_b06m_s50.A00 fileNameGt=../../cp2016-max-common-connected-subgraph-paper/datasets/graphsdb/mcs90/bvg/b06m/mcs90_b06m_s50.B00
Reading graphs...
50 :  148
50 :  148
Initializing...
maxdom : 50
D->valSize : 2500
Solving...
currentSize : 20 <-- 0.120026 s
currentSize : 21 <-- 0.120222 s
currentSize : 22 <-- 0.121743 s
currentSize : 23 <-- 0.126157 s
currentSize : 24 <-- 0.140957 s
currentSize : 25 <-- 0.178015 s
currentSize : 26 <-- 2.877714 s
currentSize : 27 <-- 31.201628 s
currentSize : 28 <-- 596.854492 s
currentSize : 29 <-- 646.143860 s

TIMEOUT
maxsize : 29
nodes : 161946976.000000
filtered : 4146488388.000000
time : 1000.000061
