Parameters: GAD=1 vflib=1 dir=0 label=0 lowerbound=1 fileNameGp=../../cp2016-max-common-connected-subgraph-paper/datasets/graphsdb/mcs90/m2D/m2Dr6/mcs90_m2Dr6_s50.A05 fileNameGt=../../cp2016-max-common-connected-subgraph-paper/datasets/graphsdb/mcs90/m2D/m2Dr6/mcs90_m2Dr6_s50.B05
Reading graphs...
50 :  115
50 :  112
Initializing...
maxdom : 50
D->valSize : 2500
Solving...
currentSize : 23 <-- 0.093302 s
currentSize : 24 <-- 0.093328 s
currentSize : 25 <-- 0.093384 s
currentSize : 26 <-- 0.093596 s
currentSize : 29 <-- 0.093781 s
currentSize : 30 <-- 0.098467 s
currentSize : 31 <-- 0.099398 s
currentSize : 32 <-- 181.899734 s
currentSize : 34 <-- 236.286530 s
currentSize : 35 <-- 236.289948 s
currentSize : 36 <-- 244.624878 s
currentSize : 38 <-- 244.624969 s
currentSize : 39 <-- 245.187958 s
currentSize : 41 <-- 245.265182 s
currentSize : 42 <-- 246.112198 s
currentSize : 44 <-- 246.378723 s
currentSize : 45 <-- 246.380615 s
currentSize : 49 <-- 246.394836 s

maxsize : 49
nodes : 38626510.000000
filtered : 1016353472.000000
time : 246.398132
