Parameters: GAD=1 vflib=1 dir=0 label=0 lowerbound=1 fileNameGp=../../cp2016-max-common-connected-subgraph-paper/datasets/graphsdb/mcs90/rand/r01/mcs90_r01_s40.A08 fileNameGt=../../cp2016-max-common-connected-subgraph-paper/datasets/graphsdb/mcs90/rand/r01/mcs90_r01_s40.B08
Reading graphs...
40 :  148
40 :  148
Initializing...
maxdom : 40
D->valSize : 1600
Solving...
currentSize : 14 <-- 0.032392 s
currentSize : 15 <-- 0.032416 s
currentSize : 16 <-- 0.050658 s
currentSize : 17 <-- 0.062718 s
currentSize : 18 <-- 0.423616 s
currentSize : 19 <-- 1.186069 s
currentSize : 20 <-- 4.513180 s
currentSize : 21 <-- 19.539440 s
currentSize : 22 <-- 50.638577 s
currentSize : 23 <-- 52.841454 s
currentSize : 25 <-- 59.339912 s
currentSize : 26 <-- 62.628696 s
currentSize : 27 <-- 65.799446 s
currentSize : 28 <-- 65.835007 s
currentSize : 30 <-- 65.860497 s
currentSize : 32 <-- 67.462013 s
currentSize : 36 <-- 67.620491 s

maxsize : 36
nodes : 11607026.000000
filtered : 295151736.000000
time : 67.687241
