Parameters: GAD=1 vflib=1 dir=0 label=0 lowerbound=1 fileNameGp=../../cp2016-max-common-connected-subgraph-paper/datasets/graphsdb/mcs90/bvg/b09/mcs90_b09_s30.A07 fileNameGt=../../cp2016-max-common-connected-subgraph-paper/datasets/graphsdb/mcs90/bvg/b09/mcs90_b09_s30.B07
Reading graphs...
30 :  135
30 :  135
Initializing...
maxdom : 30
D->valSize : 900
Solving...
currentSize : 12 <-- 0.016142 s
currentSize : 13 <-- 0.016167 s
currentSize : 14 <-- 0.016247 s
currentSize : 15 <-- 0.070977 s
currentSize : 16 <-- 0.071006 s
currentSize : 18 <-- 0.089883 s
currentSize : 20 <-- 0.123727 s
currentSize : 22 <-- 0.124047 s
currentSize : 26 <-- 0.126942 s

maxsize : 26
nodes : 45063.000000
filtered : 1638528.000000
time : 0.291275
