Parameters: GAD=1 vflib=1 dir=0 label=0 lowerbound=1 fileNameGp=../../cp2016-max-common-connected-subgraph-paper/datasets/graphsdb/mcs90/bvg/b06/mcs90_b06_s50.A09 fileNameGt=../../cp2016-max-common-connected-subgraph-paper/datasets/graphsdb/mcs90/bvg/b06/mcs90_b06_s50.B09
Reading graphs...
50 :  150
50 :  150
Initializing...
maxdom : 50
D->valSize : 2500
Solving...
currentSize : 26 <-- 0.090805 s
currentSize : 27 <-- 0.090873 s
currentSize : 28 <-- 0.091868 s
currentSize : 29 <-- 0.092005 s
currentSize : 30 <-- 0.097180 s
currentSize : 31 <-- 0.103864 s
currentSize : 32 <-- 0.107390 s
currentSize : 34 <-- 0.110901 s
currentSize : 35 <-- 0.178816 s
currentSize : 36 <-- 0.223460 s
currentSize : 38 <-- 0.477492 s
currentSize : 39 <-- 0.484716 s
currentSize : 40 <-- 0.505826 s
currentSize : 42 <-- 0.552240 s
currentSize : 43 <-- 0.552513 s
currentSize : 44 <-- 0.656368 s
currentSize : 45 <-- 0.659649 s

maxsize : 45
nodes : 327305.000000
filtered : 15761703.000000
time : 3.648868
