Parameters: GAD=1 vflib=1 dir=0 label=0 lowerbound=1 fileNameGp=../../cp2016-max-common-connected-subgraph-paper/datasets/graphsdb/mcs90/bvg/b06m/mcs90_b06m_s50.A04 fileNameGt=../../cp2016-max-common-connected-subgraph-paper/datasets/graphsdb/mcs90/bvg/b06m/mcs90_b06m_s50.B04
Reading graphs...
50 :  148
50 :  148
Initializing...
maxdom : 50
D->valSize : 2500
Solving...
currentSize : 21 <-- 0.091163 s
currentSize : 22 <-- 0.091339 s
currentSize : 23 <-- 0.091370 s
currentSize : 24 <-- 0.205842 s
currentSize : 25 <-- 0.349921 s
currentSize : 26 <-- 3.772919 s
currentSize : 27 <-- 9.226790 s
currentSize : 28 <-- 56.662987 s

TIMEOUT
maxsize : 28
nodes : 145611086.000000
filtered : 3971732607.000000
time : 1000.000061
