Parameters: GAD=1 vflib=1 dir=0 label=0 lowerbound=1 fileNameGp=../../cp2016-max-common-connected-subgraph-paper/datasets/graphsdb/mcs90/m2D/m2D/mcs90_m2D_s20.A08 fileNameGt=../../cp2016-max-common-connected-subgraph-paper/datasets/graphsdb/mcs90/m2D/m2D/mcs90_m2D_s20.B08
Reading graphs...
20 :  31
20 :  31
Initializing...
maxdom : 20
D->valSize : 400
Solving...
currentSize : 9 <-- 0.002160 s
currentSize : 10 <-- 0.002182 s
currentSize : 11 <-- 0.002313 s
currentSize : 12 <-- 0.002635 s
currentSize : 13 <-- 0.009095 s
currentSize : 14 <-- 0.009171 s
currentSize : 15 <-- 0.024675 s
currentSize : 16 <-- 0.029474 s
currentSize : 17 <-- 0.030873 s

maxsize : 17
nodes : 13254.000000
filtered : 163551.000000
time : 0.042694
