Parameters: GAD=1 vflib=1 dir=0 label=0 lowerbound=1 fileNameGp=../../cp2016-max-common-connected-subgraph-paper/datasets/graphsdb/mcs90/bvg/b03m/mcs90_b03m_s35.A06 fileNameGt=../../cp2016-max-common-connected-subgraph-paper/datasets/graphsdb/mcs90/bvg/b03m/mcs90_b03m_s35.B06
Reading graphs...
35 :  50
35 :  50
Initializing...
maxdom : 35
D->valSize : 1225
Solving...
currentSize : 14 <-- 0.037175 s
currentSize : 15 <-- 0.037209 s
currentSize : 17 <-- 0.037256 s
currentSize : 19 <-- 0.037276 s
currentSize : 20 <-- 0.078930 s
currentSize : 21 <-- 0.180071 s
currentSize : 22 <-- 0.180144 s
currentSize : 23 <-- 0.181160 s
currentSize : 24 <-- 0.181170 s
currentSize : 25 <-- 1.930755 s
currentSize : 26 <-- 32.383514 s
currentSize : 27 <-- 32.740276 s
currentSize : 29 <-- 32.803493 s
currentSize : 31 <-- 32.803635 s
currentSize : 32 <-- 32.803688 s

maxsize : 32
nodes : 6800001.000000
filtered : 115374627.000000
time : 32.848820
