Parameters: GAD=1 vflib=1 dir=0 label=0 lowerbound=1 fileNameGp=../../cp2016-max-common-connected-subgraph-paper/datasets/graphsdb/mcs90/rand/r01/mcs90_r01_s30.A08 fileNameGt=../../cp2016-max-common-connected-subgraph-paper/datasets/graphsdb/mcs90/rand/r01/mcs90_r01_s30.B08
Reading graphs...
30 :  81
30 :  80
Initializing...
maxdom : 30
D->valSize : 900
Solving...
currentSize : 14 <-- 0.010581 s
currentSize : 15 <-- 0.011612 s
currentSize : 16 <-- 0.026647 s
currentSize : 17 <-- 0.197335 s
currentSize : 18 <-- 2.688042 s
currentSize : 19 <-- 3.480948 s
currentSize : 20 <-- 4.379314 s
currentSize : 21 <-- 4.379460 s
currentSize : 27 <-- 7.122895 s

maxsize : 27
nodes : 1466678.000000
filtered : 32901942.000000
time : 7.131769
