Parameters: GAD=1 vflib=1 dir=0 label=0 lowerbound=1 fileNameGp=../../cp2016-max-common-connected-subgraph-paper/datasets/graphsdb/mcs90/m3D/m3Dr4/mcs90_m3Dr4_s30.A03 fileNameGt=../../cp2016-max-common-connected-subgraph-paper/datasets/graphsdb/mcs90/m3D/m3Dr4/mcs90_m3Dr4_s30.B03
Reading graphs...
30 :  72
30 :  69
Initializing...
maxdom : 30
D->valSize : 900
Solving...
currentSize : 13 <-- 0.010549 s
currentSize : 14 <-- 0.010786 s
currentSize : 15 <-- 0.011229 s
currentSize : 16 <-- 0.014582 s
currentSize : 17 <-- 0.017727 s
currentSize : 18 <-- 0.066868 s
currentSize : 19 <-- 2.979467 s
currentSize : 20 <-- 3.377603 s
currentSize : 21 <-- 4.356394 s
currentSize : 22 <-- 5.607893 s
currentSize : 23 <-- 5.616499 s
currentSize : 24 <-- 6.120422 s
currentSize : 27 <-- 6.346844 s

maxsize : 27
nodes : 1380832.000000
filtered : 26565764.000000
time : 6.393333
