Parameters: GAD=1 vflib=1 dir=0 label=0 lowerbound=1 fileNameGp=../../cp2016-max-common-connected-subgraph-paper/datasets/graphsdb/mcs90/bvg/b03m/mcs90_b03m_s35.A00 fileNameGt=../../cp2016-max-common-connected-subgraph-paper/datasets/graphsdb/mcs90/bvg/b03m/mcs90_b03m_s35.B00
Reading graphs...
35 :  52
35 :  52
Initializing...
maxdom : 35
D->valSize : 1225
Solving...
currentSize : 14 <-- 0.020915 s
currentSize : 15 <-- 0.021346 s
currentSize : 16 <-- 0.031196 s
currentSize : 17 <-- 0.031882 s
currentSize : 18 <-- 0.113740 s
currentSize : 19 <-- 0.173330 s
currentSize : 20 <-- 0.173466 s
currentSize : 21 <-- 0.259671 s
currentSize : 22 <-- 1.400959 s
currentSize : 23 <-- 4.976840 s
currentSize : 24 <-- 46.679878 s
currentSize : 25 <-- 66.117073 s
currentSize : 30 <-- 67.005234 s

maxsize : 30
nodes : 15496019.000000
filtered : 233680979.000000
time : 67.455971
