Parameters: GAD=1 vflib=1 dir=0 label=0 lowerbound=1 fileNameGp=../../cp2016-max-common-connected-subgraph-paper/datasets/graphsdb/mcs90/rand/r02/mcs90_r02_s50.A08 fileNameGt=../../cp2016-max-common-connected-subgraph-paper/datasets/graphsdb/mcs90/rand/r02/mcs90_r02_s50.B08
Reading graphs...
50 :  442
50 :  442
Initializing...
maxdom : 50
D->valSize : 2500
Solving...
currentSize : 13 <-- 0.098004 s
currentSize : 14 <-- 0.098355 s
currentSize : 15 <-- 0.651599 s
currentSize : 16 <-- 4.503041 s
currentSize : 17 <-- 129.607986 s
currentSize : 18 <-- 129.631668 s
currentSize : 20 <-- 129.633469 s

TIMEOUT
maxsize : 20
nodes : 177784439.000000
filtered : 2633619845.000000
time : 1000.000061
