Parameters: GAD=1 vflib=1 dir=0 label=0 lowerbound=1 fileNameGp=../../cp2016-max-common-connected-subgraph-paper/datasets/graphsdb/mcs90/rand/r02/mcs90_r02_s50.A05 fileNameGt=../../cp2016-max-common-connected-subgraph-paper/datasets/graphsdb/mcs90/rand/r02/mcs90_r02_s50.B05
Reading graphs...
50 :  439
50 :  437
Initializing...
maxdom : 50
D->valSize : 2500
Solving...
currentSize : 12 <-- 0.074947 s
currentSize : 13 <-- 0.075683 s
currentSize : 14 <-- 0.075864 s
currentSize : 15 <-- 0.340745 s
currentSize : 16 <-- 1.363976 s
currentSize : 17 <-- 38.568626 s
currentSize : 19 <-- 45.302307 s
currentSize : 23 <-- 110.026787 s

TIMEOUT
maxsize : 23
nodes : 157249288.000000
filtered : 3265011149.000000
time : 1000.000000
