Parameters: GAD=1 vflib=1 dir=0 label=0 lowerbound=1 fileNameGp=../../cp2016-max-common-connected-subgraph-paper/datasets/graphsdb/mcs90/m4D/m4Dr2/mcs90_m4Dr2_s20.A07 fileNameGt=../../cp2016-max-common-connected-subgraph-paper/datasets/graphsdb/mcs90/m4D/m4Dr2/mcs90_m4Dr2_s20.B07
Reading graphs...
20 :  41
20 :  41
Initializing...
maxdom : 20
D->valSize : 400
Solving...
currentSize : 8 <-- 0.002310 s
currentSize : 9 <-- 0.002367 s
currentSize : 10 <-- 0.002429 s
currentSize : 11 <-- 0.002543 s
currentSize : 12 <-- 0.002877 s
currentSize : 13 <-- 0.002943 s
currentSize : 14 <-- 0.009182 s
currentSize : 15 <-- 0.038295 s
currentSize : 16 <-- 0.038321 s

maxsize : 16
nodes : 12345.000000
filtered : 232686.000000
time : 0.047975
