Parameters: GAD=1 vflib=1 dir=0 label=0 lowerbound=1 fileNameGp=../../cp2016-max-common-connected-subgraph-paper/datasets/graphsdb/mcs90/m2D/m2Dr6/mcs90_m2Dr6_s50.A00 fileNameGt=../../cp2016-max-common-connected-subgraph-paper/datasets/graphsdb/mcs90/m2D/m2Dr6/mcs90_m2Dr6_s50.B00
Reading graphs...
50 :  114
50 :  113
Initializing...
maxdom : 50
D->valSize : 2500
Solving...
currentSize : 28 <-- 0.112157 s
currentSize : 29 <-- 0.112347 s
currentSize : 30 <-- 0.248946 s
currentSize : 31 <-- 1.240520 s
currentSize : 32 <-- 106.419907 s
currentSize : 33 <-- 122.948494 s
currentSize : 34 <-- 122.948547 s
currentSize : 35 <-- 319.528870 s
currentSize : 36 <-- 319.740021 s
currentSize : 37 <-- 324.068939 s
currentSize : 38 <-- 333.454803 s
currentSize : 39 <-- 338.621643 s
currentSize : 40 <-- 348.626404 s
currentSize : 41 <-- 351.451630 s
currentSize : 42 <-- 351.452026 s
currentSize : 43 <-- 354.362549 s
currentSize : 45 <-- 355.014801 s
currentSize : 49 <-- 355.016876 s

maxsize : 49
nodes : 44471767.000000
filtered : 1662867747.000000
time : 355.021210
