Parameters: GAD=1 vflib=1 dir=0 label=0 lowerbound=1 fileNameGp=../../cp2016-max-common-connected-subgraph-paper/datasets/graphsdb/mcs90/bvg/b06/mcs90_b06_s50.A07 fileNameGt=../../cp2016-max-common-connected-subgraph-paper/datasets/graphsdb/mcs90/bvg/b06/mcs90_b06_s50.B07
Reading graphs...
50 :  150
50 :  150
Initializing...
maxdom : 50
D->valSize : 2500
Solving...
currentSize : 37 <-- 0.113200 s
currentSize : 39 <-- 0.118051 s
currentSize : 40 <-- 0.119409 s
currentSize : 41 <-- 0.124117 s
currentSize : 42 <-- 0.215845 s
currentSize : 43 <-- 0.216148 s
currentSize : 44 <-- 0.375957 s
currentSize : 45 <-- 0.378177 s
currentSize : 46 <-- 0.977182 s

maxsize : 46
nodes : 112011.000000
filtered : 6584701.000000
time : 1.561820
