Parameters: GAD=1 vflib=1 dir=0 label=0 lowerbound=1 fileNameGp=../../cp2016-max-common-connected-subgraph-paper/datasets/graphsdb/mcs90/rand/r005/mcs90_r005_s35.A03 fileNameGt=../../cp2016-max-common-connected-subgraph-paper/datasets/graphsdb/mcs90/rand/r005/mcs90_r005_s35.B03
Reading graphs...
35 :  58
35 :  58
Initializing...
maxdom : 35
D->valSize : 1225
Solving...
currentSize : 18 <-- 0.020926 s
currentSize : 20 <-- 0.021906 s
currentSize : 22 <-- 0.402295 s
currentSize : 23 <-- 0.406466 s
currentSize : 24 <-- 0.614384 s
currentSize : 25 <-- 1.999795 s
currentSize : 27 <-- 2.055499 s
currentSize : 28 <-- 2.055595 s
currentSize : 29 <-- 2.056011 s
currentSize : 30 <-- 2.095387 s
currentSize : 31 <-- 2.095477 s

maxsize : 31
nodes : 473041.000000
filtered : 7661990.000000
time : 2.236008
