Parameters: GAD=1 vflib=1 dir=0 label=0 lowerbound=1 fileNameGp=../../cp2016-max-common-connected-subgraph-paper/datasets/graphsdb/mcs90/m2D/m2Dr2/mcs90_m2Dr2_s30.A07 fileNameGt=../../cp2016-max-common-connected-subgraph-paper/datasets/graphsdb/mcs90/m2D/m2Dr2/mcs90_m2Dr2_s30.B07
Reading graphs...
30 :  54
30 :  52
Initializing...
maxdom : 30
D->valSize : 900
Solving...
currentSize : 14 <-- 0.019753 s
currentSize : 15 <-- 0.019789 s
currentSize : 16 <-- 0.019957 s
currentSize : 17 <-- 0.020145 s
currentSize : 18 <-- 0.021016 s
currentSize : 19 <-- 0.028072 s
currentSize : 20 <-- 0.048884 s
currentSize : 21 <-- 0.678611 s
currentSize : 22 <-- 2.208242 s
currentSize : 23 <-- 2.230773 s
currentSize : 25 <-- 2.450102 s

maxsize : 25
nodes : 600548.000000
filtered : 12911752.000000
time : 2.868522
