Parameters: GAD=1 vflib=1 dir=0 label=0 lowerbound=1 fileNameGp=../../cp2016-max-common-connected-subgraph-paper/datasets/graphsdb/mcs90/m2D/m2Dr6/mcs90_m2Dr6_s50.A01 fileNameGt=../../cp2016-max-common-connected-subgraph-paper/datasets/graphsdb/mcs90/m2D/m2Dr6/mcs90_m2Dr6_s50.B01
Reading graphs...
50 :  112
50 :  111
Initializing...
maxdom : 50
D->valSize : 2500
Solving...
currentSize : 25 <-- 0.119615 s
currentSize : 26 <-- 0.119715 s
currentSize : 27 <-- 0.393943 s
currentSize : 28 <-- 1.011004 s
currentSize : 29 <-- 1.104941 s
currentSize : 30 <-- 4.095500 s
currentSize : 31 <-- 135.005539 s
currentSize : 32 <-- 666.411133 s

TIMEOUT
maxsize : 32
nodes : 146547493.000000
filtered : 4318328245.000000
time : 1000.000061
