Parameters: GAD=1 vflib=1 dir=0 label=0 lowerbound=1 fileNameGp=../../cp2016-max-common-connected-subgraph-paper/datasets/graphsdb/mcs90/rand/r005/mcs90_r005_s30.A09 fileNameGt=../../cp2016-max-common-connected-subgraph-paper/datasets/graphsdb/mcs90/rand/r005/mcs90_r005_s30.B09
Reading graphs...
30 :  41
30 :  41
Initializing...
maxdom : 30
D->valSize : 900
Solving...
currentSize : 10 <-- 0.011251 s
currentSize : 11 <-- 0.011297 s
currentSize : 12 <-- 0.011368 s
currentSize : 14 <-- 0.011450 s
currentSize : 15 <-- 0.012569 s
currentSize : 16 <-- 0.028679 s
currentSize : 17 <-- 0.028980 s
currentSize : 18 <-- 0.038086 s
currentSize : 19 <-- 0.394622 s
currentSize : 20 <-- 0.563574 s
currentSize : 21 <-- 3.288556 s
currentSize : 22 <-- 3.413206 s
currentSize : 23 <-- 3.518854 s
currentSize : 24 <-- 3.529503 s
currentSize : 25 <-- 3.529831 s
currentSize : 26 <-- 3.529872 s
currentSize : 27 <-- 3.530000 s

maxsize : 27
nodes : 1106312.000000
filtered : 9605595.000000
time : 3.543611
