Parameters: GAD=1 vflib=1 dir=0 label=0 lowerbound=1 fileNameGp=../../cp2016-max-common-connected-subgraph-paper/datasets/graphsdb/mcs90/bvg/b03m/mcs90_b03m_s30.A03 fileNameGt=../../cp2016-max-common-connected-subgraph-paper/datasets/graphsdb/mcs90/bvg/b03m/mcs90_b03m_s30.B03
Reading graphs...
30 :  44
30 :  44
Initializing...
maxdom : 30
D->valSize : 900
Solving...
currentSize : 18 <-- 0.011087 s
currentSize : 19 <-- 0.011332 s
currentSize : 20 <-- 0.011616 s
currentSize : 21 <-- 0.025514 s
currentSize : 23 <-- 0.139873 s
currentSize : 24 <-- 0.360611 s
currentSize : 25 <-- 0.371789 s
currentSize : 27 <-- 0.384914 s

maxsize : 27
nodes : 91377.000000
filtered : 1652846.000000
time : 0.422875
