Parameters: GAD=1 vflib=1 dir=0 label=0 lowerbound=1 fileNameGp=../../cp2016-max-common-connected-subgraph-paper/datasets/graphsdb/mcs90/m2D/m2Dr4/mcs90_m2Dr4_s50.A04 fileNameGt=../../cp2016-max-common-connected-subgraph-paper/datasets/graphsdb/mcs90/m2D/m2Dr4/mcs90_m2Dr4_s50.B04
Reading graphs...
50 :  105
50 :  104
Initializing...
maxdom : 50
D->valSize : 2500
Solving...
currentSize : 25 <-- 0.095442 s
currentSize : 26 <-- 0.095959 s
currentSize : 28 <-- 0.096044 s
currentSize : 29 <-- 0.163375 s
currentSize : 30 <-- 0.206681 s
currentSize : 31 <-- 0.223732 s
currentSize : 32 <-- 0.357240 s
currentSize : 33 <-- 104.645821 s
currentSize : 34 <-- 135.383408 s
currentSize : 35 <-- 135.789246 s
currentSize : 36 <-- 238.645782 s
currentSize : 38 <-- 249.090134 s
currentSize : 41 <-- 281.459137 s
currentSize : 42 <-- 285.009247 s
currentSize : 44 <-- 285.807465 s
currentSize : 45 <-- 285.813019 s
currentSize : 46 <-- 286.455597 s
currentSize : 49 <-- 286.455872 s

maxsize : 49
nodes : 38060456.000000
filtered : 1305189665.000000
time : 286.459229
