Parameters: GAD=1 vflib=1 dir=0 label=0 lowerbound=1 fileNameGp=../../cp2016-max-common-connected-subgraph-paper/datasets/graphsdb/mcs90/bvg/b03m/mcs90_b03m_s30.A07 fileNameGt=../../cp2016-max-common-connected-subgraph-paper/datasets/graphsdb/mcs90/bvg/b03m/mcs90_b03m_s30.B07
Reading graphs...
30 :  45
30 :  45
Initializing...
maxdom : 30
D->valSize : 900
Solving...
currentSize : 13 <-- 0.019947 s
currentSize : 15 <-- 0.021250 s
currentSize : 16 <-- 0.021279 s
currentSize : 17 <-- 0.021302 s
currentSize : 18 <-- 0.022735 s
currentSize : 19 <-- 0.091970 s
currentSize : 20 <-- 0.094801 s
currentSize : 21 <-- 0.116893 s
currentSize : 22 <-- 0.513117 s
currentSize : 26 <-- 0.674909 s

maxsize : 26
nodes : 168695.000000
filtered : 2785647.000000
time : 0.761569
