Parameters: GAD=1 vflib=1 dir=0 label=0 lowerbound=1 fileNameGp=../../cp2016-max-common-connected-subgraph-paper/datasets/graphsdb/mcs90/rand/r02/mcs90_r02_s35.A01 fileNameGt=../../cp2016-max-common-connected-subgraph-paper/datasets/graphsdb/mcs90/rand/r02/mcs90_r02_s35.B01
Reading graphs...
35 :  209
35 :  212
Initializing...
maxdom : 35
D->valSize : 1225
Solving...
currentSize : 11 <-- 0.017191 s
currentSize : 12 <-- 0.017797 s
currentSize : 13 <-- 0.018036 s
currentSize : 14 <-- 0.522940 s
currentSize : 15 <-- 13.744465 s
currentSize : 16 <-- 79.691193 s
currentSize : 17 <-- 80.648201 s
currentSize : 18 <-- 87.026131 s
currentSize : 19 <-- 87.026230 s
currentSize : 20 <-- 87.115120 s
currentSize : 21 <-- 89.203011 s
currentSize : 31 <-- 112.030762 s

maxsize : 31
nodes : 24088857.000000
filtered : 345528687.000000
time : 112.112686
