Parameters: GAD=1 vflib=1 dir=0 label=0 lowerbound=1 fileNameGp=../../cp2016-max-common-connected-subgraph-paper/datasets/graphsdb/mcs90/bvg/b06/mcs90_b06_s30.A03 fileNameGt=../../cp2016-max-common-connected-subgraph-paper/datasets/graphsdb/mcs90/bvg/b06/mcs90_b06_s30.B03
Reading graphs...
30 :  90
30 :  89
Initializing...
maxdom : 30
D->valSize : 900
Solving...
currentSize : 19 <-- 0.010707 s
currentSize : 20 <-- 0.010745 s
currentSize : 22 <-- 0.010877 s
currentSize : 23 <-- 0.011084 s
currentSize : 25 <-- 0.011282 s
currentSize : 26 <-- 0.011655 s
currentSize : 27 <-- 0.011994 s
currentSize : 28 <-- 0.025714 s

maxsize : 28
nodes : 3522.000000
filtered : 158885.000000
time : 0.033946
