Parameters: GAD=1 vflib=1 dir=0 label=0 lowerbound=1 fileNameGp=../../cp2016-max-common-connected-subgraph-paper/datasets/graphsdb/mcs90/bvg/b06m/mcs90_b06m_s30.A05 fileNameGt=../../cp2016-max-common-connected-subgraph-paper/datasets/graphsdb/mcs90/bvg/b06m/mcs90_b06m_s30.B05
Reading graphs...
30 :  85
30 :  85
Initializing...
maxdom : 30
D->valSize : 900
Solving...
currentSize : 12 <-- 0.010186 s
currentSize : 14 <-- 0.010314 s
currentSize : 15 <-- 0.010514 s
currentSize : 16 <-- 0.024236 s
currentSize : 17 <-- 0.297114 s
currentSize : 18 <-- 1.189754 s
currentSize : 19 <-- 4.425961 s
currentSize : 21 <-- 4.523861 s
currentSize : 27 <-- 5.403461 s

maxsize : 27
nodes : 1136097.000000
filtered : 25605804.000000
time : 5.420622
