Parameters: GAD=1 vflib=1 dir=0 label=0 lowerbound=1 fileNameGp=../../cp2016-max-common-connected-subgraph-paper/datasets/graphsdb/mcs90/bvg/b09m/mcs90_b09m_s40.A02 fileNameGt=../../cp2016-max-common-connected-subgraph-paper/datasets/graphsdb/mcs90/bvg/b09m/mcs90_b09m_s40.B02
Reading graphs...
40 :  175
40 :  176
Initializing...
maxdom : 40
D->valSize : 1600
Solving...
currentSize : 14 <-- 0.054227 s
currentSize : 15 <-- 0.054711 s
currentSize : 16 <-- 0.055315 s
currentSize : 17 <-- 0.055969 s
currentSize : 18 <-- 0.248453 s
currentSize : 19 <-- 0.273955 s
currentSize : 20 <-- 175.684036 s
currentSize : 21 <-- 405.846893 s
currentSize : 22 <-- 409.512878 s
currentSize : 23 <-- 655.607117 s
currentSize : 24 <-- 708.374695 s
currentSize : 29 <-- 712.079590 s
currentSize : 36 <-- 719.353027 s

maxsize : 36
nodes : 121682382.000000
filtered : 3191908550.000000
time : 719.437073
