Parameters: GAD=1 vflib=1 dir=0 label=0 lowerbound=1 fileNameGp=../../cp2016-max-common-connected-subgraph-paper/datasets/graphsdb/mcs90/m2D/m2Dr6/mcs90_m2Dr6_s30.A05 fileNameGt=../../cp2016-max-common-connected-subgraph-paper/datasets/graphsdb/mcs90/m2D/m2Dr6/mcs90_m2Dr6_s30.B05
Reading graphs...
30 :  66
30 :  65
Initializing...
maxdom : 30
D->valSize : 900
Solving...
currentSize : 11 <-- 0.018740 s
currentSize : 12 <-- 0.018810 s
currentSize : 13 <-- 0.019323 s
currentSize : 15 <-- 0.019348 s
currentSize : 16 <-- 0.019576 s
currentSize : 17 <-- 0.020543 s
currentSize : 18 <-- 0.049653 s
currentSize : 19 <-- 0.762445 s
currentSize : 20 <-- 4.411217 s
currentSize : 21 <-- 7.071831 s
currentSize : 23 <-- 9.302078 s
currentSize : 25 <-- 9.303657 s

maxsize : 25
nodes : 1884673.000000
filtered : 44623265.000000
time : 9.466799
