Parameters: GAD=1 vflib=1 dir=0 label=0 lowerbound=1 fileNameGp=../../cp2016-max-common-connected-subgraph-paper/datasets/graphsdb/mcs90/bvg/b03m/mcs90_b03m_s40.A07 fileNameGt=../../cp2016-max-common-connected-subgraph-paper/datasets/graphsdb/mcs90/bvg/b03m/mcs90_b03m_s40.B07
Reading graphs...
40 :  60
40 :  60
Initializing...
maxdom : 40
D->valSize : 1600
Solving...
currentSize : 22 <-- 0.036236 s
currentSize : 23 <-- 0.036448 s
currentSize : 24 <-- 0.117666 s
currentSize : 26 <-- 0.523305 s
currentSize : 27 <-- 0.538783 s
currentSize : 28 <-- 254.720901 s
currentSize : 29 <-- 422.315277 s
currentSize : 30 <-- 463.827454 s
currentSize : 31 <-- 465.857910 s
currentSize : 32 <-- 466.460938 s
currentSize : 33 <-- 470.394012 s
currentSize : 34 <-- 482.059723 s
currentSize : 35 <-- 482.080353 s
currentSize : 36 <-- 482.089203 s

maxsize : 36
nodes : 90715795.000000
filtered : 1725880141.000000
time : 482.161560
