Parameters: GAD=1 vflib=1 dir=0 label=0 lowerbound=1 fileNameGp=../../cp2016-max-common-connected-subgraph-paper/datasets/graphsdb/mcs90/rand/r01/mcs90_r01_s40.A06 fileNameGt=../../cp2016-max-common-connected-subgraph-paper/datasets/graphsdb/mcs90/rand/r01/mcs90_r01_s40.B06
Reading graphs...
40 :  147
40 :  148
Initializing...
maxdom : 40
D->valSize : 1600
Solving...
currentSize : 15 <-- 0.032477 s
currentSize : 16 <-- 0.032536 s
currentSize : 17 <-- 0.032720 s
currentSize : 18 <-- 0.038748 s
currentSize : 19 <-- 0.048601 s
currentSize : 20 <-- 0.113943 s
currentSize : 21 <-- 17.394213 s
currentSize : 25 <-- 72.870575 s
currentSize : 36 <-- 72.907791 s

maxsize : 36
nodes : 13524611.000000
filtered : 275539089.000000
time : 73.042580
