Parameters: GAD=1 vflib=1 dir=0 label=0 lowerbound=1 fileNameGp=../../cp2016-max-common-connected-subgraph-paper/datasets/graphsdb/mcs90/rand/r01/mcs90_r01_s40.A09 fileNameGt=../../cp2016-max-common-connected-subgraph-paper/datasets/graphsdb/mcs90/rand/r01/mcs90_r01_s40.B09
Reading graphs...
40 :  144
40 :  141
Initializing...
maxdom : 40
D->valSize : 1600
Solving...
currentSize : 16 <-- 0.033197 s
currentSize : 17 <-- 0.033247 s
currentSize : 18 <-- 0.045188 s
currentSize : 19 <-- 0.062021 s
currentSize : 20 <-- 0.173667 s
currentSize : 24 <-- 0.737840 s
currentSize : 27 <-- 0.738299 s
currentSize : 36 <-- 2.431794 s

maxsize : 36
nodes : 396845.000000
filtered : 13481535.000000
time : 2.721069
