Parameters: GAD=1 vflib=1 dir=0 label=0 lowerbound=1 fileNameGp=../../cp2016-max-common-connected-subgraph-paper/datasets/graphsdb/mcs90/m3D/m3Dr6/mcs90_m3Dr6_s30.A03 fileNameGt=../../cp2016-max-common-connected-subgraph-paper/datasets/graphsdb/mcs90/m3D/m3Dr6/mcs90_m3Dr6_s30.B03
Reading graphs...
30 :  78
30 :  76
Initializing...
maxdom : 30
D->valSize : 900
Solving...
currentSize : 15 <-- 0.010221 s
currentSize : 16 <-- 0.010421 s
currentSize : 17 <-- 0.034917 s
currentSize : 18 <-- 0.592739 s
currentSize : 19 <-- 9.096542 s
currentSize : 20 <-- 9.823218 s
currentSize : 21 <-- 9.823299 s
currentSize : 22 <-- 10.471690 s
currentSize : 27 <-- 10.543318 s

maxsize : 27
nodes : 2351925.000000
filtered : 44812573.000000
time : 10.594411
