Parameters: GAD=1 vflib=1 dir=0 label=0 lowerbound=1 fileNameGp=../../cp2016-max-common-connected-subgraph-paper/datasets/graphsdb/mcs90/m2D/m2Dr2/mcs90_m2Dr2_s50.A04 fileNameGt=../../cp2016-max-common-connected-subgraph-paper/datasets/graphsdb/mcs90/m2D/m2Dr2/mcs90_m2Dr2_s50.B04
Reading graphs...
50 :  94
50 :  94
Initializing...
maxdom : 50
D->valSize : 2500
Solving...
currentSize : 25 <-- 0.095843 s
currentSize : 26 <-- 0.095881 s
currentSize : 27 <-- 0.096912 s
currentSize : 28 <-- 0.149420 s
currentSize : 29 <-- 0.149586 s
currentSize : 30 <-- 0.150122 s
currentSize : 31 <-- 0.161431 s
currentSize : 32 <-- 1.510088 s
currentSize : 33 <-- 8.835090 s
currentSize : 34 <-- 17.126408 s
currentSize : 35 <-- 250.304092 s
currentSize : 36 <-- 503.865784 s
currentSize : 37 <-- 826.691833 s
currentSize : 38 <-- 939.774231 s
currentSize : 39 <-- 981.830078 s
currentSize : 40 <-- 993.309387 s

TIMEOUT
maxsize : 40
nodes : 121960709.000000
filtered : 4211048795.000000
time : 1000.000061
