Parameters: GAD=1 vflib=1 dir=0 label=0 lowerbound=1 fileNameGp=../../cp2016-max-common-connected-subgraph-paper/datasets/graphsdb/mcs90/bvg/b06/mcs90_b06_s50.A05 fileNameGt=../../cp2016-max-common-connected-subgraph-paper/datasets/graphsdb/mcs90/bvg/b06/mcs90_b06_s50.B05
Reading graphs...
50 :  150
50 :  150
Initializing...
maxdom : 50
D->valSize : 2500
Solving...
currentSize : 30 <-- 0.117849 s
currentSize : 32 <-- 0.117889 s
currentSize : 36 <-- 0.118119 s
currentSize : 37 <-- 0.118511 s
currentSize : 39 <-- 0.121082 s
currentSize : 40 <-- 0.123333 s
currentSize : 42 <-- 0.126582 s
currentSize : 43 <-- 0.128735 s
currentSize : 45 <-- 0.141888 s
currentSize : 46 <-- 0.340114 s

maxsize : 46
nodes : 48922.000000
filtered : 3502269.000000
time : 0.945812
