Parameters: GAD=1 vflib=1 dir=0 label=0 lowerbound=1 fileNameGp=../../cp2016-max-common-connected-subgraph-paper/datasets/graphsdb/mcs90/bvg/b03/mcs90_b03_s30.A04 fileNameGt=../../cp2016-max-common-connected-subgraph-paper/datasets/graphsdb/mcs90/bvg/b03/mcs90_b03_s30.B04
Reading graphs...
30 :  45
30 :  45
Initializing...
maxdom : 30
D->valSize : 900
Solving...
currentSize : 17 <-- 0.011029 s
currentSize : 19 <-- 0.011080 s
currentSize : 20 <-- 0.011146 s
currentSize : 21 <-- 0.011161 s
currentSize : 22 <-- 0.011883 s
currentSize : 23 <-- 0.011992 s
currentSize : 24 <-- 0.012088 s
currentSize : 26 <-- 0.017346 s
currentSize : 27 <-- 0.035093 s

maxsize : 27
nodes : 15144.000000
filtered : 457485.000000
time : 0.100120
