Parameters: GAD=1 vflib=1 dir=0 label=0 lowerbound=1 fileNameGp=../../cp2016-max-common-connected-subgraph-paper/datasets/graphsdb/mcs90/rand/r02/mcs90_r02_s30.A04 fileNameGt=../../cp2016-max-common-connected-subgraph-paper/datasets/graphsdb/mcs90/rand/r02/mcs90_r02_s30.B04
Reading graphs...
30 :  153
30 :  152
Initializing...
maxdom : 30
D->valSize : 900
Solving...
currentSize : 10 <-- 0.015954 s
currentSize : 11 <-- 0.016090 s
currentSize : 12 <-- 0.022847 s
currentSize : 13 <-- 0.030558 s
currentSize : 14 <-- 0.347494 s
currentSize : 16 <-- 0.546094 s
currentSize : 19 <-- 3.644302 s
currentSize : 27 <-- 4.444146 s

maxsize : 27
nodes : 870638.000000
filtered : 14362781.000000
time : 4.457034
