Parameters: GAD=1 vflib=1 dir=0 label=0 lowerbound=1 fileNameGp=../../cp2016-max-common-connected-subgraph-paper/datasets/graphsdb/mcs90/bvg/b06/mcs90_b06_s50.A02 fileNameGt=../../cp2016-max-common-connected-subgraph-paper/datasets/graphsdb/mcs90/bvg/b06/mcs90_b06_s50.B02
Reading graphs...
50 :  150
50 :  150
Initializing...
maxdom : 50
D->valSize : 2500
Solving...
currentSize : 27 <-- 0.091017 s
currentSize : 28 <-- 0.091402 s
currentSize : 29 <-- 0.101052 s
currentSize : 30 <-- 0.114609 s
currentSize : 31 <-- 0.114709 s
currentSize : 32 <-- 0.123275 s
currentSize : 33 <-- 0.163740 s
currentSize : 34 <-- 0.169503 s
currentSize : 35 <-- 0.169525 s
currentSize : 36 <-- 0.169606 s
currentSize : 37 <-- 0.171088 s
currentSize : 38 <-- 0.175743 s
currentSize : 39 <-- 0.176816 s
currentSize : 40 <-- 0.178872 s
currentSize : 41 <-- 0.182177 s
currentSize : 42 <-- 0.182362 s
currentSize : 43 <-- 0.182645 s
currentSize : 45 <-- 0.200670 s
currentSize : 46 <-- 0.595832 s

maxsize : 46
nodes : 91106.000000
filtered : 5314471.000000
time : 1.166572
