Parameters: GAD=1 vflib=1 dir=0 label=0 lowerbound=1 fileNameGp=../../cp2016-max-common-connected-subgraph-paper/datasets/graphsdb/mcs90/bvg/b06/mcs90_b06_s35.A09 fileNameGt=../../cp2016-max-common-connected-subgraph-paper/datasets/graphsdb/mcs90/bvg/b06/mcs90_b06_s35.B09
Reading graphs...
35 :  104
35 :  103
Initializing...
maxdom : 35
D->valSize : 1225
Solving...
currentSize : 21 <-- 0.019208 s
currentSize : 24 <-- 0.019333 s
currentSize : 25 <-- 0.019353 s
currentSize : 27 <-- 0.020834 s
currentSize : 28 <-- 0.020984 s
currentSize : 29 <-- 0.237665 s
currentSize : 30 <-- 0.750641 s
currentSize : 31 <-- 0.750686 s

maxsize : 31
nodes : 116017.000000
filtered : 3958351.000000
time : 0.830120
