Parameters: GAD=1 vflib=1 dir=0 label=0 lowerbound=1 fileNameGp=../../cp2016-max-common-connected-subgraph-paper/datasets/graphsdb/mcs90/rand/r02/mcs90_r02_s25.A03 fileNameGt=../../cp2016-max-common-connected-subgraph-paper/datasets/graphsdb/mcs90/rand/r02/mcs90_r02_s25.B03
Reading graphs...
25 :  103
25 :  105
Initializing...
maxdom : 25
D->valSize : 625
Solving...
currentSize : 9 <-- 0.004536 s
currentSize : 10 <-- 0.004738 s
currentSize : 11 <-- 0.004785 s
currentSize : 12 <-- 0.004857 s
currentSize : 13 <-- 0.012652 s
currentSize : 14 <-- 0.434431 s
currentSize : 16 <-- 0.806500 s
currentSize : 17 <-- 0.807908 s
currentSize : 22 <-- 0.809683 s

maxsize : 22
nodes : 206115.000000
filtered : 3006515.000000
time : 0.819373
