Parameters: GAD=1 vflib=1 dir=0 label=0 lowerbound=1 fileNameGp=../../cp2016-max-common-connected-subgraph-paper/datasets/graphsdb/mcs90/bvg/b09/mcs90_b09_s25.A04 fileNameGt=../../cp2016-max-common-connected-subgraph-paper/datasets/graphsdb/mcs90/bvg/b09/mcs90_b09_s25.B04
Reading graphs...
25 :  112
25 :  112
Initializing...
maxdom : 25
D->valSize : 625
Solving...
currentSize : 8 <-- 0.004444 s
currentSize : 9 <-- 0.004592 s
currentSize : 10 <-- 0.004651 s
currentSize : 11 <-- 0.005054 s
currentSize : 12 <-- 0.005215 s
currentSize : 15 <-- 0.008193 s
currentSize : 18 <-- 0.008270 s
currentSize : 22 <-- 0.009812 s

maxsize : 22
nodes : 6278.000000
filtered : 292912.000000
time : 0.042942
