Parameters: GAD=1 vflib=1 dir=0 label=0 lowerbound=1 fileNameGp=../../cp2016-max-common-connected-subgraph-paper/datasets/graphsdb/mcs90/bvg/b03/mcs90_b03_s50.A01 fileNameGt=../../cp2016-max-common-connected-subgraph-paper/datasets/graphsdb/mcs90/bvg/b03/mcs90_b03_s50.B01
Reading graphs...
50 :  75
50 :  75
Initializing...
maxdom : 50
D->valSize : 2500
Solving...
currentSize : 37 <-- 0.097844 s
currentSize : 38 <-- 0.097884 s
currentSize : 39 <-- 0.126978 s
currentSize : 40 <-- 0.128348 s
currentSize : 41 <-- 0.129373 s
currentSize : 42 <-- 0.437152 s
currentSize : 43 <-- 0.496872 s
currentSize : 45 <-- 0.518425 s
currentSize : 46 <-- 0.566692 s

maxsize : 46
nodes : 133319.000000
filtered : 6582753.000000
time : 1.641618
