Parameters: GAD=1 vflib=1 dir=0 label=0 lowerbound=1 fileNameGp=../../cp2016-max-common-connected-subgraph-paper/datasets/graphsdb/mcs90/m3D/m3Dr4/mcs90_m3Dr4_s30.A07 fileNameGt=../../cp2016-max-common-connected-subgraph-paper/datasets/graphsdb/mcs90/m3D/m3Dr4/mcs90_m3Dr4_s30.B07
Reading graphs...
30 :  73
30 :  72
Initializing...
maxdom : 30
D->valSize : 900
Solving...
currentSize : 15 <-- 0.018473 s
currentSize : 16 <-- 0.018521 s
currentSize : 17 <-- 0.018570 s
currentSize : 19 <-- 0.018619 s
currentSize : 20 <-- 0.425276 s
currentSize : 21 <-- 0.485212 s
currentSize : 22 <-- 0.485285 s
currentSize : 23 <-- 0.577861 s
currentSize : 27 <-- 0.582898 s

maxsize : 27
nodes : 101486.000000
filtered : 1744092.000000
time : 0.601070
