Parameters: GAD=1 vflib=1 dir=0 label=0 lowerbound=1 fileNameGp=../../cp2016-max-common-connected-subgraph-paper/datasets/graphsdb/mcs90/bvg/b03m/mcs90_b03m_s35.A09 fileNameGt=../../cp2016-max-common-connected-subgraph-paper/datasets/graphsdb/mcs90/bvg/b03m/mcs90_b03m_s35.B09
Reading graphs...
35 :  52
35 :  52
Initializing...
maxdom : 35
D->valSize : 1225
Solving...
currentSize : 10 <-- 0.020888 s
currentSize : 16 <-- 0.020954 s
currentSize : 17 <-- 0.021193 s
currentSize : 18 <-- 0.022512 s
currentSize : 19 <-- 0.022687 s
currentSize : 20 <-- 0.023278 s
currentSize : 21 <-- 0.025245 s
currentSize : 23 <-- 0.030746 s
currentSize : 24 <-- 0.058452 s
currentSize : 25 <-- 0.368457 s
currentSize : 26 <-- 4.927488 s
currentSize : 27 <-- 11.644902 s
currentSize : 28 <-- 16.469112 s
currentSize : 29 <-- 16.853411 s
currentSize : 30 <-- 16.853493 s

maxsize : 30
nodes : 2942716.000000
filtered : 74918850.000000
time : 17.396973
