Parameters: GAD=1 vflib=1 dir=0 label=0 lowerbound=1 fileNameGp=../../cp2016-max-common-connected-subgraph-paper/datasets/graphsdb/mcs90/bvg/b09m/mcs90_b09m_s40.A06 fileNameGt=../../cp2016-max-common-connected-subgraph-paper/datasets/graphsdb/mcs90/bvg/b09m/mcs90_b09m_s40.B06
Reading graphs...
40 :  178
40 :  179
Initializing...
maxdom : 40
D->valSize : 1600
Solving...
currentSize : 13 <-- 0.031506 s
currentSize : 14 <-- 0.031530 s
currentSize : 15 <-- 0.031677 s
currentSize : 16 <-- 0.053966 s
currentSize : 17 <-- 0.213725 s
currentSize : 18 <-- 4.212822 s
currentSize : 19 <-- 30.580570 s
currentSize : 20 <-- 38.927135 s
currentSize : 21 <-- 38.948326 s
currentSize : 22 <-- 103.578201 s
currentSize : 25 <-- 107.730324 s
currentSize : 26 <-- 107.732437 s
currentSize : 27 <-- 111.328812 s
currentSize : 28 <-- 111.329071 s
currentSize : 29 <-- 113.589798 s
currentSize : 33 <-- 113.597954 s
currentSize : 36 <-- 113.600639 s

maxsize : 36
nodes : 19082410.000000
filtered : 481298855.000000
time : 113.727921
