Parameters: GAD=1 vflib=1 dir=0 label=0 lowerbound=1 fileNameGp=../../cp2016-max-common-connected-subgraph-paper/datasets/graphsdb/mcs90/m2D/m2Dr4/mcs90_m2Dr4_s40.A08 fileNameGt=../../cp2016-max-common-connected-subgraph-paper/datasets/graphsdb/mcs90/m2D/m2Dr4/mcs90_m2Dr4_s40.B08
Reading graphs...
40 :  82
40 :  82
Initializing...
maxdom : 40
D->valSize : 1600
Solving...
currentSize : 22 <-- 0.062401 s
currentSize : 23 <-- 0.063632 s
currentSize : 24 <-- 0.123830 s
currentSize : 25 <-- 0.159002 s
currentSize : 26 <-- 0.159219 s
currentSize : 27 <-- 0.488630 s
currentSize : 28 <-- 2.145196 s
currentSize : 29 <-- 7.596779 s
currentSize : 30 <-- 7.597782 s
currentSize : 31 <-- 13.865211 s
currentSize : 32 <-- 20.899984 s
currentSize : 34 <-- 22.137629 s
currentSize : 36 <-- 22.138453 s

maxsize : 36
nodes : 2814899.000000
filtered : 122236053.000000
time : 22.264139
