Parameters: GAD=1 vflib=1 dir=0 label=0 lowerbound=1 fileNameGp=../../cp2016-max-common-connected-subgraph-paper/datasets/graphsdb/mcs90/bvg/b06m/mcs90_b06m_s30.A08 fileNameGt=../../cp2016-max-common-connected-subgraph-paper/datasets/graphsdb/mcs90/bvg/b06m/mcs90_b06m_s30.B08
Reading graphs...
30 :  87
30 :  87
Initializing...
maxdom : 30
D->valSize : 900
Solving...
currentSize : 12 <-- 0.010075 s
currentSize : 14 <-- 0.010313 s
currentSize : 15 <-- 0.011608 s
currentSize : 16 <-- 0.032460 s
currentSize : 17 <-- 0.115493 s
currentSize : 18 <-- 1.480534 s
currentSize : 19 <-- 4.393974 s
currentSize : 20 <-- 17.095596 s
currentSize : 27 <-- 17.911079 s

maxsize : 27
nodes : 3402824.000000
filtered : 91423822.000000
time : 17.925108
