Parameters: GAD=1 vflib=1 dir=0 label=0 lowerbound=1 fileNameGp=../../cp2016-max-common-connected-subgraph-paper/datasets/graphsdb/mcs90/bvg/b09m/mcs90_b09m_s30.A05 fileNameGt=../../cp2016-max-common-connected-subgraph-paper/datasets/graphsdb/mcs90/bvg/b09m/mcs90_b09m_s30.B05
Reading graphs...
30 :  132
30 :  132
Initializing...
maxdom : 30
D->valSize : 900
Solving...
currentSize : 12 <-- 0.009322 s
currentSize : 13 <-- 0.009359 s
currentSize : 14 <-- 0.009379 s
currentSize : 15 <-- 0.010039 s
currentSize : 16 <-- 0.010064 s
currentSize : 18 <-- 0.052602 s
currentSize : 19 <-- 0.470151 s
currentSize : 21 <-- 0.845922 s
currentSize : 26 <-- 1.744691 s

maxsize : 26
nodes : 290032.000000
filtered : 10615002.000000
time : 1.780735
