Parameters: GAD=1 vflib=1 dir=0 label=0 lowerbound=1 fileNameGp=../../cp2016-max-common-connected-subgraph-paper/datasets/graphsdb/mcs90/bvg/b03m/mcs90_b03m_s35.A04 fileNameGt=../../cp2016-max-common-connected-subgraph-paper/datasets/graphsdb/mcs90/bvg/b03m/mcs90_b03m_s35.B04
Reading graphs...
35 :  51
35 :  51
Initializing...
maxdom : 35
D->valSize : 1225
Solving...
currentSize : 15 <-- 0.020890 s
currentSize : 16 <-- 0.020913 s
currentSize : 17 <-- 0.021083 s
currentSize : 19 <-- 0.022402 s
currentSize : 20 <-- 0.022701 s
currentSize : 21 <-- 2.360547 s
currentSize : 22 <-- 4.035824 s
currentSize : 23 <-- 7.093024 s
currentSize : 24 <-- 7.114023 s
currentSize : 25 <-- 19.033691 s
currentSize : 26 <-- 29.856024 s
currentSize : 27 <-- 30.699907 s
currentSize : 28 <-- 31.182039 s
currentSize : 29 <-- 31.191696 s
currentSize : 30 <-- 31.191748 s

maxsize : 30
nodes : 7705552.000000
filtered : 107560990.000000
time : 31.832487
