Parameters: GAD=1 vflib=1 dir=0 label=0 lowerbound=1 fileNameGp=../../cp2016-max-common-connected-subgraph-paper/datasets/graphsdb/mcs90/m3D/m3D/mcs90_m3D_s30.A00 fileNameGt=../../cp2016-max-common-connected-subgraph-paper/datasets/graphsdb/mcs90/m3D/m3D/mcs90_m3D_s30.B00
Reading graphs...
30 :  61
30 :  61
Initializing...
maxdom : 30
D->valSize : 900
Solving...
currentSize : 17 <-- 0.010839 s
currentSize : 18 <-- 0.010869 s
currentSize : 19 <-- 0.012136 s
currentSize : 20 <-- 0.042142 s
currentSize : 21 <-- 1.627703 s
currentSize : 23 <-- 2.214645 s
currentSize : 24 <-- 2.214754 s
currentSize : 26 <-- 2.250981 s
currentSize : 27 <-- 2.251091 s

maxsize : 27
nodes : 574420.000000
filtered : 8174161.000000
time : 2.314783
