Parameters: GAD=1 vflib=1 dir=0 label=0 lowerbound=1 fileNameGp=../../cp2016-max-common-connected-subgraph-paper/datasets/graphsdb/mcs90/m3D/m3Dr6/mcs90_m3Dr6_s30.A02 fileNameGt=../../cp2016-max-common-connected-subgraph-paper/datasets/graphsdb/mcs90/m3D/m3Dr6/mcs90_m3Dr6_s30.B02
Reading graphs...
30 :  76
30 :  75
Initializing...
maxdom : 30
D->valSize : 900
Solving...
currentSize : 12 <-- 0.010295 s
currentSize : 13 <-- 0.010345 s
currentSize : 14 <-- 0.010454 s
currentSize : 15 <-- 0.012587 s
currentSize : 16 <-- 0.014845 s
currentSize : 17 <-- 0.132987 s
currentSize : 18 <-- 0.517697 s
currentSize : 19 <-- 6.575398 s
currentSize : 20 <-- 13.458647 s
currentSize : 21 <-- 13.819666 s
currentSize : 22 <-- 13.830907 s
currentSize : 27 <-- 13.876012 s

maxsize : 27
nodes : 3091535.000000
filtered : 57554517.000000
time : 13.920762
