Parameters: GAD=1 vflib=1 dir=0 label=0 lowerbound=1 fileNameGp=../../cp2016-max-common-connected-subgraph-paper/datasets/graphsdb/mcs90/bvg/b09/mcs90_b09_s50.A01 fileNameGt=../../cp2016-max-common-connected-subgraph-paper/datasets/graphsdb/mcs90/bvg/b09/mcs90_b09_s50.B01
Reading graphs...
50 :  225
50 :  224
Initializing...
maxdom : 50
D->valSize : 2500
Solving...
currentSize : 22 <-- 0.084997 s
currentSize : 23 <-- 0.085503 s
currentSize : 24 <-- 0.086639 s
currentSize : 25 <-- 0.088760 s
currentSize : 26 <-- 9.886120 s
currentSize : 27 <-- 9.886235 s
currentSize : 28 <-- 9.887346 s
currentSize : 29 <-- 10.305353 s
currentSize : 31 <-- 16.426733 s
currentSize : 32 <-- 16.426832 s
currentSize : 33 <-- 16.484945 s
currentSize : 34 <-- 16.494057 s
currentSize : 35 <-- 16.872456 s
currentSize : 36 <-- 17.269863 s
currentSize : 38 <-- 17.270220 s
currentSize : 40 <-- 17.710585 s
currentSize : 44 <-- 18.033413 s
currentSize : 45 <-- 18.184288 s

maxsize : 45
nodes : 2617190.000000
filtered : 95221558.000000
time : 19.534391
