Parameters: GAD=1 vflib=1 dir=0 label=0 lowerbound=1 fileNameGp=../../cp2016-max-common-connected-subgraph-paper/datasets/graphsdb/mcs90/rand/r01/mcs90_r01_s20.A03 fileNameGt=../../cp2016-max-common-connected-subgraph-paper/datasets/graphsdb/mcs90/rand/r01/mcs90_r01_s20.B03
Reading graphs...
20 :  35
20 :  34
Initializing...
maxdom : 20
D->valSize : 400
Solving...
currentSize : 9 <-- 0.002111 s
currentSize : 11 <-- 0.002216 s
currentSize : 12 <-- 0.011702 s
currentSize : 13 <-- 0.018669 s
currentSize : 14 <-- 0.039589 s
currentSize : 15 <-- 0.040737 s
currentSize : 17 <-- 0.057363 s
currentSize : 18 <-- 0.057376 s

maxsize : 18
nodes : 18528.000000
filtered : 201465.000000
time : 0.058143
