Parameters: GAD=1 vflib=1 dir=0 label=0 lowerbound=1 fileNameGp=../../cp2016-max-common-connected-subgraph-paper/datasets/graphsdb/mcs90/m2D/m2Dr4/mcs90_m2Dr4_s50.A05 fileNameGt=../../cp2016-max-common-connected-subgraph-paper/datasets/graphsdb/mcs90/m2D/m2Dr4/mcs90_m2Dr4_s50.B05
Reading graphs...
50 :  105
50 :  104
Initializing...
maxdom : 50
D->valSize : 2500
Solving...
currentSize : 24 <-- 0.173362 s
currentSize : 26 <-- 0.173913 s
currentSize : 27 <-- 0.176515 s
currentSize : 28 <-- 0.181286 s
currentSize : 29 <-- 0.294353 s
currentSize : 30 <-- 0.296809 s
currentSize : 31 <-- 0.384005 s
currentSize : 32 <-- 102.980637 s

TIMEOUT
maxsize : 32
nodes : 138292668.000000
filtered : 4274361385.000000
time : 1000.000061
