Parameters: GAD=1 vflib=1 dir=0 label=0 lowerbound=1 fileNameGp=../../cp2016-max-common-connected-subgraph-paper/datasets/graphsdb/mcs90/bvg/b06/mcs90_b06_s35.A01 fileNameGt=../../cp2016-max-common-connected-subgraph-paper/datasets/graphsdb/mcs90/bvg/b06/mcs90_b06_s35.B01
Reading graphs...
35 :  105
35 :  104
Initializing...
maxdom : 35
D->valSize : 1225
Solving...
currentSize : 15 <-- 0.033637 s
currentSize : 16 <-- 0.033796 s
currentSize : 17 <-- 0.033902 s
currentSize : 18 <-- 0.034756 s
currentSize : 19 <-- 0.035211 s
currentSize : 20 <-- 0.050472 s
currentSize : 21 <-- 0.050881 s
currentSize : 22 <-- 0.051571 s
currentSize : 23 <-- 0.051860 s
currentSize : 24 <-- 0.051953 s
currentSize : 25 <-- 0.058098 s
currentSize : 26 <-- 0.072715 s
currentSize : 27 <-- 0.073180 s
currentSize : 28 <-- 0.096246 s
currentSize : 29 <-- 0.096336 s
currentSize : 31 <-- 0.097279 s

maxsize : 31
nodes : 51623.000000
filtered : 1763206.000000
time : 0.404721
