Parameters: GAD=1 vflib=1 dir=0 label=0 lowerbound=1 fileNameGp=../../cp2016-max-common-connected-subgraph-paper/datasets/graphsdb/mcs90/bvg/b03/mcs90_b03_s50.A04 fileNameGt=../../cp2016-max-common-connected-subgraph-paper/datasets/graphsdb/mcs90/bvg/b03/mcs90_b03_s50.B04
Reading graphs...
50 :  75
50 :  75
Initializing...
maxdom : 50
D->valSize : 2500
Solving...
currentSize : 37 <-- 0.098282 s
currentSize : 38 <-- 0.098379 s
currentSize : 39 <-- 0.098837 s
currentSize : 40 <-- 0.099012 s
currentSize : 41 <-- 0.099188 s
currentSize : 43 <-- 0.099670 s
currentSize : 45 <-- 0.148167 s

maxsize : 45
nodes : 327700.000000
filtered : 16717098.000000
time : 3.898453
