Parameters: GAD=1 vflib=1 dir=0 label=0 lowerbound=1 fileNameGp=../../cp2016-max-common-connected-subgraph-paper/datasets/graphsdb/mcs90/bvg/b03m/mcs90_b03m_s50.A07 fileNameGt=../../cp2016-max-common-connected-subgraph-paper/datasets/graphsdb/mcs90/bvg/b03m/mcs90_b03m_s50.B07
Reading graphs...
50 :  74
50 :  74
Initializing...
maxdom : 50
D->valSize : 2500
Solving...
currentSize : 21 <-- 0.097979 s
currentSize : 26 <-- 0.098176 s
currentSize : 27 <-- 0.098188 s
currentSize : 28 <-- 0.128823 s
currentSize : 29 <-- 0.128865 s
currentSize : 30 <-- 1.414481 s
currentSize : 31 <-- 1.414914 s
currentSize : 32 <-- 2.011227 s
currentSize : 33 <-- 26.659693 s
currentSize : 34 <-- 131.706772 s

TIMEOUT
maxsize : 34
nodes : 180623805.000000
filtered : 3072785798.000000
time : 1000.000061
