Parameters: GAD=1 vflib=1 dir=0 label=0 lowerbound=1 fileNameGp=../../cp2016-max-common-connected-subgraph-paper/datasets/graphsdb/mcs90/bvg/b06m/mcs90_b06m_s30.A03 fileNameGt=../../cp2016-max-common-connected-subgraph-paper/datasets/graphsdb/mcs90/bvg/b06m/mcs90_b06m_s30.B03
Reading graphs...
30 :  90
30 :  90
Initializing...
maxdom : 30
D->valSize : 900
Solving...
currentSize : 13 <-- 0.018100 s
currentSize : 14 <-- 0.018265 s
currentSize : 15 <-- 0.019087 s
currentSize : 16 <-- 0.030218 s
currentSize : 17 <-- 0.203807 s
currentSize : 18 <-- 0.204478 s
currentSize : 19 <-- 0.208159 s
currentSize : 20 <-- 0.208285 s
currentSize : 23 <-- 0.223220 s
currentSize : 25 <-- 0.228243 s
currentSize : 27 <-- 0.228298 s

maxsize : 27
nodes : 49322.000000
filtered : 891464.000000
time : 0.249784
