Parameters: GAD=1 vflib=1 dir=0 label=0 lowerbound=1 fileNameGp=../../cp2016-max-common-connected-subgraph-paper/datasets/graphsdb/mcs90/bvg/b06m/mcs90_b06m_s40.A01 fileNameGt=../../cp2016-max-common-connected-subgraph-paper/datasets/graphsdb/mcs90/bvg/b06m/mcs90_b06m_s40.B01
Reading graphs...
40 :  117
40 :  118
Initializing...
maxdom : 40
D->valSize : 1600
Solving...
currentSize : 17 <-- 0.033478 s
currentSize : 18 <-- 0.033517 s
currentSize : 20 <-- 0.033650 s
currentSize : 21 <-- 0.765063 s
currentSize : 22 <-- 10.555047 s
currentSize : 23 <-- 83.438568 s
currentSize : 24 <-- 87.376305 s
currentSize : 25 <-- 120.487961 s
currentSize : 26 <-- 120.488289 s
currentSize : 28 <-- 120.498230 s
currentSize : 29 <-- 120.542480 s
currentSize : 30 <-- 142.589905 s
currentSize : 32 <-- 145.961258 s
currentSize : 34 <-- 146.015350 s
currentSize : 36 <-- 146.184311 s

maxsize : 36
nodes : 23919336.000000
filtered : 681632609.000000
time : 146.269470
