Parameters: GAD=1 vflib=1 dir=0 label=0 lowerbound=1 fileNameGp=../../cp2016-max-common-connected-subgraph-paper/datasets/graphsdb/mcs90/rand/r02/mcs90_r02_s30.A05 fileNameGt=../../cp2016-max-common-connected-subgraph-paper/datasets/graphsdb/mcs90/rand/r02/mcs90_r02_s30.B05
Reading graphs...
30 :  155
30 :  156
Initializing...
maxdom : 30
D->valSize : 900
Solving...
currentSize : 11 <-- 0.016149 s
currentSize : 12 <-- 0.019651 s
currentSize : 13 <-- 0.044879 s
currentSize : 14 <-- 0.156937 s
currentSize : 15 <-- 0.440654 s
currentSize : 16 <-- 0.472882 s
currentSize : 17 <-- 0.476839 s
currentSize : 21 <-- 0.880446 s
currentSize : 27 <-- 1.551298 s

maxsize : 27
nodes : 315284.000000
filtered : 6649576.000000
time : 1.562475
