Parameters: GAD=1 vflib=1 dir=0 label=0 lowerbound=1 fileNameGp=../../cp2016-max-common-connected-subgraph-paper/datasets/graphsdb/mcs90/rand/r005/mcs90_r005_s25.A02 fileNameGt=../../cp2016-max-common-connected-subgraph-paper/datasets/graphsdb/mcs90/rand/r005/mcs90_r005_s25.B02
Reading graphs...
25 :  29
25 :  29
Initializing...
maxdom : 25
D->valSize : 625
Solving...
currentSize : 9 <-- 0.005685 s
currentSize : 10 <-- 0.006620 s
currentSize : 11 <-- 0.012561 s
currentSize : 12 <-- 0.014366 s
currentSize : 13 <-- 0.017257 s
currentSize : 14 <-- 0.040376 s
currentSize : 15 <-- 0.077408 s
currentSize : 16 <-- 0.623537 s
currentSize : 17 <-- 2.678638 s
currentSize : 18 <-- 2.684330 s
currentSize : 20 <-- 2.735099 s
currentSize : 21 <-- 2.735222 s
currentSize : 22 <-- 2.754466 s

maxsize : 22
nodes : 1448273.000000
filtered : 4371709.000000
time : 2.761484
