Parameters: GAD=1 vflib=1 dir=0 label=0 lowerbound=1 fileNameGp=../../cp2016-max-common-connected-subgraph-paper/datasets/graphsdb/mcs90/bvg/b09m/mcs90_b09m_s25.A01 fileNameGt=../../cp2016-max-common-connected-subgraph-paper/datasets/graphsdb/mcs90/bvg/b09m/mcs90_b09m_s25.B01
Reading graphs...
25 :  108
25 :  107
Initializing...
maxdom : 25
D->valSize : 625
Solving...
currentSize : 9 <-- 0.004548 s
currentSize : 10 <-- 0.004640 s
currentSize : 11 <-- 0.004661 s
currentSize : 12 <-- 0.021788 s
currentSize : 13 <-- 0.029898 s
currentSize : 14 <-- 0.041277 s
currentSize : 16 <-- 0.041320 s
currentSize : 19 <-- 0.055697 s
currentSize : 22 <-- 0.055762 s

maxsize : 22
nodes : 15850.000000
filtered : 261683.000000
time : 0.067028
