Parameters: GAD=1 vflib=1 dir=0 label=0 lowerbound=1 fileNameGp=../../cp2016-max-common-connected-subgraph-paper/datasets/graphsdb/mcs90/m2D/m2D/mcs90_m2D_s40.A04 fileNameGt=../../cp2016-max-common-connected-subgraph-paper/datasets/graphsdb/mcs90/m2D/m2D/mcs90_m2D_s40.B04
Reading graphs...
40 :  67
40 :  67
Initializing...
maxdom : 40
D->valSize : 1600
Solving...
currentSize : 17 <-- 0.035905 s
currentSize : 19 <-- 0.035931 s
currentSize : 22 <-- 0.035987 s
currentSize : 23 <-- 0.039970 s
currentSize : 24 <-- 0.049890 s
currentSize : 26 <-- 0.085342 s
currentSize : 27 <-- 0.370069 s
currentSize : 28 <-- 0.752063 s
currentSize : 29 <-- 0.893432 s
currentSize : 30 <-- 0.992346 s
currentSize : 31 <-- 1.246170 s
currentSize : 32 <-- 2.136597 s
currentSize : 33 <-- 2.770681 s
currentSize : 34 <-- 2.876096 s
currentSize : 36 <-- 2.987351 s
currentSize : 37 <-- 3.229608 s

maxsize : 37
nodes : 570983.000000
filtered : 14167731.000000
time : 3.314779
