Parameters: GAD=1 vflib=1 dir=0 label=0 lowerbound=1 fileNameGp=../../cp2016-max-common-connected-subgraph-paper/datasets/graphsdb/mcs90/bvg/b09m/mcs90_b09m_s50.A06 fileNameGt=../../cp2016-max-common-connected-subgraph-paper/datasets/graphsdb/mcs90/bvg/b09m/mcs90_b09m_s50.B06
Reading graphs...
50 :  223
50 :  221
Initializing...
maxdom : 50
D->valSize : 2500
Solving...
currentSize : 16 <-- 0.112397 s
currentSize : 17 <-- 0.121887 s
currentSize : 18 <-- 0.186269 s
currentSize : 19 <-- 0.284170 s
currentSize : 20 <-- 3.180532 s
currentSize : 21 <-- 4.356333 s
currentSize : 22 <-- 95.587975 s

TIMEOUT
maxsize : 22
nodes : 169571727.000000
filtered : 3466445278.000000
time : 1000.000000
