Parameters: GAD=1 vflib=1 dir=0 label=0 lowerbound=1 fileNameGp=../../cp2016-max-common-connected-subgraph-paper/datasets/graphsdb/mcs90/rand/r01/mcs90_r01_s25.A03 fileNameGt=../../cp2016-max-common-connected-subgraph-paper/datasets/graphsdb/mcs90/rand/r01/mcs90_r01_s25.B03
Reading graphs...
25 :  57
25 :  57
Initializing...
maxdom : 25
D->valSize : 625
Solving...
currentSize : 9 <-- 0.008465 s
currentSize : 12 <-- 0.008491 s
currentSize : 13 <-- 0.008734 s
currentSize : 14 <-- 0.010117 s
currentSize : 15 <-- 0.038860 s
currentSize : 16 <-- 0.250412 s
currentSize : 17 <-- 0.332421 s
currentSize : 18 <-- 0.393863 s
currentSize : 20 <-- 0.393962 s
currentSize : 22 <-- 0.408060 s

maxsize : 22
nodes : 100245.000000
filtered : 1678531.000000
time : 0.419226
