Parameters: GAD=1 vflib=1 dir=0 label=0 lowerbound=1 fileNameGp=../../cp2016-max-common-connected-subgraph-paper/datasets/graphsdb/mcs90/rand/r01/mcs90_r01_s30.A03 fileNameGt=../../cp2016-max-common-connected-subgraph-paper/datasets/graphsdb/mcs90/rand/r01/mcs90_r01_s30.B03
Reading graphs...
30 :  82
30 :  83
Initializing...
maxdom : 30
D->valSize : 900
Solving...
currentSize : 14 <-- 0.011367 s
currentSize : 15 <-- 0.099298 s
currentSize : 16 <-- 0.129224 s
currentSize : 17 <-- 5.248936 s
currentSize : 18 <-- 18.029350 s
currentSize : 19 <-- 21.353512 s
currentSize : 21 <-- 21.702045 s
currentSize : 22 <-- 21.702499 s
currentSize : 27 <-- 21.702587 s

maxsize : 27
nodes : 5069623.000000
filtered : 79765134.000000
time : 21.722872
