Parameters: GAD=1 vflib=1 dir=0 label=0 lowerbound=1 fileNameGp=../../cp2016-max-common-connected-subgraph-paper/datasets/graphsdb/mcs90/rand/r01/mcs90_r01_s40.A05 fileNameGt=../../cp2016-max-common-connected-subgraph-paper/datasets/graphsdb/mcs90/rand/r01/mcs90_r01_s40.B05
Reading graphs...
40 :  150
40 :  151
Initializing...
maxdom : 40
D->valSize : 1600
Solving...
currentSize : 16 <-- 0.056154 s
currentSize : 17 <-- 0.056431 s
currentSize : 18 <-- 0.075709 s
currentSize : 19 <-- 0.078122 s
currentSize : 20 <-- 2.415478 s
currentSize : 21 <-- 35.070011 s
currentSize : 22 <-- 398.220673 s

TIMEOUT
maxsize : 22
nodes : 168355674.000000
filtered : 4440482913.000000
time : 1000.000000
