Parameters: GAD=1 vflib=1 dir=0 label=0 lowerbound=1 fileNameGp=../../cp2016-max-common-connected-subgraph-paper/datasets/graphsdb/mcs90/rand/r01/mcs90_r01_s40.A03 fileNameGt=../../cp2016-max-common-connected-subgraph-paper/datasets/graphsdb/mcs90/rand/r01/mcs90_r01_s40.B03
Reading graphs...
40 :  150
40 :  151
Initializing...
maxdom : 40
D->valSize : 1600
Solving...
currentSize : 16 <-- 0.032430 s
currentSize : 17 <-- 0.032960 s
currentSize : 18 <-- 0.036407 s
currentSize : 19 <-- 0.140652 s
currentSize : 20 <-- 23.232307 s
currentSize : 22 <-- 81.182938 s
currentSize : 24 <-- 84.302368 s
currentSize : 26 <-- 94.967873 s
currentSize : 28 <-- 95.082344 s
currentSize : 29 <-- 108.087708 s
currentSize : 30 <-- 112.903542 s
currentSize : 36 <-- 113.790985 s

maxsize : 36
nodes : 19971556.000000
filtered : 496375168.000000
time : 113.869659
