Parameters: GAD=1 vflib=1 dir=0 label=0 lowerbound=1 fileNameGp=../../cp2016-max-common-connected-subgraph-paper/datasets/graphsdb/mcs90/rand/r005/mcs90_r005_s30.A07 fileNameGt=../../cp2016-max-common-connected-subgraph-paper/datasets/graphsdb/mcs90/rand/r005/mcs90_r005_s30.B07
Reading graphs...
30 :  41
30 :  42
Initializing...
maxdom : 30
D->valSize : 900
Solving...
currentSize : 19 <-- 0.011513 s
currentSize : 20 <-- 0.011584 s
currentSize : 21 <-- 0.012237 s
currentSize : 22 <-- 0.015997 s
currentSize : 23 <-- 0.022942 s
currentSize : 24 <-- 0.023358 s
currentSize : 25 <-- 0.023927 s
currentSize : 26 <-- 0.033149 s
currentSize : 27 <-- 0.033640 s

maxsize : 27
nodes : 7732.000000
filtered : 186671.000000
time : 0.048996
