Parameters: GAD=1 vflib=1 dir=0 label=0 lowerbound=1 fileNameGp=../../cp2016-max-common-connected-subgraph-paper/datasets/graphsdb/mcs90/bvg/b06m/mcs90_b06m_s30.A02 fileNameGt=../../cp2016-max-common-connected-subgraph-paper/datasets/graphsdb/mcs90/bvg/b06m/mcs90_b06m_s30.B02
Reading graphs...
30 :  87
30 :  87
Initializing...
maxdom : 30
D->valSize : 900
Solving...
currentSize : 12 <-- 0.010098 s
currentSize : 13 <-- 0.010160 s
currentSize : 14 <-- 0.011194 s
currentSize : 15 <-- 0.011931 s
currentSize : 16 <-- 0.023328 s
currentSize : 17 <-- 0.029552 s
currentSize : 18 <-- 0.089595 s
currentSize : 19 <-- 0.100671 s
currentSize : 20 <-- 1.408550 s
currentSize : 21 <-- 1.420074 s
currentSize : 22 <-- 2.106257 s
currentSize : 23 <-- 2.316003 s
currentSize : 27 <-- 2.424636 s

maxsize : 27
nodes : 417212.000000
filtered : 12832028.000000
time : 2.444195
