Parameters: GAD=1 vflib=1 dir=0 label=0 lowerbound=1 fileNameGp=../../cp2016-max-common-connected-subgraph-paper/datasets/graphsdb/mcs90/m2D/m2Dr6/mcs90_m2Dr6_s40.A09 fileNameGt=../../cp2016-max-common-connected-subgraph-paper/datasets/graphsdb/mcs90/m2D/m2Dr6/mcs90_m2Dr6_s40.B09
Reading graphs...
40 :  91
40 :  90
Initializing...
maxdom : 40
D->valSize : 1600
Solving...
currentSize : 15 <-- 0.034721 s
currentSize : 17 <-- 0.034748 s
currentSize : 18 <-- 0.034938 s
currentSize : 19 <-- 0.036356 s
currentSize : 20 <-- 0.044014 s
currentSize : 21 <-- 0.046445 s
currentSize : 22 <-- 0.046831 s
currentSize : 23 <-- 5.501904 s
currentSize : 24 <-- 169.833878 s

TIMEOUT
maxsize : 24
nodes : 189058647.000000
filtered : 3910705323.000000
time : 1000.000000
