Parameters: GAD=1 vflib=1 dir=0 label=0 lowerbound=1 fileNameGp=../../cp2016-max-common-connected-subgraph-paper/datasets/graphsdb/mcs90/bvg/b09m/mcs90_b09m_s35.A09 fileNameGt=../../cp2016-max-common-connected-subgraph-paper/datasets/graphsdb/mcs90/bvg/b09m/mcs90_b09m_s35.B09
Reading graphs...
35 :  151
35 :  153
Initializing...
maxdom : 35
D->valSize : 1225
Solving...
currentSize : 14 <-- 0.018116 s
currentSize : 15 <-- 0.018294 s
currentSize : 16 <-- 0.018679 s
currentSize : 17 <-- 0.035771 s
currentSize : 18 <-- 0.207788 s
currentSize : 19 <-- 0.207939 s
currentSize : 20 <-- 2.153852 s
currentSize : 22 <-- 5.300048 s
currentSize : 26 <-- 5.469812 s
currentSize : 30 <-- 5.538643 s

maxsize : 30
nodes : 940892.000000
filtered : 29076634.000000
time : 5.706100
