Parameters: GAD=1 vflib=1 dir=0 label=0 lowerbound=1 fileNameGp=../../cp2016-max-common-connected-subgraph-paper/datasets/graphsdb/mcs90/rand/r005/mcs90_r005_s35.A02 fileNameGt=../../cp2016-max-common-connected-subgraph-paper/datasets/graphsdb/mcs90/rand/r005/mcs90_r005_s35.B02
Reading graphs...
35 :  56
35 :  56
Initializing...
maxdom : 35
D->valSize : 1225
Solving...
currentSize : 15 <-- 0.020652 s
currentSize : 16 <-- 0.020675 s
currentSize : 17 <-- 0.024118 s
currentSize : 19 <-- 0.070797 s
currentSize : 20 <-- 0.638436 s
currentSize : 21 <-- 4.127616 s
currentSize : 22 <-- 13.549720 s
currentSize : 23 <-- 29.522421 s
currentSize : 24 <-- 47.252213 s
currentSize : 25 <-- 47.252682 s
currentSize : 26 <-- 53.369648 s
currentSize : 27 <-- 69.811058 s
currentSize : 28 <-- 69.812599 s
currentSize : 29 <-- 69.812637 s
currentSize : 31 <-- 69.827682 s

maxsize : 31
nodes : 16777180.000000
filtered : 242384651.000000
time : 69.924889
