Parameters: GAD=1 vflib=1 dir=0 label=0 lowerbound=1 fileNameGp=../../cp2016-max-common-connected-subgraph-paper/datasets/graphsdb/mcs90/bvg/b06/mcs90_b06_s35.A07 fileNameGt=../../cp2016-max-common-connected-subgraph-paper/datasets/graphsdb/mcs90/bvg/b06/mcs90_b06_s35.B07
Reading graphs...
35 :  104
35 :  104
Initializing...
maxdom : 35
D->valSize : 1225
Solving...
currentSize : 24 <-- 0.033260 s
currentSize : 25 <-- 0.033425 s
currentSize : 26 <-- 0.035029 s
currentSize : 27 <-- 0.036834 s
currentSize : 28 <-- 0.113408 s
currentSize : 29 <-- 0.133039 s
currentSize : 31 <-- 0.133524 s
currentSize : 32 <-- 0.251368 s

maxsize : 32
nodes : 34094.000000
filtered : 1251562.000000
time : 0.286056
