Parameters: GAD=1 vflib=1 dir=0 label=0 lowerbound=1 fileNameGp=../../cp2016-max-common-connected-subgraph-paper/datasets/graphsdb/mcs90/bvg/b09/mcs90_b09_s25.A06 fileNameGt=../../cp2016-max-common-connected-subgraph-paper/datasets/graphsdb/mcs90/bvg/b09/mcs90_b09_s25.B06
Reading graphs...
25 :  111
25 :  111
Initializing...
maxdom : 25
D->valSize : 625
Solving...
currentSize : 9 <-- 0.004595 s
currentSize : 10 <-- 0.004722 s
currentSize : 11 <-- 0.009413 s
currentSize : 12 <-- 0.026512 s
currentSize : 13 <-- 0.088314 s
currentSize : 14 <-- 0.139917 s
currentSize : 16 <-- 0.140182 s
currentSize : 22 <-- 0.141224 s

maxsize : 22
nodes : 46900.000000
filtered : 624674.000000
time : 0.179556
