Parameters: GAD=1 vflib=1 dir=0 label=0 lowerbound=1 fileNameGp=../../cp2016-max-common-connected-subgraph-paper/datasets/graphsdb/mcs90/rand/r005/mcs90_r005_s30.A01 fileNameGt=../../cp2016-max-common-connected-subgraph-paper/datasets/graphsdb/mcs90/rand/r005/mcs90_r005_s30.B01
Reading graphs...
30 :  42
30 :  42
Initializing...
maxdom : 30
D->valSize : 900
Solving...
currentSize : 7 <-- 0.019190 s
currentSize : 13 <-- 0.019272 s
currentSize : 17 <-- 0.019319 s
currentSize : 18 <-- 0.025473 s
currentSize : 20 <-- 0.057809 s
currentSize : 21 <-- 0.060393 s
currentSize : 22 <-- 0.682520 s
currentSize : 23 <-- 0.682543 s
currentSize : 24 <-- 0.840513 s
currentSize : 25 <-- 1.249685 s
currentSize : 26 <-- 1.250116 s
currentSize : 27 <-- 1.250292 s

maxsize : 27
nodes : 260647.000000
filtered : 4506801.000000
time : 1.265509
