Parameters: GAD=1 vflib=1 dir=0 label=0 lowerbound=1 fileNameGp=../../cp2016-max-common-connected-subgraph-paper/datasets/graphsdb/mcs90/rand/r01/mcs90_r01_s35.A06 fileNameGt=../../cp2016-max-common-connected-subgraph-paper/datasets/graphsdb/mcs90/rand/r01/mcs90_r01_s35.B06
Reading graphs...
35 :  111
35 :  111
Initializing...
maxdom : 35
D->valSize : 1225
Solving...
currentSize : 12 <-- 0.033027 s
currentSize : 13 <-- 0.033132 s
currentSize : 14 <-- 0.033401 s
currentSize : 15 <-- 0.035600 s
currentSize : 16 <-- 0.043008 s
currentSize : 17 <-- 0.045889 s
currentSize : 18 <-- 0.065323 s
currentSize : 19 <-- 0.065368 s
currentSize : 22 <-- 0.839181 s
currentSize : 23 <-- 10.823131 s
currentSize : 24 <-- 11.770668 s
currentSize : 25 <-- 11.771418 s
currentSize : 26 <-- 12.765786 s
currentSize : 31 <-- 12.765886 s

maxsize : 31
nodes : 2018596.000000
filtered : 66027788.000000
time : 12.811013
