Parameters: GAD=1 vflib=1 dir=0 label=0 lowerbound=1 fileNameGp=../../cp2016-max-common-connected-subgraph-paper/datasets/graphsdb/mcs90/bvg/b06m/mcs90_b06m_s35.A01 fileNameGt=../../cp2016-max-common-connected-subgraph-paper/datasets/graphsdb/mcs90/bvg/b06m/mcs90_b06m_s35.B01
Reading graphs...
35 :  99
35 :  101
Initializing...
maxdom : 35
D->valSize : 1225
Solving...
currentSize : 19 <-- 0.033904 s
currentSize : 20 <-- 0.049555 s
currentSize : 21 <-- 1.714070 s
currentSize : 22 <-- 11.765125 s
currentSize : 23 <-- 12.195845 s
currentSize : 24 <-- 12.923327 s
currentSize : 25 <-- 12.959658 s
currentSize : 27 <-- 16.708960 s
currentSize : 32 <-- 16.709032 s

maxsize : 32
nodes : 2818851.000000
filtered : 84316912.000000
time : 16.737469
