Parameters: GAD=1 vflib=1 dir=0 label=0 lowerbound=1 fileNameGp=../../cp2016-max-common-connected-subgraph-paper/datasets/graphsdb/mcs90/bvg/b03m/mcs90_b03m_s35.A01 fileNameGt=../../cp2016-max-common-connected-subgraph-paper/datasets/graphsdb/mcs90/bvg/b03m/mcs90_b03m_s35.B01
Reading graphs...
35 :  50
35 :  50
Initializing...
maxdom : 35
D->valSize : 1225
Solving...
currentSize : 17 <-- 0.020821 s
currentSize : 20 <-- 0.020940 s
currentSize : 21 <-- 0.022378 s
currentSize : 23 <-- 0.023537 s
currentSize : 24 <-- 0.023867 s
currentSize : 25 <-- 0.023907 s
currentSize : 26 <-- 0.211644 s
currentSize : 27 <-- 21.479448 s
currentSize : 28 <-- 21.580408 s
currentSize : 29 <-- 21.588739 s
currentSize : 30 <-- 22.633921 s

maxsize : 30
nodes : 4080664.000000
filtered : 92400890.000000
time : 22.888184
