Parameters: GAD=1 vflib=1 dir=0 label=0 lowerbound=1 fileNameGp=../../cp2016-max-common-connected-subgraph-paper/datasets/graphsdb/mcs90/bvg/b06/mcs90_b06_s35.A03 fileNameGt=../../cp2016-max-common-connected-subgraph-paper/datasets/graphsdb/mcs90/bvg/b06/mcs90_b06_s35.B03
Reading graphs...
35 :  105
35 :  105
Initializing...
maxdom : 35
D->valSize : 1225
Solving...
currentSize : 17 <-- 0.018957 s
currentSize : 18 <-- 0.018989 s
currentSize : 19 <-- 0.019060 s
currentSize : 20 <-- 0.019261 s
currentSize : 21 <-- 0.038565 s
currentSize : 22 <-- 0.046311 s
currentSize : 23 <-- 0.366044 s
currentSize : 24 <-- 0.772518 s
currentSize : 25 <-- 2.180775 s
currentSize : 26 <-- 2.338312 s
currentSize : 29 <-- 2.423533 s
currentSize : 31 <-- 2.424198 s

maxsize : 31
nodes : 502713.000000
filtered : 10773409.000000
time : 2.586955
