Parameters: GAD=1 vflib=1 dir=0 label=0 lowerbound=1 fileNameGp=../../cp2016-max-common-connected-subgraph-paper/datasets/graphsdb/mcs90/bvg/b06m/mcs90_b06m_s20.A07 fileNameGt=../../cp2016-max-common-connected-subgraph-paper/datasets/graphsdb/mcs90/bvg/b06m/mcs90_b06m_s20.B07
Reading graphs...
20 :  55
20 :  54
Initializing...
maxdom : 20
D->valSize : 400
Solving...
currentSize : 9 <-- 0.002064 s
currentSize : 10 <-- 0.002176 s
currentSize : 11 <-- 0.002400 s
currentSize : 12 <-- 0.002774 s
currentSize : 13 <-- 0.005696 s
currentSize : 14 <-- 0.060535 s
currentSize : 15 <-- 0.074358 s
currentSize : 17 <-- 0.074904 s
currentSize : 18 <-- 0.074954 s

maxsize : 18
nodes : 21692.000000
filtered : 314561.000000
time : 0.077321
