Parameters: GAD=1 vflib=1 dir=0 label=0 lowerbound=1 fileNameGp=../../cp2016-max-common-connected-subgraph-paper/datasets/graphsdb/mcs90/bvg/b03m/mcs90_b03m_s40.A09 fileNameGt=../../cp2016-max-common-connected-subgraph-paper/datasets/graphsdb/mcs90/bvg/b03m/mcs90_b03m_s40.B09
Reading graphs...
40 :  59
40 :  59
Initializing...
maxdom : 40
D->valSize : 1600
Solving...
currentSize : 21 <-- 0.036585 s
currentSize : 22 <-- 0.036605 s
currentSize : 23 <-- 0.036641 s
currentSize : 24 <-- 0.223066 s
currentSize : 25 <-- 5.031276 s
currentSize : 26 <-- 5.031307 s
currentSize : 27 <-- 5.100331 s
currentSize : 28 <-- 18.812939 s
currentSize : 29 <-- 18.813026 s
currentSize : 30 <-- 56.202351 s
currentSize : 31 <-- 56.257420 s
currentSize : 32 <-- 117.616447 s
currentSize : 33 <-- 117.624275 s
currentSize : 35 <-- 118.096848 s
currentSize : 36 <-- 118.096863 s

maxsize : 36
nodes : 18925735.000000
filtered : 486508271.000000
time : 118.380692
