Parameters: GAD=1 vflib=1 dir=0 label=0 lowerbound=1 fileNameGp=../../cp2016-max-common-connected-subgraph-paper/datasets/graphsdb/mcs90/bvg/b09/mcs90_b09_s40.A02 fileNameGt=../../cp2016-max-common-connected-subgraph-paper/datasets/graphsdb/mcs90/bvg/b09/mcs90_b09_s40.B02
Reading graphs...
40 :  179
40 :  180
Initializing...
maxdom : 40
D->valSize : 1600
Solving...
currentSize : 15 <-- 0.031698 s
currentSize : 16 <-- 0.033488 s
currentSize : 17 <-- 0.038010 s
currentSize : 18 <-- 0.045059 s
currentSize : 19 <-- 0.228560 s
currentSize : 20 <-- 0.416983 s
currentSize : 22 <-- 0.602933 s
currentSize : 23 <-- 3.344715 s
currentSize : 26 <-- 17.676748 s
currentSize : 28 <-- 17.690380 s
currentSize : 29 <-- 17.692013 s
currentSize : 32 <-- 17.692144 s
currentSize : 36 <-- 17.706615 s

maxsize : 36
nodes : 2846296.000000
filtered : 86937499.000000
time : 18.060652
