Parameters: GAD=1 vflib=1 dir=0 label=0 lowerbound=1 fileNameGp=../../cp2016-max-common-connected-subgraph-paper/datasets/graphsdb/mcs90/m3D/m3Dr4/mcs90_m3Dr4_s30.A09 fileNameGt=../../cp2016-max-common-connected-subgraph-paper/datasets/graphsdb/mcs90/m3D/m3Dr4/mcs90_m3Dr4_s30.B09
Reading graphs...
30 :  73
30 :  72
Initializing...
maxdom : 30
D->valSize : 900
Solving...
currentSize : 13 <-- 0.010588 s
currentSize : 14 <-- 0.010942 s
currentSize : 15 <-- 0.011998 s
currentSize : 16 <-- 0.012082 s
currentSize : 17 <-- 0.013144 s
currentSize : 18 <-- 0.076005 s
currentSize : 20 <-- 1.254437 s
currentSize : 21 <-- 3.397459 s
currentSize : 22 <-- 3.402023 s
currentSize : 24 <-- 3.573011 s
currentSize : 27 <-- 3.573653 s

maxsize : 27
nodes : 734716.000000
filtered : 16163655.000000
time : 3.604463
