Parameters: GAD=1 vflib=1 dir=0 label=0 lowerbound=1 fileNameGp=../../cp2016-max-common-connected-subgraph-paper/datasets/graphsdb/mcs90/bvg/b09/mcs90_b09_s30.A06 fileNameGt=../../cp2016-max-common-connected-subgraph-paper/datasets/graphsdb/mcs90/bvg/b09/mcs90_b09_s30.B06
Reading graphs...
30 :  134
30 :  134
Initializing...
maxdom : 30
D->valSize : 900
Solving...
currentSize : 11 <-- 0.009622 s
currentSize : 12 <-- 0.009727 s
currentSize : 13 <-- 0.009871 s
currentSize : 15 <-- 0.011089 s
currentSize : 18 <-- 0.011333 s
currentSize : 19 <-- 0.013281 s
currentSize : 20 <-- 0.013536 s
currentSize : 22 <-- 0.015315 s
currentSize : 26 <-- 0.018130 s

maxsize : 26
nodes : 22130.000000
filtered : 1276739.000000
time : 0.172451
