Parameters: GAD=1 vflib=1 dir=0 label=0 lowerbound=1 fileNameGp=../../cp2016-max-common-connected-subgraph-paper/datasets/graphsdb/mcs90/rand/r01/mcs90_r01_s35.A01 fileNameGt=../../cp2016-max-common-connected-subgraph-paper/datasets/graphsdb/mcs90/rand/r01/mcs90_r01_s35.B01
Reading graphs...
35 :  113
35 :  113
Initializing...
maxdom : 35
D->valSize : 1225
Solving...
currentSize : 17 <-- 0.019079 s
currentSize : 18 <-- 1.977927 s
currentSize : 19 <-- 54.535576 s
currentSize : 20 <-- 168.242096 s
currentSize : 21 <-- 168.301407 s
currentSize : 22 <-- 168.368973 s
currentSize : 31 <-- 173.812073 s

maxsize : 31
nodes : 36208163.000000
filtered : 654786046.000000
time : 173.904144
