Parameters: GAD=1 vflib=1 dir=0 label=0 lowerbound=1 fileNameGp=../../cp2016-max-common-connected-subgraph-paper/datasets/graphsdb/mcs90/bvg/b09/mcs90_b09_s50.A02 fileNameGt=../../cp2016-max-common-connected-subgraph-paper/datasets/graphsdb/mcs90/bvg/b09/mcs90_b09_s50.B02
Reading graphs...
50 :  224
50 :  225
Initializing...
maxdom : 50
D->valSize : 2500
Solving...
currentSize : 34 <-- 0.085478 s
currentSize : 35 <-- 0.087622 s
currentSize : 36 <-- 0.089714 s
currentSize : 38 <-- 0.090494 s
currentSize : 40 <-- 0.090538 s
currentSize : 44 <-- 0.259823 s

maxsize : 44
nodes : 334320.000000
filtered : 33706867.000000
time : 4.605303
