Parameters: GAD=1 vflib=1 dir=0 label=0 lowerbound=1 fileNameGp=../../cp2016-max-common-connected-subgraph-paper/datasets/graphsdb/mcs90/bvg/b06/mcs90_b06_s40.A05 fileNameGt=../../cp2016-max-common-connected-subgraph-paper/datasets/graphsdb/mcs90/bvg/b06/mcs90_b06_s40.B05
Reading graphs...
40 :  120
40 :  120
Initializing...
maxdom : 40
D->valSize : 1600
Solving...
currentSize : 26 <-- 0.033755 s
currentSize : 27 <-- 0.035545 s
currentSize : 28 <-- 0.073949 s
currentSize : 29 <-- 0.108823 s
currentSize : 30 <-- 0.161994 s
currentSize : 31 <-- 0.179303 s
currentSize : 32 <-- 0.244443 s
currentSize : 33 <-- 0.248372 s
currentSize : 36 <-- 0.251152 s
currentSize : 37 <-- 0.326279 s

maxsize : 37
nodes : 47548.000000
filtered : 1808608.000000
time : 0.387121
