Parameters: GAD=1 vflib=1 dir=0 label=0 lowerbound=1 fileNameGp=../../cp2016-max-common-connected-subgraph-paper/datasets/graphsdb/mcs90/bvg/b06m/mcs90_b06m_s25.A08 fileNameGt=../../cp2016-max-common-connected-subgraph-paper/datasets/graphsdb/mcs90/bvg/b06m/mcs90_b06m_s25.B08
Reading graphs...
25 :  71
25 :  70
Initializing...
maxdom : 25
D->valSize : 625
Solving...
currentSize : 8 <-- 0.008115 s
currentSize : 9 <-- 0.008631 s
currentSize : 10 <-- 0.009411 s
currentSize : 11 <-- 0.010024 s
currentSize : 12 <-- 0.017530 s
currentSize : 14 <-- 0.018779 s
currentSize : 15 <-- 0.214088 s
currentSize : 16 <-- 0.479977 s
currentSize : 20 <-- 0.489045 s
currentSize : 22 <-- 0.489810 s

maxsize : 22
nodes : 117237.000000
filtered : 1830134.000000
time : 0.503645
