Parameters: GAD=1 vflib=1 dir=0 label=0 lowerbound=1 fileNameGp=../../cp2016-max-common-connected-subgraph-paper/datasets/graphsdb/mcs90/rand/r01/mcs90_r01_s50.A00 fileNameGt=../../cp2016-max-common-connected-subgraph-paper/datasets/graphsdb/mcs90/rand/r01/mcs90_r01_s50.B00
Reading graphs...
50 :  228
50 :  230
Initializing...
maxdom : 50
D->valSize : 2500
Solving...
currentSize : 17 <-- 0.147019 s
currentSize : 18 <-- 0.151993 s
currentSize : 19 <-- 0.159118 s
currentSize : 20 <-- 0.160205 s
currentSize : 21 <-- 1.499168 s
currentSize : 22 <-- 7.465223 s
currentSize : 23 <-- 99.157166 s

TIMEOUT
maxsize : 23
nodes : 163675355.000000
filtered : 3583474092.000000
time : 1000.000061
