Parameters: GAD=1 vflib=1 dir=0 label=0 lowerbound=1 fileNameGp=../../cp2016-max-common-connected-subgraph-paper/datasets/graphsdb/mcs90/bvg/b09/mcs90_b09_s40.A06 fileNameGt=../../cp2016-max-common-connected-subgraph-paper/datasets/graphsdb/mcs90/bvg/b09/mcs90_b09_s40.B06
Reading graphs...
40 :  180
40 :  179
Initializing...
maxdom : 40
D->valSize : 1600
Solving...
currentSize : 15 <-- 0.031460 s
currentSize : 16 <-- 0.031538 s
currentSize : 17 <-- 0.031706 s
currentSize : 18 <-- 0.033575 s
currentSize : 19 <-- 0.036613 s
currentSize : 21 <-- 0.049257 s
currentSize : 22 <-- 0.049606 s
currentSize : 24 <-- 0.050066 s
currentSize : 25 <-- 0.051202 s
currentSize : 36 <-- 0.054497 s

maxsize : 36
nodes : 43906.000000
filtered : 3647379.000000
time : 0.500822
