Parameters: GAD=1 vflib=1 dir=0 label=0 lowerbound=1 fileNameGp=../../cp2016-max-common-connected-subgraph-paper/datasets/graphsdb/mcs90/bvg/b06m/mcs90_b06m_s50.A08 fileNameGt=../../cp2016-max-common-connected-subgraph-paper/datasets/graphsdb/mcs90/bvg/b06m/mcs90_b06m_s50.B08
Reading graphs...
50 :  150
50 :  150
Initializing...
maxdom : 50
D->valSize : 2500
Solving...
currentSize : 19 <-- 0.110826 s
currentSize : 22 <-- 0.110871 s
currentSize : 23 <-- 0.110976 s
currentSize : 24 <-- 0.309952 s
currentSize : 25 <-- 0.872263 s
currentSize : 26 <-- 12.464697 s
currentSize : 27 <-- 14.915141 s
currentSize : 28 <-- 15.361771 s

TIMEOUT
maxsize : 28
nodes : 139338228.000000
filtered : 4398927685.000000
time : 1000.000061
