Parameters: GAD=1 vflib=1 dir=0 label=0 lowerbound=1 fileNameGp=../../cp2016-max-common-connected-subgraph-paper/datasets/graphsdb/mcs90/m3D/m3Dr2/mcs90_m3Dr2_s30.A07 fileNameGt=../../cp2016-max-common-connected-subgraph-paper/datasets/graphsdb/mcs90/m3D/m3Dr2/mcs90_m3Dr2_s30.B07
Reading graphs...
30 :  67
30 :  67
Initializing...
maxdom : 30
D->valSize : 900
Solving...
currentSize : 19 <-- 0.010430 s
currentSize : 20 <-- 0.010548 s
currentSize : 21 <-- 0.097215 s
currentSize : 22 <-- 0.507017 s
currentSize : 23 <-- 0.768403 s
currentSize : 24 <-- 0.953000 s
currentSize : 27 <-- 0.972088 s

maxsize : 27
nodes : 193846.000000
filtered : 5048043.000000
time : 1.002719
