Parameters: GAD=1 vflib=1 dir=0 label=0 lowerbound=1 fileNameGp=../../cp2016-max-common-connected-subgraph-paper/datasets/graphsdb/mcs90/bvg/b09/mcs90_b09_s50.A05 fileNameGt=../../cp2016-max-common-connected-subgraph-paper/datasets/graphsdb/mcs90/bvg/b09/mcs90_b09_s50.B05
Reading graphs...
50 :  225
50 :  224
Initializing...
maxdom : 50
D->valSize : 2500
Solving...
currentSize : 20 <-- 0.084752 s
currentSize : 21 <-- 0.086457 s
currentSize : 22 <-- 0.093133 s
currentSize : 25 <-- 0.494887 s
currentSize : 27 <-- 0.495095 s
currentSize : 28 <-- 0.495111 s
currentSize : 29 <-- 0.495147 s
currentSize : 30 <-- 66.701881 s
currentSize : 31 <-- 244.120224 s
currentSize : 32 <-- 339.946930 s
currentSize : 34 <-- 340.212708 s
currentSize : 36 <-- 340.297638 s
currentSize : 40 <-- 341.665253 s
currentSize : 44 <-- 342.160034 s

maxsize : 44
nodes : 41817460.000000
filtered : 1906823268.000000
time : 347.560333
