Parameters: GAD=1 vflib=1 dir=0 label=0 lowerbound=1 fileNameGp=../../cp2016-max-common-connected-subgraph-paper/datasets/graphsdb/mcs90/m2D/m2Dr6/mcs90_m2Dr6_s30.A00 fileNameGt=../../cp2016-max-common-connected-subgraph-paper/datasets/graphsdb/mcs90/m2D/m2Dr6/mcs90_m2Dr6_s30.B00
Reading graphs...
30 :  67
30 :  66
Initializing...
maxdom : 30
D->valSize : 900
Solving...
currentSize : 11 <-- 0.018667 s
currentSize : 12 <-- 0.018782 s
currentSize : 13 <-- 0.018855 s
currentSize : 14 <-- 0.019675 s
currentSize : 15 <-- 0.021879 s
currentSize : 16 <-- 0.026557 s
currentSize : 17 <-- 0.171000 s
currentSize : 18 <-- 0.279700 s
currentSize : 19 <-- 0.410979 s
currentSize : 21 <-- 2.611184 s
currentSize : 22 <-- 3.800914 s
currentSize : 23 <-- 4.088732 s
currentSize : 25 <-- 4.088995 s

maxsize : 25
nodes : 885578.000000
filtered : 18405157.000000
time : 4.273895
