Parameters: GAD=1 vflib=1 dir=0 label=0 lowerbound=1 fileNameGp=../../cp2016-max-common-connected-subgraph-paper/datasets/graphsdb/mcs90/rand/r01/mcs90_r01_s25.A00 fileNameGt=../../cp2016-max-common-connected-subgraph-paper/datasets/graphsdb/mcs90/rand/r01/mcs90_r01_s25.B00
Reading graphs...
25 :  58
25 :  58
Initializing...
maxdom : 25
D->valSize : 625
Solving...
currentSize : 12 <-- 0.005110 s
currentSize : 13 <-- 0.005131 s
currentSize : 14 <-- 0.005297 s
currentSize : 15 <-- 0.013553 s
currentSize : 17 <-- 0.030246 s
currentSize : 18 <-- 0.034831 s
currentSize : 19 <-- 0.034864 s
currentSize : 22 <-- 0.038748 s

maxsize : 22
nodes : 10674.000000
filtered : 210971.000000
time : 0.049304
