Parameters: GAD=1 vflib=1 dir=0 label=0 lowerbound=1 fileNameGp=../../cp2016-max-common-connected-subgraph-paper/datasets/graphsdb/mcs90/rand/r02/mcs90_r02_s30.A03 fileNameGt=../../cp2016-max-common-connected-subgraph-paper/datasets/graphsdb/mcs90/rand/r02/mcs90_r02_s30.B03
Reading graphs...
30 :  157
30 :  155
Initializing...
maxdom : 30
D->valSize : 900
Solving...
currentSize : 10 <-- 0.009352 s
currentSize : 11 <-- 0.009643 s
currentSize : 12 <-- 0.009774 s
currentSize : 13 <-- 0.039738 s
currentSize : 14 <-- 5.040159 s
currentSize : 15 <-- 8.147447 s
currentSize : 16 <-- 8.148280 s
currentSize : 17 <-- 8.148336 s
currentSize : 18 <-- 8.149005 s
currentSize : 19 <-- 8.636130 s
currentSize : 27 <-- 8.636854 s

maxsize : 27
nodes : 2239227.000000
filtered : 22754848.000000
time : 8.655667
