Parameters: GAD=1 vflib=1 dir=0 label=0 lowerbound=1 fileNameGp=../../cp2016-max-common-connected-subgraph-paper/datasets/graphsdb/mcs90/bvg/b06m/mcs90_b06m_s50.A09 fileNameGt=../../cp2016-max-common-connected-subgraph-paper/datasets/graphsdb/mcs90/bvg/b06m/mcs90_b06m_s50.B09
Reading graphs...
50 :  146
50 :  146
Initializing...
maxdom : 50
D->valSize : 2500
Solving...
currentSize : 16 <-- 0.091120 s
currentSize : 18 <-- 0.091714 s
currentSize : 19 <-- 0.091735 s
currentSize : 22 <-- 0.091750 s
currentSize : 23 <-- 0.093977 s
currentSize : 24 <-- 0.096793 s
currentSize : 25 <-- 0.113426 s
currentSize : 26 <-- 0.894013 s
currentSize : 27 <-- 0.966365 s
currentSize : 28 <-- 15.392327 s
currentSize : 29 <-- 578.075806 s

TIMEOUT
maxsize : 29
nodes : 143229457.000000
filtered : 4512558341.000000
time : 1000.000061
