Parameters: GAD=1 vflib=1 dir=0 label=0 lowerbound=1 fileNameGp=../../cp2016-max-common-connected-subgraph-paper/datasets/graphsdb/mcs90/bvg/b09/mcs90_b09_s50.A04 fileNameGt=../../cp2016-max-common-connected-subgraph-paper/datasets/graphsdb/mcs90/bvg/b09/mcs90_b09_s50.B04
Reading graphs...
50 :  224
50 :  225
Initializing...
maxdom : 50
D->valSize : 2500
Solving...
currentSize : 26 <-- 0.085133 s
currentSize : 27 <-- 0.085237 s
currentSize : 29 <-- 0.085350 s
currentSize : 31 <-- 0.119362 s
currentSize : 32 <-- 0.119398 s
currentSize : 34 <-- 0.128652 s
currentSize : 36 <-- 0.130596 s
currentSize : 38 <-- 0.144854 s
currentSize : 40 <-- 0.147716 s
currentSize : 44 <-- 0.169596 s

maxsize : 44
nodes : 450844.000000
filtered : 40255109.000000
time : 5.690092
