Parameters: GAD=1 vflib=1 dir=0 label=0 lowerbound=1 fileNameGp=../../cp2016-max-common-connected-subgraph-paper/datasets/graphsdb/mcs90/bvg/b06/mcs90_b06_s40.A01 fileNameGt=../../cp2016-max-common-connected-subgraph-paper/datasets/graphsdb/mcs90/bvg/b06/mcs90_b06_s40.B01
Reading graphs...
40 :  120
40 :  120
Initializing...
maxdom : 40
D->valSize : 1600
Solving...
currentSize : 27 <-- 0.058747 s
currentSize : 28 <-- 0.058786 s
currentSize : 30 <-- 0.059624 s
currentSize : 31 <-- 0.059734 s
currentSize : 32 <-- 0.060067 s
currentSize : 34 <-- 0.061770 s
currentSize : 35 <-- 0.063281 s
currentSize : 36 <-- 0.063413 s

maxsize : 36
nodes : 50067.000000
filtered : 2326723.000000
time : 0.545126
