Parameters: GAD=1 vflib=1 dir=0 label=0 lowerbound=1 fileNameGp=../../cp2016-max-common-connected-subgraph-paper/datasets/graphsdb/mcs90/m2D/m2Dr4/mcs90_m2Dr4_s40.A03 fileNameGt=../../cp2016-max-common-connected-subgraph-paper/datasets/graphsdb/mcs90/m2D/m2Dr4/mcs90_m2Dr4_s40.B03
Reading graphs...
40 :  82
40 :  82
Initializing...
maxdom : 40
D->valSize : 1600
Solving...
currentSize : 17 <-- 0.035882 s
currentSize : 19 <-- 0.036087 s
currentSize : 20 <-- 0.036096 s
currentSize : 21 <-- 0.036459 s
currentSize : 22 <-- 0.038249 s
currentSize : 23 <-- 0.056273 s
currentSize : 24 <-- 1.123620 s
currentSize : 25 <-- 6.188037 s
currentSize : 26 <-- 104.714539 s
currentSize : 27 <-- 104.739067 s
currentSize : 28 <-- 104.739723 s
currentSize : 29 <-- 188.450531 s
currentSize : 30 <-- 327.770203 s
currentSize : 32 <-- 327.845734 s
currentSize : 33 <-- 340.424286 s
currentSize : 36 <-- 340.424347 s

maxsize : 36
nodes : 49824398.000000
filtered : 1648277010.000000
time : 340.535614
