Parameters: GAD=1 vflib=1 dir=0 label=0 lowerbound=1 fileNameGp=../../cp2016-max-common-connected-subgraph-paper/datasets/graphsdb/mcs90/bvg/b09/mcs90_b09_s25.A02 fileNameGt=../../cp2016-max-common-connected-subgraph-paper/datasets/graphsdb/mcs90/bvg/b09/mcs90_b09_s25.B02
Reading graphs...
25 :  111
25 :  112
Initializing...
maxdom : 25
D->valSize : 625
Solving...
currentSize : 10 <-- 0.004524 s
currentSize : 11 <-- 0.004554 s
currentSize : 12 <-- 0.004990 s
currentSize : 13 <-- 0.006321 s
currentSize : 14 <-- 0.007019 s
currentSize : 15 <-- 0.010400 s
currentSize : 17 <-- 0.013587 s
currentSize : 19 <-- 0.040521 s
currentSize : 22 <-- 0.096301 s

maxsize : 22
nodes : 19592.000000
filtered : 705342.000000
time : 0.113211
