Parameters: GAD=1 vflib=1 dir=0 label=0 lowerbound=1 fileNameGp=../../cp2016-max-common-connected-subgraph-paper/datasets/graphsdb/mcs90/m3D/m3Dr6/mcs90_m3Dr6_s30.A06 fileNameGt=../../cp2016-max-common-connected-subgraph-paper/datasets/graphsdb/mcs90/m3D/m3Dr6/mcs90_m3Dr6_s30.B06
Reading graphs...
30 :  78
30 :  75
Initializing...
maxdom : 30
D->valSize : 900
Solving...
currentSize : 14 <-- 0.010156 s
currentSize : 15 <-- 0.010248 s
currentSize : 16 <-- 0.017366 s
currentSize : 17 <-- 0.018082 s
currentSize : 18 <-- 0.231623 s
currentSize : 19 <-- 7.687882 s
currentSize : 22 <-- 8.290714 s
currentSize : 27 <-- 8.291008 s

maxsize : 27
nodes : 1893311.000000
filtered : 30858093.000000
time : 8.300691
