Parameters: GAD=1 vflib=1 dir=0 label=0 lowerbound=1 fileNameGp=../../cp2016-max-common-connected-subgraph-paper/datasets/graphsdb/mcs90/bvg/b09/mcs90_b09_s50.A09 fileNameGt=../../cp2016-max-common-connected-subgraph-paper/datasets/graphsdb/mcs90/bvg/b09/mcs90_b09_s50.B09
Reading graphs...
50 :  224
50 :  225
Initializing...
maxdom : 50
D->valSize : 2500
Solving...
currentSize : 31 <-- 0.085026 s
currentSize : 32 <-- 0.085280 s
currentSize : 33 <-- 0.087289 s
currentSize : 34 <-- 0.097222 s
currentSize : 35 <-- 0.108142 s
currentSize : 38 <-- 0.110306 s
currentSize : 40 <-- 0.115019 s
currentSize : 44 <-- 0.139190 s

maxsize : 44
nodes : 409217.000000
filtered : 37919947.000000
time : 5.316115
