Parameters: GAD=1 vflib=1 dir=0 label=0 lowerbound=1 fileNameGp=../../cp2016-max-common-connected-subgraph-paper/datasets/graphsdb/mcs90/rand/r02/mcs90_r02_s35.A04 fileNameGt=../../cp2016-max-common-connected-subgraph-paper/datasets/graphsdb/mcs90/rand/r02/mcs90_r02_s35.B04
Reading graphs...
35 :  218
35 :  216
Initializing...
maxdom : 35
D->valSize : 1225
Solving...
currentSize : 11 <-- 0.028515 s
currentSize : 14 <-- 0.028851 s
currentSize : 15 <-- 4.936446 s
currentSize : 16 <-- 5.999094 s
currentSize : 17 <-- 6.200577 s
currentSize : 18 <-- 20.016321 s
currentSize : 20 <-- 20.718536 s
currentSize : 31 <-- 20.726358 s

maxsize : 31
nodes : 4379325.000000
filtered : 66632187.000000
time : 20.807947
