Parameters: GAD=1 vflib=1 dir=0 label=0 lowerbound=1 fileNameGp=../../cp2016-max-common-connected-subgraph-paper/datasets/graphsdb/mcs90/rand/r02/mcs90_r02_s40.A06 fileNameGt=../../cp2016-max-common-connected-subgraph-paper/datasets/graphsdb/mcs90/rand/r02/mcs90_r02_s40.B06
Reading graphs...
40 :  286
40 :  285
Initializing...
maxdom : 40
D->valSize : 1600
Solving...
currentSize : 11 <-- 0.029480 s
currentSize : 12 <-- 0.029533 s
currentSize : 13 <-- 0.031201 s
currentSize : 14 <-- 0.059007 s
currentSize : 15 <-- 3.422584 s
currentSize : 16 <-- 24.938316 s
currentSize : 17 <-- 29.721628 s
currentSize : 18 <-- 145.550262 s
currentSize : 21 <-- 373.061127 s
currentSize : 22 <-- 373.061646 s
currentSize : 23 <-- 373.363098 s
currentSize : 36 <-- 373.482880 s

maxsize : 36
nodes : 74694932.000000
filtered : 1072795078.000000
time : 373.677429
