Parameters: GAD=1 vflib=1 dir=0 label=0 lowerbound=1 fileNameGp=../../cp2016-max-common-connected-subgraph-paper/datasets/graphsdb/mcs90/m2D/m2D/mcs90_m2D_s50.A04 fileNameGt=../../cp2016-max-common-connected-subgraph-paper/datasets/graphsdb/mcs90/m2D/m2D/mcs90_m2D_s50.B04
Reading graphs...
50 :  85
50 :  85
Initializing...
maxdom : 50
D->valSize : 2500
Solving...
currentSize : 34 <-- 0.122088 s
currentSize : 35 <-- 0.122329 s
currentSize : 36 <-- 0.122357 s
currentSize : 37 <-- 0.181357 s
currentSize : 39 <-- 0.933582 s
currentSize : 40 <-- 2.516533 s
currentSize : 41 <-- 3.032113 s
currentSize : 42 <-- 3.352535 s
currentSize : 43 <-- 3.450188 s
currentSize : 44 <-- 3.503548 s
currentSize : 45 <-- 3.545559 s
currentSize : 46 <-- 4.159425 s
currentSize : 47 <-- 4.298285 s
currentSize : 49 <-- 4.298484 s
currentSize : 50 <-- 4.302896 s

maxsize : 50
nodes : 541547.000000
filtered : 16743877.000000
time : 4.303005
