Parameters: GAD=1 vflib=1 dir=0 label=0 lowerbound=1 fileNameGp=../../cp2016-max-common-connected-subgraph-paper/datasets/graphsdb/mcs90/rand/r02/mcs90_r02_s50.A09 fileNameGt=../../cp2016-max-common-connected-subgraph-paper/datasets/graphsdb/mcs90/rand/r02/mcs90_r02_s50.B09
Reading graphs...
50 :  436
50 :  435
Initializing...
maxdom : 50
D->valSize : 2500
Solving...
currentSize : 11 <-- 0.093167 s
currentSize : 13 <-- 0.093268 s
currentSize : 14 <-- 0.093291 s
currentSize : 15 <-- 0.876324 s
currentSize : 16 <-- 9.256774 s
currentSize : 17 <-- 214.023697 s
currentSize : 18 <-- 677.000061 s

TIMEOUT
maxsize : 18
nodes : 194934633.000000
filtered : 2051233966.000000
time : 1000.000000
