Parameters: GAD=1 vflib=1 dir=0 label=0 lowerbound=1 fileNameGp=../../cp2016-max-common-connected-subgraph-paper/datasets/graphsdb/mcs90/bvg/b03m/mcs90_b03m_s40.A05 fileNameGt=../../cp2016-max-common-connected-subgraph-paper/datasets/graphsdb/mcs90/bvg/b03m/mcs90_b03m_s40.B05
Reading graphs...
40 :  59
40 :  59
Initializing...
maxdom : 40
D->valSize : 1600
Solving...
currentSize : 20 <-- 0.062562 s
currentSize : 22 <-- 0.063180 s
currentSize : 23 <-- 0.065428 s
currentSize : 24 <-- 0.065598 s
currentSize : 25 <-- 0.066148 s
currentSize : 26 <-- 0.094465 s
currentSize : 27 <-- 0.359075 s
currentSize : 28 <-- 2.128260 s
currentSize : 29 <-- 34.837341 s
currentSize : 30 <-- 106.223938 s
currentSize : 31 <-- 113.057198 s
currentSize : 32 <-- 113.058762 s
currentSize : 33 <-- 113.059326 s
currentSize : 34 <-- 113.062424 s
currentSize : 35 <-- 114.187164 s
currentSize : 36 <-- 114.187202 s

maxsize : 36
nodes : 20734488.000000
filtered : 411003884.000000
time : 114.470482
