Parameters: GAD=1 vflib=1 dir=0 label=0 lowerbound=1 fileNameGp=../../cp2016-max-common-connected-subgraph-paper/datasets/graphsdb/mcs90/rand/r01/mcs90_r01_s50.A09 fileNameGt=../../cp2016-max-common-connected-subgraph-paper/datasets/graphsdb/mcs90/rand/r01/mcs90_r01_s50.B09
Reading graphs...
50 :  234
50 :  234
Initializing...
maxdom : 50
D->valSize : 2500
Solving...
currentSize : 18 <-- 0.084223 s
currentSize : 19 <-- 0.111975 s
currentSize : 20 <-- 0.348613 s
currentSize : 21 <-- 0.628510 s
currentSize : 22 <-- 69.061531 s
currentSize : 23 <-- 821.391174 s
currentSize : 24 <-- 821.570190 s

TIMEOUT
maxsize : 24
nodes : 165327050.000000
filtered : 3278698498.000000
time : 1000.000061
