Parameters: GAD=1 vflib=1 dir=0 label=0 lowerbound=1 fileNameGp=../../cp2016-max-common-connected-subgraph-paper/datasets/graphsdb/mcs90/bvg/b03/mcs90_b03_s40.A06 fileNameGt=../../cp2016-max-common-connected-subgraph-paper/datasets/graphsdb/mcs90/bvg/b03/mcs90_b03_s40.B06
Reading graphs...
40 :  59
40 :  60
Initializing...
maxdom : 40
D->valSize : 1600
Solving...
currentSize : 24 <-- 0.036494 s
currentSize : 25 <-- 0.036533 s
currentSize : 26 <-- 0.036712 s
currentSize : 27 <-- 0.056562 s
currentSize : 28 <-- 0.122093 s
currentSize : 30 <-- 0.537163 s
currentSize : 31 <-- 0.537295 s
currentSize : 32 <-- 0.537312 s
currentSize : 33 <-- 0.537442 s
currentSize : 34 <-- 0.548690 s
currentSize : 35 <-- 0.550561 s
currentSize : 36 <-- 0.552489 s
currentSize : 37 <-- 0.553852 s
currentSize : 38 <-- 0.554801 s

maxsize : 38
nodes : 165074.000000
filtered : 1355156.000000
time : 0.572276
