Parameters: GAD=1 vflib=1 dir=0 label=0 lowerbound=1 fileNameGp=../../cp2016-max-common-connected-subgraph-paper/datasets/graphsdb/mcs90/bvg/b06/mcs90_b06_s40.A09 fileNameGt=../../cp2016-max-common-connected-subgraph-paper/datasets/graphsdb/mcs90/bvg/b06/mcs90_b06_s40.B09
Reading graphs...
40 :  120
40 :  119
Initializing...
maxdom : 40
D->valSize : 1600
Solving...
currentSize : 26 <-- 0.034094 s
currentSize : 27 <-- 0.034163 s
currentSize : 28 <-- 0.034226 s
currentSize : 29 <-- 0.034472 s
currentSize : 30 <-- 0.034962 s
currentSize : 31 <-- 0.036398 s
currentSize : 32 <-- 0.037073 s
currentSize : 34 <-- 0.037395 s
currentSize : 36 <-- 0.042680 s
currentSize : 37 <-- 0.159536 s

maxsize : 37
nodes : 24371.000000
filtered : 1147673.000000
time : 0.261694
