Parameters: GAD=1 vflib=1 dir=0 label=0 lowerbound=1 fileNameGp=../../cp2016-max-common-connected-subgraph-paper/datasets/graphsdb/mcs90/bvg/b09m/mcs90_b09m_s40.A00 fileNameGt=../../cp2016-max-common-connected-subgraph-paper/datasets/graphsdb/mcs90/bvg/b09m/mcs90_b09m_s40.B00
Reading graphs...
40 :  175
40 :  176
Initializing...
maxdom : 40
D->valSize : 1600
Solving...
currentSize : 12 <-- 0.056330 s
currentSize : 13 <-- 0.056371 s
currentSize : 14 <-- 0.056561 s
currentSize : 15 <-- 0.056625 s
currentSize : 16 <-- 0.059199 s
currentSize : 17 <-- 0.232254 s
currentSize : 18 <-- 4.815997 s
currentSize : 19 <-- 17.101885 s
currentSize : 20 <-- 17.125664 s
currentSize : 21 <-- 17.138067 s
currentSize : 22 <-- 17.147129 s
currentSize : 24 <-- 26.158695 s
currentSize : 28 <-- 27.642672 s
currentSize : 36 <-- 27.642773 s

maxsize : 36
nodes : 5296630.000000
filtered : 95400466.000000
time : 27.824694
