Parameters: GAD=1 vflib=1 dir=0 label=0 lowerbound=1 fileNameGp=../../cp2016-max-common-connected-subgraph-paper/datasets/graphsdb/mcs90/bvg/b03m/mcs90_b03m_s50.A03 fileNameGt=../../cp2016-max-common-connected-subgraph-paper/datasets/graphsdb/mcs90/bvg/b03m/mcs90_b03m_s50.B03
Reading graphs...
50 :  73
50 :  74
Initializing...
maxdom : 50
D->valSize : 2500
Solving...
currentSize : 27 <-- 0.113381 s
currentSize : 28 <-- 0.116530 s
currentSize : 29 <-- 0.116711 s
currentSize : 30 <-- 0.116740 s
currentSize : 31 <-- 1.172017 s
currentSize : 32 <-- 4.727965 s
currentSize : 33 <-- 35.740692 s
currentSize : 34 <-- 167.957764 s

TIMEOUT
maxsize : 34
nodes : 178115768.000000
filtered : 3181656664.000000
time : 1000.000061
