Parameters: GAD=1 vflib=1 dir=0 label=0 lowerbound=1 fileNameGp=../../cp2016-max-common-connected-subgraph-paper/datasets/graphsdb/mcs90/bvg/b03/mcs90_b03_s25.A04 fileNameGt=../../cp2016-max-common-connected-subgraph-paper/datasets/graphsdb/mcs90/bvg/b03/mcs90_b03_s25.B04
Reading graphs...
25 :  37
25 :  37
Initializing...
maxdom : 25
D->valSize : 625
Solving...
currentSize : 14 <-- 0.005209 s
currentSize : 15 <-- 0.005229 s
currentSize : 16 <-- 0.005260 s
currentSize : 17 <-- 0.005640 s
currentSize : 18 <-- 0.005871 s
currentSize : 19 <-- 0.007671 s
currentSize : 20 <-- 0.008269 s
currentSize : 22 <-- 0.014981 s
currentSize : 23 <-- 0.028610 s

maxsize : 23
nodes : 9179.000000
filtered : 158155.000000
time : 0.040631
