Parameters: GAD=1 vflib=1 dir=0 label=0 lowerbound=1 fileNameGp=../../cp2016-max-common-connected-subgraph-paper/datasets/graphsdb/mcs90/rand/r01/mcs90_r01_s30.A02 fileNameGt=../../cp2016-max-common-connected-subgraph-paper/datasets/graphsdb/mcs90/rand/r01/mcs90_r01_s30.B02
Reading graphs...
30 :  85
30 :  84
Initializing...
maxdom : 30
D->valSize : 900
Solving...
currentSize : 13 <-- 0.018210 s
currentSize : 15 <-- 0.018459 s
currentSize : 16 <-- 0.018658 s
currentSize : 17 <-- 0.047880 s
currentSize : 18 <-- 3.281209 s
currentSize : 19 <-- 9.549175 s
currentSize : 20 <-- 10.426788 s
currentSize : 22 <-- 10.430140 s
currentSize : 27 <-- 10.767640 s

maxsize : 27
nodes : 2258583.000000
filtered : 47630865.000000
time : 10.780627
