Parameters: GAD=1 vflib=1 dir=0 label=0 lowerbound=1 fileNameGp=../../cp2016-max-common-connected-subgraph-paper/datasets/graphsdb/mcs90/rand/r005/mcs90_r005_s30.A00 fileNameGt=../../cp2016-max-common-connected-subgraph-paper/datasets/graphsdb/mcs90/rand/r005/mcs90_r005_s30.B00
Reading graphs...
30 :  41
30 :  42
Initializing...
maxdom : 30
D->valSize : 900
Solving...
currentSize : 16 <-- 0.011188 s
currentSize : 17 <-- 0.011312 s
currentSize : 18 <-- 0.011354 s
currentSize : 19 <-- 0.032247 s
currentSize : 20 <-- 0.134594 s
currentSize : 21 <-- 1.693227 s
currentSize : 22 <-- 1.696482 s
currentSize : 23 <-- 1.720871 s
currentSize : 24 <-- 3.167347 s
currentSize : 25 <-- 3.413213 s
currentSize : 26 <-- 3.420428 s
currentSize : 27 <-- 3.423143 s

maxsize : 27
nodes : 738194.000000
filtered : 12276741.000000
time : 3.432516
