Parameters: GAD=1 vflib=1 dir=0 label=0 lowerbound=1 fileNameGp=../../cp2016-max-common-connected-subgraph-paper/datasets/graphsdb/mcs90/bvg/b03m/mcs90_b03m_s25.A03 fileNameGt=../../cp2016-max-common-connected-subgraph-paper/datasets/graphsdb/mcs90/bvg/b03m/mcs90_b03m_s25.B03
Reading graphs...
25 :  37
25 :  37
Initializing...
maxdom : 25
D->valSize : 625
Solving...
currentSize : 10 <-- 0.005195 s
currentSize : 11 <-- 0.005832 s
currentSize : 12 <-- 0.005904 s
currentSize : 14 <-- 0.006071 s
currentSize : 15 <-- 0.021930 s
currentSize : 16 <-- 0.733923 s
currentSize : 17 <-- 0.778247 s
currentSize : 19 <-- 1.052670 s
currentSize : 22 <-- 1.082513 s

maxsize : 22
nodes : 331062.000000
filtered : 3199438.000000
time : 1.097609
