Parameters: GAD=1 vflib=1 dir=0 label=0 lowerbound=1 fileNameGp=../../cp2016-max-common-connected-subgraph-paper/datasets/graphsdb/mcs90/m3D/m3Dr4/mcs90_m3Dr4_s30.A00 fileNameGt=../../cp2016-max-common-connected-subgraph-paper/datasets/graphsdb/mcs90/m3D/m3Dr4/mcs90_m3Dr4_s30.B00
Reading graphs...
30 :  71
30 :  71
Initializing...
maxdom : 30
D->valSize : 900
Solving...
currentSize : 18 <-- 0.010543 s
currentSize : 19 <-- 0.010938 s
currentSize : 20 <-- 0.067280 s
currentSize : 21 <-- 0.889652 s
currentSize : 22 <-- 0.893190 s
currentSize : 23 <-- 0.947540 s
currentSize : 24 <-- 1.113324 s
currentSize : 27 <-- 1.537721 s

maxsize : 27
nodes : 294682.000000
filtered : 7506957.000000
time : 1.550123
