Parameters: GAD=1 vflib=1 dir=0 label=0 lowerbound=1 fileNameGp=../../cp2016-max-common-connected-subgraph-paper/datasets/graphsdb/mcs90/rand/r005/mcs90_r005_s40.A05 fileNameGt=../../cp2016-max-common-connected-subgraph-paper/datasets/graphsdb/mcs90/rand/r005/mcs90_r005_s40.B05
Reading graphs...
40 :  77
40 :  77
Initializing...
maxdom : 40
D->valSize : 1600
Solving...
currentSize : 18 <-- 0.035312 s
currentSize : 19 <-- 0.040460 s
currentSize : 20 <-- 0.064597 s
currentSize : 21 <-- 0.064605 s
currentSize : 22 <-- 0.656783 s
currentSize : 23 <-- 2.616609 s
currentSize : 24 <-- 12.759918 s
currentSize : 25 <-- 77.863441 s
currentSize : 26 <-- 157.057465 s
currentSize : 27 <-- 175.663483 s
currentSize : 28 <-- 182.776855 s
currentSize : 29 <-- 209.957748 s
currentSize : 30 <-- 209.957840 s
currentSize : 34 <-- 209.979538 s
currentSize : 36 <-- 210.240234 s

maxsize : 36
nodes : 42064655.000000
filtered : 780244483.000000
time : 210.382370
