Parameters: GAD=1 vflib=1 dir=0 label=0 lowerbound=1 fileNameGp=../../cp2016-max-common-connected-subgraph-paper/datasets/graphsdb/mcs90/m2D/m2D/mcs90_m2D_s30.A07 fileNameGt=../../cp2016-max-common-connected-subgraph-paper/datasets/graphsdb/mcs90/m2D/m2D/mcs90_m2D_s30.B07
Reading graphs...
30 :  49
30 :  49
Initializing...
maxdom : 30
D->valSize : 900
Solving...
currentSize : 15 <-- 0.019431 s
currentSize : 16 <-- 0.019513 s
currentSize : 17 <-- 0.019604 s
currentSize : 18 <-- 0.020156 s
currentSize : 20 <-- 0.021812 s
currentSize : 21 <-- 0.031550 s
currentSize : 22 <-- 0.309132 s
currentSize : 23 <-- 1.055607 s
currentSize : 24 <-- 1.073704 s
currentSize : 25 <-- 1.073761 s
currentSize : 26 <-- 1.079485 s
currentSize : 27 <-- 1.151921 s

maxsize : 27
nodes : 214114.000000
filtered : 4735158.000000
time : 1.162003
