Parameters: GAD=1 vflib=1 dir=0 label=0 lowerbound=1 fileNameGp=../../cp2016-max-common-connected-subgraph-paper/datasets/graphsdb/mcs90/bvg/b09m/mcs90_b09m_s50.A07 fileNameGt=../../cp2016-max-common-connected-subgraph-paper/datasets/graphsdb/mcs90/bvg/b09m/mcs90_b09m_s50.B07
Reading graphs...
50 :  221
50 :  221
Initializing...
maxdom : 50
D->valSize : 2500
Solving...
currentSize : 17 <-- 0.085867 s
currentSize : 19 <-- 0.086075 s
currentSize : 20 <-- 0.179113 s
currentSize : 21 <-- 1.936477 s
currentSize : 22 <-- 63.322521 s
currentSize : 23 <-- 239.138855 s
currentSize : 24 <-- 648.169739 s

TIMEOUT
maxsize : 24
nodes : 160163022.000000
filtered : 4086332334.000000
time : 1000.000000
