Parameters: GAD=1 vflib=1 dir=0 label=0 lowerbound=1 fileNameGp=../../cp2016-max-common-connected-subgraph-paper/datasets/graphsdb/mcs90/m2D/m2Dr4/mcs90_m2Dr4_s50.A09 fileNameGt=../../cp2016-max-common-connected-subgraph-paper/datasets/graphsdb/mcs90/m2D/m2Dr4/mcs90_m2Dr4_s50.B09
Reading graphs...
50 :  104
50 :  103
Initializing...
maxdom : 50
D->valSize : 2500
Solving...
currentSize : 26 <-- 0.095057 s
currentSize : 27 <-- 0.095595 s
currentSize : 28 <-- 0.110750 s
currentSize : 29 <-- 0.334441 s
currentSize : 30 <-- 0.880652 s
currentSize : 31 <-- 3.231232 s
currentSize : 32 <-- 10.051132 s
currentSize : 33 <-- 315.581268 s
currentSize : 34 <-- 983.411072 s

TIMEOUT
maxsize : 34
nodes : 142532819.000000
filtered : 4177514952.000000
time : 1000.000061
