Parameters: GAD=1 vflib=1 dir=0 label=0 lowerbound=1 fileNameGp=../../cp2016-max-common-connected-subgraph-paper/datasets/graphsdb/mcs90/m4D/m4Dr4/mcs90_m4Dr4_s20.A04 fileNameGt=../../cp2016-max-common-connected-subgraph-paper/datasets/graphsdb/mcs90/m4D/m4Dr4/mcs90_m4Dr4_s20.B04
Reading graphs...
20 :  45
20 :  44
Initializing...
maxdom : 20
D->valSize : 400
Solving...
currentSize : 9 <-- 0.002223 s
currentSize : 10 <-- 0.002707 s
currentSize : 12 <-- 0.002721 s
currentSize : 13 <-- 0.019900 s
currentSize : 14 <-- 0.035142 s
currentSize : 15 <-- 0.080397 s
currentSize : 16 <-- 0.081945 s
currentSize : 17 <-- 0.085299 s

maxsize : 17
nodes : 23509.000000
filtered : 418050.000000
time : 0.089018
