Parameters: GAD=1 vflib=1 dir=0 label=0 lowerbound=1 fileNameGp=../../cp2016-max-common-connected-subgraph-paper/datasets/graphsdb/mcs90/bvg/b09m/mcs90_b09m_s50.A00 fileNameGt=../../cp2016-max-common-connected-subgraph-paper/datasets/graphsdb/mcs90/bvg/b09m/mcs90_b09m_s50.B00
Reading graphs...
50 :  219
50 :  219
Initializing...
maxdom : 50
D->valSize : 2500
Solving...
currentSize : 14 <-- 0.086890 s
currentSize : 15 <-- 0.086929 s
currentSize : 16 <-- 0.086937 s
currentSize : 17 <-- 0.087033 s
currentSize : 18 <-- 0.087452 s
currentSize : 19 <-- 0.088955 s
currentSize : 20 <-- 0.204270 s
currentSize : 21 <-- 1.235941 s
currentSize : 22 <-- 9.496539 s
currentSize : 23 <-- 38.456543 s
currentSize : 24 <-- 670.247986 s
currentSize : 25 <-- 933.833374 s
currentSize : 26 <-- 936.611450 s

TIMEOUT
maxsize : 26
nodes : 149960338.000000
filtered : 4015844289.000000
time : 1000.000061
