Parameters: GAD=1 vflib=1 dir=0 label=0 lowerbound=1 fileNameGp=../../cp2016-max-common-connected-subgraph-paper/datasets/graphsdb/mcs90/bvg/b06m/mcs90_b06m_s30.A04 fileNameGt=../../cp2016-max-common-connected-subgraph-paper/datasets/graphsdb/mcs90/bvg/b06m/mcs90_b06m_s30.B04
Reading graphs...
30 :  88
30 :  88
Initializing...
maxdom : 30
D->valSize : 900
Solving...
currentSize : 13 <-- 0.010104 s
currentSize : 14 <-- 0.010139 s
currentSize : 15 <-- 0.010594 s
currentSize : 16 <-- 0.038951 s
currentSize : 17 <-- 0.159254 s
currentSize : 18 <-- 0.243311 s
currentSize : 21 <-- 0.247977 s
currentSize : 24 <-- 0.351317 s
currentSize : 27 <-- 0.590685 s

maxsize : 27
nodes : 111711.000000
filtered : 3143722.000000
time : 0.602152
