Parameters: GAD=1 vflib=1 dir=0 label=0 lowerbound=1 fileNameGp=../../cp2016-max-common-connected-subgraph-paper/datasets/graphsdb/mcs90/bvg/b03m/mcs90_b03m_s30.A09 fileNameGt=../../cp2016-max-common-connected-subgraph-paper/datasets/graphsdb/mcs90/bvg/b03m/mcs90_b03m_s30.B09
Reading graphs...
30 :  45
30 :  45
Initializing...
maxdom : 30
D->valSize : 900
Solving...
currentSize : 17 <-- 0.019463 s
currentSize : 18 <-- 0.019631 s
currentSize : 19 <-- 0.019674 s
currentSize : 20 <-- 0.021329 s
currentSize : 21 <-- 0.021509 s
currentSize : 22 <-- 0.088802 s
currentSize : 23 <-- 0.101105 s
currentSize : 24 <-- 0.130710 s
currentSize : 26 <-- 0.331497 s
currentSize : 28 <-- 0.334774 s

maxsize : 28
nodes : 63146.000000
filtered : 1361964.000000
time : 0.343983
