Parameters: GAD=1 vflib=1 dir=0 label=0 lowerbound=1 fileNameGp=../../cp2016-max-common-connected-subgraph-paper/datasets/graphsdb/mcs90/rand/r01/mcs90_r01_s35.A02 fileNameGt=../../cp2016-max-common-connected-subgraph-paper/datasets/graphsdb/mcs90/rand/r01/mcs90_r01_s35.B02
Reading graphs...
35 :  111
35 :  109
Initializing...
maxdom : 35
D->valSize : 1225
Solving...
currentSize : 14 <-- 0.034496 s
currentSize : 15 <-- 0.035487 s
currentSize : 16 <-- 0.038244 s
currentSize : 17 <-- 0.087899 s
currentSize : 18 <-- 1.222808 s
currentSize : 19 <-- 4.328553 s
currentSize : 20 <-- 59.350986 s
currentSize : 24 <-- 190.316559 s
currentSize : 25 <-- 194.619690 s
currentSize : 31 <-- 196.891678 s

maxsize : 31
nodes : 37470301.000000
filtered : 835767296.000000
time : 196.993347
