Parameters: GAD=1 vflib=1 dir=0 label=0 lowerbound=1 fileNameGp=../../cp2016-max-common-connected-subgraph-paper/datasets/graphsdb/mcs90/rand/r01/mcs90_r01_s35.A08 fileNameGt=../../cp2016-max-common-connected-subgraph-paper/datasets/graphsdb/mcs90/rand/r01/mcs90_r01_s35.B08
Reading graphs...
35 :  114
35 :  115
Initializing...
maxdom : 35
D->valSize : 1225
Solving...
currentSize : 15 <-- 0.018637 s
currentSize : 16 <-- 0.018741 s
currentSize : 17 <-- 0.040982 s
currentSize : 18 <-- 2.660435 s
currentSize : 19 <-- 48.606178 s
currentSize : 21 <-- 58.420670 s
currentSize : 23 <-- 64.385757 s
currentSize : 24 <-- 64.982147 s
currentSize : 26 <-- 65.001541 s
currentSize : 31 <-- 65.619743 s

maxsize : 31
nodes : 14191833.000000
filtered : 241675677.000000
time : 65.686317
