Parameters: GAD=1 vflib=1 dir=0 label=0 lowerbound=1 fileNameGp=../../cp2016-max-common-connected-subgraph-paper/datasets/graphsdb/mcs90/m3D/m3D/mcs90_m3D_s30.A07 fileNameGt=../../cp2016-max-common-connected-subgraph-paper/datasets/graphsdb/mcs90/m3D/m3D/mcs90_m3D_s30.B07
Reading graphs...
30 :  61
30 :  61
Initializing...
maxdom : 30
D->valSize : 900
Solving...
currentSize : 13 <-- 0.019222 s
currentSize : 16 <-- 0.019274 s
currentSize : 17 <-- 0.019455 s
currentSize : 18 <-- 0.028520 s
currentSize : 19 <-- 0.030025 s
currentSize : 20 <-- 0.092835 s
currentSize : 22 <-- 0.098793 s
currentSize : 23 <-- 0.472318 s
currentSize : 24 <-- 0.895276 s
currentSize : 25 <-- 1.551357 s
currentSize : 27 <-- 1.750037 s

maxsize : 27
nodes : 275411.000000
filtered : 7765638.000000
time : 1.767958
