Parameters: GAD=1 vflib=1 dir=0 label=0 lowerbound=1 fileNameGp=../../cp2016-max-common-connected-subgraph-paper/datasets/graphsdb/mcs90/bvg/b03/mcs90_b03_s30.A00 fileNameGt=../../cp2016-max-common-connected-subgraph-paper/datasets/graphsdb/mcs90/bvg/b03/mcs90_b03_s30.B00
Reading graphs...
30 :  45
30 :  45
Initializing...
maxdom : 30
D->valSize : 900
Solving...
currentSize : 20 <-- 0.019815 s
currentSize : 21 <-- 0.019853 s
currentSize : 22 <-- 0.020049 s
currentSize : 23 <-- 0.020217 s
currentSize : 24 <-- 0.020854 s
currentSize : 25 <-- 0.029541 s
currentSize : 26 <-- 0.041327 s
currentSize : 27 <-- 0.106659 s

maxsize : 27
nodes : 24039.000000
filtered : 645930.000000
time : 0.176713
