Parameters: GAD=1 vflib=1 dir=0 label=0 lowerbound=1 fileNameGp=../../cp2016-max-common-connected-subgraph-paper/datasets/graphsdb/mcs90/rand/r01/mcs90_r01_s20.A01 fileNameGt=../../cp2016-max-common-connected-subgraph-paper/datasets/graphsdb/mcs90/rand/r01/mcs90_r01_s20.B01
Reading graphs...
20 :  36
20 :  36
Initializing...
maxdom : 20
D->valSize : 400
Solving...
currentSize : 9 <-- 0.002221 s
currentSize : 10 <-- 0.002302 s
currentSize : 11 <-- 0.002540 s
currentSize : 12 <-- 0.002958 s
currentSize : 13 <-- 0.016574 s
currentSize : 14 <-- 0.016941 s
currentSize : 15 <-- 0.016954 s
currentSize : 16 <-- 0.069091 s
currentSize : 18 <-- 0.075630 s

maxsize : 18
nodes : 20010.000000
filtered : 357967.000000
time : 0.075985
