Parameters: GAD=1 vflib=1 dir=0 label=0 lowerbound=1 fileNameGp=../../cp2016-max-common-connected-subgraph-paper/datasets/graphsdb/mcs90/rand/r005/mcs90_r005_s40.A00 fileNameGt=../../cp2016-max-common-connected-subgraph-paper/datasets/graphsdb/mcs90/rand/r005/mcs90_r005_s40.B00
Reading graphs...
40 :  77
40 :  77
Initializing...
maxdom : 40
D->valSize : 1600
Solving...
currentSize : 16 <-- 0.061700 s
currentSize : 19 <-- 0.062048 s
currentSize : 20 <-- 0.070411 s
currentSize : 21 <-- 0.123505 s
currentSize : 22 <-- 0.571726 s
currentSize : 23 <-- 1.391015 s
currentSize : 24 <-- 2.846637 s
currentSize : 25 <-- 20.869196 s
currentSize : 26 <-- 37.825207 s
currentSize : 28 <-- 73.154503 s
currentSize : 29 <-- 116.588913 s
currentSize : 30 <-- 119.898773 s
currentSize : 31 <-- 124.450203 s
currentSize : 32 <-- 124.450462 s
currentSize : 34 <-- 124.992210 s
currentSize : 36 <-- 125.030769 s

maxsize : 36
nodes : 20482070.000000
filtered : 515557253.000000
time : 125.134003
