Parameters: GAD=1 vflib=1 dir=0 label=0 lowerbound=1 fileNameGp=../../cp2016-max-common-connected-subgraph-paper/datasets/graphsdb/mcs90/m2D/m2Dr4/mcs90_m2Dr4_s30.A00 fileNameGt=../../cp2016-max-common-connected-subgraph-paper/datasets/graphsdb/mcs90/m2D/m2Dr4/mcs90_m2Dr4_s30.B00
Reading graphs...
30 :  61
30 :  61
Initializing...
maxdom : 30
D->valSize : 900
Solving...
currentSize : 15 <-- 0.010628 s
currentSize : 16 <-- 0.010652 s
currentSize : 17 <-- 0.017518 s
currentSize : 18 <-- 0.024182 s
currentSize : 19 <-- 0.573857 s
currentSize : 20 <-- 7.493677 s
currentSize : 25 <-- 14.293644 s

maxsize : 25
nodes : 3223278.000000
filtered : 58692606.000000
time : 14.645009
