Parameters: GAD=1 vflib=1 dir=0 label=0 lowerbound=1 fileNameGp=../../cp2016-max-common-connected-subgraph-paper/datasets/graphsdb/mcs90/rand/r005/mcs90_r005_s30.A02 fileNameGt=../../cp2016-max-common-connected-subgraph-paper/datasets/graphsdb/mcs90/rand/r005/mcs90_r005_s30.B02
Reading graphs...
30 :  41
30 :  42
Initializing...
maxdom : 30
D->valSize : 900
Solving...
currentSize : 14 <-- 0.011370 s
currentSize : 15 <-- 0.011390 s
currentSize : 17 <-- 0.011420 s
currentSize : 18 <-- 0.026375 s
currentSize : 19 <-- 0.744275 s
currentSize : 20 <-- 0.768146 s
currentSize : 21 <-- 11.524386 s
currentSize : 22 <-- 11.524408 s
currentSize : 23 <-- 11.619101 s
currentSize : 24 <-- 11.619197 s
currentSize : 26 <-- 11.803738 s
currentSize : 27 <-- 11.803829 s

maxsize : 27
nodes : 3697886.000000
filtered : 35392655.000000
time : 11.822791
