Parameters: GAD=1 vflib=1 dir=0 label=0 lowerbound=1 fileNameGp=../../cp2016-max-common-connected-subgraph-paper/datasets/graphsdb/mcs90/m2D/m2Dr2/mcs90_m2Dr2_s40.A02 fileNameGt=../../cp2016-max-common-connected-subgraph-paper/datasets/graphsdb/mcs90/m2D/m2Dr2/mcs90_m2Dr2_s40.B02
Reading graphs...
40 :  75
40 :  75
Initializing...
maxdom : 40
D->valSize : 1600
Solving...
currentSize : 15 <-- 0.035374 s
currentSize : 16 <-- 0.035398 s
currentSize : 17 <-- 0.035430 s
currentSize : 18 <-- 0.035621 s
currentSize : 19 <-- 0.155928 s
currentSize : 21 <-- 2.720023 s
currentSize : 22 <-- 2.724896 s
currentSize : 23 <-- 2.724914 s
currentSize : 24 <-- 2.724985 s
currentSize : 25 <-- 2.751377 s
currentSize : 26 <-- 3.129344 s
currentSize : 27 <-- 3.152434 s
currentSize : 28 <-- 33.218311 s
currentSize : 31 <-- 130.660355 s
currentSize : 32 <-- 135.106415 s
currentSize : 35 <-- 156.107239 s
currentSize : 36 <-- 156.107315 s

maxsize : 36
nodes : 23537257.000000
filtered : 740223152.000000
time : 156.215057
