Parameters: GAD=1 vflib=1 dir=0 label=0 lowerbound=1 fileNameGp=../../cp2016-max-common-connected-subgraph-paper/datasets/graphsdb/mcs90/bvg/b03/mcs90_b03_s35.A02 fileNameGt=../../cp2016-max-common-connected-subgraph-paper/datasets/graphsdb/mcs90/bvg/b03/mcs90_b03_s35.B02
Reading graphs...
35 :  52
35 :  52
Initializing...
maxdom : 35
D->valSize : 1225
Solving...
currentSize : 23 <-- 0.038101 s
currentSize : 24 <-- 0.040571 s
currentSize : 25 <-- 0.050665 s
currentSize : 26 <-- 0.062017 s
currentSize : 27 <-- 0.064537 s
currentSize : 28 <-- 0.077233 s
currentSize : 29 <-- 0.228689 s
currentSize : 30 <-- 0.237467 s
currentSize : 31 <-- 0.237947 s

maxsize : 31
nodes : 112129.000000
filtered : 3293170.000000
time : 0.817058
