Parameters: GAD=1 vflib=1 dir=0 label=0 lowerbound=1 fileNameGp=../../cp2016-max-common-connected-subgraph-paper/datasets/graphsdb/mcs90/m2D/m2Dr6/mcs90_m2Dr6_s30.A02 fileNameGt=../../cp2016-max-common-connected-subgraph-paper/datasets/graphsdb/mcs90/m2D/m2Dr6/mcs90_m2Dr6_s30.B02
Reading graphs...
30 :  65
30 :  64
Initializing...
maxdom : 30
D->valSize : 900
Solving...
currentSize : 14 <-- 0.018911 s
currentSize : 15 <-- 0.019099 s
currentSize : 16 <-- 0.028223 s
currentSize : 17 <-- 0.029139 s
currentSize : 18 <-- 0.110141 s
currentSize : 19 <-- 0.253604 s
currentSize : 20 <-- 2.938083 s
currentSize : 21 <-- 9.417499 s
currentSize : 23 <-- 13.284012 s
currentSize : 25 <-- 14.733410 s

maxsize : 25
nodes : 3051613.000000
filtered : 69514495.000000
time : 14.853055
