Parameters: GAD=1 vflib=1 dir=0 label=0 lowerbound=1 fileNameGp=../../cp2016-max-common-connected-subgraph-paper/datasets/graphsdb/mcs90/rand/r005/mcs90_r005_s40.A02 fileNameGt=../../cp2016-max-common-connected-subgraph-paper/datasets/graphsdb/mcs90/rand/r005/mcs90_r005_s40.B02
Reading graphs...
40 :  76
40 :  76
Initializing...
maxdom : 40
D->valSize : 1600
Solving...
currentSize : 20 <-- 0.035531 s
currentSize : 21 <-- 0.035564 s
currentSize : 22 <-- 0.036048 s
currentSize : 23 <-- 0.038315 s
currentSize : 24 <-- 0.043044 s
currentSize : 25 <-- 0.082893 s
currentSize : 26 <-- 0.169359 s
currentSize : 27 <-- 9.015680 s
currentSize : 28 <-- 9.015699 s
currentSize : 29 <-- 9.112665 s
currentSize : 30 <-- 81.384399 s
currentSize : 31 <-- 124.969528 s
currentSize : 32 <-- 132.115173 s
currentSize : 33 <-- 136.249939 s
currentSize : 34 <-- 136.249954 s
currentSize : 36 <-- 136.250381 s

maxsize : 36
nodes : 18548446.000000
filtered : 654729975.000000
time : 136.342682
