Parameters: GAD=1 vflib=1 dir=0 label=0 lowerbound=1 fileNameGp=../../cp2016-max-common-connected-subgraph-paper/datasets/graphsdb/mcs90/rand/r02/mcs90_r02_s40.A00 fileNameGt=../../cp2016-max-common-connected-subgraph-paper/datasets/graphsdb/mcs90/rand/r02/mcs90_r02_s40.B00
Reading graphs...
40 :  279
40 :  274
Initializing...
maxdom : 40
D->valSize : 1600
Solving...
currentSize : 11 <-- 0.029360 s
currentSize : 12 <-- 0.029419 s
currentSize : 13 <-- 0.030091 s
currentSize : 14 <-- 0.066432 s
currentSize : 15 <-- 0.635321 s
currentSize : 16 <-- 26.345493 s
currentSize : 17 <-- 37.958069 s
currentSize : 24 <-- 37.959122 s
currentSize : 25 <-- 164.047043 s
currentSize : 36 <-- 164.094238 s

maxsize : 36
nodes : 26212854.000000
filtered : 742845827.000000
time : 164.216034
