Parameters: GAD=1 vflib=1 dir=0 label=0 lowerbound=1 fileNameGp=../../cp2016-max-common-connected-subgraph-paper/datasets/graphsdb/mcs90/rand/r02/mcs90_r02_s50.A01 fileNameGt=../../cp2016-max-common-connected-subgraph-paper/datasets/graphsdb/mcs90/rand/r02/mcs90_r02_s50.B01
Reading graphs...
50 :  438
50 :  441
Initializing...
maxdom : 50
D->valSize : 2500
Solving...
currentSize : 13 <-- 0.075230 s
currentSize : 14 <-- 0.077071 s
currentSize : 15 <-- 0.614823 s
currentSize : 16 <-- 0.898496 s
currentSize : 17 <-- 290.245667 s
currentSize : 18 <-- 984.904846 s
currentSize : 19 <-- 985.020935 s
currentSize : 20 <-- 985.544739 s
currentSize : 21 <-- 986.358643 s
currentSize : 24 <-- 986.411072 s
currentSize : 26 <-- 986.518982 s

TIMEOUT
maxsize : 26
nodes : 201824498.000000
filtered : 1994090738.000000
time : 1000.000061
