Parameters: GAD=1 vflib=1 dir=0 label=0 lowerbound=1 fileNameGp=../../cp2016-max-common-connected-subgraph-paper/datasets/graphsdb/mcs90/bvg/b03m/mcs90_b03m_s35.A05 fileNameGt=../../cp2016-max-common-connected-subgraph-paper/datasets/graphsdb/mcs90/bvg/b03m/mcs90_b03m_s35.B05
Reading graphs...
35 :  50
35 :  50
Initializing...
maxdom : 35
D->valSize : 1225
Solving...
currentSize : 22 <-- 0.021048 s
currentSize : 23 <-- 0.023813 s
currentSize : 24 <-- 0.073489 s
currentSize : 25 <-- 0.878727 s
currentSize : 26 <-- 4.816988 s
currentSize : 27 <-- 7.087382 s
currentSize : 28 <-- 7.121371 s
currentSize : 29 <-- 10.287882 s
currentSize : 30 <-- 10.295561 s

maxsize : 30
nodes : 1987965.000000
filtered : 44337920.000000
time : 10.937720
