Parameters: GAD=1 vflib=1 dir=0 label=0 lowerbound=1 fileNameGp=../../cp2016-max-common-connected-subgraph-paper/datasets/graphsdb/mcs90/bvg/b06m/mcs90_b06m_s25.A05 fileNameGt=../../cp2016-max-common-connected-subgraph-paper/datasets/graphsdb/mcs90/bvg/b06m/mcs90_b06m_s25.B05
Reading graphs...
25 :  71
25 :  72
Initializing...
maxdom : 25
D->valSize : 625
Solving...
currentSize : 11 <-- 0.004712 s
currentSize : 12 <-- 0.004763 s
currentSize : 13 <-- 0.004798 s
currentSize : 14 <-- 0.005982 s
currentSize : 15 <-- 0.274565 s
currentSize : 16 <-- 0.435579 s
currentSize : 19 <-- 0.563788 s
currentSize : 22 <-- 0.626312 s

maxsize : 22
nodes : 156696.000000
filtered : 2686006.000000
time : 0.634557
