Parameters: GAD=1 vflib=1 dir=0 label=0 lowerbound=1 fileNameGp=../../cp2016-max-common-connected-subgraph-paper/datasets/graphsdb/mcs90/bvg/b06m/mcs90_b06m_s40.A07 fileNameGt=../../cp2016-max-common-connected-subgraph-paper/datasets/graphsdb/mcs90/bvg/b06m/mcs90_b06m_s40.B07
Reading graphs...
40 :  119
40 :  119
Initializing...
maxdom : 40
D->valSize : 1600
Solving...
currentSize : 15 <-- 0.033860 s
currentSize : 16 <-- 0.033882 s
currentSize : 17 <-- 0.033914 s
currentSize : 18 <-- 0.034603 s
currentSize : 19 <-- 0.035427 s
currentSize : 20 <-- 0.057490 s
currentSize : 21 <-- 0.089281 s
currentSize : 22 <-- 0.124816 s
currentSize : 23 <-- 139.949875 s
currentSize : 24 <-- 301.271271 s
currentSize : 25 <-- 589.504883 s
currentSize : 26 <-- 645.584412 s
currentSize : 27 <-- 663.626587 s
currentSize : 29 <-- 674.367859 s
currentSize : 31 <-- 674.524658 s
currentSize : 32 <-- 678.345032 s
currentSize : 36 <-- 678.759888 s

maxsize : 36
nodes : 108215724.000000
filtered : 3270210268.000000
time : 678.848938
