Parameters: GAD=1 vflib=1 dir=0 label=0 lowerbound=1 fileNameGp=../../cp2016-max-common-connected-subgraph-paper/datasets/graphsdb/mcs90/bvg/b09m/mcs90_b09m_s25.A08 fileNameGt=../../cp2016-max-common-connected-subgraph-paper/datasets/graphsdb/mcs90/bvg/b09m/mcs90_b09m_s25.B08
Reading graphs...
25 :  108
25 :  108
Initializing...
maxdom : 25
D->valSize : 625
Solving...
currentSize : 9 <-- 0.007848 s
currentSize : 10 <-- 0.007974 s
currentSize : 11 <-- 0.009764 s
currentSize : 12 <-- 0.054135 s
currentSize : 13 <-- 0.865136 s
currentSize : 15 <-- 0.887763 s
currentSize : 16 <-- 1.463230 s
currentSize : 22 <-- 1.509937 s

maxsize : 22
nodes : 380825.000000
filtered : 4889098.000000
time : 1.521134
