Parameters: GAD=1 vflib=1 dir=0 label=0 lowerbound=1 fileNameGp=../../cp2016-max-common-connected-subgraph-paper/datasets/graphsdb/mcs90/rand/r02/mcs90_r02_s40.A04 fileNameGt=../../cp2016-max-common-connected-subgraph-paper/datasets/graphsdb/mcs90/rand/r02/mcs90_r02_s40.B04
Reading graphs...
40 :  279
40 :  282
Initializing...
maxdom : 40
D->valSize : 1600
Solving...
currentSize : 10 <-- 0.029326 s
currentSize : 11 <-- 0.029362 s
currentSize : 12 <-- 0.029438 s
currentSize : 13 <-- 0.030375 s
currentSize : 14 <-- 0.068899 s
currentSize : 18 <-- 0.068968 s
currentSize : 19 <-- 0.124766 s
currentSize : 36 <-- 0.125048 s

maxsize : 36
nodes : 28485.000000
filtered : 1526699.000000
time : 0.247594
