Parameters: GAD=1 vflib=1 dir=0 label=0 lowerbound=1 fileNameGp=../../cp2016-max-common-connected-subgraph-paper/datasets/graphsdb/mcs90/rand/r005/mcs90_r005_s40.A03 fileNameGt=../../cp2016-max-common-connected-subgraph-paper/datasets/graphsdb/mcs90/rand/r005/mcs90_r005_s40.B03
Reading graphs...
40 :  75
40 :  75
Initializing...
maxdom : 40
D->valSize : 1600
Solving...
currentSize : 17 <-- 0.035465 s
currentSize : 18 <-- 0.035500 s
currentSize : 19 <-- 0.035623 s
currentSize : 20 <-- 0.048853 s
currentSize : 21 <-- 0.090799 s
currentSize : 22 <-- 0.353388 s
currentSize : 23 <-- 0.450841 s
currentSize : 24 <-- 0.453594 s
currentSize : 25 <-- 0.454080 s
currentSize : 26 <-- 16.679979 s

TIMEOUT
maxsize : 26
nodes : 186664006.000000
filtered : 3722245922.000000
time : 1000.000061
