Parameters: GAD=1 vflib=1 dir=0 label=0 lowerbound=1 fileNameGp=../../cp2016-max-common-connected-subgraph-paper/datasets/graphsdb/mcs90/bvg/b09m/mcs90_b09m_s25.A06 fileNameGt=../../cp2016-max-common-connected-subgraph-paper/datasets/graphsdb/mcs90/bvg/b09m/mcs90_b09m_s25.B06
Reading graphs...
25 :  110
25 :  110
Initializing...
maxdom : 25
D->valSize : 625
Solving...
currentSize : 9 <-- 0.004752 s
currentSize : 10 <-- 0.004961 s
currentSize : 11 <-- 0.006238 s
currentSize : 12 <-- 0.009529 s
currentSize : 14 <-- 0.056818 s
currentSize : 15 <-- 1.071179 s
currentSize : 17 <-- 1.475556 s
currentSize : 20 <-- 1.527753 s
currentSize : 22 <-- 1.527811 s

maxsize : 22
nodes : 370605.000000
filtered : 5945373.000000
time : 1.534877
