Parameters: GAD=1 vflib=1 dir=0 label=0 lowerbound=1 fileNameGp=../../cp2016-max-common-connected-subgraph-paper/datasets/graphsdb/mcs90/bvg/b06/mcs90_b06_s35.A08 fileNameGt=../../cp2016-max-common-connected-subgraph-paper/datasets/graphsdb/mcs90/bvg/b06/mcs90_b06_s35.B08
Reading graphs...
35 :  104
35 :  105
Initializing...
maxdom : 35
D->valSize : 1225
Solving...
currentSize : 23 <-- 0.019132 s
currentSize : 24 <-- 0.019545 s
currentSize : 25 <-- 0.021257 s
currentSize : 26 <-- 0.024758 s
currentSize : 27 <-- 0.024937 s
currentSize : 28 <-- 0.025006 s
currentSize : 29 <-- 0.025133 s
currentSize : 31 <-- 0.040033 s

maxsize : 31
nodes : 39287.000000
filtered : 1530718.000000
time : 0.313087
