Parameters: GAD=1 vflib=1 dir=0 label=0 lowerbound=1 fileNameGp=../../cp2016-max-common-connected-subgraph-paper/datasets/graphsdb/mcs90/bvg/b09/mcs90_b09_s30.A09 fileNameGt=../../cp2016-max-common-connected-subgraph-paper/datasets/graphsdb/mcs90/bvg/b09/mcs90_b09_s30.B09
Reading graphs...
30 :  135
30 :  135
Initializing...
maxdom : 30
D->valSize : 900
Solving...
currentSize : 10 <-- 0.009637 s
currentSize : 11 <-- 0.009664 s
currentSize : 12 <-- 0.009698 s
currentSize : 13 <-- 0.010911 s
currentSize : 15 <-- 0.082511 s
currentSize : 17 <-- 0.082570 s
currentSize : 18 <-- 0.088128 s
currentSize : 19 <-- 0.118367 s
currentSize : 20 <-- 0.118585 s
currentSize : 22 <-- 0.130887 s
currentSize : 26 <-- 0.138955 s

maxsize : 26
nodes : 46670.000000
filtered : 1624819.000000
time : 0.279850
