Parameters: GAD=1 vflib=1 dir=0 label=0 lowerbound=1 fileNameGp=../../cp2016-max-common-connected-subgraph-paper/datasets/graphsdb/mcs90/rand/r01/mcs90_r01_s30.A05 fileNameGt=../../cp2016-max-common-connected-subgraph-paper/datasets/graphsdb/mcs90/rand/r01/mcs90_r01_s30.B05
Reading graphs...
30 :  76
30 :  79
Initializing...
maxdom : 30
D->valSize : 900
Solving...
currentSize : 12 <-- 0.010337 s
currentSize : 13 <-- 0.010420 s
currentSize : 14 <-- 0.012089 s
currentSize : 15 <-- 0.012106 s
currentSize : 16 <-- 0.065025 s
currentSize : 17 <-- 0.797400 s
currentSize : 18 <-- 1.378629 s
currentSize : 19 <-- 2.139584 s
currentSize : 20 <-- 3.422611 s
currentSize : 22 <-- 3.643434 s
currentSize : 27 <-- 3.648332 s

maxsize : 27
nodes : 801428.000000
filtered : 14512644.000000
time : 3.671299
