Parameters: GAD=1 vflib=1 dir=0 label=0 lowerbound=1 fileNameGp=../../cp2016-max-common-connected-subgraph-paper/datasets/graphsdb/mcs90/bvg/b03m/mcs90_b03m_s30.A01 fileNameGt=../../cp2016-max-common-connected-subgraph-paper/datasets/graphsdb/mcs90/bvg/b03m/mcs90_b03m_s30.B01
Reading graphs...
30 :  45
30 :  45
Initializing...
maxdom : 30
D->valSize : 900
Solving...
currentSize : 14 <-- 0.019607 s
currentSize : 15 <-- 0.019637 s
currentSize : 16 <-- 0.019776 s
currentSize : 17 <-- 0.021154 s
currentSize : 18 <-- 0.023809 s
currentSize : 19 <-- 0.029605 s
currentSize : 20 <-- 0.043635 s
currentSize : 21 <-- 0.128376 s
currentSize : 22 <-- 0.610304 s
currentSize : 23 <-- 1.065958 s
currentSize : 24 <-- 1.066008 s
currentSize : 25 <-- 1.374865 s
currentSize : 26 <-- 1.374987 s

maxsize : 26
nodes : 323080.000000
filtered : 5150211.000000
time : 1.457179
