Parameters: GAD=1 vflib=1 dir=0 label=0 lowerbound=1 fileNameGp=../../cp2016-max-common-connected-subgraph-paper/datasets/graphsdb/mcs90/bvg/b03/mcs90_b03_s35.A03 fileNameGt=../../cp2016-max-common-connected-subgraph-paper/datasets/graphsdb/mcs90/bvg/b03/mcs90_b03_s35.B03
Reading graphs...
35 :  52
35 :  52
Initializing...
maxdom : 35
D->valSize : 1225
Solving...
currentSize : 25 <-- 0.020889 s
currentSize : 26 <-- 0.020908 s
currentSize : 27 <-- 0.022634 s
currentSize : 28 <-- 0.022688 s
currentSize : 29 <-- 0.025227 s
currentSize : 30 <-- 0.086127 s
currentSize : 31 <-- 0.123266 s

maxsize : 31
nodes : 84354.000000
filtered : 2737849.000000
time : 0.647640
