Parameters: GAD=1 vflib=1 dir=0 label=0 lowerbound=1 fileNameGp=../../cp2016-max-common-connected-subgraph-paper/datasets/graphsdb/mcs90/bvg/b09m/mcs90_b09m_s20.A04 fileNameGt=../../cp2016-max-common-connected-subgraph-paper/datasets/graphsdb/mcs90/bvg/b09m/mcs90_b09m_s20.B04
Reading graphs...
20 :  87
20 :  86
Initializing...
maxdom : 20
D->valSize : 400
Solving...
currentSize : 7 <-- 0.001881 s
currentSize : 8 <-- 0.001897 s
currentSize : 9 <-- 0.002018 s
currentSize : 10 <-- 0.002699 s
currentSize : 11 <-- 0.016355 s
currentSize : 12 <-- 0.018476 s
currentSize : 13 <-- 0.081894 s
currentSize : 15 <-- 0.082872 s
currentSize : 18 <-- 0.083026 s

maxsize : 18
nodes : 24657.000000
filtered : 272946.000000
time : 0.084188
