Parameters: GAD=1 vflib=1 dir=0 label=0 lowerbound=1 fileNameGp=../../cp2016-max-common-connected-subgraph-paper/datasets/graphsdb/mcs90/m2D/m2Dr6/mcs90_m2Dr6_s30.A04 fileNameGt=../../cp2016-max-common-connected-subgraph-paper/datasets/graphsdb/mcs90/m2D/m2Dr6/mcs90_m2Dr6_s30.B04
Reading graphs...
30 :  67
30 :  67
Initializing...
maxdom : 30
D->valSize : 900
Solving...
currentSize : 11 <-- 0.018112 s
currentSize : 12 <-- 0.018230 s
currentSize : 13 <-- 0.018676 s
currentSize : 14 <-- 0.018716 s
currentSize : 15 <-- 0.019483 s
currentSize : 16 <-- 0.049151 s
currentSize : 17 <-- 0.130818 s
currentSize : 18 <-- 0.576305 s
currentSize : 19 <-- 0.712882 s
currentSize : 20 <-- 11.205745 s
currentSize : 22 <-- 16.057236 s
currentSize : 25 <-- 20.306322 s

maxsize : 25
nodes : 4224878.000000
filtered : 92313810.000000
time : 20.369368
