Parameters: GAD=1 vflib=1 dir=0 label=0 lowerbound=1 fileNameGp=../../cp2016-max-common-connected-subgraph-paper/datasets/graphsdb/mcs90/m2D/m2Dr2/mcs90_m2Dr2_s50.A01 fileNameGt=../../cp2016-max-common-connected-subgraph-paper/datasets/graphsdb/mcs90/m2D/m2Dr2/mcs90_m2Dr2_s50.B01
Reading graphs...
50 :  95
50 :  94
Initializing...
maxdom : 50
D->valSize : 2500
Solving...
currentSize : 27 <-- 0.095931 s
currentSize : 30 <-- 0.097893 s
currentSize : 32 <-- 0.097931 s
currentSize : 33 <-- 0.097984 s
currentSize : 34 <-- 0.420563 s
currentSize : 35 <-- 0.436661 s
currentSize : 36 <-- 18.130356 s
currentSize : 37 <-- 22.979233 s
currentSize : 38 <-- 23.273788 s
currentSize : 39 <-- 23.940121 s
currentSize : 40 <-- 46.098003 s
currentSize : 42 <-- 46.535423 s
currentSize : 44 <-- 47.458103 s
currentSize : 45 <-- 48.446983 s
currentSize : 49 <-- 48.450569 s

maxsize : 49
nodes : 6063001.000000
filtered : 232648054.000000
time : 48.454472
