Parameters: GAD=1 vflib=1 dir=0 label=0 lowerbound=1 fileNameGp=../../cp2016-max-common-connected-subgraph-paper/datasets/graphsdb/mcs90/bvg/b09/mcs90_b09_s40.A03 fileNameGt=../../cp2016-max-common-connected-subgraph-paper/datasets/graphsdb/mcs90/bvg/b09/mcs90_b09_s40.B03
Reading graphs...
40 :  180
40 :  180
Initializing...
maxdom : 40
D->valSize : 1600
Solving...
currentSize : 17 <-- 0.031273 s
currentSize : 21 <-- 0.031350 s
currentSize : 23 <-- 0.031663 s
currentSize : 24 <-- 0.031721 s
currentSize : 26 <-- 0.032487 s
currentSize : 27 <-- 0.032554 s
currentSize : 28 <-- 0.032815 s
currentSize : 32 <-- 0.034992 s
currentSize : 36 <-- 0.040587 s

maxsize : 36
nodes : 31999.000000
filtered : 3140259.000000
time : 0.403549
