Parameters: GAD=1 vflib=1 dir=0 label=0 lowerbound=1 fileNameGp=../../cp2016-max-common-connected-subgraph-paper/datasets/graphsdb/mcs90/bvg/b09/mcs90_b09_s40.A08 fileNameGt=../../cp2016-max-common-connected-subgraph-paper/datasets/graphsdb/mcs90/bvg/b09/mcs90_b09_s40.B08
Reading graphs...
40 :  179
40 :  179
Initializing...
maxdom : 40
D->valSize : 1600
Solving...
currentSize : 15 <-- 0.031354 s
currentSize : 16 <-- 0.031782 s
currentSize : 17 <-- 0.032083 s
currentSize : 18 <-- 0.037392 s
currentSize : 19 <-- 0.043241 s
currentSize : 20 <-- 0.077265 s
currentSize : 21 <-- 0.494695 s
currentSize : 22 <-- 1.441034 s
currentSize : 24 <-- 20.251097 s
currentSize : 25 <-- 20.273268 s
currentSize : 26 <-- 20.273319 s
currentSize : 27 <-- 20.273457 s
currentSize : 28 <-- 20.277445 s
currentSize : 30 <-- 20.327984 s
currentSize : 31 <-- 20.333973 s
currentSize : 32 <-- 20.334818 s
currentSize : 36 <-- 20.335209 s

maxsize : 36
nodes : 3611674.000000
filtered : 91266826.000000
time : 20.771372
