Parameters: GAD=1 vflib=1 dir=0 label=0 lowerbound=1 fileNameGp=../../cp2016-max-common-connected-subgraph-paper/datasets/graphsdb/mcs90/bvg/b03m/mcs90_b03m_s50.A08 fileNameGt=../../cp2016-max-common-connected-subgraph-paper/datasets/graphsdb/mcs90/bvg/b03m/mcs90_b03m_s50.B08
Reading graphs...
50 :  75
50 :  75
Initializing...
maxdom : 50
D->valSize : 2500
Solving...
currentSize : 19 <-- 0.097343 s
currentSize : 27 <-- 0.097762 s
currentSize : 28 <-- 4.314544 s
currentSize : 29 <-- 5.562672 s
currentSize : 30 <-- 23.333748 s
currentSize : 31 <-- 168.404251 s
currentSize : 32 <-- 560.072998 s
currentSize : 33 <-- 990.697937 s

TIMEOUT
maxsize : 33
nodes : 196676456.000000
filtered : 2789350188.000000
time : 1000.000061
