Parameters: GAD=1 vflib=1 dir=0 label=0 lowerbound=1 fileNameGp=../../cp2016-max-common-connected-subgraph-paper/datasets/graphsdb/mcs90/m2D/m2Dr6/mcs90_m2Dr6_s40.A04 fileNameGt=../../cp2016-max-common-connected-subgraph-paper/datasets/graphsdb/mcs90/m2D/m2Dr6/mcs90_m2Dr6_s40.B04
Reading graphs...
40 :  91
40 :  91
Initializing...
maxdom : 40
D->valSize : 1600
Solving...
currentSize : 17 <-- 0.056132 s
currentSize : 21 <-- 0.056190 s
currentSize : 22 <-- 0.209867 s
currentSize : 23 <-- 2.411939 s
currentSize : 24 <-- 24.479153 s
currentSize : 25 <-- 32.797951 s
currentSize : 26 <-- 38.965202 s
currentSize : 27 <-- 95.545265 s
currentSize : 28 <-- 95.550163 s
currentSize : 29 <-- 120.684212 s
currentSize : 31 <-- 136.955566 s
currentSize : 34 <-- 137.082870 s
currentSize : 36 <-- 137.091843 s

maxsize : 36
nodes : 21795232.000000
filtered : 626621245.000000
time : 137.422775
