Parameters: GAD=1 vflib=1 dir=0 label=0 lowerbound=1 fileNameGp=../../cp2016-max-common-connected-subgraph-paper/datasets/graphsdb/mcs90/m2D/m2D/mcs90_m2D_s40.A01 fileNameGt=../../cp2016-max-common-connected-subgraph-paper/datasets/graphsdb/mcs90/m2D/m2D/mcs90_m2D_s40.B01
Reading graphs...
40 :  67
40 :  67
Initializing...
maxdom : 40
D->valSize : 1600
Solving...
currentSize : 24 <-- 0.045925 s
currentSize : 26 <-- 0.046137 s
currentSize : 27 <-- 0.049919 s
currentSize : 28 <-- 0.111677 s
currentSize : 29 <-- 0.187164 s
currentSize : 30 <-- 0.239662 s
currentSize : 31 <-- 4.725392 s
currentSize : 32 <-- 6.265376 s
currentSize : 36 <-- 6.529418 s

maxsize : 36
nodes : 1158184.000000
filtered : 31764511.000000
time : 6.990948
