Parameters: GAD=1 vflib=1 dir=0 label=0 lowerbound=1 fileNameGp=../../cp2016-max-common-connected-subgraph-paper/datasets/graphsdb/mcs90/rand/r01/mcs90_r01_s25.A01 fileNameGt=../../cp2016-max-common-connected-subgraph-paper/datasets/graphsdb/mcs90/rand/r01/mcs90_r01_s25.B01
Reading graphs...
25 :  58
25 :  57
Initializing...
maxdom : 25
D->valSize : 625
Solving...
currentSize : 11 <-- 0.004882 s
currentSize : 12 <-- 0.004942 s
currentSize : 13 <-- 0.004949 s
currentSize : 14 <-- 0.005102 s
currentSize : 15 <-- 0.016360 s
currentSize : 16 <-- 0.270061 s
currentSize : 18 <-- 0.870129 s
currentSize : 22 <-- 1.007321 s

maxsize : 22
nodes : 250965.000000
filtered : 4177209.000000
time : 1.016581
