Parameters: GAD=1 vflib=1 dir=0 label=0 lowerbound=1 fileNameGp=../../cp2016-max-common-connected-subgraph-paper/datasets/graphsdb/mcs90/bvg/b03m/mcs90_b03m_s40.A00 fileNameGt=../../cp2016-max-common-connected-subgraph-paper/datasets/graphsdb/mcs90/bvg/b03m/mcs90_b03m_s40.B00
Reading graphs...
40 :  59
40 :  59
Initializing...
maxdom : 40
D->valSize : 1600
Solving...
currentSize : 18 <-- 0.036778 s
currentSize : 20 <-- 0.095276 s
currentSize : 22 <-- 0.095302 s
currentSize : 23 <-- 0.095501 s
currentSize : 25 <-- 0.098529 s
currentSize : 26 <-- 1.115649 s
currentSize : 27 <-- 1.778846 s
currentSize : 28 <-- 11.480819 s
currentSize : 29 <-- 12.328722 s
currentSize : 30 <-- 23.749229 s
currentSize : 31 <-- 274.978729 s
currentSize : 32 <-- 274.999634 s
currentSize : 33 <-- 285.863983 s
currentSize : 35 <-- 288.158356 s
currentSize : 36 <-- 288.158691 s

maxsize : 36
nodes : 44740454.000000
filtered : 1121328162.000000
time : 288.285065
