Parameters: GAD=1 vflib=1 dir=0 label=0 lowerbound=1 fileNameGp=../../cp2016-max-common-connected-subgraph-paper/datasets/graphsdb/mcs90/rand/r01/mcs90_r01_s50.A07 fileNameGt=../../cp2016-max-common-connected-subgraph-paper/datasets/graphsdb/mcs90/rand/r01/mcs90_r01_s50.B07
Reading graphs...
50 :  233
50 :  230
Initializing...
maxdom : 50
D->valSize : 2500
Solving...
currentSize : 16 <-- 0.085012 s
currentSize : 17 <-- 0.087884 s
currentSize : 18 <-- 0.092945 s
currentSize : 19 <-- 0.154870 s
currentSize : 20 <-- 0.572584 s
currentSize : 21 <-- 0.572756 s
currentSize : 22 <-- 1.626800 s
currentSize : 23 <-- 11.489894 s
currentSize : 25 <-- 11.490405 s
currentSize : 26 <-- 20.737284 s
currentSize : 29 <-- 20.776985 s
currentSize : 32 <-- 20.777946 s
currentSize : 45 <-- 22.776752 s

maxsize : 45
nodes : 3724062.000000
filtered : 85767015.000000
time : 23.228477
