Parameters: GAD=1 vflib=1 dir=0 label=0 lowerbound=1 fileNameGp=../../cp2016-max-common-connected-subgraph-paper/datasets/graphsdb/mcs90/bvg/b06m/mcs90_b06m_s35.A03 fileNameGt=../../cp2016-max-common-connected-subgraph-paper/datasets/graphsdb/mcs90/bvg/b06m/mcs90_b06m_s35.B03
Reading graphs...
35 :  104
35 :  103
Initializing...
maxdom : 35
D->valSize : 1225
Solving...
currentSize : 15 <-- 0.026681 s
currentSize : 16 <-- 0.028693 s
currentSize : 17 <-- 0.033580 s
currentSize : 18 <-- 0.046543 s
currentSize : 19 <-- 0.147868 s
currentSize : 20 <-- 17.570366 s
currentSize : 21 <-- 30.729095 s
currentSize : 22 <-- 56.832104 s
currentSize : 24 <-- 89.350609 s
currentSize : 26 <-- 96.659622 s
currentSize : 27 <-- 97.760239 s
currentSize : 31 <-- 97.769974 s

maxsize : 31
nodes : 17360183.000000
filtered : 494444059.000000
time : 97.825684
