Parameters: GAD=1 vflib=1 dir=0 label=0 lowerbound=1 fileNameGp=../../cp2016-max-common-connected-subgraph-paper/datasets/graphsdb/mcs90/m2D/m2Dr4/mcs90_m2Dr4_s30.A06 fileNameGt=../../cp2016-max-common-connected-subgraph-paper/datasets/graphsdb/mcs90/m2D/m2Dr4/mcs90_m2Dr4_s30.B06
Reading graphs...
30 :  60
30 :  58
Initializing...
maxdom : 30
D->valSize : 900
Solving...
currentSize : 15 <-- 0.011164 s
currentSize : 16 <-- 0.012053 s
currentSize : 17 <-- 0.013021 s
currentSize : 18 <-- 0.116198 s
currentSize : 19 <-- 0.148812 s
currentSize : 20 <-- 9.626172 s
currentSize : 21 <-- 54.651928 s
currentSize : 23 <-- 58.122200 s
currentSize : 25 <-- 58.144493 s

maxsize : 25
nodes : 12767179.000000
filtered : 246957728.000000
time : 58.382057
