Parameters: GAD=1 vflib=1 dir=0 label=0 lowerbound=1 fileNameGp=../../cp2016-max-common-connected-subgraph-paper/datasets/graphsdb/mcs90/m2D/m2Dr2/mcs90_m2Dr2_s50.A09 fileNameGt=../../cp2016-max-common-connected-subgraph-paper/datasets/graphsdb/mcs90/m2D/m2Dr2/mcs90_m2Dr2_s50.B09
Reading graphs...
50 :  95
50 :  95
Initializing...
maxdom : 50
D->valSize : 2500
Solving...
currentSize : 28 <-- 0.095876 s
currentSize : 29 <-- 0.096464 s
currentSize : 32 <-- 0.099522 s
currentSize : 33 <-- 0.112345 s
currentSize : 35 <-- 0.124674 s
currentSize : 36 <-- 149.890335 s
currentSize : 37 <-- 154.166336 s
currentSize : 38 <-- 438.114594 s
currentSize : 39 <-- 613.254761 s
currentSize : 40 <-- 691.582703 s
currentSize : 41 <-- 706.568176 s
currentSize : 42 <-- 709.807861 s
currentSize : 43 <-- 710.480286 s
currentSize : 44 <-- 710.588379 s
currentSize : 46 <-- 710.751465 s
currentSize : 49 <-- 711.054138 s

maxsize : 49
nodes : 79993539.000000
filtered : 3088068320.000000
time : 711.055481
