Parameters: GAD=1 vflib=1 dir=0 label=0 lowerbound=1 fileNameGp=../../cp2016-max-common-connected-subgraph-paper/datasets/graphsdb/mcs90/bvg/b03m/mcs90_b03m_s50.A05 fileNameGt=../../cp2016-max-common-connected-subgraph-paper/datasets/graphsdb/mcs90/bvg/b03m/mcs90_b03m_s50.B05
Reading graphs...
50 :  75
50 :  75
Initializing...
maxdom : 50
D->valSize : 2500
Solving...
currentSize : 19 <-- 0.097918 s
currentSize : 21 <-- 0.097957 s
currentSize : 23 <-- 0.098056 s
currentSize : 25 <-- 0.098097 s
currentSize : 26 <-- 0.098109 s
currentSize : 28 <-- 0.098271 s
currentSize : 29 <-- 0.116616 s
currentSize : 30 <-- 0.129986 s
currentSize : 31 <-- 3.324259 s
currentSize : 32 <-- 3.324329 s
currentSize : 33 <-- 15.616970 s
currentSize : 34 <-- 15.616994 s
currentSize : 35 <-- 230.277252 s
currentSize : 36 <-- 631.721619 s
currentSize : 37 <-- 639.868652 s
currentSize : 38 <-- 639.872437 s
currentSize : 39 <-- 647.060486 s
currentSize : 40 <-- 847.477966 s

TIMEOUT
maxsize : 40
nodes : 142940047.000000
filtered : 3728354909.000000
time : 1000.000061
