Parameters: GAD=1 vflib=1 dir=0 label=0 lowerbound=1 fileNameGp=../../cp2016-max-common-connected-subgraph-paper/datasets/graphsdb/mcs90/rand/r005/mcs90_r005_s50.A09 fileNameGt=../../cp2016-max-common-connected-subgraph-paper/datasets/graphsdb/mcs90/rand/r005/mcs90_r005_s50.B09
Reading graphs...
50 :  117
50 :  116
Initializing...
maxdom : 50
D->valSize : 2500
Solving...
currentSize : 26 <-- 0.161636 s
currentSize : 27 <-- 0.220426 s
currentSize : 28 <-- 0.290071 s
currentSize : 29 <-- 45.858608 s
currentSize : 30 <-- 87.900375 s
currentSize : 31 <-- 87.914101 s
currentSize : 32 <-- 595.610474 s
currentSize : 33 <-- 595.627319 s
currentSize : 34 <-- 595.726379 s
currentSize : 35 <-- 596.418945 s
currentSize : 36 <-- 596.421631 s
currentSize : 37 <-- 629.634583 s
currentSize : 38 <-- 630.987976 s
currentSize : 39 <-- 631.265259 s
currentSize : 43 <-- 631.265381 s
currentSize : 45 <-- 631.274902 s

maxsize : 45
nodes : 88237550.000000
filtered : 2514795621.000000
time : 631.923767
