Parameters: GAD=1 vflib=1 dir=0 label=0 lowerbound=1 fileNameGp=../../cp2016-max-common-connected-subgraph-paper/datasets/graphsdb/mcs90/m2D/m2Dr4/mcs90_m2Dr4_s40.A06 fileNameGt=../../cp2016-max-common-connected-subgraph-paper/datasets/graphsdb/mcs90/m2D/m2Dr4/mcs90_m2Dr4_s40.B06
Reading graphs...
40 :  83
40 :  83
Initializing...
maxdom : 40
D->valSize : 1600
Solving...
currentSize : 14 <-- 0.035109 s
currentSize : 16 <-- 0.035135 s
currentSize : 17 <-- 0.035180 s
currentSize : 19 <-- 0.035387 s
currentSize : 20 <-- 0.035989 s
currentSize : 21 <-- 0.036036 s
currentSize : 22 <-- 0.041658 s
currentSize : 23 <-- 0.052032 s
currentSize : 24 <-- 0.058975 s
currentSize : 25 <-- 1.130151 s
currentSize : 26 <-- 2.619654 s
currentSize : 27 <-- 2.800657 s
currentSize : 28 <-- 2.814445 s
currentSize : 30 <-- 2.935398 s
currentSize : 31 <-- 2.936393 s
currentSize : 36 <-- 58.063290 s

maxsize : 36
nodes : 6845234.000000
filtered : 327364719.000000
time : 58.209396
