Parameters: GAD=1 vflib=1 dir=0 label=0 lowerbound=1 fileNameGp=../../cp2016-max-common-connected-subgraph-paper/datasets/graphsdb/mcs90/rand/r005/mcs90_r005_s25.A05 fileNameGt=../../cp2016-max-common-connected-subgraph-paper/datasets/graphsdb/mcs90/rand/r005/mcs90_r005_s25.B05
Reading graphs...
25 :  28
25 :  29
Initializing...
maxdom : 25
D->valSize : 625
Solving...
currentSize : 7 <-- 0.005415 s
currentSize : 9 <-- 0.005456 s
currentSize : 10 <-- 0.005483 s
currentSize : 11 <-- 0.005497 s
currentSize : 12 <-- 0.005524 s
currentSize : 13 <-- 0.005561 s
currentSize : 15 <-- 0.012567 s
currentSize : 18 <-- 0.089329 s
currentSize : 20 <-- 0.108504 s
currentSize : 22 <-- 0.108538 s

maxsize : 22
nodes : 37511.000000
filtered : 343888.000000
time : 0.125134
