Parameters: GAD=1 vflib=1 dir=0 label=0 lowerbound=1 fileNameGp=../../cp2016-max-common-connected-subgraph-paper/datasets/graphsdb/mcs90/m2D/m2Dr2/mcs90_m2Dr2_s40.A05 fileNameGt=../../cp2016-max-common-connected-subgraph-paper/datasets/graphsdb/mcs90/m2D/m2Dr2/mcs90_m2Dr2_s40.B05
Reading graphs...
40 :  74
40 :  74
Initializing...
maxdom : 40
D->valSize : 1600
Solving...
currentSize : 17 <-- 0.035636 s
currentSize : 18 <-- 0.035679 s
currentSize : 20 <-- 0.038227 s
currentSize : 22 <-- 0.042479 s
currentSize : 25 <-- 0.109044 s
currentSize : 26 <-- 0.305818 s
currentSize : 27 <-- 2.100006 s
currentSize : 28 <-- 107.158562 s
currentSize : 29 <-- 107.164574 s
currentSize : 30 <-- 114.167877 s
currentSize : 31 <-- 114.167915 s
currentSize : 32 <-- 129.350357 s
currentSize : 33 <-- 129.364944 s
currentSize : 36 <-- 129.370468 s

maxsize : 36
nodes : 21005012.000000
filtered : 581317787.000000
time : 129.777496
