Parameters: GAD=1 vflib=1 dir=0 label=0 lowerbound=1 fileNameGp=../../cp2016-max-common-connected-subgraph-paper/datasets/graphsdb/mcs90/bvg/b06m/mcs90_b06m_s40.A00 fileNameGt=../../cp2016-max-common-connected-subgraph-paper/datasets/graphsdb/mcs90/bvg/b06m/mcs90_b06m_s40.B00
Reading graphs...
40 :  120
40 :  120
Initializing...
maxdom : 40
D->valSize : 1600
Solving...
currentSize : 17 <-- 0.033361 s
currentSize : 18 <-- 0.033509 s
currentSize : 19 <-- 0.034226 s
currentSize : 20 <-- 0.035086 s
currentSize : 21 <-- 0.040523 s
currentSize : 22 <-- 0.044401 s
currentSize : 23 <-- 2.175004 s
currentSize : 24 <-- 214.347580 s
currentSize : 25 <-- 276.330231 s
currentSize : 26 <-- 406.109894 s
currentSize : 28 <-- 453.604706 s
currentSize : 29 <-- 453.613007 s
currentSize : 30 <-- 456.865906 s
currentSize : 32 <-- 457.832458 s
currentSize : 36 <-- 457.841095 s

maxsize : 36
nodes : 72086951.000000
filtered : 2244914786.000000
time : 457.952484
