Parameters: GAD=1 vflib=1 dir=0 label=0 lowerbound=1 fileNameGp=../../cp2016-max-common-connected-subgraph-paper/datasets/graphsdb/mcs90/bvg/b06m/mcs90_b06m_s50.A05 fileNameGt=../../cp2016-max-common-connected-subgraph-paper/datasets/graphsdb/mcs90/bvg/b06m/mcs90_b06m_s50.B05
Reading graphs...
50 :  150
50 :  150
Initializing...
maxdom : 50
D->valSize : 2500
Solving...
currentSize : 22 <-- 0.090515 s
currentSize : 23 <-- 0.712612 s
currentSize : 24 <-- 5.530394 s
currentSize : 25 <-- 12.710600 s
currentSize : 26 <-- 32.235645 s
currentSize : 27 <-- 162.311310 s
currentSize : 28 <-- 164.590134 s
currentSize : 29 <-- 169.904373 s
currentSize : 30 <-- 185.424789 s
currentSize : 31 <-- 185.445023 s
currentSize : 32 <-- 187.676010 s
currentSize : 33 <-- 200.487213 s
currentSize : 34 <-- 217.569855 s
currentSize : 35 <-- 329.155609 s
currentSize : 36 <-- 339.760803 s
currentSize : 38 <-- 339.765259 s
currentSize : 40 <-- 369.133026 s
currentSize : 42 <-- 371.535736 s
currentSize : 45 <-- 371.539581 s

maxsize : 45
nodes : 47414464.000000
filtered : 1791499940.000000
time : 372.114868
