Parameters: GAD=1 vflib=1 dir=0 label=0 lowerbound=1 fileNameGp=../../cp2016-max-common-connected-subgraph-paper/datasets/graphsdb/mcs90/bvg/b03m/mcs90_b03m_s25.A06 fileNameGt=../../cp2016-max-common-connected-subgraph-paper/datasets/graphsdb/mcs90/bvg/b03m/mcs90_b03m_s25.B06
Reading graphs...
25 :  36
25 :  36
Initializing...
maxdom : 25
D->valSize : 625
Solving...
currentSize : 7 <-- 0.009187 s
currentSize : 8 <-- 0.009367 s
currentSize : 13 <-- 0.009744 s
currentSize : 14 <-- 0.012772 s
currentSize : 15 <-- 0.015913 s
currentSize : 16 <-- 0.057749 s
currentSize : 17 <-- 0.060382 s
currentSize : 18 <-- 0.129383 s
currentSize : 22 <-- 0.146745 s

maxsize : 22
nodes : 41337.000000
filtered : 547965.000000
time : 0.167647
