Parameters: GAD=1 vflib=1 dir=0 label=0 lowerbound=1 fileNameGp=../../cp2016-max-common-connected-subgraph-paper/datasets/graphsdb/mcs90/rand/r005/mcs90_r005_s20.A03 fileNameGt=../../cp2016-max-common-connected-subgraph-paper/datasets/graphsdb/mcs90/rand/r005/mcs90_r005_s20.B03
Reading graphs...
20 :  21
20 :  21
Initializing...
maxdom : 20
D->valSize : 400
Solving...
currentSize : 6 <-- 0.002340 s
currentSize : 8 <-- 0.002373 s
currentSize : 10 <-- 0.002387 s
currentSize : 11 <-- 0.002418 s
currentSize : 12 <-- 0.002912 s
currentSize : 13 <-- 0.003045 s
currentSize : 14 <-- 0.010218 s
currentSize : 15 <-- 0.025614 s
currentSize : 16 <-- 0.025642 s
currentSize : 18 <-- 0.025690 s

maxsize : 18
nodes : 10832.000000
filtered : 83564.000000
time : 0.027790
