Parameters: GAD=1 vflib=1 dir=0 label=0 lowerbound=1 fileNameGp=../../cp2016-max-common-connected-subgraph-paper/datasets/graphsdb/mcs90/m2D/m2Dr6/mcs90_m2Dr6_s40.A00 fileNameGt=../../cp2016-max-common-connected-subgraph-paper/datasets/graphsdb/mcs90/m2D/m2Dr6/mcs90_m2Dr6_s40.B00
Reading graphs...
40 :  90
40 :  89
Initializing...
maxdom : 40
D->valSize : 1600
Solving...
currentSize : 18 <-- 0.061187 s
currentSize : 20 <-- 0.061401 s
currentSize : 21 <-- 0.062037 s
currentSize : 22 <-- 0.068154 s
currentSize : 23 <-- 0.068172 s
currentSize : 24 <-- 7.034113 s
currentSize : 25 <-- 9.343424 s
currentSize : 26 <-- 26.335035 s
currentSize : 27 <-- 29.297234 s
currentSize : 30 <-- 64.665047 s
currentSize : 31 <-- 75.654671 s
currentSize : 33 <-- 75.663200 s
currentSize : 36 <-- 75.691658 s

maxsize : 36
nodes : 11826772.000000
filtered : 355329284.000000
time : 75.854530
