Parameters: GAD=1 vflib=1 dir=0 label=0 lowerbound=1 fileNameGp=../../cp2016-max-common-connected-subgraph-paper/datasets/graphsdb/mcs90/bvg/b09/mcs90_b09_s30.A03 fileNameGt=../../cp2016-max-common-connected-subgraph-paper/datasets/graphsdb/mcs90/bvg/b09/mcs90_b09_s30.B03
Reading graphs...
30 :  134
30 :  135
Initializing...
maxdom : 30
D->valSize : 900
Solving...
currentSize : 14 <-- 0.016734 s
currentSize : 15 <-- 0.016761 s
currentSize : 17 <-- 0.016841 s
currentSize : 19 <-- 0.016917 s
currentSize : 20 <-- 0.017192 s
currentSize : 22 <-- 0.017345 s
currentSize : 26 <-- 0.017854 s

maxsize : 26
nodes : 16162.000000
filtered : 989630.000000
time : 0.155697
