Parameters: GAD=1 vflib=1 dir=0 label=0 lowerbound=1 fileNameGp=../../cp2016-max-common-connected-subgraph-paper/datasets/graphsdb/mcs90/bvg/b06m/mcs90_b06m_s40.A04 fileNameGt=../../cp2016-max-common-connected-subgraph-paper/datasets/graphsdb/mcs90/bvg/b06m/mcs90_b06m_s40.B04
Reading graphs...
40 :  118
40 :  118
Initializing...
maxdom : 40
D->valSize : 1600
Solving...
currentSize : 17 <-- 0.033305 s
currentSize : 18 <-- 0.033813 s
currentSize : 19 <-- 0.044041 s
currentSize : 20 <-- 0.051457 s
currentSize : 21 <-- 0.258383 s
currentSize : 22 <-- 1.095843 s
currentSize : 23 <-- 4.737816 s
currentSize : 24 <-- 17.257452 s
currentSize : 25 <-- 90.202934 s
currentSize : 26 <-- 112.100250 s
currentSize : 27 <-- 132.372223 s
currentSize : 29 <-- 132.373352 s
currentSize : 33 <-- 134.722061 s
currentSize : 36 <-- 134.725006 s

maxsize : 36
nodes : 20573303.000000
filtered : 719441229.000000
time : 134.833984
