Parameters: GAD=1 vflib=1 dir=0 label=0 lowerbound=1 fileNameGp=../../cp2016-max-common-connected-subgraph-paper/datasets/graphsdb/mcs90/rand/r01/mcs90_r01_s30.A00 fileNameGt=../../cp2016-max-common-connected-subgraph-paper/datasets/graphsdb/mcs90/rand/r01/mcs90_r01_s30.B00
Reading graphs...
30 :  84
30 :  84
Initializing...
maxdom : 30
D->valSize : 900
Solving...
currentSize : 13 <-- 0.018147 s
currentSize : 14 <-- 0.018422 s
currentSize : 15 <-- 0.021061 s
currentSize : 16 <-- 0.048316 s
currentSize : 17 <-- 0.089354 s
currentSize : 18 <-- 0.109926 s
currentSize : 19 <-- 8.947295 s
currentSize : 20 <-- 8.947918 s
currentSize : 22 <-- 10.116949 s
currentSize : 23 <-- 10.438396 s
currentSize : 26 <-- 10.655981 s
currentSize : 27 <-- 10.656029 s

maxsize : 27
nodes : 2176988.000000
filtered : 48148254.000000
time : 10.661087
