Parameters: GAD=1 vflib=1 dir=0 label=0 lowerbound=1 fileNameGp=../../cp2016-max-common-connected-subgraph-paper/datasets/graphsdb/mcs90/bvg/b09m/mcs90_b09m_s50.A03 fileNameGt=../../cp2016-max-common-connected-subgraph-paper/datasets/graphsdb/mcs90/bvg/b09m/mcs90_b09m_s50.B03
Reading graphs...
50 :  220
50 :  220
Initializing...
maxdom : 50
D->valSize : 2500
Solving...
currentSize : 19 <-- 0.086234 s
currentSize : 20 <-- 0.101037 s
currentSize : 21 <-- 0.181301 s
currentSize : 22 <-- 0.292405 s
currentSize : 23 <-- 19.947063 s
currentSize : 24 <-- 20.824669 s
currentSize : 25 <-- 90.902870 s
currentSize : 27 <-- 96.469208 s
currentSize : 28 <-- 97.726616 s

TIMEOUT
maxsize : 28
nodes : 119485800.000000
filtered : 5353331102.000000
time : 1000.000061
