Parameters: GAD=1 vflib=1 dir=0 label=0 lowerbound=1 fileNameGp=../../cp2016-max-common-connected-subgraph-paper/datasets/graphsdb/mcs90/bvg/b06m/mcs90_b06m_s50.A02 fileNameGt=../../cp2016-max-common-connected-subgraph-paper/datasets/graphsdb/mcs90/bvg/b06m/mcs90_b06m_s50.B02
Reading graphs...
50 :  149
50 :  149
Initializing...
maxdom : 50
D->valSize : 2500
Solving...
currentSize : 19 <-- 0.091542 s
currentSize : 20 <-- 0.091697 s
currentSize : 21 <-- 0.098404 s
currentSize : 22 <-- 0.136473 s
currentSize : 23 <-- 0.281941 s
currentSize : 24 <-- 0.686603 s
currentSize : 25 <-- 1.717769 s
currentSize : 26 <-- 5.590837 s
currentSize : 27 <-- 17.914221 s
currentSize : 28 <-- 178.843719 s

TIMEOUT
maxsize : 28
nodes : 134340762.000000
filtered : 4309786476.000000
time : 1000.000061
