Parameters: GAD=1 vflib=1 dir=0 label=0 lowerbound=1 fileNameGp=../../cp2016-max-common-connected-subgraph-paper/datasets/graphsdb/mcs90/m2D/m2Dr4/mcs90_m2Dr4_s50.A08 fileNameGt=../../cp2016-max-common-connected-subgraph-paper/datasets/graphsdb/mcs90/m2D/m2Dr4/mcs90_m2Dr4_s50.B08
Reading graphs...
50 :  105
50 :  105
Initializing...
maxdom : 50
D->valSize : 2500
Solving...
currentSize : 25 <-- 0.094841 s
currentSize : 26 <-- 0.094871 s
currentSize : 27 <-- 0.267663 s
currentSize : 29 <-- 0.302741 s
currentSize : 30 <-- 0.529147 s
currentSize : 31 <-- 0.531100 s
currentSize : 32 <-- 0.664408 s
currentSize : 33 <-- 0.762619 s
currentSize : 34 <-- 1.298624 s
currentSize : 35 <-- 1.369050 s
currentSize : 37 <-- 1.369347 s
currentSize : 38 <-- 21.493696 s
currentSize : 39 <-- 92.734627 s
currentSize : 40 <-- 267.014069 s
currentSize : 41 <-- 269.377228 s
currentSize : 43 <-- 269.873596 s
currentSize : 44 <-- 269.918732 s
currentSize : 49 <-- 269.925018 s

maxsize : 49
nodes : 23824859.000000
filtered : 1417910618.000000
time : 269.929688
