Parameters: GAD=1 vflib=1 dir=0 label=0 lowerbound=1 fileNameGp=../../cp2016-max-common-connected-subgraph-paper/datasets/graphsdb/mcs90/bvg/b06/mcs90_b06_s40.A07 fileNameGt=../../cp2016-max-common-connected-subgraph-paper/datasets/graphsdb/mcs90/bvg/b06/mcs90_b06_s40.B07
Reading graphs...
40 :  120
40 :  120
Initializing...
maxdom : 40
D->valSize : 1600
Solving...
currentSize : 20 <-- 0.033586 s
currentSize : 21 <-- 0.033625 s
currentSize : 22 <-- 0.033670 s
currentSize : 23 <-- 0.033917 s
currentSize : 24 <-- 0.034435 s
currentSize : 25 <-- 0.070375 s
currentSize : 26 <-- 0.071087 s
currentSize : 27 <-- 0.076311 s
currentSize : 28 <-- 0.081750 s
currentSize : 29 <-- 0.100375 s
currentSize : 30 <-- 0.106439 s
currentSize : 32 <-- 0.117102 s
currentSize : 34 <-- 0.127100 s
currentSize : 36 <-- 0.146588 s
currentSize : 37 <-- 0.259080 s

maxsize : 37
nodes : 41766.000000
filtered : 1485915.000000
time : 0.336525
