Parameters: GAD=1 vflib=1 dir=0 label=0 lowerbound=1 fileNameGp=../../cp2016-max-common-connected-subgraph-paper/datasets/graphsdb/mcs90/bvg/b06m/mcs90_b06m_s30.A09 fileNameGt=../../cp2016-max-common-connected-subgraph-paper/datasets/graphsdb/mcs90/bvg/b06m/mcs90_b06m_s30.B09
Reading graphs...
30 :  87
30 :  88
Initializing...
maxdom : 30
D->valSize : 900
Solving...
currentSize : 10 <-- 0.010110 s
currentSize : 12 <-- 0.010148 s
currentSize : 13 <-- 0.010966 s
currentSize : 14 <-- 0.014846 s
currentSize : 15 <-- 0.016034 s
currentSize : 16 <-- 0.021193 s
currentSize : 17 <-- 0.094870 s
currentSize : 18 <-- 0.673176 s
currentSize : 19 <-- 3.404086 s
currentSize : 22 <-- 5.437829 s
currentSize : 24 <-- 5.791718 s
currentSize : 27 <-- 5.793341 s

maxsize : 27
nodes : 1158347.000000
filtered : 27697840.000000
time : 5.811706
