Parameters: GAD=1 vflib=1 dir=0 label=0 lowerbound=1 fileNameGp=../../cp2016-max-common-connected-subgraph-paper/datasets/graphsdb/mcs90/rand/r01/mcs90_r01_s35.A03 fileNameGt=../../cp2016-max-common-connected-subgraph-paper/datasets/graphsdb/mcs90/rand/r01/mcs90_r01_s35.B03
Reading graphs...
35 :  115
35 :  114
Initializing...
maxdom : 35
D->valSize : 1225
Solving...
currentSize : 15 <-- 0.018974 s
currentSize : 16 <-- 0.019557 s
currentSize : 17 <-- 0.422272 s
currentSize : 18 <-- 0.895641 s
currentSize : 20 <-- 12.102413 s
currentSize : 21 <-- 12.106847 s
currentSize : 23 <-- 31.052572 s
currentSize : 24 <-- 31.073584 s
currentSize : 25 <-- 31.115984 s
currentSize : 31 <-- 31.116236 s

maxsize : 31
nodes : 6161867.000000
filtered : 124426852.000000
time : 31.170664
