Parameters: GAD=1 vflib=1 dir=0 label=0 lowerbound=1 fileNameGp=../../cp2016-max-common-connected-subgraph-paper/datasets/graphsdb/mcs90/bvg/b03m/mcs90_b03m_s50.A02 fileNameGt=../../cp2016-max-common-connected-subgraph-paper/datasets/graphsdb/mcs90/bvg/b03m/mcs90_b03m_s50.B02
Reading graphs...
50 :  74
50 :  74
Initializing...
maxdom : 50
D->valSize : 2500
Solving...
currentSize : 11 <-- 0.099801 s
currentSize : 14 <-- 0.099873 s
currentSize : 15 <-- 0.099952 s
currentSize : 27 <-- 0.100120 s
currentSize : 30 <-- 0.100783 s
currentSize : 31 <-- 0.196160 s
currentSize : 32 <-- 0.582962 s
currentSize : 33 <-- 3.325153 s
currentSize : 34 <-- 3.325580 s
currentSize : 35 <-- 160.701508 s
currentSize : 36 <-- 476.156525 s

TIMEOUT
maxsize : 36
nodes : 157283550.000000
filtered : 3336985470.000000
time : 1000.000061
