Parameters: GAD=1 vflib=1 dir=0 label=0 lowerbound=1 fileNameGp=../../cp2016-max-common-connected-subgraph-paper/datasets/graphsdb/mcs90/rand/r005/mcs90_r005_s50.A08 fileNameGt=../../cp2016-max-common-connected-subgraph-paper/datasets/graphsdb/mcs90/rand/r005/mcs90_r005_s50.B08
Reading graphs...
50 :  118
50 :  118
Initializing...
maxdom : 50
D->valSize : 2500
Solving...
currentSize : 23 <-- 0.093296 s
currentSize : 24 <-- 0.117734 s
currentSize : 25 <-- 0.118064 s
currentSize : 26 <-- 1.301442 s
currentSize : 27 <-- 1.619583 s
currentSize : 28 <-- 1.695196 s
currentSize : 29 <-- 171.399307 s
currentSize : 30 <-- 559.486389 s
currentSize : 31 <-- 812.905701 s

TIMEOUT
maxsize : 31
nodes : 161164421.000000
filtered : 3370755463.000000
time : 1000.000061
