Parameters: GAD=1 vflib=1 dir=0 label=0 lowerbound=1 fileNameGp=../../cp2016-max-common-connected-subgraph-paper/datasets/graphsdb/mcs90/m2D/m2Dr4/mcs90_m2Dr4_s30.A08 fileNameGt=../../cp2016-max-common-connected-subgraph-paper/datasets/graphsdb/mcs90/m2D/m2Dr4/mcs90_m2Dr4_s30.B08
Reading graphs...
30 :  59
30 :  58
Initializing...
maxdom : 30
D->valSize : 900
Solving...
currentSize : 15 <-- 0.010911 s
currentSize : 16 <-- 0.010938 s
currentSize : 17 <-- 0.011337 s
currentSize : 18 <-- 0.019421 s
currentSize : 19 <-- 0.084001 s
currentSize : 20 <-- 0.084021 s
currentSize : 21 <-- 0.137303 s
currentSize : 22 <-- 0.147128 s
currentSize : 26 <-- 0.799114 s

maxsize : 26
nodes : 160180.000000
filtered : 4692817.000000
time : 0.915955
