Parameters: GAD=1 vflib=1 dir=0 label=0 lowerbound=1 fileNameGp=../../cp2016-max-common-connected-subgraph-paper/datasets/graphsdb/mcs90/rand/r005/mcs90_r005_s25.A01 fileNameGt=../../cp2016-max-common-connected-subgraph-paper/datasets/graphsdb/mcs90/rand/r005/mcs90_r005_s25.B01
Reading graphs...
25 :  29
25 :  29
Initializing...
maxdom : 25
D->valSize : 625
Solving...
currentSize : 5 <-- 0.005359 s
currentSize : 6 <-- 0.005378 s
currentSize : 8 <-- 0.005421 s
currentSize : 12 <-- 0.005454 s
currentSize : 13 <-- 0.008372 s
currentSize : 14 <-- 0.015110 s
currentSize : 15 <-- 0.049694 s
currentSize : 16 <-- 0.051247 s
currentSize : 17 <-- 0.065571 s
currentSize : 18 <-- 0.094558 s
currentSize : 20 <-- 0.094733 s
currentSize : 21 <-- 0.105440 s
currentSize : 22 <-- 0.117505 s

maxsize : 22
nodes : 45200.000000
filtered : 456533.000000
time : 0.144159
