Parameters: GAD=1 vflib=1 dir=0 label=0 lowerbound=1 fileNameGp=../../cp2016-max-common-connected-subgraph-paper/datasets/graphsdb/mcs90/rand/r01/mcs90_r01_s35.A09 fileNameGt=../../cp2016-max-common-connected-subgraph-paper/datasets/graphsdb/mcs90/rand/r01/mcs90_r01_s35.B09
Reading graphs...
35 :  115
35 :  115
Initializing...
maxdom : 35
D->valSize : 1225
Solving...
currentSize : 13 <-- 0.018737 s
currentSize : 14 <-- 0.018799 s
currentSize : 15 <-- 0.018976 s
currentSize : 16 <-- 0.043849 s
currentSize : 17 <-- 0.273376 s
currentSize : 18 <-- 1.640701 s
currentSize : 19 <-- 18.279264 s
currentSize : 21 <-- 18.712885 s
currentSize : 22 <-- 45.297512 s
currentSize : 31 <-- 75.545769 s

maxsize : 31
nodes : 13712828.000000
filtered : 351372268.000000
time : 75.675713
