Parameters: GAD=1 vflib=1 dir=0 label=0 lowerbound=1 fileNameGp=../../cp2016-max-common-connected-subgraph-paper/datasets/graphsdb/mcs90/bvg/b06/mcs90_b06_s20.A06 fileNameGt=../../cp2016-max-common-connected-subgraph-paper/datasets/graphsdb/mcs90/bvg/b06/mcs90_b06_s20.B06
Reading graphs...
20 :  60
20 :  59
Initializing...
maxdom : 20
D->valSize : 400
Solving...
currentSize : 10 <-- 0.001953 s
currentSize : 11 <-- 0.001983 s
currentSize : 12 <-- 0.002022 s
currentSize : 13 <-- 0.002176 s
currentSize : 14 <-- 0.002209 s
currentSize : 15 <-- 0.002634 s
currentSize : 16 <-- 0.002647 s
currentSize : 18 <-- 0.002773 s

maxsize : 18
nodes : 1284.000000
filtered : 36505.000000
time : 0.007580
