Parameters: GAD=1 vflib=1 dir=0 label=0 lowerbound=1 fileNameGp=../../cp2016-max-common-connected-subgraph-paper/datasets/graphsdb/mcs90/m2D/m2Dr4/mcs90_m2Dr4_s40.A07 fileNameGt=../../cp2016-max-common-connected-subgraph-paper/datasets/graphsdb/mcs90/m2D/m2Dr4/mcs90_m2Dr4_s40.B07
Reading graphs...
40 :  81
40 :  81
Initializing...
maxdom : 40
D->valSize : 1600
Solving...
currentSize : 20 <-- 0.035374 s
currentSize : 21 <-- 0.058331 s
currentSize : 22 <-- 0.095603 s
currentSize : 23 <-- 0.126622 s
currentSize : 24 <-- 0.162940 s
currentSize : 25 <-- 0.176562 s
currentSize : 26 <-- 0.458018 s
currentSize : 27 <-- 2.218292 s
currentSize : 28 <-- 2.263053 s
currentSize : 30 <-- 5.437666 s
currentSize : 31 <-- 26.386347 s
currentSize : 32 <-- 31.684299 s
currentSize : 33 <-- 43.843300 s
currentSize : 36 <-- 43.902634 s

maxsize : 36
nodes : 5245115.000000
filtered : 238100898.000000
time : 44.079536
