Parameters: GAD=1 vflib=1 dir=0 label=0 lowerbound=1 fileNameGp=../../cp2016-max-common-connected-subgraph-paper/datasets/graphsdb/mcs90/bvg/b06m/mcs90_b06m_s35.A08 fileNameGt=../../cp2016-max-common-connected-subgraph-paper/datasets/graphsdb/mcs90/bvg/b06m/mcs90_b06m_s35.B08
Reading graphs...
35 :  103
35 :  102
Initializing...
maxdom : 35
D->valSize : 1225
Solving...
currentSize : 15 <-- 0.019233 s
currentSize : 17 <-- 0.019348 s
currentSize : 18 <-- 0.031091 s
currentSize : 19 <-- 0.318685 s
currentSize : 20 <-- 0.771549 s
currentSize : 21 <-- 16.517601 s
currentSize : 22 <-- 33.797043 s
currentSize : 24 <-- 41.952873 s
currentSize : 25 <-- 47.456524 s
currentSize : 31 <-- 48.076279 s

maxsize : 31
nodes : 8449756.000000
filtered : 229810126.000000
time : 48.153984
