Parameters: GAD=1 vflib=1 dir=0 label=0 lowerbound=1 fileNameGp=../../cp2016-max-common-connected-subgraph-paper/datasets/graphsdb/mcs90/m3D/m3Dr2/mcs90_m3Dr2_s30.A00 fileNameGt=../../cp2016-max-common-connected-subgraph-paper/datasets/graphsdb/mcs90/m3D/m3Dr2/mcs90_m3Dr2_s30.B00
Reading graphs...
30 :  67
30 :  66
Initializing...
maxdom : 30
D->valSize : 900
Solving...
currentSize : 16 <-- 0.018955 s
currentSize : 17 <-- 0.019174 s
currentSize : 18 <-- 0.020870 s
currentSize : 19 <-- 0.022868 s
currentSize : 20 <-- 0.049094 s
currentSize : 23 <-- 0.057321 s
currentSize : 25 <-- 0.071010 s
currentSize : 27 <-- 0.172302 s

maxsize : 27
nodes : 28770.000000
filtered : 990746.000000
time : 0.200704
