Parameters: GAD=1 vflib=1 dir=0 label=0 lowerbound=1 fileNameGp=../../cp2016-max-common-connected-subgraph-paper/datasets/graphsdb/mcs90/rand/r005/mcs90_r005_s30.A03 fileNameGt=../../cp2016-max-common-connected-subgraph-paper/datasets/graphsdb/mcs90/rand/r005/mcs90_r005_s30.B03
Reading graphs...
30 :  41
30 :  42
Initializing...
maxdom : 30
D->valSize : 900
Solving...
currentSize : 14 <-- 0.019929 s
currentSize : 15 <-- 0.022078 s
currentSize : 16 <-- 0.023113 s
currentSize : 17 <-- 0.049535 s
currentSize : 18 <-- 0.050400 s
currentSize : 19 <-- 0.060279 s
currentSize : 20 <-- 5.870768 s
currentSize : 21 <-- 5.870811 s
currentSize : 22 <-- 6.039311 s
currentSize : 25 <-- 6.231902 s
currentSize : 26 <-- 6.231921 s
currentSize : 27 <-- 6.231953 s

maxsize : 27
nodes : 1823675.000000
filtered : 15382020.000000
time : 6.248351
