Parameters: GAD=1 vflib=1 dir=0 label=0 lowerbound=1 fileNameGp=../../cp2016-max-common-connected-subgraph-paper/datasets/graphsdb/mcs90/m2D/m2Dr4/mcs90_m2Dr4_s50.A07 fileNameGt=../../cp2016-max-common-connected-subgraph-paper/datasets/graphsdb/mcs90/m2D/m2Dr4/mcs90_m2Dr4_s50.B07
Reading graphs...
50 :  105
50 :  103
Initializing...
maxdom : 50
D->valSize : 2500
Solving...
currentSize : 32 <-- 0.095355 s
currentSize : 33 <-- 0.096476 s
currentSize : 34 <-- 0.099259 s
currentSize : 37 <-- 0.105283 s
currentSize : 39 <-- 0.105489 s
currentSize : 43 <-- 0.152301 s
currentSize : 44 <-- 9.720889 s
currentSize : 49 <-- 10.171946 s

maxsize : 49
nodes : 662996.000000
filtered : 58562378.000000
time : 10.173563
