Parameters: GAD=1 vflib=1 dir=0 label=0 lowerbound=1 fileNameGp=../../cp2016-max-common-connected-subgraph-paper/datasets/graphsdb/mcs90/m2D/m2D/mcs90_m2D_s40.A08 fileNameGt=../../cp2016-max-common-connected-subgraph-paper/datasets/graphsdb/mcs90/m2D/m2D/mcs90_m2D_s40.B08
Reading graphs...
40 :  67
40 :  67
Initializing...
maxdom : 40
D->valSize : 1600
Solving...
currentSize : 27 <-- 0.066412 s
currentSize : 28 <-- 0.071699 s
currentSize : 29 <-- 1.244256 s
currentSize : 31 <-- 19.277308 s
currentSize : 32 <-- 21.008055 s
currentSize : 33 <-- 21.795139 s
currentSize : 36 <-- 25.005608 s

maxsize : 36
nodes : 4414448.000000
filtered : 109770672.000000
time : 25.654451
