Parameters: GAD=1 vflib=1 dir=0 label=0 lowerbound=1 fileNameGp=../../cp2016-max-common-connected-subgraph-paper/datasets/graphsdb/mcs90/bvg/b06m/mcs90_b06m_s35.A09 fileNameGt=../../cp2016-max-common-connected-subgraph-paper/datasets/graphsdb/mcs90/bvg/b06m/mcs90_b06m_s35.B09
Reading graphs...
35 :  104
35 :  103
Initializing...
maxdom : 35
D->valSize : 1225
Solving...
currentSize : 13 <-- 0.035131 s
currentSize : 14 <-- 0.035161 s
currentSize : 15 <-- 0.035256 s
currentSize : 16 <-- 0.036244 s
currentSize : 17 <-- 0.041381 s
currentSize : 18 <-- 0.064191 s
currentSize : 19 <-- 0.548814 s
currentSize : 20 <-- 51.729916 s
currentSize : 21 <-- 182.497589 s
currentSize : 22 <-- 223.841232 s
currentSize : 31 <-- 224.269836 s

maxsize : 31
nodes : 43236113.000000
filtered : 1010357287.000000
time : 224.358093
