Parameters: GAD=1 vflib=1 dir=0 label=0 lowerbound=1 fileNameGp=../../cp2016-max-common-connected-subgraph-paper/datasets/graphsdb/mcs90/bvg/b09m/mcs90_b09m_s25.A02 fileNameGt=../../cp2016-max-common-connected-subgraph-paper/datasets/graphsdb/mcs90/bvg/b09m/mcs90_b09m_s25.B02
Reading graphs...
25 :  108
25 :  107
Initializing...
maxdom : 25
D->valSize : 625
Solving...
currentSize : 9 <-- 0.004416 s
currentSize : 10 <-- 0.004484 s
currentSize : 11 <-- 0.004941 s
currentSize : 12 <-- 0.008194 s
currentSize : 13 <-- 0.167623 s
currentSize : 14 <-- 0.502944 s
currentSize : 15 <-- 1.161191 s
currentSize : 18 <-- 1.260757 s
currentSize : 22 <-- 1.261685 s

maxsize : 22
nodes : 309278.000000
filtered : 4177049.000000
time : 1.276355
