Parameters: GAD=1 vflib=1 dir=0 label=0 lowerbound=1 fileNameGp=../../cp2016-max-common-connected-subgraph-paper/datasets/graphsdb/mcs90/bvg/b06/mcs90_b06_s50.A04 fileNameGt=../../cp2016-max-common-connected-subgraph-paper/datasets/graphsdb/mcs90/bvg/b06/mcs90_b06_s50.B04
Reading graphs...
50 :  150
50 :  150
Initializing...
maxdom : 50
D->valSize : 2500
Solving...
currentSize : 16 <-- 0.091273 s
currentSize : 29 <-- 0.091363 s
currentSize : 33 <-- 0.091427 s
currentSize : 34 <-- 0.858064 s
currentSize : 35 <-- 0.858544 s
currentSize : 36 <-- 0.862961 s
currentSize : 37 <-- 0.874590 s
currentSize : 38 <-- 0.884945 s
currentSize : 39 <-- 0.896326 s
currentSize : 40 <-- 0.896831 s
currentSize : 41 <-- 0.906050 s
currentSize : 42 <-- 0.908163 s
currentSize : 44 <-- 0.937200 s
currentSize : 45 <-- 1.959417 s

maxsize : 45
nodes : 356789.000000
filtered : 16023426.000000
time : 3.758732
