Parameters: GAD=1 vflib=1 dir=0 label=0 lowerbound=1 fileNameGp=../../cp2016-max-common-connected-subgraph-paper/datasets/graphsdb/mcs90/bvg/b09m/mcs90_b09m_s40.A07 fileNameGt=../../cp2016-max-common-connected-subgraph-paper/datasets/graphsdb/mcs90/bvg/b09m/mcs90_b09m_s40.B07
Reading graphs...
40 :  173
40 :  173
Initializing...
maxdom : 40
D->valSize : 1600
Solving...
currentSize : 13 <-- 0.031637 s
currentSize : 14 <-- 0.031675 s
currentSize : 15 <-- 0.031971 s
currentSize : 16 <-- 0.032483 s
currentSize : 17 <-- 0.067381 s
currentSize : 18 <-- 0.124992 s
currentSize : 19 <-- 2.404395 s
currentSize : 20 <-- 70.125008 s
currentSize : 21 <-- 116.170357 s
currentSize : 22 <-- 256.595306 s
currentSize : 23 <-- 311.294647 s
currentSize : 24 <-- 506.070770 s
currentSize : 26 <-- 506.563141 s
currentSize : 30 <-- 506.667419 s
currentSize : 32 <-- 506.667603 s
currentSize : 33 <-- 506.677368 s
currentSize : 36 <-- 506.677460 s

maxsize : 36
nodes : 80812386.000000
filtered : 2406602555.000000
time : 506.904633
