Parameters: GAD=1 vflib=1 dir=0 label=0 lowerbound=1 fileNameGp=../../cp2016-max-common-connected-subgraph-paper/datasets/graphsdb/mcs90/bvg/b09/mcs90_b09_s35.A01 fileNameGt=../../cp2016-max-common-connected-subgraph-paper/datasets/graphsdb/mcs90/bvg/b09/mcs90_b09_s35.B01
Reading graphs...
35 :  155
35 :  155
Initializing...
maxdom : 35
D->valSize : 1225
Solving...
currentSize : 15 <-- 0.033268 s
currentSize : 16 <-- 0.033337 s
currentSize : 17 <-- 0.034198 s
currentSize : 18 <-- 0.034352 s
currentSize : 21 <-- 0.036545 s
currentSize : 22 <-- 0.056505 s
currentSize : 24 <-- 0.057483 s
currentSize : 26 <-- 0.123698 s
currentSize : 30 <-- 0.123774 s

maxsize : 30
nodes : 87654.000000
filtered : 5133806.000000
time : 0.752308
