Parameters: GAD=1 vflib=1 dir=0 label=0 lowerbound=1 fileNameGp=../../cp2016-max-common-connected-subgraph-paper/datasets/graphsdb/mcs90/bvg/b06/mcs90_b06_s35.A04 fileNameGt=../../cp2016-max-common-connected-subgraph-paper/datasets/graphsdb/mcs90/bvg/b06/mcs90_b06_s35.B04
Reading graphs...
35 :  104
35 :  105
Initializing...
maxdom : 35
D->valSize : 1225
Solving...
currentSize : 19 <-- 0.019005 s
currentSize : 20 <-- 0.019036 s
currentSize : 21 <-- 0.019066 s
currentSize : 22 <-- 0.020713 s
currentSize : 23 <-- 0.020923 s
currentSize : 24 <-- 0.021128 s
currentSize : 25 <-- 0.021204 s
currentSize : 26 <-- 0.022358 s
currentSize : 27 <-- 0.027326 s
currentSize : 28 <-- 0.030928 s
currentSize : 29 <-- 0.031025 s
currentSize : 31 <-- 0.042167 s
currentSize : 32 <-- 0.164060 s

maxsize : 32
nodes : 22909.000000
filtered : 994584.000000
time : 0.196622
