Parameters: GAD=1 vflib=1 dir=0 label=0 lowerbound=1 fileNameGp=../../cp2016-max-common-connected-subgraph-paper/datasets/graphsdb/mcs90/bvg/b03m/mcs90_b03m_s35.A08 fileNameGt=../../cp2016-max-common-connected-subgraph-paper/datasets/graphsdb/mcs90/bvg/b03m/mcs90_b03m_s35.B08
Reading graphs...
35 :  51
35 :  51
Initializing...
maxdom : 35
D->valSize : 1225
Solving...
currentSize : 21 <-- 0.036097 s
currentSize : 22 <-- 0.036152 s
currentSize : 23 <-- 0.037477 s
currentSize : 24 <-- 0.039252 s
currentSize : 25 <-- 0.591625 s
currentSize : 26 <-- 45.910233 s
currentSize : 27 <-- 45.974991 s
currentSize : 29 <-- 53.080338 s
currentSize : 30 <-- 53.083839 s

maxsize : 30
nodes : 11169730.000000
filtered : 196019658.000000
time : 53.829117
