Parameters: GAD=1 vflib=1 dir=0 label=0 lowerbound=1 fileNameGp=../../cp2016-max-common-connected-subgraph-paper/datasets/graphsdb/mcs90/m4D/m4Dr4/mcs90_m4Dr4_s20.A06 fileNameGt=../../cp2016-max-common-connected-subgraph-paper/datasets/graphsdb/mcs90/m4D/m4Dr4/mcs90_m4Dr4_s20.B06
Reading graphs...
20 :  43
20 :  44
Initializing...
maxdom : 20
D->valSize : 400
Solving...
currentSize : 6 <-- 0.002019 s
currentSize : 8 <-- 0.002050 s
currentSize : 9 <-- 0.002335 s
currentSize : 10 <-- 0.005608 s
currentSize : 11 <-- 0.021429 s
currentSize : 12 <-- 0.022911 s
currentSize : 13 <-- 0.066795 s
currentSize : 14 <-- 0.066965 s
currentSize : 15 <-- 0.071166 s
currentSize : 16 <-- 0.084632 s

maxsize : 16
nodes : 31619.000000
filtered : 314646.000000
time : 0.089984
