Parameters: GAD=1 vflib=1 dir=0 label=0 lowerbound=1 fileNameGp=../../cp2016-max-common-connected-subgraph-paper/datasets/graphsdb/mcs90/rand/r005/mcs90_r005_s35.A00 fileNameGt=../../cp2016-max-common-connected-subgraph-paper/datasets/graphsdb/mcs90/rand/r005/mcs90_r005_s35.B00
Reading graphs...
35 :  57
35 :  56
Initializing...
maxdom : 35
D->valSize : 1225
Solving...
currentSize : 15 <-- 0.035395 s
currentSize : 16 <-- 0.035748 s
currentSize : 18 <-- 0.039491 s
currentSize : 19 <-- 0.041106 s
currentSize : 20 <-- 0.279670 s
currentSize : 21 <-- 0.734540 s
currentSize : 22 <-- 6.488084 s
currentSize : 23 <-- 151.924667 s
currentSize : 24 <-- 152.132858 s
currentSize : 25 <-- 153.616989 s
currentSize : 26 <-- 153.957428 s
currentSize : 27 <-- 154.194122 s
currentSize : 28 <-- 154.194839 s
currentSize : 29 <-- 154.210266 s
currentSize : 31 <-- 154.242249 s

maxsize : 31
nodes : 40546564.000000
filtered : 486216012.000000
time : 154.360107
