Parameters: GAD=1 vflib=1 dir=0 label=0 lowerbound=1 fileNameGp=../../cp2016-max-common-connected-subgraph-paper/datasets/graphsdb/mcs90/bvg/b09m/mcs90_b09m_s35.A00 fileNameGt=../../cp2016-max-common-connected-subgraph-paper/datasets/graphsdb/mcs90/bvg/b09m/mcs90_b09m_s35.B00
Reading graphs...
35 :  150
35 :  150
Initializing...
maxdom : 35
D->valSize : 1225
Solving...
currentSize : 14 <-- 0.031669 s
currentSize : 15 <-- 0.054301 s
currentSize : 16 <-- 0.479394 s
currentSize : 17 <-- 1.883580 s
currentSize : 18 <-- 134.507828 s
currentSize : 19 <-- 152.080185 s
currentSize : 21 <-- 152.106110 s
currentSize : 24 <-- 152.108109 s
currentSize : 30 <-- 153.498596 s

maxsize : 30
nodes : 31964147.000000
filtered : 568718778.000000
time : 153.668594
