Parameters: GAD=1 vflib=1 dir=0 label=0 lowerbound=1 fileNameGp=../../cp2016-max-common-connected-subgraph-paper/datasets/graphsdb/mcs90/rand/r02/mcs90_r02_s25.A05 fileNameGt=../../cp2016-max-common-connected-subgraph-paper/datasets/graphsdb/mcs90/rand/r02/mcs90_r02_s25.B05
Reading graphs...
25 :  104
25 :  105
Initializing...
maxdom : 25
D->valSize : 625
Solving...
currentSize : 9 <-- 0.004530 s
currentSize : 10 <-- 0.004554 s
currentSize : 11 <-- 0.004933 s
currentSize : 12 <-- 0.005950 s
currentSize : 13 <-- 0.251654 s
currentSize : 14 <-- 0.388819 s
currentSize : 16 <-- 0.651271 s
currentSize : 17 <-- 0.867749 s
currentSize : 22 <-- 1.107825 s

maxsize : 22
nodes : 271612.000000
filtered : 4579719.000000
time : 1.114407
