Parameters: GAD=1 vflib=1 dir=0 label=0 lowerbound=1 fileNameGp=../../cp2016-max-common-connected-subgraph-paper/datasets/graphsdb/mcs90/bvg/b09m/mcs90_b09m_s35.A03 fileNameGt=../../cp2016-max-common-connected-subgraph-paper/datasets/graphsdb/mcs90/bvg/b09m/mcs90_b09m_s35.B03
Reading graphs...
35 :  153
35 :  152
Initializing...
maxdom : 35
D->valSize : 1225
Solving...
currentSize : 11 <-- 0.018190 s
currentSize : 12 <-- 0.018264 s
currentSize : 13 <-- 0.019634 s
currentSize : 14 <-- 0.020201 s
currentSize : 15 <-- 0.025908 s
currentSize : 16 <-- 0.561100 s
currentSize : 17 <-- 6.502408 s
currentSize : 18 <-- 6.591472 s
currentSize : 19 <-- 6.661546 s
currentSize : 21 <-- 6.662173 s
currentSize : 23 <-- 6.842417 s
currentSize : 30 <-- 10.721461 s

maxsize : 30
nodes : 2135588.000000
filtered : 48313421.000000
time : 10.985276
