Parameters: GAD=1 vflib=1 dir=0 label=0 lowerbound=1 fileNameGp=../../cp2016-max-common-connected-subgraph-paper/datasets/graphsdb/mcs90/rand/r005/mcs90_r005_s35.A05 fileNameGt=../../cp2016-max-common-connected-subgraph-paper/datasets/graphsdb/mcs90/rand/r005/mcs90_r005_s35.B05
Reading graphs...
35 :  57
35 :  57
Initializing...
maxdom : 35
D->valSize : 1225
Solving...
currentSize : 16 <-- 0.037012 s
currentSize : 18 <-- 0.037058 s
currentSize : 19 <-- 0.037080 s
currentSize : 22 <-- 0.079008 s
currentSize : 23 <-- 12.620637 s
currentSize : 24 <-- 53.809841 s
currentSize : 25 <-- 53.811096 s
currentSize : 26 <-- 53.880062 s
currentSize : 27 <-- 57.287415 s
currentSize : 28 <-- 57.289204 s
currentSize : 30 <-- 57.289337 s
currentSize : 31 <-- 57.311298 s

maxsize : 31
nodes : 13661120.000000
filtered : 187364575.000000
time : 57.425774
