Parameters: GAD=1 vflib=1 dir=0 label=0 lowerbound=1 fileNameGp=../../cp2016-max-common-connected-subgraph-paper/datasets/graphsdb/mcs90/bvg/b09m/mcs90_b09m_s35.A05 fileNameGt=../../cp2016-max-common-connected-subgraph-paper/datasets/graphsdb/mcs90/bvg/b09m/mcs90_b09m_s35.B05
Reading graphs...
35 :  150
35 :  150
Initializing...
maxdom : 35
D->valSize : 1225
Solving...
currentSize : 12 <-- 0.018016 s
currentSize : 13 <-- 0.018581 s
currentSize : 14 <-- 0.039044 s
currentSize : 15 <-- 0.095090 s
currentSize : 16 <-- 0.532693 s
currentSize : 18 <-- 4.722381 s
currentSize : 23 <-- 4.723890 s
currentSize : 25 <-- 11.494226 s
currentSize : 30 <-- 12.288238 s

maxsize : 30
nodes : 2185141.000000
filtered : 59852920.000000
time : 12.494364
