Parameters: GAD=1 vflib=1 dir=0 label=0 lowerbound=1 fileNameGp=../../cp2016-max-common-connected-subgraph-paper/datasets/graphsdb/mcs90/m3D/m3Dr2/mcs90_m3Dr2_s30.A02 fileNameGt=../../cp2016-max-common-connected-subgraph-paper/datasets/graphsdb/mcs90/m3D/m3Dr2/mcs90_m3Dr2_s30.B02
Reading graphs...
30 :  67
30 :  66
Initializing...
maxdom : 30
D->valSize : 900
Solving...
currentSize : 15 <-- 0.010527 s
currentSize : 16 <-- 0.010832 s
currentSize : 18 <-- 0.013049 s
currentSize : 19 <-- 0.013077 s
currentSize : 20 <-- 0.013977 s
currentSize : 21 <-- 0.398042 s
currentSize : 22 <-- 0.747770 s
currentSize : 24 <-- 2.233791 s
currentSize : 27 <-- 2.240921 s

maxsize : 27
nodes : 457417.000000
filtered : 10469701.000000
time : 2.290650
