Parameters: GAD=1 vflib=1 dir=0 label=0 lowerbound=1 fileNameGp=../../cp2016-max-common-connected-subgraph-paper/datasets/graphsdb/mcs90/m2D/m2Dr4/mcs90_m2Dr4_s40.A01 fileNameGt=../../cp2016-max-common-connected-subgraph-paper/datasets/graphsdb/mcs90/m2D/m2Dr4/mcs90_m2Dr4_s40.B01
Reading graphs...
40 :  83
40 :  82
Initializing...
maxdom : 40
D->valSize : 1600
Solving...
currentSize : 18 <-- 0.035248 s
currentSize : 20 <-- 0.035279 s
currentSize : 21 <-- 0.036097 s
currentSize : 22 <-- 0.042241 s
currentSize : 23 <-- 0.231650 s
currentSize : 24 <-- 0.621322 s
currentSize : 25 <-- 0.849240 s
currentSize : 26 <-- 1.293087 s
currentSize : 27 <-- 2.145806 s
currentSize : 28 <-- 28.244541 s
currentSize : 30 <-- 28.261295 s
currentSize : 31 <-- 29.805902 s
currentSize : 32 <-- 36.362423 s
currentSize : 34 <-- 52.886906 s
currentSize : 36 <-- 52.886974 s

maxsize : 36
nodes : 7222282.000000
filtered : 275061815.000000
time : 52.991299
