Parameters: GAD=1 vflib=1 dir=0 label=0 lowerbound=1 fileNameGp=../../cp2016-max-common-connected-subgraph-paper/datasets/graphsdb/mcs90/rand/r005/mcs90_r005_s35.A07 fileNameGt=../../cp2016-max-common-connected-subgraph-paper/datasets/graphsdb/mcs90/rand/r005/mcs90_r005_s35.B07
Reading graphs...
35 :  58
35 :  56
Initializing...
maxdom : 35
D->valSize : 1225
Solving...
currentSize : 18 <-- 0.021149 s
currentSize : 19 <-- 0.021319 s
currentSize : 20 <-- 0.021572 s
currentSize : 21 <-- 0.026883 s
currentSize : 22 <-- 0.028855 s
currentSize : 23 <-- 0.031194 s
currentSize : 24 <-- 0.303760 s
currentSize : 25 <-- 0.463668 s
currentSize : 26 <-- 0.591291 s
currentSize : 31 <-- 1.250349 s

maxsize : 31
nodes : 261888.000000
filtered : 5418850.000000
time : 1.389367
