Parameters: GAD=1 vflib=1 dir=0 label=1 lowerbound=1 fileNameGp=../../cp2016-max-common-connected-subgraph-paper/datasets/graphsdb/mcs10/rand/r01/mcs10_r01_s90.A01 fileNameGt=../../cp2016-max-common-connected-subgraph-paper/datasets/graphsdb/mcs10/rand/r01/mcs10_r01_s90.B01
Reading graphs...
90 :  755
90 :  764
Initializing...
maxdom : 10
D->valSize : 523
Solving...
currentSize : 1 <-- 0.005263 s
currentSize : 2 <-- 0.005742 s
currentSize : 3 <-- 0.006139 s
currentSize : 4 <-- 0.006810 s
currentSize : 5 <-- 0.016035 s
currentSize : 7 <-- 0.017698 s
currentSize : 8 <-- 0.022899 s
currentSize : 9 <-- 0.023058 s
currentSize : 10 <-- 0.023329 s

maxsize : 10
nodes : 8948.000000
filtered : 153203.000000
CCGP filtered : 104056.000000
CCGT filtered : 114217.000000
time : 0.566825
