Parameters: GAD=1 vflib=1 dir=0 label=1 lowerbound=1 fileNameGp=../../cp2016-max-common-connected-subgraph-paper/datasets/graphsdb/mcs10/m4D/m4Dr6/mcs10_m4Dr6_s100.A09 fileNameGt=../../cp2016-max-common-connected-subgraph-paper/datasets/graphsdb/mcs10/m4D/m4Dr6/mcs10_m4Dr6_s100.B09
Reading graphs...
100 :  218
100 :  216
Initializing...
maxdom : 7
D->valSize : 309
Solving...
currentSize : 1 <-- 0.002579 s
currentSize : 2 <-- 0.004111 s
currentSize : 6 <-- 0.004514 s
currentSize : 7 <-- 0.004828 s
currentSize : 10 <-- 0.005272 s
currentSize : 11 <-- 0.005689 s
currentSize : 12 <-- 0.006102 s
currentSize : 13 <-- 0.006824 s
currentSize : 14 <-- 0.007636 s
currentSize : 16 <-- 0.007791 s

maxsize : 16
nodes : 158142.000000
filtered : 575647.000000
CCGP filtered : 1537913.000000
CCGT filtered : 1089550.000000
time : 9.176281
