Parameters: GAD=1 vflib=1 dir=0 label=1 lowerbound=1 fileNameGp=../../cp2016-max-common-connected-subgraph-paper/datasets/graphsdb/mcs10/rand/r01/mcs10_r01_s90.A03 fileNameGt=../../cp2016-max-common-connected-subgraph-paper/datasets/graphsdb/mcs10/rand/r01/mcs10_r01_s90.B03
Reading graphs...
90 :  767
90 :  761
Initializing...
maxdom : 10
D->valSize : 510
Solving...
currentSize : 1 <-- 0.005101 s
currentSize : 2 <-- 0.009463 s
currentSize : 3 <-- 0.014872 s
currentSize : 4 <-- 0.036460 s
currentSize : 5 <-- 0.042080 s
currentSize : 6 <-- 0.042863 s
currentSize : 8 <-- 0.075492 s
currentSize : 10 <-- 0.075582 s
currentSize : 12 <-- 0.076119 s

maxsize : 12
nodes : 5774.000000
filtered : 127261.000000
CCGP filtered : 99662.000000
CCGT filtered : 97510.000000
time : 0.299456
