Parameters: GAD=1 vflib=1 dir=0 label=1 lowerbound=1 fileNameGp=../../cp2016-max-common-connected-subgraph-paper/datasets/graphsdb/mcs30/m2D/m2D/mcs30_m2D_s80.A09 fileNameGt=../../cp2016-max-common-connected-subgraph-paper/datasets/graphsdb/mcs30/m2D/m2D/mcs30_m2D_s80.B09
Reading graphs...
80 :  141
80 :  142
Initializing...
maxdom : 9
D->valSize : 410
Solving...
currentSize : 1 <-- 0.003656 s
currentSize : 4 <-- 0.005164 s
currentSize : 6 <-- 0.005274 s
currentSize : 7 <-- 0.005336 s
currentSize : 8 <-- 0.005411 s
currentSize : 10 <-- 0.005555 s
currentSize : 12 <-- 0.005719 s
currentSize : 16 <-- 0.006113 s
currentSize : 17 <-- 0.006471 s
currentSize : 20 <-- 0.006666 s
currentSize : 25 <-- 0.006766 s

maxsize : 25
nodes : 595094.000000
filtered : 2300565.000000
CCGP filtered : 2684415.000000
CCGT filtered : 3041300.000000
time : 23.086939
