Parameters: GAD=1 vflib=1 dir=0 label=1 lowerbound=1 fileNameGp=../../cp2016-max-common-connected-subgraph-paper/datasets/graphsdb/mcs30/m2D/m2Dr2/mcs30_m2Dr2_s70.A09 fileNameGt=../../cp2016-max-common-connected-subgraph-paper/datasets/graphsdb/mcs30/m2D/m2Dr2/mcs30_m2Dr2_s70.B09
Reading graphs...
70 :  136
70 :  136
Initializing...
maxdom : 9
D->valSize : 333
Solving...
currentSize : 1 <-- 0.004092 s
currentSize : 2 <-- 0.004487 s
currentSize : 5 <-- 0.004985 s
currentSize : 6 <-- 0.005133 s
currentSize : 9 <-- 0.005388 s
currentSize : 11 <-- 0.005579 s
currentSize : 13 <-- 0.005993 s
currentSize : 15 <-- 0.006194 s
currentSize : 16 <-- 0.006343 s
currentSize : 17 <-- 0.006564 s
currentSize : 24 <-- 0.006670 s

maxsize : 24
nodes : 316184.000000
filtered : 1208335.000000
CCGP filtered : 1814847.000000
CCGT filtered : 1436805.000000
time : 10.224494
