Parameters: GAD=1 vflib=1 dir=0 label=1 lowerbound=1 fileNameGp=../../cp2016-max-common-connected-subgraph-paper/datasets/graphsdb/mcs30/m4D/m4Dr2/mcs30_m4Dr2_s80.A07 fileNameGt=../../cp2016-max-common-connected-subgraph-paper/datasets/graphsdb/mcs30/m4D/m4Dr2/mcs30_m4Dr2_s80.B07
Reading graphs...
80 :  144
80 :  145
Initializing...
maxdom : 9
D->valSize : 415
Solving...
currentSize : 1 <-- 0.003578 s
currentSize : 2 <-- 0.005439 s
currentSize : 3 <-- 0.005649 s
currentSize : 6 <-- 0.005862 s
currentSize : 8 <-- 0.006846 s
currentSize : 9 <-- 0.007068 s
currentSize : 11 <-- 0.007218 s
currentSize : 12 <-- 0.007380 s
currentSize : 14 <-- 0.007570 s
currentSize : 16 <-- 0.007644 s

maxsize : 16
nodes : 47988.000000
filtered : 280127.000000
CCGP filtered : 805409.000000
CCGT filtered : 890938.000000
time : 2.128153
