Parameters: GAD=1 vflib=1 dir=0 label=1 lowerbound=1 fileNameGp=../../cp2016-max-common-connected-subgraph-paper/datasets/graphsdb/mcs30/m2D/m2Dr2/mcs30_m2Dr2_s90.A05 fileNameGt=../../cp2016-max-common-connected-subgraph-paper/datasets/graphsdb/mcs30/m2D/m2Dr2/mcs30_m2Dr2_s90.B05
Reading graphs...
90 :  178
90 :  178
Initializing...
maxdom : 11
D->valSize : 560
Solving...
currentSize : 1 <-- 0.006066 s
currentSize : 2 <-- 0.006309 s
currentSize : 9 <-- 0.008446 s
currentSize : 11 <-- 0.008562 s
currentSize : 15 <-- 0.009008 s
currentSize : 16 <-- 0.009550 s
currentSize : 17 <-- 0.010212 s
currentSize : 24 <-- 0.010573 s
currentSize : 25 <-- 32.373684 s

maxsize : 25
nodes : 5731039.000000
filtered : 27076143.000000
CCGP filtered : 49648294.000000
CCGT filtered : 39481581.000000
time : 306.653076
