Parameters: GAD=1 vflib=1 dir=0 label=1 lowerbound=1 fileNameGp=../../cp2016-max-common-connected-subgraph-paper/datasets/graphsdb/mcs30/m2D/m2Dr4/mcs30_m2Dr4_s60.A02 fileNameGt=../../cp2016-max-common-connected-subgraph-paper/datasets/graphsdb/mcs30/m2D/m2Dr4/mcs30_m2Dr4_s60.B02
Reading graphs...
60 :  127
60 :  126
Initializing...
maxdom : 9
D->valSize : 276
Solving...
currentSize : 1 <-- 0.001859 s
currentSize : 3 <-- 0.001951 s
currentSize : 5 <-- 0.002065 s
currentSize : 6 <-- 0.002249 s
currentSize : 7 <-- 0.002336 s
currentSize : 11 <-- 0.002515 s
currentSize : 12 <-- 0.002856 s
currentSize : 13 <-- 0.002946 s
currentSize : 16 <-- 0.003008 s

maxsize : 16
nodes : 24453.000000
filtered : 109484.000000
CCGP filtered : 133335.000000
CCGT filtered : 107768.000000
time : 0.629342
