Parameters: GAD=1 vflib=1 dir=0 label=1 lowerbound=1 fileNameGp=../../cp2016-max-common-connected-subgraph-paper/datasets/graphsdb/mcs30/rand/r02/mcs30_r02_s80.A04 fileNameGt=../../cp2016-max-common-connected-subgraph-paper/datasets/graphsdb/mcs30/rand/r02/mcs30_r02_s80.B04
Reading graphs...
80 :  1122
80 :  1140
Initializing...
maxdom : 10
D->valSize : 503
Solving...
currentSize : 3 <-- 0.007101 s
currentSize : 5 <-- 0.007541 s
currentSize : 6 <-- 0.015326 s
currentSize : 7 <-- 0.062711 s
currentSize : 8 <-- 0.222114 s
currentSize : 10 <-- 0.223754 s
currentSize : 11 <-- 0.231793 s
currentSize : 13 <-- 0.237794 s
currentSize : 15 <-- 0.238311 s
currentSize : 19 <-- 0.363560 s
currentSize : 21 <-- 0.405462 s

maxsize : 21
nodes : 19669.000000
filtered : 379788.000000
CCGP filtered : 63244.000000
CCGT filtered : 51707.000000
time : 0.996660
