Parameters: GAD=1 vflib=1 dir=0 label=1 lowerbound=1 fileNameGp=../../cp2016-max-common-connected-subgraph-paper/datasets/graphsdb/mcs30/rand/r02/mcs30_r02_s70.A09 fileNameGt=../../cp2016-max-common-connected-subgraph-paper/datasets/graphsdb/mcs30/rand/r02/mcs30_r02_s70.B09
Reading graphs...
70 :  848
70 :  855
Initializing...
maxdom : 9
D->valSize : 326
Solving...
currentSize : 1 <-- 0.002740 s
currentSize : 2 <-- 0.003109 s
currentSize : 3 <-- 0.003848 s
currentSize : 5 <-- 0.010998 s
currentSize : 6 <-- 0.013008 s
currentSize : 9 <-- 0.029932 s
currentSize : 10 <-- 0.031498 s
currentSize : 12 <-- 0.032478 s
currentSize : 18 <-- 0.050809 s
currentSize : 19 <-- 0.051083 s

maxsize : 19
nodes : 7775.000000
filtered : 116463.000000
CCGP filtered : 17501.000000
CCGT filtered : 18733.000000
time : 0.323994
