Parameters: GAD=1 vflib=1 dir=0 label=1 lowerbound=1 fileNameGp=../../cp2016-max-common-connected-subgraph-paper/datasets/graphsdb/mcs30/bvg/b06/mcs30_b06_s50.A04 fileNameGt=../../cp2016-max-common-connected-subgraph-paper/datasets/graphsdb/mcs30/bvg/b06/mcs30_b06_s50.B04
Reading graphs...
50 :  148
50 :  148
Initializing...
maxdom : 9
D->valSize : 320
Solving...
currentSize : 1 <-- 0.003302 s
currentSize : 2 <-- 0.003454 s
currentSize : 3 <-- 0.003807 s
currentSize : 4 <-- 0.004567 s
currentSize : 7 <-- 0.006159 s
currentSize : 8 <-- 0.006500 s
currentSize : 9 <-- 0.006558 s
currentSize : 10 <-- 0.020083 s
currentSize : 11 <-- 0.034257 s
currentSize : 15 <-- 0.034408 s

maxsize : 15
nodes : 32484.000000
filtered : 198212.000000
CCGP filtered : 247430.000000
CCGT filtered : 143018.000000
time : 0.767155
