Parameters: GAD=1 vflib=1 dir=0 label=1 lowerbound=1 fileNameGp=../../cp2016-max-common-connected-subgraph-paper/datasets/graphsdb/mcs30/rand/r01/mcs30_r01_s90.A04 fileNameGt=../../cp2016-max-common-connected-subgraph-paper/datasets/graphsdb/mcs30/rand/r01/mcs30_r01_s90.B04
Reading graphs...
90 :  761
90 :  754
Initializing...
maxdom : 9
D->valSize : 534
Solving...
currentSize : 1 <-- 0.009068 s
currentSize : 3 <-- 0.019008 s
currentSize : 4 <-- 0.019638 s
currentSize : 5 <-- 0.040499 s
currentSize : 6 <-- 0.044522 s
currentSize : 7 <-- 3.212827 s
currentSize : 8 <-- 3.219021 s
currentSize : 13 <-- 3.463025 s
currentSize : 25 <-- 3.463423 s

maxsize : 25
nodes : 1356867.000000
filtered : 10601737.000000
CCGP filtered : 2042929.000000
CCGT filtered : 1587536.000000
time : 71.651672
