Parameters: GAD=1 vflib=1 dir=0 label=1 lowerbound=1 fileNameGp=../../cp2016-max-common-connected-subgraph-paper/datasets/graphsdb/mcs30/m3D/m3Dr2/mcs30_m3Dr2_s90.A08 fileNameGt=../../cp2016-max-common-connected-subgraph-paper/datasets/graphsdb/mcs30/m3D/m3Dr2/mcs30_m3Dr2_s90.B08
Reading graphs...
90 :  223
90 :  224
Initializing...
maxdom : 9
D->valSize : 492
Solving...
currentSize : 1 <-- 0.005055 s
currentSize : 3 <-- 0.007306 s
currentSize : 4 <-- 0.007420 s
currentSize : 7 <-- 0.007739 s
currentSize : 9 <-- 0.007888 s
currentSize : 11 <-- 0.008152 s
currentSize : 12 <-- 0.008304 s
currentSize : 14 <-- 0.008576 s
currentSize : 18 <-- 0.008878 s
currentSize : 26 <-- 0.009225 s

maxsize : 26
nodes : 5707940.000000
filtered : 26683432.000000
CCGP filtered : 36809711.000000
CCGT filtered : 19620059.000000
time : 269.963104
