Parameters: GAD=1 vflib=1 dir=0 label=1 lowerbound=1 fileNameGp=../../cp2016-max-common-connected-subgraph-paper/datasets/graphsdb/mcs30/m4D/m4Dr2/mcs30_m4Dr2_s70.A04 fileNameGt=../../cp2016-max-common-connected-subgraph-paper/datasets/graphsdb/mcs30/m4D/m4Dr2/mcs30_m4Dr2_s70.B04
Reading graphs...
70 :  131
70 :  132
Initializing...
maxdom : 8
D->valSize : 313
Solving...
currentSize : 1 <-- 0.002817 s
currentSize : 2 <-- 0.003029 s
currentSize : 6 <-- 0.003853 s
currentSize : 7 <-- 0.004147 s
currentSize : 9 <-- 0.004341 s
currentSize : 10 <-- 0.004441 s
currentSize : 11 <-- 0.004605 s
currentSize : 14 <-- 0.004960 s
currentSize : 16 <-- 0.005011 s

maxsize : 16
nodes : 55416.000000
filtered : 252397.000000
CCGP filtered : 672315.000000
CCGT filtered : 253176.000000
time : 1.775131
