Parameters: GAD=1 vflib=1 dir=0 label=1 lowerbound=1 fileNameGp=../../cp2016-max-common-connected-subgraph-paper/datasets/graphsdb/mcs30/bvg/b03/mcs30_b03_s100.A07 fileNameGt=../../cp2016-max-common-connected-subgraph-paper/datasets/graphsdb/mcs30/bvg/b03/mcs30_b03_s100.B07
Reading graphs...
100 :  150
100 :  149
Initializing...
maxdom : 8
D->valSize : 366
Solving...
currentSize : 1 <-- 0.005472 s
currentSize : 4 <-- 0.007416 s
currentSize : 5 <-- 0.007603 s
currentSize : 6 <-- 0.008104 s
currentSize : 11 <-- 0.008806 s
currentSize : 14 <-- 0.009231 s
currentSize : 16 <-- 0.009677 s
currentSize : 20 <-- 0.010955 s
currentSize : 30 <-- 0.011577 s

maxsize : 30
nodes : 283155.000000
filtered : 978460.000000
CCGP filtered : 1284259.000000
CCGT filtered : 935864.000000
time : 14.942670
