Parameters: GAD=1 vflib=1 dir=0 label=1 lowerbound=1 fileNameGp=../../cp2016-max-common-connected-subgraph-paper/datasets/graphsdb/mcs30/rand/r02/mcs30_r02_s90.A08 fileNameGt=../../cp2016-max-common-connected-subgraph-paper/datasets/graphsdb/mcs30/rand/r02/mcs30_r02_s90.B08
Reading graphs...
90 :  1423
90 :  1422
Initializing...
maxdom : 10
D->valSize : 596
Solving...
currentSize : 2 <-- 0.006815 s
currentSize : 3 <-- 0.007714 s
currentSize : 4 <-- 0.013970 s
currentSize : 5 <-- 0.014335 s
currentSize : 6 <-- 0.045220 s
currentSize : 7 <-- 0.052308 s
currentSize : 9 <-- 0.155090 s
currentSize : 10 <-- 0.185444 s
currentSize : 12 <-- 0.190962 s
currentSize : 15 <-- 0.301294 s
currentSize : 16 <-- 0.391859 s
currentSize : 24 <-- 0.576523 s

maxsize : 24
nodes : 62961.000000
filtered : 1006831.000000
CCGP filtered : 112115.000000
CCGT filtered : 69132.000000
time : 4.119074
