Parameters: GAD=1 vflib=1 dir=0 label=1 lowerbound=1 fileNameGp=../../cp2016-max-common-connected-subgraph-paper/datasets/graphsdb/mcs30/rand/r02/mcs30_r02_s80.A03 fileNameGt=../../cp2016-max-common-connected-subgraph-paper/datasets/graphsdb/mcs30/rand/r02/mcs30_r02_s80.B03
Reading graphs...
80 :  1130
80 :  1127
Initializing...
maxdom : 10
D->valSize : 405
Solving...
currentSize : 1 <-- 0.003895 s
currentSize : 2 <-- 0.005307 s
currentSize : 3 <-- 0.005983 s
currentSize : 4 <-- 0.006073 s
currentSize : 5 <-- 0.055045 s
currentSize : 6 <-- 0.084142 s
currentSize : 9 <-- 0.249625 s
currentSize : 10 <-- 0.261773 s
currentSize : 11 <-- 0.274739 s
currentSize : 14 <-- 0.289721 s
currentSize : 16 <-- 0.295217 s
currentSize : 20 <-- 0.347396 s
currentSize : 21 <-- 0.349047 s

maxsize : 21
nodes : 18633.000000
filtered : 247753.000000
CCGP filtered : 36511.000000
CCGT filtered : 41664.000000
time : 0.947793
