Parameters: GAD=1 vflib=1 dir=0 label=1 lowerbound=1 fileNameGp=../../cp2016-max-common-connected-subgraph-paper/datasets/graphsdb/mcs30/m2D/m2Dr2/mcs30_m2Dr2_s100.A06 fileNameGt=../../cp2016-max-common-connected-subgraph-paper/datasets/graphsdb/mcs30/m2D/m2Dr2/mcs30_m2Dr2_s100.B06
Reading graphs...
100 :  198
100 :  197
Initializing...
maxdom : 8
D->valSize : 341
Solving...
currentSize : 1 <-- 0.004923 s
currentSize : 2 <-- 0.005913 s
currentSize : 4 <-- 0.006257 s
currentSize : 5 <-- 0.006610 s
currentSize : 8 <-- 0.007417 s
currentSize : 11 <-- 0.008162 s
currentSize : 12 <-- 0.008492 s
currentSize : 15 <-- 0.009154 s
currentSize : 18 <-- 0.010089 s
currentSize : 25 <-- 0.010633 s

maxsize : 25
nodes : 1350546.000000
filtered : 4592661.000000
CCGP filtered : 7846558.000000
CCGT filtered : 6294085.000000
time : 78.087799
