Parameters: GAD=1 vflib=1 dir=0 label=1 lowerbound=1 fileNameGp=../../cp2016-max-common-connected-subgraph-paper/datasets/graphsdb/mcs30/m2D/m2Dr4/mcs30_m2Dr4_s90.A07 fileNameGt=../../cp2016-max-common-connected-subgraph-paper/datasets/graphsdb/mcs30/m2D/m2Dr4/mcs30_m2Dr4_s90.B07
Reading graphs...
90 :  196
90 :  194
Initializing...
maxdom : 10
D->valSize : 529
Solving...
currentSize : 1 <-- 0.005617 s
currentSize : 5 <-- 0.005847 s
currentSize : 6 <-- 0.006002 s
currentSize : 15 <-- 0.006858 s
currentSize : 16 <-- 0.007132 s
currentSize : 17 <-- 0.007256 s
currentSize : 19 <-- 0.007528 s
currentSize : 20 <-- 0.007751 s
currentSize : 24 <-- 0.007942 s

maxsize : 24
nodes : 5421439.000000
filtered : 23766112.000000
CCGP filtered : 54220027.000000
CCGT filtered : 39290340.000000
time : 266.526306
