Parameters: GAD=1 vflib=1 dir=0 label=1 lowerbound=1 fileNameGp=../../cp2016-max-common-connected-subgraph-paper/datasets/graphsdb/mcs30/bvg/b06m/mcs30_b06m_s70.A07 fileNameGt=../../cp2016-max-common-connected-subgraph-paper/datasets/graphsdb/mcs30/bvg/b06m/mcs30_b06m_s70.B07
Reading graphs...
70 :  209
70 :  207
Initializing...
maxdom : 10
D->valSize : 282
Solving...
currentSize : 1 <-- 0.002210 s
currentSize : 2 <-- 0.002820 s
currentSize : 4 <-- 0.003024 s
currentSize : 5 <-- 0.003091 s
currentSize : 7 <-- 0.005278 s
currentSize : 9 <-- 0.005488 s
currentSize : 11 <-- 0.005615 s
currentSize : 13 <-- 0.005772 s
currentSize : 14 <-- 0.005882 s
currentSize : 16 <-- 0.006020 s
currentSize : 18 <-- 0.006235 s
currentSize : 21 <-- 0.006313 s

maxsize : 21
nodes : 639580.000000
filtered : 2983740.000000
CCGP filtered : 2988301.000000
CCGT filtered : 3600031.000000
time : 18.989271
