Parameters: GAD=1 vflib=1 dir=0 label=1 lowerbound=1 fileNameGp=../../cp2016-max-common-connected-subgraph-paper/datasets/graphsdb/mcs30/m2D/m2Dr2/mcs30_m2Dr2_s100.A00 fileNameGt=../../cp2016-max-common-connected-subgraph-paper/datasets/graphsdb/mcs30/m2D/m2Dr2/mcs30_m2Dr2_s100.B00
Reading graphs...
100 :  197
100 :  197
Initializing...
maxdom : 7
D->valSize : 339
Solving...
currentSize : 1 <-- 0.003200 s
currentSize : 5 <-- 0.005701 s
currentSize : 11 <-- 0.006166 s
currentSize : 12 <-- 0.006442 s
currentSize : 13 <-- 0.006789 s
currentSize : 14 <-- 0.007009 s
currentSize : 15 <-- 0.007299 s
currentSize : 17 <-- 0.008160 s
currentSize : 25 <-- 0.008783 s

maxsize : 25
nodes : 1683407.000000
filtered : 5823619.000000
CCGP filtered : 9847458.000000
CCGT filtered : 7788316.000000
time : 97.669533
