Parameters: GAD=1 vflib=1 dir=0 label=1 lowerbound=1 fileNameGp=../../cp2016-max-common-connected-subgraph-paper/datasets/graphsdb/mcs30/m3D/m3D/mcs30_m3D_s100.A07 fileNameGt=../../cp2016-max-common-connected-subgraph-paper/datasets/graphsdb/mcs30/m3D/m3D/mcs30_m3D_s100.B07
Reading graphs...
100 :  235
100 :  233
Initializing...
maxdom : 7
D->valSize : 325
Solving...
currentSize : 1 <-- 0.004651 s
currentSize : 4 <-- 0.006760 s
currentSize : 5 <-- 0.007276 s
currentSize : 7 <-- 0.007542 s
currentSize : 9 <-- 0.008095 s
currentSize : 12 <-- 0.009070 s
currentSize : 14 <-- 0.009410 s
currentSize : 15 <-- 0.009796 s
currentSize : 27 <-- 0.010852 s

maxsize : 27
nodes : 4652314.000000
filtered : 17613735.000000
CCGP filtered : 27969335.000000
CCGT filtered : 19983050.000000
time : 274.623810
