Parameters: GAD=1 vflib=1 dir=0 label=1 lowerbound=1 fileNameGp=../../cp2016-max-common-connected-subgraph-paper/datasets/graphsdb/mcs30/bvg/b06/mcs30_b06_s80.A06 fileNameGt=../../cp2016-max-common-connected-subgraph-paper/datasets/graphsdb/mcs30/bvg/b06/mcs30_b06_s80.B06
Reading graphs...
80 :  237
80 :  239
Initializing...
maxdom : 9
D->valSize : 435
Solving...
currentSize : 1 <-- 0.003931 s
currentSize : 2 <-- 0.004321 s
currentSize : 8 <-- 0.006122 s
currentSize : 10 <-- 0.006243 s
currentSize : 15 <-- 0.006523 s
currentSize : 16 <-- 0.006580 s
currentSize : 18 <-- 0.006911 s
currentSize : 19 <-- 0.007048 s
currentSize : 20 <-- 0.007155 s
currentSize : 24 <-- 0.007360 s

maxsize : 24
nodes : 8025672.000000
filtered : 33517436.000000
CCGP filtered : 40722687.000000
CCGT filtered : 22248677.000000
time : 303.819641
