Parameters: GAD=1 vflib=1 dir=0 label=1 lowerbound=1 fileNameGp=../../cp2016-max-common-connected-subgraph-paper/datasets/graphsdb/mcs30/m3D/m3Dr4/mcs30_m3Dr4_s90.A04 fileNameGt=../../cp2016-max-common-connected-subgraph-paper/datasets/graphsdb/mcs30/m3D/m3Dr4/mcs30_m3Dr4_s90.B04
Reading graphs...
90 :  244
90 :  242
Initializing...
maxdom : 9
D->valSize : 523
Solving...
currentSize : 2 <-- 0.005731 s
currentSize : 3 <-- 0.011804 s
currentSize : 9 <-- 0.013957 s
currentSize : 14 <-- 0.014246 s
currentSize : 15 <-- 0.014499 s
currentSize : 17 <-- 0.014998 s
currentSize : 22 <-- 0.015398 s
currentSize : 24 <-- 0.015545 s
currentSize : 27 <-- 0.015611 s

maxsize : 27
nodes : 17054858.000000
filtered : 81389668.000000
CCGP filtered : 106053677.000000
CCGT filtered : 44351170.000000
time : 719.729919
