Parameters: GAD=1 vflib=1 dir=0 label=1 lowerbound=1 fileNameGp=../../cp2016-max-common-connected-subgraph-paper/datasets/graphsdb/mcs30/m3D/m3D/mcs30_m3D_s90.A08 fileNameGt=../../cp2016-max-common-connected-subgraph-paper/datasets/graphsdb/mcs30/m3D/m3D/mcs30_m3D_s90.B08
Reading graphs...
90 :  207
90 :  208
Initializing...
maxdom : 10
D->valSize : 546
Solving...
currentSize : 1 <-- 0.009862 s
currentSize : 8 <-- 0.011126 s
currentSize : 11 <-- 0.011579 s
currentSize : 14 <-- 0.012034 s
currentSize : 15 <-- 0.012617 s
currentSize : 16 <-- 0.013002 s
currentSize : 17 <-- 0.013876 s
currentSize : 19 <-- 0.014557 s
currentSize : 20 <-- 0.014832 s
currentSize : 27 <-- 0.015500 s

TIMEOUT
maxsize : 27
nodes : 20522649.000000
filtered : 89841392.000000
CCGP filtered : 181672047.000000
CCGT filtered : 133636794.000000
time : 1000.000061
