Parameters: GAD=1 vflib=1 dir=0 label=1 lowerbound=1 fileNameGp=../../cp2016-max-common-connected-subgraph-paper/datasets/graphsdb/mcs30/rand/r02/mcs30_r02_s90.A05 fileNameGt=../../cp2016-max-common-connected-subgraph-paper/datasets/graphsdb/mcs30/rand/r02/mcs30_r02_s90.B05
Reading graphs...
90 :  1424
90 :  1423
Initializing...
maxdom : 12
D->valSize : 543
Solving...
currentSize : 3 <-- 0.008676 s
currentSize : 4 <-- 0.008808 s
currentSize : 5 <-- 0.011791 s
currentSize : 6 <-- 0.015857 s
currentSize : 7 <-- 0.048372 s
currentSize : 9 <-- 0.142483 s
currentSize : 11 <-- 0.187395 s
currentSize : 15 <-- 0.348720 s
currentSize : 22 <-- 0.527492 s
currentSize : 23 <-- 0.529317 s

maxsize : 23
nodes : 40005.000000
filtered : 644139.000000
CCGP filtered : 84340.000000
CCGT filtered : 75819.000000
time : 2.484976
