Parameters: GAD=1 vflib=1 dir=0 label=1 lowerbound=1 fileNameGp=../../cp2016-max-common-connected-subgraph-paper/datasets/graphsdb/mcs30/m2D/m2D/mcs30_m2D_s60.A00 fileNameGt=../../cp2016-max-common-connected-subgraph-paper/datasets/graphsdb/mcs30/m2D/m2D/mcs30_m2D_s60.B00
Reading graphs...
60 :  103
60 :  104
Initializing...
maxdom : 7
D->valSize : 255
Solving...
currentSize : 1 <-- 0.002584 s
currentSize : 2 <-- 0.003220 s
currentSize : 5 <-- 0.003476 s
currentSize : 7 <-- 0.003631 s
currentSize : 8 <-- 0.003812 s
currentSize : 9 <-- 0.004103 s
currentSize : 10 <-- 0.004383 s
currentSize : 14 <-- 0.004753 s
currentSize : 16 <-- 0.004842 s

maxsize : 16
nodes : 10302.000000
filtered : 42994.000000
CCGP filtered : 72200.000000
CCGT filtered : 54805.000000
time : 0.407704
