Parameters: GAD=1 vflib=1 dir=0 label=1 lowerbound=1 fileNameGp=../../cp2016-max-common-connected-subgraph-paper/datasets/graphsdb/mcs30/m2D/m2Dr4/mcs30_m2Dr4_s80.A06 fileNameGt=../../cp2016-max-common-connected-subgraph-paper/datasets/graphsdb/mcs30/m2D/m2Dr4/mcs30_m2Dr4_s80.B06
Reading graphs...
80 :  171
80 :  172
Initializing...
maxdom : 9
D->valSize : 409
Solving...
currentSize : 1 <-- 0.003644 s
currentSize : 6 <-- 0.004202 s
currentSize : 7 <-- 0.004294 s
currentSize : 8 <-- 0.004439 s
currentSize : 11 <-- 0.004756 s
currentSize : 12 <-- 0.004837 s
currentSize : 14 <-- 0.005096 s
currentSize : 16 <-- 0.005266 s
currentSize : 25 <-- 0.005596 s

maxsize : 25
nodes : 2069555.000000
filtered : 8669151.000000
CCGP filtered : 13419571.000000
CCGT filtered : 9041044.000000
time : 81.796417
