Parameters: GAD=1 vflib=1 dir=0 label=1 lowerbound=1 fileNameGp=../../cp2016-max-common-connected-subgraph-paper/datasets/graphsdb/mcs30/m3D/m3D/mcs30_m3D_s80.A09 fileNameGt=../../cp2016-max-common-connected-subgraph-paper/datasets/graphsdb/mcs30/m3D/m3D/mcs30_m3D_s80.B09
Reading graphs...
80 :  183
80 :  183
Initializing...
maxdom : 9
D->valSize : 426
Solving...
currentSize : 1 <-- 0.003721 s
currentSize : 2 <-- 0.003874 s
currentSize : 9 <-- 0.004669 s
currentSize : 10 <-- 0.004816 s
currentSize : 14 <-- 0.005239 s
currentSize : 15 <-- 0.005478 s
currentSize : 16 <-- 0.005617 s
currentSize : 18 <-- 0.005695 s
currentSize : 24 <-- 0.006038 s
currentSize : 27 <-- 0.295950 s

maxsize : 27
nodes : 6969186.000000
filtered : 30216616.000000
CCGP filtered : 37676489.000000
CCGT filtered : 19082098.000000
time : 252.385757
