Parameters: GAD=1 vflib=1 dir=0 label=1 lowerbound=1 fileNameGp=../../cp2016-max-common-connected-subgraph-paper/datasets/graphsdb/mcs50/rand/r02/mcs50_r02_s70.A03 fileNameGt=../../cp2016-max-common-connected-subgraph-paper/datasets/graphsdb/mcs50/rand/r02/mcs50_r02_s70.B03
Reading graphs...
70 :  855
70 :  859
Initializing...
maxdom : 9
D->valSize : 360
Solving...
currentSize : 3 <-- 0.003310 s
currentSize : 4 <-- 0.003518 s
currentSize : 5 <-- 0.003705 s
currentSize : 6 <-- 0.007466 s
currentSize : 8 <-- 0.026163 s
currentSize : 14 <-- 0.034814 s
currentSize : 15 <-- 0.035062 s
currentSize : 16 <-- 0.046364 s
currentSize : 17 <-- 0.046846 s
currentSize : 24 <-- 0.065020 s
currentSize : 25 <-- 0.066447 s
currentSize : 26 <-- 0.170210 s

maxsize : 26
nodes : 31612.000000
filtered : 206953.000000
CCGP filtered : 13368.000000
CCGT filtered : 11325.000000
time : 1.173922
