Parameters: GAD=1 vflib=1 dir=0 label=1 lowerbound=1 fileNameGp=../../cp2016-max-common-connected-subgraph-paper/datasets/graphsdb/mcs50/bvg/b09m/mcs50_b09m_s50.A05 fileNameGt=../../cp2016-max-common-connected-subgraph-paper/datasets/graphsdb/mcs50/bvg/b09m/mcs50_b09m_s50.B05
Reading graphs...
50 :  217
50 :  213
Initializing...
maxdom : 12
D->valSize : 333
Solving...
currentSize : 2 <-- 0.002174 s
currentSize : 3 <-- 0.002268 s
currentSize : 6 <-- 0.002620 s
currentSize : 7 <-- 0.002722 s
currentSize : 11 <-- 0.003385 s
currentSize : 12 <-- 0.003524 s
currentSize : 14 <-- 0.008255 s
currentSize : 15 <-- 0.008381 s
currentSize : 23 <-- 0.044649 s

maxsize : 23
nodes : 22179.000000
filtered : 157014.000000
CCGP filtered : 23252.000000
CCGT filtered : 31395.000000
time : 0.394427
