Parameters: GAD=1 vflib=1 dir=0 label=1 lowerbound=1 fileNameGp=../../cp2016-max-common-connected-subgraph-paper/datasets/graphsdb/mcs50/rand/r02/mcs50_r02_s90.A00 fileNameGt=../../cp2016-max-common-connected-subgraph-paper/datasets/graphsdb/mcs50/rand/r02/mcs50_r02_s90.B00
Reading graphs...
90 :  1433
90 :  1416
Initializing...
maxdom : 13
D->valSize : 606
Solving...
currentSize : 4 <-- 0.013671 s
currentSize : 5 <-- 0.025600 s
currentSize : 6 <-- 0.025903 s
currentSize : 7 <-- 0.050775 s
currentSize : 11 <-- 0.089666 s
currentSize : 13 <-- 0.091942 s
currentSize : 18 <-- 0.104903 s
currentSize : 24 <-- 0.319208 s
currentSize : 25 <-- 0.319821 s
currentSize : 34 <-- 0.419768 s
currentSize : 35 <-- 0.420490 s
currentSize : 36 <-- 0.442050 s

maxsize : 36
nodes : 41640.000000
filtered : 459181.000000
CCGP filtered : 25019.000000
CCGT filtered : 29301.000000
time : 2.466539
