Parameters: GAD=1 vflib=1 dir=0 label=1 lowerbound=1 fileNameGp=../../cp2016-max-common-connected-subgraph-paper/datasets/graphsdb/mcs50/rand/r02/mcs50_r02_s90.A04 fileNameGt=../../cp2016-max-common-connected-subgraph-paper/datasets/graphsdb/mcs50/rand/r02/mcs50_r02_s90.B04
Reading graphs...
90 :  1428
90 :  1436
Initializing...
maxdom : 11
D->valSize : 570
Solving...
currentSize : 4 <-- 0.007784 s
currentSize : 5 <-- 0.008258 s
currentSize : 6 <-- 0.014580 s
currentSize : 7 <-- 0.060975 s
currentSize : 8 <-- 0.071144 s
currentSize : 9 <-- 0.080977 s
currentSize : 11 <-- 0.081431 s
currentSize : 12 <-- 0.447002 s
currentSize : 18 <-- 0.624810 s
currentSize : 19 <-- 0.625883 s
currentSize : 31 <-- 0.777302 s
currentSize : 33 <-- 0.778168 s
currentSize : 34 <-- 0.782922 s

maxsize : 34
nodes : 172528.000000
filtered : 932100.000000
CCGP filtered : 45302.000000
CCGT filtered : 51562.000000
time : 9.905020
