Parameters: GAD=1 vflib=1 dir=0 label=1 lowerbound=1 fileNameGp=../../cp2016-max-common-connected-subgraph-paper/datasets/graphsdb/mcs50/m2D/m2D/mcs50_m2D_s80.A08 fileNameGt=../../cp2016-max-common-connected-subgraph-paper/datasets/graphsdb/mcs50/m2D/m2D/mcs50_m2D_s80.B08
Reading graphs...
80 :  142
80 :  142
Initializing...
maxdom : 10
D->valSize : 413
Solving...
currentSize : 1 <-- 0.003568 s
currentSize : 4 <-- 0.003807 s
currentSize : 5 <-- 0.003867 s
currentSize : 6 <-- 0.003924 s
currentSize : 10 <-- 0.004117 s
currentSize : 16 <-- 0.004324 s
currentSize : 20 <-- 0.004560 s
currentSize : 23 <-- 0.004709 s
currentSize : 36 <-- 0.005108 s

maxsize : 36
nodes : 7936610.000000
filtered : 36969131.000000
CCGP filtered : 33957237.000000
CCGT filtered : 19456038.000000
time : 232.094788
