Parameters: GAD=1 vflib=1 dir=0 label=1 lowerbound=1 fileNameGp=../../cp2016-max-common-connected-subgraph-paper/datasets/graphsdb/mcs50/rand/r02/mcs50_r02_s100.A01 fileNameGt=../../cp2016-max-common-connected-subgraph-paper/datasets/graphsdb/mcs50/rand/r02/mcs50_r02_s100.B01
Reading graphs...
100 :  1759
100 :  1774
Initializing...
maxdom : 8
D->valSize : 380
Solving...
currentSize : 2 <-- 0.004866 s
currentSize : 19 <-- 0.006435 s
currentSize : 20 <-- 0.007884 s
currentSize : 21 <-- 0.038473 s
currentSize : 34 <-- 0.440458 s
currentSize : 35 <-- 0.441992 s
currentSize : 36 <-- 0.444318 s
currentSize : 37 <-- 0.607508 s
currentSize : 38 <-- 0.609918 s

maxsize : 38
nodes : 83200.000000
filtered : 469030.000000
CCGP filtered : 9107.000000
CCGT filtered : 32151.000000
time : 6.039322
