Parameters: GAD=1 vflib=1 dir=0 label=1 lowerbound=1 fileNameGp=../../cp2016-max-common-connected-subgraph-paper/datasets/graphsdb/mcs70/rand/r02/mcs70_r02_s100.A02 fileNameGt=../../cp2016-max-common-connected-subgraph-paper/datasets/graphsdb/mcs70/rand/r02/mcs70_r02_s100.B02
Reading graphs...
100 :  1753
100 :  1766
Initializing...
maxdom : 7
D->valSize : 399
Solving...
currentSize : 1 <-- 0.004755 s
currentSize : 2 <-- 0.005005 s
currentSize : 22 <-- 0.006116 s
currentSize : 23 <-- 0.007232 s
currentSize : 29 <-- 0.362051 s
currentSize : 44 <-- 0.581122 s
currentSize : 45 <-- 0.583681 s
currentSize : 46 <-- 0.586247 s
currentSize : 47 <-- 0.598247 s
currentSize : 48 <-- 1.012766 s
currentSize : 49 <-- 3.283191 s
currentSize : 50 <-- 4.465549 s

maxsize : 50
nodes : 4969945.000000
filtered : 5777863.000000
CCGP filtered : 2298.000000
CCGT filtered : 5714.000000
time : 274.970947
