Parameters: GAD=1 vflib=1 dir=0 label=1 lowerbound=1 fileNameGp=../../cp2016-max-common-connected-subgraph-paper/datasets/graphsdb/mcs70/rand/r02/mcs70_r02_s70.A05 fileNameGt=../../cp2016-max-common-connected-subgraph-paper/datasets/graphsdb/mcs70/rand/r02/mcs70_r02_s70.B05
Reading graphs...
70 :  864
70 :  858
Initializing...
maxdom : 8
D->valSize : 336
Solving...
currentSize : 1 <-- 0.002742 s
currentSize : 2 <-- 0.002947 s
currentSize : 19 <-- 0.004113 s
currentSize : 20 <-- 0.004635 s
currentSize : 21 <-- 0.005279 s
currentSize : 22 <-- 0.005919 s
currentSize : 32 <-- 0.035461 s
currentSize : 33 <-- 0.036119 s
currentSize : 34 <-- 0.036991 s
currentSize : 35 <-- 0.038306 s
currentSize : 36 <-- 0.040262 s
currentSize : 37 <-- 0.041805 s

maxsize : 37
nodes : 49990.000000
filtered : 167087.000000
CCGP filtered : 1962.000000
CCGT filtered : 2917.000000
time : 1.776876
