Parameters: GAD=1 vflib=1 dir=0 label=1 lowerbound=1 fileNameGp=../../cp2016-max-common-connected-subgraph-paper/datasets/graphsdb/mcs70/bvg/b09/mcs70_b09_s50.A01 fileNameGt=../../cp2016-max-common-connected-subgraph-paper/datasets/graphsdb/mcs70/bvg/b09/mcs70_b09_s50.B01
Reading graphs...
50 :  221
50 :  223
Initializing...
maxdom : 9
D->valSize : 332
Solving...
currentSize : 2 <-- 0.002150 s
currentSize : 3 <-- 0.002888 s
currentSize : 12 <-- 0.003182 s
currentSize : 13 <-- 0.003231 s
currentSize : 16 <-- 0.003416 s
currentSize : 18 <-- 0.006778 s
currentSize : 19 <-- 0.012188 s
currentSize : 25 <-- 0.022753 s
currentSize : 34 <-- 0.023169 s

maxsize : 34
nodes : 2498.000000
filtered : 26480.000000
CCGP filtered : 5417.000000
CCGT filtered : 3745.000000
time : 0.046217
