Parameters: GAD=1 vflib=1 dir=0 label=1 lowerbound=1 fileNameGp=../../cp2016-max-common-connected-subgraph-paper/datasets/graphsdb/mcs70/rand/r02/mcs70_r02_s90.A05 fileNameGt=../../cp2016-max-common-connected-subgraph-paper/datasets/graphsdb/mcs70/rand/r02/mcs70_r02_s90.B05
Reading graphs...
90 :  1442
90 :  1438
Initializing...
maxdom : 10
D->valSize : 547
Solving...
currentSize : 2 <-- 0.006160 s
currentSize : 3 <-- 0.006956 s
currentSize : 5 <-- 0.010531 s
currentSize : 10 <-- 0.010795 s
currentSize : 11 <-- 0.017534 s
currentSize : 23 <-- 0.020176 s
currentSize : 26 <-- 0.056264 s
currentSize : 47 <-- 0.087508 s
currentSize : 48 <-- 0.091488 s

maxsize : 48
nodes : 4020496.000000
filtered : 3666230.000000
CCGP filtered : 1797.000000
CCGT filtered : 4379.000000
time : 171.506149
