Parameters: GAD=1 vflib=1 dir=0 label=1 lowerbound=1 fileNameGp=../../cp2016-max-common-connected-subgraph-paper/datasets/graphsdb/mcs70/rand/r02/mcs70_r02_s80.A02 fileNameGt=../../cp2016-max-common-connected-subgraph-paper/datasets/graphsdb/mcs70/rand/r02/mcs70_r02_s80.B02
Reading graphs...
80 :  1125
80 :  1141
Initializing...
maxdom : 8
D->valSize : 433
Solving...
currentSize : 2 <-- 0.004221 s
currentSize : 3 <-- 0.008632 s
currentSize : 4 <-- 0.014097 s
currentSize : 12 <-- 0.014857 s
currentSize : 21 <-- 0.019673 s
currentSize : 26 <-- 0.043917 s
currentSize : 38 <-- 0.135809 s
currentSize : 39 <-- 0.136733 s
currentSize : 40 <-- 0.138185 s
currentSize : 41 <-- 0.140649 s

maxsize : 41
nodes : 1100088.000000
filtered : 1620271.000000
CCGP filtered : 4759.000000
CCGT filtered : 6639.000000
time : 46.052704
