Parameters: GAD=1 vflib=1 dir=0 label=1 lowerbound=1 fileNameGp=../../cp2016-max-common-connected-subgraph-paper/datasets/graphsdb/mcs90/rand/r02/mcs90_r02_s80.A09 fileNameGt=../../cp2016-max-common-connected-subgraph-paper/datasets/graphsdb/mcs90/rand/r02/mcs90_r02_s80.B09
Reading graphs...
80 :  1124
80 :  1127
Initializing...
maxdom : 8
D->valSize : 445
Solving...
currentSize : 3 <-- 0.005476 s
currentSize : 4 <-- 0.006493 s
currentSize : 5 <-- 0.007706 s
currentSize : 18 <-- 0.053813 s
currentSize : 29 <-- 0.083552 s
currentSize : 30 <-- 0.086277 s
currentSize : 47 <-- 0.170440 s
currentSize : 48 <-- 0.222838 s
currentSize : 49 <-- 2.947065 s
currentSize : 50 <-- 3.008587 s

maxsize : 50
nodes : 3338851.000000
filtered : 3842861.000000
CCGP filtered : 1851.000000
CCGT filtered : 2768.000000
time : 119.004303
