Parameters: GAD=1 vflib=1 dir=0 label=1 lowerbound=1 fileNameGp=../../cp2016-max-common-connected-subgraph-paper/datasets/graphsdb/mcs90/rand/r02/mcs90_r02_s70.A09 fileNameGt=../../cp2016-max-common-connected-subgraph-paper/datasets/graphsdb/mcs90/rand/r02/mcs90_r02_s70.B09
Reading graphs...
70 :  872
70 :  876
Initializing...
maxdom : 8
D->valSize : 333
Solving...
currentSize : 2 <-- 0.004325 s
currentSize : 3 <-- 0.005489 s
currentSize : 12 <-- 0.006273 s
currentSize : 40 <-- 0.058187 s
currentSize : 42 <-- 0.058630 s
currentSize : 43 <-- 0.070049 s
currentSize : 44 <-- 0.084127 s
currentSize : 45 <-- 0.128257 s
currentSize : 46 <-- 2.164872 s
currentSize : 47 <-- 2.247211 s

maxsize : 47
nodes : 582651.000000
filtered : 774090.000000
CCGP filtered : 707.000000
CCGT filtered : 4177.000000
time : 16.373505
