Parameters: GAD=1 vflib=1 dir=0 label=1 lowerbound=1 fileNameGp=../../cp2016-max-common-connected-subgraph-paper/datasets/graphsdb/mcs90/rand/r02/mcs90_r02_s90.A04 fileNameGt=../../cp2016-max-common-connected-subgraph-paper/datasets/graphsdb/mcs90/rand/r02/mcs90_r02_s90.B04
Reading graphs...
90 :  1442
90 :  1444
Initializing...
maxdom : 12
D->valSize : 585
Solving...
currentSize : 3 <-- 0.023029 s
currentSize : 4 <-- 0.023681 s
currentSize : 13 <-- 1.978737 s
currentSize : 28 <-- 1.983156 s
currentSize : 29 <-- 1.987683 s
currentSize : 30 <-- 1.994607 s
currentSize : 50 <-- 2.017589 s
currentSize : 51 <-- 2.046965 s
currentSize : 52 <-- 3.092916 s
currentSize : 53 <-- 4.668782 s
currentSize : 54 <-- 4.710034 s
currentSize : 55 <-- 6.080042 s

TIMEOUT
maxsize : 55
nodes : 23362338.000000
filtered : 24773887.000000
CCGP filtered : 76527.000000
CCGT filtered : 94799.000000
time : 1000.000000
