Parameters: GAD=1 vflib=1 dir=1 label=1 lowerbound=1 fileNameGp=../../cp2016-max-common-connected-subgraph-paper/datasets/graphsdb/mcs10/m2D/m2D/mcs10_m2D_s80.A04 fileNameGt=../../cp2016-max-common-connected-subgraph-paper/datasets/graphsdb/mcs10/m2D/m2D/mcs10_m2D_s80.B04
Reading graphs...
80 : 142
80 : 142
Initializing...
maxdom : 13
D->valSize : 408
Solving...
Blb : 2 (clique : 26)
currentSize : 26 <-- 0.004983 s
currentSize : 27 <-- 0.008333 s
currentSize : 28 <-- 0.010630 s
currentSize : 29 <-- 1.875725 s
currentSize : 30 <-- 44.287155 s
currentSize : 31 <-- 44.594864 s
currentSize : 32 <-- 81.668037 s

TIMEOUT
maxsize : 32
nodes : 224259691.000000
filtered : 1655915352.000000
time : 1000.000000
