Parameters: GAD=1 vflib=1 dir=1 label=1 lowerbound=1 fileNameGp=../../cp2016-max-common-connected-subgraph-paper/datasets/graphsdb/mcs10/rand/r005/mcs10_r005_s60.A06 fileNameGt=../../cp2016-max-common-connected-subgraph-paper/datasets/graphsdb/mcs10/rand/r005/mcs10_r005_s60.B06
Reading graphs...
60 : 181
60 : 181
Initializing...
maxdom : 6
D->valSize : 236
Solving...
Blb : 2 (clique : 17)
currentSize : 17 <-- 0.001774 s
currentSize : 18 <-- 0.002255 s
currentSize : 19 <-- 0.008851 s
currentSize : 20 <-- 7.112434 s
currentSize : 21 <-- 40.036892 s

maxsize : 21
nodes : 25317165.000000
filtered : 179815675.000000
time : 99.092987
