Parameters: GAD=1 vflib=1 dir=1 label=1 lowerbound=1 fileNameGp=../../cp2016-max-common-connected-subgraph-paper/datasets/graphsdb/mcs10/bvg/b09/mcs10_b09_s100.A00 fileNameGt=../../cp2016-max-common-connected-subgraph-paper/datasets/graphsdb/mcs10/bvg/b09/mcs10_b09_s100.B00
Reading graphs...
100 : 450
100 : 450
Initializing...
maxdom : 6
D->valSize : 322
Solving...
Blb : 2 (clique : 21)
currentSize : 21 <-- 0.002919 s
currentSize : 22 <-- 0.010162 s
currentSize : 23 <-- 0.021138 s
currentSize : 24 <-- 0.422971 s
currentSize : 25 <-- 0.715257 s
currentSize : 26 <-- 631.001465 s

TIMEOUT
maxsize : 26
nodes : 198396298.000000
filtered : 1341228054.000000
time : 1000.000000
