Parameters: GAD=1 vflib=1 dir=1 label=1 lowerbound=1 fileNameGp=../../cp2016-max-common-connected-subgraph-paper/datasets/graphsdb/mcs10/bvg/b09m/mcs10_b09m_s100.A00 fileNameGt=../../cp2016-max-common-connected-subgraph-paper/datasets/graphsdb/mcs10/bvg/b09m/mcs10_b09m_s100.B00
Reading graphs...
100 : 450
100 : 450
Initializing...
maxdom : 9
D->valSize : 320
Solving...
Blb : 2 (clique : 20)
currentSize : 20 <-- 0.004606 s
currentSize : 21 <-- 0.017391 s
currentSize : 22 <-- 0.131916 s
currentSize : 23 <-- 0.169331 s
currentSize : 24 <-- 6.405972 s
currentSize : 25 <-- 21.327576 s
currentSize : 26 <-- 61.162079 s
currentSize : 27 <-- 145.602264 s
currentSize : 28 <-- 852.202332 s

TIMEOUT
maxsize : 28
nodes : 191530496.000000
filtered : 1402411485.000000
time : 1000.000000
