Parameters: GAD=1 vflib=1 dir=1 label=1 lowerbound=1 fileNameGp=../../cp2016-max-common-connected-subgraph-paper/datasets/graphsdb/mcs10/m2D/m2D/mcs10_m2D_s60.A03 fileNameGt=../../cp2016-max-common-connected-subgraph-paper/datasets/graphsdb/mcs10/m2D/m2D/mcs10_m2D_s60.B03
Reading graphs...
60 : 104
60 : 104
Initializing...
maxdom : 8
D->valSize : 266
Solving...
Blb : 2 (clique : 19)
currentSize : 19 <-- 0.002841 s
currentSize : 20 <-- 0.003017 s
currentSize : 21 <-- 0.003236 s
currentSize : 22 <-- 0.003905 s
currentSize : 23 <-- 0.138341 s
currentSize : 24 <-- 2.196611 s
currentSize : 25 <-- 141.521591 s

TIMEOUT
maxsize : 25
nodes : 268257522.000000
filtered : 2087056128.000000
time : 1000.000000
