Parameters: GAD=1 vflib=1 dir=1 label=1 lowerbound=1 fileNameGp=../../cp2016-max-common-connected-subgraph-paper/datasets/graphsdb/mcs10/bvg/b06m/mcs10_b06m_s80.A09 fileNameGt=../../cp2016-max-common-connected-subgraph-paper/datasets/graphsdb/mcs10/bvg/b06m/mcs10_b06m_s80.B09
Reading graphs...
80 : 240
80 : 240
Initializing...
maxdom : 9
D->valSize : 404
Solving...
Blb : 2 (clique : 21)
currentSize : 21 <-- 0.003819 s
currentSize : 22 <-- 0.077097 s
currentSize : 23 <-- 0.197953 s
currentSize : 24 <-- 0.245047 s
currentSize : 25 <-- 0.843187 s
currentSize : 26 <-- 651.177368 s

TIMEOUT
maxsize : 26
nodes : 232919928.000000
filtered : 1292418230.000000
time : 1000.000000
