Parameters: GAD=1 vflib=1 dir=1 label=1 lowerbound=1 fileNameGp=../../cp2016-max-common-connected-subgraph-paper/datasets/graphsdb/mcs10/rand/r005/mcs10_r005_s100.A06 fileNameGt=../../cp2016-max-common-connected-subgraph-paper/datasets/graphsdb/mcs10/rand/r005/mcs10_r005_s100.B06
Reading graphs...
100 : 500
100 : 500
Initializing...
maxdom : 7
D->valSize : 323
Solving...
Blb : 2 (clique : 18)
currentSize : 18 <-- 0.002941 s
currentSize : 19 <-- 0.003376 s
currentSize : 20 <-- 0.007863 s
currentSize : 21 <-- 0.008635 s
currentSize : 22 <-- 1.477698 s
currentSize : 23 <-- 16.834988 s
currentSize : 24 <-- 54.106289 s

TIMEOUT
maxsize : 24
nodes : 202524584.000000
filtered : 1197787726.000000
time : 1000.000000
