Parameters: GAD=1 vflib=1 dir=1 label=1 lowerbound=1 fileNameGp=../../cp2016-max-common-connected-subgraph-paper/datasets/graphsdb/mcs10/bvg/b03/mcs10_b03_s70.A02 fileNameGt=../../cp2016-max-common-connected-subgraph-paper/datasets/graphsdb/mcs10/bvg/b03/mcs10_b03_s70.B02
Reading graphs...
70 : 105
70 : 105
Initializing...
maxdom : 9
D->valSize : 304
Solving...
Blb : 2 (clique : 26)
currentSize : 26 <-- 0.003896 s
currentSize : 27 <-- 0.080390 s
currentSize : 28 <-- 0.081783 s
currentSize : 29 <-- 1.215781 s
currentSize : 30 <-- 19.440479 s
currentSize : 31 <-- 20.472057 s
currentSize : 32 <-- 160.714874 s

TIMEOUT
maxsize : 32
nodes : 255585673.000000
filtered : 1324632518.000000
time : 1000.000000
