Parameters: GAD=1 vflib=1 dir=1 label=1 lowerbound=1 fileNameGp=../../cp2016-max-common-connected-subgraph-paper/datasets/graphsdb/mcs10/m3D/m3Dr4/mcs10_m3Dr4_s100.A01 fileNameGt=../../cp2016-max-common-connected-subgraph-paper/datasets/graphsdb/mcs10/m3D/m3Dr4/mcs10_m3Dr4_s100.B01
Reading graphs...
100 : 275
100 : 275
Initializing...
maxdom : 8
D->valSize : 330
Solving...
Blb : 2 (clique : 26)
currentSize : 26 <-- 0.004991 s
currentSize : 27 <-- 0.021750 s
currentSize : 28 <-- 0.022400 s
currentSize : 29 <-- 0.486402 s
currentSize : 30 <-- 0.491309 s
currentSize : 31 <-- 3.826304 s
currentSize : 32 <-- 104.758751 s

TIMEOUT
maxsize : 32
nodes : 204467508.000000
filtered : 1101979333.000000
time : 1000.000061
