Parameters: GAD=1 vflib=1 dir=1 label=1 lowerbound=1 fileNameGp=../../cp2016-max-common-connected-subgraph-paper/datasets/graphsdb/mcs10/m4D/m4Dr4/mcs10_m4Dr4_s100.A09 fileNameGt=../../cp2016-max-common-connected-subgraph-paper/datasets/graphsdb/mcs10/m4D/m4Dr4/mcs10_m4Dr4_s100.B09
Reading graphs...
100 : 199
100 : 197
Initializing...
maxdom : 6
D->valSize : 293
Solving...
Blb : 2 (clique : 30)
currentSize : 30 <-- 0.002882 s
currentSize : 31 <-- 0.051559 s
currentSize : 32 <-- 6.717201 s
currentSize : 33 <-- 37.635952 s
currentSize : 34 <-- 52.904064 s
currentSize : 35 <-- 851.335999 s

TIMEOUT
maxsize : 35
nodes : 225815630.000000
filtered : 867716863.000000
time : 1000.000000
