Parameters: GAD=1 vflib=1 dir=1 label=1 lowerbound=1 fileNameGp=../../cp2016-max-common-connected-subgraph-paper/datasets/graphsdb/mcs10/bvg/b03/mcs10_b03_s100.A06 fileNameGt=../../cp2016-max-common-connected-subgraph-paper/datasets/graphsdb/mcs10/bvg/b03/mcs10_b03_s100.B06
Reading graphs...
100 : 150
100 : 150
Initializing...
maxdom : 8
D->valSize : 313
Solving...
Blb : 2 (clique : 30)
currentSize : 30 <-- 0.002920 s
currentSize : 31 <-- 0.003380 s
currentSize : 32 <-- 0.006465 s
currentSize : 33 <-- 0.502490 s
currentSize : 34 <-- 0.645597 s
currentSize : 35 <-- 485.985901 s

TIMEOUT
maxsize : 35
nodes : 258852684.000000
filtered : 1149323634.000000
time : 1000.000000
