Parameters: GAD=1 vflib=1 dir=1 label=1 lowerbound=1 fileNameGp=../../cp2016-max-common-connected-subgraph-paper/datasets/graphsdb/mcs10/bvg/b03/mcs10_b03_s60.A04 fileNameGt=../../cp2016-max-common-connected-subgraph-paper/datasets/graphsdb/mcs10/bvg/b03/mcs10_b03_s60.B04
Reading graphs...
60 : 90
60 : 90
Initializing...
maxdom : 9
D->valSize : 211
Solving...
Blb : 5 (clique : 20)
currentSize : 20 <-- 0.001427 s
currentSize : 21 <-- 3.580975 s
currentSize : 22 <-- 3.949333 s
currentSize : 23 <-- 352.245850 s
currentSize : 24 <-- 759.845520 s
currentSize : 25 <-- 956.211365 s

TIMEOUT
maxsize : 25
nodes : 368033632.000000
filtered : 1976441455.000000
time : 1000.000000
