Parameters: GAD=1 vflib=1 dir=1 label=1 lowerbound=1 fileNameGp=../../cp2016-max-common-connected-subgraph-paper/datasets/graphsdb/mcs10/m3D/m3D/mcs10_m3D_s60.A06 fileNameGt=../../cp2016-max-common-connected-subgraph-paper/datasets/graphsdb/mcs10/m3D/m3D/mcs10_m3D_s60.B06
Reading graphs...
60 : 134
60 : 134
Initializing...
maxdom : 6
D->valSize : 244
Solving...
Blb : 5 (clique : 18)
currentSize : 18 <-- 0.001639 s
currentSize : 19 <-- 0.004381 s
currentSize : 20 <-- 0.004706 s
currentSize : 21 <-- 0.148881 s
currentSize : 22 <-- 19.414272 s
currentSize : 23 <-- 862.449524 s

TIMEOUT
maxsize : 23
nodes : 309508894.000000
filtered : 1594965478.000000
time : 1000.000000
