Parameters: GAD=1 vflib=1 dir=1 label=1 lowerbound=1 fileNameGp=../../cp2016-max-common-connected-subgraph-paper/datasets/graphsdb/mcs10/m3D/m3Dr2/mcs10_m3Dr2_s100.A05 fileNameGt=../../cp2016-max-common-connected-subgraph-paper/datasets/graphsdb/mcs10/m3D/m3Dr2/mcs10_m3Dr2_s100.B05
Reading graphs...
100 : 255
100 : 255
Initializing...
maxdom : 7
D->valSize : 297
Solving...
Blb : 2 (clique : 26)
currentSize : 26 <-- 0.002820 s
currentSize : 27 <-- 0.006230 s
currentSize : 28 <-- 0.045834 s
currentSize : 29 <-- 0.098233 s
currentSize : 30 <-- 31.078033 s
currentSize : 31 <-- 36.548534 s
currentSize : 32 <-- 169.646103 s
currentSize : 33 <-- 911.752747 s

TIMEOUT
maxsize : 33
nodes : 234265624.000000
filtered : 810132670.000000
time : 1000.000000
