Parameters: GAD=1 vflib=1 dir=1 label=1 lowerbound=1 fileNameGp=../../cp2016-max-common-connected-subgraph-paper/datasets/graphsdb/mcs10/m2D/m2D/mcs10_m2D_s60.A04 fileNameGt=../../cp2016-max-common-connected-subgraph-paper/datasets/graphsdb/mcs10/m2D/m2D/mcs10_m2D_s60.B04
Reading graphs...
60 : 104
60 : 104
Initializing...
maxdom : 7
D->valSize : 235
Solving...
Blb : 2 (clique : 21)
currentSize : 21 <-- 0.001659 s
currentSize : 22 <-- 0.001783 s
currentSize : 23 <-- 0.002135 s
currentSize : 24 <-- 0.003241 s
currentSize : 25 <-- 0.321969 s
currentSize : 26 <-- 0.718999 s
currentSize : 27 <-- 256.846985 s

TIMEOUT
maxsize : 27
nodes : 269437917.000000
filtered : 1579675235.000000
time : 1000.000000
