Parameters: GAD=1 vflib=1 dir=1 label=1 lowerbound=1 fileNameGp=../../cp2016-max-common-connected-subgraph-paper/datasets/graphsdb/mcs10/bvg/b06/mcs10_b06_s90.A01 fileNameGt=../../cp2016-max-common-connected-subgraph-paper/datasets/graphsdb/mcs10/bvg/b06/mcs10_b06_s90.B01
Reading graphs...
90 : 270
90 : 270
Initializing...
maxdom : 9
D->valSize : 519
Solving...
Blb : 2 (clique : 24)
currentSize : 24 <-- 0.009051 s
currentSize : 25 <-- 0.112730 s
currentSize : 26 <-- 0.112837 s
currentSize : 27 <-- 0.349008 s
currentSize : 28 <-- 199.486633 s
currentSize : 29 <-- 257.807983 s

TIMEOUT
maxsize : 29
nodes : 226157865.000000
filtered : 1518113730.000000
time : 1000.000000
