Parameters: GAD=1 vflib=1 dir=1 label=1 lowerbound=1 fileNameGp=../../cp2016-max-common-connected-subgraph-paper/datasets/graphsdb/mcs10/bvg/b06/mcs10_b06_s100.A07 fileNameGt=../../cp2016-max-common-connected-subgraph-paper/datasets/graphsdb/mcs10/bvg/b06/mcs10_b06_s100.B07
Reading graphs...
100 : 300
100 : 300
Initializing...
maxdom : 7
D->valSize : 321
Solving...
Blb : 2 (clique : 25)
currentSize : 25 <-- 0.003194 s
currentSize : 26 <-- 0.003514 s
currentSize : 27 <-- 0.003804 s
currentSize : 28 <-- 0.020883 s
currentSize : 29 <-- 2.052107 s
currentSize : 30 <-- 941.972839 s
currentSize : 31 <-- 943.743774 s

TIMEOUT
maxsize : 31
nodes : 203734266.000000
filtered : 786335812.000000
time : 1000.000000
