Parameters: GAD=1 vflib=1 dir=1 label=1 lowerbound=1 fileNameGp=../../cp2016-max-common-connected-subgraph-paper/datasets/graphsdb/mcs10/m3D/m3Dr4/mcs10_m3Dr4_s60.A06 fileNameGt=../../cp2016-max-common-connected-subgraph-paper/datasets/graphsdb/mcs10/m3D/m3Dr4/mcs10_m3Dr4_s60.B06
Reading graphs...
60 : 158
60 : 158
Initializing...
maxdom : 6
D->valSize : 230
Solving...
Blb : 2 (clique : 19)
currentSize : 19 <-- 0.001781 s
currentSize : 20 <-- 0.001892 s
currentSize : 21 <-- 0.072901 s
currentSize : 22 <-- 11.762714 s
currentSize : 23 <-- 73.258743 s

maxsize : 23
nodes : 106244869.000000
filtered : 853279804.000000
time : 427.987793
