Parameters: GAD=1 vflib=1 dir=1 label=1 lowerbound=1 fileNameGp=../../cp2016-max-common-connected-subgraph-paper/datasets/graphsdb/mcs10/m4D/m4Dr4/mcs10_m4Dr4_s100.A08 fileNameGt=../../cp2016-max-common-connected-subgraph-paper/datasets/graphsdb/mcs10/m4D/m4Dr4/mcs10_m4Dr4_s100.B08
Reading graphs...
100 : 199
100 : 198
Initializing...
maxdom : 8
D->valSize : 312
Solving...
Blb : 2 (clique : 32)
currentSize : 32 <-- 0.003115 s
currentSize : 33 <-- 0.005269 s
currentSize : 34 <-- 0.417372 s
currentSize : 35 <-- 6.405511 s
currentSize : 36 <-- 13.184956 s
currentSize : 37 <-- 32.260544 s
currentSize : 38 <-- 147.824799 s
currentSize : 39 <-- 810.738037 s

TIMEOUT
maxsize : 39
nodes : 228871436.000000
filtered : 692995356.000000
time : 1000.000000
