Parameters: GAD=1 vflib=1 dir=1 label=1 lowerbound=1 fileNameGp=../../cp2016-max-common-connected-subgraph-paper/datasets/graphsdb/mcs10/m3D/m3D/mcs10_m3D_s60.A00 fileNameGt=../../cp2016-max-common-connected-subgraph-paper/datasets/graphsdb/mcs10/m3D/m3D/mcs10_m3D_s60.B00
Reading graphs...
60 : 134
60 : 134
Initializing...
maxdom : 8
D->valSize : 230
Solving...
Blb : 2 (clique : 17)
currentSize : 17 <-- 0.002004 s
currentSize : 18 <-- 0.002144 s
currentSize : 19 <-- 0.002251 s
currentSize : 20 <-- 0.009439 s
currentSize : 21 <-- 0.077912 s
currentSize : 22 <-- 169.932999 s
currentSize : 23 <-- 958.684082 s

TIMEOUT
maxsize : 23
nodes : 272112396.000000
filtered : 1596997057.000000
time : 1000.000000
