Parameters: GAD=1 vflib=1 dir=1 label=1 lowerbound=1 fileNameGp=../../cp2016-max-common-connected-subgraph-paper/datasets/graphsdb/mcs10/m2D/m2Dr6/mcs10_m2Dr6_s60.A08 fileNameGt=../../cp2016-max-common-connected-subgraph-paper/datasets/graphsdb/mcs10/m2D/m2Dr6/mcs10_m2Dr6_s60.B08
Reading graphs...
60 : 140
60 : 138
Initializing...
maxdom : 6
D->valSize : 224
Solving...
Blb : 2 (clique : 16)
currentSize : 16 <-- 0.001466 s
currentSize : 17 <-- 0.001644 s
currentSize : 18 <-- 0.001710 s
currentSize : 19 <-- 0.006030 s
currentSize : 20 <-- 0.009047 s
currentSize : 21 <-- 0.217741 s
currentSize : 22 <-- 0.691269 s
currentSize : 23 <-- 521.951599 s

maxsize : 23
nodes : 185505858.000000
filtered : 1302215179.000000
time : 692.388306
