Parameters: GAD=1 vflib=1 dir=1 label=1 lowerbound=1 fileNameGp=../../cp2016-max-common-connected-subgraph-paper/datasets/graphsdb/mcs10/rand/r01/mcs10_r01_s80.A05 fileNameGt=../../cp2016-max-common-connected-subgraph-paper/datasets/graphsdb/mcs10/rand/r01/mcs10_r01_s80.B05
Reading graphs...
80 : 634
80 : 634
Initializing...
maxdom : 9
D->valSize : 425
Solving...
Blb : 2 (clique : 13)
currentSize : 13 <-- 0.003992 s
currentSize : 14 <-- 0.005358 s
currentSize : 15 <-- 0.006450 s
currentSize : 16 <-- 2.801881 s
currentSize : 17 <-- 28.712879 s

maxsize : 17
nodes : 78433280.000000
filtered : 924693242.000000
time : 389.580658
