Parameters: GAD=1 vflib=1 dir=1 label=1 lowerbound=1 fileNameGp=../../cp2016-max-common-connected-subgraph-paper/datasets/graphsdb/mcs10/m2D/m2Dr6/mcs10_m2Dr6_s80.A08 fileNameGt=../../cp2016-max-common-connected-subgraph-paper/datasets/graphsdb/mcs10/m2D/m2Dr6/mcs10_m2Dr6_s80.B08
Reading graphs...
80 : 190
80 : 189
Initializing...
maxdom : 12
D->valSize : 437
Solving...
Blb : 5 (clique : 24)
currentSize : 24 <-- 0.004307 s
currentSize : 25 <-- 0.005452 s
currentSize : 26 <-- 0.010841 s
currentSize : 27 <-- 0.012187 s
currentSize : 28 <-- 0.220150 s
currentSize : 29 <-- 0.284559 s
currentSize : 30 <-- 0.331579 s
currentSize : 31 <-- 31.373592 s

TIMEOUT
maxsize : 31
nodes : 207419000.000000
filtered : 2176008567.000000
time : 1000.000000
