Parameters: GAD=1 vflib=1 dir=1 label=1 lowerbound=1 fileNameGp=../../cp2016-max-common-connected-subgraph-paper/datasets/graphsdb/mcs10/rand/r005/mcs10_r005_s100.A02 fileNameGt=../../cp2016-max-common-connected-subgraph-paper/datasets/graphsdb/mcs10/rand/r005/mcs10_r005_s100.B02
Reading graphs...
100 : 500
100 : 500
Initializing...
maxdom : 7
D->valSize : 316
Solving...
Blb : 2 (clique : 19)
currentSize : 19 <-- 0.002879 s
currentSize : 20 <-- 0.004958 s
currentSize : 21 <-- 0.117132 s
currentSize : 22 <-- 0.626974 s
currentSize : 23 <-- 9.267782 s
currentSize : 24 <-- 18.014284 s
currentSize : 25 <-- 336.176849 s

TIMEOUT
maxsize : 25
nodes : 207538293.000000
filtered : 1127556967.000000
time : 1000.000000
