Parameters: GAD=1 vflib=1 dir=1 label=1 lowerbound=1 fileNameGp=../../cp2016-max-common-connected-subgraph-paper/datasets/graphsdb/mcs10/bvg/b03/mcs10_b03_s60.A07 fileNameGt=../../cp2016-max-common-connected-subgraph-paper/datasets/graphsdb/mcs10/bvg/b03/mcs10_b03_s60.B07
Reading graphs...
60 : 90
60 : 90
Initializing...
maxdom : 8
D->valSize : 249
Solving...
Blb : 2 (clique : 23)
currentSize : 23 <-- 0.002861 s
currentSize : 24 <-- 0.083906 s
currentSize : 25 <-- 0.501314 s
currentSize : 26 <-- 0.999892 s
currentSize : 27 <-- 54.551464 s

maxsize : 27
nodes : 180846848.000000
filtered : 1428448683.000000
time : 688.626648
