Parameters: GAD=1 vflib=1 dir=1 label=1 lowerbound=1 fileNameGp=../../cp2016-max-common-connected-subgraph-paper/datasets/graphsdb/mcs10/m2D/m2D/mcs10_m2D_s80.A09 fileNameGt=../../cp2016-max-common-connected-subgraph-paper/datasets/graphsdb/mcs10/m2D/m2D/mcs10_m2D_s80.B09
Reading graphs...
80 : 142
80 : 142
Initializing...
maxdom : 8
D->valSize : 407
Solving...
Blb : 2 (clique : 26)
currentSize : 26 <-- 0.006183 s
currentSize : 27 <-- 0.006455 s
currentSize : 28 <-- 0.006990 s
currentSize : 29 <-- 0.011977 s
currentSize : 30 <-- 0.044793 s
currentSize : 31 <-- 406.813385 s

TIMEOUT
maxsize : 31
nodes : 254368803.000000
filtered : 1450838038.000000
time : 1000.000000
