Parameters: GAD=1 vflib=1 dir=1 label=1 lowerbound=1 fileNameGp=../../cp2016-max-common-connected-subgraph-paper/datasets/graphsdb/mcs10/m2D/m2Dr4/mcs10_m2Dr4_s100.A01 fileNameGt=../../cp2016-max-common-connected-subgraph-paper/datasets/graphsdb/mcs10/m2D/m2Dr4/mcs10_m2Dr4_s100.B01
Reading graphs...
100 : 220
100 : 220
Initializing...
maxdom : 6
D->valSize : 294
Solving...
Blb : 2 (clique : 29)
currentSize : 29 <-- 0.002874 s
currentSize : 30 <-- 0.131908 s
currentSize : 31 <-- 0.185544 s
currentSize : 32 <-- 13.726552 s
currentSize : 33 <-- 17.736715 s
currentSize : 34 <-- 500.127045 s

TIMEOUT
maxsize : 34
nodes : 220034202.000000
filtered : 1010736341.000000
time : 1000.000000
