Parameters: GAD=1 vflib=1 dir=1 label=1 lowerbound=1 fileNameGp=../../cp2016-max-common-connected-subgraph-paper/datasets/graphsdb/mcs10/rand/r005/mcs10_r005_s80.A04 fileNameGt=../../cp2016-max-common-connected-subgraph-paper/datasets/graphsdb/mcs10/rand/r005/mcs10_r005_s80.B04
Reading graphs...
80 : 321
80 : 321
Initializing...
maxdom : 8
D->valSize : 417
Solving...
Blb : 2 (clique : 18)
currentSize : 18 <-- 0.006095 s
currentSize : 19 <-- 0.006409 s
currentSize : 20 <-- 0.007957 s
currentSize : 21 <-- 0.043307 s
currentSize : 22 <-- 2.623882 s
currentSize : 23 <-- 21.494970 s
currentSize : 24 <-- 802.091675 s

TIMEOUT
maxsize : 24
nodes : 218294280.000000
filtered : 1791930048.000000
time : 1000.000000
