Parameters: GAD=1 vflib=1 dir=1 label=1 lowerbound=1 fileNameGp=../../cp2016-max-common-connected-subgraph-paper/datasets/graphsdb/mcs10/m2D/m2Dr4/mcs10_m2Dr4_s80.A04 fileNameGt=../../cp2016-max-common-connected-subgraph-paper/datasets/graphsdb/mcs10/m2D/m2Dr4/mcs10_m2Dr4_s80.B04
Reading graphs...
80 : 174
80 : 173
Initializing...
maxdom : 10
D->valSize : 412
Solving...
Blb : 2 (clique : 23)
currentSize : 23 <-- 0.004010 s
currentSize : 24 <-- 0.004208 s
currentSize : 25 <-- 0.006267 s
currentSize : 26 <-- 0.242409 s
currentSize : 27 <-- 19.223375 s
currentSize : 28 <-- 30.869371 s
currentSize : 29 <-- 31.197931 s
currentSize : 30 <-- 297.394196 s
currentSize : 31 <-- 999.792236 s

TIMEOUT
maxsize : 31
nodes : 253158269.000000
filtered : 1992211035.000000
time : 1000.000000
