Parameters: GAD=1 vflib=1 dir=1 label=1 lowerbound=1 fileNameGp=../../cp2016-max-common-connected-subgraph-paper/datasets/graphsdb/mcs10/m3D/m3D/mcs10_m3D_s80.A08 fileNameGt=../../cp2016-max-common-connected-subgraph-paper/datasets/graphsdb/mcs10/m3D/m3D/mcs10_m3D_s80.B08
Reading graphs...
80 : 184
80 : 184
Initializing...
maxdom : 11
D->valSize : 353
Solving...
Blb : 2 (clique : 21)
currentSize : 21 <-- 0.003983 s
currentSize : 22 <-- 0.005372 s
currentSize : 23 <-- 0.021418 s
currentSize : 24 <-- 0.057758 s
currentSize : 25 <-- 4.667467 s
currentSize : 26 <-- 257.758820 s
currentSize : 27 <-- 533.597351 s

TIMEOUT
maxsize : 27
nodes : 230864738.000000
filtered : 1646141628.000000
time : 1000.000000
