Parameters: GAD=1 vflib=1 dir=1 label=1 lowerbound=1 fileNameGp=../../cp2016-max-common-connected-subgraph-paper/datasets/graphsdb/mcs10/rand/r01/mcs10_r01_s90.A02 fileNameGt=../../cp2016-max-common-connected-subgraph-paper/datasets/graphsdb/mcs10/rand/r01/mcs10_r01_s90.B02
Reading graphs...
90 : 802
90 : 802
Initializing...
maxdom : 10
D->valSize : 528
Solving...
Blb : 2 (clique : 12)
currentSize : 12 <-- 0.006280 s
currentSize : 13 <-- 0.009444 s
currentSize : 14 <-- 0.014665 s
currentSize : 15 <-- 0.183178 s
currentSize : 16 <-- 2.151350 s
currentSize : 17 <-- 2.242922 s

TIMEOUT
maxsize : 17
nodes : 187209127.000000
filtered : 2528222351.000000
time : 1000.000000
