Parameters: GAD=1 vflib=1 dir=1 label=1 lowerbound=1 fileNameGp=../../cp2016-max-common-connected-subgraph-paper/datasets/graphsdb/mcs10/rand/r005/mcs10_r005_s70.A06 fileNameGt=../../cp2016-max-common-connected-subgraph-paper/datasets/graphsdb/mcs10/rand/r005/mcs10_r005_s70.B06
Reading graphs...
70 : 245
70 : 245
Initializing...
maxdom : 7
D->valSize : 301
Solving...
Blb : 2 (clique : 16)
currentSize : 16 <-- 0.003647 s
currentSize : 17 <-- 0.003899 s
currentSize : 18 <-- 0.004358 s
currentSize : 19 <-- 0.006671 s
currentSize : 20 <-- 0.412002 s
currentSize : 21 <-- 12.168449 s
currentSize : 22 <-- 46.784603 s

maxsize : 22
nodes : 183510819.000000
filtered : 1504920007.000000
time : 807.496216
