Parameters: GAD=1 vflib=1 dir=1 label=1 lowerbound=1 fileNameGp=../../cp2016-max-common-connected-subgraph-paper/datasets/graphsdb/mcs10/rand/r005/mcs10_r005_s90.A07 fileNameGt=../../cp2016-max-common-connected-subgraph-paper/datasets/graphsdb/mcs10/rand/r005/mcs10_r005_s90.B07
Reading graphs...
90 : 405
90 : 405
Initializing...
maxdom : 9
D->valSize : 522
Solving...
Blb : 2 (clique : 18)
currentSize : 18 <-- 0.008707 s
currentSize : 19 <-- 0.011004 s
currentSize : 20 <-- 0.948343 s
currentSize : 21 <-- 19.970491 s
currentSize : 22 <-- 85.008629 s
currentSize : 23 <-- 296.276093 s

TIMEOUT
maxsize : 23
nodes : 221537024.000000
filtered : 1626139343.000000
time : 1000.000000
