Parameters: GAD=1 vflib=1 dir=1 label=1 lowerbound=1 fileNameGp=../../cp2016-max-common-connected-subgraph-paper/datasets/graphsdb/mcs10/bvg/b06/mcs10_b06_s70.A06 fileNameGt=../../cp2016-max-common-connected-subgraph-paper/datasets/graphsdb/mcs10/bvg/b06/mcs10_b06_s70.B06
Reading graphs...
70 : 210
70 : 210
Initializing...
maxdom : 8
D->valSize : 311
Solving...
Blb : 2 (clique : 17)
currentSize : 17 <-- 0.003664 s
currentSize : 19 <-- 0.003830 s
currentSize : 20 <-- 0.003887 s
currentSize : 21 <-- 0.004551 s
currentSize : 22 <-- 0.094514 s
currentSize : 23 <-- 30.766996 s
currentSize : 24 <-- 41.087963 s

TIMEOUT
maxsize : 24
nodes : 235287712.000000
filtered : 1720785077.000000
time : 1000.000000
