Parameters: GAD=1 vflib=1 dir=1 label=1 lowerbound=1 fileNameGp=../../cp2016-max-common-connected-subgraph-paper/datasets/graphsdb/mcs10/m2D/m2Dr6/mcs10_m2Dr6_s50.A04 fileNameGt=../../cp2016-max-common-connected-subgraph-paper/datasets/graphsdb/mcs10/m2D/m2Dr6/mcs10_m2Dr6_s50.B04
Reading graphs...
50 : 114
50 : 113
Initializing...
maxdom : 9
D->valSize : 306
Solving...
Blb : 2 (clique : 15)
currentSize : 15 <-- 0.002136 s
currentSize : 16 <-- 0.005304 s
currentSize : 17 <-- 0.029824 s
currentSize : 18 <-- 3.290099 s
currentSize : 19 <-- 3.330644 s
currentSize : 20 <-- 34.493095 s

TIMEOUT
maxsize : 20
nodes : 296788649.000000
filtered : 2699120691.000000
time : 1000.000000
