Parameters: GAD=1 vflib=1 dir=1 label=1 lowerbound=1 fileNameGp=../../cp2016-max-common-connected-subgraph-paper/datasets/graphsdb/mcs10/m3D/m3Dr2/mcs10_m3Dr2_s70.A08 fileNameGt=../../cp2016-max-common-connected-subgraph-paper/datasets/graphsdb/mcs10/m3D/m3Dr2/mcs10_m3Dr2_s70.B08
Reading graphs...
70 : 172
70 : 172
Initializing...
maxdom : 9
D->valSize : 269
Solving...
Blb : 2 (clique : 18)
currentSize : 18 <-- 0.003180 s
currentSize : 19 <-- 0.005683 s
currentSize : 20 <-- 0.046606 s
currentSize : 21 <-- 0.106469 s
currentSize : 22 <-- 0.122224 s
currentSize : 23 <-- 4.872668 s
currentSize : 24 <-- 37.541451 s
currentSize : 25 <-- 506.738892 s
currentSize : 26 <-- 823.092957 s

TIMEOUT
maxsize : 26
nodes : 252484788.000000
filtered : 1686224231.000000
time : 1000.000000
