Parameters: GAD=1 vflib=1 dir=1 label=1 lowerbound=1 fileNameGp=../../cp2016-max-common-connected-subgraph-paper/datasets/graphsdb/mcs10/m2D/m2Dr2/mcs10_m2Dr2_s70.A06 fileNameGt=../../cp2016-max-common-connected-subgraph-paper/datasets/graphsdb/mcs10/m2D/m2Dr2/mcs10_m2Dr2_s70.B06
Reading graphs...
70 : 137
70 : 137
Initializing...
maxdom : 10
D->valSize : 351
Solving...
Blb : 2 (clique : 23)
currentSize : 23 <-- 0.003054 s
currentSize : 24 <-- 0.757715 s
currentSize : 25 <-- 20.258266 s
currentSize : 26 <-- 27.953228 s
currentSize : 27 <-- 568.100830 s
currentSize : 28 <-- 592.433044 s

TIMEOUT
maxsize : 28
nodes : 311366382.000000
filtered : 1484867005.000000
time : 1000.000000
