Parameters: GAD=1 vflib=1 dir=1 label=1 lowerbound=1 fileNameGp=../../cp2016-max-common-connected-subgraph-paper/datasets/graphsdb/mcs10/m3D/m3Dr6/mcs10_m3Dr6_s80.A09 fileNameGt=../../cp2016-max-common-connected-subgraph-paper/datasets/graphsdb/mcs10/m3D/m3Dr6/mcs10_m3Dr6_s80.B09
Reading graphs...
80 : 232
80 : 230
Initializing...
maxdom : 9
D->valSize : 417
Solving...
Blb : 5 (clique : 22)
currentSize : 22 <-- 0.006236 s
currentSize : 23 <-- 0.037819 s
currentSize : 24 <-- 0.796271 s
currentSize : 25 <-- 5.228898 s
currentSize : 26 <-- 9.227440 s
currentSize : 27 <-- 74.719467 s
currentSize : 28 <-- 305.914429 s

TIMEOUT
maxsize : 28
nodes : 221067923.000000
filtered : 1745074194.000000
time : 1000.000000
