Parameters: GAD=1 vflib=1 dir=1 label=1 lowerbound=1 fileNameGp=../../cp2016-max-common-connected-subgraph-paper/datasets/graphsdb/mcs10/m3D/m3Dr4/mcs10_m3Dr4_s100.A08 fileNameGt=../../cp2016-max-common-connected-subgraph-paper/datasets/graphsdb/mcs10/m3D/m3Dr4/mcs10_m3Dr4_s100.B08
Reading graphs...
100 : 275
100 : 275
Initializing...
maxdom : 7
D->valSize : 330
Solving...
Blb : 2 (clique : 24)
currentSize : 24 <-- 0.003305 s
currentSize : 26 <-- 0.003564 s
currentSize : 27 <-- 0.012374 s
currentSize : 28 <-- 0.071124 s
currentSize : 29 <-- 0.693091 s
currentSize : 30 <-- 1.895714 s
currentSize : 31 <-- 3.489991 s
currentSize : 32 <-- 23.872929 s
currentSize : 33 <-- 694.541199 s

TIMEOUT
maxsize : 33
nodes : 202711189.000000
filtered : 1032330514.000000
time : 1000.000000
