Parameters: GAD=1 vflib=1 dir=1 label=1 lowerbound=1 fileNameGp=../../cp2016-max-common-connected-subgraph-paper/datasets/graphsdb/mcs10/m3D/m3D/mcs10_m3D_s80.A06 fileNameGt=../../cp2016-max-common-connected-subgraph-paper/datasets/graphsdb/mcs10/m3D/m3D/mcs10_m3D_s80.B06
Reading graphs...
80 : 184
80 : 184
Initializing...
maxdom : 11
D->valSize : 402
Solving...
Blb : 2 (clique : 24)
currentSize : 24 <-- 0.003702 s
currentSize : 25 <-- 0.003911 s
currentSize : 26 <-- 0.105974 s
currentSize : 27 <-- 0.181288 s
currentSize : 28 <-- 13.083630 s
currentSize : 29 <-- 122.644363 s

TIMEOUT
maxsize : 29
nodes : 247855084.000000
filtered : 1744221258.000000
time : 1000.000000
