Parameters: GAD=1 vflib=1 dir=1 label=1 lowerbound=1 fileNameGp=../../cp2016-max-common-connected-subgraph-paper/datasets/graphsdb/mcs10/rand/r005/mcs10_r005_s80.A01 fileNameGt=../../cp2016-max-common-connected-subgraph-paper/datasets/graphsdb/mcs10/rand/r005/mcs10_r005_s80.B01
Reading graphs...
80 : 321
80 : 321
Initializing...
maxdom : 14
D->valSize : 377
Solving...
Blb : 2 (clique : 18)
currentSize : 18 <-- 0.004178 s
currentSize : 19 <-- 0.612852 s
currentSize : 20 <-- 1.122073 s
currentSize : 21 <-- 7.096640 s
currentSize : 22 <-- 9.588507 s
currentSize : 23 <-- 874.320618 s

TIMEOUT
maxsize : 23
nodes : 223732231.000000
filtered : 1472374654.000000
time : 1000.000000
