Parameters: GAD=1 vflib=1 dir=1 label=1 lowerbound=1 fileNameGp=../../cp2016-max-common-connected-subgraph-paper/datasets/graphsdb/mcs10/m2D/m2Dr4/mcs10_m2Dr4_s90.A04 fileNameGt=../../cp2016-max-common-connected-subgraph-paper/datasets/graphsdb/mcs10/m2D/m2Dr4/mcs10_m2Dr4_s90.B04
Reading graphs...
90 : 197
90 : 195
Initializing...
maxdom : 10
D->valSize : 500
Solving...
Blb : 5 (clique : 27)
currentSize : 27 <-- 0.005562 s
currentSize : 28 <-- 14.688375 s
currentSize : 29 <-- 105.172096 s
currentSize : 30 <-- 354.289429 s
currentSize : 31 <-- 444.153473 s
currentSize : 32 <-- 858.473389 s
currentSize : 33 <-- 859.685181 s

TIMEOUT
maxsize : 33
nodes : 245636667.000000
filtered : 1287838109.000000
time : 1000.000000
