Parameters: GAD=1 vflib=1 dir=1 label=1 lowerbound=1 fileNameGp=../../cp2016-max-common-connected-subgraph-paper/datasets/graphsdb/mcs10/m2D/m2Dr6/mcs10_m2Dr6_s100.A02 fileNameGt=../../cp2016-max-common-connected-subgraph-paper/datasets/graphsdb/mcs10/m2D/m2Dr6/mcs10_m2Dr6_s100.B02
Reading graphs...
100 : 240
100 : 240
Initializing...
maxdom : 7
D->valSize : 321
Solving...
Blb : 2 (clique : 29)
currentSize : 29 <-- 0.004846 s
currentSize : 30 <-- 0.014532 s
currentSize : 31 <-- 0.017947 s
currentSize : 32 <-- 0.244302 s
currentSize : 33 <-- 0.846673 s
currentSize : 34 <-- 2.288109 s
currentSize : 35 <-- 48.585457 s

TIMEOUT
maxsize : 35
nodes : 218649227.000000
filtered : 778528692.000000
time : 1000.000061
