Parameters: GAD=1 vflib=1 dir=1 label=1 lowerbound=1 fileNameGp=../../cp2016-max-common-connected-subgraph-paper/datasets/graphsdb/mcs10/m2D/m2Dr6/mcs10_m2Dr6_s50.A07 fileNameGt=../../cp2016-max-common-connected-subgraph-paper/datasets/graphsdb/mcs10/m2D/m2Dr6/mcs10_m2Dr6_s50.B07
Reading graphs...
50 : 115
50 : 113
Initializing...
maxdom : 9
D->valSize : 337
Solving...
Blb : 2 (clique : 16)
currentSize : 16 <-- 0.002344 s
currentSize : 17 <-- 0.002545 s
currentSize : 18 <-- 0.002601 s
currentSize : 19 <-- 0.006449 s
currentSize : 20 <-- 0.012446 s
currentSize : 21 <-- 0.051746 s

maxsize : 21
nodes : 150828669.000000
filtered : 1901134937.000000
time : 595.064636
