Parameters: GAD=1 vflib=1 dir=1 label=1 lowerbound=1 fileNameGp=../../cp2016-max-common-connected-subgraph-paper/datasets/graphsdb/mcs10/m3D/m3Dr6/mcs10_m3Dr6_s60.A03 fileNameGt=../../cp2016-max-common-connected-subgraph-paper/datasets/graphsdb/mcs10/m3D/m3Dr6/mcs10_m3Dr6_s60.B03
Reading graphs...
60 : 170
60 : 168
Initializing...
maxdom : 5
D->valSize : 236
Solving...
Blb : 2 (clique : 17)
currentSize : 17 <-- 0.001593 s
currentSize : 18 <-- 0.002421 s
currentSize : 19 <-- 0.977206 s
currentSize : 20 <-- 2.055100 s
currentSize : 21 <-- 7.995841 s
currentSize : 22 <-- 211.952255 s

maxsize : 22
nodes : 102978092.000000
filtered : 705895238.000000
time : 406.096832
