Parameters: GAD=1 vflib=1 dir=1 label=1 lowerbound=1 fileNameGp=../../cp2016-max-common-connected-subgraph-paper/datasets/graphsdb/mcs10/m2D/m2Dr6/mcs10_m2Dr6_s70.A03 fileNameGt=../../cp2016-max-common-connected-subgraph-paper/datasets/graphsdb/mcs10/m2D/m2Dr6/mcs10_m2Dr6_s70.B03
Reading graphs...
70 : 165
70 : 165
Initializing...
maxdom : 7
D->valSize : 296
Solving...
Blb : 2 (clique : 20)
currentSize : 20 <-- 0.003359 s
currentSize : 21 <-- 0.056478 s
currentSize : 22 <-- 0.061663 s
currentSize : 23 <-- 0.361165 s
currentSize : 24 <-- 31.597237 s
currentSize : 25 <-- 100.348152 s

TIMEOUT
maxsize : 25
nodes : 286058146.000000
filtered : 1379471925.000000
time : 1000.000000
