Parameters: GAD=1 vflib=1 dir=1 label=1 lowerbound=1 fileNameGp=../../cp2016-max-common-connected-subgraph-paper/datasets/graphsdb/mcs10/bvg/b06m/mcs10_b06m_s80.A02 fileNameGt=../../cp2016-max-common-connected-subgraph-paper/datasets/graphsdb/mcs10/bvg/b06m/mcs10_b06m_s80.B02
Reading graphs...
80 : 240
80 : 240
Initializing...
maxdom : 9
D->valSize : 446
Solving...
Blb : 5 (clique : 20)
currentSize : 20 <-- 0.004363 s
currentSize : 21 <-- 0.007057 s
currentSize : 22 <-- 0.023503 s
currentSize : 23 <-- 0.147132 s
currentSize : 24 <-- 2.287183 s
currentSize : 25 <-- 19.155523 s
currentSize : 26 <-- 172.099869 s

TIMEOUT
maxsize : 26
nodes : 219210694.000000
filtered : 2144692143.000000
time : 1000.000000
