Parameters: GAD=1 vflib=1 dir=1 label=1 lowerbound=1 fileNameGp=../../cp2016-max-common-connected-subgraph-paper/datasets/graphsdb/mcs10/bvg/b06/mcs10_b06_s100.A09 fileNameGt=../../cp2016-max-common-connected-subgraph-paper/datasets/graphsdb/mcs10/bvg/b06/mcs10_b06_s100.B09
Reading graphs...
100 : 300
100 : 300
Initializing...
maxdom : 7
D->valSize : 309
Solving...
Blb : 2 (clique : 24)
currentSize : 24 <-- 0.004672 s
currentSize : 25 <-- 0.005283 s
currentSize : 26 <-- 0.070377 s
currentSize : 27 <-- 0.470877 s
currentSize : 28 <-- 0.814543 s
currentSize : 29 <-- 545.893127 s
currentSize : 30 <-- 954.707458 s

TIMEOUT
maxsize : 30
nodes : 221826239.000000
filtered : 1112573368.000000
time : 1000.000000
