Parameters: GAD=1 vflib=1 dir=1 label=1 lowerbound=1 fileNameGp=../../cp2016-max-common-connected-subgraph-paper/datasets/graphsdb/mcs10/m2D/m2D/mcs10_m2D_s100.A07 fileNameGt=../../cp2016-max-common-connected-subgraph-paper/datasets/graphsdb/mcs10/m2D/m2D/mcs10_m2D_s100.B07
Reading graphs...
100 : 180
100 : 180
Initializing...
maxdom : 8
D->valSize : 358
Solving...
Blb : 2 (clique : 32)
currentSize : 32 <-- 0.005552 s
currentSize : 33 <-- 0.006055 s
currentSize : 34 <-- 0.087063 s
currentSize : 35 <-- 5.434368 s
currentSize : 36 <-- 394.104492 s
currentSize : 37 <-- 399.908600 s

TIMEOUT
maxsize : 37
nodes : 244532089.000000
filtered : 893075583.000000
time : 1000.000122
