Parameters: GAD=1 vflib=1 dir=1 label=1 lowerbound=1 fileNameGp=../../cp2016-max-common-connected-subgraph-paper/datasets/graphsdb/mcs10/rand/r01/mcs10_r01_s100.A02 fileNameGt=../../cp2016-max-common-connected-subgraph-paper/datasets/graphsdb/mcs10/rand/r01/mcs10_r01_s100.B02
Reading graphs...
100 : 990
100 : 990
Initializing...
maxdom : 7
D->valSize : 297
Solving...
Blb : 2 (clique : 10)
currentSize : 10 <-- 0.002624 s
currentSize : 11 <-- 0.003549 s
currentSize : 12 <-- 0.003636 s
currentSize : 13 <-- 0.058879 s
currentSize : 14 <-- 0.075868 s
currentSize : 15 <-- 0.302310 s
currentSize : 16 <-- 2.761387 s
currentSize : 17 <-- 4.287589 s

maxsize : 17
nodes : 25410367.000000
filtered : 186210234.000000
time : 133.197311
