Parameters: GAD=1 vflib=1 dir=1 label=1 lowerbound=1 fileNameGp=../../cp2016-max-common-connected-subgraph-paper/datasets/graphsdb/mcs10/m3D/m3Dr6/mcs10_m3Dr6_s90.A06 fileNameGt=../../cp2016-max-common-connected-subgraph-paper/datasets/graphsdb/mcs10/m3D/m3Dr6/mcs10_m3Dr6_s90.B06
Reading graphs...
90 : 263
90 : 261
Initializing...
maxdom : 14
D->valSize : 488
Solving...
Blb : 2 (clique : 23)
currentSize : 23 <-- 0.006205 s
currentSize : 24 <-- 0.006468 s
currentSize : 25 <-- 0.006591 s
currentSize : 26 <-- 8.959755 s
currentSize : 27 <-- 9.018940 s
currentSize : 28 <-- 125.248215 s
currentSize : 29 <-- 125.439087 s
currentSize : 30 <-- 257.957397 s

TIMEOUT
maxsize : 30
nodes : 221070529.000000
filtered : 1628469334.000000
time : 1000.000000
