Parameters: GAD=1 vflib=1 dir=1 label=1 lowerbound=1 fileNameGp=../../cp2016-max-common-connected-subgraph-paper/datasets/graphsdb/mcs10/bvg/b06m/mcs10_b06m_s90.A07 fileNameGt=../../cp2016-max-common-connected-subgraph-paper/datasets/graphsdb/mcs10/bvg/b06m/mcs10_b06m_s90.B07
Reading graphs...
90 : 270
90 : 270
Initializing...
maxdom : 9
D->valSize : 498
Solving...
Blb : 2 (clique : 23)
currentSize : 23 <-- 0.005433 s
currentSize : 24 <-- 0.005637 s
currentSize : 25 <-- 0.005849 s
currentSize : 26 <-- 0.005972 s
currentSize : 27 <-- 0.952107 s
currentSize : 28 <-- 877.496826 s

TIMEOUT
maxsize : 28
nodes : 260964330.000000
filtered : 1190929939.000000
time : 1000.000000
