Parameters: GAD=1 vflib=1 dir=1 label=1 lowerbound=1 fileNameGp=../../cp2016-max-common-connected-subgraph-paper/datasets/graphsdb/mcs10/bvg/b03/mcs10_b03_s60.A01 fileNameGt=../../cp2016-max-common-connected-subgraph-paper/datasets/graphsdb/mcs10/bvg/b03/mcs10_b03_s60.B01
Reading graphs...
60 : 90
60 : 90
Initializing...
maxdom : 10
D->valSize : 220
Solving...
Blb : 2 (clique : 21)
currentSize : 21 <-- 0.002405 s
currentSize : 22 <-- 0.330007 s
currentSize : 23 <-- 57.051735 s
currentSize : 24 <-- 87.902512 s
currentSize : 25 <-- 243.975586 s
currentSize : 26 <-- 402.742676 s

maxsize : 26
nodes : 221211673.000000
filtered : 1142925155.000000
time : 741.014954
