Parameters: GAD=1 vflib=1 dir=1 label=1 lowerbound=1 fileNameGp=../../cp2016-max-common-connected-subgraph-paper/datasets/graphsdb/mcs10/rand/r005/mcs10_r005_s90.A02 fileNameGt=../../cp2016-max-common-connected-subgraph-paper/datasets/graphsdb/mcs10/rand/r005/mcs10_r005_s90.B02
Reading graphs...
90 : 405
90 : 405
Initializing...
maxdom : 8
D->valSize : 537
Solving...
Blb : 2 (clique : 20)
currentSize : 20 <-- 0.006757 s
currentSize : 21 <-- 0.006966 s
currentSize : 22 <-- 0.007116 s
currentSize : 23 <-- 0.016431 s
currentSize : 24 <-- 0.237913 s
currentSize : 25 <-- 25.014221 s

TIMEOUT
maxsize : 25
nodes : 204034364.000000
filtered : 1715609536.000000
time : 1000.000000
