Parameters: GAD=1 vflib=1 dir=1 label=1 lowerbound=1 fileNameGp=../../cp2016-max-common-connected-subgraph-paper/datasets/graphsdb/mcs10/m2D/m2Dr4/mcs10_m2Dr4_s50.A01 fileNameGt=../../cp2016-max-common-connected-subgraph-paper/datasets/graphsdb/mcs10/m2D/m2Dr4/mcs10_m2Dr4_s50.B01
Reading graphs...
50 : 105
50 : 105
Initializing...
maxdom : 12
D->valSize : 266
Solving...
Blb : 2 (clique : 16)
currentSize : 16 <-- 0.001712 s
currentSize : 17 <-- 0.238804 s
currentSize : 18 <-- 1.874128 s
currentSize : 19 <-- 24.327835 s
currentSize : 20 <-- 120.748451 s

maxsize : 20
nodes : 61167495.000000
filtered : 593206773.000000
time : 219.782471
