Parameters: GAD=1 vflib=1 dir=1 label=1 lowerbound=1 fileNameGp=../../cp2016-max-common-connected-subgraph-paper/datasets/graphsdb/mcs10/m2D/m2D/mcs10_m2D_s60.A06 fileNameGt=../../cp2016-max-common-connected-subgraph-paper/datasets/graphsdb/mcs10/m2D/m2D/mcs10_m2D_s60.B06
Reading graphs...
60 : 104
60 : 104
Initializing...
maxdom : 8
D->valSize : 240
Solving...
Blb : 5 (clique : 18)
currentSize : 18 <-- 0.002476 s
currentSize : 19 <-- 0.002634 s
currentSize : 20 <-- 0.009316 s
currentSize : 21 <-- 0.163196 s
currentSize : 22 <-- 0.277926 s
currentSize : 23 <-- 0.441304 s
currentSize : 24 <-- 190.925507 s
currentSize : 25 <-- 397.091064 s

maxsize : 25
nodes : 226746133.000000
filtered : 1578831730.000000
time : 825.716614
