Parameters: GAD=1 vflib=1 dir=1 label=1 lowerbound=1 fileNameGp=../../cp2016-max-common-connected-subgraph-paper/datasets/graphsdb/mcs10/rand/r01/mcs10_r01_s100.A04 fileNameGt=../../cp2016-max-common-connected-subgraph-paper/datasets/graphsdb/mcs10/rand/r01/mcs10_r01_s100.B04
Reading graphs...
100 : 990
100 : 990
Initializing...
maxdom : 6
D->valSize : 307
Solving...
Blb : 2 (clique : 12)
currentSize : 12 <-- 0.004127 s
currentSize : 13 <-- 0.010272 s
currentSize : 14 <-- 0.027964 s
currentSize : 15 <-- 0.157365 s
currentSize : 16 <-- 24.275892 s
currentSize : 17 <-- 40.693825 s

maxsize : 17
nodes : 34496988.000000
filtered : 249030031.000000
time : 178.048203
