Parameters: GAD=1 vflib=1 dir=1 label=1 lowerbound=1 fileNameGp=../../cp2016-max-common-connected-subgraph-paper/datasets/graphsdb/mcs10/m3D/m3Dr2/mcs10_m3Dr2_s60.A08 fileNameGt=../../cp2016-max-common-connected-subgraph-paper/datasets/graphsdb/mcs10/m3D/m3Dr2/mcs10_m3Dr2_s60.B08
Reading graphs...
60 : 146
60 : 145
Initializing...
maxdom : 7
D->valSize : 240
Solving...
Blb : 2 (clique : 17)
currentSize : 17 <-- 0.001759 s
currentSize : 18 <-- 0.007116 s
currentSize : 19 <-- 0.017773 s
currentSize : 20 <-- 0.076087 s
currentSize : 21 <-- 0.079587 s
currentSize : 22 <-- 0.853221 s

TIMEOUT
maxsize : 22
nodes : 257235095.000000
filtered : 1648461043.000000
time : 1000.000000
