Parameters: GAD=1 vflib=1 dir=1 label=1 lowerbound=1 fileNameGp=../../cp2016-max-common-connected-subgraph-paper/datasets/graphsdb/mcs10/m4D/m4D/mcs10_m4D_s100.A01 fileNameGt=../../cp2016-max-common-connected-subgraph-paper/datasets/graphsdb/mcs10/m4D/m4D/mcs10_m4D_s100.B01
Reading graphs...
100 : 159
100 : 159
Initializing...
maxdom : 6
D->valSize : 340
Solving...
Blb : 2 (clique : 36)
currentSize : 36 <-- 0.003700 s
currentSize : 37 <-- 0.003970 s
currentSize : 38 <-- 0.182313 s
currentSize : 39 <-- 0.484454 s
currentSize : 40 <-- 0.572446 s
currentSize : 41 <-- 0.862832 s

TIMEOUT
maxsize : 41
nodes : 229359672.000000
filtered : 1111875315.000000
time : 1000.000061
