Parameters: GAD=1 vflib=1 dir=1 label=1 lowerbound=1 fileNameGp=../../cp2016-max-common-connected-subgraph-paper/datasets/graphsdb/mcs10/rand/r01/mcs10_r01_s100.A06 fileNameGt=../../cp2016-max-common-connected-subgraph-paper/datasets/graphsdb/mcs10/rand/r01/mcs10_r01_s100.B06
Reading graphs...
100 : 990
100 : 990
Initializing...
maxdom : 8
D->valSize : 342
Solving...
Blb : 2 (clique : 12)
currentSize : 12 <-- 0.003108 s
currentSize : 13 <-- 0.003691 s
currentSize : 14 <-- 0.004500 s
currentSize : 15 <-- 0.021580 s
currentSize : 16 <-- 0.747345 s
currentSize : 17 <-- 8.229810 s

maxsize : 17
nodes : 37035033.000000
filtered : 332126668.000000
time : 198.545547
