Parameters: GAD=1 vflib=1 dir=1 label=1 lowerbound=1 fileNameGp=../../cp2016-max-common-connected-subgraph-paper/datasets/graphsdb/mcs10/m3D/m3Dr2/mcs10_m3Dr2_s60.A09 fileNameGt=../../cp2016-max-common-connected-subgraph-paper/datasets/graphsdb/mcs10/m3D/m3Dr2/mcs10_m3Dr2_s60.B09
Reading graphs...
60 : 146
60 : 146
Initializing...
maxdom : 9
D->valSize : 218
Solving...
Blb : 2 (clique : 16)
currentSize : 16 <-- 0.001416 s
currentSize : 17 <-- 0.001666 s
currentSize : 18 <-- 0.002763 s
currentSize : 19 <-- 0.020611 s
currentSize : 20 <-- 1.239238 s
currentSize : 21 <-- 70.840347 s

maxsize : 21
nodes : 28289934.000000
filtered : 171894926.000000
time : 104.984352
