Parameters: GAD=1 vflib=1 dir=1 label=1 lowerbound=1 fileNameGp=../../cp2016-max-common-connected-subgraph-paper/datasets/graphsdb/mcs10/m2D/m2Dr2/mcs10_m2Dr2_s90.A09 fileNameGt=../../cp2016-max-common-connected-subgraph-paper/datasets/graphsdb/mcs10/m2D/m2Dr2/mcs10_m2Dr2_s90.B09
Reading graphs...
90 : 179
90 : 179
Initializing...
maxdom : 10
D->valSize : 542
Solving...
Blb : 2 (clique : 30)
currentSize : 30 <-- 0.006332 s
currentSize : 31 <-- 0.006591 s
currentSize : 32 <-- 0.271281 s
currentSize : 33 <-- 13.207258 s
currentSize : 34 <-- 26.500956 s
currentSize : 35 <-- 179.400864 s

TIMEOUT
maxsize : 35
nodes : 243161960.000000
filtered : 1471453169.000000
time : 1000.000000
