Parameters: GAD=1 vflib=1 dir=1 label=1 lowerbound=1 fileNameGp=../../cp2016-max-common-connected-subgraph-paper/datasets/graphsdb/mcs10/m3D/m3Dr6/mcs10_m3Dr6_s70.A04 fileNameGt=../../cp2016-max-common-connected-subgraph-paper/datasets/graphsdb/mcs10/m3D/m3Dr6/mcs10_m3Dr6_s70.B04
Reading graphs...
70 : 201
70 : 200
Initializing...
maxdom : 6
D->valSize : 308
Solving...
Blb : 2 (clique : 18)
currentSize : 18 <-- 0.003639 s
currentSize : 19 <-- 0.006282 s
currentSize : 20 <-- 0.007174 s
currentSize : 21 <-- 0.009038 s
currentSize : 22 <-- 0.215543 s
currentSize : 23 <-- 0.265690 s
currentSize : 24 <-- 32.790165 s
currentSize : 25 <-- 254.951904 s

TIMEOUT
maxsize : 25
nodes : 233879710.000000
filtered : 1789613253.000000
time : 1000.000000
