Parameters: GAD=1 vflib=1 dir=1 label=1 lowerbound=1 fileNameGp=../../cp2016-max-common-connected-subgraph-paper/datasets/graphsdb/mcs10/m2D/m2Dr6/mcs10_m2Dr6_s60.A00 fileNameGt=../../cp2016-max-common-connected-subgraph-paper/datasets/graphsdb/mcs10/m2D/m2Dr6/mcs10_m2Dr6_s60.B00
Reading graphs...
60 : 140
60 : 140
Initializing...
maxdom : 8
D->valSize : 242
Solving...
Blb : 2 (clique : 18)
currentSize : 18 <-- 0.002692 s
currentSize : 20 <-- 0.002842 s
currentSize : 21 <-- 0.035994 s
currentSize : 22 <-- 1.893576 s
currentSize : 23 <-- 24.037537 s

maxsize : 23
nodes : 85927547.000000
filtered : 608538289.000000
time : 336.136108
