Parameters: GAD=1 vflib=1 dir=1 label=1 lowerbound=1 fileNameGp=../../cp2016-max-common-connected-subgraph-paper/datasets/graphsdb/mcs10/m2D/m2Dr6/mcs10_m2Dr6_s50.A05 fileNameGt=../../cp2016-max-common-connected-subgraph-paper/datasets/graphsdb/mcs10/m2D/m2Dr6/mcs10_m2Dr6_s50.B05
Reading graphs...
50 : 115
50 : 113
Initializing...
maxdom : 13
D->valSize : 301
Solving...
Blb : 2 (clique : 15)
currentSize : 15 <-- 0.003301 s
currentSize : 16 <-- 0.003888 s
currentSize : 17 <-- 0.015143 s
currentSize : 18 <-- 0.483961 s
currentSize : 19 <-- 1.937715 s
currentSize : 20 <-- 88.223206 s
currentSize : 21 <-- 203.849411 s

maxsize : 21
nodes : 56858960.000000
filtered : 658920841.000000
time : 217.198532
