Parameters: GAD=1 vflib=1 dir=1 label=1 lowerbound=1 fileNameGp=../../cp2016-max-common-connected-subgraph-paper/datasets/graphsdb/mcs10/rand/r01/mcs10_r01_s80.A02 fileNameGt=../../cp2016-max-common-connected-subgraph-paper/datasets/graphsdb/mcs10/rand/r01/mcs10_r01_s80.B02
Reading graphs...
80 : 634
80 : 634
Initializing...
maxdom : 8
D->valSize : 387
Solving...
Blb : 5 (clique : 12)
currentSize : 12 <-- 0.005170 s
currentSize : 13 <-- 0.006283 s
currentSize : 14 <-- 0.117194 s
currentSize : 15 <-- 0.537634 s
currentSize : 16 <-- 11.612456 s

maxsize : 16
nodes : 86467455.000000
filtered : 893811085.000000
time : 403.205688
