Parameters: GAD=1 vflib=1 dir=1 label=1 lowerbound=1 fileNameGp=../../cp2016-max-common-connected-subgraph-paper/datasets/graphsdb/mcs10/m4D/m4Dr4/mcs10_m4Dr4_s100.A03 fileNameGt=../../cp2016-max-common-connected-subgraph-paper/datasets/graphsdb/mcs10/m4D/m4Dr4/mcs10_m4Dr4_s100.B03
Reading graphs...
100 : 199
100 : 198
Initializing...
maxdom : 6
D->valSize : 310
Solving...
Blb : 2 (clique : 29)
currentSize : 29 <-- 0.003040 s
currentSize : 30 <-- 0.004519 s
currentSize : 31 <-- 0.217013 s
currentSize : 32 <-- 0.330492 s
currentSize : 33 <-- 33.924999 s
currentSize : 34 <-- 130.460938 s
currentSize : 35 <-- 296.188232 s
currentSize : 36 <-- 320.753021 s
currentSize : 37 <-- 931.979309 s

TIMEOUT
maxsize : 37
nodes : 237727230.000000
filtered : 1132957661.000000
time : 1000.000000
