Parameters: GAD=1 vflib=1 dir=1 label=1 lowerbound=1 fileNameGp=../../cp2016-max-common-connected-subgraph-paper/datasets/graphsdb/mcs10/bvg/b06/mcs10_b06_s70.A07 fileNameGt=../../cp2016-max-common-connected-subgraph-paper/datasets/graphsdb/mcs10/bvg/b06/mcs10_b06_s70.B07
Reading graphs...
70 : 210
70 : 210
Initializing...
maxdom : 8
D->valSize : 298
Solving...
Blb : 2 (clique : 18)
currentSize : 18 <-- 0.002302 s
currentSize : 19 <-- 0.002574 s
currentSize : 20 <-- 0.002980 s
currentSize : 21 <-- 0.050270 s
currentSize : 22 <-- 0.203397 s
currentSize : 23 <-- 0.900804 s
currentSize : 24 <-- 219.273026 s

TIMEOUT
maxsize : 24
nodes : 229594723.000000
filtered : 1748477270.000000
time : 1000.000000
