Parameters: GAD=1 vflib=1 dir=1 label=1 lowerbound=1 fileNameGp=../../cp2016-max-common-connected-subgraph-paper/datasets/graphsdb/mcs10/m2D/m2Dr6/mcs10_m2Dr6_s60.A06 fileNameGt=../../cp2016-max-common-connected-subgraph-paper/datasets/graphsdb/mcs10/m2D/m2Dr6/mcs10_m2Dr6_s60.B06
Reading graphs...
60 : 140
60 : 140
Initializing...
maxdom : 8
D->valSize : 237
Solving...
Blb : 2 (clique : 18)
currentSize : 18 <-- 0.001619 s
currentSize : 19 <-- 0.035693 s
currentSize : 20 <-- 0.104974 s
currentSize : 21 <-- 0.401515 s
currentSize : 22 <-- 0.716154 s
currentSize : 23 <-- 6.193048 s

maxsize : 23
nodes : 113861130.000000
filtered : 766174936.000000
time : 430.177277
