Parameters: GAD=1 vflib=1 dir=1 label=1 lowerbound=1 fileNameGp=../../cp2016-max-common-connected-subgraph-paper/datasets/graphsdb/mcs10/m2D/m2Dr4/mcs10_m2Dr4_s50.A06 fileNameGt=../../cp2016-max-common-connected-subgraph-paper/datasets/graphsdb/mcs10/m2D/m2Dr4/mcs10_m2Dr4_s50.B06
Reading graphs...
50 : 105
50 : 104
Initializing...
maxdom : 12
D->valSize : 310
Solving...
Blb : 2 (clique : 15)
currentSize : 15 <-- 0.002154 s
currentSize : 16 <-- 0.002353 s
currentSize : 17 <-- 0.064951 s
currentSize : 18 <-- 0.544368 s
currentSize : 19 <-- 1.197742 s
currentSize : 20 <-- 15.789246 s

TIMEOUT
maxsize : 20
nodes : 298696020.000000
filtered : 2740705862.000000
time : 1000.000000
