Parameters: GAD=1 vflib=1 dir=1 label=1 lowerbound=1 fileNameGp=../../cp2016-max-common-connected-subgraph-paper/datasets/graphsdb/mcs10/rand/r005/mcs10_r005_s90.A04 fileNameGt=../../cp2016-max-common-connected-subgraph-paper/datasets/graphsdb/mcs10/rand/r005/mcs10_r005_s90.B04
Reading graphs...
90 : 405
90 : 405
Initializing...
maxdom : 8
D->valSize : 519
Solving...
Blb : 2 (clique : 19)
currentSize : 19 <-- 0.005853 s
currentSize : 20 <-- 0.006067 s
currentSize : 21 <-- 0.006205 s
currentSize : 22 <-- 0.031653 s
currentSize : 23 <-- 0.710727 s
currentSize : 24 <-- 7.609090 s

TIMEOUT
maxsize : 24
nodes : 208918873.000000
filtered : 1671779617.000000
time : 1000.000000
