Parameters: GAD=1 vflib=1 dir=1 label=1 lowerbound=1 fileNameGp=../../cp2016-max-common-connected-subgraph-paper/datasets/graphsdb/mcs10/rand/r01/mcs10_r01_s90.A01 fileNameGt=../../cp2016-max-common-connected-subgraph-paper/datasets/graphsdb/mcs10/rand/r01/mcs10_r01_s90.B01
Reading graphs...
90 : 802
90 : 802
Initializing...
maxdom : 10
D->valSize : 523
Solving...
Blb : 2 (clique : 13)
currentSize : 13 <-- 0.005401 s
currentSize : 14 <-- 0.006334 s
currentSize : 15 <-- 0.027021 s
currentSize : 16 <-- 0.954359 s
currentSize : 17 <-- 21.057917 s
currentSize : 18 <-- 659.870667 s

TIMEOUT
maxsize : 18
nodes : 187550202.000000
filtered : 2319278896.000000
time : 1000.000000
