Parameters: GAD=1 vflib=1 dir=1 label=1 lowerbound=1 fileNameGp=../../cp2016-max-common-connected-subgraph-paper/datasets/graphsdb/mcs10/bvg/b06/mcs10_b06_s90.A03 fileNameGt=../../cp2016-max-common-connected-subgraph-paper/datasets/graphsdb/mcs10/bvg/b06/mcs10_b06_s90.B03
Reading graphs...
90 : 270
90 : 270
Initializing...
maxdom : 9
D->valSize : 533
Solving...
Blb : 2 (clique : 22)
currentSize : 22 <-- 0.005828 s
currentSize : 23 <-- 0.006311 s
currentSize : 24 <-- 0.012217 s
currentSize : 25 <-- 0.042103 s
currentSize : 26 <-- 0.050632 s
currentSize : 27 <-- 0.086162 s
currentSize : 28 <-- 3.202576 s
currentSize : 29 <-- 10.580878 s
currentSize : 30 <-- 991.381714 s

TIMEOUT
maxsize : 30
nodes : 223094438.000000
filtered : 1558661753.000000
time : 1000.000000
