Parameters: GAD=1 vflib=1 dir=1 label=1 lowerbound=1 fileNameGp=../../cp2016-max-common-connected-subgraph-paper/datasets/graphsdb/mcs10/m3D/m3Dr2/mcs10_m3Dr2_s70.A01 fileNameGt=../../cp2016-max-common-connected-subgraph-paper/datasets/graphsdb/mcs10/m3D/m3Dr2/mcs10_m3Dr2_s70.B01
Reading graphs...
70 : 173
70 : 173
Initializing...
maxdom : 7
D->valSize : 317
Solving...
Blb : 2 (clique : 22)
currentSize : 22 <-- 0.004038 s
currentSize : 23 <-- 0.009967 s
currentSize : 24 <-- 1.656168 s
currentSize : 25 <-- 9.958138 s
currentSize : 26 <-- 18.993139 s
currentSize : 27 <-- 138.290451 s

TIMEOUT
maxsize : 27
nodes : 214703131.000000
filtered : 1724539949.000000
time : 1000.000000
