Parameters: GAD=1 vflib=1 dir=1 label=1 lowerbound=1 fileNameGp=../../cp2016-max-common-connected-subgraph-paper/datasets/graphsdb/mcs10/bvg/b03/mcs10_b03_s60.A05 fileNameGt=../../cp2016-max-common-connected-subgraph-paper/datasets/graphsdb/mcs10/bvg/b03/mcs10_b03_s60.B05
Reading graphs...
60 : 90
60 : 90
Initializing...
maxdom : 8
D->valSize : 248
Solving...
Blb : 2 (clique : 24)
currentSize : 24 <-- 0.003024 s
currentSize : 25 <-- 1.045068 s
currentSize : 26 <-- 5.029245 s
currentSize : 27 <-- 9.223169 s
currentSize : 28 <-- 22.652193 s
currentSize : 29 <-- 600.549072 s

TIMEOUT
maxsize : 29
nodes : 353710141.000000
filtered : 1462000838.000000
time : 1000.000000
