Parameters: GAD=1 vflib=1 dir=1 label=1 lowerbound=1 fileNameGp=../../cp2016-max-common-connected-subgraph-paper/datasets/graphsdb/mcs10/m2D/m2Dr6/mcs10_m2Dr6_s80.A04 fileNameGt=../../cp2016-max-common-connected-subgraph-paper/datasets/graphsdb/mcs10/m2D/m2Dr6/mcs10_m2Dr6_s80.B04
Reading graphs...
80 : 190
80 : 190
Initializing...
maxdom : 10
D->valSize : 427
Solving...
Blb : 2 (clique : 24)
currentSize : 24 <-- 0.006604 s
currentSize : 25 <-- 0.141197 s
currentSize : 26 <-- 0.208026 s
currentSize : 27 <-- 0.663480 s
currentSize : 28 <-- 24.628681 s
currentSize : 29 <-- 218.056198 s
currentSize : 30 <-- 218.762604 s

TIMEOUT
maxsize : 30
nodes : 236241252.000000
filtered : 1692330103.000000
time : 1000.000000
