Parameters: GAD=1 vflib=1 dir=1 label=1 lowerbound=1 fileNameGp=../../cp2016-max-common-connected-subgraph-paper/datasets/graphsdb/mcs10/bvg/b09/mcs10_b09_s100.A07 fileNameGt=../../cp2016-max-common-connected-subgraph-paper/datasets/graphsdb/mcs10/bvg/b09/mcs10_b09_s100.B07
Reading graphs...
100 : 450
100 : 450
Initializing...
maxdom : 9
D->valSize : 317
Solving...
Blb : 2 (clique : 19)
currentSize : 19 <-- 0.003280 s
currentSize : 21 <-- 0.006848 s
currentSize : 22 <-- 0.010320 s
currentSize : 23 <-- 0.010457 s
currentSize : 24 <-- 0.021979 s
currentSize : 25 <-- 0.364450 s
currentSize : 26 <-- 0.364580 s
currentSize : 27 <-- 34.061024 s

TIMEOUT
maxsize : 27
nodes : 188858122.000000
filtered : 1478724822.000000
time : 1000.000000
