Parameters: GAD=1 vflib=1 dir=1 label=1 lowerbound=1 fileNameGp=../../cp2016-max-common-connected-subgraph-paper/datasets/graphsdb/mcs10/m4D/m4Dr2/mcs10_m4Dr2_s100.A09 fileNameGt=../../cp2016-max-common-connected-subgraph-paper/datasets/graphsdb/mcs10/m4D/m4Dr2/mcs10_m4Dr2_s100.B09
Reading graphs...
100 : 179
100 : 179
Initializing...
maxdom : 6
D->valSize : 318
Solving...
Blb : 2 (clique : 34)
currentSize : 34 <-- 0.004257 s
currentSize : 35 <-- 0.006332 s
currentSize : 36 <-- 0.034993 s
currentSize : 37 <-- 0.913694 s
currentSize : 38 <-- 1.649235 s
currentSize : 39 <-- 414.132172 s

TIMEOUT
maxsize : 39
nodes : 209921434.000000
filtered : 883564155.000000
time : 1000.000000
