Parameters: GAD=1 vflib=1 dir=1 label=1 lowerbound=1 fileNameGp=../../cp2016-max-common-connected-subgraph-paper/datasets/graphsdb/mcs10/bvg/b03m/mcs10_b03m_s60.A07 fileNameGt=../../cp2016-max-common-connected-subgraph-paper/datasets/graphsdb/mcs10/bvg/b03m/mcs10_b03m_s60.B07
Reading graphs...
60 : 90
60 : 90
Initializing...
maxdom : 7
D->valSize : 227
Solving...
Blb : 2 (clique : 22)
currentSize : 22 <-- 0.002495 s
currentSize : 23 <-- 0.008177 s
currentSize : 24 <-- 0.037495 s
currentSize : 25 <-- 357.281738 s
currentSize : 26 <-- 511.718689 s

maxsize : 26
nodes : 267843087.000000
filtered : 1777936200.000000
time : 876.223755
