Parameters: GAD=1 vflib=1 dir=1 label=1 lowerbound=1 fileNameGp=../../cp2016-max-common-connected-subgraph-paper/datasets/graphsdb/mcs10/bvg/b06/mcs10_b06_s90.A00 fileNameGt=../../cp2016-max-common-connected-subgraph-paper/datasets/graphsdb/mcs10/bvg/b06/mcs10_b06_s90.B00
Reading graphs...
90 : 270
90 : 270
Initializing...
maxdom : 9
D->valSize : 499
Solving...
Blb : 2 (clique : 24)
currentSize : 24 <-- 0.005754 s
currentSize : 25 <-- 0.014978 s
currentSize : 26 <-- 1.366783 s
currentSize : 27 <-- 2.509722 s
currentSize : 28 <-- 106.626961 s
currentSize : 29 <-- 352.371521 s
currentSize : 30 <-- 361.830231 s
currentSize : 31 <-- 967.927795 s
currentSize : 32 <-- 968.206360 s
currentSize : 33 <-- 973.513428 s

TIMEOUT
maxsize : 33
nodes : 236130433.000000
filtered : 1752631089.000000
time : 1000.000000
