Parameters: GAD=1 vflib=1 dir=1 label=1 lowerbound=1 fileNameGp=../../cp2016-max-common-connected-subgraph-paper/datasets/graphsdb/mcs10/bvg/b06/mcs10_b06_s80.A08 fileNameGt=../../cp2016-max-common-connected-subgraph-paper/datasets/graphsdb/mcs10/bvg/b06/mcs10_b06_s80.B08
Reading graphs...
80 : 240
80 : 240
Initializing...
maxdom : 10
D->valSize : 403
Solving...
Blb : 2 (clique : 20)
currentSize : 20 <-- 0.005990 s
currentSize : 21 <-- 0.077915 s
currentSize : 22 <-- 0.101990 s
currentSize : 23 <-- 0.103595 s
currentSize : 24 <-- 3.944045 s
currentSize : 25 <-- 4.547142 s
currentSize : 26 <-- 90.455750 s
currentSize : 27 <-- 380.417786 s

TIMEOUT
maxsize : 27
nodes : 213397866.000000
filtered : 2197750232.000000
time : 1000.000000
