Parameters: GAD=1 vflib=1 dir=1 label=1 lowerbound=1 fileNameGp=../../cp2016-max-common-connected-subgraph-paper/datasets/graphsdb/mcs10/bvg/b09/mcs10_b09_s100.A05 fileNameGt=../../cp2016-max-common-connected-subgraph-paper/datasets/graphsdb/mcs10/bvg/b09/mcs10_b09_s100.B05
Reading graphs...
100 : 450
100 : 450
Initializing...
maxdom : 9
D->valSize : 330
Solving...
Blb : 2 (clique : 20)
currentSize : 20 <-- 0.003057 s
currentSize : 21 <-- 0.014433 s
currentSize : 22 <-- 0.061296 s
currentSize : 23 <-- 1.500617 s
currentSize : 24 <-- 6.808988 s
currentSize : 25 <-- 100.343124 s
currentSize : 26 <-- 326.310822 s
currentSize : 27 <-- 538.356750 s

TIMEOUT
maxsize : 27
nodes : 194646714.000000
filtered : 1198488006.000000
time : 1000.000000
