Parameters: GAD=1 vflib=1 dir=1 label=1 lowerbound=1 fileNameGp=../../cp2016-max-common-connected-subgraph-paper/datasets/graphsdb/mcs10/m3D/m3Dr6/mcs10_m3Dr6_s70.A00 fileNameGt=../../cp2016-max-common-connected-subgraph-paper/datasets/graphsdb/mcs10/m3D/m3Dr6/mcs10_m3Dr6_s70.B00
Reading graphs...
70 : 201
70 : 201
Initializing...
maxdom : 7
D->valSize : 317
Solving...
Blb : 2 (clique : 19)
currentSize : 19 <-- 0.003412 s
currentSize : 20 <-- 0.151153 s
currentSize : 21 <-- 0.161068 s
currentSize : 22 <-- 0.164735 s
currentSize : 23 <-- 12.264076 s
currentSize : 24 <-- 545.650818 s

TIMEOUT
maxsize : 24
nodes : 252164750.000000
filtered : 1860900417.000000
time : 1000.000000
