Parameters: GAD=1 vflib=1 dir=1 label=1 lowerbound=1 fileNameGp=../../cp2016-max-common-connected-subgraph-paper/datasets/graphsdb/mcs10/bvg/b06/mcs10_b06_s90.A04 fileNameGt=../../cp2016-max-common-connected-subgraph-paper/datasets/graphsdb/mcs10/bvg/b06/mcs10_b06_s90.B04
Reading graphs...
90 : 270
90 : 270
Initializing...
maxdom : 9
D->valSize : 498
Solving...
Blb : 2 (clique : 23)
currentSize : 23 <-- 0.006381 s
currentSize : 24 <-- 0.035098 s
currentSize : 25 <-- 0.177066 s
currentSize : 26 <-- 0.625773 s
currentSize : 27 <-- 272.146881 s
currentSize : 28 <-- 721.791504 s

TIMEOUT
maxsize : 28
nodes : 256557503.000000
filtered : 1179088743.000000
time : 1000.000000
