Parameters: GAD=1 vflib=1 dir=1 label=1 lowerbound=1 fileNameGp=../../cp2016-max-common-connected-subgraph-paper/datasets/graphsdb/mcs10/m3D/m3Dr6/mcs10_m3Dr6_s60.A00 fileNameGt=../../cp2016-max-common-connected-subgraph-paper/datasets/graphsdb/mcs10/m3D/m3Dr6/mcs10_m3Dr6_s60.B00
Reading graphs...
60 : 170
60 : 168
Initializing...
maxdom : 10
D->valSize : 261
Solving...
Blb : 2 (clique : 16)
currentSize : 16 <-- 0.002052 s
currentSize : 17 <-- 0.002192 s
currentSize : 18 <-- 0.004127 s
currentSize : 19 <-- 0.006865 s
currentSize : 20 <-- 0.187757 s
currentSize : 21 <-- 44.172104 s
currentSize : 22 <-- 55.238087 s

maxsize : 22
nodes : 38232093.000000
filtered : 311097513.000000
time : 147.848114
