Parameters: GAD=1 vflib=1 dir=1 label=1 lowerbound=1 fileNameGp=../../cp2016-max-common-connected-subgraph-paper/datasets/graphsdb/mcs10/bvg/b03m/mcs10_b03m_s100.A01 fileNameGt=../../cp2016-max-common-connected-subgraph-paper/datasets/graphsdb/mcs10/bvg/b03m/mcs10_b03m_s100.B01
Reading graphs...
100 : 150
100 : 150
Initializing...
maxdom : 9
D->valSize : 309
Solving...
Blb : 2 (clique : 32)
currentSize : 32 <-- 0.003026 s
currentSize : 33 <-- 0.003261 s
currentSize : 34 <-- 17.264376 s
currentSize : 35 <-- 20.283119 s
currentSize : 36 <-- 251.988754 s
currentSize : 37 <-- 728.169250 s

TIMEOUT
maxsize : 37
nodes : 280129383.000000
filtered : 851577534.000000
time : 1000.000061
