Parameters: GAD=1 vflib=1 dir=1 label=1 lowerbound=1 fileNameGp=../../cp2016-max-common-connected-subgraph-paper/datasets/graphsdb/mcs10/m4D/m4Dr2/mcs10_m4Dr2_s100.A03 fileNameGt=../../cp2016-max-common-connected-subgraph-paper/datasets/graphsdb/mcs10/m4D/m4Dr2/mcs10_m4Dr2_s100.B03
Reading graphs...
100 : 179
100 : 179
Initializing...
maxdom : 9
D->valSize : 362
Solving...
Blb : 2 (clique : 32)
currentSize : 32 <-- 0.003844 s
currentSize : 33 <-- 0.084873 s
currentSize : 34 <-- 14.432327 s
currentSize : 35 <-- 40.597630 s
currentSize : 36 <-- 231.206787 s
currentSize : 37 <-- 568.153564 s
currentSize : 38 <-- 922.266357 s

TIMEOUT
maxsize : 38
nodes : 212423353.000000
filtered : 1165716842.000000
time : 1000.000000
