Parameters: GAD=1 vflib=1 dir=1 label=1 lowerbound=1 fileNameGp=../../cp2016-max-common-connected-subgraph-paper/datasets/graphsdb/mcs10/m2D/m2Dr4/mcs10_m2Dr4_s70.A05 fileNameGt=../../cp2016-max-common-connected-subgraph-paper/datasets/graphsdb/mcs10/m2D/m2Dr4/mcs10_m2Dr4_s70.B05
Reading graphs...
70 : 151
70 : 150
Initializing...
maxdom : 9
D->valSize : 327
Solving...
Blb : 2 (clique : 23)
currentSize : 23 <-- 0.004151 s
currentSize : 24 <-- 0.004703 s
currentSize : 25 <-- 0.163095 s
currentSize : 26 <-- 0.166573 s
currentSize : 27 <-- 0.349646 s
currentSize : 28 <-- 2.273707 s
currentSize : 29 <-- 14.276750 s

TIMEOUT
maxsize : 29
nodes : 227839197.000000
filtered : 1868710653.000000
time : 1000.000000
