Parameters: GAD=1 vflib=1 dir=1 label=1 lowerbound=1 fileNameGp=../../cp2016-max-common-connected-subgraph-paper/datasets/graphsdb/mcs10/bvg/b09m/mcs10_b09m_s100.A02 fileNameGt=../../cp2016-max-common-connected-subgraph-paper/datasets/graphsdb/mcs10/bvg/b09m/mcs10_b09m_s100.B02
Reading graphs...
100 : 450
100 : 450
Initializing...
maxdom : 7
D->valSize : 319
Solving...
Blb : 2 (clique : 19)
currentSize : 19 <-- 0.002925 s
currentSize : 20 <-- 0.014543 s
currentSize : 21 <-- 0.204624 s
currentSize : 22 <-- 2.926542 s
currentSize : 23 <-- 10.237717 s
currentSize : 24 <-- 245.500565 s
currentSize : 25 <-- 712.622498 s
currentSize : 26 <-- 722.070557 s

TIMEOUT
maxsize : 26
nodes : 204301072.000000
filtered : 1167728094.000000
time : 1000.000000
