Parameters: GAD=1 vflib=1 dir=1 label=1 lowerbound=1 fileNameGp=../../cp2016-max-common-connected-subgraph-paper/datasets/graphsdb/mcs10/m2D/m2Dr4/mcs10_m2Dr4_s70.A09 fileNameGt=../../cp2016-max-common-connected-subgraph-paper/datasets/graphsdb/mcs10/m2D/m2Dr4/mcs10_m2Dr4_s70.B09
Reading graphs...
70 : 151
70 : 150
Initializing...
maxdom : 10
D->valSize : 316
Solving...
Blb : 2 (clique : 23)
currentSize : 23 <-- 0.002544 s
currentSize : 24 <-- 0.002829 s
currentSize : 25 <-- 0.009454 s
currentSize : 26 <-- 0.189925 s
currentSize : 27 <-- 4.378546 s
currentSize : 28 <-- 16.583698 s
currentSize : 29 <-- 584.006531 s

TIMEOUT
maxsize : 29
nodes : 241120832.000000
filtered : 1698005621.000000
time : 1000.000000
