Parameters: GAD=1 vflib=1 dir=1 label=1 lowerbound=1 fileNameGp=../../cp2016-max-common-connected-subgraph-paper/datasets/graphsdb/mcs10/m2D/m2D/mcs10_m2D_s100.A08 fileNameGt=../../cp2016-max-common-connected-subgraph-paper/datasets/graphsdb/mcs10/m2D/m2D/mcs10_m2D_s100.B08
Reading graphs...
100 : 180
100 : 180
Initializing...
maxdom : 9
D->valSize : 314
Solving...
Blb : 2 (clique : 31)
currentSize : 31 <-- 0.003120 s
currentSize : 32 <-- 0.075832 s
currentSize : 33 <-- 0.261696 s
currentSize : 34 <-- 39.515797 s
currentSize : 35 <-- 46.387959 s
currentSize : 36 <-- 526.931824 s
currentSize : 37 <-- 589.921143 s

TIMEOUT
maxsize : 37
nodes : 239724350.000000
filtered : 906346399.000000
time : 1000.000000
