Parameters: GAD=1 vflib=1 dir=1 label=1 lowerbound=1 fileNameGp=../../cp2016-max-common-connected-subgraph-paper/datasets/graphsdb/mcs10/bvg/b06m/mcs10_b06m_s70.A07 fileNameGt=../../cp2016-max-common-connected-subgraph-paper/datasets/graphsdb/mcs10/bvg/b06m/mcs10_b06m_s70.B07
Reading graphs...
70 : 210
70 : 210
Initializing...
maxdom : 8
D->valSize : 331
Solving...
Blb : 2 (clique : 17)
currentSize : 17 <-- 0.003033 s
currentSize : 18 <-- 0.003149 s
currentSize : 19 <-- 0.003181 s
currentSize : 20 <-- 0.003254 s
currentSize : 21 <-- 0.063024 s
currentSize : 22 <-- 0.177038 s
currentSize : 23 <-- 3.327431 s
currentSize : 24 <-- 13.134730 s
currentSize : 25 <-- 664.707886 s

TIMEOUT
maxsize : 25
nodes : 236215608.000000
filtered : 2041914577.000000
time : 1000.000000
