Parameters: GAD=1 vflib=1 dir=1 label=1 lowerbound=1 fileNameGp=../../cp2016-max-common-connected-subgraph-paper/datasets/graphsdb/mcs10/m2D/m2Dr6/mcs10_m2Dr6_s50.A02 fileNameGt=../../cp2016-max-common-connected-subgraph-paper/datasets/graphsdb/mcs10/m2D/m2Dr6/mcs10_m2Dr6_s50.B02
Reading graphs...
50 : 115
50 : 114
Initializing...
maxdom : 9
D->valSize : 294
Solving...
Blb : 2 (clique : 16)
currentSize : 16 <-- 0.002019 s
currentSize : 17 <-- 0.002137 s
currentSize : 18 <-- 0.002363 s
currentSize : 19 <-- 3.184562 s
currentSize : 20 <-- 18.273413 s
currentSize : 21 <-- 40.792858 s

maxsize : 21
nodes : 54745115.000000
filtered : 648473016.000000
time : 216.730576
