Parameters: GAD=1 vflib=1 dir=1 label=1 lowerbound=1 fileNameGp=../../cp2016-max-common-connected-subgraph-paper/datasets/graphsdb/mcs10/bvg/b06/mcs10_b06_s100.A08 fileNameGt=../../cp2016-max-common-connected-subgraph-paper/datasets/graphsdb/mcs10/bvg/b06/mcs10_b06_s100.B08
Reading graphs...
100 : 300
100 : 300
Initializing...
maxdom : 7
D->valSize : 330
Solving...
Blb : 2 (clique : 24)
currentSize : 24 <-- 0.003128 s
currentSize : 25 <-- 0.003670 s
currentSize : 26 <-- 0.657817 s
currentSize : 27 <-- 0.779620 s
currentSize : 28 <-- 4.111636 s
currentSize : 29 <-- 4.633017 s
currentSize : 30 <-- 27.025419 s
currentSize : 31 <-- 832.396606 s

TIMEOUT
maxsize : 31
nodes : 213773147.000000
filtered : 1035416705.000000
time : 1000.000000
