Parameters: GAD=1 vflib=1 dir=1 label=1 lowerbound=1 fileNameGp=../../cp2016-max-common-connected-subgraph-paper/datasets/graphsdb/mcs10/m3D/m3Dr6/mcs10_m3Dr6_s90.A04 fileNameGt=../../cp2016-max-common-connected-subgraph-paper/datasets/graphsdb/mcs10/m3D/m3Dr6/mcs10_m3Dr6_s90.B04
Reading graphs...
90 : 263
90 : 261
Initializing...
maxdom : 9
D->valSize : 505
Solving...
Blb : 2 (clique : 23)
currentSize : 23 <-- 0.009049 s
currentSize : 24 <-- 0.009913 s
currentSize : 25 <-- 0.010151 s
currentSize : 26 <-- 0.010245 s
currentSize : 27 <-- 0.034215 s
currentSize : 28 <-- 0.114995 s
currentSize : 29 <-- 0.899071 s
currentSize : 30 <-- 111.190750 s

TIMEOUT
maxsize : 30
nodes : 210471616.000000
filtered : 1618438707.000000
time : 1000.000000
