Parameters: GAD=1 vflib=1 dir=1 label=1 lowerbound=1 fileNameGp=../../cp2016-max-common-connected-subgraph-paper/datasets/graphsdb/mcs10/m2D/m2D/mcs10_m2D_s50.A00 fileNameGt=../../cp2016-max-common-connected-subgraph-paper/datasets/graphsdb/mcs10/m2D/m2D/mcs10_m2D_s50.B00
Reading graphs...
50 : 85
50 : 85
Initializing...
maxdom : 11
D->valSize : 324
Solving...
Blb : 2 (clique : 18)
currentSize : 18 <-- 0.003410 s
currentSize : 19 <-- 0.022348 s
currentSize : 20 <-- 0.070903 s
currentSize : 21 <-- 0.133387 s
currentSize : 22 <-- 127.203156 s
currentSize : 23 <-- 389.707581 s

TIMEOUT
maxsize : 23
nodes : 360558113.000000
filtered : 2639807554.000000
time : 1000.000000
