Parameters: GAD=1 vflib=1 dir=1 label=1 lowerbound=1 fileNameGp=../../cp2016-max-common-connected-subgraph-paper/datasets/graphsdb/mcs10/m4D/m4Dr4/mcs10_m4Dr4_s100.A01 fileNameGt=../../cp2016-max-common-connected-subgraph-paper/datasets/graphsdb/mcs10/m4D/m4Dr4/mcs10_m4Dr4_s100.B01
Reading graphs...
100 : 199
100 : 198
Initializing...
maxdom : 6
D->valSize : 352
Solving...
Blb : 2 (clique : 30)
currentSize : 30 <-- 0.005965 s
currentSize : 31 <-- 0.006354 s
currentSize : 32 <-- 0.016607 s
currentSize : 33 <-- 1.330697 s
currentSize : 34 <-- 4.616881 s
currentSize : 35 <-- 10.904737 s
currentSize : 36 <-- 78.361420 s
currentSize : 37 <-- 110.139153 s

TIMEOUT
maxsize : 37
nodes : 210513309.000000
filtered : 1037643298.000000
time : 1000.000000
