Parameters: GAD=1 vflib=1 dir=1 label=1 lowerbound=1 fileNameGp=../../cp2016-max-common-connected-subgraph-paper/datasets/graphsdb/mcs10/m2D/m2Dr2/mcs10_m2Dr2_s90.A04 fileNameGt=../../cp2016-max-common-connected-subgraph-paper/datasets/graphsdb/mcs10/m2D/m2Dr2/mcs10_m2Dr2_s90.B04
Reading graphs...
90 : 179
90 : 179
Initializing...
maxdom : 9
D->valSize : 560
Solving...
Blb : 2 (clique : 28)
currentSize : 28 <-- 0.011044 s
currentSize : 29 <-- 0.011438 s
currentSize : 30 <-- 0.012151 s
currentSize : 31 <-- 0.106375 s
currentSize : 32 <-- 0.201489 s
currentSize : 33 <-- 21.933708 s
currentSize : 34 <-- 75.368172 s

TIMEOUT
maxsize : 34
nodes : 210635190.000000
filtered : 1449013855.000000
time : 1000.000000
