Parameters: GAD=1 vflib=1 dir=1 label=1 lowerbound=1 fileNameGp=../../cp2016-max-common-connected-subgraph-paper/datasets/graphsdb/mcs10/m2D/m2D/mcs10_m2D_s100.A04 fileNameGt=../../cp2016-max-common-connected-subgraph-paper/datasets/graphsdb/mcs10/m2D/m2D/mcs10_m2D_s100.B04
Reading graphs...
100 : 180
100 : 180
Initializing...
maxdom : 8
D->valSize : 335
Solving...
Blb : 2 (clique : 33)
currentSize : 33 <-- 0.004362 s
currentSize : 34 <-- 0.005390 s
currentSize : 35 <-- 0.005567 s
currentSize : 36 <-- 0.356894 s
currentSize : 37 <-- 1.424461 s
currentSize : 38 <-- 265.717285 s

TIMEOUT
maxsize : 38
nodes : 218377140.000000
filtered : 995838648.000000
time : 1000.000061
