Parameters: GAD=1 vflib=1 dir=1 label=1 lowerbound=1 fileNameGp=../../cp2016-max-common-connected-subgraph-paper/datasets/graphsdb/mcs10/rand/r005/mcs10_r005_s50.A03 fileNameGt=../../cp2016-max-common-connected-subgraph-paper/datasets/graphsdb/mcs10/rand/r005/mcs10_r005_s50.B03
Reading graphs...
50 : 125
50 : 125
Initializing...
maxdom : 9
D->valSize : 294
Solving...
Blb : 5 (clique : 13)
currentSize : 13 <-- 0.003109 s
currentSize : 14 <-- 0.014198 s
currentSize : 15 <-- 0.098382 s
currentSize : 16 <-- 0.116014 s
currentSize : 17 <-- 0.275866 s
currentSize : 18 <-- 2.992330 s
currentSize : 19 <-- 11.862180 s

maxsize : 19
nodes : 91365778.000000
filtered : 936675215.000000
time : 311.860748
