Parameters: GAD=1 vflib=1 dir=1 label=1 lowerbound=1 fileNameGp=../../cp2016-max-common-connected-subgraph-paper/datasets/graphsdb/mcs10/m3D/m3Dr6/mcs10_m3Dr6_s80.A05 fileNameGt=../../cp2016-max-common-connected-subgraph-paper/datasets/graphsdb/mcs10/m3D/m3Dr6/mcs10_m3Dr6_s80.B05
Reading graphs...
80 : 232
80 : 231
Initializing...
maxdom : 11
D->valSize : 436
Solving...
Blb : 2 (clique : 24)
currentSize : 24 <-- 0.004119 s
currentSize : 25 <-- 0.031302 s
currentSize : 26 <-- 4.728073 s
currentSize : 27 <-- 633.478333 s
currentSize : 28 <-- 647.538269 s
currentSize : 29 <-- 887.600098 s

TIMEOUT
maxsize : 29
nodes : 240527820.000000
filtered : 1858544728.000000
time : 1000.000000
