Parameters: GAD=1 vflib=1 dir=1 label=1 lowerbound=1 fileNameGp=../../cp2016-max-common-connected-subgraph-paper/datasets/graphsdb/mcs10/m2D/m2Dr4/mcs10_m2Dr4_s70.A04 fileNameGt=../../cp2016-max-common-connected-subgraph-paper/datasets/graphsdb/mcs10/m2D/m2Dr4/mcs10_m2Dr4_s70.B04
Reading graphs...
70 : 151
70 : 151
Initializing...
maxdom : 8
D->valSize : 324
Solving...
Blb : 2 (clique : 21)
currentSize : 21 <-- 0.002743 s
currentSize : 22 <-- 0.002890 s
currentSize : 23 <-- 0.002984 s
currentSize : 24 <-- 0.027310 s
currentSize : 25 <-- 0.038396 s
currentSize : 26 <-- 2.111098 s
currentSize : 27 <-- 928.199402 s

TIMEOUT
maxsize : 27
nodes : 253902949.000000
filtered : 1776954483.000000
time : 1000.000000
