Parameters: GAD=1 vflib=1 dir=1 label=1 lowerbound=1 fileNameGp=../../cp2016-max-common-connected-subgraph-paper/datasets/graphsdb/mcs10/m3D/m3Dr2/mcs10_m3Dr2_s80.A09 fileNameGt=../../cp2016-max-common-connected-subgraph-paper/datasets/graphsdb/mcs10/m3D/m3Dr2/mcs10_m3Dr2_s80.B09
Reading graphs...
80 : 200
80 : 200
Initializing...
maxdom : 8
D->valSize : 408
Solving...
Blb : 2 (clique : 22)
currentSize : 22 <-- 0.005980 s
currentSize : 23 <-- 0.017068 s
currentSize : 24 <-- 0.034035 s
currentSize : 25 <-- 0.082832 s
currentSize : 26 <-- 1.758071 s
currentSize : 27 <-- 296.513855 s

TIMEOUT
maxsize : 27
nodes : 221126687.000000
filtered : 1693622214.000000
time : 1000.000000
