Parameters: GAD=1 vflib=1 dir=1 label=1 lowerbound=1 fileNameGp=../../cp2016-max-common-connected-subgraph-paper/datasets/graphsdb/mcs10/bvg/b09m/mcs10_b09m_s100.A09 fileNameGt=../../cp2016-max-common-connected-subgraph-paper/datasets/graphsdb/mcs10/bvg/b09m/mcs10_b09m_s100.B09
Reading graphs...
100 : 450
100 : 450
Initializing...
maxdom : 8
D->valSize : 330
Solving...
Blb : 2 (clique : 19)
currentSize : 19 <-- 0.003128 s
currentSize : 20 <-- 0.003528 s
currentSize : 21 <-- 0.004173 s
currentSize : 22 <-- 0.047735 s
currentSize : 23 <-- 0.154619 s
currentSize : 24 <-- 0.154695 s
currentSize : 25 <-- 0.275548 s
currentSize : 26 <-- 1.082358 s
currentSize : 27 <-- 351.151123 s

TIMEOUT
maxsize : 27
nodes : 189952713.000000
filtered : 1256563674.000000
time : 1000.000000
