Parameters: GAD=1 vflib=1 dir=1 label=1 lowerbound=1 fileNameGp=../../cp2016-max-common-connected-subgraph-paper/datasets/graphsdb/mcs10/rand/r01/mcs10_r01_s90.A04 fileNameGt=../../cp2016-max-common-connected-subgraph-paper/datasets/graphsdb/mcs10/rand/r01/mcs10_r01_s90.B04
Reading graphs...
90 : 802
90 : 802
Initializing...
maxdom : 9
D->valSize : 498
Solving...
Blb : 5 (clique : 13)
currentSize : 13 <-- 0.008027 s
currentSize : 14 <-- 0.012139 s
currentSize : 15 <-- 0.353005 s
currentSize : 16 <-- 1.696003 s
currentSize : 17 <-- 4.195500 s
currentSize : 18 <-- 121.625587 s

TIMEOUT
maxsize : 18
nodes : 193824468.000000
filtered : 2091209002.000000
time : 1000.000000
