Parameters: GAD=1 vflib=1 dir=1 label=1 lowerbound=1 fileNameGp=../../cp2016-max-common-connected-subgraph-paper/datasets/graphsdb/mcs10/bvg/b09m/mcs10_b09m_s100.A08 fileNameGt=../../cp2016-max-common-connected-subgraph-paper/datasets/graphsdb/mcs10/bvg/b09m/mcs10_b09m_s100.B08
Reading graphs...
100 : 450
100 : 450
Initializing...
maxdom : 8
D->valSize : 317
Solving...
Blb : 2 (clique : 18)
currentSize : 18 <-- 0.003156 s
currentSize : 19 <-- 0.003513 s
currentSize : 20 <-- 0.003630 s
currentSize : 21 <-- 0.021465 s
currentSize : 22 <-- 0.744343 s
currentSize : 23 <-- 1.543646 s
currentSize : 24 <-- 1.544431 s
currentSize : 25 <-- 1.695213 s
currentSize : 26 <-- 11.637991 s
currentSize : 27 <-- 113.614746 s
currentSize : 28 <-- 114.605247 s

TIMEOUT
maxsize : 28
nodes : 199104104.000000
filtered : 1243328284.000000
time : 1000.000000
