Parameters: GAD=1 vflib=1 dir=1 label=1 lowerbound=1 fileNameGp=../../cp2016-max-common-connected-subgraph-paper/datasets/graphsdb/mcs10/m3D/m3Dr4/mcs10_m3Dr4_s60.A07 fileNameGt=../../cp2016-max-common-connected-subgraph-paper/datasets/graphsdb/mcs10/m3D/m3Dr4/mcs10_m3Dr4_s60.B07
Reading graphs...
60 : 158
60 : 157
Initializing...
maxdom : 7
D->valSize : 231
Solving...
Blb : 3 (clique : 17)
currentSize : 17 <-- 0.002414 s
currentSize : 18 <-- 0.012159 s
currentSize : 19 <-- 0.036218 s
currentSize : 20 <-- 0.985445 s
currentSize : 21 <-- 22.050163 s
currentSize : 22 <-- 32.201309 s

maxsize : 22
nodes : 96318720.000000
filtered : 595179845.000000
time : 355.252563
