Parameters: GAD=1 vflib=1 dir=1 label=1 lowerbound=1 fileNameGp=../../cp2016-max-common-connected-subgraph-paper/datasets/graphsdb/mcs10/rand/r005/mcs10_r005_s100.A03 fileNameGt=../../cp2016-max-common-connected-subgraph-paper/datasets/graphsdb/mcs10/rand/r005/mcs10_r005_s100.B03
Reading graphs...
100 : 500
100 : 500
Initializing...
maxdom : 7
D->valSize : 321
Solving...
Blb : 2 (clique : 19)
currentSize : 19 <-- 0.004830 s
currentSize : 20 <-- 0.007029 s
currentSize : 21 <-- 0.028518 s
currentSize : 22 <-- 0.037306 s
currentSize : 23 <-- 0.064127 s
currentSize : 24 <-- 0.175967 s
currentSize : 25 <-- 453.661102 s

TIMEOUT
maxsize : 25
nodes : 199223630.000000
filtered : 1215377159.000000
time : 1000.000000
