Parameters: GAD=1 vflib=1 dir=1 label=1 lowerbound=1 fileNameGp=../../cp2016-max-common-connected-subgraph-paper/datasets/graphsdb/mcs10/m2D/m2Dr4/mcs10_m2Dr4_s60.A03 fileNameGt=../../cp2016-max-common-connected-subgraph-paper/datasets/graphsdb/mcs10/m2D/m2Dr4/mcs10_m2Dr4_s60.B03
Reading graphs...
60 : 128
60 : 128
Initializing...
maxdom : 10
D->valSize : 225
Solving...
Blb : 2 (clique : 18)
currentSize : 18 <-- 0.002288 s
currentSize : 19 <-- 0.003804 s
currentSize : 20 <-- 0.771923 s
currentSize : 21 <-- 1.761638 s
currentSize : 22 <-- 73.546036 s
currentSize : 23 <-- 92.544571 s
currentSize : 24 <-- 131.248230 s

maxsize : 24
nodes : 49799306.000000
filtered : 291583229.000000
time : 166.802246
