Parameters: GAD=1 vflib=1 dir=1 label=1 lowerbound=1 fileNameGp=../../cp2016-max-common-connected-subgraph-paper/datasets/graphsdb/mcs10/m2D/m2Dr6/mcs10_m2Dr6_s100.A04 fileNameGt=../../cp2016-max-common-connected-subgraph-paper/datasets/graphsdb/mcs10/m2D/m2Dr6/mcs10_m2Dr6_s100.B04
Reading graphs...
100 : 240
100 : 238
Initializing...
maxdom : 7
D->valSize : 316
Solving...
Blb : 2 (clique : 26)
currentSize : 26 <-- 0.004751 s
currentSize : 27 <-- 0.006457 s
currentSize : 28 <-- 0.009246 s
currentSize : 30 <-- 0.009738 s
currentSize : 31 <-- 2.105277 s
currentSize : 32 <-- 25.897432 s
currentSize : 33 <-- 821.964722 s

TIMEOUT
maxsize : 33
nodes : 223664335.000000
filtered : 883819841.000000
time : 1000.000000
