Parameters: GAD=1 vflib=1 dir=1 label=1 lowerbound=1 fileNameGp=../../cp2016-max-common-connected-subgraph-paper/datasets/graphsdb/mcs10/m2D/m2Dr6/mcs10_m2Dr6_s80.A03 fileNameGt=../../cp2016-max-common-connected-subgraph-paper/datasets/graphsdb/mcs10/m2D/m2Dr6/mcs10_m2Dr6_s80.B03
Reading graphs...
80 : 190
80 : 189
Initializing...
maxdom : 9
D->valSize : 421
Solving...
Blb : 5 (clique : 22)
currentSize : 22 <-- 0.003882 s
currentSize : 24 <-- 0.004046 s
currentSize : 26 <-- 0.004109 s
currentSize : 27 <-- 0.484312 s
currentSize : 28 <-- 0.496310 s
currentSize : 29 <-- 0.712202 s
currentSize : 30 <-- 5.323144 s

TIMEOUT
maxsize : 30
nodes : 232641193.000000
filtered : 1746124445.000000
time : 1000.000000
