Parameters: GAD=1 vflib=1 dir=1 label=1 lowerbound=1 fileNameGp=../../cp2016-max-common-connected-subgraph-paper/datasets/graphsdb/mcs10/m3D/m3Dr2/mcs10_m3Dr2_s60.A06 fileNameGt=../../cp2016-max-common-connected-subgraph-paper/datasets/graphsdb/mcs10/m3D/m3Dr2/mcs10_m3Dr2_s60.B06
Reading graphs...
60 : 146
60 : 146
Initializing...
maxdom : 7
D->valSize : 230
Solving...
Blb : 3 (clique : 16)
currentSize : 16 <-- 0.001654 s
currentSize : 17 <-- 0.001755 s
currentSize : 18 <-- 0.003372 s
currentSize : 19 <-- 0.447731 s
currentSize : 20 <-- 1.257523 s
currentSize : 21 <-- 36.693180 s
currentSize : 22 <-- 113.238503 s
currentSize : 23 <-- 290.211731 s

maxsize : 23
nodes : 125250634.000000
filtered : 839301414.000000
time : 466.062042
