Parameters: GAD=1 vflib=1 dir=1 label=1 lowerbound=1 fileNameGp=../../cp2016-max-common-connected-subgraph-paper/datasets/graphsdb/mcs10/m3D/m3Dr4/mcs10_m3Dr4_s70.A03 fileNameGt=../../cp2016-max-common-connected-subgraph-paper/datasets/graphsdb/mcs10/m3D/m3Dr4/mcs10_m3Dr4_s70.B03
Reading graphs...
70 : 187
70 : 187
Initializing...
maxdom : 10
D->valSize : 342
Solving...
Blb : 2 (clique : 21)
currentSize : 21 <-- 0.002801 s
currentSize : 22 <-- 0.007813 s
currentSize : 23 <-- 0.022753 s
currentSize : 24 <-- 0.023574 s
currentSize : 25 <-- 34.655727 s
currentSize : 26 <-- 378.022034 s
currentSize : 27 <-- 508.839355 s

TIMEOUT
maxsize : 27
nodes : 236620557.000000
filtered : 1777065340.000000
time : 1000.000000
