Parameters: GAD=1 vflib=1 dir=1 label=1 lowerbound=1 fileNameGp=../../cp2016-max-common-connected-subgraph-paper/datasets/graphsdb/mcs10/bvg/b06m/mcs10_b06m_s70.A04 fileNameGt=../../cp2016-max-common-connected-subgraph-paper/datasets/graphsdb/mcs10/bvg/b06m/mcs10_b06m_s70.B04
Reading graphs...
70 : 210
70 : 210
Initializing...
maxdom : 7
D->valSize : 301
Solving...
Blb : 2 (clique : 19)
currentSize : 19 <-- 0.003631 s
currentSize : 20 <-- 0.004066 s
currentSize : 21 <-- 0.006426 s
currentSize : 22 <-- 0.009215 s
currentSize : 23 <-- 0.606026 s
currentSize : 24 <-- 8.228240 s

TIMEOUT
maxsize : 24
nodes : 225153636.000000
filtered : 1867803832.000000
time : 1000.000000
