Parameters: GAD=1 vflib=1 dir=1 label=1 lowerbound=1 fileNameGp=../../cp2016-max-common-connected-subgraph-paper/datasets/graphsdb/mcs10/m3D/m3Dr4/mcs10_m3Dr4_s60.A08 fileNameGt=../../cp2016-max-common-connected-subgraph-paper/datasets/graphsdb/mcs10/m3D/m3Dr4/mcs10_m3Dr4_s60.B08
Reading graphs...
60 : 158
60 : 158
Initializing...
maxdom : 7
D->valSize : 234
Solving...
Blb : 2 (clique : 17)
currentSize : 17 <-- 0.001958 s
currentSize : 18 <-- 0.002114 s
currentSize : 19 <-- 0.022727 s
currentSize : 20 <-- 0.047995 s
currentSize : 21 <-- 12.355500 s
currentSize : 22 <-- 152.292358 s

maxsize : 22
nodes : 141256778.000000
filtered : 968090566.000000
time : 529.707886
