Parameters: GAD=1 vflib=1 dir=1 label=1 lowerbound=1 fileNameGp=../../cp2016-max-common-connected-subgraph-paper/datasets/graphsdb/mcs10/m2D/m2D/mcs10_m2D_s60.A07 fileNameGt=../../cp2016-max-common-connected-subgraph-paper/datasets/graphsdb/mcs10/m2D/m2D/mcs10_m2D_s60.B07
Reading graphs...
60 : 104
60 : 104
Initializing...
maxdom : 7
D->valSize : 231
Solving...
Blb : 2 (clique : 20)
currentSize : 20 <-- 0.002486 s
currentSize : 21 <-- 0.002671 s
currentSize : 22 <-- 0.040582 s
currentSize : 23 <-- 0.059120 s
currentSize : 24 <-- 1.075535 s
currentSize : 25 <-- 2.403322 s
currentSize : 26 <-- 42.601158 s

TIMEOUT
maxsize : 26
nodes : 264909633.000000
filtered : 2060791722.000000
time : 1000.000000
