Parameters: GAD=1 vflib=1 dir=1 label=1 lowerbound=1 fileNameGp=../../cp2016-max-common-connected-subgraph-paper/datasets/graphsdb/mcs10/bvg/b09/mcs10_b09_s100.A06 fileNameGt=../../cp2016-max-common-connected-subgraph-paper/datasets/graphsdb/mcs10/bvg/b09/mcs10_b09_s100.B06
Reading graphs...
100 : 450
100 : 450
Initializing...
maxdom : 8
D->valSize : 293
Solving...
Blb : 5 (clique : 20)
currentSize : 20 <-- 0.004007 s
currentSize : 21 <-- 0.005259 s
currentSize : 22 <-- 3.513022 s
currentSize : 23 <-- 6.515207 s
currentSize : 24 <-- 152.019577 s
currentSize : 25 <-- 387.690430 s

TIMEOUT
maxsize : 25
nodes : 195919183.000000
filtered : 1284818675.000000
time : 1000.000000
