Parameters: GAD=1 vflib=1 dir=1 label=1 lowerbound=1 fileNameGp=../../cp2016-max-common-connected-subgraph-paper/datasets/graphsdb/mcs10/bvg/b03/mcs10_b03_s60.A06 fileNameGt=../../cp2016-max-common-connected-subgraph-paper/datasets/graphsdb/mcs10/bvg/b03/mcs10_b03_s60.B06
Reading graphs...
60 : 90
60 : 90
Initializing...
maxdom : 7
D->valSize : 225
Solving...
Blb : 3 (clique : 20)
currentSize : 20 <-- 0.002397 s
currentSize : 21 <-- 0.002829 s
currentSize : 22 <-- 0.004071 s
currentSize : 23 <-- 0.007684 s
currentSize : 24 <-- 0.036675 s
currentSize : 25 <-- 4.541854 s
currentSize : 26 <-- 81.745361 s

TIMEOUT
maxsize : 26
nodes : 304632977.000000
filtered : 1892227234.000000
time : 1000.000000
