Parameters: GAD=1 vflib=1 dir=1 label=1 lowerbound=1 fileNameGp=../../cp2016-max-common-connected-subgraph-paper/datasets/graphsdb/mcs10/m4D/m4D/mcs10_m4D_s100.A04 fileNameGt=../../cp2016-max-common-connected-subgraph-paper/datasets/graphsdb/mcs10/m4D/m4D/mcs10_m4D_s100.B04
Reading graphs...
100 : 159
100 : 159
Initializing...
maxdom : 7
D->valSize : 357
Solving...
Blb : 2 (clique : 38)
currentSize : 38 <-- 0.006208 s
currentSize : 39 <-- 0.006840 s
currentSize : 40 <-- 0.107165 s
currentSize : 41 <-- 1.241628 s
currentSize : 42 <-- 200.177383 s
currentSize : 43 <-- 202.321030 s
currentSize : 44 <-- 903.787598 s

TIMEOUT
maxsize : 44
nodes : 241497099.000000
filtered : 603301999.000000
time : 1000.000061
