Parameters: GAD=1 vflib=1 dir=1 label=1 lowerbound=1 fileNameGp=../../cp2016-max-common-connected-subgraph-paper/datasets/graphsdb/mcs10/m2D/m2Dr4/mcs10_m2Dr4_s60.A07 fileNameGt=../../cp2016-max-common-connected-subgraph-paper/datasets/graphsdb/mcs10/m2D/m2Dr4/mcs10_m2Dr4_s60.B07
Reading graphs...
60 : 128
60 : 127
Initializing...
maxdom : 7
D->valSize : 227
Solving...
Blb : 2 (clique : 17)
currentSize : 17 <-- 0.002408 s
currentSize : 18 <-- 0.012152 s
currentSize : 19 <-- 0.018517 s
currentSize : 20 <-- 0.034047 s
currentSize : 21 <-- 2.319315 s
currentSize : 22 <-- 8.599215 s
currentSize : 23 <-- 9.799978 s
currentSize : 24 <-- 32.766525 s

maxsize : 24
nodes : 39843527.000000
filtered : 264213639.000000
time : 147.289963
