Parameters: GAD=1 vflib=1 dir=1 label=1 lowerbound=1 fileNameGp=../../cp2016-max-common-connected-subgraph-paper/datasets/graphsdb/mcs10/m4D/m4Dr4/mcs10_m4Dr4_s100.A06 fileNameGt=../../cp2016-max-common-connected-subgraph-paper/datasets/graphsdb/mcs10/m4D/m4Dr4/mcs10_m4Dr4_s100.B06
Reading graphs...
100 : 199
100 : 199
Initializing...
maxdom : 9
D->valSize : 339
Solving...
Blb : 2 (clique : 30)
currentSize : 30 <-- 0.003532 s
currentSize : 31 <-- 0.008740 s
currentSize : 32 <-- 0.182336 s
currentSize : 33 <-- 0.295588 s
currentSize : 34 <-- 33.970692 s
currentSize : 35 <-- 49.675640 s
currentSize : 36 <-- 137.174469 s
currentSize : 37 <-- 354.162079 s
currentSize : 38 <-- 411.324280 s

TIMEOUT
maxsize : 38
nodes : 217417932.000000
filtered : 737389657.000000
time : 1000.000061
