Parameters: GAD=1 vflib=1 dir=1 label=1 lowerbound=1 fileNameGp=../../cp2016-max-common-connected-subgraph-paper/datasets/graphsdb/mcs10/rand/r005/mcs10_r005_s80.A03 fileNameGt=../../cp2016-max-common-connected-subgraph-paper/datasets/graphsdb/mcs10/rand/r005/mcs10_r005_s80.B03
Reading graphs...
80 : 321
80 : 321
Initializing...
maxdom : 11
D->valSize : 413
Solving...
Blb : 5 (clique : 18)
currentSize : 18 <-- 0.005835 s
currentSize : 19 <-- 0.098623 s
currentSize : 20 <-- 0.185461 s
currentSize : 21 <-- 0.700731 s
currentSize : 22 <-- 48.490238 s
currentSize : 23 <-- 822.443298 s

TIMEOUT
maxsize : 23
nodes : 233313703.000000
filtered : 1829230913.000000
time : 1000.000000
