Parameters: GAD=1 vflib=1 dir=1 label=1 lowerbound=1 fileNameGp=../../cp2016-max-common-connected-subgraph-paper/datasets/graphsdb/mcs10/bvg/b06m/mcs10_b06m_s90.A02 fileNameGt=../../cp2016-max-common-connected-subgraph-paper/datasets/graphsdb/mcs10/bvg/b06m/mcs10_b06m_s90.B02
Reading graphs...
90 : 270
90 : 270
Initializing...
maxdom : 10
D->valSize : 500
Solving...
Blb : 2 (clique : 24)
currentSize : 24 <-- 0.008474 s
currentSize : 25 <-- 0.019776 s
currentSize : 26 <-- 0.019945 s
currentSize : 27 <-- 0.109837 s
currentSize : 28 <-- 7.271255 s
currentSize : 29 <-- 13.092125 s
currentSize : 30 <-- 321.490936 s
currentSize : 31 <-- 331.541382 s

TIMEOUT
maxsize : 31
nodes : 211724297.000000
filtered : 1888662724.000000
time : 1000.000000
