Parameters: GAD=1 vflib=1 dir=1 label=1 lowerbound=1 fileNameGp=../../cp2016-max-common-connected-subgraph-paper/datasets/graphsdb/mcs10/bvg/b03/mcs10_b03_s80.A04 fileNameGt=../../cp2016-max-common-connected-subgraph-paper/datasets/graphsdb/mcs10/bvg/b03/mcs10_b03_s80.B04
Reading graphs...
80 : 120
80 : 120
Initializing...
maxdom : 10
D->valSize : 406
Solving...
Blb : 2 (clique : 28)
currentSize : 28 <-- 0.003792 s
currentSize : 29 <-- 0.038412 s
currentSize : 30 <-- 0.217599 s
currentSize : 31 <-- 0.974463 s
currentSize : 32 <-- 4.823569 s
currentSize : 33 <-- 217.387268 s
currentSize : 34 <-- 382.121429 s

TIMEOUT
maxsize : 34
nodes : 268916111.000000
filtered : 1589129088.000000
time : 1000.000000
