Parameters: GAD=1 vflib=1 dir=1 label=1 lowerbound=1 fileNameGp=../../cp2016-max-common-connected-subgraph-paper/datasets/graphsdb/mcs10/m4D/m4Dr2/mcs10_m4Dr2_s100.A06 fileNameGt=../../cp2016-max-common-connected-subgraph-paper/datasets/graphsdb/mcs10/m4D/m4Dr2/mcs10_m4Dr2_s100.B06
Reading graphs...
100 : 179
100 : 178
Initializing...
maxdom : 6
D->valSize : 358
Solving...
Blb : 2 (clique : 34)
currentSize : 34 <-- 0.003630 s
currentSize : 35 <-- 0.003910 s
currentSize : 36 <-- 0.008110 s
currentSize : 37 <-- 0.011617 s
currentSize : 38 <-- 0.049323 s
currentSize : 39 <-- 1.891147 s
currentSize : 40 <-- 461.195221 s

TIMEOUT
maxsize : 40
nodes : 197003474.000000
filtered : 854419628.000000
time : 1000.000061
