Parameters: GAD=1 vflib=1 dir=1 label=1 lowerbound=1 fileNameGp=../../cp2016-max-common-connected-subgraph-paper/datasets/graphsdb/mcs10/bvg/b06m/mcs10_b06m_s100.A03 fileNameGt=../../cp2016-max-common-connected-subgraph-paper/datasets/graphsdb/mcs10/bvg/b06m/mcs10_b06m_s100.B03
Reading graphs...
100 : 300
100 : 300
Initializing...
maxdom : 6
D->valSize : 314
Solving...
Blb : 2 (clique : 24)
currentSize : 24 <-- 0.003178 s
currentSize : 25 <-- 0.006433 s
currentSize : 26 <-- 4.789426 s
currentSize : 27 <-- 5.025593 s
currentSize : 28 <-- 83.403122 s
currentSize : 29 <-- 154.462006 s
currentSize : 30 <-- 600.480896 s

TIMEOUT
maxsize : 30
nodes : 218503622.000000
filtered : 930373622.000000
time : 1000.000000
