Parameters: GAD=1 vflib=1 dir=1 label=1 lowerbound=1 fileNameGp=../../cp2016-max-common-connected-subgraph-paper/datasets/graphsdb/mcs10/m3D/m3Dr4/mcs10_m3Dr4_s80.A02 fileNameGt=../../cp2016-max-common-connected-subgraph-paper/datasets/graphsdb/mcs10/m3D/m3Dr4/mcs10_m3Dr4_s80.B02
Reading graphs...
80 : 216
80 : 216
Initializing...
maxdom : 10
D->valSize : 413
Solving...
Blb : 5 (clique : 22)
currentSize : 22 <-- 0.003787 s
currentSize : 23 <-- 0.004116 s
currentSize : 24 <-- 0.039914 s
currentSize : 25 <-- 26.430679 s
currentSize : 26 <-- 29.447653 s
currentSize : 27 <-- 215.536774 s

TIMEOUT
maxsize : 27
nodes : 245272717.000000
filtered : 1596680843.000000
time : 1000.000000
