Parameters: GAD=1 vflib=1 dir=1 label=1 lowerbound=1 fileNameGp=../../cp2016-max-common-connected-subgraph-paper/datasets/graphsdb/mcs10/m2D/m2Dr4/mcs10_m2Dr4_s70.A02 fileNameGt=../../cp2016-max-common-connected-subgraph-paper/datasets/graphsdb/mcs10/m2D/m2Dr4/mcs10_m2Dr4_s70.B02
Reading graphs...
70 : 151
70 : 150
Initializing...
maxdom : 8
D->valSize : 301
Solving...
Blb : 5 (clique : 20)
currentSize : 20 <-- 0.003644 s
currentSize : 21 <-- 0.233233 s
currentSize : 22 <-- 0.909403 s
currentSize : 23 <-- 6.034217 s
currentSize : 24 <-- 8.563748 s
currentSize : 25 <-- 108.869614 s

TIMEOUT
maxsize : 25
nodes : 262055065.000000
filtered : 1533844357.000000
time : 1000.000000
