Parameters: GAD=1 vflib=1 dir=1 label=1 lowerbound=1 fileNameGp=../../cp2016-max-common-connected-subgraph-paper/datasets/graphsdb/mcs10/bvg/b03m/mcs10_b03m_s50.A06 fileNameGt=../../cp2016-max-common-connected-subgraph-paper/datasets/graphsdb/mcs10/bvg/b03m/mcs10_b03m_s50.B06
Reading graphs...
50 : 75
50 : 75
Initializing...
maxdom : 9
D->valSize : 294
Solving...
Blb : 2 (clique : 17)
currentSize : 17 <-- 0.002181 s
currentSize : 18 <-- 0.119950 s
currentSize : 19 <-- 6.047313 s
currentSize : 20 <-- 47.104210 s
currentSize : 21 <-- 89.194839 s
currentSize : 22 <-- 413.547058 s

TIMEOUT
maxsize : 22
nodes : 323193675.000000
filtered : 2949357663.000000
time : 1000.000000
