Parameters: GAD=1 vflib=1 dir=1 label=1 lowerbound=1 fileNameGp=../../cp2016-max-common-connected-subgraph-paper/datasets/graphsdb/mcs10/m3D/m3Dr6/mcs10_m3Dr6_s80.A08 fileNameGt=../../cp2016-max-common-connected-subgraph-paper/datasets/graphsdb/mcs10/m3D/m3Dr6/mcs10_m3Dr6_s80.B08
Reading graphs...
80 : 232
80 : 229
Initializing...
maxdom : 8
D->valSize : 403
Solving...
Blb : 2 (clique : 22)
currentSize : 22 <-- 0.006200 s
currentSize : 23 <-- 0.026966 s
currentSize : 24 <-- 0.314278 s
currentSize : 25 <-- 1.076937 s
currentSize : 26 <-- 1.267946 s
currentSize : 27 <-- 67.439796 s

TIMEOUT
maxsize : 27
nodes : 223100115.000000
filtered : 1356009323.000000
time : 1000.000000
