Parameters: GAD=1 vflib=1 dir=1 label=1 lowerbound=1 fileNameGp=../../cp2016-max-common-connected-subgraph-paper/datasets/graphsdb/mcs10/bvg/b06m/mcs10_b06m_s90.A06 fileNameGt=../../cp2016-max-common-connected-subgraph-paper/datasets/graphsdb/mcs10/bvg/b06m/mcs10_b06m_s90.B06
Reading graphs...
90 : 270
90 : 270
Initializing...
maxdom : 11
D->valSize : 550
Solving...
Blb : 2 (clique : 23)
currentSize : 23 <-- 0.006394 s
currentSize : 24 <-- 0.009110 s
currentSize : 25 <-- 0.028010 s
currentSize : 26 <-- 0.184510 s
currentSize : 27 <-- 0.431576 s
currentSize : 28 <-- 3.938653 s
currentSize : 29 <-- 345.421692 s
currentSize : 30 <-- 905.516541 s

TIMEOUT
maxsize : 30
nodes : 243292538.000000
filtered : 1423907328.000000
time : 1000.000000
