Parameters: GAD=1 vflib=1 dir=1 label=1 lowerbound=1 fileNameGp=../../cp2016-max-common-connected-subgraph-paper/datasets/graphsdb/mcs10/rand/r005/mcs10_r005_s50.A02 fileNameGt=../../cp2016-max-common-connected-subgraph-paper/datasets/graphsdb/mcs10/rand/r005/mcs10_r005_s50.B02
Reading graphs...
50 : 125
50 : 125
Initializing...
maxdom : 12
D->valSize : 303
Solving...
Blb : 2 (clique : 14)
currentSize : 14 <-- 0.002175 s
currentSize : 15 <-- 0.003754 s
currentSize : 16 <-- 0.008538 s
currentSize : 17 <-- 0.627526 s
currentSize : 18 <-- 0.711224 s
currentSize : 19 <-- 77.140274 s
currentSize : 20 <-- 128.303833 s

maxsize : 20
nodes : 198598098.000000
filtered : 2069629356.000000
time : 712.590332
