Parameters: GAD=1 vflib=1 dir=1 label=1 lowerbound=1 fileNameGp=../../cp2016-max-common-connected-subgraph-paper/datasets/graphsdb/mcs10/m2D/m2Dr2/mcs10_m2Dr2_s90.A07 fileNameGt=../../cp2016-max-common-connected-subgraph-paper/datasets/graphsdb/mcs10/m2D/m2Dr2/mcs10_m2Dr2_s90.B07
Reading graphs...
90 : 179
90 : 179
Initializing...
maxdom : 12
D->valSize : 517
Solving...
Blb : 2 (clique : 29)
currentSize : 29 <-- 0.005930 s
currentSize : 30 <-- 0.012963 s
currentSize : 31 <-- 0.013136 s
currentSize : 32 <-- 0.124520 s
currentSize : 33 <-- 0.149641 s
currentSize : 34 <-- 0.648483 s
currentSize : 35 <-- 76.928993 s

TIMEOUT
maxsize : 35
nodes : 273418581.000000
filtered : 1426633315.000000
time : 1000.000000
