Parameters: GAD=1 vflib=1 dir=1 label=1 lowerbound=1 fileNameGp=../../cp2016-max-common-connected-subgraph-paper/datasets/graphsdb/mcs10/rand/r005/mcs10_r005_s50.A04 fileNameGt=../../cp2016-max-common-connected-subgraph-paper/datasets/graphsdb/mcs10/rand/r005/mcs10_r005_s50.B04
Reading graphs...
50 : 125
50 : 125
Initializing...
maxdom : 11
D->valSize : 280
Solving...
Blb : 3 (clique : 14)
currentSize : 14 <-- 0.001857 s
currentSize : 15 <-- 0.004101 s
currentSize : 16 <-- 0.074672 s
currentSize : 17 <-- 1.169000 s
currentSize : 18 <-- 49.379425 s

maxsize : 18
nodes : 126168902.000000
filtered : 1214326710.000000
time : 431.905548
