Parameters: GAD=1 vflib=1 dir=1 label=1 lowerbound=1 fileNameGp=../../cp2016-max-common-connected-subgraph-paper/datasets/graphsdb/mcs10/rand/r005/mcs10_r005_s70.A02 fileNameGt=../../cp2016-max-common-connected-subgraph-paper/datasets/graphsdb/mcs10/rand/r005/mcs10_r005_s70.B02
Reading graphs...
70 : 245
70 : 245
Initializing...
maxdom : 7
D->valSize : 336
Solving...
Blb : 2 (clique : 17)
currentSize : 17 <-- 0.003835 s
currentSize : 18 <-- 0.007536 s
currentSize : 19 <-- 0.016838 s
currentSize : 20 <-- 0.843638 s
currentSize : 21 <-- 17.341171 s
currentSize : 22 <-- 75.339653 s
currentSize : 23 <-- 213.043777 s

TIMEOUT
maxsize : 23
nodes : 216450959.000000
filtered : 1960349216.000000
time : 1000.000000
