Parameters: GAD=1 vflib=1 dir=1 label=1 lowerbound=1 fileNameGp=../../cp2016-max-common-connected-subgraph-paper/datasets/graphsdb/mcs10/bvg/b06/mcs10_b06_s70.A03 fileNameGt=../../cp2016-max-common-connected-subgraph-paper/datasets/graphsdb/mcs10/bvg/b06/mcs10_b06_s70.B03
Reading graphs...
70 : 210
70 : 210
Initializing...
maxdom : 9
D->valSize : 298
Solving...
Blb : 2 (clique : 19)
currentSize : 19 <-- 0.003526 s
currentSize : 20 <-- 0.003811 s
currentSize : 21 <-- 0.016249 s
currentSize : 22 <-- 0.144799 s
currentSize : 23 <-- 6.129633 s
currentSize : 24 <-- 165.888962 s
currentSize : 25 <-- 221.120850 s

TIMEOUT
maxsize : 25
nodes : 245539387.000000
filtered : 1801375804.000000
time : 1000.000000
