Parameters: GAD=1 vflib=1 dir=1 label=1 lowerbound=1 fileNameGp=../../cp2016-max-common-connected-subgraph-paper/datasets/graphsdb/mcs10/m2D/m2Dr6/mcs10_m2Dr6_s100.A09 fileNameGt=../../cp2016-max-common-connected-subgraph-paper/datasets/graphsdb/mcs10/m2D/m2Dr6/mcs10_m2Dr6_s100.B09
Reading graphs...
100 : 239
100 : 239
Initializing...
maxdom : 8
D->valSize : 342
Solving...
Blb : 2 (clique : 28)
currentSize : 28 <-- 0.005369 s
currentSize : 29 <-- 0.010186 s
currentSize : 30 <-- 0.091765 s
currentSize : 31 <-- 2.356375 s
currentSize : 32 <-- 15.083303 s
currentSize : 33 <-- 72.533310 s
currentSize : 34 <-- 82.508850 s

TIMEOUT
maxsize : 34
nodes : 209360572.000000
filtered : 966134068.000000
time : 1000.000000
