Parameters: GAD=1 vflib=1 dir=1 label=1 lowerbound=1 fileNameGp=../../cp2016-max-common-connected-subgraph-paper/datasets/graphsdb/mcs10/bvg/b09/mcs10_b09_s100.A02 fileNameGt=../../cp2016-max-common-connected-subgraph-paper/datasets/graphsdb/mcs10/bvg/b09/mcs10_b09_s100.B02
Reading graphs...
100 : 450
100 : 450
Initializing...
maxdom : 7
D->valSize : 327
Solving...
Blb : 5 (clique : 21)
currentSize : 21 <-- 0.004663 s
currentSize : 22 <-- 0.033288 s
currentSize : 23 <-- 3.863866 s
currentSize : 24 <-- 6.325687 s
currentSize : 25 <-- 95.604813 s
currentSize : 26 <-- 255.215057 s

TIMEOUT
maxsize : 26
nodes : 198269835.000000
filtered : 1268676614.000000
time : 1000.000000
