Parameters: GAD=1 vflib=1 dir=1 label=1 lowerbound=1 fileNameGp=../../cp2016-max-common-connected-subgraph-paper/datasets/graphsdb/mcs10/m3D/m3Dr6/mcs10_m3Dr6_s80.A02 fileNameGt=../../cp2016-max-common-connected-subgraph-paper/datasets/graphsdb/mcs10/m3D/m3Dr6/mcs10_m3Dr6_s80.B02
Reading graphs...
80 : 232
80 : 231
Initializing...
maxdom : 9
D->valSize : 416
Solving...
Blb : 2 (clique : 22)
currentSize : 22 <-- 0.004084 s
currentSize : 23 <-- 0.110559 s
currentSize : 24 <-- 0.214951 s
currentSize : 25 <-- 8.158554 s
currentSize : 26 <-- 661.464355 s
currentSize : 27 <-- 661.631531 s
currentSize : 28 <-- 713.373779 s

TIMEOUT
maxsize : 28
nodes : 244713322.000000
filtered : 1444771050.000000
time : 1000.000000
