Parameters: GAD=1 vflib=1 dir=1 label=1 lowerbound=1 fileNameGp=../../cp2016-max-common-connected-subgraph-paper/datasets/graphsdb/mcs10/m3D/m3Dr2/mcs10_m3Dr2_s100.A06 fileNameGt=../../cp2016-max-common-connected-subgraph-paper/datasets/graphsdb/mcs10/m3D/m3Dr2/mcs10_m3Dr2_s100.B06
Reading graphs...
100 : 255
100 : 255
Initializing...
maxdom : 7
D->valSize : 329
Solving...
Blb : 3 (clique : 22)
currentSize : 22 <-- 0.003234 s
currentSize : 23 <-- 0.011589 s
currentSize : 24 <-- 0.037230 s
currentSize : 25 <-- 0.049864 s
currentSize : 26 <-- 1.267451 s
currentSize : 27 <-- 6.859407 s
currentSize : 28 <-- 6.910932 s
currentSize : 29 <-- 55.455273 s

TIMEOUT
maxsize : 29
nodes : 193998618.000000
filtered : 1213367561.000000
time : 1000.000000
