Parameters: GAD=1 vflib=1 dir=1 label=1 lowerbound=1 fileNameGp=../../cp2016-max-common-connected-subgraph-paper/datasets/graphsdb/mcs10/m3D/m3Dr4/mcs10_m3Dr4_s70.A00 fileNameGt=../../cp2016-max-common-connected-subgraph-paper/datasets/graphsdb/mcs10/m3D/m3Dr4/mcs10_m3Dr4_s70.B00
Reading graphs...
70 : 187
70 : 186
Initializing...
maxdom : 9
D->valSize : 325
Solving...
Blb : 2 (clique : 21)
currentSize : 21 <-- 0.004033 s
currentSize : 22 <-- 0.005400 s
currentSize : 23 <-- 0.656039 s
currentSize : 24 <-- 2.955588 s
currentSize : 25 <-- 222.770874 s
currentSize : 26 <-- 277.313568 s

TIMEOUT
maxsize : 26
nodes : 242669681.000000
filtered : 1780924605.000000
time : 1000.000000
