Parameters: GAD=1 vflib=1 dir=1 label=1 lowerbound=1 fileNameGp=../../cp2016-max-common-connected-subgraph-paper/datasets/graphsdb/mcs10/m2D/m2Dr4/mcs10_m2Dr4_s80.A05 fileNameGt=../../cp2016-max-common-connected-subgraph-paper/datasets/graphsdb/mcs10/m2D/m2Dr4/mcs10_m2Dr4_s80.B05
Reading graphs...
80 : 174
80 : 173
Initializing...
maxdom : 11
D->valSize : 413
Solving...
Blb : 5 (clique : 24)
currentSize : 24 <-- 0.005026 s
currentSize : 25 <-- 0.603610 s
currentSize : 26 <-- 0.611018 s
currentSize : 27 <-- 0.930719 s
currentSize : 28 <-- 63.309910 s
currentSize : 29 <-- 259.629181 s
currentSize : 30 <-- 274.676819 s

TIMEOUT
maxsize : 30
nodes : 236030689.000000
filtered : 1699109907.000000
time : 1000.000000
