Parameters: GAD=1 vflib=1 dir=1 label=1 lowerbound=1 fileNameGp=../../cp2016-max-common-connected-subgraph-paper/datasets/graphsdb/mcs10/m3D/m3Dr4/mcs10_m3Dr4_s70.A04 fileNameGt=../../cp2016-max-common-connected-subgraph-paper/datasets/graphsdb/mcs10/m3D/m3Dr4/mcs10_m3Dr4_s70.B04
Reading graphs...
70 : 187
70 : 186
Initializing...
maxdom : 8
D->valSize : 314
Solving...
Blb : 3 (clique : 19)
currentSize : 19 <-- 0.004123 s
currentSize : 20 <-- 0.004335 s
currentSize : 21 <-- 1.299657 s
currentSize : 22 <-- 5.080521 s
currentSize : 23 <-- 125.328438 s
currentSize : 24 <-- 264.865845 s
currentSize : 25 <-- 353.660461 s

TIMEOUT
maxsize : 25
nodes : 246543652.000000
filtered : 1895553752.000000
time : 1000.000000
