Parameters: GAD=1 vflib=1 dir=1 label=1 lowerbound=1 fileNameGp=../../cp2016-max-common-connected-subgraph-paper/datasets/graphsdb/mcs10/m2D/m2Dr4/mcs10_m2Dr4_s100.A00 fileNameGt=../../cp2016-max-common-connected-subgraph-paper/datasets/graphsdb/mcs10/m2D/m2Dr4/mcs10_m2Dr4_s100.B00
Reading graphs...
100 : 220
100 : 219
Initializing...
maxdom : 7
D->valSize : 307
Solving...
Blb : 2 (clique : 31)
currentSize : 31 <-- 0.004615 s
currentSize : 32 <-- 0.007810 s
currentSize : 33 <-- 0.007917 s
currentSize : 34 <-- 6.379260 s
currentSize : 35 <-- 12.273601 s
currentSize : 36 <-- 69.747581 s
currentSize : 37 <-- 393.786133 s
currentSize : 38 <-- 561.872070 s

TIMEOUT
maxsize : 38
nodes : 210079697.000000
filtered : 886302270.000000
time : 1000.000061
