Parameters: GAD=1 vflib=1 dir=1 label=1 lowerbound=1 fileNameGp=../../cp2016-max-common-connected-subgraph-paper/datasets/graphsdb/mcs10/m2D/m2Dr6/mcs10_m2Dr6_s60.A01 fileNameGt=../../cp2016-max-common-connected-subgraph-paper/datasets/graphsdb/mcs10/m2D/m2Dr6/mcs10_m2Dr6_s60.B01
Reading graphs...
60 : 139
60 : 138
Initializing...
maxdom : 8
D->valSize : 256
Solving...
Blb : 2 (clique : 17)
currentSize : 17 <-- 0.002684 s
currentSize : 18 <-- 0.002828 s
currentSize : 19 <-- 0.002909 s
currentSize : 20 <-- 0.750795 s
currentSize : 21 <-- 0.969228 s
currentSize : 22 <-- 18.228519 s

maxsize : 22
nodes : 80384110.000000
filtered : 589658937.000000
time : 314.668884
