Parameters: GAD=1 vflib=1 dir=1 label=1 lowerbound=1 fileNameGp=../../cp2016-max-common-connected-subgraph-paper/datasets/graphsdb/mcs10/m3D/m3Dr4/mcs10_m3Dr4_s60.A02 fileNameGt=../../cp2016-max-common-connected-subgraph-paper/datasets/graphsdb/mcs10/m3D/m3Dr4/mcs10_m3Dr4_s60.B02
Reading graphs...
60 : 158
60 : 157
Initializing...
maxdom : 6
D->valSize : 233
Solving...
Blb : 2 (clique : 18)
currentSize : 18 <-- 0.002489 s
currentSize : 19 <-- 0.002666 s
currentSize : 20 <-- 0.003532 s
currentSize : 21 <-- 0.007893 s
currentSize : 22 <-- 10.892772 s

maxsize : 22
nodes : 44103884.000000
filtered : 351470603.000000
time : 174.509186
