Parameters: GAD=1 vflib=1 dir=1 label=1 lowerbound=1 fileNameGp=../../cp2016-max-common-connected-subgraph-paper/datasets/graphsdb/mcs10/bvg/b06m/mcs10_b06m_s70.A01 fileNameGt=../../cp2016-max-common-connected-subgraph-paper/datasets/graphsdb/mcs10/bvg/b06m/mcs10_b06m_s70.B01
Reading graphs...
70 : 210
70 : 210
Initializing...
maxdom : 10
D->valSize : 301
Solving...
Blb : 2 (clique : 19)
currentSize : 19 <-- 0.002608 s
currentSize : 20 <-- 0.003485 s
currentSize : 21 <-- 0.009353 s
currentSize : 22 <-- 0.810959 s
currentSize : 23 <-- 88.219131 s
currentSize : 24 <-- 377.007751 s

TIMEOUT
maxsize : 24
nodes : 239867102.000000
filtered : 1713381616.000000
time : 1000.000000
