Parameters: GAD=1 vflib=1 dir=1 label=1 lowerbound=1 fileNameGp=../../cp2016-max-common-connected-subgraph-paper/datasets/graphsdb/mcs10/rand/r005/mcs10_r005_s90.A05 fileNameGt=../../cp2016-max-common-connected-subgraph-paper/datasets/graphsdb/mcs10/rand/r005/mcs10_r005_s90.B05
Reading graphs...
90 : 405
90 : 405
Initializing...
maxdom : 11
D->valSize : 512
Solving...
Blb : 2 (clique : 19)
currentSize : 19 <-- 0.005544 s
currentSize : 20 <-- 0.005924 s
currentSize : 21 <-- 6.460801 s
currentSize : 22 <-- 6.530321 s
currentSize : 23 <-- 22.786173 s
currentSize : 24 <-- 78.776413 s
currentSize : 25 <-- 782.133301 s

TIMEOUT
maxsize : 25
nodes : 212706901.000000
filtered : 1810132390.000000
time : 1000.000000
