Parameters: GAD=1 vflib=1 dir=1 label=1 lowerbound=1 fileNameGp=../../cp2016-max-common-connected-subgraph-paper/datasets/graphsdb/mcs10/m2D/m2Dr6/mcs10_m2Dr6_s100.A03 fileNameGt=../../cp2016-max-common-connected-subgraph-paper/datasets/graphsdb/mcs10/m2D/m2Dr6/mcs10_m2Dr6_s100.B03
Reading graphs...
100 : 240
100 : 238
Initializing...
maxdom : 7
D->valSize : 300
Solving...
Blb : 2 (clique : 28)
currentSize : 28 <-- 0.003750 s
currentSize : 29 <-- 0.105202 s
currentSize : 30 <-- 0.540929 s
currentSize : 31 <-- 2.798230 s
currentSize : 32 <-- 14.544927 s
currentSize : 33 <-- 147.596359 s
currentSize : 34 <-- 352.292114 s

TIMEOUT
maxsize : 34
nodes : 234357922.000000
filtered : 770368816.000000
time : 1000.000000
