Parameters: GAD=1 vflib=1 dir=1 label=1 lowerbound=1 fileNameGp=../../cp2016-max-common-connected-subgraph-paper/datasets/graphsdb/mcs10/rand/r01/mcs10_r01_s100.A00 fileNameGt=../../cp2016-max-common-connected-subgraph-paper/datasets/graphsdb/mcs10/rand/r01/mcs10_r01_s100.B00
Reading graphs...
100 : 990
100 : 990
Initializing...
maxdom : 6
D->valSize : 341
Solving...
Blb : 2 (clique : 12)
currentSize : 12 <-- 0.003095 s
currentSize : 13 <-- 0.003216 s
currentSize : 14 <-- 0.019564 s
currentSize : 15 <-- 0.038602 s
currentSize : 16 <-- 2.044807 s
currentSize : 17 <-- 59.619999 s
currentSize : 18 <-- 62.894844 s

maxsize : 18
nodes : 41430571.000000
filtered : 343990768.000000
time : 223.620163
