Parameters: GAD=1 vflib=1 dir=1 label=1 lowerbound=1 fileNameGp=../../cp2016-max-common-connected-subgraph-paper/datasets/graphsdb/mcs10/rand/r01/mcs10_r01_s90.A08 fileNameGt=../../cp2016-max-common-connected-subgraph-paper/datasets/graphsdb/mcs10/rand/r01/mcs10_r01_s90.B08
Reading graphs...
90 : 802
90 : 802
Initializing...
maxdom : 9
D->valSize : 547
Solving...
Blb : 2 (clique : 12)
currentSize : 12 <-- 0.008933 s
currentSize : 13 <-- 0.009239 s
currentSize : 14 <-- 0.009839 s
currentSize : 15 <-- 0.337018 s
currentSize : 16 <-- 3.014792 s
currentSize : 17 <-- 41.228733 s
currentSize : 18 <-- 392.795868 s

TIMEOUT
maxsize : 18
nodes : 189442182.000000
filtered : 2269710289.000000
time : 1000.000000
