Parameters: GAD=1 vflib=1 dir=1 label=1 lowerbound=1 fileNameGp=../../cp2016-max-common-connected-subgraph-paper/datasets/graphsdb/mcs10/m3D/m3Dr2/mcs10_m3Dr2_s70.A05 fileNameGt=../../cp2016-max-common-connected-subgraph-paper/datasets/graphsdb/mcs10/m3D/m3Dr2/mcs10_m3Dr2_s70.B05
Reading graphs...
70 : 173
70 : 173
Initializing...
maxdom : 9
D->valSize : 318
Solving...
Blb : 2 (clique : 18)
currentSize : 18 <-- 0.004150 s
currentSize : 19 <-- 0.004346 s
currentSize : 20 <-- 0.004438 s
currentSize : 21 <-- 0.067117 s
currentSize : 22 <-- 6.547077 s
currentSize : 23 <-- 24.322830 s

TIMEOUT
maxsize : 23
nodes : 249999361.000000
filtered : 1916099381.000000
time : 1000.000000
