Parameters: GAD=1 vflib=1 dir=1 label=1 lowerbound=1 fileNameGp=../../cp2016-max-common-connected-subgraph-paper/datasets/graphsdb/mcs10/m3D/m3Dr2/mcs10_m3Dr2_s60.A02 fileNameGt=../../cp2016-max-common-connected-subgraph-paper/datasets/graphsdb/mcs10/m3D/m3Dr2/mcs10_m3Dr2_s60.B02
Reading graphs...
60 : 146
60 : 146
Initializing...
maxdom : 7
D->valSize : 235
Solving...
Blb : 2 (clique : 19)
currentSize : 19 <-- 0.001621 s
currentSize : 20 <-- 0.010430 s
currentSize : 21 <-- 0.062206 s
currentSize : 22 <-- 0.097422 s
currentSize : 23 <-- 27.293932 s
currentSize : 24 <-- 35.587166 s
currentSize : 25 <-- 326.420227 s

maxsize : 25
nodes : 127859352.000000
filtered : 860248438.000000
time : 462.415588
