Parameters: GAD=1 vflib=1 dir=1 label=1 lowerbound=1 fileNameGp=../../cp2016-max-common-connected-subgraph-paper/datasets/graphsdb/mcs10/bvg/b06/mcs10_b06_s70.A00 fileNameGt=../../cp2016-max-common-connected-subgraph-paper/datasets/graphsdb/mcs10/bvg/b06/mcs10_b06_s70.B00
Reading graphs...
70 : 210
70 : 210
Initializing...
maxdom : 8
D->valSize : 336
Solving...
Blb : 2 (clique : 19)
currentSize : 19 <-- 0.002717 s
currentSize : 20 <-- 0.003097 s
currentSize : 21 <-- 0.008136 s
currentSize : 22 <-- 0.126466 s
currentSize : 23 <-- 2.855436 s
currentSize : 24 <-- 36.128578 s
currentSize : 25 <-- 961.100586 s

TIMEOUT
maxsize : 25
nodes : 242050016.000000
filtered : 1808822613.000000
time : 1000.000000
