Parameters: GAD=1 vflib=1 dir=1 label=1 lowerbound=1 fileNameGp=../../cp2016-max-common-connected-subgraph-paper/datasets/graphsdb/mcs10/m3D/m3Dr4/mcs10_m3Dr4_s70.A08 fileNameGt=../../cp2016-max-common-connected-subgraph-paper/datasets/graphsdb/mcs10/m3D/m3Dr4/mcs10_m3Dr4_s70.B08
Reading graphs...
70 : 186
70 : 185
Initializing...
maxdom : 8
D->valSize : 319
Solving...
Blb : 2 (clique : 19)
currentSize : 19 <-- 0.002488 s
currentSize : 20 <-- 0.002727 s
currentSize : 21 <-- 0.506572 s
currentSize : 22 <-- 0.553530 s
currentSize : 23 <-- 0.579716 s
currentSize : 24 <-- 7.888613 s

TIMEOUT
maxsize : 24
nodes : 235896410.000000
filtered : 2108666029.000000
time : 1000.000000
