Parameters: GAD=1 vflib=1 dir=1 label=1 lowerbound=1 fileNameGp=../../cp2016-max-common-connected-subgraph-paper/datasets/graphsdb/mcs10/bvg/b03m/mcs10_b03m_s70.A02 fileNameGt=../../cp2016-max-common-connected-subgraph-paper/datasets/graphsdb/mcs10/bvg/b03m/mcs10_b03m_s70.B02
Reading graphs...
70 : 105
70 : 105
Initializing...
maxdom : 8
D->valSize : 326
Solving...
Blb : 2 (clique : 24)
currentSize : 24 <-- 0.002689 s
currentSize : 25 <-- 0.142038 s
currentSize : 26 <-- 0.151275 s
currentSize : 27 <-- 3.661345 s
currentSize : 28 <-- 13.319604 s
currentSize : 29 <-- 100.528351 s
currentSize : 30 <-- 116.030510 s

TIMEOUT
maxsize : 30
nodes : 303594582.000000
filtered : 1259318979.000000
time : 1000.000000
