Parameters: GAD=1 vflib=1 dir=1 label=1 lowerbound=1 fileNameGp=../../cp2016-max-common-connected-subgraph-paper/datasets/graphsdb/mcs10/m3D/m3D/mcs10_m3D_s70.A00 fileNameGt=../../cp2016-max-common-connected-subgraph-paper/datasets/graphsdb/mcs10/m3D/m3D/mcs10_m3D_s70.B00
Reading graphs...
70 : 159
70 : 159
Initializing...
maxdom : 8
D->valSize : 333
Solving...
Blb : 2 (clique : 21)
currentSize : 21 <-- 0.002798 s
currentSize : 22 <-- 0.005093 s
currentSize : 23 <-- 0.024903 s
currentSize : 24 <-- 0.282161 s
currentSize : 25 <-- 163.467514 s
currentSize : 26 <-- 814.513123 s

TIMEOUT
maxsize : 26
nodes : 277067483.000000
filtered : 1733230173.000000
time : 1000.000000
