Parameters: GAD=1 vflib=1 dir=1 label=1 lowerbound=1 fileNameGp=../../cp2016-max-common-connected-subgraph-paper/datasets/graphsdb/mcs10/bvg/b06/mcs10_b06_s100.A01 fileNameGt=../../cp2016-max-common-connected-subgraph-paper/datasets/graphsdb/mcs10/bvg/b06/mcs10_b06_s100.B01
Reading graphs...
100 : 300
100 : 300
Initializing...
maxdom : 7
D->valSize : 322
Solving...
Blb : 3 (clique : 25)
currentSize : 25 <-- 0.004152 s
currentSize : 26 <-- 0.004346 s
currentSize : 27 <-- 0.293871 s
currentSize : 28 <-- 0.293932 s
currentSize : 29 <-- 4.218424 s
currentSize : 30 <-- 103.154778 s
currentSize : 31 <-- 298.531006 s
currentSize : 32 <-- 298.536011 s

TIMEOUT
maxsize : 32
nodes : 203169579.000000
filtered : 1039870462.000000
time : 1000.000000
