Parameters: GAD=1 vflib=1 dir=1 label=1 lowerbound=1 fileNameGp=../../cp2016-max-common-connected-subgraph-paper/datasets/graphsdb/mcs10/m2D/m2Dr4/mcs10_m2Dr4_s90.A05 fileNameGt=../../cp2016-max-common-connected-subgraph-paper/datasets/graphsdb/mcs10/m2D/m2Dr4/mcs10_m2Dr4_s90.B05
Reading graphs...
90 : 197
90 : 196
Initializing...
maxdom : 10
D->valSize : 540
Solving...
Blb : 2 (clique : 28)
currentSize : 28 <-- 0.006088 s
currentSize : 29 <-- 0.081395 s
currentSize : 30 <-- 0.739469 s
currentSize : 31 <-- 2.630844 s
currentSize : 32 <-- 3.606489 s
currentSize : 33 <-- 159.807541 s
currentSize : 34 <-- 531.155518 s

TIMEOUT
maxsize : 34
nodes : 225960681.000000
filtered : 1474984808.000000
time : 1000.000000
