Parameters: GAD=1 vflib=1 dir=1 label=1 lowerbound=1 fileNameGp=../../cp2016-max-common-connected-subgraph-paper/datasets/graphsdb/mcs10/rand/r01/mcs10_r01_s70.A04 fileNameGt=../../cp2016-max-common-connected-subgraph-paper/datasets/graphsdb/mcs10/rand/r01/mcs10_r01_s70.B04
Reading graphs...
70 : 485
70 : 485
Initializing...
maxdom : 6
D->valSize : 300
Solving...
Blb : 2 (clique : 10)
currentSize : 10 <-- 0.002162 s
currentSize : 11 <-- 0.002477 s
currentSize : 12 <-- 0.005575 s
currentSize : 13 <-- 0.012212 s
currentSize : 14 <-- 0.588743 s
currentSize : 15 <-- 5.409965 s
currentSize : 16 <-- 13.536479 s

maxsize : 16
nodes : 5762056.000000
filtered : 52590795.000000
time : 25.197027
