Parameters: GAD=1 vflib=1 dir=1 label=1 lowerbound=1 fileNameGp=../../cp2016-max-common-connected-subgraph-paper/datasets/graphsdb/mcs10/m3D/m3D/mcs10_m3D_s100.A01 fileNameGt=../../cp2016-max-common-connected-subgraph-paper/datasets/graphsdb/mcs10/m3D/m3D/mcs10_m3D_s100.B01
Reading graphs...
100 : 235
100 : 235
Initializing...
maxdom : 7
D->valSize : 317
Solving...
Blb : 2 (clique : 27)
currentSize : 27 <-- 0.004075 s
currentSize : 28 <-- 0.004319 s
currentSize : 29 <-- 0.009136 s
currentSize : 30 <-- 0.686258 s
currentSize : 31 <-- 0.697794 s
currentSize : 32 <-- 5.754767 s
currentSize : 33 <-- 6.797528 s
currentSize : 34 <-- 127.158966 s

TIMEOUT
maxsize : 34
nodes : 216034866.000000
filtered : 1094884847.000000
time : 1000.000000
