Parameters: GAD=1 vflib=1 dir=1 label=1 lowerbound=1 fileNameGp=../../cp2016-max-common-connected-subgraph-paper/datasets/graphsdb/mcs10/bvg/b03/mcs10_b03_s60.A09 fileNameGt=../../cp2016-max-common-connected-subgraph-paper/datasets/graphsdb/mcs10/bvg/b03/mcs10_b03_s60.B09
Reading graphs...
60 : 90
60 : 90
Initializing...
maxdom : 9
D->valSize : 256
Solving...
Blb : 2 (clique : 20)
currentSize : 20 <-- 0.001946 s
currentSize : 21 <-- 0.002075 s
currentSize : 22 <-- 0.100530 s
currentSize : 23 <-- 0.963302 s
currentSize : 24 <-- 18.097878 s
currentSize : 25 <-- 197.321014 s
currentSize : 26 <-- 683.931213 s

TIMEOUT
maxsize : 26
nodes : 341564775.000000
filtered : 1392848677.000000
time : 1000.000000
