Parameters: GAD=1 vflib=1 dir=1 label=1 lowerbound=1 fileNameGp=../../cp2016-max-common-connected-subgraph-paper/datasets/graphsdb/mcs10/m3D/m3D/mcs10_m3D_s90.A09 fileNameGt=../../cp2016-max-common-connected-subgraph-paper/datasets/graphsdb/mcs10/m3D/m3D/mcs10_m3D_s90.B09
Reading graphs...
90 : 209
90 : 209
Initializing...
maxdom : 11
D->valSize : 501
Solving...
Blb : 2 (clique : 27)
currentSize : 27 <-- 0.005626 s
currentSize : 28 <-- 0.128230 s
currentSize : 29 <-- 0.754687 s
currentSize : 30 <-- 20.072119 s
currentSize : 31 <-- 83.148949 s
currentSize : 32 <-- 617.885254 s

TIMEOUT
maxsize : 32
nodes : 237467285.000000
filtered : 1271846303.000000
time : 1000.000000
