Parameters: GAD=1 vflib=1 dir=1 label=1 lowerbound=1 fileNameGp=../../cp2016-max-common-connected-subgraph-paper/datasets/graphsdb/mcs10/bvg/b06/mcs10_b06_s100.A05 fileNameGt=../../cp2016-max-common-connected-subgraph-paper/datasets/graphsdb/mcs10/bvg/b06/mcs10_b06_s100.B05
Reading graphs...
100 : 300
100 : 300
Initializing...
maxdom : 8
D->valSize : 323
Solving...
Blb : 2 (clique : 24)
currentSize : 24 <-- 0.003282 s
currentSize : 25 <-- 0.004093 s
currentSize : 26 <-- 0.004209 s
currentSize : 27 <-- 0.004373 s
currentSize : 28 <-- 0.007399 s
currentSize : 29 <-- 6.200339 s
currentSize : 30 <-- 32.642738 s
currentSize : 31 <-- 620.963867 s

TIMEOUT
maxsize : 31
nodes : 204662070.000000
filtered : 1202216484.000000
time : 1000.000000
