Parameters: GAD=1 vflib=1 dir=1 label=1 lowerbound=1 fileNameGp=../../cp2016-max-common-connected-subgraph-paper/datasets/graphsdb/mcs10/m3D/m3Dr6/mcs10_m3Dr6_s60.A01 fileNameGt=../../cp2016-max-common-connected-subgraph-paper/datasets/graphsdb/mcs10/m3D/m3Dr6/mcs10_m3Dr6_s60.B01
Reading graphs...
60 : 170
60 : 170
Initializing...
maxdom : 6
D->valSize : 224
Solving...
Blb : 2 (clique : 17)
currentSize : 17 <-- 0.001492 s
currentSize : 18 <-- 0.096685 s
currentSize : 19 <-- 0.235408 s
currentSize : 20 <-- 0.901220 s
currentSize : 21 <-- 9.144462 s
currentSize : 22 <-- 94.566887 s

maxsize : 22
nodes : 29643485.000000
filtered : 218469165.000000
time : 114.853271
