Parameters: GAD=1 vflib=1 dir=1 label=1 lowerbound=1 fileNameGp=../../cp2016-max-common-connected-subgraph-paper/datasets/graphsdb/mcs10/bvg/b06/mcs10_b06_s80.A09 fileNameGt=../../cp2016-max-common-connected-subgraph-paper/datasets/graphsdb/mcs10/bvg/b06/mcs10_b06_s80.B09
Reading graphs...
80 : 240
80 : 240
Initializing...
maxdom : 9
D->valSize : 407
Solving...
Blb : 2 (clique : 23)
currentSize : 23 <-- 0.003643 s
currentSize : 24 <-- 0.210601 s
currentSize : 25 <-- 0.403628 s
currentSize : 26 <-- 23.976215 s
currentSize : 27 <-- 504.033417 s
currentSize : 28 <-- 892.012695 s
currentSize : 29 <-- 902.502258 s
currentSize : 30 <-- 958.714050 s

TIMEOUT
maxsize : 30
nodes : 252748281.000000
filtered : 1504040264.000000
time : 1000.000000
