Parameters: GAD=1 vflib=1 dir=1 label=1 lowerbound=1 fileNameGp=../../cp2016-max-common-connected-subgraph-paper/datasets/graphsdb/mcs10/m3D/m3Dr2/mcs10_m3Dr2_s80.A02 fileNameGt=../../cp2016-max-common-connected-subgraph-paper/datasets/graphsdb/mcs10/m3D/m3Dr2/mcs10_m3Dr2_s80.B02
Reading graphs...
80 : 200
80 : 200
Initializing...
maxdom : 9
D->valSize : 407
Solving...
Blb : 2 (clique : 22)
currentSize : 22 <-- 0.006259 s
currentSize : 24 <-- 0.006494 s
currentSize : 25 <-- 0.020031 s
currentSize : 26 <-- 0.187971 s
currentSize : 27 <-- 0.516581 s
currentSize : 28 <-- 6.118520 s
currentSize : 29 <-- 10.291363 s

TIMEOUT
maxsize : 29
nodes : 238226451.000000
filtered : 1789168318.000000
time : 1000.000000
