Parameters: GAD=1 vflib=1 dir=1 label=1 lowerbound=1 fileNameGp=../../cp2016-max-common-connected-subgraph-paper/datasets/graphsdb/mcs10/bvg/b06m/mcs10_b06m_s100.A07 fileNameGt=../../cp2016-max-common-connected-subgraph-paper/datasets/graphsdb/mcs10/bvg/b06m/mcs10_b06m_s100.B07
Reading graphs...
100 : 300
100 : 300
Initializing...
maxdom : 7
D->valSize : 312
Solving...
Blb : 2 (clique : 23)
currentSize : 23 <-- 0.004659 s
currentSize : 24 <-- 0.005083 s
currentSize : 25 <-- 0.005512 s
currentSize : 26 <-- 0.008588 s
currentSize : 27 <-- 0.142622 s
currentSize : 28 <-- 0.158726 s
currentSize : 29 <-- 0.158935 s
currentSize : 30 <-- 56.461643 s
currentSize : 31 <-- 70.042618 s
currentSize : 32 <-- 109.359322 s
currentSize : 33 <-- 457.007446 s

TIMEOUT
maxsize : 33
nodes : 217477222.000000
filtered : 1060407048.000000
time : 1000.000000
