Parameters: GAD=1 vflib=1 dir=1 label=1 lowerbound=1 fileNameGp=../../cp2016-max-common-connected-subgraph-paper/datasets/graphsdb/mcs10/rand/r01/mcs10_r01_s70.A07 fileNameGt=../../cp2016-max-common-connected-subgraph-paper/datasets/graphsdb/mcs10/rand/r01/mcs10_r01_s70.B07
Reading graphs...
70 : 485
70 : 485
Initializing...
maxdom : 8
D->valSize : 312
Solving...
Blb : 5 (clique : 11)
currentSize : 11 <-- 0.003437 s
currentSize : 12 <-- 0.003638 s
currentSize : 13 <-- 0.129016 s
currentSize : 14 <-- 0.193989 s
currentSize : 15 <-- 3.427892 s
currentSize : 16 <-- 19.403423 s

maxsize : 16
nodes : 11598719.000000
filtered : 115060937.000000
time : 52.405094
