Parameters: GAD=1 vflib=1 dir=1 label=1 lowerbound=1 fileNameGp=../../cp2016-max-common-connected-subgraph-paper/datasets/graphsdb/mcs10/m2D/m2Dr2/mcs10_m2Dr2_s100.A08 fileNameGt=../../cp2016-max-common-connected-subgraph-paper/datasets/graphsdb/mcs10/m2D/m2Dr2/mcs10_m2Dr2_s100.B08
Reading graphs...
100 : 199
100 : 199
Initializing...
maxdom : 8
D->valSize : 331
Solving...
Blb : 2 (clique : 29)
currentSize : 29 <-- 0.004922 s
currentSize : 30 <-- 0.008188 s
currentSize : 31 <-- 0.022364 s
currentSize : 32 <-- 40.238262 s
currentSize : 33 <-- 82.868607 s
currentSize : 34 <-- 401.583832 s
currentSize : 35 <-- 767.385986 s

TIMEOUT
maxsize : 35
nodes : 234863577.000000
filtered : 652150513.000000
time : 1000.000000
