Parameters: GAD=1 vflib=1 dir=1 label=1 lowerbound=1 fileNameGp=../../cp2016-max-common-connected-subgraph-paper/datasets/graphsdb/mcs10/bvg/b06/mcs10_b06_s70.A01 fileNameGt=../../cp2016-max-common-connected-subgraph-paper/datasets/graphsdb/mcs10/bvg/b06/mcs10_b06_s70.B01
Reading graphs...
70 : 210
70 : 210
Initializing...
maxdom : 9
D->valSize : 299
Solving...
Blb : 3 (clique : 17)
currentSize : 17 <-- 0.002360 s
currentSize : 18 <-- 0.002884 s
currentSize : 19 <-- 0.007012 s
currentSize : 20 <-- 0.065404 s
currentSize : 21 <-- 12.611065 s
currentSize : 22 <-- 676.695740 s
currentSize : 23 <-- 680.058105 s

TIMEOUT
maxsize : 23
nodes : 259751077.000000
filtered : 2021022735.000000
time : 1000.000000
