Parameters: GAD=1 vflib=1 dir=1 label=1 lowerbound=1 fileNameGp=../../cp2016-max-common-connected-subgraph-paper/datasets/graphsdb/mcs10/rand/r005/mcs10_r005_s50.A07 fileNameGt=../../cp2016-max-common-connected-subgraph-paper/datasets/graphsdb/mcs10/rand/r005/mcs10_r005_s50.B07
Reading graphs...
50 : 125
50 : 125
Initializing...
maxdom : 11
D->valSize : 276
Solving...
Blb : 5 (clique : 14)
currentSize : 14 <-- 0.001827 s
currentSize : 15 <-- 0.002290 s
currentSize : 16 <-- 6.636706 s
currentSize : 17 <-- 6.694637 s
currentSize : 18 <-- 90.371864 s

maxsize : 18
nodes : 47417166.000000
filtered : 431675274.000000
time : 138.140991
