Parameters: GAD=1 vflib=1 dir=1 label=1 lowerbound=1 fileNameGp=../../cp2016-max-common-connected-subgraph-paper/datasets/graphsdb/mcs10/bvg/b06/mcs10_b06_s80.A00 fileNameGt=../../cp2016-max-common-connected-subgraph-paper/datasets/graphsdb/mcs10/bvg/b06/mcs10_b06_s80.B00
Reading graphs...
80 : 240
80 : 240
Initializing...
maxdom : 10
D->valSize : 406
Solving...
Blb : 2 (clique : 22)
currentSize : 22 <-- 0.003719 s
currentSize : 23 <-- 0.005847 s
currentSize : 24 <-- 0.062347 s
currentSize : 25 <-- 14.139865 s
currentSize : 26 <-- 15.150752 s
currentSize : 27 <-- 390.084137 s

TIMEOUT
maxsize : 27
nodes : 225760976.000000
filtered : 1593443979.000000
time : 1000.000000
