Parameters: GAD=1 vflib=1 dir=1 label=1 lowerbound=1 fileNameGp=../../cp2016-max-common-connected-subgraph-paper/datasets/graphsdb/mcs10/m3D/m3D/mcs10_m3D_s60.A02 fileNameGt=../../cp2016-max-common-connected-subgraph-paper/datasets/graphsdb/mcs10/m3D/m3D/mcs10_m3D_s60.B02
Reading graphs...
60 : 134
60 : 134
Initializing...
maxdom : 8
D->valSize : 249
Solving...
Blb : 3 (clique : 20)
currentSize : 20 <-- 0.001722 s
currentSize : 21 <-- 0.254893 s
currentSize : 22 <-- 0.988931 s
currentSize : 23 <-- 1.657848 s
currentSize : 24 <-- 21.414873 s
currentSize : 25 <-- 81.978821 s

maxsize : 25
nodes : 212780882.000000
filtered : 1779223810.000000
time : 840.311707
