Parameters: GAD=1 vflib=1 dir=1 label=1 lowerbound=1 fileNameGp=../../cp2016-max-common-connected-subgraph-paper/datasets/graphsdb/mcs10/m3D/m3Dr4/mcs10_m3Dr4_s80.A00 fileNameGt=../../cp2016-max-common-connected-subgraph-paper/datasets/graphsdb/mcs10/m3D/m3Dr4/mcs10_m3Dr4_s80.B00
Reading graphs...
80 : 216
80 : 213
Initializing...
maxdom : 9
D->valSize : 412
Solving...
Blb : 2 (clique : 22)
currentSize : 22 <-- 0.006003 s
currentSize : 23 <-- 0.006395 s
currentSize : 24 <-- 0.006953 s
currentSize : 25 <-- 0.018614 s
currentSize : 26 <-- 0.464553 s
currentSize : 27 <-- 14.307238 s
currentSize : 28 <-- 62.187180 s

TIMEOUT
maxsize : 28
nodes : 230449038.000000
filtered : 1634888095.000000
time : 1000.000000
