Parameters: GAD=1 vflib=1 dir=1 label=1 lowerbound=1 fileNameGp=../../cp2016-max-common-connected-subgraph-paper/datasets/graphsdb/mcs10/m2D/m2Dr4/mcs10_m2Dr4_s50.A08 fileNameGt=../../cp2016-max-common-connected-subgraph-paper/datasets/graphsdb/mcs10/m2D/m2Dr4/mcs10_m2Dr4_s50.B08
Reading graphs...
50 : 105
50 : 104
Initializing...
maxdom : 9
D->valSize : 325
Solving...
Blb : 2 (clique : 16)
currentSize : 16 <-- 0.002254 s
currentSize : 18 <-- 0.002363 s
currentSize : 19 <-- 0.095379 s
currentSize : 20 <-- 87.882141 s
currentSize : 21 <-- 135.702789 s
currentSize : 22 <-- 157.901917 s
currentSize : 23 <-- 500.834961 s

maxsize : 23
nodes : 237693157.000000
filtered : 2691181688.000000
time : 898.290161
