Parameters: GAD=1 vflib=1 dir=1 label=1 lowerbound=1 fileNameGp=../../cp2016-max-common-connected-subgraph-paper/datasets/graphsdb/mcs10/bvg/b03m/mcs10_b03m_s60.A02 fileNameGt=../../cp2016-max-common-connected-subgraph-paper/datasets/graphsdb/mcs10/bvg/b03m/mcs10_b03m_s60.B02
Reading graphs...
60 : 90
60 : 90
Initializing...
maxdom : 7
D->valSize : 222
Solving...
Blb : 2 (clique : 21)
currentSize : 21 <-- 0.001570 s
currentSize : 23 <-- 0.001681 s
currentSize : 24 <-- 0.001824 s
currentSize : 25 <-- 0.747537 s
currentSize : 26 <-- 85.962181 s
currentSize : 27 <-- 405.306885 s

maxsize : 27
nodes : 147169749.000000
filtered : 730150413.000000
time : 467.552826
