Parameters: GAD=1 vflib=1 dir=1 label=1 lowerbound=1 fileNameGp=../../cp2016-max-common-connected-subgraph-paper/datasets/graphsdb/mcs10/m4D/m4Dr6/mcs10_m4Dr6_s100.A00 fileNameGt=../../cp2016-max-common-connected-subgraph-paper/datasets/graphsdb/mcs10/m4D/m4Dr6/mcs10_m4Dr6_s100.B00
Reading graphs...
100 : 219
100 : 217
Initializing...
maxdom : 7
D->valSize : 331
Solving...
Blb : 2 (clique : 29)
currentSize : 29 <-- 0.003255 s
currentSize : 30 <-- 0.003462 s
currentSize : 31 <-- 0.006311 s
currentSize : 32 <-- 0.015541 s
currentSize : 33 <-- 0.473538 s
currentSize : 34 <-- 3.906983 s
currentSize : 35 <-- 182.312408 s
currentSize : 36 <-- 698.035522 s

TIMEOUT
maxsize : 36
nodes : 209300383.000000
filtered : 896194898.000000
time : 1000.000000
