Parameters: GAD=1 vflib=1 dir=1 label=1 lowerbound=1 fileNameGp=../../cp2016-max-common-connected-subgraph-paper/datasets/graphsdb/mcs10/bvg/b09/mcs10_b09_s100.A03 fileNameGt=../../cp2016-max-common-connected-subgraph-paper/datasets/graphsdb/mcs10/bvg/b09/mcs10_b09_s100.B03
Reading graphs...
100 : 450
100 : 450
Initializing...
maxdom : 7
D->valSize : 323
Solving...
Blb : 5 (clique : 20)
currentSize : 20 <-- 0.003160 s
currentSize : 21 <-- 0.034520 s
currentSize : 22 <-- 0.166551 s
currentSize : 23 <-- 1.743873 s
currentSize : 24 <-- 11.543236 s
currentSize : 25 <-- 45.128922 s

TIMEOUT
maxsize : 25
nodes : 197211905.000000
filtered : 1077518036.000000
time : 1000.000000
