Parameters: GAD=1 vflib=1 dir=1 label=1 lowerbound=1 fileNameGp=../../cp2016-max-common-connected-subgraph-paper/datasets/graphsdb/mcs10/bvg/b09m/mcs10_b09m_s100.A06 fileNameGt=../../cp2016-max-common-connected-subgraph-paper/datasets/graphsdb/mcs10/bvg/b09m/mcs10_b09m_s100.B06
Reading graphs...
100 : 450
100 : 450
Initializing...
maxdom : 8
D->valSize : 347
Solving...
Blb : 5 (clique : 20)
currentSize : 20 <-- 0.003302 s
currentSize : 21 <-- 0.032225 s
currentSize : 22 <-- 2.151774 s
currentSize : 23 <-- 4.474561 s
currentSize : 24 <-- 4.826802 s
currentSize : 25 <-- 372.780701 s
currentSize : 26 <-- 392.444214 s

TIMEOUT
maxsize : 26
nodes : 203116872.000000
filtered : 1274031813.000000
time : 1000.000000
