Parameters: GAD=1 vflib=1 dir=1 label=1 lowerbound=1 fileNameGp=../../cp2016-max-common-connected-subgraph-paper/datasets/graphsdb/mcs10/m2D/m2D/mcs10_m2D_s100.A06 fileNameGt=../../cp2016-max-common-connected-subgraph-paper/datasets/graphsdb/mcs10/m2D/m2D/mcs10_m2D_s100.B06
Reading graphs...
100 : 180
100 : 180
Initializing...
maxdom : 6
D->valSize : 324
Solving...
Blb : 2 (clique : 30)
currentSize : 30 <-- 0.003377 s
currentSize : 31 <-- 0.006655 s
currentSize : 32 <-- 0.007156 s
currentSize : 33 <-- 0.028241 s
currentSize : 34 <-- 12.934293 s
currentSize : 35 <-- 63.514297 s
currentSize : 36 <-- 557.184326 s
currentSize : 37 <-- 561.910217 s

TIMEOUT
maxsize : 37
nodes : 265427436.000000
filtered : 600651964.000000
time : 1000.000000
