Parameters: GAD=1 vflib=1 dir=1 label=1 lowerbound=1 fileNameGp=../../cp2016-max-common-connected-subgraph-paper/datasets/graphsdb/mcs10/rand/r005/mcs10_r005_s50.A09 fileNameGt=../../cp2016-max-common-connected-subgraph-paper/datasets/graphsdb/mcs10/rand/r005/mcs10_r005_s50.B09
Reading graphs...
50 : 125
50 : 125
Initializing...
maxdom : 9
D->valSize : 285
Solving...
Blb : 2 (clique : 15)
currentSize : 15 <-- 0.002815 s
currentSize : 16 <-- 0.002956 s
currentSize : 17 <-- 0.010484 s
currentSize : 18 <-- 0.018846 s
currentSize : 19 <-- 0.141214 s

maxsize : 19
nodes : 56673936.000000
filtered : 475013485.000000
time : 177.850647
