Parameters: GAD=1 vflib=1 dir=1 label=1 lowerbound=1 fileNameGp=../../cp2016-max-common-connected-subgraph-paper/datasets/graphsdb/mcs10/m2D/m2Dr6/mcs10_m2Dr6_s80.A01 fileNameGt=../../cp2016-max-common-connected-subgraph-paper/datasets/graphsdb/mcs10/m2D/m2Dr6/mcs10_m2Dr6_s80.B01
Reading graphs...
80 : 190
80 : 190
Initializing...
maxdom : 8
D->valSize : 386
Solving...
Blb : 2 (clique : 24)
currentSize : 24 <-- 0.005896 s
currentSize : 25 <-- 0.006367 s
currentSize : 26 <-- 0.008574 s
currentSize : 27 <-- 3.664605 s
currentSize : 28 <-- 11.967062 s
currentSize : 29 <-- 47.246288 s

TIMEOUT
maxsize : 29
nodes : 211270007.000000
filtered : 1895111649.000000
time : 1000.000000
