Parameters: GAD=1 vflib=1 dir=1 label=1 lowerbound=1 fileNameGp=../../cp2016-max-common-connected-subgraph-paper/datasets/graphsdb/mcs10/bvg/b06/mcs10_b06_s80.A04 fileNameGt=../../cp2016-max-common-connected-subgraph-paper/datasets/graphsdb/mcs10/bvg/b06/mcs10_b06_s80.B04
Reading graphs...
80 : 240
80 : 240
Initializing...
maxdom : 9
D->valSize : 401
Solving...
Blb : 2 (clique : 24)
currentSize : 24 <-- 0.005542 s
currentSize : 25 <-- 0.544347 s
currentSize : 26 <-- 0.687437 s
currentSize : 27 <-- 3.695789 s
currentSize : 28 <-- 6.909103 s
currentSize : 29 <-- 44.651550 s

TIMEOUT
maxsize : 29
nodes : 208616768.000000
filtered : 1807612037.000000
time : 1000.000000
