Parameters: GAD=1 vflib=1 dir=1 label=1 lowerbound=1 fileNameGp=../../cp2016-max-common-connected-subgraph-paper/datasets/graphsdb/mcs10/rand/r005/mcs10_r005_s70.A01 fileNameGt=../../cp2016-max-common-connected-subgraph-paper/datasets/graphsdb/mcs10/rand/r005/mcs10_r005_s70.B01
Reading graphs...
70 : 245
70 : 245
Initializing...
maxdom : 9
D->valSize : 295
Solving...
Blb : 2 (clique : 17)
currentSize : 17 <-- 0.002281 s
currentSize : 18 <-- 0.019594 s
currentSize : 19 <-- 0.103198 s
currentSize : 20 <-- 2.299471 s
currentSize : 21 <-- 18.704834 s
currentSize : 22 <-- 181.398239 s
currentSize : 23 <-- 299.224457 s

TIMEOUT
maxsize : 23
nodes : 225809029.000000
filtered : 2016956424.000000
time : 1000.000000
