Parameters: GAD=1 vflib=1 dir=1 label=1 lowerbound=1 fileNameGp=../../cp2016-max-common-connected-subgraph-paper/datasets/graphsdb/mcs10/m3D/m3Dr6/mcs10_m3Dr6_s60.A09 fileNameGt=../../cp2016-max-common-connected-subgraph-paper/datasets/graphsdb/mcs10/m3D/m3Dr6/mcs10_m3Dr6_s60.B09
Reading graphs...
60 : 170
60 : 167
Initializing...
maxdom : 7
D->valSize : 219
Solving...
Blb : 2 (clique : 16)
currentSize : 16 <-- 0.001552 s
currentSize : 17 <-- 0.001673 s
currentSize : 18 <-- 0.001868 s
currentSize : 19 <-- 0.051826 s
currentSize : 20 <-- 0.791719 s
currentSize : 21 <-- 28.995132 s
currentSize : 22 <-- 49.528767 s

maxsize : 22
nodes : 27973133.000000
filtered : 177534189.000000
time : 107.111214
