Parameters: GAD=1 vflib=1 dir=1 label=1 lowerbound=1 fileNameGp=../../cp2016-max-common-connected-subgraph-paper/datasets/graphsdb/mcs10/m3D/m3Dr2/mcs10_m3Dr2_s60.A00 fileNameGt=../../cp2016-max-common-connected-subgraph-paper/datasets/graphsdb/mcs10/m3D/m3Dr2/mcs10_m3Dr2_s60.B00
Reading graphs...
60 : 146
60 : 145
Initializing...
maxdom : 8
D->valSize : 239
Solving...
Blb : 2 (clique : 18)
currentSize : 18 <-- 0.002402 s
currentSize : 19 <-- 0.002937 s
currentSize : 20 <-- 0.003498 s
currentSize : 21 <-- 0.062792 s
currentSize : 22 <-- 2.571246 s
currentSize : 23 <-- 200.419159 s

maxsize : 23
nodes : 78376949.000000
filtered : 677349720.000000
time : 319.766815
