Parameters: GAD=1 vflib=1 dir=1 label=1 lowerbound=1 fileNameGp=../../cp2016-max-common-connected-subgraph-paper/datasets/graphsdb/mcs10/m2D/m2D/mcs10_m2D_s90.A06 fileNameGt=../../cp2016-max-common-connected-subgraph-paper/datasets/graphsdb/mcs10/m2D/m2D/mcs10_m2D_s90.B06
Reading graphs...
90 : 161
90 : 161
Initializing...
maxdom : 10
D->valSize : 524
Solving...
Blb : 2 (clique : 29)
currentSize : 29 <-- 0.006589 s
currentSize : 30 <-- 9.789646 s
currentSize : 31 <-- 11.525540 s
currentSize : 32 <-- 13.641130 s
currentSize : 33 <-- 13.848732 s
currentSize : 34 <-- 841.849304 s

TIMEOUT
maxsize : 34
nodes : 246369739.000000
filtered : 1269230744.000000
time : 1000.000000
