Parameters: GAD=1 vflib=1 dir=1 label=1 lowerbound=1 fileNameGp=../../cp2016-max-common-connected-subgraph-paper/datasets/graphsdb/mcs10/bvg/b06m/mcs10_b06m_s100.A02 fileNameGt=../../cp2016-max-common-connected-subgraph-paper/datasets/graphsdb/mcs10/bvg/b06m/mcs10_b06m_s100.B02
Reading graphs...
100 : 300
100 : 300
Initializing...
maxdom : 6
D->valSize : 304
Solving...
Blb : 2 (clique : 25)
currentSize : 25 <-- 0.002955 s
currentSize : 26 <-- 0.047284 s
currentSize : 27 <-- 0.120691 s
currentSize : 28 <-- 0.180448 s
currentSize : 29 <-- 114.037910 s
currentSize : 30 <-- 662.164062 s

TIMEOUT
maxsize : 30
nodes : 207796506.000000
filtered : 1000499580.000000
time : 1000.000000
