Parameters: GAD=1 vflib=1 dir=1 label=1 lowerbound=1 fileNameGp=../../cp2016-max-common-connected-subgraph-paper/datasets/graphsdb/mcs10/bvg/b03/mcs10_b03_s80.A03 fileNameGt=../../cp2016-max-common-connected-subgraph-paper/datasets/graphsdb/mcs10/bvg/b03/mcs10_b03_s80.B03
Reading graphs...
80 : 120
80 : 120
Initializing...
maxdom : 9
D->valSize : 390
Solving...
Blb : 2 (clique : 28)
currentSize : 28 <-- 0.003692 s
currentSize : 29 <-- 0.006181 s
currentSize : 30 <-- 0.014985 s
currentSize : 31 <-- 0.163055 s
currentSize : 32 <-- 0.184575 s
currentSize : 33 <-- 0.271041 s
currentSize : 34 <-- 0.399870 s

TIMEOUT
maxsize : 34
nodes : 299799371.000000
filtered : 1381857127.000000
time : 1000.000000
