Parameters: GAD=1 vflib=1 dir=1 label=1 lowerbound=1 fileNameGp=../../cp2016-max-common-connected-subgraph-paper/datasets/graphsdb/mcs10/bvg/b06/mcs10_b06_s90.A07 fileNameGt=../../cp2016-max-common-connected-subgraph-paper/datasets/graphsdb/mcs10/bvg/b06/mcs10_b06_s90.B07
Reading graphs...
90 : 270
90 : 270
Initializing...
maxdom : 10
D->valSize : 509
Solving...
Blb : 2 (clique : 26)
currentSize : 26 <-- 0.005591 s
currentSize : 29 <-- 0.005801 s
currentSize : 30 <-- 0.040404 s
currentSize : 31 <-- 0.048109 s
currentSize : 32 <-- 80.441330 s
currentSize : 33 <-- 798.028503 s

TIMEOUT
maxsize : 33
nodes : 230340492.000000
filtered : 1458692672.000000
time : 1000.000000
