Parameters: GAD=1 vflib=1 dir=1 label=1 lowerbound=1 fileNameGp=../../cp2016-max-common-connected-subgraph-paper/datasets/graphsdb/mcs10/bvg/b06/mcs10_b06_s80.A01 fileNameGt=../../cp2016-max-common-connected-subgraph-paper/datasets/graphsdb/mcs10/bvg/b06/mcs10_b06_s80.B01
Reading graphs...
80 : 240
80 : 240
Initializing...
maxdom : 9
D->valSize : 416
Solving...
Blb : 2 (clique : 21)
currentSize : 21 <-- 0.003817 s
currentSize : 22 <-- 0.100403 s
currentSize : 23 <-- 3.242000 s
currentSize : 24 <-- 3.304977 s
currentSize : 25 <-- 94.282486 s
currentSize : 26 <-- 341.225647 s
currentSize : 27 <-- 944.231995 s

TIMEOUT
maxsize : 27
nodes : 222556153.000000
filtered : 1804526253.000000
time : 1000.000000
