Parameters: GAD=1 vflib=1 dir=1 label=1 lowerbound=1 fileNameGp=../../cp2016-max-common-connected-subgraph-paper/datasets/graphsdb/mcs10/rand/r005/mcs10_r005_s60.A00 fileNameGt=../../cp2016-max-common-connected-subgraph-paper/datasets/graphsdb/mcs10/rand/r005/mcs10_r005_s60.B00
Reading graphs...
60 : 181
60 : 181
Initializing...
maxdom : 6
D->valSize : 232
Solving...
Blb : 2 (clique : 15)
currentSize : 15 <-- 0.001537 s
currentSize : 16 <-- 0.001640 s
currentSize : 17 <-- 0.001694 s
currentSize : 18 <-- 0.001769 s
currentSize : 19 <-- 0.019808 s
currentSize : 20 <-- 0.048478 s
currentSize : 21 <-- 22.562231 s

maxsize : 21
nodes : 44330635.000000
filtered : 306144518.000000
time : 167.097458
