Parameters: GAD=1 vflib=1 dir=1 label=1 lowerbound=1 fileNameGp=../../cp2016-max-common-connected-subgraph-paper/datasets/graphsdb/mcs10/rand/r005/mcs10_r005_s100.A04 fileNameGt=../../cp2016-max-common-connected-subgraph-paper/datasets/graphsdb/mcs10/rand/r005/mcs10_r005_s100.B04
Reading graphs...
100 : 500
100 : 500
Initializing...
maxdom : 7
D->valSize : 328
Solving...
Blb : 2 (clique : 18)
currentSize : 18 <-- 0.004596 s
currentSize : 19 <-- 0.014750 s
currentSize : 20 <-- 0.137262 s
currentSize : 21 <-- 0.146569 s
currentSize : 22 <-- 0.350154 s
currentSize : 23 <-- 1.755964 s
currentSize : 24 <-- 6.762636 s
currentSize : 25 <-- 492.286469 s

TIMEOUT
maxsize : 25
nodes : 196131543.000000
filtered : 1177023849.000000
time : 1000.000000
