Parameters: GAD=1 vflib=1 dir=1 label=1 lowerbound=1 fileNameGp=../../cp2016-max-common-connected-subgraph-paper/datasets/graphsdb/mcs10/rand/r01/mcs10_r01_s90.A06 fileNameGt=../../cp2016-max-common-connected-subgraph-paper/datasets/graphsdb/mcs10/rand/r01/mcs10_r01_s90.B06
Reading graphs...
90 : 802
90 : 802
Initializing...
maxdom : 12
D->valSize : 532
Solving...
Blb : 2 (clique : 13)
currentSize : 13 <-- 0.005774 s
currentSize : 14 <-- 0.007081 s
currentSize : 15 <-- 0.021842 s
currentSize : 16 <-- 4.251457 s
currentSize : 17 <-- 262.275452 s

maxsize : 17
nodes : 176573040.000000
filtered : 2580262623.000000
time : 997.802612
