Parameters: GAD=1 vflib=1 dir=1 label=1 lowerbound=1 fileNameGp=../../cp2016-max-common-connected-subgraph-paper/datasets/graphsdb/mcs10/m3D/m3D/mcs10_m3D_s90.A01 fileNameGt=../../cp2016-max-common-connected-subgraph-paper/datasets/graphsdb/mcs10/m3D/m3D/mcs10_m3D_s90.B01
Reading graphs...
90 : 209
90 : 209
Initializing...
maxdom : 10
D->valSize : 483
Solving...
Blb : 2 (clique : 28)
currentSize : 28 <-- 0.005243 s
currentSize : 29 <-- 0.090633 s
currentSize : 30 <-- 0.094938 s
currentSize : 31 <-- 0.565695 s
currentSize : 32 <-- 250.703384 s
currentSize : 33 <-- 288.715210 s

TIMEOUT
maxsize : 33
nodes : 229511379.000000
filtered : 1419161303.000000
time : 1000.000000
