Parameters: GAD=1 vflib=1 dir=1 label=1 lowerbound=1 fileNameGp=../../cp2016-max-common-connected-subgraph-paper/datasets/graphsdb/mcs10/m3D/m3D/mcs10_m3D_s70.A07 fileNameGt=../../cp2016-max-common-connected-subgraph-paper/datasets/graphsdb/mcs10/m3D/m3D/mcs10_m3D_s70.B07
Reading graphs...
70 : 159
70 : 159
Initializing...
maxdom : 6
D->valSize : 319
Solving...
Blb : 2 (clique : 21)
currentSize : 21 <-- 0.002535 s
currentSize : 22 <-- 0.002904 s
currentSize : 23 <-- 0.011857 s
currentSize : 24 <-- 0.497771 s
currentSize : 25 <-- 12.680936 s
currentSize : 26 <-- 69.895691 s
currentSize : 27 <-- 78.321815 s
currentSize : 28 <-- 963.352539 s

TIMEOUT
maxsize : 28
nodes : 248955683.000000
filtered : 1498161046.000000
time : 1000.000000
