Parameters: GAD=1 vflib=1 dir=1 label=1 lowerbound=1 fileNameGp=../../cp2016-max-common-connected-subgraph-paper/datasets/graphsdb/mcs10/m3D/m3Dr4/mcs10_m3Dr4_s60.A04 fileNameGt=../../cp2016-max-common-connected-subgraph-paper/datasets/graphsdb/mcs10/m3D/m3Dr4/mcs10_m3Dr4_s60.B04
Reading graphs...
60 : 158
60 : 157
Initializing...
maxdom : 7
D->valSize : 199
Solving...
Blb : 2 (clique : 14)
currentSize : 14 <-- 0.001486 s
currentSize : 15 <-- 0.001602 s
currentSize : 16 <-- 0.040006 s
currentSize : 17 <-- 2.900102 s
currentSize : 18 <-- 7.225519 s
currentSize : 19 <-- 7.309498 s
currentSize : 20 <-- 28.982315 s
currentSize : 21 <-- 41.772079 s

maxsize : 21
nodes : 18822676.000000
filtered : 106856180.000000
time : 63.171749
