Parameters: GAD=1 vflib=1 dir=1 label=1 lowerbound=1 fileNameGp=../../cp2016-max-common-connected-subgraph-paper/datasets/graphsdb/mcs10/m2D/m2Dr6/mcs10_m2Dr6_s90.A04 fileNameGt=../../cp2016-max-common-connected-subgraph-paper/datasets/graphsdb/mcs10/m2D/m2Dr6/mcs10_m2Dr6_s90.B04
Reading graphs...
90 : 215
90 : 215
Initializing...
maxdom : 12
D->valSize : 465
Solving...
Blb : 2 (clique : 26)
currentSize : 26 <-- 0.004763 s
currentSize : 27 <-- 0.010457 s
currentSize : 28 <-- 1.264251 s
currentSize : 29 <-- 35.495895 s
currentSize : 30 <-- 35.753990 s
currentSize : 31 <-- 38.386253 s
currentSize : 32 <-- 538.332642 s

TIMEOUT
maxsize : 32
nodes : 255137847.000000
filtered : 1308461259.000000
time : 1000.000000
