Parameters: GAD=1 vflib=1 dir=1 label=1 lowerbound=1 fileNameGp=../../cp2016-max-common-connected-subgraph-paper/datasets/graphsdb/mcs10/m4D/m4Dr6/mcs10_m4Dr6_s100.A06 fileNameGt=../../cp2016-max-common-connected-subgraph-paper/datasets/graphsdb/mcs10/m4D/m4Dr6/mcs10_m4Dr6_s100.B06
Reading graphs...
100 : 219
100 : 219
Initializing...
maxdom : 7
D->valSize : 318
Solving...
Blb : 2 (clique : 30)
currentSize : 30 <-- 0.003100 s
currentSize : 31 <-- 0.059594 s
currentSize : 32 <-- 0.121563 s
currentSize : 33 <-- 14.759667 s
currentSize : 34 <-- 23.977997 s
currentSize : 35 <-- 124.175835 s
currentSize : 36 <-- 623.418091 s

TIMEOUT
maxsize : 36
nodes : 219743802.000000
filtered : 918874637.000000
time : 1000.000061
