Parameters: GAD=1 vflib=1 dir=1 label=1 lowerbound=1 fileNameGp=../../cp2016-max-common-connected-subgraph-paper/datasets/graphsdb/mcs10/bvg/b06m/mcs10_b06m_s80.A07 fileNameGt=../../cp2016-max-common-connected-subgraph-paper/datasets/graphsdb/mcs10/bvg/b06m/mcs10_b06m_s80.B07
Reading graphs...
80 : 240
80 : 240
Initializing...
maxdom : 9
D->valSize : 425
Solving...
Blb : 2 (clique : 22)
currentSize : 22 <-- 0.004085 s
currentSize : 23 <-- 0.004266 s
currentSize : 24 <-- 0.004401 s
currentSize : 25 <-- 0.005311 s
currentSize : 26 <-- 0.741159 s
currentSize : 27 <-- 18.235222 s
currentSize : 28 <-- 443.308197 s

TIMEOUT
maxsize : 28
nodes : 212254456.000000
filtered : 1854214727.000000
time : 1000.000000
