Parameters: GAD=1 vflib=1 dir=1 label=1 lowerbound=1 fileNameGp=../../cp2016-max-common-connected-subgraph-paper/datasets/graphsdb/mcs10/m3D/m3D/mcs10_m3D_s60.A01 fileNameGt=../../cp2016-max-common-connected-subgraph-paper/datasets/graphsdb/mcs10/m3D/m3D/mcs10_m3D_s60.B01
Reading graphs...
60 : 134
60 : 134
Initializing...
maxdom : 6
D->valSize : 218
Solving...
Blb : 2 (clique : 16)
currentSize : 16 <-- 0.001537 s
currentSize : 17 <-- 0.002231 s
currentSize : 18 <-- 0.002791 s
currentSize : 19 <-- 0.003421 s
currentSize : 20 <-- 0.981945 s
currentSize : 21 <-- 15.186098 s
currentSize : 22 <-- 24.895632 s

maxsize : 22
nodes : 52654256.000000
filtered : 348242416.000000
time : 193.865570
