Parameters: GAD=1 vflib=1 dir=1 label=1 lowerbound=1 fileNameGp=../../cp2016-max-common-connected-subgraph-paper/datasets/graphsdb/mcs10/m2D/m2Dr6/mcs10_m2Dr6_s70.A05 fileNameGt=../../cp2016-max-common-connected-subgraph-paper/datasets/graphsdb/mcs10/m2D/m2Dr6/mcs10_m2Dr6_s70.B05
Reading graphs...
70 : 165
70 : 164
Initializing...
maxdom : 9
D->valSize : 317
Solving...
Blb : 2 (clique : 21)
currentSize : 21 <-- 0.003945 s
currentSize : 22 <-- 0.004167 s
currentSize : 23 <-- 0.004449 s
currentSize : 24 <-- 0.009193 s
currentSize : 25 <-- 0.019559 s
currentSize : 26 <-- 0.050982 s
currentSize : 27 <-- 2.169081 s
currentSize : 28 <-- 8.341370 s
currentSize : 29 <-- 9.619826 s

TIMEOUT
maxsize : 29
nodes : 235391320.000000
filtered : 1740941187.000000
time : 1000.000000
