Parameters: GAD=1 vflib=1 dir=1 label=1 lowerbound=1 fileNameGp=../../cp2016-max-common-connected-subgraph-paper/datasets/graphsdb/mcs10/m3D/m3Dr6/mcs10_m3Dr6_s100.A01 fileNameGt=../../cp2016-max-common-connected-subgraph-paper/datasets/graphsdb/mcs10/m3D/m3Dr6/mcs10_m3Dr6_s100.B01
Reading graphs...
100 : 295
100 : 295
Initializing...
maxdom : 7
D->valSize : 265
Solving...
Blb : 2 (clique : 20)
currentSize : 20 <-- 0.002390 s
currentSize : 21 <-- 0.002610 s
currentSize : 22 <-- 0.013962 s
currentSize : 23 <-- 0.035451 s
currentSize : 24 <-- 0.167098 s
currentSize : 25 <-- 0.239716 s
currentSize : 26 <-- 1.051245 s
currentSize : 27 <-- 12.667174 s
currentSize : 28 <-- 12.708099 s
currentSize : 29 <-- 519.745972 s

TIMEOUT
maxsize : 29
nodes : 204975994.000000
filtered : 1102920501.000000
time : 1000.000000
