Parameters: GAD=1 vflib=1 dir=1 label=1 lowerbound=1 fileNameGp=../../cp2016-max-common-connected-subgraph-paper/datasets/graphsdb/mcs10/m3D/m3Dr6/mcs10_m3Dr6_s60.A05 fileNameGt=../../cp2016-max-common-connected-subgraph-paper/datasets/graphsdb/mcs10/m3D/m3Dr6/mcs10_m3Dr6_s60.B05
Reading graphs...
60 : 170
60 : 169
Initializing...
maxdom : 8
D->valSize : 238
Solving...
Blb : 5 (clique : 17)
currentSize : 17 <-- 0.001562 s
currentSize : 18 <-- 0.245932 s
currentSize : 19 <-- 1.286175 s
currentSize : 20 <-- 6.122140 s
currentSize : 21 <-- 26.048315 s

maxsize : 21
nodes : 143266109.000000
filtered : 1043700252.000000
time : 553.154236
