Parameters: GAD=1 vflib=1 dir=1 label=1 lowerbound=1 fileNameGp=../../cp2016-max-common-connected-subgraph-paper/datasets/graphsdb/mcs10/bvg/b09/mcs10_b09_s100.A08 fileNameGt=../../cp2016-max-common-connected-subgraph-paper/datasets/graphsdb/mcs10/bvg/b09/mcs10_b09_s100.B08
Reading graphs...
100 : 450
100 : 450
Initializing...
maxdom : 8
D->valSize : 340
Solving...
Blb : 2 (clique : 20)
currentSize : 20 <-- 0.005078 s
currentSize : 21 <-- 0.021051 s
currentSize : 22 <-- 0.021180 s
currentSize : 23 <-- 0.225548 s
currentSize : 24 <-- 1.016621 s
currentSize : 25 <-- 1.027095 s
currentSize : 26 <-- 1.029460 s
currentSize : 27 <-- 7.227473 s

TIMEOUT
maxsize : 27
nodes : 192669695.000000
filtered : 1332550616.000000
time : 1000.000000
