Parameters: GAD=1 vflib=1 dir=1 label=1 lowerbound=1 fileNameGp=../../cp2016-max-common-connected-subgraph-paper/datasets/graphsdb/mcs10/m3D/m3Dr4/mcs10_m3Dr4_s70.A05 fileNameGt=../../cp2016-max-common-connected-subgraph-paper/datasets/graphsdb/mcs10/m3D/m3Dr4/mcs10_m3Dr4_s70.B05
Reading graphs...
70 : 187
70 : 186
Initializing...
maxdom : 8
D->valSize : 310
Solving...
Blb : 2 (clique : 18)
currentSize : 18 <-- 0.003605 s
currentSize : 19 <-- 0.003765 s
currentSize : 20 <-- 0.003939 s
currentSize : 21 <-- 0.128517 s
currentSize : 22 <-- 0.413533 s
currentSize : 23 <-- 178.181274 s

TIMEOUT
maxsize : 23
nodes : 273934526.000000
filtered : 1599024905.000000
time : 1000.000000
