Parameters: GAD=1 vflib=1 dir=1 label=1 lowerbound=1 fileNameGp=../../cp2016-max-common-connected-subgraph-paper/datasets/graphsdb/mcs10/rand/r01/mcs10_r01_s80.A00 fileNameGt=../../cp2016-max-common-connected-subgraph-paper/datasets/graphsdb/mcs10/rand/r01/mcs10_r01_s80.B00
Reading graphs...
80 : 634
80 : 634
Initializing...
maxdom : 10
D->valSize : 400
Solving...
Blb : 2 (clique : 11)
currentSize : 11 <-- 0.005217 s
currentSize : 12 <-- 0.005501 s
currentSize : 13 <-- 0.005634 s
currentSize : 14 <-- 0.006473 s
currentSize : 15 <-- 0.014818 s
currentSize : 16 <-- 0.564346 s

maxsize : 16
nodes : 62462583.000000
filtered : 648113647.000000
time : 294.209747
