Parameters: GAD=1 vflib=1 dir=1 label=1 lowerbound=1 fileNameGp=../../cp2016-max-common-connected-subgraph-paper/datasets/graphsdb/mcs10/m2D/m2Dr4/mcs10_m2Dr4_s50.A03 fileNameGt=../../cp2016-max-common-connected-subgraph-paper/datasets/graphsdb/mcs10/m2D/m2Dr4/mcs10_m2Dr4_s50.B03
Reading graphs...
50 : 105
50 : 105
Initializing...
maxdom : 10
D->valSize : 323
Solving...
Blb : 2 (clique : 17)
currentSize : 17 <-- 0.002264 s
currentSize : 18 <-- 0.003759 s
currentSize : 19 <-- 0.065607 s
currentSize : 20 <-- 0.443085 s
currentSize : 21 <-- 244.299622 s
currentSize : 22 <-- 273.570374 s

maxsize : 22
nodes : 207076145.000000
filtered : 2233611107.000000
time : 748.036865
