Parameters: GAD=1 vflib=1 dir=1 label=1 lowerbound=1 fileNameGp=../../cp2016-max-common-connected-subgraph-paper/datasets/graphsdb/mcs10/bvg/b06m/mcs10_b06m_s100.A00 fileNameGt=../../cp2016-max-common-connected-subgraph-paper/datasets/graphsdb/mcs10/bvg/b06m/mcs10_b06m_s100.B00
Reading graphs...
100 : 300
100 : 300
Initializing...
maxdom : 7
D->valSize : 292
Solving...
Blb : 2 (clique : 24)
currentSize : 24 <-- 0.002853 s
currentSize : 25 <-- 0.148899 s
currentSize : 26 <-- 0.513410 s
currentSize : 27 <-- 0.634812 s
currentSize : 28 <-- 33.400387 s
currentSize : 29 <-- 171.883682 s
currentSize : 30 <-- 371.975922 s
currentSize : 31 <-- 562.468140 s

TIMEOUT
maxsize : 31
nodes : 205925494.000000
filtered : 908702122.000000
time : 1000.000000
