Parameters: GAD=1 vflib=1 dir=1 label=1 lowerbound=1 fileNameGp=../../cp2016-max-common-connected-subgraph-paper/datasets/graphsdb/mcs10/m2D/m2Dr4/mcs10_m2Dr4_s50.A00 fileNameGt=../../cp2016-max-common-connected-subgraph-paper/datasets/graphsdb/mcs10/m2D/m2Dr4/mcs10_m2Dr4_s50.B00
Reading graphs...
50 : 105
50 : 105
Initializing...
maxdom : 11
D->valSize : 316
Solving...
Blb : 2 (clique : 15)
currentSize : 15 <-- 0.002395 s
currentSize : 16 <-- 0.116207 s
currentSize : 17 <-- 0.897916 s
currentSize : 18 <-- 54.308945 s
currentSize : 19 <-- 85.302803 s
currentSize : 20 <-- 641.328979 s
currentSize : 21 <-- 966.819153 s

TIMEOUT
maxsize : 21
nodes : 365273032.000000
filtered : 2498899348.000000
time : 1000.000000
