Parameters: GAD=1 vflib=1 dir=1 label=1 lowerbound=1 fileNameGp=../../cp2016-max-common-connected-subgraph-paper/datasets/graphsdb/mcs10/rand/r005/mcs10_r005_s100.A07 fileNameGt=../../cp2016-max-common-connected-subgraph-paper/datasets/graphsdb/mcs10/rand/r005/mcs10_r005_s100.B07
Reading graphs...
100 : 500
100 : 500
Initializing...
maxdom : 7
D->valSize : 321
Solving...
Blb : 2 (clique : 17)
currentSize : 17 <-- 0.002913 s
currentSize : 18 <-- 0.003063 s
currentSize : 19 <-- 0.003167 s
currentSize : 20 <-- 0.009493 s
currentSize : 21 <-- 5.413341 s
currentSize : 22 <-- 7.070649 s
currentSize : 23 <-- 50.564976 s

TIMEOUT
maxsize : 23
nodes : 200006599.000000
filtered : 1379345152.000000
time : 1000.000000
