Parameters: GAD=1 vflib=1 dir=1 label=1 lowerbound=1 fileNameGp=../../cp2016-max-common-connected-subgraph-paper/datasets/graphsdb/mcs10/m2D/m2Dr4/mcs10_m2Dr4_s70.A06 fileNameGt=../../cp2016-max-common-connected-subgraph-paper/datasets/graphsdb/mcs10/m2D/m2Dr4/mcs10_m2Dr4_s70.B06
Reading graphs...
70 : 151
70 : 150
Initializing...
maxdom : 7
D->valSize : 303
Solving...
Blb : 2 (clique : 21)
currentSize : 21 <-- 0.003692 s
currentSize : 22 <-- 0.004099 s
currentSize : 23 <-- 0.011821 s
currentSize : 24 <-- 0.552041 s
currentSize : 25 <-- 17.559792 s
currentSize : 26 <-- 289.982727 s
currentSize : 27 <-- 484.872009 s

TIMEOUT
maxsize : 27
nodes : 287708472.000000
filtered : 1402272523.000000
time : 1000.000000
