Parameters: GAD=1 vflib=1 dir=1 label=1 lowerbound=1 fileNameGp=../../cp2016-max-common-connected-subgraph-paper/datasets/graphsdb/mcs10/bvg/b09/mcs10_b09_s100.A04 fileNameGt=../../cp2016-max-common-connected-subgraph-paper/datasets/graphsdb/mcs10/bvg/b09/mcs10_b09_s100.B04
Reading graphs...
100 : 450
100 : 450
Initializing...
maxdom : 8
D->valSize : 311
Solving...
Blb : 5 (clique : 19)
currentSize : 19 <-- 0.002933 s
currentSize : 20 <-- 0.003547 s
currentSize : 21 <-- 0.003705 s
currentSize : 22 <-- 0.007662 s
currentSize : 23 <-- 10.592864 s
currentSize : 24 <-- 271.748444 s
currentSize : 25 <-- 272.087372 s

TIMEOUT
maxsize : 25
nodes : 196268271.000000
filtered : 1169908442.000000
time : 1000.000000
