Parameters: GAD=1 vflib=1 dir=1 label=1 lowerbound=1 fileNameGp=../../cp2016-max-common-connected-subgraph-paper/datasets/graphsdb/mcs10/rand/r005/mcs10_r005_s80.A09 fileNameGt=../../cp2016-max-common-connected-subgraph-paper/datasets/graphsdb/mcs10/rand/r005/mcs10_r005_s80.B09
Reading graphs...
80 : 321
80 : 321
Initializing...
maxdom : 9
D->valSize : 399
Solving...
Blb : 2 (clique : 16)
currentSize : 16 <-- 0.005784 s
currentSize : 17 <-- 0.012038 s
currentSize : 18 <-- 0.042402 s
currentSize : 19 <-- 0.115946 s
currentSize : 20 <-- 0.467828 s
currentSize : 21 <-- 0.478518 s
currentSize : 22 <-- 8.882921 s
currentSize : 23 <-- 170.629623 s
currentSize : 24 <-- 525.979980 s

TIMEOUT
maxsize : 24
nodes : 202160889.000000
filtered : 1763387548.000000
time : 1000.000000
