Parameters: GAD=1 vflib=1 dir=1 label=1 lowerbound=1 fileNameGp=../../cp2016-max-common-connected-subgraph-paper/datasets/graphsdb/mcs10/m2D/m2D/mcs10_m2D_s80.A07 fileNameGt=../../cp2016-max-common-connected-subgraph-paper/datasets/graphsdb/mcs10/m2D/m2D/mcs10_m2D_s80.B07
Reading graphs...
80 : 142
80 : 142
Initializing...
maxdom : 10
D->valSize : 428
Solving...
Blb : 2 (clique : 26)
currentSize : 26 <-- 0.004218 s
currentSize : 27 <-- 0.007960 s
currentSize : 28 <-- 0.008100 s
currentSize : 29 <-- 1.423897 s
currentSize : 30 <-- 1.642043 s
currentSize : 31 <-- 18.097097 s

TIMEOUT
maxsize : 31
nodes : 236583137.000000
filtered : 1796866179.000000
time : 1000.000000
