Parameters: GAD=1 vflib=1 dir=1 label=1 lowerbound=1 fileNameGp=../../cp2016-max-common-connected-subgraph-paper/datasets/graphsdb/mcs10/m2D/m2Dr4/mcs10_m2Dr4_s60.A04 fileNameGt=../../cp2016-max-common-connected-subgraph-paper/datasets/graphsdb/mcs10/m2D/m2Dr4/mcs10_m2Dr4_s60.B04
Reading graphs...
60 : 128
60 : 128
Initializing...
maxdom : 9
D->valSize : 220
Solving...
Blb : 2 (clique : 16)
currentSize : 16 <-- 0.001457 s
currentSize : 17 <-- 0.001604 s
currentSize : 18 <-- 0.001969 s
currentSize : 19 <-- 0.417608 s
currentSize : 20 <-- 0.903073 s
currentSize : 21 <-- 12.897110 s

maxsize : 21
nodes : 17997739.000000
filtered : 147920075.000000
time : 64.430016
