Parameters: GAD=1 vflib=1 dir=1 label=1 lowerbound=1 fileNameGp=../../cp2016-max-common-connected-subgraph-paper/datasets/graphsdb/mcs10/m2D/m2Dr4/mcs10_m2Dr4_s100.A06 fileNameGt=../../cp2016-max-common-connected-subgraph-paper/datasets/graphsdb/mcs10/m2D/m2Dr4/mcs10_m2Dr4_s100.B06
Reading graphs...
100 : 220
100 : 219
Initializing...
maxdom : 8
D->valSize : 302
Solving...
Blb : 2 (clique : 27)
currentSize : 27 <-- 0.002909 s
currentSize : 28 <-- 0.003450 s
currentSize : 29 <-- 0.343095 s
currentSize : 30 <-- 0.611405 s
currentSize : 31 <-- 0.971394 s
currentSize : 32 <-- 1.800610 s
currentSize : 33 <-- 2.004447 s
currentSize : 34 <-- 34.637154 s
currentSize : 35 <-- 185.347122 s

TIMEOUT
maxsize : 35
nodes : 203199259.000000
filtered : 1063081764.000000
time : 1000.000000
