Parameters: GAD=1 vflib=1 dir=1 label=1 lowerbound=1 fileNameGp=../../cp2016-max-common-connected-subgraph-paper/datasets/graphsdb/mcs10/bvg/b06m/mcs10_b06m_s80.A01 fileNameGt=../../cp2016-max-common-connected-subgraph-paper/datasets/graphsdb/mcs10/bvg/b06m/mcs10_b06m_s80.B01
Reading graphs...
80 : 240
80 : 240
Initializing...
maxdom : 9
D->valSize : 398
Solving...
Blb : 2 (clique : 21)
currentSize : 21 <-- 0.005680 s
currentSize : 22 <-- 0.073248 s
currentSize : 23 <-- 0.104082 s
currentSize : 24 <-- 2.630480 s
currentSize : 25 <-- 19.513916 s
currentSize : 26 <-- 37.532398 s

TIMEOUT
maxsize : 26
nodes : 235591578.000000
filtered : 1624666707.000000
time : 1000.000000
