Parameters: GAD=1 vflib=1 dir=1 label=1 lowerbound=1 fileNameGp=../../cp2016-max-common-connected-subgraph-paper/datasets/graphsdb/mcs10/m3D/m3Dr2/mcs10_m3Dr2_s90.A02 fileNameGt=../../cp2016-max-common-connected-subgraph-paper/datasets/graphsdb/mcs10/m3D/m3Dr2/mcs10_m3Dr2_s90.B02
Reading graphs...
90 : 227
90 : 227
Initializing...
maxdom : 9
D->valSize : 533
Solving...
Blb : 5 (clique : 27)
currentSize : 27 <-- 0.005961 s
currentSize : 28 <-- 0.006219 s
currentSize : 29 <-- 0.006433 s
currentSize : 30 <-- 0.009074 s
currentSize : 31 <-- 0.041172 s
currentSize : 32 <-- 10.123248 s

TIMEOUT
maxsize : 32
nodes : 218418150.000000
filtered : 1512074775.000000
time : 1000.000000
