Parameters: GAD=1 vflib=1 dir=1 label=1 lowerbound=1 fileNameGp=../../cp2016-max-common-connected-subgraph-paper/datasets/graphsdb/mcs10/m3D/m3Dr6/mcs10_m3Dr6_s100.A08 fileNameGt=../../cp2016-max-common-connected-subgraph-paper/datasets/graphsdb/mcs10/m3D/m3Dr6/mcs10_m3Dr6_s100.B08
Reading graphs...
100 : 295
100 : 294
Initializing...
maxdom : 7
D->valSize : 315
Solving...
Blb : 2 (clique : 26)
currentSize : 26 <-- 0.003954 s
currentSize : 27 <-- 0.012738 s
currentSize : 28 <-- 0.057847 s
currentSize : 29 <-- 0.250544 s
currentSize : 30 <-- 2.839446 s
currentSize : 31 <-- 507.797333 s
currentSize : 32 <-- 522.914062 s

TIMEOUT
maxsize : 32
nodes : 222758763.000000
filtered : 955706417.000000
time : 1000.000061
