Parameters: GAD=1 vflib=1 dir=1 label=1 lowerbound=1 fileNameGp=../../cp2016-max-common-connected-subgraph-paper/datasets/graphsdb/mcs10/m2D/m2D/mcs10_m2D_s90.A08 fileNameGt=../../cp2016-max-common-connected-subgraph-paper/datasets/graphsdb/mcs10/m2D/m2D/mcs10_m2D_s90.B08
Reading graphs...
90 : 161
90 : 161
Initializing...
maxdom : 9
D->valSize : 511
Solving...
Blb : 5 (clique : 31)
currentSize : 31 <-- 0.005705 s
currentSize : 32 <-- 0.005949 s
currentSize : 33 <-- 0.006048 s
currentSize : 34 <-- 0.017640 s
currentSize : 35 <-- 4.335936 s
currentSize : 36 <-- 4.695595 s
currentSize : 37 <-- 6.211101 s
currentSize : 38 <-- 91.091408 s

TIMEOUT
maxsize : 38
nodes : 213906059.000000
filtered : 1243367919.000000
time : 1000.000000
