Parameters: GAD=1 vflib=1 dir=1 label=1 lowerbound=1 fileNameGp=../../cp2016-max-common-connected-subgraph-paper/datasets/graphsdb/mcs10/m3D/m3Dr2/mcs10_m3Dr2_s80.A05 fileNameGt=../../cp2016-max-common-connected-subgraph-paper/datasets/graphsdb/mcs10/m3D/m3Dr2/mcs10_m3Dr2_s80.B05
Reading graphs...
80 : 200
80 : 200
Initializing...
maxdom : 9
D->valSize : 409
Solving...
Blb : 2 (clique : 22)
currentSize : 22 <-- 0.006063 s
currentSize : 23 <-- 0.006621 s
currentSize : 24 <-- 0.010227 s
currentSize : 25 <-- 4.964688 s
currentSize : 26 <-- 5.080550 s
currentSize : 27 <-- 5.625716 s
currentSize : 28 <-- 402.189850 s

TIMEOUT
maxsize : 28
nodes : 241928533.000000
filtered : 1429053036.000000
time : 1000.000000
