Parameters: GAD=1 vflib=1 dir=1 label=1 lowerbound=1 fileNameGp=../../cp2016-max-common-connected-subgraph-paper/datasets/graphsdb/mcs10/rand/r01/mcs10_r01_s80.A08 fileNameGt=../../cp2016-max-common-connected-subgraph-paper/datasets/graphsdb/mcs10/rand/r01/mcs10_r01_s80.B08
Reading graphs...
80 : 634
80 : 634
Initializing...
maxdom : 9
D->valSize : 420
Solving...
Blb : 2 (clique : 11)
currentSize : 11 <-- 0.003687 s
currentSize : 12 <-- 0.003800 s
currentSize : 13 <-- 0.004095 s
currentSize : 14 <-- 0.005604 s
currentSize : 15 <-- 0.016267 s
currentSize : 16 <-- 2.621309 s
currentSize : 17 <-- 25.487612 s

maxsize : 17
nodes : 57717812.000000
filtered : 670585496.000000
time : 288.535583
