Parameters: GAD=1 vflib=1 dir=1 label=1 lowerbound=1 fileNameGp=../../cp2016-max-common-connected-subgraph-paper/datasets/graphsdb/mcs10/m3D/m3Dr6/mcs10_m3Dr6_s90.A07 fileNameGt=../../cp2016-max-common-connected-subgraph-paper/datasets/graphsdb/mcs10/m3D/m3Dr6/mcs10_m3Dr6_s90.B07
Reading graphs...
90 : 263
90 : 261
Initializing...
maxdom : 13
D->valSize : 533
Solving...
Blb : 2 (clique : 23)
currentSize : 23 <-- 0.006134 s
currentSize : 24 <-- 0.335770 s
currentSize : 25 <-- 1.146265 s
currentSize : 26 <-- 7.217350 s
currentSize : 27 <-- 7.904755 s
currentSize : 28 <-- 33.996193 s

TIMEOUT
maxsize : 28
nodes : 225566397.000000
filtered : 1329447603.000000
time : 1000.000000
