Parameters: GAD=1 vflib=1 dir=1 label=1 lowerbound=1 fileNameGp=../../cp2016-max-common-connected-subgraph-paper/datasets/graphsdb/mcs10/rand/r005/mcs10_r005_s40.A06 fileNameGt=../../cp2016-max-common-connected-subgraph-paper/datasets/graphsdb/mcs10/rand/r005/mcs10_r005_s40.B06
Reading graphs...
40 : 81
40 : 81
Initializing...
maxdom : 8
D->valSize : 201
Solving...
Blb : 2 (clique : 11)
currentSize : 11 <-- 0.001069 s
currentSize : 12 <-- 0.003044 s
currentSize : 13 <-- 0.004548 s
currentSize : 14 <-- 0.056660 s
currentSize : 15 <-- 0.217181 s
currentSize : 16 <-- 1.079833 s

maxsize : 16
nodes : 1192873.000000
filtered : 11097444.000000
time : 3.707122
