Parameters: GAD=1 vflib=1 dir=1 label=1 lowerbound=1 fileNameGp=../../cp2016-max-common-connected-subgraph-paper/datasets/graphsdb/mcs10/m3D/m3Dr4/mcs10_m3Dr4_s60.A01 fileNameGt=../../cp2016-max-common-connected-subgraph-paper/datasets/graphsdb/mcs10/m3D/m3Dr4/mcs10_m3Dr4_s60.B01
Reading graphs...
60 : 158
60 : 156
Initializing...
maxdom : 7
D->valSize : 222
Solving...
Blb : 5 (clique : 15)
currentSize : 15 <-- 0.001880 s
currentSize : 16 <-- 0.001973 s
currentSize : 17 <-- 1.440492 s
currentSize : 18 <-- 5.114472 s
currentSize : 19 <-- 9.246607 s
currentSize : 20 <-- 9.307270 s

maxsize : 20
nodes : 20689627.000000
filtered : 142735064.000000
time : 76.961975
