Parameters: GAD=1 vflib=1 dir=1 label=1 lowerbound=1 fileNameGp=../../cp2016-max-common-connected-subgraph-paper/datasets/graphsdb/mcs10/rand/r005/mcs10_r005_s80.A07 fileNameGt=../../cp2016-max-common-connected-subgraph-paper/datasets/graphsdb/mcs10/rand/r005/mcs10_r005_s80.B07
Reading graphs...
80 : 321
80 : 321
Initializing...
maxdom : 10
D->valSize : 397
Solving...
Blb : 2 (clique : 18)
currentSize : 18 <-- 0.003690 s
currentSize : 19 <-- 0.003927 s
currentSize : 20 <-- 0.007676 s
currentSize : 21 <-- 10.022793 s
currentSize : 22 <-- 11.604032 s
currentSize : 23 <-- 55.815472 s

TIMEOUT
maxsize : 23
nodes : 229991781.000000
filtered : 1527685134.000000
time : 1000.000000
