Parameters: GAD=1 vflib=1 dir=1 label=1 lowerbound=1 fileNameGp=../../cp2016-max-common-connected-subgraph-paper/datasets/graphsdb/mcs10/m3D/m3D/mcs10_m3D_s100.A05 fileNameGt=../../cp2016-max-common-connected-subgraph-paper/datasets/graphsdb/mcs10/m3D/m3D/mcs10_m3D_s100.B05
Reading graphs...
100 : 235
100 : 235
Initializing...
maxdom : 5
D->valSize : 323
Solving...
Blb : 3 (clique : 27)
currentSize : 27 <-- 0.004233 s
currentSize : 28 <-- 0.005045 s
currentSize : 29 <-- 31.115406 s
currentSize : 30 <-- 35.970882 s
currentSize : 31 <-- 133.434509 s
currentSize : 32 <-- 574.472595 s
currentSize : 33 <-- 843.222290 s
currentSize : 34 <-- 877.369751 s

TIMEOUT
maxsize : 34
nodes : 238225219.000000
filtered : 780644859.000000
time : 1000.000000
