Parameters: GAD=1 vflib=1 dir=1 label=1 lowerbound=1 fileNameGp=../../cp2016-max-common-connected-subgraph-paper/datasets/graphsdb/mcs10/m2D/m2Dr2/mcs10_m2Dr2_s80.A00 fileNameGt=../../cp2016-max-common-connected-subgraph-paper/datasets/graphsdb/mcs10/m2D/m2Dr2/mcs10_m2Dr2_s80.B00
Reading graphs...
80 : 158
80 : 158
Initializing...
maxdom : 9
D->valSize : 417
Solving...
Blb : 2 (clique : 26)
currentSize : 26 <-- 0.006286 s
currentSize : 27 <-- 0.009181 s
currentSize : 28 <-- 0.435286 s
currentSize : 29 <-- 0.903901 s
currentSize : 30 <-- 58.405384 s
currentSize : 31 <-- 954.806030 s

TIMEOUT
maxsize : 31
nodes : 270510841.000000
filtered : 1496367740.000000
time : 1000.000000
