Parameters: GAD=1 vflib=1 dir=1 label=1 lowerbound=1 fileNameGp=../../cp2016-max-common-connected-subgraph-paper/datasets/graphsdb/mcs10/bvg/b06m/mcs10_b06m_s90.A09 fileNameGt=../../cp2016-max-common-connected-subgraph-paper/datasets/graphsdb/mcs10/bvg/b06m/mcs10_b06m_s90.B09
Reading graphs...
90 : 270
90 : 270
Initializing...
maxdom : 10
D->valSize : 532
Solving...
Blb : 2 (clique : 26)
currentSize : 26 <-- 0.009278 s
currentSize : 27 <-- 0.087832 s
currentSize : 28 <-- 0.491706 s
currentSize : 29 <-- 5.320001 s
currentSize : 30 <-- 23.608187 s
currentSize : 31 <-- 482.342804 s
currentSize : 32 <-- 486.199493 s

TIMEOUT
maxsize : 32
nodes : 219907184.000000
filtered : 1576579649.000000
time : 1000.000000
