Parameters: GAD=1 vflib=1 dir=1 label=1 lowerbound=1 fileNameGp=../../cp2016-max-common-connected-subgraph-paper/datasets/graphsdb/mcs10/m3D/m3Dr2/mcs10_m3Dr2_s100.A04 fileNameGt=../../cp2016-max-common-connected-subgraph-paper/datasets/graphsdb/mcs10/m3D/m3Dr2/mcs10_m3Dr2_s100.B04
Reading graphs...
100 : 255
100 : 255
Initializing...
maxdom : 6
D->valSize : 335
Solving...
Blb : 2 (clique : 27)
currentSize : 27 <-- 0.003201 s
currentSize : 28 <-- 0.025561 s
currentSize : 29 <-- 1.900247 s
currentSize : 30 <-- 3.200401 s
currentSize : 31 <-- 22.057976 s
currentSize : 32 <-- 334.712830 s

TIMEOUT
maxsize : 32
nodes : 211820130.000000
filtered : 891220546.000000
time : 1000.000000
