Parameters: GAD=1 vflib=1 dir=1 label=1 lowerbound=1 fileNameGp=../../cp2016-max-common-connected-subgraph-paper/datasets/graphsdb/mcs10/m3D/m3Dr2/mcs10_m3Dr2_s90.A04 fileNameGt=../../cp2016-max-common-connected-subgraph-paper/datasets/graphsdb/mcs10/m3D/m3Dr2/mcs10_m3Dr2_s90.B04
Reading graphs...
90 : 227
90 : 226
Initializing...
maxdom : 8
D->valSize : 514
Solving...
Blb : 2 (clique : 26)
currentSize : 26 <-- 0.008924 s
currentSize : 27 <-- 0.025849 s
currentSize : 28 <-- 2.241424 s
currentSize : 29 <-- 166.409866 s
currentSize : 30 <-- 677.181274 s
currentSize : 31 <-- 679.223572 s

TIMEOUT
maxsize : 31
nodes : 260865927.000000
filtered : 1248630828.000000
time : 1000.000000
