Parameters: GAD=1 vflib=1 dir=1 label=1 lowerbound=1 fileNameGp=../../cp2016-max-common-connected-subgraph-paper/datasets/graphsdb/mcs10/rand/r01/mcs10_r01_s80.A01 fileNameGt=../../cp2016-max-common-connected-subgraph-paper/datasets/graphsdb/mcs10/rand/r01/mcs10_r01_s80.B01
Reading graphs...
80 : 634
80 : 634
Initializing...
maxdom : 11
D->valSize : 418
Solving...
Blb : 2 (clique : 11)
currentSize : 11 <-- 0.003672 s
currentSize : 12 <-- 0.003776 s
currentSize : 13 <-- 0.009134 s
currentSize : 14 <-- 0.108339 s
currentSize : 15 <-- 0.258507 s
currentSize : 16 <-- 9.562355 s

maxsize : 16
nodes : 93297068.000000
filtered : 1032582812.000000
time : 440.479706
