Parameters: GAD=1 vflib=1 dir=1 label=1 lowerbound=1 fileNameGp=../../cp2016-max-common-connected-subgraph-paper/datasets/graphsdb/mcs10/bvg/b06/mcs10_b06_s100.A00 fileNameGt=../../cp2016-max-common-connected-subgraph-paper/datasets/graphsdb/mcs10/bvg/b06/mcs10_b06_s100.B00
Reading graphs...
100 : 300
100 : 300
Initializing...
maxdom : 7
D->valSize : 328
Solving...
Blb : 5 (clique : 26)
currentSize : 26 <-- 0.003295 s
currentSize : 27 <-- 0.025572 s
currentSize : 28 <-- 0.041748 s
currentSize : 29 <-- 0.063369 s
currentSize : 30 <-- 1.767410 s
currentSize : 31 <-- 235.816544 s
currentSize : 32 <-- 291.363281 s

TIMEOUT
maxsize : 32
nodes : 199523712.000000
filtered : 1012897718.000000
time : 1000.000000
