Parameters: GAD=1 vflib=1 dir=1 label=1 lowerbound=1 fileNameGp=../../cp2016-max-common-connected-subgraph-paper/datasets/graphsdb/mcs10/bvg/b06m/mcs10_b06m_s90.A01 fileNameGt=../../cp2016-max-common-connected-subgraph-paper/datasets/graphsdb/mcs10/bvg/b06m/mcs10_b06m_s90.B01
Reading graphs...
90 : 270
90 : 270
Initializing...
maxdom : 10
D->valSize : 541
Solving...
Blb : 5 (clique : 24)
currentSize : 24 <-- 0.006111 s
currentSize : 25 <-- 0.006586 s
currentSize : 26 <-- 0.069978 s
currentSize : 27 <-- 0.609086 s
currentSize : 28 <-- 2.050658 s
currentSize : 29 <-- 3.628709 s
currentSize : 30 <-- 158.831985 s

TIMEOUT
maxsize : 30
nodes : 227696473.000000
filtered : 1360624740.000000
time : 1000.000000
