Parameters: GAD=1 vflib=1 dir=1 label=1 lowerbound=1 fileNameGp=../../cp2016-max-common-connected-subgraph-paper/datasets/graphsdb/mcs10/m3D/m3Dr2/mcs10_m3Dr2_s80.A01 fileNameGt=../../cp2016-max-common-connected-subgraph-paper/datasets/graphsdb/mcs10/m3D/m3Dr2/mcs10_m3Dr2_s80.B01
Reading graphs...
80 : 200
80 : 200
Initializing...
maxdom : 11
D->valSize : 373
Solving...
Blb : 2 (clique : 23)
currentSize : 23 <-- 0.005571 s
currentSize : 24 <-- 0.005848 s
currentSize : 25 <-- 0.022236 s
currentSize : 26 <-- 0.097332 s
currentSize : 27 <-- 4.226932 s
currentSize : 28 <-- 6.141672 s

TIMEOUT
maxsize : 28
nodes : 250482897.000000
filtered : 1481504461.000000
time : 1000.000061
