Parameters: GAD=1 vflib=1 dir=1 label=1 lowerbound=1 fileNameGp=../../cp2016-max-common-connected-subgraph-paper/datasets/graphsdb/mcs10/m3D/m3Dr4/mcs10_m3Dr4_s90.A01 fileNameGt=../../cp2016-max-common-connected-subgraph-paper/datasets/graphsdb/mcs10/m3D/m3Dr4/mcs10_m3Dr4_s90.B01
Reading graphs...
90 : 245
90 : 245
Initializing...
maxdom : 13
D->valSize : 522
Solving...
Blb : 2 (clique : 25)
currentSize : 25 <-- 0.009275 s
currentSize : 26 <-- 0.021863 s
currentSize : 27 <-- 2.483714 s
currentSize : 28 <-- 7.448806 s
currentSize : 29 <-- 36.249763 s
currentSize : 30 <-- 76.244400 s

TIMEOUT
maxsize : 30
nodes : 251022512.000000
filtered : 1848508781.000000
time : 1000.000000
