Parameters: GAD=1 vflib=1 dir=1 label=1 lowerbound=1 fileNameGp=../../cp2016-max-common-connected-subgraph-paper/datasets/graphsdb/mcs10/m3D/m3Dr6/mcs10_m3Dr6_s100.A02 fileNameGt=../../cp2016-max-common-connected-subgraph-paper/datasets/graphsdb/mcs10/m3D/m3Dr6/mcs10_m3Dr6_s100.B02
Reading graphs...
100 : 295
100 : 293
Initializing...
maxdom : 7
D->valSize : 333
Solving...
Blb : 3 (clique : 24)
currentSize : 24 <-- 0.004192 s
currentSize : 25 <-- 0.004862 s
currentSize : 26 <-- 0.080072 s
currentSize : 27 <-- 1.511981 s
currentSize : 28 <-- 18.181404 s
currentSize : 29 <-- 107.455193 s
currentSize : 30 <-- 111.208977 s
currentSize : 31 <-- 240.649353 s

TIMEOUT
maxsize : 31
nodes : 201158328.000000
filtered : 1181201209.000000
time : 1000.000000
