Parameters: GAD=1 vflib=1 dir=1 label=1 lowerbound=1 fileNameGp=../../cp2016-max-common-connected-subgraph-paper/datasets/graphsdb/mcs10/m3D/m3Dr6/mcs10_m3Dr6_s80.A01 fileNameGt=../../cp2016-max-common-connected-subgraph-paper/datasets/graphsdb/mcs10/m3D/m3Dr6/mcs10_m3Dr6_s80.B01
Reading graphs...
80 : 232
80 : 232
Initializing...
maxdom : 10
D->valSize : 399
Solving...
Blb : 2 (clique : 23)
currentSize : 23 <-- 0.003762 s
currentSize : 24 <-- 0.004052 s
currentSize : 25 <-- 0.004630 s
currentSize : 26 <-- 1.847498 s
currentSize : 27 <-- 15.080082 s
currentSize : 28 <-- 124.607117 s

TIMEOUT
maxsize : 28
nodes : 234185546.000000
filtered : 1589630497.000000
time : 1000.000000
