Parameters: GAD=1 vflib=1 dir=1 label=1 lowerbound=1 fileNameGp=../../cp2016-max-common-connected-subgraph-paper/datasets/graphsdb/mcs10/rand/r01/mcs10_r01_s90.A03 fileNameGt=../../cp2016-max-common-connected-subgraph-paper/datasets/graphsdb/mcs10/rand/r01/mcs10_r01_s90.B03
Reading graphs...
90 : 802
90 : 802
Initializing...
maxdom : 10
D->valSize : 510
Solving...
Blb : 2 (clique : 12)
currentSize : 12 <-- 0.007996 s
currentSize : 13 <-- 0.008629 s
currentSize : 14 <-- 0.014714 s
currentSize : 15 <-- 0.131682 s
currentSize : 16 <-- 34.443596 s
currentSize : 17 <-- 139.937668 s

TIMEOUT
maxsize : 17
nodes : 186696176.000000
filtered : 2491877959.000000
time : 1000.000000
