Parameters: GAD=1 vflib=1 dir=1 label=1 lowerbound=1 fileNameGp=../../cp2016-max-common-connected-subgraph-paper/datasets/graphsdb/mcs10/m3D/m3D/mcs10_m3D_s90.A03 fileNameGt=../../cp2016-max-common-connected-subgraph-paper/datasets/graphsdb/mcs10/m3D/m3D/mcs10_m3D_s90.B03
Reading graphs...
90 : 209
90 : 209
Initializing...
maxdom : 10
D->valSize : 456
Solving...
Blb : 2 (clique : 30)
currentSize : 30 <-- 0.004815 s
currentSize : 31 <-- 0.005095 s
currentSize : 32 <-- 0.150199 s
currentSize : 33 <-- 3.481188 s
currentSize : 34 <-- 20.229515 s
currentSize : 35 <-- 211.601517 s

TIMEOUT
maxsize : 35
nodes : 242059312.000000
filtered : 1252941013.000000
time : 1000.000000
