Parameters: GAD=1 vflib=1 dir=1 label=1 lowerbound=1 fileNameGp=../../cp2016-max-common-connected-subgraph-paper/datasets/graphsdb/mcs10/bvg/b06m/mcs10_b06m_s90.A08 fileNameGt=../../cp2016-max-common-connected-subgraph-paper/datasets/graphsdb/mcs10/bvg/b06m/mcs10_b06m_s90.B08
Reading graphs...
90 : 270
90 : 270
Initializing...
maxdom : 10
D->valSize : 539
Solving...
Blb : 2 (clique : 23)
currentSize : 23 <-- 0.006209 s
currentSize : 25 <-- 0.006501 s
currentSize : 26 <-- 0.028209 s
currentSize : 27 <-- 0.385344 s
currentSize : 28 <-- 0.681668 s
currentSize : 29 <-- 310.650452 s

TIMEOUT
maxsize : 29
nodes : 240967846.000000
filtered : 1348056514.000000
time : 1000.000000
