Parameters: GAD=1 vflib=1 dir=1 label=1 lowerbound=1 fileNameGp=../../cp2016-max-common-connected-subgraph-paper/datasets/graphsdb/mcs10/m3D/m3D/mcs10_m3D_s100.A03 fileNameGt=../../cp2016-max-common-connected-subgraph-paper/datasets/graphsdb/mcs10/m3D/m3D/mcs10_m3D_s100.B03
Reading graphs...
100 : 235
100 : 235
Initializing...
maxdom : 7
D->valSize : 339
Solving...
Blb : 2 (clique : 27)
currentSize : 27 <-- 0.003353 s
currentSize : 28 <-- 0.004220 s
currentSize : 29 <-- 0.034795 s
currentSize : 30 <-- 0.108086 s
currentSize : 31 <-- 2.471371 s
currentSize : 32 <-- 57.643482 s
currentSize : 33 <-- 932.213806 s

TIMEOUT
maxsize : 33
nodes : 213512857.000000
filtered : 963965195.000000
time : 1000.000000
