Parameters: GAD=1 vflib=1 dir=1 label=1 lowerbound=1 fileNameGp=../../cp2016-max-common-connected-subgraph-paper/datasets/graphsdb/mcs10/m2D/m2Dr6/mcs10_m2Dr6_s60.A03 fileNameGt=../../cp2016-max-common-connected-subgraph-paper/datasets/graphsdb/mcs10/m2D/m2Dr6/mcs10_m2Dr6_s60.B03
Reading graphs...
60 : 139
60 : 139
Initializing...
maxdom : 7
D->valSize : 207
Solving...
Blb : 2 (clique : 16)
currentSize : 16 <-- 0.001396 s
currentSize : 17 <-- 0.001799 s
currentSize : 18 <-- 0.003951 s
currentSize : 19 <-- 0.010986 s
currentSize : 20 <-- 0.033315 s
currentSize : 21 <-- 0.201367 s
currentSize : 22 <-- 13.418046 s
currentSize : 23 <-- 191.573975 s

maxsize : 23
nodes : 60310773.000000
filtered : 372554402.000000
time : 227.340439
