Parameters: GAD=1 vflib=1 dir=1 label=1 lowerbound=1 fileNameGp=../../cp2016-max-common-connected-subgraph-paper/datasets/graphsdb/mcs10/m3D/m3D/mcs10_m3D_s80.A07 fileNameGt=../../cp2016-max-common-connected-subgraph-paper/datasets/graphsdb/mcs10/m3D/m3D/mcs10_m3D_s80.B07
Reading graphs...
80 : 184
80 : 184
Initializing...
maxdom : 10
D->valSize : 408
Solving...
Blb : 5 (clique : 24)
currentSize : 24 <-- 0.003905 s
currentSize : 25 <-- 0.004092 s
currentSize : 26 <-- 0.004440 s
currentSize : 27 <-- 10.856488 s
currentSize : 28 <-- 282.015808 s
currentSize : 29 <-- 897.903076 s

TIMEOUT
maxsize : 29
nodes : 240367967.000000
filtered : 1343680150.000000
time : 1000.000000
