Parameters: GAD=1 vflib=1 dir=1 label=1 lowerbound=1 fileNameGp=../../cp2016-max-common-connected-subgraph-paper/datasets/graphsdb/mcs10/bvg/b03/mcs10_b03_s100.A00 fileNameGt=../../cp2016-max-common-connected-subgraph-paper/datasets/graphsdb/mcs10/bvg/b03/mcs10_b03_s100.B00
Reading graphs...
100 : 150
100 : 150
Initializing...
maxdom : 8
D->valSize : 299
Solving...
Blb : 5 (clique : 34)
currentSize : 34 <-- 0.002883 s
currentSize : 35 <-- 0.004287 s
currentSize : 36 <-- 0.005652 s
currentSize : 37 <-- 10.922666 s
currentSize : 38 <-- 37.391464 s
currentSize : 39 <-- 81.835182 s

TIMEOUT
maxsize : 39
nodes : 236080744.000000
filtered : 749678265.000000
time : 1000.000000
