Parameters: GAD=1 vflib=1 dir=1 label=1 lowerbound=1 fileNameGp=../../cp2016-max-common-connected-subgraph-paper/datasets/graphsdb/mcs10/m3D/m3Dr4/mcs10_m3Dr4_s80.A04 fileNameGt=../../cp2016-max-common-connected-subgraph-paper/datasets/graphsdb/mcs10/m3D/m3Dr4/mcs10_m3Dr4_s80.B04
Reading graphs...
80 : 216
80 : 216
Initializing...
maxdom : 8
D->valSize : 385
Solving...
Blb : 2 (clique : 24)
currentSize : 24 <-- 0.005583 s
currentSize : 25 <-- 0.013798 s
currentSize : 26 <-- 0.084411 s
currentSize : 27 <-- 0.225459 s
currentSize : 28 <-- 5.517624 s
currentSize : 29 <-- 29.515924 s

TIMEOUT
maxsize : 29
nodes : 219023491.000000
filtered : 1390651485.000000
time : 1000.000000
