Parameters: GAD=1 vflib=1 dir=1 label=1 lowerbound=1 fileNameGp=../../cp2016-max-common-connected-subgraph-paper/datasets/graphsdb/mcs10/bvg/b03m/mcs10_b03m_s60.A05 fileNameGt=../../cp2016-max-common-connected-subgraph-paper/datasets/graphsdb/mcs10/bvg/b03m/mcs10_b03m_s60.B05
Reading graphs...
60 : 90
60 : 90
Initializing...
maxdom : 8
D->valSize : 252
Solving...
Blb : 2 (clique : 21)
currentSize : 21 <-- 0.002973 s
currentSize : 22 <-- 0.003175 s
currentSize : 23 <-- 0.003299 s
currentSize : 24 <-- 0.031265 s
currentSize : 25 <-- 0.070196 s
currentSize : 26 <-- 3.662816 s
currentSize : 27 <-- 245.166046 s

maxsize : 27
nodes : 110004305.000000
filtered : 779647433.000000
time : 453.558197
