Parameters: GAD=1 vflib=1 dir=1 label=1 lowerbound=1 fileNameGp=../../cp2016-max-common-connected-subgraph-paper/datasets/graphsdb/mcs10/m3D/m3Dr6/mcs10_m3Dr6_s80.A04 fileNameGt=../../cp2016-max-common-connected-subgraph-paper/datasets/graphsdb/mcs10/m3D/m3Dr6/mcs10_m3Dr6_s80.B04
Reading graphs...
80 : 232
80 : 231
Initializing...
maxdom : 8
D->valSize : 387
Solving...
Blb : 2 (clique : 20)
currentSize : 20 <-- 0.003389 s
currentSize : 21 <-- 0.013531 s
currentSize : 22 <-- 0.017685 s
currentSize : 23 <-- 0.048967 s
currentSize : 24 <-- 0.075477 s
currentSize : 25 <-- 0.247983 s
currentSize : 26 <-- 6.953669 s

TIMEOUT
maxsize : 26
nodes : 218363522.000000
filtered : 1594590404.000000
time : 1000.000000
