Parameters: GAD=1 vflib=1 dir=1 label=1 lowerbound=1 fileNameGp=../../cp2016-max-common-connected-subgraph-paper/datasets/graphsdb/mcs10/m2D/m2Dr6/mcs10_m2Dr6_s60.A09 fileNameGt=../../cp2016-max-common-connected-subgraph-paper/datasets/graphsdb/mcs10/m2D/m2Dr6/mcs10_m2Dr6_s60.B09
Reading graphs...
60 : 140
60 : 139
Initializing...
maxdom : 10
D->valSize : 237
Solving...
Blb : 2 (clique : 17)
currentSize : 17 <-- 0.002468 s
currentSize : 18 <-- 0.009407 s
currentSize : 19 <-- 0.082205 s
currentSize : 20 <-- 0.144881 s
currentSize : 21 <-- 0.545973 s
currentSize : 22 <-- 19.261433 s
currentSize : 23 <-- 93.716362 s

maxsize : 23
nodes : 94514312.000000
filtered : 675713060.000000
time : 354.881348
