Parameters: GAD=1 vflib=1 dir=1 label=1 lowerbound=1 fileNameGp=../../cp2016-max-common-connected-subgraph-paper/datasets/graphsdb/mcs10/rand/r01/mcs10_r01_s100.A07 fileNameGt=../../cp2016-max-common-connected-subgraph-paper/datasets/graphsdb/mcs10/rand/r01/mcs10_r01_s100.B07
Reading graphs...
100 : 990
100 : 990
Initializing...
maxdom : 8
D->valSize : 319
Solving...
Blb : 2 (clique : 11)
currentSize : 11 <-- 0.002818 s
currentSize : 14 <-- 0.003213 s
currentSize : 15 <-- 0.003242 s
currentSize : 16 <-- 0.866254 s
currentSize : 17 <-- 84.136742 s
currentSize : 18 <-- 158.971985 s

maxsize : 18
nodes : 46194891.000000
filtered : 370262118.000000
time : 244.062805
