Parameters: GAD=1 vflib=1 dir=1 label=1 lowerbound=1 fileNameGp=../../cp2016-max-common-connected-subgraph-paper/datasets/graphsdb/mcs10/rand/r005/mcs10_r005_s50.A08 fileNameGt=../../cp2016-max-common-connected-subgraph-paper/datasets/graphsdb/mcs10/rand/r005/mcs10_r005_s50.B08
Reading graphs...
50 : 125
50 : 125
Initializing...
maxdom : 8
D->valSize : 286
Solving...
Blb : 5 (clique : 16)
currentSize : 16 <-- 0.001889 s
currentSize : 17 <-- 0.430227 s
currentSize : 18 <-- 1.283032 s
currentSize : 19 <-- 81.850021 s
currentSize : 20 <-- 106.845650 s

maxsize : 20
nodes : 229828295.000000
filtered : 2129724273.000000
time : 749.186584
