Parameters: GAD=1 vflib=1 dir=1 label=1 lowerbound=1 fileNameGp=../../cp2016-max-common-connected-subgraph-paper/datasets/graphsdb/mcs10/m3D/m3D/mcs10_m3D_s60.A03 fileNameGt=../../cp2016-max-common-connected-subgraph-paper/datasets/graphsdb/mcs10/m3D/m3D/mcs10_m3D_s60.B03
Reading graphs...
60 : 134
60 : 134
Initializing...
maxdom : 9
D->valSize : 253
Solving...
Blb : 2 (clique : 17)
currentSize : 17 <-- 0.001813 s
currentSize : 18 <-- 0.033239 s
currentSize : 19 <-- 0.034704 s
currentSize : 20 <-- 0.065478 s
currentSize : 21 <-- 0.129016 s
currentSize : 22 <-- 60.742569 s

maxsize : 22
nodes : 65993110.000000
filtered : 520143930.000000
time : 255.715805
