Parameters: GAD=1 vflib=1 dir=1 label=1 lowerbound=1 fileNameGp=../../cp2016-max-common-connected-subgraph-paper/datasets/graphsdb/mcs10/m3D/m3Dr2/mcs10_m3Dr2_s100.A00 fileNameGt=../../cp2016-max-common-connected-subgraph-paper/datasets/graphsdb/mcs10/m3D/m3Dr2/mcs10_m3Dr2_s100.B00
Reading graphs...
100 : 254
100 : 254
Initializing...
maxdom : 7
D->valSize : 311
Solving...
Blb : 2 (clique : 27)
currentSize : 27 <-- 0.004682 s
currentSize : 28 <-- 0.016150 s
currentSize : 29 <-- 0.016501 s
currentSize : 30 <-- 1.902444 s
currentSize : 31 <-- 1.971496 s
currentSize : 32 <-- 1.979720 s
currentSize : 33 <-- 6.194578 s

TIMEOUT
maxsize : 33
nodes : 214259842.000000
filtered : 1043870520.000000
time : 1000.000000
