Parameters: GAD=1 vflib=1 dir=1 label=1 lowerbound=1 fileNameGp=../../cp2016-max-common-connected-subgraph-paper/datasets/graphsdb/mcs10/m3D/m3Dr4/mcs10_m3Dr4_s80.A06 fileNameGt=../../cp2016-max-common-connected-subgraph-paper/datasets/graphsdb/mcs10/m3D/m3Dr4/mcs10_m3Dr4_s80.B06
Reading graphs...
80 : 216
80 : 215
Initializing...
maxdom : 8
D->valSize : 387
Solving...
Blb : 2 (clique : 22)
currentSize : 22 <-- 0.003716 s
currentSize : 23 <-- 0.004287 s
currentSize : 24 <-- 0.004516 s
currentSize : 25 <-- 0.007452 s
currentSize : 26 <-- 0.452667 s
currentSize : 27 <-- 225.652145 s

TIMEOUT
maxsize : 27
nodes : 220608323.000000
filtered : 1645775050.000000
time : 1000.000000
