Parameters: GAD=1 vflib=1 dir=1 label=1 lowerbound=1 fileNameGp=../../cp2016-max-common-connected-subgraph-paper/datasets/graphsdb/mcs10/m3D/m3Dr6/mcs10_m3Dr6_s70.A09 fileNameGt=../../cp2016-max-common-connected-subgraph-paper/datasets/graphsdb/mcs10/m3D/m3Dr6/mcs10_m3Dr6_s70.B09
Reading graphs...
70 : 201
70 : 200
Initializing...
maxdom : 8
D->valSize : 291
Solving...
Blb : 3 (clique : 18)
currentSize : 18 <-- 0.002168 s
currentSize : 19 <-- 0.003701 s
currentSize : 20 <-- 0.321340 s
currentSize : 21 <-- 3.727153 s
currentSize : 22 <-- 118.850800 s
currentSize : 23 <-- 546.553589 s

TIMEOUT
maxsize : 23
nodes : 243974200.000000
filtered : 1752031180.000000
time : 1000.000000
