Parameters: GAD=1 vflib=1 dir=1 label=1 lowerbound=1 fileNameGp=../../cp2016-max-common-connected-subgraph-paper/datasets/graphsdb/mcs10/m3D/m3Dr6/mcs10_m3Dr6_s60.A07 fileNameGt=../../cp2016-max-common-connected-subgraph-paper/datasets/graphsdb/mcs10/m3D/m3Dr6/mcs10_m3Dr6_s60.B07
Reading graphs...
60 : 170
60 : 168
Initializing...
maxdom : 8
D->valSize : 226
Solving...
Blb : 2 (clique : 15)
currentSize : 15 <-- 0.001811 s
currentSize : 16 <-- 0.002119 s
currentSize : 17 <-- 0.003009 s
currentSize : 18 <-- 0.544957 s
currentSize : 19 <-- 0.845952 s
currentSize : 20 <-- 26.796837 s
currentSize : 21 <-- 28.371416 s

maxsize : 21
nodes : 41377129.000000
filtered : 301056517.000000
time : 153.566147
