Parameters: GAD=1 vflib=1 dir=1 label=1 lowerbound=1 fileNameGp=../../cp2016-max-common-connected-subgraph-paper/datasets/graphsdb/mcs10/m2D/m2D/mcs10_m2D_s100.A09 fileNameGt=../../cp2016-max-common-connected-subgraph-paper/datasets/graphsdb/mcs10/m2D/m2D/mcs10_m2D_s100.B09
Reading graphs...
100 : 180
100 : 180
Initializing...
maxdom : 8
D->valSize : 321
Solving...
Blb : 3 (clique : 30)
currentSize : 30 <-- 0.003181 s
currentSize : 31 <-- 0.003906 s
currentSize : 32 <-- 0.038613 s
currentSize : 33 <-- 0.219437 s
currentSize : 34 <-- 0.378403 s
currentSize : 35 <-- 0.486178 s
currentSize : 36 <-- 2.194471 s
currentSize : 37 <-- 468.482422 s

TIMEOUT
maxsize : 37
nodes : 219321660.000000
filtered : 959357103.000000
time : 1000.000000
