Parameters: GAD=1 vflib=1 dir=1 label=1 lowerbound=1 fileNameGp=../../cp2016-max-common-connected-subgraph-paper/datasets/graphsdb/mcs10/m2D/m2D/mcs10_m2D_s80.A08 fileNameGt=../../cp2016-max-common-connected-subgraph-paper/datasets/graphsdb/mcs10/m2D/m2D/mcs10_m2D_s80.B08
Reading graphs...
80 : 142
80 : 142
Initializing...
maxdom : 10
D->valSize : 397
Solving...
Blb : 2 (clique : 25)
currentSize : 25 <-- 0.005727 s
currentSize : 26 <-- 0.006011 s
currentSize : 27 <-- 0.006460 s
currentSize : 28 <-- 0.015297 s
currentSize : 29 <-- 0.016884 s
currentSize : 30 <-- 11.815969 s
currentSize : 31 <-- 16.395056 s
currentSize : 32 <-- 21.038382 s

TIMEOUT
maxsize : 32
nodes : 253230663.000000
filtered : 1792721228.000000
time : 1000.000000
