Parameters: GAD=1 vflib=1 dir=1 label=1 lowerbound=1 fileNameGp=../../cp2016-max-common-connected-subgraph-paper/datasets/graphsdb/mcs10/rand/r01/mcs10_r01_s100.A01 fileNameGt=../../cp2016-max-common-connected-subgraph-paper/datasets/graphsdb/mcs10/rand/r01/mcs10_r01_s100.B01
Reading graphs...
100 : 990
100 : 990
Initializing...
maxdom : 7
D->valSize : 304
Solving...
Blb : 2 (clique : 12)
currentSize : 12 <-- 0.002687 s
currentSize : 13 <-- 0.003533 s
currentSize : 14 <-- 0.021507 s
currentSize : 15 <-- 0.050087 s
currentSize : 16 <-- 3.313631 s

maxsize : 16
nodes : 28387984.000000
filtered : 192495054.000000
time : 142.118515
