Parameters: GAD=1 vflib=1 dir=1 label=1 lowerbound=1 fileNameGp=../../cp2016-max-common-connected-subgraph-paper/datasets/graphsdb/mcs10/rand/r005/mcs10_r005_s70.A08 fileNameGt=../../cp2016-max-common-connected-subgraph-paper/datasets/graphsdb/mcs10/rand/r005/mcs10_r005_s70.B08
Reading graphs...
70 : 245
70 : 245
Initializing...
maxdom : 10
D->valSize : 299
Solving...
Blb : 3 (clique : 16)
currentSize : 16 <-- 0.002355 s
currentSize : 17 <-- 0.003722 s
currentSize : 18 <-- 0.024797 s
currentSize : 19 <-- 0.032820 s
currentSize : 20 <-- 0.489556 s
currentSize : 21 <-- 0.575755 s
currentSize : 22 <-- 5.832313 s

TIMEOUT
maxsize : 22
nodes : 235947119.000000
filtered : 2053698592.000000
time : 1000.000000
