Parameters: GAD=1 vflib=1 dir=1 label=1 lowerbound=1 fileNameGp=../../cp2016-max-common-connected-subgraph-paper/datasets/graphsdb/mcs10/rand/r01/mcs10_r01_s50.A07 fileNameGt=../../cp2016-max-common-connected-subgraph-paper/datasets/graphsdb/mcs10/rand/r01/mcs10_r01_s50.B07
Reading graphs...
50 : 247
50 : 247
Initializing...
maxdom : 9
D->valSize : 331
Solving...
Blb : 3 (clique : 9)
currentSize : 9 <-- 0.002201 s
currentSize : 10 <-- 0.002345 s
currentSize : 11 <-- 0.002459 s
currentSize : 12 <-- 0.005191 s
currentSize : 13 <-- 0.077300 s
currentSize : 14 <-- 4.018431 s
currentSize : 15 <-- 5.946365 s

maxsize : 15
nodes : 3503319.000000
filtered : 52280342.000000
time : 13.790264
