Parameters: GAD=1 vflib=1 dir=1 label=1 lowerbound=1 fileNameGp=../../cp2016-max-common-connected-subgraph-paper/datasets/graphsdb/mcs10/m2D/m2Dr2/mcs10_m2Dr2_s80.A06 fileNameGt=../../cp2016-max-common-connected-subgraph-paper/datasets/graphsdb/mcs10/m2D/m2Dr2/mcs10_m2Dr2_s80.B06
Reading graphs...
80 : 158
80 : 158
Initializing...
maxdom : 9
D->valSize : 421
Solving...
Blb : 2 (clique : 24)
currentSize : 24 <-- 0.004086 s
currentSize : 25 <-- 0.005122 s
currentSize : 26 <-- 0.091085 s
currentSize : 27 <-- 0.162869 s
currentSize : 28 <-- 6.113956 s
currentSize : 29 <-- 179.042297 s

TIMEOUT
maxsize : 29
nodes : 228673305.000000
filtered : 1522104460.000000
time : 1000.000000
