Parameters: GAD=1 vflib=1 dir=1 label=1 lowerbound=1 fileNameGp=../../cp2016-max-common-connected-subgraph-paper/datasets/graphsdb/mcs10/m2D/m2D/mcs10_m2D_s100.A01 fileNameGt=../../cp2016-max-common-connected-subgraph-paper/datasets/graphsdb/mcs10/m2D/m2D/mcs10_m2D_s100.B01
Reading graphs...
100 : 180
100 : 180
Initializing...
maxdom : 7
D->valSize : 313
Solving...
Blb : 2 (clique : 31)
currentSize : 31 <-- 0.002953 s
currentSize : 32 <-- 0.009764 s
currentSize : 33 <-- 8.182446 s
currentSize : 34 <-- 20.444138 s
currentSize : 35 <-- 61.835663 s
currentSize : 36 <-- 251.112717 s

TIMEOUT
maxsize : 36
nodes : 232572847.000000
filtered : 683731053.000000
time : 1000.000000
