Parameters: GAD=1 vflib=1 dir=1 label=1 lowerbound=1 fileNameGp=../../cp2016-max-common-connected-subgraph-paper/datasets/graphsdb/mcs10/m2D/m2Dr6/mcs10_m2Dr6_s100.A00 fileNameGt=../../cp2016-max-common-connected-subgraph-paper/datasets/graphsdb/mcs10/m2D/m2Dr6/mcs10_m2Dr6_s100.B00
Reading graphs...
100 : 240
100 : 239
Initializing...
maxdom : 7
D->valSize : 336
Solving...
Blb : 5 (clique : 25)
currentSize : 25 <-- 0.005361 s
currentSize : 26 <-- 0.007267 s
currentSize : 27 <-- 0.008563 s
currentSize : 28 <-- 0.035267 s
currentSize : 29 <-- 36.322014 s
currentSize : 30 <-- 151.350845 s

TIMEOUT
maxsize : 30
nodes : 245445992.000000
filtered : 816711058.000000
time : 1000.000000
