Parameters: GAD=1 vflib=1 dir=1 label=1 lowerbound=1 fileNameGp=../../cp2016-max-common-connected-subgraph-paper/datasets/graphsdb/mcs10/rand/r01/mcs10_r01_s80.A09 fileNameGt=../../cp2016-max-common-connected-subgraph-paper/datasets/graphsdb/mcs10/rand/r01/mcs10_r01_s80.B09
Reading graphs...
80 : 634
80 : 634
Initializing...
maxdom : 9
D->valSize : 406
Solving...
Blb : 2 (clique : 10)
currentSize : 10 <-- 0.005265 s
currentSize : 11 <-- 0.005504 s
currentSize : 12 <-- 0.006233 s
currentSize : 13 <-- 0.006618 s
currentSize : 14 <-- 0.035943 s
currentSize : 15 <-- 0.271127 s
currentSize : 16 <-- 15.716452 s

maxsize : 16
nodes : 81904134.000000
filtered : 916382330.000000
time : 388.400757
