Parameters: GAD=1 vflib=1 dir=1 label=1 lowerbound=1 fileNameGp=../../cp2016-max-common-connected-subgraph-paper/datasets/graphsdb/mcs10/m4D/m4Dr2/mcs10_m4Dr2_s100.A02 fileNameGt=../../cp2016-max-common-connected-subgraph-paper/datasets/graphsdb/mcs10/m4D/m4Dr2/mcs10_m4Dr2_s100.B02
Reading graphs...
100 : 178
100 : 178
Initializing...
maxdom : 10
D->valSize : 349
Solving...
Blb : 2 (clique : 32)
currentSize : 32 <-- 0.003690 s
currentSize : 33 <-- 0.146596 s
currentSize : 34 <-- 1.116257 s
currentSize : 35 <-- 10.697737 s
currentSize : 36 <-- 63.799553 s
currentSize : 37 <-- 156.455261 s
currentSize : 38 <-- 210.838242 s
currentSize : 39 <-- 254.408173 s

TIMEOUT
maxsize : 39
nodes : 247791466.000000
filtered : 553319605.000000
time : 1000.000000
