Parameters: GAD=1 vflib=1 dir=1 label=1 lowerbound=1 fileNameGp=../../cp2016-max-common-connected-subgraph-paper/datasets/graphsdb/mcs10/m2D/m2Dr6/mcs10_m2Dr6_s70.A04 fileNameGt=../../cp2016-max-common-connected-subgraph-paper/datasets/graphsdb/mcs10/m2D/m2Dr6/mcs10_m2Dr6_s70.B04
Reading graphs...
70 : 165
70 : 164
Initializing...
maxdom : 10
D->valSize : 315
Solving...
Blb : 2 (clique : 18)
currentSize : 18 <-- 0.003864 s
currentSize : 19 <-- 0.036090 s
currentSize : 20 <-- 0.070850 s
currentSize : 21 <-- 0.349419 s
currentSize : 22 <-- 8.108793 s
currentSize : 23 <-- 42.832027 s

TIMEOUT
maxsize : 23
nodes : 286760159.000000
filtered : 1626967220.000000
time : 1000.000000
