Parameters: GAD=1 vflib=1 dir=1 label=1 lowerbound=1 fileNameGp=../../cp2016-max-common-connected-subgraph-paper/datasets/graphsdb/mcs10/m2D/m2Dr2/mcs10_m2Dr2_s100.A00 fileNameGt=../../cp2016-max-common-connected-subgraph-paper/datasets/graphsdb/mcs10/m2D/m2Dr2/mcs10_m2Dr2_s100.B00
Reading graphs...
100 : 200
100 : 200
Initializing...
maxdom : 7
D->valSize : 318
Solving...
Blb : 2 (clique : 31)
currentSize : 31 <-- 0.005245 s
currentSize : 32 <-- 0.551448 s
currentSize : 33 <-- 0.957382 s
currentSize : 34 <-- 5.813177 s
currentSize : 35 <-- 7.270006 s
currentSize : 36 <-- 50.958935 s

TIMEOUT
maxsize : 36
nodes : 227505683.000000
filtered : 854837815.000000
time : 1000.000000
