Parameters: GAD=1 vflib=1 dir=1 label=1 lowerbound=1 fileNameGp=../../cp2016-max-common-connected-subgraph-paper/datasets/graphsdb/mcs10/m2D/m2Dr6/mcs10_m2Dr6_s100.A08 fileNameGt=../../cp2016-max-common-connected-subgraph-paper/datasets/graphsdb/mcs10/m2D/m2Dr6/mcs10_m2Dr6_s100.B08
Reading graphs...
100 : 240
100 : 238
Initializing...
maxdom : 8
D->valSize : 318
Solving...
Blb : 2 (clique : 29)
currentSize : 29 <-- 0.003187 s
currentSize : 30 <-- 1.316809 s
currentSize : 31 <-- 13.715465 s
currentSize : 32 <-- 47.340744 s
currentSize : 33 <-- 57.111389 s
currentSize : 34 <-- 295.809265 s
currentSize : 35 <-- 300.590149 s

TIMEOUT
maxsize : 35
nodes : 194165394.000000
filtered : 1160930698.000000
time : 1000.000000
