Parameters: GAD=1 vflib=1 dir=1 label=1 lowerbound=1 fileNameGp=../../cp2016-max-common-connected-subgraph-paper/datasets/graphsdb/mcs10/rand/r005/mcs10_r005_s100.A00 fileNameGt=../../cp2016-max-common-connected-subgraph-paper/datasets/graphsdb/mcs10/rand/r005/mcs10_r005_s100.B00
Reading graphs...
100 : 500
100 : 500
Initializing...
maxdom : 7
D->valSize : 336
Solving...
Blb : 2 (clique : 16)
currentSize : 16 <-- 0.003136 s
currentSize : 17 <-- 0.003384 s
currentSize : 18 <-- 0.003830 s
currentSize : 19 <-- 0.003954 s
currentSize : 20 <-- 0.006947 s
currentSize : 21 <-- 1.221294 s
currentSize : 22 <-- 4.779377 s
currentSize : 23 <-- 38.566753 s
currentSize : 24 <-- 77.383980 s

TIMEOUT
maxsize : 24
nodes : 195777859.000000
filtered : 1241897265.000000
time : 1000.000061
