Parameters: GAD=1 vflib=1 dir=1 label=1 lowerbound=1 fileNameGp=../../cp2016-max-common-connected-subgraph-paper/datasets/graphsdb/mcs10/m2D/m2Dr4/mcs10_m2Dr4_s100.A03 fileNameGt=../../cp2016-max-common-connected-subgraph-paper/datasets/graphsdb/mcs10/m2D/m2Dr4/mcs10_m2Dr4_s100.B03
Reading graphs...
100 : 220
100 : 220
Initializing...
maxdom : 6
D->valSize : 309
Solving...
Blb : 2 (clique : 28)
currentSize : 28 <-- 0.002965 s
currentSize : 29 <-- 0.710759 s
currentSize : 30 <-- 1.569690 s
currentSize : 31 <-- 2.061035 s
currentSize : 32 <-- 37.453320 s
currentSize : 33 <-- 115.946106 s
currentSize : 34 <-- 116.210480 s

TIMEOUT
maxsize : 34
nodes : 207921750.000000
filtered : 961454572.000000
time : 1000.000000
