Parameters: GAD=1 vflib=1 dir=1 label=1 lowerbound=1 fileNameGp=../../cp2016-max-common-connected-subgraph-paper/datasets/graphsdb/mcs10/m3D/m3D/mcs10_m3D_s80.A00 fileNameGt=../../cp2016-max-common-connected-subgraph-paper/datasets/graphsdb/mcs10/m3D/m3D/mcs10_m3D_s80.B00
Reading graphs...
80 : 184
80 : 184
Initializing...
maxdom : 8
D->valSize : 378
Solving...
Blb : 5 (clique : 25)
currentSize : 25 <-- 0.005692 s
currentSize : 26 <-- 0.495650 s
currentSize : 27 <-- 1.962495 s
currentSize : 28 <-- 4.668767 s
currentSize : 29 <-- 11.268168 s
currentSize : 30 <-- 59.595375 s

TIMEOUT
maxsize : 30
nodes : 220486978.000000
filtered : 1734792929.000000
time : 1000.000061
