Parameters: GAD=1 vflib=1 dir=1 label=1 lowerbound=1 fileNameGp=../../cp2016-max-common-connected-subgraph-paper/datasets/graphsdb/mcs10/bvg/b03/mcs10_b03_s60.A08 fileNameGt=../../cp2016-max-common-connected-subgraph-paper/datasets/graphsdb/mcs10/bvg/b03/mcs10_b03_s60.B08
Reading graphs...
60 : 90
60 : 90
Initializing...
maxdom : 8
D->valSize : 230
Solving...
Blb : 2 (clique : 21)
currentSize : 21 <-- 0.002380 s
currentSize : 22 <-- 0.009419 s
currentSize : 23 <-- 0.309751 s
currentSize : 24 <-- 0.702818 s
currentSize : 25 <-- 0.805670 s
currentSize : 26 <-- 1.190961 s
currentSize : 27 <-- 3.188243 s
currentSize : 28 <-- 12.728856 s
currentSize : 29 <-- 892.826904 s

TIMEOUT
maxsize : 29
nodes : 310444489.000000
filtered : 1489591033.000000
time : 1000.000000
