Parameters: GAD=1 vflib=1 dir=1 label=1 lowerbound=1 fileNameGp=../../cp2016-max-common-connected-subgraph-paper/datasets/graphsdb/mcs10/bvg/b03/mcs10_b03_s50.A06 fileNameGt=../../cp2016-max-common-connected-subgraph-paper/datasets/graphsdb/mcs10/bvg/b03/mcs10_b03_s50.B06
Reading graphs...
50 : 75
50 : 75
Initializing...
maxdom : 10
D->valSize : 322
Solving...
Blb : 2 (clique : 18)
currentSize : 18 <-- 0.003475 s
currentSize : 20 <-- 0.003621 s
currentSize : 21 <-- 0.003714 s
currentSize : 22 <-- 12.426428 s
currentSize : 23 <-- 43.307896 s
currentSize : 24 <-- 147.710724 s

TIMEOUT
maxsize : 24
nodes : 313633601.000000
filtered : 2533657547.000000
time : 1000.000000
