Parameters: GAD=1 vflib=1 dir=1 label=1 lowerbound=1 fileNameGp=../../cp2016-max-common-connected-subgraph-paper/datasets/graphsdb/mcs10/m2D/m2Dr4/mcs10_m2Dr4_s60.A05 fileNameGt=../../cp2016-max-common-connected-subgraph-paper/datasets/graphsdb/mcs10/m2D/m2Dr4/mcs10_m2Dr4_s60.B05
Reading graphs...
60 : 127
60 : 127
Initializing...
maxdom : 8
D->valSize : 238
Solving...
Blb : 2 (clique : 17)
currentSize : 17 <-- 0.001861 s
currentSize : 18 <-- 0.003790 s
currentSize : 19 <-- 0.397091 s
currentSize : 20 <-- 0.612573 s
currentSize : 21 <-- 3.520540 s
currentSize : 22 <-- 589.813354 s

TIMEOUT
maxsize : 22
nodes : 293792694.000000
filtered : 1724292301.000000
time : 1000.000000
