Parameters: GAD=1 vflib=1 dir=1 label=1 lowerbound=1 fileNameGp=../../cp2016-max-common-connected-subgraph-paper/datasets/graphsdb/mcs10/rand/r005/mcs10_r005_s50.A00 fileNameGt=../../cp2016-max-common-connected-subgraph-paper/datasets/graphsdb/mcs10/rand/r005/mcs10_r005_s50.B00
Reading graphs...
50 : 125
50 : 125
Initializing...
maxdom : 10
D->valSize : 301
Solving...
Blb : 5 (clique : 15)
currentSize : 15 <-- 0.003248 s
currentSize : 16 <-- 0.040137 s
currentSize : 17 <-- 0.175631 s
currentSize : 18 <-- 4.221816 s
currentSize : 19 <-- 44.376415 s

maxsize : 19
nodes : 82448574.000000
filtered : 877734694.000000
time : 277.701324
