Parameters: GAD=1 vflib=1 dir=1 label=1 lowerbound=1 fileNameGp=../../cp2016-max-common-connected-subgraph-paper/datasets/graphsdb/mcs10/rand/r005/mcs10_r005_s60.A04 fileNameGt=../../cp2016-max-common-connected-subgraph-paper/datasets/graphsdb/mcs10/rand/r005/mcs10_r005_s60.B04
Reading graphs...
60 : 181
60 : 181
Initializing...
maxdom : 7
D->valSize : 229
Solving...
Blb : 2 (clique : 14)
currentSize : 14 <-- 0.002298 s
currentSize : 15 <-- 0.002448 s
currentSize : 16 <-- 0.002523 s
currentSize : 17 <-- 0.002706 s
currentSize : 18 <-- 0.048372 s
currentSize : 19 <-- 0.321748 s
currentSize : 20 <-- 91.657555 s

maxsize : 20
nodes : 56145460.000000
filtered : 386578191.000000
time : 205.403168
