Parameters: GAD=1 vflib=1 dir=1 label=1 lowerbound=1 fileNameGp=../../cp2016-max-common-connected-subgraph-paper/datasets/graphsdb/mcs10/m3D/m3Dr4/mcs10_m3Dr4_s80.A09 fileNameGt=../../cp2016-max-common-connected-subgraph-paper/datasets/graphsdb/mcs10/m3D/m3Dr4/mcs10_m3Dr4_s80.B09
Reading graphs...
80 : 216
80 : 216
Initializing...
maxdom : 10
D->valSize : 423
Solving...
Blb : 2 (clique : 23)
currentSize : 23 <-- 0.004117 s
currentSize : 24 <-- 0.004285 s
currentSize : 25 <-- 0.004921 s
currentSize : 26 <-- 6.752370 s
currentSize : 27 <-- 34.951385 s
currentSize : 28 <-- 61.847054 s

TIMEOUT
maxsize : 28
nodes : 232621630.000000
filtered : 1852422866.000000
time : 1000.000000
