Parameters: GAD=1 vflib=1 dir=1 label=1 lowerbound=1 fileNameGp=../../cp2016-max-common-connected-subgraph-paper/datasets/graphsdb/mcs10/bvg/b06/mcs10_b06_s70.A02 fileNameGt=../../cp2016-max-common-connected-subgraph-paper/datasets/graphsdb/mcs10/bvg/b06/mcs10_b06_s70.B02
Reading graphs...
70 : 210
70 : 210
Initializing...
maxdom : 8
D->valSize : 312
Solving...
Blb : 2 (clique : 20)
currentSize : 20 <-- 0.002505 s
currentSize : 21 <-- 0.006912 s
currentSize : 22 <-- 0.695303 s
currentSize : 23 <-- 3.176120 s
currentSize : 24 <-- 3.289725 s
currentSize : 25 <-- 4.085063 s

TIMEOUT
maxsize : 25
nodes : 267469989.000000
filtered : 1691791884.000000
time : 1000.000000
