Parameters: GAD=1 vflib=1 dir=1 label=1 lowerbound=1 fileNameGp=../../cp2016-max-common-connected-subgraph-paper/datasets/graphsdb/mcs10/bvg/b09/mcs10_b09_s100.A09 fileNameGt=../../cp2016-max-common-connected-subgraph-paper/datasets/graphsdb/mcs10/bvg/b09/mcs10_b09_s100.B09
Reading graphs...
100 : 450
100 : 450
Initializing...
maxdom : 9
D->valSize : 337
Solving...
Blb : 3 (clique : 19)
currentSize : 19 <-- 0.004793 s
currentSize : 20 <-- 0.005031 s
currentSize : 21 <-- 0.005187 s
currentSize : 22 <-- 0.022983 s
currentSize : 23 <-- 0.206620 s
currentSize : 24 <-- 1.065902 s
currentSize : 25 <-- 2.926121 s
currentSize : 26 <-- 50.079967 s
currentSize : 27 <-- 555.210449 s

TIMEOUT
maxsize : 27
nodes : 186801208.000000
filtered : 1654377693.000000
time : 1000.000000
