Parameters: GAD=1 vflib=1 dir=1 label=1 lowerbound=1 fileNameGp=../../cp2016-max-common-connected-subgraph-paper/datasets/graphsdb/mcs10/m2D/m2Dr2/mcs10_m2Dr2_s70.A00 fileNameGt=../../cp2016-max-common-connected-subgraph-paper/datasets/graphsdb/mcs10/m2D/m2Dr2/mcs10_m2Dr2_s70.B00
Reading graphs...
70 : 137
70 : 136
Initializing...
maxdom : 7
D->valSize : 321
Solving...
Blb : 2 (clique : 23)
currentSize : 23 <-- 0.004127 s
currentSize : 24 <-- 0.004386 s
currentSize : 25 <-- 0.004903 s
currentSize : 26 <-- 0.008236 s
currentSize : 27 <-- 0.014872 s
currentSize : 28 <-- 3.850389 s

TIMEOUT
maxsize : 28
nodes : 268508736.000000
filtered : 1535624726.000000
time : 1000.000000
