Parameters: GAD=1 vflib=1 dir=1 label=1 lowerbound=1 fileNameGp=../../cp2016-max-common-connected-subgraph-paper/datasets/graphsdb/mcs10/m3D/m3Dr6/mcs10_m3Dr6_s70.A06 fileNameGt=../../cp2016-max-common-connected-subgraph-paper/datasets/graphsdb/mcs10/m3D/m3Dr6/mcs10_m3Dr6_s70.B06
Reading graphs...
70 : 201
70 : 200
Initializing...
maxdom : 9
D->valSize : 322
Solving...
Blb : 2 (clique : 19)
currentSize : 19 <-- 0.004039 s
currentSize : 20 <-- 0.004753 s
currentSize : 21 <-- 0.121846 s
currentSize : 22 <-- 0.228334 s
currentSize : 23 <-- 3.466274 s
currentSize : 24 <-- 32.118343 s

TIMEOUT
maxsize : 24
nodes : 241827815.000000
filtered : 1737840762.000000
time : 1000.000000
