Parameters: GAD=1 vflib=1 dir=1 label=1 lowerbound=1 fileNameGp=../../cp2016-max-common-connected-subgraph-paper/datasets/graphsdb/mcs10/rand/r005/mcs10_r005_s100.A08 fileNameGt=../../cp2016-max-common-connected-subgraph-paper/datasets/graphsdb/mcs10/rand/r005/mcs10_r005_s100.B08
Reading graphs...
100 : 500
100 : 500
Initializing...
maxdom : 8
D->valSize : 367
Solving...
Blb : 2 (clique : 19)
currentSize : 19 <-- 0.003658 s
currentSize : 20 <-- 0.003830 s
currentSize : 21 <-- 0.003863 s
currentSize : 22 <-- 0.004079 s
currentSize : 23 <-- 2.919541 s
currentSize : 24 <-- 29.062595 s

TIMEOUT
maxsize : 24
nodes : 190088033.000000
filtered : 1334395419.000000
time : 1000.000000
