Parameters: GAD=1 vflib=1 dir=1 label=1 lowerbound=1 fileNameGp=../../cp2016-max-common-connected-subgraph-paper/datasets/graphsdb/mcs10/rand/r005/mcs10_r005_s60.A07 fileNameGt=../../cp2016-max-common-connected-subgraph-paper/datasets/graphsdb/mcs10/rand/r005/mcs10_r005_s60.B07
Reading graphs...
60 : 181
60 : 181
Initializing...
maxdom : 6
D->valSize : 221
Solving...
Blb : 2 (clique : 16)
currentSize : 16 <-- 0.001568 s
currentSize : 17 <-- 0.001792 s
currentSize : 18 <-- 0.031115 s
currentSize : 19 <-- 0.077328 s
currentSize : 20 <-- 0.585778 s

maxsize : 20
nodes : 86381049.000000
filtered : 597379196.000000
time : 328.060913
