Parameters: GAD=1 vflib=1 dir=1 label=1 lowerbound=1 fileNameGp=../../cp2016-max-common-connected-subgraph-paper/datasets/graphsdb/mcs10/m3D/m3Dr4/mcs10_m3Dr4_s80.A07 fileNameGt=../../cp2016-max-common-connected-subgraph-paper/datasets/graphsdb/mcs10/m3D/m3Dr4/mcs10_m3Dr4_s80.B07
Reading graphs...
80 : 216
80 : 216
Initializing...
maxdom : 10
D->valSize : 423
Solving...
Blb : 3 (clique : 20)
currentSize : 20 <-- 0.004543 s
currentSize : 21 <-- 0.290102 s
currentSize : 22 <-- 0.627193 s
currentSize : 23 <-- 2.552994 s
currentSize : 24 <-- 22.222652 s
currentSize : 25 <-- 22.555624 s
currentSize : 26 <-- 28.371506 s

TIMEOUT
maxsize : 26
nodes : 271602093.000000
filtered : 1771405218.000000
time : 1000.000000
