Parameters: GAD=1 vflib=1 dir=1 label=1 lowerbound=1 fileNameGp=../../cp2016-max-common-connected-subgraph-paper/datasets/graphsdb/mcs10/rand/r005/mcs10_r005_s100.A05 fileNameGt=../../cp2016-max-common-connected-subgraph-paper/datasets/graphsdb/mcs10/rand/r005/mcs10_r005_s100.B05
Reading graphs...
100 : 500
100 : 500
Initializing...
maxdom : 7
D->valSize : 284
Solving...
Blb : 5 (clique : 18)
currentSize : 18 <-- 0.002576 s
currentSize : 19 <-- 0.002923 s
currentSize : 20 <-- 0.009105 s
currentSize : 21 <-- 0.009247 s
currentSize : 22 <-- 18.817411 s
currentSize : 23 <-- 58.959911 s
currentSize : 24 <-- 140.719315 s
currentSize : 25 <-- 981.480530 s

TIMEOUT
maxsize : 25
nodes : 193219509.000000
filtered : 1166218064.000000
time : 1000.000000
