Parameters: GAD=1 vflib=1 dir=1 label=1 lowerbound=1 fileNameGp=../../cp2016-max-common-connected-subgraph-paper/datasets/graphsdb/mcs10/rand/r005/mcs10_r005_s60.A02 fileNameGt=../../cp2016-max-common-connected-subgraph-paper/datasets/graphsdb/mcs10/rand/r005/mcs10_r005_s60.B02
Reading graphs...
60 : 181
60 : 181
Initializing...
maxdom : 7
D->valSize : 246
Solving...
Blb : 2 (clique : 15)
currentSize : 15 <-- 0.001678 s
currentSize : 16 <-- 0.001895 s
currentSize : 17 <-- 0.006096 s
currentSize : 18 <-- 0.113377 s
currentSize : 19 <-- 0.114560 s
currentSize : 20 <-- 61.652855 s
currentSize : 21 <-- 91.741730 s

maxsize : 21
nodes : 63826654.000000
filtered : 519889437.000000
time : 246.798294
