Parameters: GAD=1 vflib=1 dir=1 label=1 lowerbound=1 fileNameGp=../../cp2016-max-common-connected-subgraph-paper/datasets/graphsdb/mcs10/bvg/b03/mcs10_b03_s90.A04 fileNameGt=../../cp2016-max-common-connected-subgraph-paper/datasets/graphsdb/mcs10/bvg/b03/mcs10_b03_s90.B04
Reading graphs...
90 : 135
90 : 135
Initializing...
maxdom : 14
D->valSize : 508
Solving...
Blb : 2 (clique : 35)
currentSize : 35 <-- 0.005841 s
currentSize : 36 <-- 0.023156 s
currentSize : 37 <-- 5.435158 s
currentSize : 38 <-- 72.906670 s
currentSize : 39 <-- 293.913513 s
currentSize : 40 <-- 321.461487 s

TIMEOUT
maxsize : 40
nodes : 255705283.000000
filtered : 1144603903.000000
time : 1000.000000
