Parameters: GAD=1 vflib=1 dir=1 label=1 lowerbound=1 fileNameGp=../../cp2016-max-common-connected-subgraph-paper/datasets/graphsdb/mcs30/m4D/m4D/mcs30_m4D_s60.A04 fileNameGt=../../cp2016-max-common-connected-subgraph-paper/datasets/graphsdb/mcs30/m4D/m4D/mcs30_m4D_s60.B04
Reading graphs...
60 : 102
60 : 102
Initializing...
maxdom : 8
D->valSize : 218
Solving...
Blb : 2 (clique : 23)
currentSize : 23 <-- 0.002400 s
currentSize : 24 <-- 0.007475 s
currentSize : 25 <-- 0.452588 s
currentSize : 26 <-- 211.815277 s
currentSize : 27 <-- 212.191757 s
currentSize : 28 <-- 242.168411 s

maxsize : 28
nodes : 90983764.000000
filtered : 588097114.000000
time : 324.478607
