Parameters: GAD=1 vflib=1 dir=1 label=1 lowerbound=1 fileNameGp=../../cp2016-max-common-connected-subgraph-paper/datasets/graphsdb/mcs30/m4D/m4Dr4/mcs30_m4Dr4_s50.A04 fileNameGt=../../cp2016-max-common-connected-subgraph-paper/datasets/graphsdb/mcs30/m4D/m4Dr4/mcs30_m4Dr4_s50.B04
Reading graphs...
50 : 107
50 : 106
Initializing...
maxdom : 12
D->valSize : 323
Solving...
Blb : 2 (clique : 19)
currentSize : 19 <-- 0.003568 s
currentSize : 20 <-- 0.007332 s
currentSize : 21 <-- 0.010109 s
currentSize : 22 <-- 7.766368 s
currentSize : 23 <-- 89.118103 s

maxsize : 23
nodes : 56366239.000000
filtered : 707056182.000000
time : 221.569870
