Parameters: GAD=1 vflib=1 dir=1 label=1 lowerbound=1 fileNameGp=../../cp2016-max-common-connected-subgraph-paper/datasets/graphsdb/mcs30/rand/r005/mcs30_r005_s60.A09 fileNameGt=../../cp2016-max-common-connected-subgraph-paper/datasets/graphsdb/mcs30/rand/r005/mcs30_r005_s60.B09
Reading graphs...
60 : 179
60 : 179
Initializing...
maxdom : 7
D->valSize : 257
Solving...
Blb : 2 (clique : 16)
currentSize : 16 <-- 0.001840 s
currentSize : 17 <-- 0.001932 s
currentSize : 18 <-- 0.036865 s
currentSize : 19 <-- 0.376194 s
currentSize : 20 <-- 0.620016 s
currentSize : 21 <-- 0.850708 s
currentSize : 22 <-- 38.534241 s

maxsize : 22
nodes : 22469952.000000
filtered : 208686861.000000
time : 91.188805
