Parameters: GAD=1 vflib=1 dir=1 label=1 lowerbound=1 fileNameGp=../../cp2016-max-common-connected-subgraph-paper/datasets/graphsdb/mcs30/bvg/b06m/mcs30_b06m_s80.A02 fileNameGt=../../cp2016-max-common-connected-subgraph-paper/datasets/graphsdb/mcs30/bvg/b06m/mcs30_b06m_s80.B02
Reading graphs...
80 : 240
80 : 240
Initializing...
maxdom : 9
D->valSize : 398
Solving...
Blb : 2 (clique : 23)
currentSize : 23 <-- 0.005632 s
currentSize : 24 <-- 0.006214 s
currentSize : 25 <-- 0.062414 s
currentSize : 26 <-- 0.459667 s
currentSize : 27 <-- 103.200455 s
currentSize : 28 <-- 257.436920 s
currentSize : 29 <-- 371.177887 s
currentSize : 30 <-- 891.709412 s

TIMEOUT
maxsize : 30
nodes : 215649529.000000
filtered : 1480818966.000000
time : 1000.000000
