Parameters: GAD=1 vflib=1 dir=1 label=1 lowerbound=1 fileNameGp=../../cp2016-max-common-connected-subgraph-paper/datasets/graphsdb/mcs30/m4D/m4Dr6/mcs30_m4Dr6_s60.A01 fileNameGt=../../cp2016-max-common-connected-subgraph-paper/datasets/graphsdb/mcs30/m4D/m4Dr6/mcs30_m4Dr6_s60.B01
Reading graphs...
60 : 137
60 : 135
Initializing...
maxdom : 7
D->valSize : 236
Solving...
Blb : 5 (clique : 18)
currentSize : 18 <-- 0.001692 s
currentSize : 19 <-- 0.014705 s
currentSize : 20 <-- 0.018442 s
currentSize : 21 <-- 0.027041 s
currentSize : 22 <-- 28.123556 s
currentSize : 23 <-- 57.575523 s
currentSize : 24 <-- 57.577839 s
currentSize : 25 <-- 123.519318 s

maxsize : 25
nodes : 76244283.000000
filtered : 575750264.000000
time : 306.228363
