Parameters: GAD=1 vflib=1 dir=1 label=1 lowerbound=1 fileNameGp=../../cp2016-max-common-connected-subgraph-paper/datasets/graphsdb/mcs30/bvg/b06m/mcs30_b06m_s90.A09 fileNameGt=../../cp2016-max-common-connected-subgraph-paper/datasets/graphsdb/mcs30/bvg/b06m/mcs30_b06m_s90.B09
Reading graphs...
90 : 270
90 : 270
Initializing...
maxdom : 10
D->valSize : 527
Solving...
Blb : 2 (clique : 28)
currentSize : 28 <-- 0.006252 s
currentSize : 30 <-- 0.006468 s
currentSize : 32 <-- 0.006540 s
currentSize : 33 <-- 0.577943 s
currentSize : 34 <-- 86.857323 s
currentSize : 35 <-- 86.857590 s
currentSize : 36 <-- 502.649689 s

TIMEOUT
maxsize : 36
nodes : 183883755.000000
filtered : 1907855526.000000
time : 1000.000000
