Parameters: GAD=1 vflib=1 dir=1 label=1 lowerbound=1 fileNameGp=../../cp2016-max-common-connected-subgraph-paper/datasets/graphsdb/mcs30/m3D/m3D/mcs30_m3D_s90.A05 fileNameGt=../../cp2016-max-common-connected-subgraph-paper/datasets/graphsdb/mcs30/m3D/m3D/mcs30_m3D_s90.B05
Reading graphs...
90 : 209
90 : 209
Initializing...
maxdom : 12
D->valSize : 528
Solving...
Blb : 2 (clique : 27)
currentSize : 27 <-- 0.006354 s
currentSize : 28 <-- 0.006576 s
currentSize : 29 <-- 0.006737 s
currentSize : 30 <-- 0.009557 s
currentSize : 31 <-- 1.863199 s
currentSize : 32 <-- 310.755524 s

TIMEOUT
maxsize : 32
nodes : 218808782.000000
filtered : 1595775609.000000
time : 1000.000000
