Parameters: GAD=1 vflib=1 dir=1 label=1 lowerbound=1 fileNameGp=../../cp2016-max-common-connected-subgraph-paper/datasets/graphsdb/mcs30/rand/r01/mcs30_r01_s80.A03 fileNameGt=../../cp2016-max-common-connected-subgraph-paper/datasets/graphsdb/mcs30/rand/r01/mcs30_r01_s80.B03
Reading graphs...
80 : 631
80 : 631
Initializing...
maxdom : 12
D->valSize : 440
Solving...
Blb : 2 (clique : 13)
currentSize : 13 <-- 0.004264 s
currentSize : 14 <-- 0.017030 s
currentSize : 15 <-- 0.031298 s
currentSize : 16 <-- 0.399371 s
currentSize : 17 <-- 0.545405 s
currentSize : 18 <-- 0.824795 s
currentSize : 20 <-- 1.667764 s
currentSize : 21 <-- 3.535971 s
currentSize : 22 <-- 6.054960 s
currentSize : 24 <-- 6.055102 s

maxsize : 24
nodes : 1653831.000000
filtered : 29739212.000000
time : 9.776148
