Parameters: GAD=1 vflib=1 dir=1 label=1 lowerbound=1 fileNameGp=../../cp2016-max-common-connected-subgraph-paper/datasets/graphsdb/mcs30/m2D/m2Dr6/mcs30_m2Dr6_s50.A04 fileNameGt=../../cp2016-max-common-connected-subgraph-paper/datasets/graphsdb/mcs30/m2D/m2Dr6/mcs30_m2Dr6_s50.B04
Reading graphs...
50 : 115
50 : 115
Initializing...
maxdom : 13
D->valSize : 325
Solving...
Blb : 2 (clique : 15)
currentSize : 15 <-- 0.002290 s
currentSize : 16 <-- 0.044590 s
currentSize : 17 <-- 0.326531 s
currentSize : 18 <-- 0.754854 s
currentSize : 19 <-- 0.773822 s
currentSize : 20 <-- 9.925729 s
currentSize : 21 <-- 96.829941 s
currentSize : 22 <-- 96.846870 s
currentSize : 23 <-- 190.513626 s

maxsize : 23
nodes : 58646806.000000
filtered : 776912262.000000
time : 238.199570
