Parameters: GAD=1 vflib=1 dir=1 label=1 lowerbound=1 fileNameGp=../../cp2016-max-common-connected-subgraph-paper/datasets/graphsdb/mcs30/m2D/m2Dr2/mcs30_m2Dr2_s80.A08 fileNameGt=../../cp2016-max-common-connected-subgraph-paper/datasets/graphsdb/mcs30/m2D/m2Dr2/mcs30_m2Dr2_s80.B08
Reading graphs...
80 : 158
80 : 158
Initializing...
maxdom : 10
D->valSize : 413
Solving...
Blb : 2 (clique : 26)
currentSize : 26 <-- 0.006427 s
currentSize : 27 <-- 1.270821 s
currentSize : 28 <-- 70.664352 s
currentSize : 29 <-- 85.234695 s
currentSize : 30 <-- 130.558350 s
currentSize : 31 <-- 174.728134 s
currentSize : 32 <-- 184.172958 s
currentSize : 33 <-- 185.518112 s
currentSize : 34 <-- 259.442627 s
currentSize : 35 <-- 274.393097 s
currentSize : 36 <-- 712.791321 s

TIMEOUT
maxsize : 36
nodes : 213781088.000000
filtered : 2197631323.000000
time : 1000.000000
