Parameters: GAD=1 vflib=1 dir=1 label=1 lowerbound=1 fileNameGp=../../cp2016-max-common-connected-subgraph-paper/datasets/graphsdb/mcs30/m4D/m4Dr6/mcs30_m4Dr6_s60.A09 fileNameGt=../../cp2016-max-common-connected-subgraph-paper/datasets/graphsdb/mcs30/m4D/m4Dr6/mcs30_m4Dr6_s60.B09
Reading graphs...
60 : 138
60 : 137
Initializing...
maxdom : 8
D->valSize : 256
Solving...
Blb : 2 (clique : 19)
currentSize : 19 <-- 0.002818 s
currentSize : 20 <-- 0.010159 s
currentSize : 21 <-- 17.507736 s
currentSize : 22 <-- 17.627329 s
currentSize : 23 <-- 97.965813 s
currentSize : 24 <-- 129.256027 s
currentSize : 25 <-- 172.111938 s

maxsize : 25
nodes : 50179563.000000
filtered : 392393857.000000
time : 184.018082
