Parameters: GAD=1 vflib=1 dir=1 label=1 lowerbound=1 fileNameGp=../../cp2016-max-common-connected-subgraph-paper/datasets/graphsdb/mcs30/bvg/b06/mcs30_b06_s70.A02 fileNameGt=../../cp2016-max-common-connected-subgraph-paper/datasets/graphsdb/mcs30/bvg/b06/mcs30_b06_s70.B02
Reading graphs...
70 : 210
70 : 210
Initializing...
maxdom : 7
D->valSize : 303
Solving...
Blb : 5 (clique : 20)
currentSize : 20 <-- 0.002253 s
currentSize : 21 <-- 0.006852 s
currentSize : 22 <-- 0.011164 s
currentSize : 23 <-- 0.012241 s
currentSize : 24 <-- 4.743703 s
currentSize : 25 <-- 13.725415 s
currentSize : 26 <-- 13.802882 s
currentSize : 27 <-- 77.470154 s

maxsize : 27
nodes : 72838726.000000
filtered : 679725181.000000
time : 359.111816
