Parameters: GAD=1 vflib=1 dir=1 label=1 lowerbound=1 fileNameGp=../../cp2016-max-common-connected-subgraph-paper/datasets/graphsdb/mcs30/m3D/m3Dr2/mcs30_m3Dr2_s100.A09 fileNameGt=../../cp2016-max-common-connected-subgraph-paper/datasets/graphsdb/mcs30/m3D/m3Dr2/mcs30_m3Dr2_s100.B09
Reading graphs...
100 : 255
100 : 254
Initializing...
maxdom : 7
D->valSize : 326
Solving...
Blb : 3 (clique : 27)
currentSize : 27 <-- 0.003236 s
currentSize : 29 <-- 0.003437 s
currentSize : 30 <-- 0.029043 s
currentSize : 31 <-- 0.097482 s
currentSize : 32 <-- 16.243246 s
currentSize : 33 <-- 132.321686 s

TIMEOUT
maxsize : 33
nodes : 203668681.000000
filtered : 983846842.000000
time : 1000.000000
