Parameters: GAD=1 vflib=1 dir=1 label=1 lowerbound=1 fileNameGp=../../cp2016-max-common-connected-subgraph-paper/datasets/graphsdb/mcs30/bvg/b06/mcs30_b06_s80.A01 fileNameGt=../../cp2016-max-common-connected-subgraph-paper/datasets/graphsdb/mcs30/bvg/b06/mcs30_b06_s80.B01
Reading graphs...
80 : 240
80 : 240
Initializing...
maxdom : 8
D->valSize : 440
Solving...
Blb : 2 (clique : 24)
currentSize : 24 <-- 0.004296 s
currentSize : 25 <-- 0.005215 s
currentSize : 26 <-- 0.061423 s
currentSize : 27 <-- 0.141897 s
currentSize : 28 <-- 0.413196 s
currentSize : 29 <-- 2.824571 s
currentSize : 30 <-- 73.261597 s
currentSize : 31 <-- 78.737694 s

TIMEOUT
maxsize : 31
nodes : 187827470.000000
filtered : 1895783290.000000
time : 1000.000000
