Parameters: GAD=1 vflib=1 dir=1 label=1 lowerbound=1 fileNameGp=../../cp2016-max-common-connected-subgraph-paper/datasets/graphsdb/mcs30/m4D/m4Dr4/mcs30_m4Dr4_s60.A05 fileNameGt=../../cp2016-max-common-connected-subgraph-paper/datasets/graphsdb/mcs30/m4D/m4Dr4/mcs30_m4Dr4_s60.B05
Reading graphs...
60 : 126
60 : 125
Initializing...
maxdom : 10
D->valSize : 273
Solving...
Blb : 2 (clique : 21)
currentSize : 21 <-- 0.002086 s
currentSize : 22 <-- 0.002226 s
currentSize : 23 <-- 0.002761 s
currentSize : 24 <-- 0.007032 s
currentSize : 25 <-- 215.564651 s

maxsize : 25
nodes : 61711034.000000
filtered : 605129194.000000
time : 256.343933
