Parameters: GAD=1 vflib=1 dir=1 label=1 lowerbound=1 fileNameGp=../../cp2016-max-common-connected-subgraph-paper/datasets/graphsdb/mcs30/m3D/m3Dr6/mcs30_m3Dr6_s90.A06 fileNameGt=../../cp2016-max-common-connected-subgraph-paper/datasets/graphsdb/mcs30/m3D/m3Dr6/mcs30_m3Dr6_s90.B06
Reading graphs...
90 : 263
90 : 262
Initializing...
maxdom : 10
D->valSize : 518
Solving...
Blb : 2 (clique : 27)
currentSize : 27 <-- 0.005712 s
currentSize : 28 <-- 52.586121 s
currentSize : 29 <-- 162.940002 s
currentSize : 30 <-- 323.380219 s
currentSize : 31 <-- 875.305054 s
currentSize : 32 <-- 876.989563 s

TIMEOUT
maxsize : 32
nodes : 222258788.000000
filtered : 1308593445.000000
time : 1000.000000
