Parameters: GAD=1 vflib=1 dir=1 label=1 lowerbound=1 fileNameGp=../../cp2016-max-common-connected-subgraph-paper/datasets/graphsdb/mcs30/m2D/m2D/mcs30_m2D_s100.A06 fileNameGt=../../cp2016-max-common-connected-subgraph-paper/datasets/graphsdb/mcs30/m2D/m2D/mcs30_m2D_s100.B06
Reading graphs...
100 : 180
100 : 180
Initializing...
maxdom : 6
D->valSize : 317
Solving...
Blb : 2 (clique : 36)
currentSize : 36 <-- 0.004906 s
currentSize : 37 <-- 0.015471 s
currentSize : 38 <-- 0.069149 s
currentSize : 39 <-- 0.302749 s
currentSize : 40 <-- 1.551083 s
currentSize : 41 <-- 2.338474 s
currentSize : 42 <-- 321.971649 s

TIMEOUT
maxsize : 42
nodes : 193710624.000000
filtered : 894514451.000000
time : 1000.000061
