Parameters: GAD=1 vflib=1 dir=1 label=1 lowerbound=1 fileNameGp=../../cp2016-max-common-connected-subgraph-paper/datasets/graphsdb/mcs30/bvg/b03/mcs30_b03_s50.A04 fileNameGt=../../cp2016-max-common-connected-subgraph-paper/datasets/graphsdb/mcs30/bvg/b03/mcs30_b03_s50.B04
Reading graphs...
50 : 75
50 : 75
Initializing...
maxdom : 9
D->valSize : 329
Solving...
Blb : 2 (clique : 20)
currentSize : 20 <-- 0.003864 s
currentSize : 21 <-- 0.071862 s
currentSize : 22 <-- 0.109329 s
currentSize : 23 <-- 40.070713 s
currentSize : 24 <-- 45.222641 s
currentSize : 25 <-- 997.666199 s

TIMEOUT
maxsize : 25
nodes : 311952240.000000
filtered : 2792687195.000000
time : 1000.000000
