Parameters: GAD=1 vflib=1 dir=1 label=1 lowerbound=1 fileNameGp=../../cp2016-max-common-connected-subgraph-paper/datasets/graphsdb/mcs30/m3D/m3Dr4/mcs30_m3Dr4_s70.A01 fileNameGt=../../cp2016-max-common-connected-subgraph-paper/datasets/graphsdb/mcs30/m3D/m3Dr4/mcs30_m3Dr4_s70.B01
Reading graphs...
70 : 187
70 : 186
Initializing...
maxdom : 9
D->valSize : 324
Solving...
Blb : 2 (clique : 22)
currentSize : 22 <-- 0.004080 s
currentSize : 23 <-- 0.032956 s
currentSize : 24 <-- 0.445168 s
currentSize : 25 <-- 2.931587 s
currentSize : 26 <-- 3.309625 s
currentSize : 27 <-- 8.455068 s
currentSize : 28 <-- 11.934080 s
currentSize : 29 <-- 34.431702 s
currentSize : 30 <-- 56.465092 s
currentSize : 31 <-- 306.557831 s

maxsize : 31
nodes : 70547111.000000
filtered : 639683983.000000
time : 356.766144
