Parameters: GAD=1 vflib=1 dir=1 label=1 lowerbound=1 fileNameGp=../../cp2016-max-common-connected-subgraph-paper/datasets/graphsdb/mcs30/m2D/m2Dr6/mcs30_m2Dr6_s50.A06 fileNameGt=../../cp2016-max-common-connected-subgraph-paper/datasets/graphsdb/mcs30/m2D/m2Dr6/mcs30_m2Dr6_s50.B06
Reading graphs...
50 : 115
50 : 115
Initializing...
maxdom : 10
D->valSize : 314
Solving...
Blb : 2 (clique : 17)
currentSize : 17 <-- 0.002180 s
currentSize : 18 <-- 0.002356 s
currentSize : 19 <-- 0.004494 s
currentSize : 20 <-- 0.007090 s
currentSize : 21 <-- 0.008153 s
currentSize : 22 <-- 0.014522 s

maxsize : 22
nodes : 41074952.000000
filtered : 549261188.000000
time : 177.185532
