Parameters: GAD=1 vflib=1 dir=1 label=1 lowerbound=1 fileNameGp=../../cp2016-max-common-connected-subgraph-paper/datasets/graphsdb/mcs30/m2D/m2D/mcs30_m2D_s50.A04 fileNameGt=../../cp2016-max-common-connected-subgraph-paper/datasets/graphsdb/mcs30/m2D/m2D/mcs30_m2D_s50.B04
Reading graphs...
50 : 85
50 : 85
Initializing...
maxdom : 8
D->valSize : 309
Solving...
Blb : 2 (clique : 18)
currentSize : 18 <-- 0.002473 s
currentSize : 19 <-- 0.002584 s
currentSize : 20 <-- 0.002630 s
currentSize : 21 <-- 0.003349 s
currentSize : 22 <-- 0.007959 s
currentSize : 23 <-- 2.608857 s
currentSize : 24 <-- 749.635864 s

maxsize : 24
nodes : 229456378.000000
filtered : 2437847966.000000
time : 899.606018
