Parameters: GAD=1 vflib=1 dir=1 label=1 lowerbound=1 fileNameGp=../../cp2016-max-common-connected-subgraph-paper/datasets/graphsdb/mcs30/m4D/m4Dr4/mcs30_m4Dr4_s80.A04 fileNameGt=../../cp2016-max-common-connected-subgraph-paper/datasets/graphsdb/mcs30/m4D/m4Dr4/mcs30_m4Dr4_s80.B04
Reading graphs...
80 : 163
80 : 163
Initializing...
maxdom : 14
D->valSize : 418
Solving...
Blb : 5 (clique : 27)
currentSize : 27 <-- 0.004068 s
currentSize : 28 <-- 0.008259 s
currentSize : 29 <-- 1.163435 s
currentSize : 30 <-- 12.222263 s
currentSize : 31 <-- 12.308160 s
currentSize : 32 <-- 149.281891 s

TIMEOUT
maxsize : 32
nodes : 271883904.000000
filtered : 1232512358.000000
time : 1000.000000
