Parameters: GAD=1 vflib=1 dir=1 label=1 lowerbound=1 fileNameGp=../../cp2016-max-common-connected-subgraph-paper/datasets/graphsdb/mcs30/rand/r005/mcs30_r005_s100.A07 fileNameGt=../../cp2016-max-common-connected-subgraph-paper/datasets/graphsdb/mcs30/rand/r005/mcs30_r005_s100.B07
Reading graphs...
100 : 494
100 : 494
Initializing...
maxdom : 9
D->valSize : 342
Solving...
Blb : 3 (clique : 18)
currentSize : 18 <-- 0.003341 s
currentSize : 19 <-- 0.072186 s
currentSize : 20 <-- 0.399853 s
currentSize : 21 <-- 0.671988 s
currentSize : 22 <-- 1.029509 s
currentSize : 23 <-- 13.967268 s
currentSize : 24 <-- 25.891665 s
currentSize : 25 <-- 29.176670 s
currentSize : 26 <-- 162.433151 s
currentSize : 27 <-- 226.306549 s
currentSize : 28 <-- 293.298279 s
currentSize : 29 <-- 605.506653 s

TIMEOUT
maxsize : 29
nodes : 180643740.000000
filtered : 1409205975.000000
time : 1000.000000
