Parameters: GAD=1 vflib=1 dir=1 label=1 lowerbound=1 fileNameGp=../../cp2016-max-common-connected-subgraph-paper/datasets/graphsdb/mcs30/m4D/m4Dr2/mcs30_m4Dr2_s70.A07 fileNameGt=../../cp2016-max-common-connected-subgraph-paper/datasets/graphsdb/mcs30/m4D/m4Dr2/mcs30_m4Dr2_s70.B07
Reading graphs...
70 : 132
70 : 131
Initializing...
maxdom : 9
D->valSize : 300
Solving...
Blb : 3 (clique : 22)
currentSize : 22 <-- 0.002548 s
currentSize : 23 <-- 0.083464 s
currentSize : 24 <-- 0.236014 s
currentSize : 25 <-- 1.032442 s
currentSize : 26 <-- 169.690613 s
currentSize : 27 <-- 989.998718 s

TIMEOUT
maxsize : 27
nodes : 298002334.000000
filtered : 1513463652.000000
time : 1000.000000
