Parameters: GAD=1 vflib=1 dir=1 label=1 lowerbound=1 fileNameGp=../../cp2016-max-common-connected-subgraph-paper/datasets/graphsdb/mcs30/rand/r005/mcs30_r005_s70.A05 fileNameGt=../../cp2016-max-common-connected-subgraph-paper/datasets/graphsdb/mcs30/rand/r005/mcs30_r005_s70.B05
Reading graphs...
70 : 240
70 : 240
Initializing...
maxdom : 8
D->valSize : 293
Solving...
Blb : 2 (clique : 21)
currentSize : 21 <-- 0.002267 s
currentSize : 22 <-- 0.004387 s
currentSize : 23 <-- 6.224726 s
currentSize : 24 <-- 261.094910 s
currentSize : 25 <-- 290.750854 s

maxsize : 25
nodes : 119062264.000000
filtered : 1078039486.000000
time : 515.671753
