Parameters: GAD=1 vflib=1 dir=1 label=1 lowerbound=1 fileNameGp=../../cp2016-max-common-connected-subgraph-paper/datasets/graphsdb/mcs30/m4D/m4Dr6/mcs30_m4Dr6_s90.A00 fileNameGt=../../cp2016-max-common-connected-subgraph-paper/datasets/graphsdb/mcs30/m4D/m4Dr6/mcs30_m4Dr6_s90.B00
Reading graphs...
90 : 200
90 : 196
Initializing...
maxdom : 8
D->valSize : 506
Solving...
Blb : 5 (clique : 29)
currentSize : 29 <-- 0.005499 s
currentSize : 30 <-- 0.006079 s
currentSize : 31 <-- 0.090300 s
currentSize : 32 <-- 3.881317 s
currentSize : 33 <-- 21.193258 s
currentSize : 34 <-- 365.264465 s

TIMEOUT
maxsize : 34
nodes : 242036016.000000
filtered : 1245452191.000000
time : 1000.000000
