Parameters: GAD=1 vflib=1 dir=1 label=1 lowerbound=1 fileNameGp=../../cp2016-max-common-connected-subgraph-paper/datasets/graphsdb/mcs30/m3D/m3Dr4/mcs30_m3Dr4_s70.A00 fileNameGt=../../cp2016-max-common-connected-subgraph-paper/datasets/graphsdb/mcs30/m3D/m3Dr4/mcs30_m3Dr4_s70.B00
Reading graphs...
70 : 187
70 : 187
Initializing...
maxdom : 7
D->valSize : 325
Solving...
Blb : 2 (clique : 20)
currentSize : 20 <-- 0.002512 s
currentSize : 21 <-- 0.010664 s
currentSize : 22 <-- 0.012383 s
currentSize : 23 <-- 0.021432 s
currentSize : 24 <-- 0.885086 s
currentSize : 25 <-- 1.265088 s
currentSize : 26 <-- 57.279461 s
currentSize : 27 <-- 213.733170 s
currentSize : 28 <-- 731.476196 s

TIMEOUT
maxsize : 28
nodes : 214537794.000000
filtered : 2085871874.000000
time : 1000.000000
