Parameters: GAD=1 vflib=1 dir=1 label=1 lowerbound=1 fileNameGp=../../cp2016-max-common-connected-subgraph-paper/datasets/graphsdb/mcs30/m4D/m4D/mcs30_m4D_s50.A08 fileNameGt=../../cp2016-max-common-connected-subgraph-paper/datasets/graphsdb/mcs30/m4D/m4D/mcs30_m4D_s50.B08
Reading graphs...
50 : 87
50 : 87
Initializing...
maxdom : 10
D->valSize : 321
Solving...
Blb : 2 (clique : 19)
currentSize : 19 <-- 0.002300 s
currentSize : 20 <-- 0.002404 s
currentSize : 21 <-- 0.002438 s
currentSize : 22 <-- 0.004755 s
currentSize : 23 <-- 0.136639 s
currentSize : 24 <-- 9.083929 s
currentSize : 25 <-- 48.049160 s

TIMEOUT
maxsize : 25
nodes : 343106272.000000
filtered : 2507849493.000000
time : 1000.000000
