Parameters: GAD=1 vflib=1 dir=1 label=1 lowerbound=1 fileNameGp=../../cp2016-max-common-connected-subgraph-paper/datasets/graphsdb/mcs30/m4D/m4D/mcs30_m4D_s60.A09 fileNameGt=../../cp2016-max-common-connected-subgraph-paper/datasets/graphsdb/mcs30/m4D/m4D/mcs30_m4D_s60.B09
Reading graphs...
60 : 102
60 : 102
Initializing...
maxdom : 11
D->valSize : 246
Solving...
Blb : 2 (clique : 20)
currentSize : 20 <-- 0.001834 s
currentSize : 21 <-- 0.001953 s
currentSize : 22 <-- 0.002104 s
currentSize : 23 <-- 0.006650 s
currentSize : 24 <-- 0.193563 s
currentSize : 25 <-- 0.232657 s
currentSize : 26 <-- 3.433691 s
currentSize : 27 <-- 13.930534 s

maxsize : 27
nodes : 8953379.000000
filtered : 60281211.000000
time : 36.454521
