Parameters: GAD=1 vflib=1 dir=1 label=1 lowerbound=1 fileNameGp=../../cp2016-max-common-connected-subgraph-paper/datasets/graphsdb/mcs30/bvg/b09/mcs30_b09_s100.A03 fileNameGt=../../cp2016-max-common-connected-subgraph-paper/datasets/graphsdb/mcs30/bvg/b09/mcs30_b09_s100.B03
Reading graphs...
100 : 450
100 : 450
Initializing...
maxdom : 8
D->valSize : 349
Solving...
Blb : 3 (clique : 27)
currentSize : 27 <-- 0.003410 s
currentSize : 28 <-- 45.827415 s
currentSize : 29 <-- 282.637756 s
currentSize : 30 <-- 968.803650 s
currentSize : 31 <-- 968.803711 s
currentSize : 32 <-- 968.804749 s
currentSize : 33 <-- 969.210999 s

TIMEOUT
maxsize : 33
nodes : 185956375.000000
filtered : 1254802375.000000
time : 1000.000000
