Parameters: GAD=1 vflib=1 dir=1 label=1 lowerbound=1 fileNameGp=../../cp2016-max-common-connected-subgraph-paper/datasets/graphsdb/mcs30/bvg/b09/mcs30_b09_s70.A08 fileNameGt=../../cp2016-max-common-connected-subgraph-paper/datasets/graphsdb/mcs30/bvg/b09/mcs30_b09_s70.B08
Reading graphs...
70 : 315
70 : 315
Initializing...
maxdom : 8
D->valSize : 316
Solving...
Blb : 2 (clique : 14)
currentSize : 14 <-- 0.002365 s
currentSize : 15 <-- 0.002465 s
currentSize : 16 <-- 0.007987 s
currentSize : 17 <-- 0.011035 s
currentSize : 18 <-- 0.090169 s
currentSize : 19 <-- 0.127480 s
currentSize : 20 <-- 2.484526 s
currentSize : 21 <-- 3.200695 s
currentSize : 22 <-- 109.715424 s

maxsize : 22
nodes : 87529384.000000
filtered : 1032091406.000000
time : 415.742645
