Parameters: GAD=1 vflib=1 dir=1 label=1 lowerbound=1 fileNameGp=../../cp2016-max-common-connected-subgraph-paper/datasets/graphsdb/mcs30/m3D/m3Dr6/mcs30_m3Dr6_s100.A09 fileNameGt=../../cp2016-max-common-connected-subgraph-paper/datasets/graphsdb/mcs30/m3D/m3Dr6/mcs30_m3Dr6_s100.B09
Reading graphs...
100 : 295
100 : 295
Initializing...
maxdom : 6
D->valSize : 346
Solving...
Blb : 2 (clique : 28)
currentSize : 28 <-- 0.005487 s
currentSize : 29 <-- 0.031278 s
currentSize : 30 <-- 0.160438 s
currentSize : 31 <-- 0.160498 s
currentSize : 32 <-- 1.654047 s
currentSize : 33 <-- 19.138584 s
currentSize : 34 <-- 70.835983 s
currentSize : 35 <-- 149.795715 s

TIMEOUT
maxsize : 35
nodes : 208732072.000000
filtered : 633918288.000000
time : 1000.000000
