Parameters: GAD=1 vflib=1 dir=1 label=1 lowerbound=1 fileNameGp=../../cp2016-max-common-connected-subgraph-paper/datasets/graphsdb/mcs30/m4D/m4Dr4/mcs30_m4Dr4_s50.A05 fileNameGt=../../cp2016-max-common-connected-subgraph-paper/datasets/graphsdb/mcs30/m4D/m4Dr4/mcs30_m4Dr4_s50.B05
Reading graphs...
50 : 107
50 : 105
Initializing...
maxdom : 8
D->valSize : 305
Solving...
Blb : 2 (clique : 18)
currentSize : 18 <-- 0.002141 s
currentSize : 19 <-- 0.008682 s
currentSize : 20 <-- 1.251743 s
currentSize : 21 <-- 6.226613 s
currentSize : 22 <-- 46.173637 s
currentSize : 23 <-- 59.193359 s

maxsize : 23
nodes : 119551934.000000
filtered : 1417642463.000000
time : 456.050201
