Parameters: GAD=1 vflib=1 dir=1 label=1 lowerbound=1 fileNameGp=../../cp2016-max-common-connected-subgraph-paper/datasets/graphsdb/mcs30/m3D/m3Dr6/mcs30_m3Dr6_s80.A05 fileNameGt=../../cp2016-max-common-connected-subgraph-paper/datasets/graphsdb/mcs30/m3D/m3Dr6/mcs30_m3Dr6_s80.B05
Reading graphs...
80 : 232
80 : 231
Initializing...
maxdom : 11
D->valSize : 452
Solving...
Blb : 2 (clique : 25)
currentSize : 25 <-- 0.004578 s
currentSize : 26 <-- 0.004947 s
currentSize : 27 <-- 0.005328 s
currentSize : 28 <-- 0.005430 s
currentSize : 29 <-- 0.009074 s
currentSize : 30 <-- 0.057955 s

TIMEOUT
maxsize : 30
nodes : 200384777.000000
filtered : 2162652717.000000
time : 1000.000000
