Parameters: GAD=1 vflib=1 dir=1 label=1 lowerbound=1 fileNameGp=../../cp2016-max-common-connected-subgraph-paper/datasets/graphsdb/mcs30/rand/r01/mcs30_r01_s90.A07 fileNameGt=../../cp2016-max-common-connected-subgraph-paper/datasets/graphsdb/mcs30/rand/r01/mcs30_r01_s90.B07
Reading graphs...
90 : 800
90 : 800
Initializing...
maxdom : 10
D->valSize : 503
Solving...
Blb : 2 (clique : 14)
currentSize : 14 <-- 0.005461 s
currentSize : 15 <-- 0.023202 s
currentSize : 16 <-- 0.041752 s
currentSize : 17 <-- 0.115063 s
currentSize : 18 <-- 0.388492 s
currentSize : 19 <-- 2.026457 s
currentSize : 20 <-- 3.194203 s
currentSize : 21 <-- 3.194833 s
currentSize : 22 <-- 3.194914 s
currentSize : 23 <-- 12.128034 s
currentSize : 26 <-- 51.744488 s
currentSize : 27 <-- 57.825840 s

maxsize : 27
nodes : 12144481.000000
filtered : 238543224.000000
time : 79.062355
