Parameters: GAD=1 vflib=1 dir=1 label=1 lowerbound=1 fileNameGp=../../cp2016-max-common-connected-subgraph-paper/datasets/graphsdb/mcs30/bvg/b06/mcs30_b06_s90.A05 fileNameGt=../../cp2016-max-common-connected-subgraph-paper/datasets/graphsdb/mcs30/bvg/b06/mcs30_b06_s90.B05
Reading graphs...
90 : 270
90 : 270
Initializing...
maxdom : 11
D->valSize : 511
Solving...
Blb : 2 (clique : 25)
currentSize : 25 <-- 0.008781 s
currentSize : 26 <-- 0.021614 s
currentSize : 27 <-- 0.037982 s
currentSize : 28 <-- 0.320829 s
currentSize : 29 <-- 0.329938 s
currentSize : 30 <-- 17.793833 s
currentSize : 31 <-- 93.709557 s
currentSize : 32 <-- 93.720131 s

TIMEOUT
maxsize : 32
nodes : 194978174.000000
filtered : 2000517751.000000
time : 1000.000000
