Parameters: GAD=1 vflib=1 dir=1 label=1 lowerbound=1 fileNameGp=../../cp2016-max-common-connected-subgraph-paper/datasets/graphsdb/mcs30/bvg/b09m/mcs30_b09m_s70.A06 fileNameGt=../../cp2016-max-common-connected-subgraph-paper/datasets/graphsdb/mcs30/bvg/b09m/mcs30_b09m_s70.B06
Reading graphs...
70 : 315
70 : 315
Initializing...
maxdom : 10
D->valSize : 358
Solving...
Blb : 3 (clique : 19)
currentSize : 19 <-- 0.003869 s
currentSize : 20 <-- 1.648794 s
currentSize : 21 <-- 11.203509 s
currentSize : 22 <-- 12.360146 s
currentSize : 23 <-- 19.248232 s
currentSize : 24 <-- 44.095570 s

maxsize : 24
nodes : 29373900.000000
filtered : 416554519.000000
time : 149.291245
