Parameters: GAD=1 vflib=1 dir=1 label=1 lowerbound=1 fileNameGp=../../cp2016-max-common-connected-subgraph-paper/datasets/graphsdb/mcs30/rand/r01/mcs30_r01_s70.A02 fileNameGt=../../cp2016-max-common-connected-subgraph-paper/datasets/graphsdb/mcs30/rand/r01/mcs30_r01_s70.B02
Reading graphs...
70 : 482
70 : 482
Initializing...
maxdom : 6
D->valSize : 334
Solving...
Blb : 2 (clique : 11)
currentSize : 11 <-- 0.002863 s
currentSize : 12 <-- 0.003046 s
currentSize : 13 <-- 0.003334 s
currentSize : 14 <-- 0.003551 s
currentSize : 15 <-- 0.226196 s
currentSize : 16 <-- 1.501845 s
currentSize : 17 <-- 1.658075 s
currentSize : 19 <-- 3.409297 s
currentSize : 20 <-- 4.978277 s
currentSize : 21 <-- 4.978309 s

maxsize : 21
nodes : 2847961.000000
filtered : 36590192.000000
time : 14.386809
