Parameters: GAD=1 vflib=1 dir=1 label=1 lowerbound=1 fileNameGp=../../cp2016-max-common-connected-subgraph-paper/datasets/graphsdb/mcs30/rand/r01/mcs30_r01_s50.A08 fileNameGt=../../cp2016-max-common-connected-subgraph-paper/datasets/graphsdb/mcs30/rand/r01/mcs30_r01_s50.B08
Reading graphs...
50 : 244
50 : 244
Initializing...
maxdom : 11
D->valSize : 344
Solving...
Blb : 2 (clique : 10)
currentSize : 10 <-- 0.003560 s
currentSize : 11 <-- 0.003762 s
currentSize : 12 <-- 0.027219 s
currentSize : 13 <-- 0.041751 s
currentSize : 14 <-- 0.395911 s
currentSize : 15 <-- 0.715228 s
currentSize : 16 <-- 3.893489 s
currentSize : 17 <-- 3.893527 s

maxsize : 17
nodes : 2076598.000000
filtered : 38720237.000000
time : 9.156726
