Parameters: GAD=1 vflib=1 dir=1 label=1 lowerbound=1 fileNameGp=../../cp2016-max-common-connected-subgraph-paper/datasets/graphsdb/mcs30/m3D/m3Dr2/mcs30_m3Dr2_s90.A04 fileNameGt=../../cp2016-max-common-connected-subgraph-paper/datasets/graphsdb/mcs30/m3D/m3Dr2/mcs30_m3Dr2_s90.B04
Reading graphs...
90 : 227
90 : 227
Initializing...
maxdom : 10
D->valSize : 529
Solving...
Blb : 2 (clique : 31)
currentSize : 31 <-- 0.006036 s
currentSize : 32 <-- 0.163752 s
currentSize : 33 <-- 1.290056 s
currentSize : 34 <-- 4.654157 s
currentSize : 35 <-- 8.159016 s
currentSize : 36 <-- 112.836693 s
currentSize : 37 <-- 748.282776 s

TIMEOUT
maxsize : 37
nodes : 220899051.000000
filtered : 1082302514.000000
time : 1000.000061
