Parameters: GAD=1 vflib=1 dir=1 label=1 lowerbound=1 fileNameGp=../../cp2016-max-common-connected-subgraph-paper/datasets/graphsdb/mcs30/m4D/m4D/mcs30_m4D_s80.A07 fileNameGt=../../cp2016-max-common-connected-subgraph-paper/datasets/graphsdb/mcs30/m4D/m4D/mcs30_m4D_s80.B07
Reading graphs...
80 : 131
80 : 131
Initializing...
maxdom : 9
D->valSize : 398
Solving...
Blb : 2 (clique : 28)
currentSize : 28 <-- 0.005908 s
currentSize : 29 <-- 0.006467 s
currentSize : 30 <-- 0.007762 s
currentSize : 31 <-- 72.428268 s
currentSize : 32 <-- 74.340462 s
currentSize : 33 <-- 118.658607 s

TIMEOUT
maxsize : 33
nodes : 224852556.000000
filtered : 1477980614.000000
time : 1000.000000
