Parameters: GAD=1 vflib=1 dir=1 label=1 lowerbound=1 fileNameGp=../../cp2016-max-common-connected-subgraph-paper/datasets/graphsdb/mcs30/m3D/m3Dr4/mcs30_m3Dr4_s90.A09 fileNameGt=../../cp2016-max-common-connected-subgraph-paper/datasets/graphsdb/mcs30/m3D/m3Dr4/mcs30_m3Dr4_s90.B09
Reading graphs...
90 : 245
90 : 244
Initializing...
maxdom : 10
D->valSize : 571
Solving...
Blb : 2 (clique : 27)
currentSize : 27 <-- 0.007822 s
currentSize : 28 <-- 0.014756 s
currentSize : 29 <-- 0.018471 s
currentSize : 30 <-- 0.020328 s
currentSize : 33 <-- 0.142941 s
currentSize : 34 <-- 0.301987 s
currentSize : 35 <-- 3.083515 s

TIMEOUT
maxsize : 35
nodes : 188043019.000000
filtered : 1516774315.000000
time : 1000.000000
