Parameters: GAD=1 vflib=1 dir=1 label=1 lowerbound=1 fileNameGp=../../cp2016-max-common-connected-subgraph-paper/datasets/graphsdb/mcs30/m4D/m4Dr6/mcs30_m4Dr6_s50.A03 fileNameGt=../../cp2016-max-common-connected-subgraph-paper/datasets/graphsdb/mcs30/m4D/m4Dr6/mcs30_m4Dr6_s50.B03
Reading graphs...
50 : 117
50 : 115
Initializing...
maxdom : 9
D->valSize : 349
Solving...
Blb : 2 (clique : 16)
currentSize : 16 <-- 0.002579 s
currentSize : 17 <-- 0.004153 s
currentSize : 18 <-- 0.077824 s
currentSize : 19 <-- 0.078675 s
currentSize : 20 <-- 23.097816 s
currentSize : 21 <-- 81.140457 s

maxsize : 21
nodes : 75691657.000000
filtered : 1051303171.000000
time : 308.665131
