Parameters: GAD=1 vflib=1 dir=1 label=1 lowerbound=1 fileNameGp=../../cp2016-max-common-connected-subgraph-paper/datasets/graphsdb/mcs30/rand/r005/mcs30_r005_s60.A04 fileNameGt=../../cp2016-max-common-connected-subgraph-paper/datasets/graphsdb/mcs30/rand/r005/mcs30_r005_s60.B04
Reading graphs...
60 : 179
60 : 179
Initializing...
maxdom : 7
D->valSize : 227
Solving...
Blb : 2 (clique : 16)
currentSize : 16 <-- 0.002302 s
currentSize : 17 <-- 0.002478 s
currentSize : 18 <-- 0.002522 s
currentSize : 19 <-- 0.011154 s
currentSize : 20 <-- 0.214503 s
currentSize : 21 <-- 0.215231 s
currentSize : 22 <-- 0.216332 s
currentSize : 23 <-- 0.217220 s

maxsize : 23
nodes : 3419393.000000
filtered : 30416945.000000
time : 15.265927
