Parameters: GAD=1 vflib=1 dir=1 label=1 lowerbound=1 fileNameGp=../../cp2016-max-common-connected-subgraph-paper/datasets/graphsdb/mcs30/m4D/m4Dr6/mcs30_m4Dr6_s80.A00 fileNameGt=../../cp2016-max-common-connected-subgraph-paper/datasets/graphsdb/mcs30/m4D/m4Dr6/mcs30_m4Dr6_s80.B00
Reading graphs...
80 : 179
80 : 179
Initializing...
maxdom : 8
D->valSize : 424
Solving...
Blb : 2 (clique : 25)
currentSize : 25 <-- 0.003956 s
currentSize : 27 <-- 0.004135 s
currentSize : 28 <-- 0.005645 s
currentSize : 29 <-- 0.008969 s
currentSize : 30 <-- 56.375431 s
currentSize : 31 <-- 315.831970 s

TIMEOUT
maxsize : 31
nodes : 267807414.000000
filtered : 1284900997.000000
time : 1000.000000
