Parameters: GAD=1 vflib=1 dir=1 label=1 lowerbound=1 fileNameGp=../../cp2016-max-common-connected-subgraph-paper/datasets/graphsdb/mcs30/bvg/b06/mcs30_b06_s80.A00 fileNameGt=../../cp2016-max-common-connected-subgraph-paper/datasets/graphsdb/mcs30/bvg/b06/mcs30_b06_s80.B00
Reading graphs...
80 : 240
80 : 240
Initializing...
maxdom : 9
D->valSize : 409
Solving...
Blb : 3 (clique : 22)
currentSize : 22 <-- 0.006331 s
currentSize : 23 <-- 12.940436 s
currentSize : 24 <-- 29.592739 s
currentSize : 25 <-- 108.090759 s
currentSize : 26 <-- 108.299660 s
currentSize : 27 <-- 108.870544 s

TIMEOUT
maxsize : 27
nodes : 205327721.000000
filtered : 1879180293.000000
time : 1000.000000
