Parameters: GAD=1 vflib=1 dir=1 label=1 lowerbound=1 fileNameGp=../../cp2016-max-common-connected-subgraph-paper/datasets/graphsdb/mcs30/rand/r01/mcs30_r01_s90.A06 fileNameGt=../../cp2016-max-common-connected-subgraph-paper/datasets/graphsdb/mcs30/rand/r01/mcs30_r01_s90.B06
Reading graphs...
90 : 800
90 : 800
Initializing...
maxdom : 11
D->valSize : 562
Solving...
Blb : 2 (clique : 11)
currentSize : 11 <-- 0.009208 s
currentSize : 12 <-- 0.009379 s
currentSize : 13 <-- 0.010082 s
currentSize : 14 <-- 0.014709 s
currentSize : 15 <-- 0.061559 s
currentSize : 16 <-- 0.165616 s
currentSize : 17 <-- 1.358306 s
currentSize : 18 <-- 10.839848 s
currentSize : 19 <-- 22.138651 s
currentSize : 20 <-- 30.401798 s
currentSize : 21 <-- 78.958755 s
currentSize : 23 <-- 78.959717 s
currentSize : 24 <-- 78.967033 s
currentSize : 27 <-- 78.969185 s

maxsize : 27
nodes : 19743760.000000
filtered : 369728595.000000
time : 123.262810
