Parameters: GAD=1 vflib=1 dir=1 label=1 lowerbound=1 fileNameGp=../../cp2016-max-common-connected-subgraph-paper/datasets/graphsdb/mcs30/m3D/m3D/mcs30_m3D_s100.A06 fileNameGt=../../cp2016-max-common-connected-subgraph-paper/datasets/graphsdb/mcs30/m3D/m3D/mcs30_m3D_s100.B06
Reading graphs...
100 : 235
100 : 235
Initializing...
maxdom : 9
D->valSize : 337
Solving...
Blb : 2 (clique : 30)
currentSize : 30 <-- 0.003563 s
currentSize : 31 <-- 0.003813 s
currentSize : 32 <-- 0.007101 s
currentSize : 33 <-- 0.423327 s
currentSize : 34 <-- 1.052828 s
currentSize : 35 <-- 8.102819 s
currentSize : 36 <-- 382.478241 s
currentSize : 37 <-- 425.492218 s
currentSize : 38 <-- 425.866302 s

TIMEOUT
maxsize : 38
nodes : 196728359.000000
filtered : 794726621.000000
time : 1000.000000
