Parameters: GAD=1 vflib=1 dir=1 label=1 lowerbound=1 fileNameGp=../../cp2016-max-common-connected-subgraph-paper/datasets/graphsdb/mcs30/m3D/m3Dr4/mcs30_m3Dr4_s70.A05 fileNameGt=../../cp2016-max-common-connected-subgraph-paper/datasets/graphsdb/mcs30/m3D/m3Dr4/mcs30_m3Dr4_s70.B05
Reading graphs...
70 : 187
70 : 187
Initializing...
maxdom : 10
D->valSize : 334
Solving...
Blb : 2 (clique : 25)
currentSize : 25 <-- 0.002654 s
currentSize : 26 <-- 0.002830 s
currentSize : 27 <-- 0.003007 s
currentSize : 28 <-- 0.003018 s
currentSize : 29 <-- 0.024352 s
currentSize : 30 <-- 7.788563 s
currentSize : 31 <-- 27.054010 s
currentSize : 32 <-- 57.827732 s

maxsize : 32
nodes : 80018502.000000
filtered : 714248871.000000
time : 385.975616
