Parameters: GAD=1 vflib=1 dir=1 label=1 lowerbound=1 fileNameGp=../../cp2016-max-common-connected-subgraph-paper/datasets/graphsdb/mcs30/bvg/b03m/mcs30_b03m_s60.A04 fileNameGt=../../cp2016-max-common-connected-subgraph-paper/datasets/graphsdb/mcs30/bvg/b03m/mcs30_b03m_s60.B04
Reading graphs...
60 : 90
60 : 90
Initializing...
maxdom : 9
D->valSize : 256
Solving...
Blb : 2 (clique : 23)
currentSize : 23 <-- 0.001831 s
currentSize : 24 <-- 0.002145 s
currentSize : 25 <-- 0.002306 s
currentSize : 27 <-- 0.003225 s
currentSize : 28 <-- 0.008224 s
currentSize : 29 <-- 141.185562 s

maxsize : 29
nodes : 161604621.000000
filtered : 1491091527.000000
time : 679.197754
