Parameters: GAD=1 vflib=1 dir=1 label=1 lowerbound=1 fileNameGp=../../cp2016-max-common-connected-subgraph-paper/datasets/graphsdb/mcs30/m3D/m3Dr6/mcs30_m3Dr6_s70.A00 fileNameGt=../../cp2016-max-common-connected-subgraph-paper/datasets/graphsdb/mcs30/m3D/m3Dr6/mcs30_m3Dr6_s70.B00
Reading graphs...
70 : 201
70 : 201
Initializing...
maxdom : 8
D->valSize : 332
Solving...
Blb : 2 (clique : 23)
currentSize : 23 <-- 0.002829 s
currentSize : 24 <-- 0.045307 s
currentSize : 25 <-- 2.380613 s
currentSize : 26 <-- 32.709854 s
currentSize : 27 <-- 46.127350 s
currentSize : 28 <-- 46.130295 s
currentSize : 29 <-- 46.372185 s
currentSize : 30 <-- 46.372246 s

TIMEOUT
maxsize : 30
nodes : 202729564.000000
filtered : 1853445639.000000
time : 1000.000000
