Parameters: GAD=1 vflib=1 dir=1 label=1 lowerbound=1 fileNameGp=../../cp2016-max-common-connected-subgraph-paper/datasets/graphsdb/mcs30/bvg/b03m/mcs30_b03m_s60.A01 fileNameGt=../../cp2016-max-common-connected-subgraph-paper/datasets/graphsdb/mcs30/bvg/b03m/mcs30_b03m_s60.B01
Reading graphs...
60 : 90
60 : 90
Initializing...
maxdom : 6
D->valSize : 227
Solving...
Blb : 2 (clique : 23)
currentSize : 23 <-- 0.002458 s
currentSize : 24 <-- 9.956213 s
currentSize : 25 <-- 19.078520 s
currentSize : 26 <-- 89.154556 s
currentSize : 27 <-- 295.510559 s
currentSize : 28 <-- 298.743073 s

maxsize : 28
nodes : 136562313.000000
filtered : 827511200.000000
time : 530.298584
