Parameters: GAD=1 vflib=1 dir=1 label=1 lowerbound=1 fileNameGp=../../cp2016-max-common-connected-subgraph-paper/datasets/graphsdb/mcs30/m4D/m4Dr4/mcs30_m4Dr4_s80.A01 fileNameGt=../../cp2016-max-common-connected-subgraph-paper/datasets/graphsdb/mcs30/m4D/m4Dr4/mcs30_m4Dr4_s80.B01
Reading graphs...
80 : 163
80 : 162
Initializing...
maxdom : 10
D->valSize : 397
Solving...
Blb : 2 (clique : 27)
currentSize : 27 <-- 0.003753 s
currentSize : 28 <-- 0.003951 s
currentSize : 30 <-- 0.006133 s
currentSize : 31 <-- 3.739967 s
currentSize : 32 <-- 291.029633 s
currentSize : 33 <-- 503.437775 s

TIMEOUT
maxsize : 33
nodes : 328335401.000000
filtered : 955229678.000000
time : 1000.000000
