Parameters: GAD=1 vflib=1 dir=1 label=1 lowerbound=1 fileNameGp=../../cp2016-max-common-connected-subgraph-paper/datasets/graphsdb/mcs30/bvg/b03/mcs30_b03_s60.A02 fileNameGt=../../cp2016-max-common-connected-subgraph-paper/datasets/graphsdb/mcs30/bvg/b03/mcs30_b03_s60.B02
Reading graphs...
60 : 90
60 : 90
Initializing...
maxdom : 7
D->valSize : 249
Solving...
Blb : 5 (clique : 24)
currentSize : 24 <-- 0.001868 s
currentSize : 25 <-- 0.002310 s
currentSize : 26 <-- 0.002493 s
currentSize : 27 <-- 0.008350 s
currentSize : 28 <-- 0.577215 s
currentSize : 29 <-- 39.543400 s

maxsize : 29
nodes : 65951966.000000
filtered : 423731946.000000
time : 246.054657
