Parameters: GAD=1 vflib=1 dir=1 label=1 lowerbound=1 fileNameGp=../../cp2016-max-common-connected-subgraph-paper/datasets/graphsdb/mcs30/bvg/b06m/mcs30_b06m_s50.A01 fileNameGt=../../cp2016-max-common-connected-subgraph-paper/datasets/graphsdb/mcs30/bvg/b06m/mcs30_b06m_s50.B01
Reading graphs...
50 : 150
50 : 150
Initializing...
maxdom : 10
D->valSize : 330
Solving...
Blb : 2 (clique : 16)
currentSize : 16 <-- 0.002288 s
currentSize : 17 <-- 0.098001 s
currentSize : 18 <-- 1.850259 s
currentSize : 19 <-- 56.867985 s
currentSize : 20 <-- 60.588413 s
currentSize : 21 <-- 65.828056 s
currentSize : 22 <-- 67.544762 s

maxsize : 22
nodes : 22291370.000000
filtered : 300638268.000000
time : 90.889961
