Parameters: GAD=1 vflib=1 dir=1 label=1 lowerbound=1 fileNameGp=../../cp2016-max-common-connected-subgraph-paper/datasets/graphsdb/mcs30/bvg/b03/mcs30_b03_s50.A02 fileNameGt=../../cp2016-max-common-connected-subgraph-paper/datasets/graphsdb/mcs30/bvg/b03/mcs30_b03_s50.B02
Reading graphs...
50 : 75
50 : 75
Initializing...
maxdom : 10
D->valSize : 316
Solving...
Blb : 2 (clique : 20)
currentSize : 20 <-- 0.002673 s
currentSize : 21 <-- 0.160142 s
currentSize : 22 <-- 27.345516 s
currentSize : 23 <-- 57.969059 s
currentSize : 24 <-- 813.239807 s
currentSize : 25 <-- 813.303589 s

TIMEOUT
maxsize : 25
nodes : 389297354.000000
filtered : 2260963046.000000
time : 1000.000061
