Parameters: GAD=1 vflib=1 dir=1 label=1 lowerbound=1 fileNameGp=../../cp2016-max-common-connected-subgraph-paper/datasets/graphsdb/mcs30/m4D/m4D/mcs30_m4D_s70.A03 fileNameGt=../../cp2016-max-common-connected-subgraph-paper/datasets/graphsdb/mcs30/m4D/m4D/mcs30_m4D_s70.B03
Reading graphs...
70 : 118
70 : 118
Initializing...
maxdom : 9
D->valSize : 328
Solving...
Blb : 5 (clique : 25)
currentSize : 25 <-- 0.003776 s
currentSize : 26 <-- 0.003987 s
currentSize : 27 <-- 0.004242 s
currentSize : 28 <-- 0.005486 s
currentSize : 29 <-- 11.586646 s
currentSize : 30 <-- 11.699046 s
currentSize : 31 <-- 141.330750 s
currentSize : 32 <-- 870.399475 s

TIMEOUT
maxsize : 32
nodes : 265834261.000000
filtered : 1578539331.000000
time : 1000.000000
