Parameters: GAD=1 vflib=1 dir=1 label=1 lowerbound=1 fileNameGp=../../cp2016-max-common-connected-subgraph-paper/datasets/graphsdb/mcs30/m3D/m3Dr6/mcs30_m3Dr6_s70.A04 fileNameGt=../../cp2016-max-common-connected-subgraph-paper/datasets/graphsdb/mcs30/m3D/m3Dr6/mcs30_m3Dr6_s70.B04
Reading graphs...
70 : 201
70 : 201
Initializing...
maxdom : 9
D->valSize : 341
Solving...
Blb : 3 (clique : 20)
currentSize : 20 <-- 0.002790 s
currentSize : 21 <-- 0.015359 s
currentSize : 22 <-- 0.016413 s
currentSize : 23 <-- 0.140228 s
currentSize : 24 <-- 0.169611 s
currentSize : 25 <-- 2.208901 s
currentSize : 26 <-- 300.206909 s
currentSize : 27 <-- 778.383179 s
currentSize : 28 <-- 778.387573 s
currentSize : 29 <-- 778.387634 s
currentSize : 30 <-- 778.398010 s

TIMEOUT
maxsize : 30
nodes : 206317438.000000
filtered : 2115296764.000000
time : 1000.000000
