Parameters: GAD=1 vflib=1 dir=1 label=1 lowerbound=1 fileNameGp=../../cp2016-max-common-connected-subgraph-paper/datasets/graphsdb/mcs30/m3D/m3Dr6/mcs30_m3Dr6_s80.A08 fileNameGt=../../cp2016-max-common-connected-subgraph-paper/datasets/graphsdb/mcs30/m3D/m3Dr6/mcs30_m3Dr6_s80.B08
Reading graphs...
80 : 232
80 : 231
Initializing...
maxdom : 10
D->valSize : 419
Solving...
Blb : 2 (clique : 27)
currentSize : 27 <-- 0.003800 s
currentSize : 28 <-- 0.004270 s
currentSize : 29 <-- 0.021652 s
currentSize : 30 <-- 0.023735 s
currentSize : 31 <-- 1.321652 s
currentSize : 32 <-- 68.254646 s
currentSize : 33 <-- 654.598999 s

TIMEOUT
maxsize : 33
nodes : 167569964.000000
filtered : 2316742850.000000
time : 1000.000000
