Parameters: GAD=1 vflib=1 dir=1 label=1 lowerbound=1 fileNameGp=../../cp2016-max-common-connected-subgraph-paper/datasets/graphsdb/mcs30/rand/r01/mcs30_r01_s80.A08 fileNameGt=../../cp2016-max-common-connected-subgraph-paper/datasets/graphsdb/mcs30/rand/r01/mcs30_r01_s80.B08
Reading graphs...
80 : 631
80 : 631
Initializing...
maxdom : 12
D->valSize : 411
Solving...
Blb : 3 (clique : 11)
currentSize : 11 <-- 0.005484 s
currentSize : 12 <-- 0.005636 s
currentSize : 13 <-- 0.005840 s
currentSize : 14 <-- 0.011609 s
currentSize : 15 <-- 0.081115 s
currentSize : 16 <-- 0.095071 s
currentSize : 17 <-- 0.199757 s
currentSize : 18 <-- 0.208690 s
currentSize : 21 <-- 4.419443 s
currentSize : 24 <-- 4.422164 s

maxsize : 24
nodes : 1919271.000000
filtered : 31799465.000000
time : 11.074945
