Parameters: GAD=1 vflib=1 dir=1 label=1 lowerbound=1 fileNameGp=../../cp2016-max-common-connected-subgraph-paper/datasets/graphsdb/mcs30/m4D/m4Dr2/mcs30_m4Dr2_s70.A09 fileNameGt=../../cp2016-max-common-connected-subgraph-paper/datasets/graphsdb/mcs30/m4D/m4Dr2/mcs30_m4Dr2_s70.B09
Reading graphs...
70 : 132
70 : 132
Initializing...
maxdom : 11
D->valSize : 325
Solving...
Blb : 2 (clique : 24)
currentSize : 24 <-- 0.004243 s
currentSize : 25 <-- 0.005039 s
currentSize : 26 <-- 0.019765 s
currentSize : 27 <-- 0.333892 s
currentSize : 28 <-- 6.863708 s
currentSize : 29 <-- 666.477722 s

TIMEOUT
maxsize : 29
nodes : 256255970.000000
filtered : 1398847660.000000
time : 1000.000000
