Parameters: GAD=1 vflib=1 dir=1 label=1 lowerbound=1 fileNameGp=../../cp2016-max-common-connected-subgraph-paper/datasets/graphsdb/mcs30/m4D/m4Dr2/mcs30_m4Dr2_s50.A05 fileNameGt=../../cp2016-max-common-connected-subgraph-paper/datasets/graphsdb/mcs30/m4D/m4Dr2/mcs30_m4Dr2_s50.B05
Reading graphs...
50 : 97
50 : 97
Initializing...
maxdom : 9
D->valSize : 326
Solving...
Blb : 2 (clique : 17)
currentSize : 17 <-- 0.002371 s
currentSize : 18 <-- 0.002490 s
currentSize : 19 <-- 0.002653 s
currentSize : 20 <-- 0.002753 s
currentSize : 21 <-- 0.118475 s
currentSize : 22 <-- 0.118654 s
currentSize : 23 <-- 0.307797 s
currentSize : 24 <-- 1.424103 s

maxsize : 24
nodes : 89329542.000000
filtered : 1115440557.000000
time : 352.884918
