Parameters: GAD=1 vflib=1 dir=1 label=1 lowerbound=1 fileNameGp=../../cp2016-max-common-connected-subgraph-paper/datasets/graphsdb/mcs30/m2D/m2D/mcs30_m2D_s100.A01 fileNameGt=../../cp2016-max-common-connected-subgraph-paper/datasets/graphsdb/mcs30/m2D/m2D/mcs30_m2D_s100.B01
Reading graphs...
100 : 180
100 : 180
Initializing...
maxdom : 7
D->valSize : 320
Solving...
Blb : 2 (clique : 33)
currentSize : 33 <-- 0.003043 s
currentSize : 34 <-- 0.036478 s
currentSize : 35 <-- 1.028444 s
currentSize : 36 <-- 1.694838 s
currentSize : 37 <-- 2.976326 s
currentSize : 38 <-- 6.663189 s
currentSize : 39 <-- 81.456627 s
currentSize : 40 <-- 454.506317 s
currentSize : 41 <-- 980.361328 s

TIMEOUT
maxsize : 41
nodes : 216186262.000000
filtered : 972789054.000000
time : 1000.000000
