Parameters: GAD=1 vflib=1 dir=1 label=1 lowerbound=1 fileNameGp=../../cp2016-max-common-connected-subgraph-paper/datasets/graphsdb/mcs30/m3D/m3Dr2/mcs30_m3Dr2_s70.A06 fileNameGt=../../cp2016-max-common-connected-subgraph-paper/datasets/graphsdb/mcs30/m3D/m3Dr2/mcs30_m3Dr2_s70.B06
Reading graphs...
70 : 173
70 : 173
Initializing...
maxdom : 8
D->valSize : 335
Solving...
Blb : 2 (clique : 20)
currentSize : 20 <-- 0.002774 s
currentSize : 21 <-- 0.003001 s
currentSize : 22 <-- 0.003618 s
currentSize : 23 <-- 0.053024 s
currentSize : 24 <-- 0.108958 s
currentSize : 25 <-- 2.103712 s
currentSize : 26 <-- 77.245216 s
currentSize : 27 <-- 411.412659 s
currentSize : 28 <-- 411.617371 s
currentSize : 29 <-- 933.419373 s

TIMEOUT
maxsize : 29
nodes : 220973381.000000
filtered : 1850271409.000000
time : 1000.000000
