Parameters: GAD=1 vflib=1 dir=1 label=1 lowerbound=1 fileNameGp=../../cp2016-max-common-connected-subgraph-paper/datasets/graphsdb/mcs30/bvg/b09/mcs30_b09_s100.A04 fileNameGt=../../cp2016-max-common-connected-subgraph-paper/datasets/graphsdb/mcs30/bvg/b09/mcs30_b09_s100.B04
Reading graphs...
100 : 450
100 : 450
Initializing...
maxdom : 8
D->valSize : 339
Solving...
Blb : 2 (clique : 21)
currentSize : 21 <-- 0.003269 s
currentSize : 23 <-- 0.003895 s
currentSize : 24 <-- 0.029667 s
currentSize : 25 <-- 0.092273 s
currentSize : 26 <-- 0.600336 s
currentSize : 28 <-- 2.720506 s
currentSize : 29 <-- 2.845285 s
currentSize : 30 <-- 2.893189 s
currentSize : 31 <-- 3.261979 s
currentSize : 32 <-- 3.949752 s
currentSize : 33 <-- 4.033419 s
currentSize : 34 <-- 456.469543 s

TIMEOUT
maxsize : 34
nodes : 176626851.000000
filtered : 1259195728.000000
time : 1000.000000
