Parameters: GAD=1 vflib=1 dir=1 label=1 lowerbound=1 fileNameGp=../../cp2016-max-common-connected-subgraph-paper/datasets/graphsdb/mcs30/bvg/b09m/mcs30_b09m_s80.A09 fileNameGt=../../cp2016-max-common-connected-subgraph-paper/datasets/graphsdb/mcs30/bvg/b09m/mcs30_b09m_s80.B09
Reading graphs...
80 : 360
80 : 360
Initializing...
maxdom : 11
D->valSize : 424
Solving...
Blb : 3 (clique : 18)
currentSize : 18 <-- 0.003939 s
currentSize : 19 <-- 0.019087 s
currentSize : 20 <-- 0.019240 s
currentSize : 21 <-- 0.340954 s
currentSize : 22 <-- 7.646290 s
currentSize : 23 <-- 10.995730 s
currentSize : 24 <-- 38.655209 s
currentSize : 25 <-- 70.032059 s
currentSize : 26 <-- 117.467201 s
currentSize : 27 <-- 235.692886 s

TIMEOUT
maxsize : 27
nodes : 182737170.000000
filtered : 2175041142.000000
time : 1000.000000
