Parameters: GAD=1 vflib=1 dir=1 label=1 lowerbound=1 fileNameGp=../../cp2016-max-common-connected-subgraph-paper/datasets/graphsdb/mcs30/rand/r01/mcs30_r01_s90.A00 fileNameGt=../../cp2016-max-common-connected-subgraph-paper/datasets/graphsdb/mcs30/rand/r01/mcs30_r01_s90.B00
Reading graphs...
90 : 800
90 : 800
Initializing...
maxdom : 11
D->valSize : 545
Solving...
Blb : 2 (clique : 14)
currentSize : 14 <-- 0.009150 s
currentSize : 15 <-- 0.019999 s
currentSize : 16 <-- 0.058419 s
currentSize : 17 <-- 0.572458 s
currentSize : 18 <-- 1.622717 s
currentSize : 19 <-- 1.637426 s
currentSize : 20 <-- 4.158450 s
currentSize : 21 <-- 10.415518 s
currentSize : 23 <-- 18.749962 s
currentSize : 24 <-- 49.120026 s
currentSize : 26 <-- 49.120106 s
currentSize : 27 <-- 49.152554 s

maxsize : 27
nodes : 16884301.000000
filtered : 341296962.000000
time : 112.947563
