Parameters: GAD=1 vflib=1 dir=1 label=1 lowerbound=1 fileNameGp=../../cp2016-max-common-connected-subgraph-paper/datasets/graphsdb/mcs30/m3D/m3Dr4/mcs30_m3Dr4_s90.A03 fileNameGt=../../cp2016-max-common-connected-subgraph-paper/datasets/graphsdb/mcs30/m3D/m3Dr4/mcs30_m3Dr4_s90.B03
Reading graphs...
90 : 245
90 : 244
Initializing...
maxdom : 9
D->valSize : 539
Solving...
Blb : 2 (clique : 28)
currentSize : 28 <-- 0.010343 s
currentSize : 29 <-- 0.012809 s
currentSize : 30 <-- 0.043640 s
currentSize : 31 <-- 12.257262 s
currentSize : 32 <-- 19.741463 s
currentSize : 33 <-- 42.371902 s
currentSize : 34 <-- 45.956573 s
currentSize : 35 <-- 59.326225 s

TIMEOUT
maxsize : 35
nodes : 189794621.000000
filtered : 1253116048.000000
time : 1000.000000
