Parameters: GAD=1 vflib=1 dir=1 label=1 lowerbound=1 fileNameGp=../../cp2016-max-common-connected-subgraph-paper/datasets/graphsdb/mcs30/rand/r005/mcs30_r005_s60.A03 fileNameGt=../../cp2016-max-common-connected-subgraph-paper/datasets/graphsdb/mcs30/rand/r005/mcs30_r005_s60.B03
Reading graphs...
60 : 179
60 : 179
Initializing...
maxdom : 8
D->valSize : 250
Solving...
Blb : 2 (clique : 18)
currentSize : 18 <-- 0.002636 s
currentSize : 19 <-- 0.002821 s
currentSize : 20 <-- 3.230138 s
currentSize : 21 <-- 25.473755 s
currentSize : 22 <-- 39.501751 s

maxsize : 22
nodes : 102050165.000000
filtered : 782919889.000000
time : 383.320374
