Parameters: GAD=1 vflib=1 dir=1 label=1 lowerbound=1 fileNameGp=../../cp2016-max-common-connected-subgraph-paper/datasets/graphsdb/mcs30/bvg/b09/mcs30_b09_s70.A00 fileNameGt=../../cp2016-max-common-connected-subgraph-paper/datasets/graphsdb/mcs30/bvg/b09/mcs30_b09_s70.B00
Reading graphs...
70 : 315
70 : 315
Initializing...
maxdom : 8
D->valSize : 338
Solving...
Blb : 3 (clique : 14)
currentSize : 14 <-- 0.004010 s
currentSize : 15 <-- 0.028392 s
currentSize : 16 <-- 0.047100 s
currentSize : 17 <-- 0.327061 s
currentSize : 18 <-- 1.453117 s
currentSize : 19 <-- 1.785750 s
currentSize : 20 <-- 4.012984 s
currentSize : 21 <-- 4.013048 s
currentSize : 22 <-- 4.014466 s
currentSize : 23 <-- 4.309786 s
currentSize : 24 <-- 45.240513 s

maxsize : 24
nodes : 24584807.000000
filtered : 280764960.000000
time : 123.110176
