Parameters: GAD=1 vflib=1 dir=1 label=1 lowerbound=1 fileNameGp=../../cp2016-max-common-connected-subgraph-paper/datasets/graphsdb/mcs30/bvg/b09/mcs30_b09_s80.A00 fileNameGt=../../cp2016-max-common-connected-subgraph-paper/datasets/graphsdb/mcs30/bvg/b09/mcs30_b09_s80.B00
Reading graphs...
80 : 360
80 : 360
Initializing...
maxdom : 10
D->valSize : 437
Solving...
Blb : 3 (clique : 22)
currentSize : 22 <-- 0.006587 s
currentSize : 23 <-- 17.526768 s
currentSize : 24 <-- 17.529133 s
currentSize : 25 <-- 17.543013 s
currentSize : 26 <-- 20.399784 s
currentSize : 27 <-- 140.697891 s
currentSize : 28 <-- 303.748962 s

TIMEOUT
maxsize : 28
nodes : 216238956.000000
filtered : 1524818562.000000
time : 1000.000000
