Parameters: GAD=1 vflib=1 dir=1 label=1 lowerbound=1 fileNameGp=../../cp2016-max-common-connected-subgraph-paper/datasets/graphsdb/mcs30/m2D/m2Dr6/mcs30_m2Dr6_s60.A03 fileNameGt=../../cp2016-max-common-connected-subgraph-paper/datasets/graphsdb/mcs30/m2D/m2Dr6/mcs30_m2Dr6_s60.B03
Reading graphs...
60 : 140
60 : 138
Initializing...
maxdom : 10
D->valSize : 257
Solving...
Blb : 2 (clique : 18)
currentSize : 18 <-- 0.002803 s
currentSize : 19 <-- 0.002973 s
currentSize : 20 <-- 0.003091 s
currentSize : 21 <-- 0.003410 s
currentSize : 22 <-- 0.004490 s
currentSize : 23 <-- 0.412983 s
currentSize : 24 <-- 2.859412 s
currentSize : 25 <-- 3.404022 s

maxsize : 25
nodes : 52806348.000000
filtered : 452617117.000000
time : 226.579361
