Parameters: GAD=1 vflib=1 dir=1 label=1 lowerbound=1 fileNameGp=../../cp2016-max-common-connected-subgraph-paper/datasets/graphsdb/mcs30/bvg/b09m/mcs30_b09m_s90.A03 fileNameGt=../../cp2016-max-common-connected-subgraph-paper/datasets/graphsdb/mcs30/bvg/b09m/mcs30_b09m_s90.B03
Reading graphs...
90 : 405
90 : 405
Initializing...
maxdom : 11
D->valSize : 552
Solving...
Blb : 3 (clique : 22)
currentSize : 22 <-- 0.010089 s
currentSize : 23 <-- 0.194868 s
currentSize : 24 <-- 364.350830 s
currentSize : 25 <-- 493.367676 s
currentSize : 26 <-- 627.180176 s
currentSize : 27 <-- 627.180237 s
currentSize : 28 <-- 650.287109 s

TIMEOUT
maxsize : 28
nodes : 194278532.000000
filtered : 1773283406.000000
time : 1000.000000
