Parameters: GAD=1 vflib=1 dir=1 label=1 lowerbound=1 fileNameGp=../../cp2016-max-common-connected-subgraph-paper/datasets/graphsdb/mcs30/m4D/m4D/mcs30_m4D_s50.A01 fileNameGt=../../cp2016-max-common-connected-subgraph-paper/datasets/graphsdb/mcs30/m4D/m4D/mcs30_m4D_s50.B01
Reading graphs...
50 : 87
50 : 87
Initializing...
maxdom : 9
D->valSize : 313
Solving...
Blb : 3 (clique : 20)
currentSize : 20 <-- 0.002274 s
currentSize : 21 <-- 0.427838 s
currentSize : 22 <-- 0.999084 s
currentSize : 23 <-- 1.184066 s
currentSize : 24 <-- 1.651775 s
currentSize : 25 <-- 104.867920 s

TIMEOUT
maxsize : 25
nodes : 238663490.000000
filtered : 3071638184.000000
time : 1000.000000
