Parameters: GAD=1 vflib=1 dir=1 label=1 lowerbound=1 fileNameGp=../../cp2016-max-common-connected-subgraph-paper/datasets/graphsdb/mcs30/m4D/m4Dr2/mcs30_m4Dr2_s70.A05 fileNameGt=../../cp2016-max-common-connected-subgraph-paper/datasets/graphsdb/mcs30/m4D/m4Dr2/mcs30_m4Dr2_s70.B05
Reading graphs...
70 : 132
70 : 132
Initializing...
maxdom : 10
D->valSize : 297
Solving...
Blb : 2 (clique : 27)
currentSize : 27 <-- 0.002462 s
currentSize : 28 <-- 0.019792 s
currentSize : 29 <-- 0.223171 s
currentSize : 30 <-- 2.392101 s
currentSize : 31 <-- 2.541165 s
currentSize : 32 <-- 153.738510 s

TIMEOUT
maxsize : 32
nodes : 247749777.000000
filtered : 1523644354.000000
time : 1000.000000
