Parameters: GAD=1 vflib=1 dir=1 label=1 lowerbound=1 fileNameGp=../../cp2016-max-common-connected-subgraph-paper/datasets/graphsdb/mcs30/bvg/b06m/mcs30_b06m_s100.A00 fileNameGt=../../cp2016-max-common-connected-subgraph-paper/datasets/graphsdb/mcs30/bvg/b06m/mcs30_b06m_s100.B00
Reading graphs...
100 : 300
100 : 300
Initializing...
maxdom : 10
D->valSize : 356
Solving...
Blb : 2 (clique : 26)
currentSize : 26 <-- 0.003410 s
currentSize : 27 <-- 0.010237 s
currentSize : 28 <-- 0.012541 s
currentSize : 29 <-- 2.069256 s
currentSize : 30 <-- 3.116047 s
currentSize : 31 <-- 4.575001 s
currentSize : 32 <-- 43.433746 s
currentSize : 33 <-- 45.377502 s
currentSize : 34 <-- 317.888275 s

TIMEOUT
maxsize : 34
nodes : 201775256.000000
filtered : 829971054.000000
time : 1000.000000
