Parameters: GAD=1 vflib=1 dir=1 label=1 lowerbound=1 fileNameGp=../../cp2016-max-common-connected-subgraph-paper/datasets/graphsdb/mcs30/m4D/m4Dr2/mcs30_m4Dr2_s60.A08 fileNameGt=../../cp2016-max-common-connected-subgraph-paper/datasets/graphsdb/mcs30/m4D/m4Dr2/mcs30_m4Dr2_s60.B08
Reading graphs...
60 : 114
60 : 114
Initializing...
maxdom : 7
D->valSize : 224
Solving...
Blb : 2 (clique : 18)
currentSize : 18 <-- 0.002260 s
currentSize : 19 <-- 0.009269 s
currentSize : 20 <-- 0.023711 s
currentSize : 21 <-- 0.050724 s
currentSize : 22 <-- 0.217425 s
currentSize : 23 <-- 128.575287 s
currentSize : 24 <-- 256.014069 s
currentSize : 25 <-- 284.217651 s

maxsize : 25
nodes : 96877094.000000
filtered : 498285492.000000
time : 321.917450
