Parameters: GAD=1 vflib=1 dir=1 label=1 lowerbound=1 fileNameGp=../../cp2016-max-common-connected-subgraph-paper/datasets/graphsdb/mcs30/bvg/b06m/mcs30_b06m_s60.A01 fileNameGt=../../cp2016-max-common-connected-subgraph-paper/datasets/graphsdb/mcs30/bvg/b06m/mcs30_b06m_s60.B01
Reading graphs...
60 : 180
60 : 180
Initializing...
maxdom : 7
D->valSize : 240
Solving...
Blb : 2 (clique : 17)
currentSize : 17 <-- 0.001773 s
currentSize : 18 <-- 0.002045 s
currentSize : 19 <-- 0.024502 s
currentSize : 20 <-- 1.757853 s
currentSize : 21 <-- 1.965600 s
currentSize : 22 <-- 1.966071 s
currentSize : 23 <-- 1.970086 s

maxsize : 23
nodes : 4910575.000000
filtered : 33383585.000000
time : 20.149097
