Parameters: GAD=1 vflib=1 dir=1 label=1 lowerbound=1 fileNameGp=../../cp2016-max-common-connected-subgraph-paper/datasets/graphsdb/mcs30/m3D/m3Dr4/mcs30_m3Dr4_s70.A07 fileNameGt=../../cp2016-max-common-connected-subgraph-paper/datasets/graphsdb/mcs30/m3D/m3Dr4/mcs30_m3Dr4_s70.B07
Reading graphs...
70 : 187
70 : 186
Initializing...
maxdom : 8
D->valSize : 336
Solving...
Blb : 2 (clique : 24)
currentSize : 24 <-- 0.002880 s
currentSize : 26 <-- 0.005242 s
currentSize : 27 <-- 0.018359 s
currentSize : 28 <-- 0.066118 s
currentSize : 29 <-- 0.102458 s
currentSize : 30 <-- 2.267666 s

TIMEOUT
maxsize : 30
nodes : 198362399.000000
filtered : 1829529933.000000
time : 1000.000000
