Parameters: GAD=1 vflib=1 dir=1 label=1 lowerbound=1 fileNameGp=../../cp2016-max-common-connected-subgraph-paper/datasets/graphsdb/mcs30/m3D/m3Dr2/mcs30_m3Dr2_s100.A01 fileNameGt=../../cp2016-max-common-connected-subgraph-paper/datasets/graphsdb/mcs30/m3D/m3Dr2/mcs30_m3Dr2_s100.B01
Reading graphs...
100 : 255
100 : 255
Initializing...
maxdom : 6
D->valSize : 322
Solving...
Blb : 2 (clique : 28)
currentSize : 28 <-- 0.004783 s
currentSize : 29 <-- 0.005110 s
currentSize : 30 <-- 0.006138 s
currentSize : 31 <-- 0.136870 s
currentSize : 32 <-- 1.069404 s
currentSize : 33 <-- 28.914736 s

TIMEOUT
maxsize : 33
nodes : 194996583.000000
filtered : 1027095518.000000
time : 1000.000000
