Parameters: GAD=1 vflib=1 dir=1 label=1 lowerbound=1 fileNameGp=../../cp2016-max-common-connected-subgraph-paper/datasets/graphsdb/mcs30/m3D/m3Dr4/mcs30_m3Dr4_s100.A06 fileNameGt=../../cp2016-max-common-connected-subgraph-paper/datasets/graphsdb/mcs30/m3D/m3Dr4/mcs30_m3Dr4_s100.B06
Reading graphs...
100 : 275
100 : 275
Initializing...
maxdom : 7
D->valSize : 327
Solving...
Blb : 3 (clique : 27)
currentSize : 27 <-- 0.004948 s
currentSize : 28 <-- 0.351973 s
currentSize : 29 <-- 0.512002 s
currentSize : 30 <-- 1.859786 s
currentSize : 31 <-- 40.861683 s
currentSize : 32 <-- 40.916016 s
currentSize : 33 <-- 80.332573 s
currentSize : 34 <-- 90.591957 s
currentSize : 35 <-- 131.876801 s
currentSize : 36 <-- 131.877075 s
currentSize : 37 <-- 131.960754 s

TIMEOUT
maxsize : 37
nodes : 190241511.000000
filtered : 934551963.000000
time : 1000.000061
