Parameters: GAD=1 vflib=1 dir=1 label=1 lowerbound=1 fileNameGp=../../cp2016-max-common-connected-subgraph-paper/datasets/graphsdb/mcs30/m4D/m4D/mcs30_m4D_s80.A02 fileNameGt=../../cp2016-max-common-connected-subgraph-paper/datasets/graphsdb/mcs30/m4D/m4D/mcs30_m4D_s80.B02
Reading graphs...
80 : 131
80 : 131
Initializing...
maxdom : 10
D->valSize : 437
Solving...
Blb : 2 (clique : 31)
currentSize : 31 <-- 0.006879 s
currentSize : 32 <-- 0.007224 s
currentSize : 33 <-- 1.133384 s
currentSize : 34 <-- 2.730457 s
currentSize : 35 <-- 3.359256 s
currentSize : 36 <-- 11.061904 s
currentSize : 37 <-- 22.126932 s
currentSize : 38 <-- 27.656828 s

TIMEOUT
maxsize : 38
nodes : 254359286.000000
filtered : 1674125715.000000
time : 1000.000000
