Parameters: GAD=1 vflib=1 dir=1 label=1 lowerbound=1 fileNameGp=../../cp2016-max-common-connected-subgraph-paper/datasets/graphsdb/mcs30/m3D/m3D/mcs30_m3D_s100.A07 fileNameGt=../../cp2016-max-common-connected-subgraph-paper/datasets/graphsdb/mcs30/m3D/m3D/mcs30_m3D_s100.B07
Reading graphs...
100 : 235
100 : 235
Initializing...
maxdom : 7
D->valSize : 325
Solving...
Blb : 2 (clique : 27)
currentSize : 27 <-- 0.005209 s
currentSize : 28 <-- 0.006477 s
currentSize : 29 <-- 0.031454 s
currentSize : 30 <-- 0.055094 s
currentSize : 31 <-- 0.072994 s
currentSize : 32 <-- 0.073098 s
currentSize : 33 <-- 4.513575 s
currentSize : 34 <-- 18.108141 s
currentSize : 35 <-- 181.047867 s

TIMEOUT
maxsize : 35
nodes : 205836261.000000
filtered : 915180488.000000
time : 1000.000000
