Parameters: GAD=1 vflib=1 dir=1 label=1 lowerbound=1 fileNameGp=../../cp2016-max-common-connected-subgraph-paper/datasets/graphsdb/mcs30/bvg/b03m/mcs30_b03m_s60.A07 fileNameGt=../../cp2016-max-common-connected-subgraph-paper/datasets/graphsdb/mcs30/bvg/b03m/mcs30_b03m_s60.B07
Reading graphs...
60 : 90
60 : 90
Initializing...
maxdom : 8
D->valSize : 235
Solving...
Blb : 2 (clique : 23)
currentSize : 23 <-- 0.001666 s
currentSize : 24 <-- 0.002777 s
currentSize : 25 <-- 0.004966 s
currentSize : 26 <-- 0.030492 s
currentSize : 27 <-- 0.997641 s
currentSize : 28 <-- 75.216461 s

maxsize : 28
nodes : 53213104.000000
filtered : 299195509.000000
time : 179.597870
