Parameters: GAD=1 vflib=1 dir=1 label=1 lowerbound=1 fileNameGp=../../cp2016-max-common-connected-subgraph-paper/datasets/graphsdb/mcs30/m2D/m2Dr4/mcs30_m2Dr4_s60.A03 fileNameGt=../../cp2016-max-common-connected-subgraph-paper/datasets/graphsdb/mcs30/m2D/m2Dr4/mcs30_m2Dr4_s60.B03
Reading graphs...
60 : 128
60 : 128
Initializing...
maxdom : 6
D->valSize : 247
Solving...
Blb : 2 (clique : 18)
currentSize : 18 <-- 0.002700 s
currentSize : 19 <-- 0.003254 s
currentSize : 20 <-- 0.005476 s
currentSize : 21 <-- 0.725559 s
currentSize : 22 <-- 2.796451 s
currentSize : 23 <-- 2.814884 s
currentSize : 24 <-- 62.798447 s
currentSize : 25 <-- 183.782562 s
currentSize : 26 <-- 214.775299 s

maxsize : 26
nodes : 77283726.000000
filtered : 558486998.000000
time : 320.484375
