Parameters: GAD=1 vflib=1 dir=1 label=1 lowerbound=1 fileNameGp=../../cp2016-max-common-connected-subgraph-paper/datasets/graphsdb/mcs30/m3D/m3Dr4/mcs30_m3Dr4_s80.A00 fileNameGt=../../cp2016-max-common-connected-subgraph-paper/datasets/graphsdb/mcs30/m3D/m3Dr4/mcs30_m3Dr4_s80.B00
Reading graphs...
80 : 216
80 : 214
Initializing...
maxdom : 10
D->valSize : 439
Solving...
Blb : 2 (clique : 25)
currentSize : 25 <-- 0.004324 s
currentSize : 26 <-- 0.154888 s
currentSize : 27 <-- 0.201641 s
currentSize : 28 <-- 2.161548 s
currentSize : 29 <-- 4.201385 s
currentSize : 30 <-- 10.741962 s
currentSize : 31 <-- 197.661942 s
currentSize : 32 <-- 539.505676 s

TIMEOUT
maxsize : 32
nodes : 204335767.000000
filtered : 1869902509.000000
time : 1000.000000
