Parameters: GAD=1 vflib=1 dir=1 label=1 lowerbound=1 fileNameGp=../../cp2016-max-common-connected-subgraph-paper/datasets/graphsdb/mcs30/m4D/m4D/mcs30_m4D_s70.A04 fileNameGt=../../cp2016-max-common-connected-subgraph-paper/datasets/graphsdb/mcs30/m4D/m4D/mcs30_m4D_s70.B04
Reading graphs...
70 : 118
70 : 118
Initializing...
maxdom : 7
D->valSize : 317
Solving...
Blb : 2 (clique : 26)
currentSize : 26 <-- 0.002690 s
currentSize : 27 <-- 0.009499 s
currentSize : 28 <-- 0.777465 s
currentSize : 29 <-- 0.777660 s
currentSize : 30 <-- 3.510785 s
currentSize : 31 <-- 3.512104 s
currentSize : 32 <-- 5.715145 s

TIMEOUT
maxsize : 32
nodes : 244117273.000000
filtered : 1887872368.000000
time : 1000.000000
