Parameters: GAD=1 vflib=1 dir=1 label=1 lowerbound=1 fileNameGp=../../cp2016-max-common-connected-subgraph-paper/datasets/graphsdb/mcs30/bvg/b03/mcs30_b03_s60.A00 fileNameGt=../../cp2016-max-common-connected-subgraph-paper/datasets/graphsdb/mcs30/bvg/b03/mcs30_b03_s60.B00
Reading graphs...
60 : 90
60 : 90
Initializing...
maxdom : 7
D->valSize : 216
Solving...
Blb : 2 (clique : 21)
currentSize : 21 <-- 0.001612 s
currentSize : 22 <-- 0.021995 s
currentSize : 23 <-- 0.227084 s
currentSize : 24 <-- 1.516962 s
currentSize : 25 <-- 3.801338 s
currentSize : 26 <-- 8.683048 s
currentSize : 27 <-- 103.802757 s

maxsize : 27
nodes : 58533382.000000
filtered : 364400674.000000
time : 236.593582
