Parameters: GAD=1 vflib=1 dir=1 label=1 lowerbound=1 fileNameGp=../../cp2016-max-common-connected-subgraph-paper/datasets/graphsdb/mcs30/m3D/m3D/mcs30_m3D_s70.A00 fileNameGt=../../cp2016-max-common-connected-subgraph-paper/datasets/graphsdb/mcs30/m3D/m3D/mcs30_m3D_s70.B00
Reading graphs...
70 : 159
70 : 159
Initializing...
maxdom : 8
D->valSize : 346
Solving...
Blb : 2 (clique : 24)
currentSize : 24 <-- 0.002928 s
currentSize : 25 <-- 0.003116 s
currentSize : 26 <-- 0.003521 s
currentSize : 27 <-- 25.457872 s
currentSize : 28 <-- 25.458200 s
currentSize : 29 <-- 25.458241 s
currentSize : 30 <-- 25.458351 s
currentSize : 31 <-- 27.521969 s
currentSize : 32 <-- 35.095364 s

TIMEOUT
maxsize : 32
nodes : 212908331.000000
filtered : 1706597507.000000
time : 1000.000000
