Parameters: GAD=1 vflib=1 dir=1 label=1 lowerbound=1 fileNameGp=../../cp2016-max-common-connected-subgraph-paper/datasets/graphsdb/mcs30/m3D/m3D/mcs30_m3D_s80.A06 fileNameGt=../../cp2016-max-common-connected-subgraph-paper/datasets/graphsdb/mcs30/m3D/m3D/mcs30_m3D_s80.B06
Reading graphs...
80 : 184
80 : 184
Initializing...
maxdom : 9
D->valSize : 466
Solving...
Blb : 2 (clique : 25)
currentSize : 25 <-- 0.005054 s
currentSize : 26 <-- 0.005265 s
currentSize : 27 <-- 0.015112 s
currentSize : 28 <-- 0.141775 s
currentSize : 29 <-- 0.372285 s
currentSize : 30 <-- 35.473248 s
currentSize : 31 <-- 58.703377 s

TIMEOUT
maxsize : 31
nodes : 230452435.000000
filtered : 1774368154.000000
time : 1000.000000
