Parameters: GAD=1 vflib=1 dir=1 label=1 lowerbound=1 fileNameGp=../../cp2016-max-common-connected-subgraph-paper/datasets/graphsdb/mcs30/m2D/m2Dr4/mcs30_m2Dr4_s50.A07 fileNameGt=../../cp2016-max-common-connected-subgraph-paper/datasets/graphsdb/mcs30/m2D/m2Dr4/mcs30_m2Dr4_s50.B07
Reading graphs...
50 : 105
50 : 104
Initializing...
maxdom : 9
D->valSize : 335
Solving...
Blb : 2 (clique : 17)
currentSize : 17 <-- 0.003409 s
currentSize : 18 <-- 0.003551 s
currentSize : 19 <-- 0.011537 s
currentSize : 20 <-- 0.019117 s
currentSize : 21 <-- 0.148342 s
currentSize : 22 <-- 108.596382 s

TIMEOUT
maxsize : 22
nodes : 279258660.000000
filtered : 2924990999.000000
time : 1000.000000
