Parameters: GAD=1 vflib=1 dir=1 label=1 lowerbound=1 fileNameGp=../../cp2016-max-common-connected-subgraph-paper/datasets/graphsdb/mcs30/rand/r02/mcs30_r02_s100.A05 fileNameGt=../../cp2016-max-common-connected-subgraph-paper/datasets/graphsdb/mcs30/rand/r02/mcs30_r02_s100.B05
Reading graphs...
100 : 1979
100 : 1979
Initializing...
maxdom : 8
D->valSize : 365
Solving...
Blb : 2 (clique : 8)
currentSize : 8 <-- 0.003294 s
currentSize : 9 <-- 0.003600 s
currentSize : 10 <-- 0.003690 s
currentSize : 14 <-- 0.006078 s
currentSize : 15 <-- 0.006304 s
currentSize : 16 <-- 0.006460 s
currentSize : 19 <-- 0.006524 s
currentSize : 21 <-- 0.012701 s
currentSize : 23 <-- 0.017835 s
currentSize : 30 <-- 0.058337 s

maxsize : 30
nodes : 16529.000000
filtered : 345887.000000
time : 0.119253
