Parameters: GAD=1 vflib=1 dir=1 label=1 lowerbound=1 fileNameGp=../../cp2016-max-common-connected-subgraph-paper/datasets/graphsdb/mcs30/m4D/m4D/mcs30_m4D_s70.A06 fileNameGt=../../cp2016-max-common-connected-subgraph-paper/datasets/graphsdb/mcs30/m4D/m4D/mcs30_m4D_s70.B06
Reading graphs...
70 : 118
70 : 118
Initializing...
maxdom : 8
D->valSize : 322
Solving...
Blb : 2 (clique : 25)
currentSize : 25 <-- 0.002780 s
currentSize : 26 <-- 0.041214 s
currentSize : 27 <-- 0.663607 s
currentSize : 28 <-- 3.867787 s
currentSize : 29 <-- 71.473480 s
currentSize : 30 <-- 248.845337 s

TIMEOUT
maxsize : 30
nodes : 285546402.000000
filtered : 1498282956.000000
time : 1000.000000
