Parameters: GAD=1 vflib=1 dir=1 label=1 lowerbound=1 fileNameGp=../../cp2016-max-common-connected-subgraph-paper/datasets/graphsdb/mcs30/rand/r01/mcs30_r01_s50.A09 fileNameGt=../../cp2016-max-common-connected-subgraph-paper/datasets/graphsdb/mcs30/rand/r01/mcs30_r01_s50.B09
Reading graphs...
50 : 244
50 : 244
Initializing...
maxdom : 11
D->valSize : 314
Solving...
Blb : 2 (clique : 10)
currentSize : 10 <-- 0.003068 s
currentSize : 11 <-- 0.003188 s
currentSize : 12 <-- 0.006121 s
currentSize : 13 <-- 0.034458 s
currentSize : 14 <-- 0.051725 s
currentSize : 15 <-- 0.071579 s
currentSize : 16 <-- 0.071619 s

maxsize : 16
nodes : 642945.000000
filtered : 11237351.000000
time : 2.957554
