Parameters: GAD=1 vflib=1 dir=1 label=1 lowerbound=1 fileNameGp=../../cp2016-max-common-connected-subgraph-paper/datasets/graphsdb/mcs30/m4D/m4Dr6/mcs30_m4Dr6_s70.A09 fileNameGt=../../cp2016-max-common-connected-subgraph-paper/datasets/graphsdb/mcs30/m4D/m4Dr6/mcs30_m4Dr6_s70.B09
Reading graphs...
70 : 160
70 : 157
Initializing...
maxdom : 9
D->valSize : 339
Solving...
Blb : 2 (clique : 22)
currentSize : 22 <-- 0.004520 s
currentSize : 23 <-- 0.005475 s
currentSize : 24 <-- 2.035803 s
currentSize : 25 <-- 3.899181 s
currentSize : 26 <-- 38.689873 s
currentSize : 27 <-- 111.884544 s

TIMEOUT
maxsize : 27
nodes : 260815075.000000
filtered : 1814001896.000000
time : 1000.000000
