Parameters: GAD=1 vflib=1 dir=1 label=1 lowerbound=1 fileNameGp=../../cp2016-max-common-connected-subgraph-paper/datasets/graphsdb/mcs30/m2D/m2Dr2/mcs30_m2Dr2_s50.A00 fileNameGt=../../cp2016-max-common-connected-subgraph-paper/datasets/graphsdb/mcs30/m2D/m2Dr2/mcs30_m2Dr2_s50.B00
Reading graphs...
50 : 95
50 : 95
Initializing...
maxdom : 9
D->valSize : 321
Solving...
Blb : 2 (clique : 18)
currentSize : 18 <-- 0.003709 s
currentSize : 19 <-- 0.003869 s
currentSize : 20 <-- 0.765387 s
currentSize : 21 <-- 2.672816 s
currentSize : 22 <-- 23.674500 s
currentSize : 23 <-- 44.902107 s
currentSize : 24 <-- 110.140900 s

TIMEOUT
maxsize : 24
nodes : 260102389.000000
filtered : 2729906780.000000
time : 1000.000000
