Parameters: GAD=1 vflib=1 dir=1 label=1 lowerbound=1 fileNameGp=../../cp2016-max-common-connected-subgraph-paper/datasets/graphsdb/mcs30/bvg/b06/mcs30_b06_s60.A08 fileNameGt=../../cp2016-max-common-connected-subgraph-paper/datasets/graphsdb/mcs30/bvg/b06/mcs30_b06_s60.B08
Reading graphs...
60 : 180
60 : 180
Initializing...
maxdom : 8
D->valSize : 255
Solving...
Blb : 2 (clique : 15)
currentSize : 15 <-- 0.002631 s
currentSize : 16 <-- 0.003914 s
currentSize : 17 <-- 0.008509 s
currentSize : 18 <-- 0.011165 s
currentSize : 19 <-- 0.012293 s
currentSize : 20 <-- 0.345631 s
currentSize : 21 <-- 0.345868 s
currentSize : 22 <-- 5.586540 s
currentSize : 23 <-- 15.705512 s
currentSize : 24 <-- 15.709452 s

maxsize : 24
nodes : 8384803.000000
filtered : 77470226.000000
time : 35.677128
