Parameters: GAD=1 vflib=1 dir=1 label=1 lowerbound=1 fileNameGp=../../cp2016-max-common-connected-subgraph-paper/datasets/graphsdb/mcs30/rand/r01/mcs30_r01_s100.A04 fileNameGt=../../cp2016-max-common-connected-subgraph-paper/datasets/graphsdb/mcs30/rand/r01/mcs30_r01_s100.B04
Reading graphs...
100 : 989
100 : 989
Initializing...
maxdom : 7
D->valSize : 344
Solving...
Blb : 2 (clique : 15)
currentSize : 15 <-- 0.004781 s
currentSize : 16 <-- 0.004991 s
currentSize : 17 <-- 0.005155 s
currentSize : 19 <-- 0.007750 s
currentSize : 20 <-- 0.007875 s
currentSize : 22 <-- 0.030583 s
currentSize : 23 <-- 0.030641 s
currentSize : 24 <-- 0.040492 s
currentSize : 25 <-- 0.316494 s
currentSize : 26 <-- 0.806775 s
currentSize : 28 <-- 0.808248 s
currentSize : 29 <-- 0.820150 s
currentSize : 30 <-- 0.821394 s

maxsize : 30
nodes : 1113517.000000
filtered : 11779079.000000
time : 6.957889
