Parameters: GAD=1 vflib=1 dir=1 label=1 lowerbound=1 fileNameGp=../../cp2016-max-common-connected-subgraph-paper/datasets/graphsdb/mcs30/m2D/m2D/mcs30_m2D_s60.A07 fileNameGt=../../cp2016-max-common-connected-subgraph-paper/datasets/graphsdb/mcs30/m2D/m2D/mcs30_m2D_s60.B07
Reading graphs...
60 : 104
60 : 104
Initializing...
maxdom : 6
D->valSize : 231
Solving...
Blb : 2 (clique : 20)
currentSize : 20 <-- 0.001709 s
currentSize : 21 <-- 0.005267 s
currentSize : 22 <-- 0.330734 s
currentSize : 23 <-- 15.503706 s
currentSize : 24 <-- 101.011406 s
currentSize : 25 <-- 121.652191 s
currentSize : 26 <-- 126.757378 s
currentSize : 27 <-- 374.738037 s
currentSize : 28 <-- 374.754700 s
currentSize : 29 <-- 374.754761 s

maxsize : 29
nodes : 132127586.000000
filtered : 873726119.000000
time : 517.107605
