Parameters: GAD=1 vflib=1 dir=1 label=1 lowerbound=1 fileNameGp=../../cp2016-max-common-connected-subgraph-paper/datasets/graphsdb/mcs30/rand/r02/mcs30_r02_s90.A09 fileNameGt=../../cp2016-max-common-connected-subgraph-paper/datasets/graphsdb/mcs30/rand/r02/mcs30_r02_s90.B09
Reading graphs...
90 : 1601
90 : 1601
Initializing...
maxdom : 10
D->valSize : 592
Solving...
Blb : 5 (clique : 8)
currentSize : 8 <-- 0.006527 s
currentSize : 9 <-- 0.007942 s
currentSize : 10 <-- 0.009135 s
currentSize : 11 <-- 0.011684 s
currentSize : 13 <-- 0.011731 s
currentSize : 18 <-- 0.023667 s
currentSize : 21 <-- 0.146345 s
currentSize : 27 <-- 0.146465 s

maxsize : 27
nodes : 61612.000000
filtered : 2102110.000000
time : 0.472266
