Parameters: GAD=1 vflib=1 dir=1 label=1 lowerbound=1 fileNameGp=../../cp2016-max-common-connected-subgraph-paper/datasets/graphsdb/mcs30/m4D/m4D/mcs30_m4D_s60.A08 fileNameGt=../../cp2016-max-common-connected-subgraph-paper/datasets/graphsdb/mcs30/m4D/m4D/mcs30_m4D_s60.B08
Reading graphs...
60 : 102
60 : 102
Initializing...
maxdom : 6
D->valSize : 228
Solving...
Blb : 2 (clique : 20)
currentSize : 20 <-- 0.001830 s
currentSize : 22 <-- 0.001939 s
currentSize : 23 <-- 0.002844 s
currentSize : 24 <-- 0.051677 s
currentSize : 25 <-- 0.051801 s
currentSize : 26 <-- 0.207106 s
currentSize : 27 <-- 38.863297 s
currentSize : 28 <-- 156.769363 s

maxsize : 28
nodes : 58640421.000000
filtered : 426956833.000000
time : 235.512421
