Parameters: GAD=1 vflib=1 dir=1 label=1 lowerbound=1 fileNameGp=../../cp2016-max-common-connected-subgraph-paper/datasets/graphsdb/mcs30/bvg/b06m/mcs30_b06m_s90.A08 fileNameGt=../../cp2016-max-common-connected-subgraph-paper/datasets/graphsdb/mcs30/bvg/b06m/mcs30_b06m_s90.B08
Reading graphs...
90 : 270
90 : 270
Initializing...
maxdom : 9
D->valSize : 545
Solving...
Blb : 2 (clique : 25)
currentSize : 25 <-- 0.010279 s
currentSize : 26 <-- 0.012411 s
currentSize : 27 <-- 0.143352 s
currentSize : 28 <-- 0.598864 s
currentSize : 29 <-- 1.364226 s
currentSize : 30 <-- 14.098920 s
currentSize : 31 <-- 224.506897 s
currentSize : 32 <-- 248.583878 s

TIMEOUT
maxsize : 32
nodes : 219295397.000000
filtered : 1699450776.000000
time : 1000.000000
