Parameters: GAD=1 vflib=1 dir=1 label=1 lowerbound=1 fileNameGp=../../cp2016-max-common-connected-subgraph-paper/datasets/graphsdb/mcs30/bvg/b03/mcs30_b03_s40.A01 fileNameGt=../../cp2016-max-common-connected-subgraph-paper/datasets/graphsdb/mcs30/bvg/b03/mcs30_b03_s40.B01
Reading graphs...
40 : 60
40 : 60
Initializing...
maxdom : 8
D->valSize : 200
Solving...
Blb : 5 (clique : 15)
currentSize : 15 <-- 0.001091 s
currentSize : 16 <-- 0.001160 s
currentSize : 17 <-- 0.001292 s
currentSize : 18 <-- 0.003432 s
currentSize : 19 <-- 0.054053 s
currentSize : 20 <-- 21.752417 s
currentSize : 21 <-- 28.356256 s

maxsize : 21
nodes : 13337745.000000
filtered : 101599940.000000
time : 39.242535
