Parameters: GAD=1 vflib=1 dir=1 label=1 lowerbound=1 fileNameGp=../../cp2016-max-common-connected-subgraph-paper/datasets/graphsdb/mcs30/rand/r005/mcs30_r005_s50.A09 fileNameGt=../../cp2016-max-common-connected-subgraph-paper/datasets/graphsdb/mcs30/rand/r005/mcs30_r005_s50.B09
Reading graphs...
50 : 126
50 : 126
Initializing...
maxdom : 10
D->valSize : 307
Solving...
Blb : 2 (clique : 15)
currentSize : 15 <-- 0.003197 s
currentSize : 16 <-- 0.059416 s
currentSize : 17 <-- 0.129823 s
currentSize : 18 <-- 0.863499 s
currentSize : 19 <-- 1.010698 s
currentSize : 20 <-- 15.192317 s

maxsize : 20
nodes : 48323092.000000
filtered : 537842528.000000
time : 178.422134
