Parameters: GAD=1 vflib=1 dir=1 label=1 lowerbound=1 fileNameGp=../../cp2016-max-common-connected-subgraph-paper/datasets/graphsdb/mcs30/m3D/m3Dr4/mcs30_m3Dr4_s100.A05 fileNameGt=../../cp2016-max-common-connected-subgraph-paper/datasets/graphsdb/mcs30/m3D/m3Dr4/mcs30_m3Dr4_s100.B05
Reading graphs...
100 : 275
100 : 274
Initializing...
maxdom : 7
D->valSize : 352
Solving...
Blb : 2 (clique : 26)
currentSize : 26 <-- 0.003493 s
currentSize : 29 <-- 0.003718 s
currentSize : 30 <-- 0.003818 s
currentSize : 31 <-- 0.051619 s
currentSize : 32 <-- 1.744924 s
currentSize : 33 <-- 13.981565 s
currentSize : 34 <-- 46.068047 s
currentSize : 35 <-- 355.636169 s
currentSize : 36 <-- 772.840820 s

TIMEOUT
maxsize : 36
nodes : 200358112.000000
filtered : 1029328169.000000
time : 1000.000000
