Parameters: GAD=1 vflib=1 dir=1 label=1 lowerbound=1 fileNameGp=../../cp2016-max-common-connected-subgraph-paper/datasets/graphsdb/mcs30/bvg/b03/mcs30_b03_s50.A05 fileNameGt=../../cp2016-max-common-connected-subgraph-paper/datasets/graphsdb/mcs30/bvg/b03/mcs30_b03_s50.B05
Reading graphs...
50 : 75
50 : 75
Initializing...
maxdom : 11
D->valSize : 356
Solving...
Blb : 2 (clique : 21)
currentSize : 21 <-- 0.004392 s
currentSize : 22 <-- 0.004654 s
currentSize : 23 <-- 0.005253 s
currentSize : 24 <-- 0.005736 s
currentSize : 25 <-- 0.024299 s
currentSize : 26 <-- 0.051780 s

TIMEOUT
maxsize : 26
nodes : 294176006.000000
filtered : 3489741407.000000
time : 1000.000000
