Parameters: GAD=1 vflib=1 dir=1 label=1 lowerbound=1 fileNameGp=../../cp2016-max-common-connected-subgraph-paper/datasets/graphsdb/mcs30/m2D/m2Dr2/mcs30_m2Dr2_s100.A00 fileNameGt=../../cp2016-max-common-connected-subgraph-paper/datasets/graphsdb/mcs30/m2D/m2Dr2/mcs30_m2Dr2_s100.B00
Reading graphs...
100 : 200
100 : 199
Initializing...
maxdom : 7
D->valSize : 339
Solving...
Blb : 5 (clique : 29)
currentSize : 29 <-- 0.005348 s
currentSize : 30 <-- 0.006263 s
currentSize : 31 <-- 0.020499 s
currentSize : 32 <-- 0.060126 s
currentSize : 33 <-- 9.404629 s
currentSize : 34 <-- 9.537882 s
currentSize : 35 <-- 145.207077 s
currentSize : 36 <-- 145.672211 s
currentSize : 37 <-- 172.194717 s
currentSize : 38 <-- 710.281982 s
currentSize : 39 <-- 787.003052 s

TIMEOUT
maxsize : 39
nodes : 215374916.000000
filtered : 886882882.000000
time : 1000.000061
