Parameters: GAD=1 vflib=1 dir=1 label=1 lowerbound=1 fileNameGp=../../cp2016-max-common-connected-subgraph-paper/datasets/graphsdb/mcs30/bvg/b06/mcs30_b06_s100.A09 fileNameGt=../../cp2016-max-common-connected-subgraph-paper/datasets/graphsdb/mcs30/bvg/b06/mcs30_b06_s100.B09
Reading graphs...
100 : 300
100 : 300
Initializing...
maxdom : 8
D->valSize : 327
Solving...
Blb : 2 (clique : 29)
currentSize : 29 <-- 0.004901 s
currentSize : 30 <-- 14.637603 s
currentSize : 31 <-- 167.116821 s
currentSize : 32 <-- 238.873367 s
currentSize : 33 <-- 281.507080 s
currentSize : 34 <-- 284.397614 s

TIMEOUT
maxsize : 34
nodes : 207743130.000000
filtered : 1022647059.000000
time : 1000.000061
