Parameters: GAD=1 vflib=1 dir=1 label=1 lowerbound=1 fileNameGp=../../cp2016-max-common-connected-subgraph-paper/datasets/graphsdb/mcs30/m2D/m2Dr4/mcs30_m2Dr4_s60.A04 fileNameGt=../../cp2016-max-common-connected-subgraph-paper/datasets/graphsdb/mcs30/m2D/m2Dr4/mcs30_m2Dr4_s60.B04
Reading graphs...
60 : 128
60 : 126
Initializing...
maxdom : 8
D->valSize : 272
Solving...
Blb : 5 (clique : 19)
currentSize : 19 <-- 0.001952 s
currentSize : 20 <-- 0.053671 s
currentSize : 21 <-- 0.433649 s
currentSize : 22 <-- 0.753322 s
currentSize : 23 <-- 18.335648 s
currentSize : 24 <-- 45.951103 s

maxsize : 24
nodes : 202216183.000000
filtered : 1460321278.000000
time : 832.686462
