Parameters: GAD=1 vflib=1 dir=1 label=1 lowerbound=1 fileNameGp=../../cp2016-max-common-connected-subgraph-paper/datasets/graphsdb/mcs30/rand/r005/mcs30_r005_s40.A04 fileNameGt=../../cp2016-max-common-connected-subgraph-paper/datasets/graphsdb/mcs30/rand/r005/mcs30_r005_s40.B04
Reading graphs...
40 : 83
40 : 83
Initializing...
maxdom : 8
D->valSize : 203
Solving...
Blb : 2 (clique : 12)
currentSize : 12 <-- 0.001452 s
currentSize : 13 <-- 0.001787 s
currentSize : 14 <-- 0.006013 s
currentSize : 15 <-- 0.017212 s
currentSize : 16 <-- 0.490807 s
currentSize : 17 <-- 0.556815 s

maxsize : 17
nodes : 1941600.000000
filtered : 16181594.000000
time : 5.757775
