Parameters: GAD=1 vflib=1 dir=1 label=1 lowerbound=1 fileNameGp=../../cp2016-max-common-connected-subgraph-paper/datasets/graphsdb/mcs30/rand/r01/mcs30_r01_s100.A05 fileNameGt=../../cp2016-max-common-connected-subgraph-paper/datasets/graphsdb/mcs30/rand/r01/mcs30_r01_s100.B05
Reading graphs...
100 : 989
100 : 989
Initializing...
maxdom : 6
D->valSize : 328
Solving...
Blb : 2 (clique : 11)
currentSize : 11 <-- 0.003092 s
currentSize : 12 <-- 0.003190 s
currentSize : 13 <-- 0.003235 s
currentSize : 14 <-- 0.003284 s
currentSize : 15 <-- 0.004958 s
currentSize : 16 <-- 0.045348 s
currentSize : 17 <-- 0.822360 s
currentSize : 18 <-- 2.893068 s
currentSize : 19 <-- 3.179391 s
currentSize : 21 <-- 3.278136 s
currentSize : 22 <-- 11.791042 s
currentSize : 27 <-- 11.791284 s
currentSize : 28 <-- 11.847865 s
currentSize : 30 <-- 11.847950 s

maxsize : 30
nodes : 2981379.000000
filtered : 25653215.000000
time : 17.693764
