Parameters: GAD=1 vflib=1 dir=1 label=1 lowerbound=1 fileNameGp=../../cp2016-max-common-connected-subgraph-paper/datasets/graphsdb/mcs30/rand/r001/mcs30_r001_s100.A00 fileNameGt=../../cp2016-max-common-connected-subgraph-paper/datasets/graphsdb/mcs30/rand/r001/mcs30_r001_s100.B00
Reading graphs...
100 : 120
100 : 120
Initializing...
maxdom : 7
D->valSize : 342
Solving...
Blb : 2 (clique : 42)
currentSize : 42 <-- 0.005731 s
currentSize : 43 <-- 0.043436 s
currentSize : 44 <-- 0.049890 s
currentSize : 45 <-- 0.068856 s
currentSize : 46 <-- 0.366311 s
currentSize : 47 <-- 1.095165 s

TIMEOUT
maxsize : 47
nodes : 223084142.000000
filtered : 846204698.000000
time : 1000.000061
