Parameters: GAD=1 vflib=1 dir=1 label=1 lowerbound=1 fileNameGp=../../cp2016-max-common-connected-subgraph-paper/datasets/graphsdb/mcs30/m4D/m4Dr4/mcs30_m4Dr4_s80.A06 fileNameGt=../../cp2016-max-common-connected-subgraph-paper/datasets/graphsdb/mcs30/m4D/m4Dr4/mcs30_m4Dr4_s80.B06
Reading graphs...
80 : 163
80 : 161
Initializing...
maxdom : 10
D->valSize : 401
Solving...
Blb : 3 (clique : 25)
currentSize : 25 <-- 0.003655 s
currentSize : 26 <-- 0.004165 s
currentSize : 27 <-- 0.026612 s
currentSize : 28 <-- 4.148437 s
currentSize : 29 <-- 100.532501 s
currentSize : 30 <-- 830.767944 s

TIMEOUT
maxsize : 30
nodes : 248351317.000000
filtered : 1627545234.000000
time : 1000.000000
