Parameters: GAD=1 vflib=1 dir=1 label=1 lowerbound=1 fileNameGp=../../cp2016-max-common-connected-subgraph-paper/datasets/graphsdb/mcs30/m2D/m2Dr2/mcs30_m2Dr2_s100.A06 fileNameGt=../../cp2016-max-common-connected-subgraph-paper/datasets/graphsdb/mcs30/m2D/m2Dr2/mcs30_m2Dr2_s100.B06
Reading graphs...
100 : 199
100 : 199
Initializing...
maxdom : 8
D->valSize : 341
Solving...
Blb : 2 (clique : 32)
currentSize : 32 <-- 0.004492 s
currentSize : 33 <-- 0.004886 s
currentSize : 34 <-- 0.007254 s
currentSize : 35 <-- 0.007528 s
currentSize : 36 <-- 0.009628 s
currentSize : 37 <-- 0.024762 s
currentSize : 38 <-- 0.203531 s
currentSize : 39 <-- 1.115097 s
currentSize : 40 <-- 152.842697 s

TIMEOUT
maxsize : 40
nodes : 206445975.000000
filtered : 878981958.000000
time : 1000.000061
