Parameters: GAD=1 vflib=1 dir=1 label=1 lowerbound=1 fileNameGp=../../cp2016-max-common-connected-subgraph-paper/datasets/graphsdb/mcs30/m3D/m3Dr4/mcs30_m3Dr4_s100.A07 fileNameGt=../../cp2016-max-common-connected-subgraph-paper/datasets/graphsdb/mcs30/m3D/m3Dr4/mcs30_m3Dr4_s100.B07
Reading graphs...
100 : 275
100 : 274
Initializing...
maxdom : 7
D->valSize : 341
Solving...
Blb : 2 (clique : 29)
currentSize : 29 <-- 0.003517 s
currentSize : 30 <-- 0.006992 s
currentSize : 31 <-- 0.018591 s
currentSize : 32 <-- 0.433176 s
currentSize : 33 <-- 0.447203 s
currentSize : 34 <-- 8.759507 s

TIMEOUT
maxsize : 34
nodes : 193469813.000000
filtered : 1122347732.000000
time : 1000.000000
