Parameters: GAD=1 vflib=1 dir=1 label=1 lowerbound=1 fileNameGp=../../cp2016-max-common-connected-subgraph-paper/datasets/graphsdb/mcs30/bvg/b09/mcs30_b09_s100.A09 fileNameGt=../../cp2016-max-common-connected-subgraph-paper/datasets/graphsdb/mcs30/bvg/b09/mcs30_b09_s100.B09
Reading graphs...
100 : 450
100 : 450
Initializing...
maxdom : 11
D->valSize : 333
Solving...
Blb : 2 (clique : 19)
currentSize : 19 <-- 0.004176 s
currentSize : 20 <-- 0.077563 s
currentSize : 21 <-- 0.103980 s
currentSize : 22 <-- 2.752046 s
currentSize : 23 <-- 11.140866 s
currentSize : 24 <-- 11.890951 s
currentSize : 25 <-- 31.241976 s
currentSize : 26 <-- 46.099930 s
currentSize : 27 <-- 115.631691 s
currentSize : 28 <-- 116.465103 s
currentSize : 29 <-- 117.031303 s
currentSize : 30 <-- 117.037544 s
currentSize : 31 <-- 117.060493 s
currentSize : 32 <-- 791.746277 s

TIMEOUT
maxsize : 32
nodes : 188894633.000000
filtered : 1286839278.000000
time : 1000.000000
