Parameters: GAD=1 vflib=1 dir=1 label=1 lowerbound=1 fileNameGp=../../cp2016-max-common-connected-subgraph-paper/datasets/graphsdb/mcs30/bvg/b06/mcs30_b06_s90.A01 fileNameGt=../../cp2016-max-common-connected-subgraph-paper/datasets/graphsdb/mcs30/bvg/b06/mcs30_b06_s90.B01
Reading graphs...
90 : 270
90 : 270
Initializing...
maxdom : 8
D->valSize : 518
Solving...
Blb : 2 (clique : 23)
currentSize : 23 <-- 0.009200 s
currentSize : 25 <-- 0.009485 s
currentSize : 26 <-- 0.010183 s
currentSize : 27 <-- 1.158194 s
currentSize : 28 <-- 2.189313 s
currentSize : 29 <-- 3.247313 s

TIMEOUT
maxsize : 29
nodes : 213890623.000000
filtered : 1553311890.000000
time : 1000.000000
