Parameters: GAD=1 vflib=1 dir=1 label=1 lowerbound=1 fileNameGp=../../cp2016-max-common-connected-subgraph-paper/datasets/graphsdb/mcs30/m4D/m4Dr2/mcs30_m4Dr2_s70.A01 fileNameGt=../../cp2016-max-common-connected-subgraph-paper/datasets/graphsdb/mcs30/m4D/m4Dr2/mcs30_m4Dr2_s70.B01
Reading graphs...
70 : 131
70 : 131
Initializing...
maxdom : 9
D->valSize : 310
Solving...
Blb : 3 (clique : 22)
currentSize : 22 <-- 0.002597 s
currentSize : 23 <-- 0.003546 s
currentSize : 24 <-- 0.003583 s
currentSize : 25 <-- 0.005719 s
currentSize : 26 <-- 0.018799 s
currentSize : 27 <-- 6.376354 s
currentSize : 28 <-- 15.614399 s
currentSize : 29 <-- 29.872196 s

TIMEOUT
maxsize : 29
nodes : 241109526.000000
filtered : 1591103984.000000
time : 1000.000000
