Parameters: GAD=1 vflib=1 dir=1 label=1 lowerbound=1 fileNameGp=../../cp2016-max-common-connected-subgraph-paper/datasets/graphsdb/mcs30/m4D/m4Dr6/mcs30_m4Dr6_s80.A01 fileNameGt=../../cp2016-max-common-connected-subgraph-paper/datasets/graphsdb/mcs30/m4D/m4Dr6/mcs30_m4Dr6_s80.B01
Reading graphs...
80 : 179
80 : 179
Initializing...
maxdom : 10
D->valSize : 377
Solving...
Blb : 2 (clique : 24)
currentSize : 24 <-- 0.003292 s
currentSize : 25 <-- 0.739610 s
currentSize : 26 <-- 49.244446 s
currentSize : 27 <-- 97.628174 s
currentSize : 28 <-- 97.646721 s
currentSize : 29 <-- 166.182358 s
currentSize : 30 <-- 306.980377 s
currentSize : 31 <-- 697.437622 s
currentSize : 32 <-- 958.958679 s

TIMEOUT
maxsize : 32
nodes : 239983151.000000
filtered : 1431328550.000000
time : 1000.000000
