Parameters: GAD=1 vflib=1 dir=1 label=1 lowerbound=1 fileNameGp=../../cp2016-max-common-connected-subgraph-paper/datasets/graphsdb/mcs30/bvg/b06/mcs30_b06_s70.A08 fileNameGt=../../cp2016-max-common-connected-subgraph-paper/datasets/graphsdb/mcs30/bvg/b06/mcs30_b06_s70.B08
Reading graphs...
70 : 210
70 : 210
Initializing...
maxdom : 8
D->valSize : 324
Solving...
Blb : 2 (clique : 23)
currentSize : 23 <-- 0.002695 s
currentSize : 24 <-- 0.022532 s
currentSize : 25 <-- 0.022559 s
currentSize : 26 <-- 0.023559 s
currentSize : 27 <-- 4.113909 s

maxsize : 27
nodes : 97701595.000000
filtered : 1145443170.000000
time : 497.998871
