Parameters: GAD=1 vflib=1 dir=1 label=1 lowerbound=1 fileNameGp=../../cp2016-max-common-connected-subgraph-paper/datasets/graphsdb/mcs30/m3D/m3Dr4/mcs30_m3Dr4_s80.A02 fileNameGt=../../cp2016-max-common-connected-subgraph-paper/datasets/graphsdb/mcs30/m3D/m3Dr4/mcs30_m3Dr4_s80.B02
Reading graphs...
80 : 216
80 : 215
Initializing...
maxdom : 10
D->valSize : 429
Solving...
Blb : 2 (clique : 27)
currentSize : 27 <-- 0.004090 s
currentSize : 28 <-- 0.004369 s
currentSize : 29 <-- 0.005742 s
currentSize : 30 <-- 0.017218 s
currentSize : 31 <-- 6.486736 s
currentSize : 32 <-- 8.070707 s
currentSize : 33 <-- 11.269615 s

TIMEOUT
maxsize : 33
nodes : 191795449.000000
filtered : 2005187415.000000
time : 1000.000000
