Parameters: GAD=1 vflib=1 dir=1 label=1 lowerbound=1 fileNameGp=../../cp2016-max-common-connected-subgraph-paper/datasets/graphsdb/mcs30/bvg/b03/mcs30_b03_s70.A00 fileNameGt=../../cp2016-max-common-connected-subgraph-paper/datasets/graphsdb/mcs30/bvg/b03/mcs30_b03_s70.B00
Reading graphs...
70 : 105
70 : 105
Initializing...
maxdom : 11
D->valSize : 322
Solving...
Blb : 2 (clique : 25)
currentSize : 25 <-- 0.002678 s
currentSize : 27 <-- 0.004061 s
currentSize : 28 <-- 2.444359 s
currentSize : 29 <-- 4.182346 s
currentSize : 30 <-- 25.987892 s
currentSize : 31 <-- 50.294762 s
currentSize : 32 <-- 387.023804 s

TIMEOUT
maxsize : 32
nodes : 287584406.000000
filtered : 1565824211.000000
time : 1000.000000
