Parameters: GAD=1 vflib=1 dir=1 label=1 lowerbound=1 fileNameGp=../../cp2016-max-common-connected-subgraph-paper/datasets/graphsdb/mcs30/m3D/m3Dr6/mcs30_m3Dr6_s70.A08 fileNameGt=../../cp2016-max-common-connected-subgraph-paper/datasets/graphsdb/mcs30/m3D/m3Dr6/mcs30_m3Dr6_s70.B08
Reading graphs...
70 : 201
70 : 199
Initializing...
maxdom : 9
D->valSize : 303
Solving...
Blb : 5 (clique : 20)
currentSize : 20 <-- 0.002386 s
currentSize : 21 <-- 0.128737 s
currentSize : 22 <-- 2.501402 s
currentSize : 23 <-- 9.962321 s
currentSize : 24 <-- 23.690760 s
currentSize : 25 <-- 32.604622 s
currentSize : 26 <-- 32.605103 s
currentSize : 27 <-- 123.117737 s
currentSize : 28 <-- 123.121208 s
currentSize : 29 <-- 258.001038 s
currentSize : 30 <-- 265.515991 s
currentSize : 31 <-- 265.516846 s

maxsize : 31
nodes : 100814319.000000
filtered : 844782743.000000
time : 484.954193
