Parameters: GAD=1 vflib=1 dir=1 label=1 lowerbound=1 fileNameGp=../../cp2016-max-common-connected-subgraph-paper/datasets/graphsdb/mcs30/rand/r01/mcs30_r01_s70.A07 fileNameGt=../../cp2016-max-common-connected-subgraph-paper/datasets/graphsdb/mcs30/rand/r01/mcs30_r01_s70.B07
Reading graphs...
70 : 482
70 : 482
Initializing...
maxdom : 7
D->valSize : 329
Solving...
Blb : 5 (clique : 12)
currentSize : 12 <-- 0.002503 s
currentSize : 15 <-- 0.004331 s
currentSize : 16 <-- 0.060627 s
currentSize : 17 <-- 0.078310 s
currentSize : 18 <-- 0.135969 s
currentSize : 19 <-- 3.466172 s
currentSize : 21 <-- 4.994428 s

maxsize : 21
nodes : 1833891.000000
filtered : 23896265.000000
time : 9.582881
