Parameters: GAD=1 vflib=1 dir=1 label=1 lowerbound=1 fileNameGp=../../cp2016-max-common-connected-subgraph-paper/datasets/graphsdb/mcs30/m4D/m4Dr2/mcs30_m4Dr2_s60.A04 fileNameGt=../../cp2016-max-common-connected-subgraph-paper/datasets/graphsdb/mcs30/m4D/m4Dr2/mcs30_m4Dr2_s60.B04
Reading graphs...
60 : 114
60 : 114
Initializing...
maxdom : 6
D->valSize : 241
Solving...
Blb : 3 (clique : 21)
currentSize : 21 <-- 0.001728 s
currentSize : 22 <-- 0.005145 s
currentSize : 23 <-- 1.106816 s
currentSize : 24 <-- 9.967896 s
currentSize : 25 <-- 48.020702 s
currentSize : 26 <-- 58.071331 s

maxsize : 26
nodes : 33925903.000000
filtered : 248488122.000000
time : 140.111069
