Parameters: GAD=1 vflib=1 dir=1 label=1 lowerbound=1 fileNameGp=../../cp2016-max-common-connected-subgraph-paper/datasets/graphsdb/mcs30/m3D/m3D/mcs30_m3D_s100.A09 fileNameGt=../../cp2016-max-common-connected-subgraph-paper/datasets/graphsdb/mcs30/m3D/m3D/mcs30_m3D_s100.B09
Reading graphs...
100 : 235
100 : 235
Initializing...
maxdom : 7
D->valSize : 333
Solving...
Blb : 2 (clique : 30)
currentSize : 30 <-- 0.005326 s
currentSize : 31 <-- 0.005822 s
currentSize : 32 <-- 0.006861 s
currentSize : 33 <-- 0.018290 s
currentSize : 34 <-- 0.019300 s
currentSize : 35 <-- 33.951206 s

TIMEOUT
maxsize : 35
nodes : 199787622.000000
filtered : 829734197.000000
time : 1000.000000
