Parameters: GAD=1 vflib=1 dir=1 label=1 lowerbound=1 fileNameGp=../../cp2016-max-common-connected-subgraph-paper/datasets/graphsdb/mcs30/m3D/m3Dr4/mcs30_m3Dr4_s80.A05 fileNameGt=../../cp2016-max-common-connected-subgraph-paper/datasets/graphsdb/mcs30/m3D/m3Dr4/mcs30_m3Dr4_s80.B05
Reading graphs...
80 : 216
80 : 214
Initializing...
maxdom : 9
D->valSize : 435
Solving...
Blb : 2 (clique : 23)
currentSize : 23 <-- 0.004211 s
currentSize : 24 <-- 0.006607 s
currentSize : 25 <-- 0.241274 s
currentSize : 26 <-- 61.601559 s
currentSize : 27 <-- 70.284798 s
currentSize : 28 <-- 161.301010 s
currentSize : 29 <-- 197.756729 s
currentSize : 30 <-- 197.771683 s

TIMEOUT
maxsize : 30
nodes : 208945264.000000
filtered : 1936076049.000000
time : 1000.000000
