Parameters: GAD=1 vflib=1 dir=1 label=1 lowerbound=1 fileNameGp=../../cp2016-max-common-connected-subgraph-paper/datasets/graphsdb/mcs30/bvg/b09/mcs30_b09_s90.A00 fileNameGt=../../cp2016-max-common-connected-subgraph-paper/datasets/graphsdb/mcs30/bvg/b09/mcs30_b09_s90.B00
Reading graphs...
90 : 405
90 : 405
Initializing...
maxdom : 13
D->valSize : 528
Solving...
Blb : 3 (clique : 22)
currentSize : 22 <-- 0.005705 s
currentSize : 23 <-- 1.824214 s
currentSize : 24 <-- 28.857531 s
currentSize : 25 <-- 28.857981 s
currentSize : 26 <-- 30.297829 s
currentSize : 27 <-- 198.629349 s
currentSize : 28 <-- 416.860687 s

TIMEOUT
maxsize : 28
nodes : 187893306.000000
filtered : 2246428493.000000
time : 1000.000000
