Parameters: GAD=1 vflib=1 dir=1 label=1 lowerbound=1 fileNameGp=../../cp2016-max-common-connected-subgraph-paper/datasets/graphsdb/mcs30/m4D/m4Dr2/mcs30_m4Dr2_s60.A02 fileNameGt=../../cp2016-max-common-connected-subgraph-paper/datasets/graphsdb/mcs30/m4D/m4Dr2/mcs30_m4Dr2_s60.B02
Reading graphs...
60 : 114
60 : 114
Initializing...
maxdom : 7
D->valSize : 240
Solving...
Blb : 2 (clique : 15)
currentSize : 15 <-- 0.002415 s
currentSize : 18 <-- 0.002554 s
currentSize : 19 <-- 0.002660 s
currentSize : 20 <-- 0.027226 s
currentSize : 21 <-- 0.183506 s
currentSize : 22 <-- 0.316081 s
currentSize : 23 <-- 2.412195 s
currentSize : 24 <-- 4.689387 s
currentSize : 25 <-- 10.671700 s

maxsize : 25
nodes : 146700792.000000
filtered : 896406322.000000
time : 552.362061
