Parameters: GAD=1 vflib=1 dir=1 label=1 lowerbound=1 fileNameGp=../../cp2016-max-common-connected-subgraph-paper/datasets/graphsdb/mcs30/rand/r02/mcs30_r02_s90.A02 fileNameGt=../../cp2016-max-common-connected-subgraph-paper/datasets/graphsdb/mcs30/rand/r02/mcs30_r02_s90.B02
Reading graphs...
90 : 1601
90 : 1601
Initializing...
maxdom : 11
D->valSize : 543
Solving...
Blb : 3 (clique : 8)
currentSize : 8 <-- 0.005513 s
currentSize : 9 <-- 0.005736 s
currentSize : 10 <-- 0.008301 s
currentSize : 12 <-- 0.008344 s
currentSize : 13 <-- 0.026479 s
currentSize : 14 <-- 0.049433 s
currentSize : 16 <-- 0.049478 s
currentSize : 18 <-- 0.054032 s
currentSize : 21 <-- 0.294874 s
currentSize : 22 <-- 0.415942 s
currentSize : 27 <-- 0.461190 s

maxsize : 27
nodes : 89984.000000
filtered : 2353675.000000
time : 0.617660
