Parameters: GAD=1 vflib=1 dir=1 label=1 lowerbound=1 fileNameGp=../../cp2016-max-common-connected-subgraph-paper/datasets/graphsdb/mcs30/rand/r005/mcs30_r005_s90.A05 fileNameGt=../../cp2016-max-common-connected-subgraph-paper/datasets/graphsdb/mcs30/rand/r005/mcs30_r005_s90.B05
Reading graphs...
90 : 399
90 : 399
Initializing...
maxdom : 9
D->valSize : 511
Solving...
Blb : 2 (clique : 20)
currentSize : 20 <-- 0.006342 s
currentSize : 21 <-- 0.006547 s
currentSize : 22 <-- 0.006670 s
currentSize : 23 <-- 0.440033 s
currentSize : 24 <-- 0.447980 s
currentSize : 25 <-- 1.469621 s
currentSize : 26 <-- 4.007584 s
currentSize : 27 <-- 375.144318 s
currentSize : 28 <-- 398.029419 s
currentSize : 29 <-- 399.906708 s

TIMEOUT
maxsize : 29
nodes : 170773098.000000
filtered : 2183464729.000000
time : 1000.000000
