Parameters: GAD=1 vflib=1 dir=1 label=1 lowerbound=1 fileNameGp=../../cp2016-max-common-connected-subgraph-paper/datasets/graphsdb/mcs30/m3D/m3Dr6/mcs30_m3Dr6_s100.A04 fileNameGt=../../cp2016-max-common-connected-subgraph-paper/datasets/graphsdb/mcs30/m3D/m3Dr6/mcs30_m3Dr6_s100.B04
Reading graphs...
100 : 295
100 : 294
Initializing...
maxdom : 7
D->valSize : 324
Solving...
Blb : 3 (clique : 26)
currentSize : 26 <-- 0.004721 s
currentSize : 27 <-- 0.030191 s
currentSize : 28 <-- 0.102507 s
currentSize : 29 <-- 7.253595 s
currentSize : 30 <-- 287.442566 s
currentSize : 31 <-- 532.504150 s
currentSize : 32 <-- 534.044250 s

TIMEOUT
maxsize : 32
nodes : 191514558.000000
filtered : 1098121742.000000
time : 1000.000000
