Parameters: GAD=1 vflib=1 dir=1 label=1 lowerbound=1 fileNameGp=../../cp2016-max-common-connected-subgraph-paper/datasets/graphsdb/mcs30/rand/r005/mcs30_r005_s70.A00 fileNameGt=../../cp2016-max-common-connected-subgraph-paper/datasets/graphsdb/mcs30/rand/r005/mcs30_r005_s70.B00
Reading graphs...
70 : 240
70 : 240
Initializing...
maxdom : 9
D->valSize : 373
Solving...
Blb : 2 (clique : 17)
currentSize : 17 <-- 0.003311 s
currentSize : 18 <-- 0.003562 s
currentSize : 20 <-- 0.013699 s
currentSize : 21 <-- 0.019688 s
currentSize : 22 <-- 0.876976 s
currentSize : 23 <-- 165.919601 s

TIMEOUT
maxsize : 23
nodes : 197726387.000000
filtered : 2558639456.000000
time : 1000.000061
