Parameters: GAD=1 vflib=1 dir=1 label=1 lowerbound=1 fileNameGp=../../cp2016-max-common-connected-subgraph-paper/datasets/graphsdb/mcs30/m3D/m3Dr6/mcs30_m3Dr6_s80.A09 fileNameGt=../../cp2016-max-common-connected-subgraph-paper/datasets/graphsdb/mcs30/m3D/m3Dr6/mcs30_m3Dr6_s80.B09
Reading graphs...
80 : 232
80 : 230
Initializing...
maxdom : 7
D->valSize : 408
Solving...
Blb : 2 (clique : 21)
currentSize : 21 <-- 0.003831 s
currentSize : 22 <-- 0.004022 s
currentSize : 23 <-- 0.013489 s
currentSize : 24 <-- 0.163985 s
currentSize : 25 <-- 0.553780 s
currentSize : 26 <-- 0.563787 s
currentSize : 27 <-- 0.564409 s
currentSize : 28 <-- 31.173117 s
currentSize : 29 <-- 92.425583 s
currentSize : 30 <-- 632.334656 s
currentSize : 31 <-- 815.231140 s

TIMEOUT
maxsize : 31
nodes : 196031048.000000
filtered : 1711840241.000000
time : 1000.000000
