Parameters: GAD=1 vflib=1 dir=1 label=1 lowerbound=1 fileNameGp=../../cp2016-max-common-connected-subgraph-paper/datasets/graphsdb/mcs30/m2D/m2Dr2/mcs30_m2Dr2_s50.A06 fileNameGt=../../cp2016-max-common-connected-subgraph-paper/datasets/graphsdb/mcs30/m2D/m2Dr2/mcs30_m2Dr2_s50.B06
Reading graphs...
50 : 95
50 : 95
Initializing...
maxdom : 10
D->valSize : 325
Solving...
Blb : 5 (clique : 17)
currentSize : 17 <-- 0.002344 s
currentSize : 18 <-- 0.024706 s
currentSize : 19 <-- 0.024872 s
currentSize : 20 <-- 0.026015 s
currentSize : 21 <-- 0.029857 s
currentSize : 22 <-- 1.996845 s
currentSize : 23 <-- 26.128176 s
currentSize : 24 <-- 52.677994 s

TIMEOUT
maxsize : 24
nodes : 258303306.000000
filtered : 3175449404.000000
time : 1000.000000
