Parameters: GAD=1 vflib=1 dir=1 label=1 lowerbound=1 fileNameGp=../../cp2016-max-common-connected-subgraph-paper/datasets/graphsdb/mcs30/rand/r02/mcs30_r02_s90.A00 fileNameGt=../../cp2016-max-common-connected-subgraph-paper/datasets/graphsdb/mcs30/rand/r02/mcs30_r02_s90.B00
Reading graphs...
90 : 1601
90 : 1601
Initializing...
maxdom : 9
D->valSize : 509
Solving...
Blb : 2 (clique : 8)
currentSize : 8 <-- 0.007365 s
currentSize : 9 <-- 0.019357 s
currentSize : 10 <-- 0.044468 s
currentSize : 11 <-- 0.083395 s
currentSize : 12 <-- 0.099979 s
currentSize : 13 <-- 0.100029 s
currentSize : 14 <-- 0.141100 s
currentSize : 16 <-- 0.194537 s
currentSize : 17 <-- 0.194600 s
currentSize : 18 <-- 0.221705 s
currentSize : 24 <-- 0.284982 s
currentSize : 27 <-- 0.285110 s

maxsize : 27
nodes : 74651.000000
filtered : 1640167.000000
time : 0.499484
