Parameters: GAD=1 vflib=1 dir=1 label=1 lowerbound=1 fileNameGp=../../cp2016-max-common-connected-subgraph-paper/datasets/graphsdb/mcs30/bvg/b06/mcs30_b06_s80.A04 fileNameGt=../../cp2016-max-common-connected-subgraph-paper/datasets/graphsdb/mcs30/bvg/b06/mcs30_b06_s80.B04
Reading graphs...
80 : 240
80 : 240
Initializing...
maxdom : 9
D->valSize : 436
Solving...
Blb : 2 (clique : 21)
currentSize : 21 <-- 0.006849 s
currentSize : 22 <-- 0.008409 s
currentSize : 23 <-- 0.183709 s
currentSize : 24 <-- 0.184525 s
currentSize : 25 <-- 0.187806 s
currentSize : 26 <-- 0.886766 s
currentSize : 27 <-- 0.887032 s
currentSize : 28 <-- 1.217840 s
currentSize : 29 <-- 119.784241 s
currentSize : 30 <-- 142.813889 s
currentSize : 31 <-- 248.991913 s
currentSize : 32 <-- 502.631012 s

TIMEOUT
maxsize : 32
nodes : 193240796.000000
filtered : 2026997910.000000
time : 1000.000000
