Parameters: GAD=1 vflib=1 dir=1 label=1 lowerbound=1 fileNameGp=../../cp2016-max-common-connected-subgraph-paper/datasets/graphsdb/mcs30/m2D/m2Dr6/mcs30_m2Dr6_s50.A07 fileNameGt=../../cp2016-max-common-connected-subgraph-paper/datasets/graphsdb/mcs30/m2D/m2Dr6/mcs30_m2Dr6_s50.B07
Reading graphs...
50 : 115
50 : 114
Initializing...
maxdom : 11
D->valSize : 355
Solving...
Blb : 2 (clique : 19)
currentSize : 19 <-- 0.004269 s
currentSize : 20 <-- 0.024398 s
currentSize : 21 <-- 1.258114 s
currentSize : 22 <-- 42.550049 s
currentSize : 23 <-- 81.786606 s

maxsize : 23
nodes : 75220547.000000
filtered : 1169347389.000000
time : 310.499969
