Parameters: GAD=1 vflib=1 dir=1 label=1 lowerbound=1 fileNameGp=../../cp2016-max-common-connected-subgraph-paper/datasets/graphsdb/mcs30/bvg/b09/mcs30_b09_s60.A05 fileNameGt=../../cp2016-max-common-connected-subgraph-paper/datasets/graphsdb/mcs30/bvg/b09/mcs30_b09_s60.B05
Reading graphs...
60 : 270
60 : 270
Initializing...
maxdom : 7
D->valSize : 234
Solving...
Blb : 2 (clique : 13)
currentSize : 13 <-- 0.001515 s
currentSize : 14 <-- 0.003963 s
currentSize : 15 <-- 0.020189 s
currentSize : 16 <-- 0.051600 s
currentSize : 17 <-- 1.024813 s
currentSize : 18 <-- 1.775920 s
currentSize : 19 <-- 2.346033 s
currentSize : 20 <-- 4.470710 s
currentSize : 21 <-- 4.520397 s

maxsize : 21
nodes : 2217668.000000
filtered : 18638348.000000
time : 8.830358
