Parameters: GAD=1 vflib=1 dir=1 label=1 lowerbound=1 fileNameGp=../../cp2016-max-common-connected-subgraph-paper/datasets/graphsdb/mcs30/rand/r005/mcs30_r005_s70.A07 fileNameGt=../../cp2016-max-common-connected-subgraph-paper/datasets/graphsdb/mcs30/rand/r005/mcs30_r005_s70.B07
Reading graphs...
70 : 240
70 : 240
Initializing...
maxdom : 8
D->valSize : 321
Solving...
Blb : 2 (clique : 19)
currentSize : 19 <-- 0.003877 s
currentSize : 20 <-- 0.004068 s
currentSize : 21 <-- 0.007320 s
currentSize : 22 <-- 14.609779 s
currentSize : 23 <-- 247.664459 s
currentSize : 24 <-- 533.086426 s

TIMEOUT
maxsize : 24
nodes : 240102014.000000
filtered : 1896647529.000000
time : 1000.000000
