Parameters: GAD=1 vflib=1 dir=1 label=1 lowerbound=1 fileNameGp=../../cp2016-max-common-connected-subgraph-paper/datasets/graphsdb/mcs30/bvg/b09/mcs30_b09_s80.A07 fileNameGt=../../cp2016-max-common-connected-subgraph-paper/datasets/graphsdb/mcs30/bvg/b09/mcs30_b09_s80.B07
Reading graphs...
80 : 360
80 : 360
Initializing...
maxdom : 11
D->valSize : 423
Solving...
Blb : 2 (clique : 16)
currentSize : 16 <-- 0.004318 s
currentSize : 17 <-- 0.005376 s
currentSize : 18 <-- 0.032966 s
currentSize : 19 <-- 1.781064 s
currentSize : 20 <-- 4.152850 s
currentSize : 21 <-- 224.426910 s
currentSize : 22 <-- 224.431625 s
currentSize : 23 <-- 224.490952 s
currentSize : 24 <-- 793.424316 s
currentSize : 25 <-- 793.424561 s
currentSize : 26 <-- 793.426514 s
currentSize : 27 <-- 793.427673 s

TIMEOUT
maxsize : 27
nodes : 199105903.000000
filtered : 1928017172.000000
time : 1000.000000
