Parameters: GAD=1 vflib=1 dir=1 label=1 lowerbound=1 fileNameGp=../../cp2016-max-common-connected-subgraph-paper/datasets/graphsdb/mcs30/m2D/m2Dr2/mcs30_m2Dr2_s70.A06 fileNameGt=../../cp2016-max-common-connected-subgraph-paper/datasets/graphsdb/mcs30/m2D/m2Dr2/mcs30_m2Dr2_s70.B06
Reading graphs...
70 : 137
70 : 136
Initializing...
maxdom : 8
D->valSize : 322
Solving...
Blb : 2 (clique : 24)
currentSize : 24 <-- 0.004016 s
currentSize : 25 <-- 0.004498 s
currentSize : 26 <-- 0.004786 s
currentSize : 27 <-- 7.639376 s
currentSize : 28 <-- 14.640605 s
currentSize : 29 <-- 14.640871 s
currentSize : 30 <-- 159.158646 s
currentSize : 31 <-- 192.901123 s
currentSize : 32 <-- 224.143143 s

TIMEOUT
maxsize : 32
nodes : 230786337.000000
filtered : 1846246122.000000
time : 1000.000000
