Parameters: GAD=1 vflib=1 dir=1 label=1 lowerbound=1 fileNameGp=../../cp2016-max-common-connected-subgraph-paper/datasets/graphsdb/mcs30/bvg/b06m/mcs30_b06m_s100.A04 fileNameGt=../../cp2016-max-common-connected-subgraph-paper/datasets/graphsdb/mcs30/bvg/b06m/mcs30_b06m_s100.B04
Reading graphs...
100 : 300
100 : 300
Initializing...
maxdom : 8
D->valSize : 349
Solving...
Blb : 2 (clique : 25)
currentSize : 25 <-- 0.003417 s
currentSize : 30 <-- 0.003621 s
currentSize : 31 <-- 0.003697 s
currentSize : 33 <-- 3.578779 s
currentSize : 35 <-- 29.017086 s
currentSize : 36 <-- 177.595932 s
currentSize : 37 <-- 362.735138 s
currentSize : 38 <-- 452.208252 s

TIMEOUT
maxsize : 38
nodes : 181081819.000000
filtered : 1056745223.000000
time : 1000.000000
