Parameters: GAD=1 vflib=1 dir=1 label=1 lowerbound=1 fileNameGp=../../cp2016-max-common-connected-subgraph-paper/datasets/graphsdb/mcs30/bvg/b03/mcs30_b03_s90.A05 fileNameGt=../../cp2016-max-common-connected-subgraph-paper/datasets/graphsdb/mcs30/bvg/b03/mcs30_b03_s90.B05
Reading graphs...
90 : 135
90 : 135
Initializing...
maxdom : 10
D->valSize : 504
Solving...
Blb : 2 (clique : 36)
currentSize : 36 <-- 0.005927 s
currentSize : 37 <-- 0.015907 s
currentSize : 38 <-- 0.338041 s
currentSize : 39 <-- 0.342259 s
currentSize : 40 <-- 4.012369 s
currentSize : 41 <-- 4.042942 s
currentSize : 42 <-- 20.797018 s

TIMEOUT
maxsize : 42
nodes : 202608329.000000
filtered : 1242115854.000000
time : 1000.000061
