Parameters: GAD=1 vflib=1 dir=1 label=1 lowerbound=1 fileNameGp=../../cp2016-max-common-connected-subgraph-paper/datasets/graphsdb/mcs30/rand/r005/mcs30_r005_s90.A04 fileNameGt=../../cp2016-max-common-connected-subgraph-paper/datasets/graphsdb/mcs30/rand/r005/mcs30_r005_s90.B04
Reading graphs...
90 : 399
90 : 399
Initializing...
maxdom : 8
D->valSize : 504
Solving...
Blb : 2 (clique : 22)
currentSize : 22 <-- 0.005453 s
currentSize : 23 <-- 0.005820 s
currentSize : 24 <-- 0.010862 s
currentSize : 25 <-- 0.033134 s
currentSize : 26 <-- 1.694552 s
currentSize : 27 <-- 7.842301 s
currentSize : 28 <-- 213.138977 s

TIMEOUT
maxsize : 28
nodes : 211330446.000000
filtered : 1721571253.000000
time : 1000.000000
