Parameters: GAD=1 vflib=1 dir=1 label=1 lowerbound=1 fileNameGp=../../cp2016-max-common-connected-subgraph-paper/datasets/graphsdb/mcs30/m2D/m2Dr6/mcs30_m2Dr6_s60.A06 fileNameGt=../../cp2016-max-common-connected-subgraph-paper/datasets/graphsdb/mcs30/m2D/m2Dr6/mcs30_m2Dr6_s60.B06
Reading graphs...
60 : 140
60 : 140
Initializing...
maxdom : 8
D->valSize : 217
Solving...
Blb : 2 (clique : 17)
currentSize : 17 <-- 0.002225 s
currentSize : 18 <-- 0.034147 s
currentSize : 19 <-- 0.067511 s
currentSize : 20 <-- 0.089274 s
currentSize : 21 <-- 2.292153 s
currentSize : 22 <-- 5.972589 s

maxsize : 22
nodes : 24484391.000000
filtered : 158735597.000000
time : 90.156609
