Parameters: GAD=1 vflib=1 dir=1 label=1 lowerbound=1 fileNameGp=../../cp2016-max-common-connected-subgraph-paper/datasets/graphsdb/mcs30/m4D/m4D/mcs30_m4D_s50.A06 fileNameGt=../../cp2016-max-common-connected-subgraph-paper/datasets/graphsdb/mcs30/m4D/m4D/mcs30_m4D_s50.B06
Reading graphs...
50 : 87
50 : 87
Initializing...
maxdom : 11
D->valSize : 313
Solving...
Blb : 2 (clique : 19)
currentSize : 19 <-- 0.002321 s
currentSize : 20 <-- 0.002433 s
currentSize : 21 <-- 0.020935 s
currentSize : 22 <-- 0.044659 s
currentSize : 23 <-- 0.075751 s
currentSize : 24 <-- 79.798317 s
currentSize : 25 <-- 79.830688 s

maxsize : 25
nodes : 98252074.000000
filtered : 1059125338.000000
time : 347.682281
