Parameters: GAD=1 vflib=1 dir=1 label=1 lowerbound=1 fileNameGp=../../cp2016-max-common-connected-subgraph-paper/datasets/graphsdb/mcs30/m2D/m2Dr6/mcs30_m2Dr6_s80.A09 fileNameGt=../../cp2016-max-common-connected-subgraph-paper/datasets/graphsdb/mcs30/m2D/m2Dr6/mcs30_m2Dr6_s80.B09
Reading graphs...
80 : 190
80 : 189
Initializing...
maxdom : 9
D->valSize : 389
Solving...
Blb : 2 (clique : 25)
currentSize : 25 <-- 0.003671 s
currentSize : 26 <-- 0.410444 s
currentSize : 27 <-- 30.180040 s
currentSize : 28 <-- 30.834982 s
currentSize : 29 <-- 377.059174 s
currentSize : 30 <-- 643.579346 s

TIMEOUT
maxsize : 30
nodes : 245970268.000000
filtered : 1815742691.000000
time : 1000.000000
