Parameters: GAD=1 vflib=1 dir=1 label=1 lowerbound=1 fileNameGp=../../cp2016-max-common-connected-subgraph-paper/datasets/graphsdb/mcs30/m2D/m2Dr6/mcs30_m2Dr6_s60.A07 fileNameGt=../../cp2016-max-common-connected-subgraph-paper/datasets/graphsdb/mcs30/m2D/m2Dr6/mcs30_m2Dr6_s60.B07
Reading graphs...
60 : 140
60 : 139
Initializing...
maxdom : 7
D->valSize : 237
Solving...
Blb : 2 (clique : 21)
currentSize : 21 <-- 0.002507 s
currentSize : 22 <-- 0.006386 s
currentSize : 23 <-- 0.022073 s
currentSize : 24 <-- 81.776451 s
currentSize : 25 <-- 82.286415 s

maxsize : 25
nodes : 42869077.000000
filtered : 421944551.000000
time : 177.505890
