Parameters: GAD=1 vflib=1 dir=1 label=1 lowerbound=1 fileNameGp=../../cp2016-max-common-connected-subgraph-paper/datasets/graphsdb/mcs30/m2D/m2Dr4/mcs30_m2Dr4_s50.A09 fileNameGt=../../cp2016-max-common-connected-subgraph-paper/datasets/graphsdb/mcs30/m2D/m2Dr4/mcs30_m2Dr4_s50.B09
Reading graphs...
50 : 105
50 : 104
Initializing...
maxdom : 10
D->valSize : 354
Solving...
Blb : 2 (clique : 16)
currentSize : 16 <-- 0.004034 s
currentSize : 17 <-- 0.004215 s
currentSize : 18 <-- 0.024361 s
currentSize : 19 <-- 0.440437 s
currentSize : 20 <-- 42.647381 s
currentSize : 21 <-- 111.200829 s

TIMEOUT
maxsize : 21
nodes : 234661418.000000
filtered : 3579350435.000000
time : 1000.000000
