Parameters: GAD=1 vflib=1 dir=1 label=1 lowerbound=1 fileNameGp=../../cp2016-max-common-connected-subgraph-paper/datasets/graphsdb/mcs30/m4D/m4D/mcs30_m4D_s50.A04 fileNameGt=../../cp2016-max-common-connected-subgraph-paper/datasets/graphsdb/mcs30/m4D/m4D/mcs30_m4D_s50.B04
Reading graphs...
50 : 87
50 : 87
Initializing...
maxdom : 8
D->valSize : 318
Solving...
Blb : 2 (clique : 18)
currentSize : 18 <-- 0.002410 s
currentSize : 19 <-- 0.003685 s
currentSize : 20 <-- 0.010900 s
currentSize : 21 <-- 0.056249 s
currentSize : 22 <-- 0.056601 s
currentSize : 23 <-- 5.868015 s
currentSize : 24 <-- 153.938354 s
currentSize : 25 <-- 607.910767 s

maxsize : 25
nodes : 191322250.000000
filtered : 3126651294.000000
time : 830.977722
