Parameters: GAD=1 vflib=1 dir=1 label=1 lowerbound=1 fileNameGp=../../cp2016-max-common-connected-subgraph-paper/datasets/graphsdb/mcs30/m3D/m3Dr6/mcs30_m3Dr6_s70.A06 fileNameGt=../../cp2016-max-common-connected-subgraph-paper/datasets/graphsdb/mcs30/m3D/m3Dr6/mcs30_m3Dr6_s70.B06
Reading graphs...
70 : 201
70 : 201
Initializing...
maxdom : 8
D->valSize : 324
Solving...
Blb : 2 (clique : 21)
currentSize : 21 <-- 0.002553 s
currentSize : 22 <-- 0.002910 s
currentSize : 24 <-- 0.029244 s
currentSize : 25 <-- 0.029517 s
currentSize : 27 <-- 0.384691 s
currentSize : 28 <-- 0.386631 s
currentSize : 29 <-- 123.848000 s
currentSize : 30 <-- 123.852654 s

maxsize : 30
nodes : 92829969.000000
filtered : 739916885.000000
time : 437.300781
