Parameters: GAD=1 vflib=1 dir=1 label=1 lowerbound=1 fileNameGp=../../cp2016-max-common-connected-subgraph-paper/datasets/graphsdb/mcs30/m2D/m2Dr6/mcs30_m2Dr6_s70.A04 fileNameGt=../../cp2016-max-common-connected-subgraph-paper/datasets/graphsdb/mcs30/m2D/m2Dr6/mcs30_m2Dr6_s70.B04
Reading graphs...
70 : 165
70 : 165
Initializing...
maxdom : 11
D->valSize : 374
Solving...
Blb : 2 (clique : 24)
currentSize : 24 <-- 0.003282 s
currentSize : 25 <-- 2.834717 s
currentSize : 26 <-- 26.425331 s
currentSize : 27 <-- 89.682381 s
currentSize : 28 <-- 107.609741 s
currentSize : 29 <-- 115.430397 s

TIMEOUT
maxsize : 29
nodes : 223156503.000000
filtered : 2295621367.000000
time : 1000.000000
