Parameters: GAD=1 vflib=1 dir=1 label=1 lowerbound=1 fileNameGp=../../cp2016-max-common-connected-subgraph-paper/datasets/graphsdb/mcs30/m2D/m2Dr2/mcs30_m2Dr2_s50.A05 fileNameGt=../../cp2016-max-common-connected-subgraph-paper/datasets/graphsdb/mcs30/m2D/m2Dr2/mcs30_m2Dr2_s50.B05
Reading graphs...
50 : 95
50 : 95
Initializing...
maxdom : 9
D->valSize : 319
Solving...
Blb : 2 (clique : 18)
currentSize : 18 <-- 0.002173 s
currentSize : 19 <-- 0.007744 s
currentSize : 20 <-- 0.295935 s
currentSize : 21 <-- 0.539444 s
currentSize : 22 <-- 0.791094 s
currentSize : 23 <-- 19.827477 s
currentSize : 24 <-- 70.191139 s
currentSize : 25 <-- 133.139725 s

maxsize : 25
nodes : 41204338.000000
filtered : 482476482.000000
time : 176.523285
