Parameters: GAD=1 vflib=1 dir=1 label=1 lowerbound=1 fileNameGp=../../cp2016-max-common-connected-subgraph-paper/datasets/graphsdb/mcs30/rand/r01/mcs30_r01_s80.A00 fileNameGt=../../cp2016-max-common-connected-subgraph-paper/datasets/graphsdb/mcs30/rand/r01/mcs30_r01_s80.B00
Reading graphs...
80 : 631
80 : 631
Initializing...
maxdom : 10
D->valSize : 415
Solving...
Blb : 2 (clique : 15)
currentSize : 15 <-- 0.003659 s
currentSize : 16 <-- 0.004332 s
currentSize : 17 <-- 0.006839 s
currentSize : 18 <-- 0.033241 s
currentSize : 19 <-- 0.072607 s
currentSize : 20 <-- 0.957551 s
currentSize : 21 <-- 0.957646 s
currentSize : 23 <-- 0.979465 s
currentSize : 24 <-- 0.980937 s

maxsize : 24
nodes : 3961578.000000
filtered : 72906753.000000
time : 24.004684
