Parameters: GAD=1 vflib=1 dir=1 label=1 lowerbound=1 fileNameGp=../../cp2016-max-common-connected-subgraph-paper/datasets/graphsdb/mcs30/m2D/m2Dr4/mcs30_m2Dr4_s60.A08 fileNameGt=../../cp2016-max-common-connected-subgraph-paper/datasets/graphsdb/mcs30/m2D/m2Dr4/mcs30_m2Dr4_s60.B08
Reading graphs...
60 : 128
60 : 125
Initializing...
maxdom : 8
D->valSize : 227
Solving...
Blb : 2 (clique : 20)
currentSize : 20 <-- 0.001472 s
currentSize : 21 <-- 0.001589 s
currentSize : 22 <-- 0.001688 s
currentSize : 23 <-- 0.005201 s
currentSize : 25 <-- 0.112774 s

maxsize : 25
nodes : 125268389.000000
filtered : 891156010.000000
time : 491.520538
