Parameters: GAD=1 vflib=1 dir=1 label=1 lowerbound=1 fileNameGp=../../cp2016-max-common-connected-subgraph-paper/datasets/graphsdb/mcs30/bvg/b03/mcs30_b03_s60.A07 fileNameGt=../../cp2016-max-common-connected-subgraph-paper/datasets/graphsdb/mcs30/bvg/b03/mcs30_b03_s60.B07
Reading graphs...
60 : 90
60 : 90
Initializing...
maxdom : 7
D->valSize : 241
Solving...
Blb : 2 (clique : 24)
currentSize : 24 <-- 0.002035 s
currentSize : 25 <-- 0.033423 s
currentSize : 26 <-- 9.553878 s
currentSize : 27 <-- 9.580745 s
currentSize : 28 <-- 17.478500 s
currentSize : 29 <-- 81.046791 s
currentSize : 30 <-- 431.019714 s

maxsize : 30
nodes : 130107912.000000
filtered : 834675617.000000
time : 523.142029
