Parameters: GAD=1 vflib=1 dir=1 label=1 lowerbound=1 fileNameGp=../../cp2016-max-common-connected-subgraph-paper/datasets/graphsdb/mcs30/bvg/b09m/mcs30_b09m_s80.A01 fileNameGt=../../cp2016-max-common-connected-subgraph-paper/datasets/graphsdb/mcs30/bvg/b09m/mcs30_b09m_s80.B01
Reading graphs...
80 : 360
80 : 360
Initializing...
maxdom : 9
D->valSize : 435
Solving...
Blb : 3 (clique : 21)
currentSize : 21 <-- 0.006250 s
currentSize : 22 <-- 0.088604 s
currentSize : 23 <-- 50.939617 s
currentSize : 24 <-- 50.939789 s
currentSize : 25 <-- 674.848328 s
currentSize : 26 <-- 675.006653 s
currentSize : 27 <-- 675.328613 s
currentSize : 28 <-- 675.892273 s

TIMEOUT
maxsize : 28
nodes : 178047985.000000
filtered : 2257037127.000000
time : 1000.000000
