Parameters: GAD=1 vflib=1 dir=1 label=1 lowerbound=1 fileNameGp=../../cp2016-max-common-connected-subgraph-paper/datasets/graphsdb/mcs30/m3D/m3Dr2/mcs30_m3Dr2_s70.A08 fileNameGt=../../cp2016-max-common-connected-subgraph-paper/datasets/graphsdb/mcs30/m3D/m3Dr2/mcs30_m3Dr2_s70.B08
Reading graphs...
70 : 173
70 : 173
Initializing...
maxdom : 8
D->valSize : 350
Solving...
Blb : 2 (clique : 23)
currentSize : 23 <-- 0.002974 s
currentSize : 25 <-- 0.003129 s
currentSize : 26 <-- 0.008378 s
currentSize : 27 <-- 24.377726 s
currentSize : 28 <-- 59.012264 s
currentSize : 29 <-- 84.494987 s
currentSize : 30 <-- 88.185158 s

TIMEOUT
maxsize : 30
nodes : 193270111.000000
filtered : 2131232533.000000
time : 1000.000061
