Parameters: GAD=1 vflib=1 dir=1 label=1 lowerbound=1 fileNameGp=../../cp2016-max-common-connected-subgraph-paper/datasets/graphsdb/mcs30/bvg/b06/mcs30_b06_s70.A01 fileNameGt=../../cp2016-max-common-connected-subgraph-paper/datasets/graphsdb/mcs30/bvg/b06/mcs30_b06_s70.B01
Reading graphs...
70 : 210
70 : 210
Initializing...
maxdom : 8
D->valSize : 323
Solving...
Blb : 3 (clique : 22)
currentSize : 22 <-- 0.004078 s
currentSize : 23 <-- 5.559936 s
currentSize : 24 <-- 181.134247 s
currentSize : 25 <-- 433.194977 s
currentSize : 26 <-- 442.720886 s
currentSize : 27 <-- 739.734863 s

TIMEOUT
maxsize : 27
nodes : 214958995.000000
filtered : 1886002843.000000
time : 1000.000000
