Parameters: GAD=1 vflib=1 dir=1 label=1 lowerbound=1 fileNameGp=../../cp2016-max-common-connected-subgraph-paper/datasets/graphsdb/mcs30/m4D/m4Dr4/mcs30_m4Dr4_s50.A08 fileNameGt=../../cp2016-max-common-connected-subgraph-paper/datasets/graphsdb/mcs30/m4D/m4Dr4/mcs30_m4Dr4_s50.B08
Reading graphs...
50 : 107
50 : 104
Initializing...
maxdom : 10
D->valSize : 322
Solving...
Blb : 2 (clique : 18)
currentSize : 18 <-- 0.003519 s
currentSize : 19 <-- 0.011511 s
currentSize : 20 <-- 0.012086 s
currentSize : 21 <-- 3.806996 s
currentSize : 22 <-- 5.622047 s
currentSize : 23 <-- 19.710672 s
currentSize : 24 <-- 32.679691 s

maxsize : 24
nodes : 64253778.000000
filtered : 1083224618.000000
time : 294.614410
