Parameters: GAD=1 vflib=1 dir=1 label=1 lowerbound=1 fileNameGp=../../cp2016-max-common-connected-subgraph-paper/datasets/graphsdb/mcs30/m2D/m2Dr4/mcs30_m2Dr4_s90.A00 fileNameGt=../../cp2016-max-common-connected-subgraph-paper/datasets/graphsdb/mcs30/m2D/m2Dr4/mcs30_m2Dr4_s90.B00
Reading graphs...
90 : 197
90 : 197
Initializing...
maxdom : 11
D->valSize : 595
Solving...
Blb : 2 (clique : 31)
currentSize : 31 <-- 0.007387 s
currentSize : 32 <-- 0.007653 s
currentSize : 34 <-- 0.007755 s
currentSize : 35 <-- 0.008329 s
currentSize : 36 <-- 0.068934 s
currentSize : 37 <-- 0.085227 s
currentSize : 38 <-- 237.661407 s

TIMEOUT
maxsize : 38
nodes : 183274775.000000
filtered : 1905055651.000000
time : 1000.000061
