Parameters: GAD=1 vflib=1 dir=1 label=1 lowerbound=1 fileNameGp=../../cp2016-max-common-connected-subgraph-paper/datasets/graphsdb/mcs30/m2D/m2D/mcs30_m2D_s100.A07 fileNameGt=../../cp2016-max-common-connected-subgraph-paper/datasets/graphsdb/mcs30/m2D/m2D/mcs30_m2D_s100.B07
Reading graphs...
100 : 180
100 : 180
Initializing...
maxdom : 7
D->valSize : 343
Solving...
Blb : 2 (clique : 33)
currentSize : 33 <-- 0.005845 s
currentSize : 35 <-- 0.006490 s
currentSize : 36 <-- 0.006832 s
currentSize : 37 <-- 0.077818 s
currentSize : 38 <-- 0.133513 s
currentSize : 39 <-- 0.157034 s
currentSize : 40 <-- 0.196217 s
currentSize : 41 <-- 2.227722 s
currentSize : 42 <-- 2.230123 s
currentSize : 43 <-- 55.352383 s

TIMEOUT
maxsize : 43
nodes : 190097505.000000
filtered : 954379513.000000
time : 1000.000061
