Parameters: GAD=1 vflib=1 dir=1 label=1 lowerbound=1 fileNameGp=../../cp2016-max-common-connected-subgraph-paper/datasets/graphsdb/mcs30/m4D/m4Dr2/mcs30_m4Dr2_s50.A00 fileNameGt=../../cp2016-max-common-connected-subgraph-paper/datasets/graphsdb/mcs30/m4D/m4Dr2/mcs30_m4Dr2_s50.B00
Reading graphs...
50 : 97
50 : 97
Initializing...
maxdom : 9
D->valSize : 328
Solving...
Blb : 2 (clique : 18)
currentSize : 18 <-- 0.002298 s
currentSize : 21 <-- 0.002404 s
currentSize : 22 <-- 0.002516 s
currentSize : 23 <-- 15.530717 s
currentSize : 24 <-- 21.159815 s

maxsize : 24
nodes : 161313813.000000
filtered : 2156954087.000000
time : 704.256531
