Parameters: GAD=1 vflib=1 dir=1 label=1 lowerbound=1 fileNameGp=../../cp2016-max-common-connected-subgraph-paper/datasets/graphsdb/mcs30/m2D/m2Dr2/mcs30_m2Dr2_s70.A02 fileNameGt=../../cp2016-max-common-connected-subgraph-paper/datasets/graphsdb/mcs30/m2D/m2Dr2/mcs30_m2Dr2_s70.B02
Reading graphs...
70 : 137
70 : 136
Initializing...
maxdom : 7
D->valSize : 330
Solving...
Blb : 2 (clique : 27)
currentSize : 27 <-- 0.002686 s
currentSize : 28 <-- 0.055175 s
currentSize : 29 <-- 0.477550 s
currentSize : 30 <-- 2.982167 s
currentSize : 31 <-- 3.262235 s
currentSize : 32 <-- 347.956543 s
currentSize : 33 <-- 990.650513 s

TIMEOUT
maxsize : 33
nodes : 218934383.000000
filtered : 1621413661.000000
time : 1000.000000
