Parameters: GAD=1 vflib=1 dir=1 label=1 lowerbound=1 fileNameGp=../../cp2016-max-common-connected-subgraph-paper/datasets/graphsdb/mcs30/m2D/m2Dr4/mcs30_m2Dr4_s80.A04 fileNameGt=../../cp2016-max-common-connected-subgraph-paper/datasets/graphsdb/mcs30/m2D/m2Dr4/mcs30_m2Dr4_s80.B04
Reading graphs...
80 : 174
80 : 173
Initializing...
maxdom : 9
D->valSize : 400
Solving...
Blb : 2 (clique : 27)
currentSize : 27 <-- 0.004272 s
currentSize : 28 <-- 0.004789 s
currentSize : 29 <-- 0.004874 s
currentSize : 30 <-- 0.024976 s
currentSize : 31 <-- 0.030762 s
currentSize : 32 <-- 114.144005 s

TIMEOUT
maxsize : 32
nodes : 217456575.000000
filtered : 1457198067.000000
time : 1000.000000
