Parameters: GAD=1 vflib=1 dir=1 label=1 lowerbound=1 fileNameGp=../../cp2016-max-common-connected-subgraph-paper/datasets/graphsdb/mcs30/bvg/b09/mcs30_b09_s90.A01 fileNameGt=../../cp2016-max-common-connected-subgraph-paper/datasets/graphsdb/mcs30/bvg/b09/mcs30_b09_s90.B01
Reading graphs...
90 : 405
90 : 405
Initializing...
maxdom : 11
D->valSize : 532
Solving...
Blb : 3 (clique : 26)
currentSize : 26 <-- 0.005692 s
currentSize : 28 <-- 372.193970 s
currentSize : 29 <-- 372.194153 s
currentSize : 30 <-- 372.304932 s
currentSize : 31 <-- 513.221680 s
currentSize : 32 <-- 513.230225 s

TIMEOUT
maxsize : 32
nodes : 180952920.000000
filtered : 1974337093.000000
time : 1000.000000
