Parameters: GAD=1 vflib=1 dir=1 label=1 lowerbound=1 fileNameGp=../../cp2016-max-common-connected-subgraph-paper/datasets/graphsdb/mcs30/rand/r01/mcs30_r01_s90.A03 fileNameGt=../../cp2016-max-common-connected-subgraph-paper/datasets/graphsdb/mcs30/rand/r01/mcs30_r01_s90.B03
Reading graphs...
90 : 800
90 : 800
Initializing...
maxdom : 9
D->valSize : 528
Solving...
Blb : 2 (clique : 16)
currentSize : 16 <-- 0.005470 s
currentSize : 18 <-- 0.005743 s
currentSize : 19 <-- 0.064416 s
currentSize : 20 <-- 0.064488 s
currentSize : 22 <-- 0.076164 s
currentSize : 23 <-- 0.076241 s
currentSize : 26 <-- 0.077151 s
currentSize : 27 <-- 0.077400 s

maxsize : 27
nodes : 4198548.000000
filtered : 122218108.000000
time : 32.200169
