Parameters: GAD=1 vflib=1 dir=1 label=1 lowerbound=1 fileNameGp=../../cp2016-max-common-connected-subgraph-paper/datasets/graphsdb/mcs30/rand/r02/mcs30_r02_s90.A05 fileNameGt=../../cp2016-max-common-connected-subgraph-paper/datasets/graphsdb/mcs30/rand/r02/mcs30_r02_s90.B05
Reading graphs...
90 : 1601
90 : 1601
Initializing...
maxdom : 12
D->valSize : 543
Solving...
Blb : 2 (clique : 9)
currentSize : 9 <-- 0.005705 s
currentSize : 10 <-- 0.006255 s
currentSize : 11 <-- 0.008875 s
currentSize : 12 <-- 0.010637 s
currentSize : 13 <-- 0.012144 s
currentSize : 14 <-- 0.012213 s
currentSize : 15 <-- 0.030043 s
currentSize : 16 <-- 0.179527 s
currentSize : 18 <-- 0.190552 s
currentSize : 19 <-- 0.190612 s
currentSize : 20 <-- 0.190740 s
currentSize : 22 <-- 0.330129 s
currentSize : 27 <-- 0.330520 s

maxsize : 27
nodes : 73495.000000
filtered : 2064360.000000
time : 0.502546
