Parameters: GAD=1 vflib=1 dir=1 label=1 lowerbound=1 fileNameGp=../../cp2016-max-common-connected-subgraph-paper/datasets/graphsdb/mcs30/bvg/b06/mcs30_b06_s70.A05 fileNameGt=../../cp2016-max-common-connected-subgraph-paper/datasets/graphsdb/mcs30/bvg/b06/mcs30_b06_s70.B05
Reading graphs...
70 : 210
70 : 210
Initializing...
maxdom : 6
D->valSize : 307
Solving...
Blb : 3 (clique : 20)
currentSize : 20 <-- 0.003654 s
currentSize : 21 <-- 0.016326 s
currentSize : 22 <-- 0.019385 s
currentSize : 23 <-- 0.154978 s
currentSize : 24 <-- 0.155044 s
currentSize : 25 <-- 0.208219 s
currentSize : 26 <-- 6.771749 s
currentSize : 27 <-- 11.529102 s
currentSize : 28 <-- 62.805599 s
currentSize : 29 <-- 90.056511 s

maxsize : 29
nodes : 174634083.000000
filtered : 1394073219.000000
time : 818.051514
