Parameters: GAD=1 vflib=1 dir=1 label=1 lowerbound=1 fileNameGp=../../cp2016-max-common-connected-subgraph-paper/datasets/graphsdb/mcs30/rand/r005/mcs30_r005_s80.A09 fileNameGt=../../cp2016-max-common-connected-subgraph-paper/datasets/graphsdb/mcs30/rand/r005/mcs30_r005_s80.B09
Reading graphs...
80 : 315
80 : 315
Initializing...
maxdom : 10
D->valSize : 442
Solving...
Blb : 2 (clique : 21)
currentSize : 21 <-- 0.006920 s
currentSize : 23 <-- 0.011388 s
currentSize : 24 <-- 0.540468 s
currentSize : 25 <-- 12.366791 s
currentSize : 26 <-- 38.831242 s
currentSize : 27 <-- 227.409317 s
currentSize : 28 <-- 227.813171 s

TIMEOUT
maxsize : 28
nodes : 181733004.000000
filtered : 2375296795.000000
time : 1000.000000
