Parameters: GAD=1 vflib=1 dir=1 label=1 lowerbound=1 fileNameGp=../../cp2016-max-common-connected-subgraph-paper/datasets/graphsdb/mcs30/bvg/b03/mcs30_b03_s90.A02 fileNameGt=../../cp2016-max-common-connected-subgraph-paper/datasets/graphsdb/mcs30/bvg/b03/mcs30_b03_s90.B02
Reading graphs...
90 : 135
90 : 135
Initializing...
maxdom : 9
D->valSize : 499
Solving...
Blb : 2 (clique : 36)
currentSize : 36 <-- 0.005641 s
currentSize : 37 <-- 0.005919 s
currentSize : 38 <-- 0.006194 s
currentSize : 39 <-- 0.008773 s
currentSize : 40 <-- 0.050225 s
currentSize : 41 <-- 0.055974 s

TIMEOUT
maxsize : 41
nodes : 216266477.000000
filtered : 1445402774.000000
time : 1000.000061
