Parameters: GAD=1 vflib=1 dir=1 label=1 lowerbound=1 fileNameGp=../../cp2016-max-common-connected-subgraph-paper/datasets/graphsdb/mcs30/m3D/m3D/mcs30_m3D_s70.A03 fileNameGt=../../cp2016-max-common-connected-subgraph-paper/datasets/graphsdb/mcs30/m3D/m3D/mcs30_m3D_s70.B03
Reading graphs...
70 : 159
70 : 159
Initializing...
maxdom : 9
D->valSize : 349
Solving...
Blb : 2 (clique : 24)
currentSize : 24 <-- 0.004437 s
currentSize : 25 <-- 0.008733 s
currentSize : 26 <-- 0.038513 s
currentSize : 27 <-- 0.112368 s
currentSize : 28 <-- 0.138223 s
currentSize : 29 <-- 0.160640 s
currentSize : 30 <-- 1.889498 s
currentSize : 31 <-- 1.889597 s

maxsize : 31
nodes : 16591064.000000
filtered : 228302083.000000
time : 93.100784
