Parameters: GAD=1 vflib=1 dir=1 label=1 lowerbound=1 fileNameGp=../../cp2016-max-common-connected-subgraph-paper/datasets/graphsdb/mcs30/bvg/b09m/mcs30_b09m_s100.A04 fileNameGt=../../cp2016-max-common-connected-subgraph-paper/datasets/graphsdb/mcs30/bvg/b09m/mcs30_b09m_s100.B04
Reading graphs...
100 : 450
100 : 450
Initializing...
maxdom : 7
D->valSize : 355
Solving...
Blb : 2 (clique : 24)
currentSize : 24 <-- 0.005399 s
currentSize : 25 <-- 0.005736 s
currentSize : 26 <-- 0.008151 s
currentSize : 27 <-- 0.010769 s
currentSize : 28 <-- 1.975141 s
currentSize : 29 <-- 36.948380 s
currentSize : 30 <-- 36.951214 s
currentSize : 31 <-- 36.973087 s
currentSize : 32 <-- 36.973480 s

TIMEOUT
maxsize : 32
nodes : 201367692.000000
filtered : 757175550.000000
time : 1000.000000
