Parameters: GAD=1 vflib=1 dir=1 label=1 lowerbound=1 fileNameGp=../../cp2016-max-common-connected-subgraph-paper/datasets/graphsdb/mcs30/m2D/m2Dr2/mcs30_m2Dr2_s80.A04 fileNameGt=../../cp2016-max-common-connected-subgraph-paper/datasets/graphsdb/mcs30/m2D/m2Dr2/mcs30_m2Dr2_s80.B04
Reading graphs...
80 : 158
80 : 157
Initializing...
maxdom : 8
D->valSize : 412
Solving...
Blb : 2 (clique : 25)
currentSize : 25 <-- 0.005158 s
currentSize : 27 <-- 0.006865 s
currentSize : 30 <-- 0.012744 s
currentSize : 31 <-- 0.097198 s
currentSize : 32 <-- 0.554171 s
currentSize : 33 <-- 0.596846 s
currentSize : 34 <-- 1.369023 s
currentSize : 35 <-- 1.390402 s
currentSize : 36 <-- 1.444561 s
currentSize : 37 <-- 264.145355 s

TIMEOUT
maxsize : 37
nodes : 184868455.000000
filtered : 1597773157.000000
time : 1000.000000
