Parameters: GAD=1 vflib=1 dir=1 label=1 lowerbound=1 fileNameGp=../../cp2016-max-common-connected-subgraph-paper/datasets/graphsdb/mcs30/bvg/b06/mcs30_b06_s50.A00 fileNameGt=../../cp2016-max-common-connected-subgraph-paper/datasets/graphsdb/mcs30/bvg/b06/mcs30_b06_s50.B00
Reading graphs...
50 : 150
50 : 150
Initializing...
maxdom : 8
D->valSize : 313
Solving...
Blb : 2 (clique : 13)
currentSize : 13 <-- 0.002289 s
currentSize : 14 <-- 0.002516 s
currentSize : 15 <-- 0.003139 s
currentSize : 16 <-- 0.043621 s
currentSize : 17 <-- 0.917537 s
currentSize : 18 <-- 1.342457 s
currentSize : 19 <-- 10.285867 s
currentSize : 20 <-- 55.541805 s

maxsize : 20
nodes : 19826334.000000
filtered : 295962152.000000
time : 83.937042
