Parameters: GAD=1 vflib=1 dir=1 label=1 lowerbound=1 fileNameGp=../../cp2016-max-common-connected-subgraph-paper/datasets/graphsdb/mcs30/m2D/m2Dr6/mcs30_m2Dr6_s100.A08 fileNameGt=../../cp2016-max-common-connected-subgraph-paper/datasets/graphsdb/mcs30/m2D/m2Dr6/mcs30_m2Dr6_s100.B08
Reading graphs...
100 : 240
100 : 239
Initializing...
maxdom : 8
D->valSize : 325
Solving...
Blb : 2 (clique : 28)
currentSize : 28 <-- 0.004945 s
currentSize : 29 <-- 0.016258 s
currentSize : 30 <-- 0.046042 s
currentSize : 31 <-- 0.084284 s
currentSize : 32 <-- 0.101616 s
currentSize : 33 <-- 2.056054 s
currentSize : 34 <-- 8.578672 s
currentSize : 35 <-- 190.705109 s
currentSize : 36 <-- 200.717575 s

TIMEOUT
maxsize : 36
nodes : 196204655.000000
filtered : 972444599.000000
time : 1000.000000
