Parameters: GAD=1 vflib=1 dir=1 label=1 lowerbound=1 fileNameGp=../../cp2016-max-common-connected-subgraph-paper/datasets/graphsdb/mcs30/rand/r01/mcs30_r01_s70.A00 fileNameGt=../../cp2016-max-common-connected-subgraph-paper/datasets/graphsdb/mcs30/rand/r01/mcs30_r01_s70.B00
Reading graphs...
70 : 482
70 : 482
Initializing...
maxdom : 12
D->valSize : 351
Solving...
Blb : 3 (clique : 12)
currentSize : 12 <-- 0.002995 s
currentSize : 13 <-- 0.004274 s
currentSize : 14 <-- 0.019672 s
currentSize : 15 <-- 0.021430 s
currentSize : 16 <-- 0.021469 s
currentSize : 17 <-- 0.312953 s
currentSize : 18 <-- 0.732653 s
currentSize : 19 <-- 2.335516 s
currentSize : 20 <-- 2.707833 s
currentSize : 21 <-- 3.298221 s

maxsize : 21
nodes : 1261655.000000
filtered : 18835676.000000
time : 6.465000
