Parameters: GAD=1 vflib=1 dir=1 label=1 lowerbound=1 fileNameGp=../../cp2016-max-common-connected-subgraph-paper/datasets/graphsdb/mcs30/bvg/b06/mcs30_b06_s70.A07 fileNameGt=../../cp2016-max-common-connected-subgraph-paper/datasets/graphsdb/mcs30/bvg/b06/mcs30_b06_s70.B07
Reading graphs...
70 : 210
70 : 210
Initializing...
maxdom : 8
D->valSize : 313
Solving...
Blb : 2 (clique : 22)
currentSize : 22 <-- 0.003769 s
currentSize : 23 <-- 0.004144 s
currentSize : 24 <-- 0.008476 s
currentSize : 25 <-- 0.347810 s
currentSize : 26 <-- 0.592878 s

maxsize : 26
nodes : 173247472.000000
filtered : 1761816808.000000
time : 824.527527
