Parameters: GAD=1 vflib=1 dir=1 label=1 lowerbound=1 fileNameGp=../../cp2016-max-common-connected-subgraph-paper/datasets/graphsdb/mcs30/bvg/b06/mcs30_b06_s100.A06 fileNameGt=../../cp2016-max-common-connected-subgraph-paper/datasets/graphsdb/mcs30/bvg/b06/mcs30_b06_s100.B06
Reading graphs...
100 : 300
100 : 300
Initializing...
maxdom : 8
D->valSize : 333
Solving...
Blb : 3 (clique : 31)
currentSize : 31 <-- 0.003262 s
currentSize : 32 <-- 0.055935 s
currentSize : 33 <-- 0.295168 s
currentSize : 34 <-- 1.833877 s
currentSize : 35 <-- 5.020182 s
currentSize : 36 <-- 15.992696 s
currentSize : 37 <-- 22.429728 s
currentSize : 38 <-- 92.752480 s

TIMEOUT
maxsize : 38
nodes : 193868724.000000
filtered : 898559311.000000
time : 1000.000000
