Parameters: GAD=1 vflib=1 dir=1 label=1 lowerbound=1 fileNameGp=../../cp2016-max-common-connected-subgraph-paper/datasets/graphsdb/mcs30/bvg/b06/mcs30_b06_s60.A09 fileNameGt=../../cp2016-max-common-connected-subgraph-paper/datasets/graphsdb/mcs30/bvg/b06/mcs30_b06_s60.B09
Reading graphs...
60 : 180
60 : 180
Initializing...
maxdom : 7
D->valSize : 247
Solving...
Blb : 5 (clique : 16)
currentSize : 16 <-- 0.001779 s
currentSize : 17 <-- 0.001924 s
currentSize : 18 <-- 0.002302 s
currentSize : 19 <-- 0.516076 s
currentSize : 20 <-- 0.522754 s
currentSize : 21 <-- 0.558581 s
currentSize : 22 <-- 11.057946 s
currentSize : 23 <-- 11.058179 s
currentSize : 24 <-- 11.063784 s
currentSize : 25 <-- 23.033287 s
currentSize : 26 <-- 29.393000 s

maxsize : 26
nodes : 8877355.000000
filtered : 76431113.000000
time : 37.067150
