Parameters: GAD=1 vflib=1 dir=1 label=1 lowerbound=1 fileNameGp=../../cp2016-max-common-connected-subgraph-paper/datasets/graphsdb/mcs30/rand/r02/mcs30_r02_s80.A08 fileNameGt=../../cp2016-max-common-connected-subgraph-paper/datasets/graphsdb/mcs30/rand/r02/mcs30_r02_s80.B08
Reading graphs...
80 : 1263
80 : 1263
Initializing...
maxdom : 10
D->valSize : 388
Solving...
Blb : 3 (clique : 7)
currentSize : 7 <-- 0.003220 s
currentSize : 8 <-- 0.003589 s
currentSize : 9 <-- 0.005050 s
currentSize : 10 <-- 0.005168 s
currentSize : 11 <-- 0.005643 s
currentSize : 12 <-- 0.029449 s
currentSize : 15 <-- 0.044879 s
currentSize : 17 <-- 0.057628 s
currentSize : 18 <-- 0.098653 s
currentSize : 24 <-- 0.130382 s

maxsize : 24
nodes : 33995.000000
filtered : 651580.000000
time : 0.197109
