Parameters: GAD=1 vflib=1 dir=1 label=1 lowerbound=1 fileNameGp=../../cp2016-max-common-connected-subgraph-paper/datasets/graphsdb/mcs30/bvg/b03/mcs30_b03_s60.A08 fileNameGt=../../cp2016-max-common-connected-subgraph-paper/datasets/graphsdb/mcs30/bvg/b03/mcs30_b03_s60.B08
Reading graphs...
60 : 90
60 : 90
Initializing...
maxdom : 7
D->valSize : 244
Solving...
Blb : 5 (clique : 23)
currentSize : 23 <-- 0.002647 s
currentSize : 24 <-- 0.003056 s
currentSize : 25 <-- 0.005852 s
currentSize : 26 <-- 0.053301 s
currentSize : 27 <-- 0.076402 s
currentSize : 28 <-- 0.078882 s
currentSize : 29 <-- 1.698282 s
currentSize : 30 <-- 17.543312 s
currentSize : 31 <-- 301.551849 s

TIMEOUT
maxsize : 31
nodes : 245232643.000000
filtered : 1748856500.000000
time : 1000.000000
