Parameters: GAD=1 vflib=1 dir=1 label=1 lowerbound=1 fileNameGp=../../cp2016-max-common-connected-subgraph-paper/datasets/graphsdb/mcs30/rand/r005/mcs30_r005_s60.A02 fileNameGt=../../cp2016-max-common-connected-subgraph-paper/datasets/graphsdb/mcs30/rand/r005/mcs30_r005_s60.B02
Reading graphs...
60 : 179
60 : 179
Initializing...
maxdom : 8
D->valSize : 257
Solving...
Blb : 5 (clique : 16)
currentSize : 16 <-- 0.001710 s
currentSize : 17 <-- 0.005296 s
currentSize : 18 <-- 0.009874 s
currentSize : 19 <-- 0.013689 s
currentSize : 20 <-- 0.766719 s
currentSize : 21 <-- 25.885429 s

maxsize : 21
nodes : 31958234.000000
filtered : 251690572.000000
time : 134.119766
