Parameters: GAD=1 vflib=1 dir=1 label=1 lowerbound=1 fileNameGp=../../cp2016-max-common-connected-subgraph-paper/datasets/graphsdb/mcs30/m3D/m3Dr6/mcs30_m3Dr6_s80.A04 fileNameGt=../../cp2016-max-common-connected-subgraph-paper/datasets/graphsdb/mcs30/m3D/m3Dr6/mcs30_m3Dr6_s80.B04
Reading graphs...
80 : 232
80 : 228
Initializing...
maxdom : 9
D->valSize : 458
Solving...
Blb : 2 (clique : 25)
currentSize : 25 <-- 0.007118 s
currentSize : 26 <-- 0.009355 s
currentSize : 27 <-- 0.011624 s
currentSize : 28 <-- 0.140670 s
currentSize : 29 <-- 3.417261 s
currentSize : 30 <-- 56.038479 s

TIMEOUT
maxsize : 30
nodes : 203071137.000000
filtered : 1642568867.000000
time : 1000.000000
