Parameters: GAD=1 vflib=1 dir=1 label=1 lowerbound=1 fileNameGp=../../cp2016-max-common-connected-subgraph-paper/datasets/graphsdb/mcs30/m4D/m4Dr6/mcs30_m4Dr6_s80.A03 fileNameGt=../../cp2016-max-common-connected-subgraph-paper/datasets/graphsdb/mcs30/m4D/m4Dr6/mcs30_m4Dr6_s80.B03
Reading graphs...
80 : 178
80 : 176
Initializing...
maxdom : 8
D->valSize : 447
Solving...
Blb : 2 (clique : 28)
currentSize : 28 <-- 0.004599 s
currentSize : 29 <-- 0.004855 s
currentSize : 30 <-- 0.010579 s
currentSize : 31 <-- 0.652511 s
currentSize : 32 <-- 18.584677 s
currentSize : 33 <-- 39.643124 s
currentSize : 34 <-- 553.409790 s

TIMEOUT
maxsize : 34
nodes : 232292286.000000
filtered : 1520501134.000000
time : 1000.000000
