Parameters: GAD=1 vflib=1 dir=1 label=1 lowerbound=1 fileNameGp=../../cp2016-max-common-connected-subgraph-paper/datasets/graphsdb/mcs30/bvg/b09m/mcs30_b09m_s90.A05 fileNameGt=../../cp2016-max-common-connected-subgraph-paper/datasets/graphsdb/mcs30/bvg/b09m/mcs30_b09m_s90.B05
Reading graphs...
90 : 405
90 : 405
Initializing...
maxdom : 10
D->valSize : 541
Solving...
Blb : 3 (clique : 23)
currentSize : 23 <-- 0.006047 s
currentSize : 24 <-- 0.021443 s
currentSize : 26 <-- 33.365772 s
currentSize : 27 <-- 33.365795 s
currentSize : 28 <-- 33.376900 s
currentSize : 29 <-- 83.749893 s
currentSize : 30 <-- 83.771774 s
currentSize : 31 <-- 85.955597 s
currentSize : 32 <-- 86.274139 s
currentSize : 33 <-- 87.738541 s

TIMEOUT
maxsize : 33
nodes : 153610517.000000
filtered : 2742226877.000000
time : 1000.000000
