Parameters: GAD=1 vflib=1 dir=1 label=1 lowerbound=1 fileNameGp=../../cp2016-max-common-connected-subgraph-paper/datasets/graphsdb/mcs30/bvg/b06/mcs30_b06_s50.A08 fileNameGt=../../cp2016-max-common-connected-subgraph-paper/datasets/graphsdb/mcs30/bvg/b06/mcs30_b06_s50.B08
Reading graphs...
50 : 150
50 : 150
Initializing...
maxdom : 8
D->valSize : 300
Solving...
Blb : 2 (clique : 14)
currentSize : 14 <-- 0.003188 s
currentSize : 15 <-- 0.004012 s
currentSize : 16 <-- 0.027550 s
currentSize : 17 <-- 0.347661 s
currentSize : 18 <-- 1.980238 s
currentSize : 19 <-- 65.562645 s
currentSize : 20 <-- 102.885841 s

maxsize : 20
nodes : 37864493.000000
filtered : 422594227.000000
time : 149.754059
