Parameters: GAD=1 vflib=1 dir=1 label=1 lowerbound=1 fileNameGp=../../cp2016-max-common-connected-subgraph-paper/datasets/graphsdb/mcs30/bvg/b06/mcs30_b06_s70.A03 fileNameGt=../../cp2016-max-common-connected-subgraph-paper/datasets/graphsdb/mcs30/bvg/b06/mcs30_b06_s70.B03
Reading graphs...
70 : 210
70 : 210
Initializing...
maxdom : 7
D->valSize : 329
Solving...
Blb : 3 (clique : 19)
currentSize : 19 <-- 0.004182 s
currentSize : 20 <-- 0.045488 s
currentSize : 21 <-- 7.099149 s
currentSize : 22 <-- 7.099987 s
currentSize : 23 <-- 8.928186 s
currentSize : 24 <-- 50.439255 s
currentSize : 25 <-- 56.029423 s
currentSize : 26 <-- 56.033180 s
currentSize : 27 <-- 56.034775 s
currentSize : 28 <-- 102.546249 s
currentSize : 29 <-- 104.521408 s
currentSize : 30 <-- 281.138245 s

maxsize : 30
nodes : 59003975.000000
filtered : 669567162.000000
time : 302.350616
