Parameters: GAD=1 vflib=1 dir=1 label=1 lowerbound=1 fileNameGp=../../cp2016-max-common-connected-subgraph-paper/datasets/graphsdb/mcs30/bvg/b09/mcs30_b09_s70.A09 fileNameGt=../../cp2016-max-common-connected-subgraph-paper/datasets/graphsdb/mcs30/bvg/b09/mcs30_b09_s70.B09
Reading graphs...
70 : 315
70 : 315
Initializing...
maxdom : 8
D->valSize : 324
Solving...
Blb : 2 (clique : 15)
currentSize : 15 <-- 0.002453 s
currentSize : 16 <-- 0.005932 s
currentSize : 17 <-- 0.020279 s
currentSize : 18 <-- 0.069308 s
currentSize : 19 <-- 0.683778 s
currentSize : 20 <-- 0.731821 s
currentSize : 21 <-- 1.678005 s
currentSize : 22 <-- 2.839039 s
currentSize : 23 <-- 2.953780 s
currentSize : 24 <-- 5.641986 s
currentSize : 25 <-- 20.041800 s

maxsize : 25
nodes : 12997797.000000
filtered : 171014691.000000
time : 66.176178
