Parameters: GAD=1 vflib=1 dir=1 label=1 lowerbound=1 fileNameGp=../../cp2016-max-common-connected-subgraph-paper/datasets/graphsdb/mcs30/rand/r005/mcs30_r005_s80.A02 fileNameGt=../../cp2016-max-common-connected-subgraph-paper/datasets/graphsdb/mcs30/rand/r005/mcs30_r005_s80.B02
Reading graphs...
80 : 315
80 : 315
Initializing...
maxdom : 11
D->valSize : 443
Solving...
Blb : 2 (clique : 19)
currentSize : 19 <-- 0.005225 s
currentSize : 20 <-- 0.008231 s
currentSize : 21 <-- 0.143409 s
currentSize : 22 <-- 0.308164 s
currentSize : 23 <-- 0.699804 s
currentSize : 24 <-- 679.415405 s

TIMEOUT
maxsize : 24
nodes : 214358560.000000
filtered : 1699521854.000000
time : 1000.000000
