Parameters: GAD=1 vflib=1 dir=1 label=1 lowerbound=1 fileNameGp=../../cp2016-max-common-connected-subgraph-paper/datasets/graphsdb/mcs30/m2D/m2D/mcs30_m2D_s50.A03 fileNameGt=../../cp2016-max-common-connected-subgraph-paper/datasets/graphsdb/mcs30/m2D/m2D/mcs30_m2D_s50.B03
Reading graphs...
50 : 85
50 : 85
Initializing...
maxdom : 10
D->valSize : 324
Solving...
Blb : 2 (clique : 19)
currentSize : 19 <-- 0.002590 s
currentSize : 20 <-- 0.014849 s
currentSize : 21 <-- 0.188594 s
currentSize : 22 <-- 21.804302 s
currentSize : 23 <-- 25.158596 s
currentSize : 24 <-- 187.911606 s
currentSize : 25 <-- 236.817154 s

maxsize : 25
nodes : 143709946.000000
filtered : 1684261832.000000
time : 562.330078
