Parameters: GAD=1 vflib=1 dir=1 label=1 lowerbound=1 fileNameGp=../../cp2016-max-common-connected-subgraph-paper/datasets/graphsdb/mcs30/bvg/b06m/mcs30_b06m_s100.A06 fileNameGt=../../cp2016-max-common-connected-subgraph-paper/datasets/graphsdb/mcs30/bvg/b06m/mcs30_b06m_s100.B06
Reading graphs...
100 : 300
100 : 300
Initializing...
maxdom : 7
D->valSize : 337
Solving...
Blb : 2 (clique : 26)
currentSize : 26 <-- 0.003293 s
currentSize : 30 <-- 0.003500 s
currentSize : 31 <-- 0.005543 s
currentSize : 32 <-- 0.029735 s
currentSize : 33 <-- 0.098740 s
currentSize : 34 <-- 0.266705 s
currentSize : 35 <-- 0.299765 s

TIMEOUT
maxsize : 35
nodes : 193323768.000000
filtered : 1002242251.000000
time : 1000.000000
