Parameters: GAD=1 vflib=1 dir=1 label=1 lowerbound=1 fileNameGp=../../cp2016-max-common-connected-subgraph-paper/datasets/graphsdb/mcs30/rand/r02/mcs30_r02_s100.A06 fileNameGt=../../cp2016-max-common-connected-subgraph-paper/datasets/graphsdb/mcs30/rand/r02/mcs30_r02_s100.B06
Reading graphs...
100 : 1979
100 : 1979
Initializing...
maxdom : 7
D->valSize : 349
Solving...
Blb : 2 (clique : 8)
currentSize : 8 <-- 0.003202 s
currentSize : 9 <-- 0.003514 s
currentSize : 10 <-- 0.004209 s
currentSize : 11 <-- 0.005164 s
currentSize : 12 <-- 0.009723 s
currentSize : 18 <-- 0.013710 s
currentSize : 30 <-- 0.017706 s

maxsize : 30
nodes : 24956.000000
filtered : 456908.000000
time : 0.176646
