Parameters: GAD=1 vflib=1 dir=1 label=1 lowerbound=1 fileNameGp=../../cp2016-max-common-connected-subgraph-paper/datasets/graphsdb/mcs30/m4D/m4Dr4/mcs30_m4Dr4_s60.A08 fileNameGt=../../cp2016-max-common-connected-subgraph-paper/datasets/graphsdb/mcs30/m4D/m4Dr4/mcs30_m4Dr4_s60.B08
Reading graphs...
60 : 126
60 : 125
Initializing...
maxdom : 8
D->valSize : 261
Solving...
Blb : 3 (clique : 19)
currentSize : 19 <-- 0.001839 s
currentSize : 20 <-- 0.001980 s
currentSize : 21 <-- 0.005598 s
currentSize : 22 <-- 1.416267 s
currentSize : 23 <-- 5.867532 s
currentSize : 24 <-- 16.285460 s
currentSize : 25 <-- 75.921844 s
currentSize : 26 <-- 76.707375 s

maxsize : 26
nodes : 26619615.000000
filtered : 254425541.000000
time : 113.997330
