Parameters: GAD=1 vflib=1 dir=1 label=1 lowerbound=1 fileNameGp=../../cp2016-max-common-connected-subgraph-paper/datasets/graphsdb/mcs30/bvg/b06/mcs30_b06_s90.A08 fileNameGt=../../cp2016-max-common-connected-subgraph-paper/datasets/graphsdb/mcs30/bvg/b06/mcs30_b06_s90.B08
Reading graphs...
90 : 270
90 : 270
Initializing...
maxdom : 10
D->valSize : 579
Solving...
Blb : 2 (clique : 25)
currentSize : 25 <-- 0.011723 s
currentSize : 26 <-- 0.115231 s
currentSize : 27 <-- 0.647890 s
currentSize : 28 <-- 10.009889 s
currentSize : 29 <-- 17.170790 s
currentSize : 30 <-- 141.778976 s
currentSize : 31 <-- 186.926346 s
currentSize : 32 <-- 277.955719 s

TIMEOUT
maxsize : 32
nodes : 189005270.000000
filtered : 2405251482.000000
time : 1000.000000
