Parameters: GAD=1 vflib=1 dir=1 label=1 lowerbound=1 fileNameGp=../../cp2016-max-common-connected-subgraph-paper/datasets/graphsdb/mcs30/bvg/b03/mcs30_b03_s50.A01 fileNameGt=../../cp2016-max-common-connected-subgraph-paper/datasets/graphsdb/mcs30/bvg/b03/mcs30_b03_s50.B01
Reading graphs...
50 : 75
50 : 75
Initializing...
maxdom : 7
D->valSize : 324
Solving...
Blb : 2 (clique : 20)
currentSize : 20 <-- 0.002457 s
currentSize : 21 <-- 0.004662 s
currentSize : 22 <-- 0.012289 s
currentSize : 23 <-- 0.015721 s
currentSize : 24 <-- 0.015993 s
currentSize : 25 <-- 527.234558 s

TIMEOUT
maxsize : 25
nodes : 274690035.000000
filtered : 2635858420.000000
time : 1000.000000
