Parameters: GAD=1 vflib=1 dir=1 label=1 lowerbound=1 fileNameGp=../../cp2016-max-common-connected-subgraph-paper/datasets/graphsdb/mcs30/m2D/m2Dr4/mcs30_m2Dr4_s70.A07 fileNameGt=../../cp2016-max-common-connected-subgraph-paper/datasets/graphsdb/mcs30/m2D/m2Dr4/mcs30_m2Dr4_s70.B07
Reading graphs...
70 : 151
70 : 151
Initializing...
maxdom : 9
D->valSize : 319
Solving...
Blb : 2 (clique : 24)
currentSize : 24 <-- 0.004069 s
currentSize : 25 <-- 0.004295 s
currentSize : 26 <-- 0.006212 s
currentSize : 27 <-- 0.028034 s
currentSize : 28 <-- 12.827183 s
currentSize : 29 <-- 20.355717 s
currentSize : 30 <-- 31.789185 s
currentSize : 31 <-- 53.738991 s
currentSize : 32 <-- 53.751045 s

TIMEOUT
maxsize : 32
nodes : 205989651.000000
filtered : 1783933058.000000
time : 1000.000000
