Parameters: GAD=1 vflib=1 dir=1 label=1 lowerbound=1 fileNameGp=../../cp2016-max-common-connected-subgraph-paper/datasets/graphsdb/mcs30/bvg/b03/mcs30_b03_s80.A04 fileNameGt=../../cp2016-max-common-connected-subgraph-paper/datasets/graphsdb/mcs30/bvg/b03/mcs30_b03_s80.B04
Reading graphs...
80 : 120
80 : 120
Initializing...
maxdom : 11
D->valSize : 444
Solving...
Blb : 5 (clique : 29)
currentSize : 29 <-- 0.006999 s
currentSize : 30 <-- 0.007346 s
currentSize : 31 <-- 0.051955 s
currentSize : 32 <-- 0.052602 s
currentSize : 33 <-- 0.054764 s
currentSize : 34 <-- 26.504000 s

TIMEOUT
maxsize : 34
nodes : 218978798.000000
filtered : 1842397259.000000
time : 1000.000061
