Parameters: GAD=1 vflib=1 dir=1 label=1 lowerbound=1 fileNameGp=../../cp2016-max-common-connected-subgraph-paper/datasets/graphsdb/mcs30/rand/r005/mcs30_r005_s100.A08 fileNameGt=../../cp2016-max-common-connected-subgraph-paper/datasets/graphsdb/mcs30/rand/r005/mcs30_r005_s100.B08
Reading graphs...
100 : 494
100 : 494
Initializing...
maxdom : 8
D->valSize : 358
Solving...
Blb : 2 (clique : 21)
currentSize : 21 <-- 0.003577 s
currentSize : 22 <-- 0.004513 s
currentSize : 23 <-- 0.012585 s
currentSize : 24 <-- 0.037435 s
currentSize : 25 <-- 9.329965 s
currentSize : 26 <-- 9.999978 s
currentSize : 27 <-- 54.486771 s

TIMEOUT
maxsize : 27
nodes : 187613935.000000
filtered : 1175425329.000000
time : 1000.000000
