Parameters: GAD=1 vflib=1 dir=1 label=1 lowerbound=1 fileNameGp=../../cp2016-max-common-connected-subgraph-paper/datasets/graphsdb/mcs30/rand/r005/mcs30_r005_s60.A07 fileNameGt=../../cp2016-max-common-connected-subgraph-paper/datasets/graphsdb/mcs30/rand/r005/mcs30_r005_s60.B07
Reading graphs...
60 : 179
60 : 179
Initializing...
maxdom : 7
D->valSize : 259
Solving...
Blb : 2 (clique : 14)
currentSize : 14 <-- 0.001991 s
currentSize : 15 <-- 0.002074 s
currentSize : 16 <-- 0.003049 s
currentSize : 17 <-- 0.004162 s
currentSize : 18 <-- 0.007496 s
currentSize : 19 <-- 0.213767 s
currentSize : 20 <-- 3.104570 s
currentSize : 21 <-- 101.129410 s
currentSize : 22 <-- 127.172188 s

maxsize : 22
nodes : 50849803.000000
filtered : 430027364.000000
time : 199.840591
