Parameters: GAD=1 vflib=1 dir=1 label=1 lowerbound=1 fileNameGp=../../cp2016-max-common-connected-subgraph-paper/datasets/graphsdb/mcs30/m2D/m2Dr4/mcs30_m2Dr4_s50.A08 fileNameGt=../../cp2016-max-common-connected-subgraph-paper/datasets/graphsdb/mcs30/m2D/m2Dr4/mcs30_m2Dr4_s50.B08
Reading graphs...
50 : 105
50 : 105
Initializing...
maxdom : 9
D->valSize : 333
Solving...
Blb : 2 (clique : 19)
currentSize : 19 <-- 0.002385 s
currentSize : 20 <-- 0.358444 s
currentSize : 21 <-- 2.653707 s
currentSize : 22 <-- 46.740211 s
currentSize : 23 <-- 113.392586 s
currentSize : 24 <-- 205.363754 s
currentSize : 25 <-- 205.437927 s

maxsize : 25
nodes : 57013919.000000
filtered : 653331952.000000
time : 226.081635
