Parameters: GAD=1 vflib=1 dir=1 label=1 lowerbound=1 fileNameGp=../../cp2016-max-common-connected-subgraph-paper/datasets/graphsdb/mcs30/bvg/b09m/mcs30_b09m_s70.A02 fileNameGt=../../cp2016-max-common-connected-subgraph-paper/datasets/graphsdb/mcs30/bvg/b09m/mcs30_b09m_s70.B02
Reading graphs...
70 : 315
70 : 315
Initializing...
maxdom : 9
D->valSize : 332
Solving...
Blb : 2 (clique : 14)
currentSize : 14 <-- 0.003867 s
currentSize : 15 <-- 0.004064 s
currentSize : 16 <-- 0.006729 s
currentSize : 17 <-- 0.044218 s
currentSize : 18 <-- 1.082935 s
currentSize : 19 <-- 1.115868 s
currentSize : 20 <-- 7.164720 s
currentSize : 21 <-- 9.643354 s
currentSize : 22 <-- 9.647787 s
currentSize : 23 <-- 10.018613 s
currentSize : 24 <-- 30.509892 s

maxsize : 24
nodes : 22037687.000000
filtered : 197639857.000000
time : 105.417366
