Parameters: GAD=1 vflib=1 dir=1 label=1 lowerbound=1 fileNameGp=../../cp2016-max-common-connected-subgraph-paper/datasets/graphsdb/mcs30/m3D/m3Dr4/mcs30_m3Dr4_s100.A08 fileNameGt=../../cp2016-max-common-connected-subgraph-paper/datasets/graphsdb/mcs30/m3D/m3Dr4/mcs30_m3Dr4_s100.B08
Reading graphs...
100 : 275
100 : 274
Initializing...
maxdom : 7
D->valSize : 338
Solving...
Blb : 2 (clique : 27)
currentSize : 27 <-- 0.003461 s
currentSize : 28 <-- 0.021973 s
currentSize : 29 <-- 0.100745 s
currentSize : 30 <-- 0.326138 s
currentSize : 31 <-- 2.184123 s
currentSize : 32 <-- 47.370865 s
currentSize : 33 <-- 134.726135 s
currentSize : 34 <-- 670.101135 s

TIMEOUT
maxsize : 34
nodes : 201897894.000000
filtered : 978701025.000000
time : 1000.000000
