Parameters: GAD=1 vflib=1 dir=1 label=1 lowerbound=1 fileNameGp=../../cp2016-max-common-connected-subgraph-paper/datasets/graphsdb/mcs30/rand/r005/mcs30_r005_s40.A03 fileNameGt=../../cp2016-max-common-connected-subgraph-paper/datasets/graphsdb/mcs30/rand/r005/mcs30_r005_s40.B03
Reading graphs...
40 : 83
40 : 83
Initializing...
maxdom : 7
D->valSize : 207
Solving...
Blb : 2 (clique : 14)
currentSize : 14 <-- 0.001269 s
currentSize : 15 <-- 0.001459 s
currentSize : 16 <-- 0.002411 s
currentSize : 17 <-- 0.007962 s
currentSize : 18 <-- 0.025225 s
currentSize : 19 <-- 2.484339 s

maxsize : 19
nodes : 1309927.000000
filtered : 12147562.000000
time : 4.263638
