Parameters: GAD=1 vflib=1 dir=1 label=1 lowerbound=1 fileNameGp=../../cp2016-max-common-connected-subgraph-paper/datasets/graphsdb/mcs30/m4D/m4Dr2/mcs30_m4Dr2_s60.A05 fileNameGt=../../cp2016-max-common-connected-subgraph-paper/datasets/graphsdb/mcs30/m4D/m4Dr2/mcs30_m4Dr2_s60.B05
Reading graphs...
60 : 114
60 : 113
Initializing...
maxdom : 6
D->valSize : 230
Solving...
Blb : 2 (clique : 21)
currentSize : 21 <-- 0.002429 s
currentSize : 22 <-- 19.840685 s
currentSize : 23 <-- 51.322830 s
currentSize : 24 <-- 128.797867 s
currentSize : 25 <-- 318.967072 s
currentSize : 26 <-- 330.447723 s

TIMEOUT
maxsize : 26
nodes : 280949205.000000
filtered : 1511382275.000000
time : 1000.000000
