Parameters: GAD=1 vflib=1 dir=1 label=1 lowerbound=1 fileNameGp=../../cp2016-max-common-connected-subgraph-paper/datasets/graphsdb/mcs30/m4D/m4Dr6/mcs30_m4Dr6_s50.A09 fileNameGt=../../cp2016-max-common-connected-subgraph-paper/datasets/graphsdb/mcs30/m4D/m4Dr6/mcs30_m4Dr6_s50.B09
Reading graphs...
50 : 117
50 : 116
Initializing...
maxdom : 11
D->valSize : 314
Solving...
Blb : 2 (clique : 17)
currentSize : 17 <-- 0.003309 s
currentSize : 18 <-- 0.003445 s
currentSize : 19 <-- 0.003786 s
currentSize : 20 <-- 2.697330 s
currentSize : 21 <-- 30.445608 s
currentSize : 22 <-- 59.445374 s
currentSize : 23 <-- 161.107590 s

maxsize : 23
nodes : 53718826.000000
filtered : 752630705.000000
time : 242.419128
