Parameters: GAD=1 vflib=1 dir=1 label=1 lowerbound=1 fileNameGp=../../cp2016-max-common-connected-subgraph-paper/datasets/graphsdb/mcs30/bvg/b03/mcs30_b03_s90.A09 fileNameGt=../../cp2016-max-common-connected-subgraph-paper/datasets/graphsdb/mcs30/bvg/b03/mcs30_b03_s90.B09
Reading graphs...
90 : 135
90 : 135
Initializing...
maxdom : 11
D->valSize : 520
Solving...
Blb : 2 (clique : 36)
currentSize : 36 <-- 0.006134 s
currentSize : 37 <-- 0.006414 s
currentSize : 38 <-- 0.006672 s
currentSize : 39 <-- 0.094466 s
currentSize : 40 <-- 17.306168 s
currentSize : 41 <-- 17.331772 s
currentSize : 42 <-- 238.703995 s

TIMEOUT
maxsize : 42
nodes : 229837971.000000
filtered : 1179278107.000000
time : 1000.000061
