Parameters: GAD=1 vflib=1 dir=1 label=1 lowerbound=1 fileNameGp=../../cp2016-max-common-connected-subgraph-paper/datasets/graphsdb/mcs30/rand/r01/mcs30_r01_s90.A05 fileNameGt=../../cp2016-max-common-connected-subgraph-paper/datasets/graphsdb/mcs30/rand/r01/mcs30_r01_s90.B05
Reading graphs...
90 : 800
90 : 800
Initializing...
maxdom : 12
D->valSize : 496
Solving...
Blb : 2 (clique : 12)
currentSize : 12 <-- 0.005043 s
currentSize : 13 <-- 0.005187 s
currentSize : 14 <-- 0.005366 s
currentSize : 15 <-- 0.104009 s
currentSize : 17 <-- 0.496360 s
currentSize : 18 <-- 0.585507 s
currentSize : 19 <-- 0.586726 s
currentSize : 20 <-- 13.359239 s
currentSize : 21 <-- 16.202934 s
currentSize : 22 <-- 16.205938 s
currentSize : 24 <-- 16.205984 s
currentSize : 25 <-- 16.206018 s
currentSize : 26 <-- 16.206774 s
currentSize : 27 <-- 16.206816 s

maxsize : 27
nodes : 5076014.000000
filtered : 89876667.000000
time : 31.339952
