Parameters: GAD=1 vflib=1 dir=1 label=1 lowerbound=1 fileNameGp=../../cp2016-max-common-connected-subgraph-paper/datasets/graphsdb/mcs30/bvg/b09/mcs30_b09_s80.A03 fileNameGt=../../cp2016-max-common-connected-subgraph-paper/datasets/graphsdb/mcs30/bvg/b09/mcs30_b09_s80.B03
Reading graphs...
80 : 360
80 : 360
Initializing...
maxdom : 9
D->valSize : 412
Solving...
Blb : 2 (clique : 17)
currentSize : 17 <-- 0.005670 s
currentSize : 18 <-- 0.005899 s
currentSize : 19 <-- 0.007432 s
currentSize : 20 <-- 0.031437 s
currentSize : 21 <-- 0.185600 s
currentSize : 22 <-- 1.775113 s
currentSize : 23 <-- 8.520029 s
currentSize : 24 <-- 70.077240 s
currentSize : 25 <-- 234.804489 s

TIMEOUT
maxsize : 25
nodes : 183386552.000000
filtered : 2723450983.000000
time : 1000.000000
