Parameters: GAD=1 vflib=1 dir=1 label=1 lowerbound=1 fileNameGp=../../cp2016-max-common-connected-subgraph-paper/datasets/graphsdb/mcs30/rand/r01/mcs30_r01_s90.A08 fileNameGt=../../cp2016-max-common-connected-subgraph-paper/datasets/graphsdb/mcs30/rand/r01/mcs30_r01_s90.B08
Reading graphs...
90 : 800
90 : 800
Initializing...
maxdom : 8
D->valSize : 512
Solving...
Blb : 2 (clique : 13)
currentSize : 13 <-- 0.005285 s
currentSize : 14 <-- 0.005435 s
currentSize : 15 <-- 0.006065 s
currentSize : 16 <-- 0.323194 s
currentSize : 17 <-- 1.902378 s
currentSize : 18 <-- 5.525319 s
currentSize : 20 <-- 35.009686 s
currentSize : 22 <-- 66.200859 s
currentSize : 23 <-- 179.622498 s
currentSize : 24 <-- 179.623459 s
currentSize : 26 <-- 218.244400 s
currentSize : 27 <-- 218.247101 s

maxsize : 27
nodes : 45390185.000000
filtered : 733677126.000000
time : 276.398499
