Parameters: GAD=1 vflib=1 dir=1 label=1 lowerbound=1 fileNameGp=../../cp2016-max-common-connected-subgraph-paper/datasets/graphsdb/mcs30/m3D/m3Dr4/mcs30_m3Dr4_s100.A04 fileNameGt=../../cp2016-max-common-connected-subgraph-paper/datasets/graphsdb/mcs30/m3D/m3Dr4/mcs30_m3Dr4_s100.B04
Reading graphs...
100 : 275
100 : 274
Initializing...
maxdom : 7
D->valSize : 329
Solving...
Blb : 2 (clique : 26)
currentSize : 26 <-- 0.003325 s
currentSize : 27 <-- 0.127947 s
currentSize : 28 <-- 2.892194 s
currentSize : 29 <-- 5.049582 s
currentSize : 30 <-- 21.561174 s
currentSize : 31 <-- 204.105865 s
currentSize : 32 <-- 235.322815 s
currentSize : 33 <-- 682.492920 s

TIMEOUT
maxsize : 33
nodes : 215895045.000000
filtered : 752048614.000000
time : 1000.000000
