Parameters: GAD=1 vflib=1 dir=1 label=1 lowerbound=1 fileNameGp=../../cp2016-max-common-connected-subgraph-paper/datasets/graphsdb/mcs30/bvg/b06/mcs30_b06_s50.A04 fileNameGt=../../cp2016-max-common-connected-subgraph-paper/datasets/graphsdb/mcs30/bvg/b06/mcs30_b06_s50.B04
Reading graphs...
50 : 150
50 : 150
Initializing...
maxdom : 9
D->valSize : 320
Solving...
Blb : 2 (clique : 14)
currentSize : 14 <-- 0.003349 s
currentSize : 16 <-- 0.003497 s
currentSize : 17 <-- 0.155765 s
currentSize : 18 <-- 1.600104 s
currentSize : 19 <-- 28.977415 s

maxsize : 19
nodes : 37009249.000000
filtered : 493460918.000000
time : 150.396881
