Parameters: GAD=1 vflib=1 dir=1 label=1 lowerbound=1 fileNameGp=../../cp2016-max-common-connected-subgraph-paper/datasets/graphsdb/mcs30/bvg/b06m/mcs30_b06m_s50.A06 fileNameGt=../../cp2016-max-common-connected-subgraph-paper/datasets/graphsdb/mcs30/bvg/b06m/mcs30_b06m_s50.B06
Reading graphs...
50 : 150
50 : 150
Initializing...
maxdom : 10
D->valSize : 344
Solving...
Blb : 2 (clique : 16)
currentSize : 16 <-- 0.003742 s
currentSize : 17 <-- 0.035056 s
currentSize : 18 <-- 0.039921 s
currentSize : 19 <-- 0.059259 s
currentSize : 20 <-- 7.192787 s
currentSize : 21 <-- 29.296892 s
currentSize : 22 <-- 31.169695 s

maxsize : 22
nodes : 15003024.000000
filtered : 301246125.000000
time : 72.401291
