Parameters: GAD=1 vflib=1 dir=1 label=1 lowerbound=1 fileNameGp=../../cp2016-max-common-connected-subgraph-paper/datasets/graphsdb/mcs30/m2D/m2Dr6/mcs30_m2Dr6_s60.A09 fileNameGt=../../cp2016-max-common-connected-subgraph-paper/datasets/graphsdb/mcs30/m2D/m2Dr6/mcs30_m2Dr6_s60.B09
Reading graphs...
60 : 140
60 : 139
Initializing...
maxdom : 7
D->valSize : 224
Solving...
Blb : 2 (clique : 17)
currentSize : 17 <-- 0.001991 s
currentSize : 18 <-- 0.002096 s
currentSize : 19 <-- 0.002331 s
currentSize : 20 <-- 0.005872 s
currentSize : 21 <-- 0.017105 s
currentSize : 22 <-- 0.168910 s
currentSize : 23 <-- 0.514937 s

maxsize : 23
nodes : 176482392.000000
filtered : 1085148936.000000
time : 612.966370
