Parameters: GAD=1 vflib=1 dir=1 label=1 lowerbound=1 fileNameGp=../../cp2016-max-common-connected-subgraph-paper/datasets/graphsdb/mcs30/m2D/m2D/mcs30_m2D_s80.A04 fileNameGt=../../cp2016-max-common-connected-subgraph-paper/datasets/graphsdb/mcs30/m2D/m2D/mcs30_m2D_s80.B04
Reading graphs...
80 : 142
80 : 142
Initializing...
maxdom : 7
D->valSize : 423
Solving...
Blb : 2 (clique : 29)
currentSize : 29 <-- 0.004318 s
currentSize : 30 <-- 0.012264 s
currentSize : 31 <-- 0.074473 s
currentSize : 32 <-- 0.168698 s
currentSize : 33 <-- 17.754305 s
currentSize : 34 <-- 17.759756 s

TIMEOUT
maxsize : 34
nodes : 258401726.000000
filtered : 1333894854.000000
time : 1000.000000
