Parameters: GAD=1 vflib=1 dir=1 label=1 lowerbound=1 fileNameGp=../../cp2016-max-common-connected-subgraph-paper/datasets/graphsdb/mcs30/rand/r005/mcs30_r005_s60.A08 fileNameGt=../../cp2016-max-common-connected-subgraph-paper/datasets/graphsdb/mcs30/rand/r005/mcs30_r005_s60.B08
Reading graphs...
60 : 179
60 : 179
Initializing...
maxdom : 7
D->valSize : 228
Solving...
Blb : 2 (clique : 18)
currentSize : 18 <-- 0.002419 s
currentSize : 19 <-- 0.002619 s
currentSize : 20 <-- 0.230788 s
currentSize : 21 <-- 10.674744 s
currentSize : 22 <-- 20.723963 s

maxsize : 22
nodes : 13109548.000000
filtered : 90560405.000000
time : 52.929535
