Parameters: GAD=1 vflib=1 dir=1 label=1 lowerbound=1 fileNameGp=../../cp2016-max-common-connected-subgraph-paper/datasets/graphsdb/mcs30/bvg/b09m/mcs30_b09m_s100.A07 fileNameGt=../../cp2016-max-common-connected-subgraph-paper/datasets/graphsdb/mcs30/bvg/b09m/mcs30_b09m_s100.B07
Reading graphs...
100 : 450
100 : 450
Initializing...
maxdom : 7
D->valSize : 362
Solving...
Blb : 3 (clique : 28)
currentSize : 28 <-- 0.005425 s
currentSize : 29 <-- 0.355225 s
currentSize : 30 <-- 8.129545 s
currentSize : 31 <-- 15.090224 s
currentSize : 32 <-- 15.107154 s
currentSize : 33 <-- 205.155731 s
currentSize : 34 <-- 587.695923 s

TIMEOUT
maxsize : 34
nodes : 191349477.000000
filtered : 922046799.000000
time : 1000.000000
