Parameters: GAD=1 vflib=1 dir=1 label=1 lowerbound=1 fileNameGp=../../cp2016-max-common-connected-subgraph-paper/datasets/graphsdb/mcs30/m3D/m3Dr6/mcs30_m3Dr6_s80.A02 fileNameGt=../../cp2016-max-common-connected-subgraph-paper/datasets/graphsdb/mcs30/m3D/m3Dr6/mcs30_m3Dr6_s80.B02
Reading graphs...
80 : 232
80 : 231
Initializing...
maxdom : 8
D->valSize : 433
Solving...
Blb : 2 (clique : 23)
currentSize : 23 <-- 0.004380 s
currentSize : 24 <-- 0.004552 s
currentSize : 25 <-- 0.005350 s
currentSize : 26 <-- 0.005447 s
currentSize : 27 <-- 0.280008 s
currentSize : 28 <-- 3.924425 s

TIMEOUT
maxsize : 28
nodes : 187776241.000000
filtered : 1683524536.000000
time : 1000.000000
