Parameters: GAD=1 vflib=1 dir=1 label=1 lowerbound=1 fileNameGp=../../cp2016-max-common-connected-subgraph-paper/datasets/graphsdb/mcs30/bvg/b09m/mcs30_b09m_s80.A08 fileNameGt=../../cp2016-max-common-connected-subgraph-paper/datasets/graphsdb/mcs30/bvg/b09m/mcs30_b09m_s80.B08
Reading graphs...
80 : 360
80 : 360
Initializing...
maxdom : 11
D->valSize : 447
Solving...
Blb : 2 (clique : 19)
currentSize : 19 <-- 0.006935 s
currentSize : 20 <-- 0.007161 s
currentSize : 21 <-- 0.007259 s
currentSize : 22 <-- 0.007809 s
currentSize : 23 <-- 0.015858 s
currentSize : 24 <-- 0.016706 s
currentSize : 25 <-- 0.072417 s
currentSize : 26 <-- 0.108558 s
currentSize : 27 <-- 46.217079 s
currentSize : 28 <-- 55.593426 s

TIMEOUT
maxsize : 28
nodes : 162115213.000000
filtered : 2774363308.000000
time : 1000.000000
