Parameters: GAD=1 vflib=1 dir=1 label=1 lowerbound=1 fileNameGp=../../cp2016-max-common-connected-subgraph-paper/datasets/graphsdb/mcs30/rand/r01/mcs30_r01_s80.A07 fileNameGt=../../cp2016-max-common-connected-subgraph-paper/datasets/graphsdb/mcs30/rand/r01/mcs30_r01_s80.B07
Reading graphs...
80 : 631
80 : 631
Initializing...
maxdom : 11
D->valSize : 473
Solving...
Blb : 2 (clique : 13)
currentSize : 13 <-- 0.006764 s
currentSize : 14 <-- 0.055329 s
currentSize : 15 <-- 0.174555 s
currentSize : 16 <-- 0.475078 s
currentSize : 17 <-- 0.475119 s
currentSize : 18 <-- 1.984739 s
currentSize : 19 <-- 1.985033 s
currentSize : 20 <-- 2.727637 s
currentSize : 21 <-- 4.173488 s
currentSize : 22 <-- 12.621264 s
currentSize : 24 <-- 22.816444 s

maxsize : 24
nodes : 5838294.000000
filtered : 103859937.000000
time : 35.183559
