Parameters: GAD=1 vflib=1 dir=1 label=1 lowerbound=1 fileNameGp=../../cp2016-max-common-connected-subgraph-paper/datasets/graphsdb/mcs30/m4D/m4Dr6/mcs30_m4Dr6_s60.A07 fileNameGt=../../cp2016-max-common-connected-subgraph-paper/datasets/graphsdb/mcs30/m4D/m4Dr6/mcs30_m4Dr6_s60.B07
Reading graphs...
60 : 138
60 : 135
Initializing...
maxdom : 8
D->valSize : 234
Solving...
Blb : 2 (clique : 16)
currentSize : 16 <-- 0.002544 s
currentSize : 17 <-- 0.002782 s
currentSize : 18 <-- 0.003020 s
currentSize : 19 <-- 0.003249 s
currentSize : 20 <-- 0.009158 s
currentSize : 21 <-- 0.177197 s
currentSize : 22 <-- 0.360297 s
currentSize : 23 <-- 26.832129 s
currentSize : 24 <-- 123.060661 s

maxsize : 24
nodes : 63503736.000000
filtered : 593494694.000000
time : 273.813995
