Parameters: GAD=1 vflib=1 dir=1 label=1 lowerbound=1 fileNameGp=../../cp2016-max-common-connected-subgraph-paper/datasets/graphsdb/mcs30/rand/r005/mcs30_r005_s60.A06 fileNameGt=../../cp2016-max-common-connected-subgraph-paper/datasets/graphsdb/mcs30/rand/r005/mcs30_r005_s60.B06
Reading graphs...
60 : 179
60 : 179
Initializing...
maxdom : 6
D->valSize : 223
Solving...
Blb : 2 (clique : 14)
currentSize : 14 <-- 0.002206 s
currentSize : 15 <-- 0.002343 s
currentSize : 16 <-- 0.025087 s
currentSize : 17 <-- 0.058280 s
currentSize : 18 <-- 0.082496 s
currentSize : 19 <-- 1.311740 s
currentSize : 20 <-- 8.993664 s
currentSize : 21 <-- 18.768557 s
currentSize : 22 <-- 18.909920 s

maxsize : 22
nodes : 10667918.000000
filtered : 78088633.000000
time : 42.537498
