Parameters: GAD=1 vflib=1 dir=1 label=1 lowerbound=1 fileNameGp=../../cp2016-max-common-connected-subgraph-paper/datasets/graphsdb/mcs30/m4D/m4Dr6/mcs30_m4Dr6_s60.A04 fileNameGt=../../cp2016-max-common-connected-subgraph-paper/datasets/graphsdb/mcs30/m4D/m4Dr6/mcs30_m4Dr6_s60.B04
Reading graphs...
60 : 138
60 : 137
Initializing...
maxdom : 8
D->valSize : 234
Solving...
Blb : 5 (clique : 19)
currentSize : 19 <-- 0.001694 s
currentSize : 20 <-- 0.008046 s
currentSize : 21 <-- 0.009464 s
currentSize : 22 <-- 0.200055 s
currentSize : 23 <-- 6.005563 s
currentSize : 24 <-- 6.009187 s
currentSize : 25 <-- 29.448515 s

maxsize : 25
nodes : 18313398.000000
filtered : 135496849.000000
time : 72.253937
