Parameters: GAD=1 vflib=1 dir=1 label=1 lowerbound=1 fileNameGp=../../cp2016-max-common-connected-subgraph-paper/datasets/graphsdb/mcs30/rand/r005/mcs30_r005_s100.A00 fileNameGt=../../cp2016-max-common-connected-subgraph-paper/datasets/graphsdb/mcs30/rand/r005/mcs30_r005_s100.B00
Reading graphs...
100 : 494
100 : 494
Initializing...
maxdom : 8
D->valSize : 335
Solving...
Blb : 2 (clique : 20)
currentSize : 20 <-- 0.003236 s
currentSize : 21 <-- 0.004115 s
currentSize : 22 <-- 0.024033 s
currentSize : 23 <-- 0.224940 s
currentSize : 24 <-- 0.253485 s
currentSize : 25 <-- 1.941008 s
currentSize : 26 <-- 2.296917 s
currentSize : 27 <-- 5.794290 s
currentSize : 28 <-- 272.697754 s
currentSize : 29 <-- 276.451263 s
currentSize : 30 <-- 276.483826 s
currentSize : 31 <-- 936.647644 s

TIMEOUT
maxsize : 31
nodes : 174882022.000000
filtered : 1271234206.000000
time : 1000.000000
