Parameters: GAD=1 vflib=1 dir=1 label=1 lowerbound=1 fileNameGp=../../cp2016-max-common-connected-subgraph-paper/datasets/graphsdb/mcs30/m2D/m2Dr2/mcs30_m2Dr2_s70.A03 fileNameGt=../../cp2016-max-common-connected-subgraph-paper/datasets/graphsdb/mcs30/m2D/m2Dr2/mcs30_m2Dr2_s70.B03
Reading graphs...
70 : 137
70 : 136
Initializing...
maxdom : 9
D->valSize : 308
Solving...
Blb : 2 (clique : 25)
currentSize : 25 <-- 0.003295 s
currentSize : 26 <-- 0.003447 s
currentSize : 27 <-- 0.037726 s
currentSize : 28 <-- 20.355021 s
currentSize : 29 <-- 32.334442 s
currentSize : 30 <-- 604.849426 s

TIMEOUT
maxsize : 30
nodes : 253417245.000000
filtered : 1399004271.000000
time : 1000.000000
