Parameters: GAD=1 vflib=1 dir=1 label=1 lowerbound=1 fileNameGp=../../cp2016-max-common-connected-subgraph-paper/datasets/graphsdb/mcs30/m2D/m2Dr4/mcs30_m2Dr4_s60.A01 fileNameGt=../../cp2016-max-common-connected-subgraph-paper/datasets/graphsdb/mcs30/m2D/m2Dr4/mcs30_m2Dr4_s60.B01
Reading graphs...
60 : 128
60 : 128
Initializing...
maxdom : 7
D->valSize : 221
Solving...
Blb : 2 (clique : 19)
currentSize : 19 <-- 0.002364 s
currentSize : 20 <-- 0.002693 s
currentSize : 21 <-- 0.017530 s
currentSize : 22 <-- 0.077884 s
currentSize : 23 <-- 1.830564 s
currentSize : 24 <-- 7.867132 s
currentSize : 25 <-- 7.870114 s

maxsize : 25
nodes : 6067216.000000
filtered : 40260527.000000
time : 24.016945
