Parameters: GAD=1 vflib=1 dir=1 label=1 lowerbound=1 fileNameGp=../../cp2016-max-common-connected-subgraph-paper/datasets/graphsdb/mcs30/rand/r005/mcs30_r005_s60.A00 fileNameGt=../../cp2016-max-common-connected-subgraph-paper/datasets/graphsdb/mcs30/rand/r005/mcs30_r005_s60.B00
Reading graphs...
60 : 179
60 : 179
Initializing...
maxdom : 6
D->valSize : 234
Solving...
Blb : 2 (clique : 16)
currentSize : 16 <-- 0.001656 s
currentSize : 17 <-- 0.002844 s
currentSize : 18 <-- 0.004985 s
currentSize : 19 <-- 0.018068 s
currentSize : 20 <-- 0.018556 s
currentSize : 21 <-- 1.194098 s
currentSize : 22 <-- 3.462708 s

maxsize : 22
nodes : 30579479.000000
filtered : 259787938.000000
time : 130.275482
