Parameters: GAD=1 vflib=1 dir=1 label=1 lowerbound=1 fileNameGp=../../cp2016-max-common-connected-subgraph-paper/datasets/graphsdb/mcs30/bvg/b09m/mcs30_b09m_s60.A08 fileNameGt=../../cp2016-max-common-connected-subgraph-paper/datasets/graphsdb/mcs30/bvg/b09m/mcs30_b09m_s60.B08
Reading graphs...
60 : 270
60 : 270
Initializing...
maxdom : 7
D->valSize : 236
Solving...
Blb : 2 (clique : 14)
currentSize : 14 <-- 0.001572 s
currentSize : 15 <-- 0.001873 s
currentSize : 16 <-- 0.152212 s
currentSize : 17 <-- 0.804676 s
currentSize : 18 <-- 0.804744 s
currentSize : 19 <-- 0.806456 s
currentSize : 20 <-- 0.946145 s
currentSize : 21 <-- 2.201062 s
currentSize : 22 <-- 2.203315 s

maxsize : 22
nodes : 990437.000000
filtered : 6788375.000000
time : 3.833158
