Parameters: GAD=1 vflib=1 dir=1 label=1 lowerbound=1 fileNameGp=../../cp2016-max-common-connected-subgraph-paper/datasets/graphsdb/mcs30/bvg/b06/mcs30_b06_s50.A01 fileNameGt=../../cp2016-max-common-connected-subgraph-paper/datasets/graphsdb/mcs30/bvg/b06/mcs30_b06_s50.B01
Reading graphs...
50 : 150
50 : 150
Initializing...
maxdom : 11
D->valSize : 340
Solving...
Blb : 2 (clique : 17)
currentSize : 17 <-- 0.003739 s
currentSize : 18 <-- 0.003917 s
currentSize : 19 <-- 0.009471 s
currentSize : 20 <-- 0.009869 s
currentSize : 21 <-- 0.276734 s
currentSize : 22 <-- 9.211753 s

maxsize : 22
nodes : 4024739.000000
filtered : 74325218.000000
time : 19.083529
