Parameters: GAD=1 vflib=1 dir=1 label=1 lowerbound=1 fileNameGp=../../cp2016-max-common-connected-subgraph-paper/datasets/graphsdb/mcs30/bvg/b09/mcs30_b09_s100.A01 fileNameGt=../../cp2016-max-common-connected-subgraph-paper/datasets/graphsdb/mcs30/bvg/b09/mcs30_b09_s100.B01
Reading graphs...
100 : 450
100 : 450
Initializing...
maxdom : 7
D->valSize : 334
Solving...
Blb : 3 (clique : 24)
currentSize : 24 <-- 0.004082 s
currentSize : 25 <-- 0.371937 s
currentSize : 26 <-- 4.415925 s
currentSize : 27 <-- 4.498350 s
currentSize : 28 <-- 11.423052 s
currentSize : 29 <-- 19.490801 s
currentSize : 30 <-- 76.252655 s
currentSize : 31 <-- 666.834412 s

TIMEOUT
maxsize : 31
nodes : 187164094.000000
filtered : 1168915418.000000
time : 1000.000000
