Parameters: GAD=1 vflib=1 dir=1 label=1 lowerbound=1 fileNameGp=../../cp2016-max-common-connected-subgraph-paper/datasets/graphsdb/mcs30/m2D/m2D/mcs30_m2D_s60.A08 fileNameGt=../../cp2016-max-common-connected-subgraph-paper/datasets/graphsdb/mcs30/m2D/m2D/mcs30_m2D_s60.B08
Reading graphs...
60 : 104
60 : 104
Initializing...
maxdom : 8
D->valSize : 253
Solving...
Blb : 2 (clique : 21)
currentSize : 21 <-- 0.002699 s
currentSize : 22 <-- 0.002966 s
currentSize : 23 <-- 0.004032 s
currentSize : 24 <-- 1.462906 s
currentSize : 25 <-- 6.016382 s
currentSize : 26 <-- 708.873779 s

TIMEOUT
maxsize : 26
nodes : 304139077.000000
filtered : 1689712733.000000
time : 1000.000000
