Parameters: GAD=1 vflib=1 dir=1 label=1 lowerbound=1 fileNameGp=../../cp2016-max-common-connected-subgraph-paper/datasets/graphsdb/mcs30/m3D/m3Dr4/mcs30_m3Dr4_s90.A05 fileNameGt=../../cp2016-max-common-connected-subgraph-paper/datasets/graphsdb/mcs30/m3D/m3Dr4/mcs30_m3Dr4_s90.B05
Reading graphs...
90 : 245
90 : 245
Initializing...
maxdom : 9
D->valSize : 546
Solving...
Blb : 2 (clique : 25)
currentSize : 25 <-- 0.006260 s
currentSize : 29 <-- 0.006483 s
currentSize : 30 <-- 0.006730 s
currentSize : 31 <-- 0.253395 s
currentSize : 32 <-- 0.687959 s
currentSize : 33 <-- 6.933880 s

TIMEOUT
maxsize : 33
nodes : 194643134.000000
filtered : 1280268583.000000
time : 1000.000000
