Parameters: GAD=1 vflib=1 dir=1 label=1 lowerbound=1 fileNameGp=../../cp2016-max-common-connected-subgraph-paper/datasets/graphsdb/mcs30/m3D/m3Dr6/mcs30_m3Dr6_s80.A06 fileNameGt=../../cp2016-max-common-connected-subgraph-paper/datasets/graphsdb/mcs30/m3D/m3Dr6/mcs30_m3Dr6_s80.B06
Reading graphs...
80 : 232
80 : 231
Initializing...
maxdom : 10
D->valSize : 445
Solving...
Blb : 2 (clique : 26)
currentSize : 26 <-- 0.006816 s
currentSize : 27 <-- 0.007159 s
currentSize : 28 <-- 0.012104 s
currentSize : 29 <-- 0.012158 s
currentSize : 30 <-- 0.842532 s
currentSize : 31 <-- 1.060159 s
currentSize : 32 <-- 116.159760 s

TIMEOUT
maxsize : 32
nodes : 176547255.000000
filtered : 1986817164.000000
time : 1000.000000
