Parameters: GAD=1 vflib=1 dir=1 label=1 lowerbound=1 fileNameGp=../../cp2016-max-common-connected-subgraph-paper/datasets/graphsdb/mcs30/bvg/b03m/mcs30_b03m_s40.A09 fileNameGt=../../cp2016-max-common-connected-subgraph-paper/datasets/graphsdb/mcs30/bvg/b03m/mcs30_b03m_s40.B09
Reading graphs...
40 : 60
40 : 60
Initializing...
maxdom : 10
D->valSize : 221
Solving...
Blb : 2 (clique : 14)
currentSize : 14 <-- 0.001513 s
currentSize : 15 <-- 0.001595 s
currentSize : 16 <-- 0.005866 s
currentSize : 17 <-- 0.009640 s
currentSize : 18 <-- 1.361848 s
currentSize : 19 <-- 1.561569 s

maxsize : 19
nodes : 39780371.000000
filtered : 254587206.000000
time : 114.729393
