Parameters: GAD=1 vflib=1 dir=1 label=1 lowerbound=1 fileNameGp=../../cp2016-max-common-connected-subgraph-paper/datasets/graphsdb/mcs30/rand/r005/mcs30_r005_s60.A05 fileNameGt=../../cp2016-max-common-connected-subgraph-paper/datasets/graphsdb/mcs30/rand/r005/mcs30_r005_s60.B05
Reading graphs...
60 : 179
60 : 179
Initializing...
maxdom : 6
D->valSize : 214
Solving...
Blb : 2 (clique : 17)
currentSize : 17 <-- 0.001557 s
currentSize : 18 <-- 0.001939 s
currentSize : 19 <-- 0.431758 s
currentSize : 20 <-- 0.753851 s
currentSize : 21 <-- 2.317600 s
currentSize : 22 <-- 57.967590 s

maxsize : 22
nodes : 32174317.000000
filtered : 226049861.000000
time : 125.186920
