Parameters: GAD=1 vflib=1 dir=1 label=1 lowerbound=1 fileNameGp=../../cp2016-max-common-connected-subgraph-paper/datasets/graphsdb/mcs30/m2D/m2Dr4/mcs30_m2Dr4_s70.A04 fileNameGt=../../cp2016-max-common-connected-subgraph-paper/datasets/graphsdb/mcs30/m2D/m2Dr4/mcs30_m2Dr4_s70.B04
Reading graphs...
70 : 151
70 : 151
Initializing...
maxdom : 11
D->valSize : 336
Solving...
Blb : 2 (clique : 23)
currentSize : 23 <-- 0.004191 s
currentSize : 26 <-- 0.004345 s
currentSize : 27 <-- 0.004378 s
currentSize : 28 <-- 0.004434 s
currentSize : 29 <-- 0.024692 s
currentSize : 30 <-- 793.521301 s
currentSize : 31 <-- 809.685608 s

TIMEOUT
maxsize : 31
nodes : 250860914.000000
filtered : 1991147848.000000
time : 1000.000000
