Parameters: GAD=1 vflib=1 dir=1 label=1 lowerbound=1 fileNameGp=../../cp2016-max-common-connected-subgraph-paper/datasets/graphsdb/mcs30/m2D/m2Dr4/mcs30_m2Dr4_s50.A05 fileNameGt=../../cp2016-max-common-connected-subgraph-paper/datasets/graphsdb/mcs30/m2D/m2Dr4/mcs30_m2Dr4_s50.B05
Reading graphs...
50 : 104
50 : 104
Initializing...
maxdom : 9
D->valSize : 313
Solving...
Blb : 2 (clique : 19)
currentSize : 19 <-- 0.003362 s
currentSize : 20 <-- 4.626517 s
currentSize : 21 <-- 77.541756 s
currentSize : 22 <-- 93.387665 s
currentSize : 23 <-- 120.591171 s
currentSize : 24 <-- 128.080978 s
currentSize : 25 <-- 128.082245 s

maxsize : 25
nodes : 65191076.000000
filtered : 544671147.000000
time : 219.434479
