Parameters: GAD=1 vflib=1 dir=1 label=1 lowerbound=1 fileNameGp=../../cp2016-max-common-connected-subgraph-paper/datasets/graphsdb/mcs30/m2D/m2Dr2/mcs30_m2Dr2_s100.A07 fileNameGt=../../cp2016-max-common-connected-subgraph-paper/datasets/graphsdb/mcs30/m2D/m2Dr2/mcs30_m2Dr2_s100.B07
Reading graphs...
100 : 200
100 : 200
Initializing...
maxdom : 7
D->valSize : 338
Solving...
Blb : 2 (clique : 30)
currentSize : 30 <-- 0.005623 s
currentSize : 31 <-- 0.006028 s
currentSize : 32 <-- 0.006226 s
currentSize : 33 <-- 0.010475 s
currentSize : 34 <-- 0.964146 s
currentSize : 35 <-- 94.386932 s

TIMEOUT
maxsize : 35
nodes : 247249987.000000
filtered : 647903473.000000
time : 1000.000061
