Parameters: GAD=1 vflib=1 dir=1 label=1 lowerbound=1 fileNameGp=../../cp2016-max-common-connected-subgraph-paper/datasets/graphsdb/mcs30/bvg/b06/mcs30_b06_s50.A09 fileNameGt=../../cp2016-max-common-connected-subgraph-paper/datasets/graphsdb/mcs30/bvg/b06/mcs30_b06_s50.B09
Reading graphs...
50 : 150
50 : 150
Initializing...
maxdom : 11
D->valSize : 321
Solving...
Blb : 2 (clique : 15)
currentSize : 15 <-- 0.002396 s
currentSize : 16 <-- 0.088511 s
currentSize : 17 <-- 0.269308 s
currentSize : 18 <-- 0.286457 s
currentSize : 19 <-- 1.474837 s
currentSize : 20 <-- 2.563657 s
currentSize : 21 <-- 2.565376 s

maxsize : 21
nodes : 1039752.000000
filtered : 15425661.000000
time : 4.906603
