Parameters: GAD=1 vflib=1 dir=1 label=1 lowerbound=1 fileNameGp=../../cp2016-max-common-connected-subgraph-paper/datasets/graphsdb/mcs30/m2D/m2D/mcs30_m2D_s80.A02 fileNameGt=../../cp2016-max-common-connected-subgraph-paper/datasets/graphsdb/mcs30/m2D/m2D/mcs30_m2D_s80.B02
Reading graphs...
80 : 142
80 : 142
Initializing...
maxdom : 11
D->valSize : 456
Solving...
Blb : 3 (clique : 31)
currentSize : 31 <-- 0.004973 s
currentSize : 32 <-- 0.005207 s
currentSize : 34 <-- 0.005364 s
currentSize : 35 <-- 0.010006 s
currentSize : 36 <-- 0.010079 s
currentSize : 37 <-- 0.111372 s

TIMEOUT
maxsize : 37
nodes : 246094690.000000
filtered : 1517608956.000000
time : 1000.000061
