Parameters: GAD=1 vflib=1 dir=1 label=1 lowerbound=1 fileNameGp=../../cp2016-max-common-connected-subgraph-paper/datasets/graphsdb/mcs30/rand/r005/mcs30_r005_s50.A08 fileNameGt=../../cp2016-max-common-connected-subgraph-paper/datasets/graphsdb/mcs30/rand/r005/mcs30_r005_s50.B08
Reading graphs...
50 : 126
50 : 126
Initializing...
maxdom : 9
D->valSize : 331
Solving...
Blb : 2 (clique : 16)
currentSize : 16 <-- 0.003558 s
currentSize : 17 <-- 0.005491 s
currentSize : 18 <-- 0.104018 s
currentSize : 19 <-- 0.211946 s
currentSize : 20 <-- 13.051286 s
currentSize : 21 <-- 13.525513 s

maxsize : 21
nodes : 121264972.000000
filtered : 1335287847.000000
time : 474.781738
