Parameters: GAD=1 vflib=1 dir=1 label=1 lowerbound=1 fileNameGp=../../cp2016-max-common-connected-subgraph-paper/datasets/graphsdb/mcs30/m4D/m4Dr6/mcs30_m4Dr6_s60.A02 fileNameGt=../../cp2016-max-common-connected-subgraph-paper/datasets/graphsdb/mcs30/m4D/m4Dr6/mcs30_m4Dr6_s60.B02
Reading graphs...
60 : 138
60 : 136
Initializing...
maxdom : 7
D->valSize : 224
Solving...
Blb : 2 (clique : 18)
currentSize : 18 <-- 0.001579 s
currentSize : 19 <-- 0.225046 s
currentSize : 20 <-- 6.686977 s
currentSize : 21 <-- 9.222636 s
currentSize : 22 <-- 17.917484 s
currentSize : 23 <-- 43.088970 s
currentSize : 24 <-- 55.098949 s

maxsize : 24
nodes : 20005959.000000
filtered : 142723802.000000
time : 71.488190
