Parameters: GAD=1 vflib=1 dir=1 label=1 lowerbound=1 fileNameGp=../../cp2016-max-common-connected-subgraph-paper/datasets/graphsdb/mcs30/rand/r01/mcs30_r01_s100.A01 fileNameGt=../../cp2016-max-common-connected-subgraph-paper/datasets/graphsdb/mcs30/rand/r01/mcs30_r01_s100.B01
Reading graphs...
100 : 989
100 : 989
Initializing...
maxdom : 7
D->valSize : 327
Solving...
Blb : 2 (clique : 18)
currentSize : 18 <-- 0.002997 s
currentSize : 19 <-- 0.003148 s
currentSize : 20 <-- 0.003540 s
currentSize : 21 <-- 0.005112 s
currentSize : 22 <-- 0.007106 s
currentSize : 23 <-- 0.007167 s
currentSize : 24 <-- 0.014160 s
currentSize : 25 <-- 0.026723 s
currentSize : 26 <-- 0.033165 s
currentSize : 30 <-- 0.035239 s

maxsize : 30
nodes : 449909.000000
filtered : 5597921.000000
time : 2.912522
