Parameters: GAD=1 vflib=1 dir=1 label=1 lowerbound=1 fileNameGp=../../cp2016-max-common-connected-subgraph-paper/datasets/graphsdb/mcs30/bvg/b06/mcs30_b06_s90.A07 fileNameGt=../../cp2016-max-common-connected-subgraph-paper/datasets/graphsdb/mcs30/bvg/b06/mcs30_b06_s90.B07
Reading graphs...
90 : 270
90 : 270
Initializing...
maxdom : 11
D->valSize : 542
Solving...
Blb : 5 (clique : 23)
currentSize : 23 <-- 0.006023 s
currentSize : 24 <-- 0.007033 s
currentSize : 25 <-- 0.106224 s
currentSize : 26 <-- 4.686900 s
currentSize : 27 <-- 45.835087 s
currentSize : 28 <-- 98.052109 s
currentSize : 29 <-- 98.097656 s
currentSize : 31 <-- 403.607544 s

TIMEOUT
maxsize : 31
nodes : 194078258.000000
filtered : 1727395687.000000
time : 1000.000000
