Parameters: GAD=1 vflib=1 dir=1 label=1 lowerbound=1 fileNameGp=../../cp2016-max-common-connected-subgraph-paper/datasets/graphsdb/mcs30/rand/r02/mcs30_r02_s60.A09 fileNameGt=../../cp2016-max-common-connected-subgraph-paper/datasets/graphsdb/mcs30/rand/r02/mcs30_r02_s60.B09
Reading graphs...
60 : 707
60 : 707
Initializing...
maxdom : 7
D->valSize : 251
Solving...
Blb : 2 (clique : 7)
currentSize : 7 <-- 0.001626 s
currentSize : 8 <-- 0.001686 s
currentSize : 9 <-- 0.002937 s
currentSize : 10 <-- 0.003248 s
currentSize : 11 <-- 0.007549 s
currentSize : 12 <-- 0.013087 s
currentSize : 13 <-- 0.018478 s
currentSize : 14 <-- 0.018685 s
currentSize : 17 <-- 0.019689 s
currentSize : 18 <-- 0.019739 s

maxsize : 18
nodes : 9790.000000
filtered : 164432.000000
time : 0.048283
