Parameters: GAD=1 vflib=1 dir=1 label=1 lowerbound=1 fileNameGp=../../cp2016-max-common-connected-subgraph-paper/datasets/graphsdb/mcs30/m2D/m2Dr6/mcs30_m2Dr6_s70.A05 fileNameGt=../../cp2016-max-common-connected-subgraph-paper/datasets/graphsdb/mcs30/m2D/m2Dr6/mcs30_m2Dr6_s70.B05
Reading graphs...
70 : 165
70 : 165
Initializing...
maxdom : 7
D->valSize : 331
Solving...
Blb : 2 (clique : 22)
currentSize : 22 <-- 0.002618 s
currentSize : 23 <-- 0.002831 s
currentSize : 26 <-- 0.003167 s
currentSize : 27 <-- 0.003438 s
currentSize : 28 <-- 0.003541 s
currentSize : 29 <-- 0.007205 s
currentSize : 30 <-- 0.018919 s
currentSize : 31 <-- 0.155221 s

maxsize : 31
nodes : 141793163.000000
filtered : 1513166902.000000
time : 745.482605
