Parameters: GAD=1 vflib=1 dir=1 label=1 lowerbound=1 fileNameGp=../../cp2016-max-common-connected-subgraph-paper/datasets/graphsdb/mcs30/rand/r01/mcs30_r01_s80.A06 fileNameGt=../../cp2016-max-common-connected-subgraph-paper/datasets/graphsdb/mcs30/rand/r01/mcs30_r01_s80.B06
Reading graphs...
80 : 631
80 : 631
Initializing...
maxdom : 9
D->valSize : 423
Solving...
Blb : 2 (clique : 15)
currentSize : 15 <-- 0.003833 s
currentSize : 16 <-- 0.004119 s
currentSize : 17 <-- 0.107243 s
currentSize : 18 <-- 1.076326 s
currentSize : 20 <-- 1.076886 s
currentSize : 24 <-- 45.248123 s

maxsize : 24
nodes : 10902221.000000
filtered : 157129479.000000
time : 59.809521
