Parameters: GAD=1 vflib=1 dir=1 label=1 lowerbound=1 fileNameGp=../../cp2016-max-common-connected-subgraph-paper/datasets/graphsdb/mcs30/m3D/m3D/mcs30_m3D_s70.A09 fileNameGt=../../cp2016-max-common-connected-subgraph-paper/datasets/graphsdb/mcs30/m3D/m3D/mcs30_m3D_s70.B09
Reading graphs...
70 : 159
70 : 159
Initializing...
maxdom : 10
D->valSize : 330
Solving...
Blb : 2 (clique : 24)
currentSize : 24 <-- 0.002757 s
currentSize : 25 <-- 0.005474 s
currentSize : 26 <-- 0.007956 s
currentSize : 27 <-- 0.008093 s
currentSize : 28 <-- 0.267113 s
currentSize : 29 <-- 251.728073 s
currentSize : 30 <-- 554.529541 s
currentSize : 31 <-- 993.732849 s

TIMEOUT
maxsize : 31
nodes : 225162042.000000
filtered : 1805141574.000000
time : 1000.000061
