Parameters: GAD=1 vflib=1 dir=1 label=1 lowerbound=1 fileNameGp=../../cp2016-max-common-connected-subgraph-paper/datasets/graphsdb/mcs30/bvg/b09/mcs30_b09_s100.A00 fileNameGt=../../cp2016-max-common-connected-subgraph-paper/datasets/graphsdb/mcs30/bvg/b09/mcs30_b09_s100.B00
Reading graphs...
100 : 450
100 : 450
Initializing...
maxdom : 7
D->valSize : 333
Solving...
Blb : 3 (clique : 25)
currentSize : 25 <-- 0.003093 s
currentSize : 27 <-- 0.330279 s
currentSize : 28 <-- 0.341599 s
currentSize : 29 <-- 1.701424 s
currentSize : 30 <-- 94.317978 s
currentSize : 31 <-- 322.500183 s
currentSize : 32 <-- 398.136475 s
currentSize : 33 <-- 754.991089 s
currentSize : 34 <-- 907.328674 s

TIMEOUT
maxsize : 34
nodes : 194338786.000000
filtered : 1354523804.000000
time : 1000.000000
