Parameters: GAD=1 vflib=1 dir=1 label=1 lowerbound=1 fileNameGp=../../cp2016-max-common-connected-subgraph-paper/datasets/graphsdb/mcs30/m2D/m2Dr2/mcs30_m2Dr2_s100.A02 fileNameGt=../../cp2016-max-common-connected-subgraph-paper/datasets/graphsdb/mcs30/m2D/m2Dr2/mcs30_m2Dr2_s100.B02
Reading graphs...
100 : 200
100 : 199
Initializing...
maxdom : 6
D->valSize : 299
Solving...
Blb : 2 (clique : 30)
currentSize : 30 <-- 0.003138 s
currentSize : 31 <-- 0.003628 s
currentSize : 32 <-- 0.006277 s
currentSize : 33 <-- 16.908913 s
currentSize : 34 <-- 28.971420 s
currentSize : 35 <-- 46.745647 s
currentSize : 36 <-- 398.154846 s
currentSize : 37 <-- 398.282104 s
currentSize : 38 <-- 398.287048 s
currentSize : 39 <-- 759.099426 s

TIMEOUT
maxsize : 39
nodes : 212942928.000000
filtered : 847731991.000000
time : 1000.000061
