Parameters: GAD=1 vflib=1 dir=1 label=1 lowerbound=1 fileNameGp=../../cp2016-max-common-connected-subgraph-paper/datasets/graphsdb/mcs30/m2D/m2Dr2/mcs30_m2Dr2_s60.A04 fileNameGt=../../cp2016-max-common-connected-subgraph-paper/datasets/graphsdb/mcs30/m2D/m2Dr2/mcs30_m2Dr2_s60.B04
Reading graphs...
60 : 116
60 : 116
Initializing...
maxdom : 8
D->valSize : 253
Solving...
Blb : 2 (clique : 20)
currentSize : 20 <-- 0.002717 s
currentSize : 21 <-- 0.058850 s
currentSize : 22 <-- 0.136369 s
currentSize : 23 <-- 0.246144 s
currentSize : 24 <-- 0.292685 s
currentSize : 25 <-- 784.751160 s

TIMEOUT
maxsize : 25
nodes : 292574152.000000
filtered : 1512717857.000000
time : 1000.000000
