Parameters: GAD=1 vflib=1 dir=1 label=1 lowerbound=1 fileNameGp=../../cp2016-max-common-connected-subgraph-paper/datasets/graphsdb/mcs30/rand/r01/mcs30_r01_s70.A08 fileNameGt=../../cp2016-max-common-connected-subgraph-paper/datasets/graphsdb/mcs30/rand/r01/mcs30_r01_s70.B08
Reading graphs...
70 : 482
70 : 482
Initializing...
maxdom : 10
D->valSize : 303
Solving...
Blb : 2 (clique : 13)
currentSize : 13 <-- 0.002211 s
currentSize : 14 <-- 0.043917 s
currentSize : 15 <-- 0.085860 s
currentSize : 16 <-- 0.088052 s
currentSize : 17 <-- 0.088921 s
currentSize : 18 <-- 5.424382 s
currentSize : 19 <-- 8.860912 s
currentSize : 21 <-- 12.855363 s
currentSize : 22 <-- 12.902077 s

maxsize : 22
nodes : 3066886.000000
filtered : 30203985.000000
time : 14.130328
