Parameters: GAD=1 vflib=1 dir=1 label=1 lowerbound=1 fileNameGp=../../cp2016-max-common-connected-subgraph-paper/datasets/graphsdb/mcs30/m3D/m3Dr2/mcs30_m3Dr2_s90.A07 fileNameGt=../../cp2016-max-common-connected-subgraph-paper/datasets/graphsdb/mcs30/m3D/m3Dr2/mcs30_m3Dr2_s90.B07
Reading graphs...
90 : 227
90 : 227
Initializing...
maxdom : 11
D->valSize : 574
Solving...
Blb : 2 (clique : 27)
currentSize : 27 <-- 0.006779 s
currentSize : 29 <-- 0.007010 s
currentSize : 30 <-- 0.013828 s
currentSize : 31 <-- 0.018404 s
currentSize : 32 <-- 0.131842 s
currentSize : 33 <-- 133.882660 s

TIMEOUT
maxsize : 33
nodes : 223998347.000000
filtered : 1631511576.000000
time : 1000.000000
