Parameters: GAD=1 vflib=1 dir=1 label=1 lowerbound=1 fileNameGp=../../cp2016-max-common-connected-subgraph-paper/datasets/graphsdb/mcs30/bvg/b03m/mcs30_b03m_s70.A03 fileNameGt=../../cp2016-max-common-connected-subgraph-paper/datasets/graphsdb/mcs30/bvg/b03m/mcs30_b03m_s70.B03
Reading graphs...
70 : 105
70 : 105
Initializing...
maxdom : 8
D->valSize : 340
Solving...
Blb : 2 (clique : 29)
currentSize : 29 <-- 0.002846 s
currentSize : 30 <-- 0.025706 s
currentSize : 31 <-- 0.025861 s
currentSize : 32 <-- 3.614877 s
currentSize : 33 <-- 24.486597 s
currentSize : 34 <-- 728.228699 s

TIMEOUT
maxsize : 34
nodes : 255487406.000000
filtered : 1359413462.000000
time : 1000.000000
