Parameters: GAD=1 vflib=1 dir=1 label=1 lowerbound=1 fileNameGp=../../cp2016-max-common-connected-subgraph-paper/datasets/graphsdb/mcs30/m2D/m2Dr6/mcs30_m2Dr6_s50.A09 fileNameGt=../../cp2016-max-common-connected-subgraph-paper/datasets/graphsdb/mcs30/m2D/m2Dr6/mcs30_m2Dr6_s50.B09
Reading graphs...
50 : 115
50 : 112
Initializing...
maxdom : 9
D->valSize : 326
Solving...
Blb : 2 (clique : 15)
currentSize : 15 <-- 0.002731 s
currentSize : 16 <-- 0.002818 s
currentSize : 17 <-- 0.005979 s
currentSize : 18 <-- 0.006109 s
currentSize : 19 <-- 0.011246 s
currentSize : 20 <-- 0.496306 s
currentSize : 21 <-- 54.016220 s
currentSize : 22 <-- 81.608162 s

maxsize : 22
nodes : 110901835.000000
filtered : 1511618433.000000
time : 460.885162
