Parameters: GAD=1 vflib=1 dir=1 label=1 lowerbound=1 fileNameGp=../../cp2016-max-common-connected-subgraph-paper/datasets/graphsdb/mcs30/m2D/m2Dr4/mcs30_m2Dr4_s90.A01 fileNameGt=../../cp2016-max-common-connected-subgraph-paper/datasets/graphsdb/mcs30/m2D/m2Dr4/mcs30_m2Dr4_s90.B01
Reading graphs...
90 : 197
90 : 197
Initializing...
maxdom : 11
D->valSize : 516
Solving...
Blb : 2 (clique : 29)
currentSize : 29 <-- 0.005828 s
currentSize : 30 <-- 0.008440 s
currentSize : 31 <-- 0.094709 s
currentSize : 32 <-- 23.301306 s
currentSize : 33 <-- 365.209381 s
currentSize : 34 <-- 723.357117 s

TIMEOUT
maxsize : 34
nodes : 230334783.000000
filtered : 1516511584.000000
time : 1000.000000
