Parameters: GAD=1 vflib=1 dir=1 label=1 lowerbound=1 fileNameGp=../../cp2016-max-common-connected-subgraph-paper/datasets/graphsdb/mcs30/bvg/b03m/mcs30_b03m_s50.A09 fileNameGt=../../cp2016-max-common-connected-subgraph-paper/datasets/graphsdb/mcs30/bvg/b03m/mcs30_b03m_s50.B09
Reading graphs...
50 : 75
50 : 75
Initializing...
maxdom : 10
D->valSize : 322
Solving...
Blb : 2 (clique : 19)
currentSize : 19 <-- 0.003799 s
currentSize : 20 <-- 0.003951 s
currentSize : 21 <-- 0.004041 s
currentSize : 22 <-- 0.030184 s
currentSize : 23 <-- 0.314823 s
currentSize : 24 <-- 1.388639 s

TIMEOUT
maxsize : 24
nodes : 466781639.000000
filtered : 2389815151.000000
time : 1000.000000
