Parameters: GAD=1 vflib=1 dir=1 label=1 lowerbound=1 fileNameGp=../../cp2016-max-common-connected-subgraph-paper/datasets/graphsdb/mcs30/m2D/m2D/mcs30_m2D_s100.A09 fileNameGt=../../cp2016-max-common-connected-subgraph-paper/datasets/graphsdb/mcs30/m2D/m2D/mcs30_m2D_s100.B09
Reading graphs...
100 : 180
100 : 180
Initializing...
maxdom : 7
D->valSize : 331
Solving...
Blb : 2 (clique : 33)
currentSize : 33 <-- 0.003420 s
currentSize : 34 <-- 0.007160 s
currentSize : 35 <-- 0.033263 s
currentSize : 36 <-- 18.570295 s
currentSize : 37 <-- 74.108551 s
currentSize : 38 <-- 77.971268 s
currentSize : 39 <-- 101.491287 s

TIMEOUT
maxsize : 39
nodes : 204006922.000000
filtered : 1023944863.000000
time : 1000.000061
