Parameters: GAD=1 vflib=1 dir=1 label=1 lowerbound=1 fileNameGp=../../cp2016-max-common-connected-subgraph-paper/datasets/graphsdb/mcs30/m4D/m4Dr6/mcs30_m4Dr6_s50.A06 fileNameGt=../../cp2016-max-common-connected-subgraph-paper/datasets/graphsdb/mcs30/m4D/m4Dr6/mcs30_m4Dr6_s50.B06
Reading graphs...
50 : 117
50 : 115
Initializing...
maxdom : 9
D->valSize : 278
Solving...
Blb : 2 (clique : 15)
currentSize : 15 <-- 0.001934 s
currentSize : 16 <-- 0.002041 s
currentSize : 17 <-- 0.002360 s
currentSize : 18 <-- 0.163969 s
currentSize : 19 <-- 0.664513 s
currentSize : 20 <-- 36.384945 s
currentSize : 21 <-- 36.391724 s

maxsize : 21
nodes : 13249954.000000
filtered : 132504820.000000
time : 44.392384
