Parameters: GAD=1 vflib=1 dir=1 label=1 lowerbound=1 fileNameGp=../../cp2016-max-common-connected-subgraph-paper/datasets/graphsdb/mcs30/m3D/m3Dr2/mcs30_m3Dr2_s80.A01 fileNameGt=../../cp2016-max-common-connected-subgraph-paper/datasets/graphsdb/mcs30/m3D/m3Dr2/mcs30_m3Dr2_s80.B01
Reading graphs...
80 : 200
80 : 200
Initializing...
maxdom : 9
D->valSize : 446
Solving...
Blb : 2 (clique : 24)
currentSize : 24 <-- 0.005556 s
currentSize : 29 <-- 0.005742 s
currentSize : 30 <-- 0.005781 s
currentSize : 31 <-- 0.005943 s
currentSize : 32 <-- 0.012228 s
currentSize : 33 <-- 0.079885 s
currentSize : 34 <-- 0.087922 s
currentSize : 35 <-- 1.233934 s

TIMEOUT
maxsize : 35
nodes : 213180926.000000
filtered : 1736629124.000000
time : 1000.000061
