Parameters: GAD=1 vflib=1 dir=1 label=1 lowerbound=1 fileNameGp=../../cp2016-max-common-connected-subgraph-paper/datasets/graphsdb/mcs30/rand/r02/mcs30_r02_s80.A07 fileNameGt=../../cp2016-max-common-connected-subgraph-paper/datasets/graphsdb/mcs30/rand/r02/mcs30_r02_s80.B07
Reading graphs...
80 : 1263
80 : 1263
Initializing...
maxdom : 13
D->valSize : 396
Solving...
Blb : 2 (clique : 7)
currentSize : 7 <-- 0.003321 s
currentSize : 8 <-- 0.003525 s
currentSize : 9 <-- 0.003887 s
currentSize : 10 <-- 0.007027 s
currentSize : 11 <-- 0.008208 s
currentSize : 12 <-- 0.008269 s
currentSize : 13 <-- 0.008888 s
currentSize : 14 <-- 0.013399 s
currentSize : 17 <-- 0.096131 s
currentSize : 24 <-- 0.096240 s

maxsize : 24
nodes : 26958.000000
filtered : 558915.000000
time : 0.161376
