Parameters: GAD=1 vflib=1 dir=1 label=1 lowerbound=1 fileNameGp=../../cp2016-max-common-connected-subgraph-paper/datasets/graphsdb/mcs30/m2D/m2D/mcs30_m2D_s50.A01 fileNameGt=../../cp2016-max-common-connected-subgraph-paper/datasets/graphsdb/mcs30/m2D/m2D/mcs30_m2D_s50.B01
Reading graphs...
50 : 85
50 : 85
Initializing...
maxdom : 8
D->valSize : 317
Solving...
Blb : 2 (clique : 20)
currentSize : 20 <-- 0.002697 s
currentSize : 21 <-- 0.002827 s
currentSize : 22 <-- 0.025728 s
currentSize : 23 <-- 1.683343 s
currentSize : 24 <-- 118.954056 s
currentSize : 25 <-- 273.721405 s

TIMEOUT
maxsize : 25
nodes : 260068117.000000
filtered : 2828308918.000000
time : 1000.000000
