Parameters: GAD=1 vflib=1 dir=1 label=1 lowerbound=1 fileNameGp=../../cp2016-max-common-connected-subgraph-paper/datasets/graphsdb/mcs30/rand/r01/mcs30_r01_s80.A04 fileNameGt=../../cp2016-max-common-connected-subgraph-paper/datasets/graphsdb/mcs30/rand/r01/mcs30_r01_s80.B04
Reading graphs...
80 : 631
80 : 631
Initializing...
maxdom : 9
D->valSize : 393
Solving...
Blb : 2 (clique : 13)
currentSize : 13 <-- 0.003547 s
currentSize : 14 <-- 0.003954 s
currentSize : 15 <-- 0.029008 s
currentSize : 16 <-- 0.033422 s
currentSize : 17 <-- 0.158385 s
currentSize : 18 <-- 0.754907 s
currentSize : 19 <-- 0.755023 s
currentSize : 20 <-- 2.938997 s
currentSize : 23 <-- 2.945880 s
currentSize : 24 <-- 2.946047 s

maxsize : 24
nodes : 2809518.000000
filtered : 46927559.000000
time : 16.456690
