Parameters: GAD=1 vflib=1 dir=1 label=1 lowerbound=1 fileNameGp=../../cp2016-max-common-connected-subgraph-paper/datasets/graphsdb/mcs30/m2D/m2Dr6/mcs30_m2Dr6_s60.A00 fileNameGt=../../cp2016-max-common-connected-subgraph-paper/datasets/graphsdb/mcs30/m2D/m2Dr6/mcs30_m2Dr6_s60.B00
Reading graphs...
60 : 140
60 : 140
Initializing...
maxdom : 6
D->valSize : 231
Solving...
Blb : 2 (clique : 18)
currentSize : 18 <-- 0.001599 s
currentSize : 19 <-- 0.001920 s
currentSize : 20 <-- 0.331029 s
currentSize : 21 <-- 0.376053 s
currentSize : 22 <-- 1.949806 s
currentSize : 23 <-- 5.204708 s

maxsize : 23
nodes : 156664143.000000
filtered : 1053840563.000000
time : 600.825745
