Parameters: GAD=1 vflib=1 dir=1 label=1 lowerbound=1 fileNameGp=../../cp2016-max-common-connected-subgraph-paper/datasets/graphsdb/mcs30/rand/r01/mcs30_r01_s60.A03 fileNameGt=../../cp2016-max-common-connected-subgraph-paper/datasets/graphsdb/mcs30/rand/r01/mcs30_r01_s60.B03
Reading graphs...
60 : 353
60 : 353
Initializing...
maxdom : 7
D->valSize : 232
Solving...
Blb : 2 (clique : 11)
currentSize : 11 <-- 0.002354 s
currentSize : 12 <-- 0.004827 s
currentSize : 13 <-- 0.007415 s
currentSize : 14 <-- 0.063697 s
currentSize : 15 <-- 0.070837 s
currentSize : 16 <-- 0.070923 s
currentSize : 17 <-- 0.677751 s
currentSize : 18 <-- 0.716239 s
currentSize : 19 <-- 0.716346 s

maxsize : 19
nodes : 349302.000000
filtered : 3804201.000000
time : 1.686926
