Parameters: GAD=1 vflib=1 dir=1 label=1 lowerbound=1 fileNameGp=../../cp2016-max-common-connected-subgraph-paper/datasets/graphsdb/mcs30/m4D/m4Dr6/mcs30_m4Dr6_s70.A07 fileNameGt=../../cp2016-max-common-connected-subgraph-paper/datasets/graphsdb/mcs30/m4D/m4Dr6/mcs30_m4Dr6_s70.B07
Reading graphs...
70 : 160
70 : 157
Initializing...
maxdom : 8
D->valSize : 358
Solving...
Blb : 2 (clique : 22)
currentSize : 22 <-- 0.004625 s
currentSize : 23 <-- 0.022690 s
currentSize : 24 <-- 0.324972 s
currentSize : 25 <-- 0.353341 s
currentSize : 26 <-- 4.124623 s
currentSize : 27 <-- 451.545715 s

TIMEOUT
maxsize : 27
nodes : 248333243.000000
filtered : 1873157317.000000
time : 1000.000000
