Parameters: GAD=1 vflib=1 dir=1 label=1 lowerbound=1 fileNameGp=../../cp2016-max-common-connected-subgraph-paper/datasets/graphsdb/mcs30/bvg/b06m/mcs30_b06m_s80.A04 fileNameGt=../../cp2016-max-common-connected-subgraph-paper/datasets/graphsdb/mcs30/bvg/b06m/mcs30_b06m_s80.B04
Reading graphs...
80 : 240
80 : 240
Initializing...
maxdom : 10
D->valSize : 411
Solving...
Blb : 2 (clique : 27)
currentSize : 27 <-- 0.003985 s
currentSize : 28 <-- 0.004185 s
currentSize : 29 <-- 0.313062 s
currentSize : 30 <-- 14.475133 s
currentSize : 31 <-- 61.887726 s
currentSize : 32 <-- 61.887825 s

TIMEOUT
maxsize : 32
nodes : 202663148.000000
filtered : 1353695911.000000
time : 1000.000000
