Parameters: GAD=1 vflib=1 dir=1 label=1 lowerbound=1 fileNameGp=../../cp2016-max-common-connected-subgraph-paper/datasets/graphsdb/mcs30/m2D/m2Dr2/mcs30_m2Dr2_s80.A01 fileNameGt=../../cp2016-max-common-connected-subgraph-paper/datasets/graphsdb/mcs30/m2D/m2Dr2/mcs30_m2Dr2_s80.B01
Reading graphs...
80 : 158
80 : 158
Initializing...
maxdom : 9
D->valSize : 395
Solving...
Blb : 2 (clique : 26)
currentSize : 26 <-- 0.005960 s
currentSize : 27 <-- 0.006229 s
currentSize : 28 <-- 0.007007 s
currentSize : 29 <-- 0.021006 s
currentSize : 30 <-- 2.684956 s
currentSize : 31 <-- 9.069243 s
currentSize : 32 <-- 120.766151 s
currentSize : 33 <-- 463.788391 s
currentSize : 34 <-- 914.467651 s

TIMEOUT
maxsize : 34
nodes : 202419310.000000
filtered : 1784927465.000000
time : 1000.000000
