Parameters: GAD=1 vflib=1 dir=1 label=1 lowerbound=1 fileNameGp=../../cp2016-max-common-connected-subgraph-paper/datasets/graphsdb/mcs30/m3D/m3D/mcs30_m3D_s70.A05 fileNameGt=../../cp2016-max-common-connected-subgraph-paper/datasets/graphsdb/mcs30/m3D/m3D/mcs30_m3D_s70.B05
Reading graphs...
70 : 159
70 : 159
Initializing...
maxdom : 10
D->valSize : 340
Solving...
Blb : 2 (clique : 25)
currentSize : 25 <-- 0.002861 s
currentSize : 26 <-- 0.722100 s
currentSize : 27 <-- 1.274397 s
currentSize : 28 <-- 9.596589 s
currentSize : 29 <-- 205.770660 s
currentSize : 30 <-- 205.886337 s
currentSize : 31 <-- 391.554840 s
currentSize : 32 <-- 518.763855 s

maxsize : 32
nodes : 153216257.000000
filtered : 1797418056.000000
time : 766.949097
