Parameters: GAD=1 vflib=1 dir=1 label=1 lowerbound=1 fileNameGp=../../cp2016-max-common-connected-subgraph-paper/datasets/graphsdb/mcs30/rand/r02/mcs30_r02_s90.A07 fileNameGt=../../cp2016-max-common-connected-subgraph-paper/datasets/graphsdb/mcs30/rand/r02/mcs30_r02_s90.B07
Reading graphs...
90 : 1601
90 : 1601
Initializing...
maxdom : 10
D->valSize : 537
Solving...
Blb : 2 (clique : 6)
currentSize : 6 <-- 0.008281 s
currentSize : 7 <-- 0.008405 s
currentSize : 8 <-- 0.008626 s
currentSize : 9 <-- 0.009735 s
currentSize : 10 <-- 0.012288 s
currentSize : 11 <-- 0.053067 s
currentSize : 12 <-- 0.053154 s
currentSize : 15 <-- 0.068543 s
currentSize : 16 <-- 0.161847 s
currentSize : 17 <-- 0.298849 s
currentSize : 27 <-- 0.358638 s

maxsize : 27
nodes : 82484.000000
filtered : 2324079.000000
time : 0.566745
