Parameters: GAD=1 vflib=1 dir=1 label=1 lowerbound=1 fileNameGp=../../cp2016-max-common-connected-subgraph-paper/datasets/graphsdb/mcs30/m3D/m3Dr2/mcs30_m3Dr2_s100.A07 fileNameGt=../../cp2016-max-common-connected-subgraph-paper/datasets/graphsdb/mcs30/m3D/m3Dr2/mcs30_m3Dr2_s100.B07
Reading graphs...
100 : 255
100 : 255
Initializing...
maxdom : 7
D->valSize : 345
Solving...
Blb : 2 (clique : 28)
currentSize : 28 <-- 0.005519 s
currentSize : 29 <-- 0.174862 s
currentSize : 30 <-- 3.731379 s
currentSize : 31 <-- 21.035835 s
currentSize : 32 <-- 203.201385 s
currentSize : 33 <-- 505.426971 s
currentSize : 34 <-- 648.994141 s

TIMEOUT
maxsize : 34
nodes : 207784018.000000
filtered : 905033168.000000
time : 1000.000000
