Parameters: GAD=1 vflib=1 dir=1 label=1 lowerbound=1 fileNameGp=../../cp2016-max-common-connected-subgraph-paper/datasets/graphsdb/mcs30/rand/r01/mcs30_r01_s70.A04 fileNameGt=../../cp2016-max-common-connected-subgraph-paper/datasets/graphsdb/mcs30/rand/r01/mcs30_r01_s70.B04
Reading graphs...
70 : 482
70 : 482
Initializing...
maxdom : 7
D->valSize : 327
Solving...
Blb : 5 (clique : 12)
currentSize : 12 <-- 0.002475 s
currentSize : 13 <-- 0.002689 s
currentSize : 14 <-- 0.009709 s
currentSize : 15 <-- 0.048152 s
currentSize : 16 <-- 0.398427 s
currentSize : 18 <-- 0.623968 s
currentSize : 19 <-- 3.240087 s
currentSize : 20 <-- 8.005104 s
currentSize : 21 <-- 8.005165 s

maxsize : 21
nodes : 3096346.000000
filtered : 37576689.000000
time : 15.475990
