Parameters: GAD=1 vflib=1 dir=1 label=1 lowerbound=1 fileNameGp=../../cp2016-max-common-connected-subgraph-paper/datasets/graphsdb/mcs30/bvg/b09m/mcs30_b09m_s100.A09 fileNameGt=../../cp2016-max-common-connected-subgraph-paper/datasets/graphsdb/mcs30/bvg/b09m/mcs30_b09m_s100.B09
Reading graphs...
100 : 450
100 : 450
Initializing...
maxdom : 7
D->valSize : 340
Solving...
Blb : 2 (clique : 25)
currentSize : 25 <-- 0.003253 s
currentSize : 26 <-- 41.162628 s
currentSize : 27 <-- 41.367317 s
currentSize : 28 <-- 50.847797 s
currentSize : 29 <-- 55.546658 s
currentSize : 30 <-- 78.819771 s
currentSize : 31 <-- 78.822029 s
currentSize : 32 <-- 96.410362 s
currentSize : 33 <-- 96.834145 s
currentSize : 34 <-- 392.157227 s

TIMEOUT
maxsize : 34
nodes : 193010727.000000
filtered : 873362927.000000
time : 1000.000000
