Parameters: GAD=1 vflib=1 dir=1 label=1 lowerbound=1 fileNameGp=../../cp2016-max-common-connected-subgraph-paper/datasets/graphsdb/mcs30/bvg/b06/mcs30_b06_s70.A00 fileNameGt=../../cp2016-max-common-connected-subgraph-paper/datasets/graphsdb/mcs30/bvg/b06/mcs30_b06_s70.B00
Reading graphs...
70 : 210
70 : 210
Initializing...
maxdom : 9
D->valSize : 355
Solving...
Blb : 2 (clique : 19)
currentSize : 19 <-- 0.002839 s
currentSize : 20 <-- 0.009266 s
currentSize : 21 <-- 0.018802 s
currentSize : 22 <-- 0.041188 s
currentSize : 23 <-- 0.704500 s
currentSize : 24 <-- 1.429906 s
currentSize : 25 <-- 313.990662 s
currentSize : 26 <-- 314.132324 s
currentSize : 27 <-- 316.804108 s

TIMEOUT
maxsize : 27
nodes : 222354827.000000
filtered : 2220992629.000000
time : 1000.000000
