Parameters: GAD=1 vflib=1 dir=1 label=1 lowerbound=1 fileNameGp=../../cp2016-max-common-connected-subgraph-paper/datasets/graphsdb/mcs30/m4D/m4Dr2/mcs30_m4Dr2_s60.A07 fileNameGt=../../cp2016-max-common-connected-subgraph-paper/datasets/graphsdb/mcs30/m4D/m4Dr2/mcs30_m4Dr2_s60.B07
Reading graphs...
60 : 114
60 : 114
Initializing...
maxdom : 8
D->valSize : 245
Solving...
Blb : 3 (clique : 21)
currentSize : 21 <-- 0.001729 s
currentSize : 22 <-- 0.611353 s
currentSize : 23 <-- 0.816566 s
currentSize : 24 <-- 2.581596 s
currentSize : 25 <-- 2.581683 s
currentSize : 26 <-- 36.571285 s

maxsize : 26
nodes : 27683180.000000
filtered : 219512380.000000
time : 114.498627
