Parameters: GAD=1 vflib=1 dir=1 label=1 lowerbound=1 fileNameGp=../../cp2016-max-common-connected-subgraph-paper/datasets/graphsdb/mcs30/bvg/b09m/mcs30_b09m_s70.A09 fileNameGt=../../cp2016-max-common-connected-subgraph-paper/datasets/graphsdb/mcs30/bvg/b09m/mcs30_b09m_s70.B09
Reading graphs...
70 : 315
70 : 315
Initializing...
maxdom : 9
D->valSize : 322
Solving...
Blb : 3 (clique : 20)
currentSize : 20 <-- 0.002542 s
currentSize : 21 <-- 0.224953 s
currentSize : 22 <-- 0.229605 s
currentSize : 23 <-- 0.232841 s
currentSize : 24 <-- 6.752420 s
currentSize : 25 <-- 23.203238 s

maxsize : 25
nodes : 16818469.000000
filtered : 175598229.000000
time : 83.252213
