Parameters: GAD=1 vflib=1 dir=1 label=1 lowerbound=1 fileNameGp=../../cp2016-max-common-connected-subgraph-paper/datasets/graphsdb/mcs30/m3D/m3Dr6/mcs30_m3Dr6_s80.A07 fileNameGt=../../cp2016-max-common-connected-subgraph-paper/datasets/graphsdb/mcs30/m3D/m3Dr6/mcs30_m3Dr6_s80.B07
Reading graphs...
80 : 232
80 : 231
Initializing...
maxdom : 9
D->valSize : 424
Solving...
Blb : 2 (clique : 23)
currentSize : 23 <-- 0.004041 s
currentSize : 27 <-- 0.004222 s
currentSize : 28 <-- 0.004852 s
currentSize : 29 <-- 0.010805 s
currentSize : 30 <-- 0.029510 s
currentSize : 31 <-- 0.046960 s

TIMEOUT
maxsize : 31
nodes : 193776149.000000
filtered : 1687903852.000000
time : 1000.000061
