Parameters: GAD=1 vflib=1 dir=1 label=1 lowerbound=1 fileNameGp=../../cp2016-max-common-connected-subgraph-paper/datasets/graphsdb/mcs30/m2D/m2Dr4/mcs30_m2Dr4_s60.A02 fileNameGt=../../cp2016-max-common-connected-subgraph-paper/datasets/graphsdb/mcs30/m2D/m2Dr4/mcs30_m2Dr4_s60.B02
Reading graphs...
60 : 128
60 : 128
Initializing...
maxdom : 9
D->valSize : 276
Solving...
Blb : 2 (clique : 20)
currentSize : 20 <-- 0.002053 s
currentSize : 21 <-- 0.002193 s
currentSize : 22 <-- 0.002272 s
currentSize : 23 <-- 0.032096 s
currentSize : 24 <-- 0.363817 s
currentSize : 25 <-- 214.142242 s

maxsize : 25
nodes : 167984888.000000
filtered : 1427544180.000000
time : 670.443237
