Parameters: GAD=1 vflib=1 dir=1 label=1 lowerbound=1 fileNameGp=../../cp2016-max-common-connected-subgraph-paper/datasets/graphsdb/mcs30/rand/r01/mcs30_r01_s90.A09 fileNameGt=../../cp2016-max-common-connected-subgraph-paper/datasets/graphsdb/mcs30/rand/r01/mcs30_r01_s90.B09
Reading graphs...
90 : 800
90 : 800
Initializing...
maxdom : 12
D->valSize : 522
Solving...
Blb : 2 (clique : 15)
currentSize : 15 <-- 0.005493 s
currentSize : 16 <-- 0.005664 s
currentSize : 17 <-- 0.026173 s
currentSize : 18 <-- 0.040796 s
currentSize : 19 <-- 0.048857 s
currentSize : 20 <-- 0.288587 s
currentSize : 22 <-- 0.428854 s
currentSize : 24 <-- 28.850927 s
currentSize : 27 <-- 28.856218 s

maxsize : 27
nodes : 6634822.000000
filtered : 131990470.000000
time : 42.341084
