Parameters: GAD=1 vflib=1 dir=1 label=1 lowerbound=1 fileNameGp=../../cp2016-max-common-connected-subgraph-paper/datasets/graphsdb/mcs30/bvg/b09m/mcs30_b09m_s90.A09 fileNameGt=../../cp2016-max-common-connected-subgraph-paper/datasets/graphsdb/mcs30/bvg/b09m/mcs30_b09m_s90.B09
Reading graphs...
90 : 405
90 : 405
Initializing...
maxdom : 9
D->valSize : 515
Solving...
Blb : 2 (clique : 20)
currentSize : 20 <-- 0.008553 s
currentSize : 21 <-- 0.008799 s
currentSize : 22 <-- 0.008930 s
currentSize : 23 <-- 0.012155 s
currentSize : 24 <-- 0.032168 s
currentSize : 25 <-- 0.432725 s
currentSize : 26 <-- 0.535204 s
currentSize : 27 <-- 3.699775 s

TIMEOUT
maxsize : 27
nodes : 175144762.000000
filtered : 2337219721.000000
time : 1000.000000
