Parameters: GAD=1 vflib=1 dir=1 label=1 lowerbound=1 fileNameGp=../../cp2016-max-common-connected-subgraph-paper/datasets/graphsdb/mcs30/bvg/b06/mcs30_b06_s90.A06 fileNameGt=../../cp2016-max-common-connected-subgraph-paper/datasets/graphsdb/mcs30/bvg/b06/mcs30_b06_s90.B06
Reading graphs...
90 : 270
90 : 270
Initializing...
maxdom : 10
D->valSize : 549
Solving...
Blb : 3 (clique : 26)
currentSize : 26 <-- 0.009863 s
currentSize : 27 <-- 2.639073 s
currentSize : 28 <-- 11.638440 s
currentSize : 29 <-- 11.778861 s
currentSize : 30 <-- 41.679920 s
currentSize : 31 <-- 918.807922 s

TIMEOUT
maxsize : 31
nodes : 182459316.000000
filtered : 2319708515.000000
time : 1000.000000
