Parameters: GAD=1 vflib=1 dir=1 label=1 lowerbound=1 fileNameGp=../../cp2016-max-common-connected-subgraph-paper/datasets/graphsdb/mcs30/m2D/m2D/mcs30_m2D_s70.A07 fileNameGt=../../cp2016-max-common-connected-subgraph-paper/datasets/graphsdb/mcs30/m2D/m2D/mcs30_m2D_s70.B07
Reading graphs...
70 : 123
70 : 123
Initializing...
maxdom : 8
D->valSize : 319
Solving...
Blb : 2 (clique : 25)
currentSize : 25 <-- 0.002824 s
currentSize : 26 <-- 0.004566 s
currentSize : 27 <-- 0.101795 s
currentSize : 28 <-- 0.479883 s
currentSize : 29 <-- 2.232634 s
currentSize : 30 <-- 5.927050 s
currentSize : 31 <-- 12.601604 s

TIMEOUT
maxsize : 31
nodes : 237286836.000000
filtered : 1521817401.000000
time : 1000.000000
