Parameters: GAD=1 vflib=1 dir=1 label=1 lowerbound=1 fileNameGp=../../cp2016-max-common-connected-subgraph-paper/datasets/graphsdb/mcs30/bvg/b06m/mcs30_b06m_s50.A08 fileNameGt=../../cp2016-max-common-connected-subgraph-paper/datasets/graphsdb/mcs30/bvg/b06m/mcs30_b06m_s50.B08
Reading graphs...
50 : 150
50 : 150
Initializing...
maxdom : 8
D->valSize : 324
Solving...
Blb : 2 (clique : 15)
currentSize : 15 <-- 0.002267 s
currentSize : 16 <-- 0.002603 s
currentSize : 17 <-- 1.793651 s
currentSize : 18 <-- 3.201957 s
currentSize : 19 <-- 35.733128 s
currentSize : 20 <-- 176.159485 s

maxsize : 20
nodes : 122770906.000000
filtered : 1282334174.000000
time : 452.194946
