Parameters: GAD=1 vflib=1 dir=1 label=1 lowerbound=1 fileNameGp=../../cp2016-max-common-connected-subgraph-paper/datasets/graphsdb/mcs30/rand/r005/mcs30_r005_s50.A05 fileNameGt=../../cp2016-max-common-connected-subgraph-paper/datasets/graphsdb/mcs30/rand/r005/mcs30_r005_s50.B05
Reading graphs...
50 : 126
50 : 126
Initializing...
maxdom : 11
D->valSize : 337
Solving...
Blb : 5 (clique : 17)
currentSize : 17 <-- 0.002409 s
currentSize : 18 <-- 0.028176 s
currentSize : 19 <-- 0.298416 s
currentSize : 20 <-- 1.571467 s
currentSize : 21 <-- 35.112305 s

maxsize : 21
nodes : 24035930.000000
filtered : 359282911.000000
time : 106.677269
