Parameters: GAD=1 vflib=1 dir=1 label=1 lowerbound=1 fileNameGp=../../cp2016-max-common-connected-subgraph-paper/datasets/graphsdb/mcs30/m3D/m3Dr2/mcs30_m3Dr2_s100.A02 fileNameGt=../../cp2016-max-common-connected-subgraph-paper/datasets/graphsdb/mcs30/m3D/m3Dr2/mcs30_m3Dr2_s100.B02
Reading graphs...
100 : 255
100 : 255
Initializing...
maxdom : 8
D->valSize : 370
Solving...
Blb : 2 (clique : 31)
currentSize : 31 <-- 0.003877 s
currentSize : 32 <-- 0.004102 s
currentSize : 33 <-- 0.019128 s
currentSize : 34 <-- 1.556008 s
currentSize : 35 <-- 1.586464 s
currentSize : 36 <-- 4.793054 s
currentSize : 37 <-- 7.141410 s

TIMEOUT
maxsize : 37
nodes : 210887525.000000
filtered : 870747635.000000
time : 1000.000061
