Parameters: GAD=1 vflib=1 dir=1 label=1 lowerbound=1 fileNameGp=../../cp2016-max-common-connected-subgraph-paper/datasets/graphsdb/mcs30/m2D/m2D/mcs30_m2D_s100.A04 fileNameGt=../../cp2016-max-common-connected-subgraph-paper/datasets/graphsdb/mcs30/m2D/m2D/mcs30_m2D_s100.B04
Reading graphs...
100 : 180
100 : 180
Initializing...
maxdom : 7
D->valSize : 324
Solving...
Blb : 2 (clique : 37)
currentSize : 37 <-- 0.003387 s
currentSize : 38 <-- 0.003718 s
currentSize : 39 <-- 0.062819 s
currentSize : 40 <-- 0.066678 s
currentSize : 41 <-- 16.485865 s
currentSize : 42 <-- 258.320740 s
currentSize : 43 <-- 261.148712 s
currentSize : 44 <-- 750.922546 s

TIMEOUT
maxsize : 44
nodes : 198740152.000000
filtered : 766286781.000000
time : 1000.000061
