Parameters: GAD=1 vflib=1 dir=1 label=1 lowerbound=1 fileNameGp=../../cp2016-max-common-connected-subgraph-paper/datasets/graphsdb/mcs30/m3D/m3Dr6/mcs30_m3Dr6_s70.A05 fileNameGt=../../cp2016-max-common-connected-subgraph-paper/datasets/graphsdb/mcs30/m3D/m3Dr6/mcs30_m3Dr6_s70.B05
Reading graphs...
70 : 201
70 : 200
Initializing...
maxdom : 8
D->valSize : 316
Solving...
Blb : 2 (clique : 23)
currentSize : 23 <-- 0.004042 s
currentSize : 24 <-- 2.947442 s
currentSize : 25 <-- 3.490899 s
currentSize : 26 <-- 3.567356 s
currentSize : 27 <-- 4.060347 s
currentSize : 28 <-- 15.283600 s
currentSize : 29 <-- 145.274460 s
currentSize : 30 <-- 276.142212 s

maxsize : 30
nodes : 135873759.000000
filtered : 1088322376.000000
time : 644.812012
