Parameters: GAD=1 vflib=1 dir=1 label=1 lowerbound=1 fileNameGp=../../cp2016-max-common-connected-subgraph-paper/datasets/graphsdb/mcs30/bvg/b09/mcs30_b09_s70.A06 fileNameGt=../../cp2016-max-common-connected-subgraph-paper/datasets/graphsdb/mcs30/bvg/b09/mcs30_b09_s70.B06
Reading graphs...
70 : 315
70 : 315
Initializing...
maxdom : 8
D->valSize : 337
Solving...
Blb : 3 (clique : 16)
currentSize : 16 <-- 0.002532 s
currentSize : 17 <-- 0.003944 s
currentSize : 18 <-- 0.051981 s
currentSize : 19 <-- 0.151532 s
currentSize : 20 <-- 4.564548 s
currentSize : 21 <-- 4.627166 s
currentSize : 22 <-- 17.451372 s
currentSize : 23 <-- 38.908314 s

maxsize : 23
nodes : 20227223.000000
filtered : 242849590.000000
time : 102.012962
