Parameters: GAD=1 vflib=1 dir=1 label=1 lowerbound=1 fileNameGp=../../cp2016-max-common-connected-subgraph-paper/datasets/graphsdb/mcs30/m3D/m3Dr6/mcs30_m3Dr6_s70.A01 fileNameGt=../../cp2016-max-common-connected-subgraph-paper/datasets/graphsdb/mcs30/m3D/m3Dr6/mcs30_m3Dr6_s70.B01
Reading graphs...
70 : 201
70 : 200
Initializing...
maxdom : 9
D->valSize : 329
Solving...
Blb : 2 (clique : 20)
currentSize : 20 <-- 0.004079 s
currentSize : 21 <-- 0.038268 s
currentSize : 22 <-- 0.326405 s
currentSize : 23 <-- 7.444177 s
currentSize : 24 <-- 98.277184 s
currentSize : 25 <-- 115.469139 s
currentSize : 26 <-- 130.743225 s
currentSize : 27 <-- 148.645782 s
currentSize : 28 <-- 172.454178 s
currentSize : 29 <-- 172.460953 s
currentSize : 30 <-- 172.466553 s
currentSize : 31 <-- 329.955902 s

maxsize : 31
nodes : 117655297.000000
filtered : 1057861587.000000
time : 558.888123
