Parameters: GAD=1 vflib=1 dir=1 label=1 lowerbound=1 fileNameGp=../../cp2016-max-common-connected-subgraph-paper/datasets/graphsdb/mcs30/bvg/b09/mcs30_b09_s100.A07 fileNameGt=../../cp2016-max-common-connected-subgraph-paper/datasets/graphsdb/mcs30/bvg/b09/mcs30_b09_s100.B07
Reading graphs...
100 : 450
100 : 450
Initializing...
maxdom : 8
D->valSize : 343
Solving...
Blb : 3 (clique : 27)
currentSize : 27 <-- 0.003421 s
currentSize : 28 <-- 0.142315 s
currentSize : 29 <-- 86.592041 s
currentSize : 30 <-- 187.926208 s
currentSize : 31 <-- 273.148254 s
currentSize : 32 <-- 991.370056 s

TIMEOUT
maxsize : 32
nodes : 192680563.000000
filtered : 1038422051.000000
time : 1000.000000
