Parameters: GAD=1 vflib=1 dir=1 label=1 lowerbound=1 fileNameGp=../../cp2016-max-common-connected-subgraph-paper/datasets/graphsdb/mcs30/m2D/m2D/mcs30_m2D_s60.A02 fileNameGt=../../cp2016-max-common-connected-subgraph-paper/datasets/graphsdb/mcs30/m2D/m2D/mcs30_m2D_s60.B02
Reading graphs...
60 : 104
60 : 104
Initializing...
maxdom : 6
D->valSize : 230
Solving...
Blb : 2 (clique : 21)
currentSize : 21 <-- 0.001648 s
currentSize : 22 <-- 0.001787 s
currentSize : 23 <-- 0.001837 s
currentSize : 24 <-- 0.157195 s
currentSize : 25 <-- 51.235855 s
currentSize : 26 <-- 51.252991 s
currentSize : 27 <-- 53.294395 s

TIMEOUT
maxsize : 27
nodes : 261454261.000000
filtered : 1670447166.000000
time : 1000.000000
