Parameters: GAD=1 vflib=1 dir=1 label=1 lowerbound=1 fileNameGp=../../cp2016-max-common-connected-subgraph-paper/datasets/graphsdb/mcs30/rand/r01/mcs30_r01_s80.A09 fileNameGt=../../cp2016-max-common-connected-subgraph-paper/datasets/graphsdb/mcs30/rand/r01/mcs30_r01_s80.B09
Reading graphs...
80 : 631
80 : 631
Initializing...
maxdom : 7
D->valSize : 413
Solving...
Blb : 2 (clique : 11)
currentSize : 11 <-- 0.003824 s
currentSize : 12 <-- 0.004206 s
currentSize : 15 <-- 0.005618 s
currentSize : 16 <-- 0.362016 s
currentSize : 17 <-- 0.362404 s
currentSize : 18 <-- 0.363029 s
currentSize : 19 <-- 0.363642 s
currentSize : 20 <-- 0.363672 s
currentSize : 21 <-- 0.756329 s
currentSize : 22 <-- 4.158003 s
currentSize : 24 <-- 14.294776 s

maxsize : 24
nodes : 4904456.000000
filtered : 89296658.000000
time : 30.085810
