Parameters: GAD=1 vflib=1 dir=1 label=1 lowerbound=1 fileNameGp=../../cp2016-max-common-connected-subgraph-paper/datasets/graphsdb/mcs30/m2D/m2Dr2/mcs30_m2Dr2_s90.A00 fileNameGt=../../cp2016-max-common-connected-subgraph-paper/datasets/graphsdb/mcs30/m2D/m2Dr2/mcs30_m2Dr2_s90.B00
Reading graphs...
90 : 179
90 : 179
Initializing...
maxdom : 11
D->valSize : 542
Solving...
Blb : 3 (clique : 30)
currentSize : 30 <-- 0.006272 s
currentSize : 31 <-- 0.072056 s
currentSize : 32 <-- 0.754816 s
currentSize : 33 <-- 95.659462 s
currentSize : 34 <-- 262.988007 s
currentSize : 35 <-- 609.826233 s
currentSize : 36 <-- 961.856567 s

TIMEOUT
maxsize : 36
nodes : 262798399.000000
filtered : 1458710291.000000
time : 1000.000000
