Parameters: GAD=1 vflib=1 dir=1 label=1 lowerbound=1 fileNameGp=../../cp2016-max-common-connected-subgraph-paper/datasets/graphsdb/mcs30/rand/r001/mcs30_r001_s100.A08 fileNameGt=../../cp2016-max-common-connected-subgraph-paper/datasets/graphsdb/mcs30/rand/r001/mcs30_r001_s100.B08
Reading graphs...
100 : 120
100 : 120
Initializing...
maxdom : 7
D->valSize : 335
Solving...
Blb : 2 (clique : 40)
currentSize : 40 <-- 0.004385 s
currentSize : 41 <-- 0.004704 s
currentSize : 43 <-- 0.007225 s
currentSize : 44 <-- 0.331130 s
currentSize : 45 <-- 0.331209 s
currentSize : 46 <-- 0.493741 s

TIMEOUT
maxsize : 46
nodes : 231125151.000000
filtered : 672892313.000000
time : 1000.000061
