Parameters: GAD=1 vflib=1 dir=1 label=1 lowerbound=1 fileNameGp=../../cp2016-max-common-connected-subgraph-paper/datasets/graphsdb/mcs30/rand/r01/mcs30_r01_s90.A04 fileNameGt=../../cp2016-max-common-connected-subgraph-paper/datasets/graphsdb/mcs30/rand/r01/mcs30_r01_s90.B04
Reading graphs...
90 : 800
90 : 800
Initializing...
maxdom : 9
D->valSize : 534
Solving...
Blb : 2 (clique : 15)
currentSize : 15 <-- 0.008923 s
currentSize : 16 <-- 0.153475 s
currentSize : 17 <-- 1.617340 s
currentSize : 18 <-- 4.057426 s
currentSize : 19 <-- 19.527180 s
currentSize : 20 <-- 19.527660 s
currentSize : 21 <-- 23.447060 s
currentSize : 22 <-- 23.616297 s
currentSize : 23 <-- 26.068296 s
currentSize : 24 <-- 26.068327 s
currentSize : 25 <-- 26.068359 s
currentSize : 26 <-- 33.025005 s
currentSize : 27 <-- 78.538368 s

maxsize : 27
nodes : 18827123.000000
filtered : 381111666.000000
time : 126.147392
