Parameters: GAD=1 vflib=1 dir=1 label=1 lowerbound=1 fileNameGp=../../cp2016-max-common-connected-subgraph-paper/datasets/graphsdb/mcs30/bvg/b03m/mcs30_b03m_s60.A03 fileNameGt=../../cp2016-max-common-connected-subgraph-paper/datasets/graphsdb/mcs30/bvg/b03m/mcs30_b03m_s60.B03
Reading graphs...
60 : 90
60 : 90
Initializing...
maxdom : 7
D->valSize : 255
Solving...
Blb : 2 (clique : 24)
currentSize : 24 <-- 0.002054 s
currentSize : 25 <-- 0.177408 s
currentSize : 26 <-- 9.245247 s
currentSize : 27 <-- 117.574265 s
currentSize : 28 <-- 247.099731 s

maxsize : 28
nodes : 150051211.000000
filtered : 1196749680.000000
time : 599.585815
