Parameters: GAD=1 vflib=1 dir=1 label=1 lowerbound=1 fileNameGp=../../cp2016-max-common-connected-subgraph-paper/datasets/graphsdb/mcs30/rand/r01/mcs30_r01_s100.A09 fileNameGt=../../cp2016-max-common-connected-subgraph-paper/datasets/graphsdb/mcs30/rand/r01/mcs30_r01_s100.B09
Reading graphs...
100 : 989
100 : 989
Initializing...
maxdom : 7
D->valSize : 323
Solving...
Blb : 5 (clique : 15)
currentSize : 15 <-- 0.002830 s
currentSize : 16 <-- 0.013423 s
currentSize : 18 <-- 0.013540 s
currentSize : 19 <-- 0.049958 s
currentSize : 20 <-- 0.138547 s
currentSize : 21 <-- 0.327606 s
currentSize : 22 <-- 0.363923 s
currentSize : 23 <-- 0.364105 s
currentSize : 24 <-- 2.015105 s
currentSize : 26 <-- 5.763388 s
currentSize : 30 <-- 6.449602 s

maxsize : 30
nodes : 1452874.000000
filtered : 15449730.000000
time : 8.878176
