Parameters: GAD=1 vflib=1 dir=1 label=1 lowerbound=1 fileNameGp=../../cp2016-max-common-connected-subgraph-paper/datasets/graphsdb/mcs30/m2D/m2Dr2/mcs30_m2Dr2_s60.A02 fileNameGt=../../cp2016-max-common-connected-subgraph-paper/datasets/graphsdb/mcs30/m2D/m2Dr2/mcs30_m2Dr2_s60.B02
Reading graphs...
60 : 116
60 : 115
Initializing...
maxdom : 7
D->valSize : 224
Solving...
Blb : 2 (clique : 18)
currentSize : 18 <-- 0.002321 s
currentSize : 19 <-- 0.002950 s
currentSize : 20 <-- 0.021812 s
currentSize : 21 <-- 0.028613 s
currentSize : 22 <-- 0.719043 s
currentSize : 23 <-- 4.889696 s
currentSize : 24 <-- 10.579518 s
currentSize : 25 <-- 20.387638 s
currentSize : 26 <-- 132.461212 s

maxsize : 26
nodes : 82619236.000000
filtered : 481250480.000000
time : 283.446503
