Parameters: GAD=1 vflib=1 dir=1 label=1 lowerbound=1 fileNameGp=../../cp2016-max-common-connected-subgraph-paper/datasets/graphsdb/mcs30/m3D/m3Dr2/mcs30_m3Dr2_s90.A02 fileNameGt=../../cp2016-max-common-connected-subgraph-paper/datasets/graphsdb/mcs30/m3D/m3Dr2/mcs30_m3Dr2_s90.B02
Reading graphs...
90 : 227
90 : 227
Initializing...
maxdom : 12
D->valSize : 564
Solving...
Blb : 2 (clique : 27)
currentSize : 27 <-- 0.011276 s
currentSize : 28 <-- 0.011760 s
currentSize : 29 <-- 0.039136 s
currentSize : 30 <-- 0.075334 s
currentSize : 31 <-- 4.602609 s
currentSize : 32 <-- 43.298698 s
currentSize : 33 <-- 53.267509 s
currentSize : 34 <-- 165.017563 s

TIMEOUT
maxsize : 34
nodes : 194264138.000000
filtered : 1933694422.000000
time : 1000.000000
