Parameters: GAD=1 vflib=1 dir=1 label=1 lowerbound=1 fileNameGp=../../cp2016-max-common-connected-subgraph-paper/datasets/graphsdb/mcs30/rand/r02/mcs30_r02_s100.A09 fileNameGt=../../cp2016-max-common-connected-subgraph-paper/datasets/graphsdb/mcs30/rand/r02/mcs30_r02_s100.B09
Reading graphs...
100 : 1979
100 : 1979
Initializing...
maxdom : 7
D->valSize : 357
Solving...
Blb : 2 (clique : 7)
currentSize : 7 <-- 0.003646 s
currentSize : 8 <-- 0.003809 s
currentSize : 10 <-- 0.003999 s
currentSize : 11 <-- 0.004340 s
currentSize : 13 <-- 0.004734 s
currentSize : 14 <-- 0.004998 s
currentSize : 15 <-- 0.005655 s
currentSize : 18 <-- 0.005734 s
currentSize : 20 <-- 0.043389 s
currentSize : 21 <-- 0.077564 s
currentSize : 30 <-- 0.080044 s

maxsize : 30
nodes : 20302.000000
filtered : 437634.000000
time : 0.147224
