Parameters: GAD=1 vflib=1 dir=1 label=1 lowerbound=1 fileNameGp=../../cp2016-max-common-connected-subgraph-paper/datasets/graphsdb/mcs30/bvg/b06/mcs30_b06_s100.A02 fileNameGt=../../cp2016-max-common-connected-subgraph-paper/datasets/graphsdb/mcs30/bvg/b06/mcs30_b06_s100.B02
Reading graphs...
100 : 300
100 : 300
Initializing...
maxdom : 7
D->valSize : 347
Solving...
Blb : 3 (clique : 31)
currentSize : 31 <-- 0.003690 s
currentSize : 32 <-- 0.003972 s
currentSize : 33 <-- 0.005396 s
currentSize : 34 <-- 0.997635 s
currentSize : 35 <-- 31.058664 s
currentSize : 36 <-- 93.765213 s
currentSize : 37 <-- 96.661003 s
currentSize : 38 <-- 115.239479 s

TIMEOUT
maxsize : 38
nodes : 189153966.000000
filtered : 776423483.000000
time : 1000.000061
