Parameters: GAD=1 vflib=1 dir=1 label=1 lowerbound=1 fileNameGp=../../cp2016-max-common-connected-subgraph-paper/datasets/graphsdb/mcs30/m4D/m4Dr6/mcs30_m4Dr6_s60.A00 fileNameGt=../../cp2016-max-common-connected-subgraph-paper/datasets/graphsdb/mcs30/m4D/m4Dr6/mcs30_m4Dr6_s60.B00
Reading graphs...
60 : 138
60 : 135
Initializing...
maxdom : 6
D->valSize : 232
Solving...
Blb : 2 (clique : 19)
currentSize : 19 <-- 0.002378 s
currentSize : 20 <-- 0.076766 s
currentSize : 21 <-- 0.099251 s
currentSize : 22 <-- 2.180839 s
currentSize : 23 <-- 16.416697 s
currentSize : 24 <-- 72.463860 s
currentSize : 25 <-- 285.885925 s

maxsize : 25
nodes : 91197100.000000
filtered : 531094597.000000
time : 336.656738
