Parameters: GAD=1 vflib=1 dir=1 label=1 lowerbound=1 fileNameGp=../../cp2016-max-common-connected-subgraph-paper/datasets/graphsdb/mcs30/bvg/b09m/mcs30_b09m_s60.A01 fileNameGt=../../cp2016-max-common-connected-subgraph-paper/datasets/graphsdb/mcs30/bvg/b09m/mcs30_b09m_s60.B01
Reading graphs...
60 : 270
60 : 270
Initializing...
maxdom : 7
D->valSize : 256
Solving...
Blb : 3 (clique : 15)
currentSize : 15 <-- 0.001729 s
currentSize : 16 <-- 0.197932 s
currentSize : 17 <-- 0.541138 s
currentSize : 18 <-- 0.541545 s
currentSize : 19 <-- 1.369264 s
currentSize : 20 <-- 1.369394 s
currentSize : 21 <-- 3.236849 s

maxsize : 21
nodes : 1556352.000000
filtered : 13160177.000000
time : 6.551767
