Parameters: GAD=1 vflib=1 dir=1 label=1 lowerbound=1 fileNameGp=../../cp2016-max-common-connected-subgraph-paper/datasets/graphsdb/mcs30/bvg/b03/mcs30_b03_s40.A08 fileNameGt=../../cp2016-max-common-connected-subgraph-paper/datasets/graphsdb/mcs30/bvg/b03/mcs30_b03_s40.B08
Reading graphs...
40 : 60
40 : 60
Initializing...
maxdom : 8
D->valSize : 194
Solving...
Blb : 2 (clique : 14)
currentSize : 14 <-- 0.001038 s
currentSize : 15 <-- 0.001137 s
currentSize : 16 <-- 0.001350 s
currentSize : 18 <-- 0.006131 s
currentSize : 19 <-- 2.441352 s
currentSize : 20 <-- 9.029975 s

maxsize : 20
nodes : 36367117.000000
filtered : 264336865.000000
time : 93.352982
