Parameters: GAD=1 vflib=1 dir=1 label=1 lowerbound=1 fileNameGp=../../cp2016-max-common-connected-subgraph-paper/datasets/graphsdb/mcs30/bvg/b03/mcs30_b03_s40.A04 fileNameGt=../../cp2016-max-common-connected-subgraph-paper/datasets/graphsdb/mcs30/bvg/b03/mcs30_b03_s40.B04
Reading graphs...
40 : 60
40 : 60
Initializing...
maxdom : 9
D->valSize : 201
Solving...
Blb : 5 (clique : 13)
currentSize : 13 <-- 0.001121 s
currentSize : 14 <-- 0.027052 s
currentSize : 15 <-- 0.091132 s
currentSize : 16 <-- 0.368063 s
currentSize : 17 <-- 1.608020 s
currentSize : 18 <-- 1.608229 s
currentSize : 19 <-- 3.993302 s

maxsize : 19
nodes : 4421537.000000
filtered : 26878227.000000
time : 11.242324
