Parameters: GAD=1 vflib=1 dir=1 label=1 lowerbound=1 fileNameGp=../../cp2016-max-common-connected-subgraph-paper/datasets/graphsdb/mcs30/m4D/m4Dr6/mcs30_m4Dr6_s70.A03 fileNameGt=../../cp2016-max-common-connected-subgraph-paper/datasets/graphsdb/mcs30/m4D/m4Dr6/mcs30_m4Dr6_s70.B03
Reading graphs...
70 : 160
70 : 159
Initializing...
maxdom : 8
D->valSize : 317
Solving...
Blb : 2 (clique : 22)
currentSize : 22 <-- 0.002502 s
currentSize : 23 <-- 0.004242 s
currentSize : 24 <-- 2.297160 s
currentSize : 25 <-- 4.306758 s
currentSize : 26 <-- 23.072208 s
currentSize : 27 <-- 84.005501 s
currentSize : 28 <-- 305.801636 s
currentSize : 29 <-- 579.598389 s

TIMEOUT
maxsize : 29
nodes : 239883372.000000
filtered : 1516098943.000000
time : 1000.000061
