Parameters: GAD=1 vflib=1 dir=1 label=1 lowerbound=1 fileNameGp=../../cp2016-max-common-connected-subgraph-paper/datasets/graphsdb/mcs30/m3D/m3Dr2/mcs30_m3Dr2_s70.A07 fileNameGt=../../cp2016-max-common-connected-subgraph-paper/datasets/graphsdb/mcs30/m3D/m3Dr2/mcs30_m3Dr2_s70.B07
Reading graphs...
70 : 173
70 : 173
Initializing...
maxdom : 8
D->valSize : 336
Solving...
Blb : 3 (clique : 22)
currentSize : 22 <-- 0.004242 s
currentSize : 23 <-- 0.062927 s
currentSize : 24 <-- 1.746544 s
currentSize : 25 <-- 11.126091 s
currentSize : 26 <-- 14.295315 s
currentSize : 27 <-- 14.965412 s
currentSize : 28 <-- 34.241325 s
currentSize : 31 <-- 477.243500 s
currentSize : 32 <-- 477.243958 s
currentSize : 33 <-- 477.344879 s

maxsize : 33
nodes : 183346013.000000
filtered : 1577547016.000000
time : 884.201355
