Parameters: GAD=1 vflib=1 dir=1 label=1 lowerbound=1 fileNameGp=../../cp2016-max-common-connected-subgraph-paper/datasets/graphsdb/mcs30/m2D/m2Dr6/mcs30_m2Dr6_s70.A09 fileNameGt=../../cp2016-max-common-connected-subgraph-paper/datasets/graphsdb/mcs30/m2D/m2Dr6/mcs30_m2Dr6_s70.B09
Reading graphs...
70 : 165
70 : 164
Initializing...
maxdom : 8
D->valSize : 355
Solving...
Blb : 2 (clique : 21)
currentSize : 21 <-- 0.002868 s
currentSize : 22 <-- 0.704120 s
currentSize : 23 <-- 4.625063 s
currentSize : 24 <-- 50.005890 s
currentSize : 25 <-- 62.001328 s
currentSize : 26 <-- 121.900307 s
currentSize : 27 <-- 289.346344 s
currentSize : 28 <-- 573.248718 s
currentSize : 29 <-- 578.898438 s

TIMEOUT
maxsize : 29
nodes : 236907746.000000
filtered : 1600049103.000000
time : 1000.000000
