Parameters: GAD=1 vflib=1 dir=1 label=1 lowerbound=1 fileNameGp=../../cp2016-max-common-connected-subgraph-paper/datasets/graphsdb/mcs30/m2D/m2Dr6/mcs30_m2Dr6_s80.A08 fileNameGt=../../cp2016-max-common-connected-subgraph-paper/datasets/graphsdb/mcs30/m2D/m2Dr6/mcs30_m2Dr6_s80.B08
Reading graphs...
80 : 190
80 : 190
Initializing...
maxdom : 11
D->valSize : 384
Solving...
Blb : 2 (clique : 27)
currentSize : 27 <-- 0.004589 s
currentSize : 28 <-- 0.004919 s
currentSize : 29 <-- 0.005220 s
currentSize : 30 <-- 0.007466 s
currentSize : 31 <-- 0.008130 s
currentSize : 32 <-- 0.009133 s

TIMEOUT
maxsize : 32
nodes : 200790923.000000
filtered : 1519767969.000000
time : 1000.000000
