Parameters: GAD=1 vflib=1 dir=1 label=1 lowerbound=1 fileNameGp=../../cp2016-max-common-connected-subgraph-paper/datasets/graphsdb/mcs30/bvg/b03m/mcs30_b03m_s60.A05 fileNameGt=../../cp2016-max-common-connected-subgraph-paper/datasets/graphsdb/mcs30/bvg/b03m/mcs30_b03m_s60.B05
Reading graphs...
60 : 90
60 : 90
Initializing...
maxdom : 8
D->valSize : 248
Solving...
Blb : 2 (clique : 22)
currentSize : 22 <-- 0.001792 s
currentSize : 24 <-- 0.001921 s
currentSize : 25 <-- 0.140533 s
currentSize : 26 <-- 1.402987 s
currentSize : 27 <-- 18.676994 s
currentSize : 28 <-- 40.060249 s
currentSize : 29 <-- 313.577454 s

maxsize : 29
nodes : 92032234.000000
filtered : 644628989.000000
time : 377.602844
