Parameters: GAD=1 vflib=1 dir=1 label=1 lowerbound=1 fileNameGp=../../cp2016-max-common-connected-subgraph-paper/datasets/graphsdb/mcs30/bvg/b09/mcs30_b09_s70.A07 fileNameGt=../../cp2016-max-common-connected-subgraph-paper/datasets/graphsdb/mcs30/bvg/b09/mcs30_b09_s70.B07
Reading graphs...
70 : 315
70 : 315
Initializing...
maxdom : 7
D->valSize : 323
Solving...
Blb : 2 (clique : 20)
currentSize : 20 <-- 0.003759 s
currentSize : 21 <-- 0.004263 s
currentSize : 22 <-- 0.008973 s
currentSize : 23 <-- 0.101276 s
currentSize : 24 <-- 0.403951 s
currentSize : 25 <-- 4.452912 s

maxsize : 25
nodes : 34708685.000000
filtered : 412416877.000000
time : 178.032028
