Parameters: GAD=1 vflib=1 dir=1 label=1 lowerbound=1 fileNameGp=../../cp2016-max-common-connected-subgraph-paper/datasets/graphsdb/mcs30/bvg/b03m/mcs30_b03m_s100.A04 fileNameGt=../../cp2016-max-common-connected-subgraph-paper/datasets/graphsdb/mcs30/bvg/b03m/mcs30_b03m_s100.B04
Reading graphs...
100 : 150
100 : 150
Initializing...
maxdom : 7
D->valSize : 337
Solving...
Blb : 2 (clique : 41)
currentSize : 41 <-- 0.005424 s
currentSize : 42 <-- 0.006028 s
currentSize : 43 <-- 0.006291 s
currentSize : 44 <-- 0.006632 s
currentSize : 45 <-- 0.191429 s
currentSize : 46 <-- 2.504861 s
currentSize : 47 <-- 17.192085 s
currentSize : 48 <-- 91.329262 s

TIMEOUT
maxsize : 48
nodes : 210184298.000000
filtered : 921488336.000000
time : 1000.000061
