Parameters: GAD=1 vflib=1 dir=1 label=1 lowerbound=1 fileNameGp=../../cp2016-max-common-connected-subgraph-paper/datasets/graphsdb/mcs30/bvg/b03/mcs30_b03_s70.A07 fileNameGt=../../cp2016-max-common-connected-subgraph-paper/datasets/graphsdb/mcs30/bvg/b03/mcs30_b03_s70.B07
Reading graphs...
70 : 105
70 : 105
Initializing...
maxdom : 9
D->valSize : 341
Solving...
Blb : 2 (clique : 26)
currentSize : 26 <-- 0.004014 s
currentSize : 27 <-- 0.004209 s
currentSize : 28 <-- 0.289100 s
currentSize : 29 <-- 0.495562 s
currentSize : 30 <-- 66.062065 s
currentSize : 31 <-- 66.476685 s
currentSize : 32 <-- 494.967163 s
currentSize : 33 <-- 930.379211 s

TIMEOUT
maxsize : 33
nodes : 230349546.000000
filtered : 1788217314.000000
time : 1000.000000
