Parameters: GAD=1 vflib=1 dir=1 label=1 lowerbound=1 fileNameGp=../../cp2016-max-common-connected-subgraph-paper/datasets/graphsdb/mcs30/bvg/b06m/mcs30_b06m_s100.A07 fileNameGt=../../cp2016-max-common-connected-subgraph-paper/datasets/graphsdb/mcs30/bvg/b06m/mcs30_b06m_s100.B07
Reading graphs...
100 : 300
100 : 300
Initializing...
maxdom : 6
D->valSize : 335
Solving...
Blb : 2 (clique : 29)
currentSize : 29 <-- 0.003198 s
currentSize : 30 <-- 0.003955 s
currentSize : 31 <-- 0.005273 s
currentSize : 32 <-- 0.007000 s
currentSize : 33 <-- 0.008599 s
currentSize : 34 <-- 0.115544 s
currentSize : 35 <-- 0.132033 s
currentSize : 36 <-- 6.092189 s
currentSize : 37 <-- 10.587079 s
currentSize : 38 <-- 41.025558 s

TIMEOUT
maxsize : 38
nodes : 207195932.000000
filtered : 771557794.000000
time : 1000.000000
