Parameters: GAD=1 vflib=1 dir=1 label=1 lowerbound=1 fileNameGp=../../cp2016-max-common-connected-subgraph-paper/datasets/graphsdb/mcs30/rand/r005/mcs30_r005_s90.A06 fileNameGt=../../cp2016-max-common-connected-subgraph-paper/datasets/graphsdb/mcs30/rand/r005/mcs30_r005_s90.B06
Reading graphs...
90 : 399
90 : 399
Initializing...
maxdom : 11
D->valSize : 537
Solving...
Blb : 5 (clique : 18)
currentSize : 18 <-- 0.009899 s
currentSize : 19 <-- 0.011053 s
currentSize : 20 <-- 0.018490 s
currentSize : 21 <-- 0.127465 s
currentSize : 22 <-- 0.150696 s
currentSize : 23 <-- 0.258621 s
currentSize : 24 <-- 0.278516 s
currentSize : 25 <-- 5.606786 s
currentSize : 26 <-- 85.475037 s
currentSize : 27 <-- 401.673462 s
currentSize : 28 <-- 999.198669 s

TIMEOUT
maxsize : 28
nodes : 190855642.000000
filtered : 2026303547.000000
time : 1000.000000
