Parameters: GAD=1 vflib=1 dir=1 label=1 lowerbound=1 fileNameGp=../../cp2016-max-common-connected-subgraph-paper/datasets/graphsdb/mcs30/m3D/m3Dr2/mcs30_m3Dr2_s90.A08 fileNameGt=../../cp2016-max-common-connected-subgraph-paper/datasets/graphsdb/mcs30/m3D/m3Dr2/mcs30_m3Dr2_s90.B08
Reading graphs...
90 : 227
90 : 226
Initializing...
maxdom : 9
D->valSize : 492
Solving...
Blb : 2 (clique : 29)
currentSize : 29 <-- 0.008683 s
currentSize : 30 <-- 0.018597 s
currentSize : 31 <-- 0.041172 s
currentSize : 32 <-- 1.727623 s
currentSize : 33 <-- 2.405746 s
currentSize : 34 <-- 859.036865 s

TIMEOUT
maxsize : 34
nodes : 222378010.000000
filtered : 1398479196.000000
time : 1000.000000
