Parameters: GAD=1 vflib=1 dir=1 label=1 lowerbound=1 fileNameGp=../../cp2016-max-common-connected-subgraph-paper/datasets/graphsdb/mcs30/m2D/m2D/mcs30_m2D_s60.A05 fileNameGt=../../cp2016-max-common-connected-subgraph-paper/datasets/graphsdb/mcs30/m2D/m2D/mcs30_m2D_s60.B05
Reading graphs...
60 : 104
60 : 104
Initializing...
maxdom : 9
D->valSize : 234
Solving...
Blb : 2 (clique : 20)
currentSize : 20 <-- 0.002452 s
currentSize : 21 <-- 0.002939 s
currentSize : 22 <-- 0.027584 s
currentSize : 23 <-- 0.094082 s
currentSize : 24 <-- 0.126685 s
currentSize : 25 <-- 1.437126 s
currentSize : 26 <-- 2.494042 s
currentSize : 27 <-- 2.935813 s
currentSize : 28 <-- 5.823726 s

maxsize : 28
nodes : 46455682.000000
filtered : 278595239.000000
time : 172.502899
