Parameters: GAD=1 vflib=1 dir=1 label=1 lowerbound=1 fileNameGp=../../cp2016-max-common-connected-subgraph-paper/datasets/graphsdb/mcs30/bvg/b09/mcs30_b09_s60.A07 fileNameGt=../../cp2016-max-common-connected-subgraph-paper/datasets/graphsdb/mcs30/bvg/b09/mcs30_b09_s60.B07
Reading graphs...
60 : 270
60 : 270
Initializing...
maxdom : 8
D->valSize : 246
Solving...
Blb : 3 (clique : 15)
currentSize : 15 <-- 0.001692 s
currentSize : 16 <-- 2.036911 s
currentSize : 17 <-- 3.744883 s
currentSize : 18 <-- 3.754186 s
currentSize : 19 <-- 3.754211 s
currentSize : 20 <-- 3.754650 s
currentSize : 21 <-- 3.812405 s

maxsize : 21
nodes : 1517264.000000
filtered : 13285106.000000
time : 6.104008
