Parameters: GAD=1 vflib=1 dir=1 label=1 lowerbound=1 fileNameGp=../../cp2016-max-common-connected-subgraph-paper/datasets/graphsdb/mcs30/m2D/m2Dr4/mcs30_m2Dr4_s80.A05 fileNameGt=../../cp2016-max-common-connected-subgraph-paper/datasets/graphsdb/mcs30/m2D/m2Dr4/mcs30_m2Dr4_s80.B05
Reading graphs...
80 : 174
80 : 173
Initializing...
maxdom : 8
D->valSize : 398
Solving...
Blb : 2 (clique : 25)
currentSize : 25 <-- 0.006134 s
currentSize : 26 <-- 0.006577 s
currentSize : 27 <-- 0.011591 s
currentSize : 28 <-- 0.250615 s
currentSize : 29 <-- 8.006950 s
currentSize : 30 <-- 423.157196 s

TIMEOUT
maxsize : 30
nodes : 262464310.000000
filtered : 1190744751.000000
time : 1000.000000
