Parameters: GAD=1 vflib=1 dir=1 label=1 lowerbound=1 fileNameGp=../../cp2016-max-common-connected-subgraph-paper/datasets/graphsdb/mcs30/m2D/m2D/mcs30_m2D_s60.A03 fileNameGt=../../cp2016-max-common-connected-subgraph-paper/datasets/graphsdb/mcs30/m2D/m2D/mcs30_m2D_s60.B03
Reading graphs...
60 : 104
60 : 104
Initializing...
maxdom : 7
D->valSize : 249
Solving...
Blb : 2 (clique : 21)
currentSize : 21 <-- 0.001750 s
currentSize : 22 <-- 0.299759 s
currentSize : 23 <-- 0.354007 s
currentSize : 24 <-- 9.381148 s
currentSize : 25 <-- 231.184738 s
currentSize : 26 <-- 693.628479 s
currentSize : 27 <-- 767.877441 s
currentSize : 28 <-- 786.591980 s
currentSize : 29 <-- 904.100586 s

TIMEOUT
maxsize : 29
nodes : 274287363.000000
filtered : 1755740116.000000
time : 1000.000000
