Parameters: GAD=1 vflib=1 dir=1 label=1 lowerbound=1 fileNameGp=../../cp2016-max-common-connected-subgraph-paper/datasets/graphsdb/mcs30/rand/r01/mcs30_r01_s100.A06 fileNameGt=../../cp2016-max-common-connected-subgraph-paper/datasets/graphsdb/mcs30/rand/r01/mcs30_r01_s100.B06
Reading graphs...
100 : 989
100 : 989
Initializing...
maxdom : 8
D->valSize : 359
Solving...
Blb : 2 (clique : 13)
currentSize : 13 <-- 0.005331 s
currentSize : 14 <-- 0.010323 s
currentSize : 15 <-- 0.016893 s
currentSize : 16 <-- 0.068867 s
currentSize : 17 <-- 0.170247 s
currentSize : 18 <-- 0.794273 s
currentSize : 19 <-- 4.372877 s
currentSize : 20 <-- 4.751026 s
currentSize : 21 <-- 4.782557 s
currentSize : 22 <-- 7.097861 s
currentSize : 23 <-- 7.291642 s
currentSize : 24 <-- 7.708922 s
currentSize : 26 <-- 7.740843 s
currentSize : 30 <-- 7.757443 s

maxsize : 30
nodes : 2358381.000000
filtered : 22698011.000000
time : 13.882534
