Parameters: GAD=1 vflib=1 dir=1 label=1 lowerbound=1 fileNameGp=../../cp2016-max-common-connected-subgraph-paper/datasets/graphsdb/mcs30/bvg/b03/mcs30_b03_s100.A02 fileNameGt=../../cp2016-max-common-connected-subgraph-paper/datasets/graphsdb/mcs30/bvg/b03/mcs30_b03_s100.B02
Reading graphs...
100 : 150
100 : 150
Initializing...
maxdom : 6
D->valSize : 309
Solving...
Blb : 2 (clique : 36)
currentSize : 36 <-- 0.003092 s
currentSize : 37 <-- 0.168129 s
currentSize : 38 <-- 0.179016 s
currentSize : 39 <-- 63.716957 s
currentSize : 40 <-- 133.145218 s
currentSize : 41 <-- 153.433914 s

TIMEOUT
maxsize : 41
nodes : 261076158.000000
filtered : 793621207.000000
time : 1000.000061
