Parameters: GAD=1 vflib=1 dir=1 label=1 lowerbound=1 fileNameGp=../../cp2016-max-common-connected-subgraph-paper/datasets/graphsdb/mcs30/m2D/m2Dr6/mcs30_m2Dr6_s50.A01 fileNameGt=../../cp2016-max-common-connected-subgraph-paper/datasets/graphsdb/mcs30/m2D/m2Dr6/mcs30_m2Dr6_s50.B01
Reading graphs...
50 : 115
50 : 114
Initializing...
maxdom : 8
D->valSize : 316
Solving...
Blb : 2 (clique : 18)
currentSize : 18 <-- 0.002266 s
currentSize : 19 <-- 0.004687 s
currentSize : 20 <-- 0.156228 s
currentSize : 21 <-- 7.617032 s
currentSize : 22 <-- 410.217133 s
currentSize : 23 <-- 491.062042 s

maxsize : 23
nodes : 170916137.000000
filtered : 1663047575.000000
time : 617.162170
