Parameters: GAD=1 vflib=1 dir=1 label=1 lowerbound=1 fileNameGp=../../cp2016-max-common-connected-subgraph-paper/datasets/graphsdb/mcs30/bvg/b09m/mcs30_b09m_s100.A06 fileNameGt=../../cp2016-max-common-connected-subgraph-paper/datasets/graphsdb/mcs30/bvg/b09m/mcs30_b09m_s100.B06
Reading graphs...
100 : 450
100 : 450
Initializing...
maxdom : 7
D->valSize : 315
Solving...
Blb : 3 (clique : 26)
currentSize : 26 <-- 0.003036 s
currentSize : 27 <-- 50.077763 s
currentSize : 29 <-- 50.082016 s
currentSize : 30 <-- 50.086079 s
currentSize : 31 <-- 51.847286 s
currentSize : 32 <-- 154.965530 s
currentSize : 33 <-- 350.492096 s
currentSize : 34 <-- 367.230774 s

TIMEOUT
maxsize : 34
nodes : 204558648.000000
filtered : 803463953.000000
time : 1000.000000
