Parameters: GAD=1 vflib=1 dir=1 label=1 lowerbound=1 fileNameGp=../../cp2016-max-common-connected-subgraph-paper/datasets/graphsdb/mcs30/m3D/m3Dr6/mcs30_m3Dr6_s100.A08 fileNameGt=../../cp2016-max-common-connected-subgraph-paper/datasets/graphsdb/mcs30/m3D/m3Dr6/mcs30_m3Dr6_s100.B08
Reading graphs...
100 : 295
100 : 294
Initializing...
maxdom : 8
D->valSize : 343
Solving...
Blb : 2 (clique : 25)
currentSize : 25 <-- 0.005267 s
currentSize : 26 <-- 0.481812 s
currentSize : 27 <-- 0.999963 s
currentSize : 28 <-- 4.734411 s
currentSize : 29 <-- 9.629100 s
currentSize : 30 <-- 64.644554 s
currentSize : 31 <-- 84.311150 s
currentSize : 32 <-- 233.144272 s
currentSize : 33 <-- 705.148865 s

TIMEOUT
maxsize : 33
nodes : 186581494.000000
filtered : 1301877910.000000
time : 1000.000000
