Parameters: GAD=1 vflib=1 dir=1 label=1 lowerbound=1 fileNameGp=../../cp2016-max-common-connected-subgraph-paper/datasets/graphsdb/mcs30/m2D/m2Dr4/mcs30_m2Dr4_s50.A00 fileNameGt=../../cp2016-max-common-connected-subgraph-paper/datasets/graphsdb/mcs30/m2D/m2Dr4/mcs30_m2Dr4_s50.B00
Reading graphs...
50 : 105
50 : 104
Initializing...
maxdom : 10
D->valSize : 342
Solving...
Blb : 2 (clique : 15)
currentSize : 15 <-- 0.003968 s
currentSize : 17 <-- 0.004119 s
currentSize : 18 <-- 0.004694 s
currentSize : 19 <-- 0.004955 s
currentSize : 20 <-- 0.005667 s
currentSize : 21 <-- 0.031323 s
currentSize : 22 <-- 92.490059 s
currentSize : 23 <-- 92.490257 s

maxsize : 23
nodes : 76546731.000000
filtered : 944807570.000000
time : 291.932373
