Parameters: GAD=1 vflib=1 dir=1 label=1 lowerbound=1 fileNameGp=../../cp2016-max-common-connected-subgraph-paper/datasets/graphsdb/mcs30/m2D/m2Dr4/mcs30_m2Dr4_s70.A06 fileNameGt=../../cp2016-max-common-connected-subgraph-paper/datasets/graphsdb/mcs30/m2D/m2Dr4/mcs30_m2Dr4_s70.B06
Reading graphs...
70 : 151
70 : 148
Initializing...
maxdom : 7
D->valSize : 316
Solving...
Blb : 2 (clique : 24)
currentSize : 24 <-- 0.003764 s
currentSize : 25 <-- 0.008169 s
currentSize : 26 <-- 0.013280 s
currentSize : 27 <-- 0.018419 s
currentSize : 28 <-- 0.642055 s
currentSize : 29 <-- 0.658706 s
currentSize : 30 <-- 29.116863 s
currentSize : 31 <-- 29.117455 s
currentSize : 32 <-- 29.148600 s

TIMEOUT
maxsize : 32
nodes : 211414507.000000
filtered : 1808859402.000000
time : 1000.000000
