Parameters: GAD=1 vflib=1 dir=1 label=1 lowerbound=1 fileNameGp=../../cp2016-max-common-connected-subgraph-paper/datasets/graphsdb/mcs30/bvg/b09m/mcs30_b09m_s70.A05 fileNameGt=../../cp2016-max-common-connected-subgraph-paper/datasets/graphsdb/mcs30/bvg/b09m/mcs30_b09m_s70.B05
Reading graphs...
70 : 315
70 : 315
Initializing...
maxdom : 8
D->valSize : 326
Solving...
Blb : 3 (clique : 18)
currentSize : 18 <-- 0.002597 s
currentSize : 19 <-- 2.383682 s
currentSize : 20 <-- 53.949703 s
currentSize : 21 <-- 53.957081 s
currentSize : 22 <-- 54.911320 s
currentSize : 23 <-- 54.981625 s
currentSize : 24 <-- 54.981709 s
currentSize : 25 <-- 55.453255 s

maxsize : 25
nodes : 25284104.000000
filtered : 226398700.000000
time : 112.751442
