Parameters: GAD=1 vflib=1 dir=1 label=1 lowerbound=1 fileNameGp=../../cp2016-max-common-connected-subgraph-paper/datasets/graphsdb/mcs30/bvg/b06/mcs30_b06_s100.A03 fileNameGt=../../cp2016-max-common-connected-subgraph-paper/datasets/graphsdb/mcs30/bvg/b06/mcs30_b06_s100.B03
Reading graphs...
100 : 300
100 : 300
Initializing...
maxdom : 6
D->valSize : 344
Solving...
Blb : 3 (clique : 26)
currentSize : 26 <-- 0.005386 s
currentSize : 27 <-- 0.024642 s
currentSize : 28 <-- 0.980357 s
currentSize : 29 <-- 5.789044 s
currentSize : 30 <-- 66.586006 s
currentSize : 31 <-- 488.772003 s
currentSize : 32 <-- 805.252747 s

TIMEOUT
maxsize : 32
nodes : 204984817.000000
filtered : 954161021.000000
time : 1000.000000
