Parameters: GAD=1 vflib=1 dir=1 label=1 lowerbound=1 fileNameGp=../../cp2016-max-common-connected-subgraph-paper/datasets/graphsdb/mcs30/m4D/m4Dr6/mcs30_m4Dr6_s60.A03 fileNameGt=../../cp2016-max-common-connected-subgraph-paper/datasets/graphsdb/mcs30/m4D/m4Dr6/mcs30_m4Dr6_s60.B03
Reading graphs...
60 : 138
60 : 137
Initializing...
maxdom : 9
D->valSize : 241
Solving...
Blb : 2 (clique : 20)
currentSize : 20 <-- 0.001595 s
currentSize : 21 <-- 0.043664 s
currentSize : 22 <-- 0.073943 s
currentSize : 23 <-- 0.795370 s
currentSize : 24 <-- 1.479311 s
currentSize : 25 <-- 1.782674 s

maxsize : 25
nodes : 12900926.000000
filtered : 134299447.000000
time : 57.771118
