Parameters: GAD=1 vflib=1 dir=1 label=1 lowerbound=1 fileNameGp=../../cp2016-max-common-connected-subgraph-paper/datasets/graphsdb/mcs30/m4D/m4D/mcs30_m4D_s80.A04 fileNameGt=../../cp2016-max-common-connected-subgraph-paper/datasets/graphsdb/mcs30/m4D/m4D/mcs30_m4D_s80.B04
Reading graphs...
80 : 131
80 : 131
Initializing...
maxdom : 11
D->valSize : 406
Solving...
Blb : 2 (clique : 28)
currentSize : 28 <-- 0.003927 s
currentSize : 29 <-- 0.007734 s
currentSize : 30 <-- 0.067548 s
currentSize : 31 <-- 4.940340 s
currentSize : 32 <-- 5.001410 s
currentSize : 33 <-- 518.992554 s

TIMEOUT
maxsize : 33
nodes : 261738538.000000
filtered : 1581870410.000000
time : 1000.000000
