Parameters: GAD=1 vflib=1 dir=1 label=1 lowerbound=1 fileNameGp=../../cp2016-max-common-connected-subgraph-paper/datasets/graphsdb/mcs30/bvg/b06m/mcs30_b06m_s80.A08 fileNameGt=../../cp2016-max-common-connected-subgraph-paper/datasets/graphsdb/mcs30/bvg/b06m/mcs30_b06m_s80.B08
Reading graphs...
80 : 240
80 : 240
Initializing...
maxdom : 8
D->valSize : 425
Solving...
Blb : 3 (clique : 22)
currentSize : 22 <-- 0.004095 s
currentSize : 23 <-- 0.004516 s
currentSize : 24 <-- 0.011294 s
currentSize : 25 <-- 0.431373 s
currentSize : 26 <-- 1.252937 s
currentSize : 27 <-- 37.563992 s
currentSize : 28 <-- 653.268433 s

TIMEOUT
maxsize : 28
nodes : 206035303.000000
filtered : 1825139719.000000
time : 1000.000000
