Parameters: GAD=1 vflib=1 dir=1 label=1 lowerbound=1 fileNameGp=../../cp2016-max-common-connected-subgraph-paper/datasets/graphsdb/mcs30/bvg/b09m/mcs30_b09m_s80.A05 fileNameGt=../../cp2016-max-common-connected-subgraph-paper/datasets/graphsdb/mcs30/bvg/b09m/mcs30_b09m_s80.B05
Reading graphs...
80 : 360
80 : 360
Initializing...
maxdom : 9
D->valSize : 431
Solving...
Blb : 2 (clique : 17)
currentSize : 17 <-- 0.003979 s
currentSize : 18 <-- 0.004121 s
currentSize : 19 <-- 0.004167 s
currentSize : 20 <-- 0.018101 s
currentSize : 21 <-- 0.102357 s
currentSize : 22 <-- 0.364983 s
currentSize : 23 <-- 4.060892 s
currentSize : 24 <-- 18.742376 s
currentSize : 25 <-- 31.453756 s
currentSize : 26 <-- 56.078239 s
currentSize : 27 <-- 141.458435 s
currentSize : 28 <-- 534.238586 s

TIMEOUT
maxsize : 28
nodes : 176884279.000000
filtered : 2093866312.000000
time : 1000.000000
