Parameters: GAD=1 vflib=1 dir=1 label=1 lowerbound=1 fileNameGp=../../cp2016-max-common-connected-subgraph-paper/datasets/graphsdb/mcs30/m2D/m2Dr2/mcs30_m2Dr2_s50.A04 fileNameGt=../../cp2016-max-common-connected-subgraph-paper/datasets/graphsdb/mcs30/m2D/m2Dr2/mcs30_m2Dr2_s50.B04
Reading graphs...
50 : 95
50 : 95
Initializing...
maxdom : 10
D->valSize : 321
Solving...
Blb : 2 (clique : 18)
currentSize : 18 <-- 0.002474 s
currentSize : 19 <-- 2.200990 s
currentSize : 20 <-- 14.041391 s
currentSize : 21 <-- 36.033710 s
currentSize : 22 <-- 46.863647 s
currentSize : 23 <-- 61.691761 s

TIMEOUT
maxsize : 23
nodes : 420745053.000000
filtered : 1984332182.000000
time : 1000.000000
