Parameters: GAD=1 vflib=1 dir=1 label=1 lowerbound=1 fileNameGp=../../cp2016-max-common-connected-subgraph-paper/datasets/graphsdb/mcs30/m3D/m3D/mcs30_m3D_s70.A08 fileNameGt=../../cp2016-max-common-connected-subgraph-paper/datasets/graphsdb/mcs30/m3D/m3D/mcs30_m3D_s70.B08
Reading graphs...
70 : 159
70 : 159
Initializing...
maxdom : 8
D->valSize : 348
Solving...
Blb : 2 (clique : 23)
currentSize : 23 <-- 0.002986 s
currentSize : 24 <-- 0.006446 s
currentSize : 25 <-- 1.812011 s
currentSize : 26 <-- 1.887377 s
currentSize : 27 <-- 14.668103 s
currentSize : 29 <-- 24.294325 s
currentSize : 30 <-- 26.023577 s
currentSize : 31 <-- 27.475048 s
currentSize : 32 <-- 41.718281 s
currentSize : 33 <-- 42.311024 s

TIMEOUT
maxsize : 33
nodes : 222996528.000000
filtered : 1937862183.000000
time : 1000.000000
