Parameters: GAD=1 vflib=1 dir=1 label=1 lowerbound=1 fileNameGp=../../cp2016-max-common-connected-subgraph-paper/datasets/graphsdb/mcs30/rand/r005/mcs30_r005_s100.A05 fileNameGt=../../cp2016-max-common-connected-subgraph-paper/datasets/graphsdb/mcs30/rand/r005/mcs30_r005_s100.B05
Reading graphs...
100 : 494
100 : 494
Initializing...
maxdom : 7
D->valSize : 353
Solving...
Blb : 2 (clique : 22)
currentSize : 22 <-- 0.004281 s
currentSize : 23 <-- 0.004491 s
currentSize : 24 <-- 0.005172 s
currentSize : 25 <-- 0.010296 s
currentSize : 26 <-- 0.010559 s
currentSize : 27 <-- 0.221200 s
currentSize : 28 <-- 0.521848 s
currentSize : 29 <-- 41.738617 s
currentSize : 30 <-- 637.322937 s

TIMEOUT
maxsize : 30
nodes : 185874149.000000
filtered : 1247649236.000000
time : 1000.000000
