Parameters: GAD=1 vflib=1 dir=1 label=1 lowerbound=1 fileNameGp=../../cp2016-max-common-connected-subgraph-paper/datasets/graphsdb/mcs30/m4D/m4Dr6/mcs30_m4Dr6_s50.A00 fileNameGt=../../cp2016-max-common-connected-subgraph-paper/datasets/graphsdb/mcs30/m4D/m4Dr6/mcs30_m4Dr6_s50.B00
Reading graphs...
50 : 117
50 : 116
Initializing...
maxdom : 8
D->valSize : 340
Solving...
Blb : 2 (clique : 17)
currentSize : 17 <-- 0.003994 s
currentSize : 18 <-- 0.004153 s
currentSize : 19 <-- 0.302960 s
currentSize : 20 <-- 0.365452 s
currentSize : 21 <-- 1.047593 s
currentSize : 22 <-- 110.317230 s

maxsize : 22
nodes : 117392383.000000
filtered : 1398097592.000000
time : 483.900665
