Parameters: GAD=1 vflib=1 dir=1 label=1 lowerbound=1 fileNameGp=../../cp2016-max-common-connected-subgraph-paper/datasets/graphsdb/mcs30/bvg/b09/mcs30_b09_s50.A05 fileNameGt=../../cp2016-max-common-connected-subgraph-paper/datasets/graphsdb/mcs30/bvg/b09/mcs30_b09_s50.B05
Reading graphs...
50 : 225
50 : 225
Initializing...
maxdom : 11
D->valSize : 321
Solving...
Blb : 2 (clique : 12)
currentSize : 12 <-- 0.002196 s
currentSize : 13 <-- 0.002369 s
currentSize : 14 <-- 0.151767 s
currentSize : 15 <-- 0.392978 s
currentSize : 16 <-- 0.533003 s
currentSize : 17 <-- 1.690176 s
currentSize : 18 <-- 3.631020 s

maxsize : 18
nodes : 894586.000000
filtered : 16256335.000000
time : 4.038896
