Parameters: GAD=1 vflib=1 dir=1 label=1 lowerbound=1 fileNameGp=../../cp2016-max-common-connected-subgraph-paper/datasets/graphsdb/mcs30/m2D/m2Dr2/mcs30_m2Dr2_s60.A01 fileNameGt=../../cp2016-max-common-connected-subgraph-paper/datasets/graphsdb/mcs30/m2D/m2Dr2/mcs30_m2Dr2_s60.B01
Reading graphs...
60 : 116
60 : 116
Initializing...
maxdom : 6
D->valSize : 228
Solving...
Blb : 2 (clique : 20)
currentSize : 20 <-- 0.002461 s
currentSize : 21 <-- 0.081378 s
currentSize : 22 <-- 0.142867 s
currentSize : 23 <-- 0.366419 s
currentSize : 24 <-- 0.564579 s
currentSize : 25 <-- 9.962754 s
currentSize : 26 <-- 23.999598 s

maxsize : 26
nodes : 102365965.000000
filtered : 624755395.000000
time : 411.518066
