Parameters: GAD=1 vflib=1 dir=1 label=1 lowerbound=1 fileNameGp=../../cp2016-max-common-connected-subgraph-paper/datasets/graphsdb/mcs30/bvg/b03m/mcs30_b03m_s100.A00 fileNameGt=../../cp2016-max-common-connected-subgraph-paper/datasets/graphsdb/mcs30/bvg/b03m/mcs30_b03m_s100.B00
Reading graphs...
100 : 150
100 : 150
Initializing...
maxdom : 5
D->valSize : 331
Solving...
Blb : 2 (clique : 39)
currentSize : 39 <-- 0.005388 s
currentSize : 40 <-- 0.005870 s
currentSize : 41 <-- 0.006534 s
currentSize : 42 <-- 0.017556 s
currentSize : 43 <-- 0.035368 s
currentSize : 44 <-- 1.456651 s
currentSize : 45 <-- 19.413183 s

TIMEOUT
maxsize : 45
nodes : 211871317.000000
filtered : 782647586.000000
time : 1000.000061
