Parameters: GAD=1 vflib=1 dir=1 label=1 lowerbound=1 fileNameGp=../../cp2016-max-common-connected-subgraph-paper/datasets/graphsdb/mcs30/bvg/b06m/mcs30_b06m_s70.A02 fileNameGt=../../cp2016-max-common-connected-subgraph-paper/datasets/graphsdb/mcs30/bvg/b06m/mcs30_b06m_s70.B02
Reading graphs...
70 : 210
70 : 210
Initializing...
maxdom : 9
D->valSize : 359
Solving...
Blb : 2 (clique : 21)
currentSize : 21 <-- 0.004779 s
currentSize : 22 <-- 1.573064 s
currentSize : 23 <-- 11.469282 s
currentSize : 24 <-- 71.179581 s
currentSize : 25 <-- 71.180428 s
currentSize : 26 <-- 264.831543 s
currentSize : 27 <-- 601.615662 s

TIMEOUT
maxsize : 27
nodes : 217089161.000000
filtered : 2138395939.000000
time : 1000.000000
