Parameters: GAD=1 vflib=1 dir=1 label=1 lowerbound=1 fileNameGp=../../cp2016-max-common-connected-subgraph-paper/datasets/graphsdb/mcs30/m4D/m4Dr6/mcs30_m4Dr6_s80.A02 fileNameGt=../../cp2016-max-common-connected-subgraph-paper/datasets/graphsdb/mcs30/m4D/m4Dr6/mcs30_m4Dr6_s80.B02
Reading graphs...
80 : 179
80 : 179
Initializing...
maxdom : 10
D->valSize : 402
Solving...
Blb : 3 (clique : 23)
currentSize : 23 <-- 0.003777 s
currentSize : 24 <-- 0.006270 s
currentSize : 25 <-- 2.994095 s
currentSize : 26 <-- 3.546674 s
currentSize : 27 <-- 40.102245 s
currentSize : 28 <-- 50.062801 s
currentSize : 29 <-- 127.397507 s

TIMEOUT
maxsize : 29
nodes : 238917892.000000
filtered : 1888296821.000000
time : 1000.000000
