Parameters: GAD=1 vflib=1 dir=1 label=1 lowerbound=1 fileNameGp=../../cp2016-max-common-connected-subgraph-paper/datasets/graphsdb/mcs30/m4D/m4Dr6/mcs30_m4Dr6_s50.A01 fileNameGt=../../cp2016-max-common-connected-subgraph-paper/datasets/graphsdb/mcs30/m4D/m4Dr6/mcs30_m4Dr6_s50.B01
Reading graphs...
50 : 117
50 : 116
Initializing...
maxdom : 10
D->valSize : 349
Solving...
Blb : 2 (clique : 15)
currentSize : 15 <-- 0.002553 s
currentSize : 16 <-- 0.002708 s
currentSize : 17 <-- 0.013638 s
currentSize : 18 <-- 0.026755 s
currentSize : 19 <-- 0.456106 s
currentSize : 20 <-- 256.789490 s
currentSize : 21 <-- 367.529877 s

TIMEOUT
maxsize : 21
nodes : 318240263.000000
filtered : 2640798823.000000
time : 1000.000000
