Parameters: GAD=1 vflib=1 dir=1 label=1 lowerbound=1 fileNameGp=../../cp2016-max-common-connected-subgraph-paper/datasets/graphsdb/mcs30/bvg/b03m/mcs30_b03m_s100.A03 fileNameGt=../../cp2016-max-common-connected-subgraph-paper/datasets/graphsdb/mcs30/bvg/b03m/mcs30_b03m_s100.B03
Reading graphs...
100 : 150
100 : 150
Initializing...
maxdom : 9
D->valSize : 356
Solving...
Blb : 2 (clique : 40)
currentSize : 40 <-- 0.004053 s
currentSize : 41 <-- 0.004827 s
currentSize : 42 <-- 0.050112 s
currentSize : 43 <-- 0.156382 s
currentSize : 44 <-- 1.495677 s
currentSize : 45 <-- 10.645786 s
currentSize : 46 <-- 490.739594 s

TIMEOUT
maxsize : 46
nodes : 203418703.000000
filtered : 916205644.000000
time : 1000.000061
