Parameters: GAD=1 vflib=1 dir=1 label=1 lowerbound=1 fileNameGp=../../cp2016-max-common-connected-subgraph-paper/datasets/graphsdb/mcs30/m2D/m2Dr2/mcs30_m2Dr2_s70.A08 fileNameGt=../../cp2016-max-common-connected-subgraph-paper/datasets/graphsdb/mcs30/m2D/m2Dr2/mcs30_m2Dr2_s70.B08
Reading graphs...
70 : 137
70 : 137
Initializing...
maxdom : 10
D->valSize : 335
Solving...
Blb : 2 (clique : 28)
currentSize : 28 <-- 0.002924 s
currentSize : 29 <-- 0.003385 s
currentSize : 30 <-- 0.006537 s
currentSize : 31 <-- 8.364891 s
currentSize : 32 <-- 346.953613 s

maxsize : 32
nodes : 193123361.000000
filtered : 2136849849.000000
time : 942.734375
