Parameters: GAD=1 vflib=1 dir=1 label=1 lowerbound=1 fileNameGp=../../cp2016-max-common-connected-subgraph-paper/datasets/graphsdb/mcs30/rand/r005/mcs30_r005_s70.A09 fileNameGt=../../cp2016-max-common-connected-subgraph-paper/datasets/graphsdb/mcs30/rand/r005/mcs30_r005_s70.B09
Reading graphs...
70 : 240
70 : 240
Initializing...
maxdom : 10
D->valSize : 296
Solving...
Blb : 2 (clique : 18)
currentSize : 18 <-- 0.002297 s
currentSize : 19 <-- 0.028100 s
currentSize : 20 <-- 0.095915 s
currentSize : 21 <-- 4.653234 s
currentSize : 22 <-- 4.879983 s
currentSize : 23 <-- 27.522017 s
currentSize : 24 <-- 196.770615 s

maxsize : 24
nodes : 97032011.000000
filtered : 863276880.000000
time : 455.588318
