Parameters: GAD=1 vflib=1 dir=1 label=1 lowerbound=1 fileNameGp=../../cp2016-max-common-connected-subgraph-paper/datasets/graphsdb/mcs30/bvg/b03/mcs30_b03_s70.A01 fileNameGt=../../cp2016-max-common-connected-subgraph-paper/datasets/graphsdb/mcs30/bvg/b03/mcs30_b03_s70.B01
Reading graphs...
70 : 105
70 : 105
Initializing...
maxdom : 9
D->valSize : 323
Solving...
Blb : 3 (clique : 26)
currentSize : 26 <-- 0.002731 s
currentSize : 27 <-- 0.002897 s
currentSize : 28 <-- 0.004390 s
currentSize : 29 <-- 0.026989 s
currentSize : 30 <-- 47.980461 s
currentSize : 31 <-- 203.632095 s

TIMEOUT
maxsize : 31
nodes : 268857697.000000
filtered : 1526009885.000000
time : 1000.000061
