Parameters: GAD=1 vflib=1 dir=1 label=1 lowerbound=1 fileNameGp=../../cp2016-max-common-connected-subgraph-paper/datasets/graphsdb/mcs30/rand/r005/mcs30_r005_s70.A06 fileNameGt=../../cp2016-max-common-connected-subgraph-paper/datasets/graphsdb/mcs30/rand/r005/mcs30_r005_s70.B06
Reading graphs...
70 : 240
70 : 240
Initializing...
maxdom : 10
D->valSize : 321
Solving...
Blb : 2 (clique : 21)
currentSize : 21 <-- 0.002470 s
currentSize : 22 <-- 0.002839 s
currentSize : 23 <-- 0.007135 s
currentSize : 24 <-- 7.274489 s
currentSize : 25 <-- 23.389612 s

maxsize : 25
nodes : 182908288.000000
filtered : 1870491267.000000
time : 872.969177
