Parameters: GAD=1 vflib=1 dir=1 label=1 lowerbound=1 fileNameGp=../../cp2016-max-common-connected-subgraph-paper/datasets/graphsdb/mcs30/m2D/m2Dr6/mcs30_m2Dr6_s60.A01 fileNameGt=../../cp2016-max-common-connected-subgraph-paper/datasets/graphsdb/mcs30/m2D/m2Dr6/mcs30_m2Dr6_s60.B01
Reading graphs...
60 : 140
60 : 140
Initializing...
maxdom : 7
D->valSize : 226
Solving...
Blb : 2 (clique : 17)
currentSize : 17 <-- 0.001532 s
currentSize : 18 <-- 0.001628 s
currentSize : 19 <-- 0.001744 s
currentSize : 20 <-- 0.002751 s
currentSize : 21 <-- 0.002782 s
currentSize : 22 <-- 0.011372 s
currentSize : 23 <-- 9.194115 s
currentSize : 24 <-- 268.234314 s
currentSize : 25 <-- 300.850098 s

maxsize : 25
nodes : 92314612.000000
filtered : 608965259.000000
time : 359.250885
