Parameters: GAD=1 vflib=1 dir=1 label=1 lowerbound=1 fileNameGp=../../cp2016-max-common-connected-subgraph-paper/datasets/graphsdb/mcs30/rand/r005/mcs30_r005_s70.A08 fileNameGt=../../cp2016-max-common-connected-subgraph-paper/datasets/graphsdb/mcs30/rand/r005/mcs30_r005_s70.B08
Reading graphs...
70 : 240
70 : 240
Initializing...
maxdom : 10
D->valSize : 320
Solving...
Blb : 2 (clique : 18)
currentSize : 18 <-- 0.002579 s
currentSize : 19 <-- 0.090114 s
currentSize : 20 <-- 0.117776 s
currentSize : 21 <-- 0.186712 s
currentSize : 22 <-- 0.701954 s
currentSize : 23 <-- 0.826484 s
currentSize : 24 <-- 34.802078 s
currentSize : 25 <-- 777.322449 s

TIMEOUT
maxsize : 25
nodes : 218305538.000000
filtered : 2246044708.000000
time : 1000.000000
