Parameters: GAD=1 vflib=1 dir=1 label=1 lowerbound=1 fileNameGp=../../cp2016-max-common-connected-subgraph-paper/datasets/graphsdb/mcs30/m2D/m2D/mcs30_m2D_s60.A09 fileNameGt=../../cp2016-max-common-connected-subgraph-paper/datasets/graphsdb/mcs30/m2D/m2D/mcs30_m2D_s60.B09
Reading graphs...
60 : 104
60 : 104
Initializing...
maxdom : 7
D->valSize : 231
Solving...
Blb : 2 (clique : 22)
currentSize : 22 <-- 0.001786 s
currentSize : 23 <-- 0.001909 s
currentSize : 24 <-- 0.006188 s
currentSize : 25 <-- 0.013581 s
currentSize : 26 <-- 0.022807 s
currentSize : 27 <-- 0.068840 s
currentSize : 28 <-- 219.995087 s
currentSize : 29 <-- 475.979218 s

maxsize : 29
nodes : 166214445.000000
filtered : 1010014860.000000
time : 622.631165
