Parameters: GAD=1 vflib=1 dir=1 label=1 lowerbound=1 fileNameGp=../../cp2016-max-common-connected-subgraph-paper/datasets/graphsdb/mcs30/rand/r005/mcs30_r005_s100.A02 fileNameGt=../../cp2016-max-common-connected-subgraph-paper/datasets/graphsdb/mcs30/rand/r005/mcs30_r005_s100.B02
Reading graphs...
100 : 494
100 : 494
Initializing...
maxdom : 9
D->valSize : 335
Solving...
Blb : 2 (clique : 22)
currentSize : 22 <-- 0.003073 s
currentSize : 23 <-- 0.004073 s
currentSize : 24 <-- 19.117168 s
currentSize : 25 <-- 43.293713 s
currentSize : 26 <-- 43.983345 s
currentSize : 27 <-- 44.231075 s
currentSize : 28 <-- 76.552353 s
currentSize : 29 <-- 195.453995 s

TIMEOUT
maxsize : 29
nodes : 186339138.000000
filtered : 1251338209.000000
time : 1000.000000
