Parameters: GAD=1 vflib=1 dir=1 label=1 lowerbound=1 fileNameGp=../../cp2016-max-common-connected-subgraph-paper/datasets/graphsdb/mcs30/m3D/m3Dr4/mcs30_m3Dr4_s90.A01 fileNameGt=../../cp2016-max-common-connected-subgraph-paper/datasets/graphsdb/mcs30/m3D/m3Dr4/mcs30_m3Dr4_s90.B01
Reading graphs...
90 : 245
90 : 245
Initializing...
maxdom : 10
D->valSize : 517
Solving...
Blb : 2 (clique : 25)
currentSize : 25 <-- 0.009277 s
currentSize : 27 <-- 0.009572 s
currentSize : 28 <-- 0.010070 s
currentSize : 29 <-- 0.015612 s
currentSize : 30 <-- 0.570921 s
currentSize : 31 <-- 0.856317 s

TIMEOUT
maxsize : 31
nodes : 233484025.000000
filtered : 1320811678.000000
time : 1000.000000
