Parameters: GAD=1 vflib=1 dir=1 label=1 lowerbound=1 fileNameGp=../../cp2016-max-common-connected-subgraph-paper/datasets/graphsdb/mcs30/m3D/m3D/mcs30_m3D_s80.A05 fileNameGt=../../cp2016-max-common-connected-subgraph-paper/datasets/graphsdb/mcs30/m3D/m3D/mcs30_m3D_s80.B05
Reading graphs...
80 : 184
80 : 184
Initializing...
maxdom : 9
D->valSize : 448
Solving...
Blb : 2 (clique : 28)
currentSize : 28 <-- 0.004530 s
currentSize : 29 <-- 0.281436 s
currentSize : 30 <-- 17.070944 s
currentSize : 31 <-- 21.557840 s
currentSize : 32 <-- 511.576477 s
currentSize : 33 <-- 515.199158 s
currentSize : 34 <-- 519.772766 s

TIMEOUT
maxsize : 34
nodes : 221918119.000000
filtered : 1625539892.000000
time : 1000.000000
