Parameters: GAD=1 vflib=1 dir=1 label=1 lowerbound=1 fileNameGp=../../cp2016-max-common-connected-subgraph-paper/datasets/graphsdb/mcs30/m4D/m4Dr6/mcs30_m4Dr6_s90.A09 fileNameGt=../../cp2016-max-common-connected-subgraph-paper/datasets/graphsdb/mcs30/m4D/m4Dr6/mcs30_m4Dr6_s90.B09
Reading graphs...
90 : 200
90 : 200
Initializing...
maxdom : 9
D->valSize : 513
Solving...
Blb : 5 (clique : 30)
currentSize : 30 <-- 0.006032 s
currentSize : 31 <-- 0.006285 s
currentSize : 32 <-- 0.006382 s
currentSize : 33 <-- 0.006885 s
currentSize : 34 <-- 0.129765 s
currentSize : 35 <-- 2.576903 s

TIMEOUT
maxsize : 35
nodes : 214755318.000000
filtered : 1226601902.000000
time : 1000.000000
