Parameters: GAD=1 vflib=1 dir=1 label=1 lowerbound=1 fileNameGp=../../cp2016-max-common-connected-subgraph-paper/datasets/graphsdb/mcs30/bvg/b06m/mcs30_b06m_s100.A09 fileNameGt=../../cp2016-max-common-connected-subgraph-paper/datasets/graphsdb/mcs30/bvg/b06m/mcs30_b06m_s100.B09
Reading graphs...
100 : 300
100 : 300
Initializing...
maxdom : 6
D->valSize : 313
Solving...
Blb : 2 (clique : 25)
currentSize : 25 <-- 0.004957 s
currentSize : 26 <-- 0.153532 s
currentSize : 27 <-- 0.520719 s
currentSize : 28 <-- 2.031325 s
currentSize : 29 <-- 15.380100 s
currentSize : 30 <-- 217.437943 s

TIMEOUT
maxsize : 30
nodes : 207928552.000000
filtered : 1005743376.000000
time : 1000.000000
