Parameters: GAD=1 vflib=1 dir=1 label=1 lowerbound=1 fileNameGp=../../cp2016-max-common-connected-subgraph-paper/datasets/graphsdb/mcs30/m2D/m2Dr6/mcs30_m2Dr6_s90.A07 fileNameGt=../../cp2016-max-common-connected-subgraph-paper/datasets/graphsdb/mcs30/m2D/m2Dr6/mcs30_m2Dr6_s90.B07
Reading graphs...
90 : 215
90 : 214
Initializing...
maxdom : 11
D->valSize : 547
Solving...
Blb : 2 (clique : 26)
currentSize : 26 <-- 0.009959 s
currentSize : 27 <-- 0.013937 s
currentSize : 28 <-- 2.905353 s
currentSize : 29 <-- 3.564835 s
currentSize : 30 <-- 107.789574 s
currentSize : 31 <-- 557.534729 s

TIMEOUT
maxsize : 31
nodes : 232349000.000000
filtered : 1770197055.000000
time : 1000.000000
