Parameters: GAD=1 vflib=1 dir=1 label=1 lowerbound=1 fileNameGp=../../cp2016-max-common-connected-subgraph-paper/datasets/graphsdb/mcs30/bvg/b09m/mcs30_b09m_s100.A03 fileNameGt=../../cp2016-max-common-connected-subgraph-paper/datasets/graphsdb/mcs30/bvg/b09m/mcs30_b09m_s100.B03
Reading graphs...
100 : 450
100 : 450
Initializing...
maxdom : 8
D->valSize : 354
Solving...
Blb : 2 (clique : 19)
currentSize : 19 <-- 0.005436 s
currentSize : 20 <-- 0.005929 s
currentSize : 21 <-- 0.025116 s
currentSize : 22 <-- 4.200310 s
currentSize : 23 <-- 5.121488 s
currentSize : 24 <-- 27.819675 s
currentSize : 25 <-- 834.047424 s

TIMEOUT
maxsize : 25
nodes : 197389011.000000
filtered : 1219961367.000000
time : 1000.000000
