Parameters: GAD=1 vflib=1 dir=1 label=1 lowerbound=1 fileNameGp=../../cp2016-max-common-connected-subgraph-paper/datasets/graphsdb/mcs30/rand/r01/mcs30_r01_s90.A02 fileNameGt=../../cp2016-max-common-connected-subgraph-paper/datasets/graphsdb/mcs30/rand/r01/mcs30_r01_s90.B02
Reading graphs...
90 : 800
90 : 800
Initializing...
maxdom : 9
D->valSize : 481
Solving...
Blb : 2 (clique : 14)
currentSize : 14 <-- 0.004787 s
currentSize : 15 <-- 0.004981 s
currentSize : 16 <-- 0.005317 s
currentSize : 17 <-- 0.056498 s
currentSize : 18 <-- 0.517372 s
currentSize : 19 <-- 0.517581 s
currentSize : 20 <-- 3.715627 s
currentSize : 21 <-- 4.350137 s
currentSize : 22 <-- 23.946148 s
currentSize : 24 <-- 23.946287 s
currentSize : 25 <-- 28.777578 s
currentSize : 28 <-- 28.778599 s

maxsize : 28
nodes : 7263694.000000
filtered : 126447628.000000
time : 45.514320
