Parameters: GAD=1 vflib=1 dir=1 label=1 lowerbound=1 fileNameGp=../../cp2016-max-common-connected-subgraph-paper/datasets/graphsdb/mcs30/m4D/m4Dr6/mcs30_m4Dr6_s50.A02 fileNameGt=../../cp2016-max-common-connected-subgraph-paper/datasets/graphsdb/mcs30/m4D/m4Dr6/mcs30_m4Dr6_s50.B02
Reading graphs...
50 : 117
50 : 115
Initializing...
maxdom : 11
D->valSize : 337
Solving...
Blb : 2 (clique : 18)
currentSize : 18 <-- 0.002387 s
currentSize : 19 <-- 0.014675 s
currentSize : 20 <-- 0.511612 s
currentSize : 21 <-- 13.298344 s
currentSize : 22 <-- 98.201706 s

maxsize : 22
nodes : 185508962.000000
filtered : 1907603722.000000
time : 624.498291
