Parameters: GAD=1 vflib=1 dir=1 label=1 lowerbound=1 fileNameGp=../../cp2016-max-common-connected-subgraph-paper/datasets/graphsdb/mcs30/rand/r01/mcs30_r01_s60.A04 fileNameGt=../../cp2016-max-common-connected-subgraph-paper/datasets/graphsdb/mcs30/rand/r01/mcs30_r01_s60.B04
Reading graphs...
60 : 353
60 : 353
Initializing...
maxdom : 6
D->valSize : 236
Solving...
Blb : 2 (clique : 10)
currentSize : 10 <-- 0.001535 s
currentSize : 11 <-- 0.001621 s
currentSize : 12 <-- 0.001764 s
currentSize : 13 <-- 0.002989 s
currentSize : 14 <-- 0.013776 s
currentSize : 15 <-- 0.022794 s
currentSize : 16 <-- 0.025507 s
currentSize : 17 <-- 0.170713 s
currentSize : 18 <-- 0.597910 s

maxsize : 18
nodes : 428775.000000
filtered : 4302588.000000
time : 1.857682
