Parameters: GAD=1 vflib=1 dir=1 label=1 lowerbound=1 fileNameGp=../../cp2016-max-common-connected-subgraph-paper/datasets/graphsdb/mcs30/m3D/m3Dr6/mcs30_m3Dr6_s100.A06 fileNameGt=../../cp2016-max-common-connected-subgraph-paper/datasets/graphsdb/mcs30/m3D/m3Dr6/mcs30_m3Dr6_s100.B06
Reading graphs...
100 : 295
100 : 293
Initializing...
maxdom : 7
D->valSize : 336
Solving...
Blb : 2 (clique : 26)
currentSize : 26 <-- 0.003229 s
currentSize : 27 <-- 0.053654 s
currentSize : 28 <-- 3.577401 s
currentSize : 29 <-- 27.147396 s
currentSize : 30 <-- 118.551605 s
currentSize : 31 <-- 608.905518 s

TIMEOUT
maxsize : 31
nodes : 217545799.000000
filtered : 1035103921.000000
time : 1000.000061
