Parameters: GAD=1 vflib=1 dir=1 label=1 lowerbound=1 fileNameGp=../../cp2016-max-common-connected-subgraph-paper/datasets/graphsdb/mcs30/m3D/m3Dr4/mcs30_m3Dr4_s80.A07 fileNameGt=../../cp2016-max-common-connected-subgraph-paper/datasets/graphsdb/mcs30/m3D/m3Dr4/mcs30_m3Dr4_s80.B07
Reading graphs...
80 : 216
80 : 215
Initializing...
maxdom : 12
D->valSize : 438
Solving...
Blb : 2 (clique : 27)
currentSize : 27 <-- 0.007052 s
currentSize : 28 <-- 0.013879 s
currentSize : 29 <-- 0.063966 s
currentSize : 30 <-- 0.202087 s
currentSize : 31 <-- 0.204382 s
currentSize : 32 <-- 1.224033 s
currentSize : 33 <-- 2.769230 s
currentSize : 34 <-- 333.804810 s
currentSize : 35 <-- 848.186951 s

TIMEOUT
maxsize : 35
nodes : 181078407.000000
filtered : 1788261113.000000
time : 1000.000000
