Parameters: GAD=1 vflib=1 dir=1 label=1 lowerbound=1 fileNameGp=../../cp2016-max-common-connected-subgraph-paper/datasets/graphsdb/mcs30/m2D/m2Dr4/mcs30_m2Dr4_s50.A06 fileNameGt=../../cp2016-max-common-connected-subgraph-paper/datasets/graphsdb/mcs30/m2D/m2Dr4/mcs30_m2Dr4_s50.B06
Reading graphs...
50 : 105
50 : 102
Initializing...
maxdom : 13
D->valSize : 331
Solving...
Blb : 2 (clique : 18)
currentSize : 18 <-- 0.003803 s
currentSize : 19 <-- 0.012255 s
currentSize : 20 <-- 0.292406 s
currentSize : 21 <-- 0.927617 s
currentSize : 22 <-- 2.229011 s
currentSize : 23 <-- 3.076145 s

maxsize : 23
nodes : 47539341.000000
filtered : 724564704.000000
time : 198.114212
