Parameters: GAD=1 vflib=1 dir=1 label=1 lowerbound=1 fileNameGp=../../cp2016-max-common-connected-subgraph-paper/datasets/graphsdb/mcs30/m3D/m3Dr4/mcs30_m3Dr4_s70.A02 fileNameGt=../../cp2016-max-common-connected-subgraph-paper/datasets/graphsdb/mcs30/m3D/m3Dr4/mcs30_m3Dr4_s70.B02
Reading graphs...
70 : 187
70 : 186
Initializing...
maxdom : 8
D->valSize : 353
Solving...
Blb : 3 (clique : 21)
currentSize : 21 <-- 0.002923 s
currentSize : 22 <-- 0.003060 s
currentSize : 23 <-- 0.003655 s
currentSize : 24 <-- 0.369366 s
currentSize : 25 <-- 134.701538 s
currentSize : 26 <-- 134.703842 s
currentSize : 27 <-- 134.792038 s
currentSize : 29 <-- 252.008942 s
currentSize : 30 <-- 252.009079 s
currentSize : 31 <-- 252.133926 s

maxsize : 31
nodes : 174080446.000000
filtered : 1785457456.000000
time : 865.617371
