Parameters: GAD=1 vflib=1 dir=1 label=1 lowerbound=1 fileNameGp=../../cp2016-max-common-connected-subgraph-paper/datasets/graphsdb/mcs30/bvg/b09m/mcs30_b09m_s80.A07 fileNameGt=../../cp2016-max-common-connected-subgraph-paper/datasets/graphsdb/mcs30/bvg/b09m/mcs30_b09m_s80.B07
Reading graphs...
80 : 360
80 : 360
Initializing...
maxdom : 10
D->valSize : 414
Solving...
Blb : 5 (clique : 24)
currentSize : 24 <-- 0.006216 s
currentSize : 25 <-- 0.103070 s
currentSize : 26 <-- 0.229203 s
currentSize : 27 <-- 0.505769 s
currentSize : 28 <-- 1.460824 s
currentSize : 29 <-- 1.477338 s

maxsize : 29
nodes : 71424345.000000
filtered : 932301603.000000
time : 401.288574
