Parameters: GAD=1 vflib=1 dir=1 label=1 lowerbound=1 fileNameGp=../../cp2016-max-common-connected-subgraph-paper/datasets/graphsdb/mcs30/bvg/b03m/mcs30_b03m_s70.A07 fileNameGt=../../cp2016-max-common-connected-subgraph-paper/datasets/graphsdb/mcs30/bvg/b03m/mcs30_b03m_s70.B07
Reading graphs...
70 : 105
70 : 105
Initializing...
maxdom : 10
D->valSize : 326
Solving...
Blb : 2 (clique : 24)
currentSize : 24 <-- 0.002685 s
currentSize : 25 <-- 0.003883 s
currentSize : 26 <-- 0.006678 s
currentSize : 27 <-- 0.092432 s
currentSize : 28 <-- 0.760644 s
currentSize : 29 <-- 3.943589 s
currentSize : 30 <-- 184.164413 s

TIMEOUT
maxsize : 30
nodes : 245733477.000000
filtered : 1900671693.000000
time : 1000.000000
