Parameters: GAD=1 vflib=1 dir=1 label=1 lowerbound=1 fileNameGp=../../cp2016-max-common-connected-subgraph-paper/datasets/graphsdb/mcs30/bvg/b06m/mcs30_b06m_s50.A00 fileNameGt=../../cp2016-max-common-connected-subgraph-paper/datasets/graphsdb/mcs30/bvg/b06m/mcs30_b06m_s50.B00
Reading graphs...
50 : 150
50 : 150
Initializing...
maxdom : 8
D->valSize : 311
Solving...
Blb : 5 (clique : 15)
currentSize : 15 <-- 0.002336 s
currentSize : 16 <-- 0.002470 s
currentSize : 17 <-- 0.003543 s
currentSize : 18 <-- 0.051999 s
currentSize : 19 <-- 0.276617 s
currentSize : 20 <-- 1.425056 s

maxsize : 20
nodes : 13537236.000000
filtered : 176860211.000000
time : 55.159195
