Parameters: GAD=1 vflib=1 dir=1 label=1 lowerbound=1 fileNameGp=../../cp2016-max-common-connected-subgraph-paper/datasets/graphsdb/mcs30/m3D/m3D/mcs30_m3D_s70.A06 fileNameGt=../../cp2016-max-common-connected-subgraph-paper/datasets/graphsdb/mcs30/m3D/m3D/mcs30_m3D_s70.B06
Reading graphs...
70 : 159
70 : 159
Initializing...
maxdom : 11
D->valSize : 361
Solving...
Blb : 2 (clique : 22)
currentSize : 22 <-- 0.004695 s
currentSize : 23 <-- 0.034539 s
currentSize : 24 <-- 0.073108 s
currentSize : 25 <-- 0.134264 s
currentSize : 27 <-- 0.184100 s
currentSize : 28 <-- 0.184253 s
currentSize : 29 <-- 0.217580 s
currentSize : 30 <-- 2.388880 s
currentSize : 31 <-- 2.400825 s
currentSize : 32 <-- 2.401011 s
currentSize : 33 <-- 2.807703 s

maxsize : 33
nodes : 20495091.000000
filtered : 244830138.000000
time : 110.241974
