Parameters: GAD=1 vflib=1 dir=1 label=1 lowerbound=1 fileNameGp=../../cp2016-max-common-connected-subgraph-paper/datasets/graphsdb/mcs30/rand/r01/mcs30_r01_s60.A07 fileNameGt=../../cp2016-max-common-connected-subgraph-paper/datasets/graphsdb/mcs30/rand/r01/mcs30_r01_s60.B07
Reading graphs...
60 : 353
60 : 353
Initializing...
maxdom : 7
D->valSize : 243
Solving...
Blb : 5 (clique : 11)
currentSize : 11 <-- 0.002375 s
currentSize : 12 <-- 0.002691 s
currentSize : 13 <-- 0.012064 s
currentSize : 14 <-- 0.041867 s
currentSize : 15 <-- 0.362944 s
currentSize : 16 <-- 0.363073 s
currentSize : 17 <-- 0.794979 s
currentSize : 18 <-- 0.795067 s
currentSize : 19 <-- 0.795123 s

maxsize : 19
nodes : 415537.000000
filtered : 4051154.000000
time : 1.834532
