Parameters: GAD=1 vflib=1 dir=1 label=1 lowerbound=1 fileNameGp=../../cp2016-max-common-connected-subgraph-paper/datasets/graphsdb/mcs30/m3D/m3Dr6/mcs30_m3Dr6_s100.A01 fileNameGt=../../cp2016-max-common-connected-subgraph-paper/datasets/graphsdb/mcs30/m3D/m3Dr6/mcs30_m3Dr6_s100.B01
Reading graphs...
100 : 295
100 : 294
Initializing...
maxdom : 8
D->valSize : 345
Solving...
Blb : 2 (clique : 28)
currentSize : 28 <-- 0.003226 s
currentSize : 29 <-- 0.006036 s
currentSize : 30 <-- 0.729279 s
currentSize : 31 <-- 0.734100 s
currentSize : 32 <-- 3.028455 s
currentSize : 33 <-- 3.034571 s
currentSize : 34 <-- 6.087461 s
currentSize : 35 <-- 16.378019 s
currentSize : 36 <-- 16.378323 s
currentSize : 37 <-- 16.575922 s
currentSize : 38 <-- 58.574127 s

TIMEOUT
maxsize : 38
nodes : 211278100.000000
filtered : 708928529.000000
time : 1000.000000
