Parameters: GAD=1 vflib=1 dir=1 label=1 lowerbound=1 fileNameGp=../../cp2016-max-common-connected-subgraph-paper/datasets/graphsdb/mcs30/bvg/b06m/mcs30_b06m_s90.A07 fileNameGt=../../cp2016-max-common-connected-subgraph-paper/datasets/graphsdb/mcs30/bvg/b06m/mcs30_b06m_s90.B07
Reading graphs...
90 : 270
90 : 270
Initializing...
maxdom : 10
D->valSize : 512
Solving...
Blb : 2 (clique : 26)
currentSize : 26 <-- 0.008865 s
currentSize : 27 <-- 1.428965 s
currentSize : 28 <-- 10.993618 s
currentSize : 29 <-- 84.951118 s
currentSize : 30 <-- 87.160889 s
currentSize : 31 <-- 163.379684 s
currentSize : 32 <-- 165.625549 s

TIMEOUT
maxsize : 32
nodes : 190328167.000000
filtered : 1828845669.000000
time : 1000.000000
