Parameters: GAD=1 vflib=1 dir=1 label=1 lowerbound=1 fileNameGp=../../cp2016-max-common-connected-subgraph-paper/datasets/graphsdb/mcs30/m3D/m3Dr2/mcs30_m3Dr2_s90.A00 fileNameGt=../../cp2016-max-common-connected-subgraph-paper/datasets/graphsdb/mcs30/m3D/m3Dr2/mcs30_m3Dr2_s90.B00
Reading graphs...
90 : 227
90 : 227
Initializing...
maxdom : 8
D->valSize : 507
Solving...
Blb : 2 (clique : 26)
currentSize : 26 <-- 0.008635 s
currentSize : 27 <-- 0.013593 s
currentSize : 28 <-- 0.050553 s
currentSize : 29 <-- 0.159610 s
currentSize : 30 <-- 18.480431 s
currentSize : 31 <-- 230.887222 s

TIMEOUT
maxsize : 31
nodes : 232958896.000000
filtered : 1502677709.000000
time : 1000.000000
