Parameters: GAD=1 vflib=1 dir=1 label=1 lowerbound=1 fileNameGp=../../cp2016-max-common-connected-subgraph-paper/datasets/graphsdb/mcs30/m3D/m3D/mcs30_m3D_s80.A08 fileNameGt=../../cp2016-max-common-connected-subgraph-paper/datasets/graphsdb/mcs30/m3D/m3D/mcs30_m3D_s80.B08
Reading graphs...
80 : 184
80 : 184
Initializing...
maxdom : 10
D->valSize : 402
Solving...
Blb : 2 (clique : 24)
currentSize : 24 <-- 0.004872 s
currentSize : 25 <-- 0.005313 s
currentSize : 26 <-- 0.016001 s
currentSize : 27 <-- 0.131104 s
currentSize : 28 <-- 0.807257 s
currentSize : 29 <-- 117.664345 s
currentSize : 30 <-- 319.161224 s
currentSize : 31 <-- 617.056274 s
currentSize : 32 <-- 781.592957 s

TIMEOUT
maxsize : 32
nodes : 225859719.000000
filtered : 1704815099.000000
time : 1000.000000
