Parameters: GAD=1 vflib=1 dir=1 label=1 lowerbound=1 fileNameGp=../../cp2016-max-common-connected-subgraph-paper/datasets/graphsdb/mcs30/m4D/m4D/mcs30_m4D_s50.A09 fileNameGt=../../cp2016-max-common-connected-subgraph-paper/datasets/graphsdb/mcs30/m4D/m4D/mcs30_m4D_s50.B09
Reading graphs...
50 : 87
50 : 87
Initializing...
maxdom : 9
D->valSize : 325
Solving...
Blb : 2 (clique : 20)
currentSize : 20 <-- 0.002376 s
currentSize : 21 <-- 0.160023 s
currentSize : 22 <-- 0.193177 s
currentSize : 23 <-- 10.848571 s
currentSize : 24 <-- 11.299196 s
currentSize : 25 <-- 45.853512 s

maxsize : 25
nodes : 196770306.000000
filtered : 2381892644.000000
time : 777.326355
