Parameters: GAD=1 vflib=1 dir=1 label=1 lowerbound=1 fileNameGp=../../cp2016-max-common-connected-subgraph-paper/datasets/graphsdb/mcs30/m4D/m4Dr2/mcs30_m4Dr2_s70.A02 fileNameGt=../../cp2016-max-common-connected-subgraph-paper/datasets/graphsdb/mcs30/m4D/m4Dr2/mcs30_m4Dr2_s70.B02
Reading graphs...
70 : 132
70 : 131
Initializing...
maxdom : 10
D->valSize : 321
Solving...
Blb : 2 (clique : 23)
currentSize : 23 <-- 0.004267 s
currentSize : 24 <-- 0.016499 s
currentSize : 25 <-- 0.017002 s
currentSize : 26 <-- 0.286679 s
currentSize : 27 <-- 22.451143 s
currentSize : 28 <-- 383.636353 s
currentSize : 29 <-- 383.637848 s
currentSize : 30 <-- 390.578308 s

TIMEOUT
maxsize : 30
nodes : 258062419.000000
filtered : 1695984268.000000
time : 1000.000000
