Parameters: GAD=1 vflib=1 dir=1 label=1 lowerbound=1 fileNameGp=../../cp2016-max-common-connected-subgraph-paper/datasets/graphsdb/mcs30/m2D/m2Dr4/mcs30_m2Dr4_s100.A05 fileNameGt=../../cp2016-max-common-connected-subgraph-paper/datasets/graphsdb/mcs30/m2D/m2Dr4/mcs30_m2Dr4_s100.B05
Reading graphs...
100 : 220
100 : 219
Initializing...
maxdom : 8
D->valSize : 303
Solving...
Blb : 2 (clique : 28)
currentSize : 28 <-- 0.003113 s
currentSize : 29 <-- 0.009942 s
currentSize : 30 <-- 0.064144 s
currentSize : 31 <-- 0.818586 s
currentSize : 32 <-- 1.990551 s
currentSize : 33 <-- 75.645706 s
currentSize : 34 <-- 403.273407 s

TIMEOUT
maxsize : 34
nodes : 245513100.000000
filtered : 808757608.000000
time : 1000.000000
