Parameters: GAD=1 vflib=1 dir=1 label=1 lowerbound=1 fileNameGp=../../cp2016-max-common-connected-subgraph-paper/datasets/graphsdb/mcs30/rand/r001/mcs30_r001_s100.A02 fileNameGt=../../cp2016-max-common-connected-subgraph-paper/datasets/graphsdb/mcs30/rand/r001/mcs30_r001_s100.B02
Reading graphs...
100 : 120
100 : 120
Initializing...
maxdom : 8
D->valSize : 321
Solving...
Blb : 2 (clique : 38)
currentSize : 38 <-- 0.003355 s
currentSize : 39 <-- 0.046800 s
currentSize : 40 <-- 0.064173 s
currentSize : 41 <-- 0.754801 s
currentSize : 42 <-- 1.994861 s
currentSize : 43 <-- 10.742311 s
currentSize : 44 <-- 10.755186 s

TIMEOUT
maxsize : 44
nodes : 205227422.000000
filtered : 783096096.000000
time : 1000.000061
