Parameters: GAD=1 vflib=1 dir=1 label=1 lowerbound=1 fileNameGp=../../cp2016-max-common-connected-subgraph-paper/datasets/graphsdb/mcs30/m2D/m2D/mcs30_m2D_s70.A00 fileNameGt=../../cp2016-max-common-connected-subgraph-paper/datasets/graphsdb/mcs30/m2D/m2D/mcs30_m2D_s70.B00
Reading graphs...
70 : 123
70 : 123
Initializing...
maxdom : 10
D->valSize : 305
Solving...
Blb : 2 (clique : 22)
currentSize : 22 <-- 0.002569 s
currentSize : 23 <-- 0.002828 s
currentSize : 24 <-- 0.008508 s
currentSize : 25 <-- 0.032755 s
currentSize : 26 <-- 0.418529 s
currentSize : 27 <-- 1.455008 s
currentSize : 28 <-- 1.563367 s
currentSize : 29 <-- 2.113602 s
currentSize : 30 <-- 124.520882 s
currentSize : 31 <-- 154.559204 s
currentSize : 32 <-- 154.559540 s
currentSize : 33 <-- 185.648651 s
currentSize : 34 <-- 210.206223 s

maxsize : 34
nodes : 75712854.000000
filtered : 576637394.000000
time : 375.043365
