Parameters: GAD=1 vflib=1 dir=1 label=1 lowerbound=1 fileNameGp=../../cp2016-max-common-connected-subgraph-paper/datasets/graphsdb/mcs30/rand/r01/mcs30_r01_s70.A05 fileNameGt=../../cp2016-max-common-connected-subgraph-paper/datasets/graphsdb/mcs30/rand/r01/mcs30_r01_s70.B05
Reading graphs...
70 : 482
70 : 482
Initializing...
maxdom : 9
D->valSize : 343
Solving...
Blb : 2 (clique : 11)
currentSize : 11 <-- 0.002549 s
currentSize : 12 <-- 0.004954 s
currentSize : 13 <-- 0.021409 s
currentSize : 14 <-- 0.067532 s
currentSize : 15 <-- 0.098638 s
currentSize : 16 <-- 0.440082 s
currentSize : 17 <-- 3.952414 s
currentSize : 18 <-- 6.019717 s
currentSize : 20 <-- 6.021539 s
currentSize : 21 <-- 6.022127 s
currentSize : 22 <-- 6.022193 s

maxsize : 22
nodes : 1674774.000000
filtered : 19852109.000000
time : 7.973771
