Parameters: GAD=1 vflib=1 dir=1 label=1 lowerbound=1 fileNameGp=../../cp2016-max-common-connected-subgraph-paper/datasets/graphsdb/mcs30/bvg/b09m/mcs30_b09m_s70.A01 fileNameGt=../../cp2016-max-common-connected-subgraph-paper/datasets/graphsdb/mcs30/bvg/b09m/mcs30_b09m_s70.B01
Reading graphs...
70 : 315
70 : 315
Initializing...
maxdom : 9
D->valSize : 319
Solving...
Blb : 3 (clique : 18)
currentSize : 18 <-- 0.003746 s
currentSize : 19 <-- 101.379471 s
currentSize : 22 <-- 140.721588 s
currentSize : 23 <-- 140.730545 s
currentSize : 24 <-- 141.267365 s

maxsize : 24
nodes : 46793326.000000
filtered : 365774704.000000
time : 193.942917
