Parameters: GAD=1 vflib=1 dir=1 label=1 lowerbound=1 fileNameGp=../../cp2016-max-common-connected-subgraph-paper/datasets/graphsdb/mcs30/m3D/m3Dr2/mcs30_m3Dr2_s70.A00 fileNameGt=../../cp2016-max-common-connected-subgraph-paper/datasets/graphsdb/mcs30/m3D/m3Dr2/mcs30_m3Dr2_s70.B00
Reading graphs...
70 : 173
70 : 172
Initializing...
maxdom : 8
D->valSize : 311
Solving...
Blb : 2 (clique : 25)
currentSize : 25 <-- 0.002484 s
currentSize : 26 <-- 0.599331 s
currentSize : 27 <-- 0.837775 s
currentSize : 28 <-- 4.197394 s
currentSize : 29 <-- 4.548686 s
currentSize : 30 <-- 54.628517 s
currentSize : 31 <-- 77.140350 s
currentSize : 32 <-- 77.150581 s

maxsize : 32
nodes : 58809946.000000
filtered : 519865366.000000
time : 305.422028
