Parameters: GAD=1 vflib=1 dir=1 label=1 lowerbound=1 fileNameGp=../../cp2016-max-common-connected-subgraph-paper/datasets/graphsdb/mcs30/rand/r005/mcs30_r005_s80.A06 fileNameGt=../../cp2016-max-common-connected-subgraph-paper/datasets/graphsdb/mcs30/rand/r005/mcs30_r005_s80.B06
Reading graphs...
80 : 315
80 : 315
Initializing...
maxdom : 9
D->valSize : 457
Solving...
Blb : 2 (clique : 22)
currentSize : 22 <-- 0.004438 s
currentSize : 23 <-- 0.009827 s
currentSize : 24 <-- 3.763986 s
currentSize : 25 <-- 4.192373 s
currentSize : 26 <-- 273.428436 s
currentSize : 27 <-- 273.497253 s

TIMEOUT
maxsize : 27
nodes : 188013906.000000
filtered : 2014831988.000000
time : 1000.000000
