Parameters: GAD=1 vflib=1 dir=1 label=1 lowerbound=1 fileNameGp=../../cp2016-max-common-connected-subgraph-paper/datasets/graphsdb/mcs30/m3D/m3Dr6/mcs30_m3Dr6_s70.A09 fileNameGt=../../cp2016-max-common-connected-subgraph-paper/datasets/graphsdb/mcs30/m3D/m3Dr6/mcs30_m3Dr6_s70.B09
Reading graphs...
70 : 201
70 : 198
Initializing...
maxdom : 7
D->valSize : 315
Solving...
Blb : 3 (clique : 23)
currentSize : 23 <-- 0.002445 s
currentSize : 26 <-- 0.002594 s
currentSize : 27 <-- 0.002684 s
currentSize : 28 <-- 0.006663 s
currentSize : 29 <-- 0.021706 s
currentSize : 30 <-- 0.144897 s
currentSize : 31 <-- 14.919760 s

maxsize : 31
nodes : 13724750.000000
filtered : 137631016.000000
time : 69.334518
