Parameters: GAD=1 vflib=1 dir=1 label=1 lowerbound=1 fileNameGp=../../cp2016-max-common-connected-subgraph-paper/datasets/graphsdb/mcs30/m2D/m2Dr6/mcs30_m2Dr6_s60.A04 fileNameGt=../../cp2016-max-common-connected-subgraph-paper/datasets/graphsdb/mcs30/m2D/m2Dr6/mcs30_m2Dr6_s60.B04
Reading graphs...
60 : 140
60 : 140
Initializing...
maxdom : 6
D->valSize : 241
Solving...
Blb : 2 (clique : 16)
currentSize : 16 <-- 0.001717 s
currentSize : 17 <-- 0.001828 s
currentSize : 18 <-- 1.447294 s
currentSize : 19 <-- 2.039654 s
currentSize : 20 <-- 2.042369 s
currentSize : 21 <-- 5.224354 s
currentSize : 22 <-- 14.111641 s
currentSize : 23 <-- 17.207315 s
currentSize : 24 <-- 84.770943 s

maxsize : 24
nodes : 24966415.000000
filtered : 182611567.000000
time : 102.677895
