Parameters: GAD=1 vflib=1 dir=1 label=1 lowerbound=1 fileNameGp=../../cp2016-max-common-connected-subgraph-paper/datasets/graphsdb/mcs30/rand/r01/mcs30_r01_s80.A05 fileNameGt=../../cp2016-max-common-connected-subgraph-paper/datasets/graphsdb/mcs30/rand/r01/mcs30_r01_s80.B05
Reading graphs...
80 : 631
80 : 631
Initializing...
maxdom : 8
D->valSize : 402
Solving...
Blb : 2 (clique : 12)
currentSize : 12 <-- 0.005219 s
currentSize : 13 <-- 0.005924 s
currentSize : 14 <-- 0.024864 s
currentSize : 15 <-- 0.086069 s
currentSize : 16 <-- 0.310165 s
currentSize : 17 <-- 1.173678 s
currentSize : 18 <-- 6.170113 s
currentSize : 19 <-- 16.565170 s
currentSize : 20 <-- 16.594069 s
currentSize : 21 <-- 16.594349 s
currentSize : 22 <-- 16.594435 s
currentSize : 24 <-- 16.594564 s

maxsize : 24
nodes : 5123954.000000
filtered : 67985083.000000
time : 27.258848
