Parameters: GAD=1 vflib=1 dir=1 label=1 lowerbound=1 fileNameGp=../../cp2016-max-common-connected-subgraph-paper/datasets/graphsdb/mcs30/rand/r005/mcs30_r005_s70.A04 fileNameGt=../../cp2016-max-common-connected-subgraph-paper/datasets/graphsdb/mcs30/rand/r005/mcs30_r005_s70.B04
Reading graphs...
70 : 240
70 : 240
Initializing...
maxdom : 8
D->valSize : 301
Solving...
Blb : 2 (clique : 16)
currentSize : 16 <-- 0.003521 s
currentSize : 17 <-- 0.004012 s
currentSize : 18 <-- 0.004912 s
currentSize : 19 <-- 0.412616 s
currentSize : 20 <-- 0.516142 s
currentSize : 21 <-- 0.519385 s
currentSize : 22 <-- 0.662031 s
currentSize : 23 <-- 1.297834 s
currentSize : 24 <-- 1.308356 s
currentSize : 25 <-- 1.832720 s

maxsize : 25
nodes : 101309071.000000
filtered : 936362205.000000
time : 468.019379
