Parameters: GAD=1 vflib=1 dir=1 label=1 lowerbound=1 fileNameGp=../../cp2016-max-common-connected-subgraph-paper/datasets/graphsdb/mcs30/m2D/m2Dr6/mcs30_m2Dr6_s50.A05 fileNameGt=../../cp2016-max-common-connected-subgraph-paper/datasets/graphsdb/mcs30/m2D/m2Dr6/mcs30_m2Dr6_s50.B05
Reading graphs...
50 : 115
50 : 113
Initializing...
maxdom : 11
D->valSize : 344
Solving...
Blb : 2 (clique : 16)
currentSize : 16 <-- 0.004049 s
currentSize : 17 <-- 0.008586 s
currentSize : 18 <-- 0.793930 s
currentSize : 19 <-- 1.911197 s
currentSize : 20 <-- 10.198822 s
currentSize : 21 <-- 78.595451 s

maxsize : 21
nodes : 80365127.000000
filtered : 1022062469.000000
time : 321.084412
