Parameters: GAD=1 vflib=1 dir=1 label=1 lowerbound=1 fileNameGp=../../cp2016-max-common-connected-subgraph-paper/datasets/graphsdb/mcs30/rand/r01/mcs30_r01_s60.A05 fileNameGt=../../cp2016-max-common-connected-subgraph-paper/datasets/graphsdb/mcs30/rand/r01/mcs30_r01_s60.B05
Reading graphs...
60 : 353
60 : 353
Initializing...
maxdom : 7
D->valSize : 231
Solving...
Blb : 2 (clique : 11)
currentSize : 11 <-- 0.001502 s
currentSize : 12 <-- 0.001576 s
currentSize : 13 <-- 0.001685 s
currentSize : 14 <-- 0.064536 s
currentSize : 15 <-- 0.146739 s
currentSize : 16 <-- 0.336987 s
currentSize : 17 <-- 0.673537 s
currentSize : 19 <-- 1.209933 s
currentSize : 20 <-- 1.210076 s

maxsize : 20
nodes : 405429.000000
filtered : 3869391.000000
time : 1.770008
