Parameters: GAD=1 vflib=1 dir=1 label=1 lowerbound=1 fileNameGp=../../cp2016-max-common-connected-subgraph-paper/datasets/graphsdb/mcs30/bvg/b06/mcs30_b06_s70.A06 fileNameGt=../../cp2016-max-common-connected-subgraph-paper/datasets/graphsdb/mcs30/bvg/b06/mcs30_b06_s70.B06
Reading graphs...
70 : 210
70 : 210
Initializing...
maxdom : 10
D->valSize : 351
Solving...
Blb : 3 (clique : 20)
currentSize : 20 <-- 0.002850 s
currentSize : 21 <-- 0.003098 s
currentSize : 22 <-- 0.022232 s
currentSize : 23 <-- 0.191185 s
currentSize : 24 <-- 0.201699 s
currentSize : 25 <-- 53.127918 s
currentSize : 26 <-- 496.751343 s
currentSize : 27 <-- 674.875916 s

TIMEOUT
maxsize : 27
nodes : 224217057.000000
filtered : 1890388150.000000
time : 1000.000000
