Parameters: GAD=1 vflib=1 dir=1 label=1 lowerbound=1 fileNameGp=../../cp2016-max-common-connected-subgraph-paper/datasets/graphsdb/mcs30/bvg/b06m/mcs30_b06m_s100.A02 fileNameGt=../../cp2016-max-common-connected-subgraph-paper/datasets/graphsdb/mcs30/bvg/b06m/mcs30_b06m_s100.B02
Reading graphs...
100 : 300
100 : 300
Initializing...
maxdom : 8
D->valSize : 332
Solving...
Blb : 3 (clique : 29)
currentSize : 29 <-- 0.005317 s
currentSize : 30 <-- 0.049658 s
currentSize : 31 <-- 0.051974 s
currentSize : 33 <-- 0.780316 s
currentSize : 34 <-- 5.769522 s
currentSize : 35 <-- 8.364309 s
currentSize : 36 <-- 11.524351 s
currentSize : 37 <-- 223.683380 s

TIMEOUT
maxsize : 37
nodes : 181844865.000000
filtered : 1197547437.000000
time : 1000.000061
