Parameters: GAD=1 vflib=1 dir=1 label=1 lowerbound=1 fileNameGp=../../cp2016-max-common-connected-subgraph-paper/datasets/graphsdb/mcs30/bvg/b09/mcs30_b09_s90.A02 fileNameGt=../../cp2016-max-common-connected-subgraph-paper/datasets/graphsdb/mcs30/bvg/b09/mcs30_b09_s90.B02
Reading graphs...
90 : 405
90 : 405
Initializing...
maxdom : 10
D->valSize : 502
Solving...
Blb : 2 (clique : 18)
currentSize : 18 <-- 0.005227 s
currentSize : 19 <-- 0.061005 s
currentSize : 20 <-- 0.096902 s
currentSize : 21 <-- 0.707880 s
currentSize : 22 <-- 6.443829 s
currentSize : 23 <-- 7.326852 s
currentSize : 24 <-- 7.513345 s
currentSize : 26 <-- 92.828682 s
currentSize : 27 <-- 92.828880 s
currentSize : 28 <-- 92.828964 s
currentSize : 29 <-- 93.170067 s
currentSize : 30 <-- 93.170158 s
currentSize : 31 <-- 212.171661 s

TIMEOUT
maxsize : 31
nodes : 166684522.000000
filtered : 2221879179.000000
time : 1000.000000
