Parameters: GAD=1 vflib=1 dir=1 label=1 lowerbound=1 fileNameGp=../../cp2016-max-common-connected-subgraph-paper/datasets/graphsdb/mcs30/m2D/m2Dr2/mcs30_m2Dr2_s100.A08 fileNameGt=../../cp2016-max-common-connected-subgraph-paper/datasets/graphsdb/mcs30/m2D/m2Dr2/mcs30_m2Dr2_s100.B08
Reading graphs...
100 : 200
100 : 200
Initializing...
maxdom : 8
D->valSize : 318
Solving...
Blb : 2 (clique : 30)
currentSize : 30 <-- 0.003185 s
currentSize : 31 <-- 0.006377 s
currentSize : 32 <-- 0.015659 s
currentSize : 33 <-- 0.034903 s
currentSize : 34 <-- 0.052715 s
currentSize : 35 <-- 0.054157 s
currentSize : 36 <-- 0.076036 s
currentSize : 37 <-- 0.324655 s
currentSize : 38 <-- 3.718847 s
currentSize : 39 <-- 11.932349 s
currentSize : 40 <-- 12.085558 s
currentSize : 41 <-- 213.734375 s
currentSize : 42 <-- 291.528259 s

TIMEOUT
maxsize : 42
nodes : 190284377.000000
filtered : 813081687.000000
time : 1000.000061
