Parameters: GAD=1 vflib=1 dir=1 label=1 lowerbound=1 fileNameGp=../../cp2016-max-common-connected-subgraph-paper/datasets/graphsdb/mcs30/m4D/m4Dr2/mcs30_m4Dr2_s70.A04 fileNameGt=../../cp2016-max-common-connected-subgraph-paper/datasets/graphsdb/mcs30/m4D/m4Dr2/mcs30_m4Dr2_s70.B04
Reading graphs...
70 : 132
70 : 132
Initializing...
maxdom : 8
D->valSize : 313
Solving...
Blb : 2 (clique : 23)
currentSize : 23 <-- 0.004032 s
currentSize : 24 <-- 0.004270 s
currentSize : 25 <-- 0.004540 s
currentSize : 26 <-- 0.007733 s
currentSize : 27 <-- 0.102327 s
currentSize : 28 <-- 5.593486 s
currentSize : 29 <-- 72.104027 s
currentSize : 30 <-- 286.429535 s

TIMEOUT
maxsize : 30
nodes : 241936668.000000
filtered : 1794754968.000000
time : 1000.000061
