Parameters: GAD=1 vflib=1 dir=1 label=1 lowerbound=1 fileNameGp=../../cp2016-max-common-connected-subgraph-paper/datasets/graphsdb/mcs30/m2D/m2Dr2/mcs30_m2Dr2_s80.A06 fileNameGt=../../cp2016-max-common-connected-subgraph-paper/datasets/graphsdb/mcs30/m2D/m2Dr2/mcs30_m2Dr2_s80.B06
Reading graphs...
80 : 158
80 : 157
Initializing...
maxdom : 12
D->valSize : 391
Solving...
Blb : 2 (clique : 25)
currentSize : 25 <-- 0.003735 s
currentSize : 26 <-- 0.003919 s
currentSize : 27 <-- 0.003971 s
currentSize : 28 <-- 21.778320 s
currentSize : 29 <-- 36.288013 s
currentSize : 30 <-- 209.270462 s
currentSize : 31 <-- 276.527466 s

TIMEOUT
maxsize : 31
nodes : 223368459.000000
filtered : 1513172890.000000
time : 1000.000000
