Parameters: GAD=1 vflib=1 dir=1 label=1 lowerbound=1 fileNameGp=../../cp2016-max-common-connected-subgraph-paper/datasets/graphsdb/mcs30/bvg/b06m/mcs30_b06m_s80.A06 fileNameGt=../../cp2016-max-common-connected-subgraph-paper/datasets/graphsdb/mcs30/bvg/b06m/mcs30_b06m_s80.B06
Reading graphs...
80 : 240
80 : 240
Initializing...
maxdom : 8
D->valSize : 444
Solving...
Blb : 2 (clique : 23)
currentSize : 23 <-- 0.006681 s
currentSize : 24 <-- 0.011895 s
currentSize : 25 <-- 0.015715 s
currentSize : 26 <-- 13.087550 s
currentSize : 27 <-- 364.833923 s
currentSize : 28 <-- 380.723175 s
currentSize : 29 <-- 469.587372 s
currentSize : 30 <-- 470.011749 s

TIMEOUT
maxsize : 30
nodes : 190285156.000000
filtered : 2068810419.000000
time : 1000.000000
