Parameters: GAD=1 vflib=1 dir=1 label=1 lowerbound=1 fileNameGp=../../cp2016-max-common-connected-subgraph-paper/datasets/graphsdb/mcs30/rand/r005/mcs30_r005_s70.A01 fileNameGt=../../cp2016-max-common-connected-subgraph-paper/datasets/graphsdb/mcs30/rand/r005/mcs30_r005_s70.B01
Reading graphs...
70 : 240
70 : 240
Initializing...
maxdom : 10
D->valSize : 302
Solving...
Blb : 5 (clique : 17)
currentSize : 17 <-- 0.002327 s
currentSize : 18 <-- 0.012000 s
currentSize : 19 <-- 0.225054 s
currentSize : 20 <-- 0.469477 s
currentSize : 21 <-- 0.478537 s
currentSize : 22 <-- 12.603651 s
currentSize : 23 <-- 322.493164 s
currentSize : 24 <-- 323.988068 s

maxsize : 24
nodes : 194877845.000000
filtered : 1704965070.000000
time : 877.532532
