Parameters: GAD=1 vflib=1 dir=1 label=1 lowerbound=1 fileNameGp=../../cp2016-max-common-connected-subgraph-paper/datasets/graphsdb/mcs30/rand/r01/mcs30_r01_s60.A06 fileNameGt=../../cp2016-max-common-connected-subgraph-paper/datasets/graphsdb/mcs30/rand/r01/mcs30_r01_s60.B06
Reading graphs...
60 : 353
60 : 353
Initializing...
maxdom : 8
D->valSize : 249
Solving...
Blb : 2 (clique : 10)
currentSize : 10 <-- 0.002548 s
currentSize : 11 <-- 0.002730 s
currentSize : 12 <-- 0.002960 s
currentSize : 13 <-- 0.004563 s
currentSize : 14 <-- 0.005267 s
currentSize : 15 <-- 0.007402 s
currentSize : 18 <-- 0.011280 s
currentSize : 19 <-- 0.023519 s

maxsize : 19
nodes : 138952.000000
filtered : 1791151.000000
time : 0.682418
