Parameters: GAD=1 vflib=1 dir=1 label=1 lowerbound=1 fileNameGp=../../cp2016-max-common-connected-subgraph-paper/datasets/graphsdb/mcs30/rand/r02/mcs30_r02_s90.A08 fileNameGt=../../cp2016-max-common-connected-subgraph-paper/datasets/graphsdb/mcs30/rand/r02/mcs30_r02_s90.B08
Reading graphs...
90 : 1601
90 : 1601
Initializing...
maxdom : 10
D->valSize : 596
Solving...
Blb : 2 (clique : 8)
currentSize : 8 <-- 0.009890 s
currentSize : 9 <-- 0.010256 s
currentSize : 10 <-- 0.027121 s
currentSize : 11 <-- 0.027228 s
currentSize : 12 <-- 0.041223 s
currentSize : 13 <-- 0.043680 s
currentSize : 16 <-- 0.070140 s
currentSize : 17 <-- 0.318624 s
currentSize : 18 <-- 0.371298 s
currentSize : 27 <-- 0.376787 s

maxsize : 27
nodes : 113144.000000
filtered : 3287777.000000
time : 0.833315
