Parameters: GAD=1 vflib=1 dir=1 label=1 lowerbound=1 fileNameGp=../../cp2016-max-common-connected-subgraph-paper/datasets/graphsdb/mcs30/rand/r01/mcs30_r01_s50.A02 fileNameGt=../../cp2016-max-common-connected-subgraph-paper/datasets/graphsdb/mcs30/rand/r01/mcs30_r01_s50.B02
Reading graphs...
50 : 244
50 : 244
Initializing...
maxdom : 9
D->valSize : 311
Solving...
Blb : 5 (clique : 12)
currentSize : 12 <-- 0.002045 s
currentSize : 13 <-- 0.013764 s
currentSize : 14 <-- 0.120346 s
currentSize : 15 <-- 0.120638 s
currentSize : 16 <-- 0.310704 s
currentSize : 17 <-- 1.301935 s
currentSize : 18 <-- 1.303971 s

maxsize : 18
nodes : 744935.000000
filtered : 12665326.000000
time : 3.356893
