Parameters: GAD=1 vflib=1 dir=1 label=1 lowerbound=1 fileNameGp=../../cp2016-max-common-connected-subgraph-paper/datasets/graphsdb/mcs30/m4D/m4Dr6/mcs30_m4Dr6_s60.A05 fileNameGt=../../cp2016-max-common-connected-subgraph-paper/datasets/graphsdb/mcs30/m4D/m4Dr6/mcs30_m4Dr6_s60.B05
Reading graphs...
60 : 138
60 : 137
Initializing...
maxdom : 8
D->valSize : 240
Solving...
Blb : 3 (clique : 18)
currentSize : 18 <-- 0.001662 s
currentSize : 19 <-- 0.047879 s
currentSize : 20 <-- 0.055342 s
currentSize : 21 <-- 0.142354 s
currentSize : 22 <-- 1.132566 s
currentSize : 23 <-- 18.492577 s
currentSize : 24 <-- 59.759480 s

maxsize : 24
nodes : 86017404.000000
filtered : 687270940.000000
time : 333.384644
