Parameters: GAD=1 vflib=1 dir=1 label=1 lowerbound=1 fileNameGp=../../cp2016-max-common-connected-subgraph-paper/datasets/graphsdb/mcs30/m3D/m3Dr6/mcs30_m3Dr6_s90.A04 fileNameGt=../../cp2016-max-common-connected-subgraph-paper/datasets/graphsdb/mcs30/m3D/m3Dr6/mcs30_m3Dr6_s90.B04
Reading graphs...
90 : 263
90 : 263
Initializing...
maxdom : 12
D->valSize : 529
Solving...
Blb : 2 (clique : 26)
currentSize : 26 <-- 0.009358 s
currentSize : 27 <-- 0.009948 s
currentSize : 28 <-- 0.081204 s
currentSize : 29 <-- 0.197492 s
currentSize : 30 <-- 10.962692 s
currentSize : 31 <-- 163.454010 s
currentSize : 32 <-- 958.962769 s

TIMEOUT
maxsize : 32
nodes : 210299645.000000
filtered : 1623239631.000000
time : 1000.000000
