Parameters: GAD=1 vflib=1 dir=1 label=1 lowerbound=1 fileNameGp=../../cp2016-max-common-connected-subgraph-paper/datasets/graphsdb/mcs30/m2D/m2D/mcs30_m2D_s80.A08 fileNameGt=../../cp2016-max-common-connected-subgraph-paper/datasets/graphsdb/mcs30/m2D/m2D/mcs30_m2D_s80.B08
Reading graphs...
80 : 142
80 : 142
Initializing...
maxdom : 8
D->valSize : 420
Solving...
Blb : 2 (clique : 29)
currentSize : 29 <-- 0.004193 s
currentSize : 30 <-- 0.004402 s
currentSize : 31 <-- 0.004450 s
currentSize : 32 <-- 0.004623 s
currentSize : 33 <-- 0.010431 s
currentSize : 34 <-- 0.016822 s
currentSize : 35 <-- 1.236934 s
currentSize : 36 <-- 1.400216 s
currentSize : 37 <-- 9.147505 s

TIMEOUT
maxsize : 37
nodes : 205652615.000000
filtered : 1587788606.000000
time : 1000.000000
