Parameters: GAD=1 vflib=1 dir=1 label=1 lowerbound=1 fileNameGp=../../cp2016-max-common-connected-subgraph-paper/datasets/graphsdb/mcs30/m3D/m3Dr4/mcs30_m3Dr4_s70.A06 fileNameGt=../../cp2016-max-common-connected-subgraph-paper/datasets/graphsdb/mcs30/m3D/m3Dr4/mcs30_m3Dr4_s70.B06
Reading graphs...
70 : 187
70 : 187
Initializing...
maxdom : 8
D->valSize : 336
Solving...
Blb : 2 (clique : 22)
currentSize : 22 <-- 0.004258 s
currentSize : 23 <-- 0.004483 s
currentSize : 24 <-- 0.005477 s
currentSize : 25 <-- 0.005547 s
currentSize : 26 <-- 15.710852 s
currentSize : 27 <-- 83.175957 s
currentSize : 28 <-- 83.199310 s
currentSize : 29 <-- 425.244446 s
currentSize : 30 <-- 722.336792 s

TIMEOUT
maxsize : 30
nodes : 208421001.000000
filtered : 1921476691.000000
time : 1000.000000
