Parameters: GAD=1 vflib=1 dir=1 label=1 lowerbound=1 fileNameGp=../../cp2016-max-common-connected-subgraph-paper/datasets/graphsdb/mcs30/m4D/m4Dr4/mcs30_m4Dr4_s60.A03 fileNameGt=../../cp2016-max-common-connected-subgraph-paper/datasets/graphsdb/mcs30/m4D/m4Dr4/mcs30_m4Dr4_s60.B03
Reading graphs...
60 : 126
60 : 125
Initializing...
maxdom : 8
D->valSize : 272
Solving...
Blb : 2 (clique : 20)
currentSize : 20 <-- 0.001843 s
currentSize : 21 <-- 0.001973 s
currentSize : 22 <-- 0.002115 s
currentSize : 23 <-- 0.007670 s
currentSize : 24 <-- 0.064956 s
currentSize : 25 <-- 2.813987 s

TIMEOUT
maxsize : 25
nodes : 245777135.000000
filtered : 2021628326.000000
time : 1000.000000
