Parameters: GAD=1 vflib=1 dir=1 label=1 lowerbound=1 fileNameGp=../../cp2016-max-common-connected-subgraph-paper/datasets/graphsdb/mcs30/bvg/b06/mcs30_b06_s50.A02 fileNameGt=../../cp2016-max-common-connected-subgraph-paper/datasets/graphsdb/mcs30/bvg/b06/mcs30_b06_s50.B02
Reading graphs...
50 : 150
50 : 150
Initializing...
maxdom : 10
D->valSize : 332
Solving...
Blb : 2 (clique : 17)
currentSize : 17 <-- 0.003693 s
currentSize : 18 <-- 5.128981 s
currentSize : 19 <-- 12.717700 s
currentSize : 20 <-- 127.240768 s
currentSize : 21 <-- 227.958984 s

maxsize : 21
nodes : 70066350.000000
filtered : 925594346.000000
time : 297.361206
