Parameters: GAD=1 vflib=1 dir=1 label=1 lowerbound=1 fileNameGp=../../cp2016-max-common-connected-subgraph-paper/datasets/graphsdb/mcs30/bvg/b06m/mcs30_b06m_s70.A05 fileNameGt=../../cp2016-max-common-connected-subgraph-paper/datasets/graphsdb/mcs30/bvg/b06m/mcs30_b06m_s70.B05
Reading graphs...
70 : 210
70 : 210
Initializing...
maxdom : 9
D->valSize : 330
Solving...
Blb : 5 (clique : 21)
currentSize : 21 <-- 0.004262 s
currentSize : 22 <-- 0.737728 s
currentSize : 23 <-- 1.236717 s
currentSize : 24 <-- 1.300875 s
currentSize : 25 <-- 10.710271 s
currentSize : 26 <-- 21.096064 s
currentSize : 27 <-- 50.938240 s

maxsize : 27
nodes : 103414394.000000
filtered : 963246244.000000
time : 489.506836
