Parameters: GAD=1 vflib=1 dir=1 label=1 lowerbound=1 fileNameGp=../../cp2016-max-common-connected-subgraph-paper/datasets/graphsdb/mcs30/rand/r01/mcs30_r01_s100.A00 fileNameGt=../../cp2016-max-common-connected-subgraph-paper/datasets/graphsdb/mcs30/rand/r01/mcs30_r01_s100.B00
Reading graphs...
100 : 989
100 : 989
Initializing...
maxdom : 6
D->valSize : 324
Solving...
Blb : 2 (clique : 14)
currentSize : 14 <-- 0.002935 s
currentSize : 15 <-- 0.005053 s
currentSize : 16 <-- 0.012899 s
currentSize : 17 <-- 0.014571 s
currentSize : 18 <-- 0.023830 s
currentSize : 19 <-- 0.185931 s
currentSize : 20 <-- 0.186163 s
currentSize : 23 <-- 2.195343 s
currentSize : 24 <-- 3.637100 s
currentSize : 25 <-- 5.466667 s
currentSize : 27 <-- 5.686746 s
currentSize : 28 <-- 6.162493 s
currentSize : 30 <-- 9.793657 s

maxsize : 30
nodes : 2476241.000000
filtered : 23545285.000000
time : 14.811746
