Parameters: GAD=1 vflib=1 dir=1 label=1 lowerbound=1 fileNameGp=../../cp2016-max-common-connected-subgraph-paper/datasets/graphsdb/mcs30/m4D/m4Dr2/mcs30_m4Dr2_s60.A06 fileNameGt=../../cp2016-max-common-connected-subgraph-paper/datasets/graphsdb/mcs30/m4D/m4Dr2/mcs30_m4Dr2_s60.B06
Reading graphs...
60 : 114
60 : 114
Initializing...
maxdom : 6
D->valSize : 260
Solving...
Blb : 2 (clique : 22)
currentSize : 22 <-- 0.002865 s
currentSize : 23 <-- 0.095236 s
currentSize : 24 <-- 0.428363 s
currentSize : 25 <-- 1.296802 s
currentSize : 26 <-- 4.290292 s
currentSize : 27 <-- 19.652525 s

TIMEOUT
maxsize : 27
nodes : 241410690.000000
filtered : 1874920261.000000
time : 1000.000000
