Parameters: GAD=1 vflib=1 dir=1 label=1 lowerbound=1 fileNameGp=../../cp2016-max-common-connected-subgraph-paper/datasets/graphsdb/mcs30/bvg/b09m/mcs30_b09m_s100.A02 fileNameGt=../../cp2016-max-common-connected-subgraph-paper/datasets/graphsdb/mcs30/bvg/b09m/mcs30_b09m_s100.B02
Reading graphs...
100 : 450
100 : 450
Initializing...
maxdom : 7
D->valSize : 325
Solving...
Blb : 2 (clique : 29)
currentSize : 29 <-- 0.003217 s
currentSize : 30 <-- 0.006427 s
currentSize : 31 <-- 0.010215 s
currentSize : 32 <-- 145.309433 s
currentSize : 33 <-- 145.309952 s
currentSize : 34 <-- 146.321564 s
currentSize : 35 <-- 257.060608 s

TIMEOUT
maxsize : 35
nodes : 221692635.000000
filtered : 645173774.000000
time : 1000.000061
