Parameters: GAD=1 vflib=1 dir=1 label=1 lowerbound=1 fileNameGp=../../cp2016-max-common-connected-subgraph-paper/datasets/graphsdb/mcs30/m3D/m3Dr6/mcs30_m3Dr6_s80.A01 fileNameGt=../../cp2016-max-common-connected-subgraph-paper/datasets/graphsdb/mcs30/m3D/m3Dr6/mcs30_m3Dr6_s80.B01
Reading graphs...
80 : 232
80 : 229
Initializing...
maxdom : 9
D->valSize : 433
Solving...
Blb : 2 (clique : 23)
currentSize : 23 <-- 0.004546 s
currentSize : 24 <-- 0.655257 s
currentSize : 25 <-- 4.401352 s
currentSize : 26 <-- 6.389281 s
currentSize : 27 <-- 36.627296 s
currentSize : 28 <-- 55.922337 s
currentSize : 29 <-- 56.303616 s
currentSize : 30 <-- 159.233704 s
currentSize : 31 <-- 163.577438 s

TIMEOUT
maxsize : 31
nodes : 196339645.000000
filtered : 1732249864.000000
time : 1000.000000
