Parameters: GAD=1 vflib=1 dir=1 label=1 lowerbound=1 fileNameGp=../../cp2016-max-common-connected-subgraph-paper/datasets/graphsdb/mcs30/m3D/m3Dr2/mcs30_m3Dr2_s90.A05 fileNameGt=../../cp2016-max-common-connected-subgraph-paper/datasets/graphsdb/mcs30/m3D/m3Dr2/mcs30_m3Dr2_s90.B05
Reading graphs...
90 : 227
90 : 227
Initializing...
maxdom : 11
D->valSize : 521
Solving...
Blb : 2 (clique : 26)
currentSize : 26 <-- 0.005765 s
currentSize : 27 <-- 0.257847 s
currentSize : 28 <-- 1.213045 s
currentSize : 29 <-- 45.470303 s
currentSize : 30 <-- 281.786072 s
currentSize : 31 <-- 281.857697 s
currentSize : 32 <-- 516.602600 s

TIMEOUT
maxsize : 32
nodes : 235275284.000000
filtered : 1641961973.000000
time : 1000.000000
