Parameters: GAD=1 vflib=1 dir=1 label=1 lowerbound=1 fileNameGp=../../cp2016-max-common-connected-subgraph-paper/datasets/graphsdb/mcs30/bvg/b06m/mcs30_b06m_s60.A02 fileNameGt=../../cp2016-max-common-connected-subgraph-paper/datasets/graphsdb/mcs30/bvg/b06m/mcs30_b06m_s60.B02
Reading graphs...
60 : 180
60 : 180
Initializing...
maxdom : 6
D->valSize : 228
Solving...
Blb : 2 (clique : 16)
currentSize : 16 <-- 0.001507 s
currentSize : 17 <-- 0.002164 s
currentSize : 18 <-- 0.019975 s
currentSize : 19 <-- 0.343935 s
currentSize : 20 <-- 0.372108 s
currentSize : 21 <-- 6.983854 s
currentSize : 22 <-- 6.991051 s
currentSize : 23 <-- 8.076555 s
currentSize : 24 <-- 13.530558 s

maxsize : 24
nodes : 5012976.000000
filtered : 40016568.000000
time : 21.141804
