Parameters: GAD=1 vflib=1 dir=1 label=1 lowerbound=1 fileNameGp=../../cp2016-max-common-connected-subgraph-paper/datasets/graphsdb/mcs30/m3D/m3Dr2/mcs30_m3Dr2_s70.A05 fileNameGt=../../cp2016-max-common-connected-subgraph-paper/datasets/graphsdb/mcs30/m3D/m3Dr2/mcs30_m3Dr2_s70.B05
Reading graphs...
70 : 173
70 : 172
Initializing...
maxdom : 9
D->valSize : 360
Solving...
Blb : 5 (clique : 23)
currentSize : 23 <-- 0.003140 s
currentSize : 24 <-- 0.074011 s
currentSize : 25 <-- 0.093183 s
currentSize : 26 <-- 0.101886 s
currentSize : 27 <-- 0.136440 s
currentSize : 28 <-- 1.379629 s
currentSize : 29 <-- 189.537903 s
currentSize : 30 <-- 189.538025 s
currentSize : 31 <-- 189.655655 s

maxsize : 31
nodes : 145652820.000000
filtered : 1592142240.000000
time : 698.856323
