Parameters: GAD=1 vflib=1 dir=1 label=1 lowerbound=1 fileNameGp=../../cp2016-max-common-connected-subgraph-paper/datasets/graphsdb/mcs30/bvg/b03m/mcs30_b03m_s50.A06 fileNameGt=../../cp2016-max-common-connected-subgraph-paper/datasets/graphsdb/mcs30/bvg/b03m/mcs30_b03m_s50.B06
Reading graphs...
50 : 75
50 : 75
Initializing...
maxdom : 8
D->valSize : 314
Solving...
Blb : 3 (clique : 19)
currentSize : 19 <-- 0.003627 s
currentSize : 21 <-- 0.213215 s
currentSize : 22 <-- 0.384064 s
currentSize : 23 <-- 0.384165 s
currentSize : 24 <-- 375.629822 s
currentSize : 25 <-- 375.634521 s
currentSize : 26 <-- 375.678894 s

maxsize : 26
nodes : 130252336.000000
filtered : 1040142692.000000
time : 410.018372
