Parameters: GAD=1 vflib=1 dir=1 label=1 lowerbound=1 fileNameGp=../../cp2016-max-common-connected-subgraph-paper/datasets/graphsdb/mcs30/m3D/m3Dr2/mcs30_m3Dr2_s100.A03 fileNameGt=../../cp2016-max-common-connected-subgraph-paper/datasets/graphsdb/mcs30/m3D/m3Dr2/mcs30_m3Dr2_s100.B03
Reading graphs...
100 : 255
100 : 254
Initializing...
maxdom : 7
D->valSize : 345
Solving...
Blb : 2 (clique : 29)
currentSize : 29 <-- 0.005355 s
currentSize : 30 <-- 0.005840 s
currentSize : 31 <-- 0.006016 s
currentSize : 32 <-- 0.013145 s
currentSize : 33 <-- 0.029984 s
currentSize : 34 <-- 0.807420 s
currentSize : 35 <-- 246.721298 s
currentSize : 36 <-- 246.892883 s
currentSize : 37 <-- 552.663757 s

TIMEOUT
maxsize : 37
nodes : 193060579.000000
filtered : 918329234.000000
time : 1000.000000
