Parameters: GAD=1 vflib=1 dir=1 label=1 lowerbound=1 fileNameGp=../../cp2016-max-common-connected-subgraph-paper/datasets/graphsdb/mcs30/bvg/b06/mcs30_b06_s50.A07 fileNameGt=../../cp2016-max-common-connected-subgraph-paper/datasets/graphsdb/mcs30/bvg/b06/mcs30_b06_s50.B07
Reading graphs...
50 : 150
50 : 150
Initializing...
maxdom : 10
D->valSize : 325
Solving...
Blb : 2 (clique : 14)
currentSize : 14 <-- 0.002270 s
currentSize : 15 <-- 0.006698 s
currentSize : 16 <-- 0.008840 s
currentSize : 17 <-- 0.060681 s
currentSize : 18 <-- 4.156351 s
currentSize : 19 <-- 22.235577 s
currentSize : 20 <-- 105.647285 s

maxsize : 20
nodes : 51633357.000000
filtered : 711108040.000000
time : 223.447708
