Parameters: GAD=1 vflib=1 dir=1 label=1 lowerbound=1 fileNameGp=../../cp2016-max-common-connected-subgraph-paper/datasets/graphsdb/mcs30/bvg/b06m/mcs30_b06m_s70.A09 fileNameGt=../../cp2016-max-common-connected-subgraph-paper/datasets/graphsdb/mcs30/bvg/b06m/mcs30_b06m_s70.B09
Reading graphs...
70 : 210
70 : 210
Initializing...
maxdom : 8
D->valSize : 309
Solving...
Blb : 2 (clique : 20)
currentSize : 20 <-- 0.002522 s
currentSize : 21 <-- 0.006838 s
currentSize : 22 <-- 0.020581 s
currentSize : 23 <-- 3.254423 s
currentSize : 24 <-- 73.543213 s
currentSize : 25 <-- 73.570824 s
currentSize : 26 <-- 73.570953 s
currentSize : 27 <-- 73.571869 s
currentSize : 28 <-- 75.686737 s

TIMEOUT
maxsize : 28
nodes : 219374900.000000
filtered : 1794102331.000000
time : 1000.000000
