Parameters: GAD=1 vflib=1 dir=1 label=1 lowerbound=1 fileNameGp=../../cp2016-max-common-connected-subgraph-paper/datasets/graphsdb/mcs30/bvg/b09/mcs30_b09_s90.A04 fileNameGt=../../cp2016-max-common-connected-subgraph-paper/datasets/graphsdb/mcs30/bvg/b09/mcs30_b09_s90.B04
Reading graphs...
90 : 405
90 : 405
Initializing...
maxdom : 9
D->valSize : 512
Solving...
Blb : 2 (clique : 18)
currentSize : 18 <-- 0.005673 s
currentSize : 23 <-- 0.005851 s
currentSize : 24 <-- 0.005951 s
currentSize : 25 <-- 0.006999 s
currentSize : 26 <-- 0.018046 s
currentSize : 27 <-- 0.043146 s
currentSize : 28 <-- 0.149454 s
currentSize : 29 <-- 1.400394 s
currentSize : 30 <-- 22.714289 s

TIMEOUT
maxsize : 30
nodes : 208432205.000000
filtered : 1116771915.000000
time : 1000.000000
