Parameters: GAD=1 vflib=1 dir=1 label=1 lowerbound=1 fileNameGp=../../cp2016-max-common-connected-subgraph-paper/datasets/graphsdb/mcs30/m3D/m3Dr2/mcs30_m3Dr2_s70.A02 fileNameGt=../../cp2016-max-common-connected-subgraph-paper/datasets/graphsdb/mcs30/m3D/m3Dr2/mcs30_m3Dr2_s70.B02
Reading graphs...
70 : 173
70 : 173
Initializing...
maxdom : 9
D->valSize : 348
Solving...
Blb : 2 (clique : 26)
currentSize : 26 <-- 0.002915 s
currentSize : 27 <-- 0.011731 s
currentSize : 28 <-- 0.045456 s
currentSize : 29 <-- 0.061046 s
currentSize : 30 <-- 9.197336 s
currentSize : 31 <-- 275.258514 s

maxsize : 31
nodes : 208702957.000000
filtered : 1669406121.000000
time : 949.811157
