Parameters: GAD=1 vflib=1 dir=1 label=1 lowerbound=1 fileNameGp=../../cp2016-max-common-connected-subgraph-paper/datasets/graphsdb/mcs30/bvg/b09m/mcs30_b09m_s70.A04 fileNameGt=../../cp2016-max-common-connected-subgraph-paper/datasets/graphsdb/mcs30/bvg/b09m/mcs30_b09m_s70.B04
Reading graphs...
70 : 315
70 : 315
Initializing...
maxdom : 8
D->valSize : 301
Solving...
Blb : 3 (clique : 19)
currentSize : 19 <-- 0.002184 s
currentSize : 21 <-- 38.372593 s
currentSize : 22 <-- 38.376297 s
currentSize : 23 <-- 38.377716 s
currentSize : 24 <-- 82.879852 s

maxsize : 24
nodes : 21492280.000000
filtered : 186074454.000000
time : 97.843857
