Parameters: GAD=1 vflib=1 dir=1 label=1 lowerbound=1 fileNameGp=../../cp2016-max-common-connected-subgraph-paper/datasets/graphsdb/mcs30/m2D/m2Dr6/mcs30_m2Dr6_s70.A02 fileNameGt=../../cp2016-max-common-connected-subgraph-paper/datasets/graphsdb/mcs30/m2D/m2Dr6/mcs30_m2Dr6_s70.B02
Reading graphs...
70 : 165
70 : 165
Initializing...
maxdom : 10
D->valSize : 327
Solving...
Blb : 2 (clique : 25)
currentSize : 25 <-- 0.004138 s
currentSize : 26 <-- 0.004380 s
currentSize : 27 <-- 0.004566 s
currentSize : 28 <-- 0.004636 s
currentSize : 29 <-- 0.157407 s
currentSize : 30 <-- 52.258869 s
currentSize : 31 <-- 77.756538 s

TIMEOUT
maxsize : 31
nodes : 210478023.000000
filtered : 1843154662.000000
time : 1000.000000
