Parameters: GAD=1 vflib=1 dir=1 label=1 lowerbound=1 fileNameGp=../../cp2016-max-common-connected-subgraph-paper/datasets/graphsdb/mcs30/rand/r01/mcs30_r01_s70.A01 fileNameGt=../../cp2016-max-common-connected-subgraph-paper/datasets/graphsdb/mcs30/rand/r01/mcs30_r01_s70.B01
Reading graphs...
70 : 482
70 : 482
Initializing...
maxdom : 9
D->valSize : 289
Solving...
Blb : 2 (clique : 11)
currentSize : 11 <-- 0.003076 s
currentSize : 12 <-- 0.003335 s
currentSize : 13 <-- 0.003655 s
currentSize : 14 <-- 0.023300 s
currentSize : 15 <-- 0.048564 s
currentSize : 16 <-- 0.180305 s
currentSize : 17 <-- 0.317049 s
currentSize : 18 <-- 0.485405 s
currentSize : 19 <-- 0.486034 s
currentSize : 20 <-- 0.991264 s
currentSize : 21 <-- 0.991307 s

maxsize : 21
nodes : 691510.000000
filtered : 9900021.000000
time : 3.491156
