Parameters: GAD=1 vflib=1 dir=1 label=1 lowerbound=1 fileNameGp=../../cp2016-max-common-connected-subgraph-paper/datasets/graphsdb/mcs30/m2D/m2Dr2/mcs30_m2Dr2_s80.A09 fileNameGt=../../cp2016-max-common-connected-subgraph-paper/datasets/graphsdb/mcs30/m2D/m2Dr2/mcs30_m2Dr2_s80.B09
Reading graphs...
80 : 158
80 : 157
Initializing...
maxdom : 9
D->valSize : 401
Solving...
Blb : 2 (clique : 27)
currentSize : 27 <-- 0.006159 s
currentSize : 28 <-- 0.006427 s
currentSize : 29 <-- 0.018372 s
currentSize : 30 <-- 0.501567 s
currentSize : 31 <-- 19.246504 s
currentSize : 32 <-- 138.867920 s
currentSize : 33 <-- 243.335312 s

TIMEOUT
maxsize : 33
nodes : 247905891.000000
filtered : 1441330622.000000
time : 1000.000061
