Parameters: GAD=1 vflib=1 dir=1 label=1 lowerbound=1 fileNameGp=../../cp2016-max-common-connected-subgraph-paper/datasets/graphsdb/mcs30/bvg/b03/mcs30_b03_s60.A03 fileNameGt=../../cp2016-max-common-connected-subgraph-paper/datasets/graphsdb/mcs30/bvg/b03/mcs30_b03_s60.B03
Reading graphs...
60 : 90
60 : 90
Initializing...
maxdom : 7
D->valSize : 246
Solving...
Blb : 2 (clique : 25)
currentSize : 25 <-- 0.001788 s
currentSize : 26 <-- 0.046412 s
currentSize : 27 <-- 4.530011 s
currentSize : 28 <-- 62.601799 s
currentSize : 29 <-- 62.601864 s
currentSize : 30 <-- 62.626423 s
currentSize : 31 <-- 108.321960 s

maxsize : 31
nodes : 58135470.000000
filtered : 424599251.000000
time : 239.750534
