Parameters: GAD=1 vflib=1 dir=1 label=1 lowerbound=1 fileNameGp=../../cp2016-max-common-connected-subgraph-paper/datasets/graphsdb/mcs30/bvg/b09/mcs30_b09_s70.A02 fileNameGt=../../cp2016-max-common-connected-subgraph-paper/datasets/graphsdb/mcs30/bvg/b09/mcs30_b09_s70.B02
Reading graphs...
70 : 315
70 : 315
Initializing...
maxdom : 9
D->valSize : 305
Solving...
Blb : 5 (clique : 14)
currentSize : 14 <-- 0.002482 s
currentSize : 15 <-- 0.002586 s
currentSize : 16 <-- 0.002679 s
currentSize : 17 <-- 0.008392 s
currentSize : 18 <-- 0.042734 s
currentSize : 19 <-- 0.257209 s
currentSize : 20 <-- 18.049009 s
currentSize : 21 <-- 18.054049 s
currentSize : 22 <-- 18.055792 s
currentSize : 23 <-- 18.240747 s
currentSize : 24 <-- 28.824404 s

maxsize : 24
nodes : 9153075.000000
filtered : 86526690.000000
time : 42.778847
