Parameters: GAD=1 vflib=1 dir=1 label=1 lowerbound=1 fileNameGp=../../cp2016-max-common-connected-subgraph-paper/datasets/graphsdb/mcs30/rand/r005/mcs30_r005_s80.A08 fileNameGt=../../cp2016-max-common-connected-subgraph-paper/datasets/graphsdb/mcs30/rand/r005/mcs30_r005_s80.B08
Reading graphs...
80 : 315
80 : 315
Initializing...
maxdom : 9
D->valSize : 386
Solving...
Blb : 2 (clique : 18)
currentSize : 18 <-- 0.005728 s
currentSize : 19 <-- 0.005941 s
currentSize : 20 <-- 0.055611 s
currentSize : 21 <-- 0.507377 s
currentSize : 22 <-- 0.617388 s
currentSize : 23 <-- 4.513865 s

TIMEOUT
maxsize : 23
nodes : 222476691.000000
filtered : 1652406538.000000
time : 1000.000000
