Parameters: GAD=1 vflib=1 dir=1 label=1 lowerbound=1 fileNameGp=../../cp2016-max-common-connected-subgraph-paper/datasets/graphsdb/mcs30/rand/r005/mcs30_r005_s70.A03 fileNameGt=../../cp2016-max-common-connected-subgraph-paper/datasets/graphsdb/mcs30/rand/r005/mcs30_r005_s70.B03
Reading graphs...
70 : 240
70 : 240
Initializing...
maxdom : 7
D->valSize : 337
Solving...
Blb : 2 (clique : 19)
currentSize : 19 <-- 0.002712 s
currentSize : 20 <-- 0.004267 s
currentSize : 21 <-- 0.113440 s
currentSize : 22 <-- 0.113491 s
currentSize : 23 <-- 0.135493 s
currentSize : 24 <-- 1.173625 s
currentSize : 25 <-- 56.305492 s
currentSize : 26 <-- 64.223129 s
currentSize : 27 <-- 191.771225 s

maxsize : 27
nodes : 163971168.000000
filtered : 1866721668.000000
time : 838.004089
