Parameters: GAD=1 vflib=1 dir=1 label=1 lowerbound=1 fileNameGp=../../cp2016-max-common-connected-subgraph-paper/datasets/graphsdb/mcs30/m2D/m2Dr4/mcs30_m2Dr4_s80.A09 fileNameGt=../../cp2016-max-common-connected-subgraph-paper/datasets/graphsdb/mcs30/m2D/m2Dr4/mcs30_m2Dr4_s80.B09
Reading graphs...
80 : 174
80 : 172
Initializing...
maxdom : 8
D->valSize : 427
Solving...
Blb : 2 (clique : 26)
currentSize : 26 <-- 0.004290 s
currentSize : 27 <-- 0.006383 s
currentSize : 28 <-- 0.043681 s
currentSize : 29 <-- 7.735517 s
currentSize : 30 <-- 83.438217 s
currentSize : 31 <-- 307.534454 s

TIMEOUT
maxsize : 31
nodes : 223552322.000000
filtered : 1708922972.000000
time : 1000.000000
