Parameters: GAD=1 vflib=1 dir=1 label=1 lowerbound=1 fileNameGp=../../cp2016-max-common-connected-subgraph-paper/datasets/graphsdb/mcs30/m3D/m3Dr4/mcs30_m3Dr4_s70.A04 fileNameGt=../../cp2016-max-common-connected-subgraph-paper/datasets/graphsdb/mcs30/m3D/m3Dr4/mcs30_m3Dr4_s70.B04
Reading graphs...
70 : 187
70 : 187
Initializing...
maxdom : 13
D->valSize : 323
Solving...
Blb : 2 (clique : 23)
currentSize : 23 <-- 0.003944 s
currentSize : 25 <-- 0.004221 s
currentSize : 27 <-- 0.007382 s
currentSize : 28 <-- 0.007423 s
currentSize : 29 <-- 0.011043 s
currentSize : 30 <-- 0.163289 s

maxsize : 30
nodes : 12420309.000000
filtered : 70301062.000000
time : 52.711094
