Parameters: GAD=1 vflib=1 dir=1 label=1 lowerbound=1 fileNameGp=../../cp2016-max-common-connected-subgraph-paper/datasets/graphsdb/mcs30/m2D/m2D/mcs30_m2D_s50.A05 fileNameGt=../../cp2016-max-common-connected-subgraph-paper/datasets/graphsdb/mcs30/m2D/m2D/mcs30_m2D_s50.B05
Reading graphs...
50 : 85
50 : 85
Initializing...
maxdom : 12
D->valSize : 333
Solving...
Blb : 2 (clique : 19)
currentSize : 19 <-- 0.003734 s
currentSize : 20 <-- 0.094902 s
currentSize : 21 <-- 0.161809 s
currentSize : 22 <-- 9.875492 s
currentSize : 23 <-- 324.934052 s

maxsize : 23
nodes : 175795321.000000
filtered : 2219668790.000000
time : 683.373901
