Parameters: GAD=1 vflib=1 dir=1 label=1 lowerbound=1 fileNameGp=../../cp2016-max-common-connected-subgraph-paper/datasets/graphsdb/mcs30/rand/r005/mcs30_r005_s90.A07 fileNameGt=../../cp2016-max-common-connected-subgraph-paper/datasets/graphsdb/mcs30/rand/r005/mcs30_r005_s90.B07
Reading graphs...
90 : 399
90 : 399
Initializing...
maxdom : 10
D->valSize : 496
Solving...
Blb : 2 (clique : 20)
currentSize : 20 <-- 0.008272 s
currentSize : 21 <-- 0.018382 s
currentSize : 22 <-- 0.020687 s
currentSize : 23 <-- 0.054366 s
currentSize : 24 <-- 0.216954 s
currentSize : 25 <-- 42.901455 s

TIMEOUT
maxsize : 25
nodes : 204511739.000000
filtered : 1879520866.000000
time : 1000.000000
