Parameters: GAD=1 vflib=1 dir=1 label=1 lowerbound=1 fileNameGp=../../cp2016-max-common-connected-subgraph-paper/datasets/graphsdb/mcs30/bvg/b06m/mcs30_b06m_s80.A07 fileNameGt=../../cp2016-max-common-connected-subgraph-paper/datasets/graphsdb/mcs30/bvg/b06m/mcs30_b06m_s80.B07
Reading graphs...
80 : 240
80 : 240
Initializing...
maxdom : 9
D->valSize : 438
Solving...
Blb : 3 (clique : 24)
currentSize : 24 <-- 0.004453 s
currentSize : 25 <-- 5.936722 s
currentSize : 26 <-- 36.358765 s
currentSize : 27 <-- 62.502438 s
currentSize : 28 <-- 150.436661 s
currentSize : 29 <-- 839.447388 s

TIMEOUT
maxsize : 29
nodes : 210730366.000000
filtered : 1939564702.000000
time : 1000.000000
