Parameters: GAD=1 vflib=1 dir=1 label=1 lowerbound=1 fileNameGp=../../cp2016-max-common-connected-subgraph-paper/datasets/graphsdb/mcs30/m2D/m2Dr6/mcs30_m2Dr6_s70.A03 fileNameGt=../../cp2016-max-common-connected-subgraph-paper/datasets/graphsdb/mcs30/m2D/m2Dr6/mcs30_m2Dr6_s70.B03
Reading graphs...
70 : 165
70 : 164
Initializing...
maxdom : 9
D->valSize : 327
Solving...
Blb : 3 (clique : 20)
currentSize : 20 <-- 0.004042 s
currentSize : 21 <-- 0.005570 s
currentSize : 22 <-- 0.031585 s
currentSize : 23 <-- 0.756094 s
currentSize : 24 <-- 48.520565 s
currentSize : 25 <-- 52.157246 s
currentSize : 26 <-- 56.862976 s
currentSize : 27 <-- 141.199295 s
currentSize : 28 <-- 172.560272 s

maxsize : 28
nodes : 70165294.000000
filtered : 556811454.000000
time : 316.196777
