Parameters: GAD=1 vflib=1 dir=1 label=1 lowerbound=1 fileNameGp=../../cp2016-max-common-connected-subgraph-paper/datasets/graphsdb/mcs30/bvg/b03m/mcs30_b03m_s100.A05 fileNameGt=../../cp2016-max-common-connected-subgraph-paper/datasets/graphsdb/mcs30/bvg/b03m/mcs30_b03m_s100.B05
Reading graphs...
100 : 150
100 : 150
Initializing...
maxdom : 7
D->valSize : 361
Solving...
Blb : 3 (clique : 37)
currentSize : 37 <-- 0.004760 s
currentSize : 38 <-- 0.012531 s
currentSize : 39 <-- 0.012701 s
currentSize : 40 <-- 0.014211 s
currentSize : 41 <-- 0.045744 s
currentSize : 42 <-- 0.083944 s
currentSize : 43 <-- 75.225197 s
currentSize : 44 <-- 934.478882 s

TIMEOUT
maxsize : 44
nodes : 227495136.000000
filtered : 707313005.000000
time : 1000.000061
