Parameters: GAD=1 vflib=1 dir=1 label=1 lowerbound=1 fileNameGp=../../cp2016-max-common-connected-subgraph-paper/datasets/graphsdb/mcs30/rand/r01/mcs30_r01_s80.A01 fileNameGt=../../cp2016-max-common-connected-subgraph-paper/datasets/graphsdb/mcs30/rand/r01/mcs30_r01_s80.B01
Reading graphs...
80 : 631
80 : 631
Initializing...
maxdom : 8
D->valSize : 440
Solving...
Blb : 2 (clique : 13)
currentSize : 13 <-- 0.003871 s
currentSize : 14 <-- 0.004134 s
currentSize : 15 <-- 0.017537 s
currentSize : 17 <-- 0.223006 s
currentSize : 18 <-- 0.223343 s
currentSize : 19 <-- 0.572558 s
currentSize : 20 <-- 0.798232 s
currentSize : 21 <-- 2.130158 s
currentSize : 22 <-- 7.575328 s
currentSize : 23 <-- 7.575475 s
currentSize : 24 <-- 13.093140 s
currentSize : 25 <-- 13.735307 s
currentSize : 26 <-- 18.844736 s

maxsize : 26
nodes : 3898753.000000
filtered : 71966002.000000
time : 24.777962
