Parameters: GAD=1 vflib=1 dir=1 label=1 lowerbound=1 fileNameGp=../../cp2016-max-common-connected-subgraph-paper/datasets/graphsdb/mcs30/m3D/m3D/mcs30_m3D_s70.A04 fileNameGt=../../cp2016-max-common-connected-subgraph-paper/datasets/graphsdb/mcs30/m3D/m3D/mcs30_m3D_s70.B04
Reading graphs...
70 : 159
70 : 159
Initializing...
maxdom : 9
D->valSize : 316
Solving...
Blb : 2 (clique : 23)
currentSize : 23 <-- 0.004194 s
currentSize : 25 <-- 0.004431 s
currentSize : 26 <-- 0.004471 s
currentSize : 27 <-- 0.100324 s
currentSize : 28 <-- 47.470646 s
currentSize : 29 <-- 66.882370 s
currentSize : 30 <-- 478.395447 s
currentSize : 31 <-- 478.796906 s

TIMEOUT
maxsize : 31
nodes : 215424727.000000
filtered : 1877809576.000000
time : 1000.000061
