Parameters: GAD=1 vflib=1 dir=1 label=1 lowerbound=1 fileNameGp=../../cp2016-max-common-connected-subgraph-paper/datasets/graphsdb/mcs30/m4D/m4Dr4/mcs30_m4Dr4_s80.A08 fileNameGt=../../cp2016-max-common-connected-subgraph-paper/datasets/graphsdb/mcs30/m4D/m4Dr4/mcs30_m4Dr4_s80.B08
Reading graphs...
80 : 163
80 : 161
Initializing...
maxdom : 10
D->valSize : 446
Solving...
Blb : 2 (clique : 26)
currentSize : 26 <-- 0.004398 s
currentSize : 27 <-- 0.011406 s
currentSize : 28 <-- 0.017937 s
currentSize : 29 <-- 0.018356 s
currentSize : 30 <-- 0.064133 s
currentSize : 31 <-- 1.095220 s
currentSize : 32 <-- 508.630737 s

TIMEOUT
maxsize : 32
nodes : 268683255.000000
filtered : 1545366182.000000
time : 1000.000000
