Parameters: GAD=1 vflib=1 dir=1 label=1 lowerbound=1 fileNameGp=../../cp2016-max-common-connected-subgraph-paper/datasets/graphsdb/mcs30/rand/r005/mcs30_r005_s100.A01 fileNameGt=../../cp2016-max-common-connected-subgraph-paper/datasets/graphsdb/mcs30/rand/r005/mcs30_r005_s100.B01
Reading graphs...
100 : 494
100 : 494
Initializing...
maxdom : 9
D->valSize : 347
Solving...
Blb : 2 (clique : 19)
currentSize : 19 <-- 0.003196 s
currentSize : 20 <-- 0.003724 s
currentSize : 21 <-- 0.003789 s
currentSize : 22 <-- 0.004633 s
currentSize : 23 <-- 0.075577 s
currentSize : 24 <-- 0.131875 s
currentSize : 25 <-- 0.193033 s
currentSize : 26 <-- 0.216753 s
currentSize : 27 <-- 36.990555 s
currentSize : 28 <-- 37.004494 s
currentSize : 29 <-- 44.344303 s
currentSize : 30 <-- 424.746094 s
currentSize : 31 <-- 526.442444 s

TIMEOUT
maxsize : 31
nodes : 173361051.000000
filtered : 1399185135.000000
time : 1000.000000
