Parameters: GAD=1 vflib=1 dir=1 label=1 lowerbound=1 fileNameGp=../../cp2016-max-common-connected-subgraph-paper/datasets/graphsdb/mcs30/m4D/m4Dr4/mcs30_m4Dr4_s50.A01 fileNameGt=../../cp2016-max-common-connected-subgraph-paper/datasets/graphsdb/mcs30/m4D/m4Dr4/mcs30_m4Dr4_s50.B01
Reading graphs...
50 : 107
50 : 107
Initializing...
maxdom : 9
D->valSize : 342
Solving...
Blb : 2 (clique : 16)
currentSize : 16 <-- 0.002603 s
currentSize : 17 <-- 0.002737 s
currentSize : 18 <-- 0.033819 s
currentSize : 19 <-- 0.082258 s
currentSize : 20 <-- 3.278642 s
currentSize : 21 <-- 4.975314 s
currentSize : 22 <-- 345.502655 s
currentSize : 23 <-- 350.178375 s

maxsize : 23
nodes : 232212602.000000
filtered : 2502519939.000000
time : 872.029785
