Parameters: GAD=1 vflib=1 dir=1 label=1 lowerbound=1 fileNameGp=../../cp2016-max-common-connected-subgraph-paper/datasets/graphsdb/mcs30/m3D/m3Dr2/mcs30_m3Dr2_s100.A00 fileNameGt=../../cp2016-max-common-connected-subgraph-paper/datasets/graphsdb/mcs30/m3D/m3Dr2/mcs30_m3Dr2_s100.B00
Reading graphs...
100 : 255
100 : 255
Initializing...
maxdom : 7
D->valSize : 334
Solving...
Blb : 2 (clique : 27)
currentSize : 27 <-- 0.003247 s
currentSize : 28 <-- 0.052540 s
currentSize : 29 <-- 0.713226 s
currentSize : 30 <-- 0.714836 s
currentSize : 31 <-- 3.176776 s
currentSize : 32 <-- 9.715127 s
currentSize : 33 <-- 194.398254 s
currentSize : 34 <-- 975.241150 s

TIMEOUT
maxsize : 34
nodes : 205858263.000000
filtered : 1104671564.000000
time : 1000.000000
