Parameters: GAD=1 vflib=1 dir=1 label=1 lowerbound=1 fileNameGp=../../cp2016-max-common-connected-subgraph-paper/datasets/graphsdb/mcs30/bvg/b03/mcs30_b03_s50.A03 fileNameGt=../../cp2016-max-common-connected-subgraph-paper/datasets/graphsdb/mcs30/bvg/b03/mcs30_b03_s50.B03
Reading graphs...
50 : 75
50 : 75
Initializing...
maxdom : 9
D->valSize : 345
Solving...
Blb : 2 (clique : 21)
currentSize : 21 <-- 0.003019 s
currentSize : 22 <-- 0.447099 s
currentSize : 23 <-- 12.946510 s
currentSize : 24 <-- 12.947282 s
currentSize : 25 <-- 12.990797 s
currentSize : 26 <-- 59.961327 s

TIMEOUT
maxsize : 26
nodes : 341061597.000000
filtered : 2263024020.000000
time : 1000.000000
