Parameters: GAD=1 vflib=1 dir=1 label=1 lowerbound=1 fileNameGp=../../cp2016-max-common-connected-subgraph-paper/datasets/graphsdb/mcs30/m3D/m3D/mcs30_m3D_s70.A01 fileNameGt=../../cp2016-max-common-connected-subgraph-paper/datasets/graphsdb/mcs30/m3D/m3D/mcs30_m3D_s70.B01
Reading graphs...
70 : 159
70 : 159
Initializing...
maxdom : 6
D->valSize : 307
Solving...
Blb : 2 (clique : 26)
currentSize : 26 <-- 0.002500 s
currentSize : 27 <-- 0.865325 s
currentSize : 28 <-- 11.127834 s
currentSize : 29 <-- 17.433138 s
currentSize : 30 <-- 41.028671 s
currentSize : 31 <-- 41.029842 s
currentSize : 32 <-- 41.032413 s
currentSize : 33 <-- 175.399094 s
currentSize : 34 <-- 245.237717 s
currentSize : 35 <-- 245.318924 s

maxsize : 35
nodes : 119504616.000000
filtered : 811964116.000000
time : 566.321533
