Parameters: GAD=1 vflib=1 dir=1 label=1 lowerbound=1 fileNameGp=../../cp2016-max-common-connected-subgraph-paper/datasets/graphsdb/mcs30/m3D/m3Dr2/mcs30_m3Dr2_s80.A08 fileNameGt=../../cp2016-max-common-connected-subgraph-paper/datasets/graphsdb/mcs30/m3D/m3Dr2/mcs30_m3Dr2_s80.B08
Reading graphs...
80 : 200
80 : 200
Initializing...
maxdom : 8
D->valSize : 422
Solving...
Blb : 2 (clique : 23)
currentSize : 23 <-- 0.006229 s
currentSize : 24 <-- 0.006538 s
currentSize : 25 <-- 0.007452 s
currentSize : 26 <-- 3.364861 s
currentSize : 27 <-- 8.420346 s
currentSize : 28 <-- 28.249804 s
currentSize : 29 <-- 193.601562 s
currentSize : 30 <-- 260.648346 s

TIMEOUT
maxsize : 30
nodes : 222013066.000000
filtered : 1723866882.000000
time : 1000.000000
