Parameters: GAD=1 vflib=1 dir=1 label=1 lowerbound=1 fileNameGp=../../cp2016-max-common-connected-subgraph-paper/datasets/graphsdb/mcs30/m4D/m4Dr6/mcs30_m4Dr6_s50.A08 fileNameGt=../../cp2016-max-common-connected-subgraph-paper/datasets/graphsdb/mcs30/m4D/m4Dr6/mcs30_m4Dr6_s50.B08
Reading graphs...
50 : 117
50 : 116
Initializing...
maxdom : 9
D->valSize : 318
Solving...
Blb : 2 (clique : 17)
currentSize : 17 <-- 0.002184 s
currentSize : 18 <-- 0.002290 s
currentSize : 19 <-- 0.011784 s
currentSize : 20 <-- 0.101290 s
currentSize : 21 <-- 4.640168 s
currentSize : 22 <-- 533.114929 s

maxsize : 22
nodes : 227427656.000000
filtered : 2400922660.000000
time : 823.986450
