Parameters: GAD=1 vflib=1 dir=1 label=1 lowerbound=1 fileNameGp=../../cp2016-max-common-connected-subgraph-paper/datasets/graphsdb/mcs30/m4D/m4Dr6/mcs30_m4Dr6_s90.A06 fileNameGt=../../cp2016-max-common-connected-subgraph-paper/datasets/graphsdb/mcs30/m4D/m4Dr6/mcs30_m4Dr6_s90.B06
Reading graphs...
90 : 200
90 : 199
Initializing...
maxdom : 15
D->valSize : 509
Solving...
Blb : 2 (clique : 32)
currentSize : 32 <-- 0.005814 s
currentSize : 33 <-- 0.006056 s
currentSize : 34 <-- 0.006128 s
currentSize : 35 <-- 0.006204 s
currentSize : 36 <-- 0.006557 s
currentSize : 37 <-- 10.024171 s

TIMEOUT
maxsize : 37
nodes : 217630053.000000
filtered : 1414835801.000000
time : 1000.000061
