Parameters: GAD=1 vflib=1 dir=1 label=1 lowerbound=1 fileNameGp=../../cp2016-max-common-connected-subgraph-paper/datasets/graphsdb/mcs30/m4D/m4Dr2/mcs30_m4Dr2_s60.A03 fileNameGt=../../cp2016-max-common-connected-subgraph-paper/datasets/graphsdb/mcs30/m4D/m4Dr2/mcs30_m4Dr2_s60.B03
Reading graphs...
60 : 114
60 : 114
Initializing...
maxdom : 9
D->valSize : 271
Solving...
Blb : 2 (clique : 19)
currentSize : 19 <-- 0.002945 s
currentSize : 20 <-- 0.106426 s
currentSize : 21 <-- 0.106689 s
currentSize : 22 <-- 0.289345 s
currentSize : 23 <-- 1.001580 s
currentSize : 24 <-- 4.070655 s
currentSize : 25 <-- 8.330054 s
currentSize : 26 <-- 21.601513 s

maxsize : 26
nodes : 26679634.000000
filtered : 251972208.000000
time : 117.719414
