Parameters: GAD=1 vflib=1 dir=1 label=1 lowerbound=1 fileNameGp=../../cp2016-max-common-connected-subgraph-paper/datasets/graphsdb/mcs30/m2D/m2D/mcs30_m2D_s60.A01 fileNameGt=../../cp2016-max-common-connected-subgraph-paper/datasets/graphsdb/mcs30/m2D/m2D/mcs30_m2D_s60.B01
Reading graphs...
60 : 104
60 : 104
Initializing...
maxdom : 8
D->valSize : 239
Solving...
Blb : 2 (clique : 19)
currentSize : 19 <-- 0.001680 s
currentSize : 20 <-- 0.001832 s
currentSize : 21 <-- 0.001924 s
currentSize : 22 <-- 0.002790 s
currentSize : 23 <-- 0.005028 s
currentSize : 24 <-- 0.006115 s
currentSize : 25 <-- 0.100713 s
currentSize : 26 <-- 0.346444 s
currentSize : 27 <-- 29.360304 s
currentSize : 28 <-- 122.792747 s

maxsize : 28
nodes : 93057819.000000
filtered : 650611153.000000
time : 379.702087
