Parameters: GAD=1 vflib=1 dir=1 label=1 lowerbound=1 fileNameGp=../../cp2016-max-common-connected-subgraph-paper/datasets/graphsdb/mcs30/rand/r01/mcs30_r01_s80.A02 fileNameGt=../../cp2016-max-common-connected-subgraph-paper/datasets/graphsdb/mcs30/rand/r01/mcs30_r01_s80.B02
Reading graphs...
80 : 631
80 : 631
Initializing...
maxdom : 10
D->valSize : 461
Solving...
Blb : 2 (clique : 11)
currentSize : 11 <-- 0.004138 s
currentSize : 12 <-- 0.004273 s
currentSize : 13 <-- 0.006221 s
currentSize : 14 <-- 0.007125 s
currentSize : 15 <-- 0.024190 s
currentSize : 16 <-- 0.044488 s
currentSize : 17 <-- 0.048628 s
currentSize : 18 <-- 0.930960 s
currentSize : 19 <-- 8.060511 s
currentSize : 20 <-- 11.076354 s
currentSize : 21 <-- 11.077273 s
currentSize : 22 <-- 11.077422 s
currentSize : 24 <-- 11.077487 s

maxsize : 24
nodes : 4337047.000000
filtered : 78742299.000000
time : 26.267391
