Parameters: GAD=1 vflib=1 dir=1 label=1 lowerbound=1 fileNameGp=../../cp2016-max-common-connected-subgraph-paper/datasets/graphsdb/mcs30/m4D/m4Dr4/mcs30_m4Dr4_s50.A03 fileNameGt=../../cp2016-max-common-connected-subgraph-paper/datasets/graphsdb/mcs30/m4D/m4Dr4/mcs30_m4Dr4_s50.B03
Reading graphs...
50 : 107
50 : 106
Initializing...
maxdom : 9
D->valSize : 313
Solving...
Blb : 2 (clique : 18)
currentSize : 18 <-- 0.003352 s
currentSize : 19 <-- 28.511568 s
currentSize : 20 <-- 33.019604 s
currentSize : 21 <-- 41.005253 s
currentSize : 22 <-- 89.732162 s
currentSize : 23 <-- 226.565262 s

maxsize : 23
nodes : 65603047.000000
filtered : 690260684.000000
time : 247.101303
