Parameters: GAD=1 vflib=1 dir=1 label=1 lowerbound=1 fileNameGp=../../cp2016-max-common-connected-subgraph-paper/datasets/graphsdb/mcs30/rand/r005/mcs30_r005_s80.A00 fileNameGt=../../cp2016-max-common-connected-subgraph-paper/datasets/graphsdb/mcs30/rand/r005/mcs30_r005_s80.B00
Reading graphs...
80 : 315
80 : 315
Initializing...
maxdom : 9
D->valSize : 420
Solving...
Blb : 2 (clique : 22)
currentSize : 22 <-- 0.003882 s
currentSize : 23 <-- 0.006267 s
currentSize : 24 <-- 0.008858 s
currentSize : 25 <-- 25.641312 s
currentSize : 26 <-- 26.275148 s
currentSize : 27 <-- 93.881325 s
currentSize : 28 <-- 93.881477 s
currentSize : 29 <-- 99.290321 s

TIMEOUT
maxsize : 29
nodes : 175500349.000000
filtered : 2181592255.000000
time : 1000.000000
