Parameters: GAD=1 vflib=1 dir=1 label=1 lowerbound=1 fileNameGp=../../cp2016-max-common-connected-subgraph-paper/datasets/graphsdb/mcs30/rand/r02/mcs30_r02_s70.A06 fileNameGt=../../cp2016-max-common-connected-subgraph-paper/datasets/graphsdb/mcs30/rand/r02/mcs30_r02_s70.B06
Reading graphs...
70 : 965
70 : 965
Initializing...
maxdom : 8
D->valSize : 309
Solving...
Blb : 2 (clique : 7)
currentSize : 7 <-- 0.003312 s
currentSize : 8 <-- 0.003850 s
currentSize : 9 <-- 0.007558 s
currentSize : 10 <-- 0.025181 s
currentSize : 11 <-- 0.054162 s
currentSize : 12 <-- 0.054267 s
currentSize : 13 <-- 0.054581 s
currentSize : 14 <-- 0.054619 s
currentSize : 15 <-- 0.121676 s
currentSize : 18 <-- 0.124060 s
currentSize : 21 <-- 0.124234 s

maxsize : 21
nodes : 28386.000000
filtered : 492625.000000
time : 0.178425
