Parameters: GAD=1 vflib=1 dir=1 label=1 lowerbound=1 fileNameGp=../../cp2016-max-common-connected-subgraph-paper/datasets/graphsdb/mcs30/m3D/m3Dr2/mcs30_m3Dr2_s70.A03 fileNameGt=../../cp2016-max-common-connected-subgraph-paper/datasets/graphsdb/mcs30/m3D/m3Dr2/mcs30_m3Dr2_s70.B03
Reading graphs...
70 : 173
70 : 173
Initializing...
maxdom : 7
D->valSize : 331
Solving...
Blb : 2 (clique : 20)
currentSize : 20 <-- 0.002619 s
currentSize : 21 <-- 0.002801 s
currentSize : 22 <-- 0.003057 s
currentSize : 23 <-- 0.132749 s
currentSize : 24 <-- 0.133271 s
currentSize : 25 <-- 0.643698 s
currentSize : 26 <-- 16.641314 s
currentSize : 27 <-- 23.775871 s
currentSize : 28 <-- 197.871017 s
currentSize : 29 <-- 515.019287 s
currentSize : 30 <-- 636.819763 s

TIMEOUT
maxsize : 30
nodes : 208887119.000000
filtered : 2089498924.000000
time : 1000.000000
