Parameters: GAD=1 vflib=1 dir=1 label=1 lowerbound=1 fileNameGp=../../cp2016-max-common-connected-subgraph-paper/datasets/graphsdb/mcs30/m3D/m3Dr6/mcs30_m3Dr6_s100.A00 fileNameGt=../../cp2016-max-common-connected-subgraph-paper/datasets/graphsdb/mcs30/m3D/m3Dr6/mcs30_m3Dr6_s100.B00
Reading graphs...
100 : 295
100 : 293
Initializing...
maxdom : 7
D->valSize : 318
Solving...
Blb : 2 (clique : 26)
currentSize : 26 <-- 0.003020 s
currentSize : 27 <-- 0.229949 s
currentSize : 28 <-- 3.147357 s
currentSize : 29 <-- 9.084399 s
currentSize : 30 <-- 12.099870 s
currentSize : 31 <-- 12.718387 s
currentSize : 32 <-- 15.637890 s
currentSize : 33 <-- 22.038149 s
currentSize : 34 <-- 58.968990 s
currentSize : 35 <-- 79.843483 s

TIMEOUT
maxsize : 35
nodes : 181706365.000000
filtered : 1233179762.000000
time : 1000.000000
