Parameters: GAD=1 vflib=1 dir=1 label=1 lowerbound=1 fileNameGp=../../cp2016-max-common-connected-subgraph-paper/datasets/graphsdb/mcs30/rand/r01/mcs30_r01_s100.A08 fileNameGt=../../cp2016-max-common-connected-subgraph-paper/datasets/graphsdb/mcs30/rand/r01/mcs30_r01_s100.B08
Reading graphs...
100 : 989
100 : 989
Initializing...
maxdom : 6
D->valSize : 320
Solving...
Blb : 2 (clique : 16)
currentSize : 16 <-- 0.002742 s
currentSize : 17 <-- 0.003125 s
currentSize : 18 <-- 0.003179 s
currentSize : 20 <-- 0.003281 s
currentSize : 21 <-- 0.003956 s
currentSize : 22 <-- 0.014368 s
currentSize : 24 <-- 0.020389 s
currentSize : 25 <-- 0.020592 s
currentSize : 26 <-- 1.010687 s
currentSize : 27 <-- 3.656083 s
currentSize : 30 <-- 3.659477 s

maxsize : 30
nodes : 1162930.000000
filtered : 13723997.000000
time : 7.484612
