Parameters: GAD=1 vflib=1 dir=1 label=1 lowerbound=1 fileNameGp=../../cp2016-max-common-connected-subgraph-paper/datasets/graphsdb/mcs30/rand/r02/mcs30_r02_s90.A06 fileNameGt=../../cp2016-max-common-connected-subgraph-paper/datasets/graphsdb/mcs30/rand/r02/mcs30_r02_s90.B06
Reading graphs...
90 : 1601
90 : 1601
Initializing...
maxdom : 8
D->valSize : 500
Solving...
Blb : 2 (clique : 8)
currentSize : 8 <-- 0.007511 s
currentSize : 9 <-- 0.007663 s
currentSize : 10 <-- 0.008096 s
currentSize : 13 <-- 0.008799 s
currentSize : 17 <-- 0.023141 s
currentSize : 19 <-- 0.084923 s
currentSize : 21 <-- 0.106937 s
currentSize : 27 <-- 0.176434 s

maxsize : 27
nodes : 44553.000000
filtered : 1432218.000000
time : 0.355899
