Parameters: GAD=1 vflib=1 dir=1 label=1 lowerbound=1 fileNameGp=../../cp2016-max-common-connected-subgraph-paper/datasets/graphsdb/mcs30/m2D/m2Dr2/mcs30_m2Dr2_s60.A06 fileNameGt=../../cp2016-max-common-connected-subgraph-paper/datasets/graphsdb/mcs30/m2D/m2Dr2/mcs30_m2Dr2_s60.B06
Reading graphs...
60 : 116
60 : 115
Initializing...
maxdom : 6
D->valSize : 241
Solving...
Blb : 5 (clique : 20)
currentSize : 20 <-- 0.002536 s
currentSize : 21 <-- 0.003151 s
currentSize : 22 <-- 0.003729 s
currentSize : 23 <-- 0.005786 s
currentSize : 24 <-- 0.038795 s
currentSize : 25 <-- 0.043756 s

TIMEOUT
maxsize : 25
nodes : 270322435.000000
filtered : 1704224074.000000
time : 1000.000000
