Parameters: GAD=1 vflib=1 dir=1 label=1 lowerbound=1 fileNameGp=../../cp2016-max-common-connected-subgraph-paper/datasets/graphsdb/mcs30/rand/r005/mcs30_r005_s50.A06 fileNameGt=../../cp2016-max-common-connected-subgraph-paper/datasets/graphsdb/mcs30/rand/r005/mcs30_r005_s50.B06
Reading graphs...
50 : 126
50 : 126
Initializing...
maxdom : 10
D->valSize : 321
Solving...
Blb : 5 (clique : 15)
currentSize : 15 <-- 0.002285 s
currentSize : 16 <-- 0.002439 s
currentSize : 17 <-- 0.042231 s
currentSize : 18 <-- 0.870633 s
currentSize : 19 <-- 1.173723 s
currentSize : 20 <-- 1.389059 s
currentSize : 21 <-- 17.494604 s
currentSize : 22 <-- 66.639053 s

maxsize : 22
nodes : 35873036.000000
filtered : 428459426.000000
time : 144.984894
