Parameters: GAD=1 vflib=1 dir=1 label=1 lowerbound=1 fileNameGp=../../cp2016-max-common-connected-subgraph-paper/datasets/graphsdb/mcs30/bvg/b09/mcs30_b09_s70.A01 fileNameGt=../../cp2016-max-common-connected-subgraph-paper/datasets/graphsdb/mcs30/bvg/b09/mcs30_b09_s70.B01
Reading graphs...
70 : 315
70 : 315
Initializing...
maxdom : 8
D->valSize : 313
Solving...
Blb : 2 (clique : 18)
currentSize : 18 <-- 0.003679 s
currentSize : 19 <-- 0.003816 s
currentSize : 20 <-- 0.004091 s
currentSize : 21 <-- 0.726958 s
currentSize : 22 <-- 3.243883 s
currentSize : 23 <-- 3.245960 s
currentSize : 24 <-- 51.838421 s

maxsize : 24
nodes : 20884206.000000
filtered : 234860800.000000
time : 104.834045
