Parameters: GAD=1 vflib=1 dir=1 label=1 lowerbound=1 fileNameGp=../../cp2016-max-common-connected-subgraph-paper/datasets/graphsdb/mcs30/bvg/b06m/mcs30_b06m_s90.A01 fileNameGt=../../cp2016-max-common-connected-subgraph-paper/datasets/graphsdb/mcs30/bvg/b06m/mcs30_b06m_s90.B01
Reading graphs...
90 : 270
90 : 270
Initializing...
maxdom : 9
D->valSize : 585
Solving...
Blb : 2 (clique : 26)
currentSize : 26 <-- 0.010995 s
currentSize : 27 <-- 0.011364 s
currentSize : 28 <-- 0.011726 s
currentSize : 29 <-- 0.011962 s
currentSize : 30 <-- 0.200652 s
currentSize : 31 <-- 168.265045 s
currentSize : 32 <-- 168.359756 s

TIMEOUT
maxsize : 32
nodes : 199376077.000000
filtered : 1919035687.000000
time : 1000.000000
