Parameters: GAD=1 vflib=1 dir=1 label=1 lowerbound=1 fileNameGp=../../cp2016-max-common-connected-subgraph-paper/datasets/graphsdb/mcs30/m4D/m4Dr6/mcs30_m4Dr6_s70.A02 fileNameGt=../../cp2016-max-common-connected-subgraph-paper/datasets/graphsdb/mcs30/m4D/m4Dr6/mcs30_m4Dr6_s70.B02
Reading graphs...
70 : 160
70 : 158
Initializing...
maxdom : 8
D->valSize : 342
Solving...
Blb : 3 (clique : 22)
currentSize : 22 <-- 0.004319 s
currentSize : 23 <-- 0.079374 s
currentSize : 24 <-- 0.134662 s
currentSize : 25 <-- 0.190403 s
currentSize : 26 <-- 2.217842 s
currentSize : 27 <-- 61.871330 s

TIMEOUT
maxsize : 27
nodes : 235561751.000000
filtered : 1974824139.000000
time : 1000.000000
