Parameters: GAD=1 vflib=1 dir=1 label=1 lowerbound=1 fileNameGp=../../cp2016-max-common-connected-subgraph-paper/datasets/graphsdb/mcs30/rand/r005/mcs30_r005_s100.A06 fileNameGt=../../cp2016-max-common-connected-subgraph-paper/datasets/graphsdb/mcs30/rand/r005/mcs30_r005_s100.B06
Reading graphs...
100 : 494
100 : 494
Initializing...
maxdom : 6
D->valSize : 328
Solving...
Blb : 2 (clique : 25)
currentSize : 25 <-- 0.003142 s
currentSize : 26 <-- 0.003390 s
currentSize : 27 <-- 0.246197 s
currentSize : 28 <-- 0.818673 s
currentSize : 29 <-- 114.000374 s
currentSize : 30 <-- 666.038513 s

TIMEOUT
maxsize : 30
nodes : 175706958.000000
filtered : 1216594956.000000
time : 1000.000000
