Parameters: GAD=1 vflib=1 dir=1 label=1 lowerbound=1 fileNameGp=../../cp2016-max-common-connected-subgraph-paper/datasets/graphsdb/mcs30/rand/r005/mcs30_r005_s100.A04 fileNameGt=../../cp2016-max-common-connected-subgraph-paper/datasets/graphsdb/mcs30/rand/r005/mcs30_r005_s100.B04
Reading graphs...
100 : 494
100 : 494
Initializing...
maxdom : 6
D->valSize : 368
Solving...
Blb : 2 (clique : 22)
currentSize : 22 <-- 0.004604 s
currentSize : 23 <-- 0.025914 s
currentSize : 24 <-- 0.047163 s
currentSize : 25 <-- 0.103032 s
currentSize : 26 <-- 0.112237 s
currentSize : 27 <-- 0.373032 s
currentSize : 28 <-- 49.534328 s
currentSize : 29 <-- 63.475967 s
currentSize : 30 <-- 63.479156 s

TIMEOUT
maxsize : 30
nodes : 169574482.000000
filtered : 1411398518.000000
time : 1000.000000
