Parameters: GAD=1 vflib=1 dir=1 label=1 lowerbound=1 fileNameGp=../../cp2016-max-common-connected-subgraph-paper/datasets/graphsdb/mcs30/m2D/m2Dr6/mcs30_m2Dr6_s100.A09 fileNameGt=../../cp2016-max-common-connected-subgraph-paper/datasets/graphsdb/mcs30/m2D/m2Dr6/mcs30_m2Dr6_s100.B09
Reading graphs...
100 : 240
100 : 237
Initializing...
maxdom : 8
D->valSize : 332
Solving...
Blb : 2 (clique : 29)
currentSize : 29 <-- 0.003231 s
currentSize : 30 <-- 0.004904 s
currentSize : 31 <-- 0.024866 s
currentSize : 32 <-- 0.175571 s
currentSize : 33 <-- 0.328249 s
currentSize : 34 <-- 15.521070 s
currentSize : 35 <-- 15.529631 s
currentSize : 36 <-- 60.449657 s

TIMEOUT
maxsize : 36
nodes : 210781096.000000
filtered : 955615490.000000
time : 1000.000061
