Parameters: GAD=1 vflib=1 dir=1 label=1 lowerbound=1 fileNameGp=../../cp2016-max-common-connected-subgraph-paper/datasets/graphsdb/mcs30/m2D/m2Dr2/mcs30_m2Dr2_s60.A05 fileNameGt=../../cp2016-max-common-connected-subgraph-paper/datasets/graphsdb/mcs30/m2D/m2Dr2/mcs30_m2Dr2_s60.B05
Reading graphs...
60 : 116
60 : 116
Initializing...
maxdom : 9
D->valSize : 237
Solving...
Blb : 2 (clique : 20)
currentSize : 20 <-- 0.002609 s
currentSize : 21 <-- 0.020562 s
currentSize : 22 <-- 0.075253 s
currentSize : 23 <-- 1.580812 s
currentSize : 24 <-- 15.992038 s
currentSize : 25 <-- 36.545338 s
currentSize : 26 <-- 532.473389 s

maxsize : 26
nodes : 189722889.000000
filtered : 1216329495.000000
time : 685.019409
