Parameters: GAD=1 vflib=1 dir=1 label=1 lowerbound=1 fileNameGp=../../cp2016-max-common-connected-subgraph-paper/datasets/graphsdb/mcs30/bvg/b06m/mcs30_b06m_s70.A00 fileNameGt=../../cp2016-max-common-connected-subgraph-paper/datasets/graphsdb/mcs30/bvg/b06m/mcs30_b06m_s70.B00
Reading graphs...
70 : 210
70 : 210
Initializing...
maxdom : 7
D->valSize : 311
Solving...
Blb : 3 (clique : 19)
currentSize : 19 <-- 0.002475 s
currentSize : 20 <-- 0.008409 s
currentSize : 21 <-- 0.010265 s
currentSize : 22 <-- 0.132383 s
currentSize : 23 <-- 4.589544 s
currentSize : 24 <-- 62.232929 s
currentSize : 25 <-- 629.278992 s

TIMEOUT
maxsize : 25
nodes : 238258791.000000
filtered : 1538583782.000000
time : 1000.000000
