Parameters: GAD=1 vflib=1 dir=1 label=1 lowerbound=1 fileNameGp=../../cp2016-max-common-connected-subgraph-paper/datasets/graphsdb/mcs30/m2D/m2Dr6/mcs30_m2Dr6_s70.A08 fileNameGt=../../cp2016-max-common-connected-subgraph-paper/datasets/graphsdb/mcs30/m2D/m2Dr6/mcs30_m2Dr6_s70.B08
Reading graphs...
70 : 165
70 : 164
Initializing...
maxdom : 7
D->valSize : 321
Solving...
Blb : 2 (clique : 23)
currentSize : 23 <-- 0.004270 s
currentSize : 24 <-- 0.196019 s
currentSize : 25 <-- 0.266237 s
currentSize : 26 <-- 2.971142 s
currentSize : 27 <-- 17.103096 s
currentSize : 28 <-- 52.755875 s

TIMEOUT
maxsize : 28
nodes : 209058892.000000
filtered : 1510871363.000000
time : 1000.000000
