Parameters: GAD=1 vflib=1 dir=1 label=1 lowerbound=1 fileNameGp=../../cp2016-max-common-connected-subgraph-paper/datasets/graphsdb/mcs30/m3D/m3Dr4/mcs30_m3Dr4_s90.A07 fileNameGt=../../cp2016-max-common-connected-subgraph-paper/datasets/graphsdb/mcs30/m3D/m3Dr4/mcs30_m3Dr4_s90.B07
Reading graphs...
90 : 245
90 : 245
Initializing...
maxdom : 9
D->valSize : 510
Solving...
Blb : 2 (clique : 24)
currentSize : 24 <-- 0.008821 s
currentSize : 26 <-- 0.009092 s
currentSize : 27 <-- 0.009629 s
currentSize : 28 <-- 0.038254 s
currentSize : 29 <-- 2.082097 s
currentSize : 30 <-- 30.502111 s

TIMEOUT
maxsize : 30
nodes : 201669916.000000
filtered : 1654356346.000000
time : 1000.000000
