Parameters: GAD=1 vflib=1 dir=1 label=1 lowerbound=1 fileNameGp=../../cp2016-max-common-connected-subgraph-paper/datasets/graphsdb/mcs30/bvg/b06/mcs30_b06_s80.A02 fileNameGt=../../cp2016-max-common-connected-subgraph-paper/datasets/graphsdb/mcs30/bvg/b06/mcs30_b06_s80.B02
Reading graphs...
80 : 240
80 : 240
Initializing...
maxdom : 12
D->valSize : 468
Solving...
Blb : 2 (clique : 21)
currentSize : 21 <-- 0.004559 s
currentSize : 22 <-- 0.004815 s
currentSize : 23 <-- 0.006937 s
currentSize : 24 <-- 0.016931 s
currentSize : 25 <-- 0.220374 s
currentSize : 26 <-- 0.223243 s
currentSize : 27 <-- 2.757213 s
currentSize : 28 <-- 253.438416 s
currentSize : 29 <-- 262.896759 s

TIMEOUT
maxsize : 29
nodes : 188407282.000000
filtered : 2160384049.000000
time : 1000.000000
