Parameters: GAD=1 vflib=1 dir=1 label=1 lowerbound=1 fileNameGp=../../cp2016-max-common-connected-subgraph-paper/datasets/graphsdb/mcs30/rand/r01/mcs30_r01_s100.A02 fileNameGt=../../cp2016-max-common-connected-subgraph-paper/datasets/graphsdb/mcs30/rand/r01/mcs30_r01_s100.B02
Reading graphs...
100 : 989
100 : 989
Initializing...
maxdom : 8
D->valSize : 365
Solving...
Blb : 2 (clique : 13)
currentSize : 13 <-- 0.003419 s
currentSize : 14 <-- 0.008463 s
currentSize : 15 <-- 0.042514 s
currentSize : 17 <-- 0.088909 s
currentSize : 18 <-- 0.089896 s
currentSize : 19 <-- 0.092753 s
currentSize : 20 <-- 0.092928 s
currentSize : 21 <-- 0.206347 s
currentSize : 22 <-- 0.398320 s
currentSize : 23 <-- 2.934472 s
currentSize : 25 <-- 2.935291 s
currentSize : 26 <-- 5.504419 s
currentSize : 28 <-- 5.532460 s
currentSize : 30 <-- 5.533014 s

maxsize : 30
nodes : 1412505.000000
filtered : 17781154.000000
time : 8.958212
