Parameters: GAD=1 vflib=1 dir=1 label=1 lowerbound=1 fileNameGp=../../cp2016-max-common-connected-subgraph-paper/datasets/graphsdb/mcs30/bvg/b09m/mcs30_b09m_s50.A03 fileNameGt=../../cp2016-max-common-connected-subgraph-paper/datasets/graphsdb/mcs30/bvg/b09m/mcs30_b09m_s50.B03
Reading graphs...
50 : 225
50 : 225
Initializing...
maxdom : 11
D->valSize : 355
Solving...
Blb : 2 (clique : 12)
currentSize : 12 <-- 0.003918 s
currentSize : 13 <-- 0.004100 s
currentSize : 14 <-- 0.004344 s
currentSize : 15 <-- 0.008124 s
currentSize : 16 <-- 0.712492 s
currentSize : 17 <-- 11.409265 s

maxsize : 17
nodes : 4623996.000000
filtered : 84332138.000000
time : 21.174501
