Parameters: GAD=1 vflib=1 dir=1 label=1 lowerbound=1 fileNameGp=../../cp2016-max-common-connected-subgraph-paper/datasets/graphsdb/mcs30/m2D/m2Dr2/mcs30_m2Dr2_s70.A09 fileNameGt=../../cp2016-max-common-connected-subgraph-paper/datasets/graphsdb/mcs30/m2D/m2Dr2/mcs30_m2Dr2_s70.B09
Reading graphs...
70 : 137
70 : 137
Initializing...
maxdom : 9
D->valSize : 333
Solving...
Blb : 2 (clique : 24)
currentSize : 24 <-- 0.002857 s
currentSize : 25 <-- 0.146918 s
currentSize : 26 <-- 19.231638 s
currentSize : 27 <-- 160.126694 s
currentSize : 28 <-- 399.358795 s
currentSize : 29 <-- 702.443054 s

TIMEOUT
maxsize : 29
nodes : 279337694.000000
filtered : 1817362652.000000
time : 1000.000000
