Parameters: GAD=1 vflib=1 dir=1 label=1 lowerbound=1 fileNameGp=../../cp2016-max-common-connected-subgraph-paper/datasets/graphsdb/mcs30/bvg/b06/mcs30_b06_s80.A05 fileNameGt=../../cp2016-max-common-connected-subgraph-paper/datasets/graphsdb/mcs30/bvg/b06/mcs30_b06_s80.B05
Reading graphs...
80 : 240
80 : 240
Initializing...
maxdom : 9
D->valSize : 409
Solving...
Blb : 2 (clique : 21)
currentSize : 21 <-- 0.006303 s
currentSize : 22 <-- 0.006557 s
currentSize : 23 <-- 0.011093 s
currentSize : 24 <-- 0.023570 s
currentSize : 25 <-- 0.040336 s
currentSize : 26 <-- 0.160325 s
currentSize : 27 <-- 3.170962 s
currentSize : 28 <-- 12.057228 s
currentSize : 29 <-- 34.027153 s

TIMEOUT
maxsize : 29
nodes : 187890001.000000
filtered : 1966394002.000000
time : 1000.000000
