Parameters: GAD=1 vflib=1 dir=1 label=1 lowerbound=1 fileNameGp=../../cp2016-max-common-connected-subgraph-paper/datasets/graphsdb/mcs30/m4D/m4Dr2/mcs30_m4Dr2_s60.A01 fileNameGt=../../cp2016-max-common-connected-subgraph-paper/datasets/graphsdb/mcs30/m4D/m4Dr2/mcs30_m4Dr2_s60.B01
Reading graphs...
60 : 114
60 : 114
Initializing...
maxdom : 8
D->valSize : 237
Solving...
Blb : 2 (clique : 19)
currentSize : 19 <-- 0.001616 s
currentSize : 20 <-- 0.001735 s
currentSize : 21 <-- 0.002099 s
currentSize : 22 <-- 0.143467 s
currentSize : 23 <-- 0.420500 s
currentSize : 24 <-- 4.393472 s
currentSize : 25 <-- 6.994877 s
currentSize : 26 <-- 63.738876 s

maxsize : 26
nodes : 29291147.000000
filtered : 202254776.000000
time : 109.748421
