Parameters: GAD=1 vflib=1 dir=1 label=1 lowerbound=1 fileNameGp=../../cp2016-max-common-connected-subgraph-paper/datasets/graphsdb/mcs30/rand/r01/mcs30_r01_s90.A01 fileNameGt=../../cp2016-max-common-connected-subgraph-paper/datasets/graphsdb/mcs30/rand/r01/mcs30_r01_s90.B01
Reading graphs...
90 : 800
90 : 800
Initializing...
maxdom : 8
D->valSize : 539
Solving...
Blb : 2 (clique : 13)
currentSize : 13 <-- 0.006888 s
currentSize : 14 <-- 0.011194 s
currentSize : 15 <-- 0.012522 s
currentSize : 16 <-- 0.034407 s
currentSize : 18 <-- 0.283980 s
currentSize : 19 <-- 4.564413 s
currentSize : 20 <-- 26.596294 s
currentSize : 21 <-- 26.596510 s
currentSize : 22 <-- 79.813217 s
currentSize : 23 <-- 106.569984 s
currentSize : 24 <-- 160.142654 s
currentSize : 26 <-- 228.495926 s
currentSize : 27 <-- 228.503525 s

maxsize : 27
nodes : 43415641.000000
filtered : 792893335.000000
time : 274.636993
