Parameters: GAD=1 vflib=1 dir=1 label=1 lowerbound=1 fileNameGp=../../cp2016-max-common-connected-subgraph-paper/datasets/graphsdb/mcs30/bvg/b09m/mcs30_b09m_s60.A06 fileNameGt=../../cp2016-max-common-connected-subgraph-paper/datasets/graphsdb/mcs30/bvg/b09m/mcs30_b09m_s60.B06
Reading graphs...
60 : 270
60 : 270
Initializing...
maxdom : 7
D->valSize : 247
Solving...
Blb : 2 (clique : 12)
currentSize : 12 <-- 0.002416 s
currentSize : 13 <-- 0.003165 s
currentSize : 14 <-- 0.003327 s
currentSize : 15 <-- 0.011946 s
currentSize : 16 <-- 0.012000 s
currentSize : 17 <-- 0.146268 s
currentSize : 18 <-- 0.218143 s
currentSize : 19 <-- 0.261611 s
currentSize : 20 <-- 0.261674 s
currentSize : 22 <-- 1.622234 s

maxsize : 22
nodes : 1184142.000000
filtered : 7685349.000000
time : 4.771336
