Parameters: GAD=1 vflib=1 dir=1 label=1 lowerbound=1 fileNameGp=../../cp2016-max-common-connected-subgraph-paper/datasets/graphsdb/mcs30/m4D/m4Dr2/mcs30_m4Dr2_s60.A09 fileNameGt=../../cp2016-max-common-connected-subgraph-paper/datasets/graphsdb/mcs30/m4D/m4Dr2/mcs30_m4Dr2_s60.B09
Reading graphs...
60 : 114
60 : 113
Initializing...
maxdom : 9
D->valSize : 225
Solving...
Blb : 2 (clique : 22)
currentSize : 22 <-- 0.002407 s
currentSize : 23 <-- 0.002632 s
currentSize : 24 <-- 0.003106 s
currentSize : 25 <-- 0.008788 s
currentSize : 26 <-- 0.017944 s
currentSize : 27 <-- 0.206807 s

maxsize : 27
nodes : 111457605.000000
filtered : 755804152.000000
time : 420.633667
