Parameters: GAD=1 vflib=1 dir=1 label=1 lowerbound=1 fileNameGp=../../cp2016-max-common-connected-subgraph-paper/datasets/graphsdb/mcs30/bvg/b06m/mcs30_b06m_s50.A03 fileNameGt=../../cp2016-max-common-connected-subgraph-paper/datasets/graphsdb/mcs30/bvg/b06m/mcs30_b06m_s50.B03
Reading graphs...
50 : 150
50 : 150
Initializing...
maxdom : 8
D->valSize : 298
Solving...
Blb : 5 (clique : 14)
currentSize : 14 <-- 0.002000 s
currentSize : 15 <-- 0.007439 s
currentSize : 16 <-- 0.008314 s
currentSize : 17 <-- 5.505942 s
currentSize : 18 <-- 5.509245 s
currentSize : 19 <-- 6.789294 s
currentSize : 20 <-- 6.789373 s
currentSize : 21 <-- 17.739632 s

maxsize : 21
nodes : 5727818.000000
filtered : 67044510.000000
time : 22.297787
