Parameters: GAD=1 vflib=1 dir=1 label=1 lowerbound=1 fileNameGp=../../cp2016-max-common-connected-subgraph-paper/datasets/graphsdb/mcs30/rand/r02/mcs30_r02_s80.A04 fileNameGt=../../cp2016-max-common-connected-subgraph-paper/datasets/graphsdb/mcs30/rand/r02/mcs30_r02_s80.B04
Reading graphs...
80 : 1263
80 : 1263
Initializing...
maxdom : 10
D->valSize : 503
Solving...
Blb : 2 (clique : 7)
currentSize : 7 <-- 0.004629 s
currentSize : 8 <-- 0.004790 s
currentSize : 9 <-- 0.005541 s
currentSize : 11 <-- 0.006849 s
currentSize : 12 <-- 0.012630 s
currentSize : 15 <-- 0.038862 s
currentSize : 17 <-- 0.150807 s
currentSize : 18 <-- 0.187183 s
currentSize : 24 <-- 0.301098 s

maxsize : 24
nodes : 60419.000000
filtered : 1822306.000000
time : 0.438556
