Parameters: GAD=1 vflib=1 dir=1 label=1 lowerbound=1 fileNameGp=../../cp2016-max-common-connected-subgraph-paper/datasets/graphsdb/mcs30/rand/r005/mcs30_r005_s100.A03 fileNameGt=../../cp2016-max-common-connected-subgraph-paper/datasets/graphsdb/mcs30/rand/r005/mcs30_r005_s100.B03
Reading graphs...
100 : 494
100 : 494
Initializing...
maxdom : 8
D->valSize : 329
Solving...
Blb : 2 (clique : 21)
currentSize : 21 <-- 0.003098 s
currentSize : 22 <-- 0.003402 s
currentSize : 23 <-- 0.004118 s
currentSize : 24 <-- 8.673822 s
currentSize : 25 <-- 9.093610 s
currentSize : 26 <-- 55.398376 s

TIMEOUT
maxsize : 26
nodes : 196833597.000000
filtered : 1082678659.000000
time : 1000.000000
