Parameters: GAD=1 vflib=1 dir=1 label=1 lowerbound=1 fileNameGp=../../cp2016-max-common-connected-subgraph-paper/datasets/graphsdb/mcs30/bvg/b09/mcs30_b09_s70.A03 fileNameGt=../../cp2016-max-common-connected-subgraph-paper/datasets/graphsdb/mcs30/bvg/b09/mcs30_b09_s70.B03
Reading graphs...
70 : 315
70 : 315
Initializing...
maxdom : 9
D->valSize : 302
Solving...
Blb : 2 (clique : 17)
currentSize : 17 <-- 0.003455 s
currentSize : 18 <-- 0.245802 s
currentSize : 20 <-- 1.694405 s
currentSize : 21 <-- 1.695445 s
currentSize : 22 <-- 1.705392 s
currentSize : 23 <-- 3.092316 s

maxsize : 23
nodes : 9853209.000000
filtered : 94280709.000000
time : 46.961403
