Parameters: GAD=1 vflib=1 dir=1 label=1 lowerbound=1 fileNameGp=../../cp2016-max-common-connected-subgraph-paper/datasets/graphsdb/mcs50/bvg/b06/mcs50_b06_s90.A09 fileNameGt=../../cp2016-max-common-connected-subgraph-paper/datasets/graphsdb/mcs50/bvg/b06/mcs50_b06_s90.B09
Reading graphs...
90 : 270
90 : 270
Initializing...
maxdom : 10
D->valSize : 564
Solving...
Blb : 2 (clique : 30)
currentSize : 30 <-- 0.006476 s
currentSize : 32 <-- 0.006742 s
currentSize : 33 <-- 0.022251 s
currentSize : 34 <-- 0.049437 s
currentSize : 35 <-- 0.066152 s
currentSize : 36 <-- 0.427619 s
currentSize : 37 <-- 0.988170 s
currentSize : 38 <-- 0.988240 s
currentSize : 39 <-- 1.391219 s
currentSize : 40 <-- 16.055544 s
currentSize : 41 <-- 77.480736 s
currentSize : 42 <-- 563.775757 s
currentSize : 43 <-- 987.344421 s
currentSize : 44 <-- 987.346802 s

TIMEOUT
maxsize : 44
nodes : 164504670.000000
filtered : 1430673137.000000
time : 1000.000061
