Parameters: GAD=1 vflib=1 dir=1 label=1 lowerbound=1 fileNameGp=../../cp2016-max-common-connected-subgraph-paper/datasets/graphsdb/mcs50/m4D/m4Dr2/mcs50_m4Dr2_s40.A05 fileNameGt=../../cp2016-max-common-connected-subgraph-paper/datasets/graphsdb/mcs50/m4D/m4Dr2/mcs50_m4Dr2_s40.B05
Reading graphs...
40 : 79
40 : 79
Initializing...
maxdom : 8
D->valSize : 233
Solving...
Blb : 5 (clique : 14)
currentSize : 14 <-- 0.001311 s
currentSize : 15 <-- 0.001522 s
currentSize : 16 <-- 0.001583 s
currentSize : 17 <-- 0.001912 s
currentSize : 18 <-- 0.004429 s
currentSize : 19 <-- 0.009856 s
currentSize : 20 <-- 0.014052 s
currentSize : 21 <-- 0.030906 s
currentSize : 22 <-- 0.034305 s

maxsize : 22
nodes : 66422.000000
filtered : 785149.000000
time : 0.260825
