Parameters: GAD=1 vflib=1 dir=1 label=1 lowerbound=1 fileNameGp=../../cp2016-max-common-connected-subgraph-paper/datasets/graphsdb/mcs50/m2D/m2Dr6/mcs50_m2Dr6_s60.A02 fileNameGt=../../cp2016-max-common-connected-subgraph-paper/datasets/graphsdb/mcs50/m2D/m2Dr6/mcs50_m2Dr6_s60.B02
Reading graphs...
60 : 140
60 : 137
Initializing...
maxdom : 7
D->valSize : 267
Solving...
Blb : 5 (clique : 19)
currentSize : 19 <-- 0.001814 s
currentSize : 20 <-- 0.001929 s
currentSize : 21 <-- 0.002181 s
currentSize : 22 <-- 0.002362 s
currentSize : 23 <-- 0.003810 s
currentSize : 24 <-- 87.775970 s
currentSize : 25 <-- 321.912933 s
currentSize : 26 <-- 321.913269 s
currentSize : 27 <-- 368.326630 s
currentSize : 29 <-- 369.096649 s

maxsize : 29
nodes : 102311398.000000
filtered : 1015129153.000000
time : 423.291656
