Parameters: GAD=1 vflib=1 dir=1 label=1 lowerbound=1 fileNameGp=../../cp2016-max-common-connected-subgraph-paper/datasets/graphsdb/mcs50/rand/r01/mcs50_r01_s70.A03 fileNameGt=../../cp2016-max-common-connected-subgraph-paper/datasets/graphsdb/mcs50/rand/r01/mcs50_r01_s70.B03
Reading graphs...
70 : 482
70 : 482
Initializing...
maxdom : 7
D->valSize : 312
Solving...
Blb : 3 (clique : 11)
currentSize : 11 <-- 0.002433 s
currentSize : 12 <-- 0.002871 s
currentSize : 13 <-- 0.003888 s
currentSize : 14 <-- 0.015711 s
currentSize : 15 <-- 0.015865 s
currentSize : 16 <-- 0.032197 s
currentSize : 21 <-- 0.058963 s
currentSize : 25 <-- 0.157048 s
currentSize : 28 <-- 0.212295 s
currentSize : 35 <-- 0.514023 s

maxsize : 35
nodes : 120297.000000
filtered : 1380752.000000
time : 0.606626
