Parameters: GAD=1 vflib=1 dir=1 label=1 lowerbound=1 fileNameGp=../../cp2016-max-common-connected-subgraph-paper/datasets/graphsdb/mcs50/bvg/b09m/mcs50_b09m_s60.A08 fileNameGt=../../cp2016-max-common-connected-subgraph-paper/datasets/graphsdb/mcs50/bvg/b09m/mcs50_b09m_s60.B08
Reading graphs...
60 : 270
60 : 270
Initializing...
maxdom : 10
D->valSize : 279
Solving...
Blb : 3 (clique : 16)
currentSize : 16 <-- 0.003003 s
currentSize : 17 <-- 0.003211 s
currentSize : 19 <-- 0.003381 s
currentSize : 23 <-- 0.023440 s
currentSize : 25 <-- 0.023805 s
currentSize : 26 <-- 0.046995 s
currentSize : 27 <-- 0.146494 s
currentSize : 29 <-- 0.277026 s
currentSize : 30 <-- 0.361399 s

maxsize : 30
nodes : 133674.000000
filtered : 806702.000000
time : 0.540245
