Parameters: GAD=1 vflib=1 dir=1 label=1 lowerbound=1 fileNameGp=../../cp2016-max-common-connected-subgraph-paper/datasets/graphsdb/mcs50/m3D/m3Dr4/mcs50_m3Dr4_s50.A01 fileNameGt=../../cp2016-max-common-connected-subgraph-paper/datasets/graphsdb/mcs50/m3D/m3Dr4/mcs50_m3Dr4_s50.B01
Reading graphs...
50 : 128
50 : 127
Initializing...
maxdom : 13
D->valSize : 361
Solving...
Blb : 2 (clique : 21)
currentSize : 21 <-- 0.002738 s
currentSize : 22 <-- 15.942724 s
currentSize : 23 <-- 36.356983 s
currentSize : 25 <-- 40.307808 s
currentSize : 26 <-- 43.860168 s
currentSize : 27 <-- 46.146145 s

maxsize : 27
nodes : 11480136.000000
filtered : 148431366.000000
time : 48.703346
