Parameters: GAD=1 vflib=1 dir=1 label=1 lowerbound=1 fileNameGp=../../cp2016-max-common-connected-subgraph-paper/datasets/graphsdb/mcs50/bvg/b06/mcs50_b06_s100.A06 fileNameGt=../../cp2016-max-common-connected-subgraph-paper/datasets/graphsdb/mcs50/bvg/b06/mcs50_b06_s100.B06
Reading graphs...
100 : 300
100 : 300
Initializing...
maxdom : 8
D->valSize : 367
Solving...
Blb : 2 (clique : 44)
currentSize : 44 <-- 0.003791 s
currentSize : 45 <-- 0.377702 s
currentSize : 46 <-- 0.839980 s
currentSize : 49 <-- 471.469788 s
currentSize : 50 <-- 471.469849 s
currentSize : 51 <-- 471.470276 s
currentSize : 52 <-- 472.111328 s
currentSize : 53 <-- 472.111755 s

TIMEOUT
maxsize : 53
nodes : 189436810.000000
filtered : 906163981.000000
time : 1000.000061
