Parameters: GAD=1 vflib=1 dir=1 label=1 lowerbound=1 fileNameGp=../../cp2016-max-common-connected-subgraph-paper/datasets/graphsdb/mcs50/rand/r005/mcs50_r005_s40.A08 fileNameGt=../../cp2016-max-common-connected-subgraph-paper/datasets/graphsdb/mcs50/rand/r005/mcs50_r005_s40.B08
Reading graphs...
40 : 78
40 : 78
Initializing...
maxdom : 8
D->valSize : 210
Solving...
Blb : 2 (clique : 13)
currentSize : 13 <-- 0.001816 s
currentSize : 15 <-- 0.001913 s
currentSize : 16 <-- 0.002124 s
currentSize : 17 <-- 0.002171 s
currentSize : 18 <-- 0.002588 s
currentSize : 19 <-- 0.005914 s
currentSize : 20 <-- 0.005999 s
currentSize : 21 <-- 0.028787 s

maxsize : 21
nodes : 72353.000000
filtered : 717775.000000
time : 0.356829
