Parameters: GAD=1 vflib=1 dir=1 label=1 lowerbound=1 fileNameGp=../../cp2016-max-common-connected-subgraph-paper/datasets/graphsdb/mcs50/rand/r01/mcs50_r01_s80.A08 fileNameGt=../../cp2016-max-common-connected-subgraph-paper/datasets/graphsdb/mcs50/rand/r01/mcs50_r01_s80.B08
Reading graphs...
80 : 631
80 : 631
Initializing...
maxdom : 9
D->valSize : 446
Solving...
Blb : 2 (clique : 12)
currentSize : 12 <-- 0.006464 s
currentSize : 13 <-- 0.006624 s
currentSize : 14 <-- 0.008889 s
currentSize : 15 <-- 0.021344 s
currentSize : 16 <-- 0.049640 s
currentSize : 18 <-- 0.050289 s
currentSize : 21 <-- 0.307214 s
currentSize : 23 <-- 0.310120 s
currentSize : 24 <-- 0.673888 s
currentSize : 25 <-- 0.755426 s
currentSize : 26 <-- 0.755868 s
currentSize : 32 <-- 0.756282 s
currentSize : 34 <-- 1.568065 s
currentSize : 40 <-- 1.568214 s

maxsize : 40
nodes : 352078.000000
filtered : 4325185.000000
time : 2.105411
