Parameters: GAD=1 vflib=1 dir=1 label=1 lowerbound=1 fileNameGp=../../cp2016-max-common-connected-subgraph-paper/datasets/graphsdb/mcs50/m2D/m2Dr4/mcs50_m2Dr4_s70.A02 fileNameGt=../../cp2016-max-common-connected-subgraph-paper/datasets/graphsdb/mcs50/m2D/m2Dr4/mcs50_m2Dr4_s70.B02
Reading graphs...
70 : 151
70 : 149
Initializing...
maxdom : 9
D->valSize : 354
Solving...
Blb : 2 (clique : 29)
currentSize : 29 <-- 0.004942 s
currentSize : 31 <-- 0.005245 s
currentSize : 32 <-- 0.005393 s
currentSize : 33 <-- 0.005769 s
currentSize : 34 <-- 0.007549 s
currentSize : 35 <-- 0.007620 s
currentSize : 36 <-- 0.008121 s
currentSize : 37 <-- 0.011329 s

maxsize : 37
nodes : 5036899.000000
filtered : 38811850.000000
time : 26.357515
