Parameters: GAD=1 vflib=1 dir=1 label=1 lowerbound=1 fileNameGp=../../cp2016-max-common-connected-subgraph-paper/datasets/graphsdb/mcs50/m2D/m2Dr4/mcs50_m2Dr4_s60.A05 fileNameGt=../../cp2016-max-common-connected-subgraph-paper/datasets/graphsdb/mcs50/m2D/m2Dr4/mcs50_m2Dr4_s60.B05
Reading graphs...
60 : 128
60 : 125
Initializing...
maxdom : 7
D->valSize : 231
Solving...
Blb : 2 (clique : 22)
currentSize : 22 <-- 0.001834 s
currentSize : 23 <-- 0.002034 s
currentSize : 24 <-- 0.054517 s
currentSize : 25 <-- 0.429749 s
currentSize : 26 <-- 1.804895 s
currentSize : 27 <-- 10.890879 s
currentSize : 28 <-- 10.891729 s
currentSize : 29 <-- 26.657955 s

maxsize : 29
nodes : 7713702.000000
filtered : 49780650.000000
time : 32.698296
