Parameters: GAD=1 vflib=1 dir=1 label=1 lowerbound=1 fileNameGp=../../cp2016-max-common-connected-subgraph-paper/datasets/graphsdb/mcs50/bvg/b09/mcs50_b09_s70.A08 fileNameGt=../../cp2016-max-common-connected-subgraph-paper/datasets/graphsdb/mcs50/bvg/b09/mcs50_b09_s70.B08
Reading graphs...
70 : 315
70 : 315
Initializing...
maxdom : 10
D->valSize : 370
Solving...
Blb : 3 (clique : 23)
currentSize : 23 <-- 0.003094 s
currentSize : 26 <-- 0.196801 s
currentSize : 28 <-- 0.224577 s
currentSize : 29 <-- 0.225180 s
currentSize : 30 <-- 0.225261 s
currentSize : 31 <-- 0.911903 s
currentSize : 32 <-- 1.877150 s
currentSize : 34 <-- 2.370065 s
currentSize : 35 <-- 2.370176 s

maxsize : 35
nodes : 950284.000000
filtered : 7698947.000000
time : 4.661961
