Parameters: GAD=1 vflib=1 dir=1 label=1 lowerbound=1 fileNameGp=../../cp2016-max-common-connected-subgraph-paper/datasets/graphsdb/mcs50/m2D/m2D/mcs50_m2D_s70.A08 fileNameGt=../../cp2016-max-common-connected-subgraph-paper/datasets/graphsdb/mcs50/m2D/m2D/mcs50_m2D_s70.B08
Reading graphs...
70 : 123
70 : 123
Initializing...
maxdom : 8
D->valSize : 359
Solving...
Blb : 5 (clique : 29)
currentSize : 29 <-- 0.003253 s
currentSize : 33 <-- 0.003881 s
currentSize : 34 <-- 0.003932 s
currentSize : 35 <-- 0.010838 s
currentSize : 36 <-- 0.018118 s
currentSize : 37 <-- 0.023430 s
currentSize : 38 <-- 0.071563 s
currentSize : 39 <-- 5.587568 s

maxsize : 39
nodes : 67936328.000000
filtered : 494010533.000000
time : 348.321594
