Parameters: GAD=1 vflib=1 dir=1 label=1 lowerbound=1 fileNameGp=../../cp2016-max-common-connected-subgraph-paper/datasets/graphsdb/mcs50/bvg/b09m/mcs50_b09m_s50.A04 fileNameGt=../../cp2016-max-common-connected-subgraph-paper/datasets/graphsdb/mcs50/bvg/b09m/mcs50_b09m_s50.B04
Reading graphs...
50 : 225
50 : 225
Initializing...
maxdom : 10
D->valSize : 324
Solving...
Blb : 3 (clique : 11)
currentSize : 11 <-- 0.003419 s
currentSize : 12 <-- 0.006338 s
currentSize : 13 <-- 0.008899 s
currentSize : 14 <-- 0.146748 s
currentSize : 15 <-- 0.753513 s
currentSize : 16 <-- 0.755440 s
currentSize : 17 <-- 1.003053 s
currentSize : 22 <-- 4.429277 s
currentSize : 23 <-- 4.429323 s
currentSize : 24 <-- 4.430570 s

maxsize : 24
nodes : 1171272.000000
filtered : 17273646.000000
time : 4.696812
