Parameters: GAD=1 vflib=1 dir=1 label=1 lowerbound=1 fileNameGp=../../cp2016-max-common-connected-subgraph-paper/datasets/graphsdb/mcs50/rand/r005/mcs50_r005_s80.A05 fileNameGt=../../cp2016-max-common-connected-subgraph-paper/datasets/graphsdb/mcs50/rand/r005/mcs50_r005_s80.B05
Reading graphs...
80 : 315
80 : 315
Initializing...
maxdom : 8
D->valSize : 430
Solving...
Blb : 2 (clique : 22)
currentSize : 22 <-- 0.004007 s
currentSize : 24 <-- 0.004163 s
currentSize : 25 <-- 0.858206 s
currentSize : 26 <-- 2.029188 s
currentSize : 27 <-- 2.832492 s
currentSize : 28 <-- 4.581885 s
currentSize : 29 <-- 14.296951 s
currentSize : 30 <-- 14.336311 s
currentSize : 31 <-- 17.281136 s
currentSize : 32 <-- 103.791862 s
currentSize : 33 <-- 103.791946 s
currentSize : 35 <-- 103.793106 s
currentSize : 36 <-- 103.793167 s
currentSize : 37 <-- 112.344788 s
currentSize : 39 <-- 112.345856 s
currentSize : 40 <-- 112.345924 s

maxsize : 40
nodes : 26517426.000000
filtered : 333559063.000000
time : 153.856537
