Parameters: GAD=1 vflib=1 dir=1 label=1 lowerbound=1 fileNameGp=../../cp2016-max-common-connected-subgraph-paper/datasets/graphsdb/mcs50/m2D/m2D/mcs50_m2D_s60.A03 fileNameGt=../../cp2016-max-common-connected-subgraph-paper/datasets/graphsdb/mcs50/m2D/m2D/mcs50_m2D_s60.B03
Reading graphs...
60 : 104
60 : 104
Initializing...
maxdom : 6
D->valSize : 238
Solving...
Blb : 5 (clique : 22)
currentSize : 22 <-- 0.001689 s
currentSize : 23 <-- 0.050214 s
currentSize : 24 <-- 0.403516 s
currentSize : 25 <-- 0.404519 s
currentSize : 26 <-- 6.398597 s
currentSize : 27 <-- 35.338661 s
currentSize : 29 <-- 35.721035 s
currentSize : 31 <-- 89.732811 s

maxsize : 31
nodes : 36111029.000000
filtered : 216991022.000000
time : 138.951859
