Parameters: GAD=1 vflib=1 dir=1 label=1 lowerbound=1 fileNameGp=../../cp2016-max-common-connected-subgraph-paper/datasets/graphsdb/mcs50/rand/r01/mcs50_r01_s50.A02 fileNameGt=../../cp2016-max-common-connected-subgraph-paper/datasets/graphsdb/mcs50/rand/r01/mcs50_r01_s50.B02
Reading graphs...
50 : 244
50 : 244
Initializing...
maxdom : 10
D->valSize : 343
Solving...
Blb : 2 (clique : 9)
currentSize : 9 <-- 0.002325 s
currentSize : 10 <-- 0.002404 s
currentSize : 11 <-- 0.002565 s
currentSize : 12 <-- 0.002814 s
currentSize : 13 <-- 0.005565 s
currentSize : 15 <-- 0.019197 s
currentSize : 17 <-- 0.019616 s
currentSize : 18 <-- 0.064705 s
currentSize : 19 <-- 0.068499 s
currentSize : 20 <-- 0.070569 s
currentSize : 25 <-- 0.070618 s

maxsize : 25
nodes : 24877.000000
filtered : 365322.000000
time : 0.109213
