Parameters: GAD=1 vflib=1 dir=1 label=1 lowerbound=1 fileNameGp=../../cp2016-max-common-connected-subgraph-paper/datasets/graphsdb/mcs50/bvg/b06/mcs50_b06_s90.A00 fileNameGt=../../cp2016-max-common-connected-subgraph-paper/datasets/graphsdb/mcs50/bvg/b06/mcs50_b06_s90.B00
Reading graphs...
90 : 270
90 : 270
Initializing...
maxdom : 10
D->valSize : 560
Solving...
Blb : 2 (clique : 36)
currentSize : 36 <-- 0.006379 s
currentSize : 37 <-- 0.007845 s
currentSize : 38 <-- 0.007920 s
currentSize : 40 <-- 0.223973 s
currentSize : 41 <-- 0.224022 s
currentSize : 42 <-- 0.224135 s
currentSize : 43 <-- 2.009740 s
currentSize : 44 <-- 6.123286 s
currentSize : 45 <-- 6.123393 s
currentSize : 46 <-- 11.824574 s

TIMEOUT
maxsize : 46
nodes : 166072507.000000
filtered : 1614259474.000000
time : 1000.000061
