Parameters: GAD=1 vflib=1 dir=1 label=1 lowerbound=1 fileNameGp=../../cp2016-max-common-connected-subgraph-paper/datasets/graphsdb/mcs50/bvg/b09m/mcs50_b09m_s80.A03 fileNameGt=../../cp2016-max-common-connected-subgraph-paper/datasets/graphsdb/mcs50/bvg/b09m/mcs50_b09m_s80.B03
Reading graphs...
80 : 360
80 : 360
Initializing...
maxdom : 10
D->valSize : 461
Solving...
Blb : 2 (clique : 27)
currentSize : 27 <-- 0.004651 s
currentSize : 28 <-- 0.004890 s
currentSize : 29 <-- 12.061940 s
currentSize : 30 <-- 12.117111 s
currentSize : 31 <-- 20.262644 s
currentSize : 32 <-- 20.351856 s
currentSize : 36 <-- 51.771843 s
currentSize : 37 <-- 51.772118 s
currentSize : 38 <-- 51.773811 s
currentSize : 39 <-- 51.774254 s
currentSize : 40 <-- 76.994392 s

maxsize : 40
nodes : 20688514.000000
filtered : 186116456.000000
time : 113.362076
