Parameters: GAD=1 vflib=1 dir=1 label=1 lowerbound=1 fileNameGp=../../cp2016-max-common-connected-subgraph-paper/datasets/graphsdb/mcs50/bvg/b09/mcs50_b09_s100.A02 fileNameGt=../../cp2016-max-common-connected-subgraph-paper/datasets/graphsdb/mcs50/bvg/b09/mcs50_b09_s100.B02
Reading graphs...
100 : 450
100 : 450
Initializing...
maxdom : 7
D->valSize : 380
Solving...
Blb : 3 (clique : 31)
currentSize : 31 <-- 0.006096 s
currentSize : 32 <-- 0.104174 s
currentSize : 33 <-- 0.138199 s
currentSize : 34 <-- 0.663019 s
currentSize : 35 <-- 5.777234 s
currentSize : 36 <-- 6.022091 s
currentSize : 37 <-- 65.717209 s
currentSize : 38 <-- 251.138474 s
currentSize : 39 <-- 523.313782 s
currentSize : 40 <-- 523.909607 s

TIMEOUT
maxsize : 40
nodes : 211685558.000000
filtered : 721366178.000000
time : 1000.000000
