Parameters: GAD=1 vflib=1 dir=1 label=1 lowerbound=1 fileNameGp=../../cp2016-max-common-connected-subgraph-paper/datasets/graphsdb/mcs50/m2D/m2Dr2/mcs50_m2Dr2_s60.A03 fileNameGt=../../cp2016-max-common-connected-subgraph-paper/datasets/graphsdb/mcs50/m2D/m2Dr2/mcs50_m2Dr2_s60.B03
Reading graphs...
60 : 116
60 : 116
Initializing...
maxdom : 9
D->valSize : 256
Solving...
Blb : 2 (clique : 24)
currentSize : 24 <-- 0.002886 s
currentSize : 25 <-- 0.009408 s
currentSize : 26 <-- 0.412524 s
currentSize : 27 <-- 0.886289 s
currentSize : 28 <-- 66.519577 s
currentSize : 29 <-- 66.520958 s
currentSize : 30 <-- 66.533066 s
currentSize : 31 <-- 83.637291 s

maxsize : 31
nodes : 23744206.000000
filtered : 166110803.000000
time : 95.972351
