Parameters: GAD=1 vflib=1 dir=1 label=1 lowerbound=1 fileNameGp=../../cp2016-max-common-connected-subgraph-paper/datasets/graphsdb/mcs50/m3D/m3Dr6/mcs50_m3Dr6_s50.A00 fileNameGt=../../cp2016-max-common-connected-subgraph-paper/datasets/graphsdb/mcs50/m3D/m3Dr6/mcs50_m3Dr6_s50.B00
Reading graphs...
50 : 139
50 : 138
Initializing...
maxdom : 11
D->valSize : 332
Solving...
Blb : 2 (clique : 14)
currentSize : 14 <-- 0.002289 s
currentSize : 15 <-- 0.002381 s
currentSize : 16 <-- 0.002510 s
currentSize : 17 <-- 0.025307 s
currentSize : 18 <-- 0.168229 s
currentSize : 19 <-- 0.774828 s
currentSize : 20 <-- 1.228768 s
currentSize : 21 <-- 1.228819 s
currentSize : 22 <-- 1.255038 s
currentSize : 23 <-- 1.255125 s
currentSize : 26 <-- 1.318823 s
currentSize : 27 <-- 1.318888 s
currentSize : 28 <-- 1.532189 s

maxsize : 28
nodes : 443635.000000
filtered : 5684329.000000
time : 1.707857
