Parameters: GAD=1 vflib=1 dir=1 label=1 lowerbound=1 fileNameGp=../../cp2016-max-common-connected-subgraph-paper/datasets/graphsdb/mcs50/m2D/m2Dr6/mcs50_m2Dr6_s50.A01 fileNameGt=../../cp2016-max-common-connected-subgraph-paper/datasets/graphsdb/mcs50/m2D/m2Dr6/mcs50_m2Dr6_s50.B01
Reading graphs...
50 : 115
50 : 114
Initializing...
maxdom : 10
D->valSize : 331
Solving...
Blb : 3 (clique : 19)
currentSize : 19 <-- 0.002539 s
currentSize : 20 <-- 0.002766 s
currentSize : 21 <-- 14.997686 s
currentSize : 22 <-- 14.997801 s
currentSize : 23 <-- 14.998373 s
currentSize : 24 <-- 14.998415 s
currentSize : 25 <-- 15.036122 s
currentSize : 26 <-- 15.046364 s

maxsize : 26
nodes : 4858668.000000
filtered : 53342536.000000
time : 17.847317
