Parameters: GAD=1 vflib=1 dir=1 label=1 lowerbound=1 fileNameGp=../../cp2016-max-common-connected-subgraph-paper/datasets/graphsdb/mcs50/bvg/b06/mcs50_b06_s100.A00 fileNameGt=../../cp2016-max-common-connected-subgraph-paper/datasets/graphsdb/mcs50/bvg/b06/mcs50_b06_s100.B00
Reading graphs...
100 : 300
100 : 300
Initializing...
maxdom : 6
D->valSize : 346
Solving...
Blb : 3 (clique : 39)
currentSize : 39 <-- 0.003481 s
currentSize : 40 <-- 317.827911 s
currentSize : 41 <-- 317.829620 s
currentSize : 42 <-- 317.831116 s
currentSize : 43 <-- 335.602875 s
currentSize : 44 <-- 341.700165 s

TIMEOUT
maxsize : 44
nodes : 192054635.000000
filtered : 943858476.000000
time : 1000.000061
