Parameters: GAD=1 vflib=1 dir=1 label=1 lowerbound=1 fileNameGp=../../cp2016-max-common-connected-subgraph-paper/datasets/graphsdb/mcs50/bvg/b03/mcs50_b03_s70.A06 fileNameGt=../../cp2016-max-common-connected-subgraph-paper/datasets/graphsdb/mcs50/bvg/b03/mcs50_b03_s70.B06
Reading graphs...
70 : 105
70 : 105
Initializing...
maxdom : 12
D->valSize : 362
Solving...
Blb : 2 (clique : 27)
currentSize : 27 <-- 0.003251 s
currentSize : 28 <-- 1.270214 s
currentSize : 29 <-- 2.549347 s
currentSize : 30 <-- 3.729052 s
currentSize : 31 <-- 4.254196 s
currentSize : 32 <-- 12.701970 s
currentSize : 33 <-- 14.491230 s
currentSize : 34 <-- 14.538957 s
currentSize : 35 <-- 14.539936 s
currentSize : 36 <-- 107.004288 s
currentSize : 37 <-- 167.699829 s
currentSize : 38 <-- 307.385803 s

TIMEOUT
maxsize : 38
nodes : 211049416.000000
filtered : 1604091123.000000
time : 1000.000000
