Parameters: GAD=1 vflib=1 dir=1 label=1 lowerbound=1 fileNameGp=../../cp2016-max-common-connected-subgraph-paper/datasets/graphsdb/mcs50/bvg/b06m/mcs50_b06m_s80.A02 fileNameGt=../../cp2016-max-common-connected-subgraph-paper/datasets/graphsdb/mcs50/bvg/b06m/mcs50_b06m_s80.B02
Reading graphs...
80 : 240
80 : 240
Initializing...
maxdom : 12
D->valSize : 418
Solving...
Blb : 2 (clique : 26)
currentSize : 26 <-- 0.003931 s
currentSize : 27 <-- 0.567629 s
currentSize : 28 <-- 1.082451 s
currentSize : 29 <-- 1.229862 s
currentSize : 30 <-- 1.426282 s
currentSize : 31 <-- 2.336777 s
currentSize : 32 <-- 2.468027 s
currentSize : 33 <-- 2.468155 s
currentSize : 34 <-- 2.712641 s
currentSize : 35 <-- 13.740735 s
currentSize : 39 <-- 14.108759 s
currentSize : 40 <-- 14.109130 s
currentSize : 41 <-- 14.109234 s

maxsize : 41
nodes : 6297865.000000
filtered : 57987427.000000
time : 34.954655
