Parameters: GAD=1 vflib=1 dir=1 label=1 lowerbound=1 fileNameGp=../../cp2016-max-common-connected-subgraph-paper/datasets/graphsdb/mcs50/rand/r005/mcs50_r005_s100.A01 fileNameGt=../../cp2016-max-common-connected-subgraph-paper/datasets/graphsdb/mcs50/rand/r005/mcs50_r005_s100.B01
Reading graphs...
100 : 494
100 : 494
Initializing...
maxdom : 8
D->valSize : 368
Solving...
Blb : 2 (clique : 29)
currentSize : 29 <-- 0.003569 s
currentSize : 35 <-- 0.003804 s
currentSize : 36 <-- 0.003979 s
currentSize : 37 <-- 0.004161 s
currentSize : 41 <-- 0.004508 s
currentSize : 42 <-- 0.006355 s
currentSize : 47 <-- 0.006861 s
currentSize : 50 <-- 1.359558 s

maxsize : 50
nodes : 3520207.000000
filtered : 29169866.000000
time : 22.889811
