Parameters: GAD=1 vflib=1 dir=1 label=1 lowerbound=1 fileNameGp=../../cp2016-max-common-connected-subgraph-paper/datasets/graphsdb/mcs50/bvg/b03m/mcs50_b03m_s70.A05 fileNameGt=../../cp2016-max-common-connected-subgraph-paper/datasets/graphsdb/mcs50/bvg/b03m/mcs50_b03m_s70.B05
Reading graphs...
70 : 105
70 : 105
Initializing...
maxdom : 10
D->valSize : 316
Solving...
Blb : 2 (clique : 28)
currentSize : 28 <-- 0.002543 s
currentSize : 29 <-- 0.002810 s
currentSize : 30 <-- 0.004597 s
currentSize : 31 <-- 0.005980 s
currentSize : 32 <-- 0.006667 s
currentSize : 33 <-- 2.603346 s
currentSize : 34 <-- 18.074228 s
currentSize : 35 <-- 156.166641 s
currentSize : 36 <-- 963.259399 s
currentSize : 37 <-- 963.266174 s

TIMEOUT
maxsize : 37
nodes : 222601891.000000
filtered : 1420526909.000000
time : 1000.000000
