Parameters: GAD=1 vflib=1 dir=1 label=1 lowerbound=1 fileNameGp=../../cp2016-max-common-connected-subgraph-paper/datasets/graphsdb/mcs50/bvg/b06m/mcs50_b06m_s80.A08 fileNameGt=../../cp2016-max-common-connected-subgraph-paper/datasets/graphsdb/mcs50/bvg/b06m/mcs50_b06m_s80.B08
Reading graphs...
80 : 240
80 : 240
Initializing...
maxdom : 9
D->valSize : 450
Solving...
Blb : 2 (clique : 36)
currentSize : 36 <-- 0.007425 s
currentSize : 37 <-- 2.964485 s
currentSize : 38 <-- 58.999084 s
currentSize : 39 <-- 78.415298 s
currentSize : 40 <-- 78.415726 s
currentSize : 41 <-- 78.420555 s

TIMEOUT
maxsize : 41
nodes : 235179990.000000
filtered : 1011055215.000000
time : 1000.000061
