Parameters: GAD=1 vflib=1 dir=1 label=1 lowerbound=1 fileNameGp=../../cp2016-max-common-connected-subgraph-paper/datasets/graphsdb/mcs50/rand/r01/mcs50_r01_s90.A01 fileNameGt=../../cp2016-max-common-connected-subgraph-paper/datasets/graphsdb/mcs50/rand/r01/mcs50_r01_s90.B01
Reading graphs...
90 : 800
90 : 800
Initializing...
maxdom : 9
D->valSize : 557
Solving...
Blb : 2 (clique : 13)
currentSize : 13 <-- 0.005849 s
currentSize : 18 <-- 0.005978 s
currentSize : 20 <-- 0.006026 s
currentSize : 22 <-- 0.006225 s
currentSize : 23 <-- 0.406546 s
currentSize : 24 <-- 0.406628 s
currentSize : 27 <-- 0.508870 s
currentSize : 28 <-- 0.659026 s
currentSize : 32 <-- 0.659128 s
currentSize : 34 <-- 1.957353 s
currentSize : 45 <-- 2.512336 s

maxsize : 45
nodes : 486122.000000
filtered : 9571893.000000
time : 3.438969
