Parameters: GAD=1 vflib=1 dir=1 label=1 lowerbound=1 fileNameGp=../../cp2016-max-common-connected-subgraph-paper/datasets/graphsdb/mcs50/bvg/b03m/mcs50_b03m_s40.A06 fileNameGt=../../cp2016-max-common-connected-subgraph-paper/datasets/graphsdb/mcs50/bvg/b03m/mcs50_b03m_s40.B06
Reading graphs...
40 : 60
40 : 60
Initializing...
maxdom : 7
D->valSize : 208
Solving...
Blb : 2 (clique : 15)
currentSize : 15 <-- 0.001214 s
currentSize : 16 <-- 0.001612 s
currentSize : 17 <-- 0.014164 s
currentSize : 18 <-- 0.016973 s
currentSize : 19 <-- 0.017701 s
currentSize : 20 <-- 0.374879 s
currentSize : 21 <-- 4.658132 s
currentSize : 22 <-- 4.686034 s

maxsize : 22
nodes : 1511195.000000
filtered : 12161475.000000
time : 5.279863
