Parameters: GAD=1 vflib=1 dir=1 label=1 lowerbound=1 fileNameGp=../../cp2016-max-common-connected-subgraph-paper/datasets/graphsdb/mcs50/m2D/m2D/mcs50_m2D_s50.A03 fileNameGt=../../cp2016-max-common-connected-subgraph-paper/datasets/graphsdb/mcs50/m2D/m2D/mcs50_m2D_s50.B03
Reading graphs...
50 : 85
50 : 85
Initializing...
maxdom : 9
D->valSize : 331
Solving...
Blb : 5 (clique : 18)
currentSize : 18 <-- 0.002412 s
currentSize : 19 <-- 0.002515 s
currentSize : 20 <-- 0.002751 s
currentSize : 21 <-- 0.027371 s
currentSize : 22 <-- 1.317749 s
currentSize : 23 <-- 1.317795 s
currentSize : 24 <-- 1.319900 s
currentSize : 25 <-- 4.776093 s
currentSize : 26 <-- 4.783658 s
currentSize : 27 <-- 4.795756 s
currentSize : 28 <-- 28.158731 s

maxsize : 28
nodes : 7788594.000000
filtered : 98127004.000000
time : 37.556904
