Parameters: GAD=1 vflib=1 dir=1 label=1 lowerbound=1 fileNameGp=../../cp2016-max-common-connected-subgraph-paper/datasets/graphsdb/mcs50/m3D/m3Dr2/mcs50_m3Dr2_s60.A07 fileNameGt=../../cp2016-max-common-connected-subgraph-paper/datasets/graphsdb/mcs50/m3D/m3Dr2/mcs50_m3Dr2_s60.B07
Reading graphs...
60 : 146
60 : 146
Initializing...
maxdom : 7
D->valSize : 234
Solving...
Blb : 2 (clique : 19)
currentSize : 19 <-- 0.001797 s
currentSize : 22 <-- 0.002561 s
currentSize : 23 <-- 0.079892 s
currentSize : 24 <-- 0.103145 s
currentSize : 25 <-- 0.104114 s
currentSize : 27 <-- 0.121461 s
currentSize : 29 <-- 4.652651 s
currentSize : 30 <-- 4.818568 s

maxsize : 30
nodes : 1993350.000000
filtered : 13161164.000000
time : 8.357365
