Parameters: GAD=1 vflib=1 dir=1 label=1 lowerbound=1 fileNameGp=../../cp2016-max-common-connected-subgraph-paper/datasets/graphsdb/mcs50/m2D/m2Dr6/mcs50_m2Dr6_s70.A04 fileNameGt=../../cp2016-max-common-connected-subgraph-paper/datasets/graphsdb/mcs50/m2D/m2Dr6/mcs50_m2Dr6_s70.B04
Reading graphs...
70 : 165
70 : 165
Initializing...
maxdom : 7
D->valSize : 332
Solving...
Blb : 3 (clique : 31)
currentSize : 31 <-- 0.004243 s
currentSize : 32 <-- 15.754919 s
currentSize : 33 <-- 15.775293 s
currentSize : 34 <-- 31.075052 s
currentSize : 35 <-- 31.076397 s
currentSize : 36 <-- 31.136095 s
currentSize : 37 <-- 31.136225 s

maxsize : 37
nodes : 74049633.000000
filtered : 475576249.000000
time : 346.850311
