Parameters: GAD=1 vflib=1 dir=1 label=1 lowerbound=1 fileNameGp=../../cp2016-max-common-connected-subgraph-paper/datasets/graphsdb/mcs50/bvg/b03m/mcs50_b03m_s60.A01 fileNameGt=../../cp2016-max-common-connected-subgraph-paper/datasets/graphsdb/mcs50/bvg/b03m/mcs50_b03m_s60.B01
Reading graphs...
60 : 90
60 : 90
Initializing...
maxdom : 5
D->valSize : 235
Solving...
Blb : 2 (clique : 25)
currentSize : 25 <-- 0.002647 s
currentSize : 26 <-- 0.003009 s
currentSize : 27 <-- 0.007292 s
currentSize : 28 <-- 0.018556 s
currentSize : 29 <-- 0.041123 s
currentSize : 30 <-- 3.700277 s
currentSize : 31 <-- 48.163494 s
currentSize : 32 <-- 48.163998 s
currentSize : 33 <-- 60.373241 s
currentSize : 34 <-- 60.436630 s
currentSize : 35 <-- 84.265488 s

maxsize : 35
nodes : 26016331.000000
filtered : 136693247.000000
time : 107.240814
