Parameters: GAD=1 vflib=1 dir=1 label=1 lowerbound=1 fileNameGp=../../cp2016-max-common-connected-subgraph-paper/datasets/graphsdb/mcs50/m2D/m2Dr6/mcs50_m2Dr6_s100.A03 fileNameGt=../../cp2016-max-common-connected-subgraph-paper/datasets/graphsdb/mcs50/m2D/m2Dr6/mcs50_m2Dr6_s100.B03
Reading graphs...
100 : 240
100 : 240
Initializing...
maxdom : 7
D->valSize : 362
Solving...
Blb : 2 (clique : 40)
currentSize : 40 <-- 0.003649 s
currentSize : 41 <-- 0.006315 s
currentSize : 45 <-- 0.064489 s
currentSize : 46 <-- 0.064652 s
currentSize : 47 <-- 0.078249 s
currentSize : 48 <-- 0.385257 s
currentSize : 49 <-- 0.385451 s
currentSize : 50 <-- 10.819431 s
currentSize : 52 <-- 11.479162 s

TIMEOUT
maxsize : 52
nodes : 226884680.000000
filtered : 564663868.000000
time : 1000.000061
