Parameters: GAD=1 vflib=1 dir=1 label=1 lowerbound=1 fileNameGp=../../cp2016-max-common-connected-subgraph-paper/datasets/graphsdb/mcs50/m2D/m2D/mcs50_m2D_s90.A00 fileNameGt=../../cp2016-max-common-connected-subgraph-paper/datasets/graphsdb/mcs50/m2D/m2D/mcs50_m2D_s90.B00
Reading graphs...
90 : 161
90 : 161
Initializing...
maxdom : 9
D->valSize : 521
Solving...
Blb : 2 (clique : 34)
currentSize : 34 <-- 0.009462 s
currentSize : 35 <-- 0.010894 s
currentSize : 36 <-- 0.011101 s
currentSize : 37 <-- 0.011727 s
currentSize : 38 <-- 0.016375 s
currentSize : 39 <-- 0.056358 s
currentSize : 40 <-- 0.198612 s
currentSize : 41 <-- 0.208661 s
currentSize : 42 <-- 883.201233 s

TIMEOUT
maxsize : 42
nodes : 180173216.000000
filtered : 1341885143.000000
time : 1000.000061
