Parameters: GAD=1 vflib=1 dir=1 label=1 lowerbound=1 fileNameGp=../../cp2016-max-common-connected-subgraph-paper/datasets/graphsdb/mcs50/rand/r005/mcs50_r005_s90.A04 fileNameGt=../../cp2016-max-common-connected-subgraph-paper/datasets/graphsdb/mcs50/rand/r005/mcs50_r005_s90.B04
Reading graphs...
90 : 399
90 : 399
Initializing...
maxdom : 11
D->valSize : 553
Solving...
Blb : 2 (clique : 20)
currentSize : 20 <-- 0.006063 s
currentSize : 21 <-- 0.006230 s
currentSize : 22 <-- 0.006367 s
currentSize : 23 <-- 0.148649 s
currentSize : 24 <-- 0.161878 s
currentSize : 25 <-- 0.429916 s
currentSize : 26 <-- 0.630725 s
currentSize : 27 <-- 0.957208 s
currentSize : 28 <-- 4.141544 s
currentSize : 29 <-- 12.868830 s
currentSize : 31 <-- 19.738676 s
currentSize : 32 <-- 19.738771 s
currentSize : 34 <-- 53.920712 s
currentSize : 35 <-- 81.926285 s
currentSize : 36 <-- 81.926392 s
currentSize : 39 <-- 90.494499 s
currentSize : 43 <-- 94.521980 s
currentSize : 45 <-- 123.232155 s

maxsize : 45
nodes : 21045509.000000
filtered : 323776343.000000
time : 137.001770
