Parameters: GAD=1 vflib=1 dir=1 label=1 lowerbound=1 fileNameGp=../../cp2016-max-common-connected-subgraph-paper/datasets/graphsdb/mcs50/m2D/m2Dr6/mcs50_m2Dr6_s70.A02 fileNameGt=../../cp2016-max-common-connected-subgraph-paper/datasets/graphsdb/mcs50/m2D/m2Dr6/mcs50_m2Dr6_s70.B02
Reading graphs...
70 : 165
70 : 160
Initializing...
maxdom : 9
D->valSize : 363
Solving...
Blb : 2 (clique : 24)
currentSize : 24 <-- 0.003498 s
currentSize : 25 <-- 0.738049 s
currentSize : 26 <-- 0.738138 s
currentSize : 27 <-- 1.872744 s
currentSize : 28 <-- 4.793826 s
currentSize : 29 <-- 99.951599 s
currentSize : 30 <-- 99.951820 s
currentSize : 31 <-- 99.951889 s
currentSize : 32 <-- 99.954575 s
currentSize : 33 <-- 100.485992 s
currentSize : 34 <-- 148.840149 s
currentSize : 35 <-- 305.713898 s
currentSize : 36 <-- 305.718689 s
currentSize : 37 <-- 309.324066 s
currentSize : 38 <-- 311.077209 s

maxsize : 38
nodes : 76821249.000000
filtered : 547509573.000000
time : 347.815430
