Parameters: GAD=1 vflib=1 dir=1 label=1 lowerbound=1 fileNameGp=../../cp2016-max-common-connected-subgraph-paper/datasets/graphsdb/mcs50/bvg/b06m/mcs50_b06m_s50.A08 fileNameGt=../../cp2016-max-common-connected-subgraph-paper/datasets/graphsdb/mcs50/bvg/b06m/mcs50_b06m_s50.B08
Reading graphs...
50 : 150
50 : 150
Initializing...
maxdom : 10
D->valSize : 354
Solving...
Blb : 2 (clique : 15)
currentSize : 15 <-- 0.003944 s
currentSize : 16 <-- 0.004262 s
currentSize : 17 <-- 0.046396 s
currentSize : 18 <-- 0.067695 s
currentSize : 19 <-- 0.393880 s
currentSize : 20 <-- 0.556424 s
currentSize : 21 <-- 0.775110 s
currentSize : 22 <-- 0.946398 s
currentSize : 23 <-- 2.195629 s
currentSize : 24 <-- 2.300027 s
currentSize : 25 <-- 2.300211 s
currentSize : 26 <-- 2.601965 s

maxsize : 26
nodes : 1008090.000000
filtered : 14609057.000000
time : 4.315549
