Parameters: GAD=1 vflib=1 dir=1 label=1 lowerbound=1 fileNameGp=../../cp2016-max-common-connected-subgraph-paper/datasets/graphsdb/mcs50/m2D/m2Dr2/mcs50_m2Dr2_s50.A05 fileNameGt=../../cp2016-max-common-connected-subgraph-paper/datasets/graphsdb/mcs50/m2D/m2Dr2/mcs50_m2Dr2_s50.B05
Reading graphs...
50 : 95
50 : 95
Initializing...
maxdom : 9
D->valSize : 311
Solving...
Blb : 5 (clique : 22)
currentSize : 22 <-- 0.002206 s
currentSize : 23 <-- 0.069726 s
currentSize : 24 <-- 0.114291 s
currentSize : 25 <-- 0.750672 s
currentSize : 26 <-- 0.753486 s
currentSize : 27 <-- 4.457771 s
currentSize : 28 <-- 4.470740 s

maxsize : 28
nodes : 7319408.000000
filtered : 88605476.000000
time : 29.926023
