Parameters: GAD=1 vflib=1 dir=1 label=1 lowerbound=1 fileNameGp=../../cp2016-max-common-connected-subgraph-paper/datasets/graphsdb/mcs50/rand/r005/mcs50_r005_s50.A02 fileNameGt=../../cp2016-max-common-connected-subgraph-paper/datasets/graphsdb/mcs50/rand/r005/mcs50_r005_s50.B02
Reading graphs...
50 : 121
50 : 121
Initializing...
maxdom : 11
D->valSize : 347
Solving...
Blb : 5 (clique : 18)
currentSize : 18 <-- 0.002644 s
currentSize : 19 <-- 0.004689 s
currentSize : 20 <-- 0.007582 s
currentSize : 21 <-- 0.088810 s
currentSize : 22 <-- 1.246850 s
currentSize : 24 <-- 2.286881 s
currentSize : 25 <-- 12.389382 s

maxsize : 25
nodes : 5475579.000000
filtered : 83649315.000000
time : 25.671734
