Parameters: GAD=1 vflib=1 dir=1 label=1 lowerbound=1 fileNameGp=../../cp2016-max-common-connected-subgraph-paper/datasets/graphsdb/mcs50/bvg/b09/mcs50_b09_s70.A01 fileNameGt=../../cp2016-max-common-connected-subgraph-paper/datasets/graphsdb/mcs50/bvg/b09/mcs50_b09_s70.B01
Reading graphs...
70 : 315
70 : 315
Initializing...
maxdom : 7
D->valSize : 314
Solving...
Blb : 3 (clique : 29)
currentSize : 29 <-- 0.003389 s
currentSize : 30 <-- 0.794893 s
currentSize : 31 <-- 6.693429 s
currentSize : 32 <-- 6.693491 s
currentSize : 33 <-- 6.743936 s
currentSize : 34 <-- 6.782722 s

maxsize : 34
nodes : 4249356.000000
filtered : 17149443.000000
time : 16.889872
