Parameters: GAD=1 vflib=1 dir=1 label=1 lowerbound=1 fileNameGp=../../cp2016-max-common-connected-subgraph-paper/datasets/graphsdb/mcs50/bvg/b03m/mcs50_b03m_s60.A06 fileNameGt=../../cp2016-max-common-connected-subgraph-paper/datasets/graphsdb/mcs50/bvg/b03m/mcs50_b03m_s60.B06
Reading graphs...
60 : 90
60 : 90
Initializing...
maxdom : 7
D->valSize : 244
Solving...
Blb : 2 (clique : 28)
currentSize : 28 <-- 0.001724 s
currentSize : 29 <-- 1.086559 s
currentSize : 30 <-- 1.087906 s
currentSize : 31 <-- 1.094765 s
currentSize : 32 <-- 2.086014 s
currentSize : 33 <-- 4.868122 s
currentSize : 34 <-- 16.132463 s

maxsize : 34
nodes : 4702313.000000
filtered : 27018304.000000
time : 19.984812
