Parameters: GAD=1 vflib=1 dir=1 label=1 lowerbound=1 fileNameGp=../../cp2016-max-common-connected-subgraph-paper/datasets/graphsdb/mcs50/rand/r01/mcs50_r01_s80.A01 fileNameGt=../../cp2016-max-common-connected-subgraph-paper/datasets/graphsdb/mcs50/rand/r01/mcs50_r01_s80.B01
Reading graphs...
80 : 631
80 : 631
Initializing...
maxdom : 8
D->valSize : 465
Solving...
Blb : 2 (clique : 19)
currentSize : 19 <-- 0.004306 s
currentSize : 20 <-- 0.004446 s
currentSize : 23 <-- 0.004514 s
currentSize : 25 <-- 0.226658 s
currentSize : 27 <-- 0.226777 s
currentSize : 30 <-- 0.226898 s
currentSize : 32 <-- 0.382581 s
currentSize : 35 <-- 0.526328 s
currentSize : 40 <-- 0.526484 s

maxsize : 40
nodes : 189804.000000
filtered : 3126627.000000
time : 1.188106
