Parameters: GAD=1 vflib=1 dir=1 label=1 lowerbound=1 fileNameGp=../../cp2016-max-common-connected-subgraph-paper/datasets/graphsdb/mcs50/bvg/b09m/mcs50_b09m_s90.A01 fileNameGt=../../cp2016-max-common-connected-subgraph-paper/datasets/graphsdb/mcs50/bvg/b09m/mcs50_b09m_s90.B01
Reading graphs...
90 : 405
90 : 405
Initializing...
maxdom : 10
D->valSize : 529
Solving...
Blb : 3 (clique : 32)
currentSize : 32 <-- 0.006130 s
currentSize : 33 <-- 298.120667 s
currentSize : 34 <-- 438.376038 s
currentSize : 35 <-- 438.376404 s
currentSize : 36 <-- 439.967438 s
currentSize : 37 <-- 925.200623 s
currentSize : 38 <-- 925.200684 s

TIMEOUT
maxsize : 38
nodes : 170290994.000000
filtered : 2033204532.000000
time : 1000.000000
