Parameters: GAD=1 vflib=1 dir=1 label=1 lowerbound=1 fileNameGp=../../cp2016-max-common-connected-subgraph-paper/datasets/graphsdb/mcs50/rand/r005/mcs50_r005_s90.A09 fileNameGt=../../cp2016-max-common-connected-subgraph-paper/datasets/graphsdb/mcs50/rand/r005/mcs50_r005_s90.B09
Reading graphs...
90 : 399
90 : 399
Initializing...
maxdom : 9
D->valSize : 534
Solving...
Blb : 2 (clique : 28)
currentSize : 28 <-- 0.009369 s
currentSize : 29 <-- 0.009678 s
currentSize : 30 <-- 0.010016 s
currentSize : 32 <-- 0.010098 s
currentSize : 34 <-- 0.011806 s
currentSize : 35 <-- 0.015391 s
currentSize : 36 <-- 0.015497 s
currentSize : 38 <-- 0.015637 s
currentSize : 40 <-- 0.015779 s
currentSize : 41 <-- 0.016135 s
currentSize : 44 <-- 0.019231 s
currentSize : 45 <-- 0.019614 s

maxsize : 45
nodes : 8391269.000000
filtered : 166041921.000000
time : 62.452183
