Parameters: GAD=1 vflib=1 dir=1 label=1 lowerbound=1 fileNameGp=../../cp2016-max-common-connected-subgraph-paper/datasets/graphsdb/mcs50/m3D/m3D/mcs50_m3D_s50.A08 fileNameGt=../../cp2016-max-common-connected-subgraph-paper/datasets/graphsdb/mcs50/m3D/m3D/mcs50_m3D_s50.B08
Reading graphs...
50 : 109
50 : 109
Initializing...
maxdom : 11
D->valSize : 328
Solving...
Blb : 2 (clique : 18)
currentSize : 18 <-- 0.003191 s
currentSize : 20 <-- 0.019644 s
currentSize : 21 <-- 0.019697 s
currentSize : 22 <-- 0.040578 s
currentSize : 23 <-- 0.298606 s
currentSize : 24 <-- 0.673835 s
currentSize : 25 <-- 3.608510 s
currentSize : 26 <-- 4.298439 s
currentSize : 27 <-- 5.251445 s
currentSize : 28 <-- 8.007829 s

maxsize : 28
nodes : 3759515.000000
filtered : 41855751.000000
time : 16.038691
