Parameters: GAD=1 vflib=1 dir=1 label=1 lowerbound=1 fileNameGp=../../cp2016-max-common-connected-subgraph-paper/datasets/graphsdb/mcs50/bvg/b03/mcs50_b03_s60.A04 fileNameGt=../../cp2016-max-common-connected-subgraph-paper/datasets/graphsdb/mcs50/bvg/b03/mcs50_b03_s60.B04
Reading graphs...
60 : 90
60 : 90
Initializing...
maxdom : 6
D->valSize : 242
Solving...
Blb : 2 (clique : 23)
currentSize : 23 <-- 0.001996 s
currentSize : 24 <-- 0.002250 s
currentSize : 25 <-- 0.002556 s
currentSize : 26 <-- 0.037666 s
currentSize : 27 <-- 1.258671 s
currentSize : 28 <-- 14.706698 s
currentSize : 29 <-- 142.849243 s
currentSize : 30 <-- 269.522766 s
currentSize : 31 <-- 313.957245 s
currentSize : 32 <-- 314.300903 s
currentSize : 33 <-- 314.302246 s

maxsize : 33
nodes : 99510536.000000
filtered : 558430168.000000
time : 399.866699
