Parameters: GAD=1 vflib=1 dir=1 label=1 lowerbound=1 fileNameGp=../../cp2016-max-common-connected-subgraph-paper/datasets/graphsdb/mcs50/m2D/m2Dr6/mcs50_m2Dr6_s60.A01 fileNameGt=../../cp2016-max-common-connected-subgraph-paper/datasets/graphsdb/mcs50/m2D/m2Dr6/mcs50_m2Dr6_s60.B01
Reading graphs...
60 : 140
60 : 140
Initializing...
maxdom : 6
D->valSize : 223
Solving...
Blb : 2 (clique : 20)
currentSize : 20 <-- 0.001506 s
currentSize : 21 <-- 1.011239 s
currentSize : 22 <-- 3.689547 s
currentSize : 23 <-- 5.369348 s
currentSize : 24 <-- 5.369866 s
currentSize : 25 <-- 5.386408 s
currentSize : 27 <-- 6.391660 s
currentSize : 28 <-- 13.012153 s
currentSize : 29 <-- 13.012171 s

maxsize : 29
nodes : 8973319.000000
filtered : 48091009.000000
time : 34.627834
