Parameters: GAD=1 vflib=1 dir=1 label=1 lowerbound=1 fileNameGp=../../cp2016-max-common-connected-subgraph-paper/datasets/graphsdb/mcs50/m2D/m2Dr2/mcs50_m2Dr2_s70.A01 fileNameGt=../../cp2016-max-common-connected-subgraph-paper/datasets/graphsdb/mcs50/m2D/m2Dr2/mcs50_m2Dr2_s70.B01
Reading graphs...
70 : 137
70 : 136
Initializing...
maxdom : 7
D->valSize : 337
Solving...
Blb : 2 (clique : 25)
currentSize : 25 <-- 0.004288 s
currentSize : 26 <-- 0.042435 s
currentSize : 27 <-- 40.628750 s
currentSize : 28 <-- 40.628822 s
currentSize : 29 <-- 40.651028 s
currentSize : 30 <-- 49.189407 s
currentSize : 31 <-- 64.908295 s
currentSize : 32 <-- 66.980293 s
currentSize : 33 <-- 123.388931 s
currentSize : 34 <-- 180.543854 s
currentSize : 35 <-- 338.602173 s
currentSize : 36 <-- 426.810028 s
currentSize : 37 <-- 428.838654 s

maxsize : 37
nodes : 155636148.000000
filtered : 879681208.000000
time : 672.536682
