Parameters: GAD=1 vflib=1 dir=1 label=1 lowerbound=1 fileNameGp=../../cp2016-max-common-connected-subgraph-paper/datasets/graphsdb/mcs50/m2D/m2Dr4/mcs50_m2Dr4_s70.A08 fileNameGt=../../cp2016-max-common-connected-subgraph-paper/datasets/graphsdb/mcs50/m2D/m2Dr4/mcs50_m2Dr4_s70.B08
Reading graphs...
70 : 151
70 : 150
Initializing...
maxdom : 8
D->valSize : 345
Solving...
Blb : 2 (clique : 29)
currentSize : 29 <-- 0.004534 s
currentSize : 30 <-- 0.004798 s
currentSize : 31 <-- 0.010167 s
currentSize : 32 <-- 0.035285 s
currentSize : 34 <-- 274.445465 s
currentSize : 35 <-- 274.537262 s
currentSize : 36 <-- 345.605011 s
currentSize : 37 <-- 515.608582 s
currentSize : 38 <-- 557.020813 s

maxsize : 38
nodes : 139721752.000000
filtered : 965817465.000000
time : 633.941284
