Parameters: GAD=1 vflib=1 dir=1 label=1 lowerbound=1 fileNameGp=../../cp2016-max-common-connected-subgraph-paper/datasets/graphsdb/mcs50/bvg/b03/mcs50_b03_s80.A08 fileNameGt=../../cp2016-max-common-connected-subgraph-paper/datasets/graphsdb/mcs50/bvg/b03/mcs50_b03_s80.B08
Reading graphs...
80 : 120
80 : 120
Initializing...
maxdom : 10
D->valSize : 447
Solving...
Blb : 2 (clique : 34)
currentSize : 34 <-- 0.004487 s
currentSize : 35 <-- 12.233246 s
currentSize : 36 <-- 322.402252 s
currentSize : 37 <-- 452.875977 s
currentSize : 38 <-- 453.173187 s
currentSize : 39 <-- 529.567993 s
currentSize : 40 <-- 891.707886 s

TIMEOUT
maxsize : 40
nodes : 217979830.000000
filtered : 1651443844.000000
time : 1000.000000
