Parameters: GAD=1 vflib=1 dir=1 label=1 lowerbound=1 fileNameGp=../../cp2016-max-common-connected-subgraph-paper/datasets/graphsdb/mcs50/rand/r005/mcs50_r005_s50.A08 fileNameGt=../../cp2016-max-common-connected-subgraph-paper/datasets/graphsdb/mcs50/rand/r005/mcs50_r005_s50.B08
Reading graphs...
50 : 121
50 : 121
Initializing...
maxdom : 10
D->valSize : 333
Solving...
Blb : 2 (clique : 17)
currentSize : 17 <-- 0.002562 s
currentSize : 18 <-- 0.004622 s
currentSize : 20 <-- 0.009225 s
currentSize : 21 <-- 0.009458 s
currentSize : 22 <-- 0.065042 s
currentSize : 23 <-- 2.515814 s
currentSize : 24 <-- 2.827521 s
currentSize : 25 <-- 3.888926 s
currentSize : 26 <-- 3.888991 s

maxsize : 26
nodes : 2006128.000000
filtered : 30035898.000000
time : 9.106865
