Parameters: GAD=1 vflib=1 dir=1 label=1 lowerbound=1 fileNameGp=../../cp2016-max-common-connected-subgraph-paper/datasets/graphsdb/mcs50/m3D/m3D/mcs50_m3D_s60.A08 fileNameGt=../../cp2016-max-common-connected-subgraph-paper/datasets/graphsdb/mcs50/m3D/m3D/mcs50_m3D_s60.B08
Reading graphs...
60 : 134
60 : 134
Initializing...
maxdom : 8
D->valSize : 234
Solving...
Blb : 2 (clique : 19)
currentSize : 19 <-- 0.001656 s
currentSize : 20 <-- 0.010755 s
currentSize : 21 <-- 0.030843 s
currentSize : 22 <-- 0.326916 s
currentSize : 23 <-- 0.883335 s
currentSize : 24 <-- 2.181301 s
currentSize : 25 <-- 2.530012 s
currentSize : 26 <-- 4.294970 s
currentSize : 27 <-- 6.643938 s
currentSize : 28 <-- 10.330513 s
currentSize : 29 <-- 15.410081 s
currentSize : 30 <-- 16.745028 s

maxsize : 30
nodes : 4398732.000000
filtered : 31290052.000000
time : 17.925003
