Parameters: GAD=1 vflib=1 dir=1 label=1 lowerbound=1 fileNameGp=../../cp2016-max-common-connected-subgraph-paper/datasets/graphsdb/mcs50/bvg/b09m/mcs50_b09m_s60.A03 fileNameGt=../../cp2016-max-common-connected-subgraph-paper/datasets/graphsdb/mcs50/bvg/b09m/mcs50_b09m_s60.B03
Reading graphs...
60 : 270
60 : 270
Initializing...
maxdom : 6
D->valSize : 252
Solving...
Blb : 3 (clique : 21)
currentSize : 21 <-- 0.002625 s
currentSize : 22 <-- 0.016495 s
currentSize : 23 <-- 0.016586 s
currentSize : 24 <-- 0.016703 s
currentSize : 26 <-- 0.016963 s
currentSize : 27 <-- 0.017091 s
currentSize : 28 <-- 0.558389 s
currentSize : 30 <-- 0.716581 s
currentSize : 31 <-- 0.716655 s

maxsize : 31
nodes : 192957.000000
filtered : 1748079.000000
time : 0.975204
