Parameters: GAD=1 vflib=1 dir=1 label=1 lowerbound=1 fileNameGp=../../cp2016-max-common-connected-subgraph-paper/datasets/graphsdb/mcs50/bvg/b06/mcs50_b06_s100.A05 fileNameGt=../../cp2016-max-common-connected-subgraph-paper/datasets/graphsdb/mcs50/bvg/b06/mcs50_b06_s100.B05
Reading graphs...
100 : 300
100 : 300
Initializing...
maxdom : 7
D->valSize : 351
Solving...
Blb : 3 (clique : 37)
currentSize : 37 <-- 0.003507 s
currentSize : 39 <-- 1.539054 s
currentSize : 40 <-- 1.543361 s
currentSize : 41 <-- 2.117993 s
currentSize : 42 <-- 32.288868 s
currentSize : 43 <-- 56.002953 s
currentSize : 44 <-- 56.003208 s
currentSize : 45 <-- 56.695625 s
currentSize : 46 <-- 498.678925 s
currentSize : 47 <-- 498.707031 s
currentSize : 48 <-- 498.707367 s

TIMEOUT
maxsize : 48
nodes : 214317818.000000
filtered : 668644463.000000
time : 1000.000061
