Parameters: GAD=1 vflib=1 dir=1 label=1 lowerbound=1 fileNameGp=../../cp2016-max-common-connected-subgraph-paper/datasets/graphsdb/mcs50/rand/r01/mcs50_r01_s90.A06 fileNameGt=../../cp2016-max-common-connected-subgraph-paper/datasets/graphsdb/mcs50/rand/r01/mcs50_r01_s90.B06
Reading graphs...
90 : 800
90 : 800
Initializing...
maxdom : 12
D->valSize : 544
Solving...
Blb : 2 (clique : 16)
currentSize : 16 <-- 0.008902 s
currentSize : 17 <-- 0.014983 s
currentSize : 18 <-- 0.074549 s
currentSize : 19 <-- 0.074585 s
currentSize : 20 <-- 0.183232 s
currentSize : 21 <-- 0.187602 s
currentSize : 22 <-- 0.187960 s
currentSize : 23 <-- 0.220465 s
currentSize : 24 <-- 0.234139 s
currentSize : 26 <-- 0.234328 s
currentSize : 27 <-- 0.282025 s
currentSize : 28 <-- 0.282116 s
currentSize : 29 <-- 0.287155 s
currentSize : 30 <-- 0.320490 s
currentSize : 31 <-- 0.346173 s
currentSize : 33 <-- 0.346265 s
currentSize : 36 <-- 0.530926 s
currentSize : 45 <-- 1.322214 s

maxsize : 45
nodes : 285987.000000
filtered : 4521498.000000
time : 2.116073
