Parameters: GAD=1 vflib=1 dir=1 label=1 lowerbound=1 fileNameGp=../../cp2016-max-common-connected-subgraph-paper/datasets/graphsdb/mcs50/bvg/b09m/mcs50_b09m_s100.A05 fileNameGt=../../cp2016-max-common-connected-subgraph-paper/datasets/graphsdb/mcs50/bvg/b09m/mcs50_b09m_s100.B05
Reading graphs...
100 : 450
100 : 450
Initializing...
maxdom : 7
D->valSize : 366
Solving...
Blb : 3 (clique : 24)
currentSize : 24 <-- 0.005571 s
currentSize : 25 <-- 2.813805 s
currentSize : 26 <-- 8.452414 s
currentSize : 28 <-- 14.613098 s
currentSize : 30 <-- 14.613369 s
currentSize : 31 <-- 14.613449 s
currentSize : 33 <-- 14.622475 s
currentSize : 35 <-- 14.680481 s
currentSize : 37 <-- 20.948595 s
currentSize : 38 <-- 21.036919 s
currentSize : 39 <-- 21.037064 s
currentSize : 41 <-- 37.766582 s
currentSize : 42 <-- 47.528625 s
currentSize : 43 <-- 47.565159 s
currentSize : 44 <-- 47.644257 s
currentSize : 45 <-- 47.644989 s
currentSize : 46 <-- 105.717155 s
currentSize : 47 <-- 105.798965 s
currentSize : 48 <-- 105.799522 s
currentSize : 49 <-- 303.475464 s
currentSize : 50 <-- 303.476593 s

maxsize : 50
nodes : 78888520.000000
filtered : 345901059.000000
time : 407.983398
