Parameters: GAD=1 vflib=1 dir=1 label=1 lowerbound=1 fileNameGp=../../cp2016-max-common-connected-subgraph-paper/datasets/graphsdb/mcs50/m3D/m3Dr4/mcs50_m3Dr4_s60.A03 fileNameGt=../../cp2016-max-common-connected-subgraph-paper/datasets/graphsdb/mcs50/m3D/m3Dr4/mcs50_m3Dr4_s60.B03
Reading graphs...
60 : 158
60 : 157
Initializing...
maxdom : 7
D->valSize : 245
Solving...
Blb : 3 (clique : 20)
currentSize : 20 <-- 0.001738 s
currentSize : 22 <-- 0.003688 s
currentSize : 23 <-- 0.003999 s
currentSize : 24 <-- 0.243546 s
currentSize : 25 <-- 0.243743 s
currentSize : 26 <-- 0.244616 s
currentSize : 28 <-- 2.038608 s
currentSize : 29 <-- 2.251872 s

maxsize : 29
nodes : 940168.000000
filtered : 6227097.000000
time : 3.888687
