Parameters: GAD=1 vflib=1 dir=1 label=1 lowerbound=1 fileNameGp=../../cp2016-max-common-connected-subgraph-paper/datasets/graphsdb/mcs50/bvg/b06m/mcs50_b06m_s40.A09 fileNameGt=../../cp2016-max-common-connected-subgraph-paper/datasets/graphsdb/mcs50/bvg/b06m/mcs50_b06m_s40.B09
Reading graphs...
40 : 120
40 : 120
Initializing...
maxdom : 11
D->valSize : 248
Solving...
Blb : 2 (clique : 13)
currentSize : 13 <-- 0.001427 s
currentSize : 14 <-- 0.001571 s
currentSize : 15 <-- 0.001652 s
currentSize : 16 <-- 0.002163 s
currentSize : 17 <-- 0.003028 s
currentSize : 18 <-- 0.046423 s
currentSize : 19 <-- 0.046525 s
currentSize : 20 <-- 0.046753 s

maxsize : 20
nodes : 67478.000000
filtered : 577302.000000
time : 0.235736
