Parameters: GAD=1 vflib=1 dir=1 label=1 lowerbound=1 fileNameGp=../../cp2016-max-common-connected-subgraph-paper/datasets/graphsdb/mcs50/rand/r005/mcs50_r005_s60.A01 fileNameGt=../../cp2016-max-common-connected-subgraph-paper/datasets/graphsdb/mcs50/rand/r005/mcs50_r005_s60.B01
Reading graphs...
60 : 176
60 : 176
Initializing...
maxdom : 7
D->valSize : 247
Solving...
Blb : 2 (clique : 17)
currentSize : 17 <-- 0.002581 s
currentSize : 18 <-- 0.002919 s
currentSize : 19 <-- 0.002977 s
currentSize : 20 <-- 0.007174 s
currentSize : 21 <-- 1.286304 s
currentSize : 22 <-- 1.286969 s
currentSize : 23 <-- 6.243021 s
currentSize : 24 <-- 6.243078 s
currentSize : 25 <-- 6.243717 s
currentSize : 26 <-- 6.243790 s
currentSize : 27 <-- 6.243909 s
currentSize : 28 <-- 6.899549 s
currentSize : 30 <-- 6.899591 s

maxsize : 30
nodes : 1893653.000000
filtered : 12735773.000000
time : 7.696540
