Parameters: GAD=1 vflib=1 dir=1 label=1 lowerbound=1 fileNameGp=../../cp2016-max-common-connected-subgraph-paper/datasets/graphsdb/mcs50/m3D/m3Dr6/mcs50_m3Dr6_s50.A04 fileNameGt=../../cp2016-max-common-connected-subgraph-paper/datasets/graphsdb/mcs50/m3D/m3Dr6/mcs50_m3Dr6_s50.B04
Reading graphs...
50 : 139
50 : 138
Initializing...
maxdom : 12
D->valSize : 341
Solving...
Blb : 2 (clique : 16)
currentSize : 16 <-- 0.002379 s
currentSize : 17 <-- 0.043776 s
currentSize : 18 <-- 0.076706 s
currentSize : 19 <-- 0.114920 s
currentSize : 20 <-- 6.605960 s
currentSize : 21 <-- 13.767918 s
currentSize : 23 <-- 17.369272 s
currentSize : 26 <-- 17.680958 s
currentSize : 27 <-- 18.758780 s

maxsize : 27
nodes : 4703587.000000
filtered : 59739326.000000
time : 19.437130
