Parameters: GAD=1 vflib=1 dir=1 label=1 lowerbound=1 fileNameGp=../../cp2016-max-common-connected-subgraph-paper/datasets/graphsdb/mcs50/m3D/m3Dr6/mcs50_m3Dr6_s60.A04 fileNameGt=../../cp2016-max-common-connected-subgraph-paper/datasets/graphsdb/mcs50/m3D/m3Dr6/mcs50_m3Dr6_s60.B04
Reading graphs...
60 : 170
60 : 170
Initializing...
maxdom : 9
D->valSize : 236
Solving...
Blb : 2 (clique : 18)
currentSize : 18 <-- 0.001640 s
currentSize : 19 <-- 0.001745 s
currentSize : 20 <-- 0.001785 s
currentSize : 21 <-- 0.002561 s
currentSize : 22 <-- 0.010416 s
currentSize : 23 <-- 0.011137 s
currentSize : 24 <-- 1.997894 s
currentSize : 26 <-- 3.405775 s
currentSize : 27 <-- 3.464602 s
currentSize : 28 <-- 3.464714 s
currentSize : 29 <-- 3.469463 s

maxsize : 29
nodes : 1083520.000000
filtered : 5609895.000000
time : 4.103263
