Parameters: GAD=1 vflib=1 dir=1 label=1 lowerbound=1 fileNameGp=../../cp2016-max-common-connected-subgraph-paper/datasets/graphsdb/mcs50/rand/r005/mcs50_r005_s80.A04 fileNameGt=../../cp2016-max-common-connected-subgraph-paper/datasets/graphsdb/mcs50/rand/r005/mcs50_r005_s80.B04
Reading graphs...
80 : 315
80 : 315
Initializing...
maxdom : 9
D->valSize : 415
Solving...
Blb : 2 (clique : 21)
currentSize : 21 <-- 0.006123 s
currentSize : 22 <-- 0.006380 s
currentSize : 23 <-- 0.006463 s
currentSize : 25 <-- 0.011087 s
currentSize : 26 <-- 0.018830 s
currentSize : 27 <-- 0.019319 s
currentSize : 28 <-- 0.052742 s
currentSize : 29 <-- 0.421268 s
currentSize : 30 <-- 0.421326 s
currentSize : 31 <-- 0.422235 s
currentSize : 32 <-- 0.605412 s
currentSize : 33 <-- 0.608086 s
currentSize : 35 <-- 17.126459 s
currentSize : 36 <-- 32.359886 s
currentSize : 37 <-- 32.360039 s
currentSize : 38 <-- 32.360634 s
currentSize : 39 <-- 32.361313 s
currentSize : 40 <-- 48.894695 s

maxsize : 40
nodes : 15485455.000000
filtered : 217184052.000000
time : 100.357719
