Parameters: GAD=1 vflib=1 dir=1 label=1 lowerbound=1 fileNameGp=../../cp2016-max-common-connected-subgraph-paper/datasets/graphsdb/mcs50/m2D/m2D/mcs50_m2D_s80.A07 fileNameGt=../../cp2016-max-common-connected-subgraph-paper/datasets/graphsdb/mcs50/m2D/m2D/mcs50_m2D_s80.B07
Reading graphs...
80 : 142
80 : 142
Initializing...
maxdom : 8
D->valSize : 429
Solving...
Blb : 3 (clique : 28)
currentSize : 28 <-- 0.004588 s
currentSize : 29 <-- 0.004821 s
currentSize : 30 <-- 0.005516 s
currentSize : 31 <-- 0.276463 s
currentSize : 32 <-- 0.276834 s
currentSize : 33 <-- 0.871970 s
currentSize : 34 <-- 1.080497 s
currentSize : 35 <-- 1.255882 s

TIMEOUT
maxsize : 35
nodes : 198718773.000000
filtered : 1564150018.000000
time : 1000.000061
