Parameters: GAD=1 vflib=1 dir=1 label=1 lowerbound=1 fileNameGp=../../cp2016-max-common-connected-subgraph-paper/datasets/graphsdb/mcs50/bvg/b09/mcs50_b09_s70.A00 fileNameGt=../../cp2016-max-common-connected-subgraph-paper/datasets/graphsdb/mcs50/bvg/b09/mcs50_b09_s70.B00
Reading graphs...
70 : 315
70 : 315
Initializing...
maxdom : 9
D->valSize : 356
Solving...
Blb : 2 (clique : 19)
currentSize : 19 <-- 0.002925 s
currentSize : 20 <-- 0.007635 s
currentSize : 25 <-- 0.033859 s
currentSize : 26 <-- 0.060485 s
currentSize : 28 <-- 0.193441 s
currentSize : 30 <-- 0.193601 s
currentSize : 31 <-- 0.194185 s
currentSize : 32 <-- 0.211245 s
currentSize : 33 <-- 0.211836 s
currentSize : 34 <-- 0.218010 s

maxsize : 34
nodes : 1927810.000000
filtered : 10367365.000000
time : 7.971154
