Parameters: GAD=1 vflib=1 dir=1 label=1 lowerbound=1 fileNameGp=../../cp2016-max-common-connected-subgraph-paper/datasets/graphsdb/mcs50/m3D/m3D/mcs50_m3D_s60.A02 fileNameGt=../../cp2016-max-common-connected-subgraph-paper/datasets/graphsdb/mcs50/m3D/m3D/mcs50_m3D_s60.B02
Reading graphs...
60 : 134
60 : 134
Initializing...
maxdom : 7
D->valSize : 237
Solving...
Blb : 2 (clique : 22)
currentSize : 22 <-- 0.001748 s
currentSize : 23 <-- 0.002443 s
currentSize : 24 <-- 0.005026 s
currentSize : 25 <-- 0.005148 s
currentSize : 26 <-- 0.006651 s
currentSize : 27 <-- 0.150812 s
currentSize : 28 <-- 0.217697 s
currentSize : 29 <-- 0.328528 s

maxsize : 29
nodes : 2257876.000000
filtered : 13049960.000000
time : 8.936796
