Parameters: GAD=1 vflib=1 dir=1 label=1 lowerbound=1 fileNameGp=../../cp2016-max-common-connected-subgraph-paper/datasets/graphsdb/mcs50/bvg/b09m/mcs50_b09m_s70.A09 fileNameGt=../../cp2016-max-common-connected-subgraph-paper/datasets/graphsdb/mcs50/bvg/b09m/mcs50_b09m_s70.B09
Reading graphs...
70 : 315
70 : 315
Initializing...
maxdom : 8
D->valSize : 342
Solving...
Blb : 3 (clique : 26)
currentSize : 26 <-- 0.004229 s
currentSize : 27 <-- 0.020180 s
currentSize : 28 <-- 1.789881 s
currentSize : 29 <-- 1.802179 s
currentSize : 30 <-- 1.803551 s
currentSize : 31 <-- 1.829502 s
currentSize : 32 <-- 1.830140 s
currentSize : 33 <-- 4.781068 s
currentSize : 34 <-- 4.781082 s

maxsize : 34
nodes : 2304507.000000
filtered : 17215030.000000
time : 10.941136
