Parameters: GAD=1 vflib=1 dir=1 label=1 lowerbound=1 fileNameGp=../../cp2016-max-common-connected-subgraph-paper/datasets/graphsdb/mcs50/rand/r005/mcs50_r005_s60.A00 fileNameGt=../../cp2016-max-common-connected-subgraph-paper/datasets/graphsdb/mcs50/rand/r005/mcs50_r005_s60.B00
Reading graphs...
60 : 176
60 : 176
Initializing...
maxdom : 6
D->valSize : 252
Solving...
Blb : 2 (clique : 20)
currentSize : 20 <-- 0.001880 s
currentSize : 21 <-- 0.001996 s
currentSize : 22 <-- 0.002244 s
currentSize : 23 <-- 0.002268 s
currentSize : 24 <-- 0.003576 s
currentSize : 25 <-- 0.003668 s
currentSize : 26 <-- 0.006894 s
currentSize : 27 <-- 0.493697 s
currentSize : 28 <-- 0.495397 s
currentSize : 29 <-- 0.495723 s
currentSize : 30 <-- 1.151148 s

maxsize : 30
nodes : 819854.000000
filtered : 7993254.000000
time : 3.950832
