Parameters: GAD=1 vflib=1 dir=1 label=1 lowerbound=1 fileNameGp=../../cp2016-max-common-connected-subgraph-paper/datasets/graphsdb/mcs50/rand/r005/mcs50_r005_s40.A05 fileNameGt=../../cp2016-max-common-connected-subgraph-paper/datasets/graphsdb/mcs50/rand/r005/mcs50_r005_s40.B05
Reading graphs...
40 : 78
40 : 78
Initializing...
maxdom : 8
D->valSize : 216
Solving...
Blb : 2 (clique : 12)
currentSize : 12 <-- 0.001165 s
currentSize : 14 <-- 0.001221 s
currentSize : 15 <-- 0.001276 s
currentSize : 16 <-- 0.003759 s
currentSize : 17 <-- 0.020241 s
currentSize : 18 <-- 0.205816 s
currentSize : 19 <-- 0.707057 s
currentSize : 20 <-- 0.723044 s
currentSize : 21 <-- 0.727194 s

maxsize : 21
nodes : 240444.000000
filtered : 1967989.000000
time : 0.846948
