Parameters: GAD=1 vflib=1 dir=1 label=1 lowerbound=1 fileNameGp=../../cp2016-max-common-connected-subgraph-paper/datasets/graphsdb/mcs50/m2D/m2D/mcs50_m2D_s50.A00 fileNameGt=../../cp2016-max-common-connected-subgraph-paper/datasets/graphsdb/mcs50/m2D/m2D/mcs50_m2D_s50.B00
Reading graphs...
50 : 85
50 : 85
Initializing...
maxdom : 9
D->valSize : 330
Solving...
Blb : 2 (clique : 19)
currentSize : 19 <-- 0.002393 s
currentSize : 20 <-- 0.003744 s
currentSize : 21 <-- 0.327084 s
currentSize : 22 <-- 1.970334 s
currentSize : 23 <-- 2.629464 s
currentSize : 24 <-- 16.747946 s
currentSize : 25 <-- 25.987152 s
currentSize : 26 <-- 25.987598 s
currentSize : 27 <-- 28.424847 s
currentSize : 28 <-- 134.070496 s

maxsize : 28
nodes : 52326172.000000
filtered : 544754656.000000
time : 229.817627
