Parameters: GAD=1 vflib=1 dir=1 label=1 lowerbound=1 fileNameGp=../../cp2016-max-common-connected-subgraph-paper/datasets/graphsdb/mcs50/m3D/m3Dr2/mcs50_m3Dr2_s50.A03 fileNameGt=../../cp2016-max-common-connected-subgraph-paper/datasets/graphsdb/mcs50/m3D/m3Dr2/mcs50_m3Dr2_s50.B03
Reading graphs...
50 : 119
50 : 118
Initializing...
maxdom : 9
D->valSize : 329
Solving...
Blb : 2 (clique : 19)
currentSize : 19 <-- 0.002389 s
currentSize : 20 <-- 2.546589 s
currentSize : 21 <-- 12.471773 s
currentSize : 22 <-- 47.578648 s
currentSize : 23 <-- 53.351929 s
currentSize : 25 <-- 53.352226 s
currentSize : 27 <-- 53.352913 s
currentSize : 28 <-- 65.695084 s

maxsize : 28
nodes : 18799528.000000
filtered : 200566535.000000
time : 70.008034
