Parameters: GAD=1 vflib=1 dir=1 label=1 lowerbound=1 fileNameGp=../../cp2016-max-common-connected-subgraph-paper/datasets/graphsdb/mcs50/rand/r005/mcs50_r005_s70.A08 fileNameGt=../../cp2016-max-common-connected-subgraph-paper/datasets/graphsdb/mcs50/rand/r005/mcs50_r005_s70.B08
Reading graphs...
70 : 240
70 : 240
Initializing...
maxdom : 8
D->valSize : 337
Solving...
Blb : 2 (clique : 20)
currentSize : 20 <-- 0.002714 s
currentSize : 21 <-- 0.024924 s
currentSize : 22 <-- 0.112785 s
currentSize : 23 <-- 0.329393 s
currentSize : 24 <-- 1.543874 s
currentSize : 26 <-- 5.235699 s
currentSize : 27 <-- 10.863168 s
currentSize : 30 <-- 11.204953 s
currentSize : 31 <-- 32.466537 s
currentSize : 34 <-- 62.243526 s
currentSize : 35 <-- 62.244343 s

maxsize : 35
nodes : 14984291.000000
filtered : 153990288.000000
time : 77.361115
