Parameters: GAD=1 vflib=1 dir=1 label=1 lowerbound=1 fileNameGp=../../cp2016-max-common-connected-subgraph-paper/datasets/graphsdb/mcs50/bvg/b06m/mcs50_b06m_s60.A08 fileNameGt=../../cp2016-max-common-connected-subgraph-paper/datasets/graphsdb/mcs50/bvg/b06m/mcs50_b06m_s60.B08
Reading graphs...
60 : 180
60 : 180
Initializing...
maxdom : 6
D->valSize : 239
Solving...
Blb : 2 (clique : 24)
currentSize : 24 <-- 0.002360 s
currentSize : 25 <-- 0.002601 s
currentSize : 26 <-- 0.003079 s
currentSize : 27 <-- 0.003193 s
currentSize : 28 <-- 0.164699 s
currentSize : 29 <-- 0.167376 s
currentSize : 30 <-- 3.728372 s

maxsize : 30
nodes : 1771487.000000
filtered : 8115520.000000
time : 6.566791
