Parameters: GAD=1 vflib=1 dir=1 label=1 lowerbound=1 fileNameGp=../../cp2016-max-common-connected-subgraph-paper/datasets/graphsdb/mcs50/rand/r005/mcs50_r005_s70.A03 fileNameGt=../../cp2016-max-common-connected-subgraph-paper/datasets/graphsdb/mcs50/rand/r005/mcs50_r005_s70.B03
Reading graphs...
70 : 240
70 : 240
Initializing...
maxdom : 6
D->valSize : 314
Solving...
Blb : 2 (clique : 24)
currentSize : 24 <-- 0.003736 s
currentSize : 25 <-- 0.958032 s
currentSize : 26 <-- 4.541839 s
currentSize : 27 <-- 4.549931 s
currentSize : 28 <-- 4.744869 s
currentSize : 29 <-- 4.753908 s
currentSize : 30 <-- 27.084272 s
currentSize : 32 <-- 29.986700 s
currentSize : 33 <-- 30.274832 s
currentSize : 36 <-- 30.305470 s

maxsize : 36
nodes : 7144089.000000
filtered : 76036034.000000
time : 37.781891
