Parameters: GAD=1 vflib=1 dir=1 label=1 lowerbound=1 fileNameGp=../../cp2016-max-common-connected-subgraph-paper/datasets/graphsdb/mcs50/bvg/b03m/mcs50_b03m_s90.A09 fileNameGt=../../cp2016-max-common-connected-subgraph-paper/datasets/graphsdb/mcs50/bvg/b03m/mcs50_b03m_s90.B09
Reading graphs...
90 : 135
90 : 135
Initializing...
maxdom : 8
D->valSize : 544
Solving...
Blb : 2 (clique : 45)
currentSize : 45 <-- 0.006504 s
currentSize : 47 <-- 0.006906 s
currentSize : 48 <-- 0.007631 s
currentSize : 49 <-- 0.884608 s
currentSize : 50 <-- 4.179224 s
currentSize : 51 <-- 19.058249 s
currentSize : 52 <-- 475.832123 s

TIMEOUT
maxsize : 52
nodes : 168502499.000000
filtered : 1131521366.000000
time : 1000.000061
