Parameters: GAD=1 vflib=1 dir=1 label=1 lowerbound=1 fileNameGp=../../cp2016-max-common-connected-subgraph-paper/datasets/graphsdb/mcs50/bvg/b03/mcs50_b03_s100.A06 fileNameGt=../../cp2016-max-common-connected-subgraph-paper/datasets/graphsdb/mcs50/bvg/b03/mcs50_b03_s100.B06
Reading graphs...
100 : 150
100 : 150
Initializing...
maxdom : 7
D->valSize : 380
Solving...
Blb : 2 (clique : 43)
currentSize : 43 <-- 0.006790 s
currentSize : 44 <-- 0.673160 s
currentSize : 45 <-- 7.001813 s
currentSize : 46 <-- 13.710898 s
currentSize : 47 <-- 53.576366 s
currentSize : 48 <-- 53.589752 s
currentSize : 50 <-- 55.315552 s
currentSize : 51 <-- 208.281158 s
currentSize : 52 <-- 221.171997 s
currentSize : 53 <-- 221.172134 s

TIMEOUT
maxsize : 53
nodes : 243931737.000000
filtered : 485513491.000000
time : 1000.000061
