Parameters: GAD=1 vflib=1 dir=1 label=1 lowerbound=1 fileNameGp=../../cp2016-max-common-connected-subgraph-paper/datasets/graphsdb/mcs50/m2D/m2Dr4/mcs50_m2Dr4_s60.A03 fileNameGt=../../cp2016-max-common-connected-subgraph-paper/datasets/graphsdb/mcs50/m2D/m2Dr4/mcs50_m2Dr4_s60.B03
Reading graphs...
60 : 128
60 : 127
Initializing...
maxdom : 9
D->valSize : 256
Solving...
Blb : 2 (clique : 18)
currentSize : 18 <-- 0.002703 s
currentSize : 19 <-- 0.002868 s
currentSize : 20 <-- 0.002912 s
currentSize : 21 <-- 0.006271 s
currentSize : 22 <-- 0.006346 s
currentSize : 23 <-- 0.029813 s
currentSize : 24 <-- 0.292908 s
currentSize : 25 <-- 0.293134 s
currentSize : 26 <-- 0.363519 s
currentSize : 27 <-- 12.738600 s
currentSize : 28 <-- 31.162275 s

maxsize : 28
nodes : 7355432.000000
filtered : 63052417.000000
time : 32.245228
