Parameters: GAD=1 vflib=1 dir=1 label=1 lowerbound=1 fileNameGp=../../cp2016-max-common-connected-subgraph-paper/datasets/graphsdb/mcs50/m2D/m2D/mcs50_m2D_s100.A06 fileNameGt=../../cp2016-max-common-connected-subgraph-paper/datasets/graphsdb/mcs50/m2D/m2D/mcs50_m2D_s100.B06
Reading graphs...
100 : 180
100 : 180
Initializing...
maxdom : 10
D->valSize : 366
Solving...
Blb : 2 (clique : 38)
currentSize : 38 <-- 0.004109 s
currentSize : 39 <-- 0.004789 s
currentSize : 40 <-- 0.007374 s
currentSize : 41 <-- 20.800428 s
currentSize : 42 <-- 21.056559 s
currentSize : 43 <-- 80.112595 s
currentSize : 44 <-- 924.564453 s
currentSize : 45 <-- 932.671997 s

TIMEOUT
maxsize : 45
nodes : 199525738.000000
filtered : 899096105.000000
time : 1000.000061
