Parameters: GAD=1 vflib=1 dir=1 label=1 lowerbound=1 fileNameGp=../../cp2016-max-common-connected-subgraph-paper/datasets/graphsdb/mcs50/m2D/m2Dr2/mcs50_m2Dr2_s50.A08 fileNameGt=../../cp2016-max-common-connected-subgraph-paper/datasets/graphsdb/mcs50/m2D/m2Dr2/mcs50_m2Dr2_s50.B08
Reading graphs...
50 : 95
50 : 95
Initializing...
maxdom : 11
D->valSize : 337
Solving...
Blb : 2 (clique : 19)
currentSize : 19 <-- 0.003910 s
currentSize : 20 <-- 0.100468 s
currentSize : 21 <-- 2.620608 s
currentSize : 22 <-- 2.620718 s
currentSize : 23 <-- 24.188120 s
currentSize : 24 <-- 36.674419 s
currentSize : 25 <-- 36.674992 s
currentSize : 26 <-- 36.676579 s
currentSize : 27 <-- 36.676628 s

maxsize : 27
nodes : 12347956.000000
filtered : 196865510.000000
time : 50.893837
