Parameters: GAD=1 vflib=1 dir=1 label=1 lowerbound=1 fileNameGp=../../cp2016-max-common-connected-subgraph-paper/datasets/graphsdb/mcs50/m2D/m2Dr2/mcs50_m2Dr2_s50.A01 fileNameGt=../../cp2016-max-common-connected-subgraph-paper/datasets/graphsdb/mcs50/m2D/m2Dr2/mcs50_m2Dr2_s50.B01
Reading graphs...
50 : 95
50 : 95
Initializing...
maxdom : 10
D->valSize : 355
Solving...
Blb : 2 (clique : 19)
currentSize : 19 <-- 0.002694 s
currentSize : 20 <-- 0.014153 s
currentSize : 21 <-- 0.043180 s
currentSize : 22 <-- 0.672174 s
currentSize : 23 <-- 0.672427 s
currentSize : 24 <-- 1.936980 s
currentSize : 25 <-- 4.690990 s
currentSize : 26 <-- 57.060524 s
currentSize : 27 <-- 79.335098 s

maxsize : 27
nodes : 24599360.000000
filtered : 393620126.000000
time : 110.970398
