Parameters: GAD=1 vflib=1 dir=1 label=1 lowerbound=1 fileNameGp=../../cp2016-max-common-connected-subgraph-paper/datasets/graphsdb/mcs50/rand/r005/mcs50_r005_s80.A06 fileNameGt=../../cp2016-max-common-connected-subgraph-paper/datasets/graphsdb/mcs50/rand/r005/mcs50_r005_s80.B06
Reading graphs...
80 : 315
80 : 315
Initializing...
maxdom : 11
D->valSize : 483
Solving...
Blb : 2 (clique : 22)
currentSize : 22 <-- 0.007582 s
currentSize : 23 <-- 0.011529 s
currentSize : 24 <-- 0.226795 s
currentSize : 25 <-- 0.412507 s
currentSize : 26 <-- 0.983580 s
currentSize : 27 <-- 1.584132 s
currentSize : 28 <-- 2.288899 s
currentSize : 29 <-- 55.170776 s
currentSize : 30 <-- 55.183090 s
currentSize : 31 <-- 82.428711 s
currentSize : 32 <-- 83.855278 s
currentSize : 33 <-- 125.723137 s
currentSize : 34 <-- 125.727478 s
currentSize : 35 <-- 125.727570 s
currentSize : 37 <-- 125.727669 s
currentSize : 38 <-- 149.164764 s
currentSize : 39 <-- 149.164871 s
currentSize : 40 <-- 149.165207 s

maxsize : 40
nodes : 26591188.000000
filtered : 349484629.000000
time : 159.845596
