Parameters: GAD=1 vflib=1 dir=1 label=1 lowerbound=1 fileNameGp=../../cp2016-max-common-connected-subgraph-paper/datasets/graphsdb/mcs50/rand/r01/mcs50_r01_s80.A02 fileNameGt=../../cp2016-max-common-connected-subgraph-paper/datasets/graphsdb/mcs50/rand/r01/mcs50_r01_s80.B02
Reading graphs...
80 : 631
80 : 631
Initializing...
maxdom : 8
D->valSize : 404
Solving...
Blb : 3 (clique : 17)
currentSize : 17 <-- 0.005613 s
currentSize : 20 <-- 0.021165 s
currentSize : 21 <-- 0.052513 s
currentSize : 23 <-- 0.203144 s
currentSize : 24 <-- 0.563709 s
currentSize : 27 <-- 0.738040 s
currentSize : 29 <-- 1.104235 s
currentSize : 35 <-- 1.104598 s
currentSize : 40 <-- 1.104703 s

maxsize : 40
nodes : 198775.000000
filtered : 2997729.000000
time : 1.352255
