Parameters: GAD=1 vflib=1 dir=1 label=1 lowerbound=1 fileNameGp=../../cp2016-max-common-connected-subgraph-paper/datasets/graphsdb/mcs50/bvg/b09/mcs50_b09_s80.A01 fileNameGt=../../cp2016-max-common-connected-subgraph-paper/datasets/graphsdb/mcs50/bvg/b09/mcs50_b09_s80.B01
Reading graphs...
80 : 360
80 : 360
Initializing...
maxdom : 9
D->valSize : 435
Solving...
Blb : 2 (clique : 34)
currentSize : 34 <-- 0.004018 s
currentSize : 35 <-- 0.004288 s
currentSize : 36 <-- 0.004683 s
currentSize : 37 <-- 0.004792 s
currentSize : 38 <-- 0.005079 s
currentSize : 39 <-- 0.077061 s
currentSize : 40 <-- 0.080580 s

maxsize : 40
nodes : 27170384.000000
filtered : 153460657.000000
time : 126.420197
