Parameters: GAD=1 vflib=1 dir=1 label=1 lowerbound=1 fileNameGp=../../cp2016-max-common-connected-subgraph-paper/datasets/graphsdb/mcs50/bvg/b06m/mcs50_b06m_s50.A02 fileNameGt=../../cp2016-max-common-connected-subgraph-paper/datasets/graphsdb/mcs50/bvg/b06m/mcs50_b06m_s50.B02
Reading graphs...
50 : 150
50 : 150
Initializing...
maxdom : 9
D->valSize : 317
Solving...
Blb : 3 (clique : 17)
currentSize : 17 <-- 0.003306 s
currentSize : 18 <-- 4.643019 s
currentSize : 19 <-- 11.230748 s
currentSize : 20 <-- 19.168268 s
currentSize : 21 <-- 20.376839 s
currentSize : 22 <-- 30.458565 s
currentSize : 23 <-- 34.168640 s
currentSize : 24 <-- 34.168911 s
currentSize : 25 <-- 36.113369 s
currentSize : 26 <-- 36.113541 s

maxsize : 26
nodes : 9477779.000000
filtered : 101281828.000000
time : 37.132229
