Parameters: GAD=1 vflib=1 dir=1 label=1 lowerbound=1 fileNameGp=../../cp2016-max-common-connected-subgraph-paper/datasets/graphsdb/mcs50/bvg/b09/mcs50_b09_s90.A03 fileNameGt=../../cp2016-max-common-connected-subgraph-paper/datasets/graphsdb/mcs50/bvg/b09/mcs50_b09_s90.B03
Reading graphs...
90 : 405
90 : 405
Initializing...
maxdom : 9
D->valSize : 548
Solving...
Blb : 3 (clique : 33)
currentSize : 33 <-- 0.006239 s
currentSize : 34 <-- 0.006527 s
currentSize : 35 <-- 0.006629 s
currentSize : 36 <-- 0.023736 s
currentSize : 37 <-- 0.024321 s
currentSize : 38 <-- 0.258599 s
currentSize : 39 <-- 0.275912 s
currentSize : 40 <-- 12.550460 s
currentSize : 41 <-- 12.551193 s
currentSize : 42 <-- 186.895599 s
currentSize : 43 <-- 231.444565 s
currentSize : 44 <-- 251.300659 s
currentSize : 45 <-- 251.300934 s

maxsize : 45
nodes : 186485032.000000
filtered : 1020042284.000000
time : 933.653870
