Parameters: GAD=1 vflib=1 dir=1 label=1 lowerbound=1 fileNameGp=../../cp2016-max-common-connected-subgraph-paper/datasets/graphsdb/mcs50/bvg/b03/mcs50_b03_s70.A07 fileNameGt=../../cp2016-max-common-connected-subgraph-paper/datasets/graphsdb/mcs50/bvg/b03/mcs50_b03_s70.B07
Reading graphs...
70 : 105
70 : 105
Initializing...
maxdom : 8
D->valSize : 336
Solving...
Blb : 3 (clique : 27)
currentSize : 27 <-- 0.002772 s
currentSize : 28 <-- 8.310025 s
currentSize : 29 <-- 19.752695 s
currentSize : 30 <-- 21.875055 s
currentSize : 31 <-- 30.733770 s
currentSize : 32 <-- 32.386082 s
currentSize : 33 <-- 42.676746 s
currentSize : 34 <-- 43.794617 s
currentSize : 35 <-- 72.699455 s
currentSize : 36 <-- 72.978920 s
currentSize : 37 <-- 156.306549 s
currentSize : 38 <-- 191.870789 s

maxsize : 38
nodes : 77341651.000000
filtered : 602593037.000000
time : 377.960419
