Parameters: GAD=1 vflib=1 dir=1 label=1 lowerbound=1 fileNameGp=../../cp2016-max-common-connected-subgraph-paper/datasets/graphsdb/mcs50/rand/r005/mcs50_r005_s100.A09 fileNameGt=../../cp2016-max-common-connected-subgraph-paper/datasets/graphsdb/mcs50/rand/r005/mcs50_r005_s100.B09
Reading graphs...
100 : 494
100 : 494
Initializing...
maxdom : 9
D->valSize : 357
Solving...
Blb : 2 (clique : 21)
currentSize : 21 <-- 0.005483 s
currentSize : 23 <-- 0.009491 s
currentSize : 24 <-- 0.019415 s
currentSize : 25 <-- 0.187193 s
currentSize : 26 <-- 1.212828 s
currentSize : 27 <-- 1.216159 s
currentSize : 28 <-- 1.269653 s
currentSize : 29 <-- 1.274276 s
currentSize : 30 <-- 1.329567 s
currentSize : 31 <-- 5.186255 s
currentSize : 32 <-- 5.207628 s
currentSize : 34 <-- 5.208018 s
currentSize : 37 <-- 5.725172 s
currentSize : 38 <-- 5.725590 s
currentSize : 41 <-- 5.725741 s
currentSize : 42 <-- 8.284508 s
currentSize : 43 <-- 13.676653 s
currentSize : 47 <-- 13.676922 s
currentSize : 50 <-- 20.381817 s

maxsize : 50
nodes : 5458786.000000
filtered : 46967964.000000
time : 34.829391
