Parameters: GAD=1 vflib=1 dir=1 label=1 lowerbound=1 fileNameGp=../../cp2016-max-common-connected-subgraph-paper/datasets/graphsdb/mcs50/m3D/m3Dr6/mcs50_m3Dr6_s50.A09 fileNameGt=../../cp2016-max-common-connected-subgraph-paper/datasets/graphsdb/mcs50/m3D/m3Dr6/mcs50_m3Dr6_s50.B09
Reading graphs...
50 : 139
50 : 138
Initializing...
maxdom : 10
D->valSize : 339
Solving...
Blb : 2 (clique : 15)
currentSize : 15 <-- 0.003881 s
currentSize : 16 <-- 0.004042 s
currentSize : 18 <-- 0.024613 s
currentSize : 19 <-- 1.208433 s
currentSize : 20 <-- 1.914667 s
currentSize : 21 <-- 2.068293 s
currentSize : 22 <-- 4.997489 s
currentSize : 24 <-- 4.997582 s
currentSize : 25 <-- 4.997851 s
currentSize : 26 <-- 7.837840 s
currentSize : 27 <-- 7.837898 s
currentSize : 28 <-- 8.257455 s

maxsize : 28
nodes : 2340939.000000
filtered : 26849595.000000
time : 9.797006
