Parameters: GAD=1 vflib=1 dir=1 label=1 lowerbound=1 fileNameGp=../../cp2016-max-common-connected-subgraph-paper/datasets/graphsdb/mcs50/m2D/m2D/mcs50_m2D_s70.A03 fileNameGt=../../cp2016-max-common-connected-subgraph-paper/datasets/graphsdb/mcs50/m2D/m2D/mcs50_m2D_s70.B03
Reading graphs...
70 : 123
70 : 123
Initializing...
maxdom : 9
D->valSize : 319
Solving...
Blb : 2 (clique : 32)
currentSize : 32 <-- 0.004303 s
currentSize : 34 <-- 0.004601 s
currentSize : 35 <-- 0.004737 s
currentSize : 36 <-- 59.038803 s
currentSize : 37 <-- 696.014343 s
currentSize : 38 <-- 800.713135 s
currentSize : 39 <-- 868.791443 s
currentSize : 40 <-- 928.338257 s

TIMEOUT
maxsize : 40
nodes : 241129933.000000
filtered : 1331901814.000000
time : 1000.000061
