Parameters: GAD=1 vflib=1 dir=1 label=1 lowerbound=1 fileNameGp=../../cp2016-max-common-connected-subgraph-paper/datasets/graphsdb/mcs50/m3D/m3D/mcs50_m3D_s60.A01 fileNameGt=../../cp2016-max-common-connected-subgraph-paper/datasets/graphsdb/mcs50/m3D/m3D/mcs50_m3D_s60.B01
Reading graphs...
60 : 134
60 : 134
Initializing...
maxdom : 7
D->valSize : 250
Solving...
Blb : 2 (clique : 19)
currentSize : 19 <-- 0.001815 s
currentSize : 20 <-- 0.060178 s
currentSize : 21 <-- 0.680871 s
currentSize : 22 <-- 0.682533 s
currentSize : 23 <-- 0.927189 s
currentSize : 24 <-- 1.774024 s
currentSize : 25 <-- 2.003609 s
currentSize : 26 <-- 3.562847 s
currentSize : 27 <-- 3.988464 s
currentSize : 28 <-- 3.988857 s
currentSize : 29 <-- 4.033954 s

maxsize : 29
nodes : 5200727.000000
filtered : 38685594.000000
time : 22.351664
