Parameters: GAD=1 vflib=1 dir=1 label=1 lowerbound=1 fileNameGp=../../cp2016-max-common-connected-subgraph-paper/datasets/graphsdb/mcs50/m2D/m2Dr2/mcs50_m2Dr2_s80.A00 fileNameGt=../../cp2016-max-common-connected-subgraph-paper/datasets/graphsdb/mcs50/m2D/m2Dr2/mcs50_m2Dr2_s80.B00
Reading graphs...
80 : 158
80 : 157
Initializing...
maxdom : 11
D->valSize : 454
Solving...
Blb : 2 (clique : 26)
currentSize : 26 <-- 0.007383 s
currentSize : 27 <-- 0.008178 s
currentSize : 28 <-- 0.014045 s
currentSize : 29 <-- 0.111499 s
currentSize : 30 <-- 0.123437 s
currentSize : 31 <-- 30.640648 s
currentSize : 32 <-- 46.942944 s
currentSize : 33 <-- 52.007107 s

TIMEOUT
maxsize : 33
nodes : 220526593.000000
filtered : 1560560124.000000
time : 1000.000061
