Parameters: GAD=1 vflib=1 dir=1 label=1 lowerbound=1 fileNameGp=../../cp2016-max-common-connected-subgraph-paper/datasets/graphsdb/mcs50/m3D/m3Dr2/mcs50_m3Dr2_s60.A09 fileNameGt=../../cp2016-max-common-connected-subgraph-paper/datasets/graphsdb/mcs50/m3D/m3Dr2/mcs50_m3Dr2_s60.B09
Reading graphs...
60 : 146
60 : 145
Initializing...
maxdom : 7
D->valSize : 238
Solving...
Blb : 2 (clique : 20)
currentSize : 20 <-- 0.002622 s
currentSize : 21 <-- 0.008044 s
currentSize : 22 <-- 0.061751 s
currentSize : 23 <-- 0.095281 s
currentSize : 24 <-- 0.512443 s
currentSize : 25 <-- 0.512646 s
currentSize : 26 <-- 0.538516 s
currentSize : 27 <-- 1.084754 s
currentSize : 28 <-- 2.649413 s
currentSize : 29 <-- 9.117045 s

maxsize : 29
nodes : 5401999.000000
filtered : 33068607.000000
time : 22.082706
