Parameters: GAD=1 vflib=1 dir=1 label=1 lowerbound=1 fileNameGp=../../cp2016-max-common-connected-subgraph-paper/datasets/graphsdb/mcs50/bvg/b06m/mcs50_b06m_s90.A03 fileNameGt=../../cp2016-max-common-connected-subgraph-paper/datasets/graphsdb/mcs50/bvg/b06m/mcs50_b06m_s90.B03
Reading graphs...
90 : 270
90 : 270
Initializing...
maxdom : 9
D->valSize : 561
Solving...
Blb : 3 (clique : 30)
currentSize : 30 <-- 0.010674 s
currentSize : 32 <-- 0.011058 s
currentSize : 33 <-- 0.011325 s
currentSize : 34 <-- 0.018145 s
currentSize : 35 <-- 0.038660 s
currentSize : 36 <-- 0.039116 s
currentSize : 37 <-- 0.060550 s
currentSize : 38 <-- 0.753927 s
currentSize : 39 <-- 235.097244 s

TIMEOUT
maxsize : 39
nodes : 155958791.000000
filtered : 2205152305.000000
time : 1000.000061
