Parameters: GAD=1 vflib=1 dir=1 label=1 lowerbound=1 fileNameGp=../../cp2016-max-common-connected-subgraph-paper/datasets/graphsdb/mcs50/bvg/b06/mcs50_b06_s80.A04 fileNameGt=../../cp2016-max-common-connected-subgraph-paper/datasets/graphsdb/mcs50/bvg/b06/mcs50_b06_s80.B04
Reading graphs...
80 : 240
80 : 240
Initializing...
maxdom : 9
D->valSize : 422
Solving...
Blb : 5 (clique : 28)
currentSize : 28 <-- 0.006214 s
currentSize : 29 <-- 0.263844 s
currentSize : 30 <-- 1.451425 s
currentSize : 31 <-- 112.020706 s
currentSize : 32 <-- 112.027779 s
currentSize : 33 <-- 113.347557 s
currentSize : 34 <-- 121.322556 s
currentSize : 35 <-- 126.754951 s
currentSize : 36 <-- 190.701569 s
currentSize : 38 <-- 231.643738 s
currentSize : 39 <-- 296.273743 s
currentSize : 40 <-- 296.274078 s
currentSize : 41 <-- 296.276306 s
currentSize : 42 <-- 296.991821 s

maxsize : 42
nodes : 110518755.000000
filtered : 903985270.000000
time : 578.705017
