Parameters: GAD=1 vflib=1 dir=1 label=1 lowerbound=1 fileNameGp=../../cp2016-max-common-connected-subgraph-paper/datasets/graphsdb/mcs50/bvg/b03/mcs50_b03_s80.A09 fileNameGt=../../cp2016-max-common-connected-subgraph-paper/datasets/graphsdb/mcs50/bvg/b03/mcs50_b03_s80.B09
Reading graphs...
80 : 120
80 : 120
Initializing...
maxdom : 9
D->valSize : 421
Solving...
Blb : 5 (clique : 29)
currentSize : 29 <-- 0.004522 s
currentSize : 40 <-- 0.004768 s
currentSize : 41 <-- 0.004850 s
currentSize : 42 <-- 0.004927 s
currentSize : 43 <-- 0.006145 s
currentSize : 44 <-- 0.016573 s

TIMEOUT
maxsize : 44
nodes : 220892885.000000
filtered : 1403794533.000000
time : 1000.000061
