Parameters: GAD=1 vflib=1 dir=1 label=1 lowerbound=1 fileNameGp=../../cp2016-max-common-connected-subgraph-paper/datasets/graphsdb/mcs50/bvg/b03/mcs50_b03_s60.A09 fileNameGt=../../cp2016-max-common-connected-subgraph-paper/datasets/graphsdb/mcs50/bvg/b03/mcs50_b03_s60.B09
Reading graphs...
60 : 90
60 : 90
Initializing...
maxdom : 7
D->valSize : 247
Solving...
Blb : 2 (clique : 22)
currentSize : 22 <-- 0.001802 s
currentSize : 23 <-- 0.001931 s
currentSize : 24 <-- 0.002012 s
currentSize : 25 <-- 0.003629 s
currentSize : 26 <-- 0.026412 s
currentSize : 27 <-- 0.932185 s
currentSize : 28 <-- 2.160333 s
currentSize : 29 <-- 2.325722 s
currentSize : 30 <-- 8.411498 s
currentSize : 31 <-- 23.748976 s
currentSize : 32 <-- 48.144882 s
currentSize : 33 <-- 54.030327 s

maxsize : 33
nodes : 37663631.000000
filtered : 213865332.000000
time : 150.172989
