Parameters: GAD=1 vflib=1 dir=1 label=1 lowerbound=1 fileNameGp=../../cp2016-max-common-connected-subgraph-paper/datasets/graphsdb/mcs50/bvg/b06m/mcs50_b06m_s80.A00 fileNameGt=../../cp2016-max-common-connected-subgraph-paper/datasets/graphsdb/mcs50/bvg/b06m/mcs50_b06m_s80.B00
Reading graphs...
80 : 240
80 : 240
Initializing...
maxdom : 8
D->valSize : 420
Solving...
Blb : 2 (clique : 34)
currentSize : 34 <-- 0.006548 s
currentSize : 36 <-- 0.079761 s
currentSize : 37 <-- 0.080136 s
currentSize : 38 <-- 0.081154 s
currentSize : 39 <-- 19.410131 s
currentSize : 40 <-- 19.410324 s
currentSize : 41 <-- 19.410448 s
currentSize : 42 <-- 26.347528 s

maxsize : 42
nodes : 129614531.000000
filtered : 781183109.000000
time : 644.232361
