Parameters: GAD=1 vflib=1 dir=1 label=1 lowerbound=1 fileNameGp=../../cp2016-max-common-connected-subgraph-paper/datasets/graphsdb/mcs50/bvg/b06m/mcs50_b06m_s80.A01 fileNameGt=../../cp2016-max-common-connected-subgraph-paper/datasets/graphsdb/mcs50/bvg/b06m/mcs50_b06m_s80.B01
Reading graphs...
80 : 240
80 : 240
Initializing...
maxdom : 9
D->valSize : 443
Solving...
Blb : 2 (clique : 33)
currentSize : 33 <-- 0.006840 s
currentSize : 34 <-- 0.009404 s
currentSize : 36 <-- 0.012370 s
currentSize : 37 <-- 32.683197 s
currentSize : 38 <-- 111.188217 s
currentSize : 39 <-- 267.748199 s
currentSize : 40 <-- 267.953094 s

TIMEOUT
maxsize : 40
nodes : 213186836.000000
filtered : 980206552.000000
time : 1000.000061
