Parameters: GAD=1 vflib=1 dir=1 label=1 lowerbound=1 fileNameGp=../../cp2016-max-common-connected-subgraph-paper/datasets/graphsdb/mcs50/m3D/m3D/mcs50_m3D_s50.A03 fileNameGt=../../cp2016-max-common-connected-subgraph-paper/datasets/graphsdb/mcs50/m3D/m3D/mcs50_m3D_s50.B03
Reading graphs...
50 : 109
50 : 109
Initializing...
maxdom : 8
D->valSize : 321
Solving...
Blb : 5 (clique : 18)
currentSize : 18 <-- 0.002297 s
currentSize : 23 <-- 0.002411 s
currentSize : 24 <-- 0.002448 s
currentSize : 25 <-- 6.814689 s
currentSize : 26 <-- 6.816408 s
currentSize : 27 <-- 8.903314 s
currentSize : 28 <-- 8.905731 s

maxsize : 28
nodes : 2488528.000000
filtered : 25124043.000000
time : 10.833872
