Parameters: GAD=1 vflib=1 dir=1 label=1 lowerbound=1 fileNameGp=../../cp2016-max-common-connected-subgraph-paper/datasets/graphsdb/mcs50/rand/r005/mcs50_r005_s80.A07 fileNameGt=../../cp2016-max-common-connected-subgraph-paper/datasets/graphsdb/mcs50/rand/r005/mcs50_r005_s80.B07
Reading graphs...
80 : 315
80 : 315
Initializing...
maxdom : 8
D->valSize : 430
Solving...
Blb : 2 (clique : 29)
currentSize : 29 <-- 0.006579 s
currentSize : 31 <-- 0.156129 s
currentSize : 32 <-- 2.916012 s
currentSize : 34 <-- 2.916667 s
currentSize : 35 <-- 36.965813 s
currentSize : 37 <-- 36.965935 s
currentSize : 40 <-- 38.930111 s

maxsize : 40
nodes : 14411360.000000
filtered : 162383601.000000
time : 83.483246
