Parameters: GAD=1 vflib=1 dir=1 label=1 lowerbound=1 fileNameGp=../../cp2016-max-common-connected-subgraph-paper/datasets/graphsdb/mcs50/m2D/m2Dr2/mcs50_m2Dr2_s70.A08 fileNameGt=../../cp2016-max-common-connected-subgraph-paper/datasets/graphsdb/mcs50/m2D/m2Dr2/mcs50_m2Dr2_s70.B08
Reading graphs...
70 : 137
70 : 137
Initializing...
maxdom : 6
D->valSize : 318
Solving...
Blb : 2 (clique : 35)
currentSize : 35 <-- 0.004120 s
currentSize : 36 <-- 0.007752 s
currentSize : 37 <-- 0.026250 s
currentSize : 38 <-- 0.026788 s
currentSize : 39 <-- 0.113607 s
currentSize : 40 <-- 0.115999 s

maxsize : 40
nodes : 41810422.000000
filtered : 285555074.000000
time : 194.981659
