Parameters: GAD=1 vflib=1 dir=1 label=1 lowerbound=1 fileNameGp=../../cp2016-max-common-connected-subgraph-paper/datasets/graphsdb/mcs50/bvg/b03/mcs50_b03_s90.A00 fileNameGt=../../cp2016-max-common-connected-subgraph-paper/datasets/graphsdb/mcs50/bvg/b03/mcs50_b03_s90.B00
Reading graphs...
90 : 135
90 : 135
Initializing...
maxdom : 11
D->valSize : 575
Solving...
Blb : 5 (clique : 35)
currentSize : 35 <-- 0.007104 s
currentSize : 40 <-- 0.007409 s
currentSize : 42 <-- 0.008030 s
currentSize : 43 <-- 0.713604 s
currentSize : 44 <-- 4.173410 s
currentSize : 45 <-- 6.233585 s
currentSize : 46 <-- 80.608704 s

TIMEOUT
maxsize : 46
nodes : 185031749.000000
filtered : 1245872680.000000
time : 1000.000061
