Parameters: GAD=1 vflib=1 dir=1 label=1 lowerbound=1 fileNameGp=../../cp2016-max-common-connected-subgraph-paper/datasets/graphsdb/mcs50/bvg/b06m/mcs50_b06m_s60.A02 fileNameGt=../../cp2016-max-common-connected-subgraph-paper/datasets/graphsdb/mcs50/bvg/b06m/mcs50_b06m_s60.B02
Reading graphs...
60 : 180
60 : 180
Initializing...
maxdom : 6
D->valSize : 256
Solving...
Blb : 5 (clique : 22)
currentSize : 22 <-- 0.002168 s
currentSize : 23 <-- 0.002709 s
currentSize : 24 <-- 0.004207 s
currentSize : 25 <-- 0.010364 s
currentSize : 26 <-- 0.010448 s
currentSize : 27 <-- 0.367598 s
currentSize : 29 <-- 1.475635 s
currentSize : 30 <-- 1.475661 s

maxsize : 30
nodes : 2718602.000000
filtered : 8377522.000000
time : 9.514079
