Parameters: GAD=1 vflib=1 dir=1 label=1 lowerbound=1 fileNameGp=../../cp2016-max-common-connected-subgraph-paper/datasets/graphsdb/mcs50/bvg/b06m/mcs50_b06m_s70.A00 fileNameGt=../../cp2016-max-common-connected-subgraph-paper/datasets/graphsdb/mcs50/bvg/b06m/mcs50_b06m_s70.B00
Reading graphs...
70 : 210
70 : 210
Initializing...
maxdom : 9
D->valSize : 339
Solving...
Blb : 3 (clique : 24)
currentSize : 24 <-- 0.002760 s
currentSize : 25 <-- 0.003036 s
currentSize : 26 <-- 0.003081 s
currentSize : 27 <-- 0.949391 s
currentSize : 28 <-- 2.394007 s
currentSize : 29 <-- 8.346544 s
currentSize : 30 <-- 18.137783 s
currentSize : 31 <-- 18.251440 s
currentSize : 33 <-- 18.255140 s
currentSize : 34 <-- 51.274273 s
currentSize : 35 <-- 51.274342 s

maxsize : 35
nodes : 21499181.000000
filtered : 118538338.000000
time : 89.873756
