Parameters: GAD=1 vflib=1 dir=1 label=1 lowerbound=1 fileNameGp=../../cp2016-max-common-connected-subgraph-paper/datasets/graphsdb/mcs50/m2D/m2Dr2/mcs50_m2Dr2_s80.A06 fileNameGt=../../cp2016-max-common-connected-subgraph-paper/datasets/graphsdb/mcs50/m2D/m2Dr2/mcs50_m2Dr2_s80.B06
Reading graphs...
80 : 158
80 : 157
Initializing...
maxdom : 9
D->valSize : 426
Solving...
Blb : 2 (clique : 30)
currentSize : 30 <-- 0.004285 s
currentSize : 31 <-- 3.854864 s
currentSize : 32 <-- 39.386719 s
currentSize : 34 <-- 655.752075 s
currentSize : 35 <-- 655.756775 s
currentSize : 36 <-- 657.445557 s

TIMEOUT
maxsize : 36
nodes : 211580787.000000
filtered : 1585785849.000000
time : 1000.000000
