Parameters: GAD=1 vflib=1 dir=1 label=1 lowerbound=1 fileNameGp=../../cp2016-max-common-connected-subgraph-paper/datasets/graphsdb/mcs50/bvg/b03/mcs50_b03_s60.A06 fileNameGt=../../cp2016-max-common-connected-subgraph-paper/datasets/graphsdb/mcs50/bvg/b03/mcs50_b03_s60.B06
Reading graphs...
60 : 90
60 : 90
Initializing...
maxdom : 8
D->valSize : 275
Solving...
Blb : 3 (clique : 25)
currentSize : 25 <-- 0.002076 s
currentSize : 26 <-- 0.014522 s
currentSize : 27 <-- 2.578953 s
currentSize : 28 <-- 10.011662 s
currentSize : 29 <-- 16.843636 s
currentSize : 30 <-- 33.434505 s
currentSize : 31 <-- 42.423668 s
currentSize : 32 <-- 72.153755 s

maxsize : 32
nodes : 17185383.000000
filtered : 141821928.000000
time : 74.043137
