Parameters: GAD=1 vflib=1 dir=1 label=1 lowerbound=1 fileNameGp=../../cp2016-max-common-connected-subgraph-paper/datasets/graphsdb/mcs50/bvg/b06m/mcs50_b06m_s40.A02 fileNameGt=../../cp2016-max-common-connected-subgraph-paper/datasets/graphsdb/mcs50/bvg/b06m/mcs50_b06m_s40.B02
Reading graphs...
40 : 120
40 : 120
Initializing...
maxdom : 11
D->valSize : 219
Solving...
Blb : 5 (clique : 11)
currentSize : 11 <-- 0.001837 s
currentSize : 12 <-- 0.003910 s
currentSize : 13 <-- 0.029086 s
currentSize : 14 <-- 0.102352 s
currentSize : 15 <-- 0.102402 s
currentSize : 16 <-- 0.175766 s
currentSize : 18 <-- 0.242556 s
currentSize : 19 <-- 0.242615 s
currentSize : 20 <-- 0.249900 s
currentSize : 21 <-- 0.249981 s
currentSize : 22 <-- 0.250059 s

maxsize : 22
nodes : 62259.000000
filtered : 634881.000000
time : 0.263478
