Parameters: GAD=1 vflib=1 dir=1 label=1 lowerbound=1 fileNameGp=../../cp2016-max-common-connected-subgraph-paper/datasets/graphsdb/mcs50/bvg/b06/mcs50_b06_s80.A05 fileNameGt=../../cp2016-max-common-connected-subgraph-paper/datasets/graphsdb/mcs50/bvg/b06/mcs50_b06_s80.B05
Reading graphs...
80 : 240
80 : 240
Initializing...
maxdom : 12
D->valSize : 487
Solving...
Blb : 2 (clique : 27)
currentSize : 27 <-- 0.007868 s
currentSize : 28 <-- 0.008208 s
currentSize : 30 <-- 0.008394 s
currentSize : 31 <-- 0.014481 s
currentSize : 32 <-- 0.016708 s
currentSize : 33 <-- 2.220989 s
currentSize : 34 <-- 2.222130 s
currentSize : 35 <-- 2.226221 s
currentSize : 36 <-- 2.226328 s
currentSize : 37 <-- 2.343320 s
currentSize : 38 <-- 4.877826 s
currentSize : 39 <-- 4.925972 s
currentSize : 40 <-- 4.927307 s
currentSize : 41 <-- 4.931727 s
currentSize : 42 <-- 4.932279 s
currentSize : 43 <-- 4.932439 s

maxsize : 43
nodes : 23859795.000000
filtered : 270282970.000000
time : 144.708466
