Parameters: GAD=1 vflib=1 dir=1 label=1 lowerbound=1 fileNameGp=../../cp2016-max-common-connected-subgraph-paper/datasets/graphsdb/mcs50/m2D/m2Dr6/mcs50_m2Dr6_s80.A01 fileNameGt=../../cp2016-max-common-connected-subgraph-paper/datasets/graphsdb/mcs50/m2D/m2Dr6/mcs50_m2Dr6_s80.B01
Reading graphs...
80 : 190
80 : 189
Initializing...
maxdom : 13
D->valSize : 456
Solving...
Blb : 2 (clique : 24)
currentSize : 24 <-- 0.004513 s
currentSize : 26 <-- 0.004694 s
currentSize : 27 <-- 0.005102 s
currentSize : 28 <-- 0.007644 s
currentSize : 29 <-- 1.039547 s
currentSize : 31 <-- 2.183349 s
currentSize : 32 <-- 3.425905 s
currentSize : 33 <-- 6.906953 s
currentSize : 34 <-- 6.908271 s
currentSize : 35 <-- 21.646000 s
currentSize : 37 <-- 21.647568 s
currentSize : 38 <-- 24.338884 s
currentSize : 39 <-- 24.338984 s
currentSize : 40 <-- 282.494629 s

maxsize : 40
nodes : 113375364.000000
filtered : 1328741438.000000
time : 696.610229
