Parameters: GAD=1 vflib=1 dir=1 label=1 lowerbound=1 fileNameGp=../../cp2016-max-common-connected-subgraph-paper/datasets/graphsdb/mcs50/bvg/b06/mcs50_b06_s60.A07 fileNameGt=../../cp2016-max-common-connected-subgraph-paper/datasets/graphsdb/mcs50/bvg/b06/mcs50_b06_s60.B07
Reading graphs...
60 : 180
60 : 180
Initializing...
maxdom : 6
D->valSize : 262
Solving...
Blb : 5 (clique : 18)
currentSize : 18 <-- 0.002655 s
currentSize : 19 <-- 0.369660 s
currentSize : 20 <-- 0.369740 s
currentSize : 21 <-- 1.169629 s
currentSize : 22 <-- 1.371893 s
currentSize : 23 <-- 1.384818 s
currentSize : 24 <-- 1.385696 s
currentSize : 26 <-- 1.696630 s
currentSize : 29 <-- 1.705603 s
currentSize : 30 <-- 1.706327 s

maxsize : 30
nodes : 700781.000000
filtered : 4300387.000000
time : 2.860055
