Parameters: GAD=1 vflib=1 dir=1 label=1 lowerbound=1 fileNameGp=../../cp2016-max-common-connected-subgraph-paper/datasets/graphsdb/mcs50/rand/r001/mcs50_r001_s100.A05 fileNameGt=../../cp2016-max-common-connected-subgraph-paper/datasets/graphsdb/mcs50/rand/r001/mcs50_r001_s100.B05
Reading graphs...
100 : 124
100 : 124
Initializing...
maxdom : 7
D->valSize : 351
Solving...
Blb : 2 (clique : 44)
currentSize : 44 <-- 0.003740 s
currentSize : 45 <-- 362.905975 s
currentSize : 46 <-- 563.781128 s
currentSize : 47 <-- 577.139893 s
currentSize : 48 <-- 815.621643 s
currentSize : 49 <-- 935.256653 s

TIMEOUT
maxsize : 49
nodes : 231156261.000000
filtered : 872313930.000000
time : 1000.000061
