Parameters: GAD=1 vflib=1 dir=1 label=1 lowerbound=1 fileNameGp=../../cp2016-max-common-connected-subgraph-paper/datasets/graphsdb/mcs50/bvg/b06m/mcs50_b06m_s70.A04 fileNameGt=../../cp2016-max-common-connected-subgraph-paper/datasets/graphsdb/mcs50/bvg/b06m/mcs50_b06m_s70.B04
Reading graphs...
70 : 210
70 : 210
Initializing...
maxdom : 6
D->valSize : 321
Solving...
Blb : 3 (clique : 24)
currentSize : 24 <-- 0.003914 s
currentSize : 25 <-- 5.180057 s
currentSize : 26 <-- 5.181165 s
currentSize : 27 <-- 5.188950 s
currentSize : 28 <-- 15.786819 s
currentSize : 29 <-- 15.788270 s
currentSize : 30 <-- 30.315716 s
currentSize : 32 <-- 38.685005 s
currentSize : 33 <-- 38.688133 s
currentSize : 34 <-- 38.693893 s
currentSize : 35 <-- 38.694187 s
currentSize : 36 <-- 61.826023 s

maxsize : 36
nodes : 17018191.000000
filtered : 111119885.000000
time : 79.203384
