Parameters: GAD=1 vflib=1 dir=1 label=1 lowerbound=1 fileNameGp=../../cp2016-max-common-connected-subgraph-paper/datasets/graphsdb/mcs50/bvg/b09m/mcs50_b09m_s80.A08 fileNameGt=../../cp2016-max-common-connected-subgraph-paper/datasets/graphsdb/mcs50/bvg/b09m/mcs50_b09m_s80.B08
Reading graphs...
80 : 360
80 : 360
Initializing...
maxdom : 10
D->valSize : 445
Solving...
Blb : 3 (clique : 27)
currentSize : 27 <-- 0.006589 s
currentSize : 28 <-- 1.223482 s
currentSize : 29 <-- 1.223753 s
currentSize : 30 <-- 1.248634 s
currentSize : 31 <-- 12.222475 s
currentSize : 34 <-- 12.222632 s
currentSize : 36 <-- 12.229391 s
currentSize : 37 <-- 12.229495 s
currentSize : 39 <-- 12.285727 s
currentSize : 40 <-- 12.319535 s
currentSize : 41 <-- 12.319704 s

maxsize : 41
nodes : 24848199.000000
filtered : 108702827.000000
time : 107.400734
