Parameters: GAD=1 vflib=1 dir=1 label=1 lowerbound=1 fileNameGp=../../cp2016-max-common-connected-subgraph-paper/datasets/graphsdb/mcs50/m2D/m2D/mcs50_m2D_s60.A07 fileNameGt=../../cp2016-max-common-connected-subgraph-paper/datasets/graphsdb/mcs50/m2D/m2D/mcs50_m2D_s60.B07
Reading graphs...
60 : 104
60 : 104
Initializing...
maxdom : 6
D->valSize : 244
Solving...
Blb : 2 (clique : 23)
currentSize : 23 <-- 0.001829 s
currentSize : 24 <-- 0.017509 s
currentSize : 25 <-- 0.059654 s
currentSize : 26 <-- 0.384803 s
currentSize : 27 <-- 239.670105 s
currentSize : 28 <-- 239.683838 s
currentSize : 29 <-- 243.970123 s

maxsize : 29
nodes : 94412576.000000
filtered : 668653495.000000
time : 390.618073
