Parameters: GAD=1 vflib=1 dir=1 label=1 lowerbound=1 fileNameGp=../../cp2016-max-common-connected-subgraph-paper/datasets/graphsdb/mcs50/rand/r01/mcs50_r01_s60.A08 fileNameGt=../../cp2016-max-common-connected-subgraph-paper/datasets/graphsdb/mcs50/rand/r01/mcs50_r01_s60.B08
Reading graphs...
60 : 353
60 : 353
Initializing...
maxdom : 9
D->valSize : 245
Solving...
Blb : 2 (clique : 12)
currentSize : 12 <-- 0.001652 s
currentSize : 13 <-- 0.001818 s
currentSize : 14 <-- 0.005485 s
currentSize : 16 <-- 0.006113 s
currentSize : 17 <-- 0.008466 s
currentSize : 18 <-- 0.014482 s
currentSize : 22 <-- 0.016613 s
currentSize : 23 <-- 0.052191 s
currentSize : 24 <-- 0.082736 s
currentSize : 26 <-- 0.086419 s
currentSize : 30 <-- 0.086539 s

maxsize : 30
nodes : 27406.000000
filtered : 270166.000000
time : 0.120248
