Parameters: GAD=1 vflib=1 dir=1 label=1 lowerbound=1 fileNameGp=../../cp2016-max-common-connected-subgraph-paper/datasets/graphsdb/mcs50/bvg/b09m/mcs50_b09m_s80.A00 fileNameGt=../../cp2016-max-common-connected-subgraph-paper/datasets/graphsdb/mcs50/bvg/b09m/mcs50_b09m_s80.B00
Reading graphs...
80 : 360
80 : 360
Initializing...
maxdom : 8
D->valSize : 446
Solving...
Blb : 2 (clique : 35)
currentSize : 35 <-- 0.004303 s
currentSize : 36 <-- 0.004516 s
currentSize : 37 <-- 0.007558 s
currentSize : 38 <-- 0.007642 s
currentSize : 39 <-- 0.037733 s
currentSize : 40 <-- 0.037829 s

maxsize : 40
nodes : 33571069.000000
filtered : 207598952.000000
time : 165.462189
