Parameters: GAD=1 vflib=1 dir=1 label=1 lowerbound=1 fileNameGp=../../cp2016-max-common-connected-subgraph-paper/datasets/graphsdb/mcs50/rand/r005/mcs50_r005_s60.A05 fileNameGt=../../cp2016-max-common-connected-subgraph-paper/datasets/graphsdb/mcs50/rand/r005/mcs50_r005_s60.B05
Reading graphs...
60 : 176
60 : 176
Initializing...
maxdom : 6
D->valSize : 247
Solving...
Blb : 2 (clique : 16)
currentSize : 16 <-- 0.001679 s
currentSize : 17 <-- 0.002220 s
currentSize : 18 <-- 0.002292 s
currentSize : 21 <-- 0.004239 s
currentSize : 22 <-- 0.016099 s
currentSize : 23 <-- 0.019163 s
currentSize : 24 <-- 0.019618 s
currentSize : 25 <-- 0.143325 s
currentSize : 27 <-- 0.217746 s
currentSize : 28 <-- 0.217797 s
currentSize : 29 <-- 0.737374 s
currentSize : 30 <-- 0.737427 s

maxsize : 30
nodes : 415784.000000
filtered : 3418536.000000
time : 1.839508
