Parameters: GAD=1 vflib=1 dir=1 label=1 lowerbound=1 fileNameGp=../../cp2016-max-common-connected-subgraph-paper/datasets/graphsdb/mcs50/bvg/b09/mcs50_b09_s70.A02 fileNameGt=../../cp2016-max-common-connected-subgraph-paper/datasets/graphsdb/mcs50/bvg/b09/mcs50_b09_s70.B02
Reading graphs...
70 : 315
70 : 315
Initializing...
maxdom : 10
D->valSize : 368
Solving...
Blb : 3 (clique : 20)
currentSize : 20 <-- 0.003083 s
currentSize : 21 <-- 0.006763 s
currentSize : 22 <-- 0.024165 s
currentSize : 23 <-- 0.024752 s
currentSize : 24 <-- 0.356504 s
currentSize : 25 <-- 2.597172 s
currentSize : 26 <-- 4.490422 s
currentSize : 27 <-- 4.490504 s
currentSize : 29 <-- 4.490660 s
currentSize : 30 <-- 4.490991 s
currentSize : 31 <-- 4.514266 s
currentSize : 32 <-- 4.515359 s
currentSize : 33 <-- 4.515421 s
currentSize : 34 <-- 4.515944 s

maxsize : 34
nodes : 3611350.000000
filtered : 22629825.000000
time : 16.026411
