Parameters: GAD=1 vflib=1 dir=1 label=1 lowerbound=1 fileNameGp=../../cp2016-max-common-connected-subgraph-paper/datasets/graphsdb/mcs50/m2D/m2Dr4/mcs50_m2Dr4_s60.A07 fileNameGt=../../cp2016-max-common-connected-subgraph-paper/datasets/graphsdb/mcs50/m2D/m2Dr4/mcs50_m2Dr4_s60.B07
Reading graphs...
60 : 128
60 : 125
Initializing...
maxdom : 7
D->valSize : 233
Solving...
Blb : 2 (clique : 22)
currentSize : 22 <-- 0.001793 s
currentSize : 23 <-- 0.002697 s
currentSize : 24 <-- 0.034619 s
currentSize : 25 <-- 0.353050 s
currentSize : 26 <-- 73.752739 s
currentSize : 27 <-- 143.118454 s
currentSize : 28 <-- 143.162643 s
currentSize : 29 <-- 166.384369 s

maxsize : 29
nodes : 49398476.000000
filtered : 326923971.000000
time : 197.824234
