Parameters: GAD=1 vflib=1 dir=1 label=1 lowerbound=1 fileNameGp=../../cp2016-max-common-connected-subgraph-paper/datasets/graphsdb/mcs50/m2D/m2Dr4/mcs50_m2Dr4_s70.A01 fileNameGt=../../cp2016-max-common-connected-subgraph-paper/datasets/graphsdb/mcs50/m2D/m2Dr4/mcs50_m2Dr4_s70.B01
Reading graphs...
70 : 151
70 : 150
Initializing...
maxdom : 7
D->valSize : 350
Solving...
Blb : 2 (clique : 22)
currentSize : 22 <-- 0.003044 s
currentSize : 23 <-- 0.003235 s
currentSize : 24 <-- 0.243508 s
currentSize : 25 <-- 0.765180 s
currentSize : 26 <-- 1.435156 s
currentSize : 27 <-- 2.887541 s
currentSize : 28 <-- 2.890318 s
currentSize : 29 <-- 6.883634 s
currentSize : 30 <-- 6.883880 s
currentSize : 31 <-- 6.898662 s
currentSize : 32 <-- 6.899895 s
currentSize : 33 <-- 26.455118 s
currentSize : 34 <-- 61.048695 s
currentSize : 35 <-- 61.048847 s
currentSize : 36 <-- 63.069492 s
currentSize : 37 <-- 84.876427 s
currentSize : 38 <-- 135.190079 s

maxsize : 38
nodes : 80122610.000000
filtered : 549805006.000000
time : 397.142059
