Parameters: GAD=1 vflib=1 dir=1 label=1 lowerbound=1 fileNameGp=../../cp2016-max-common-connected-subgraph-paper/datasets/graphsdb/mcs50/rand/r01/mcs50_r01_s100.A07 fileNameGt=../../cp2016-max-common-connected-subgraph-paper/datasets/graphsdb/mcs50/rand/r01/mcs50_r01_s100.B07
Reading graphs...
100 : 989
100 : 989
Initializing...
maxdom : 9
D->valSize : 348
Solving...
Blb : 2 (clique : 21)
currentSize : 21 <-- 0.003346 s
currentSize : 24 <-- 0.004271 s
currentSize : 25 <-- 0.005629 s
currentSize : 34 <-- 0.008052 s
currentSize : 35 <-- 0.018533 s
currentSize : 38 <-- 0.028089 s
currentSize : 50 <-- 0.033051 s

maxsize : 50
nodes : 22091.000000
filtered : 226166.000000
time : 0.143529
