Parameters: GAD=1 vflib=1 dir=1 label=1 lowerbound=1 fileNameGp=../../cp2016-max-common-connected-subgraph-paper/datasets/graphsdb/mcs50/m2D/m2Dr6/mcs50_m2Dr6_s100.A02 fileNameGt=../../cp2016-max-common-connected-subgraph-paper/datasets/graphsdb/mcs50/m2D/m2Dr6/mcs50_m2Dr6_s100.B02
Reading graphs...
100 : 240
100 : 239
Initializing...
maxdom : 7
D->valSize : 386
Solving...
Blb : 2 (clique : 39)
currentSize : 39 <-- 0.004221 s
currentSize : 40 <-- 0.004877 s
currentSize : 41 <-- 0.007664 s
currentSize : 42 <-- 0.016020 s
currentSize : 43 <-- 5.498468 s
currentSize : 44 <-- 5.498524 s
currentSize : 45 <-- 5.545796 s
currentSize : 46 <-- 222.567841 s
currentSize : 48 <-- 222.579742 s
currentSize : 49 <-- 223.247314 s
currentSize : 50 <-- 231.593582 s

TIMEOUT
maxsize : 50
nodes : 223777789.000000
filtered : 534260827.000000
time : 1000.000061
