Parameters: GAD=1 vflib=1 dir=1 label=1 lowerbound=1 fileNameGp=../../cp2016-max-common-connected-subgraph-paper/datasets/graphsdb/mcs50/rand/r005/mcs50_r005_s100.A03 fileNameGt=../../cp2016-max-common-connected-subgraph-paper/datasets/graphsdb/mcs50/rand/r005/mcs50_r005_s100.B03
Reading graphs...
100 : 494
100 : 494
Initializing...
maxdom : 7
D->valSize : 378
Solving...
Blb : 2 (clique : 21)
currentSize : 21 <-- 0.003636 s
currentSize : 22 <-- 0.003877 s
currentSize : 23 <-- 0.004518 s
currentSize : 25 <-- 0.004569 s
currentSize : 26 <-- 0.006967 s
currentSize : 27 <-- 0.023179 s
currentSize : 28 <-- 0.023441 s
currentSize : 30 <-- 0.062343 s
currentSize : 31 <-- 0.064649 s
currentSize : 32 <-- 0.095995 s
currentSize : 33 <-- 0.134151 s
currentSize : 34 <-- 0.137497 s
currentSize : 35 <-- 0.848900 s
currentSize : 37 <-- 0.858233 s
currentSize : 38 <-- 0.886781 s
currentSize : 40 <-- 0.887359 s
currentSize : 41 <-- 6.891983 s
currentSize : 43 <-- 6.892140 s
currentSize : 44 <-- 6.893923 s
currentSize : 46 <-- 6.894077 s
currentSize : 47 <-- 6.906273 s
currentSize : 50 <-- 6.906689 s

maxsize : 50
nodes : 4120352.000000
filtered : 33287327.000000
time : 26.129164
