Parameters: GAD=1 vflib=1 dir=1 label=1 lowerbound=1 fileNameGp=../../cp2016-max-common-connected-subgraph-paper/datasets/graphsdb/mcs50/bvg/b06m/mcs50_b06m_s70.A03 fileNameGt=../../cp2016-max-common-connected-subgraph-paper/datasets/graphsdb/mcs50/bvg/b06m/mcs50_b06m_s70.B03
Reading graphs...
70 : 210
70 : 210
Initializing...
maxdom : 7
D->valSize : 313
Solving...
Blb : 5 (clique : 23)
currentSize : 23 <-- 0.002587 s
currentSize : 26 <-- 0.006582 s
currentSize : 27 <-- 0.038217 s
currentSize : 28 <-- 0.038460 s
currentSize : 29 <-- 0.081877 s
currentSize : 30 <-- 0.082114 s
currentSize : 31 <-- 1.236429 s
currentSize : 33 <-- 4.212033 s
currentSize : 34 <-- 4.212968 s
currentSize : 35 <-- 4.213127 s

maxsize : 35
nodes : 5552866.000000
filtered : 33063029.000000
time : 23.299192
