Parameters: GAD=1 vflib=1 dir=1 label=1 lowerbound=1 fileNameGp=../../cp2016-max-common-connected-subgraph-paper/datasets/graphsdb/mcs50/m2D/m2Dr2/mcs50_m2Dr2_s100.A07 fileNameGt=../../cp2016-max-common-connected-subgraph-paper/datasets/graphsdb/mcs50/m2D/m2Dr2/mcs50_m2Dr2_s100.B07
Reading graphs...
100 : 200
100 : 199
Initializing...
maxdom : 7
D->valSize : 363
Solving...
Blb : 2 (clique : 34)
currentSize : 34 <-- 0.003852 s
currentSize : 35 <-- 0.004139 s
currentSize : 36 <-- 0.004250 s
currentSize : 37 <-- 0.004353 s
currentSize : 38 <-- 0.005266 s
currentSize : 39 <-- 0.006525 s
currentSize : 40 <-- 0.036479 s
currentSize : 41 <-- 0.485168 s
currentSize : 42 <-- 0.485280 s
currentSize : 43 <-- 1.061124 s
currentSize : 44 <-- 1.212496 s

TIMEOUT
maxsize : 44
nodes : 207850560.000000
filtered : 568619848.000000
time : 1000.000061
