Parameters: GAD=1 vflib=1 dir=1 label=1 lowerbound=1 fileNameGp=../../cp2016-max-common-connected-subgraph-paper/datasets/graphsdb/mcs50/m2D/m2Dr6/mcs50_m2Dr6_s90.A09 fileNameGt=../../cp2016-max-common-connected-subgraph-paper/datasets/graphsdb/mcs50/m2D/m2Dr6/mcs50_m2Dr6_s90.B09
Reading graphs...
90 : 215
90 : 212
Initializing...
maxdom : 9
D->valSize : 555
Solving...
Blb : 2 (clique : 30)
currentSize : 30 <-- 0.006552 s
currentSize : 31 <-- 0.095413 s
currentSize : 32 <-- 0.147578 s
currentSize : 33 <-- 0.814215 s
currentSize : 34 <-- 10.788576 s
currentSize : 35 <-- 231.041534 s
currentSize : 36 <-- 258.597076 s

TIMEOUT
maxsize : 36
nodes : 192682271.000000
filtered : 1763581832.000000
time : 1000.000000
