Parameters: GAD=1 vflib=1 dir=1 label=1 lowerbound=1 fileNameGp=../../cp2016-max-common-connected-subgraph-paper/datasets/graphsdb/mcs50/bvg/b06/mcs50_b06_s70.A04 fileNameGt=../../cp2016-max-common-connected-subgraph-paper/datasets/graphsdb/mcs50/bvg/b06/mcs50_b06_s70.B04
Reading graphs...
70 : 210
70 : 210
Initializing...
maxdom : 7
D->valSize : 322
Solving...
Blb : 2 (clique : 28)
currentSize : 28 <-- 0.002710 s
currentSize : 29 <-- 0.003092 s
currentSize : 31 <-- 0.034063 s
currentSize : 32 <-- 0.034155 s
currentSize : 33 <-- 0.041427 s
currentSize : 35 <-- 11.656377 s
currentSize : 36 <-- 11.657959 s

maxsize : 36
nodes : 9103848.000000
filtered : 66521339.000000
time : 46.506554
