Parameters: GAD=1 vflib=1 dir=1 label=1 lowerbound=1 fileNameGp=../../cp2016-max-common-connected-subgraph-paper/datasets/graphsdb/mcs50/bvg/b06m/mcs50_b06m_s100.A08 fileNameGt=../../cp2016-max-common-connected-subgraph-paper/datasets/graphsdb/mcs50/bvg/b06m/mcs50_b06m_s100.B08
Reading graphs...
100 : 300
100 : 300
Initializing...
maxdom : 6
D->valSize : 331
Solving...
Blb : 3 (clique : 40)
currentSize : 40 <-- 0.003286 s
currentSize : 41 <-- 0.003615 s
currentSize : 43 <-- 0.181632 s
currentSize : 45 <-- 1.400738 s
currentSize : 46 <-- 23.994429 s
currentSize : 47 <-- 24.000740 s
currentSize : 48 <-- 27.213856 s
currentSize : 49 <-- 27.215343 s
currentSize : 50 <-- 27.219044 s
currentSize : 51 <-- 812.345947 s

TIMEOUT
maxsize : 51
nodes : 204611930.000000
filtered : 644581272.000000
time : 1000.000061
