Parameters: GAD=1 vflib=1 dir=1 label=1 lowerbound=1 fileNameGp=../../cp2016-max-common-connected-subgraph-paper/datasets/graphsdb/mcs50/bvg/b09/mcs50_b09_s90.A08 fileNameGt=../../cp2016-max-common-connected-subgraph-paper/datasets/graphsdb/mcs50/bvg/b09/mcs50_b09_s90.B08
Reading graphs...
90 : 405
90 : 405
Initializing...
maxdom : 11
D->valSize : 570
Solving...
Blb : 2 (clique : 25)
currentSize : 25 <-- 0.006600 s
currentSize : 26 <-- 12.477748 s
currentSize : 27 <-- 95.584541 s
currentSize : 28 <-- 561.720703 s
currentSize : 30 <-- 561.742676 s
currentSize : 32 <-- 561.742737 s
currentSize : 34 <-- 562.104370 s

TIMEOUT
maxsize : 34
nodes : 173546100.000000
filtered : 1965127579.000000
time : 1000.000000
