Parameters: GAD=1 vflib=1 dir=1 label=1 lowerbound=1 fileNameGp=../../cp2016-max-common-connected-subgraph-paper/datasets/graphsdb/mcs50/rand/r005/mcs50_r005_s35.A05 fileNameGt=../../cp2016-max-common-connected-subgraph-paper/datasets/graphsdb/mcs50/rand/r005/mcs50_r005_s35.B05
Reading graphs...
35 : 62
35 : 62
Initializing...
maxdom : 8
D->valSize : 168
Solving...
Blb : 2 (clique : 11)
currentSize : 11 <-- 0.000833 s
currentSize : 12 <-- 0.000888 s
currentSize : 13 <-- 0.000922 s
currentSize : 14 <-- 0.124205 s
currentSize : 15 <-- 0.138189 s
currentSize : 16 <-- 0.305515 s
currentSize : 17 <-- 0.405653 s

maxsize : 17
nodes : 212957.000000
filtered : 1341551.000000
time : 0.594842
