Parameters: GAD=1 vflib=1 dir=1 label=1 lowerbound=1 fileNameGp=../../cp2016-max-common-connected-subgraph-paper/datasets/graphsdb/mcs50/m2D/m2D/mcs50_m2D_s90.A01 fileNameGt=../../cp2016-max-common-connected-subgraph-paper/datasets/graphsdb/mcs50/m2D/m2D/mcs50_m2D_s90.B01
Reading graphs...
90 : 161
90 : 161
Initializing...
maxdom : 10
D->valSize : 542
Solving...
Blb : 2 (clique : 44)
currentSize : 44 <-- 0.006535 s
currentSize : 45 <-- 0.080068 s
currentSize : 48 <-- 76.098869 s
currentSize : 49 <-- 76.099236 s
currentSize : 50 <-- 104.359077 s
currentSize : 51 <-- 422.775818 s

TIMEOUT
maxsize : 51
nodes : 221414974.000000
filtered : 854590728.000000
time : 1000.000061
