Parameters: GAD=1 vflib=1 dir=1 label=1 lowerbound=1 fileNameGp=../../cp2016-max-common-connected-subgraph-paper/datasets/graphsdb/mcs50/m2D/m2Dr6/mcs50_m2Dr6_s70.A05 fileNameGt=../../cp2016-max-common-connected-subgraph-paper/datasets/graphsdb/mcs50/m2D/m2Dr6/mcs50_m2Dr6_s70.B05
Reading graphs...
70 : 165
70 : 165
Initializing...
maxdom : 8
D->valSize : 344
Solving...
Blb : 2 (clique : 25)
currentSize : 25 <-- 0.004601 s
currentSize : 26 <-- 0.004838 s
currentSize : 27 <-- 0.021288 s
currentSize : 28 <-- 0.235787 s
currentSize : 29 <-- 1.515691 s
currentSize : 30 <-- 1.549713 s
currentSize : 31 <-- 8.580392 s
currentSize : 32 <-- 9.704092 s
currentSize : 33 <-- 26.741119 s
currentSize : 35 <-- 74.150146 s
currentSize : 36 <-- 74.150192 s
currentSize : 37 <-- 83.870735 s

maxsize : 37
nodes : 37129903.000000
filtered : 246842396.000000
time : 166.914124
