Parameters: GAD=1 vflib=1 dir=1 label=1 lowerbound=1 fileNameGp=../../cp2016-max-common-connected-subgraph-paper/datasets/graphsdb/mcs50/rand/r01/mcs50_r01_s90.A02 fileNameGt=../../cp2016-max-common-connected-subgraph-paper/datasets/graphsdb/mcs50/rand/r01/mcs50_r01_s90.B02
Reading graphs...
90 : 800
90 : 800
Initializing...
maxdom : 9
D->valSize : 552
Solving...
Blb : 2 (clique : 14)
currentSize : 14 <-- 0.006082 s
currentSize : 15 <-- 0.006215 s
currentSize : 19 <-- 0.009662 s
currentSize : 24 <-- 1.436737 s
currentSize : 29 <-- 1.507358 s
currentSize : 31 <-- 1.547626 s
currentSize : 32 <-- 1.547693 s
currentSize : 45 <-- 1.946880 s

maxsize : 45
nodes : 510846.000000
filtered : 6353433.000000
time : 3.030578
