Parameters: GAD=1 vflib=1 dir=1 label=1 lowerbound=1 fileNameGp=../../cp2016-max-common-connected-subgraph-paper/datasets/graphsdb/mcs50/bvg/b09m/mcs50_b09m_s100.A09 fileNameGt=../../cp2016-max-common-connected-subgraph-paper/datasets/graphsdb/mcs50/bvg/b09m/mcs50_b09m_s100.B09
Reading graphs...
100 : 450
100 : 450
Initializing...
maxdom : 6
D->valSize : 358
Solving...
Blb : 3 (clique : 33)
currentSize : 33 <-- 0.005402 s
currentSize : 34 <-- 0.007190 s
currentSize : 35 <-- 0.010574 s
currentSize : 36 <-- 0.011070 s
currentSize : 37 <-- 0.564990 s
currentSize : 38 <-- 4.366297 s
currentSize : 39 <-- 4.367240 s
currentSize : 40 <-- 4.370576 s
currentSize : 41 <-- 7.353652 s
currentSize : 43 <-- 7.519142 s
currentSize : 44 <-- 7.519820 s
currentSize : 45 <-- 7.522029 s
currentSize : 46 <-- 7.579529 s
currentSize : 48 <-- 7.579852 s
currentSize : 49 <-- 7.581967 s
currentSize : 50 <-- 7.586316 s

maxsize : 50
nodes : 62229634.000000
filtered : 235010424.000000
time : 318.235382
