Parameters: GAD=1 vflib=1 dir=1 label=1 lowerbound=1 fileNameGp=../../cp2016-max-common-connected-subgraph-paper/datasets/graphsdb/mcs50/m2D/m2D/mcs50_m2D_s50.A02 fileNameGt=../../cp2016-max-common-connected-subgraph-paper/datasets/graphsdb/mcs50/m2D/m2D/mcs50_m2D_s50.B02
Reading graphs...
50 : 85
50 : 85
Initializing...
maxdom : 14
D->valSize : 343
Solving...
Blb : 2 (clique : 21)
currentSize : 21 <-- 0.002768 s
currentSize : 22 <-- 0.024018 s
currentSize : 23 <-- 1.230311 s
currentSize : 24 <-- 1.617643 s
currentSize : 25 <-- 16.957134 s
currentSize : 26 <-- 19.439058 s
currentSize : 27 <-- 34.712543 s
currentSize : 28 <-- 34.905136 s

maxsize : 28
nodes : 14841714.000000
filtered : 190680939.000000
time : 64.496178
