Parameters: GAD=1 vflib=1 dir=1 label=1 lowerbound=1 fileNameGp=../../cp2016-max-common-connected-subgraph-paper/datasets/graphsdb/mcs50/m3D/m3Dr2/mcs50_m3Dr2_s60.A01 fileNameGt=../../cp2016-max-common-connected-subgraph-paper/datasets/graphsdb/mcs50/m3D/m3Dr2/mcs50_m3Dr2_s60.B01
Reading graphs...
60 : 146
60 : 146
Initializing...
maxdom : 7
D->valSize : 245
Solving...
Blb : 3 (clique : 23)
currentSize : 23 <-- 0.001632 s
currentSize : 24 <-- 0.180986 s
currentSize : 25 <-- 0.189149 s
currentSize : 26 <-- 0.431736 s
currentSize : 27 <-- 0.540049 s
currentSize : 28 <-- 0.707805 s

maxsize : 28
nodes : 3304249.000000
filtered : 23603055.000000
time : 14.104534
