Parameters: GAD=1 vflib=1 dir=1 label=1 lowerbound=1 fileNameGp=../../cp2016-max-common-connected-subgraph-paper/datasets/graphsdb/mcs50/m2D/m2Dr4/mcs50_m2Dr4_s90.A09 fileNameGt=../../cp2016-max-common-connected-subgraph-paper/datasets/graphsdb/mcs50/m2D/m2Dr4/mcs50_m2Dr4_s90.B09
Reading graphs...
90 : 197
90 : 195
Initializing...
maxdom : 9
D->valSize : 575
Solving...
Blb : 2 (clique : 31)
currentSize : 31 <-- 0.010900 s
currentSize : 34 <-- 0.011272 s
currentSize : 35 <-- 0.011294 s
currentSize : 36 <-- 0.011736 s
currentSize : 37 <-- 0.014844 s
currentSize : 38 <-- 0.014886 s
currentSize : 39 <-- 0.015792 s
currentSize : 40 <-- 0.024950 s
currentSize : 41 <-- 3.012902 s
currentSize : 42 <-- 8.572801 s

TIMEOUT
maxsize : 42
nodes : 174977834.000000
filtered : 1476560950.000000
time : 1000.000061
