Parameters: GAD=1 vflib=1 dir=1 label=1 lowerbound=1 fileNameGp=../../cp2016-max-common-connected-subgraph-paper/datasets/graphsdb/mcs50/m2D/m2Dr2/mcs50_m2Dr2_s70.A07 fileNameGt=../../cp2016-max-common-connected-subgraph-paper/datasets/graphsdb/mcs50/m2D/m2Dr2/mcs50_m2Dr2_s70.B07
Reading graphs...
70 : 137
70 : 137
Initializing...
maxdom : 11
D->valSize : 337
Solving...
Blb : 3 (clique : 23)
currentSize : 23 <-- 0.004516 s
currentSize : 24 <-- 0.233045 s
currentSize : 25 <-- 0.974625 s
currentSize : 26 <-- 1.632416 s
currentSize : 27 <-- 37.660702 s
currentSize : 28 <-- 37.660992 s
currentSize : 29 <-- 93.304497 s
currentSize : 30 <-- 93.578316 s
currentSize : 31 <-- 113.222862 s
currentSize : 32 <-- 145.293045 s
currentSize : 33 <-- 145.296173 s
currentSize : 34 <-- 147.581650 s
currentSize : 35 <-- 170.133682 s
currentSize : 36 <-- 182.759857 s
currentSize : 37 <-- 187.877533 s
currentSize : 38 <-- 187.877945 s

maxsize : 38
nodes : 63859472.000000
filtered : 373377486.000000
time : 269.391418
