Parameters: GAD=1 vflib=1 dir=1 label=1 lowerbound=1 fileNameGp=../../cp2016-max-common-connected-subgraph-paper/datasets/graphsdb/mcs50/m2D/m2Dr2/mcs50_m2Dr2_s90.A05 fileNameGt=../../cp2016-max-common-connected-subgraph-paper/datasets/graphsdb/mcs50/m2D/m2Dr2/mcs50_m2Dr2_s90.B05
Reading graphs...
90 : 179
90 : 177
Initializing...
maxdom : 11
D->valSize : 547
Solving...
Blb : 2 (clique : 41)
currentSize : 41 <-- 0.010169 s
currentSize : 43 <-- 0.010657 s
currentSize : 44 <-- 0.016070 s
currentSize : 46 <-- 1.017670 s
currentSize : 47 <-- 1.019313 s
currentSize : 49 <-- 3.688922 s

TIMEOUT
maxsize : 49
nodes : 168082770.000000
filtered : 1400025800.000000
time : 1000.000061
