Parameters: GAD=1 vflib=1 dir=1 label=1 lowerbound=1 fileNameGp=../../cp2016-max-common-connected-subgraph-paper/datasets/graphsdb/mcs50/rand/r005/mcs50_r005_s90.A06 fileNameGt=../../cp2016-max-common-connected-subgraph-paper/datasets/graphsdb/mcs50/rand/r005/mcs50_r005_s90.B06
Reading graphs...
90 : 399
90 : 399
Initializing...
maxdom : 10
D->valSize : 564
Solving...
Blb : 5 (clique : 21)
currentSize : 21 <-- 0.009761 s
currentSize : 22 <-- 0.099593 s
currentSize : 23 <-- 0.326442 s
currentSize : 24 <-- 0.394235 s
currentSize : 25 <-- 12.762160 s
currentSize : 26 <-- 16.204077 s
currentSize : 27 <-- 34.467972 s
currentSize : 28 <-- 60.918327 s
currentSize : 29 <-- 86.136833 s
currentSize : 30 <-- 104.553375 s
currentSize : 31 <-- 154.094910 s
currentSize : 32 <-- 154.095474 s
currentSize : 33 <-- 227.511353 s
currentSize : 34 <-- 227.511505 s
currentSize : 36 <-- 250.354279 s
currentSize : 37 <-- 250.354324 s
currentSize : 39 <-- 283.150848 s
currentSize : 40 <-- 349.372772 s
currentSize : 45 <-- 349.427765 s

maxsize : 45
nodes : 65464072.000000
filtered : 845344397.000000
time : 408.156342
