Parameters: GAD=1 vflib=1 dir=1 label=1 lowerbound=1 fileNameGp=../../cp2016-max-common-connected-subgraph-paper/datasets/graphsdb/mcs50/rand/r005/mcs50_r005_s80.A09 fileNameGt=../../cp2016-max-common-connected-subgraph-paper/datasets/graphsdb/mcs50/rand/r005/mcs50_r005_s80.B09
Reading graphs...
80 : 315
80 : 315
Initializing...
maxdom : 8
D->valSize : 424
Solving...
Blb : 2 (clique : 28)
currentSize : 28 <-- 0.006460 s
currentSize : 29 <-- 0.006793 s
currentSize : 30 <-- 0.006890 s
currentSize : 31 <-- 0.015325 s
currentSize : 32 <-- 0.016617 s
currentSize : 33 <-- 0.016904 s
currentSize : 34 <-- 0.016953 s
currentSize : 35 <-- 0.766242 s
currentSize : 36 <-- 0.781753 s
currentSize : 40 <-- 0.781961 s

maxsize : 40
nodes : 6533415.000000
filtered : 95360816.000000
time : 44.196053
