Parameters: GAD=1 vflib=1 dir=1 label=1 lowerbound=1 fileNameGp=../../cp2016-max-common-connected-subgraph-paper/datasets/graphsdb/mcs50/m2D/m2Dr2/mcs50_m2Dr2_s70.A09 fileNameGt=../../cp2016-max-common-connected-subgraph-paper/datasets/graphsdb/mcs50/m2D/m2Dr2/mcs50_m2Dr2_s70.B09
Reading graphs...
70 : 137
70 : 136
Initializing...
maxdom : 8
D->valSize : 321
Solving...
Blb : 2 (clique : 31)
currentSize : 31 <-- 0.002618 s
currentSize : 32 <-- 6.907009 s
currentSize : 33 <-- 17.106800 s
currentSize : 34 <-- 279.842865 s
currentSize : 35 <-- 279.843018 s
currentSize : 36 <-- 279.843872 s
currentSize : 37 <-- 279.889709 s
currentSize : 38 <-- 281.660309 s

maxsize : 38
nodes : 81910663.000000
filtered : 672993906.000000
time : 405.136719
