Parameters: GAD=1 vflib=1 dir=1 label=1 lowerbound=1 fileNameGp=../../cp2016-max-common-connected-subgraph-paper/datasets/graphsdb/mcs50/bvg/b06m/mcs50_b06m_s40.A03 fileNameGt=../../cp2016-max-common-connected-subgraph-paper/datasets/graphsdb/mcs50/bvg/b06m/mcs50_b06m_s40.B03
Reading graphs...
40 : 120
40 : 120
Initializing...
maxdom : 8
D->valSize : 219
Solving...
Blb : 2 (clique : 12)
currentSize : 12 <-- 0.001860 s
currentSize : 13 <-- 0.004684 s
currentSize : 14 <-- 0.033210 s
currentSize : 15 <-- 0.414455 s
currentSize : 16 <-- 0.438965 s
currentSize : 18 <-- 0.549594 s
currentSize : 19 <-- 0.549699 s
currentSize : 20 <-- 0.549750 s
currentSize : 21 <-- 0.549792 s

maxsize : 21
nodes : 170415.000000
filtered : 1649425.000000
time : 0.679482
