Parameters: GAD=1 vflib=1 dir=1 label=1 lowerbound=1 fileNameGp=../../cp2016-max-common-connected-subgraph-paper/datasets/graphsdb/mcs50/bvg/b09/mcs50_b09_s70.A06 fileNameGt=../../cp2016-max-common-connected-subgraph-paper/datasets/graphsdb/mcs50/bvg/b09/mcs50_b09_s70.B06
Reading graphs...
70 : 315
70 : 315
Initializing...
maxdom : 8
D->valSize : 348
Solving...
Blb : 2 (clique : 21)
currentSize : 21 <-- 0.004390 s
currentSize : 22 <-- 0.004687 s
currentSize : 23 <-- 0.004772 s
currentSize : 24 <-- 0.014165 s
currentSize : 26 <-- 5.480108 s
currentSize : 28 <-- 5.480286 s
currentSize : 29 <-- 5.481918 s
currentSize : 30 <-- 5.482249 s
currentSize : 31 <-- 5.520649 s
currentSize : 32 <-- 5.520692 s
currentSize : 33 <-- 5.526081 s
currentSize : 34 <-- 5.526133 s

maxsize : 34
nodes : 4639471.000000
filtered : 28544344.000000
time : 20.154509
