Parameters: GAD=1 vflib=1 dir=1 label=1 lowerbound=1 fileNameGp=../../cp2016-max-common-connected-subgraph-paper/datasets/graphsdb/mcs50/bvg/b06/mcs50_b06_s70.A03 fileNameGt=../../cp2016-max-common-connected-subgraph-paper/datasets/graphsdb/mcs50/bvg/b06/mcs50_b06_s70.B03
Reading graphs...
70 : 210
70 : 210
Initializing...
maxdom : 9
D->valSize : 350
Solving...
Blb : 2 (clique : 28)
currentSize : 28 <-- 0.004524 s
currentSize : 29 <-- 0.067235 s
currentSize : 30 <-- 0.496132 s
currentSize : 31 <-- 0.496244 s
currentSize : 32 <-- 0.556282 s
currentSize : 33 <-- 3.868563 s
currentSize : 34 <-- 3.868749 s
currentSize : 35 <-- 3.870587 s
currentSize : 36 <-- 112.919487 s

maxsize : 36
nodes : 35123752.000000
filtered : 256295432.000000
time : 168.151215
