Parameters: GAD=1 vflib=1 dir=1 label=1 lowerbound=1 fileNameGp=../../cp2016-max-common-connected-subgraph-paper/datasets/graphsdb/mcs50/bvg/b06m/mcs50_b06m_s60.A07 fileNameGt=../../cp2016-max-common-connected-subgraph-paper/datasets/graphsdb/mcs50/bvg/b06m/mcs50_b06m_s60.B07
Reading graphs...
60 : 180
60 : 180
Initializing...
maxdom : 7
D->valSize : 249
Solving...
Blb : 2 (clique : 17)
currentSize : 17 <-- 0.002566 s
currentSize : 18 <-- 0.002814 s
currentSize : 19 <-- 0.003125 s
currentSize : 20 <-- 0.003194 s
currentSize : 21 <-- 0.003244 s
currentSize : 23 <-- 0.009631 s
currentSize : 24 <-- 0.009691 s
currentSize : 25 <-- 0.085500 s
currentSize : 26 <-- 0.085553 s
currentSize : 27 <-- 0.089100 s
currentSize : 29 <-- 0.089157 s
currentSize : 30 <-- 0.531148 s
currentSize : 31 <-- 1.195617 s
currentSize : 33 <-- 2.609536 s

maxsize : 33
nodes : 870336.000000
filtered : 5617208.000000
time : 3.693277
