Parameters: GAD=1 vflib=1 dir=1 label=1 lowerbound=1 fileNameGp=../../cp2016-max-common-connected-subgraph-paper/datasets/graphsdb/mcs50/bvg/b06m/mcs50_b06m_s90.A04 fileNameGt=../../cp2016-max-common-connected-subgraph-paper/datasets/graphsdb/mcs50/bvg/b06m/mcs50_b06m_s90.B04
Reading graphs...
90 : 270
90 : 270
Initializing...
maxdom : 11
D->valSize : 555
Solving...
Blb : 2 (clique : 32)
currentSize : 32 <-- 0.006347 s
currentSize : 33 <-- 0.006637 s
currentSize : 34 <-- 0.007045 s
currentSize : 35 <-- 0.009973 s
currentSize : 38 <-- 0.020805 s
currentSize : 39 <-- 0.074509 s
currentSize : 40 <-- 1.250571 s

TIMEOUT
maxsize : 40
nodes : 179479510.000000
filtered : 1788409445.000000
time : 1000.000000
