Parameters: GAD=1 vflib=1 dir=1 label=1 lowerbound=1 fileNameGp=../../cp2016-max-common-connected-subgraph-paper/datasets/graphsdb/mcs50/bvg/b06/mcs50_b06_s80.A03 fileNameGt=../../cp2016-max-common-connected-subgraph-paper/datasets/graphsdb/mcs50/bvg/b06/mcs50_b06_s80.B03
Reading graphs...
80 : 240
80 : 240
Initializing...
maxdom : 8
D->valSize : 417
Solving...
Blb : 2 (clique : 24)
currentSize : 24 <-- 0.006393 s
currentSize : 25 <-- 8.622768 s
currentSize : 26 <-- 8.627821 s
currentSize : 27 <-- 99.393883 s
currentSize : 28 <-- 157.504791 s
currentSize : 29 <-- 303.972198 s
currentSize : 30 <-- 438.383453 s

TIMEOUT
maxsize : 30
nodes : 204754310.000000
filtered : 1518217528.000000
time : 1000.000000
