Parameters: GAD=1 vflib=1 dir=1 label=1 lowerbound=1 fileNameGp=../../cp2016-max-common-connected-subgraph-paper/datasets/graphsdb/mcs50/rand/r01/mcs50_r01_s100.A01 fileNameGt=../../cp2016-max-common-connected-subgraph-paper/datasets/graphsdb/mcs50/rand/r01/mcs50_r01_s100.B01
Reading graphs...
100 : 989
100 : 989
Initializing...
maxdom : 7
D->valSize : 353
Solving...
Blb : 2 (clique : 13)
currentSize : 13 <-- 0.003445 s
currentSize : 14 <-- 0.003568 s
currentSize : 17 <-- 0.004160 s
currentSize : 21 <-- 0.005620 s
currentSize : 23 <-- 0.030086 s
currentSize : 25 <-- 0.051038 s
currentSize : 28 <-- 0.075649 s
currentSize : 37 <-- 0.225188 s
currentSize : 41 <-- 0.512574 s
currentSize : 50 <-- 0.513078 s

maxsize : 50
nodes : 114541.000000
filtered : 1153492.000000
time : 0.775072
