Parameters: GAD=1 vflib=1 dir=1 label=1 lowerbound=1 fileNameGp=../../cp2016-max-common-connected-subgraph-paper/datasets/graphsdb/mcs50/bvg/b03/mcs50_b03_s90.A01 fileNameGt=../../cp2016-max-common-connected-subgraph-paper/datasets/graphsdb/mcs50/bvg/b03/mcs50_b03_s90.B01
Reading graphs...
90 : 135
90 : 135
Initializing...
maxdom : 11
D->valSize : 556
Solving...
Blb : 2 (clique : 38)
currentSize : 38 <-- 0.010872 s
currentSize : 39 <-- 0.197765 s
currentSize : 40 <-- 1.092151 s
currentSize : 41 <-- 8.122788 s
currentSize : 42 <-- 164.597748 s
currentSize : 43 <-- 164.611649 s
currentSize : 44 <-- 287.896667 s
currentSize : 45 <-- 354.977722 s

TIMEOUT
maxsize : 45
nodes : 232661894.000000
filtered : 2162715304.000000
time : 1000.000061
