Parameters: GAD=1 vflib=1 dir=1 label=1 lowerbound=1 fileNameGp=../../cp2016-max-common-connected-subgraph-paper/datasets/graphsdb/mcs50/rand/r005/mcs50_r005_s80.A00 fileNameGt=../../cp2016-max-common-connected-subgraph-paper/datasets/graphsdb/mcs50/rand/r005/mcs50_r005_s80.B00
Reading graphs...
80 : 315
80 : 315
Initializing...
maxdom : 9
D->valSize : 435
Solving...
Blb : 5 (clique : 24)
currentSize : 24 <-- 0.004177 s
currentSize : 25 <-- 0.370217 s
currentSize : 26 <-- 0.371116 s
currentSize : 27 <-- 1.982882 s
currentSize : 28 <-- 1.987078 s
currentSize : 29 <-- 4.603542 s
currentSize : 30 <-- 4.609630 s
currentSize : 32 <-- 13.299800 s
currentSize : 33 <-- 16.326803 s
currentSize : 35 <-- 27.081148 s
currentSize : 36 <-- 47.451633 s
currentSize : 38 <-- 60.488884 s
currentSize : 39 <-- 78.480927 s
currentSize : 40 <-- 78.481125 s

maxsize : 40
nodes : 13702047.000000
filtered : 146517965.000000
time : 81.349403
