Parameters: GAD=1 vflib=1 dir=1 label=1 lowerbound=1 fileNameGp=../../cp2016-max-common-connected-subgraph-paper/datasets/graphsdb/mcs50/bvg/b03m/mcs50_b03m_s60.A04 fileNameGt=../../cp2016-max-common-connected-subgraph-paper/datasets/graphsdb/mcs50/bvg/b03m/mcs50_b03m_s60.B04
Reading graphs...
60 : 90
60 : 90
Initializing...
maxdom : 8
D->valSize : 264
Solving...
Blb : 2 (clique : 24)
currentSize : 24 <-- 0.001945 s
currentSize : 25 <-- 0.002139 s
currentSize : 26 <-- 0.002864 s
currentSize : 27 <-- 0.005003 s
currentSize : 28 <-- 0.007010 s
currentSize : 29 <-- 0.007414 s
currentSize : 30 <-- 0.008600 s
currentSize : 31 <-- 0.026754 s
currentSize : 32 <-- 0.027509 s
currentSize : 33 <-- 0.088018 s
currentSize : 34 <-- 0.645890 s

maxsize : 34
nodes : 67781651.000000
filtered : 392925795.000000
time : 274.470459
