Parameters: GAD=1 vflib=1 dir=1 label=1 lowerbound=1 fileNameGp=../../cp2016-max-common-connected-subgraph-paper/datasets/graphsdb/mcs50/rand/r005/mcs50_r005_s70.A02 fileNameGt=../../cp2016-max-common-connected-subgraph-paper/datasets/graphsdb/mcs50/rand/r005/mcs50_r005_s70.B02
Reading graphs...
70 : 240
70 : 240
Initializing...
maxdom : 7
D->valSize : 336
Solving...
Blb : 3 (clique : 19)
currentSize : 19 <-- 0.002986 s
currentSize : 20 <-- 0.007604 s
currentSize : 21 <-- 0.041484 s
currentSize : 22 <-- 0.078358 s
currentSize : 23 <-- 0.144505 s
currentSize : 24 <-- 0.144531 s
currentSize : 25 <-- 4.580102 s
currentSize : 28 <-- 11.069939 s
currentSize : 29 <-- 90.693489 s
currentSize : 30 <-- 90.694565 s
currentSize : 31 <-- 90.694756 s
currentSize : 33 <-- 90.701744 s
currentSize : 35 <-- 90.702415 s

maxsize : 35
nodes : 19921950.000000
filtered : 219970570.000000
time : 106.178093
