Parameters: GAD=1 vflib=1 dir=1 label=1 lowerbound=1 fileNameGp=../../cp2016-max-common-connected-subgraph-paper/datasets/graphsdb/mcs50/bvg/b03m/mcs50_b03m_s50.A06 fileNameGt=../../cp2016-max-common-connected-subgraph-paper/datasets/graphsdb/mcs50/bvg/b03m/mcs50_b03m_s50.B06
Reading graphs...
50 : 75
50 : 75
Initializing...
maxdom : 8
D->valSize : 329
Solving...
Blb : 2 (clique : 22)
currentSize : 22 <-- 0.003901 s
currentSize : 25 <-- 0.004102 s
currentSize : 26 <-- 0.004155 s
currentSize : 27 <-- 0.008242 s
currentSize : 28 <-- 0.010603 s
currentSize : 29 <-- 0.021750 s

maxsize : 29
nodes : 80092608.000000
filtered : 1025367470.000000
time : 356.937469
