Parameters: GAD=1 vflib=1 dir=1 label=1 lowerbound=1 fileNameGp=../../cp2016-max-common-connected-subgraph-paper/datasets/graphsdb/mcs50/m2D/m2D/mcs50_m2D_s70.A04 fileNameGt=../../cp2016-max-common-connected-subgraph-paper/datasets/graphsdb/mcs50/m2D/m2D/mcs50_m2D_s70.B04
Reading graphs...
70 : 123
70 : 123
Initializing...
maxdom : 7
D->valSize : 324
Solving...
Blb : 2 (clique : 29)
currentSize : 29 <-- 0.002573 s
currentSize : 30 <-- 0.002772 s
currentSize : 31 <-- 0.083508 s
currentSize : 32 <-- 1.563958 s
currentSize : 33 <-- 1.614906 s
currentSize : 34 <-- 1.685251 s
currentSize : 35 <-- 12.470227 s
currentSize : 36 <-- 13.347678 s
currentSize : 37 <-- 41.921013 s
currentSize : 39 <-- 199.171082 s

TIMEOUT
maxsize : 39
nodes : 211297615.000000
filtered : 1384018814.000000
time : 1000.000000
