Parameters: GAD=1 vflib=1 dir=1 label=1 lowerbound=1 fileNameGp=../../cp2016-max-common-connected-subgraph-paper/datasets/graphsdb/mcs50/bvg/b03m/mcs50_b03m_s60.A08 fileNameGt=../../cp2016-max-common-connected-subgraph-paper/datasets/graphsdb/mcs50/bvg/b03m/mcs50_b03m_s60.B08
Reading graphs...
60 : 90
60 : 90
Initializing...
maxdom : 9
D->valSize : 268
Solving...
Blb : 3 (clique : 28)
currentSize : 28 <-- 0.002159 s
currentSize : 29 <-- 0.038421 s
currentSize : 30 <-- 0.056814 s
currentSize : 31 <-- 0.056920 s
currentSize : 32 <-- 0.121884 s
currentSize : 33 <-- 7.500380 s
currentSize : 34 <-- 7.961659 s

maxsize : 34
nodes : 4379404.000000
filtered : 32195884.000000
time : 19.378923
