Parameters: GAD=1 vflib=1 dir=1 label=1 lowerbound=1 fileNameGp=../../cp2016-max-common-connected-subgraph-paper/datasets/graphsdb/mcs50/rand/r01/mcs50_r01_s90.A05 fileNameGt=../../cp2016-max-common-connected-subgraph-paper/datasets/graphsdb/mcs50/rand/r01/mcs50_r01_s90.B05
Reading graphs...
90 : 800
90 : 800
Initializing...
maxdom : 9
D->valSize : 538
Solving...
Blb : 2 (clique : 15)
currentSize : 15 <-- 0.005615 s
currentSize : 16 <-- 0.043378 s
currentSize : 17 <-- 0.152213 s
currentSize : 18 <-- 0.226436 s
currentSize : 19 <-- 0.254279 s
currentSize : 20 <-- 0.260660 s
currentSize : 21 <-- 0.271964 s
currentSize : 22 <-- 0.272466 s
currentSize : 24 <-- 0.385093 s
currentSize : 26 <-- 0.385921 s
currentSize : 28 <-- 0.552043 s
currentSize : 34 <-- 0.552134 s
currentSize : 36 <-- 1.040540 s
currentSize : 45 <-- 1.215715 s

maxsize : 45
nodes : 226626.000000
filtered : 4302670.000000
time : 1.584707
