Parameters: GAD=1 vflib=1 dir=1 label=1 lowerbound=1 fileNameGp=../../cp2016-max-common-connected-subgraph-paper/datasets/graphsdb/mcs50/rand/r01/mcs50_r01_s70.A09 fileNameGt=../../cp2016-max-common-connected-subgraph-paper/datasets/graphsdb/mcs50/rand/r01/mcs50_r01_s70.B09
Reading graphs...
70 : 482
70 : 482
Initializing...
maxdom : 11
D->valSize : 400
Solving...
Blb : 3 (clique : 11)
currentSize : 11 <-- 0.003236 s
currentSize : 12 <-- 0.003369 s
currentSize : 13 <-- 0.004960 s
currentSize : 14 <-- 0.007847 s
currentSize : 15 <-- 0.024165 s
currentSize : 16 <-- 0.090636 s
currentSize : 17 <-- 0.095574 s
currentSize : 20 <-- 0.099157 s
currentSize : 23 <-- 0.132326 s
currentSize : 24 <-- 0.172455 s
currentSize : 27 <-- 0.285625 s
currentSize : 31 <-- 0.365122 s
currentSize : 35 <-- 0.433467 s

maxsize : 35
nodes : 93670.000000
filtered : 1585819.000000
time : 0.529597
