Parameters: GAD=1 vflib=1 dir=1 label=1 lowerbound=1 fileNameGp=../../cp2016-max-common-connected-subgraph-paper/datasets/graphsdb/mcs50/bvg/b09m/mcs50_b09m_s100.A04 fileNameGt=../../cp2016-max-common-connected-subgraph-paper/datasets/graphsdb/mcs50/bvg/b09m/mcs50_b09m_s100.B04
Reading graphs...
100 : 450
100 : 450
Initializing...
maxdom : 6
D->valSize : 340
Solving...
Blb : 3 (clique : 37)
currentSize : 37 <-- 0.003314 s
currentSize : 38 <-- 0.867516 s
currentSize : 39 <-- 0.880271 s
currentSize : 42 <-- 94.894241 s
currentSize : 44 <-- 94.894508 s
currentSize : 46 <-- 94.896973 s
currentSize : 48 <-- 96.279579 s
currentSize : 50 <-- 96.343124 s

maxsize : 50
nodes : 44872433.000000
filtered : 162864020.000000
time : 223.049835
