Parameters: GAD=1 vflib=1 dir=1 label=1 lowerbound=1 fileNameGp=../../cp2016-max-common-connected-subgraph-paper/datasets/graphsdb/mcs50/bvg/b06/mcs50_b06_s70.A01 fileNameGt=../../cp2016-max-common-connected-subgraph-paper/datasets/graphsdb/mcs50/bvg/b06/mcs50_b06_s70.B01
Reading graphs...
70 : 210
70 : 210
Initializing...
maxdom : 7
D->valSize : 325
Solving...
Blb : 3 (clique : 28)
currentSize : 28 <-- 0.004205 s
currentSize : 29 <-- 0.008914 s
currentSize : 30 <-- 0.011662 s
currentSize : 33 <-- 0.048530 s
currentSize : 34 <-- 0.049035 s
currentSize : 35 <-- 3.877973 s
currentSize : 36 <-- 3.878093 s

maxsize : 36
nodes : 2000883.000000
filtered : 15788210.000000
time : 10.028670
