Parameters: GAD=1 vflib=1 dir=1 label=1 lowerbound=1 fileNameGp=../../cp2016-max-common-connected-subgraph-paper/datasets/graphsdb/mcs50/bvg/b06/mcs50_b06_s50.A03 fileNameGt=../../cp2016-max-common-connected-subgraph-paper/datasets/graphsdb/mcs50/bvg/b06/mcs50_b06_s50.B03
Reading graphs...
50 : 150
50 : 150
Initializing...
maxdom : 9
D->valSize : 332
Solving...
Blb : 2 (clique : 17)
currentSize : 17 <-- 0.002336 s
currentSize : 18 <-- 0.002432 s
currentSize : 19 <-- 0.002557 s
currentSize : 20 <-- 0.002703 s
currentSize : 23 <-- 0.003243 s
currentSize : 25 <-- 0.004428 s
currentSize : 26 <-- 0.005860 s

maxsize : 26
nodes : 375358.000000
filtered : 5106460.000000
time : 1.733441
