Parameters: GAD=1 vflib=1 dir=1 label=1 lowerbound=1 fileNameGp=../../cp2016-max-common-connected-subgraph-paper/datasets/graphsdb/mcs50/m2D/m2Dr4/mcs50_m2Dr4_s50.A00 fileNameGt=../../cp2016-max-common-connected-subgraph-paper/datasets/graphsdb/mcs50/m2D/m2Dr4/mcs50_m2Dr4_s50.B00
Reading graphs...
50 : 105
50 : 105
Initializing...
maxdom : 8
D->valSize : 310
Solving...
Blb : 2 (clique : 17)
currentSize : 17 <-- 0.002377 s
currentSize : 18 <-- 0.002472 s
currentSize : 19 <-- 0.002563 s
currentSize : 20 <-- 0.004039 s
currentSize : 21 <-- 1.917967 s
currentSize : 22 <-- 2.048019 s
currentSize : 23 <-- 7.728344 s
currentSize : 24 <-- 9.059088 s
currentSize : 25 <-- 9.214946 s
currentSize : 26 <-- 9.329706 s
currentSize : 27 <-- 19.854176 s

maxsize : 27
nodes : 8741441.000000
filtered : 100951388.000000
time : 36.806561
