Parameters: GAD=1 vflib=1 dir=1 label=1 lowerbound=1 fileNameGp=../../cp2016-max-common-connected-subgraph-paper/datasets/graphsdb/mcs50/m2D/m2Dr4/mcs50_m2Dr4_s90.A07 fileNameGt=../../cp2016-max-common-connected-subgraph-paper/datasets/graphsdb/mcs50/m2D/m2Dr4/mcs50_m2Dr4_s90.B07
Reading graphs...
90 : 197
90 : 196
Initializing...
maxdom : 10
D->valSize : 538
Solving...
Blb : 2 (clique : 29)
currentSize : 29 <-- 0.010285 s
currentSize : 36 <-- 0.010696 s
currentSize : 39 <-- 0.014821 s
currentSize : 41 <-- 0.027708 s
currentSize : 42 <-- 0.116735 s
currentSize : 43 <-- 33.624985 s

TIMEOUT
maxsize : 43
nodes : 203212371.000000
filtered : 1082060638.000000
time : 1000.000061
