Parameters: GAD=1 vflib=1 dir=1 label=1 lowerbound=1 fileNameGp=../../cp2016-max-common-connected-subgraph-paper/datasets/graphsdb/mcs50/bvg/b06m/mcs50_b06m_s90.A07 fileNameGt=../../cp2016-max-common-connected-subgraph-paper/datasets/graphsdb/mcs50/bvg/b06m/mcs50_b06m_s90.B07
Reading graphs...
90 : 270
90 : 270
Initializing...
maxdom : 11
D->valSize : 579
Solving...
Blb : 2 (clique : 35)
currentSize : 35 <-- 0.006908 s
currentSize : 36 <-- 0.007231 s
currentSize : 37 <-- 0.007906 s
currentSize : 38 <-- 0.008875 s
currentSize : 39 <-- 0.009041 s
currentSize : 40 <-- 0.154063 s
currentSize : 41 <-- 0.155121 s
currentSize : 42 <-- 0.283211 s
currentSize : 43 <-- 208.284729 s
currentSize : 44 <-- 408.068817 s
currentSize : 45 <-- 408.129242 s

TIMEOUT
maxsize : 45
nodes : 177765442.000000
filtered : 1378315286.000000
time : 1000.000061
