Parameters: GAD=1 vflib=1 dir=1 label=1 lowerbound=1 fileNameGp=../../cp2016-max-common-connected-subgraph-paper/datasets/graphsdb/mcs50/bvg/b09m/mcs50_b09m_s100.A06 fileNameGt=../../cp2016-max-common-connected-subgraph-paper/datasets/graphsdb/mcs50/bvg/b09m/mcs50_b09m_s100.B06
Reading graphs...
100 : 450
100 : 450
Initializing...
maxdom : 7
D->valSize : 392
Solving...
Blb : 3 (clique : 26)
currentSize : 26 <-- 0.005915 s
currentSize : 27 <-- 0.222733 s
currentSize : 28 <-- 0.222849 s
currentSize : 29 <-- 0.230606 s
currentSize : 30 <-- 1.741473 s
currentSize : 31 <-- 1.916606 s
currentSize : 32 <-- 1.921085 s
currentSize : 33 <-- 12.310783 s
currentSize : 34 <-- 34.950993 s
currentSize : 35 <-- 34.958225 s
currentSize : 37 <-- 34.988827 s
currentSize : 39 <-- 34.991585 s
currentSize : 40 <-- 84.262238 s
currentSize : 41 <-- 85.041809 s
currentSize : 44 <-- 168.939423 s
currentSize : 46 <-- 168.945450 s
currentSize : 47 <-- 169.272675 s
currentSize : 48 <-- 308.601196 s
currentSize : 50 <-- 309.107361 s

maxsize : 50
nodes : 135228247.000000
filtered : 581212698.000000
time : 688.748718
