Parameters: GAD=1 vflib=1 dir=1 label=1 lowerbound=1 fileNameGp=../../cp2016-max-common-connected-subgraph-paper/datasets/graphsdb/mcs50/m2D/m2Dr6/mcs50_m2Dr6_s60.A04 fileNameGt=../../cp2016-max-common-connected-subgraph-paper/datasets/graphsdb/mcs50/m2D/m2Dr6/mcs50_m2Dr6_s60.B04
Reading graphs...
60 : 140
60 : 138
Initializing...
maxdom : 7
D->valSize : 244
Solving...
Blb : 2 (clique : 22)
currentSize : 22 <-- 0.002735 s
currentSize : 23 <-- 0.003577 s
currentSize : 24 <-- 1.062762 s
currentSize : 25 <-- 1.063269 s
currentSize : 26 <-- 21.273344 s
currentSize : 27 <-- 21.273945 s
currentSize : 28 <-- 25.409100 s

maxsize : 28
nodes : 12955866.000000
filtered : 83069458.000000
time : 53.068928
