Parameters: GAD=1 vflib=1 dir=1 label=1 lowerbound=1 fileNameGp=../../cp2016-max-common-connected-subgraph-paper/datasets/graphsdb/mcs50/bvg/b09m/mcs50_b09m_s50.A02 fileNameGt=../../cp2016-max-common-connected-subgraph-paper/datasets/graphsdb/mcs50/bvg/b09m/mcs50_b09m_s50.B02
Reading graphs...
50 : 225
50 : 225
Initializing...
maxdom : 8
D->valSize : 335
Solving...
Blb : 2 (clique : 13)
currentSize : 13 <-- 0.002283 s
currentSize : 14 <-- 0.003343 s
currentSize : 15 <-- 0.004718 s
currentSize : 16 <-- 0.155840 s
currentSize : 18 <-- 0.540550 s
currentSize : 20 <-- 0.540640 s
currentSize : 22 <-- 0.540938 s
currentSize : 23 <-- 0.542424 s
currentSize : 24 <-- 0.542632 s

maxsize : 24
nodes : 284914.000000
filtered : 3920347.000000
time : 1.193102
