Parameters: GAD=1 vflib=1 dir=1 label=1 lowerbound=1 fileNameGp=../../cp2016-max-common-connected-subgraph-paper/datasets/graphsdb/mcs50/bvg/b06/mcs50_b06_s70.A02 fileNameGt=../../cp2016-max-common-connected-subgraph-paper/datasets/graphsdb/mcs50/bvg/b06/mcs50_b06_s70.B02
Reading graphs...
70 : 210
70 : 210
Initializing...
maxdom : 9
D->valSize : 345
Solving...
Blb : 3 (clique : 28)
currentSize : 28 <-- 0.003119 s
currentSize : 29 <-- 0.145671 s
currentSize : 30 <-- 0.147719 s
currentSize : 31 <-- 0.148633 s
currentSize : 32 <-- 0.189924 s
currentSize : 35 <-- 0.458968 s
currentSize : 36 <-- 0.726710 s

maxsize : 36
nodes : 9307292.000000
filtered : 74662311.000000
time : 43.241215
