Parameters: GAD=1 vflib=1 dir=1 label=1 lowerbound=1 fileNameGp=../../cp2016-max-common-connected-subgraph-paper/datasets/graphsdb/mcs50/bvg/b09m/mcs50_b09m_s90.A07 fileNameGt=../../cp2016-max-common-connected-subgraph-paper/datasets/graphsdb/mcs50/bvg/b09m/mcs50_b09m_s90.B07
Reading graphs...
90 : 405
90 : 405
Initializing...
maxdom : 8
D->valSize : 540
Solving...
Blb : 2 (clique : 22)
currentSize : 22 <-- 0.009496 s
currentSize : 23 <-- 0.009887 s
currentSize : 24 <-- 0.011209 s
currentSize : 25 <-- 52.120373 s
currentSize : 26 <-- 58.373718 s
currentSize : 27 <-- 128.626389 s
currentSize : 28 <-- 604.181763 s
currentSize : 29 <-- 604.190186 s
currentSize : 30 <-- 604.221863 s
currentSize : 31 <-- 604.223877 s
currentSize : 32 <-- 604.462280 s
currentSize : 33 <-- 604.465454 s

TIMEOUT
maxsize : 33
nodes : 182369284.000000
filtered : 2061000110.000000
time : 1000.000000
