Parameters: GAD=1 vflib=1 dir=1 label=1 lowerbound=1 fileNameGp=../../cp2016-max-common-connected-subgraph-paper/datasets/graphsdb/mcs50/m3D/m3Dr4/mcs50_m3Dr4_s60.A07 fileNameGt=../../cp2016-max-common-connected-subgraph-paper/datasets/graphsdb/mcs50/m3D/m3Dr4/mcs50_m3Dr4_s60.B07
Reading graphs...
60 : 158
60 : 158
Initializing...
maxdom : 7
D->valSize : 257
Solving...
Blb : 3 (clique : 16)
currentSize : 16 <-- 0.002714 s
currentSize : 19 <-- 0.002857 s
currentSize : 20 <-- 0.003052 s
currentSize : 21 <-- 0.003715 s
currentSize : 22 <-- 0.004497 s
currentSize : 23 <-- 0.006110 s
currentSize : 24 <-- 0.023165 s
currentSize : 25 <-- 0.024007 s
currentSize : 26 <-- 0.497302 s
currentSize : 27 <-- 0.497362 s
currentSize : 28 <-- 0.578774 s
currentSize : 29 <-- 12.959757 s

maxsize : 29
nodes : 4360398.000000
filtered : 31954651.000000
time : 19.564013
