Parameters: GAD=1 vflib=1 dir=1 label=1 lowerbound=1 fileNameGp=../../cp2016-max-common-connected-subgraph-paper/datasets/graphsdb/mcs50/m2D/m2D/mcs50_m2D_s60.A00 fileNameGt=../../cp2016-max-common-connected-subgraph-paper/datasets/graphsdb/mcs50/m2D/m2D/mcs50_m2D_s60.B00
Reading graphs...
60 : 104
60 : 104
Initializing...
maxdom : 8
D->valSize : 238
Solving...
Blb : 3 (clique : 24)
currentSize : 24 <-- 0.002701 s
currentSize : 25 <-- 0.641816 s
currentSize : 26 <-- 13.439937 s
currentSize : 27 <-- 27.437908 s
currentSize : 28 <-- 35.292599 s
currentSize : 29 <-- 39.312553 s

maxsize : 29
nodes : 12009149.000000
filtered : 71979079.000000
time : 44.703674
