Parameters: GAD=1 vflib=1 dir=1 label=1 lowerbound=1 fileNameGp=../../cp2016-max-common-connected-subgraph-paper/datasets/graphsdb/mcs50/bvg/b06m/mcs50_b06m_s80.A03 fileNameGt=../../cp2016-max-common-connected-subgraph-paper/datasets/graphsdb/mcs50/bvg/b06m/mcs50_b06m_s80.B03
Reading graphs...
80 : 240
80 : 240
Initializing...
maxdom : 8
D->valSize : 430
Solving...
Blb : 2 (clique : 28)
currentSize : 28 <-- 0.004181 s
currentSize : 29 <-- 0.004387 s
currentSize : 30 <-- 0.004609 s
currentSize : 31 <-- 0.009184 s
currentSize : 35 <-- 0.117040 s
currentSize : 36 <-- 0.117072 s
currentSize : 37 <-- 0.117164 s
currentSize : 38 <-- 0.138465 s
currentSize : 39 <-- 4.906255 s
currentSize : 40 <-- 4.920917 s

maxsize : 40
nodes : 148513242.000000
filtered : 1396061619.000000
time : 834.417053
