Parameters: GAD=1 vflib=1 dir=1 label=1 lowerbound=1 fileNameGp=../../cp2016-max-common-connected-subgraph-paper/datasets/graphsdb/mcs50/rand/r005/mcs50_r005_s60.A03 fileNameGt=../../cp2016-max-common-connected-subgraph-paper/datasets/graphsdb/mcs50/rand/r005/mcs50_r005_s60.B03
Reading graphs...
60 : 176
60 : 176
Initializing...
maxdom : 8
D->valSize : 250
Solving...
Blb : 5 (clique : 18)
currentSize : 18 <-- 0.002717 s
currentSize : 19 <-- 0.007294 s
currentSize : 20 <-- 0.016447 s
currentSize : 21 <-- 0.099908 s
currentSize : 22 <-- 0.221591 s
currentSize : 23 <-- 0.480934 s
currentSize : 24 <-- 0.594441 s
currentSize : 26 <-- 0.664991 s
currentSize : 28 <-- 0.665105 s
currentSize : 29 <-- 0.666355 s
currentSize : 30 <-- 1.084137 s
currentSize : 31 <-- 1.269541 s

maxsize : 31
nodes : 578404.000000
filtered : 3899494.000000
time : 2.543157
