Parameters: GAD=1 vflib=1 dir=1 label=1 lowerbound=1 fileNameGp=../../cp2016-max-common-connected-subgraph-paper/datasets/graphsdb/mcs50/rand/r005/mcs50_r005_s90.A08 fileNameGt=../../cp2016-max-common-connected-subgraph-paper/datasets/graphsdb/mcs50/rand/r005/mcs50_r005_s90.B08
Reading graphs...
90 : 399
90 : 399
Initializing...
maxdom : 10
D->valSize : 542
Solving...
Blb : 2 (clique : 33)
currentSize : 33 <-- 0.006006 s
currentSize : 35 <-- 0.006311 s
currentSize : 36 <-- 0.006491 s
currentSize : 37 <-- 0.006582 s
currentSize : 38 <-- 0.015141 s
currentSize : 39 <-- 0.015429 s
currentSize : 40 <-- 0.015555 s
currentSize : 42 <-- 0.050374 s
currentSize : 43 <-- 0.056859 s
currentSize : 45 <-- 0.059762 s

maxsize : 45
nodes : 44062109.000000
filtered : 828101788.000000
time : 331.372162
