Parameters: GAD=1 vflib=1 dir=1 label=1 lowerbound=1 fileNameGp=../../cp2016-max-common-connected-subgraph-paper/datasets/graphsdb/mcs50/bvg/b09m/mcs50_b09m_s100.A03 fileNameGt=../../cp2016-max-common-connected-subgraph-paper/datasets/graphsdb/mcs50/bvg/b09m/mcs50_b09m_s100.B03
Reading graphs...
100 : 450
100 : 450
Initializing...
maxdom : 8
D->valSize : 329
Solving...
Blb : 2 (clique : 44)
currentSize : 44 <-- 0.003487 s
currentSize : 46 <-- 0.003772 s
currentSize : 48 <-- 1.758411 s
currentSize : 49 <-- 14.869867 s
currentSize : 51 <-- 14.881858 s

maxsize : 51
nodes : 13810154.000000
filtered : 45697456.000000
time : 68.912857
