Parameters: GAD=1 vflib=1 dir=1 label=1 lowerbound=1 fileNameGp=../../cp2016-max-common-connected-subgraph-paper/datasets/graphsdb/mcs50/rand/r005/mcs50_r005_s50.A09 fileNameGt=../../cp2016-max-common-connected-subgraph-paper/datasets/graphsdb/mcs50/rand/r005/mcs50_r005_s50.B09
Reading graphs...
50 : 121
50 : 121
Initializing...
maxdom : 9
D->valSize : 312
Solving...
Blb : 3 (clique : 19)
currentSize : 19 <-- 0.002250 s
currentSize : 20 <-- 0.002491 s
currentSize : 21 <-- 0.002536 s
currentSize : 22 <-- 0.007330 s
currentSize : 23 <-- 0.007442 s
currentSize : 24 <-- 0.008006 s
currentSize : 25 <-- 0.008103 s

maxsize : 25
nodes : 1017453.000000
filtered : 14419076.000000
time : 4.684765
