Parameters: GAD=1 vflib=1 dir=1 label=1 lowerbound=1 fileNameGp=../../cp2016-max-common-connected-subgraph-paper/datasets/graphsdb/mcs50/m2D/m2Dr4/mcs50_m2Dr4_s60.A02 fileNameGt=../../cp2016-max-common-connected-subgraph-paper/datasets/graphsdb/mcs50/m2D/m2Dr4/mcs50_m2Dr4_s60.B02
Reading graphs...
60 : 128
60 : 128
Initializing...
maxdom : 8
D->valSize : 253
Solving...
Blb : 2 (clique : 23)
currentSize : 23 <-- 0.001916 s
currentSize : 24 <-- 0.002051 s
currentSize : 26 <-- 0.002513 s
currentSize : 27 <-- 0.002627 s
currentSize : 28 <-- 0.014892 s
currentSize : 29 <-- 0.016594 s

maxsize : 29
nodes : 4050601.000000
filtered : 24302919.000000
time : 16.688725
