Parameters: GAD=1 vflib=1 dir=1 label=1 lowerbound=1 fileNameGp=../../cp2016-max-common-connected-subgraph-paper/datasets/graphsdb/mcs50/m2D/m2Dr4/mcs50_m2Dr4_s80.A06 fileNameGt=../../cp2016-max-common-connected-subgraph-paper/datasets/graphsdb/mcs50/m2D/m2Dr4/mcs50_m2Dr4_s80.B06
Reading graphs...
80 : 174
80 : 174
Initializing...
maxdom : 11
D->valSize : 474
Solving...
Blb : 5 (clique : 26)
currentSize : 26 <-- 0.006097 s
currentSize : 27 <-- 0.053541 s
currentSize : 28 <-- 1.153547 s
currentSize : 29 <-- 23.718117 s
currentSize : 30 <-- 23.800190 s
currentSize : 31 <-- 54.550499 s
currentSize : 32 <-- 380.376526 s
currentSize : 33 <-- 451.090332 s
currentSize : 34 <-- 496.526703 s

TIMEOUT
maxsize : 34
nodes : 212614242.000000
filtered : 1936519323.000000
time : 1000.000000
