Parameters: GAD=1 vflib=1 dir=1 label=1 lowerbound=1 fileNameGp=../../cp2016-max-common-connected-subgraph-paper/datasets/graphsdb/mcs50/m3D/m3Dr4/mcs50_m3Dr4_s60.A01 fileNameGt=../../cp2016-max-common-connected-subgraph-paper/datasets/graphsdb/mcs50/m3D/m3Dr4/mcs50_m3Dr4_s60.B01
Reading graphs...
60 : 158
60 : 157
Initializing...
maxdom : 7
D->valSize : 229
Solving...
Blb : 2 (clique : 20)
currentSize : 20 <-- 0.002488 s
currentSize : 21 <-- 0.794643 s
currentSize : 22 <-- 0.794850 s
currentSize : 23 <-- 0.832240 s
currentSize : 24 <-- 0.832989 s
currentSize : 25 <-- 1.395470 s
currentSize : 26 <-- 3.870412 s
currentSize : 27 <-- 8.518406 s

maxsize : 27
nodes : 3942011.000000
filtered : 28049014.000000
time : 17.082506
