Parameters: GAD=1 vflib=1 dir=1 label=1 lowerbound=1 fileNameGp=../../cp2016-max-common-connected-subgraph-paper/datasets/graphsdb/mcs50/bvg/b09/mcs50_b09_s70.A04 fileNameGt=../../cp2016-max-common-connected-subgraph-paper/datasets/graphsdb/mcs50/bvg/b09/mcs50_b09_s70.B04
Reading graphs...
70 : 315
70 : 315
Initializing...
maxdom : 8
D->valSize : 332
Solving...
Blb : 2 (clique : 16)
currentSize : 16 <-- 0.003821 s
currentSize : 17 <-- 0.004150 s
currentSize : 18 <-- 0.019618 s
currentSize : 19 <-- 0.030195 s
currentSize : 21 <-- 0.143625 s
currentSize : 22 <-- 0.143695 s
currentSize : 24 <-- 0.326515 s
currentSize : 28 <-- 0.994746 s
currentSize : 29 <-- 0.994951 s
currentSize : 30 <-- 0.995011 s
currentSize : 32 <-- 0.996407 s
currentSize : 34 <-- 0.996878 s

maxsize : 34
nodes : 880234.000000
filtered : 5130009.000000
time : 3.813471
