Parameters: GAD=1 vflib=1 dir=1 label=1 lowerbound=1 fileNameGp=../../cp2016-max-common-connected-subgraph-paper/datasets/graphsdb/mcs50/bvg/b09m/mcs50_b09m_s90.A04 fileNameGt=../../cp2016-max-common-connected-subgraph-paper/datasets/graphsdb/mcs50/bvg/b09m/mcs50_b09m_s90.B04
Reading graphs...
90 : 405
90 : 405
Initializing...
maxdom : 11
D->valSize : 487
Solving...
Blb : 2 (clique : 21)
currentSize : 21 <-- 0.005087 s
currentSize : 22 <-- 0.138018 s
currentSize : 23 <-- 0.139394 s
currentSize : 24 <-- 0.144313 s
currentSize : 25 <-- 0.144476 s
currentSize : 26 <-- 0.931423 s
currentSize : 27 <-- 1.238670 s
currentSize : 28 <-- 1.238787 s
currentSize : 29 <-- 1.239053 s
currentSize : 31 <-- 1.522817 s
currentSize : 33 <-- 12.472278 s
currentSize : 34 <-- 67.698105 s
currentSize : 40 <-- 428.013580 s
currentSize : 41 <-- 428.014282 s
currentSize : 43 <-- 428.042969 s
currentSize : 44 <-- 428.044952 s

maxsize : 44
nodes : 99742160.000000
filtered : 1019272927.000000
time : 571.357178
