Parameters: GAD=1 vflib=1 dir=1 label=1 lowerbound=1 fileNameGp=../../cp2016-max-common-connected-subgraph-paper/datasets/graphsdb/mcs50/m3D/m3D/mcs50_m3D_s60.A09 fileNameGt=../../cp2016-max-common-connected-subgraph-paper/datasets/graphsdb/mcs50/m3D/m3D/mcs50_m3D_s60.B09
Reading graphs...
60 : 134
60 : 134
Initializing...
maxdom : 7
D->valSize : 252
Solving...
Blb : 2 (clique : 21)
currentSize : 21 <-- 0.001906 s
currentSize : 22 <-- 0.006833 s
currentSize : 23 <-- 0.786375 s
currentSize : 24 <-- 3.660185 s
currentSize : 25 <-- 8.667974 s
currentSize : 26 <-- 10.160458 s
currentSize : 27 <-- 12.578788 s
currentSize : 28 <-- 19.173002 s
currentSize : 29 <-- 35.939934 s

maxsize : 29
nodes : 14466823.000000
filtered : 103639554.000000
time : 59.091400
