Parameters: GAD=1 vflib=1 dir=1 label=1 lowerbound=1 fileNameGp=../../cp2016-max-common-connected-subgraph-paper/datasets/graphsdb/mcs50/bvg/b03m/mcs50_b03m_s70.A01 fileNameGt=../../cp2016-max-common-connected-subgraph-paper/datasets/graphsdb/mcs50/bvg/b03m/mcs50_b03m_s70.B01
Reading graphs...
70 : 105
70 : 105
Initializing...
maxdom : 11
D->valSize : 365
Solving...
Blb : 2 (clique : 33)
currentSize : 33 <-- 0.003238 s
currentSize : 34 <-- 0.003436 s
currentSize : 35 <-- 0.003888 s
currentSize : 36 <-- 0.047018 s
currentSize : 37 <-- 0.088812 s
currentSize : 38 <-- 0.308011 s
currentSize : 39 <-- 10.213605 s
currentSize : 40 <-- 133.539536 s

TIMEOUT
maxsize : 40
nodes : 203472456.000000
filtered : 1739715903.000000
time : 1000.000000
