Parameters: GAD=1 vflib=1 dir=1 label=1 lowerbound=1 fileNameGp=../../cp2016-max-common-connected-subgraph-paper/datasets/graphsdb/mcs50/bvg/b06m/mcs50_b06m_s100.A06 fileNameGt=../../cp2016-max-common-connected-subgraph-paper/datasets/graphsdb/mcs50/bvg/b06m/mcs50_b06m_s100.B06
Reading graphs...
100 : 300
100 : 300
Initializing...
maxdom : 8
D->valSize : 353
Solving...
Blb : 2 (clique : 29)
currentSize : 29 <-- 0.005699 s
currentSize : 30 <-- 2.532055 s
currentSize : 31 <-- 3.424292 s
currentSize : 32 <-- 3.674536 s
currentSize : 33 <-- 4.168171 s
currentSize : 34 <-- 5.643673 s
currentSize : 35 <-- 5.645044 s
currentSize : 36 <-- 13.925864 s
currentSize : 37 <-- 16.277534 s
currentSize : 38 <-- 16.431259 s
currentSize : 39 <-- 17.462259 s
currentSize : 40 <-- 17.605682 s
currentSize : 41 <-- 17.605856 s
currentSize : 42 <-- 27.225157 s
currentSize : 43 <-- 64.377205 s
currentSize : 44 <-- 64.377510 s
currentSize : 45 <-- 64.378761 s
currentSize : 46 <-- 404.520111 s
currentSize : 47 <-- 729.611145 s

TIMEOUT
maxsize : 47
nodes : 180763172.000000
filtered : 866182496.000000
time : 1000.000061
