Parameters: GAD=1 vflib=1 dir=1 label=1 lowerbound=1 fileNameGp=../../cp2016-max-common-connected-subgraph-paper/datasets/graphsdb/mcs50/m2D/m2D/mcs50_m2D_s70.A02 fileNameGt=../../cp2016-max-common-connected-subgraph-paper/datasets/graphsdb/mcs50/m2D/m2D/mcs50_m2D_s70.B02
Reading graphs...
70 : 123
70 : 123
Initializing...
maxdom : 8
D->valSize : 319
Solving...
Blb : 2 (clique : 27)
currentSize : 27 <-- 0.002792 s
currentSize : 29 <-- 0.002960 s
currentSize : 30 <-- 0.003134 s
currentSize : 31 <-- 0.003194 s
currentSize : 32 <-- 0.014342 s
currentSize : 33 <-- 0.061780 s
currentSize : 34 <-- 0.090974 s
currentSize : 35 <-- 0.418356 s
currentSize : 36 <-- 4.547747 s
currentSize : 37 <-- 5.111695 s
currentSize : 38 <-- 7.536976 s

maxsize : 38
nodes : 119322681.000000
filtered : 722282760.000000
time : 544.571533
