Parameters: GAD=1 vflib=1 dir=1 label=1 lowerbound=1 fileNameGp=../../cp2016-max-common-connected-subgraph-paper/datasets/graphsdb/mcs50/m3D/m3Dr4/mcs50_m3Dr4_s50.A05 fileNameGt=../../cp2016-max-common-connected-subgraph-paper/datasets/graphsdb/mcs50/m3D/m3Dr4/mcs50_m3Dr4_s50.B05
Reading graphs...
50 : 129
50 : 128
Initializing...
maxdom : 11
D->valSize : 317
Solving...
Blb : 2 (clique : 17)
currentSize : 17 <-- 0.002359 s
currentSize : 18 <-- 0.021765 s
currentSize : 19 <-- 1.247366 s
currentSize : 20 <-- 1.331201 s
currentSize : 22 <-- 3.257357 s
currentSize : 23 <-- 4.160798 s
currentSize : 24 <-- 13.297206 s
currentSize : 26 <-- 14.159331 s
currentSize : 27 <-- 14.987368 s

maxsize : 27
nodes : 3671323.000000
filtered : 42816577.000000
time : 15.738747
