Parameters: GAD=1 vflib=1 dir=1 label=1 lowerbound=1 fileNameGp=../../cp2016-max-common-connected-subgraph-paper/datasets/graphsdb/mcs50/bvg/b03m/mcs50_b03m_s80.A02 fileNameGt=../../cp2016-max-common-connected-subgraph-paper/datasets/graphsdb/mcs50/bvg/b03m/mcs50_b03m_s80.B02
Reading graphs...
80 : 120
80 : 120
Initializing...
maxdom : 9
D->valSize : 413
Solving...
Blb : 2 (clique : 35)
currentSize : 35 <-- 0.004072 s
currentSize : 36 <-- 0.004505 s
currentSize : 37 <-- 0.004582 s
currentSize : 38 <-- 0.006247 s
currentSize : 39 <-- 0.718339 s
currentSize : 40 <-- 19.490805 s
currentSize : 41 <-- 47.789959 s
currentSize : 42 <-- 117.089569 s

TIMEOUT
maxsize : 42
nodes : 203467613.000000
filtered : 1585316765.000000
time : 1000.000061
