Parameters: GAD=1 vflib=1 dir=1 label=1 lowerbound=1 fileNameGp=../../cp2016-max-common-connected-subgraph-paper/datasets/graphsdb/mcs50/m2D/m2Dr2/mcs50_m2Dr2_s70.A00 fileNameGt=../../cp2016-max-common-connected-subgraph-paper/datasets/graphsdb/mcs50/m2D/m2Dr2/mcs50_m2Dr2_s70.B00
Reading graphs...
70 : 137
70 : 137
Initializing...
maxdom : 10
D->valSize : 349
Solving...
Blb : 5 (clique : 32)
currentSize : 32 <-- 0.004639 s
currentSize : 33 <-- 0.015004 s
currentSize : 34 <-- 0.215535 s
currentSize : 35 <-- 0.272937 s
currentSize : 36 <-- 19.689180 s
currentSize : 37 <-- 19.690968 s
currentSize : 38 <-- 21.621601 s

maxsize : 38
nodes : 13963959.000000
filtered : 81174024.000000
time : 64.526405
