Parameters: GAD=1 vflib=1 dir=1 label=1 lowerbound=1 fileNameGp=../../cp2016-max-common-connected-subgraph-paper/datasets/graphsdb/mcs50/bvg/b06m/mcs50_b06m_s90.A08 fileNameGt=../../cp2016-max-common-connected-subgraph-paper/datasets/graphsdb/mcs50/bvg/b06m/mcs50_b06m_s90.B08
Reading graphs...
90 : 270
90 : 270
Initializing...
maxdom : 9
D->valSize : 510
Solving...
Blb : 2 (clique : 35)
currentSize : 35 <-- 0.008734 s
currentSize : 36 <-- 0.009142 s
currentSize : 37 <-- 0.015776 s
currentSize : 38 <-- 0.106725 s
currentSize : 39 <-- 0.106757 s
currentSize : 41 <-- 0.134658 s
currentSize : 42 <-- 0.535090 s
currentSize : 43 <-- 17.799076 s
currentSize : 44 <-- 17.799782 s
currentSize : 45 <-- 18.214252 s

TIMEOUT
maxsize : 45
nodes : 193460897.000000
filtered : 1076745845.000000
time : 1000.000061
