Parameters: GAD=1 vflib=1 dir=1 label=1 lowerbound=1 fileNameGp=../../cp2016-max-common-connected-subgraph-paper/datasets/graphsdb/mcs50/bvg/b06m/mcs50_b06m_s50.A07 fileNameGt=../../cp2016-max-common-connected-subgraph-paper/datasets/graphsdb/mcs50/bvg/b06m/mcs50_b06m_s50.B07
Reading graphs...
50 : 150
50 : 150
Initializing...
maxdom : 9
D->valSize : 329
Solving...
Blb : 2 (clique : 15)
currentSize : 15 <-- 0.002416 s
currentSize : 16 <-- 0.009128 s
currentSize : 17 <-- 0.013719 s
currentSize : 19 <-- 0.034568 s
currentSize : 21 <-- 0.274012 s
currentSize : 22 <-- 0.274352 s
currentSize : 24 <-- 0.516760 s
currentSize : 26 <-- 0.516808 s

maxsize : 26
nodes : 406661.000000
filtered : 3973318.000000
time : 1.658075
