Parameters: GAD=1 vflib=1 dir=1 label=1 lowerbound=1 fileNameGp=../../cp2016-max-common-connected-subgraph-paper/datasets/graphsdb/mcs50/m2D/m2Dr2/mcs50_m2Dr2_s60.A01 fileNameGt=../../cp2016-max-common-connected-subgraph-paper/datasets/graphsdb/mcs50/m2D/m2Dr2/mcs50_m2Dr2_s60.B01
Reading graphs...
60 : 116
60 : 116
Initializing...
maxdom : 8
D->valSize : 263
Solving...
Blb : 3 (clique : 25)
currentSize : 25 <-- 0.002915 s
currentSize : 26 <-- 31.141279 s
currentSize : 27 <-- 31.148785 s
currentSize : 28 <-- 50.858051 s
currentSize : 29 <-- 72.499969 s

maxsize : 29
nodes : 54776633.000000
filtered : 470172910.000000
time : 241.733597
