Parameters: GAD=1 vflib=1 dir=1 label=1 lowerbound=1 fileNameGp=../../cp2016-max-common-connected-subgraph-paper/datasets/graphsdb/mcs50/m2D/m2Dr6/mcs50_m2Dr6_s50.A09 fileNameGt=../../cp2016-max-common-connected-subgraph-paper/datasets/graphsdb/mcs50/m2D/m2Dr6/mcs50_m2Dr6_s50.B09
Reading graphs...
50 : 115
50 : 113
Initializing...
maxdom : 11
D->valSize : 363
Solving...
Blb : 2 (clique : 23)
currentSize : 23 <-- 0.004487 s
currentSize : 24 <-- 0.061814 s
currentSize : 25 <-- 17.853668 s
currentSize : 26 <-- 20.754915 s
currentSize : 27 <-- 21.169550 s

maxsize : 27
nodes : 7154956.000000
filtered : 95706695.000000
time : 31.705795
