Parameters: GAD=1 vflib=1 dir=1 label=1 lowerbound=1 fileNameGp=../../cp2016-max-common-connected-subgraph-paper/datasets/graphsdb/mcs50/bvg/b09/mcs50_b09_s90.A07 fileNameGt=../../cp2016-max-common-connected-subgraph-paper/datasets/graphsdb/mcs50/bvg/b09/mcs50_b09_s90.B07
Reading graphs...
90 : 405
90 : 405
Initializing...
maxdom : 10
D->valSize : 534
Solving...
Blb : 3 (clique : 38)
currentSize : 38 <-- 0.009117 s
currentSize : 39 <-- 3.018972 s
currentSize : 40 <-- 3.027322 s
currentSize : 42 <-- 292.652618 s
currentSize : 43 <-- 292.652740 s
currentSize : 44 <-- 292.652893 s

maxsize : 44
nodes : 168215056.000000
filtered : 1139699723.000000
time : 906.459351
