Parameters: GAD=1 vflib=1 dir=1 label=1 lowerbound=1 fileNameGp=../../cp2016-max-common-connected-subgraph-paper/datasets/graphsdb/mcs50/bvg/b06m/mcs50_b06m_s70.A02 fileNameGt=../../cp2016-max-common-connected-subgraph-paper/datasets/graphsdb/mcs50/bvg/b06m/mcs50_b06m_s70.B02
Reading graphs...
70 : 210
70 : 210
Initializing...
maxdom : 7
D->valSize : 322
Solving...
Blb : 5 (clique : 25)
currentSize : 25 <-- 0.003781 s
currentSize : 26 <-- 1.333593 s
currentSize : 27 <-- 5.392602 s
currentSize : 28 <-- 14.288461 s
currentSize : 31 <-- 14.691220 s
currentSize : 32 <-- 14.696830 s
currentSize : 34 <-- 23.320620 s
currentSize : 35 <-- 23.337955 s
currentSize : 36 <-- 23.346453 s

maxsize : 36
nodes : 7430461.000000
filtered : 59341331.000000
time : 35.518040
