Parameters: GAD=1 vflib=1 dir=1 label=1 lowerbound=1 fileNameGp=../../cp2016-max-common-connected-subgraph-paper/datasets/graphsdb/mcs50/bvg/b06m/mcs50_b06m_s70.A05 fileNameGt=../../cp2016-max-common-connected-subgraph-paper/datasets/graphsdb/mcs50/bvg/b06m/mcs50_b06m_s70.B05
Reading graphs...
70 : 210
70 : 210
Initializing...
maxdom : 10
D->valSize : 325
Solving...
Blb : 2 (clique : 22)
currentSize : 22 <-- 0.002657 s
currentSize : 23 <-- 0.002820 s
currentSize : 25 <-- 0.003054 s
currentSize : 27 <-- 0.220292 s
currentSize : 28 <-- 8.835628 s
currentSize : 29 <-- 9.888782 s
currentSize : 30 <-- 31.700644 s
currentSize : 31 <-- 31.703203 s
currentSize : 33 <-- 48.324463 s
currentSize : 34 <-- 48.324989 s
currentSize : 35 <-- 48.333542 s

maxsize : 35
nodes : 21866802.000000
filtered : 106696702.000000
time : 90.074692
