Parameters: GAD=1 vflib=1 dir=1 label=1 lowerbound=1 fileNameGp=../../cp2016-max-common-connected-subgraph-paper/datasets/graphsdb/mcs50/m2D/m2D/mcs50_m2D_s100.A00 fileNameGt=../../cp2016-max-common-connected-subgraph-paper/datasets/graphsdb/mcs50/m2D/m2D/mcs50_m2D_s100.B00
Reading graphs...
100 : 180
100 : 180
Initializing...
maxdom : 7
D->valSize : 343
Solving...
Blb : 2 (clique : 40)
currentSize : 40 <-- 0.003371 s
currentSize : 41 <-- 0.006312 s
currentSize : 42 <-- 0.103786 s
currentSize : 43 <-- 0.106775 s
currentSize : 44 <-- 0.111153 s
currentSize : 45 <-- 0.584408 s
currentSize : 46 <-- 1.912511 s
currentSize : 47 <-- 1.912886 s
currentSize : 48 <-- 403.430389 s
currentSize : 49 <-- 433.652466 s
currentSize : 50 <-- 440.817566 s

TIMEOUT
maxsize : 50
nodes : 234164484.000000
filtered : 471808675.000000
time : 1000.000061
