Parameters: GAD=1 vflib=1 dir=1 label=1 lowerbound=1 fileNameGp=../../cp2016-max-common-connected-subgraph-paper/datasets/graphsdb/mcs50/m2D/m2Dr6/mcs50_m2Dr6_s50.A07 fileNameGt=../../cp2016-max-common-connected-subgraph-paper/datasets/graphsdb/mcs50/m2D/m2Dr6/mcs50_m2Dr6_s50.B07
Reading graphs...
50 : 115
50 : 113
Initializing...
maxdom : 9
D->valSize : 344
Solving...
Blb : 2 (clique : 18)
currentSize : 18 <-- 0.004041 s
currentSize : 19 <-- 0.141666 s
currentSize : 20 <-- 0.150209 s
currentSize : 22 <-- 2.024307 s
currentSize : 23 <-- 2.026787 s
currentSize : 24 <-- 8.420732 s
currentSize : 25 <-- 8.420802 s
currentSize : 26 <-- 8.421007 s
currentSize : 27 <-- 8.428223 s

maxsize : 27
nodes : 3055917.000000
filtered : 52695247.000000
time : 15.596129
