Parameters: GAD=1 vflib=1 dir=1 label=1 lowerbound=1 fileNameGp=../../cp2016-max-common-connected-subgraph-paper/datasets/graphsdb/mcs50/m2D/m2D/mcs50_m2D_s70.A01 fileNameGt=../../cp2016-max-common-connected-subgraph-paper/datasets/graphsdb/mcs50/m2D/m2D/mcs50_m2D_s70.B01
Reading graphs...
70 : 123
70 : 123
Initializing...
maxdom : 10
D->valSize : 350
Solving...
Blb : 2 (clique : 23)
currentSize : 23 <-- 0.002807 s
currentSize : 25 <-- 0.002955 s
currentSize : 26 <-- 0.271675 s
currentSize : 27 <-- 2.745740 s
currentSize : 28 <-- 9.077913 s
currentSize : 29 <-- 52.630253 s
currentSize : 30 <-- 76.489243 s
currentSize : 31 <-- 76.839111 s
currentSize : 32 <-- 113.094650 s
currentSize : 33 <-- 156.798553 s
currentSize : 34 <-- 225.827286 s

TIMEOUT
maxsize : 34
nodes : 231472636.000000
filtered : 1740652876.000000
time : 1000.000000
