Parameters: GAD=1 vflib=1 dir=1 label=1 lowerbound=1 fileNameGp=../../cp2016-max-common-connected-subgraph-paper/datasets/graphsdb/mcs50/m3D/m3D/mcs50_m3D_s60.A00 fileNameGt=../../cp2016-max-common-connected-subgraph-paper/datasets/graphsdb/mcs50/m3D/m3D/mcs50_m3D_s60.B00
Reading graphs...
60 : 134
60 : 134
Initializing...
maxdom : 6
D->valSize : 243
Solving...
Blb : 2 (clique : 20)
currentSize : 20 <-- 0.001623 s
currentSize : 21 <-- 0.002261 s
currentSize : 23 <-- 0.004341 s
currentSize : 24 <-- 0.004675 s
currentSize : 25 <-- 0.014609 s
currentSize : 26 <-- 0.048791 s
currentSize : 27 <-- 0.347476 s
currentSize : 29 <-- 0.352264 s

maxsize : 29
nodes : 5290089.000000
filtered : 27458876.000000
time : 20.879009
