Parameters: GAD=1 vflib=1 dir=1 label=1 lowerbound=1 fileNameGp=../../cp2016-max-common-connected-subgraph-paper/datasets/graphsdb/mcs50/bvg/b06/mcs50_b06_s70.A09 fileNameGt=../../cp2016-max-common-connected-subgraph-paper/datasets/graphsdb/mcs50/bvg/b06/mcs50_b06_s70.B09
Reading graphs...
70 : 210
70 : 210
Initializing...
maxdom : 8
D->valSize : 345
Solving...
Blb : 2 (clique : 30)
currentSize : 30 <-- 0.002884 s
currentSize : 31 <-- 0.003067 s
currentSize : 32 <-- 0.018279 s
currentSize : 33 <-- 0.333301 s
currentSize : 34 <-- 0.783293 s
currentSize : 35 <-- 1.105766 s
currentSize : 36 <-- 1.114131 s

maxsize : 36
nodes : 4446195.000000
filtered : 31537494.000000
time : 21.299421
