Parameters: GAD=1 vflib=1 dir=1 label=1 lowerbound=1 fileNameGp=../../cp2016-max-common-connected-subgraph-paper/datasets/graphsdb/mcs50/bvg/b06m/mcs50_b06m_s70.A06 fileNameGt=../../cp2016-max-common-connected-subgraph-paper/datasets/graphsdb/mcs50/bvg/b06m/mcs50_b06m_s70.B06
Reading graphs...
70 : 210
70 : 210
Initializing...
maxdom : 7
D->valSize : 310
Solving...
Blb : 3 (clique : 31)
currentSize : 31 <-- 0.002626 s
currentSize : 32 <-- 39.135754 s
currentSize : 33 <-- 69.024857 s
currentSize : 34 <-- 69.040985 s
currentSize : 35 <-- 193.769119 s

maxsize : 35
nodes : 45736346.000000
filtered : 430495781.000000
time : 233.127228
