Parameters: GAD=1 vflib=1 dir=1 label=1 lowerbound=1 fileNameGp=../../cp2016-max-common-connected-subgraph-paper/datasets/graphsdb/mcs50/rand/r01/mcs50_r01_s90.A08 fileNameGt=../../cp2016-max-common-connected-subgraph-paper/datasets/graphsdb/mcs50/rand/r01/mcs50_r01_s90.B08
Reading graphs...
90 : 800
90 : 800
Initializing...
maxdom : 11
D->valSize : 597
Solving...
Blb : 2 (clique : 14)
currentSize : 14 <-- 0.006619 s
currentSize : 18 <-- 0.006759 s
currentSize : 20 <-- 0.006809 s
currentSize : 21 <-- 0.006986 s
currentSize : 22 <-- 0.007042 s
currentSize : 24 <-- 0.048268 s
currentSize : 26 <-- 0.048424 s
currentSize : 28 <-- 0.048513 s
currentSize : 29 <-- 0.049153 s
currentSize : 31 <-- 0.617317 s
currentSize : 35 <-- 0.617561 s
currentSize : 37 <-- 1.047031 s
currentSize : 40 <-- 1.052259 s
currentSize : 45 <-- 1.052398 s

maxsize : 45
nodes : 419237.000000
filtered : 6478907.000000
time : 2.709651
