Parameters: GAD=1 vflib=1 dir=1 label=1 lowerbound=1 fileNameGp=../../cp2016-max-common-connected-subgraph-paper/datasets/graphsdb/mcs50/bvg/b06m/mcs50_b06m_s100.A03 fileNameGt=../../cp2016-max-common-connected-subgraph-paper/datasets/graphsdb/mcs50/bvg/b06m/mcs50_b06m_s100.B03
Reading graphs...
100 : 300
100 : 300
Initializing...
maxdom : 7
D->valSize : 399
Solving...
Blb : 3 (clique : 32)
currentSize : 32 <-- 0.006359 s
currentSize : 33 <-- 6.199165 s
currentSize : 34 <-- 30.691832 s
currentSize : 35 <-- 40.938683 s
currentSize : 36 <-- 216.697952 s
currentSize : 37 <-- 216.704926 s
currentSize : 38 <-- 321.218048 s

TIMEOUT
maxsize : 38
nodes : 198195929.000000
filtered : 931822346.000000
time : 1000.000061
