Parameters: GAD=1 vflib=1 dir=1 label=1 lowerbound=1 fileNameGp=../../cp2016-max-common-connected-subgraph-paper/datasets/graphsdb/mcs50/bvg/b06m/mcs50_b06m_s50.A06 fileNameGt=../../cp2016-max-common-connected-subgraph-paper/datasets/graphsdb/mcs50/bvg/b06m/mcs50_b06m_s50.B06
Reading graphs...
50 : 150
50 : 150
Initializing...
maxdom : 9
D->valSize : 314
Solving...
Blb : 2 (clique : 14)
currentSize : 14 <-- 0.002153 s
currentSize : 15 <-- 0.002336 s
currentSize : 16 <-- 0.027549 s
currentSize : 17 <-- 0.027579 s
currentSize : 18 <-- 0.042145 s
currentSize : 19 <-- 0.071233 s
currentSize : 20 <-- 1.658281 s
currentSize : 21 <-- 1.764571 s
currentSize : 22 <-- 1.764604 s
currentSize : 24 <-- 2.250431 s
currentSize : 25 <-- 3.238355 s

maxsize : 25
nodes : 1236246.000000
filtered : 15342872.000000
time : 5.301998
