Parameters: GAD=1 vflib=1 dir=1 label=1 lowerbound=1 fileNameGp=../../cp2016-max-common-connected-subgraph-paper/datasets/graphsdb/mcs50/m2D/m2Dr4/mcs50_m2Dr4_s50.A04 fileNameGt=../../cp2016-max-common-connected-subgraph-paper/datasets/graphsdb/mcs50/m2D/m2Dr4/mcs50_m2Dr4_s50.B04
Reading graphs...
50 : 105
50 : 105
Initializing...
maxdom : 10
D->valSize : 339
Solving...
Blb : 2 (clique : 21)
currentSize : 21 <-- 0.002468 s
currentSize : 22 <-- 0.007789 s
currentSize : 23 <-- 0.008712 s
currentSize : 24 <-- 0.016531 s
currentSize : 25 <-- 3.369468 s
currentSize : 26 <-- 11.053911 s
currentSize : 27 <-- 11.054309 s

maxsize : 27
nodes : 3359237.000000
filtered : 46845932.000000
time : 14.852955
