Parameters: GAD=1 vflib=1 dir=1 label=1 lowerbound=1 fileNameGp=../../cp2016-max-common-connected-subgraph-paper/datasets/graphsdb/mcs50/m2D/m2D/mcs50_m2D_s70.A06 fileNameGt=../../cp2016-max-common-connected-subgraph-paper/datasets/graphsdb/mcs50/m2D/m2D/mcs50_m2D_s70.B06
Reading graphs...
70 : 123
70 : 123
Initializing...
maxdom : 8
D->valSize : 347
Solving...
Blb : 2 (clique : 29)
currentSize : 29 <-- 0.002958 s
currentSize : 30 <-- 0.035386 s
currentSize : 31 <-- 0.042962 s
currentSize : 32 <-- 0.248755 s
currentSize : 33 <-- 24.294355 s
currentSize : 34 <-- 24.295160 s
currentSize : 35 <-- 40.312855 s
currentSize : 36 <-- 40.314976 s
currentSize : 37 <-- 55.433182 s
currentSize : 38 <-- 68.106621 s
currentSize : 39 <-- 236.718918 s

maxsize : 39
nodes : 114712244.000000
filtered : 1102431164.000000
time : 578.409546
