Parameters: GAD=1 vflib=1 dir=1 label=1 lowerbound=1 fileNameGp=../../cp2016-max-common-connected-subgraph-paper/datasets/graphsdb/mcs50/bvg/b09/mcs50_b09_s50.A05 fileNameGt=../../cp2016-max-common-connected-subgraph-paper/datasets/graphsdb/mcs50/bvg/b09/mcs50_b09_s50.B05
Reading graphs...
50 : 225
50 : 225
Initializing...
maxdom : 10
D->valSize : 321
Solving...
Blb : 2 (clique : 14)
currentSize : 14 <-- 0.002129 s
currentSize : 15 <-- 0.002239 s
currentSize : 16 <-- 0.002271 s
currentSize : 17 <-- 0.002414 s
currentSize : 23 <-- 0.253655 s
currentSize : 24 <-- 0.253763 s
currentSize : 25 <-- 0.253968 s

maxsize : 25
nodes : 69875.000000
filtered : 1227021.000000
time : 0.328814
