Parameters: GAD=1 vflib=1 dir=1 label=1 lowerbound=1 fileNameGp=../../cp2016-max-common-connected-subgraph-paper/datasets/graphsdb/mcs50/m2D/m2Dr6/mcs50_m2Dr6_s50.A02 fileNameGt=../../cp2016-max-common-connected-subgraph-paper/datasets/graphsdb/mcs50/m2D/m2Dr6/mcs50_m2Dr6_s50.B02
Reading graphs...
50 : 115
50 : 115
Initializing...
maxdom : 9
D->valSize : 350
Solving...
Blb : 3 (clique : 18)
currentSize : 18 <-- 0.002539 s
currentSize : 19 <-- 0.002699 s
currentSize : 20 <-- 0.003110 s
currentSize : 21 <-- 0.117995 s
currentSize : 22 <-- 3.416841 s
currentSize : 23 <-- 6.698653 s
currentSize : 26 <-- 11.278530 s
currentSize : 27 <-- 11.303915 s

maxsize : 27
nodes : 4852354.000000
filtered : 79546868.000000
time : 22.884628
