Parameters: GAD=1 vflib=1 dir=1 label=1 lowerbound=1 fileNameGp=../../cp2016-max-common-connected-subgraph-paper/datasets/graphsdb/mcs50/m3D/m3Dr6/mcs50_m3Dr6_s50.A05 fileNameGt=../../cp2016-max-common-connected-subgraph-paper/datasets/graphsdb/mcs50/m3D/m3Dr6/mcs50_m3Dr6_s50.B05
Reading graphs...
50 : 139
50 : 136
Initializing...
maxdom : 11
D->valSize : 331
Solving...
Blb : 2 (clique : 18)
currentSize : 18 <-- 0.002360 s
currentSize : 19 <-- 0.018806 s
currentSize : 20 <-- 0.018933 s
currentSize : 21 <-- 0.026060 s
currentSize : 22 <-- 0.026087 s
currentSize : 23 <-- 0.324957 s
currentSize : 24 <-- 0.325448 s
currentSize : 25 <-- 0.325512 s
currentSize : 26 <-- 0.332282 s
currentSize : 27 <-- 0.332381 s

maxsize : 27
nodes : 288176.000000
filtered : 2460659.000000
time : 1.116732
