Parameters: GAD=1 vflib=1 dir=1 label=1 lowerbound=1 fileNameGp=../../cp2016-max-common-connected-subgraph-paper/datasets/graphsdb/mcs50/rand/r01/mcs50_r01_s100.A08 fileNameGt=../../cp2016-max-common-connected-subgraph-paper/datasets/graphsdb/mcs50/rand/r01/mcs50_r01_s100.B08
Reading graphs...
100 : 989
100 : 989
Initializing...
maxdom : 6
D->valSize : 360
Solving...
Blb : 2 (clique : 23)
currentSize : 23 <-- 0.003475 s
currentSize : 28 <-- 0.003876 s
currentSize : 29 <-- 0.070569 s
currentSize : 31 <-- 0.070890 s
currentSize : 39 <-- 0.071238 s
currentSize : 40 <-- 0.071750 s
currentSize : 46 <-- 0.263872 s
currentSize : 50 <-- 0.264123 s

maxsize : 50
nodes : 80033.000000
filtered : 966566.000000
time : 0.559746
