Parameters: GAD=1 vflib=1 dir=1 label=1 lowerbound=1 fileNameGp=../../cp2016-max-common-connected-subgraph-paper/datasets/graphsdb/mcs50/bvg/b09m/mcs50_b09m_s70.A01 fileNameGt=../../cp2016-max-common-connected-subgraph-paper/datasets/graphsdb/mcs50/bvg/b09m/mcs50_b09m_s70.B01
Reading graphs...
70 : 315
70 : 315
Initializing...
maxdom : 9
D->valSize : 339
Solving...
Blb : 3 (clique : 23)
currentSize : 23 <-- 0.004074 s
currentSize : 24 <-- 3.010747 s
currentSize : 27 <-- 7.719664 s
currentSize : 28 <-- 9.284750 s
currentSize : 30 <-- 9.284888 s
currentSize : 31 <-- 9.286412 s
currentSize : 33 <-- 9.647930 s
currentSize : 34 <-- 9.648003 s

maxsize : 34
nodes : 2701624.000000
filtered : 25390207.000000
time : 12.824310
