Parameters: GAD=1 vflib=1 dir=1 label=1 lowerbound=1 fileNameGp=../../cp2016-max-common-connected-subgraph-paper/datasets/graphsdb/mcs50/bvg/b03m/mcs50_b03m_s90.A04 fileNameGt=../../cp2016-max-common-connected-subgraph-paper/datasets/graphsdb/mcs50/bvg/b03m/mcs50_b03m_s90.B04
Reading graphs...
90 : 135
90 : 135
Initializing...
maxdom : 10
D->valSize : 572
Solving...
Blb : 5 (clique : 39)
currentSize : 39 <-- 0.007205 s
currentSize : 40 <-- 0.007724 s
currentSize : 41 <-- 0.009230 s
currentSize : 42 <-- 0.013529 s
currentSize : 43 <-- 0.063952 s
currentSize : 44 <-- 1.065580 s
currentSize : 45 <-- 1.177148 s
currentSize : 46 <-- 8.455452 s
currentSize : 47 <-- 8.662657 s
currentSize : 48 <-- 8.662936 s

TIMEOUT
maxsize : 48
nodes : 211369427.000000
filtered : 1023173590.000000
time : 1000.000061
