Parameters: GAD=1 vflib=1 dir=1 label=1 lowerbound=1 fileNameGp=../../cp2016-max-common-connected-subgraph-paper/datasets/graphsdb/mcs50/rand/r005/mcs50_r005_s80.A03 fileNameGt=../../cp2016-max-common-connected-subgraph-paper/datasets/graphsdb/mcs50/rand/r005/mcs50_r005_s80.B03
Reading graphs...
80 : 315
80 : 315
Initializing...
maxdom : 8
D->valSize : 410
Solving...
Blb : 5 (clique : 22)
currentSize : 22 <-- 0.003711 s
currentSize : 23 <-- 14.389977 s
currentSize : 24 <-- 25.853661 s
currentSize : 25 <-- 31.527382 s
currentSize : 26 <-- 31.527418 s
currentSize : 27 <-- 31.576036 s
currentSize : 28 <-- 31.576872 s
currentSize : 29 <-- 31.576912 s
currentSize : 30 <-- 47.466793 s
currentSize : 31 <-- 47.466888 s
currentSize : 33 <-- 65.067451 s
currentSize : 34 <-- 65.067680 s
currentSize : 35 <-- 65.067810 s
currentSize : 36 <-- 100.666290 s
currentSize : 38 <-- 100.666443 s
currentSize : 39 <-- 100.666618 s
currentSize : 40 <-- 105.981186 s

maxsize : 40
nodes : 20804381.000000
filtered : 228341331.000000
time : 114.143448
