Parameters: GAD=1 vflib=1 dir=1 label=1 lowerbound=1 fileNameGp=../../cp2016-max-common-connected-subgraph-paper/datasets/graphsdb/mcs50/m2D/m2D/mcs50_m2D_s70.A05 fileNameGt=../../cp2016-max-common-connected-subgraph-paper/datasets/graphsdb/mcs50/m2D/m2D/mcs50_m2D_s70.B05
Reading graphs...
70 : 123
70 : 123
Initializing...
maxdom : 8
D->valSize : 370
Solving...
Blb : 2 (clique : 31)
currentSize : 31 <-- 0.005318 s
currentSize : 32 <-- 58.233192 s
currentSize : 33 <-- 60.424088 s
currentSize : 34 <-- 113.889580 s
currentSize : 35 <-- 186.324829 s
currentSize : 36 <-- 364.850098 s
currentSize : 37 <-- 776.814575 s

TIMEOUT
maxsize : 37
nodes : 202716082.000000
filtered : 1654841594.000000
time : 1000.000000
