Parameters: GAD=1 vflib=1 dir=1 label=1 lowerbound=1 fileNameGp=../../cp2016-max-common-connected-subgraph-paper/datasets/graphsdb/mcs50/m2D/m2Dr6/mcs50_m2Dr6_s100.A08 fileNameGt=../../cp2016-max-common-connected-subgraph-paper/datasets/graphsdb/mcs50/m2D/m2Dr6/mcs50_m2Dr6_s100.B08
Reading graphs...
100 : 240
100 : 239
Initializing...
maxdom : 8
D->valSize : 394
Solving...
Blb : 2 (clique : 29)
currentSize : 29 <-- 0.004193 s
currentSize : 30 <-- 0.027175 s
currentSize : 31 <-- 0.072137 s
currentSize : 32 <-- 0.118496 s
currentSize : 33 <-- 0.212499 s
currentSize : 34 <-- 0.222860 s
currentSize : 35 <-- 0.269701 s
currentSize : 36 <-- 0.625992 s
currentSize : 37 <-- 0.628837 s
currentSize : 39 <-- 0.991688 s
currentSize : 40 <-- 0.994972 s
currentSize : 41 <-- 9.907000 s
currentSize : 42 <-- 10.849252 s
currentSize : 44 <-- 10.849316 s
currentSize : 45 <-- 343.806335 s
currentSize : 46 <-- 343.806671 s

TIMEOUT
maxsize : 46
nodes : 174230434.000000
filtered : 1011939741.000000
time : 1000.000061
