Parameters: GAD=1 vflib=1 dir=1 label=1 lowerbound=1 fileNameGp=../../cp2016-max-common-connected-subgraph-paper/datasets/graphsdb/mcs50/bvg/b09m/mcs50_b09m_s70.A08 fileNameGt=../../cp2016-max-common-connected-subgraph-paper/datasets/graphsdb/mcs50/bvg/b09m/mcs50_b09m_s70.B08
Reading graphs...
70 : 315
70 : 315
Initializing...
maxdom : 10
D->valSize : 342
Solving...
Blb : 3 (clique : 24)
currentSize : 24 <-- 0.002635 s
currentSize : 29 <-- 2.684390 s
currentSize : 30 <-- 2.684597 s
currentSize : 31 <-- 2.684640 s
currentSize : 32 <-- 2.693442 s
currentSize : 33 <-- 2.693649 s
currentSize : 34 <-- 2.715003 s

maxsize : 34
nodes : 1762682.000000
filtered : 13033784.000000
time : 8.233618
