Parameters: GAD=1 vflib=1 dir=1 label=1 lowerbound=1 fileNameGp=../../cp2016-max-common-connected-subgraph-paper/datasets/graphsdb/mcs50/m2D/m2D/mcs50_m2D_s60.A08 fileNameGt=../../cp2016-max-common-connected-subgraph-paper/datasets/graphsdb/mcs50/m2D/m2D/mcs50_m2D_s60.B08
Reading graphs...
60 : 104
60 : 104
Initializing...
maxdom : 8
D->valSize : 257
Solving...
Blb : 2 (clique : 24)
currentSize : 24 <-- 0.001849 s
currentSize : 25 <-- 0.002107 s
currentSize : 26 <-- 0.002350 s
currentSize : 27 <-- 0.003940 s
currentSize : 28 <-- 0.019653 s
currentSize : 29 <-- 50.469746 s

maxsize : 29
nodes : 23332634.000000
filtered : 200747079.000000
time : 111.705391
