Parameters: GAD=1 vflib=1 dir=1 label=1 lowerbound=1 fileNameGp=../../cp2016-max-common-connected-subgraph-paper/datasets/graphsdb/mcs50/m2D/m2D/mcs50_m2D_s80.A06 fileNameGt=../../cp2016-max-common-connected-subgraph-paper/datasets/graphsdb/mcs50/m2D/m2D/mcs50_m2D_s80.B06
Reading graphs...
80 : 142
80 : 142
Initializing...
maxdom : 9
D->valSize : 454
Solving...
Blb : 2 (clique : 31)
currentSize : 31 <-- 0.007206 s
currentSize : 32 <-- 0.007527 s
currentSize : 33 <-- 0.007655 s
currentSize : 34 <-- 18.604843 s
currentSize : 35 <-- 39.202290 s
currentSize : 36 <-- 370.193604 s

TIMEOUT
maxsize : 36
nodes : 212992040.000000
filtered : 1451928433.000000
time : 1000.000000
