Parameters: GAD=1 vflib=1 dir=1 label=1 lowerbound=1 fileNameGp=../../cp2016-max-common-connected-subgraph-paper/datasets/graphsdb/mcs50/rand/r005/mcs50_r005_s90.A02 fileNameGt=../../cp2016-max-common-connected-subgraph-paper/datasets/graphsdb/mcs50/rand/r005/mcs50_r005_s90.B02
Reading graphs...
90 : 399
90 : 399
Initializing...
maxdom : 11
D->valSize : 518
Solving...
Blb : 2 (clique : 19)
currentSize : 19 <-- 0.005611 s
currentSize : 20 <-- 0.006191 s
currentSize : 21 <-- 0.049777 s
currentSize : 22 <-- 0.479639 s
currentSize : 23 <-- 0.639349 s
currentSize : 24 <-- 1.421867 s
currentSize : 25 <-- 1.843243 s
currentSize : 26 <-- 5.548084 s
currentSize : 27 <-- 10.017885 s
currentSize : 28 <-- 10.018014 s
currentSize : 29 <-- 26.661699 s
currentSize : 30 <-- 29.388575 s
currentSize : 33 <-- 29.388660 s
currentSize : 34 <-- 35.791943 s
currentSize : 35 <-- 35.792049 s
currentSize : 36 <-- 46.577744 s
currentSize : 39 <-- 53.985626 s
currentSize : 45 <-- 237.763062 s

maxsize : 45
nodes : 41778126.000000
filtered : 680346128.000000
time : 287.125946
