Parameters: GAD=1 vflib=1 dir=1 label=1 lowerbound=1 fileNameGp=../../cp2016-max-common-connected-subgraph-paper/datasets/graphsdb/mcs50/m3D/m3Dr2/mcs50_m3Dr2_s50.A07 fileNameGt=../../cp2016-max-common-connected-subgraph-paper/datasets/graphsdb/mcs50/m3D/m3Dr2/mcs50_m3Dr2_s50.B07
Reading graphs...
50 : 119
50 : 119
Initializing...
maxdom : 9
D->valSize : 324
Solving...
Blb : 5 (clique : 17)
currentSize : 17 <-- 0.002868 s
currentSize : 20 <-- 0.003045 s
currentSize : 21 <-- 0.003789 s
currentSize : 22 <-- 0.004323 s
currentSize : 24 <-- 0.004719 s
currentSize : 25 <-- 0.004759 s
currentSize : 26 <-- 0.005375 s
currentSize : 27 <-- 1.395629 s
currentSize : 28 <-- 1.395690 s
currentSize : 29 <-- 1.395945 s

maxsize : 29
nodes : 454808.000000
filtered : 5231533.000000
time : 2.030713
