Parameters: GAD=1 vflib=1 dir=1 label=1 lowerbound=1 fileNameGp=../../cp2016-max-common-connected-subgraph-paper/datasets/graphsdb/mcs50/m2D/m2Dr4/mcs50_m2Dr4_s80.A08 fileNameGt=../../cp2016-max-common-connected-subgraph-paper/datasets/graphsdb/mcs50/m2D/m2Dr4/mcs50_m2Dr4_s80.B08
Reading graphs...
80 : 174
80 : 173
Initializing...
maxdom : 10
D->valSize : 419
Solving...
Blb : 2 (clique : 34)
currentSize : 34 <-- 0.004068 s
currentSize : 35 <-- 0.004302 s
currentSize : 36 <-- 0.054455 s
currentSize : 37 <-- 0.397793 s
currentSize : 38 <-- 0.802923 s
currentSize : 39 <-- 1.064599 s
currentSize : 40 <-- 2.391020 s
currentSize : 41 <-- 47.625710 s

TIMEOUT
maxsize : 41
nodes : 195081666.000000
filtered : 1594899598.000000
time : 1000.000122
