Parameters: GAD=1 vflib=1 dir=1 label=1 lowerbound=1 fileNameGp=../../cp2016-max-common-connected-subgraph-paper/datasets/graphsdb/mcs50/bvg/b03m/mcs50_b03m_s80.A00 fileNameGt=../../cp2016-max-common-connected-subgraph-paper/datasets/graphsdb/mcs50/bvg/b03m/mcs50_b03m_s80.B00
Reading graphs...
80 : 120
80 : 120
Initializing...
maxdom : 9
D->valSize : 444
Solving...
Blb : 2 (clique : 39)
currentSize : 39 <-- 0.007059 s
currentSize : 40 <-- 1.147641 s
currentSize : 41 <-- 82.825455 s
currentSize : 42 <-- 82.827492 s
currentSize : 43 <-- 82.951508 s
currentSize : 44 <-- 263.149750 s

TIMEOUT
maxsize : 44
nodes : 185627922.000000
filtered : 1744008172.000000
time : 1000.000061
