Parameters: GAD=1 vflib=1 dir=1 label=1 lowerbound=1 fileNameGp=../../cp2016-max-common-connected-subgraph-paper/datasets/graphsdb/mcs50/bvg/b06m/mcs50_b06m_s80.A07 fileNameGt=../../cp2016-max-common-connected-subgraph-paper/datasets/graphsdb/mcs50/bvg/b06m/mcs50_b06m_s80.B07
Reading graphs...
80 : 240
80 : 240
Initializing...
maxdom : 10
D->valSize : 402
Solving...
Blb : 2 (clique : 35)
currentSize : 35 <-- 0.003692 s
currentSize : 36 <-- 0.003929 s
currentSize : 37 <-- 0.005542 s
currentSize : 38 <-- 0.105814 s
currentSize : 39 <-- 2.648372 s
currentSize : 40 <-- 3.063599 s

maxsize : 40
nodes : 35138668.000000
filtered : 170572813.000000
time : 163.495346
