Parameters: GAD=1 vflib=1 dir=1 label=1 lowerbound=1 fileNameGp=../../cp2016-max-common-connected-subgraph-paper/datasets/graphsdb/mcs50/bvg/b06/mcs50_b06_s70.A06 fileNameGt=../../cp2016-max-common-connected-subgraph-paper/datasets/graphsdb/mcs50/bvg/b06/mcs50_b06_s70.B06
Reading graphs...
70 : 210
70 : 210
Initializing...
maxdom : 8
D->valSize : 357
Solving...
Blb : 2 (clique : 31)
currentSize : 31 <-- 0.002942 s
currentSize : 33 <-- 0.003128 s
currentSize : 34 <-- 0.003285 s
currentSize : 35 <-- 33.648769 s
currentSize : 36 <-- 33.648911 s
currentSize : 37 <-- 33.746098 s

maxsize : 37
nodes : 19027988.000000
filtered : 140161245.000000
time : 91.751472
