Parameters: GAD=1 vflib=1 dir=1 label=1 lowerbound=1 fileNameGp=../../cp2016-max-common-connected-subgraph-paper/datasets/graphsdb/mcs50/bvg/b09/mcs50_b09_s100.A05 fileNameGt=../../cp2016-max-common-connected-subgraph-paper/datasets/graphsdb/mcs50/bvg/b09/mcs50_b09_s100.B05
Reading graphs...
100 : 450
100 : 450
Initializing...
maxdom : 7
D->valSize : 348
Solving...
Blb : 3 (clique : 34)
currentSize : 34 <-- 0.005190 s
currentSize : 37 <-- 0.553043 s
currentSize : 38 <-- 0.553980 s
currentSize : 39 <-- 0.554076 s
currentSize : 41 <-- 0.557318 s
currentSize : 42 <-- 0.751779 s
currentSize : 43 <-- 0.753876 s
currentSize : 44 <-- 4.620179 s
currentSize : 45 <-- 5.199724 s
currentSize : 46 <-- 5.207151 s
currentSize : 48 <-- 25.952335 s
currentSize : 49 <-- 85.111282 s
currentSize : 50 <-- 85.122963 s
currentSize : 51 <-- 116.688843 s

maxsize : 51
nodes : 62686077.000000
filtered : 280721594.000000
time : 332.112549
