Parameters: GAD=1 vflib=1 dir=1 label=1 lowerbound=1 fileNameGp=../../cp2016-max-common-connected-subgraph-paper/datasets/graphsdb/mcs50/m3D/m3Dr6/mcs50_m3Dr6_s60.A03 fileNameGt=../../cp2016-max-common-connected-subgraph-paper/datasets/graphsdb/mcs50/m3D/m3Dr6/mcs50_m3Dr6_s60.B03
Reading graphs...
60 : 170
60 : 170
Initializing...
maxdom : 8
D->valSize : 240
Solving...
Blb : 2 (clique : 21)
currentSize : 21 <-- 0.001589 s
currentSize : 23 <-- 0.001712 s
currentSize : 24 <-- 0.001801 s
currentSize : 25 <-- 0.002701 s
currentSize : 26 <-- 0.033593 s
currentSize : 27 <-- 0.033904 s
currentSize : 28 <-- 1.052591 s

maxsize : 28
nodes : 1462159.000000
filtered : 7750249.000000
time : 5.918604
