Parameters: GAD=1 vflib=1 dir=1 label=1 lowerbound=1 fileNameGp=../../cp2016-max-common-connected-subgraph-paper/datasets/graphsdb/mcs50/m3D/m3Dr6/mcs50_m3Dr6_s50.A03 fileNameGt=../../cp2016-max-common-connected-subgraph-paper/datasets/graphsdb/mcs50/m3D/m3Dr6/mcs50_m3Dr6_s50.B03
Reading graphs...
50 : 139
50 : 138
Initializing...
maxdom : 9
D->valSize : 341
Solving...
Blb : 3 (clique : 16)
currentSize : 16 <-- 0.002539 s
currentSize : 17 <-- 0.008175 s
currentSize : 18 <-- 0.139554 s
currentSize : 19 <-- 0.561927 s
currentSize : 20 <-- 4.156300 s
currentSize : 21 <-- 4.477733 s
currentSize : 22 <-- 6.236881 s
currentSize : 23 <-- 10.609069 s
currentSize : 24 <-- 10.609132 s
currentSize : 25 <-- 10.609574 s
currentSize : 26 <-- 10.609648 s
currentSize : 27 <-- 12.171243 s

maxsize : 27
nodes : 2924353.000000
filtered : 47277884.000000
time : 13.130098
