Parameters: GAD=1 vflib=1 dir=1 label=1 lowerbound=1 fileNameGp=../../cp2016-max-common-connected-subgraph-paper/datasets/graphsdb/mcs50/rand/r005/mcs50_r005_s100.A04 fileNameGt=../../cp2016-max-common-connected-subgraph-paper/datasets/graphsdb/mcs50/rand/r005/mcs50_r005_s100.B04
Reading graphs...
100 : 494
100 : 494
Initializing...
maxdom : 6
D->valSize : 350
Solving...
Blb : 2 (clique : 34)
currentSize : 34 <-- 0.005490 s
currentSize : 35 <-- 0.006202 s
currentSize : 36 <-- 0.006464 s
currentSize : 37 <-- 0.030952 s
currentSize : 38 <-- 0.031163 s
currentSize : 39 <-- 0.634089 s
currentSize : 40 <-- 0.634220 s
currentSize : 41 <-- 0.634340 s
currentSize : 42 <-- 0.651358 s
currentSize : 43 <-- 0.651495 s
currentSize : 44 <-- 0.651630 s
currentSize : 45 <-- 3.073030 s
currentSize : 46 <-- 3.073187 s
currentSize : 48 <-- 3.074585 s
currentSize : 49 <-- 3.074734 s
currentSize : 50 <-- 3.074874 s

maxsize : 50
nodes : 5326804.000000
filtered : 35120085.000000
time : 30.987185
