Parameters: GAD=1 vflib=1 dir=1 label=1 lowerbound=1 fileNameGp=../../cp2016-max-common-connected-subgraph-paper/datasets/graphsdb/mcs50/bvg/b06m/mcs50_b06m_s60.A05 fileNameGt=../../cp2016-max-common-connected-subgraph-paper/datasets/graphsdb/mcs50/bvg/b06m/mcs50_b06m_s60.B05
Reading graphs...
60 : 180
60 : 180
Initializing...
maxdom : 8
D->valSize : 256
Solving...
Blb : 2 (clique : 23)
currentSize : 23 <-- 0.002153 s
currentSize : 24 <-- 0.002301 s
currentSize : 27 <-- 0.002450 s
currentSize : 28 <-- 0.041815 s
currentSize : 29 <-- 0.155345 s
currentSize : 30 <-- 1.490114 s
currentSize : 31 <-- 1.493492 s
currentSize : 32 <-- 1.571550 s

maxsize : 32
nodes : 2320548.000000
filtered : 9875137.000000
time : 8.875759
