Parameters: GAD=1 vflib=1 dir=1 label=1 lowerbound=1 fileNameGp=../../cp2016-max-common-connected-subgraph-paper/datasets/graphsdb/mcs50/m2D/m2D/mcs50_m2D_s90.A08 fileNameGt=../../cp2016-max-common-connected-subgraph-paper/datasets/graphsdb/mcs50/m2D/m2D/mcs50_m2D_s90.B08
Reading graphs...
90 : 161
90 : 161
Initializing...
maxdom : 9
D->valSize : 533
Solving...
Blb : 5 (clique : 31)
currentSize : 31 <-- 0.010225 s
currentSize : 32 <-- 0.015353 s
currentSize : 33 <-- 0.078592 s
currentSize : 34 <-- 4.095944 s
currentSize : 35 <-- 4.097871 s
currentSize : 36 <-- 29.162161 s
currentSize : 37 <-- 59.030128 s
currentSize : 38 <-- 59.030872 s
currentSize : 39 <-- 448.548553 s
currentSize : 40 <-- 448.549408 s
currentSize : 41 <-- 448.877625 s
currentSize : 42 <-- 485.902740 s

TIMEOUT
maxsize : 42
nodes : 184438624.000000
filtered : 1231677970.000000
time : 1000.000061
