Parameters: GAD=1 vflib=1 dir=1 label=1 lowerbound=1 fileNameGp=../../cp2016-max-common-connected-subgraph-paper/datasets/graphsdb/mcs50/bvg/b06m/mcs50_b06m_s80.A09 fileNameGt=../../cp2016-max-common-connected-subgraph-paper/datasets/graphsdb/mcs50/bvg/b06m/mcs50_b06m_s80.B09
Reading graphs...
80 : 240
80 : 240
Initializing...
maxdom : 10
D->valSize : 458
Solving...
Blb : 3 (clique : 32)
currentSize : 32 <-- 0.004650 s
currentSize : 33 <-- 2.678887 s
currentSize : 34 <-- 72.342987 s
currentSize : 36 <-- 72.343109 s
currentSize : 37 <-- 72.343796 s
currentSize : 38 <-- 72.343971 s
currentSize : 39 <-- 292.512299 s
currentSize : 40 <-- 419.422058 s

maxsize : 40
nodes : 90997156.000000
filtered : 1116763800.000000
time : 515.326599
