Parameters: GAD=1 vflib=1 dir=1 label=1 lowerbound=1 fileNameGp=../../cp2016-max-common-connected-subgraph-paper/datasets/graphsdb/mcs50/rand/r01/mcs50_r01_s80.A04 fileNameGt=../../cp2016-max-common-connected-subgraph-paper/datasets/graphsdb/mcs50/rand/r01/mcs50_r01_s80.B04
Reading graphs...
80 : 631
80 : 631
Initializing...
maxdom : 9
D->valSize : 406
Solving...
Blb : 2 (clique : 15)
currentSize : 15 <-- 0.004506 s
currentSize : 16 <-- 0.010909 s
currentSize : 18 <-- 0.010951 s
currentSize : 20 <-- 0.077652 s
currentSize : 21 <-- 0.250032 s
currentSize : 25 <-- 0.582745 s
currentSize : 27 <-- 0.717122 s
currentSize : 28 <-- 0.797152 s
currentSize : 29 <-- 0.844983 s
currentSize : 40 <-- 0.845487 s

maxsize : 40
nodes : 172328.000000
filtered : 2312684.000000
time : 0.988395
