Parameters: GAD=1 vflib=1 dir=1 label=1 lowerbound=1 fileNameGp=../../cp2016-max-common-connected-subgraph-paper/datasets/graphsdb/mcs50/bvg/b09/mcs50_b09_s80.A06 fileNameGt=../../cp2016-max-common-connected-subgraph-paper/datasets/graphsdb/mcs50/bvg/b09/mcs50_b09_s80.B06
Reading graphs...
80 : 360
80 : 360
Initializing...
maxdom : 8
D->valSize : 447
Solving...
Blb : 3 (clique : 26)
currentSize : 26 <-- 0.006650 s
currentSize : 30 <-- 0.008633 s
currentSize : 31 <-- 0.010020 s
currentSize : 32 <-- 0.062008 s
currentSize : 33 <-- 8.809570 s
currentSize : 35 <-- 8.809877 s
currentSize : 37 <-- 8.812250 s
currentSize : 38 <-- 8.825644 s
currentSize : 39 <-- 22.602476 s
currentSize : 40 <-- 22.687748 s

maxsize : 40
nodes : 15800089.000000
filtered : 117216635.000000
time : 80.142273
