Parameters: GAD=1 vflib=1 dir=1 label=1 lowerbound=1 fileNameGp=../../cp2016-max-common-connected-subgraph-paper/datasets/graphsdb/mcs50/bvg/b03m/mcs50_b03m_s60.A09 fileNameGt=../../cp2016-max-common-connected-subgraph-paper/datasets/graphsdb/mcs50/bvg/b03m/mcs50_b03m_s60.B09
Reading graphs...
60 : 90
60 : 90
Initializing...
maxdom : 8
D->valSize : 280
Solving...
Blb : 2 (clique : 28)
currentSize : 28 <-- 0.003067 s
currentSize : 29 <-- 1.987578 s
currentSize : 30 <-- 2.012307 s
currentSize : 31 <-- 89.217133 s
currentSize : 32 <-- 91.826607 s
currentSize : 33 <-- 162.301392 s

maxsize : 33
nodes : 44688068.000000
filtered : 342625140.000000
time : 191.672577
