Parameters: GAD=1 vflib=1 dir=1 label=1 lowerbound=1 fileNameGp=../../cp2016-max-common-connected-subgraph-paper/datasets/graphsdb/mcs50/rand/r02/mcs50_r02_s80.A07 fileNameGt=../../cp2016-max-common-connected-subgraph-paper/datasets/graphsdb/mcs50/rand/r02/mcs50_r02_s80.B07
Reading graphs...
80 : 1263
80 : 1263
Initializing...
maxdom : 11
D->valSize : 397
Solving...
Blb : 2 (clique : 7)
currentSize : 7 <-- 0.003322 s
currentSize : 9 <-- 0.003395 s
currentSize : 10 <-- 0.004039 s
currentSize : 12 <-- 0.004091 s
currentSize : 16 <-- 0.008112 s
currentSize : 17 <-- 0.018723 s
currentSize : 20 <-- 0.021573 s
currentSize : 25 <-- 0.021784 s
currentSize : 40 <-- 0.022120 s

maxsize : 40
nodes : 4856.000000
filtered : 100857.000000
time : 0.032226
