Parameters: GAD=1 vflib=1 dir=1 label=1 lowerbound=1 fileNameGp=../../cp2016-max-common-connected-subgraph-paper/datasets/graphsdb/mcs50/rand/r01/mcs50_r01_s100.A05 fileNameGt=../../cp2016-max-common-connected-subgraph-paper/datasets/graphsdb/mcs50/rand/r01/mcs50_r01_s100.B05
Reading graphs...
100 : 989
100 : 989
Initializing...
maxdom : 6
D->valSize : 366
Solving...
Blb : 2 (clique : 14)
currentSize : 14 <-- 0.005357 s
currentSize : 15 <-- 0.006989 s
currentSize : 16 <-- 0.012488 s
currentSize : 17 <-- 0.012702 s
currentSize : 21 <-- 0.025415 s
currentSize : 22 <-- 0.025544 s
currentSize : 25 <-- 0.055538 s
currentSize : 27 <-- 0.173850 s
currentSize : 35 <-- 0.174001 s
currentSize : 37 <-- 0.472125 s
currentSize : 40 <-- 0.472458 s
currentSize : 50 <-- 0.472714 s

maxsize : 50
nodes : 96643.000000
filtered : 1155602.000000
time : 0.713318
