Parameters: GAD=1 vflib=1 dir=1 label=1 lowerbound=1 fileNameGp=../../cp2016-max-common-connected-subgraph-paper/datasets/graphsdb/mcs50/m3D/m3Dr6/mcs50_m3Dr6_s60.A07 fileNameGt=../../cp2016-max-common-connected-subgraph-paper/datasets/graphsdb/mcs50/m3D/m3Dr6/mcs50_m3Dr6_s60.B07
Reading graphs...
60 : 170
60 : 170
Initializing...
maxdom : 7
D->valSize : 260
Solving...
Blb : 2 (clique : 17)
currentSize : 17 <-- 0.001782 s
currentSize : 18 <-- 0.006170 s
currentSize : 19 <-- 0.016696 s
currentSize : 20 <-- 1.493678 s
currentSize : 21 <-- 1.765051 s
currentSize : 22 <-- 3.998617 s
currentSize : 23 <-- 6.487288 s
currentSize : 24 <-- 26.217220 s
currentSize : 25 <-- 26.217630 s
currentSize : 26 <-- 30.542688 s
currentSize : 27 <-- 30.544390 s

maxsize : 27
nodes : 11475146.000000
filtered : 83166311.000000
time : 46.734364
