Parameters: GAD=1 vflib=1 dir=1 label=1 lowerbound=1 fileNameGp=../../cp2016-max-common-connected-subgraph-paper/datasets/graphsdb/mcs50/bvg/b03m/mcs50_b03m_s100.A02 fileNameGt=../../cp2016-max-common-connected-subgraph-paper/datasets/graphsdb/mcs50/bvg/b03m/mcs50_b03m_s100.B02
Reading graphs...
100 : 150
100 : 150
Initializing...
maxdom : 7
D->valSize : 358
Solving...
Blb : 2 (clique : 41)
currentSize : 41 <-- 0.006142 s
currentSize : 42 <-- 0.067360 s
currentSize : 43 <-- 0.350614 s
currentSize : 47 <-- 0.489115 s
currentSize : 48 <-- 0.501554 s
currentSize : 49 <-- 734.612305 s
currentSize : 50 <-- 734.612427 s
currentSize : 51 <-- 753.321106 s

TIMEOUT
maxsize : 51
nodes : 204292472.000000
filtered : 752136926.000000
time : 1000.000061
