Parameters: GAD=1 vflib=1 dir=1 label=1 lowerbound=1 fileNameGp=../../cp2016-max-common-connected-subgraph-paper/datasets/graphsdb/mcs50/rand/r01/mcs50_r01_s90.A03 fileNameGt=../../cp2016-max-common-connected-subgraph-paper/datasets/graphsdb/mcs50/rand/r01/mcs50_r01_s90.B03
Reading graphs...
90 : 800
90 : 800
Initializing...
maxdom : 9
D->valSize : 510
Solving...
Blb : 3 (clique : 20)
currentSize : 20 <-- 0.005427 s
currentSize : 21 <-- 0.005737 s
currentSize : 23 <-- 0.005847 s
currentSize : 24 <-- 0.007099 s
currentSize : 25 <-- 0.007292 s
currentSize : 30 <-- 0.007418 s
currentSize : 31 <-- 0.556643 s
currentSize : 34 <-- 1.232806 s
currentSize : 38 <-- 1.623701 s
currentSize : 45 <-- 1.904653 s

maxsize : 45
nodes : 350625.000000
filtered : 7091279.000000
time : 2.517469
