Parameters: GAD=1 vflib=1 dir=1 label=1 lowerbound=1 fileNameGp=../../cp2016-max-common-connected-subgraph-paper/datasets/graphsdb/mcs50/bvg/b09m/mcs50_b09m_s90.A03 fileNameGt=../../cp2016-max-common-connected-subgraph-paper/datasets/graphsdb/mcs50/bvg/b09m/mcs50_b09m_s90.B03
Reading graphs...
90 : 405
90 : 405
Initializing...
maxdom : 10
D->valSize : 572
Solving...
Blb : 3 (clique : 38)
currentSize : 38 <-- 0.010578 s
currentSize : 39 <-- 29.463491 s
currentSize : 40 <-- 29.463598 s
currentSize : 41 <-- 29.463892 s
currentSize : 42 <-- 140.922379 s
currentSize : 43 <-- 140.922531 s
currentSize : 44 <-- 140.924057 s

maxsize : 44
nodes : 186221395.000000
filtered : 938931745.000000
time : 919.316833
