Parameters: GAD=1 vflib=1 dir=1 label=1 lowerbound=1 fileNameGp=../../cp2016-max-common-connected-subgraph-paper/datasets/graphsdb/mcs50/bvg/b09/mcs50_b09_s60.A04 fileNameGt=../../cp2016-max-common-connected-subgraph-paper/datasets/graphsdb/mcs50/bvg/b09/mcs50_b09_s60.B04
Reading graphs...
60 : 270
60 : 270
Initializing...
maxdom : 8
D->valSize : 250
Solving...
Blb : 2 (clique : 17)
currentSize : 17 <-- 0.001706 s
currentSize : 18 <-- 0.006584 s
currentSize : 19 <-- 0.010250 s
currentSize : 20 <-- 1.115785 s
currentSize : 21 <-- 1.139933 s
currentSize : 26 <-- 1.567736 s
currentSize : 28 <-- 1.568150 s
currentSize : 30 <-- 1.593437 s

maxsize : 30
nodes : 530928.000000
filtered : 3291002.000000
time : 2.070357
