Parameters: GAD=1 vflib=1 dir=1 label=1 lowerbound=1 fileNameGp=../../cp2016-max-common-connected-subgraph-paper/datasets/graphsdb/mcs50/m2D/m2Dr4/mcs50_m2Dr4_s60.A00 fileNameGt=../../cp2016-max-common-connected-subgraph-paper/datasets/graphsdb/mcs50/m2D/m2Dr4/mcs50_m2Dr4_s60.B00
Reading graphs...
60 : 128
60 : 127
Initializing...
maxdom : 6
D->valSize : 238
Solving...
Blb : 2 (clique : 20)
currentSize : 20 <-- 0.001684 s
currentSize : 21 <-- 0.001857 s
currentSize : 22 <-- 0.194586 s
currentSize : 23 <-- 0.194791 s
currentSize : 24 <-- 0.194901 s
currentSize : 25 <-- 1.124178 s
currentSize : 26 <-- 8.202789 s
currentSize : 27 <-- 13.181066 s
currentSize : 28 <-- 13.189172 s
currentSize : 29 <-- 13.616792 s
currentSize : 30 <-- 13.760281 s

maxsize : 30
nodes : 4594471.000000
filtered : 24313108.000000
time : 18.059732
