Parameters: GAD=1 vflib=1 dir=1 label=1 lowerbound=1 fileNameGp=../../cp2016-max-common-connected-subgraph-paper/datasets/graphsdb/mcs50/rand/r005/mcs50_r005_s80.A08 fileNameGt=../../cp2016-max-common-connected-subgraph-paper/datasets/graphsdb/mcs50/rand/r005/mcs50_r005_s80.B08
Reading graphs...
80 : 315
80 : 315
Initializing...
maxdom : 8
D->valSize : 433
Solving...
Blb : 2 (clique : 21)
currentSize : 21 <-- 0.004225 s
currentSize : 22 <-- 0.004378 s
currentSize : 23 <-- 0.004416 s
currentSize : 24 <-- 0.004524 s
currentSize : 25 <-- 0.004592 s
currentSize : 26 <-- 0.006209 s
currentSize : 27 <-- 0.006388 s
currentSize : 29 <-- 0.007140 s
currentSize : 30 <-- 0.012451 s
currentSize : 32 <-- 0.012911 s
currentSize : 36 <-- 1.044225 s
currentSize : 40 <-- 1.044946 s

maxsize : 40
nodes : 7469585.000000
filtered : 106264067.000000
time : 46.998611
