Parameters: GAD=1 vflib=1 dir=1 label=1 lowerbound=1 fileNameGp=../../cp2016-max-common-connected-subgraph-paper/datasets/graphsdb/mcs50/m2D/m2Dr2/mcs50_m2Dr2_s70.A06 fileNameGt=../../cp2016-max-common-connected-subgraph-paper/datasets/graphsdb/mcs50/m2D/m2Dr2/mcs50_m2Dr2_s70.B06
Reading graphs...
70 : 137
70 : 137
Initializing...
maxdom : 8
D->valSize : 360
Solving...
Blb : 2 (clique : 24)
currentSize : 24 <-- 0.004812 s
currentSize : 28 <-- 0.005054 s
currentSize : 29 <-- 0.007196 s
currentSize : 30 <-- 0.009544 s
currentSize : 31 <-- 0.009664 s
currentSize : 32 <-- 0.010531 s
currentSize : 33 <-- 0.317731 s
currentSize : 34 <-- 6.952910 s
currentSize : 35 <-- 68.875603 s
currentSize : 36 <-- 409.294586 s
currentSize : 37 <-- 409.437592 s
currentSize : 38 <-- 409.988373 s
currentSize : 39 <-- 410.183746 s

maxsize : 39
nodes : 114730364.000000
filtered : 1327053193.000000
time : 677.458313
