Parameters: GAD=1 vflib=1 dir=1 label=1 lowerbound=1 fileNameGp=../../cp2016-max-common-connected-subgraph-paper/datasets/graphsdb/mcs50/bvg/b06m/mcs50_b06m_s50.A01 fileNameGt=../../cp2016-max-common-connected-subgraph-paper/datasets/graphsdb/mcs50/bvg/b06m/mcs50_b06m_s50.B01
Reading graphs...
50 : 150
50 : 150
Initializing...
maxdom : 10
D->valSize : 314
Solving...
Blb : 3 (clique : 17)
currentSize : 17 <-- 0.003313 s
currentSize : 18 <-- 0.223843 s
currentSize : 19 <-- 0.926139 s
currentSize : 20 <-- 2.333249 s
currentSize : 21 <-- 2.333744 s
currentSize : 22 <-- 3.132885 s
currentSize : 23 <-- 4.352656 s
currentSize : 24 <-- 5.797316 s
currentSize : 25 <-- 5.797546 s

maxsize : 25
nodes : 1428181.000000
filtered : 18603197.000000
time : 6.230523
