Parameters: GAD=1 vflib=1 dir=1 label=1 lowerbound=1 fileNameGp=../../cp2016-max-common-connected-subgraph-paper/datasets/graphsdb/mcs50/m2D/m2Dr6/mcs50_m2Dr6_s80.A08 fileNameGt=../../cp2016-max-common-connected-subgraph-paper/datasets/graphsdb/mcs50/m2D/m2Dr6/mcs50_m2Dr6_s80.B08
Reading graphs...
80 : 189
80 : 188
Initializing...
maxdom : 9
D->valSize : 457
Solving...
Blb : 2 (clique : 35)
currentSize : 35 <-- 0.007278 s
currentSize : 36 <-- 0.020514 s
currentSize : 37 <-- 0.021258 s
currentSize : 38 <-- 25.923431 s
currentSize : 39 <-- 25.924805 s
currentSize : 40 <-- 128.892334 s
currentSize : 41 <-- 199.758362 s
currentSize : 42 <-- 199.763733 s

TIMEOUT
maxsize : 42
nodes : 197413961.000000
filtered : 1332924295.000000
time : 1000.000000
