Parameters: GAD=1 vflib=1 dir=1 label=1 lowerbound=1 fileNameGp=../../cp2016-max-common-connected-subgraph-paper/datasets/graphsdb/mcs50/rand/r005/mcs50_r005_s90.A07 fileNameGt=../../cp2016-max-common-connected-subgraph-paper/datasets/graphsdb/mcs50/rand/r005/mcs50_r005_s90.B07
Reading graphs...
90 : 399
90 : 399
Initializing...
maxdom : 10
D->valSize : 563
Solving...
Blb : 2 (clique : 21)
currentSize : 21 <-- 0.006273 s
currentSize : 22 <-- 0.006596 s
currentSize : 23 <-- 0.006931 s
currentSize : 24 <-- 0.006981 s
currentSize : 25 <-- 0.007094 s
currentSize : 26 <-- 17.234444 s
currentSize : 27 <-- 17.283819 s
currentSize : 28 <-- 17.416424 s
currentSize : 29 <-- 35.281219 s
currentSize : 30 <-- 65.301582 s
currentSize : 31 <-- 65.308891 s
currentSize : 32 <-- 87.792206 s
currentSize : 33 <-- 87.792236 s
currentSize : 34 <-- 87.799850 s
currentSize : 35 <-- 130.206192 s
currentSize : 37 <-- 226.501190 s
currentSize : 38 <-- 226.501236 s
currentSize : 39 <-- 276.263367 s
currentSize : 40 <-- 276.263733 s
currentSize : 42 <-- 341.621002 s
currentSize : 43 <-- 396.310822 s
currentSize : 45 <-- 396.311768 s

maxsize : 45
nodes : 59925992.000000
filtered : 1037954465.000000
time : 420.046051
