Parameters: GAD=1 vflib=1 dir=1 label=1 lowerbound=1 fileNameGp=../../cp2016-max-common-connected-subgraph-paper/datasets/graphsdb/mcs50/m2D/m2Dr2/mcs50_m2Dr2_s50.A07 fileNameGt=../../cp2016-max-common-connected-subgraph-paper/datasets/graphsdb/mcs50/m2D/m2Dr2/mcs50_m2Dr2_s50.B07
Reading graphs...
50 : 95
50 : 95
Initializing...
maxdom : 11
D->valSize : 375
Solving...
Blb : 2 (clique : 22)
currentSize : 22 <-- 0.004525 s
currentSize : 23 <-- 0.004735 s
currentSize : 24 <-- 0.004773 s
currentSize : 25 <-- 190.790558 s
currentSize : 26 <-- 190.790634 s
currentSize : 27 <-- 192.292206 s

maxsize : 27
nodes : 49202252.000000
filtered : 563467731.000000
time : 199.975189
