Parameters: GAD=1 vflib=1 dir=1 label=1 lowerbound=1 fileNameGp=../../cp2016-max-common-connected-subgraph-paper/datasets/graphsdb/mcs50/m2D/m2Dr4/mcs50_m2Dr4_s70.A06 fileNameGt=../../cp2016-max-common-connected-subgraph-paper/datasets/graphsdb/mcs50/m2D/m2Dr4/mcs50_m2Dr4_s70.B06
Reading graphs...
70 : 151
70 : 151
Initializing...
maxdom : 9
D->valSize : 358
Solving...
Blb : 2 (clique : 26)
currentSize : 26 <-- 0.002955 s
currentSize : 27 <-- 0.003133 s
currentSize : 28 <-- 0.038109 s
currentSize : 29 <-- 0.081636 s
currentSize : 30 <-- 11.737357 s
currentSize : 31 <-- 33.529751 s
currentSize : 32 <-- 59.512585 s
currentSize : 33 <-- 421.021027 s
currentSize : 34 <-- 508.213898 s
currentSize : 35 <-- 508.213989 s
currentSize : 36 <-- 508.333496 s
currentSize : 37 <-- 508.485870 s
currentSize : 38 <-- 717.592102 s

maxsize : 38
nodes : 216527681.000000
filtered : 1690975272.000000
time : 989.184692
