Parameters: GAD=1 vflib=1 dir=1 label=1 lowerbound=1 fileNameGp=../../cp2016-max-common-connected-subgraph-paper/datasets/graphsdb/mcs50/m2D/m2Dr4/mcs50_m2Dr4_s100.A08 fileNameGt=../../cp2016-max-common-connected-subgraph-paper/datasets/graphsdb/mcs50/m2D/m2Dr4/mcs50_m2Dr4_s100.B08
Reading graphs...
100 : 220
100 : 219
Initializing...
maxdom : 8
D->valSize : 365
Solving...
Blb : 2 (clique : 33)
currentSize : 33 <-- 0.003741 s
currentSize : 35 <-- 0.003998 s
currentSize : 36 <-- 0.004092 s
currentSize : 37 <-- 0.004367 s
currentSize : 38 <-- 0.005498 s
currentSize : 39 <-- 0.005835 s
currentSize : 40 <-- 0.012645 s
currentSize : 41 <-- 0.023786 s
currentSize : 42 <-- 0.026242 s
currentSize : 43 <-- 10.154401 s

TIMEOUT
maxsize : 43
nodes : 212800966.000000
filtered : 654536498.000000
time : 1000.000061
