Parameters: GAD=1 vflib=1 dir=1 label=1 lowerbound=1 fileNameGp=../../cp2016-max-common-connected-subgraph-paper/datasets/graphsdb/mcs50/bvg/b09m/mcs50_b09m_s50.A01 fileNameGt=../../cp2016-max-common-connected-subgraph-paper/datasets/graphsdb/mcs50/bvg/b09m/mcs50_b09m_s50.B01
Reading graphs...
50 : 225
50 : 225
Initializing...
maxdom : 9
D->valSize : 349
Solving...
Blb : 2 (clique : 14)
currentSize : 14 <-- 0.002520 s
currentSize : 15 <-- 0.002611 s
currentSize : 16 <-- 0.002681 s
currentSize : 17 <-- 0.002825 s
currentSize : 20 <-- 0.002884 s
currentSize : 21 <-- 0.002900 s
currentSize : 23 <-- 0.003022 s
currentSize : 24 <-- 0.003050 s

maxsize : 24
nodes : 115322.000000
filtered : 1102406.000000
time : 0.463449
