Parameters: GAD=1 vflib=1 dir=1 label=1 lowerbound=1 fileNameGp=../../cp2016-max-common-connected-subgraph-paper/datasets/graphsdb/mcs50/bvg/b09m/mcs50_b09m_s70.A00 fileNameGt=../../cp2016-max-common-connected-subgraph-paper/datasets/graphsdb/mcs50/bvg/b09m/mcs50_b09m_s70.B00
Reading graphs...
70 : 315
70 : 315
Initializing...
maxdom : 8
D->valSize : 322
Solving...
Blb : 3 (clique : 18)
currentSize : 18 <-- 0.003914 s
currentSize : 19 <-- 0.006256 s
currentSize : 20 <-- 0.075632 s
currentSize : 21 <-- 0.076470 s
currentSize : 22 <-- 0.083537 s
currentSize : 23 <-- 0.105346 s
currentSize : 24 <-- 9.732394 s
currentSize : 25 <-- 9.732860 s
currentSize : 26 <-- 9.733833 s
currentSize : 28 <-- 9.734772 s
currentSize : 30 <-- 9.746055 s
currentSize : 31 <-- 11.924241 s
currentSize : 33 <-- 11.924286 s
currentSize : 34 <-- 14.540297 s

maxsize : 34
nodes : 3325625.000000
filtered : 33621281.000000
time : 16.759075
