Parameters: GAD=1 vflib=1 dir=1 label=1 lowerbound=1 fileNameGp=../../cp2016-max-common-connected-subgraph-paper/datasets/graphsdb/mcs50/bvg/b09/mcs50_b09_s60.A00 fileNameGt=../../cp2016-max-common-connected-subgraph-paper/datasets/graphsdb/mcs50/bvg/b09/mcs50_b09_s60.B00
Reading graphs...
60 : 270
60 : 270
Initializing...
maxdom : 6
D->valSize : 253
Solving...
Blb : 3 (clique : 20)
currentSize : 20 <-- 0.001724 s
currentSize : 23 <-- 0.013857 s
currentSize : 25 <-- 0.039653 s
currentSize : 26 <-- 0.083680 s
currentSize : 27 <-- 0.319486 s
currentSize : 28 <-- 0.340829 s
currentSize : 29 <-- 0.372036 s
currentSize : 30 <-- 0.575992 s

maxsize : 30
nodes : 163590.000000
filtered : 1202735.000000
time : 0.680558
