Parameters: GAD=1 vflib=1 dir=1 label=1 lowerbound=1 fileNameGp=../../cp2016-max-common-connected-subgraph-paper/datasets/graphsdb/mcs50/bvg/b03/mcs50_b03_s70.A08 fileNameGt=../../cp2016-max-common-connected-subgraph-paper/datasets/graphsdb/mcs50/bvg/b03/mcs50_b03_s70.B08
Reading graphs...
70 : 105
70 : 105
Initializing...
maxdom : 8
D->valSize : 315
Solving...
Blb : 2 (clique : 29)
currentSize : 29 <-- 0.002537 s
currentSize : 30 <-- 0.002996 s
currentSize : 31 <-- 0.022738 s
currentSize : 32 <-- 0.022975 s
currentSize : 33 <-- 0.084005 s
currentSize : 35 <-- 578.386230 s
currentSize : 36 <-- 578.388428 s
currentSize : 37 <-- 644.807556 s

maxsize : 37
nodes : 170698569.000000
filtered : 1483363291.000000
time : 892.269775
