Parameters: GAD=1 vflib=1 dir=1 label=1 lowerbound=1 fileNameGp=../../cp2016-max-common-connected-subgraph-paper/datasets/graphsdb/mcs50/rand/r005/mcs50_r005_s100.A05 fileNameGt=../../cp2016-max-common-connected-subgraph-paper/datasets/graphsdb/mcs50/rand/r005/mcs50_r005_s100.B05
Reading graphs...
100 : 494
100 : 494
Initializing...
maxdom : 8
D->valSize : 357
Solving...
Blb : 2 (clique : 22)
currentSize : 22 <-- 0.003358 s
currentSize : 23 <-- 0.450166 s
currentSize : 24 <-- 0.770385 s
currentSize : 25 <-- 0.779552 s
currentSize : 26 <-- 1.304551 s
currentSize : 27 <-- 1.540109 s
currentSize : 28 <-- 1.612234 s
currentSize : 29 <-- 1.856593 s
currentSize : 30 <-- 1.915977 s
currentSize : 31 <-- 2.645326 s
currentSize : 32 <-- 2.651312 s
currentSize : 33 <-- 2.693847 s
currentSize : 38 <-- 4.092212 s
currentSize : 42 <-- 8.163245 s
currentSize : 43 <-- 12.732429 s
currentSize : 46 <-- 12.739062 s
currentSize : 50 <-- 17.932936 s

maxsize : 50
nodes : 4059578.000000
filtered : 33995802.000000
time : 25.494820
