Parameters: GAD=1 vflib=1 dir=1 label=1 lowerbound=1 fileNameGp=../../cp2016-max-common-connected-subgraph-paper/datasets/graphsdb/mcs50/m2D/m2Dr4/mcs50_m2Dr4_s70.A00 fileNameGt=../../cp2016-max-common-connected-subgraph-paper/datasets/graphsdb/mcs50/m2D/m2Dr4/mcs50_m2Dr4_s70.B00
Reading graphs...
70 : 151
70 : 149
Initializing...
maxdom : 8
D->valSize : 356
Solving...
Blb : 3 (clique : 27)
currentSize : 27 <-- 0.004951 s
currentSize : 28 <-- 0.006003 s
currentSize : 29 <-- 0.035159 s
currentSize : 30 <-- 0.042676 s
currentSize : 32 <-- 0.072899 s
currentSize : 33 <-- 0.072995 s
currentSize : 34 <-- 1.921554 s
currentSize : 35 <-- 3.083799 s

TIMEOUT
maxsize : 35
nodes : 198861564.000000
filtered : 1789869666.000000
time : 1000.000000
