Parameters: GAD=1 vflib=1 dir=1 label=1 lowerbound=1 fileNameGp=../../cp2016-max-common-connected-subgraph-paper/datasets/graphsdb/mcs50/m2D/m2Dr4/mcs50_m2Dr4_s50.A06 fileNameGt=../../cp2016-max-common-connected-subgraph-paper/datasets/graphsdb/mcs50/m2D/m2Dr4/mcs50_m2Dr4_s50.B06
Reading graphs...
50 : 105
50 : 103
Initializing...
maxdom : 10
D->valSize : 337
Solving...
Blb : 2 (clique : 21)
currentSize : 21 <-- 0.003736 s
currentSize : 22 <-- 0.003970 s
currentSize : 23 <-- 0.004221 s
currentSize : 24 <-- 0.004273 s
currentSize : 25 <-- 0.004352 s
currentSize : 26 <-- 0.419435 s

maxsize : 26
nodes : 3810749.000000
filtered : 70070131.000000
time : 20.550148
