Parameters: GAD=1 vflib=1 dir=1 label=1 lowerbound=1 fileNameGp=../../cp2016-max-common-connected-subgraph-paper/datasets/graphsdb/mcs50/bvg/b09/mcs50_b09_s100.A08 fileNameGt=../../cp2016-max-common-connected-subgraph-paper/datasets/graphsdb/mcs50/bvg/b09/mcs50_b09_s100.B08
Reading graphs...
100 : 450
100 : 450
Initializing...
maxdom : 7
D->valSize : 401
Solving...
Blb : 2 (clique : 25)
currentSize : 25 <-- 0.006375 s
currentSize : 26 <-- 0.006674 s
currentSize : 27 <-- 0.006882 s
currentSize : 28 <-- 0.007128 s
currentSize : 29 <-- 0.007385 s
currentSize : 30 <-- 0.015224 s
currentSize : 31 <-- 0.478322 s
currentSize : 32 <-- 0.490586 s
currentSize : 33 <-- 0.827983 s
currentSize : 34 <-- 1.933136 s
currentSize : 35 <-- 33.408073 s
currentSize : 36 <-- 33.410667 s
currentSize : 37 <-- 33.455910 s
currentSize : 38 <-- 33.459267 s
currentSize : 39 <-- 79.508881 s
currentSize : 40 <-- 79.509056 s
currentSize : 41 <-- 79.511131 s
currentSize : 42 <-- 79.550713 s
currentSize : 43 <-- 79.552597 s
currentSize : 45 <-- 128.774155 s
currentSize : 46 <-- 314.564056 s
currentSize : 47 <-- 742.669495 s

TIMEOUT
maxsize : 47
nodes : 191334129.000000
filtered : 844816881.000000
time : 1000.000061
