Parameters: GAD=1 vflib=1 dir=1 label=1 lowerbound=1 fileNameGp=../../cp2016-max-common-connected-subgraph-paper/datasets/graphsdb/mcs50/bvg/b06m/mcs50_b06m_s70.A07 fileNameGt=../../cp2016-max-common-connected-subgraph-paper/datasets/graphsdb/mcs50/bvg/b06m/mcs50_b06m_s70.B07
Reading graphs...
70 : 210
70 : 210
Initializing...
maxdom : 7
D->valSize : 348
Solving...
Blb : 3 (clique : 29)
currentSize : 29 <-- 0.004644 s
currentSize : 30 <-- 0.607408 s
currentSize : 31 <-- 4.298389 s
currentSize : 32 <-- 10.244466 s
currentSize : 33 <-- 10.245109 s
currentSize : 34 <-- 10.327054 s
currentSize : 35 <-- 14.066123 s
currentSize : 36 <-- 14.067277 s

maxsize : 36
nodes : 7714200.000000
filtered : 65111053.000000
time : 38.494946
