Parameters: GAD=1 vflib=1 dir=1 label=1 lowerbound=1 fileNameGp=../../cp2016-max-common-connected-subgraph-paper/datasets/graphsdb/mcs50/m2D/m2Dr2/mcs50_m2Dr2_s40.A06 fileNameGt=../../cp2016-max-common-connected-subgraph-paper/datasets/graphsdb/mcs50/m2D/m2Dr2/mcs50_m2Dr2_s40.B06
Reading graphs...
40 : 75
40 : 75
Initializing...
maxdom : 9
D->valSize : 200
Solving...
Blb : 2 (clique : 13)
currentSize : 13 <-- 0.001072 s
currentSize : 14 <-- 0.001160 s
currentSize : 15 <-- 0.002000 s
currentSize : 16 <-- 0.045881 s
currentSize : 17 <-- 0.528654 s
currentSize : 18 <-- 5.185916 s
currentSize : 19 <-- 8.935394 s

maxsize : 19
nodes : 4207306.000000
filtered : 32722764.000000
time : 12.390727
