Parameters: GAD=1 vflib=1 dir=1 label=1 lowerbound=1 fileNameGp=../../cp2016-max-common-connected-subgraph-paper/datasets/graphsdb/mcs50/m2D/m2Dr2/mcs50_m2Dr2_s60.A07 fileNameGt=../../cp2016-max-common-connected-subgraph-paper/datasets/graphsdb/mcs50/m2D/m2Dr2/mcs50_m2Dr2_s60.B07
Reading graphs...
60 : 116
60 : 116
Initializing...
maxdom : 8
D->valSize : 293
Solving...
Blb : 3 (clique : 24)
currentSize : 24 <-- 0.002218 s
currentSize : 25 <-- 0.003237 s
currentSize : 26 <-- 0.005403 s
currentSize : 27 <-- 0.006799 s
currentSize : 28 <-- 0.011259 s
currentSize : 29 <-- 45.443203 s

maxsize : 29
nodes : 45139053.000000
filtered : 336872225.000000
time : 189.695724
