Parameters: GAD=1 vflib=1 dir=1 label=1 lowerbound=1 fileNameGp=../../cp2016-max-common-connected-subgraph-paper/datasets/graphsdb/mcs50/m2D/m2Dr6/mcs50_m2Dr6_s60.A09 fileNameGt=../../cp2016-max-common-connected-subgraph-paper/datasets/graphsdb/mcs50/m2D/m2Dr6/mcs50_m2Dr6_s60.B09
Reading graphs...
60 : 140
60 : 138
Initializing...
maxdom : 7
D->valSize : 235
Solving...
Blb : 3 (clique : 22)
currentSize : 22 <-- 0.001720 s
currentSize : 23 <-- 0.082280 s
currentSize : 24 <-- 1.120155 s
currentSize : 25 <-- 1.159598 s
currentSize : 26 <-- 20.573385 s
currentSize : 27 <-- 23.654276 s

maxsize : 27
nodes : 7519263.000000
filtered : 63583900.000000
time : 31.651348
