Parameters: GAD=1 vflib=1 dir=1 label=1 lowerbound=1 fileNameGp=../../cp2016-max-common-connected-subgraph-paper/datasets/graphsdb/mcs50/m2D/m2Dr6/mcs50_m2Dr6_s100.A00 fileNameGt=../../cp2016-max-common-connected-subgraph-paper/datasets/graphsdb/mcs50/m2D/m2Dr6/mcs50_m2Dr6_s100.B00
Reading graphs...
100 : 240
100 : 240
Initializing...
maxdom : 7
D->valSize : 370
Solving...
Blb : 2 (clique : 38)
currentSize : 38 <-- 0.003822 s
currentSize : 39 <-- 0.074729 s
currentSize : 40 <-- 0.074921 s
currentSize : 41 <-- 0.447806 s
currentSize : 42 <-- 1.884023 s
currentSize : 43 <-- 2.197569 s
currentSize : 44 <-- 2.572793 s
currentSize : 45 <-- 2.912954 s
currentSize : 46 <-- 4.563666 s
currentSize : 47 <-- 20.309929 s
currentSize : 48 <-- 28.502863 s
currentSize : 49 <-- 44.451923 s

TIMEOUT
maxsize : 49
nodes : 212089790.000000
filtered : 705396345.000000
time : 1000.000061
