Parameters: GAD=1 vflib=1 dir=1 label=1 lowerbound=1 fileNameGp=../../cp2016-max-common-connected-subgraph-paper/datasets/graphsdb/mcs50/m2D/m2Dr4/mcs50_m2Dr4_s80.A03 fileNameGt=../../cp2016-max-common-connected-subgraph-paper/datasets/graphsdb/mcs50/m2D/m2Dr4/mcs50_m2Dr4_s80.B03
Reading graphs...
80 : 174
80 : 174
Initializing...
maxdom : 12
D->valSize : 420
Solving...
Blb : 2 (clique : 32)
currentSize : 32 <-- 0.003989 s
currentSize : 33 <-- 10.884164 s
currentSize : 34 <-- 10.890321 s
currentSize : 35 <-- 570.299622 s
currentSize : 36 <-- 570.346680 s
currentSize : 37 <-- 570.367371 s
currentSize : 38 <-- 570.555115 s

TIMEOUT
maxsize : 38
nodes : 164365955.000000
filtered : 1956999480.000000
time : 1000.000000
