Parameters: GAD=1 vflib=1 dir=1 label=1 lowerbound=1 fileNameGp=../../cp2016-max-common-connected-subgraph-paper/datasets/graphsdb/mcs50/bvg/b06m/mcs50_b06m_s80.A06 fileNameGt=../../cp2016-max-common-connected-subgraph-paper/datasets/graphsdb/mcs50/bvg/b06m/mcs50_b06m_s80.B06
Reading graphs...
80 : 240
80 : 240
Initializing...
maxdom : 8
D->valSize : 419
Solving...
Blb : 2 (clique : 27)
currentSize : 27 <-- 0.003872 s
currentSize : 28 <-- 0.004084 s
currentSize : 29 <-- 0.004381 s
currentSize : 30 <-- 0.005258 s
currentSize : 32 <-- 0.008647 s
currentSize : 33 <-- 0.028003 s
currentSize : 34 <-- 0.057537 s
currentSize : 36 <-- 0.079559 s
currentSize : 38 <-- 0.924844 s
currentSize : 41 <-- 2.173548 s
currentSize : 42 <-- 26.293192 s

maxsize : 42
nodes : 48333120.000000
filtered : 376735037.000000
time : 263.385498
