Parameters: GAD=1 vflib=1 dir=1 label=1 lowerbound=1 fileNameGp=../../cp2016-max-common-connected-subgraph-paper/datasets/graphsdb/mcs50/m3D/m3Dr2/mcs50_m3Dr2_s50.A09 fileNameGt=../../cp2016-max-common-connected-subgraph-paper/datasets/graphsdb/mcs50/m3D/m3Dr2/mcs50_m3Dr2_s50.B09
Reading graphs...
50 : 119
50 : 117
Initializing...
maxdom : 8
D->valSize : 328
Solving...
Blb : 5 (clique : 18)
currentSize : 18 <-- 0.002362 s
currentSize : 19 <-- 0.026391 s
currentSize : 20 <-- 0.093584 s
currentSize : 21 <-- 7.370298 s
currentSize : 22 <-- 7.370381 s
currentSize : 23 <-- 7.371011 s
currentSize : 25 <-- 18.316582 s
currentSize : 26 <-- 18.316614 s
currentSize : 27 <-- 18.318304 s

maxsize : 27
nodes : 5520069.000000
filtered : 56449510.000000
time : 21.767408
