Parameters: GAD=1 vflib=1 dir=1 label=1 lowerbound=1 fileNameGp=../../cp2016-max-common-connected-subgraph-paper/datasets/graphsdb/mcs50/m2D/m2Dr2/mcs50_m2Dr2_s50.A03 fileNameGt=../../cp2016-max-common-connected-subgraph-paper/datasets/graphsdb/mcs50/m2D/m2Dr2/mcs50_m2Dr2_s50.B03
Reading graphs...
50 : 95
50 : 95
Initializing...
maxdom : 11
D->valSize : 333
Solving...
Blb : 2 (clique : 19)
currentSize : 19 <-- 0.003686 s
currentSize : 20 <-- 0.003872 s
currentSize : 21 <-- 0.068936 s
currentSize : 22 <-- 0.076524 s
currentSize : 23 <-- 1.853921 s
currentSize : 24 <-- 55.225166 s
currentSize : 25 <-- 142.252426 s
currentSize : 26 <-- 142.278381 s

maxsize : 26
nodes : 53042690.000000
filtered : 659139812.000000
time : 213.871185
