Parameters: GAD=1 vflib=1 dir=1 label=1 lowerbound=1 fileNameGp=../../cp2016-max-common-connected-subgraph-paper/datasets/graphsdb/mcs50/bvg/b06/mcs50_b06_s60.A08 fileNameGt=../../cp2016-max-common-connected-subgraph-paper/datasets/graphsdb/mcs50/bvg/b06/mcs50_b06_s60.B08
Reading graphs...
60 : 180
60 : 180
Initializing...
maxdom : 8
D->valSize : 238
Solving...
Blb : 3 (clique : 21)
currentSize : 21 <-- 0.001610 s
currentSize : 22 <-- 0.038710 s
currentSize : 23 <-- 0.225033 s
currentSize : 24 <-- 0.227933 s
currentSize : 27 <-- 1.580107 s
currentSize : 29 <-- 1.580153 s
currentSize : 30 <-- 4.430210 s

maxsize : 30
nodes : 1492898.000000
filtered : 9198462.000000
time : 6.069136
