Parameters: GAD=1 vflib=1 dir=1 label=1 lowerbound=1 fileNameGp=../../cp2016-max-common-connected-subgraph-paper/datasets/graphsdb/mcs50/m2D/m2Dr6/mcs50_m2Dr6_s70.A09 fileNameGt=../../cp2016-max-common-connected-subgraph-paper/datasets/graphsdb/mcs50/m2D/m2Dr6/mcs50_m2Dr6_s70.B09
Reading graphs...
70 : 165
70 : 163
Initializing...
maxdom : 8
D->valSize : 314
Solving...
Blb : 2 (clique : 25)
currentSize : 25 <-- 0.002617 s
currentSize : 26 <-- 0.003297 s
currentSize : 27 <-- 0.005972 s
currentSize : 28 <-- 0.127468 s
currentSize : 29 <-- 0.169479 s
currentSize : 30 <-- 0.317768 s
currentSize : 31 <-- 0.317798 s
currentSize : 33 <-- 0.319505 s
currentSize : 36 <-- 6.341484 s
currentSize : 37 <-- 44.307632 s

maxsize : 37
nodes : 26951086.000000
filtered : 164527686.000000
time : 124.765656
