Parameters: GAD=1 vflib=1 dir=1 label=1 lowerbound=1 fileNameGp=../../cp2016-max-common-connected-subgraph-paper/datasets/graphsdb/mcs50/rand/r005/mcs50_r005_s50.A06 fileNameGt=../../cp2016-max-common-connected-subgraph-paper/datasets/graphsdb/mcs50/rand/r005/mcs50_r005_s50.B06
Reading graphs...
50 : 121
50 : 121
Initializing...
maxdom : 9
D->valSize : 325
Solving...
Blb : 2 (clique : 16)
currentSize : 16 <-- 0.002253 s
currentSize : 17 <-- 0.002630 s
currentSize : 18 <-- 0.005895 s
currentSize : 19 <-- 0.007498 s
currentSize : 20 <-- 0.046302 s
currentSize : 21 <-- 0.175738 s
currentSize : 22 <-- 0.980676 s
currentSize : 23 <-- 7.896469 s
currentSize : 25 <-- 11.667277 s

maxsize : 25
nodes : 4413644.000000
filtered : 57461561.000000
time : 19.498581
