Parameters: GAD=1 vflib=1 dir=1 label=1 lowerbound=1 fileNameGp=../../cp2016-max-common-connected-subgraph-paper/datasets/graphsdb/mcs50/bvg/b03m/mcs50_b03m_s70.A09 fileNameGt=../../cp2016-max-common-connected-subgraph-paper/datasets/graphsdb/mcs50/bvg/b03m/mcs50_b03m_s70.B09
Reading graphs...
70 : 105
70 : 105
Initializing...
maxdom : 8
D->valSize : 364
Solving...
Blb : 5 (clique : 34)
currentSize : 34 <-- 0.005218 s
currentSize : 35 <-- 0.005544 s
currentSize : 37 <-- 0.005628 s
currentSize : 38 <-- 0.020276 s
currentSize : 39 <-- 0.020468 s
currentSize : 40 <-- 2.016839 s

TIMEOUT
maxsize : 40
nodes : 212855935.000000
filtered : 1496816272.000000
time : 1000.000000
