Parameters: GAD=1 vflib=1 dir=1 label=1 lowerbound=1 fileNameGp=../../cp2016-max-common-connected-subgraph-paper/datasets/graphsdb/mcs50/m2D/m2Dr2/mcs50_m2Dr2_s40.A00 fileNameGt=../../cp2016-max-common-connected-subgraph-paper/datasets/graphsdb/mcs50/m2D/m2Dr2/mcs50_m2Dr2_s40.B00
Reading graphs...
40 : 75
40 : 75
Initializing...
maxdom : 8
D->valSize : 231
Solving...
Blb : 2 (clique : 14)
currentSize : 14 <-- 0.001284 s
currentSize : 15 <-- 0.001383 s
currentSize : 16 <-- 0.001684 s
currentSize : 17 <-- 0.024463 s
currentSize : 18 <-- 0.024743 s
currentSize : 19 <-- 4.114197 s
currentSize : 20 <-- 4.114342 s
currentSize : 21 <-- 4.313901 s

maxsize : 21
nodes : 1661706.000000
filtered : 15659290.000000
time : 4.945758
