Parameters: GAD=1 vflib=1 dir=1 label=1 lowerbound=1 fileNameGp=../../cp2016-max-common-connected-subgraph-paper/datasets/graphsdb/mcs50/m3D/m3Dr4/mcs50_m3Dr4_s50.A02 fileNameGt=../../cp2016-max-common-connected-subgraph-paper/datasets/graphsdb/mcs50/m3D/m3Dr4/mcs50_m3Dr4_s50.B02
Reading graphs...
50 : 128
50 : 128
Initializing...
maxdom : 10
D->valSize : 332
Solving...
Blb : 2 (clique : 16)
currentSize : 16 <-- 0.002343 s
currentSize : 17 <-- 0.016116 s
currentSize : 18 <-- 0.049037 s
currentSize : 19 <-- 0.144169 s
currentSize : 20 <-- 0.233519 s
currentSize : 21 <-- 0.233547 s
currentSize : 22 <-- 0.457917 s
currentSize : 23 <-- 0.498068 s
currentSize : 24 <-- 0.533160 s
currentSize : 25 <-- 0.628795 s
currentSize : 26 <-- 0.946813 s
currentSize : 27 <-- 1.406865 s
currentSize : 28 <-- 2.309093 s

maxsize : 28
nodes : 869517.000000
filtered : 8625456.000000
time : 3.515242
