Parameters: GAD=1 vflib=1 dir=1 label=1 lowerbound=1 fileNameGp=../../cp2016-max-common-connected-subgraph-paper/datasets/graphsdb/mcs50/rand/r005/mcs50_r005_s90.A00 fileNameGt=../../cp2016-max-common-connected-subgraph-paper/datasets/graphsdb/mcs50/rand/r005/mcs50_r005_s90.B00
Reading graphs...
90 : 399
90 : 399
Initializing...
maxdom : 10
D->valSize : 582
Solving...
Blb : 2 (clique : 26)
currentSize : 26 <-- 0.006552 s
currentSize : 27 <-- 0.323213 s
currentSize : 28 <-- 0.922309 s
currentSize : 29 <-- 0.933736 s
currentSize : 30 <-- 1.712706 s
currentSize : 31 <-- 1.713184 s
currentSize : 32 <-- 141.873108 s
currentSize : 35 <-- 193.691284 s
currentSize : 39 <-- 280.393372 s
currentSize : 41 <-- 318.368439 s
currentSize : 42 <-- 428.028595 s
currentSize : 45 <-- 428.028748 s

maxsize : 45
nodes : 84432165.000000
filtered : 1417535927.000000
time : 588.088379
