Parameters: GAD=1 vflib=1 dir=1 label=1 lowerbound=1 fileNameGp=../../cp2016-max-common-connected-subgraph-paper/datasets/graphsdb/mcs50/bvg/b09/mcs50_b09_s80.A02 fileNameGt=../../cp2016-max-common-connected-subgraph-paper/datasets/graphsdb/mcs50/bvg/b09/mcs50_b09_s80.B02
Reading graphs...
80 : 360
80 : 360
Initializing...
maxdom : 8
D->valSize : 407
Solving...
Blb : 2 (clique : 19)
currentSize : 19 <-- 0.005584 s
currentSize : 20 <-- 0.034979 s
currentSize : 21 <-- 3.220782 s
currentSize : 22 <-- 3.660956 s
currentSize : 23 <-- 6.235723 s
currentSize : 24 <-- 6.285793 s
currentSize : 25 <-- 6.286127 s
currentSize : 27 <-- 24.581036 s
currentSize : 28 <-- 24.582060 s
currentSize : 29 <-- 24.582273 s
currentSize : 30 <-- 24.693968 s
currentSize : 33 <-- 205.251373 s
currentSize : 36 <-- 205.252304 s
currentSize : 37 <-- 205.257401 s
currentSize : 38 <-- 205.257675 s
currentSize : 39 <-- 205.264511 s
currentSize : 40 <-- 205.264557 s

maxsize : 40
nodes : 55412989.000000
filtered : 474517667.000000
time : 283.848633
