Parameters: GAD=1 vflib=1 dir=1 label=1 lowerbound=1 fileNameGp=../../cp2016-max-common-connected-subgraph-paper/datasets/graphsdb/mcs50/m3D/m3Dr6/mcs50_m3Dr6_s60.A09 fileNameGt=../../cp2016-max-common-connected-subgraph-paper/datasets/graphsdb/mcs50/m3D/m3Dr6/mcs50_m3Dr6_s60.B09
Reading graphs...
60 : 170
60 : 168
Initializing...
maxdom : 7
D->valSize : 259
Solving...
Blb : 3 (clique : 17)
currentSize : 17 <-- 0.002776 s
currentSize : 18 <-- 0.003011 s
currentSize : 19 <-- 0.035545 s
currentSize : 20 <-- 0.686996 s
currentSize : 21 <-- 1.870487 s
currentSize : 22 <-- 14.450087 s
currentSize : 23 <-- 14.718517 s
currentSize : 24 <-- 18.530533 s
currentSize : 25 <-- 20.659933 s
currentSize : 26 <-- 20.684038 s
currentSize : 27 <-- 27.758554 s

maxsize : 27
nodes : 9384079.000000
filtered : 70578965.000000
time : 37.218468
