Parameters: GAD=1 vflib=1 dir=1 label=1 lowerbound=1 fileNameGp=../../cp2016-max-common-connected-subgraph-paper/datasets/graphsdb/mcs50/bvg/b03/mcs50_b03_s60.A05 fileNameGt=../../cp2016-max-common-connected-subgraph-paper/datasets/graphsdb/mcs50/bvg/b03/mcs50_b03_s60.B05
Reading graphs...
60 : 90
60 : 90
Initializing...
maxdom : 8
D->valSize : 241
Solving...
Blb : 2 (clique : 22)
currentSize : 22 <-- 0.001813 s
currentSize : 23 <-- 0.002154 s
currentSize : 24 <-- 0.003984 s
currentSize : 25 <-- 0.006538 s
currentSize : 26 <-- 0.014312 s
currentSize : 27 <-- 1.509409 s
currentSize : 28 <-- 1.509473 s
currentSize : 29 <-- 2.608772 s
currentSize : 30 <-- 5.139582 s
currentSize : 31 <-- 5.178065 s
currentSize : 32 <-- 7.695605 s

maxsize : 32
nodes : 3521096.000000
filtered : 18182333.000000
time : 13.877418
