Parameters: GAD=1 vflib=1 dir=1 label=1 lowerbound=1 fileNameGp=../../cp2016-max-common-connected-subgraph-paper/datasets/graphsdb/mcs50/m2D/m2Dr4/mcs50_m2Dr4_s50.A08 fileNameGt=../../cp2016-max-common-connected-subgraph-paper/datasets/graphsdb/mcs50/m2D/m2Dr4/mcs50_m2Dr4_s50.B08
Reading graphs...
50 : 105
50 : 102
Initializing...
maxdom : 9
D->valSize : 311
Solving...
Blb : 5 (clique : 18)
currentSize : 18 <-- 0.002206 s
currentSize : 20 <-- 0.100541 s
currentSize : 21 <-- 0.124775 s
currentSize : 22 <-- 0.169001 s
currentSize : 23 <-- 0.169187 s
currentSize : 24 <-- 0.864184 s
currentSize : 25 <-- 0.865927 s
currentSize : 26 <-- 0.865968 s
currentSize : 27 <-- 2.847007 s
currentSize : 28 <-- 6.728470 s

maxsize : 28
nodes : 2076075.000000
filtered : 22717314.000000
time : 8.941363
