Parameters: GAD=1 vflib=1 dir=1 label=1 lowerbound=1 fileNameGp=../../cp2016-max-common-connected-subgraph-paper/datasets/graphsdb/mcs50/m3D/m3Dr4/mcs50_m3Dr4_s60.A08 fileNameGt=../../cp2016-max-common-connected-subgraph-paper/datasets/graphsdb/mcs50/m3D/m3Dr4/mcs50_m3Dr4_s60.B08
Reading graphs...
60 : 158
60 : 158
Initializing...
maxdom : 9
D->valSize : 252
Solving...
Blb : 2 (clique : 18)
currentSize : 18 <-- 0.001902 s
currentSize : 19 <-- 0.005276 s
currentSize : 20 <-- 0.013177 s
currentSize : 22 <-- 0.043254 s
currentSize : 23 <-- 0.043354 s
currentSize : 24 <-- 0.121120 s
currentSize : 25 <-- 0.145040 s
currentSize : 26 <-- 0.203561 s
currentSize : 27 <-- 0.375121 s
currentSize : 28 <-- 0.455025 s

maxsize : 28
nodes : 522567.000000
filtered : 2955863.000000
time : 2.004021
