Parameters: GAD=1 vflib=1 dir=1 label=1 lowerbound=1 fileNameGp=../../cp2016-max-common-connected-subgraph-paper/datasets/graphsdb/mcs50/rand/r01/mcs50_r01_s60.A05 fileNameGt=../../cp2016-max-common-connected-subgraph-paper/datasets/graphsdb/mcs50/rand/r01/mcs50_r01_s60.B05
Reading graphs...
60 : 353
60 : 353
Initializing...
maxdom : 7
D->valSize : 258
Solving...
Blb : 5 (clique : 13)
currentSize : 13 <-- 0.002643 s
currentSize : 14 <-- 0.081390 s
currentSize : 15 <-- 0.127948 s
currentSize : 17 <-- 0.151448 s
currentSize : 21 <-- 0.151785 s
currentSize : 22 <-- 0.174527 s
currentSize : 26 <-- 0.174712 s
currentSize : 27 <-- 0.184309 s
currentSize : 30 <-- 0.198415 s

maxsize : 30
nodes : 39064.000000
filtered : 332875.000000
time : 0.230642
