Parameters: GAD=1 vflib=1 dir=1 label=1 lowerbound=1 fileNameGp=../../cp2016-max-common-connected-subgraph-paper/datasets/graphsdb/mcs50/m2D/m2Dr6/mcs50_m2Dr6_s80.A04 fileNameGt=../../cp2016-max-common-connected-subgraph-paper/datasets/graphsdb/mcs50/m2D/m2Dr6/mcs50_m2Dr6_s80.B04
Reading graphs...
80 : 190
80 : 189
Initializing...
maxdom : 8
D->valSize : 412
Solving...
Blb : 2 (clique : 27)
currentSize : 27 <-- 0.005046 s
currentSize : 28 <-- 0.009060 s
currentSize : 29 <-- 0.122262 s
currentSize : 30 <-- 0.124347 s
currentSize : 31 <-- 0.597795 s
currentSize : 32 <-- 1.223408 s
currentSize : 33 <-- 90.338669 s
currentSize : 34 <-- 664.278503 s
currentSize : 35 <-- 941.982849 s

TIMEOUT
maxsize : 35
nodes : 230246601.000000
filtered : 1358845906.000000
time : 1000.000000
