Parameters: GAD=1 vflib=1 dir=1 label=1 lowerbound=1 fileNameGp=../../cp2016-max-common-connected-subgraph-paper/datasets/graphsdb/mcs50/bvg/b06/mcs50_b06_s90.A05 fileNameGt=../../cp2016-max-common-connected-subgraph-paper/datasets/graphsdb/mcs50/bvg/b06/mcs50_b06_s90.B05
Reading graphs...
90 : 270
90 : 270
Initializing...
maxdom : 10
D->valSize : 560
Solving...
Blb : 2 (clique : 35)
currentSize : 35 <-- 0.006518 s
currentSize : 36 <-- 0.006793 s
currentSize : 37 <-- 0.007807 s
currentSize : 38 <-- 0.007899 s
currentSize : 40 <-- 78.588005 s
currentSize : 41 <-- 78.603043 s
currentSize : 44 <-- 412.139587 s
currentSize : 45 <-- 412.139709 s
currentSize : 46 <-- 497.333038 s
currentSize : 47 <-- 497.333099 s

TIMEOUT
maxsize : 47
nodes : 190178863.000000
filtered : 1415113344.000000
time : 1000.000061
