Parameters: GAD=1 vflib=1 dir=1 label=1 lowerbound=1 fileNameGp=../../cp2016-max-common-connected-subgraph-paper/datasets/graphsdb/mcs50/rand/r005/mcs50_r005_s70.A06 fileNameGt=../../cp2016-max-common-connected-subgraph-paper/datasets/graphsdb/mcs50/rand/r005/mcs50_r005_s70.B06
Reading graphs...
70 : 240
70 : 240
Initializing...
maxdom : 7
D->valSize : 328
Solving...
Blb : 2 (clique : 28)
currentSize : 28 <-- 0.004027 s
currentSize : 29 <-- 0.004366 s
currentSize : 30 <-- 0.006163 s
currentSize : 31 <-- 0.006272 s
currentSize : 32 <-- 0.006882 s
currentSize : 33 <-- 0.007085 s
currentSize : 34 <-- 1.949805 s
currentSize : 35 <-- 1.949939 s

maxsize : 35
nodes : 5213686.000000
filtered : 44448331.000000
time : 25.918392
