Parameters: GAD=1 vflib=1 dir=1 label=1 lowerbound=1 fileNameGp=../../cp2016-max-common-connected-subgraph-paper/datasets/graphsdb/mcs50/m2D/m2D/mcs50_m2D_s100.A07 fileNameGt=../../cp2016-max-common-connected-subgraph-paper/datasets/graphsdb/mcs50/m2D/m2D/mcs50_m2D_s100.B07
Reading graphs...
100 : 180
100 : 180
Initializing...
maxdom : 6
D->valSize : 357
Solving...
Blb : 2 (clique : 38)
currentSize : 38 <-- 0.006007 s
currentSize : 39 <-- 0.006481 s
currentSize : 41 <-- 0.350937 s
currentSize : 42 <-- 1.306254 s
currentSize : 43 <-- 81.130379 s
currentSize : 44 <-- 92.527802 s
currentSize : 45 <-- 266.715820 s

TIMEOUT
maxsize : 45
nodes : 203691992.000000
filtered : 803945842.000000
time : 1000.000061
