Parameters: GAD=1 vflib=1 dir=1 label=1 lowerbound=1 fileNameGp=../../cp2016-max-common-connected-subgraph-paper/datasets/graphsdb/mcs50/rand/r005/mcs50_r005_s60.A04 fileNameGt=../../cp2016-max-common-connected-subgraph-paper/datasets/graphsdb/mcs50/rand/r005/mcs50_r005_s60.B04
Reading graphs...
60 : 176
60 : 176
Initializing...
maxdom : 8
D->valSize : 233
Solving...
Blb : 2 (clique : 16)
currentSize : 16 <-- 0.002427 s
currentSize : 17 <-- 0.002733 s
currentSize : 18 <-- 0.006029 s
currentSize : 19 <-- 0.009874 s
currentSize : 20 <-- 0.016436 s
currentSize : 21 <-- 0.087447 s
currentSize : 22 <-- 0.200502 s
currentSize : 24 <-- 0.591032 s
currentSize : 27 <-- 0.976750 s
currentSize : 28 <-- 0.977480 s
currentSize : 29 <-- 1.568862 s
currentSize : 30 <-- 1.808096 s

maxsize : 30
nodes : 510212.000000
filtered : 3933074.000000
time : 2.149605
