Parameters: GAD=1 vflib=1 dir=1 label=1 lowerbound=1 fileNameGp=../../cp2016-max-common-connected-subgraph-paper/datasets/graphsdb/mcs50/m2D/m2Dr2/mcs50_m2Dr2_s70.A03 fileNameGt=../../cp2016-max-common-connected-subgraph-paper/datasets/graphsdb/mcs50/m2D/m2Dr2/mcs50_m2Dr2_s70.B03
Reading graphs...
70 : 137
70 : 136
Initializing...
maxdom : 8
D->valSize : 349
Solving...
Blb : 2 (clique : 32)
currentSize : 32 <-- 0.002994 s
currentSize : 34 <-- 0.004162 s
currentSize : 35 <-- 0.005837 s
currentSize : 36 <-- 0.063593 s
currentSize : 38 <-- 19.360785 s
currentSize : 39 <-- 19.384930 s
currentSize : 40 <-- 20.894133 s

maxsize : 40
nodes : 62169431.000000
filtered : 407876282.000000
time : 276.656403
