Parameters: GAD=1 vflib=1 dir=1 label=1 lowerbound=1 fileNameGp=../../cp2016-max-common-connected-subgraph-paper/datasets/graphsdb/mcs50/bvg/b09/mcs50_b09_s50.A06 fileNameGt=../../cp2016-max-common-connected-subgraph-paper/datasets/graphsdb/mcs50/bvg/b09/mcs50_b09_s50.B06
Reading graphs...
50 : 225
50 : 225
Initializing...
maxdom : 9
D->valSize : 348
Solving...
Blb : 2 (clique : 12)
currentSize : 12 <-- 0.002553 s
currentSize : 13 <-- 0.002678 s
currentSize : 14 <-- 0.030066 s
currentSize : 15 <-- 0.031764 s
currentSize : 16 <-- 0.076004 s
currentSize : 17 <-- 0.078813 s
currentSize : 19 <-- 0.105126 s
currentSize : 21 <-- 0.105155 s
currentSize : 24 <-- 0.637311 s

maxsize : 24
nodes : 286731.000000
filtered : 4362359.000000
time : 1.285510
