Parameters: GAD=1 vflib=1 dir=1 label=1 lowerbound=1 fileNameGp=../../cp2016-max-common-connected-subgraph-paper/datasets/graphsdb/mcs50/m2D/m2Dr4/mcs50_m2Dr4_s90.A02 fileNameGt=../../cp2016-max-common-connected-subgraph-paper/datasets/graphsdb/mcs50/m2D/m2Dr4/mcs50_m2Dr4_s90.B02
Reading graphs...
90 : 197
90 : 196
Initializing...
maxdom : 9
D->valSize : 546
Solving...
Blb : 2 (clique : 34)
currentSize : 34 <-- 0.006371 s
currentSize : 35 <-- 0.008933 s
currentSize : 36 <-- 0.012247 s
currentSize : 37 <-- 0.684836 s
currentSize : 38 <-- 80.398972 s
currentSize : 39 <-- 81.990166 s

TIMEOUT
maxsize : 39
nodes : 180948111.000000
filtered : 1550893819.000000
time : 1000.000061
