Parameters: GAD=1 vflib=1 dir=1 label=1 lowerbound=1 fileNameGp=../../cp2016-max-common-connected-subgraph-paper/datasets/graphsdb/mcs50/m2D/m2Dr6/mcs50_m2Dr6_s70.A01 fileNameGt=../../cp2016-max-common-connected-subgraph-paper/datasets/graphsdb/mcs50/m2D/m2Dr6/mcs50_m2Dr6_s70.B01
Reading graphs...
70 : 165
70 : 165
Initializing...
maxdom : 9
D->valSize : 339
Solving...
Blb : 5 (clique : 20)
currentSize : 20 <-- 0.002912 s
currentSize : 21 <-- 0.003750 s
currentSize : 22 <-- 0.015309 s
currentSize : 23 <-- 0.015367 s
currentSize : 24 <-- 0.101354 s
currentSize : 25 <-- 0.389425 s
currentSize : 26 <-- 0.390790 s
currentSize : 27 <-- 7.353331 s
currentSize : 28 <-- 7.406948 s
currentSize : 29 <-- 28.681692 s
currentSize : 31 <-- 46.335651 s
currentSize : 33 <-- 46.336288 s
currentSize : 39 <-- 54.222736 s

maxsize : 39
nodes : 12632759.000000
filtered : 118684216.000000
time : 62.708015
