Parameters: GAD=1 vflib=1 dir=1 label=1 lowerbound=1 fileNameGp=../../cp2016-max-common-connected-subgraph-paper/datasets/graphsdb/mcs50/m2D/m2Dr2/mcs50_m2Dr2_s60.A04 fileNameGt=../../cp2016-max-common-connected-subgraph-paper/datasets/graphsdb/mcs50/m2D/m2Dr2/mcs50_m2Dr2_s60.B04
Reading graphs...
60 : 116
60 : 116
Initializing...
maxdom : 8
D->valSize : 251
Solving...
Blb : 3 (clique : 22)
currentSize : 22 <-- 0.001848 s
currentSize : 23 <-- 0.012398 s
currentSize : 24 <-- 0.012771 s
currentSize : 25 <-- 0.030486 s
currentSize : 26 <-- 0.745591 s
currentSize : 27 <-- 1.797294 s
currentSize : 28 <-- 59.577244 s
currentSize : 29 <-- 62.867920 s

maxsize : 29
nodes : 26526987.000000
filtered : 180024873.000000
time : 106.140076
