Parameters: GAD=1 vflib=1 dir=1 label=1 lowerbound=1 fileNameGp=../../cp2016-max-common-connected-subgraph-paper/datasets/graphsdb/mcs50/bvg/b06/mcs50_b06_s70.A05 fileNameGt=../../cp2016-max-common-connected-subgraph-paper/datasets/graphsdb/mcs50/bvg/b06/mcs50_b06_s70.B05
Reading graphs...
70 : 210
70 : 210
Initializing...
maxdom : 9
D->valSize : 356
Solving...
Blb : 3 (clique : 25)
currentSize : 25 <-- 0.004780 s
currentSize : 26 <-- 5.159550 s
currentSize : 27 <-- 59.786137 s
currentSize : 28 <-- 60.022903 s
currentSize : 29 <-- 60.022953 s
currentSize : 30 <-- 189.711655 s
currentSize : 31 <-- 189.711716 s
currentSize : 32 <-- 189.711792 s
currentSize : 33 <-- 189.713318 s
currentSize : 34 <-- 189.716141 s
currentSize : 35 <-- 189.716354 s

maxsize : 35
nodes : 60124828.000000
filtered : 515941107.000000
time : 279.528320
