Parameters: GAD=1 vflib=1 dir=1 label=1 lowerbound=1 fileNameGp=../../cp2016-max-common-connected-subgraph-paper/datasets/graphsdb/mcs50/m3D/m3Dr2/mcs50_m3Dr2_s60.A08 fileNameGt=../../cp2016-max-common-connected-subgraph-paper/datasets/graphsdb/mcs50/m3D/m3Dr2/mcs50_m3Dr2_s60.B08
Reading graphs...
60 : 146
60 : 146
Initializing...
maxdom : 6
D->valSize : 240
Solving...
Blb : 2 (clique : 20)
currentSize : 20 <-- 0.001589 s
currentSize : 21 <-- 0.001714 s
currentSize : 22 <-- 0.002351 s
currentSize : 23 <-- 2.407302 s
currentSize : 24 <-- 2.408319 s
currentSize : 25 <-- 2.427043 s
currentSize : 26 <-- 4.690015 s
currentSize : 27 <-- 7.718503 s
currentSize : 28 <-- 7.727972 s

maxsize : 28
nodes : 2353756.000000
filtered : 14642654.000000
time : 10.126697
