Parameters: GAD=1 vflib=1 dir=1 label=1 lowerbound=1 fileNameGp=../../cp2016-max-common-connected-subgraph-paper/datasets/graphsdb/mcs50/rand/r001/mcs50_r001_s100.A06 fileNameGt=../../cp2016-max-common-connected-subgraph-paper/datasets/graphsdb/mcs50/rand/r001/mcs50_r001_s100.B06
Reading graphs...
100 : 124
100 : 124
Initializing...
maxdom : 6
D->valSize : 352
Solving...
Blb : 2 (clique : 44)
currentSize : 44 <-- 0.005557 s
currentSize : 45 <-- 0.326895 s
currentSize : 48 <-- 2.000932 s
currentSize : 49 <-- 2.001689 s
currentSize : 50 <-- 21.287872 s
currentSize : 51 <-- 51.512596 s
currentSize : 52 <-- 89.522324 s
currentSize : 53 <-- 525.639954 s

TIMEOUT
maxsize : 53
nodes : 208926904.000000
filtered : 560009852.000000
time : 1000.000061
