Parameters: GAD=1 vflib=1 dir=1 label=1 lowerbound=1 fileNameGp=../../cp2016-max-common-connected-subgraph-paper/datasets/graphsdb/mcs50/bvg/b06m/mcs50_b06m_s50.A00 fileNameGt=../../cp2016-max-common-connected-subgraph-paper/datasets/graphsdb/mcs50/bvg/b06m/mcs50_b06m_s50.B00
Reading graphs...
50 : 150
50 : 150
Initializing...
maxdom : 12
D->valSize : 361
Solving...
Blb : 2 (clique : 16)
currentSize : 16 <-- 0.004212 s
currentSize : 17 <-- 0.004588 s
currentSize : 18 <-- 0.018420 s
currentSize : 19 <-- 0.138643 s
currentSize : 20 <-- 1.561433 s
currentSize : 21 <-- 2.665574 s
currentSize : 22 <-- 2.665617 s
currentSize : 23 <-- 2.665715 s
currentSize : 24 <-- 2.665769 s
currentSize : 25 <-- 2.669571 s

maxsize : 25
nodes : 969674.000000
filtered : 14338832.000000
time : 4.348597
