Parameters: GAD=1 vflib=1 dir=1 label=1 lowerbound=1 fileNameGp=../../cp2016-max-common-connected-subgraph-paper/datasets/graphsdb/mcs50/bvg/b09m/mcs50_b09m_s60.A06 fileNameGt=../../cp2016-max-common-connected-subgraph-paper/datasets/graphsdb/mcs50/bvg/b09m/mcs50_b09m_s60.B06
Reading graphs...
60 : 270
60 : 270
Initializing...
maxdom : 8
D->valSize : 259
Solving...
Blb : 2 (clique : 16)
currentSize : 16 <-- 0.002558 s
currentSize : 17 <-- 0.003258 s
currentSize : 18 <-- 0.003367 s
currentSize : 19 <-- 0.562449 s
currentSize : 20 <-- 0.562596 s
currentSize : 21 <-- 0.562613 s
currentSize : 22 <-- 0.592450 s
currentSize : 26 <-- 1.191032 s
currentSize : 28 <-- 1.191289 s
currentSize : 31 <-- 1.192755 s

maxsize : 31
nodes : 302106.000000
filtered : 3012544.000000
time : 1.357546
