Parameters: GAD=1 vflib=1 dir=1 label=1 lowerbound=1 fileNameGp=../../cp2016-max-common-connected-subgraph-paper/datasets/graphsdb/mcs50/rand/r005/mcs50_r005_s60.A07 fileNameGt=../../cp2016-max-common-connected-subgraph-paper/datasets/graphsdb/mcs50/rand/r005/mcs50_r005_s60.B07
Reading graphs...
60 : 176
60 : 176
Initializing...
maxdom : 7
D->valSize : 264
Solving...
Blb : 5 (clique : 17)
currentSize : 17 <-- 0.002780 s
currentSize : 18 <-- 0.003227 s
currentSize : 19 <-- 0.004130 s
currentSize : 20 <-- 0.085194 s
currentSize : 21 <-- 0.403871 s
currentSize : 22 <-- 0.557173 s
currentSize : 23 <-- 0.558603 s
currentSize : 24 <-- 0.558981 s
currentSize : 25 <-- 2.056406 s
currentSize : 26 <-- 2.056482 s
currentSize : 27 <-- 2.232233 s
currentSize : 28 <-- 3.254663 s
currentSize : 30 <-- 3.572901 s

maxsize : 30
nodes : 1082167.000000
filtered : 7540340.000000
time : 4.590289
