Parameters: GAD=1 vflib=1 dir=1 label=1 lowerbound=1 fileNameGp=../../cp2016-max-common-connected-subgraph-paper/datasets/graphsdb/mcs50/m3D/m3Dr4/mcs50_m3Dr4_s50.A03 fileNameGt=../../cp2016-max-common-connected-subgraph-paper/datasets/graphsdb/mcs50/m3D/m3Dr4/mcs50_m3Dr4_s50.B03
Reading graphs...
50 : 129
50 : 127
Initializing...
maxdom : 11
D->valSize : 351
Solving...
Blb : 2 (clique : 15)
currentSize : 15 <-- 0.002483 s
currentSize : 16 <-- 0.002974 s
currentSize : 17 <-- 0.229189 s
currentSize : 18 <-- 1.400718 s
currentSize : 19 <-- 19.155460 s
currentSize : 21 <-- 60.657265 s
currentSize : 23 <-- 60.657364 s
currentSize : 24 <-- 63.166824 s
currentSize : 25 <-- 63.166866 s
currentSize : 26 <-- 63.167244 s
currentSize : 27 <-- 63.167271 s

maxsize : 27
nodes : 21040542.000000
filtered : 162422543.000000
time : 65.906487
