Parameters: GAD=1 vflib=1 dir=1 label=1 lowerbound=1 fileNameGp=../../cp2016-max-common-connected-subgraph-paper/datasets/graphsdb/mcs50/bvg/b06/mcs50_b06_s100.A02 fileNameGt=../../cp2016-max-common-connected-subgraph-paper/datasets/graphsdb/mcs50/bvg/b06/mcs50_b06_s100.B02
Reading graphs...
100 : 300
100 : 300
Initializing...
maxdom : 6
D->valSize : 343
Solving...
Blb : 3 (clique : 29)
currentSize : 29 <-- 0.003317 s
currentSize : 30 <-- 0.114819 s
currentSize : 31 <-- 0.178530 s
currentSize : 32 <-- 0.288167 s
currentSize : 33 <-- 0.561524 s
currentSize : 34 <-- 0.913615 s
currentSize : 35 <-- 1.034231 s
currentSize : 36 <-- 1.702193 s
currentSize : 37 <-- 3.663333 s
currentSize : 38 <-- 4.747328 s
currentSize : 39 <-- 4.749210 s
currentSize : 40 <-- 6.084241 s
currentSize : 41 <-- 43.564556 s
currentSize : 42 <-- 43.944115 s
currentSize : 44 <-- 44.024975 s
currentSize : 45 <-- 44.226013 s
currentSize : 46 <-- 78.749702 s
currentSize : 47 <-- 79.144302 s

TIMEOUT
maxsize : 47
nodes : 220419648.000000
filtered : 659788338.000000
time : 1000.000122
