Parameters: GAD=1 vflib=1 dir=1 label=1 lowerbound=1 fileNameGp=../../cp2016-max-common-connected-subgraph-paper/datasets/graphsdb/mcs50/m2D/m2Dr6/mcs50_m2Dr6_s80.A09 fileNameGt=../../cp2016-max-common-connected-subgraph-paper/datasets/graphsdb/mcs50/m2D/m2Dr6/mcs50_m2Dr6_s80.B09
Reading graphs...
80 : 190
80 : 189
Initializing...
maxdom : 7
D->valSize : 406
Solving...
Blb : 2 (clique : 25)
currentSize : 25 <-- 0.006207 s
currentSize : 27 <-- 0.006482 s
currentSize : 28 <-- 0.007000 s
currentSize : 29 <-- 0.007068 s
currentSize : 30 <-- 110.349243 s
currentSize : 31 <-- 408.376831 s
currentSize : 32 <-- 441.144104 s
currentSize : 33 <-- 443.234314 s
currentSize : 34 <-- 562.152039 s
currentSize : 35 <-- 562.504272 s

TIMEOUT
maxsize : 35
nodes : 200241253.000000
filtered : 1706324112.000000
time : 1000.000000
