Parameters: GAD=1 vflib=1 dir=1 label=1 lowerbound=1 fileNameGp=../../cp2016-max-common-connected-subgraph-paper/datasets/graphsdb/mcs50/m2D/m2D/mcs50_m2D_s60.A09 fileNameGt=../../cp2016-max-common-connected-subgraph-paper/datasets/graphsdb/mcs50/m2D/m2D/mcs50_m2D_s60.B09
Reading graphs...
60 : 104
60 : 104
Initializing...
maxdom : 6
D->valSize : 254
Solving...
Blb : 2 (clique : 26)
currentSize : 26 <-- 0.002113 s
currentSize : 27 <-- 2.616882 s
currentSize : 28 <-- 3.588704 s
currentSize : 29 <-- 3.592863 s
currentSize : 30 <-- 57.169872 s
currentSize : 31 <-- 121.662056 s

maxsize : 31
nodes : 68485448.000000
filtered : 497857737.000000
time : 292.388489
