Parameters: GAD=1 vflib=1 dir=1 label=1 lowerbound=1 fileNameGp=../../cp2016-max-common-connected-subgraph-paper/datasets/graphsdb/mcs50/rand/r005/mcs50_r005_s90.A05 fileNameGt=../../cp2016-max-common-connected-subgraph-paper/datasets/graphsdb/mcs50/rand/r005/mcs50_r005_s90.B05
Reading graphs...
90 : 399
90 : 399
Initializing...
maxdom : 8
D->valSize : 522
Solving...
Blb : 2 (clique : 21)
currentSize : 21 <-- 0.005874 s
currentSize : 22 <-- 0.006079 s
currentSize : 23 <-- 0.006124 s
currentSize : 24 <-- 0.702124 s
currentSize : 25 <-- 0.862317 s
currentSize : 26 <-- 1.272507 s
currentSize : 27 <-- 1.272591 s
currentSize : 28 <-- 1.274705 s
currentSize : 29 <-- 56.262367 s
currentSize : 30 <-- 166.860138 s
currentSize : 31 <-- 166.870773 s
currentSize : 32 <-- 400.677399 s
currentSize : 34 <-- 595.534119 s
currentSize : 37 <-- 595.919678 s
currentSize : 38 <-- 987.961426 s
currentSize : 39 <-- 988.355164 s
currentSize : 40 <-- 988.356201 s

TIMEOUT
maxsize : 40
nodes : 157018224.000000
filtered : 2270893074.000000
time : 1000.000061
