Parameters: GAD=1 vflib=1 dir=1 label=1 lowerbound=1 fileNameGp=../../cp2016-max-common-connected-subgraph-paper/datasets/graphsdb/mcs50/rand/r01/mcs50_r01_s100.A00 fileNameGt=../../cp2016-max-common-connected-subgraph-paper/datasets/graphsdb/mcs50/rand/r01/mcs50_r01_s100.B00
Reading graphs...
100 : 989
100 : 989
Initializing...
maxdom : 7
D->valSize : 403
Solving...
Blb : 2 (clique : 22)
currentSize : 22 <-- 0.006000 s
currentSize : 28 <-- 0.077352 s
currentSize : 29 <-- 0.238486 s
currentSize : 34 <-- 0.248044 s
currentSize : 42 <-- 0.637915 s
currentSize : 50 <-- 0.640543 s

maxsize : 50
nodes : 126481.000000
filtered : 1513215.000000
time : 0.946693
