Parameters: GAD=1 vflib=1 dir=1 label=1 lowerbound=1 fileNameGp=../../cp2016-max-common-connected-subgraph-paper/datasets/graphsdb/mcs50/m2D/m2D/mcs50_m2D_s80.A03 fileNameGt=../../cp2016-max-common-connected-subgraph-paper/datasets/graphsdb/mcs50/m2D/m2D/mcs50_m2D_s80.B03
Reading graphs...
80 : 142
80 : 142
Initializing...
maxdom : 12
D->valSize : 444
Solving...
Blb : 2 (clique : 30)
currentSize : 30 <-- 0.004446 s
currentSize : 31 <-- 0.005988 s
currentSize : 32 <-- 0.006023 s
currentSize : 33 <-- 0.018992 s
currentSize : 34 <-- 0.019042 s
currentSize : 35 <-- 0.055845 s
currentSize : 36 <-- 0.100655 s
currentSize : 37 <-- 5.827180 s
currentSize : 38 <-- 5.850450 s

TIMEOUT
maxsize : 38
nodes : 185819427.000000
filtered : 1706945400.000000
time : 1000.000000
