Parameters: GAD=1 vflib=1 dir=1 label=1 lowerbound=1 fileNameGp=../../cp2016-max-common-connected-subgraph-paper/datasets/graphsdb/mcs50/m2D/m2Dr2/mcs50_m2Dr2_s100.A01 fileNameGt=../../cp2016-max-common-connected-subgraph-paper/datasets/graphsdb/mcs50/m2D/m2Dr2/mcs50_m2Dr2_s100.B01
Reading graphs...
100 : 200
100 : 200
Initializing...
maxdom : 11
D->valSize : 360
Solving...
Blb : 2 (clique : 31)
currentSize : 31 <-- 0.005546 s
currentSize : 32 <-- 0.006666 s
currentSize : 33 <-- 0.019858 s
currentSize : 34 <-- 0.020090 s
currentSize : 35 <-- 0.128742 s
currentSize : 36 <-- 0.144760 s
currentSize : 37 <-- 0.157591 s
currentSize : 38 <-- 0.252115 s
currentSize : 39 <-- 1.937883 s
currentSize : 40 <-- 159.084747 s
currentSize : 41 <-- 240.601685 s
currentSize : 42 <-- 499.663147 s
currentSize : 43 <-- 512.579773 s
currentSize : 44 <-- 512.581909 s
currentSize : 45 <-- 926.390991 s

TIMEOUT
maxsize : 45
nodes : 194797792.000000
filtered : 864293947.000000
time : 1000.000061
