Parameters: GAD=1 vflib=1 dir=1 label=1 lowerbound=1 fileNameGp=../../cp2016-max-common-connected-subgraph-paper/datasets/graphsdb/mcs50/bvg/b03m/mcs50_b03m_s70.A03 fileNameGt=../../cp2016-max-common-connected-subgraph-paper/datasets/graphsdb/mcs50/bvg/b03m/mcs50_b03m_s70.B03
Reading graphs...
70 : 105
70 : 105
Initializing...
maxdom : 7
D->valSize : 335
Solving...
Blb : 2 (clique : 31)
currentSize : 31 <-- 0.004695 s
currentSize : 32 <-- 0.006576 s
currentSize : 33 <-- 0.010738 s
currentSize : 34 <-- 0.109785 s
currentSize : 35 <-- 0.151432 s
currentSize : 36 <-- 1.358822 s
currentSize : 37 <-- 52.855545 s

TIMEOUT
maxsize : 37
nodes : 214029288.000000
filtered : 1316781534.000000
time : 1000.000061
