Parameters: GAD=1 vflib=1 dir=1 label=1 lowerbound=1 fileNameGp=../../cp2016-max-common-connected-subgraph-paper/datasets/graphsdb/mcs50/bvg/b03m/mcs50_b03m_s60.A03 fileNameGt=../../cp2016-max-common-connected-subgraph-paper/datasets/graphsdb/mcs50/bvg/b03m/mcs50_b03m_s60.B03
Reading graphs...
60 : 90
60 : 90
Initializing...
maxdom : 8
D->valSize : 246
Solving...
Blb : 3 (clique : 26)
currentSize : 26 <-- 0.002893 s
currentSize : 27 <-- 0.055205 s
currentSize : 28 <-- 0.062250 s
currentSize : 29 <-- 5.394510 s
currentSize : 30 <-- 6.602995 s
currentSize : 31 <-- 7.374463 s
currentSize : 32 <-- 17.103661 s
currentSize : 33 <-- 52.749249 s

maxsize : 33
nodes : 14346657.000000
filtered : 91447727.000000
time : 58.767879
