Parameters: GAD=1 vflib=1 dir=1 label=1 lowerbound=1 fileNameGp=../../cp2016-max-common-connected-subgraph-paper/datasets/graphsdb/mcs50/bvg/b03m/mcs50_b03m_s100.A03 fileNameGt=../../cp2016-max-common-connected-subgraph-paper/datasets/graphsdb/mcs50/bvg/b03m/mcs50_b03m_s100.B03
Reading graphs...
100 : 150
100 : 150
Initializing...
maxdom : 7
D->valSize : 347
Solving...
Blb : 2 (clique : 41)
currentSize : 41 <-- 0.003565 s
currentSize : 42 <-- 0.003854 s
currentSize : 43 <-- 0.004851 s
currentSize : 44 <-- 0.056829 s
currentSize : 45 <-- 25.251640 s
currentSize : 46 <-- 75.926788 s
currentSize : 47 <-- 289.667053 s
currentSize : 48 <-- 598.640747 s

TIMEOUT
maxsize : 48
nodes : 231393797.000000
filtered : 709795794.000000
time : 1000.000061
