Parameters: GAD=1 vflib=1 dir=1 label=1 lowerbound=1 fileNameGp=../../cp2016-max-common-connected-subgraph-paper/datasets/graphsdb/mcs50/bvg/b09/mcs50_b09_s60.A09 fileNameGt=../../cp2016-max-common-connected-subgraph-paper/datasets/graphsdb/mcs50/bvg/b09/mcs50_b09_s60.B09
Reading graphs...
60 : 270
60 : 270
Initializing...
maxdom : 8
D->valSize : 246
Solving...
Blb : 3 (clique : 15)
currentSize : 15 <-- 0.002432 s
currentSize : 17 <-- 0.003352 s
currentSize : 18 <-- 0.013207 s
currentSize : 19 <-- 0.068969 s
currentSize : 20 <-- 0.081564 s
currentSize : 21 <-- 0.130696 s
currentSize : 25 <-- 0.649970 s
currentSize : 27 <-- 0.653769 s
currentSize : 30 <-- 0.654233 s

maxsize : 30
nodes : 342020.000000
filtered : 1622675.000000
time : 1.243011
