Parameters: GAD=1 vflib=1 dir=1 label=1 lowerbound=1 fileNameGp=../../cp2016-max-common-connected-subgraph-paper/datasets/graphsdb/mcs50/bvg/b03/mcs50_b03_s100.A02 fileNameGt=../../cp2016-max-common-connected-subgraph-paper/datasets/graphsdb/mcs50/bvg/b03/mcs50_b03_s100.B02
Reading graphs...
100 : 150
100 : 150
Initializing...
maxdom : 7
D->valSize : 408
Solving...
Blb : 2 (clique : 44)
currentSize : 44 <-- 0.004422 s
currentSize : 45 <-- 0.004897 s
currentSize : 48 <-- 0.005060 s
currentSize : 49 <-- 0.005205 s
currentSize : 50 <-- 0.354675 s
currentSize : 51 <-- 0.354878 s
currentSize : 52 <-- 1.353014 s
currentSize : 53 <-- 105.989693 s
currentSize : 54 <-- 105.991180 s
currentSize : 55 <-- 106.745247 s
currentSize : 56 <-- 202.162949 s

TIMEOUT
maxsize : 56
nodes : 185574318.000000
filtered : 862328914.000000
time : 1000.000061
