Parameters: GAD=1 vflib=1 dir=1 label=1 lowerbound=1 fileNameGp=../../cp2016-max-common-connected-subgraph-paper/datasets/graphsdb/mcs50/m3D/m3Dr4/mcs50_m3Dr4_s60.A04 fileNameGt=../../cp2016-max-common-connected-subgraph-paper/datasets/graphsdb/mcs50/m3D/m3Dr4/mcs50_m3Dr4_s60.B04
Reading graphs...
60 : 158
60 : 158
Initializing...
maxdom : 7
D->valSize : 251
Solving...
Blb : 2 (clique : 18)
currentSize : 18 <-- 0.002684 s
currentSize : 19 <-- 0.002880 s
currentSize : 20 <-- 0.002962 s
currentSize : 21 <-- 0.011883 s
currentSize : 22 <-- 0.056921 s
currentSize : 24 <-- 0.964926 s
currentSize : 26 <-- 3.470110 s
currentSize : 27 <-- 3.490553 s
currentSize : 28 <-- 3.537283 s
currentSize : 29 <-- 21.913900 s
currentSize : 30 <-- 26.163460 s

maxsize : 30
nodes : 8563703.000000
filtered : 60789332.000000
time : 36.726185
