Parameters: GAD=1 vflib=1 dir=1 label=1 lowerbound=1 fileNameGp=../../cp2016-max-common-connected-subgraph-paper/datasets/graphsdb/mcs50/m2D/m2Dr2/mcs50_m2Dr2_s70.A02 fileNameGt=../../cp2016-max-common-connected-subgraph-paper/datasets/graphsdb/mcs50/m2D/m2Dr2/mcs50_m2Dr2_s70.B02
Reading graphs...
70 : 137
70 : 136
Initializing...
maxdom : 9
D->valSize : 353
Solving...
Blb : 2 (clique : 27)
currentSize : 27 <-- 0.004872 s
currentSize : 28 <-- 0.005160 s
currentSize : 30 <-- 0.011362 s
currentSize : 31 <-- 0.014814 s
currentSize : 32 <-- 0.157321 s
currentSize : 33 <-- 0.313344 s
currentSize : 34 <-- 3.198093 s
currentSize : 35 <-- 3.227809 s
currentSize : 37 <-- 3.234627 s
currentSize : 38 <-- 24.850981 s
currentSize : 39 <-- 24.851778 s
currentSize : 40 <-- 26.509888 s

maxsize : 40
nodes : 11286589.000000
filtered : 62618168.000000
time : 51.215260
