Parameters: GAD=1 vflib=1 dir=1 label=1 lowerbound=1 fileNameGp=../../cp2016-max-common-connected-subgraph-paper/datasets/graphsdb/mcs50/rand/r001/mcs50_r001_s100.A04 fileNameGt=../../cp2016-max-common-connected-subgraph-paper/datasets/graphsdb/mcs50/rand/r001/mcs50_r001_s100.B04
Reading graphs...
100 : 124
100 : 124
Initializing...
maxdom : 8
D->valSize : 359
Solving...
Blb : 3 (clique : 41)
currentSize : 41 <-- 0.006346 s
currentSize : 42 <-- 0.006799 s
currentSize : 43 <-- 0.034996 s
currentSize : 44 <-- 3.048752 s
currentSize : 45 <-- 12.907529 s
currentSize : 46 <-- 128.778000 s
currentSize : 47 <-- 449.012665 s

TIMEOUT
maxsize : 47
nodes : 225418177.000000
filtered : 809083392.000000
time : 1000.000061
