Parameters: GAD=1 vflib=1 dir=1 label=1 lowerbound=1 fileNameGp=../../cp2016-max-common-connected-subgraph-paper/datasets/graphsdb/mcs50/rand/r005/mcs50_r005_s70.A05 fileNameGt=../../cp2016-max-common-connected-subgraph-paper/datasets/graphsdb/mcs50/rand/r005/mcs50_r005_s70.B05
Reading graphs...
70 : 240
70 : 240
Initializing...
maxdom : 8
D->valSize : 368
Solving...
Blb : 5 (clique : 17)
currentSize : 17 <-- 0.004639 s
currentSize : 20 <-- 0.004817 s
currentSize : 21 <-- 0.005371 s
currentSize : 22 <-- 0.041035 s
currentSize : 23 <-- 0.937318 s
currentSize : 24 <-- 0.937340 s
currentSize : 25 <-- 6.592455 s
currentSize : 26 <-- 6.604856 s
currentSize : 28 <-- 22.753515 s
currentSize : 29 <-- 22.756659 s
currentSize : 31 <-- 34.955086 s
currentSize : 32 <-- 43.361572 s
currentSize : 33 <-- 51.978615 s
currentSize : 35 <-- 51.986164 s

maxsize : 35
nodes : 10576587.000000
filtered : 125077476.000000
time : 55.488361
