Parameters: GAD=1 vflib=1 dir=1 label=1 lowerbound=1 fileNameGp=../../cp2016-max-common-connected-subgraph-paper/datasets/graphsdb/mcs50/rand/r005/mcs50_r005_s90.A01 fileNameGt=../../cp2016-max-common-connected-subgraph-paper/datasets/graphsdb/mcs50/rand/r005/mcs50_r005_s90.B01
Reading graphs...
90 : 399
90 : 399
Initializing...
maxdom : 9
D->valSize : 539
Solving...
Blb : 2 (clique : 20)
currentSize : 20 <-- 0.006247 s
currentSize : 21 <-- 0.006418 s
currentSize : 22 <-- 0.006463 s
currentSize : 23 <-- 0.006724 s
currentSize : 24 <-- 0.020764 s
currentSize : 25 <-- 0.086231 s
currentSize : 26 <-- 9.007931 s
currentSize : 27 <-- 9.008155 s
currentSize : 28 <-- 15.061840 s
currentSize : 29 <-- 33.030235 s
currentSize : 30 <-- 33.246040 s
currentSize : 31 <-- 33.259083 s
currentSize : 32 <-- 33.294788 s
currentSize : 33 <-- 33.319328 s
currentSize : 35 <-- 45.715824 s
currentSize : 37 <-- 99.939957 s
currentSize : 38 <-- 299.091614 s
currentSize : 41 <-- 299.099823 s
currentSize : 42 <-- 375.799469 s
currentSize : 45 <-- 375.799622 s

maxsize : 45
nodes : 78404579.000000
filtered : 1076349293.000000
time : 516.880066
