Parameters: GAD=1 vflib=1 dir=1 label=1 lowerbound=1 fileNameGp=../../cp2016-max-common-connected-subgraph-paper/datasets/graphsdb/mcs50/bvg/b03m/mcs50_b03m_s100.A09 fileNameGt=../../cp2016-max-common-connected-subgraph-paper/datasets/graphsdb/mcs50/bvg/b03m/mcs50_b03m_s100.B09
Reading graphs...
100 : 150
100 : 150
Initializing...
maxdom : 7
D->valSize : 325
Solving...
Blb : 2 (clique : 44)
currentSize : 44 <-- 0.003440 s
currentSize : 47 <-- 0.003762 s
currentSize : 48 <-- 0.262354 s
currentSize : 49 <-- 0.263342 s
currentSize : 50 <-- 0.268534 s
currentSize : 51 <-- 57.670860 s
currentSize : 52 <-- 916.770813 s
currentSize : 53 <-- 971.178467 s

TIMEOUT
maxsize : 53
nodes : 236598908.000000
filtered : 487853587.000000
time : 1000.000061
