Parameters: GAD=1 vflib=1 dir=1 label=1 lowerbound=1 fileNameGp=../../cp2016-max-common-connected-subgraph-paper/datasets/graphsdb/mcs50/m3D/m3Dr6/mcs50_m3Dr6_s60.A00 fileNameGt=../../cp2016-max-common-connected-subgraph-paper/datasets/graphsdb/mcs50/m3D/m3Dr6/mcs50_m3Dr6_s60.B00
Reading graphs...
60 : 170
60 : 169
Initializing...
maxdom : 10
D->valSize : 225
Solving...
Blb : 3 (clique : 19)
currentSize : 19 <-- 0.002401 s
currentSize : 20 <-- 0.081331 s
currentSize : 21 <-- 0.138298 s
currentSize : 22 <-- 0.145060 s
currentSize : 23 <-- 0.150870 s
currentSize : 24 <-- 0.186685 s
currentSize : 25 <-- 0.282760 s
currentSize : 27 <-- 0.283344 s

maxsize : 27
nodes : 429782.000000
filtered : 3054507.000000
time : 1.863881
