Parameters: GAD=1 vflib=1 dir=1 label=1 lowerbound=1 fileNameGp=../../cp2016-max-common-connected-subgraph-paper/datasets/graphsdb/mcs50/bvg/b09/mcs50_b09_s80.A03 fileNameGt=../../cp2016-max-common-connected-subgraph-paper/datasets/graphsdb/mcs50/bvg/b09/mcs50_b09_s80.B03
Reading graphs...
80 : 360
80 : 360
Initializing...
maxdom : 9
D->valSize : 433
Solving...
Blb : 2 (clique : 25)
currentSize : 25 <-- 0.006665 s
currentSize : 28 <-- 0.007105 s
currentSize : 29 <-- 0.013195 s
currentSize : 30 <-- 0.014031 s
currentSize : 31 <-- 0.040409 s
currentSize : 32 <-- 0.041240 s
currentSize : 33 <-- 0.041301 s
currentSize : 34 <-- 0.046334 s
currentSize : 35 <-- 0.046937 s
currentSize : 36 <-- 0.050704 s
currentSize : 37 <-- 0.051020 s
currentSize : 39 <-- 0.073394 s
currentSize : 40 <-- 0.096719 s

maxsize : 40
nodes : 23532801.000000
filtered : 106331966.000000
time : 104.865822
