Parameters: GAD=1 vflib=1 dir=1 label=1 lowerbound=1 fileNameGp=../../cp2016-max-common-connected-subgraph-paper/datasets/graphsdb/mcs50/m2D/m2D/mcs50_m2D_s100.A09 fileNameGt=../../cp2016-max-common-connected-subgraph-paper/datasets/graphsdb/mcs50/m2D/m2D/mcs50_m2D_s100.B09
Reading graphs...
100 : 180
100 : 180
Initializing...
maxdom : 9
D->valSize : 336
Solving...
Blb : 2 (clique : 34)
currentSize : 34 <-- 0.003499 s
currentSize : 36 <-- 0.004467 s
currentSize : 37 <-- 0.004556 s
currentSize : 38 <-- 0.005788 s
currentSize : 39 <-- 0.046126 s
currentSize : 40 <-- 0.387689 s
currentSize : 41 <-- 0.460906 s
currentSize : 42 <-- 0.520336 s
currentSize : 43 <-- 0.962805 s
currentSize : 44 <-- 12.249366 s
currentSize : 45 <-- 12.891276 s
currentSize : 46 <-- 26.815294 s

TIMEOUT
maxsize : 46
nodes : 207056359.000000
filtered : 612856340.000000
time : 1000.000061
