Parameters: GAD=1 vflib=1 dir=1 label=1 lowerbound=1 fileNameGp=../../cp2016-max-common-connected-subgraph-paper/datasets/graphsdb/mcs50/rand/r01/mcs50_r01_s80.A06 fileNameGt=../../cp2016-max-common-connected-subgraph-paper/datasets/graphsdb/mcs50/rand/r01/mcs50_r01_s80.B06
Reading graphs...
80 : 631
80 : 631
Initializing...
maxdom : 10
D->valSize : 463
Solving...
Blb : 2 (clique : 12)
currentSize : 12 <-- 0.006388 s
currentSize : 13 <-- 0.011471 s
currentSize : 14 <-- 0.063251 s
currentSize : 16 <-- 0.065159 s
currentSize : 17 <-- 0.095327 s
currentSize : 19 <-- 0.096265 s
currentSize : 20 <-- 0.099083 s
currentSize : 22 <-- 0.112486 s
currentSize : 24 <-- 0.119299 s
currentSize : 27 <-- 0.153363 s
currentSize : 30 <-- 0.176795 s
currentSize : 31 <-- 0.307931 s
currentSize : 34 <-- 0.396796 s
currentSize : 40 <-- 0.439448 s

maxsize : 40
nodes : 85625.000000
filtered : 1198643.000000
time : 0.503792
