Parameters: GAD=1 vflib=1 dir=1 label=1 lowerbound=1 fileNameGp=../../cp2016-max-common-connected-subgraph-paper/datasets/graphsdb/mcs50/m2D/m2Dr6/mcs50_m2Dr6_s50.A05 fileNameGt=../../cp2016-max-common-connected-subgraph-paper/datasets/graphsdb/mcs50/m2D/m2Dr6/mcs50_m2Dr6_s50.B05
Reading graphs...
50 : 115
50 : 115
Initializing...
maxdom : 10
D->valSize : 331
Solving...
Blb : 3 (clique : 18)
currentSize : 18 <-- 0.002413 s
currentSize : 19 <-- 0.004982 s
currentSize : 20 <-- 0.013347 s
currentSize : 21 <-- 0.098012 s
currentSize : 22 <-- 0.122800 s
currentSize : 23 <-- 0.123467 s
currentSize : 24 <-- 0.123762 s
currentSize : 25 <-- 0.334978 s
currentSize : 27 <-- 1.960704 s
currentSize : 28 <-- 5.603053 s

maxsize : 28
nodes : 2506615.000000
filtered : 26728804.000000
time : 10.228801
