Parameters: GAD=1 vflib=1 dir=1 label=1 lowerbound=1 fileNameGp=../../cp2016-max-common-connected-subgraph-paper/datasets/graphsdb/mcs50/rand/r005/mcs50_r005_s100.A08 fileNameGt=../../cp2016-max-common-connected-subgraph-paper/datasets/graphsdb/mcs50/rand/r005/mcs50_r005_s100.B08
Reading graphs...
100 : 494
100 : 494
Initializing...
maxdom : 7
D->valSize : 342
Solving...
Blb : 2 (clique : 24)
currentSize : 24 <-- 0.005022 s
currentSize : 25 <-- 0.035165 s
currentSize : 26 <-- 0.044534 s
currentSize : 28 <-- 0.080100 s
currentSize : 30 <-- 0.118730 s
currentSize : 31 <-- 0.217327 s
currentSize : 32 <-- 15.230335 s
currentSize : 33 <-- 15.233931 s
currentSize : 34 <-- 15.233949 s
currentSize : 35 <-- 15.234615 s
currentSize : 36 <-- 15.320811 s
currentSize : 40 <-- 15.326310 s
currentSize : 41 <-- 33.973228 s
currentSize : 45 <-- 48.614689 s
currentSize : 46 <-- 48.616951 s
currentSize : 48 <-- 49.528625 s
currentSize : 50 <-- 49.529743 s

maxsize : 50
nodes : 14168480.000000
filtered : 92314599.000000
time : 79.928947
