Parameters: GAD=1 vflib=1 dir=1 label=1 lowerbound=1 fileNameGp=../../cp2016-max-common-connected-subgraph-paper/datasets/graphsdb/mcs50/m2D/m2Dr2/mcs50_m2Dr2_s90.A01 fileNameGt=../../cp2016-max-common-connected-subgraph-paper/datasets/graphsdb/mcs50/m2D/m2Dr2/mcs50_m2Dr2_s90.B01
Reading graphs...
90 : 179
90 : 179
Initializing...
maxdom : 11
D->valSize : 519
Solving...
Blb : 2 (clique : 40)
currentSize : 40 <-- 0.005785 s
currentSize : 41 <-- 0.006077 s
currentSize : 42 <-- 0.007065 s
currentSize : 43 <-- 0.007247 s
currentSize : 45 <-- 0.011439 s
currentSize : 46 <-- 0.070101 s
currentSize : 47 <-- 0.070996 s
currentSize : 48 <-- 1.154380 s

TIMEOUT
maxsize : 48
nodes : 214414525.000000
filtered : 867687845.000000
time : 1000.000061
