Parameters: GAD=1 vflib=1 dir=1 label=1 lowerbound=1 fileNameGp=../../cp2016-max-common-connected-subgraph-paper/datasets/graphsdb/mcs50/m2D/m2D/mcs50_m2D_s60.A01 fileNameGt=../../cp2016-max-common-connected-subgraph-paper/datasets/graphsdb/mcs50/m2D/m2D/mcs50_m2D_s60.B01
Reading graphs...
60 : 104
60 : 104
Initializing...
maxdom : 8
D->valSize : 286
Solving...
Blb : 2 (clique : 21)
currentSize : 21 <-- 0.003265 s
currentSize : 24 <-- 0.094737 s
currentSize : 25 <-- 0.094915 s
currentSize : 26 <-- 131.799271 s
currentSize : 27 <-- 295.481018 s
currentSize : 28 <-- 348.338226 s

maxsize : 28
nodes : 88489112.000000
filtered : 778958923.000000
time : 375.700653
