Parameters: GAD=1 vflib=1 dir=1 label=1 lowerbound=1 fileNameGp=../../cp2016-max-common-connected-subgraph-paper/datasets/graphsdb/mcs50/rand/r01/mcs50_r01_s80.A07 fileNameGt=../../cp2016-max-common-connected-subgraph-paper/datasets/graphsdb/mcs50/rand/r01/mcs50_r01_s80.B07
Reading graphs...
80 : 631
80 : 631
Initializing...
maxdom : 11
D->valSize : 469
Solving...
Blb : 2 (clique : 17)
currentSize : 17 <-- 0.004432 s
currentSize : 18 <-- 0.006959 s
currentSize : 19 <-- 0.014340 s
currentSize : 21 <-- 0.014852 s
currentSize : 22 <-- 0.016966 s
currentSize : 23 <-- 0.017033 s
currentSize : 25 <-- 0.017111 s
currentSize : 27 <-- 0.017650 s
currentSize : 28 <-- 0.111936 s
currentSize : 29 <-- 0.112025 s
currentSize : 30 <-- 0.424059 s
currentSize : 33 <-- 0.434011 s
currentSize : 40 <-- 0.434145 s

maxsize : 40
nodes : 126722.000000
filtered : 1973818.000000
time : 0.784171
