Parameters: GAD=1 vflib=1 dir=1 label=1 lowerbound=1 fileNameGp=../../cp2016-max-common-connected-subgraph-paper/datasets/graphsdb/mcs50/m2D/m2Dr2/mcs50_m2Dr2_s100.A02 fileNameGt=../../cp2016-max-common-connected-subgraph-paper/datasets/graphsdb/mcs50/m2D/m2Dr2/mcs50_m2Dr2_s100.B02
Reading graphs...
100 : 200
100 : 198
Initializing...
maxdom : 7
D->valSize : 353
Solving...
Blb : 2 (clique : 40)
currentSize : 40 <-- 0.003538 s
currentSize : 41 <-- 0.003840 s
currentSize : 42 <-- 0.004018 s
currentSize : 43 <-- 0.008505 s
currentSize : 44 <-- 0.084806 s
currentSize : 45 <-- 0.176126 s
currentSize : 46 <-- 0.237747 s
currentSize : 47 <-- 15.332526 s
currentSize : 48 <-- 710.561768 s
currentSize : 49 <-- 710.579651 s
currentSize : 50 <-- 716.389954 s

TIMEOUT
maxsize : 50
nodes : 243788087.000000
filtered : 467527921.000000
time : 1000.000061
