Parameters: GAD=1 vflib=1 dir=1 label=1 lowerbound=1 fileNameGp=../../cp2016-max-common-connected-subgraph-paper/datasets/graphsdb/mcs50/m2D/m2Dr2/mcs50_m2Dr2_s70.A04 fileNameGt=../../cp2016-max-common-connected-subgraph-paper/datasets/graphsdb/mcs50/m2D/m2Dr2/mcs50_m2Dr2_s70.B04
Reading graphs...
70 : 137
70 : 137
Initializing...
maxdom : 7
D->valSize : 324
Solving...
Blb : 2 (clique : 32)
currentSize : 32 <-- 0.002669 s
currentSize : 33 <-- 1.360733 s
currentSize : 34 <-- 14.169919 s
currentSize : 36 <-- 14.309007 s
currentSize : 37 <-- 19.464039 s
currentSize : 38 <-- 91.707344 s
currentSize : 39 <-- 91.939423 s

maxsize : 39
nodes : 106522968.000000
filtered : 529498895.000000
time : 466.953125
