Parameters: GAD=1 vflib=1 dir=1 label=1 lowerbound=1 fileNameGp=../../cp2016-max-common-connected-subgraph-paper/datasets/graphsdb/mcs50/bvg/b03m/mcs50_b03m_s100.A00 fileNameGt=../../cp2016-max-common-connected-subgraph-paper/datasets/graphsdb/mcs50/bvg/b03m/mcs50_b03m_s100.B00
Reading graphs...
100 : 150
100 : 150
Initializing...
maxdom : 7
D->valSize : 365
Solving...
Blb : 2 (clique : 35)
currentSize : 35 <-- 0.003642 s
currentSize : 39 <-- 0.003902 s
currentSize : 40 <-- 0.004182 s
currentSize : 41 <-- 208.218262 s
currentSize : 42 <-- 605.297852 s
currentSize : 43 <-- 605.390442 s
currentSize : 44 <-- 606.113525 s
currentSize : 45 <-- 615.252808 s

TIMEOUT
maxsize : 45
nodes : 200213350.000000
filtered : 1009718658.000000
time : 1000.000061
