Parameters: GAD=1 vflib=1 dir=1 label=1 lowerbound=1 fileNameGp=../../cp2016-max-common-connected-subgraph-paper/datasets/graphsdb/mcs50/m2D/m2Dr2/mcs50_m2Dr2_s90.A06 fileNameGt=../../cp2016-max-common-connected-subgraph-paper/datasets/graphsdb/mcs50/m2D/m2Dr2/mcs50_m2Dr2_s90.B06
Reading graphs...
90 : 179
90 : 179
Initializing...
maxdom : 10
D->valSize : 538
Solving...
Blb : 2 (clique : 40)
currentSize : 40 <-- 0.009851 s
currentSize : 43 <-- 0.010559 s
currentSize : 44 <-- 0.014723 s
currentSize : 45 <-- 0.047926 s
currentSize : 46 <-- 0.050769 s
currentSize : 47 <-- 0.124536 s
currentSize : 48 <-- 0.996058 s
currentSize : 49 <-- 1.008088 s
currentSize : 50 <-- 1.172048 s
currentSize : 51 <-- 1.577649 s
currentSize : 52 <-- 1.695306 s

TIMEOUT
maxsize : 52
nodes : 194422039.000000
filtered : 957025441.000000
time : 1000.000061
