Parameters: GAD=1 vflib=1 dir=1 label=1 lowerbound=1 fileNameGp=../../cp2016-max-common-connected-subgraph-paper/datasets/graphsdb/mcs50/rand/r005/mcs50_r005_s70.A09 fileNameGt=../../cp2016-max-common-connected-subgraph-paper/datasets/graphsdb/mcs50/rand/r005/mcs50_r005_s70.B09
Reading graphs...
70 : 240
70 : 240
Initializing...
maxdom : 9
D->valSize : 338
Solving...
Blb : 2 (clique : 25)
currentSize : 25 <-- 0.002676 s
currentSize : 26 <-- 0.002858 s
currentSize : 29 <-- 0.002911 s
currentSize : 31 <-- 0.003001 s
currentSize : 32 <-- 0.010151 s
currentSize : 33 <-- 0.037014 s
currentSize : 35 <-- 0.057929 s

maxsize : 35
nodes : 1407565.000000
filtered : 16270706.000000
time : 7.853537
