Parameters: GAD=1 vflib=1 dir=1 label=1 lowerbound=1 fileNameGp=../../cp2016-max-common-connected-subgraph-paper/datasets/graphsdb/mcs50/bvg/b09/mcs50_b09_s50.A09 fileNameGt=../../cp2016-max-common-connected-subgraph-paper/datasets/graphsdb/mcs50/bvg/b09/mcs50_b09_s50.B09
Reading graphs...
50 : 225
50 : 225
Initializing...
maxdom : 10
D->valSize : 326
Solving...
Blb : 2 (clique : 12)
currentSize : 12 <-- 0.002151 s
currentSize : 13 <-- 0.003032 s
currentSize : 14 <-- 0.008144 s
currentSize : 15 <-- 0.098834 s
currentSize : 16 <-- 0.151721 s
currentSize : 17 <-- 0.151743 s
currentSize : 18 <-- 0.151795 s
currentSize : 19 <-- 0.151825 s
currentSize : 21 <-- 0.152062 s
currentSize : 23 <-- 0.309947 s
currentSize : 24 <-- 0.310385 s

maxsize : 24
nodes : 144986.000000
filtered : 1612511.000000
time : 0.576072
