Parameters: GAD=1 vflib=1 dir=1 label=1 lowerbound=1 fileNameGp=../../cp2016-max-common-connected-subgraph-paper/datasets/graphsdb/mcs50/rand/r01/mcs50_r01_s70.A01 fileNameGt=../../cp2016-max-common-connected-subgraph-paper/datasets/graphsdb/mcs50/rand/r01/mcs50_r01_s70.B01
Reading graphs...
70 : 482
70 : 482
Initializing...
maxdom : 7
D->valSize : 329
Solving...
Blb : 3 (clique : 12)
currentSize : 12 <-- 0.003696 s
currentSize : 14 <-- 0.003874 s
currentSize : 15 <-- 0.014138 s
currentSize : 16 <-- 0.022703 s
currentSize : 17 <-- 0.022767 s
currentSize : 18 <-- 0.026502 s
currentSize : 22 <-- 0.027268 s
currentSize : 24 <-- 0.040418 s
currentSize : 28 <-- 0.040491 s
currentSize : 35 <-- 0.105813 s

maxsize : 35
nodes : 37793.000000
filtered : 556157.000000
time : 0.296887
