Parameters: GAD=1 vflib=1 dir=1 label=1 lowerbound=1 fileNameGp=../../cp2016-max-common-connected-subgraph-paper/datasets/graphsdb/mcs50/m2D/m2Dr6/mcs50_m2Dr6_s70.A08 fileNameGt=../../cp2016-max-common-connected-subgraph-paper/datasets/graphsdb/mcs50/m2D/m2Dr6/mcs50_m2Dr6_s70.B08
Reading graphs...
70 : 165
70 : 165
Initializing...
maxdom : 10
D->valSize : 392
Solving...
Blb : 2 (clique : 23)
currentSize : 23 <-- 0.005314 s
currentSize : 29 <-- 0.005568 s
currentSize : 30 <-- 0.007492 s
currentSize : 31 <-- 0.045992 s
currentSize : 32 <-- 0.050474 s
currentSize : 33 <-- 17.634874 s
currentSize : 34 <-- 185.549469 s
currentSize : 35 <-- 332.733978 s
currentSize : 36 <-- 588.302307 s
currentSize : 37 <-- 594.399780 s

maxsize : 37
nodes : 163748400.000000
filtered : 1318233440.000000
time : 764.041321
