Parameters: GAD=1 vflib=1 dir=1 label=1 lowerbound=1 fileNameGp=../../cp2016-max-common-connected-subgraph-paper/datasets/graphsdb/mcs50/m2D/m2Dr6/mcs50_m2Dr6_s80.A07 fileNameGt=../../cp2016-max-common-connected-subgraph-paper/datasets/graphsdb/mcs50/m2D/m2Dr6/mcs50_m2Dr6_s80.B07
Reading graphs...
80 : 190
80 : 189
Initializing...
maxdom : 9
D->valSize : 437
Solving...
Blb : 3 (clique : 29)
currentSize : 29 <-- 0.004563 s
currentSize : 30 <-- 172.243439 s
currentSize : 31 <-- 172.669327 s
currentSize : 32 <-- 225.877625 s
currentSize : 33 <-- 225.891418 s
currentSize : 34 <-- 226.075867 s
currentSize : 35 <-- 238.053558 s

TIMEOUT
maxsize : 35
nodes : 192787707.000000
filtered : 1857762686.000000
time : 1000.000000
