Parameters: GAD=1 vflib=1 dir=1 label=1 lowerbound=1 fileNameGp=../../cp2016-max-common-connected-subgraph-paper/datasets/graphsdb/mcs50/m3D/m3Dr2/mcs50_m3Dr2_s50.A01 fileNameGt=../../cp2016-max-common-connected-subgraph-paper/datasets/graphsdb/mcs50/m3D/m3Dr2/mcs50_m3Dr2_s50.B01
Reading graphs...
50 : 119
50 : 119
Initializing...
maxdom : 10
D->valSize : 316
Solving...
Blb : 2 (clique : 18)
currentSize : 18 <-- 0.003524 s
currentSize : 19 <-- 0.003793 s
currentSize : 20 <-- 0.031410 s
currentSize : 21 <-- 0.129815 s
currentSize : 22 <-- 1.378533 s
currentSize : 23 <-- 8.719700 s
currentSize : 25 <-- 8.719896 s
currentSize : 27 <-- 10.614176 s

maxsize : 27
nodes : 3023704.000000
filtered : 33236424.000000
time : 12.582905
