Parameters: GAD=1 vflib=1 dir=1 label=1 lowerbound=1 fileNameGp=../../cp2016-max-common-connected-subgraph-paper/datasets/graphsdb/mcs50/bvg/b06m/mcs50_b06m_s70.A08 fileNameGt=../../cp2016-max-common-connected-subgraph-paper/datasets/graphsdb/mcs50/bvg/b06m/mcs50_b06m_s70.B08
Reading graphs...
70 : 210
70 : 210
Initializing...
maxdom : 8
D->valSize : 367
Solving...
Blb : 2 (clique : 21)
currentSize : 21 <-- 0.004074 s
currentSize : 23 <-- 0.038992 s
currentSize : 24 <-- 0.039125 s
currentSize : 25 <-- 0.075841 s
currentSize : 26 <-- 0.103245 s
currentSize : 28 <-- 0.104468 s
currentSize : 29 <-- 0.104520 s
currentSize : 30 <-- 0.104588 s
currentSize : 31 <-- 0.106888 s
currentSize : 32 <-- 4.575396 s
currentSize : 33 <-- 26.242928 s
currentSize : 34 <-- 32.454594 s
currentSize : 35 <-- 39.575535 s
currentSize : 36 <-- 39.582474 s

maxsize : 36
nodes : 28545547.000000
filtered : 172192792.000000
time : 124.379333
