Parameters: GAD=1 vflib=1 dir=1 label=1 lowerbound=1 fileNameGp=../../cp2016-max-common-connected-subgraph-paper/datasets/graphsdb/mcs50/bvg/b06m/mcs50_b06m_s80.A04 fileNameGt=../../cp2016-max-common-connected-subgraph-paper/datasets/graphsdb/mcs50/bvg/b06m/mcs50_b06m_s80.B04
Reading graphs...
80 : 240
80 : 240
Initializing...
maxdom : 9
D->valSize : 437
Solving...
Blb : 3 (clique : 26)
currentSize : 26 <-- 0.006540 s
currentSize : 27 <-- 15.342626 s
currentSize : 28 <-- 15.455094 s
currentSize : 29 <-- 21.359840 s
currentSize : 30 <-- 39.050369 s
currentSize : 31 <-- 42.360256 s
currentSize : 33 <-- 98.747833 s
currentSize : 34 <-- 98.749039 s
currentSize : 35 <-- 216.631195 s
currentSize : 37 <-- 216.634109 s
currentSize : 38 <-- 216.636978 s
currentSize : 39 <-- 216.637085 s
currentSize : 40 <-- 216.643463 s
currentSize : 41 <-- 216.644547 s
currentSize : 42 <-- 350.785156 s
currentSize : 43 <-- 350.923950 s

maxsize : 43
nodes : 99776560.000000
filtered : 755855814.000000
time : 527.339600
