Parameters: GAD=1 vflib=1 dir=1 label=1 lowerbound=1 fileNameGp=../../cp2016-max-common-connected-subgraph-paper/datasets/graphsdb/mcs50/rand/r01/mcs50_r01_s70.A08 fileNameGt=../../cp2016-max-common-connected-subgraph-paper/datasets/graphsdb/mcs50/rand/r01/mcs50_r01_s70.B08
Reading graphs...
70 : 482
70 : 482
Initializing...
maxdom : 10
D->valSize : 352
Solving...
Blb : 2 (clique : 13)
currentSize : 13 <-- 0.003815 s
currentSize : 15 <-- 0.004289 s
currentSize : 16 <-- 0.004712 s
currentSize : 17 <-- 0.016901 s
currentSize : 19 <-- 0.016950 s
currentSize : 20 <-- 0.017214 s
currentSize : 23 <-- 0.031116 s
currentSize : 24 <-- 0.063258 s
currentSize : 27 <-- 0.067926 s
currentSize : 30 <-- 0.079818 s
currentSize : 35 <-- 0.081269 s

maxsize : 35
nodes : 22475.000000
filtered : 334469.000000
time : 0.127802
