Parameters: GAD=1 vflib=1 dir=1 label=1 lowerbound=1 fileNameGp=../../cp2016-max-common-connected-subgraph-paper/datasets/graphsdb/mcs50/bvg/b09/mcs50_b09_s60.A03 fileNameGt=../../cp2016-max-common-connected-subgraph-paper/datasets/graphsdb/mcs50/bvg/b09/mcs50_b09_s60.B03
Reading graphs...
60 : 270
60 : 270
Initializing...
maxdom : 7
D->valSize : 243
Solving...
Blb : 2 (clique : 20)
currentSize : 20 <-- 0.001812 s
currentSize : 21 <-- 0.002056 s
currentSize : 22 <-- 0.002273 s
currentSize : 24 <-- 0.169697 s
currentSize : 27 <-- 0.169725 s
currentSize : 29 <-- 0.170064 s
currentSize : 30 <-- 0.297535 s

maxsize : 30
nodes : 384650.000000
filtered : 1800520.000000
time : 1.453263
