Parameters: GAD=1 vflib=1 dir=1 label=1 lowerbound=1 fileNameGp=../../cp2016-max-common-connected-subgraph-paper/datasets/graphsdb/mcs50/m2D/m2Dr2/mcs50_m2Dr2_s100.A04 fileNameGt=../../cp2016-max-common-connected-subgraph-paper/datasets/graphsdb/mcs50/m2D/m2Dr2/mcs50_m2Dr2_s100.B04
Reading graphs...
100 : 200
100 : 200
Initializing...
maxdom : 7
D->valSize : 346
Solving...
Blb : 2 (clique : 39)
currentSize : 39 <-- 0.003390 s
currentSize : 40 <-- 0.003830 s
currentSize : 42 <-- 0.175488 s
currentSize : 43 <-- 4.373620 s
currentSize : 44 <-- 4.720351 s
currentSize : 45 <-- 16.867767 s
currentSize : 46 <-- 16.870020 s
currentSize : 47 <-- 16.871517 s
currentSize : 48 <-- 179.724167 s
currentSize : 50 <-- 179.724991 s
currentSize : 51 <-- 179.749451 s

TIMEOUT
maxsize : 51
nodes : 221270824.000000
filtered : 560770142.000000
time : 1000.000061
