Parameters: GAD=1 vflib=1 dir=1 label=1 lowerbound=1 fileNameGp=../../cp2016-max-common-connected-subgraph-paper/datasets/graphsdb/mcs50/m3D/m3Dr2/mcs50_m3Dr2_s50.A08 fileNameGt=../../cp2016-max-common-connected-subgraph-paper/datasets/graphsdb/mcs50/m3D/m3Dr2/mcs50_m3Dr2_s50.B08
Reading graphs...
50 : 119
50 : 119
Initializing...
maxdom : 12
D->valSize : 341
Solving...
Blb : 2 (clique : 17)
currentSize : 17 <-- 0.002439 s
currentSize : 18 <-- 0.002536 s
currentSize : 19 <-- 0.011758 s
currentSize : 20 <-- 30.615604 s
currentSize : 21 <-- 38.357689 s
currentSize : 23 <-- 161.195648 s
currentSize : 24 <-- 161.196304 s
currentSize : 25 <-- 161.196503 s
currentSize : 27 <-- 161.196686 s
currentSize : 28 <-- 161.197845 s

maxsize : 28
nodes : 49356864.000000
filtered : 431214758.000000
time : 163.107956
