Parameters: GAD=1 vflib=1 dir=1 label=1 lowerbound=1 fileNameGp=../../cp2016-max-common-connected-subgraph-paper/datasets/graphsdb/mcs50/m2D/m2D/mcs50_m2D_s50.A06 fileNameGt=../../cp2016-max-common-connected-subgraph-paper/datasets/graphsdb/mcs50/m2D/m2D/mcs50_m2D_s50.B06
Reading graphs...
50 : 85
50 : 85
Initializing...
maxdom : 13
D->valSize : 328
Solving...
Blb : 2 (clique : 19)
currentSize : 19 <-- 0.003755 s
currentSize : 20 <-- 2.205921 s
currentSize : 21 <-- 5.618615 s
currentSize : 22 <-- 6.719750 s
currentSize : 23 <-- 15.168458 s
currentSize : 24 <-- 15.168499 s
currentSize : 25 <-- 15.168565 s
currentSize : 26 <-- 86.638237 s
currentSize : 27 <-- 89.813011 s

maxsize : 27
nodes : 26809053.000000
filtered : 254414679.000000
time : 98.345024
