Parameters: GAD=1 vflib=1 dir=1 label=1 lowerbound=1 fileNameGp=../../cp2016-max-common-connected-subgraph-paper/datasets/graphsdb/mcs50/m2D/m2D/mcs50_m2D_s100.A01 fileNameGt=../../cp2016-max-common-connected-subgraph-paper/datasets/graphsdb/mcs50/m2D/m2D/mcs50_m2D_s100.B01
Reading graphs...
100 : 180
100 : 180
Initializing...
maxdom : 8
D->valSize : 352
Solving...
Blb : 2 (clique : 42)
currentSize : 42 <-- 0.003723 s
currentSize : 44 <-- 0.005026 s
currentSize : 45 <-- 0.013257 s
currentSize : 46 <-- 0.055573 s
currentSize : 47 <-- 0.085907 s
currentSize : 48 <-- 0.182610 s
currentSize : 49 <-- 0.182655 s
currentSize : 50 <-- 0.534036 s
currentSize : 51 <-- 0.742180 s
currentSize : 52 <-- 0.742191 s

TIMEOUT
maxsize : 52
nodes : 208502037.000000
filtered : 661761539.000000
time : 1000.000061
