Parameters: GAD=1 vflib=1 dir=1 label=1 lowerbound=1 fileNameGp=../../cp2016-max-common-connected-subgraph-paper/datasets/graphsdb/mcs50/bvg/b06m/mcs50_b06m_s40.A05 fileNameGt=../../cp2016-max-common-connected-subgraph-paper/datasets/graphsdb/mcs50/bvg/b06m/mcs50_b06m_s40.B05
Reading graphs...
40 : 120
40 : 120
Initializing...
maxdom : 7
D->valSize : 200
Solving...
Blb : 2 (clique : 10)
currentSize : 10 <-- 0.001333 s
currentSize : 11 <-- 0.001898 s
currentSize : 12 <-- 0.033653 s
currentSize : 15 <-- 0.054820 s
currentSize : 16 <-- 0.119092 s
currentSize : 17 <-- 0.140796 s
currentSize : 18 <-- 0.143685 s
currentSize : 19 <-- 0.147769 s
currentSize : 20 <-- 0.148058 s

maxsize : 20
nodes : 70127.000000
filtered : 492001.000000
time : 0.232409
