Parameters: GAD=1 vflib=1 dir=1 label=1 lowerbound=1 fileNameGp=../../cp2016-max-common-connected-subgraph-paper/datasets/graphsdb/mcs50/bvg/b03/mcs50_b03_s50.A03 fileNameGt=../../cp2016-max-common-connected-subgraph-paper/datasets/graphsdb/mcs50/bvg/b03/mcs50_b03_s50.B03
Reading graphs...
50 : 75
50 : 75
Initializing...
maxdom : 11
D->valSize : 338
Solving...
Blb : 2 (clique : 23)
currentSize : 23 <-- 0.003716 s
currentSize : 24 <-- 0.006947 s
currentSize : 25 <-- 0.559308 s
currentSize : 26 <-- 0.593007 s
currentSize : 27 <-- 28.109829 s
currentSize : 28 <-- 28.126696 s
currentSize : 29 <-- 28.147688 s

maxsize : 29
nodes : 13544467.000000
filtered : 161291127.000000
time : 61.194016
