Parameters: GAD=1 vflib=1 dir=1 label=1 lowerbound=1 fileNameGp=../../cp2016-max-common-connected-subgraph-paper/datasets/graphsdb/mcs50/rand/r005/mcs50_r005_s70.A01 fileNameGt=../../cp2016-max-common-connected-subgraph-paper/datasets/graphsdb/mcs50/rand/r005/mcs50_r005_s70.B01
Reading graphs...
70 : 240
70 : 240
Initializing...
maxdom : 8
D->valSize : 323
Solving...
Blb : 2 (clique : 21)
currentSize : 21 <-- 0.002649 s
currentSize : 22 <-- 0.002831 s
currentSize : 23 <-- 1.194749 s
currentSize : 24 <-- 5.813122 s
currentSize : 25 <-- 5.814205 s
currentSize : 26 <-- 5.818207 s
currentSize : 27 <-- 6.212065 s
currentSize : 28 <-- 6.220790 s
currentSize : 30 <-- 64.436157 s
currentSize : 32 <-- 64.436218 s
currentSize : 35 <-- 64.744118 s

maxsize : 35
nodes : 14791018.000000
filtered : 137445569.000000
time : 73.777939
