Parameters: GAD=1 vflib=1 dir=1 label=1 lowerbound=1 fileNameGp=../../cp2016-max-common-connected-subgraph-paper/datasets/graphsdb/mcs50/m2D/m2Dr2/mcs50_m2Dr2_s70.A05 fileNameGt=../../cp2016-max-common-connected-subgraph-paper/datasets/graphsdb/mcs50/m2D/m2Dr2/mcs50_m2Dr2_s70.B05
Reading graphs...
70 : 137
70 : 137
Initializing...
maxdom : 8
D->valSize : 312
Solving...
Blb : 5 (clique : 24)
currentSize : 24 <-- 0.003879 s
currentSize : 25 <-- 4.294874 s
currentSize : 26 <-- 4.294999 s
currentSize : 27 <-- 4.297625 s
currentSize : 28 <-- 4.310384 s
currentSize : 29 <-- 4.354429 s
currentSize : 30 <-- 37.758144 s
currentSize : 31 <-- 80.760429 s
currentSize : 32 <-- 108.857323 s
currentSize : 33 <-- 150.428421 s
currentSize : 34 <-- 150.564682 s
currentSize : 35 <-- 198.650940 s
currentSize : 36 <-- 198.651154 s
currentSize : 37 <-- 240.637558 s

maxsize : 37
nodes : 69521330.000000
filtered : 358834566.000000
time : 291.645477
