Parameters: GAD=1 vflib=1 dir=1 label=1 lowerbound=1 fileNameGp=../../cp2016-max-common-connected-subgraph-paper/datasets/graphsdb/mcs50/bvg/b09/mcs50_b09_s80.A04 fileNameGt=../../cp2016-max-common-connected-subgraph-paper/datasets/graphsdb/mcs50/bvg/b09/mcs50_b09_s80.B04
Reading graphs...
80 : 360
80 : 360
Initializing...
maxdom : 11
D->valSize : 459
Solving...
Blb : 2 (clique : 19)
currentSize : 19 <-- 0.004933 s
currentSize : 23 <-- 0.005083 s
currentSize : 24 <-- 3.370682 s
currentSize : 25 <-- 6.277992 s
currentSize : 26 <-- 7.093407 s
currentSize : 27 <-- 7.096402 s
currentSize : 28 <-- 12.081578 s
currentSize : 29 <-- 12.553660 s
currentSize : 30 <-- 14.835092 s
currentSize : 31 <-- 14.908876 s
currentSize : 32 <-- 33.435036 s
currentSize : 34 <-- 33.446285 s
currentSize : 35 <-- 33.460751 s
currentSize : 36 <-- 41.071583 s
currentSize : 37 <-- 41.071735 s
currentSize : 38 <-- 42.423599 s
currentSize : 39 <-- 42.423676 s
currentSize : 41 <-- 43.063686 s
currentSize : 42 <-- 43.064747 s

maxsize : 42
nodes : 20306867.000000
filtered : 133731201.000000
time : 96.746582
