Parameters: GAD=1 vflib=1 dir=1 label=1 lowerbound=1 fileNameGp=../../cp2016-max-common-connected-subgraph-paper/datasets/graphsdb/mcs50/m2D/m2Dr4/mcs50_m2Dr4_s100.A05 fileNameGt=../../cp2016-max-common-connected-subgraph-paper/datasets/graphsdb/mcs50/m2D/m2Dr4/mcs50_m2Dr4_s100.B05
Reading graphs...
100 : 220
100 : 219
Initializing...
maxdom : 6
D->valSize : 344
Solving...
Blb : 5 (clique : 31)
currentSize : 31 <-- 0.003428 s
currentSize : 32 <-- 0.122509 s
currentSize : 33 <-- 0.123048 s
currentSize : 34 <-- 0.184040 s
currentSize : 36 <-- 0.197273 s
currentSize : 37 <-- 31.791838 s
currentSize : 38 <-- 33.411018 s
currentSize : 39 <-- 42.246403 s
currentSize : 40 <-- 56.074104 s
currentSize : 41 <-- 188.390900 s

TIMEOUT
maxsize : 41
nodes : 185397868.000000
filtered : 935283632.000000
time : 1000.000061
