Parameters: GAD=1 vflib=1 dir=1 label=1 lowerbound=1 fileNameGp=../../cp2016-max-common-connected-subgraph-paper/datasets/graphsdb/mcs50/m2D/m2Dr2/mcs50_m2Dr2_s80.A04 fileNameGt=../../cp2016-max-common-connected-subgraph-paper/datasets/graphsdb/mcs50/m2D/m2Dr2/mcs50_m2Dr2_s80.B04
Reading graphs...
80 : 158
80 : 158
Initializing...
maxdom : 9
D->valSize : 429
Solving...
Blb : 2 (clique : 27)
currentSize : 27 <-- 0.004356 s
currentSize : 28 <-- 0.008073 s
currentSize : 29 <-- 0.008785 s
currentSize : 30 <-- 0.012196 s
currentSize : 31 <-- 0.024463 s
currentSize : 32 <-- 0.222744 s
currentSize : 33 <-- 0.461951 s
currentSize : 34 <-- 2.011834 s

TIMEOUT
maxsize : 34
nodes : 210203528.000000
filtered : 1666956030.000000
time : 1000.000000
