Parameters: GAD=1 vflib=1 dir=1 label=1 lowerbound=1 fileNameGp=../../cp2016-max-common-connected-subgraph-paper/datasets/graphsdb/mcs50/m2D/m2D/mcs50_m2D_s70.A09 fileNameGt=../../cp2016-max-common-connected-subgraph-paper/datasets/graphsdb/mcs50/m2D/m2D/mcs50_m2D_s70.B09
Reading graphs...
70 : 123
70 : 123
Initializing...
maxdom : 9
D->valSize : 312
Solving...
Blb : 2 (clique : 33)
currentSize : 33 <-- 0.002649 s
currentSize : 34 <-- 0.002855 s
currentSize : 36 <-- 0.003236 s
currentSize : 37 <-- 0.003344 s
currentSize : 38 <-- 0.012746 s
currentSize : 39 <-- 0.027424 s
currentSize : 40 <-- 0.160082 s

maxsize : 40
nodes : 20959120.000000
filtered : 121941874.000000
time : 96.332680
