Parameters: GAD=1 vflib=1 dir=1 label=1 lowerbound=1 fileNameGp=../../cp2016-max-common-connected-subgraph-paper/datasets/graphsdb/mcs50/m2D/m2Dr6/mcs50_m2Dr6_s60.A00 fileNameGt=../../cp2016-max-common-connected-subgraph-paper/datasets/graphsdb/mcs50/m2D/m2Dr6/mcs50_m2Dr6_s60.B00
Reading graphs...
60 : 140
60 : 140
Initializing...
maxdom : 6
D->valSize : 244
Solving...
Blb : 2 (clique : 19)
currentSize : 19 <-- 0.002686 s
currentSize : 20 <-- 0.002920 s
currentSize : 21 <-- 0.005082 s
currentSize : 22 <-- 0.088617 s
currentSize : 23 <-- 0.267793 s
currentSize : 24 <-- 0.625626 s
currentSize : 25 <-- 0.665965 s
currentSize : 26 <-- 1.373168 s
currentSize : 27 <-- 1.373732 s
currentSize : 28 <-- 9.920501 s
currentSize : 29 <-- 13.013641 s

maxsize : 29
nodes : 7234155.000000
filtered : 55540191.000000
time : 30.723984
