Parameters: GAD=1 vflib=1 dir=1 label=1 lowerbound=1 fileNameGp=../../cp2016-max-common-connected-subgraph-paper/datasets/graphsdb/mcs50/m2D/m2Dr2/mcs50_m2Dr2_s60.A05 fileNameGt=../../cp2016-max-common-connected-subgraph-paper/datasets/graphsdb/mcs50/m2D/m2Dr2/mcs50_m2Dr2_s60.B05
Reading graphs...
60 : 116
60 : 116
Initializing...
maxdom : 8
D->valSize : 233
Solving...
Blb : 2 (clique : 22)
currentSize : 22 <-- 0.002531 s
currentSize : 23 <-- 0.069195 s
currentSize : 24 <-- 0.136208 s
currentSize : 25 <-- 1.828886 s
currentSize : 26 <-- 28.120871 s
currentSize : 27 <-- 143.488342 s
currentSize : 28 <-- 249.955902 s
currentSize : 29 <-- 280.908813 s

maxsize : 29
nodes : 83471537.000000
filtered : 496330325.000000
time : 302.645966
