Parameters: GAD=1 vflib=1 dir=1 label=1 lowerbound=1 fileNameGp=../../cp2016-max-common-connected-subgraph-paper/datasets/graphsdb/mcs50/bvg/b03m/mcs50_b03m_s100.A06 fileNameGt=../../cp2016-max-common-connected-subgraph-paper/datasets/graphsdb/mcs50/bvg/b03m/mcs50_b03m_s100.B06
Reading graphs...
100 : 150
100 : 150
Initializing...
maxdom : 11
D->valSize : 397
Solving...
Blb : 2 (clique : 41)
currentSize : 41 <-- 0.004355 s
currentSize : 42 <-- 0.006587 s
currentSize : 43 <-- 0.032602 s
currentSize : 44 <-- 0.050208 s
currentSize : 45 <-- 0.051861 s
currentSize : 46 <-- 0.055787 s

TIMEOUT
maxsize : 46
nodes : 198443271.000000
filtered : 877851474.000000
time : 1000.000061
