Parameters: GAD=1 vflib=1 dir=1 label=1 lowerbound=1 fileNameGp=../../cp2016-max-common-connected-subgraph-paper/datasets/graphsdb/mcs50/bvg/b03/mcs50_b03_s70.A01 fileNameGt=../../cp2016-max-common-connected-subgraph-paper/datasets/graphsdb/mcs50/bvg/b03/mcs50_b03_s70.B01
Reading graphs...
70 : 105
70 : 105
Initializing...
maxdom : 9
D->valSize : 305
Solving...
Blb : 3 (clique : 27)
currentSize : 27 <-- 0.003872 s
currentSize : 28 <-- 0.009120 s
currentSize : 29 <-- 0.009296 s
currentSize : 30 <-- 0.046065 s
currentSize : 31 <-- 0.145932 s
currentSize : 32 <-- 3.487128 s
currentSize : 33 <-- 3.487358 s
currentSize : 34 <-- 9.114679 s
currentSize : 35 <-- 58.955200 s
currentSize : 36 <-- 116.932663 s
currentSize : 37 <-- 118.737373 s

maxsize : 37
nodes : 36616694.000000
filtered : 249216938.000000
time : 184.892441
