Parameters: GAD=1 vflib=1 dir=1 label=1 lowerbound=1 fileNameGp=../../cp2016-max-common-connected-subgraph-paper/datasets/graphsdb/mcs50/m2D/m2Dr4/mcs50_m2Dr4_s100.A09 fileNameGt=../../cp2016-max-common-connected-subgraph-paper/datasets/graphsdb/mcs50/m2D/m2Dr4/mcs50_m2Dr4_s100.B09
Reading graphs...
100 : 220
100 : 219
Initializing...
maxdom : 7
D->valSize : 329
Solving...
Blb : 2 (clique : 38)
currentSize : 38 <-- 0.003368 s
currentSize : 39 <-- 0.003725 s
currentSize : 40 <-- 0.004040 s
currentSize : 42 <-- 0.004508 s
currentSize : 43 <-- 0.004789 s
currentSize : 44 <-- 0.462653 s
currentSize : 45 <-- 0.462772 s
currentSize : 46 <-- 0.467232 s

TIMEOUT
maxsize : 46
nodes : 181491782.000000
filtered : 784019876.000000
time : 1000.000061
