Parameters: GAD=1 vflib=1 dir=1 label=1 lowerbound=1 fileNameGp=../../cp2016-max-common-connected-subgraph-paper/datasets/graphsdb/mcs50/m2D/m2Dr2/mcs50_m2Dr2_s90.A09 fileNameGt=../../cp2016-max-common-connected-subgraph-paper/datasets/graphsdb/mcs50/m2D/m2Dr2/mcs50_m2Dr2_s90.B09
Reading graphs...
90 : 179
90 : 179
Initializing...
maxdom : 11
D->valSize : 549
Solving...
Blb : 2 (clique : 43)
currentSize : 43 <-- 0.006719 s
currentSize : 44 <-- 0.007543 s
currentSize : 45 <-- 0.028334 s
currentSize : 46 <-- 0.028812 s
currentSize : 47 <-- 0.326125 s
currentSize : 48 <-- 13.768632 s
currentSize : 49 <-- 28.373888 s
currentSize : 50 <-- 28.635828 s

TIMEOUT
maxsize : 50
nodes : 198655264.000000
filtered : 1032899811.000000
time : 1000.000061
