Parameters: GAD=1 vflib=1 dir=1 label=1 lowerbound=1 fileNameGp=../../cp2016-max-common-connected-subgraph-paper/datasets/graphsdb/mcs50/bvg/b03/mcs50_b03_s50.A09 fileNameGt=../../cp2016-max-common-connected-subgraph-paper/datasets/graphsdb/mcs50/bvg/b03/mcs50_b03_s50.B09
Reading graphs...
50 : 75
50 : 75
Initializing...
maxdom : 8
D->valSize : 303
Solving...
Blb : 2 (clique : 21)
currentSize : 21 <-- 0.003254 s
currentSize : 22 <-- 2.130130 s
currentSize : 23 <-- 6.635987 s
currentSize : 24 <-- 14.022980 s
currentSize : 25 <-- 14.023029 s
currentSize : 26 <-- 15.024395 s
currentSize : 27 <-- 18.023651 s

maxsize : 27
nodes : 11512892.000000
filtered : 132814258.000000
time : 45.834721
