Parameters: GAD=1 vflib=1 dir=1 label=1 lowerbound=1 fileNameGp=../../cp2016-max-common-connected-subgraph-paper/datasets/graphsdb/mcs50/rand/r01/mcs50_r01_s90.A04 fileNameGt=../../cp2016-max-common-connected-subgraph-paper/datasets/graphsdb/mcs50/rand/r01/mcs50_r01_s90.B04
Reading graphs...
90 : 800
90 : 800
Initializing...
maxdom : 10
D->valSize : 534
Solving...
Blb : 2 (clique : 12)
currentSize : 12 <-- 0.005820 s
currentSize : 13 <-- 0.006270 s
currentSize : 14 <-- 0.006291 s
currentSize : 15 <-- 0.050062 s
currentSize : 16 <-- 0.216545 s
currentSize : 17 <-- 0.376529 s
currentSize : 18 <-- 1.041482 s
currentSize : 20 <-- 1.042422 s
currentSize : 21 <-- 1.042446 s
currentSize : 25 <-- 1.452348 s
currentSize : 26 <-- 1.452379 s
currentSize : 29 <-- 1.568722 s
currentSize : 30 <-- 1.791312 s
currentSize : 33 <-- 2.053440 s
currentSize : 38 <-- 2.078067 s
currentSize : 45 <-- 2.359337 s

maxsize : 45
nodes : 473110.000000
filtered : 6178665.000000
time : 2.833127
