Parameters: GAD=1 vflib=1 dir=1 label=1 lowerbound=1 fileNameGp=../../cp2016-max-common-connected-subgraph-paper/datasets/graphsdb/mcs50/m2D/m2Dr6/mcs50_m2Dr6_s40.A03 fileNameGt=../../cp2016-max-common-connected-subgraph-paper/datasets/graphsdb/mcs50/m2D/m2Dr6/mcs50_m2Dr6_s40.B03
Reading graphs...
40 : 91
40 : 90
Initializing...
maxdom : 9
D->valSize : 242
Solving...
Blb : 3 (clique : 12)
currentSize : 12 <-- 0.001458 s
currentSize : 13 <-- 0.005797 s
currentSize : 14 <-- 0.006920 s
currentSize : 15 <-- 0.012898 s
currentSize : 16 <-- 1.633094 s
currentSize : 17 <-- 1.831435 s
currentSize : 18 <-- 1.831573 s
currentSize : 19 <-- 1.833613 s

maxsize : 19
nodes : 693297.000000
filtered : 7670719.000000
time : 2.113944
