Parameters: GAD=1 vflib=1 dir=1 label=1 lowerbound=1 fileNameGp=../../cp2016-max-common-connected-subgraph-paper/datasets/graphsdb/mcs50/bvg/b09m/mcs50_b09m_s100.A08 fileNameGt=../../cp2016-max-common-connected-subgraph-paper/datasets/graphsdb/mcs50/bvg/b09m/mcs50_b09m_s100.B08
Reading graphs...
100 : 450
100 : 450
Initializing...
maxdom : 9
D->valSize : 416
Solving...
Blb : 2 (clique : 40)
currentSize : 40 <-- 0.004241 s
currentSize : 45 <-- 0.353126 s
currentSize : 46 <-- 0.353206 s
currentSize : 47 <-- 0.353466 s
currentSize : 49 <-- 635.574463 s
currentSize : 50 <-- 635.589722 s

TIMEOUT
maxsize : 50
nodes : 220841559.000000
filtered : 713537155.000000
time : 1000.000061
