Parameters: GAD=1 vflib=1 dir=1 label=1 lowerbound=1 fileNameGp=../../cp2016-max-common-connected-subgraph-paper/datasets/graphsdb/mcs50/rand/r005/mcs50_r005_s60.A02 fileNameGt=../../cp2016-max-common-connected-subgraph-paper/datasets/graphsdb/mcs50/rand/r005/mcs50_r005_s60.B02
Reading graphs...
60 : 176
60 : 176
Initializing...
maxdom : 7
D->valSize : 256
Solving...
Blb : 2 (clique : 18)
currentSize : 18 <-- 0.002745 s
currentSize : 19 <-- 0.007083 s
currentSize : 20 <-- 0.015357 s
currentSize : 21 <-- 0.073195 s
currentSize : 22 <-- 0.139732 s
currentSize : 23 <-- 0.243007 s
currentSize : 24 <-- 0.387747 s
currentSize : 25 <-- 0.604660 s
currentSize : 26 <-- 0.931509 s
currentSize : 27 <-- 0.973256 s
currentSize : 29 <-- 3.066502 s
currentSize : 30 <-- 3.176248 s

maxsize : 30
nodes : 890190.000000
filtered : 9634843.000000
time : 4.360014
