Parameters: GAD=1 vflib=1 dir=1 label=1 lowerbound=1 fileNameGp=../../cp2016-max-common-connected-subgraph-paper/datasets/graphsdb/mcs50/m3D/m3Dr2/mcs50_m3Dr2_s60.A03 fileNameGt=../../cp2016-max-common-connected-subgraph-paper/datasets/graphsdb/mcs50/m3D/m3Dr2/mcs50_m3Dr2_s60.B03
Reading graphs...
60 : 146
60 : 146
Initializing...
maxdom : 6
D->valSize : 237
Solving...
Blb : 2 (clique : 18)
currentSize : 18 <-- 0.001660 s
currentSize : 19 <-- 0.001775 s
currentSize : 20 <-- 0.004250 s
currentSize : 21 <-- 0.005957 s
currentSize : 22 <-- 0.021686 s
currentSize : 23 <-- 0.022005 s
currentSize : 24 <-- 0.026646 s
currentSize : 25 <-- 0.029155 s
currentSize : 26 <-- 0.088377 s
currentSize : 27 <-- 0.089550 s
currentSize : 28 <-- 0.122907 s

maxsize : 28
nodes : 2091526.000000
filtered : 11214751.000000
time : 8.415151
