Parameters: GAD=1 vflib=1 dir=1 label=1 lowerbound=1 fileNameGp=../../cp2016-max-common-connected-subgraph-paper/datasets/graphsdb/mcs50/rand/r001/mcs50_r001_s100.A07 fileNameGt=../../cp2016-max-common-connected-subgraph-paper/datasets/graphsdb/mcs50/rand/r001/mcs50_r001_s100.B07
Reading graphs...
100 : 124
100 : 124
Initializing...
maxdom : 6
D->valSize : 344
Solving...
Blb : 2 (clique : 50)
currentSize : 50 <-- 0.004617 s
currentSize : 51 <-- 0.005012 s
currentSize : 52 <-- 0.035542 s
currentSize : 53 <-- 4.151458 s
currentSize : 54 <-- 26.778244 s
currentSize : 55 <-- 76.518898 s

TIMEOUT
maxsize : 55
nodes : 211997331.000000
filtered : 513884885.000000
time : 1000.000061
