Parameters: GAD=1 vflib=1 dir=1 label=1 lowerbound=1 fileNameGp=../../cp2016-max-common-connected-subgraph-paper/datasets/graphsdb/mcs50/bvg/b03m/mcs50_b03m_s50.A04 fileNameGt=../../cp2016-max-common-connected-subgraph-paper/datasets/graphsdb/mcs50/bvg/b03m/mcs50_b03m_s50.B04
Reading graphs...
50 : 75
50 : 75
Initializing...
maxdom : 11
D->valSize : 330
Solving...
Blb : 5 (clique : 20)
currentSize : 20 <-- 0.003470 s
currentSize : 22 <-- 0.003585 s
currentSize : 23 <-- 0.003764 s
currentSize : 24 <-- 0.857341 s
currentSize : 25 <-- 10.019801 s
currentSize : 26 <-- 10.675541 s
currentSize : 27 <-- 16.660416 s

maxsize : 27
nodes : 7533198.000000
filtered : 126395775.000000
time : 39.178089
