Parameters: GAD=1 vflib=1 dir=1 label=1 lowerbound=1 fileNameGp=../../cp2016-max-common-connected-subgraph-paper/datasets/graphsdb/mcs50/bvg/b09m/mcs50_b09m_s70.A07 fileNameGt=../../cp2016-max-common-connected-subgraph-paper/datasets/graphsdb/mcs50/bvg/b09m/mcs50_b09m_s70.B07
Reading graphs...
70 : 315
70 : 315
Initializing...
maxdom : 7
D->valSize : 325
Solving...
Blb : 2 (clique : 19)
currentSize : 19 <-- 0.002569 s
currentSize : 20 <-- 0.002717 s
currentSize : 21 <-- 0.002798 s
currentSize : 25 <-- 0.005862 s
currentSize : 26 <-- 0.013572 s
currentSize : 27 <-- 0.090316 s
currentSize : 28 <-- 0.090407 s
currentSize : 29 <-- 0.090513 s
currentSize : 31 <-- 0.090641 s
currentSize : 32 <-- 0.090914 s
currentSize : 33 <-- 0.091200 s
currentSize : 34 <-- 0.097598 s

maxsize : 34
nodes : 1446009.000000
filtered : 8984102.000000
time : 6.466346
