Parameters: GAD=1 vflib=1 dir=1 label=1 lowerbound=1 fileNameGp=../../cp2016-max-common-connected-subgraph-paper/datasets/graphsdb/mcs50/m2D/m2Dr6/mcs50_m2Dr6_s50.A08 fileNameGt=../../cp2016-max-common-connected-subgraph-paper/datasets/graphsdb/mcs50/m2D/m2Dr6/mcs50_m2Dr6_s50.B08
Reading graphs...
50 : 115
50 : 114
Initializing...
maxdom : 13
D->valSize : 329
Solving...
Blb : 2 (clique : 17)
currentSize : 17 <-- 0.003735 s
currentSize : 18 <-- 0.003885 s
currentSize : 22 <-- 0.003971 s
currentSize : 23 <-- 0.007417 s
currentSize : 25 <-- 0.007535 s
currentSize : 26 <-- 0.009246 s
currentSize : 27 <-- 0.012567 s

maxsize : 27
nodes : 888352.000000
filtered : 12318795.000000
time : 4.400421
