Parameters: GAD=1 vflib=1 dir=1 label=1 lowerbound=1 fileNameGp=../../cp2016-max-common-connected-subgraph-paper/datasets/graphsdb/mcs50/m2D/m2Dr2/mcs50_m2Dr2_s80.A02 fileNameGt=../../cp2016-max-common-connected-subgraph-paper/datasets/graphsdb/mcs50/m2D/m2Dr2/mcs50_m2Dr2_s80.B02
Reading graphs...
80 : 158
80 : 158
Initializing...
maxdom : 10
D->valSize : 433
Solving...
Blb : 2 (clique : 37)
currentSize : 37 <-- 0.004400 s
currentSize : 38 <-- 0.005986 s
currentSize : 39 <-- 0.007130 s
currentSize : 40 <-- 0.010188 s
currentSize : 41 <-- 0.015753 s
currentSize : 42 <-- 0.016161 s

TIMEOUT
maxsize : 42
nodes : 200957602.000000
filtered : 1346448992.000000
time : 1000.000061
