Parameters: GAD=1 vflib=1 dir=1 label=1 lowerbound=1 fileNameGp=../../cp2016-max-common-connected-subgraph-paper/datasets/graphsdb/mcs50/rand/r005/mcs50_r005_s50.A01 fileNameGt=../../cp2016-max-common-connected-subgraph-paper/datasets/graphsdb/mcs50/rand/r005/mcs50_r005_s50.B01
Reading graphs...
50 : 121
50 : 121
Initializing...
maxdom : 9
D->valSize : 338
Solving...
Blb : 2 (clique : 17)
currentSize : 17 <-- 0.003931 s
currentSize : 18 <-- 0.004172 s
currentSize : 20 <-- 0.006751 s
currentSize : 21 <-- 1.543425 s
currentSize : 23 <-- 10.324378 s
currentSize : 24 <-- 20.164736 s
currentSize : 25 <-- 46.736378 s

maxsize : 25
nodes : 17267947.000000
filtered : 316975202.000000
time : 88.881531
