Parameters: GAD=1 vflib=1 dir=1 label=1 lowerbound=1 fileNameGp=../../cp2016-max-common-connected-subgraph-paper/datasets/graphsdb/mcs50/m2D/m2Dr2/mcs50_m2Dr2_s50.A06 fileNameGt=../../cp2016-max-common-connected-subgraph-paper/datasets/graphsdb/mcs50/m2D/m2Dr2/mcs50_m2Dr2_s50.B06
Reading graphs...
50 : 95
50 : 94
Initializing...
maxdom : 9
D->valSize : 321
Solving...
Blb : 5 (clique : 18)
currentSize : 18 <-- 0.003682 s
currentSize : 19 <-- 0.004144 s
currentSize : 20 <-- 0.004196 s
currentSize : 21 <-- 0.293242 s
currentSize : 22 <-- 0.293495 s
currentSize : 24 <-- 0.293733 s
currentSize : 25 <-- 41.490231 s
currentSize : 26 <-- 103.139687 s
currentSize : 27 <-- 176.451645 s

maxsize : 27
nodes : 50515581.000000
filtered : 628823027.000000
time : 213.778412
