Parameters: GAD=1 vflib=1 dir=1 label=1 lowerbound=1 fileNameGp=../../cp2016-max-common-connected-subgraph-paper/datasets/graphsdb/mcs50/bvg/b09/mcs50_b09_s90.A01 fileNameGt=../../cp2016-max-common-connected-subgraph-paper/datasets/graphsdb/mcs50/bvg/b09/mcs50_b09_s90.B01
Reading graphs...
90 : 405
90 : 405
Initializing...
maxdom : 9
D->valSize : 558
Solving...
Blb : 2 (clique : 23)
currentSize : 23 <-- 0.010223 s
currentSize : 31 <-- 0.010571 s
currentSize : 32 <-- 0.010669 s
currentSize : 33 <-- 0.010806 s
currentSize : 35 <-- 0.012253 s
currentSize : 37 <-- 0.012389 s
currentSize : 40 <-- 0.017418 s
currentSize : 41 <-- 0.017748 s
currentSize : 42 <-- 0.546689 s
currentSize : 43 <-- 1.878804 s
currentSize : 44 <-- 2.380600 s

TIMEOUT
maxsize : 44
nodes : 180624657.000000
filtered : 1216671581.000000
time : 1000.000061
