Parameters: GAD=1 vflib=1 dir=1 label=1 lowerbound=1 fileNameGp=../../cp2016-max-common-connected-subgraph-paper/datasets/graphsdb/mcs50/bvg/b03/mcs50_b03_s70.A09 fileNameGt=../../cp2016-max-common-connected-subgraph-paper/datasets/graphsdb/mcs50/bvg/b03/mcs50_b03_s70.B09
Reading graphs...
70 : 105
70 : 105
Initializing...
maxdom : 8
D->valSize : 342
Solving...
Blb : 2 (clique : 28)
currentSize : 28 <-- 0.002952 s
currentSize : 29 <-- 0.003141 s
currentSize : 30 <-- 0.033156 s
currentSize : 31 <-- 0.492025 s
currentSize : 32 <-- 39.027142 s
currentSize : 33 <-- 88.352058 s
currentSize : 34 <-- 89.703529 s
currentSize : 35 <-- 89.969345 s

TIMEOUT
maxsize : 35
nodes : 231495502.000000
filtered : 1637444418.000000
time : 1000.000000
