Parameters: GAD=1 vflib=1 dir=1 label=1 lowerbound=1 fileNameGp=../../cp2016-max-common-connected-subgraph-paper/datasets/graphsdb/mcs50/m3D/m3D/mcs50_m3D_s50.A01 fileNameGt=../../cp2016-max-common-connected-subgraph-paper/datasets/graphsdb/mcs50/m3D/m3D/mcs50_m3D_s50.B01
Reading graphs...
50 : 109
50 : 109
Initializing...
maxdom : 9
D->valSize : 326
Solving...
Blb : 5 (clique : 17)
currentSize : 17 <-- 0.003487 s
currentSize : 19 <-- 0.115722 s
currentSize : 20 <-- 0.164181 s
currentSize : 21 <-- 0.176894 s
currentSize : 23 <-- 0.260529 s
currentSize : 24 <-- 0.452457 s
currentSize : 25 <-- 0.454783 s
currentSize : 26 <-- 0.454836 s
currentSize : 27 <-- 3.717385 s
currentSize : 28 <-- 3.720529 s
currentSize : 29 <-- 3.720672 s
currentSize : 30 <-- 5.024003 s

maxsize : 30
nodes : 1297833.000000
filtered : 20461175.000000
time : 6.632149
