Parameters: GAD=1 vflib=1 dir=1 label=1 lowerbound=1 fileNameGp=../../cp2016-max-common-connected-subgraph-paper/datasets/graphsdb/mcs50/rand/r005/mcs50_r005_s100.A02 fileNameGt=../../cp2016-max-common-connected-subgraph-paper/datasets/graphsdb/mcs50/rand/r005/mcs50_r005_s100.B02
Reading graphs...
100 : 494
100 : 494
Initializing...
maxdom : 8
D->valSize : 368
Solving...
Blb : 2 (clique : 24)
currentSize : 24 <-- 0.003626 s
currentSize : 25 <-- 0.003843 s
currentSize : 26 <-- 0.009466 s
currentSize : 27 <-- 0.033520 s
currentSize : 28 <-- 0.070018 s
currentSize : 29 <-- 0.327201 s
currentSize : 30 <-- 0.327295 s
currentSize : 31 <-- 1.187475 s
currentSize : 32 <-- 1.187752 s
currentSize : 33 <-- 2.637097 s
currentSize : 34 <-- 5.069949 s
currentSize : 35 <-- 5.581969 s
currentSize : 36 <-- 18.425724 s
currentSize : 38 <-- 18.426081 s
currentSize : 39 <-- 26.407055 s
currentSize : 40 <-- 26.409874 s
currentSize : 41 <-- 26.432367 s
currentSize : 46 <-- 29.067825 s
currentSize : 50 <-- 32.608597 s

maxsize : 50
nodes : 10010848.000000
filtered : 59678856.000000
time : 57.197975
