Parameters: GAD=1 vflib=1 dir=1 label=1 lowerbound=1 fileNameGp=../../cp2016-max-common-connected-subgraph-paper/datasets/graphsdb/mcs50/m2D/m2Dr2/mcs50_m2Dr2_s100.A09 fileNameGt=../../cp2016-max-common-connected-subgraph-paper/datasets/graphsdb/mcs50/m2D/m2Dr2/mcs50_m2Dr2_s100.B09
Reading graphs...
100 : 200
100 : 200
Initializing...
maxdom : 7
D->valSize : 340
Solving...
Blb : 2 (clique : 35)
currentSize : 35 <-- 0.004329 s
currentSize : 36 <-- 0.005014 s
currentSize : 37 <-- 0.009953 s
currentSize : 38 <-- 0.106151 s
currentSize : 39 <-- 1.174666 s
currentSize : 40 <-- 1.748944 s
currentSize : 41 <-- 2.719716 s
currentSize : 42 <-- 2.719827 s
currentSize : 43 <-- 2.793811 s
currentSize : 44 <-- 4.983905 s
currentSize : 45 <-- 5.345708 s
currentSize : 46 <-- 5.345788 s
currentSize : 47 <-- 5.346061 s
currentSize : 48 <-- 5.346133 s
currentSize : 49 <-- 50.388344 s
currentSize : 50 <-- 933.105774 s
currentSize : 51 <-- 933.105835 s

TIMEOUT
maxsize : 51
nodes : 200837912.000000
filtered : 744696691.000000
time : 1000.000061
