Parameters: GAD=1 vflib=1 dir=1 label=1 lowerbound=1 fileNameGp=../../cp2016-max-common-connected-subgraph-paper/datasets/graphsdb/mcs50/m3D/m3Dr6/mcs50_m3Dr6_s60.A06 fileNameGt=../../cp2016-max-common-connected-subgraph-paper/datasets/graphsdb/mcs50/m3D/m3Dr6/mcs50_m3Dr6_s60.B06
Reading graphs...
60 : 170
60 : 169
Initializing...
maxdom : 9
D->valSize : 275
Solving...
Blb : 2 (clique : 18)
currentSize : 18 <-- 0.003003 s
currentSize : 19 <-- 0.009868 s
currentSize : 20 <-- 0.010880 s
currentSize : 21 <-- 0.019880 s
currentSize : 22 <-- 0.020575 s
currentSize : 23 <-- 0.025639 s
currentSize : 24 <-- 6.244028 s
currentSize : 25 <-- 9.048219 s
currentSize : 26 <-- 9.565737 s
currentSize : 27 <-- 9.565864 s
currentSize : 28 <-- 9.570310 s
currentSize : 29 <-- 10.731900 s
currentSize : 30 <-- 10.733154 s

maxsize : 30
nodes : 2745002.000000
filtered : 25944156.000000
time : 11.973469
