Parameters: GAD=1 vflib=1 dir=1 label=1 lowerbound=1 fileNameGp=../../cp2016-max-common-connected-subgraph-paper/datasets/graphsdb/mcs50/bvg/b09m/mcs50_b09m_s80.A06 fileNameGt=../../cp2016-max-common-connected-subgraph-paper/datasets/graphsdb/mcs50/bvg/b09m/mcs50_b09m_s80.B06
Reading graphs...
80 : 360
80 : 360
Initializing...
maxdom : 8
D->valSize : 434
Solving...
Blb : 3 (clique : 27)
currentSize : 27 <-- 0.005132 s
currentSize : 28 <-- 0.005572 s
currentSize : 29 <-- 0.006419 s
currentSize : 31 <-- 0.016624 s
currentSize : 32 <-- 0.016706 s
currentSize : 34 <-- 41.322697 s
currentSize : 35 <-- 41.322773 s
currentSize : 36 <-- 41.322838 s
currentSize : 38 <-- 41.323250 s
currentSize : 39 <-- 41.324184 s
currentSize : 40 <-- 41.324268 s
currentSize : 41 <-- 41.380444 s

maxsize : 41
nodes : 23498186.000000
filtered : 139823514.000000
time : 113.462074
