Parameters: GAD=1 vflib=1 dir=1 label=1 lowerbound=1 fileNameGp=../../cp2016-max-common-connected-subgraph-paper/datasets/graphsdb/mcs50/m2D/m2Dr6/mcs50_m2Dr6_s70.A06 fileNameGt=../../cp2016-max-common-connected-subgraph-paper/datasets/graphsdb/mcs50/m2D/m2Dr6/mcs50_m2Dr6_s70.B06
Reading graphs...
70 : 165
70 : 164
Initializing...
maxdom : 10
D->valSize : 313
Solving...
Blb : 3 (clique : 23)
currentSize : 23 <-- 0.002777 s
currentSize : 24 <-- 0.177693 s
currentSize : 25 <-- 0.189717 s
currentSize : 26 <-- 0.489097 s
currentSize : 27 <-- 0.505803 s
currentSize : 28 <-- 0.548463 s
currentSize : 29 <-- 8.423455 s
currentSize : 31 <-- 11.503448 s
currentSize : 33 <-- 13.586259 s
currentSize : 34 <-- 22.104332 s
currentSize : 35 <-- 80.435463 s
currentSize : 36 <-- 80.588745 s

maxsize : 36
nodes : 24364795.000000
filtered : 103920026.000000
time : 97.285744
