Parameters: GAD=1 vflib=1 dir=1 label=1 lowerbound=1 fileNameGp=../../cp2016-max-common-connected-subgraph-paper/datasets/graphsdb/mcs50/m3D/m3D/mcs50_m3D_s50.A07 fileNameGt=../../cp2016-max-common-connected-subgraph-paper/datasets/graphsdb/mcs50/m3D/m3D/mcs50_m3D_s50.B07
Reading graphs...
50 : 109
50 : 109
Initializing...
maxdom : 9
D->valSize : 323
Solving...
Blb : 2 (clique : 18)
currentSize : 18 <-- 0.002324 s
currentSize : 19 <-- 0.002547 s
currentSize : 20 <-- 0.305839 s
currentSize : 21 <-- 0.782949 s
currentSize : 22 <-- 0.862903 s
currentSize : 23 <-- 2.173766 s
currentSize : 24 <-- 3.732052 s
currentSize : 25 <-- 11.316114 s
currentSize : 26 <-- 20.934912 s
currentSize : 27 <-- 37.747021 s

maxsize : 27
nodes : 8828039.000000
filtered : 118772230.000000
time : 39.352818
