Parameters: GAD=1 vflib=1 dir=1 label=1 lowerbound=1 fileNameGp=../../cp2016-max-common-connected-subgraph-paper/datasets/graphsdb/mcs50/rand/r001/mcs50_r001_s100.A02 fileNameGt=../../cp2016-max-common-connected-subgraph-paper/datasets/graphsdb/mcs50/rand/r001/mcs50_r001_s100.B02
Reading graphs...
100 : 124
100 : 124
Initializing...
maxdom : 6
D->valSize : 348
Solving...
Blb : 2 (clique : 42)
currentSize : 42 <-- 0.005794 s
currentSize : 43 <-- 0.006248 s
currentSize : 44 <-- 0.006398 s
currentSize : 45 <-- 0.006582 s
currentSize : 46 <-- 0.007190 s
currentSize : 47 <-- 286.331451 s

TIMEOUT
maxsize : 47
nodes : 208875123.000000
filtered : 843934136.000000
time : 1000.000061
