Parameters: GAD=1 vflib=1 dir=1 label=1 lowerbound=1 fileNameGp=../../cp2016-max-common-connected-subgraph-paper/datasets/graphsdb/mcs50/bvg/b06/mcs50_b06_s80.A06 fileNameGt=../../cp2016-max-common-connected-subgraph-paper/datasets/graphsdb/mcs50/bvg/b06/mcs50_b06_s80.B06
Reading graphs...
80 : 240
80 : 240
Initializing...
maxdom : 8
D->valSize : 434
Solving...
Blb : 3 (clique : 30)
currentSize : 30 <-- 0.004233 s
currentSize : 33 <-- 0.004521 s
currentSize : 34 <-- 0.004620 s
currentSize : 35 <-- 0.042195 s
currentSize : 36 <-- 0.042271 s
currentSize : 37 <-- 80.585823 s
currentSize : 38 <-- 307.046204 s
currentSize : 41 <-- 307.092346 s

TIMEOUT
maxsize : 41
nodes : 176694713.000000
filtered : 1755269757.000000
time : 1000.000061
