Parameters: GAD=1 vflib=1 dir=1 label=1 lowerbound=1 fileNameGp=../../cp2016-max-common-connected-subgraph-paper/datasets/graphsdb/mcs50/bvg/b09/mcs50_b09_s70.A05 fileNameGt=../../cp2016-max-common-connected-subgraph-paper/datasets/graphsdb/mcs50/bvg/b09/mcs50_b09_s70.B05
Reading graphs...
70 : 315
70 : 315
Initializing...
maxdom : 9
D->valSize : 329
Solving...
Blb : 3 (clique : 18)
currentSize : 18 <-- 0.004030 s
currentSize : 19 <-- 0.005969 s
currentSize : 20 <-- 0.012482 s
currentSize : 21 <-- 0.039048 s
currentSize : 22 <-- 0.042446 s
currentSize : 23 <-- 0.274758 s
currentSize : 24 <-- 1.059396 s
currentSize : 25 <-- 2.156873 s
currentSize : 26 <-- 7.941811 s
currentSize : 32 <-- 10.608782 s
currentSize : 34 <-- 10.608855 s
currentSize : 35 <-- 10.612412 s

maxsize : 35
nodes : 2941776.000000
filtered : 18493037.000000
time : 12.653880
