Parameters: GAD=1 vflib=1 dir=1 label=1 lowerbound=1 fileNameGp=../../cp2016-max-common-connected-subgraph-paper/datasets/graphsdb/mcs50/bvg/b03/mcs50_b03_s50.A08 fileNameGt=../../cp2016-max-common-connected-subgraph-paper/datasets/graphsdb/mcs50/bvg/b03/mcs50_b03_s50.B08
Reading graphs...
50 : 75
50 : 75
Initializing...
maxdom : 11
D->valSize : 322
Solving...
Blb : 2 (clique : 20)
currentSize : 20 <-- 0.002346 s
currentSize : 24 <-- 0.002465 s
currentSize : 25 <-- 0.003748 s
currentSize : 26 <-- 2.412655 s
currentSize : 27 <-- 670.198792 s
currentSize : 28 <-- 670.199036 s
currentSize : 29 <-- 670.236389 s

maxsize : 29
nodes : 195571457.000000
filtered : 2186937500.000000
time : 718.863037
