Parameters: GAD=1 vflib=1 dir=1 label=1 lowerbound=1 fileNameGp=../../cp2016-max-common-connected-subgraph-paper/datasets/graphsdb/mcs50/bvg/b09/mcs50_b09_s80.A00 fileNameGt=../../cp2016-max-common-connected-subgraph-paper/datasets/graphsdb/mcs50/bvg/b09/mcs50_b09_s80.B00
Reading graphs...
80 : 360
80 : 360
Initializing...
maxdom : 8
D->valSize : 437
Solving...
Blb : 3 (clique : 27)
currentSize : 27 <-- 0.004175 s
currentSize : 28 <-- 0.059744 s
currentSize : 29 <-- 0.139020 s
currentSize : 30 <-- 0.139355 s
currentSize : 31 <-- 0.140389 s
currentSize : 32 <-- 0.741367 s
currentSize : 34 <-- 0.741971 s
currentSize : 35 <-- 0.744430 s
currentSize : 37 <-- 0.744846 s
currentSize : 38 <-- 0.753655 s
currentSize : 40 <-- 0.753979 s

maxsize : 40
nodes : 2798570.000000
filtered : 19587227.000000
time : 14.074668
