Parameters: GAD=1 vflib=1 dir=1 label=1 lowerbound=1 fileNameGp=../../cp2016-max-common-connected-subgraph-paper/datasets/graphsdb/mcs50/rand/r005/mcs50_r005_s100.A07 fileNameGt=../../cp2016-max-common-connected-subgraph-paper/datasets/graphsdb/mcs50/rand/r005/mcs50_r005_s100.B07
Reading graphs...
100 : 494
100 : 494
Initializing...
maxdom : 7
D->valSize : 354
Solving...
Blb : 2 (clique : 26)
currentSize : 26 <-- 0.003445 s
currentSize : 27 <-- 0.003645 s
currentSize : 28 <-- 0.003799 s
currentSize : 29 <-- 0.005921 s
currentSize : 30 <-- 0.005995 s
currentSize : 31 <-- 0.006174 s
currentSize : 32 <-- 0.017606 s
currentSize : 33 <-- 0.297560 s
currentSize : 34 <-- 2.071467 s
currentSize : 36 <-- 2.075804 s
currentSize : 37 <-- 2.432375 s
currentSize : 40 <-- 4.096025 s
currentSize : 41 <-- 4.096199 s
currentSize : 47 <-- 7.948664 s
currentSize : 50 <-- 7.948851 s

maxsize : 50
nodes : 4783285.000000
filtered : 31547318.000000
time : 28.551241
