Parameters: GAD=1 vflib=1 dir=1 label=1 lowerbound=1 fileNameGp=../../cp2016-max-common-connected-subgraph-paper/datasets/graphsdb/mcs50/m3D/m3Dr4/mcs50_m3Dr4_s60.A00 fileNameGt=../../cp2016-max-common-connected-subgraph-paper/datasets/graphsdb/mcs50/m3D/m3Dr4/mcs50_m3Dr4_s60.B00
Reading graphs...
60 : 158
60 : 158
Initializing...
maxdom : 8
D->valSize : 237
Solving...
Blb : 3 (clique : 22)
currentSize : 22 <-- 0.001775 s
currentSize : 23 <-- 0.002001 s
currentSize : 24 <-- 0.002644 s
currentSize : 25 <-- 0.004557 s
currentSize : 26 <-- 0.393618 s
currentSize : 27 <-- 0.393848 s
currentSize : 28 <-- 0.418966 s
currentSize : 29 <-- 0.419027 s
currentSize : 30 <-- 0.419466 s

maxsize : 30
nodes : 567959.000000
filtered : 2860464.000000
time : 2.307922
