Parameters: GAD=1 vflib=1 dir=1 label=1 lowerbound=1 fileNameGp=../../cp2016-max-common-connected-subgraph-paper/datasets/graphsdb/mcs50/m2D/m2Dr6/mcs50_m2Dr6_s70.A07 fileNameGt=../../cp2016-max-common-connected-subgraph-paper/datasets/graphsdb/mcs50/m2D/m2Dr6/mcs50_m2Dr6_s70.B07
Reading graphs...
70 : 165
70 : 165
Initializing...
maxdom : 7
D->valSize : 316
Solving...
Blb : 2 (clique : 28)
currentSize : 28 <-- 0.002553 s
currentSize : 30 <-- 0.002960 s
currentSize : 32 <-- 0.003039 s
currentSize : 33 <-- 0.004464 s
currentSize : 34 <-- 0.004554 s
currentSize : 36 <-- 0.006670 s
currentSize : 37 <-- 0.009158 s
currentSize : 38 <-- 0.009220 s
currentSize : 39 <-- 0.041489 s

maxsize : 39
nodes : 17302355.000000
filtered : 88799647.000000
time : 78.992302
