Parameters: GAD=1 vflib=1 dir=1 label=1 lowerbound=1 fileNameGp=../../cp2016-max-common-connected-subgraph-paper/datasets/graphsdb/mcs50/rand/r005/mcs50_r005_s50.A07 fileNameGt=../../cp2016-max-common-connected-subgraph-paper/datasets/graphsdb/mcs50/rand/r005/mcs50_r005_s50.B07
Reading graphs...
50 : 121
50 : 121
Initializing...
maxdom : 10
D->valSize : 319
Solving...
Blb : 2 (clique : 17)
currentSize : 17 <-- 0.003166 s
currentSize : 18 <-- 0.054384 s
currentSize : 19 <-- 0.083758 s
currentSize : 20 <-- 0.808121 s
currentSize : 21 <-- 7.516395 s
currentSize : 22 <-- 44.705421 s
currentSize : 24 <-- 105.785133 s
currentSize : 25 <-- 105.785194 s

maxsize : 25
nodes : 29216543.000000
filtered : 404257641.000000
time : 118.479614
