Parameters: GAD=1 vflib=1 dir=1 label=1 lowerbound=1 fileNameGp=../../cp2016-max-common-connected-subgraph-paper/datasets/graphsdb/mcs50/bvg/b03/mcs50_b03_s70.A04 fileNameGt=../../cp2016-max-common-connected-subgraph-paper/datasets/graphsdb/mcs50/bvg/b03/mcs50_b03_s70.B04
Reading graphs...
70 : 105
70 : 105
Initializing...
maxdom : 10
D->valSize : 344
Solving...
Blb : 2 (clique : 29)
currentSize : 29 <-- 0.004786 s
currentSize : 30 <-- 0.005309 s
currentSize : 31 <-- 0.167060 s
currentSize : 32 <-- 96.045006 s
currentSize : 33 <-- 169.360123 s
currentSize : 34 <-- 169.564987 s
currentSize : 35 <-- 263.166504 s
currentSize : 36 <-- 264.437256 s
currentSize : 37 <-- 913.269165 s

TIMEOUT
maxsize : 37
nodes : 219333310.000000
filtered : 1545187212.000000
time : 1000.000000
