Parameters: GAD=1 vflib=1 dir=1 label=1 lowerbound=1 fileNameGp=../../cp2016-max-common-connected-subgraph-paper/datasets/graphsdb/mcs50/rand/r005/mcs50_r005_s70.A00 fileNameGt=../../cp2016-max-common-connected-subgraph-paper/datasets/graphsdb/mcs50/rand/r005/mcs50_r005_s70.B00
Reading graphs...
70 : 240
70 : 240
Initializing...
maxdom : 8
D->valSize : 384
Solving...
Blb : 2 (clique : 24)
currentSize : 24 <-- 0.003173 s
currentSize : 25 <-- 0.003372 s
currentSize : 26 <-- 0.003389 s
currentSize : 29 <-- 0.031749 s
currentSize : 30 <-- 0.031805 s
currentSize : 31 <-- 4.119225 s
currentSize : 35 <-- 4.286355 s

maxsize : 35
nodes : 2562841.000000
filtered : 34558533.000000
time : 15.107194
