Parameters: GAD=1 vflib=1 dir=1 label=1 lowerbound=1 fileNameGp=../../cp2016-max-common-connected-subgraph-paper/datasets/graphsdb/mcs50/bvg/b09/mcs50_b09_s70.A03 fileNameGt=../../cp2016-max-common-connected-subgraph-paper/datasets/graphsdb/mcs50/bvg/b09/mcs50_b09_s70.B03
Reading graphs...
70 : 315
70 : 315
Initializing...
maxdom : 10
D->valSize : 360
Solving...
Blb : 3 (clique : 29)
currentSize : 29 <-- 0.004556 s
currentSize : 30 <-- 0.055045 s
currentSize : 31 <-- 0.059187 s
currentSize : 32 <-- 1.864260 s
currentSize : 33 <-- 1.881408 s
currentSize : 34 <-- 1.881952 s

maxsize : 34
nodes : 3661372.000000
filtered : 19192085.000000
time : 15.464826
