Parameters: GAD=1 vflib=1 dir=1 label=1 lowerbound=1 fileNameGp=../../cp2016-max-common-connected-subgraph-paper/datasets/graphsdb/mcs50/bvg/b06/mcs50_b06_s90.A06 fileNameGt=../../cp2016-max-common-connected-subgraph-paper/datasets/graphsdb/mcs50/bvg/b06/mcs50_b06_s90.B06
Reading graphs...
90 : 270
90 : 270
Initializing...
maxdom : 10
D->valSize : 528
Solving...
Blb : 3 (clique : 33)
currentSize : 33 <-- 0.009967 s
currentSize : 34 <-- 6.809150 s
currentSize : 35 <-- 40.921387 s
currentSize : 36 <-- 41.469604 s
currentSize : 37 <-- 41.470207 s
currentSize : 38 <-- 92.562256 s
currentSize : 39 <-- 92.566902 s
currentSize : 40 <-- 150.114716 s
currentSize : 41 <-- 150.375763 s
currentSize : 42 <-- 380.919556 s
currentSize : 43 <-- 782.496521 s
currentSize : 44 <-- 782.653870 s

TIMEOUT
maxsize : 44
nodes : 171616110.000000
filtered : 1632369004.000000
time : 1000.000061
