Parameters: GAD=1 vflib=1 dir=1 label=1 lowerbound=1 fileNameGp=../../cp2016-max-common-connected-subgraph-paper/datasets/graphsdb/mcs50/bvg/b09m/mcs50_b09m_s70.A05 fileNameGt=../../cp2016-max-common-connected-subgraph-paper/datasets/graphsdb/mcs50/bvg/b09m/mcs50_b09m_s70.B05
Reading graphs...
70 : 315
70 : 315
Initializing...
maxdom : 8
D->valSize : 326
Solving...
Blb : 2 (clique : 15)
currentSize : 15 <-- 0.002607 s
currentSize : 16 <-- 0.002802 s
currentSize : 17 <-- 0.002837 s
currentSize : 20 <-- 0.004385 s
currentSize : 21 <-- 0.248059 s
currentSize : 22 <-- 0.248122 s
currentSize : 23 <-- 0.268805 s
currentSize : 24 <-- 0.268838 s
currentSize : 25 <-- 0.269433 s
currentSize : 26 <-- 4.817554 s
currentSize : 27 <-- 4.817932 s
currentSize : 28 <-- 8.340331 s
currentSize : 29 <-- 8.346275 s
currentSize : 30 <-- 8.346324 s
currentSize : 31 <-- 8.346419 s
currentSize : 32 <-- 8.453184 s
currentSize : 33 <-- 8.453301 s
currentSize : 34 <-- 8.453405 s

maxsize : 34
nodes : 6943518.000000
filtered : 29392428.000000
time : 27.121433
