Parameters: GAD=1 vflib=1 dir=1 label=1 lowerbound=1 fileNameGp=../../cp2016-max-common-connected-subgraph-paper/datasets/graphsdb/mcs50/m3D/m3Dr6/mcs50_m3Dr6_s60.A01 fileNameGt=../../cp2016-max-common-connected-subgraph-paper/datasets/graphsdb/mcs50/m3D/m3Dr6/mcs50_m3Dr6_s60.B01
Reading graphs...
60 : 170
60 : 169
Initializing...
maxdom : 7
D->valSize : 255
Solving...
Blb : 2 (clique : 20)
currentSize : 20 <-- 0.002847 s
currentSize : 21 <-- 0.015778 s
currentSize : 22 <-- 0.018652 s
currentSize : 23 <-- 0.701899 s
currentSize : 24 <-- 6.036344 s
currentSize : 25 <-- 13.027272 s
currentSize : 26 <-- 16.326839 s
currentSize : 27 <-- 25.819576 s

maxsize : 27
nodes : 10218922.000000
filtered : 70279800.000000
time : 42.411583
