Parameters: GAD=1 vflib=1 dir=1 label=1 lowerbound=1 fileNameGp=../../cp2016-max-common-connected-subgraph-paper/datasets/graphsdb/mcs50/rand/r01/mcs50_r01_s80.A03 fileNameGt=../../cp2016-max-common-connected-subgraph-paper/datasets/graphsdb/mcs50/rand/r01/mcs50_r01_s80.B03
Reading graphs...
80 : 631
80 : 631
Initializing...
maxdom : 11
D->valSize : 486
Solving...
Blb : 2 (clique : 13)
currentSize : 13 <-- 0.007081 s
currentSize : 14 <-- 0.007271 s
currentSize : 15 <-- 0.007366 s
currentSize : 16 <-- 0.007858 s
currentSize : 17 <-- 0.074747 s
currentSize : 19 <-- 0.077405 s
currentSize : 20 <-- 0.287738 s
currentSize : 21 <-- 0.313423 s
currentSize : 22 <-- 0.323337 s
currentSize : 27 <-- 0.336799 s
currentSize : 29 <-- 0.480520 s
currentSize : 31 <-- 0.671257 s
currentSize : 32 <-- 0.671414 s
currentSize : 35 <-- 0.671499 s
currentSize : 40 <-- 0.671719 s

maxsize : 40
nodes : 152314.000000
filtered : 2424698.000000
time : 1.022317
