Parameters: GAD=1 vflib=1 dir=1 label=1 lowerbound=1 fileNameGp=../../cp2016-max-common-connected-subgraph-paper/datasets/graphsdb/mcs50/rand/r005/mcs50_r005_s60.A06 fileNameGt=../../cp2016-max-common-connected-subgraph-paper/datasets/graphsdb/mcs50/rand/r005/mcs50_r005_s60.B06
Reading graphs...
60 : 176
60 : 176
Initializing...
maxdom : 7
D->valSize : 238
Solving...
Blb : 2 (clique : 18)
currentSize : 18 <-- 0.002576 s
currentSize : 19 <-- 0.009928 s
currentSize : 20 <-- 0.013379 s
currentSize : 21 <-- 0.020979 s
currentSize : 22 <-- 0.092510 s
currentSize : 25 <-- 1.115269 s
currentSize : 28 <-- 1.306883 s
currentSize : 30 <-- 1.713764 s
currentSize : 31 <-- 1.714397 s

maxsize : 31
nodes : 498354.000000
filtered : 3487512.000000
time : 2.098032
