Parameters: GAD=1 vflib=1 dir=1 label=1 lowerbound=1 fileNameGp=../../cp2016-max-common-connected-subgraph-paper/datasets/graphsdb/mcs50/bvg/b06/mcs50_b06_s90.A01 fileNameGt=../../cp2016-max-common-connected-subgraph-paper/datasets/graphsdb/mcs50/bvg/b06/mcs50_b06_s90.B01
Reading graphs...
90 : 270
90 : 270
Initializing...
maxdom : 11
D->valSize : 493
Solving...
Blb : 2 (clique : 36)
currentSize : 36 <-- 0.005138 s
currentSize : 39 <-- 0.007468 s
currentSize : 40 <-- 0.007528 s
currentSize : 41 <-- 0.041327 s
currentSize : 45 <-- 0.042638 s
currentSize : 46 <-- 0.053217 s
currentSize : 47 <-- 647.566650 s

TIMEOUT
maxsize : 47
nodes : 174421369.000000
filtered : 1399592126.000000
time : 1000.000061
