Parameters: GAD=1 vflib=1 dir=1 label=1 lowerbound=1 fileNameGp=../../cp2016-max-common-connected-subgraph-paper/datasets/graphsdb/mcs50/rand/r005/mcs50_r005_s90.A03 fileNameGt=../../cp2016-max-common-connected-subgraph-paper/datasets/graphsdb/mcs50/rand/r005/mcs50_r005_s90.B03
Reading graphs...
90 : 399
90 : 399
Initializing...
maxdom : 10
D->valSize : 532
Solving...
Blb : 2 (clique : 22)
currentSize : 22 <-- 0.006023 s
currentSize : 23 <-- 0.201194 s
currentSize : 24 <-- 1.016120 s
currentSize : 25 <-- 8.114650 s
currentSize : 26 <-- 9.386706 s
currentSize : 27 <-- 106.505798 s
currentSize : 28 <-- 121.635628 s
currentSize : 29 <-- 131.020813 s
currentSize : 30 <-- 374.835449 s
currentSize : 31 <-- 499.705811 s
currentSize : 32 <-- 499.705963 s
currentSize : 33 <-- 803.709167 s
currentSize : 34 <-- 896.511292 s
currentSize : 35 <-- 980.650269 s

TIMEOUT
maxsize : 35
nodes : 165863940.000000
filtered : 2276980196.000000
time : 1000.000000
