Parameters: GAD=1 vflib=1 dir=1 label=1 lowerbound=1 fileNameGp=../../cp2016-max-common-connected-subgraph-paper/datasets/graphsdb/mcs50/rand/r005/mcs50_r005_s70.A04 fileNameGt=../../cp2016-max-common-connected-subgraph-paper/datasets/graphsdb/mcs50/rand/r005/mcs50_r005_s70.B04
Reading graphs...
70 : 240
70 : 240
Initializing...
maxdom : 8
D->valSize : 336
Solving...
Blb : 2 (clique : 21)
currentSize : 21 <-- 0.003935 s
currentSize : 27 <-- 0.004103 s
currentSize : 28 <-- 0.004244 s
currentSize : 30 <-- 12.565620 s
currentSize : 31 <-- 13.621016 s
currentSize : 32 <-- 38.222969 s
currentSize : 35 <-- 38.223064 s

maxsize : 35
nodes : 7797400.000000
filtered : 89823842.000000
time : 41.076096
