Parameters: GAD=1 vflib=1 dir=1 label=1 lowerbound=1 fileNameGp=../../cp2016-max-common-connected-subgraph-paper/datasets/graphsdb/mcs50/m2D/m2D/mcs50_m2D_s80.A00 fileNameGt=../../cp2016-max-common-connected-subgraph-paper/datasets/graphsdb/mcs50/m2D/m2D/mcs50_m2D_s80.B00
Reading graphs...
80 : 142
80 : 142
Initializing...
maxdom : 9
D->valSize : 432
Solving...
Blb : 2 (clique : 27)
currentSize : 27 <-- 0.004300 s
currentSize : 33 <-- 0.004509 s
currentSize : 34 <-- 0.017207 s
currentSize : 35 <-- 3.893426 s
currentSize : 36 <-- 3.896058 s
currentSize : 37 <-- 381.394684 s

TIMEOUT
maxsize : 37
nodes : 191173423.000000
filtered : 1595987276.000000
time : 1000.000000
