Parameters: GAD=1 vflib=1 dir=1 label=1 lowerbound=1 fileNameGp=../../cp2016-max-common-connected-subgraph-paper/datasets/graphsdb/mcs50/bvg/b03/mcs50_b03_s80.A00 fileNameGt=../../cp2016-max-common-connected-subgraph-paper/datasets/graphsdb/mcs50/bvg/b03/mcs50_b03_s80.B00
Reading graphs...
80 : 120
80 : 120
Initializing...
maxdom : 9
D->valSize : 461
Solving...
Blb : 2 (clique : 36)
currentSize : 36 <-- 0.004633 s
currentSize : 37 <-- 0.004896 s
currentSize : 38 <-- 0.004993 s
currentSize : 39 <-- 0.015332 s
currentSize : 40 <-- 0.097231 s
currentSize : 41 <-- 0.756331 s
currentSize : 42 <-- 0.758875 s
currentSize : 43 <-- 63.504646 s
currentSize : 44 <-- 871.718262 s

TIMEOUT
maxsize : 44
nodes : 178105743.000000
filtered : 1813147562.000000
time : 1000.000061
