Parameters: GAD=1 vflib=1 dir=1 label=1 lowerbound=1 fileNameGp=../../cp2016-max-common-connected-subgraph-paper/datasets/graphsdb/mcs50/bvg/b06/mcs50_b06_s80.A09 fileNameGt=../../cp2016-max-common-connected-subgraph-paper/datasets/graphsdb/mcs50/bvg/b06/mcs50_b06_s80.B09
Reading graphs...
80 : 240
80 : 240
Initializing...
maxdom : 7
D->valSize : 417
Solving...
Blb : 2 (clique : 28)
currentSize : 28 <-- 0.003999 s
currentSize : 29 <-- 0.004179 s
currentSize : 31 <-- 0.004255 s
currentSize : 32 <-- 0.034858 s
currentSize : 33 <-- 0.034942 s
currentSize : 34 <-- 189.120224 s
currentSize : 35 <-- 203.068771 s
currentSize : 36 <-- 342.352295 s

TIMEOUT
maxsize : 36
nodes : 187703982.000000
filtered : 1727799275.000000
time : 1000.000000
