Parameters: GAD=1 vflib=1 dir=1 label=1 lowerbound=1 fileNameGp=../../cp2016-max-common-connected-subgraph-paper/datasets/graphsdb/mcs50/bvg/b03m/mcs50_b03m_s60.A02 fileNameGt=../../cp2016-max-common-connected-subgraph-paper/datasets/graphsdb/mcs50/bvg/b03m/mcs50_b03m_s60.B02
Reading graphs...
60 : 90
60 : 90
Initializing...
maxdom : 9
D->valSize : 240
Solving...
Blb : 3 (clique : 26)
currentSize : 26 <-- 0.002575 s
currentSize : 27 <-- 1.537786 s
currentSize : 28 <-- 3.021714 s
currentSize : 29 <-- 36.889790 s
currentSize : 30 <-- 54.264423 s
currentSize : 31 <-- 54.350952 s
currentSize : 33 <-- 82.769768 s
currentSize : 34 <-- 83.268379 s

maxsize : 34
nodes : 29149282.000000
filtered : 115612198.000000
time : 101.732430
