Parameters: GAD=1 vflib=1 dir=1 label=1 lowerbound=1 fileNameGp=../../cp2016-max-common-connected-subgraph-paper/datasets/graphsdb/mcs50/bvg/b03m/mcs50_b03m_s90.A08 fileNameGt=../../cp2016-max-common-connected-subgraph-paper/datasets/graphsdb/mcs50/bvg/b03m/mcs50_b03m_s90.B08
Reading graphs...
90 : 135
90 : 135
Initializing...
maxdom : 9
D->valSize : 548
Solving...
Blb : 2 (clique : 42)
currentSize : 42 <-- 0.010311 s
currentSize : 44 <-- 0.010795 s
currentSize : 45 <-- 0.010978 s
currentSize : 46 <-- 0.012077 s
currentSize : 47 <-- 0.014746 s
currentSize : 48 <-- 0.016408 s
currentSize : 49 <-- 0.019018 s
currentSize : 50 <-- 0.291223 s
currentSize : 51 <-- 35.793961 s

TIMEOUT
maxsize : 51
nodes : 202434423.000000
filtered : 1104660108.000000
time : 1000.000061
