Parameters: GAD=1 vflib=1 dir=1 label=1 lowerbound=1 fileNameGp=../../cp2016-max-common-connected-subgraph-paper/datasets/graphsdb/mcs50/bvg/b06m/mcs50_b06m_s60.A04 fileNameGt=../../cp2016-max-common-connected-subgraph-paper/datasets/graphsdb/mcs50/bvg/b06m/mcs50_b06m_s60.B04
Reading graphs...
60 : 180
60 : 180
Initializing...
maxdom : 8
D->valSize : 226
Solving...
Blb : 2 (clique : 20)
currentSize : 20 <-- 0.002284 s
currentSize : 21 <-- 0.002483 s
currentSize : 22 <-- 0.002803 s
currentSize : 23 <-- 0.002986 s
currentSize : 26 <-- 0.005112 s
currentSize : 28 <-- 0.005182 s
currentSize : 29 <-- 0.020537 s
currentSize : 30 <-- 0.021401 s

maxsize : 30
nodes : 288422.000000
filtered : 968451.000000
time : 1.121623
