Parameters: GAD=1 vflib=1 dir=1 label=1 lowerbound=1 fileNameGp=../../cp2016-max-common-connected-subgraph-paper/datasets/graphsdb/mcs50/m2D/m2Dr6/mcs50_m2Dr6_s70.A03 fileNameGt=../../cp2016-max-common-connected-subgraph-paper/datasets/graphsdb/mcs50/m2D/m2Dr6/mcs50_m2Dr6_s70.B03
Reading graphs...
70 : 165
70 : 165
Initializing...
maxdom : 10
D->valSize : 311
Solving...
Blb : 2 (clique : 28)
currentSize : 28 <-- 0.003839 s
currentSize : 29 <-- 0.004139 s
currentSize : 30 <-- 0.082170 s
currentSize : 31 <-- 0.082245 s
currentSize : 32 <-- 0.507748 s
currentSize : 33 <-- 0.523921 s
currentSize : 36 <-- 0.525177 s
currentSize : 37 <-- 1.667822 s
currentSize : 38 <-- 1.668980 s

maxsize : 38
nodes : 744325.000000
filtered : 3846930.000000
time : 3.270570
