Parameters: GAD=1 vflib=1 dir=1 label=1 lowerbound=1 fileNameGp=../../cp2016-max-common-connected-subgraph-paper/datasets/graphsdb/mcs50/m2D/m2Dr4/mcs50_m2Dr4_s70.A07 fileNameGt=../../cp2016-max-common-connected-subgraph-paper/datasets/graphsdb/mcs50/m2D/m2Dr4/mcs50_m2Dr4_s70.B07
Reading graphs...
70 : 151
70 : 150
Initializing...
maxdom : 7
D->valSize : 317
Solving...
Blb : 3 (clique : 23)
currentSize : 23 <-- 0.003967 s
currentSize : 25 <-- 0.004172 s
currentSize : 26 <-- 0.313314 s
currentSize : 27 <-- 0.321524 s
currentSize : 28 <-- 0.415225 s
currentSize : 29 <-- 0.754743 s
currentSize : 30 <-- 2.551504 s
currentSize : 31 <-- 2.567237 s
currentSize : 32 <-- 3.964247 s
currentSize : 33 <-- 36.320004 s
currentSize : 34 <-- 68.452995 s
currentSize : 35 <-- 78.384315 s
currentSize : 36 <-- 176.113480 s

maxsize : 36
nodes : 155430848.000000
filtered : 942493821.000000
time : 682.072937
