Parameters: GAD=1 vflib=1 dir=1 label=1 lowerbound=1 fileNameGp=../../cp2016-max-common-connected-subgraph-paper/datasets/graphsdb/mcs50/rand/r01/mcs50_r01_s50.A06 fileNameGt=../../cp2016-max-common-connected-subgraph-paper/datasets/graphsdb/mcs50/rand/r01/mcs50_r01_s50.B06
Reading graphs...
50 : 244
50 : 244
Initializing...
maxdom : 12
D->valSize : 336
Solving...
Blb : 2 (clique : 10)
currentSize : 10 <-- 0.002485 s
currentSize : 11 <-- 0.002577 s
currentSize : 12 <-- 0.005986 s
currentSize : 13 <-- 0.016462 s
currentSize : 14 <-- 0.016563 s
currentSize : 15 <-- 0.016584 s
currentSize : 16 <-- 0.023546 s
currentSize : 17 <-- 0.031873 s
currentSize : 18 <-- 0.044056 s
currentSize : 20 <-- 0.114287 s
currentSize : 21 <-- 0.138948 s
currentSize : 22 <-- 0.139092 s
currentSize : 25 <-- 0.160180 s

maxsize : 25
nodes : 44431.000000
filtered : 833044.000000
time : 0.215553
