Parameters: GAD=1 vflib=1 dir=1 label=1 lowerbound=1 fileNameGp=../../cp2016-max-common-connected-subgraph-paper/datasets/graphsdb/mcs50/bvg/b03/mcs50_b03_s50.A02 fileNameGt=../../cp2016-max-common-connected-subgraph-paper/datasets/graphsdb/mcs50/bvg/b03/mcs50_b03_s50.B02
Reading graphs...
50 : 75
50 : 75
Initializing...
maxdom : 7
D->valSize : 319
Solving...
Blb : 2 (clique : 20)
currentSize : 20 <-- 0.003543 s
currentSize : 21 <-- 0.003872 s
currentSize : 22 <-- 0.005579 s
currentSize : 23 <-- 0.005716 s
currentSize : 24 <-- 0.312703 s
currentSize : 25 <-- 0.878890 s
currentSize : 26 <-- 1.730468 s
currentSize : 27 <-- 145.199265 s

TIMEOUT
maxsize : 27
nodes : 254872037.000000
filtered : 2566525238.000000
time : 1000.000000
