Parameters: GAD=1 vflib=1 dir=1 label=1 lowerbound=1 fileNameGp=../../cp2016-max-common-connected-subgraph-paper/datasets/graphsdb/mcs50/m2D/m2Dr6/mcs50_m2Dr6_s60.A07 fileNameGt=../../cp2016-max-common-connected-subgraph-paper/datasets/graphsdb/mcs50/m2D/m2Dr6/mcs50_m2Dr6_s60.B07
Reading graphs...
60 : 140
60 : 137
Initializing...
maxdom : 9
D->valSize : 230
Solving...
Blb : 2 (clique : 21)
currentSize : 21 <-- 0.001656 s
currentSize : 22 <-- 0.002231 s
currentSize : 23 <-- 0.012788 s
currentSize : 24 <-- 0.012844 s
currentSize : 25 <-- 0.122225 s
currentSize : 26 <-- 1.430717 s
currentSize : 28 <-- 45.492306 s

maxsize : 28
nodes : 22402009.000000
filtered : 141559702.000000
time : 87.898895
