Parameters: GAD=1 vflib=1 dir=1 label=1 lowerbound=1 fileNameGp=../../cp2016-max-common-connected-subgraph-paper/datasets/graphsdb/mcs50/rand/r005/mcs50_r005_s60.A09 fileNameGt=../../cp2016-max-common-connected-subgraph-paper/datasets/graphsdb/mcs50/rand/r005/mcs50_r005_s60.B09
Reading graphs...
60 : 176
60 : 176
Initializing...
maxdom : 10
D->valSize : 253
Solving...
Blb : 2 (clique : 18)
currentSize : 18 <-- 0.001760 s
currentSize : 19 <-- 0.010267 s
currentSize : 20 <-- 0.046764 s
currentSize : 21 <-- 0.281299 s
currentSize : 22 <-- 0.399880 s
currentSize : 23 <-- 3.638326 s
currentSize : 24 <-- 6.050747 s
currentSize : 25 <-- 6.051140 s
currentSize : 26 <-- 6.116407 s
currentSize : 27 <-- 7.195258 s
currentSize : 30 <-- 7.197224 s

maxsize : 30
nodes : 1898581.000000
filtered : 16955406.000000
time : 8.064233
