Parameters: GAD=1 vflib=1 dir=1 label=1 lowerbound=1 fileNameGp=../../cp2016-max-common-connected-subgraph-paper/datasets/graphsdb/mcs50/m2D/m2Dr4/mcs50_m2Dr4_s100.A03 fileNameGt=../../cp2016-max-common-connected-subgraph-paper/datasets/graphsdb/mcs50/m2D/m2Dr4/mcs50_m2Dr4_s100.B03
Reading graphs...
100 : 220
100 : 220
Initializing...
maxdom : 7
D->valSize : 371
Solving...
Blb : 2 (clique : 30)
currentSize : 30 <-- 0.005933 s
currentSize : 31 <-- 0.008158 s
currentSize : 32 <-- 0.017290 s
currentSize : 33 <-- 0.019900 s
currentSize : 34 <-- 0.232742 s
currentSize : 35 <-- 0.903278 s
currentSize : 36 <-- 1.309235 s
currentSize : 37 <-- 1.335928 s
currentSize : 38 <-- 18.465637 s
currentSize : 39 <-- 60.107910 s
currentSize : 40 <-- 60.125515 s
currentSize : 41 <-- 60.262699 s
currentSize : 42 <-- 68.994446 s
currentSize : 43 <-- 332.391296 s
currentSize : 44 <-- 472.398132 s
currentSize : 45 <-- 472.405731 s
currentSize : 46 <-- 579.648254 s

TIMEOUT
maxsize : 46
nodes : 203404269.000000
filtered : 740671463.000000
time : 1000.000061
