Parameters: GAD=1 vflib=1 dir=1 label=1 lowerbound=1 fileNameGp=../../cp2016-max-common-connected-subgraph-paper/datasets/graphsdb/mcs50/m2D/m2Dr4/mcs50_m2Dr4_s90.A01 fileNameGt=../../cp2016-max-common-connected-subgraph-paper/datasets/graphsdb/mcs50/m2D/m2Dr4/mcs50_m2Dr4_s90.B01
Reading graphs...
90 : 197
90 : 197
Initializing...
maxdom : 8
D->valSize : 535
Solving...
Blb : 2 (clique : 39)
currentSize : 39 <-- 0.010142 s
currentSize : 40 <-- 0.010666 s
currentSize : 41 <-- 0.073943 s
currentSize : 42 <-- 0.136889 s
currentSize : 43 <-- 0.162091 s
currentSize : 44 <-- 818.579773 s

TIMEOUT
maxsize : 44
nodes : 184017247.000000
filtered : 1520458357.000000
time : 1000.000061
