Parameters: GAD=1 vflib=1 dir=1 label=1 lowerbound=1 fileNameGp=../../cp2016-max-common-connected-subgraph-paper/datasets/graphsdb/mcs50/bvg/b09m/mcs50_b09m_s90.A09 fileNameGt=../../cp2016-max-common-connected-subgraph-paper/datasets/graphsdb/mcs50/bvg/b09m/mcs50_b09m_s90.B09
Reading graphs...
90 : 405
90 : 405
Initializing...
maxdom : 9
D->valSize : 560
Solving...
Blb : 3 (clique : 34)
currentSize : 34 <-- 0.006286 s
currentSize : 35 <-- 108.905426 s
currentSize : 36 <-- 215.576294 s
currentSize : 37 <-- 429.658813 s
currentSize : 38 <-- 429.659180 s
currentSize : 39 <-- 429.659302 s
currentSize : 40 <-- 804.317200 s

TIMEOUT
maxsize : 40
nodes : 182214070.000000
filtered : 1463822921.000000
time : 1000.000061
