Parameters: GAD=1 vflib=1 dir=1 label=1 lowerbound=1 fileNameGp=../../cp2016-max-common-connected-subgraph-paper/datasets/graphsdb/mcs50/m3D/m3Dr2/mcs50_m3Dr2_s60.A00 fileNameGt=../../cp2016-max-common-connected-subgraph-paper/datasets/graphsdb/mcs50/m3D/m3Dr2/mcs50_m3Dr2_s60.B00
Reading graphs...
60 : 146
60 : 146
Initializing...
maxdom : 6
D->valSize : 240
Solving...
Blb : 2 (clique : 19)
currentSize : 19 <-- 0.001697 s
currentSize : 20 <-- 0.004566 s
currentSize : 21 <-- 0.389287 s
currentSize : 22 <-- 0.667591 s
currentSize : 23 <-- 1.626002 s
currentSize : 25 <-- 3.992901 s
currentSize : 26 <-- 3.993068 s
currentSize : 27 <-- 3.994851 s
currentSize : 28 <-- 6.681938 s
currentSize : 29 <-- 8.774060 s
currentSize : 30 <-- 15.288481 s

maxsize : 30
nodes : 7329845.000000
filtered : 38506088.000000
time : 28.963694
