Parameters: GAD=1 vflib=1 dir=1 label=1 lowerbound=1 fileNameGp=../../cp2016-max-common-connected-subgraph-paper/datasets/graphsdb/mcs50/bvg/b03m/mcs50_b03m_s60.A00 fileNameGt=../../cp2016-max-common-connected-subgraph-paper/datasets/graphsdb/mcs50/bvg/b03m/mcs50_b03m_s60.B00
Reading graphs...
60 : 90
60 : 90
Initializing...
maxdom : 8
D->valSize : 272
Solving...
Blb : 3 (clique : 26)
currentSize : 26 <-- 0.002052 s
currentSize : 27 <-- 0.166368 s
currentSize : 28 <-- 10.098452 s
currentSize : 29 <-- 18.081974 s
currentSize : 30 <-- 48.496304 s
currentSize : 31 <-- 99.494446 s
currentSize : 32 <-- 137.626099 s
currentSize : 33 <-- 146.257935 s

maxsize : 33
nodes : 65420161.000000
filtered : 489666264.000000
time : 263.092010
