Parameters: GAD=1 vflib=1 dir=1 label=1 lowerbound=1 fileNameGp=../../cp2016-max-common-connected-subgraph-paper/datasets/graphsdb/mcs50/bvg/b09/mcs50_b09_s80.A05 fileNameGt=../../cp2016-max-common-connected-subgraph-paper/datasets/graphsdb/mcs50/bvg/b09/mcs50_b09_s80.B05
Reading graphs...
80 : 360
80 : 360
Initializing...
maxdom : 11
D->valSize : 443
Solving...
Blb : 2 (clique : 18)
currentSize : 18 <-- 0.004366 s
currentSize : 30 <-- 0.004535 s
currentSize : 32 <-- 0.005387 s
currentSize : 33 <-- 0.010640 s
currentSize : 35 <-- 0.010712 s
currentSize : 37 <-- 0.060553 s
currentSize : 39 <-- 6.914282 s
currentSize : 40 <-- 59.776382 s

maxsize : 40
nodes : 17312563.000000
filtered : 135868559.000000
time : 87.850143
