Parameters: GAD=1 vflib=1 dir=1 label=1 lowerbound=1 fileNameGp=../../cp2016-max-common-connected-subgraph-paper/datasets/graphsdb/mcs50/bvg/b06m/mcs50_b06m_s90.A01 fileNameGt=../../cp2016-max-common-connected-subgraph-paper/datasets/graphsdb/mcs50/bvg/b06m/mcs50_b06m_s90.B01
Reading graphs...
90 : 270
90 : 270
Initializing...
maxdom : 12
D->valSize : 588
Solving...
Blb : 2 (clique : 37)
currentSize : 37 <-- 0.011246 s
currentSize : 38 <-- 286.031311 s
currentSize : 39 <-- 297.616119 s
currentSize : 40 <-- 363.653107 s
currentSize : 42 <-- 694.920044 s
currentSize : 43 <-- 695.727844 s
currentSize : 44 <-- 696.196777 s
currentSize : 45 <-- 699.781311 s
currentSize : 46 <-- 700.099670 s
currentSize : 47 <-- 700.099670 s

TIMEOUT
maxsize : 47
nodes : 168618267.000000
filtered : 1648995966.000000
time : 1000.000061
