Parameters: GAD=1 vflib=1 dir=1 label=1 lowerbound=1 fileNameGp=../../cp2016-max-common-connected-subgraph-paper/datasets/graphsdb/mcs50/m2D/m2Dr6/mcs50_m2Dr6_s40.A06 fileNameGt=../../cp2016-max-common-connected-subgraph-paper/datasets/graphsdb/mcs50/m2D/m2Dr6/mcs50_m2Dr6_s40.B06
Reading graphs...
40 : 91
40 : 91
Initializing...
maxdom : 8
D->valSize : 229
Solving...
Blb : 2 (clique : 13)
currentSize : 13 <-- 0.002011 s
currentSize : 14 <-- 0.002133 s
currentSize : 15 <-- 0.002577 s
currentSize : 16 <-- 0.049865 s
currentSize : 17 <-- 0.063915 s
currentSize : 18 <-- 0.064187 s
currentSize : 19 <-- 0.421427 s
currentSize : 20 <-- 0.421576 s

maxsize : 20
nodes : 223886.000000
filtered : 2215338.000000
time : 0.897285
