Parameters: GAD=1 vflib=1 dir=1 label=1 lowerbound=1 fileNameGp=../../cp2016-max-common-connected-subgraph-paper/datasets/graphsdb/mcs50/bvg/b03/mcs50_b03_s50.A05 fileNameGt=../../cp2016-max-common-connected-subgraph-paper/datasets/graphsdb/mcs50/bvg/b03/mcs50_b03_s50.B05
Reading graphs...
50 : 75
50 : 75
Initializing...
maxdom : 9
D->valSize : 313
Solving...
Blb : 2 (clique : 21)
currentSize : 21 <-- 0.002359 s
currentSize : 22 <-- 0.003472 s
currentSize : 23 <-- 0.037912 s
currentSize : 24 <-- 1.888272 s
currentSize : 25 <-- 1.888343 s
currentSize : 26 <-- 1.889516 s
currentSize : 27 <-- 3.846731 s

maxsize : 27
nodes : 15795998.000000
filtered : 217405990.000000
time : 75.022537
