Parameters: GAD=1 vflib=1 dir=1 label=1 lowerbound=1 fileNameGp=../../cp2016-max-common-connected-subgraph-paper/datasets/graphsdb/mcs50/bvg/b09/mcs50_b09_s90.A00 fileNameGt=../../cp2016-max-common-connected-subgraph-paper/datasets/graphsdb/mcs50/bvg/b09/mcs50_b09_s90.B00
Reading graphs...
90 : 405
90 : 405
Initializing...
maxdom : 10
D->valSize : 549
Solving...
Blb : 2 (clique : 25)
currentSize : 25 <-- 0.006283 s
currentSize : 26 <-- 0.007561 s
currentSize : 27 <-- 0.008098 s
currentSize : 34 <-- 0.014325 s
currentSize : 41 <-- 0.087736 s
currentSize : 44 <-- 200.235123 s

TIMEOUT
maxsize : 44
nodes : 170312236.000000
filtered : 1443310452.000000
time : 1000.000061
