Parameters: GAD=1 vflib=1 dir=1 label=1 lowerbound=1 fileNameGp=../../cp2016-max-common-connected-subgraph-paper/datasets/graphsdb/mcs50/rand/r01/mcs50_r01_s50.A08 fileNameGt=../../cp2016-max-common-connected-subgraph-paper/datasets/graphsdb/mcs50/rand/r01/mcs50_r01_s50.B08
Reading graphs...
50 : 244
50 : 244
Initializing...
maxdom : 10
D->valSize : 369
Solving...
Blb : 5 (clique : 11)
currentSize : 11 <-- 0.003950 s
currentSize : 12 <-- 0.004968 s
currentSize : 13 <-- 0.006553 s
currentSize : 14 <-- 0.039337 s
currentSize : 15 <-- 0.091847 s
currentSize : 16 <-- 0.247787 s
currentSize : 18 <-- 0.314776 s
currentSize : 19 <-- 0.393207 s
currentSize : 21 <-- 0.393355 s
currentSize : 23 <-- 0.620629 s
currentSize : 25 <-- 0.620708 s

maxsize : 25
nodes : 116725.000000
filtered : 1795243.000000
time : 0.659280
