Parameters: GAD=1 vflib=1 dir=1 label=1 lowerbound=1 fileNameGp=../../cp2016-max-common-connected-subgraph-paper/datasets/graphsdb/mcs50/bvg/b09/mcs50_b09_s80.A07 fileNameGt=../../cp2016-max-common-connected-subgraph-paper/datasets/graphsdb/mcs50/bvg/b09/mcs50_b09_s80.B07
Reading graphs...
80 : 360
80 : 360
Initializing...
maxdom : 9
D->valSize : 409
Solving...
Blb : 3 (clique : 29)
currentSize : 29 <-- 0.005890 s
currentSize : 30 <-- 0.118652 s
currentSize : 32 <-- 0.120987 s
currentSize : 34 <-- 2.476990 s
currentSize : 35 <-- 17.784531 s
currentSize : 36 <-- 17.789520 s
currentSize : 37 <-- 32.932838 s
currentSize : 38 <-- 49.062313 s
currentSize : 39 <-- 99.743820 s
currentSize : 40 <-- 104.360641 s

maxsize : 40
nodes : 26961336.000000
filtered : 150462899.000000
time : 124.339973
