Parameters: GAD=1 vflib=1 dir=1 label=1 lowerbound=1 fileNameGp=../../cp2016-max-common-connected-subgraph-paper/datasets/graphsdb/mcs50/rand/r02/mcs50_r02_s90.A00 fileNameGt=../../cp2016-max-common-connected-subgraph-paper/datasets/graphsdb/mcs50/rand/r02/mcs50_r02_s90.B00
Reading graphs...
90 : 1601
90 : 1601
Initializing...
maxdom : 13
D->valSize : 606
Solving...
Blb : 2 (clique : 9)
currentSize : 9 <-- 0.007049 s
currentSize : 11 <-- 0.007904 s
currentSize : 13 <-- 0.010673 s
currentSize : 23 <-- 0.020426 s
currentSize : 25 <-- 0.041714 s
currentSize : 28 <-- 0.059292 s
currentSize : 31 <-- 0.073322 s
currentSize : 32 <-- 0.076718 s
currentSize : 45 <-- 0.080280 s

maxsize : 45
nodes : 11940.000000
filtered : 404800.000000
time : 0.094839
