Parameters: GAD=1 vflib=1 dir=1 label=1 lowerbound=1 fileNameGp=../../cp2016-max-common-connected-subgraph-paper/datasets/graphsdb/mcs50/m2D/m2Dr4/mcs50_m2Dr4_s50.A02 fileNameGt=../../cp2016-max-common-connected-subgraph-paper/datasets/graphsdb/mcs50/m2D/m2Dr4/mcs50_m2Dr4_s50.B02
Reading graphs...
50 : 105
50 : 104
Initializing...
maxdom : 10
D->valSize : 324
Solving...
Blb : 2 (clique : 21)
currentSize : 21 <-- 0.003752 s
currentSize : 22 <-- 0.003918 s
currentSize : 23 <-- 0.003976 s
currentSize : 26 <-- 12.387382 s
currentSize : 27 <-- 36.295776 s

maxsize : 27
nodes : 10493035.000000
filtered : 145299297.000000
time : 46.849072
