Parameters: GAD=1 vflib=1 dir=1 label=1 lowerbound=1 fileNameGp=../../cp2016-max-common-connected-subgraph-paper/datasets/graphsdb/mcs50/bvg/b06m/mcs50_b06m_s100.A04 fileNameGt=../../cp2016-max-common-connected-subgraph-paper/datasets/graphsdb/mcs50/bvg/b06m/mcs50_b06m_s100.B04
Reading graphs...
100 : 300
100 : 300
Initializing...
maxdom : 10
D->valSize : 352
Solving...
Blb : 2 (clique : 36)
currentSize : 36 <-- 0.003553 s
currentSize : 37 <-- 0.003971 s
currentSize : 38 <-- 0.004730 s
currentSize : 39 <-- 0.005577 s
currentSize : 40 <-- 0.011894 s
currentSize : 41 <-- 0.012716 s
currentSize : 42 <-- 0.012832 s
currentSize : 45 <-- 0.270191 s
currentSize : 46 <-- 0.270398 s
currentSize : 48 <-- 23.200880 s
currentSize : 49 <-- 23.201147 s
currentSize : 50 <-- 23.212118 s
currentSize : 51 <-- 363.764343 s
currentSize : 52 <-- 363.764465 s

TIMEOUT
maxsize : 52
nodes : 191958001.000000
filtered : 825337716.000000
time : 1000.000061
