Parameters: GAD=1 vflib=1 dir=1 label=1 lowerbound=1 fileNameGp=../../cp2016-max-common-connected-subgraph-paper/datasets/graphsdb/mcs50/bvg/b03m/mcs50_b03m_s100.A05 fileNameGt=../../cp2016-max-common-connected-subgraph-paper/datasets/graphsdb/mcs50/bvg/b03m/mcs50_b03m_s100.B05
Reading graphs...
100 : 150
100 : 150
Initializing...
maxdom : 7
D->valSize : 385
Solving...
Blb : 2 (clique : 38)
currentSize : 38 <-- 0.004174 s
currentSize : 39 <-- 0.033994 s
currentSize : 40 <-- 0.048505 s
currentSize : 41 <-- 25.024015 s
currentSize : 42 <-- 36.035553 s
currentSize : 43 <-- 143.824219 s
currentSize : 44 <-- 386.332886 s
currentSize : 45 <-- 426.178223 s

TIMEOUT
maxsize : 45
nodes : 199472909.000000
filtered : 1027515448.000000
time : 1000.000061
