Parameters: GAD=1 vflib=1 dir=1 label=1 lowerbound=1 fileNameGp=../../cp2016-max-common-connected-subgraph-paper/datasets/graphsdb/mcs50/bvg/b03m/mcs50_b03m_s90.A07 fileNameGt=../../cp2016-max-common-connected-subgraph-paper/datasets/graphsdb/mcs50/bvg/b03m/mcs50_b03m_s90.B07
Reading graphs...
90 : 135
90 : 135
Initializing...
maxdom : 10
D->valSize : 513
Solving...
Blb : 2 (clique : 35)
currentSize : 35 <-- 0.005983 s
currentSize : 36 <-- 0.072795 s
currentSize : 37 <-- 0.394679 s
currentSize : 38 <-- 4.388174 s
currentSize : 39 <-- 19.243130 s
currentSize : 40 <-- 174.879089 s
currentSize : 41 <-- 178.201309 s

TIMEOUT
maxsize : 41
nodes : 238881214.000000
filtered : 1266839766.000000
time : 1000.000061
