Parameters: GAD=1 vflib=1 dir=1 label=1 lowerbound=1 fileNameGp=../../cp2016-max-common-connected-subgraph-paper/datasets/graphsdb/mcs50/m3D/m3Dr4/mcs50_m3Dr4_s60.A09 fileNameGt=../../cp2016-max-common-connected-subgraph-paper/datasets/graphsdb/mcs50/m3D/m3Dr4/mcs50_m3Dr4_s60.B09
Reading graphs...
60 : 158
60 : 157
Initializing...
maxdom : 9
D->valSize : 266
Solving...
Blb : 2 (clique : 17)
currentSize : 17 <-- 0.001835 s
currentSize : 18 <-- 0.002016 s
currentSize : 19 <-- 0.016794 s
currentSize : 21 <-- 0.211194 s
currentSize : 22 <-- 1.731654 s
currentSize : 25 <-- 10.561760 s
currentSize : 26 <-- 10.561824 s
currentSize : 27 <-- 15.295521 s

maxsize : 27
nodes : 4207840.000000
filtered : 35772312.000000
time : 18.200047
