Parameters: GAD=1 vflib=1 dir=1 label=1 lowerbound=1 fileNameGp=../../cp2016-max-common-connected-subgraph-paper/datasets/graphsdb/mcs50/bvg/b03/mcs50_b03_s100.A01 fileNameGt=../../cp2016-max-common-connected-subgraph-paper/datasets/graphsdb/mcs50/bvg/b03/mcs50_b03_s100.B01
Reading graphs...
100 : 150
100 : 150
Initializing...
maxdom : 7
D->valSize : 354
Solving...
Blb : 2 (clique : 43)
currentSize : 43 <-- 0.003702 s
currentSize : 44 <-- 0.004791 s
currentSize : 47 <-- 0.006693 s
currentSize : 49 <-- 0.007015 s
currentSize : 50 <-- 0.018266 s
currentSize : 51 <-- 99.585510 s
currentSize : 52 <-- 725.403625 s

TIMEOUT
maxsize : 52
nodes : 213786913.000000
filtered : 714360307.000000
time : 1000.000061
