Parameters: GAD=1 vflib=1 dir=1 label=1 lowerbound=1 fileNameGp=../../cp2016-max-common-connected-subgraph-paper/datasets/graphsdb/mcs50/rand/r01/mcs50_r01_s100.A04 fileNameGt=../../cp2016-max-common-connected-subgraph-paper/datasets/graphsdb/mcs50/rand/r01/mcs50_r01_s100.B04
Reading graphs...
100 : 989
100 : 989
Initializing...
maxdom : 8
D->valSize : 369
Solving...
Blb : 2 (clique : 16)
currentSize : 16 <-- 0.003756 s
currentSize : 20 <-- 0.003897 s
currentSize : 27 <-- 0.004037 s
currentSize : 28 <-- 0.044230 s
currentSize : 35 <-- 0.098596 s
currentSize : 39 <-- 0.195196 s
currentSize : 44 <-- 0.205801 s
currentSize : 50 <-- 0.206018 s

maxsize : 50
nodes : 72942.000000
filtered : 888546.000000
time : 0.526155
