Parameters: GAD=1 vflib=1 dir=1 label=1 lowerbound=1 fileNameGp=../../cp2016-max-common-connected-subgraph-paper/datasets/graphsdb/mcs50/bvg/b03m/mcs50_b03m_s70.A06 fileNameGt=../../cp2016-max-common-connected-subgraph-paper/datasets/graphsdb/mcs50/bvg/b03m/mcs50_b03m_s70.B06
Reading graphs...
70 : 105
70 : 105
Initializing...
maxdom : 9
D->valSize : 341
Solving...
Blb : 2 (clique : 32)
currentSize : 32 <-- 0.003054 s
currentSize : 33 <-- 0.003261 s
currentSize : 34 <-- 0.003276 s
currentSize : 35 <-- 0.003361 s
currentSize : 36 <-- 0.003507 s
currentSize : 37 <-- 0.009325 s
currentSize : 38 <-- 0.010414 s
currentSize : 39 <-- 0.011407 s
currentSize : 40 <-- 0.023022 s

TIMEOUT
maxsize : 40
nodes : 210359432.000000
filtered : 1406124010.000000
time : 1000.000000
