Parameters: GAD=1 vflib=1 dir=1 label=1 lowerbound=1 fileNameGp=../../cp2016-max-common-connected-subgraph-paper/datasets/graphsdb/mcs50/m2D/m2Dr4/mcs50_m2Dr4_s100.A06 fileNameGt=../../cp2016-max-common-connected-subgraph-paper/datasets/graphsdb/mcs50/m2D/m2Dr4/mcs50_m2Dr4_s100.B06
Reading graphs...
100 : 220
100 : 220
Initializing...
maxdom : 5
D->valSize : 350
Solving...
Blb : 2 (clique : 42)
currentSize : 42 <-- 0.003711 s
currentSize : 44 <-- 0.186191 s
currentSize : 45 <-- 0.248323 s
currentSize : 47 <-- 1.114844 s
currentSize : 48 <-- 1.114988 s
currentSize : 49 <-- 1.125603 s
currentSize : 50 <-- 1.765524 s
currentSize : 51 <-- 1.778327 s
currentSize : 52 <-- 3.036696 s

TIMEOUT
maxsize : 52
nodes : 207946586.000000
filtered : 570646090.000000
time : 1000.000061
