Parameters: GAD=1 vflib=1 dir=1 label=1 lowerbound=1 fileNameGp=../../cp2016-max-common-connected-subgraph-paper/datasets/graphsdb/mcs50/bvg/b06/mcs50_b06_s100.A07 fileNameGt=../../cp2016-max-common-connected-subgraph-paper/datasets/graphsdb/mcs50/bvg/b06/mcs50_b06_s100.B07
Reading graphs...
100 : 300
100 : 300
Initializing...
maxdom : 8
D->valSize : 350
Solving...
Blb : 3 (clique : 38)
currentSize : 38 <-- 0.005852 s
currentSize : 39 <-- 0.048337 s
currentSize : 40 <-- 2.862141 s
currentSize : 41 <-- 79.153664 s
currentSize : 42 <-- 86.919617 s
currentSize : 43 <-- 132.033966 s
currentSize : 44 <-- 981.774414 s

TIMEOUT
maxsize : 44
nodes : 217248792.000000
filtered : 688876754.000000
time : 1000.000061
