Parameters: GAD=1 vflib=1 dir=1 label=1 lowerbound=1 fileNameGp=../../cp2016-max-common-connected-subgraph-paper/datasets/graphsdb/mcs50/m2D/m2Dr4/mcs50_m2Dr4_s60.A04 fileNameGt=../../cp2016-max-common-connected-subgraph-paper/datasets/graphsdb/mcs50/m2D/m2Dr4/mcs50_m2Dr4_s60.B04
Reading graphs...
60 : 128
60 : 127
Initializing...
maxdom : 7
D->valSize : 265
Solving...
Blb : 5 (clique : 20)
currentSize : 20 <-- 0.001948 s
currentSize : 21 <-- 0.002468 s
currentSize : 22 <-- 0.082367 s
currentSize : 23 <-- 3.059724 s
currentSize : 24 <-- 6.632823 s
currentSize : 25 <-- 8.013230 s
currentSize : 26 <-- 11.830884 s
currentSize : 27 <-- 26.683878 s

maxsize : 27
nodes : 21058069.000000
filtered : 197608154.000000
time : 97.058510
