Parameters: GAD=1 vflib=1 dir=1 label=1 lowerbound=1 fileNameGp=../../cp2016-max-common-connected-subgraph-paper/datasets/graphsdb/mcs50/bvg/b09m/mcs50_b09m_s100.A02 fileNameGt=../../cp2016-max-common-connected-subgraph-paper/datasets/graphsdb/mcs50/bvg/b09m/mcs50_b09m_s100.B02
Reading graphs...
100 : 450
100 : 450
Initializing...
maxdom : 7
D->valSize : 347
Solving...
Blb : 3 (clique : 33)
currentSize : 33 <-- 0.003415 s
currentSize : 34 <-- 0.005257 s
currentSize : 35 <-- 0.069222 s
currentSize : 36 <-- 0.069362 s
currentSize : 37 <-- 0.071772 s
currentSize : 38 <-- 0.073115 s
currentSize : 39 <-- 0.735079 s
currentSize : 41 <-- 0.735900 s
currentSize : 42 <-- 1.288239 s
currentSize : 43 <-- 1.289301 s
currentSize : 44 <-- 1.632264 s
currentSize : 45 <-- 1.643289 s
currentSize : 46 <-- 1.644407 s
currentSize : 47 <-- 4.585921 s
currentSize : 48 <-- 4.585986 s
currentSize : 49 <-- 4.586236 s
currentSize : 50 <-- 440.401367 s

TIMEOUT
maxsize : 50
nodes : 209303614.000000
filtered : 665530649.000000
time : 1000.000061
