Parameters: GAD=1 vflib=1 dir=1 label=1 lowerbound=1 fileNameGp=../../cp2016-max-common-connected-subgraph-paper/datasets/graphsdb/mcs50/m3D/m3D/mcs50_m3D_s60.A06 fileNameGt=../../cp2016-max-common-connected-subgraph-paper/datasets/graphsdb/mcs50/m3D/m3D/mcs50_m3D_s60.B06
Reading graphs...
60 : 134
60 : 134
Initializing...
maxdom : 6
D->valSize : 229
Solving...
Blb : 2 (clique : 19)
currentSize : 19 <-- 0.001566 s
currentSize : 20 <-- 0.001672 s
currentSize : 21 <-- 0.001732 s
currentSize : 22 <-- 0.013845 s
currentSize : 23 <-- 0.013988 s
currentSize : 24 <-- 3.479336 s
currentSize : 25 <-- 3.482575 s
currentSize : 26 <-- 5.296966 s
currentSize : 27 <-- 39.343113 s
currentSize : 28 <-- 56.108936 s

maxsize : 28
nodes : 20000981.000000
filtered : 132645146.000000
time : 79.730560
