Parameters: GAD=1 vflib=1 dir=1 label=1 lowerbound=1 fileNameGp=../../cp2016-max-common-connected-subgraph-paper/datasets/graphsdb/mcs50/bvg/b09m/mcs50_b09m_s70.A04 fileNameGt=../../cp2016-max-common-connected-subgraph-paper/datasets/graphsdb/mcs50/bvg/b09m/mcs50_b09m_s70.B04
Reading graphs...
70 : 315
70 : 315
Initializing...
maxdom : 7
D->valSize : 341
Solving...
Blb : 2 (clique : 22)
currentSize : 22 <-- 0.002862 s
currentSize : 24 <-- 0.003109 s
currentSize : 25 <-- 0.004885 s
currentSize : 26 <-- 0.029724 s
currentSize : 27 <-- 2.469753 s
currentSize : 30 <-- 2.756290 s
currentSize : 31 <-- 2.757260 s
currentSize : 32 <-- 4.657172 s
currentSize : 33 <-- 4.665851 s
currentSize : 34 <-- 7.972225 s

maxsize : 34
nodes : 6378416.000000
filtered : 28209729.000000
time : 26.554064
