Parameters: GAD=1 vflib=1 dir=1 label=1 lowerbound=1 fileNameGp=../../cp2016-max-common-connected-subgraph-paper/datasets/graphsdb/mcs50/rand/r01/mcs50_r01_s80.A05 fileNameGt=../../cp2016-max-common-connected-subgraph-paper/datasets/graphsdb/mcs50/rand/r01/mcs50_r01_s80.B05
Reading graphs...
80 : 631
80 : 631
Initializing...
maxdom : 9
D->valSize : 442
Solving...
Blb : 2 (clique : 13)
currentSize : 13 <-- 0.004066 s
currentSize : 14 <-- 0.004304 s
currentSize : 15 <-- 0.004637 s
currentSize : 17 <-- 0.004886 s
currentSize : 19 <-- 0.005852 s
currentSize : 20 <-- 0.019342 s
currentSize : 24 <-- 0.019419 s
currentSize : 25 <-- 0.061493 s
currentSize : 26 <-- 0.077159 s
currentSize : 29 <-- 0.077244 s
currentSize : 33 <-- 0.162043 s
currentSize : 40 <-- 0.208648 s

maxsize : 40
nodes : 69123.000000
filtered : 1250185.000000
time : 0.452287
