Parameters: GAD=1 vflib=1 dir=1 label=1 lowerbound=1 fileNameGp=../../cp2016-max-common-connected-subgraph-paper/datasets/graphsdb/mcs50/m2D/m2Dr4/mcs50_m2Dr4_s50.A07 fileNameGt=../../cp2016-max-common-connected-subgraph-paper/datasets/graphsdb/mcs50/m2D/m2Dr4/mcs50_m2Dr4_s50.B07
Reading graphs...
50 : 105
50 : 105
Initializing...
maxdom : 11
D->valSize : 342
Solving...
Blb : 2 (clique : 19)
currentSize : 19 <-- 0.004058 s
currentSize : 20 <-- 0.006090 s
currentSize : 21 <-- 0.429037 s
currentSize : 22 <-- 0.640464 s
currentSize : 23 <-- 12.552318 s
currentSize : 24 <-- 12.601180 s
currentSize : 25 <-- 12.841044 s
currentSize : 26 <-- 25.451584 s
currentSize : 27 <-- 30.705864 s

maxsize : 27
nodes : 8995254.000000
filtered : 118867723.000000
time : 39.827515
