Parameters: GAD=1 vflib=1 dir=1 label=1 lowerbound=1 fileNameGp=../../cp2016-max-common-connected-subgraph-paper/datasets/graphsdb/mcs50/rand/r01/mcs50_r01_s80.A09 fileNameGt=../../cp2016-max-common-connected-subgraph-paper/datasets/graphsdb/mcs50/rand/r01/mcs50_r01_s80.B09
Reading graphs...
80 : 631
80 : 631
Initializing...
maxdom : 11
D->valSize : 456
Solving...
Blb : 2 (clique : 11)
currentSize : 11 <-- 0.006493 s
currentSize : 12 <-- 0.006777 s
currentSize : 13 <-- 0.006956 s
currentSize : 14 <-- 0.007439 s
currentSize : 17 <-- 0.007547 s
currentSize : 19 <-- 0.008119 s
currentSize : 21 <-- 0.018689 s
currentSize : 22 <-- 0.020249 s
currentSize : 27 <-- 0.020428 s
currentSize : 28 <-- 0.151968 s
currentSize : 30 <-- 0.239464 s
currentSize : 40 <-- 0.241495 s

maxsize : 40
nodes : 68069.000000
filtered : 1335564.000000
time : 0.471489
