Parameters: GAD=1 vflib=1 dir=1 label=1 lowerbound=1 fileNameGp=../../cp2016-max-common-connected-subgraph-paper/datasets/graphsdb/mcs50/rand/r005/mcs50_r005_s60.A08 fileNameGt=../../cp2016-max-common-connected-subgraph-paper/datasets/graphsdb/mcs50/rand/r005/mcs50_r005_s60.B08
Reading graphs...
60 : 176
60 : 176
Initializing...
maxdom : 7
D->valSize : 260
Solving...
Blb : 2 (clique : 18)
currentSize : 18 <-- 0.002730 s
currentSize : 19 <-- 0.003984 s
currentSize : 20 <-- 0.005791 s
currentSize : 21 <-- 0.009657 s
currentSize : 22 <-- 0.014544 s
currentSize : 23 <-- 0.014618 s
currentSize : 24 <-- 0.014864 s
currentSize : 25 <-- 0.015720 s
currentSize : 26 <-- 0.036722 s
currentSize : 27 <-- 0.043977 s
currentSize : 28 <-- 0.044196 s
currentSize : 30 <-- 0.571112 s

maxsize : 30
nodes : 578897.000000
filtered : 4871472.000000
time : 2.650492
