Parameters: GAD=1 vflib=1 dir=1 label=1 lowerbound=1 fileNameGp=../../cp2016-max-common-connected-subgraph-paper/datasets/graphsdb/mcs50/m2D/m2D/mcs50_m2D_s90.A04 fileNameGt=../../cp2016-max-common-connected-subgraph-paper/datasets/graphsdb/mcs50/m2D/m2D/mcs50_m2D_s90.B04
Reading graphs...
90 : 161
90 : 161
Initializing...
maxdom : 9
D->valSize : 542
Solving...
Blb : 2 (clique : 42)
currentSize : 42 <-- 0.006310 s
currentSize : 43 <-- 0.006811 s
currentSize : 44 <-- 0.041153 s
currentSize : 46 <-- 0.157122 s
currentSize : 48 <-- 0.175495 s
currentSize : 49 <-- 69.728966 s
currentSize : 50 <-- 69.729622 s
currentSize : 51 <-- 69.744492 s
currentSize : 52 <-- 70.489090 s
currentSize : 53 <-- 70.492844 s

TIMEOUT
maxsize : 53
nodes : 189739592.000000
filtered : 1050096431.000000
time : 1000.000061
