Parameters: GAD=1 vflib=1 dir=1 label=1 lowerbound=1 fileNameGp=../../cp2016-max-common-connected-subgraph-paper/datasets/graphsdb/mcs50/bvg/b06/mcs50_b06_s60.A01 fileNameGt=../../cp2016-max-common-connected-subgraph-paper/datasets/graphsdb/mcs50/bvg/b06/mcs50_b06_s60.B01
Reading graphs...
60 : 180
60 : 180
Initializing...
maxdom : 7
D->valSize : 253
Solving...
Blb : 2 (clique : 21)
currentSize : 21 <-- 0.002612 s
currentSize : 22 <-- 0.024084 s
currentSize : 23 <-- 0.333375 s
currentSize : 24 <-- 0.333417 s
currentSize : 25 <-- 0.333927 s
currentSize : 26 <-- 0.334271 s
currentSize : 27 <-- 0.334341 s
currentSize : 28 <-- 0.334893 s
currentSize : 29 <-- 0.334945 s
currentSize : 30 <-- 0.665530 s
currentSize : 31 <-- 2.052692 s

maxsize : 31
nodes : 944410.000000
filtered : 4881542.000000
time : 3.839479
