Parameters: GAD=1 vflib=1 dir=1 label=1 lowerbound=1 fileNameGp=../../cp2016-max-common-connected-subgraph-paper/datasets/graphsdb/mcs50/m2D/m2Dr4/mcs50_m2Dr4_s50.A09 fileNameGt=../../cp2016-max-common-connected-subgraph-paper/datasets/graphsdb/mcs50/m2D/m2Dr4/mcs50_m2Dr4_s50.B09
Reading graphs...
50 : 105
50 : 105
Initializing...
maxdom : 9
D->valSize : 346
Solving...
Blb : 2 (clique : 17)
currentSize : 17 <-- 0.004105 s
currentSize : 18 <-- 0.004253 s
currentSize : 19 <-- 0.005653 s
currentSize : 20 <-- 0.012528 s
currentSize : 21 <-- 13.897976 s
currentSize : 22 <-- 21.962198 s
currentSize : 23 <-- 26.477247 s
currentSize : 24 <-- 31.228771 s
currentSize : 25 <-- 44.516136 s
currentSize : 26 <-- 44.524189 s
currentSize : 27 <-- 44.524296 s

maxsize : 27
nodes : 13230299.000000
filtered : 150961145.000000
time : 54.727375
