Parameters: GAD=1 vflib=1 dir=1 label=1 lowerbound=1 fileNameGp=../../cp2016-max-common-connected-subgraph-paper/datasets/graphsdb/mcs50/m2D/m2Dr4/mcs50_m2Dr4_s90.A06 fileNameGt=../../cp2016-max-common-connected-subgraph-paper/datasets/graphsdb/mcs50/m2D/m2Dr4/mcs50_m2Dr4_s90.B06
Reading graphs...
90 : 197
90 : 197
Initializing...
maxdom : 9
D->valSize : 552
Solving...
Blb : 2 (clique : 43)
currentSize : 43 <-- 0.006343 s
currentSize : 47 <-- 0.006653 s
currentSize : 48 <-- 0.007377 s
currentSize : 49 <-- 3.838839 s
currentSize : 50 <-- 50.079456 s
currentSize : 51 <-- 58.806545 s

TIMEOUT
maxsize : 51
nodes : 251240326.000000
filtered : 487452839.000000
time : 1000.000061
