Parameters: GAD=1 vflib=1 dir=1 label=1 lowerbound=1 fileNameGp=../../cp2016-max-common-connected-subgraph-paper/datasets/graphsdb/mcs50/rand/r005/mcs50_r005_s70.A07 fileNameGt=../../cp2016-max-common-connected-subgraph-paper/datasets/graphsdb/mcs50/rand/r005/mcs50_r005_s70.B07
Reading graphs...
70 : 240
70 : 240
Initializing...
maxdom : 12
D->valSize : 378
Solving...
Blb : 2 (clique : 22)
currentSize : 22 <-- 0.003134 s
currentSize : 26 <-- 0.003294 s
currentSize : 27 <-- 0.003533 s
currentSize : 28 <-- 0.004138 s
currentSize : 29 <-- 0.004194 s
currentSize : 31 <-- 0.005452 s
currentSize : 33 <-- 0.005514 s
currentSize : 34 <-- 1.912738 s
currentSize : 36 <-- 1.912818 s

maxsize : 36
nodes : 712445.000000
filtered : 9019576.000000
time : 3.998616
