Parameters: GAD=1 vflib=1 dir=1 label=1 lowerbound=1 fileNameGp=../../cp2016-max-common-connected-subgraph-paper/datasets/graphsdb/mcs50/m2D/m2Dr2/mcs50_m2Dr2_s60.A00 fileNameGt=../../cp2016-max-common-connected-subgraph-paper/datasets/graphsdb/mcs50/m2D/m2Dr2/mcs50_m2Dr2_s60.B00
Reading graphs...
60 : 116
60 : 116
Initializing...
maxdom : 5
D->valSize : 238
Solving...
Blb : 2 (clique : 22)
currentSize : 22 <-- 0.001605 s
currentSize : 23 <-- 0.002417 s
currentSize : 24 <-- 0.003777 s
currentSize : 25 <-- 0.010768 s
currentSize : 26 <-- 0.039911 s
currentSize : 27 <-- 0.051106 s
currentSize : 28 <-- 3.105824 s
currentSize : 29 <-- 3.120485 s

maxsize : 29
nodes : 28563159.000000
filtered : 169689052.000000
time : 118.946075
