Parameters: GAD=1 vflib=1 dir=1 label=1 lowerbound=1 fileNameGp=../../cp2016-max-common-connected-subgraph-paper/datasets/graphsdb/mcs50/m2D/m2Dr4/mcs50_m2Dr4_s70.A04 fileNameGt=../../cp2016-max-common-connected-subgraph-paper/datasets/graphsdb/mcs50/m2D/m2Dr4/mcs50_m2Dr4_s70.B04
Reading graphs...
70 : 151
70 : 147
Initializing...
maxdom : 11
D->valSize : 359
Solving...
Blb : 2 (clique : 28)
currentSize : 28 <-- 0.004161 s
currentSize : 29 <-- 0.004443 s
currentSize : 30 <-- 0.012044 s
currentSize : 31 <-- 0.101820 s
currentSize : 33 <-- 0.103260 s
currentSize : 34 <-- 0.103447 s
currentSize : 36 <-- 11.220366 s
currentSize : 37 <-- 11.220540 s
currentSize : 38 <-- 11.220967 s
currentSize : 39 <-- 38.707561 s

maxsize : 39
nodes : 22800477.000000
filtered : 151051762.000000
time : 103.445938
