Parameters: GAD=1 vflib=1 dir=1 label=1 lowerbound=1 fileNameGp=../../cp2016-max-common-connected-subgraph-paper/datasets/graphsdb/mcs50/m2D/m2D/mcs50_m2D_s100.A03 fileNameGt=../../cp2016-max-common-connected-subgraph-paper/datasets/graphsdb/mcs50/m2D/m2D/mcs50_m2D_s100.B03
Reading graphs...
100 : 180
100 : 180
Initializing...
maxdom : 7
D->valSize : 397
Solving...
Blb : 2 (clique : 38)
currentSize : 38 <-- 0.004122 s
currentSize : 39 <-- 0.005663 s
currentSize : 40 <-- 0.043844 s
currentSize : 41 <-- 0.376663 s
currentSize : 42 <-- 157.182556 s
currentSize : 43 <-- 665.117249 s

TIMEOUT
maxsize : 43
nodes : 212453400.000000
filtered : 934583662.000000
time : 1000.000061
