Parameters: GAD=1 vflib=1 dir=1 label=1 lowerbound=1 fileNameGp=../../cp2016-max-common-connected-subgraph-paper/datasets/graphsdb/mcs50/rand/r01/mcs50_r01_s35.A01 fileNameGt=../../cp2016-max-common-connected-subgraph-paper/datasets/graphsdb/mcs50/rand/r01/mcs50_r01_s35.B01
Reading graphs...
35 : 118
35 : 118
Initializing...
maxdom : 6
D->valSize : 159
Solving...
Blb : 2 (clique : 8)
currentSize : 8 <-- 0.000808 s
currentSize : 9 <-- 0.001155 s
currentSize : 10 <-- 0.001186 s
currentSize : 11 <-- 0.001362 s
currentSize : 12 <-- 0.008506 s
currentSize : 13 <-- 0.009455 s
currentSize : 14 <-- 0.010075 s
currentSize : 16 <-- 0.014814 s
currentSize : 17 <-- 0.022265 s

maxsize : 17
nodes : 12477.000000
filtered : 138668.000000
time : 0.043071
