Parameters: GAD=1 vflib=1 dir=1 label=1 lowerbound=1 fileNameGp=../../cp2016-max-common-connected-subgraph-paper/datasets/graphsdb/mcs50/rand/r005/mcs50_r005_s80.A01 fileNameGt=../../cp2016-max-common-connected-subgraph-paper/datasets/graphsdb/mcs50/rand/r005/mcs50_r005_s80.B01
Reading graphs...
80 : 315
80 : 315
Initializing...
maxdom : 9
D->valSize : 428
Solving...
Blb : 2 (clique : 21)
currentSize : 21 <-- 0.004359 s
currentSize : 22 <-- 0.121246 s
currentSize : 23 <-- 0.130925 s
currentSize : 24 <-- 76.594902 s
currentSize : 25 <-- 76.595512 s
currentSize : 26 <-- 126.148697 s
currentSize : 27 <-- 304.986603 s
currentSize : 28 <-- 319.360107 s
currentSize : 29 <-- 340.181244 s
currentSize : 30 <-- 348.126953 s
currentSize : 31 <-- 349.312927 s
currentSize : 32 <-- 360.123901 s
currentSize : 34 <-- 360.124023 s
currentSize : 35 <-- 373.757507 s
currentSize : 40 <-- 401.156799 s

maxsize : 40
nodes : 80887337.000000
filtered : 763364193.000000
time : 421.415039
