Parameters: GAD=1 vflib=1 dir=1 label=1 lowerbound=1 fileNameGp=../../cp2016-max-common-connected-subgraph-paper/datasets/graphsdb/mcs50/bvg/b06/mcs50_b06_s60.A09 fileNameGt=../../cp2016-max-common-connected-subgraph-paper/datasets/graphsdb/mcs50/bvg/b06/mcs50_b06_s60.B09
Reading graphs...
60 : 180
60 : 180
Initializing...
maxdom : 6
D->valSize : 243
Solving...
Blb : 2 (clique : 21)
currentSize : 21 <-- 0.001613 s
currentSize : 22 <-- 0.005607 s
currentSize : 23 <-- 0.011272 s
currentSize : 25 <-- 0.011391 s
currentSize : 26 <-- 0.011426 s
currentSize : 28 <-- 0.011930 s
currentSize : 29 <-- 0.011971 s
currentSize : 30 <-- 0.014666 s

maxsize : 30
nodes : 521654.000000
filtered : 3776038.000000
time : 2.289520
