Parameters: GAD=1 vflib=1 dir=1 label=1 lowerbound=1 fileNameGp=../../cp2016-max-common-connected-subgraph-paper/datasets/graphsdb/mcs50/bvg/b09/mcs50_b09_s90.A06 fileNameGt=../../cp2016-max-common-connected-subgraph-paper/datasets/graphsdb/mcs50/bvg/b09/mcs50_b09_s90.B06
Reading graphs...
90 : 405
90 : 405
Initializing...
maxdom : 11
D->valSize : 555
Solving...
Blb : 3 (clique : 31)
currentSize : 31 <-- 0.006162 s
currentSize : 32 <-- 50.691601 s
currentSize : 33 <-- 50.765087 s
currentSize : 34 <-- 52.871620 s
currentSize : 35 <-- 85.174347 s
currentSize : 36 <-- 85.429314 s
currentSize : 39 <-- 159.983902 s
currentSize : 40 <-- 159.984207 s
currentSize : 41 <-- 159.998947 s
currentSize : 42 <-- 159.999008 s
currentSize : 43 <-- 160.289734 s
currentSize : 44 <-- 160.318207 s

maxsize : 44
nodes : 189352277.000000
filtered : 1046080260.000000
time : 920.197205
