Parameters: GAD=1 vflib=1 dir=1 label=1 lowerbound=1 fileNameGp=../../cp2016-max-common-connected-subgraph-paper/datasets/graphsdb/mcs70/bvg/b09/mcs70_b09_s80.A01 fileNameGt=../../cp2016-max-common-connected-subgraph-paper/datasets/graphsdb/mcs70/bvg/b09/mcs70_b09_s80.B01
Reading graphs...
80 : 360
80 : 360
Initializing...
maxdom : 8
D->valSize : 439
Solving...
Blb : 2 (clique : 18)
currentSize : 18 <-- 0.006753 s
currentSize : 20 <-- 0.039001 s
currentSize : 21 <-- 0.039174 s
currentSize : 22 <-- 0.099446 s
currentSize : 23 <-- 1.187031 s
currentSize : 24 <-- 1.187114 s
currentSize : 25 <-- 1.680278 s
currentSize : 27 <-- 1.682171 s
currentSize : 31 <-- 1.682276 s
currentSize : 33 <-- 5.857297 s
currentSize : 38 <-- 5.857400 s
currentSize : 39 <-- 5.857823 s
currentSize : 41 <-- 6.021807 s
currentSize : 42 <-- 6.022234 s
currentSize : 43 <-- 7.975252 s
currentSize : 45 <-- 7.975429 s
currentSize : 50 <-- 7.977211 s
currentSize : 52 <-- 7.977348 s
currentSize : 56 <-- 7.977677 s

maxsize : 56
nodes : 1760807.000000
filtered : 13047984.000000
time : 9.188117
