Parameters: GAD=1 vflib=1 dir=1 label=1 lowerbound=1 fileNameGp=../../cp2016-max-common-connected-subgraph-paper/datasets/graphsdb/mcs70/m3D/m3Dr6/mcs70_m3Dr6_s90.A01 fileNameGt=../../cp2016-max-common-connected-subgraph-paper/datasets/graphsdb/mcs70/m3D/m3Dr6/mcs70_m3Dr6_s90.B01
Reading graphs...
90 : 263
90 : 263
Initializing...
maxdom : 11
D->valSize : 621
Solving...
Blb : 2 (clique : 30)
currentSize : 30 <-- 0.012670 s
currentSize : 31 <-- 1.931341 s
currentSize : 32 <-- 8.713026 s
currentSize : 33 <-- 17.935345 s
currentSize : 34 <-- 17.941160 s
currentSize : 36 <-- 31.385576 s
currentSize : 37 <-- 33.404350 s
currentSize : 38 <-- 38.448223 s
currentSize : 40 <-- 59.749840 s
currentSize : 46 <-- 74.868065 s
currentSize : 47 <-- 101.395584 s
currentSize : 48 <-- 107.870911 s
currentSize : 49 <-- 136.613312 s
currentSize : 50 <-- 141.964981 s
currentSize : 51 <-- 180.245712 s
currentSize : 53 <-- 193.406082 s
currentSize : 54 <-- 230.793884 s
currentSize : 55 <-- 345.588104 s
currentSize : 56 <-- 385.116089 s
currentSize : 64 <-- 407.484344 s

maxsize : 64
nodes : 83584421.000000
filtered : 724406183.000000
time : 466.637299
