Parameters: GAD=1 vflib=1 dir=1 label=1 lowerbound=1 fileNameGp=../../cp2016-max-common-connected-subgraph-paper/datasets/graphsdb/mcs70/m2D/m2Dr2/mcs70_m2Dr2_s90.A09 fileNameGt=../../cp2016-max-common-connected-subgraph-paper/datasets/graphsdb/mcs70/m2D/m2Dr2/mcs70_m2Dr2_s90.B09
Reading graphs...
90 : 179
90 : 178
Initializing...
maxdom : 11
D->valSize : 583
Solving...
Blb : 2 (clique : 49)
currentSize : 49 <-- 0.007288 s
currentSize : 50 <-- 0.007648 s
currentSize : 52 <-- 0.008838 s
currentSize : 54 <-- 0.008906 s
currentSize : 55 <-- 0.008978 s
currentSize : 56 <-- 0.014181 s
currentSize : 58 <-- 0.019322 s
currentSize : 59 <-- 0.022764 s
currentSize : 60 <-- 0.388932 s
currentSize : 63 <-- 0.390746 s
currentSize : 64 <-- 0.391423 s

maxsize : 64
nodes : 183306607.000000
filtered : 1037258123.000000
time : 940.975952
