Parameters: GAD=1 vflib=1 dir=1 label=1 lowerbound=1 fileNameGp=../../cp2016-max-common-connected-subgraph-paper/datasets/graphsdb/mcs70/rand/r001/mcs70_r001_s100.A06 fileNameGt=../../cp2016-max-common-connected-subgraph-paper/datasets/graphsdb/mcs70/rand/r001/mcs70_r001_s100.B06
Reading graphs...
100 : 120
100 : 120
Initializing...
maxdom : 8
D->valSize : 371
Solving...
Blb : 2 (clique : 56)
currentSize : 56 <-- 0.004488 s
currentSize : 57 <-- 0.004872 s
currentSize : 58 <-- 0.004995 s
currentSize : 59 <-- 0.005642 s
currentSize : 60 <-- 0.005818 s
currentSize : 61 <-- 0.006363 s
currentSize : 62 <-- 0.006682 s
currentSize : 63 <-- 26.157827 s
currentSize : 64 <-- 26.158344 s

TIMEOUT
maxsize : 64
nodes : 187984818.000000
filtered : 762116353.000000
time : 1000.000061
