Parameters: GAD=1 vflib=1 dir=1 label=1 lowerbound=1 fileNameGp=../../cp2016-max-common-connected-subgraph-paper/datasets/graphsdb/mcs70/bvg/b09/mcs70_b09_s90.A08 fileNameGt=../../cp2016-max-common-connected-subgraph-paper/datasets/graphsdb/mcs70/bvg/b09/mcs70_b09_s90.B08
Reading graphs...
90 : 405
90 : 405
Initializing...
maxdom : 10
D->valSize : 537
Solving...
Blb : 3 (clique : 34)
currentSize : 34 <-- 0.005999 s
currentSize : 35 <-- 1.642921 s
currentSize : 37 <-- 2.223975 s
currentSize : 41 <-- 3.497135 s
currentSize : 43 <-- 3.983210 s
currentSize : 52 <-- 4.785069 s
currentSize : 56 <-- 4.787814 s
currentSize : 57 <-- 5.409319 s
currentSize : 62 <-- 5.410090 s

maxsize : 62
nodes : 1014599.000000
filtered : 10230595.000000
time : 6.075345
