Parameters: GAD=1 vflib=1 dir=1 label=1 lowerbound=1 fileNameGp=../../cp2016-max-common-connected-subgraph-paper/datasets/graphsdb/mcs70/bvg/b03/mcs70_b03_s90.A03 fileNameGt=../../cp2016-max-common-connected-subgraph-paper/datasets/graphsdb/mcs70/bvg/b03/mcs70_b03_s90.B03
Reading graphs...
90 : 135
90 : 135
Initializing...
maxdom : 10
D->valSize : 577
Solving...
Blb : 2 (clique : 56)
currentSize : 56 <-- 0.007215 s
currentSize : 57 <-- 174.496414 s
currentSize : 58 <-- 174.496475 s
currentSize : 59 <-- 174.535751 s
currentSize : 60 <-- 174.535797 s
currentSize : 61 <-- 550.190979 s

TIMEOUT
maxsize : 61
nodes : 160349441.000000
filtered : 1221747138.000000
time : 1000.000061
