Parameters: GAD=1 vflib=1 dir=1 label=1 lowerbound=1 fileNameGp=../../cp2016-max-common-connected-subgraph-paper/datasets/graphsdb/mcs70/m3D/m3D/mcs70_m3D_s100.A08 fileNameGt=../../cp2016-max-common-connected-subgraph-paper/datasets/graphsdb/mcs70/m3D/m3D/mcs70_m3D_s100.B08
Reading graphs...
100 : 235
100 : 235
Initializing...
maxdom : 7
D->valSize : 389
Solving...
Blb : 2 (clique : 43)
currentSize : 43 <-- 0.004120 s
currentSize : 45 <-- 0.079960 s
currentSize : 46 <-- 0.080061 s
currentSize : 47 <-- 0.082151 s
currentSize : 49 <-- 0.132152 s
currentSize : 52 <-- 0.132326 s
currentSize : 53 <-- 0.132723 s
currentSize : 54 <-- 0.167505 s
currentSize : 55 <-- 0.167933 s
currentSize : 56 <-- 0.169611 s
currentSize : 57 <-- 0.467083 s
currentSize : 58 <-- 0.467319 s
currentSize : 59 <-- 0.516833 s
currentSize : 60 <-- 0.517712 s
currentSize : 61 <-- 0.517916 s
currentSize : 62 <-- 1.377377 s
currentSize : 64 <-- 1.414849 s

maxsize : 64
nodes : 6808081.000000
filtered : 27137986.000000
time : 36.278988
