Parameters: GAD=1 vflib=1 dir=1 label=1 lowerbound=1 fileNameGp=../../cp2016-max-common-connected-subgraph-paper/datasets/graphsdb/mcs70/bvg/b03/mcs70_b03_s80.A05 fileNameGt=../../cp2016-max-common-connected-subgraph-paper/datasets/graphsdb/mcs70/bvg/b03/mcs70_b03_s80.B05
Reading graphs...
80 : 120
80 : 120
Initializing...
maxdom : 11
D->valSize : 437
Solving...
Blb : 2 (clique : 35)
currentSize : 35 <-- 0.007382 s
currentSize : 36 <-- 0.043111 s
currentSize : 37 <-- 0.100527 s
currentSize : 38 <-- 5.076859 s
currentSize : 39 <-- 5.078809 s
currentSize : 40 <-- 19.216457 s
currentSize : 41 <-- 19.216536 s
currentSize : 42 <-- 35.309887 s
currentSize : 43 <-- 35.367359 s
currentSize : 44 <-- 35.367401 s
currentSize : 45 <-- 36.683891 s
currentSize : 46 <-- 60.754971 s
currentSize : 48 <-- 97.080109 s
currentSize : 50 <-- 118.690460 s
currentSize : 52 <-- 180.436707 s
currentSize : 53 <-- 238.612076 s
currentSize : 54 <-- 246.578110 s
currentSize : 58 <-- 246.585403 s

maxsize : 58
nodes : 68489015.000000
filtered : 381573240.000000
time : 340.610168
