Parameters: GAD=1 vflib=1 dir=1 label=1 lowerbound=1 fileNameGp=../../cp2016-max-common-connected-subgraph-paper/datasets/graphsdb/mcs70/m3D/m3Dr4/mcs70_m3Dr4_s100.A06 fileNameGt=../../cp2016-max-common-connected-subgraph-paper/datasets/graphsdb/mcs70/m3D/m3Dr4/mcs70_m3Dr4_s100.B06
Reading graphs...
100 : 275
100 : 275
Initializing...
maxdom : 9
D->valSize : 429
Solving...
Blb : 2 (clique : 35)
currentSize : 35 <-- 0.004801 s
currentSize : 36 <-- 0.005109 s
currentSize : 41 <-- 0.048669 s
currentSize : 42 <-- 0.048746 s
currentSize : 43 <-- 0.051155 s
currentSize : 44 <-- 0.095409 s
currentSize : 46 <-- 0.884611 s
currentSize : 47 <-- 0.884848 s
currentSize : 48 <-- 0.913069 s
currentSize : 49 <-- 1.629241 s
currentSize : 50 <-- 1.657570 s
currentSize : 51 <-- 1.701107 s
currentSize : 52 <-- 1.701479 s
currentSize : 53 <-- 1.735153 s
currentSize : 55 <-- 17.420824 s
currentSize : 56 <-- 34.204304 s
currentSize : 57 <-- 68.503387 s
currentSize : 58 <-- 88.054771 s
currentSize : 59 <-- 198.615204 s
currentSize : 60 <-- 198.618073 s
currentSize : 61 <-- 308.533508 s
currentSize : 62 <-- 308.539490 s

TIMEOUT
maxsize : 62
nodes : 203343857.000000
filtered : 826111340.000000
time : 1000.000122
