Parameters: GAD=1 vflib=1 dir=1 label=1 lowerbound=1 fileNameGp=../../cp2016-max-common-connected-subgraph-paper/datasets/graphsdb/mcs70/bvg/b09/mcs70_b09_s80.A03 fileNameGt=../../cp2016-max-common-connected-subgraph-paper/datasets/graphsdb/mcs70/bvg/b09/mcs70_b09_s80.B03
Reading graphs...
80 : 360
80 : 360
Initializing...
maxdom : 8
D->valSize : 429
Solving...
Blb : 2 (clique : 32)
currentSize : 32 <-- 0.004043 s
currentSize : 33 <-- 0.004250 s
currentSize : 34 <-- 0.004486 s
currentSize : 40 <-- 0.004940 s
currentSize : 41 <-- 0.005247 s
currentSize : 42 <-- 0.006220 s
currentSize : 43 <-- 0.010002 s
currentSize : 48 <-- 0.010099 s
currentSize : 50 <-- 0.010284 s
currentSize : 53 <-- 0.011155 s
currentSize : 56 <-- 0.017332 s

maxsize : 56
nodes : 1823233.000000
filtered : 14645576.000000
time : 9.206202
