Parameters: GAD=1 vflib=1 dir=1 label=1 lowerbound=1 fileNameGp=../../cp2016-max-common-connected-subgraph-paper/datasets/graphsdb/mcs70/m3D/m3Dr4/mcs70_m3Dr4_s90.A00 fileNameGt=../../cp2016-max-common-connected-subgraph-paper/datasets/graphsdb/mcs70/m3D/m3Dr4/mcs70_m3Dr4_s90.B00
Reading graphs...
90 : 245
90 : 245
Initializing...
maxdom : 10
D->valSize : 560
Solving...
Blb : 3 (clique : 43)
currentSize : 43 <-- 0.006887 s
currentSize : 44 <-- 0.008828 s
currentSize : 47 <-- 0.321923 s
currentSize : 48 <-- 0.321982 s
currentSize : 49 <-- 0.322104 s
currentSize : 50 <-- 14.556027 s
currentSize : 51 <-- 14.566900 s
currentSize : 52 <-- 29.613983 s
currentSize : 53 <-- 29.614044 s
currentSize : 54 <-- 29.616867 s
currentSize : 55 <-- 29.619112 s
currentSize : 56 <-- 99.117088 s
currentSize : 57 <-- 203.855042 s
currentSize : 59 <-- 203.856079 s
currentSize : 60 <-- 203.856140 s
currentSize : 61 <-- 329.995575 s
currentSize : 64 <-- 330.003143 s

maxsize : 64
nodes : 88961791.000000
filtered : 532651087.000000
time : 471.298340
