Parameters: GAD=1 vflib=1 dir=1 label=1 lowerbound=1 fileNameGp=../../cp2016-max-common-connected-subgraph-paper/datasets/graphsdb/mcs70/m2D/m2Dr2/mcs70_m2Dr2_s100.A08 fileNameGt=../../cp2016-max-common-connected-subgraph-paper/datasets/graphsdb/mcs70/m2D/m2Dr2/mcs70_m2Dr2_s100.B08
Reading graphs...
100 : 200
100 : 199
Initializing...
maxdom : 7
D->valSize : 349
Solving...
Blb : 2 (clique : 38)
currentSize : 38 <-- 0.003785 s
currentSize : 39 <-- 0.004277 s
currentSize : 40 <-- 0.004309 s
currentSize : 41 <-- 0.031959 s
currentSize : 42 <-- 0.032483 s
currentSize : 43 <-- 0.032576 s
currentSize : 44 <-- 0.135819 s
currentSize : 45 <-- 0.171305 s
currentSize : 46 <-- 0.171450 s
currentSize : 47 <-- 2.694958 s
currentSize : 49 <-- 695.576294 s
currentSize : 50 <-- 695.576477 s
currentSize : 51 <-- 697.403625 s

TIMEOUT
maxsize : 51
nodes : 214838160.000000
filtered : 693906435.000000
time : 1000.000061
