Parameters: GAD=1 vflib=1 dir=1 label=1 lowerbound=1 fileNameGp=../../cp2016-max-common-connected-subgraph-paper/datasets/graphsdb/mcs70/rand/r005/mcs70_r005_s60.A07 fileNameGt=../../cp2016-max-common-connected-subgraph-paper/datasets/graphsdb/mcs70/rand/r005/mcs70_r005_s60.B07
Reading graphs...
60 : 176
60 : 176
Initializing...
maxdom : 9
D->valSize : 292
Solving...
Blb : 2 (clique : 32)
currentSize : 32 <-- 0.002313 s
currentSize : 33 <-- 0.006531 s
currentSize : 36 <-- 0.132669 s
currentSize : 38 <-- 0.132743 s
currentSize : 39 <-- 0.132913 s
currentSize : 40 <-- 0.148553 s
currentSize : 42 <-- 0.148970 s

maxsize : 42
nodes : 39633.000000
filtered : 335427.000000
time : 0.177142
