Parameters: GAD=1 vflib=1 dir=1 label=1 lowerbound=1 fileNameGp=../../cp2016-max-common-connected-subgraph-paper/datasets/graphsdb/mcs70/m2D/m2Dr6/mcs70_m2Dr6_s70.A03 fileNameGt=../../cp2016-max-common-connected-subgraph-paper/datasets/graphsdb/mcs70/m2D/m2Dr6/mcs70_m2Dr6_s70.B03
Reading graphs...
70 : 165
70 : 164
Initializing...
maxdom : 9
D->valSize : 376
Solving...
Blb : 2 (clique : 27)
currentSize : 27 <-- 0.003403 s
currentSize : 28 <-- 0.197647 s
currentSize : 29 <-- 0.302549 s
currentSize : 30 <-- 0.566518 s
currentSize : 31 <-- 0.617186 s
currentSize : 32 <-- 0.617218 s
currentSize : 36 <-- 1.028768 s
currentSize : 37 <-- 3.120092 s
currentSize : 38 <-- 10.400868 s
currentSize : 40 <-- 14.444238 s
currentSize : 41 <-- 14.449181 s
currentSize : 44 <-- 18.024561 s
currentSize : 45 <-- 21.692253 s
currentSize : 47 <-- 21.692499 s
currentSize : 49 <-- 21.693895 s

maxsize : 49
nodes : 6245179.000000
filtered : 27065663.000000
time : 25.219627
