Parameters: GAD=1 vflib=1 dir=1 label=1 lowerbound=1 fileNameGp=../../cp2016-max-common-connected-subgraph-paper/datasets/graphsdb/mcs70/bvg/b09/mcs70_b09_s70.A06 fileNameGt=../../cp2016-max-common-connected-subgraph-paper/datasets/graphsdb/mcs70/bvg/b09/mcs70_b09_s70.B06
Reading graphs...
70 : 315
70 : 315
Initializing...
maxdom : 9
D->valSize : 362
Solving...
Blb : 3 (clique : 17)
currentSize : 17 <-- 0.004652 s
currentSize : 18 <-- 0.004900 s
currentSize : 19 <-- 0.004941 s
currentSize : 22 <-- 0.006292 s
currentSize : 24 <-- 0.006400 s
currentSize : 26 <-- 0.030685 s
currentSize : 27 <-- 0.059907 s
currentSize : 28 <-- 0.059998 s
currentSize : 32 <-- 0.087542 s
currentSize : 37 <-- 0.122989 s
currentSize : 38 <-- 0.158738 s
currentSize : 42 <-- 0.257785 s
currentSize : 45 <-- 0.257933 s
currentSize : 48 <-- 0.292271 s

maxsize : 48
nodes : 69632.000000
filtered : 666871.000000
time : 0.407438
