Parameters: GAD=1 vflib=1 dir=1 label=1 lowerbound=1 fileNameGp=../../cp2016-max-common-connected-subgraph-paper/datasets/graphsdb/mcs70/m3D/m3D/mcs70_m3D_s40.A09 fileNameGt=../../cp2016-max-common-connected-subgraph-paper/datasets/graphsdb/mcs70/m3D/m3D/mcs70_m3D_s40.B09
Reading graphs...
40 : 84
40 : 84
Initializing...
maxdom : 7
D->valSize : 214
Solving...
Blb : 2 (clique : 14)
currentSize : 14 <-- 0.001245 s
currentSize : 15 <-- 0.001359 s
currentSize : 16 <-- 0.003814 s
currentSize : 18 <-- 0.026455 s
currentSize : 19 <-- 0.037573 s
currentSize : 21 <-- 0.037616 s
currentSize : 22 <-- 0.064284 s
currentSize : 23 <-- 0.064447 s
currentSize : 27 <-- 0.082863 s

maxsize : 27
nodes : 26951.000000
filtered : 198933.000000
time : 0.089440
