Parameters: GAD=1 vflib=1 dir=1 label=1 lowerbound=1 fileNameGp=../../cp2016-max-common-connected-subgraph-paper/datasets/graphsdb/mcs70/m2D/m2Dr4/mcs70_m2Dr4_s100.A09 fileNameGt=../../cp2016-max-common-connected-subgraph-paper/datasets/graphsdb/mcs70/m2D/m2Dr4/mcs70_m2Dr4_s100.B09
Reading graphs...
100 : 220
100 : 220
Initializing...
maxdom : 8
D->valSize : 372
Solving...
Blb : 2 (clique : 48)
currentSize : 48 <-- 0.003875 s
currentSize : 49 <-- 0.005497 s
currentSize : 50 <-- 0.005591 s
currentSize : 51 <-- 0.015078 s
currentSize : 52 <-- 0.015235 s
currentSize : 53 <-- 1.786874 s
currentSize : 54 <-- 1.787122 s
currentSize : 55 <-- 1.851625 s
currentSize : 56 <-- 1.852067 s
currentSize : 57 <-- 2.145365 s
currentSize : 58 <-- 2.157864 s
currentSize : 59 <-- 15.584438 s
currentSize : 61 <-- 15.584557 s
currentSize : 62 <-- 15.584757 s
currentSize : 63 <-- 15.691649 s
currentSize : 64 <-- 15.796793 s

maxsize : 64
nodes : 36668603.000000
filtered : 129295919.000000
time : 191.460327
