Parameters: GAD=1 vflib=1 dir=1 label=1 lowerbound=1 fileNameGp=../../cp2016-max-common-connected-subgraph-paper/datasets/graphsdb/mcs70/rand/r005/mcs70_r005_s70.A00 fileNameGt=../../cp2016-max-common-connected-subgraph-paper/datasets/graphsdb/mcs70/rand/r005/mcs70_r005_s70.B00
Reading graphs...
70 : 240
70 : 240
Initializing...
maxdom : 11
D->valSize : 377
Solving...
Blb : 2 (clique : 34)
currentSize : 34 <-- 0.003350 s
currentSize : 36 <-- 0.003593 s
currentSize : 37 <-- 0.005860 s
currentSize : 38 <-- 0.611563 s
currentSize : 40 <-- 0.615920 s
currentSize : 41 <-- 0.615971 s
currentSize : 43 <-- 1.053182 s
currentSize : 45 <-- 1.053273 s
currentSize : 46 <-- 1.053422 s
currentSize : 49 <-- 1.053538 s

maxsize : 49
nodes : 221351.000000
filtered : 2010397.000000
time : 1.146724
