Parameters: GAD=1 vflib=1 dir=1 label=1 lowerbound=1 fileNameGp=../../cp2016-max-common-connected-subgraph-paper/datasets/graphsdb/mcs70/m2D/m2Dr6/mcs70_m2Dr6_s70.A05 fileNameGt=../../cp2016-max-common-connected-subgraph-paper/datasets/graphsdb/mcs70/m2D/m2Dr6/mcs70_m2Dr6_s70.B05
Reading graphs...
70 : 165
70 : 164
Initializing...
maxdom : 10
D->valSize : 355
Solving...
Blb : 2 (clique : 34)
currentSize : 34 <-- 0.004991 s
currentSize : 37 <-- 0.005439 s
currentSize : 38 <-- 0.121219 s
currentSize : 41 <-- 0.121732 s
currentSize : 42 <-- 0.509728 s
currentSize : 45 <-- 0.510088 s
currentSize : 46 <-- 1.030507 s
currentSize : 49 <-- 1.030856 s

maxsize : 49
nodes : 492751.000000
filtered : 2320264.000000
time : 2.000688
