Parameters: GAD=1 vflib=1 dir=1 label=1 lowerbound=1 fileNameGp=../../cp2016-max-common-connected-subgraph-paper/datasets/graphsdb/mcs70/bvg/b03m/mcs70_b03m_s90.A09 fileNameGt=../../cp2016-max-common-connected-subgraph-paper/datasets/graphsdb/mcs70/bvg/b03m/mcs70_b03m_s90.B09
Reading graphs...
90 : 135
90 : 135
Initializing...
maxdom : 9
D->valSize : 556
Solving...
Blb : 2 (clique : 50)
currentSize : 50 <-- 0.011392 s
currentSize : 51 <-- 0.011980 s
currentSize : 52 <-- 0.012393 s
currentSize : 53 <-- 0.012515 s
currentSize : 54 <-- 0.013597 s
currentSize : 55 <-- 0.037278 s
currentSize : 56 <-- 0.037339 s
currentSize : 57 <-- 0.057167 s
currentSize : 58 <-- 0.193310 s

TIMEOUT
maxsize : 58
nodes : 196247289.000000
filtered : 800286694.000000
time : 1000.000061
