Parameters: GAD=1 vflib=1 dir=1 label=1 lowerbound=1 fileNameGp=../../cp2016-max-common-connected-subgraph-paper/datasets/graphsdb/mcs70/m2D/m2Dr6/mcs70_m2Dr6_s80.A06 fileNameGt=../../cp2016-max-common-connected-subgraph-paper/datasets/graphsdb/mcs70/m2D/m2Dr6/mcs70_m2Dr6_s80.B06
Reading graphs...
80 : 190
80 : 188
Initializing...
maxdom : 12
D->valSize : 473
Solving...
Blb : 2 (clique : 40)
currentSize : 40 <-- 0.004842 s
currentSize : 41 <-- 0.005117 s
currentSize : 44 <-- 0.019399 s
currentSize : 45 <-- 0.019498 s
currentSize : 47 <-- 0.062342 s
currentSize : 48 <-- 0.062465 s
currentSize : 49 <-- 0.373687 s

maxsize : 49
nodes : 9840573.000000
filtered : 64222379.000000
time : 48.739082
