Parameters: GAD=1 vflib=1 dir=1 label=1 lowerbound=1 fileNameGp=../../cp2016-max-common-connected-subgraph-paper/datasets/graphsdb/mcs70/bvg/b03m/mcs70_b03m_s70.A07 fileNameGt=../../cp2016-max-common-connected-subgraph-paper/datasets/graphsdb/mcs70/bvg/b03m/mcs70_b03m_s70.B07
Reading graphs...
70 : 105
70 : 105
Initializing...
maxdom : 10
D->valSize : 369
Solving...
Blb : 2 (clique : 41)
currentSize : 41 <-- 0.005203 s
currentSize : 42 <-- 0.005563 s
currentSize : 43 <-- 0.006073 s
currentSize : 45 <-- 0.025768 s
currentSize : 47 <-- 0.057108 s
currentSize : 48 <-- 6.923073 s

maxsize : 48
nodes : 10257630.000000
filtered : 41948583.000000
time : 38.815025
