Parameters: GAD=1 vflib=1 dir=1 label=1 lowerbound=1 fileNameGp=../../cp2016-max-common-connected-subgraph-paper/datasets/graphsdb/mcs70/bvg/b03m/mcs70_b03m_s100.A05 fileNameGt=../../cp2016-max-common-connected-subgraph-paper/datasets/graphsdb/mcs70/bvg/b03m/mcs70_b03m_s100.B05
Reading graphs...
100 : 150
100 : 150
Initializing...
maxdom : 6
D->valSize : 355
Solving...
Blb : 2 (clique : 62)
currentSize : 62 <-- 0.003978 s
currentSize : 63 <-- 0.004517 s
currentSize : 64 <-- 0.004620 s
currentSize : 65 <-- 0.079049 s
currentSize : 66 <-- 0.079329 s
currentSize : 67 <-- 0.079428 s
currentSize : 68 <-- 0.393050 s
currentSize : 69 <-- 0.404355 s
currentSize : 70 <-- 0.404467 s

maxsize : 70
nodes : 4784817.000000
filtered : 15131205.000000
time : 24.408709
