Parameters: GAD=1 vflib=1 dir=1 label=1 lowerbound=1 fileNameGp=../../cp2016-max-common-connected-subgraph-paper/datasets/graphsdb/mcs70/bvg/b09m/mcs70_b09m_s60.A04 fileNameGt=../../cp2016-max-common-connected-subgraph-paper/datasets/graphsdb/mcs70/bvg/b09m/mcs70_b09m_s60.B04
Reading graphs...
60 : 270
60 : 270
Initializing...
maxdom : 7
D->valSize : 269
Solving...
Blb : 2 (clique : 13)
currentSize : 13 <-- 0.001882 s
currentSize : 14 <-- 0.002002 s
currentSize : 15 <-- 0.002050 s
currentSize : 16 <-- 0.003955 s
currentSize : 17 <-- 0.003999 s
currentSize : 18 <-- 0.004516 s
currentSize : 19 <-- 0.044187 s
currentSize : 20 <-- 0.045107 s
currentSize : 21 <-- 0.045206 s
currentSize : 22 <-- 0.084431 s
currentSize : 23 <-- 0.084604 s
currentSize : 26 <-- 0.097488 s
currentSize : 27 <-- 0.138634 s
currentSize : 28 <-- 0.138673 s
currentSize : 29 <-- 0.138721 s
currentSize : 30 <-- 0.177138 s
currentSize : 36 <-- 0.177223 s
currentSize : 37 <-- 0.177278 s
currentSize : 39 <-- 0.177493 s
currentSize : 42 <-- 0.177557 s

maxsize : 42
nodes : 47458.000000
filtered : 307221.000000
time : 0.192904
