Parameters: GAD=1 vflib=1 dir=1 label=1 lowerbound=1 fileNameGp=../../cp2016-max-common-connected-subgraph-paper/datasets/graphsdb/mcs70/bvg/b09m/mcs70_b09m_s90.A03 fileNameGt=../../cp2016-max-common-connected-subgraph-paper/datasets/graphsdb/mcs70/bvg/b09m/mcs70_b09m_s90.B03
Reading graphs...
90 : 405
90 : 405
Initializing...
maxdom : 9
D->valSize : 529
Solving...
Blb : 3 (clique : 42)
currentSize : 42 <-- 0.005713 s
currentSize : 43 <-- 0.006153 s
currentSize : 44 <-- 0.006261 s
currentSize : 45 <-- 0.014787 s
currentSize : 46 <-- 0.014925 s
currentSize : 47 <-- 7.524649 s
currentSize : 49 <-- 14.862835 s
currentSize : 51 <-- 14.863301 s
currentSize : 53 <-- 14.863696 s
currentSize : 55 <-- 46.038933 s
currentSize : 59 <-- 69.264771 s
currentSize : 62 <-- 69.264938 s

maxsize : 62
nodes : 17011380.000000
filtered : 116087316.000000
time : 93.488525
