Parameters: GAD=1 vflib=1 dir=1 label=1 lowerbound=1 fileNameGp=../../cp2016-max-common-connected-subgraph-paper/datasets/graphsdb/mcs70/m2D/m2D/mcs70_m2D_s100.A06 fileNameGt=../../cp2016-max-common-connected-subgraph-paper/datasets/graphsdb/mcs70/m2D/m2D/mcs70_m2D_s100.B06
Reading graphs...
100 : 180
100 : 180
Initializing...
maxdom : 6
D->valSize : 341
Solving...
Blb : 2 (clique : 47)
currentSize : 47 <-- 0.005764 s
currentSize : 48 <-- 0.006616 s
currentSize : 49 <-- 0.007772 s
currentSize : 50 <-- 0.017954 s
currentSize : 51 <-- 0.018266 s
currentSize : 52 <-- 0.018392 s
currentSize : 53 <-- 0.040486 s
currentSize : 54 <-- 0.056523 s
currentSize : 55 <-- 0.123212 s
currentSize : 56 <-- 0.126484 s
currentSize : 58 <-- 0.185086 s
currentSize : 59 <-- 0.185847 s
currentSize : 60 <-- 0.363709 s
currentSize : 61 <-- 0.716366 s
currentSize : 62 <-- 1.013739 s
currentSize : 64 <-- 1.015304 s

TIMEOUT
maxsize : 64
nodes : 207509083.000000
filtered : 658482445.000000
time : 1000.000122
