Parameters: GAD=1 vflib=1 dir=1 label=1 lowerbound=1 fileNameGp=../../cp2016-max-common-connected-subgraph-paper/datasets/graphsdb/mcs70/bvg/b06/mcs70_b06_s90.A01 fileNameGt=../../cp2016-max-common-connected-subgraph-paper/datasets/graphsdb/mcs70/bvg/b06/mcs70_b06_s90.B01
Reading graphs...
90 : 270
90 : 270
Initializing...
maxdom : 11
D->valSize : 554
Solving...
Blb : 2 (clique : 44)
currentSize : 44 <-- 0.006469 s
currentSize : 46 <-- 0.006772 s
currentSize : 47 <-- 0.006898 s
currentSize : 50 <-- 0.007321 s
currentSize : 51 <-- 0.007466 s
currentSize : 52 <-- 0.041353 s
currentSize : 53 <-- 0.081197 s
currentSize : 54 <-- 0.081348 s
currentSize : 55 <-- 0.082283 s
currentSize : 57 <-- 42.666416 s
currentSize : 60 <-- 42.723072 s
currentSize : 61 <-- 42.723240 s
currentSize : 62 <-- 42.723427 s
currentSize : 63 <-- 42.723621 s

maxsize : 63
nodes : 31080977.000000
filtered : 272444371.000000
time : 179.246445
