Parameters: GAD=1 vflib=1 dir=1 label=1 lowerbound=1 fileNameGp=../../cp2016-max-common-connected-subgraph-paper/datasets/graphsdb/mcs70/m2D/m2D/mcs70_m2D_s80.A04 fileNameGt=../../cp2016-max-common-connected-subgraph-paper/datasets/graphsdb/mcs70/m2D/m2D/mcs70_m2D_s80.B04
Reading graphs...
80 : 142
80 : 142
Initializing...
maxdom : 10
D->valSize : 445
Solving...
Blb : 2 (clique : 38)
currentSize : 38 <-- 0.007045 s
currentSize : 39 <-- 0.007460 s
currentSize : 40 <-- 0.059043 s
currentSize : 41 <-- 0.059255 s
currentSize : 42 <-- 0.570043 s
currentSize : 43 <-- 89.519661 s
currentSize : 44 <-- 97.087051 s
currentSize : 46 <-- 135.598663 s
currentSize : 47 <-- 135.598770 s
currentSize : 48 <-- 308.709229 s
currentSize : 49 <-- 308.709625 s
currentSize : 50 <-- 330.234344 s

maxsize : 50
nodes : 106603828.000000
filtered : 484141607.000000
time : 470.886749
