Parameters: GAD=1 vflib=1 dir=1 label=1 lowerbound=1 fileNameGp=../../cp2016-max-common-connected-subgraph-paper/datasets/graphsdb/mcs70/m3D/m3Dr6/mcs70_m3Dr6_s100.A05 fileNameGt=../../cp2016-max-common-connected-subgraph-paper/datasets/graphsdb/mcs70/m3D/m3Dr6/mcs70_m3Dr6_s100.B05
Reading graphs...
100 : 295
100 : 295
Initializing...
maxdom : 7
D->valSize : 383
Solving...
Blb : 3 (clique : 48)
currentSize : 48 <-- 0.003893 s
currentSize : 49 <-- 326.923218 s
currentSize : 51 <-- 464.783752 s
currentSize : 53 <-- 464.784729 s
currentSize : 55 <-- 464.911285 s
currentSize : 57 <-- 474.818726 s
currentSize : 58 <-- 706.948364 s
currentSize : 60 <-- 706.953613 s
currentSize : 62 <-- 706.971497 s
currentSize : 64 <-- 707.163330 s

maxsize : 64
nodes : 155416095.000000
filtered : 724317286.000000
time : 823.999084
