Parameters: GAD=1 vflib=1 dir=1 label=1 lowerbound=1 fileNameGp=../../cp2016-max-common-connected-subgraph-paper/datasets/graphsdb/mcs70/m2D/m2Dr4/mcs70_m2Dr4_s80.A03 fileNameGt=../../cp2016-max-common-connected-subgraph-paper/datasets/graphsdb/mcs70/m2D/m2Dr4/mcs70_m2Dr4_s80.B03
Reading graphs...
80 : 174
80 : 174
Initializing...
maxdom : 10
D->valSize : 422
Solving...
Blb : 3 (clique : 31)
currentSize : 31 <-- 0.006754 s
currentSize : 32 <-- 0.007517 s
currentSize : 33 <-- 0.008016 s
currentSize : 34 <-- 0.012444 s
currentSize : 35 <-- 0.012971 s
currentSize : 36 <-- 0.025605 s
currentSize : 38 <-- 0.036175 s
currentSize : 39 <-- 0.036613 s
currentSize : 40 <-- 38.695503 s
currentSize : 41 <-- 40.889114 s
currentSize : 42 <-- 40.893143 s
currentSize : 43 <-- 40.893250 s
currentSize : 44 <-- 40.893425 s
currentSize : 45 <-- 40.893559 s
currentSize : 46 <-- 72.668472 s
currentSize : 47 <-- 73.021446 s
currentSize : 48 <-- 95.630890 s
currentSize : 49 <-- 95.722710 s
currentSize : 50 <-- 95.722870 s

maxsize : 50
nodes : 29274274.000000
filtered : 192382376.000000
time : 152.792831
