Parameters: GAD=1 vflib=1 dir=1 label=1 lowerbound=1 fileNameGp=../../cp2016-max-common-connected-subgraph-paper/datasets/graphsdb/mcs70/rand/r01/mcs70_r01_s90.A08 fileNameGt=../../cp2016-max-common-connected-subgraph-paper/datasets/graphsdb/mcs70/rand/r01/mcs70_r01_s90.B08
Reading graphs...
90 : 800
90 : 800
Initializing...
maxdom : 9
D->valSize : 528
Solving...
Blb : 2 (clique : 12)
currentSize : 12 <-- 0.008776 s
currentSize : 13 <-- 0.009443 s
currentSize : 14 <-- 0.030684 s
currentSize : 15 <-- 0.040555 s
currentSize : 17 <-- 0.045890 s
currentSize : 18 <-- 0.049451 s
currentSize : 20 <-- 0.058730 s
currentSize : 23 <-- 0.066344 s
currentSize : 25 <-- 0.084233 s
currentSize : 28 <-- 0.084759 s
currentSize : 30 <-- 0.103278 s
currentSize : 31 <-- 0.112954 s
currentSize : 36 <-- 0.113110 s
currentSize : 38 <-- 0.142101 s
currentSize : 44 <-- 0.150024 s
currentSize : 47 <-- 0.195892 s
currentSize : 51 <-- 0.223229 s
currentSize : 63 <-- 0.233441 s

maxsize : 63
nodes : 34710.000000
filtered : 550415.000000
time : 0.250303
