Parameters: GAD=1 vflib=1 dir=1 label=1 lowerbound=1 fileNameGp=../../cp2016-max-common-connected-subgraph-paper/datasets/graphsdb/mcs70/m2D/m2Dr2/mcs70_m2Dr2_s90.A03 fileNameGt=../../cp2016-max-common-connected-subgraph-paper/datasets/graphsdb/mcs70/m2D/m2Dr2/mcs70_m2Dr2_s90.B03
Reading graphs...
90 : 179
90 : 179
Initializing...
maxdom : 9
D->valSize : 533
Solving...
Blb : 2 (clique : 54)
currentSize : 54 <-- 0.006351 s
currentSize : 55 <-- 0.563484 s
currentSize : 56 <-- 18.109835 s
currentSize : 57 <-- 18.111799 s
currentSize : 59 <-- 38.523724 s
currentSize : 60 <-- 61.742565 s
currentSize : 61 <-- 68.110207 s
currentSize : 63 <-- 267.205688 s
currentSize : 64 <-- 286.092255 s

maxsize : 64
nodes : 65136036.000000
filtered : 398613665.000000
time : 345.942871
