Parameters: GAD=1 vflib=1 dir=1 label=1 lowerbound=1 fileNameGp=../../cp2016-max-common-connected-subgraph-paper/datasets/graphsdb/mcs70/m3D/m3Dr2/mcs70_m3Dr2_s90.A05 fileNameGt=../../cp2016-max-common-connected-subgraph-paper/datasets/graphsdb/mcs70/m3D/m3Dr2/mcs70_m3Dr2_s90.B05
Reading graphs...
90 : 227
90 : 227
Initializing...
maxdom : 10
D->valSize : 567
Solving...
Blb : 2 (clique : 47)
currentSize : 47 <-- 0.006784 s
currentSize : 48 <-- 0.007183 s
currentSize : 50 <-- 0.007589 s
currentSize : 51 <-- 0.007706 s
currentSize : 54 <-- 0.186882 s
currentSize : 56 <-- 0.240038 s
currentSize : 58 <-- 12.528489 s
currentSize : 59 <-- 39.528473 s
currentSize : 61 <-- 39.531071 s
currentSize : 62 <-- 92.311882 s
currentSize : 63 <-- 239.291611 s
currentSize : 64 <-- 410.819733 s

maxsize : 64
nodes : 131252645.000000
filtered : 639326261.000000
time : 664.291199
