Parameters: GAD=1 vflib=1 dir=1 label=1 lowerbound=1 fileNameGp=../../cp2016-max-common-connected-subgraph-paper/datasets/graphsdb/mcs70/m3D/m3Dr6/mcs70_m3Dr6_s90.A00 fileNameGt=../../cp2016-max-common-connected-subgraph-paper/datasets/graphsdb/mcs70/m3D/m3Dr6/mcs70_m3Dr6_s90.B00
Reading graphs...
90 : 263
90 : 261
Initializing...
maxdom : 10
D->valSize : 552
Solving...
Blb : 2 (clique : 47)
currentSize : 47 <-- 0.006593 s
currentSize : 49 <-- 0.204633 s
currentSize : 50 <-- 0.205548 s
currentSize : 51 <-- 3.102930 s
currentSize : 52 <-- 3.103878 s
currentSize : 54 <-- 11.535960 s
currentSize : 55 <-- 11.537167 s
currentSize : 56 <-- 19.866972 s
currentSize : 57 <-- 19.868376 s
currentSize : 58 <-- 49.075188 s
currentSize : 59 <-- 49.075455 s
currentSize : 60 <-- 49.078091 s
currentSize : 61 <-- 49.078262 s
currentSize : 63 <-- 49.078529 s
currentSize : 64 <-- 49.079426 s

maxsize : 64
nodes : 13832992.000000
filtered : 42666626.000000
time : 59.253483
