Parameters: GAD=1 vflib=1 dir=1 label=1 lowerbound=1 fileNameGp=../../cp2016-max-common-connected-subgraph-paper/datasets/graphsdb/mcs70/m2D/m2Dr6/mcs70_m2Dr6_s90.A01 fileNameGt=../../cp2016-max-common-connected-subgraph-paper/datasets/graphsdb/mcs70/m2D/m2Dr6/mcs70_m2Dr6_s90.B01
Reading graphs...
90 : 215
90 : 211
Initializing...
maxdom : 9
D->valSize : 560
Solving...
Blb : 2 (clique : 42)
currentSize : 42 <-- 0.011080 s
currentSize : 47 <-- 0.011567 s
currentSize : 48 <-- 0.011994 s
currentSize : 49 <-- 0.015832 s
currentSize : 50 <-- 0.028828 s
currentSize : 51 <-- 0.327073 s
currentSize : 52 <-- 0.373624 s
currentSize : 54 <-- 0.975885 s
currentSize : 55 <-- 0.976124 s
currentSize : 56 <-- 636.567566 s
currentSize : 57 <-- 869.447754 s
currentSize : 59 <-- 869.449646 s
currentSize : 64 <-- 871.537415 s

TIMEOUT
maxsize : 64
nodes : 199357936.000000
filtered : 1004142527.000000
time : 1000.000061
