Parameters: GAD=1 vflib=1 dir=1 label=1 lowerbound=1 fileNameGp=../../cp2016-max-common-connected-subgraph-paper/datasets/graphsdb/mcs70/bvg/b03m/mcs70_b03m_s90.A05 fileNameGt=../../cp2016-max-common-connected-subgraph-paper/datasets/graphsdb/mcs70/bvg/b03m/mcs70_b03m_s90.B05
Reading graphs...
90 : 135
90 : 135
Initializing...
maxdom : 9
D->valSize : 514
Solving...
Blb : 2 (clique : 54)
currentSize : 54 <-- 0.006014 s
currentSize : 55 <-- 0.006654 s
currentSize : 56 <-- 0.006733 s
currentSize : 57 <-- 0.008672 s
currentSize : 58 <-- 0.009777 s
currentSize : 59 <-- 0.009970 s
currentSize : 60 <-- 0.010347 s
currentSize : 61 <-- 0.010480 s
currentSize : 62 <-- 0.262453 s
currentSize : 63 <-- 0.307461 s

TIMEOUT
maxsize : 63
nodes : 188419128.000000
filtered : 841967211.000000
time : 1000.000061
