Parameters: GAD=1 vflib=1 dir=1 label=1 lowerbound=1 fileNameGp=../../cp2016-max-common-connected-subgraph-paper/datasets/graphsdb/mcs70/m2D/m2D/mcs70_m2D_s80.A07 fileNameGt=../../cp2016-max-common-connected-subgraph-paper/datasets/graphsdb/mcs70/m2D/m2D/mcs70_m2D_s80.B07
Reading graphs...
80 : 142
80 : 142
Initializing...
maxdom : 8
D->valSize : 423
Solving...
Blb : 2 (clique : 38)
currentSize : 38 <-- 0.004177 s
currentSize : 39 <-- 0.005124 s
currentSize : 40 <-- 0.011980 s
currentSize : 41 <-- 0.027361 s
currentSize : 42 <-- 0.033778 s
currentSize : 44 <-- 4.514739 s
currentSize : 47 <-- 4.569600 s
currentSize : 48 <-- 4.887784 s
currentSize : 49 <-- 126.108727 s
currentSize : 50 <-- 126.242348 s

maxsize : 50
nodes : 49218911.000000
filtered : 299151758.000000
time : 261.758026
