Parameters: GAD=1 vflib=1 dir=1 label=1 lowerbound=1 fileNameGp=../../cp2016-max-common-connected-subgraph-paper/datasets/graphsdb/mcs70/bvg/b06/mcs70_b06_s80.A00 fileNameGt=../../cp2016-max-common-connected-subgraph-paper/datasets/graphsdb/mcs70/bvg/b06/mcs70_b06_s80.B00
Reading graphs...
80 : 240
80 : 240
Initializing...
maxdom : 7
D->valSize : 417
Solving...
Blb : 2 (clique : 42)
currentSize : 42 <-- 0.003953 s
currentSize : 43 <-- 0.004200 s
currentSize : 45 <-- 0.004318 s
currentSize : 46 <-- 0.004431 s
currentSize : 47 <-- 0.006575 s
currentSize : 48 <-- 0.007848 s
currentSize : 49 <-- 0.335496 s
currentSize : 54 <-- 0.457312 s
currentSize : 56 <-- 0.457454 s

maxsize : 56
nodes : 218178.000000
filtered : 1437360.000000
time : 1.120129
