Parameters: GAD=1 vflib=1 dir=1 label=1 lowerbound=1 fileNameGp=../../cp2016-max-common-connected-subgraph-paper/datasets/graphsdb/mcs70/m3D/m3D/mcs70_m3D_s90.A07 fileNameGt=../../cp2016-max-common-connected-subgraph-paper/datasets/graphsdb/mcs70/m3D/m3D/mcs70_m3D_s90.B07
Reading graphs...
90 : 209
90 : 209
Initializing...
maxdom : 10
D->valSize : 584
Solving...
Blb : 2 (clique : 53)
currentSize : 53 <-- 0.007280 s
currentSize : 54 <-- 0.011873 s
currentSize : 55 <-- 0.018452 s
currentSize : 56 <-- 0.021325 s
currentSize : 57 <-- 0.025358 s
currentSize : 59 <-- 0.057293 s
currentSize : 60 <-- 0.061951 s
currentSize : 61 <-- 0.064141 s
currentSize : 62 <-- 0.070689 s
currentSize : 63 <-- 0.073753 s
currentSize : 64 <-- 0.080472 s
currentSize : 65 <-- 0.080612 s

maxsize : 65
nodes : 29269458.000000
filtered : 131804796.000000
time : 144.439270
