Parameters: GAD=1 vflib=1 dir=1 label=1 lowerbound=1 fileNameGp=../../cp2016-max-common-connected-subgraph-paper/datasets/graphsdb/mcs70/m2D/m2Dr6/mcs70_m2Dr6_s100.A03 fileNameGt=../../cp2016-max-common-connected-subgraph-paper/datasets/graphsdb/mcs70/m2D/m2Dr6/mcs70_m2Dr6_s100.B03
Reading graphs...
100 : 240
100 : 240
Initializing...
maxdom : 8
D->valSize : 389
Solving...
Blb : 2 (clique : 39)
currentSize : 39 <-- 0.004248 s
currentSize : 40 <-- 0.004546 s
currentSize : 41 <-- 0.004652 s
currentSize : 42 <-- 0.004708 s
currentSize : 43 <-- 0.006046 s
currentSize : 44 <-- 0.006139 s
currentSize : 45 <-- 0.006611 s
currentSize : 46 <-- 0.011527 s
currentSize : 47 <-- 0.012556 s
currentSize : 48 <-- 0.012640 s
currentSize : 49 <-- 0.035130 s
currentSize : 50 <-- 16.723869 s
currentSize : 51 <-- 38.005112 s
currentSize : 52 <-- 38.005211 s
currentSize : 53 <-- 38.061123 s
currentSize : 54 <-- 136.177200 s
currentSize : 55 <-- 136.185516 s
currentSize : 56 <-- 172.429245 s
currentSize : 57 <-- 172.430298 s

TIMEOUT
maxsize : 57
nodes : 191334650.000000
filtered : 637348288.000000
time : 1000.000061
