Parameters: GAD=1 vflib=1 dir=1 label=1 lowerbound=1 fileNameGp=../../cp2016-max-common-connected-subgraph-paper/datasets/graphsdb/mcs70/m2D/m2Dr4/mcs70_m2Dr4_s80.A09 fileNameGt=../../cp2016-max-common-connected-subgraph-paper/datasets/graphsdb/mcs70/m2D/m2Dr4/mcs70_m2Dr4_s80.B09
Reading graphs...
80 : 174
80 : 173
Initializing...
maxdom : 8
D->valSize : 434
Solving...
Blb : 2 (clique : 39)
currentSize : 39 <-- 0.004220 s
currentSize : 40 <-- 851.554688 s
currentSize : 41 <-- 851.568115 s
currentSize : 42 <-- 851.568237 s
currentSize : 43 <-- 890.199646 s
currentSize : 44 <-- 890.199768 s

TIMEOUT
maxsize : 44
nodes : 185589219.000000
filtered : 1485189988.000000
time : 1000.000061
