Parameters: GAD=1 vflib=1 dir=1 label=1 lowerbound=1 fileNameGp=../../cp2016-max-common-connected-subgraph-paper/datasets/graphsdb/mcs70/m2D/m2Dr4/mcs70_m2Dr4_s50.A06 fileNameGt=../../cp2016-max-common-connected-subgraph-paper/datasets/graphsdb/mcs70/m2D/m2Dr4/mcs70_m2Dr4_s50.B06
Reading graphs...
50 : 105
50 : 104
Initializing...
maxdom : 9
D->valSize : 332
Solving...
Blb : 3 (clique : 21)
currentSize : 21 <-- 0.002364 s
currentSize : 28 <-- 0.002485 s
currentSize : 29 <-- 0.113314 s
currentSize : 30 <-- 0.114496 s
currentSize : 32 <-- 0.409283 s
currentSize : 33 <-- 0.626078 s
currentSize : 34 <-- 0.923518 s
currentSize : 36 <-- 1.139987 s

maxsize : 36
nodes : 295185.000000
filtered : 2877700.000000
time : 1.187618
