Parameters: GAD=1 vflib=1 dir=1 label=1 lowerbound=1 fileNameGp=../../cp2016-max-common-connected-subgraph-paper/datasets/graphsdb/mcs70/bvg/b09/mcs70_b09_s80.A02 fileNameGt=../../cp2016-max-common-connected-subgraph-paper/datasets/graphsdb/mcs70/bvg/b09/mcs70_b09_s80.B02
Reading graphs...
80 : 360
80 : 360
Initializing...
maxdom : 8
D->valSize : 428
Solving...
Blb : 2 (clique : 39)
currentSize : 39 <-- 0.003994 s
currentSize : 40 <-- 0.004255 s
currentSize : 41 <-- 0.005451 s
currentSize : 44 <-- 0.007301 s
currentSize : 45 <-- 0.007450 s
currentSize : 46 <-- 0.008737 s
currentSize : 48 <-- 0.011428 s
currentSize : 51 <-- 0.011893 s
currentSize : 53 <-- 0.013024 s
currentSize : 56 <-- 0.013473 s

maxsize : 56
nodes : 67813.000000
filtered : 513446.000000
time : 0.350059
