Parameters: GAD=1 vflib=1 dir=1 label=1 lowerbound=1 fileNameGp=../../cp2016-max-common-connected-subgraph-paper/datasets/graphsdb/mcs70/bvg/b03/mcs70_b03_s90.A04 fileNameGt=../../cp2016-max-common-connected-subgraph-paper/datasets/graphsdb/mcs70/bvg/b03/mcs70_b03_s90.B04
Reading graphs...
90 : 135
90 : 135
Initializing...
maxdom : 10
D->valSize : 577
Solving...
Blb : 2 (clique : 46)
currentSize : 46 <-- 0.011543 s
currentSize : 47 <-- 0.027250 s
currentSize : 48 <-- 0.038819 s
currentSize : 49 <-- 0.043844 s
currentSize : 50 <-- 0.051173 s
currentSize : 51 <-- 0.090866 s

TIMEOUT
maxsize : 51
nodes : 166648327.000000
filtered : 1427756620.000000
time : 1000.000061
