Parameters: GAD=1 vflib=1 dir=1 label=1 lowerbound=1 fileNameGp=../../cp2016-max-common-connected-subgraph-paper/datasets/graphsdb/mcs70/bvg/b06m/mcs70_b06m_s60.A04 fileNameGt=../../cp2016-max-common-connected-subgraph-paper/datasets/graphsdb/mcs70/bvg/b06m/mcs70_b06m_s60.B04
Reading graphs...
60 : 180
60 : 180
Initializing...
maxdom : 8
D->valSize : 240
Solving...
Blb : 2 (clique : 24)
currentSize : 24 <-- 0.002649 s
currentSize : 25 <-- 0.007172 s
currentSize : 26 <-- 0.022657 s
currentSize : 27 <-- 0.038456 s
currentSize : 28 <-- 0.062811 s
currentSize : 29 <-- 0.063076 s
currentSize : 30 <-- 0.074099 s
currentSize : 31 <-- 0.078455 s
currentSize : 32 <-- 0.078725 s
currentSize : 33 <-- 0.161752 s
currentSize : 34 <-- 0.161827 s
currentSize : 35 <-- 0.162143 s
currentSize : 37 <-- 0.364688 s
currentSize : 38 <-- 0.364817 s
currentSize : 39 <-- 0.365125 s
currentSize : 40 <-- 0.451399 s
currentSize : 41 <-- 0.451548 s
currentSize : 42 <-- 0.451909 s

maxsize : 42
nodes : 147847.000000
filtered : 646605.000000
time : 0.531066
