Parameters: GAD=1 vflib=1 dir=1 label=1 lowerbound=1 fileNameGp=../../cp2016-max-common-connected-subgraph-paper/datasets/graphsdb/mcs70/m3D/m3Dr6/mcs70_m3Dr6_s90.A02 fileNameGt=../../cp2016-max-common-connected-subgraph-paper/datasets/graphsdb/mcs70/m3D/m3Dr6/mcs70_m3Dr6_s90.B02
Reading graphs...
90 : 263
90 : 261
Initializing...
maxdom : 13
D->valSize : 581
Solving...
Blb : 2 (clique : 40)
currentSize : 40 <-- 0.011151 s
currentSize : 43 <-- 0.011747 s
currentSize : 46 <-- 0.014467 s
currentSize : 49 <-- 0.014656 s
currentSize : 50 <-- 0.017833 s
currentSize : 53 <-- 0.017980 s
currentSize : 54 <-- 0.018182 s
currentSize : 61 <-- 0.037969 s
currentSize : 64 <-- 44.520866 s

maxsize : 64
nodes : 26957871.000000
filtered : 120944868.000000
time : 124.945007
