Parameters: GAD=1 vflib=1 dir=1 label=1 lowerbound=1 fileNameGp=../../cp2016-max-common-connected-subgraph-paper/datasets/graphsdb/mcs70/rand/r01/mcs70_r01_s50.A05 fileNameGt=../../cp2016-max-common-connected-subgraph-paper/datasets/graphsdb/mcs70/rand/r01/mcs70_r01_s50.B05
Reading graphs...
50 : 244
50 : 244
Initializing...
maxdom : 10
D->valSize : 342
Solving...
Blb : 2 (clique : 11)
currentSize : 11 <-- 0.003713 s
currentSize : 12 <-- 0.005555 s
currentSize : 13 <-- 0.008811 s
currentSize : 14 <-- 0.023681 s
currentSize : 15 <-- 0.030787 s
currentSize : 16 <-- 0.030831 s
currentSize : 19 <-- 0.045562 s
currentSize : 23 <-- 0.058243 s
currentSize : 24 <-- 0.061827 s
currentSize : 25 <-- 0.061872 s
currentSize : 27 <-- 0.089907 s
currentSize : 35 <-- 0.096902 s

maxsize : 35
nodes : 18009.000000
filtered : 258454.000000
time : 0.102151
