Parameters: GAD=1 vflib=1 dir=1 label=1 lowerbound=1 fileNameGp=../../cp2016-max-common-connected-subgraph-paper/datasets/graphsdb/mcs70/bvg/b03m/mcs70_b03m_s60.A02 fileNameGt=../../cp2016-max-common-connected-subgraph-paper/datasets/graphsdb/mcs70/bvg/b03m/mcs70_b03m_s60.B02
Reading graphs...
60 : 90
60 : 90
Initializing...
maxdom : 7
D->valSize : 256
Solving...
Blb : 3 (clique : 31)
currentSize : 31 <-- 0.001979 s
currentSize : 32 <-- 0.003462 s
currentSize : 33 <-- 0.013905 s
currentSize : 34 <-- 0.014690 s
currentSize : 35 <-- 0.653799 s
currentSize : 36 <-- 0.660771 s
currentSize : 37 <-- 1.057892 s
currentSize : 38 <-- 1.058770 s
currentSize : 39 <-- 1.144471 s
currentSize : 40 <-- 1.144518 s
currentSize : 41 <-- 3.224554 s
currentSize : 42 <-- 5.100893 s
currentSize : 43 <-- 5.100951 s

maxsize : 43
nodes : 1689741.000000
filtered : 5289311.000000
time : 5.538757
