Parameters: GAD=1 vflib=1 dir=1 label=1 lowerbound=1 fileNameGp=../../cp2016-max-common-connected-subgraph-paper/datasets/graphsdb/mcs70/m2D/m2Dr4/mcs70_m2Dr4_s70.A03 fileNameGt=../../cp2016-max-common-connected-subgraph-paper/datasets/graphsdb/mcs70/m2D/m2Dr4/mcs70_m2Dr4_s70.B03
Reading graphs...
70 : 151
70 : 148
Initializing...
maxdom : 8
D->valSize : 352
Solving...
Blb : 3 (clique : 30)
currentSize : 30 <-- 0.003109 s
currentSize : 31 <-- 0.816063 s
currentSize : 32 <-- 0.816161 s
currentSize : 33 <-- 0.816388 s
currentSize : 34 <-- 0.816686 s
currentSize : 36 <-- 1.312066 s
currentSize : 38 <-- 2.492688 s
currentSize : 40 <-- 4.348916 s
currentSize : 43 <-- 6.165654 s
currentSize : 45 <-- 7.132284 s
currentSize : 47 <-- 7.276407 s
currentSize : 49 <-- 7.276500 s

maxsize : 49
nodes : 2073321.000000
filtered : 12594182.000000
time : 9.173411
