Parameters: GAD=1 vflib=1 dir=1 label=1 lowerbound=1 fileNameGp=../../cp2016-max-common-connected-subgraph-paper/datasets/graphsdb/mcs70/bvg/b09/mcs70_b09_s70.A08 fileNameGt=../../cp2016-max-common-connected-subgraph-paper/datasets/graphsdb/mcs70/bvg/b09/mcs70_b09_s70.B08
Reading graphs...
70 : 315
70 : 315
Initializing...
maxdom : 9
D->valSize : 368
Solving...
Blb : 3 (clique : 32)
currentSize : 32 <-- 0.003300 s
currentSize : 37 <-- 0.003472 s
currentSize : 39 <-- 0.003599 s
currentSize : 40 <-- 0.003867 s
currentSize : 42 <-- 0.004833 s
currentSize : 43 <-- 0.004999 s
currentSize : 47 <-- 0.253579 s
currentSize : 48 <-- 0.253741 s

maxsize : 48
nodes : 154709.000000
filtered : 934068.000000
time : 0.661553
