Parameters: GAD=1 vflib=1 dir=1 label=1 lowerbound=1 fileNameGp=../../cp2016-max-common-connected-subgraph-paper/datasets/graphsdb/mcs70/bvg/b06/mcs70_b06_s90.A05 fileNameGt=../../cp2016-max-common-connected-subgraph-paper/datasets/graphsdb/mcs70/bvg/b06/mcs70_b06_s90.B05
Reading graphs...
90 : 270
90 : 270
Initializing...
maxdom : 10
D->valSize : 579
Solving...
Blb : 2 (clique : 36)
currentSize : 36 <-- 0.006890 s
currentSize : 37 <-- 0.010400 s
currentSize : 45 <-- 0.013677 s
currentSize : 46 <-- 0.013755 s
currentSize : 48 <-- 0.016273 s
currentSize : 49 <-- 0.016356 s
currentSize : 55 <-- 0.059443 s
currentSize : 56 <-- 0.059468 s
currentSize : 62 <-- 0.316443 s
currentSize : 63 <-- 0.316553 s

maxsize : 63
nodes : 2413317.000000
filtered : 20780745.000000
time : 14.185244
