Parameters: GAD=1 vflib=1 dir=1 label=1 lowerbound=1 fileNameGp=../../cp2016-max-common-connected-subgraph-paper/datasets/graphsdb/mcs70/m3D/m3Dr2/mcs70_m3Dr2_s90.A07 fileNameGt=../../cp2016-max-common-connected-subgraph-paper/datasets/graphsdb/mcs70/m3D/m3Dr2/mcs70_m3Dr2_s90.B07
Reading graphs...
90 : 227
90 : 226
Initializing...
maxdom : 10
D->valSize : 545
Solving...
Blb : 2 (clique : 50)
currentSize : 50 <-- 0.006478 s
currentSize : 51 <-- 0.006835 s
currentSize : 52 <-- 0.006965 s
currentSize : 53 <-- 0.008465 s
currentSize : 54 <-- 0.038792 s
currentSize : 55 <-- 0.043308 s
currentSize : 56 <-- 39.616711 s
currentSize : 57 <-- 40.039833 s
currentSize : 58 <-- 80.793106 s
currentSize : 59 <-- 80.810394 s
currentSize : 60 <-- 80.810600 s
currentSize : 62 <-- 180.383606 s
currentSize : 63 <-- 180.383850 s
currentSize : 64 <-- 180.383972 s

maxsize : 64
nodes : 48396390.000000
filtered : 249264974.000000
time : 245.348846
