Parameters: GAD=1 vflib=1 dir=1 label=1 lowerbound=1 fileNameGp=../../cp2016-max-common-connected-subgraph-paper/datasets/graphsdb/mcs70/m2D/m2Dr4/mcs70_m2Dr4_s90.A00 fileNameGt=../../cp2016-max-common-connected-subgraph-paper/datasets/graphsdb/mcs70/m2D/m2Dr4/mcs70_m2Dr4_s90.B00
Reading graphs...
90 : 197
90 : 196
Initializing...
maxdom : 10
D->valSize : 571
Solving...
Blb : 2 (clique : 51)
currentSize : 51 <-- 0.006863 s
currentSize : 52 <-- 0.031522 s
currentSize : 53 <-- 0.051248 s
currentSize : 55 <-- 0.054004 s
currentSize : 56 <-- 0.054402 s
currentSize : 57 <-- 7.967605 s
currentSize : 59 <-- 7.968636 s
currentSize : 61 <-- 7.970122 s
currentSize : 63 <-- 7.970256 s
currentSize : 64 <-- 11.716401 s

maxsize : 64
nodes : 45023458.000000
filtered : 269655326.000000
time : 236.921967
