Parameters: GAD=1 vflib=1 dir=1 label=1 lowerbound=1 fileNameGp=../../cp2016-max-common-connected-subgraph-paper/datasets/graphsdb/mcs70/m2D/m2Dr2/mcs70_m2Dr2_s90.A06 fileNameGt=../../cp2016-max-common-connected-subgraph-paper/datasets/graphsdb/mcs70/m2D/m2Dr2/mcs70_m2Dr2_s90.B06
Reading graphs...
90 : 179
90 : 178
Initializing...
maxdom : 10
D->valSize : 549
Solving...
Blb : 2 (clique : 44)
currentSize : 44 <-- 0.006624 s
currentSize : 45 <-- 0.007128 s
currentSize : 46 <-- 0.008598 s
currentSize : 47 <-- 0.008783 s
currentSize : 48 <-- 0.009764 s
currentSize : 49 <-- 0.009924 s
currentSize : 50 <-- 0.102894 s
currentSize : 52 <-- 2.149459 s
currentSize : 53 <-- 2.149842 s
currentSize : 54 <-- 2.213498 s
currentSize : 55 <-- 28.185760 s
currentSize : 56 <-- 28.185865 s
currentSize : 57 <-- 79.426773 s
currentSize : 58 <-- 79.426964 s
currentSize : 59 <-- 138.750839 s
currentSize : 60 <-- 138.754105 s
currentSize : 64 <-- 552.989563 s
currentSize : 66 <-- 553.239929 s

maxsize : 66
nodes : 104506688.000000
filtered : 654786543.000000
time : 587.433899
