Parameters: GAD=1 vflib=1 dir=1 label=1 lowerbound=1 fileNameGp=../../cp2016-max-common-connected-subgraph-paper/datasets/graphsdb/mcs70/rand/r005/mcs70_r005_s60.A01 fileNameGt=../../cp2016-max-common-connected-subgraph-paper/datasets/graphsdb/mcs70/rand/r005/mcs70_r005_s60.B01
Reading graphs...
60 : 176
60 : 176
Initializing...
maxdom : 6
D->valSize : 252
Solving...
Blb : 3 (clique : 24)
currentSize : 24 <-- 0.001762 s
currentSize : 25 <-- 0.002093 s
currentSize : 26 <-- 0.047910 s
currentSize : 29 <-- 0.071266 s
currentSize : 33 <-- 0.094994 s
currentSize : 36 <-- 0.095154 s
currentSize : 37 <-- 0.125478 s
currentSize : 39 <-- 0.160874 s
currentSize : 42 <-- 0.160966 s

maxsize : 42
nodes : 45442.000000
filtered : 338261.000000
time : 0.208365
