Parameters: GAD=1 vflib=1 dir=1 label=1 lowerbound=1 fileNameGp=../../cp2016-max-common-connected-subgraph-paper/datasets/graphsdb/mcs70/bvg/b09/mcs70_b09_s100.A04 fileNameGt=../../cp2016-max-common-connected-subgraph-paper/datasets/graphsdb/mcs70/bvg/b09/mcs70_b09_s100.B04
Reading graphs...
100 : 450
100 : 450
Initializing...
maxdom : 7
D->valSize : 384
Solving...
Blb : 3 (clique : 48)
currentSize : 48 <-- 0.004154 s
currentSize : 55 <-- 0.009460 s
currentSize : 56 <-- 0.009637 s
currentSize : 58 <-- 0.011139 s
currentSize : 59 <-- 0.011318 s
currentSize : 64 <-- 2.531002 s
currentSize : 69 <-- 2.573738 s
currentSize : 70 <-- 2.573939 s

maxsize : 70
nodes : 588388.000000
filtered : 3991860.000000
time : 3.791685
