Parameters: GAD=1 vflib=1 dir=1 label=1 lowerbound=1 fileNameGp=../../cp2016-max-common-connected-subgraph-paper/datasets/graphsdb/mcs70/m3D/m3Dr6/mcs70_m3Dr6_s100.A00 fileNameGt=../../cp2016-max-common-connected-subgraph-paper/datasets/graphsdb/mcs70/m3D/m3Dr6/mcs70_m3Dr6_s100.B00
Reading graphs...
100 : 295
100 : 294
Initializing...
maxdom : 7
D->valSize : 398
Solving...
Blb : 2 (clique : 41)
currentSize : 41 <-- 0.006799 s
currentSize : 44 <-- 0.007254 s
currentSize : 45 <-- 0.007641 s
currentSize : 46 <-- 0.008266 s
currentSize : 47 <-- 0.022067 s
currentSize : 48 <-- 0.022947 s
currentSize : 49 <-- 0.031622 s
currentSize : 51 <-- 0.032210 s
currentSize : 54 <-- 0.545090 s
currentSize : 55 <-- 1.730846 s
currentSize : 58 <-- 2.351291 s
currentSize : 60 <-- 3.780142 s
currentSize : 61 <-- 3.782799 s
currentSize : 65 <-- 3.783330 s

maxsize : 65
nodes : 48186753.000000
filtered : 218599248.000000
time : 258.317444
