Parameters: GAD=1 vflib=1 dir=1 label=1 lowerbound=1 fileNameGp=../../cp2016-max-common-connected-subgraph-paper/datasets/graphsdb/mcs70/bvg/b03m/mcs70_b03m_s50.A07 fileNameGt=../../cp2016-max-common-connected-subgraph-paper/datasets/graphsdb/mcs70/bvg/b03m/mcs70_b03m_s50.B07
Reading graphs...
50 : 75
50 : 75
Initializing...
maxdom : 9
D->valSize : 339
Solving...
Blb : 2 (clique : 24)
currentSize : 24 <-- 0.002572 s
currentSize : 25 <-- 0.002802 s
currentSize : 26 <-- 0.004857 s
currentSize : 27 <-- 0.005621 s
currentSize : 28 <-- 0.005718 s
currentSize : 29 <-- 0.006086 s
currentSize : 30 <-- 0.007100 s
currentSize : 32 <-- 0.935248 s
currentSize : 33 <-- 0.935479 s
currentSize : 34 <-- 0.935528 s

maxsize : 34
nodes : 332288.000000
filtered : 3067307.000000
time : 1.559200
