Parameters: GAD=1 vflib=1 dir=1 label=1 lowerbound=1 fileNameGp=../../cp2016-max-common-connected-subgraph-paper/datasets/graphsdb/mcs70/m2D/m2Dr2/mcs70_m2Dr2_s60.A02 fileNameGt=../../cp2016-max-common-connected-subgraph-paper/datasets/graphsdb/mcs70/m2D/m2Dr2/mcs70_m2Dr2_s60.B02
Reading graphs...
60 : 116
60 : 116
Initializing...
maxdom : 8
D->valSize : 252
Solving...
Blb : 3 (clique : 22)
currentSize : 22 <-- 0.002734 s
currentSize : 23 <-- 0.007396 s
currentSize : 24 <-- 0.095870 s
currentSize : 25 <-- 0.098553 s
currentSize : 26 <-- 0.366038 s
currentSize : 27 <-- 0.390827 s
currentSize : 28 <-- 0.559327 s
currentSize : 29 <-- 0.758624 s
currentSize : 30 <-- 0.758659 s
currentSize : 31 <-- 0.931769 s
currentSize : 35 <-- 1.284168 s
currentSize : 36 <-- 1.931614 s

maxsize : 36
nodes : 1419686.000000
filtered : 6114648.000000
time : 5.105190
