Parameters: GAD=1 vflib=1 dir=1 label=1 lowerbound=1 fileNameGp=../../cp2016-max-common-connected-subgraph-paper/datasets/graphsdb/mcs70/m2D/m2Dr2/mcs70_m2Dr2_s80.A03 fileNameGt=../../cp2016-max-common-connected-subgraph-paper/datasets/graphsdb/mcs70/m2D/m2Dr2/mcs70_m2Dr2_s80.B03
Reading graphs...
80 : 158
80 : 158
Initializing...
maxdom : 9
D->valSize : 439
Solving...
Blb : 2 (clique : 32)
currentSize : 32 <-- 0.006942 s
currentSize : 33 <-- 2.836810 s
currentSize : 34 <-- 10.867976 s
currentSize : 35 <-- 11.775691 s
currentSize : 36 <-- 44.908184 s
currentSize : 37 <-- 70.891235 s
currentSize : 38 <-- 519.109131 s
currentSize : 39 <-- 767.591187 s
currentSize : 40 <-- 767.592346 s
currentSize : 41 <-- 960.480591 s

TIMEOUT
maxsize : 41
nodes : 202877714.000000
filtered : 1638971919.000000
time : 1000.000000
