Parameters: GAD=1 vflib=1 dir=1 label=1 lowerbound=1 fileNameGp=../../cp2016-max-common-connected-subgraph-paper/datasets/graphsdb/mcs70/m3D/m3Dr2/mcs70_m3Dr2_s100.A05 fileNameGt=../../cp2016-max-common-connected-subgraph-paper/datasets/graphsdb/mcs70/m3D/m3Dr2/mcs70_m3Dr2_s100.B05
Reading graphs...
100 : 255
100 : 255
Initializing...
maxdom : 9
D->valSize : 364
Solving...
Blb : 2 (clique : 38)
currentSize : 38 <-- 0.006123 s
currentSize : 39 <-- 0.072524 s
currentSize : 40 <-- 0.400598 s
currentSize : 41 <-- 2.274317 s
currentSize : 42 <-- 16.175297 s
currentSize : 43 <-- 16.207048 s
currentSize : 46 <-- 16.902164 s
currentSize : 48 <-- 16.934645 s
currentSize : 50 <-- 53.665760 s
currentSize : 51 <-- 105.376747 s
currentSize : 53 <-- 105.392914 s
currentSize : 55 <-- 128.784210 s
currentSize : 56 <-- 193.797958 s
currentSize : 57 <-- 261.583649 s
currentSize : 58 <-- 263.716736 s
currentSize : 62 <-- 265.269836 s
currentSize : 64 <-- 398.450897 s

maxsize : 64
nodes : 117463455.000000
filtered : 443592586.000000
time : 596.832275
