Parameters: GAD=1 vflib=1 dir=1 label=1 lowerbound=1 fileNameGp=../../cp2016-max-common-connected-subgraph-paper/datasets/graphsdb/mcs70/bvg/b06m/mcs70_b06m_s90.A00 fileNameGt=../../cp2016-max-common-connected-subgraph-paper/datasets/graphsdb/mcs70/bvg/b06m/mcs70_b06m_s90.B00
Reading graphs...
90 : 270
90 : 270
Initializing...
maxdom : 10
D->valSize : 546
Solving...
Blb : 3 (clique : 47)
currentSize : 47 <-- 0.006529 s
currentSize : 48 <-- 3.479284 s
currentSize : 49 <-- 3.479555 s
currentSize : 50 <-- 21.282801 s
currentSize : 52 <-- 24.159584 s
currentSize : 54 <-- 24.159781 s
currentSize : 56 <-- 33.306618 s
currentSize : 57 <-- 33.306831 s
currentSize : 58 <-- 45.624874 s
currentSize : 59 <-- 45.625179 s
currentSize : 60 <-- 59.894035 s
currentSize : 62 <-- 76.812630 s
currentSize : 63 <-- 76.813171 s

maxsize : 63
nodes : 15105127.000000
filtered : 108800218.000000
time : 84.418701
