Parameters: GAD=1 vflib=1 dir=1 label=1 lowerbound=1 fileNameGp=../../cp2016-max-common-connected-subgraph-paper/datasets/graphsdb/mcs70/bvg/b06/mcs70_b06_s100.A03 fileNameGt=../../cp2016-max-common-connected-subgraph-paper/datasets/graphsdb/mcs70/bvg/b06/mcs70_b06_s100.B03
Reading graphs...
100 : 300
100 : 300
Initializing...
maxdom : 7
D->valSize : 385
Solving...
Blb : 2 (clique : 41)
currentSize : 41 <-- 0.005078 s
currentSize : 44 <-- 0.006080 s
currentSize : 45 <-- 0.008119 s
currentSize : 46 <-- 0.013847 s
currentSize : 48 <-- 0.041058 s
currentSize : 50 <-- 0.043907 s
currentSize : 52 <-- 0.124278 s
currentSize : 56 <-- 1.086811 s
currentSize : 57 <-- 1.171371 s
currentSize : 58 <-- 23.421461 s
currentSize : 59 <-- 92.768669 s
currentSize : 64 <-- 92.921539 s
currentSize : 65 <-- 93.819778 s
currentSize : 66 <-- 137.604340 s
currentSize : 67 <-- 137.604507 s
currentSize : 68 <-- 137.623779 s
currentSize : 69 <-- 137.774490 s
currentSize : 70 <-- 137.774719 s
currentSize : 71 <-- 137.795990 s

maxsize : 71
nodes : 28057152.000000
filtered : 130537619.000000
time : 153.809280
