Parameters: GAD=1 vflib=1 dir=1 label=1 lowerbound=1 fileNameGp=../../cp2016-max-common-connected-subgraph-paper/datasets/graphsdb/mcs70/m2D/m2D/mcs70_m2D_s100.A05 fileNameGt=../../cp2016-max-common-connected-subgraph-paper/datasets/graphsdb/mcs70/m2D/m2D/mcs70_m2D_s100.B05
Reading graphs...
100 : 180
100 : 180
Initializing...
maxdom : 7
D->valSize : 345
Solving...
Blb : 3 (clique : 46)
currentSize : 46 <-- 0.003895 s
currentSize : 47 <-- 0.867521 s
currentSize : 48 <-- 0.888186 s
currentSize : 49 <-- 1.020027 s
currentSize : 50 <-- 1.025337 s
currentSize : 51 <-- 48.430454 s
currentSize : 52 <-- 48.442928 s
currentSize : 53 <-- 191.692047 s
currentSize : 54 <-- 193.239365 s
currentSize : 56 <-- 323.285309 s
currentSize : 57 <-- 490.883270 s
currentSize : 58 <-- 490.883423 s
currentSize : 60 <-- 567.582825 s
currentSize : 61 <-- 567.583069 s
currentSize : 62 <-- 722.308838 s
currentSize : 63 <-- 722.310608 s
currentSize : 64 <-- 722.310730 s

maxsize : 64
nodes : 157421309.000000
filtered : 517482221.000000
time : 763.676208
