Parameters: GAD=1 vflib=1 dir=1 label=1 lowerbound=1 fileNameGp=../../cp2016-max-common-connected-subgraph-paper/datasets/graphsdb/mcs70/m3D/m3D/mcs70_m3D_s90.A08 fileNameGt=../../cp2016-max-common-connected-subgraph-paper/datasets/graphsdb/mcs70/m3D/m3D/mcs70_m3D_s90.B08
Reading graphs...
90 : 209
90 : 209
Initializing...
maxdom : 9
D->valSize : 548
Solving...
Blb : 2 (clique : 45)
currentSize : 45 <-- 0.010675 s
currentSize : 46 <-- 0.526815 s
currentSize : 47 <-- 30.104443 s
currentSize : 51 <-- 30.104601 s
currentSize : 54 <-- 30.114981 s
currentSize : 57 <-- 46.073792 s
currentSize : 60 <-- 46.075607 s
currentSize : 61 <-- 120.507652 s
currentSize : 64 <-- 185.018845 s

maxsize : 64
nodes : 41438896.000000
filtered : 263328993.000000
time : 227.144592
