Parameters: GAD=1 vflib=1 dir=1 label=1 lowerbound=1 fileNameGp=../../cp2016-max-common-connected-subgraph-paper/datasets/graphsdb/mcs70/bvg/b03/mcs70_b03_s70.A04 fileNameGt=../../cp2016-max-common-connected-subgraph-paper/datasets/graphsdb/mcs70/bvg/b03/mcs70_b03_s70.B04
Reading graphs...
70 : 105
70 : 105
Initializing...
maxdom : 9
D->valSize : 358
Solving...
Blb : 2 (clique : 34)
currentSize : 34 <-- 0.003488 s
currentSize : 36 <-- 0.003736 s
currentSize : 37 <-- 0.003790 s
currentSize : 38 <-- 0.004401 s
currentSize : 39 <-- 0.004566 s
currentSize : 40 <-- 0.008516 s
currentSize : 41 <-- 0.545652 s
currentSize : 42 <-- 0.545695 s
currentSize : 43 <-- 0.551436 s
currentSize : 44 <-- 2.596077 s
currentSize : 45 <-- 2.596123 s
currentSize : 46 <-- 2.596253 s
currentSize : 47 <-- 2.596298 s
currentSize : 48 <-- 8.924926 s

maxsize : 48
nodes : 2895148.000000
filtered : 13540786.000000
time : 13.492212
