Parameters: GAD=1 vflib=1 dir=1 label=1 lowerbound=1 fileNameGp=../../cp2016-max-common-connected-subgraph-paper/datasets/graphsdb/mcs70/m3D/m3Dr2/mcs70_m3Dr2_s100.A00 fileNameGt=../../cp2016-max-common-connected-subgraph-paper/datasets/graphsdb/mcs70/m3D/m3Dr2/mcs70_m3Dr2_s100.B00
Reading graphs...
100 : 255
100 : 255
Initializing...
maxdom : 8
D->valSize : 377
Solving...
Blb : 2 (clique : 37)
currentSize : 37 <-- 0.006390 s
currentSize : 38 <-- 0.012132 s
currentSize : 39 <-- 0.022978 s
currentSize : 40 <-- 0.039679 s
currentSize : 41 <-- 1.110974 s
currentSize : 42 <-- 1.414945 s
currentSize : 43 <-- 2.194337 s
currentSize : 44 <-- 5.560153 s
currentSize : 47 <-- 9.515945 s
currentSize : 48 <-- 10.237849 s
currentSize : 49 <-- 10.284209 s
currentSize : 50 <-- 12.226213 s
currentSize : 55 <-- 492.486725 s
currentSize : 56 <-- 492.489868 s
currentSize : 58 <-- 894.181458 s
currentSize : 60 <-- 900.625427 s
currentSize : 64 <-- 900.627136 s

TIMEOUT
maxsize : 64
nodes : 199084582.000000
filtered : 726639269.000000
time : 1000.000061
