Parameters: GAD=1 vflib=1 dir=1 label=1 lowerbound=1 fileNameGp=../../cp2016-max-common-connected-subgraph-paper/datasets/graphsdb/mcs70/m3D/m3Dr6/mcs70_m3Dr6_s100.A09 fileNameGt=../../cp2016-max-common-connected-subgraph-paper/datasets/graphsdb/mcs70/m3D/m3Dr6/mcs70_m3Dr6_s100.B09
Reading graphs...
100 : 295
100 : 294
Initializing...
maxdom : 7
D->valSize : 389
Solving...
Blb : 3 (clique : 43)
currentSize : 43 <-- 0.003957 s
currentSize : 44 <-- 51.123001 s
currentSize : 45 <-- 51.287136 s
currentSize : 47 <-- 51.526169 s
currentSize : 48 <-- 51.562691 s
currentSize : 49 <-- 53.358658 s
currentSize : 50 <-- 53.390144 s
currentSize : 51 <-- 101.046494 s
currentSize : 52 <-- 101.053009 s
currentSize : 54 <-- 106.351845 s
currentSize : 55 <-- 106.362839 s
currentSize : 57 <-- 288.711426 s
currentSize : 59 <-- 288.832184 s
currentSize : 60 <-- 289.873657 s
currentSize : 62 <-- 289.873871 s
currentSize : 64 <-- 290.169983 s

maxsize : 64
nodes : 68819395.000000
filtered : 244253152.000000
time : 339.052948
