Parameters: GAD=1 vflib=1 dir=1 label=1 lowerbound=1 fileNameGp=../../cp2016-max-common-connected-subgraph-paper/datasets/graphsdb/mcs70/m3D/m3Dr2/mcs70_m3Dr2_s90.A08 fileNameGt=../../cp2016-max-common-connected-subgraph-paper/datasets/graphsdb/mcs70/m3D/m3Dr2/mcs70_m3Dr2_s90.B08
Reading graphs...
90 : 227
90 : 227
Initializing...
maxdom : 9
D->valSize : 554
Solving...
Blb : 2 (clique : 52)
currentSize : 52 <-- 0.006435 s
currentSize : 53 <-- 0.006779 s
currentSize : 59 <-- 0.007701 s
currentSize : 60 <-- 0.007818 s
currentSize : 61 <-- 0.008493 s
currentSize : 63 <-- 13.165547 s
currentSize : 64 <-- 13.165683 s

maxsize : 64
nodes : 5622429.000000
filtered : 36288796.000000
time : 32.175289
