Parameters: GAD=1 vflib=1 dir=1 label=1 lowerbound=1 fileNameGp=../../cp2016-max-common-connected-subgraph-paper/datasets/graphsdb/mcs70/m2D/m2Dr4/mcs70_m2Dr4_s70.A08 fileNameGt=../../cp2016-max-common-connected-subgraph-paper/datasets/graphsdb/mcs70/m2D/m2Dr4/mcs70_m2Dr4_s70.B08
Reading graphs...
70 : 151
70 : 151
Initializing...
maxdom : 8
D->valSize : 341
Solving...
Blb : 2 (clique : 36)
currentSize : 36 <-- 0.002890 s
currentSize : 38 <-- 0.006307 s
currentSize : 40 <-- 0.353069 s
currentSize : 43 <-- 1.653139 s
currentSize : 45 <-- 14.166181 s
currentSize : 49 <-- 15.985851 s

maxsize : 49
nodes : 4186644.000000
filtered : 15795985.000000
time : 16.299589
