Parameters: GAD=1 vflib=1 dir=1 label=1 lowerbound=1 fileNameGp=../../cp2016-max-common-connected-subgraph-paper/datasets/graphsdb/mcs70/bvg/b06m/mcs70_b06m_s90.A07 fileNameGt=../../cp2016-max-common-connected-subgraph-paper/datasets/graphsdb/mcs70/bvg/b06m/mcs70_b06m_s90.B07
Reading graphs...
90 : 270
90 : 270
Initializing...
maxdom : 8
D->valSize : 533
Solving...
Blb : 3 (clique : 54)
currentSize : 54 <-- 0.006069 s
currentSize : 55 <-- 0.006785 s
currentSize : 56 <-- 0.010504 s
currentSize : 58 <-- 0.010726 s
currentSize : 60 <-- 0.056210 s
currentSize : 61 <-- 0.057111 s
currentSize : 63 <-- 0.067986 s

maxsize : 63
nodes : 3529165.000000
filtered : 18052715.000000
time : 18.383505
