Parameters: GAD=1 vflib=1 dir=1 label=1 lowerbound=1 fileNameGp=../../cp2016-max-common-connected-subgraph-paper/datasets/graphsdb/mcs70/bvg/b09/mcs70_b09_s100.A02 fileNameGt=../../cp2016-max-common-connected-subgraph-paper/datasets/graphsdb/mcs70/bvg/b09/mcs70_b09_s100.B02
Reading graphs...
100 : 450
100 : 450
Initializing...
maxdom : 6
D->valSize : 364
Solving...
Blb : 3 (clique : 57)
currentSize : 57 <-- 0.006084 s
currentSize : 58 <-- 0.065296 s
currentSize : 59 <-- 0.067788 s
currentSize : 60 <-- 0.068012 s
currentSize : 66 <-- 0.079672 s
currentSize : 67 <-- 0.080011 s
currentSize : 70 <-- 0.080303 s

maxsize : 70
nodes : 89861.000000
filtered : 651939.000000
time : 0.585713
