Parameters: GAD=1 vflib=1 dir=1 label=1 lowerbound=1 fileNameGp=../../cp2016-max-common-connected-subgraph-paper/datasets/graphsdb/mcs70/m3D/m3D/mcs70_m3D_s90.A00 fileNameGt=../../cp2016-max-common-connected-subgraph-paper/datasets/graphsdb/mcs70/m3D/m3D/mcs70_m3D_s90.B00
Reading graphs...
90 : 209
90 : 209
Initializing...
maxdom : 12
D->valSize : 580
Solving...
Blb : 2 (clique : 48)
currentSize : 48 <-- 0.007509 s
currentSize : 50 <-- 0.007877 s
currentSize : 52 <-- 0.018966 s
currentSize : 54 <-- 0.019142 s
currentSize : 55 <-- 0.055729 s
currentSize : 59 <-- 0.061929 s
currentSize : 62 <-- 0.086578 s
currentSize : 64 <-- 0.088060 s

maxsize : 64
nodes : 940938.000000
filtered : 5735163.000000
time : 5.137222
