Parameters: GAD=1 vflib=1 dir=1 label=1 lowerbound=1 fileNameGp=../../cp2016-max-common-connected-subgraph-paper/datasets/graphsdb/mcs70/m2D/m2Dr4/mcs70_m2Dr4_s40.A08 fileNameGt=../../cp2016-max-common-connected-subgraph-paper/datasets/graphsdb/mcs70/m2D/m2Dr4/mcs70_m2Dr4_s40.B08
Reading graphs...
40 : 83
40 : 82
Initializing...
maxdom : 8
D->valSize : 208
Solving...
Blb : 5 (clique : 13)
currentSize : 13 <-- 0.001176 s
currentSize : 15 <-- 0.008564 s
currentSize : 16 <-- 0.008760 s
currentSize : 17 <-- 0.031132 s
currentSize : 18 <-- 0.081775 s
currentSize : 19 <-- 0.081825 s
currentSize : 20 <-- 0.188184 s
currentSize : 21 <-- 0.317441 s
currentSize : 22 <-- 0.319491 s
currentSize : 23 <-- 0.332285 s
currentSize : 25 <-- 0.332685 s

maxsize : 25
nodes : 111375.000000
filtered : 905110.000000
time : 0.389995
