Parameters: GAD=1 vflib=1 dir=1 label=1 lowerbound=1 fileNameGp=../../cp2016-max-common-connected-subgraph-paper/datasets/graphsdb/mcs70/m3D/m3D/mcs70_m3D_s90.A03 fileNameGt=../../cp2016-max-common-connected-subgraph-paper/datasets/graphsdb/mcs70/m3D/m3D/mcs70_m3D_s90.B03
Reading graphs...
90 : 209
90 : 209
Initializing...
maxdom : 10
D->valSize : 570
Solving...
Blb : 2 (clique : 51)
currentSize : 51 <-- 0.011191 s
currentSize : 52 <-- 0.014800 s
currentSize : 59 <-- 0.019431 s
currentSize : 63 <-- 15.730361 s
currentSize : 64 <-- 15.776374 s

maxsize : 64
nodes : 60731951.000000
filtered : 403095925.000000
time : 319.718658
