Parameters: GAD=1 vflib=1 dir=1 label=1 lowerbound=1 fileNameGp=../../cp2016-max-common-connected-subgraph-paper/datasets/graphsdb/mcs70/rand/r005/mcs70_r005_s60.A05 fileNameGt=../../cp2016-max-common-connected-subgraph-paper/datasets/graphsdb/mcs70/rand/r005/mcs70_r005_s60.B05
Reading graphs...
60 : 176
60 : 176
Initializing...
maxdom : 7
D->valSize : 238
Solving...
Blb : 2 (clique : 21)
currentSize : 21 <-- 0.001758 s
currentSize : 23 <-- 0.009341 s
currentSize : 25 <-- 0.021310 s
currentSize : 26 <-- 0.032283 s
currentSize : 27 <-- 0.037797 s
currentSize : 28 <-- 0.147799 s
currentSize : 29 <-- 0.162399 s
currentSize : 30 <-- 0.162602 s
currentSize : 31 <-- 0.162646 s
currentSize : 34 <-- 0.232824 s
currentSize : 37 <-- 0.247906 s
currentSize : 38 <-- 0.248072 s
currentSize : 42 <-- 0.248171 s

maxsize : 42
nodes : 60579.000000
filtered : 347895.000000
time : 0.255812
