Parameters: GAD=1 vflib=1 dir=1 label=1 lowerbound=1 fileNameGp=../../cp2016-max-common-connected-subgraph-paper/datasets/graphsdb/mcs70/bvg/b06/mcs70_b06_s40.A06 fileNameGt=../../cp2016-max-common-connected-subgraph-paper/datasets/graphsdb/mcs70/bvg/b06/mcs70_b06_s40.B06
Reading graphs...
40 : 120
40 : 120
Initializing...
maxdom : 10
D->valSize : 226
Solving...
Blb : 2 (clique : 12)
currentSize : 12 <-- 0.001284 s
currentSize : 13 <-- 0.001422 s
currentSize : 16 <-- 0.001888 s
currentSize : 17 <-- 0.001901 s
currentSize : 18 <-- 0.010816 s
currentSize : 19 <-- 0.012465 s
currentSize : 20 <-- 0.026102 s
currentSize : 21 <-- 0.027694 s
currentSize : 24 <-- 0.034224 s
currentSize : 25 <-- 0.034262 s
currentSize : 26 <-- 0.037899 s
currentSize : 28 <-- 0.038035 s

maxsize : 28
nodes : 11408.000000
filtered : 106839.000000
time : 0.040851
