Parameters: GAD=1 vflib=1 dir=1 label=1 lowerbound=1 fileNameGp=../../cp2016-max-common-connected-subgraph-paper/datasets/graphsdb/mcs70/m2D/m2Dr2/mcs70_m2Dr2_s70.A01 fileNameGt=../../cp2016-max-common-connected-subgraph-paper/datasets/graphsdb/mcs70/m2D/m2Dr2/mcs70_m2Dr2_s70.B01
Reading graphs...
70 : 137
70 : 137
Initializing...
maxdom : 8
D->valSize : 352
Solving...
Blb : 5 (clique : 25)
currentSize : 25 <-- 0.002923 s
currentSize : 26 <-- 0.003488 s
currentSize : 27 <-- 0.005281 s
currentSize : 28 <-- 0.013028 s
currentSize : 30 <-- 0.016203 s
currentSize : 32 <-- 0.020199 s
currentSize : 33 <-- 0.020346 s
currentSize : 34 <-- 0.020476 s
currentSize : 35 <-- 0.020622 s
currentSize : 37 <-- 0.025123 s
currentSize : 38 <-- 0.025285 s
currentSize : 39 <-- 0.025498 s
currentSize : 40 <-- 0.307701 s
currentSize : 41 <-- 0.307798 s
currentSize : 42 <-- 0.307851 s
currentSize : 43 <-- 5.680127 s
currentSize : 44 <-- 5.683822 s
currentSize : 46 <-- 5.683909 s
currentSize : 49 <-- 5.730635 s

maxsize : 49
nodes : 2117220.000000
filtered : 10665938.000000
time : 9.219350
