Parameters: GAD=1 vflib=1 dir=1 label=1 lowerbound=1 fileNameGp=../../cp2016-max-common-connected-subgraph-paper/datasets/graphsdb/mcs70/bvg/b03/mcs70_b03_s70.A03 fileNameGt=../../cp2016-max-common-connected-subgraph-paper/datasets/graphsdb/mcs70/bvg/b03/mcs70_b03_s70.B03
Reading graphs...
70 : 105
70 : 105
Initializing...
maxdom : 8
D->valSize : 354
Solving...
Blb : 2 (clique : 45)
currentSize : 45 <-- 0.003447 s
currentSize : 46 <-- 0.080262 s
currentSize : 47 <-- 0.080551 s
currentSize : 48 <-- 0.226595 s
currentSize : 49 <-- 0.238753 s
currentSize : 50 <-- 40.476341 s

maxsize : 50
nodes : 14622485.000000
filtered : 68511033.000000
time : 60.166168
