Parameters: GAD=1 vflib=1 dir=1 label=1 lowerbound=1 fileNameGp=../../cp2016-max-common-connected-subgraph-paper/datasets/graphsdb/mcs70/bvg/b03m/mcs70_b03m_s80.A08 fileNameGt=../../cp2016-max-common-connected-subgraph-paper/datasets/graphsdb/mcs70/bvg/b03m/mcs70_b03m_s80.B08
Reading graphs...
80 : 120
80 : 120
Initializing...
maxdom : 10
D->valSize : 442
Solving...
Blb : 2 (clique : 41)
currentSize : 41 <-- 0.004492 s
currentSize : 44 <-- 0.004783 s
currentSize : 46 <-- 0.004862 s
currentSize : 47 <-- 0.069706 s
currentSize : 48 <-- 0.083313 s
currentSize : 50 <-- 0.083469 s
currentSize : 51 <-- 0.215898 s
currentSize : 53 <-- 0.216032 s
currentSize : 56 <-- 0.586115 s

maxsize : 56
nodes : 5262695.000000
filtered : 25998753.000000
time : 27.417032
