Parameters: GAD=1 vflib=1 dir=1 label=1 lowerbound=1 fileNameGp=../../cp2016-max-common-connected-subgraph-paper/datasets/graphsdb/mcs70/m3D/m3Dr2/mcs70_m3Dr2_s90.A03 fileNameGt=../../cp2016-max-common-connected-subgraph-paper/datasets/graphsdb/mcs70/m3D/m3Dr2/mcs70_m3Dr2_s90.B03
Reading graphs...
90 : 227
90 : 227
Initializing...
maxdom : 10
D->valSize : 598
Solving...
Blb : 2 (clique : 46)
currentSize : 46 <-- 0.007573 s
currentSize : 47 <-- 8.820151 s
currentSize : 48 <-- 8.930005 s
currentSize : 49 <-- 227.207550 s
currentSize : 50 <-- 227.208496 s
currentSize : 51 <-- 227.212448 s
currentSize : 52 <-- 336.453705 s
currentSize : 57 <-- 336.460083 s
currentSize : 59 <-- 336.460297 s
currentSize : 62 <-- 560.023865 s
currentSize : 64 <-- 560.024048 s

maxsize : 64
nodes : 115904078.000000
filtered : 786136130.000000
time : 625.450562
