Parameters: GAD=1 vflib=1 dir=1 label=1 lowerbound=1 fileNameGp=../../cp2016-max-common-connected-subgraph-paper/datasets/graphsdb/mcs70/rand/r005/mcs70_r005_s60.A03 fileNameGt=../../cp2016-max-common-connected-subgraph-paper/datasets/graphsdb/mcs70/rand/r005/mcs70_r005_s60.B03
Reading graphs...
60 : 176
60 : 176
Initializing...
maxdom : 8
D->valSize : 281
Solving...
Blb : 2 (clique : 26)
currentSize : 26 <-- 0.002067 s
currentSize : 29 <-- 0.002208 s
currentSize : 30 <-- 0.042875 s
currentSize : 32 <-- 0.045144 s
currentSize : 38 <-- 0.086931 s
currentSize : 40 <-- 0.137246 s
currentSize : 42 <-- 0.137306 s

maxsize : 42
nodes : 58739.000000
filtered : 287631.000000
time : 0.209710
