Parameters: GAD=1 vflib=1 dir=1 label=1 lowerbound=1 fileNameGp=../../cp2016-max-common-connected-subgraph-paper/datasets/graphsdb/mcs70/m2D/m2Dr6/mcs70_m2Dr6_s100.A07 fileNameGt=../../cp2016-max-common-connected-subgraph-paper/datasets/graphsdb/mcs70/m2D/m2Dr6/mcs70_m2Dr6_s100.B07
Reading graphs...
100 : 240
100 : 238
Initializing...
maxdom : 9
D->valSize : 397
Solving...
Blb : 2 (clique : 44)
currentSize : 44 <-- 0.004182 s
currentSize : 51 <-- 0.014956 s
currentSize : 52 <-- 0.901815 s
currentSize : 57 <-- 2.695710 s
currentSize : 59 <-- 3.189506 s
currentSize : 61 <-- 6.789052 s
currentSize : 62 <-- 6.789651 s
currentSize : 63 <-- 8.493078 s
currentSize : 65 <-- 8.495300 s

maxsize : 65
nodes : 14623149.000000
filtered : 69405839.000000
time : 76.182793
