Parameters: GAD=1 vflib=1 dir=1 label=1 lowerbound=1 fileNameGp=../../cp2016-max-common-connected-subgraph-paper/datasets/graphsdb/mcs70/m2D/m2Dr2/mcs70_m2Dr2_s50.A08 fileNameGt=../../cp2016-max-common-connected-subgraph-paper/datasets/graphsdb/mcs70/m2D/m2Dr2/mcs70_m2Dr2_s50.B08
Reading graphs...
50 : 95
50 : 95
Initializing...
maxdom : 9
D->valSize : 340
Solving...
Blb : 5 (clique : 21)
currentSize : 21 <-- 0.002609 s
currentSize : 22 <-- 0.005513 s
currentSize : 23 <-- 0.007909 s
currentSize : 24 <-- 0.012452 s
currentSize : 25 <-- 0.018372 s
currentSize : 26 <-- 0.022163 s
currentSize : 27 <-- 0.034831 s
currentSize : 28 <-- 0.080506 s
currentSize : 36 <-- 0.566003 s

maxsize : 36
nodes : 149361.000000
filtered : 1966690.000000
time : 0.694306
