Parameters: GAD=1 vflib=1 dir=1 label=1 lowerbound=1 fileNameGp=../../cp2016-max-common-connected-subgraph-paper/datasets/graphsdb/mcs70/m2D/m2D/mcs70_m2D_s70.A08 fileNameGt=../../cp2016-max-common-connected-subgraph-paper/datasets/graphsdb/mcs70/m2D/m2D/mcs70_m2D_s70.B08
Reading graphs...
70 : 123
70 : 123
Initializing...
maxdom : 7
D->valSize : 335
Solving...
Blb : 2 (clique : 37)
currentSize : 37 <-- 0.004450 s
currentSize : 38 <-- 0.004799 s
currentSize : 39 <-- 0.004955 s
currentSize : 40 <-- 0.005681 s
currentSize : 42 <-- 0.009671 s
currentSize : 43 <-- 0.167597 s
currentSize : 44 <-- 0.470766 s
currentSize : 45 <-- 0.479286 s
currentSize : 46 <-- 0.479546 s
currentSize : 47 <-- 1.376139 s
currentSize : 48 <-- 1.378006 s
currentSize : 49 <-- 1.378109 s

maxsize : 49
nodes : 2169379.000000
filtered : 10428712.000000
time : 9.521852
