Parameters: GAD=1 vflib=1 dir=1 label=1 lowerbound=1 fileNameGp=../../cp2016-max-common-connected-subgraph-paper/datasets/graphsdb/mcs70/m3D/m3Dr6/mcs70_m3Dr6_s40.A05 fileNameGt=../../cp2016-max-common-connected-subgraph-paper/datasets/graphsdb/mcs70/m3D/m3Dr6/mcs70_m3Dr6_s40.B05
Reading graphs...
40 : 108
40 : 105
Initializing...
maxdom : 8
D->valSize : 203
Solving...
Blb : 2 (clique : 16)
currentSize : 16 <-- 0.001115 s
currentSize : 17 <-- 0.001290 s
currentSize : 18 <-- 0.001657 s
currentSize : 20 <-- 0.032833 s
currentSize : 22 <-- 0.038824 s
currentSize : 23 <-- 0.038855 s
currentSize : 24 <-- 0.039015 s
currentSize : 27 <-- 0.039055 s

maxsize : 27
nodes : 11731.000000
filtered : 104602.000000
time : 0.041914
