Parameters: GAD=1 vflib=1 dir=1 label=1 lowerbound=1 fileNameGp=../../cp2016-max-common-connected-subgraph-paper/datasets/graphsdb/mcs70/m2D/m2Dr4/mcs70_m2Dr4_s100.A01 fileNameGt=../../cp2016-max-common-connected-subgraph-paper/datasets/graphsdb/mcs70/m2D/m2Dr4/mcs70_m2Dr4_s100.B01
Reading graphs...
100 : 220
100 : 220
Initializing...
maxdom : 7
D->valSize : 375
Solving...
Blb : 2 (clique : 41)
currentSize : 41 <-- 0.003859 s
currentSize : 42 <-- 0.004171 s
currentSize : 43 <-- 0.009369 s
currentSize : 45 <-- 0.027333 s
currentSize : 47 <-- 0.153161 s
currentSize : 49 <-- 0.346715 s
currentSize : 51 <-- 0.353408 s
currentSize : 52 <-- 7.032119 s
currentSize : 54 <-- 7.032954 s
currentSize : 55 <-- 7.044633 s
currentSize : 57 <-- 7.109061 s
currentSize : 59 <-- 7.111306 s
currentSize : 60 <-- 7.158884 s
currentSize : 62 <-- 86.720299 s
currentSize : 63 <-- 86.746925 s
currentSize : 64 <-- 518.916931 s

TIMEOUT
maxsize : 64
nodes : 189505728.000000
filtered : 775745702.000000
time : 1000.000061
