Parameters: GAD=1 vflib=1 dir=1 label=1 lowerbound=1 fileNameGp=../../cp2016-max-common-connected-subgraph-paper/datasets/graphsdb/mcs70/bvg/b06/mcs70_b06_s80.A07 fileNameGt=../../cp2016-max-common-connected-subgraph-paper/datasets/graphsdb/mcs70/bvg/b06/mcs70_b06_s80.B07
Reading graphs...
80 : 240
80 : 240
Initializing...
maxdom : 11
D->valSize : 493
Solving...
Blb : 5 (clique : 24)
currentSize : 24 <-- 0.005014 s
currentSize : 26 <-- 2.174979 s
currentSize : 29 <-- 2.175843 s
currentSize : 30 <-- 2.180362 s
currentSize : 31 <-- 2.356525 s
currentSize : 32 <-- 5.538695 s
currentSize : 33 <-- 19.635414 s
currentSize : 34 <-- 30.745806 s
currentSize : 36 <-- 63.591324 s
currentSize : 37 <-- 63.633614 s
currentSize : 39 <-- 82.948189 s
currentSize : 40 <-- 82.952873 s
currentSize : 41 <-- 85.228531 s
currentSize : 42 <-- 117.167145 s
currentSize : 43 <-- 118.154060 s
currentSize : 49 <-- 118.159370 s
currentSize : 51 <-- 127.853775 s
currentSize : 52 <-- 127.853867 s
currentSize : 53 <-- 127.853951 s
currentSize : 55 <-- 127.902687 s
currentSize : 56 <-- 127.902786 s

maxsize : 56
nodes : 24793475.000000
filtered : 219163358.000000
time : 129.295242
