Parameters: GAD=1 vflib=1 dir=1 label=1 lowerbound=1 fileNameGp=../../cp2016-max-common-connected-subgraph-paper/datasets/graphsdb/mcs70/m2D/m2Dr4/mcs70_m2Dr4_s80.A01 fileNameGt=../../cp2016-max-common-connected-subgraph-paper/datasets/graphsdb/mcs70/m2D/m2Dr4/mcs70_m2Dr4_s80.B01
Reading graphs...
80 : 174
80 : 172
Initializing...
maxdom : 7
D->valSize : 414
Solving...
Blb : 2 (clique : 39)
currentSize : 39 <-- 0.004106 s
currentSize : 46 <-- 0.004366 s
currentSize : 47 <-- 0.004946 s
currentSize : 48 <-- 0.027943 s
currentSize : 49 <-- 135.591095 s

maxsize : 49
nodes : 127465570.000000
filtered : 619856448.000000
time : 613.970825
