Parameters: GAD=1 vflib=1 dir=1 label=1 lowerbound=1 fileNameGp=../../cp2016-max-common-connected-subgraph-paper/datasets/graphsdb/mcs70/bvg/b03/mcs70_b03_s70.A07 fileNameGt=../../cp2016-max-common-connected-subgraph-paper/datasets/graphsdb/mcs70/bvg/b03/mcs70_b03_s70.B07
Reading graphs...
70 : 105
70 : 105
Initializing...
maxdom : 8
D->valSize : 361
Solving...
Blb : 2 (clique : 35)
currentSize : 35 <-- 0.003281 s
currentSize : 36 <-- 0.005058 s
currentSize : 37 <-- 0.005357 s
currentSize : 38 <-- 0.008922 s
currentSize : 39 <-- 0.011597 s
currentSize : 40 <-- 0.012155 s
currentSize : 41 <-- 53.000607 s
currentSize : 42 <-- 53.001175 s
currentSize : 43 <-- 123.104088 s
currentSize : 44 <-- 267.920990 s
currentSize : 46 <-- 280.617401 s
currentSize : 47 <-- 280.617462 s
currentSize : 48 <-- 350.844543 s

maxsize : 48
nodes : 90396803.000000
filtered : 525270309.000000
time : 417.882172
