Parameters: GAD=1 vflib=1 dir=1 label=1 lowerbound=1 fileNameGp=../../cp2016-max-common-connected-subgraph-paper/datasets/graphsdb/mcs70/bvg/b03/mcs70_b03_s70.A01 fileNameGt=../../cp2016-max-common-connected-subgraph-paper/datasets/graphsdb/mcs70/bvg/b03/mcs70_b03_s70.B01
Reading graphs...
70 : 105
70 : 105
Initializing...
maxdom : 8
D->valSize : 331
Solving...
Blb : 2 (clique : 32)
currentSize : 32 <-- 0.004508 s
currentSize : 33 <-- 0.005177 s
currentSize : 36 <-- 0.009239 s
currentSize : 37 <-- 0.010914 s
currentSize : 39 <-- 0.013997 s
currentSize : 41 <-- 0.128929 s
currentSize : 46 <-- 0.237172 s
currentSize : 47 <-- 1.613571 s
currentSize : 49 <-- 1.614637 s

maxsize : 49
nodes : 1105575.000000
filtered : 6200450.000000
time : 5.050332
