Parameters: GAD=1 vflib=1 dir=1 label=1 lowerbound=1 fileNameGp=../../cp2016-max-common-connected-subgraph-paper/datasets/graphsdb/mcs70/rand/r005/mcs70_r005_s35.A08 fileNameGt=../../cp2016-max-common-connected-subgraph-paper/datasets/graphsdb/mcs70/rand/r005/mcs70_r005_s35.B08
Reading graphs...
35 : 58
35 : 58
Initializing...
maxdom : 6
D->valSize : 165
Solving...
Blb : 2 (clique : 16)
currentSize : 16 <-- 0.000922 s
currentSize : 17 <-- 0.000997 s
currentSize : 18 <-- 0.001076 s
currentSize : 19 <-- 0.001326 s
currentSize : 20 <-- 0.002010 s
currentSize : 21 <-- 0.003751 s
currentSize : 22 <-- 0.006394 s
currentSize : 23 <-- 0.008074 s
currentSize : 24 <-- 0.008290 s

maxsize : 24
nodes : 4168.000000
filtered : 29495.000000
time : 0.014488
