Parameters: GAD=1 vflib=1 dir=1 label=1 lowerbound=1 fileNameGp=../../cp2016-max-common-connected-subgraph-paper/datasets/graphsdb/mcs70/m3D/m3Dr6/mcs70_m3Dr6_s100.A04 fileNameGt=../../cp2016-max-common-connected-subgraph-paper/datasets/graphsdb/mcs70/m3D/m3Dr6/mcs70_m3Dr6_s100.B04
Reading graphs...
100 : 294
100 : 294
Initializing...
maxdom : 10
D->valSize : 398
Solving...
Blb : 2 (clique : 46)
currentSize : 46 <-- 0.006711 s
currentSize : 47 <-- 0.029784 s
currentSize : 50 <-- 0.593281 s
currentSize : 51 <-- 0.616709 s
currentSize : 54 <-- 6.345034 s
currentSize : 55 <-- 6.347834 s
currentSize : 56 <-- 55.314827 s
currentSize : 57 <-- 55.315594 s
currentSize : 62 <-- 59.032242 s
currentSize : 64 <-- 123.968536 s

maxsize : 64
nodes : 51097001.000000
filtered : 200014697.000000
time : 244.632843
