Parameters: GAD=1 vflib=1 dir=1 label=1 lowerbound=1 fileNameGp=../../cp2016-max-common-connected-subgraph-paper/datasets/graphsdb/mcs70/bvg/b03/mcs70_b03_s100.A08 fileNameGt=../../cp2016-max-common-connected-subgraph-paper/datasets/graphsdb/mcs70/bvg/b03/mcs70_b03_s100.B08
Reading graphs...
100 : 150
100 : 150
Initializing...
maxdom : 8
D->valSize : 377
Solving...
Blb : 2 (clique : 47)
currentSize : 47 <-- 0.004287 s
currentSize : 48 <-- 0.004909 s
currentSize : 49 <-- 0.005468 s
currentSize : 50 <-- 0.008382 s
currentSize : 51 <-- 0.100759 s
currentSize : 52 <-- 4.860050 s
currentSize : 53 <-- 5.242788 s
currentSize : 54 <-- 55.064468 s
currentSize : 55 <-- 55.064575 s
currentSize : 56 <-- 116.352524 s
currentSize : 57 <-- 116.354805 s
currentSize : 58 <-- 244.331436 s
currentSize : 59 <-- 244.332687 s
currentSize : 60 <-- 386.333710 s
currentSize : 61 <-- 390.554230 s
currentSize : 62 <-- 390.555481 s
currentSize : 63 <-- 577.222656 s
currentSize : 64 <-- 665.715881 s
currentSize : 65 <-- 670.071167 s
currentSize : 66 <-- 670.071655 s

TIMEOUT
maxsize : 66
nodes : 230275451.000000
filtered : 593839965.000000
time : 1000.000122
