Parameters: GAD=1 vflib=1 dir=1 label=1 lowerbound=1 fileNameGp=../../cp2016-max-common-connected-subgraph-paper/datasets/graphsdb/mcs70/m2D/m2Dr6/mcs70_m2Dr6_s90.A07 fileNameGt=../../cp2016-max-common-connected-subgraph-paper/datasets/graphsdb/mcs70/m2D/m2Dr6/mcs70_m2Dr6_s90.B07
Reading graphs...
90 : 215
90 : 214
Initializing...
maxdom : 10
D->valSize : 575
Solving...
Blb : 2 (clique : 58)
currentSize : 58 <-- 0.007166 s
currentSize : 59 <-- 14.155666 s
currentSize : 60 <-- 14.156025 s
currentSize : 61 <-- 14.156209 s
currentSize : 62 <-- 14.156345 s
currentSize : 63 <-- 14.156724 s
currentSize : 65 <-- 14.156932 s

maxsize : 65
nodes : 7066711.000000
filtered : 49049554.000000
time : 40.747097
