Parameters: GAD=1 vflib=1 dir=1 label=1 lowerbound=1 fileNameGp=../../cp2016-max-common-connected-subgraph-paper/datasets/graphsdb/mcs70/m2D/m2D/mcs70_m2D_s70.A07 fileNameGt=../../cp2016-max-common-connected-subgraph-paper/datasets/graphsdb/mcs70/m2D/m2D/mcs70_m2D_s70.B07
Reading graphs...
70 : 123
70 : 123
Initializing...
maxdom : 9
D->valSize : 352
Solving...
Blb : 3 (clique : 34)
currentSize : 34 <-- 0.002999 s
currentSize : 35 <-- 0.322343 s
currentSize : 36 <-- 0.587183 s
currentSize : 37 <-- 0.587628 s
currentSize : 38 <-- 1.230506 s
currentSize : 39 <-- 3.617771 s
currentSize : 40 <-- 3.617862 s
currentSize : 41 <-- 3.987659 s
currentSize : 42 <-- 3.989162 s
currentSize : 44 <-- 4.453109 s
currentSize : 45 <-- 6.613835 s
currentSize : 48 <-- 6.623871 s
currentSize : 49 <-- 6.676446 s
currentSize : 50 <-- 6.676706 s

maxsize : 50
nodes : 1680180.000000
filtered : 9155120.000000
time : 7.720984
