Parameters: GAD=1 vflib=1 dir=1 label=1 lowerbound=1 fileNameGp=../../cp2016-max-common-connected-subgraph-paper/datasets/graphsdb/mcs70/m3D/m3Dr4/mcs70_m3Dr4_s90.A06 fileNameGt=../../cp2016-max-common-connected-subgraph-paper/datasets/graphsdb/mcs70/m3D/m3Dr4/mcs70_m3Dr4_s90.B06
Reading graphs...
90 : 245
90 : 245
Initializing...
maxdom : 8
D->valSize : 559
Solving...
Blb : 2 (clique : 52)
currentSize : 52 <-- 0.006756 s
currentSize : 53 <-- 0.007192 s
currentSize : 54 <-- 0.007332 s
currentSize : 57 <-- 0.019245 s
currentSize : 58 <-- 0.019450 s
currentSize : 59 <-- 0.019603 s
currentSize : 60 <-- 0.081823 s
currentSize : 62 <-- 0.082044 s
currentSize : 64 <-- 0.088047 s

maxsize : 64
nodes : 55774417.000000
filtered : 305578135.000000
time : 289.543365
