Parameters: GAD=1 vflib=1 dir=1 label=1 lowerbound=1 fileNameGp=../../cp2016-max-common-connected-subgraph-paper/datasets/graphsdb/mcs70/rand/r005/mcs70_r005_s100.A08 fileNameGt=../../cp2016-max-common-connected-subgraph-paper/datasets/graphsdb/mcs70/rand/r005/mcs70_r005_s100.B08
Reading graphs...
100 : 494
100 : 494
Initializing...
maxdom : 7
D->valSize : 370
Solving...
Blb : 2 (clique : 37)
currentSize : 37 <-- 0.003732 s
currentSize : 38 <-- 0.003986 s
currentSize : 43 <-- 0.004170 s
currentSize : 45 <-- 0.004388 s
currentSize : 50 <-- 0.004621 s
currentSize : 58 <-- 0.004925 s
currentSize : 70 <-- 0.005902 s

maxsize : 70
nodes : 42041.000000
filtered : 381500.000000
time : 0.279130
