Parameters: GAD=1 vflib=1 dir=1 label=1 lowerbound=1 fileNameGp=../../cp2016-max-common-connected-subgraph-paper/datasets/graphsdb/mcs70/m3D/m3Dr6/mcs70_m3Dr6_s40.A03 fileNameGt=../../cp2016-max-common-connected-subgraph-paper/datasets/graphsdb/mcs70/m3D/m3Dr6/mcs70_m3Dr6_s40.B03
Reading graphs...
40 : 108
40 : 104
Initializing...
maxdom : 8
D->valSize : 214
Solving...
Blb : 2 (clique : 13)
currentSize : 13 <-- 0.001164 s
currentSize : 14 <-- 0.001252 s
currentSize : 15 <-- 0.001291 s
currentSize : 16 <-- 0.010818 s
currentSize : 17 <-- 0.010858 s
currentSize : 19 <-- 0.047098 s
currentSize : 21 <-- 0.094113 s
currentSize : 22 <-- 0.100536 s
currentSize : 23 <-- 0.104305 s
currentSize : 24 <-- 0.109374 s
currentSize : 25 <-- 0.111118 s
currentSize : 26 <-- 0.112028 s
currentSize : 27 <-- 0.118041 s

maxsize : 27
nodes : 38867.000000
filtered : 284584.000000
time : 0.128016
