Parameters: GAD=1 vflib=1 dir=1 label=1 lowerbound=1 fileNameGp=../../cp2016-max-common-connected-subgraph-paper/datasets/graphsdb/mcs70/m3D/m3D/mcs70_m3D_s100.A04 fileNameGt=../../cp2016-max-common-connected-subgraph-paper/datasets/graphsdb/mcs70/m3D/m3D/mcs70_m3D_s100.B04
Reading graphs...
100 : 235
100 : 235
Initializing...
maxdom : 6
D->valSize : 405
Solving...
Blb : 2 (clique : 56)
currentSize : 56 <-- 0.004393 s
currentSize : 57 <-- 0.004915 s
currentSize : 58 <-- 0.401585 s
currentSize : 59 <-- 0.401793 s
currentSize : 60 <-- 4.635317 s
currentSize : 62 <-- 5.402272 s
currentSize : 64 <-- 5.405363 s

maxsize : 64
nodes : 94659869.000000
filtered : 429290119.000000
time : 519.515381
