Parameters: GAD=1 vflib=1 dir=1 label=1 lowerbound=1 fileNameGp=../../cp2016-max-common-connected-subgraph-paper/datasets/graphsdb/mcs70/m3D/m3Dr4/mcs70_m3Dr4_s100.A00 fileNameGt=../../cp2016-max-common-connected-subgraph-paper/datasets/graphsdb/mcs70/m3D/m3Dr4/mcs70_m3Dr4_s100.B00
Reading graphs...
100 : 275
100 : 274
Initializing...
maxdom : 7
D->valSize : 368
Solving...
Blb : 2 (clique : 40)
currentSize : 40 <-- 0.005879 s
currentSize : 41 <-- 0.006512 s
currentSize : 43 <-- 0.013407 s
currentSize : 45 <-- 0.013689 s
currentSize : 46 <-- 0.043179 s
currentSize : 48 <-- 0.043462 s
currentSize : 51 <-- 0.106727 s
currentSize : 53 <-- 0.106981 s
currentSize : 55 <-- 0.615920 s
currentSize : 57 <-- 0.643038 s
currentSize : 59 <-- 27.869549 s
currentSize : 61 <-- 27.876034 s
currentSize : 62 <-- 73.939331 s
currentSize : 64 <-- 73.976158 s

maxsize : 64
nodes : 26774275.000000
filtered : 97365744.000000
time : 138.639130
