Parameters: GAD=1 vflib=1 dir=1 label=1 lowerbound=1 fileNameGp=../../cp2016-max-common-connected-subgraph-paper/datasets/graphsdb/mcs70/bvg/b06/mcs70_b06_s70.A07 fileNameGt=../../cp2016-max-common-connected-subgraph-paper/datasets/graphsdb/mcs70/bvg/b06/mcs70_b06_s70.B07
Reading graphs...
70 : 210
70 : 210
Initializing...
maxdom : 9
D->valSize : 356
Solving...
Blb : 2 (clique : 25)
currentSize : 25 <-- 0.003025 s
currentSize : 26 <-- 0.003272 s
currentSize : 27 <-- 0.004166 s
currentSize : 28 <-- 0.004284 s
currentSize : 31 <-- 0.004719 s
currentSize : 33 <-- 0.141772 s
currentSize : 35 <-- 2.664186 s
currentSize : 37 <-- 3.053715 s
currentSize : 38 <-- 3.053800 s
currentSize : 39 <-- 3.708488 s
currentSize : 42 <-- 5.995145 s
currentSize : 44 <-- 6.166456 s
currentSize : 47 <-- 6.183158 s
currentSize : 48 <-- 6.183229 s
currentSize : 49 <-- 6.185822 s

maxsize : 49
nodes : 2724646.000000
filtered : 13846042.000000
time : 10.924345
