Parameters: GAD=1 vflib=1 dir=1 label=1 lowerbound=1 fileNameGp=../../cp2016-max-common-connected-subgraph-paper/datasets/graphsdb/mcs70/m2D/m2D/mcs70_m2D_s100.A07 fileNameGt=../../cp2016-max-common-connected-subgraph-paper/datasets/graphsdb/mcs70/m2D/m2D/mcs70_m2D_s100.B07
Reading graphs...
100 : 180
100 : 180
Initializing...
maxdom : 8
D->valSize : 395
Solving...
Blb : 2 (clique : 42)
currentSize : 42 <-- 0.006980 s
currentSize : 43 <-- 0.007784 s
currentSize : 44 <-- 0.011753 s
currentSize : 45 <-- 0.054509 s
currentSize : 47 <-- 0.325877 s
currentSize : 48 <-- 0.327176 s
currentSize : 49 <-- 0.363076 s
currentSize : 51 <-- 1.395002 s
currentSize : 52 <-- 1.415322 s
currentSize : 54 <-- 2.711290 s
currentSize : 55 <-- 34.572186 s
currentSize : 56 <-- 75.621376 s
currentSize : 57 <-- 79.612511 s
currentSize : 58 <-- 79.869217 s
currentSize : 59 <-- 79.869362 s
currentSize : 60 <-- 84.803360 s

TIMEOUT
maxsize : 60
nodes : 184639841.000000
filtered : 735358916.000000
time : 1000.000061
