Parameters: GAD=1 vflib=1 dir=1 label=1 lowerbound=1 fileNameGp=../../cp2016-max-common-connected-subgraph-paper/datasets/graphsdb/mcs70/m2D/m2D/mcs70_m2D_s70.A06 fileNameGt=../../cp2016-max-common-connected-subgraph-paper/datasets/graphsdb/mcs70/m2D/m2D/mcs70_m2D_s70.B06
Reading graphs...
70 : 123
70 : 123
Initializing...
maxdom : 8
D->valSize : 365
Solving...
Blb : 2 (clique : 37)
currentSize : 37 <-- 0.003129 s
currentSize : 38 <-- 0.492705 s
currentSize : 39 <-- 2.562497 s
currentSize : 41 <-- 4.421085 s
currentSize : 44 <-- 9.450136 s
currentSize : 45 <-- 21.957529 s
currentSize : 48 <-- 29.690872 s
currentSize : 50 <-- 39.864414 s

maxsize : 50
nodes : 11964267.000000
filtered : 58813343.000000
time : 51.764446
