Parameters: GAD=1 vflib=1 dir=1 label=1 lowerbound=1 fileNameGp=../../cp2016-max-common-connected-subgraph-paper/datasets/graphsdb/mcs70/m2D/m2Dr4/mcs70_m2Dr4_s100.A05 fileNameGt=../../cp2016-max-common-connected-subgraph-paper/datasets/graphsdb/mcs70/m2D/m2Dr4/mcs70_m2Dr4_s100.B05
Reading graphs...
100 : 220
100 : 219
Initializing...
maxdom : 6
D->valSize : 348
Solving...
Blb : 2 (clique : 48)
currentSize : 48 <-- 0.003529 s
currentSize : 51 <-- 0.003869 s
currentSize : 53 <-- 0.004145 s
currentSize : 54 <-- 0.004240 s
currentSize : 55 <-- 359.512878 s
currentSize : 57 <-- 359.513367 s
currentSize : 58 <-- 359.513489 s

TIMEOUT
maxsize : 58
nodes : 200402632.000000
filtered : 720752616.000000
time : 1000.000061
