Parameters: GAD=1 vflib=1 dir=1 label=1 lowerbound=1 fileNameGp=../../cp2016-max-common-connected-subgraph-paper/datasets/graphsdb/mcs70/m2D/m2D/mcs70_m2D_s90.A01 fileNameGt=../../cp2016-max-common-connected-subgraph-paper/datasets/graphsdb/mcs70/m2D/m2D/mcs70_m2D_s90.B01
Reading graphs...
90 : 161
90 : 161
Initializing...
maxdom : 10
D->valSize : 589
Solving...
Blb : 2 (clique : 41)
currentSize : 41 <-- 0.007336 s
currentSize : 42 <-- 0.007713 s
currentSize : 43 <-- 0.008471 s
currentSize : 45 <-- 0.019654 s
currentSize : 46 <-- 0.019807 s
currentSize : 47 <-- 0.035622 s
currentSize : 49 <-- 0.038230 s
currentSize : 50 <-- 0.038482 s
currentSize : 52 <-- 0.065562 s
currentSize : 53 <-- 0.065671 s
currentSize : 54 <-- 0.066260 s
currentSize : 55 <-- 0.185715 s
currentSize : 56 <-- 7.213867 s

TIMEOUT
maxsize : 56
nodes : 194784037.000000
filtered : 1011121908.000000
time : 1000.000061
