Parameters: GAD=1 vflib=1 dir=1 label=1 lowerbound=1 fileNameGp=../../cp2016-max-common-connected-subgraph-paper/datasets/graphsdb/mcs70/bvg/b06m/mcs70_b06m_s60.A00 fileNameGt=../../cp2016-max-common-connected-subgraph-paper/datasets/graphsdb/mcs70/bvg/b06m/mcs70_b06m_s60.B00
Reading graphs...
60 : 180
60 : 180
Initializing...
maxdom : 7
D->valSize : 241
Solving...
Blb : 5 (clique : 21)
currentSize : 21 <-- 0.001613 s
currentSize : 22 <-- 0.001749 s
currentSize : 23 <-- 0.001785 s
currentSize : 25 <-- 0.008108 s
currentSize : 26 <-- 0.008167 s
currentSize : 29 <-- 0.010584 s
currentSize : 30 <-- 0.010628 s
currentSize : 31 <-- 0.327170 s
currentSize : 35 <-- 0.423354 s
currentSize : 36 <-- 0.553180 s
currentSize : 40 <-- 0.637372 s
currentSize : 42 <-- 0.637532 s

maxsize : 42
nodes : 164787.000000
filtered : 925090.000000
time : 0.659607
