Parameters: GAD=1 vflib=1 dir=1 label=1 lowerbound=1 fileNameGp=../../cp2016-max-common-connected-subgraph-paper/datasets/graphsdb/mcs70/bvg/b03/mcs70_b03_s60.A05 fileNameGt=../../cp2016-max-common-connected-subgraph-paper/datasets/graphsdb/mcs70/bvg/b03/mcs70_b03_s60.B05
Reading graphs...
60 : 90
60 : 90
Initializing...
maxdom : 9
D->valSize : 257
Solving...
Blb : 3 (clique : 30)
currentSize : 30 <-- 0.003048 s
currentSize : 31 <-- 0.003326 s
currentSize : 32 <-- 0.003492 s
currentSize : 34 <-- 0.003627 s
currentSize : 35 <-- 0.076177 s
currentSize : 38 <-- 0.267590 s
currentSize : 39 <-- 1.960067 s
currentSize : 41 <-- 2.082332 s
currentSize : 42 <-- 2.082483 s

maxsize : 42
nodes : 603958.000000
filtered : 2484008.000000
time : 2.466216
