Parameters: GAD=1 vflib=1 dir=1 label=1 lowerbound=1 fileNameGp=../../cp2016-max-common-connected-subgraph-paper/datasets/graphsdb/mcs70/bvg/b06/mcs70_b06_s90.A08 fileNameGt=../../cp2016-max-common-connected-subgraph-paper/datasets/graphsdb/mcs70/bvg/b06/mcs70_b06_s90.B08
Reading graphs...
90 : 270
90 : 270
Initializing...
maxdom : 10
D->valSize : 531
Solving...
Blb : 2 (clique : 28)
currentSize : 28 <-- 0.005820 s
currentSize : 35 <-- 0.006088 s
currentSize : 36 <-- 0.006739 s
currentSize : 37 <-- 0.007478 s
currentSize : 42 <-- 0.009146 s
currentSize : 43 <-- 0.155252 s
currentSize : 44 <-- 2.102131 s
currentSize : 45 <-- 44.837971 s
currentSize : 46 <-- 46.272415 s
currentSize : 49 <-- 142.433701 s
currentSize : 50 <-- 142.442108 s
currentSize : 58 <-- 265.586731 s
currentSize : 59 <-- 265.587524 s
currentSize : 62 <-- 364.990967 s
currentSize : 63 <-- 364.992065 s

maxsize : 63
nodes : 69151049.000000
filtered : 579354518.000000
time : 407.024628
