Parameters: GAD=1 vflib=1 dir=1 label=1 lowerbound=1 fileNameGp=../../cp2016-max-common-connected-subgraph-paper/datasets/graphsdb/mcs70/m2D/m2Dr4/mcs70_m2Dr4_s80.A06 fileNameGt=../../cp2016-max-common-connected-subgraph-paper/datasets/graphsdb/mcs70/m2D/m2Dr4/mcs70_m2Dr4_s80.B06
Reading graphs...
80 : 174
80 : 172
Initializing...
maxdom : 8
D->valSize : 424
Solving...
Blb : 2 (clique : 45)
currentSize : 45 <-- 0.004066 s
currentSize : 46 <-- 0.004569 s
currentSize : 47 <-- 0.049888 s
currentSize : 48 <-- 298.906525 s
currentSize : 49 <-- 386.992767 s
currentSize : 50 <-- 387.027008 s

maxsize : 50
nodes : 97081037.000000
filtered : 634438195.000000
time : 499.717804
