Parameters: GAD=1 vflib=1 dir=1 label=1 lowerbound=1 fileNameGp=../../cp2016-max-common-connected-subgraph-paper/datasets/graphsdb/mcs70/rand/r005/mcs70_r005_s50.A01 fileNameGt=../../cp2016-max-common-connected-subgraph-paper/datasets/graphsdb/mcs70/rand/r005/mcs70_r005_s50.B01
Reading graphs...
50 : 121
50 : 121
Initializing...
maxdom : 7
D->valSize : 318
Solving...
Blb : 2 (clique : 17)
currentSize : 17 <-- 0.003461 s
currentSize : 18 <-- 0.007211 s
currentSize : 20 <-- 0.011106 s
currentSize : 22 <-- 0.035064 s
currentSize : 23 <-- 0.035092 s
currentSize : 24 <-- 0.065192 s
currentSize : 25 <-- 0.115062 s
currentSize : 26 <-- 0.137361 s
currentSize : 27 <-- 0.137449 s
currentSize : 29 <-- 0.149155 s
currentSize : 30 <-- 0.149241 s
currentSize : 35 <-- 0.250207 s

maxsize : 35
nodes : 56931.000000
filtered : 685721.000000
time : 0.277190
