Parameters: GAD=1 vflib=1 dir=1 label=1 lowerbound=1 fileNameGp=../../cp2016-max-common-connected-subgraph-paper/datasets/graphsdb/mcs70/bvg/b03/mcs70_b03_s70.A09 fileNameGt=../../cp2016-max-common-connected-subgraph-paper/datasets/graphsdb/mcs70/bvg/b03/mcs70_b03_s70.B09
Reading graphs...
70 : 105
70 : 105
Initializing...
maxdom : 8
D->valSize : 340
Solving...
Blb : 2 (clique : 35)
currentSize : 35 <-- 0.003082 s
currentSize : 36 <-- 0.003339 s
currentSize : 37 <-- 0.003429 s
currentSize : 38 <-- 0.005992 s
currentSize : 39 <-- 0.006063 s
currentSize : 42 <-- 0.131833 s
currentSize : 44 <-- 22.836826 s
currentSize : 45 <-- 26.179502 s
currentSize : 46 <-- 46.030930 s
currentSize : 47 <-- 46.031311 s
currentSize : 48 <-- 47.055016 s

maxsize : 48
nodes : 10250806.000000
filtered : 67686244.000000
time : 48.536552
