Parameters: GAD=1 vflib=1 dir=1 label=1 lowerbound=1 fileNameGp=../../cp2016-max-common-connected-subgraph-paper/datasets/graphsdb/mcs70/rand/r005/mcs70_r005_s40.A01 fileNameGt=../../cp2016-max-common-connected-subgraph-paper/datasets/graphsdb/mcs70/rand/r005/mcs70_r005_s40.B01
Reading graphs...
40 : 77
40 : 77
Initializing...
maxdom : 8
D->valSize : 213
Solving...
Blb : 3 (clique : 16)
currentSize : 16 <-- 0.001872 s
currentSize : 17 <-- 0.042039 s
currentSize : 18 <-- 0.061122 s
currentSize : 19 <-- 0.065756 s
currentSize : 20 <-- 0.067870 s
currentSize : 21 <-- 0.085352 s
currentSize : 22 <-- 0.085498 s
currentSize : 23 <-- 0.104019 s
currentSize : 26 <-- 0.125296 s
currentSize : 28 <-- 0.128142 s

maxsize : 28
nodes : 35381.000000
filtered : 258419.000000
time : 0.133639
