Parameters: GAD=1 vflib=1 dir=1 label=1 lowerbound=1 fileNameGp=../../cp2016-max-common-connected-subgraph-paper/datasets/graphsdb/mcs70/bvg/b06/mcs70_b06_s100.A01 fileNameGt=../../cp2016-max-common-connected-subgraph-paper/datasets/graphsdb/mcs70/bvg/b06/mcs70_b06_s100.B01
Reading graphs...
100 : 300
100 : 300
Initializing...
maxdom : 10
D->valSize : 399
Solving...
Blb : 2 (clique : 45)
currentSize : 45 <-- 0.004231 s
currentSize : 46 <-- 0.017740 s
currentSize : 47 <-- 0.040695 s
currentSize : 50 <-- 0.061966 s
currentSize : 52 <-- 0.062097 s
currentSize : 53 <-- 0.065563 s
currentSize : 54 <-- 0.510309 s
currentSize : 55 <-- 0.510498 s
currentSize : 59 <-- 0.512838 s
currentSize : 61 <-- 0.513281 s
currentSize : 63 <-- 0.579743 s
currentSize : 67 <-- 0.582294 s
currentSize : 69 <-- 0.582614 s
currentSize : 70 <-- 2.643846 s

maxsize : 70
nodes : 834208.000000
filtered : 3916245.000000
time : 4.674473
