Parameters: GAD=1 vflib=1 dir=1 label=1 lowerbound=1 fileNameGp=../../cp2016-max-common-connected-subgraph-paper/datasets/graphsdb/mcs70/m3D/m3D/mcs70_m3D_s100.A09 fileNameGt=../../cp2016-max-common-connected-subgraph-paper/datasets/graphsdb/mcs70/m3D/m3D/mcs70_m3D_s100.B09
Reading graphs...
100 : 235
100 : 235
Initializing...
maxdom : 6
D->valSize : 360
Solving...
Blb : 3 (clique : 37)
currentSize : 37 <-- 0.004730 s
currentSize : 38 <-- 0.005003 s
currentSize : 40 <-- 0.007345 s
currentSize : 41 <-- 0.007438 s
currentSize : 42 <-- 0.012969 s
currentSize : 43 <-- 0.013064 s
currentSize : 45 <-- 0.047740 s
currentSize : 46 <-- 0.090467 s
currentSize : 47 <-- 0.166808 s
currentSize : 48 <-- 0.216627 s
currentSize : 49 <-- 0.266200 s
currentSize : 50 <-- 0.266340 s
currentSize : 51 <-- 0.266655 s
currentSize : 52 <-- 0.460195 s
currentSize : 53 <-- 1.001348 s
currentSize : 54 <-- 676.849487 s
currentSize : 55 <-- 676.849670 s
currentSize : 56 <-- 676.892151 s
currentSize : 57 <-- 676.892334 s
currentSize : 58 <-- 676.892517 s

TIMEOUT
maxsize : 58
nodes : 198228446.000000
filtered : 693185543.000000
time : 1000.000122
