Parameters: GAD=1 vflib=1 dir=1 label=1 lowerbound=1 fileNameGp=../../cp2016-max-common-connected-subgraph-paper/datasets/graphsdb/mcs70/rand/r005/mcs70_r005_s40.A04 fileNameGt=../../cp2016-max-common-connected-subgraph-paper/datasets/graphsdb/mcs70/rand/r005/mcs70_r005_s40.B04
Reading graphs...
40 : 77
40 : 77
Initializing...
maxdom : 7
D->valSize : 208
Solving...
Blb : 2 (clique : 16)
currentSize : 16 <-- 0.001301 s
currentSize : 17 <-- 0.001376 s
currentSize : 18 <-- 0.036743 s
currentSize : 19 <-- 0.094957 s
currentSize : 20 <-- 0.379677 s
currentSize : 21 <-- 0.435193 s
currentSize : 22 <-- 0.457082 s
currentSize : 23 <-- 0.508062 s
currentSize : 24 <-- 0.536906 s
currentSize : 25 <-- 0.559526 s
currentSize : 28 <-- 0.599203 s

maxsize : 28
nodes : 192564.000000
filtered : 1391554.000000
time : 0.604646
