Parameters: GAD=1 vflib=1 dir=1 label=1 lowerbound=1 fileNameGp=../../cp2016-max-common-connected-subgraph-paper/datasets/graphsdb/mcs70/bvg/b06m/mcs70_b06m_s100.A01 fileNameGt=../../cp2016-max-common-connected-subgraph-paper/datasets/graphsdb/mcs70/bvg/b06m/mcs70_b06m_s100.B01
Reading graphs...
100 : 300
100 : 300
Initializing...
maxdom : 6
D->valSize : 372
Solving...
Blb : 3 (clique : 49)
currentSize : 49 <-- 0.003841 s
currentSize : 50 <-- 0.004583 s
currentSize : 53 <-- 0.008363 s
currentSize : 55 <-- 0.008626 s
currentSize : 57 <-- 0.009488 s
currentSize : 59 <-- 0.216510 s
currentSize : 61 <-- 0.216965 s
currentSize : 62 <-- 27.464312 s
currentSize : 66 <-- 27.467903 s
currentSize : 68 <-- 27.468431 s
currentSize : 70 <-- 49.453953 s

maxsize : 70
nodes : 16613207.000000
filtered : 66233456.000000
time : 86.058113
