Parameters: GAD=1 vflib=1 dir=1 label=1 lowerbound=1 fileNameGp=../../cp2016-max-common-connected-subgraph-paper/datasets/graphsdb/mcs70/m3D/m3D/mcs70_m3D_s90.A01 fileNameGt=../../cp2016-max-common-connected-subgraph-paper/datasets/graphsdb/mcs70/m3D/m3D/mcs70_m3D_s90.B01
Reading graphs...
90 : 209
90 : 209
Initializing...
maxdom : 11
D->valSize : 573
Solving...
Blb : 2 (clique : 40)
currentSize : 40 <-- 0.007877 s
currentSize : 53 <-- 0.008212 s
currentSize : 55 <-- 0.008561 s
currentSize : 56 <-- 0.010360 s
currentSize : 57 <-- 0.010432 s
currentSize : 60 <-- 0.011513 s
currentSize : 61 <-- 0.011590 s
currentSize : 63 <-- 0.014145 s
currentSize : 64 <-- 0.017086 s

maxsize : 64
nodes : 14974782.000000
filtered : 103587815.000000
time : 84.985809
