Parameters: GAD=1 vflib=1 dir=1 label=1 lowerbound=1 fileNameGp=../../cp2016-max-common-connected-subgraph-paper/datasets/graphsdb/mcs70/bvg/b06m/mcs70_b06m_s80.A06 fileNameGt=../../cp2016-max-common-connected-subgraph-paper/datasets/graphsdb/mcs70/bvg/b06m/mcs70_b06m_s80.B06
Reading graphs...
80 : 240
80 : 240
Initializing...
maxdom : 9
D->valSize : 440
Solving...
Blb : 2 (clique : 35)
currentSize : 35 <-- 0.004423 s
currentSize : 36 <-- 0.060878 s
currentSize : 37 <-- 0.107003 s
currentSize : 38 <-- 0.211440 s
currentSize : 39 <-- 0.963354 s
currentSize : 40 <-- 0.963415 s
currentSize : 42 <-- 2.089711 s
currentSize : 43 <-- 2.089842 s
currentSize : 46 <-- 2.830395 s
currentSize : 48 <-- 2.830486 s
currentSize : 49 <-- 114.386711 s
currentSize : 50 <-- 114.386795 s
currentSize : 53 <-- 114.667267 s
currentSize : 54 <-- 114.667328 s
currentSize : 55 <-- 114.670059 s
currentSize : 56 <-- 114.670120 s

maxsize : 56
nodes : 30607577.000000
filtered : 146418646.000000
time : 135.625427
