Parameters: GAD=1 vflib=1 dir=1 label=1 lowerbound=1 fileNameGp=../../cp2016-max-common-connected-subgraph-paper/datasets/graphsdb/mcs70/bvg/b06/mcs70_b06_s60.A02 fileNameGt=../../cp2016-max-common-connected-subgraph-paper/datasets/graphsdb/mcs70/bvg/b06/mcs70_b06_s60.B02
Reading graphs...
60 : 180
60 : 180
Initializing...
maxdom : 6
D->valSize : 241
Solving...
Blb : 2 (clique : 23)
currentSize : 23 <-- 0.002674 s
currentSize : 26 <-- 0.091163 s
currentSize : 27 <-- 0.091233 s
currentSize : 28 <-- 0.093243 s
currentSize : 29 <-- 0.363815 s
currentSize : 32 <-- 0.421776 s
currentSize : 33 <-- 0.424194 s
currentSize : 34 <-- 0.424257 s
currentSize : 35 <-- 0.444501 s
currentSize : 38 <-- 0.497186 s
currentSize : 42 <-- 0.497847 s

maxsize : 42
nodes : 157516.000000
filtered : 571793.000000
time : 0.549177
