Parameters: GAD=1 vflib=1 dir=1 label=1 lowerbound=1 fileNameGp=../../cp2016-max-common-connected-subgraph-paper/datasets/graphsdb/mcs70/bvg/b03/mcs70_b03_s60.A03 fileNameGt=../../cp2016-max-common-connected-subgraph-paper/datasets/graphsdb/mcs70/bvg/b03/mcs70_b03_s60.B03
Reading graphs...
60 : 90
60 : 90
Initializing...
maxdom : 8
D->valSize : 294
Solving...
Blb : 2 (clique : 33)
currentSize : 33 <-- 0.003611 s
currentSize : 35 <-- 0.004015 s
currentSize : 36 <-- 0.933826 s
currentSize : 37 <-- 0.933897 s
currentSize : 38 <-- 0.937884 s
currentSize : 39 <-- 0.942373 s
currentSize : 40 <-- 0.942450 s
currentSize : 44 <-- 1.759629 s

maxsize : 44
nodes : 482989.000000
filtered : 2485129.000000
time : 2.187724
