Parameters: GAD=1 vflib=1 dir=1 label=1 lowerbound=1 fileNameGp=../../cp2016-max-common-connected-subgraph-paper/datasets/graphsdb/mcs70/m2D/m2D/mcs70_m2D_s80.A06 fileNameGt=../../cp2016-max-common-connected-subgraph-paper/datasets/graphsdb/mcs70/m2D/m2D/mcs70_m2D_s80.B06
Reading graphs...
80 : 142
80 : 142
Initializing...
maxdom : 8
D->valSize : 420
Solving...
Blb : 2 (clique : 44)
currentSize : 44 <-- 0.004223 s
currentSize : 45 <-- 21.971216 s
currentSize : 46 <-- 21.985689 s
currentSize : 47 <-- 170.503845 s
currentSize : 48 <-- 590.793091 s
currentSize : 49 <-- 590.802490 s
currentSize : 50 <-- 755.266846 s

TIMEOUT
maxsize : 50
nodes : 222388736.000000
filtered : 984105555.000000
time : 1000.000061
