Parameters: GAD=1 vflib=1 dir=1 label=1 lowerbound=1 fileNameGp=../../cp2016-max-common-connected-subgraph-paper/datasets/graphsdb/mcs70/m2D/m2Dr2/mcs70_m2Dr2_s60.A03 fileNameGt=../../cp2016-max-common-connected-subgraph-paper/datasets/graphsdb/mcs70/m2D/m2Dr2/mcs70_m2Dr2_s60.B03
Reading graphs...
60 : 116
60 : 116
Initializing...
maxdom : 8
D->valSize : 234
Solving...
Blb : 3 (clique : 28)
currentSize : 28 <-- 0.002484 s
currentSize : 29 <-- 0.003344 s
currentSize : 30 <-- 0.326741 s
currentSize : 31 <-- 0.327169 s
currentSize : 32 <-- 0.328283 s
currentSize : 33 <-- 0.329981 s
currentSize : 34 <-- 0.330346 s
currentSize : 35 <-- 1.794941 s
currentSize : 36 <-- 1.795220 s
currentSize : 37 <-- 1.812872 s
currentSize : 38 <-- 1.856696 s

maxsize : 38
nodes : 647144.000000
filtered : 3002508.000000
time : 2.493437
