Parameters: GAD=1 vflib=1 dir=1 label=1 lowerbound=1 fileNameGp=../../cp2016-max-common-connected-subgraph-paper/datasets/graphsdb/mcs70/m2D/m2Dr4/mcs70_m2Dr4_s80.A05 fileNameGt=../../cp2016-max-common-connected-subgraph-paper/datasets/graphsdb/mcs70/m2D/m2Dr4/mcs70_m2Dr4_s80.B05
Reading graphs...
80 : 174
80 : 174
Initializing...
maxdom : 8
D->valSize : 426
Solving...
Blb : 2 (clique : 35)
currentSize : 35 <-- 0.004278 s
currentSize : 37 <-- 15.288231 s
currentSize : 38 <-- 15.289215 s
currentSize : 40 <-- 15.504728 s
currentSize : 41 <-- 44.775715 s
currentSize : 42 <-- 46.622509 s
currentSize : 43 <-- 69.925919 s
currentSize : 44 <-- 228.112122 s
currentSize : 45 <-- 228.112167 s
currentSize : 46 <-- 228.122192 s
currentSize : 47 <-- 239.513718 s
currentSize : 48 <-- 421.776428 s
currentSize : 49 <-- 421.805878 s
currentSize : 50 <-- 422.436523 s

maxsize : 50
nodes : 148942737.000000
filtered : 1093016478.000000
time : 751.172729
