Parameters: GAD=1 vflib=1 dir=1 label=1 lowerbound=1 fileNameGp=../../cp2016-max-common-connected-subgraph-paper/datasets/graphsdb/mcs70/bvg/b03m/mcs70_b03m_s90.A01 fileNameGt=../../cp2016-max-common-connected-subgraph-paper/datasets/graphsdb/mcs70/bvg/b03m/mcs70_b03m_s90.B01
Reading graphs...
90 : 135
90 : 135
Initializing...
maxdom : 8
D->valSize : 553
Solving...
Blb : 2 (clique : 57)
currentSize : 57 <-- 0.011234 s
currentSize : 58 <-- 0.023934 s
currentSize : 59 <-- 0.040119 s
currentSize : 60 <-- 0.052597 s
currentSize : 61 <-- 0.261507 s
currentSize : 62 <-- 0.263281 s

TIMEOUT
maxsize : 62
nodes : 194257515.000000
filtered : 955953589.000000
time : 1000.000122
