Parameters: GAD=1 vflib=1 dir=1 label=1 lowerbound=1 fileNameGp=../../cp2016-max-common-connected-subgraph-paper/datasets/graphsdb/mcs70/m3D/m3Dr4/mcs70_m3Dr4_s100.A04 fileNameGt=../../cp2016-max-common-connected-subgraph-paper/datasets/graphsdb/mcs70/m3D/m3Dr4/mcs70_m3Dr4_s100.B04
Reading graphs...
100 : 275
100 : 274
Initializing...
maxdom : 6
D->valSize : 352
Solving...
Blb : 2 (clique : 43)
currentSize : 43 <-- 0.003614 s
currentSize : 45 <-- 0.003896 s
currentSize : 51 <-- 0.005987 s
currentSize : 52 <-- 0.006335 s
currentSize : 53 <-- 0.007825 s
currentSize : 54 <-- 0.008937 s
currentSize : 56 <-- 4.010886 s
currentSize : 57 <-- 4.016038 s
currentSize : 58 <-- 225.668869 s
currentSize : 59 <-- 225.671555 s
currentSize : 61 <-- 225.687897 s
currentSize : 64 <-- 225.701126 s

maxsize : 64
nodes : 115814179.000000
filtered : 481435548.000000
time : 620.388367
