Parameters: GAD=1 vflib=1 dir=1 label=1 lowerbound=1 fileNameGp=../../cp2016-max-common-connected-subgraph-paper/datasets/graphsdb/mcs70/bvg/b09m/mcs70_b09m_s50.A05 fileNameGt=../../cp2016-max-common-connected-subgraph-paper/datasets/graphsdb/mcs70/bvg/b09m/mcs70_b09m_s50.B05
Reading graphs...
50 : 225
50 : 225
Initializing...
maxdom : 10
D->valSize : 356
Solving...
Blb : 3 (clique : 16)
currentSize : 16 <-- 0.003994 s
currentSize : 19 <-- 0.004135 s
currentSize : 25 <-- 0.004232 s
currentSize : 27 <-- 0.004367 s
currentSize : 28 <-- 0.004517 s
currentSize : 29 <-- 0.013083 s
currentSize : 31 <-- 0.045444 s
currentSize : 32 <-- 0.045575 s
currentSize : 34 <-- 0.046129 s

maxsize : 34
nodes : 15998.000000
filtered : 165239.000000
time : 0.105079
