Parameters: GAD=1 vflib=1 dir=1 label=1 lowerbound=1 fileNameGp=../../cp2016-max-common-connected-subgraph-paper/datasets/graphsdb/mcs70/rand/r005/mcs70_r005_s90.A09 fileNameGt=../../cp2016-max-common-connected-subgraph-paper/datasets/graphsdb/mcs70/rand/r005/mcs70_r005_s90.B09
Reading graphs...
90 : 399
90 : 399
Initializing...
maxdom : 9
D->valSize : 531
Solving...
Blb : 2 (clique : 33)
currentSize : 33 <-- 0.009254 s
currentSize : 38 <-- 0.010250 s
currentSize : 39 <-- 0.012526 s
currentSize : 41 <-- 0.013187 s
currentSize : 44 <-- 0.013597 s
currentSize : 45 <-- 0.018944 s
currentSize : 52 <-- 0.019402 s
currentSize : 57 <-- 0.021984 s
currentSize : 63 <-- 0.023436 s

maxsize : 63
nodes : 88751.000000
filtered : 1099473.000000
time : 0.621136
