Parameters: GAD=1 vflib=1 dir=1 label=1 lowerbound=1 fileNameGp=../../cp2016-max-common-connected-subgraph-paper/datasets/graphsdb/mcs70/bvg/b03m/mcs70_b03m_s70.A01 fileNameGt=../../cp2016-max-common-connected-subgraph-paper/datasets/graphsdb/mcs70/bvg/b03m/mcs70_b03m_s70.B01
Reading graphs...
70 : 105
70 : 105
Initializing...
maxdom : 8
D->valSize : 338
Solving...
Blb : 2 (clique : 40)
currentSize : 40 <-- 0.002884 s
currentSize : 42 <-- 0.003199 s
currentSize : 43 <-- 0.023415 s
currentSize : 44 <-- 8.045718 s
currentSize : 45 <-- 24.151190 s
currentSize : 46 <-- 25.819033 s
currentSize : 47 <-- 32.216934 s
currentSize : 48 <-- 39.146198 s

maxsize : 48
nodes : 11207676.000000
filtered : 51392287.000000
time : 47.828178
