Parameters: GAD=1 vflib=1 dir=1 label=1 lowerbound=1 fileNameGp=../../cp2016-max-common-connected-subgraph-paper/datasets/graphsdb/mcs70/m2D/m2Dr4/mcs70_m2Dr4_s90.A06 fileNameGt=../../cp2016-max-common-connected-subgraph-paper/datasets/graphsdb/mcs70/m2D/m2Dr4/mcs70_m2Dr4_s90.B06
Reading graphs...
90 : 197
90 : 196
Initializing...
maxdom : 9
D->valSize : 521
Solving...
Blb : 2 (clique : 50)
currentSize : 50 <-- 0.005928 s
currentSize : 52 <-- 0.006503 s
currentSize : 53 <-- 0.006618 s
currentSize : 54 <-- 0.006767 s
currentSize : 56 <-- 0.008128 s
currentSize : 58 <-- 0.011621 s
currentSize : 60 <-- 141.257629 s
currentSize : 62 <-- 141.261826 s
currentSize : 63 <-- 226.712494 s
currentSize : 64 <-- 226.712799 s

maxsize : 64
nodes : 113845806.000000
filtered : 521903305.000000
time : 570.207092
