Parameters: GAD=1 vflib=1 dir=1 label=1 lowerbound=1 fileNameGp=../../cp2016-max-common-connected-subgraph-paper/datasets/graphsdb/mcs70/m2D/m2Dr6/mcs70_m2Dr6_s90.A03 fileNameGt=../../cp2016-max-common-connected-subgraph-paper/datasets/graphsdb/mcs70/m2D/m2Dr6/mcs70_m2Dr6_s90.B03
Reading graphs...
90 : 215
90 : 214
Initializing...
maxdom : 9
D->valSize : 564
Solving...
Blb : 2 (clique : 39)
currentSize : 39 <-- 0.006571 s
currentSize : 40 <-- 0.047032 s
currentSize : 41 <-- 0.109494 s
currentSize : 42 <-- 0.121322 s
currentSize : 43 <-- 0.310424 s
currentSize : 44 <-- 1.060322 s
currentSize : 45 <-- 1.795537 s
currentSize : 46 <-- 1.908369 s
currentSize : 47 <-- 8.060664 s
currentSize : 49 <-- 20.765268 s
currentSize : 50 <-- 119.549553 s
currentSize : 51 <-- 185.548721 s
currentSize : 52 <-- 185.548828 s
currentSize : 53 <-- 185.548935 s
currentSize : 54 <-- 362.098541 s
currentSize : 55 <-- 488.293884 s
currentSize : 57 <-- 488.294434 s
currentSize : 58 <-- 520.406311 s
currentSize : 62 <-- 520.406555 s
currentSize : 64 <-- 590.354431 s

maxsize : 64
nodes : 127656784.000000
filtered : 690878645.000000
time : 626.211426
