Parameters: GAD=1 vflib=1 dir=1 label=1 lowerbound=1 fileNameGp=../../cp2016-max-common-connected-subgraph-paper/datasets/graphsdb/mcs70/bvg/b03/mcs70_b03_s90.A05 fileNameGt=../../cp2016-max-common-connected-subgraph-paper/datasets/graphsdb/mcs70/bvg/b03/mcs70_b03_s90.B05
Reading graphs...
90 : 135
90 : 135
Initializing...
maxdom : 10
D->valSize : 595
Solving...
Blb : 2 (clique : 50)
currentSize : 50 <-- 0.012252 s
currentSize : 51 <-- 48.409439 s
currentSize : 52 <-- 48.409492 s
currentSize : 53 <-- 94.066086 s
currentSize : 55 <-- 94.067207 s
currentSize : 56 <-- 127.904007 s
currentSize : 57 <-- 292.095001 s
currentSize : 58 <-- 293.939148 s
currentSize : 59 <-- 298.628357 s
currentSize : 61 <-- 489.272247 s
currentSize : 62 <-- 490.113403 s
currentSize : 63 <-- 492.637787 s

TIMEOUT
maxsize : 63
nodes : 160710743.000000
filtered : 1288597000.000000
time : 1000.000061
