Parameters: GAD=1 vflib=1 dir=1 label=1 lowerbound=1 fileNameGp=../../cp2016-max-common-connected-subgraph-paper/datasets/graphsdb/mcs70/rand/r001/mcs70_r001_s100.A00 fileNameGt=../../cp2016-max-common-connected-subgraph-paper/datasets/graphsdb/mcs70/rand/r001/mcs70_r001_s100.B00
Reading graphs...
100 : 120
100 : 120
Initializing...
maxdom : 8
D->valSize : 394
Solving...
Blb : 2 (clique : 58)
currentSize : 58 <-- 0.005066 s
currentSize : 59 <-- 0.009196 s
currentSize : 63 <-- 0.012773 s
currentSize : 65 <-- 0.299316 s
currentSize : 66 <-- 0.299369 s
currentSize : 67 <-- 4.036050 s
currentSize : 68 <-- 51.700264 s
currentSize : 69 <-- 51.700344 s
currentSize : 70 <-- 51.701881 s

maxsize : 70
nodes : 19397118.000000
filtered : 74702397.000000
time : 108.899704
