Parameters: GAD=1 vflib=1 dir=1 label=1 lowerbound=1 fileNameGp=../../cp2016-max-common-connected-subgraph-paper/datasets/graphsdb/mcs70/bvg/b06/mcs70_b06_s100.A07 fileNameGt=../../cp2016-max-common-connected-subgraph-paper/datasets/graphsdb/mcs70/bvg/b06/mcs70_b06_s100.B07
Reading graphs...
100 : 300
100 : 300
Initializing...
maxdom : 7
D->valSize : 389
Solving...
Blb : 2 (clique : 50)
currentSize : 50 <-- 0.006673 s
currentSize : 52 <-- 2.325286 s
currentSize : 54 <-- 2.329262 s
currentSize : 55 <-- 4.378648 s
currentSize : 57 <-- 148.161087 s
currentSize : 58 <-- 148.339233 s
currentSize : 59 <-- 149.612823 s
currentSize : 61 <-- 149.618042 s
currentSize : 62 <-- 149.636520 s
currentSize : 63 <-- 829.613586 s
currentSize : 67 <-- 970.814697 s
currentSize : 68 <-- 970.847229 s
currentSize : 69 <-- 970.900818 s
currentSize : 70 <-- 970.908325 s

TIMEOUT
maxsize : 70
nodes : 189736696.000000
filtered : 781833083.000000
time : 1000.000122
