Parameters: GAD=1 vflib=1 dir=1 label=1 lowerbound=1 fileNameGp=../../cp2016-max-common-connected-subgraph-paper/datasets/graphsdb/mcs70/rand/r001/mcs70_r001_s100.A01 fileNameGt=../../cp2016-max-common-connected-subgraph-paper/datasets/graphsdb/mcs70/rand/r001/mcs70_r001_s100.B01
Reading graphs...
100 : 120
100 : 120
Initializing...
maxdom : 8
D->valSize : 401
Solving...
Blb : 2 (clique : 63)
currentSize : 63 <-- 0.004602 s
currentSize : 64 <-- 0.005346 s
currentSize : 65 <-- 0.406271 s
currentSize : 67 <-- 333.559998 s
currentSize : 68 <-- 333.581573 s
currentSize : 69 <-- 476.793060 s

TIMEOUT
maxsize : 69
nodes : 189048843.000000
filtered : 702956681.000000
time : 1000.000122
