Parameters: GAD=1 vflib=1 dir=1 label=1 lowerbound=1 fileNameGp=../../cp2016-max-common-connected-subgraph-paper/datasets/graphsdb/mcs70/bvg/b03m/mcs70_b03m_s80.A04 fileNameGt=../../cp2016-max-common-connected-subgraph-paper/datasets/graphsdb/mcs70/bvg/b03m/mcs70_b03m_s80.B04
Reading graphs...
80 : 120
80 : 120
Initializing...
maxdom : 8
D->valSize : 409
Solving...
Blb : 2 (clique : 47)
currentSize : 47 <-- 0.006443 s
currentSize : 48 <-- 0.007068 s
currentSize : 49 <-- 0.030108 s
currentSize : 50 <-- 0.058903 s
currentSize : 51 <-- 2.228892 s
currentSize : 52 <-- 676.360046 s
currentSize : 53 <-- 700.813660 s
currentSize : 54 <-- 700.815613 s
currentSize : 55 <-- 709.275452 s
currentSize : 56 <-- 709.294373 s
currentSize : 57 <-- 710.088867 s

maxsize : 57
nodes : 150475217.000000
filtered : 1033888239.000000
time : 838.039368
