Parameters: GAD=1 vflib=1 dir=1 label=1 lowerbound=1 fileNameGp=../../cp2016-max-common-connected-subgraph-paper/datasets/graphsdb/mcs70/bvg/b03/mcs70_b03_s100.A00 fileNameGt=../../cp2016-max-common-connected-subgraph-paper/datasets/graphsdb/mcs70/bvg/b03/mcs70_b03_s100.B00
Reading graphs...
100 : 150
100 : 150
Initializing...
maxdom : 7
D->valSize : 379
Solving...
Blb : 2 (clique : 55)
currentSize : 55 <-- 0.004543 s
currentSize : 56 <-- 0.004974 s
currentSize : 57 <-- 0.005897 s
currentSize : 58 <-- 0.006364 s
currentSize : 59 <-- 0.027496 s
currentSize : 60 <-- 0.044107 s
currentSize : 62 <-- 0.044685 s
currentSize : 63 <-- 0.044829 s
currentSize : 64 <-- 0.196700 s
currentSize : 65 <-- 0.196793 s
currentSize : 67 <-- 0.196944 s
currentSize : 68 <-- 0.197042 s
currentSize : 69 <-- 0.249773 s
currentSize : 70 <-- 72.150780 s
currentSize : 71 <-- 72.151482 s

maxsize : 71
nodes : 109536955.000000
filtered : 342050010.000000
time : 544.751160
