Parameters: GAD=1 vflib=1 dir=1 label=1 lowerbound=1 fileNameGp=../../cp2016-max-common-connected-subgraph-paper/datasets/graphsdb/mcs70/bvg/b03m/mcs70_b03m_s100.A04 fileNameGt=../../cp2016-max-common-connected-subgraph-paper/datasets/graphsdb/mcs70/bvg/b03m/mcs70_b03m_s100.B04
Reading graphs...
100 : 150
100 : 150
Initializing...
maxdom : 9
D->valSize : 427
Solving...
Blb : 2 (clique : 60)
currentSize : 60 <-- 0.004907 s
currentSize : 61 <-- 0.005591 s
currentSize : 63 <-- 0.006623 s
currentSize : 65 <-- 0.007816 s
currentSize : 66 <-- 0.014553 s
currentSize : 67 <-- 0.049718 s
currentSize : 68 <-- 0.049923 s
currentSize : 69 <-- 0.050242 s
currentSize : 70 <-- 177.393906 s
currentSize : 71 <-- 177.396362 s

maxsize : 71
nodes : 136155190.000000
filtered : 488227810.000000
time : 705.447144
