Parameters: GAD=1 vflib=1 dir=1 label=1 lowerbound=1 fileNameGp=../../cp2016-max-common-connected-subgraph-paper/datasets/graphsdb/mcs70/m2D/m2D/mcs70_m2D_s50.A09 fileNameGt=../../cp2016-max-common-connected-subgraph-paper/datasets/graphsdb/mcs70/m2D/m2D/mcs70_m2D_s50.B09
Reading graphs...
50 : 85
50 : 85
Initializing...
maxdom : 11
D->valSize : 338
Solving...
Blb : 2 (clique : 24)
currentSize : 24 <-- 0.004093 s
currentSize : 25 <-- 0.004496 s
currentSize : 26 <-- 0.004979 s
currentSize : 28 <-- 0.005285 s
currentSize : 29 <-- 0.006238 s
currentSize : 31 <-- 0.006583 s
currentSize : 32 <-- 0.007293 s
currentSize : 35 <-- 1.267587 s
currentSize : 36 <-- 1.382300 s

maxsize : 36
nodes : 368586.000000
filtered : 2910190.000000
time : 1.464309
