Parameters: GAD=1 vflib=1 dir=1 label=1 lowerbound=1 fileNameGp=../../cp2016-max-common-connected-subgraph-paper/datasets/graphsdb/mcs70/rand/r01/mcs70_r01_s80.A03 fileNameGt=../../cp2016-max-common-connected-subgraph-paper/datasets/graphsdb/mcs70/rand/r01/mcs70_r01_s80.B03
Reading graphs...
80 : 631
80 : 631
Initializing...
maxdom : 9
D->valSize : 440
Solving...
Blb : 3 (clique : 16)
currentSize : 16 <-- 0.004105 s
currentSize : 18 <-- 0.073919 s
currentSize : 19 <-- 0.073966 s
currentSize : 22 <-- 0.074938 s
currentSize : 23 <-- 0.075002 s
currentSize : 24 <-- 0.080233 s
currentSize : 25 <-- 0.080323 s
currentSize : 26 <-- 0.094566 s
currentSize : 32 <-- 0.120156 s
currentSize : 44 <-- 0.121797 s
currentSize : 56 <-- 0.137599 s

maxsize : 56
nodes : 27461.000000
filtered : 274045.000000
time : 0.144552
