Parameters: GAD=1 vflib=1 dir=1 label=1 lowerbound=1 fileNameGp=../../cp2016-max-common-connected-subgraph-paper/datasets/graphsdb/mcs70/m2D/m2D/mcs70_m2D_s90.A04 fileNameGt=../../cp2016-max-common-connected-subgraph-paper/datasets/graphsdb/mcs70/m2D/m2D/mcs70_m2D_s90.B04
Reading graphs...
90 : 161
90 : 161
Initializing...
maxdom : 10
D->valSize : 614
Solving...
Blb : 2 (clique : 51)
currentSize : 51 <-- 0.007705 s
currentSize : 53 <-- 0.008098 s
currentSize : 54 <-- 0.008237 s
currentSize : 56 <-- 0.008514 s
currentSize : 58 <-- 442.692993 s
currentSize : 60 <-- 442.693085 s
currentSize : 62 <-- 442.693329 s
currentSize : 63 <-- 620.372375 s
currentSize : 64 <-- 620.372559 s

maxsize : 64
nodes : 136392527.000000
filtered : 720133116.000000
time : 667.251587
