Parameters: GAD=1 vflib=1 dir=1 label=1 lowerbound=1 fileNameGp=../../cp2016-max-common-connected-subgraph-paper/datasets/graphsdb/mcs70/bvg/b03m/mcs70_b03m_s90.A03 fileNameGt=../../cp2016-max-common-connected-subgraph-paper/datasets/graphsdb/mcs70/bvg/b03m/mcs70_b03m_s90.B03
Reading graphs...
90 : 135
90 : 135
Initializing...
maxdom : 8
D->valSize : 548
Solving...
Blb : 2 (clique : 49)
currentSize : 49 <-- 0.010492 s
currentSize : 50 <-- 0.014265 s
currentSize : 51 <-- 0.025180 s
currentSize : 52 <-- 0.032789 s
currentSize : 53 <-- 0.080888 s
currentSize : 54 <-- 0.234756 s
currentSize : 55 <-- 1.045131 s
currentSize : 56 <-- 1.149440 s

TIMEOUT
maxsize : 56
nodes : 175790595.000000
filtered : 1199153192.000000
time : 1000.000061
