Parameters: GAD=1 vflib=1 dir=1 label=1 lowerbound=1 fileNameGp=../../cp2016-max-common-connected-subgraph-paper/datasets/graphsdb/mcs70/rand/r01/mcs70_r01_s50.A01 fileNameGt=../../cp2016-max-common-connected-subgraph-paper/datasets/graphsdb/mcs70/rand/r01/mcs70_r01_s50.B01
Reading graphs...
50 : 244
50 : 244
Initializing...
maxdom : 9
D->valSize : 336
Solving...
Blb : 2 (clique : 12)
currentSize : 12 <-- 0.003618 s
currentSize : 13 <-- 0.005748 s
currentSize : 14 <-- 0.005975 s
currentSize : 16 <-- 0.007607 s
currentSize : 18 <-- 0.007662 s
currentSize : 23 <-- 0.011171 s
currentSize : 24 <-- 0.018083 s
currentSize : 28 <-- 0.036479 s
currentSize : 35 <-- 0.040959 s

maxsize : 35
nodes : 7795.000000
filtered : 130510.000000
time : 0.048820
