Parameters: GAD=1 vflib=1 dir=1 label=1 lowerbound=1 fileNameGp=../../cp2016-max-common-connected-subgraph-paper/datasets/graphsdb/mcs70/m3D/m3Dr6/mcs70_m3Dr6_s90.A03 fileNameGt=../../cp2016-max-common-connected-subgraph-paper/datasets/graphsdb/mcs70/m3D/m3Dr6/mcs70_m3Dr6_s90.B03
Reading graphs...
90 : 263
90 : 263
Initializing...
maxdom : 10
D->valSize : 541
Solving...
Blb : 2 (clique : 47)
currentSize : 47 <-- 0.006522 s
currentSize : 50 <-- 0.008952 s
currentSize : 52 <-- 0.576075 s
currentSize : 54 <-- 0.991206 s
currentSize : 56 <-- 0.991434 s
currentSize : 57 <-- 0.993026 s
currentSize : 59 <-- 1.191331 s
currentSize : 60 <-- 20.607071 s
currentSize : 61 <-- 20.607384 s
currentSize : 63 <-- 21.261311 s
currentSize : 64 <-- 21.261782 s

maxsize : 64
nodes : 9434219.000000
filtered : 69352393.000000
time : 51.828888
