Parameters: GAD=1 vflib=1 dir=1 label=1 lowerbound=1 fileNameGp=../../cp2016-max-common-connected-subgraph-paper/datasets/graphsdb/mcs70/m2D/m2Dr4/mcs70_m2Dr4_s40.A07 fileNameGt=../../cp2016-max-common-connected-subgraph-paper/datasets/graphsdb/mcs70/m2D/m2Dr4/mcs70_m2Dr4_s40.B07
Reading graphs...
40 : 83
40 : 81
Initializing...
maxdom : 9
D->valSize : 210
Solving...
Blb : 2 (clique : 14)
currentSize : 14 <-- 0.001291 s
currentSize : 15 <-- 0.001363 s
currentSize : 16 <-- 0.020274 s
currentSize : 17 <-- 0.026753 s
currentSize : 18 <-- 0.177703 s
currentSize : 19 <-- 0.364346 s
currentSize : 20 <-- 0.417118 s
currentSize : 22 <-- 0.417178 s
currentSize : 24 <-- 0.551368 s
currentSize : 25 <-- 0.551470 s

maxsize : 25
nodes : 180794.000000
filtered : 1315719.000000
time : 0.593465
