Parameters: GAD=1 vflib=1 dir=1 label=1 lowerbound=1 fileNameGp=../../cp2016-max-common-connected-subgraph-paper/datasets/graphsdb/mcs70/m3D/m3Dr4/mcs70_m3Dr4_s90.A07 fileNameGt=../../cp2016-max-common-connected-subgraph-paper/datasets/graphsdb/mcs70/m3D/m3Dr4/mcs70_m3Dr4_s90.B07
Reading graphs...
90 : 245
90 : 244
Initializing...
maxdom : 9
D->valSize : 585
Solving...
Blb : 2 (clique : 42)
currentSize : 42 <-- 0.012022 s
currentSize : 49 <-- 0.012518 s
currentSize : 50 <-- 0.012764 s
currentSize : 51 <-- 0.013215 s
currentSize : 53 <-- 0.015415 s
currentSize : 55 <-- 0.057932 s
currentSize : 57 <-- 0.089033 s
currentSize : 59 <-- 0.089220 s
currentSize : 60 <-- 0.089550 s
currentSize : 62 <-- 0.089750 s
currentSize : 64 <-- 3.150702 s

maxsize : 64
nodes : 2079227.000000
filtered : 16193053.000000
time : 12.500246
