Parameters: GAD=1 vflib=1 dir=1 label=1 lowerbound=1 fileNameGp=../../cp2016-max-common-connected-subgraph-paper/datasets/graphsdb/mcs70/m2D/m2Dr6/mcs70_m2Dr6_s80.A02 fileNameGt=../../cp2016-max-common-connected-subgraph-paper/datasets/graphsdb/mcs70/m2D/m2Dr6/mcs70_m2Dr6_s80.B02
Reading graphs...
80 : 190
80 : 190
Initializing...
maxdom : 8
D->valSize : 448
Solving...
Blb : 2 (clique : 41)
currentSize : 41 <-- 0.004564 s
currentSize : 42 <-- 0.004840 s
currentSize : 43 <-- 0.005018 s
currentSize : 44 <-- 0.005074 s
currentSize : 45 <-- 0.006408 s
currentSize : 46 <-- 120.751015 s
currentSize : 47 <-- 120.751350 s
currentSize : 48 <-- 120.752777 s
currentSize : 49 <-- 120.753586 s

maxsize : 49
nodes : 57791394.000000
filtered : 308129672.000000
time : 272.974396
