Parameters: GAD=1 vflib=1 dir=1 label=1 lowerbound=1 fileNameGp=../../cp2016-max-common-connected-subgraph-paper/datasets/graphsdb/mcs70/m3D/m3Dr6/mcs70_m3Dr6_s90.A09 fileNameGt=../../cp2016-max-common-connected-subgraph-paper/datasets/graphsdb/mcs70/m3D/m3Dr6/mcs70_m3Dr6_s90.B09
Reading graphs...
90 : 263
90 : 263
Initializing...
maxdom : 9
D->valSize : 542
Solving...
Blb : 2 (clique : 58)
currentSize : 58 <-- 0.006337 s
currentSize : 59 <-- 0.006678 s
currentSize : 60 <-- 0.006905 s
currentSize : 62 <-- 0.116212 s
currentSize : 63 <-- 0.116388 s
currentSize : 64 <-- 0.119595 s

maxsize : 64
nodes : 8543213.000000
filtered : 46863934.000000
time : 42.740322
