Parameters: GAD=1 vflib=1 dir=1 label=1 lowerbound=1 fileNameGp=../../cp2016-max-common-connected-subgraph-paper/datasets/graphsdb/mcs70/bvg/b09/mcs70_b09_s80.A04 fileNameGt=../../cp2016-max-common-connected-subgraph-paper/datasets/graphsdb/mcs70/bvg/b09/mcs70_b09_s80.B04
Reading graphs...
80 : 360
80 : 360
Initializing...
maxdom : 10
D->valSize : 448
Solving...
Blb : 3 (clique : 22)
currentSize : 22 <-- 0.006826 s
currentSize : 23 <-- 0.262895 s
currentSize : 24 <-- 0.263481 s
currentSize : 25 <-- 0.273560 s
currentSize : 26 <-- 0.274189 s
currentSize : 28 <-- 0.434456 s
currentSize : 30 <-- 0.434537 s
currentSize : 31 <-- 0.455212 s
currentSize : 33 <-- 0.455311 s
currentSize : 34 <-- 2.300566 s
currentSize : 37 <-- 2.305844 s
currentSize : 43 <-- 2.307192 s
currentSize : 44 <-- 3.140253 s
currentSize : 45 <-- 3.141429 s
currentSize : 47 <-- 3.144534 s
currentSize : 56 <-- 3.145655 s

maxsize : 56
nodes : 683353.000000
filtered : 4884237.000000
time : 3.582861
