Parameters: GAD=1 vflib=1 dir=1 label=1 lowerbound=1 fileNameGp=../../cp2016-max-common-connected-subgraph-paper/datasets/graphsdb/mcs70/bvg/b09m/mcs70_b09m_s60.A09 fileNameGt=../../cp2016-max-common-connected-subgraph-paper/datasets/graphsdb/mcs70/bvg/b09m/mcs70_b09m_s60.B09
Reading graphs...
60 : 270
60 : 270
Initializing...
maxdom : 8
D->valSize : 260
Solving...
Blb : 2 (clique : 12)
currentSize : 12 <-- 0.001765 s
currentSize : 13 <-- 0.001842 s
currentSize : 14 <-- 0.001865 s
currentSize : 17 <-- 0.001906 s
currentSize : 18 <-- 0.002267 s
currentSize : 22 <-- 0.002346 s
currentSize : 23 <-- 0.003480 s
currentSize : 24 <-- 0.003529 s
currentSize : 26 <-- 0.005825 s
currentSize : 28 <-- 0.006376 s
currentSize : 29 <-- 0.006440 s
currentSize : 30 <-- 0.011750 s
currentSize : 31 <-- 0.011835 s
currentSize : 34 <-- 0.015559 s
currentSize : 39 <-- 0.015995 s
currentSize : 42 <-- 0.036707 s

maxsize : 42
nodes : 14187.000000
filtered : 71678.000000
time : 0.055482
