Parameters: GAD=1 vflib=1 dir=1 label=1 lowerbound=1 fileNameGp=../../cp2016-max-common-connected-subgraph-paper/datasets/graphsdb/mcs70/rand/r005/mcs70_r005_s40.A00 fileNameGt=../../cp2016-max-common-connected-subgraph-paper/datasets/graphsdb/mcs70/rand/r005/mcs70_r005_s40.B00
Reading graphs...
40 : 77
40 : 77
Initializing...
maxdom : 8
D->valSize : 234
Solving...
Blb : 2 (clique : 15)
currentSize : 15 <-- 0.001366 s
currentSize : 16 <-- 0.001443 s
currentSize : 17 <-- 0.002597 s
currentSize : 18 <-- 0.002639 s
currentSize : 19 <-- 0.548319 s
currentSize : 21 <-- 0.869400 s
currentSize : 23 <-- 0.870560 s
currentSize : 25 <-- 0.933758 s
currentSize : 28 <-- 0.965118 s

maxsize : 28
nodes : 284853.000000
filtered : 2735313.000000
time : 0.979132
