Parameters: GAD=1 vflib=1 dir=1 label=1 lowerbound=1 fileNameGp=../../cp2016-max-common-connected-subgraph-paper/datasets/graphsdb/mcs70/m3D/m3Dr6/mcs70_m3Dr6_s90.A07 fileNameGt=../../cp2016-max-common-connected-subgraph-paper/datasets/graphsdb/mcs70/m3D/m3Dr6/mcs70_m3Dr6_s90.B07
Reading graphs...
90 : 263
90 : 262
Initializing...
maxdom : 12
D->valSize : 573
Solving...
Blb : 2 (clique : 49)
currentSize : 49 <-- 0.006924 s
currentSize : 52 <-- 0.007252 s
currentSize : 55 <-- 0.008076 s
currentSize : 56 <-- 0.008825 s
currentSize : 60 <-- 0.023908 s
currentSize : 61 <-- 0.024189 s
currentSize : 63 <-- 0.024446 s
currentSize : 65 <-- 0.032580 s

maxsize : 65
nodes : 1184199.000000
filtered : 9609817.000000
time : 6.714009
