Parameters: GAD=1 vflib=1 dir=1 label=1 lowerbound=1 fileNameGp=../../cp2016-max-common-connected-subgraph-paper/datasets/graphsdb/mcs70/m2D/m2D/mcs70_m2D_s70.A05 fileNameGt=../../cp2016-max-common-connected-subgraph-paper/datasets/graphsdb/mcs70/m2D/m2D/mcs70_m2D_s70.B05
Reading graphs...
70 : 123
70 : 123
Initializing...
maxdom : 9
D->valSize : 375
Solving...
Blb : 2 (clique : 37)
currentSize : 37 <-- 0.005441 s
currentSize : 38 <-- 0.006192 s
currentSize : 39 <-- 0.006285 s
currentSize : 40 <-- 0.012445 s
currentSize : 41 <-- 0.012563 s
currentSize : 42 <-- 0.016750 s
currentSize : 43 <-- 0.016934 s
currentSize : 44 <-- 0.038876 s
currentSize : 45 <-- 0.038999 s
currentSize : 46 <-- 0.051915 s
currentSize : 47 <-- 0.051999 s
currentSize : 48 <-- 3.229496 s
currentSize : 49 <-- 3.229597 s

maxsize : 49
nodes : 1222430.000000
filtered : 6980680.000000
time : 5.496850
