Parameters: GAD=1 vflib=1 dir=1 label=1 lowerbound=1 fileNameGp=../../cp2016-max-common-connected-subgraph-paper/datasets/graphsdb/mcs70/m2D/m2Dr6/mcs70_m2Dr6_s90.A04 fileNameGt=../../cp2016-max-common-connected-subgraph-paper/datasets/graphsdb/mcs70/m2D/m2Dr6/mcs70_m2Dr6_s90.B04
Reading graphs...
90 : 215
90 : 214
Initializing...
maxdom : 11
D->valSize : 581
Solving...
Blb : 2 (clique : 59)
currentSize : 59 <-- 0.006812 s
currentSize : 60 <-- 0.007245 s
currentSize : 61 <-- 0.010284 s
currentSize : 62 <-- 0.010390 s
currentSize : 63 <-- 0.048653 s
currentSize : 64 <-- 0.048767 s

maxsize : 64
nodes : 183116843.000000
filtered : 669706595.000000
time : 770.268738
