Parameters: GAD=1 vflib=1 dir=1 label=1 lowerbound=1 fileNameGp=../../cp2016-max-common-connected-subgraph-paper/datasets/graphsdb/mcs70/bvg/b06/mcs70_b06_s100.A04 fileNameGt=../../cp2016-max-common-connected-subgraph-paper/datasets/graphsdb/mcs70/bvg/b06/mcs70_b06_s100.B04
Reading graphs...
100 : 300
100 : 300
Initializing...
maxdom : 7
D->valSize : 399
Solving...
Blb : 3 (clique : 49)
currentSize : 49 <-- 0.004330 s
currentSize : 51 <-- 38.162323 s
currentSize : 54 <-- 38.172127 s
currentSize : 55 <-- 38.265751 s
currentSize : 58 <-- 115.316109 s
currentSize : 59 <-- 115.316353 s
currentSize : 60 <-- 115.317017 s
currentSize : 61 <-- 151.696274 s
currentSize : 65 <-- 151.744659 s
currentSize : 66 <-- 151.745056 s
currentSize : 70 <-- 208.129440 s

maxsize : 70
nodes : 46756421.000000
filtered : 206928127.000000
time : 245.002762
