Parameters: GAD=1 vflib=1 dir=1 label=1 lowerbound=1 fileNameGp=../../cp2016-max-common-connected-subgraph-paper/datasets/graphsdb/mcs70/m3D/m3Dr2/mcs70_m3Dr2_s90.A00 fileNameGt=../../cp2016-max-common-connected-subgraph-paper/datasets/graphsdb/mcs70/m3D/m3Dr2/mcs70_m3Dr2_s90.B00
Reading graphs...
90 : 227
90 : 227
Initializing...
maxdom : 9
D->valSize : 553
Solving...
Blb : 5 (clique : 49)
currentSize : 49 <-- 0.006709 s
currentSize : 50 <-- 0.017358 s
currentSize : 52 <-- 0.835659 s
currentSize : 54 <-- 6.729958 s
currentSize : 56 <-- 369.784119 s
currentSize : 57 <-- 369.784302 s
currentSize : 60 <-- 369.784485 s
currentSize : 61 <-- 369.784637 s
currentSize : 63 <-- 369.817657 s
currentSize : 64 <-- 369.817902 s

maxsize : 64
nodes : 102779562.000000
filtered : 512804020.000000
time : 496.336487
