Parameters: GAD=1 vflib=1 dir=1 label=1 lowerbound=1 fileNameGp=../../cp2016-max-common-connected-subgraph-paper/datasets/graphsdb/mcs70/m2D/m2Dr6/mcs70_m2Dr6_s50.A01 fileNameGt=../../cp2016-max-common-connected-subgraph-paper/datasets/graphsdb/mcs70/m2D/m2Dr6/mcs70_m2Dr6_s50.B01
Reading graphs...
50 : 115
50 : 112
Initializing...
maxdom : 9
D->valSize : 329
Solving...
Blb : 2 (clique : 23)
currentSize : 23 <-- 0.003837 s
currentSize : 25 <-- 0.004023 s
currentSize : 26 <-- 0.004074 s
currentSize : 27 <-- 0.182866 s
currentSize : 28 <-- 0.182929 s
currentSize : 29 <-- 0.234489 s
currentSize : 32 <-- 0.405564 s
currentSize : 34 <-- 0.406108 s
currentSize : 35 <-- 0.422688 s
currentSize : 36 <-- 0.439283 s

maxsize : 36
nodes : 88655.000000
filtered : 863845.000000
time : 0.466179
