Parameters: GAD=1 vflib=1 dir=1 label=1 lowerbound=1 fileNameGp=../../cp2016-max-common-connected-subgraph-paper/datasets/graphsdb/mcs70/bvg/b03m/mcs70_b03m_s100.A02 fileNameGt=../../cp2016-max-common-connected-subgraph-paper/datasets/graphsdb/mcs70/bvg/b03m/mcs70_b03m_s100.B02
Reading graphs...
100 : 150
100 : 150
Initializing...
maxdom : 6
D->valSize : 357
Solving...
Blb : 3 (clique : 62)
currentSize : 62 <-- 0.003917 s
currentSize : 63 <-- 46.653770 s
currentSize : 64 <-- 46.655712 s
currentSize : 65 <-- 687.583862 s
currentSize : 67 <-- 710.526550 s
currentSize : 68 <-- 710.526672 s

TIMEOUT
maxsize : 68
nodes : 218908810.000000
filtered : 530956613.000000
time : 1000.000122
