Parameters: GAD=1 vflib=1 dir=1 label=1 lowerbound=1 fileNameGp=../../cp2016-max-common-connected-subgraph-paper/datasets/graphsdb/mcs70/m2D/m2Dr4/mcs70_m2Dr4_s70.A07 fileNameGt=../../cp2016-max-common-connected-subgraph-paper/datasets/graphsdb/mcs70/m2D/m2Dr4/mcs70_m2Dr4_s70.B07
Reading graphs...
70 : 151
70 : 149
Initializing...
maxdom : 7
D->valSize : 326
Solving...
Blb : 3 (clique : 35)
currentSize : 35 <-- 0.004522 s
currentSize : 36 <-- 0.005312 s
currentSize : 37 <-- 0.005605 s
currentSize : 38 <-- 0.005745 s
currentSize : 39 <-- 0.006013 s
currentSize : 40 <-- 0.006308 s
currentSize : 41 <-- 0.006502 s
currentSize : 43 <-- 0.007961 s
currentSize : 44 <-- 0.008123 s
currentSize : 45 <-- 0.453804 s
currentSize : 46 <-- 0.453904 s
currentSize : 48 <-- 0.454087 s
currentSize : 49 <-- 0.454196 s

maxsize : 49
nodes : 434026.000000
filtered : 1700041.000000
time : 1.850009
