Parameters: GAD=1 vflib=1 dir=1 label=1 lowerbound=1 fileNameGp=../../cp2016-max-common-connected-subgraph-paper/datasets/graphsdb/mcs70/m2D/m2Dr4/mcs70_m2Dr4_s50.A08 fileNameGt=../../cp2016-max-common-connected-subgraph-paper/datasets/graphsdb/mcs70/m2D/m2Dr4/mcs70_m2Dr4_s50.B08
Reading graphs...
50 : 105
50 : 104
Initializing...
maxdom : 11
D->valSize : 345
Solving...
Blb : 2 (clique : 26)
currentSize : 26 <-- 0.002530 s
currentSize : 27 <-- 0.056720 s
currentSize : 29 <-- 0.104549 s
currentSize : 32 <-- 0.229448 s
currentSize : 34 <-- 0.229486 s
currentSize : 35 <-- 0.229940 s
currentSize : 36 <-- 0.232694 s

maxsize : 36
nodes : 144676.000000
filtered : 1239066.000000
time : 0.547773
