Parameters: GAD=1 vflib=1 dir=1 label=1 lowerbound=1 fileNameGp=../../cp2016-max-common-connected-subgraph-paper/datasets/graphsdb/mcs70/m2D/m2Dr2/mcs70_m2Dr2_s70.A05 fileNameGt=../../cp2016-max-common-connected-subgraph-paper/datasets/graphsdb/mcs70/m2D/m2Dr2/mcs70_m2Dr2_s70.B05
Reading graphs...
70 : 137
70 : 137
Initializing...
maxdom : 8
D->valSize : 342
Solving...
Blb : 2 (clique : 32)
currentSize : 32 <-- 0.004802 s
currentSize : 33 <-- 0.005109 s
currentSize : 34 <-- 0.005323 s
currentSize : 36 <-- 0.005768 s
currentSize : 37 <-- 0.020890 s
currentSize : 39 <-- 0.021083 s
currentSize : 40 <-- 0.038295 s
currentSize : 42 <-- 0.107237 s
currentSize : 43 <-- 0.107432 s
currentSize : 45 <-- 0.488591 s
currentSize : 47 <-- 0.488929 s
currentSize : 48 <-- 0.489011 s
currentSize : 49 <-- 1.115600 s

maxsize : 49
nodes : 447922.000000
filtered : 1883757.000000
time : 1.943899
