Parameters: GAD=1 vflib=1 dir=1 label=1 lowerbound=1 fileNameGp=../../cp2016-max-common-connected-subgraph-paper/datasets/graphsdb/mcs70/bvg/b03/mcs70_b03_s100.A05 fileNameGt=../../cp2016-max-common-connected-subgraph-paper/datasets/graphsdb/mcs70/bvg/b03/mcs70_b03_s100.B05
Reading graphs...
100 : 150
100 : 150
Initializing...
maxdom : 7
D->valSize : 359
Solving...
Blb : 2 (clique : 51)
currentSize : 51 <-- 0.006030 s
currentSize : 52 <-- 0.006592 s
currentSize : 53 <-- 0.007070 s
currentSize : 54 <-- 18.881315 s
currentSize : 55 <-- 18.882864 s
currentSize : 56 <-- 18.885752 s
currentSize : 57 <-- 205.676514 s
currentSize : 58 <-- 205.678101 s
currentSize : 59 <-- 206.798126 s
currentSize : 60 <-- 304.082642 s
currentSize : 61 <-- 308.044769 s
currentSize : 62 <-- 308.520996 s
currentSize : 63 <-- 468.304352 s
currentSize : 64 <-- 476.730652 s
currentSize : 65 <-- 476.862915 s
currentSize : 66 <-- 476.948578 s
currentSize : 67 <-- 881.309814 s
currentSize : 68 <-- 897.166565 s
currentSize : 69 <-- 897.166809 s
currentSize : 70 <-- 897.278259 s

TIMEOUT
maxsize : 70
nodes : 218016089.000000
filtered : 572134251.000000
time : 1000.000122
