Parameters: GAD=1 vflib=1 dir=1 label=1 lowerbound=1 fileNameGp=../../cp2016-max-common-connected-subgraph-paper/datasets/graphsdb/mcs70/bvg/b06m/mcs70_b06m_s90.A05 fileNameGt=../../cp2016-max-common-connected-subgraph-paper/datasets/graphsdb/mcs70/bvg/b06m/mcs70_b06m_s90.B05
Reading graphs...
90 : 270
90 : 270
Initializing...
maxdom : 10
D->valSize : 538
Solving...
Blb : 3 (clique : 43)
currentSize : 43 <-- 0.006154 s
currentSize : 45 <-- 0.006525 s
currentSize : 46 <-- 0.006570 s
currentSize : 47 <-- 0.007793 s
currentSize : 48 <-- 0.007836 s
currentSize : 55 <-- 0.012568 s
currentSize : 62 <-- 0.021675 s
currentSize : 63 <-- 0.078025 s

maxsize : 63
nodes : 4123084.000000
filtered : 29109557.000000
time : 23.563175
