Parameters: GAD=1 vflib=1 dir=1 label=1 lowerbound=1 fileNameGp=../../cp2016-max-common-connected-subgraph-paper/datasets/graphsdb/mcs70/bvg/b06m/mcs70_b06m_s80.A07 fileNameGt=../../cp2016-max-common-connected-subgraph-paper/datasets/graphsdb/mcs70/bvg/b06m/mcs70_b06m_s80.B07
Reading graphs...
80 : 240
80 : 240
Initializing...
maxdom : 11
D->valSize : 472
Solving...
Blb : 2 (clique : 33)
currentSize : 33 <-- 0.004708 s
currentSize : 34 <-- 0.004974 s
currentSize : 35 <-- 0.209170 s
currentSize : 36 <-- 0.209251 s
currentSize : 37 <-- 0.377755 s
currentSize : 38 <-- 1.381793 s
currentSize : 39 <-- 1.381910 s
currentSize : 40 <-- 1.565256 s
currentSize : 41 <-- 1.565332 s
currentSize : 42 <-- 1.687762 s
currentSize : 43 <-- 4.449696 s
currentSize : 44 <-- 4.634258 s
currentSize : 45 <-- 5.162856 s
currentSize : 47 <-- 5.162939 s
currentSize : 49 <-- 5.377040 s
currentSize : 50 <-- 5.519731 s
currentSize : 51 <-- 11.527211 s
currentSize : 53 <-- 11.576257 s
currentSize : 54 <-- 11.578640 s
currentSize : 56 <-- 11.579100 s

maxsize : 56
nodes : 4003087.000000
filtered : 17013629.000000
time : 17.074436
