Parameters: GAD=1 vflib=1 dir=1 label=1 lowerbound=1 fileNameGp=../../cp2016-max-common-connected-subgraph-paper/datasets/graphsdb/mcs70/m3D/m3Dr4/mcs70_m3Dr4_s100.A09 fileNameGt=../../cp2016-max-common-connected-subgraph-paper/datasets/graphsdb/mcs70/m3D/m3Dr4/mcs70_m3Dr4_s100.B09
Reading graphs...
100 : 275
100 : 274
Initializing...
maxdom : 6
D->valSize : 343
Solving...
Blb : 5 (clique : 47)
currentSize : 47 <-- 0.003459 s
currentSize : 48 <-- 207.445724 s
currentSize : 49 <-- 207.477951 s
currentSize : 50 <-- 220.913071 s
currentSize : 52 <-- 221.002686 s
currentSize : 53 <-- 221.028580 s
currentSize : 55 <-- 358.041870 s
currentSize : 57 <-- 455.699524 s
currentSize : 58 <-- 645.384644 s

TIMEOUT
maxsize : 58
nodes : 201801321.000000
filtered : 639227106.000000
time : 1000.000061
