Parameters: GAD=1 vflib=1 dir=1 label=1 lowerbound=1 fileNameGp=../../cp2016-max-common-connected-subgraph-paper/datasets/graphsdb/mcs70/rand/r005/mcs70_r005_s35.A06 fileNameGt=../../cp2016-max-common-connected-subgraph-paper/datasets/graphsdb/mcs70/rand/r005/mcs70_r005_s35.B06
Reading graphs...
35 : 58
35 : 58
Initializing...
maxdom : 10
D->valSize : 168
Solving...
Blb : 2 (clique : 15)
currentSize : 15 <-- 0.000906 s
currentSize : 16 <-- 0.001058 s
currentSize : 17 <-- 0.006073 s
currentSize : 19 <-- 0.060481 s
currentSize : 21 <-- 0.060563 s
currentSize : 23 <-- 0.063875 s
currentSize : 24 <-- 0.065174 s

maxsize : 24
nodes : 24105.000000
filtered : 117251.000000
time : 0.065817
