Parameters: GAD=1 vflib=1 dir=1 label=1 lowerbound=1 fileNameGp=../../cp2016-max-common-connected-subgraph-paper/datasets/graphsdb/mcs70/rand/r001/mcs70_r001_s100.A09 fileNameGt=../../cp2016-max-common-connected-subgraph-paper/datasets/graphsdb/mcs70/rand/r001/mcs70_r001_s100.B09
Reading graphs...
100 : 120
100 : 120
Initializing...
maxdom : 7
D->valSize : 357
Solving...
Blb : 2 (clique : 61)
currentSize : 61 <-- 0.006552 s
currentSize : 62 <-- 0.007239 s
currentSize : 63 <-- 0.009181 s
currentSize : 64 <-- 0.024385 s
currentSize : 65 <-- 0.025333 s
currentSize : 66 <-- 1.155987 s
currentSize : 67 <-- 10.069172 s
currentSize : 68 <-- 808.379272 s
currentSize : 69 <-- 813.391602 s

TIMEOUT
maxsize : 69
nodes : 203427175.000000
filtered : 646602125.000000
time : 1000.000122
