Parameters: GAD=1 vflib=1 dir=1 label=1 lowerbound=1 fileNameGp=../../cp2016-max-common-connected-subgraph-paper/datasets/graphsdb/mcs70/m3D/m3Dr2/mcs70_m3Dr2_s40.A01 fileNameGt=../../cp2016-max-common-connected-subgraph-paper/datasets/graphsdb/mcs70/m3D/m3Dr2/mcs70_m3Dr2_s40.B01
Reading graphs...
40 : 92
40 : 92
Initializing...
maxdom : 9
D->valSize : 222
Solving...
Blb : 2 (clique : 14)
currentSize : 14 <-- 0.001310 s
currentSize : 15 <-- 0.001602 s
currentSize : 16 <-- 0.002136 s
currentSize : 17 <-- 0.002197 s
currentSize : 18 <-- 0.014805 s
currentSize : 20 <-- 0.017416 s
currentSize : 21 <-- 0.021919 s
currentSize : 23 <-- 0.031579 s
currentSize : 24 <-- 0.031782 s
currentSize : 25 <-- 0.032063 s
currentSize : 26 <-- 0.032798 s
currentSize : 28 <-- 0.040241 s

maxsize : 28
nodes : 14168.000000
filtered : 89430.000000
time : 0.046034
