Parameters: GAD=1 vflib=1 dir=1 label=1 lowerbound=1 fileNameGp=../../cp2016-max-common-connected-subgraph-paper/datasets/graphsdb/mcs70/bvg/b06/mcs70_b06_s25.A03 fileNameGt=../../cp2016-max-common-connected-subgraph-paper/datasets/graphsdb/mcs70/bvg/b06/mcs70_b06_s25.B03
Reading graphs...
25 : 75
25 : 75
Initializing...
maxdom : 9
D->valSize : 153
Solving...
Blb : 2 (clique : 5)
currentSize : 5 <-- 0.000907 s
currentSize : 7 <-- 0.000949 s
currentSize : 9 <-- 0.000987 s
currentSize : 10 <-- 0.001717 s
currentSize : 11 <-- 0.003178 s
currentSize : 12 <-- 0.004316 s
currentSize : 13 <-- 0.004346 s
currentSize : 14 <-- 0.004529 s
currentSize : 15 <-- 0.005043 s
currentSize : 16 <-- 0.005079 s
currentSize : 17 <-- 0.005461 s

maxsize : 17
nodes : 1296.000000
filtered : 15308.000000
time : 0.006134
