Parameters: GAD=1 vflib=1 dir=1 label=1 lowerbound=1 fileNameGp=../../cp2016-max-common-connected-subgraph-paper/datasets/graphsdb/mcs70/rand/r005/mcs70_r005_s90.A03 fileNameGt=../../cp2016-max-common-connected-subgraph-paper/datasets/graphsdb/mcs70/rand/r005/mcs70_r005_s90.B03
Reading graphs...
90 : 399
90 : 399
Initializing...
maxdom : 12
D->valSize : 625
Solving...
Blb : 2 (clique : 34)
currentSize : 34 <-- 0.012177 s
currentSize : 35 <-- 0.012586 s
currentSize : 36 <-- 0.012753 s
currentSize : 37 <-- 0.012963 s
currentSize : 38 <-- 0.013106 s
currentSize : 40 <-- 0.013998 s
currentSize : 41 <-- 0.014158 s
currentSize : 42 <-- 0.014746 s
currentSize : 46 <-- 0.014979 s
currentSize : 47 <-- 0.015169 s
currentSize : 48 <-- 0.310404 s
currentSize : 50 <-- 0.597669 s
currentSize : 54 <-- 1.967867 s
currentSize : 60 <-- 1.968126 s
currentSize : 63 <-- 2.057675 s

maxsize : 63
nodes : 431201.000000
filtered : 6495100.000000
time : 3.187294
