Parameters: GAD=1 vflib=1 dir=1 label=1 lowerbound=1 fileNameGp=../../cp2016-max-common-connected-subgraph-paper/datasets/graphsdb/mcs70/m2D/m2Dr2/mcs70_m2Dr2_s80.A02 fileNameGt=../../cp2016-max-common-connected-subgraph-paper/datasets/graphsdb/mcs70/m2D/m2Dr2/mcs70_m2Dr2_s80.B02
Reading graphs...
80 : 158
80 : 158
Initializing...
maxdom : 10
D->valSize : 439
Solving...
Blb : 2 (clique : 39)
currentSize : 39 <-- 0.004972 s
currentSize : 40 <-- 0.483406 s
currentSize : 41 <-- 0.483483 s
currentSize : 42 <-- 19.423376 s
currentSize : 43 <-- 44.637890 s
currentSize : 44 <-- 44.747231 s
currentSize : 45 <-- 44.747471 s
currentSize : 47 <-- 44.747993 s
currentSize : 48 <-- 44.748089 s
currentSize : 49 <-- 44.783478 s
currentSize : 50 <-- 70.099380 s

maxsize : 50
nodes : 18121692.000000
filtered : 140844237.000000
time : 96.933464
