Parameters: GAD=1 vflib=1 dir=1 label=1 lowerbound=1 fileNameGp=../../cp2016-max-common-connected-subgraph-paper/datasets/graphsdb/mcs70/m2D/m2Dr6/mcs70_m2Dr6_s70.A06 fileNameGt=../../cp2016-max-common-connected-subgraph-paper/datasets/graphsdb/mcs70/m2D/m2Dr6/mcs70_m2Dr6_s70.B06
Reading graphs...
70 : 165
70 : 164
Initializing...
maxdom : 8
D->valSize : 346
Solving...
Blb : 2 (clique : 38)
currentSize : 38 <-- 0.004872 s
currentSize : 39 <-- 0.005395 s
currentSize : 40 <-- 0.005496 s
currentSize : 41 <-- 0.005966 s
currentSize : 42 <-- 0.006086 s
currentSize : 45 <-- 0.007801 s
currentSize : 47 <-- 0.007933 s
currentSize : 49 <-- 0.008693 s

maxsize : 49
nodes : 257467.000000
filtered : 1549386.000000
time : 1.310518
