Parameters: GAD=1 vflib=1 dir=1 label=1 lowerbound=1 fileNameGp=../../cp2016-max-common-connected-subgraph-paper/datasets/graphsdb/mcs70/bvg/b03/mcs70_b03_s90.A01 fileNameGt=../../cp2016-max-common-connected-subgraph-paper/datasets/graphsdb/mcs70/bvg/b03/mcs70_b03_s90.B01
Reading graphs...
90 : 135
90 : 135
Initializing...
maxdom : 8
D->valSize : 520
Solving...
Blb : 2 (clique : 48)
currentSize : 48 <-- 0.010210 s
currentSize : 49 <-- 0.019416 s
currentSize : 50 <-- 0.022613 s
currentSize : 51 <-- 0.042925 s
currentSize : 52 <-- 0.071713 s
currentSize : 53 <-- 0.090441 s
currentSize : 54 <-- 0.090514 s
currentSize : 55 <-- 0.131262 s
currentSize : 56 <-- 207.776505 s
currentSize : 58 <-- 562.628235 s
currentSize : 59 <-- 562.629211 s
currentSize : 61 <-- 973.203247 s
currentSize : 64 <-- 973.209106 s
currentSize : 65 <-- 973.209229 s

TIMEOUT
maxsize : 65
nodes : 160691170.000000
filtered : 1240929385.000000
time : 1000.000122
