Parameters: GAD=1 vflib=1 dir=1 label=1 lowerbound=1 fileNameGp=../../cp2016-max-common-connected-subgraph-paper/datasets/graphsdb/mcs70/bvg/b09m/mcs70_b09m_s50.A08 fileNameGt=../../cp2016-max-common-connected-subgraph-paper/datasets/graphsdb/mcs70/bvg/b09m/mcs70_b09m_s50.B08
Reading graphs...
50 : 225
50 : 225
Initializing...
maxdom : 11
D->valSize : 354
Solving...
Blb : 3 (clique : 13)
currentSize : 13 <-- 0.002445 s
currentSize : 19 <-- 0.002533 s
currentSize : 20 <-- 0.004484 s
currentSize : 21 <-- 0.066272 s
currentSize : 30 <-- 0.089608 s
currentSize : 31 <-- 0.089669 s
currentSize : 32 <-- 0.089739 s
currentSize : 34 <-- 0.089806 s

maxsize : 34
nodes : 25556.000000
filtered : 333036.000000
time : 0.112320
