Parameters: GAD=1 vflib=1 dir=1 label=1 lowerbound=1 fileNameGp=../../cp2016-max-common-connected-subgraph-paper/datasets/graphsdb/mcs70/m2D/m2Dr6/mcs70_m2Dr6_s90.A09 fileNameGt=../../cp2016-max-common-connected-subgraph-paper/datasets/graphsdb/mcs70/m2D/m2Dr6/mcs70_m2Dr6_s90.B09
Reading graphs...
90 : 215
90 : 212
Initializing...
maxdom : 12
D->valSize : 543
Solving...
Blb : 3 (clique : 36)
currentSize : 36 <-- 0.006259 s
currentSize : 48 <-- 0.006577 s
currentSize : 50 <-- 0.006617 s
currentSize : 51 <-- 0.135820 s
currentSize : 53 <-- 0.159718 s
currentSize : 55 <-- 0.159746 s
currentSize : 56 <-- 0.162876 s
currentSize : 57 <-- 1.829004 s
currentSize : 58 <-- 1.830605 s
currentSize : 61 <-- 1.830817 s
currentSize : 62 <-- 1.830949 s
currentSize : 64 <-- 26.735256 s
currentSize : 65 <-- 26.735409 s

maxsize : 65
nodes : 17575932.000000
filtered : 103615145.000000
time : 90.498810
