Parameters: GAD=1 vflib=1 dir=1 label=1 lowerbound=1 fileNameGp=../../cp2016-max-common-connected-subgraph-paper/datasets/graphsdb/mcs70/m2D/m2D/mcs70_m2D_s70.A02 fileNameGt=../../cp2016-max-common-connected-subgraph-paper/datasets/graphsdb/mcs70/m2D/m2D/mcs70_m2D_s70.B02
Reading graphs...
70 : 123
70 : 123
Initializing...
maxdom : 9
D->valSize : 337
Solving...
Blb : 2 (clique : 41)
currentSize : 41 <-- 0.002888 s
currentSize : 42 <-- 0.008621 s
currentSize : 43 <-- 0.102676 s
currentSize : 44 <-- 0.102750 s
currentSize : 45 <-- 0.105242 s
currentSize : 46 <-- 0.105385 s
currentSize : 48 <-- 0.133649 s
currentSize : 49 <-- 0.133807 s
currentSize : 50 <-- 0.134579 s

maxsize : 50
nodes : 3474815.000000
filtered : 9680651.000000
time : 12.994346
