Parameters: GAD=1 vflib=1 dir=1 label=1 lowerbound=1 fileNameGp=../../cp2016-max-common-connected-subgraph-paper/datasets/graphsdb/mcs70/m2D/m2D/mcs70_m2D_s100.A04 fileNameGt=../../cp2016-max-common-connected-subgraph-paper/datasets/graphsdb/mcs70/m2D/m2D/mcs70_m2D_s100.B04
Reading graphs...
100 : 180
100 : 180
Initializing...
maxdom : 7
D->valSize : 396
Solving...
Blb : 2 (clique : 41)
currentSize : 41 <-- 0.006725 s
currentSize : 42 <-- 0.007177 s
currentSize : 45 <-- 0.008623 s
currentSize : 46 <-- 0.010374 s
currentSize : 47 <-- 0.117296 s
currentSize : 48 <-- 0.526830 s
currentSize : 49 <-- 0.619640 s
currentSize : 50 <-- 0.632254 s
currentSize : 51 <-- 2.704848 s
currentSize : 52 <-- 22.357952 s

TIMEOUT
maxsize : 52
nodes : 184443281.000000
filtered : 639667378.000000
time : 1000.000061
