Parameters: GAD=1 vflib=1 dir=1 label=1 lowerbound=1 fileNameGp=../../cp2016-max-common-connected-subgraph-paper/datasets/graphsdb/mcs70/bvg/b03m/mcs70_b03m_s90.A06 fileNameGt=../../cp2016-max-common-connected-subgraph-paper/datasets/graphsdb/mcs70/bvg/b03m/mcs70_b03m_s90.B06
Reading graphs...
90 : 135
90 : 135
Initializing...
maxdom : 11
D->valSize : 585
Solving...
Blb : 2 (clique : 51)
currentSize : 51 <-- 0.007451 s
currentSize : 53 <-- 0.009557 s
currentSize : 54 <-- 0.019636 s
currentSize : 56 <-- 0.038316 s
currentSize : 57 <-- 0.043238 s
currentSize : 58 <-- 285.341797 s
currentSize : 59 <-- 511.164062 s

TIMEOUT
maxsize : 59
nodes : 201706422.000000
filtered : 996513453.000000
time : 1000.000061
