Parameters: GAD=1 vflib=1 dir=1 label=1 lowerbound=1 fileNameGp=../../cp2016-max-common-connected-subgraph-paper/datasets/graphsdb/mcs70/bvg/b06m/mcs70_b06m_s70.A02 fileNameGt=../../cp2016-max-common-connected-subgraph-paper/datasets/graphsdb/mcs70/bvg/b06m/mcs70_b06m_s70.B02
Reading graphs...
70 : 210
70 : 210
Initializing...
maxdom : 9
D->valSize : 372
Solving...
Blb : 2 (clique : 30)
currentSize : 30 <-- 0.005203 s
currentSize : 31 <-- 0.005947 s
currentSize : 33 <-- 0.010268 s
currentSize : 34 <-- 0.010389 s
currentSize : 35 <-- 0.021410 s
currentSize : 36 <-- 0.021758 s
currentSize : 37 <-- 0.032482 s
currentSize : 39 <-- 0.334923 s
currentSize : 40 <-- 0.336288 s
currentSize : 41 <-- 0.336534 s
currentSize : 42 <-- 0.342091 s
currentSize : 43 <-- 1.137206 s
currentSize : 47 <-- 1.146164 s
currentSize : 48 <-- 1.148658 s
currentSize : 49 <-- 1.148840 s

maxsize : 49
nodes : 462647.000000
filtered : 2913876.000000
time : 2.110937
