Parameters: GAD=1 vflib=1 dir=1 label=1 lowerbound=1 fileNameGp=../../cp2016-max-common-connected-subgraph-paper/datasets/graphsdb/mcs70/rand/r01/mcs70_r01_s90.A06 fileNameGt=../../cp2016-max-common-connected-subgraph-paper/datasets/graphsdb/mcs70/rand/r01/mcs70_r01_s90.B06
Reading graphs...
90 : 800
90 : 800
Initializing...
maxdom : 12
D->valSize : 599
Solving...
Blb : 2 (clique : 13)
currentSize : 13 <-- 0.006859 s
currentSize : 14 <-- 0.007585 s
currentSize : 15 <-- 0.039716 s
currentSize : 18 <-- 0.135821 s
currentSize : 19 <-- 0.135877 s
currentSize : 20 <-- 0.166698 s
currentSize : 21 <-- 0.184325 s
currentSize : 22 <-- 0.184392 s
currentSize : 32 <-- 0.250828 s
currentSize : 42 <-- 0.357900 s
currentSize : 45 <-- 0.409458 s
currentSize : 47 <-- 0.439606 s
currentSize : 63 <-- 0.452671 s

maxsize : 63
nodes : 78110.000000
filtered : 1184611.000000
time : 0.474862
