Parameters: GAD=1 vflib=1 dir=1 label=1 lowerbound=1 fileNameGp=../../cp2016-max-common-connected-subgraph-paper/datasets/graphsdb/mcs70/m2D/m2Dr2/mcs70_m2Dr2_s100.A02 fileNameGt=../../cp2016-max-common-connected-subgraph-paper/datasets/graphsdb/mcs70/m2D/m2Dr2/mcs70_m2Dr2_s100.B02
Reading graphs...
100 : 200
100 : 200
Initializing...
maxdom : 7
D->valSize : 379
Solving...
Blb : 3 (clique : 44)
currentSize : 44 <-- 0.006443 s
currentSize : 45 <-- 0.008779 s
currentSize : 46 <-- 0.008905 s
currentSize : 47 <-- 0.009534 s
currentSize : 49 <-- 0.044078 s
currentSize : 50 <-- 0.044455 s
currentSize : 51 <-- 0.046493 s
currentSize : 52 <-- 0.130090 s
currentSize : 53 <-- 0.138711 s
currentSize : 54 <-- 0.139032 s
currentSize : 55 <-- 0.140107 s
currentSize : 56 <-- 0.140935 s
currentSize : 57 <-- 562.040833 s
currentSize : 58 <-- 582.799194 s
currentSize : 59 <-- 583.467834 s
currentSize : 60 <-- 593.181519 s

TIMEOUT
maxsize : 60
nodes : 195284468.000000
filtered : 645363187.000000
time : 1000.000122
