Parameters: GAD=1 vflib=1 dir=1 label=1 lowerbound=1 fileNameGp=../../cp2016-max-common-connected-subgraph-paper/datasets/graphsdb/mcs70/bvg/b06m/mcs70_b06m_s90.A06 fileNameGt=../../cp2016-max-common-connected-subgraph-paper/datasets/graphsdb/mcs70/bvg/b06m/mcs70_b06m_s90.B06
Reading graphs...
90 : 270
90 : 270
Initializing...
maxdom : 8
D->valSize : 548
Solving...
Blb : 2 (clique : 47)
currentSize : 47 <-- 0.006459 s
currentSize : 48 <-- 0.006882 s
currentSize : 51 <-- 0.102471 s
currentSize : 52 <-- 0.102576 s
currentSize : 53 <-- 0.789571 s
currentSize : 56 <-- 0.888477 s
currentSize : 57 <-- 0.888584 s
currentSize : 58 <-- 214.244614 s
currentSize : 60 <-- 214.244736 s
currentSize : 62 <-- 685.334778 s
currentSize : 63 <-- 780.195923 s

maxsize : 63
nodes : 191274202.000000
filtered : 880012309.000000
time : 914.456665
