Parameters: GAD=1 vflib=1 dir=1 label=1 lowerbound=1 fileNameGp=../../cp2016-max-common-connected-subgraph-paper/datasets/graphsdb/mcs70/bvg/b06/mcs70_b06_s70.A05 fileNameGt=../../cp2016-max-common-connected-subgraph-paper/datasets/graphsdb/mcs70/bvg/b06/mcs70_b06_s70.B05
Reading graphs...
70 : 210
70 : 210
Initializing...
maxdom : 7
D->valSize : 335
Solving...
Blb : 3 (clique : 39)
currentSize : 39 <-- 0.002807 s
currentSize : 40 <-- 0.270202 s
currentSize : 41 <-- 0.285030 s
currentSize : 43 <-- 6.711024 s
currentSize : 44 <-- 6.711600 s
currentSize : 46 <-- 6.711707 s
currentSize : 47 <-- 6.711891 s
currentSize : 48 <-- 6.717487 s
currentSize : 49 <-- 6.717837 s

maxsize : 49
nodes : 1898317.000000
filtered : 9656164.000000
time : 8.521718
