Parameters: GAD=1 vflib=1 dir=1 label=1 lowerbound=1 fileNameGp=../../cp2016-max-common-connected-subgraph-paper/datasets/graphsdb/mcs70/bvg/b06/mcs70_b06_s100.A09 fileNameGt=../../cp2016-max-common-connected-subgraph-paper/datasets/graphsdb/mcs70/bvg/b06/mcs70_b06_s100.B09
Reading graphs...
100 : 300
100 : 300
Initializing...
maxdom : 7
D->valSize : 391
Solving...
Blb : 2 (clique : 52)
currentSize : 52 <-- 0.006853 s
currentSize : 53 <-- 0.007507 s
currentSize : 55 <-- 0.009569 s
currentSize : 56 <-- 0.017379 s
currentSize : 57 <-- 0.073926 s
currentSize : 60 <-- 0.079526 s
currentSize : 62 <-- 0.084862 s
currentSize : 63 <-- 0.098029 s
currentSize : 65 <-- 0.099683 s
currentSize : 67 <-- 0.105571 s
currentSize : 70 <-- 0.124471 s

maxsize : 70
nodes : 4422852.000000
filtered : 25271657.000000
time : 25.475002
