Parameters: GAD=1 vflib=1 dir=1 label=1 lowerbound=1 fileNameGp=../../cp2016-max-common-connected-subgraph-paper/datasets/graphsdb/mcs70/rand/r01/mcs70_r01_s100.A00 fileNameGt=../../cp2016-max-common-connected-subgraph-paper/datasets/graphsdb/mcs70/rand/r01/mcs70_r01_s100.B00
Reading graphs...
100 : 989
100 : 989
Initializing...
maxdom : 6
D->valSize : 397
Solving...
Blb : 2 (clique : 15)
currentSize : 15 <-- 0.003757 s
currentSize : 17 <-- 0.004898 s
currentSize : 19 <-- 0.004953 s
currentSize : 21 <-- 0.008704 s
currentSize : 24 <-- 0.008802 s
currentSize : 26 <-- 0.009606 s
currentSize : 29 <-- 0.009700 s
currentSize : 31 <-- 0.032233 s
currentSize : 35 <-- 0.052231 s
currentSize : 43 <-- 0.064597 s
currentSize : 50 <-- 0.078194 s
currentSize : 53 <-- 0.094101 s
currentSize : 55 <-- 0.094958 s
currentSize : 70 <-- 0.095402 s

maxsize : 70
nodes : 15851.000000
filtered : 184780.000000
time : 0.107867
