Parameters: GAD=1 vflib=1 dir=1 label=1 lowerbound=1 fileNameGp=../../cp2016-max-common-connected-subgraph-paper/datasets/graphsdb/mcs70/m2D/m2Dr6/mcs70_m2Dr6_s80.A03 fileNameGt=../../cp2016-max-common-connected-subgraph-paper/datasets/graphsdb/mcs70/m2D/m2Dr6/mcs70_m2Dr6_s80.B03
Reading graphs...
80 : 190
80 : 190
Initializing...
maxdom : 10
D->valSize : 410
Solving...
Blb : 2 (clique : 34)
currentSize : 34 <-- 0.006542 s
currentSize : 35 <-- 6.871733 s
currentSize : 36 <-- 11.230319 s
currentSize : 37 <-- 21.678947 s
currentSize : 38 <-- 22.915541 s
currentSize : 39 <-- 22.915775 s
currentSize : 40 <-- 22.915924 s
currentSize : 41 <-- 22.918880 s
currentSize : 42 <-- 22.919039 s
currentSize : 43 <-- 22.919907 s
currentSize : 44 <-- 29.010860 s
currentSize : 45 <-- 79.240402 s
currentSize : 46 <-- 123.057365 s
currentSize : 47 <-- 123.062866 s
currentSize : 48 <-- 123.063278 s
currentSize : 49 <-- 123.063843 s
currentSize : 50 <-- 123.108307 s

maxsize : 50
nodes : 47042650.000000
filtered : 278585121.000000
time : 226.703674
