Parameters: GAD=1 vflib=1 dir=1 label=1 lowerbound=1 fileNameGp=../../cp2016-max-common-connected-subgraph-paper/datasets/graphsdb/mcs70/bvg/b06/mcs70_b06_s70.A00 fileNameGt=../../cp2016-max-common-connected-subgraph-paper/datasets/graphsdb/mcs70/bvg/b06/mcs70_b06_s70.B00
Reading graphs...
70 : 210
70 : 210
Initializing...
maxdom : 9
D->valSize : 363
Solving...
Blb : 2 (clique : 36)
currentSize : 36 <-- 0.005055 s
currentSize : 40 <-- 0.005412 s
currentSize : 42 <-- 0.005710 s
currentSize : 46 <-- 0.005804 s
currentSize : 47 <-- 0.006806 s
currentSize : 48 <-- 1.851571 s
currentSize : 49 <-- 2.459815 s

maxsize : 49
nodes : 658294.000000
filtered : 4301208.000000
time : 2.947753
