Parameters: GAD=1 vflib=1 dir=1 label=1 lowerbound=1 fileNameGp=../../cp2016-max-common-connected-subgraph-paper/datasets/graphsdb/mcs70/m2D/m2Dr2/mcs70_m2Dr2_s90.A07 fileNameGt=../../cp2016-max-common-connected-subgraph-paper/datasets/graphsdb/mcs70/m2D/m2Dr2/mcs70_m2Dr2_s90.B07
Reading graphs...
90 : 179
90 : 179
Initializing...
maxdom : 10
D->valSize : 576
Solving...
Blb : 2 (clique : 54)
currentSize : 54 <-- 0.008257 s
currentSize : 56 <-- 0.008825 s
currentSize : 57 <-- 0.008919 s
currentSize : 58 <-- 537.095764 s
currentSize : 63 <-- 894.895508 s
currentSize : 64 <-- 894.895752 s

TIMEOUT
maxsize : 64
nodes : 199774111.000000
filtered : 1093327743.000000
time : 1000.000061
