Parameters: GAD=1 vflib=1 dir=1 label=1 lowerbound=1 fileNameGp=../../cp2016-max-common-connected-subgraph-paper/datasets/graphsdb/mcs70/m2D/m2Dr6/mcs70_m2Dr6_s80.A00 fileNameGt=../../cp2016-max-common-connected-subgraph-paper/datasets/graphsdb/mcs70/m2D/m2Dr6/mcs70_m2Dr6_s80.B00
Reading graphs...
80 : 190
80 : 189
Initializing...
maxdom : 8
D->valSize : 456
Solving...
Blb : 2 (clique : 37)
currentSize : 37 <-- 0.004668 s
currentSize : 38 <-- 0.006388 s
currentSize : 39 <-- 0.009607 s
currentSize : 40 <-- 0.017053 s
currentSize : 41 <-- 0.108153 s
currentSize : 42 <-- 2.462288 s
currentSize : 43 <-- 7.707354 s
currentSize : 44 <-- 7.932269 s
currentSize : 46 <-- 689.645447 s
currentSize : 47 <-- 689.649292 s
currentSize : 48 <-- 689.761169 s
currentSize : 49 <-- 689.762085 s
currentSize : 50 <-- 689.791016 s

TIMEOUT
maxsize : 50
nodes : 198427130.000000
filtered : 1316666400.000000
time : 1000.000061
