Parameters: GAD=1 vflib=1 dir=1 label=1 lowerbound=1 fileNameGp=../../cp2016-max-common-connected-subgraph-paper/datasets/graphsdb/mcs70/m2D/m2D/mcs70_m2D_s60.A08 fileNameGt=../../cp2016-max-common-connected-subgraph-paper/datasets/graphsdb/mcs70/m2D/m2D/mcs70_m2D_s60.B08
Reading graphs...
60 : 104
60 : 104
Initializing...
maxdom : 10
D->valSize : 294
Solving...
Blb : 2 (clique : 27)
currentSize : 27 <-- 0.003394 s
currentSize : 29 <-- 0.101803 s
currentSize : 30 <-- 0.379475 s
currentSize : 31 <-- 0.383746 s
currentSize : 32 <-- 0.383818 s
currentSize : 33 <-- 9.203327 s
currentSize : 34 <-- 9.210092 s
currentSize : 35 <-- 9.246115 s
currentSize : 36 <-- 9.246190 s

maxsize : 36
nodes : 4125851.000000
filtered : 25558764.000000
time : 16.600363
