Parameters: GAD=1 vflib=1 dir=1 label=1 lowerbound=1 fileNameGp=../../cp2016-max-common-connected-subgraph-paper/datasets/graphsdb/mcs70/m2D/m2Dr2/mcs70_m2Dr2_s70.A03 fileNameGt=../../cp2016-max-common-connected-subgraph-paper/datasets/graphsdb/mcs70/m2D/m2Dr2/mcs70_m2Dr2_s70.B03
Reading graphs...
70 : 137
70 : 137
Initializing...
maxdom : 7
D->valSize : 335
Solving...
Blb : 2 (clique : 35)
currentSize : 35 <-- 0.004576 s
currentSize : 36 <-- 0.099697 s
currentSize : 37 <-- 1.349990 s
currentSize : 38 <-- 2.881448 s
currentSize : 40 <-- 2.882236 s
currentSize : 41 <-- 2.882365 s
currentSize : 42 <-- 6.486061 s
currentSize : 43 <-- 6.486159 s
currentSize : 44 <-- 8.709753 s
currentSize : 46 <-- 14.107104 s
currentSize : 47 <-- 14.107200 s
currentSize : 49 <-- 14.291648 s

maxsize : 49
nodes : 3618958.000000
filtered : 17673727.000000
time : 16.509953
