Parameters: GAD=1 vflib=1 dir=1 label=1 lowerbound=1 fileNameGp=../../cp2016-max-common-connected-subgraph-paper/datasets/graphsdb/mcs70/m2D/m2D/mcs70_m2D_s35.A09 fileNameGt=../../cp2016-max-common-connected-subgraph-paper/datasets/graphsdb/mcs70/m2D/m2D/mcs70_m2D_s35.B09
Reading graphs...
35 : 58
35 : 58
Initializing...
maxdom : 7
D->valSize : 174
Solving...
Blb : 2 (clique : 12)
currentSize : 12 <-- 0.000894 s
currentSize : 13 <-- 0.001248 s
currentSize : 14 <-- 0.001285 s
currentSize : 15 <-- 0.018600 s
currentSize : 16 <-- 0.018654 s
currentSize : 17 <-- 0.037652 s
currentSize : 21 <-- 0.042461 s
currentSize : 22 <-- 0.043010 s
currentSize : 24 <-- 0.054475 s
currentSize : 25 <-- 0.054816 s

maxsize : 25
nodes : 19393.000000
filtered : 134365.000000
time : 0.058227
