Parameters: GAD=1 vflib=1 dir=1 label=1 lowerbound=1 fileNameGp=../../cp2016-max-common-connected-subgraph-paper/datasets/graphsdb/mcs70/bvg/b06m/mcs70_b06m_s70.A09 fileNameGt=../../cp2016-max-common-connected-subgraph-paper/datasets/graphsdb/mcs70/bvg/b06m/mcs70_b06m_s70.B09
Reading graphs...
70 : 210
70 : 210
Initializing...
maxdom : 8
D->valSize : 343
Solving...
Blb : 2 (clique : 30)
currentSize : 30 <-- 0.002939 s
currentSize : 31 <-- 0.003143 s
currentSize : 32 <-- 0.003440 s
currentSize : 34 <-- 0.004490 s
currentSize : 37 <-- 0.004560 s
currentSize : 38 <-- 0.004668 s
currentSize : 39 <-- 0.005153 s
currentSize : 42 <-- 0.005265 s
currentSize : 43 <-- 0.006661 s
currentSize : 44 <-- 0.959312 s
currentSize : 46 <-- 0.959600 s
currentSize : 48 <-- 0.959745 s
currentSize : 49 <-- 0.959906 s

maxsize : 49
nodes : 306851.000000
filtered : 1688604.000000
time : 1.399431
