Parameters: GAD=1 vflib=1 dir=1 label=1 lowerbound=1 fileNameGp=../../cp2016-max-common-connected-subgraph-paper/datasets/graphsdb/mcs70/m2D/m2D/mcs70_m2D_s50.A02 fileNameGt=../../cp2016-max-common-connected-subgraph-paper/datasets/graphsdb/mcs70/m2D/m2D/mcs70_m2D_s50.B02
Reading graphs...
50 : 85
50 : 85
Initializing...
maxdom : 9
D->valSize : 331
Solving...
Blb : 2 (clique : 26)
currentSize : 26 <-- 0.002581 s
currentSize : 27 <-- 0.011066 s
currentSize : 28 <-- 0.011174 s
currentSize : 29 <-- 1.450626 s
currentSize : 30 <-- 2.376307 s
currentSize : 32 <-- 4.227250 s
currentSize : 33 <-- 4.229049 s
currentSize : 35 <-- 4.253312 s
currentSize : 36 <-- 4.253696 s

maxsize : 36
nodes : 1074063.000000
filtered : 9912035.000000
time : 4.351680
