Parameters: GAD=1 vflib=1 dir=1 label=1 lowerbound=1 fileNameGp=../../cp2016-max-common-connected-subgraph-paper/datasets/graphsdb/mcs70/m3D/m3Dr6/mcs70_m3Dr6_s100.A01 fileNameGt=../../cp2016-max-common-connected-subgraph-paper/datasets/graphsdb/mcs70/m3D/m3Dr6/mcs70_m3Dr6_s100.B01
Reading graphs...
100 : 295
100 : 295
Initializing...
maxdom : 6
D->valSize : 369
Solving...
Blb : 2 (clique : 53)
currentSize : 53 <-- 0.003961 s
currentSize : 55 <-- 0.004673 s
currentSize : 57 <-- 0.013102 s
currentSize : 59 <-- 0.013605 s
currentSize : 62 <-- 229.912674 s
currentSize : 64 <-- 229.913010 s

maxsize : 64
nodes : 69373894.000000
filtered : 270702060.000000
time : 370.597443
