Parameters: GAD=1 vflib=1 dir=1 label=1 lowerbound=1 fileNameGp=../../cp2016-max-common-connected-subgraph-paper/datasets/graphsdb/mcs70/bvg/b09m/mcs70_b09m_s90.A07 fileNameGt=../../cp2016-max-common-connected-subgraph-paper/datasets/graphsdb/mcs70/bvg/b09m/mcs70_b09m_s90.B07
Reading graphs...
90 : 405
90 : 405
Initializing...
maxdom : 13
D->valSize : 626
Solving...
Blb : 2 (clique : 45)
currentSize : 45 <-- 0.012475 s
currentSize : 52 <-- 0.026632 s
currentSize : 54 <-- 0.057407 s
currentSize : 55 <-- 0.166340 s
currentSize : 56 <-- 0.292353 s
currentSize : 57 <-- 0.411552 s
currentSize : 59 <-- 0.637928 s
currentSize : 61 <-- 1.349268 s
currentSize : 62 <-- 1.781049 s

maxsize : 62
nodes : 321144.000000
filtered : 3432730.000000
time : 1.882973
