Parameters: GAD=1 vflib=1 dir=1 label=1 lowerbound=1 fileNameGp=../../cp2016-max-common-connected-subgraph-paper/datasets/graphsdb/mcs70/rand/r005/mcs70_r005_s60.A09 fileNameGt=../../cp2016-max-common-connected-subgraph-paper/datasets/graphsdb/mcs70/rand/r005/mcs70_r005_s60.B09
Reading graphs...
60 : 176
60 : 176
Initializing...
maxdom : 7
D->valSize : 259
Solving...
Blb : 2 (clique : 22)
currentSize : 22 <-- 0.001729 s
currentSize : 23 <-- 0.003086 s
currentSize : 24 <-- 0.003154 s
currentSize : 25 <-- 0.003601 s
currentSize : 26 <-- 0.008771 s
currentSize : 29 <-- 0.017483 s
currentSize : 31 <-- 0.035103 s
currentSize : 32 <-- 0.045619 s
currentSize : 33 <-- 0.096443 s
currentSize : 36 <-- 0.096522 s
currentSize : 39 <-- 0.123027 s
currentSize : 42 <-- 0.123108 s

maxsize : 42
nodes : 34412.000000
filtered : 250094.000000
time : 0.148514
