Parameters: GAD=1 vflib=1 dir=1 label=1 lowerbound=1 fileNameGp=../../cp2016-max-common-connected-subgraph-paper/datasets/graphsdb/mcs70/m2D/m2D/mcs70_m2D_s50.A05 fileNameGt=../../cp2016-max-common-connected-subgraph-paper/datasets/graphsdb/mcs70/m2D/m2D/mcs70_m2D_s50.B05
Reading graphs...
50 : 85
50 : 85
Initializing...
maxdom : 11
D->valSize : 355
Solving...
Blb : 2 (clique : 25)
currentSize : 25 <-- 0.002784 s
currentSize : 26 <-- 0.085931 s
currentSize : 28 <-- 0.326578 s
currentSize : 31 <-- 0.417093 s
currentSize : 32 <-- 0.417146 s
currentSize : 33 <-- 0.627831 s
currentSize : 35 <-- 0.627897 s
currentSize : 36 <-- 0.627964 s

maxsize : 36
nodes : 162127.000000
filtered : 1672323.000000
time : 0.730570
