Parameters: GAD=1 vflib=1 dir=1 label=1 lowerbound=1 fileNameGp=../../cp2016-max-common-connected-subgraph-paper/datasets/graphsdb/mcs70/m2D/m2Dr2/mcs70_m2Dr2_s60.A04 fileNameGt=../../cp2016-max-common-connected-subgraph-paper/datasets/graphsdb/mcs70/m2D/m2Dr2/mcs70_m2Dr2_s60.B04
Reading graphs...
60 : 116
60 : 116
Initializing...
maxdom : 7
D->valSize : 234
Solving...
Blb : 2 (clique : 23)
currentSize : 23 <-- 0.001635 s
currentSize : 24 <-- 0.014336 s
currentSize : 25 <-- 0.014465 s
currentSize : 26 <-- 0.019142 s
currentSize : 27 <-- 0.091675 s
currentSize : 28 <-- 0.101445 s
currentSize : 29 <-- 0.180546 s
currentSize : 30 <-- 0.378093 s
currentSize : 31 <-- 0.521849 s
currentSize : 32 <-- 1.024115 s
currentSize : 33 <-- 4.988213 s
currentSize : 34 <-- 5.006040 s
currentSize : 36 <-- 27.004831 s
currentSize : 37 <-- 27.007828 s

maxsize : 37
nodes : 8353201.000000
filtered : 29569690.000000
time : 31.341743
