Parameters: GAD=1 vflib=1 dir=1 label=1 lowerbound=1 fileNameGp=../../cp2016-max-common-connected-subgraph-paper/datasets/graphsdb/mcs70/bvg/b06/mcs70_b06_s80.A01 fileNameGt=../../cp2016-max-common-connected-subgraph-paper/datasets/graphsdb/mcs70/bvg/b06/mcs70_b06_s80.B01
Reading graphs...
80 : 240
80 : 240
Initializing...
maxdom : 9
D->valSize : 475
Solving...
Blb : 2 (clique : 36)
currentSize : 36 <-- 0.007494 s
currentSize : 37 <-- 0.007880 s
currentSize : 38 <-- 0.010768 s
currentSize : 39 <-- 0.014784 s
currentSize : 40 <-- 0.015443 s
currentSize : 42 <-- 0.021748 s
currentSize : 44 <-- 0.022073 s
currentSize : 45 <-- 0.024886 s
currentSize : 47 <-- 0.026156 s
currentSize : 49 <-- 0.051609 s
currentSize : 53 <-- 0.052168 s
currentSize : 54 <-- 0.059450 s
currentSize : 56 <-- 0.063888 s

maxsize : 56
nodes : 2376553.000000
filtered : 15967123.000000
time : 12.018024
