Parameters: GAD=1 vflib=1 dir=1 label=1 lowerbound=1 fileNameGp=../../cp2016-max-common-connected-subgraph-paper/datasets/graphsdb/mcs70/m2D/m2D/mcs70_m2D_s100.A00 fileNameGt=../../cp2016-max-common-connected-subgraph-paper/datasets/graphsdb/mcs70/m2D/m2D/mcs70_m2D_s100.B00
Reading graphs...
100 : 180
100 : 180
Initializing...
maxdom : 6
D->valSize : 356
Solving...
Blb : 2 (clique : 35)
currentSize : 35 <-- 0.003489 s
currentSize : 54 <-- 0.003803 s
currentSize : 55 <-- 0.003922 s
currentSize : 56 <-- 60.140804 s
currentSize : 57 <-- 60.141033 s
currentSize : 59 <-- 75.045189 s
currentSize : 60 <-- 75.045334 s
currentSize : 61 <-- 849.369446 s
currentSize : 62 <-- 849.369507 s

TIMEOUT
maxsize : 62
nodes : 220041130.000000
filtered : 567370938.000000
time : 1000.000061
