Parameters: GAD=1 vflib=1 dir=1 label=1 lowerbound=1 fileNameGp=../../cp2016-max-common-connected-subgraph-paper/datasets/graphsdb/mcs70/m2D/m2D/mcs70_m2D_s90.A06 fileNameGt=../../cp2016-max-common-connected-subgraph-paper/datasets/graphsdb/mcs70/m2D/m2D/mcs70_m2D_s90.B06
Reading graphs...
90 : 161
90 : 161
Initializing...
maxdom : 9
D->valSize : 539
Solving...
Blb : 2 (clique : 55)
currentSize : 55 <-- 0.006539 s
currentSize : 56 <-- 0.007035 s
currentSize : 57 <-- 0.075019 s
currentSize : 58 <-- 0.075931 s
currentSize : 59 <-- 0.085303 s
currentSize : 60 <-- 7.908662 s
currentSize : 61 <-- 363.414490 s
currentSize : 62 <-- 363.415192 s
currentSize : 63 <-- 363.433289 s
currentSize : 64 <-- 363.433441 s
currentSize : 65 <-- 363.965576 s

maxsize : 65
nodes : 73218082.000000
filtered : 375098064.000000
time : 381.488617
