Parameters: GAD=1 vflib=1 dir=1 label=1 lowerbound=1 fileNameGp=../../cp2016-max-common-connected-subgraph-paper/datasets/graphsdb/mcs70/m2D/m2Dr6/mcs70_m2Dr6_s90.A05 fileNameGt=../../cp2016-max-common-connected-subgraph-paper/datasets/graphsdb/mcs70/m2D/m2Dr6/mcs70_m2Dr6_s90.B05
Reading graphs...
90 : 215
90 : 215
Initializing...
maxdom : 11
D->valSize : 587
Solving...
Blb : 3 (clique : 51)
currentSize : 51 <-- 0.011989 s
currentSize : 52 <-- 2.950051 s
currentSize : 54 <-- 5.934683 s
currentSize : 56 <-- 35.223656 s
currentSize : 58 <-- 35.227089 s
currentSize : 59 <-- 162.690674 s
currentSize : 60 <-- 470.640747 s
currentSize : 63 <-- 470.640869 s
currentSize : 64 <-- 470.642181 s

maxsize : 64
nodes : 131582858.000000
filtered : 718219438.000000
time : 645.899658
