Parameters: GAD=1 vflib=1 dir=1 label=1 lowerbound=1 fileNameGp=../../cp2016-max-common-connected-subgraph-paper/datasets/graphsdb/mcs70/bvg/b03/mcs70_b03_s40.A08 fileNameGt=../../cp2016-max-common-connected-subgraph-paper/datasets/graphsdb/mcs70/bvg/b03/mcs70_b03_s40.B08
Reading graphs...
40 : 60
40 : 60
Initializing...
maxdom : 8
D->valSize : 226
Solving...
Blb : 2 (clique : 18)
currentSize : 18 <-- 0.001433 s
currentSize : 19 <-- 0.001528 s
currentSize : 21 <-- 0.255478 s
currentSize : 22 <-- 0.255549 s
currentSize : 23 <-- 0.267374 s
currentSize : 24 <-- 0.285946 s
currentSize : 27 <-- 0.292236 s
currentSize : 28 <-- 0.292266 s

maxsize : 28
nodes : 149560.000000
filtered : 446714.000000
time : 0.314065
