Parameters: GAD=1 vflib=1 dir=1 label=1 lowerbound=1 fileNameGp=../../cp2016-max-common-connected-subgraph-paper/datasets/graphsdb/mcs70/bvg/b03m/mcs70_b03m_s90.A04 fileNameGt=../../cp2016-max-common-connected-subgraph-paper/datasets/graphsdb/mcs70/bvg/b03m/mcs70_b03m_s90.B04
Reading graphs...
90 : 135
90 : 135
Initializing...
maxdom : 12
D->valSize : 553
Solving...
Blb : 2 (clique : 44)
currentSize : 44 <-- 0.006643 s
currentSize : 45 <-- 0.006982 s
currentSize : 46 <-- 0.063685 s
currentSize : 47 <-- 0.185742 s
currentSize : 48 <-- 0.372132 s
currentSize : 49 <-- 0.703731 s
currentSize : 50 <-- 0.711681 s
currentSize : 51 <-- 0.786011 s
currentSize : 52 <-- 17.697227 s

TIMEOUT
maxsize : 52
nodes : 212622443.000000
filtered : 1188799711.000000
time : 1000.000061
