Parameters: GAD=1 vflib=1 dir=1 label=1 lowerbound=1 fileNameGp=../../cp2016-max-common-connected-subgraph-paper/datasets/graphsdb/mcs70/bvg/b06/mcs70_b06_s100.A08 fileNameGt=../../cp2016-max-common-connected-subgraph-paper/datasets/graphsdb/mcs70/bvg/b06/mcs70_b06_s100.B08
Reading graphs...
100 : 300
100 : 300
Initializing...
maxdom : 7
D->valSize : 375
Solving...
Blb : 2 (clique : 51)
currentSize : 51 <-- 0.003944 s
currentSize : 53 <-- 0.026142 s
currentSize : 56 <-- 0.026310 s
currentSize : 63 <-- 23.892719 s
currentSize : 65 <-- 27.230017 s
currentSize : 66 <-- 27.230350 s
currentSize : 69 <-- 28.691750 s
currentSize : 70 <-- 28.697351 s

maxsize : 70
nodes : 9835147.000000
filtered : 41841820.000000
time : 50.512955
