Parameters: GAD=1 vflib=1 dir=1 label=1 lowerbound=1 fileNameGp=../../cp2016-max-common-connected-subgraph-paper/datasets/graphsdb/mcs70/rand/r005/mcs70_r005_s70.A04 fileNameGt=../../cp2016-max-common-connected-subgraph-paper/datasets/graphsdb/mcs70/rand/r005/mcs70_r005_s70.B04
Reading graphs...
70 : 240
70 : 240
Initializing...
maxdom : 7
D->valSize : 344
Solving...
Blb : 2 (clique : 28)
currentSize : 28 <-- 0.002767 s
currentSize : 30 <-- 0.003251 s
currentSize : 31 <-- 0.007168 s
currentSize : 32 <-- 0.010679 s
currentSize : 33 <-- 0.010771 s
currentSize : 34 <-- 0.028610 s
currentSize : 36 <-- 0.028748 s
currentSize : 37 <-- 0.028866 s
currentSize : 38 <-- 0.039421 s
currentSize : 39 <-- 0.039548 s
currentSize : 41 <-- 0.051104 s
currentSize : 42 <-- 0.051203 s
currentSize : 44 <-- 0.053836 s
currentSize : 45 <-- 0.053941 s
currentSize : 49 <-- 0.065686 s

maxsize : 49
nodes : 17794.000000
filtered : 155325.000000
time : 0.092766
