Parameters: GAD=1 vflib=1 dir=1 label=1 lowerbound=1 fileNameGp=../../cp2016-max-common-connected-subgraph-paper/datasets/graphsdb/mcs70/m2D/m2Dr6/mcs70_m2Dr6_s70.A09 fileNameGt=../../cp2016-max-common-connected-subgraph-paper/datasets/graphsdb/mcs70/m2D/m2Dr6/mcs70_m2Dr6_s70.B09
Reading graphs...
70 : 165
70 : 164
Initializing...
maxdom : 7
D->valSize : 327
Solving...
Blb : 2 (clique : 27)
currentSize : 27 <-- 0.004335 s
currentSize : 33 <-- 0.004626 s
currentSize : 36 <-- 0.004717 s
currentSize : 38 <-- 0.004874 s
currentSize : 41 <-- 0.035079 s
currentSize : 43 <-- 1.293561 s
currentSize : 45 <-- 1.293723 s
currentSize : 46 <-- 3.956333 s
currentSize : 47 <-- 3.956480 s
currentSize : 48 <-- 6.583560 s
currentSize : 49 <-- 6.583710 s

maxsize : 49
nodes : 1916543.000000
filtered : 11261318.000000
time : 9.039232
