Parameters: GAD=1 vflib=1 dir=1 label=1 lowerbound=1 fileNameGp=../../cp2016-max-common-connected-subgraph-paper/datasets/graphsdb/mcs70/bvg/b06m/mcs70_b06m_s100.A06 fileNameGt=../../cp2016-max-common-connected-subgraph-paper/datasets/graphsdb/mcs70/bvg/b06m/mcs70_b06m_s100.B06
Reading graphs...
100 : 300
100 : 300
Initializing...
maxdom : 7
D->valSize : 371
Solving...
Blb : 5 (clique : 44)
currentSize : 44 <-- 0.003809 s
currentSize : 46 <-- 0.004752 s
currentSize : 47 <-- 0.008974 s
currentSize : 49 <-- 0.013829 s
currentSize : 51 <-- 0.018977 s
currentSize : 54 <-- 0.041335 s
currentSize : 55 <-- 0.052717 s
currentSize : 56 <-- 0.088019 s
currentSize : 58 <-- 0.107347 s
currentSize : 59 <-- 0.884527 s
currentSize : 60 <-- 0.884641 s
currentSize : 61 <-- 3.979168 s
currentSize : 62 <-- 3.991365 s
currentSize : 63 <-- 4.031853 s
currentSize : 64 <-- 4.047132 s
currentSize : 65 <-- 4.047253 s
currentSize : 66 <-- 15.256277 s
currentSize : 67 <-- 15.256411 s
currentSize : 69 <-- 36.850189 s
currentSize : 70 <-- 36.850327 s

maxsize : 70
nodes : 9947270.000000
filtered : 44667644.000000
time : 52.611778
