Parameters: GAD=1 vflib=1 dir=1 label=1 lowerbound=1 fileNameGp=../../cp2016-max-common-connected-subgraph-paper/datasets/graphsdb/mcs70/m2D/m2Dr6/mcs70_m2Dr6_s70.A02 fileNameGt=../../cp2016-max-common-connected-subgraph-paper/datasets/graphsdb/mcs70/m2D/m2Dr6/mcs70_m2Dr6_s70.B02
Reading graphs...
70 : 165
70 : 163
Initializing...
maxdom : 9
D->valSize : 335
Solving...
Blb : 3 (clique : 25)
currentSize : 25 <-- 0.002808 s
currentSize : 26 <-- 3.099709 s
currentSize : 27 <-- 7.765669 s
currentSize : 28 <-- 11.805634 s
currentSize : 29 <-- 11.808163 s
currentSize : 30 <-- 16.546883 s
currentSize : 31 <-- 18.532202 s
currentSize : 32 <-- 20.087906 s
currentSize : 33 <-- 20.091591 s
currentSize : 34 <-- 24.461048 s
currentSize : 36 <-- 24.649448 s
currentSize : 38 <-- 24.660908 s
currentSize : 40 <-- 29.595461 s
currentSize : 41 <-- 29.596476 s
currentSize : 43 <-- 29.606363 s
currentSize : 44 <-- 32.849251 s
currentSize : 47 <-- 32.865612 s
currentSize : 48 <-- 32.865696 s
currentSize : 49 <-- 32.866283 s

maxsize : 49
nodes : 8693230.000000
filtered : 47618764.000000
time : 33.263992
