Parameters: GAD=1 vflib=1 dir=1 label=1 lowerbound=1 fileNameGp=../../cp2016-max-common-connected-subgraph-paper/datasets/graphsdb/mcs70/bvg/b03m/mcs70_b03m_s100.A00 fileNameGt=../../cp2016-max-common-connected-subgraph-paper/datasets/graphsdb/mcs70/bvg/b03m/mcs70_b03m_s100.B00
Reading graphs...
100 : 150
100 : 150
Initializing...
maxdom : 6
D->valSize : 348
Solving...
Blb : 3 (clique : 59)
currentSize : 59 <-- 0.003618 s
currentSize : 60 <-- 51.191471 s
currentSize : 61 <-- 51.194199 s
currentSize : 62 <-- 147.131989 s
currentSize : 63 <-- 147.134674 s
currentSize : 64 <-- 307.335541 s
currentSize : 66 <-- 315.368011 s
currentSize : 67 <-- 320.500183 s
currentSize : 70 <-- 367.401306 s
currentSize : 71 <-- 371.015350 s

maxsize : 71
nodes : 83855918.000000
filtered : 221757486.000000
time : 420.511475
