Parameters: GAD=1 vflib=1 dir=1 label=1 lowerbound=1 fileNameGp=../../cp2016-max-common-connected-subgraph-paper/datasets/graphsdb/mcs70/m2D/m2Dr2/mcs70_m2Dr2_s90.A00 fileNameGt=../../cp2016-max-common-connected-subgraph-paper/datasets/graphsdb/mcs70/m2D/m2Dr2/mcs70_m2Dr2_s90.B00
Reading graphs...
90 : 179
90 : 179
Initializing...
maxdom : 9
D->valSize : 539
Solving...
Blb : 2 (clique : 39)
currentSize : 39 <-- 0.010612 s
currentSize : 41 <-- 0.011163 s
currentSize : 42 <-- 0.011823 s
currentSize : 44 <-- 0.012308 s
currentSize : 47 <-- 0.013708 s
currentSize : 48 <-- 0.014200 s
currentSize : 49 <-- 0.014791 s
currentSize : 51 <-- 0.014883 s
currentSize : 52 <-- 0.016317 s
currentSize : 53 <-- 0.016622 s
currentSize : 55 <-- 0.016821 s
currentSize : 57 <-- 0.027296 s
currentSize : 58 <-- 1.818198 s
currentSize : 60 <-- 1.835292 s
currentSize : 62 <-- 2.661050 s
currentSize : 63 <-- 3.930185 s
currentSize : 64 <-- 71.777443 s

maxsize : 64
nodes : 22262194.000000
filtered : 143699765.000000
time : 127.444984
