Parameters: GAD=1 vflib=1 dir=1 label=1 lowerbound=1 fileNameGp=../../cp2016-max-common-connected-subgraph-paper/datasets/graphsdb/mcs70/rand/r001/mcs70_r001_s100.A05 fileNameGt=../../cp2016-max-common-connected-subgraph-paper/datasets/graphsdb/mcs70/rand/r001/mcs70_r001_s100.B05
Reading graphs...
100 : 120
100 : 120
Initializing...
maxdom : 6
D->valSize : 376
Solving...
Blb : 3 (clique : 57)
currentSize : 57 <-- 0.006990 s
currentSize : 58 <-- 0.080675 s
currentSize : 59 <-- 0.122318 s
currentSize : 60 <-- 0.151896 s
currentSize : 61 <-- 0.152016 s
currentSize : 62 <-- 0.152144 s
currentSize : 63 <-- 0.454227 s
currentSize : 64 <-- 0.454265 s
currentSize : 65 <-- 3.484076 s
currentSize : 66 <-- 16.748503 s
currentSize : 68 <-- 16.884876 s
currentSize : 69 <-- 17.809580 s
currentSize : 70 <-- 22.779772 s
currentSize : 71 <-- 127.267082 s

maxsize : 71
nodes : 42686776.000000
filtered : 146844583.000000
time : 242.322556
