Parameters: GAD=1 vflib=1 dir=1 label=1 lowerbound=1 fileNameGp=../../cp2016-max-common-connected-subgraph-paper/datasets/graphsdb/mcs70/rand/r005/mcs70_r005_s40.A03 fileNameGt=../../cp2016-max-common-connected-subgraph-paper/datasets/graphsdb/mcs70/rand/r005/mcs70_r005_s40.B03
Reading graphs...
40 : 77
40 : 77
Initializing...
maxdom : 7
D->valSize : 217
Solving...
Blb : 2 (clique : 16)
currentSize : 16 <-- 0.001207 s
currentSize : 17 <-- 0.001349 s
currentSize : 18 <-- 0.001533 s
currentSize : 19 <-- 0.001896 s
currentSize : 20 <-- 0.002014 s
currentSize : 21 <-- 0.002023 s
currentSize : 22 <-- 0.002049 s
currentSize : 24 <-- 0.017735 s
currentSize : 28 <-- 0.017803 s

maxsize : 28
nodes : 5251.000000
filtered : 47156.000000
time : 0.021204
