Parameters: GAD=1 vflib=1 dir=1 label=1 lowerbound=1 fileNameGp=../../cp2016-max-common-connected-subgraph-paper/datasets/graphsdb/mcs70/m2D/m2Dr4/mcs70_m2Dr4_s60.A03 fileNameGt=../../cp2016-max-common-connected-subgraph-paper/datasets/graphsdb/mcs70/m2D/m2Dr4/mcs70_m2Dr4_s60.B03
Reading graphs...
60 : 128
60 : 128
Initializing...
maxdom : 7
D->valSize : 274
Solving...
Blb : 2 (clique : 29)
currentSize : 29 <-- 0.002009 s
currentSize : 31 <-- 0.002766 s
currentSize : 32 <-- 0.004744 s
currentSize : 33 <-- 0.026128 s
currentSize : 34 <-- 0.026546 s
currentSize : 35 <-- 0.030890 s
currentSize : 36 <-- 0.032217 s
currentSize : 37 <-- 0.084966 s

maxsize : 37
nodes : 757745.000000
filtered : 4037745.000000
time : 3.115568
