Parameters: GAD=1 vflib=1 dir=1 label=1 lowerbound=1 fileNameGp=../../cp2016-max-common-connected-subgraph-paper/datasets/graphsdb/mcs70/rand/r005/mcs70_r005_s100.A03 fileNameGt=../../cp2016-max-common-connected-subgraph-paper/datasets/graphsdb/mcs70/rand/r005/mcs70_r005_s100.B03
Reading graphs...
100 : 494
100 : 494
Initializing...
maxdom : 8
D->valSize : 391
Solving...
Blb : 2 (clique : 25)
currentSize : 25 <-- 0.003799 s
currentSize : 27 <-- 0.005171 s
currentSize : 28 <-- 0.005325 s
currentSize : 30 <-- 0.007129 s
currentSize : 31 <-- 0.007191 s
currentSize : 33 <-- 0.008830 s
currentSize : 37 <-- 0.011216 s
currentSize : 39 <-- 0.013380 s
currentSize : 43 <-- 0.013719 s
currentSize : 44 <-- 0.016719 s
currentSize : 48 <-- 0.016914 s
currentSize : 53 <-- 0.019666 s
currentSize : 59 <-- 0.020540 s
currentSize : 63 <-- 0.033700 s
currentSize : 70 <-- 0.035102 s

maxsize : 70
nodes : 59088.000000
filtered : 444970.000000
time : 0.365431
