Parameters: GAD=1 vflib=1 dir=1 label=1 lowerbound=1 fileNameGp=../../cp2016-max-common-connected-subgraph-paper/datasets/graphsdb/mcs70/bvg/b06/mcs70_b06_s90.A00 fileNameGt=../../cp2016-max-common-connected-subgraph-paper/datasets/graphsdb/mcs70/bvg/b06/mcs70_b06_s90.B00
Reading graphs...
90 : 270
90 : 270
Initializing...
maxdom : 11
D->valSize : 549
Solving...
Blb : 3 (clique : 42)
currentSize : 42 <-- 0.009809 s
currentSize : 43 <-- 0.010317 s
currentSize : 45 <-- 0.012848 s
currentSize : 46 <-- 0.013545 s
currentSize : 47 <-- 0.013712 s
currentSize : 52 <-- 13.642058 s
currentSize : 53 <-- 159.475143 s
currentSize : 55 <-- 159.480042 s
currentSize : 56 <-- 159.480545 s
currentSize : 57 <-- 159.503616 s
currentSize : 59 <-- 159.516602 s
currentSize : 61 <-- 159.516754 s
currentSize : 64 <-- 159.518066 s

maxsize : 64
nodes : 59751851.000000
filtered : 534718474.000000
time : 366.192322
