Parameters: GAD=1 vflib=1 dir=1 label=1 lowerbound=1 fileNameGp=../../cp2016-max-common-connected-subgraph-paper/datasets/graphsdb/mcs70/rand/r005/mcs70_r005_s80.A02 fileNameGt=../../cp2016-max-common-connected-subgraph-paper/datasets/graphsdb/mcs70/rand/r005/mcs70_r005_s80.B02
Reading graphs...
80 : 315
80 : 315
Initializing...
maxdom : 8
D->valSize : 430
Solving...
Blb : 2 (clique : 19)
currentSize : 19 <-- 0.004121 s
currentSize : 20 <-- 0.004544 s
currentSize : 21 <-- 0.011229 s
currentSize : 22 <-- 0.014706 s
currentSize : 24 <-- 0.023479 s
currentSize : 25 <-- 0.024278 s
currentSize : 26 <-- 0.024617 s
currentSize : 27 <-- 0.024873 s
currentSize : 30 <-- 0.100566 s
currentSize : 31 <-- 0.100611 s
currentSize : 35 <-- 1.762462 s
currentSize : 37 <-- 2.489845 s
currentSize : 38 <-- 2.957009 s
currentSize : 43 <-- 2.957149 s
currentSize : 56 <-- 3.366170 s

maxsize : 56
nodes : 623924.000000
filtered : 6814302.000000
time : 3.564692
