Parameters: GAD=1 vflib=1 dir=1 label=1 lowerbound=1 fileNameGp=../../cp2016-max-common-connected-subgraph-paper/datasets/graphsdb/mcs70/m3D/m3Dr4/mcs70_m3Dr4_s90.A01 fileNameGt=../../cp2016-max-common-connected-subgraph-paper/datasets/graphsdb/mcs70/m3D/m3Dr4/mcs70_m3Dr4_s90.B01
Reading graphs...
90 : 245
90 : 245
Initializing...
maxdom : 9
D->valSize : 528
Solving...
Blb : 2 (clique : 46)
currentSize : 46 <-- 0.009937 s
currentSize : 48 <-- 0.010436 s
currentSize : 50 <-- 0.010967 s
currentSize : 53 <-- 0.155775 s
currentSize : 55 <-- 0.156450 s
currentSize : 58 <-- 90.865715 s
currentSize : 59 <-- 90.865913 s
currentSize : 62 <-- 111.758865 s
currentSize : 64 <-- 111.759064 s

maxsize : 64
nodes : 27639611.000000
filtered : 189343101.000000
time : 148.289429
