Parameters: GAD=1 vflib=1 dir=1 label=1 lowerbound=1 fileNameGp=../../cp2016-max-common-connected-subgraph-paper/datasets/graphsdb/mcs70/m2D/m2Dr6/mcs70_m2Dr6_s80.A04 fileNameGt=../../cp2016-max-common-connected-subgraph-paper/datasets/graphsdb/mcs70/m2D/m2Dr6/mcs70_m2Dr6_s80.B04
Reading graphs...
80 : 190
80 : 188
Initializing...
maxdom : 11
D->valSize : 440
Solving...
Blb : 3 (clique : 26)
currentSize : 26 <-- 0.004495 s
currentSize : 33 <-- 0.004702 s
currentSize : 36 <-- 0.005406 s
currentSize : 38 <-- 0.013214 s
currentSize : 39 <-- 0.063171 s
currentSize : 40 <-- 23.638071 s
currentSize : 41 <-- 23.638157 s
currentSize : 42 <-- 23.638344 s
currentSize : 43 <-- 23.784420 s
currentSize : 44 <-- 23.784931 s
currentSize : 45 <-- 23.785011 s
currentSize : 46 <-- 313.513000 s
currentSize : 47 <-- 313.513062 s
currentSize : 48 <-- 364.053802 s
currentSize : 49 <-- 364.053864 s

maxsize : 49
nodes : 107321866.000000
filtered : 407496463.000000
time : 454.792725
