Parameters: GAD=1 vflib=1 dir=1 label=1 lowerbound=1 fileNameGp=../../cp2016-max-common-connected-subgraph-paper/datasets/graphsdb/mcs70/m2D/m2Dr6/mcs70_m2Dr6_s90.A06 fileNameGt=../../cp2016-max-common-connected-subgraph-paper/datasets/graphsdb/mcs70/m2D/m2Dr6/mcs70_m2Dr6_s90.B06
Reading graphs...
90 : 215
90 : 214
Initializing...
maxdom : 10
D->valSize : 572
Solving...
Blb : 2 (clique : 45)
currentSize : 45 <-- 0.006840 s
currentSize : 51 <-- 0.007194 s
currentSize : 53 <-- 0.007269 s
currentSize : 54 <-- 0.007668 s
currentSize : 57 <-- 0.008853 s
currentSize : 58 <-- 0.009050 s
currentSize : 61 <-- 177.948669 s
currentSize : 62 <-- 177.949142 s
currentSize : 63 <-- 178.299316 s
currentSize : 64 <-- 178.299438 s

maxsize : 64
nodes : 62440510.000000
filtered : 282913608.000000
time : 308.891266
