Parameters: GAD=1 vflib=1 dir=1 label=1 lowerbound=1 fileNameGp=../../cp2016-max-common-connected-subgraph-paper/datasets/graphsdb/mcs70/bvg/b03m/mcs70_b03m_s60.A07 fileNameGt=../../cp2016-max-common-connected-subgraph-paper/datasets/graphsdb/mcs70/bvg/b03m/mcs70_b03m_s60.B07
Reading graphs...
60 : 90
60 : 90
Initializing...
maxdom : 8
D->valSize : 285
Solving...
Blb : 2 (clique : 30)
currentSize : 30 <-- 0.002336 s
currentSize : 31 <-- 0.006357 s
currentSize : 32 <-- 0.006908 s
currentSize : 35 <-- 0.009315 s
currentSize : 36 <-- 0.500834 s
currentSize : 37 <-- 0.591096 s
currentSize : 38 <-- 0.932306 s
currentSize : 39 <-- 1.006306 s
currentSize : 40 <-- 1.225284 s
currentSize : 41 <-- 1.228764 s
currentSize : 42 <-- 1.230125 s

maxsize : 42
nodes : 365255.000000
filtered : 2435661.000000
time : 1.614881
