Parameters: GAD=1 vflib=1 dir=1 label=1 lowerbound=1 fileNameGp=../../cp2016-max-common-connected-subgraph-paper/datasets/graphsdb/mcs70/m2D/m2D/mcs70_m2D_s70.A03 fileNameGt=../../cp2016-max-common-connected-subgraph-paper/datasets/graphsdb/mcs70/m2D/m2D/mcs70_m2D_s70.B03
Reading graphs...
70 : 123
70 : 123
Initializing...
maxdom : 7
D->valSize : 342
Solving...
Blb : 2 (clique : 38)
currentSize : 38 <-- 0.004806 s
currentSize : 39 <-- 0.005709 s
currentSize : 40 <-- 0.006123 s
currentSize : 41 <-- 0.008636 s
currentSize : 42 <-- 0.110377 s
currentSize : 43 <-- 23.232985 s
currentSize : 44 <-- 23.233105 s
currentSize : 47 <-- 69.390053 s
currentSize : 48 <-- 69.390106 s
currentSize : 49 <-- 69.390610 s

maxsize : 49
nodes : 19309316.000000
filtered : 65766860.000000
time : 74.751114
