Parameters: GAD=1 vflib=1 dir=1 label=1 lowerbound=1 fileNameGp=../../cp2016-max-common-connected-subgraph-paper/datasets/graphsdb/mcs70/bvg/b03m/mcs70_b03m_s100.A09 fileNameGt=../../cp2016-max-common-connected-subgraph-paper/datasets/graphsdb/mcs70/bvg/b03m/mcs70_b03m_s100.B09
Reading graphs...
100 : 150
100 : 150
Initializing...
maxdom : 9
D->valSize : 399
Solving...
Blb : 3 (clique : 63)
currentSize : 63 <-- 0.004455 s
currentSize : 64 <-- 67.300171 s
currentSize : 65 <-- 360.799286 s
currentSize : 66 <-- 361.755127 s
currentSize : 67 <-- 447.007477 s
currentSize : 68 <-- 447.639923 s
currentSize : 69 <-- 736.049683 s
currentSize : 70 <-- 738.624268 s

TIMEOUT
maxsize : 70
nodes : 195850950.000000
filtered : 705137620.000000
time : 1000.000122
