Parameters: GAD=1 vflib=1 dir=1 label=1 lowerbound=1 fileNameGp=../../cp2016-max-common-connected-subgraph-paper/datasets/graphsdb/mcs70/m2D/m2D/mcs70_m2D_s80.A05 fileNameGt=../../cp2016-max-common-connected-subgraph-paper/datasets/graphsdb/mcs70/m2D/m2D/mcs70_m2D_s80.B05
Reading graphs...
80 : 142
80 : 142
Initializing...
maxdom : 9
D->valSize : 420
Solving...
Blb : 2 (clique : 31)
currentSize : 31 <-- 0.006762 s
currentSize : 32 <-- 0.007103 s
currentSize : 33 <-- 0.007183 s
currentSize : 34 <-- 0.007631 s
currentSize : 35 <-- 0.008453 s
currentSize : 36 <-- 0.009723 s
currentSize : 37 <-- 0.010151 s
currentSize : 38 <-- 0.014978 s
currentSize : 39 <-- 0.166274 s
currentSize : 40 <-- 0.261194 s
currentSize : 41 <-- 0.261361 s

TIMEOUT
maxsize : 41
nodes : 178827531.000000
filtered : 1526324050.000000
time : 1000.000061
