Parameters: GAD=1 vflib=1 dir=1 label=1 lowerbound=1 fileNameGp=../../cp2016-max-common-connected-subgraph-paper/datasets/graphsdb/mcs70/m3D/m3Dr2/mcs70_m3Dr2_s90.A09 fileNameGt=../../cp2016-max-common-connected-subgraph-paper/datasets/graphsdb/mcs70/m3D/m3Dr2/mcs70_m3Dr2_s90.B09
Reading graphs...
90 : 227
90 : 227
Initializing...
maxdom : 11
D->valSize : 575
Solving...
Blb : 2 (clique : 55)
currentSize : 55 <-- 0.007050 s
currentSize : 56 <-- 0.007423 s
currentSize : 57 <-- 8.350107 s
currentSize : 58 <-- 61.468773 s
currentSize : 59 <-- 61.468861 s
currentSize : 60 <-- 109.462654 s
currentSize : 63 <-- 109.539291 s
currentSize : 64 <-- 111.066666 s

maxsize : 64
nodes : 103370089.000000
filtered : 487048193.000000
time : 467.489685
