Parameters: GAD=1 vflib=1 dir=1 label=1 lowerbound=1 fileNameGp=../../cp2016-max-common-connected-subgraph-paper/datasets/graphsdb/mcs70/bvg/b09m/mcs70_b09m_s70.A03 fileNameGt=../../cp2016-max-common-connected-subgraph-paper/datasets/graphsdb/mcs70/bvg/b09m/mcs70_b09m_s70.B03
Reading graphs...
70 : 315
70 : 315
Initializing...
maxdom : 9
D->valSize : 391
Solving...
Blb : 2 (clique : 20)
currentSize : 20 <-- 0.004924 s
currentSize : 22 <-- 0.005581 s
currentSize : 25 <-- 0.006400 s
currentSize : 28 <-- 0.006873 s
currentSize : 33 <-- 0.007161 s
currentSize : 36 <-- 0.089135 s
currentSize : 38 <-- 0.089238 s
currentSize : 48 <-- 0.099418 s

maxsize : 48
nodes : 44381.000000
filtered : 419903.000000
time : 0.227277
