Parameters: GAD=1 vflib=1 dir=1 label=1 lowerbound=1 fileNameGp=../../cp2016-max-common-connected-subgraph-paper/datasets/graphsdb/mcs70/bvg/b03/mcs70_b03_s100.A09 fileNameGt=../../cp2016-max-common-connected-subgraph-paper/datasets/graphsdb/mcs70/bvg/b03/mcs70_b03_s100.B09
Reading graphs...
100 : 150
100 : 150
Initializing...
maxdom : 6
D->valSize : 368
Solving...
Blb : 3 (clique : 51)
currentSize : 51 <-- 0.003921 s
currentSize : 52 <-- 0.004410 s
currentSize : 53 <-- 0.004447 s
currentSize : 54 <-- 0.006108 s
currentSize : 55 <-- 0.583885 s
currentSize : 56 <-- 0.584245 s
currentSize : 57 <-- 0.584279 s
currentSize : 58 <-- 0.840902 s
currentSize : 59 <-- 0.850495 s
currentSize : 60 <-- 0.850603 s
currentSize : 61 <-- 2.064532 s
currentSize : 62 <-- 3.232102 s
currentSize : 63 <-- 3.232224 s
currentSize : 64 <-- 18.959875 s
currentSize : 65 <-- 18.960024 s
currentSize : 66 <-- 127.632240 s

TIMEOUT
maxsize : 66
nodes : 229454654.000000
filtered : 445362225.000000
time : 1000.000122
