Parameters: GAD=1 vflib=1 dir=1 label=1 lowerbound=1 fileNameGp=../../cp2016-max-common-connected-subgraph-paper/datasets/graphsdb/mcs70/bvg/b09/mcs70_b09_s90.A03 fileNameGt=../../cp2016-max-common-connected-subgraph-paper/datasets/graphsdb/mcs70/bvg/b09/mcs70_b09_s90.B03
Reading graphs...
90 : 405
90 : 405
Initializing...
maxdom : 10
D->valSize : 552
Solving...
Blb : 2 (clique : 30)
currentSize : 30 <-- 0.006440 s
currentSize : 32 <-- 0.006681 s
currentSize : 38 <-- 0.006812 s
currentSize : 41 <-- 0.006927 s
currentSize : 44 <-- 0.014083 s
currentSize : 46 <-- 0.014503 s
currentSize : 47 <-- 0.014594 s
currentSize : 49 <-- 0.071081 s
currentSize : 50 <-- 0.071184 s
currentSize : 51 <-- 0.071326 s
currentSize : 57 <-- 8.700677 s
currentSize : 62 <-- 8.701861 s

maxsize : 62
nodes : 2712771.000000
filtered : 19782585.000000
time : 15.219425
