Parameters: GAD=1 vflib=1 dir=1 label=1 lowerbound=1 fileNameGp=../../cp2016-max-common-connected-subgraph-paper/datasets/graphsdb/mcs70/m3D/m3Dr6/mcs70_m3Dr6_s90.A04 fileNameGt=../../cp2016-max-common-connected-subgraph-paper/datasets/graphsdb/mcs70/m3D/m3Dr6/mcs70_m3Dr6_s90.B04
Reading graphs...
90 : 263
90 : 262
Initializing...
maxdom : 12
D->valSize : 565
Solving...
Blb : 3 (clique : 46)
currentSize : 46 <-- 0.006680 s
currentSize : 50 <-- 0.027002 s
currentSize : 52 <-- 0.027269 s
currentSize : 53 <-- 0.054575 s
currentSize : 54 <-- 0.251890 s
currentSize : 57 <-- 0.252144 s
currentSize : 58 <-- 0.291567 s
currentSize : 64 <-- 14.260303 s

maxsize : 64
nodes : 7045324.000000
filtered : 41280019.000000
time : 36.241539
