Parameters: GAD=1 vflib=1 dir=1 label=1 lowerbound=1 fileNameGp=../../cp2016-max-common-connected-subgraph-paper/datasets/graphsdb/mcs70/m3D/m3Dr4/mcs70_m3Dr4_s100.A08 fileNameGt=../../cp2016-max-common-connected-subgraph-paper/datasets/graphsdb/mcs70/m3D/m3Dr4/mcs70_m3Dr4_s100.B08
Reading graphs...
100 : 275
100 : 275
Initializing...
maxdom : 6
D->valSize : 375
Solving...
Blb : 2 (clique : 36)
currentSize : 36 <-- 0.006382 s
currentSize : 38 <-- 0.017332 s
currentSize : 39 <-- 0.066588 s
currentSize : 40 <-- 0.067334 s
currentSize : 41 <-- 0.067435 s
currentSize : 42 <-- 18.856047 s
currentSize : 44 <-- 19.675524 s
currentSize : 45 <-- 234.495285 s
currentSize : 46 <-- 306.584625 s
currentSize : 47 <-- 306.606323 s
currentSize : 48 <-- 306.607544 s
currentSize : 49 <-- 564.692749 s

TIMEOUT
maxsize : 49
nodes : 193972649.000000
filtered : 713559611.000000
time : 1000.000061
