Parameters: GAD=1 vflib=1 dir=1 label=1 lowerbound=1 fileNameGp=../../cp2016-max-common-connected-subgraph-paper/datasets/graphsdb/mcs70/bvg/b06m/mcs70_b06m_s100.A02 fileNameGt=../../cp2016-max-common-connected-subgraph-paper/datasets/graphsdb/mcs70/bvg/b06m/mcs70_b06m_s100.B02
Reading graphs...
100 : 300
100 : 300
Initializing...
maxdom : 6
D->valSize : 372
Solving...
Blb : 3 (clique : 57)
currentSize : 57 <-- 0.003970 s
currentSize : 58 <-- 0.955798 s
currentSize : 59 <-- 0.957378 s
currentSize : 60 <-- 0.966975 s
currentSize : 61 <-- 1.113334 s
currentSize : 63 <-- 1.158023 s
currentSize : 64 <-- 17.383568 s
currentSize : 66 <-- 17.383844 s
currentSize : 67 <-- 17.384617 s
currentSize : 68 <-- 18.620417 s
currentSize : 70 <-- 18.623072 s

maxsize : 70
nodes : 6472723.000000
filtered : 21871518.000000
time : 31.821951
