Parameters: GAD=1 vflib=1 dir=1 label=1 lowerbound=1 fileNameGp=../../cp2016-max-common-connected-subgraph-paper/datasets/graphsdb/mcs70/bvg/b06/mcs70_b06_s80.A04 fileNameGt=../../cp2016-max-common-connected-subgraph-paper/datasets/graphsdb/mcs70/bvg/b06/mcs70_b06_s80.B04
Reading graphs...
80 : 240
80 : 240
Initializing...
maxdom : 11
D->valSize : 457
Solving...
Blb : 2 (clique : 30)
currentSize : 30 <-- 0.007494 s
currentSize : 31 <-- 0.007967 s
currentSize : 32 <-- 0.008472 s
currentSize : 33 <-- 0.008615 s
currentSize : 34 <-- 0.008761 s
currentSize : 35 <-- 0.022224 s
currentSize : 36 <-- 0.071109 s
currentSize : 38 <-- 0.080036 s
currentSize : 40 <-- 0.280512 s
currentSize : 41 <-- 0.682873 s
currentSize : 42 <-- 0.705283 s
currentSize : 43 <-- 0.708964 s
currentSize : 44 <-- 1.349663 s
currentSize : 45 <-- 1.349779 s
currentSize : 47 <-- 1.420575 s
currentSize : 48 <-- 3.362924 s
currentSize : 50 <-- 15.304416 s
currentSize : 52 <-- 15.304695 s
currentSize : 54 <-- 19.637730 s
currentSize : 56 <-- 19.637957 s

maxsize : 56
nodes : 4189691.000000
filtered : 30033434.000000
time : 22.810629
