Parameters: GAD=1 vflib=1 dir=1 label=1 lowerbound=1 fileNameGp=../../cp2016-max-common-connected-subgraph-paper/datasets/graphsdb/mcs70/m2D/m2Dr2/mcs70_m2Dr2_s80.A00 fileNameGt=../../cp2016-max-common-connected-subgraph-paper/datasets/graphsdb/mcs70/m2D/m2Dr2/mcs70_m2Dr2_s80.B00
Reading graphs...
80 : 158
80 : 157
Initializing...
maxdom : 8
D->valSize : 415
Solving...
Blb : 2 (clique : 42)
currentSize : 42 <-- 0.006755 s
currentSize : 43 <-- 86.637238 s
currentSize : 44 <-- 119.531662 s
currentSize : 45 <-- 463.289490 s
currentSize : 47 <-- 463.292114 s
currentSize : 49 <-- 567.040771 s

TIMEOUT
maxsize : 49
nodes : 186315643.000000
filtered : 1295359289.000000
time : 1000.000061
