Parameters: GAD=1 vflib=1 dir=1 label=1 lowerbound=1 fileNameGp=../../cp2016-max-common-connected-subgraph-paper/datasets/graphsdb/mcs70/rand/r005/mcs70_r005_s90.A06 fileNameGt=../../cp2016-max-common-connected-subgraph-paper/datasets/graphsdb/mcs70/rand/r005/mcs70_r005_s90.B06
Reading graphs...
90 : 399
90 : 399
Initializing...
maxdom : 14
D->valSize : 581
Solving...
Blb : 2 (clique : 40)
currentSize : 40 <-- 0.007027 s
currentSize : 45 <-- 0.016337 s
currentSize : 47 <-- 0.423835 s
currentSize : 48 <-- 0.570895 s
currentSize : 49 <-- 0.976516 s
currentSize : 52 <-- 0.976746 s
currentSize : 60 <-- 1.259432 s
currentSize : 63 <-- 1.259614 s

maxsize : 63
nodes : 266547.000000
filtered : 2704181.000000
time : 1.652028
