Parameters: GAD=1 vflib=1 dir=1 label=1 lowerbound=1 fileNameGp=../../cp2016-max-common-connected-subgraph-paper/datasets/graphsdb/mcs70/bvg/b06/mcs70_b06_s70.A04 fileNameGt=../../cp2016-max-common-connected-subgraph-paper/datasets/graphsdb/mcs70/bvg/b06/mcs70_b06_s70.B04
Reading graphs...
70 : 210
70 : 210
Initializing...
maxdom : 8
D->valSize : 376
Solving...
Blb : 3 (clique : 33)
currentSize : 33 <-- 0.005319 s
currentSize : 36 <-- 0.778494 s
currentSize : 37 <-- 0.778558 s
currentSize : 38 <-- 0.781464 s
currentSize : 39 <-- 2.726759 s
currentSize : 40 <-- 2.750320 s
currentSize : 41 <-- 2.753944 s
currentSize : 42 <-- 8.603003 s
currentSize : 46 <-- 11.695515 s
currentSize : 47 <-- 11.695929 s
currentSize : 48 <-- 11.795012 s
currentSize : 49 <-- 11.795759 s

maxsize : 49
nodes : 3596499.000000
filtered : 18315582.000000
time : 15.548328
