Parameters: GAD=1 vflib=1 dir=1 label=1 lowerbound=1 fileNameGp=../../cp2016-max-common-connected-subgraph-paper/datasets/graphsdb/mcs70/m2D/m2Dr2/mcs70_m2Dr2_s90.A08 fileNameGt=../../cp2016-max-common-connected-subgraph-paper/datasets/graphsdb/mcs70/m2D/m2Dr2/mcs70_m2Dr2_s90.B08
Reading graphs...
90 : 179
90 : 179
Initializing...
maxdom : 11
D->valSize : 591
Solving...
Blb : 2 (clique : 41)
currentSize : 41 <-- 0.012310 s
currentSize : 42 <-- 0.012823 s
currentSize : 43 <-- 0.012915 s
currentSize : 44 <-- 0.014308 s
currentSize : 45 <-- 0.014383 s
currentSize : 46 <-- 0.018217 s
currentSize : 47 <-- 0.018233 s
currentSize : 48 <-- 0.018307 s
currentSize : 50 <-- 82.137169 s
currentSize : 51 <-- 83.329948 s
currentSize : 54 <-- 240.749664 s
currentSize : 55 <-- 240.750412 s
currentSize : 56 <-- 459.403046 s
currentSize : 57 <-- 548.603638 s
currentSize : 58 <-- 548.618713 s
currentSize : 59 <-- 665.546265 s
currentSize : 60 <-- 665.548401 s
currentSize : 61 <-- 665.820862 s

TIMEOUT
maxsize : 61
nodes : 194303364.000000
filtered : 1106567980.000000
time : 1000.000061
