Parameters: GAD=1 vflib=1 dir=1 label=1 lowerbound=1 fileNameGp=../../cp2016-max-common-connected-subgraph-paper/datasets/graphsdb/mcs70/m2D/m2Dr2/mcs70_m2Dr2_s40.A02 fileNameGt=../../cp2016-max-common-connected-subgraph-paper/datasets/graphsdb/mcs70/m2D/m2Dr2/mcs70_m2Dr2_s40.B02
Reading graphs...
40 : 75
40 : 73
Initializing...
maxdom : 9
D->valSize : 225
Solving...
Blb : 2 (clique : 14)
currentSize : 14 <-- 0.001285 s
currentSize : 15 <-- 0.001493 s
currentSize : 16 <-- 0.002698 s
currentSize : 17 <-- 0.011397 s
currentSize : 18 <-- 0.202813 s
currentSize : 19 <-- 0.627966 s
currentSize : 20 <-- 1.211763 s
currentSize : 21 <-- 1.319633 s
currentSize : 22 <-- 1.319670 s
currentSize : 23 <-- 1.319763 s
currentSize : 25 <-- 1.319959 s

maxsize : 25
nodes : 437011.000000
filtered : 4060015.000000
time : 1.432773
