Parameters: GAD=1 vflib=1 dir=1 label=1 lowerbound=1 fileNameGp=../../cp2016-max-common-connected-subgraph-paper/datasets/graphsdb/mcs70/bvg/b06m/mcs70_b06m_s80.A09 fileNameGt=../../cp2016-max-common-connected-subgraph-paper/datasets/graphsdb/mcs70/bvg/b06m/mcs70_b06m_s80.B09
Reading graphs...
80 : 240
80 : 240
Initializing...
maxdom : 8
D->valSize : 447
Solving...
Blb : 2 (clique : 47)
currentSize : 47 <-- 0.004553 s
currentSize : 48 <-- 0.005893 s
currentSize : 49 <-- 1.328099 s
currentSize : 52 <-- 30.980860 s
currentSize : 55 <-- 30.981010 s
currentSize : 56 <-- 31.405905 s

maxsize : 56
nodes : 10978901.000000
filtered : 33536149.000000
time : 40.682705
