Parameters: GAD=1 vflib=1 dir=1 label=1 lowerbound=1 fileNameGp=../../cp2016-max-common-connected-subgraph-paper/datasets/graphsdb/mcs70/m3D/m3Dr6/mcs70_m3Dr6_s100.A07 fileNameGt=../../cp2016-max-common-connected-subgraph-paper/datasets/graphsdb/mcs70/m3D/m3Dr6/mcs70_m3Dr6_s100.B07
Reading graphs...
100 : 295
100 : 294
Initializing...
maxdom : 6
D->valSize : 370
Solving...
Blb : 2 (clique : 37)
currentSize : 37 <-- 0.004019 s
currentSize : 38 <-- 0.004406 s
currentSize : 39 <-- 0.005187 s
currentSize : 40 <-- 0.005325 s
currentSize : 43 <-- 0.006576 s
currentSize : 44 <-- 0.006809 s
currentSize : 45 <-- 1.230427 s
currentSize : 47 <-- 1.230839 s
currentSize : 49 <-- 1.231077 s
currentSize : 50 <-- 3.073504 s
currentSize : 51 <-- 4.470564 s
currentSize : 52 <-- 4.470851 s
currentSize : 53 <-- 4.470965 s
currentSize : 54 <-- 23.237490 s
currentSize : 55 <-- 24.663162 s
currentSize : 56 <-- 24.667440 s
currentSize : 57 <-- 24.711937 s
currentSize : 59 <-- 104.873299 s
currentSize : 62 <-- 149.283829 s
currentSize : 63 <-- 149.290375 s
currentSize : 64 <-- 149.396774 s

maxsize : 64
nodes : 44889473.000000
filtered : 173610382.000000
time : 229.651382
