Parameters: GAD=1 vflib=1 dir=1 label=1 lowerbound=1 fileNameGp=../../cp2016-max-common-connected-subgraph-paper/datasets/graphsdb/mcs70/bvg/b03/mcs70_b03_s70.A05 fileNameGt=../../cp2016-max-common-connected-subgraph-paper/datasets/graphsdb/mcs70/bvg/b03/mcs70_b03_s70.B05
Reading graphs...
70 : 105
70 : 105
Initializing...
maxdom : 8
D->valSize : 357
Solving...
Blb : 2 (clique : 39)
currentSize : 39 <-- 0.003214 s
currentSize : 40 <-- 0.003472 s
currentSize : 41 <-- 0.003984 s
currentSize : 44 <-- 0.316463 s
currentSize : 45 <-- 0.316592 s
currentSize : 47 <-- 71.554352 s
currentSize : 48 <-- 71.554489 s
currentSize : 49 <-- 71.555939 s

maxsize : 49
nodes : 24207351.000000
filtered : 155897848.000000
time : 110.653969
