Parameters: GAD=1 vflib=1 dir=1 label=1 lowerbound=1 fileNameGp=../../cp2016-max-common-connected-subgraph-paper/datasets/graphsdb/mcs70/bvg/b03/mcs70_b03_s80.A04 fileNameGt=../../cp2016-max-common-connected-subgraph-paper/datasets/graphsdb/mcs70/bvg/b03/mcs70_b03_s80.B04
Reading graphs...
80 : 120
80 : 120
Initializing...
maxdom : 13
D->valSize : 509
Solving...
Blb : 2 (clique : 45)
currentSize : 45 <-- 0.005647 s
currentSize : 46 <-- 0.064694 s
currentSize : 47 <-- 0.226158 s
currentSize : 48 <-- 0.287119 s
currentSize : 49 <-- 1.313183 s
currentSize : 50 <-- 1.316088 s
currentSize : 51 <-- 1.648365 s
currentSize : 52 <-- 5.626530 s
currentSize : 56 <-- 6.732147 s

maxsize : 56
nodes : 2969387.000000
filtered : 18517611.000000
time : 15.790932
