Parameters: GAD=1 vflib=1 dir=1 label=1 lowerbound=1 fileNameGp=../../cp2016-max-common-connected-subgraph-paper/datasets/graphsdb/mcs70/bvg/b06m/mcs70_b06m_s70.A05 fileNameGt=../../cp2016-max-common-connected-subgraph-paper/datasets/graphsdb/mcs70/bvg/b06m/mcs70_b06m_s70.B05
Reading graphs...
70 : 210
70 : 210
Initializing...
maxdom : 7
D->valSize : 331
Solving...
Blb : 3 (clique : 38)
currentSize : 38 <-- 0.002665 s
currentSize : 39 <-- 0.152254 s
currentSize : 40 <-- 0.152367 s
currentSize : 41 <-- 0.950129 s
currentSize : 42 <-- 1.609160 s
currentSize : 43 <-- 1.609239 s
currentSize : 44 <-- 1.609365 s
currentSize : 45 <-- 1.612780 s
currentSize : 47 <-- 1.622748 s
currentSize : 48 <-- 1.622810 s
currentSize : 49 <-- 1.622916 s

maxsize : 49
nodes : 612245.000000
filtered : 3354664.000000
time : 2.819160
