Parameters: GAD=1 vflib=1 dir=1 label=1 lowerbound=1 fileNameGp=../../cp2016-max-common-connected-subgraph-paper/datasets/graphsdb/mcs70/m2D/m2D/mcs70_m2D_s60.A06 fileNameGt=../../cp2016-max-common-connected-subgraph-paper/datasets/graphsdb/mcs70/m2D/m2D/mcs70_m2D_s60.B06
Reading graphs...
60 : 104
60 : 104
Initializing...
maxdom : 9
D->valSize : 289
Solving...
Blb : 2 (clique : 30)
currentSize : 30 <-- 0.003518 s
currentSize : 32 <-- 0.003866 s
currentSize : 33 <-- 0.003980 s
currentSize : 34 <-- 0.006241 s
currentSize : 35 <-- 11.407363 s
currentSize : 36 <-- 16.971560 s
currentSize : 37 <-- 30.467243 s

maxsize : 37
nodes : 9987179.000000
filtered : 48179470.000000
time : 39.164631
