Parameters: GAD=1 vflib=1 dir=1 label=1 lowerbound=1 fileNameGp=../../cp2016-max-common-connected-subgraph-paper/datasets/graphsdb/mcs70/m2D/m2D/mcs70_m2D_s90.A07 fileNameGt=../../cp2016-max-common-connected-subgraph-paper/datasets/graphsdb/mcs70/m2D/m2D/mcs70_m2D_s90.B07
Reading graphs...
90 : 161
90 : 161
Initializing...
maxdom : 9
D->valSize : 552
Solving...
Blb : 3 (clique : 41)
currentSize : 41 <-- 0.010965 s
currentSize : 42 <-- 0.012397 s
currentSize : 43 <-- 0.012832 s
currentSize : 44 <-- 16.555717 s
currentSize : 45 <-- 16.555948 s
currentSize : 46 <-- 24.407995 s
currentSize : 47 <-- 88.514618 s
currentSize : 48 <-- 88.646034 s
currentSize : 49 <-- 88.740410 s
currentSize : 50 <-- 521.262207 s
currentSize : 51 <-- 988.964355 s
currentSize : 52 <-- 988.974609 s

TIMEOUT
maxsize : 52
nodes : 187944375.000000
filtered : 1227120815.000000
time : 1000.000061
