Parameters: GAD=1 vflib=1 dir=1 label=1 lowerbound=1 fileNameGp=../../cp2016-max-common-connected-subgraph-paper/datasets/graphsdb/mcs70/m2D/m2D/mcs70_m2D_s90.A09 fileNameGt=../../cp2016-max-common-connected-subgraph-paper/datasets/graphsdb/mcs70/m2D/m2D/mcs70_m2D_s90.B09
Reading graphs...
90 : 161
90 : 161
Initializing...
maxdom : 10
D->valSize : 619
Solving...
Blb : 2 (clique : 50)
currentSize : 50 <-- 0.008878 s
currentSize : 52 <-- 0.009271 s
currentSize : 56 <-- 0.009408 s
currentSize : 58 <-- 0.009601 s
currentSize : 59 <-- 0.012829 s
currentSize : 60 <-- 0.014869 s
currentSize : 61 <-- 0.043669 s
currentSize : 62 <-- 0.112956 s
currentSize : 63 <-- 348.609589 s
currentSize : 64 <-- 426.039062 s

maxsize : 64
nodes : 102407677.000000
filtered : 752640158.000000
time : 631.829834
