Parameters: GAD=1 vflib=1 dir=1 label=1 lowerbound=1 fileNameGp=../../cp2016-max-common-connected-subgraph-paper/datasets/graphsdb/mcs70/m2D/m2Dr6/mcs70_m2Dr6_s100.A06 fileNameGt=../../cp2016-max-common-connected-subgraph-paper/datasets/graphsdb/mcs70/m2D/m2Dr6/mcs70_m2Dr6_s100.B06
Reading graphs...
100 : 240
100 : 238
Initializing...
maxdom : 6
D->valSize : 358
Solving...
Blb : 2 (clique : 50)
currentSize : 50 <-- 0.005957 s
currentSize : 51 <-- 0.006504 s
currentSize : 52 <-- 0.006842 s
currentSize : 53 <-- 0.007065 s
currentSize : 54 <-- 0.064687 s
currentSize : 55 <-- 0.065336 s
currentSize : 56 <-- 0.065597 s
currentSize : 57 <-- 0.934103 s
currentSize : 58 <-- 0.939446 s
currentSize : 59 <-- 208.992081 s
currentSize : 60 <-- 264.351654 s
currentSize : 61 <-- 264.595032 s
currentSize : 63 <-- 264.633636 s
currentSize : 64 <-- 264.633820 s

maxsize : 64
nodes : 82674611.000000
filtered : 340672947.000000
time : 448.371765
