Parameters: GAD=1 vflib=1 dir=1 label=1 lowerbound=1 fileNameGp=../../cp2016-max-common-connected-subgraph-paper/datasets/graphsdb/mcs70/m2D/m2Dr2/mcs70_m2Dr2_s70.A04 fileNameGt=../../cp2016-max-common-connected-subgraph-paper/datasets/graphsdb/mcs70/m2D/m2Dr2/mcs70_m2Dr2_s70.B04
Reading graphs...
70 : 137
70 : 137
Initializing...
maxdom : 7
D->valSize : 319
Solving...
Blb : 2 (clique : 38)
currentSize : 38 <-- 0.004439 s
currentSize : 39 <-- 0.005127 s
currentSize : 40 <-- 0.005316 s
currentSize : 41 <-- 0.013966 s
currentSize : 42 <-- 0.014173 s
currentSize : 43 <-- 0.054135 s
currentSize : 45 <-- 0.491790 s
currentSize : 46 <-- 0.491870 s
currentSize : 48 <-- 0.491954 s
currentSize : 49 <-- 0.550838 s

maxsize : 49
nodes : 201576.000000
filtered : 785880.000000
time : 0.879577
