Parameters: GAD=1 vflib=1 dir=1 label=1 lowerbound=1 fileNameGp=../../cp2016-max-common-connected-subgraph-paper/datasets/graphsdb/mcs70/m3D/m3D/mcs70_m3D_s100.A00 fileNameGt=../../cp2016-max-common-connected-subgraph-paper/datasets/graphsdb/mcs70/m3D/m3D/mcs70_m3D_s100.B00
Reading graphs...
100 : 235
100 : 235
Initializing...
maxdom : 6
D->valSize : 368
Solving...
Blb : 3 (clique : 42)
currentSize : 42 <-- 0.003709 s
currentSize : 43 <-- 0.031969 s
currentSize : 45 <-- 0.133821 s
currentSize : 46 <-- 0.135890 s
currentSize : 49 <-- 3.509418 s
currentSize : 50 <-- 22.939835 s
currentSize : 51 <-- 53.533688 s
currentSize : 52 <-- 131.772934 s
currentSize : 54 <-- 138.127228 s
currentSize : 55 <-- 138.239319 s
currentSize : 56 <-- 139.454803 s
currentSize : 57 <-- 139.650513 s
currentSize : 58 <-- 224.857285 s
currentSize : 60 <-- 224.858139 s
currentSize : 61 <-- 360.514374 s
currentSize : 62 <-- 535.983032 s
currentSize : 64 <-- 535.985046 s

maxsize : 64
nodes : 164608525.000000
filtered : 465905897.000000
time : 780.045654
