Parameters: GAD=1 vflib=1 dir=1 label=1 lowerbound=1 fileNameGp=../../cp2016-max-common-connected-subgraph-paper/datasets/graphsdb/mcs70/m3D/m3D/mcs70_m3D_s100.A07 fileNameGt=../../cp2016-max-common-connected-subgraph-paper/datasets/graphsdb/mcs70/m3D/m3D/mcs70_m3D_s100.B07
Reading graphs...
100 : 235
100 : 235
Initializing...
maxdom : 6
D->valSize : 367
Solving...
Blb : 2 (clique : 53)
currentSize : 53 <-- 0.003817 s
currentSize : 55 <-- 0.004196 s
currentSize : 56 <-- 0.010435 s
currentSize : 57 <-- 0.181162 s
currentSize : 59 <-- 0.181320 s
currentSize : 60 <-- 0.183643 s
currentSize : 61 <-- 0.332878 s
currentSize : 62 <-- 0.334909 s
currentSize : 63 <-- 3.293024 s
currentSize : 64 <-- 3.293457 s

maxsize : 64
nodes : 54078235.000000
filtered : 234040763.000000
time : 296.163086
