Parameters: GAD=1 vflib=1 dir=1 label=1 lowerbound=1 fileNameGp=../../cp2016-max-common-connected-subgraph-paper/datasets/graphsdb/mcs70/rand/r01/mcs70_r01_s90.A03 fileNameGt=../../cp2016-max-common-connected-subgraph-paper/datasets/graphsdb/mcs70/rand/r01/mcs70_r01_s90.B03
Reading graphs...
90 : 800
90 : 800
Initializing...
maxdom : 10
D->valSize : 526
Solving...
Blb : 3 (clique : 15)
currentSize : 15 <-- 0.005407 s
currentSize : 17 <-- 0.005799 s
currentSize : 20 <-- 0.009998 s
currentSize : 22 <-- 0.011070 s
currentSize : 24 <-- 0.016565 s
currentSize : 29 <-- 0.021554 s
currentSize : 35 <-- 0.021732 s
currentSize : 38 <-- 0.031714 s
currentSize : 44 <-- 0.046467 s
currentSize : 63 <-- 0.066101 s

maxsize : 63
nodes : 11467.000000
filtered : 186823.000000
time : 0.078802
