Parameters: GAD=1 vflib=1 dir=1 label=1 lowerbound=1 fileNameGp=../../cp2016-max-common-connected-subgraph-paper/datasets/graphsdb/mcs70/m2D/m2Dr2/mcs70_m2Dr2_s80.A06 fileNameGt=../../cp2016-max-common-connected-subgraph-paper/datasets/graphsdb/mcs70/m2D/m2Dr2/mcs70_m2Dr2_s80.B06
Reading graphs...
80 : 158
80 : 157
Initializing...
maxdom : 9
D->valSize : 457
Solving...
Blb : 2 (clique : 42)
currentSize : 42 <-- 0.004612 s
currentSize : 43 <-- 0.008676 s
currentSize : 44 <-- 0.026246 s
currentSize : 45 <-- 0.026294 s
currentSize : 46 <-- 0.098940 s
currentSize : 47 <-- 2.682219 s
currentSize : 48 <-- 2.682296 s
currentSize : 49 <-- 2.736131 s
currentSize : 50 <-- 3.198737 s

TIMEOUT
maxsize : 50
nodes : 210074398.000000
filtered : 1104360113.000000
time : 1000.000061
