Parameters: GAD=1 vflib=1 dir=1 label=1 lowerbound=1 fileNameGp=../../cp2016-max-common-connected-subgraph-paper/datasets/graphsdb/mcs70/bvg/b06/mcs70_b06_s100.A02 fileNameGt=../../cp2016-max-common-connected-subgraph-paper/datasets/graphsdb/mcs70/bvg/b06/mcs70_b06_s100.B02
Reading graphs...
100 : 300
100 : 300
Initializing...
maxdom : 8
D->valSize : 412
Solving...
Blb : 2 (clique : 45)
currentSize : 45 <-- 0.004772 s
currentSize : 48 <-- 0.005380 s
currentSize : 50 <-- 0.006071 s
currentSize : 51 <-- 0.009947 s
currentSize : 52 <-- 0.030785 s
currentSize : 53 <-- 0.031913 s
currentSize : 54 <-- 0.038072 s
currentSize : 55 <-- 12.800079 s
currentSize : 56 <-- 12.836111 s
currentSize : 57 <-- 12.839936 s
currentSize : 58 <-- 12.859968 s
currentSize : 59 <-- 12.899270 s
currentSize : 60 <-- 12.930361 s
currentSize : 61 <-- 12.930929 s
currentSize : 62 <-- 12.934481 s
currentSize : 63 <-- 26.810242 s
currentSize : 66 <-- 28.161049 s
currentSize : 67 <-- 28.161575 s
currentSize : 68 <-- 28.475594 s
currentSize : 70 <-- 28.475800 s

maxsize : 70
nodes : 20156064.000000
filtered : 96208191.000000
time : 111.395538
