Parameters: GAD=1 vflib=1 dir=1 label=1 lowerbound=1 fileNameGp=../../cp2016-max-common-connected-subgraph-paper/datasets/graphsdb/mcs70/m2D/m2Dr6/mcs70_m2Dr6_s60.A04 fileNameGt=../../cp2016-max-common-connected-subgraph-paper/datasets/graphsdb/mcs70/m2D/m2Dr6/mcs70_m2Dr6_s60.B04
Reading graphs...
60 : 140
60 : 139
Initializing...
maxdom : 7
D->valSize : 271
Solving...
Blb : 2 (clique : 25)
currentSize : 25 <-- 0.002063 s
currentSize : 26 <-- 0.002316 s
currentSize : 30 <-- 0.002434 s
currentSize : 32 <-- 0.002651 s
currentSize : 33 <-- 1.599108 s
currentSize : 34 <-- 1.601451 s
currentSize : 35 <-- 2.966057 s
currentSize : 36 <-- 2.966148 s

maxsize : 36
nodes : 962542.000000
filtered : 5095667.000000
time : 3.787747
