Parameters: GAD=1 vflib=1 dir=1 label=1 lowerbound=1 fileNameGp=../../cp2016-max-common-connected-subgraph-paper/datasets/graphsdb/mcs70/bvg/b03/mcs70_b03_s80.A08 fileNameGt=../../cp2016-max-common-connected-subgraph-paper/datasets/graphsdb/mcs70/bvg/b03/mcs70_b03_s80.B08
Reading graphs...
80 : 120
80 : 120
Initializing...
maxdom : 8
D->valSize : 449
Solving...
Blb : 2 (clique : 48)
currentSize : 48 <-- 0.007826 s
currentSize : 49 <-- 7.038726 s
currentSize : 50 <-- 7.060846 s
currentSize : 52 <-- 296.862244 s
currentSize : 53 <-- 296.877838 s
currentSize : 54 <-- 504.266052 s
currentSize : 56 <-- 504.267822 s
currentSize : 57 <-- 912.506714 s

TIMEOUT
maxsize : 57
nodes : 224607039.000000
filtered : 983033542.000000
time : 1000.000061
