Parameters: GAD=1 vflib=1 dir=1 label=1 lowerbound=1 fileNameGp=../../cp2016-max-common-connected-subgraph-paper/datasets/graphsdb/mcs70/m2D/m2Dr6/mcs70_m2Dr6_s80.A07 fileNameGt=../../cp2016-max-common-connected-subgraph-paper/datasets/graphsdb/mcs70/m2D/m2Dr6/mcs70_m2Dr6_s80.B07
Reading graphs...
80 : 190
80 : 188
Initializing...
maxdom : 9
D->valSize : 440
Solving...
Blb : 2 (clique : 29)
currentSize : 29 <-- 0.004319 s
currentSize : 33 <-- 0.004531 s
currentSize : 34 <-- 0.004640 s
currentSize : 35 <-- 0.004959 s
currentSize : 36 <-- 0.017896 s
currentSize : 37 <-- 0.028743 s
currentSize : 38 <-- 12.302379 s
currentSize : 39 <-- 12.302482 s
currentSize : 40 <-- 28.243641 s
currentSize : 41 <-- 28.244270 s
currentSize : 42 <-- 28.325817 s
currentSize : 43 <-- 76.193710 s
currentSize : 44 <-- 76.261551 s
currentSize : 45 <-- 144.462402 s
currentSize : 46 <-- 144.462631 s
currentSize : 47 <-- 144.462738 s
currentSize : 48 <-- 191.970566 s
currentSize : 49 <-- 191.970673 s

maxsize : 49
nodes : 64891038.000000
filtered : 426039188.000000
time : 326.709534
