Parameters: GAD=1 vflib=1 dir=1 label=1 lowerbound=1 fileNameGp=../../cp2016-max-common-connected-subgraph-paper/datasets/graphsdb/mcs70/m2D/m2Dr6/mcs70_m2Dr6_s100.A00 fileNameGt=../../cp2016-max-common-connected-subgraph-paper/datasets/graphsdb/mcs70/m2D/m2Dr6/mcs70_m2Dr6_s100.B00
Reading graphs...
100 : 240
100 : 239
Initializing...
maxdom : 7
D->valSize : 385
Solving...
Blb : 2 (clique : 40)
currentSize : 40 <-- 0.003976 s
currentSize : 42 <-- 0.009695 s
currentSize : 44 <-- 0.015190 s
currentSize : 47 <-- 0.036259 s
currentSize : 49 <-- 0.073235 s
currentSize : 52 <-- 0.087368 s
currentSize : 56 <-- 0.555257 s
currentSize : 57 <-- 0.555489 s
currentSize : 58 <-- 44.837704 s
currentSize : 59 <-- 44.838917 s
currentSize : 60 <-- 143.346420 s
currentSize : 61 <-- 186.234436 s
currentSize : 65 <-- 192.524811 s

maxsize : 65
nodes : 48291561.000000
filtered : 220166158.000000
time : 263.706451
