Parameters: GAD=1 vflib=1 dir=1 label=1 lowerbound=1 fileNameGp=../../cp2016-max-common-connected-subgraph-paper/datasets/graphsdb/mcs70/bvg/b09m/mcs70_b09m_s100.A09 fileNameGt=../../cp2016-max-common-connected-subgraph-paper/datasets/graphsdb/mcs70/bvg/b09m/mcs70_b09m_s100.B09
Reading graphs...
100 : 450
100 : 450
Initializing...
maxdom : 9
D->valSize : 435
Solving...
Blb : 3 (clique : 30)
currentSize : 30 <-- 0.004535 s
currentSize : 31 <-- 0.337100 s
currentSize : 32 <-- 0.511146 s
currentSize : 33 <-- 5.960786 s
currentSize : 36 <-- 5.960998 s
currentSize : 41 <-- 6.054824 s
currentSize : 42 <-- 6.628632 s
currentSize : 46 <-- 6.749226 s
currentSize : 47 <-- 10.323172 s
currentSize : 52 <-- 10.355661 s
currentSize : 53 <-- 11.062758 s
currentSize : 58 <-- 11.158468 s
currentSize : 59 <-- 15.005210 s
currentSize : 60 <-- 15.005425 s
currentSize : 63 <-- 15.265236 s
currentSize : 64 <-- 15.265456 s
currentSize : 69 <-- 15.311951 s
currentSize : 70 <-- 15.312193 s

maxsize : 70
nodes : 3679342.000000
filtered : 17565204.000000
time : 18.512104
