Parameters: GAD=1 vflib=1 dir=1 label=1 lowerbound=1 fileNameGp=../../cp2016-max-common-connected-subgraph-paper/datasets/graphsdb/mcs70/m2D/m2Dr2/mcs70_m2Dr2_s80.A09 fileNameGt=../../cp2016-max-common-connected-subgraph-paper/datasets/graphsdb/mcs70/m2D/m2Dr2/mcs70_m2Dr2_s80.B09
Reading graphs...
80 : 158
80 : 158
Initializing...
maxdom : 8
D->valSize : 424
Solving...
Blb : 2 (clique : 31)
currentSize : 31 <-- 0.006816 s
currentSize : 32 <-- 0.007160 s
currentSize : 34 <-- 0.008312 s
currentSize : 36 <-- 0.008412 s
currentSize : 38 <-- 0.009481 s
currentSize : 39 <-- 0.009551 s
currentSize : 40 <-- 0.031567 s
currentSize : 41 <-- 22.280500 s
currentSize : 42 <-- 22.422270 s
currentSize : 43 <-- 22.422333 s
currentSize : 44 <-- 22.436880 s
currentSize : 46 <-- 34.524639 s
currentSize : 47 <-- 34.527115 s
currentSize : 48 <-- 50.195938 s
currentSize : 49 <-- 76.130325 s

maxsize : 49
nodes : 17013059.000000
filtered : 111295264.000000
time : 86.427742
