Parameters: GAD=1 vflib=1 dir=1 label=1 lowerbound=1 fileNameGp=../../cp2016-max-common-connected-subgraph-paper/datasets/graphsdb/mcs70/bvg/b03/mcs70_b03_s50.A09 fileNameGt=../../cp2016-max-common-connected-subgraph-paper/datasets/graphsdb/mcs70/bvg/b03/mcs70_b03_s50.B09
Reading graphs...
50 : 75
50 : 75
Initializing...
maxdom : 9
D->valSize : 331
Solving...
Blb : 3 (clique : 23)
currentSize : 23 <-- 0.002836 s
currentSize : 24 <-- 0.002974 s
currentSize : 25 <-- 0.003017 s
currentSize : 26 <-- 0.003102 s
currentSize : 27 <-- 0.003118 s
currentSize : 28 <-- 0.003278 s
currentSize : 29 <-- 0.003412 s
currentSize : 31 <-- 0.148932 s
currentSize : 32 <-- 0.501052 s
currentSize : 33 <-- 3.493525 s
currentSize : 34 <-- 5.760214 s
currentSize : 35 <-- 6.511877 s

maxsize : 35
nodes : 1474892.000000
filtered : 19719672.000000
time : 7.266658
