Parameters: GAD=1 vflib=1 dir=1 label=1 lowerbound=1 fileNameGp=../../cp2016-max-common-connected-subgraph-paper/datasets/graphsdb/mcs70/m2D/m2Dr4/mcs70_m2Dr4_s90.A03 fileNameGt=../../cp2016-max-common-connected-subgraph-paper/datasets/graphsdb/mcs70/m2D/m2Dr4/mcs70_m2Dr4_s90.B03
Reading graphs...
90 : 197
90 : 194
Initializing...
maxdom : 11
D->valSize : 577
Solving...
Blb : 2 (clique : 53)
currentSize : 53 <-- 0.007016 s
currentSize : 54 <-- 0.007834 s
currentSize : 55 <-- 0.010545 s
currentSize : 56 <-- 0.035070 s
currentSize : 57 <-- 0.057311 s
currentSize : 58 <-- 0.057396 s
currentSize : 59 <-- 0.215942 s
currentSize : 60 <-- 0.246854 s
currentSize : 61 <-- 0.272283 s
currentSize : 62 <-- 0.272309 s
currentSize : 63 <-- 0.806887 s
currentSize : 64 <-- 0.823529 s
currentSize : 65 <-- 0.823559 s

maxsize : 65
nodes : 14281859.000000
filtered : 83117493.000000
time : 74.963486
