Parameters: GAD=1 vflib=1 dir=1 label=1 lowerbound=1 fileNameGp=../../cp2016-max-common-connected-subgraph-paper/datasets/graphsdb/mcs70/m2D/m2Dr2/mcs70_m2Dr2_s80.A08 fileNameGt=../../cp2016-max-common-connected-subgraph-paper/datasets/graphsdb/mcs70/m2D/m2Dr2/mcs70_m2Dr2_s80.B08
Reading graphs...
80 : 158
80 : 157
Initializing...
maxdom : 9
D->valSize : 408
Solving...
Blb : 2 (clique : 36)
currentSize : 36 <-- 0.003875 s
currentSize : 37 <-- 0.004709 s
currentSize : 38 <-- 0.005096 s
currentSize : 39 <-- 0.005605 s
currentSize : 40 <-- 0.007364 s
currentSize : 41 <-- 0.014459 s
currentSize : 42 <-- 0.052808 s
currentSize : 43 <-- 17.392956 s
currentSize : 44 <-- 66.899811 s
currentSize : 45 <-- 197.612274 s
currentSize : 46 <-- 255.864975 s
currentSize : 47 <-- 268.226349 s
currentSize : 48 <-- 268.228577 s
currentSize : 49 <-- 272.701660 s

maxsize : 49
nodes : 62598940.000000
filtered : 427649482.000000
time : 337.225372
