Parameters: GAD=1 vflib=1 dir=1 label=1 lowerbound=1 fileNameGp=../../cp2016-max-common-connected-subgraph-paper/datasets/graphsdb/mcs70/m2D/m2Dr2/mcs70_m2Dr2_s60.A01 fileNameGt=../../cp2016-max-common-connected-subgraph-paper/datasets/graphsdb/mcs70/m2D/m2Dr2/mcs70_m2Dr2_s60.B01
Reading graphs...
60 : 116
60 : 116
Initializing...
maxdom : 6
D->valSize : 258
Solving...
Blb : 2 (clique : 26)
currentSize : 26 <-- 0.002937 s
currentSize : 27 <-- 0.003165 s
currentSize : 28 <-- 0.003200 s
currentSize : 29 <-- 0.003287 s
currentSize : 30 <-- 0.003724 s
currentSize : 31 <-- 0.328387 s
currentSize : 32 <-- 0.683570 s
currentSize : 33 <-- 0.704770 s
currentSize : 35 <-- 1.213833 s
currentSize : 36 <-- 1.214144 s
currentSize : 37 <-- 1.214299 s
currentSize : 38 <-- 1.225751 s

maxsize : 38
nodes : 751057.000000
filtered : 3440308.000000
time : 3.516950
