Parameters: GAD=1 vflib=1 dir=1 label=1 lowerbound=1 fileNameGp=../../cp2016-max-common-connected-subgraph-paper/datasets/graphsdb/mcs70/m2D/m2D/mcs70_m2D_s80.A00 fileNameGt=../../cp2016-max-common-connected-subgraph-paper/datasets/graphsdb/mcs70/m2D/m2D/mcs70_m2D_s80.B00
Reading graphs...
80 : 142
80 : 142
Initializing...
maxdom : 10
D->valSize : 451
Solving...
Blb : 2 (clique : 40)
currentSize : 40 <-- 0.007575 s
currentSize : 42 <-- 0.008000 s
currentSize : 44 <-- 0.011125 s
currentSize : 45 <-- 0.011324 s
currentSize : 46 <-- 0.015071 s
currentSize : 47 <-- 0.022454 s
currentSize : 48 <-- 0.025671 s
currentSize : 49 <-- 3.372332 s
currentSize : 50 <-- 367.059174 s

TIMEOUT
maxsize : 50
nodes : 195769626.000000
filtered : 1053365209.000000
time : 1000.000061
