Parameters: GAD=1 vflib=1 dir=1 label=1 lowerbound=1 fileNameGp=../../cp2016-max-common-connected-subgraph-paper/datasets/graphsdb/mcs70/m2D/m2D/mcs70_m2D_s60.A05 fileNameGt=../../cp2016-max-common-connected-subgraph-paper/datasets/graphsdb/mcs70/m2D/m2D/mcs70_m2D_s60.B05
Reading graphs...
60 : 104
60 : 104
Initializing...
maxdom : 9
D->valSize : 273
Solving...
Blb : 2 (clique : 29)
currentSize : 29 <-- 0.002066 s
currentSize : 31 <-- 3.401920 s
currentSize : 32 <-- 3.402617 s
currentSize : 33 <-- 4.238890 s
currentSize : 34 <-- 5.610648 s
currentSize : 35 <-- 11.370135 s
currentSize : 36 <-- 13.034913 s
currentSize : 37 <-- 13.038767 s
currentSize : 38 <-- 13.039170 s

maxsize : 38
nodes : 4203026.000000
filtered : 24557302.000000
time : 16.402004
