Parameters: GAD=1 vflib=1 dir=1 label=1 lowerbound=1 fileNameGp=../../cp2016-max-common-connected-subgraph-paper/datasets/graphsdb/mcs70/m2D/m2Dr4/mcs70_m2Dr4_s35.A04 fileNameGt=../../cp2016-max-common-connected-subgraph-paper/datasets/graphsdb/mcs70/m2D/m2Dr4/mcs70_m2Dr4_s35.B04
Reading graphs...
35 : 72
35 : 72
Initializing...
maxdom : 8
D->valSize : 170
Solving...
Blb : 2 (clique : 14)
currentSize : 14 <-- 0.001022 s
currentSize : 15 <-- 0.001686 s
currentSize : 16 <-- 0.008684 s
currentSize : 18 <-- 0.008700 s
currentSize : 19 <-- 0.008807 s
currentSize : 20 <-- 0.008959 s
currentSize : 21 <-- 0.014607 s
currentSize : 23 <-- 0.014990 s
currentSize : 25 <-- 0.019946 s

maxsize : 25
nodes : 8299.000000
filtered : 47650.000000
time : 0.023923
