Parameters: GAD=1 vflib=1 dir=1 label=1 lowerbound=1 fileNameGp=../../cp2016-max-common-connected-subgraph-paper/datasets/graphsdb/mcs70/bvg/b03m/mcs70_b03m_s90.A02 fileNameGt=../../cp2016-max-common-connected-subgraph-paper/datasets/graphsdb/mcs70/bvg/b03m/mcs70_b03m_s90.B02
Reading graphs...
90 : 135
90 : 135
Initializing...
maxdom : 11
D->valSize : 615
Solving...
Blb : 2 (clique : 53)
currentSize : 53 <-- 0.013375 s
currentSize : 54 <-- 0.014161 s
currentSize : 56 <-- 0.089954 s
currentSize : 57 <-- 0.287990 s
currentSize : 58 <-- 0.288041 s
currentSize : 60 <-- 0.312354 s

TIMEOUT
maxsize : 60
nodes : 182173676.000000
filtered : 1070633067.000000
time : 1000.000122
