Parameters: GAD=1 vflib=1 dir=1 label=1 lowerbound=1 fileNameGp=../../cp2016-max-common-connected-subgraph-paper/datasets/graphsdb/mcs70/m2D/m2Dr4/mcs70_m2Dr4_s80.A02 fileNameGt=../../cp2016-max-common-connected-subgraph-paper/datasets/graphsdb/mcs70/m2D/m2Dr4/mcs70_m2Dr4_s80.B02
Reading graphs...
80 : 174
80 : 172
Initializing...
maxdom : 9
D->valSize : 475
Solving...
Blb : 2 (clique : 34)
currentSize : 34 <-- 0.008154 s
currentSize : 35 <-- 0.008539 s
currentSize : 36 <-- 0.010250 s
currentSize : 37 <-- 0.010268 s
currentSize : 38 <-- 31.062704 s
currentSize : 39 <-- 31.067112 s
currentSize : 40 <-- 31.088100 s
currentSize : 41 <-- 34.240166 s
currentSize : 42 <-- 76.642944 s
currentSize : 44 <-- 76.650551 s
currentSize : 45 <-- 78.539536 s
currentSize : 49 <-- 83.237000 s
currentSize : 50 <-- 128.324463 s
currentSize : 51 <-- 292.449066 s

maxsize : 51
nodes : 146371191.000000
filtered : 814521581.000000
time : 682.252808
