Parameters: GAD=1 vflib=1 dir=1 label=1 lowerbound=1 fileNameGp=../../cp2016-max-common-connected-subgraph-paper/datasets/graphsdb/mcs70/m2D/m2Dr6/mcs70_m2Dr6_s60.A09 fileNameGt=../../cp2016-max-common-connected-subgraph-paper/datasets/graphsdb/mcs70/m2D/m2Dr6/mcs70_m2Dr6_s60.B09
Reading graphs...
60 : 140
60 : 137
Initializing...
maxdom : 10
D->valSize : 298
Solving...
Blb : 3 (clique : 25)
currentSize : 25 <-- 0.002289 s
currentSize : 26 <-- 0.002639 s
currentSize : 27 <-- 0.002747 s
currentSize : 28 <-- 0.002795 s
currentSize : 30 <-- 0.005643 s
currentSize : 31 <-- 0.005716 s
currentSize : 32 <-- 0.031291 s
currentSize : 33 <-- 0.031363 s
currentSize : 34 <-- 0.192957 s
currentSize : 35 <-- 0.575207 s
currentSize : 36 <-- 0.575368 s

maxsize : 36
nodes : 502688.000000
filtered : 2467210.000000
time : 1.932054
