Parameters: GAD=1 vflib=1 dir=1 label=1 lowerbound=1 fileNameGp=../../cp2016-max-common-connected-subgraph-paper/datasets/graphsdb/mcs70/bvg/b03/mcs70_b03_s50.A06 fileNameGt=../../cp2016-max-common-connected-subgraph-paper/datasets/graphsdb/mcs70/bvg/b03/mcs70_b03_s50.B06
Reading graphs...
50 : 75
50 : 75
Initializing...
maxdom : 10
D->valSize : 352
Solving...
Blb : 2 (clique : 22)
currentSize : 22 <-- 0.002716 s
currentSize : 23 <-- 0.009269 s
currentSize : 24 <-- 0.038813 s
currentSize : 25 <-- 0.053743 s
currentSize : 26 <-- 0.590473 s
currentSize : 27 <-- 0.590838 s
currentSize : 28 <-- 1.405703 s
currentSize : 29 <-- 1.716063 s
currentSize : 30 <-- 2.455765 s
currentSize : 31 <-- 3.368274 s
currentSize : 32 <-- 6.534706 s
currentSize : 34 <-- 7.752090 s

maxsize : 34
nodes : 2429271.000000
filtered : 23149405.000000
time : 10.426854
