Parameters: GAD=1 vflib=1 dir=1 label=1 lowerbound=1 fileNameGp=../../cp2016-max-common-connected-subgraph-paper/datasets/graphsdb/mcs70/bvg/b09/mcs70_b09_s100.A03 fileNameGt=../../cp2016-max-common-connected-subgraph-paper/datasets/graphsdb/mcs70/bvg/b09/mcs70_b09_s100.B03
Reading graphs...
100 : 450
100 : 450
Initializing...
maxdom : 7
D->valSize : 376
Solving...
Blb : 2 (clique : 38)
currentSize : 38 <-- 0.003872 s
currentSize : 40 <-- 0.004117 s
currentSize : 43 <-- 0.004316 s
currentSize : 44 <-- 0.004537 s
currentSize : 45 <-- 0.015057 s
currentSize : 46 <-- 0.015245 s
currentSize : 47 <-- 0.476500 s
currentSize : 50 <-- 0.476701 s
currentSize : 51 <-- 0.477016 s
currentSize : 52 <-- 0.477203 s
currentSize : 53 <-- 0.477528 s
currentSize : 54 <-- 0.486897 s
currentSize : 55 <-- 0.487103 s
currentSize : 57 <-- 0.487299 s
currentSize : 59 <-- 1.100161 s
currentSize : 62 <-- 1.100393 s
currentSize : 65 <-- 1.100656 s
currentSize : 67 <-- 1.100806 s
currentSize : 70 <-- 1.131397 s

maxsize : 70
nodes : 376628.000000
filtered : 1738500.000000
time : 1.967921
