Parameters: GAD=1 vflib=1 dir=1 label=1 lowerbound=1 fileNameGp=../../cp2016-max-common-connected-subgraph-paper/datasets/graphsdb/mcs70/m3D/m3Dr6/mcs70_m3Dr6_s100.A03 fileNameGt=../../cp2016-max-common-connected-subgraph-paper/datasets/graphsdb/mcs70/m3D/m3Dr6/mcs70_m3Dr6_s100.B03
Reading graphs...
100 : 295
100 : 295
Initializing...
maxdom : 8
D->valSize : 359
Solving...
Blb : 2 (clique : 49)
currentSize : 49 <-- 0.003757 s
currentSize : 52 <-- 0.004178 s
currentSize : 55 <-- 0.170091 s
currentSize : 57 <-- 3.392803 s
currentSize : 60 <-- 3.394490 s
currentSize : 61 <-- 3.395811 s
currentSize : 63 <-- 3.465232 s
currentSize : 64 <-- 3.466845 s

maxsize : 64
nodes : 2430729.000000
filtered : 9845590.000000
time : 12.669704
