Parameters: GAD=1 vflib=1 dir=1 label=1 lowerbound=1 fileNameGp=../../cp2016-max-common-connected-subgraph-paper/datasets/graphsdb/mcs70/bvg/b09m/mcs70_b09m_s100.A00 fileNameGt=../../cp2016-max-common-connected-subgraph-paper/datasets/graphsdb/mcs70/bvg/b09m/mcs70_b09m_s100.B00
Reading graphs...
100 : 450
100 : 450
Initializing...
maxdom : 8
D->valSize : 371
Solving...
Blb : 3 (clique : 63)
currentSize : 63 <-- 0.003762 s
currentSize : 65 <-- 0.018305 s
currentSize : 66 <-- 0.019230 s
currentSize : 67 <-- 0.019364 s
currentSize : 69 <-- 0.019797 s
currentSize : 70 <-- 0.019939 s

maxsize : 70
nodes : 1252345.000000
filtered : 4396073.000000
time : 6.119544
