Parameters: GAD=1 vflib=1 dir=1 label=1 lowerbound=1 fileNameGp=../../cp2016-max-common-connected-subgraph-paper/datasets/graphsdb/mcs70/m2D/m2Dr6/mcs70_m2Dr6_s60.A01 fileNameGt=../../cp2016-max-common-connected-subgraph-paper/datasets/graphsdb/mcs70/m2D/m2Dr6/mcs70_m2Dr6_s60.B01
Reading graphs...
60 : 140
60 : 140
Initializing...
maxdom : 10
D->valSize : 278
Solving...
Blb : 3 (clique : 25)
currentSize : 25 <-- 0.003191 s
currentSize : 26 <-- 2.348053 s
currentSize : 27 <-- 3.129142 s
currentSize : 28 <-- 3.129215 s
currentSize : 29 <-- 3.132047 s
currentSize : 30 <-- 3.138904 s
currentSize : 34 <-- 4.236472 s
currentSize : 35 <-- 4.238335 s
currentSize : 36 <-- 4.239329 s

maxsize : 36
nodes : 1202138.000000
filtered : 6478961.000000
time : 5.005814
