Parameters: GAD=1 vflib=1 dir=1 label=1 lowerbound=1 fileNameGp=../../cp2016-max-common-connected-subgraph-paper/datasets/graphsdb/mcs70/bvg/b03m/mcs70_b03m_s100.A06 fileNameGt=../../cp2016-max-common-connected-subgraph-paper/datasets/graphsdb/mcs70/bvg/b03m/mcs70_b03m_s100.B06
Reading graphs...
100 : 150
100 : 150
Initializing...
maxdom : 8
D->valSize : 396
Solving...
Blb : 3 (clique : 62)
currentSize : 62 <-- 0.004353 s
currentSize : 63 <-- 1.303126 s
currentSize : 64 <-- 2.409578 s
currentSize : 65 <-- 2.409918 s
currentSize : 66 <-- 4.853409 s
currentSize : 67 <-- 20.278273 s
currentSize : 68 <-- 23.511244 s
currentSize : 69 <-- 23.511435 s
currentSize : 70 <-- 23.916348 s

maxsize : 70
nodes : 37515736.000000
filtered : 125672625.000000
time : 195.723495
