Parameters: GAD=1 vflib=1 dir=1 label=1 lowerbound=1 fileNameGp=../../cp2016-max-common-connected-subgraph-paper/datasets/graphsdb/mcs70/m2D/m2Dr4/mcs70_m2Dr4_s90.A05 fileNameGt=../../cp2016-max-common-connected-subgraph-paper/datasets/graphsdb/mcs70/m2D/m2Dr4/mcs70_m2Dr4_s90.B05
Reading graphs...
90 : 197
90 : 197
Initializing...
maxdom : 11
D->valSize : 570
Solving...
Blb : 2 (clique : 51)
currentSize : 51 <-- 0.007008 s
currentSize : 52 <-- 0.007425 s
currentSize : 57 <-- 0.008181 s
currentSize : 58 <-- 0.008316 s
currentSize : 59 <-- 0.008458 s
currentSize : 63 <-- 0.014560 s
currentSize : 64 <-- 0.268959 s

maxsize : 64
nodes : 170155816.000000
filtered : 1081832745.000000
time : 911.655273
