Parameters: GAD=1 vflib=1 dir=1 label=1 lowerbound=1 fileNameGp=../../cp2016-max-common-connected-subgraph-paper/datasets/graphsdb/mcs70/bvg/b03/mcs70_b03_s70.A06 fileNameGt=../../cp2016-max-common-connected-subgraph-paper/datasets/graphsdb/mcs70/bvg/b03/mcs70_b03_s70.B06
Reading graphs...
70 : 105
70 : 105
Initializing...
maxdom : 9
D->valSize : 366
Solving...
Blb : 2 (clique : 33)
currentSize : 33 <-- 0.003184 s
currentSize : 35 <-- 0.003499 s
currentSize : 36 <-- 0.004262 s
currentSize : 38 <-- 1.648835 s
currentSize : 39 <-- 23.118307 s
currentSize : 40 <-- 23.118383 s
currentSize : 41 <-- 56.959587 s
currentSize : 42 <-- 84.564835 s
currentSize : 44 <-- 84.729210 s
currentSize : 45 <-- 295.875336 s
currentSize : 48 <-- 296.052399 s

maxsize : 48
nodes : 82438289.000000
filtered : 409842588.000000
time : 354.320404
