Parameters: GAD=1 vflib=1 dir=1 label=1 lowerbound=1 fileNameGp=../../cp2016-max-common-connected-subgraph-paper/datasets/graphsdb/mcs70/m2D/m2D/mcs70_m2D_s100.A08 fileNameGt=../../cp2016-max-common-connected-subgraph-paper/datasets/graphsdb/mcs70/m2D/m2D/mcs70_m2D_s100.B08
Reading graphs...
100 : 180
100 : 180
Initializing...
maxdom : 8
D->valSize : 360
Solving...
Blb : 2 (clique : 47)
currentSize : 47 <-- 0.004732 s
currentSize : 48 <-- 0.031214 s
currentSize : 50 <-- 0.046571 s
currentSize : 51 <-- 4.353727 s
currentSize : 53 <-- 4.355404 s
currentSize : 54 <-- 6.167917 s
currentSize : 56 <-- 7.235935 s
currentSize : 58 <-- 7.236222 s
currentSize : 59 <-- 11.069183 s
currentSize : 60 <-- 36.068535 s
currentSize : 61 <-- 36.334599 s
currentSize : 63 <-- 36.334732 s
currentSize : 64 <-- 36.339447 s

maxsize : 64
nodes : 33755085.000000
filtered : 120479430.000000
time : 181.423676
