Parameters: GAD=1 vflib=1 dir=1 label=1 lowerbound=1 fileNameGp=../../cp2016-max-common-connected-subgraph-paper/datasets/graphsdb/mcs70/m2D/m2Dr4/mcs70_m2Dr4_s80.A04 fileNameGt=../../cp2016-max-common-connected-subgraph-paper/datasets/graphsdb/mcs70/m2D/m2Dr4/mcs70_m2Dr4_s80.B04
Reading graphs...
80 : 174
80 : 174
Initializing...
maxdom : 10
D->valSize : 465
Solving...
Blb : 2 (clique : 29)
currentSize : 29 <-- 0.004832 s
currentSize : 30 <-- 0.008041 s
currentSize : 31 <-- 0.008155 s
currentSize : 32 <-- 8.308934 s
currentSize : 33 <-- 10.467549 s
currentSize : 34 <-- 10.870618 s
currentSize : 35 <-- 26.599913 s
currentSize : 36 <-- 45.764343 s
currentSize : 37 <-- 45.871593 s
currentSize : 38 <-- 61.733456 s
currentSize : 39 <-- 62.379532 s
currentSize : 40 <-- 334.893036 s
currentSize : 41 <-- 334.938812 s
currentSize : 42 <-- 338.621490 s
currentSize : 43 <-- 564.833069 s
currentSize : 44 <-- 601.415894 s
currentSize : 45 <-- 601.457947 s
currentSize : 46 <-- 704.241333 s
currentSize : 47 <-- 704.241882 s
currentSize : 48 <-- 704.361877 s
currentSize : 49 <-- 704.362122 s

TIMEOUT
maxsize : 49
nodes : 192840124.000000
filtered : 1549323932.000000
time : 1000.000061
