Parameters: GAD=1 vflib=1 dir=1 label=1 lowerbound=1 fileNameGp=../../cp2016-max-common-connected-subgraph-paper/datasets/graphsdb/mcs70/m2D/m2Dr2/mcs70_m2Dr2_s70.A07 fileNameGt=../../cp2016-max-common-connected-subgraph-paper/datasets/graphsdb/mcs70/m2D/m2Dr2/mcs70_m2Dr2_s70.B07
Reading graphs...
70 : 137
70 : 136
Initializing...
maxdom : 9
D->valSize : 393
Solving...
Blb : 2 (clique : 38)
currentSize : 38 <-- 0.003560 s
currentSize : 39 <-- 0.003777 s
currentSize : 42 <-- 0.008046 s
currentSize : 44 <-- 0.009121 s
currentSize : 46 <-- 0.035568 s
currentSize : 48 <-- 0.039225 s
currentSize : 49 <-- 0.039315 s

maxsize : 49
nodes : 2716115.000000
filtered : 12845113.000000
time : 11.512718
