Parameters: GAD=1 vflib=1 dir=1 label=1 lowerbound=1 fileNameGp=../../cp2016-max-common-connected-subgraph-paper/datasets/graphsdb/mcs70/m2D/m2Dr4/mcs70_m2Dr4_s100.A00 fileNameGt=../../cp2016-max-common-connected-subgraph-paper/datasets/graphsdb/mcs70/m2D/m2Dr4/mcs70_m2Dr4_s100.B00
Reading graphs...
100 : 220
100 : 220
Initializing...
maxdom : 8
D->valSize : 437
Solving...
Blb : 2 (clique : 55)
currentSize : 55 <-- 0.008042 s
currentSize : 56 <-- 0.413786 s
currentSize : 57 <-- 0.413882 s
currentSize : 58 <-- 2.022549 s
currentSize : 59 <-- 2.290085 s
currentSize : 60 <-- 2.311612 s
currentSize : 61 <-- 4.988459 s
currentSize : 62 <-- 6.934749 s
currentSize : 63 <-- 6.935145 s
currentSize : 64 <-- 7.560853 s
currentSize : 65 <-- 7.561082 s

maxsize : 65
nodes : 13292837.000000
filtered : 76033871.000000
time : 79.329437
