Parameters: GAD=1 vflib=1 dir=1 label=1 lowerbound=1 fileNameGp=../../cp2016-max-common-connected-subgraph-paper/datasets/graphsdb/mcs70/bvg/b09m/mcs70_b09m_s90.A04 fileNameGt=../../cp2016-max-common-connected-subgraph-paper/datasets/graphsdb/mcs70/bvg/b09m/mcs70_b09m_s90.B04
Reading graphs...
90 : 405
90 : 405
Initializing...
maxdom : 15
D->valSize : 607
Solving...
Blb : 2 (clique : 33)
currentSize : 33 <-- 0.011721 s
currentSize : 35 <-- 0.857073 s
currentSize : 36 <-- 0.857156 s
currentSize : 37 <-- 2.266358 s
currentSize : 41 <-- 2.293085 s
currentSize : 45 <-- 2.294592 s
currentSize : 51 <-- 3.325114 s
currentSize : 57 <-- 3.325439 s
currentSize : 59 <-- 3.784802 s
currentSize : 62 <-- 4.370991 s

maxsize : 62
nodes : 992074.000000
filtered : 7903712.000000
time : 5.318338
