Parameters: GAD=1 vflib=1 dir=1 label=1 lowerbound=1 fileNameGp=../../cp2016-max-common-connected-subgraph-paper/datasets/graphsdb/mcs70/bvg/b03/mcs70_b03_s100.A01 fileNameGt=../../cp2016-max-common-connected-subgraph-paper/datasets/graphsdb/mcs70/bvg/b03/mcs70_b03_s100.B01
Reading graphs...
100 : 150
100 : 150
Initializing...
maxdom : 7
D->valSize : 406
Solving...
Blb : 3 (clique : 51)
currentSize : 51 <-- 0.004569 s
currentSize : 52 <-- 0.057213 s
currentSize : 53 <-- 0.929678 s
currentSize : 54 <-- 0.937914 s
currentSize : 55 <-- 0.952104 s
currentSize : 56 <-- 0.952237 s
currentSize : 57 <-- 1.219095 s
currentSize : 58 <-- 2.299584 s
currentSize : 59 <-- 2.308701 s
currentSize : 60 <-- 6.836648 s
currentSize : 61 <-- 6.836814 s
currentSize : 62 <-- 7.131418 s
currentSize : 63 <-- 7.138129 s
currentSize : 64 <-- 10.914215 s
currentSize : 65 <-- 55.705593 s
currentSize : 66 <-- 55.707214 s
currentSize : 67 <-- 56.672489 s
currentSize : 68 <-- 609.308899 s
currentSize : 69 <-- 611.688049 s
currentSize : 70 <-- 612.164185 s

TIMEOUT
maxsize : 70
nodes : 208978850.000000
filtered : 666210308.000000
time : 1000.000122
