Parameters: GAD=1 vflib=1 dir=1 label=1 lowerbound=1 fileNameGp=../../cp2016-max-common-connected-subgraph-paper/datasets/graphsdb/mcs70/m2D/m2Dr2/mcs70_m2Dr2_s90.A04 fileNameGt=../../cp2016-max-common-connected-subgraph-paper/datasets/graphsdb/mcs70/m2D/m2Dr2/mcs70_m2Dr2_s90.B04
Reading graphs...
90 : 179
90 : 179
Initializing...
maxdom : 9
D->valSize : 568
Solving...
Blb : 2 (clique : 50)
currentSize : 50 <-- 0.006931 s
currentSize : 51 <-- 0.007584 s
currentSize : 54 <-- 0.009057 s
currentSize : 55 <-- 0.368176 s
currentSize : 59 <-- 0.377707 s
currentSize : 60 <-- 0.881761 s
currentSize : 64 <-- 3.258738 s

maxsize : 64
nodes : 7290723.000000
filtered : 39972506.000000
time : 38.020981
