Parameters: GAD=1 vflib=1 dir=1 label=1 lowerbound=1 fileNameGp=../../cp2016-max-common-connected-subgraph-paper/datasets/graphsdb/mcs70/m2D/m2D/mcs70_m2D_s40.A05 fileNameGt=../../cp2016-max-common-connected-subgraph-paper/datasets/graphsdb/mcs70/m2D/m2D/mcs70_m2D_s40.B05
Reading graphs...
40 : 67
40 : 67
Initializing...
maxdom : 7
D->valSize : 217
Solving...
Blb : 2 (clique : 15)
currentSize : 15 <-- 0.001935 s
currentSize : 16 <-- 0.002268 s
currentSize : 17 <-- 9.931527 s
currentSize : 18 <-- 11.918789 s
currentSize : 21 <-- 14.672811 s
currentSize : 23 <-- 15.016298 s
currentSize : 25 <-- 15.187831 s

maxsize : 25
nodes : 6183706.000000
filtered : 30117688.000000
time : 15.201470
