Parameters: GAD=1 vflib=1 dir=1 label=1 lowerbound=1 fileNameGp=../../cp2016-max-common-connected-subgraph-paper/datasets/graphsdb/mcs70/bvg/b03/mcs70_b03_s100.A02 fileNameGt=../../cp2016-max-common-connected-subgraph-paper/datasets/graphsdb/mcs70/bvg/b03/mcs70_b03_s100.B02
Reading graphs...
100 : 150
100 : 150
Initializing...
maxdom : 6
D->valSize : 358
Solving...
Blb : 3 (clique : 53)
currentSize : 53 <-- 0.003815 s
currentSize : 56 <-- 0.004201 s
currentSize : 57 <-- 0.004779 s
currentSize : 58 <-- 0.041363 s
currentSize : 59 <-- 0.596792 s
currentSize : 60 <-- 0.597104 s
currentSize : 61 <-- 0.602756 s
currentSize : 63 <-- 3.869923 s
currentSize : 64 <-- 3.909128 s
currentSize : 66 <-- 3.931470 s
currentSize : 67 <-- 4.702015 s
currentSize : 70 <-- 7.130019 s
currentSize : 71 <-- 27.130678 s

maxsize : 71
nodes : 6996424.000000
filtered : 26870776.000000
time : 41.102692
