Parameters: GAD=1 vflib=1 dir=1 label=1 lowerbound=1 fileNameGp=../../cp2016-max-common-connected-subgraph-paper/datasets/graphsdb/mcs70/m3D/m3Dr6/mcs70_m3Dr6_s90.A06 fileNameGt=../../cp2016-max-common-connected-subgraph-paper/datasets/graphsdb/mcs70/m3D/m3Dr6/mcs70_m3Dr6_s90.B06
Reading graphs...
90 : 263
90 : 259
Initializing...
maxdom : 9
D->valSize : 549
Solving...
Blb : 2 (clique : 38)
currentSize : 38 <-- 0.006311 s
currentSize : 52 <-- 0.006620 s
currentSize : 53 <-- 0.006754 s
currentSize : 55 <-- 10.677665 s
currentSize : 56 <-- 10.687144 s
currentSize : 63 <-- 31.251047 s
currentSize : 64 <-- 31.251200 s

maxsize : 64
nodes : 8134590.000000
filtered : 57584048.000000
time : 43.172421
