Parameters: GAD=1 vflib=1 dir=1 label=1 lowerbound=1 fileNameGp=../../cp2016-max-common-connected-subgraph-paper/datasets/graphsdb/mcs70/bvg/b03m/mcs70_b03m_s80.A09 fileNameGt=../../cp2016-max-common-connected-subgraph-paper/datasets/graphsdb/mcs70/bvg/b03m/mcs70_b03m_s80.B09
Reading graphs...
80 : 120
80 : 120
Initializing...
maxdom : 9
D->valSize : 448
Solving...
Blb : 3 (clique : 46)
currentSize : 46 <-- 0.004745 s
currentSize : 47 <-- 0.006821 s
currentSize : 48 <-- 0.006948 s
currentSize : 49 <-- 0.040351 s
currentSize : 50 <-- 0.040738 s
currentSize : 51 <-- 0.043445 s
currentSize : 52 <-- 0.127637 s
currentSize : 53 <-- 0.127709 s
currentSize : 54 <-- 0.127998 s
currentSize : 56 <-- 0.129822 s

maxsize : 56
nodes : 9799537.000000
filtered : 66562936.000000
time : 53.750378
