Parameters: GAD=1 vflib=1 dir=1 label=1 lowerbound=1 fileNameGp=../../cp2016-max-common-connected-subgraph-paper/datasets/graphsdb/mcs70/bvg/b06/mcs70_b06_s100.A05 fileNameGt=../../cp2016-max-common-connected-subgraph-paper/datasets/graphsdb/mcs70/bvg/b06/mcs70_b06_s100.B05
Reading graphs...
100 : 300
100 : 300
Initializing...
maxdom : 6
D->valSize : 357
Solving...
Blb : 3 (clique : 55)
currentSize : 55 <-- 0.006178 s
currentSize : 56 <-- 20.332624 s
currentSize : 58 <-- 35.182400 s
currentSize : 59 <-- 35.316002 s
currentSize : 60 <-- 35.316704 s
currentSize : 61 <-- 35.496384 s
currentSize : 63 <-- 43.831787 s
currentSize : 64 <-- 43.832150 s
currentSize : 66 <-- 60.744095 s
currentSize : 67 <-- 60.744415 s
currentSize : 68 <-- 83.829735 s
currentSize : 69 <-- 84.770622 s
currentSize : 70 <-- 84.770943 s

maxsize : 70
nodes : 15901070.000000
filtered : 88115846.000000
time : 93.090393
