Parameters: GAD=1 vflib=1 dir=1 label=1 lowerbound=1 fileNameGp=../../cp2016-max-common-connected-subgraph-paper/datasets/graphsdb/mcs70/rand/r005/mcs70_r005_s70.A05 fileNameGt=../../cp2016-max-common-connected-subgraph-paper/datasets/graphsdb/mcs70/rand/r005/mcs70_r005_s70.B05
Reading graphs...
70 : 240
70 : 240
Initializing...
maxdom : 7
D->valSize : 340
Solving...
Blb : 2 (clique : 36)
currentSize : 36 <-- 0.004329 s
currentSize : 37 <-- 0.077235 s
currentSize : 40 <-- 0.079272 s
currentSize : 41 <-- 0.504757 s
currentSize : 44 <-- 0.505340 s
currentSize : 49 <-- 0.511330 s

maxsize : 49
nodes : 115510.000000
filtered : 1139602.000000
time : 0.627489
