Parameters: GAD=1 vflib=1 dir=1 label=1 lowerbound=1 fileNameGp=../../cp2016-max-common-connected-subgraph-paper/datasets/graphsdb/mcs70/rand/r005/mcs70_r005_s80.A05 fileNameGt=../../cp2016-max-common-connected-subgraph-paper/datasets/graphsdb/mcs70/rand/r005/mcs70_r005_s80.B05
Reading graphs...
80 : 315
80 : 315
Initializing...
maxdom : 9
D->valSize : 453
Solving...
Blb : 3 (clique : 35)
currentSize : 35 <-- 0.004297 s
currentSize : 38 <-- 0.460776 s
currentSize : 41 <-- 0.460901 s
currentSize : 42 <-- 0.879642 s
currentSize : 45 <-- 0.917315 s
currentSize : 48 <-- 0.917431 s
currentSize : 52 <-- 1.561928 s
currentSize : 56 <-- 1.562054 s

maxsize : 56
nodes : 306096.000000
filtered : 2840423.000000
time : 1.699113
