Parameters: GAD=1 vflib=1 dir=1 label=1 lowerbound=1 fileNameGp=../../cp2016-max-common-connected-subgraph-paper/datasets/graphsdb/mcs70/bvg/b03/mcs70_b03_s80.A02 fileNameGt=../../cp2016-max-common-connected-subgraph-paper/datasets/graphsdb/mcs70/bvg/b03/mcs70_b03_s80.B02
Reading graphs...
80 : 120
80 : 120
Initializing...
maxdom : 8
D->valSize : 438
Solving...
Blb : 2 (clique : 43)
currentSize : 43 <-- 0.004560 s
currentSize : 44 <-- 0.005019 s
currentSize : 45 <-- 0.005460 s
currentSize : 46 <-- 0.005546 s
currentSize : 47 <-- 0.007521 s
currentSize : 48 <-- 0.007670 s
currentSize : 49 <-- 0.030383 s
currentSize : 50 <-- 0.030450 s
currentSize : 51 <-- 0.033254 s
currentSize : 52 <-- 0.212162 s
currentSize : 53 <-- 0.212337 s
currentSize : 54 <-- 0.215033 s
currentSize : 55 <-- 0.215114 s
currentSize : 56 <-- 0.686967 s

maxsize : 56
nodes : 60427077.000000
filtered : 273106252.000000
time : 302.259094
