Parameters: GAD=1 vflib=1 dir=1 label=1 lowerbound=1 fileNameGp=../../cp2016-max-common-connected-subgraph-paper/datasets/graphsdb/mcs70/rand/r005/mcs70_r005_s70.A02 fileNameGt=../../cp2016-max-common-connected-subgraph-paper/datasets/graphsdb/mcs70/rand/r005/mcs70_r005_s70.B02
Reading graphs...
70 : 240
70 : 240
Initializing...
maxdom : 7
D->valSize : 361
Solving...
Blb : 2 (clique : 20)
currentSize : 20 <-- 0.004786 s
currentSize : 21 <-- 0.005781 s
currentSize : 22 <-- 0.077540 s
currentSize : 23 <-- 0.177429 s
currentSize : 24 <-- 0.177492 s
currentSize : 25 <-- 0.178718 s
currentSize : 26 <-- 0.253279 s
currentSize : 27 <-- 0.254001 s
currentSize : 29 <-- 0.254066 s
currentSize : 30 <-- 0.353299 s
currentSize : 31 <-- 0.456376 s
currentSize : 36 <-- 0.513846 s
currentSize : 38 <-- 0.526603 s
currentSize : 39 <-- 0.526633 s
currentSize : 46 <-- 0.549873 s
currentSize : 49 <-- 0.567736 s

maxsize : 49
nodes : 131262.000000
filtered : 924754.000000
time : 0.606336
