Parameters: GAD=1 vflib=1 dir=1 label=1 lowerbound=1 fileNameGp=../../cp2016-max-common-connected-subgraph-paper/datasets/graphsdb/mcs70/bvg/b03/mcs70_b03_s80.A09 fileNameGt=../../cp2016-max-common-connected-subgraph-paper/datasets/graphsdb/mcs70/bvg/b03/mcs70_b03_s80.B09
Reading graphs...
80 : 120
80 : 120
Initializing...
maxdom : 9
D->valSize : 429
Solving...
Blb : 2 (clique : 47)
currentSize : 47 <-- 0.007392 s
currentSize : 48 <-- 0.015552 s
currentSize : 49 <-- 0.019573 s
currentSize : 51 <-- 0.059031 s
currentSize : 53 <-- 0.073610 s
currentSize : 54 <-- 6.487522 s
currentSize : 55 <-- 6.490556 s
currentSize : 56 <-- 6.490624 s

maxsize : 56
nodes : 4706328.000000
filtered : 27272699.000000
time : 25.795240
