Parameters: GAD=1 vflib=1 dir=1 label=1 lowerbound=1 fileNameGp=../../cp2016-max-common-connected-subgraph-paper/datasets/graphsdb/mcs70/m2D/m2Dr6/mcs70_m2Dr6_s60.A00 fileNameGt=../../cp2016-max-common-connected-subgraph-paper/datasets/graphsdb/mcs70/m2D/m2Dr6/mcs70_m2Dr6_s60.B00
Reading graphs...
60 : 140
60 : 140
Initializing...
maxdom : 9
D->valSize : 288
Solving...
Blb : 2 (clique : 23)
currentSize : 23 <-- 0.002157 s
currentSize : 24 <-- 0.002688 s
currentSize : 25 <-- 0.005233 s
currentSize : 28 <-- 0.009699 s
currentSize : 30 <-- 0.009770 s
currentSize : 34 <-- 0.016958 s
currentSize : 37 <-- 0.120619 s

maxsize : 37
nodes : 365370.000000
filtered : 1573433.000000
time : 1.418600
