Parameters: GAD=1 vflib=1 dir=1 label=1 lowerbound=1 fileNameGp=../../cp2016-max-common-connected-subgraph-paper/datasets/graphsdb/mcs70/rand/r005/mcs70_r005_s90.A00 fileNameGt=../../cp2016-max-common-connected-subgraph-paper/datasets/graphsdb/mcs70/rand/r005/mcs70_r005_s90.B00
Reading graphs...
90 : 399
90 : 399
Initializing...
maxdom : 11
D->valSize : 560
Solving...
Blb : 2 (clique : 34)
currentSize : 34 <-- 0.006482 s
currentSize : 37 <-- 0.006762 s
currentSize : 39 <-- 0.006920 s
currentSize : 40 <-- 1.643395 s
currentSize : 41 <-- 3.286305 s
currentSize : 46 <-- 6.746951 s
currentSize : 47 <-- 8.689439 s
currentSize : 49 <-- 8.689570 s
currentSize : 51 <-- 8.690114 s
currentSize : 54 <-- 9.939860 s
currentSize : 56 <-- 10.469853 s
currentSize : 63 <-- 10.470081 s

maxsize : 63
nodes : 1811825.000000
filtered : 22955892.000000
time : 11.529849
