Parameters: GAD=1 vflib=1 dir=1 label=1 lowerbound=1 fileNameGp=../../cp2016-max-common-connected-subgraph-paper/datasets/graphsdb/mcs70/m3D/m3Dr6/mcs70_m3Dr6_s100.A02 fileNameGt=../../cp2016-max-common-connected-subgraph-paper/datasets/graphsdb/mcs70/m3D/m3Dr6/mcs70_m3Dr6_s100.B02
Reading graphs...
100 : 295
100 : 295
Initializing...
maxdom : 6
D->valSize : 355
Solving...
Blb : 3 (clique : 51)
currentSize : 51 <-- 0.003869 s
currentSize : 52 <-- 0.014068 s
currentSize : 53 <-- 0.298373 s
currentSize : 54 <-- 3.816649 s
currentSize : 56 <-- 51.706318 s
currentSize : 57 <-- 51.841438 s
currentSize : 58 <-- 51.995712 s
currentSize : 59 <-- 51.995827 s
currentSize : 60 <-- 209.213623 s
currentSize : 63 <-- 209.224655 s
currentSize : 64 <-- 210.210419 s

maxsize : 64
nodes : 117256520.000000
filtered : 407996427.000000
time : 584.432922
