Parameters: GAD=1 vflib=1 dir=1 label=1 lowerbound=1 fileNameGp=../../cp2016-max-common-connected-subgraph-paper/datasets/graphsdb/mcs70/m3D/m3D/mcs70_m3D_s100.A05 fileNameGt=../../cp2016-max-common-connected-subgraph-paper/datasets/graphsdb/mcs70/m3D/m3D/mcs70_m3D_s100.B05
Reading graphs...
100 : 235
100 : 235
Initializing...
maxdom : 8
D->valSize : 371
Solving...
Blb : 2 (clique : 47)
currentSize : 47 <-- 0.006336 s
currentSize : 48 <-- 0.006858 s
currentSize : 50 <-- 0.008291 s
currentSize : 51 <-- 0.008439 s
currentSize : 52 <-- 0.009925 s
currentSize : 55 <-- 0.016456 s
currentSize : 56 <-- 0.016623 s
currentSize : 57 <-- 0.018719 s
currentSize : 58 <-- 0.018885 s
currentSize : 60 <-- 0.573429 s
currentSize : 61 <-- 0.573534 s
currentSize : 62 <-- 4.416141 s
currentSize : 63 <-- 4.416272 s
currentSize : 64 <-- 92.453712 s

maxsize : 64
nodes : 70734632.000000
filtered : 282251492.000000
time : 355.502289
