Parameters: GAD=1 vflib=1 dir=1 label=1 lowerbound=1 fileNameGp=../../cp2016-max-common-connected-subgraph-paper/datasets/graphsdb/mcs70/m3D/m3D/mcs70_m3D_s90.A02 fileNameGt=../../cp2016-max-common-connected-subgraph-paper/datasets/graphsdb/mcs70/m3D/m3D/mcs70_m3D_s90.B02
Reading graphs...
90 : 209
90 : 209
Initializing...
maxdom : 11
D->valSize : 549
Solving...
Blb : 2 (clique : 54)
currentSize : 54 <-- 0.010779 s
currentSize : 55 <-- 0.011482 s
currentSize : 57 <-- 0.917282 s
currentSize : 58 <-- 0.917421 s
currentSize : 59 <-- 0.917530 s
currentSize : 60 <-- 77.121147 s
currentSize : 61 <-- 232.875595 s
currentSize : 62 <-- 232.875732 s
currentSize : 63 <-- 233.914032 s
currentSize : 64 <-- 285.521973 s

maxsize : 64
nodes : 88360289.000000
filtered : 439306615.000000
time : 431.604645
