Parameters: GAD=1 vflib=1 dir=1 label=1 lowerbound=1 fileNameGp=../../cp2016-max-common-connected-subgraph-paper/datasets/graphsdb/mcs70/bvg/b06m/mcs70_b06m_s80.A05 fileNameGt=../../cp2016-max-common-connected-subgraph-paper/datasets/graphsdb/mcs70/bvg/b06m/mcs70_b06m_s80.B05
Reading graphs...
80 : 240
80 : 240
Initializing...
maxdom : 8
D->valSize : 444
Solving...
Blb : 3 (clique : 33)
currentSize : 33 <-- 0.004276 s
currentSize : 34 <-- 0.078459 s
currentSize : 35 <-- 0.078556 s
currentSize : 38 <-- 0.078656 s
currentSize : 39 <-- 0.127987 s
currentSize : 40 <-- 0.128227 s
currentSize : 43 <-- 2.284950 s
currentSize : 44 <-- 2.285007 s
currentSize : 45 <-- 2.296823 s
currentSize : 46 <-- 2.297059 s
currentSize : 48 <-- 12.081355 s
currentSize : 51 <-- 21.654890 s
currentSize : 53 <-- 72.009605 s
currentSize : 54 <-- 72.011871 s
currentSize : 56 <-- 72.016487 s

maxsize : 56
nodes : 19972344.000000
filtered : 107296261.000000
time : 93.343422
