Parameters: GAD=1 vflib=1 dir=1 label=1 lowerbound=1 fileNameGp=../../cp2016-max-common-connected-subgraph-paper/datasets/graphsdb/mcs70/m3D/m3Dr4/mcs70_m3Dr4_s100.A02 fileNameGt=../../cp2016-max-common-connected-subgraph-paper/datasets/graphsdb/mcs70/m3D/m3Dr4/mcs70_m3Dr4_s100.B02
Reading graphs...
100 : 275
100 : 275
Initializing...
maxdom : 8
D->valSize : 374
Solving...
Blb : 3 (clique : 48)
currentSize : 48 <-- 0.006467 s
currentSize : 49 <-- 0.007408 s
currentSize : 51 <-- 0.024629 s
currentSize : 53 <-- 0.026551 s
currentSize : 54 <-- 0.026752 s
currentSize : 55 <-- 86.655647 s
currentSize : 56 <-- 86.655792 s
currentSize : 57 <-- 260.037933 s
currentSize : 58 <-- 260.038086 s
currentSize : 60 <-- 260.038452 s
currentSize : 61 <-- 260.038666 s
currentSize : 63 <-- 286.633423 s
currentSize : 64 <-- 286.633636 s

maxsize : 64
nodes : 71169963.000000
filtered : 311811315.000000
time : 376.778870
