Parameters: GAD=1 vflib=1 dir=1 label=1 lowerbound=1 fileNameGp=../../cp2016-max-common-connected-subgraph-paper/datasets/graphsdb/mcs70/m3D/m3Dr2/mcs70_m3Dr2_s100.A01 fileNameGt=../../cp2016-max-common-connected-subgraph-paper/datasets/graphsdb/mcs70/m3D/m3Dr2/mcs70_m3Dr2_s100.B01
Reading graphs...
100 : 255
100 : 253
Initializing...
maxdom : 7
D->valSize : 351
Solving...
Blb : 2 (clique : 45)
currentSize : 45 <-- 0.003570 s
currentSize : 46 <-- 0.047458 s
currentSize : 50 <-- 0.809047 s
currentSize : 56 <-- 10.006666 s
currentSize : 58 <-- 90.125458 s
currentSize : 63 <-- 94.022797 s
currentSize : 64 <-- 94.022980 s

maxsize : 64
nodes : 43649221.000000
filtered : 186553290.000000
time : 229.977600
