Parameters: GAD=1 vflib=1 dir=1 label=1 lowerbound=1 fileNameGp=../../cp2016-max-common-connected-subgraph-paper/datasets/graphsdb/mcs70/m2D/m2Dr2/mcs70_m2Dr2_s50.A01 fileNameGt=../../cp2016-max-common-connected-subgraph-paper/datasets/graphsdb/mcs70/m2D/m2Dr2/mcs70_m2Dr2_s50.B01
Reading graphs...
50 : 95
50 : 95
Initializing...
maxdom : 13
D->valSize : 388
Solving...
Blb : 2 (clique : 21)
currentSize : 21 <-- 0.005064 s
currentSize : 22 <-- 0.005284 s
currentSize : 24 <-- 0.178019 s
currentSize : 25 <-- 0.662231 s
currentSize : 26 <-- 0.842950 s
currentSize : 27 <-- 1.383964 s
currentSize : 28 <-- 1.485382 s
currentSize : 29 <-- 1.485441 s
currentSize : 30 <-- 2.139396 s
currentSize : 31 <-- 2.454564 s
currentSize : 32 <-- 2.454615 s
currentSize : 33 <-- 2.963575 s
currentSize : 35 <-- 3.034112 s
currentSize : 36 <-- 3.034280 s

maxsize : 36
nodes : 867847.000000
filtered : 8434814.000000
time : 3.388744
