Parameters: GAD=1 vflib=1 dir=1 label=1 lowerbound=1 fileNameGp=../../cp2016-max-common-connected-subgraph-paper/datasets/graphsdb/mcs70/bvg/b06m/mcs70_b06m_s60.A03 fileNameGt=../../cp2016-max-common-connected-subgraph-paper/datasets/graphsdb/mcs70/bvg/b06m/mcs70_b06m_s60.B03
Reading graphs...
60 : 180
60 : 180
Initializing...
maxdom : 6
D->valSize : 253
Solving...
Blb : 2 (clique : 27)
currentSize : 27 <-- 0.001905 s
currentSize : 30 <-- 0.002054 s
currentSize : 31 <-- 0.002227 s
currentSize : 32 <-- 0.002300 s
currentSize : 33 <-- 0.011794 s
currentSize : 34 <-- 0.011897 s
currentSize : 36 <-- 0.012075 s
currentSize : 39 <-- 0.012166 s
currentSize : 40 <-- 0.012299 s
currentSize : 41 <-- 0.028655 s
currentSize : 42 <-- 0.028816 s

maxsize : 42
nodes : 21879.000000
filtered : 96213.000000
time : 0.084829
