Parameters: GAD=1 vflib=1 dir=1 label=1 lowerbound=1 fileNameGp=../../cp2016-max-common-connected-subgraph-paper/datasets/graphsdb/mcs70/m3D/m3Dr2/mcs70_m3Dr2_s100.A02 fileNameGt=../../cp2016-max-common-connected-subgraph-paper/datasets/graphsdb/mcs70/m3D/m3Dr2/mcs70_m3Dr2_s100.B02
Reading graphs...
100 : 255
100 : 255
Initializing...
maxdom : 10
D->valSize : 439
Solving...
Blb : 2 (clique : 47)
currentSize : 47 <-- 0.005088 s
currentSize : 48 <-- 0.005395 s
currentSize : 50 <-- 0.005505 s
currentSize : 51 <-- 0.035977 s
currentSize : 52 <-- 0.036026 s
currentSize : 54 <-- 0.036141 s
currentSize : 55 <-- 0.834067 s
currentSize : 56 <-- 0.834260 s
currentSize : 60 <-- 0.838427 s
currentSize : 61 <-- 0.838626 s
currentSize : 63 <-- 80.091125 s
currentSize : 64 <-- 80.091377 s

maxsize : 64
nodes : 40830839.000000
filtered : 213737223.000000
time : 215.513763
