Parameters: GAD=1 vflib=1 dir=1 label=1 lowerbound=1 fileNameGp=../../cp2016-max-common-connected-subgraph-paper/datasets/graphsdb/mcs70/m2D/m2Dr4/mcs70_m2Dr4_s80.A07 fileNameGt=../../cp2016-max-common-connected-subgraph-paper/datasets/graphsdb/mcs70/m2D/m2Dr4/mcs70_m2Dr4_s80.B07
Reading graphs...
80 : 174
80 : 173
Initializing...
maxdom : 9
D->valSize : 440
Solving...
Blb : 2 (clique : 35)
currentSize : 35 <-- 0.007171 s
currentSize : 36 <-- 0.884865 s
currentSize : 37 <-- 4.136643 s
currentSize : 38 <-- 28.759809 s
currentSize : 39 <-- 77.937561 s
currentSize : 40 <-- 77.937904 s
currentSize : 41 <-- 79.174507 s
currentSize : 42 <-- 90.942154 s
currentSize : 43 <-- 90.942245 s
currentSize : 44 <-- 133.060318 s
currentSize : 45 <-- 155.292160 s
currentSize : 46 <-- 183.673187 s
currentSize : 48 <-- 184.352997 s
currentSize : 49 <-- 234.147293 s
currentSize : 50 <-- 256.294098 s

maxsize : 50
nodes : 54105961.000000
filtered : 345498490.000000
time : 279.860138
