Parameters: GAD=1 vflib=1 dir=1 label=1 lowerbound=1 fileNameGp=../../cp2016-max-common-connected-subgraph-paper/datasets/graphsdb/mcs70/bvg/b03m/mcs70_b03m_s80.A03 fileNameGt=../../cp2016-max-common-connected-subgraph-paper/datasets/graphsdb/mcs70/bvg/b03m/mcs70_b03m_s80.B03
Reading graphs...
80 : 120
80 : 120
Initializing...
maxdom : 8
D->valSize : 406
Solving...
Blb : 2 (clique : 47)
currentSize : 47 <-- 0.004231 s
currentSize : 48 <-- 1.476212 s
currentSize : 49 <-- 198.896973 s
currentSize : 50 <-- 199.465958 s
currentSize : 51 <-- 199.512512 s
currentSize : 52 <-- 199.518097 s
currentSize : 54 <-- 289.283112 s
currentSize : 56 <-- 289.501801 s
currentSize : 57 <-- 289.531158 s

maxsize : 57
nodes : 55316734.000000
filtered : 357528398.000000
time : 309.514099
