Parameters: GAD=1 vflib=1 dir=1 label=1 lowerbound=1 fileNameGp=../../cp2016-max-common-connected-subgraph-paper/datasets/graphsdb/mcs70/bvg/b06/mcs70_b06_s70.A09 fileNameGt=../../cp2016-max-common-connected-subgraph-paper/datasets/graphsdb/mcs70/bvg/b06/mcs70_b06_s70.B09
Reading graphs...
70 : 210
70 : 210
Initializing...
maxdom : 9
D->valSize : 381
Solving...
Blb : 2 (clique : 31)
currentSize : 31 <-- 0.003283 s
currentSize : 32 <-- 0.003543 s
currentSize : 33 <-- 0.003615 s
currentSize : 34 <-- 0.005373 s
currentSize : 35 <-- 0.005880 s
currentSize : 36 <-- 0.025702 s
currentSize : 37 <-- 0.028021 s
currentSize : 38 <-- 0.028195 s
currentSize : 40 <-- 0.419930 s
currentSize : 41 <-- 0.426986 s
currentSize : 43 <-- 0.431165 s
currentSize : 44 <-- 0.431247 s
currentSize : 45 <-- 0.431541 s
currentSize : 46 <-- 1.304177 s
currentSize : 49 <-- 1.304289 s

maxsize : 49
nodes : 565896.000000
filtered : 3747333.000000
time : 2.576552
