Parameters: GAD=1 vflib=1 dir=1 label=1 lowerbound=1 fileNameGp=../../cp2016-max-common-connected-subgraph-paper/datasets/graphsdb/mcs70/bvg/b06/mcs70_b06_s100.A06 fileNameGt=../../cp2016-max-common-connected-subgraph-paper/datasets/graphsdb/mcs70/bvg/b06/mcs70_b06_s100.B06
Reading graphs...
100 : 300
100 : 300
Initializing...
maxdom : 8
D->valSize : 401
Solving...
Blb : 3 (clique : 40)
currentSize : 40 <-- 0.004125 s
currentSize : 41 <-- 0.018735 s
currentSize : 44 <-- 0.039302 s
currentSize : 47 <-- 11.897955 s
currentSize : 48 <-- 12.038569 s
currentSize : 49 <-- 70.860481 s
currentSize : 51 <-- 91.624374 s
currentSize : 54 <-- 91.632507 s
currentSize : 55 <-- 91.702515 s
currentSize : 56 <-- 147.450989 s
currentSize : 57 <-- 147.451523 s
currentSize : 58 <-- 147.566833 s
currentSize : 60 <-- 147.587570 s
currentSize : 63 <-- 147.587830 s
currentSize : 70 <-- 192.409622 s

maxsize : 70
nodes : 38066946.000000
filtered : 163623084.000000
time : 197.363083
