Parameters: GAD=1 vflib=1 dir=1 label=1 lowerbound=1 fileNameGp=../../cp2016-max-common-connected-subgraph-paper/datasets/graphsdb/mcs70/bvg/b03/mcs70_b03_s100.A06 fileNameGt=../../cp2016-max-common-connected-subgraph-paper/datasets/graphsdb/mcs70/bvg/b03/mcs70_b03_s100.B06
Reading graphs...
100 : 150
100 : 150
Initializing...
maxdom : 8
D->valSize : 374
Solving...
Blb : 2 (clique : 59)
currentSize : 59 <-- 0.004306 s
currentSize : 60 <-- 0.004763 s
currentSize : 63 <-- 0.005240 s
currentSize : 64 <-- 0.005346 s
currentSize : 66 <-- 0.025205 s
currentSize : 67 <-- 0.025328 s
currentSize : 68 <-- 1.544622 s
currentSize : 71 <-- 4.511641 s

maxsize : 71
nodes : 13570659.000000
filtered : 55451816.000000
time : 73.501358
