Parameters: GAD=1 vflib=1 dir=1 label=1 lowerbound=1 fileNameGp=../../cp2016-max-common-connected-subgraph-paper/datasets/graphsdb/mcs70/m3D/m3Dr6/mcs70_m3Dr6_s100.A08 fileNameGt=../../cp2016-max-common-connected-subgraph-paper/datasets/graphsdb/mcs70/m3D/m3Dr6/mcs70_m3Dr6_s100.B08
Reading graphs...
100 : 295
100 : 294
Initializing...
maxdom : 8
D->valSize : 372
Solving...
Blb : 2 (clique : 41)
currentSize : 41 <-- 0.006175 s
currentSize : 42 <-- 0.006624 s
currentSize : 43 <-- 0.007600 s
currentSize : 44 <-- 0.009955 s
currentSize : 45 <-- 0.011080 s
currentSize : 48 <-- 0.020270 s
currentSize : 51 <-- 0.024889 s
currentSize : 52 <-- 0.107211 s
currentSize : 53 <-- 34.646355 s
currentSize : 54 <-- 34.647015 s
currentSize : 57 <-- 70.713150 s
currentSize : 59 <-- 70.713531 s
currentSize : 61 <-- 70.723358 s
currentSize : 63 <-- 70.748924 s
currentSize : 65 <-- 70.749199 s

maxsize : 65
nodes : 42973839.000000
filtered : 179736273.000000
time : 223.249008
