Parameters: GAD=1 vflib=1 dir=1 label=1 lowerbound=1 fileNameGp=../../cp2016-max-common-connected-subgraph-paper/datasets/graphsdb/mcs70/m2D/m2Dr6/mcs70_m2Dr6_s60.A07 fileNameGt=../../cp2016-max-common-connected-subgraph-paper/datasets/graphsdb/mcs70/m2D/m2Dr6/mcs70_m2Dr6_s60.B07
Reading graphs...
60 : 139
60 : 137
Initializing...
maxdom : 8
D->valSize : 246
Solving...
Blb : 3 (clique : 21)
currentSize : 21 <-- 0.001703 s
currentSize : 22 <-- 0.028641 s
currentSize : 23 <-- 1.186051 s
currentSize : 25 <-- 1.186293 s
currentSize : 26 <-- 2.310974 s
currentSize : 27 <-- 2.315708 s
currentSize : 28 <-- 2.457835 s
currentSize : 29 <-- 3.331905 s
currentSize : 33 <-- 4.176061 s
currentSize : 36 <-- 4.586451 s

maxsize : 36
nodes : 1295685.000000
filtered : 8325402.000000
time : 5.197526
