Parameters: GAD=1 vflib=1 dir=1 label=1 lowerbound=1 fileNameGp=../../cp2016-max-common-connected-subgraph-paper/datasets/graphsdb/mcs70/m2D/m2D/mcs70_m2D_s70.A09 fileNameGt=../../cp2016-max-common-connected-subgraph-paper/datasets/graphsdb/mcs70/m2D/m2D/mcs70_m2D_s70.B09
Reading graphs...
70 : 123
70 : 123
Initializing...
maxdom : 7
D->valSize : 331
Solving...
Blb : 2 (clique : 37)
currentSize : 37 <-- 0.003818 s
currentSize : 39 <-- 0.004080 s
currentSize : 40 <-- 0.004146 s
currentSize : 41 <-- 0.004275 s
currentSize : 42 <-- 0.004460 s
currentSize : 43 <-- 0.004746 s
currentSize : 44 <-- 0.008897 s
currentSize : 49 <-- 0.335165 s

maxsize : 49
nodes : 487725.000000
filtered : 2351011.000000
time : 2.225066
