Parameters: GAD=1 vflib=1 dir=1 label=1 lowerbound=1 fileNameGp=../../cp2016-max-common-connected-subgraph-paper/datasets/graphsdb/mcs70/m2D/m2Dr6/mcs70_m2Dr6_s60.A05 fileNameGt=../../cp2016-max-common-connected-subgraph-paper/datasets/graphsdb/mcs70/m2D/m2Dr6/mcs70_m2Dr6_s60.B05
Reading graphs...
60 : 140
60 : 140
Initializing...
maxdom : 6
D->valSize : 241
Solving...
Blb : 3 (clique : 28)
currentSize : 28 <-- 0.001758 s
currentSize : 29 <-- 3.604786 s
currentSize : 30 <-- 3.605330 s
currentSize : 31 <-- 3.606666 s
currentSize : 32 <-- 3.607129 s
currentSize : 33 <-- 3.607192 s
currentSize : 34 <-- 8.139581 s
currentSize : 35 <-- 9.434214 s
currentSize : 36 <-- 9.451657 s

maxsize : 36
nodes : 3239537.000000
filtered : 13749636.000000
time : 12.304917
