Parameters: GAD=1 vflib=1 dir=1 label=1 lowerbound=1 fileNameGp=../../cp2016-max-common-connected-subgraph-paper/datasets/graphsdb/mcs70/m2D/m2Dr2/mcs70_m2Dr2_s80.A04 fileNameGt=../../cp2016-max-common-connected-subgraph-paper/datasets/graphsdb/mcs70/m2D/m2Dr2/mcs70_m2Dr2_s80.B04
Reading graphs...
80 : 158
80 : 158
Initializing...
maxdom : 8
D->valSize : 428
Solving...
Blb : 2 (clique : 34)
currentSize : 34 <-- 0.004407 s
currentSize : 35 <-- 0.004644 s
currentSize : 36 <-- 0.021303 s
currentSize : 37 <-- 0.021369 s
currentSize : 38 <-- 0.034390 s
currentSize : 39 <-- 226.610031 s
currentSize : 40 <-- 394.363281 s
currentSize : 41 <-- 558.265198 s
currentSize : 42 <-- 696.226929 s

TIMEOUT
maxsize : 42
nodes : 188766357.000000
filtered : 1347346158.000000
time : 1000.000061
