Parameters: GAD=1 vflib=1 dir=1 label=1 lowerbound=1 fileNameGp=../../cp2016-max-common-connected-subgraph-paper/datasets/graphsdb/mcs70/m2D/m2D/mcs70_m2D_s100.A03 fileNameGt=../../cp2016-max-common-connected-subgraph-paper/datasets/graphsdb/mcs70/m2D/m2D/mcs70_m2D_s100.B03
Reading graphs...
100 : 180
100 : 180
Initializing...
maxdom : 8
D->valSize : 371
Solving...
Blb : 2 (clique : 48)
currentSize : 48 <-- 0.006533 s
currentSize : 49 <-- 0.007118 s
currentSize : 50 <-- 0.007821 s
currentSize : 51 <-- 0.011995 s
currentSize : 52 <-- 0.016411 s
currentSize : 53 <-- 0.017261 s
currentSize : 54 <-- 0.024054 s
currentSize : 55 <-- 0.049728 s
currentSize : 56 <-- 3.548622 s
currentSize : 57 <-- 3.590939 s
currentSize : 58 <-- 31.099810 s
currentSize : 59 <-- 33.171104 s
currentSize : 60 <-- 33.203587 s

TIMEOUT
maxsize : 60
nodes : 212283067.000000
filtered : 773498608.000000
time : 1000.000061
