Parameters: GAD=1 vflib=1 dir=1 label=1 lowerbound=1 fileNameGp=../../cp2016-max-common-connected-subgraph-paper/datasets/graphsdb/mcs70/m2D/m2D/mcs70_m2D_s80.A09 fileNameGt=../../cp2016-max-common-connected-subgraph-paper/datasets/graphsdb/mcs70/m2D/m2D/mcs70_m2D_s80.B09
Reading graphs...
80 : 142
80 : 142
Initializing...
maxdom : 9
D->valSize : 438
Solving...
Blb : 2 (clique : 40)
currentSize : 40 <-- 0.006993 s
currentSize : 44 <-- 0.008351 s
currentSize : 45 <-- 0.011267 s
currentSize : 46 <-- 0.011362 s
currentSize : 47 <-- 101.963539 s
currentSize : 48 <-- 101.964798 s
currentSize : 49 <-- 101.964867 s
currentSize : 50 <-- 135.920258 s

maxsize : 50
nodes : 59335836.000000
filtered : 481042406.000000
time : 333.041962
