Parameters: GAD=1 vflib=1 dir=1 label=1 lowerbound=1 fileNameGp=../../cp2016-max-common-connected-subgraph-paper/datasets/graphsdb/mcs70/m2D/m2Dr2/mcs70_m2Dr2_s100.A04 fileNameGt=../../cp2016-max-common-connected-subgraph-paper/datasets/graphsdb/mcs70/m2D/m2Dr2/mcs70_m2Dr2_s100.B04
Reading graphs...
100 : 200
100 : 199
Initializing...
maxdom : 7
D->valSize : 386
Solving...
Blb : 2 (clique : 44)
currentSize : 44 <-- 0.004051 s
currentSize : 46 <-- 0.006077 s
currentSize : 47 <-- 0.006121 s
currentSize : 48 <-- 0.689174 s
currentSize : 49 <-- 0.689466 s
currentSize : 51 <-- 1.387400 s
currentSize : 53 <-- 1.602564 s
currentSize : 54 <-- 1.602745 s
currentSize : 55 <-- 30.297949 s
currentSize : 57 <-- 31.412355 s
currentSize : 58 <-- 31.412542 s
currentSize : 59 <-- 48.217468 s
currentSize : 60 <-- 48.217640 s
currentSize : 62 <-- 76.006432 s
currentSize : 63 <-- 76.006615 s
currentSize : 64 <-- 106.927223 s
currentSize : 65 <-- 106.927406 s

maxsize : 65
nodes : 26089240.000000
filtered : 100164040.000000
time : 134.833862
