Parameters: GAD=1 vflib=1 dir=1 label=1 lowerbound=1 fileNameGp=../../cp2016-max-common-connected-subgraph-paper/datasets/graphsdb/mcs70/m2D/m2Dr6/mcs70_m2Dr6_s90.A00 fileNameGt=../../cp2016-max-common-connected-subgraph-paper/datasets/graphsdb/mcs70/m2D/m2Dr6/mcs70_m2Dr6_s90.B00
Reading graphs...
90 : 215
90 : 213
Initializing...
maxdom : 10
D->valSize : 606
Solving...
Blb : 2 (clique : 54)
currentSize : 54 <-- 0.012107 s
currentSize : 55 <-- 0.013187 s
currentSize : 57 <-- 2.854857 s
currentSize : 58 <-- 2.854965 s
currentSize : 59 <-- 860.147583 s
currentSize : 61 <-- 860.150085 s
currentSize : 62 <-- 860.150146 s
currentSize : 63 <-- 860.154114 s
currentSize : 64 <-- 860.154175 s

TIMEOUT
maxsize : 64
nodes : 181373165.000000
filtered : 1284372734.000000
time : 1000.000061
