Parameters: GAD=1 vflib=1 dir=1 label=1 lowerbound=1 fileNameGp=../../cp2016-max-common-connected-subgraph-paper/datasets/graphsdb/mcs70/m2D/m2Dr4/mcs70_m2Dr4_s60.A00 fileNameGt=../../cp2016-max-common-connected-subgraph-paper/datasets/graphsdb/mcs70/m2D/m2Dr4/mcs70_m2Dr4_s60.B00
Reading graphs...
60 : 128
60 : 128
Initializing...
maxdom : 8
D->valSize : 273
Solving...
Blb : 3 (clique : 28)
currentSize : 28 <-- 0.003203 s
currentSize : 29 <-- 0.092164 s
currentSize : 30 <-- 2.578857 s
currentSize : 31 <-- 2.578935 s
currentSize : 32 <-- 4.321326 s
currentSize : 33 <-- 8.213944 s
currentSize : 34 <-- 8.312066 s
currentSize : 35 <-- 8.387742 s
currentSize : 36 <-- 8.388993 s

maxsize : 36
nodes : 2881904.000000
filtered : 15829720.000000
time : 11.542557
