Parameters: GAD=1 vflib=1 dir=1 label=1 lowerbound=1 fileNameGp=../../cp2016-max-common-connected-subgraph-paper/datasets/graphsdb/mcs70/bvg/b06m/mcs70_b06m_s50.A02 fileNameGt=../../cp2016-max-common-connected-subgraph-paper/datasets/graphsdb/mcs70/bvg/b06m/mcs70_b06m_s50.B02
Reading graphs...
50 : 150
50 : 150
Initializing...
maxdom : 8
D->valSize : 329
Solving...
Blb : 3 (clique : 26)
currentSize : 26 <-- 0.002303 s
currentSize : 27 <-- 0.190118 s
currentSize : 28 <-- 0.190418 s
currentSize : 29 <-- 0.361583 s
currentSize : 30 <-- 0.361944 s
currentSize : 31 <-- 0.362088 s
currentSize : 32 <-- 0.484591 s
currentSize : 33 <-- 0.484685 s
currentSize : 34 <-- 0.484919 s
currentSize : 35 <-- 0.485025 s

maxsize : 35
nodes : 132826.000000
filtered : 1220645.000000
time : 0.569427
