Parameters: GAD=1 vflib=1 dir=1 label=1 lowerbound=1 fileNameGp=../../cp2016-max-common-connected-subgraph-paper/datasets/graphsdb/mcs70/bvg/b06m/mcs70_b06m_s90.A02 fileNameGt=../../cp2016-max-common-connected-subgraph-paper/datasets/graphsdb/mcs70/bvg/b06m/mcs70_b06m_s90.B02
Reading graphs...
90 : 270
90 : 270
Initializing...
maxdom : 8
D->valSize : 575
Solving...
Blb : 3 (clique : 46)
currentSize : 46 <-- 0.007084 s
currentSize : 47 <-- 0.007475 s
currentSize : 49 <-- 0.008014 s
currentSize : 50 <-- 0.010647 s
currentSize : 51 <-- 0.018569 s
currentSize : 52 <-- 0.025501 s
currentSize : 54 <-- 0.025635 s
currentSize : 56 <-- 0.025751 s
currentSize : 59 <-- 0.026804 s
currentSize : 60 <-- 0.064155 s
currentSize : 63 <-- 0.079096 s

maxsize : 63
nodes : 26330818.000000
filtered : 183767524.000000
time : 149.171036
