Parameters: GAD=1 vflib=1 dir=1 label=1 lowerbound=1 fileNameGp=../../cp2016-max-common-connected-subgraph-paper/datasets/graphsdb/mcs70/bvg/b06m/mcs70_b06m_s50.A01 fileNameGt=../../cp2016-max-common-connected-subgraph-paper/datasets/graphsdb/mcs70/bvg/b06m/mcs70_b06m_s50.B01
Reading graphs...
50 : 150
50 : 150
Initializing...
maxdom : 9
D->valSize : 321
Solving...
Blb : 3 (clique : 20)
currentSize : 20 <-- 0.002323 s
currentSize : 26 <-- 0.046553 s
currentSize : 27 <-- 0.069507 s
currentSize : 29 <-- 0.086172 s
currentSize : 30 <-- 0.086275 s
currentSize : 31 <-- 0.167644 s
currentSize : 32 <-- 0.167939 s
currentSize : 34 <-- 0.168088 s
currentSize : 35 <-- 0.228074 s

maxsize : 35
nodes : 61299.000000
filtered : 593859.000000
time : 0.238718
