Parameters: GAD=1 vflib=1 dir=1 label=1 lowerbound=1 fileNameGp=../../cp2016-max-common-connected-subgraph-paper/datasets/graphsdb/mcs70/m2D/m2Dr4/mcs70_m2Dr4_s70.A04 fileNameGt=../../cp2016-max-common-connected-subgraph-paper/datasets/graphsdb/mcs70/m2D/m2Dr4/mcs70_m2Dr4_s70.B04
Reading graphs...
70 : 151
70 : 151
Initializing...
maxdom : 7
D->valSize : 335
Solving...
Blb : 3 (clique : 30)
currentSize : 30 <-- 0.002893 s
currentSize : 31 <-- 0.003097 s
currentSize : 33 <-- 0.003169 s
currentSize : 36 <-- 0.004820 s
currentSize : 38 <-- 0.010862 s
currentSize : 39 <-- 0.011382 s
currentSize : 40 <-- 0.016257 s
currentSize : 41 <-- 0.057777 s
currentSize : 42 <-- 0.068829 s
currentSize : 43 <-- 0.078002 s
currentSize : 44 <-- 6.484865 s
currentSize : 47 <-- 6.486884 s
currentSize : 49 <-- 6.487047 s

maxsize : 49
nodes : 1744061.000000
filtered : 8538561.000000
time : 7.870889
