Parameters: GAD=1 vflib=1 dir=1 label=1 lowerbound=1 fileNameGp=../../cp2016-max-common-connected-subgraph-paper/datasets/graphsdb/mcs70/m2D/m2Dr6/mcs70_m2Dr6_s100.A09 fileNameGt=../../cp2016-max-common-connected-subgraph-paper/datasets/graphsdb/mcs70/m2D/m2Dr6/mcs70_m2Dr6_s100.B09
Reading graphs...
100 : 240
100 : 237
Initializing...
maxdom : 7
D->valSize : 365
Solving...
Blb : 2 (clique : 49)
currentSize : 49 <-- 0.003918 s
currentSize : 50 <-- 0.004635 s
currentSize : 51 <-- 0.010350 s
currentSize : 52 <-- 2.800960 s
currentSize : 53 <-- 7.303765 s
currentSize : 54 <-- 10.378979 s
currentSize : 55 <-- 23.810911 s
currentSize : 56 <-- 30.306328 s
currentSize : 59 <-- 53.254879 s
currentSize : 60 <-- 53.255108 s
currentSize : 61 <-- 53.457767 s
currentSize : 62 <-- 55.397964 s
currentSize : 63 <-- 521.212463 s
currentSize : 64 <-- 526.909363 s

TIMEOUT
maxsize : 64
nodes : 218066242.000000
filtered : 587206924.000000
time : 1000.000122
