Parameters: GAD=1 vflib=1 dir=1 label=1 lowerbound=1 fileNameGp=../../cp2016-max-common-connected-subgraph-paper/datasets/graphsdb/mcs70/bvg/b09m/mcs70_b09m_s50.A09 fileNameGt=../../cp2016-max-common-connected-subgraph-paper/datasets/graphsdb/mcs70/bvg/b09m/mcs70_b09m_s50.B09
Reading graphs...
50 : 225
50 : 225
Initializing...
maxdom : 9
D->valSize : 335
Solving...
Blb : 2 (clique : 22)
currentSize : 22 <-- 0.002276 s
currentSize : 23 <-- 0.002790 s
currentSize : 24 <-- 0.002819 s
currentSize : 26 <-- 0.002907 s
currentSize : 27 <-- 0.010090 s
currentSize : 29 <-- 0.026027 s
currentSize : 30 <-- 0.033909 s
currentSize : 32 <-- 0.039933 s
currentSize : 34 <-- 0.046541 s

maxsize : 34
nodes : 12845.000000
filtered : 151391.000000
time : 0.055148
