Parameters: GAD=1 vflib=1 dir=1 label=1 lowerbound=1 fileNameGp=../../cp2016-max-common-connected-subgraph-paper/datasets/graphsdb/mcs70/m3D/m3Dr4/mcs70_m3Dr4_s90.A09 fileNameGt=../../cp2016-max-common-connected-subgraph-paper/datasets/graphsdb/mcs70/m3D/m3Dr4/mcs70_m3Dr4_s90.B09
Reading graphs...
90 : 245
90 : 245
Initializing...
maxdom : 11
D->valSize : 569
Solving...
Blb : 2 (clique : 53)
currentSize : 53 <-- 0.006929 s
currentSize : 56 <-- 0.007263 s
currentSize : 58 <-- 0.007551 s
currentSize : 59 <-- 0.020351 s
currentSize : 61 <-- 13.094006 s
currentSize : 63 <-- 13.094425 s
currentSize : 64 <-- 13.137614 s

maxsize : 64
nodes : 11710223.000000
filtered : 83927417.000000
time : 65.771530
