Parameters: GAD=1 vflib=1 dir=1 label=1 lowerbound=1 fileNameGp=../../cp2016-max-common-connected-subgraph-paper/datasets/graphsdb/mcs70/bvg/b06m/mcs70_b06m_s100.A08 fileNameGt=../../cp2016-max-common-connected-subgraph-paper/datasets/graphsdb/mcs70/bvg/b06m/mcs70_b06m_s100.B08
Reading graphs...
100 : 300
100 : 300
Initializing...
maxdom : 6
D->valSize : 385
Solving...
Blb : 3 (clique : 40)
currentSize : 40 <-- 0.006498 s
currentSize : 41 <-- 1.079315 s
currentSize : 42 <-- 2.526975 s
currentSize : 44 <-- 2.533722 s
currentSize : 45 <-- 10.031340 s
currentSize : 47 <-- 11.468259 s
currentSize : 49 <-- 11.505563 s
currentSize : 52 <-- 17.753395 s
currentSize : 53 <-- 19.924124 s
currentSize : 57 <-- 20.602819 s
currentSize : 58 <-- 24.702694 s
currentSize : 63 <-- 32.136799 s
currentSize : 64 <-- 40.720375 s
currentSize : 65 <-- 43.842770 s
currentSize : 70 <-- 44.407188 s

maxsize : 70
nodes : 9812227.000000
filtered : 46751353.000000
time : 53.165859
