Parameters: GAD=1 vflib=1 dir=1 label=1 lowerbound=1 fileNameGp=../../cp2016-max-common-connected-subgraph-paper/datasets/graphsdb/mcs70/rand/r005/mcs70_r005_s90.A02 fileNameGt=../../cp2016-max-common-connected-subgraph-paper/datasets/graphsdb/mcs70/rand/r005/mcs70_r005_s90.B02
Reading graphs...
90 : 399
90 : 399
Initializing...
maxdom : 9
D->valSize : 549
Solving...
Blb : 2 (clique : 21)
currentSize : 21 <-- 0.009969 s
currentSize : 22 <-- 0.012284 s
currentSize : 23 <-- 1.084847 s
currentSize : 24 <-- 1.260625 s
currentSize : 25 <-- 1.274985 s
currentSize : 26 <-- 1.306781 s
currentSize : 28 <-- 1.383385 s
currentSize : 30 <-- 1.389809 s
currentSize : 31 <-- 1.481123 s
currentSize : 33 <-- 1.510171 s
currentSize : 35 <-- 1.808817 s
currentSize : 38 <-- 1.867949 s
currentSize : 41 <-- 2.074909 s
currentSize : 44 <-- 2.076702 s
currentSize : 46 <-- 2.190805 s
currentSize : 48 <-- 2.375700 s
currentSize : 51 <-- 2.762150 s
currentSize : 53 <-- 2.980247 s
currentSize : 58 <-- 2.981366 s
currentSize : 63 <-- 2.981699 s

maxsize : 63
nodes : 582936.000000
filtered : 5033035.000000
time : 3.196616
