Parameters: GAD=1 vflib=1 dir=1 label=1 lowerbound=1 fileNameGp=../../cp2016-max-common-connected-subgraph-paper/datasets/graphsdb/mcs70/bvg/b06/mcs70_b06_s80.A08 fileNameGt=../../cp2016-max-common-connected-subgraph-paper/datasets/graphsdb/mcs70/bvg/b06/mcs70_b06_s80.B08
Reading graphs...
80 : 240
80 : 240
Initializing...
maxdom : 8
D->valSize : 440
Solving...
Blb : 2 (clique : 23)
currentSize : 23 <-- 0.004373 s
currentSize : 24 <-- 0.004563 s
currentSize : 25 <-- 0.005190 s
currentSize : 26 <-- 0.005243 s
currentSize : 27 <-- 0.005287 s
currentSize : 28 <-- 0.007982 s
currentSize : 29 <-- 0.015042 s
currentSize : 30 <-- 0.039725 s
currentSize : 31 <-- 0.040260 s
currentSize : 32 <-- 0.079185 s
currentSize : 34 <-- 0.079318 s
currentSize : 36 <-- 0.079654 s
currentSize : 37 <-- 0.080314 s
currentSize : 38 <-- 33.822754 s
currentSize : 41 <-- 70.374672 s
currentSize : 43 <-- 70.374817 s
currentSize : 44 <-- 70.375290 s
currentSize : 54 <-- 557.445740 s
currentSize : 55 <-- 557.446106 s
currentSize : 56 <-- 557.446228 s

maxsize : 56
nodes : 116666294.000000
filtered : 649956042.000000
time : 567.312439
