Parameters: GAD=1 vflib=1 dir=1 label=1 lowerbound=1 fileNameGp=../../cp2016-max-common-connected-subgraph-paper/datasets/graphsdb/mcs70/bvg/b03m/mcs70_b03m_s60.A06 fileNameGt=../../cp2016-max-common-connected-subgraph-paper/datasets/graphsdb/mcs70/bvg/b03m/mcs70_b03m_s60.B06
Reading graphs...
60 : 90
60 : 90
Initializing...
maxdom : 7
D->valSize : 247
Solving...
Blb : 2 (clique : 32)
currentSize : 32 <-- 0.002135 s
currentSize : 34 <-- 0.003792 s
currentSize : 35 <-- 0.003865 s
currentSize : 36 <-- 0.029272 s
currentSize : 37 <-- 0.146343 s
currentSize : 38 <-- 0.146408 s
currentSize : 39 <-- 0.190765 s
currentSize : 40 <-- 0.190828 s
currentSize : 41 <-- 1.404695 s
currentSize : 42 <-- 1.404720 s

maxsize : 42
nodes : 948589.000000
filtered : 3266657.000000
time : 3.495868
