Parameters: GAD=1 vflib=1 dir=1 label=1 lowerbound=1 fileNameGp=../../cp2016-max-common-connected-subgraph-paper/datasets/graphsdb/mcs70/m2D/m2Dr2/mcs70_m2Dr2_s100.A06 fileNameGt=../../cp2016-max-common-connected-subgraph-paper/datasets/graphsdb/mcs70/m2D/m2Dr2/mcs70_m2Dr2_s100.B06
Reading graphs...
100 : 200
100 : 200
Initializing...
maxdom : 7
D->valSize : 365
Solving...
Blb : 2 (clique : 49)
currentSize : 49 <-- 0.003745 s
currentSize : 53 <-- 0.004147 s
currentSize : 54 <-- 0.004558 s
currentSize : 56 <-- 0.004842 s
currentSize : 57 <-- 0.005093 s
currentSize : 58 <-- 0.008057 s
currentSize : 61 <-- 1.093923 s
currentSize : 62 <-- 1.094378 s
currentSize : 63 <-- 1.103757 s
currentSize : 64 <-- 1.104234 s

maxsize : 64
nodes : 96530729.000000
filtered : 425028565.000000
time : 551.943115
