Parameters: GAD=1 vflib=1 dir=1 label=1 lowerbound=1 fileNameGp=../../cp2016-max-common-connected-subgraph-paper/datasets/graphsdb/mcs70/bvg/b03/mcs70_b03_s70.A00 fileNameGt=../../cp2016-max-common-connected-subgraph-paper/datasets/graphsdb/mcs70/bvg/b03/mcs70_b03_s70.B00
Reading graphs...
70 : 105
70 : 105
Initializing...
maxdom : 11
D->valSize : 383
Solving...
Blb : 3 (clique : 29)
currentSize : 29 <-- 0.003478 s
currentSize : 30 <-- 0.003809 s
currentSize : 31 <-- 0.003871 s
currentSize : 32 <-- 0.011964 s
currentSize : 33 <-- 0.012035 s
currentSize : 34 <-- 0.014180 s
currentSize : 35 <-- 0.023191 s
currentSize : 36 <-- 0.036055 s
currentSize : 37 <-- 0.083838 s
currentSize : 38 <-- 0.083892 s
currentSize : 39 <-- 1.378208 s
currentSize : 40 <-- 5.736353 s
currentSize : 41 <-- 5.736670 s
currentSize : 42 <-- 6.772216 s
currentSize : 43 <-- 18.761477 s
currentSize : 44 <-- 21.366344 s
currentSize : 45 <-- 26.227299 s
currentSize : 46 <-- 28.600666 s
currentSize : 47 <-- 28.600752 s
currentSize : 48 <-- 41.201096 s

maxsize : 48
nodes : 9784250.000000
filtered : 67584593.000000
time : 47.917969
