Parameters: GAD=1 vflib=1 dir=1 label=1 lowerbound=1 fileNameGp=../../cp2016-max-common-connected-subgraph-paper/datasets/graphsdb/mcs70/bvg/b09/mcs70_b09_s100.A05 fileNameGt=../../cp2016-max-common-connected-subgraph-paper/datasets/graphsdb/mcs70/bvg/b09/mcs70_b09_s100.B05
Reading graphs...
100 : 450
100 : 450
Initializing...
maxdom : 6
D->valSize : 387
Solving...
Blb : 2 (clique : 60)
currentSize : 60 <-- 0.003863 s
currentSize : 61 <-- 0.004203 s
currentSize : 62 <-- 0.004452 s
currentSize : 63 <-- 0.004525 s
currentSize : 68 <-- 2.145475 s
currentSize : 70 <-- 2.145761 s

maxsize : 70
nodes : 758597.000000
filtered : 4582201.000000
time : 4.451589
