Parameters: GAD=1 vflib=1 dir=1 label=1 lowerbound=1 fileNameGp=../../cp2016-max-common-connected-subgraph-paper/datasets/graphsdb/mcs70/bvg/b06/mcs70_b06_s50.A06 fileNameGt=../../cp2016-max-common-connected-subgraph-paper/datasets/graphsdb/mcs70/bvg/b06/mcs70_b06_s50.B06
Reading graphs...
50 : 150
50 : 150
Initializing...
maxdom : 10
D->valSize : 347
Solving...
Blb : 3 (clique : 21)
currentSize : 21 <-- 0.003986 s
currentSize : 24 <-- 0.004169 s
currentSize : 26 <-- 0.004240 s
currentSize : 27 <-- 0.004331 s
currentSize : 28 <-- 0.004391 s
currentSize : 31 <-- 0.008932 s
currentSize : 34 <-- 0.009026 s
currentSize : 35 <-- 0.029106 s

maxsize : 35
nodes : 5365.000000
filtered : 58830.000000
time : 0.041487
