Parameters: GAD=1 vflib=1 dir=1 label=1 lowerbound=1 fileNameGp=../../cp2016-max-common-connected-subgraph-paper/datasets/graphsdb/mcs70/bvg/b09/mcs70_b09_s90.A05 fileNameGt=../../cp2016-max-common-connected-subgraph-paper/datasets/graphsdb/mcs70/bvg/b09/mcs70_b09_s90.B05
Reading graphs...
90 : 405
90 : 405
Initializing...
maxdom : 10
D->valSize : 563
Solving...
Blb : 3 (clique : 31)
currentSize : 31 <-- 0.006631 s
currentSize : 35 <-- 0.024044 s
currentSize : 36 <-- 0.024158 s
currentSize : 37 <-- 0.028391 s
currentSize : 38 <-- 0.076772 s
currentSize : 39 <-- 0.126891 s
currentSize : 40 <-- 0.127402 s
currentSize : 41 <-- 4.346250 s
currentSize : 42 <-- 4.346436 s
currentSize : 44 <-- 4.346660 s
currentSize : 45 <-- 4.346872 s
currentSize : 46 <-- 10.230091 s
currentSize : 49 <-- 12.355607 s
currentSize : 52 <-- 12.356450 s
currentSize : 55 <-- 13.820268 s
currentSize : 56 <-- 16.446545 s
currentSize : 58 <-- 16.447199 s
currentSize : 59 <-- 22.301188 s
currentSize : 62 <-- 22.301426 s

maxsize : 62
nodes : 4800613.000000
filtered : 42817431.000000
time : 28.070440
