Parameters: GAD=1 vflib=1 dir=1 label=1 lowerbound=1 fileNameGp=../../cp2016-max-common-connected-subgraph-paper/datasets/graphsdb/mcs70/m3D/m3Dr4/mcs70_m3Dr4_s100.A05 fileNameGt=../../cp2016-max-common-connected-subgraph-paper/datasets/graphsdb/mcs70/m3D/m3Dr4/mcs70_m3Dr4_s100.B05
Reading graphs...
100 : 275
100 : 273
Initializing...
maxdom : 7
D->valSize : 369
Solving...
Blb : 2 (clique : 40)
currentSize : 40 <-- 0.003817 s
currentSize : 42 <-- 0.004350 s
currentSize : 43 <-- 0.004451 s
currentSize : 44 <-- 0.349738 s
currentSize : 46 <-- 0.350806 s
currentSize : 47 <-- 0.355962 s
currentSize : 48 <-- 8.024936 s
currentSize : 50 <-- 8.036333 s
currentSize : 51 <-- 10.369794 s
currentSize : 52 <-- 15.026896 s
currentSize : 54 <-- 15.035098 s
currentSize : 55 <-- 15.043440 s
currentSize : 56 <-- 15.046563 s
currentSize : 57 <-- 16.319008 s
currentSize : 58 <-- 18.744514 s
currentSize : 59 <-- 22.703068 s
currentSize : 60 <-- 28.708759 s
currentSize : 61 <-- 28.732313 s
currentSize : 62 <-- 29.669231 s
currentSize : 63 <-- 29.695704 s
currentSize : 64 <-- 66.760796 s

maxsize : 64
nodes : 54852636.000000
filtered : 201737733.000000
time : 280.985535
