Parameters: GAD=1 vflib=1 dir=1 label=1 lowerbound=1 fileNameGp=../../cp2016-max-common-connected-subgraph-paper/datasets/graphsdb/mcs70/m2D/m2D/mcs70_m2D_s70.A04 fileNameGt=../../cp2016-max-common-connected-subgraph-paper/datasets/graphsdb/mcs70/m2D/m2D/mcs70_m2D_s70.B04
Reading graphs...
70 : 123
70 : 123
Initializing...
maxdom : 8
D->valSize : 347
Solving...
Blb : 2 (clique : 41)
currentSize : 41 <-- 0.003197 s
currentSize : 42 <-- 1.392394 s
currentSize : 43 <-- 1.392497 s
currentSize : 46 <-- 2.040382 s
currentSize : 47 <-- 7.421746 s
currentSize : 49 <-- 14.424726 s
currentSize : 50 <-- 19.502426 s

maxsize : 50
nodes : 5654068.000000
filtered : 25297404.000000
time : 23.596678
