Parameters: GAD=1 vflib=1 dir=1 label=1 lowerbound=1 fileNameGp=../../cp2016-max-common-connected-subgraph-paper/datasets/graphsdb/mcs70/bvg/b03m/mcs70_b03m_s100.A01 fileNameGt=../../cp2016-max-common-connected-subgraph-paper/datasets/graphsdb/mcs70/bvg/b03m/mcs70_b03m_s100.B01
Reading graphs...
100 : 150
100 : 150
Initializing...
maxdom : 8
D->valSize : 361
Solving...
Blb : 2 (clique : 56)
currentSize : 56 <-- 0.004088 s
currentSize : 57 <-- 0.015095 s
currentSize : 58 <-- 0.071245 s
currentSize : 59 <-- 0.184567 s
currentSize : 60 <-- 0.450519 s
currentSize : 61 <-- 0.526421 s
currentSize : 62 <-- 0.664881 s
currentSize : 63 <-- 7.002873 s
currentSize : 64 <-- 7.034907 s
currentSize : 65 <-- 7.094967 s
currentSize : 66 <-- 38.200039 s
currentSize : 67 <-- 38.268944 s
currentSize : 68 <-- 38.270248 s
currentSize : 69 <-- 485.469879 s
currentSize : 70 <-- 530.493652 s
currentSize : 71 <-- 530.617371 s
currentSize : 72 <-- 530.619202 s

maxsize : 72
nodes : 165690512.000000
filtered : 627983615.000000
time : 892.296265
