Parameters: GAD=1 vflib=1 dir=1 label=1 lowerbound=1 fileNameGp=../../cp2016-max-common-connected-subgraph-paper/datasets/graphsdb/mcs70/bvg/b06m/mcs70_b06m_s90.A01 fileNameGt=../../cp2016-max-common-connected-subgraph-paper/datasets/graphsdb/mcs70/bvg/b06m/mcs70_b06m_s90.B01
Reading graphs...
90 : 270
90 : 270
Initializing...
maxdom : 10
D->valSize : 547
Solving...
Blb : 3 (clique : 44)
currentSize : 44 <-- 0.006258 s
currentSize : 46 <-- 0.008886 s
currentSize : 49 <-- 0.011868 s
currentSize : 53 <-- 0.372637 s
currentSize : 55 <-- 0.372753 s
currentSize : 61 <-- 0.822754 s
currentSize : 63 <-- 0.822880 s

maxsize : 63
nodes : 14850065.000000
filtered : 75629635.000000
time : 72.999573
