Parameters: GAD=1 vflib=1 dir=1 label=1 lowerbound=1 fileNameGp=../../cp2016-max-common-connected-subgraph-paper/datasets/graphsdb/mcs70/m3D/m3Dr6/mcs70_m3Dr6_s90.A08 fileNameGt=../../cp2016-max-common-connected-subgraph-paper/datasets/graphsdb/mcs70/m3D/m3Dr6/mcs70_m3Dr6_s90.B08
Reading graphs...
90 : 263
90 : 263
Initializing...
maxdom : 10
D->valSize : 570
Solving...
Blb : 2 (clique : 45)
currentSize : 45 <-- 0.006845 s
currentSize : 46 <-- 0.007152 s
currentSize : 50 <-- 0.007603 s
currentSize : 54 <-- 0.007990 s
currentSize : 55 <-- 0.008841 s
currentSize : 59 <-- 0.009259 s
currentSize : 63 <-- 0.017390 s
currentSize : 64 <-- 0.017588 s

maxsize : 64
nodes : 2655238.000000
filtered : 20407756.000000
time : 15.147233
