Parameters: GAD=1 vflib=1 dir=1 label=1 lowerbound=1 fileNameGp=../../cp2016-max-common-connected-subgraph-paper/datasets/graphsdb/mcs70/m2D/m2Dr6/mcs70_m2Dr6_s80.A05 fileNameGt=../../cp2016-max-common-connected-subgraph-paper/datasets/graphsdb/mcs70/m2D/m2Dr6/mcs70_m2Dr6_s80.B05
Reading graphs...
80 : 190
80 : 189
Initializing...
maxdom : 9
D->valSize : 437
Solving...
Blb : 2 (clique : 35)
currentSize : 35 <-- 0.004445 s
currentSize : 36 <-- 0.004701 s
currentSize : 37 <-- 0.004857 s
currentSize : 38 <-- 0.006290 s
currentSize : 39 <-- 0.358783 s
currentSize : 40 <-- 0.361388 s
currentSize : 42 <-- 12.158127 s
currentSize : 43 <-- 55.921185 s
currentSize : 44 <-- 138.726364 s
currentSize : 46 <-- 174.460052 s
currentSize : 47 <-- 174.460159 s
currentSize : 48 <-- 196.483566 s
currentSize : 49 <-- 196.494125 s

maxsize : 49
nodes : 58474267.000000
filtered : 309475346.000000
time : 269.984680
