Parameters: GAD=1 vflib=1 dir=1 label=1 lowerbound=1 fileNameGp=../../cp2016-max-common-connected-subgraph-paper/datasets/graphsdb/mcs70/bvg/b06/mcs70_b06_s80.A02 fileNameGt=../../cp2016-max-common-connected-subgraph-paper/datasets/graphsdb/mcs70/bvg/b06/mcs70_b06_s80.B02
Reading graphs...
80 : 240
80 : 240
Initializing...
maxdom : 8
D->valSize : 443
Solving...
Blb : 2 (clique : 39)
currentSize : 39 <-- 0.004330 s
currentSize : 43 <-- 0.004584 s
currentSize : 44 <-- 0.004684 s
currentSize : 45 <-- 0.004909 s
currentSize : 46 <-- 0.005090 s
currentSize : 49 <-- 0.012115 s
currentSize : 50 <-- 0.012233 s
currentSize : 51 <-- 0.012407 s
currentSize : 53 <-- 2.279270 s
currentSize : 54 <-- 2.279413 s
currentSize : 55 <-- 2.279596 s
currentSize : 56 <-- 4.314818 s

maxsize : 56
nodes : 1639669.000000
filtered : 13185891.000000
time : 8.763385
