Parameters: GAD=1 vflib=1 dir=1 label=1 lowerbound=1 fileNameGp=../../cp2016-max-common-connected-subgraph-paper/datasets/graphsdb/mcs70/m3D/m3D/mcs70_m3D_s100.A02 fileNameGt=../../cp2016-max-common-connected-subgraph-paper/datasets/graphsdb/mcs70/m3D/m3D/mcs70_m3D_s100.B02
Reading graphs...
100 : 235
100 : 235
Initializing...
maxdom : 6
D->valSize : 357
Solving...
Blb : 2 (clique : 48)
currentSize : 48 <-- 0.003641 s
currentSize : 49 <-- 0.008906 s
currentSize : 50 <-- 0.029224 s
currentSize : 51 <-- 0.146212 s
currentSize : 52 <-- 0.146320 s
currentSize : 53 <-- 0.153358 s
currentSize : 54 <-- 2.899611 s
currentSize : 55 <-- 2.916273 s
currentSize : 56 <-- 2.916452 s
currentSize : 57 <-- 2.921201 s
currentSize : 59 <-- 2.971227 s
currentSize : 60 <-- 2.977928 s
currentSize : 61 <-- 94.514351 s
currentSize : 63 <-- 94.674538 s
currentSize : 64 <-- 94.699699 s

maxsize : 64
nodes : 55079637.000000
filtered : 209844217.000000
time : 294.309082
