Parameters: GAD=1 vflib=1 dir=1 label=1 lowerbound=1 fileNameGp=../../cp2016-max-common-connected-subgraph-paper/datasets/graphsdb/mcs70/rand/r001/mcs70_r001_s100.A08 fileNameGt=../../cp2016-max-common-connected-subgraph-paper/datasets/graphsdb/mcs70/rand/r001/mcs70_r001_s100.B08
Reading graphs...
100 : 120
100 : 120
Initializing...
maxdom : 8
D->valSize : 392
Solving...
Blb : 2 (clique : 63)
currentSize : 63 <-- 0.006306 s
currentSize : 64 <-- 0.007025 s
currentSize : 65 <-- 0.010341 s
currentSize : 67 <-- 0.019754 s
currentSize : 68 <-- 0.019950 s
currentSize : 69 <-- 2.855208 s
currentSize : 70 <-- 24.911972 s
currentSize : 71 <-- 85.000175 s

TIMEOUT
maxsize : 71
nodes : 199810197.000000
filtered : 637010842.000000
time : 1000.000122
