Parameters: GAD=1 vflib=1 dir=1 label=1 lowerbound=1 fileNameGp=../../cp2016-max-common-connected-subgraph-paper/datasets/graphsdb/mcs70/rand/r005/mcs70_r005_s60.A06 fileNameGt=../../cp2016-max-common-connected-subgraph-paper/datasets/graphsdb/mcs70/rand/r005/mcs70_r005_s60.B06
Reading graphs...
60 : 176
60 : 176
Initializing...
maxdom : 7
D->valSize : 261
Solving...
Blb : 2 (clique : 26)
currentSize : 26 <-- 0.002915 s
currentSize : 31 <-- 0.004678 s
currentSize : 33 <-- 0.004727 s
currentSize : 34 <-- 0.008804 s
currentSize : 37 <-- 0.025185 s
currentSize : 38 <-- 0.065492 s
currentSize : 42 <-- 0.077644 s

maxsize : 42
nodes : 17000.000000
filtered : 139526.000000
time : 0.099504
