Parameters: GAD=1 vflib=1 dir=1 label=1 lowerbound=1 fileNameGp=../../cp2016-max-common-connected-subgraph-paper/datasets/graphsdb/mcs70/bvg/b03/mcs70_b03_s80.A00 fileNameGt=../../cp2016-max-common-connected-subgraph-paper/datasets/graphsdb/mcs70/bvg/b03/mcs70_b03_s80.B00
Reading graphs...
80 : 120
80 : 120
Initializing...
maxdom : 8
D->valSize : 414
Solving...
Blb : 2 (clique : 52)
currentSize : 52 <-- 0.006902 s
currentSize : 53 <-- 0.007415 s
currentSize : 54 <-- 0.007921 s
currentSize : 55 <-- 0.008027 s
currentSize : 56 <-- 0.019335 s
currentSize : 57 <-- 0.233546 s

maxsize : 57
nodes : 128204023.000000
filtered : 745939660.000000
time : 645.242798
