Parameters: GAD=1 vflib=1 dir=1 label=1 lowerbound=1 fileNameGp=../../cp2016-max-common-connected-subgraph-paper/datasets/graphsdb/mcs70/m2D/m2Dr2/mcs70_m2Dr2_s100.A05 fileNameGt=../../cp2016-max-common-connected-subgraph-paper/datasets/graphsdb/mcs70/m2D/m2Dr2/mcs70_m2Dr2_s100.B05
Reading graphs...
100 : 200
100 : 200
Initializing...
maxdom : 7
D->valSize : 395
Solving...
Blb : 2 (clique : 44)
currentSize : 44 <-- 0.004402 s
currentSize : 47 <-- 0.005761 s
currentSize : 48 <-- 0.006255 s
currentSize : 49 <-- 0.024726 s
currentSize : 50 <-- 3.489135 s
currentSize : 52 <-- 3.490987 s
currentSize : 53 <-- 3.491179 s
currentSize : 54 <-- 3.493833 s
currentSize : 56 <-- 4.414277 s
currentSize : 57 <-- 4.418663 s
currentSize : 59 <-- 19.646339 s
currentSize : 60 <-- 19.648268 s
currentSize : 62 <-- 77.307831 s
currentSize : 63 <-- 77.308113 s
currentSize : 65 <-- 218.148346 s
currentSize : 66 <-- 240.499527 s

maxsize : 66
nodes : 51907183.000000
filtered : 248350809.000000
time : 297.743195
