Parameters: GAD=1 vflib=1 dir=1 label=1 lowerbound=1 fileNameGp=../../cp2016-max-common-connected-subgraph-paper/datasets/graphsdb/mcs70/m3D/m3Dr6/mcs70_m3Dr6_s100.A06 fileNameGt=../../cp2016-max-common-connected-subgraph-paper/datasets/graphsdb/mcs70/m3D/m3Dr6/mcs70_m3Dr6_s100.B06
Reading graphs...
100 : 295
100 : 293
Initializing...
maxdom : 7
D->valSize : 364
Solving...
Blb : 3 (clique : 45)
currentSize : 45 <-- 0.003819 s
currentSize : 46 <-- 0.004168 s
currentSize : 48 <-- 0.004832 s
currentSize : 49 <-- 0.005100 s
currentSize : 51 <-- 0.005179 s
currentSize : 52 <-- 0.079366 s
currentSize : 57 <-- 0.087399 s
currentSize : 58 <-- 7.977812 s
currentSize : 60 <-- 13.534579 s
currentSize : 63 <-- 13.535029 s
currentSize : 64 <-- 17.440020 s

maxsize : 64
nodes : 8155019.000000
filtered : 36299618.000000
time : 44.895691
