Parameters: GAD=1 vflib=1 dir=1 label=1 lowerbound=1 fileNameGp=../../cp2016-max-common-connected-subgraph-paper/datasets/graphsdb/mcs70/bvg/b06/mcs70_b06_s90.A09 fileNameGt=../../cp2016-max-common-connected-subgraph-paper/datasets/graphsdb/mcs70/bvg/b06/mcs70_b06_s90.B09
Reading graphs...
90 : 270
90 : 270
Initializing...
maxdom : 10
D->valSize : 559
Solving...
Blb : 2 (clique : 53)
currentSize : 53 <-- 0.007099 s
currentSize : 54 <-- 0.007494 s
currentSize : 55 <-- 0.010574 s
currentSize : 56 <-- 0.010766 s
currentSize : 57 <-- 0.015670 s
currentSize : 59 <-- 0.017277 s
currentSize : 60 <-- 0.031494 s
currentSize : 62 <-- 0.031783 s
currentSize : 63 <-- 0.697042 s

maxsize : 63
nodes : 14245785.000000
filtered : 105678587.000000
time : 79.242294
