Parameters: GAD=1 vflib=1 dir=1 label=1 lowerbound=1 fileNameGp=../../cp2016-max-common-connected-subgraph-paper/datasets/graphsdb/mcs70/m2D/m2Dr4/mcs70_m2Dr4_s100.A06 fileNameGt=../../cp2016-max-common-connected-subgraph-paper/datasets/graphsdb/mcs70/m2D/m2Dr4/mcs70_m2Dr4_s100.B06
Reading graphs...
100 : 220
100 : 219
Initializing...
maxdom : 6
D->valSize : 363
Solving...
Blb : 2 (clique : 52)
currentSize : 52 <-- 0.003711 s
currentSize : 53 <-- 0.004064 s
currentSize : 56 <-- 0.004320 s
currentSize : 59 <-- 0.009546 s
currentSize : 60 <-- 0.009722 s
currentSize : 61 <-- 224.937210 s
currentSize : 62 <-- 224.980118 s
currentSize : 63 <-- 225.711243 s
currentSize : 64 <-- 731.449219 s

TIMEOUT
maxsize : 64
nodes : 187110073.000000
filtered : 725760249.000000
time : 1000.000122
