Parameters: GAD=1 vflib=1 dir=1 label=1 lowerbound=1 fileNameGp=../../cp2016-max-common-connected-subgraph-paper/datasets/graphsdb/mcs70/m2D/m2Dr6/mcs70_m2Dr6_s100.A02 fileNameGt=../../cp2016-max-common-connected-subgraph-paper/datasets/graphsdb/mcs70/m2D/m2Dr6/mcs70_m2Dr6_s100.B02
Reading graphs...
100 : 240
100 : 240
Initializing...
maxdom : 6
D->valSize : 362
Solving...
Blb : 2 (clique : 38)
currentSize : 38 <-- 0.003619 s
currentSize : 39 <-- 0.025424 s
currentSize : 40 <-- 0.027659 s
currentSize : 41 <-- 0.038252 s
currentSize : 42 <-- 0.039510 s
currentSize : 43 <-- 0.048011 s
currentSize : 44 <-- 0.385226 s
currentSize : 45 <-- 0.401284 s
currentSize : 46 <-- 1.875175 s
currentSize : 47 <-- 6.466780 s
currentSize : 48 <-- 6.477266 s
currentSize : 49 <-- 6.892498 s
currentSize : 50 <-- 8.337749 s
currentSize : 51 <-- 12.724962 s
currentSize : 52 <-- 36.718178 s
currentSize : 55 <-- 36.838470 s
currentSize : 56 <-- 37.751686 s
currentSize : 59 <-- 75.423378 s
currentSize : 61 <-- 75.424088 s
currentSize : 62 <-- 75.434830 s
currentSize : 63 <-- 79.588333 s
currentSize : 64 <-- 79.588493 s

TIMEOUT
maxsize : 64
nodes : 192574690.000000
filtered : 749986864.000000
time : 1000.000061
