Parameters: GAD=1 vflib=1 dir=1 label=1 lowerbound=1 fileNameGp=../../cp2016-max-common-connected-subgraph-paper/datasets/graphsdb/mcs70/m2D/m2Dr2/mcs70_m2Dr2_s70.A08 fileNameGt=../../cp2016-max-common-connected-subgraph-paper/datasets/graphsdb/mcs70/m2D/m2Dr2/mcs70_m2Dr2_s70.B08
Reading graphs...
70 : 137
70 : 137
Initializing...
maxdom : 8
D->valSize : 367
Solving...
Blb : 2 (clique : 29)
currentSize : 29 <-- 0.003741 s
currentSize : 33 <-- 0.003933 s
currentSize : 34 <-- 0.122971 s
currentSize : 37 <-- 0.250896 s
currentSize : 38 <-- 0.315151 s
currentSize : 39 <-- 0.400231 s
currentSize : 40 <-- 0.528595 s
currentSize : 41 <-- 1.516425 s
currentSize : 43 <-- 1.517691 s
currentSize : 44 <-- 5.092348 s
currentSize : 47 <-- 14.213392 s
currentSize : 49 <-- 39.346661 s

maxsize : 49
nodes : 12826229.000000
filtered : 72403989.000000
time : 55.014870
