Parameters: GAD=1 vflib=1 dir=1 label=1 lowerbound=1 fileNameGp=../../cp2016-max-common-connected-subgraph-paper/datasets/graphsdb/mcs70/bvg/b03/mcs70_b03_s90.A08 fileNameGt=../../cp2016-max-common-connected-subgraph-paper/datasets/graphsdb/mcs70/bvg/b03/mcs70_b03_s90.B08
Reading graphs...
90 : 135
90 : 135
Initializing...
maxdom : 8
D->valSize : 553
Solving...
Blb : 2 (clique : 47)
currentSize : 47 <-- 0.010647 s
currentSize : 48 <-- 0.011200 s
currentSize : 49 <-- 0.011352 s
currentSize : 50 <-- 0.011532 s
currentSize : 51 <-- 0.015443 s
currentSize : 52 <-- 0.025041 s
currentSize : 53 <-- 0.025992 s
currentSize : 54 <-- 0.031289 s
currentSize : 56 <-- 0.077724 s
currentSize : 57 <-- 0.079759 s
currentSize : 59 <-- 1.266680 s
currentSize : 60 <-- 211.611191 s
currentSize : 61 <-- 211.710846 s
currentSize : 63 <-- 215.304688 s

maxsize : 63
nodes : 59266920.000000
filtered : 397501037.000000
time : 365.472565
