Parameters: GAD=1 vflib=1 dir=1 label=1 lowerbound=1 fileNameGp=../../cp2016-max-common-connected-subgraph-paper/datasets/graphsdb/mcs70/m2D/m2D/mcs70_m2D_s90.A08 fileNameGt=../../cp2016-max-common-connected-subgraph-paper/datasets/graphsdb/mcs70/m2D/m2D/mcs70_m2D_s90.B08
Reading graphs...
90 : 161
90 : 161
Initializing...
maxdom : 9
D->valSize : 575
Solving...
Blb : 2 (clique : 52)
currentSize : 52 <-- 0.007181 s
currentSize : 53 <-- 0.007555 s
currentSize : 55 <-- 0.007668 s
currentSize : 56 <-- 0.007819 s
currentSize : 57 <-- 0.007908 s
currentSize : 58 <-- 0.019056 s
currentSize : 60 <-- 0.019216 s
currentSize : 62 <-- 0.102821 s
currentSize : 63 <-- 0.102990 s
currentSize : 64 <-- 2.868887 s

maxsize : 64
nodes : 17541179.000000
filtered : 128879788.000000
time : 110.856972
