Parameters: GAD=1 vflib=1 dir=1 label=1 lowerbound=1 fileNameGp=../../cp2016-max-common-connected-subgraph-paper/datasets/graphsdb/mcs70/m2D/m2D/mcs70_m2D_s80.A03 fileNameGt=../../cp2016-max-common-connected-subgraph-paper/datasets/graphsdb/mcs70/m2D/m2D/mcs70_m2D_s80.B03
Reading graphs...
80 : 142
80 : 142
Initializing...
maxdom : 7
D->valSize : 413
Solving...
Blb : 2 (clique : 41)
currentSize : 41 <-- 0.006778 s
currentSize : 43 <-- 0.007934 s
currentSize : 44 <-- 0.007982 s
currentSize : 45 <-- 0.009443 s
currentSize : 46 <-- 0.027269 s
currentSize : 47 <-- 1.425091 s
currentSize : 49 <-- 1.427705 s

TIMEOUT
maxsize : 49
nodes : 211958479.000000
filtered : 1100179719.000000
time : 1000.000061
