Parameters: GAD=1 vflib=1 dir=1 label=1 lowerbound=1 fileNameGp=../../cp2016-max-common-connected-subgraph-paper/datasets/graphsdb/mcs70/m2D/m2D/mcs70_m2D_s80.A08 fileNameGt=../../cp2016-max-common-connected-subgraph-paper/datasets/graphsdb/mcs70/m2D/m2D/mcs70_m2D_s80.B08
Reading graphs...
80 : 142
80 : 142
Initializing...
maxdom : 10
D->valSize : 482
Solving...
Blb : 2 (clique : 35)
currentSize : 35 <-- 0.005235 s
currentSize : 40 <-- 0.005482 s
currentSize : 41 <-- 0.005705 s
currentSize : 42 <-- 0.006051 s
currentSize : 43 <-- 0.006155 s
currentSize : 44 <-- 0.006306 s
currentSize : 45 <-- 0.007535 s
currentSize : 46 <-- 0.100316 s
currentSize : 47 <-- 55.967636 s
currentSize : 48 <-- 55.982822 s
currentSize : 49 <-- 55.982929 s
currentSize : 50 <-- 55.983128 s
currentSize : 51 <-- 67.878670 s

maxsize : 51
nodes : 35861920.000000
filtered : 250188622.000000
time : 190.874268
