Parameters: GAD=1 vflib=1 dir=1 label=1 lowerbound=1 fileNameGp=../../cp2016-max-common-connected-subgraph-paper/datasets/graphsdb/mcs70/m2D/m2Dr4/mcs70_m2Dr4_s60.A09 fileNameGt=../../cp2016-max-common-connected-subgraph-paper/datasets/graphsdb/mcs70/m2D/m2Dr4/mcs70_m2Dr4_s60.B09
Reading graphs...
60 : 128
60 : 127
Initializing...
maxdom : 7
D->valSize : 246
Solving...
Blb : 2 (clique : 26)
currentSize : 26 <-- 0.001793 s
currentSize : 27 <-- 0.130933 s
currentSize : 28 <-- 0.421597 s
currentSize : 29 <-- 1.306741 s
currentSize : 32 <-- 4.658703 s
currentSize : 33 <-- 7.466772 s
currentSize : 36 <-- 12.513337 s
currentSize : 37 <-- 12.513396 s

maxsize : 37
nodes : 3559014.000000
filtered : 17136469.000000
time : 13.794510
