Parameters: GAD=1 vflib=1 dir=1 label=1 lowerbound=1 fileNameGp=../../cp2016-max-common-connected-subgraph-paper/datasets/graphsdb/mcs70/rand/r005/mcs70_r005_s90.A07 fileNameGt=../../cp2016-max-common-connected-subgraph-paper/datasets/graphsdb/mcs70/rand/r005/mcs70_r005_s90.B07
Reading graphs...
90 : 399
90 : 399
Initializing...
maxdom : 8
D->valSize : 539
Solving...
Blb : 2 (clique : 23)
currentSize : 23 <-- 0.005824 s
currentSize : 26 <-- 0.006320 s
currentSize : 30 <-- 0.105803 s
currentSize : 32 <-- 0.323047 s
currentSize : 33 <-- 0.495224 s
currentSize : 34 <-- 0.611945 s
currentSize : 39 <-- 0.684661 s
currentSize : 41 <-- 0.738508 s
currentSize : 43 <-- 0.738655 s
currentSize : 44 <-- 0.980965 s
currentSize : 47 <-- 1.332328 s
currentSize : 50 <-- 1.560813 s
currentSize : 55 <-- 1.564338 s
currentSize : 63 <-- 6.046498 s

maxsize : 63
nodes : 1059149.000000
filtered : 13472129.000000
time : 6.749651
