Parameters: GAD=1 vflib=1 dir=1 label=1 lowerbound=1 fileNameGp=../../cp2016-max-common-connected-subgraph-paper/datasets/graphsdb/mcs70/bvg/b09/mcs70_b09_s90.A09 fileNameGt=../../cp2016-max-common-connected-subgraph-paper/datasets/graphsdb/mcs70/bvg/b09/mcs70_b09_s90.B09
Reading graphs...
90 : 405
90 : 405
Initializing...
maxdom : 8
D->valSize : 550
Solving...
Blb : 2 (clique : 49)
currentSize : 49 <-- 0.010427 s
currentSize : 52 <-- 8.532723 s
currentSize : 54 <-- 8.533116 s
currentSize : 56 <-- 8.533865 s
currentSize : 58 <-- 8.534048 s
currentSize : 59 <-- 8.534296 s
currentSize : 60 <-- 8.535235 s
currentSize : 62 <-- 8.535438 s

maxsize : 62
nodes : 3652676.000000
filtered : 30203302.000000
time : 21.115755
