Parameters: GAD=1 vflib=1 dir=1 label=1 lowerbound=1 fileNameGp=../../cp2016-max-common-connected-subgraph-paper/datasets/graphsdb/mcs70/bvg/b03m/mcs70_b03m_s70.A02 fileNameGt=../../cp2016-max-common-connected-subgraph-paper/datasets/graphsdb/mcs70/bvg/b03m/mcs70_b03m_s70.B02
Reading graphs...
70 : 105
70 : 105
Initializing...
maxdom : 9
D->valSize : 349
Solving...
Blb : 3 (clique : 33)
currentSize : 33 <-- 0.003267 s
currentSize : 34 <-- 4.727854 s
currentSize : 35 <-- 4.727935 s
currentSize : 36 <-- 14.029367 s
currentSize : 37 <-- 16.399649 s
currentSize : 38 <-- 20.605988 s
currentSize : 39 <-- 22.206059 s
currentSize : 40 <-- 23.050608 s
currentSize : 41 <-- 25.608572 s
currentSize : 42 <-- 25.608809 s
currentSize : 44 <-- 27.099537 s
currentSize : 45 <-- 29.024857 s
currentSize : 46 <-- 34.500378 s
currentSize : 48 <-- 34.502712 s

maxsize : 48
nodes : 8739769.000000
filtered : 46986175.000000
time : 39.022320
