Parameters: GAD=1 vflib=1 dir=1 label=1 lowerbound=1 fileNameGp=../../cp2016-max-common-connected-subgraph-paper/datasets/graphsdb/mcs70/bvg/b03m/mcs70_b03m_s70.A05 fileNameGt=../../cp2016-max-common-connected-subgraph-paper/datasets/graphsdb/mcs70/bvg/b03m/mcs70_b03m_s70.B05
Reading graphs...
70 : 105
70 : 105
Initializing...
maxdom : 8
D->valSize : 338
Solving...
Blb : 2 (clique : 38)
currentSize : 38 <-- 0.002933 s
currentSize : 39 <-- 0.015106 s
currentSize : 44 <-- 0.076086 s
currentSize : 45 <-- 2.263770 s
currentSize : 46 <-- 2.263898 s
currentSize : 47 <-- 2.273528 s
currentSize : 48 <-- 2.273572 s

maxsize : 48
nodes : 1465329.000000
filtered : 8197548.000000
time : 6.737856
