Parameters: GAD=1 vflib=1 dir=1 label=1 lowerbound=1 fileNameGp=../../cp2016-max-common-connected-subgraph-paper/datasets/graphsdb/mcs70/bvg/b03/mcs70_b03_s60.A09 fileNameGt=../../cp2016-max-common-connected-subgraph-paper/datasets/graphsdb/mcs70/bvg/b03/mcs70_b03_s60.B09
Reading graphs...
60 : 90
60 : 90
Initializing...
maxdom : 9
D->valSize : 271
Solving...
Blb : 2 (clique : 25)
currentSize : 25 <-- 0.002169 s
currentSize : 26 <-- 0.003307 s
currentSize : 27 <-- 0.260775 s
currentSize : 28 <-- 0.456630 s
currentSize : 29 <-- 0.699449 s
currentSize : 30 <-- 1.125839 s
currentSize : 31 <-- 3.487833 s
currentSize : 32 <-- 3.487901 s
currentSize : 33 <-- 16.728247 s
currentSize : 35 <-- 20.697781 s
currentSize : 36 <-- 20.697836 s
currentSize : 37 <-- 23.200018 s
currentSize : 40 <-- 24.219780 s
currentSize : 42 <-- 24.616760 s

maxsize : 42
nodes : 6304986.000000
filtered : 37722793.000000
time : 24.715729
