Parameters: GAD=1 vflib=1 dir=1 label=1 lowerbound=1 fileNameGp=../../cp2016-max-common-connected-subgraph-paper/datasets/graphsdb/mcs70/m2D/m2Dr2/mcs70_m2Dr2_s60.A00 fileNameGt=../../cp2016-max-common-connected-subgraph-paper/datasets/graphsdb/mcs70/m2D/m2Dr2/mcs70_m2Dr2_s60.B00
Reading graphs...
60 : 116
60 : 116
Initializing...
maxdom : 7
D->valSize : 267
Solving...
Blb : 3 (clique : 22)
currentSize : 22 <-- 0.002321 s
currentSize : 23 <-- 0.030771 s
currentSize : 24 <-- 0.037933 s
currentSize : 25 <-- 0.407948 s
currentSize : 26 <-- 1.488732 s
currentSize : 27 <-- 15.541802 s
currentSize : 28 <-- 21.317392 s
currentSize : 29 <-- 27.063747 s
currentSize : 32 <-- 27.632586 s
currentSize : 33 <-- 29.850147 s
currentSize : 35 <-- 31.536583 s
currentSize : 36 <-- 32.478085 s
currentSize : 37 <-- 33.358799 s
currentSize : 38 <-- 35.265762 s

maxsize : 38
nodes : 9238704.000000
filtered : 51683319.000000
time : 36.554951
