Parameters: GAD=1 vflib=1 dir=1 label=1 lowerbound=1 fileNameGp=../../cp2016-max-common-connected-subgraph-paper/datasets/graphsdb/mcs70/bvg/b09m/mcs70_b09m_s60.A06 fileNameGt=../../cp2016-max-common-connected-subgraph-paper/datasets/graphsdb/mcs70/bvg/b09m/mcs70_b09m_s60.B06
Reading graphs...
60 : 270
60 : 270
Initializing...
maxdom : 6
D->valSize : 269
Solving...
Blb : 2 (clique : 19)
currentSize : 19 <-- 0.001906 s
currentSize : 20 <-- 0.002024 s
currentSize : 21 <-- 0.002615 s
currentSize : 23 <-- 0.007503 s
currentSize : 24 <-- 0.007551 s
currentSize : 38 <-- 0.057728 s
currentSize : 39 <-- 0.057826 s
currentSize : 40 <-- 0.104066 s
currentSize : 42 <-- 0.104171 s

maxsize : 42
nodes : 37009.000000
filtered : 237152.000000
time : 0.148757
