Parameters: GAD=1 vflib=1 dir=1 label=1 lowerbound=1 fileNameGp=../../cp2016-max-common-connected-subgraph-paper/datasets/graphsdb/mcs70/m3D/m3Dr2/mcs70_m3Dr2_s100.A08 fileNameGt=../../cp2016-max-common-connected-subgraph-paper/datasets/graphsdb/mcs70/m3D/m3Dr2/mcs70_m3Dr2_s100.B08
Reading graphs...
100 : 255
100 : 254
Initializing...
maxdom : 7
D->valSize : 371
Solving...
Blb : 2 (clique : 52)
currentSize : 52 <-- 0.003918 s
currentSize : 53 <-- 0.004253 s
currentSize : 54 <-- 0.004435 s
currentSize : 55 <-- 0.004585 s
currentSize : 56 <-- 0.020335 s
currentSize : 57 <-- 0.177889 s
currentSize : 58 <-- 1.227416 s
currentSize : 59 <-- 585.964600 s
currentSize : 60 <-- 585.964783 s
currentSize : 61 <-- 585.970154 s
currentSize : 62 <-- 585.987000 s
currentSize : 63 <-- 589.031555 s
currentSize : 64 <-- 589.057556 s

TIMEOUT
maxsize : 64
nodes : 207590675.000000
filtered : 642192794.000000
time : 1000.000061
