Parameters: GAD=1 vflib=1 dir=1 label=1 lowerbound=1 fileNameGp=../../cp2016-max-common-connected-subgraph-paper/datasets/graphsdb/mcs70/rand/r005/mcs70_r005_s30.A04 fileNameGt=../../cp2016-max-common-connected-subgraph-paper/datasets/graphsdb/mcs70/rand/r005/mcs70_r005_s30.B04
Reading graphs...
30 : 42
30 : 42
Initializing...
maxdom : 6
D->valSize : 125
Solving...
Blb : 2 (clique : 13)
currentSize : 13 <-- 0.000643 s
currentSize : 14 <-- 0.000798 s
currentSize : 15 <-- 0.000940 s
currentSize : 16 <-- 0.004950 s
currentSize : 17 <-- 0.007282 s
currentSize : 18 <-- 0.008580 s
currentSize : 19 <-- 0.008709 s
currentSize : 21 <-- 0.009413 s

maxsize : 21
nodes : 3906.000000
filtered : 17821.000000
time : 0.010366
