Parameters: GAD=1 vflib=1 dir=1 label=1 lowerbound=1 fileNameGp=../../cp2016-max-common-connected-subgraph-paper/datasets/graphsdb/mcs70/m2D/m2Dr2/mcs70_m2Dr2_s40.A05 fileNameGt=../../cp2016-max-common-connected-subgraph-paper/datasets/graphsdb/mcs70/m2D/m2Dr2/mcs70_m2Dr2_s40.B05
Reading graphs...
40 : 74
40 : 74
Initializing...
maxdom : 11
D->valSize : 225
Solving...
Blb : 2 (clique : 18)
currentSize : 18 <-- 0.001320 s
currentSize : 19 <-- 0.047719 s
currentSize : 20 <-- 0.481792 s
currentSize : 21 <-- 0.555287 s
currentSize : 22 <-- 0.555330 s
currentSize : 23 <-- 0.668574 s
currentSize : 24 <-- 0.918840 s
currentSize : 26 <-- 0.918892 s

maxsize : 26
nodes : 277132.000000
filtered : 2520148.000000
time : 0.952333
