Parameters: GAD=1 vflib=1 dir=1 label=1 lowerbound=1 fileNameGp=../../cp2016-max-common-connected-subgraph-paper/datasets/graphsdb/mcs70/m3D/m3D/mcs70_m3D_s90.A05 fileNameGt=../../cp2016-max-common-connected-subgraph-paper/datasets/graphsdb/mcs70/m3D/m3D/mcs70_m3D_s90.B05
Reading graphs...
90 : 209
90 : 209
Initializing...
maxdom : 10
D->valSize : 583
Solving...
Blb : 2 (clique : 40)
currentSize : 40 <-- 0.007035 s
currentSize : 41 <-- 1.419525 s
currentSize : 42 <-- 1.419613 s
currentSize : 43 <-- 1.645488 s
currentSize : 44 <-- 8.290554 s
currentSize : 45 <-- 11.644790 s
currentSize : 46 <-- 11.644980 s
currentSize : 47 <-- 27.326000 s
currentSize : 49 <-- 27.326069 s
currentSize : 50 <-- 38.935520 s
currentSize : 51 <-- 47.250999 s
currentSize : 52 <-- 60.756733 s
currentSize : 53 <-- 68.927567 s
currentSize : 54 <-- 82.341805 s
currentSize : 56 <-- 82.342567 s
currentSize : 57 <-- 100.531784 s
currentSize : 59 <-- 124.275543 s
currentSize : 62 <-- 140.490173 s
currentSize : 63 <-- 223.922043 s
currentSize : 65 <-- 280.143311 s

maxsize : 65
nodes : 84390362.000000
filtered : 413035203.000000
time : 409.571594
