Parameters: GAD=1 vflib=1 dir=1 label=1 lowerbound=1 fileNameGp=../../cp2016-max-common-connected-subgraph-paper/datasets/graphsdb/mcs70/bvg/b06/mcs70_b06_s80.A03 fileNameGt=../../cp2016-max-common-connected-subgraph-paper/datasets/graphsdb/mcs70/bvg/b06/mcs70_b06_s80.B03
Reading graphs...
80 : 240
80 : 240
Initializing...
maxdom : 9
D->valSize : 484
Solving...
Blb : 2 (clique : 29)
currentSize : 29 <-- 0.008288 s
currentSize : 31 <-- 0.009660 s
currentSize : 35 <-- 0.015671 s
currentSize : 37 <-- 0.015723 s
currentSize : 38 <-- 0.131609 s
currentSize : 40 <-- 0.131720 s
currentSize : 41 <-- 0.141454 s
currentSize : 43 <-- 0.141522 s
currentSize : 48 <-- 0.141629 s
currentSize : 54 <-- 0.173098 s
currentSize : 56 <-- 0.270939 s

maxsize : 56
nodes : 573628.000000
filtered : 4719587.000000
time : 3.334774
