Parameters: GAD=1 vflib=1 dir=1 label=1 lowerbound=1 fileNameGp=../../cp2016-max-common-connected-subgraph-paper/datasets/graphsdb/mcs70/m2D/m2Dr4/mcs70_m2Dr4_s100.A04 fileNameGt=../../cp2016-max-common-connected-subgraph-paper/datasets/graphsdb/mcs70/m2D/m2Dr4/mcs70_m2Dr4_s100.B04
Reading graphs...
100 : 220
100 : 220
Initializing...
maxdom : 10
D->valSize : 368
Solving...
Blb : 3 (clique : 55)
currentSize : 55 <-- 0.006305 s
currentSize : 57 <-- 272.538910 s
currentSize : 58 <-- 272.663513 s
currentSize : 59 <-- 375.899414 s
currentSize : 60 <-- 375.914398 s
currentSize : 61 <-- 375.914734 s
currentSize : 62 <-- 416.026550 s
currentSize : 63 <-- 416.037811 s
currentSize : 64 <-- 416.038177 s
currentSize : 65 <-- 519.743713 s

maxsize : 65
nodes : 174705195.000000
filtered : 743950980.000000
time : 923.580688
