Parameters: GAD=1 vflib=1 dir=1 label=1 lowerbound=1 fileNameGp=../../cp2016-max-common-connected-subgraph-paper/datasets/graphsdb/mcs70/m3D/m3D/mcs70_m3D_s90.A06 fileNameGt=../../cp2016-max-common-connected-subgraph-paper/datasets/graphsdb/mcs70/m3D/m3D/mcs70_m3D_s90.B06
Reading graphs...
90 : 209
90 : 209
Initializing...
maxdom : 11
D->valSize : 600
Solving...
Blb : 2 (clique : 47)
currentSize : 47 <-- 0.008592 s
currentSize : 48 <-- 0.008948 s
currentSize : 49 <-- 0.009096 s
currentSize : 50 <-- 0.009671 s
currentSize : 51 <-- 0.015447 s
currentSize : 52 <-- 0.015519 s
currentSize : 53 <-- 0.016696 s
currentSize : 54 <-- 0.016770 s
currentSize : 55 <-- 0.135425 s
currentSize : 59 <-- 0.874036 s
currentSize : 60 <-- 0.876984 s
currentSize : 62 <-- 1.300406 s
currentSize : 63 <-- 1.301340 s
currentSize : 64 <-- 69.474915 s

maxsize : 64
nodes : 22373828.000000
filtered : 175343144.000000
time : 128.270996
