Parameters: GAD=1 vflib=1 dir=1 label=1 lowerbound=1 fileNameGp=../../cp2016-max-common-connected-subgraph-paper/datasets/graphsdb/mcs70/bvg/b03m/mcs70_b03m_s60.A03 fileNameGt=../../cp2016-max-common-connected-subgraph-paper/datasets/graphsdb/mcs70/bvg/b03m/mcs70_b03m_s60.B03
Reading graphs...
60 : 90
60 : 90
Initializing...
maxdom : 7
D->valSize : 250
Solving...
Blb : 2 (clique : 29)
currentSize : 29 <-- 0.001815 s
currentSize : 30 <-- 0.002135 s
currentSize : 31 <-- 0.003532 s
currentSize : 32 <-- 0.003589 s
currentSize : 33 <-- 0.004938 s
currentSize : 34 <-- 0.030863 s
currentSize : 35 <-- 0.059539 s
currentSize : 36 <-- 0.096086 s
currentSize : 37 <-- 0.097531 s
currentSize : 42 <-- 0.154936 s

maxsize : 42
nodes : 147394.000000
filtered : 488795.000000
time : 0.523693
