Parameters: GAD=1 vflib=1 dir=1 label=1 lowerbound=1 fileNameGp=../../cp2016-max-common-connected-subgraph-paper/datasets/graphsdb/mcs70/m2D/m2Dr4/mcs70_m2Dr4_s90.A02 fileNameGt=../../cp2016-max-common-connected-subgraph-paper/datasets/graphsdb/mcs70/m2D/m2Dr4/mcs70_m2Dr4_s90.B02
Reading graphs...
90 : 197
90 : 197
Initializing...
maxdom : 9
D->valSize : 582
Solving...
Blb : 2 (clique : 44)
currentSize : 44 <-- 0.007167 s
currentSize : 47 <-- 0.007611 s
currentSize : 50 <-- 0.070199 s
currentSize : 51 <-- 0.070299 s
currentSize : 53 <-- 3.907577 s
currentSize : 54 <-- 3.907652 s
currentSize : 56 <-- 3.924956 s
currentSize : 57 <-- 3.925108 s
currentSize : 58 <-- 4.045179 s
currentSize : 60 <-- 10.368495 s
currentSize : 63 <-- 10.368633 s
currentSize : 64 <-- 10.393181 s

TIMEOUT
maxsize : 64
nodes : 198401010.000000
filtered : 1032887299.000000
time : 1000.000061
