Parameters: GAD=1 vflib=1 dir=1 label=1 lowerbound=1 fileNameGp=../../cp2016-max-common-connected-subgraph-paper/datasets/graphsdb/mcs70/bvg/b09/mcs70_b09_s60.A00 fileNameGt=../../cp2016-max-common-connected-subgraph-paper/datasets/graphsdb/mcs70/bvg/b09/mcs70_b09_s60.B00
Reading graphs...
60 : 270
60 : 270
Initializing...
maxdom : 7
D->valSize : 254
Solving...
Blb : 3 (clique : 15)
currentSize : 15 <-- 0.001662 s
currentSize : 16 <-- 0.075472 s
currentSize : 23 <-- 0.164477 s
currentSize : 24 <-- 0.164520 s
currentSize : 26 <-- 0.164627 s
currentSize : 28 <-- 0.164675 s
currentSize : 30 <-- 0.165160 s
currentSize : 33 <-- 0.217358 s
currentSize : 37 <-- 0.222477 s
currentSize : 42 <-- 0.222900 s

maxsize : 42
nodes : 61777.000000
filtered : 343213.000000
time : 0.232743
