Parameters: GAD=1 vflib=1 dir=1 label=1 lowerbound=1 fileNameGp=../../cp2016-max-common-connected-subgraph-paper/datasets/graphsdb/mcs70/m2D/m2D/mcs70_m2D_s90.A03 fileNameGt=../../cp2016-max-common-connected-subgraph-paper/datasets/graphsdb/mcs70/m2D/m2D/mcs70_m2D_s90.B03
Reading graphs...
90 : 161
90 : 161
Initializing...
maxdom : 10
D->valSize : 579
Solving...
Blb : 2 (clique : 48)
currentSize : 48 <-- 0.007205 s
currentSize : 49 <-- 0.007549 s
currentSize : 50 <-- 0.067031 s
currentSize : 51 <-- 0.431896 s
currentSize : 52 <-- 46.389290 s
currentSize : 53 <-- 155.293930 s
currentSize : 54 <-- 156.447983 s
currentSize : 57 <-- 156.458420 s

TIMEOUT
maxsize : 57
nodes : 195954912.000000
filtered : 835539403.000000
time : 1000.000061
