Parameters: GAD=1 vflib=1 dir=1 label=1 lowerbound=1 fileNameGp=../../cp2016-max-common-connected-subgraph-paper/datasets/graphsdb/mcs70/m2D/m2Dr4/mcs70_m2Dr4_s50.A07 fileNameGt=../../cp2016-max-common-connected-subgraph-paper/datasets/graphsdb/mcs70/m2D/m2Dr4/mcs70_m2Dr4_s50.B07
Reading graphs...
50 : 105
50 : 105
Initializing...
maxdom : 8
D->valSize : 324
Solving...
Blb : 2 (clique : 23)
currentSize : 23 <-- 0.002365 s
currentSize : 24 <-- 0.017065 s
currentSize : 26 <-- 0.058409 s
currentSize : 27 <-- 0.058441 s
currentSize : 28 <-- 0.058511 s
currentSize : 33 <-- 0.404156 s
currentSize : 35 <-- 0.404207 s
currentSize : 36 <-- 0.404292 s

maxsize : 36
nodes : 96051.000000
filtered : 913449.000000
time : 0.454483
