Parameters: GAD=1 vflib=1 dir=1 label=1 lowerbound=1 fileNameGp=../../cp2016-max-common-connected-subgraph-paper/datasets/graphsdb/mcs70/bvg/b09/mcs70_b09_s100.A06 fileNameGt=../../cp2016-max-common-connected-subgraph-paper/datasets/graphsdb/mcs70/bvg/b09/mcs70_b09_s100.B06
Reading graphs...
100 : 450
100 : 450
Initializing...
maxdom : 7
D->valSize : 357
Solving...
Blb : 2 (clique : 58)
currentSize : 58 <-- 0.003553 s
currentSize : 61 <-- 0.003971 s
currentSize : 62 <-- 0.004879 s
currentSize : 65 <-- 0.005173 s
currentSize : 68 <-- 0.340097 s
currentSize : 70 <-- 0.340758 s

maxsize : 70
nodes : 1685432.000000
filtered : 11109354.000000
time : 9.979974
