Parameters: GAD=1 vflib=1 dir=1 label=1 lowerbound=1 fileNameGp=../../cp2016-max-common-connected-subgraph-paper/datasets/graphsdb/mcs70/m3D/m3Dr2/mcs70_m3Dr2_s40.A02 fileNameGt=../../cp2016-max-common-connected-subgraph-paper/datasets/graphsdb/mcs70/m3D/m3Dr2/mcs70_m3Dr2_s40.B02
Reading graphs...
40 : 92
40 : 91
Initializing...
maxdom : 8
D->valSize : 205
Solving...
Blb : 5 (clique : 14)
currentSize : 14 <-- 0.001191 s
currentSize : 15 <-- 0.001481 s
currentSize : 16 <-- 0.003472 s
currentSize : 17 <-- 0.009375 s
currentSize : 18 <-- 0.012197 s
currentSize : 19 <-- 0.025918 s
currentSize : 20 <-- 0.031269 s
currentSize : 21 <-- 0.033441 s
currentSize : 23 <-- 0.037142 s
currentSize : 25 <-- 0.040318 s
currentSize : 27 <-- 0.041674 s

maxsize : 27
nodes : 11796.000000
filtered : 104326.000000
time : 0.042310
