Parameters: GAD=1 vflib=1 dir=1 label=1 lowerbound=1 fileNameGp=../../cp2016-max-common-connected-subgraph-paper/datasets/graphsdb/mcs70/bvg/b06/mcs70_b06_s90.A02 fileNameGt=../../cp2016-max-common-connected-subgraph-paper/datasets/graphsdb/mcs70/bvg/b06/mcs70_b06_s90.B02
Reading graphs...
90 : 270
90 : 270
Initializing...
maxdom : 11
D->valSize : 571
Solving...
Blb : 3 (clique : 36)
currentSize : 36 <-- 0.007260 s
currentSize : 37 <-- 0.020830 s
currentSize : 39 <-- 0.021199 s
currentSize : 40 <-- 0.023459 s
currentSize : 41 <-- 0.024386 s
currentSize : 42 <-- 0.078491 s
currentSize : 44 <-- 0.082498 s
currentSize : 45 <-- 0.084037 s
currentSize : 46 <-- 0.682317 s
currentSize : 47 <-- 0.682529 s
currentSize : 48 <-- 0.685133 s
currentSize : 49 <-- 1.642474 s
currentSize : 51 <-- 27.928217 s
currentSize : 52 <-- 27.930016 s
currentSize : 55 <-- 27.961912 s
currentSize : 56 <-- 27.962824 s
currentSize : 61 <-- 36.475399 s
currentSize : 63 <-- 36.475533 s

maxsize : 63
nodes : 12448730.000000
filtered : 69392244.000000
time : 61.723839
