Parameters: GAD=1 vflib=1 dir=1 label=1 lowerbound=1 fileNameGp=../../cp2016-max-common-connected-subgraph-paper/datasets/graphsdb/mcs70/m2D/m2Dr2/mcs70_m2Dr2_s80.A07 fileNameGt=../../cp2016-max-common-connected-subgraph-paper/datasets/graphsdb/mcs70/m2D/m2Dr2/mcs70_m2Dr2_s80.B07
Reading graphs...
80 : 158
80 : 158
Initializing...
maxdom : 11
D->valSize : 450
Solving...
Blb : 2 (clique : 36)
currentSize : 36 <-- 0.004430 s
currentSize : 38 <-- 0.005166 s
currentSize : 39 <-- 0.008039 s
currentSize : 40 <-- 0.037493 s
currentSize : 41 <-- 0.038049 s
currentSize : 42 <-- 0.044183 s
currentSize : 43 <-- 0.045762 s
currentSize : 44 <-- 0.046168 s
currentSize : 45 <-- 0.625855 s
currentSize : 46 <-- 0.626591 s
currentSize : 47 <-- 0.626823 s
currentSize : 48 <-- 21.334673 s
currentSize : 49 <-- 21.335024 s
currentSize : 50 <-- 21.341307 s

maxsize : 50
nodes : 33938553.000000
filtered : 242088856.000000
time : 177.544342
