Parameters: GAD=1 vflib=1 dir=1 label=1 lowerbound=1 fileNameGp=../../cp2016-max-common-connected-subgraph-paper/datasets/graphsdb/mcs70/m2D/m2Dr2/mcs70_m2Dr2_s50.A05 fileNameGt=../../cp2016-max-common-connected-subgraph-paper/datasets/graphsdb/mcs70/m2D/m2Dr2/mcs70_m2Dr2_s50.B05
Reading graphs...
50 : 95
50 : 95
Initializing...
maxdom : 9
D->valSize : 345
Solving...
Blb : 2 (clique : 19)
currentSize : 19 <-- 0.003986 s
currentSize : 21 <-- 0.004145 s
currentSize : 22 <-- 0.004190 s
currentSize : 23 <-- 0.007608 s
currentSize : 26 <-- 0.009994 s
currentSize : 28 <-- 0.016873 s
currentSize : 30 <-- 0.023420 s
currentSize : 31 <-- 0.029655 s
currentSize : 33 <-- 0.057106 s
currentSize : 34 <-- 0.058363 s
currentSize : 35 <-- 0.113766 s
currentSize : 36 <-- 0.621984 s

maxsize : 36
nodes : 283096.000000
filtered : 1828732.000000
time : 0.940472
