Parameters: GAD=1 vflib=1 dir=1 label=1 lowerbound=1 fileNameGp=../../cp2016-max-common-connected-subgraph-paper/datasets/graphsdb/mcs70/bvg/b06/mcs70_b06_s90.A03 fileNameGt=../../cp2016-max-common-connected-subgraph-paper/datasets/graphsdb/mcs70/bvg/b06/mcs70_b06_s90.B03
Reading graphs...
90 : 270
90 : 270
Initializing...
maxdom : 14
D->valSize : 604
Solving...
Blb : 3 (clique : 49)
currentSize : 49 <-- 0.007413 s
currentSize : 50 <-- 0.017643 s
currentSize : 51 <-- 0.028644 s
currentSize : 52 <-- 0.028944 s
currentSize : 56 <-- 0.029096 s
currentSize : 63 <-- 0.065779 s

maxsize : 63
nodes : 11510575.000000
filtered : 131661362.000000
time : 71.382721
