Parameters: GAD=1 vflib=1 dir=1 label=1 lowerbound=1 fileNameGp=../../cp2016-max-common-connected-subgraph-paper/datasets/graphsdb/mcs70/bvg/b06/mcs70_b06_s60.A08 fileNameGt=../../cp2016-max-common-connected-subgraph-paper/datasets/graphsdb/mcs70/bvg/b06/mcs70_b06_s60.B08
Reading graphs...
60 : 180
60 : 180
Initializing...
maxdom : 7
D->valSize : 260
Solving...
Blb : 2 (clique : 26)
currentSize : 26 <-- 0.001771 s
currentSize : 27 <-- 0.020034 s
currentSize : 31 <-- 0.083250 s
currentSize : 32 <-- 0.083289 s
currentSize : 33 <-- 0.083394 s
currentSize : 34 <-- 0.116199 s
currentSize : 39 <-- 0.118415 s
currentSize : 42 <-- 0.118930 s

maxsize : 42
nodes : 32890.000000
filtered : 203526.000000
time : 0.140592
