Parameters: GAD=1 vflib=1 dir=1 label=1 lowerbound=1 fileNameGp=../../cp2016-max-common-connected-subgraph-paper/datasets/graphsdb/mcs70/m2D/m2Dr6/mcs70_m2Dr6_s70.A04 fileNameGt=../../cp2016-max-common-connected-subgraph-paper/datasets/graphsdb/mcs70/m2D/m2Dr6/mcs70_m2Dr6_s70.B04
Reading graphs...
70 : 165
70 : 163
Initializing...
maxdom : 9
D->valSize : 344
Solving...
Blb : 2 (clique : 33)
currentSize : 33 <-- 0.003866 s
currentSize : 35 <-- 0.006630 s
currentSize : 36 <-- 0.006686 s
currentSize : 37 <-- 0.006850 s
currentSize : 38 <-- 0.013117 s
currentSize : 40 <-- 0.013835 s
currentSize : 41 <-- 0.013949 s
currentSize : 44 <-- 0.022853 s
currentSize : 45 <-- 0.022947 s
currentSize : 46 <-- 0.023983 s
currentSize : 49 <-- 0.024128 s

maxsize : 49
nodes : 903882.000000
filtered : 5124179.000000
time : 4.162489
