Parameters: GAD=1 vflib=1 dir=1 label=1 lowerbound=1 fileNameGp=../../cp2016-max-common-connected-subgraph-paper/datasets/graphsdb/mcs90/m3D/m3Dr4/mcs90_m3Dr4_s80.A05 fileNameGt=../../cp2016-max-common-connected-subgraph-paper/datasets/graphsdb/mcs90/m3D/m3Dr4/mcs90_m3Dr4_s80.B05
Reading graphs...
80 : 216
80 : 215
Initializing...
maxdom : 8
D->valSize : 448
Solving...
Blb : 3 (clique : 46)
currentSize : 46 <-- 0.004373 s
currentSize : 47 <-- 0.147235 s
currentSize : 48 <-- 1.328006 s
currentSize : 50 <-- 1.454658 s
currentSize : 51 <-- 1.518475 s
currentSize : 56 <-- 1.518880 s
currentSize : 58 <-- 1.873570 s
currentSize : 64 <-- 1.888747 s

maxsize : 64
nodes : 414661.000000
filtered : 2501788.000000
time : 2.041804
