Parameters: GAD=1 vflib=1 dir=1 label=1 lowerbound=1 fileNameGp=../../cp2016-max-common-connected-subgraph-paper/datasets/graphsdb/mcs90/m3D/m3Dr6/mcs90_m3Dr6_s80.A03 fileNameGt=../../cp2016-max-common-connected-subgraph-paper/datasets/graphsdb/mcs90/m3D/m3Dr6/mcs90_m3Dr6_s80.B03
Reading graphs...
80 : 232
80 : 232
Initializing...
maxdom : 9
D->valSize : 449
Solving...
Blb : 2 (clique : 48)
currentSize : 48 <-- 0.004568 s
currentSize : 51 <-- 0.005274 s
currentSize : 52 <-- 0.006289 s
currentSize : 53 <-- 0.006353 s
currentSize : 54 <-- 0.462589 s
currentSize : 55 <-- 0.462735 s
currentSize : 58 <-- 0.476185 s
currentSize : 60 <-- 0.476319 s
currentSize : 62 <-- 0.476652 s
currentSize : 64 <-- 0.476796 s

maxsize : 64
nodes : 148376.000000
filtered : 676682.000000
time : 0.700218
