Parameters: GAD=1 vflib=1 dir=1 label=1 lowerbound=1 fileNameGp=../../cp2016-max-common-connected-subgraph-paper/datasets/graphsdb/mcs90/m3D/m3Dr2/mcs90_m3Dr2_s80.A04 fileNameGt=../../cp2016-max-common-connected-subgraph-paper/datasets/graphsdb/mcs90/m3D/m3Dr2/mcs90_m3Dr2_s80.B04
Reading graphs...
80 : 200
80 : 198
Initializing...
maxdom : 9
D->valSize : 470
Solving...
Blb : 2 (clique : 38)
currentSize : 38 <-- 0.004851 s
currentSize : 39 <-- 3.300344 s
currentSize : 40 <-- 3.815082 s
currentSize : 42 <-- 5.211648 s
currentSize : 43 <-- 5.665873 s
currentSize : 44 <-- 6.913870 s
currentSize : 47 <-- 7.774425 s
currentSize : 48 <-- 8.598254 s
currentSize : 49 <-- 12.182382 s
currentSize : 50 <-- 12.182446 s
currentSize : 51 <-- 13.906802 s
currentSize : 52 <-- 16.027819 s
currentSize : 53 <-- 16.329073 s
currentSize : 54 <-- 16.869799 s
currentSize : 55 <-- 16.999456 s
currentSize : 57 <-- 17.262468 s
currentSize : 58 <-- 17.568533 s
currentSize : 62 <-- 17.935980 s
currentSize : 64 <-- 17.936651 s

maxsize : 64
nodes : 3829424.000000
filtered : 22702141.000000
time : 18.581091
