Parameters: GAD=1 vflib=1 dir=1 label=1 lowerbound=1 fileNameGp=../../cp2016-max-common-connected-subgraph-paper/datasets/graphsdb/mcs90/m2D/m2Dr4/mcs90_m2Dr4_s80.A00 fileNameGt=../../cp2016-max-common-connected-subgraph-paper/datasets/graphsdb/mcs90/m2D/m2Dr4/mcs90_m2Dr4_s80.B00
Reading graphs...
80 : 173
80 : 173
Initializing...
maxdom : 8
D->valSize : 469
Solving...
Blb : 2 (clique : 40)
currentSize : 40 <-- 0.007999 s
currentSize : 41 <-- 0.008706 s
currentSize : 42 <-- 0.008802 s
currentSize : 43 <-- 0.009557 s
currentSize : 44 <-- 0.010066 s
currentSize : 46 <-- 0.011366 s
currentSize : 48 <-- 0.011592 s
currentSize : 51 <-- 0.032792 s
currentSize : 54 <-- 0.033101 s
currentSize : 57 <-- 4.045572 s
currentSize : 64 <-- 4.045841 s

maxsize : 64
nodes : 882762.000000
filtered : 7002811.000000
time : 4.865389
