Parameters: GAD=1 vflib=1 dir=1 label=1 lowerbound=1 fileNameGp=../../cp2016-max-common-connected-subgraph-paper/datasets/graphsdb/mcs90/m3D/m3D/mcs90_m3D_s80.A04 fileNameGt=../../cp2016-max-common-connected-subgraph-paper/datasets/graphsdb/mcs90/m3D/m3D/mcs90_m3D_s80.B04
Reading graphs...
80 : 184
80 : 184
Initializing...
maxdom : 9
D->valSize : 491
Solving...
Blb : 2 (clique : 37)
currentSize : 37 <-- 0.005031 s
currentSize : 38 <-- 0.065404 s
currentSize : 39 <-- 0.074364 s
currentSize : 40 <-- 3.187717 s
currentSize : 41 <-- 3.214646 s
currentSize : 42 <-- 9.878613 s
currentSize : 49 <-- 13.942893 s
currentSize : 53 <-- 14.609296 s
currentSize : 58 <-- 14.860434 s
currentSize : 64 <-- 15.028736 s

maxsize : 64
nodes : 2572977.000000
filtered : 27561782.000000
time : 15.214311
