Parameters: GAD=1 vflib=1 dir=1 label=1 lowerbound=1 fileNameGp=../../cp2016-max-common-connected-subgraph-paper/datasets/graphsdb/mcs90/m2D/m2D/mcs90_m2D_s100.A00 fileNameGt=../../cp2016-max-common-connected-subgraph-paper/datasets/graphsdb/mcs90/m2D/m2D/mcs90_m2D_s100.B00
Reading graphs...
100 : 180
100 : 180
Initializing...
maxdom : 8
D->valSize : 390
Solving...
Blb : 2 (clique : 63)
currentSize : 63 <-- 0.006647 s
currentSize : 68 <-- 0.007411 s
currentSize : 69 <-- 0.007699 s
currentSize : 71 <-- 0.008096 s
currentSize : 72 <-- 0.008396 s
currentSize : 74 <-- 0.021941 s
currentSize : 75 <-- 0.022280 s
currentSize : 76 <-- 1.209486 s
currentSize : 78 <-- 1.212483 s
currentSize : 79 <-- 1.212715 s
currentSize : 80 <-- 1.556252 s
currentSize : 81 <-- 1.556503 s

maxsize : 81
nodes : 696136.000000
filtered : 2791950.000000
time : 3.545300
