Parameters: GAD=1 vflib=1 dir=1 label=1 lowerbound=1 fileNameGp=../../cp2016-max-common-connected-subgraph-paper/datasets/graphsdb/mcs90/m3D/m3Dr4/mcs90_m3Dr4_s80.A06 fileNameGt=../../cp2016-max-common-connected-subgraph-paper/datasets/graphsdb/mcs90/m3D/m3Dr4/mcs90_m3Dr4_s80.B06
Reading graphs...
80 : 216
80 : 216
Initializing...
maxdom : 9
D->valSize : 452
Solving...
Blb : 2 (clique : 44)
currentSize : 44 <-- 0.007023 s
currentSize : 47 <-- 0.286634 s
currentSize : 48 <-- 0.287024 s
currentSize : 49 <-- 1.272978 s
currentSize : 52 <-- 1.276472 s
currentSize : 53 <-- 1.276926 s
currentSize : 57 <-- 6.390530 s
currentSize : 58 <-- 6.390712 s
currentSize : 63 <-- 6.405257 s
currentSize : 64 <-- 6.405453 s

maxsize : 64
nodes : 1852686.000000
filtered : 7394183.000000
time : 7.463214
