Parameters: GAD=1 vflib=1 dir=1 label=1 lowerbound=1 fileNameGp=../../cp2016-max-common-connected-subgraph-paper/datasets/graphsdb/mcs90/m2D/m2D/mcs90_m2D_s100.A05 fileNameGt=../../cp2016-max-common-connected-subgraph-paper/datasets/graphsdb/mcs90/m2D/m2D/mcs90_m2D_s100.B05
Reading graphs...
100 : 180
100 : 180
Initializing...
maxdom : 6
D->valSize : 380
Solving...
Blb : 2 (clique : 57)
currentSize : 57 <-- 0.004049 s
currentSize : 59 <-- 0.004728 s
currentSize : 61 <-- 0.005566 s
currentSize : 63 <-- 0.013135 s
currentSize : 65 <-- 0.016672 s
currentSize : 68 <-- 0.018199 s
currentSize : 72 <-- 0.019329 s
currentSize : 76 <-- 0.030149 s
currentSize : 80 <-- 0.546418 s
currentSize : 81 <-- 0.578554 s

maxsize : 81
nodes : 134377.000000
filtered : 451185.000000
time : 0.688587
