Parameters: GAD=1 vflib=1 dir=1 label=1 lowerbound=1 fileNameGp=../../cp2016-max-common-connected-subgraph-paper/datasets/graphsdb/mcs90/m2D/m2Dr4/mcs90_m2Dr4_s100.A07 fileNameGt=../../cp2016-max-common-connected-subgraph-paper/datasets/graphsdb/mcs90/m2D/m2Dr4/mcs90_m2Dr4_s100.B07
Reading graphs...
100 : 220
100 : 219
Initializing...
maxdom : 9
D->valSize : 421
Solving...
Blb : 2 (clique : 66)
currentSize : 66 <-- 0.004795 s
currentSize : 68 <-- 0.005246 s
currentSize : 69 <-- 0.010330 s
currentSize : 71 <-- 0.010454 s
currentSize : 73 <-- 0.010664 s
currentSize : 74 <-- 0.193980 s
currentSize : 80 <-- 0.547059 s
currentSize : 81 <-- 0.616236 s

maxsize : 81
nodes : 255028.000000
filtered : 809431.000000
time : 1.244281
