Parameters: GAD=1 vflib=1 dir=1 label=1 lowerbound=1 fileNameGp=../../cp2016-max-common-connected-subgraph-paper/datasets/graphsdb/mcs90/m2D/m2Dr2/mcs90_m2Dr2_s80.A05 fileNameGt=../../cp2016-max-common-connected-subgraph-paper/datasets/graphsdb/mcs90/m2D/m2Dr2/mcs90_m2Dr2_s80.B05
Reading graphs...
80 : 158
80 : 158
Initializing...
maxdom : 10
D->valSize : 448
Solving...
Blb : 2 (clique : 44)
currentSize : 44 <-- 0.004458 s
currentSize : 46 <-- 0.081568 s
currentSize : 47 <-- 0.081810 s
currentSize : 48 <-- 0.427874 s
currentSize : 49 <-- 0.428048 s
currentSize : 51 <-- 0.833789 s
currentSize : 54 <-- 0.835896 s
currentSize : 55 <-- 0.846500 s
currentSize : 56 <-- 1.458261 s
currentSize : 57 <-- 1.462041 s
currentSize : 58 <-- 5.045891 s
currentSize : 59 <-- 5.046042 s
currentSize : 62 <-- 5.046180 s
currentSize : 64 <-- 5.046317 s

maxsize : 64
nodes : 1146105.000000
filtered : 5480942.000000
time : 5.429080
