Parameters: GAD=1 vflib=1 dir=1 label=1 lowerbound=1 fileNameGp=../../cp2016-max-common-connected-subgraph-paper/datasets/graphsdb/mcs90/m2D/m2D/mcs90_m2D_s100.A07 fileNameGt=../../cp2016-max-common-connected-subgraph-paper/datasets/graphsdb/mcs90/m2D/m2D/mcs90_m2D_s100.B07
Reading graphs...
100 : 180
100 : 180
Initializing...
maxdom : 6
D->valSize : 367
Solving...
Blb : 2 (clique : 56)
currentSize : 56 <-- 0.003986 s
currentSize : 57 <-- 0.004350 s
currentSize : 58 <-- 0.004619 s
currentSize : 59 <-- 0.005927 s
currentSize : 60 <-- 0.006809 s
currentSize : 61 <-- 0.013196 s
currentSize : 62 <-- 0.014696 s
currentSize : 63 <-- 0.015410 s
currentSize : 64 <-- 5.911139 s
currentSize : 67 <-- 7.425907 s
currentSize : 68 <-- 7.426144 s
currentSize : 70 <-- 7.426386 s
currentSize : 71 <-- 7.718735 s
currentSize : 72 <-- 7.718886 s
currentSize : 73 <-- 7.719319 s
currentSize : 74 <-- 7.719466 s
currentSize : 75 <-- 7.720024 s
currentSize : 76 <-- 7.720186 s
currentSize : 77 <-- 8.645791 s
currentSize : 78 <-- 8.645964 s
currentSize : 80 <-- 8.902247 s
currentSize : 81 <-- 8.902416 s

maxsize : 81
nodes : 1875938.000000
filtered : 4994751.000000
time : 9.036768
