Parameters: GAD=1 vflib=1 dir=1 label=1 lowerbound=1 fileNameGp=../../cp2016-max-common-connected-subgraph-paper/datasets/graphsdb/mcs90/bvg/b03/mcs90_b03_s90.A07 fileNameGt=../../cp2016-max-common-connected-subgraph-paper/datasets/graphsdb/mcs90/bvg/b03/mcs90_b03_s90.B07
Reading graphs...
90 : 135
90 : 135
Initializing...
maxdom : 9
D->valSize : 572
Solving...
Blb : 2 (clique : 65)
currentSize : 65 <-- 0.007281 s
currentSize : 66 <-- 0.008009 s
currentSize : 67 <-- 0.009306 s
currentSize : 68 <-- 0.025430 s
currentSize : 69 <-- 0.025575 s
currentSize : 70 <-- 0.027019 s
currentSize : 72 <-- 0.149105 s
currentSize : 73 <-- 0.150326 s
currentSize : 75 <-- 0.150771 s
currentSize : 77 <-- 0.155117 s
currentSize : 80 <-- 0.155467 s

maxsize : 80
nodes : 37908.000000
filtered : 119934.000000
time : 0.160737
