Parameters: GAD=1 vflib=1 dir=1 label=1 lowerbound=1 fileNameGp=../../cp2016-max-common-connected-subgraph-paper/datasets/graphsdb/mcs90/m2D/m2Dr2/mcs90_m2Dr2_s100.A02 fileNameGt=../../cp2016-max-common-connected-subgraph-paper/datasets/graphsdb/mcs90/m2D/m2Dr2/mcs90_m2Dr2_s100.B02
Reading graphs...
100 : 200
100 : 200
Initializing...
maxdom : 8
D->valSize : 412
Solving...
Blb : 2 (clique : 60)
currentSize : 60 <-- 0.004558 s
currentSize : 63 <-- 0.004943 s
currentSize : 67 <-- 0.005650 s
currentSize : 70 <-- 0.005799 s
currentSize : 73 <-- 0.007565 s
currentSize : 75 <-- 0.015097 s
currentSize : 76 <-- 0.113064 s
currentSize : 79 <-- 0.113656 s
currentSize : 81 <-- 0.116550 s

maxsize : 81
nodes : 49866.000000
filtered : 238665.000000
time : 0.278484
