Parameters: GAD=1 vflib=1 dir=1 label=1 lowerbound=1 fileNameGp=../../cp2016-max-common-connected-subgraph-paper/datasets/graphsdb/mcs90/bvg/b03m/mcs90_b03m_s50.A09 fileNameGt=../../cp2016-max-common-connected-subgraph-paper/datasets/graphsdb/mcs90/bvg/b03m/mcs90_b03m_s50.B09
Reading graphs...
50 : 75
50 : 75
Initializing...
maxdom : 8
D->valSize : 321
Solving...
Blb : 3 (clique : 28)
currentSize : 28 <-- 0.002310 s
currentSize : 29 <-- 0.002460 s
currentSize : 30 <-- 0.004943 s
currentSize : 31 <-- 0.040035 s
currentSize : 32 <-- 0.041654 s
currentSize : 35 <-- 0.065040 s
currentSize : 38 <-- 0.071717 s
currentSize : 39 <-- 0.077461 s
currentSize : 41 <-- 0.078204 s
currentSize : 44 <-- 0.078907 s

maxsize : 44
nodes : 19720.000000
filtered : 146353.000000
time : 0.079309
