Parameters: GAD=1 vflib=1 dir=1 label=1 lowerbound=1 fileNameGp=../../cp2016-max-common-connected-subgraph-paper/datasets/graphsdb/mcs90/m2D/m2Dr2/mcs90_m2Dr2_s80.A01 fileNameGt=../../cp2016-max-common-connected-subgraph-paper/datasets/graphsdb/mcs90/m2D/m2Dr2/mcs90_m2Dr2_s80.B01
Reading graphs...
80 : 158
80 : 157
Initializing...
maxdom : 11
D->valSize : 510
Solving...
Blb : 2 (clique : 52)
currentSize : 52 <-- 0.008564 s
currentSize : 53 <-- 0.009024 s
currentSize : 54 <-- 0.009336 s
currentSize : 55 <-- 0.009432 s
currentSize : 57 <-- 0.010195 s
currentSize : 58 <-- 0.010342 s
currentSize : 60 <-- 0.010501 s
currentSize : 64 <-- 0.014015 s

maxsize : 64
nodes : 78700.000000
filtered : 556997.000000
time : 0.425439
