Parameters: GAD=1 vflib=1 dir=1 label=1 lowerbound=1 fileNameGp=../../cp2016-max-common-connected-subgraph-paper/datasets/graphsdb/mcs90/m3D/m3Dr6/mcs90_m3Dr6_s80.A01 fileNameGt=../../cp2016-max-common-connected-subgraph-paper/datasets/graphsdb/mcs90/m3D/m3Dr6/mcs90_m3Dr6_s80.B01
Reading graphs...
80 : 232
80 : 232
Initializing...
maxdom : 8
D->valSize : 446
Solving...
Blb : 2 (clique : 44)
currentSize : 44 <-- 0.004385 s
currentSize : 45 <-- 0.004854 s
currentSize : 49 <-- 0.005284 s
currentSize : 52 <-- 0.006600 s
currentSize : 53 <-- 0.008662 s
currentSize : 54 <-- 0.008838 s
currentSize : 55 <-- 0.008949 s
currentSize : 56 <-- 0.206869 s
currentSize : 57 <-- 0.207005 s
currentSize : 59 <-- 0.207595 s
currentSize : 60 <-- 0.207744 s
currentSize : 61 <-- 0.209035 s
currentSize : 62 <-- 0.209185 s
currentSize : 64 <-- 0.209362 s

maxsize : 64
nodes : 92150.000000
filtered : 478134.000000
time : 0.418791
