Parameters: GAD=1 vflib=1 dir=1 label=1 lowerbound=1 fileNameGp=../../cp2016-max-common-connected-subgraph-paper/datasets/graphsdb/mcs90/bvg/b03/mcs90_b03_s90.A04 fileNameGt=../../cp2016-max-common-connected-subgraph-paper/datasets/graphsdb/mcs90/bvg/b03/mcs90_b03_s90.B04
Reading graphs...
90 : 135
90 : 135
Initializing...
maxdom : 10
D->valSize : 568
Solving...
Blb : 2 (clique : 60)
currentSize : 60 <-- 0.008069 s
currentSize : 62 <-- 0.008611 s
currentSize : 63 <-- 0.008669 s
currentSize : 66 <-- 0.009470 s
currentSize : 67 <-- 0.009522 s
currentSize : 68 <-- 0.009805 s
currentSize : 69 <-- 0.009858 s
currentSize : 71 <-- 0.010012 s
currentSize : 75 <-- 6.990810 s
currentSize : 76 <-- 7.313977 s
currentSize : 79 <-- 7.315046 s
currentSize : 80 <-- 7.315144 s

maxsize : 80
nodes : 1308765.000000
filtered : 7868877.000000
time : 7.326283
