Parameters: GAD=1 vflib=1 dir=1 label=1 lowerbound=1 fileNameGp=../../cp2016-max-common-connected-subgraph-paper/datasets/graphsdb/mcs90/m4D/m4Dr4/mcs90_m4Dr4_s100.A05 fileNameGt=../../cp2016-max-common-connected-subgraph-paper/datasets/graphsdb/mcs90/m4D/m4Dr4/mcs90_m4Dr4_s100.B05
Reading graphs...
100 : 263
100 : 262
Initializing...
maxdom : 8
D->valSize : 368
Solving...
Blb : 3 (clique : 71)
currentSize : 71 <-- 0.003972 s
currentSize : 72 <-- 0.091067 s
currentSize : 74 <-- 3.382813 s
currentSize : 75 <-- 3.383022 s
currentSize : 76 <-- 3.383605 s
currentSize : 79 <-- 3.861731 s
currentSize : 80 <-- 3.861924 s
currentSize : 81 <-- 3.862368 s

maxsize : 81
nodes : 969280.000000
filtered : 3142133.000000
time : 4.880217
