Parameters: GAD=1 vflib=1 dir=1 label=1 lowerbound=1 fileNameGp=../../cp2016-max-common-connected-subgraph-paper/datasets/graphsdb/mcs90/bvg/b03m/mcs90_b03m_s80.A09 fileNameGt=../../cp2016-max-common-connected-subgraph-paper/datasets/graphsdb/mcs90/bvg/b03m/mcs90_b03m_s80.B09
Reading graphs...
80 : 120
80 : 120
Initializing...
maxdom : 9
D->valSize : 457
Solving...
Blb : 2 (clique : 59)
currentSize : 59 <-- 0.005806 s
currentSize : 61 <-- 0.010353 s
currentSize : 62 <-- 0.010454 s
currentSize : 63 <-- 0.130355 s
currentSize : 64 <-- 0.130433 s
currentSize : 65 <-- 0.130596 s
currentSize : 66 <-- 0.213968 s
currentSize : 67 <-- 0.214108 s
currentSize : 68 <-- 0.247204 s
currentSize : 69 <-- 0.247369 s
currentSize : 70 <-- 0.411857 s
currentSize : 71 <-- 0.412942 s
currentSize : 72 <-- 0.413153 s

maxsize : 72
nodes : 88302.000000
filtered : 334197.000000
time : 0.507600
