Parameters: GAD=1 vflib=1 dir=1 label=1 lowerbound=1 fileNameGp=../../cp2016-max-common-connected-subgraph-paper/datasets/graphsdb/mcs90/bvg/b03m/mcs90_b03m_s70.A04 fileNameGt=../../cp2016-max-common-connected-subgraph-paper/datasets/graphsdb/mcs90/bvg/b03m/mcs90_b03m_s70.B04
Reading graphs...
70 : 105
70 : 105
Initializing...
maxdom : 10
D->valSize : 402
Solving...
Blb : 2 (clique : 53)
currentSize : 53 <-- 0.006385 s
currentSize : 54 <-- 0.006888 s
currentSize : 55 <-- 0.009276 s
currentSize : 56 <-- 0.011724 s
currentSize : 57 <-- 0.013076 s
currentSize : 58 <-- 0.014671 s
currentSize : 59 <-- 0.017264 s
currentSize : 60 <-- 0.017737 s
currentSize : 61 <-- 0.018747 s
currentSize : 62 <-- 0.019460 s

maxsize : 62
nodes : 2149.000000
filtered : 10398.000000
time : 0.019899
