Parameters: GAD=1 vflib=1 dir=1 label=1 lowerbound=1 fileNameGp=../../cp2016-max-common-connected-subgraph-paper/datasets/graphsdb/mcs90/bvg/b03m/mcs90_b03m_s100.A03 fileNameGt=../../cp2016-max-common-connected-subgraph-paper/datasets/graphsdb/mcs90/bvg/b03m/mcs90_b03m_s100.B03
Reading graphs...
100 : 150
100 : 150
Initializing...
maxdom : 6
D->valSize : 385
Solving...
Blb : 2 (clique : 74)
currentSize : 74 <-- 0.006747 s
currentSize : 77 <-- 0.007688 s
currentSize : 79 <-- 0.008522 s
currentSize : 81 <-- 0.009945 s
currentSize : 84 <-- 0.011575 s
currentSize : 86 <-- 0.015691 s
currentSize : 87 <-- 0.059552 s
currentSize : 88 <-- 0.060088 s
currentSize : 89 <-- 0.147041 s
currentSize : 90 <-- 0.147603 s

maxsize : 90
nodes : 23920.000000
filtered : 78252.000000
time : 0.192902
