Parameters: GAD=1 vflib=1 dir=1 label=1 lowerbound=1 fileNameGp=../../cp2016-max-common-connected-subgraph-paper/datasets/graphsdb/mcs90/m3D/m3D/mcs90_m3D_s70.A05 fileNameGt=../../cp2016-max-common-connected-subgraph-paper/datasets/graphsdb/mcs90/m3D/m3D/mcs90_m3D_s70.B05
Reading graphs...
70 : 159
70 : 159
Initializing...
maxdom : 8
D->valSize : 348
Solving...
Blb : 2 (clique : 39)
currentSize : 39 <-- 0.004990 s
currentSize : 40 <-- 0.005330 s
currentSize : 41 <-- 0.005555 s
currentSize : 43 <-- 0.006841 s
currentSize : 44 <-- 0.006914 s
currentSize : 45 <-- 0.008662 s
currentSize : 47 <-- 0.009505 s
currentSize : 50 <-- 0.009671 s
currentSize : 51 <-- 0.015698 s
currentSize : 53 <-- 0.017210 s
currentSize : 54 <-- 0.017391 s
currentSize : 58 <-- 0.017535 s
currentSize : 64 <-- 0.019489 s

maxsize : 64
nodes : 2716.000000
filtered : 8242.000000
time : 0.020312
