Parameters: GAD=1 vflib=1 dir=1 label=1 lowerbound=1 fileNameGp=../../cp2016-max-common-connected-subgraph-paper/datasets/graphsdb/mcs90/m2D/m2D/mcs90_m2D_s100.A09 fileNameGt=../../cp2016-max-common-connected-subgraph-paper/datasets/graphsdb/mcs90/m2D/m2D/mcs90_m2D_s100.B09
Reading graphs...
100 : 180
100 : 180
Initializing...
maxdom : 7
D->valSize : 404
Solving...
Blb : 2 (clique : 62)
currentSize : 62 <-- 0.007644 s
currentSize : 64 <-- 0.008370 s
currentSize : 66 <-- 0.008728 s
currentSize : 68 <-- 0.009003 s
currentSize : 70 <-- 0.009290 s
currentSize : 71 <-- 0.009643 s
currentSize : 73 <-- 0.193383 s
currentSize : 75 <-- 0.194143 s
currentSize : 76 <-- 0.928139 s
currentSize : 77 <-- 0.928369 s
currentSize : 79 <-- 0.928550 s
currentSize : 80 <-- 4.950634 s
currentSize : 81 <-- 4.950883 s

maxsize : 81
nodes : 2135888.000000
filtered : 8103244.000000
time : 11.032083
