Parameters: GAD=1 vflib=1 dir=1 label=1 lowerbound=1 fileNameGp=../../cp2016-max-common-connected-subgraph-paper/datasets/graphsdb/mcs90/m2D/m2D/mcs90_m2D_s80.A00 fileNameGt=../../cp2016-max-common-connected-subgraph-paper/datasets/graphsdb/mcs90/m2D/m2D/mcs90_m2D_s80.B00
Reading graphs...
80 : 142
80 : 142
Initializing...
maxdom : 7
D->valSize : 428
Solving...
Blb : 2 (clique : 44)
currentSize : 44 <-- 0.007146 s
currentSize : 45 <-- 0.007604 s
currentSize : 46 <-- 0.007674 s
currentSize : 47 <-- 0.032605 s
currentSize : 48 <-- 0.053265 s
currentSize : 49 <-- 0.552772 s
currentSize : 51 <-- 0.642725 s
currentSize : 52 <-- 0.645398 s
currentSize : 53 <-- 0.649026 s
currentSize : 54 <-- 0.803731 s
currentSize : 56 <-- 0.804547 s
currentSize : 60 <-- 6.024084 s
currentSize : 61 <-- 8.012926 s
currentSize : 63 <-- 8.756388 s
currentSize : 64 <-- 14.222106 s

maxsize : 64
nodes : 5129944.000000
filtered : 26701936.000000
time : 24.511021
