Parameters: GAD=1 vflib=1 dir=1 label=1 lowerbound=1 fileNameGp=../../cp2016-max-common-connected-subgraph-paper/datasets/graphsdb/mcs90/m3D/m3Dr6/mcs90_m3Dr6_s80.A09 fileNameGt=../../cp2016-max-common-connected-subgraph-paper/datasets/graphsdb/mcs90/m3D/m3Dr6/mcs90_m3Dr6_s80.B09
Reading graphs...
80 : 232
80 : 231
Initializing...
maxdom : 10
D->valSize : 468
Solving...
Blb : 2 (clique : 44)
currentSize : 44 <-- 0.004690 s
currentSize : 47 <-- 0.005267 s
currentSize : 49 <-- 0.005400 s
currentSize : 51 <-- 0.005563 s
currentSize : 52 <-- 0.006137 s
currentSize : 54 <-- 0.006296 s
currentSize : 56 <-- 0.006481 s
currentSize : 57 <-- 0.007195 s
currentSize : 59 <-- 0.007385 s
currentSize : 62 <-- 0.008090 s
currentSize : 64 <-- 0.008299 s

maxsize : 64
nodes : 31167.000000
filtered : 210090.000000
time : 0.165136
