Parameters: GAD=1 vflib=1 dir=1 label=1 lowerbound=1 fileNameGp=../../cp2016-max-common-connected-subgraph-paper/datasets/graphsdb/mcs90/m2D/m2Dr4/mcs90_m2Dr4_s80.A02 fileNameGt=../../cp2016-max-common-connected-subgraph-paper/datasets/graphsdb/mcs90/m2D/m2Dr4/mcs90_m2Dr4_s80.B02
Reading graphs...
80 : 174
80 : 174
Initializing...
maxdom : 8
D->valSize : 448
Solving...
Blb : 2 (clique : 52)
currentSize : 52 <-- 0.007263 s
currentSize : 54 <-- 0.008941 s
currentSize : 57 <-- 0.025871 s
currentSize : 58 <-- 0.026007 s
currentSize : 59 <-- 0.026576 s
currentSize : 60 <-- 0.188643 s
currentSize : 61 <-- 1.978673 s
currentSize : 63 <-- 1.978994 s
currentSize : 64 <-- 2.091700 s

maxsize : 64
nodes : 665864.000000
filtered : 3364518.000000
time : 3.219423
