Parameters: GAD=1 vflib=1 dir=1 label=1 lowerbound=1 fileNameGp=../../cp2016-max-common-connected-subgraph-paper/datasets/graphsdb/mcs90/m3D/m3D/mcs90_m3D_s80.A09 fileNameGt=../../cp2016-max-common-connected-subgraph-paper/datasets/graphsdb/mcs90/m3D/m3D/mcs90_m3D_s80.B09
Reading graphs...
80 : 184
80 : 184
Initializing...
maxdom : 8
D->valSize : 465
Solving...
Blb : 2 (clique : 40)
currentSize : 40 <-- 0.007962 s
currentSize : 42 <-- 23.444208 s
currentSize : 44 <-- 23.444824 s
currentSize : 46 <-- 44.886665 s
currentSize : 48 <-- 61.754425 s
currentSize : 49 <-- 71.823769 s
currentSize : 51 <-- 77.287270 s
currentSize : 52 <-- 78.412842 s
currentSize : 57 <-- 78.413002 s
currentSize : 58 <-- 79.227234 s
currentSize : 59 <-- 79.379242 s
currentSize : 63 <-- 79.683174 s
currentSize : 64 <-- 79.683395 s

maxsize : 64
nodes : 15140155.000000
filtered : 113611884.000000
time : 80.258049
