Parameters: GAD=1 vflib=1 dir=1 label=1 lowerbound=1 fileNameGp=../../cp2016-max-common-connected-subgraph-paper/datasets/graphsdb/mcs90/bvg/b03/mcs90_b03_s90.A02 fileNameGt=../../cp2016-max-common-connected-subgraph-paper/datasets/graphsdb/mcs90/bvg/b03/mcs90_b03_s90.B02
Reading graphs...
90 : 135
90 : 135
Initializing...
maxdom : 9
D->valSize : 570
Solving...
Blb : 2 (clique : 60)
currentSize : 60 <-- 0.011422 s
currentSize : 61 <-- 0.012105 s
currentSize : 63 <-- 0.012153 s
currentSize : 64 <-- 0.012277 s
currentSize : 65 <-- 0.014947 s
currentSize : 68 <-- 0.015004 s
currentSize : 72 <-- 0.018034 s
currentSize : 75 <-- 0.022041 s
currentSize : 76 <-- 0.022283 s
currentSize : 79 <-- 0.035468 s
currentSize : 80 <-- 0.035712 s

maxsize : 80
nodes : 6715.000000
filtered : 15713.000000
time : 0.050654
