Parameters: GAD=1 vflib=1 dir=1 label=1 lowerbound=1 fileNameGp=../../cp2016-max-common-connected-subgraph-paper/datasets/graphsdb/mcs90/bvg/b03/mcs90_b03_s80.A04 fileNameGt=../../cp2016-max-common-connected-subgraph-paper/datasets/graphsdb/mcs90/bvg/b03/mcs90_b03_s80.B04
Reading graphs...
80 : 120
80 : 120
Initializing...
maxdom : 8
D->valSize : 445
Solving...
Blb : 3 (clique : 52)
currentSize : 52 <-- 0.004841 s
currentSize : 53 <-- 0.005937 s
currentSize : 56 <-- 0.007667 s
currentSize : 57 <-- 0.009335 s
currentSize : 60 <-- 0.010646 s
currentSize : 63 <-- 0.014987 s
currentSize : 67 <-- 0.026236 s
currentSize : 68 <-- 0.026639 s
currentSize : 69 <-- 0.031022 s
currentSize : 72 <-- 0.039838 s

maxsize : 72
nodes : 8966.000000
filtered : 29571.000000
time : 0.040380
