Parameters: GAD=1 vflib=1 dir=1 label=1 lowerbound=1 fileNameGp=../../cp2016-max-common-connected-subgraph-paper/datasets/graphsdb/mcs90/m2D/m2Dr6/mcs90_m2Dr6_s100.A06 fileNameGt=../../cp2016-max-common-connected-subgraph-paper/datasets/graphsdb/mcs90/m2D/m2Dr6/mcs90_m2Dr6_s100.B06
Reading graphs...
100 : 240
100 : 240
Initializing...
maxdom : 7
D->valSize : 365
Solving...
Blb : 2 (clique : 72)
currentSize : 72 <-- 0.006670 s
currentSize : 74 <-- 0.007337 s
currentSize : 75 <-- 0.007918 s
currentSize : 76 <-- 0.008486 s
currentSize : 77 <-- 0.406555 s
currentSize : 78 <-- 0.407504 s
currentSize : 79 <-- 0.414787 s
currentSize : 80 <-- 0.415376 s
currentSize : 81 <-- 0.415955 s

maxsize : 81
nodes : 64799.000000
filtered : 279126.000000
time : 0.572947
