Parameters: GAD=1 vflib=1 dir=1 label=1 lowerbound=1 fileNameGp=../../cp2016-max-common-connected-subgraph-paper/datasets/graphsdb/mcs90/m2D/m2D/mcs90_m2D_s70.A00 fileNameGt=../../cp2016-max-common-connected-subgraph-paper/datasets/graphsdb/mcs90/m2D/m2D/mcs90_m2D_s70.B00
Reading graphs...
70 : 123
70 : 123
Initializing...
maxdom : 9
D->valSize : 359
Solving...
Blb : 3 (clique : 43)
currentSize : 43 <-- 0.003284 s
currentSize : 47 <-- 0.006640 s
currentSize : 50 <-- 0.017406 s
currentSize : 53 <-- 0.017541 s
currentSize : 54 <-- 0.020070 s
currentSize : 57 <-- 0.020743 s
currentSize : 58 <-- 0.021591 s
currentSize : 60 <-- 0.022514 s
currentSize : 64 <-- 0.022801 s

maxsize : 64
nodes : 4781.000000
filtered : 23500.000000
time : 0.023055
