Parameters: GAD=1 vflib=1 dir=1 label=1 lowerbound=1 fileNameGp=../../cp2016-max-common-connected-subgraph-paper/datasets/graphsdb/mcs90/m3D/m3Dr6/mcs90_m3Dr6_s80.A08 fileNameGt=../../cp2016-max-common-connected-subgraph-paper/datasets/graphsdb/mcs90/m3D/m3Dr6/mcs90_m3Dr6_s80.B08
Reading graphs...
80 : 232
80 : 231
Initializing...
maxdom : 8
D->valSize : 437
Solving...
Blb : 3 (clique : 36)
currentSize : 36 <-- 0.006444 s
currentSize : 48 <-- 0.006810 s
currentSize : 51 <-- 0.007088 s
currentSize : 54 <-- 0.007455 s
currentSize : 55 <-- 0.007687 s
currentSize : 56 <-- 0.008066 s
currentSize : 58 <-- 1.207802 s
currentSize : 59 <-- 1.208069 s
currentSize : 63 <-- 1.333911 s
currentSize : 64 <-- 1.334183 s

maxsize : 64
nodes : 272435.000000
filtered : 2051732.000000
time : 1.415544
