Parameters: GAD=1 vflib=1 dir=1 label=1 lowerbound=1 fileNameGp=../../cp2016-max-common-connected-subgraph-paper/datasets/graphsdb/mcs90/m4D/m4D/mcs90_m4D_s100.A03 fileNameGt=../../cp2016-max-common-connected-subgraph-paper/datasets/graphsdb/mcs90/m4D/m4D/mcs90_m4D_s100.B03
Reading graphs...
100 : 223
100 : 223
Initializing...
maxdom : 7
D->valSize : 349
Solving...
Blb : 2 (clique : 72)
currentSize : 72 <-- 0.006428 s
currentSize : 73 <-- 0.007288 s
currentSize : 74 <-- 0.007712 s
currentSize : 75 <-- 0.008097 s
currentSize : 76 <-- 0.008811 s
currentSize : 77 <-- 0.213646 s
currentSize : 78 <-- 1.163144 s
currentSize : 79 <-- 1.163401 s
currentSize : 80 <-- 1.203539 s
currentSize : 81 <-- 1.317573 s

maxsize : 81
nodes : 3166221.000000
filtered : 6483220.000000
time : 14.116950
