Parameters: GAD=1 vflib=1 dir=1 label=1 lowerbound=1 fileNameGp=../../cp2016-max-common-connected-subgraph-paper/datasets/graphsdb/mcs90/m2D/m2D/mcs90_m2D_s100.A08 fileNameGt=../../cp2016-max-common-connected-subgraph-paper/datasets/graphsdb/mcs90/m2D/m2D/mcs90_m2D_s100.B08
Reading graphs...
100 : 180
100 : 180
Initializing...
maxdom : 7
D->valSize : 371
Solving...
Blb : 2 (clique : 56)
currentSize : 56 <-- 0.006641 s
currentSize : 60 <-- 0.007550 s
currentSize : 62 <-- 0.008623 s
currentSize : 65 <-- 0.013911 s
currentSize : 66 <-- 0.019112 s
currentSize : 70 <-- 0.236459 s
currentSize : 72 <-- 0.542597 s
currentSize : 76 <-- 0.546250 s
currentSize : 77 <-- 3.372549 s
currentSize : 78 <-- 4.276808 s
currentSize : 80 <-- 4.439467 s
currentSize : 81 <-- 5.908212 s

maxsize : 81
nodes : 1399983.000000
filtered : 3761181.000000
time : 6.385519
