Parameters: GAD=1 vflib=1 dir=1 label=1 lowerbound=1 fileNameGp=../../cp2016-max-common-connected-subgraph-paper/datasets/graphsdb/mcs90/bvg/b03/mcs90_b03_s100.A09 fileNameGt=../../cp2016-max-common-connected-subgraph-paper/datasets/graphsdb/mcs90/bvg/b03/mcs90_b03_s100.B09
Reading graphs...
100 : 150
100 : 150
Initializing...
maxdom : 7
D->valSize : 414
Solving...
Blb : 2 (clique : 75)
currentSize : 75 <-- 0.008353 s
currentSize : 77 <-- 0.009533 s
currentSize : 79 <-- 0.566106 s
currentSize : 81 <-- 0.566430 s
currentSize : 86 <-- 1.151684 s
currentSize : 90 <-- 1.159742 s

maxsize : 90
nodes : 220315.000000
filtered : 559279.000000
time : 1.168807
