Parameters: GAD=1 vflib=1 dir=1 label=1 lowerbound=1 fileNameGp=../../cp2016-max-common-connected-subgraph-paper/datasets/graphsdb/mcs90/m4D/m4Dr6/mcs90_m4Dr6_s100.A06 fileNameGt=../../cp2016-max-common-connected-subgraph-paper/datasets/graphsdb/mcs90/m4D/m4Dr6/mcs90_m4Dr6_s100.B06
Reading graphs...
100 : 283
100 : 283
Initializing...
maxdom : 8
D->valSize : 394
Solving...
Blb : 2 (clique : 62)
currentSize : 62 <-- 0.007099 s
currentSize : 66 <-- 0.104723 s
currentSize : 67 <-- 0.225763 s
currentSize : 69 <-- 0.238491 s
currentSize : 71 <-- 0.239089 s
currentSize : 74 <-- 0.445742 s
currentSize : 76 <-- 0.446030 s
currentSize : 78 <-- 0.781913 s
currentSize : 81 <-- 0.782232 s

maxsize : 81
nodes : 189630.000000
filtered : 870488.000000
time : 1.003587
