Parameters: GAD=1 vflib=1 dir=1 label=1 lowerbound=1 fileNameGp=../../cp2016-max-common-connected-subgraph-paper/datasets/graphsdb/mcs90/m2D/m2Dr2/mcs90_m2Dr2_s80.A08 fileNameGt=../../cp2016-max-common-connected-subgraph-paper/datasets/graphsdb/mcs90/m2D/m2Dr2/mcs90_m2Dr2_s80.B08
Reading graphs...
80 : 158
80 : 157
Initializing...
maxdom : 12
D->valSize : 545
Solving...
Blb : 2 (clique : 39)
currentSize : 39 <-- 0.006095 s
currentSize : 42 <-- 0.006367 s
currentSize : 43 <-- 0.006466 s
currentSize : 45 <-- 0.007182 s
currentSize : 47 <-- 0.008054 s
currentSize : 48 <-- 0.008159 s
currentSize : 49 <-- 0.008404 s
currentSize : 50 <-- 0.010647 s
currentSize : 52 <-- 0.010841 s
currentSize : 54 <-- 0.012315 s
currentSize : 56 <-- 0.085792 s
currentSize : 59 <-- 0.086766 s
currentSize : 60 <-- 0.125227 s
currentSize : 64 <-- 0.125461 s

maxsize : 64
nodes : 239977.000000
filtered : 1841973.000000
time : 1.361011
