Parameters: GAD=1 vflib=1 dir=1 label=1 lowerbound=1 fileNameGp=../../cp2016-max-common-connected-subgraph-paper/datasets/graphsdb/mcs90/m2D/m2Dr6/mcs90_m2Dr6_s80.A02 fileNameGt=../../cp2016-max-common-connected-subgraph-paper/datasets/graphsdb/mcs90/m2D/m2Dr6/mcs90_m2Dr6_s80.B02
Reading graphs...
80 : 190
80 : 189
Initializing...
maxdom : 9
D->valSize : 478
Solving...
Blb : 3 (clique : 44)
currentSize : 44 <-- 0.005044 s
currentSize : 46 <-- 0.201733 s
currentSize : 47 <-- 3.179252 s
currentSize : 48 <-- 3.804102 s
currentSize : 50 <-- 17.608215 s
currentSize : 51 <-- 19.297514 s
currentSize : 54 <-- 19.428228 s
currentSize : 55 <-- 23.672356 s
currentSize : 56 <-- 23.672504 s
currentSize : 57 <-- 23.672779 s
currentSize : 59 <-- 23.727856 s
currentSize : 60 <-- 23.728020 s
currentSize : 61 <-- 23.728312 s
currentSize : 62 <-- 23.728498 s
currentSize : 63 <-- 25.729851 s
currentSize : 64 <-- 25.730076 s

maxsize : 64
nodes : 6044975.000000
filtered : 30143100.000000
time : 27.114698
