Parameters: GAD=1 vflib=1 dir=1 label=1 lowerbound=1 fileNameGp=../../cp2016-max-common-connected-subgraph-paper/datasets/graphsdb/mcs90/bvg/b03m/mcs90_b03m_s70.A02 fileNameGt=../../cp2016-max-common-connected-subgraph-paper/datasets/graphsdb/mcs90/bvg/b03m/mcs90_b03m_s70.B02
Reading graphs...
70 : 105
70 : 105
Initializing...
maxdom : 7
D->valSize : 354
Solving...
Blb : 3 (clique : 43)
currentSize : 43 <-- 0.004236 s
currentSize : 44 <-- 0.004512 s
currentSize : 45 <-- 0.006346 s
currentSize : 49 <-- 0.008729 s
currentSize : 53 <-- 0.022231 s
currentSize : 56 <-- 0.026224 s
currentSize : 57 <-- 0.031224 s
currentSize : 58 <-- 0.031723 s
currentSize : 62 <-- 0.032188 s

maxsize : 62
nodes : 6350.000000
filtered : 32078.000000
time : 0.032496
