Parameters: GAD=1 vflib=1 dir=1 label=1 lowerbound=1 fileNameGp=../../cp2016-max-common-connected-subgraph-paper/datasets/graphsdb/mcs90/rand/r005/mcs90_r005_s90.A08 fileNameGt=../../cp2016-max-common-connected-subgraph-paper/datasets/graphsdb/mcs90/rand/r005/mcs90_r005_s90.B08
Reading graphs...
90 : 399
90 : 399
Initializing...
maxdom : 10
D->valSize : 577
Solving...
Blb : 2 (clique : 36)
currentSize : 36 <-- 0.006681 s
currentSize : 38 <-- 0.020254 s
currentSize : 39 <-- 0.020312 s
currentSize : 42 <-- 0.021314 s
currentSize : 43 <-- 0.021385 s
currentSize : 48 <-- 0.055192 s
currentSize : 53 <-- 0.065021 s
currentSize : 54 <-- 0.117874 s
currentSize : 59 <-- 0.118098 s
currentSize : 61 <-- 0.119369 s
currentSize : 69 <-- 0.119637 s
currentSize : 81 <-- 0.125962 s

maxsize : 81
nodes : 21421.000000
filtered : 171193.000000
time : 0.126687
