Parameters: GAD=1 vflib=1 dir=1 label=1 lowerbound=1 fileNameGp=../../cp2016-max-common-connected-subgraph-paper/datasets/graphsdb/mcs90/m2D/m2Dr2/mcs90_m2Dr2_s100.A06 fileNameGt=../../cp2016-max-common-connected-subgraph-paper/datasets/graphsdb/mcs90/m2D/m2Dr2/mcs90_m2Dr2_s100.B06
Reading graphs...
100 : 200
100 : 200
Initializing...
maxdom : 6
D->valSize : 388
Solving...
Blb : 2 (clique : 61)
currentSize : 61 <-- 0.004188 s
currentSize : 62 <-- 0.004598 s
currentSize : 64 <-- 0.004766 s
currentSize : 65 <-- 0.006327 s
currentSize : 66 <-- 0.008228 s
currentSize : 67 <-- 0.010160 s
currentSize : 69 <-- 0.010274 s
currentSize : 70 <-- 0.012130 s
currentSize : 73 <-- 0.013217 s
currentSize : 74 <-- 0.036841 s
currentSize : 78 <-- 0.037206 s
currentSize : 79 <-- 0.046200 s
currentSize : 80 <-- 0.371805 s
currentSize : 81 <-- 0.375707 s

maxsize : 81
nodes : 78181.000000
filtered : 284662.000000
time : 0.442612
