Parameters: GAD=1 vflib=1 dir=1 label=1 lowerbound=1 fileNameGp=../../cp2016-max-common-connected-subgraph-paper/datasets/graphsdb/mcs90/m2D/m2Dr4/mcs90_m2Dr4_s90.A05 fileNameGt=../../cp2016-max-common-connected-subgraph-paper/datasets/graphsdb/mcs90/m2D/m2Dr4/mcs90_m2Dr4_s90.B05
Reading graphs...
90 : 197
90 : 197
Initializing...
maxdom : 9
D->valSize : 559
Solving...
Blb : 3 (clique : 53)
currentSize : 53 <-- 0.006935 s
currentSize : 55 <-- 0.007374 s
currentSize : 57 <-- 0.007591 s
currentSize : 59 <-- 0.007756 s
currentSize : 60 <-- 0.008034 s
currentSize : 62 <-- 0.008380 s
currentSize : 70 <-- 0.012019 s
currentSize : 75 <-- 0.014866 s
currentSize : 76 <-- 0.018866 s
currentSize : 81 <-- 0.019197 s

maxsize : 81
nodes : 3064.000000
filtered : 14636.000000
time : 0.020014
