Parameters: GAD=1 vflib=1 dir=1 label=1 lowerbound=1 fileNameGp=../../cp2016-max-common-connected-subgraph-paper/datasets/graphsdb/mcs90/bvg/b06m/mcs90_b06m_s80.A07 fileNameGt=../../cp2016-max-common-connected-subgraph-paper/datasets/graphsdb/mcs90/bvg/b06m/mcs90_b06m_s80.B07
Reading graphs...
80 : 240
80 : 240
Initializing...
maxdom : 10
D->valSize : 497
Solving...
Blb : 2 (clique : 54)
currentSize : 54 <-- 0.005754 s
currentSize : 56 <-- 0.006042 s
currentSize : 60 <-- 0.040435 s
currentSize : 62 <-- 0.040501 s
currentSize : 63 <-- 0.071576 s
currentSize : 65 <-- 0.071635 s
currentSize : 70 <-- 0.077452 s
currentSize : 72 <-- 0.077523 s

maxsize : 72
nodes : 16432.000000
filtered : 143576.000000
time : 0.084674
