Parameters: GAD=1 vflib=1 dir=1 label=1 lowerbound=1 fileNameGp=../../cp2016-max-common-connected-subgraph-paper/datasets/graphsdb/mcs90/bvg/b09m/mcs90_b09m_s90.A07 fileNameGt=../../cp2016-max-common-connected-subgraph-paper/datasets/graphsdb/mcs90/bvg/b09m/mcs90_b09m_s90.B07
Reading graphs...
90 : 405
90 : 405
Initializing...
maxdom : 9
D->valSize : 559
Solving...
Blb : 2 (clique : 37)
currentSize : 37 <-- 0.006372 s
currentSize : 44 <-- 0.006626 s
currentSize : 51 <-- 0.006893 s
currentSize : 57 <-- 0.007815 s
currentSize : 62 <-- 0.016254 s
currentSize : 66 <-- 0.016499 s
currentSize : 69 <-- 0.017374 s
currentSize : 74 <-- 0.065843 s
currentSize : 80 <-- 0.066134 s

maxsize : 80
nodes : 11691.000000
filtered : 137850.000000
time : 0.071801
