Parameters: GAD=1 vflib=1 dir=1 label=1 lowerbound=1 fileNameGp=../../cp2016-max-common-connected-subgraph-paper/datasets/graphsdb/mcs90/m2D/m2Dr4/mcs90_m2Dr4_s90.A07 fileNameGt=../../cp2016-max-common-connected-subgraph-paper/datasets/graphsdb/mcs90/m2D/m2Dr4/mcs90_m2Dr4_s90.B07
Reading graphs...
90 : 197
90 : 196
Initializing...
maxdom : 10
D->valSize : 560
Solving...
Blb : 2 (clique : 64)
currentSize : 64 <-- 0.006866 s
currentSize : 66 <-- 0.007261 s
currentSize : 67 <-- 0.007606 s
currentSize : 69 <-- 0.007739 s
currentSize : 71 <-- 0.014692 s
currentSize : 73 <-- 0.030323 s
currentSize : 75 <-- 0.031143 s
currentSize : 77 <-- 0.038211 s
currentSize : 78 <-- 0.038591 s
currentSize : 81 <-- 0.038731 s

maxsize : 81
nodes : 6235.000000
filtered : 45893.000000
time : 0.039943
