Parameters: GAD=1 vflib=1 dir=1 label=1 lowerbound=1 fileNameGp=../../cp2016-max-common-connected-subgraph-paper/datasets/graphsdb/mcs90/m2D/m2Dr2/mcs90_m2Dr2_s80.A00 fileNameGt=../../cp2016-max-common-connected-subgraph-paper/datasets/graphsdb/mcs90/m2D/m2Dr2/mcs90_m2Dr2_s80.B00
Reading graphs...
80 : 158
80 : 158
Initializing...
maxdom : 10
D->valSize : 451
Solving...
Blb : 2 (clique : 56)
currentSize : 56 <-- 0.007569 s
currentSize : 57 <-- 0.008065 s
currentSize : 58 <-- 0.008440 s
currentSize : 59 <-- 0.009231 s
currentSize : 61 <-- 0.010155 s
currentSize : 62 <-- 0.010355 s
currentSize : 63 <-- 0.013316 s
currentSize : 64 <-- 0.013538 s

maxsize : 64
nodes : 1027789.000000
filtered : 4053954.000000
time : 4.448131
