Parameters: GAD=1 vflib=1 dir=1 label=1 lowerbound=1 fileNameGp=../../cp2016-max-common-connected-subgraph-paper/datasets/graphsdb/mcs90/bvg/b03m/mcs90_b03m_s90.A01 fileNameGt=../../cp2016-max-common-connected-subgraph-paper/datasets/graphsdb/mcs90/bvg/b03m/mcs90_b03m_s90.B01
Reading graphs...
90 : 135
90 : 135
Initializing...
maxdom : 11
D->valSize : 595
Solving...
Blb : 2 (clique : 66)
currentSize : 66 <-- 0.007610 s
currentSize : 67 <-- 0.010908 s
currentSize : 68 <-- 0.012191 s
currentSize : 70 <-- 0.804032 s
currentSize : 71 <-- 0.925951 s
currentSize : 74 <-- 0.926269 s
currentSize : 77 <-- 0.995783 s
currentSize : 79 <-- 1.542165 s
currentSize : 80 <-- 1.660931 s

maxsize : 80
nodes : 381010.000000
filtered : 2186115.000000
time : 1.951416
