Parameters: GAD=1 vflib=1 dir=1 label=1 lowerbound=1 fileNameGp=../../cp2016-max-common-connected-subgraph-paper/datasets/graphsdb/mcs90/m2D/m2Dr4/mcs90_m2Dr4_s100.A04 fileNameGt=../../cp2016-max-common-connected-subgraph-paper/datasets/graphsdb/mcs90/m2D/m2Dr4/mcs90_m2Dr4_s100.B04
Reading graphs...
100 : 220
100 : 218
Initializing...
maxdom : 6
D->valSize : 365
Solving...
Blb : 3 (clique : 58)
currentSize : 58 <-- 0.004232 s
currentSize : 59 <-- 0.004699 s
currentSize : 64 <-- 0.004897 s
currentSize : 69 <-- 0.005130 s
currentSize : 74 <-- 0.010986 s
currentSize : 76 <-- 0.021238 s
currentSize : 81 <-- 0.022150 s

maxsize : 81
nodes : 28833.000000
filtered : 142068.000000
time : 0.159477
