Parameters: GAD=1 vflib=1 dir=1 label=1 lowerbound=1 fileNameGp=../../cp2016-max-common-connected-subgraph-paper/datasets/graphsdb/mcs90/m3D/m3D/mcs90_m3D_s80.A08 fileNameGt=../../cp2016-max-common-connected-subgraph-paper/datasets/graphsdb/mcs90/m3D/m3D/mcs90_m3D_s80.B08
Reading graphs...
80 : 184
80 : 184
Initializing...
maxdom : 11
D->valSize : 535
Solving...
Blb : 3 (clique : 47)
currentSize : 47 <-- 0.006039 s
currentSize : 48 <-- 0.366103 s
currentSize : 52 <-- 0.700200 s
currentSize : 56 <-- 1.727439 s
currentSize : 58 <-- 1.727606 s
currentSize : 59 <-- 2.347121 s
currentSize : 60 <-- 2.351663 s
currentSize : 61 <-- 3.410789 s
currentSize : 63 <-- 3.410970 s
currentSize : 64 <-- 3.412853 s

maxsize : 64
nodes : 688715.000000
filtered : 5339456.000000
time : 4.063952
