Parameters: GAD=1 vflib=1 dir=1 label=1 lowerbound=1 fileNameGp=../../cp2016-max-common-connected-subgraph-paper/datasets/graphsdb/mcs90/m2D/m2D/mcs90_m2D_s80.A07 fileNameGt=../../cp2016-max-common-connected-subgraph-paper/datasets/graphsdb/mcs90/m2D/m2D/mcs90_m2D_s80.B07
Reading graphs...
80 : 142
80 : 142
Initializing...
maxdom : 9
D->valSize : 432
Solving...
Blb : 3 (clique : 45)
currentSize : 45 <-- 0.007263 s
currentSize : 47 <-- 0.010244 s
currentSize : 48 <-- 0.011799 s
currentSize : 50 <-- 0.012870 s
currentSize : 53 <-- 0.021696 s
currentSize : 54 <-- 0.023085 s
currentSize : 56 <-- 0.051710 s
currentSize : 60 <-- 0.108067 s
currentSize : 62 <-- 0.304075 s
currentSize : 64 <-- 0.304214 s

maxsize : 64
nodes : 236724.000000
filtered : 1125647.000000
time : 1.184604
