Parameters: GAD=1 vflib=1 dir=1 label=1 lowerbound=1 fileNameGp=../../cp2016-max-common-connected-subgraph-paper/datasets/graphsdb/mcs90/m3D/m3Dr6/mcs90_m3Dr6_s80.A00 fileNameGt=../../cp2016-max-common-connected-subgraph-paper/datasets/graphsdb/mcs90/m3D/m3Dr6/mcs90_m3Dr6_s80.B00
Reading graphs...
80 : 232
80 : 232
Initializing...
maxdom : 9
D->valSize : 465
Solving...
Blb : 2 (clique : 38)
currentSize : 38 <-- 0.007185 s
currentSize : 39 <-- 0.007563 s
currentSize : 42 <-- 0.020367 s
currentSize : 44 <-- 0.020478 s
currentSize : 45 <-- 0.020754 s
currentSize : 46 <-- 0.229066 s
currentSize : 47 <-- 0.229240 s
currentSize : 48 <-- 0.355369 s
currentSize : 52 <-- 0.453493 s
currentSize : 53 <-- 0.453709 s
currentSize : 56 <-- 0.453907 s
currentSize : 57 <-- 0.544179 s
currentSize : 58 <-- 0.822182 s
currentSize : 61 <-- 0.822371 s
currentSize : 64 <-- 0.875441 s

maxsize : 64
nodes : 177306.000000
filtered : 1349772.000000
time : 0.925613
