Parameters: GAD=1 vflib=1 dir=1 label=1 lowerbound=1 fileNameGp=../../cp2016-max-common-connected-subgraph-paper/datasets/graphsdb/mcs90/m2D/m2Dr2/mcs90_m2Dr2_s90.A01 fileNameGt=../../cp2016-max-common-connected-subgraph-paper/datasets/graphsdb/mcs90/m2D/m2Dr2/mcs90_m2Dr2_s90.B01
Reading graphs...
90 : 179
90 : 179
Initializing...
maxdom : 9
D->valSize : 563
Solving...
Blb : 2 (clique : 47)
currentSize : 47 <-- 0.007268 s
currentSize : 48 <-- 13.483780 s
currentSize : 50 <-- 28.163515 s
currentSize : 51 <-- 28.163588 s
currentSize : 52 <-- 28.168180 s
currentSize : 53 <-- 42.130020 s
currentSize : 55 <-- 56.511738 s
currentSize : 56 <-- 71.201874 s
currentSize : 57 <-- 86.750488 s
currentSize : 59 <-- 86.750587 s
currentSize : 60 <-- 88.333763 s
currentSize : 62 <-- 88.345955 s
currentSize : 68 <-- 88.360580 s
currentSize : 74 <-- 88.983429 s
currentSize : 77 <-- 89.003609 s
currentSize : 81 <-- 89.019180 s

maxsize : 81
nodes : 17552334.000000
filtered : 93352900.000000
time : 89.020760
