Parameters: GAD=1 vflib=1 dir=1 label=1 lowerbound=1 fileNameGp=../../cp2016-max-common-connected-subgraph-paper/datasets/graphsdb/mcs90/m2D/m2Dr4/mcs90_m2Dr4_s80.A05 fileNameGt=../../cp2016-max-common-connected-subgraph-paper/datasets/graphsdb/mcs90/m2D/m2Dr4/mcs90_m2Dr4_s80.B05
Reading graphs...
80 : 174
80 : 174
Initializing...
maxdom : 9
D->valSize : 447
Solving...
Blb : 2 (clique : 45)
currentSize : 45 <-- 0.007524 s
currentSize : 48 <-- 0.030254 s
currentSize : 49 <-- 0.038235 s
currentSize : 52 <-- 0.043254 s
currentSize : 55 <-- 0.046650 s
currentSize : 56 <-- 3.998947 s
currentSize : 59 <-- 4.000101 s
currentSize : 61 <-- 4.345386 s
currentSize : 64 <-- 4.345737 s

maxsize : 64
nodes : 863420.000000
filtered : 6496688.000000
time : 4.812167
