Parameters: GAD=1 vflib=1 dir=1 label=1 lowerbound=1 fileNameGp=../../cp2016-max-common-connected-subgraph-paper/datasets/graphsdb/mcs90/bvg/b06/mcs90_b06_s80.A05 fileNameGt=../../cp2016-max-common-connected-subgraph-paper/datasets/graphsdb/mcs90/bvg/b06/mcs90_b06_s80.B05
Reading graphs...
80 : 240
80 : 240
Initializing...
maxdom : 8
D->valSize : 444
Solving...
Blb : 3 (clique : 48)
currentSize : 48 <-- 0.004496 s
currentSize : 49 <-- 0.004816 s
currentSize : 50 <-- 0.009872 s
currentSize : 51 <-- 0.009986 s
currentSize : 52 <-- 0.010288 s
currentSize : 57 <-- 0.010408 s
currentSize : 62 <-- 0.011316 s
currentSize : 63 <-- 0.027344 s
currentSize : 64 <-- 0.028323 s
currentSize : 72 <-- 0.028510 s

maxsize : 72
nodes : 5141.000000
filtered : 32636.000000
time : 0.029383
