Parameters: GAD=1 vflib=1 dir=1 label=1 lowerbound=1 fileNameGp=../../cp2016-max-common-connected-subgraph-paper/datasets/graphsdb/mcs90/m2D/m2Dr6/mcs90_m2Dr6_s80.A00 fileNameGt=../../cp2016-max-common-connected-subgraph-paper/datasets/graphsdb/mcs90/m2D/m2Dr6/mcs90_m2Dr6_s80.B00
Reading graphs...
80 : 190
80 : 190
Initializing...
maxdom : 10
D->valSize : 443
Solving...
Blb : 3 (clique : 51)
currentSize : 51 <-- 0.004535 s
currentSize : 53 <-- 0.004888 s
currentSize : 56 <-- 0.005203 s
currentSize : 58 <-- 0.005364 s
currentSize : 59 <-- 0.008194 s
currentSize : 60 <-- 0.031924 s
currentSize : 62 <-- 0.032118 s
currentSize : 64 <-- 0.033892 s

maxsize : 64
nodes : 33347.000000
filtered : 197837.000000
time : 0.174433
