Parameters: GAD=1 vflib=1 dir=1 label=1 lowerbound=1 fileNameGp=../../cp2016-max-common-connected-subgraph-paper/datasets/graphsdb/mcs90/m2D/m2Dr4/mcs90_m2Dr4_s100.A06 fileNameGt=../../cp2016-max-common-connected-subgraph-paper/datasets/graphsdb/mcs90/m2D/m2Dr4/mcs90_m2Dr4_s100.B06
Reading graphs...
100 : 220
100 : 220
Initializing...
maxdom : 7
D->valSize : 363
Solving...
Blb : 3 (clique : 50)
currentSize : 50 <-- 0.003874 s
currentSize : 51 <-- 0.277840 s
currentSize : 52 <-- 0.277930 s
currentSize : 54 <-- 0.278354 s
currentSize : 56 <-- 0.439563 s
currentSize : 58 <-- 0.632902 s
currentSize : 59 <-- 0.633043 s
currentSize : 61 <-- 0.638448 s
currentSize : 62 <-- 0.640312 s
currentSize : 64 <-- 0.642197 s
currentSize : 66 <-- 0.652996 s
currentSize : 68 <-- 0.662296 s
currentSize : 72 <-- 0.666146 s
currentSize : 74 <-- 0.670632 s
currentSize : 76 <-- 0.697870 s
currentSize : 81 <-- 0.701380 s

maxsize : 81
nodes : 199736.000000
filtered : 511015.000000
time : 0.867316
