Parameters: GAD=1 vflib=1 dir=1 label=1 lowerbound=1 fileNameGp=../../cp2016-max-common-connected-subgraph-paper/datasets/graphsdb/mcs90/m2D/m2Dr2/mcs90_m2Dr2_s100.A05 fileNameGt=../../cp2016-max-common-connected-subgraph-paper/datasets/graphsdb/mcs90/m2D/m2Dr2/mcs90_m2Dr2_s100.B05
Reading graphs...
100 : 200
100 : 200
Initializing...
maxdom : 6
D->valSize : 381
Solving...
Blb : 2 (clique : 58)
currentSize : 58 <-- 0.004196 s
currentSize : 61 <-- 0.004637 s
currentSize : 65 <-- 0.004962 s
currentSize : 69 <-- 0.005297 s
currentSize : 70 <-- 1.538413 s
currentSize : 74 <-- 1.846454 s
currentSize : 76 <-- 2.222714 s
currentSize : 81 <-- 2.231910 s

maxsize : 81
nodes : 488352.000000
filtered : 2210204.000000
time : 2.668618
