Parameters: GAD=1 vflib=1 dir=1 label=1 lowerbound=1 fileNameGp=../../cp2016-max-common-connected-subgraph-paper/datasets/graphsdb/mcs90/m3D/m3Dr4/mcs90_m3Dr4_s80.A09 fileNameGt=../../cp2016-max-common-connected-subgraph-paper/datasets/graphsdb/mcs90/m3D/m3Dr4/mcs90_m3Dr4_s80.B09
Reading graphs...
80 : 216
80 : 216
Initializing...
maxdom : 10
D->valSize : 475
Solving...
Blb : 2 (clique : 38)
currentSize : 38 <-- 0.007976 s
currentSize : 49 <-- 0.008391 s
currentSize : 50 <-- 0.008540 s
currentSize : 52 <-- 0.008966 s
currentSize : 53 <-- 0.009244 s
currentSize : 56 <-- 0.017382 s
currentSize : 57 <-- 0.017640 s
currentSize : 58 <-- 0.018336 s
currentSize : 59 <-- 0.018612 s
currentSize : 60 <-- 0.018876 s
currentSize : 61 <-- 0.474805 s
currentSize : 62 <-- 0.474972 s
currentSize : 63 <-- 0.475155 s
currentSize : 64 <-- 0.475329 s

maxsize : 64
nodes : 181794.000000
filtered : 1011904.000000
time : 0.919663
