Parameters: GAD=1 vflib=1 dir=1 label=1 lowerbound=1 fileNameGp=../../cp2016-max-common-connected-subgraph-paper/datasets/graphsdb/mcs90/m2D/m2D/mcs90_m2D_s80.A08 fileNameGt=../../cp2016-max-common-connected-subgraph-paper/datasets/graphsdb/mcs90/m2D/m2D/mcs90_m2D_s80.B08
Reading graphs...
80 : 142
80 : 142
Initializing...
maxdom : 8
D->valSize : 435
Solving...
Blb : 2 (clique : 53)
currentSize : 53 <-- 0.004396 s
currentSize : 55 <-- 0.004719 s
currentSize : 57 <-- 0.005277 s
currentSize : 58 <-- 0.191317 s
currentSize : 59 <-- 0.191588 s
currentSize : 60 <-- 0.191685 s
currentSize : 61 <-- 0.192116 s
currentSize : 62 <-- 0.193380 s
currentSize : 63 <-- 0.193492 s
currentSize : 64 <-- 0.194075 s

maxsize : 64
nodes : 139321.000000
filtered : 665824.000000
time : 0.680939
