Parameters: GAD=1 vflib=1 dir=1 label=1 lowerbound=1 fileNameGp=../../cp2016-max-common-connected-subgraph-paper/datasets/graphsdb/mcs90/m2D/m2Dr6/mcs90_m2Dr6_s100.A08 fileNameGt=../../cp2016-max-common-connected-subgraph-paper/datasets/graphsdb/mcs90/m2D/m2Dr6/mcs90_m2Dr6_s100.B08
Reading graphs...
100 : 240
100 : 239
Initializing...
maxdom : 7
D->valSize : 348
Solving...
Blb : 3 (clique : 67)
currentSize : 67 <-- 0.005206 s
currentSize : 68 <-- 0.005989 s
currentSize : 69 <-- 0.006328 s
currentSize : 71 <-- 0.023799 s
currentSize : 72 <-- 0.024150 s
currentSize : 74 <-- 0.024585 s
currentSize : 75 <-- 0.024928 s
currentSize : 77 <-- 0.625226 s
currentSize : 78 <-- 0.625543 s
currentSize : 80 <-- 0.625866 s
currentSize : 81 <-- 0.626195 s

maxsize : 81
nodes : 198629.000000
filtered : 795789.000000
time : 0.988353
