Parameters: GAD=1 vflib=1 dir=1 label=1 lowerbound=1 fileNameGp=../../cp2016-max-common-connected-subgraph-paper/datasets/graphsdb/mcs90/bvg/b03m/mcs90_b03m_s90.A09 fileNameGt=../../cp2016-max-common-connected-subgraph-paper/datasets/graphsdb/mcs90/bvg/b03m/mcs90_b03m_s90.B09
Reading graphs...
90 : 135
90 : 135
Initializing...
maxdom : 10
D->valSize : 581
Solving...
Blb : 2 (clique : 61)
currentSize : 61 <-- 0.011718 s
currentSize : 62 <-- 0.012483 s
currentSize : 63 <-- 0.013580 s
currentSize : 65 <-- 0.017168 s
currentSize : 67 <-- 0.017436 s
currentSize : 69 <-- 0.026536 s
currentSize : 72 <-- 0.026747 s
currentSize : 75 <-- 0.037195 s
currentSize : 76 <-- 0.046229 s
currentSize : 80 <-- 0.046467 s

maxsize : 80
nodes : 20282.000000
filtered : 81782.000000
time : 0.125643
