Parameters: GAD=1 vflib=1 dir=1 label=1 lowerbound=1 fileNameGp=../../cp2016-max-common-connected-subgraph-paper/datasets/graphsdb/mcs90/m2D/m2Dr4/mcs90_m2Dr4_s90.A03 fileNameGt=../../cp2016-max-common-connected-subgraph-paper/datasets/graphsdb/mcs90/m2D/m2Dr4/mcs90_m2Dr4_s90.B03
Reading graphs...
90 : 197
90 : 195
Initializing...
maxdom : 11
D->valSize : 587
Solving...
Blb : 2 (clique : 62)
currentSize : 62 <-- 0.012131 s
currentSize : 66 <-- 0.012906 s
currentSize : 70 <-- 0.013398 s
currentSize : 71 <-- 0.016042 s
currentSize : 75 <-- 0.016401 s
currentSize : 76 <-- 0.025634 s
currentSize : 77 <-- 0.027618 s
currentSize : 81 <-- 0.028012 s

maxsize : 81
nodes : 12182.000000
filtered : 104409.000000
time : 0.101800
