Parameters: GAD=1 vflib=1 dir=1 label=1 lowerbound=1 fileNameGp=../../cp2016-max-common-connected-subgraph-paper/datasets/graphsdb/mcs90/rand/r01/mcs90_r01_s80.A02 fileNameGt=../../cp2016-max-common-connected-subgraph-paper/datasets/graphsdb/mcs90/rand/r01/mcs90_r01_s80.B02
Reading graphs...
80 : 631
80 : 631
Initializing...
maxdom : 10
D->valSize : 502
Solving...
Blb : 2 (clique : 22)
currentSize : 22 <-- 0.004903 s
currentSize : 23 <-- 0.005070 s
currentSize : 24 <-- 0.006754 s
currentSize : 32 <-- 0.007201 s
currentSize : 34 <-- 0.007323 s
currentSize : 47 <-- 0.012249 s
currentSize : 50 <-- 0.015315 s
currentSize : 72 <-- 0.015692 s

maxsize : 72
nodes : 2068.000000
filtered : 29413.000000
time : 0.016002
