Parameters: GAD=1 vflib=1 dir=1 label=1 lowerbound=1 fileNameGp=../../cp2016-max-common-connected-subgraph-paper/datasets/graphsdb/mcs90/m2D/m2Dr6/mcs90_m2Dr6_s60.A02 fileNameGt=../../cp2016-max-common-connected-subgraph-paper/datasets/graphsdb/mcs90/m2D/m2Dr6/mcs90_m2Dr6_s60.B02
Reading graphs...
60 : 140
60 : 136
Initializing...
maxdom : 9
D->valSize : 280
Solving...
Blb : 3 (clique : 23)
currentSize : 23 <-- 0.002089 s
currentSize : 24 <-- 0.004984 s
currentSize : 25 <-- 0.016784 s
currentSize : 26 <-- 0.026018 s
currentSize : 27 <-- 0.027406 s
currentSize : 29 <-- 0.042860 s
currentSize : 30 <-- 0.061667 s
currentSize : 31 <-- 0.065867 s
currentSize : 32 <-- 0.083967 s
currentSize : 33 <-- 0.089208 s
currentSize : 39 <-- 0.089288 s
currentSize : 40 <-- 0.089398 s
currentSize : 41 <-- 0.095481 s
currentSize : 42 <-- 0.095598 s
currentSize : 47 <-- 0.098704 s
currentSize : 49 <-- 0.098846 s

maxsize : 49
nodes : 25851.000000
filtered : 161506.000000
time : 0.101914
