Parameters: GAD=1 vflib=1 dir=1 label=1 lowerbound=1 fileNameGp=../../cp2016-max-common-connected-subgraph-paper/datasets/graphsdb/mcs90/m3D/m3Dr4/mcs90_m3Dr4_s80.A07 fileNameGt=../../cp2016-max-common-connected-subgraph-paper/datasets/graphsdb/mcs90/m3D/m3Dr4/mcs90_m3Dr4_s80.B07
Reading graphs...
80 : 216
80 : 214
Initializing...
maxdom : 12
D->valSize : 482
Solving...
Blb : 2 (clique : 33)
currentSize : 33 <-- 0.007481 s
currentSize : 34 <-- 0.013294 s
currentSize : 35 <-- 0.797469 s
currentSize : 37 <-- 0.811948 s
currentSize : 38 <-- 1.048600 s
currentSize : 40 <-- 1.324073 s
currentSize : 42 <-- 1.624025 s
currentSize : 43 <-- 1.624081 s
currentSize : 46 <-- 1.624240 s
currentSize : 48 <-- 2.076589 s
currentSize : 52 <-- 3.240937 s
currentSize : 54 <-- 3.610620 s
currentSize : 64 <-- 4.584572 s

maxsize : 64
nodes : 1014192.000000
filtered : 6728372.000000
time : 4.890482
