Parameters: GAD=1 vflib=1 dir=1 label=1 lowerbound=1 fileNameGp=../../cp2016-max-common-connected-subgraph-paper/datasets/graphsdb/mcs90/bvg/b03m/mcs90_b03m_s90.A04 fileNameGt=../../cp2016-max-common-connected-subgraph-paper/datasets/graphsdb/mcs90/bvg/b03m/mcs90_b03m_s90.B04
Reading graphs...
90 : 135
90 : 135
Initializing...
maxdom : 10
D->valSize : 569
Solving...
Blb : 3 (clique : 71)
currentSize : 71 <-- 0.007510 s
currentSize : 72 <-- 0.048977 s
currentSize : 73 <-- 0.049277 s
currentSize : 75 <-- 0.669371 s
currentSize : 76 <-- 0.669652 s
currentSize : 77 <-- 0.684645 s
currentSize : 79 <-- 0.684778 s
currentSize : 80 <-- 0.685156 s

maxsize : 80
nodes : 129328.000000
filtered : 886054.000000
time : 0.716977
