Parameters: GAD=1 vflib=1 dir=1 label=1 lowerbound=1 fileNameGp=../../cp2016-max-common-connected-subgraph-paper/datasets/graphsdb/mcs90/m2D/m2Dr4/mcs90_m2Dr4_s80.A07 fileNameGt=../../cp2016-max-common-connected-subgraph-paper/datasets/graphsdb/mcs90/m2D/m2Dr4/mcs90_m2Dr4_s80.B07
Reading graphs...
80 : 174
80 : 174
Initializing...
maxdom : 8
D->valSize : 438
Solving...
Blb : 2 (clique : 43)
currentSize : 43 <-- 0.007164 s
currentSize : 45 <-- 0.007619 s
currentSize : 48 <-- 0.007764 s
currentSize : 51 <-- 0.015562 s
currentSize : 54 <-- 0.015765 s
currentSize : 56 <-- 0.016076 s
currentSize : 59 <-- 0.027479 s
currentSize : 61 <-- 0.039505 s
currentSize : 64 <-- 0.039851 s

maxsize : 64
nodes : 56321.000000
filtered : 376312.000000
time : 0.320230
