Parameters: GAD=1 vflib=1 dir=1 label=1 lowerbound=1 fileNameGp=../../cp2016-max-common-connected-subgraph-paper/datasets/graphsdb/mcs90/m2D/m2Dr2/mcs90_m2Dr2_s80.A06 fileNameGt=../../cp2016-max-common-connected-subgraph-paper/datasets/graphsdb/mcs90/m2D/m2Dr2/mcs90_m2Dr2_s80.B06
Reading graphs...
80 : 158
80 : 158
Initializing...
maxdom : 9
D->valSize : 457
Solving...
Blb : 2 (clique : 37)
currentSize : 37 <-- 0.007776 s
currentSize : 39 <-- 0.008195 s
currentSize : 40 <-- 0.008306 s
currentSize : 41 <-- 0.009347 s
currentSize : 42 <-- 0.012906 s
currentSize : 43 <-- 0.024778 s
currentSize : 44 <-- 0.024994 s
currentSize : 45 <-- 0.025119 s
currentSize : 46 <-- 0.222894 s
currentSize : 47 <-- 0.223250 s
currentSize : 48 <-- 0.223379 s
currentSize : 49 <-- 12.444246 s
currentSize : 52 <-- 12.444747 s
currentSize : 54 <-- 12.445938 s
currentSize : 55 <-- 12.446006 s
currentSize : 56 <-- 12.446189 s
currentSize : 57 <-- 15.447075 s
currentSize : 58 <-- 15.467155 s
currentSize : 59 <-- 15.467368 s
currentSize : 63 <-- 25.133741 s
currentSize : 64 <-- 25.133917 s

maxsize : 64
nodes : 6171868.000000
filtered : 31265683.000000
time : 28.807400
