Parameters: GAD=1 vflib=1 dir=1 label=1 lowerbound=1 fileNameGp=../../cp2016-max-common-connected-subgraph-paper/datasets/graphsdb/mcs90/m2D/m2Dr2/mcs90_m2Dr2_s80.A03 fileNameGt=../../cp2016-max-common-connected-subgraph-paper/datasets/graphsdb/mcs90/m2D/m2Dr2/mcs90_m2Dr2_s80.B03
Reading graphs...
80 : 158
80 : 157
Initializing...
maxdom : 10
D->valSize : 460
Solving...
Blb : 2 (clique : 47)
currentSize : 47 <-- 0.008018 s
currentSize : 49 <-- 0.009752 s
currentSize : 52 <-- 0.009879 s
currentSize : 53 <-- 25.509377 s
currentSize : 54 <-- 25.509993 s
currentSize : 55 <-- 29.596092 s
currentSize : 56 <-- 29.596191 s
currentSize : 58 <-- 29.596640 s
currentSize : 59 <-- 29.596745 s
currentSize : 60 <-- 38.932987 s
currentSize : 63 <-- 38.933434 s
currentSize : 64 <-- 38.933544 s

maxsize : 64
nodes : 9326201.000000
filtered : 42255323.000000
time : 43.297134
