Parameters: GAD=1 vflib=1 dir=1 label=1 lowerbound=1 fileNameGp=../../cp2016-max-common-connected-subgraph-paper/datasets/graphsdb/mcs90/m2D/m2Dr2/mcs90_m2Dr2_s100.A08 fileNameGt=../../cp2016-max-common-connected-subgraph-paper/datasets/graphsdb/mcs90/m2D/m2Dr2/mcs90_m2Dr2_s100.B08
Reading graphs...
100 : 200
100 : 200
Initializing...
maxdom : 12
D->valSize : 409
Solving...
Blb : 2 (clique : 71)
currentSize : 71 <-- 0.004831 s
currentSize : 73 <-- 0.012682 s
currentSize : 76 <-- 0.013057 s
currentSize : 77 <-- 0.027768 s
currentSize : 80 <-- 0.050629 s
currentSize : 81 <-- 0.051785 s

maxsize : 81
nodes : 974466.000000
filtered : 3904188.000000
time : 4.971066
