Parameters: GAD=1 vflib=1 dir=1 label=1 lowerbound=1 fileNameGp=../../cp2016-max-common-connected-subgraph-paper/datasets/graphsdb/mcs90/m2D/m2Dr2/mcs90_m2Dr2_s80.A02 fileNameGt=../../cp2016-max-common-connected-subgraph-paper/datasets/graphsdb/mcs90/m2D/m2Dr2/mcs90_m2Dr2_s80.B02
Reading graphs...
80 : 158
80 : 158
Initializing...
maxdom : 10
D->valSize : 465
Solving...
Blb : 2 (clique : 46)
currentSize : 46 <-- 0.007417 s
currentSize : 48 <-- 0.009719 s
currentSize : 49 <-- 0.009888 s
currentSize : 50 <-- 0.010053 s
currentSize : 51 <-- 0.154701 s
currentSize : 53 <-- 0.155551 s
currentSize : 55 <-- 0.155679 s
currentSize : 57 <-- 2.760091 s
currentSize : 58 <-- 9.800804 s
currentSize : 61 <-- 15.201918 s
currentSize : 64 <-- 15.202054 s

maxsize : 64
nodes : 3762939.000000
filtered : 21562845.000000
time : 17.773554
