Parameters: GAD=1 vflib=1 dir=1 label=1 lowerbound=1 fileNameGp=../../cp2016-max-common-connected-subgraph-paper/datasets/graphsdb/mcs90/m2D/m2Dr6/mcs90_m2Dr6_s60.A00 fileNameGt=../../cp2016-max-common-connected-subgraph-paper/datasets/graphsdb/mcs90/m2D/m2Dr6/mcs90_m2Dr6_s60.B00
Reading graphs...
60 : 140
60 : 140
Initializing...
maxdom : 5
D->valSize : 241
Solving...
Blb : 2 (clique : 29)
currentSize : 29 <-- 0.002810 s
currentSize : 30 <-- 0.003286 s
currentSize : 31 <-- 0.003409 s
currentSize : 33 <-- 0.003493 s
currentSize : 34 <-- 0.004996 s
currentSize : 35 <-- 0.005281 s
currentSize : 37 <-- 0.005402 s
currentSize : 40 <-- 0.007612 s
currentSize : 41 <-- 0.015381 s
currentSize : 44 <-- 0.015550 s
currentSize : 46 <-- 0.017405 s
currentSize : 49 <-- 0.017579 s

maxsize : 49
nodes : 4113.000000
filtered : 20479.000000
time : 0.027603
