Parameters: GAD=1 vflib=1 dir=1 label=1 lowerbound=1 fileNameGp=../../cp2016-max-common-connected-subgraph-paper/datasets/graphsdb/mcs90/m4D/m4D/mcs90_m4D_s100.A06 fileNameGt=../../cp2016-max-common-connected-subgraph-paper/datasets/graphsdb/mcs90/m4D/m4D/mcs90_m4D_s100.B06
Reading graphs...
100 : 223
100 : 223
Initializing...
maxdom : 8
D->valSize : 372
Solving...
Blb : 2 (clique : 71)
currentSize : 71 <-- 0.006518 s
currentSize : 72 <-- 0.008038 s
currentSize : 73 <-- 0.061501 s
currentSize : 75 <-- 0.061768 s
currentSize : 76 <-- 0.062764 s
currentSize : 78 <-- 0.303974 s
currentSize : 80 <-- 0.304304 s
currentSize : 81 <-- 0.305083 s

maxsize : 81
nodes : 568676.000000
filtered : 1934912.000000
time : 2.944179
