Parameters: GAD=1 vflib=1 dir=1 label=1 lowerbound=1 fileNameGp=../../cp2016-max-common-connected-subgraph-paper/datasets/graphsdb/mcs90/m2D/m2Dr2/mcs90_m2Dr2_s70.A05 fileNameGt=../../cp2016-max-common-connected-subgraph-paper/datasets/graphsdb/mcs90/m2D/m2Dr2/mcs90_m2Dr2_s70.B05
Reading graphs...
70 : 137
70 : 137
Initializing...
maxdom : 9
D->valSize : 358
Solving...
Blb : 2 (clique : 44)
currentSize : 44 <-- 0.004933 s
currentSize : 46 <-- 0.014832 s
currentSize : 47 <-- 0.188684 s
currentSize : 52 <-- 0.188903 s
currentSize : 55 <-- 0.208326 s
currentSize : 58 <-- 0.208537 s
currentSize : 59 <-- 0.214924 s
currentSize : 64 <-- 0.215062 s

maxsize : 64
nodes : 45710.000000
filtered : 220429.000000
time : 0.215455
