Parameters: GAD=1 vflib=1 dir=1 label=1 lowerbound=1 fileNameGp=../../cp2016-max-common-connected-subgraph-paper/datasets/graphsdb/mcs90/m2D/m2D/mcs90_m2D_s80.A03 fileNameGt=../../cp2016-max-common-connected-subgraph-paper/datasets/graphsdb/mcs90/m2D/m2D/mcs90_m2D_s80.B03
Reading graphs...
80 : 142
80 : 142
Initializing...
maxdom : 9
D->valSize : 451
Solving...
Blb : 2 (clique : 47)
currentSize : 47 <-- 0.004681 s
currentSize : 48 <-- 0.005000 s
currentSize : 52 <-- 0.005108 s
currentSize : 53 <-- 0.005308 s
currentSize : 54 <-- 0.005453 s
currentSize : 56 <-- 0.005667 s
currentSize : 59 <-- 0.005832 s
currentSize : 63 <-- 4.398672 s
currentSize : 64 <-- 4.398963 s

maxsize : 64
nodes : 1017941.000000
filtered : 5869587.000000
time : 5.154260
