Parameters: GAD=1 vflib=1 dir=1 label=1 lowerbound=1 fileNameGp=../../cp2016-max-common-connected-subgraph-paper/datasets/graphsdb/mcs90/m2D/m2Dr6/mcs90_m2Dr6_s80.A05 fileNameGt=../../cp2016-max-common-connected-subgraph-paper/datasets/graphsdb/mcs90/m2D/m2Dr6/mcs90_m2Dr6_s80.B05
Reading graphs...
80 : 190
80 : 189
Initializing...
maxdom : 8
D->valSize : 442
Solving...
Blb : 2 (clique : 42)
currentSize : 42 <-- 0.007310 s
currentSize : 44 <-- 0.007714 s
currentSize : 46 <-- 0.008012 s
currentSize : 47 <-- 0.008415 s
currentSize : 49 <-- 3.686667 s
currentSize : 51 <-- 4.072213 s
currentSize : 53 <-- 4.785421 s
currentSize : 55 <-- 4.785540 s
currentSize : 58 <-- 4.786832 s
currentSize : 60 <-- 4.786955 s
currentSize : 62 <-- 5.911057 s
currentSize : 64 <-- 5.911193 s

maxsize : 64
nodes : 1433806.000000
filtered : 6943925.000000
time : 6.313820
