Parameters: GAD=1 vflib=1 dir=1 label=1 lowerbound=1 fileNameGp=../../cp2016-max-common-connected-subgraph-paper/datasets/graphsdb/mcs90/m2D/m2Dr2/mcs90_m2Dr2_s100.A07 fileNameGt=../../cp2016-max-common-connected-subgraph-paper/datasets/graphsdb/mcs90/m2D/m2Dr2/mcs90_m2Dr2_s100.B07
Reading graphs...
100 : 200
100 : 198
Initializing...
maxdom : 7
D->valSize : 383
Solving...
Blb : 2 (clique : 56)
currentSize : 56 <-- 0.004347 s
currentSize : 57 <-- 0.005484 s
currentSize : 59 <-- 0.010034 s
currentSize : 60 <-- 0.010219 s
currentSize : 61 <-- 0.011789 s
currentSize : 62 <-- 0.012091 s
currentSize : 63 <-- 0.012267 s
currentSize : 65 <-- 0.064612 s
currentSize : 66 <-- 0.064717 s
currentSize : 67 <-- 0.064882 s
currentSize : 68 <-- 0.418713 s
currentSize : 69 <-- 0.418882 s
currentSize : 70 <-- 0.419225 s
currentSize : 72 <-- 0.443347 s
currentSize : 73 <-- 0.443530 s
currentSize : 75 <-- 26.735956 s
currentSize : 76 <-- 26.736143 s
currentSize : 77 <-- 26.737688 s
currentSize : 78 <-- 26.744896 s
currentSize : 79 <-- 26.745087 s
currentSize : 80 <-- 26.746723 s
currentSize : 81 <-- 26.746920 s

maxsize : 81
nodes : 5790768.000000
filtered : 20543962.000000
time : 29.574806
