Parameters: GAD=1 vflib=1 dir=1 label=1 lowerbound=1 fileNameGp=../../cp2016-max-common-connected-subgraph-paper/datasets/graphsdb/mcs90/m3D/m3Dr2/mcs90_m3Dr2_s80.A09 fileNameGt=../../cp2016-max-common-connected-subgraph-paper/datasets/graphsdb/mcs90/m3D/m3Dr2/mcs90_m3Dr2_s80.B09
Reading graphs...
80 : 200
80 : 200
Initializing...
maxdom : 8
D->valSize : 425
Solving...
Blb : 2 (clique : 48)
currentSize : 48 <-- 0.004349 s
currentSize : 49 <-- 0.966869 s
currentSize : 50 <-- 0.982330 s
currentSize : 51 <-- 0.982584 s
currentSize : 52 <-- 0.982654 s
currentSize : 59 <-- 1.776440 s
currentSize : 60 <-- 1.776521 s
currentSize : 63 <-- 2.268160 s
currentSize : 64 <-- 2.268257 s

maxsize : 64
nodes : 576093.000000
filtered : 2800877.000000
time : 2.620442
