Parameters: GAD=1 vflib=1 dir=0 label=0 lowerbound=1 fileNameGp=../../cp2016-max-common-connected-subgraph-paper/datasets/graphsdb/mcs10/m2D/m2Dr6/mcs10_m2Dr6_s50.A01 fileNameGt=../../cp2016-max-common-connected-subgraph-paper/datasets/graphsdb/mcs10/m2D/m2Dr6/mcs10_m2Dr6_s50.B01
Reading graphs...
50 :  111
50 :  109
Initializing...
maxdom : 50
D->valSize : 2500
Solving...
currentSize : 19 <-- 0.094765 s
currentSize : 20 <-- 0.095021 s
currentSize : 21 <-- 0.095081 s
currentSize : 22 <-- 0.095130 s
currentSize : 23 <-- 0.098864 s
currentSize : 24 <-- 0.105696 s
currentSize : 25 <-- 0.114572 s
currentSize : 26 <-- 0.406017 s
currentSize : 27 <-- 0.495642 s
currentSize : 28 <-- 2.330690 s
currentSize : 29 <-- 21.214148 s
currentSize : 30 <-- 41.825062 s
currentSize : 31 <-- 570.468140 s

TIMEOUT
maxsize : 31
nodes : 70679926.000000
filtered : 2014668992.000000
CCGP filtered : 569148588.000000
CCGT filtered : 317492942.000000
time : 1000.000000
