Parameters: GAD=1 vflib=1 dir=0 label=0 lowerbound=1 fileNameGp=../../cp2016-max-common-connected-subgraph-paper/datasets/graphsdb/mcs10/m2D/m2D/mcs10_m2D_s40.A07 fileNameGt=../../cp2016-max-common-connected-subgraph-paper/datasets/graphsdb/mcs10/m2D/m2D/mcs10_m2D_s40.B07
Reading graphs...
40 :  66
40 :  67
Initializing...
maxdom : 40
D->valSize : 1600
Solving...
currentSize : 16 <-- 0.036421 s
currentSize : 17 <-- 0.036844 s
currentSize : 19 <-- 0.037001 s
currentSize : 20 <-- 0.037207 s
currentSize : 21 <-- 0.041282 s
currentSize : 22 <-- 0.043540 s
currentSize : 23 <-- 0.048676 s
currentSize : 24 <-- 0.071497 s
currentSize : 25 <-- 0.153137 s
currentSize : 27 <-- 7.422607 s

TIMEOUT
maxsize : 27
nodes : 79948543.000000
filtered : 2387466949.000000
CCGP filtered : 1432626935.000000
CCGT filtered : 1267189617.000000
time : 1000.000000
