Parameters: GAD=1 vflib=1 dir=0 label=0 lowerbound=1 fileNameGp=../../cp2016-max-common-connected-subgraph-paper/datasets/graphsdb/mcs10/bvg/b03m/mcs10_b03m_s40.A07 fileNameGt=../../cp2016-max-common-connected-subgraph-paper/datasets/graphsdb/mcs10/bvg/b03m/mcs10_b03m_s40.B07
Reading graphs...
40 :  59
40 :  59
Initializing...
maxdom : 40
D->valSize : 1600
Solving...
currentSize : 18 <-- 0.036703 s
currentSize : 19 <-- 0.036804 s
currentSize : 20 <-- 0.036945 s
currentSize : 23 <-- 0.036998 s
currentSize : 24 <-- 0.093118 s
currentSize : 25 <-- 0.216791 s
currentSize : 26 <-- 0.609587 s
currentSize : 27 <-- 1.891404 s
currentSize : 28 <-- 5.953289 s
currentSize : 29 <-- 28.216232 s
currentSize : 30 <-- 33.253227 s

maxsize : 30
nodes : 10090021.000000
filtered : 377381478.000000
CCGP filtered : 311874764.000000
CCGT filtered : 167051419.000000
time : 130.142212
