Parameters: GAD=1 vflib=1 dir=0 label=0 lowerbound=1 fileNameGp=../../cp2016-max-common-connected-subgraph-paper/datasets/graphsdb/mcs10/rand/r005/mcs10_r005_s50.A00 fileNameGt=../../cp2016-max-common-connected-subgraph-paper/datasets/graphsdb/mcs10/rand/r005/mcs10_r005_s50.B00
Reading graphs...
50 :  122
50 :  122
Initializing...
maxdom : 50
D->valSize : 2500
Solving...
currentSize : 22 <-- 0.095540 s
currentSize : 23 <-- 0.107916 s
currentSize : 24 <-- 0.135541 s
currentSize : 25 <-- 0.212772 s
currentSize : 26 <-- 0.317234 s
currentSize : 27 <-- 0.890130 s
currentSize : 28 <-- 4.361132 s
currentSize : 29 <-- 8.399287 s
currentSize : 30 <-- 50.537876 s
currentSize : 31 <-- 972.894775 s

TIMEOUT
maxsize : 31
nodes : 70936028.000000
filtered : 2145158377.000000
CCGP filtered : 431894477.000000
CCGT filtered : 266745285.000000
time : 1000.000000
