Parameters: GAD=1 vflib=1 dir=0 label=0 lowerbound=1 fileNameGp=../../cp2016-max-common-connected-subgraph-paper/datasets/graphsdb/mcs10/m2D/m2D/mcs10_m2D_s40.A02 fileNameGt=../../cp2016-max-common-connected-subgraph-paper/datasets/graphsdb/mcs10/m2D/m2D/mcs10_m2D_s40.B02
Reading graphs...
40 :  67
40 :  66
Initializing...
maxdom : 40
D->valSize : 1600
Solving...
currentSize : 16 <-- 0.036226 s
currentSize : 17 <-- 0.036306 s
currentSize : 20 <-- 0.036459 s
currentSize : 21 <-- 0.036787 s
currentSize : 22 <-- 0.037550 s
currentSize : 23 <-- 0.039125 s
currentSize : 24 <-- 0.066719 s
currentSize : 25 <-- 0.478140 s
currentSize : 26 <-- 0.851673 s
currentSize : 27 <-- 1.269913 s
currentSize : 28 <-- 1.275693 s
currentSize : 29 <-- 568.878967 s

TIMEOUT
maxsize : 29
nodes : 86988665.000000
filtered : 2794011909.000000
CCGP filtered : 872423713.000000
CCGT filtered : 602224019.000000
time : 1000.000000
