Parameters: GAD=1 vflib=1 dir=0 label=0 lowerbound=1 fileNameGp=../../cp2016-max-common-connected-subgraph-paper/datasets/graphsdb/mcs10/m2D/m2D/mcs10_m2D_s50.A07 fileNameGt=../../cp2016-max-common-connected-subgraph-paper/datasets/graphsdb/mcs10/m2D/m2D/mcs10_m2D_s50.B07
Reading graphs...
50 :  85
50 :  85
Initializing...
maxdom : 50
D->valSize : 2500
Solving...
currentSize : 16 <-- 0.097659 s
currentSize : 19 <-- 0.097768 s
currentSize : 20 <-- 0.097791 s
currentSize : 21 <-- 0.098319 s
currentSize : 23 <-- 0.099783 s
currentSize : 24 <-- 0.307997 s
currentSize : 25 <-- 0.422413 s
currentSize : 26 <-- 0.482439 s
currentSize : 27 <-- 1.158555 s
currentSize : 28 <-- 2.240312 s
currentSize : 29 <-- 106.493469 s
currentSize : 30 <-- 147.753876 s
currentSize : 31 <-- 338.864838 s
currentSize : 32 <-- 889.334961 s

TIMEOUT
maxsize : 32
nodes : 73978391.000000
filtered : 1974404070.000000
CCGP filtered : 1450017926.000000
CCGT filtered : 805979004.000000
time : 1000.000000
