Parameters: GAD=1 vflib=1 dir=0 label=0 lowerbound=1 fileNameGp=../../cp2016-max-common-connected-subgraph-paper/datasets/graphsdb/mcs10/rand/r005/mcs10_r005_s40.A00 fileNameGt=../../cp2016-max-common-connected-subgraph-paper/datasets/graphsdb/mcs10/rand/r005/mcs10_r005_s40.B00
Reading graphs...
40 :  78
40 :  79
Initializing...
maxdom : 40
D->valSize : 1600
Solving...
currentSize : 17 <-- 0.063207 s
currentSize : 19 <-- 0.064097 s
currentSize : 20 <-- 0.065268 s
currentSize : 21 <-- 0.286640 s
currentSize : 22 <-- 0.295526 s
currentSize : 23 <-- 0.464998 s
currentSize : 24 <-- 0.597874 s
currentSize : 25 <-- 0.746019 s
currentSize : 26 <-- 26.591463 s
currentSize : 27 <-- 218.337830 s

TIMEOUT
maxsize : 27
nodes : 87838483.000000
filtered : 2883018442.000000
CCGP filtered : 578135807.000000
CCGT filtered : 397172552.000000
time : 1000.000000
