Parameters: GAD=1 vflib=1 dir=0 label=0 lowerbound=1 fileNameGp=../../cp2016-max-common-connected-subgraph-paper/datasets/graphsdb/mcs10/rand/r005/mcs10_r005_s50.A08 fileNameGt=../../cp2016-max-common-connected-subgraph-paper/datasets/graphsdb/mcs10/rand/r005/mcs10_r005_s50.B08
Reading graphs...
50 :  124
50 :  119
Initializing...
maxdom : 50
D->valSize : 2500
Solving...
currentSize : 15 <-- 0.094539 s
currentSize : 17 <-- 0.094578 s
currentSize : 19 <-- 0.094730 s
currentSize : 20 <-- 0.094907 s
currentSize : 21 <-- 0.095321 s
currentSize : 22 <-- 0.105613 s
currentSize : 23 <-- 0.107324 s
currentSize : 24 <-- 0.150388 s
currentSize : 25 <-- 1.756599 s
currentSize : 26 <-- 16.483168 s
currentSize : 27 <-- 19.250446 s
currentSize : 28 <-- 52.505680 s
currentSize : 29 <-- 704.789917 s

TIMEOUT
maxsize : 29
nodes : 68838943.000000
filtered : 1854033526.000000
CCGP filtered : 535372040.000000
CCGT filtered : 477840256.000000
time : 1000.000000
