Parameters: GAD=1 vflib=1 dir=0 label=0 lowerbound=1 fileNameGp=../../cp2016-max-common-connected-subgraph-paper/datasets/graphsdb/mcs10/rand/r005/mcs10_r005_s35.A07 fileNameGt=../../cp2016-max-common-connected-subgraph-paper/datasets/graphsdb/mcs10/rand/r005/mcs10_r005_s35.B07
Reading graphs...
35 :  61
35 :  60
Initializing...
maxdom : 35
D->valSize : 1225
Solving...
currentSize : 14 <-- 0.020519 s
currentSize : 16 <-- 0.020559 s
currentSize : 17 <-- 0.021037 s
currentSize : 18 <-- 0.022907 s
currentSize : 19 <-- 0.049094 s
currentSize : 20 <-- 0.152551 s
currentSize : 21 <-- 1.199529 s
currentSize : 22 <-- 1.989523 s
currentSize : 23 <-- 10.716077 s
currentSize : 24 <-- 187.650192 s

maxsize : 24
nodes : 44510809.000000
filtered : 1222911002.000000
CCGP filtered : 493443354.000000
CCGT filtered : 284431091.000000
time : 426.916626
