Parameters: GAD=1 vflib=1 dir=0 label=0 lowerbound=1 fileNameGp=../../cp2016-max-common-connected-subgraph-paper/datasets/graphsdb/mcs10/bvg/b03m/mcs10_b03m_s50.A08 fileNameGt=../../cp2016-max-common-connected-subgraph-paper/datasets/graphsdb/mcs10/bvg/b03m/mcs10_b03m_s50.B08
Reading graphs...
50 :  73
50 :  73
Initializing...
maxdom : 50
D->valSize : 2500
Solving...
currentSize : 13 <-- 0.099044 s
currentSize : 15 <-- 0.099120 s
currentSize : 18 <-- 0.099336 s
currentSize : 20 <-- 0.099381 s
currentSize : 22 <-- 0.099741 s
currentSize : 24 <-- 0.099792 s
currentSize : 25 <-- 0.105625 s
currentSize : 26 <-- 0.116646 s
currentSize : 27 <-- 0.279498 s
currentSize : 29 <-- 0.524881 s
currentSize : 30 <-- 1.271395 s
currentSize : 31 <-- 20.186834 s
currentSize : 32 <-- 20.315252 s
currentSize : 33 <-- 31.158512 s
currentSize : 34 <-- 128.618851 s
currentSize : 35 <-- 228.652786 s

TIMEOUT
maxsize : 35
nodes : 77509864.000000
filtered : 2340141115.000000
CCGP filtered : 1915249954.000000
CCGT filtered : 1127213159.000000
time : 1000.000000
