Parameters: GAD=1 vflib=1 dir=0 label=0 lowerbound=1 fileNameGp=../../cp2016-max-common-connected-subgraph-paper/datasets/graphsdb/mcs10/rand/r005/mcs10_r005_s50.A05 fileNameGt=../../cp2016-max-common-connected-subgraph-paper/datasets/graphsdb/mcs10/rand/r005/mcs10_r005_s50.B05
Reading graphs...
50 :  121
50 :  124
Initializing...
maxdom : 50
D->valSize : 2500
Solving...
currentSize : 15 <-- 0.093965 s
currentSize : 17 <-- 0.094323 s
currentSize : 18 <-- 0.096512 s
currentSize : 19 <-- 0.099406 s
currentSize : 21 <-- 0.099545 s
currentSize : 22 <-- 0.107203 s
currentSize : 23 <-- 0.135733 s
currentSize : 24 <-- 0.185078 s
currentSize : 25 <-- 0.352786 s
currentSize : 26 <-- 2.057000 s
currentSize : 27 <-- 10.210307 s
currentSize : 28 <-- 22.535547 s
currentSize : 29 <-- 347.017548 s
currentSize : 30 <-- 361.608337 s

TIMEOUT
maxsize : 30
nodes : 67706060.000000
filtered : 1955111160.000000
CCGP filtered : 447007287.000000
CCGT filtered : 474013412.000000
time : 1000.000000
