Parameters: GAD=1 vflib=1 dir=0 label=0 lowerbound=1 fileNameGp=../../cp2016-max-common-connected-subgraph-paper/datasets/graphsdb/mcs10/rand/r005/mcs10_r005_s35.A03 fileNameGt=../../cp2016-max-common-connected-subgraph-paper/datasets/graphsdb/mcs10/rand/r005/mcs10_r005_s35.B03
Reading graphs...
35 :  61
35 :  60
Initializing...
maxdom : 35
D->valSize : 1225
Solving...
currentSize : 14 <-- 0.021029 s
currentSize : 15 <-- 0.021067 s
currentSize : 16 <-- 0.021125 s
currentSize : 17 <-- 0.021459 s
currentSize : 18 <-- 0.021504 s
currentSize : 19 <-- 0.021827 s
currentSize : 20 <-- 0.022380 s
currentSize : 21 <-- 0.027716 s
currentSize : 22 <-- 0.242865 s
currentSize : 23 <-- 0.294114 s
currentSize : 24 <-- 5.950694 s
currentSize : 25 <-- 6.168286 s

maxsize : 25
nodes : 22253985.000000
filtered : 723134256.000000
CCGP filtered : 146089505.000000
CCGT filtered : 146781797.000000
time : 232.520187
