Parameters: GAD=1 vflib=1 dir=0 label=0 lowerbound=1 fileNameGp=../../cp2016-max-common-connected-subgraph-paper/datasets/graphsdb/mcs10/rand/r005/mcs10_r005_s50.A03 fileNameGt=../../cp2016-max-common-connected-subgraph-paper/datasets/graphsdb/mcs10/rand/r005/mcs10_r005_s50.B03
Reading graphs...
50 :  122
50 :  119
Initializing...
maxdom : 50
D->valSize : 2500
Solving...
currentSize : 21 <-- 0.095201 s
currentSize : 22 <-- 0.095447 s
currentSize : 23 <-- 0.110472 s
currentSize : 24 <-- 0.150704 s
currentSize : 25 <-- 0.150797 s
currentSize : 26 <-- 0.348674 s
currentSize : 27 <-- 0.982100 s
currentSize : 28 <-- 3.003732 s
currentSize : 29 <-- 38.631607 s
currentSize : 30 <-- 164.334671 s

TIMEOUT
maxsize : 30
nodes : 69185795.000000
filtered : 2282325624.000000
CCGP filtered : 272708051.000000
CCGT filtered : 270929132.000000
time : 1000.000000
