Parameters: GAD=1 vflib=1 dir=0 label=0 lowerbound=1 fileNameGp=../../cp2016-max-common-connected-subgraph-paper/datasets/graphsdb/mcs10/rand/r005/mcs10_r005_s35.A09 fileNameGt=../../cp2016-max-common-connected-subgraph-paper/datasets/graphsdb/mcs10/rand/r005/mcs10_r005_s35.B09
Reading graphs...
35 :  61
35 :  60
Initializing...
maxdom : 35
D->valSize : 1225
Solving...
currentSize : 16 <-- 0.020715 s
currentSize : 18 <-- 0.021419 s
currentSize : 19 <-- 0.021459 s
currentSize : 20 <-- 0.025918 s
currentSize : 21 <-- 0.039038 s
currentSize : 22 <-- 0.210436 s
currentSize : 23 <-- 3.404279 s
currentSize : 24 <-- 107.144966 s
currentSize : 25 <-- 254.344620 s

maxsize : 25
nodes : 32412514.000000
filtered : 901776517.000000
CCGP filtered : 314505228.000000
CCGT filtered : 319967446.000000
time : 338.144623
