Parameters: GAD=1 vflib=1 dir=0 label=0 lowerbound=1 fileNameGp=../../cp2016-max-common-connected-subgraph-paper/datasets/graphsdb/mcs10/bvg/b03m/mcs10_b03m_s40.A02 fileNameGt=../../cp2016-max-common-connected-subgraph-paper/datasets/graphsdb/mcs10/bvg/b03m/mcs10_b03m_s40.B02
Reading graphs...
40 :  59
40 :  58
Initializing...
maxdom : 40
D->valSize : 1600
Solving...
currentSize : 17 <-- 0.036730 s
currentSize : 18 <-- 0.036893 s
currentSize : 19 <-- 0.037146 s
currentSize : 21 <-- 0.037584 s
currentSize : 22 <-- 0.044668 s
currentSize : 23 <-- 0.290684 s
currentSize : 24 <-- 1.018212 s
currentSize : 25 <-- 1.020297 s
currentSize : 26 <-- 8.346056 s
currentSize : 27 <-- 11.127659 s
currentSize : 28 <-- 226.285843 s
currentSize : 29 <-- 227.272934 s

maxsize : 29
nodes : 22083005.000000
filtered : 716687921.000000
CCGP filtered : 917603604.000000
CCGT filtered : 645118674.000000
time : 307.102142
