Parameters: GAD=1 vflib=1 dir=0 label=0 lowerbound=1 fileNameGp=../../cp2016-max-common-connected-subgraph-paper/datasets/graphsdb/mcs10/bvg/b03/mcs10_b03_s50.A09 fileNameGt=../../cp2016-max-common-connected-subgraph-paper/datasets/graphsdb/mcs10/bvg/b03/mcs10_b03_s50.B09
Reading graphs...
50 :  75
50 :  74
Initializing...
maxdom : 50
D->valSize : 2500
Solving...
currentSize : 18 <-- 0.099227 s
currentSize : 20 <-- 0.099463 s
currentSize : 22 <-- 0.099557 s
currentSize : 23 <-- 0.100334 s
currentSize : 24 <-- 0.100499 s
currentSize : 25 <-- 0.111145 s
currentSize : 26 <-- 0.113568 s
currentSize : 28 <-- 0.124169 s
currentSize : 29 <-- 1.025493 s
currentSize : 30 <-- 1.074673 s
currentSize : 31 <-- 16.853409 s
currentSize : 32 <-- 16.950344 s
currentSize : 33 <-- 17.056728 s
currentSize : 34 <-- 36.374458 s
currentSize : 35 <-- 444.021606 s
currentSize : 36 <-- 444.022095 s

TIMEOUT
maxsize : 36
nodes : 60883374.000000
filtered : 2389916749.000000
CCGP filtered : 2074269712.000000
CCGT filtered : 1684177268.000000
time : 1000.000000
