Parameters: GAD=1 vflib=1 dir=0 label=0 lowerbound=1 fileNameGp=../../cp2016-max-common-connected-subgraph-paper/datasets/graphsdb/mcs10/bvg/b03/mcs10_b03_s40.A01 fileNameGt=../../cp2016-max-common-connected-subgraph-paper/datasets/graphsdb/mcs10/bvg/b03/mcs10_b03_s40.B01
Reading graphs...
40 :  60
40 :  60
Initializing...
maxdom : 40
D->valSize : 1600
Solving...
currentSize : 17 <-- 0.037057 s
currentSize : 18 <-- 0.037099 s
currentSize : 19 <-- 0.037267 s
currentSize : 22 <-- 0.038178 s
currentSize : 23 <-- 0.044670 s
currentSize : 24 <-- 0.044786 s
currentSize : 25 <-- 0.233872 s
currentSize : 26 <-- 9.659617 s
currentSize : 27 <-- 28.279268 s
currentSize : 28 <-- 28.295179 s

maxsize : 28
nodes : 10100128.000000
filtered : 353892746.000000
CCGP filtered : 252340823.000000
CCGT filtered : 211989813.000000
time : 126.891014
