Parameters: GAD=1 vflib=1 dir=0 label=0 lowerbound=1 fileNameGp=../../cp2016-max-common-connected-subgraph-paper/datasets/graphsdb/mcs10/m2D/m2Dr4/mcs10_m2Dr4_s50.A07 fileNameGt=../../cp2016-max-common-connected-subgraph-paper/datasets/graphsdb/mcs10/m2D/m2Dr4/mcs10_m2Dr4_s50.B07
Reading graphs...
50 :  103
50 :  105
Initializing...
maxdom : 50
D->valSize : 2500
Solving...
currentSize : 19 <-- 0.094755 s
currentSize : 20 <-- 0.095156 s
currentSize : 21 <-- 0.097464 s
currentSize : 23 <-- 0.098295 s
currentSize : 24 <-- 0.148024 s
currentSize : 25 <-- 0.294902 s
currentSize : 26 <-- 0.747814 s
currentSize : 27 <-- 6.065128 s
currentSize : 28 <-- 17.641264 s
currentSize : 29 <-- 175.578659 s

TIMEOUT
maxsize : 29
nodes : 78220499.000000
filtered : 2092213652.000000
CCGP filtered : 562642643.000000
CCGT filtered : 555582163.000000
time : 1000.000000
