Parameters: GAD=1 vflib=1 dir=0 label=0 lowerbound=1 fileNameGp=../../cp2016-max-common-connected-subgraph-paper/datasets/graphsdb/mcs10/rand/r005/mcs10_r005_s40.A08 fileNameGt=../../cp2016-max-common-connected-subgraph-paper/datasets/graphsdb/mcs10/rand/r005/mcs10_r005_s40.B08
Reading graphs...
40 :  81
40 :  79
Initializing...
maxdom : 40
D->valSize : 1600
Solving...
currentSize : 14 <-- 0.035724 s
currentSize : 15 <-- 0.035878 s
currentSize : 16 <-- 0.035913 s
currentSize : 17 <-- 0.036089 s
currentSize : 18 <-- 0.046730 s
currentSize : 19 <-- 0.306503 s
currentSize : 20 <-- 0.308333 s
currentSize : 21 <-- 0.573287 s
currentSize : 22 <-- 2.096960 s
currentSize : 23 <-- 28.620775 s
currentSize : 24 <-- 37.556416 s
currentSize : 25 <-- 139.783600 s
currentSize : 26 <-- 404.811340 s
currentSize : 27 <-- 799.057617 s

TIMEOUT
maxsize : 27
nodes : 88340808.000000
filtered : 2293088577.000000
CCGP filtered : 873961654.000000
CCGT filtered : 582516268.000000
time : 1000.000000
