Parameters: GAD=1 vflib=1 dir=0 label=0 lowerbound=1 fileNameGp=../../cp2016-max-common-connected-subgraph-paper/datasets/graphsdb/mcs10/bvg/b03/mcs10_b03_s50.A02 fileNameGt=../../cp2016-max-common-connected-subgraph-paper/datasets/graphsdb/mcs10/bvg/b03/mcs10_b03_s50.B02
Reading graphs...
50 :  74
50 :  75
Initializing...
maxdom : 50
D->valSize : 2500
Solving...
currentSize : 20 <-- 0.100472 s
currentSize : 24 <-- 0.100682 s
currentSize : 25 <-- 0.100818 s
currentSize : 26 <-- 0.218504 s
currentSize : 27 <-- 0.223114 s
currentSize : 28 <-- 0.234318 s
currentSize : 29 <-- 0.380823 s
currentSize : 30 <-- 17.852999 s
currentSize : 31 <-- 18.287577 s
currentSize : 32 <-- 20.122641 s
currentSize : 33 <-- 20.371420 s
currentSize : 34 <-- 127.753220 s

TIMEOUT
maxsize : 34
nodes : 65376783.000000
filtered : 2090281881.000000
CCGP filtered : 2309842067.000000
CCGT filtered : 1401385053.000000
time : 1000.000000
