Parameters: GAD=1 vflib=1 dir=0 label=0 lowerbound=1 fileNameGp=../../cp2016-max-common-connected-subgraph-paper/datasets/graphsdb/mcs10/rand/r005/mcs10_r005_s35.A01 fileNameGt=../../cp2016-max-common-connected-subgraph-paper/datasets/graphsdb/mcs10/rand/r005/mcs10_r005_s35.B01
Reading graphs...
35 :  60
35 :  60
Initializing...
maxdom : 35
D->valSize : 1225
Solving...
currentSize : 15 <-- 0.038375 s
currentSize : 17 <-- 0.038644 s
currentSize : 18 <-- 0.038753 s
currentSize : 19 <-- 0.054726 s
currentSize : 20 <-- 0.074492 s
currentSize : 21 <-- 0.079403 s
currentSize : 22 <-- 0.251900 s
currentSize : 23 <-- 1.858962 s
currentSize : 24 <-- 22.380123 s
currentSize : 25 <-- 62.860374 s

maxsize : 25
nodes : 13738314.000000
filtered : 375350879.000000
CCGP filtered : 117730646.000000
CCGT filtered : 70798876.000000
time : 133.039429
