Parameters: GAD=1 vflib=1 dir=0 label=0 lowerbound=1 fileNameGp=../../cp2016-max-common-connected-subgraph-paper/datasets/graphsdb/mcs10/m2D/m2Dr6/mcs10_m2Dr6_s40.A06 fileNameGt=../../cp2016-max-common-connected-subgraph-paper/datasets/graphsdb/mcs10/m2D/m2Dr6/mcs10_m2Dr6_s40.B06
Reading graphs...
40 :  89
40 :  90
Initializing...
maxdom : 40
D->valSize : 1600
Solving...
currentSize : 16 <-- 0.035151 s
currentSize : 17 <-- 0.035238 s
currentSize : 18 <-- 0.035627 s
currentSize : 19 <-- 0.038547 s
currentSize : 20 <-- 0.041596 s
currentSize : 21 <-- 0.066716 s
currentSize : 22 <-- 0.631426 s
currentSize : 23 <-- 0.865475 s
currentSize : 24 <-- 5.432657 s
currentSize : 25 <-- 58.035503 s
currentSize : 26 <-- 317.268982 s

TIMEOUT
maxsize : 26
nodes : 84462146.000000
filtered : 2849012157.000000
CCGP filtered : 602931115.000000
CCGT filtered : 466696964.000000
time : 1000.000000
