Parameters: GAD=1 vflib=1 dir=0 label=0 lowerbound=1 fileNameGp=../../cp2016-max-common-connected-subgraph-paper/datasets/graphsdb/mcs10/bvg/b03/mcs10_b03_s50.A01 fileNameGt=../../cp2016-max-common-connected-subgraph-paper/datasets/graphsdb/mcs10/bvg/b03/mcs10_b03_s50.B01
Reading graphs...
50 :  75
50 :  75
Initializing...
maxdom : 50
D->valSize : 2500
Solving...
currentSize : 21 <-- 0.100438 s
currentSize : 22 <-- 0.100874 s
currentSize : 23 <-- 0.103624 s
currentSize : 24 <-- 0.113114 s
currentSize : 25 <-- 0.136660 s
currentSize : 26 <-- 0.281460 s
currentSize : 27 <-- 0.636116 s
currentSize : 28 <-- 0.824539 s
currentSize : 29 <-- 2.024147 s
currentSize : 30 <-- 2.029604 s
currentSize : 32 <-- 6.628118 s
currentSize : 33 <-- 238.154953 s
currentSize : 34 <-- 583.808960 s

TIMEOUT
maxsize : 34
nodes : 67322242.000000
filtered : 2284019259.000000
CCGP filtered : 2308470913.000000
CCGT filtered : 1615710462.000000
time : 1000.000000
