Parameters: GAD=1 vflib=1 dir=0 label=0 lowerbound=1 fileNameGp=../../cp2016-max-common-connected-subgraph-paper/datasets/graphsdb/mcs10/rand/r005/mcs10_r005_s30.A01 fileNameGt=../../cp2016-max-common-connected-subgraph-paper/datasets/graphsdb/mcs10/rand/r005/mcs10_r005_s30.B01
Reading graphs...
30 :  45
30 :  45
Initializing...
maxdom : 30
D->valSize : 900
Solving...
currentSize : 5 <-- 0.011114 s
currentSize : 13 <-- 0.011251 s
currentSize : 15 <-- 0.011269 s
currentSize : 16 <-- 0.012394 s
currentSize : 17 <-- 0.012922 s
currentSize : 18 <-- 0.012951 s
currentSize : 19 <-- 0.023818 s
currentSize : 20 <-- 0.027974 s
currentSize : 21 <-- 0.415565 s
currentSize : 22 <-- 3.602708 s

maxsize : 22
nodes : 1548868.000000
filtered : 36341154.000000
CCGP filtered : 22712716.000000
CCGT filtered : 11736660.000000
time : 13.321831
