Parameters: GAD=1 vflib=1 dir=0 label=0 lowerbound=1 fileNameGp=../../cp2016-max-common-connected-subgraph-paper/datasets/graphsdb/mcs10/bvg/b03/mcs10_b03_s50.A05 fileNameGt=../../cp2016-max-common-connected-subgraph-paper/datasets/graphsdb/mcs10/bvg/b03/mcs10_b03_s50.B05
Reading graphs...
50 :  74
50 :  73
Initializing...
maxdom : 50
D->valSize : 2500
Solving...
currentSize : 21 <-- 0.125436 s
currentSize : 22 <-- 0.137835 s
currentSize : 23 <-- 0.149137 s
currentSize : 24 <-- 0.178831 s
currentSize : 25 <-- 1.588069 s
currentSize : 26 <-- 1.952229 s
currentSize : 27 <-- 3.705044 s
currentSize : 28 <-- 5.472078 s
currentSize : 29 <-- 11.821622 s
currentSize : 30 <-- 23.079235 s
currentSize : 31 <-- 51.152969 s
currentSize : 32 <-- 51.653774 s
currentSize : 33 <-- 54.093643 s
currentSize : 34 <-- 269.803925 s
currentSize : 35 <-- 288.249756 s

TIMEOUT
maxsize : 35
nodes : 66091252.000000
filtered : 2353990032.000000
CCGP filtered : 1676188929.000000
CCGT filtered : 1196141629.000000
time : 1000.000000
