Parameters: GAD=1 vflib=1 dir=0 label=0 lowerbound=1 fileNameGp=../../cp2016-max-common-connected-subgraph-paper/datasets/graphsdb/mcs10/m2D/m2Dr6/mcs10_m2Dr6_s50.A05 fileNameGt=../../cp2016-max-common-connected-subgraph-paper/datasets/graphsdb/mcs10/m2D/m2Dr6/mcs10_m2Dr6_s50.B05
Reading graphs...
50 :  114
50 :  112
Initializing...
maxdom : 50
D->valSize : 2500
Solving...
currentSize : 22 <-- 0.131351 s
currentSize : 23 <-- 0.131802 s
currentSize : 24 <-- 0.139920 s
currentSize : 25 <-- 0.166882 s
currentSize : 26 <-- 0.168666 s
currentSize : 27 <-- 0.765186 s
currentSize : 28 <-- 1.889539 s
currentSize : 29 <-- 7.462462 s
currentSize : 30 <-- 13.097516 s
currentSize : 31 <-- 254.574310 s

TIMEOUT
maxsize : 31
nodes : 73177338.000000
filtered : 2082800356.000000
CCGP filtered : 348060217.000000
CCGT filtered : 399887763.000000
time : 1000.000000
