Parameters: GAD=1 vflib=1 dir=0 label=0 lowerbound=1 fileNameGp=../../cp2016-max-common-connected-subgraph-paper/datasets/graphsdb/mcs10/rand/r01/mcs10_r01_s30.A01 fileNameGt=../../cp2016-max-common-connected-subgraph-paper/datasets/graphsdb/mcs10/rand/r01/mcs10_r01_s30.B01
Reading graphs...
30 :  84
30 :  85
Initializing...
maxdom : 30
D->valSize : 900
Solving...
currentSize : 11 <-- 0.016056 s
currentSize : 12 <-- 0.016218 s
currentSize : 13 <-- 0.016589 s
currentSize : 14 <-- 0.017692 s
currentSize : 15 <-- 0.018293 s
currentSize : 16 <-- 0.032063 s
currentSize : 17 <-- 0.085486 s
currentSize : 18 <-- 0.684840 s
currentSize : 19 <-- 52.531918 s

maxsize : 19
nodes : 14673222.000000
filtered : 366097479.000000
CCGP filtered : 14847283.000000
CCGT filtered : 17551640.000000
time : 134.600311
