Parameters: GAD=1 vflib=1 dir=0 label=0 lowerbound=1 fileNameGp=../../cp2016-max-common-connected-subgraph-paper/datasets/graphsdb/mcs10/rand/r005/mcs10_r005_s30.A00 fileNameGt=../../cp2016-max-common-connected-subgraph-paper/datasets/graphsdb/mcs10/rand/r005/mcs10_r005_s30.B00
Reading graphs...
30 :  43
30 :  44
Initializing...
maxdom : 30
D->valSize : 900
Solving...
currentSize : 12 <-- 0.011345 s
currentSize : 14 <-- 0.011525 s
currentSize : 15 <-- 0.011685 s
currentSize : 16 <-- 0.011888 s
currentSize : 17 <-- 0.011959 s
currentSize : 18 <-- 0.012221 s
currentSize : 19 <-- 0.013392 s
currentSize : 20 <-- 0.015338 s
currentSize : 21 <-- 5.379869 s
currentSize : 22 <-- 11.423800 s

maxsize : 22
nodes : 1396703.000000
filtered : 32397504.000000
CCGP filtered : 23513634.000000
CCGT filtered : 12911180.000000
time : 12.569743
