Parameters: GAD=1 vflib=1 dir=0 label=0 lowerbound=1 fileNameGp=../../cp2016-max-common-connected-subgraph-paper/datasets/graphsdb/mcs10/m2D/m2Dr4/mcs10_m2Dr4_s40.A08 fileNameGt=../../cp2016-max-common-connected-subgraph-paper/datasets/graphsdb/mcs10/m2D/m2Dr4/mcs10_m2Dr4_s40.B08
Reading graphs...
40 :  81
40 :  82
Initializing...
maxdom : 40
D->valSize : 1600
Solving...
currentSize : 16 <-- 0.047633 s
currentSize : 17 <-- 0.047711 s
currentSize : 19 <-- 0.047757 s
currentSize : 20 <-- 0.048497 s
currentSize : 21 <-- 0.049592 s
currentSize : 22 <-- 0.057279 s
currentSize : 23 <-- 0.111979 s
currentSize : 24 <-- 0.488023 s
currentSize : 25 <-- 5.399806 s
currentSize : 26 <-- 200.622009 s
currentSize : 28 <-- 303.582733 s

maxsize : 28
nodes : 75734794.000000
filtered : 2890697411.000000
CCGP filtered : 531421091.000000
CCGT filtered : 526516776.000000
time : 928.088501
