Parameters: GAD=1 vflib=1 dir=0 label=0 lowerbound=1 fileNameGp=../../cp2016-max-common-connected-subgraph-paper/datasets/graphsdb/mcs10/bvg/b03m/mcs10_b03m_s50.A03 fileNameGt=../../cp2016-max-common-connected-subgraph-paper/datasets/graphsdb/mcs10/bvg/b03m/mcs10_b03m_s50.B03
Reading graphs...
50 :  74
50 :  73
Initializing...
maxdom : 50
D->valSize : 2500
Solving...
currentSize : 22 <-- 0.102573 s
currentSize : 23 <-- 0.103972 s
currentSize : 24 <-- 0.140115 s
currentSize : 25 <-- 0.211791 s
currentSize : 26 <-- 0.212114 s
currentSize : 27 <-- 0.212417 s
currentSize : 28 <-- 0.323703 s
currentSize : 29 <-- 0.419045 s
currentSize : 30 <-- 6.013366 s
currentSize : 31 <-- 6.140005 s
currentSize : 32 <-- 16.795759 s
currentSize : 33 <-- 21.039347 s

TIMEOUT
maxsize : 33
nodes : 64897363.000000
filtered : 2059198440.000000
CCGP filtered : 3001539983.000000
CCGT filtered : 1502335497.000000
time : 1000.000000
