Parameters: GAD=1 vflib=1 dir=0 label=0 lowerbound=1 fileNameGp=../../cp2016-max-common-connected-subgraph-paper/datasets/graphsdb/mcs10/bvg/b03m/mcs10_b03m_s40.A05 fileNameGt=../../cp2016-max-common-connected-subgraph-paper/datasets/graphsdb/mcs10/bvg/b03m/mcs10_b03m_s40.B05
Reading graphs...
40 :  59
40 :  59
Initializing...
maxdom : 40
D->valSize : 1600
Solving...
currentSize : 17 <-- 0.036562 s
currentSize : 18 <-- 0.036712 s
currentSize : 19 <-- 0.036853 s
currentSize : 20 <-- 0.037287 s
currentSize : 21 <-- 0.038263 s
currentSize : 22 <-- 0.085648 s
currentSize : 23 <-- 0.085777 s
currentSize : 24 <-- 0.197444 s
currentSize : 25 <-- 2.653434 s
currentSize : 26 <-- 5.912684 s
currentSize : 27 <-- 137.428635 s
currentSize : 28 <-- 250.716980 s

maxsize : 28
nodes : 58922657.000000
filtered : 1800039914.000000
CCGP filtered : 2108387604.000000
CCGT filtered : 1550169717.000000
time : 773.877808
