Parameters: GAD=1 vflib=1 dir=0 label=0 lowerbound=1 fileNameGp=../../cp2016-max-common-connected-subgraph-paper/datasets/graphsdb/mcs10/rand/r005/mcs10_r005_s35.A05 fileNameGt=../../cp2016-max-common-connected-subgraph-paper/datasets/graphsdb/mcs10/rand/r005/mcs10_r005_s35.B05
Reading graphs...
35 :  61
35 :  59
Initializing...
maxdom : 35
D->valSize : 1225
Solving...
currentSize : 13 <-- 0.032413 s
currentSize : 14 <-- 0.032583 s
currentSize : 15 <-- 0.033169 s
currentSize : 16 <-- 0.038618 s
currentSize : 17 <-- 0.062729 s
currentSize : 18 <-- 0.100023 s
currentSize : 19 <-- 0.119039 s
currentSize : 20 <-- 0.576191 s
currentSize : 21 <-- 1.512364 s
currentSize : 22 <-- 4.642816 s
currentSize : 23 <-- 5.489389 s
currentSize : 24 <-- 9.569655 s

maxsize : 24
nodes : 18890313.000000
filtered : 533349266.000000
CCGP filtered : 228762009.000000
CCGT filtered : 134524179.000000
time : 192.602371
