Parameters: GAD=1 vflib=1 dir=0 label=0 lowerbound=1 fileNameGp=../../cp2016-max-common-connected-subgraph-paper/datasets/graphsdb/mcs10/m2D/m2D/mcs10_m2D_s40.A09 fileNameGt=../../cp2016-max-common-connected-subgraph-paper/datasets/graphsdb/mcs10/m2D/m2D/mcs10_m2D_s40.B09
Reading graphs...
40 :  67
40 :  66
Initializing...
maxdom : 40
D->valSize : 1600
Solving...
currentSize : 12 <-- 0.036288 s
currentSize : 13 <-- 0.036381 s
currentSize : 21 <-- 0.036615 s
currentSize : 22 <-- 0.036985 s
currentSize : 23 <-- 0.047292 s
currentSize : 24 <-- 0.051667 s
currentSize : 25 <-- 0.767979 s
currentSize : 26 <-- 2.227184 s
currentSize : 27 <-- 9.882424 s
currentSize : 28 <-- 48.635109 s
currentSize : 29 <-- 205.971619 s

TIMEOUT
maxsize : 29
nodes : 80968996.000000
filtered : 2789592947.000000
CCGP filtered : 1533230681.000000
CCGT filtered : 1003027428.000000
time : 1000.000000
