Parameters: GAD=1 vflib=1 dir=0 label=0 lowerbound=1 fileNameGp=../../cp2016-max-common-connected-subgraph-paper/datasets/graphsdb/mcs10/m2D/m2Dr4/mcs10_m2Dr4_s40.A04 fileNameGt=../../cp2016-max-common-connected-subgraph-paper/datasets/graphsdb/mcs10/m2D/m2Dr4/mcs10_m2Dr4_s40.B04
Reading graphs...
40 :  82
40 :  80
Initializing...
maxdom : 40
D->valSize : 1600
Solving...
currentSize : 13 <-- 0.035434 s
currentSize : 17 <-- 0.035610 s
currentSize : 18 <-- 0.035799 s
currentSize : 19 <-- 0.038246 s
currentSize : 20 <-- 0.089063 s
currentSize : 21 <-- 0.091380 s
currentSize : 22 <-- 0.139970 s
currentSize : 23 <-- 0.142915 s
currentSize : 24 <-- 1.048607 s
currentSize : 25 <-- 16.553690 s
currentSize : 26 <-- 114.410507 s
currentSize : 27 <-- 474.546509 s

TIMEOUT
maxsize : 27
nodes : 84999483.000000
filtered : 2784959271.000000
CCGP filtered : 741631980.000000
CCGT filtered : 547763382.000000
time : 1000.000000
