Parameters: GAD=1 vflib=1 dir=0 label=0 lowerbound=1 fileNameGp=../../cp2016-max-common-connected-subgraph-paper/datasets/graphsdb/mcs10/m2D/m2D/mcs10_m2D_s50.A06 fileNameGt=../../cp2016-max-common-connected-subgraph-paper/datasets/graphsdb/mcs10/m2D/m2D/mcs10_m2D_s50.B06
Reading graphs...
50 :  84
50 :  83
Initializing...
maxdom : 50
D->valSize : 2500
Solving...
currentSize : 22 <-- 0.165803 s
currentSize : 23 <-- 0.166333 s
currentSize : 24 <-- 0.166886 s
currentSize : 25 <-- 0.167280 s
currentSize : 26 <-- 0.168929 s
currentSize : 27 <-- 0.526539 s
currentSize : 28 <-- 1.116932 s
currentSize : 29 <-- 10.604329 s
currentSize : 30 <-- 51.391518 s
currentSize : 31 <-- 92.096321 s
currentSize : 32 <-- 858.999817 s

TIMEOUT
maxsize : 32
nodes : 70726682.000000
filtered : 1896857051.000000
CCGP filtered : 1222340629.000000
CCGT filtered : 1080995660.000000
time : 1000.000061
