Parameters: GAD=1 vflib=1 dir=0 label=0 lowerbound=1 fileNameGp=../../cp2016-max-common-connected-subgraph-paper/datasets/graphsdb/mcs10/bvg/b03/mcs10_b03_s40.A06 fileNameGt=../../cp2016-max-common-connected-subgraph-paper/datasets/graphsdb/mcs10/bvg/b03/mcs10_b03_s40.B06
Reading graphs...
40 :  59
40 :  60
Initializing...
maxdom : 40
D->valSize : 1600
Solving...
currentSize : 9 <-- 0.038111 s
currentSize : 13 <-- 0.038278 s
currentSize : 15 <-- 0.038422 s
currentSize : 16 <-- 0.038507 s
currentSize : 17 <-- 0.038580 s
currentSize : 18 <-- 0.042232 s
currentSize : 19 <-- 0.062384 s
currentSize : 20 <-- 0.076778 s
currentSize : 24 <-- 0.130706 s
currentSize : 25 <-- 0.136655 s
currentSize : 26 <-- 0.196092 s
currentSize : 27 <-- 1.001053 s
currentSize : 28 <-- 14.165117 s

maxsize : 28
nodes : 35919625.000000
filtered : 1135152747.000000
CCGP filtered : 888789864.000000
CCGT filtered : 567633593.000000
time : 448.227051
