Parameters: GAD=1 vflib=1 dir=0 label=0 lowerbound=1 fileNameGp=../../cp2016-max-common-connected-subgraph-paper/datasets/graphsdb/mcs10/m2D/m2Dr4/mcs10_m2Dr4_s50.A01 fileNameGt=../../cp2016-max-common-connected-subgraph-paper/datasets/graphsdb/mcs10/m2D/m2Dr4/mcs10_m2Dr4_s50.B01
Reading graphs...
50 :  103
50 :  104
Initializing...
maxdom : 50
D->valSize : 2500
Solving...
currentSize : 15 <-- 0.095442 s
currentSize : 19 <-- 0.095937 s
currentSize : 22 <-- 0.114813 s
currentSize : 23 <-- 0.116097 s
currentSize : 24 <-- 0.121184 s
currentSize : 26 <-- 0.269942 s
currentSize : 27 <-- 0.707747 s
currentSize : 28 <-- 1.173109 s
currentSize : 30 <-- 69.351776 s
currentSize : 31 <-- 69.365883 s

TIMEOUT
maxsize : 31
nodes : 71234447.000000
filtered : 1944987921.000000
CCGP filtered : 612516942.000000
CCGT filtered : 356023350.000000
time : 1000.000000
