Parameters: GAD=1 vflib=1 dir=0 label=0 lowerbound=1 fileNameGp=../../cp2016-max-common-connected-subgraph-paper/datasets/graphsdb/mcs10/m2D/m2D/mcs10_m2D_s50.A04 fileNameGt=../../cp2016-max-common-connected-subgraph-paper/datasets/graphsdb/mcs10/m2D/m2D/mcs10_m2D_s50.B04
Reading graphs...
50 :  84
50 :  84
Initializing...
maxdom : 50
D->valSize : 2500
Solving...
currentSize : 21 <-- 0.100678 s
currentSize : 25 <-- 0.100716 s
currentSize : 26 <-- 0.167886 s
currentSize : 27 <-- 0.168762 s
currentSize : 28 <-- 0.210671 s
currentSize : 29 <-- 0.483260 s
currentSize : 30 <-- 0.565456 s
currentSize : 31 <-- 2.715492 s
currentSize : 32 <-- 234.656860 s
currentSize : 33 <-- 360.923462 s

TIMEOUT
maxsize : 33
nodes : 72676303.000000
filtered : 1857068187.000000
CCGP filtered : 774220714.000000
CCGT filtered : 485779301.000000
time : 1000.000000
