Parameters: GAD=1 vflib=1 dir=0 label=0 lowerbound=1 fileNameGp=../../cp2016-max-common-connected-subgraph-paper/datasets/graphsdb/mcs10/m2D/m2Dr6/mcs10_m2Dr6_s50.A07 fileNameGt=../../cp2016-max-common-connected-subgraph-paper/datasets/graphsdb/mcs10/m2D/m2Dr6/mcs10_m2Dr6_s50.B07
Reading graphs...
50 :  109
50 :  112
Initializing...
maxdom : 50
D->valSize : 2500
Solving...
currentSize : 22 <-- 0.143520 s
currentSize : 23 <-- 0.143660 s
currentSize : 24 <-- 0.145366 s
currentSize : 25 <-- 0.176493 s
currentSize : 26 <-- 0.233417 s
currentSize : 27 <-- 0.554575 s
currentSize : 28 <-- 3.231918 s
currentSize : 29 <-- 131.051758 s
currentSize : 30 <-- 727.039612 s
currentSize : 31 <-- 969.130127 s

TIMEOUT
maxsize : 31
nodes : 68645288.000000
filtered : 1802625221.000000
CCGP filtered : 491800822.000000
CCGT filtered : 633610798.000000
time : 1000.000000
