Parameters: GAD=1 vflib=1 dir=0 label=0 lowerbound=1 fileNameGp=../../cp2016-max-common-connected-subgraph-paper/datasets/graphsdb/mcs10/rand/r005/mcs10_r005_s25.A02 fileNameGt=../../cp2016-max-common-connected-subgraph-paper/datasets/graphsdb/mcs10/rand/r005/mcs10_r005_s25.B02
Reading graphs...
25 :  31
25 :  31
Initializing...
maxdom : 25
D->valSize : 625
Solving...
currentSize : 6 <-- 0.006153 s
currentSize : 7 <-- 0.006403 s
currentSize : 11 <-- 0.006447 s
currentSize : 12 <-- 0.006497 s
currentSize : 13 <-- 0.006938 s
currentSize : 14 <-- 0.009665 s
currentSize : 15 <-- 0.011930 s
currentSize : 16 <-- 0.120039 s
currentSize : 17 <-- 0.144646 s
currentSize : 18 <-- 0.145192 s
currentSize : 20 <-- 0.145284 s

maxsize : 20
nodes : 30778.000000
filtered : 473602.000000
CCGP filtered : 546417.000000
CCGT filtered : 311779.000000
time : 0.206250
