Parameters: GAD=1 vflib=1 dir=0 label=0 lowerbound=1 fileNameGp=../../cp2016-max-common-connected-subgraph-paper/datasets/graphsdb/mcs10/rand/r005/mcs10_r005_s30.A08 fileNameGt=../../cp2016-max-common-connected-subgraph-paper/datasets/graphsdb/mcs10/rand/r005/mcs10_r005_s30.B08
Reading graphs...
30 :  45
30 :  44
Initializing...
maxdom : 30
D->valSize : 900
Solving...
currentSize : 8 <-- 0.019497 s
currentSize : 10 <-- 0.019685 s
currentSize : 12 <-- 0.020174 s
currentSize : 13 <-- 0.021041 s
currentSize : 15 <-- 0.021379 s
currentSize : 16 <-- 0.027288 s
currentSize : 17 <-- 0.054552 s
currentSize : 18 <-- 0.549403 s
currentSize : 19 <-- 0.571861 s
currentSize : 20 <-- 2.074855 s
currentSize : 21 <-- 3.075580 s
currentSize : 22 <-- 3.075657 s

maxsize : 22
nodes : 560837.000000
filtered : 12548947.000000
CCGP filtered : 8441172.000000
CCGT filtered : 6304586.000000
time : 5.144244
