Parameters: GAD=1 vflib=1 dir=0 label=0 lowerbound=1 fileNameGp=../../cp2016-max-common-connected-subgraph-paper/datasets/graphsdb/mcs10/bvg/b03m/mcs10_b03m_s40.A00 fileNameGt=../../cp2016-max-common-connected-subgraph-paper/datasets/graphsdb/mcs10/bvg/b03m/mcs10_b03m_s40.B00
Reading graphs...
40 :  58
40 :  59
Initializing...
maxdom : 40
D->valSize : 1600
Solving...
currentSize : 20 <-- 0.036885 s
currentSize : 21 <-- 0.036992 s
currentSize : 22 <-- 0.037193 s
currentSize : 23 <-- 0.071711 s
currentSize : 24 <-- 0.793785 s
currentSize : 25 <-- 2.106411 s
currentSize : 26 <-- 10.100125 s
currentSize : 27 <-- 12.434595 s
currentSize : 28 <-- 13.448323 s
currentSize : 29 <-- 94.423195 s

maxsize : 29
nodes : 19850910.000000
filtered : 701631032.000000
CCGP filtered : 520918610.000000
CCGT filtered : 253659108.000000
time : 240.723557
