Parameters: GAD=1 vflib=1 dir=0 label=0 lowerbound=1 fileNameGp=../../cp2016-max-common-connected-subgraph-paper/datasets/graphsdb/mcs10/bvg/b03/mcs10_b03_s40.A07 fileNameGt=../../cp2016-max-common-connected-subgraph-paper/datasets/graphsdb/mcs10/bvg/b03/mcs10_b03_s40.B07
Reading graphs...
40 :  60
40 :  60
Initializing...
maxdom : 40
D->valSize : 1600
Solving...
currentSize : 5 <-- 0.037021 s
currentSize : 16 <-- 0.037221 s
currentSize : 17 <-- 0.037331 s
currentSize : 18 <-- 0.039596 s
currentSize : 20 <-- 0.039971 s
currentSize : 21 <-- 0.040756 s
currentSize : 22 <-- 0.044629 s
currentSize : 24 <-- 0.044786 s
currentSize : 25 <-- 0.125171 s
currentSize : 26 <-- 0.141966 s
currentSize : 27 <-- 0.142546 s
currentSize : 28 <-- 3.975121 s
currentSize : 29 <-- 66.657570 s
currentSize : 30 <-- 87.415634 s

maxsize : 30
nodes : 13866505.000000
filtered : 478211876.000000
CCGP filtered : 408561827.000000
CCGT filtered : 297409195.000000
time : 183.101547
