Parameters: GAD=1 vflib=1 dir=0 label=0 lowerbound=1 fileNameGp=../../cp2016-max-common-connected-subgraph-paper/datasets/graphsdb/mcs10/m2D/m2D/mcs10_m2D_s40.A00 fileNameGt=../../cp2016-max-common-connected-subgraph-paper/datasets/graphsdb/mcs10/m2D/m2D/mcs10_m2D_s40.B00
Reading graphs...
40 :  66
40 :  66
Initializing...
maxdom : 40
D->valSize : 1600
Solving...
currentSize : 17 <-- 0.036431 s
currentSize : 19 <-- 0.036540 s
currentSize : 21 <-- 0.037707 s
currentSize : 22 <-- 0.048753 s
currentSize : 23 <-- 0.049296 s
currentSize : 24 <-- 0.064087 s
currentSize : 25 <-- 1.887087 s
currentSize : 26 <-- 5.028035 s
currentSize : 27 <-- 14.111433 s
currentSize : 28 <-- 56.521206 s
currentSize : 29 <-- 355.538635 s

maxsize : 29
nodes : 64489995.000000
filtered : 2394943389.000000
CCGP filtered : 892234214.000000
CCGT filtered : 667712351.000000
time : 832.805115
