Parameters: GAD=1 vflib=1 dir=0 label=0 lowerbound=1 fileNameGp=../../cp2016-max-common-connected-subgraph-paper/datasets/graphsdb/mcs10/bvg/b03/mcs10_b03_s50.A04 fileNameGt=../../cp2016-max-common-connected-subgraph-paper/datasets/graphsdb/mcs10/bvg/b03/mcs10_b03_s50.B04
Reading graphs...
50 :  74
50 :  75
Initializing...
maxdom : 50
D->valSize : 2500
Solving...
currentSize : 16 <-- 0.101118 s
currentSize : 20 <-- 0.101204 s
currentSize : 22 <-- 0.101437 s
currentSize : 23 <-- 0.105646 s
currentSize : 24 <-- 0.175368 s
currentSize : 25 <-- 0.187430 s
currentSize : 26 <-- 0.197237 s
currentSize : 27 <-- 0.206127 s
currentSize : 28 <-- 0.284062 s
currentSize : 29 <-- 1.280740 s
currentSize : 30 <-- 1.567823 s
currentSize : 31 <-- 5.069984 s
currentSize : 32 <-- 80.006844 s
currentSize : 33 <-- 139.082077 s
currentSize : 34 <-- 222.451950 s
currentSize : 35 <-- 244.299561 s

TIMEOUT
maxsize : 35
nodes : 63735593.000000
filtered : 2207227677.000000
CCGP filtered : 2203737123.000000
CCGT filtered : 1730510480.000000
time : 1000.000000
