Parameters: GAD=1 vflib=1 dir=0 label=0 lowerbound=1 fileNameGp=../../cp2016-max-common-connected-subgraph-paper/datasets/graphsdb/mcs10/m2D/m2Dr6/mcs10_m2Dr6_s40.A01 fileNameGt=../../cp2016-max-common-connected-subgraph-paper/datasets/graphsdb/mcs10/m2D/m2Dr6/mcs10_m2Dr6_s40.B01
Reading graphs...
40 :  87
40 :  88
Initializing...
maxdom : 40
D->valSize : 1600
Solving...
currentSize : 14 <-- 0.034961 s
currentSize : 16 <-- 0.035071 s
currentSize : 17 <-- 0.035209 s
currentSize : 19 <-- 0.035883 s
currentSize : 20 <-- 0.036110 s
currentSize : 21 <-- 0.038474 s
currentSize : 22 <-- 0.075646 s
currentSize : 23 <-- 0.110958 s
currentSize : 24 <-- 10.262134 s
currentSize : 25 <-- 167.829819 s

TIMEOUT
maxsize : 25
nodes : 89181988.000000
filtered : 2421006139.000000
CCGP filtered : 517281045.000000
CCGT filtered : 371625917.000000
time : 1000.000000
