Parameters: GAD=1 vflib=1 dir=0 label=0 lowerbound=1 fileNameGp=../../cp2016-max-common-connected-subgraph-paper/datasets/graphsdb/mcs10/m2D/m2Dr6/mcs10_m2Dr6_s40.A07 fileNameGt=../../cp2016-max-common-connected-subgraph-paper/datasets/graphsdb/mcs10/m2D/m2Dr6/mcs10_m2Dr6_s40.B07
Reading graphs...
40 :  87
40 :  88
Initializing...
maxdom : 40
D->valSize : 1600
Solving...
currentSize : 16 <-- 0.035754 s
currentSize : 18 <-- 0.035958 s
currentSize : 19 <-- 0.036111 s
currentSize : 20 <-- 0.052172 s
currentSize : 21 <-- 0.095135 s
currentSize : 22 <-- 0.143148 s
currentSize : 23 <-- 0.143907 s
currentSize : 24 <-- 17.654333 s
currentSize : 25 <-- 32.021126 s
currentSize : 26 <-- 419.362305 s

TIMEOUT
maxsize : 26
nodes : 86553869.000000
filtered : 2792058796.000000
CCGP filtered : 550369321.000000
CCGT filtered : 387366118.000000
time : 1000.000000
