Parameters: GAD=1 vflib=1 dir=0 label=0 lowerbound=1 fileNameGp=../../cp2016-max-common-connected-subgraph-paper/datasets/graphsdb/mcs30/bvg/b03/mcs30_b03_s35.A01 fileNameGt=../../cp2016-max-common-connected-subgraph-paper/datasets/graphsdb/mcs30/bvg/b03/mcs30_b03_s35.B01
Reading graphs...
35 :  52
35 :  50
Initializing...
maxdom : 35
D->valSize : 1225
Solving...
currentSize : 12 <-- 0.021048 s
currentSize : 13 <-- 0.021208 s
currentSize : 14 <-- 0.021365 s
currentSize : 15 <-- 0.021577 s
currentSize : 16 <-- 0.021938 s
currentSize : 17 <-- 0.022972 s
currentSize : 18 <-- 0.026896 s
currentSize : 19 <-- 0.029528 s
currentSize : 20 <-- 0.058051 s
currentSize : 21 <-- 0.159756 s
currentSize : 22 <-- 0.345392 s
currentSize : 23 <-- 0.475860 s
currentSize : 24 <-- 2.991488 s

maxsize : 24
nodes : 4585457.000000
filtered : 122962651.000000
CCGP filtered : 93698664.000000
CCGT filtered : 47438340.000000
time : 46.750183
