Parameters: GAD=1 vflib=1 dir=0 label=0 lowerbound=1 fileNameGp=../../cp2016-max-common-connected-subgraph-paper/datasets/graphsdb/mcs30/bvg/b03/mcs30_b03_s30.A01 fileNameGt=../../cp2016-max-common-connected-subgraph-paper/datasets/graphsdb/mcs30/bvg/b03/mcs30_b03_s30.B01
Reading graphs...
30 :  43
30 :  44
Initializing...
maxdom : 30
D->valSize : 900
Solving...
currentSize : 7 <-- 0.011368 s
currentSize : 8 <-- 0.011436 s
currentSize : 10 <-- 0.011475 s
currentSize : 11 <-- 0.011521 s
currentSize : 14 <-- 0.011585 s
currentSize : 15 <-- 0.015157 s
currentSize : 16 <-- 0.024726 s
currentSize : 17 <-- 0.041059 s
currentSize : 18 <-- 0.204937 s
currentSize : 19 <-- 0.290257 s
currentSize : 20 <-- 0.481660 s
currentSize : 21 <-- 5.805826 s

maxsize : 21
nodes : 1258145.000000
filtered : 26834050.000000
CCGP filtered : 22253517.000000
CCGT filtered : 11981337.000000
time : 11.179648
