Parameters: GAD=1 vflib=1 dir=0 label=0 lowerbound=1 fileNameGp=../../cp2016-max-common-connected-subgraph-paper/datasets/graphsdb/mcs30/m2D/m2Dr4/mcs30_m2Dr4_s30.A07 fileNameGt=../../cp2016-max-common-connected-subgraph-paper/datasets/graphsdb/mcs30/m2D/m2Dr4/mcs30_m2Dr4_s30.B07
Reading graphs...
30 :  61
30 :  60
Initializing...
maxdom : 30
D->valSize : 900
Solving...
currentSize : 11 <-- 0.010734 s
currentSize : 12 <-- 0.010849 s
currentSize : 13 <-- 0.011444 s
currentSize : 14 <-- 0.014384 s
currentSize : 15 <-- 0.041504 s
currentSize : 16 <-- 0.077816 s
currentSize : 17 <-- 0.479687 s
currentSize : 18 <-- 1.531035 s
currentSize : 19 <-- 13.306040 s

maxsize : 19
nodes : 5798026.000000
filtered : 120917232.000000
CCGP filtered : 34958431.000000
CCGT filtered : 43690579.000000
time : 52.218353
