Parameters: GAD=1 vflib=1 dir=0 label=0 lowerbound=1 fileNameGp=../../cp2016-max-common-connected-subgraph-paper/datasets/graphsdb/mcs30/m4D/m4D/mcs30_m4D_s50.A00 fileNameGt=../../cp2016-max-common-connected-subgraph-paper/datasets/graphsdb/mcs30/m4D/m4D/mcs30_m4D_s50.B00
Reading graphs...
50 :  87
50 :  87
Initializing...
maxdom : 50
D->valSize : 2500
Solving...
currentSize : 22 <-- 0.097171 s
currentSize : 23 <-- 0.097237 s
currentSize : 24 <-- 0.097267 s
currentSize : 25 <-- 0.098113 s
currentSize : 26 <-- 0.098705 s
currentSize : 27 <-- 0.099746 s
currentSize : 28 <-- 0.100255 s
currentSize : 29 <-- 0.228820 s
currentSize : 30 <-- 0.428802 s
currentSize : 31 <-- 0.914459 s
currentSize : 32 <-- 12.512796 s
currentSize : 33 <-- 450.571259 s

TIMEOUT
maxsize : 33
nodes : 64819142.000000
filtered : 2029856948.000000
CCGP filtered : 2139727741.000000
CCGT filtered : 1601441380.000000
time : 1000.000000
