Parameters: GAD=1 vflib=1 dir=0 label=0 lowerbound=1 fileNameGp=../../cp2016-max-common-connected-subgraph-paper/datasets/graphsdb/mcs30/bvg/b03/mcs30_b03_s50.A03 fileNameGt=../../cp2016-max-common-connected-subgraph-paper/datasets/graphsdb/mcs30/bvg/b03/mcs30_b03_s50.B03
Reading graphs...
50 :  74
50 :  75
Initializing...
maxdom : 50
D->valSize : 2500
Solving...
currentSize : 24 <-- 0.099445 s
currentSize : 25 <-- 0.123563 s
currentSize : 26 <-- 0.131589 s
currentSize : 27 <-- 0.493813 s
currentSize : 28 <-- 0.493895 s
currentSize : 29 <-- 0.494207 s
currentSize : 30 <-- 10.166967 s
currentSize : 31 <-- 16.254080 s
currentSize : 32 <-- 17.685478 s
currentSize : 33 <-- 344.156525 s
currentSize : 34 <-- 678.706177 s
currentSize : 35 <-- 678.898438 s

TIMEOUT
maxsize : 35
nodes : 65586322.000000
filtered : 2223565847.000000
CCGP filtered : 2254734537.000000
CCGT filtered : 1340302945.000000
time : 1000.000000
