Parameters: GAD=1 vflib=1 dir=0 label=0 lowerbound=1 fileNameGp=../../cp2016-max-common-connected-subgraph-paper/datasets/graphsdb/mcs30/m4D/m4Dr2/mcs30_m4Dr2_s50.A07 fileNameGt=../../cp2016-max-common-connected-subgraph-paper/datasets/graphsdb/mcs30/m4D/m4Dr2/mcs30_m4Dr2_s50.B07
Reading graphs...
50 :  96
50 :  95
Initializing...
maxdom : 50
D->valSize : 2500
Solving...
currentSize : 22 <-- 0.096109 s
currentSize : 24 <-- 0.096186 s
currentSize : 25 <-- 0.117931 s
currentSize : 26 <-- 0.188357 s
currentSize : 27 <-- 0.189812 s
currentSize : 28 <-- 0.263221 s
currentSize : 29 <-- 0.531510 s
currentSize : 30 <-- 7.386944 s
currentSize : 31 <-- 16.735472 s
currentSize : 32 <-- 38.003513 s
currentSize : 33 <-- 88.161713 s

TIMEOUT
maxsize : 33
nodes : 64330871.000000
filtered : 2396904443.000000
CCGP filtered : 1619317120.000000
CCGT filtered : 1313982021.000000
time : 1000.000000
