Parameters: GAD=1 vflib=1 dir=0 label=0 lowerbound=1 fileNameGp=../../cp2016-max-common-connected-subgraph-paper/datasets/graphsdb/mcs30/m3D/m3Dr2/mcs30_m3Dr2_s30.A05 fileNameGt=../../cp2016-max-common-connected-subgraph-paper/datasets/graphsdb/mcs30/m3D/m3Dr2/mcs30_m3Dr2_s30.B05
Reading graphs...
30 :  67
30 :  64
Initializing...
maxdom : 30
D->valSize : 900
Solving...
currentSize : 9 <-- 0.011287 s
currentSize : 10 <-- 0.011362 s
currentSize : 11 <-- 0.011416 s
currentSize : 12 <-- 0.011591 s
currentSize : 13 <-- 0.011636 s
currentSize : 14 <-- 0.013561 s
currentSize : 16 <-- 0.016524 s
currentSize : 17 <-- 0.016612 s
currentSize : 18 <-- 0.074080 s
currentSize : 19 <-- 1.760457 s

maxsize : 19
nodes : 12025117.000000
filtered : 302909562.000000
CCGP filtered : 48533356.000000
CCGT filtered : 63330386.000000
time : 104.853264
