Parameters: GAD=1 vflib=1 dir=0 label=0 lowerbound=1 fileNameGp=../../cp2016-max-common-connected-subgraph-paper/datasets/graphsdb/mcs30/rand/r005/mcs30_r005_s40.A09 fileNameGt=../../cp2016-max-common-connected-subgraph-paper/datasets/graphsdb/mcs30/rand/r005/mcs30_r005_s40.B09
Reading graphs...
40 :  81
40 :  82
Initializing...
maxdom : 40
D->valSize : 1600
Solving...
currentSize : 15 <-- 0.035312 s
currentSize : 16 <-- 0.035506 s
currentSize : 17 <-- 0.036690 s
currentSize : 18 <-- 0.041381 s
currentSize : 19 <-- 0.051798 s
currentSize : 20 <-- 0.070648 s
currentSize : 21 <-- 0.100444 s
currentSize : 22 <-- 0.163914 s
currentSize : 23 <-- 0.781394 s
currentSize : 24 <-- 21.995848 s
currentSize : 25 <-- 22.117723 s
currentSize : 26 <-- 580.994324 s

TIMEOUT
maxsize : 26
nodes : 87723402.000000
filtered : 2428449073.000000
CCGP filtered : 634591044.000000
CCGT filtered : 502513254.000000
time : 1000.000000
