Parameters: GAD=1 vflib=1 dir=0 label=0 lowerbound=1 fileNameGp=../../cp2016-max-common-connected-subgraph-paper/datasets/graphsdb/mcs30/m3D/m3D/mcs30_m3D_s40.A06 fileNameGt=../../cp2016-max-common-connected-subgraph-paper/datasets/graphsdb/mcs30/m3D/m3D/mcs30_m3D_s40.B06
Reading graphs...
40 :  81
40 :  81
Initializing...
maxdom : 40
D->valSize : 1600
Solving...
currentSize : 17 <-- 0.035353 s
currentSize : 18 <-- 0.035762 s
currentSize : 19 <-- 0.074536 s
currentSize : 20 <-- 0.287852 s
currentSize : 21 <-- 0.287954 s
currentSize : 22 <-- 0.630036 s
currentSize : 23 <-- 1.920882 s
currentSize : 24 <-- 9.535279 s
currentSize : 25 <-- 9.911237 s
currentSize : 26 <-- 48.774399 s
currentSize : 27 <-- 878.152222 s

TIMEOUT
maxsize : 27
nodes : 88342597.000000
filtered : 2547858375.000000
CCGP filtered : 791483147.000000
CCGT filtered : 393388142.000000
time : 1000.000000
