Parameters: GAD=1 vflib=1 dir=0 label=0 lowerbound=1 fileNameGp=../../cp2016-max-common-connected-subgraph-paper/datasets/graphsdb/mcs30/m2D/m2Dr2/mcs30_m2Dr2_s50.A09 fileNameGt=../../cp2016-max-common-connected-subgraph-paper/datasets/graphsdb/mcs30/m2D/m2Dr2/mcs30_m2Dr2_s50.B09
Reading graphs...
50 :  94
50 :  94
Initializing...
maxdom : 50
D->valSize : 2500
Solving...
currentSize : 19 <-- 0.115962 s
currentSize : 20 <-- 0.116101 s
currentSize : 21 <-- 0.133683 s
currentSize : 22 <-- 0.145735 s
currentSize : 25 <-- 0.147811 s
currentSize : 26 <-- 0.966206 s
currentSize : 27 <-- 3.062546 s
currentSize : 28 <-- 3.554876 s
currentSize : 29 <-- 17.898727 s
currentSize : 30 <-- 23.802536 s
currentSize : 31 <-- 58.512562 s

TIMEOUT
maxsize : 31
nodes : 68701213.000000
filtered : 1903031660.000000
CCGP filtered : 963506499.000000
CCGT filtered : 689432199.000000
time : 1000.000000
