Parameters: GAD=1 vflib=1 dir=0 label=0 lowerbound=1 fileNameGp=../../cp2016-max-common-connected-subgraph-paper/datasets/graphsdb/mcs30/bvg/b03m/mcs30_b03m_s35.A09 fileNameGt=../../cp2016-max-common-connected-subgraph-paper/datasets/graphsdb/mcs30/bvg/b03m/mcs30_b03m_s35.B09
Reading graphs...
35 :  52
35 :  51
Initializing...
maxdom : 35
D->valSize : 1225
Solving...
currentSize : 9 <-- 0.021040 s
currentSize : 13 <-- 0.021287 s
currentSize : 15 <-- 0.021348 s
currentSize : 17 <-- 0.021558 s
currentSize : 18 <-- 0.021588 s
currentSize : 19 <-- 0.030858 s
currentSize : 20 <-- 0.460448 s
currentSize : 21 <-- 0.492785 s
currentSize : 22 <-- 1.498002 s
currentSize : 23 <-- 7.261752 s

maxsize : 23
nodes : 10218618.000000
filtered : 271392043.000000
CCGP filtered : 184712790.000000
CCGT filtered : 126601986.000000
time : 102.650948
