Parameters: GAD=1 vflib=1 dir=0 label=0 lowerbound=1 fileNameGp=../../cp2016-max-common-connected-subgraph-paper/datasets/graphsdb/mcs30/m2D/m2D/mcs30_m2D_s30.A04 fileNameGt=../../cp2016-max-common-connected-subgraph-paper/datasets/graphsdb/mcs30/m2D/m2D/mcs30_m2D_s30.B04
Reading graphs...
30 :  49
30 :  49
Initializing...
maxdom : 30
D->valSize : 900
Solving...
currentSize : 13 <-- 0.011087 s
currentSize : 14 <-- 0.011162 s
currentSize : 15 <-- 0.011962 s
currentSize : 16 <-- 0.012348 s
currentSize : 17 <-- 0.012547 s
currentSize : 18 <-- 0.031156 s
currentSize : 19 <-- 0.048505 s
currentSize : 20 <-- 1.250434 s
currentSize : 21 <-- 1.878149 s
currentSize : 22 <-- 4.039587 s

maxsize : 22
nodes : 950603.000000
filtered : 25304040.000000
CCGP filtered : 8186875.000000
CCGT filtered : 3534306.000000
time : 8.040354
