Parameters: GAD=1 vflib=1 dir=0 label=0 lowerbound=1 fileNameGp=../../cp2016-max-common-connected-subgraph-paper/datasets/graphsdb/mcs30/rand/r005/mcs30_r005_s50.A09 fileNameGt=../../cp2016-max-common-connected-subgraph-paper/datasets/graphsdb/mcs30/rand/r005/mcs30_r005_s50.B09
Reading graphs...
50 :  122
50 :  123
Initializing...
maxdom : 50
D->valSize : 2500
Solving...
currentSize : 20 <-- 0.093180 s
currentSize : 21 <-- 0.096075 s
currentSize : 22 <-- 0.098309 s
currentSize : 23 <-- 0.098766 s
currentSize : 24 <-- 0.235045 s
currentSize : 25 <-- 0.641009 s
currentSize : 26 <-- 6.198922 s
currentSize : 27 <-- 15.615470 s
currentSize : 28 <-- 67.805023 s
currentSize : 29 <-- 208.038727 s
currentSize : 30 <-- 876.921082 s

TIMEOUT
maxsize : 30
nodes : 71876898.000000
filtered : 1797651718.000000
CCGP filtered : 427313094.000000
CCGT filtered : 257370636.000000
time : 1000.000000
