Parameters: GAD=1 vflib=1 dir=0 label=0 lowerbound=1 fileNameGp=../../cp2016-max-common-connected-subgraph-paper/datasets/graphsdb/mcs30/bvg/b06m/mcs30_b06m_s40.A05 fileNameGt=../../cp2016-max-common-connected-subgraph-paper/datasets/graphsdb/mcs30/bvg/b06m/mcs30_b06m_s40.B05
Reading graphs...
40 :  113
40 :  117
Initializing...
maxdom : 40
D->valSize : 1600
Solving...
currentSize : 14 <-- 0.034045 s
currentSize : 15 <-- 0.034083 s
currentSize : 16 <-- 0.034252 s
currentSize : 17 <-- 0.036325 s
currentSize : 18 <-- 0.039513 s
currentSize : 19 <-- 0.090929 s
currentSize : 20 <-- 0.104254 s
currentSize : 21 <-- 1.711206 s
currentSize : 22 <-- 2.633670 s
currentSize : 23 <-- 5.814445 s
currentSize : 24 <-- 24.067492 s

TIMEOUT
maxsize : 24
nodes : 84231302.000000
filtered : 2514393667.000000
CCGP filtered : 167672940.000000
CCGT filtered : 167740009.000000
time : 1000.000000
