Parameters: GAD=1 vflib=1 dir=0 label=0 lowerbound=1 fileNameGp=../../cp2016-max-common-connected-subgraph-paper/datasets/graphsdb/mcs30/m3D/m3Dr2/mcs30_m3Dr2_s30.A00 fileNameGt=../../cp2016-max-common-connected-subgraph-paper/datasets/graphsdb/mcs30/m3D/m3Dr2/mcs30_m3Dr2_s30.B00
Reading graphs...
30 :  67
30 :  65
Initializing...
maxdom : 30
D->valSize : 900
Solving...
currentSize : 10 <-- 0.010891 s
currentSize : 11 <-- 0.010981 s
currentSize : 14 <-- 0.011056 s
currentSize : 15 <-- 0.011220 s
currentSize : 16 <-- 0.011477 s
currentSize : 17 <-- 0.011689 s
currentSize : 18 <-- 0.019035 s
currentSize : 19 <-- 0.103796 s
currentSize : 20 <-- 19.025084 s

maxsize : 20
nodes : 7762380.000000
filtered : 212029129.000000
CCGP filtered : 27989606.000000
CCGT filtered : 17559012.000000
time : 67.383713
