Parameters: GAD=1 vflib=1 dir=0 label=0 lowerbound=1 fileNameGp=../../cp2016-max-common-connected-subgraph-paper/datasets/graphsdb/mcs30/m3D/m3Dr2/mcs30_m3Dr2_s40.A07 fileNameGt=../../cp2016-max-common-connected-subgraph-paper/datasets/graphsdb/mcs30/m3D/m3Dr2/mcs30_m3Dr2_s40.B07
Reading graphs...
40 :  90
40 :  89
Initializing...
maxdom : 40
D->valSize : 1600
Solving...
currentSize : 15 <-- 0.034888 s
currentSize : 17 <-- 0.034931 s
currentSize : 18 <-- 0.035094 s
currentSize : 19 <-- 0.035220 s
currentSize : 20 <-- 0.050770 s
currentSize : 21 <-- 0.055112 s
currentSize : 22 <-- 0.076214 s
currentSize : 23 <-- 4.897108 s
currentSize : 24 <-- 10.331785 s
currentSize : 25 <-- 12.617180 s
currentSize : 26 <-- 59.937523 s

TIMEOUT
maxsize : 26
nodes : 84710381.000000
filtered : 2727893318.000000
CCGP filtered : 440743476.000000
CCGT filtered : 310506502.000000
time : 1000.000000
