Parameters: GAD=1 vflib=1 dir=0 label=0 lowerbound=1 fileNameGp=../../cp2016-max-common-connected-subgraph-paper/datasets/graphsdb/mcs30/bvg/b06/mcs30_b06_s40.A06 fileNameGt=../../cp2016-max-common-connected-subgraph-paper/datasets/graphsdb/mcs30/bvg/b06/mcs30_b06_s40.B06
Reading graphs...
40 :  120
40 :  119
Initializing...
maxdom : 40
D->valSize : 1600
Solving...
currentSize : 13 <-- 0.055538 s
currentSize : 14 <-- 0.055605 s
currentSize : 15 <-- 0.055755 s
currentSize : 16 <-- 0.056677 s
currentSize : 17 <-- 0.057314 s
currentSize : 18 <-- 0.058029 s
currentSize : 19 <-- 0.063445 s
currentSize : 20 <-- 0.495651 s
currentSize : 21 <-- 4.025533 s
currentSize : 22 <-- 14.933710 s
currentSize : 23 <-- 70.273521 s

TIMEOUT
maxsize : 23
nodes : 86956618.000000
filtered : 2297689037.000000
CCGP filtered : 185007456.000000
CCGT filtered : 129253728.000000
time : 1000.000000
