Parameters: GAD=1 vflib=1 dir=0 label=0 lowerbound=1 fileNameGp=../../cp2016-max-common-connected-subgraph-paper/datasets/graphsdb/mcs30/m3D/m3D/mcs30_m3D_s40.A08 fileNameGt=../../cp2016-max-common-connected-subgraph-paper/datasets/graphsdb/mcs30/m3D/m3D/mcs30_m3D_s40.B08
Reading graphs...
40 :  83
40 :  81
Initializing...
maxdom : 40
D->valSize : 1600
Solving...
currentSize : 15 <-- 0.063081 s
currentSize : 18 <-- 0.063226 s
currentSize : 19 <-- 0.064748 s
currentSize : 20 <-- 0.065419 s
currentSize : 21 <-- 0.299497 s
currentSize : 22 <-- 0.300050 s
currentSize : 23 <-- 1.131306 s
currentSize : 24 <-- 2.019241 s
currentSize : 25 <-- 5.349174 s
currentSize : 26 <-- 145.604630 s

TIMEOUT
maxsize : 26
nodes : 87585676.000000
filtered : 2629352648.000000
CCGP filtered : 634118369.000000
CCGT filtered : 325335305.000000
time : 1000.000000
