Parameters: GAD=1 vflib=1 dir=0 label=0 lowerbound=1 fileNameGp=../../cp2016-max-common-connected-subgraph-paper/datasets/graphsdb/mcs30/m2D/m2Dr6/mcs30_m2Dr6_s30.A07 fileNameGt=../../cp2016-max-common-connected-subgraph-paper/datasets/graphsdb/mcs30/m2D/m2Dr6/mcs30_m2Dr6_s30.B07
Reading graphs...
30 :  66
30 :  62
Initializing...
maxdom : 30
D->valSize : 900
Solving...
currentSize : 10 <-- 0.010685 s
currentSize : 11 <-- 0.010770 s
currentSize : 13 <-- 0.010853 s
currentSize : 14 <-- 0.011262 s
currentSize : 15 <-- 0.012019 s
currentSize : 16 <-- 0.012945 s
currentSize : 17 <-- 0.026652 s
currentSize : 18 <-- 0.182304 s
currentSize : 19 <-- 0.224260 s
currentSize : 20 <-- 69.942406 s

maxsize : 20
nodes : 12487660.000000
filtered : 300535427.000000
CCGP filtered : 52137706.000000
CCGT filtered : 48353697.000000
time : 106.967186
