Parameters: GAD=1 vflib=1 dir=0 label=0 lowerbound=1 fileNameGp=../../cp2016-max-common-connected-subgraph-paper/datasets/graphsdb/mcs30/m3D/m3D/mcs30_m3D_s40.A04 fileNameGt=../../cp2016-max-common-connected-subgraph-paper/datasets/graphsdb/mcs30/m3D/m3D/mcs30_m3D_s40.B04
Reading graphs...
40 :  80
40 :  83
Initializing...
maxdom : 40
D->valSize : 1600
Solving...
currentSize : 13 <-- 0.059124 s
currentSize : 15 <-- 0.059220 s
currentSize : 18 <-- 0.059255 s
currentSize : 19 <-- 0.066198 s
currentSize : 21 <-- 0.066265 s
currentSize : 22 <-- 0.160163 s
currentSize : 23 <-- 0.297360 s
currentSize : 24 <-- 0.587661 s
currentSize : 25 <-- 1.705515 s
currentSize : 26 <-- 4.426951 s

TIMEOUT
maxsize : 26
nodes : 86140288.000000
filtered : 2517218448.000000
CCGP filtered : 800078232.000000
CCGT filtered : 686712140.000000
time : 1000.000000
