Parameters: GAD=1 vflib=1 dir=0 label=0 lowerbound=1 fileNameGp=../../cp2016-max-common-connected-subgraph-paper/datasets/graphsdb/mcs30/rand/r01/mcs30_r01_s35.A03 fileNameGt=../../cp2016-max-common-connected-subgraph-paper/datasets/graphsdb/mcs30/rand/r01/mcs30_r01_s35.B03
Reading graphs...
35 :  113
35 :  114
Initializing...
maxdom : 35
D->valSize : 1225
Solving...
currentSize : 10 <-- 0.018737 s
currentSize : 11 <-- 0.018780 s
currentSize : 12 <-- 0.019083 s
currentSize : 13 <-- 0.019121 s
currentSize : 14 <-- 0.019415 s
currentSize : 15 <-- 0.020784 s
currentSize : 16 <-- 0.021350 s
currentSize : 17 <-- 0.079332 s
currentSize : 18 <-- 6.083033 s
currentSize : 19 <-- 120.526711 s

TIMEOUT
maxsize : 19
nodes : 103347031.000000
filtered : 1861282296.000000
CCGP filtered : 77121889.000000
CCGT filtered : 59181388.000000
time : 1000.000000
