Parameters: GAD=1 vflib=1 dir=0 label=0 lowerbound=1 fileNameGp=../../cp2016-max-common-connected-subgraph-paper/datasets/graphsdb/mcs30/bvg/b03/mcs30_b03_s40.A06 fileNameGt=../../cp2016-max-common-connected-subgraph-paper/datasets/graphsdb/mcs30/bvg/b03/mcs30_b03_s40.B06
Reading graphs...
40 :  60
40 :  60
Initializing...
maxdom : 40
D->valSize : 1600
Solving...
currentSize : 17 <-- 0.036570 s
currentSize : 18 <-- 0.036684 s
currentSize : 20 <-- 0.036775 s
currentSize : 21 <-- 0.036802 s
currentSize : 22 <-- 0.038083 s
currentSize : 23 <-- 0.050690 s
currentSize : 24 <-- 1.595128 s
currentSize : 25 <-- 2.614711 s
currentSize : 26 <-- 2.671300 s
currentSize : 27 <-- 11.998964 s
currentSize : 28 <-- 157.085953 s

maxsize : 28
nodes : 77576146.000000
filtered : 2570119999.000000
CCGP filtered : 1295961567.000000
CCGT filtered : 988925552.000000
time : 938.352783
