Parameters: GAD=1 vflib=1 dir=0 label=0 lowerbound=1 fileNameGp=../../cp2016-max-common-connected-subgraph-paper/datasets/graphsdb/mcs30/m4D/m4D/mcs30_m4D_s50.A07 fileNameGt=../../cp2016-max-common-connected-subgraph-paper/datasets/graphsdb/mcs30/m4D/m4D/mcs30_m4D_s50.B07
Reading graphs...
50 :  86
50 :  87
Initializing...
maxdom : 50
D->valSize : 2500
Solving...
currentSize : 9 <-- 0.096538 s
currentSize : 10 <-- 0.096633 s
currentSize : 24 <-- 0.100268 s
currentSize : 25 <-- 0.100379 s
currentSize : 26 <-- 0.102397 s
currentSize : 27 <-- 0.111277 s
currentSize : 28 <-- 0.152126 s
currentSize : 30 <-- 0.164776 s
currentSize : 31 <-- 2.053302 s
currentSize : 32 <-- 9.429855 s

TIMEOUT
maxsize : 32
nodes : 68010537.000000
filtered : 2316557701.000000
CCGP filtered : 1819398949.000000
CCGT filtered : 1193378303.000000
time : 1000.000000
