Parameters: GAD=1 vflib=1 dir=0 label=0 lowerbound=1 fileNameGp=../../cp2016-max-common-connected-subgraph-paper/datasets/graphsdb/mcs30/bvg/b03m/mcs30_b03m_s50.A07 fileNameGt=../../cp2016-max-common-connected-subgraph-paper/datasets/graphsdb/mcs30/bvg/b03m/mcs30_b03m_s50.B07
Reading graphs...
50 :  75
50 :  75
Initializing...
maxdom : 50
D->valSize : 2500
Solving...
currentSize : 17 <-- 0.097814 s
currentSize : 18 <-- 0.097973 s
currentSize : 19 <-- 0.098015 s
currentSize : 20 <-- 0.098373 s
currentSize : 21 <-- 0.099321 s
currentSize : 22 <-- 0.100263 s
currentSize : 24 <-- 0.100400 s
currentSize : 25 <-- 0.100437 s
currentSize : 26 <-- 0.100923 s
currentSize : 27 <-- 0.124389 s
currentSize : 28 <-- 0.199158 s
currentSize : 29 <-- 0.201127 s
currentSize : 30 <-- 0.352573 s
currentSize : 31 <-- 1.353777 s
currentSize : 32 <-- 46.548752 s
currentSize : 33 <-- 68.685310 s
currentSize : 34 <-- 179.569901 s

TIMEOUT
maxsize : 34
nodes : 63769212.000000
filtered : 2207490393.000000
CCGP filtered : 2474819769.000000
CCGT filtered : 1467082521.000000
time : 1000.000000
