Parameters: GAD=1 vflib=1 dir=0 label=0 lowerbound=1 fileNameGp=../../cp2016-max-common-connected-subgraph-paper/datasets/graphsdb/mcs30/bvg/b03m/mcs30_b03m_s50.A02 fileNameGt=../../cp2016-max-common-connected-subgraph-paper/datasets/graphsdb/mcs30/bvg/b03m/mcs30_b03m_s50.B02
Reading graphs...
50 :  74
50 :  75
Initializing...
maxdom : 50
D->valSize : 2500
Solving...
currentSize : 16 <-- 0.098107 s
currentSize : 18 <-- 0.098152 s
currentSize : 19 <-- 0.098602 s
currentSize : 21 <-- 0.098631 s
currentSize : 22 <-- 0.112900 s
currentSize : 23 <-- 0.369745 s
currentSize : 24 <-- 0.373418 s
currentSize : 25 <-- 1.578977 s
currentSize : 26 <-- 1.604527 s
currentSize : 27 <-- 4.142282 s
currentSize : 28 <-- 6.896562 s
currentSize : 29 <-- 6.897286 s
currentSize : 30 <-- 34.790207 s
currentSize : 31 <-- 137.582764 s
currentSize : 32 <-- 156.024002 s

TIMEOUT
maxsize : 32
nodes : 63645227.000000
filtered : 1678536313.000000
CCGP filtered : 2454794032.000000
CCGT filtered : 2000029849.000000
time : 1000.000000
