Parameters: GAD=1 vflib=1 dir=0 label=0 lowerbound=1 fileNameGp=../../cp2016-max-common-connected-subgraph-paper/datasets/graphsdb/mcs30/rand/r01/mcs30_r01_s35.A01 fileNameGt=../../cp2016-max-common-connected-subgraph-paper/datasets/graphsdb/mcs30/rand/r01/mcs30_r01_s35.B01
Reading graphs...
35 :  113
35 :  110
Initializing...
maxdom : 35
D->valSize : 1225
Solving...
currentSize : 9 <-- 0.033371 s
currentSize : 10 <-- 0.033445 s
currentSize : 11 <-- 0.033648 s
currentSize : 12 <-- 0.033843 s
currentSize : 13 <-- 0.034089 s
currentSize : 14 <-- 0.034876 s
currentSize : 15 <-- 0.035128 s
currentSize : 16 <-- 0.038011 s
currentSize : 18 <-- 0.044729 s
currentSize : 19 <-- 11.874912 s

TIMEOUT
maxsize : 19
nodes : 99964949.000000
filtered : 2219501395.000000
CCGP filtered : 191047590.000000
CCGT filtered : 159608617.000000
time : 1000.000000
