Parameters: GAD=1 vflib=1 dir=0 label=0 lowerbound=1 fileNameGp=../../cp2016-max-common-connected-subgraph-paper/datasets/graphsdb/mcs30/rand/r005/mcs30_r005_s50.A04 fileNameGt=../../cp2016-max-common-connected-subgraph-paper/datasets/graphsdb/mcs30/rand/r005/mcs30_r005_s50.B04
Reading graphs...
50 :  125
50 :  126
Initializing...
maxdom : 50
D->valSize : 2500
Solving...
currentSize : 20 <-- 0.093087 s
currentSize : 21 <-- 0.093294 s
currentSize : 22 <-- 0.103491 s
currentSize : 23 <-- 0.104243 s
currentSize : 24 <-- 0.108826 s
currentSize : 25 <-- 0.109675 s
currentSize : 26 <-- 2.439126 s
currentSize : 27 <-- 9.456246 s
currentSize : 28 <-- 9.538559 s
currentSize : 29 <-- 120.375832 s
currentSize : 30 <-- 238.130920 s

TIMEOUT
maxsize : 30
nodes : 71580940.000000
filtered : 2222167152.000000
CCGP filtered : 439182256.000000
CCGT filtered : 238663873.000000
time : 1000.000000
