Parameters: GAD=1 vflib=1 dir=0 label=0 lowerbound=1 fileNameGp=../../cp2016-max-common-connected-subgraph-paper/datasets/graphsdb/mcs30/m4D/m4Dr6/mcs30_m4Dr6_s50.A02 fileNameGt=../../cp2016-max-common-connected-subgraph-paper/datasets/graphsdb/mcs30/m4D/m4Dr6/mcs30_m4Dr6_s50.B02
Reading graphs...
50 :  117
50 :  115
Initializing...
maxdom : 50
D->valSize : 2500
Solving...
currentSize : 18 <-- 0.093779 s
currentSize : 19 <-- 0.094015 s
currentSize : 20 <-- 0.094098 s
currentSize : 21 <-- 0.095199 s
currentSize : 22 <-- 0.112837 s
currentSize : 23 <-- 0.138497 s
currentSize : 24 <-- 0.447223 s
currentSize : 25 <-- 0.529058 s
currentSize : 26 <-- 1.190348 s
currentSize : 27 <-- 10.283859 s
currentSize : 28 <-- 11.284155 s
currentSize : 29 <-- 18.192812 s
currentSize : 30 <-- 36.851349 s

TIMEOUT
maxsize : 30
nodes : 70504284.000000
filtered : 2225714397.000000
CCGP filtered : 428999577.000000
CCGT filtered : 396816608.000000
time : 1000.000000
