Parameters: GAD=1 vflib=1 dir=0 label=0 lowerbound=1 fileNameGp=../../cp2016-max-common-connected-subgraph-paper/datasets/graphsdb/mcs30/bvg/b03m/mcs30_b03m_s50.A01 fileNameGt=../../cp2016-max-common-connected-subgraph-paper/datasets/graphsdb/mcs30/bvg/b03m/mcs30_b03m_s50.B01
Reading graphs...
50 :  74
50 :  75
Initializing...
maxdom : 50
D->valSize : 2500
Solving...
currentSize : 22 <-- 0.117621 s
currentSize : 23 <-- 0.117871 s
currentSize : 24 <-- 0.119406 s
currentSize : 26 <-- 0.120481 s
currentSize : 27 <-- 0.120637 s
currentSize : 28 <-- 0.146810 s
currentSize : 29 <-- 0.683263 s
currentSize : 30 <-- 23.044943 s
currentSize : 31 <-- 23.055855 s
currentSize : 32 <-- 43.528969 s
currentSize : 33 <-- 99.674744 s
currentSize : 34 <-- 586.407104 s

TIMEOUT
maxsize : 34
nodes : 62772482.000000
filtered : 2053033658.000000
CCGP filtered : 2503028378.000000
CCGT filtered : 1788821306.000000
time : 1000.000000
