Parameters: GAD=1 vflib=1 dir=0 label=0 lowerbound=1 fileNameGp=../../cp2016-max-common-connected-subgraph-paper/datasets/graphsdb/mcs30/m2D/m2Dr4/mcs30_m2Dr4_s50.A03 fileNameGt=../../cp2016-max-common-connected-subgraph-paper/datasets/graphsdb/mcs30/m2D/m2Dr4/mcs30_m2Dr4_s50.B03
Reading graphs...
50 :  102
50 :  104
Initializing...
maxdom : 50
D->valSize : 2500
Solving...
currentSize : 20 <-- 0.095111 s
currentSize : 21 <-- 0.095198 s
currentSize : 24 <-- 0.095735 s
currentSize : 25 <-- 0.098457 s
currentSize : 26 <-- 0.136771 s
currentSize : 27 <-- 0.144724 s
currentSize : 28 <-- 0.144782 s
currentSize : 29 <-- 0.199805 s
currentSize : 30 <-- 5.801961 s
currentSize : 31 <-- 49.921642 s
currentSize : 32 <-- 541.286621 s

TIMEOUT
maxsize : 32
nodes : 69827200.000000
filtered : 1980656644.000000
CCGP filtered : 753705626.000000
CCGT filtered : 507504111.000000
time : 1000.000000
