Parameters: GAD=1 vflib=1 dir=0 label=0 lowerbound=1 fileNameGp=../../cp2016-max-common-connected-subgraph-paper/datasets/graphsdb/mcs30/bvg/b03/mcs30_b03_s50.A09 fileNameGt=../../cp2016-max-common-connected-subgraph-paper/datasets/graphsdb/mcs30/bvg/b03/mcs30_b03_s50.B09
Reading graphs...
50 :  75
50 :  75
Initializing...
maxdom : 50
D->valSize : 2500
Solving...
currentSize : 25 <-- 0.098601 s
currentSize : 26 <-- 0.099905 s
currentSize : 27 <-- 0.128498 s
currentSize : 28 <-- 0.129236 s
currentSize : 29 <-- 0.202044 s
currentSize : 30 <-- 0.202208 s
currentSize : 31 <-- 3.901621 s
currentSize : 32 <-- 36.573631 s
currentSize : 33 <-- 49.893917 s
currentSize : 34 <-- 69.833679 s
currentSize : 35 <-- 202.831726 s

TIMEOUT
maxsize : 35
nodes : 64940565.000000
filtered : 2457989701.000000
CCGP filtered : 1969848703.000000
CCGT filtered : 1238899224.000000
time : 1000.000000
