Parameters: GAD=1 vflib=1 dir=0 label=0 lowerbound=1 fileNameGp=../../cp2016-max-common-connected-subgraph-paper/datasets/graphsdb/mcs30/m3D/m3D/mcs30_m3D_s40.A09 fileNameGt=../../cp2016-max-common-connected-subgraph-paper/datasets/graphsdb/mcs30/m3D/m3D/mcs30_m3D_s40.B09
Reading graphs...
40 :  83
40 :  84
Initializing...
maxdom : 40
D->valSize : 1600
Solving...
currentSize : 16 <-- 0.035317 s
currentSize : 18 <-- 0.035376 s
currentSize : 19 <-- 0.035674 s
currentSize : 20 <-- 0.035901 s
currentSize : 21 <-- 0.037377 s
currentSize : 22 <-- 0.043474 s
currentSize : 23 <-- 0.090966 s
currentSize : 24 <-- 0.728428 s
currentSize : 25 <-- 20.078032 s
currentSize : 26 <-- 122.091568 s
currentSize : 27 <-- 172.519073 s

TIMEOUT
maxsize : 27
nodes : 84879830.000000
filtered : 2959138403.000000
CCGP filtered : 553618087.000000
CCGT filtered : 404273417.000000
time : 1000.000000
