Parameters: GAD=1 vflib=1 dir=0 label=0 lowerbound=1 fileNameGp=../../cp2016-max-common-connected-subgraph-paper/datasets/graphsdb/mcs30/m3D/m3Dr4/mcs30_m3Dr4_s30.A04 fileNameGt=../../cp2016-max-common-connected-subgraph-paper/datasets/graphsdb/mcs30/m3D/m3Dr4/mcs30_m3Dr4_s30.B04
Reading graphs...
30 :  69
30 :  70
Initializing...
maxdom : 30
D->valSize : 900
Solving...
currentSize : 10 <-- 0.018552 s
currentSize : 12 <-- 0.018678 s
currentSize : 13 <-- 0.018963 s
currentSize : 14 <-- 0.019476 s
currentSize : 15 <-- 0.020775 s
currentSize : 16 <-- 0.028821 s
currentSize : 17 <-- 0.413867 s
currentSize : 18 <-- 0.993542 s
currentSize : 19 <-- 2.662160 s

maxsize : 19
nodes : 22605636.000000
filtered : 506676789.000000
CCGP filtered : 58255370.000000
CCGT filtered : 54752868.000000
time : 197.777969
