Parameters: GAD=1 vflib=1 dir=0 label=0 lowerbound=1 fileNameGp=../../cp2016-max-common-connected-subgraph-paper/datasets/graphsdb/mcs30/m2D/m2Dr4/mcs30_m2Dr4_s30.A01 fileNameGt=../../cp2016-max-common-connected-subgraph-paper/datasets/graphsdb/mcs30/m2D/m2Dr4/mcs30_m2Dr4_s30.B01
Reading graphs...
30 :  57
30 :  57
Initializing...
maxdom : 30
D->valSize : 900
Solving...
currentSize : 12 <-- 0.019151 s
currentSize : 14 <-- 0.019207 s
currentSize : 15 <-- 0.019368 s
currentSize : 16 <-- 0.020803 s
currentSize : 17 <-- 0.039363 s
currentSize : 18 <-- 0.294852 s
currentSize : 19 <-- 0.768258 s
currentSize : 20 <-- 3.414569 s
currentSize : 21 <-- 41.765278 s

maxsize : 21
nodes : 6353431.000000
filtered : 154302338.000000
CCGP filtered : 27283427.000000
CCGT filtered : 21882026.000000
time : 53.648254
