Parameters: GAD=1 vflib=1 dir=0 label=0 lowerbound=1 fileNameGp=../../cp2016-max-common-connected-subgraph-paper/datasets/graphsdb/mcs30/m4D/m4D/mcs30_m4D_s50.A02 fileNameGt=../../cp2016-max-common-connected-subgraph-paper/datasets/graphsdb/mcs30/m4D/m4D/mcs30_m4D_s50.B02
Reading graphs...
50 :  87
50 :  87
Initializing...
maxdom : 50
D->valSize : 2500
Solving...
currentSize : 18 <-- 0.116485 s
currentSize : 19 <-- 0.116874 s
currentSize : 20 <-- 0.117216 s
currentSize : 21 <-- 0.130640 s
currentSize : 22 <-- 0.136097 s
currentSize : 23 <-- 0.138481 s
currentSize : 24 <-- 0.148376 s
currentSize : 25 <-- 0.365999 s
currentSize : 26 <-- 0.816869 s
currentSize : 27 <-- 0.910907 s
currentSize : 28 <-- 0.925676 s
currentSize : 29 <-- 5.845629 s
currentSize : 30 <-- 8.288333 s
currentSize : 31 <-- 53.689667 s
currentSize : 32 <-- 87.691536 s
currentSize : 33 <-- 191.102097 s
currentSize : 34 <-- 931.524475 s

TIMEOUT
maxsize : 34
nodes : 71665484.000000
filtered : 2199310767.000000
CCGP filtered : 1513788724.000000
CCGT filtered : 1234128567.000000
time : 1000.000000
