Parameters: GAD=1 vflib=1 dir=0 label=0 lowerbound=1 fileNameGp=../../cp2016-max-common-connected-subgraph-paper/datasets/graphsdb/mcs30/bvg/b03/mcs30_b03_s35.A05 fileNameGt=../../cp2016-max-common-connected-subgraph-paper/datasets/graphsdb/mcs30/bvg/b03/mcs30_b03_s35.B05
Reading graphs...
35 :  52
35 :  51
Initializing...
maxdom : 35
D->valSize : 1225
Solving...
currentSize : 15 <-- 0.021141 s
currentSize : 17 <-- 0.021857 s
currentSize : 18 <-- 0.049003 s
currentSize : 19 <-- 0.049051 s
currentSize : 20 <-- 0.077391 s
currentSize : 21 <-- 0.128983 s
currentSize : 22 <-- 0.354895 s
currentSize : 23 <-- 0.717889 s
currentSize : 24 <-- 3.090490 s
currentSize : 25 <-- 15.437138 s

maxsize : 25
nodes : 4387577.000000
filtered : 131350499.000000
CCGP filtered : 94522365.000000
CCGT filtered : 53859388.000000
time : 47.975746
