Parameters: GAD=1 vflib=1 dir=0 label=0 lowerbound=1 fileNameGp=../../cp2016-max-common-connected-subgraph-paper/datasets/graphsdb/mcs30/m2D/m2Dr6/mcs30_m2Dr6_s50.A09 fileNameGt=../../cp2016-max-common-connected-subgraph-paper/datasets/graphsdb/mcs30/m2D/m2Dr6/mcs30_m2Dr6_s50.B09
Reading graphs...
50 :  111
50 :  109
Initializing...
maxdom : 50
D->valSize : 2500
Solving...
currentSize : 18 <-- 0.094736 s
currentSize : 20 <-- 0.094902 s
currentSize : 21 <-- 0.105345 s
currentSize : 22 <-- 0.118519 s
currentSize : 23 <-- 0.607520 s
currentSize : 24 <-- 1.975880 s
currentSize : 25 <-- 2.767426 s
currentSize : 26 <-- 9.157051 s
currentSize : 27 <-- 18.821241 s
currentSize : 28 <-- 48.978664 s
currentSize : 29 <-- 87.010353 s
currentSize : 30 <-- 100.949699 s
currentSize : 31 <-- 551.812744 s

TIMEOUT
maxsize : 31
nodes : 70958863.000000
filtered : 1824597508.000000
CCGP filtered : 353115000.000000
CCGT filtered : 429956544.000000
time : 1000.000000
