Parameters: GAD=1 vflib=1 dir=0 label=0 lowerbound=1 fileNameGp=../../cp2016-max-common-connected-subgraph-paper/datasets/graphsdb/mcs30/bvg/b03m/mcs30_b03m_s50.A03 fileNameGt=../../cp2016-max-common-connected-subgraph-paper/datasets/graphsdb/mcs30/bvg/b03m/mcs30_b03m_s50.B03
Reading graphs...
50 :  74
50 :  74
Initializing...
maxdom : 50
D->valSize : 2500
Solving...
currentSize : 16 <-- 0.097842 s
currentSize : 17 <-- 0.097885 s
currentSize : 18 <-- 0.098269 s
currentSize : 19 <-- 0.098418 s
currentSize : 20 <-- 0.098686 s
currentSize : 21 <-- 0.098814 s
currentSize : 22 <-- 0.103084 s
currentSize : 24 <-- 0.103607 s
currentSize : 25 <-- 0.164550 s
currentSize : 26 <-- 0.293814 s
currentSize : 27 <-- 0.293995 s
currentSize : 28 <-- 2.182054 s
currentSize : 29 <-- 2.439830 s
currentSize : 30 <-- 43.317848 s
currentSize : 31 <-- 85.538963 s
currentSize : 32 <-- 116.239807 s

TIMEOUT
maxsize : 32
nodes : 71567555.000000
filtered : 2150571353.000000
CCGP filtered : 2402128403.000000
CCGT filtered : 1335248215.000000
time : 1000.000000
