Parameters: GAD=1 vflib=1 dir=0 label=0 lowerbound=1 fileNameGp=../../cp2016-max-common-connected-subgraph-paper/datasets/graphsdb/mcs30/bvg/b06/mcs30_b06_s50.A01 fileNameGt=../../cp2016-max-common-connected-subgraph-paper/datasets/graphsdb/mcs30/bvg/b06/mcs30_b06_s50.B01
Reading graphs...
50 :  149
50 :  146
Initializing...
maxdom : 50
D->valSize : 2500
Solving...
currentSize : 13 <-- 0.107721 s
currentSize : 17 <-- 0.107803 s
currentSize : 18 <-- 0.108472 s
currentSize : 19 <-- 0.109711 s
currentSize : 20 <-- 0.109901 s
currentSize : 21 <-- 0.189501 s
currentSize : 22 <-- 0.202576 s
currentSize : 23 <-- 0.271460 s
currentSize : 24 <-- 0.761797 s
currentSize : 25 <-- 12.013125 s
currentSize : 26 <-- 424.241455 s

TIMEOUT
maxsize : 26
nodes : 66726724.000000
filtered : 1556741056.000000
CCGP filtered : 298101065.000000
CCGT filtered : 348360591.000000
time : 1000.000000
