Parameters: GAD=1 vflib=1 dir=0 label=0 lowerbound=1 fileNameGp=../../cp2016-max-common-connected-subgraph-paper/datasets/graphsdb/mcs30/bvg/b06m/mcs30_b06m_s50.A01 fileNameGt=../../cp2016-max-common-connected-subgraph-paper/datasets/graphsdb/mcs30/bvg/b06m/mcs30_b06m_s50.B01
Reading graphs...
50 :  146
50 :  147
Initializing...
maxdom : 50
D->valSize : 2500
Solving...
currentSize : 17 <-- 0.092462 s
currentSize : 18 <-- 0.092728 s
currentSize : 19 <-- 0.095858 s
currentSize : 20 <-- 0.115653 s
currentSize : 21 <-- 0.173903 s
currentSize : 22 <-- 0.292093 s
currentSize : 23 <-- 0.467197 s
currentSize : 24 <-- 0.742461 s
currentSize : 25 <-- 51.177666 s
currentSize : 26 <-- 391.016846 s
currentSize : 27 <-- 667.106201 s

TIMEOUT
maxsize : 27
nodes : 70438109.000000
filtered : 1538572516.000000
CCGP filtered : 138357638.000000
CCGT filtered : 191972688.000000
time : 1000.000000
