Parameters: GAD=1 vflib=1 dir=0 label=0 lowerbound=1 fileNameGp=../../cp2016-max-common-connected-subgraph-paper/datasets/graphsdb/mcs30/bvg/b06/mcs30_b06_s50.A05 fileNameGt=../../cp2016-max-common-connected-subgraph-paper/datasets/graphsdb/mcs30/bvg/b06/mcs30_b06_s50.B05
Reading graphs...
50 :  150
50 :  149
Initializing...
maxdom : 50
D->valSize : 2500
Solving...
currentSize : 18 <-- 0.120898 s
currentSize : 19 <-- 0.121072 s
currentSize : 20 <-- 0.123028 s
currentSize : 21 <-- 0.124534 s
currentSize : 22 <-- 0.159757 s
currentSize : 23 <-- 0.190600 s
currentSize : 24 <-- 0.192720 s
currentSize : 25 <-- 2.724756 s
currentSize : 26 <-- 7.959173 s
currentSize : 27 <-- 54.725643 s

TIMEOUT
maxsize : 27
nodes : 70757582.000000
filtered : 1801692403.000000
CCGP filtered : 167607042.000000
CCGT filtered : 258980640.000000
time : 1000.000000
