Parameters: GAD=1 vflib=1 dir=0 label=0 lowerbound=1 fileNameGp=../../cp2016-max-common-connected-subgraph-paper/datasets/graphsdb/mcs30/bvg/b03m/mcs30_b03m_s35.A08 fileNameGt=../../cp2016-max-common-connected-subgraph-paper/datasets/graphsdb/mcs30/bvg/b03m/mcs30_b03m_s35.B08
Reading graphs...
35 :  51
35 :  52
Initializing...
maxdom : 35
D->valSize : 1225
Solving...
currentSize : 11 <-- 0.036699 s
currentSize : 15 <-- 0.036808 s
currentSize : 16 <-- 0.037387 s
currentSize : 17 <-- 0.037896 s
currentSize : 18 <-- 0.038058 s
currentSize : 19 <-- 0.040797 s
currentSize : 20 <-- 0.043869 s
currentSize : 21 <-- 0.046871 s
currentSize : 22 <-- 0.047706 s
currentSize : 23 <-- 0.062856 s
currentSize : 24 <-- 1.715703 s
currentSize : 25 <-- 1.718894 s

maxsize : 25
nodes : 2886491.000000
filtered : 92907372.000000
CCGP filtered : 66465772.000000
CCGT filtered : 40637413.000000
time : 31.806992
