Parameters: GAD=1 vflib=1 dir=0 label=0 lowerbound=1 fileNameGp=../../cp2016-max-common-connected-subgraph-paper/datasets/graphsdb/mcs30/m4D/m4D/mcs30_m4D_s50.A06 fileNameGt=../../cp2016-max-common-connected-subgraph-paper/datasets/graphsdb/mcs30/m4D/m4D/mcs30_m4D_s50.B06
Reading graphs...
50 :  86
50 :  87
Initializing...
maxdom : 50
D->valSize : 2500
Solving...
currentSize : 22 <-- 0.096395 s
currentSize : 23 <-- 0.096854 s
currentSize : 24 <-- 0.098114 s
currentSize : 26 <-- 0.136056 s
currentSize : 27 <-- 0.448032 s
currentSize : 28 <-- 1.347013 s
currentSize : 30 <-- 2.608449 s
currentSize : 31 <-- 9.458363 s
currentSize : 32 <-- 174.564148 s
currentSize : 33 <-- 342.189178 s
currentSize : 34 <-- 364.055420 s

TIMEOUT
maxsize : 34
nodes : 69265163.000000
filtered : 2252759656.000000
CCGP filtered : 1763132504.000000
CCGT filtered : 1107332244.000000
time : 1000.000000
