Parameters: GAD=1 vflib=1 dir=0 label=0 lowerbound=1 fileNameGp=../../cp2016-max-common-connected-subgraph-paper/datasets/graphsdb/mcs30/m2D/m2Dr2/mcs30_m2Dr2_s50.A08 fileNameGt=../../cp2016-max-common-connected-subgraph-paper/datasets/graphsdb/mcs30/m2D/m2Dr2/mcs30_m2Dr2_s50.B08
Reading graphs...
50 :  93
50 :  92
Initializing...
maxdom : 50
D->valSize : 2500
Solving...
currentSize : 20 <-- 0.117250 s
currentSize : 22 <-- 0.117368 s
currentSize : 23 <-- 0.122297 s
currentSize : 24 <-- 0.140403 s
currentSize : 25 <-- 0.303907 s
currentSize : 26 <-- 0.565232 s
currentSize : 27 <-- 0.820692 s
currentSize : 28 <-- 2.046092 s
currentSize : 29 <-- 7.536070 s
currentSize : 30 <-- 77.232307 s
currentSize : 31 <-- 79.470573 s
currentSize : 32 <-- 377.419983 s

TIMEOUT
maxsize : 32
nodes : 71885472.000000
filtered : 2111217217.000000
CCGP filtered : 909016744.000000
CCGT filtered : 528777167.000000
time : 1000.000000
