Parameters: GAD=1 vflib=1 dir=0 label=0 lowerbound=1 fileNameGp=../../cp2016-max-common-connected-subgraph-paper/datasets/graphsdb/mcs30/bvg/b06/mcs30_b06_s30.A07 fileNameGt=../../cp2016-max-common-connected-subgraph-paper/datasets/graphsdb/mcs30/bvg/b06/mcs30_b06_s30.B07
Reading graphs...
30 :  89
30 :  86
Initializing...
maxdom : 30
D->valSize : 900
Solving...
currentSize : 9 <-- 0.011086 s
currentSize : 11 <-- 0.011156 s
currentSize : 12 <-- 0.011263 s
currentSize : 13 <-- 0.014531 s
currentSize : 14 <-- 0.020854 s
currentSize : 15 <-- 0.062738 s
currentSize : 16 <-- 0.554100 s
currentSize : 17 <-- 1.013641 s
currentSize : 18 <-- 12.493989 s

maxsize : 18
nodes : 8840377.000000
filtered : 230398561.000000
CCGP filtered : 16815300.000000
CCGT filtered : 27342588.000000
time : 81.727501
