Parameters: GAD=1 vflib=1 dir=0 label=0 lowerbound=1 fileNameGp=../../cp2016-max-common-connected-subgraph-paper/datasets/graphsdb/mcs30/bvg/b03m/mcs30_b03m_s40.A07 fileNameGt=../../cp2016-max-common-connected-subgraph-paper/datasets/graphsdb/mcs30/bvg/b03m/mcs30_b03m_s40.B07
Reading graphs...
40 :  60
40 :  60
Initializing...
maxdom : 40
D->valSize : 1600
Solving...
currentSize : 18 <-- 0.046731 s
currentSize : 20 <-- 0.046923 s
currentSize : 21 <-- 0.049122 s
currentSize : 22 <-- 0.064152 s
currentSize : 23 <-- 0.177710 s
currentSize : 24 <-- 0.757361 s
currentSize : 25 <-- 5.283557 s
currentSize : 26 <-- 5.313386 s
currentSize : 27 <-- 67.727280 s
currentSize : 28 <-- 270.635315 s

maxsize : 28
nodes : 78058451.000000
filtered : 2560616033.000000
CCGP filtered : 1819839080.000000
CCGT filtered : 1180044104.000000
time : 948.581726
