Parameters: GAD=1 vflib=1 dir=0 label=0 lowerbound=1 fileNameGp=../../cp2016-max-common-connected-subgraph-paper/datasets/graphsdb/mcs30/bvg/b03/mcs30_b03_s50.A02 fileNameGt=../../cp2016-max-common-connected-subgraph-paper/datasets/graphsdb/mcs30/bvg/b03/mcs30_b03_s50.B02
Reading graphs...
50 :  75
50 :  75
Initializing...
maxdom : 50
D->valSize : 2500
Solving...
currentSize : 21 <-- 0.097569 s
currentSize : 22 <-- 0.097685 s
currentSize : 25 <-- 0.097818 s
currentSize : 26 <-- 0.098341 s
currentSize : 27 <-- 0.117883 s
currentSize : 28 <-- 0.118082 s
currentSize : 29 <-- 3.299381 s
currentSize : 31 <-- 3.383907 s
currentSize : 32 <-- 3.387557 s
currentSize : 33 <-- 3.649995 s
currentSize : 34 <-- 47.410252 s
currentSize : 35 <-- 47.418171 s

TIMEOUT
maxsize : 35
nodes : 61268764.000000
filtered : 2724467973.000000
CCGP filtered : 2141280383.000000
CCGT filtered : 1226546276.000000
time : 1000.000000
