Parameters: GAD=1 vflib=1 dir=0 label=0 lowerbound=1 fileNameGp=../../cp2016-max-common-connected-subgraph-paper/datasets/graphsdb/mcs30/bvg/b03m/mcs30_b03m_s40.A00 fileNameGt=../../cp2016-max-common-connected-subgraph-paper/datasets/graphsdb/mcs30/bvg/b03m/mcs30_b03m_s40.B00
Reading graphs...
40 :  59
40 :  59
Initializing...
maxdom : 40
D->valSize : 1600
Solving...
currentSize : 19 <-- 0.037321 s
currentSize : 20 <-- 0.037387 s
currentSize : 22 <-- 0.038017 s
currentSize : 23 <-- 0.313694 s
currentSize : 24 <-- 0.314499 s
currentSize : 25 <-- 1.377598 s
currentSize : 26 <-- 2.311917 s
currentSize : 27 <-- 4.271236 s
currentSize : 28 <-- 107.747536 s
currentSize : 29 <-- 255.788528 s

maxsize : 29
nodes : 34014906.000000
filtered : 1103551677.000000
CCGP filtered : 836117860.000000
CCGT filtered : 607188778.000000
time : 436.373718
