Parameters: GAD=1 vflib=1 dir=0 label=0 lowerbound=1 fileNameGp=../../cp2016-max-common-connected-subgraph-paper/datasets/graphsdb/mcs30/bvg/b03/mcs30_b03_s40.A05 fileNameGt=../../cp2016-max-common-connected-subgraph-paper/datasets/graphsdb/mcs30/bvg/b03/mcs30_b03_s40.B05
Reading graphs...
40 :  60
40 :  60
Initializing...
maxdom : 40
D->valSize : 1600
Solving...
currentSize : 17 <-- 0.049222 s
currentSize : 18 <-- 0.049531 s
currentSize : 19 <-- 0.050726 s
currentSize : 20 <-- 0.073282 s
currentSize : 22 <-- 0.093014 s
currentSize : 23 <-- 0.093405 s
currentSize : 24 <-- 0.158751 s
currentSize : 25 <-- 0.218062 s
currentSize : 26 <-- 38.853573 s
currentSize : 27 <-- 39.316128 s
currentSize : 28 <-- 39.814835 s

maxsize : 28
nodes : 30396813.000000
filtered : 1026252199.000000
CCGP filtered : 590550354.000000
CCGT filtered : 358767884.000000
time : 373.757080
