Parameters: GAD=1 vflib=1 dir=0 label=0 lowerbound=1 fileNameGp=../../cp2016-max-common-connected-subgraph-paper/datasets/graphsdb/mcs30/bvg/b09/mcs30_b09_s35.A08 fileNameGt=../../cp2016-max-common-connected-subgraph-paper/datasets/graphsdb/mcs30/bvg/b09/mcs30_b09_s35.B08
Reading graphs...
35 :  150
35 :  149
Initializing...
maxdom : 35
D->valSize : 1225
Solving...
currentSize : 12 <-- 0.031570 s
currentSize : 13 <-- 0.050011 s
currentSize : 14 <-- 0.051415 s
currentSize : 15 <-- 0.084260 s
currentSize : 16 <-- 0.285607 s
currentSize : 17 <-- 0.514006 s
currentSize : 18 <-- 1.164995 s
currentSize : 19 <-- 27.494101 s
currentSize : 20 <-- 53.169670 s

maxsize : 20
nodes : 84825111.000000
filtered : 2716966882.000000
CCGP filtered : 73138202.000000
CCGT filtered : 27852116.000000
time : 960.558105
