Parameters: GAD=1 vflib=1 dir=0 label=0 lowerbound=1 fileNameGp=../../cp2016-max-common-connected-subgraph-paper/datasets/graphsdb/mcs30/m2D/m2Dr2/mcs30_m2Dr2_s50.A07 fileNameGt=../../cp2016-max-common-connected-subgraph-paper/datasets/graphsdb/mcs30/m2D/m2Dr2/mcs30_m2Dr2_s50.B07
Reading graphs...
50 :  94
50 :  93
Initializing...
maxdom : 50
D->valSize : 2500
Solving...
currentSize : 19 <-- 0.161878 s
currentSize : 20 <-- 0.162113 s
currentSize : 22 <-- 0.162320 s
currentSize : 23 <-- 0.163701 s
currentSize : 24 <-- 0.163900 s
currentSize : 25 <-- 0.170038 s
currentSize : 26 <-- 0.171065 s
currentSize : 27 <-- 0.225326 s
currentSize : 28 <-- 0.233530 s
currentSize : 29 <-- 4.161703 s
currentSize : 30 <-- 4.347384 s
currentSize : 31 <-- 22.522556 s

TIMEOUT
maxsize : 31
nodes : 71900141.000000
filtered : 1919757634.000000
CCGP filtered : 653797095.000000
CCGT filtered : 553274564.000000
time : 1000.000000
