Parameters: GAD=1 vflib=1 dir=0 label=0 lowerbound=1 fileNameGp=../../cp2016-max-common-connected-subgraph-paper/datasets/graphsdb/mcs30/rand/r005/mcs30_r005_s50.A01 fileNameGt=../../cp2016-max-common-connected-subgraph-paper/datasets/graphsdb/mcs30/rand/r005/mcs30_r005_s50.B01
Reading graphs...
50 :  125
50 :  126
Initializing...
maxdom : 50
D->valSize : 2500
Solving...
currentSize : 21 <-- 0.092972 s
currentSize : 22 <-- 0.093100 s
currentSize : 23 <-- 0.093297 s
currentSize : 24 <-- 0.095897 s
currentSize : 25 <-- 0.123883 s
currentSize : 26 <-- 0.145644 s
currentSize : 27 <-- 0.189134 s
currentSize : 28 <-- 34.364552 s
currentSize : 29 <-- 259.370514 s
currentSize : 30 <-- 885.911499 s

TIMEOUT
maxsize : 30
nodes : 72049442.000000
filtered : 1756301404.000000
CCGP filtered : 190366255.000000
CCGT filtered : 228992264.000000
time : 1000.000000
