Parameters: GAD=1 vflib=1 dir=0 label=0 lowerbound=1 fileNameGp=../../cp2016-max-common-connected-subgraph-paper/datasets/graphsdb/mcs30/bvg/b09/mcs30_b09_s35.A06 fileNameGt=../../cp2016-max-common-connected-subgraph-paper/datasets/graphsdb/mcs30/bvg/b09/mcs30_b09_s35.B06
Reading graphs...
35 :  149
35 :  152
Initializing...
maxdom : 35
D->valSize : 1225
Solving...
currentSize : 10 <-- 0.018539 s
currentSize : 11 <-- 0.018612 s
currentSize : 12 <-- 0.018843 s
currentSize : 13 <-- 0.019043 s
currentSize : 14 <-- 0.019713 s
currentSize : 15 <-- 0.042172 s
currentSize : 16 <-- 0.291061 s
currentSize : 17 <-- 0.291154 s
currentSize : 18 <-- 6.336034 s
currentSize : 19 <-- 18.831520 s

TIMEOUT
maxsize : 19
nodes : 91214362.000000
filtered : 2483316582.000000
CCGP filtered : 46303418.000000
CCGT filtered : 23464085.000000
time : 1000.000000
