Parameters: GAD=1 vflib=1 dir=0 label=0 lowerbound=1 fileNameGp=../../cp2016-max-common-connected-subgraph-paper/datasets/graphsdb/mcs30/m2D/m2Dr6/mcs30_m2Dr6_s50.A06 fileNameGt=../../cp2016-max-common-connected-subgraph-paper/datasets/graphsdb/mcs30/m2D/m2Dr6/mcs30_m2Dr6_s50.B06
Reading graphs...
50 :  113
50 :  112
Initializing...
maxdom : 50
D->valSize : 2500
Solving...
currentSize : 17 <-- 0.114740 s
currentSize : 19 <-- 0.114811 s
currentSize : 20 <-- 0.115099 s
currentSize : 22 <-- 0.117787 s
currentSize : 23 <-- 0.123131 s
currentSize : 24 <-- 0.158650 s
currentSize : 25 <-- 0.247749 s
currentSize : 26 <-- 0.367392 s
currentSize : 27 <-- 1.097102 s
currentSize : 28 <-- 82.313683 s
currentSize : 29 <-- 529.991150 s
currentSize : 30 <-- 868.088318 s

TIMEOUT
maxsize : 30
nodes : 73704769.000000
filtered : 1722022863.000000
CCGP filtered : 420229721.000000
CCGT filtered : 381845643.000000
time : 1000.000000
