Parameters: GAD=1 vflib=1 dir=0 label=0 lowerbound=1 fileNameGp=../../cp2016-max-common-connected-subgraph-paper/datasets/graphsdb/mcs30/bvg/b03m/mcs30_b03m_s30.A05 fileNameGt=../../cp2016-max-common-connected-subgraph-paper/datasets/graphsdb/mcs30/bvg/b03m/mcs30_b03m_s30.B05
Reading graphs...
30 :  45
30 :  45
Initializing...
maxdom : 30
D->valSize : 900
Solving...
currentSize : 12 <-- 0.019683 s
currentSize : 13 <-- 0.019735 s
currentSize : 14 <-- 0.019858 s
currentSize : 15 <-- 0.021123 s
currentSize : 16 <-- 0.022235 s
currentSize : 17 <-- 0.030572 s
currentSize : 18 <-- 0.049640 s
currentSize : 19 <-- 0.078470 s
currentSize : 20 <-- 0.143969 s
currentSize : 21 <-- 4.968422 s

maxsize : 21
nodes : 1246401.000000
filtered : 29497093.000000
CCGP filtered : 19744556.000000
CCGT filtered : 14243352.000000
time : 11.223453
