Parameters: GAD=1 vflib=1 dir=0 label=0 lowerbound=1 fileNameGp=../../cp2016-max-common-connected-subgraph-paper/datasets/graphsdb/mcs30/rand/r005/mcs30_r005_s35.A01 fileNameGt=../../cp2016-max-common-connected-subgraph-paper/datasets/graphsdb/mcs30/rand/r005/mcs30_r005_s35.B01
Reading graphs...
35 :  63
35 :  64
Initializing...
maxdom : 35
D->valSize : 1225
Solving...
currentSize : 13 <-- 0.020291 s
currentSize : 17 <-- 0.020350 s
currentSize : 18 <-- 0.022348 s
currentSize : 19 <-- 0.022420 s
currentSize : 20 <-- 0.028112 s
currentSize : 21 <-- 0.028213 s
currentSize : 22 <-- 0.111688 s
currentSize : 23 <-- 4.145525 s
currentSize : 24 <-- 5.441158 s

maxsize : 24
nodes : 55271891.000000
filtered : 1566348091.000000
CCGP filtered : 495271015.000000
CCGT filtered : 251381994.000000
time : 566.344849
