Parameters: GAD=1 vflib=1 dir=0 label=0 lowerbound=1 fileNameGp=../../cp2016-max-common-connected-subgraph-paper/datasets/graphsdb/mcs30/m4D/m4Dr4/mcs30_m4Dr4_s50.A01 fileNameGt=../../cp2016-max-common-connected-subgraph-paper/datasets/graphsdb/mcs30/m4D/m4Dr4/mcs30_m4Dr4_s50.B01
Reading graphs...
50 :  107
50 :  105
Initializing...
maxdom : 50
D->valSize : 2500
Solving...
currentSize : 14 <-- 0.095110 s
currentSize : 20 <-- 0.095223 s
currentSize : 21 <-- 0.095314 s
currentSize : 22 <-- 0.095625 s
currentSize : 23 <-- 0.096000 s
currentSize : 24 <-- 0.213754 s
currentSize : 25 <-- 4.866854 s
currentSize : 26 <-- 5.425725 s
currentSize : 27 <-- 5.435178 s
currentSize : 28 <-- 9.641079 s
currentSize : 29 <-- 12.128505 s
currentSize : 30 <-- 497.538635 s

TIMEOUT
maxsize : 30
nodes : 74265774.000000
filtered : 1730964600.000000
CCGP filtered : 757460350.000000
CCGT filtered : 568964560.000000
time : 1000.000000
