Parameters: GAD=1 vflib=1 dir=0 label=0 lowerbound=1 fileNameGp=../../cp2016-max-common-connected-subgraph-paper/datasets/graphsdb/mcs30/m2D/m2D/mcs30_m2D_s50.A02 fileNameGt=../../cp2016-max-common-connected-subgraph-paper/datasets/graphsdb/mcs30/m2D/m2D/mcs30_m2D_s50.B02
Reading graphs...
50 :  85
50 :  85
Initializing...
maxdom : 50
D->valSize : 2500
Solving...
currentSize : 17 <-- 0.097479 s
currentSize : 18 <-- 0.097531 s
currentSize : 20 <-- 0.097826 s
currentSize : 22 <-- 0.098017 s
currentSize : 23 <-- 0.098193 s
currentSize : 24 <-- 0.103001 s
currentSize : 25 <-- 0.103445 s
currentSize : 26 <-- 0.104001 s
currentSize : 27 <-- 0.104283 s
currentSize : 28 <-- 0.111515 s
currentSize : 29 <-- 1.862190 s
currentSize : 30 <-- 6.619968 s
currentSize : 31 <-- 31.651112 s

TIMEOUT
maxsize : 31
nodes : 78569961.000000
filtered : 2074996662.000000
CCGP filtered : 1953868794.000000
CCGT filtered : 1113976302.000000
time : 1000.000000
