Parameters: GAD=1 vflib=1 dir=0 label=0 lowerbound=1 fileNameGp=../../cp2016-max-common-connected-subgraph-paper/datasets/graphsdb/mcs30/bvg/b06m/mcs30_b06m_s30.A08 fileNameGt=../../cp2016-max-common-connected-subgraph-paper/datasets/graphsdb/mcs30/bvg/b06m/mcs30_b06m_s30.B08
Reading graphs...
30 :  87
30 :  85
Initializing...
maxdom : 30
D->valSize : 900
Solving...
currentSize : 10 <-- 0.010196 s
currentSize : 11 <-- 0.010296 s
currentSize : 12 <-- 0.010554 s
currentSize : 13 <-- 0.010997 s
currentSize : 14 <-- 0.011995 s
currentSize : 15 <-- 0.012632 s
currentSize : 16 <-- 0.019823 s
currentSize : 17 <-- 0.063789 s
currentSize : 18 <-- 40.923000 s

maxsize : 18
nodes : 17959407.000000
filtered : 413855496.000000
CCGP filtered : 45488622.000000
CCGT filtered : 38095732.000000
time : 161.962296
