Parameters: GAD=1 vflib=1 dir=0 label=0 lowerbound=1 fileNameGp=../../cp2016-max-common-connected-subgraph-paper/datasets/graphsdb/mcs30/bvg/b03m/mcs30_b03m_s50.A08 fileNameGt=../../cp2016-max-common-connected-subgraph-paper/datasets/graphsdb/mcs30/bvg/b03m/mcs30_b03m_s50.B08
Reading graphs...
50 :  75
50 :  75
Initializing...
maxdom : 50
D->valSize : 2500
Solving...
currentSize : 22 <-- 0.117204 s
currentSize : 24 <-- 0.117247 s
currentSize : 25 <-- 0.117428 s
currentSize : 26 <-- 0.119176 s
currentSize : 27 <-- 0.142308 s
currentSize : 28 <-- 0.357373 s
currentSize : 29 <-- 0.383639 s
currentSize : 30 <-- 7.940233 s
currentSize : 31 <-- 8.428073 s
currentSize : 32 <-- 18.740225 s
currentSize : 33 <-- 825.756531 s

TIMEOUT
maxsize : 33
nodes : 67438472.000000
filtered : 1796452067.000000
CCGP filtered : 2524131744.000000
CCGT filtered : 1792930748.000000
time : 1000.000000
