Parameters: GAD=1 vflib=1 dir=0 label=0 lowerbound=1 fileNameGp=../../cp2016-max-common-connected-subgraph-paper/datasets/graphsdb/mcs30/m3D/m3Dr6/mcs30_m3Dr6_s40.A04 fileNameGt=../../cp2016-max-common-connected-subgraph-paper/datasets/graphsdb/mcs30/m3D/m3Dr6/mcs30_m3Dr6_s40.B04
Reading graphs...
40 :  105
40 :  103
Initializing...
maxdom : 40
D->valSize : 1600
Solving...
currentSize : 15 <-- 0.034348 s
currentSize : 17 <-- 0.034432 s
currentSize : 18 <-- 0.038901 s
currentSize : 19 <-- 0.039815 s
currentSize : 20 <-- 0.043720 s
currentSize : 21 <-- 0.066633 s
currentSize : 22 <-- 0.235559 s
currentSize : 23 <-- 27.316584 s
currentSize : 24 <-- 232.620651 s
currentSize : 25 <-- 617.044617 s

TIMEOUT
maxsize : 25
nodes : 90239087.000000
filtered : 2563410157.000000
CCGP filtered : 222834051.000000
CCGT filtered : 186597135.000000
time : 1000.000000
