Parameters: GAD=1 vflib=1 dir=0 label=0 lowerbound=1 fileNameGp=../../cp2016-max-common-connected-subgraph-paper/datasets/graphsdb/mcs30/m2D/m2Dr2/mcs30_m2Dr2_s30.A08 fileNameGt=../../cp2016-max-common-connected-subgraph-paper/datasets/graphsdb/mcs30/m2D/m2Dr2/mcs30_m2Dr2_s30.B08
Reading graphs...
30 :  55
30 :  54
Initializing...
maxdom : 30
D->valSize : 900
Solving...
currentSize : 12 <-- 0.018843 s
currentSize : 13 <-- 0.018896 s
currentSize : 14 <-- 0.019730 s
currentSize : 15 <-- 0.019782 s
currentSize : 16 <-- 0.019971 s
currentSize : 17 <-- 0.020159 s
currentSize : 18 <-- 0.074920 s
currentSize : 19 <-- 0.115250 s
currentSize : 20 <-- 0.409018 s
currentSize : 21 <-- 4.712419 s
currentSize : 22 <-- 19.061644 s

maxsize : 22
nodes : 2565561.000000
filtered : 64882993.000000
CCGP filtered : 23187845.000000
CCGT filtered : 8079193.000000
time : 21.909037
