Parameters: GAD=1 vflib=1 dir=0 label=0 lowerbound=1 fileNameGp=../../cp2016-max-common-connected-subgraph-paper/datasets/graphsdb/mcs30/m3D/m3D/mcs30_m3D_s40.A03 fileNameGt=../../cp2016-max-common-connected-subgraph-paper/datasets/graphsdb/mcs30/m3D/m3D/mcs30_m3D_s40.B03
Reading graphs...
40 :  83
40 :  83
Initializing...
maxdom : 40
D->valSize : 1600
Solving...
currentSize : 16 <-- 0.035587 s
currentSize : 18 <-- 0.035986 s
currentSize : 19 <-- 0.038702 s
currentSize : 20 <-- 0.056685 s
currentSize : 21 <-- 0.146503 s
currentSize : 22 <-- 0.163967 s
currentSize : 23 <-- 1.450542 s
currentSize : 24 <-- 14.344728 s
currentSize : 25 <-- 23.914064 s
currentSize : 26 <-- 146.782288 s

TIMEOUT
maxsize : 26
nodes : 89796757.000000
filtered : 2448171189.000000
CCGP filtered : 564352214.000000
CCGT filtered : 371216547.000000
time : 1000.000000
