Parameters: GAD=1 vflib=1 dir=0 label=0 lowerbound=1 fileNameGp=../../cp2016-max-common-connected-subgraph-paper/datasets/graphsdb/mcs30/bvg/b03/mcs30_b03_s40.A07 fileNameGt=../../cp2016-max-common-connected-subgraph-paper/datasets/graphsdb/mcs30/bvg/b03/mcs30_b03_s40.B07
Reading graphs...
40 :  60
40 :  60
Initializing...
maxdom : 40
D->valSize : 1600
Solving...
currentSize : 17 <-- 0.036403 s
currentSize : 18 <-- 0.036457 s
currentSize : 19 <-- 0.038042 s
currentSize : 20 <-- 0.047861 s
currentSize : 21 <-- 0.070709 s
currentSize : 22 <-- 0.096274 s
currentSize : 23 <-- 0.111612 s
currentSize : 24 <-- 1.701202 s
currentSize : 25 <-- 23.437864 s
currentSize : 26 <-- 23.438751 s
currentSize : 27 <-- 34.110786 s
currentSize : 28 <-- 45.563461 s

maxsize : 28
nodes : 55182210.000000
filtered : 1919145081.000000
CCGP filtered : 1400799641.000000
CCGT filtered : 700540287.000000
time : 687.602051
