Parameters: GAD=1 vflib=1 dir=0 label=0 lowerbound=1 fileNameGp=../../cp2016-max-common-connected-subgraph-paper/datasets/graphsdb/mcs30/m3D/m3Dr6/mcs30_m3Dr6_s30.A05 fileNameGt=../../cp2016-max-common-connected-subgraph-paper/datasets/graphsdb/mcs30/m3D/m3Dr6/mcs30_m3Dr6_s30.B05
Reading graphs...
30 :  74
30 :  75
Initializing...
maxdom : 30
D->valSize : 900
Solving...
currentSize : 9 <-- 0.011196 s
currentSize : 11 <-- 0.011296 s
currentSize : 12 <-- 0.011331 s
currentSize : 13 <-- 0.011566 s
currentSize : 14 <-- 0.011933 s
currentSize : 15 <-- 0.014674 s
currentSize : 16 <-- 0.016649 s
currentSize : 17 <-- 0.019288 s
currentSize : 18 <-- 0.026512 s
currentSize : 19 <-- 105.354279 s

maxsize : 19
nodes : 22837198.000000
filtered : 500885446.000000
CCGP filtered : 46655156.000000
CCGT filtered : 28687977.000000
time : 189.318848
