Parameters: GAD=1 vflib=1 dir=0 label=0 lowerbound=1 fileNameGp=../../cp2016-max-common-connected-subgraph-paper/datasets/graphsdb/mcs30/rand/r005/mcs30_r005_s40.A04 fileNameGt=../../cp2016-max-common-connected-subgraph-paper/datasets/graphsdb/mcs30/rand/r005/mcs30_r005_s40.B04
Reading graphs...
40 :  83
40 :  82
Initializing...
maxdom : 40
D->valSize : 1600
Solving...
currentSize : 16 <-- 0.055727 s
currentSize : 19 <-- 0.055819 s
currentSize : 20 <-- 0.056220 s
currentSize : 21 <-- 0.058325 s
currentSize : 22 <-- 0.059635 s
currentSize : 23 <-- 0.059792 s
currentSize : 24 <-- 0.124252 s
currentSize : 25 <-- 0.432550 s
currentSize : 26 <-- 11.892340 s
currentSize : 27 <-- 249.453278 s
currentSize : 28 <-- 269.183044 s

TIMEOUT
maxsize : 28
nodes : 84842401.000000
filtered : 3276459937.000000
CCGP filtered : 506726134.000000
CCGT filtered : 461849993.000000
time : 1000.000000
