Parameters: GAD=1 vflib=1 dir=0 label=0 lowerbound=1 fileNameGp=../../cp2016-max-common-connected-subgraph-paper/datasets/graphsdb/mcs30/bvg/b06/mcs30_b06_s50.A04 fileNameGt=../../cp2016-max-common-connected-subgraph-paper/datasets/graphsdb/mcs30/bvg/b06/mcs30_b06_s50.B04
Reading graphs...
50 :  148
50 :  148
Initializing...
maxdom : 50
D->valSize : 2500
Solving...
currentSize : 16 <-- 0.091694 s
currentSize : 18 <-- 0.091742 s
currentSize : 19 <-- 0.091929 s
currentSize : 20 <-- 0.092785 s
currentSize : 21 <-- 0.095523 s
currentSize : 22 <-- 0.104416 s
currentSize : 23 <-- 0.137356 s
currentSize : 24 <-- 0.268255 s
currentSize : 25 <-- 6.932496 s
currentSize : 26 <-- 10.961720 s
currentSize : 27 <-- 573.241699 s

TIMEOUT
maxsize : 27
nodes : 70615978.000000
filtered : 1808339772.000000
CCGP filtered : 210297147.000000
CCGT filtered : 160520119.000000
time : 1000.000000
