Parameters: GAD=1 vflib=1 dir=0 label=0 lowerbound=1 fileNameGp=../../cp2016-max-common-connected-subgraph-paper/datasets/graphsdb/mcs30/bvg/b03/mcs30_b03_s40.A01 fileNameGt=../../cp2016-max-common-connected-subgraph-paper/datasets/graphsdb/mcs30/bvg/b03/mcs30_b03_s40.B01
Reading graphs...
40 :  60
40 :  60
Initializing...
maxdom : 40
D->valSize : 1600
Solving...
currentSize : 18 <-- 0.037014 s
currentSize : 19 <-- 0.037105 s
currentSize : 23 <-- 0.037201 s
currentSize : 24 <-- 0.040379 s
currentSize : 25 <-- 0.094191 s
currentSize : 26 <-- 0.111270 s
currentSize : 27 <-- 0.702977 s
currentSize : 28 <-- 25.693523 s
currentSize : 29 <-- 64.713478 s

maxsize : 29
nodes : 31978616.000000
filtered : 1073418053.000000
CCGP filtered : 566539901.000000
CCGT filtered : 282242399.000000
time : 368.045563
