Parameters: GAD=1 vflib=1 dir=0 label=0 lowerbound=1 fileNameGp=../../cp2016-max-common-connected-subgraph-paper/datasets/graphsdb/mcs30/m4D/m4Dr4/mcs30_m4Dr4_s50.A04 fileNameGt=../../cp2016-max-common-connected-subgraph-paper/datasets/graphsdb/mcs30/m4D/m4Dr4/mcs30_m4Dr4_s50.B04
Reading graphs...
50 :  104
50 :  105
Initializing...
maxdom : 50
D->valSize : 2500
Solving...
currentSize : 22 <-- 0.095838 s
currentSize : 23 <-- 0.096065 s
currentSize : 24 <-- 0.096176 s
currentSize : 25 <-- 0.097713 s
currentSize : 26 <-- 0.569305 s
currentSize : 27 <-- 4.155431 s
currentSize : 28 <-- 6.282751 s
currentSize : 29 <-- 6.282805 s
currentSize : 30 <-- 18.346327 s
currentSize : 31 <-- 139.206818 s

TIMEOUT
maxsize : 31
nodes : 68859433.000000
filtered : 2089925397.000000
CCGP filtered : 1606292564.000000
CCGT filtered : 781063554.000000
time : 1000.000000
