Parameters: GAD=1 vflib=1 dir=0 label=0 lowerbound=1 fileNameGp=../../cp2016-max-common-connected-subgraph-paper/datasets/graphsdb/mcs30/bvg/b03m/mcs30_b03m_s40.A02 fileNameGt=../../cp2016-max-common-connected-subgraph-paper/datasets/graphsdb/mcs30/bvg/b03m/mcs30_b03m_s40.B02
Reading graphs...
40 :  58
40 :  59
Initializing...
maxdom : 40
D->valSize : 1600
Solving...
currentSize : 17 <-- 0.044602 s
currentSize : 18 <-- 0.044920 s
currentSize : 20 <-- 0.045117 s
currentSize : 21 <-- 0.052353 s
currentSize : 22 <-- 0.054095 s
currentSize : 23 <-- 0.652450 s
currentSize : 24 <-- 0.664370 s
currentSize : 25 <-- 0.835673 s
currentSize : 26 <-- 2.238329 s
currentSize : 27 <-- 2.241226 s
currentSize : 28 <-- 124.434502 s

maxsize : 28
nodes : 30142523.000000
filtered : 938456109.000000
CCGP filtered : 848140300.000000
CCGT filtered : 448907258.000000
time : 364.979614
