Parameters: GAD=1 vflib=1 dir=0 label=0 lowerbound=1 fileNameGp=../../cp2016-max-common-connected-subgraph-paper/datasets/graphsdb/mcs30/bvg/b03m/mcs30_b03m_s25.A08 fileNameGt=../../cp2016-max-common-connected-subgraph-paper/datasets/graphsdb/mcs30/bvg/b03m/mcs30_b03m_s25.B08
Reading graphs...
25 :  36
25 :  37
Initializing...
maxdom : 25
D->valSize : 625
Solving...
currentSize : 8 <-- 0.005299 s
currentSize : 9 <-- 0.005338 s
currentSize : 10 <-- 0.005381 s
currentSize : 11 <-- 0.005585 s
currentSize : 12 <-- 0.006979 s
currentSize : 13 <-- 0.008319 s
currentSize : 14 <-- 0.038476 s
currentSize : 15 <-- 0.060621 s
currentSize : 16 <-- 1.019533 s

maxsize : 16
nodes : 438869.000000
filtered : 7398366.000000
CCGP filtered : 4201379.000000
CCGT filtered : 2050407.000000
time : 2.800412
