Parameters: GAD=1 vflib=1 dir=0 label=0 lowerbound=1 fileNameGp=../../cp2016-max-common-connected-subgraph-paper/datasets/graphsdb/mcs30/bvg/b03/mcs30_b03_s35.A09 fileNameGt=../../cp2016-max-common-connected-subgraph-paper/datasets/graphsdb/mcs30/bvg/b03/mcs30_b03_s35.B09
Reading graphs...
35 :  52
35 :  52
Initializing...
maxdom : 35
D->valSize : 1225
Solving...
currentSize : 15 <-- 0.036582 s
currentSize : 16 <-- 0.036777 s
currentSize : 17 <-- 0.037208 s
currentSize : 18 <-- 0.045328 s
currentSize : 19 <-- 0.048247 s
currentSize : 20 <-- 0.078194 s
currentSize : 21 <-- 0.089646 s
currentSize : 22 <-- 0.296212 s
currentSize : 23 <-- 0.304198 s
currentSize : 24 <-- 0.438756 s
currentSize : 25 <-- 3.925316 s

maxsize : 25
nodes : 3688585.000000
filtered : 112277623.000000
CCGP filtered : 67778654.000000
CCGT filtered : 43115062.000000
time : 38.732441
