Parameters: GAD=1 vflib=1 dir=0 label=0 lowerbound=1 fileNameGp=../../cp2016-max-common-connected-subgraph-paper/datasets/graphsdb/mcs30/bvg/b03/mcs30_b03_s50.A04 fileNameGt=../../cp2016-max-common-connected-subgraph-paper/datasets/graphsdb/mcs30/bvg/b03/mcs30_b03_s50.B04
Reading graphs...
50 :  75
50 :  75
Initializing...
maxdom : 50
D->valSize : 2500
Solving...
currentSize : 23 <-- 0.119182 s
currentSize : 24 <-- 0.119470 s
currentSize : 25 <-- 0.120340 s
currentSize : 26 <-- 0.131421 s
currentSize : 27 <-- 0.506963 s
currentSize : 28 <-- 1.401240 s
currentSize : 29 <-- 1.795645 s
currentSize : 30 <-- 1.795938 s
currentSize : 31 <-- 2.636621 s
currentSize : 32 <-- 2.645992 s
currentSize : 33 <-- 95.381714 s
currentSize : 34 <-- 96.411766 s

TIMEOUT
maxsize : 34
nodes : 70118124.000000
filtered : 2351718640.000000
CCGP filtered : 1502565085.000000
CCGT filtered : 1143148353.000000
time : 1000.000000
