Parameters: GAD=1 vflib=1 dir=0 label=0 lowerbound=1 fileNameGp=../../cp2016-max-common-connected-subgraph-paper/datasets/graphsdb/mcs30/bvg/b03m/mcs30_b03m_s50.A05 fileNameGt=../../cp2016-max-common-connected-subgraph-paper/datasets/graphsdb/mcs30/bvg/b03m/mcs30_b03m_s50.B05
Reading graphs...
50 :  73
50 :  72
Initializing...
maxdom : 50
D->valSize : 2500
Solving...
currentSize : 23 <-- 0.098530 s
currentSize : 24 <-- 0.098604 s
currentSize : 27 <-- 0.102567 s
currentSize : 28 <-- 0.102857 s
currentSize : 29 <-- 0.103589 s
currentSize : 30 <-- 0.109329 s
currentSize : 31 <-- 0.273423 s
currentSize : 32 <-- 0.783281 s
currentSize : 33 <-- 1.977352 s
currentSize : 34 <-- 2.263292 s
currentSize : 35 <-- 2.266344 s
currentSize : 36 <-- 774.957642 s

TIMEOUT
maxsize : 36
nodes : 61569827.000000
filtered : 2421230589.000000
CCGP filtered : 2228163861.000000
CCGT filtered : 1479783654.000000
time : 1000.000000
