Parameters: GAD=1 vflib=1 dir=0 label=0 lowerbound=1 fileNameGp=../../cp2016-max-common-connected-subgraph-paper/datasets/graphsdb/mcs30/rand/r005/mcs30_r005_s30.A06 fileNameGt=../../cp2016-max-common-connected-subgraph-paper/datasets/graphsdb/mcs30/rand/r005/mcs30_r005_s30.B06
Reading graphs...
30 :  46
30 :  46
Initializing...
maxdom : 30
D->valSize : 900
Solving...
currentSize : 6 <-- 0.019478 s
currentSize : 7 <-- 0.019550 s
currentSize : 9 <-- 0.019609 s
currentSize : 12 <-- 0.019858 s
currentSize : 17 <-- 0.019913 s
currentSize : 18 <-- 0.031821 s
currentSize : 19 <-- 0.036948 s
currentSize : 20 <-- 0.039684 s
currentSize : 21 <-- 2.404073 s

maxsize : 21
nodes : 620311.000000
filtered : 15565033.000000
CCGP filtered : 7627867.000000
CCGT filtered : 11321134.000000
time : 6.382972
