Parameters: GAD=1 vflib=1 dir=0 label=0 lowerbound=1 fileNameGp=../../cp2016-max-common-connected-subgraph-paper/datasets/graphsdb/mcs30/m4D/m4Dr4/mcs30_m4Dr4_s50.A02 fileNameGt=../../cp2016-max-common-connected-subgraph-paper/datasets/graphsdb/mcs30/m4D/m4Dr4/mcs30_m4Dr4_s50.B02
Reading graphs...
50 :  106
50 :  105
Initializing...
maxdom : 50
D->valSize : 2500
Solving...
currentSize : 21 <-- 0.149889 s
currentSize : 22 <-- 0.151075 s
currentSize : 23 <-- 0.153758 s
currentSize : 24 <-- 0.210518 s
currentSize : 25 <-- 0.239597 s
currentSize : 26 <-- 0.247922 s
currentSize : 27 <-- 0.277032 s
currentSize : 28 <-- 0.295647 s
currentSize : 29 <-- 0.552729 s
currentSize : 30 <-- 0.971663 s
currentSize : 31 <-- 90.640984 s
currentSize : 32 <-- 409.523102 s

TIMEOUT
maxsize : 32
nodes : 68355942.000000
filtered : 2138194146.000000
CCGP filtered : 874749921.000000
CCGT filtered : 922557384.000000
time : 1000.000000
