Parameters: GAD=1 vflib=1 dir=0 label=0 lowerbound=1 fileNameGp=../../cp2016-max-common-connected-subgraph-paper/datasets/graphsdb/mcs30/m3D/m3Dr4/mcs30_m3Dr4_s30.A07 fileNameGt=../../cp2016-max-common-connected-subgraph-paper/datasets/graphsdb/mcs30/m3D/m3Dr4/mcs30_m3Dr4_s30.B07
Reading graphs...
30 :  69
30 :  68
Initializing...
maxdom : 30
D->valSize : 900
Solving...
currentSize : 12 <-- 0.010415 s
currentSize : 13 <-- 0.010520 s
currentSize : 14 <-- 0.011075 s
currentSize : 15 <-- 0.011694 s
currentSize : 16 <-- 0.028296 s
currentSize : 17 <-- 0.122255 s
currentSize : 18 <-- 1.479792 s
currentSize : 19 <-- 4.208579 s
currentSize : 20 <-- 104.879890 s

maxsize : 20
nodes : 16998626.000000
filtered : 385808610.000000
CCGP filtered : 40005339.000000
CCGT filtered : 22480500.000000
time : 143.630081
