Parameters: GAD=1 vflib=1 dir=0 label=0 lowerbound=1 fileNameGp=../../cp2016-max-common-connected-subgraph-paper/datasets/graphsdb/mcs30/m2D/m2Dr2/mcs30_m2Dr2_s50.A04 fileNameGt=../../cp2016-max-common-connected-subgraph-paper/datasets/graphsdb/mcs30/m2D/m2Dr2/mcs30_m2Dr2_s50.B04
Reading graphs...
50 :  93
50 :  94
Initializing...
maxdom : 50
D->valSize : 2500
Solving...
currentSize : 23 <-- 0.120170 s
currentSize : 24 <-- 0.120450 s
currentSize : 25 <-- 0.121054 s
currentSize : 26 <-- 0.130914 s
currentSize : 27 <-- 0.131542 s
currentSize : 28 <-- 0.329578 s
currentSize : 29 <-- 0.727867 s
currentSize : 30 <-- 1.444011 s
currentSize : 31 <-- 1.541509 s
currentSize : 32 <-- 167.041580 s
currentSize : 33 <-- 167.692627 s

TIMEOUT
maxsize : 33
nodes : 65706735.000000
filtered : 2315292490.000000
CCGP filtered : 941030918.000000
CCGT filtered : 842022944.000000
time : 1000.000000
