Parameters: GAD=1 vflib=1 dir=0 label=0 lowerbound=1 fileNameGp=../../cp2016-max-common-connected-subgraph-paper/datasets/graphsdb/mcs30/m4D/m4Dr4/mcs30_m4Dr4_s50.A09 fileNameGt=../../cp2016-max-common-connected-subgraph-paper/datasets/graphsdb/mcs30/m4D/m4Dr4/mcs30_m4Dr4_s50.B09
Reading graphs...
50 :  105
50 :  106
Initializing...
maxdom : 50
D->valSize : 2500
Solving...
currentSize : 21 <-- 0.161006 s
currentSize : 22 <-- 0.161297 s
currentSize : 23 <-- 0.161679 s
currentSize : 24 <-- 0.189632 s
currentSize : 25 <-- 0.189934 s
currentSize : 26 <-- 0.191194 s
currentSize : 27 <-- 0.207488 s
currentSize : 28 <-- 0.234099 s
currentSize : 29 <-- 0.235506 s
currentSize : 30 <-- 8.475281 s
currentSize : 31 <-- 11.958577 s

TIMEOUT
maxsize : 31
nodes : 70655230.000000
filtered : 2226030537.000000
CCGP filtered : 868335282.000000
CCGT filtered : 521855375.000000
time : 1000.000000
