Parameters: GAD=1 vflib=1 dir=0 label=0 lowerbound=1 fileNameGp=../../cp2016-max-common-connected-subgraph-paper/datasets/graphsdb/mcs30/bvg/b03/mcs30_b03_s35.A03 fileNameGt=../../cp2016-max-common-connected-subgraph-paper/datasets/graphsdb/mcs30/bvg/b03/mcs30_b03_s35.B03
Reading graphs...
35 :  52
35 :  52
Initializing...
maxdom : 35
D->valSize : 1225
Solving...
currentSize : 2 <-- 0.021069 s
currentSize : 17 <-- 0.021250 s
currentSize : 19 <-- 0.059195 s
currentSize : 20 <-- 0.113113 s
currentSize : 21 <-- 0.113231 s
currentSize : 22 <-- 0.114387 s
currentSize : 23 <-- 3.259777 s
currentSize : 24 <-- 5.624904 s
currentSize : 25 <-- 12.352784 s

maxsize : 25
nodes : 3588063.000000
filtered : 97077138.000000
CCGP filtered : 47794973.000000
CCGT filtered : 31871340.000000
time : 36.312485
