Parameters: GAD=1 vflib=1 dir=0 label=0 lowerbound=1 fileNameGp=../../cp2016-max-common-connected-subgraph-paper/datasets/graphsdb/mcs30/rand/r005/mcs30_r005_s35.A07 fileNameGt=../../cp2016-max-common-connected-subgraph-paper/datasets/graphsdb/mcs30/rand/r005/mcs30_r005_s35.B07
Reading graphs...
35 :  62
35 :  62
Initializing...
maxdom : 35
D->valSize : 1225
Solving...
currentSize : 15 <-- 0.020448 s
currentSize : 16 <-- 0.020599 s
currentSize : 17 <-- 0.020622 s
currentSize : 18 <-- 0.020670 s
currentSize : 19 <-- 0.021115 s
currentSize : 20 <-- 0.025021 s
currentSize : 21 <-- 0.040409 s
currentSize : 22 <-- 0.090629 s
currentSize : 23 <-- 0.217044 s
currentSize : 24 <-- 4.902941 s
currentSize : 25 <-- 11.301383 s

maxsize : 25
nodes : 17865899.000000
filtered : 579109718.000000
CCGP filtered : 142198983.000000
CCGT filtered : 87691395.000000
time : 181.770096
