Parameters: GAD=1 vflib=1 dir=0 label=0 lowerbound=1 fileNameGp=../../cp2016-max-common-connected-subgraph-paper/datasets/graphsdb/mcs30/m3D/m3Dr4/mcs30_m3Dr4_s40.A07 fileNameGt=../../cp2016-max-common-connected-subgraph-paper/datasets/graphsdb/mcs30/m3D/m3Dr4/mcs30_m3Dr4_s40.B07
Reading graphs...
40 :  99
40 :  98
Initializing...
maxdom : 40
D->valSize : 1600
Solving...
currentSize : 13 <-- 0.034639 s
currentSize : 15 <-- 0.034685 s
currentSize : 16 <-- 0.034770 s
currentSize : 17 <-- 0.035099 s
currentSize : 19 <-- 0.035729 s
currentSize : 20 <-- 0.036017 s
currentSize : 21 <-- 0.062864 s
currentSize : 22 <-- 0.145405 s
currentSize : 23 <-- 2.833230 s
currentSize : 24 <-- 31.472252 s

TIMEOUT
maxsize : 24
nodes : 87858559.000000
filtered : 2347357131.000000
CCGP filtered : 303644663.000000
CCGT filtered : 320299580.000000
time : 1000.000000
