Parameters: GAD=1 vflib=1 dir=0 label=0 lowerbound=1 fileNameGp=../../cp2016-max-common-connected-subgraph-paper/datasets/graphsdb/mcs30/bvg/b03m/mcs30_b03m_s40.A08 fileNameGt=../../cp2016-max-common-connected-subgraph-paper/datasets/graphsdb/mcs30/bvg/b03m/mcs30_b03m_s40.B08
Reading graphs...
40 :  59
40 :  58
Initializing...
maxdom : 40
D->valSize : 1600
Solving...
currentSize : 9 <-- 0.036609 s
currentSize : 14 <-- 0.036714 s
currentSize : 16 <-- 0.036758 s
currentSize : 19 <-- 0.036815 s
currentSize : 20 <-- 0.036878 s
currentSize : 21 <-- 0.037192 s
currentSize : 22 <-- 0.064969 s
currentSize : 23 <-- 0.065254 s
currentSize : 24 <-- 0.630526 s
currentSize : 25 <-- 0.630928 s
currentSize : 26 <-- 1.403185 s
currentSize : 27 <-- 1.919090 s
currentSize : 28 <-- 1.921667 s
currentSize : 29 <-- 4.317917 s

maxsize : 29
nodes : 11689391.000000
filtered : 448028691.000000
CCGP filtered : 332374763.000000
CCGT filtered : 229668336.000000
time : 157.416397
