Parameters: GAD=1 vflib=1 dir=0 label=0 lowerbound=1 fileNameGp=../../cp2016-max-common-connected-subgraph-paper/datasets/graphsdb/mcs30/rand/r005/mcs30_r005_s30.A00 fileNameGt=../../cp2016-max-common-connected-subgraph-paper/datasets/graphsdb/mcs30/rand/r005/mcs30_r005_s30.B00
Reading graphs...
30 :  47
30 :  48
Initializing...
maxdom : 30
D->valSize : 900
Solving...
currentSize : 12 <-- 0.019831 s
currentSize : 13 <-- 0.020059 s
currentSize : 14 <-- 0.020869 s
currentSize : 15 <-- 0.021237 s
currentSize : 16 <-- 0.026256 s
currentSize : 17 <-- 0.027139 s
currentSize : 18 <-- 0.225583 s
currentSize : 19 <-- 0.464287 s
currentSize : 20 <-- 1.524282 s
currentSize : 21 <-- 19.449486 s

maxsize : 21
nodes : 3263741.000000
filtered : 77864596.000000
CCGP filtered : 44078297.000000
CCGT filtered : 37001952.000000
time : 29.888388
