Parameters: GAD=1 vflib=1 dir=0 label=0 lowerbound=1 fileNameGp=../../cp2016-max-common-connected-subgraph-paper/datasets/graphsdb/mcs30/m3D/m3Dr4/mcs30_m3Dr4_s30.A08 fileNameGt=../../cp2016-max-common-connected-subgraph-paper/datasets/graphsdb/mcs30/m3D/m3Dr4/mcs30_m3Dr4_s30.B08
Reading graphs...
30 :  72
30 :  71
Initializing...
maxdom : 30
D->valSize : 900
Solving...
currentSize : 11 <-- 0.010422 s
currentSize : 12 <-- 0.010574 s
currentSize : 13 <-- 0.010673 s
currentSize : 14 <-- 0.013413 s
currentSize : 15 <-- 0.047133 s
currentSize : 16 <-- 0.097624 s
currentSize : 17 <-- 0.441102 s
currentSize : 18 <-- 0.683776 s
currentSize : 19 <-- 5.101644 s

maxsize : 19
nodes : 9604245.000000
filtered : 253916071.000000
CCGP filtered : 34023305.000000
CCGT filtered : 29116817.000000
time : 85.771729
