Parameters: GAD=1 vflib=1 dir=0 label=0 lowerbound=1 fileNameGp=../../cp2016-max-common-connected-subgraph-paper/datasets/graphsdb/mcs30/m2D/m2Dr4/mcs30_m2Dr4_s50.A09 fileNameGt=../../cp2016-max-common-connected-subgraph-paper/datasets/graphsdb/mcs30/m2D/m2Dr4/mcs30_m2Dr4_s50.B09
Reading graphs...
50 :  105
50 :  100
Initializing...
maxdom : 50
D->valSize : 2500
Solving...
currentSize : 20 <-- 0.095291 s
currentSize : 22 <-- 0.095485 s
currentSize : 23 <-- 0.097390 s
currentSize : 24 <-- 0.102760 s
currentSize : 25 <-- 0.126330 s
currentSize : 27 <-- 0.129020 s
currentSize : 28 <-- 0.843427 s
currentSize : 29 <-- 2.498962 s
currentSize : 30 <-- 5.708588 s
currentSize : 31 <-- 11.847082 s
currentSize : 32 <-- 506.636078 s
currentSize : 33 <-- 632.094116 s

TIMEOUT
maxsize : 33
nodes : 68055713.000000
filtered : 2378669909.000000
CCGP filtered : 832986679.000000
CCGT filtered : 627125001.000000
time : 1000.000000
