Parameters: GAD=1 vflib=1 dir=0 label=0 lowerbound=1 fileNameGp=../../cp2016-max-common-connected-subgraph-paper/datasets/graphsdb/mcs30/rand/r005/mcs30_r005_s50.A07 fileNameGt=../../cp2016-max-common-connected-subgraph-paper/datasets/graphsdb/mcs30/rand/r005/mcs30_r005_s50.B07
Reading graphs...
50 :  123
50 :  125
Initializing...
maxdom : 50
D->valSize : 2500
Solving...
currentSize : 16 <-- 0.093019 s
currentSize : 19 <-- 0.093239 s
currentSize : 21 <-- 0.093608 s
currentSize : 22 <-- 0.108869 s
currentSize : 23 <-- 0.138467 s
currentSize : 24 <-- 0.427725 s
currentSize : 25 <-- 0.459664 s
currentSize : 26 <-- 4.473460 s
currentSize : 27 <-- 5.134400 s
currentSize : 28 <-- 167.968750 s
currentSize : 29 <-- 915.743225 s

TIMEOUT
maxsize : 29
nodes : 70715328.000000
filtered : 1696070251.000000
CCGP filtered : 429000343.000000
CCGT filtered : 548449094.000000
time : 1000.000000
