Parameters: GAD=1 vflib=1 dir=0 label=0 lowerbound=1 fileNameGp=../../cp2016-max-common-connected-subgraph-paper/datasets/graphsdb/mcs30/m3D/m3Dr4/mcs30_m3Dr4_s30.A00 fileNameGt=../../cp2016-max-common-connected-subgraph-paper/datasets/graphsdb/mcs30/m3D/m3Dr4/mcs30_m3Dr4_s30.B00
Reading graphs...
30 :  70
30 :  70
Initializing...
maxdom : 30
D->valSize : 900
Solving...
currentSize : 11 <-- 0.010567 s
currentSize : 13 <-- 0.010599 s
currentSize : 14 <-- 0.010662 s
currentSize : 15 <-- 0.011621 s
currentSize : 16 <-- 0.018786 s
currentSize : 17 <-- 0.034402 s
currentSize : 18 <-- 0.137424 s
currentSize : 19 <-- 0.394706 s
currentSize : 20 <-- 39.859940 s

maxsize : 20
nodes : 8172640.000000
filtered : 215402415.000000
CCGP filtered : 24050139.000000
CCGT filtered : 21375892.000000
time : 75.686432
