Parameters: GAD=1 vflib=1 dir=0 label=0 lowerbound=1 fileNameGp=../../cp2016-max-common-connected-subgraph-paper/datasets/graphsdb/mcs30/m4D/m4Dr6/mcs30_m4Dr6_s50.A01 fileNameGt=../../cp2016-max-common-connected-subgraph-paper/datasets/graphsdb/mcs30/m4D/m4Dr6/mcs30_m4Dr6_s50.B01
Reading graphs...
50 :  113
50 :  110
Initializing...
maxdom : 50
D->valSize : 2500
Solving...
currentSize : 21 <-- 0.116880 s
currentSize : 22 <-- 0.116989 s
currentSize : 23 <-- 0.117356 s
currentSize : 24 <-- 0.119333 s
currentSize : 25 <-- 0.137912 s
currentSize : 26 <-- 0.287554 s
currentSize : 27 <-- 12.074757 s
currentSize : 28 <-- 12.375764 s
currentSize : 29 <-- 42.596760 s
currentSize : 30 <-- 65.126930 s
currentSize : 31 <-- 624.699280 s

TIMEOUT
maxsize : 31
nodes : 70180154.000000
filtered : 2112817972.000000
CCGP filtered : 435271464.000000
CCGT filtered : 508049740.000000
time : 1000.000000
