Parameters: GAD=1 vflib=1 dir=0 label=0 lowerbound=1 fileNameGp=../../cp2016-max-common-connected-subgraph-paper/datasets/graphsdb/mcs30/rand/r005/mcs30_r005_s50.A05 fileNameGt=../../cp2016-max-common-connected-subgraph-paper/datasets/graphsdb/mcs30/rand/r005/mcs30_r005_s50.B05
Reading graphs...
50 :  123
50 :  123
Initializing...
maxdom : 50
D->valSize : 2500
Solving...
currentSize : 20 <-- 0.093565 s
currentSize : 21 <-- 0.093801 s
currentSize : 22 <-- 0.093887 s
currentSize : 23 <-- 0.117819 s
currentSize : 24 <-- 0.118477 s
currentSize : 25 <-- 0.292366 s
currentSize : 26 <-- 0.578847 s
currentSize : 27 <-- 0.829406 s
currentSize : 28 <-- 5.234855 s
currentSize : 29 <-- 29.468019 s
currentSize : 30 <-- 350.691498 s

TIMEOUT
maxsize : 30
nodes : 71261255.000000
filtered : 2214295876.000000
CCGP filtered : 430325871.000000
CCGT filtered : 261912908.000000
time : 1000.000000
