Parameters: GAD=1 vflib=1 dir=0 label=0 lowerbound=1 fileNameGp=../../cp2016-max-common-connected-subgraph-paper/datasets/graphsdb/mcs30/bvg/b03/mcs30_b03_s40.A04 fileNameGt=../../cp2016-max-common-connected-subgraph-paper/datasets/graphsdb/mcs30/bvg/b03/mcs30_b03_s40.B04
Reading graphs...
40 :  59
40 :  59
Initializing...
maxdom : 40
D->valSize : 1600
Solving...
currentSize : 18 <-- 0.062937 s
currentSize : 19 <-- 0.063392 s
currentSize : 20 <-- 0.064366 s
currentSize : 21 <-- 0.160999 s
currentSize : 22 <-- 0.162567 s
currentSize : 23 <-- 0.359922 s
currentSize : 24 <-- 2.077032 s
currentSize : 25 <-- 6.858585 s
currentSize : 26 <-- 15.468350 s
currentSize : 27 <-- 21.052059 s
currentSize : 28 <-- 245.255188 s

maxsize : 28
nodes : 57602970.000000
filtered : 1782916897.000000
CCGP filtered : 1203839828.000000
CCGT filtered : 753551401.000000
time : 689.183044
