Parameters: GAD=1 vflib=1 dir=0 label=0 lowerbound=1 fileNameGp=../../cp2016-max-common-connected-subgraph-paper/datasets/graphsdb/mcs30/rand/r005/mcs30_r005_s30.A09 fileNameGt=../../cp2016-max-common-connected-subgraph-paper/datasets/graphsdb/mcs30/rand/r005/mcs30_r005_s30.B09
Reading graphs...
30 :  47
30 :  48
Initializing...
maxdom : 30
D->valSize : 900
Solving...
currentSize : 10 <-- 0.019209 s
currentSize : 13 <-- 0.019300 s
currentSize : 14 <-- 0.019333 s
currentSize : 15 <-- 0.020200 s
currentSize : 16 <-- 0.020403 s
currentSize : 17 <-- 0.020897 s
currentSize : 18 <-- 0.021574 s
currentSize : 19 <-- 0.089719 s
currentSize : 20 <-- 0.120424 s
currentSize : 21 <-- 0.182987 s

maxsize : 21
nodes : 2130832.000000
filtered : 47944195.000000
CCGP filtered : 16953489.000000
CCGT filtered : 8068064.000000
time : 16.512074
