Parameters: GAD=1 vflib=1 dir=0 label=0 lowerbound=1 fileNameGp=../../cp2016-max-common-connected-subgraph-paper/datasets/graphsdb/mcs30/bvg/b03m/mcs30_b03m_s35.A04 fileNameGt=../../cp2016-max-common-connected-subgraph-paper/datasets/graphsdb/mcs30/bvg/b03m/mcs30_b03m_s35.B04
Reading graphs...
35 :  51
35 :  51
Initializing...
maxdom : 35
D->valSize : 1225
Solving...
currentSize : 11 <-- 0.021056 s
currentSize : 13 <-- 0.021181 s
currentSize : 14 <-- 0.021251 s
currentSize : 15 <-- 0.021721 s
currentSize : 17 <-- 0.022143 s
currentSize : 18 <-- 0.022972 s
currentSize : 19 <-- 0.029245 s
currentSize : 20 <-- 0.029558 s
currentSize : 21 <-- 0.037577 s
currentSize : 22 <-- 0.040364 s
currentSize : 23 <-- 0.577273 s
currentSize : 24 <-- 1.089502 s
currentSize : 25 <-- 26.401684 s

maxsize : 25
nodes : 5753760.000000
filtered : 156424201.000000
CCGP filtered : 110100859.000000
CCGT filtered : 77144774.000000
time : 61.179474
