Parameters: GAD=1 vflib=1 dir=0 label=0 lowerbound=1 fileNameGp=../../cp2016-max-common-connected-subgraph-paper/datasets/graphsdb/mcs30/m2D/m2Dr6/mcs30_m2Dr6_s50.A08 fileNameGt=../../cp2016-max-common-connected-subgraph-paper/datasets/graphsdb/mcs30/m2D/m2Dr6/mcs30_m2Dr6_s50.B08
Reading graphs...
50 :  113
50 :  112
Initializing...
maxdom : 50
D->valSize : 2500
Solving...
currentSize : 20 <-- 0.109874 s
currentSize : 21 <-- 0.109972 s
currentSize : 22 <-- 0.110166 s
currentSize : 23 <-- 0.113974 s
currentSize : 24 <-- 0.114213 s
currentSize : 25 <-- 0.304624 s
currentSize : 26 <-- 2.338187 s
currentSize : 27 <-- 2.338374 s
currentSize : 28 <-- 2.902349 s
currentSize : 29 <-- 16.891596 s
currentSize : 30 <-- 456.310944 s

TIMEOUT
maxsize : 30
nodes : 73128163.000000
filtered : 1868138897.000000
CCGP filtered : 378481872.000000
CCGT filtered : 437129799.000000
time : 1000.000000
