Parameters: GAD=1 vflib=1 dir=0 label=0 lowerbound=1 fileNameGp=../../cp2016-max-common-connected-subgraph-paper/datasets/graphsdb/mcs30/rand/r005/mcs30_r005_s35.A00 fileNameGt=../../cp2016-max-common-connected-subgraph-paper/datasets/graphsdb/mcs30/rand/r005/mcs30_r005_s35.B00
Reading graphs...
35 :  62
35 :  62
Initializing...
maxdom : 35
D->valSize : 1225
Solving...
currentSize : 17 <-- 0.036519 s
currentSize : 18 <-- 0.036882 s
currentSize : 19 <-- 0.039412 s
currentSize : 20 <-- 0.040704 s
currentSize : 21 <-- 0.041979 s
currentSize : 22 <-- 0.473187 s
currentSize : 23 <-- 1.093543 s
currentSize : 24 <-- 5.841600 s
currentSize : 25 <-- 22.397184 s

maxsize : 25
nodes : 16256249.000000
filtered : 523241655.000000
CCGP filtered : 129448874.000000
CCGT filtered : 93031427.000000
time : 166.798553
