Parameters: GAD=1 vflib=1 dir=0 label=0 lowerbound=1 fileNameGp=../../cp2016-max-common-connected-subgraph-paper/datasets/graphsdb/mcs30/m2D/m2D/mcs30_m2D_s50.A09 fileNameGt=../../cp2016-max-common-connected-subgraph-paper/datasets/graphsdb/mcs30/m2D/m2D/mcs30_m2D_s50.B09
Reading graphs...
50 :  85
50 :  84
Initializing...
maxdom : 50
D->valSize : 2500
Solving...
currentSize : 21 <-- 0.097042 s
currentSize : 23 <-- 0.100389 s
currentSize : 24 <-- 0.101374 s
currentSize : 25 <-- 0.103992 s
currentSize : 26 <-- 0.165491 s
currentSize : 27 <-- 1.616233 s
currentSize : 28 <-- 1.617142 s
currentSize : 29 <-- 2.174541 s
currentSize : 30 <-- 2.748806 s
currentSize : 31 <-- 3.308400 s
currentSize : 32 <-- 8.343795 s
currentSize : 33 <-- 213.798798 s

TIMEOUT
maxsize : 33
nodes : 65886635.000000
filtered : 2049933495.000000
CCGP filtered : 1626339878.000000
CCGT filtered : 1317703037.000000
time : 1000.000000
