Parameters: GAD=1 vflib=1 dir=0 label=0 lowerbound=1 fileNameGp=../../cp2016-max-common-connected-subgraph-paper/datasets/graphsdb/mcs30/bvg/b09/mcs30_b09_s50.A09 fileNameGt=../../cp2016-max-common-connected-subgraph-paper/datasets/graphsdb/mcs30/bvg/b09/mcs30_b09_s50.B09
Reading graphs...
50 :  219
50 :  221
Initializing...
maxdom : 50
D->valSize : 2500
Solving...
currentSize : 14 <-- 0.085680 s
currentSize : 15 <-- 0.085731 s
currentSize : 16 <-- 0.086251 s
currentSize : 17 <-- 0.086309 s
currentSize : 18 <-- 0.089640 s
currentSize : 19 <-- 0.094927 s
currentSize : 20 <-- 0.103958 s
currentSize : 21 <-- 0.164834 s
currentSize : 22 <-- 4.798422 s
currentSize : 23 <-- 98.823723 s

TIMEOUT
maxsize : 23
nodes : 63556394.000000
filtered : 1571902163.000000
CCGP filtered : 117258661.000000
CCGT filtered : 81705750.000000
time : 1000.000000
