Parameters: GAD=1 vflib=1 dir=0 label=0 lowerbound=1 fileNameGp=../../cp2016-max-common-connected-subgraph-paper/datasets/graphsdb/mcs30/m2D/m2D/mcs30_m2D_s50.A06 fileNameGt=../../cp2016-max-common-connected-subgraph-paper/datasets/graphsdb/mcs30/m2D/m2D/mcs30_m2D_s50.B06
Reading graphs...
50 :  85
50 :  85
Initializing...
maxdom : 50
D->valSize : 2500
Solving...
currentSize : 17 <-- 0.098249 s
currentSize : 20 <-- 0.098508 s
currentSize : 21 <-- 0.098939 s
currentSize : 25 <-- 0.099091 s
currentSize : 26 <-- 0.099276 s
currentSize : 27 <-- 0.150375 s
currentSize : 28 <-- 0.605646 s
currentSize : 29 <-- 7.212745 s
currentSize : 30 <-- 30.092485 s
currentSize : 31 <-- 31.358484 s
currentSize : 32 <-- 31.382086 s
currentSize : 33 <-- 162.930969 s

TIMEOUT
maxsize : 33
nodes : 67978381.000000
filtered : 2068603431.000000
CCGP filtered : 1311874181.000000
CCGT filtered : 732554138.000000
time : 1000.000000
