Parameters: GAD=1 vflib=1 dir=0 label=0 lowerbound=1 fileNameGp=../../cp2016-max-common-connected-subgraph-paper/datasets/graphsdb/mcs30/m3D/m3D/mcs30_m3D_s30.A02 fileNameGt=../../cp2016-max-common-connected-subgraph-paper/datasets/graphsdb/mcs30/m3D/m3D/mcs30_m3D_s30.B02
Reading graphs...
30 :  59
30 :  59
Initializing...
maxdom : 30
D->valSize : 900
Solving...
currentSize : 11 <-- 0.018996 s
currentSize : 12 <-- 0.019220 s
currentSize : 13 <-- 0.019422 s
currentSize : 14 <-- 0.019606 s
currentSize : 15 <-- 0.020019 s
currentSize : 16 <-- 0.020487 s
currentSize : 17 <-- 0.040819 s
currentSize : 18 <-- 0.049769 s
currentSize : 19 <-- 0.341259 s
currentSize : 20 <-- 1.163693 s

maxsize : 20
nodes : 5820770.000000
filtered : 143702791.000000
CCGP filtered : 31930999.000000
CCGT filtered : 19449149.000000
time : 50.061054
