Parameters: GAD=1 vflib=1 dir=0 label=0 lowerbound=1 fileNameGp=../../cp2016-max-common-connected-subgraph-paper/datasets/graphsdb/mcs30/bvg/b03/mcs30_b03_s35.A06 fileNameGt=../../cp2016-max-common-connected-subgraph-paper/datasets/graphsdb/mcs30/bvg/b03/mcs30_b03_s35.B06
Reading graphs...
35 :  52
35 :  52
Initializing...
maxdom : 35
D->valSize : 1225
Solving...
currentSize : 12 <-- 0.021603 s
currentSize : 13 <-- 0.021666 s
currentSize : 16 <-- 0.021815 s
currentSize : 17 <-- 0.021851 s
currentSize : 19 <-- 0.023166 s
currentSize : 20 <-- 0.026473 s
currentSize : 21 <-- 0.031350 s
currentSize : 22 <-- 0.127952 s
currentSize : 23 <-- 0.133682 s
currentSize : 24 <-- 0.789713 s
currentSize : 25 <-- 8.199932 s
currentSize : 26 <-- 43.748020 s

maxsize : 26
nodes : 5951541.000000
filtered : 170295127.000000
CCGP filtered : 75508499.000000
CCGT filtered : 37295892.000000
time : 59.424408
