Parameters: GAD=1 vflib=1 dir=0 label=0 lowerbound=1 fileNameGp=../../cp2016-max-common-connected-subgraph-paper/datasets/graphsdb/mcs30/rand/r005/mcs30_r005_s50.A06 fileNameGt=../../cp2016-max-common-connected-subgraph-paper/datasets/graphsdb/mcs30/rand/r005/mcs30_r005_s50.B06
Reading graphs...
50 :  123
50 :  123
Initializing...
maxdom : 50
D->valSize : 2500
Solving...
currentSize : 19 <-- 0.114139 s
currentSize : 20 <-- 0.114582 s
currentSize : 21 <-- 0.114701 s
currentSize : 23 <-- 0.115224 s
currentSize : 24 <-- 0.122128 s
currentSize : 25 <-- 0.183542 s
currentSize : 26 <-- 0.216414 s
currentSize : 27 <-- 2.284665 s
currentSize : 28 <-- 35.135666 s
currentSize : 29 <-- 105.271179 s

TIMEOUT
maxsize : 29
nodes : 72526495.000000
filtered : 2062426313.000000
CCGP filtered : 423235672.000000
CCGT filtered : 309817745.000000
time : 1000.000000
