Parameters: GAD=1 vflib=1 dir=0 label=0 lowerbound=1 fileNameGp=../../cp2016-max-common-connected-subgraph-paper/datasets/graphsdb/mcs30/bvg/b03m/mcs30_b03m_s35.A01 fileNameGt=../../cp2016-max-common-connected-subgraph-paper/datasets/graphsdb/mcs30/bvg/b03m/mcs30_b03m_s35.B01
Reading graphs...
35 :  52
35 :  52
Initializing...
maxdom : 35
D->valSize : 1225
Solving...
currentSize : 13 <-- 0.020881 s
currentSize : 15 <-- 0.020916 s
currentSize : 18 <-- 0.021902 s
currentSize : 19 <-- 0.029245 s
currentSize : 20 <-- 0.029327 s
currentSize : 21 <-- 0.031349 s
currentSize : 22 <-- 0.031421 s
currentSize : 23 <-- 0.059319 s
currentSize : 24 <-- 1.306379 s
currentSize : 25 <-- 22.403856 s

maxsize : 25
nodes : 5835138.000000
filtered : 153647358.000000
CCGP filtered : 124640714.000000
CCGT filtered : 60743229.000000
time : 60.654785
