Parameters: GAD=1 vflib=1 dir=0 label=0 lowerbound=1 fileNameGp=../../cp2016-max-common-connected-subgraph-paper/datasets/graphsdb/mcs30/bvg/b03m/mcs30_b03m_s35.A03 fileNameGt=../../cp2016-max-common-connected-subgraph-paper/datasets/graphsdb/mcs30/bvg/b03m/mcs30_b03m_s35.B03
Reading graphs...
35 :  52
35 :  52
Initializing...
maxdom : 35
D->valSize : 1225
Solving...
currentSize : 14 <-- 0.021060 s
currentSize : 16 <-- 0.021124 s
currentSize : 17 <-- 0.021782 s
currentSize : 18 <-- 0.022087 s
currentSize : 20 <-- 0.025924 s
currentSize : 21 <-- 0.038700 s
currentSize : 22 <-- 0.038937 s
currentSize : 24 <-- 0.396216 s
currentSize : 25 <-- 1.702653 s
currentSize : 26 <-- 8.710459 s

maxsize : 26
nodes : 2236857.000000
filtered : 73586196.000000
CCGP filtered : 37581932.000000
CCGT filtered : 23258195.000000
time : 24.063663
