Parameters: GAD=1 vflib=1 dir=0 label=0 lowerbound=1 fileNameGp=../../cp2016-max-common-connected-subgraph-paper/datasets/graphsdb/mcs30/m4D/m4Dr6/mcs30_m4Dr6_s50.A03 fileNameGt=../../cp2016-max-common-connected-subgraph-paper/datasets/graphsdb/mcs30/m4D/m4Dr6/mcs30_m4Dr6_s50.B03
Reading graphs...
50 :  114
50 :  112
Initializing...
maxdom : 50
D->valSize : 2500
Solving...
currentSize : 17 <-- 0.115449 s
currentSize : 19 <-- 0.115517 s
currentSize : 22 <-- 0.115673 s
currentSize : 23 <-- 0.115770 s
currentSize : 24 <-- 0.116114 s
currentSize : 25 <-- 0.120736 s
currentSize : 26 <-- 0.830123 s
currentSize : 27 <-- 3.194989 s
currentSize : 28 <-- 37.751965 s
currentSize : 29 <-- 43.104656 s
currentSize : 30 <-- 331.779022 s
currentSize : 31 <-- 908.542847 s

TIMEOUT
maxsize : 31
nodes : 66649892.000000
filtered : 2100319554.000000
CCGP filtered : 1014095425.000000
CCGT filtered : 826073372.000000
time : 1000.000000
