Parameters: GAD=1 vflib=1 dir=0 label=0 lowerbound=1 fileNameGp=../../cp2016-max-common-connected-subgraph-paper/datasets/graphsdb/mcs30/rand/r005/mcs30_r005_s35.A09 fileNameGt=../../cp2016-max-common-connected-subgraph-paper/datasets/graphsdb/mcs30/rand/r005/mcs30_r005_s35.B09
Reading graphs...
35 :  63
35 :  63
Initializing...
maxdom : 35
D->valSize : 1225
Solving...
currentSize : 16 <-- 0.020412 s
currentSize : 17 <-- 0.021632 s
currentSize : 18 <-- 0.049858 s
currentSize : 19 <-- 0.104029 s
currentSize : 20 <-- 0.117023 s
currentSize : 21 <-- 0.213510 s
currentSize : 22 <-- 0.985428 s
currentSize : 23 <-- 2.908395 s
currentSize : 24 <-- 19.131880 s

maxsize : 24
nodes : 17117126.000000
filtered : 491431790.000000
CCGP filtered : 163983802.000000
CCGT filtered : 132688361.000000
time : 177.861908
