Parameters: GAD=1 vflib=1 dir=0 label=0 lowerbound=1 fileNameGp=../../cp2016-max-common-connected-subgraph-paper/datasets/graphsdb/mcs30/bvg/b03/mcs30_b03_s50.A08 fileNameGt=../../cp2016-max-common-connected-subgraph-paper/datasets/graphsdb/mcs30/bvg/b03/mcs30_b03_s50.B08
Reading graphs...
50 :  75
50 :  75
Initializing...
maxdom : 50
D->valSize : 2500
Solving...
currentSize : 23 <-- 0.127756 s
currentSize : 24 <-- 0.127916 s
currentSize : 27 <-- 0.128270 s
currentSize : 28 <-- 0.142833 s
currentSize : 29 <-- 0.145369 s
currentSize : 30 <-- 0.174991 s
currentSize : 31 <-- 0.643196 s
currentSize : 32 <-- 5.105550 s
currentSize : 33 <-- 421.119690 s
currentSize : 34 <-- 698.807129 s

TIMEOUT
maxsize : 34
nodes : 71023936.000000
filtered : 1959129554.000000
CCGP filtered : 2503044409.000000
CCGT filtered : 1193454028.000000
time : 1000.000000
