Parameters: GAD=1 vflib=1 dir=0 label=0 lowerbound=1 fileNameGp=../../cp2016-max-common-connected-subgraph-paper/datasets/graphsdb/mcs30/bvg/b06m/mcs30_b06m_s50.A02 fileNameGt=../../cp2016-max-common-connected-subgraph-paper/datasets/graphsdb/mcs30/bvg/b06m/mcs30_b06m_s50.B02
Reading graphs...
50 :  145
50 :  147
Initializing...
maxdom : 50
D->valSize : 2500
Solving...
currentSize : 18 <-- 0.092213 s
currentSize : 19 <-- 0.092331 s
currentSize : 20 <-- 0.093148 s
currentSize : 21 <-- 0.093925 s
currentSize : 22 <-- 0.105816 s
currentSize : 23 <-- 0.183478 s
currentSize : 24 <-- 0.342710 s
currentSize : 25 <-- 2.376103 s
currentSize : 26 <-- 3.268384 s
currentSize : 27 <-- 175.832077 s
currentSize : 28 <-- 176.117004 s
currentSize : 29 <-- 203.464478 s

TIMEOUT
maxsize : 29
nodes : 70568329.000000
filtered : 1910248008.000000
CCGP filtered : 264063908.000000
CCGT filtered : 311950284.000000
time : 1000.000000
