Parameters: GAD=1 vflib=1 dir=0 label=0 lowerbound=1 fileNameGp=../../cp2016-max-common-connected-subgraph-paper/datasets/graphsdb/mcs30/bvg/b06/mcs30_b06_s40.A09 fileNameGt=../../cp2016-max-common-connected-subgraph-paper/datasets/graphsdb/mcs30/bvg/b06/mcs30_b06_s40.B09
Reading graphs...
40 :  118
40 :  120
Initializing...
maxdom : 40
D->valSize : 1600
Solving...
currentSize : 14 <-- 0.033818 s
currentSize : 15 <-- 0.033860 s
currentSize : 16 <-- 0.034422 s
currentSize : 17 <-- 0.038435 s
currentSize : 18 <-- 0.038562 s
currentSize : 19 <-- 0.052239 s
currentSize : 20 <-- 0.126465 s
currentSize : 21 <-- 0.304347 s
currentSize : 22 <-- 74.419617 s
currentSize : 23 <-- 74.446701 s

TIMEOUT
maxsize : 23
nodes : 78357588.000000
filtered : 2334086766.000000
CCGP filtered : 254648633.000000
CCGT filtered : 359049619.000000
time : 1000.000000
