Parameters: GAD=1 vflib=1 dir=0 label=0 lowerbound=1 fileNameGp=../../cp2016-max-common-connected-subgraph-paper/datasets/graphsdb/mcs30/m4D/m4Dr2/mcs30_m4Dr2_s50.A09 fileNameGt=../../cp2016-max-common-connected-subgraph-paper/datasets/graphsdb/mcs30/m4D/m4Dr2/mcs30_m4Dr2_s50.B09
Reading graphs...
50 :  96
50 :  95
Initializing...
maxdom : 50
D->valSize : 2500
Solving...
currentSize : 19 <-- 0.164754 s
currentSize : 20 <-- 0.165151 s
currentSize : 22 <-- 0.166269 s
currentSize : 23 <-- 0.166515 s
currentSize : 24 <-- 0.195215 s
currentSize : 25 <-- 0.210582 s
currentSize : 26 <-- 1.273721 s
currentSize : 27 <-- 1.806637 s
currentSize : 28 <-- 2.750999 s
currentSize : 29 <-- 10.634501 s
currentSize : 30 <-- 21.555180 s
currentSize : 31 <-- 31.448456 s
currentSize : 32 <-- 31.986609 s
currentSize : 33 <-- 31.994995 s

TIMEOUT
maxsize : 33
nodes : 61451544.000000
filtered : 2503436324.000000
CCGP filtered : 2103613269.000000
CCGT filtered : 1164348045.000000
time : 1000.000000
