Parameters: GAD=1 vflib=1 dir=0 label=0 lowerbound=1 fileNameGp=../../cp2016-max-common-connected-subgraph-paper/datasets/graphsdb/mcs30/m2D/m2Dr4/mcs30_m2Dr4_s50.A01 fileNameGt=../../cp2016-max-common-connected-subgraph-paper/datasets/graphsdb/mcs30/m2D/m2Dr4/mcs30_m2Dr4_s50.B01
Reading graphs...
50 :  105
50 :  104
Initializing...
maxdom : 50
D->valSize : 2500
Solving...
currentSize : 17 <-- 0.094711 s
currentSize : 18 <-- 0.094791 s
currentSize : 19 <-- 0.094909 s
currentSize : 23 <-- 0.095021 s
currentSize : 24 <-- 0.095169 s
currentSize : 25 <-- 0.097504 s
currentSize : 26 <-- 0.123477 s
currentSize : 27 <-- 0.925453 s
currentSize : 28 <-- 0.952408 s
currentSize : 29 <-- 11.740211 s
currentSize : 30 <-- 11.814398 s
currentSize : 31 <-- 36.500828 s
currentSize : 32 <-- 752.051331 s

TIMEOUT
maxsize : 32
nodes : 71615165.000000
filtered : 2137316576.000000
CCGP filtered : 911200595.000000
CCGT filtered : 401018761.000000
time : 1000.000000
