Parameters: GAD=1 vflib=1 dir=0 label=0 lowerbound=1 fileNameGp=../../cp2016-max-common-connected-subgraph-paper/datasets/graphsdb/mcs30/m4D/m4D/mcs30_m4D_s50.A01 fileNameGt=../../cp2016-max-common-connected-subgraph-paper/datasets/graphsdb/mcs30/m4D/m4D/mcs30_m4D_s50.B01
Reading graphs...
50 :  87
50 :  87
Initializing...
maxdom : 50
D->valSize : 2500
Solving...
currentSize : 22 <-- 0.097116 s
currentSize : 23 <-- 0.097320 s
currentSize : 26 <-- 0.097488 s
currentSize : 27 <-- 0.098032 s
currentSize : 28 <-- 0.183215 s
currentSize : 29 <-- 0.608182 s
currentSize : 30 <-- 1.916838 s
currentSize : 31 <-- 7.871864 s
currentSize : 32 <-- 395.527008 s
currentSize : 33 <-- 912.892395 s

TIMEOUT
maxsize : 33
nodes : 70249066.000000
filtered : 2253841814.000000
CCGP filtered : 2435323310.000000
CCGT filtered : 987007784.000000
time : 1000.000000
