Parameters: GAD=1 vflib=1 dir=0 label=0 lowerbound=1 fileNameGp=../../cp2016-max-common-connected-subgraph-paper/datasets/graphsdb/mcs50/bvg/b06m/mcs50_b06m_s50.A00 fileNameGt=../../cp2016-max-common-connected-subgraph-paper/datasets/graphsdb/mcs50/bvg/b06m/mcs50_b06m_s50.B00
Reading graphs...
50 :  146
50 :  145
Initializing...
maxdom : 50
D->valSize : 2500
Solving...
currentSize : 18 <-- 0.113150 s
currentSize : 20 <-- 0.113439 s
currentSize : 21 <-- 0.114056 s
currentSize : 22 <-- 0.115079 s
currentSize : 23 <-- 0.115160 s
currentSize : 24 <-- 0.129264 s
currentSize : 25 <-- 0.169474 s
currentSize : 26 <-- 5.668309 s
currentSize : 27 <-- 14.769733 s
currentSize : 28 <-- 705.728638 s

TIMEOUT
maxsize : 28
nodes : 68687738.000000
filtered : 1771702215.000000
CCGP filtered : 387306268.000000
CCGT filtered : 252226940.000000
time : 1000.000000
