Parameters: GAD=1 vflib=1 dir=0 label=0 lowerbound=1 fileNameGp=../../cp2016-max-common-connected-subgraph-paper/datasets/graphsdb/mcs50/bvg/b09/mcs50_b09_s30.A08 fileNameGt=../../cp2016-max-common-connected-subgraph-paper/datasets/graphsdb/mcs50/bvg/b09/mcs50_b09_s30.B08
Reading graphs...
30 :  133
30 :  129
Initializing...
maxdom : 30
D->valSize : 900
Solving...
currentSize : 8 <-- 0.009485 s
currentSize : 9 <-- 0.009533 s
currentSize : 10 <-- 0.009805 s
currentSize : 11 <-- 0.009926 s
currentSize : 12 <-- 0.009946 s
currentSize : 14 <-- 0.010032 s
currentSize : 15 <-- 0.571518 s
currentSize : 16 <-- 0.665575 s
currentSize : 17 <-- 4.190219 s

maxsize : 17
nodes : 9176798.000000
filtered : 219410685.000000
CCGP filtered : 2818726.000000
CCGT filtered : 1697683.000000
time : 90.648880
