Parameters: GAD=1 vflib=1 dir=0 label=0 lowerbound=1 fileNameGp=../../cp2016-max-common-connected-subgraph-paper/datasets/graphsdb/mcs50/m4D/m4Dr6/mcs50_m4Dr6_s35.A04 fileNameGt=../../cp2016-max-common-connected-subgraph-paper/datasets/graphsdb/mcs50/m4D/m4Dr6/mcs50_m4Dr6_s35.B04
Reading graphs...
35 :  80
35 :  79
Initializing...
maxdom : 35
D->valSize : 1225
Solving...
currentSize : 15 <-- 0.019971 s
currentSize : 16 <-- 0.021038 s
currentSize : 17 <-- 0.021069 s
currentSize : 18 <-- 0.021529 s
currentSize : 19 <-- 0.029265 s
currentSize : 20 <-- 0.427403 s
currentSize : 21 <-- 2.725885 s
currentSize : 22 <-- 5.532875 s
currentSize : 23 <-- 20.377012 s

maxsize : 23
nodes : 53061144.000000
filtered : 1645515158.000000
CCGP filtered : 221453304.000000
CCGT filtered : 187813648.000000
time : 538.093811
