Parameters: GAD=1 vflib=1 dir=0 label=0 lowerbound=1 fileNameGp=../../cp2016-max-common-connected-subgraph-paper/datasets/graphsdb/mcs50/bvg/b03m/mcs50_b03m_s50.A00 fileNameGt=../../cp2016-max-common-connected-subgraph-paper/datasets/graphsdb/mcs50/bvg/b03m/mcs50_b03m_s50.B00
Reading graphs...
50 :  74
50 :  74
Initializing...
maxdom : 50
D->valSize : 2500
Solving...
currentSize : 11 <-- 0.099569 s
currentSize : 13 <-- 0.099614 s
currentSize : 14 <-- 0.099851 s
currentSize : 15 <-- 0.100502 s
currentSize : 18 <-- 0.101567 s
currentSize : 20 <-- 0.101773 s
currentSize : 25 <-- 0.101820 s
currentSize : 26 <-- 0.102033 s
currentSize : 27 <-- 0.102131 s
currentSize : 28 <-- 0.145188 s
currentSize : 29 <-- 1.433859 s
currentSize : 30 <-- 5.853469 s
currentSize : 31 <-- 58.589779 s
currentSize : 32 <-- 77.377846 s
currentSize : 33 <-- 130.991196 s

TIMEOUT
maxsize : 33
nodes : 69562440.000000
filtered : 1750416697.000000
CCGP filtered : 2043378021.000000
CCGT filtered : 1400340832.000000
time : 1000.000000
