Parameters: GAD=1 vflib=1 dir=0 label=0 lowerbound=1 fileNameGp=../../cp2016-max-common-connected-subgraph-paper/datasets/graphsdb/mcs50/m4D/m4Dr2/mcs50_m4Dr2_s30.A03 fileNameGt=../../cp2016-max-common-connected-subgraph-paper/datasets/graphsdb/mcs50/m4D/m4Dr2/mcs50_m4Dr2_s30.B03
Reading graphs...
30 :  61
30 :  59
Initializing...
maxdom : 30
D->valSize : 900
Solving...
currentSize : 8 <-- 0.010563 s
currentSize : 13 <-- 0.010731 s
currentSize : 14 <-- 0.012942 s
currentSize : 15 <-- 0.024859 s
currentSize : 16 <-- 0.028184 s
currentSize : 17 <-- 0.116949 s
currentSize : 18 <-- 0.440089 s
currentSize : 19 <-- 0.756906 s
currentSize : 20 <-- 11.387832 s

maxsize : 20
nodes : 2555441.000000
filtered : 61332734.000000
CCGP filtered : 25831339.000000
CCGT filtered : 18168787.000000
time : 22.360373
