Parameters: GAD=1 vflib=1 dir=0 label=0 lowerbound=1 fileNameGp=../../cp2016-max-common-connected-subgraph-paper/datasets/graphsdb/mcs50/rand/r005/mcs50_r005_s30.A03 fileNameGt=../../cp2016-max-common-connected-subgraph-paper/datasets/graphsdb/mcs50/rand/r005/mcs50_r005_s30.B03
Reading graphs...
30 :  46
30 :  46
Initializing...
maxdom : 30
D->valSize : 900
Solving...
currentSize : 12 <-- 0.011171 s
currentSize : 13 <-- 0.011220 s
currentSize : 15 <-- 0.011403 s
currentSize : 16 <-- 0.013175 s
currentSize : 17 <-- 0.034373 s
currentSize : 18 <-- 0.071892 s
currentSize : 19 <-- 0.128393 s
currentSize : 20 <-- 0.852383 s
currentSize : 21 <-- 3.869667 s
currentSize : 22 <-- 5.728527 s

maxsize : 22
nodes : 1490834.000000
filtered : 32763179.000000
CCGP filtered : 12043422.000000
CCGT filtered : 8863696.000000
time : 11.765272
