Parameters: GAD=1 vflib=1 dir=0 label=0 lowerbound=1 fileNameGp=../../cp2016-max-common-connected-subgraph-paper/datasets/graphsdb/mcs50/m4D/m4Dr2/mcs50_m4Dr2_s35.A06 fileNameGt=../../cp2016-max-common-connected-subgraph-paper/datasets/graphsdb/mcs50/m4D/m4Dr2/mcs50_m4Dr2_s35.B06
Reading graphs...
35 :  70
35 :  68
Initializing...
maxdom : 35
D->valSize : 1225
Solving...
currentSize : 12 <-- 0.020442 s
currentSize : 13 <-- 0.020481 s
currentSize : 15 <-- 0.020551 s
currentSize : 16 <-- 0.020625 s
currentSize : 17 <-- 0.029413 s
currentSize : 18 <-- 0.078602 s
currentSize : 19 <-- 0.089669 s
currentSize : 20 <-- 0.105122 s
currentSize : 21 <-- 1.086154 s
currentSize : 22 <-- 3.657864 s
currentSize : 23 <-- 3.949429 s
currentSize : 24 <-- 38.507599 s

maxsize : 24
nodes : 7802540.000000
filtered : 259798493.000000
CCGP filtered : 95348433.000000
CCGT filtered : 73327140.000000
time : 86.759758
