Parameters: GAD=1 vflib=1 dir=0 label=0 lowerbound=1 fileNameGp=../../cp2016-max-common-connected-subgraph-paper/datasets/graphsdb/mcs50/m4D/m4Dr2/mcs50_m4Dr2_s40.A00 fileNameGt=../../cp2016-max-common-connected-subgraph-paper/datasets/graphsdb/mcs50/m4D/m4Dr2/mcs50_m4Dr2_s40.B00
Reading graphs...
40 :  78
40 :  75
Initializing...
maxdom : 40
D->valSize : 1600
Solving...
currentSize : 17 <-- 0.058735 s
currentSize : 18 <-- 0.058778 s
currentSize : 19 <-- 0.058849 s
currentSize : 20 <-- 0.063224 s
currentSize : 21 <-- 0.089515 s
currentSize : 22 <-- 0.544821 s
currentSize : 23 <-- 4.802571 s
currentSize : 24 <-- 19.571960 s
currentSize : 25 <-- 19.578287 s
currentSize : 26 <-- 19.579000 s
currentSize : 27 <-- 89.323631 s
currentSize : 28 <-- 534.156738 s

maxsize : 28
nodes : 73018835.000000
filtered : 2512142794.000000
CCGP filtered : 988867204.000000
CCGT filtered : 747702131.000000
time : 897.117737
