Parameters: GAD=1 vflib=1 dir=0 label=0 lowerbound=1 fileNameGp=../../cp2016-max-common-connected-subgraph-paper/datasets/graphsdb/mcs50/m4D/m4Dr4/mcs50_m4Dr4_s40.A03 fileNameGt=../../cp2016-max-common-connected-subgraph-paper/datasets/graphsdb/mcs50/m4D/m4Dr4/mcs50_m4Dr4_s40.B03
Reading graphs...
40 :  85
40 :  83
Initializing...
maxdom : 40
D->valSize : 1600
Solving...
currentSize : 15 <-- 0.035397 s
currentSize : 16 <-- 0.035438 s
currentSize : 18 <-- 0.035475 s
currentSize : 19 <-- 0.035688 s
currentSize : 20 <-- 0.035755 s
currentSize : 21 <-- 0.036621 s
currentSize : 22 <-- 0.038366 s
currentSize : 23 <-- 0.237127 s
currentSize : 24 <-- 3.509165 s
currentSize : 25 <-- 9.420620 s
currentSize : 26 <-- 149.243591 s

TIMEOUT
maxsize : 26
nodes : 87959611.000000
filtered : 2652017383.000000
CCGP filtered : 761543582.000000
CCGT filtered : 601648944.000000
time : 1000.000000
