Parameters: GAD=1 vflib=1 dir=0 label=0 lowerbound=1 fileNameGp=../../cp2016-max-common-connected-subgraph-paper/datasets/graphsdb/mcs50/m2D/m2Dr2/mcs50_m2Dr2_s50.A04 fileNameGt=../../cp2016-max-common-connected-subgraph-paper/datasets/graphsdb/mcs50/m2D/m2Dr2/mcs50_m2Dr2_s50.B04
Reading graphs...
50 :  93
50 :  95
Initializing...
maxdom : 50
D->valSize : 2500
Solving...
currentSize : 22 <-- 0.096067 s
currentSize : 23 <-- 0.096129 s
currentSize : 24 <-- 0.096989 s
currentSize : 25 <-- 0.097430 s
currentSize : 26 <-- 0.099837 s
currentSize : 27 <-- 0.100129 s
currentSize : 28 <-- 0.128784 s
currentSize : 29 <-- 0.132699 s
currentSize : 30 <-- 0.497490 s
currentSize : 31 <-- 2.384243 s
currentSize : 32 <-- 55.596722 s

TIMEOUT
maxsize : 32
nodes : 71764363.000000
filtered : 2076527178.000000
CCGP filtered : 632695102.000000
CCGT filtered : 599286092.000000
time : 1000.000000
