Parameters: GAD=1 vflib=1 dir=0 label=0 lowerbound=1 fileNameGp=../../cp2016-max-common-connected-subgraph-paper/datasets/graphsdb/mcs50/bvg/b09/mcs50_b09_s50.A05 fileNameGt=../../cp2016-max-common-connected-subgraph-paper/datasets/graphsdb/mcs50/bvg/b09/mcs50_b09_s50.B05
Reading graphs...
50 :  219
50 :  222
Initializing...
maxdom : 50
D->valSize : 2500
Solving...
currentSize : 14 <-- 0.117712 s
currentSize : 15 <-- 0.117797 s
currentSize : 16 <-- 0.117986 s
currentSize : 17 <-- 0.121482 s
currentSize : 18 <-- 0.129655 s
currentSize : 19 <-- 0.167908 s
currentSize : 20 <-- 0.715019 s
currentSize : 21 <-- 3.411035 s
currentSize : 22 <-- 3.443361 s
currentSize : 23 <-- 315.830933 s
currentSize : 24 <-- 917.798157 s

TIMEOUT
maxsize : 24
nodes : 66388606.000000
filtered : 1412206525.000000
CCGP filtered : 56392459.000000
CCGT filtered : 100364048.000000
time : 1000.000000
