Parameters: GAD=1 vflib=1 dir=0 label=0 lowerbound=1 fileNameGp=../../cp2016-max-common-connected-subgraph-paper/datasets/graphsdb/mcs50/m2D/m2Dr4/mcs50_m2Dr4_s30.A06 fileNameGt=../../cp2016-max-common-connected-subgraph-paper/datasets/graphsdb/mcs50/m2D/m2Dr4/mcs50_m2Dr4_s30.B06
Reading graphs...
30 :  61
30 :  60
Initializing...
maxdom : 30
D->valSize : 900
Solving...
currentSize : 10 <-- 0.010736 s
currentSize : 13 <-- 0.010904 s
currentSize : 14 <-- 0.011198 s
currentSize : 15 <-- 0.012487 s
currentSize : 16 <-- 0.012539 s
currentSize : 17 <-- 0.028471 s
currentSize : 18 <-- 0.066700 s
currentSize : 19 <-- 2.053199 s
currentSize : 20 <-- 4.186939 s

maxsize : 20
nodes : 7229754.000000
filtered : 180155807.000000
CCGP filtered : 34715676.000000
CCGT filtered : 35533457.000000
time : 63.783348
