Parameters: GAD=1 vflib=1 dir=0 label=0 lowerbound=1 fileNameGp=../../cp2016-max-common-connected-subgraph-paper/datasets/graphsdb/mcs50/m4D/m4D/mcs50_m4D_s35.A05 fileNameGt=../../cp2016-max-common-connected-subgraph-paper/datasets/graphsdb/mcs50/m4D/m4D/mcs50_m4D_s35.B05
Reading graphs...
35 :  63
35 :  63
Initializing...
maxdom : 35
D->valSize : 1225
Solving...
currentSize : 15 <-- 0.020695 s
currentSize : 16 <-- 0.021938 s
currentSize : 17 <-- 0.023221 s
currentSize : 18 <-- 0.049005 s
currentSize : 19 <-- 0.073566 s
currentSize : 21 <-- 0.118399 s
currentSize : 22 <-- 0.120200 s
currentSize : 23 <-- 0.695908 s
currentSize : 24 <-- 5.856420 s

maxsize : 24
nodes : 8265069.000000
filtered : 242794922.000000
CCGP filtered : 182562011.000000
CCGT filtered : 114613275.000000
time : 89.047127
