Parameters: GAD=1 vflib=1 dir=0 label=0 lowerbound=1 fileNameGp=../../cp2016-max-common-connected-subgraph-paper/datasets/graphsdb/mcs50/m2D/m2D/mcs50_m2D_s40.A05 fileNameGt=../../cp2016-max-common-connected-subgraph-paper/datasets/graphsdb/mcs50/m2D/m2D/mcs50_m2D_s40.B05
Reading graphs...
40 :  67
40 :  65
Initializing...
maxdom : 40
D->valSize : 1600
Solving...
currentSize : 14 <-- 0.061421 s
currentSize : 16 <-- 0.061466 s
currentSize : 17 <-- 0.061541 s
currentSize : 18 <-- 0.062022 s
currentSize : 19 <-- 0.062664 s
currentSize : 20 <-- 0.062921 s
currentSize : 21 <-- 0.063026 s
currentSize : 22 <-- 0.066287 s
currentSize : 23 <-- 0.068655 s
currentSize : 24 <-- 0.068728 s
currentSize : 25 <-- 0.667120 s
currentSize : 26 <-- 1.174644 s
currentSize : 27 <-- 3.635453 s
currentSize : 28 <-- 270.495483 s
currentSize : 29 <-- 741.451965 s

TIMEOUT
maxsize : 29
nodes : 83661344.000000
filtered : 2676455740.000000
CCGP filtered : 1509375972.000000
CCGT filtered : 760555791.000000
time : 1000.000000
