Parameters: GAD=1 vflib=1 dir=0 label=0 lowerbound=1 fileNameGp=../../cp2016-max-common-connected-subgraph-paper/datasets/graphsdb/mcs50/bvg/b03/mcs50_b03_s50.A01 fileNameGt=../../cp2016-max-common-connected-subgraph-paper/datasets/graphsdb/mcs50/bvg/b03/mcs50_b03_s50.B01
Reading graphs...
50 :  75
50 :  75
Initializing...
maxdom : 50
D->valSize : 2500
Solving...
currentSize : 22 <-- 0.135550 s
currentSize : 23 <-- 0.135673 s
currentSize : 24 <-- 0.135763 s
currentSize : 25 <-- 0.136719 s
currentSize : 26 <-- 0.138970 s
currentSize : 27 <-- 0.139874 s
currentSize : 28 <-- 0.142148 s
currentSize : 29 <-- 0.193506 s
currentSize : 30 <-- 0.975253 s
currentSize : 31 <-- 12.754426 s
currentSize : 32 <-- 12.754667 s
currentSize : 33 <-- 80.463341 s
currentSize : 34 <-- 774.378235 s

TIMEOUT
maxsize : 34
nodes : 63354862.000000
filtered : 1898612352.000000
CCGP filtered : 2540368823.000000
CCGT filtered : 1519207204.000000
time : 1000.000000
