Parameters: GAD=1 vflib=1 dir=0 label=0 lowerbound=1 fileNameGp=../../cp2016-max-common-connected-subgraph-paper/datasets/graphsdb/mcs50/m4D/m4D/mcs50_m4D_s40.A02 fileNameGt=../../cp2016-max-common-connected-subgraph-paper/datasets/graphsdb/mcs50/m4D/m4D/mcs50_m4D_s40.B02
Reading graphs...
40 :  71
40 :  71
Initializing...
maxdom : 40
D->valSize : 1600
Solving...
currentSize : 15 <-- 0.035791 s
currentSize : 16 <-- 0.035875 s
currentSize : 17 <-- 0.035938 s
currentSize : 18 <-- 0.036497 s
currentSize : 19 <-- 0.036655 s
currentSize : 20 <-- 0.043213 s
currentSize : 21 <-- 0.050944 s
currentSize : 22 <-- 0.059570 s
currentSize : 23 <-- 0.196113 s
currentSize : 24 <-- 2.630242 s
currentSize : 25 <-- 5.449644 s
currentSize : 26 <-- 9.667693 s
currentSize : 27 <-- 24.013268 s
currentSize : 28 <-- 194.829346 s

maxsize : 28
nodes : 38936775.000000
filtered : 1351318888.000000
CCGP filtered : 766110865.000000
CCGT filtered : 557395014.000000
time : 488.257782
