Parameters: GAD=1 vflib=1 dir=0 label=0 lowerbound=1 fileNameGp=../../cp2016-max-common-connected-subgraph-paper/datasets/graphsdb/mcs50/bvg/b03m/mcs50_b03m_s40.A01 fileNameGt=../../cp2016-max-common-connected-subgraph-paper/datasets/graphsdb/mcs50/bvg/b03m/mcs50_b03m_s40.B01
Reading graphs...
40 :  60
40 :  60
Initializing...
maxdom : 40
D->valSize : 1600
Solving...
currentSize : 18 <-- 0.036607 s
currentSize : 19 <-- 0.036652 s
currentSize : 20 <-- 0.036708 s
currentSize : 21 <-- 0.037390 s
currentSize : 22 <-- 0.052317 s
currentSize : 23 <-- 0.063375 s
currentSize : 24 <-- 0.063528 s
currentSize : 25 <-- 0.082758 s
currentSize : 26 <-- 0.083666 s
currentSize : 27 <-- 0.104111 s
currentSize : 28 <-- 1.782782 s
currentSize : 29 <-- 22.246197 s
currentSize : 30 <-- 59.689201 s

maxsize : 30
nodes : 17200615.000000
filtered : 587227579.000000
CCGP filtered : 471509958.000000
CCGT filtered : 213461129.000000
time : 209.863708
