Parameters: GAD=1 vflib=1 dir=0 label=0 lowerbound=1 fileNameGp=../../cp2016-max-common-connected-subgraph-paper/datasets/graphsdb/mcs50/m4D/m4Dr6/mcs50_m4Dr6_s30.A01 fileNameGt=../../cp2016-max-common-connected-subgraph-paper/datasets/graphsdb/mcs50/m4D/m4Dr6/mcs50_m4Dr6_s30.B01
Reading graphs...
30 :  67
30 :  68
Initializing...
maxdom : 30
D->valSize : 900
Solving...
currentSize : 12 <-- 0.010495 s
currentSize : 13 <-- 0.011892 s
currentSize : 14 <-- 0.012991 s
currentSize : 15 <-- 0.017718 s
currentSize : 16 <-- 0.023412 s
currentSize : 17 <-- 0.026378 s
currentSize : 18 <-- 0.085496 s
currentSize : 19 <-- 0.164415 s
currentSize : 20 <-- 8.409333 s

maxsize : 20
nodes : 4378327.000000
filtered : 110478616.000000
CCGP filtered : 21324754.000000
CCGT filtered : 17052376.000000
time : 38.332108
