Parameters: GAD=1 vflib=1 dir=0 label=0 lowerbound=1 fileNameGp=../../cp2016-max-common-connected-subgraph-paper/datasets/graphsdb/mcs50/bvg/b03/mcs50_b03_s35.A01 fileNameGt=../../cp2016-max-common-connected-subgraph-paper/datasets/graphsdb/mcs50/bvg/b03/mcs50_b03_s35.B01
Reading graphs...
35 :  52
35 :  52
Initializing...
maxdom : 35
D->valSize : 1225
Solving...
currentSize : 13 <-- 0.036131 s
currentSize : 14 <-- 0.036190 s
currentSize : 15 <-- 0.036331 s
currentSize : 16 <-- 0.036650 s
currentSize : 17 <-- 0.037101 s
currentSize : 18 <-- 0.038850 s
currentSize : 19 <-- 0.041177 s
currentSize : 20 <-- 0.043689 s
currentSize : 21 <-- 0.066600 s
currentSize : 22 <-- 0.107919 s
currentSize : 23 <-- 0.256855 s
currentSize : 24 <-- 5.111237 s
currentSize : 25 <-- 12.750477 s

maxsize : 25
nodes : 7118282.000000
filtered : 184629066.000000
CCGP filtered : 153465543.000000
CCGT filtered : 75869980.000000
time : 71.530159
