Parameters: GAD=1 vflib=1 dir=0 label=0 lowerbound=1 fileNameGp=../../cp2016-max-common-connected-subgraph-paper/datasets/graphsdb/mcs50/m4D/m4Dr2/mcs50_m4Dr2_s40.A07 fileNameGt=../../cp2016-max-common-connected-subgraph-paper/datasets/graphsdb/mcs50/m4D/m4Dr2/mcs50_m4Dr2_s40.B07
Reading graphs...
40 :  78
40 :  79
Initializing...
maxdom : 40
D->valSize : 1600
Solving...
currentSize : 16 <-- 0.035432 s
currentSize : 18 <-- 0.035546 s
currentSize : 19 <-- 0.039965 s
currentSize : 20 <-- 0.052564 s
currentSize : 21 <-- 0.135704 s
currentSize : 22 <-- 0.246898 s
currentSize : 23 <-- 8.930302 s
currentSize : 24 <-- 14.927123 s
currentSize : 25 <-- 18.279224 s
currentSize : 26 <-- 143.246719 s

TIMEOUT
maxsize : 26
nodes : 85460311.000000
filtered : 2664806306.000000
CCGP filtered : 978756584.000000
CCGT filtered : 634237790.000000
time : 1000.000000
