Parameters: GAD=1 vflib=1 dir=0 label=0 lowerbound=1 fileNameGp=../../cp2016-max-common-connected-subgraph-paper/datasets/graphsdb/mcs50/rand/r005/mcs50_r005_s40.A03 fileNameGt=../../cp2016-max-common-connected-subgraph-paper/datasets/graphsdb/mcs50/rand/r005/mcs50_r005_s40.B03
Reading graphs...
40 :  78
40 :  76
Initializing...
maxdom : 40
D->valSize : 1600
Solving...
currentSize : 17 <-- 0.035594 s
currentSize : 18 <-- 0.035637 s
currentSize : 19 <-- 0.036167 s
currentSize : 20 <-- 0.036356 s
currentSize : 21 <-- 0.080495 s
currentSize : 22 <-- 0.082181 s
currentSize : 23 <-- 0.082392 s
currentSize : 24 <-- 2.275017 s
currentSize : 25 <-- 25.777372 s
currentSize : 26 <-- 93.632080 s

TIMEOUT
maxsize : 26
nodes : 90915604.000000
filtered : 2385155976.000000
CCGP filtered : 779919529.000000
CCGT filtered : 453794254.000000
time : 1000.000000
