Parameters: GAD=1 vflib=1 dir=0 label=0 lowerbound=1 fileNameGp=../../cp2016-max-common-connected-subgraph-paper/datasets/graphsdb/mcs50/m4D/m4Dr2/mcs50_m4Dr2_s40.A05 fileNameGt=../../cp2016-max-common-connected-subgraph-paper/datasets/graphsdb/mcs50/m4D/m4Dr2/mcs50_m4Dr2_s40.B05
Reading graphs...
40 :  78
40 :  78
Initializing...
maxdom : 40
D->valSize : 1600
Solving...
currentSize : 13 <-- 0.035545 s
currentSize : 14 <-- 0.035595 s
currentSize : 17 <-- 0.035730 s
currentSize : 18 <-- 0.035875 s
currentSize : 19 <-- 0.043234 s
currentSize : 20 <-- 0.064127 s
currentSize : 21 <-- 0.064323 s
currentSize : 22 <-- 0.123879 s
currentSize : 23 <-- 0.137248 s
currentSize : 24 <-- 1.957289 s
currentSize : 25 <-- 28.268787 s
currentSize : 26 <-- 31.124683 s
currentSize : 27 <-- 37.266827 s
currentSize : 28 <-- 467.879242 s

maxsize : 28
nodes : 78763456.000000
filtered : 2741809662.000000
CCGP filtered : 1099184177.000000
CCGT filtered : 601516812.000000
time : 959.989990
