Parameters: GAD=1 vflib=1 dir=0 label=0 lowerbound=1 fileNameGp=../../cp2016-max-common-connected-subgraph-paper/datasets/graphsdb/mcs50/m2D/m2Dr6/mcs50_m2Dr6_s40.A09 fileNameGt=../../cp2016-max-common-connected-subgraph-paper/datasets/graphsdb/mcs50/m2D/m2Dr6/mcs50_m2Dr6_s40.B09
Reading graphs...
40 :  89
40 :  89
Initializing...
maxdom : 40
D->valSize : 1600
Solving...
currentSize : 16 <-- 0.034728 s
currentSize : 17 <-- 0.035075 s
currentSize : 18 <-- 0.036023 s
currentSize : 19 <-- 0.040698 s
currentSize : 20 <-- 0.063067 s
currentSize : 21 <-- 0.083955 s
currentSize : 22 <-- 0.720462 s
currentSize : 23 <-- 4.147063 s
currentSize : 24 <-- 12.232266 s
currentSize : 25 <-- 207.035873 s

TIMEOUT
maxsize : 25
nodes : 91059186.000000
filtered : 2314706533.000000
CCGP filtered : 408370537.000000
CCGT filtered : 333148953.000000
time : 1000.000000
