Parameters: GAD=1 vflib=1 dir=0 label=0 lowerbound=1 fileNameGp=../../cp2016-max-common-connected-subgraph-paper/datasets/graphsdb/mcs50/bvg/b03m/mcs50_b03m_s50.A05 fileNameGt=../../cp2016-max-common-connected-subgraph-paper/datasets/graphsdb/mcs50/bvg/b03m/mcs50_b03m_s50.B05
Reading graphs...
50 :  75
50 :  75
Initializing...
maxdom : 50
D->valSize : 2500
Solving...
currentSize : 20 <-- 0.097518 s
currentSize : 22 <-- 0.097601 s
currentSize : 28 <-- 0.097659 s
currentSize : 29 <-- 0.098324 s
currentSize : 30 <-- 0.115626 s
currentSize : 31 <-- 0.115698 s
currentSize : 32 <-- 0.827375 s
currentSize : 33 <-- 1.109553 s
currentSize : 34 <-- 19.193462 s
currentSize : 35 <-- 430.986938 s

TIMEOUT
maxsize : 35
nodes : 64711675.000000
filtered : 2163969689.000000
CCGP filtered : 2136533476.000000
CCGT filtered : 1119573606.000000
time : 1000.000000
