Parameters: GAD=1 vflib=1 dir=0 label=0 lowerbound=1 fileNameGp=../../cp2016-max-common-connected-subgraph-paper/datasets/graphsdb/mcs50/rand/r005/mcs50_r005_s25.A08 fileNameGt=../../cp2016-max-common-connected-subgraph-paper/datasets/graphsdb/mcs50/rand/r005/mcs50_r005_s25.B08
Reading graphs...
25 :  35
25 :  35
Initializing...
maxdom : 25
D->valSize : 625
Solving...
currentSize : 7 <-- 0.005258 s
currentSize : 11 <-- 0.005319 s
currentSize : 12 <-- 0.043499 s
currentSize : 13 <-- 0.046033 s
currentSize : 14 <-- 0.056002 s
currentSize : 15 <-- 0.056829 s
currentSize : 16 <-- 0.121295 s
currentSize : 17 <-- 0.467894 s
currentSize : 18 <-- 0.730505 s
currentSize : 19 <-- 1.167718 s

maxsize : 19
nodes : 206837.000000
filtered : 3390930.000000
CCGP filtered : 2294855.000000
CCGT filtered : 840995.000000
time : 1.303581
