Parameters: GAD=1 vflib=1 dir=0 label=0 lowerbound=1 fileNameGp=../../cp2016-max-common-connected-subgraph-paper/datasets/graphsdb/mcs50/bvg/b06/mcs50_b06_s35.A00 fileNameGt=../../cp2016-max-common-connected-subgraph-paper/datasets/graphsdb/mcs50/bvg/b06/mcs50_b06_s35.B00
Reading graphs...
35 :  103
35 :  101
Initializing...
maxdom : 35
D->valSize : 1225
Solving...
currentSize : 12 <-- 0.019344 s
currentSize : 14 <-- 0.019415 s
currentSize : 15 <-- 0.019629 s
currentSize : 16 <-- 0.020225 s
currentSize : 17 <-- 0.022482 s
currentSize : 18 <-- 0.108727 s
currentSize : 19 <-- 0.448658 s
currentSize : 20 <-- 1.639879 s
currentSize : 21 <-- 99.050201 s
currentSize : 22 <-- 99.226013 s

maxsize : 22
nodes : 75447206.000000
filtered : 2559690327.000000
CCGP filtered : 212470833.000000
CCGT filtered : 144096846.000000
time : 815.715515
