Parameters: GAD=1 vflib=1 dir=0 label=0 lowerbound=1 fileNameGp=../../cp2016-max-common-connected-subgraph-paper/datasets/graphsdb/mcs50/m2D/m2D/mcs50_m2D_s50.A03 fileNameGt=../../cp2016-max-common-connected-subgraph-paper/datasets/graphsdb/mcs50/m2D/m2D/mcs50_m2D_s50.B03
Reading graphs...
50 :  84
50 :  85
Initializing...
maxdom : 50
D->valSize : 2500
Solving...
currentSize : 21 <-- 0.097317 s
currentSize : 22 <-- 0.097366 s
currentSize : 24 <-- 0.097439 s
currentSize : 25 <-- 0.098314 s
currentSize : 26 <-- 0.105702 s
currentSize : 27 <-- 0.328864 s
currentSize : 28 <-- 0.355597 s
currentSize : 29 <-- 0.693044 s
currentSize : 30 <-- 3.745092 s
currentSize : 31 <-- 4.556465 s
currentSize : 32 <-- 9.968145 s
currentSize : 33 <-- 107.783264 s
currentSize : 34 <-- 132.691711 s

TIMEOUT
maxsize : 34
nodes : 72585748.000000
filtered : 2520146891.000000
CCGP filtered : 1256813536.000000
CCGT filtered : 653818027.000000
time : 1000.000000
