Parameters: GAD=1 vflib=1 dir=0 label=0 lowerbound=1 fileNameGp=../../cp2016-max-common-connected-subgraph-paper/datasets/graphsdb/mcs50/m2D/m2Dr6/mcs50_m2Dr6_s30.A04 fileNameGt=../../cp2016-max-common-connected-subgraph-paper/datasets/graphsdb/mcs50/m2D/m2Dr6/mcs50_m2Dr6_s30.B04
Reading graphs...
30 :  64
30 :  64
Initializing...
maxdom : 30
D->valSize : 900
Solving...
currentSize : 10 <-- 0.010698 s
currentSize : 11 <-- 0.011044 s
currentSize : 12 <-- 0.011172 s
currentSize : 13 <-- 0.011329 s
currentSize : 14 <-- 0.014958 s
currentSize : 15 <-- 0.015544 s
currentSize : 16 <-- 0.022799 s
currentSize : 17 <-- 0.046567 s
currentSize : 18 <-- 0.343783 s
currentSize : 19 <-- 4.236841 s
currentSize : 20 <-- 25.829988 s

maxsize : 20
nodes : 6612099.000000
filtered : 166483359.000000
CCGP filtered : 31136203.000000
CCGT filtered : 16568940.000000
time : 55.806007
