Parameters: GAD=1 vflib=1 dir=0 label=0 lowerbound=1 fileNameGp=../../cp2016-max-common-connected-subgraph-paper/datasets/graphsdb/mcs50/m4D/m4D/mcs50_m4D_s30.A07 fileNameGt=../../cp2016-max-common-connected-subgraph-paper/datasets/graphsdb/mcs50/m4D/m4D/mcs50_m4D_s30.B07
Reading graphs...
30 :  55
30 :  53
Initializing...
maxdom : 30
D->valSize : 900
Solving...
currentSize : 11 <-- 0.010976 s
currentSize : 12 <-- 0.011835 s
currentSize : 14 <-- 0.012872 s
currentSize : 16 <-- 0.013221 s
currentSize : 17 <-- 0.014094 s
currentSize : 18 <-- 0.057438 s
currentSize : 19 <-- 0.275831 s
currentSize : 20 <-- 2.876853 s
currentSize : 21 <-- 3.483990 s

maxsize : 21
nodes : 858951.000000
filtered : 19059453.000000
CCGP filtered : 19567373.000000
CCGT filtered : 9653408.000000
time : 7.955517
