Parameters: GAD=1 vflib=1 dir=0 label=0 lowerbound=1 fileNameGp=../../cp2016-max-common-connected-subgraph-paper/datasets/graphsdb/mcs50/rand/r005/mcs50_r005_s20.A01 fileNameGt=../../cp2016-max-common-connected-subgraph-paper/datasets/graphsdb/mcs50/rand/r005/mcs50_r005_s20.B01
Reading graphs...
20 :  23
20 :  24
Initializing...
maxdom : 20
D->valSize : 400
Solving...
currentSize : 7 <-- 0.002265 s
currentSize : 8 <-- 0.002305 s
currentSize : 9 <-- 0.002333 s
currentSize : 10 <-- 0.002350 s
currentSize : 11 <-- 0.002419 s
currentSize : 12 <-- 0.003152 s
currentSize : 13 <-- 0.003432 s
currentSize : 14 <-- 0.004841 s
currentSize : 16 <-- 0.010876 s

maxsize : 16
nodes : 3714.000000
filtered : 72647.000000
CCGP filtered : 75181.000000
CCGT filtered : 21573.000000
time : 0.025918
