Parameters: GAD=1 vflib=1 dir=0 label=0 lowerbound=1 fileNameGp=../../cp2016-max-common-connected-subgraph-paper/datasets/graphsdb/mcs50/bvg/b03m/mcs50_b03m_s35.A08 fileNameGt=../../cp2016-max-common-connected-subgraph-paper/datasets/graphsdb/mcs50/bvg/b03m/mcs50_b03m_s35.B08
Reading graphs...
35 :  51
35 :  52
Initializing...
maxdom : 35
D->valSize : 1225
Solving...
currentSize : 13 <-- 0.020856 s
currentSize : 14 <-- 0.021040 s
currentSize : 15 <-- 0.021294 s
currentSize : 16 <-- 0.021462 s
currentSize : 17 <-- 0.024217 s
currentSize : 18 <-- 0.024650 s
currentSize : 19 <-- 0.030682 s
currentSize : 20 <-- 0.076478 s
currentSize : 21 <-- 0.151405 s
currentSize : 22 <-- 0.488560 s
currentSize : 23 <-- 1.521005 s
currentSize : 24 <-- 12.628006 s
currentSize : 25 <-- 18.170755 s

maxsize : 25
nodes : 8368698.000000
filtered : 217932363.000000
CCGP filtered : 140138974.000000
CCGT filtered : 71575815.000000
time : 81.832687
