Parameters: GAD=1 vflib=1 dir=0 label=0 lowerbound=1 fileNameGp=../../cp2016-max-common-connected-subgraph-paper/datasets/graphsdb/mcs50/bvg/b09/mcs50_b09_s40.A03 fileNameGt=../../cp2016-max-common-connected-subgraph-paper/datasets/graphsdb/mcs50/bvg/b09/mcs50_b09_s40.B03
Reading graphs...
40 :  178
40 :  176
Initializing...
maxdom : 40
D->valSize : 1600
Solving...
currentSize : 13 <-- 0.031462 s
currentSize : 14 <-- 0.033572 s
currentSize : 15 <-- 0.043376 s
currentSize : 16 <-- 0.085628 s
currentSize : 17 <-- 0.269428 s
currentSize : 18 <-- 27.576784 s
currentSize : 19 <-- 73.094872 s
currentSize : 20 <-- 101.955025 s
currentSize : 21 <-- 212.472778 s
currentSize : 22 <-- 212.472961 s
currentSize : 23 <-- 864.237000 s

TIMEOUT
maxsize : 23
nodes : 79161533.000000
filtered : 2089631421.000000
CCGP filtered : 43406150.000000
CCGT filtered : 14728772.000000
time : 1000.000000
