Parameters: GAD=1 vflib=1 dir=0 label=0 lowerbound=1 fileNameGp=../../cp2016-max-common-connected-subgraph-paper/datasets/graphsdb/mcs50/m2D/m2Dr2/mcs50_m2Dr2_s40.A02 fileNameGt=../../cp2016-max-common-connected-subgraph-paper/datasets/graphsdb/mcs50/m2D/m2Dr2/mcs50_m2Dr2_s40.B02
Reading graphs...
40 :  73
40 :  74
Initializing...
maxdom : 40
D->valSize : 1600
Solving...
currentSize : 18 <-- 0.035728 s
currentSize : 19 <-- 0.037465 s
currentSize : 20 <-- 0.037718 s
currentSize : 21 <-- 0.043347 s
currentSize : 22 <-- 0.064394 s
currentSize : 23 <-- 0.326888 s
currentSize : 24 <-- 5.188151 s
currentSize : 25 <-- 19.559898 s
currentSize : 26 <-- 122.979286 s
currentSize : 27 <-- 480.196960 s

TIMEOUT
maxsize : 27
nodes : 83876914.000000
filtered : 2485740135.000000
CCGP filtered : 808650159.000000
CCGT filtered : 671748137.000000
time : 1000.000000
