Parameters: GAD=1 vflib=1 dir=0 label=0 lowerbound=1 fileNameGp=../../cp2016-max-common-connected-subgraph-paper/datasets/graphsdb/mcs50/m4D/m4Dr4/mcs50_m4Dr4_s35.A07 fileNameGt=../../cp2016-max-common-connected-subgraph-paper/datasets/graphsdb/mcs50/m4D/m4Dr4/mcs50_m4Dr4_s35.B07
Reading graphs...
35 :  75
35 :  75
Initializing...
maxdom : 35
D->valSize : 1225
Solving...
currentSize : 14 <-- 0.020105 s
currentSize : 15 <-- 0.021281 s
currentSize : 16 <-- 0.026892 s
currentSize : 17 <-- 0.031730 s
currentSize : 18 <-- 0.120997 s
currentSize : 19 <-- 0.236399 s
currentSize : 20 <-- 1.574559 s
currentSize : 21 <-- 1.576905 s
currentSize : 22 <-- 7.431983 s
currentSize : 23 <-- 8.620358 s
currentSize : 24 <-- 11.038048 s

maxsize : 24
nodes : 6593367.000000
filtered : 234912055.000000
CCGP filtered : 72847288.000000
CCGT filtered : 56118310.000000
time : 74.132271
