Parameters: GAD=1 vflib=1 dir=0 label=0 lowerbound=1 fileNameGp=../../cp2016-max-common-connected-subgraph-paper/datasets/graphsdb/mcs50/m4D/m4Dr6/mcs50_m4Dr6_s35.A03 fileNameGt=../../cp2016-max-common-connected-subgraph-paper/datasets/graphsdb/mcs50/m4D/m4Dr6/mcs50_m4Dr6_s35.B03
Reading graphs...
35 :  82
35 :  79
Initializing...
maxdom : 35
D->valSize : 1225
Solving...
currentSize : 15 <-- 0.019934 s
currentSize : 16 <-- 0.020336 s
currentSize : 17 <-- 0.022183 s
currentSize : 18 <-- 0.026152 s
currentSize : 19 <-- 0.040126 s
currentSize : 20 <-- 0.234591 s
currentSize : 21 <-- 4.273787 s
currentSize : 22 <-- 45.322170 s
currentSize : 23 <-- 185.763031 s

maxsize : 23
nodes : 26671345.000000
filtered : 820933525.000000
CCGP filtered : 166589801.000000
CCGT filtered : 117547830.000000
time : 274.332611
