Parameters: GAD=1 vflib=1 dir=0 label=0 lowerbound=1 fileNameGp=../../cp2016-max-common-connected-subgraph-paper/datasets/graphsdb/mcs50/m4D/m4Dr6/mcs50_m4Dr6_s35.A09 fileNameGt=../../cp2016-max-common-connected-subgraph-paper/datasets/graphsdb/mcs50/m4D/m4Dr6/mcs50_m4Dr6_s35.B09
Reading graphs...
35 :  83
35 :  82
Initializing...
maxdom : 35
D->valSize : 1225
Solving...
currentSize : 13 <-- 0.019950 s
currentSize : 14 <-- 0.019981 s
currentSize : 16 <-- 0.020156 s
currentSize : 17 <-- 0.032471 s
currentSize : 18 <-- 0.056211 s
currentSize : 19 <-- 0.471007 s
currentSize : 20 <-- 1.655606 s
currentSize : 21 <-- 3.259197 s
currentSize : 22 <-- 9.044998 s
currentSize : 23 <-- 379.592468 s

maxsize : 23
nodes : 45048744.000000
filtered : 1299647551.000000
CCGP filtered : 229102128.000000
CCGT filtered : 233765132.000000
time : 475.537750
