Parameters: GAD=1 vflib=1 dir=0 label=0 lowerbound=1 fileNameGp=../../cp2016-max-common-connected-subgraph-paper/datasets/graphsdb/mcs50/m4D/m4Dr2/mcs50_m4Dr2_s40.A01 fileNameGt=../../cp2016-max-common-connected-subgraph-paper/datasets/graphsdb/mcs50/m4D/m4Dr2/mcs50_m4Dr2_s40.B01
Reading graphs...
40 :  79
40 :  79
Initializing...
maxdom : 40
D->valSize : 1600
Solving...
currentSize : 15 <-- 0.035541 s
currentSize : 16 <-- 0.035582 s
currentSize : 20 <-- 0.035707 s
currentSize : 21 <-- 0.202337 s
currentSize : 22 <-- 0.733901 s
currentSize : 23 <-- 1.627830 s
currentSize : 24 <-- 3.238370 s
currentSize : 25 <-- 7.050157 s
currentSize : 26 <-- 150.205551 s
currentSize : 27 <-- 454.096039 s

TIMEOUT
maxsize : 27
nodes : 83162206.000000
filtered : 2621805706.000000
CCGP filtered : 1086905261.000000
CCGT filtered : 777586461.000000
time : 1000.000000
