Parameters: GAD=1 vflib=1 dir=0 label=0 lowerbound=1 fileNameGp=../../cp2016-max-common-connected-subgraph-paper/datasets/graphsdb/mcs50/m3D/m3D/mcs50_m3D_s50.A00 fileNameGt=../../cp2016-max-common-connected-subgraph-paper/datasets/graphsdb/mcs50/m3D/m3D/mcs50_m3D_s50.B00
Reading graphs...
50 :  109
50 :  108
Initializing...
maxdom : 50
D->valSize : 2500
Solving...
currentSize : 20 <-- 0.113405 s
currentSize : 22 <-- 0.114402 s
currentSize : 23 <-- 0.120889 s
currentSize : 24 <-- 0.123277 s
currentSize : 25 <-- 0.267986 s
currentSize : 26 <-- 0.286260 s
currentSize : 27 <-- 2.956519 s
currentSize : 28 <-- 2.979167 s
currentSize : 29 <-- 17.408167 s
currentSize : 30 <-- 784.331909 s

TIMEOUT
maxsize : 30
nodes : 76801093.000000
filtered : 1603645491.000000
CCGP filtered : 452869918.000000
CCGT filtered : 293679666.000000
time : 1000.000000
