Parameters: GAD=1 vflib=1 dir=0 label=0 lowerbound=1 fileNameGp=../../cp2016-max-common-connected-subgraph-paper/datasets/graphsdb/mcs50/m2D/m2Dr4/mcs50_m2Dr4_s30.A09 fileNameGt=../../cp2016-max-common-connected-subgraph-paper/datasets/graphsdb/mcs50/m2D/m2Dr4/mcs50_m2Dr4_s30.B09
Reading graphs...
30 :  61
30 :  61
Initializing...
maxdom : 30
D->valSize : 900
Solving...
currentSize : 12 <-- 0.018679 s
currentSize : 14 <-- 0.018769 s
currentSize : 15 <-- 0.018927 s
currentSize : 16 <-- 0.021233 s
currentSize : 17 <-- 0.050035 s
currentSize : 18 <-- 0.065454 s
currentSize : 19 <-- 0.345704 s
currentSize : 20 <-- 0.784817 s
currentSize : 21 <-- 8.567278 s

maxsize : 21
nodes : 3998478.000000
filtered : 105595621.000000
CCGP filtered : 14835267.000000
CCGT filtered : 9389052.000000
time : 34.806042
