Parameters: GAD=1 vflib=1 dir=0 label=0 lowerbound=1 fileNameGp=../../cp2016-max-common-connected-subgraph-paper/datasets/graphsdb/mcs50/m4D/m4Dr6/mcs50_m4Dr6_s30.A05 fileNameGt=../../cp2016-max-common-connected-subgraph-paper/datasets/graphsdb/mcs50/m4D/m4Dr6/mcs50_m4Dr6_s30.B05
Reading graphs...
30 :  73
30 :  71
Initializing...
maxdom : 30
D->valSize : 900
Solving...
currentSize : 11 <-- 0.010471 s
currentSize : 12 <-- 0.010650 s
currentSize : 13 <-- 0.011059 s
currentSize : 14 <-- 0.012319 s
currentSize : 15 <-- 0.068515 s
currentSize : 16 <-- 0.369934 s
currentSize : 17 <-- 0.679062 s
currentSize : 18 <-- 0.938506 s
currentSize : 19 <-- 47.229824 s

maxsize : 19
nodes : 9553562.000000
filtered : 210448904.000000
CCGP filtered : 35745888.000000
CCGT filtered : 26169118.000000
time : 80.194946
