Parameters: GAD=1 vflib=1 dir=0 label=0 lowerbound=1 fileNameGp=../../cp2016-max-common-connected-subgraph-paper/datasets/graphsdb/mcs50/m2D/m2D/mcs50_m2D_s50.A00 fileNameGt=../../cp2016-max-common-connected-subgraph-paper/datasets/graphsdb/mcs50/m2D/m2D/mcs50_m2D_s50.B00
Reading graphs...
50 :  84
50 :  85
Initializing...
maxdom : 50
D->valSize : 2500
Solving...
currentSize : 17 <-- 0.096724 s
currentSize : 21 <-- 0.097969 s
currentSize : 22 <-- 0.098337 s
currentSize : 23 <-- 0.098642 s
currentSize : 24 <-- 0.098787 s
currentSize : 26 <-- 0.100252 s
currentSize : 27 <-- 0.441124 s
currentSize : 28 <-- 3.575493 s
currentSize : 29 <-- 7.149538 s
currentSize : 30 <-- 16.357267 s
currentSize : 31 <-- 32.823715 s
currentSize : 32 <-- 118.900093 s
currentSize : 33 <-- 608.271484 s

TIMEOUT
maxsize : 33
nodes : 71107095.000000
filtered : 2088776627.000000
CCGP filtered : 1631705387.000000
CCGT filtered : 803133943.000000
time : 1000.000000
