Parameters: GAD=1 vflib=1 dir=0 label=0 lowerbound=1 fileNameGp=../../cp2016-max-common-connected-subgraph-paper/datasets/graphsdb/mcs50/rand/r005/mcs50_r005_s40.A05 fileNameGt=../../cp2016-max-common-connected-subgraph-paper/datasets/graphsdb/mcs50/rand/r005/mcs50_r005_s40.B05
Reading graphs...
40 :  78
40 :  77
Initializing...
maxdom : 40
D->valSize : 1600
Solving...
currentSize : 15 <-- 0.036230 s
currentSize : 16 <-- 0.036290 s
currentSize : 17 <-- 0.036411 s
currentSize : 18 <-- 0.037588 s
currentSize : 19 <-- 0.041257 s
currentSize : 20 <-- 0.054338 s
currentSize : 21 <-- 1.642213 s
currentSize : 22 <-- 3.867598 s
currentSize : 23 <-- 14.093198 s
currentSize : 24 <-- 66.259239 s
currentSize : 25 <-- 79.882614 s
currentSize : 26 <-- 146.494431 s

TIMEOUT
maxsize : 26
nodes : 91830262.000000
filtered : 2502749732.000000
CCGP filtered : 785039759.000000
CCGT filtered : 613415591.000000
time : 1000.000000
