Parameters: GAD=1 vflib=1 dir=0 label=0 lowerbound=1 fileNameGp=../../cp2016-max-common-connected-subgraph-paper/datasets/graphsdb/mcs50/m2D/m2Dr4/mcs50_m2Dr4_s50.A07 fileNameGt=../../cp2016-max-common-connected-subgraph-paper/datasets/graphsdb/mcs50/m2D/m2Dr4/mcs50_m2Dr4_s50.B07
Reading graphs...
50 :  101
50 :  102
Initializing...
maxdom : 50
D->valSize : 2500
Solving...
currentSize : 20 <-- 0.095430 s
currentSize : 22 <-- 0.095477 s
currentSize : 23 <-- 0.095594 s
currentSize : 24 <-- 0.095787 s
currentSize : 25 <-- 0.105071 s
currentSize : 26 <-- 0.107374 s
currentSize : 27 <-- 0.158396 s
currentSize : 28 <-- 1.177178 s
currentSize : 29 <-- 1.356322 s
currentSize : 30 <-- 25.075916 s
currentSize : 31 <-- 614.627930 s

TIMEOUT
maxsize : 31
nodes : 73116230.000000
filtered : 2237926821.000000
CCGP filtered : 754620063.000000
CCGT filtered : 461404901.000000
time : 1000.000000
