Parameters: GAD=1 vflib=1 dir=0 label=0 lowerbound=1 fileNameGp=../../cp2016-max-common-connected-subgraph-paper/datasets/graphsdb/mcs50/m4D/m4Dr6/mcs50_m4Dr6_s35.A05 fileNameGt=../../cp2016-max-common-connected-subgraph-paper/datasets/graphsdb/mcs50/m4D/m4Dr6/mcs50_m4Dr6_s35.B05
Reading graphs...
35 :  82
35 :  80
Initializing...
maxdom : 35
D->valSize : 1225
Solving...
currentSize : 11 <-- 0.019850 s
currentSize : 12 <-- 0.019977 s
currentSize : 13 <-- 0.020086 s
currentSize : 14 <-- 0.020330 s
currentSize : 15 <-- 0.020521 s
currentSize : 17 <-- 0.021427 s
currentSize : 18 <-- 0.116377 s
currentSize : 19 <-- 0.232625 s
currentSize : 20 <-- 1.111647 s
currentSize : 21 <-- 9.044046 s
currentSize : 22 <-- 89.530884 s
currentSize : 23 <-- 130.143326 s

maxsize : 23
nodes : 27726925.000000
filtered : 776029388.000000
CCGP filtered : 220969289.000000
CCGT filtered : 131672751.000000
time : 283.939606
