Parameters: GAD=1 vflib=1 dir=0 label=0 lowerbound=1 fileNameGp=../../cp2016-max-common-connected-subgraph-paper/datasets/graphsdb/mcs50/m4D/m4D/mcs50_m4D_s40.A03 fileNameGt=../../cp2016-max-common-connected-subgraph-paper/datasets/graphsdb/mcs50/m4D/m4D/mcs50_m4D_s40.B03
Reading graphs...
40 :  71
40 :  71
Initializing...
maxdom : 40
D->valSize : 1600
Solving...
currentSize : 11 <-- 0.036033 s
currentSize : 16 <-- 0.036769 s
currentSize : 17 <-- 0.040682 s
currentSize : 18 <-- 0.062814 s
currentSize : 20 <-- 0.183924 s
currentSize : 21 <-- 0.186877 s
currentSize : 22 <-- 0.195756 s
currentSize : 23 <-- 0.219012 s
currentSize : 24 <-- 0.629968 s
currentSize : 25 <-- 0.992141 s
currentSize : 26 <-- 6.640149 s
currentSize : 27 <-- 29.057837 s
currentSize : 28 <-- 45.676514 s

maxsize : 28
nodes : 63538776.000000
filtered : 2303851125.000000
CCGP filtered : 1719068874.000000
CCGT filtered : 720017048.000000
time : 801.268799
