Parameters: GAD=1 vflib=1 dir=0 label=0 lowerbound=1 fileNameGp=../../cp2016-max-common-connected-subgraph-paper/datasets/graphsdb/mcs50/m4D/m4D/mcs50_m4D_s35.A02 fileNameGt=../../cp2016-max-common-connected-subgraph-paper/datasets/graphsdb/mcs50/m4D/m4D/mcs50_m4D_s35.B02
Reading graphs...
35 :  63
35 :  63
Initializing...
maxdom : 35
D->valSize : 1225
Solving...
currentSize : 12 <-- 0.020761 s
currentSize : 15 <-- 0.020807 s
currentSize : 17 <-- 0.020897 s
currentSize : 18 <-- 0.058291 s
currentSize : 19 <-- 0.236318 s
currentSize : 20 <-- 1.393605 s
currentSize : 22 <-- 1.402962 s
currentSize : 23 <-- 1.989333 s
currentSize : 24 <-- 50.029041 s

maxsize : 24
nodes : 8698479.000000
filtered : 225360592.000000
CCGP filtered : 162365411.000000
CCGT filtered : 77842937.000000
time : 88.362900
