Parameters: GAD=1 vflib=1 dir=0 label=0 lowerbound=1 fileNameGp=../../cp2016-max-common-connected-subgraph-paper/datasets/graphsdb/mcs50/m4D/m4Dr6/mcs50_m4Dr6_s30.A04 fileNameGt=../../cp2016-max-common-connected-subgraph-paper/datasets/graphsdb/mcs50/m4D/m4Dr6/mcs50_m4Dr6_s30.B04
Reading graphs...
30 :  71
30 :  71
Initializing...
maxdom : 30
D->valSize : 900
Solving...
currentSize : 9 <-- 0.018059 s
currentSize : 10 <-- 0.018362 s
currentSize : 12 <-- 0.022626 s
currentSize : 13 <-- 0.022712 s
currentSize : 14 <-- 0.027862 s
currentSize : 15 <-- 0.028699 s
currentSize : 16 <-- 0.037773 s
currentSize : 17 <-- 0.135904 s
currentSize : 18 <-- 0.549016 s
currentSize : 19 <-- 1.252503 s

maxsize : 19
nodes : 4908874.000000
filtered : 129996264.000000
CCGP filtered : 28488203.000000
CCGT filtered : 15442645.000000
time : 44.308475
