Parameters: GAD=1 vflib=1 dir=0 label=0 lowerbound=1 fileNameGp=../../cp2016-max-common-connected-subgraph-paper/datasets/graphsdb/mcs50/m4D/m4Dr2/mcs50_m4Dr2_s35.A07 fileNameGt=../../cp2016-max-common-connected-subgraph-paper/datasets/graphsdb/mcs50/m4D/m4Dr2/mcs50_m4Dr2_s35.B07
Reading graphs...
35 :  69
35 :  68
Initializing...
maxdom : 35
D->valSize : 1225
Solving...
currentSize : 10 <-- 0.020174 s
currentSize : 12 <-- 0.020268 s
currentSize : 15 <-- 0.020544 s
currentSize : 16 <-- 0.020654 s
currentSize : 17 <-- 0.023982 s
currentSize : 18 <-- 0.032273 s
currentSize : 19 <-- 0.108470 s
currentSize : 20 <-- 0.226219 s
currentSize : 21 <-- 10.514672 s
currentSize : 22 <-- 10.562228 s
currentSize : 23 <-- 55.924145 s
currentSize : 24 <-- 164.758301 s

maxsize : 24
nodes : 21804631.000000
filtered : 622805274.000000
CCGP filtered : 319025733.000000
CCGT filtered : 201610602.000000
time : 230.151825
