Parameters: GAD=1 vflib=1 dir=0 label=0 lowerbound=1 fileNameGp=../../cp2016-max-common-connected-subgraph-paper/datasets/graphsdb/mcs50/m4D/m4D/mcs50_m4D_s40.A07 fileNameGt=../../cp2016-max-common-connected-subgraph-paper/datasets/graphsdb/mcs50/m4D/m4D/mcs50_m4D_s40.B07
Reading graphs...
40 :  70
40 :  69
Initializing...
maxdom : 40
D->valSize : 1600
Solving...
currentSize : 14 <-- 0.036256 s
currentSize : 18 <-- 0.036355 s
currentSize : 19 <-- 0.039540 s
currentSize : 20 <-- 0.039593 s
currentSize : 21 <-- 0.077372 s
currentSize : 22 <-- 0.270965 s
currentSize : 23 <-- 0.498355 s
currentSize : 24 <-- 1.003622 s
currentSize : 25 <-- 1.519231 s
currentSize : 26 <-- 170.656143 s
currentSize : 27 <-- 302.029358 s

TIMEOUT
maxsize : 27
nodes : 73285686.000000
filtered : 2482350102.000000
CCGP filtered : 2863070969.000000
CCGT filtered : 1666678352.000000
time : 1000.000000
