Parameters: GAD=1 vflib=1 dir=0 label=0 lowerbound=1 fileNameGp=../../cp2016-max-common-connected-subgraph-paper/datasets/graphsdb/mcs50/m4D/m4Dr4/mcs50_m4Dr4_s35.A01 fileNameGt=../../cp2016-max-common-connected-subgraph-paper/datasets/graphsdb/mcs50/m4D/m4Dr4/mcs50_m4Dr4_s35.B01
Reading graphs...
35 :  74
35 :  76
Initializing...
maxdom : 35
D->valSize : 1225
Solving...
currentSize : 13 <-- 0.019956 s
currentSize : 14 <-- 0.019992 s
currentSize : 15 <-- 0.020012 s
currentSize : 16 <-- 0.020117 s
currentSize : 17 <-- 0.020431 s
currentSize : 18 <-- 0.057612 s
currentSize : 19 <-- 0.207827 s
currentSize : 20 <-- 0.207924 s
currentSize : 21 <-- 2.940015 s
currentSize : 22 <-- 28.389380 s
currentSize : 23 <-- 73.415970 s

maxsize : 23
nodes : 29684113.000000
filtered : 910443276.000000
CCGP filtered : 296755705.000000
CCGT filtered : 227788823.000000
time : 321.188354
