Parameters: GAD=1 vflib=1 dir=0 label=0 lowerbound=1 fileNameGp=../../cp2016-max-common-connected-subgraph-paper/datasets/graphsdb/mcs50/bvg/b09/mcs50_b09_s30.A01 fileNameGt=../../cp2016-max-common-connected-subgraph-paper/datasets/graphsdb/mcs50/bvg/b09/mcs50_b09_s30.B01
Reading graphs...
30 :  131
30 :  132
Initializing...
maxdom : 30
D->valSize : 900
Solving...
currentSize : 8 <-- 0.016782 s
currentSize : 9 <-- 0.016847 s
currentSize : 10 <-- 0.016886 s
currentSize : 11 <-- 0.017516 s
currentSize : 13 <-- 0.018473 s
currentSize : 14 <-- 0.204571 s
currentSize : 15 <-- 1.325178 s
currentSize : 16 <-- 4.341666 s
currentSize : 17 <-- 31.726532 s
currentSize : 18 <-- 31.808136 s

maxsize : 18
nodes : 7116066.000000
filtered : 153549109.000000
CCGP filtered : 1662571.000000
CCGT filtered : 826406.000000
time : 70.218636
