Parameters: GAD=1 vflib=1 dir=0 label=0 lowerbound=1 fileNameGp=../../cp2016-max-common-connected-subgraph-paper/datasets/graphsdb/mcs50/bvg/b03/mcs50_b03_s50.A08 fileNameGt=../../cp2016-max-common-connected-subgraph-paper/datasets/graphsdb/mcs50/bvg/b03/mcs50_b03_s50.B08
Reading graphs...
50 :  74
50 :  75
Initializing...
maxdom : 50
D->valSize : 2500
Solving...
currentSize : 17 <-- 0.165567 s
currentSize : 21 <-- 0.166762 s
currentSize : 23 <-- 0.166966 s
currentSize : 25 <-- 0.174501 s
currentSize : 26 <-- 0.179703 s
currentSize : 27 <-- 0.180633 s
currentSize : 28 <-- 0.190050 s
currentSize : 29 <-- 0.427876 s
currentSize : 30 <-- 14.663114 s
currentSize : 31 <-- 150.517166 s
currentSize : 32 <-- 150.517242 s
currentSize : 33 <-- 174.427261 s
currentSize : 34 <-- 395.697601 s

TIMEOUT
maxsize : 34
nodes : 68300719.000000
filtered : 1994571545.000000
CCGP filtered : 1797893312.000000
CCGT filtered : 1103585375.000000
time : 1000.000000
