Parameters: GAD=1 vflib=1 dir=0 label=0 lowerbound=1 fileNameGp=../../cp2016-max-common-connected-subgraph-paper/datasets/graphsdb/mcs50/bvg/b03/mcs50_b03_s40.A03 fileNameGt=../../cp2016-max-common-connected-subgraph-paper/datasets/graphsdb/mcs50/bvg/b03/mcs50_b03_s40.B03
Reading graphs...
40 :  60
40 :  60
Initializing...
maxdom : 40
D->valSize : 1600
Solving...
currentSize : 15 <-- 0.036585 s
currentSize : 20 <-- 0.036765 s
currentSize : 21 <-- 0.036859 s
currentSize : 22 <-- 0.037040 s
currentSize : 23 <-- 0.037102 s
currentSize : 24 <-- 0.089384 s
currentSize : 25 <-- 0.241601 s
currentSize : 26 <-- 1.496624 s
currentSize : 27 <-- 128.687653 s
currentSize : 28 <-- 456.446442 s

TIMEOUT
maxsize : 28
nodes : 82471552.000000
filtered : 2302647843.000000
CCGP filtered : 2610572759.000000
CCGT filtered : 1396260651.000000
time : 1000.000000
