Parameters: GAD=1 vflib=1 dir=0 label=0 lowerbound=1 fileNameGp=../../cp2016-max-common-connected-subgraph-paper/datasets/graphsdb/mcs50/m4D/m4D/mcs50_m4D_s30.A09 fileNameGt=../../cp2016-max-common-connected-subgraph-paper/datasets/graphsdb/mcs50/m4D/m4D/mcs50_m4D_s30.B09
Reading graphs...
30 :  55
30 :  55
Initializing...
maxdom : 30
D->valSize : 900
Solving...
currentSize : 8 <-- 0.010700 s
currentSize : 9 <-- 0.010894 s
currentSize : 14 <-- 0.012070 s
currentSize : 15 <-- 0.012524 s
currentSize : 16 <-- 0.027045 s
currentSize : 17 <-- 0.027572 s
currentSize : 18 <-- 0.030751 s
currentSize : 19 <-- 0.051922 s
currentSize : 20 <-- 0.055651 s
currentSize : 21 <-- 1.601187 s

maxsize : 21
nodes : 574575.000000
filtered : 17463403.000000
CCGP filtered : 10469625.000000
CCGT filtered : 7409711.000000
time : 5.901215
