Parameters: GAD=1 vflib=1 dir=0 label=0 lowerbound=1 fileNameGp=../../cp2016-max-common-connected-subgraph-paper/datasets/graphsdb/mcs50/m4D/m4Dr6/mcs50_m4Dr6_s30.A03 fileNameGt=../../cp2016-max-common-connected-subgraph-paper/datasets/graphsdb/mcs50/m4D/m4Dr6/mcs50_m4Dr6_s30.B03
Reading graphs...
30 :  73
30 :  72
Initializing...
maxdom : 30
D->valSize : 900
Solving...
currentSize : 12 <-- 0.010429 s
currentSize : 13 <-- 0.010970 s
currentSize : 14 <-- 0.020522 s
currentSize : 15 <-- 0.156104 s
currentSize : 16 <-- 0.157002 s
currentSize : 17 <-- 0.798107 s
currentSize : 18 <-- 2.367477 s
currentSize : 19 <-- 5.530413 s
currentSize : 20 <-- 8.046759 s
currentSize : 21 <-- 18.720856 s

maxsize : 21
nodes : 2552816.000000
filtered : 62504251.000000
CCGP filtered : 25393339.000000
CCGT filtered : 9529607.000000
time : 22.789991
