Parameters: GAD=1 vflib=1 dir=0 label=0 lowerbound=1 fileNameGp=../../cp2016-max-common-connected-subgraph-paper/datasets/graphsdb/mcs50/m2D/m2Dr4/mcs50_m2Dr4_s30.A05 fileNameGt=../../cp2016-max-common-connected-subgraph-paper/datasets/graphsdb/mcs50/m2D/m2Dr4/mcs50_m2Dr4_s30.B05
Reading graphs...
30 :  61
30 :  59
Initializing...
maxdom : 30
D->valSize : 900
Solving...
currentSize : 10 <-- 0.010706 s
currentSize : 11 <-- 0.010745 s
currentSize : 14 <-- 0.010801 s
currentSize : 15 <-- 0.010821 s
currentSize : 16 <-- 0.011348 s
currentSize : 17 <-- 0.012001 s
currentSize : 18 <-- 0.013866 s
currentSize : 19 <-- 0.019614 s
currentSize : 20 <-- 6.133111 s

maxsize : 20
nodes : 11804971.000000
filtered : 270901086.000000
CCGP filtered : 53709462.000000
CCGT filtered : 37697116.000000
time : 97.760674
