Parameters: GAD=1 vflib=1 dir=0 label=0 lowerbound=1 fileNameGp=../../cp2016-max-common-connected-subgraph-paper/datasets/graphsdb/mcs50/m2D/m2Dr2/mcs50_m2Dr2_s30.A03 fileNameGt=../../cp2016-max-common-connected-subgraph-paper/datasets/graphsdb/mcs50/m2D/m2Dr2/mcs50_m2Dr2_s30.B03
Reading graphs...
30 :  55
30 :  54
Initializing...
maxdom : 30
D->valSize : 900
Solving...
currentSize : 11 <-- 0.019322 s
currentSize : 15 <-- 0.019391 s
currentSize : 16 <-- 0.019443 s
currentSize : 17 <-- 0.023062 s
currentSize : 18 <-- 0.024202 s
currentSize : 19 <-- 0.057345 s
currentSize : 20 <-- 0.071486 s
currentSize : 21 <-- 16.340931 s
currentSize : 22 <-- 16.341011 s

maxsize : 22
nodes : 2866142.000000
filtered : 69565549.000000
CCGP filtered : 22793173.000000
CCGT filtered : 10173897.000000
time : 24.268488
