Parameters: GAD=1 vflib=1 dir=0 label=0 lowerbound=1 fileNameGp=../../cp2016-max-common-connected-subgraph-paper/datasets/graphsdb/mcs50/m4D/m4Dr2/mcs50_m4Dr2_s40.A03 fileNameGt=../../cp2016-max-common-connected-subgraph-paper/datasets/graphsdb/mcs50/m4D/m4Dr2/mcs50_m4Dr2_s40.B03
Reading graphs...
40 :  78
40 :  77
Initializing...
maxdom : 40
D->valSize : 1600
Solving...
currentSize : 18 <-- 0.035714 s
currentSize : 19 <-- 0.035916 s
currentSize : 20 <-- 0.036433 s
currentSize : 21 <-- 0.036995 s
currentSize : 22 <-- 0.042332 s
currentSize : 23 <-- 0.055540 s
currentSize : 24 <-- 0.082708 s
currentSize : 25 <-- 11.282885 s
currentSize : 26 <-- 11.860485 s
currentSize : 27 <-- 67.442802 s

TIMEOUT
maxsize : 27
nodes : 83420024.000000
filtered : 2633472876.000000
CCGP filtered : 1136643215.000000
CCGT filtered : 1013439894.000000
time : 1000.000000
