Parameters: GAD=1 vflib=1 dir=0 label=0 lowerbound=1 fileNameGp=../../cp2016-max-common-connected-subgraph-paper/datasets/graphsdb/mcs50/m2D/m2Dr4/mcs50_m2Dr4_s50.A01 fileNameGt=../../cp2016-max-common-connected-subgraph-paper/datasets/graphsdb/mcs50/m2D/m2Dr4/mcs50_m2Dr4_s50.B01
Reading graphs...
50 :  103
50 :  103
Initializing...
maxdom : 50
D->valSize : 2500
Solving...
currentSize : 17 <-- 0.115270 s
currentSize : 18 <-- 0.115318 s
currentSize : 19 <-- 0.115396 s
currentSize : 20 <-- 0.115750 s
currentSize : 21 <-- 0.116156 s
currentSize : 22 <-- 0.116345 s
currentSize : 23 <-- 0.116397 s
currentSize : 24 <-- 0.117681 s
currentSize : 25 <-- 0.124255 s
currentSize : 26 <-- 0.124650 s
currentSize : 27 <-- 0.125159 s
currentSize : 28 <-- 0.308189 s
currentSize : 29 <-- 0.548161 s
currentSize : 30 <-- 0.548347 s
currentSize : 31 <-- 2.680534 s
currentSize : 32 <-- 4.493074 s

TIMEOUT
maxsize : 32
nodes : 68209964.000000
filtered : 2166366682.000000
CCGP filtered : 655462937.000000
CCGT filtered : 510490634.000000
time : 1000.000000
