Parameters: GAD=1 vflib=1 dir=0 label=0 lowerbound=1 fileNameGp=../../cp2016-max-common-connected-subgraph-paper/datasets/graphsdb/mcs50/m4D/m4Dr4/mcs50_m4Dr4_s40.A06 fileNameGt=../../cp2016-max-common-connected-subgraph-paper/datasets/graphsdb/mcs50/m4D/m4Dr4/mcs50_m4Dr4_s40.B06
Reading graphs...
40 :  82
40 :  85
Initializing...
maxdom : 40
D->valSize : 1600
Solving...
currentSize : 17 <-- 0.057086 s
currentSize : 18 <-- 0.057268 s
currentSize : 19 <-- 0.060613 s
currentSize : 20 <-- 0.083822 s
currentSize : 21 <-- 0.085923 s
currentSize : 22 <-- 0.148047 s
currentSize : 23 <-- 0.362582 s
currentSize : 24 <-- 20.813383 s
currentSize : 25 <-- 20.910389 s
currentSize : 26 <-- 28.194952 s
currentSize : 27 <-- 920.965820 s

TIMEOUT
maxsize : 27
nodes : 85276187.000000
filtered : 2614357426.000000
CCGP filtered : 901978720.000000
CCGT filtered : 416098648.000000
time : 1000.000000
