Parameters: GAD=1 vflib=1 dir=0 label=0 lowerbound=1 fileNameGp=../../cp2016-max-common-connected-subgraph-paper/datasets/graphsdb/mcs50/bvg/b06m/mcs50_b06m_s30.A00 fileNameGt=../../cp2016-max-common-connected-subgraph-paper/datasets/graphsdb/mcs50/bvg/b06m/mcs50_b06m_s30.B00
Reading graphs...
30 :  87
30 :  85
Initializing...
maxdom : 30
D->valSize : 900
Solving...
currentSize : 9 <-- 0.010283 s
currentSize : 11 <-- 0.010347 s
currentSize : 12 <-- 0.010502 s
currentSize : 13 <-- 0.011397 s
currentSize : 14 <-- 0.012814 s
currentSize : 15 <-- 0.015636 s
currentSize : 16 <-- 0.025849 s
currentSize : 17 <-- 0.059184 s
currentSize : 18 <-- 0.267165 s

maxsize : 18
nodes : 16069517.000000
filtered : 414171064.000000
CCGP filtered : 31804179.000000
CCGT filtered : 41464907.000000
time : 145.871841
