Parameters: GAD=1 vflib=1 dir=0 label=0 lowerbound=1 fileNameGp=../../cp2016-max-common-connected-subgraph-paper/datasets/graphsdb/mcs50/m4D/m4D/mcs50_m4D_s30.A06 fileNameGt=../../cp2016-max-common-connected-subgraph-paper/datasets/graphsdb/mcs50/m4D/m4D/mcs50_m4D_s30.B06
Reading graphs...
30 :  55
30 :  55
Initializing...
maxdom : 30
D->valSize : 900
Solving...
currentSize : 8 <-- 0.010794 s
currentSize : 9 <-- 0.010890 s
currentSize : 10 <-- 0.010908 s
currentSize : 14 <-- 0.011002 s
currentSize : 15 <-- 0.027325 s
currentSize : 16 <-- 0.069269 s
currentSize : 17 <-- 0.150337 s
currentSize : 18 <-- 0.151528 s
currentSize : 19 <-- 0.247975 s
currentSize : 20 <-- 0.460399 s
currentSize : 21 <-- 3.031099 s

maxsize : 21
nodes : 1151076.000000
filtered : 28628156.000000
CCGP filtered : 20684999.000000
CCGT filtered : 13234019.000000
time : 10.507141
