Parameters: GAD=1 vflib=1 dir=0 label=0 lowerbound=1 fileNameGp=../../cp2016-max-common-connected-subgraph-paper/datasets/graphsdb/mcs50/bvg/b09m/mcs50_b09m_s50.A02 fileNameGt=../../cp2016-max-common-connected-subgraph-paper/datasets/graphsdb/mcs50/bvg/b09m/mcs50_b09m_s50.B02
Reading graphs...
50 :  216
50 :  216
Initializing...
maxdom : 50
D->valSize : 2500
Solving...
currentSize : 14 <-- 0.085524 s
currentSize : 15 <-- 0.085695 s
currentSize : 16 <-- 0.086507 s
currentSize : 17 <-- 0.087445 s
currentSize : 18 <-- 0.091803 s
currentSize : 19 <-- 0.108781 s
currentSize : 20 <-- 0.562584 s
currentSize : 21 <-- 1.379843 s
currentSize : 22 <-- 4.539978 s
currentSize : 23 <-- 45.437641 s

TIMEOUT
maxsize : 23
nodes : 68051353.000000
filtered : 1616256672.000000
CCGP filtered : 41607266.000000
CCGT filtered : 84048576.000000
time : 1000.000000
