Parameters: GAD=1 vflib=1 dir=0 label=0 lowerbound=1 fileNameGp=../../cp2016-max-common-connected-subgraph-paper/datasets/graphsdb/mcs50/bvg/b03/mcs50_b03_s30.A09 fileNameGt=../../cp2016-max-common-connected-subgraph-paper/datasets/graphsdb/mcs50/bvg/b03/mcs50_b03_s30.B09
Reading graphs...
30 :  44
30 :  45
Initializing...
maxdom : 30
D->valSize : 900
Solving...
currentSize : 10 <-- 0.011041 s
currentSize : 11 <-- 0.011085 s
currentSize : 14 <-- 0.011158 s
currentSize : 15 <-- 0.011365 s
currentSize : 16 <-- 0.011487 s
currentSize : 17 <-- 0.012172 s
currentSize : 18 <-- 0.019699 s
currentSize : 19 <-- 0.021540 s
currentSize : 20 <-- 0.022244 s
currentSize : 21 <-- 0.052624 s
currentSize : 22 <-- 6.625364 s

maxsize : 22
nodes : 1970636.000000
filtered : 45172311.000000
CCGP filtered : 27312762.000000
CCGT filtered : 15709953.000000
time : 16.823511
