Parameters: GAD=1 vflib=1 dir=0 label=0 lowerbound=1 fileNameGp=../../cp2016-max-common-connected-subgraph-paper/datasets/graphsdb/mcs50/m4D/m4Dr6/mcs50_m4Dr6_s40.A03 fileNameGt=../../cp2016-max-common-connected-subgraph-paper/datasets/graphsdb/mcs50/m4D/m4Dr6/mcs50_m4Dr6_s40.B03
Reading graphs...
40 :  90
40 :  90
Initializing...
maxdom : 40
D->valSize : 1600
Solving...
currentSize : 14 <-- 0.035087 s
currentSize : 15 <-- 0.035124 s
currentSize : 18 <-- 0.035282 s
currentSize : 19 <-- 0.035433 s
currentSize : 20 <-- 0.038898 s
currentSize : 21 <-- 0.047580 s
currentSize : 22 <-- 0.047914 s
currentSize : 23 <-- 0.508945 s
currentSize : 24 <-- 0.577509 s
currentSize : 25 <-- 0.870013 s
currentSize : 26 <-- 67.533524 s

TIMEOUT
maxsize : 26
nodes : 82029412.000000
filtered : 2761952976.000000
CCGP filtered : 610335532.000000
CCGT filtered : 516237535.000000
time : 1000.000000
