Parameters: GAD=1 vflib=1 dir=0 label=0 lowerbound=1 fileNameGp=../../cp2016-max-common-connected-subgraph-paper/datasets/graphsdb/mcs50/m2D/m2Dr4/mcs50_m2Dr4_s40.A00 fileNameGt=../../cp2016-max-common-connected-subgraph-paper/datasets/graphsdb/mcs50/m2D/m2Dr4/mcs50_m2Dr4_s40.B00
Reading graphs...
40 :  81
40 :  81
Initializing...
maxdom : 40
D->valSize : 1600
Solving...
currentSize : 16 <-- 0.035270 s
currentSize : 17 <-- 0.035391 s
currentSize : 18 <-- 0.035563 s
currentSize : 19 <-- 0.036693 s
currentSize : 20 <-- 0.037889 s
currentSize : 21 <-- 0.038369 s
currentSize : 22 <-- 0.125783 s
currentSize : 23 <-- 0.291914 s
currentSize : 24 <-- 1.685028 s
currentSize : 25 <-- 5.665469 s

TIMEOUT
maxsize : 25
nodes : 90554494.000000
filtered : 2270016947.000000
CCGP filtered : 754876315.000000
CCGT filtered : 402108662.000000
time : 1000.000000
