Parameters: GAD=1 vflib=1 dir=0 label=0 lowerbound=1 fileNameGp=../../cp2016-max-common-connected-subgraph-paper/datasets/graphsdb/mcs50/m3D/m3Dr2/mcs50_m3Dr2_s50.A09 fileNameGt=../../cp2016-max-common-connected-subgraph-paper/datasets/graphsdb/mcs50/m3D/m3Dr2/mcs50_m3Dr2_s50.B09
Reading graphs...
50 :  119
50 :  116
Initializing...
maxdom : 50
D->valSize : 2500
Solving...
currentSize : 21 <-- 0.093659 s
currentSize : 22 <-- 0.095593 s
currentSize : 23 <-- 0.113176 s
currentSize : 24 <-- 0.117280 s
currentSize : 25 <-- 0.119571 s
currentSize : 26 <-- 0.286131 s
currentSize : 27 <-- 0.532326 s
currentSize : 28 <-- 0.735054 s
currentSize : 29 <-- 0.753089 s
currentSize : 30 <-- 107.106049 s
currentSize : 31 <-- 287.085358 s

TIMEOUT
maxsize : 31
nodes : 77057269.000000
filtered : 2328305837.000000
CCGP filtered : 371097387.000000
CCGT filtered : 272924247.000000
time : 1000.000000
