Parameters: GAD=1 vflib=1 dir=0 label=0 lowerbound=1 fileNameGp=../../cp2016-max-common-connected-subgraph-paper/datasets/graphsdb/mcs50/bvg/b03m/mcs50_b03m_s30.A06 fileNameGt=../../cp2016-max-common-connected-subgraph-paper/datasets/graphsdb/mcs50/bvg/b03m/mcs50_b03m_s30.B06
Reading graphs...
30 :  44
30 :  42
Initializing...
maxdom : 30
D->valSize : 900
Solving...
currentSize : 10 <-- 0.011189 s
currentSize : 11 <-- 0.011220 s
currentSize : 12 <-- 0.011238 s
currentSize : 15 <-- 0.011363 s
currentSize : 16 <-- 0.024066 s
currentSize : 17 <-- 0.034265 s
currentSize : 18 <-- 0.131209 s
currentSize : 19 <-- 0.225547 s
currentSize : 20 <-- 1.791080 s
currentSize : 21 <-- 2.029493 s
currentSize : 22 <-- 2.794520 s

maxsize : 22
nodes : 594109.000000
filtered : 13070813.000000
CCGP filtered : 10173849.000000
CCGT filtered : 8503926.000000
time : 5.301188
