Parameters: GAD=1 vflib=1 dir=0 label=0 lowerbound=1 fileNameGp=../../cp2016-max-common-connected-subgraph-paper/datasets/graphsdb/mcs50/m4D/m4Dr2/mcs50_m4Dr2_s30.A00 fileNameGt=../../cp2016-max-common-connected-subgraph-paper/datasets/graphsdb/mcs50/m4D/m4Dr2/mcs50_m4Dr2_s30.B00
Reading graphs...
30 :  60
30 :  60
Initializing...
maxdom : 30
D->valSize : 900
Solving...
currentSize : 13 <-- 0.010714 s
currentSize : 14 <-- 0.010882 s
currentSize : 15 <-- 0.010927 s
currentSize : 16 <-- 0.015132 s
currentSize : 17 <-- 0.047224 s
currentSize : 18 <-- 0.051879 s
currentSize : 19 <-- 0.077275 s
currentSize : 20 <-- 3.051316 s
currentSize : 21 <-- 3.596113 s

maxsize : 21
nodes : 2324103.000000
filtered : 67732804.000000
CCGP filtered : 20513437.000000
CCGT filtered : 10999234.000000
time : 20.922514
