Parameters: GAD=1 vflib=1 dir=0 label=0 lowerbound=1 fileNameGp=../../cp2016-max-common-connected-subgraph-paper/datasets/graphsdb/mcs50/bvg/b06/mcs50_b06_s30.A05 fileNameGt=../../cp2016-max-common-connected-subgraph-paper/datasets/graphsdb/mcs50/bvg/b06/mcs50_b06_s30.B05
Reading graphs...
30 :  86
30 :  90
Initializing...
maxdom : 30
D->valSize : 900
Solving...
currentSize : 12 <-- 0.010040 s
currentSize : 13 <-- 0.010085 s
currentSize : 14 <-- 0.010788 s
currentSize : 15 <-- 0.011478 s
currentSize : 16 <-- 0.052162 s
currentSize : 17 <-- 0.316473 s
currentSize : 18 <-- 2.760441 s
currentSize : 19 <-- 5.079235 s
currentSize : 20 <-- 37.967655 s

maxsize : 20
nodes : 5692692.000000
filtered : 165175384.000000
CCGP filtered : 10539540.000000
CCGT filtered : 2880798.000000
time : 53.028740
