Parameters: GAD=1 vflib=1 dir=0 label=0 lowerbound=1 fileNameGp=../../cp2016-max-common-connected-subgraph-paper/datasets/graphsdb/mcs50/m4D/m4Dr4/mcs50_m4Dr4_s35.A04 fileNameGt=../../cp2016-max-common-connected-subgraph-paper/datasets/graphsdb/mcs50/m4D/m4Dr4/mcs50_m4Dr4_s35.B04
Reading graphs...
35 :  77
35 :  75
Initializing...
maxdom : 35
D->valSize : 1225
Solving...
currentSize : 12 <-- 0.020105 s
currentSize : 13 <-- 0.020149 s
currentSize : 14 <-- 0.020178 s
currentSize : 15 <-- 0.020759 s
currentSize : 16 <-- 0.025181 s
currentSize : 17 <-- 0.046937 s
currentSize : 18 <-- 0.076150 s
currentSize : 19 <-- 0.179266 s
currentSize : 20 <-- 0.179443 s
currentSize : 21 <-- 2.665211 s
currentSize : 22 <-- 5.694108 s
currentSize : 23 <-- 85.638550 s

maxsize : 23
nodes : 29195335.000000
filtered : 873055524.000000
CCGP filtered : 231467052.000000
CCGT filtered : 174111474.000000
time : 316.799438
