Parameters: GAD=1 vflib=1 dir=0 label=0 lowerbound=1 fileNameGp=../../cp2016-max-common-connected-subgraph-paper/datasets/graphsdb/mcs50/m2D/m2Dr6/mcs50_m2Dr6_s50.A08 fileNameGt=../../cp2016-max-common-connected-subgraph-paper/datasets/graphsdb/mcs50/m2D/m2Dr6/mcs50_m2Dr6_s50.B08
Reading graphs...
50 :  113
50 :  112
Initializing...
maxdom : 50
D->valSize : 2500
Solving...
currentSize : 20 <-- 0.094015 s
currentSize : 21 <-- 0.094194 s
currentSize : 23 <-- 0.094501 s
currentSize : 24 <-- 0.101254 s
currentSize : 25 <-- 0.115643 s
currentSize : 26 <-- 0.116047 s
currentSize : 27 <-- 0.116480 s
currentSize : 28 <-- 0.132231 s
currentSize : 29 <-- 0.661179 s
currentSize : 30 <-- 5.737498 s
currentSize : 31 <-- 26.094212 s
currentSize : 32 <-- 164.985931 s

TIMEOUT
maxsize : 32
nodes : 66774260.000000
filtered : 2394411149.000000
CCGP filtered : 221841971.000000
CCGT filtered : 199495576.000000
time : 1000.000000
