Parameters: GAD=1 vflib=1 dir=0 label=0 lowerbound=1 fileNameGp=../../cp2016-max-common-connected-subgraph-paper/datasets/graphsdb/mcs50/bvg/b06m/mcs50_b06m_s50.A05 fileNameGt=../../cp2016-max-common-connected-subgraph-paper/datasets/graphsdb/mcs50/bvg/b06m/mcs50_b06m_s50.B05
Reading graphs...
50 :  148
50 :  145
Initializing...
maxdom : 50
D->valSize : 2500
Solving...
currentSize : 19 <-- 0.090982 s
currentSize : 20 <-- 0.091119 s
currentSize : 21 <-- 0.091272 s
currentSize : 22 <-- 0.104753 s
currentSize : 23 <-- 0.127219 s
currentSize : 24 <-- 0.420384 s
currentSize : 25 <-- 0.497615 s
currentSize : 26 <-- 1.087257 s
currentSize : 27 <-- 10.641813 s
currentSize : 28 <-- 37.286217 s

TIMEOUT
maxsize : 28
nodes : 65582408.000000
filtered : 2241711837.000000
CCGP filtered : 397040022.000000
CCGT filtered : 274385542.000000
time : 1000.000061
