Parameters: GAD=1 vflib=1 dir=0 label=0 lowerbound=1 fileNameGp=../../cp2016-max-common-connected-subgraph-paper/datasets/graphsdb/mcs50/m4D/m4Dr4/mcs50_m4Dr4_s40.A00 fileNameGt=../../cp2016-max-common-connected-subgraph-paper/datasets/graphsdb/mcs50/m4D/m4Dr4/mcs50_m4Dr4_s40.B00
Reading graphs...
40 :  86
40 :  85
Initializing...
maxdom : 40
D->valSize : 1600
Solving...
currentSize : 14 <-- 0.035451 s
currentSize : 15 <-- 0.035686 s
currentSize : 17 <-- 0.035787 s
currentSize : 18 <-- 0.035938 s
currentSize : 19 <-- 0.045678 s
currentSize : 20 <-- 0.104858 s
currentSize : 21 <-- 0.252238 s
currentSize : 22 <-- 0.942747 s
currentSize : 23 <-- 2.721531 s
currentSize : 24 <-- 13.995185 s
currentSize : 25 <-- 29.317602 s
currentSize : 26 <-- 188.288666 s

TIMEOUT
maxsize : 26
nodes : 85585902.000000
filtered : 2650152841.000000
CCGP filtered : 851400756.000000
CCGT filtered : 675083476.000000
time : 1000.000000
