Parameters: GAD=1 vflib=1 dir=0 label=0 lowerbound=1 fileNameGp=../../cp2016-max-common-connected-subgraph-paper/datasets/graphsdb/mcs50/bvg/b03m/mcs50_b03m_s40.A03 fileNameGt=../../cp2016-max-common-connected-subgraph-paper/datasets/graphsdb/mcs50/bvg/b03m/mcs50_b03m_s40.B03
Reading graphs...
40 :  58
40 :  58
Initializing...
maxdom : 40
D->valSize : 1600
Solving...
currentSize : 19 <-- 0.036700 s
currentSize : 20 <-- 0.036819 s
currentSize : 21 <-- 0.043109 s
currentSize : 22 <-- 0.071856 s
currentSize : 23 <-- 0.072175 s
currentSize : 24 <-- 0.100177 s
currentSize : 25 <-- 2.607500 s
currentSize : 26 <-- 4.375228 s
currentSize : 27 <-- 11.464775 s
currentSize : 28 <-- 11.776904 s
currentSize : 29 <-- 11.779780 s

maxsize : 29
nodes : 54769490.000000
filtered : 1736988693.000000
CCGP filtered : 1507063758.000000
CCGT filtered : 792856079.000000
time : 668.545959
