Parameters: GAD=1 vflib=1 dir=0 label=0 lowerbound=1 fileNameGp=../../cp2016-max-common-connected-subgraph-paper/datasets/graphsdb/mcs50/m4D/m4Dr2/mcs50_m4Dr2_s35.A00 fileNameGt=../../cp2016-max-common-connected-subgraph-paper/datasets/graphsdb/mcs50/m4D/m4Dr2/mcs50_m4Dr2_s35.B00
Reading graphs...
35 :  68
35 :  68
Initializing...
maxdom : 35
D->valSize : 1225
Solving...
currentSize : 14 <-- 0.020364 s
currentSize : 17 <-- 0.020544 s
currentSize : 18 <-- 0.020633 s
currentSize : 19 <-- 0.021097 s
currentSize : 20 <-- 0.021611 s
currentSize : 21 <-- 0.032487 s
currentSize : 22 <-- 0.037280 s
currentSize : 23 <-- 1.434231 s
currentSize : 24 <-- 92.671005 s

maxsize : 24
nodes : 20371122.000000
filtered : 583436583.000000
CCGP filtered : 165957641.000000
CCGT filtered : 128621987.000000
time : 202.488297
