Parameters: GAD=1 vflib=1 dir=0 label=0 lowerbound=1 fileNameGp=../../cp2016-max-common-connected-subgraph-paper/datasets/graphsdb/mcs50/m2D/m2Dr2/mcs50_m2Dr2_s50.A08 fileNameGt=../../cp2016-max-common-connected-subgraph-paper/datasets/graphsdb/mcs50/m2D/m2Dr2/mcs50_m2Dr2_s50.B08
Reading graphs...
50 :  95
50 :  95
Initializing...
maxdom : 50
D->valSize : 2500
Solving...
currentSize : 21 <-- 0.095900 s
currentSize : 23 <-- 0.095986 s
currentSize : 24 <-- 0.096373 s
currentSize : 26 <-- 0.099206 s
currentSize : 27 <-- 0.100635 s
currentSize : 28 <-- 0.114549 s
currentSize : 29 <-- 0.139514 s
currentSize : 30 <-- 0.526605 s
currentSize : 31 <-- 1.368341 s
currentSize : 32 <-- 3.170428 s

TIMEOUT
maxsize : 32
nodes : 72719864.000000
filtered : 2206517987.000000
CCGP filtered : 940126405.000000
CCGT filtered : 875363320.000000
time : 1000.000000
