Parameters: GAD=1 vflib=1 dir=0 label=0 lowerbound=1 fileNameGp=../../cp2016-max-common-connected-subgraph-paper/datasets/graphsdb/mcs50/m3D/m3Dr6/mcs50_m3Dr6_s50.A07 fileNameGt=../../cp2016-max-common-connected-subgraph-paper/datasets/graphsdb/mcs50/m3D/m3Dr6/mcs50_m3Dr6_s50.B07
Reading graphs...
50 :  135
50 :  133
Initializing...
maxdom : 50
D->valSize : 2500
Solving...
currentSize : 19 <-- 0.091954 s
currentSize : 20 <-- 0.093106 s
currentSize : 21 <-- 0.095037 s
currentSize : 22 <-- 0.096868 s
currentSize : 23 <-- 0.203052 s
currentSize : 24 <-- 0.204774 s
currentSize : 25 <-- 0.255666 s
currentSize : 26 <-- 1.483043 s
currentSize : 27 <-- 22.383606 s
currentSize : 28 <-- 280.536682 s

TIMEOUT
maxsize : 28
nodes : 70657614.000000
filtered : 1658023746.000000
CCGP filtered : 207187057.000000
CCGT filtered : 363680274.000000
time : 1000.000000
