Parameters: GAD=1 vflib=1 dir=0 label=0 lowerbound=1 fileNameGp=../../cp2016-max-common-connected-subgraph-paper/datasets/graphsdb/mcs50/m4D/m4Dr6/mcs50_m4Dr6_s40.A00 fileNameGt=../../cp2016-max-common-connected-subgraph-paper/datasets/graphsdb/mcs50/m4D/m4Dr6/mcs50_m4Dr6_s40.B00
Reading graphs...
40 :  93
40 :  94
Initializing...
maxdom : 40
D->valSize : 1600
Solving...
currentSize : 13 <-- 0.034752 s
currentSize : 16 <-- 0.034816 s
currentSize : 17 <-- 0.035068 s
currentSize : 18 <-- 0.036365 s
currentSize : 19 <-- 0.042239 s
currentSize : 20 <-- 0.054549 s
currentSize : 21 <-- 0.139047 s
currentSize : 22 <-- 1.678230 s
currentSize : 23 <-- 3.543939 s
currentSize : 24 <-- 12.465942 s
currentSize : 25 <-- 51.792294 s
currentSize : 26 <-- 330.012817 s

TIMEOUT
maxsize : 26
nodes : 83374516.000000
filtered : 2831542198.000000
CCGP filtered : 452120719.000000
CCGT filtered : 358136975.000000
time : 1000.000000
