Parameters: GAD=1 vflib=1 dir=0 label=0 lowerbound=1 fileNameGp=../../cp2016-max-common-connected-subgraph-paper/datasets/graphsdb/mcs50/m4D/m4Dr2/mcs50_m4Dr2_s30.A01 fileNameGt=../../cp2016-max-common-connected-subgraph-paper/datasets/graphsdb/mcs50/m4D/m4Dr2/mcs50_m4Dr2_s30.B01
Reading graphs...
30 :  60
30 :  59
Initializing...
maxdom : 30
D->valSize : 900
Solving...
currentSize : 11 <-- 0.018899 s
currentSize : 14 <-- 0.019008 s
currentSize : 15 <-- 0.019459 s
currentSize : 16 <-- 0.021382 s
currentSize : 17 <-- 0.024437 s
currentSize : 18 <-- 0.098347 s
currentSize : 19 <-- 0.825589 s
currentSize : 20 <-- 1.082498 s
currentSize : 21 <-- 6.439102 s

maxsize : 21
nodes : 1812465.000000
filtered : 52901218.000000
CCGP filtered : 19628568.000000
CCGT filtered : 15366746.000000
time : 17.355785
