Parameters: GAD=1 vflib=1 dir=0 label=0 lowerbound=1 fileNameGp=../../cp2016-max-common-connected-subgraph-paper/datasets/graphsdb/mcs50/m2D/m2Dr6/mcs50_m2Dr6_s50.A03 fileNameGt=../../cp2016-max-common-connected-subgraph-paper/datasets/graphsdb/mcs50/m2D/m2Dr6/mcs50_m2Dr6_s50.B03
Reading graphs...
50 :  112
50 :  112
Initializing...
maxdom : 50
D->valSize : 2500
Solving...
currentSize : 15 <-- 0.160782 s
currentSize : 16 <-- 0.160945 s
currentSize : 17 <-- 0.161295 s
currentSize : 18 <-- 0.162829 s
currentSize : 19 <-- 0.168204 s
currentSize : 20 <-- 0.205904 s
currentSize : 21 <-- 0.345003 s
currentSize : 22 <-- 0.380734 s
currentSize : 23 <-- 0.384959 s
currentSize : 24 <-- 0.481236 s
currentSize : 25 <-- 0.652231 s
currentSize : 26 <-- 0.776451 s
currentSize : 27 <-- 0.793271 s
currentSize : 28 <-- 33.809219 s
currentSize : 29 <-- 105.724525 s
currentSize : 30 <-- 762.204956 s

TIMEOUT
maxsize : 30
nodes : 70946210.000000
filtered : 1966768791.000000
CCGP filtered : 680178282.000000
CCGT filtered : 693870166.000000
time : 1000.000000
