Parameters: GAD=1 vflib=1 dir=0 label=0 lowerbound=1 fileNameGp=../../cp2016-max-common-connected-subgraph-paper/datasets/graphsdb/mcs50/bvg/b03/mcs50_b03_s35.A02 fileNameGt=../../cp2016-max-common-connected-subgraph-paper/datasets/graphsdb/mcs50/bvg/b03/mcs50_b03_s35.B02
Reading graphs...
35 :  52
35 :  52
Initializing...
maxdom : 35
D->valSize : 1225
Solving...
currentSize : 17 <-- 0.021070 s
currentSize : 18 <-- 0.021105 s
currentSize : 19 <-- 0.021669 s
currentSize : 20 <-- 0.022909 s
currentSize : 21 <-- 0.027754 s
currentSize : 22 <-- 0.557905 s
currentSize : 23 <-- 0.558144 s
currentSize : 24 <-- 7.026313 s
currentSize : 25 <-- 18.195253 s
currentSize : 26 <-- 58.894295 s

maxsize : 26
nodes : 8376441.000000
filtered : 235790064.000000
CCGP filtered : 117208386.000000
CCGT filtered : 75422685.000000
time : 84.197769
