Parameters: GAD=1 vflib=1 dir=0 label=0 lowerbound=1 fileNameGp=../../cp2016-max-common-connected-subgraph-paper/datasets/graphsdb/mcs50/bvg/b03/mcs50_b03_s25.A02 fileNameGt=../../cp2016-max-common-connected-subgraph-paper/datasets/graphsdb/mcs50/bvg/b03/mcs50_b03_s25.B02
Reading graphs...
25 :  37
25 :  37
Initializing...
maxdom : 25
D->valSize : 625
Solving...
currentSize : 8 <-- 0.005309 s
currentSize : 9 <-- 0.005340 s
currentSize : 10 <-- 0.005479 s
currentSize : 12 <-- 0.005660 s
currentSize : 13 <-- 0.006923 s
currentSize : 15 <-- 0.009298 s
currentSize : 16 <-- 0.015003 s
currentSize : 17 <-- 0.204415 s
currentSize : 18 <-- 0.693404 s
currentSize : 19 <-- 1.018728 s

maxsize : 19
nodes : 192366.000000
filtered : 3452470.000000
CCGP filtered : 1803074.000000
CCGT filtered : 751259.000000
time : 1.307100
