Parameters: GAD=1 vflib=1 dir=0 label=0 lowerbound=1 fileNameGp=../../cp2016-max-common-connected-subgraph-paper/datasets/graphsdb/mcs50/bvg/b03/mcs50_b03_s35.A07 fileNameGt=../../cp2016-max-common-connected-subgraph-paper/datasets/graphsdb/mcs50/bvg/b03/mcs50_b03_s35.B07
Reading graphs...
35 :  52
35 :  52
Initializing...
maxdom : 35
D->valSize : 1225
Solving...
currentSize : 14 <-- 0.020845 s
currentSize : 17 <-- 0.020967 s
currentSize : 18 <-- 0.021611 s
currentSize : 20 <-- 0.024260 s
currentSize : 21 <-- 0.025688 s
currentSize : 22 <-- 0.291909 s
currentSize : 23 <-- 2.376253 s
currentSize : 24 <-- 20.641697 s
currentSize : 25 <-- 23.414297 s

maxsize : 25
nodes : 6613854.000000
filtered : 181144794.000000
CCGP filtered : 166560026.000000
CCGT filtered : 84200973.000000
time : 69.696747
