Parameters: GAD=1 vflib=1 dir=0 label=0 lowerbound=1 fileNameGp=../../cp2016-max-common-connected-subgraph-paper/datasets/graphsdb/mcs50/bvg/b03m/mcs50_b03m_s30.A07 fileNameGt=../../cp2016-max-common-connected-subgraph-paper/datasets/graphsdb/mcs50/bvg/b03m/mcs50_b03m_s30.B07
Reading graphs...
30 :  45
30 :  45
Initializing...
maxdom : 30
D->valSize : 900
Solving...
currentSize : 14 <-- 0.019787 s
currentSize : 15 <-- 0.019893 s
currentSize : 16 <-- 0.019962 s
currentSize : 17 <-- 0.020188 s
currentSize : 18 <-- 0.020490 s
currentSize : 19 <-- 0.020834 s
currentSize : 20 <-- 0.088012 s
currentSize : 21 <-- 5.047839 s
currentSize : 22 <-- 6.852302 s

maxsize : 22
nodes : 1655878.000000
filtered : 37622369.000000
CCGP filtered : 19990947.000000
CCGT filtered : 19088730.000000
time : 14.987299
