Parameters: GAD=1 vflib=1 dir=0 label=0 lowerbound=1 fileNameGp=../../cp2016-max-common-connected-subgraph-paper/datasets/graphsdb/mcs50/m2D/m2Dr4/mcs50_m2Dr4_s50.A09 fileNameGt=../../cp2016-max-common-connected-subgraph-paper/datasets/graphsdb/mcs50/m2D/m2Dr4/mcs50_m2Dr4_s50.B09
Reading graphs...
50 :  104
50 :  102
Initializing...
maxdom : 50
D->valSize : 2500
Solving...
currentSize : 21 <-- 0.094942 s
currentSize : 22 <-- 0.096162 s
currentSize : 23 <-- 0.096637 s
currentSize : 24 <-- 0.106012 s
currentSize : 25 <-- 0.271360 s
currentSize : 26 <-- 0.498120 s
currentSize : 27 <-- 7.873331 s
currentSize : 28 <-- 9.530749 s
currentSize : 29 <-- 41.938759 s
currentSize : 30 <-- 221.378372 s

TIMEOUT
maxsize : 30
nodes : 65737191.000000
filtered : 2018215039.000000
CCGP filtered : 935429800.000000
CCGT filtered : 661441753.000000
time : 1000.000000
