Parameters: GAD=1 vflib=1 dir=0 label=0 lowerbound=1 fileNameGp=../../cp2016-max-common-connected-subgraph-paper/datasets/graphsdb/mcs50/rand/r01/mcs50_r01_s35.A03 fileNameGt=../../cp2016-max-common-connected-subgraph-paper/datasets/graphsdb/mcs50/rand/r01/mcs50_r01_s35.B03
Reading graphs...
35 :  113
35 :  111
Initializing...
maxdom : 35
D->valSize : 1225
Solving...
currentSize : 11 <-- 0.018972 s
currentSize : 12 <-- 0.019003 s
currentSize : 13 <-- 0.019088 s
currentSize : 14 <-- 0.020903 s
currentSize : 15 <-- 0.026310 s
currentSize : 16 <-- 0.034159 s
currentSize : 17 <-- 0.063402 s
currentSize : 18 <-- 0.081338 s
currentSize : 19 <-- 1.155849 s
currentSize : 20 <-- 213.506195 s

TIMEOUT
maxsize : 20
nodes : 96019065.000000
filtered : 2207344288.000000
CCGP filtered : 149561958.000000
CCGT filtered : 139202629.000000
time : 1000.000000
