Parameters: GAD=1 vflib=1 dir=0 label=0 lowerbound=1 fileNameGp=../../cp2016-max-common-connected-subgraph-paper/datasets/graphsdb/mcs50/m2D/m2Dr2/mcs50_m2Dr2_s50.A03 fileNameGt=../../cp2016-max-common-connected-subgraph-paper/datasets/graphsdb/mcs50/m2D/m2Dr2/mcs50_m2Dr2_s50.B03
Reading graphs...
50 :  93
50 :  93
Initializing...
maxdom : 50
D->valSize : 2500
Solving...
currentSize : 18 <-- 0.126552 s
currentSize : 19 <-- 0.126723 s
currentSize : 20 <-- 0.127236 s
currentSize : 24 <-- 0.127387 s
currentSize : 26 <-- 0.127567 s
currentSize : 27 <-- 0.129427 s
currentSize : 28 <-- 0.149790 s
currentSize : 29 <-- 0.265861 s
currentSize : 30 <-- 2.069341 s
currentSize : 31 <-- 3.229301 s
currentSize : 32 <-- 56.959377 s
currentSize : 33 <-- 735.276245 s

TIMEOUT
maxsize : 33
nodes : 73054063.000000
filtered : 2246426065.000000
CCGP filtered : 821324472.000000
CCGT filtered : 541377005.000000
time : 1000.000000
