Parameters: GAD=1 vflib=1 dir=0 label=0 lowerbound=1 fileNameGp=../../cp2016-max-common-connected-subgraph-paper/datasets/graphsdb/mcs50/bvg/b03/mcs50_b03_s50.A09 fileNameGt=../../cp2016-max-common-connected-subgraph-paper/datasets/graphsdb/mcs50/bvg/b03/mcs50_b03_s50.B09
Reading graphs...
50 :  75
50 :  75
Initializing...
maxdom : 50
D->valSize : 2500
Solving...
currentSize : 20 <-- 0.122610 s
currentSize : 21 <-- 0.122731 s
currentSize : 22 <-- 0.123057 s
currentSize : 24 <-- 0.123501 s
currentSize : 25 <-- 0.123824 s
currentSize : 26 <-- 0.125348 s
currentSize : 27 <-- 0.618239 s
currentSize : 28 <-- 1.937373 s
currentSize : 29 <-- 3.094101 s
currentSize : 30 <-- 8.937962 s
currentSize : 31 <-- 17.526979 s
currentSize : 32 <-- 130.643845 s
currentSize : 33 <-- 618.745117 s

TIMEOUT
maxsize : 33
nodes : 71234559.000000
filtered : 2165065955.000000
CCGP filtered : 2274268091.000000
CCGT filtered : 1148406422.000000
time : 1000.000000
