Parameters: GAD=1 vflib=1 dir=0 label=0 lowerbound=1 fileNameGp=../../cp2016-max-common-connected-subgraph-paper/datasets/graphsdb/mcs50/rand/r005/mcs50_r005_s20.A00 fileNameGt=../../cp2016-max-common-connected-subgraph-paper/datasets/graphsdb/mcs50/rand/r005/mcs50_r005_s20.B00
Reading graphs...
20 :  24
20 :  24
Initializing...
maxdom : 20
D->valSize : 400
Solving...
currentSize : 6 <-- 0.002278 s
currentSize : 7 <-- 0.002377 s
currentSize : 8 <-- 0.002498 s
currentSize : 9 <-- 0.002592 s
currentSize : 10 <-- 0.002815 s
currentSize : 11 <-- 0.002875 s
currentSize : 12 <-- 0.003558 s
currentSize : 13 <-- 0.003692 s
currentSize : 14 <-- 0.004222 s
currentSize : 16 <-- 0.004309 s

maxsize : 16
nodes : 2337.000000
filtered : 65007.000000
CCGP filtered : 68484.000000
CCGT filtered : 21220.000000
time : 0.019375
