Parameters: GAD=1 vflib=1 dir=0 label=0 lowerbound=1 fileNameGp=../../cp2016-max-common-connected-subgraph-paper/datasets/graphsdb/mcs50/m4D/m4Dr2/mcs50_m4Dr2_s35.A09 fileNameGt=../../cp2016-max-common-connected-subgraph-paper/datasets/graphsdb/mcs50/m4D/m4Dr2/mcs50_m4Dr2_s35.B09
Reading graphs...
35 :  69
35 :  66
Initializing...
maxdom : 35
D->valSize : 1225
Solving...
currentSize : 17 <-- 0.020256 s
currentSize : 18 <-- 0.023423 s
currentSize : 19 <-- 0.610938 s
currentSize : 20 <-- 0.796099 s
currentSize : 21 <-- 9.198623 s
currentSize : 22 <-- 9.228393 s
currentSize : 23 <-- 17.617220 s
currentSize : 24 <-- 28.424532 s
currentSize : 25 <-- 94.917389 s

maxsize : 25
nodes : 9895297.000000
filtered : 279722540.000000
CCGP filtered : 136332194.000000
CCGT filtered : 89000641.000000
time : 100.994576
