Parameters: GAD=1 vflib=1 dir=0 label=0 lowerbound=1 fileNameGp=../../cp2016-max-common-connected-subgraph-paper/datasets/graphsdb/mcs50/bvg/b03/mcs50_b03_s35.A09 fileNameGt=../../cp2016-max-common-connected-subgraph-paper/datasets/graphsdb/mcs50/bvg/b03/mcs50_b03_s35.B09
Reading graphs...
35 :  49
35 :  52
Initializing...
maxdom : 35
D->valSize : 1225
Solving...
currentSize : 16 <-- 0.020995 s
currentSize : 17 <-- 0.021031 s
currentSize : 18 <-- 0.021167 s
currentSize : 19 <-- 0.036396 s
currentSize : 20 <-- 0.055469 s
currentSize : 21 <-- 0.118713 s
currentSize : 22 <-- 1.024498 s
currentSize : 23 <-- 1.486935 s
currentSize : 24 <-- 15.045027 s

maxsize : 24
nodes : 19004976.000000
filtered : 466543419.000000
CCGP filtered : 394593628.000000
CCGT filtered : 205014986.000000
time : 191.952087
