Parameters: GAD=1 vflib=1 dir=0 label=0 lowerbound=1 fileNameGp=../../cp2016-max-common-connected-subgraph-paper/datasets/graphsdb/mcs50/m2D/m2Dr2/mcs50_m2Dr2_s40.A08 fileNameGt=../../cp2016-max-common-connected-subgraph-paper/datasets/graphsdb/mcs50/m2D/m2Dr2/mcs50_m2Dr2_s40.B08
Reading graphs...
40 :  75
40 :  75
Initializing...
maxdom : 40
D->valSize : 1600
Solving...
currentSize : 15 <-- 0.035513 s
currentSize : 19 <-- 0.035665 s
currentSize : 20 <-- 0.049388 s
currentSize : 21 <-- 0.052957 s
currentSize : 22 <-- 0.191080 s
currentSize : 23 <-- 0.361361 s
currentSize : 24 <-- 4.362242 s
currentSize : 25 <-- 16.318207 s
currentSize : 26 <-- 120.856628 s
currentSize : 27 <-- 201.059891 s
currentSize : 28 <-- 309.157562 s

TIMEOUT
maxsize : 28
nodes : 81189920.000000
filtered : 2683015041.000000
CCGP filtered : 1443171445.000000
CCGT filtered : 708963456.000000
time : 1000.000000
