Parameters: GAD=1 vflib=1 dir=0 label=0 lowerbound=1 fileNameGp=../../cp2016-max-common-connected-subgraph-paper/datasets/graphsdb/mcs50/rand/r005/mcs50_r005_s40.A07 fileNameGt=../../cp2016-max-common-connected-subgraph-paper/datasets/graphsdb/mcs50/rand/r005/mcs50_r005_s40.B07
Reading graphs...
40 :  77
40 :  76
Initializing...
maxdom : 40
D->valSize : 1600
Solving...
currentSize : 18 <-- 0.036319 s
currentSize : 19 <-- 0.036513 s
currentSize : 20 <-- 0.044855 s
currentSize : 21 <-- 0.058573 s
currentSize : 22 <-- 0.060599 s
currentSize : 23 <-- 0.074244 s
currentSize : 24 <-- 2.422874 s
currentSize : 25 <-- 4.095106 s
currentSize : 26 <-- 49.812862 s
currentSize : 27 <-- 444.633698 s

TIMEOUT
maxsize : 27
nodes : 88339138.000000
filtered : 2762945520.000000
CCGP filtered : 837423128.000000
CCGT filtered : 576337054.000000
time : 1000.000000
