Parameters: GAD=1 vflib=1 dir=0 label=0 lowerbound=1 fileNameGp=../../cp2016-max-common-connected-subgraph-paper/datasets/graphsdb/mcs50/m4D/m4D/mcs50_m4D_s35.A06 fileNameGt=../../cp2016-max-common-connected-subgraph-paper/datasets/graphsdb/mcs50/m4D/m4D/mcs50_m4D_s35.B06
Reading graphs...
35 :  63
35 :  63
Initializing...
maxdom : 35
D->valSize : 1225
Solving...
currentSize : 17 <-- 0.036184 s
currentSize : 18 <-- 0.036587 s
currentSize : 19 <-- 0.037145 s
currentSize : 20 <-- 0.414902 s
currentSize : 21 <-- 2.061233 s
currentSize : 22 <-- 5.558339 s
currentSize : 23 <-- 11.658379 s
currentSize : 24 <-- 19.249355 s
currentSize : 25 <-- 33.748047 s

maxsize : 25
nodes : 4819003.000000
filtered : 113262025.000000
CCGP filtered : 103707892.000000
CCGT filtered : 40608131.000000
time : 47.166702
