Parameters: GAD=1 vflib=1 dir=0 label=0 lowerbound=1 fileNameGp=../../cp2016-max-common-connected-subgraph-paper/datasets/graphsdb/mcs50/bvg/b03m/mcs50_b03m_s40.A05 fileNameGt=../../cp2016-max-common-connected-subgraph-paper/datasets/graphsdb/mcs50/bvg/b03m/mcs50_b03m_s40.B05
Reading graphs...
40 :  60
40 :  60
Initializing...
maxdom : 40
D->valSize : 1600
Solving...
currentSize : 19 <-- 0.036481 s
currentSize : 20 <-- 0.036561 s
currentSize : 21 <-- 0.036800 s
currentSize : 22 <-- 0.117144 s
currentSize : 23 <-- 0.117360 s
currentSize : 24 <-- 1.702702 s
currentSize : 25 <-- 2.126901 s
currentSize : 26 <-- 5.836767 s
currentSize : 27 <-- 7.411484 s
currentSize : 28 <-- 7.411609 s
currentSize : 29 <-- 32.684471 s

maxsize : 29
nodes : 35872376.000000
filtered : 1312235703.000000
CCGP filtered : 725517351.000000
CCGT filtered : 435324203.000000
time : 438.907745
