Parameters: GAD=1 vflib=1 dir=0 label=0 lowerbound=1 fileNameGp=../../cp2016-max-common-connected-subgraph-paper/datasets/graphsdb/mcs50/bvg/b03m/mcs50_b03m_s40.A07 fileNameGt=../../cp2016-max-common-connected-subgraph-paper/datasets/graphsdb/mcs50/bvg/b03m/mcs50_b03m_s40.B07
Reading graphs...
40 :  60
40 :  60
Initializing...
maxdom : 40
D->valSize : 1600
Solving...
currentSize : 17 <-- 0.036492 s
currentSize : 19 <-- 0.036598 s
currentSize : 21 <-- 0.036992 s
currentSize : 22 <-- 0.037357 s
currentSize : 23 <-- 0.075495 s
currentSize : 24 <-- 0.084407 s
currentSize : 25 <-- 0.090329 s
currentSize : 26 <-- 0.292904 s
currentSize : 27 <-- 0.462907 s
currentSize : 28 <-- 36.585304 s
currentSize : 29 <-- 136.940948 s

maxsize : 29
nodes : 46106339.000000
filtered : 1546162884.000000
CCGP filtered : 1302911122.000000
CCGT filtered : 488949612.000000
time : 531.358765
