Parameters: GAD=1 vflib=1 dir=0 label=0 lowerbound=1 fileNameGp=../../cp2016-max-common-connected-subgraph-paper/datasets/graphsdb/mcs50/m2D/m2Dr4/mcs50_m2Dr4_s50.A03 fileNameGt=../../cp2016-max-common-connected-subgraph-paper/datasets/graphsdb/mcs50/m2D/m2Dr4/mcs50_m2Dr4_s50.B03
Reading graphs...
50 :  104
50 :  102
Initializing...
maxdom : 50
D->valSize : 2500
Solving...
currentSize : 20 <-- 0.094481 s
currentSize : 21 <-- 0.094684 s
currentSize : 22 <-- 0.101202 s
currentSize : 23 <-- 0.139150 s
currentSize : 25 <-- 0.139424 s
currentSize : 26 <-- 0.335422 s
currentSize : 27 <-- 0.408820 s
currentSize : 29 <-- 2.144560 s
currentSize : 30 <-- 82.596596 s
currentSize : 31 <-- 125.846725 s
currentSize : 32 <-- 196.066101 s

TIMEOUT
maxsize : 32
nodes : 73304541.000000
filtered : 2103366288.000000
CCGP filtered : 766347489.000000
CCGT filtered : 354547240.000000
time : 1000.000000
