Parameters: GAD=1 vflib=1 dir=0 label=0 lowerbound=1 fileNameGp=../../cp2016-max-common-connected-subgraph-paper/datasets/graphsdb/mcs50/m2D/m2Dr6/mcs50_m2Dr6_s50.A02 fileNameGt=../../cp2016-max-common-connected-subgraph-paper/datasets/graphsdb/mcs50/m2D/m2Dr6/mcs50_m2Dr6_s50.B02
Reading graphs...
50 :  113
50 :  112
Initializing...
maxdom : 50
D->valSize : 2500
Solving...
currentSize : 18 <-- 0.119333 s
currentSize : 19 <-- 0.119400 s
currentSize : 21 <-- 0.119715 s
currentSize : 22 <-- 0.120504 s
currentSize : 23 <-- 0.126246 s
currentSize : 24 <-- 0.126445 s
currentSize : 25 <-- 0.263164 s
currentSize : 26 <-- 1.030901 s
currentSize : 27 <-- 2.253875 s
currentSize : 28 <-- 7.514371 s
currentSize : 29 <-- 13.804876 s
currentSize : 30 <-- 166.916687 s

TIMEOUT
maxsize : 30
nodes : 67240157.000000
filtered : 1869042922.000000
CCGP filtered : 467170431.000000
CCGT filtered : 497697879.000000
time : 1000.000000
