Parameters: GAD=1 vflib=1 dir=0 label=0 lowerbound=1 fileNameGp=../../cp2016-max-common-connected-subgraph-paper/datasets/graphsdb/mcs50/bvg/b03m/mcs50_b03m_s50.A07 fileNameGt=../../cp2016-max-common-connected-subgraph-paper/datasets/graphsdb/mcs50/bvg/b03m/mcs50_b03m_s50.B07
Reading graphs...
50 :  75
50 :  74
Initializing...
maxdom : 50
D->valSize : 2500
Solving...
currentSize : 22 <-- 0.097832 s
currentSize : 23 <-- 0.098058 s
currentSize : 24 <-- 0.098315 s
currentSize : 27 <-- 0.146569 s
currentSize : 28 <-- 0.147259 s
currentSize : 29 <-- 8.297579 s
currentSize : 30 <-- 13.317888 s
currentSize : 31 <-- 13.354864 s
currentSize : 33 <-- 45.626343 s
currentSize : 34 <-- 45.789360 s
currentSize : 35 <-- 779.246399 s

TIMEOUT
maxsize : 35
nodes : 64680691.000000
filtered : 2061961536.000000
CCGP filtered : 1987675279.000000
CCGT filtered : 1452399330.000000
time : 1000.000000
