Parameters: GAD=1 vflib=1 dir=0 label=0 lowerbound=1 fileNameGp=../../cp2016-max-common-connected-subgraph-paper/datasets/graphsdb/mcs50/m2D/m2Dr4/mcs50_m2Dr4_s40.A09 fileNameGt=../../cp2016-max-common-connected-subgraph-paper/datasets/graphsdb/mcs50/m2D/m2Dr4/mcs50_m2Dr4_s40.B09
Reading graphs...
40 :  82
40 :  80
Initializing...
maxdom : 40
D->valSize : 1600
Solving...
currentSize : 17 <-- 0.050701 s
currentSize : 18 <-- 0.050975 s
currentSize : 19 <-- 0.061543 s
currentSize : 20 <-- 0.062233 s
currentSize : 21 <-- 0.070247 s
currentSize : 22 <-- 0.132890 s
currentSize : 23 <-- 0.267129 s
currentSize : 24 <-- 0.711520 s
currentSize : 25 <-- 10.275580 s
currentSize : 26 <-- 56.762737 s

TIMEOUT
maxsize : 26
nodes : 89101835.000000
filtered : 2645841885.000000
CCGP filtered : 604896228.000000
CCGT filtered : 448242678.000000
time : 1000.000000
