Parameters: GAD=1 vflib=1 dir=0 label=0 lowerbound=1 fileNameGp=../../cp2016-max-common-connected-subgraph-paper/datasets/graphsdb/mcs50/m3D/m3Dr6/mcs50_m3Dr6_s50.A00 fileNameGt=../../cp2016-max-common-connected-subgraph-paper/datasets/graphsdb/mcs50/m3D/m3Dr6/mcs50_m3Dr6_s50.B00
Reading graphs...
50 :  135
50 :  137
Initializing...
maxdom : 50
D->valSize : 2500
Solving...
currentSize : 18 <-- 0.123192 s
currentSize : 19 <-- 0.123445 s
currentSize : 20 <-- 0.123483 s
currentSize : 21 <-- 0.123522 s
currentSize : 22 <-- 0.123739 s
currentSize : 24 <-- 0.127818 s
currentSize : 25 <-- 0.228084 s
currentSize : 26 <-- 2.580728 s
currentSize : 27 <-- 5.403525 s
currentSize : 28 <-- 298.525879 s

TIMEOUT
maxsize : 28
nodes : 68848547.000000
filtered : 1691056071.000000
CCGP filtered : 282704169.000000
CCGT filtered : 250587167.000000
time : 1000.000000
