Parameters: GAD=1 vflib=1 dir=0 label=0 lowerbound=1 fileNameGp=../../cp2016-max-common-connected-subgraph-paper/datasets/graphsdb/mcs50/bvg/b03m/mcs50_b03m_s35.A07 fileNameGt=../../cp2016-max-common-connected-subgraph-paper/datasets/graphsdb/mcs50/bvg/b03m/mcs50_b03m_s35.B07
Reading graphs...
35 :  52
35 :  52
Initializing...
maxdom : 35
D->valSize : 1225
Solving...
currentSize : 15 <-- 0.021145 s
currentSize : 16 <-- 0.021181 s
currentSize : 17 <-- 0.021311 s
currentSize : 18 <-- 0.025877 s
currentSize : 19 <-- 0.033893 s
currentSize : 20 <-- 0.053819 s
currentSize : 21 <-- 0.054365 s
currentSize : 22 <-- 0.338782 s
currentSize : 23 <-- 2.317854 s
currentSize : 24 <-- 6.958695 s
currentSize : 25 <-- 33.149990 s

maxsize : 25
nodes : 7289355.000000
filtered : 197445738.000000
CCGP filtered : 124733902.000000
CCGT filtered : 83110358.000000
time : 74.616890
