Parameters: GAD=1 vflib=1 dir=0 label=0 lowerbound=1 fileNameGp=../../cp2016-max-common-connected-subgraph-paper/datasets/graphsdb/mcs50/m3D/m3Dr6/mcs50_m3Dr6_s50.A02 fileNameGt=../../cp2016-max-common-connected-subgraph-paper/datasets/graphsdb/mcs50/m3D/m3Dr6/mcs50_m3Dr6_s50.B02
Reading graphs...
50 :  135
50 :  135
Initializing...
maxdom : 50
D->valSize : 2500
Solving...
currentSize : 17 <-- 0.092091 s
currentSize : 19 <-- 0.092185 s
currentSize : 20 <-- 0.092382 s
currentSize : 22 <-- 0.092496 s
currentSize : 23 <-- 0.093166 s
currentSize : 24 <-- 0.098131 s
currentSize : 25 <-- 0.106608 s
currentSize : 26 <-- 4.901262 s
currentSize : 27 <-- 59.778984 s
currentSize : 28 <-- 68.532013 s

TIMEOUT
maxsize : 28
nodes : 72031214.000000
filtered : 1793482204.000000
CCGP filtered : 261263744.000000
CCGT filtered : 316492814.000000
time : 1000.000000
