Parameters: GAD=1 vflib=1 dir=0 label=0 lowerbound=1 fileNameGp=../../cp2016-max-common-connected-subgraph-paper/datasets/graphsdb/mcs50/bvg/b06m/mcs50_b06m_s40.A08 fileNameGt=../../cp2016-max-common-connected-subgraph-paper/datasets/graphsdb/mcs50/bvg/b06m/mcs50_b06m_s40.B08
Reading graphs...
40 :  117
40 :  116
Initializing...
maxdom : 40
D->valSize : 1600
Solving...
currentSize : 12 <-- 0.033762 s
currentSize : 13 <-- 0.033816 s
currentSize : 15 <-- 0.033947 s
currentSize : 16 <-- 0.034369 s
currentSize : 18 <-- 0.034444 s
currentSize : 19 <-- 0.051865 s
currentSize : 20 <-- 1.367892 s
currentSize : 21 <-- 10.227159 s
currentSize : 22 <-- 26.436457 s
currentSize : 23 <-- 896.909912 s

TIMEOUT
maxsize : 23
nodes : 85140441.000000
filtered : 2239983808.000000
CCGP filtered : 310046183.000000
CCGT filtered : 382732915.000000
time : 1000.000000
