Parameters: GAD=1 vflib=1 dir=0 label=0 lowerbound=1 fileNameGp=../../cp2016-max-common-connected-subgraph-paper/datasets/graphsdb/mcs50/bvg/b03m/mcs50_b03m_s50.A03 fileNameGt=../../cp2016-max-common-connected-subgraph-paper/datasets/graphsdb/mcs50/bvg/b03m/mcs50_b03m_s50.B03
Reading graphs...
50 :  74
50 :  74
Initializing...
maxdom : 50
D->valSize : 2500
Solving...
currentSize : 22 <-- 0.097793 s
currentSize : 24 <-- 0.097911 s
currentSize : 25 <-- 0.173199 s
currentSize : 26 <-- 0.271494 s
currentSize : 27 <-- 0.486818 s
currentSize : 28 <-- 1.461183 s
currentSize : 29 <-- 56.266815 s
currentSize : 30 <-- 83.734207 s
currentSize : 31 <-- 110.255791 s
currentSize : 32 <-- 127.444786 s
currentSize : 33 <-- 207.658020 s

TIMEOUT
maxsize : 33
nodes : 63500339.000000
filtered : 1881216622.000000
CCGP filtered : 2439804323.000000
CCGT filtered : 1865662350.000000
time : 1000.000000
