Parameters: GAD=1 vflib=1 dir=0 label=0 lowerbound=1 fileNameGp=../../cp2016-max-common-connected-subgraph-paper/datasets/graphsdb/mcs50/bvg/b03m/mcs50_b03m_s50.A06 fileNameGt=../../cp2016-max-common-connected-subgraph-paper/datasets/graphsdb/mcs50/bvg/b03m/mcs50_b03m_s50.B06
Reading graphs...
50 :  74
50 :  72
Initializing...
maxdom : 50
D->valSize : 2500
Solving...
currentSize : 23 <-- 0.121214 s
currentSize : 24 <-- 0.124950 s
currentSize : 25 <-- 0.128947 s
currentSize : 26 <-- 0.129017 s
currentSize : 27 <-- 0.130825 s
currentSize : 28 <-- 0.131380 s
currentSize : 29 <-- 0.149264 s
currentSize : 30 <-- 0.182034 s
currentSize : 31 <-- 12.679548 s
currentSize : 32 <-- 12.679879 s
currentSize : 33 <-- 108.622589 s
currentSize : 34 <-- 224.085236 s

TIMEOUT
maxsize : 34
nodes : 68647158.000000
filtered : 2091016293.000000
CCGP filtered : 2698786624.000000
CCGT filtered : 1398738131.000000
time : 1000.000000
