Parameters: GAD=1 vflib=1 dir=0 label=0 lowerbound=1 fileNameGp=../../cp2016-max-common-connected-subgraph-paper/datasets/graphsdb/mcs50/bvg/b06/mcs50_b06_s35.A01 fileNameGt=../../cp2016-max-common-connected-subgraph-paper/datasets/graphsdb/mcs50/bvg/b06/mcs50_b06_s35.B01
Reading graphs...
35 :  104
35 :  103
Initializing...
maxdom : 35
D->valSize : 1225
Solving...
currentSize : 12 <-- 0.019654 s
currentSize : 15 <-- 0.019845 s
currentSize : 16 <-- 0.031290 s
currentSize : 17 <-- 0.101369 s
currentSize : 18 <-- 0.515869 s
currentSize : 19 <-- 7.469826 s
currentSize : 20 <-- 64.038155 s
currentSize : 21 <-- 134.159821 s
currentSize : 22 <-- 212.037766 s
currentSize : 23 <-- 414.984558 s

maxsize : 23
nodes : 43649670.000000
filtered : 1441666149.000000
CCGP filtered : 133414096.000000
CCGT filtered : 110469233.000000
time : 482.760925
