Parameters: GAD=1 vflib=1 dir=0 label=0 lowerbound=1 fileNameGp=../../cp2016-max-common-connected-subgraph-paper/datasets/graphsdb/mcs50/rand/r005/mcs50_r005_s35.A06 fileNameGt=../../cp2016-max-common-connected-subgraph-paper/datasets/graphsdb/mcs50/rand/r005/mcs50_r005_s35.B06
Reading graphs...
35 :  61
35 :  61
Initializing...
maxdom : 35
D->valSize : 1225
Solving...
currentSize : 16 <-- 0.020387 s
currentSize : 17 <-- 0.020464 s
currentSize : 18 <-- 0.020510 s
currentSize : 19 <-- 0.026925 s
currentSize : 20 <-- 0.028662 s
currentSize : 21 <-- 0.034106 s
currentSize : 22 <-- 0.451639 s
currentSize : 23 <-- 1.515133 s
currentSize : 24 <-- 9.026415 s
currentSize : 25 <-- 71.492149 s

maxsize : 25
nodes : 36568089.000000
filtered : 1068234978.000000
CCGP filtered : 271403292.000000
CCGT filtered : 222498982.000000
time : 372.602631
