Parameters: GAD=1 vflib=1 dir=0 label=0 lowerbound=1 fileNameGp=../../cp2016-max-common-connected-subgraph-paper/datasets/graphsdb/mcs50/bvg/b03/mcs50_b03_s35.A06 fileNameGt=../../cp2016-max-common-connected-subgraph-paper/datasets/graphsdb/mcs50/bvg/b03/mcs50_b03_s35.B06
Reading graphs...
35 :  52
35 :  52
Initializing...
maxdom : 35
D->valSize : 1225
Solving...
currentSize : 12 <-- 0.020820 s
currentSize : 16 <-- 0.021027 s
currentSize : 17 <-- 0.021179 s
currentSize : 18 <-- 0.021243 s
currentSize : 19 <-- 0.062251 s
currentSize : 20 <-- 0.091151 s
currentSize : 21 <-- 0.164057 s
currentSize : 22 <-- 0.489934 s
currentSize : 23 <-- 2.317360 s
currentSize : 24 <-- 5.611697 s
currentSize : 25 <-- 12.389105 s

maxsize : 25
nodes : 6196831.000000
filtered : 167171081.000000
CCGP filtered : 121914897.000000
CCGT filtered : 67691171.000000
time : 63.620945
