Parameters: GAD=1 vflib=1 dir=0 label=0 lowerbound=1 fileNameGp=../../cp2016-max-common-connected-subgraph-paper/datasets/graphsdb/mcs50/m4D/m4Dr2/mcs50_m4Dr2_s35.A02 fileNameGt=../../cp2016-max-common-connected-subgraph-paper/datasets/graphsdb/mcs50/m4D/m4Dr2/mcs50_m4Dr2_s35.B02
Reading graphs...
35 :  70
35 :  68
Initializing...
maxdom : 35
D->valSize : 1225
Solving...
currentSize : 13 <-- 0.020364 s
currentSize : 15 <-- 0.020431 s
currentSize : 18 <-- 0.020740 s
currentSize : 19 <-- 0.020829 s
currentSize : 20 <-- 0.037253 s
currentSize : 21 <-- 0.380544 s
currentSize : 22 <-- 0.822822 s
currentSize : 23 <-- 1.214587 s
currentSize : 24 <-- 76.048492 s
currentSize : 25 <-- 113.349442 s

maxsize : 25
nodes : 15476077.000000
filtered : 448427975.000000
CCGP filtered : 182247088.000000
CCGT filtered : 120739225.000000
time : 164.297440
