Parameters: GAD=1 vflib=1 dir=0 label=0 lowerbound=1 fileNameGp=../../cp2016-max-common-connected-subgraph-paper/datasets/graphsdb/mcs50/m4D/m4Dr4/mcs50_m4Dr4_s40.A04 fileNameGt=../../cp2016-max-common-connected-subgraph-paper/datasets/graphsdb/mcs50/m4D/m4Dr4/mcs50_m4Dr4_s40.B04
Reading graphs...
40 :  86
40 :  84
Initializing...
maxdom : 40
D->valSize : 1600
Solving...
currentSize : 13 <-- 0.035238 s
currentSize : 15 <-- 0.035281 s
currentSize : 16 <-- 0.035419 s
currentSize : 18 <-- 0.037066 s
currentSize : 19 <-- 0.055334 s
currentSize : 20 <-- 0.095731 s
currentSize : 21 <-- 0.115268 s
currentSize : 22 <-- 0.375765 s
currentSize : 23 <-- 0.460266 s
currentSize : 24 <-- 2.978744 s
currentSize : 25 <-- 16.133678 s
currentSize : 26 <-- 757.772034 s
currentSize : 27 <-- 871.169922 s

TIMEOUT
maxsize : 27
nodes : 88524475.000000
filtered : 2480263877.000000
CCGP filtered : 885759208.000000
CCGT filtered : 515011125.000000
time : 1000.000000
