Parameters: GAD=1 vflib=1 dir=0 label=0 lowerbound=1 fileNameGp=../../cp2016-max-common-connected-subgraph-paper/datasets/graphsdb/mcs50/rand/r005/mcs50_r005_s35.A03 fileNameGt=../../cp2016-max-common-connected-subgraph-paper/datasets/graphsdb/mcs50/rand/r005/mcs50_r005_s35.B03
Reading graphs...
35 :  62
35 :  58
Initializing...
maxdom : 35
D->valSize : 1225
Solving...
currentSize : 14 <-- 0.036808 s
currentSize : 15 <-- 0.037153 s
currentSize : 16 <-- 0.037822 s
currentSize : 17 <-- 0.037910 s
currentSize : 18 <-- 0.038545 s
currentSize : 19 <-- 0.045519 s
currentSize : 20 <-- 0.111601 s
currentSize : 21 <-- 0.243246 s
currentSize : 22 <-- 0.248507 s
currentSize : 23 <-- 5.240483 s
currentSize : 24 <-- 33.172195 s

maxsize : 24
nodes : 19426976.000000
filtered : 581228592.000000
CCGP filtered : 259328455.000000
CCGT filtered : 164636356.000000
time : 198.390213
