Parameters: GAD=1 vflib=1 dir=0 label=0 lowerbound=1 fileNameGp=../../cp2016-max-common-connected-subgraph-paper/datasets/graphsdb/mcs50/rand/r01/mcs50_r01_s30.A05 fileNameGt=../../cp2016-max-common-connected-subgraph-paper/datasets/graphsdb/mcs50/rand/r01/mcs50_r01_s30.B05
Reading graphs...
30 :  81
30 :  79
Initializing...
maxdom : 30
D->valSize : 900
Solving...
currentSize : 10 <-- 0.010411 s
currentSize : 12 <-- 0.010490 s
currentSize : 13 <-- 0.010792 s
currentSize : 14 <-- 0.011919 s
currentSize : 15 <-- 0.015600 s
currentSize : 16 <-- 0.052062 s
currentSize : 17 <-- 0.052760 s
currentSize : 18 <-- 3.870193 s
currentSize : 19 <-- 71.606575 s

maxsize : 19
nodes : 28406087.000000
filtered : 627767075.000000
CCGP filtered : 22700929.000000
CCGT filtered : 12602262.000000
time : 235.909607
