Parameters: GAD=1 vflib=1 dir=0 label=0 lowerbound=1 fileNameGp=../../cp2016-max-common-connected-subgraph-paper/datasets/graphsdb/mcs50/m2D/m2Dr4/mcs50_m2Dr4_s50.A08 fileNameGt=../../cp2016-max-common-connected-subgraph-paper/datasets/graphsdb/mcs50/m2D/m2Dr4/mcs50_m2Dr4_s50.B08
Reading graphs...
50 :  104
50 :  101
Initializing...
maxdom : 50
D->valSize : 2500
Solving...
currentSize : 18 <-- 0.106551 s
currentSize : 19 <-- 0.108360 s
currentSize : 20 <-- 0.109134 s
currentSize : 21 <-- 0.110169 s
currentSize : 22 <-- 0.113264 s
currentSize : 23 <-- 0.114183 s
currentSize : 24 <-- 0.437479 s
currentSize : 26 <-- 0.437732 s
currentSize : 27 <-- 0.836138 s
currentSize : 28 <-- 1.259214 s
currentSize : 29 <-- 1.499257 s
currentSize : 30 <-- 78.406929 s

TIMEOUT
maxsize : 30
nodes : 73282142.000000
filtered : 1942462569.000000
CCGP filtered : 632532132.000000
CCGT filtered : 551149309.000000
time : 1000.000000
