Parameters: GAD=1 vflib=1 dir=0 label=0 lowerbound=1 fileNameGp=../../cp2016-max-common-connected-subgraph-paper/datasets/graphsdb/mcs50/bvg/b06/mcs50_b06_s40.A06 fileNameGt=../../cp2016-max-common-connected-subgraph-paper/datasets/graphsdb/mcs50/bvg/b06/mcs50_b06_s40.B06
Reading graphs...
40 :  118
40 :  118
Initializing...
maxdom : 40
D->valSize : 1600
Solving...
currentSize : 16 <-- 0.033787 s
currentSize : 17 <-- 0.033882 s
currentSize : 18 <-- 0.034368 s
currentSize : 19 <-- 0.034962 s
currentSize : 20 <-- 0.306902 s
currentSize : 21 <-- 6.274734 s
currentSize : 22 <-- 11.021232 s
currentSize : 23 <-- 17.123108 s
currentSize : 24 <-- 35.507290 s
currentSize : 26 <-- 738.442261 s
currentSize : 27 <-- 738.696533 s

TIMEOUT
maxsize : 27
nodes : 77611545.000000
filtered : 2955071934.000000
CCGP filtered : 200594186.000000
CCGT filtered : 186230774.000000
time : 1000.000000
