Parameters: GAD=1 vflib=1 dir=0 label=0 lowerbound=1 fileNameGp=../../cp2016-max-common-connected-subgraph-paper/datasets/graphsdb/mcs50/bvg/b09/mcs50_b09_s40.A05 fileNameGt=../../cp2016-max-common-connected-subgraph-paper/datasets/graphsdb/mcs50/bvg/b09/mcs50_b09_s40.B05
Reading graphs...
40 :  177
40 :  176
Initializing...
maxdom : 40
D->valSize : 1600
Solving...
currentSize : 11 <-- 0.031492 s
currentSize : 13 <-- 0.031536 s
currentSize : 14 <-- 0.031945 s
currentSize : 15 <-- 0.032664 s
currentSize : 16 <-- 0.035196 s
currentSize : 17 <-- 0.041293 s
currentSize : 18 <-- 0.179606 s
currentSize : 19 <-- 2.889251 s
currentSize : 20 <-- 2.933628 s
currentSize : 21 <-- 66.655151 s
currentSize : 22 <-- 66.918701 s

TIMEOUT
maxsize : 22
nodes : 76932767.000000
filtered : 2157313987.000000
CCGP filtered : 13958182.000000
CCGT filtered : 36704818.000000
time : 1000.000000
