Parameters: GAD=1 vflib=1 dir=0 label=0 lowerbound=1 fileNameGp=../../cp2016-max-common-connected-subgraph-paper/datasets/graphsdb/mcs50/m3D/m3Dr2/mcs50_m3Dr2_s50.A05 fileNameGt=../../cp2016-max-common-connected-subgraph-paper/datasets/graphsdb/mcs50/m3D/m3Dr2/mcs50_m3Dr2_s50.B05
Reading graphs...
50 :  119
50 :  118
Initializing...
maxdom : 50
D->valSize : 2500
Solving...
currentSize : 21 <-- 0.094072 s
currentSize : 22 <-- 0.094511 s
currentSize : 23 <-- 0.097286 s
currentSize : 24 <-- 0.100972 s
currentSize : 25 <-- 0.101411 s
currentSize : 26 <-- 0.101838 s
currentSize : 27 <-- 0.129828 s
currentSize : 28 <-- 0.325773 s
currentSize : 29 <-- 9.863228 s
currentSize : 30 <-- 12.343902 s

TIMEOUT
maxsize : 30
nodes : 76871181.000000
filtered : 1896260099.000000
CCGP filtered : 269201154.000000
CCGT filtered : 218134774.000000
time : 1000.000000
