Parameters: GAD=1 vflib=1 dir=0 label=0 lowerbound=1 fileNameGp=../../cp2016-max-common-connected-subgraph-paper/datasets/graphsdb/mcs50/m2D/m2Dr2/mcs50_m2Dr2_s50.A02 fileNameGt=../../cp2016-max-common-connected-subgraph-paper/datasets/graphsdb/mcs50/m2D/m2Dr2/mcs50_m2Dr2_s50.B02
Reading graphs...
50 :  92
50 :  93
Initializing...
maxdom : 50
D->valSize : 2500
Solving...
currentSize : 20 <-- 0.096342 s
currentSize : 23 <-- 0.096382 s
currentSize : 24 <-- 0.096537 s
currentSize : 26 <-- 0.097038 s
currentSize : 27 <-- 0.099257 s
currentSize : 28 <-- 0.103085 s
currentSize : 29 <-- 0.104191 s
currentSize : 30 <-- 0.987272 s
currentSize : 31 <-- 3.112493 s
currentSize : 32 <-- 5.606059 s

TIMEOUT
maxsize : 32
nodes : 70420417.000000
filtered : 2128331892.000000
CCGP filtered : 1053347313.000000
CCGT filtered : 788729461.000000
time : 1000.000000
