Parameters: GAD=1 vflib=1 dir=0 label=0 lowerbound=1 fileNameGp=../../cp2016-max-common-connected-subgraph-paper/datasets/graphsdb/mcs50/m4D/m4D/mcs50_m4D_s30.A04 fileNameGt=../../cp2016-max-common-connected-subgraph-paper/datasets/graphsdb/mcs50/m4D/m4D/mcs50_m4D_s30.B04
Reading graphs...
30 :  55
30 :  55
Initializing...
maxdom : 30
D->valSize : 900
Solving...
currentSize : 14 <-- 0.017532 s
currentSize : 15 <-- 0.017783 s
currentSize : 16 <-- 0.018421 s
currentSize : 17 <-- 0.019947 s
currentSize : 18 <-- 0.069470 s
currentSize : 19 <-- 0.091156 s
currentSize : 20 <-- 0.094964 s
currentSize : 21 <-- 0.098858 s
currentSize : 22 <-- 3.111929 s

maxsize : 22
nodes : 804631.000000
filtered : 20163586.000000
CCGP filtered : 10126854.000000
CCGT filtered : 7854026.000000
time : 7.279454
