Parameters: GAD=1 vflib=1 dir=0 label=0 lowerbound=1 fileNameGp=../../cp2016-max-common-connected-subgraph-paper/datasets/graphsdb/mcs50/m3D/m3Dr4/mcs50_m3Dr4_s50.A01 fileNameGt=../../cp2016-max-common-connected-subgraph-paper/datasets/graphsdb/mcs50/m3D/m3Dr4/mcs50_m3Dr4_s50.B01
Reading graphs...
50 :  126
50 :  126
Initializing...
maxdom : 50
D->valSize : 2500
Solving...
currentSize : 17 <-- 0.093275 s
currentSize : 18 <-- 0.093336 s
currentSize : 19 <-- 0.093526 s
currentSize : 20 <-- 0.094330 s
currentSize : 21 <-- 0.095019 s
currentSize : 22 <-- 0.096937 s
currentSize : 23 <-- 0.097271 s
currentSize : 24 <-- 0.098393 s
currentSize : 25 <-- 0.107422 s
currentSize : 26 <-- 0.259434 s
currentSize : 27 <-- 0.540082 s
currentSize : 28 <-- 1.644734 s
currentSize : 29 <-- 42.107224 s

TIMEOUT
maxsize : 29
nodes : 73037566.000000
filtered : 2030222128.000000
CCGP filtered : 274497528.000000
CCGT filtered : 214368526.000000
time : 1000.000000
