Parameters: GAD=1 vflib=1 dir=0 label=0 lowerbound=1 fileNameGp=../../cp2016-max-common-connected-subgraph-paper/datasets/graphsdb/mcs50/bvg/b03/mcs50_b03_s40.A09 fileNameGt=../../cp2016-max-common-connected-subgraph-paper/datasets/graphsdb/mcs50/bvg/b03/mcs50_b03_s40.B09
Reading graphs...
40 :  60
40 :  60
Initializing...
maxdom : 40
D->valSize : 1600
Solving...
currentSize : 20 <-- 0.058617 s
currentSize : 21 <-- 0.058746 s
currentSize : 22 <-- 0.059078 s
currentSize : 23 <-- 0.063343 s
currentSize : 24 <-- 0.090905 s
currentSize : 25 <-- 0.091718 s
currentSize : 26 <-- 5.856587 s
currentSize : 27 <-- 16.084394 s
currentSize : 28 <-- 19.354908 s
currentSize : 29 <-- 19.438660 s

maxsize : 29
nodes : 19137563.000000
filtered : 594670824.000000
CCGP filtered : 501108969.000000
CCGT filtered : 234778535.000000
time : 226.964172
