Parameters: GAD=1 vflib=1 dir=0 label=0 lowerbound=1 fileNameGp=../../cp2016-max-common-connected-subgraph-paper/datasets/graphsdb/mcs50/m2D/m2D/mcs50_m2D_s40.A06 fileNameGt=../../cp2016-max-common-connected-subgraph-paper/datasets/graphsdb/mcs50/m2D/m2D/mcs50_m2D_s40.B06
Reading graphs...
40 :  66
40 :  66
Initializing...
maxdom : 40
D->valSize : 1600
Solving...
currentSize : 13 <-- 0.036229 s
currentSize : 19 <-- 0.036342 s
currentSize : 20 <-- 0.036398 s
currentSize : 21 <-- 0.037117 s
currentSize : 22 <-- 0.039281 s
currentSize : 23 <-- 0.039963 s
currentSize : 24 <-- 0.044601 s
currentSize : 25 <-- 1.136388 s
currentSize : 26 <-- 3.758115 s
currentSize : 27 <-- 17.202242 s
currentSize : 28 <-- 47.101604 s

maxsize : 28
nodes : 72284009.000000
filtered : 2428015856.000000
CCGP filtered : 1083122093.000000
CCGT filtered : 842637610.000000
time : 906.351685
