Parameters: GAD=1 vflib=1 dir=0 label=0 lowerbound=1 fileNameGp=../../cp2016-max-common-connected-subgraph-paper/datasets/graphsdb/mcs50/m3D/m3Dr2/mcs50_m3Dr2_s50.A03 fileNameGt=../../cp2016-max-common-connected-subgraph-paper/datasets/graphsdb/mcs50/m3D/m3Dr2/mcs50_m3Dr2_s50.B03
Reading graphs...
50 :  119
50 :  116
Initializing...
maxdom : 50
D->valSize : 2500
Solving...
currentSize : 18 <-- 0.093952 s
currentSize : 20 <-- 0.095241 s
currentSize : 21 <-- 0.116090 s
currentSize : 22 <-- 0.164446 s
currentSize : 23 <-- 0.408427 s
currentSize : 24 <-- 0.412124 s
currentSize : 25 <-- 0.569894 s
currentSize : 26 <-- 0.570002 s
currentSize : 27 <-- 6.852800 s
currentSize : 28 <-- 111.928017 s

TIMEOUT
maxsize : 28
nodes : 70237947.000000
filtered : 1756656486.000000
CCGP filtered : 480303035.000000
CCGT filtered : 471790392.000000
time : 1000.000000
