Parameters: GAD=1 vflib=1 dir=0 label=0 lowerbound=1 fileNameGp=../../cp2016-max-common-connected-subgraph-paper/datasets/graphsdb/mcs50/m3D/m3Dr4/mcs50_m3Dr4_s50.A06 fileNameGt=../../cp2016-max-common-connected-subgraph-paper/datasets/graphsdb/mcs50/m3D/m3Dr4/mcs50_m3Dr4_s50.B06
Reading graphs...
50 :  127
50 :  128
Initializing...
maxdom : 50
D->valSize : 2500
Solving...
currentSize : 17 <-- 0.092902 s
currentSize : 20 <-- 0.093129 s
currentSize : 22 <-- 0.093185 s
currentSize : 23 <-- 0.098661 s
currentSize : 24 <-- 0.099046 s
currentSize : 25 <-- 0.282684 s
currentSize : 26 <-- 3.996363 s
currentSize : 27 <-- 11.221418 s
currentSize : 28 <-- 75.060097 s
currentSize : 29 <-- 620.960632 s

TIMEOUT
maxsize : 29
nodes : 71907941.000000
filtered : 2006315335.000000
CCGP filtered : 435812398.000000
CCGT filtered : 434636342.000000
time : 1000.000000
