Parameters: GAD=1 vflib=1 dir=0 label=0 lowerbound=1 fileNameGp=../../cp2016-max-common-connected-subgraph-paper/datasets/graphsdb/mcs50/bvg/b03m/mcs50_b03m_s30.A03 fileNameGt=../../cp2016-max-common-connected-subgraph-paper/datasets/graphsdb/mcs50/bvg/b03m/mcs50_b03m_s30.B03
Reading graphs...
30 :  43
30 :  44
Initializing...
maxdom : 30
D->valSize : 900
Solving...
currentSize : 9 <-- 0.011268 s
currentSize : 13 <-- 0.011337 s
currentSize : 15 <-- 0.013559 s
currentSize : 17 <-- 0.014092 s
currentSize : 18 <-- 0.027291 s
currentSize : 19 <-- 0.062679 s
currentSize : 20 <-- 0.559176 s
currentSize : 21 <-- 0.825708 s
currentSize : 22 <-- 1.339782 s

maxsize : 22
nodes : 503990.000000
filtered : 11711092.000000
CCGP filtered : 7860435.000000
CCGT filtered : 4839785.000000
time : 4.436374
