Parameters: GAD=1 vflib=1 dir=0 label=0 lowerbound=1 fileNameGp=../../cp2016-max-common-connected-subgraph-paper/datasets/graphsdb/mcs50/bvg/b09/mcs50_b09_s40.A06 fileNameGt=../../cp2016-max-common-connected-subgraph-paper/datasets/graphsdb/mcs50/bvg/b09/mcs50_b09_s40.B06
Reading graphs...
40 :  176
40 :  176
Initializing...
maxdom : 40
D->valSize : 1600
Solving...
currentSize : 14 <-- 0.031699 s
currentSize : 15 <-- 0.032090 s
currentSize : 16 <-- 0.039632 s
currentSize : 17 <-- 0.040412 s
currentSize : 18 <-- 0.151623 s
currentSize : 19 <-- 14.052383 s
currentSize : 20 <-- 21.450745 s
currentSize : 21 <-- 21.763348 s
currentSize : 22 <-- 65.990547 s
currentSize : 23 <-- 81.076057 s

TIMEOUT
maxsize : 23
nodes : 75199251.000000
filtered : 2344155024.000000
CCGP filtered : 30470366.000000
CCGT filtered : 14469060.000000
time : 1000.000000
