Parameters: GAD=1 vflib=1 dir=0 label=0 lowerbound=1 fileNameGp=../../cp2016-max-common-connected-subgraph-paper/datasets/graphsdb/mcs50/bvg/b03m/mcs50_b03m_s35.A04 fileNameGt=../../cp2016-max-common-connected-subgraph-paper/datasets/graphsdb/mcs50/bvg/b03m/mcs50_b03m_s35.B04
Reading graphs...
35 :  51
35 :  51
Initializing...
maxdom : 35
D->valSize : 1225
Solving...
currentSize : 15 <-- 0.034275 s
currentSize : 16 <-- 0.034823 s
currentSize : 17 <-- 0.035619 s
currentSize : 18 <-- 0.035715 s
currentSize : 19 <-- 0.036976 s
currentSize : 20 <-- 0.037020 s
currentSize : 21 <-- 0.045890 s
currentSize : 22 <-- 0.061197 s
currentSize : 23 <-- 0.761758 s
currentSize : 24 <-- 5.322703 s
currentSize : 25 <-- 5.323155 s

maxsize : 25
nodes : 3390870.000000
filtered : 92744440.000000
CCGP filtered : 69158368.000000
CCGT filtered : 45814560.000000
time : 35.463120
