Parameters: GAD=1 vflib=1 dir=0 label=0 lowerbound=1 fileNameGp=../../cp2016-max-common-connected-subgraph-paper/datasets/graphsdb/mcs50/bvg/b03m/mcs50_b03m_s25.A04 fileNameGt=../../cp2016-max-common-connected-subgraph-paper/datasets/graphsdb/mcs50/bvg/b03m/mcs50_b03m_s25.B04
Reading graphs...
25 :  36
25 :  36
Initializing...
maxdom : 25
D->valSize : 625
Solving...
currentSize : 10 <-- 0.009327 s
currentSize : 11 <-- 0.009936 s
currentSize : 12 <-- 0.010027 s
currentSize : 13 <-- 0.010455 s
currentSize : 14 <-- 0.010555 s
currentSize : 15 <-- 0.011373 s
currentSize : 16 <-- 0.026562 s
currentSize : 17 <-- 0.147549 s
currentSize : 18 <-- 0.397796 s

maxsize : 18
nodes : 173658.000000
filtered : 3449713.000000
CCGP filtered : 2859821.000000
CCGT filtered : 1378041.000000
time : 1.349662
