Parameters: GAD=1 vflib=1 dir=0 label=0 lowerbound=1 fileNameGp=../../cp2016-max-common-connected-subgraph-paper/datasets/graphsdb/mcs50/bvg/b03m/mcs50_b03m_s30.A02 fileNameGt=../../cp2016-max-common-connected-subgraph-paper/datasets/graphsdb/mcs50/bvg/b03m/mcs50_b03m_s30.B02
Reading graphs...
30 :  44
30 :  44
Initializing...
maxdom : 30
D->valSize : 900
Solving...
currentSize : 9 <-- 0.019533 s
currentSize : 11 <-- 0.019653 s
currentSize : 12 <-- 0.019717 s
currentSize : 13 <-- 0.020124 s
currentSize : 14 <-- 0.020397 s
currentSize : 15 <-- 0.020799 s
currentSize : 16 <-- 0.020880 s
currentSize : 18 <-- 0.021301 s
currentSize : 19 <-- 0.165201 s
currentSize : 20 <-- 0.230420 s
currentSize : 21 <-- 0.394607 s
currentSize : 22 <-- 0.533488 s

maxsize : 22
nodes : 488300.000000
filtered : 14341636.000000
CCGP filtered : 8280914.000000
CCGT filtered : 7177058.000000
time : 4.901190
