Parameters: GAD=1 vflib=1 dir=0 label=0 lowerbound=1 fileNameGp=../../cp2016-max-common-connected-subgraph-paper/datasets/graphsdb/mcs50/m3D/m3D/mcs50_m3D_s50.A08 fileNameGt=../../cp2016-max-common-connected-subgraph-paper/datasets/graphsdb/mcs50/m3D/m3D/mcs50_m3D_s50.B08
Reading graphs...
50 :  109
50 :  109
Initializing...
maxdom : 50
D->valSize : 2500
Solving...
currentSize : 21 <-- 0.162774 s
currentSize : 23 <-- 0.162943 s
currentSize : 24 <-- 0.163837 s
currentSize : 25 <-- 0.173681 s
currentSize : 26 <-- 0.202656 s
currentSize : 27 <-- 0.215985 s
currentSize : 28 <-- 0.217535 s
currentSize : 29 <-- 0.310405 s
currentSize : 30 <-- 0.976354 s
currentSize : 31 <-- 1.436958 s
currentSize : 32 <-- 216.984848 s

TIMEOUT
maxsize : 32
nodes : 72706351.000000
filtered : 2269944543.000000
CCGP filtered : 497176233.000000
CCGT filtered : 406342777.000000
time : 1000.000000
