Parameters: GAD=1 vflib=1 dir=0 label=0 lowerbound=1 fileNameGp=../../cp2016-max-common-connected-subgraph-paper/datasets/graphsdb/mcs50/m4D/m4Dr4/mcs50_m4Dr4_s40.A05 fileNameGt=../../cp2016-max-common-connected-subgraph-paper/datasets/graphsdb/mcs50/m4D/m4Dr4/mcs50_m4Dr4_s40.B05
Reading graphs...
40 :  86
40 :  83
Initializing...
maxdom : 40
D->valSize : 1600
Solving...
currentSize : 16 <-- 0.035298 s
currentSize : 17 <-- 0.035334 s
currentSize : 19 <-- 0.035462 s
currentSize : 20 <-- 0.035774 s
currentSize : 21 <-- 0.037000 s
currentSize : 22 <-- 0.037281 s
currentSize : 23 <-- 0.215308 s
currentSize : 24 <-- 0.447118 s
currentSize : 25 <-- 0.656745 s
currentSize : 26 <-- 36.381706 s

TIMEOUT
maxsize : 26
nodes : 85130342.000000
filtered : 2576675250.000000
CCGP filtered : 592418677.000000
CCGT filtered : 482875418.000000
time : 1000.000000
