Parameters: GAD=1 vflib=1 dir=0 label=0 lowerbound=1 fileNameGp=../../cp2016-max-common-connected-subgraph-paper/datasets/graphsdb/mcs50/m3D/m3Dr2/mcs50_m3Dr2_s50.A00 fileNameGt=../../cp2016-max-common-connected-subgraph-paper/datasets/graphsdb/mcs50/m3D/m3Dr2/mcs50_m3Dr2_s50.B00
Reading graphs...
50 :  118
50 :  117
Initializing...
maxdom : 50
D->valSize : 2500
Solving...
currentSize : 18 <-- 0.094131 s
currentSize : 19 <-- 0.094366 s
currentSize : 20 <-- 0.094723 s
currentSize : 21 <-- 0.094931 s
currentSize : 22 <-- 0.095325 s
currentSize : 23 <-- 0.119731 s
currentSize : 24 <-- 0.121580 s
currentSize : 25 <-- 0.121668 s
currentSize : 26 <-- 0.159330 s
currentSize : 27 <-- 0.167483 s
currentSize : 28 <-- 2.078795 s
currentSize : 29 <-- 32.860485 s
currentSize : 30 <-- 511.209045 s

TIMEOUT
maxsize : 30
nodes : 73189490.000000
filtered : 1891171834.000000
CCGP filtered : 358206377.000000
CCGT filtered : 319158846.000000
time : 1000.000000
