Parameters: GAD=1 vflib=1 dir=0 label=0 lowerbound=1 fileNameGp=../../cp2016-max-common-connected-subgraph-paper/datasets/graphsdb/mcs50/m4D/m4Dr4/mcs50_m4Dr4_s35.A09 fileNameGt=../../cp2016-max-common-connected-subgraph-paper/datasets/graphsdb/mcs50/m4D/m4Dr4/mcs50_m4Dr4_s35.B09
Reading graphs...
35 :  75
35 :  75
Initializing...
maxdom : 35
D->valSize : 1225
Solving...
currentSize : 11 <-- 0.020116 s
currentSize : 16 <-- 0.020235 s
currentSize : 17 <-- 0.020422 s
currentSize : 18 <-- 0.021164 s
currentSize : 19 <-- 0.031668 s
currentSize : 20 <-- 0.034759 s
currentSize : 21 <-- 0.094427 s
currentSize : 22 <-- 0.980450 s
currentSize : 23 <-- 22.623075 s

maxsize : 23
nodes : 31920699.000000
filtered : 1045634391.000000
CCGP filtered : 306386423.000000
CCGT filtered : 167360371.000000
time : 339.500671
