Parameters: GAD=1 vflib=1 dir=0 label=0 lowerbound=1 fileNameGp=../../cp2016-max-common-connected-subgraph-paper/datasets/graphsdb/mcs50/bvg/b06m/mcs50_b06m_s50.A09 fileNameGt=../../cp2016-max-common-connected-subgraph-paper/datasets/graphsdb/mcs50/bvg/b06m/mcs50_b06m_s50.B09
Reading graphs...
50 :  148
50 :  148
Initializing...
maxdom : 50
D->valSize : 2500
Solving...
currentSize : 14 <-- 0.090958 s
currentSize : 19 <-- 0.091180 s
currentSize : 20 <-- 0.091209 s
currentSize : 21 <-- 0.091380 s
currentSize : 22 <-- 0.091670 s
currentSize : 23 <-- 0.092102 s
currentSize : 24 <-- 0.092385 s
currentSize : 25 <-- 0.099364 s
currentSize : 26 <-- 2.069617 s
currentSize : 27 <-- 179.984100 s

TIMEOUT
maxsize : 27
nodes : 67512363.000000
filtered : 1862406248.000000
CCGP filtered : 471852917.000000
CCGT filtered : 201542282.000000
time : 1000.000000
