Parameters: GAD=1 vflib=1 dir=0 label=0 lowerbound=1 fileNameGp=../../cp2016-max-common-connected-subgraph-paper/datasets/graphsdb/mcs50/m4D/m4Dr6/mcs50_m4Dr6_s40.A05 fileNameGt=../../cp2016-max-common-connected-subgraph-paper/datasets/graphsdb/mcs50/m4D/m4Dr6/mcs50_m4Dr6_s40.B05
Reading graphs...
40 :  92
40 :  89
Initializing...
maxdom : 40
D->valSize : 1600
Solving...
currentSize : 17 <-- 0.034644 s
currentSize : 18 <-- 0.034718 s
currentSize : 19 <-- 0.034806 s
currentSize : 20 <-- 0.035319 s
currentSize : 21 <-- 0.036061 s
currentSize : 22 <-- 0.229364 s
currentSize : 23 <-- 8.584553 s
currentSize : 24 <-- 8.733545 s
currentSize : 25 <-- 25.613562 s
currentSize : 26 <-- 556.503723 s

TIMEOUT
maxsize : 26
nodes : 84794672.000000
filtered : 2720123257.000000
CCGP filtered : 524345477.000000
CCGT filtered : 401470098.000000
time : 1000.000000
