Parameters: GAD=1 vflib=1 dir=0 label=0 lowerbound=1 fileNameGp=../../cp2016-max-common-connected-subgraph-paper/datasets/graphsdb/mcs50/m2D/m2D/mcs50_m2D_s40.A07 fileNameGt=../../cp2016-max-common-connected-subgraph-paper/datasets/graphsdb/mcs50/m2D/m2D/mcs50_m2D_s40.B07
Reading graphs...
40 :  65
40 :  67
Initializing...
maxdom : 40
D->valSize : 1600
Solving...
currentSize : 16 <-- 0.035932 s
currentSize : 18 <-- 0.036121 s
currentSize : 19 <-- 0.036986 s
currentSize : 20 <-- 0.037158 s
currentSize : 21 <-- 0.053417 s
currentSize : 22 <-- 0.114895 s
currentSize : 23 <-- 0.137399 s
currentSize : 24 <-- 0.319502 s
currentSize : 25 <-- 6.811511 s
currentSize : 26 <-- 7.317844 s
currentSize : 27 <-- 8.141902 s
currentSize : 28 <-- 407.815430 s

TIMEOUT
maxsize : 28
nodes : 76113438.000000
filtered : 2548391441.000000
CCGP filtered : 1129950292.000000
CCGT filtered : 882723995.000000
time : 1000.000000
