Parameters: GAD=1 vflib=1 dir=0 label=0 lowerbound=1 fileNameGp=../../cp2016-max-common-connected-subgraph-paper/datasets/graphsdb/mcs50/m4D/m4D/mcs50_m4D_s40.A04 fileNameGt=../../cp2016-max-common-connected-subgraph-paper/datasets/graphsdb/mcs50/m4D/m4D/mcs50_m4D_s40.B04
Reading graphs...
40 :  71
40 :  71
Initializing...
maxdom : 40
D->valSize : 1600
Solving...
currentSize : 14 <-- 0.035863 s
currentSize : 15 <-- 0.035900 s
currentSize : 16 <-- 0.036011 s
currentSize : 17 <-- 0.036126 s
currentSize : 18 <-- 0.037655 s
currentSize : 19 <-- 0.039863 s
currentSize : 20 <-- 0.045831 s
currentSize : 21 <-- 0.068290 s
currentSize : 22 <-- 0.081499 s
currentSize : 23 <-- 0.169410 s
currentSize : 24 <-- 0.206185 s
currentSize : 25 <-- 0.586862 s
currentSize : 26 <-- 6.725744 s
currentSize : 27 <-- 11.933232 s
currentSize : 28 <-- 100.445107 s
currentSize : 29 <-- 304.684814 s

maxsize : 29
nodes : 55945652.000000
filtered : 2004318165.000000
CCGP filtered : 1076676789.000000
CCGT filtered : 636945785.000000
time : 692.536987
