Parameters: GAD=1 vflib=1 dir=0 label=0 lowerbound=1 fileNameGp=../../cp2016-max-common-connected-subgraph-paper/datasets/graphsdb/mcs50/bvg/b09m/mcs50_b09m_s30.A03 fileNameGt=../../cp2016-max-common-connected-subgraph-paper/datasets/graphsdb/mcs50/bvg/b09m/mcs50_b09m_s30.B03
Reading graphs...
30 :  126
30 :  125
Initializing...
maxdom : 30
D->valSize : 900
Solving...
currentSize : 8 <-- 0.009495 s
currentSize : 9 <-- 0.009536 s
currentSize : 10 <-- 0.009671 s
currentSize : 11 <-- 0.009724 s
currentSize : 12 <-- 0.010225 s
currentSize : 13 <-- 0.012188 s
currentSize : 14 <-- 0.072739 s
currentSize : 15 <-- 2.121308 s
currentSize : 16 <-- 36.849728 s

maxsize : 16
nodes : 37677033.000000
filtered : 702666950.000000
CCGP filtered : 5877283.000000
CCGT filtered : 12385870.000000
time : 346.296692
