Parameters: GAD=1 vflib=1 dir=0 label=0 lowerbound=1 fileNameGp=../../cp2016-max-common-connected-subgraph-paper/datasets/graphsdb/mcs50/m2D/m2Dr4/mcs50_m2Dr4_s50.A05 fileNameGt=../../cp2016-max-common-connected-subgraph-paper/datasets/graphsdb/mcs50/m2D/m2Dr4/mcs50_m2Dr4_s50.B05
Reading graphs...
50 :  103
50 :  103
Initializing...
maxdom : 50
D->valSize : 2500
Solving...
currentSize : 15 <-- 0.094708 s
currentSize : 18 <-- 0.095055 s
currentSize : 19 <-- 0.095189 s
currentSize : 20 <-- 0.097590 s
currentSize : 22 <-- 0.132006 s
currentSize : 23 <-- 0.132137 s
currentSize : 24 <-- 0.133556 s
currentSize : 25 <-- 0.146337 s
currentSize : 26 <-- 0.146768 s
currentSize : 27 <-- 1.034468 s
currentSize : 28 <-- 30.452761 s
currentSize : 29 <-- 32.480366 s
currentSize : 30 <-- 628.914001 s

TIMEOUT
maxsize : 30
nodes : 77839805.000000
filtered : 1985769304.000000
CCGP filtered : 1188351570.000000
CCGT filtered : 641051199.000000
time : 1000.000000
