Parameters: GAD=1 vflib=1 dir=0 label=0 lowerbound=1 fileNameGp=../../cp2016-max-common-connected-subgraph-paper/datasets/graphsdb/mcs50/bvg/b06m/mcs50_b06m_s50.A06 fileNameGt=../../cp2016-max-common-connected-subgraph-paper/datasets/graphsdb/mcs50/bvg/b06m/mcs50_b06m_s50.B06
Reading graphs...
50 :  146
50 :  148
Initializing...
maxdom : 50
D->valSize : 2500
Solving...
currentSize : 18 <-- 0.091090 s
currentSize : 19 <-- 0.091346 s
currentSize : 20 <-- 0.091412 s
currentSize : 21 <-- 0.091536 s
currentSize : 22 <-- 0.091964 s
currentSize : 23 <-- 0.129932 s
currentSize : 24 <-- 0.266777 s
currentSize : 25 <-- 3.809506 s
currentSize : 26 <-- 9.422071 s
currentSize : 27 <-- 249.841370 s
currentSize : 28 <-- 508.103058 s

TIMEOUT
maxsize : 28
nodes : 68881089.000000
filtered : 2179138971.000000
CCGP filtered : 307391262.000000
CCGT filtered : 200894345.000000
time : 1000.000000
