Parameters: GAD=1 vflib=1 dir=0 label=0 lowerbound=1 fileNameGp=../../cp2016-max-common-connected-subgraph-paper/datasets/graphsdb/mcs50/m2D/m2Dr4/mcs50_m2Dr4_s50.A00 fileNameGt=../../cp2016-max-common-connected-subgraph-paper/datasets/graphsdb/mcs50/m2D/m2Dr4/mcs50_m2Dr4_s50.B00
Reading graphs...
50 :  103
50 :  104
Initializing...
maxdom : 50
D->valSize : 2500
Solving...
currentSize : 20 <-- 0.095388 s
currentSize : 22 <-- 0.095672 s
currentSize : 23 <-- 0.097124 s
currentSize : 24 <-- 0.119150 s
currentSize : 25 <-- 0.201994 s
currentSize : 26 <-- 0.461604 s
currentSize : 27 <-- 0.753656 s
currentSize : 28 <-- 0.836475 s
currentSize : 29 <-- 1.536433 s
currentSize : 30 <-- 34.405128 s
currentSize : 31 <-- 127.021706 s

TIMEOUT
maxsize : 31
nodes : 68114066.000000
filtered : 1925847903.000000
CCGP filtered : 984914899.000000
CCGT filtered : 892702407.000000
time : 1000.000000
