Parameters: GAD=1 vflib=1 dir=0 label=0 lowerbound=1 fileNameGp=../../cp2016-max-common-connected-subgraph-paper/datasets/graphsdb/mcs50/m4D/m4Dr6/mcs50_m4Dr6_s30.A00 fileNameGt=../../cp2016-max-common-connected-subgraph-paper/datasets/graphsdb/mcs50/m4D/m4Dr6/mcs50_m4Dr6_s30.B00
Reading graphs...
30 :  71
30 :  68
Initializing...
maxdom : 30
D->valSize : 900
Solving...
currentSize : 9 <-- 0.010386 s
currentSize : 10 <-- 0.010427 s
currentSize : 11 <-- 0.010500 s
currentSize : 12 <-- 0.010659 s
currentSize : 13 <-- 0.010899 s
currentSize : 14 <-- 0.011128 s
currentSize : 15 <-- 0.013931 s
currentSize : 16 <-- 0.036535 s
currentSize : 17 <-- 0.044413 s
currentSize : 18 <-- 1.091489 s
currentSize : 19 <-- 1.283487 s
currentSize : 20 <-- 18.658365 s

maxsize : 20
nodes : 4085233.000000
filtered : 99502033.000000
CCGP filtered : 13600233.000000
CCGT filtered : 10601362.000000
time : 34.157425
