Parameters: GAD=1 vflib=1 dir=0 label=0 lowerbound=1 fileNameGp=../../cp2016-max-common-connected-subgraph-paper/datasets/graphsdb/mcs50/m4D/m4Dr2/mcs50_m4Dr2_s40.A06 fileNameGt=../../cp2016-max-common-connected-subgraph-paper/datasets/graphsdb/mcs50/m4D/m4Dr2/mcs50_m4Dr2_s40.B06
Reading graphs...
40 :  79
40 :  78
Initializing...
maxdom : 40
D->valSize : 1600
Solving...
currentSize : 15 <-- 0.035582 s
currentSize : 17 <-- 0.035662 s
currentSize : 18 <-- 0.035802 s
currentSize : 20 <-- 0.054419 s
currentSize : 21 <-- 0.132353 s
currentSize : 22 <-- 0.410208 s
currentSize : 23 <-- 15.845993 s
currentSize : 24 <-- 27.159081 s
currentSize : 25 <-- 27.793503 s
currentSize : 26 <-- 301.886932 s

TIMEOUT
maxsize : 26
nodes : 86328099.000000
filtered : 2294224908.000000
CCGP filtered : 1282879765.000000
CCGT filtered : 879953482.000000
time : 1000.000000
