Parameters: GAD=1 vflib=1 dir=0 label=0 lowerbound=1 fileNameGp=../../cp2016-max-common-connected-subgraph-paper/datasets/graphsdb/mcs50/rand/r005/mcs50_r005_s30.A01 fileNameGt=../../cp2016-max-common-connected-subgraph-paper/datasets/graphsdb/mcs50/rand/r005/mcs50_r005_s30.B01
Reading graphs...
30 :  46
30 :  45
Initializing...
maxdom : 30
D->valSize : 900
Solving...
currentSize : 9 <-- 0.011072 s
currentSize : 10 <-- 0.011117 s
currentSize : 11 <-- 0.011139 s
currentSize : 12 <-- 0.011157 s
currentSize : 13 <-- 0.011211 s
currentSize : 14 <-- 0.011525 s
currentSize : 15 <-- 0.013958 s
currentSize : 16 <-- 0.015979 s
currentSize : 17 <-- 0.028099 s
currentSize : 18 <-- 0.065198 s
currentSize : 19 <-- 0.163946 s
currentSize : 20 <-- 1.006416 s
currentSize : 21 <-- 3.408597 s

maxsize : 21
nodes : 1562973.000000
filtered : 35908685.000000
CCGP filtered : 19730546.000000
CCGT filtered : 18482571.000000
time : 14.321964
