Parameters: GAD=1 vflib=1 dir=0 label=0 lowerbound=1 fileNameGp=../../cp2016-max-common-connected-subgraph-paper/datasets/graphsdb/mcs50/m4D/m4Dr2/mcs50_m4Dr2_s40.A08 fileNameGt=../../cp2016-max-common-connected-subgraph-paper/datasets/graphsdb/mcs50/m4D/m4Dr2/mcs50_m4Dr2_s40.B08
Reading graphs...
40 :  78
40 :  78
Initializing...
maxdom : 40
D->valSize : 1600
Solving...
currentSize : 16 <-- 0.062273 s
currentSize : 17 <-- 0.063092 s
currentSize : 18 <-- 0.063425 s
currentSize : 19 <-- 0.106716 s
currentSize : 20 <-- 0.224675 s
currentSize : 21 <-- 0.243138 s
currentSize : 22 <-- 0.245620 s
currentSize : 23 <-- 0.301211 s
currentSize : 24 <-- 7.271899 s
currentSize : 25 <-- 10.060344 s
currentSize : 26 <-- 32.659832 s
currentSize : 27 <-- 677.807617 s

TIMEOUT
maxsize : 27
nodes : 78978193.000000
filtered : 2666453804.000000
CCGP filtered : 1072648660.000000
CCGT filtered : 1087697636.000000
time : 1000.000000
