Parameters: GAD=1 vflib=1 dir=0 label=0 lowerbound=1 fileNameGp=../../cp2016-max-common-connected-subgraph-paper/datasets/graphsdb/mcs50/m4D/m4D/mcs50_m4D_s30.A05 fileNameGt=../../cp2016-max-common-connected-subgraph-paper/datasets/graphsdb/mcs50/m4D/m4D/mcs50_m4D_s30.B05
Reading graphs...
30 :  55
30 :  54
Initializing...
maxdom : 30
D->valSize : 900
Solving...
currentSize : 6 <-- 0.017481 s
currentSize : 10 <-- 0.018403 s
currentSize : 12 <-- 0.018657 s
currentSize : 13 <-- 0.028371 s
currentSize : 14 <-- 0.033201 s
currentSize : 15 <-- 0.076716 s
currentSize : 16 <-- 0.119504 s
currentSize : 17 <-- 0.119660 s
currentSize : 18 <-- 0.171757 s
currentSize : 19 <-- 0.568611 s
currentSize : 20 <-- 0.615489 s
currentSize : 21 <-- 2.572095 s

maxsize : 21
nodes : 643269.000000
filtered : 14729537.000000
CCGP filtered : 12658137.000000
CCGT filtered : 5973488.000000
time : 5.698568
