Parameters: GAD=1 vflib=1 dir=0 label=0 lowerbound=1 fileNameGp=../../cp2016-max-common-connected-subgraph-paper/datasets/graphsdb/mcs50/m4D/m4D/mcs50_m4D_s35.A09 fileNameGt=../../cp2016-max-common-connected-subgraph-paper/datasets/graphsdb/mcs50/m4D/m4D/mcs50_m4D_s35.B09
Reading graphs...
35 :  62
35 :  63
Initializing...
maxdom : 35
D->valSize : 1225
Solving...
currentSize : 12 <-- 0.020398 s
currentSize : 14 <-- 0.021018 s
currentSize : 15 <-- 0.021467 s
currentSize : 16 <-- 0.033284 s
currentSize : 19 <-- 0.072639 s
currentSize : 20 <-- 0.072844 s
currentSize : 21 <-- 0.073097 s
currentSize : 22 <-- 0.074848 s
currentSize : 23 <-- 2.601320 s

maxsize : 23
nodes : 34499933.000000
filtered : 980262115.000000
CCGP filtered : 753240292.000000
CCGT filtered : 463842832.000000
time : 363.906097
