Parameters: GAD=1 vflib=1 dir=0 label=0 lowerbound=1 fileNameGp=../../cp2016-max-common-connected-subgraph-paper/datasets/graphsdb/mcs50/m4D/m4D/mcs50_m4D_s35.A03 fileNameGt=../../cp2016-max-common-connected-subgraph-paper/datasets/graphsdb/mcs50/m4D/m4D/mcs50_m4D_s35.B03
Reading graphs...
35 :  62
35 :  63
Initializing...
maxdom : 35
D->valSize : 1225
Solving...
currentSize : 13 <-- 0.020501 s
currentSize : 17 <-- 0.020569 s
currentSize : 18 <-- 0.020678 s
currentSize : 19 <-- 0.020860 s
currentSize : 20 <-- 0.021541 s
currentSize : 22 <-- 0.021773 s
currentSize : 23 <-- 0.024131 s
currentSize : 24 <-- 0.024220 s
currentSize : 26 <-- 0.355171 s
currentSize : 27 <-- 0.357075 s

maxsize : 27
nodes : 304911.000000
filtered : 12067787.000000
CCGP filtered : 3385946.000000
CCGT filtered : 3208130.000000
time : 3.490058
