Parameters: GAD=1 vflib=1 dir=0 label=0 lowerbound=1 fileNameGp=../../cp2016-max-common-connected-subgraph-paper/datasets/graphsdb/mcs50/m4D/m4D/mcs50_m4D_s40.A01 fileNameGt=../../cp2016-max-common-connected-subgraph-paper/datasets/graphsdb/mcs50/m4D/m4D/mcs50_m4D_s40.B01
Reading graphs...
40 :  71
40 :  69
Initializing...
maxdom : 40
D->valSize : 1600
Solving...
currentSize : 17 <-- 0.063851 s
currentSize : 18 <-- 0.063930 s
currentSize : 19 <-- 0.064439 s
currentSize : 20 <-- 0.065659 s
currentSize : 21 <-- 0.214986 s
currentSize : 22 <-- 0.558987 s
currentSize : 23 <-- 0.983579 s
currentSize : 24 <-- 1.306994 s
currentSize : 25 <-- 1.505290 s
currentSize : 26 <-- 7.535741 s
currentSize : 27 <-- 39.028057 s
currentSize : 28 <-- 39.030365 s

maxsize : 28
nodes : 24735115.000000
filtered : 859349874.000000
CCGP filtered : 598720569.000000
CCGT filtered : 489313819.000000
time : 319.025909
