Parameters: GAD=1 vflib=1 dir=0 label=0 lowerbound=1 fileNameGp=../../cp2016-max-common-connected-subgraph-paper/datasets/graphsdb/mcs50/m4D/m4Dr4/mcs50_m4Dr4_s35.A03 fileNameGt=../../cp2016-max-common-connected-subgraph-paper/datasets/graphsdb/mcs50/m4D/m4Dr4/mcs50_m4Dr4_s35.B03
Reading graphs...
35 :  75
35 :  75
Initializing...
maxdom : 35
D->valSize : 1225
Solving...
currentSize : 15 <-- 0.020259 s
currentSize : 16 <-- 0.020928 s
currentSize : 17 <-- 0.025566 s
currentSize : 18 <-- 0.030766 s
currentSize : 19 <-- 0.376977 s
currentSize : 20 <-- 1.273090 s
currentSize : 21 <-- 5.539143 s
currentSize : 22 <-- 17.339733 s
currentSize : 23 <-- 23.269674 s

maxsize : 23
nodes : 36296215.000000
filtered : 1114213115.000000
CCGP filtered : 242177090.000000
CCGT filtered : 217710525.000000
time : 382.730103
