Parameters: GAD=1 vflib=1 dir=0 label=0 lowerbound=1 fileNameGp=../../cp2016-max-common-connected-subgraph-paper/datasets/graphsdb/mcs50/bvg/b03m/mcs50_b03m_s35.A09 fileNameGt=../../cp2016-max-common-connected-subgraph-paper/datasets/graphsdb/mcs50/bvg/b03m/mcs50_b03m_s35.B09
Reading graphs...
35 :  52
35 :  52
Initializing...
maxdom : 35
D->valSize : 1225
Solving...
currentSize : 13 <-- 0.037338 s
currentSize : 14 <-- 0.037385 s
currentSize : 17 <-- 0.037432 s
currentSize : 18 <-- 0.047700 s
currentSize : 19 <-- 0.054548 s
currentSize : 20 <-- 0.230037 s
currentSize : 21 <-- 0.567009 s
currentSize : 22 <-- 0.728960 s
currentSize : 23 <-- 8.292966 s
currentSize : 24 <-- 34.345955 s

maxsize : 24
nodes : 21492114.000000
filtered : 528777793.000000
CCGP filtered : 265022730.000000
CCGT filtered : 215801452.000000
time : 204.796555
