Parameters: GAD=1 vflib=1 dir=0 label=0 lowerbound=1 fileNameGp=../../cp2016-max-common-connected-subgraph-paper/datasets/graphsdb/mcs50/m4D/m4D/mcs50_m4D_s40.A05 fileNameGt=../../cp2016-max-common-connected-subgraph-paper/datasets/graphsdb/mcs50/m4D/m4D/mcs50_m4D_s40.B05
Reading graphs...
40 :  71
40 :  71
Initializing...
maxdom : 40
D->valSize : 1600
Solving...
currentSize : 16 <-- 0.061028 s
currentSize : 17 <-- 0.061064 s
currentSize : 18 <-- 0.061652 s
currentSize : 19 <-- 0.061669 s
currentSize : 20 <-- 0.070465 s
currentSize : 21 <-- 0.072691 s
currentSize : 22 <-- 0.075933 s
currentSize : 23 <-- 0.076128 s
currentSize : 24 <-- 0.317434 s
currentSize : 25 <-- 2.300973 s
currentSize : 26 <-- 4.765588 s
currentSize : 27 <-- 13.049560 s
currentSize : 28 <-- 547.376282 s

maxsize : 28
nodes : 55181887.000000
filtered : 1760715753.000000
CCGP filtered : 1449306560.000000
CCGT filtered : 524003225.000000
time : 644.940857
