Parameters: GAD=1 vflib=1 dir=0 label=0 lowerbound=1 fileNameGp=../../cp2016-max-common-connected-subgraph-paper/datasets/graphsdb/mcs50/m3D/m3Dr2/mcs50_m3Dr2_s50.A01 fileNameGt=../../cp2016-max-common-connected-subgraph-paper/datasets/graphsdb/mcs50/m3D/m3Dr2/mcs50_m3Dr2_s50.B01
Reading graphs...
50 :  118
50 :  119
Initializing...
maxdom : 50
D->valSize : 2500
Solving...
currentSize : 18 <-- 0.094196 s
currentSize : 21 <-- 0.094296 s
currentSize : 22 <-- 0.119990 s
currentSize : 23 <-- 0.120040 s
currentSize : 24 <-- 0.120931 s
currentSize : 25 <-- 0.121988 s
currentSize : 26 <-- 0.185745 s
currentSize : 27 <-- 1.975026 s
currentSize : 28 <-- 1.975351 s
currentSize : 29 <-- 306.514557 s

TIMEOUT
maxsize : 29
nodes : 76330869.000000
filtered : 1721208488.000000
CCGP filtered : 299903776.000000
CCGT filtered : 190296222.000000
time : 1000.000000
