Parameters: GAD=1 vflib=1 dir=0 label=0 lowerbound=1 fileNameGp=../../cp2016-max-common-connected-subgraph-paper/datasets/graphsdb/mcs50/m2D/m2D/mcs50_m2D_s40.A08 fileNameGt=../../cp2016-max-common-connected-subgraph-paper/datasets/graphsdb/mcs50/m2D/m2D/mcs50_m2D_s40.B08
Reading graphs...
40 :  67
40 :  67
Initializing...
maxdom : 40
D->valSize : 1600
Solving...
currentSize : 17 <-- 0.058182 s
currentSize : 18 <-- 0.058334 s
currentSize : 20 <-- 0.059058 s
currentSize : 21 <-- 0.059400 s
currentSize : 22 <-- 0.076277 s
currentSize : 23 <-- 0.290202 s
currentSize : 24 <-- 0.560077 s
currentSize : 25 <-- 2.027356 s
currentSize : 26 <-- 23.812180 s
currentSize : 27 <-- 210.551468 s

TIMEOUT
maxsize : 27
nodes : 85995428.000000
filtered : 2555613493.000000
CCGP filtered : 1073098604.000000
CCGT filtered : 830491923.000000
time : 1000.000000
