Parameters: GAD=1 vflib=1 dir=0 label=0 lowerbound=1 fileNameGp=../../cp2016-max-common-connected-subgraph-paper/datasets/graphsdb/mcs50/bvg/b03/mcs50_b03_s25.A01 fileNameGt=../../cp2016-max-common-connected-subgraph-paper/datasets/graphsdb/mcs50/bvg/b03/mcs50_b03_s25.B01
Reading graphs...
25 :  37
25 :  36
Initializing...
maxdom : 25
D->valSize : 625
Solving...
currentSize : 9 <-- 0.005300 s
currentSize : 10 <-- 0.005408 s
currentSize : 12 <-- 0.005446 s
currentSize : 13 <-- 0.005484 s
currentSize : 14 <-- 0.005983 s
currentSize : 15 <-- 0.027351 s
currentSize : 16 <-- 0.027891 s
currentSize : 17 <-- 0.075633 s
currentSize : 18 <-- 0.184472 s
currentSize : 19 <-- 0.421054 s

maxsize : 19
nodes : 107906.000000
filtered : 2424105.000000
CCGP filtered : 1002728.000000
CCGT filtered : 629667.000000
time : 0.804158
