Parameters: GAD=1 vflib=1 dir=0 label=0 lowerbound=1 fileNameGp=../../cp2016-max-common-connected-subgraph-paper/datasets/graphsdb/mcs50/m2D/m2Dr2/mcs50_m2Dr2_s50.A07 fileNameGt=../../cp2016-max-common-connected-subgraph-paper/datasets/graphsdb/mcs50/m2D/m2Dr2/mcs50_m2Dr2_s50.B07
Reading graphs...
50 :  94
50 :  95
Initializing...
maxdom : 50
D->valSize : 2500
Solving...
currentSize : 21 <-- 0.095541 s
currentSize : 22 <-- 0.095594 s
currentSize : 23 <-- 0.097796 s
currentSize : 24 <-- 0.097894 s
currentSize : 25 <-- 0.103454 s
currentSize : 26 <-- 0.115765 s
currentSize : 27 <-- 0.137948 s
currentSize : 28 <-- 0.412462 s
currentSize : 29 <-- 1.462582 s
currentSize : 30 <-- 119.800064 s
currentSize : 31 <-- 133.661179 s

TIMEOUT
maxsize : 31
nodes : 69186203.000000
filtered : 1842442689.000000
CCGP filtered : 1113647390.000000
CCGT filtered : 755098471.000000
time : 1000.000000
