Parameters: GAD=1 vflib=1 dir=0 label=0 lowerbound=1 fileNameGp=../../cp2016-max-common-connected-subgraph-paper/datasets/graphsdb/mcs50/m4D/m4Dr4/mcs50_m4Dr4_s30.A04 fileNameGt=../../cp2016-max-common-connected-subgraph-paper/datasets/graphsdb/mcs50/m4D/m4Dr4/mcs50_m4Dr4_s30.B04
Reading graphs...
30 :  65
30 :  66
Initializing...
maxdom : 30
D->valSize : 900
Solving...
currentSize : 11 <-- 0.010534 s
currentSize : 12 <-- 0.010694 s
currentSize : 14 <-- 0.010800 s
currentSize : 15 <-- 0.010928 s
currentSize : 16 <-- 0.011531 s
currentSize : 17 <-- 0.019377 s
currentSize : 18 <-- 0.271687 s
currentSize : 19 <-- 2.839061 s
currentSize : 20 <-- 8.864961 s

maxsize : 20
nodes : 3591654.000000
filtered : 99146475.000000
CCGP filtered : 21755379.000000
CCGT filtered : 15681656.000000
time : 33.435238
