Parameters: GAD=1 vflib=1 dir=0 label=0 lowerbound=1 fileNameGp=../../cp2016-max-common-connected-subgraph-paper/datasets/graphsdb/mcs50/m4D/m4Dr2/mcs50_m4Dr2_s30.A06 fileNameGt=../../cp2016-max-common-connected-subgraph-paper/datasets/graphsdb/mcs50/m4D/m4Dr2/mcs50_m4Dr2_s30.B06
Reading graphs...
30 :  61
30 :  59
Initializing...
maxdom : 30
D->valSize : 900
Solving...
currentSize : 10 <-- 0.010618 s
currentSize : 11 <-- 0.010675 s
currentSize : 15 <-- 0.010721 s
currentSize : 16 <-- 0.010825 s
currentSize : 17 <-- 0.011997 s
currentSize : 18 <-- 0.136354 s
currentSize : 19 <-- 1.402239 s
currentSize : 20 <-- 2.826336 s
currentSize : 21 <-- 10.840068 s

maxsize : 21
nodes : 1442506.000000
filtered : 37446201.000000
CCGP filtered : 11664218.000000
CCGT filtered : 8454200.000000
time : 13.405481
