Parameters: GAD=1 vflib=1 dir=0 label=0 lowerbound=1 fileNameGp=../../cp2016-max-common-connected-subgraph-paper/datasets/graphsdb/mcs50/m4D/m4Dr4/mcs50_m4Dr4_s35.A05 fileNameGt=../../cp2016-max-common-connected-subgraph-paper/datasets/graphsdb/mcs50/m4D/m4Dr4/mcs50_m4Dr4_s35.B05
Reading graphs...
35 :  77
35 :  75
Initializing...
maxdom : 35
D->valSize : 1225
Solving...
currentSize : 16 <-- 0.020070 s
currentSize : 17 <-- 0.024320 s
currentSize : 18 <-- 0.024592 s
currentSize : 19 <-- 0.025334 s
currentSize : 20 <-- 0.026168 s
currentSize : 21 <-- 0.028328 s
currentSize : 22 <-- 2.302236 s
currentSize : 23 <-- 4.217660 s
currentSize : 24 <-- 567.799805 s

maxsize : 24
nodes : 57378039.000000
filtered : 1606213718.000000
CCGP filtered : 569130081.000000
CCGT filtered : 302776352.000000
time : 585.605774
