Parameters: GAD=1 vflib=1 dir=0 label=0 lowerbound=1 fileNameGp=../../cp2016-max-common-connected-subgraph-paper/datasets/graphsdb/mcs50/m2D/m2Dr2/mcs50_m2Dr2_s30.A06 fileNameGt=../../cp2016-max-common-connected-subgraph-paper/datasets/graphsdb/mcs50/m2D/m2Dr2/mcs50_m2Dr2_s30.B06
Reading graphs...
30 :  54
30 :  53
Initializing...
maxdom : 30
D->valSize : 900
Solving...
currentSize : 13 <-- 0.010921 s
currentSize : 14 <-- 0.011171 s
currentSize : 15 <-- 0.011514 s
currentSize : 16 <-- 0.012126 s
currentSize : 17 <-- 0.015248 s
currentSize : 18 <-- 0.054580 s
currentSize : 19 <-- 0.480123 s
currentSize : 20 <-- 3.336938 s
currentSize : 21 <-- 11.724536 s

maxsize : 21
nodes : 3012072.000000
filtered : 74794534.000000
CCGP filtered : 27492006.000000
CCGT filtered : 16587078.000000
time : 26.627607
