Parameters: GAD=1 vflib=1 dir=0 label=0 lowerbound=1 fileNameGp=../../cp2016-max-common-connected-subgraph-paper/datasets/graphsdb/mcs50/m2D/m2D/mcs50_m2D_s50.A01 fileNameGt=../../cp2016-max-common-connected-subgraph-paper/datasets/graphsdb/mcs50/m2D/m2D/mcs50_m2D_s50.B01
Reading graphs...
50 :  85
50 :  85
Initializing...
maxdom : 50
D->valSize : 2500
Solving...
currentSize : 19 <-- 0.151511 s
currentSize : 20 <-- 0.151630 s
currentSize : 21 <-- 0.151898 s
currentSize : 22 <-- 0.152440 s
currentSize : 23 <-- 0.152589 s
currentSize : 24 <-- 0.152698 s
currentSize : 25 <-- 0.152833 s
currentSize : 27 <-- 0.153289 s
currentSize : 28 <-- 0.155549 s
currentSize : 29 <-- 0.159984 s
currentSize : 30 <-- 1.925901 s
currentSize : 31 <-- 2.863523 s
currentSize : 32 <-- 42.282829 s
currentSize : 33 <-- 128.311844 s
currentSize : 34 <-- 272.002594 s

TIMEOUT
maxsize : 34
nodes : 71401387.000000
filtered : 2182814457.000000
CCGP filtered : 1264946027.000000
CCGT filtered : 699234506.000000
time : 1000.000000
