Parameters: GAD=1 vflib=1 dir=0 label=0 lowerbound=1 fileNameGp=../../cp2016-max-common-connected-subgraph-paper/datasets/graphsdb/mcs50/m2D/m2Dr2/mcs50_m2Dr2_s30.A01 fileNameGt=../../cp2016-max-common-connected-subgraph-paper/datasets/graphsdb/mcs50/m2D/m2Dr2/mcs50_m2Dr2_s30.B01
Reading graphs...
30 :  55
30 :  53
Initializing...
maxdom : 30
D->valSize : 900
Solving...
currentSize : 11 <-- 0.010867 s
currentSize : 12 <-- 0.011214 s
currentSize : 13 <-- 0.011566 s
currentSize : 14 <-- 0.011944 s
currentSize : 15 <-- 0.012603 s
currentSize : 16 <-- 0.014786 s
currentSize : 17 <-- 0.044655 s
currentSize : 18 <-- 0.126545 s
currentSize : 19 <-- 0.130114 s
currentSize : 20 <-- 3.775978 s

maxsize : 20
nodes : 3587413.000000
filtered : 96864871.000000
CCGP filtered : 44440347.000000
CCGT filtered : 30383987.000000
time : 32.988972
