Parameters: GAD=1 vflib=1 dir=0 label=0 lowerbound=1 fileNameGp=../../cp2016-max-common-connected-subgraph-paper/datasets/graphsdb/mcs50/bvg/b06/mcs50_b06_s25.A04 fileNameGt=../../cp2016-max-common-connected-subgraph-paper/datasets/graphsdb/mcs50/bvg/b06/mcs50_b06_s25.B04
Reading graphs...
25 :  72
25 :  75
Initializing...
maxdom : 25
D->valSize : 625
Solving...
currentSize : 7 <-- 0.004736 s
currentSize : 9 <-- 0.004783 s
currentSize : 10 <-- 0.004847 s
currentSize : 11 <-- 0.005363 s
currentSize : 12 <-- 0.009272 s
currentSize : 13 <-- 0.009650 s
currentSize : 14 <-- 0.106850 s
currentSize : 15 <-- 0.493758 s
currentSize : 16 <-- 11.395234 s

maxsize : 16
nodes : 1673313.000000
filtered : 33180867.000000
CCGP filtered : 2119733.000000
CCGT filtered : 995795.000000
time : 12.794910
