Parameters: GAD=1 vflib=1 dir=0 label=0 lowerbound=1 fileNameGp=../../cp2016-max-common-connected-subgraph-paper/datasets/graphsdb/mcs50/m4D/m4Dr2/mcs50_m4Dr2_s35.A04 fileNameGt=../../cp2016-max-common-connected-subgraph-paper/datasets/graphsdb/mcs50/m4D/m4Dr2/mcs50_m4Dr2_s35.B04
Reading graphs...
35 :  70
35 :  70
Initializing...
maxdom : 35
D->valSize : 1225
Solving...
currentSize : 8 <-- 0.035450 s
currentSize : 14 <-- 0.035948 s
currentSize : 15 <-- 0.035976 s
currentSize : 16 <-- 0.036712 s
currentSize : 17 <-- 0.057032 s
currentSize : 18 <-- 0.064450 s
currentSize : 19 <-- 0.120964 s
currentSize : 20 <-- 0.126128 s
currentSize : 21 <-- 0.183359 s
currentSize : 22 <-- 0.592082 s
currentSize : 23 <-- 3.559269 s

maxsize : 23
nodes : 12806526.000000
filtered : 390015281.000000
CCGP filtered : 152526843.000000
CCGT filtered : 131321272.000000
time : 141.418320
