Parameters: GAD=1 vflib=1 dir=0 label=0 lowerbound=1 fileNameGp=../../cp2016-max-common-connected-subgraph-paper/datasets/graphsdb/mcs50/bvg/b03/mcs50_b03_s40.A08 fileNameGt=../../cp2016-max-common-connected-subgraph-paper/datasets/graphsdb/mcs50/bvg/b03/mcs50_b03_s40.B08
Reading graphs...
40 :  60
40 :  60
Initializing...
maxdom : 40
D->valSize : 1600
Solving...
currentSize : 18 <-- 0.036567 s
currentSize : 19 <-- 0.036611 s
currentSize : 20 <-- 0.036917 s
currentSize : 21 <-- 0.039668 s
currentSize : 22 <-- 0.044960 s
currentSize : 24 <-- 0.045114 s
currentSize : 25 <-- 0.068391 s
currentSize : 26 <-- 0.340790 s
currentSize : 27 <-- 2.059187 s
currentSize : 28 <-- 9.216231 s
currentSize : 29 <-- 42.495186 s

maxsize : 29
nodes : 57297372.000000
filtered : 1844148566.000000
CCGP filtered : 1311565382.000000
CCGT filtered : 794294237.000000
time : 689.891418
