Parameters: GAD=1 vflib=1 dir=0 label=0 lowerbound=1 fileNameGp=../../cp2016-max-common-connected-subgraph-paper/datasets/graphsdb/mcs50/rand/r005/mcs50_r005_s50.A00 fileNameGt=../../cp2016-max-common-connected-subgraph-paper/datasets/graphsdb/mcs50/rand/r005/mcs50_r005_s50.B00
Reading graphs...
50 :  118
50 :  121
Initializing...
maxdom : 50
D->valSize : 2500
Solving...
currentSize : 16 <-- 0.093675 s
currentSize : 18 <-- 0.094030 s
currentSize : 22 <-- 0.094071 s
currentSize : 23 <-- 0.094301 s
currentSize : 24 <-- 0.096180 s
currentSize : 25 <-- 0.183752 s
currentSize : 26 <-- 0.299417 s
currentSize : 27 <-- 3.027568 s
currentSize : 28 <-- 14.959173 s
currentSize : 29 <-- 15.778673 s

TIMEOUT
maxsize : 29
nodes : 74232893.000000
filtered : 1813092623.000000
CCGP filtered : 215302963.000000
CCGT filtered : 332498729.000000
time : 1000.000000
