Parameters: GAD=1 vflib=1 dir=0 label=0 lowerbound=1 fileNameGp=../../cp2016-max-common-connected-subgraph-paper/datasets/graphsdb/mcs50/m3D/m3Dr2/mcs50_m3Dr2_s50.A08 fileNameGt=../../cp2016-max-common-connected-subgraph-paper/datasets/graphsdb/mcs50/m3D/m3Dr2/mcs50_m3Dr2_s50.B08
Reading graphs...
50 :  117
50 :  117
Initializing...
maxdom : 50
D->valSize : 2500
Solving...
currentSize : 16 <-- 0.093874 s
currentSize : 20 <-- 0.093969 s
currentSize : 21 <-- 0.094114 s
currentSize : 22 <-- 0.095140 s
currentSize : 23 <-- 0.097004 s
currentSize : 24 <-- 0.098343 s
currentSize : 25 <-- 0.130515 s
currentSize : 26 <-- 0.130890 s
currentSize : 27 <-- 0.212496 s
currentSize : 28 <-- 1.160652 s
currentSize : 29 <-- 1.556844 s
currentSize : 30 <-- 307.672241 s
currentSize : 31 <-- 316.929352 s

TIMEOUT
maxsize : 31
nodes : 71596109.000000
filtered : 2237783046.000000
CCGP filtered : 536528135.000000
CCGT filtered : 367423636.000000
time : 1000.000000
