Parameters: GAD=1 vflib=1 dir=0 label=0 lowerbound=1 fileNameGp=../../cp2016-max-common-connected-subgraph-paper/datasets/graphsdb/mcs50/m4D/m4Dr6/mcs50_m4Dr6_s35.A02 fileNameGt=../../cp2016-max-common-connected-subgraph-paper/datasets/graphsdb/mcs50/m4D/m4Dr6/mcs50_m4Dr6_s35.B02
Reading graphs...
35 :  82
35 :  79
Initializing...
maxdom : 35
D->valSize : 1225
Solving...
currentSize : 13 <-- 0.019867 s
currentSize : 14 <-- 0.019922 s
currentSize : 15 <-- 0.020048 s
currentSize : 16 <-- 0.020998 s
currentSize : 17 <-- 0.021102 s
currentSize : 18 <-- 0.025070 s
currentSize : 19 <-- 0.040411 s
currentSize : 20 <-- 0.059238 s
currentSize : 21 <-- 1.223728 s
currentSize : 22 <-- 32.007595 s
currentSize : 23 <-- 48.460983 s

maxsize : 23
nodes : 54856566.000000
filtered : 1747907813.000000
CCGP filtered : 235239940.000000
CCGT filtered : 167631124.000000
time : 561.263184
