Parameters: GAD=1 vflib=1 dir=0 label=0 lowerbound=1 fileNameGp=../../cp2016-max-common-connected-subgraph-paper/datasets/graphsdb/mcs50/m2D/m2Dr6/mcs50_m2Dr6_s50.A04 fileNameGt=../../cp2016-max-common-connected-subgraph-paper/datasets/graphsdb/mcs50/m2D/m2Dr6/mcs50_m2Dr6_s50.B04
Reading graphs...
50 :  112
50 :  112
Initializing...
maxdom : 50
D->valSize : 2500
Solving...
currentSize : 17 <-- 0.093891 s
currentSize : 18 <-- 0.093936 s
currentSize : 20 <-- 0.094089 s
currentSize : 22 <-- 0.095534 s
currentSize : 23 <-- 0.097590 s
currentSize : 24 <-- 0.103234 s
currentSize : 25 <-- 0.104424 s
currentSize : 26 <-- 0.433515 s
currentSize : 27 <-- 0.526517 s
currentSize : 28 <-- 1.576910 s
currentSize : 29 <-- 9.545326 s
currentSize : 30 <-- 308.185822 s

TIMEOUT
maxsize : 30
nodes : 71761458.000000
filtered : 1845254908.000000
CCGP filtered : 411588572.000000
CCGT filtered : 409941293.000000
time : 1000.000000
