Parameters: GAD=1 vflib=1 dir=0 label=0 lowerbound=1 fileNameGp=../../cp2016-max-common-connected-subgraph-paper/datasets/graphsdb/mcs50/m4D/m4Dr2/mcs50_m4Dr2_s40.A02 fileNameGt=../../cp2016-max-common-connected-subgraph-paper/datasets/graphsdb/mcs50/m4D/m4Dr2/mcs50_m4Dr2_s40.B02
Reading graphs...
40 :  77
40 :  79
Initializing...
maxdom : 40
D->valSize : 1600
Solving...
currentSize : 13 <-- 0.035508 s
currentSize : 17 <-- 0.035578 s
currentSize : 18 <-- 0.035607 s
currentSize : 19 <-- 0.035669 s
currentSize : 21 <-- 0.039244 s
currentSize : 23 <-- 0.047449 s
currentSize : 24 <-- 0.052204 s
currentSize : 25 <-- 0.052336 s
currentSize : 26 <-- 18.434824 s
currentSize : 27 <-- 65.280899 s

TIMEOUT
maxsize : 27
nodes : 83971065.000000
filtered : 2750800095.000000
CCGP filtered : 1309459866.000000
CCGT filtered : 659404059.000000
time : 1000.000000
