Parameters: GAD=1 vflib=1 dir=0 label=0 lowerbound=1 fileNameGp=../../cp2016-max-common-connected-subgraph-paper/datasets/graphsdb/mcs50/bvg/b06m/mcs50_b06m_s40.A06 fileNameGt=../../cp2016-max-common-connected-subgraph-paper/datasets/graphsdb/mcs50/bvg/b06m/mcs50_b06m_s40.B06
Reading graphs...
40 :  116
40 :  117
Initializing...
maxdom : 40
D->valSize : 1600
Solving...
currentSize : 14 <-- 0.033872 s
currentSize : 15 <-- 0.035422 s
currentSize : 16 <-- 0.035609 s
currentSize : 17 <-- 0.037437 s
currentSize : 18 <-- 0.037790 s
currentSize : 19 <-- 0.038900 s
currentSize : 20 <-- 0.051394 s
currentSize : 21 <-- 0.774686 s
currentSize : 22 <-- 0.778441 s
currentSize : 23 <-- 379.529419 s

TIMEOUT
maxsize : 23
nodes : 87279128.000000
filtered : 2182174141.000000
CCGP filtered : 354523715.000000
CCGT filtered : 164777966.000000
time : 1000.000000
