Parameters: GAD=1 vflib=1 dir=0 label=0 lowerbound=1 fileNameGp=../../cp2016-max-common-connected-subgraph-paper/datasets/graphsdb/mcs50/m3D/m3Dr6/mcs50_m3Dr6_s50.A04 fileNameGt=../../cp2016-max-common-connected-subgraph-paper/datasets/graphsdb/mcs50/m3D/m3Dr6/mcs50_m3Dr6_s50.B04
Reading graphs...
50 :  138
50 :  134
Initializing...
maxdom : 50
D->valSize : 2500
Solving...
currentSize : 19 <-- 0.114015 s
currentSize : 20 <-- 0.114805 s
currentSize : 21 <-- 0.116388 s
currentSize : 22 <-- 0.121774 s
currentSize : 23 <-- 0.158578 s
currentSize : 24 <-- 0.367018 s
currentSize : 25 <-- 2.333925 s
currentSize : 26 <-- 5.295898 s
currentSize : 27 <-- 24.351681 s
currentSize : 28 <-- 422.575409 s
currentSize : 29 <-- 767.236816 s

TIMEOUT
maxsize : 29
nodes : 72584353.000000
filtered : 1876065203.000000
CCGP filtered : 386499853.000000
CCGT filtered : 403087296.000000
time : 1000.000000
