Parameters: GAD=1 vflib=1 dir=0 label=0 lowerbound=1 fileNameGp=../../cp2016-max-common-connected-subgraph-paper/datasets/graphsdb/mcs50/m2D/m2D/mcs50_m2D_s40.A04 fileNameGt=../../cp2016-max-common-connected-subgraph-paper/datasets/graphsdb/mcs50/m2D/m2D/mcs50_m2D_s40.B04
Reading graphs...
40 :  66
40 :  67
Initializing...
maxdom : 40
D->valSize : 1600
Solving...
currentSize : 17 <-- 0.057187 s
currentSize : 19 <-- 0.057261 s
currentSize : 20 <-- 0.057571 s
currentSize : 21 <-- 0.059593 s
currentSize : 22 <-- 0.135908 s
currentSize : 23 <-- 0.218629 s
currentSize : 24 <-- 0.453896 s
currentSize : 25 <-- 1.298879 s
currentSize : 26 <-- 4.919433 s
currentSize : 27 <-- 27.161720 s
currentSize : 28 <-- 70.749519 s

TIMEOUT
maxsize : 28
nodes : 88186401.000000
filtered : 2797798152.000000
CCGP filtered : 1643221510.000000
CCGT filtered : 638297284.000000
time : 1000.000000
