Parameters: GAD=1 vflib=1 dir=0 label=0 lowerbound=1 fileNameGp=../../cp2016-max-common-connected-subgraph-paper/datasets/graphsdb/mcs50/bvg/b06m/mcs50_b06m_s50.A08 fileNameGt=../../cp2016-max-common-connected-subgraph-paper/datasets/graphsdb/mcs50/bvg/b06m/mcs50_b06m_s50.B08
Reading graphs...
50 :  148
50 :  147
Initializing...
maxdom : 50
D->valSize : 2500
Solving...
currentSize : 11 <-- 0.122041 s
currentSize : 14 <-- 0.122131 s
currentSize : 17 <-- 0.122249 s
currentSize : 18 <-- 0.122837 s
currentSize : 20 <-- 0.122943 s
currentSize : 21 <-- 0.124119 s
currentSize : 22 <-- 0.125916 s
currentSize : 23 <-- 0.126045 s
currentSize : 24 <-- 0.150358 s
currentSize : 25 <-- 0.212765 s
currentSize : 26 <-- 0.315502 s
currentSize : 27 <-- 1.690657 s
currentSize : 28 <-- 27.478891 s

TIMEOUT
maxsize : 28
nodes : 66877292.000000
filtered : 2066242374.000000
CCGP filtered : 689821997.000000
CCGT filtered : 765474678.000000
time : 1000.000000
