Parameters: GAD=1 vflib=1 dir=0 label=0 lowerbound=1 fileNameGp=../../cp2016-max-common-connected-subgraph-paper/datasets/graphsdb/mcs50/bvg/b03/mcs50_b03_s50.A04 fileNameGt=../../cp2016-max-common-connected-subgraph-paper/datasets/graphsdb/mcs50/bvg/b03/mcs50_b03_s50.B04
Reading graphs...
50 :  75
50 :  75
Initializing...
maxdom : 50
D->valSize : 2500
Solving...
currentSize : 18 <-- 0.116889 s
currentSize : 22 <-- 0.116965 s
currentSize : 23 <-- 0.117253 s
currentSize : 24 <-- 0.120823 s
currentSize : 25 <-- 0.154671 s
currentSize : 26 <-- 0.236867 s
currentSize : 27 <-- 5.417501 s
currentSize : 28 <-- 5.417555 s
currentSize : 29 <-- 17.017879 s
currentSize : 30 <-- 28.336296 s
currentSize : 31 <-- 30.644100 s
currentSize : 32 <-- 192.486465 s
currentSize : 33 <-- 616.753906 s
currentSize : 34 <-- 971.675842 s

TIMEOUT
maxsize : 34
nodes : 65901416.000000
filtered : 1585531896.000000
CCGP filtered : 2502014315.000000
CCGT filtered : 1728376168.000000
time : 1000.000000
