Parameters: GAD=1 vflib=1 dir=0 label=0 lowerbound=1 fileNameGp=../../cp2016-max-common-connected-subgraph-paper/datasets/graphsdb/mcs50/bvg/b06/mcs50_b06_s35.A09 fileNameGt=../../cp2016-max-common-connected-subgraph-paper/datasets/graphsdb/mcs50/bvg/b06/mcs50_b06_s35.B09
Reading graphs...
35 :  105
35 :  104
Initializing...
maxdom : 35
D->valSize : 1225
Solving...
currentSize : 12 <-- 0.019312 s
currentSize : 13 <-- 0.019412 s
currentSize : 14 <-- 0.019666 s
currentSize : 15 <-- 0.019695 s
currentSize : 16 <-- 0.023484 s
currentSize : 17 <-- 0.030736 s
currentSize : 18 <-- 0.236525 s
currentSize : 19 <-- 1.852147 s
currentSize : 20 <-- 17.411266 s
currentSize : 21 <-- 183.538574 s

TIMEOUT
maxsize : 21
nodes : 97455748.000000
filtered : 2628330270.000000
CCGP filtered : 194988744.000000
CCGT filtered : 141673144.000000
time : 1000.000000
