Parameters: GAD=1 vflib=1 dir=0 label=0 lowerbound=1 fileNameGp=../../cp2016-max-common-connected-subgraph-paper/datasets/graphsdb/mcs50/bvg/b03m/mcs50_b03m_s50.A02 fileNameGt=../../cp2016-max-common-connected-subgraph-paper/datasets/graphsdb/mcs50/bvg/b03m/mcs50_b03m_s50.B02
Reading graphs...
50 :  75
50 :  75
Initializing...
maxdom : 50
D->valSize : 2500
Solving...
currentSize : 20 <-- 0.117456 s
currentSize : 22 <-- 0.117770 s
currentSize : 25 <-- 0.117896 s
currentSize : 26 <-- 0.122617 s
currentSize : 27 <-- 0.158069 s
currentSize : 28 <-- 0.771064 s
currentSize : 29 <-- 1.276420 s
currentSize : 30 <-- 1.922558 s
currentSize : 31 <-- 18.324112 s
currentSize : 32 <-- 31.783178 s
currentSize : 33 <-- 35.037354 s
currentSize : 34 <-- 37.111214 s

TIMEOUT
maxsize : 34
nodes : 71153117.000000
filtered : 2231523828.000000
CCGP filtered : 1612364318.000000
CCGT filtered : 1023790441.000000
time : 1000.000000
