Parameters: GAD=1 vflib=1 dir=0 label=0 lowerbound=1 fileNameGp=../../cp2016-max-common-connected-subgraph-paper/datasets/graphsdb/mcs50/m2D/m2Dr4/mcs50_m2Dr4_s40.A03 fileNameGt=../../cp2016-max-common-connected-subgraph-paper/datasets/graphsdb/mcs50/m2D/m2Dr4/mcs50_m2Dr4_s40.B03
Reading graphs...
40 :  82
40 :  83
Initializing...
maxdom : 40
D->valSize : 1600
Solving...
currentSize : 18 <-- 0.035509 s
currentSize : 19 <-- 0.035718 s
currentSize : 20 <-- 0.037348 s
currentSize : 21 <-- 0.048538 s
currentSize : 22 <-- 0.117953 s
currentSize : 23 <-- 0.139923 s
currentSize : 24 <-- 4.377315 s
currentSize : 25 <-- 7.431539 s
currentSize : 26 <-- 111.661339 s
currentSize : 27 <-- 749.608337 s

TIMEOUT
maxsize : 27
nodes : 88543772.000000
filtered : 2677847691.000000
CCGP filtered : 642558313.000000
CCGT filtered : 432830846.000000
time : 1000.000000
