Parameters: GAD=1 vflib=1 dir=0 label=0 lowerbound=1 fileNameGp=../../cp2016-max-common-connected-subgraph-paper/datasets/graphsdb/mcs50/rand/r005/mcs50_r005_s35.A09 fileNameGt=../../cp2016-max-common-connected-subgraph-paper/datasets/graphsdb/mcs50/rand/r005/mcs50_r005_s35.B09
Reading graphs...
35 :  61
35 :  61
Initializing...
maxdom : 35
D->valSize : 1225
Solving...
currentSize : 15 <-- 0.020644 s
currentSize : 16 <-- 0.020978 s
currentSize : 17 <-- 0.021442 s
currentSize : 18 <-- 0.022806 s
currentSize : 19 <-- 0.023997 s
currentSize : 20 <-- 0.024382 s
currentSize : 21 <-- 0.024407 s
currentSize : 22 <-- 0.027092 s
currentSize : 23 <-- 0.100705 s
currentSize : 24 <-- 0.400658 s
currentSize : 25 <-- 5.470542 s

maxsize : 25
nodes : 34525177.000000
filtered : 1012892127.000000
CCGP filtered : 264473716.000000
CCGT filtered : 108978660.000000
time : 328.131104
