Parameters: GAD=1 vflib=1 dir=0 label=0 lowerbound=1 fileNameGp=../../cp2016-max-common-connected-subgraph-paper/datasets/graphsdb/mcs50/bvg/b03/mcs50_b03_s50.A00 fileNameGt=../../cp2016-max-common-connected-subgraph-paper/datasets/graphsdb/mcs50/bvg/b03/mcs50_b03_s50.B00
Reading graphs...
50 :  75
50 :  74
Initializing...
maxdom : 50
D->valSize : 2500
Solving...
currentSize : 20 <-- 0.098515 s
currentSize : 22 <-- 0.098660 s
currentSize : 23 <-- 0.098887 s
currentSize : 24 <-- 0.100700 s
currentSize : 25 <-- 0.103564 s
currentSize : 26 <-- 0.139500 s
currentSize : 27 <-- 0.500611 s
currentSize : 29 <-- 0.533775 s
currentSize : 30 <-- 1.627481 s
currentSize : 31 <-- 5.143848 s
currentSize : 32 <-- 20.443562 s
currentSize : 33 <-- 20.734320 s
currentSize : 34 <-- 23.196629 s

TIMEOUT
maxsize : 34
nodes : 64929967.000000
filtered : 2123071731.000000
CCGP filtered : 1753693554.000000
CCGT filtered : 1493972302.000000
time : 1000.000000
