Parameters: GAD=1 vflib=1 dir=0 label=0 lowerbound=1 fileNameGp=../../cp2016-max-common-connected-subgraph-paper/datasets/graphsdb/mcs50/bvg/b06/mcs50_b06_s40.A07 fileNameGt=../../cp2016-max-common-connected-subgraph-paper/datasets/graphsdb/mcs50/bvg/b06/mcs50_b06_s40.B07
Reading graphs...
40 :  120
40 :  120
Initializing...
maxdom : 40
D->valSize : 1600
Solving...
currentSize : 15 <-- 0.033601 s
currentSize : 16 <-- 0.033762 s
currentSize : 17 <-- 0.034933 s
currentSize : 18 <-- 0.036233 s
currentSize : 19 <-- 0.041651 s
currentSize : 20 <-- 0.112993 s
currentSize : 21 <-- 0.613562 s
currentSize : 22 <-- 0.809073 s
currentSize : 23 <-- 27.212984 s
currentSize : 24 <-- 568.805115 s
currentSize : 25 <-- 760.210266 s

TIMEOUT
maxsize : 25
nodes : 82115490.000000
filtered : 2679123432.000000
CCGP filtered : 238268585.000000
CCGT filtered : 180710481.000000
time : 1000.000000
