Parameters: GAD=1 vflib=1 dir=0 label=0 lowerbound=1 fileNameGp=../../cp2016-max-common-connected-subgraph-paper/datasets/graphsdb/mcs70/bvg/b03/mcs70_b03_s40.A07 fileNameGt=../../cp2016-max-common-connected-subgraph-paper/datasets/graphsdb/mcs70/bvg/b03/mcs70_b03_s40.B07
Reading graphs...
40 :  60
40 :  60
Initializing...
maxdom : 40
D->valSize : 1600
Solving...
currentSize : 20 <-- 0.060773 s
currentSize : 21 <-- 0.060915 s
currentSize : 22 <-- 0.061100 s
currentSize : 23 <-- 0.061711 s
currentSize : 24 <-- 0.062041 s
currentSize : 25 <-- 0.065595 s
currentSize : 26 <-- 1.074856 s
currentSize : 27 <-- 1.085158 s
currentSize : 28 <-- 1.562072 s
currentSize : 29 <-- 4.635363 s
currentSize : 30 <-- 13.061504 s
currentSize : 31 <-- 85.463638 s
currentSize : 32 <-- 88.580536 s

maxsize : 32
nodes : 10835563.000000
filtered : 372073102.000000
CCGP filtered : 319771788.000000
CCGT filtered : 141388274.000000
time : 131.709503
