Parameters: GAD=1 vflib=1 dir=0 label=0 lowerbound=1 fileNameGp=../../cp2016-max-common-connected-subgraph-paper/datasets/graphsdb/mcs70/bvg/b06/mcs70_b06_s35.A08 fileNameGt=../../cp2016-max-common-connected-subgraph-paper/datasets/graphsdb/mcs70/bvg/b06/mcs70_b06_s35.B08
Reading graphs...
35 :  104
35 :  105
Initializing...
maxdom : 35
D->valSize : 1225
Solving...
currentSize : 14 <-- 0.031095 s
currentSize : 15 <-- 0.031656 s
currentSize : 16 <-- 0.031907 s
currentSize : 17 <-- 0.034150 s
currentSize : 18 <-- 0.039246 s
currentSize : 19 <-- 0.049580 s
currentSize : 20 <-- 2.946002 s
currentSize : 21 <-- 5.015670 s
currentSize : 22 <-- 8.177369 s
currentSize : 23 <-- 8.283416 s
currentSize : 24 <-- 13.453580 s

maxsize : 24
nodes : 9561407.000000
filtered : 356325418.000000
CCGP filtered : 26183453.000000
CCGT filtered : 13147698.000000
time : 105.144234
