Parameters: GAD=1 vflib=1 dir=0 label=0 lowerbound=1 fileNameGp=../../cp2016-max-common-connected-subgraph-paper/datasets/graphsdb/mcs70/bvg/b09m/mcs70_b09m_s30.A08 fileNameGt=../../cp2016-max-common-connected-subgraph-paper/datasets/graphsdb/mcs70/bvg/b09m/mcs70_b09m_s30.B08
Reading graphs...
30 :  131
30 :  132
Initializing...
maxdom : 30
D->valSize : 900
Solving...
currentSize : 9 <-- 0.009651 s
currentSize : 10 <-- 0.009989 s
currentSize : 11 <-- 0.010082 s
currentSize : 12 <-- 0.011127 s
currentSize : 13 <-- 0.040812 s
currentSize : 14 <-- 0.070512 s
currentSize : 15 <-- 8.057467 s
currentSize : 17 <-- 38.968048 s
currentSize : 20 <-- 38.972912 s

maxsize : 20
nodes : 4744135.000000
filtered : 85372581.000000
CCGP filtered : 1819052.000000
CCGT filtered : 3883160.000000
time : 47.459583
