Parameters: GAD=1 vflib=1 dir=0 label=0 lowerbound=1 fileNameGp=../../cp2016-max-common-connected-subgraph-paper/datasets/graphsdb/mcs70/m2D/m2D/mcs70_m2D_s35.A08 fileNameGt=../../cp2016-max-common-connected-subgraph-paper/datasets/graphsdb/mcs70/m2D/m2D/mcs70_m2D_s35.B08
Reading graphs...
35 :  57
35 :  58
Initializing...
maxdom : 35
D->valSize : 1225
Solving...
currentSize : 11 <-- 0.020539 s
currentSize : 20 <-- 0.020643 s
currentSize : 21 <-- 0.022403 s
currentSize : 22 <-- 0.034973 s
currentSize : 23 <-- 0.050812 s
currentSize : 24 <-- 0.107443 s
currentSize : 25 <-- 0.266517 s
currentSize : 26 <-- 0.685032 s
currentSize : 27 <-- 5.799129 s
currentSize : 28 <-- 9.734760 s

maxsize : 28
nodes : 1423332.000000
filtered : 46728556.000000
CCGP filtered : 14529885.000000
CCGT filtered : 5927684.000000
time : 14.896273
