Parameters: GAD=1 vflib=1 dir=0 label=0 lowerbound=1 fileNameGp=../../cp2016-max-common-connected-subgraph-paper/datasets/graphsdb/mcs70/m3D/m3D/mcs70_m3D_s35.A04 fileNameGt=../../cp2016-max-common-connected-subgraph-paper/datasets/graphsdb/mcs70/m3D/m3D/mcs70_m3D_s35.B04
Reading graphs...
35 :  72
35 :  72
Initializing...
maxdom : 35
D->valSize : 1225
Solving...
currentSize : 17 <-- 0.020129 s
currentSize : 19 <-- 0.020488 s
currentSize : 20 <-- 0.020650 s
currentSize : 21 <-- 0.020917 s
currentSize : 22 <-- 0.060091 s
currentSize : 23 <-- 0.071539 s
currentSize : 24 <-- 0.713330 s
currentSize : 25 <-- 3.659477 s
currentSize : 26 <-- 6.358550 s
currentSize : 27 <-- 7.529662 s
currentSize : 28 <-- 7.651732 s
currentSize : 29 <-- 13.803411 s

maxsize : 29
nodes : 1634182.000000
filtered : 56996450.000000
CCGP filtered : 3428236.000000
CCGT filtered : 2671334.000000
time : 16.627588
