Parameters: GAD=1 vflib=1 dir=0 label=0 lowerbound=1 fileNameGp=../../cp2016-max-common-connected-subgraph-paper/datasets/graphsdb/mcs70/rand/r01/mcs70_r01_s30.A07 fileNameGt=../../cp2016-max-common-connected-subgraph-paper/datasets/graphsdb/mcs70/rand/r01/mcs70_r01_s30.B07
Reading graphs...
30 :  81
30 :  82
Initializing...
maxdom : 30
D->valSize : 900
Solving...
currentSize : 12 <-- 0.010283 s
currentSize : 13 <-- 0.010378 s
currentSize : 14 <-- 0.010488 s
currentSize : 15 <-- 0.010697 s
currentSize : 16 <-- 0.026770 s
currentSize : 17 <-- 0.272741 s
currentSize : 18 <-- 17.131588 s
currentSize : 19 <-- 38.360458 s
currentSize : 22 <-- 71.068336 s

maxsize : 22
nodes : 8673725.000000
filtered : 181292607.000000
CCGP filtered : 8115560.000000
CCGT filtered : 5461454.000000
time : 74.411240
