Parameters: GAD=1 vflib=1 dir=0 label=0 lowerbound=1 fileNameGp=../../cp2016-max-common-connected-subgraph-paper/datasets/graphsdb/mcs70/rand/r005/mcs70_r005_s50.A04 fileNameGt=../../cp2016-max-common-connected-subgraph-paper/datasets/graphsdb/mcs70/rand/r005/mcs70_r005_s50.B04
Reading graphs...
50 :  119
50 :  120
Initializing...
maxdom : 50
D->valSize : 2500
Solving...
currentSize : 19 <-- 0.160345 s
currentSize : 21 <-- 0.160618 s
currentSize : 22 <-- 0.162834 s
currentSize : 23 <-- 0.163678 s
currentSize : 24 <-- 0.164211 s
currentSize : 25 <-- 0.201683 s
currentSize : 26 <-- 0.379611 s
currentSize : 27 <-- 13.175842 s
currentSize : 28 <-- 25.567575 s
currentSize : 29 <-- 61.329945 s
currentSize : 30 <-- 798.386780 s

TIMEOUT
maxsize : 30
nodes : 65745168.000000
filtered : 1785392313.000000
CCGP filtered : 645749982.000000
CCGT filtered : 481446170.000000
time : 1000.000000
