Parameters: GAD=1 vflib=1 dir=0 label=0 lowerbound=1 fileNameGp=../../cp2016-max-common-connected-subgraph-paper/datasets/graphsdb/mcs70/bvg/b09m/mcs70_b09m_s25.A07 fileNameGt=../../cp2016-max-common-connected-subgraph-paper/datasets/graphsdb/mcs70/bvg/b09m/mcs70_b09m_s25.B07
Reading graphs...
25 :  105
25 :  108
Initializing...
maxdom : 25
D->valSize : 625
Solving...
currentSize : 8 <-- 0.004517 s
currentSize : 9 <-- 0.004756 s
currentSize : 10 <-- 0.004853 s
currentSize : 11 <-- 0.017859 s
currentSize : 12 <-- 0.029119 s
currentSize : 13 <-- 0.314932 s
currentSize : 14 <-- 2.621970 s
currentSize : 15 <-- 2.622055 s
currentSize : 16 <-- 4.180024 s

maxsize : 16
nodes : 792285.000000
filtered : 14427533.000000
CCGP filtered : 143703.000000
CCGT filtered : 116490.000000
time : 6.771854
