Parameters: GAD=1 vflib=1 dir=0 label=0 lowerbound=1 fileNameGp=../../cp2016-max-common-connected-subgraph-paper/datasets/graphsdb/mcs70/bvg/b06/mcs70_b06_s40.A09 fileNameGt=../../cp2016-max-common-connected-subgraph-paper/datasets/graphsdb/mcs70/bvg/b06/mcs70_b06_s40.B09
Reading graphs...
40 :  120
40 :  119
Initializing...
maxdom : 40
D->valSize : 1600
Solving...
currentSize : 19 <-- 0.033459 s
currentSize : 20 <-- 0.034696 s
currentSize : 21 <-- 0.035393 s
currentSize : 22 <-- 0.037338 s
currentSize : 23 <-- 0.049644 s
currentSize : 24 <-- 0.144883 s
currentSize : 25 <-- 2.516587 s
currentSize : 26 <-- 2.516656 s
currentSize : 27 <-- 2.765547 s
currentSize : 28 <-- 2.965037 s
currentSize : 29 <-- 3.014711 s
currentSize : 30 <-- 35.088985 s

maxsize : 30
nodes : 8155458.000000
filtered : 432342724.000000
CCGP filtered : 23461079.000000
CCGT filtered : 14420650.000000
time : 113.306450
