Parameters: GAD=1 vflib=1 dir=0 label=0 lowerbound=1 fileNameGp=../../cp2016-max-common-connected-subgraph-paper/datasets/graphsdb/mcs70/bvg/b06/mcs70_b06_s35.A07 fileNameGt=../../cp2016-max-common-connected-subgraph-paper/datasets/graphsdb/mcs70/bvg/b06/mcs70_b06_s35.B07
Reading graphs...
35 :  105
35 :  102
Initializing...
maxdom : 35
D->valSize : 1225
Solving...
currentSize : 13 <-- 0.019242 s
currentSize : 14 <-- 0.019417 s
currentSize : 15 <-- 0.020765 s
currentSize : 16 <-- 0.023298 s
currentSize : 17 <-- 0.027899 s
currentSize : 18 <-- 0.070155 s
currentSize : 19 <-- 0.249312 s
currentSize : 20 <-- 0.287567 s
currentSize : 21 <-- 0.526436 s
currentSize : 22 <-- 1.075899 s
currentSize : 23 <-- 5.354343 s
currentSize : 24 <-- 6.226200 s
currentSize : 25 <-- 6.293085 s
currentSize : 26 <-- 16.148151 s

maxsize : 26
nodes : 2933897.000000
filtered : 116614767.000000
CCGP filtered : 2904175.000000
CCGT filtered : 3673047.000000
time : 32.866150
