Parameters: GAD=1 vflib=1 dir=0 label=0 lowerbound=1 fileNameGp=../../cp2016-max-common-connected-subgraph-paper/datasets/graphsdb/mcs70/bvg/b03/mcs70_b03_s30.A06 fileNameGt=../../cp2016-max-common-connected-subgraph-paper/datasets/graphsdb/mcs70/bvg/b03/mcs70_b03_s30.B06
Reading graphs...
30 :  45
30 :  45
Initializing...
maxdom : 30
D->valSize : 900
Solving...
currentSize : 16 <-- 0.011206 s
currentSize : 17 <-- 0.012046 s
currentSize : 18 <-- 0.014044 s
currentSize : 19 <-- 0.017684 s
currentSize : 20 <-- 0.075302 s
currentSize : 21 <-- 0.235184 s
currentSize : 22 <-- 0.662279 s
currentSize : 23 <-- 0.684923 s
currentSize : 24 <-- 0.937522 s

maxsize : 24
nodes : 262458.000000
filtered : 6836478.000000
CCGP filtered : 2747939.000000
CCGT filtered : 1241149.000000
time : 2.269240
