Parameters: GAD=1 vflib=1 dir=0 label=0 lowerbound=1 fileNameGp=../../cp2016-max-common-connected-subgraph-paper/datasets/graphsdb/mcs70/bvg/b09/mcs70_b09_s40.A06 fileNameGt=../../cp2016-max-common-connected-subgraph-paper/datasets/graphsdb/mcs70/bvg/b09/mcs70_b09_s40.B06
Reading graphs...
40 :  178
40 :  179
Initializing...
maxdom : 40
D->valSize : 1600
Solving...
currentSize : 12 <-- 0.031717 s
currentSize : 13 <-- 0.031835 s
currentSize : 14 <-- 0.033110 s
currentSize : 15 <-- 0.033737 s
currentSize : 16 <-- 0.033885 s
currentSize : 18 <-- 0.110320 s
currentSize : 19 <-- 0.123386 s
currentSize : 20 <-- 0.131265 s
currentSize : 21 <-- 0.144154 s
currentSize : 22 <-- 0.210574 s
currentSize : 23 <-- 3.584498 s
currentSize : 24 <-- 4.499560 s
currentSize : 25 <-- 13.595770 s
currentSize : 27 <-- 13.913594 s
currentSize : 28 <-- 13.913738 s
currentSize : 29 <-- 24.715040 s

maxsize : 29
nodes : 7212248.000000
filtered : 396879411.000000
CCGP filtered : 1819300.000000
CCGT filtered : 621626.000000
time : 105.914505
