Parameters: GAD=1 vflib=1 dir=0 label=0 lowerbound=1 fileNameGp=../../cp2016-max-common-connected-subgraph-paper/datasets/graphsdb/mcs70/m2D/m2Dr4/mcs70_m2Dr4_s35.A06 fileNameGt=../../cp2016-max-common-connected-subgraph-paper/datasets/graphsdb/mcs70/m2D/m2Dr4/mcs70_m2Dr4_s35.B06
Reading graphs...
35 :  70
35 :  71
Initializing...
maxdom : 35
D->valSize : 1225
Solving...
currentSize : 16 <-- 0.020255 s
currentSize : 18 <-- 0.020364 s
currentSize : 19 <-- 0.020943 s
currentSize : 20 <-- 0.023326 s
currentSize : 21 <-- 0.028430 s
currentSize : 22 <-- 0.865723 s
currentSize : 23 <-- 1.459028 s
currentSize : 24 <-- 22.862860 s
currentSize : 25 <-- 23.095213 s

maxsize : 25
nodes : 32785804.000000
filtered : 1113221516.000000
CCGP filtered : 125001995.000000
CCGT filtered : 68467647.000000
time : 332.788361
