Parameters: GAD=1 vflib=1 dir=0 label=0 lowerbound=1 fileNameGp=../../cp2016-max-common-connected-subgraph-paper/datasets/graphsdb/mcs70/m4D/m4Dr2/mcs70_m4Dr2_s25.A03 fileNameGt=../../cp2016-max-common-connected-subgraph-paper/datasets/graphsdb/mcs70/m4D/m4Dr2/mcs70_m4Dr2_s25.B03
Reading graphs...
25 :  51
25 :  51
Initializing...
maxdom : 25
D->valSize : 625
Solving...
currentSize : 6 <-- 0.005163 s
currentSize : 9 <-- 0.005207 s
currentSize : 10 <-- 0.005390 s
currentSize : 11 <-- 0.006755 s
currentSize : 12 <-- 0.006854 s
currentSize : 13 <-- 0.008645 s
currentSize : 14 <-- 0.008724 s
currentSize : 15 <-- 0.023674 s
currentSize : 16 <-- 0.266462 s
currentSize : 17 <-- 0.385977 s
currentSize : 18 <-- 0.796646 s

maxsize : 18
nodes : 168295.000000
filtered : 3327077.000000
CCGP filtered : 885434.000000
CCGT filtered : 529635.000000
time : 1.198255
