Parameters: GAD=1 vflib=1 dir=0 label=0 lowerbound=1 fileNameGp=../../cp2016-max-common-connected-subgraph-paper/datasets/graphsdb/mcs70/m3D/m3Dr4/mcs70_m3Dr4_s35.A09 fileNameGt=../../cp2016-max-common-connected-subgraph-paper/datasets/graphsdb/mcs70/m3D/m3Dr4/mcs70_m3Dr4_s35.B09
Reading graphs...
35 :  84
35 :  85
Initializing...
maxdom : 35
D->valSize : 1225
Solving...
currentSize : 14 <-- 0.020035 s
currentSize : 15 <-- 0.020198 s
currentSize : 16 <-- 0.020613 s
currentSize : 17 <-- 0.024829 s
currentSize : 18 <-- 0.055221 s
currentSize : 19 <-- 0.462237 s
currentSize : 20 <-- 1.271596 s
currentSize : 21 <-- 14.907693 s
currentSize : 22 <-- 52.769024 s
currentSize : 23 <-- 282.773682 s
currentSize : 24 <-- 329.995117 s
currentSize : 25 <-- 405.324921 s
currentSize : 27 <-- 412.081451 s

maxsize : 27
nodes : 43259304.000000
filtered : 1229313501.000000
CCGP filtered : 115180907.000000
CCGT filtered : 53027570.000000
time : 428.899445
