Parameters: GAD=1 vflib=1 dir=0 label=0 lowerbound=1 fileNameGp=../../cp2016-max-common-connected-subgraph-paper/datasets/graphsdb/mcs70/rand/r01/mcs70_r01_s35.A06 fileNameGt=../../cp2016-max-common-connected-subgraph-paper/datasets/graphsdb/mcs70/rand/r01/mcs70_r01_s35.B06
Reading graphs...
35 :  108
35 :  110
Initializing...
maxdom : 35
D->valSize : 1225
Solving...
currentSize : 13 <-- 0.018925 s
currentSize : 14 <-- 0.018960 s
currentSize : 15 <-- 0.019154 s
currentSize : 16 <-- 0.021739 s
currentSize : 17 <-- 0.061078 s
currentSize : 18 <-- 0.363686 s
currentSize : 19 <-- 4.124852 s
currentSize : 20 <-- 204.541763 s
currentSize : 21 <-- 429.364075 s
currentSize : 22 <-- 429.789093 s
currentSize : 24 <-- 477.191711 s

maxsize : 24
nodes : 51541528.000000
filtered : 1387172598.000000
CCGP filtered : 93859750.000000
CCGT filtered : 108726594.000000
time : 538.128174
