Parameters: GAD=1 vflib=1 dir=0 label=0 lowerbound=1 fileNameGp=../../cp2016-max-common-connected-subgraph-paper/datasets/graphsdb/mcs70/bvg/b09m/mcs70_b09m_s30.A01 fileNameGt=../../cp2016-max-common-connected-subgraph-paper/datasets/graphsdb/mcs70/bvg/b09m/mcs70_b09m_s30.B01
Reading graphs...
30 :  131
30 :  130
Initializing...
maxdom : 30
D->valSize : 900
Solving...
currentSize : 8 <-- 0.009658 s
currentSize : 10 <-- 0.009725 s
currentSize : 11 <-- 0.010156 s
currentSize : 12 <-- 0.010701 s
currentSize : 13 <-- 0.162857 s
currentSize : 14 <-- 0.976112 s
currentSize : 15 <-- 9.474321 s
currentSize : 16 <-- 45.694241 s
currentSize : 18 <-- 45.694443 s
currentSize : 20 <-- 45.694614 s

maxsize : 20
nodes : 6026822.000000
filtered : 109899221.000000
CCGP filtered : 1103663.000000
CCGT filtered : 2250730.000000
time : 56.574673
