Parameters: GAD=1 vflib=1 dir=0 label=0 lowerbound=1 fileNameGp=../../cp2016-max-common-connected-subgraph-paper/datasets/graphsdb/mcs70/m2D/m2Dr6/mcs70_m2Dr6_s35.A09 fileNameGt=../../cp2016-max-common-connected-subgraph-paper/datasets/graphsdb/mcs70/m2D/m2Dr6/mcs70_m2Dr6_s35.B09
Reading graphs...
35 :  77
35 :  75
Initializing...
maxdom : 35
D->valSize : 1225
Solving...
currentSize : 16 <-- 0.020103 s
currentSize : 17 <-- 0.020303 s
currentSize : 18 <-- 0.028125 s
currentSize : 19 <-- 0.113992 s
currentSize : 20 <-- 0.131955 s
currentSize : 21 <-- 0.310026 s
currentSize : 22 <-- 28.063795 s
currentSize : 25 <-- 78.469917 s
currentSize : 26 <-- 79.719292 s

maxsize : 26
nodes : 11786056.000000
filtered : 353956807.000000
CCGP filtered : 40097786.000000
CCGT filtered : 39196466.000000
time : 125.866463
