Parameters: GAD=1 vflib=1 dir=0 label=0 lowerbound=1 fileNameGp=../../cp2016-max-common-connected-subgraph-paper/datasets/graphsdb/mcs70/bvg/b09/mcs70_b09_s50.A04 fileNameGt=../../cp2016-max-common-connected-subgraph-paper/datasets/graphsdb/mcs70/bvg/b09/mcs70_b09_s50.B04
Reading graphs...
50 :  225
50 :  224
Initializing...
maxdom : 50
D->valSize : 2500
Solving...
currentSize : 17 <-- 0.085469 s
currentSize : 18 <-- 0.085690 s
currentSize : 19 <-- 0.087054 s
currentSize : 20 <-- 0.156827 s
currentSize : 21 <-- 0.236241 s
currentSize : 22 <-- 11.919537 s
currentSize : 23 <-- 30.376436 s
currentSize : 24 <-- 284.509460 s
currentSize : 25 <-- 295.874023 s
currentSize : 26 <-- 295.927155 s
currentSize : 27 <-- 295.977203 s
currentSize : 28 <-- 295.979065 s
currentSize : 30 <-- 296.356781 s
currentSize : 31 <-- 448.986206 s
currentSize : 32 <-- 448.988861 s

TIMEOUT
maxsize : 32
nodes : 58953542.000000
filtered : 2598480593.000000
CCGP filtered : 40047470.000000
CCGT filtered : 23453694.000000
time : 1000.000000
