Parameters: GAD=1 vflib=1 dir=0 label=0 lowerbound=1 fileNameGp=../../cp2016-max-common-connected-subgraph-paper/datasets/graphsdb/mcs70/bvg/b09/mcs70_b09_s50.A02 fileNameGt=../../cp2016-max-common-connected-subgraph-paper/datasets/graphsdb/mcs70/bvg/b09/mcs70_b09_s50.B02
Reading graphs...
50 :  219
50 :  224
Initializing...
maxdom : 50
D->valSize : 2500
Solving...
currentSize : 16 <-- 0.107770 s
currentSize : 17 <-- 0.107966 s
currentSize : 18 <-- 0.108616 s
currentSize : 19 <-- 0.109641 s
currentSize : 20 <-- 0.544602 s
currentSize : 21 <-- 1.934503 s
currentSize : 22 <-- 2.188385 s
currentSize : 23 <-- 19.132948 s
currentSize : 24 <-- 91.493370 s
currentSize : 25 <-- 93.308258 s
currentSize : 26 <-- 217.759140 s
currentSize : 27 <-- 301.132355 s
currentSize : 28 <-- 495.025116 s
currentSize : 29 <-- 510.023346 s
currentSize : 30 <-- 522.718018 s
currentSize : 32 <-- 522.718506 s
currentSize : 33 <-- 532.177368 s

TIMEOUT
maxsize : 33
nodes : 56983241.000000
filtered : 2669077838.000000
CCGP filtered : 29453006.000000
CCGT filtered : 27020647.000000
time : 1000.000000
