Parameters: GAD=1 vflib=1 dir=0 label=0 lowerbound=1 fileNameGp=../../cp2016-max-common-connected-subgraph-paper/datasets/graphsdb/mcs70/m2D/m2Dr6/mcs70_m2Dr6_s35.A05 fileNameGt=../../cp2016-max-common-connected-subgraph-paper/datasets/graphsdb/mcs70/m2D/m2Dr6/mcs70_m2Dr6_s35.B05
Reading graphs...
35 :  78
35 :  76
Initializing...
maxdom : 35
D->valSize : 1225
Solving...
currentSize : 14 <-- 0.020197 s
currentSize : 17 <-- 0.020364 s
currentSize : 18 <-- 0.022319 s
currentSize : 19 <-- 0.022536 s
currentSize : 20 <-- 0.419514 s
currentSize : 21 <-- 15.458779 s
currentSize : 22 <-- 192.220551 s
currentSize : 23 <-- 481.451630 s
currentSize : 24 <-- 484.483917 s
currentSize : 26 <-- 484.710419 s

maxsize : 26
nodes : 50570949.000000
filtered : 1299051306.000000
CCGP filtered : 229587048.000000
CCGT filtered : 223218560.000000
time : 515.077698
