Parameters: GAD=1 vflib=1 dir=0 label=0 lowerbound=1 fileNameGp=../../cp2016-max-common-connected-subgraph-paper/datasets/graphsdb/mcs70/bvg/b03m/mcs70_b03m_s40.A04 fileNameGt=../../cp2016-max-common-connected-subgraph-paper/datasets/graphsdb/mcs70/bvg/b03m/mcs70_b03m_s40.B04
Reading graphs...
40 :  59
40 :  59
Initializing...
maxdom : 40
D->valSize : 1600
Solving...
currentSize : 12 <-- 0.037086 s
currentSize : 17 <-- 0.037464 s
currentSize : 18 <-- 0.037538 s
currentSize : 21 <-- 0.038032 s
currentSize : 22 <-- 0.038591 s
currentSize : 23 <-- 0.038825 s
currentSize : 24 <-- 0.039536 s
currentSize : 25 <-- 0.040110 s
currentSize : 26 <-- 1.172818 s
currentSize : 27 <-- 2.300507 s
currentSize : 28 <-- 154.726471 s
currentSize : 29 <-- 624.970703 s

maxsize : 29
nodes : 63591981.000000
filtered : 1807928880.000000
CCGP filtered : 1864880494.000000
CCGT filtered : 1008155643.000000
time : 764.100159
