Parameters: GAD=1 vflib=1 dir=0 label=0 lowerbound=1 fileNameGp=../../cp2016-max-common-connected-subgraph-paper/datasets/graphsdb/mcs70/m3D/m3Dr4/mcs70_m3Dr4_s35.A08 fileNameGt=../../cp2016-max-common-connected-subgraph-paper/datasets/graphsdb/mcs70/m3D/m3Dr4/mcs70_m3Dr4_s35.B08
Reading graphs...
35 :  86
35 :  86
Initializing...
maxdom : 35
D->valSize : 1225
Solving...
currentSize : 14 <-- 0.019499 s
currentSize : 15 <-- 0.019831 s
currentSize : 16 <-- 0.020164 s
currentSize : 17 <-- 0.020452 s
currentSize : 18 <-- 0.020825 s
currentSize : 19 <-- 0.026864 s
currentSize : 20 <-- 0.176452 s
currentSize : 21 <-- 7.534009 s
currentSize : 22 <-- 8.555652 s
currentSize : 23 <-- 16.432234 s
currentSize : 24 <-- 16.518015 s
currentSize : 25 <-- 16.559868 s
currentSize : 28 <-- 16.559986 s

maxsize : 28
nodes : 2291427.000000
filtered : 60347940.000000
CCGP filtered : 5151918.000000
CCGT filtered : 2780627.000000
time : 21.373808
