Parameters: GAD=1 vflib=1 dir=0 label=0 lowerbound=1 fileNameGp=../../cp2016-max-common-connected-subgraph-paper/datasets/graphsdb/mcs70/m3D/m3Dr4/mcs70_m3Dr4_s35.A06 fileNameGt=../../cp2016-max-common-connected-subgraph-paper/datasets/graphsdb/mcs70/m3D/m3Dr4/mcs70_m3Dr4_s35.B06
Reading graphs...
35 :  85
35 :  84
Initializing...
maxdom : 35
D->valSize : 1225
Solving...
currentSize : 15 <-- 0.019780 s
currentSize : 16 <-- 0.019910 s
currentSize : 17 <-- 0.020277 s
currentSize : 18 <-- 0.020537 s
currentSize : 19 <-- 0.025052 s
currentSize : 20 <-- 0.065790 s
currentSize : 21 <-- 10.116987 s
currentSize : 22 <-- 85.496735 s
currentSize : 23 <-- 182.491226 s
currentSize : 24 <-- 274.387268 s
currentSize : 27 <-- 275.416199 s

maxsize : 27
nodes : 31117071.000000
filtered : 772850617.000000
CCGP filtered : 50718362.000000
CCGT filtered : 41622754.000000
time : 294.717865
