Parameters: GAD=1 vflib=1 dir=0 label=0 lowerbound=1 fileNameGp=../../cp2016-max-common-connected-subgraph-paper/datasets/graphsdb/mcs70/bvg/b06m/mcs70_b06m_s50.A02 fileNameGt=../../cp2016-max-common-connected-subgraph-paper/datasets/graphsdb/mcs70/bvg/b06m/mcs70_b06m_s50.B02
Reading graphs...
50 :  148
50 :  148
Initializing...
maxdom : 50
D->valSize : 2500
Solving...
currentSize : 18 <-- 0.111319 s
currentSize : 19 <-- 0.111443 s
currentSize : 20 <-- 0.111587 s
currentSize : 21 <-- 0.111793 s
currentSize : 22 <-- 0.112330 s
currentSize : 23 <-- 0.119484 s
currentSize : 24 <-- 0.202446 s
currentSize : 25 <-- 0.611862 s
currentSize : 26 <-- 1.483697 s
currentSize : 27 <-- 29.423384 s
currentSize : 28 <-- 45.226807 s

TIMEOUT
maxsize : 28
nodes : 67979505.000000
filtered : 1983704257.000000
CCGP filtered : 488757557.000000
CCGT filtered : 407759663.000000
time : 1000.000000
