Parameters: GAD=1 vflib=1 dir=0 label=0 lowerbound=1 fileNameGp=../../cp2016-max-common-connected-subgraph-paper/datasets/graphsdb/mcs70/bvg/b09/mcs70_b09_s40.A08 fileNameGt=../../cp2016-max-common-connected-subgraph-paper/datasets/graphsdb/mcs70/bvg/b09/mcs70_b09_s40.B08
Reading graphs...
40 :  179
40 :  180
Initializing...
maxdom : 40
D->valSize : 1600
Solving...
currentSize : 14 <-- 0.032305 s
currentSize : 15 <-- 0.032898 s
currentSize : 16 <-- 0.033148 s
currentSize : 17 <-- 0.090105 s
currentSize : 18 <-- 0.987494 s
currentSize : 19 <-- 4.157324 s
currentSize : 20 <-- 29.700712 s
currentSize : 22 <-- 34.952423 s
currentSize : 23 <-- 34.953720 s
currentSize : 24 <-- 34.977158 s
currentSize : 25 <-- 50.214710 s
currentSize : 26 <-- 52.445248 s
currentSize : 27 <-- 52.445415 s
currentSize : 28 <-- 52.613953 s
currentSize : 29 <-- 144.866272 s

maxsize : 29
nodes : 11169862.000000
filtered : 573946557.000000
CCGP filtered : 2871657.000000
CCGT filtered : 1568768.000000
time : 158.979034
