Parameters: GAD=1 vflib=1 dir=0 label=0 lowerbound=1 fileNameGp=../../cp2016-max-common-connected-subgraph-paper/datasets/graphsdb/mcs70/rand/r01/mcs70_r01_s30.A04 fileNameGt=../../cp2016-max-common-connected-subgraph-paper/datasets/graphsdb/mcs70/rand/r01/mcs70_r01_s30.B04
Reading graphs...
30 :  83
30 :  84
Initializing...
maxdom : 30
D->valSize : 900
Solving...
currentSize : 12 <-- 0.018083 s
currentSize : 13 <-- 0.018263 s
currentSize : 14 <-- 0.028789 s
currentSize : 15 <-- 0.069105 s
currentSize : 16 <-- 0.088583 s
currentSize : 17 <-- 0.306063 s
currentSize : 18 <-- 14.977963 s
currentSize : 19 <-- 58.802223 s
currentSize : 20 <-- 93.583763 s
currentSize : 21 <-- 93.583977 s

maxsize : 21
nodes : 10799484.000000
filtered : 253981651.000000
CCGP filtered : 16191120.000000
CCGT filtered : 11765099.000000
time : 95.824150
