Parameters: GAD=1 vflib=1 dir=0 label=0 lowerbound=1 fileNameGp=../../cp2016-max-common-connected-subgraph-paper/datasets/graphsdb/mcs70/bvg/b09m/mcs70_b09m_s40.A03 fileNameGt=../../cp2016-max-common-connected-subgraph-paper/datasets/graphsdb/mcs70/bvg/b09m/mcs70_b09m_s40.B03
Reading graphs...
40 :  172
40 :  174
Initializing...
maxdom : 40
D->valSize : 1600
Solving...
currentSize : 15 <-- 0.031910 s
currentSize : 16 <-- 0.031972 s
currentSize : 18 <-- 0.033174 s
currentSize : 19 <-- 89.558090 s
currentSize : 20 <-- 99.840668 s
currentSize : 21 <-- 99.841133 s
currentSize : 23 <-- 112.387527 s
currentSize : 24 <-- 130.811523 s
currentSize : 25 <-- 137.892136 s
currentSize : 26 <-- 137.892349 s
currentSize : 27 <-- 137.893860 s
currentSize : 28 <-- 137.894073 s

maxsize : 28
nodes : 18744328.000000
filtered : 770594258.000000
CCGP filtered : 7245690.000000
CCGT filtered : 17331146.000000
time : 257.930389
