Parameters: GAD=1 vflib=1 dir=0 label=0 lowerbound=1 fileNameGp=../../cp2016-max-common-connected-subgraph-paper/datasets/graphsdb/mcs70/bvg/b06/mcs70_b06_s30.A06 fileNameGt=../../cp2016-max-common-connected-subgraph-paper/datasets/graphsdb/mcs70/bvg/b06/mcs70_b06_s30.B06
Reading graphs...
30 :  89
30 :  88
Initializing...
maxdom : 30
D->valSize : 900
Solving...
currentSize : 12 <-- 0.010160 s
currentSize : 13 <-- 0.010812 s
currentSize : 14 <-- 0.011030 s
currentSize : 15 <-- 0.014123 s
currentSize : 16 <-- 0.014371 s
currentSize : 17 <-- 0.054098 s
currentSize : 18 <-- 0.054298 s
currentSize : 19 <-- 0.133595 s
currentSize : 20 <-- 0.134948 s
currentSize : 21 <-- 0.313675 s
currentSize : 22 <-- 0.331132 s
currentSize : 23 <-- 0.503108 s

maxsize : 23
nodes : 174442.000000
filtered : 6204082.000000
CCGP filtered : 150580.000000
CCGT filtered : 300189.000000
time : 1.734032
