Parameters: GAD=1 vflib=1 dir=0 label=0 lowerbound=1 fileNameGp=../../cp2016-max-common-connected-subgraph-paper/datasets/graphsdb/mcs70/bvg/b09m/mcs70_b09m_s30.A03 fileNameGt=../../cp2016-max-common-connected-subgraph-paper/datasets/graphsdb/mcs70/bvg/b09m/mcs70_b09m_s30.B03
Reading graphs...
30 :  128
30 :  126
Initializing...
maxdom : 30
D->valSize : 900
Solving...
currentSize : 9 <-- 0.009572 s
currentSize : 10 <-- 0.009772 s
currentSize : 11 <-- 0.010509 s
currentSize : 12 <-- 0.015956 s
currentSize : 13 <-- 0.037731 s
currentSize : 14 <-- 0.105228 s
currentSize : 15 <-- 3.178602 s
currentSize : 17 <-- 20.475510 s
currentSize : 18 <-- 20.476120 s
currentSize : 21 <-- 28.900574 s

maxsize : 21
nodes : 3287047.000000
filtered : 67367491.000000
CCGP filtered : 957712.000000
CCGT filtered : 4085064.000000
time : 33.382969
