Parameters: GAD=1 vflib=1 dir=0 label=0 lowerbound=1 fileNameGp=../../cp2016-max-common-connected-subgraph-paper/datasets/graphsdb/mcs70/m3D/m3Dr2/mcs70_m3Dr2_s40.A05 fileNameGt=../../cp2016-max-common-connected-subgraph-paper/datasets/graphsdb/mcs70/m3D/m3Dr2/mcs70_m3Dr2_s40.B05
Reading graphs...
40 :  92
40 :  90
Initializing...
maxdom : 40
D->valSize : 1600
Solving...
currentSize : 13 <-- 0.061307 s
currentSize : 17 <-- 0.061469 s
currentSize : 18 <-- 0.062714 s
currentSize : 19 <-- 0.064888 s
currentSize : 20 <-- 0.091473 s
currentSize : 21 <-- 0.438159 s
currentSize : 22 <-- 0.458847 s
currentSize : 23 <-- 4.481235 s
currentSize : 24 <-- 16.348274 s
currentSize : 25 <-- 45.031136 s

TIMEOUT
maxsize : 25
nodes : 89334259.000000
filtered : 2602875763.000000
CCGP filtered : 485826411.000000
CCGT filtered : 286242915.000000
time : 1000.000000
