Parameters: GAD=1 vflib=1 dir=0 label=0 lowerbound=1 fileNameGp=../../cp2016-max-common-connected-subgraph-paper/datasets/graphsdb/mcs70/m2D/m2D/mcs70_m2D_s40.A04 fileNameGt=../../cp2016-max-common-connected-subgraph-paper/datasets/graphsdb/mcs70/m2D/m2D/mcs70_m2D_s40.B04
Reading graphs...
40 :  67
40 :  67
Initializing...
maxdom : 40
D->valSize : 1600
Solving...
currentSize : 14 <-- 0.035927 s
currentSize : 18 <-- 0.036012 s
currentSize : 20 <-- 0.036140 s
currentSize : 21 <-- 0.037621 s
currentSize : 22 <-- 0.042348 s
currentSize : 23 <-- 0.057947 s
currentSize : 24 <-- 0.058030 s
currentSize : 25 <-- 5.679688 s
currentSize : 26 <-- 6.997231 s
currentSize : 27 <-- 35.991562 s
currentSize : 28 <-- 241.316864 s
currentSize : 30 <-- 258.109558 s

maxsize : 30
nodes : 42219074.000000
filtered : 1411649693.000000
CCGP filtered : 483017131.000000
CCGT filtered : 351556314.000000
time : 507.255615
