Parameters: GAD=1 vflib=1 dir=0 label=0 lowerbound=1 fileNameGp=../../cp2016-max-common-connected-subgraph-paper/datasets/graphsdb/mcs70/bvg/b06/mcs70_b06_s35.A03 fileNameGt=../../cp2016-max-common-connected-subgraph-paper/datasets/graphsdb/mcs70/bvg/b06/mcs70_b06_s35.B03
Reading graphs...
35 :  105
35 :  105
Initializing...
maxdom : 35
D->valSize : 1225
Solving...
currentSize : 16 <-- 0.034031 s
currentSize : 17 <-- 0.034268 s
currentSize : 18 <-- 0.035229 s
currentSize : 19 <-- 0.046757 s
currentSize : 20 <-- 0.105638 s
currentSize : 21 <-- 21.391508 s
currentSize : 22 <-- 39.784344 s
currentSize : 23 <-- 39.784473 s
currentSize : 25 <-- 39.846260 s

maxsize : 25
nodes : 9302875.000000
filtered : 344780352.000000
CCGP filtered : 26029761.000000
CCGT filtered : 17889035.000000
time : 105.267235
