Parameters: GAD=1 vflib=1 dir=0 label=0 lowerbound=1 fileNameGp=../../cp2016-max-common-connected-subgraph-paper/datasets/graphsdb/mcs70/m2D/m2Dr2/mcs70_m2Dr2_s50.A09 fileNameGt=../../cp2016-max-common-connected-subgraph-paper/datasets/graphsdb/mcs70/m2D/m2Dr2/mcs70_m2Dr2_s50.B09
Reading graphs...
50 :  95
50 :  93
Initializing...
maxdom : 50
D->valSize : 2500
Solving...
currentSize : 21 <-- 0.095636 s
currentSize : 23 <-- 0.096659 s
currentSize : 25 <-- 0.096834 s
currentSize : 26 <-- 0.097261 s
currentSize : 27 <-- 0.099688 s
currentSize : 28 <-- 0.111608 s
currentSize : 29 <-- 0.120131 s
currentSize : 30 <-- 0.190076 s
currentSize : 31 <-- 0.305862 s
currentSize : 32 <-- 28.563124 s
currentSize : 33 <-- 313.000458 s

TIMEOUT
maxsize : 33
nodes : 70331645.000000
filtered : 2288356994.000000
CCGP filtered : 1237843035.000000
CCGT filtered : 602525101.000000
time : 1000.000000
