Parameters: GAD=1 vflib=1 dir=0 label=0 lowerbound=1 fileNameGp=../../cp2016-max-common-connected-subgraph-paper/datasets/graphsdb/mcs70/bvg/b06/mcs70_b06_s50.A00 fileNameGt=../../cp2016-max-common-connected-subgraph-paper/datasets/graphsdb/mcs70/bvg/b06/mcs70_b06_s50.B00
Reading graphs...
50 :  150
50 :  149
Initializing...
maxdom : 50
D->valSize : 2500
Solving...
currentSize : 21 <-- 0.119453 s
currentSize : 22 <-- 0.119504 s
currentSize : 23 <-- 0.119537 s
currentSize : 24 <-- 0.125059 s
currentSize : 25 <-- 0.242413 s
currentSize : 26 <-- 0.852411 s
currentSize : 27 <-- 29.670391 s
currentSize : 28 <-- 29.740984 s
currentSize : 29 <-- 45.301044 s
currentSize : 30 <-- 66.190117 s
currentSize : 31 <-- 128.116196 s
currentSize : 32 <-- 178.106735 s
currentSize : 33 <-- 218.839584 s
currentSize : 34 <-- 620.482117 s
currentSize : 35 <-- 620.485168 s
currentSize : 36 <-- 978.869934 s

TIMEOUT
maxsize : 36
nodes : 62690376.000000
filtered : 3476633195.000000
CCGP filtered : 456121459.000000
CCGT filtered : 141036309.000000
time : 1000.000000
