Parameters: GAD=1 vflib=1 dir=0 label=0 lowerbound=1 fileNameGp=../../cp2016-max-common-connected-subgraph-paper/datasets/graphsdb/mcs70/bvg/b09/mcs70_b09_s35.A09 fileNameGt=../../cp2016-max-common-connected-subgraph-paper/datasets/graphsdb/mcs70/bvg/b09/mcs70_b09_s35.B09
Reading graphs...
35 :  155
35 :  154
Initializing...
maxdom : 35
D->valSize : 1225
Solving...
currentSize : 12 <-- 0.031964 s
currentSize : 13 <-- 0.033658 s
currentSize : 14 <-- 0.035242 s
currentSize : 15 <-- 0.070210 s
currentSize : 16 <-- 0.070763 s
currentSize : 18 <-- 1.980181 s
currentSize : 20 <-- 2.147491 s
currentSize : 24 <-- 3.392961 s
currentSize : 25 <-- 12.762231 s

maxsize : 25
nodes : 2724981.000000
filtered : 109859167.000000
CCGP filtered : 261047.000000
CCGT filtered : 1207403.000000
time : 34.554283
