Parameters: GAD=1 vflib=1 dir=0 label=0 lowerbound=1 fileNameGp=../../cp2016-max-common-connected-subgraph-paper/datasets/graphsdb/mcs70/m3D/m3Dr6/mcs70_m3Dr6_s35.A07 fileNameGt=../../cp2016-max-common-connected-subgraph-paper/datasets/graphsdb/mcs70/m3D/m3Dr6/mcs70_m3Dr6_s35.B07
Reading graphs...
35 :  90
35 :  90
Initializing...
maxdom : 35
D->valSize : 1225
Solving...
currentSize : 14 <-- 0.019628 s
currentSize : 15 <-- 0.019806 s
currentSize : 17 <-- 0.020526 s
currentSize : 18 <-- 0.049757 s
currentSize : 19 <-- 0.284520 s
currentSize : 20 <-- 1.704427 s
currentSize : 21 <-- 209.802551 s
currentSize : 22 <-- 212.211975 s
currentSize : 23 <-- 212.608795 s
currentSize : 24 <-- 224.137115 s
currentSize : 26 <-- 224.137466 s
currentSize : 27 <-- 224.137573 s

maxsize : 27
nodes : 24020485.000000
filtered : 539397702.000000
CCGP filtered : 65910631.000000
CCGT filtered : 39202638.000000
time : 234.801056
