Parameters: GAD=1 vflib=1 dir=0 label=0 lowerbound=1 fileNameGp=../../cp2016-max-common-connected-subgraph-paper/datasets/graphsdb/mcs70/bvg/b06/mcs70_b06_s40.A01 fileNameGt=../../cp2016-max-common-connected-subgraph-paper/datasets/graphsdb/mcs70/bvg/b06/mcs70_b06_s40.B01
Reading graphs...
40 :  119
40 :  120
Initializing...
maxdom : 40
D->valSize : 1600
Solving...
currentSize : 16 <-- 0.033872 s
currentSize : 17 <-- 0.033932 s
currentSize : 18 <-- 0.034149 s
currentSize : 19 <-- 0.039358 s
currentSize : 20 <-- 0.049604 s
currentSize : 21 <-- 0.211974 s
currentSize : 22 <-- 11.225823 s
currentSize : 23 <-- 11.235692 s
currentSize : 24 <-- 11.530158 s
currentSize : 25 <-- 29.904173 s
currentSize : 26 <-- 33.402706 s
currentSize : 27 <-- 35.166721 s
currentSize : 28 <-- 36.719772 s
currentSize : 29 <-- 40.313580 s

maxsize : 29
nodes : 19018470.000000
filtered : 903974412.000000
CCGP filtered : 44357941.000000
CCGT filtered : 41154741.000000
time : 256.145569
