Parameters: GAD=1 vflib=1 dir=0 label=0 lowerbound=1 fileNameGp=../../cp2016-max-common-connected-subgraph-paper/datasets/graphsdb/mcs70/bvg/b03/mcs70_b03_s30.A01 fileNameGt=../../cp2016-max-common-connected-subgraph-paper/datasets/graphsdb/mcs70/bvg/b03/mcs70_b03_s30.B01
Reading graphs...
30 :  45
30 :  45
Initializing...
maxdom : 30
D->valSize : 900
Solving...
currentSize : 10 <-- 0.011036 s
currentSize : 15 <-- 0.011225 s
currentSize : 17 <-- 0.011657 s
currentSize : 18 <-- 0.011745 s
currentSize : 19 <-- 0.015259 s
currentSize : 20 <-- 0.016468 s
currentSize : 21 <-- 0.145948 s
currentSize : 22 <-- 0.767635 s
currentSize : 23 <-- 6.741824 s

maxsize : 23
nodes : 1035509.000000
filtered : 24397308.000000
CCGP filtered : 18749151.000000
CCGT filtered : 8082197.000000
time : 9.413566
