Parameters: GAD=1 vflib=1 dir=0 label=0 lowerbound=1 fileNameGp=../../cp2016-max-common-connected-subgraph-paper/datasets/graphsdb/mcs70/bvg/b06/mcs70_b06_s40.A04 fileNameGt=../../cp2016-max-common-connected-subgraph-paper/datasets/graphsdb/mcs70/bvg/b06/mcs70_b06_s40.B04
Reading graphs...
40 :  120
40 :  119
Initializing...
maxdom : 40
D->valSize : 1600
Solving...
currentSize : 20 <-- 0.033524 s
currentSize : 21 <-- 0.035624 s
currentSize : 22 <-- 0.068333 s
currentSize : 23 <-- 0.232867 s
currentSize : 24 <-- 0.272607 s
currentSize : 25 <-- 0.343062 s
currentSize : 26 <-- 0.345073 s
currentSize : 27 <-- 2.737955 s
currentSize : 28 <-- 10.472614 s
currentSize : 29 <-- 10.474854 s
currentSize : 30 <-- 10.475049 s

maxsize : 30
nodes : 7241275.000000
filtered : 391230847.000000
CCGP filtered : 17632514.000000
CCGT filtered : 12501806.000000
time : 100.372520
