Parameters: GAD=1 vflib=1 dir=0 label=0 lowerbound=1 fileNameGp=../../cp2016-max-common-connected-subgraph-paper/datasets/graphsdb/mcs70/m2D/m2Dr4/mcs70_m2Dr4_s50.A09 fileNameGt=../../cp2016-max-common-connected-subgraph-paper/datasets/graphsdb/mcs70/m2D/m2Dr4/mcs70_m2Dr4_s50.B09
Reading graphs...
50 :  103
50 :  101
Initializing...
maxdom : 50
D->valSize : 2500
Solving...
currentSize : 20 <-- 0.119810 s
currentSize : 21 <-- 0.119954 s
currentSize : 22 <-- 0.120410 s
currentSize : 23 <-- 0.120771 s
currentSize : 25 <-- 0.122028 s
currentSize : 26 <-- 0.162312 s
currentSize : 27 <-- 0.163352 s
currentSize : 28 <-- 0.214906 s
currentSize : 29 <-- 1.442755 s
currentSize : 30 <-- 1.891641 s
currentSize : 31 <-- 242.434708 s
currentSize : 32 <-- 286.809631 s

TIMEOUT
maxsize : 32
nodes : 70264260.000000
filtered : 2032851984.000000
CCGP filtered : 616030749.000000
CCGT filtered : 894193694.000000
time : 1000.000000
