Parameters: GAD=1 vflib=1 dir=0 label=0 lowerbound=1 fileNameGp=../../cp2016-max-common-connected-subgraph-paper/datasets/graphsdb/mcs70/m3D/m3D/mcs70_m3D_s35.A00 fileNameGt=../../cp2016-max-common-connected-subgraph-paper/datasets/graphsdb/mcs70/m3D/m3D/mcs70_m3D_s35.B00
Reading graphs...
35 :  72
35 :  72
Initializing...
maxdom : 35
D->valSize : 1225
Solving...
currentSize : 17 <-- 0.020197 s
currentSize : 18 <-- 0.020254 s
currentSize : 19 <-- 0.020592 s
currentSize : 20 <-- 0.022089 s
currentSize : 21 <-- 0.040116 s
currentSize : 22 <-- 0.052656 s
currentSize : 23 <-- 3.039593 s
currentSize : 24 <-- 6.740358 s
currentSize : 25 <-- 39.982441 s
currentSize : 26 <-- 40.044678 s
currentSize : 27 <-- 40.053513 s
currentSize : 28 <-- 45.750874 s

maxsize : 28
nodes : 7612355.000000
filtered : 201924463.000000
CCGP filtered : 9094327.000000
CCGT filtered : 3287189.000000
time : 69.084785
