Parameters: GAD=1 vflib=1 dir=0 label=0 lowerbound=1 fileNameGp=../../cp2016-max-common-connected-subgraph-paper/datasets/graphsdb/mcs70/bvg/b03/mcs70_b03_s40.A09 fileNameGt=../../cp2016-max-common-connected-subgraph-paper/datasets/graphsdb/mcs70/bvg/b03/mcs70_b03_s40.B09
Reading graphs...
40 :  60
40 :  60
Initializing...
maxdom : 40
D->valSize : 1600
Solving...
currentSize : 20 <-- 0.064954 s
currentSize : 21 <-- 0.065392 s
currentSize : 22 <-- 0.065510 s
currentSize : 23 <-- 0.065661 s
currentSize : 24 <-- 0.066057 s
currentSize : 25 <-- 0.066144 s
currentSize : 26 <-- 0.076372 s
currentSize : 27 <-- 0.094177 s
currentSize : 28 <-- 0.104359 s
currentSize : 29 <-- 0.113273 s
currentSize : 30 <-- 0.927558 s
currentSize : 31 <-- 0.929548 s

maxsize : 31
nodes : 16611111.000000
filtered : 581185077.000000
CCGP filtered : 529179540.000000
CCGT filtered : 267332526.000000
time : 207.087936
