Parameters: GAD=1 vflib=1 dir=0 label=0 lowerbound=1 fileNameGp=../../cp2016-max-common-connected-subgraph-paper/datasets/graphsdb/mcs70/bvg/b03m/mcs70_b03m_s40.A09 fileNameGt=../../cp2016-max-common-connected-subgraph-paper/datasets/graphsdb/mcs70/bvg/b03m/mcs70_b03m_s40.B09
Reading graphs...
40 :  58
40 :  58
Initializing...
maxdom : 40
D->valSize : 1600
Solving...
currentSize : 19 <-- 0.036650 s
currentSize : 20 <-- 0.036781 s
currentSize : 21 <-- 0.036930 s
currentSize : 22 <-- 0.037234 s
currentSize : 23 <-- 0.039729 s
currentSize : 24 <-- 0.039792 s
currentSize : 25 <-- 0.270021 s
currentSize : 26 <-- 0.306866 s
currentSize : 27 <-- 2.847881 s
currentSize : 28 <-- 5.960407 s
currentSize : 29 <-- 34.614735 s
currentSize : 30 <-- 36.987679 s
currentSize : 31 <-- 37.013577 s

maxsize : 31
nodes : 5327788.000000
filtered : 158498854.000000
CCGP filtered : 138114670.000000
CCGT filtered : 63834149.000000
time : 62.124680
