Parameters: GAD=1 vflib=1 dir=0 label=0 lowerbound=1 fileNameGp=../../cp2016-max-common-connected-subgraph-paper/datasets/graphsdb/mcs70/bvg/b09/mcs70_b09_s50.A03 fileNameGt=../../cp2016-max-common-connected-subgraph-paper/datasets/graphsdb/mcs70/bvg/b09/mcs70_b09_s50.B03
Reading graphs...
50 :  222
50 :  223
Initializing...
maxdom : 50
D->valSize : 2500
Solving...
currentSize : 15 <-- 0.085465 s
currentSize : 16 <-- 0.085524 s
currentSize : 17 <-- 0.085986 s
currentSize : 18 <-- 0.088303 s
currentSize : 19 <-- 0.096972 s
currentSize : 20 <-- 0.144633 s
currentSize : 21 <-- 0.338798 s
currentSize : 22 <-- 6.714968 s
currentSize : 23 <-- 562.081665 s
currentSize : 25 <-- 948.871643 s

TIMEOUT
maxsize : 25
nodes : 61515535.000000
filtered : 1453294555.000000
CCGP filtered : 106924890.000000
CCGT filtered : 170079393.000000
time : 1000.000000
