Parameters: GAD=1 vflib=1 dir=0 label=0 lowerbound=1 fileNameGp=../../cp2016-max-common-connected-subgraph-paper/datasets/graphsdb/mcs70/bvg/b09/mcs70_b09_s30.A00 fileNameGt=../../cp2016-max-common-connected-subgraph-paper/datasets/graphsdb/mcs70/bvg/b09/mcs70_b09_s30.B00
Reading graphs...
30 :  132
30 :  132
Initializing...
maxdom : 30
D->valSize : 900
Solving...
currentSize : 10 <-- 0.009574 s
currentSize : 11 <-- 0.009621 s
currentSize : 12 <-- 0.009808 s
currentSize : 13 <-- 0.012541 s
currentSize : 14 <-- 0.013852 s
currentSize : 15 <-- 0.052054 s
currentSize : 18 <-- 0.053938 s
currentSize : 20 <-- 0.261590 s
currentSize : 21 <-- 0.516065 s

maxsize : 21
nodes : 571819.000000
filtered : 21428582.000000
CCGP filtered : 31535.000000
CCGT filtered : 26605.000000
time : 6.301574
