Parameters: GAD=1 vflib=1 dir=0 label=0 lowerbound=1 fileNameGp=../../cp2016-max-common-connected-subgraph-paper/datasets/graphsdb/mcs70/m2D/m2Dr6/mcs70_m2Dr6_s50.A05 fileNameGt=../../cp2016-max-common-connected-subgraph-paper/datasets/graphsdb/mcs70/m2D/m2Dr6/mcs70_m2Dr6_s50.B05
Reading graphs...
50 :  111
50 :  111
Initializing...
maxdom : 50
D->valSize : 2500
Solving...
currentSize : 17 <-- 0.094063 s
currentSize : 18 <-- 0.094246 s
currentSize : 19 <-- 0.094463 s
currentSize : 20 <-- 0.095043 s
currentSize : 21 <-- 0.096030 s
currentSize : 22 <-- 0.101920 s
currentSize : 23 <-- 0.102182 s
currentSize : 24 <-- 0.122789 s
currentSize : 25 <-- 0.127441 s
currentSize : 26 <-- 0.352589 s
currentSize : 27 <-- 0.489065 s
currentSize : 28 <-- 3.552925 s
currentSize : 29 <-- 23.001057 s
currentSize : 30 <-- 325.222260 s
currentSize : 31 <-- 336.413727 s

TIMEOUT
maxsize : 31
nodes : 70533715.000000
filtered : 1681454194.000000
CCGP filtered : 379519037.000000
CCGT filtered : 239565149.000000
time : 1000.000000
