Parameters: GAD=1 vflib=1 dir=0 label=0 lowerbound=1 fileNameGp=../../cp2016-max-common-connected-subgraph-paper/datasets/graphsdb/mcs70/rand/r005/mcs70_r005_s35.A04 fileNameGt=../../cp2016-max-common-connected-subgraph-paper/datasets/graphsdb/mcs70/rand/r005/mcs70_r005_s35.B04
Reading graphs...
35 :  58
35 :  58
Initializing...
maxdom : 35
D->valSize : 1225
Solving...
currentSize : 17 <-- 0.020591 s
currentSize : 18 <-- 0.020753 s
currentSize : 19 <-- 0.021341 s
currentSize : 20 <-- 0.023250 s
currentSize : 21 <-- 0.040905 s
currentSize : 22 <-- 0.041893 s
currentSize : 23 <-- 0.191629 s
currentSize : 24 <-- 1.971816 s
currentSize : 25 <-- 7.820719 s
currentSize : 26 <-- 32.436691 s

maxsize : 26
nodes : 12448403.000000
filtered : 404905298.000000
CCGP filtered : 98081563.000000
CCGT filtered : 73648604.000000
time : 131.742722
