Parameters: GAD=1 vflib=1 dir=0 label=0 lowerbound=1 fileNameGp=../../cp2016-max-common-connected-subgraph-paper/datasets/graphsdb/mcs70/bvg/b06m/mcs70_b06m_s35.A00 fileNameGt=../../cp2016-max-common-connected-subgraph-paper/datasets/graphsdb/mcs70/bvg/b06m/mcs70_b06m_s35.B00
Reading graphs...
35 :  102
35 :  101
Initializing...
maxdom : 35
D->valSize : 1225
Solving...
currentSize : 11 <-- 0.019339 s
currentSize : 13 <-- 0.019375 s
currentSize : 14 <-- 0.019459 s
currentSize : 15 <-- 0.020275 s
currentSize : 16 <-- 0.047401 s
currentSize : 17 <-- 0.091361 s
currentSize : 18 <-- 0.224676 s
currentSize : 19 <-- 0.999016 s
currentSize : 20 <-- 11.420968 s
currentSize : 21 <-- 497.403595 s
currentSize : 22 <-- 516.176758 s
currentSize : 23 <-- 516.176941 s
currentSize : 24 <-- 550.130310 s
currentSize : 26 <-- 559.618286 s

maxsize : 26
nodes : 55014458.000000
filtered : 1433780125.000000
CCGP filtered : 162331403.000000
CCGT filtered : 147094135.000000
time : 570.408813
