Parameters: GAD=1 vflib=1 dir=0 label=0 lowerbound=1 fileNameGp=../../cp2016-max-common-connected-subgraph-paper/datasets/graphsdb/mcs70/bvg/b09/mcs70_b09_s40.A03 fileNameGt=../../cp2016-max-common-connected-subgraph-paper/datasets/graphsdb/mcs70/bvg/b09/mcs70_b09_s40.B03
Reading graphs...
40 :  178
40 :  179
Initializing...
maxdom : 40
D->valSize : 1600
Solving...
currentSize : 19 <-- 0.031636 s
currentSize : 22 <-- 0.032434 s
currentSize : 23 <-- 0.034212 s
currentSize : 24 <-- 42.641415 s
currentSize : 25 <-- 88.536064 s
currentSize : 26 <-- 108.616745 s
currentSize : 27 <-- 108.616875 s
currentSize : 28 <-- 191.992767 s
currentSize : 29 <-- 241.797714 s

maxsize : 29
nodes : 20806718.000000
filtered : 1015881621.000000
CCGP filtered : 2338739.000000
CCGT filtered : 2874983.000000
time : 295.789581
