Parameters: GAD=1 vflib=1 dir=0 label=0 lowerbound=1 fileNameGp=../../cp2016-max-common-connected-subgraph-paper/datasets/graphsdb/mcs70/bvg/b09/mcs70_b09_s35.A01 fileNameGt=../../cp2016-max-common-connected-subgraph-paper/datasets/graphsdb/mcs70/bvg/b09/mcs70_b09_s35.B01
Reading graphs...
35 :  153
35 :  156
Initializing...
maxdom : 35
D->valSize : 1225
Solving...
currentSize : 9 <-- 0.018111 s
currentSize : 11 <-- 0.018167 s
currentSize : 12 <-- 0.018220 s
currentSize : 13 <-- 0.018496 s
currentSize : 14 <-- 0.018520 s
currentSize : 15 <-- 0.019507 s
currentSize : 16 <-- 0.057556 s
currentSize : 17 <-- 0.120950 s
currentSize : 18 <-- 0.186336 s
currentSize : 19 <-- 0.446274 s
currentSize : 20 <-- 0.451515 s
currentSize : 24 <-- 3.143983 s

maxsize : 24
nodes : 4799924.000000
filtered : 190220704.000000
CCGP filtered : 497071.000000
CCGT filtered : 722548.000000
time : 59.679165
