Parameters: GAD=1 vflib=1 dir=0 label=0 lowerbound=1 fileNameGp=../../cp2016-max-common-connected-subgraph-paper/datasets/graphsdb/mcs70/m3D/m3Dr2/mcs70_m3Dr2_s35.A08 fileNameGt=../../cp2016-max-common-connected-subgraph-paper/datasets/graphsdb/mcs70/m3D/m3Dr2/mcs70_m3Dr2_s35.B08
Reading graphs...
35 :  78
35 :  79
Initializing...
maxdom : 35
D->valSize : 1225
Solving...
currentSize : 15 <-- 0.019788 s
currentSize : 16 <-- 0.021700 s
currentSize : 18 <-- 0.022457 s
currentSize : 19 <-- 0.046980 s
currentSize : 20 <-- 0.135365 s
currentSize : 21 <-- 3.047627 s
currentSize : 22 <-- 6.969626 s
currentSize : 23 <-- 151.262131 s
currentSize : 24 <-- 151.897202 s
currentSize : 26 <-- 333.730042 s
currentSize : 27 <-- 333.730133 s

maxsize : 27
nodes : 34587950.000000
filtered : 1023612875.000000
CCGP filtered : 93588319.000000
CCGT filtered : 57937403.000000
time : 354.986542
