Parameters: GAD=1 vflib=1 dir=0 label=0 lowerbound=1 fileNameGp=../../cp2016-max-common-connected-subgraph-paper/datasets/graphsdb/mcs70/m3D/m3D/mcs70_m3D_s35.A07 fileNameGt=../../cp2016-max-common-connected-subgraph-paper/datasets/graphsdb/mcs70/m3D/m3D/mcs70_m3D_s35.B07
Reading graphs...
35 :  71
35 :  72
Initializing...
maxdom : 35
D->valSize : 1225
Solving...
currentSize : 17 <-- 0.020396 s
currentSize : 18 <-- 0.020546 s
currentSize : 19 <-- 0.037252 s
currentSize : 20 <-- 0.048436 s
currentSize : 21 <-- 0.155630 s
currentSize : 22 <-- 0.680445 s
currentSize : 23 <-- 7.706618 s
currentSize : 24 <-- 13.893682 s
currentSize : 25 <-- 22.089045 s
currentSize : 27 <-- 22.089245 s

maxsize : 27
nodes : 4977335.000000
filtered : 150011531.000000
CCGP filtered : 14603096.000000
CCGT filtered : 7824374.000000
time : 48.305233
