Parameters: GAD=1 vflib=1 dir=0 label=0 lowerbound=1 fileNameGp=../../cp2016-max-common-connected-subgraph-paper/datasets/graphsdb/mcs70/bvg/b03/mcs70_b03_s50.A08 fileNameGt=../../cp2016-max-common-connected-subgraph-paper/datasets/graphsdb/mcs70/bvg/b03/mcs70_b03_s50.B08
Reading graphs...
50 :  75
50 :  75
Initializing...
maxdom : 50
D->valSize : 2500
Solving...
currentSize : 27 <-- 0.118760 s
currentSize : 28 <-- 0.119009 s
currentSize : 29 <-- 0.119751 s
currentSize : 31 <-- 0.120496 s
currentSize : 32 <-- 0.130254 s
currentSize : 33 <-- 0.140392 s
currentSize : 34 <-- 0.176717 s
currentSize : 35 <-- 0.177082 s
currentSize : 36 <-- 17.175699 s
currentSize : 37 <-- 17.382168 s
currentSize : 38 <-- 648.424805 s
currentSize : 39 <-- 648.519958 s

TIMEOUT
maxsize : 39
nodes : 65173762.000000
filtered : 2441298269.000000
CCGP filtered : 1936408403.000000
CCGT filtered : 1199297407.000000
time : 1000.000000
