Parameters: GAD=1 vflib=1 dir=0 label=0 lowerbound=1 fileNameGp=../../cp2016-max-common-connected-subgraph-paper/datasets/graphsdb/mcs70/rand/r005/mcs70_r005_s25.A06 fileNameGt=../../cp2016-max-common-connected-subgraph-paper/datasets/graphsdb/mcs70/rand/r005/mcs70_r005_s25.B06
Reading graphs...
25 :  33
25 :  33
Initializing...
maxdom : 25
D->valSize : 625
Solving...
currentSize : 7 <-- 0.009137 s
currentSize : 8 <-- 0.009185 s
currentSize : 9 <-- 0.009272 s
currentSize : 10 <-- 0.009354 s
currentSize : 11 <-- 0.009761 s
currentSize : 12 <-- 0.010528 s
currentSize : 13 <-- 0.010572 s
currentSize : 14 <-- 0.011165 s
currentSize : 15 <-- 0.011243 s
currentSize : 16 <-- 0.011441 s
currentSize : 17 <-- 0.024568 s
currentSize : 18 <-- 0.058052 s
currentSize : 19 <-- 0.060964 s

maxsize : 19
nodes : 66488.000000
filtered : 1454789.000000
CCGP filtered : 1367276.000000
CCGT filtered : 422583.000000
time : 0.525426
