Parameters: GAD=1 vflib=1 dir=0 label=0 lowerbound=1 fileNameGp=../../cp2016-max-common-connected-subgraph-paper/datasets/graphsdb/mcs70/bvg/b09/mcs70_b09_s35.A07 fileNameGt=../../cp2016-max-common-connected-subgraph-paper/datasets/graphsdb/mcs70/bvg/b09/mcs70_b09_s35.B07
Reading graphs...
35 :  155
35 :  156
Initializing...
maxdom : 35
D->valSize : 1225
Solving...
currentSize : 12 <-- 0.018086 s
currentSize : 13 <-- 0.018224 s
currentSize : 14 <-- 0.018352 s
currentSize : 15 <-- 0.018624 s
currentSize : 16 <-- 0.021873 s
currentSize : 17 <-- 0.026927 s
currentSize : 18 <-- 0.027590 s
currentSize : 20 <-- 3.546684 s
currentSize : 22 <-- 3.800026 s
currentSize : 24 <-- 3.800449 s
currentSize : 25 <-- 4.997140 s

maxsize : 25
nodes : 2054612.000000
filtered : 92270779.000000
CCGP filtered : 510098.000000
CCGT filtered : 658455.000000
time : 25.818745
