Parameters: GAD=1 vflib=1 dir=0 label=0 lowerbound=1 fileNameGp=../../cp2016-max-common-connected-subgraph-paper/datasets/graphsdb/mcs70/m2D/m2Dr2/mcs70_m2Dr2_s35.A09 fileNameGt=../../cp2016-max-common-connected-subgraph-paper/datasets/graphsdb/mcs70/m2D/m2Dr2/mcs70_m2Dr2_s35.B09
Reading graphs...
35 :  64
35 :  65
Initializing...
maxdom : 35
D->valSize : 1225
Solving...
currentSize : 13 <-- 0.020612 s
currentSize : 14 <-- 0.020675 s
currentSize : 15 <-- 0.020744 s
currentSize : 16 <-- 0.020955 s
currentSize : 17 <-- 0.021101 s
currentSize : 18 <-- 0.021466 s
currentSize : 19 <-- 0.022700 s
currentSize : 20 <-- 0.030140 s
currentSize : 21 <-- 0.046593 s
currentSize : 22 <-- 1.160334 s
currentSize : 23 <-- 38.496273 s
currentSize : 24 <-- 62.663185 s
currentSize : 25 <-- 90.739777 s
currentSize : 26 <-- 90.741081 s
currentSize : 27 <-- 90.778946 s

maxsize : 27
nodes : 10689543.000000
filtered : 289329503.000000
CCGP filtered : 107226318.000000
CCGT filtered : 45863973.000000
time : 106.934494
