Parameters: GAD=1 vflib=1 dir=0 label=0 lowerbound=1 fileNameGp=../../cp2016-max-common-connected-subgraph-paper/datasets/graphsdb/mcs70/bvg/b09/mcs70_b09_s35.A00 fileNameGt=../../cp2016-max-common-connected-subgraph-paper/datasets/graphsdb/mcs70/bvg/b09/mcs70_b09_s35.B00
Reading graphs...
35 :  155
35 :  153
Initializing...
maxdom : 35
D->valSize : 1225
Solving...
currentSize : 12 <-- 0.031866 s
currentSize : 13 <-- 0.032171 s
currentSize : 14 <-- 0.035864 s
currentSize : 15 <-- 0.151310 s
currentSize : 16 <-- 0.757261 s
currentSize : 17 <-- 1.178880 s
currentSize : 18 <-- 1.178972 s
currentSize : 20 <-- 1.186536 s
currentSize : 21 <-- 1.210320 s
currentSize : 24 <-- 1.214282 s
currentSize : 25 <-- 2.604041 s

maxsize : 25
nodes : 2023750.000000
filtered : 90010948.000000
CCGP filtered : 338760.000000
CCGT filtered : 129466.000000
time : 25.047403
