Parameters: GAD=1 vflib=1 dir=0 label=0 lowerbound=1 fileNameGp=../../cp2016-max-common-connected-subgraph-paper/datasets/graphsdb/mcs70/bvg/b06m/mcs70_b06m_s40.A02 fileNameGt=../../cp2016-max-common-connected-subgraph-paper/datasets/graphsdb/mcs70/bvg/b06m/mcs70_b06m_s40.B02
Reading graphs...
40 :  114
40 :  116
Initializing...
maxdom : 40
D->valSize : 1600
Solving...
currentSize : 11 <-- 0.033662 s
currentSize : 12 <-- 0.033761 s
currentSize : 13 <-- 0.033884 s
currentSize : 14 <-- 0.034194 s
currentSize : 15 <-- 0.035292 s
currentSize : 16 <-- 0.035643 s
currentSize : 17 <-- 0.035727 s
currentSize : 18 <-- 0.036799 s
currentSize : 19 <-- 0.047694 s
currentSize : 20 <-- 0.357474 s
currentSize : 21 <-- 0.639007 s
currentSize : 22 <-- 7.880221 s
currentSize : 23 <-- 87.439812 s
currentSize : 24 <-- 192.455688 s

TIMEOUT
maxsize : 24
nodes : 82116454.000000
filtered : 2668423166.000000
CCGP filtered : 290214474.000000
CCGT filtered : 183174847.000000
time : 1000.000000
