Parameters: GAD=1 vflib=1 dir=0 label=0 lowerbound=1 fileNameGp=../../cp2016-max-common-connected-subgraph-paper/datasets/graphsdb/mcs70/m2D/m2Dr2/mcs70_m2Dr2_s35.A03 fileNameGt=../../cp2016-max-common-connected-subgraph-paper/datasets/graphsdb/mcs70/m2D/m2Dr2/mcs70_m2Dr2_s35.B03
Reading graphs...
35 :  65
35 :  65
Initializing...
maxdom : 35
D->valSize : 1225
Solving...
currentSize : 17 <-- 0.020536 s
currentSize : 18 <-- 0.020882 s
currentSize : 19 <-- 0.021053 s
currentSize : 20 <-- 0.065621 s
currentSize : 21 <-- 0.571652 s
currentSize : 22 <-- 0.574002 s
currentSize : 23 <-- 1.775982 s
currentSize : 24 <-- 57.707096 s
currentSize : 25 <-- 195.180908 s
currentSize : 26 <-- 195.182327 s
currentSize : 27 <-- 195.182816 s
currentSize : 28 <-- 195.182922 s

maxsize : 28
nodes : 20312620.000000
filtered : 532189003.000000
CCGP filtered : 161210490.000000
CCGT filtered : 91183635.000000
time : 200.011475
