Parameters: GAD=1 vflib=1 dir=0 label=0 lowerbound=1 fileNameGp=../../cp2016-max-common-connected-subgraph-paper/datasets/graphsdb/mcs70/m3D/m3Dr6/mcs70_m3Dr6_s35.A03 fileNameGt=../../cp2016-max-common-connected-subgraph-paper/datasets/graphsdb/mcs70/m3D/m3Dr6/mcs70_m3Dr6_s35.B03
Reading graphs...
35 :  89
35 :  88
Initializing...
maxdom : 35
D->valSize : 1225
Solving...
currentSize : 17 <-- 0.019578 s
currentSize : 18 <-- 0.024180 s
currentSize : 19 <-- 0.024489 s
currentSize : 20 <-- 0.336676 s
currentSize : 21 <-- 2.412147 s
currentSize : 22 <-- 19.408279 s
currentSize : 23 <-- 19.434284 s
currentSize : 24 <-- 50.800304 s
currentSize : 26 <-- 50.801003 s
currentSize : 27 <-- 50.802368 s

maxsize : 27
nodes : 5599170.000000
filtered : 177034858.000000
CCGP filtered : 14938774.000000
CCGT filtered : 15286966.000000
time : 59.094921
