Parameters: GAD=1 vflib=1 dir=0 label=0 lowerbound=1 fileNameGp=../../cp2016-max-common-connected-subgraph-paper/datasets/graphsdb/mcs70/m2D/m2Dr4/mcs70_m2Dr4_s50.A03 fileNameGt=../../cp2016-max-common-connected-subgraph-paper/datasets/graphsdb/mcs70/m2D/m2Dr4/mcs70_m2Dr4_s50.B03
Reading graphs...
50 :  105
50 :  105
Initializing...
maxdom : 50
D->valSize : 2500
Solving...
currentSize : 20 <-- 0.094566 s
currentSize : 22 <-- 0.094632 s
currentSize : 23 <-- 0.095182 s
currentSize : 24 <-- 0.106494 s
currentSize : 25 <-- 0.161960 s
currentSize : 26 <-- 0.174557 s
currentSize : 27 <-- 2.286564 s
currentSize : 28 <-- 2.295731 s
currentSize : 29 <-- 15.928440 s
currentSize : 30 <-- 61.624073 s
currentSize : 31 <-- 105.027489 s

TIMEOUT
maxsize : 31
nodes : 73645187.000000
filtered : 2153998275.000000
CCGP filtered : 675322608.000000
CCGT filtered : 404419927.000000
time : 1000.000000
