Parameters: GAD=1 vflib=1 dir=0 label=0 lowerbound=1 fileNameGp=../../cp2016-max-common-connected-subgraph-paper/datasets/graphsdb/mcs70/m2D/m2D/mcs70_m2D_s35.A03 fileNameGt=../../cp2016-max-common-connected-subgraph-paper/datasets/graphsdb/mcs70/m2D/m2D/mcs70_m2D_s35.B03
Reading graphs...
35 :  58
35 :  58
Initializing...
maxdom : 35
D->valSize : 1225
Solving...
currentSize : 18 <-- 0.036309 s
currentSize : 19 <-- 0.036584 s
currentSize : 20 <-- 0.036738 s
currentSize : 21 <-- 0.036930 s
currentSize : 22 <-- 0.038562 s
currentSize : 23 <-- 0.041050 s
currentSize : 24 <-- 0.041396 s
currentSize : 25 <-- 0.052302 s
currentSize : 26 <-- 0.052734 s
currentSize : 27 <-- 0.072248 s

maxsize : 27
nodes : 1771757.000000
filtered : 69824489.000000
CCGP filtered : 29152805.000000
CCGT filtered : 12671501.000000
time : 20.466061
