Parameters: GAD=1 vflib=1 dir=0 label=0 lowerbound=1 fileNameGp=../../cp2016-max-common-connected-subgraph-paper/datasets/graphsdb/mcs70/bvg/b06m/mcs70_b06m_s35.A06 fileNameGt=../../cp2016-max-common-connected-subgraph-paper/datasets/graphsdb/mcs70/bvg/b06m/mcs70_b06m_s35.B06
Reading graphs...
35 :  104
35 :  104
Initializing...
maxdom : 35
D->valSize : 1225
Solving...
currentSize : 13 <-- 0.033783 s
currentSize : 14 <-- 0.034196 s
currentSize : 15 <-- 0.034435 s
currentSize : 16 <-- 0.034734 s
currentSize : 17 <-- 0.036042 s
currentSize : 18 <-- 1.047233 s
currentSize : 19 <-- 3.168851 s
currentSize : 20 <-- 128.023499 s
currentSize : 22 <-- 347.236420 s
currentSize : 25 <-- 347.239777 s

maxsize : 25
nodes : 39037739.000000
filtered : 1014665014.000000
CCGP filtered : 89193478.000000
CCGT filtered : 68866595.000000
time : 393.971313
