Parameters: GAD=1 vflib=1 dir=0 label=0 lowerbound=1 fileNameGp=../../cp2016-max-common-connected-subgraph-paper/datasets/graphsdb/mcs70/bvg/b03m/mcs70_b03m_s35.A07 fileNameGt=../../cp2016-max-common-connected-subgraph-paper/datasets/graphsdb/mcs70/bvg/b03m/mcs70_b03m_s35.B07
Reading graphs...
35 :  52
35 :  52
Initializing...
maxdom : 35
D->valSize : 1225
Solving...
currentSize : 16 <-- 0.037339 s
currentSize : 17 <-- 0.037411 s
currentSize : 18 <-- 0.074130 s
currentSize : 19 <-- 0.077286 s
currentSize : 20 <-- 0.225961 s
currentSize : 21 <-- 0.555761 s
currentSize : 22 <-- 1.611344 s
currentSize : 23 <-- 2.297323 s
currentSize : 24 <-- 4.086741 s
currentSize : 25 <-- 4.576847 s
currentSize : 26 <-- 5.771022 s
currentSize : 27 <-- 11.501435 s

maxsize : 27
nodes : 1599728.000000
filtered : 42376779.000000
CCGP filtered : 41786974.000000
CCGT filtered : 25823321.000000
time : 17.636248
