Parameters: GAD=1 vflib=1 dir=0 label=0 lowerbound=1 fileNameGp=../../cp2016-max-common-connected-subgraph-paper/datasets/graphsdb/mcs70/m2D/m2Dr6/mcs70_m2Dr6_s35.A00 fileNameGt=../../cp2016-max-common-connected-subgraph-paper/datasets/graphsdb/mcs70/m2D/m2Dr6/mcs70_m2Dr6_s35.B00
Reading graphs...
35 :  78
35 :  77
Initializing...
maxdom : 35
D->valSize : 1225
Solving...
currentSize : 15 <-- 0.020186 s
currentSize : 16 <-- 0.020279 s
currentSize : 18 <-- 0.020427 s
currentSize : 19 <-- 0.114463 s
currentSize : 20 <-- 0.317964 s
currentSize : 21 <-- 5.028564 s
currentSize : 22 <-- 6.118872 s
currentSize : 23 <-- 130.564255 s
currentSize : 24 <-- 130.564804 s
currentSize : 25 <-- 131.843124 s

maxsize : 25
nodes : 19450197.000000
filtered : 592893305.000000
CCGP filtered : 65753395.000000
CCGT filtered : 64978894.000000
time : 201.112122
