Parameters: GAD=1 vflib=1 dir=0 label=0 lowerbound=1 fileNameGp=../../cp2016-max-common-connected-subgraph-paper/datasets/graphsdb/mcs70/bvg/b09m/mcs70_b09m_s35.A03 fileNameGt=../../cp2016-max-common-connected-subgraph-paper/datasets/graphsdb/mcs70/bvg/b09m/mcs70_b09m_s35.B03
Reading graphs...
35 :  153
35 :  152
Initializing...
maxdom : 35
D->valSize : 1225
Solving...
currentSize : 12 <-- 0.018073 s
currentSize : 13 <-- 0.022287 s
currentSize : 14 <-- 0.025317 s
currentSize : 15 <-- 0.038501 s
currentSize : 16 <-- 0.317652 s
currentSize : 17 <-- 4.479585 s
currentSize : 18 <-- 9.987394 s
currentSize : 19 <-- 208.136444 s
currentSize : 24 <-- 312.222778 s

maxsize : 24
nodes : 30818091.000000
filtered : 731002399.000000
CCGP filtered : 13426556.000000
CCGT filtered : 8554914.000000
time : 344.855835
