Parameters: GAD=1 vflib=1 dir=0 label=0 lowerbound=1 fileNameGp=../../cp2016-max-common-connected-subgraph-paper/datasets/graphsdb/mcs70/m2D/m2D/mcs70_m2D_s35.A00 fileNameGt=../../cp2016-max-common-connected-subgraph-paper/datasets/graphsdb/mcs70/m2D/m2D/mcs70_m2D_s35.B00
Reading graphs...
35 :  57
35 :  58
Initializing...
maxdom : 35
D->valSize : 1225
Solving...
currentSize : 14 <-- 0.020714 s
currentSize : 16 <-- 0.020763 s
currentSize : 17 <-- 0.020793 s
currentSize : 18 <-- 0.020847 s
currentSize : 19 <-- 0.021974 s
currentSize : 20 <-- 0.022126 s
currentSize : 21 <-- 0.025982 s
currentSize : 22 <-- 0.026121 s
currentSize : 23 <-- 0.842079 s
currentSize : 24 <-- 10.290932 s
currentSize : 25 <-- 16.341219 s
currentSize : 26 <-- 16.343933 s
currentSize : 27 <-- 25.796457 s

maxsize : 27
nodes : 4769729.000000
filtered : 143810284.000000
CCGP filtered : 68781668.000000
CCGT filtered : 30396835.000000
time : 49.864548
