Parameters: GAD=1 vflib=1 dir=0 label=0 lowerbound=1 fileNameGp=../../cp2016-max-common-connected-subgraph-paper/datasets/graphsdb/mcs70/bvg/b06/mcs70_b06_s40.A05 fileNameGt=../../cp2016-max-common-connected-subgraph-paper/datasets/graphsdb/mcs70/bvg/b06/mcs70_b06_s40.B05
Reading graphs...
40 :  118
40 :  120
Initializing...
maxdom : 40
D->valSize : 1600
Solving...
currentSize : 16 <-- 0.033992 s
currentSize : 17 <-- 0.034038 s
currentSize : 18 <-- 0.034282 s
currentSize : 19 <-- 0.034386 s
currentSize : 20 <-- 0.035314 s
currentSize : 21 <-- 0.035551 s
currentSize : 22 <-- 0.124688 s
currentSize : 23 <-- 0.161652 s
currentSize : 24 <-- 0.185210 s
currentSize : 25 <-- 0.929681 s
currentSize : 26 <-- 0.929879 s
currentSize : 27 <-- 0.930181 s
currentSize : 28 <-- 5.249121 s
currentSize : 29 <-- 5.258257 s
currentSize : 30 <-- 6.904318 s

maxsize : 30
nodes : 8031391.000000
filtered : 458986272.000000
CCGP filtered : 23955029.000000
CCGT filtered : 10401238.000000
time : 112.966423
