Parameters: GAD=1 vflib=1 dir=0 label=0 lowerbound=1 fileNameGp=../../cp2016-max-common-connected-subgraph-paper/datasets/graphsdb/mcs70/m4D/m4Dr2/mcs70_m4Dr2_s25.A04 fileNameGt=../../cp2016-max-common-connected-subgraph-paper/datasets/graphsdb/mcs70/m4D/m4Dr2/mcs70_m4Dr2_s25.B04
Reading graphs...
25 :  51
25 :  51
Initializing...
maxdom : 25
D->valSize : 625
Solving...
currentSize : 7 <-- 0.005046 s
currentSize : 10 <-- 0.005135 s
currentSize : 12 <-- 0.005160 s
currentSize : 13 <-- 0.005267 s
currentSize : 14 <-- 0.005412 s
currentSize : 15 <-- 0.006097 s
currentSize : 16 <-- 0.007114 s
currentSize : 17 <-- 0.031223 s
currentSize : 18 <-- 0.411001 s

maxsize : 18
nodes : 142836.000000
filtered : 3969123.000000
CCGP filtered : 1468235.000000
CCGT filtered : 913354.000000
time : 1.192495
