Parameters: GAD=1 vflib=1 dir=0 label=0 lowerbound=1 fileNameGp=../../cp2016-max-common-connected-subgraph-paper/datasets/graphsdb/mcs70/rand/r005/mcs70_r005_s30.A04 fileNameGt=../../cp2016-max-common-connected-subgraph-paper/datasets/graphsdb/mcs70/rand/r005/mcs70_r005_s30.B04
Reading graphs...
30 :  41
30 :  42
Initializing...
maxdom : 30
D->valSize : 900
Solving...
currentSize : 15 <-- 0.011232 s
currentSize : 16 <-- 0.011331 s
currentSize : 17 <-- 0.013157 s
currentSize : 18 <-- 0.013868 s
currentSize : 19 <-- 0.022139 s
currentSize : 20 <-- 0.075747 s
currentSize : 21 <-- 0.494857 s
currentSize : 22 <-- 3.268003 s
currentSize : 23 <-- 9.721755 s

maxsize : 23
nodes : 1432171.000000
filtered : 30025013.000000
CCGP filtered : 16306894.000000
CCGT filtered : 8082202.000000
time : 11.228301
