Parameters: GAD=1 vflib=1 dir=0 label=0 lowerbound=1 fileNameGp=../../cp2016-max-common-connected-subgraph-paper/datasets/graphsdb/mcs70/bvg/b06m/mcs70_b06m_s40.A00 fileNameGt=../../cp2016-max-common-connected-subgraph-paper/datasets/graphsdb/mcs70/bvg/b06m/mcs70_b06m_s40.B00
Reading graphs...
40 :  117
40 :  118
Initializing...
maxdom : 40
D->valSize : 1600
Solving...
currentSize : 13 <-- 0.033844 s
currentSize : 14 <-- 0.033957 s
currentSize : 16 <-- 0.035032 s
currentSize : 17 <-- 0.041434 s
currentSize : 18 <-- 0.051699 s
currentSize : 19 <-- 0.150711 s
currentSize : 20 <-- 1.394708 s
currentSize : 21 <-- 1.459485 s
currentSize : 22 <-- 95.225624 s
currentSize : 23 <-- 481.909393 s

TIMEOUT
maxsize : 23
nodes : 87414316.000000
filtered : 2228310805.000000
CCGP filtered : 296522334.000000
CCGT filtered : 229432916.000000
time : 1000.000000
