Parameters: GAD=1 vflib=1 dir=0 label=0 lowerbound=1 fileNameGp=../../cp2016-max-common-connected-subgraph-paper/datasets/graphsdb/mcs70/m2D/m2Dr2/mcs70_m2Dr2_s40.A06 fileNameGt=../../cp2016-max-common-connected-subgraph-paper/datasets/graphsdb/mcs70/m2D/m2Dr2/mcs70_m2Dr2_s40.B06
Reading graphs...
40 :  73
40 :  75
Initializing...
maxdom : 40
D->valSize : 1600
Solving...
currentSize : 14 <-- 0.035767 s
currentSize : 15 <-- 0.036002 s
currentSize : 16 <-- 0.036714 s
currentSize : 19 <-- 0.037903 s
currentSize : 20 <-- 0.037961 s
currentSize : 21 <-- 0.038073 s
currentSize : 22 <-- 0.038457 s
currentSize : 23 <-- 0.248379 s
currentSize : 24 <-- 0.387876 s
currentSize : 25 <-- 7.696677 s
currentSize : 26 <-- 24.027142 s
currentSize : 27 <-- 63.896030 s

TIMEOUT
maxsize : 27
nodes : 87987233.000000
filtered : 2864608231.000000
CCGP filtered : 920624690.000000
CCGT filtered : 412489217.000000
time : 1000.000000
