Parameters: GAD=1 vflib=1 dir=0 label=0 lowerbound=1 fileNameGp=../../cp2016-max-common-connected-subgraph-paper/datasets/graphsdb/mcs70/m3D/m3Dr2/mcs70_m3Dr2_s40.A00 fileNameGt=../../cp2016-max-common-connected-subgraph-paper/datasets/graphsdb/mcs70/m3D/m3Dr2/mcs70_m3Dr2_s40.B00
Reading graphs...
40 :  91
40 :  90
Initializing...
maxdom : 40
D->valSize : 1600
Solving...
currentSize : 15 <-- 0.034978 s
currentSize : 17 <-- 0.035035 s
currentSize : 18 <-- 0.035131 s
currentSize : 19 <-- 0.035219 s
currentSize : 20 <-- 0.035704 s
currentSize : 21 <-- 0.036660 s
currentSize : 22 <-- 0.078817 s
currentSize : 23 <-- 1.070940 s
currentSize : 24 <-- 1.237912 s
currentSize : 25 <-- 30.370920 s

TIMEOUT
maxsize : 25
nodes : 89358437.000000
filtered : 2578581143.000000
CCGP filtered : 419794812.000000
CCGT filtered : 310735864.000000
time : 1000.000000
