Parameters: GAD=1 vflib=1 dir=0 label=0 lowerbound=1 fileNameGp=../../cp2016-max-common-connected-subgraph-paper/datasets/graphsdb/mcs70/bvg/b06/mcs70_b06_s50.A03 fileNameGt=../../cp2016-max-common-connected-subgraph-paper/datasets/graphsdb/mcs70/bvg/b06/mcs70_b06_s50.B03
Reading graphs...
50 :  150
50 :  149
Initializing...
maxdom : 50
D->valSize : 2500
Solving...
currentSize : 16 <-- 0.090701 s
currentSize : 18 <-- 0.090807 s
currentSize : 19 <-- 0.090854 s
currentSize : 21 <-- 0.094924 s
currentSize : 22 <-- 0.095037 s
currentSize : 23 <-- 0.104286 s
currentSize : 24 <-- 0.108544 s
currentSize : 25 <-- 3.181277 s
currentSize : 26 <-- 6.671905 s
currentSize : 27 <-- 35.840668 s
currentSize : 28 <-- 66.999588 s
currentSize : 29 <-- 581.284912 s

TIMEOUT
maxsize : 29
nodes : 65854070.000000
filtered : 2404005918.000000
CCGP filtered : 594335884.000000
CCGT filtered : 307428083.000000
time : 1000.000000
