Parameters: GAD=1 vflib=1 dir=0 label=0 lowerbound=1 fileNameGp=../../cp2016-max-common-connected-subgraph-paper/datasets/graphsdb/mcs70/m2D/m2Dr6/mcs70_m2Dr6_s50.A09 fileNameGt=../../cp2016-max-common-connected-subgraph-paper/datasets/graphsdb/mcs70/m2D/m2Dr6/mcs70_m2Dr6_s50.B09
Reading graphs...
50 :  114
50 :  113
Initializing...
maxdom : 50
D->valSize : 2500
Solving...
currentSize : 20 <-- 0.159921 s
currentSize : 21 <-- 0.160004 s
currentSize : 23 <-- 0.160223 s
currentSize : 24 <-- 0.165874 s
currentSize : 25 <-- 0.167452 s
currentSize : 26 <-- 0.460304 s
currentSize : 27 <-- 8.086707 s
currentSize : 28 <-- 43.530918 s
currentSize : 29 <-- 43.748409 s
currentSize : 30 <-- 461.858124 s

TIMEOUT
maxsize : 30
nodes : 75230293.000000
filtered : 1943782879.000000
CCGP filtered : 489379094.000000
CCGT filtered : 275877687.000000
time : 1000.000000
