Parameters: GAD=1 vflib=1 dir=0 label=0 lowerbound=1 fileNameGp=../../cp2016-max-common-connected-subgraph-paper/datasets/graphsdb/mcs70/bvg/b03m/mcs70_b03m_s40.A03 fileNameGt=../../cp2016-max-common-connected-subgraph-paper/datasets/graphsdb/mcs70/bvg/b03m/mcs70_b03m_s40.B03
Reading graphs...
40 :  58
40 :  58
Initializing...
maxdom : 40
D->valSize : 1600
Solving...
currentSize : 8 <-- 0.036566 s
currentSize : 16 <-- 0.036708 s
currentSize : 18 <-- 0.036743 s
currentSize : 20 <-- 0.037123 s
currentSize : 21 <-- 0.038259 s
currentSize : 22 <-- 0.040495 s
currentSize : 23 <-- 0.050159 s
currentSize : 24 <-- 0.076943 s
currentSize : 25 <-- 0.133559 s
currentSize : 26 <-- 0.247661 s
currentSize : 27 <-- 0.845394 s
currentSize : 28 <-- 4.758141 s
currentSize : 29 <-- 17.901230 s
currentSize : 30 <-- 17.902103 s

maxsize : 30
nodes : 25828758.000000
filtered : 896329437.000000
CCGP filtered : 682469047.000000
CCGT filtered : 335330680.000000
time : 314.389771
