Parameters: GAD=1 vflib=1 dir=0 label=0 lowerbound=1 fileNameGp=../../cp2016-max-common-connected-subgraph-paper/datasets/graphsdb/mcs70/bvg/b03/mcs70_b03_s35.A02 fileNameGt=../../cp2016-max-common-connected-subgraph-paper/datasets/graphsdb/mcs70/bvg/b03/mcs70_b03_s35.B02
Reading graphs...
35 :  52
35 :  52
Initializing...
maxdom : 35
D->valSize : 1225
Solving...
currentSize : 17 <-- 0.020903 s
currentSize : 20 <-- 0.020954 s
currentSize : 21 <-- 0.021222 s
currentSize : 22 <-- 0.022913 s
currentSize : 24 <-- 0.040297 s
currentSize : 25 <-- 0.159168 s
currentSize : 26 <-- 1.462091 s
currentSize : 27 <-- 2.788918 s
currentSize : 28 <-- 8.281268 s

maxsize : 28
nodes : 1281888.000000
filtered : 38626872.000000
CCGP filtered : 35130318.000000
CCGT filtered : 14518213.000000
time : 13.702639
