Parameters: GAD=1 vflib=1 dir=0 label=0 lowerbound=1 fileNameGp=../../cp2016-max-common-connected-subgraph-paper/datasets/graphsdb/mcs70/m2D/m2Dr2/mcs70_m2Dr2_s50.A06 fileNameGt=../../cp2016-max-common-connected-subgraph-paper/datasets/graphsdb/mcs70/m2D/m2Dr2/mcs70_m2Dr2_s50.B06
Reading graphs...
50 :  95
50 :  93
Initializing...
maxdom : 50
D->valSize : 2500
Solving...
currentSize : 22 <-- 0.096630 s
currentSize : 23 <-- 0.097614 s
currentSize : 24 <-- 0.098505 s
currentSize : 25 <-- 0.132243 s
currentSize : 26 <-- 0.147053 s
currentSize : 27 <-- 0.149003 s
currentSize : 28 <-- 0.161619 s
currentSize : 29 <-- 0.181006 s
currentSize : 30 <-- 0.182310 s
currentSize : 31 <-- 1.084373 s
currentSize : 32 <-- 81.257591 s
currentSize : 33 <-- 383.314178 s

TIMEOUT
maxsize : 33
nodes : 69906091.000000
filtered : 2318528466.000000
CCGP filtered : 756914578.000000
CCGT filtered : 730559261.000000
time : 1000.000000
