Parameters: GAD=1 vflib=1 dir=0 label=0 lowerbound=1 fileNameGp=../../cp2016-max-common-connected-subgraph-paper/datasets/graphsdb/mcs70/bvg/b06/mcs70_b06_s30.A09 fileNameGt=../../cp2016-max-common-connected-subgraph-paper/datasets/graphsdb/mcs70/bvg/b06/mcs70_b06_s30.B09
Reading graphs...
30 :  90
30 :  90
Initializing...
maxdom : 30
D->valSize : 900
Solving...
currentSize : 13 <-- 0.010192 s
currentSize : 14 <-- 0.010392 s
currentSize : 15 <-- 0.018765 s
currentSize : 16 <-- 0.026950 s
currentSize : 17 <-- 0.036414 s
currentSize : 19 <-- 0.087720 s
currentSize : 20 <-- 0.087864 s
currentSize : 21 <-- 0.206359 s
currentSize : 22 <-- 0.849930 s

maxsize : 22
nodes : 771622.000000
filtered : 25197018.000000
CCGP filtered : 932476.000000
CCGT filtered : 723686.000000
time : 7.706965
