Parameters: GAD=1 vflib=1 dir=0 label=0 lowerbound=1 fileNameGp=../../cp2016-max-common-connected-subgraph-paper/datasets/graphsdb/mcs70/m3D/m3Dr2/mcs70_m3Dr2_s40.A08 fileNameGt=../../cp2016-max-common-connected-subgraph-paper/datasets/graphsdb/mcs70/m3D/m3Dr2/mcs70_m3Dr2_s40.B08
Reading graphs...
40 :  91
40 :  92
Initializing...
maxdom : 40
D->valSize : 1600
Solving...
currentSize : 17 <-- 0.061279 s
currentSize : 18 <-- 0.061740 s
currentSize : 19 <-- 0.062800 s
currentSize : 20 <-- 0.116315 s
currentSize : 21 <-- 0.120325 s
currentSize : 22 <-- 0.672508 s
currentSize : 23 <-- 9.647328 s
currentSize : 24 <-- 9.649614 s
currentSize : 25 <-- 145.589966 s
currentSize : 26 <-- 265.500061 s

TIMEOUT
maxsize : 26
nodes : 83558803.000000
filtered : 2594455671.000000
CCGP filtered : 292095626.000000
CCGT filtered : 337658534.000000
time : 1000.000000
