Parameters: GAD=1 vflib=1 dir=0 label=0 lowerbound=1 fileNameGp=../../cp2016-max-common-connected-subgraph-paper/datasets/graphsdb/mcs70/rand/r005/mcs70_r005_s30.A01 fileNameGt=../../cp2016-max-common-connected-subgraph-paper/datasets/graphsdb/mcs70/rand/r005/mcs70_r005_s30.B01
Reading graphs...
30 :  42
30 :  42
Initializing...
maxdom : 30
D->valSize : 900
Solving...
currentSize : 15 <-- 0.019475 s
currentSize : 16 <-- 0.019736 s
currentSize : 17 <-- 0.060802 s
currentSize : 18 <-- 0.061382 s
currentSize : 19 <-- 0.067494 s
currentSize : 20 <-- 0.180744 s
currentSize : 21 <-- 0.903935 s
currentSize : 22 <-- 2.791203 s
currentSize : 23 <-- 3.062556 s

maxsize : 23
nodes : 576128.000000
filtered : 14393431.000000
CCGP filtered : 10537749.000000
CCGT filtered : 8259509.000000
time : 5.482791
