Parameters: GAD=1 vflib=1 dir=0 label=0 lowerbound=1 fileNameGp=../../cp2016-max-common-connected-subgraph-paper/datasets/graphsdb/mcs70/m3D/m3D/mcs70_m3D_s35.A08 fileNameGt=../../cp2016-max-common-connected-subgraph-paper/datasets/graphsdb/mcs70/m3D/m3D/mcs70_m3D_s35.B08
Reading graphs...
35 :  72
35 :  72
Initializing...
maxdom : 35
D->valSize : 1225
Solving...
currentSize : 16 <-- 0.020317 s
currentSize : 18 <-- 0.020355 s
currentSize : 19 <-- 0.020402 s
currentSize : 20 <-- 0.020534 s
currentSize : 21 <-- 0.024584 s
currentSize : 22 <-- 0.040234 s
currentSize : 23 <-- 0.051164 s
currentSize : 24 <-- 0.275279 s
currentSize : 25 <-- 2.219077 s
currentSize : 26 <-- 72.620911 s
currentSize : 27 <-- 112.296074 s
currentSize : 28 <-- 113.126884 s
currentSize : 29 <-- 114.829109 s

maxsize : 29
nodes : 11374177.000000
filtered : 369697441.000000
CCGP filtered : 25992425.000000
CCGT filtered : 17584686.000000
time : 116.294868
