Parameters: GAD=1 vflib=1 dir=0 label=0 lowerbound=1 fileNameGp=../../cp2016-max-common-connected-subgraph-paper/datasets/graphsdb/mcs70/m2D/m2Dr2/mcs70_m2Dr2_s35.A08 fileNameGt=../../cp2016-max-common-connected-subgraph-paper/datasets/graphsdb/mcs70/m2D/m2Dr2/mcs70_m2Dr2_s35.B08
Reading graphs...
35 :  65
35 :  64
Initializing...
maxdom : 35
D->valSize : 1225
Solving...
currentSize : 10 <-- 0.020478 s
currentSize : 13 <-- 0.020563 s
currentSize : 15 <-- 0.021079 s
currentSize : 16 <-- 0.027028 s
currentSize : 17 <-- 0.028282 s
currentSize : 18 <-- 0.028572 s
currentSize : 19 <-- 0.033918 s
currentSize : 20 <-- 0.082289 s
currentSize : 21 <-- 0.317089 s
currentSize : 22 <-- 0.794551 s
currentSize : 23 <-- 5.782954 s
currentSize : 24 <-- 24.875401 s
currentSize : 25 <-- 52.073788 s

maxsize : 25
nodes : 18276743.000000
filtered : 599484517.000000
CCGP filtered : 133418948.000000
CCGT filtered : 84241465.000000
time : 193.060699
