Parameters: GAD=1 vflib=1 dir=0 label=0 lowerbound=1 fileNameGp=../../cp2016-max-common-connected-subgraph-paper/datasets/graphsdb/mcs70/m2D/m2Dr4/mcs70_m2Dr4_s50.A01 fileNameGt=../../cp2016-max-common-connected-subgraph-paper/datasets/graphsdb/mcs70/m2D/m2Dr4/mcs70_m2Dr4_s50.B01
Reading graphs...
50 :  105
50 :  104
Initializing...
maxdom : 50
D->valSize : 2500
Solving...
currentSize : 22 <-- 0.095056 s
currentSize : 23 <-- 0.095129 s
currentSize : 24 <-- 0.095402 s
currentSize : 25 <-- 0.096439 s
currentSize : 26 <-- 0.103239 s
currentSize : 27 <-- 0.108847 s
currentSize : 28 <-- 0.243213 s
currentSize : 29 <-- 0.559432 s
currentSize : 30 <-- 0.790716 s
currentSize : 31 <-- 289.472565 s

TIMEOUT
maxsize : 31
nodes : 70858481.000000
filtered : 2067874705.000000
CCGP filtered : 750538590.000000
CCGT filtered : 531575956.000000
time : 1000.000000
