Parameters: GAD=1 vflib=1 dir=0 label=0 lowerbound=1 fileNameGp=../../cp2016-max-common-connected-subgraph-paper/datasets/graphsdb/mcs70/m2D/m2Dr2/mcs70_m2Dr2_s35.A01 fileNameGt=../../cp2016-max-common-connected-subgraph-paper/datasets/graphsdb/mcs70/m2D/m2Dr2/mcs70_m2Dr2_s35.B01
Reading graphs...
35 :  65
35 :  65
Initializing...
maxdom : 35
D->valSize : 1225
Solving...
currentSize : 9 <-- 0.020324 s
currentSize : 14 <-- 0.020496 s
currentSize : 15 <-- 0.020525 s
currentSize : 16 <-- 0.020707 s
currentSize : 17 <-- 0.020833 s
currentSize : 18 <-- 0.021420 s
currentSize : 19 <-- 0.021936 s
currentSize : 20 <-- 0.022986 s
currentSize : 21 <-- 0.026267 s
currentSize : 22 <-- 0.034773 s
currentSize : 23 <-- 0.302025 s
currentSize : 24 <-- 84.259377 s
currentSize : 25 <-- 138.404846 s
currentSize : 26 <-- 259.393188 s

maxsize : 26
nodes : 34674025.000000
filtered : 1045245295.000000
CCGP filtered : 180050629.000000
CCGT filtered : 134415128.000000
time : 343.087708
