Parameters: GAD=1 vflib=1 dir=0 label=0 lowerbound=1 fileNameGp=../../cp2016-max-common-connected-subgraph-paper/datasets/graphsdb/mcs70/bvg/b09/mcs70_b09_s25.A07 fileNameGt=../../cp2016-max-common-connected-subgraph-paper/datasets/graphsdb/mcs70/bvg/b09/mcs70_b09_s25.B07
Reading graphs...
25 :  110
25 :  110
Initializing...
maxdom : 25
D->valSize : 625
Solving...
currentSize : 9 <-- 0.004528 s
currentSize : 10 <-- 0.004636 s
currentSize : 11 <-- 0.008640 s
currentSize : 12 <-- 0.013048 s
currentSize : 13 <-- 0.013086 s
currentSize : 14 <-- 0.614469 s
currentSize : 15 <-- 4.314949 s
currentSize : 16 <-- 5.425108 s
currentSize : 17 <-- 5.428635 s

maxsize : 17
nodes : 746226.000000
filtered : 13020787.000000
CCGP filtered : 93312.000000
CCGT filtered : 170533.000000
time : 6.422354
