Parameters: GAD=1 vflib=1 dir=0 label=0 lowerbound=1 fileNameGp=../../cp2016-max-common-connected-subgraph-paper/datasets/graphsdb/mcs70/bvg/b03m/mcs70_b03m_s50.A07 fileNameGt=../../cp2016-max-common-connected-subgraph-paper/datasets/graphsdb/mcs70/bvg/b03m/mcs70_b03m_s50.B07
Reading graphs...
50 :  75
50 :  75
Initializing...
maxdom : 50
D->valSize : 2500
Solving...
currentSize : 24 <-- 0.098715 s
currentSize : 26 <-- 0.098770 s
currentSize : 27 <-- 0.104343 s
currentSize : 28 <-- 0.149602 s
currentSize : 29 <-- 0.438709 s
currentSize : 30 <-- 0.439023 s
currentSize : 31 <-- 3.571432 s
currentSize : 32 <-- 3.661674 s
currentSize : 33 <-- 49.364567 s
currentSize : 34 <-- 60.889324 s

TIMEOUT
maxsize : 34
nodes : 69385778.000000
filtered : 2126460577.000000
CCGP filtered : 1769112048.000000
CCGT filtered : 1266913871.000000
time : 1000.000000
