Parameters: GAD=1 vflib=1 dir=0 label=0 lowerbound=1 fileNameGp=../../cp2016-max-common-connected-subgraph-paper/datasets/graphsdb/mcs70/rand/r005/mcs70_r005_s40.A06 fileNameGt=../../cp2016-max-common-connected-subgraph-paper/datasets/graphsdb/mcs70/rand/r005/mcs70_r005_s40.B06
Reading graphs...
40 :  76
40 :  75
Initializing...
maxdom : 40
D->valSize : 1600
Solving...
currentSize : 17 <-- 0.035812 s
currentSize : 18 <-- 0.037882 s
currentSize : 19 <-- 0.046513 s
currentSize : 20 <-- 0.054103 s
currentSize : 21 <-- 0.419295 s
currentSize : 22 <-- 0.486661 s
currentSize : 23 <-- 0.763930 s
currentSize : 24 <-- 8.821158 s
currentSize : 25 <-- 11.408212 s
currentSize : 26 <-- 28.199045 s
currentSize : 27 <-- 772.809998 s

TIMEOUT
maxsize : 27
nodes : 81746957.000000
filtered : 2544371222.000000
CCGP filtered : 978155765.000000
CCGT filtered : 865910429.000000
time : 1000.000000
