Parameters: GAD=1 vflib=1 dir=0 label=0 lowerbound=1 fileNameGp=../../cp2016-max-common-connected-subgraph-paper/datasets/graphsdb/mcs70/bvg/b03m/mcs70_b03m_s35.A00 fileNameGt=../../cp2016-max-common-connected-subgraph-paper/datasets/graphsdb/mcs70/bvg/b03m/mcs70_b03m_s35.B00
Reading graphs...
35 :  52
35 :  51
Initializing...
maxdom : 35
D->valSize : 1225
Solving...
currentSize : 17 <-- 0.021113 s
currentSize : 18 <-- 0.021374 s
currentSize : 19 <-- 0.021419 s
currentSize : 20 <-- 0.021510 s
currentSize : 21 <-- 0.022883 s
currentSize : 22 <-- 0.026013 s
currentSize : 23 <-- 0.089812 s
currentSize : 24 <-- 0.627900 s
currentSize : 25 <-- 0.959476 s
currentSize : 26 <-- 18.714066 s

maxsize : 26
nodes : 5139210.000000
filtered : 159909264.000000
CCGP filtered : 94668811.000000
CCGT filtered : 63705646.000000
time : 55.780106
