Parameters: GAD=1 vflib=1 dir=0 label=0 lowerbound=1 fileNameGp=../../cp2016-max-common-connected-subgraph-paper/datasets/graphsdb/mcs70/m3D/m3D/mcs70_m3D_s40.A04 fileNameGt=../../cp2016-max-common-connected-subgraph-paper/datasets/graphsdb/mcs70/m3D/m3D/mcs70_m3D_s40.B04
Reading graphs...
40 :  83
40 :  83
Initializing...
maxdom : 40
D->valSize : 1600
Solving...
currentSize : 18 <-- 0.035117 s
currentSize : 19 <-- 0.035222 s
currentSize : 20 <-- 0.036003 s
currentSize : 21 <-- 0.055434 s
currentSize : 22 <-- 0.057772 s
currentSize : 23 <-- 0.058042 s
currentSize : 24 <-- 0.243829 s
currentSize : 25 <-- 2.380384 s
currentSize : 26 <-- 168.701126 s
currentSize : 27 <-- 548.136108 s
currentSize : 28 <-- 594.848511 s
currentSize : 29 <-- 611.639893 s

TIMEOUT
maxsize : 29
nodes : 89692818.000000
filtered : 2945728129.000000
CCGP filtered : 455833669.000000
CCGT filtered : 235019855.000000
time : 1000.000000
