Parameters: GAD=1 vflib=1 dir=0 label=0 lowerbound=1 fileNameGp=../../cp2016-max-common-connected-subgraph-paper/datasets/graphsdb/mcs70/bvg/b09/mcs70_b09_s30.A04 fileNameGt=../../cp2016-max-common-connected-subgraph-paper/datasets/graphsdb/mcs70/bvg/b09/mcs70_b09_s30.B04
Reading graphs...
30 :  132
30 :  134
Initializing...
maxdom : 30
D->valSize : 900
Solving...
currentSize : 9 <-- 0.009470 s
currentSize : 11 <-- 0.009537 s
currentSize : 12 <-- 0.011450 s
currentSize : 13 <-- 0.021685 s
currentSize : 14 <-- 0.073815 s
currentSize : 16 <-- 0.073937 s
currentSize : 17 <-- 0.275990 s
currentSize : 18 <-- 0.276048 s
currentSize : 20 <-- 0.276255 s
currentSize : 21 <-- 0.276528 s

maxsize : 21
nodes : 683620.000000
filtered : 23482135.000000
CCGP filtered : 71804.000000
CCGT filtered : 19593.000000
time : 7.268082
