Parameters: GAD=1 vflib=1 dir=0 label=0 lowerbound=1 fileNameGp=../../cp2016-max-common-connected-subgraph-paper/datasets/graphsdb/mcs70/bvg/b03m/mcs70_b03m_s50.A06 fileNameGt=../../cp2016-max-common-connected-subgraph-paper/datasets/graphsdb/mcs70/bvg/b03m/mcs70_b03m_s50.B06
Reading graphs...
50 :  75
50 :  75
Initializing...
maxdom : 50
D->valSize : 2500
Solving...
currentSize : 18 <-- 0.155594 s
currentSize : 21 <-- 0.155745 s
currentSize : 22 <-- 0.156370 s
currentSize : 25 <-- 0.156407 s
currentSize : 26 <-- 0.185152 s
currentSize : 27 <-- 0.260279 s
currentSize : 28 <-- 0.297316 s
currentSize : 29 <-- 0.297505 s
currentSize : 30 <-- 1.054883 s
currentSize : 31 <-- 1.055332 s
currentSize : 32 <-- 1.098755 s
currentSize : 33 <-- 4.340824 s
currentSize : 34 <-- 178.612473 s
currentSize : 35 <-- 795.989258 s

TIMEOUT
maxsize : 35
nodes : 74641180.000000
filtered : 2321722995.000000
CCGP filtered : 1937350172.000000
CCGT filtered : 689739331.000000
time : 1000.000000
