Parameters: GAD=1 vflib=1 dir=0 label=0 lowerbound=1 fileNameGp=../../cp2016-max-common-connected-subgraph-paper/datasets/graphsdb/mcs70/rand/r01/mcs70_r01_s40.A08 fileNameGt=../../cp2016-max-common-connected-subgraph-paper/datasets/graphsdb/mcs70/rand/r01/mcs70_r01_s40.B08
Reading graphs...
40 :  151
40 :  150
Initializing...
maxdom : 40
D->valSize : 1600
Solving...
currentSize : 13 <-- 0.032532 s
currentSize : 14 <-- 0.032894 s
currentSize : 15 <-- 0.040385 s
currentSize : 16 <-- 0.043965 s
currentSize : 17 <-- 0.068287 s
currentSize : 18 <-- 0.192255 s
currentSize : 19 <-- 2.103467 s
currentSize : 20 <-- 13.140431 s
currentSize : 21 <-- 13.140547 s
currentSize : 23 <-- 242.141525 s
currentSize : 24 <-- 242.744354 s
currentSize : 28 <-- 242.759598 s

maxsize : 28
nodes : 37447292.000000
filtered : 1563423688.000000
CCGP filtered : 7245615.000000
CCGT filtered : 10293309.000000
time : 495.107849
