Parameters: GAD=1 vflib=1 dir=0 label=0 lowerbound=1 fileNameGp=../../cp2016-max-common-connected-subgraph-paper/datasets/graphsdb/mcs70/m2D/m2Dr6/mcs70_m2Dr6_s40.A00 fileNameGt=../../cp2016-max-common-connected-subgraph-paper/datasets/graphsdb/mcs70/m2D/m2Dr6/mcs70_m2Dr6_s40.B00
Reading graphs...
40 :  87
40 :  87
Initializing...
maxdom : 40
D->valSize : 1600
Solving...
currentSize : 15 <-- 0.035076 s
currentSize : 16 <-- 0.035271 s
currentSize : 17 <-- 0.036793 s
currentSize : 18 <-- 0.037273 s
currentSize : 19 <-- 0.049923 s
currentSize : 20 <-- 0.082180 s
currentSize : 21 <-- 0.179011 s
currentSize : 22 <-- 1.425214 s
currentSize : 23 <-- 3.283286 s
currentSize : 24 <-- 117.020378 s

TIMEOUT
maxsize : 24
nodes : 87321005.000000
filtered : 2107797120.000000
CCGP filtered : 749034869.000000
CCGT filtered : 424333903.000000
time : 1000.000000
