Parameters: GAD=1 vflib=1 dir=0 label=0 lowerbound=1 fileNameGp=../../cp2016-max-common-connected-subgraph-paper/datasets/graphsdb/mcs70/bvg/b03m/mcs70_b03m_s30.A06 fileNameGt=../../cp2016-max-common-connected-subgraph-paper/datasets/graphsdb/mcs70/bvg/b03m/mcs70_b03m_s30.B06
Reading graphs...
30 :  44
30 :  44
Initializing...
maxdom : 30
D->valSize : 900
Solving...
currentSize : 12 <-- 0.019330 s
currentSize : 13 <-- 0.020247 s
currentSize : 15 <-- 0.020806 s
currentSize : 16 <-- 0.021104 s
currentSize : 17 <-- 0.021671 s
currentSize : 18 <-- 0.024323 s
currentSize : 19 <-- 0.036119 s
currentSize : 20 <-- 0.393067 s
currentSize : 21 <-- 1.183426 s
currentSize : 22 <-- 1.238215 s

maxsize : 22
nodes : 836977.000000
filtered : 20351752.000000
CCGP filtered : 27721043.000000
CCGT filtered : 9540239.000000
time : 7.681743
