Parameters: GAD=1 vflib=1 dir=0 label=0 lowerbound=1 fileNameGp=../../cp2016-max-common-connected-subgraph-paper/datasets/graphsdb/mcs70/m2D/m2Dr2/mcs70_m2Dr2_s40.A08 fileNameGt=../../cp2016-max-common-connected-subgraph-paper/datasets/graphsdb/mcs70/m2D/m2Dr2/mcs70_m2Dr2_s40.B08
Reading graphs...
40 :  74
40 :  73
Initializing...
maxdom : 40
D->valSize : 1600
Solving...
currentSize : 18 <-- 0.062327 s
currentSize : 20 <-- 0.062570 s
currentSize : 21 <-- 0.062835 s
currentSize : 22 <-- 0.085955 s
currentSize : 23 <-- 0.125731 s
currentSize : 24 <-- 0.146601 s
currentSize : 25 <-- 3.556990 s
currentSize : 26 <-- 5.903278 s
currentSize : 27 <-- 6.345528 s
currentSize : 28 <-- 426.818207 s
currentSize : 29 <-- 739.843445 s

TIMEOUT
maxsize : 29
nodes : 84407999.000000
filtered : 2953333080.000000
CCGP filtered : 724543423.000000
CCGT filtered : 496646548.000000
time : 1000.000000
