Parameters: GAD=1 vflib=1 dir=0 label=0 lowerbound=1 fileNameGp=../../cp2016-max-common-connected-subgraph-paper/datasets/graphsdb/mcs70/bvg/b09/mcs70_b09_s30.A02 fileNameGt=../../cp2016-max-common-connected-subgraph-paper/datasets/graphsdb/mcs70/bvg/b09/mcs70_b09_s30.B02
Reading graphs...
30 :  131
30 :  132
Initializing...
maxdom : 30
D->valSize : 900
Solving...
currentSize : 11 <-- 0.009612 s
currentSize : 13 <-- 0.009738 s
currentSize : 14 <-- 0.057276 s
currentSize : 15 <-- 0.121051 s
currentSize : 16 <-- 0.385055 s
currentSize : 17 <-- 0.474209 s
currentSize : 18 <-- 0.749862 s
currentSize : 19 <-- 0.755936 s
currentSize : 20 <-- 0.756060 s

maxsize : 20
nodes : 1514000.000000
filtered : 45025830.000000
CCGP filtered : 62243.000000
CCGT filtered : 50040.000000
time : 15.511778
