Parameters: GAD=1 vflib=1 dir=0 label=0 lowerbound=1 fileNameGp=../../cp2016-max-common-connected-subgraph-paper/datasets/graphsdb/mcs70/bvg/b03m/mcs70_b03m_s50.A09 fileNameGt=../../cp2016-max-common-connected-subgraph-paper/datasets/graphsdb/mcs70/bvg/b03m/mcs70_b03m_s50.B09
Reading graphs...
50 :  75
50 :  75
Initializing...
maxdom : 50
D->valSize : 2500
Solving...
currentSize : 18 <-- 0.097611 s
currentSize : 19 <-- 0.097889 s
currentSize : 20 <-- 0.098496 s
currentSize : 21 <-- 0.098525 s
currentSize : 22 <-- 0.098759 s
currentSize : 23 <-- 0.098981 s
currentSize : 24 <-- 0.099214 s
currentSize : 25 <-- 0.099278 s
currentSize : 27 <-- 0.108089 s
currentSize : 28 <-- 0.109324 s
currentSize : 29 <-- 0.248598 s
currentSize : 30 <-- 3.979716 s
currentSize : 31 <-- 4.491876 s
currentSize : 32 <-- 16.007584 s
currentSize : 33 <-- 115.970528 s
currentSize : 34 <-- 294.223419 s
currentSize : 35 <-- 972.440125 s

TIMEOUT
maxsize : 35
nodes : 72805540.000000
filtered : 1906424673.000000
CCGP filtered : 2717558454.000000
CCGT filtered : 1199860190.000000
time : 1000.000000
