Parameters: GAD=1 vflib=1 dir=0 label=0 lowerbound=1 fileNameGp=../../cp2016-max-common-connected-subgraph-paper/datasets/graphsdb/mcs70/m2D/m2Dr6/mcs70_m2Dr6_s40.A09 fileNameGt=../../cp2016-max-common-connected-subgraph-paper/datasets/graphsdb/mcs70/m2D/m2Dr6/mcs70_m2Dr6_s40.B09
Reading graphs...
40 :  89
40 :  87
Initializing...
maxdom : 40
D->valSize : 1600
Solving...
currentSize : 17 <-- 0.035209 s
currentSize : 19 <-- 0.035582 s
currentSize : 20 <-- 0.035603 s
currentSize : 21 <-- 0.036036 s
currentSize : 22 <-- 0.036091 s
currentSize : 23 <-- 0.036555 s
currentSize : 24 <-- 0.050185 s
currentSize : 25 <-- 5.504324 s
currentSize : 26 <-- 9.369035 s
currentSize : 27 <-- 793.662231 s

TIMEOUT
maxsize : 27
nodes : 89883094.000000
filtered : 2782272061.000000
CCGP filtered : 331501415.000000
CCGT filtered : 303174050.000000
time : 1000.000000
