Parameters: GAD=1 vflib=1 dir=0 label=0 lowerbound=1 fileNameGp=../../cp2016-max-common-connected-subgraph-paper/datasets/graphsdb/mcs70/bvg/b06m/mcs70_b06m_s35.A07 fileNameGt=../../cp2016-max-common-connected-subgraph-paper/datasets/graphsdb/mcs70/bvg/b06m/mcs70_b06m_s35.B07
Reading graphs...
35 :  101
35 :  101
Initializing...
maxdom : 35
D->valSize : 1225
Solving...
currentSize : 15 <-- 0.019382 s
currentSize : 16 <-- 0.019536 s
currentSize : 17 <-- 0.020580 s
currentSize : 18 <-- 0.104816 s
currentSize : 19 <-- 0.774949 s
currentSize : 20 <-- 1.522578 s
currentSize : 21 <-- 210.992447 s
currentSize : 22 <-- 250.383530 s
currentSize : 24 <-- 807.202515 s

maxsize : 24
nodes : 78143088.000000
filtered : 2474325405.000000
CCGP filtered : 114976211.000000
CCGT filtered : 129372861.000000
time : 850.676208
