Parameters: GAD=1 vflib=1 dir=0 label=0 lowerbound=1 fileNameGp=../../cp2016-max-common-connected-subgraph-paper/datasets/graphsdb/mcs70/m2D/m2Dr4/mcs70_m2Dr4_s35.A07 fileNameGt=../../cp2016-max-common-connected-subgraph-paper/datasets/graphsdb/mcs70/m2D/m2Dr4/mcs70_m2Dr4_s35.B07
Reading graphs...
35 :  72
35 :  72
Initializing...
maxdom : 35
D->valSize : 1225
Solving...
currentSize : 13 <-- 0.020107 s
currentSize : 16 <-- 0.020226 s
currentSize : 17 <-- 0.023190 s
currentSize : 18 <-- 0.024938 s
currentSize : 19 <-- 0.079170 s
currentSize : 20 <-- 0.081421 s
currentSize : 21 <-- 2.010162 s
currentSize : 22 <-- 5.452426 s
currentSize : 23 <-- 19.604620 s
currentSize : 24 <-- 202.505707 s
currentSize : 25 <-- 313.870178 s

maxsize : 25
nodes : 36450647.000000
filtered : 1079702897.000000
CCGP filtered : 126196924.000000
CCGT filtered : 126385441.000000
time : 373.195862
