Parameters: GAD=1 vflib=1 dir=0 label=0 lowerbound=1 fileNameGp=../../cp2016-max-common-connected-subgraph-paper/datasets/graphsdb/mcs70/rand/r005/mcs70_r005_s40.A00 fileNameGt=../../cp2016-max-common-connected-subgraph-paper/datasets/graphsdb/mcs70/rand/r005/mcs70_r005_s40.B00
Reading graphs...
40 :  75
40 :  73
Initializing...
maxdom : 40
D->valSize : 1600
Solving...
currentSize : 12 <-- 0.035885 s
currentSize : 14 <-- 0.036092 s
currentSize : 17 <-- 0.036335 s
currentSize : 18 <-- 0.036671 s
currentSize : 19 <-- 0.038765 s
currentSize : 20 <-- 0.041989 s
currentSize : 21 <-- 0.042136 s
currentSize : 22 <-- 0.066866 s
currentSize : 23 <-- 0.084397 s
currentSize : 24 <-- 0.871493 s
currentSize : 25 <-- 3.482613 s
currentSize : 26 <-- 10.766472 s
currentSize : 27 <-- 23.583740 s
currentSize : 28 <-- 156.267242 s

maxsize : 28
nodes : 61025484.000000
filtered : 2352282254.000000
CCGP filtered : 1105717068.000000
CCGT filtered : 753617052.000000
time : 806.027100
