Parameters: GAD=1 vflib=1 dir=0 label=0 lowerbound=1 fileNameGp=../../cp2016-max-common-connected-subgraph-paper/datasets/graphsdb/mcs70/bvg/b06/mcs70_b06_s30.A07 fileNameGt=../../cp2016-max-common-connected-subgraph-paper/datasets/graphsdb/mcs70/bvg/b06/mcs70_b06_s30.B07
Reading graphs...
30 :  90
30 :  89
Initializing...
maxdom : 30
D->valSize : 900
Solving...
currentSize : 10 <-- 0.010018 s
currentSize : 11 <-- 0.010061 s
currentSize : 13 <-- 0.010117 s
currentSize : 14 <-- 0.010624 s
currentSize : 15 <-- 0.018913 s
currentSize : 16 <-- 0.020188 s
currentSize : 17 <-- 0.052091 s
currentSize : 18 <-- 0.100755 s
currentSize : 19 <-- 0.538098 s
currentSize : 21 <-- 0.616618 s
currentSize : 22 <-- 1.328770 s

maxsize : 22
nodes : 778896.000000
filtered : 25284807.000000
CCGP filtered : 422530.000000
CCGT filtered : 557103.000000
time : 7.515659
