Parameters: GAD=1 vflib=1 dir=0 label=0 lowerbound=1 fileNameGp=../../cp2016-max-common-connected-subgraph-paper/datasets/graphsdb/mcs70/m3D/m3D/mcs70_m3D_s35.A09 fileNameGt=../../cp2016-max-common-connected-subgraph-paper/datasets/graphsdb/mcs70/m3D/m3D/mcs70_m3D_s35.B09
Reading graphs...
35 :  72
35 :  72
Initializing...
maxdom : 35
D->valSize : 1225
Solving...
currentSize : 15 <-- 0.020175 s
currentSize : 17 <-- 0.020217 s
currentSize : 18 <-- 0.020547 s
currentSize : 19 <-- 0.022181 s
currentSize : 20 <-- 0.024590 s
currentSize : 21 <-- 0.024647 s
currentSize : 22 <-- 0.280269 s
currentSize : 23 <-- 1.139130 s
currentSize : 24 <-- 12.078374 s
currentSize : 25 <-- 12.827153 s
currentSize : 26 <-- 15.641986 s
currentSize : 27 <-- 16.947466 s
currentSize : 28 <-- 18.597412 s

maxsize : 28
nodes : 3099791.000000
filtered : 96652547.000000
CCGP filtered : 7076787.000000
CCGT filtered : 3499517.000000
time : 31.632000
