Parameters: GAD=1 vflib=1 dir=0 label=0 lowerbound=1 fileNameGp=../../cp2016-max-common-connected-subgraph-paper/datasets/graphsdb/mcs70/m2D/m2D/mcs70_m2D_s35.A09 fileNameGt=../../cp2016-max-common-connected-subgraph-paper/datasets/graphsdb/mcs70/m2D/m2D/mcs70_m2D_s35.B09
Reading graphs...
35 :  58
35 :  58
Initializing...
maxdom : 35
D->valSize : 1225
Solving...
currentSize : 14 <-- 0.020432 s
currentSize : 20 <-- 0.020562 s
currentSize : 21 <-- 0.020708 s
currentSize : 22 <-- 0.029888 s
currentSize : 23 <-- 0.108188 s
currentSize : 24 <-- 0.623075 s
currentSize : 25 <-- 1.702028 s
currentSize : 26 <-- 25.637459 s
currentSize : 27 <-- 25.869925 s

maxsize : 27
nodes : 5621726.000000
filtered : 173872142.000000
CCGP filtered : 50532275.000000
CCGT filtered : 23597165.000000
time : 58.125259
