Parameters: GAD=1 vflib=1 dir=0 label=0 lowerbound=1 fileNameGp=../../cp2016-max-common-connected-subgraph-paper/datasets/graphsdb/mcs70/bvg/b03m/mcs70_b03m_s30.A03 fileNameGt=../../cp2016-max-common-connected-subgraph-paper/datasets/graphsdb/mcs70/bvg/b03m/mcs70_b03m_s30.B03
Reading graphs...
30 :  45
30 :  45
Initializing...
maxdom : 30
D->valSize : 900
Solving...
currentSize : 12 <-- 0.011091 s
currentSize : 14 <-- 0.011180 s
currentSize : 15 <-- 0.011200 s
currentSize : 16 <-- 0.011269 s
currentSize : 17 <-- 0.011602 s
currentSize : 18 <-- 0.012725 s
currentSize : 20 <-- 0.013720 s
currentSize : 21 <-- 0.014105 s
currentSize : 22 <-- 0.015359 s

maxsize : 22
nodes : 717521.000000
filtered : 18503227.000000
CCGP filtered : 11942652.000000
CCGT filtered : 8272550.000000
time : 6.537282
