Parameters: GAD=1 vflib=1 dir=0 label=0 lowerbound=1 fileNameGp=../../cp2016-max-common-connected-subgraph-paper/datasets/graphsdb/mcs70/bvg/b09m/mcs70_b09m_s30.A07 fileNameGt=../../cp2016-max-common-connected-subgraph-paper/datasets/graphsdb/mcs70/bvg/b09m/mcs70_b09m_s30.B07
Reading graphs...
30 :  127
30 :  125
Initializing...
maxdom : 30
D->valSize : 900
Solving...
currentSize : 12 <-- 0.009595 s
currentSize : 13 <-- 0.009886 s
currentSize : 14 <-- 0.015200 s
currentSize : 15 <-- 0.318274 s
currentSize : 16 <-- 10.443323 s
currentSize : 17 <-- 13.955345 s
currentSize : 18 <-- 23.700731 s
currentSize : 19 <-- 65.489548 s
currentSize : 20 <-- 65.517921 s

maxsize : 20
nodes : 6879455.000000
filtered : 182461550.000000
CCGP filtered : 2108956.000000
CCGT filtered : 1347676.000000
time : 66.733421
