Parameters: GAD=1 vflib=1 dir=0 label=0 lowerbound=1 fileNameGp=../../cp2016-max-common-connected-subgraph-paper/datasets/graphsdb/mcs70/bvg/b09m/mcs70_b09m_s35.A04 fileNameGt=../../cp2016-max-common-connected-subgraph-paper/datasets/graphsdb/mcs70/bvg/b09m/mcs70_b09m_s35.B04
Reading graphs...
35 :  153
35 :  153
Initializing...
maxdom : 35
D->valSize : 1225
Solving...
currentSize : 12 <-- 0.017903 s
currentSize : 13 <-- 0.018058 s
currentSize : 14 <-- 0.037649 s
currentSize : 15 <-- 0.214721 s
currentSize : 16 <-- 0.641006 s
currentSize : 17 <-- 7.415626 s
currentSize : 18 <-- 82.666992 s
currentSize : 20 <-- 419.358826 s
currentSize : 21 <-- 419.358948 s
currentSize : 23 <-- 419.362518 s
currentSize : 24 <-- 419.362732 s

maxsize : 24
nodes : 41537562.000000
filtered : 940375236.000000
CCGP filtered : 11086786.000000
CCGT filtered : 30980251.000000
time : 459.813385
