Parameters: GAD=1 vflib=1 dir=0 label=0 lowerbound=1 fileNameGp=../../cp2016-max-common-connected-subgraph-paper/datasets/graphsdb/mcs70/bvg/b03m/mcs70_b03m_s40.A08 fileNameGt=../../cp2016-max-common-connected-subgraph-paper/datasets/graphsdb/mcs70/bvg/b03m/mcs70_b03m_s40.B08
Reading graphs...
40 :  59
40 :  59
Initializing...
maxdom : 40
D->valSize : 1600
Solving...
currentSize : 19 <-- 0.036681 s
currentSize : 20 <-- 0.038492 s
currentSize : 21 <-- 0.038607 s
currentSize : 22 <-- 0.042253 s
currentSize : 24 <-- 0.042423 s
currentSize : 25 <-- 0.550404 s
currentSize : 26 <-- 0.713362 s
currentSize : 27 <-- 5.324919 s
currentSize : 28 <-- 12.977851 s
currentSize : 29 <-- 18.254845 s
currentSize : 30 <-- 75.542999 s
currentSize : 31 <-- 119.389099 s

maxsize : 31
nodes : 14054957.000000
filtered : 497162754.000000
CCGP filtered : 324248977.000000
CCGT filtered : 192936968.000000
time : 176.579926
