Parameters: GAD=1 vflib=1 dir=0 label=0 lowerbound=1 fileNameGp=../../cp2016-max-common-connected-subgraph-paper/datasets/graphsdb/mcs70/m2D/m2Dr4/mcs70_m2Dr4_s35.A04 fileNameGt=../../cp2016-max-common-connected-subgraph-paper/datasets/graphsdb/mcs70/m2D/m2Dr4/mcs70_m2Dr4_s35.B04
Reading graphs...
35 :  71
35 :  71
Initializing...
maxdom : 35
D->valSize : 1225
Solving...
currentSize : 18 <-- 0.020291 s
currentSize : 19 <-- 0.029738 s
currentSize : 20 <-- 0.043322 s
currentSize : 21 <-- 0.111645 s
currentSize : 22 <-- 3.950699 s
currentSize : 23 <-- 15.281630 s
currentSize : 24 <-- 38.950264 s
currentSize : 25 <-- 38.950993 s
currentSize : 26 <-- 127.184219 s

maxsize : 26
nodes : 15226706.000000
filtered : 535472854.000000
CCGP filtered : 58112844.000000
CCGT filtered : 40757409.000000
time : 158.093063
