Parameters: GAD=1 vflib=1 dir=0 label=0 lowerbound=1 fileNameGp=../../cp2016-max-common-connected-subgraph-paper/datasets/graphsdb/mcs70/bvg/b06m/mcs70_b06m_s35.A03 fileNameGt=../../cp2016-max-common-connected-subgraph-paper/datasets/graphsdb/mcs70/bvg/b06m/mcs70_b06m_s35.B03
Reading graphs...
35 :  103
35 :  103
Initializing...
maxdom : 35
D->valSize : 1225
Solving...
currentSize : 15 <-- 0.018942 s
currentSize : 16 <-- 0.020282 s
currentSize : 17 <-- 0.023966 s
currentSize : 18 <-- 0.117355 s
currentSize : 19 <-- 2.134641 s
currentSize : 20 <-- 7.961113 s
currentSize : 22 <-- 11.635464 s
currentSize : 23 <-- 11.734011 s
currentSize : 25 <-- 11.736649 s

maxsize : 25
nodes : 2892277.000000
filtered : 115956890.000000
CCGP filtered : 4481022.000000
CCGT filtered : 4587467.000000
time : 32.688847
