Parameters: GAD=1 vflib=1 dir=0 label=0 lowerbound=1 fileNameGp=../../cp2016-max-common-connected-subgraph-paper/datasets/graphsdb/mcs70/rand/r01/mcs70_r01_s30.A01 fileNameGt=../../cp2016-max-common-connected-subgraph-paper/datasets/graphsdb/mcs70/rand/r01/mcs70_r01_s30.B01
Reading graphs...
30 :  82
30 :  82
Initializing...
maxdom : 30
D->valSize : 900
Solving...
currentSize : 10 <-- 0.016580 s
currentSize : 11 <-- 0.016630 s
currentSize : 14 <-- 0.016752 s
currentSize : 15 <-- 0.018001 s
currentSize : 16 <-- 0.033671 s
currentSize : 17 <-- 0.105074 s
currentSize : 18 <-- 2.333813 s
currentSize : 19 <-- 50.244476 s
currentSize : 21 <-- 55.686085 s

maxsize : 21
nodes : 7375036.000000
filtered : 171318059.000000
CCGP filtered : 8876212.000000
CCGT filtered : 7938803.000000
time : 66.440987
