Parameters: GAD=1 vflib=1 dir=0 label=0 lowerbound=1 fileNameGp=../../cp2016-max-common-connected-subgraph-paper/datasets/graphsdb/mcs70/rand/r005/mcs70_r005_s30.A05 fileNameGt=../../cp2016-max-common-connected-subgraph-paper/datasets/graphsdb/mcs70/rand/r005/mcs70_r005_s30.B05
Reading graphs...
30 :  42
30 :  40
Initializing...
maxdom : 30
D->valSize : 900
Solving...
currentSize : 8 <-- 0.011070 s
currentSize : 9 <-- 0.011300 s
currentSize : 15 <-- 0.011341 s
currentSize : 16 <-- 0.011903 s
currentSize : 17 <-- 0.015785 s
currentSize : 18 <-- 0.017601 s
currentSize : 20 <-- 0.055770 s
currentSize : 21 <-- 0.056001 s
currentSize : 22 <-- 0.056663 s
currentSize : 23 <-- 1.411785 s
currentSize : 24 <-- 1.638732 s

maxsize : 24
nodes : 256800.000000
filtered : 6786060.000000
CCGP filtered : 3609005.000000
CCGT filtered : 3216061.000000
time : 2.340121
