Parameters: GAD=1 vflib=1 dir=0 label=0 lowerbound=1 fileNameGp=../../cp2016-max-common-connected-subgraph-paper/datasets/graphsdb/mcs70/m3D/m3D/mcs70_m3D_s35.A03 fileNameGt=../../cp2016-max-common-connected-subgraph-paper/datasets/graphsdb/mcs70/m3D/m3D/mcs70_m3D_s35.B03
Reading graphs...
35 :  72
35 :  71
Initializing...
maxdom : 35
D->valSize : 1225
Solving...
currentSize : 15 <-- 0.020250 s
currentSize : 18 <-- 0.020375 s
currentSize : 19 <-- 0.020656 s
currentSize : 20 <-- 0.029357 s
currentSize : 21 <-- 0.031649 s
currentSize : 22 <-- 1.449477 s
currentSize : 23 <-- 1.964980 s
currentSize : 24 <-- 3.888708 s
currentSize : 25 <-- 3.941816 s
currentSize : 27 <-- 7.985162 s
currentSize : 28 <-- 8.285319 s

maxsize : 28
nodes : 1627564.000000
filtered : 52279575.000000
CCGP filtered : 4387844.000000
CCGT filtered : 2679080.000000
time : 16.008762
