Parameters: GAD=1 vflib=1 dir=0 label=0 lowerbound=1 fileNameGp=../../cp2016-max-common-connected-subgraph-paper/datasets/graphsdb/mcs70/m2D/m2Dr4/mcs70_m2Dr4_s35.A01 fileNameGt=../../cp2016-max-common-connected-subgraph-paper/datasets/graphsdb/mcs70/m2D/m2Dr4/mcs70_m2Dr4_s35.B01
Reading graphs...
35 :  71
35 :  69
Initializing...
maxdom : 35
D->valSize : 1225
Solving...
currentSize : 15 <-- 0.020113 s
currentSize : 16 <-- 0.020234 s
currentSize : 17 <-- 0.020958 s
currentSize : 18 <-- 0.025472 s
currentSize : 19 <-- 0.113687 s
currentSize : 20 <-- 0.122121 s
currentSize : 21 <-- 0.122215 s
currentSize : 22 <-- 0.122486 s
currentSize : 23 <-- 30.754044 s
currentSize : 24 <-- 61.935539 s
currentSize : 27 <-- 62.601303 s

maxsize : 27
nodes : 7339402.000000
filtered : 202237037.000000
CCGP filtered : 29529447.000000
CCGT filtered : 39632860.000000
time : 71.863335
