Parameters: GAD=1 vflib=1 dir=0 label=0 lowerbound=1 fileNameGp=../../cp2016-max-common-connected-subgraph-paper/datasets/graphsdb/mcs70/m3D/m3Dr2/mcs70_m3Dr2_s35.A06 fileNameGt=../../cp2016-max-common-connected-subgraph-paper/datasets/graphsdb/mcs70/m3D/m3Dr2/mcs70_m3Dr2_s35.B06
Reading graphs...
35 :  79
35 :  78
Initializing...
maxdom : 35
D->valSize : 1225
Solving...
currentSize : 16 <-- 0.020301 s
currentSize : 17 <-- 0.020447 s
currentSize : 18 <-- 0.026897 s
currentSize : 19 <-- 0.077046 s
currentSize : 20 <-- 0.282286 s
currentSize : 21 <-- 0.406573 s
currentSize : 22 <-- 25.915283 s
currentSize : 23 <-- 100.199341 s
currentSize : 25 <-- 150.015991 s
currentSize : 26 <-- 150.016129 s
currentSize : 27 <-- 197.394058 s

maxsize : 27
nodes : 21811578.000000
filtered : 597578733.000000
CCGP filtered : 52881449.000000
CCGT filtered : 33321734.000000
time : 209.581635
