Parameters: GAD=1 vflib=1 dir=0 label=0 lowerbound=1 fileNameGp=../../cp2016-max-common-connected-subgraph-paper/datasets/graphsdb/mcs70/rand/r005/mcs70_r005_s35.A03 fileNameGt=../../cp2016-max-common-connected-subgraph-paper/datasets/graphsdb/mcs70/rand/r005/mcs70_r005_s35.B03
Reading graphs...
35 :  57
35 :  56
Initializing...
maxdom : 35
D->valSize : 1225
Solving...
currentSize : 15 <-- 0.020743 s
currentSize : 16 <-- 0.021003 s
currentSize : 17 <-- 0.021268 s
currentSize : 18 <-- 0.024898 s
currentSize : 19 <-- 0.061439 s
currentSize : 20 <-- 0.108530 s
currentSize : 21 <-- 0.108630 s
currentSize : 22 <-- 0.111123 s
currentSize : 23 <-- 0.140278 s
currentSize : 24 <-- 0.174254 s
currentSize : 25 <-- 1.668636 s
currentSize : 26 <-- 3.090670 s

maxsize : 26
nodes : 2239125.000000
filtered : 77873161.000000
CCGP filtered : 41872708.000000
CCGT filtered : 18289068.000000
time : 23.802481
