Parameters: GAD=1 vflib=1 dir=0 label=0 lowerbound=1 fileNameGp=../../cp2016-max-common-connected-subgraph-paper/datasets/graphsdb/mcs70/m3D/m3Dr2/mcs70_m3Dr2_s35.A02 fileNameGt=../../cp2016-max-common-connected-subgraph-paper/datasets/graphsdb/mcs70/m3D/m3Dr2/mcs70_m3Dr2_s35.B02
Reading graphs...
35 :  79
35 :  79
Initializing...
maxdom : 35
D->valSize : 1225
Solving...
currentSize : 16 <-- 0.020078 s
currentSize : 17 <-- 0.020683 s
currentSize : 18 <-- 0.020911 s
currentSize : 19 <-- 0.179457 s
currentSize : 20 <-- 0.230921 s
currentSize : 21 <-- 12.624780 s
currentSize : 22 <-- 27.186728 s
currentSize : 23 <-- 105.958435 s
currentSize : 24 <-- 141.985687 s
currentSize : 25 <-- 263.285187 s
currentSize : 28 <-- 263.285278 s

maxsize : 28
nodes : 26907910.000000
filtered : 734235086.000000
CCGP filtered : 63878723.000000
CCGT filtered : 59893569.000000
time : 268.287598
