Parameters: GAD=1 vflib=1 dir=0 label=0 lowerbound=1 fileNameGp=../../cp2016-max-common-connected-subgraph-paper/datasets/graphsdb/mcs70/m2D/m2D/mcs70_m2D_s25.A02 fileNameGt=../../cp2016-max-common-connected-subgraph-paper/datasets/graphsdb/mcs70/m2D/m2D/mcs70_m2D_s25.B02
Reading graphs...
25 :  38
25 :  40
Initializing...
maxdom : 25
D->valSize : 625
Solving...
currentSize : 10 <-- 0.005329 s
currentSize : 12 <-- 0.005384 s
currentSize : 13 <-- 0.005677 s
currentSize : 14 <-- 0.005705 s
currentSize : 15 <-- 0.006027 s
currentSize : 16 <-- 0.023592 s
currentSize : 17 <-- 0.028495 s
currentSize : 18 <-- 0.182085 s
currentSize : 19 <-- 1.165859 s

maxsize : 19
nodes : 217941.000000
filtered : 4283496.000000
CCGP filtered : 1184337.000000
CCGT filtered : 868143.000000
time : 1.540786
