Parameters: GAD=1 vflib=1 dir=0 label=0 lowerbound=1 fileNameGp=../../cp2016-max-common-connected-subgraph-paper/datasets/graphsdb/mcs70/bvg/b06m/mcs70_b06m_s30.A01 fileNameGt=../../cp2016-max-common-connected-subgraph-paper/datasets/graphsdb/mcs70/bvg/b06m/mcs70_b06m_s30.B01
Reading graphs...
30 :  86
30 :  85
Initializing...
maxdom : 30
D->valSize : 900
Solving...
currentSize : 10 <-- 0.010293 s
currentSize : 12 <-- 0.010329 s
currentSize : 13 <-- 0.010565 s
currentSize : 14 <-- 0.011101 s
currentSize : 15 <-- 0.019371 s
currentSize : 16 <-- 0.082602 s
currentSize : 17 <-- 0.233166 s
currentSize : 18 <-- 8.321279 s
currentSize : 19 <-- 32.439075 s
currentSize : 20 <-- 32.439262 s
currentSize : 21 <-- 32.439358 s

maxsize : 21
nodes : 4546682.000000
filtered : 113404747.000000
CCGP filtered : 6641161.000000
CCGT filtered : 4640861.000000
time : 40.660023
