Parameters: GAD=1 vflib=1 dir=0 label=0 lowerbound=1 fileNameGp=../../cp2016-max-common-connected-subgraph-paper/datasets/graphsdb/mcs70/bvg/b09m/mcs70_b09m_s30.A05 fileNameGt=../../cp2016-max-common-connected-subgraph-paper/datasets/graphsdb/mcs70/bvg/b09m/mcs70_b09m_s30.B05
Reading graphs...
30 :  130
30 :  131
Initializing...
maxdom : 30
D->valSize : 900
Solving...
currentSize : 9 <-- 0.012990 s
currentSize : 10 <-- 0.013137 s
currentSize : 11 <-- 0.013708 s
currentSize : 12 <-- 0.014579 s
currentSize : 13 <-- 0.018090 s
currentSize : 14 <-- 1.624004 s
currentSize : 15 <-- 6.935779 s
currentSize : 16 <-- 83.044395 s
currentSize : 19 <-- 83.487076 s
currentSize : 20 <-- 83.487221 s

maxsize : 20
nodes : 10133525.000000
filtered : 158147151.000000
CCGP filtered : 2929958.000000
CCGT filtered : 1203080.000000
time : 93.777550
