Parameters: GAD=1 vflib=1 dir=0 label=0 lowerbound=1 fileNameGp=../../cp2016-max-common-connected-subgraph-paper/datasets/graphsdb/mcs70/rand/r005/mcs70_r005_s30.A00 fileNameGt=../../cp2016-max-common-connected-subgraph-paper/datasets/graphsdb/mcs70/rand/r005/mcs70_r005_s30.B00
Reading graphs...
30 :  40
30 :  42
Initializing...
maxdom : 30
D->valSize : 900
Solving...
currentSize : 4 <-- 0.019681 s
currentSize : 5 <-- 0.019778 s
currentSize : 9 <-- 0.019943 s
currentSize : 14 <-- 0.020014 s
currentSize : 15 <-- 0.020649 s
currentSize : 16 <-- 0.021469 s
currentSize : 17 <-- 0.025183 s
currentSize : 18 <-- 0.029891 s
currentSize : 19 <-- 0.030500 s
currentSize : 20 <-- 0.031127 s
currentSize : 21 <-- 7.388297 s

maxsize : 21
nodes : 1614406.000000
filtered : 25643142.000000
CCGP filtered : 15676856.000000
CCGT filtered : 10102213.000000
time : 12.149888
