Parameters: GAD=1 vflib=1 dir=0 label=0 lowerbound=1 fileNameGp=../../cp2016-max-common-connected-subgraph-paper/datasets/graphsdb/mcs70/bvg/b06/mcs70_b06_s50.A08 fileNameGt=../../cp2016-max-common-connected-subgraph-paper/datasets/graphsdb/mcs70/bvg/b06/mcs70_b06_s50.B08
Reading graphs...
50 :  149
50 :  149
Initializing...
maxdom : 50
D->valSize : 2500
Solving...
currentSize : 25 <-- 0.090770 s
currentSize : 26 <-- 0.090990 s
currentSize : 27 <-- 0.091137 s
currentSize : 28 <-- 0.091546 s
currentSize : 29 <-- 0.091754 s
currentSize : 30 <-- 0.137882 s
currentSize : 31 <-- 0.137999 s
currentSize : 32 <-- 17.023155 s
currentSize : 34 <-- 17.023312 s
currentSize : 35 <-- 17.100431 s
currentSize : 36 <-- 117.268593 s
currentSize : 37 <-- 117.315895 s

TIMEOUT
maxsize : 37
nodes : 51332068.000000
filtered : 3910543293.000000
CCGP filtered : 224372086.000000
CCGT filtered : 119358800.000000
time : 1000.000000
