Parameters: GAD=1 vflib=1 dir=0 label=0 lowerbound=1 fileNameGp=../../cp2016-max-common-connected-subgraph-paper/datasets/graphsdb/mcs70/bvg/b06m/mcs70_b06m_s30.A09 fileNameGt=../../cp2016-max-common-connected-subgraph-paper/datasets/graphsdb/mcs70/bvg/b06m/mcs70_b06m_s30.B09
Reading graphs...
30 :  87
30 :  88
Initializing...
maxdom : 30
D->valSize : 900
Solving...
currentSize : 11 <-- 0.010161 s
currentSize : 12 <-- 0.010195 s
currentSize : 13 <-- 0.010747 s
currentSize : 14 <-- 0.012150 s
currentSize : 15 <-- 0.013359 s
currentSize : 16 <-- 0.230654 s
currentSize : 17 <-- 0.434187 s
currentSize : 18 <-- 0.712154 s
currentSize : 19 <-- 0.795221 s
currentSize : 22 <-- 0.914164 s

maxsize : 22
nodes : 422507.000000
filtered : 15681858.000000
CCGP filtered : 613375.000000
CCGT filtered : 137008.000000
time : 4.134127
