Parameters: GAD=1 vflib=1 dir=0 label=0 lowerbound=1 fileNameGp=../../cp2016-max-common-connected-subgraph-paper/datasets/graphsdb/mcs70/bvg/b06/mcs70_b06_s35.A06 fileNameGt=../../cp2016-max-common-connected-subgraph-paper/datasets/graphsdb/mcs70/bvg/b06/mcs70_b06_s35.B06
Reading graphs...
35 :  104
35 :  104
Initializing...
maxdom : 35
D->valSize : 1225
Solving...
currentSize : 10 <-- 0.019139 s
currentSize : 14 <-- 0.019264 s
currentSize : 15 <-- 0.019745 s
currentSize : 16 <-- 0.033156 s
currentSize : 17 <-- 0.035018 s
currentSize : 18 <-- 0.062436 s
currentSize : 19 <-- 0.080906 s
currentSize : 20 <-- 0.382767 s
currentSize : 21 <-- 0.605572 s
currentSize : 22 <-- 0.606317 s
currentSize : 23 <-- 0.641738 s
currentSize : 24 <-- 22.214148 s
currentSize : 25 <-- 23.531366 s

maxsize : 25
nodes : 6171586.000000
filtered : 244160191.000000
CCGP filtered : 16073296.000000
CCGT filtered : 16806765.000000
time : 71.033699
