Parameters: GAD=1 vflib=1 dir=0 label=0 lowerbound=1 fileNameGp=../../cp2016-max-common-connected-subgraph-paper/datasets/graphsdb/mcs70/bvg/b06/mcs70_b06_s50.A01 fileNameGt=../../cp2016-max-common-connected-subgraph-paper/datasets/graphsdb/mcs70/bvg/b06/mcs70_b06_s50.B01
Reading graphs...
50 :  150
50 :  150
Initializing...
maxdom : 50
D->valSize : 2500
Solving...
currentSize : 20 <-- 0.091290 s
currentSize : 21 <-- 0.091471 s
currentSize : 22 <-- 0.092113 s
currentSize : 23 <-- 0.135328 s
currentSize : 24 <-- 0.226443 s
currentSize : 25 <-- 1.076541 s
currentSize : 26 <-- 1.076673 s
currentSize : 27 <-- 1.706252 s
currentSize : 28 <-- 7.715756 s
currentSize : 29 <-- 267.727295 s
currentSize : 30 <-- 277.109955 s
currentSize : 31 <-- 277.280884 s
currentSize : 32 <-- 277.442780 s
currentSize : 33 <-- 489.253510 s
currentSize : 35 <-- 489.254150 s

TIMEOUT
maxsize : 35
nodes : 60308781.000000
filtered : 3171036721.000000
CCGP filtered : 291564480.000000
CCGT filtered : 233512996.000000
time : 1000.000000
