Parameters: GAD=1 vflib=1 dir=0 label=0 lowerbound=1 fileNameGp=../../cp2016-max-common-connected-subgraph-paper/datasets/graphsdb/mcs70/m3D/m3Dr6/mcs70_m3Dr6_s35.A05 fileNameGt=../../cp2016-max-common-connected-subgraph-paper/datasets/graphsdb/mcs70/m3D/m3Dr6/mcs70_m3Dr6_s35.B05
Reading graphs...
35 :  91
35 :  89
Initializing...
maxdom : 35
D->valSize : 1225
Solving...
currentSize : 16 <-- 0.019869 s
currentSize : 17 <-- 0.020299 s
currentSize : 18 <-- 0.027281 s
currentSize : 19 <-- 0.042163 s
currentSize : 20 <-- 3.079794 s
currentSize : 21 <-- 76.299225 s
currentSize : 23 <-- 149.565826 s
currentSize : 24 <-- 255.361130 s
currentSize : 26 <-- 255.362259 s
currentSize : 27 <-- 255.362305 s

maxsize : 27
nodes : 27441493.000000
filtered : 729217351.000000
CCGP filtered : 43927424.000000
CCGT filtered : 40502150.000000
time : 274.126343
