Parameters: GAD=1 vflib=1 dir=0 label=0 lowerbound=1 fileNameGp=../../cp2016-max-common-connected-subgraph-paper/datasets/graphsdb/mcs70/m3D/m3Dr6/mcs70_m3Dr6_s35.A01 fileNameGt=../../cp2016-max-common-connected-subgraph-paper/datasets/graphsdb/mcs70/m3D/m3Dr6/mcs70_m3Dr6_s35.B01
Reading graphs...
35 :  90
35 :  90
Initializing...
maxdom : 35
D->valSize : 1225
Solving...
currentSize : 15 <-- 0.034370 s
currentSize : 16 <-- 0.034556 s
currentSize : 17 <-- 0.034724 s
currentSize : 18 <-- 0.039479 s
currentSize : 19 <-- 0.039949 s
currentSize : 20 <-- 0.208064 s
currentSize : 21 <-- 5.288213 s
currentSize : 22 <-- 29.312908 s
currentSize : 25 <-- 29.334688 s
currentSize : 26 <-- 51.207485 s
currentSize : 27 <-- 68.579445 s

maxsize : 27
nodes : 7127227.000000
filtered : 245323618.000000
CCGP filtered : 7756453.000000
CCGT filtered : 7964720.000000
time : 75.923820
