Parameters: GAD=1 vflib=1 dir=0 label=0 lowerbound=1 fileNameGp=../../cp2016-max-common-connected-subgraph-paper/datasets/graphsdb/mcs70/m3D/m3Dr4/mcs70_m3Dr4_s35.A04 fileNameGt=../../cp2016-max-common-connected-subgraph-paper/datasets/graphsdb/mcs70/m3D/m3Dr4/mcs70_m3Dr4_s35.B04
Reading graphs...
35 :  86
35 :  85
Initializing...
maxdom : 35
D->valSize : 1225
Solving...
currentSize : 14 <-- 0.019679 s
currentSize : 16 <-- 0.019729 s
currentSize : 17 <-- 0.023065 s
currentSize : 18 <-- 0.028889 s
currentSize : 19 <-- 0.034223 s
currentSize : 20 <-- 0.240982 s
currentSize : 21 <-- 3.045520 s
currentSize : 22 <-- 96.688507 s
currentSize : 23 <-- 572.781311 s
currentSize : 24 <-- 638.430237 s
currentSize : 27 <-- 638.816406 s

maxsize : 27
nodes : 66313422.000000
filtered : 1740539487.000000
CCGP filtered : 184882672.000000
CCGT filtered : 95353218.000000
time : 654.226624
