Parameters: GAD=1 vflib=1 dir=0 label=0 lowerbound=1 fileNameGp=../../cp2016-max-common-connected-subgraph-paper/datasets/graphsdb/mcs70/m2D/m2Dr4/mcs70_m2Dr4_s35.A09 fileNameGt=../../cp2016-max-common-connected-subgraph-paper/datasets/graphsdb/mcs70/m2D/m2Dr4/mcs70_m2Dr4_s35.B09
Reading graphs...
35 :  72
35 :  71
Initializing...
maxdom : 35
D->valSize : 1225
Solving...
currentSize : 15 <-- 0.037257 s
currentSize : 16 <-- 0.037762 s
currentSize : 17 <-- 0.037992 s
currentSize : 18 <-- 0.038315 s
currentSize : 19 <-- 0.038508 s
currentSize : 20 <-- 0.056975 s
currentSize : 21 <-- 0.089352 s
currentSize : 22 <-- 0.398793 s
currentSize : 23 <-- 36.732777 s
currentSize : 24 <-- 156.979874 s
currentSize : 26 <-- 170.613449 s

maxsize : 26
nodes : 20101068.000000
filtered : 565411213.000000
CCGP filtered : 117095875.000000
CCGT filtered : 77350745.000000
time : 200.823074
