Parameters: GAD=1 vflib=1 dir=0 label=0 lowerbound=1 fileNameGp=../../cp2016-max-common-connected-subgraph-paper/datasets/graphsdb/mcs70/rand/r02/mcs70_r02_s35.A01 fileNameGt=../../cp2016-max-common-connected-subgraph-paper/datasets/graphsdb/mcs70/rand/r02/mcs70_r02_s35.B01
Reading graphs...
35 :  212
35 :  215
Initializing...
maxdom : 35
D->valSize : 1225
Solving...
currentSize : 8 <-- 0.017394 s
currentSize : 10 <-- 0.017447 s
currentSize : 11 <-- 0.017563 s
currentSize : 12 <-- 0.019107 s
currentSize : 13 <-- 0.022350 s
currentSize : 14 <-- 0.353569 s
currentSize : 15 <-- 2.337650 s
currentSize : 16 <-- 8.132519 s
currentSize : 17 <-- 406.771576 s
currentSize : 18 <-- 756.632751 s
currentSize : 20 <-- 964.443848 s
currentSize : 24 <-- 965.604187 s

maxsize : 24
nodes : 85116696.000000
filtered : 1516012750.000000
CCGP filtered : 1035837.000000
CCGT filtered : 1790636.000000
time : 993.150085
