Parameters: GAD=1 vflib=1 dir=0 label=0 lowerbound=1 fileNameGp=../../cp2016-max-common-connected-subgraph-paper/datasets/graphsdb/mcs70/bvg/b03m/mcs70_b03m_s35.A02 fileNameGt=../../cp2016-max-common-connected-subgraph-paper/datasets/graphsdb/mcs70/bvg/b03m/mcs70_b03m_s35.B02
Reading graphs...
35 :  52
35 :  52
Initializing...
maxdom : 35
D->valSize : 1225
Solving...
currentSize : 12 <-- 0.036670 s
currentSize : 13 <-- 0.036895 s
currentSize : 14 <-- 0.036966 s
currentSize : 17 <-- 0.037184 s
currentSize : 18 <-- 0.039468 s
currentSize : 19 <-- 0.057231 s
currentSize : 20 <-- 0.057702 s
currentSize : 21 <-- 0.077267 s
currentSize : 22 <-- 0.082804 s
currentSize : 23 <-- 0.119357 s
currentSize : 24 <-- 0.485473 s
currentSize : 25 <-- 0.803251 s

maxsize : 25
nodes : 12549175.000000
filtered : 335100547.000000
CCGP filtered : 246623036.000000
CCGT filtered : 143660713.000000
time : 129.436844
