Parameters: GAD=1 vflib=1 dir=0 label=0 lowerbound=1 fileNameGp=../../cp2016-max-common-connected-subgraph-paper/datasets/graphsdb/mcs70/bvg/b09/mcs70_b09_s30.A08 fileNameGt=../../cp2016-max-common-connected-subgraph-paper/datasets/graphsdb/mcs70/bvg/b09/mcs70_b09_s30.B08
Reading graphs...
30 :  133
30 :  133
Initializing...
maxdom : 30
D->valSize : 900
Solving...
currentSize : 11 <-- 0.016578 s
currentSize : 12 <-- 0.017027 s
currentSize : 13 <-- 0.017564 s
currentSize : 14 <-- 0.018362 s
currentSize : 15 <-- 0.044699 s
currentSize : 16 <-- 0.046195 s
currentSize : 17 <-- 0.106282 s
currentSize : 20 <-- 0.218007 s
currentSize : 21 <-- 0.607012 s

maxsize : 21
nodes : 792337.000000
filtered : 27660962.000000
CCGP filtered : 34847.000000
CCGT filtered : 51547.000000
time : 8.465259
