Parameters: GAD=1 vflib=1 dir=0 label=0 lowerbound=1 fileNameGp=../../cp2016-max-common-connected-subgraph-paper/datasets/graphsdb/mcs70/m2D/m2Dr2/mcs70_m2Dr2_s35.A07 fileNameGt=../../cp2016-max-common-connected-subgraph-paper/datasets/graphsdb/mcs70/m2D/m2Dr2/mcs70_m2Dr2_s35.B07
Reading graphs...
35 :  65
35 :  63
Initializing...
maxdom : 35
D->valSize : 1225
Solving...
currentSize : 16 <-- 0.020732 s
currentSize : 19 <-- 0.020847 s
currentSize : 20 <-- 0.021422 s
currentSize : 21 <-- 0.030989 s
currentSize : 22 <-- 0.034632 s
currentSize : 23 <-- 0.098977 s
currentSize : 24 <-- 11.108708 s
currentSize : 25 <-- 42.138195 s
currentSize : 26 <-- 42.158314 s

maxsize : 26
nodes : 9926881.000000
filtered : 340794331.000000
CCGP filtered : 85386515.000000
CCGT filtered : 47184510.000000
time : 104.538155
