Parameters: GAD=1 vflib=1 dir=0 label=0 lowerbound=1 fileNameGp=../../cp2016-max-common-connected-subgraph-paper/datasets/graphsdb/mcs70/m3D/m3Dr4/mcs70_m3Dr4_s40.A00 fileNameGt=../../cp2016-max-common-connected-subgraph-paper/datasets/graphsdb/mcs70/m3D/m3Dr4/mcs70_m3Dr4_s40.B00
Reading graphs...
40 :  100
40 :  100
Initializing...
maxdom : 40
D->valSize : 1600
Solving...
currentSize : 15 <-- 0.060087 s
currentSize : 16 <-- 0.060887 s
currentSize : 17 <-- 0.069392 s
currentSize : 18 <-- 0.070815 s
currentSize : 19 <-- 0.203107 s
currentSize : 20 <-- 0.204228 s
currentSize : 21 <-- 0.824228 s
currentSize : 22 <-- 4.868554 s
currentSize : 23 <-- 142.517227 s
currentSize : 24 <-- 736.715027 s

TIMEOUT
maxsize : 24
nodes : 87512533.000000
filtered : 2095475331.000000
CCGP filtered : 435102668.000000
CCGT filtered : 461115889.000000
time : 1000.000000
