Parameters: GAD=1 vflib=1 dir=0 label=0 lowerbound=1 fileNameGp=../../cp2016-max-common-connected-subgraph-paper/datasets/graphsdb/mcs70/bvg/b06/mcs70_b06_s25.A06 fileNameGt=../../cp2016-max-common-connected-subgraph-paper/datasets/graphsdb/mcs70/bvg/b06/mcs70_b06_s25.B06
Reading graphs...
25 :  74
25 :  73
Initializing...
maxdom : 25
D->valSize : 625
Solving...
currentSize : 8 <-- 0.004763 s
currentSize : 9 <-- 0.004788 s
currentSize : 11 <-- 0.004964 s
currentSize : 12 <-- 0.005034 s
currentSize : 13 <-- 0.005407 s
currentSize : 14 <-- 0.014967 s
currentSize : 15 <-- 0.146243 s
currentSize : 16 <-- 0.205855 s
currentSize : 17 <-- 0.215298 s
currentSize : 18 <-- 0.340321 s

maxsize : 18
nodes : 159068.000000
filtered : 3520068.000000
CCGP filtered : 159731.000000
CCGT filtered : 114789.000000
time : 1.176645
