Parameters: GAD=1 vflib=1 dir=0 label=0 lowerbound=1 fileNameGp=../../cp2016-max-common-connected-subgraph-paper/datasets/graphsdb/mcs70/bvg/b09m/mcs70_b09m_s35.A08 fileNameGt=../../cp2016-max-common-connected-subgraph-paper/datasets/graphsdb/mcs70/bvg/b09m/mcs70_b09m_s35.B08
Reading graphs...
35 :  153
35 :  154
Initializing...
maxdom : 35
D->valSize : 1225
Solving...
currentSize : 9 <-- 0.031219 s
currentSize : 12 <-- 0.031302 s
currentSize : 13 <-- 0.031752 s
currentSize : 14 <-- 0.032515 s
currentSize : 15 <-- 0.039833 s
currentSize : 16 <-- 0.118965 s
currentSize : 17 <-- 43.169865 s
currentSize : 18 <-- 554.184937 s
currentSize : 20 <-- 576.814575 s
currentSize : 24 <-- 578.433411 s

maxsize : 24
nodes : 54842759.000000
filtered : 1078703185.000000
CCGP filtered : 17791828.000000
CCGT filtered : 52195773.000000
time : 608.981934
