Parameters: GAD=1 vflib=1 dir=0 label=0 lowerbound=1 fileNameGp=../../cp2016-max-common-connected-subgraph-paper/datasets/graphsdb/mcs70/bvg/b09/mcs70_b09_s40.A00 fileNameGt=../../cp2016-max-common-connected-subgraph-paper/datasets/graphsdb/mcs70/bvg/b09/mcs70_b09_s40.B00
Reading graphs...
40 :  178
40 :  178
Initializing...
maxdom : 40
D->valSize : 1600
Solving...
currentSize : 14 <-- 0.031642 s
currentSize : 15 <-- 0.032142 s
currentSize : 16 <-- 0.036035 s
currentSize : 17 <-- 0.139279 s
currentSize : 18 <-- 1.810398 s
currentSize : 19 <-- 7.995335 s
currentSize : 21 <-- 52.159981 s
currentSize : 22 <-- 53.613033 s
currentSize : 23 <-- 53.727222 s
currentSize : 25 <-- 53.822041 s
currentSize : 26 <-- 54.845718 s
currentSize : 28 <-- 54.849773 s
currentSize : 29 <-- 65.248947 s

maxsize : 29
nodes : 10075871.000000
filtered : 396322985.000000
CCGP filtered : 2603977.000000
CCGT filtered : 5448100.000000
time : 138.097565
