Parameters: GAD=1 vflib=1 dir=0 label=0 lowerbound=1 fileNameGp=../../cp2016-max-common-connected-subgraph-paper/datasets/graphsdb/mcs70/bvg/b09/mcs70_b09_s30.A03 fileNameGt=../../cp2016-max-common-connected-subgraph-paper/datasets/graphsdb/mcs70/bvg/b09/mcs70_b09_s30.B03
Reading graphs...
30 :  133
30 :  134
Initializing...
maxdom : 30
D->valSize : 900
Solving...
currentSize : 9 <-- 0.016672 s
currentSize : 10 <-- 0.017822 s
currentSize : 11 <-- 0.018187 s
currentSize : 12 <-- 0.039373 s
currentSize : 13 <-- 0.070591 s
currentSize : 14 <-- 0.072522 s
currentSize : 15 <-- 0.078104 s
currentSize : 16 <-- 0.085167 s
currentSize : 17 <-- 0.229942 s
currentSize : 18 <-- 0.474033 s
currentSize : 19 <-- 2.151787 s
currentSize : 20 <-- 3.039039 s
currentSize : 21 <-- 6.870573 s
currentSize : 22 <-- 6.923003 s

maxsize : 22
nodes : 861201.000000
filtered : 29561500.000000
CCGP filtered : 53402.000000
CCGT filtered : 104721.000000
time : 9.007947
