Parameters: GAD=1 vflib=1 dir=0 label=0 lowerbound=1 fileNameGp=../../cp2016-max-common-connected-subgraph-paper/datasets/graphsdb/mcs70/m3D/m3Dr4/mcs70_m3Dr4_s40.A03 fileNameGt=../../cp2016-max-common-connected-subgraph-paper/datasets/graphsdb/mcs70/m3D/m3Dr4/mcs70_m3Dr4_s40.B03
Reading graphs...
40 :  98
40 :  96
Initializing...
maxdom : 40
D->valSize : 1600
Solving...
currentSize : 14 <-- 0.056860 s
currentSize : 15 <-- 0.057023 s
currentSize : 16 <-- 0.057142 s
currentSize : 17 <-- 0.059437 s
currentSize : 18 <-- 0.059713 s
currentSize : 19 <-- 0.072743 s
currentSize : 20 <-- 0.095755 s
currentSize : 21 <-- 0.149286 s
currentSize : 22 <-- 0.245145 s
currentSize : 23 <-- 5.413932 s
currentSize : 24 <-- 149.575165 s

TIMEOUT
maxsize : 24
nodes : 93095240.000000
filtered : 2357706019.000000
CCGP filtered : 311277731.000000
CCGT filtered : 269505894.000000
time : 1000.000000
