Parameters: GAD=1 vflib=1 dir=0 label=0 lowerbound=1 fileNameGp=../../cp2016-max-common-connected-subgraph-paper/datasets/graphsdb/mcs70/bvg/b09/mcs70_b09_s30.A05 fileNameGt=../../cp2016-max-common-connected-subgraph-paper/datasets/graphsdb/mcs70/bvg/b09/mcs70_b09_s30.B05
Reading graphs...
30 :  129
30 :  135
Initializing...
maxdom : 30
D->valSize : 900
Solving...
currentSize : 12 <-- 0.009573 s
currentSize : 13 <-- 0.009870 s
currentSize : 14 <-- 0.010272 s
currentSize : 15 <-- 0.011566 s
currentSize : 16 <-- 0.011917 s
currentSize : 17 <-- 0.012238 s
currentSize : 18 <-- 0.853667 s
currentSize : 20 <-- 0.982644 s
currentSize : 21 <-- 2.578936 s

maxsize : 21
nodes : 999254.000000
filtered : 31363365.000000
CCGP filtered : 47226.000000
CCGT filtered : 33743.000000
time : 10.418085
