Parameters: GAD=1 vflib=1 dir=0 label=0 lowerbound=1 fileNameGp=../../cp2016-max-common-connected-subgraph-paper/datasets/graphsdb/mcs70/m3D/m3D/mcs70_m3D_s40.A00 fileNameGt=../../cp2016-max-common-connected-subgraph-paper/datasets/graphsdb/mcs70/m3D/m3D/mcs70_m3D_s40.B00
Reading graphs...
40 :  83
40 :  82
Initializing...
maxdom : 40
D->valSize : 1600
Solving...
currentSize : 16 <-- 0.062649 s
currentSize : 19 <-- 0.062733 s
currentSize : 21 <-- 0.062954 s
currentSize : 22 <-- 0.116515 s
currentSize : 23 <-- 0.189903 s
currentSize : 24 <-- 2.836669 s
currentSize : 25 <-- 7.347544 s
currentSize : 26 <-- 8.855973 s
currentSize : 27 <-- 30.932312 s
currentSize : 28 <-- 46.032097 s
currentSize : 29 <-- 110.943291 s

TIMEOUT
maxsize : 29
nodes : 84602240.000000
filtered : 3220707368.000000
CCGP filtered : 210963936.000000
CCGT filtered : 202212480.000000
time : 1000.000000
