Parameters: GAD=1 vflib=1 dir=0 label=0 lowerbound=1 fileNameGp=../../cp2016-max-common-connected-subgraph-paper/datasets/graphsdb/mcs70/m2D/m2Dr2/mcs70_m2Dr2_s50.A07 fileNameGt=../../cp2016-max-common-connected-subgraph-paper/datasets/graphsdb/mcs70/m2D/m2Dr2/mcs70_m2Dr2_s50.B07
Reading graphs...
50 :  94
50 :  91
Initializing...
maxdom : 50
D->valSize : 2500
Solving...
currentSize : 21 <-- 0.095939 s
currentSize : 23 <-- 0.096081 s
currentSize : 24 <-- 0.096309 s
currentSize : 25 <-- 0.096625 s
currentSize : 26 <-- 0.097299 s
currentSize : 27 <-- 0.097579 s
currentSize : 28 <-- 0.098478 s
currentSize : 29 <-- 0.111960 s
currentSize : 30 <-- 0.112221 s
currentSize : 31 <-- 2.604742 s
currentSize : 32 <-- 5.459299 s
currentSize : 33 <-- 83.868134 s
currentSize : 34 <-- 917.127380 s

TIMEOUT
maxsize : 34
nodes : 76917420.000000
filtered : 2358718365.000000
CCGP filtered : 908847773.000000
CCGT filtered : 388376447.000000
time : 1000.000000
