Parameters: GAD=1 vflib=1 dir=0 label=0 lowerbound=1 fileNameGp=../../cp2016-max-common-connected-subgraph-paper/datasets/graphsdb/mcs70/m2D/m2Dr2/mcs70_m2Dr2_s35.A05 fileNameGt=../../cp2016-max-common-connected-subgraph-paper/datasets/graphsdb/mcs70/m2D/m2Dr2/mcs70_m2Dr2_s35.B05
Reading graphs...
35 :  65
35 :  64
Initializing...
maxdom : 35
D->valSize : 1225
Solving...
currentSize : 16 <-- 0.020798 s
currentSize : 17 <-- 0.020939 s
currentSize : 18 <-- 0.021398 s
currentSize : 19 <-- 0.029623 s
currentSize : 20 <-- 0.093270 s
currentSize : 21 <-- 0.480183 s
currentSize : 22 <-- 1.050055 s
currentSize : 23 <-- 7.001755 s
currentSize : 25 <-- 9.810676 s

maxsize : 25
nodes : 12173950.000000
filtered : 416852039.000000
CCGP filtered : 107586744.000000
CCGT filtered : 64177127.000000
time : 131.214157
