Parameters: GAD=1 vflib=1 dir=0 label=0 lowerbound=1 fileNameGp=../../cp2016-max-common-connected-subgraph-paper/datasets/graphsdb/mcs70/rand/r005/mcs70_r005_s40.A07 fileNameGt=../../cp2016-max-common-connected-subgraph-paper/datasets/graphsdb/mcs70/rand/r005/mcs70_r005_s40.B07
Reading graphs...
40 :  77
40 :  76
Initializing...
maxdom : 40
D->valSize : 1600
Solving...
currentSize : 19 <-- 0.061814 s
currentSize : 20 <-- 0.062488 s
currentSize : 21 <-- 0.062577 s
currentSize : 22 <-- 0.066286 s
currentSize : 23 <-- 0.082999 s
currentSize : 24 <-- 0.219198 s
currentSize : 25 <-- 2.180971 s
currentSize : 26 <-- 3.544794 s
currentSize : 27 <-- 85.821991 s
currentSize : 28 <-- 630.955505 s

TIMEOUT
maxsize : 28
nodes : 86216077.000000
filtered : 2789201809.000000
CCGP filtered : 910272917.000000
CCGT filtered : 399560944.000000
time : 1000.000000
