Parameters: GAD=1 vflib=1 dir=0 label=0 lowerbound=1 fileNameGp=../../cp2016-max-common-connected-subgraph-paper/datasets/graphsdb/mcs70/rand/r01/mcs70_r01_s35.A08 fileNameGt=../../cp2016-max-common-connected-subgraph-paper/datasets/graphsdb/mcs70/rand/r01/mcs70_r01_s35.B08
Reading graphs...
35 :  107
35 :  112
Initializing...
maxdom : 35
D->valSize : 1225
Solving...
currentSize : 11 <-- 0.019134 s
currentSize : 12 <-- 0.019212 s
currentSize : 13 <-- 0.019514 s
currentSize : 14 <-- 0.019696 s
currentSize : 15 <-- 0.019857 s
currentSize : 16 <-- 0.021903 s
currentSize : 17 <-- 0.028372 s
currentSize : 18 <-- 0.065007 s
currentSize : 19 <-- 0.726677 s
currentSize : 20 <-- 36.664249 s

TIMEOUT
maxsize : 20
nodes : 95253975.000000
filtered : 2249354839.000000
CCGP filtered : 132818408.000000
CCGT filtered : 148753555.000000
time : 1000.000000
