Parameters: GAD=1 vflib=1 dir=0 label=0 lowerbound=1 fileNameGp=../../cp2016-max-common-connected-subgraph-paper/datasets/graphsdb/mcs70/bvg/b09/mcs70_b09_s50.A01 fileNameGt=../../cp2016-max-common-connected-subgraph-paper/datasets/graphsdb/mcs70/bvg/b09/mcs70_b09_s50.B01
Reading graphs...
50 :  221
50 :  223
Initializing...
maxdom : 50
D->valSize : 2500
Solving...
currentSize : 18 <-- 0.142581 s
currentSize : 19 <-- 0.144058 s
currentSize : 20 <-- 0.148423 s
currentSize : 21 <-- 0.165690 s
currentSize : 22 <-- 0.508676 s
currentSize : 23 <-- 0.528614 s
currentSize : 24 <-- 1.040738 s
currentSize : 25 <-- 1.168929 s
currentSize : 26 <-- 2.039114 s
currentSize : 27 <-- 28.069420 s
currentSize : 28 <-- 28.085863 s
currentSize : 29 <-- 28.086103 s
currentSize : 30 <-- 47.318497 s
currentSize : 32 <-- 70.194870 s
currentSize : 33 <-- 70.290817 s
currentSize : 34 <-- 70.294495 s
currentSize : 35 <-- 508.095093 s

TIMEOUT
maxsize : 35
nodes : 54245437.000000
filtered : 3389980819.000000
CCGP filtered : 5715881.000000
CCGT filtered : 8752511.000000
time : 1000.000000
