Parameters: GAD=1 vflib=1 dir=0 label=0 lowerbound=1 fileNameGp=../../cp2016-max-common-connected-subgraph-paper/datasets/graphsdb/mcs70/rand/r01/mcs70_r01_s35.A05 fileNameGt=../../cp2016-max-common-connected-subgraph-paper/datasets/graphsdb/mcs70/rand/r01/mcs70_r01_s35.B05
Reading graphs...
35 :  112
35 :  110
Initializing...
maxdom : 35
D->valSize : 1225
Solving...
currentSize : 11 <-- 0.018938 s
currentSize : 12 <-- 0.018977 s
currentSize : 14 <-- 0.019116 s
currentSize : 15 <-- 0.019468 s
currentSize : 16 <-- 0.021645 s
currentSize : 17 <-- 0.027133 s
currentSize : 18 <-- 0.308066 s
currentSize : 19 <-- 5.437342 s
currentSize : 20 <-- 247.633163 s
currentSize : 21 <-- 854.596252 s
currentSize : 22 <-- 865.723022 s

TIMEOUT
maxsize : 22
nodes : 96800453.000000
filtered : 2281101493.000000
CCGP filtered : 73183220.000000
CCGT filtered : 111297114.000000
time : 1000.000000
