Parameters: GAD=1 vflib=1 dir=0 label=0 lowerbound=1 fileNameGp=../../cp2016-max-common-connected-subgraph-paper/datasets/graphsdb/mcs70/rand/r005/mcs70_r005_s35.A02 fileNameGt=../../cp2016-max-common-connected-subgraph-paper/datasets/graphsdb/mcs70/rand/r005/mcs70_r005_s35.B02
Reading graphs...
35 :  57
35 :  56
Initializing...
maxdom : 35
D->valSize : 1225
Solving...
currentSize : 15 <-- 0.020985 s
currentSize : 18 <-- 0.021079 s
currentSize : 19 <-- 0.022467 s
currentSize : 20 <-- 0.026411 s
currentSize : 21 <-- 0.026617 s
currentSize : 22 <-- 0.027019 s
currentSize : 23 <-- 1.331909 s
currentSize : 24 <-- 6.574963 s
currentSize : 25 <-- 16.653669 s

maxsize : 25
nodes : 7657509.000000
filtered : 230926599.000000
CCGP filtered : 138857242.000000
CCGT filtered : 132249363.000000
time : 87.926018
