Parameters: GAD=1 vflib=1 dir=0 label=0 lowerbound=1 fileNameGp=../../cp2016-max-common-connected-subgraph-paper/datasets/graphsdb/mcs70/m3D/m3Dr2/mcs70_m3Dr2_s35.A03 fileNameGt=../../cp2016-max-common-connected-subgraph-paper/datasets/graphsdb/mcs70/m3D/m3Dr2/mcs70_m3Dr2_s35.B03
Reading graphs...
35 :  79
35 :  77
Initializing...
maxdom : 35
D->valSize : 1225
Solving...
currentSize : 14 <-- 0.035382 s
currentSize : 15 <-- 0.035478 s
currentSize : 16 <-- 0.036452 s
currentSize : 17 <-- 0.037361 s
currentSize : 18 <-- 0.044246 s
currentSize : 19 <-- 0.045895 s
currentSize : 20 <-- 0.056343 s
currentSize : 21 <-- 1.109515 s
currentSize : 22 <-- 1.872871 s
currentSize : 23 <-- 70.218590 s
currentSize : 24 <-- 392.901245 s
currentSize : 25 <-- 392.901459 s
currentSize : 27 <-- 461.307709 s

maxsize : 27
nodes : 49433943.000000
filtered : 1363264975.000000
CCGP filtered : 117191383.000000
CCGT filtered : 56187605.000000
time : 475.658356
