Parameters: GAD=1 vflib=1 dir=0 label=0 lowerbound=1 fileNameGp=../../cp2016-max-common-connected-subgraph-paper/datasets/graphsdb/mcs70/rand/r01/mcs70_r01_s35.A02 fileNameGt=../../cp2016-max-common-connected-subgraph-paper/datasets/graphsdb/mcs70/rand/r01/mcs70_r01_s35.B02
Reading graphs...
35 :  110
35 :  111
Initializing...
maxdom : 35
D->valSize : 1225
Solving...
currentSize : 13 <-- 0.019069 s
currentSize : 15 <-- 0.019104 s
currentSize : 16 <-- 0.019624 s
currentSize : 17 <-- 0.027450 s
currentSize : 18 <-- 0.073882 s
currentSize : 19 <-- 1.357061 s
currentSize : 20 <-- 18.068951 s
currentSize : 21 <-- 485.712982 s
currentSize : 24 <-- 822.819824 s

maxsize : 24
nodes : 84203516.000000
filtered : 2354790395.000000
CCGP filtered : 103170557.000000
CCGT filtered : 81316740.000000
time : 897.209412
