Parameters: GAD=1 vflib=1 dir=0 label=0 lowerbound=1 fileNameGp=../../cp2016-max-common-connected-subgraph-paper/datasets/graphsdb/mcs70/bvg/b09m/mcs70_b09m_s40.A08 fileNameGt=../../cp2016-max-common-connected-subgraph-paper/datasets/graphsdb/mcs70/bvg/b09m/mcs70_b09m_s40.B08
Reading graphs...
40 :  171
40 :  168
Initializing...
maxdom : 40
D->valSize : 1600
Solving...
currentSize : 14 <-- 0.032148 s
currentSize : 15 <-- 0.032224 s
currentSize : 16 <-- 0.033141 s
currentSize : 17 <-- 0.036621 s
currentSize : 18 <-- 0.756016 s
currentSize : 19 <-- 47.205677 s
currentSize : 22 <-- 525.494812 s
currentSize : 23 <-- 525.495605 s
currentSize : 26 <-- 533.003052 s
currentSize : 28 <-- 804.297546 s

maxsize : 28
nodes : 70775179.000000
filtered : 2217876037.000000
CCGP filtered : 23012535.000000
CCGT filtered : 24775080.000000
time : 880.358093
