Parameters: GAD=1 vflib=1 dir=0 label=0 lowerbound=1 fileNameGp=../../cp2016-max-common-connected-subgraph-paper/datasets/graphsdb/mcs70/bvg/b09/mcs70_b09_s35.A02 fileNameGt=../../cp2016-max-common-connected-subgraph-paper/datasets/graphsdb/mcs70/bvg/b09/mcs70_b09_s35.B02
Reading graphs...
35 :  153
35 :  154
Initializing...
maxdom : 35
D->valSize : 1225
Solving...
currentSize : 11 <-- 0.032132 s
currentSize : 12 <-- 0.032258 s
currentSize : 13 <-- 0.032596 s
currentSize : 14 <-- 0.033784 s
currentSize : 15 <-- 0.043792 s
currentSize : 16 <-- 0.268170 s
currentSize : 17 <-- 0.270390 s
currentSize : 18 <-- 0.325942 s
currentSize : 19 <-- 0.842360 s
currentSize : 20 <-- 4.994110 s
currentSize : 21 <-- 5.068843 s
currentSize : 22 <-- 5.175182 s
currentSize : 25 <-- 5.175504 s

maxsize : 25
nodes : 2655165.000000
filtered : 110126928.000000
CCGP filtered : 435921.000000
CCGT filtered : 1677776.000000
time : 33.273464
