Parameters: GAD=1 vflib=1 dir=0 label=0 lowerbound=1 fileNameGp=../../cp2016-max-common-connected-subgraph-paper/datasets/graphsdb/mcs70/bvg/b03m/mcs70_b03m_s35.A05 fileNameGt=../../cp2016-max-common-connected-subgraph-paper/datasets/graphsdb/mcs70/bvg/b03m/mcs70_b03m_s35.B05
Reading graphs...
35 :  52
35 :  52
Initializing...
maxdom : 35
D->valSize : 1225
Solving...
currentSize : 7 <-- 0.020941 s
currentSize : 11 <-- 0.021335 s
currentSize : 14 <-- 0.021394 s
currentSize : 15 <-- 0.021843 s
currentSize : 16 <-- 0.022449 s
currentSize : 17 <-- 0.023776 s
currentSize : 18 <-- 0.029813 s
currentSize : 19 <-- 0.029954 s
currentSize : 20 <-- 0.045888 s
currentSize : 21 <-- 0.054523 s
currentSize : 22 <-- 0.083208 s
currentSize : 23 <-- 0.250918 s
currentSize : 24 <-- 1.346201 s
currentSize : 25 <-- 3.630531 s
currentSize : 26 <-- 3.785267 s
currentSize : 27 <-- 5.360869 s

maxsize : 27
nodes : 1392636.000000
filtered : 43258907.000000
CCGP filtered : 21978097.000000
CCGT filtered : 11685014.000000
time : 14.527370
