Parameters: GAD=1 vflib=1 dir=0 label=0 lowerbound=1 fileNameGp=../../cp2016-max-common-connected-subgraph-paper/datasets/graphsdb/mcs70/bvg/b03m/mcs70_b03m_s40.A01 fileNameGt=../../cp2016-max-common-connected-subgraph-paper/datasets/graphsdb/mcs70/bvg/b03m/mcs70_b03m_s40.B01
Reading graphs...
40 :  60
40 :  60
Initializing...
maxdom : 40
D->valSize : 1600
Solving...
currentSize : 15 <-- 0.061520 s
currentSize : 17 <-- 0.061672 s
currentSize : 18 <-- 0.061765 s
currentSize : 19 <-- 0.061883 s
currentSize : 20 <-- 0.062110 s
currentSize : 21 <-- 0.063640 s
currentSize : 23 <-- 0.063989 s
currentSize : 24 <-- 0.167714 s
currentSize : 25 <-- 0.493806 s
currentSize : 26 <-- 0.493963 s
currentSize : 27 <-- 0.920798 s
currentSize : 28 <-- 1.055603 s
currentSize : 29 <-- 427.949829 s

maxsize : 29
nodes : 63357625.000000
filtered : 1919379760.000000
CCGP filtered : 1253976675.000000
CCGT filtered : 750680564.000000
time : 741.023804
