Parameters: GAD=1 vflib=1 dir=0 label=0 lowerbound=1 fileNameGp=../../cp2016-max-common-connected-subgraph-paper/datasets/graphsdb/mcs70/bvg/b09/mcs70_b09_s40.A05 fileNameGt=../../cp2016-max-common-connected-subgraph-paper/datasets/graphsdb/mcs70/bvg/b09/mcs70_b09_s40.B05
Reading graphs...
40 :  179
40 :  178
Initializing...
maxdom : 40
D->valSize : 1600
Solving...
currentSize : 12 <-- 0.031717 s
currentSize : 13 <-- 0.031757 s
currentSize : 14 <-- 0.032052 s
currentSize : 16 <-- 0.032948 s
currentSize : 17 <-- 0.033182 s
currentSize : 20 <-- 0.034167 s
currentSize : 21 <-- 0.080524 s
currentSize : 22 <-- 0.080714 s
currentSize : 24 <-- 5.166295 s
currentSize : 26 <-- 6.040484 s
currentSize : 27 <-- 6.042221 s
currentSize : 28 <-- 6.042494 s
currentSize : 29 <-- 56.330284 s

maxsize : 29
nodes : 7035898.000000
filtered : 397568433.000000
CCGP filtered : 1681178.000000
CCGT filtered : 950859.000000
time : 104.229980
