Parameters: GAD=1 vflib=1 dir=0 label=0 lowerbound=1 fileNameGp=../../cp2016-max-common-connected-subgraph-paper/datasets/graphsdb/mcs70/bvg/b09m/mcs70_b09m_s35.A05 fileNameGt=../../cp2016-max-common-connected-subgraph-paper/datasets/graphsdb/mcs70/bvg/b09m/mcs70_b09m_s35.B05
Reading graphs...
35 :  152
35 :  152
Initializing...
maxdom : 35
D->valSize : 1225
Solving...
currentSize : 13 <-- 0.018297 s
currentSize : 14 <-- 0.018376 s
currentSize : 15 <-- 0.023247 s
currentSize : 16 <-- 0.170282 s
currentSize : 17 <-- 2.071000 s
currentSize : 18 <-- 208.055450 s
currentSize : 19 <-- 641.673401 s
currentSize : 23 <-- 728.597656 s
currentSize : 24 <-- 728.603394 s

maxsize : 24
nodes : 68725524.000000
filtered : 1396238794.000000
CCGP filtered : 31223257.000000
CCGT filtered : 44113322.000000
time : 754.501160
