Parameters: GAD=1 vflib=1 dir=0 label=0 lowerbound=1 fileNameGp=../../cp2016-max-common-connected-subgraph-paper/datasets/graphsdb/mcs70/bvg/b03m/mcs70_b03m_s35.A06 fileNameGt=../../cp2016-max-common-connected-subgraph-paper/datasets/graphsdb/mcs70/bvg/b03m/mcs70_b03m_s35.B06
Reading graphs...
35 :  51
35 :  52
Initializing...
maxdom : 35
D->valSize : 1225
Solving...
currentSize : 15 <-- 0.036330 s
currentSize : 18 <-- 0.036543 s
currentSize : 19 <-- 0.036669 s
currentSize : 20 <-- 0.037317 s
currentSize : 21 <-- 0.040636 s
currentSize : 22 <-- 0.067093 s
currentSize : 23 <-- 0.070931 s
currentSize : 24 <-- 0.081709 s
currentSize : 25 <-- 13.611044 s
currentSize : 26 <-- 46.514935 s

maxsize : 26
nodes : 7950043.000000
filtered : 221774229.000000
CCGP filtered : 145111063.000000
CCGT filtered : 77173497.000000
time : 81.461037
