Parameters: GAD=1 vflib=1 dir=0 label=0 lowerbound=1 fileNameGp=../../cp2016-max-common-connected-subgraph-paper/datasets/graphsdb/mcs70/rand/r005/mcs70_r005_s40.A05 fileNameGt=../../cp2016-max-common-connected-subgraph-paper/datasets/graphsdb/mcs70/rand/r005/mcs70_r005_s40.B05
Reading graphs...
40 :  77
40 :  77
Initializing...
maxdom : 40
D->valSize : 1600
Solving...
currentSize : 18 <-- 0.056711 s
currentSize : 19 <-- 0.056866 s
currentSize : 20 <-- 0.058102 s
currentSize : 21 <-- 0.073180 s
currentSize : 22 <-- 0.076311 s
currentSize : 23 <-- 0.097866 s
currentSize : 24 <-- 0.469062 s
currentSize : 25 <-- 9.952179 s
currentSize : 26 <-- 14.387600 s
currentSize : 27 <-- 166.945618 s
currentSize : 28 <-- 166.946930 s
currentSize : 29 <-- 745.663635 s
currentSize : 30 <-- 745.881531 s

maxsize : 30
nodes : 66082274.000000
filtered : 2572239326.000000
CCGP filtered : 697322205.000000
CCGT filtered : 483980879.000000
time : 821.537842
