Parameters: GAD=1 vflib=1 dir=0 label=0 lowerbound=1 fileNameGp=../../cp2016-max-common-connected-subgraph-paper/datasets/graphsdb/mcs70/m3D/m3Dr4/mcs70_m3Dr4_s35.A02 fileNameGt=../../cp2016-max-common-connected-subgraph-paper/datasets/graphsdb/mcs70/m3D/m3Dr4/mcs70_m3Dr4_s35.B02
Reading graphs...
35 :  84
35 :  85
Initializing...
maxdom : 35
D->valSize : 1225
Solving...
currentSize : 16 <-- 0.035123 s
currentSize : 17 <-- 0.035316 s
currentSize : 18 <-- 0.037821 s
currentSize : 19 <-- 0.064214 s
currentSize : 20 <-- 0.333426 s
currentSize : 21 <-- 0.516997 s
currentSize : 22 <-- 36.462040 s
currentSize : 24 <-- 361.255951 s
currentSize : 26 <-- 417.297882 s
currentSize : 28 <-- 417.298035 s
currentSize : 29 <-- 417.298889 s

maxsize : 29
nodes : 42459711.000000
filtered : 1106990314.000000
CCGP filtered : 66727387.000000
CCGT filtered : 58080720.000000
time : 418.075409
