Parameters: GAD=1 vflib=1 dir=0 label=0 lowerbound=1 fileNameGp=../../cp2016-max-common-connected-subgraph-paper/datasets/graphsdb/mcs70/m2D/m2D/mcs70_m2D_s40.A02 fileNameGt=../../cp2016-max-common-connected-subgraph-paper/datasets/graphsdb/mcs70/m2D/m2D/mcs70_m2D_s40.B02
Reading graphs...
40 :  67
40 :  67
Initializing...
maxdom : 40
D->valSize : 1600
Solving...
currentSize : 21 <-- 0.036470 s
currentSize : 22 <-- 0.036550 s
currentSize : 23 <-- 0.041624 s
currentSize : 24 <-- 0.062834 s
currentSize : 25 <-- 0.291600 s
currentSize : 26 <-- 0.354908 s
currentSize : 27 <-- 4.713844 s
currentSize : 28 <-- 17.788788 s
currentSize : 29 <-- 455.190948 s
currentSize : 30 <-- 455.400421 s

maxsize : 30
nodes : 77052589.000000
filtered : 2678598396.000000
CCGP filtered : 932546107.000000
CCGT filtered : 648455501.000000
time : 917.478455
