Parameters: GAD=1 vflib=1 dir=0 label=0 lowerbound=1 fileNameGp=../../cp2016-max-common-connected-subgraph-paper/datasets/graphsdb/mcs70/bvg/b06/mcs70_b06_s50.A09 fileNameGt=../../cp2016-max-common-connected-subgraph-paper/datasets/graphsdb/mcs70/bvg/b06/mcs70_b06_s50.B09
Reading graphs...
50 :  149
50 :  149
Initializing...
maxdom : 50
D->valSize : 2500
Solving...
currentSize : 25 <-- 0.091134 s
currentSize : 26 <-- 0.092040 s
currentSize : 27 <-- 0.094754 s
currentSize : 28 <-- 0.099614 s
currentSize : 29 <-- 0.266887 s
currentSize : 30 <-- 0.983875 s
currentSize : 31 <-- 5.842258 s
currentSize : 32 <-- 9.746507 s
currentSize : 33 <-- 24.786247 s
currentSize : 34 <-- 113.656242 s
currentSize : 35 <-- 225.010056 s

TIMEOUT
maxsize : 35
nodes : 57841499.000000
filtered : 3692331583.000000
CCGP filtered : 420705809.000000
CCGT filtered : 170611458.000000
time : 1000.000000
