Parameters: GAD=1 vflib=1 dir=0 label=0 lowerbound=1 fileNameGp=../../cp2016-max-common-connected-subgraph-paper/datasets/graphsdb/mcs70/m3D/m3Dr2/mcs70_m3Dr2_s35.A05 fileNameGt=../../cp2016-max-common-connected-subgraph-paper/datasets/graphsdb/mcs70/m3D/m3Dr2/mcs70_m3Dr2_s35.B05
Reading graphs...
35 :  78
35 :  77
Initializing...
maxdom : 35
D->valSize : 1225
Solving...
currentSize : 16 <-- 0.032547 s
currentSize : 17 <-- 0.032644 s
currentSize : 18 <-- 0.032953 s
currentSize : 19 <-- 0.034071 s
currentSize : 20 <-- 0.117337 s
currentSize : 21 <-- 0.157427 s
currentSize : 22 <-- 12.700921 s
currentSize : 23 <-- 80.574715 s
currentSize : 24 <-- 128.555832 s
currentSize : 25 <-- 183.103516 s
currentSize : 26 <-- 216.921677 s
currentSize : 27 <-- 221.402893 s

maxsize : 27
nodes : 23926441.000000
filtered : 673740535.000000
CCGP filtered : 77556947.000000
CCGT filtered : 41339294.000000
time : 233.675079
