Parameters: GAD=1 vflib=1 dir=0 label=0 lowerbound=1 fileNameGp=../../cp2016-max-common-connected-subgraph-paper/datasets/graphsdb/mcs70/bvg/b03/mcs70_b03_s35.A06 fileNameGt=../../cp2016-max-common-connected-subgraph-paper/datasets/graphsdb/mcs70/bvg/b03/mcs70_b03_s35.B06
Reading graphs...
35 :  52
35 :  52
Initializing...
maxdom : 35
D->valSize : 1225
Solving...
currentSize : 19 <-- 0.020860 s
currentSize : 20 <-- 0.021004 s
currentSize : 21 <-- 0.028215 s
currentSize : 22 <-- 0.028332 s
currentSize : 23 <-- 0.041195 s
currentSize : 24 <-- 0.178536 s
currentSize : 25 <-- 0.246035 s
currentSize : 26 <-- 2.401787 s
currentSize : 27 <-- 2.725342 s
currentSize : 28 <-- 4.573950 s

maxsize : 28
nodes : 859574.000000
filtered : 24561220.000000
CCGP filtered : 21298665.000000
CCGT filtered : 8432860.000000
time : 8.420246
