Parameters: GAD=1 vflib=1 dir=0 label=0 lowerbound=1 fileNameGp=../../cp2016-max-common-connected-subgraph-paper/datasets/graphsdb/mcs70/bvg/b06/mcs70_b06_s35.A09 fileNameGt=../../cp2016-max-common-connected-subgraph-paper/datasets/graphsdb/mcs70/bvg/b06/mcs70_b06_s35.B09
Reading graphs...
35 :  105
35 :  105
Initializing...
maxdom : 35
D->valSize : 1225
Solving...
currentSize : 14 <-- 0.019048 s
currentSize : 15 <-- 0.019150 s
currentSize : 16 <-- 0.019786 s
currentSize : 17 <-- 0.058524 s
currentSize : 18 <-- 0.321539 s
currentSize : 19 <-- 0.429905 s
currentSize : 20 <-- 0.833844 s
currentSize : 21 <-- 1.386649 s
currentSize : 22 <-- 1.854431 s
currentSize : 23 <-- 1.875464 s
currentSize : 24 <-- 1.876378 s
currentSize : 25 <-- 4.532138 s

maxsize : 25
nodes : 4790241.000000
filtered : 211731734.000000
CCGP filtered : 10356069.000000
CCGT filtered : 9976025.000000
time : 57.448421
