Parameters: GAD=1 vflib=1 dir=0 label=0 lowerbound=1 fileNameGp=../../cp2016-max-common-connected-subgraph-paper/datasets/graphsdb/mcs70/m3D/m3Dr6/mcs70_m3Dr6_s35.A02 fileNameGt=../../cp2016-max-common-connected-subgraph-paper/datasets/graphsdb/mcs70/m3D/m3Dr6/mcs70_m3Dr6_s35.B02
Reading graphs...
35 :  90
35 :  91
Initializing...
maxdom : 35
D->valSize : 1225
Solving...
currentSize : 14 <-- 0.019682 s
currentSize : 15 <-- 0.019791 s
currentSize : 17 <-- 0.019811 s
currentSize : 18 <-- 0.021796 s
currentSize : 19 <-- 0.057745 s
currentSize : 20 <-- 2.760097 s
currentSize : 21 <-- 32.174492 s
currentSize : 22 <-- 55.745605 s
currentSize : 23 <-- 72.569603 s
currentSize : 24 <-- 284.013580 s
currentSize : 25 <-- 284.013702 s
currentSize : 27 <-- 284.013763 s

maxsize : 27
nodes : 27196967.000000
filtered : 887676958.000000
CCGP filtered : 64693443.000000
CCGT filtered : 35382264.000000
time : 290.442780
