Parameters: GAD=1 vflib=1 dir=0 label=0 lowerbound=1 fileNameGp=../../cp2016-max-common-connected-subgraph-paper/datasets/graphsdb/mcs70/m3D/m3Dr6/mcs70_m3Dr6_s35.A06 fileNameGt=../../cp2016-max-common-connected-subgraph-paper/datasets/graphsdb/mcs70/m3D/m3Dr6/mcs70_m3Dr6_s35.B06
Reading graphs...
35 :  92
35 :  91
Initializing...
maxdom : 35
D->valSize : 1225
Solving...
currentSize : 12 <-- 0.019536 s
currentSize : 13 <-- 0.019647 s
currentSize : 14 <-- 0.019754 s
currentSize : 16 <-- 0.019944 s
currentSize : 17 <-- 0.021199 s
currentSize : 18 <-- 0.021357 s
currentSize : 19 <-- 0.087120 s
currentSize : 20 <-- 3.585054 s
currentSize : 21 <-- 23.594326 s
currentSize : 22 <-- 51.974171 s
currentSize : 23 <-- 273.066742 s
currentSize : 24 <-- 311.681122 s
currentSize : 25 <-- 311.681274 s
currentSize : 27 <-- 311.681519 s

maxsize : 27
nodes : 31896853.000000
filtered : 893556335.000000
CCGP filtered : 48347376.000000
CCGT filtered : 51370961.000000
time : 323.981689
