Parameters: GAD=1 vflib=1 dir=0 label=0 lowerbound=1 fileNameGp=../../cp2016-max-common-connected-subgraph-paper/datasets/graphsdb/mcs70/rand/r005/mcs70_r005_s35.A07 fileNameGt=../../cp2016-max-common-connected-subgraph-paper/datasets/graphsdb/mcs70/rand/r005/mcs70_r005_s35.B07
Reading graphs...
35 :  57
35 :  56
Initializing...
maxdom : 35
D->valSize : 1225
Solving...
currentSize : 10 <-- 0.036815 s
currentSize : 11 <-- 0.037017 s
currentSize : 20 <-- 0.037787 s
currentSize : 21 <-- 0.038112 s
currentSize : 22 <-- 0.039634 s
currentSize : 23 <-- 0.076986 s
currentSize : 24 <-- 0.164833 s
currentSize : 25 <-- 0.681222 s
currentSize : 26 <-- 33.542835 s

maxsize : 26
nodes : 6132403.000000
filtered : 194634131.000000
CCGP filtered : 67602057.000000
CCGT filtered : 63560668.000000
time : 66.575363
