Parameters: GAD=1 vflib=1 dir=0 label=0 lowerbound=1 fileNameGp=../../cp2016-max-common-connected-subgraph-paper/datasets/graphsdb/mcs70/m2D/m2D/mcs70_m2D_s35.A07 fileNameGt=../../cp2016-max-common-connected-subgraph-paper/datasets/graphsdb/mcs70/m2D/m2D/mcs70_m2D_s35.B07
Reading graphs...
35 :  58
35 :  58
Initializing...
maxdom : 35
D->valSize : 1225
Solving...
currentSize : 18 <-- 0.020783 s
currentSize : 20 <-- 0.020823 s
currentSize : 21 <-- 0.021737 s
currentSize : 22 <-- 0.022070 s
currentSize : 23 <-- 0.102033 s
currentSize : 24 <-- 0.236765 s
currentSize : 25 <-- 0.459492 s
currentSize : 26 <-- 9.497557 s
currentSize : 27 <-- 10.994552 s

maxsize : 27
nodes : 3714926.000000
filtered : 121212274.000000
CCGP filtered : 39577662.000000
CCGT filtered : 17432444.000000
time : 38.404049
