Parameters: GAD=1 vflib=1 dir=0 label=0 lowerbound=1 fileNameGp=../../cp2016-max-common-connected-subgraph-paper/datasets/graphsdb/mcs70/m2D/m2D/mcs70_m2D_s35.A05 fileNameGt=../../cp2016-max-common-connected-subgraph-paper/datasets/graphsdb/mcs70/m2D/m2D/mcs70_m2D_s35.B05
Reading graphs...
35 :  58
35 :  58
Initializing...
maxdom : 35
D->valSize : 1225
Solving...
currentSize : 11 <-- 0.020811 s
currentSize : 12 <-- 0.020880 s
currentSize : 15 <-- 0.021046 s
currentSize : 16 <-- 0.021097 s
currentSize : 20 <-- 0.021171 s
currentSize : 21 <-- 0.021282 s
currentSize : 22 <-- 0.021456 s
currentSize : 23 <-- 0.029881 s
currentSize : 24 <-- 0.182738 s
currentSize : 25 <-- 0.595161 s
currentSize : 26 <-- 12.910938 s
currentSize : 27 <-- 14.921931 s
currentSize : 28 <-- 20.724426 s

maxsize : 28
nodes : 3167790.000000
filtered : 97771170.000000
CCGP filtered : 36761626.000000
CCGT filtered : 16284933.000000
time : 32.317749
