Parameters: GAD=1 vflib=1 dir=0 label=0 lowerbound=1 fileNameGp=../../cp2016-max-common-connected-subgraph-paper/datasets/graphsdb/mcs70/m2D/m2D/mcs70_m2D_s40.A08 fileNameGt=../../cp2016-max-common-connected-subgraph-paper/datasets/graphsdb/mcs70/m2D/m2D/mcs70_m2D_s40.B08
Reading graphs...
40 :  67
40 :  66
Initializing...
maxdom : 40
D->valSize : 1600
Solving...
currentSize : 13 <-- 0.036124 s
currentSize : 16 <-- 0.036215 s
currentSize : 17 <-- 0.036403 s
currentSize : 18 <-- 0.037674 s
currentSize : 19 <-- 0.038091 s
currentSize : 20 <-- 0.039191 s
currentSize : 21 <-- 0.039328 s
currentSize : 22 <-- 0.041307 s
currentSize : 23 <-- 0.043963 s
currentSize : 24 <-- 0.071307 s
currentSize : 26 <-- 0.414578 s
currentSize : 27 <-- 1.208963 s
currentSize : 28 <-- 6.499316 s
currentSize : 29 <-- 797.844421 s

TIMEOUT
maxsize : 29
nodes : 85292629.000000
filtered : 2620658051.000000
CCGP filtered : 1367341634.000000
CCGT filtered : 791706136.000000
time : 1000.000000
