Parameters: GAD=1 vflib=1 dir=0 label=0 lowerbound=1 fileNameGp=../../cp2016-max-common-connected-subgraph-paper/datasets/graphsdb/mcs70/m3D/m3Dr6/mcs70_m3Dr6_s35.A04 fileNameGt=../../cp2016-max-common-connected-subgraph-paper/datasets/graphsdb/mcs70/m3D/m3Dr6/mcs70_m3Dr6_s35.B04
Reading graphs...
35 :  91
35 :  89
Initializing...
maxdom : 35
D->valSize : 1225
Solving...
currentSize : 14 <-- 0.019668 s
currentSize : 15 <-- 0.019979 s
currentSize : 16 <-- 0.020248 s
currentSize : 17 <-- 0.020743 s
currentSize : 18 <-- 0.021090 s
currentSize : 19 <-- 0.024675 s
currentSize : 20 <-- 0.029006 s
currentSize : 21 <-- 7.664889 s
currentSize : 22 <-- 145.543503 s
currentSize : 24 <-- 855.021973 s
currentSize : 27 <-- 897.795959 s

maxsize : 27
nodes : 93734538.000000
filtered : 2333908463.000000
CCGP filtered : 134935539.000000
CCGT filtered : 99997573.000000
time : 906.553345
