Parameters: GAD=1 vflib=1 dir=0 label=0 lowerbound=1 fileNameGp=../../cp2016-max-common-connected-subgraph-paper/datasets/graphsdb/mcs70/bvg/b09/mcs70_b09_s35.A06 fileNameGt=../../cp2016-max-common-connected-subgraph-paper/datasets/graphsdb/mcs70/bvg/b09/mcs70_b09_s35.B06
Reading graphs...
35 :  153
35 :  154
Initializing...
maxdom : 35
D->valSize : 1225
Solving...
currentSize : 11 <-- 0.032422 s
currentSize : 12 <-- 0.032539 s
currentSize : 13 <-- 0.032737 s
currentSize : 14 <-- 0.034012 s
currentSize : 15 <-- 0.043329 s
currentSize : 18 <-- 0.243733 s
currentSize : 21 <-- 0.243949 s
currentSize : 22 <-- 1.644252 s
currentSize : 24 <-- 1.892365 s
currentSize : 25 <-- 1.892437 s

maxsize : 25
nodes : 2608520.000000
filtered : 110190331.000000
CCGP filtered : 87559.000000
CCGT filtered : 503659.000000
time : 32.262848
