Parameters: GAD=1 vflib=1 dir=0 label=0 lowerbound=1 fileNameGp=../../cp2016-max-common-connected-subgraph-paper/datasets/graphsdb/mcs70/bvg/b06m/mcs70_b06m_s30.A03 fileNameGt=../../cp2016-max-common-connected-subgraph-paper/datasets/graphsdb/mcs70/bvg/b06m/mcs70_b06m_s30.B03
Reading graphs...
30 :  89
30 :  87
Initializing...
maxdom : 30
D->valSize : 900
Solving...
currentSize : 12 <-- 0.010325 s
currentSize : 13 <-- 0.010467 s
currentSize : 14 <-- 0.010948 s
currentSize : 15 <-- 0.032013 s
currentSize : 16 <-- 0.958961 s
currentSize : 17 <-- 1.018947 s
currentSize : 18 <-- 4.223243 s
currentSize : 19 <-- 13.023101 s
currentSize : 20 <-- 13.023412 s
currentSize : 21 <-- 13.024177 s

maxsize : 21
nodes : 2333914.000000
filtered : 64889187.000000
CCGP filtered : 3129583.000000
CCGT filtered : 3433661.000000
time : 21.558895
