Parameters: GAD=1 vflib=1 dir=0 label=0 lowerbound=1 fileNameGp=../../cp2016-max-common-connected-subgraph-paper/datasets/graphsdb/mcs70/m2D/m2Dr4/mcs70_m2Dr4_s35.A05 fileNameGt=../../cp2016-max-common-connected-subgraph-paper/datasets/graphsdb/mcs70/m2D/m2Dr4/mcs70_m2Dr4_s35.B05
Reading graphs...
35 :  71
35 :  70
Initializing...
maxdom : 35
D->valSize : 1225
Solving...
currentSize : 15 <-- 0.020314 s
currentSize : 16 <-- 0.020427 s
currentSize : 17 <-- 0.020559 s
currentSize : 18 <-- 0.020939 s
currentSize : 20 <-- 0.021037 s
currentSize : 21 <-- 0.022293 s
currentSize : 22 <-- 1.369790 s
currentSize : 23 <-- 3.357540 s
currentSize : 25 <-- 86.266029 s
currentSize : 26 <-- 391.304352 s

maxsize : 26
nodes : 43806974.000000
filtered : 1352137832.000000
CCGP filtered : 105411529.000000
CCGT filtered : 85835667.000000
time : 434.359283
