Parameters: GAD=1 vflib=1 dir=0 label=0 lowerbound=1 fileNameGp=../../cp2016-max-common-connected-subgraph-paper/datasets/graphsdb/mcs70/m2D/m2Dr4/mcs70_m2Dr4_s35.A08 fileNameGt=../../cp2016-max-common-connected-subgraph-paper/datasets/graphsdb/mcs70/m2D/m2Dr4/mcs70_m2Dr4_s35.B08
Reading graphs...
35 :  72
35 :  71
Initializing...
maxdom : 35
D->valSize : 1225
Solving...
currentSize : 16 <-- 0.020171 s
currentSize : 19 <-- 0.020298 s
currentSize : 20 <-- 0.022670 s
currentSize : 21 <-- 0.145194 s
currentSize : 22 <-- 1.582020 s
currentSize : 23 <-- 4.477460 s
currentSize : 24 <-- 7.546921 s
currentSize : 25 <-- 47.228275 s
currentSize : 27 <-- 47.228928 s

maxsize : 27
nodes : 5907573.000000
filtered : 203592648.000000
CCGP filtered : 28989947.000000
CCGT filtered : 26109049.000000
time : 63.614403
