Parameters: GAD=1 vflib=1 dir=0 label=0 lowerbound=1 fileNameGp=../../cp2016-max-common-connected-subgraph-paper/datasets/graphsdb/mcs70/rand/r005/mcs70_r005_s35.A05 fileNameGt=../../cp2016-max-common-connected-subgraph-paper/datasets/graphsdb/mcs70/rand/r005/mcs70_r005_s35.B05
Reading graphs...
35 :  58
35 :  58
Initializing...
maxdom : 35
D->valSize : 1225
Solving...
currentSize : 15 <-- 0.020845 s
currentSize : 16 <-- 0.020908 s
currentSize : 17 <-- 0.023832 s
currentSize : 18 <-- 0.025059 s
currentSize : 19 <-- 0.031328 s
currentSize : 20 <-- 0.148841 s
currentSize : 21 <-- 0.511017 s
currentSize : 22 <-- 0.512018 s
currentSize : 23 <-- 0.512696 s
currentSize : 24 <-- 0.529443 s
currentSize : 25 <-- 0.604327 s
currentSize : 26 <-- 36.341125 s

maxsize : 26
nodes : 4109321.000000
filtered : 131801811.000000
CCGP filtered : 80475524.000000
CCGT filtered : 42222821.000000
time : 44.898041
