Parameters: GAD=1 vflib=1 dir=0 label=0 lowerbound=1 fileNameGp=../../cp2016-max-common-connected-subgraph-paper/datasets/graphsdb/mcs70/m3D/m3D/mcs70_m3D_s40.A03 fileNameGt=../../cp2016-max-common-connected-subgraph-paper/datasets/graphsdb/mcs70/m3D/m3D/mcs70_m3D_s40.B03
Reading graphs...
40 :  84
40 :  83
Initializing...
maxdom : 40
D->valSize : 1600
Solving...
currentSize : 18 <-- 0.035431 s
currentSize : 19 <-- 0.035474 s
currentSize : 20 <-- 0.035560 s
currentSize : 21 <-- 0.035645 s
currentSize : 22 <-- 0.036193 s
currentSize : 23 <-- 0.040723 s
currentSize : 24 <-- 0.045614 s
currentSize : 25 <-- 11.113630 s
currentSize : 26 <-- 17.164339 s
currentSize : 27 <-- 17.225573 s
currentSize : 28 <-- 26.738108 s

TIMEOUT
maxsize : 28
nodes : 83857964.000000
filtered : 3339035973.000000
CCGP filtered : 407292799.000000
CCGT filtered : 167387220.000000
time : 1000.000000
