Parameters: GAD=1 vflib=1 dir=0 label=0 lowerbound=1 fileNameGp=../../cp2016-max-common-connected-subgraph-paper/datasets/graphsdb/mcs70/bvg/b06m/mcs70_b06m_s30.A04 fileNameGt=../../cp2016-max-common-connected-subgraph-paper/datasets/graphsdb/mcs70/bvg/b06m/mcs70_b06m_s30.B04
Reading graphs...
30 :  90
30 :  88
Initializing...
maxdom : 30
D->valSize : 900
Solving...
currentSize : 11 <-- 0.010126 s
currentSize : 12 <-- 0.010173 s
currentSize : 13 <-- 0.010325 s
currentSize : 14 <-- 0.012286 s
currentSize : 15 <-- 0.013905 s
currentSize : 16 <-- 0.030498 s
currentSize : 17 <-- 0.031819 s
currentSize : 18 <-- 4.909933 s
currentSize : 20 <-- 11.326893 s
currentSize : 21 <-- 11.327245 s

maxsize : 21
nodes : 1791932.000000
filtered : 57479320.000000
CCGP filtered : 3711969.000000
CCGT filtered : 4432155.000000
time : 18.079336
