Parameters: GAD=1 vflib=1 dir=0 label=0 lowerbound=1 fileNameGp=../../cp2016-max-common-connected-subgraph-paper/datasets/graphsdb/mcs70/bvg/b03m/mcs70_b03m_s50.A03 fileNameGt=../../cp2016-max-common-connected-subgraph-paper/datasets/graphsdb/mcs70/bvg/b03m/mcs70_b03m_s50.B03
Reading graphs...
50 :  75
50 :  75
Initializing...
maxdom : 50
D->valSize : 2500
Solving...
currentSize : 16 <-- 0.114995 s
currentSize : 17 <-- 0.115188 s
currentSize : 19 <-- 0.115361 s
currentSize : 25 <-- 0.115498 s
currentSize : 27 <-- 0.115707 s
currentSize : 28 <-- 0.117243 s
currentSize : 29 <-- 0.127790 s
currentSize : 30 <-- 0.135937 s
currentSize : 31 <-- 0.136249 s
currentSize : 32 <-- 0.865903 s
currentSize : 33 <-- 13.682075 s
currentSize : 34 <-- 231.937561 s

TIMEOUT
maxsize : 34
nodes : 71961283.000000
filtered : 1971858423.000000
CCGP filtered : 2058807176.000000
CCGT filtered : 1125343360.000000
time : 1000.000000
