Parameters: GAD=1 vflib=1 dir=0 label=0 lowerbound=1 fileNameGp=../../cp2016-max-common-connected-subgraph-paper/datasets/graphsdb/mcs70/m2D/m2Dr4/mcs70_m2Dr4_s40.A06 fileNameGt=../../cp2016-max-common-connected-subgraph-paper/datasets/graphsdb/mcs70/m2D/m2Dr4/mcs70_m2Dr4_s40.B06
Reading graphs...
40 :  82
40 :  81
Initializing...
maxdom : 40
D->valSize : 1600
Solving...
currentSize : 16 <-- 0.035420 s
currentSize : 17 <-- 0.035514 s
currentSize : 18 <-- 0.036092 s
currentSize : 19 <-- 0.038768 s
currentSize : 20 <-- 0.038978 s
currentSize : 21 <-- 0.043830 s
currentSize : 22 <-- 0.047763 s
currentSize : 23 <-- 0.093877 s
currentSize : 24 <-- 0.468928 s
currentSize : 25 <-- 0.552620 s
currentSize : 26 <-- 20.989580 s

TIMEOUT
maxsize : 26
nodes : 93515663.000000
filtered : 2666597493.000000
CCGP filtered : 407638113.000000
CCGT filtered : 256169822.000000
time : 1000.000000
