Parameters: GAD=1 vflib=1 dir=0 label=0 lowerbound=1 fileNameGp=../../cp2016-max-common-connected-subgraph-paper/datasets/graphsdb/mcs70/m3D/m3Dr2/mcs70_m3Dr2_s35.A07 fileNameGt=../../cp2016-max-common-connected-subgraph-paper/datasets/graphsdb/mcs70/m3D/m3Dr2/mcs70_m3Dr2_s35.B07
Reading graphs...
35 :  79
35 :  79
Initializing...
maxdom : 35
D->valSize : 1225
Solving...
currentSize : 17 <-- 0.020014 s
currentSize : 18 <-- 0.020189 s
currentSize : 19 <-- 0.023748 s
currentSize : 20 <-- 0.023989 s
currentSize : 21 <-- 0.041965 s
currentSize : 22 <-- 16.027905 s
currentSize : 23 <-- 21.414440 s
currentSize : 24 <-- 527.342896 s
currentSize : 25 <-- 527.343018 s
currentSize : 28 <-- 527.776306 s

maxsize : 28
nodes : 52277533.000000
filtered : 1441792345.000000
CCGP filtered : 120832306.000000
CCGT filtered : 116741943.000000
time : 532.411072
