Parameters: GAD=1 vflib=1 dir=0 label=0 lowerbound=1 fileNameGp=../../cp2016-max-common-connected-subgraph-paper/datasets/graphsdb/mcs70/m2D/m2Dr2/mcs70_m2Dr2_s50.A00 fileNameGt=../../cp2016-max-common-connected-subgraph-paper/datasets/graphsdb/mcs70/m2D/m2Dr2/mcs70_m2Dr2_s50.B00
Reading graphs...
50 :  93
50 :  93
Initializing...
maxdom : 50
D->valSize : 2500
Solving...
currentSize : 16 <-- 0.095812 s
currentSize : 18 <-- 0.096160 s
currentSize : 19 <-- 0.096208 s
currentSize : 21 <-- 0.096240 s
currentSize : 22 <-- 0.096354 s
currentSize : 23 <-- 0.096634 s
currentSize : 24 <-- 0.102162 s
currentSize : 25 <-- 0.103083 s
currentSize : 26 <-- 0.119279 s
currentSize : 27 <-- 0.158233 s
currentSize : 28 <-- 1.212198 s
currentSize : 29 <-- 2.271662 s
currentSize : 30 <-- 2.272938 s
currentSize : 31 <-- 8.311118 s
currentSize : 32 <-- 37.060173 s
currentSize : 33 <-- 37.060413 s
currentSize : 34 <-- 156.157623 s

TIMEOUT
maxsize : 34
nodes : 67361374.000000
filtered : 2700816294.000000
CCGP filtered : 1200706793.000000
CCGT filtered : 483654908.000000
time : 1000.000000
