Parameters: GAD=1 vflib=1 dir=0 label=0 lowerbound=1 fileNameGp=../../cp2016-max-common-connected-subgraph-paper/datasets/graphsdb/mcs70/bvg/b06/mcs70_b06_s50.A06 fileNameGt=../../cp2016-max-common-connected-subgraph-paper/datasets/graphsdb/mcs70/bvg/b06/mcs70_b06_s50.B06
Reading graphs...
50 :  149
50 :  149
Initializing...
maxdom : 50
D->valSize : 2500
Solving...
currentSize : 22 <-- 0.118475 s
currentSize : 23 <-- 0.120230 s
currentSize : 24 <-- 0.140429 s
currentSize : 25 <-- 0.361678 s
currentSize : 26 <-- 0.529647 s
currentSize : 27 <-- 0.529747 s
currentSize : 28 <-- 5.232032 s
currentSize : 29 <-- 5.232357 s
currentSize : 30 <-- 99.464211 s
currentSize : 31 <-- 118.098656 s
currentSize : 32 <-- 119.068047 s
currentSize : 33 <-- 751.599182 s
currentSize : 34 <-- 848.304077 s
currentSize : 35 <-- 865.564209 s
currentSize : 36 <-- 872.047485 s

TIMEOUT
maxsize : 36
nodes : 61831552.000000
filtered : 2943236978.000000
CCGP filtered : 302333572.000000
CCGT filtered : 262000746.000000
time : 1000.000000
