Parameters: GAD=1 vflib=1 dir=0 label=0 lowerbound=1 fileNameGp=../../cp2016-max-common-connected-subgraph-paper/datasets/graphsdb/mcs70/bvg/b06/mcs70_b06_s50.A07 fileNameGt=../../cp2016-max-common-connected-subgraph-paper/datasets/graphsdb/mcs70/bvg/b06/mcs70_b06_s50.B07
Reading graphs...
50 :  148
50 :  148
Initializing...
maxdom : 50
D->valSize : 2500
Solving...
currentSize : 19 <-- 0.091233 s
currentSize : 22 <-- 0.091303 s
currentSize : 23 <-- 0.091468 s
currentSize : 24 <-- 0.091656 s
currentSize : 26 <-- 0.095031 s
currentSize : 27 <-- 0.095198 s
currentSize : 28 <-- 0.095346 s
currentSize : 29 <-- 0.426103 s
currentSize : 30 <-- 0.750115 s
currentSize : 31 <-- 0.755612 s
currentSize : 32 <-- 0.758895 s
currentSize : 33 <-- 2.913905 s
currentSize : 35 <-- 463.319916 s
currentSize : 36 <-- 613.867188 s

TIMEOUT
maxsize : 36
nodes : 59402877.000000
filtered : 3533773829.000000
CCGP filtered : 301676200.000000
CCGT filtered : 123357779.000000
time : 1000.000000
