Parameters: GAD=1 vflib=1 dir=0 label=0 lowerbound=1 fileNameGp=../../cp2016-max-common-connected-subgraph-paper/datasets/graphsdb/mcs70/bvg/b09/mcs70_b09_s35.A03 fileNameGt=../../cp2016-max-common-connected-subgraph-paper/datasets/graphsdb/mcs70/bvg/b09/mcs70_b09_s35.B03
Reading graphs...
35 :  157
35 :  157
Initializing...
maxdom : 35
D->valSize : 1225
Solving...
currentSize : 12 <-- 0.018212 s
currentSize : 13 <-- 0.019257 s
currentSize : 14 <-- 0.019757 s
currentSize : 17 <-- 0.085328 s
currentSize : 18 <-- 8.428533 s
currentSize : 20 <-- 8.431281 s
currentSize : 21 <-- 8.520513 s
currentSize : 24 <-- 8.531132 s
currentSize : 25 <-- 14.975234 s

maxsize : 25
nodes : 2864180.000000
filtered : 104239758.000000
CCGP filtered : 262009.000000
CCGT filtered : 503022.000000
time : 34.591015
