Parameters: GAD=1 vflib=1 dir=0 label=0 lowerbound=1 fileNameGp=../../cp2016-max-common-connected-subgraph-paper/datasets/graphsdb/mcs70/rand/r01/mcs70_r01_s35.A07 fileNameGt=../../cp2016-max-common-connected-subgraph-paper/datasets/graphsdb/mcs70/rand/r01/mcs70_r01_s35.B07
Reading graphs...
35 :  114
35 :  111
Initializing...
maxdom : 35
D->valSize : 1225
Solving...
currentSize : 13 <-- 0.019060 s
currentSize : 14 <-- 0.019462 s
currentSize : 15 <-- 0.019785 s
currentSize : 16 <-- 0.020491 s
currentSize : 17 <-- 0.026513 s
currentSize : 18 <-- 0.924980 s
currentSize : 19 <-- 11.251261 s
currentSize : 20 <-- 70.741203 s
currentSize : 21 <-- 126.433846 s
currentSize : 24 <-- 473.532196 s

maxsize : 24
nodes : 51192497.000000
filtered : 1475718659.000000
CCGP filtered : 43078670.000000
CCGT filtered : 23612098.000000
time : 533.268860
