Parameters: GAD=1 vflib=1 dir=0 label=0 lowerbound=1 fileNameGp=../../cp2016-max-common-connected-subgraph-paper/datasets/graphsdb/mcs70/m3D/m3Dr2/mcs70_m3Dr2_s35.A09 fileNameGt=../../cp2016-max-common-connected-subgraph-paper/datasets/graphsdb/mcs70/m3D/m3Dr2/mcs70_m3Dr2_s35.B09
Reading graphs...
35 :  76
35 :  78
Initializing...
maxdom : 35
D->valSize : 1225
Solving...
currentSize : 15 <-- 0.020173 s
currentSize : 16 <-- 0.020260 s
currentSize : 18 <-- 0.020473 s
currentSize : 19 <-- 0.021892 s
currentSize : 20 <-- 0.023654 s
currentSize : 21 <-- 0.116523 s
currentSize : 22 <-- 1.261277 s
currentSize : 24 <-- 68.454521 s
currentSize : 25 <-- 135.083771 s
currentSize : 27 <-- 220.775940 s

maxsize : 27
nodes : 23828106.000000
filtered : 696468962.000000
CCGP filtered : 55622741.000000
CCGT filtered : 26961764.000000
time : 233.221802
