Parameters: GAD=1 vflib=1 dir=0 label=0 lowerbound=1 fileNameGp=../../cp2016-max-common-connected-subgraph-paper/datasets/graphsdb/mcs70/m3D/m3Dr2/mcs70_m3Dr2_s35.A00 fileNameGt=../../cp2016-max-common-connected-subgraph-paper/datasets/graphsdb/mcs70/m3D/m3Dr2/mcs70_m3Dr2_s35.B00
Reading graphs...
35 :  79
35 :  79
Initializing...
maxdom : 35
D->valSize : 1225
Solving...
currentSize : 15 <-- 0.020063 s
currentSize : 16 <-- 0.020160 s
currentSize : 17 <-- 0.023435 s
currentSize : 18 <-- 0.038844 s
currentSize : 19 <-- 0.039441 s
currentSize : 20 <-- 0.049964 s
currentSize : 21 <-- 1.093057 s
currentSize : 22 <-- 28.678659 s
currentSize : 23 <-- 157.336273 s
currentSize : 24 <-- 181.942337 s
currentSize : 28 <-- 368.117615 s

maxsize : 28
nodes : 37340936.000000
filtered : 1052644338.000000
CCGP filtered : 100639691.000000
CCGT filtered : 81218628.000000
time : 372.897614
