Parameters: GAD=1 vflib=1 dir=0 label=0 lowerbound=1 fileNameGp=../../cp2016-max-common-connected-subgraph-paper/datasets/graphsdb/mcs70/m2D/m2Dr2/mcs70_m2Dr2_s35.A06 fileNameGt=../../cp2016-max-common-connected-subgraph-paper/datasets/graphsdb/mcs70/m2D/m2Dr2/mcs70_m2Dr2_s35.B06
Reading graphs...
35 :  64
35 :  63
Initializing...
maxdom : 35
D->valSize : 1225
Solving...
currentSize : 16 <-- 0.020519 s
currentSize : 18 <-- 0.020687 s
currentSize : 19 <-- 0.020916 s
currentSize : 20 <-- 0.021373 s
currentSize : 21 <-- 0.023151 s
currentSize : 22 <-- 0.023674 s
currentSize : 23 <-- 0.078011 s
currentSize : 24 <-- 3.699338 s
currentSize : 25 <-- 192.204422 s
currentSize : 26 <-- 222.238724 s

maxsize : 26
nodes : 23735319.000000
filtered : 648686871.000000
CCGP filtered : 336931095.000000
CCGT filtered : 216437079.000000
time : 245.200745
