Parameters: GAD=1 vflib=1 dir=0 label=0 lowerbound=1 fileNameGp=../../cp2016-max-common-connected-subgraph-paper/datasets/graphsdb/mcs70/bvg/b03m/mcs70_b03m_s50.A04 fileNameGt=../../cp2016-max-common-connected-subgraph-paper/datasets/graphsdb/mcs70/bvg/b03m/mcs70_b03m_s50.B04
Reading graphs...
50 :  74
50 :  74
Initializing...
maxdom : 50
D->valSize : 2500
Solving...
currentSize : 22 <-- 0.098178 s
currentSize : 25 <-- 0.098260 s
currentSize : 26 <-- 0.098640 s
currentSize : 27 <-- 0.100891 s
currentSize : 28 <-- 0.109436 s
currentSize : 29 <-- 0.134152 s
currentSize : 30 <-- 0.134213 s
currentSize : 31 <-- 4.384749 s
currentSize : 32 <-- 6.302350 s
currentSize : 33 <-- 18.049553 s
currentSize : 34 <-- 32.853733 s

TIMEOUT
maxsize : 34
nodes : 74434039.000000
filtered : 1856099663.000000
CCGP filtered : 1343548849.000000
CCGT filtered : 1220116893.000000
time : 1000.000000
