Parameters: GAD=1 vflib=1 dir=0 label=0 lowerbound=1 fileNameGp=../../cp2016-max-common-connected-subgraph-paper/datasets/graphsdb/mcs70/bvg/b09/mcs70_b09_s40.A09 fileNameGt=../../cp2016-max-common-connected-subgraph-paper/datasets/graphsdb/mcs70/bvg/b09/mcs70_b09_s40.B09
Reading graphs...
40 :  179
40 :  179
Initializing...
maxdom : 40
D->valSize : 1600
Solving...
currentSize : 13 <-- 0.031348 s
currentSize : 15 <-- 0.031426 s
currentSize : 16 <-- 0.031557 s
currentSize : 17 <-- 0.033611 s
currentSize : 18 <-- 0.051703 s
currentSize : 20 <-- 0.178027 s
currentSize : 21 <-- 0.182983 s
currentSize : 22 <-- 0.359245 s
currentSize : 23 <-- 7.827909 s
currentSize : 24 <-- 10.317358 s
currentSize : 26 <-- 10.330419 s
currentSize : 28 <-- 10.330642 s
currentSize : 29 <-- 19.740364 s

maxsize : 29
nodes : 6549464.000000
filtered : 371921646.000000
CCGP filtered : 539447.000000
CCGT filtered : 108146.000000
time : 93.960014
