Parameters: GAD=1 vflib=1 dir=0 label=0 lowerbound=1 fileNameGp=../../cp2016-max-common-connected-subgraph-paper/datasets/graphsdb/mcs70/bvg/b03/mcs70_b03_s40.A03 fileNameGt=../../cp2016-max-common-connected-subgraph-paper/datasets/graphsdb/mcs70/bvg/b03/mcs70_b03_s40.B03
Reading graphs...
40 :  60
40 :  60
Initializing...
maxdom : 40
D->valSize : 1600
Solving...
currentSize : 8 <-- 0.057238 s
currentSize : 15 <-- 0.057355 s
currentSize : 21 <-- 0.057453 s
currentSize : 25 <-- 0.057535 s
currentSize : 26 <-- 0.057678 s
currentSize : 27 <-- 0.060281 s
currentSize : 28 <-- 0.165602 s
currentSize : 29 <-- 0.234193 s
currentSize : 30 <-- 0.292420 s
currentSize : 31 <-- 0.458293 s
currentSize : 32 <-- 0.463181 s

maxsize : 32
nodes : 2686215.000000
filtered : 98921915.000000
CCGP filtered : 93689892.000000
CCGT filtered : 39237000.000000
time : 34.142078
