Parameters: GAD=1 vflib=1 dir=0 label=0 lowerbound=1 fileNameGp=../../cp2016-max-common-connected-subgraph-paper/datasets/graphsdb/mcs70/bvg/b09m/mcs70_b09m_s35.A06 fileNameGt=../../cp2016-max-common-connected-subgraph-paper/datasets/graphsdb/mcs70/bvg/b09m/mcs70_b09m_s35.B06
Reading graphs...
35 :  152
35 :  154
Initializing...
maxdom : 35
D->valSize : 1225
Solving...
currentSize : 11 <-- 0.031742 s
currentSize : 12 <-- 0.031820 s
currentSize : 13 <-- 0.032443 s
currentSize : 14 <-- 0.043374 s
currentSize : 15 <-- 0.043520 s
currentSize : 16 <-- 0.305564 s
currentSize : 17 <-- 102.436760 s
currentSize : 18 <-- 497.473755 s
currentSize : 21 <-- 497.490997 s
currentSize : 23 <-- 497.508362 s
currentSize : 24 <-- 497.508453 s

maxsize : 24
nodes : 49149973.000000
filtered : 967663884.000000
CCGP filtered : 26119089.000000
CCGT filtered : 35260965.000000
time : 536.954834
