Parameters: GAD=1 vflib=1 dir=0 label=0 lowerbound=1 fileNameGp=../../cp2016-max-common-connected-subgraph-paper/datasets/graphsdb/mcs70/bvg/b09/mcs70_b09_s50.A00 fileNameGt=../../cp2016-max-common-connected-subgraph-paper/datasets/graphsdb/mcs70/bvg/b09/mcs70_b09_s50.B00
Reading graphs...
50 :  221
50 :  221
Initializing...
maxdom : 50
D->valSize : 2500
Solving...
currentSize : 12 <-- 0.085829 s
currentSize : 15 <-- 0.086022 s
currentSize : 17 <-- 0.086542 s
currentSize : 19 <-- 0.099373 s
currentSize : 20 <-- 0.127017 s
currentSize : 21 <-- 1.146989 s
currentSize : 22 <-- 1.243718 s
currentSize : 23 <-- 1.247324 s
currentSize : 24 <-- 2.077736 s
currentSize : 26 <-- 2.349869 s
currentSize : 28 <-- 2.350076 s
currentSize : 30 <-- 2.390026 s
currentSize : 31 <-- 596.545044 s
currentSize : 34 <-- 596.545654 s

TIMEOUT
maxsize : 34
nodes : 56225210.000000
filtered : 2901509615.000000
CCGP filtered : 7187536.000000
CCGT filtered : 32577033.000000
time : 1000.000000
