Parameters: GAD=1 vflib=1 dir=0 label=0 lowerbound=1 fileNameGp=../../cp2016-max-common-connected-subgraph-paper/datasets/graphsdb/mcs70/bvg/b06/mcs70_b06_s30.A02 fileNameGt=../../cp2016-max-common-connected-subgraph-paper/datasets/graphsdb/mcs70/bvg/b06/mcs70_b06_s30.B02
Reading graphs...
30 :  89
30 :  89
Initializing...
maxdom : 30
D->valSize : 900
Solving...
currentSize : 14 <-- 0.010109 s
currentSize : 15 <-- 0.010176 s
currentSize : 16 <-- 0.010307 s
currentSize : 17 <-- 0.011166 s
currentSize : 18 <-- 0.011756 s
currentSize : 19 <-- 0.012356 s
currentSize : 20 <-- 0.013395 s
currentSize : 21 <-- 0.311257 s
currentSize : 22 <-- 3.756400 s

maxsize : 22
nodes : 827062.000000
filtered : 25637578.000000
CCGP filtered : 812720.000000
CCGT filtered : 1048059.000000
time : 8.148358
