Parameters: GAD=1 vflib=1 dir=0 label=0 lowerbound=1 fileNameGp=../../cp2016-max-common-connected-subgraph-paper/datasets/graphsdb/mcs70/bvg/b06m/mcs70_b06m_s50.A00 fileNameGt=../../cp2016-max-common-connected-subgraph-paper/datasets/graphsdb/mcs70/bvg/b06m/mcs70_b06m_s50.B00
Reading graphs...
50 :  150
50 :  150
Initializing...
maxdom : 50
D->valSize : 2500
Solving...
currentSize : 18 <-- 0.150278 s
currentSize : 19 <-- 0.150430 s
currentSize : 20 <-- 0.150781 s
currentSize : 21 <-- 0.178100 s
currentSize : 22 <-- 0.436111 s
currentSize : 23 <-- 0.940032 s
currentSize : 24 <-- 0.986261 s
currentSize : 25 <-- 2.148800 s
currentSize : 26 <-- 136.369141 s
currentSize : 27 <-- 398.752594 s
currentSize : 28 <-- 887.272278 s

TIMEOUT
maxsize : 28
nodes : 67085359.000000
filtered : 1983252958.000000
CCGP filtered : 408412410.000000
CCGT filtered : 320993561.000000
time : 1000.000000
