Parameters: GAD=1 vflib=1 dir=0 label=0 lowerbound=1 fileNameGp=../../cp2016-max-common-connected-subgraph-paper/datasets/graphsdb/mcs70/m2D/m2Dr6/mcs70_m2Dr6_s35.A04 fileNameGt=../../cp2016-max-common-connected-subgraph-paper/datasets/graphsdb/mcs70/m2D/m2Dr6/mcs70_m2Dr6_s35.B04
Reading graphs...
35 :  78
35 :  77
Initializing...
maxdom : 35
D->valSize : 1225
Solving...
currentSize : 16 <-- 0.020229 s
currentSize : 17 <-- 0.020353 s
currentSize : 18 <-- 0.022071 s
currentSize : 19 <-- 0.030607 s
currentSize : 20 <-- 0.064030 s
currentSize : 21 <-- 1.232748 s
currentSize : 22 <-- 37.470963 s
currentSize : 23 <-- 673.339966 s
currentSize : 25 <-- 738.044067 s

maxsize : 25
nodes : 76987713.000000
filtered : 1967182169.000000
CCGP filtered : 264831669.000000
CCGT filtered : 240563277.000000
time : 771.918152
