Parameters: GAD=1 vflib=1 dir=0 label=0 lowerbound=1 fileNameGp=../../cp2016-max-common-connected-subgraph-paper/datasets/graphsdb/mcs70/bvg/b09m/mcs70_b09m_s35.A02 fileNameGt=../../cp2016-max-common-connected-subgraph-paper/datasets/graphsdb/mcs70/bvg/b09m/mcs70_b09m_s35.B02
Reading graphs...
35 :  151
35 :  151
Initializing...
maxdom : 35
D->valSize : 1225
Solving...
currentSize : 10 <-- 0.018294 s
currentSize : 11 <-- 0.018602 s
currentSize : 12 <-- 0.018831 s
currentSize : 13 <-- 0.019370 s
currentSize : 14 <-- 0.028987 s
currentSize : 15 <-- 0.041418 s
currentSize : 16 <-- 0.190002 s
currentSize : 17 <-- 1.456570 s
currentSize : 24 <-- 11.676948 s

maxsize : 24
nodes : 3758161.000000
filtered : 152092015.000000
CCGP filtered : 965373.000000
CCGT filtered : 533708.000000
time : 46.389748
