Parameters: GAD=1 vflib=1 dir=0 label=0 lowerbound=1 fileNameGp=../../cp2016-max-common-connected-subgraph-paper/datasets/graphsdb/mcs70/bvg/b06m/mcs70_b06m_s50.A05 fileNameGt=../../cp2016-max-common-connected-subgraph-paper/datasets/graphsdb/mcs70/bvg/b06m/mcs70_b06m_s50.B05
Reading graphs...
50 :  146
50 :  147
Initializing...
maxdom : 50
D->valSize : 2500
Solving...
currentSize : 17 <-- 0.091350 s
currentSize : 19 <-- 0.091554 s
currentSize : 20 <-- 0.091786 s
currentSize : 21 <-- 0.092452 s
currentSize : 22 <-- 0.093001 s
currentSize : 23 <-- 0.093246 s
currentSize : 24 <-- 0.094339 s
currentSize : 25 <-- 0.194660 s
currentSize : 26 <-- 0.633823 s
currentSize : 27 <-- 276.295013 s
currentSize : 28 <-- 413.570007 s

TIMEOUT
maxsize : 28
nodes : 69133056.000000
filtered : 2011864014.000000
CCGP filtered : 568557368.000000
CCGT filtered : 428613237.000000
time : 1000.000000
