Parameters: GAD=1 vflib=1 dir=0 label=0 lowerbound=1 fileNameGp=../../cp2016-max-common-connected-subgraph-paper/datasets/graphsdb/mcs70/bvg/b06m/mcs70_b06m_s35.A04 fileNameGt=../../cp2016-max-common-connected-subgraph-paper/datasets/graphsdb/mcs70/bvg/b06m/mcs70_b06m_s35.B04
Reading graphs...
35 :  100
35 :  100
Initializing...
maxdom : 35
D->valSize : 1225
Solving...
currentSize : 13 <-- 0.019509 s
currentSize : 14 <-- 0.019677 s
currentSize : 15 <-- 0.020516 s
currentSize : 16 <-- 0.020934 s
currentSize : 17 <-- 0.022175 s
currentSize : 18 <-- 0.089641 s
currentSize : 19 <-- 0.431807 s
currentSize : 20 <-- 6.075764 s
currentSize : 21 <-- 272.879425 s
currentSize : 22 <-- 322.744537 s
currentSize : 23 <-- 364.490570 s
currentSize : 24 <-- 364.490692 s

maxsize : 24
nodes : 40146295.000000
filtered : 1165381965.000000
CCGP filtered : 113205205.000000
CCGT filtered : 101750811.000000
time : 429.706818
