Parameters: GAD=1 vflib=1 dir=0 label=0 lowerbound=1 fileNameGp=../../cp2016-max-common-connected-subgraph-paper/datasets/graphsdb/mcs70/m3D/m3Dr4/mcs70_m3Dr4_s35.A05 fileNameGt=../../cp2016-max-common-connected-subgraph-paper/datasets/graphsdb/mcs70/m3D/m3Dr4/mcs70_m3Dr4_s35.B05
Reading graphs...
35 :  85
35 :  85
Initializing...
maxdom : 35
D->valSize : 1225
Solving...
currentSize : 16 <-- 0.019837 s
currentSize : 17 <-- 0.022179 s
currentSize : 18 <-- 0.028737 s
currentSize : 19 <-- 0.092460 s
currentSize : 20 <-- 0.189219 s
currentSize : 21 <-- 20.599798 s
currentSize : 22 <-- 25.854521 s
currentSize : 23 <-- 25.906258 s
currentSize : 25 <-- 148.571259 s
currentSize : 27 <-- 148.600662 s

maxsize : 27
nodes : 15547259.000000
filtered : 481499922.000000
CCGP filtered : 31429589.000000
CCGT filtered : 32880834.000000
time : 163.360977
