Parameters: GAD=1 vflib=1 dir=0 label=0 lowerbound=1 fileNameGp=../../cp2016-max-common-connected-subgraph-paper/datasets/graphsdb/mcs70/m2D/m2Dr6/mcs70_m2Dr6_s40.A02 fileNameGt=../../cp2016-max-common-connected-subgraph-paper/datasets/graphsdb/mcs70/m2D/m2Dr6/mcs70_m2Dr6_s40.B02
Reading graphs...
40 :  91
40 :  87
Initializing...
maxdom : 40
D->valSize : 1600
Solving...
currentSize : 11 <-- 0.034790 s
currentSize : 16 <-- 0.034935 s
currentSize : 17 <-- 0.035013 s
currentSize : 18 <-- 0.035427 s
currentSize : 19 <-- 0.036692 s
currentSize : 20 <-- 0.037399 s
currentSize : 21 <-- 0.050114 s
currentSize : 22 <-- 0.112052 s
currentSize : 23 <-- 0.442608 s
currentSize : 24 <-- 7.803164 s
currentSize : 25 <-- 105.702271 s
currentSize : 26 <-- 202.290497 s

TIMEOUT
maxsize : 26
nodes : 87140822.000000
filtered : 2786373838.000000
CCGP filtered : 494412233.000000
CCGT filtered : 438152867.000000
time : 1000.000000
