Parameters: GAD=1 vflib=1 dir=0 label=0 lowerbound=1 fileNameGp=../../cp2016-max-common-connected-subgraph-paper/datasets/graphsdb/mcs70/m2D/m2Dr6/mcs70_m2Dr6_s35.A08 fileNameGt=../../cp2016-max-common-connected-subgraph-paper/datasets/graphsdb/mcs70/m2D/m2Dr6/mcs70_m2Dr6_s35.B08
Reading graphs...
35 :  77
35 :  74
Initializing...
maxdom : 35
D->valSize : 1225
Solving...
currentSize : 10 <-- 0.035273 s
currentSize : 13 <-- 0.035446 s
currentSize : 14 <-- 0.035629 s
currentSize : 15 <-- 0.035762 s
currentSize : 16 <-- 0.036161 s
currentSize : 17 <-- 0.038644 s
currentSize : 18 <-- 0.044777 s
currentSize : 19 <-- 0.073929 s
currentSize : 20 <-- 0.252497 s
currentSize : 21 <-- 1.266206 s
currentSize : 22 <-- 3.424683 s
currentSize : 23 <-- 15.148690 s
currentSize : 24 <-- 141.279724 s
currentSize : 25 <-- 269.554443 s
currentSize : 26 <-- 269.554962 s

maxsize : 26
nodes : 29685029.000000
filtered : 930829874.000000
CCGP filtered : 103286584.000000
CCGT filtered : 70798871.000000
time : 306.025879
