Parameters: GAD=1 vflib=1 dir=0 label=0 lowerbound=1 fileNameGp=../../cp2016-max-common-connected-subgraph-paper/datasets/graphsdb/mcs70/m3D/m3D/mcs70_m3D_s40.A08 fileNameGt=../../cp2016-max-common-connected-subgraph-paper/datasets/graphsdb/mcs70/m3D/m3D/mcs70_m3D_s40.B08
Reading graphs...
40 :  84
40 :  83
Initializing...
maxdom : 40
D->valSize : 1600
Solving...
currentSize : 18 <-- 0.035364 s
currentSize : 20 <-- 0.035402 s
currentSize : 21 <-- 0.036288 s
currentSize : 22 <-- 0.052354 s
currentSize : 23 <-- 0.063190 s
currentSize : 24 <-- 0.190238 s
currentSize : 25 <-- 0.324354 s
currentSize : 26 <-- 31.415472 s
currentSize : 27 <-- 83.830078 s
currentSize : 28 <-- 381.140930 s
currentSize : 29 <-- 925.238159 s

TIMEOUT
maxsize : 29
nodes : 87404728.000000
filtered : 2930808761.000000
CCGP filtered : 390032795.000000
CCGT filtered : 270089849.000000
time : 1000.000000
