Parameters: GAD=1 vflib=1 dir=0 label=0 lowerbound=1 fileNameGp=../../cp2016-max-common-connected-subgraph-paper/datasets/graphsdb/mcs70/m3D/m3Dr6/mcs70_m3Dr6_s40.A05 fileNameGt=../../cp2016-max-common-connected-subgraph-paper/datasets/graphsdb/mcs70/m3D/m3Dr6/mcs70_m3Dr6_s40.B05
Reading graphs...
40 :  107
40 :  101
Initializing...
maxdom : 40
D->valSize : 1600
Solving...
currentSize : 17 <-- 0.055499 s
currentSize : 18 <-- 0.055652 s
currentSize : 19 <-- 0.111305 s
currentSize : 20 <-- 0.128945 s
currentSize : 21 <-- 0.140735 s
currentSize : 22 <-- 5.032429 s
currentSize : 23 <-- 13.286794 s
currentSize : 24 <-- 225.018997 s
currentSize : 26 <-- 704.965393 s
currentSize : 27 <-- 705.571106 s
currentSize : 28 <-- 705.810059 s

TIMEOUT
maxsize : 28
nodes : 83771559.000000
filtered : 2683783049.000000
CCGP filtered : 210084147.000000
CCGT filtered : 220244070.000000
time : 1000.000000
