Parameters: GAD=1 vflib=1 dir=0 label=0 lowerbound=1 fileNameGp=../../cp2016-max-common-connected-subgraph-paper/datasets/graphsdb/mcs70/m3D/m3Dr6/mcs70_m3Dr6_s40.A07 fileNameGt=../../cp2016-max-common-connected-subgraph-paper/datasets/graphsdb/mcs70/m3D/m3Dr6/mcs70_m3Dr6_s40.B07
Reading graphs...
40 :  107
40 :  104
Initializing...
maxdom : 40
D->valSize : 1600
Solving...
currentSize : 13 <-- 0.060050 s
currentSize : 16 <-- 0.060098 s
currentSize : 17 <-- 0.062035 s
currentSize : 18 <-- 0.066947 s
currentSize : 19 <-- 0.081940 s
currentSize : 20 <-- 0.098829 s
currentSize : 21 <-- 0.105004 s
currentSize : 22 <-- 5.061308 s
currentSize : 23 <-- 33.187626 s
currentSize : 24 <-- 292.261749 s

TIMEOUT
maxsize : 24
nodes : 87121603.000000
filtered : 2291485869.000000
CCGP filtered : 300978345.000000
CCGT filtered : 301423537.000000
time : 1000.000000
