Parameters: GAD=1 vflib=1 dir=0 label=0 lowerbound=1 fileNameGp=../../cp2016-max-common-connected-subgraph-paper/datasets/graphsdb/mcs70/bvg/b09/mcs70_b09_s40.A01 fileNameGt=../../cp2016-max-common-connected-subgraph-paper/datasets/graphsdb/mcs70/bvg/b09/mcs70_b09_s40.B01
Reading graphs...
40 :  179
40 :  179
Initializing...
maxdom : 40
D->valSize : 1600
Solving...
currentSize : 18 <-- 0.031578 s
currentSize : 19 <-- 0.032947 s
currentSize : 20 <-- 0.033302 s
currentSize : 21 <-- 0.038467 s
currentSize : 22 <-- 0.038667 s
currentSize : 23 <-- 0.040067 s
currentSize : 24 <-- 0.137420 s
currentSize : 25 <-- 0.218810 s
currentSize : 28 <-- 8.168258 s
currentSize : 29 <-- 21.208748 s

maxsize : 29
nodes : 6453453.000000
filtered : 364872192.000000
CCGP filtered : 487626.000000
CCGT filtered : 1166683.000000
time : 94.767799
