Parameters: GAD=1 vflib=1 dir=0 label=0 lowerbound=1 fileNameGp=../../cp2016-max-common-connected-subgraph-paper/datasets/graphsdb/mcs70/bvg/b03m/mcs70_b03m_s40.A05 fileNameGt=../../cp2016-max-common-connected-subgraph-paper/datasets/graphsdb/mcs70/bvg/b03m/mcs70_b03m_s40.B05
Reading graphs...
40 :  60
40 :  60
Initializing...
maxdom : 40
D->valSize : 1600
Solving...
currentSize : 21 <-- 0.064237 s
currentSize : 22 <-- 0.064300 s
currentSize : 23 <-- 0.066314 s
currentSize : 24 <-- 0.077459 s
currentSize : 25 <-- 0.202037 s
currentSize : 26 <-- 0.779126 s
currentSize : 27 <-- 3.594007 s
currentSize : 28 <-- 31.177189 s
currentSize : 29 <-- 171.256866 s
currentSize : 30 <-- 210.961121 s

maxsize : 30
nodes : 26359866.000000
filtered : 846191802.000000
CCGP filtered : 496804254.000000
CCGT filtered : 345177165.000000
time : 314.588226
