Parameters: GAD=1 vflib=1 dir=0 label=0 lowerbound=1 fileNameGp=../../cp2016-max-common-connected-subgraph-paper/datasets/graphsdb/mcs70/rand/r005/mcs70_r005_s30.A06 fileNameGt=../../cp2016-max-common-connected-subgraph-paper/datasets/graphsdb/mcs70/rand/r005/mcs70_r005_s30.B06
Reading graphs...
30 :  41
30 :  41
Initializing...
maxdom : 30
D->valSize : 900
Solving...
currentSize : 3 <-- 0.019686 s
currentSize : 11 <-- 0.019922 s
currentSize : 14 <-- 0.020096 s
currentSize : 15 <-- 0.020308 s
currentSize : 16 <-- 0.020812 s
currentSize : 17 <-- 0.020907 s
currentSize : 18 <-- 0.025378 s
currentSize : 19 <-- 0.082055 s
currentSize : 20 <-- 0.129203 s
currentSize : 21 <-- 0.176474 s
currentSize : 22 <-- 0.198897 s
currentSize : 23 <-- 0.615705 s

maxsize : 23
nodes : 182183.000000
filtered : 4634471.000000
CCGP filtered : 3307480.000000
CCGT filtered : 1884004.000000
time : 1.664949
