Parameters: GAD=1 vflib=1 dir=0 label=0 lowerbound=1 fileNameGp=../../cp2016-max-common-connected-subgraph-paper/datasets/graphsdb/mcs70/rand/r01/mcs70_r01_s35.A01 fileNameGt=../../cp2016-max-common-connected-subgraph-paper/datasets/graphsdb/mcs70/rand/r01/mcs70_r01_s35.B01
Reading graphs...
35 :  113
35 :  115
Initializing...
maxdom : 35
D->valSize : 1225
Solving...
currentSize : 13 <-- 0.033048 s
currentSize : 14 <-- 0.034072 s
currentSize : 15 <-- 0.038046 s
currentSize : 16 <-- 0.063563 s
currentSize : 17 <-- 0.241309 s
currentSize : 18 <-- 0.884356 s
currentSize : 19 <-- 15.614284 s
currentSize : 20 <-- 182.009796 s
currentSize : 21 <-- 504.929626 s
currentSize : 24 <-- 504.999146 s

maxsize : 24
nodes : 54164967.000000
filtered : 1344379066.000000
CCGP filtered : 55838266.000000
CCGT filtered : 75650658.000000
time : 571.029175
