Parameters: GAD=1 vflib=1 dir=0 label=0 lowerbound=1 fileNameGp=../../cp2016-max-common-connected-subgraph-paper/datasets/graphsdb/mcs70/bvg/b09/mcs70_b09_s35.A08 fileNameGt=../../cp2016-max-common-connected-subgraph-paper/datasets/graphsdb/mcs70/bvg/b09/mcs70_b09_s35.B08
Reading graphs...
35 :  155
35 :  155
Initializing...
maxdom : 35
D->valSize : 1225
Solving...
currentSize : 13 <-- 0.018164 s
currentSize : 14 <-- 0.018296 s
currentSize : 15 <-- 0.019056 s
currentSize : 16 <-- 0.019175 s
currentSize : 17 <-- 0.576238 s
currentSize : 18 <-- 0.584328 s
currentSize : 19 <-- 2.310730 s
currentSize : 21 <-- 2.469079 s
currentSize : 22 <-- 2.469145 s
currentSize : 24 <-- 2.471164 s

maxsize : 24
nodes : 4408893.000000
filtered : 181867609.000000
CCGP filtered : 387718.000000
CCGT filtered : 248524.000000
time : 54.814602
