Parameters: GAD=1 vflib=1 dir=0 label=0 lowerbound=1 fileNameGp=../../cp2016-max-common-connected-subgraph-paper/datasets/graphsdb/mcs70/m2D/m2Dr4/mcs70_m2Dr4_s50.A04 fileNameGt=../../cp2016-max-common-connected-subgraph-paper/datasets/graphsdb/mcs70/m2D/m2Dr4/mcs70_m2Dr4_s50.B04
Reading graphs...
50 :  105
50 :  104
Initializing...
maxdom : 50
D->valSize : 2500
Solving...
currentSize : 22 <-- 0.094897 s
currentSize : 23 <-- 0.095098 s
currentSize : 24 <-- 0.097979 s
currentSize : 25 <-- 0.121697 s
currentSize : 26 <-- 0.151293 s
currentSize : 27 <-- 0.324082 s
currentSize : 28 <-- 1.794467 s
currentSize : 29 <-- 8.428373 s
currentSize : 30 <-- 12.118342 s
currentSize : 31 <-- 64.069771 s
currentSize : 32 <-- 416.222229 s

TIMEOUT
maxsize : 32
nodes : 76062117.000000
filtered : 2234487620.000000
CCGP filtered : 531675921.000000
CCGT filtered : 289044245.000000
time : 1000.000000
