Parameters: GAD=1 vflib=1 dir=0 label=0 lowerbound=1 fileNameGp=../../cp2016-max-common-connected-subgraph-paper/datasets/graphsdb/mcs70/bvg/b03m/mcs70_b03m_s40.A06 fileNameGt=../../cp2016-max-common-connected-subgraph-paper/datasets/graphsdb/mcs70/bvg/b03m/mcs70_b03m_s40.B06
Reading graphs...
40 :  59
40 :  59
Initializing...
maxdom : 40
D->valSize : 1600
Solving...
currentSize : 17 <-- 0.036526 s
currentSize : 18 <-- 0.037051 s
currentSize : 21 <-- 0.038009 s
currentSize : 22 <-- 0.042864 s
currentSize : 24 <-- 0.044234 s
currentSize : 25 <-- 0.044937 s
currentSize : 26 <-- 0.060264 s
currentSize : 27 <-- 2.623689 s
currentSize : 28 <-- 2.623775 s
currentSize : 29 <-- 70.593872 s
currentSize : 30 <-- 433.594635 s

maxsize : 30
nodes : 39257738.000000
filtered : 1211491156.000000
CCGP filtered : 1070761912.000000
CCGT filtered : 632470465.000000
time : 485.885376
