Parameters: GAD=1 vflib=1 dir=0 label=0 lowerbound=1 fileNameGp=../../cp2016-max-common-connected-subgraph-paper/datasets/graphsdb/mcs70/bvg/b03/mcs70_b03_s50.A07 fileNameGt=../../cp2016-max-common-connected-subgraph-paper/datasets/graphsdb/mcs70/bvg/b03/mcs70_b03_s50.B07
Reading graphs...
50 :  75
50 :  75
Initializing...
maxdom : 50
D->valSize : 2500
Solving...
currentSize : 17 <-- 0.097979 s
currentSize : 20 <-- 0.098288 s
currentSize : 30 <-- 0.098509 s
currentSize : 32 <-- 0.098538 s
currentSize : 34 <-- 0.099191 s
currentSize : 35 <-- 0.126641 s
currentSize : 36 <-- 93.529808 s
currentSize : 37 <-- 236.278091 s
currentSize : 38 <-- 261.526367 s
currentSize : 39 <-- 836.354065 s

TIMEOUT
maxsize : 39
nodes : 57804923.000000
filtered : 2315335439.000000
CCGP filtered : 3237595665.000000
CCGT filtered : 1536373899.000000
time : 1000.000000
