Parameters: GAD=1 vflib=1 dir=0 label=0 lowerbound=1 fileNameGp=../../cp2016-max-common-connected-subgraph-paper/datasets/graphsdb/mcs70/bvg/b03/mcs70_b03_s30.A04 fileNameGt=../../cp2016-max-common-connected-subgraph-paper/datasets/graphsdb/mcs70/bvg/b03/mcs70_b03_s30.B04
Reading graphs...
30 :  45
30 :  45
Initializing...
maxdom : 30
D->valSize : 900
Solving...
currentSize : 13 <-- 0.011077 s
currentSize : 16 <-- 0.011127 s
currentSize : 18 <-- 0.011207 s
currentSize : 19 <-- 0.011250 s
currentSize : 20 <-- 0.019868 s
currentSize : 21 <-- 0.030070 s
currentSize : 22 <-- 0.031085 s
currentSize : 23 <-- 0.038738 s
currentSize : 24 <-- 3.105027 s

maxsize : 24
nodes : 360895.000000
filtered : 9569061.000000
CCGP filtered : 5249558.000000
CCGT filtered : 3821130.000000
time : 3.362786
