Parameters: GAD=1 vflib=1 dir=0 label=0 lowerbound=1 fileNameGp=../../cp2016-max-common-connected-subgraph-paper/datasets/graphsdb/mcs70/m2D/m2Dr2/mcs70_m2Dr2_s40.A09 fileNameGt=../../cp2016-max-common-connected-subgraph-paper/datasets/graphsdb/mcs70/m2D/m2Dr2/mcs70_m2Dr2_s40.B09
Reading graphs...
40 :  74
40 :  74
Initializing...
maxdom : 40
D->valSize : 1600
Solving...
currentSize : 14 <-- 0.036115 s
currentSize : 18 <-- 0.036273 s
currentSize : 19 <-- 0.036703 s
currentSize : 20 <-- 0.037118 s
currentSize : 21 <-- 0.047536 s
currentSize : 22 <-- 0.051624 s
currentSize : 23 <-- 0.220687 s
currentSize : 24 <-- 0.466229 s
currentSize : 25 <-- 1.366255 s
currentSize : 26 <-- 11.243643 s
currentSize : 27 <-- 402.002716 s

TIMEOUT
maxsize : 27
nodes : 89590104.000000
filtered : 2599072786.000000
CCGP filtered : 993637406.000000
CCGT filtered : 586010483.000000
time : 1000.000000
