Parameters: GAD=1 vflib=1 dir=0 label=0 lowerbound=1 fileNameGp=../../cp2016-max-common-connected-subgraph-paper/datasets/graphsdb/mcs70/rand/r005/mcs70_r005_s50.A01 fileNameGt=../../cp2016-max-common-connected-subgraph-paper/datasets/graphsdb/mcs70/rand/r005/mcs70_r005_s50.B01
Reading graphs...
50 :  120
50 :  120
Initializing...
maxdom : 50
D->valSize : 2500
Solving...
currentSize : 18 <-- 0.121779 s
currentSize : 20 <-- 0.121973 s
currentSize : 21 <-- 0.122809 s
currentSize : 22 <-- 0.122930 s
currentSize : 24 <-- 0.137300 s
currentSize : 25 <-- 0.491001 s
currentSize : 26 <-- 0.578952 s
currentSize : 27 <-- 3.223714 s
currentSize : 28 <-- 15.421408 s
currentSize : 29 <-- 178.574814 s
currentSize : 30 <-- 209.243103 s

TIMEOUT
maxsize : 30
nodes : 72075434.000000
filtered : 1935601617.000000
CCGP filtered : 485129436.000000
CCGT filtered : 221609192.000000
time : 1000.000000
