Parameters: GAD=1 vflib=1 dir=0 label=0 lowerbound=1 fileNameGp=../../cp2016-max-common-connected-subgraph-paper/datasets/graphsdb/mcs70/m2D/m2Dr4/mcs70_m2Dr4_s50.A00 fileNameGt=../../cp2016-max-common-connected-subgraph-paper/datasets/graphsdb/mcs70/m2D/m2Dr4/mcs70_m2Dr4_s50.B00
Reading graphs...
50 :  105
50 :  103
Initializing...
maxdom : 50
D->valSize : 2500
Solving...
currentSize : 22 <-- 0.094765 s
currentSize : 24 <-- 0.094852 s
currentSize : 25 <-- 0.095216 s
currentSize : 26 <-- 0.095606 s
currentSize : 27 <-- 0.099497 s
currentSize : 28 <-- 0.119331 s
currentSize : 29 <-- 0.293853 s
currentSize : 30 <-- 0.305093 s
currentSize : 31 <-- 46.752071 s
currentSize : 32 <-- 86.076256 s

TIMEOUT
maxsize : 32
nodes : 70734590.000000
filtered : 2286717339.000000
CCGP filtered : 670522886.000000
CCGT filtered : 422251041.000000
time : 1000.000000
