Parameters: GAD=1 vflib=1 dir=0 label=0 lowerbound=1 fileNameGp=../../cp2016-max-common-connected-subgraph-paper/datasets/graphsdb/mcs70/m3D/m3Dr6/mcs70_m3Dr6_s35.A09 fileNameGt=../../cp2016-max-common-connected-subgraph-paper/datasets/graphsdb/mcs70/m3D/m3Dr6/mcs70_m3Dr6_s35.B09
Reading graphs...
35 :  92
35 :  91
Initializing...
maxdom : 35
D->valSize : 1225
Solving...
currentSize : 15 <-- 0.019909 s
currentSize : 16 <-- 0.020210 s
currentSize : 17 <-- 0.123556 s
currentSize : 18 <-- 0.438469 s
currentSize : 19 <-- 1.243129 s
currentSize : 20 <-- 2.596814 s
currentSize : 21 <-- 46.437134 s
currentSize : 25 <-- 110.131279 s
currentSize : 26 <-- 110.131378 s
currentSize : 27 <-- 110.131470 s

maxsize : 27
nodes : 12387786.000000
filtered : 284093581.000000
CCGP filtered : 23401205.000000
CCGT filtered : 15769843.000000
time : 119.033012
