Parameters: GAD=1 vflib=1 dir=0 label=0 lowerbound=1 fileNameGp=../../cp2016-max-common-connected-subgraph-paper/datasets/graphsdb/mcs70/rand/r005/mcs70_r005_s35.A01 fileNameGt=../../cp2016-max-common-connected-subgraph-paper/datasets/graphsdb/mcs70/rand/r005/mcs70_r005_s35.B01
Reading graphs...
35 :  58
35 :  57
Initializing...
maxdom : 35
D->valSize : 1225
Solving...
currentSize : 14 <-- 0.020875 s
currentSize : 15 <-- 0.020950 s
currentSize : 16 <-- 0.022060 s
currentSize : 17 <-- 0.025509 s
currentSize : 18 <-- 0.025878 s
currentSize : 19 <-- 0.046369 s
currentSize : 20 <-- 0.436649 s
currentSize : 21 <-- 0.437462 s
currentSize : 22 <-- 0.437545 s
currentSize : 23 <-- 0.919298 s
currentSize : 24 <-- 2.691213 s
currentSize : 25 <-- 19.524094 s
currentSize : 26 <-- 58.016079 s

maxsize : 26
nodes : 8655972.000000
filtered : 265248026.000000
CCGP filtered : 51735595.000000
CCGT filtered : 52565285.000000
time : 86.570969
