Parameters: GAD=1 vflib=1 dir=0 label=0 lowerbound=1 fileNameGp=../../cp2016-max-common-connected-subgraph-paper/datasets/graphsdb/mcs70/bvg/b06m/mcs70_b06m_s30.A00 fileNameGt=../../cp2016-max-common-connected-subgraph-paper/datasets/graphsdb/mcs70/bvg/b06m/mcs70_b06m_s30.B00
Reading graphs...
30 :  85
30 :  86
Initializing...
maxdom : 30
D->valSize : 900
Solving...
currentSize : 13 <-- 0.018024 s
currentSize : 14 <-- 0.018257 s
currentSize : 15 <-- 0.018588 s
currentSize : 16 <-- 0.226619 s
currentSize : 17 <-- 2.772755 s
currentSize : 18 <-- 3.359933 s
currentSize : 19 <-- 5.201443 s
currentSize : 20 <-- 5.201581 s
currentSize : 21 <-- 5.201735 s
currentSize : 22 <-- 6.036189 s
currentSize : 23 <-- 6.036316 s

maxsize : 23
nodes : 751667.000000
filtered : 20103959.000000
CCGP filtered : 2083887.000000
CCGT filtered : 982330.000000
time : 7.079276
