Parameters: GAD=1 vflib=1 dir=0 label=0 lowerbound=1 fileNameGp=../../cp2016-max-common-connected-subgraph-paper/datasets/graphsdb/mcs70/rand/r005/mcs70_r005_s35.A09 fileNameGt=../../cp2016-max-common-connected-subgraph-paper/datasets/graphsdb/mcs70/rand/r005/mcs70_r005_s35.B09
Reading graphs...
35 :  58
35 :  57
Initializing...
maxdom : 35
D->valSize : 1225
Solving...
currentSize : 16 <-- 0.020808 s
currentSize : 18 <-- 0.020985 s
currentSize : 19 <-- 0.021189 s
currentSize : 20 <-- 0.022752 s
currentSize : 21 <-- 0.148285 s
currentSize : 22 <-- 1.729442 s
currentSize : 23 <-- 3.108179 s
currentSize : 24 <-- 3.215538 s
currentSize : 25 <-- 4.981989 s

maxsize : 25
nodes : 14967588.000000
filtered : 450670454.000000
CCGP filtered : 102625175.000000
CCGT filtered : 150436420.000000
time : 154.755249
