Parameters: GAD=1 vflib=1 dir=0 label=0 lowerbound=1 fileNameGp=../../cp2016-max-common-connected-subgraph-paper/datasets/graphsdb/mcs70/m3D/m3D/mcs70_m3D_s35.A06 fileNameGt=../../cp2016-max-common-connected-subgraph-paper/datasets/graphsdb/mcs70/m3D/m3D/mcs70_m3D_s35.B06
Reading graphs...
35 :  72
35 :  72
Initializing...
maxdom : 35
D->valSize : 1225
Solving...
currentSize : 17 <-- 0.020457 s
currentSize : 18 <-- 0.020504 s
currentSize : 19 <-- 0.020589 s
currentSize : 20 <-- 0.020731 s
currentSize : 21 <-- 0.082592 s
currentSize : 22 <-- 0.117654 s
currentSize : 23 <-- 1.129015 s
currentSize : 24 <-- 1.286247 s
currentSize : 26 <-- 84.450958 s
currentSize : 27 <-- 86.033997 s

maxsize : 27
nodes : 13161643.000000
filtered : 407386292.000000
CCGP filtered : 34088810.000000
CCGT filtered : 16622867.000000
time : 130.623322
