Parameters: GAD=1 vflib=1 dir=0 label=0 lowerbound=1 fileNameGp=../../cp2016-max-common-connected-subgraph-paper/datasets/graphsdb/mcs70/m3D/m3Dr4/mcs70_m3Dr4_s35.A07 fileNameGt=../../cp2016-max-common-connected-subgraph-paper/datasets/graphsdb/mcs70/m3D/m3Dr4/mcs70_m3Dr4_s35.B07
Reading graphs...
35 :  85
35 :  84
Initializing...
maxdom : 35
D->valSize : 1225
Solving...
currentSize : 13 <-- 0.019810 s
currentSize : 15 <-- 0.019845 s
currentSize : 16 <-- 0.020579 s
currentSize : 17 <-- 0.021259 s
currentSize : 18 <-- 0.025284 s
currentSize : 19 <-- 0.029483 s
currentSize : 20 <-- 0.043445 s
currentSize : 21 <-- 0.621803 s
currentSize : 22 <-- 20.704708 s
currentSize : 23 <-- 126.256981 s
currentSize : 24 <-- 213.041595 s
currentSize : 25 <-- 283.917755 s
currentSize : 27 <-- 316.318665 s

maxsize : 27
nodes : 32205302.000000
filtered : 962895119.000000
CCGP filtered : 68818853.000000
CCGT filtered : 43789816.000000
time : 324.292358
