Parameters: GAD=1 vflib=1 dir=0 label=0 lowerbound=1 fileNameGp=../../cp2016-max-common-connected-subgraph-paper/datasets/graphsdb/mcs70/rand/r005/mcs70_r005_s30.A02 fileNameGt=../../cp2016-max-common-connected-subgraph-paper/datasets/graphsdb/mcs70/rand/r005/mcs70_r005_s30.B02
Reading graphs...
30 :  41
30 :  41
Initializing...
maxdom : 30
D->valSize : 900
Solving...
currentSize : 13 <-- 0.011317 s
currentSize : 14 <-- 0.011353 s
currentSize : 15 <-- 0.011599 s
currentSize : 16 <-- 0.012270 s
currentSize : 17 <-- 0.022011 s
currentSize : 18 <-- 0.136279 s
currentSize : 19 <-- 1.197514 s
currentSize : 20 <-- 1.202962 s
currentSize : 21 <-- 1.834427 s
currentSize : 22 <-- 13.469149 s

maxsize : 22
nodes : 2531910.000000
filtered : 44661608.000000
CCGP filtered : 25059858.000000
CCGT filtered : 16776533.000000
time : 18.268942
