Parameters: GAD=1 vflib=1 dir=0 label=0 lowerbound=1 fileNameGp=../../cp2016-max-common-connected-subgraph-paper/datasets/graphsdb/mcs70/bvg/b06/mcs70_b06_s30.A00 fileNameGt=../../cp2016-max-common-connected-subgraph-paper/datasets/graphsdb/mcs70/bvg/b06/mcs70_b06_s30.B00
Reading graphs...
30 :  89
30 :  89
Initializing...
maxdom : 30
D->valSize : 900
Solving...
currentSize : 14 <-- 0.010356 s
currentSize : 15 <-- 0.010396 s
currentSize : 16 <-- 0.057599 s
currentSize : 17 <-- 0.121184 s
currentSize : 18 <-- 0.146031 s
currentSize : 19 <-- 0.171270 s
currentSize : 20 <-- 0.276878 s
currentSize : 21 <-- 0.780238 s
currentSize : 22 <-- 2.868674 s
currentSize : 23 <-- 6.651100 s

maxsize : 23
nodes : 819713.000000
filtered : 24904698.000000
CCGP filtered : 834796.000000
CCGT filtered : 494013.000000
time : 7.575586
