Parameters: GAD=1 vflib=1 dir=0 label=0 lowerbound=1 fileNameGp=../../cp2016-max-common-connected-subgraph-paper/datasets/graphsdb/mcs70/m4D/m4D/mcs70_m4D_s25.A07 fileNameGt=../../cp2016-max-common-connected-subgraph-paper/datasets/graphsdb/mcs70/m4D/m4D/mcs70_m4D_s25.B07
Reading graphs...
25 :  46
25 :  46
Initializing...
maxdom : 25
D->valSize : 625
Solving...
currentSize : 8 <-- 0.005151 s
currentSize : 9 <-- 0.005332 s
currentSize : 10 <-- 0.005357 s
currentSize : 11 <-- 0.005401 s
currentSize : 12 <-- 0.005467 s
currentSize : 13 <-- 0.005603 s
currentSize : 14 <-- 0.005754 s
currentSize : 15 <-- 0.005885 s
currentSize : 16 <-- 0.092943 s
currentSize : 17 <-- 0.103637 s
currentSize : 18 <-- 0.114606 s
currentSize : 19 <-- 0.145608 s

maxsize : 19
nodes : 66330.000000
filtered : 1719039.000000
CCGP filtered : 1295177.000000
CCGT filtered : 387503.000000
time : 0.533272
