Parameters: GAD=1 vflib=1 dir=0 label=0 lowerbound=1 fileNameGp=../../cp2016-max-common-connected-subgraph-paper/datasets/graphsdb/mcs70/bvg/b03/mcs70_b03_s40.A00 fileNameGt=../../cp2016-max-common-connected-subgraph-paper/datasets/graphsdb/mcs70/bvg/b03/mcs70_b03_s40.B00
Reading graphs...
40 :  60
40 :  60
Initializing...
maxdom : 40
D->valSize : 1600
Solving...
currentSize : 16 <-- 0.057381 s
currentSize : 18 <-- 0.057496 s
currentSize : 22 <-- 0.057952 s
currentSize : 23 <-- 0.057983 s
currentSize : 24 <-- 0.061301 s
currentSize : 25 <-- 0.069733 s
currentSize : 26 <-- 0.075523 s
currentSize : 27 <-- 0.258749 s
currentSize : 28 <-- 2.088422 s
currentSize : 29 <-- 19.674419 s
currentSize : 30 <-- 19.674841 s
currentSize : 31 <-- 19.676100 s
currentSize : 32 <-- 59.456074 s
currentSize : 33 <-- 82.723183 s

maxsize : 33
nodes : 7133720.000000
filtered : 252837149.000000
CCGP filtered : 159624989.000000
CCGT filtered : 93099754.000000
time : 93.380226
