Parameters: GAD=1 vflib=1 dir=0 label=0 lowerbound=1 fileNameGp=../../cp2016-max-common-connected-subgraph-paper/datasets/graphsdb/mcs70/bvg/b06m/mcs70_b06m_s40.A07 fileNameGt=../../cp2016-max-common-connected-subgraph-paper/datasets/graphsdb/mcs70/bvg/b06m/mcs70_b06m_s40.B07
Reading graphs...
40 :  119
40 :  118
Initializing...
maxdom : 40
D->valSize : 1600
Solving...
currentSize : 14 <-- 0.033630 s
currentSize : 15 <-- 0.039711 s
currentSize : 16 <-- 0.040598 s
currentSize : 17 <-- 0.041334 s
currentSize : 18 <-- 0.041583 s
currentSize : 19 <-- 0.056820 s
currentSize : 20 <-- 0.248504 s
currentSize : 21 <-- 0.755298 s
currentSize : 22 <-- 23.699163 s
currentSize : 23 <-- 335.485321 s

TIMEOUT
maxsize : 23
nodes : 83350660.000000
filtered : 2574026042.000000
CCGP filtered : 346402816.000000
CCGT filtered : 291972577.000000
time : 1000.000000
