Parameters: GAD=1 vflib=1 dir=0 label=0 lowerbound=1 fileNameGp=../../cp2016-max-common-connected-subgraph-paper/datasets/graphsdb/mcs70/bvg/b09/mcs70_b09_s25.A04 fileNameGt=../../cp2016-max-common-connected-subgraph-paper/datasets/graphsdb/mcs70/bvg/b09/mcs70_b09_s25.B04
Reading graphs...
25 :  110
25 :  108
Initializing...
maxdom : 25
D->valSize : 625
Solving...
currentSize : 9 <-- 0.004502 s
currentSize : 10 <-- 0.004609 s
currentSize : 11 <-- 0.004859 s
currentSize : 12 <-- 0.007695 s
currentSize : 13 <-- 0.018758 s
currentSize : 14 <-- 0.023077 s
currentSize : 16 <-- 0.048033 s
currentSize : 17 <-- 0.089579 s
currentSize : 18 <-- 0.317373 s

maxsize : 18
nodes : 150252.000000
filtered : 4066816.000000
CCGP filtered : 5535.000000
CCGT filtered : 5769.000000
time : 1.324870
