Parameters: GAD=1 vflib=1 dir=0 label=0 lowerbound=1 fileNameGp=../../cp2016-max-common-connected-subgraph-paper/datasets/graphsdb/mcs70/bvg/b03/mcs70_b03_s50.A03 fileNameGt=../../cp2016-max-common-connected-subgraph-paper/datasets/graphsdb/mcs70/bvg/b03/mcs70_b03_s50.B03
Reading graphs...
50 :  75
50 :  75
Initializing...
maxdom : 50
D->valSize : 2500
Solving...
currentSize : 16 <-- 0.097768 s
currentSize : 20 <-- 0.098039 s
currentSize : 21 <-- 0.098071 s
currentSize : 22 <-- 0.098210 s
currentSize : 26 <-- 0.098442 s
currentSize : 28 <-- 0.099405 s
currentSize : 29 <-- 0.389202 s
currentSize : 30 <-- 0.603418 s
currentSize : 31 <-- 0.641690 s
currentSize : 32 <-- 1.366294 s
currentSize : 33 <-- 8.533051 s
currentSize : 34 <-- 8.986886 s
currentSize : 35 <-- 18.463081 s
currentSize : 36 <-- 263.897491 s
currentSize : 37 <-- 718.358154 s

TIMEOUT
maxsize : 37
nodes : 63663299.000000
filtered : 2247624208.000000
CCGP filtered : 2426298966.000000
CCGT filtered : 1530402254.000000
time : 1000.000000
