Parameters: GAD=1 vflib=1 dir=0 label=0 lowerbound=1 fileNameGp=../../cp2016-max-common-connected-subgraph-paper/datasets/graphsdb/mcs90/bvg/b06m/mcs90_b06m_s30.A09 fileNameGt=../../cp2016-max-common-connected-subgraph-paper/datasets/graphsdb/mcs90/bvg/b06m/mcs90_b06m_s30.B09
Reading graphs...
30 :  87
30 :  88
Initializing...
maxdom : 30
D->valSize : 900
Solving...
currentSize : 10 <-- 0.010042 s
currentSize : 12 <-- 0.010106 s
currentSize : 13 <-- 0.010716 s
currentSize : 14 <-- 0.012394 s
currentSize : 15 <-- 0.012846 s
currentSize : 16 <-- 0.017599 s
currentSize : 17 <-- 0.095551 s
currentSize : 18 <-- 0.931111 s
currentSize : 19 <-- 5.040480 s
currentSize : 22 <-- 7.865514 s
currentSize : 24 <-- 8.355024 s
currentSize : 27 <-- 8.357599 s

maxsize : 27
nodes : 912900.000000
filtered : 22093115.000000
CCGP filtered : 1200523.000000
CCGT filtered : 1089215.000000
time : 8.378997
