Parameters: GAD=1 vflib=1 dir=0 label=0 lowerbound=1 fileNameGp=../../cp2016-max-common-connected-subgraph-paper/datasets/graphsdb/mcs90/bvg/b06m/mcs90_b06m_s50.A09 fileNameGt=../../cp2016-max-common-connected-subgraph-paper/datasets/graphsdb/mcs90/bvg/b06m/mcs90_b06m_s50.B09
Reading graphs...
50 :  146
50 :  146
Initializing...
maxdom : 50
D->valSize : 2500
Solving...
currentSize : 16 <-- 0.114136 s
currentSize : 17 <-- 0.114487 s
currentSize : 20 <-- 0.114641 s
currentSize : 22 <-- 0.114735 s
currentSize : 24 <-- 0.115551 s
currentSize : 25 <-- 0.169535 s
currentSize : 26 <-- 0.675162 s
currentSize : 27 <-- 0.722185 s
currentSize : 28 <-- 10.140786 s
currentSize : 29 <-- 373.395142 s

TIMEOUT
maxsize : 29
nodes : 65924401.000000
filtered : 2222857307.000000
CCGP filtered : 581853826.000000
CCGT filtered : 344184100.000000
time : 1000.000000
