Parameters: GAD=1 vflib=1 dir=0 label=0 lowerbound=1 fileNameGp=../../cp2016-max-common-connected-subgraph-paper/datasets/graphsdb/mcs90/bvg/b06/mcs90_b06_s50.A05 fileNameGt=../../cp2016-max-common-connected-subgraph-paper/datasets/graphsdb/mcs90/bvg/b06/mcs90_b06_s50.B05
Reading graphs...
50 :  150
50 :  150
Initializing...
maxdom : 50
D->valSize : 2500
Solving...
currentSize : 30 <-- 0.091448 s
currentSize : 32 <-- 0.091489 s
currentSize : 36 <-- 0.091808 s
currentSize : 37 <-- 0.092280 s
currentSize : 39 <-- 0.093568 s
currentSize : 40 <-- 0.095741 s
currentSize : 42 <-- 0.099015 s
currentSize : 43 <-- 0.101299 s
currentSize : 45 <-- 0.113315 s
currentSize : 46 <-- 0.272307 s

maxsize : 46
nodes : 48199.000000
filtered : 3465903.000000
CCGP filtered : 3608.000000
CCGT filtered : 18253.000000
time : 0.964173
