Parameters: GAD=1 vflib=1 dir=0 label=0 lowerbound=1 fileNameGp=../../cp2016-max-common-connected-subgraph-paper/datasets/graphsdb/mcs90/bvg/b03m/mcs90_b03m_s30.A05 fileNameGt=../../cp2016-max-common-connected-subgraph-paper/datasets/graphsdb/mcs90/bvg/b03m/mcs90_b03m_s30.B05
Reading graphs...
30 :  45
30 :  45
Initializing...
maxdom : 30
D->valSize : 900
Solving...
currentSize : 11 <-- 0.010937 s
currentSize : 14 <-- 0.010981 s
currentSize : 15 <-- 0.011038 s
currentSize : 16 <-- 0.012109 s
currentSize : 17 <-- 0.014648 s
currentSize : 18 <-- 0.016306 s
currentSize : 19 <-- 0.017069 s
currentSize : 20 <-- 0.021586 s
currentSize : 21 <-- 0.021967 s
currentSize : 22 <-- 0.411741 s
currentSize : 24 <-- 0.414418 s
currentSize : 26 <-- 0.417959 s

maxsize : 26
nodes : 58547.000000
filtered : 1277535.000000
CCGP filtered : 1061743.000000
CCGT filtered : 375549.000000
time : 0.501573
