Parameters: GAD=1 vflib=1 dir=0 label=0 lowerbound=1 fileNameGp=../../cp2016-max-common-connected-subgraph-paper/datasets/graphsdb/mcs90/bvg/b03m/mcs90_b03m_s35.A09 fileNameGt=../../cp2016-max-common-connected-subgraph-paper/datasets/graphsdb/mcs90/bvg/b03m/mcs90_b03m_s35.B09
Reading graphs...
35 :  52
35 :  52
Initializing...
maxdom : 35
D->valSize : 1225
Solving...
currentSize : 10 <-- 0.021241 s
currentSize : 15 <-- 0.021356 s
currentSize : 17 <-- 0.021438 s
currentSize : 18 <-- 0.022317 s
currentSize : 19 <-- 0.022487 s
currentSize : 20 <-- 0.022629 s
currentSize : 21 <-- 0.023098 s
currentSize : 22 <-- 0.023756 s
currentSize : 23 <-- 0.023969 s
currentSize : 24 <-- 0.030827 s
currentSize : 25 <-- 0.112681 s
currentSize : 26 <-- 1.968997 s
currentSize : 27 <-- 5.239540 s
currentSize : 28 <-- 7.657372 s
currentSize : 29 <-- 8.002601 s
currentSize : 30 <-- 8.002749 s

maxsize : 30
nodes : 829381.000000
filtered : 24130306.000000
CCGP filtered : 17938237.000000
CCGT filtered : 5737388.000000
time : 8.532458
