Parameters: GAD=1 vflib=1 dir=0 label=0 lowerbound=1 fileNameGp=../../cp2016-max-common-connected-subgraph-paper/datasets/graphsdb/mcs90/m2D/m2Dr4/mcs90_m2Dr4_s40.A03 fileNameGt=../../cp2016-max-common-connected-subgraph-paper/datasets/graphsdb/mcs90/m2D/m2Dr4/mcs90_m2Dr4_s40.B03
Reading graphs...
40 :  82
40 :  82
Initializing...
maxdom : 40
D->valSize : 1600
Solving...
currentSize : 17 <-- 0.035253 s
currentSize : 19 <-- 0.036060 s
currentSize : 20 <-- 0.036131 s
currentSize : 21 <-- 0.036547 s
currentSize : 22 <-- 0.038973 s
currentSize : 23 <-- 0.051611 s
currentSize : 24 <-- 0.649925 s
currentSize : 25 <-- 4.459190 s
currentSize : 26 <-- 57.355083 s
currentSize : 27 <-- 57.377392 s
currentSize : 28 <-- 57.378586 s
currentSize : 29 <-- 122.908813 s
currentSize : 30 <-- 237.765549 s
currentSize : 32 <-- 237.824081 s
currentSize : 33 <-- 249.943253 s
currentSize : 36 <-- 249.943390 s

maxsize : 36
nodes : 20905104.000000
filtered : 781176747.000000
CCGP filtered : 80728869.000000
CCGT filtered : 66250583.000000
time : 250.073349
