Parameters: GAD=1 vflib=1 dir=0 label=0 lowerbound=1 fileNameGp=../../cp2016-max-common-connected-subgraph-paper/datasets/graphsdb/mcs90/bvg/b09/mcs90_b09_s40.A03 fileNameGt=../../cp2016-max-common-connected-subgraph-paper/datasets/graphsdb/mcs90/bvg/b09/mcs90_b09_s40.B03
Reading graphs...
40 :  180
40 :  180
Initializing...
maxdom : 40
D->valSize : 1600
Solving...
currentSize : 17 <-- 0.031563 s
currentSize : 21 <-- 0.031787 s
currentSize : 23 <-- 0.032621 s
currentSize : 24 <-- 0.032772 s
currentSize : 26 <-- 0.034941 s
currentSize : 27 <-- 0.035113 s
currentSize : 28 <-- 0.035789 s
currentSize : 32 <-- 0.041080 s
currentSize : 36 <-- 0.051636 s

maxsize : 36
nodes : 31713.000000
filtered : 3139308.000000
CCGP filtered : 1081.000000
CCGT filtered : 3.000000
time : 0.535289
