Parameters: GAD=1 vflib=1 dir=0 label=0 lowerbound=1 fileNameGp=../../cp2016-max-common-connected-subgraph-paper/datasets/graphsdb/mcs90/bvg/b03m/mcs90_b03m_s30.A02 fileNameGt=../../cp2016-max-common-connected-subgraph-paper/datasets/graphsdb/mcs90/bvg/b03m/mcs90_b03m_s30.B02
Reading graphs...
30 :  45
30 :  45
Initializing...
maxdom : 30
D->valSize : 900
Solving...
currentSize : 13 <-- 0.019489 s
currentSize : 14 <-- 0.020372 s
currentSize : 17 <-- 0.020409 s
currentSize : 18 <-- 0.027649 s
currentSize : 19 <-- 0.058452 s
currentSize : 20 <-- 0.072112 s
currentSize : 21 <-- 0.081409 s
currentSize : 22 <-- 0.460506 s
currentSize : 23 <-- 1.170406 s
currentSize : 24 <-- 2.966717 s
currentSize : 25 <-- 2.966819 s
currentSize : 26 <-- 2.966930 s
currentSize : 27 <-- 3.072446 s

maxsize : 27
nodes : 358698.000000
filtered : 7916723.000000
CCGP filtered : 4944024.000000
CCGT filtered : 2237813.000000
time : 3.082968
