Parameters: GAD=1 vflib=1 dir=0 label=0 lowerbound=1 fileNameGp=../../cp2016-max-common-connected-subgraph-paper/datasets/graphsdb/mcs90/bvg/b09/mcs90_b09_s40.A06 fileNameGt=../../cp2016-max-common-connected-subgraph-paper/datasets/graphsdb/mcs90/bvg/b09/mcs90_b09_s40.B06
Reading graphs...
40 :  180
40 :  179
Initializing...
maxdom : 40
D->valSize : 1600
Solving...
currentSize : 15 <-- 0.031375 s
currentSize : 16 <-- 0.031629 s
currentSize : 17 <-- 0.032081 s
currentSize : 18 <-- 0.036475 s
currentSize : 19 <-- 0.046338 s
currentSize : 21 <-- 0.083946 s
currentSize : 22 <-- 0.084991 s
currentSize : 24 <-- 0.086187 s
currentSize : 25 <-- 0.088985 s
currentSize : 36 <-- 0.096012 s

maxsize : 36
nodes : 44298.000000
filtered : 3651031.000000
CCGP filtered : 233.000000
CCGT filtered : 694.000000
time : 0.697042
