Parameters: GAD=1 vflib=1 dir=0 label=0 lowerbound=1 fileNameGp=../../cp2016-max-common-connected-subgraph-paper/datasets/graphsdb/mcs90/bvg/b09/mcs90_b09_s35.A00 fileNameGt=../../cp2016-max-common-connected-subgraph-paper/datasets/graphsdb/mcs90/bvg/b09/mcs90_b09_s35.B00
Reading graphs...
35 :  157
35 :  157
Initializing...
maxdom : 35
D->valSize : 1225
Solving...
currentSize : 14 <-- 0.018185 s
currentSize : 15 <-- 0.020278 s
currentSize : 16 <-- 0.045161 s
currentSize : 17 <-- 0.049042 s
currentSize : 18 <-- 0.121853 s
currentSize : 22 <-- 0.984345 s
currentSize : 23 <-- 0.984617 s
currentSize : 26 <-- 0.984854 s
currentSize : 29 <-- 0.985474 s
currentSize : 30 <-- 0.985691 s

maxsize : 30
nodes : 147054.000000
filtered : 5293272.000000
CCGP filtered : 6381.000000
CCGT filtered : 20259.000000
time : 1.658449
