Parameters: GAD=1 vflib=1 dir=0 label=0 lowerbound=1 fileNameGp=../../cp2016-max-common-connected-subgraph-paper/datasets/graphsdb/mcs90/m2D/m2Dr6/mcs90_m2Dr6_s50.A05 fileNameGt=../../cp2016-max-common-connected-subgraph-paper/datasets/graphsdb/mcs90/m2D/m2Dr6/mcs90_m2Dr6_s50.B05
Reading graphs...
50 :  115
50 :  112
Initializing...
maxdom : 50
D->valSize : 2500
Solving...
currentSize : 23 <-- 0.094205 s
currentSize : 24 <-- 0.094264 s
currentSize : 25 <-- 0.094413 s
currentSize : 26 <-- 0.094642 s
currentSize : 29 <-- 0.094844 s
currentSize : 30 <-- 0.096303 s
currentSize : 31 <-- 0.097132 s
currentSize : 32 <-- 132.161285 s
currentSize : 33 <-- 186.584564 s
currentSize : 34 <-- 186.586914 s
currentSize : 35 <-- 186.591599 s
currentSize : 37 <-- 199.038620 s
currentSize : 38 <-- 199.038925 s
currentSize : 39 <-- 199.874710 s
currentSize : 41 <-- 199.987137 s
currentSize : 42 <-- 201.099930 s
currentSize : 45 <-- 201.441467 s
currentSize : 49 <-- 201.459503 s

maxsize : 49
nodes : 15528145.000000
filtered : 424562092.000000
CCGP filtered : 104128478.000000
CCGT filtered : 57197234.000000
time : 201.463242
