Parameters: GAD=1 vflib=1 dir=0 label=0 lowerbound=1 fileNameGp=../../cp2016-max-common-connected-subgraph-paper/datasets/graphsdb/mcs90/rand/r005/mcs90_r005_s30.A09 fileNameGt=../../cp2016-max-common-connected-subgraph-paper/datasets/graphsdb/mcs90/rand/r005/mcs90_r005_s30.B09
Reading graphs...
30 :  41
30 :  41
Initializing...
maxdom : 30
D->valSize : 900
Solving...
currentSize : 10 <-- 0.011364 s
currentSize : 11 <-- 0.011509 s
currentSize : 12 <-- 0.011696 s
currentSize : 13 <-- 0.011909 s
currentSize : 14 <-- 0.012061 s
currentSize : 15 <-- 0.012502 s
currentSize : 17 <-- 0.017487 s
currentSize : 18 <-- 0.017555 s
currentSize : 19 <-- 0.026582 s
currentSize : 20 <-- 0.026766 s
currentSize : 21 <-- 0.289104 s
currentSize : 22 <-- 0.305614 s
currentSize : 23 <-- 0.319608 s
currentSize : 24 <-- 0.327231 s
currentSize : 26 <-- 0.327296 s
currentSize : 27 <-- 0.327670 s

maxsize : 27
nodes : 34910.000000
filtered : 643124.000000
CCGP filtered : 778210.000000
CCGT filtered : 911871.000000
time : 0.340702
