Parameters: GAD=1 vflib=1 dir=0 label=0 lowerbound=1 fileNameGp=../../cp2016-max-common-connected-subgraph-paper/datasets/graphsdb/mcs90/rand/r02/mcs90_r02_s40.A01 fileNameGt=../../cp2016-max-common-connected-subgraph-paper/datasets/graphsdb/mcs90/rand/r02/mcs90_r02_s40.B01
Reading graphs...
40 :  287
40 :  283
Initializing...
maxdom : 40
D->valSize : 1600
Solving...
currentSize : 11 <-- 0.029582 s
currentSize : 12 <-- 0.029627 s
currentSize : 13 <-- 0.029741 s
currentSize : 14 <-- 0.147666 s
currentSize : 15 <-- 168.141479 s
currentSize : 16 <-- 179.101883 s
currentSize : 18 <-- 367.464722 s
currentSize : 19 <-- 405.993500 s
currentSize : 22 <-- 405.993713 s
currentSize : 23 <-- 571.310730 s
currentSize : 24 <-- 658.488464 s
currentSize : 36 <-- 658.490540 s

maxsize : 36
nodes : 46661783.000000
filtered : 703702766.000000
CCGP filtered : 249036.000000
CCGT filtered : 759514.000000
time : 658.597168
