Parameters: GAD=1 vflib=1 dir=0 label=0 lowerbound=1 fileNameGp=../../cp2016-max-common-connected-subgraph-paper/datasets/graphsdb/mcs90/bvg/b03m/mcs90_b03m_s50.A07 fileNameGt=../../cp2016-max-common-connected-subgraph-paper/datasets/graphsdb/mcs90/bvg/b03m/mcs90_b03m_s50.B07
Reading graphs...
50 :  74
50 :  74
Initializing...
maxdom : 50
D->valSize : 2500
Solving...
currentSize : 21 <-- 0.126850 s
currentSize : 26 <-- 0.127059 s
currentSize : 27 <-- 0.127094 s
currentSize : 29 <-- 0.129963 s
currentSize : 30 <-- 0.156743 s
currentSize : 31 <-- 0.158388 s
currentSize : 32 <-- 0.183465 s
currentSize : 33 <-- 0.954691 s
currentSize : 34 <-- 7.771271 s
currentSize : 35 <-- 247.349579 s
currentSize : 36 <-- 401.633118 s
currentSize : 37 <-- 402.938019 s
currentSize : 38 <-- 510.562317 s
currentSize : 39 <-- 510.566650 s
currentSize : 40 <-- 535.298950 s
currentSize : 41 <-- 865.749390 s
currentSize : 42 <-- 867.254395 s
currentSize : 43 <-- 867.310608 s
currentSize : 44 <-- 867.318359 s

maxsize : 44
nodes : 56268033.000000
filtered : 2084266325.000000
CCGP filtered : 2843102029.000000
CCGT filtered : 993899975.000000
time : 873.557007
