Parameters: GAD=1 vflib=1 dir=0 label=0 lowerbound=1 fileNameGp=../../cp2016-max-common-connected-subgraph-paper/datasets/graphsdb/mcs90/bvg/b06/mcs90_b06_s35.A03 fileNameGt=../../cp2016-max-common-connected-subgraph-paper/datasets/graphsdb/mcs90/bvg/b06/mcs90_b06_s35.B03
Reading graphs...
35 :  105
35 :  105
Initializing...
maxdom : 35
D->valSize : 1225
Solving...
currentSize : 17 <-- 0.018920 s
currentSize : 18 <-- 0.018987 s
currentSize : 19 <-- 0.019169 s
currentSize : 20 <-- 0.019634 s
currentSize : 21 <-- 0.035399 s
currentSize : 22 <-- 0.050280 s
currentSize : 23 <-- 0.517026 s
currentSize : 24 <-- 1.132213 s
currentSize : 25 <-- 3.061612 s
currentSize : 26 <-- 3.292213 s
currentSize : 29 <-- 3.422635 s
currentSize : 31 <-- 3.423724 s

maxsize : 31
nodes : 397422.000000
filtered : 8776306.000000
CCGP filtered : 647085.000000
CCGT filtered : 352969.000000
time : 3.657749
