Parameters: GAD=1 vflib=1 dir=0 label=0 lowerbound=1 fileNameGp=../../cp2016-max-common-connected-subgraph-paper/datasets/graphsdb/mcs90/rand/r005/mcs90_r005_s40.A07 fileNameGt=../../cp2016-max-common-connected-subgraph-paper/datasets/graphsdb/mcs90/rand/r005/mcs90_r005_s40.B07
Reading graphs...
40 :  73
40 :  72
Initializing...
maxdom : 40
D->valSize : 1600
Solving...
currentSize : 20 <-- 0.063548 s
currentSize : 21 <-- 0.104118 s
currentSize : 22 <-- 0.191625 s
currentSize : 23 <-- 1.201136 s
currentSize : 24 <-- 12.823557 s
currentSize : 25 <-- 12.859108 s
currentSize : 26 <-- 20.360409 s
currentSize : 27 <-- 67.426384 s
currentSize : 28 <-- 77.399002 s
currentSize : 29 <-- 140.776154 s
currentSize : 30 <-- 147.302597 s
currentSize : 31 <-- 161.297455 s
currentSize : 32 <-- 161.328720 s
currentSize : 34 <-- 161.703461 s
currentSize : 35 <-- 162.028641 s
currentSize : 36 <-- 162.028885 s

maxsize : 36
nodes : 13255761.000000
filtered : 414173303.000000
CCGP filtered : 193468916.000000
CCGT filtered : 125222381.000000
time : 162.147568
