Parameters: GAD=1 vflib=1 dir=0 label=0 lowerbound=1 fileNameGp=../../cp2016-max-common-connected-subgraph-paper/datasets/graphsdb/mcs90/rand/r005/mcs90_r005_s50.A07 fileNameGt=../../cp2016-max-common-connected-subgraph-paper/datasets/graphsdb/mcs90/rand/r005/mcs90_r005_s50.B07
Reading graphs...
50 :  119
50 :  119
Initializing...
maxdom : 50
D->valSize : 2500
Solving...
currentSize : 17 <-- 0.093429 s
currentSize : 20 <-- 0.093611 s
currentSize : 21 <-- 0.094272 s
currentSize : 22 <-- 0.094486 s
currentSize : 23 <-- 0.103644 s
currentSize : 24 <-- 0.104295 s
currentSize : 25 <-- 0.202876 s
currentSize : 26 <-- 0.494614 s
currentSize : 27 <-- 1.667778 s
currentSize : 28 <-- 26.290180 s
currentSize : 29 <-- 41.610672 s
currentSize : 30 <-- 571.116028 s

TIMEOUT
maxsize : 30
nodes : 69961964.000000
filtered : 1986442568.000000
CCGP filtered : 567275501.000000
CCGT filtered : 295173065.000000
time : 1000.000000
