Parameters: GAD=1 vflib=1 dir=0 label=0 lowerbound=1 fileNameGp=../../cp2016-max-common-connected-subgraph-paper/datasets/graphsdb/mcs90/m3D/m3Dr6/mcs90_m3Dr6_s30.A09 fileNameGt=../../cp2016-max-common-connected-subgraph-paper/datasets/graphsdb/mcs90/m3D/m3Dr6/mcs90_m3Dr6_s30.B09
Reading graphs...
30 :  76
30 :  76
Initializing...
maxdom : 30
D->valSize : 900
Solving...
currentSize : 11 <-- 0.018476 s
currentSize : 13 <-- 0.018564 s
currentSize : 14 <-- 0.019034 s
currentSize : 15 <-- 0.019281 s
currentSize : 16 <-- 0.019672 s
currentSize : 17 <-- 0.119904 s
currentSize : 18 <-- 1.534682 s
currentSize : 19 <-- 8.987926 s
currentSize : 20 <-- 48.504883 s
currentSize : 23 <-- 48.571663 s
currentSize : 27 <-- 49.486088 s

maxsize : 27
nodes : 6137778.000000
filtered : 111933881.000000
CCGP filtered : 3975407.000000
CCGT filtered : 2896574.000000
time : 49.519539
