Parameters: GAD=1 vflib=1 dir=0 label=0 lowerbound=1 fileNameGp=../../cp2016-max-common-connected-subgraph-paper/datasets/graphsdb/mcs90/bvg/b03m/mcs90_b03m_s25.A06 fileNameGt=../../cp2016-max-common-connected-subgraph-paper/datasets/graphsdb/mcs90/bvg/b03m/mcs90_b03m_s25.B06
Reading graphs...
25 :  36
25 :  36
Initializing...
maxdom : 25
D->valSize : 625
Solving...
currentSize : 7 <-- 0.005321 s
currentSize : 8 <-- 0.005460 s
currentSize : 11 <-- 0.005617 s
currentSize : 12 <-- 0.005739 s
currentSize : 13 <-- 0.005831 s
currentSize : 14 <-- 0.006070 s
currentSize : 15 <-- 0.007396 s
currentSize : 17 <-- 0.010448 s
currentSize : 18 <-- 0.026168 s
currentSize : 22 <-- 0.036422 s

maxsize : 22
nodes : 7862.000000
filtered : 176934.000000
CCGP filtered : 148455.000000
CCGT filtered : 29376.000000
time : 0.058919
