Parameters: GAD=1 vflib=1 dir=0 label=0 lowerbound=1 fileNameGp=../../cp2016-max-common-connected-subgraph-paper/datasets/graphsdb/mcs90/m3D/m3Dr6/mcs90_m3Dr6_s30.A08 fileNameGt=../../cp2016-max-common-connected-subgraph-paper/datasets/graphsdb/mcs90/m3D/m3Dr6/mcs90_m3Dr6_s30.B08
Reading graphs...
30 :  76
30 :  74
Initializing...
maxdom : 30
D->valSize : 900
Solving...
currentSize : 14 <-- 0.010744 s
currentSize : 15 <-- 0.010838 s
currentSize : 16 <-- 0.017427 s
currentSize : 17 <-- 0.017500 s
currentSize : 18 <-- 0.867835 s
currentSize : 19 <-- 0.972823 s
currentSize : 21 <-- 6.588510 s
currentSize : 24 <-- 6.626738 s
currentSize : 27 <-- 6.626870 s

maxsize : 27
nodes : 799114.000000
filtered : 16464857.000000
CCGP filtered : 827916.000000
CCGT filtered : 611659.000000
time : 6.648143
