Parameters: GAD=1 vflib=1 dir=0 label=0 lowerbound=1 fileNameGp=../../cp2016-max-common-connected-subgraph-paper/datasets/graphsdb/mcs90/bvg/b03m/mcs90_b03m_s40.A07 fileNameGt=../../cp2016-max-common-connected-subgraph-paper/datasets/graphsdb/mcs90/bvg/b03m/mcs90_b03m_s40.B07
Reading graphs...
40 :  60
40 :  60
Initializing...
maxdom : 40
D->valSize : 1600
Solving...
currentSize : 22 <-- 0.036506 s
currentSize : 23 <-- 0.036688 s
currentSize : 24 <-- 0.062629 s
currentSize : 26 <-- 0.147362 s
currentSize : 27 <-- 0.148546 s
currentSize : 28 <-- 36.016151 s
currentSize : 29 <-- 78.502930 s
currentSize : 30 <-- 90.242279 s
currentSize : 31 <-- 91.359856 s
currentSize : 32 <-- 91.518372 s
currentSize : 33 <-- 94.086517 s
currentSize : 35 <-- 103.169014 s
currentSize : 36 <-- 103.180000 s

maxsize : 36
nodes : 9361418.000000
filtered : 243395414.000000
CCGP filtered : 243437265.000000
CCGT filtered : 94574538.000000
time : 103.246284
