Parameters: GAD=1 vflib=1 dir=0 label=0 lowerbound=1 fileNameGp=../../cp2016-max-common-connected-subgraph-paper/datasets/graphsdb/mcs90/bvg/b06m/mcs90_b06m_s30.A05 fileNameGt=../../cp2016-max-common-connected-subgraph-paper/datasets/graphsdb/mcs90/bvg/b06m/mcs90_b06m_s30.B05
Reading graphs...
30 :  85
30 :  85
Initializing...
maxdom : 30
D->valSize : 900
Solving...
currentSize : 12 <-- 0.017911 s
currentSize : 14 <-- 0.018261 s
currentSize : 15 <-- 0.018884 s
currentSize : 16 <-- 0.053723 s
currentSize : 17 <-- 0.489157 s
currentSize : 18 <-- 1.745463 s
currentSize : 19 <-- 6.850443 s
currentSize : 21 <-- 7.009547 s
currentSize : 27 <-- 8.415116 s

maxsize : 27
nodes : 944408.000000
filtered : 21902328.000000
CCGP filtered : 1853317.000000
CCGT filtered : 1151126.000000
time : 8.435834
