Parameters: GAD=1 vflib=1 dir=0 label=0 lowerbound=1 fileNameGp=../../cp2016-max-common-connected-subgraph-paper/datasets/graphsdb/mcs90/bvg/b03m/mcs90_b03m_s40.A09 fileNameGt=../../cp2016-max-common-connected-subgraph-paper/datasets/graphsdb/mcs90/bvg/b03m/mcs90_b03m_s40.B09
Reading graphs...
40 :  59
40 :  59
Initializing...
maxdom : 40
D->valSize : 1600
Solving...
currentSize : 23 <-- 0.036687 s
currentSize : 24 <-- 0.046041 s
currentSize : 25 <-- 0.205669 s
currentSize : 26 <-- 0.205720 s
currentSize : 27 <-- 0.219695 s
currentSize : 28 <-- 3.953969 s
currentSize : 29 <-- 4.391143 s
currentSize : 30 <-- 16.810228 s
currentSize : 31 <-- 16.861080 s
currentSize : 32 <-- 53.430271 s
currentSize : 33 <-- 53.460693 s
currentSize : 36 <-- 53.910641 s

maxsize : 36
nodes : 4404664.000000
filtered : 141171712.000000
CCGP filtered : 119101540.000000
CCGT filtered : 62242653.000000
time : 54.232121
