Parameters: GAD=1 vflib=1 dir=0 label=0 lowerbound=1 fileNameGp=../../cp2016-max-common-connected-subgraph-paper/datasets/graphsdb/mcs90/m3D/m3Dr4/mcs90_m3Dr4_s30.A07 fileNameGt=../../cp2016-max-common-connected-subgraph-paper/datasets/graphsdb/mcs90/m3D/m3Dr4/mcs90_m3Dr4_s30.B07
Reading graphs...
30 :  73
30 :  72
Initializing...
maxdom : 30
D->valSize : 900
Solving...
currentSize : 15 <-- 0.010588 s
currentSize : 16 <-- 0.010652 s
currentSize : 17 <-- 0.010724 s
currentSize : 19 <-- 0.010792 s
currentSize : 20 <-- 0.430198 s
currentSize : 21 <-- 0.532904 s
currentSize : 22 <-- 0.533064 s
currentSize : 23 <-- 0.680748 s
currentSize : 27 <-- 0.689085 s

maxsize : 27
nodes : 92346.000000
filtered : 1621302.000000
CCGP filtered : 39322.000000
CCGT filtered : 16439.000000
time : 0.711523
