Parameters: GAD=1 vflib=1 dir=0 label=0 lowerbound=1 fileNameGp=../../cp2016-max-common-connected-subgraph-paper/datasets/graphsdb/mcs90/rand/r005/mcs90_r005_s35.A07 fileNameGt=../../cp2016-max-common-connected-subgraph-paper/datasets/graphsdb/mcs90/rand/r005/mcs90_r005_s35.B07
Reading graphs...
35 :  58
35 :  56
Initializing...
maxdom : 35
D->valSize : 1225
Solving...
currentSize : 18 <-- 0.020606 s
currentSize : 19 <-- 0.020801 s
currentSize : 20 <-- 0.020948 s
currentSize : 21 <-- 0.021379 s
currentSize : 22 <-- 0.021735 s
currentSize : 23 <-- 0.022216 s
currentSize : 24 <-- 0.130476 s
currentSize : 25 <-- 0.174621 s
currentSize : 26 <-- 0.201980 s
currentSize : 29 <-- 0.464663 s
currentSize : 31 <-- 0.464785 s

maxsize : 31
nodes : 60450.000000
filtered : 1803215.000000
CCGP filtered : 338154.000000
CCGT filtered : 297941.000000
time : 0.610824
