Parameters: GAD=1 vflib=1 dir=0 label=0 lowerbound=1 fileNameGp=../../cp2016-max-common-connected-subgraph-paper/datasets/graphsdb/mcs90/rand/r005/mcs90_r005_s50.A06 fileNameGt=../../cp2016-max-common-connected-subgraph-paper/datasets/graphsdb/mcs90/rand/r005/mcs90_r005_s50.B06
Reading graphs...
50 :  120
50 :  120
Initializing...
maxdom : 50
D->valSize : 2500
Solving...
currentSize : 21 <-- 0.122099 s
currentSize : 22 <-- 0.123907 s
currentSize : 23 <-- 0.125869 s
currentSize : 24 <-- 0.134081 s
currentSize : 25 <-- 0.163105 s
currentSize : 26 <-- 0.185087 s
currentSize : 27 <-- 0.244360 s
currentSize : 28 <-- 30.581654 s
currentSize : 29 <-- 116.837547 s
currentSize : 30 <-- 291.500427 s
currentSize : 31 <-- 516.760437 s

TIMEOUT
maxsize : 31
nodes : 69794358.000000
filtered : 2191658862.000000
CCGP filtered : 423556172.000000
CCGT filtered : 302645253.000000
time : 1000.000000
