Parameters: GAD=1 vflib=1 dir=0 label=0 lowerbound=1 fileNameGp=../../cp2016-max-common-connected-subgraph-paper/datasets/graphsdb/mcs90/bvg/b06m/mcs90_b06m_s50.A02 fileNameGt=../../cp2016-max-common-connected-subgraph-paper/datasets/graphsdb/mcs90/bvg/b06m/mcs90_b06m_s50.B02
Reading graphs...
50 :  149
50 :  149
Initializing...
maxdom : 50
D->valSize : 2500
Solving...
currentSize : 19 <-- 0.091275 s
currentSize : 20 <-- 0.091587 s
currentSize : 21 <-- 0.096316 s
currentSize : 22 <-- 0.121377 s
currentSize : 23 <-- 0.142570 s
currentSize : 24 <-- 0.220394 s
currentSize : 25 <-- 0.381892 s
currentSize : 26 <-- 1.816331 s
currentSize : 27 <-- 13.504999 s
currentSize : 28 <-- 187.541397 s

TIMEOUT
maxsize : 28
nodes : 63917792.000000
filtered : 2124071346.000000
CCGP filtered : 653171933.000000
CCGT filtered : 366007677.000000
time : 1000.000000
