Parameters: GAD=1 vflib=1 dir=0 label=0 lowerbound=1 fileNameGp=../../cp2016-max-common-connected-subgraph-paper/datasets/graphsdb/mcs90/rand/r01/mcs90_r01_s30.A08 fileNameGt=../../cp2016-max-common-connected-subgraph-paper/datasets/graphsdb/mcs90/rand/r01/mcs90_r01_s30.B08
Reading graphs...
30 :  81
30 :  80
Initializing...
maxdom : 30
D->valSize : 900
Solving...
currentSize : 14 <-- 0.010339 s
currentSize : 15 <-- 0.012070 s
currentSize : 16 <-- 0.024988 s
currentSize : 17 <-- 0.239896 s
currentSize : 18 <-- 3.856053 s
currentSize : 19 <-- 5.236008 s
currentSize : 20 <-- 6.494917 s
currentSize : 21 <-- 6.495237 s
currentSize : 27 <-- 10.748154 s

maxsize : 27
nodes : 1228572.000000
filtered : 29354809.000000
CCGP filtered : 1484165.000000
CCGT filtered : 1435086.000000
time : 10.758642
