Parameters: GAD=1 vflib=1 dir=0 label=0 lowerbound=1 fileNameGp=../../cp2016-max-common-connected-subgraph-paper/datasets/graphsdb/mcs90/bvg/b03m/mcs90_b03m_s35.A01 fileNameGt=../../cp2016-max-common-connected-subgraph-paper/datasets/graphsdb/mcs90/bvg/b03m/mcs90_b03m_s35.B01
Reading graphs...
35 :  50
35 :  50
Initializing...
maxdom : 35
D->valSize : 1225
Solving...
currentSize : 17 <-- 0.020813 s
currentSize : 20 <-- 0.020961 s
currentSize : 21 <-- 0.021600 s
currentSize : 23 <-- 0.022324 s
currentSize : 24 <-- 0.022557 s
currentSize : 25 <-- 0.022600 s
currentSize : 26 <-- 0.095413 s
currentSize : 27 <-- 11.028006 s
currentSize : 28 <-- 11.088291 s
currentSize : 29 <-- 11.091909 s
currentSize : 30 <-- 12.044230 s

maxsize : 30
nodes : 1085428.000000
filtered : 28813494.000000
CCGP filtered : 52227838.000000
CCGT filtered : 22283996.000000
time : 12.292213
