Parameters: GAD=1 vflib=1 dir=0 label=0 lowerbound=1 fileNameGp=../../cp2016-max-common-connected-subgraph-paper/datasets/graphsdb/mcs90/rand/r005/mcs90_r005_s35.A09 fileNameGt=../../cp2016-max-common-connected-subgraph-paper/datasets/graphsdb/mcs90/rand/r005/mcs90_r005_s35.B09
Reading graphs...
35 :  58
35 :  57
Initializing...
maxdom : 35
D->valSize : 1225
Solving...
currentSize : 14 <-- 0.020478 s
currentSize : 15 <-- 0.020597 s
currentSize : 17 <-- 0.020629 s
currentSize : 18 <-- 0.020761 s
currentSize : 19 <-- 0.023121 s
currentSize : 20 <-- 0.023208 s
currentSize : 21 <-- 0.032293 s
currentSize : 22 <-- 0.039248 s
currentSize : 23 <-- 0.077363 s
currentSize : 24 <-- 0.091402 s
currentSize : 25 <-- 1.435880 s
currentSize : 26 <-- 1.436089 s
currentSize : 29 <-- 1.436995 s
currentSize : 31 <-- 1.437181 s

maxsize : 31
nodes : 157389.000000
filtered : 4428586.000000
CCGP filtered : 1908388.000000
CCGT filtered : 929758.000000
time : 1.543748
