Parameters: GAD=1 vflib=1 dir=0 label=0 lowerbound=1 fileNameGp=../../cp2016-max-common-connected-subgraph-paper/datasets/graphsdb/mcs90/bvg/b06m/mcs90_b06m_s25.A01 fileNameGt=../../cp2016-max-common-connected-subgraph-paper/datasets/graphsdb/mcs90/bvg/b06m/mcs90_b06m_s25.B01
Reading graphs...
25 :  75
25 :  75
Initializing...
maxdom : 25
D->valSize : 625
Solving...
currentSize : 11 <-- 0.004760 s
currentSize : 12 <-- 0.004863 s
currentSize : 13 <-- 0.005331 s
currentSize : 14 <-- 0.310342 s
currentSize : 15 <-- 0.910956 s
currentSize : 17 <-- 2.409000 s
currentSize : 18 <-- 2.479635 s
currentSize : 19 <-- 2.810317 s
currentSize : 22 <-- 2.846404 s

maxsize : 22
nodes : 374679.000000
filtered : 6817931.000000
CCGP filtered : 296990.000000
CCGT filtered : 204166.000000
time : 2.849310
