Parameters: GAD=1 vflib=1 dir=0 label=0 lowerbound=1 fileNameGp=../../cp2016-max-common-connected-subgraph-paper/datasets/graphsdb/mcs90/m3D/m3Dr4/mcs90_m3Dr4_s30.A03 fileNameGt=../../cp2016-max-common-connected-subgraph-paper/datasets/graphsdb/mcs90/m3D/m3Dr4/mcs90_m3Dr4_s30.B03
Reading graphs...
30 :  72
30 :  69
Initializing...
maxdom : 30
D->valSize : 900
Solving...
currentSize : 13 <-- 0.018738 s
currentSize : 14 <-- 0.019192 s
currentSize : 15 <-- 0.019543 s
currentSize : 16 <-- 0.021765 s
currentSize : 17 <-- 0.025663 s
currentSize : 18 <-- 0.108027 s
currentSize : 19 <-- 3.920583 s
currentSize : 20 <-- 4.368571 s
currentSize : 21 <-- 5.724574 s
currentSize : 22 <-- 7.645014 s
currentSize : 23 <-- 7.659105 s
currentSize : 24 <-- 8.376120 s
currentSize : 27 <-- 8.663663 s

maxsize : 27
nodes : 1037090.000000
filtered : 21408034.000000
CCGP filtered : 739043.000000
CCGT filtered : 938929.000000
time : 8.703359
