Parameters: GAD=1 vflib=1 dir=0 label=0 lowerbound=1 fileNameGp=../../cp2016-max-common-connected-subgraph-paper/datasets/graphsdb/mcs90/m2D/m2D/mcs90_m2D_s40.A05 fileNameGt=../../cp2016-max-common-connected-subgraph-paper/datasets/graphsdb/mcs90/m2D/m2D/mcs90_m2D_s40.B05
Reading graphs...
40 :  67
40 :  67
Initializing...
maxdom : 40
D->valSize : 1600
Solving...
currentSize : 25 <-- 0.035893 s
currentSize : 26 <-- 0.035986 s
currentSize : 27 <-- 0.043359 s
currentSize : 28 <-- 0.257527 s
currentSize : 29 <-- 1.028227 s
currentSize : 30 <-- 1.097715 s
currentSize : 31 <-- 3.250549 s
currentSize : 32 <-- 3.256808 s
currentSize : 33 <-- 4.894075 s
currentSize : 34 <-- 7.367000 s
currentSize : 35 <-- 7.400995 s
currentSize : 37 <-- 7.401813 s

maxsize : 37
nodes : 677993.000000
filtered : 21646193.000000
CCGP filtered : 8371894.000000
CCGT filtered : 3549544.000000
time : 7.518079
