Parameters: GAD=1 vflib=1 dir=0 label=0 lowerbound=1 fileNameGp=../../cp2016-max-common-connected-subgraph-paper/datasets/graphsdb/mcs90/m3D/m3Dr4/mcs90_m3Dr4_s30.A04 fileNameGt=../../cp2016-max-common-connected-subgraph-paper/datasets/graphsdb/mcs90/m3D/m3Dr4/mcs90_m3Dr4_s30.B04
Reading graphs...
30 :  73
30 :  73
Initializing...
maxdom : 30
D->valSize : 900
Solving...
currentSize : 9 <-- 0.010405 s
currentSize : 10 <-- 0.010438 s
currentSize : 11 <-- 0.010489 s
currentSize : 13 <-- 0.010729 s
currentSize : 15 <-- 0.010868 s
currentSize : 16 <-- 0.013515 s
currentSize : 17 <-- 0.020616 s
currentSize : 18 <-- 0.556038 s
currentSize : 19 <-- 1.658372 s
currentSize : 20 <-- 6.127333 s
currentSize : 21 <-- 11.644711 s
currentSize : 22 <-- 11.683935 s
currentSize : 23 <-- 11.685122 s
currentSize : 25 <-- 11.776103 s
currentSize : 27 <-- 11.956521 s

maxsize : 27
nodes : 1495581.000000
filtered : 32330850.000000
CCGP filtered : 1454550.000000
CCGT filtered : 728897.000000
time : 11.961146
