Parameters: GAD=1 vflib=1 dir=0 label=0 lowerbound=1 fileNameGp=../../cp2016-max-common-connected-subgraph-paper/datasets/graphsdb/mcs90/rand/r01/mcs90_r01_s25.A01 fileNameGt=../../cp2016-max-common-connected-subgraph-paper/datasets/graphsdb/mcs90/rand/r01/mcs90_r01_s25.B01
Reading graphs...
25 :  58
25 :  57
Initializing...
maxdom : 25
D->valSize : 625
Solving...
currentSize : 11 <-- 0.004944 s
currentSize : 12 <-- 0.005040 s
currentSize : 13 <-- 0.005061 s
currentSize : 14 <-- 0.005277 s
currentSize : 15 <-- 0.019397 s
currentSize : 16 <-- 0.352217 s
currentSize : 18 <-- 1.186598 s
currentSize : 19 <-- 1.373849 s
currentSize : 22 <-- 1.374046 s

maxsize : 22
nodes : 195417.000000
filtered : 3468379.000000
CCGP filtered : 299834.000000
CCGT filtered : 251885.000000
time : 1.385336
