Parameters: GAD=1 vflib=1 dir=0 label=0 lowerbound=1 fileNameGp=../../cp2016-max-common-connected-subgraph-paper/datasets/graphsdb/mcs90/bvg/b03m/mcs90_b03m_s25.A09 fileNameGt=../../cp2016-max-common-connected-subgraph-paper/datasets/graphsdb/mcs90/bvg/b03m/mcs90_b03m_s25.B09
Reading graphs...
25 :  36
25 :  37
Initializing...
maxdom : 25
D->valSize : 625
Solving...
currentSize : 13 <-- 0.005284 s
currentSize : 14 <-- 0.005333 s
currentSize : 15 <-- 0.006210 s
currentSize : 16 <-- 0.006456 s
currentSize : 17 <-- 0.007123 s
currentSize : 18 <-- 0.009349 s
currentSize : 19 <-- 0.134513 s
currentSize : 20 <-- 0.175925 s
currentSize : 22 <-- 0.219366 s

maxsize : 22
nodes : 31258.000000
filtered : 607719.000000
CCGP filtered : 511053.000000
CCGT filtered : 172859.000000
time : 0.230480
