Parameters: GAD=1 vflib=1 dir=0 label=0 lowerbound=1 fileNameGp=../../cp2016-max-common-connected-subgraph-paper/datasets/graphsdb/mcs90/rand/r005/mcs90_r005_s35.A04 fileNameGt=../../cp2016-max-common-connected-subgraph-paper/datasets/graphsdb/mcs90/rand/r005/mcs90_r005_s35.B04
Reading graphs...
35 :  57
35 :  57
Initializing...
maxdom : 35
D->valSize : 1225
Solving...
currentSize : 15 <-- 0.020790 s
currentSize : 16 <-- 0.020939 s
currentSize : 17 <-- 0.024335 s
currentSize : 18 <-- 0.024444 s
currentSize : 19 <-- 0.030210 s
currentSize : 20 <-- 0.085817 s
currentSize : 21 <-- 0.086004 s
currentSize : 22 <-- 0.866119 s
currentSize : 23 <-- 8.680934 s
currentSize : 24 <-- 10.922063 s
currentSize : 25 <-- 13.491461 s
currentSize : 29 <-- 13.698749 s
currentSize : 30 <-- 13.835160 s
currentSize : 31 <-- 13.856689 s

maxsize : 31
nodes : 1422416.000000
filtered : 30720293.000000
CCGP filtered : 16418359.000000
CCGT filtered : 13437152.000000
time : 13.880629
