Parameters: GAD=1 vflib=1 dir=0 label=0 lowerbound=1 fileNameGp=../../cp2016-max-common-connected-subgraph-paper/datasets/graphsdb/mcs90/rand/r01/mcs90_r01_s35.A07 fileNameGt=../../cp2016-max-common-connected-subgraph-paper/datasets/graphsdb/mcs90/rand/r01/mcs90_r01_s35.B07
Reading graphs...
35 :  112
35 :  112
Initializing...
maxdom : 35
D->valSize : 1225
Solving...
currentSize : 14 <-- 0.018884 s
currentSize : 15 <-- 0.019175 s
currentSize : 16 <-- 0.019865 s
currentSize : 17 <-- 0.039085 s
currentSize : 18 <-- 0.643223 s
currentSize : 19 <-- 0.750168 s
currentSize : 20 <-- 79.898750 s
currentSize : 21 <-- 103.337273 s
currentSize : 23 <-- 182.171860 s
currentSize : 25 <-- 182.264542 s
currentSize : 26 <-- 182.268524 s
currentSize : 31 <-- 182.271347 s

maxsize : 31
nodes : 17371226.000000
filtered : 400145484.000000
CCGP filtered : 12441870.000000
CCGT filtered : 11022457.000000
time : 182.350784
