Parameters: GAD=1 vflib=1 dir=0 label=0 lowerbound=1 fileNameGp=../../cp2016-max-common-connected-subgraph-paper/datasets/graphsdb/mcs90/rand/r02/mcs90_r02_s30.A03 fileNameGt=../../cp2016-max-common-connected-subgraph-paper/datasets/graphsdb/mcs90/rand/r02/mcs90_r02_s30.B03
Reading graphs...
30 :  157
30 :  155
Initializing...
maxdom : 30
D->valSize : 900
Solving...
currentSize : 10 <-- 0.009581 s
currentSize : 11 <-- 0.010114 s
currentSize : 12 <-- 0.010388 s
currentSize : 13 <-- 0.088302 s
currentSize : 14 <-- 12.752834 s
currentSize : 15 <-- 19.583069 s
currentSize : 16 <-- 19.585428 s
currentSize : 17 <-- 19.585564 s
currentSize : 18 <-- 19.587288 s
currentSize : 19 <-- 20.617992 s
currentSize : 27 <-- 20.619583 s

maxsize : 27
nodes : 2232275.000000
filtered : 22602474.000000
CCGP filtered : 229243.000000
CCGT filtered : 250145.000000
time : 20.640120
