Parameters: GAD=1 vflib=1 dir=0 label=0 lowerbound=1 fileNameGp=../../cp2016-max-common-connected-subgraph-paper/datasets/graphsdb/mcs90/m3D/m3D/mcs90_m3D_s30.A08 fileNameGt=../../cp2016-max-common-connected-subgraph-paper/datasets/graphsdb/mcs90/m3D/m3D/mcs90_m3D_s30.B08
Reading graphs...
30 :  61
30 :  61
Initializing...
maxdom : 30
D->valSize : 900
Solving...
currentSize : 14 <-- 0.019641 s
currentSize : 16 <-- 0.019712 s
currentSize : 17 <-- 0.023099 s
currentSize : 18 <-- 0.025947 s
currentSize : 19 <-- 0.026107 s
currentSize : 20 <-- 0.071123 s
currentSize : 21 <-- 0.567412 s
currentSize : 22 <-- 0.581866 s
currentSize : 24 <-- 0.611650 s
currentSize : 25 <-- 0.611712 s
currentSize : 27 <-- 0.624676 s
currentSize : 28 <-- 0.625064 s

maxsize : 28
nodes : 78183.000000
filtered : 1456830.000000
CCGP filtered : 49642.000000
CCGT filtered : 45676.000000
time : 0.640347
