Parameters: GAD=1 vflib=1 dir=0 label=0 lowerbound=1 fileNameGp=../../cp2016-max-common-connected-subgraph-paper/datasets/graphsdb/mcs90/m2D/m2Dr4/mcs90_m2Dr4_s40.A01 fileNameGt=../../cp2016-max-common-connected-subgraph-paper/datasets/graphsdb/mcs90/m2D/m2Dr4/mcs90_m2Dr4_s40.B01
Reading graphs...
40 :  83
40 :  82
Initializing...
maxdom : 40
D->valSize : 1600
Solving...
currentSize : 18 <-- 0.035480 s
currentSize : 20 <-- 0.035554 s
currentSize : 21 <-- 0.036060 s
currentSize : 22 <-- 0.040412 s
currentSize : 23 <-- 0.126086 s
currentSize : 24 <-- 0.380181 s
currentSize : 25 <-- 0.473850 s
currentSize : 26 <-- 0.798543 s
currentSize : 27 <-- 1.398319 s
currentSize : 28 <-- 27.070980 s
currentSize : 29 <-- 27.073236 s
currentSize : 30 <-- 27.073301 s
currentSize : 31 <-- 29.263792 s
currentSize : 32 <-- 37.245647 s
currentSize : 33 <-- 61.525711 s
currentSize : 34 <-- 61.564960 s
currentSize : 36 <-- 61.565109 s

maxsize : 36
nodes : 5180506.000000
filtered : 216713628.000000
CCGP filtered : 28831621.000000
CCGT filtered : 6727342.000000
time : 61.672905
