Parameters: GAD=1 vflib=1 dir=0 label=0 lowerbound=1 fileNameGp=../../cp2016-max-common-connected-subgraph-paper/datasets/graphsdb/mcs90/m2D/m2Dr4/mcs90_m2Dr4_s30.A05 fileNameGt=../../cp2016-max-common-connected-subgraph-paper/datasets/graphsdb/mcs90/m2D/m2Dr4/mcs90_m2Dr4_s30.B05
Reading graphs...
30 :  60
30 :  59
Initializing...
maxdom : 30
D->valSize : 900
Solving...
currentSize : 13 <-- 0.010712 s
currentSize : 14 <-- 0.010857 s
currentSize : 15 <-- 0.011773 s
currentSize : 17 <-- 0.017925 s
currentSize : 18 <-- 0.040668 s
currentSize : 21 <-- 0.107971 s
currentSize : 22 <-- 0.330333 s
currentSize : 24 <-- 0.330370 s
currentSize : 25 <-- 1.141172 s

maxsize : 25
nodes : 123154.000000
filtered : 4640373.000000
CCGP filtered : 394444.000000
CCGT filtered : 237915.000000
time : 1.230043
