Parameters: GAD=1 vflib=1 dir=0 label=0 lowerbound=1 fileNameGp=../../cp2016-max-common-connected-subgraph-paper/datasets/graphsdb/mcs90/m2D/m2D/mcs90_m2D_s40.A09 fileNameGt=../../cp2016-max-common-connected-subgraph-paper/datasets/graphsdb/mcs90/m2D/m2D/mcs90_m2D_s40.B09
Reading graphs...
40 :  67
40 :  67
Initializing...
maxdom : 40
D->valSize : 1600
Solving...
currentSize : 23 <-- 0.036128 s
currentSize : 24 <-- 0.036284 s
currentSize : 25 <-- 0.037563 s
currentSize : 26 <-- 0.037707 s
currentSize : 27 <-- 0.040502 s
currentSize : 28 <-- 0.044531 s
currentSize : 29 <-- 0.044648 s
currentSize : 31 <-- 2.296519 s
currentSize : 32 <-- 17.709278 s
currentSize : 33 <-- 20.153200 s
currentSize : 36 <-- 20.155100 s

maxsize : 36
nodes : 1946012.000000
filtered : 63249464.000000
CCGP filtered : 23159812.000000
CCGT filtered : 6181221.000000
time : 20.922647
