Parameters: GAD=1 vflib=1 dir=0 label=0 lowerbound=1 fileNameGp=../../cp2016-max-common-connected-subgraph-paper/datasets/graphsdb/mcs90/bvg/b03m/mcs90_b03m_s30.A09 fileNameGt=../../cp2016-max-common-connected-subgraph-paper/datasets/graphsdb/mcs90/bvg/b03m/mcs90_b03m_s30.B09
Reading graphs...
30 :  45
30 :  45
Initializing...
maxdom : 30
D->valSize : 900
Solving...
currentSize : 17 <-- 0.019652 s
currentSize : 18 <-- 0.019860 s
currentSize : 19 <-- 0.019951 s
currentSize : 20 <-- 0.020570 s
currentSize : 21 <-- 0.020714 s
currentSize : 22 <-- 0.061141 s
currentSize : 23 <-- 0.071035 s
currentSize : 24 <-- 0.101575 s
currentSize : 26 <-- 0.310801 s
currentSize : 28 <-- 0.314783 s

maxsize : 28
nodes : 35674.000000
filtered : 909630.000000
CCGP filtered : 366314.000000
CCGT filtered : 133609.000000
time : 0.326163
