Parameters: GAD=1 vflib=1 dir=0 label=0 lowerbound=1 fileNameGp=../../cp2016-max-common-connected-subgraph-paper/datasets/graphsdb/mcs90/m3D/m3Dr6/mcs90_m3Dr6_s30.A02 fileNameGt=../../cp2016-max-common-connected-subgraph-paper/datasets/graphsdb/mcs90/m3D/m3Dr6/mcs90_m3Dr6_s30.B02
Reading graphs...
30 :  76
30 :  75
Initializing...
maxdom : 30
D->valSize : 900
Solving...
currentSize : 12 <-- 0.010549 s
currentSize : 13 <-- 0.010651 s
currentSize : 14 <-- 0.010753 s
currentSize : 15 <-- 0.011991 s
currentSize : 16 <-- 0.013860 s
currentSize : 17 <-- 0.141668 s
currentSize : 18 <-- 0.659580 s
currentSize : 19 <-- 9.580036 s
currentSize : 20 <-- 19.951275 s
currentSize : 21 <-- 20.373854 s
currentSize : 22 <-- 20.391409 s
currentSize : 27 <-- 20.463379 s

maxsize : 27
nodes : 2470218.000000
filtered : 47300541.000000
CCGP filtered : 2307695.000000
CCGT filtered : 2510842.000000
time : 20.516851
