Parameters: GAD=1 vflib=1 dir=0 label=0 lowerbound=1 fileNameGp=../../cp2016-max-common-connected-subgraph-paper/datasets/graphsdb/mcs90/bvg/b06/mcs90_b06_s50.A02 fileNameGt=../../cp2016-max-common-connected-subgraph-paper/datasets/graphsdb/mcs90/bvg/b06/mcs90_b06_s50.B02
Reading graphs...
50 :  150
50 :  150
Initializing...
maxdom : 50
D->valSize : 2500
Solving...
currentSize : 27 <-- 0.090181 s
currentSize : 28 <-- 0.091010 s
currentSize : 29 <-- 0.115125 s
currentSize : 30 <-- 0.146591 s
currentSize : 31 <-- 0.146840 s
currentSize : 32 <-- 0.166774 s
currentSize : 33 <-- 0.255195 s
currentSize : 36 <-- 0.267328 s
currentSize : 37 <-- 0.270306 s
currentSize : 38 <-- 0.278895 s
currentSize : 39 <-- 0.280840 s
currentSize : 40 <-- 0.284294 s
currentSize : 41 <-- 0.289832 s
currentSize : 42 <-- 0.290216 s
currentSize : 43 <-- 0.290773 s
currentSize : 45 <-- 0.298263 s
currentSize : 46 <-- 0.606577 s

maxsize : 46
nodes : 69385.000000
filtered : 3994414.000000
CCGP filtered : 48067.000000
CCGT filtered : 30159.000000
time : 1.219855
