Parameters: GAD=1 vflib=1 dir=0 label=0 lowerbound=1 fileNameGp=../../cp2016-max-common-connected-subgraph-paper/datasets/graphsdb/mcs90/bvg/b06m/mcs90_b06m_s35.A07 fileNameGt=../../cp2016-max-common-connected-subgraph-paper/datasets/graphsdb/mcs90/bvg/b06m/mcs90_b06m_s35.B07
Reading graphs...
35 :  103
35 :  103
Initializing...
maxdom : 35
D->valSize : 1225
Solving...
currentSize : 14 <-- 0.019345 s
currentSize : 15 <-- 0.019402 s
currentSize : 16 <-- 0.021876 s
currentSize : 17 <-- 0.022866 s
currentSize : 18 <-- 0.025185 s
currentSize : 19 <-- 0.100140 s
currentSize : 20 <-- 0.181021 s
currentSize : 21 <-- 0.284463 s
currentSize : 23 <-- 0.285309 s
currentSize : 24 <-- 0.350783 s
currentSize : 25 <-- 0.382358 s
currentSize : 28 <-- 0.415392 s
currentSize : 31 <-- 0.417575 s

maxsize : 31
nodes : 44433.000000
filtered : 1110044.000000
CCGP filtered : 19168.000000
CCGT filtered : 18932.000000
time : 0.480376
