Parameters: GAD=1 vflib=1 dir=0 label=0 lowerbound=1 fileNameGp=../../cp2016-max-common-connected-subgraph-paper/datasets/graphsdb/mcs90/m3D/m3Dr6/mcs90_m3Dr6_s30.A04 fileNameGt=../../cp2016-max-common-connected-subgraph-paper/datasets/graphsdb/mcs90/m3D/m3Dr6/mcs90_m3Dr6_s30.B04
Reading graphs...
30 :  77
30 :  74
Initializing...
maxdom : 30
D->valSize : 900
Solving...
currentSize : 13 <-- 0.010391 s
currentSize : 14 <-- 0.010534 s
currentSize : 15 <-- 0.010731 s
currentSize : 16 <-- 0.014149 s
currentSize : 17 <-- 0.037663 s
currentSize : 18 <-- 0.162692 s
currentSize : 19 <-- 3.216809 s
currentSize : 20 <-- 8.204625 s
currentSize : 22 <-- 9.640886 s
currentSize : 24 <-- 10.019991 s
currentSize : 25 <-- 10.078522 s
currentSize : 26 <-- 10.119039 s
currentSize : 27 <-- 10.155957 s

maxsize : 27
nodes : 1293227.000000
filtered : 25090435.000000
CCGP filtered : 953534.000000
CCGT filtered : 481819.000000
time : 10.163305
