Parameters: GAD=1 vflib=1 dir=0 label=0 lowerbound=1 fileNameGp=../../cp2016-max-common-connected-subgraph-paper/datasets/graphsdb/mcs90/rand/r005/mcs90_r005_s35.A05 fileNameGt=../../cp2016-max-common-connected-subgraph-paper/datasets/graphsdb/mcs90/rand/r005/mcs90_r005_s35.B05
Reading graphs...
35 :  57
35 :  57
Initializing...
maxdom : 35
D->valSize : 1225
Solving...
currentSize : 16 <-- 0.020800 s
currentSize : 17 <-- 0.020861 s
currentSize : 18 <-- 0.020885 s
currentSize : 19 <-- 0.020972 s
currentSize : 22 <-- 0.026219 s
currentSize : 23 <-- 0.732234 s
currentSize : 24 <-- 4.190818 s
currentSize : 25 <-- 4.190989 s
currentSize : 26 <-- 4.232793 s
currentSize : 27 <-- 5.210820 s
currentSize : 28 <-- 5.212657 s
currentSize : 30 <-- 5.212886 s
currentSize : 31 <-- 5.235530 s

maxsize : 31
nodes : 530932.000000
filtered : 12383417.000000
CCGP filtered : 5448993.000000
CCGT filtered : 6267192.000000
time : 5.340095
