Parameters: GAD=1 vflib=1 dir=0 label=0 lowerbound=1 fileNameGp=../../cp2016-max-common-connected-subgraph-paper/datasets/graphsdb/mcs90/rand/r005/mcs90_r005_s30.A05 fileNameGt=../../cp2016-max-common-connected-subgraph-paper/datasets/graphsdb/mcs90/rand/r005/mcs90_r005_s30.B05
Reading graphs...
30 :  42
30 :  42
Initializing...
maxdom : 30
D->valSize : 900
Solving...
currentSize : 14 <-- 0.019763 s
currentSize : 17 <-- 0.019886 s
currentSize : 18 <-- 0.020872 s
currentSize : 19 <-- 0.022962 s
currentSize : 20 <-- 0.051523 s
currentSize : 21 <-- 0.089057 s
currentSize : 22 <-- 0.372817 s
currentSize : 23 <-- 1.040235 s
currentSize : 24 <-- 1.041167 s
currentSize : 25 <-- 1.041202 s
currentSize : 26 <-- 1.041325 s
currentSize : 27 <-- 1.043209 s

maxsize : 27
nodes : 128882.000000
filtered : 2593100.000000
CCGP filtered : 1217427.000000
CCGT filtered : 792645.000000
time : 1.072643
