Parameters: GAD=1 vflib=1 dir=0 label=0 lowerbound=1 fileNameGp=../../cp2016-max-common-connected-subgraph-paper/datasets/graphsdb/mcs90/m2D/m2D/mcs90_m2D_s40.A00 fileNameGt=../../cp2016-max-common-connected-subgraph-paper/datasets/graphsdb/mcs90/m2D/m2D/mcs90_m2D_s40.B00
Reading graphs...
40 :  67
40 :  67
Initializing...
maxdom : 40
D->valSize : 1600
Solving...
currentSize : 22 <-- 0.036194 s
currentSize : 23 <-- 0.036310 s
currentSize : 25 <-- 0.036421 s
currentSize : 26 <-- 0.036464 s
currentSize : 27 <-- 0.042850 s
currentSize : 28 <-- 0.045527 s
currentSize : 29 <-- 1.445508 s
currentSize : 30 <-- 2.746204 s
currentSize : 31 <-- 5.280754 s
currentSize : 32 <-- 18.302193 s
currentSize : 33 <-- 18.419399 s
currentSize : 35 <-- 28.738934 s
currentSize : 36 <-- 28.739136 s

maxsize : 36
nodes : 2640264.000000
filtered : 91433659.000000
CCGP filtered : 37175616.000000
CCGT filtered : 7614494.000000
time : 29.282583
