Parameters: GAD=1 vflib=1 dir=0 label=0 lowerbound=1 fileNameGp=../../cp2016-max-common-connected-subgraph-paper/datasets/graphsdb/mcs90/bvg/b06m/mcs90_b06m_s40.A09 fileNameGt=../../cp2016-max-common-connected-subgraph-paper/datasets/graphsdb/mcs90/bvg/b06m/mcs90_b06m_s40.B09
Reading graphs...
40 :  119
40 :  119
Initializing...
maxdom : 40
D->valSize : 1600
Solving...
currentSize : 19 <-- 0.033955 s
currentSize : 20 <-- 0.034199 s
currentSize : 21 <-- 0.057007 s
currentSize : 22 <-- 0.071121 s
currentSize : 23 <-- 2.463725 s
currentSize : 24 <-- 2.654402 s
currentSize : 25 <-- 273.342377 s
currentSize : 26 <-- 273.485535 s
currentSize : 27 <-- 275.030029 s
currentSize : 28 <-- 484.104065 s
currentSize : 30 <-- 484.223389 s
currentSize : 36 <-- 484.307129 s

maxsize : 36
nodes : 38650243.000000
filtered : 1554059579.000000
CCGP filtered : 129483034.000000
CCGT filtered : 68474386.000000
time : 484.446869
