Parameters: GAD=1 vflib=1 dir=0 label=0 lowerbound=1 fileNameGp=../../cp2016-max-common-connected-subgraph-paper/datasets/graphsdb/mcs90/bvg/b06m/mcs90_b06m_s20.A07 fileNameGt=../../cp2016-max-common-connected-subgraph-paper/datasets/graphsdb/mcs90/bvg/b06m/mcs90_b06m_s20.B07
Reading graphs...
20 :  55
20 :  54
Initializing...
maxdom : 20
D->valSize : 400
Solving...
currentSize : 9 <-- 0.002066 s
currentSize : 10 <-- 0.002206 s
currentSize : 11 <-- 0.002596 s
currentSize : 12 <-- 0.003319 s
currentSize : 13 <-- 0.008241 s
currentSize : 14 <-- 0.100827 s
currentSize : 15 <-- 0.124138 s
currentSize : 17 <-- 0.125090 s
currentSize : 18 <-- 0.125187 s

maxsize : 18
nodes : 21006.000000
filtered : 307046.000000
CCGP filtered : 9149.000000
CCGT filtered : 2522.000000
time : 0.128074
