Parameters: GAD=1 vflib=1 dir=0 label=0 lowerbound=1 fileNameGp=../../cp2016-max-common-connected-subgraph-paper/datasets/graphsdb/mcs90/m2D/m2Dr4/mcs90_m2Dr4_s40.A07 fileNameGt=../../cp2016-max-common-connected-subgraph-paper/datasets/graphsdb/mcs90/m2D/m2Dr4/mcs90_m2Dr4_s40.B07
Reading graphs...
40 :  81
40 :  81
Initializing...
maxdom : 40
D->valSize : 1600
Solving...
currentSize : 20 <-- 0.035524 s
currentSize : 21 <-- 0.041464 s
currentSize : 22 <-- 0.053971 s
currentSize : 23 <-- 0.061099 s
currentSize : 24 <-- 0.073221 s
currentSize : 25 <-- 0.076904 s
currentSize : 26 <-- 0.306494 s
currentSize : 27 <-- 2.268430 s
currentSize : 28 <-- 2.306773 s
currentSize : 29 <-- 6.308752 s
currentSize : 30 <-- 6.308835 s
currentSize : 31 <-- 29.051701 s
currentSize : 32 <-- 34.314045 s
currentSize : 33 <-- 48.406918 s
currentSize : 36 <-- 48.519268 s

maxsize : 36
nodes : 3781696.000000
filtered : 177270483.000000
CCGP filtered : 12124619.000000
CCGT filtered : 9438886.000000
time : 48.730598
