Parameters: GAD=1 vflib=1 dir=0 label=0 lowerbound=1 fileNameGp=../../cp2016-max-common-connected-subgraph-paper/datasets/graphsdb/mcs90/bvg/b06/mcs90_b06_s35.A06 fileNameGt=../../cp2016-max-common-connected-subgraph-paper/datasets/graphsdb/mcs90/bvg/b06/mcs90_b06_s35.B06
Reading graphs...
35 :  104
35 :  105
Initializing...
maxdom : 35
D->valSize : 1225
Solving...
currentSize : 18 <-- 0.019091 s
currentSize : 19 <-- 0.019577 s
currentSize : 20 <-- 0.019681 s
currentSize : 22 <-- 0.024507 s
currentSize : 23 <-- 0.025740 s
currentSize : 25 <-- 0.026517 s
currentSize : 26 <-- 0.032598 s
currentSize : 27 <-- 0.032944 s
currentSize : 29 <-- 0.042939 s
currentSize : 31 <-- 0.043034 s
currentSize : 32 <-- 0.053215 s

maxsize : 32
nodes : 10935.000000
filtered : 473529.000000
CCGP filtered : 10695.000000
CCGT filtered : 811.000000
time : 0.137964
