Parameters: GAD=1 vflib=1 dir=0 label=0 lowerbound=1 fileNameGp=../../cp2016-max-common-connected-subgraph-paper/datasets/graphsdb/mcs90/bvg/b06m/mcs90_b06m_s50.A00 fileNameGt=../../cp2016-max-common-connected-subgraph-paper/datasets/graphsdb/mcs90/bvg/b06m/mcs90_b06m_s50.B00
Reading graphs...
50 :  148
50 :  148
Initializing...
maxdom : 50
D->valSize : 2500
Solving...
currentSize : 20 <-- 0.091279 s
currentSize : 21 <-- 0.091991 s
currentSize : 22 <-- 0.093402 s
currentSize : 23 <-- 0.099135 s
currentSize : 24 <-- 0.106558 s
currentSize : 25 <-- 0.153460 s
currentSize : 26 <-- 4.463748 s
currentSize : 27 <-- 52.227886 s
currentSize : 28 <-- 806.968079 s
currentSize : 29 <-- 852.228821 s

TIMEOUT
maxsize : 29
nodes : 72892217.000000
filtered : 1641590358.000000
CCGP filtered : 355855255.000000
CCGT filtered : 210527729.000000
time : 1000.000000
