Parameters: GAD=1 vflib=1 dir=0 label=0 lowerbound=1 fileNameGp=../../cp2016-max-common-connected-subgraph-paper/datasets/graphsdb/mcs90/bvg/b09/mcs90_b09_s50.A06 fileNameGt=../../cp2016-max-common-connected-subgraph-paper/datasets/graphsdb/mcs90/bvg/b09/mcs90_b09_s50.B06
Reading graphs...
50 :  224
50 :  224
Initializing...
maxdom : 50
D->valSize : 2500
Solving...
currentSize : 15 <-- 0.085528 s
currentSize : 16 <-- 0.086026 s
currentSize : 17 <-- 0.087199 s
currentSize : 18 <-- 0.092460 s
currentSize : 19 <-- 0.092693 s
currentSize : 20 <-- 0.108855 s
currentSize : 21 <-- 0.280119 s
currentSize : 23 <-- 0.377550 s
currentSize : 24 <-- 0.607926 s
currentSize : 25 <-- 9.905609 s
currentSize : 26 <-- 11.328540 s
currentSize : 27 <-- 28.640444 s
currentSize : 28 <-- 34.900055 s
currentSize : 29 <-- 202.424820 s
currentSize : 30 <-- 402.783417 s

TIMEOUT
maxsize : 30
nodes : 63326245.000000
filtered : 2312950047.000000
CCGP filtered : 9388723.000000
CCGT filtered : 6237231.000000
time : 1000.000000
