Parameters: GAD=1 vflib=1 dir=0 label=0 lowerbound=1 fileNameGp=../../cp2016-max-common-connected-subgraph-paper/datasets/graphsdb/mcs90/bvg/b09m/mcs90_b09m_s30.A06 fileNameGt=../../cp2016-max-common-connected-subgraph-paper/datasets/graphsdb/mcs90/bvg/b09m/mcs90_b09m_s30.B06
Reading graphs...
30 :  128
30 :  127
Initializing...
maxdom : 30
D->valSize : 900
Solving...
currentSize : 11 <-- 0.009850 s
currentSize : 12 <-- 0.011000 s
currentSize : 13 <-- 0.014323 s
currentSize : 14 <-- 0.054895 s
currentSize : 15 <-- 0.083817 s
currentSize : 16 <-- 5.903973 s
currentSize : 17 <-- 5.932769 s
currentSize : 19 <-- 12.216564 s
currentSize : 20 <-- 21.124096 s
currentSize : 21 <-- 21.719349 s
currentSize : 26 <-- 23.128704 s

maxsize : 26
nodes : 2298291.000000
filtered : 59081379.000000
CCGP filtered : 340867.000000
CCGT filtered : 347463.000000
time : 23.141253
