Parameters: GAD=1 vflib=1 dir=0 label=0 lowerbound=1 fileNameGp=../../cp2016-max-common-connected-subgraph-paper/datasets/graphsdb/mcs90/bvg/b06m/mcs90_b06m_s30.A00 fileNameGt=../../cp2016-max-common-connected-subgraph-paper/datasets/graphsdb/mcs90/bvg/b06m/mcs90_b06m_s30.B00
Reading graphs...
30 :  85
30 :  87
Initializing...
maxdom : 30
D->valSize : 900
Solving...
currentSize : 14 <-- 0.017785 s
currentSize : 15 <-- 0.018492 s
currentSize : 16 <-- 0.113006 s
currentSize : 17 <-- 0.330923 s
currentSize : 18 <-- 0.551347 s
currentSize : 20 <-- 3.755220 s
currentSize : 21 <-- 3.969699 s
currentSize : 23 <-- 4.463837 s
currentSize : 24 <-- 4.463972 s
currentSize : 27 <-- 4.465518 s

maxsize : 27
nodes : 507711.000000
filtered : 12505138.000000
CCGP filtered : 2111356.000000
CCGT filtered : 644680.000000
time : 4.487261
