Parameters: GAD=1 vflib=1 dir=0 label=0 lowerbound=1 fileNameGp=../../cp2016-max-common-connected-subgraph-paper/datasets/graphsdb/mcs90/rand/r005/mcs90_r005_s40.A05 fileNameGt=../../cp2016-max-common-connected-subgraph-paper/datasets/graphsdb/mcs90/rand/r005/mcs90_r005_s40.B05
Reading graphs...
40 :  77
40 :  77
Initializing...
maxdom : 40
D->valSize : 1600
Solving...
currentSize : 18 <-- 0.057654 s
currentSize : 19 <-- 0.060744 s
currentSize : 21 <-- 0.067520 s
currentSize : 22 <-- 0.114681 s
currentSize : 23 <-- 0.191397 s
currentSize : 24 <-- 0.676498 s
currentSize : 25 <-- 9.277414 s
currentSize : 26 <-- 28.517506 s
currentSize : 27 <-- 34.250340 s
currentSize : 28 <-- 36.920033 s
currentSize : 29 <-- 50.726517 s
currentSize : 30 <-- 50.726562 s
currentSize : 34 <-- 50.759396 s
currentSize : 36 <-- 51.028831 s

maxsize : 36
nodes : 4472590.000000
filtered : 127292458.000000
CCGP filtered : 42742654.000000
CCGT filtered : 38698739.000000
time : 51.184799
