Parameters: GAD=1 vflib=1 dir=0 label=0 lowerbound=1 fileNameGp=../../cp2016-max-common-connected-subgraph-paper/datasets/graphsdb/mcs90/rand/r01/mcs90_r01_s35.A03 fileNameGt=../../cp2016-max-common-connected-subgraph-paper/datasets/graphsdb/mcs90/rand/r01/mcs90_r01_s35.B03
Reading graphs...
35 :  115
35 :  114
Initializing...
maxdom : 35
D->valSize : 1225
Solving...
currentSize : 15 <-- 0.032302 s
currentSize : 16 <-- 0.033199 s
currentSize : 17 <-- 0.640995 s
currentSize : 18 <-- 1.367927 s
currentSize : 20 <-- 19.541624 s
currentSize : 21 <-- 19.551497 s
currentSize : 23 <-- 52.833172 s
currentSize : 24 <-- 52.867554 s
currentSize : 25 <-- 52.943096 s
currentSize : 31 <-- 52.943607 s

maxsize : 31
nodes : 5311855.000000
filtered : 109733569.000000
CCGP filtered : 2379445.000000
CCGT filtered : 2095353.000000
time : 53.003864
