Parameters: GAD=1 vflib=1 dir=0 label=0 lowerbound=1 fileNameGp=../../cp2016-max-common-connected-subgraph-paper/datasets/graphsdb/mcs90/bvg/b06m/mcs90_b06m_s35.A00 fileNameGt=../../cp2016-max-common-connected-subgraph-paper/datasets/graphsdb/mcs90/bvg/b06m/mcs90_b06m_s35.B00
Reading graphs...
35 :  100
35 :  99
Initializing...
maxdom : 35
D->valSize : 1225
Solving...
currentSize : 15 <-- 0.034828 s
currentSize : 16 <-- 0.035420 s
currentSize : 17 <-- 0.036169 s
currentSize : 18 <-- 0.041585 s
currentSize : 19 <-- 0.068385 s
currentSize : 20 <-- 0.099235 s
currentSize : 21 <-- 0.175792 s
currentSize : 22 <-- 20.325739 s
currentSize : 23 <-- 21.360760 s
currentSize : 24 <-- 21.366913 s
currentSize : 25 <-- 21.407969 s
currentSize : 26 <-- 21.437876 s
currentSize : 27 <-- 21.857134 s
currentSize : 31 <-- 21.857588 s

maxsize : 31
nodes : 2115250.000000
filtered : 56247261.000000
CCGP filtered : 10632749.000000
CCGT filtered : 10186485.000000
time : 21.967239
