Parameters: GAD=1 vflib=1 dir=0 label=0 lowerbound=1 fileNameGp=../../cp2016-max-common-connected-subgraph-paper/datasets/graphsdb/mcs90/rand/r02/mcs90_r02_s40.A09 fileNameGt=../../cp2016-max-common-connected-subgraph-paper/datasets/graphsdb/mcs90/rand/r02/mcs90_r02_s40.B09
Reading graphs...
40 :  285
40 :  285
Initializing...
maxdom : 40
D->valSize : 1600
Solving...
currentSize : 11 <-- 0.029444 s
currentSize : 12 <-- 0.029605 s
currentSize : 13 <-- 0.034088 s
currentSize : 14 <-- 0.046240 s
currentSize : 15 <-- 4.165926 s
currentSize : 16 <-- 51.098499 s
currentSize : 19 <-- 118.833534 s
currentSize : 20 <-- 204.910339 s
currentSize : 25 <-- 228.389191 s
currentSize : 36 <-- 290.246552 s

maxsize : 36
nodes : 20522237.000000
filtered : 403131671.000000
CCGP filtered : 133326.000000
CCGT filtered : 302083.000000
time : 290.364746
