Parameters: GAD=1 vflib=1 dir=0 label=0 lowerbound=1 fileNameGp=../../cp2016-max-common-connected-subgraph-paper/datasets/graphsdb/mcs90/m2D/m2D/mcs90_m2D_s40.A02 fileNameGt=../../cp2016-max-common-connected-subgraph-paper/datasets/graphsdb/mcs90/m2D/m2D/mcs90_m2D_s40.B02
Reading graphs...
40 :  67
40 :  67
Initializing...
maxdom : 40
D->valSize : 1600
Solving...
currentSize : 25 <-- 0.036172 s
currentSize : 26 <-- 0.036675 s
currentSize : 27 <-- 0.037357 s
currentSize : 28 <-- 0.070873 s
currentSize : 29 <-- 1.752801 s
currentSize : 30 <-- 2.794367 s
currentSize : 31 <-- 17.022192 s
currentSize : 32 <-- 18.080437 s
currentSize : 33 <-- 20.302078 s
currentSize : 34 <-- 20.302471 s
currentSize : 36 <-- 20.306536 s

maxsize : 36
nodes : 1833969.000000
filtered : 58333792.000000
CCGP filtered : 32100839.000000
CCGT filtered : 10510336.000000
time : 20.735567
