Parameters: GAD=1 vflib=1 dir=0 label=0 lowerbound=1 fileNameGp=../../cp2016-max-common-connected-subgraph-paper/datasets/graphsdb/mcs90/rand/r02/mcs90_r02_s30.A00 fileNameGt=../../cp2016-max-common-connected-subgraph-paper/datasets/graphsdb/mcs90/rand/r02/mcs90_r02_s30.B00
Reading graphs...
30 :  159
30 :  158
Initializing...
maxdom : 30
D->valSize : 900
Solving...
currentSize : 10 <-- 0.016350 s
currentSize : 11 <-- 0.016399 s
currentSize : 12 <-- 0.017046 s
currentSize : 13 <-- 0.052784 s
currentSize : 14 <-- 1.453041 s
currentSize : 16 <-- 4.169485 s
currentSize : 18 <-- 4.169611 s
currentSize : 20 <-- 4.226462 s
currentSize : 27 <-- 6.055700 s

maxsize : 27
nodes : 610854.000000
filtered : 9899906.000000
CCGP filtered : 9265.000000
CCGT filtered : 23663.000000
time : 6.077696
