Parameters: GAD=1 vflib=1 dir=0 label=0 lowerbound=1 fileNameGp=../../cp2016-max-common-connected-subgraph-paper/datasets/graphsdb/mcs90/m2D/m2Dr6/mcs90_m2Dr6_s30.A09 fileNameGt=../../cp2016-max-common-connected-subgraph-paper/datasets/graphsdb/mcs90/m2D/m2Dr6/mcs90_m2Dr6_s30.B09
Reading graphs...
30 :  67
30 :  66
Initializing...
maxdom : 30
D->valSize : 900
Solving...
currentSize : 13 <-- 0.010594 s
currentSize : 14 <-- 0.010816 s
currentSize : 15 <-- 0.011445 s
currentSize : 16 <-- 0.013170 s
currentSize : 17 <-- 0.017523 s
currentSize : 18 <-- 0.018127 s
currentSize : 19 <-- 0.619184 s
currentSize : 20 <-- 1.677248 s
currentSize : 21 <-- 8.060555 s
currentSize : 22 <-- 16.242722 s
currentSize : 23 <-- 16.242769 s
currentSize : 24 <-- 16.268637 s
currentSize : 25 <-- 16.270088 s

maxsize : 25
nodes : 1823030.000000
filtered : 54115124.000000
CCGP filtered : 6196530.000000
CCGT filtered : 4465289.000000
time : 16.511688
