Parameters: GAD=1 vflib=1 dir=0 label=0 lowerbound=1 fileNameGp=../../cp2016-max-common-connected-subgraph-paper/datasets/graphsdb/mcs90/bvg/b03m/mcs90_b03m_s40.A05 fileNameGt=../../cp2016-max-common-connected-subgraph-paper/datasets/graphsdb/mcs90/bvg/b03m/mcs90_b03m_s40.B05
Reading graphs...
40 :  59
40 :  59
Initializing...
maxdom : 40
D->valSize : 1600
Solving...
currentSize : 20 <-- 0.036962 s
currentSize : 22 <-- 0.037230 s
currentSize : 24 <-- 0.038272 s
currentSize : 25 <-- 0.038523 s
currentSize : 26 <-- 0.042358 s
currentSize : 27 <-- 0.063345 s
currentSize : 28 <-- 0.167027 s
currentSize : 29 <-- 1.951972 s
currentSize : 30 <-- 15.947834 s
currentSize : 33 <-- 18.878056 s
currentSize : 34 <-- 18.878212 s
currentSize : 35 <-- 20.378284 s
currentSize : 36 <-- 20.378328 s

maxsize : 36
nodes : 1719149.000000
filtered : 42646528.000000
CCGP filtered : 57843571.000000
CCGT filtered : 25433096.000000
time : 20.653732
