Parameters: GAD=1 vflib=1 dir=0 label=0 lowerbound=1 fileNameGp=../../cp2016-max-common-connected-subgraph-paper/datasets/graphsdb/mcs90/bvg/b06/mcs90_b06_s30.A09 fileNameGt=../../cp2016-max-common-connected-subgraph-paper/datasets/graphsdb/mcs90/bvg/b06/mcs90_b06_s30.B09
Reading graphs...
30 :  90
30 :  89
Initializing...
maxdom : 30
D->valSize : 900
Solving...
currentSize : 16 <-- 0.010182 s
currentSize : 17 <-- 0.010322 s
currentSize : 18 <-- 0.010419 s
currentSize : 19 <-- 0.010529 s
currentSize : 20 <-- 0.012359 s
currentSize : 21 <-- 0.017163 s
currentSize : 22 <-- 0.019444 s
currentSize : 23 <-- 0.020114 s
currentSize : 24 <-- 0.024901 s
currentSize : 25 <-- 0.025017 s
currentSize : 27 <-- 0.032209 s

maxsize : 27
nodes : 15272.000000
filtered : 437154.000000
CCGP filtered : 3617.000000
CCGT filtered : 1089.000000
time : 0.139160
