Parameters: GAD=1 vflib=1 dir=0 label=0 lowerbound=1 fileNameGp=../../cp2016-max-common-connected-subgraph-paper/datasets/graphsdb/mcs90/bvg/b06/mcs90_b06_s50.A04 fileNameGt=../../cp2016-max-common-connected-subgraph-paper/datasets/graphsdb/mcs90/bvg/b06/mcs90_b06_s50.B04
Reading graphs...
50 :  150
50 :  150
Initializing...
maxdom : 50
D->valSize : 2500
Solving...
currentSize : 16 <-- 0.115806 s
currentSize : 29 <-- 0.115978 s
currentSize : 33 <-- 0.116140 s
currentSize : 34 <-- 1.277603 s
currentSize : 35 <-- 1.278700 s
currentSize : 36 <-- 1.283607 s
currentSize : 37 <-- 1.303277 s
currentSize : 38 <-- 1.318292 s
currentSize : 39 <-- 1.335116 s
currentSize : 40 <-- 1.335867 s
currentSize : 41 <-- 1.348896 s
currentSize : 42 <-- 1.351957 s
currentSize : 44 <-- 1.393238 s
currentSize : 45 <-- 2.774180 s

maxsize : 45
nodes : 325779.000000
filtered : 15624864.000000
CCGP filtered : 327648.000000
CCGT filtered : 443655.000000
time : 5.301994
