Parameters: GAD=1 vflib=1 dir=0 label=0 lowerbound=1 fileNameGp=../../cp2016-max-common-connected-subgraph-paper/datasets/graphsdb/mcs90/m2D/m2Dr2/mcs90_m2Dr2_s50.A05 fileNameGt=../../cp2016-max-common-connected-subgraph-paper/datasets/graphsdb/mcs90/m2D/m2Dr2/mcs90_m2Dr2_s50.B05
Reading graphs...
50 :  95
50 :  94
Initializing...
maxdom : 50
D->valSize : 2500
Solving...
currentSize : 28 <-- 0.095868 s
currentSize : 29 <-- 0.096035 s
currentSize : 30 <-- 0.096243 s
currentSize : 31 <-- 0.096666 s
currentSize : 32 <-- 0.162530 s
currentSize : 33 <-- 0.169653 s
currentSize : 34 <-- 0.303212 s
currentSize : 35 <-- 0.304173 s
currentSize : 36 <-- 14.405482 s
currentSize : 37 <-- 487.086151 s

TIMEOUT
maxsize : 37
nodes : 74228703.000000
filtered : 2753305581.000000
CCGP filtered : 625811234.000000
CCGT filtered : 313342273.000000
time : 1000.000000
