Parameters: GAD=1 vflib=1 dir=0 label=0 lowerbound=1 fileNameGp=../../cp2016-max-common-connected-subgraph-paper/datasets/graphsdb/mcs90/bvg/b06/mcs90_b06_s40.A03 fileNameGt=../../cp2016-max-common-connected-subgraph-paper/datasets/graphsdb/mcs90/bvg/b06/mcs90_b06_s40.B03
Reading graphs...
40 :  120
40 :  120
Initializing...
maxdom : 40
D->valSize : 1600
Solving...
currentSize : 23 <-- 0.054784 s
currentSize : 24 <-- 0.054910 s
currentSize : 25 <-- 0.055206 s
currentSize : 26 <-- 0.055552 s
currentSize : 27 <-- 0.055751 s
currentSize : 28 <-- 0.062709 s
currentSize : 30 <-- 0.064693 s
currentSize : 31 <-- 0.065085 s
currentSize : 32 <-- 0.066084 s
currentSize : 33 <-- 0.071687 s
currentSize : 34 <-- 0.071976 s
currentSize : 36 <-- 0.107877 s
currentSize : 37 <-- 0.520882 s

maxsize : 37
nodes : 44769.000000
filtered : 1819049.000000
CCGP filtered : 13666.000000
CCGT filtered : 15775.000000
time : 0.601196
