Parameters: GAD=1 vflib=1 dir=0 label=0 lowerbound=1 fileNameGp=../../cp2016-max-common-connected-subgraph-paper/datasets/graphsdb/mcs90/m2D/m2D/mcs90_m2D_s50.A02 fileNameGt=../../cp2016-max-common-connected-subgraph-paper/datasets/graphsdb/mcs90/m2D/m2D/mcs90_m2D_s50.B02
Reading graphs...
50 :  85
50 :  85
Initializing...
maxdom : 50
D->valSize : 2500
Solving...
currentSize : 29 <-- 0.096837 s
currentSize : 32 <-- 0.097206 s
currentSize : 33 <-- 0.097968 s
currentSize : 34 <-- 0.101236 s
currentSize : 35 <-- 0.102273 s
currentSize : 36 <-- 0.110444 s
currentSize : 37 <-- 0.177870 s
currentSize : 38 <-- 4.978847 s
currentSize : 39 <-- 4.979072 s
currentSize : 41 <-- 9.238581 s
currentSize : 42 <-- 9.328772 s
currentSize : 43 <-- 9.343540 s
currentSize : 44 <-- 9.827539 s
currentSize : 45 <-- 10.286363 s
currentSize : 49 <-- 10.296031 s

maxsize : 49
nodes : 811545.000000
filtered : 26316581.000000
CCGP filtered : 9787381.000000
CCGT filtered : 2153323.000000
time : 10.305744
