Parameters: GAD=1 vflib=1 dir=0 label=0 lowerbound=1 fileNameGp=../../cp2016-max-common-connected-subgraph-paper/datasets/graphsdb/mcs90/bvg/b09m/mcs90_b09m_s40.A06 fileNameGt=../../cp2016-max-common-connected-subgraph-paper/datasets/graphsdb/mcs90/bvg/b09m/mcs90_b09m_s40.B06
Reading graphs...
40 :  178
40 :  179
Initializing...
maxdom : 40
D->valSize : 1600
Solving...
currentSize : 13 <-- 0.031764 s
currentSize : 14 <-- 0.031801 s
currentSize : 15 <-- 0.032283 s
currentSize : 16 <-- 0.093040 s
currentSize : 17 <-- 0.484604 s
currentSize : 18 <-- 9.626032 s
currentSize : 19 <-- 61.178436 s
currentSize : 20 <-- 77.871918 s
currentSize : 21 <-- 77.923111 s
currentSize : 22 <-- 207.115311 s
currentSize : 23 <-- 215.591049 s
currentSize : 25 <-- 215.601196 s
currentSize : 26 <-- 215.606918 s
currentSize : 27 <-- 222.345490 s
currentSize : 28 <-- 222.346268 s
currentSize : 29 <-- 226.359268 s
currentSize : 33 <-- 226.372452 s
currentSize : 36 <-- 226.376266 s

maxsize : 36
nodes : 17719528.000000
filtered : 453489504.000000
CCGP filtered : 4564886.000000
CCGT filtered : 9372383.000000
time : 226.527618
