Parameters: GAD=1 vflib=1 dir=0 label=0 lowerbound=1 fileNameGp=../../cp2016-max-common-connected-subgraph-paper/datasets/graphsdb/mcs90/bvg/b06m/mcs90_b06m_s25.A02 fileNameGt=../../cp2016-max-common-connected-subgraph-paper/datasets/graphsdb/mcs90/bvg/b06m/mcs90_b06m_s25.B02
Reading graphs...
25 :  74
25 :  74
Initializing...
maxdom : 25
D->valSize : 625
Solving...
currentSize : 9 <-- 0.004745 s
currentSize : 10 <-- 0.004795 s
currentSize : 11 <-- 0.004935 s
currentSize : 12 <-- 0.007316 s
currentSize : 14 <-- 0.030764 s
currentSize : 15 <-- 0.150176 s
currentSize : 16 <-- 0.545516 s
currentSize : 17 <-- 0.791960 s
currentSize : 20 <-- 0.846589 s
currentSize : 22 <-- 0.883642 s

maxsize : 22
nodes : 110798.000000
filtered : 2304011.000000
CCGP filtered : 121096.000000
CCGT filtered : 53004.000000
time : 0.892154
