Parameters: GAD=1 vflib=1 dir=0 label=0 lowerbound=1 fileNameGp=../../cp2016-max-common-connected-subgraph-paper/datasets/graphsdb/mcs90/m2D/m2Dr6/mcs90_m2Dr6_s40.A09 fileNameGt=../../cp2016-max-common-connected-subgraph-paper/datasets/graphsdb/mcs90/m2D/m2Dr6/mcs90_m2Dr6_s40.B09
Reading graphs...
40 :  91
40 :  90
Initializing...
maxdom : 40
D->valSize : 1600
Solving...
currentSize : 15 <-- 0.056386 s
currentSize : 17 <-- 0.056450 s
currentSize : 18 <-- 0.056631 s
currentSize : 19 <-- 0.057407 s
currentSize : 20 <-- 0.059846 s
currentSize : 21 <-- 0.062105 s
currentSize : 22 <-- 0.062234 s
currentSize : 23 <-- 1.827299 s
currentSize : 24 <-- 71.284126 s
currentSize : 25 <-- 808.936279 s
currentSize : 26 <-- 876.329651 s

TIMEOUT
maxsize : 26
nodes : 97157385.000000
filtered : 2213805963.000000
CCGP filtered : 329685641.000000
CCGT filtered : 237097616.000000
time : 1000.000000
