Parameters: GAD=1 vflib=1 dir=0 label=0 lowerbound=1 fileNameGp=../../cp2016-max-common-connected-subgraph-paper/datasets/graphsdb/mcs90/bvg/b06m/mcs90_b06m_s30.A02 fileNameGt=../../cp2016-max-common-connected-subgraph-paper/datasets/graphsdb/mcs90/bvg/b06m/mcs90_b06m_s30.B02
Reading graphs...
30 :  87
30 :  87
Initializing...
maxdom : 30
D->valSize : 900
Solving...
currentSize : 12 <-- 0.010232 s
currentSize : 13 <-- 0.010364 s
currentSize : 14 <-- 0.011431 s
currentSize : 15 <-- 0.012155 s
currentSize : 16 <-- 0.024059 s
currentSize : 17 <-- 0.034006 s
currentSize : 18 <-- 0.120036 s
currentSize : 19 <-- 0.139540 s
currentSize : 20 <-- 2.228626 s
currentSize : 21 <-- 2.247017 s
currentSize : 22 <-- 3.233895 s
currentSize : 23 <-- 3.521932 s
currentSize : 27 <-- 3.716561 s

maxsize : 27
nodes : 387586.000000
filtered : 12187448.000000
CCGP filtered : 1059308.000000
CCGT filtered : 461201.000000
time : 3.739979
