Parameters: GAD=1 vflib=1 dir=0 label=0 lowerbound=1 fileNameGp=../../cp2016-max-common-connected-subgraph-paper/datasets/graphsdb/mcs90/m2D/m2Dr6/mcs90_m2Dr6_s40.A07 fileNameGt=../../cp2016-max-common-connected-subgraph-paper/datasets/graphsdb/mcs90/m2D/m2Dr6/mcs90_m2Dr6_s40.B07
Reading graphs...
40 :  91
40 :  88
Initializing...
maxdom : 40
D->valSize : 1600
Solving...
currentSize : 18 <-- 0.059359 s
currentSize : 19 <-- 0.059598 s
currentSize : 20 <-- 0.059821 s
currentSize : 21 <-- 0.060254 s
currentSize : 22 <-- 0.061688 s
currentSize : 23 <-- 0.068108 s
currentSize : 24 <-- 0.241254 s
currentSize : 25 <-- 15.987738 s
currentSize : 26 <-- 393.240173 s
currentSize : 27 <-- 592.776428 s
currentSize : 29 <-- 861.332764 s
currentSize : 31 <-- 861.527039 s
currentSize : 36 <-- 862.075378 s

maxsize : 36
nodes : 79802410.000000
filtered : 2290840329.000000
CCGP filtered : 168875611.000000
CCGT filtered : 141222687.000000
time : 862.624084
