Parameters: GAD=1 vflib=1 dir=0 label=0 lowerbound=1 fileNameGp=../../cp2016-max-common-connected-subgraph-paper/datasets/graphsdb/mcs90/m3D/m3Dr6/mcs90_m3Dr6_s30.A03 fileNameGt=../../cp2016-max-common-connected-subgraph-paper/datasets/graphsdb/mcs90/m3D/m3Dr6/mcs90_m3Dr6_s30.B03
Reading graphs...
30 :  78
30 :  76
Initializing...
maxdom : 30
D->valSize : 900
Solving...
currentSize : 15 <-- 0.010360 s
currentSize : 16 <-- 0.010545 s
currentSize : 17 <-- 0.044755 s
currentSize : 18 <-- 0.887978 s
currentSize : 19 <-- 13.587247 s
currentSize : 20 <-- 14.486716 s
currentSize : 21 <-- 14.486887 s
currentSize : 22 <-- 15.650751 s
currentSize : 27 <-- 15.695139 s

maxsize : 27
nodes : 1936609.000000
filtered : 37508679.000000
CCGP filtered : 2026911.000000
CCGT filtered : 1042203.000000
time : 15.755584
