Parameters: GAD=1 vflib=1 dir=0 label=0 lowerbound=1 fileNameGp=../../cp2016-max-common-connected-subgraph-paper/datasets/graphsdb/mcs90/m2D/m2Dr4/mcs90_m2Dr4_s40.A08 fileNameGt=../../cp2016-max-common-connected-subgraph-paper/datasets/graphsdb/mcs90/m2D/m2Dr4/mcs90_m2Dr4_s40.B08
Reading graphs...
40 :  82
40 :  82
Initializing...
maxdom : 40
D->valSize : 1600
Solving...
currentSize : 22 <-- 0.034960 s
currentSize : 23 <-- 0.035205 s
currentSize : 24 <-- 0.049939 s
currentSize : 25 <-- 0.076104 s
currentSize : 26 <-- 0.076414 s
currentSize : 27 <-- 0.336211 s
currentSize : 28 <-- 2.200283 s
currentSize : 29 <-- 8.304641 s
currentSize : 30 <-- 8.306290 s
currentSize : 31 <-- 15.665808 s
currentSize : 32 <-- 23.513748 s
currentSize : 34 <-- 25.022398 s
currentSize : 36 <-- 25.023035 s

maxsize : 36
nodes : 2057186.000000
filtered : 92071912.000000
CCGP filtered : 29353678.000000
CCGT filtered : 4481822.000000
time : 25.176275
