Parameters: GAD=1 vflib=1 dir=0 label=0 lowerbound=1 fileNameGp=../../cp2016-max-common-connected-subgraph-paper/datasets/graphsdb/mcs90/m3D/m3Dr6/mcs90_m3Dr6_s30.A05 fileNameGt=../../cp2016-max-common-connected-subgraph-paper/datasets/graphsdb/mcs90/m3D/m3Dr6/mcs90_m3Dr6_s30.B05
Reading graphs...
30 :  76
30 :  75
Initializing...
maxdom : 30
D->valSize : 900
Solving...
currentSize : 15 <-- 0.018305 s
currentSize : 16 <-- 0.018528 s
currentSize : 17 <-- 0.377594 s
currentSize : 18 <-- 1.058259 s
currentSize : 19 <-- 1.253479 s
currentSize : 20 <-- 1.325978 s
currentSize : 21 <-- 1.511526 s
currentSize : 24 <-- 1.540499 s
currentSize : 27 <-- 1.540752 s

maxsize : 27
nodes : 201415.000000
filtered : 2984672.000000
CCGP filtered : 161815.000000
CCGT filtered : 125156.000000
time : 1.570023
