Parameters: GAD=1 vflib=1 dir=0 label=0 lowerbound=1 fileNameGp=../../cp2016-max-common-connected-subgraph-paper/datasets/graphsdb/mcs90/m3D/m3Dr2/mcs90_m3Dr2_s30.A02 fileNameGt=../../cp2016-max-common-connected-subgraph-paper/datasets/graphsdb/mcs90/m3D/m3Dr2/mcs90_m3Dr2_s30.B02
Reading graphs...
30 :  67
30 :  66
Initializing...
maxdom : 30
D->valSize : 900
Solving...
currentSize : 15 <-- 0.019139 s
currentSize : 16 <-- 0.020024 s
currentSize : 18 <-- 0.024162 s
currentSize : 19 <-- 0.024245 s
currentSize : 20 <-- 0.026785 s
currentSize : 21 <-- 0.658218 s
currentSize : 22 <-- 1.134442 s
currentSize : 24 <-- 3.507965 s
currentSize : 27 <-- 3.526636 s

maxsize : 27
nodes : 430983.000000
filtered : 9949713.000000
CCGP filtered : 185230.000000
CCGT filtered : 100872.000000
time : 3.589370
