Parameters: GAD=1 vflib=1 dir=0 label=0 lowerbound=1 fileNameGp=../../cp2016-max-common-connected-subgraph-paper/datasets/graphsdb/mcs90/bvg/b09/mcs90_b09_s30.A07 fileNameGt=../../cp2016-max-common-connected-subgraph-paper/datasets/graphsdb/mcs90/bvg/b09/mcs90_b09_s30.B07
Reading graphs...
30 :  135
30 :  135
Initializing...
maxdom : 30
D->valSize : 900
Solving...
currentSize : 12 <-- 0.009309 s
currentSize : 13 <-- 0.009383 s
currentSize : 14 <-- 0.009471 s
currentSize : 15 <-- 0.086922 s
currentSize : 16 <-- 0.086990 s
currentSize : 17 <-- 0.121924 s
currentSize : 18 <-- 0.122067 s
currentSize : 20 <-- 0.183919 s
currentSize : 22 <-- 0.184700 s
currentSize : 26 <-- 0.190508 s

maxsize : 26
nodes : 42175.000000
filtered : 1621973.000000
CCGP filtered : 1868.000000
CCGT filtered : 5541.000000
time : 0.423003
