Parameters: GAD=1 vflib=1 dir=0 label=0 lowerbound=1 fileNameGp=../../cp2016-max-common-connected-subgraph-paper/datasets/graphsdb/mcs90/rand/r005/mcs90_r005_s35.A02 fileNameGt=../../cp2016-max-common-connected-subgraph-paper/datasets/graphsdb/mcs90/rand/r005/mcs90_r005_s35.B02
Reading graphs...
35 :  56
35 :  56
Initializing...
maxdom : 35
D->valSize : 1225
Solving...
currentSize : 15 <-- 0.020595 s
currentSize : 16 <-- 0.020631 s
currentSize : 17 <-- 0.023869 s
currentSize : 19 <-- 0.036522 s
currentSize : 20 <-- 0.048986 s
currentSize : 21 <-- 0.455981 s
currentSize : 22 <-- 0.963545 s
currentSize : 23 <-- 1.893956 s
currentSize : 24 <-- 4.886911 s
currentSize : 25 <-- 4.887011 s
currentSize : 26 <-- 7.013665 s
currentSize : 27 <-- 14.648698 s
currentSize : 28 <-- 14.650128 s
currentSize : 29 <-- 14.650176 s
currentSize : 30 <-- 14.665256 s
currentSize : 31 <-- 14.665306 s

maxsize : 31
nodes : 1461206.000000
filtered : 39241016.000000
CCGP filtered : 23793335.000000
CCGT filtered : 13300753.000000
time : 14.781878
