Parameters: GAD=1 vflib=1 dir=0 label=0 lowerbound=1 fileNameGp=../../cp2016-max-common-connected-subgraph-paper/datasets/graphsdb/mcs90/bvg/b06m/mcs90_b06m_s30.A06 fileNameGt=../../cp2016-max-common-connected-subgraph-paper/datasets/graphsdb/mcs90/bvg/b06m/mcs90_b06m_s30.B06
Reading graphs...
30 :  88
30 :  88
Initializing...
maxdom : 30
D->valSize : 900
Solving...
currentSize : 13 <-- 0.009944 s
currentSize : 14 <-- 0.010951 s
currentSize : 15 <-- 0.011678 s
currentSize : 16 <-- 0.014777 s
currentSize : 17 <-- 0.034033 s
currentSize : 18 <-- 0.617072 s
currentSize : 19 <-- 4.782727 s
currentSize : 20 <-- 6.344062 s
currentSize : 21 <-- 6.344192 s
currentSize : 22 <-- 6.368992 s
currentSize : 23 <-- 6.383895 s
currentSize : 27 <-- 6.386661 s

maxsize : 27
nodes : 720838.000000
filtered : 18914700.000000
CCGP filtered : 2289213.000000
CCGT filtered : 840070.000000
time : 6.426357
