Parameters: GAD=1 vflib=1 dir=0 label=0 lowerbound=1 fileNameGp=../../cp2016-max-common-connected-subgraph-paper/datasets/graphsdb/mcs90/bvg/b03/mcs90_b03_s30.A04 fileNameGt=../../cp2016-max-common-connected-subgraph-paper/datasets/graphsdb/mcs90/bvg/b03/mcs90_b03_s30.B04
Reading graphs...
30 :  45
30 :  45
Initializing...
maxdom : 30
D->valSize : 900
Solving...
currentSize : 17 <-- 0.011207 s
currentSize : 19 <-- 0.011318 s
currentSize : 20 <-- 0.011435 s
currentSize : 21 <-- 0.011467 s
currentSize : 22 <-- 0.012886 s
currentSize : 23 <-- 0.013134 s
currentSize : 24 <-- 0.013282 s
currentSize : 26 <-- 0.018522 s
currentSize : 27 <-- 0.034795 s

maxsize : 27
nodes : 12417.000000
filtered : 385978.000000
CCGP filtered : 22069.000000
CCGT filtered : 29019.000000
time : 0.114359
