Parameters: GAD=1 vflib=1 dir=0 label=0 lowerbound=1 fileNameGp=../../cp2016-max-common-connected-subgraph-paper/datasets/graphsdb/mcs90/m3D/m3Dr2/mcs90_m3Dr2_s30.A01 fileNameGt=../../cp2016-max-common-connected-subgraph-paper/datasets/graphsdb/mcs90/m3D/m3Dr2/mcs90_m3Dr2_s30.B01
Reading graphs...
30 :  64
30 :  66
Initializing...
maxdom : 30
D->valSize : 900
Solving...
currentSize : 18 <-- 0.010549 s
currentSize : 19 <-- 0.011363 s
currentSize : 20 <-- 0.014927 s
currentSize : 21 <-- 0.015455 s
currentSize : 22 <-- 0.016936 s
currentSize : 23 <-- 0.019657 s
currentSize : 24 <-- 0.021766 s
currentSize : 26 <-- 0.023423 s
currentSize : 28 <-- 0.023653 s

maxsize : 28
nodes : 2356.000000
filtered : 62313.000000
CCGP filtered : 2033.000000
CCGT filtered : 226.000000
time : 0.028450
