Parameters: GAD=1 vflib=1 dir=0 label=0 lowerbound=1 fileNameGp=../../cp2016-max-common-connected-subgraph-paper/datasets/graphsdb/mcs90/m2D/m2Dr6/mcs90_m2Dr6_s50.A00 fileNameGt=../../cp2016-max-common-connected-subgraph-paper/datasets/graphsdb/mcs90/m2D/m2Dr6/mcs90_m2Dr6_s50.B00
Reading graphs...
50 :  114
50 :  113
Initializing...
maxdom : 50
D->valSize : 2500
Solving...
currentSize : 27 <-- 0.110382 s
currentSize : 28 <-- 0.110424 s
currentSize : 29 <-- 0.111078 s
currentSize : 30 <-- 0.246742 s
currentSize : 31 <-- 1.673608 s
currentSize : 32 <-- 171.789062 s
currentSize : 33 <-- 194.400467 s
currentSize : 34 <-- 194.404129 s
currentSize : 35 <-- 416.482941 s
currentSize : 36 <-- 416.621674 s
currentSize : 37 <-- 420.935669 s
currentSize : 38 <-- 433.036926 s
currentSize : 39 <-- 440.698730 s
currentSize : 40 <-- 452.488190 s
currentSize : 41 <-- 455.896576 s
currentSize : 42 <-- 455.897308 s
currentSize : 43 <-- 459.569336 s
currentSize : 45 <-- 460.414917 s
currentSize : 49 <-- 460.418793 s

maxsize : 49
nodes : 32830780.000000
filtered : 1215902473.000000
CCGP filtered : 171213690.000000
CCGT filtered : 63138213.000000
time : 460.423431
