Parameters: GAD=1 vflib=1 dir=0 label=0 lowerbound=1 fileNameGp=../../cp2016-max-common-connected-subgraph-paper/datasets/graphsdb/mcs90/bvg/b03m/mcs90_b03m_s20.A07 fileNameGt=../../cp2016-max-common-connected-subgraph-paper/datasets/graphsdb/mcs90/bvg/b03m/mcs90_b03m_s20.B07
Reading graphs...
20 :  30
20 :  30
Initializing...
maxdom : 20
D->valSize : 400
Solving...
currentSize : 10 <-- 0.003862 s
currentSize : 11 <-- 0.003923 s
currentSize : 12 <-- 0.004096 s
currentSize : 13 <-- 0.004451 s
currentSize : 14 <-- 0.004638 s
currentSize : 15 <-- 0.007234 s
currentSize : 16 <-- 0.028607 s
currentSize : 17 <-- 0.064291 s
currentSize : 18 <-- 0.064521 s

maxsize : 18
nodes : 7989.000000
filtered : 135522.000000
CCGP filtered : 31704.000000
CCGT filtered : 15831.000000
time : 0.065896
