Parameters: GAD=1 vflib=1 dir=0 label=0 lowerbound=1 fileNameGp=../../cp2016-max-common-connected-subgraph-paper/datasets/graphsdb/mcs90/bvg/b09m/mcs90_b09m_s35.A00 fileNameGt=../../cp2016-max-common-connected-subgraph-paper/datasets/graphsdb/mcs90/bvg/b09m/mcs90_b09m_s35.B00
Reading graphs...
35 :  150
35 :  150
Initializing...
maxdom : 35
D->valSize : 1225
Solving...
currentSize : 14 <-- 0.018205 s
currentSize : 15 <-- 0.055302 s
currentSize : 16 <-- 1.023914 s
currentSize : 17 <-- 3.750737 s
currentSize : 18 <-- 268.345428 s
currentSize : 19 <-- 303.821503 s
currentSize : 21 <-- 303.878113 s
currentSize : 24 <-- 303.882172 s
currentSize : 30 <-- 306.363068 s

maxsize : 30
nodes : 29758647.000000
filtered : 535085832.000000
CCGP filtered : 7485824.000000
CCGT filtered : 11091686.000000
time : 306.580505
