Parameters: GAD=1 vflib=1 dir=0 label=0 lowerbound=1 fileNameGp=../../cp2016-max-common-connected-subgraph-paper/datasets/graphsdb/mcs90/bvg/b09m/mcs90_b09m_s25.A06 fileNameGt=../../cp2016-max-common-connected-subgraph-paper/datasets/graphsdb/mcs90/bvg/b09m/mcs90_b09m_s25.B06
Reading graphs...
25 :  110
25 :  110
Initializing...
maxdom : 25
D->valSize : 625
Solving...
currentSize : 9 <-- 0.004619 s
currentSize : 10 <-- 0.005020 s
currentSize : 11 <-- 0.008022 s
currentSize : 12 <-- 0.015936 s
currentSize : 14 <-- 0.126096 s
currentSize : 15 <-- 2.370981 s
currentSize : 17 <-- 3.176031 s
currentSize : 20 <-- 3.270682 s
currentSize : 22 <-- 3.270805 s

maxsize : 22
nodes : 388527.000000
filtered : 6155692.000000
CCGP filtered : 10888.000000
CCGT filtered : 13394.000000
time : 3.279367
