Parameters: GAD=1 vflib=1 dir=0 label=0 lowerbound=1 fileNameGp=../../cp2016-max-common-connected-subgraph-paper/datasets/graphsdb/mcs90/rand/r005/mcs90_r005_s20.A00 fileNameGt=../../cp2016-max-common-connected-subgraph-paper/datasets/graphsdb/mcs90/rand/r005/mcs90_r005_s20.B00
Reading graphs...
20 :  21
20 :  21
Initializing...
maxdom : 20
D->valSize : 400
Solving...
currentSize : 6 <-- 0.002268 s
currentSize : 8 <-- 0.002347 s
currentSize : 9 <-- 0.002358 s
currentSize : 10 <-- 0.003566 s
currentSize : 13 <-- 0.003644 s
currentSize : 14 <-- 0.003778 s
currentSize : 15 <-- 0.004751 s
currentSize : 16 <-- 0.004807 s
currentSize : 17 <-- 0.005313 s
currentSize : 18 <-- 0.006316 s
currentSize : 19 <-- 0.006539 s

maxsize : 19
nodes : 910.000000
filtered : 11271.000000
CCGP filtered : 10663.000000
CCGT filtered : 4465.000000
time : 0.006845
