Parameters: GAD=1 vflib=1 dir=0 label=0 lowerbound=1 fileNameGp=../../cp2016-max-common-connected-subgraph-paper/datasets/graphsdb/mcs90/bvg/b09m/mcs90_b09m_s40.A03 fileNameGt=../../cp2016-max-common-connected-subgraph-paper/datasets/graphsdb/mcs90/bvg/b09m/mcs90_b09m_s40.B03
Reading graphs...
40 :  175
40 :  176
Initializing...
maxdom : 40
D->valSize : 1600
Solving...
currentSize : 14 <-- 0.031809 s
currentSize : 15 <-- 0.037507 s
currentSize : 16 <-- 0.062703 s
currentSize : 17 <-- 0.064725 s
currentSize : 18 <-- 0.331350 s
currentSize : 19 <-- 197.538086 s
currentSize : 20 <-- 463.824371 s
currentSize : 21 <-- 464.217499 s
currentSize : 22 <-- 497.739197 s
currentSize : 23 <-- 786.720764 s
currentSize : 25 <-- 910.414917 s
currentSize : 36 <-- 914.549072 s

maxsize : 36
nodes : 73283862.000000
filtered : 1911141759.000000
CCGP filtered : 23135162.000000
CCGT filtered : 45084596.000000
time : 914.735596
