Parameters: GAD=1 vflib=1 dir=0 label=0 lowerbound=1 fileNameGp=../../cp2016-max-common-connected-subgraph-paper/datasets/graphsdb/mcs90/m4D/m4Dr4/mcs90_m4Dr4_s20.A06 fileNameGt=../../cp2016-max-common-connected-subgraph-paper/datasets/graphsdb/mcs90/m4D/m4Dr4/mcs90_m4Dr4_s20.B06
Reading graphs...
20 :  43
20 :  44
Initializing...
maxdom : 20
D->valSize : 400
Solving...
currentSize : 5 <-- 0.003431 s
currentSize : 6 <-- 0.003477 s
currentSize : 8 <-- 0.003570 s
currentSize : 9 <-- 0.003841 s
currentSize : 10 <-- 0.005169 s
currentSize : 11 <-- 0.019078 s
currentSize : 12 <-- 0.021994 s
currentSize : 13 <-- 0.070324 s
currentSize : 14 <-- 0.070688 s
currentSize : 15 <-- 0.074835 s
currentSize : 16 <-- 0.095172 s

maxsize : 16
nodes : 12411.000000
filtered : 187245.000000
CCGP filtered : 41925.000000
CCGT filtered : 18632.000000
time : 0.104757
