Parameters: GAD=1 vflib=1 dir=0 label=0 lowerbound=1 fileNameGp=../../cp2016-max-common-connected-subgraph-paper/datasets/graphsdb/mcs90/rand/r005/mcs90_r005_s40.A00 fileNameGt=../../cp2016-max-common-connected-subgraph-paper/datasets/graphsdb/mcs90/rand/r005/mcs90_r005_s40.B00
Reading graphs...
40 :  77
40 :  77
Initializing...
maxdom : 40
D->valSize : 1600
Solving...
currentSize : 15 <-- 0.063044 s
currentSize : 16 <-- 0.063113 s
currentSize : 19 <-- 0.063288 s
currentSize : 20 <-- 0.064757 s
currentSize : 21 <-- 0.073756 s
currentSize : 22 <-- 0.088107 s
currentSize : 23 <-- 0.130730 s
currentSize : 24 <-- 0.320342 s
currentSize : 25 <-- 5.597331 s
currentSize : 26 <-- 7.961067 s
currentSize : 27 <-- 17.699635 s
currentSize : 28 <-- 17.716707 s
currentSize : 29 <-- 41.527439 s
currentSize : 30 <-- 43.938801 s
currentSize : 32 <-- 47.520927 s
currentSize : 34 <-- 48.120361 s
currentSize : 36 <-- 48.158928 s

maxsize : 36
nodes : 3899783.000000
filtered : 135444325.000000
CCGP filtered : 43126553.000000
CCGT filtered : 37962750.000000
time : 48.275467
