Parameters: GAD=1 vflib=1 dir=0 label=0 lowerbound=1 fileNameGp=../../cp2016-max-common-connected-subgraph-paper/datasets/graphsdb/mcs90/bvg/b06m/mcs90_b06m_s30.A01 fileNameGt=../../cp2016-max-common-connected-subgraph-paper/datasets/graphsdb/mcs90/bvg/b06m/mcs90_b06m_s30.B01
Reading graphs...
30 :  88
30 :  88
Initializing...
maxdom : 30
D->valSize : 900
Solving...
currentSize : 12 <-- 0.010195 s
currentSize : 14 <-- 0.010264 s
currentSize : 15 <-- 0.010304 s
currentSize : 17 <-- 0.011536 s
currentSize : 18 <-- 0.072507 s
currentSize : 19 <-- 1.029864 s
currentSize : 20 <-- 1.108443 s
currentSize : 22 <-- 2.820009 s
currentSize : 24 <-- 3.092602 s
currentSize : 25 <-- 3.094048 s
currentSize : 27 <-- 3.094318 s

maxsize : 27
nodes : 324254.000000
filtered : 10434129.000000
CCGP filtered : 755721.000000
CCGT filtered : 331968.000000
time : 3.117430
