Parameters: GAD=1 vflib=1 dir=0 label=0 lowerbound=1 fileNameGp=../../cp2016-max-common-connected-subgraph-paper/datasets/graphsdb/mcs90/rand/r01/mcs90_r01_s40.A00 fileNameGt=../../cp2016-max-common-connected-subgraph-paper/datasets/graphsdb/mcs90/rand/r01/mcs90_r01_s40.B00
Reading graphs...
40 :  144
40 :  143
Initializing...
maxdom : 40
D->valSize : 1600
Solving...
currentSize : 15 <-- 0.032889 s
currentSize : 16 <-- 0.033052 s
currentSize : 17 <-- 0.033859 s
currentSize : 18 <-- 0.037167 s
currentSize : 19 <-- 0.041064 s
currentSize : 20 <-- 70.081619 s
currentSize : 21 <-- 92.715378 s
currentSize : 22 <-- 623.402954 s
currentSize : 23 <-- 624.201172 s
currentSize : 24 <-- 747.181274 s

TIMEOUT
maxsize : 24
nodes : 84743846.000000
filtered : 2160536812.000000
CCGP filtered : 35069215.000000
CCGT filtered : 23512762.000000
time : 1000.000000
