Parameters: GAD=1 vflib=1 dir=0 label=0 lowerbound=1 fileNameGp=../../cp2016-max-common-connected-subgraph-paper/datasets/graphsdb/mcs90/bvg/b03/mcs90_b03_s50.A08 fileNameGt=../../cp2016-max-common-connected-subgraph-paper/datasets/graphsdb/mcs90/bvg/b03/mcs90_b03_s50.B08
Reading graphs...
50 :  75
50 :  75
Initializing...
maxdom : 50
D->valSize : 2500
Solving...
currentSize : 30 <-- 0.098465 s
currentSize : 31 <-- 0.098633 s
currentSize : 32 <-- 0.098820 s
currentSize : 33 <-- 0.099230 s
currentSize : 39 <-- 0.104219 s
currentSize : 40 <-- 0.128462 s
currentSize : 41 <-- 0.376582 s
currentSize : 42 <-- 0.399715 s
currentSize : 44 <-- 0.537894 s
currentSize : 45 <-- 2.976970 s

maxsize : 45
nodes : 814408.000000
filtered : 39164458.000000
CCGP filtered : 52148542.000000
CCGT filtered : 7079481.000000
time : 13.888769
