Parameters: GAD=1 vflib=1 dir=0 label=0 lowerbound=1 fileNameGp=../../cp2016-max-common-connected-subgraph-paper/datasets/graphsdb/mcs90/bvg/b09/mcs90_b09_s40.A05 fileNameGt=../../cp2016-max-common-connected-subgraph-paper/datasets/graphsdb/mcs90/bvg/b09/mcs90_b09_s40.B05
Reading graphs...
40 :  179
40 :  180
Initializing...
maxdom : 40
D->valSize : 1600
Solving...
currentSize : 16 <-- 0.031345 s
currentSize : 17 <-- 0.031524 s
currentSize : 18 <-- 0.033557 s
currentSize : 19 <-- 0.040752 s
currentSize : 20 <-- 0.040891 s
currentSize : 21 <-- 0.044633 s
currentSize : 22 <-- 0.057613 s
currentSize : 23 <-- 1.787325 s
currentSize : 24 <-- 5.090165 s
currentSize : 25 <-- 5.090692 s
currentSize : 26 <-- 5.090956 s
currentSize : 27 <-- 5.091520 s
currentSize : 36 <-- 5.091965 s
currentSize : 37 <-- 5.280235 s

maxsize : 37
nodes : 410874.000000
filtered : 10612980.000000
CCGP filtered : 89647.000000
CCGT filtered : 190059.000000
time : 5.355193
