Parameters: GAD=1 vflib=1 dir=0 label=0 lowerbound=1 fileNameGp=../../cp2016-max-common-connected-subgraph-paper/datasets/graphsdb/mcs90/bvg/b06/mcs90_b06_s40.A05 fileNameGt=../../cp2016-max-common-connected-subgraph-paper/datasets/graphsdb/mcs90/bvg/b06/mcs90_b06_s40.B05
Reading graphs...
40 :  120
40 :  120
Initializing...
maxdom : 40
D->valSize : 1600
Solving...
currentSize : 26 <-- 0.033289 s
currentSize : 27 <-- 0.037006 s
currentSize : 28 <-- 0.101898 s
currentSize : 29 <-- 0.156051 s
currentSize : 30 <-- 0.320033 s
currentSize : 31 <-- 0.321613 s
currentSize : 32 <-- 0.453445 s
currentSize : 33 <-- 0.460096 s
currentSize : 35 <-- 0.464122 s
currentSize : 36 <-- 0.464203 s
currentSize : 37 <-- 0.561996 s

maxsize : 37
nodes : 50229.000000
filtered : 1884013.000000
CCGP filtered : 126448.000000
CCGT filtered : 24097.000000
time : 0.648392
