Parameters: GAD=1 vflib=1 dir=0 label=0 lowerbound=1 fileNameGp=../../cp2016-max-common-connected-subgraph-paper/datasets/graphsdb/mcs90/m2D/m2Dr2/mcs90_m2Dr2_s40.A04 fileNameGt=../../cp2016-max-common-connected-subgraph-paper/datasets/graphsdb/mcs90/m2D/m2Dr2/mcs90_m2Dr2_s40.B04
Reading graphs...
40 :  75
40 :  75
Initializing...
maxdom : 40
D->valSize : 1600
Solving...
currentSize : 25 <-- 0.035450 s
currentSize : 26 <-- 0.035552 s
currentSize : 27 <-- 0.036212 s
currentSize : 28 <-- 178.894058 s
currentSize : 29 <-- 356.748840 s
currentSize : 31 <-- 363.715271 s
currentSize : 33 <-- 363.733643 s
currentSize : 34 <-- 363.733765 s
currentSize : 35 <-- 364.209076 s
currentSize : 36 <-- 364.209412 s

maxsize : 36
nodes : 34169486.000000
filtered : 1005234842.000000
CCGP filtered : 275679602.000000
CCGT filtered : 110082637.000000
time : 364.471436
