Parameters: GAD=1 vflib=1 dir=0 label=0 lowerbound=1 fileNameGp=../../cp2016-max-common-connected-subgraph-paper/datasets/graphsdb/mcs90/rand/r02/mcs90_r02_s40.A08 fileNameGt=../../cp2016-max-common-connected-subgraph-paper/datasets/graphsdb/mcs90/rand/r02/mcs90_r02_s40.B08
Reading graphs...
40 :  280
40 :  283
Initializing...
maxdom : 40
D->valSize : 1600
Solving...
currentSize : 11 <-- 0.029132 s
currentSize : 12 <-- 0.029250 s
currentSize : 13 <-- 0.031154 s
currentSize : 14 <-- 0.060520 s
currentSize : 15 <-- 13.582971 s
currentSize : 16 <-- 316.412354 s
currentSize : 18 <-- 326.218475 s
currentSize : 21 <-- 413.171265 s
currentSize : 22 <-- 884.037781 s
currentSize : 25 <-- 889.156738 s
currentSize : 36 <-- 889.169495 s

maxsize : 36
nodes : 64195981.000000
filtered : 1052289696.000000
CCGP filtered : 506495.000000
CCGT filtered : 556366.000000
time : 889.427063
