Parameters: GAD=1 vflib=1 dir=0 label=0 lowerbound=1 fileNameGp=../../cp2016-max-common-connected-subgraph-paper/datasets/graphsdb/mcs90/bvg/b03/mcs90_b03_s50.A01 fileNameGt=../../cp2016-max-common-connected-subgraph-paper/datasets/graphsdb/mcs90/bvg/b03/mcs90_b03_s50.B01
Reading graphs...
50 :  75
50 :  75
Initializing...
maxdom : 50
D->valSize : 2500
Solving...
currentSize : 37 <-- 0.107104 s
currentSize : 38 <-- 0.107213 s
currentSize : 39 <-- 0.139106 s
currentSize : 40 <-- 0.140764 s
currentSize : 41 <-- 0.141802 s
currentSize : 42 <-- 0.463939 s
currentSize : 43 <-- 0.532159 s
currentSize : 45 <-- 0.560912 s
currentSize : 46 <-- 0.589133 s

maxsize : 46
nodes : 91193.000000
filtered : 4699545.000000
CCGP filtered : 1502912.000000
CCGT filtered : 335769.000000
time : 1.598474
