Parameters: GAD=1 vflib=1 dir=0 label=0 lowerbound=1 fileNameGp=../../cp2016-max-common-connected-subgraph-paper/datasets/graphsdb/mcs90/m2D/m2Dr4/mcs90_m2Dr4_s30.A03 fileNameGt=../../cp2016-max-common-connected-subgraph-paper/datasets/graphsdb/mcs90/m2D/m2Dr4/mcs90_m2Dr4_s30.B03
Reading graphs...
30 :  59
30 :  59
Initializing...
maxdom : 30
D->valSize : 900
Solving...
currentSize : 17 <-- 0.010675 s
currentSize : 18 <-- 0.010886 s
currentSize : 19 <-- 0.014707 s
currentSize : 20 <-- 0.308703 s
currentSize : 21 <-- 1.106033 s
currentSize : 22 <-- 1.223400 s
currentSize : 23 <-- 1.605176 s
currentSize : 24 <-- 1.675673 s
currentSize : 25 <-- 1.810465 s

maxsize : 25
nodes : 244684.000000
filtered : 6684157.000000
CCGP filtered : 1569865.000000
CCGT filtered : 598105.000000
time : 2.060933
