Parameters: GAD=1 vflib=1 dir=0 label=0 lowerbound=1 fileNameGp=../../cp2016-max-common-connected-subgraph-paper/datasets/graphsdb/mcs90/bvg/b09m/mcs90_b09m_s30.A05 fileNameGt=../../cp2016-max-common-connected-subgraph-paper/datasets/graphsdb/mcs90/bvg/b09m/mcs90_b09m_s30.B05
Reading graphs...
30 :  132
30 :  132
Initializing...
maxdom : 30
D->valSize : 900
Solving...
currentSize : 12 <-- 0.009403 s
currentSize : 13 <-- 0.009490 s
currentSize : 14 <-- 0.009544 s
currentSize : 15 <-- 0.011235 s
currentSize : 16 <-- 0.011297 s
currentSize : 18 <-- 0.104230 s
currentSize : 19 <-- 0.871943 s
currentSize : 21 <-- 1.554447 s
currentSize : 26 <-- 3.113243 s

maxsize : 26
nodes : 285036.000000
filtered : 10463365.000000
CCGP filtered : 10774.000000
CCGT filtered : 52847.000000
time : 3.155481
