Parameters: GAD=1 vflib=1 dir=0 label=0 lowerbound=1 fileNameGp=../../cp2016-max-common-connected-subgraph-paper/datasets/graphsdb/mcs90/m2D/m2D/mcs90_m2D_s40.A01 fileNameGt=../../cp2016-max-common-connected-subgraph-paper/datasets/graphsdb/mcs90/m2D/m2D/mcs90_m2D_s40.B01
Reading graphs...
40 :  67
40 :  67
Initializing...
maxdom : 40
D->valSize : 1600
Solving...
currentSize : 24 <-- 0.058524 s
currentSize : 26 <-- 0.058819 s
currentSize : 27 <-- 0.060041 s
currentSize : 28 <-- 0.068348 s
currentSize : 29 <-- 0.080940 s
currentSize : 30 <-- 0.095075 s
currentSize : 31 <-- 2.249340 s
currentSize : 32 <-- 3.499450 s
currentSize : 36 <-- 3.775229 s

maxsize : 36
nodes : 385648.000000
filtered : 13248046.000000
CCGP filtered : 3915104.000000
CCGT filtered : 1917163.000000
time : 4.302459
