Parameters: GAD=1 vflib=1 dir=0 label=0 lowerbound=1 fileNameGp=../../cp2016-max-common-connected-subgraph-paper/datasets/graphsdb/mcs90/rand/r02/mcs90_r02_s35.A01 fileNameGt=../../cp2016-max-common-connected-subgraph-paper/datasets/graphsdb/mcs90/rand/r02/mcs90_r02_s35.B01
Reading graphs...
35 :  209
35 :  212
Initializing...
maxdom : 35
D->valSize : 1225
Solving...
currentSize : 11 <-- 0.017238 s
currentSize : 12 <-- 0.019200 s
currentSize : 13 <-- 0.020114 s
currentSize : 14 <-- 1.498413 s
currentSize : 15 <-- 37.609516 s
currentSize : 16 <-- 214.441025 s
currentSize : 17 <-- 216.934464 s
currentSize : 20 <-- 232.683105 s
currentSize : 21 <-- 237.629471 s
currentSize : 31 <-- 287.683258 s

maxsize : 31
nodes : 25127921.000000
filtered : 355228969.000000
CCGP filtered : 294319.000000
CCGT filtered : 936213.000000
time : 287.777344
