Parameters: GAD=1 vflib=1 dir=0 label=0 lowerbound=1 fileNameGp=../../cp2016-max-common-connected-subgraph-paper/datasets/graphsdb/mcs90/bvg/b06/mcs90_b06_s40.A07 fileNameGt=../../cp2016-max-common-connected-subgraph-paper/datasets/graphsdb/mcs90/bvg/b06/mcs90_b06_s40.B07
Reading graphs...
40 :  120
40 :  120
Initializing...
maxdom : 40
D->valSize : 1600
Solving...
currentSize : 20 <-- 0.060257 s
currentSize : 21 <-- 0.060365 s
currentSize : 22 <-- 0.060518 s
currentSize : 23 <-- 0.061482 s
currentSize : 24 <-- 0.063370 s
currentSize : 25 <-- 0.088935 s
currentSize : 26 <-- 0.090417 s
currentSize : 27 <-- 0.093929 s
currentSize : 28 <-- 0.101592 s
currentSize : 29 <-- 0.132221 s
currentSize : 30 <-- 0.136371 s
currentSize : 31 <-- 0.146543 s
currentSize : 32 <-- 0.147932 s
currentSize : 34 <-- 0.158669 s
currentSize : 36 <-- 0.202536 s
currentSize : 37 <-- 0.482019 s

maxsize : 37
nodes : 31681.000000
filtered : 1316499.000000
CCGP filtered : 43860.000000
CCGT filtered : 21818.000000
time : 0.655530
