Parameters: GAD=1 vflib=1 dir=0 label=0 lowerbound=1 fileNameGp=../../cp2016-max-common-connected-subgraph-paper/datasets/graphsdb/mcs90/rand/r005/mcs90_r005_s40.A03 fileNameGt=../../cp2016-max-common-connected-subgraph-paper/datasets/graphsdb/mcs90/rand/r005/mcs90_r005_s40.B03
Reading graphs...
40 :  75
40 :  75
Initializing...
maxdom : 40
D->valSize : 1600
Solving...
currentSize : 17 <-- 0.036399 s
currentSize : 18 <-- 0.036494 s
currentSize : 19 <-- 0.036590 s
currentSize : 20 <-- 0.038217 s
currentSize : 21 <-- 0.043864 s
currentSize : 22 <-- 0.064708 s
currentSize : 23 <-- 0.069509 s
currentSize : 24 <-- 0.070332 s
currentSize : 25 <-- 0.071021 s
currentSize : 26 <-- 3.671308 s
currentSize : 27 <-- 783.717651 s
currentSize : 28 <-- 783.718018 s
currentSize : 29 <-- 783.890442 s
currentSize : 30 <-- 842.983948 s
currentSize : 32 <-- 842.984131 s
currentSize : 33 <-- 842.984558 s
currentSize : 36 <-- 843.060364 s

maxsize : 36
nodes : 75869124.000000
filtered : 2057992616.000000
CCGP filtered : 723691576.000000
CCGT filtered : 423282286.000000
time : 843.225281
