Parameters: GAD=1 vflib=1 dir=0 label=0 lowerbound=1 fileNameGp=../../cp2016-max-common-connected-subgraph-paper/datasets/graphsdb/mcs90/rand/r005/mcs90_r005_s35.A08 fileNameGt=../../cp2016-max-common-connected-subgraph-paper/datasets/graphsdb/mcs90/rand/r005/mcs90_r005_s35.B08
Reading graphs...
35 :  58
35 :  57
Initializing...
maxdom : 35
D->valSize : 1225
Solving...
currentSize : 16 <-- 0.035880 s
currentSize : 17 <-- 0.036362 s
currentSize : 18 <-- 0.041784 s
currentSize : 19 <-- 0.068415 s
currentSize : 20 <-- 0.101074 s
currentSize : 21 <-- 0.128925 s
currentSize : 22 <-- 0.151354 s
currentSize : 23 <-- 0.416850 s
currentSize : 24 <-- 0.497528 s
currentSize : 25 <-- 8.237891 s
currentSize : 28 <-- 8.261138 s
currentSize : 31 <-- 8.261225 s

maxsize : 31
nodes : 796620.000000
filtered : 22617497.000000
CCGP filtered : 8306871.000000
CCGT filtered : 7580619.000000
time : 8.337203
