Parameters: GAD=1 vflib=1 dir=0 label=0 lowerbound=1 fileNameGp=../../cp2016-max-common-connected-subgraph-paper/datasets/graphsdb/mcs90/bvg/b03m/mcs90_b03m_s35.A03 fileNameGt=../../cp2016-max-common-connected-subgraph-paper/datasets/graphsdb/mcs90/bvg/b03m/mcs90_b03m_s35.B03
Reading graphs...
35 :  52
35 :  52
Initializing...
maxdom : 35
D->valSize : 1225
Solving...
currentSize : 18 <-- 0.020884 s
currentSize : 19 <-- 0.020925 s
currentSize : 20 <-- 0.020977 s
currentSize : 21 <-- 0.021128 s
currentSize : 22 <-- 0.022674 s
currentSize : 23 <-- 0.036103 s
currentSize : 24 <-- 0.050910 s
currentSize : 25 <-- 0.080353 s
currentSize : 26 <-- 0.176689 s
currentSize : 27 <-- 0.252123 s
currentSize : 28 <-- 0.292274 s
currentSize : 29 <-- 0.336718 s
currentSize : 30 <-- 0.356136 s

maxsize : 30
nodes : 66176.000000
filtered : 2192465.000000
CCGP filtered : 1556150.000000
CCGT filtered : 341761.000000
time : 0.700868
