Parameters: GAD=1 vflib=1 dir=0 label=0 lowerbound=1 fileNameGp=../../cp2016-max-common-connected-subgraph-paper/datasets/graphsdb/mcs90/rand/r005/mcs90_r005_s50.A02 fileNameGt=../../cp2016-max-common-connected-subgraph-paper/datasets/graphsdb/mcs90/rand/r005/mcs90_r005_s50.B02
Reading graphs...
50 :  119
50 :  120
Initializing...
maxdom : 50
D->valSize : 2500
Solving...
currentSize : 21 <-- 0.093590 s
currentSize : 22 <-- 0.094695 s
currentSize : 23 <-- 0.098881 s
currentSize : 24 <-- 0.258113 s
currentSize : 25 <-- 0.264058 s
currentSize : 26 <-- 0.401134 s
currentSize : 27 <-- 0.540235 s
currentSize : 28 <-- 0.556161 s
currentSize : 29 <-- 2.109884 s
currentSize : 30 <-- 57.339874 s

TIMEOUT
maxsize : 30
nodes : 65700439.000000
filtered : 2182569584.000000
CCGP filtered : 672045881.000000
CCGT filtered : 423473694.000000
time : 1000.000000
