Parameters: GAD=1 vflib=1 dir=0 label=0 lowerbound=1 fileNameGp=../../cp2016-max-common-connected-subgraph-paper/datasets/graphsdb/mcs90/rand/r005/mcs90_r005_s40.A08 fileNameGt=../../cp2016-max-common-connected-subgraph-paper/datasets/graphsdb/mcs90/rand/r005/mcs90_r005_s40.B08
Reading graphs...
40 :  77
40 :  77
Initializing...
maxdom : 40
D->valSize : 1600
Solving...
currentSize : 15 <-- 0.057770 s
currentSize : 16 <-- 0.057902 s
currentSize : 17 <-- 0.058171 s
currentSize : 18 <-- 0.058609 s
currentSize : 20 <-- 0.060149 s
currentSize : 21 <-- 0.079052 s
currentSize : 22 <-- 0.185741 s
currentSize : 23 <-- 0.657896 s
currentSize : 24 <-- 1.044463 s
currentSize : 25 <-- 3.428409 s
currentSize : 26 <-- 18.710340 s
currentSize : 27 <-- 378.979492 s
currentSize : 29 <-- 542.879272 s
currentSize : 30 <-- 543.334961 s
currentSize : 31 <-- 543.612610 s
currentSize : 32 <-- 543.625366 s
currentSize : 36 <-- 545.306824 s

maxsize : 36
nodes : 46436746.000000
filtered : 1375664993.000000
CCGP filtered : 403250426.000000
CCGT filtered : 293519331.000000
time : 545.465576
