Parameters: GAD=1 vflib=1 dir=0 label=0 lowerbound=1 fileNameGp=../../cp2016-max-common-connected-subgraph-paper/datasets/graphsdb/mcs90/bvg/b06m/mcs90_b06m_s35.A08 fileNameGt=../../cp2016-max-common-connected-subgraph-paper/datasets/graphsdb/mcs90/bvg/b06m/mcs90_b06m_s35.B08
Reading graphs...
35 :  103
35 :  102
Initializing...
maxdom : 35
D->valSize : 1225
Solving...
currentSize : 12 <-- 0.019323 s
currentSize : 15 <-- 0.019376 s
currentSize : 17 <-- 0.019542 s
currentSize : 18 <-- 0.035072 s
currentSize : 19 <-- 0.366012 s
currentSize : 20 <-- 1.010459 s
currentSize : 21 <-- 25.839348 s
currentSize : 22 <-- 52.508228 s
currentSize : 24 <-- 66.225220 s
currentSize : 25 <-- 74.654228 s
currentSize : 26 <-- 75.616058 s
currentSize : 31 <-- 75.622505 s

maxsize : 31
nodes : 7250918.000000
filtered : 201653599.000000
CCGP filtered : 17447479.000000
CCGT filtered : 11553735.000000
time : 75.720009
