Parameters: GAD=1 vflib=1 dir=0 label=0 lowerbound=1 fileNameGp=../../cp2016-max-common-connected-subgraph-paper/datasets/graphsdb/mcs90/m2D/m2Dr4/mcs90_m2Dr4_s50.A00 fileNameGt=../../cp2016-max-common-connected-subgraph-paper/datasets/graphsdb/mcs90/m2D/m2Dr4/mcs90_m2Dr4_s50.B00
Reading graphs...
50 :  105
50 :  105
Initializing...
maxdom : 50
D->valSize : 2500
Solving...
currentSize : 25 <-- 0.117024 s
currentSize : 26 <-- 0.117178 s
currentSize : 28 <-- 0.117774 s
currentSize : 29 <-- 0.118837 s
currentSize : 30 <-- 0.124416 s
currentSize : 31 <-- 0.159990 s
currentSize : 32 <-- 40.869057 s
currentSize : 33 <-- 51.234905 s
currentSize : 35 <-- 52.210171 s
currentSize : 36 <-- 63.939312 s
currentSize : 37 <-- 90.452568 s
currentSize : 38 <-- 90.464668 s
currentSize : 39 <-- 93.434364 s
currentSize : 40 <-- 93.616096 s
currentSize : 42 <-- 93.630669 s
currentSize : 45 <-- 93.635918 s
currentSize : 49 <-- 93.642281 s

maxsize : 49
nodes : 7245384.000000
filtered : 198897613.000000
CCGP filtered : 38543325.000000
CCGT filtered : 21636324.000000
time : 93.646065
