Parameters: GAD=1 vflib=1 dir=0 label=0 lowerbound=1 fileNameGp=../../cp2016-max-common-connected-subgraph-paper/datasets/graphsdb/mcs90/m2D/m2Dr4/mcs90_m2Dr4_s40.A06 fileNameGt=../../cp2016-max-common-connected-subgraph-paper/datasets/graphsdb/mcs90/m2D/m2Dr4/mcs90_m2Dr4_s40.B06
Reading graphs...
40 :  83
40 :  83
Initializing...
maxdom : 40
D->valSize : 1600
Solving...
currentSize : 14 <-- 0.034912 s
currentSize : 16 <-- 0.034968 s
currentSize : 17 <-- 0.035117 s
currentSize : 18 <-- 0.035355 s
currentSize : 19 <-- 0.035530 s
currentSize : 20 <-- 0.035869 s
currentSize : 21 <-- 0.036175 s
currentSize : 22 <-- 0.037360 s
currentSize : 23 <-- 0.040497 s
currentSize : 24 <-- 0.051150 s
currentSize : 25 <-- 0.667391 s
currentSize : 26 <-- 1.650677 s
currentSize : 27 <-- 1.818733 s
currentSize : 28 <-- 1.829681 s
currentSize : 30 <-- 1.995393 s
currentSize : 31 <-- 1.996120 s
currentSize : 36 <-- 74.840851 s

maxsize : 36
nodes : 5930063.000000
filtered : 293205463.000000
CCGP filtered : 13389282.000000
CCGT filtered : 6142081.000000
time : 75.019714
