Parameters: GAD=1 vflib=1 dir=0 label=0 lowerbound=1 fileNameGp=../../cp2016-max-common-connected-subgraph-paper/datasets/graphsdb/mcs90/rand/r01/mcs90_r01_s50.A08 fileNameGt=../../cp2016-max-common-connected-subgraph-paper/datasets/graphsdb/mcs90/rand/r01/mcs90_r01_s50.B08
Reading graphs...
50 :  232
50 :  231
Initializing...
maxdom : 50
D->valSize : 2500
Solving...
currentSize : 15 <-- 0.085340 s
currentSize : 17 <-- 0.085419 s
currentSize : 18 <-- 0.085543 s
currentSize : 19 <-- 0.086595 s
currentSize : 20 <-- 0.086638 s
currentSize : 21 <-- 0.715664 s
currentSize : 22 <-- 2.885938 s
currentSize : 23 <-- 71.901321 s
currentSize : 24 <-- 112.326401 s
currentSize : 25 <-- 117.675964 s
currentSize : 27 <-- 120.830025 s
currentSize : 30 <-- 406.992493 s
currentSize : 32 <-- 723.084839 s
currentSize : 35 <-- 968.537842 s
currentSize : 38 <-- 968.641541 s

TIMEOUT
maxsize : 38
nodes : 57040439.000000
filtered : 2788019566.000000
CCGP filtered : 6120423.000000
CCGT filtered : 5471657.000000
time : 1000.000000
