Parameters: GAD=1 vflib=1 dir=0 label=0 lowerbound=1 fileNameGp=../../cp2016-max-common-connected-subgraph-paper/datasets/graphsdb/mcs90/rand/r005/mcs90_r005_s35.A06 fileNameGt=../../cp2016-max-common-connected-subgraph-paper/datasets/graphsdb/mcs90/rand/r005/mcs90_r005_s35.B06
Reading graphs...
35 :  58
35 :  57
Initializing...
maxdom : 35
D->valSize : 1225
Solving...
currentSize : 19 <-- 0.020533 s
currentSize : 20 <-- 0.020660 s
currentSize : 21 <-- 0.020758 s
currentSize : 22 <-- 0.023180 s
currentSize : 23 <-- 0.030589 s
currentSize : 24 <-- 0.051269 s
currentSize : 25 <-- 0.426016 s
currentSize : 26 <-- 1.907745 s
currentSize : 27 <-- 4.834822 s
currentSize : 28 <-- 5.439488 s
currentSize : 29 <-- 5.439791 s
currentSize : 31 <-- 6.043010 s

maxsize : 31
nodes : 571093.000000
filtered : 18666878.000000
CCGP filtered : 9992918.000000
CCGT filtered : 4387159.000000
time : 6.118361
