Parameters: GAD=1 vflib=1 dir=0 label=0 lowerbound=1 fileNameGp=../../cp2016-max-common-connected-subgraph-paper/datasets/graphsdb/mcs90/rand/r005/mcs90_r005_s30.A06 fileNameGt=../../cp2016-max-common-connected-subgraph-paper/datasets/graphsdb/mcs90/rand/r005/mcs90_r005_s30.B06
Reading graphs...
30 :  42
30 :  42
Initializing...
maxdom : 30
D->valSize : 900
Solving...
currentSize : 14 <-- 0.011191 s
currentSize : 15 <-- 0.011270 s
currentSize : 16 <-- 0.011465 s
currentSize : 17 <-- 0.011972 s
currentSize : 18 <-- 0.014156 s
currentSize : 19 <-- 0.022871 s
currentSize : 20 <-- 0.046552 s
currentSize : 21 <-- 0.783114 s
currentSize : 23 <-- 0.796348 s
currentSize : 26 <-- 0.800115 s
currentSize : 27 <-- 0.800153 s

maxsize : 27
nodes : 95260.000000
filtered : 1807210.000000
CCGP filtered : 1860510.000000
CCGT filtered : 962629.000000
time : 0.823622
