Parameters: GAD=1 vflib=1 dir=0 label=0 lowerbound=1 fileNameGp=../../cp2016-max-common-connected-subgraph-paper/datasets/graphsdb/mcs90/m2D/m2D/mcs90_m2D_s20.A08 fileNameGt=../../cp2016-max-common-connected-subgraph-paper/datasets/graphsdb/mcs90/m2D/m2D/mcs90_m2D_s20.B08
Reading graphs...
20 :  31
20 :  31
Initializing...
maxdom : 20
D->valSize : 400
Solving...
currentSize : 9 <-- 0.002186 s
currentSize : 10 <-- 0.002213 s
currentSize : 11 <-- 0.002365 s
currentSize : 12 <-- 0.002485 s
currentSize : 13 <-- 0.003709 s
currentSize : 14 <-- 0.003839 s
currentSize : 15 <-- 0.014530 s
currentSize : 16 <-- 0.021458 s
currentSize : 17 <-- 0.023166 s

maxsize : 17
nodes : 6452.000000
filtered : 103296.000000
CCGP filtered : 15656.000000
CCGT filtered : 9186.000000
time : 0.036893
