Parameters: GAD=1 vflib=1 dir=0 label=0 lowerbound=1 fileNameGp=../../cp2016-max-common-connected-subgraph-paper/datasets/graphsdb/mcs90/rand/r01/mcs90_r01_s30.A01 fileNameGt=../../cp2016-max-common-connected-subgraph-paper/datasets/graphsdb/mcs90/rand/r01/mcs90_r01_s30.B01
Reading graphs...
30 :  82
30 :  82
Initializing...
maxdom : 30
D->valSize : 900
Solving...
currentSize : 12 <-- 0.010220 s
currentSize : 13 <-- 0.010294 s
currentSize : 14 <-- 0.010447 s
currentSize : 15 <-- 0.013233 s
currentSize : 16 <-- 0.040189 s
currentSize : 17 <-- 0.074485 s
currentSize : 19 <-- 0.074980 s
currentSize : 22 <-- 0.080770 s
currentSize : 23 <-- 0.086353 s
currentSize : 27 <-- 0.087600 s

maxsize : 27
nodes : 10566.000000
filtered : 188707.000000
CCGP filtered : 6507.000000
CCGT filtered : 10222.000000
time : 0.097735
