Parameters: GAD=1 vflib=1 dir=0 label=0 lowerbound=1 fileNameGp=../../cp2016-max-common-connected-subgraph-paper/datasets/graphsdb/mcs90/m2D/m2Dr6/mcs90_m2Dr6_s30.A04 fileNameGt=../../cp2016-max-common-connected-subgraph-paper/datasets/graphsdb/mcs90/m2D/m2Dr6/mcs90_m2Dr6_s30.B04
Reading graphs...
30 :  67
30 :  67
Initializing...
maxdom : 30
D->valSize : 900
Solving...
currentSize : 11 <-- 0.010630 s
currentSize : 12 <-- 0.010747 s
currentSize : 13 <-- 0.010932 s
currentSize : 14 <-- 0.010989 s
currentSize : 15 <-- 0.011198 s
currentSize : 16 <-- 0.018212 s
currentSize : 17 <-- 0.036586 s
currentSize : 18 <-- 0.204231 s
currentSize : 19 <-- 0.299267 s
currentSize : 20 <-- 9.175702 s
currentSize : 22 <-- 14.121873 s
currentSize : 25 <-- 19.331984 s

maxsize : 25
nodes : 2262888.000000
filtered : 54534724.000000
CCGP filtered : 5057027.000000
CCGT filtered : 3401963.000000
time : 19.403543
