Parameters: GAD=1 vflib=1 dir=0 label=0 lowerbound=1 fileNameGp=../../cp2016-max-common-connected-subgraph-paper/datasets/graphsdb/mcs90/rand/r01/mcs90_r01_s35.A08 fileNameGt=../../cp2016-max-common-connected-subgraph-paper/datasets/graphsdb/mcs90/rand/r01/mcs90_r01_s35.B08
Reading graphs...
35 :  114
35 :  115
Initializing...
maxdom : 35
D->valSize : 1225
Solving...
currentSize : 10 <-- 0.018661 s
currentSize : 15 <-- 0.018822 s
currentSize : 16 <-- 0.019126 s
currentSize : 17 <-- 0.057262 s
currentSize : 18 <-- 4.317571 s
currentSize : 19 <-- 70.796638 s
currentSize : 21 <-- 87.129852 s
currentSize : 23 <-- 97.213333 s
currentSize : 24 <-- 98.169083 s
currentSize : 26 <-- 98.198669 s
currentSize : 31 <-- 99.134895 s

maxsize : 31
nodes : 10350526.000000
filtered : 185229042.000000
CCGP filtered : 8682249.000000
CCGT filtered : 9146642.000000
time : 99.215775
