Parameters: GAD=1 vflib=1 dir=0 label=0 lowerbound=1 fileNameGp=../../cp2016-max-common-connected-subgraph-paper/datasets/graphsdb/mcs90/rand/r005/mcs90_r005_s30.A04 fileNameGt=../../cp2016-max-common-connected-subgraph-paper/datasets/graphsdb/mcs90/rand/r005/mcs90_r005_s30.B04
Reading graphs...
30 :  42
30 :  42
Initializing...
maxdom : 30
D->valSize : 900
Solving...
currentSize : 12 <-- 0.011334 s
currentSize : 14 <-- 0.011390 s
currentSize : 15 <-- 0.011495 s
currentSize : 17 <-- 0.011533 s
currentSize : 18 <-- 0.022280 s
currentSize : 19 <-- 0.058272 s
currentSize : 20 <-- 0.063592 s
currentSize : 21 <-- 0.605667 s
currentSize : 22 <-- 0.704729 s
currentSize : 23 <-- 0.762107 s
currentSize : 24 <-- 0.762124 s
currentSize : 27 <-- 0.762278 s

maxsize : 27
nodes : 76730.000000
filtered : 1959507.000000
CCGP filtered : 1696067.000000
CCGT filtered : 1320139.000000
time : 0.789635
