Parameters: GAD=1 vflib=1 dir=0 label=0 lowerbound=1 fileNameGp=../../cp2016-max-common-connected-subgraph-paper/datasets/graphsdb/mcs90/rand/r01/mcs90_r01_s35.A05 fileNameGt=../../cp2016-max-common-connected-subgraph-paper/datasets/graphsdb/mcs90/rand/r01/mcs90_r01_s35.B05
Reading graphs...
35 :  108
35 :  108
Initializing...
maxdom : 35
D->valSize : 1225
Solving...
currentSize : 15 <-- 0.033596 s
currentSize : 16 <-- 0.034618 s
currentSize : 17 <-- 0.037576 s
currentSize : 18 <-- 0.153183 s
currentSize : 19 <-- 1.841190 s
currentSize : 20 <-- 43.925503 s
currentSize : 21 <-- 49.636143 s
currentSize : 22 <-- 156.611053 s
currentSize : 24 <-- 188.236481 s
currentSize : 26 <-- 188.416473 s
currentSize : 28 <-- 188.468002 s
currentSize : 31 <-- 188.468201 s

maxsize : 31
nodes : 17824938.000000
filtered : 453151484.000000
CCGP filtered : 13666772.000000
CCGT filtered : 12218888.000000
time : 188.560913
