Parameters: GAD=1 vflib=1 dir=0 label=0 lowerbound=1 fileNameGp=../../cp2016-max-common-connected-subgraph-paper/datasets/graphsdb/mcs90/m2D/m2Dr2/mcs90_m2Dr2_s30.A02 fileNameGt=../../cp2016-max-common-connected-subgraph-paper/datasets/graphsdb/mcs90/m2D/m2Dr2/mcs90_m2Dr2_s30.B02
Reading graphs...
30 :  55
30 :  55
Initializing...
maxdom : 30
D->valSize : 900
Solving...
currentSize : 17 <-- 0.010805 s
currentSize : 18 <-- 0.010918 s
currentSize : 19 <-- 0.018442 s
currentSize : 20 <-- 0.064021 s
currentSize : 21 <-- 0.164889 s
currentSize : 22 <-- 0.885486 s
currentSize : 23 <-- 3.501918 s
currentSize : 24 <-- 3.548012 s
currentSize : 26 <-- 4.063588 s

maxsize : 26
nodes : 486329.000000
filtered : 13382745.000000
CCGP filtered : 4198938.000000
CCGT filtered : 1186088.000000
time : 4.125804
