Parameters: GAD=1 vflib=1 dir=0 label=0 lowerbound=1 fileNameGp=../../cp2016-max-common-connected-subgraph-paper/datasets/graphsdb/mcs90/bvg/b09m/mcs90_b09m_s40.A04 fileNameGt=../../cp2016-max-common-connected-subgraph-paper/datasets/graphsdb/mcs90/bvg/b09m/mcs90_b09m_s40.B04
Reading graphs...
40 :  176
40 :  174
Initializing...
maxdom : 40
D->valSize : 1600
Solving...
currentSize : 12 <-- 0.031656 s
currentSize : 13 <-- 0.031738 s
currentSize : 14 <-- 0.032058 s
currentSize : 15 <-- 0.033342 s
currentSize : 16 <-- 0.038333 s
currentSize : 17 <-- 0.137533 s
currentSize : 18 <-- 4.006956 s
currentSize : 19 <-- 7.676542 s
currentSize : 23 <-- 23.851896 s
currentSize : 26 <-- 27.064064 s
currentSize : 27 <-- 47.218830 s
currentSize : 31 <-- 56.273769 s
currentSize : 36 <-- 56.956566 s

maxsize : 36
nodes : 4211118.000000
filtered : 136948300.000000
CCGP filtered : 844555.000000
CCGT filtered : 1212574.000000
time : 57.093647
