Parameters: GAD=1 vflib=1 dir=0 label=0 lowerbound=1 fileNameGp=../../cp2016-max-common-connected-subgraph-paper/datasets/graphsdb/mcs90/bvg/b03m/mcs90_b03m_s40.A01 fileNameGt=../../cp2016-max-common-connected-subgraph-paper/datasets/graphsdb/mcs90/bvg/b03m/mcs90_b03m_s40.B01
Reading graphs...
40 :  60
40 :  60
Initializing...
maxdom : 40
D->valSize : 1600
Solving...
currentSize : 20 <-- 0.036407 s
currentSize : 21 <-- 0.036514 s
currentSize : 22 <-- 0.036532 s
currentSize : 23 <-- 0.036871 s
currentSize : 24 <-- 0.037106 s
currentSize : 25 <-- 0.044234 s
currentSize : 27 <-- 0.044388 s
currentSize : 28 <-- 0.195268 s
currentSize : 29 <-- 6.256065 s
currentSize : 30 <-- 6.725926 s
currentSize : 31 <-- 8.379207 s
currentSize : 32 <-- 10.670911 s
currentSize : 33 <-- 11.086861 s
currentSize : 36 <-- 14.640529 s
currentSize : 37 <-- 14.642686 s

maxsize : 37
nodes : 1287796.000000
filtered : 41648357.000000
CCGP filtered : 28582109.000000
CCGT filtered : 13884659.000000
time : 14.703840
