Parameters: GAD=1 vflib=1 dir=0 label=0 lowerbound=1 fileNameGp=../../cp2016-max-common-connected-subgraph-paper/datasets/graphsdb/mcs90/m2D/m2Dr6/mcs90_m2Dr6_s30.A00 fileNameGt=../../cp2016-max-common-connected-subgraph-paper/datasets/graphsdb/mcs90/m2D/m2Dr6/mcs90_m2Dr6_s30.B00
Reading graphs...
30 :  67
30 :  66
Initializing...
maxdom : 30
D->valSize : 900
Solving...
currentSize : 11 <-- 0.010787 s
currentSize : 12 <-- 0.010911 s
currentSize : 13 <-- 0.010987 s
currentSize : 14 <-- 0.011540 s
currentSize : 15 <-- 0.012393 s
currentSize : 16 <-- 0.013590 s
currentSize : 17 <-- 0.036170 s
currentSize : 18 <-- 0.086703 s
currentSize : 19 <-- 0.151344 s
currentSize : 21 <-- 2.037652 s
currentSize : 22 <-- 3.481172 s
currentSize : 23 <-- 3.840182 s
currentSize : 25 <-- 3.840676 s

maxsize : 25
nodes : 483017.000000
filtered : 11857290.000000
CCGP filtered : 1507120.000000
CCGT filtered : 885729.000000
time : 4.067555
