Parameters: GAD=1 vflib=1 dir=0 label=0 lowerbound=1 fileNameGp=../../cp2016-max-common-connected-subgraph-paper/datasets/graphsdb/mcs90/m3D/m3D/mcs90_m3D_s30.A07 fileNameGt=../../cp2016-max-common-connected-subgraph-paper/datasets/graphsdb/mcs90/m3D/m3D/mcs90_m3D_s30.B07
Reading graphs...
30 :  61
30 :  61
Initializing...
maxdom : 30
D->valSize : 900
Solving...
currentSize : 13 <-- 0.018797 s
currentSize : 16 <-- 0.018897 s
currentSize : 17 <-- 0.019166 s
currentSize : 18 <-- 0.030173 s
currentSize : 19 <-- 0.032516 s
currentSize : 22 <-- 0.069380 s
currentSize : 23 <-- 0.292860 s
currentSize : 24 <-- 0.669942 s
currentSize : 25 <-- 1.191693 s
currentSize : 27 <-- 1.450347 s

maxsize : 27
nodes : 175975.000000
filtered : 5230926.000000
CCGP filtered : 146215.000000
CCGT filtered : 39518.000000
time : 1.474343
