Parameters: GAD=1 vflib=1 dir=0 label=0 lowerbound=1 fileNameGp=../../cp2016-max-common-connected-subgraph-paper/datasets/graphsdb/mcs90/bvg/b03/mcs90_b03_s35.A07 fileNameGt=../../cp2016-max-common-connected-subgraph-paper/datasets/graphsdb/mcs90/bvg/b03/mcs90_b03_s35.B07
Reading graphs...
35 :  52
35 :  52
Initializing...
maxdom : 35
D->valSize : 1225
Solving...
currentSize : 15 <-- 0.021006 s
currentSize : 21 <-- 0.021087 s
currentSize : 22 <-- 0.023129 s
currentSize : 23 <-- 0.023282 s
currentSize : 24 <-- 0.023599 s
currentSize : 25 <-- 0.023933 s
currentSize : 26 <-- 0.024237 s
currentSize : 27 <-- 0.032638 s
currentSize : 28 <-- 0.044028 s
currentSize : 30 <-- 0.078780 s
currentSize : 31 <-- 0.103226 s
currentSize : 32 <-- 0.217170 s

maxsize : 32
nodes : 29230.000000
filtered : 1012567.000000
CCGP filtered : 331494.000000
CCGT filtered : 105163.000000
time : 0.328001
