Parameters: GAD=1 vflib=1 dir=0 label=0 lowerbound=1 fileNameGp=../../cp2016-max-common-connected-subgraph-paper/datasets/graphsdb/mcs90/bvg/b03m/mcs90_b03m_s50.A08 fileNameGt=../../cp2016-max-common-connected-subgraph-paper/datasets/graphsdb/mcs90/bvg/b03m/mcs90_b03m_s50.B08
Reading graphs...
50 :  75
50 :  75
Initializing...
maxdom : 50
D->valSize : 2500
Solving...
currentSize : 19 <-- 0.097855 s
currentSize : 27 <-- 0.098362 s
currentSize : 28 <-- 0.153335 s
currentSize : 29 <-- 0.229124 s
currentSize : 30 <-- 0.478694 s
currentSize : 31 <-- 2.291798 s
currentSize : 32 <-- 5.424488 s
currentSize : 33 <-- 12.792671 s
currentSize : 34 <-- 80.840225 s
currentSize : 35 <-- 80.860718 s
currentSize : 36 <-- 81.173958 s
currentSize : 37 <-- 447.999634 s
currentSize : 38 <-- 480.481628 s
currentSize : 39 <-- 562.344849 s
currentSize : 40 <-- 562.750732 s
currentSize : 41 <-- 562.836548 s
currentSize : 42 <-- 563.385193 s
currentSize : 44 <-- 594.181335 s

maxsize : 44
nodes : 47865131.000000
filtered : 1575841308.000000
CCGP filtered : 899677636.000000
CCGT filtered : 432556032.000000
time : 596.115479
