Parameters: GAD=1 vflib=1 dir=0 label=0 lowerbound=1 fileNameGp=../../cp2016-max-common-connected-subgraph-paper/datasets/graphsdb/mcs90/bvg/b09m/mcs90_b09m_s35.A02 fileNameGt=../../cp2016-max-common-connected-subgraph-paper/datasets/graphsdb/mcs90/bvg/b09m/mcs90_b09m_s35.B02
Reading graphs...
35 :  149
35 :  151
Initializing...
maxdom : 35
D->valSize : 1225
Solving...
currentSize : 12 <-- 0.018172 s
currentSize : 13 <-- 0.018439 s
currentSize : 14 <-- 0.018827 s
currentSize : 15 <-- 0.020091 s
currentSize : 16 <-- 0.059493 s
currentSize : 17 <-- 49.725342 s
currentSize : 18 <-- 281.268768 s
currentSize : 20 <-- 325.482117 s
currentSize : 22 <-- 356.527863 s
currentSize : 23 <-- 414.830688 s
currentSize : 30 <-- 414.849030 s

maxsize : 30
nodes : 37660713.000000
filtered : 789996935.000000
CCGP filtered : 15985031.000000
CCGT filtered : 12477370.000000
time : 415.115784
