Parameters: GAD=1 vflib=1 dir=0 label=0 lowerbound=1 fileNameGp=../../cp2016-max-common-connected-subgraph-paper/datasets/graphsdb/mcs90/bvg/b06/mcs90_b06_s35.A04 fileNameGt=../../cp2016-max-common-connected-subgraph-paper/datasets/graphsdb/mcs90/bvg/b06/mcs90_b06_s35.B04
Reading graphs...
35 :  104
35 :  105
Initializing...
maxdom : 35
D->valSize : 1225
Solving...
currentSize : 19 <-- 0.018918 s
currentSize : 20 <-- 0.018969 s
currentSize : 21 <-- 0.019027 s
currentSize : 22 <-- 0.022289 s
currentSize : 23 <-- 0.022492 s
currentSize : 24 <-- 0.023151 s
currentSize : 25 <-- 0.023362 s
currentSize : 26 <-- 0.025341 s
currentSize : 27 <-- 0.032868 s
currentSize : 28 <-- 0.038583 s
currentSize : 29 <-- 0.038782 s
currentSize : 31 <-- 0.055291 s
currentSize : 32 <-- 0.231665 s

maxsize : 32
nodes : 22836.000000
filtered : 993544.000000
CCGP filtered : 8092.000000
CCGT filtered : 1475.000000
time : 0.273286
