Parameters: GAD=1 vflib=1 dir=0 label=0 lowerbound=1 fileNameGp=../../cp2016-max-common-connected-subgraph-paper/datasets/graphsdb/mcs90/bvg/b09/mcs90_b09_s35.A07 fileNameGt=../../cp2016-max-common-connected-subgraph-paper/datasets/graphsdb/mcs90/bvg/b09/mcs90_b09_s35.B07
Reading graphs...
35 :  157
35 :  157
Initializing...
maxdom : 35
D->valSize : 1225
Solving...
currentSize : 11 <-- 0.017885 s
currentSize : 12 <-- 0.017923 s
currentSize : 13 <-- 0.017999 s
currentSize : 15 <-- 0.034966 s
currentSize : 16 <-- 0.103538 s
currentSize : 17 <-- 0.240180 s
currentSize : 18 <-- 0.240558 s
currentSize : 19 <-- 0.333385 s
currentSize : 20 <-- 0.333593 s
currentSize : 21 <-- 0.344391 s
currentSize : 26 <-- 0.367661 s
currentSize : 29 <-- 0.402706 s
currentSize : 30 <-- 0.403178 s

maxsize : 30
nodes : 106825.000000
filtered : 5339254.000000
CCGP filtered : 6441.000000
CCGT filtered : 24840.000000
time : 1.286984
