Parameters: GAD=1 vflib=1 dir=0 label=0 lowerbound=1 fileNameGp=../../cp2016-max-common-connected-subgraph-paper/datasets/graphsdb/mcs90/bvg/b09m/mcs90_b09m_s30.A09 fileNameGt=../../cp2016-max-common-connected-subgraph-paper/datasets/graphsdb/mcs90/bvg/b09m/mcs90_b09m_s30.B09
Reading graphs...
30 :  131
30 :  132
Initializing...
maxdom : 30
D->valSize : 900
Solving...
currentSize : 11 <-- 0.009549 s
currentSize : 12 <-- 0.010160 s
currentSize : 13 <-- 0.011333 s
currentSize : 14 <-- 0.276157 s
currentSize : 15 <-- 8.541334 s
currentSize : 16 <-- 8.542085 s
currentSize : 18 <-- 16.368284 s
currentSize : 19 <-- 17.058273 s
currentSize : 20 <-- 17.058352 s
currentSize : 21 <-- 17.061224 s
currentSize : 26 <-- 17.983601 s

maxsize : 26
nodes : 1938530.000000
filtered : 32988229.000000
CCGP filtered : 316784.000000
CCGT filtered : 562558.000000
time : 18.049192
