Parameters: GAD=1 vflib=1 dir=0 label=0 lowerbound=1 fileNameGp=../../cp2016-max-common-connected-subgraph-paper/datasets/graphsdb/mcs90/bvg/b03m/mcs90_b03m_s25.A00 fileNameGt=../../cp2016-max-common-connected-subgraph-paper/datasets/graphsdb/mcs90/bvg/b03m/mcs90_b03m_s25.B00
Reading graphs...
25 :  36
25 :  36
Initializing...
maxdom : 25
D->valSize : 625
Solving...
currentSize : 10 <-- 0.009222 s
currentSize : 13 <-- 0.009266 s
currentSize : 15 <-- 0.009552 s
currentSize : 16 <-- 0.009608 s
currentSize : 17 <-- 0.010388 s
currentSize : 18 <-- 0.107918 s
currentSize : 19 <-- 0.178455 s
currentSize : 20 <-- 0.222938 s
currentSize : 21 <-- 0.223556 s
currentSize : 23 <-- 0.225768 s

maxsize : 23
nodes : 21277.000000
filtered : 365943.000000
CCGP filtered : 358816.000000
CCGT filtered : 101244.000000
time : 0.229819
