Parameters: GAD=1 vflib=1 dir=0 label=0 lowerbound=1 fileNameGp=../../cp2016-max-common-connected-subgraph-paper/datasets/graphsdb/mcs90/bvg/b03/mcs90_b03_s35.A06 fileNameGt=../../cp2016-max-common-connected-subgraph-paper/datasets/graphsdb/mcs90/bvg/b03/mcs90_b03_s35.B06
Reading graphs...
35 :  52
35 :  52
Initializing...
maxdom : 35
D->valSize : 1225
Solving...
currentSize : 22 <-- 0.020763 s
currentSize : 23 <-- 0.020845 s
currentSize : 24 <-- 0.020925 s
currentSize : 26 <-- 0.021125 s
currentSize : 28 <-- 0.111459 s
currentSize : 29 <-- 0.184237 s
currentSize : 30 <-- 0.198545 s
currentSize : 31 <-- 0.382788 s
currentSize : 32 <-- 0.807034 s

maxsize : 32
nodes : 80842.000000
filtered : 2342648.000000
CCGP filtered : 1692259.000000
CCGT filtered : 373671.000000
time : 0.876586
