Parameters: GAD=1 vflib=1 dir=0 label=0 lowerbound=1 fileNameGp=../../cp2016-max-common-connected-subgraph-paper/datasets/graphsdb/mcs90/rand/r005/mcs90_r005_s30.A01 fileNameGt=../../cp2016-max-common-connected-subgraph-paper/datasets/graphsdb/mcs90/rand/r005/mcs90_r005_s30.B01
Reading graphs...
30 :  42
30 :  42
Initializing...
maxdom : 30
D->valSize : 900
Solving...
currentSize : 7 <-- 0.019998 s
currentSize : 13 <-- 0.020122 s
currentSize : 17 <-- 0.020236 s
currentSize : 18 <-- 0.022290 s
currentSize : 19 <-- 0.025985 s
currentSize : 20 <-- 0.027668 s
currentSize : 21 <-- 0.028465 s
currentSize : 22 <-- 0.164857 s
currentSize : 23 <-- 0.165001 s
currentSize : 24 <-- 0.234345 s
currentSize : 25 <-- 0.487444 s
currentSize : 26 <-- 0.488171 s
currentSize : 27 <-- 0.488449 s

maxsize : 27
nodes : 55125.000000
filtered : 1506660.000000
CCGP filtered : 910227.000000
CCGT filtered : 402665.000000
time : 0.507366
