Parameters: GAD=1 vflib=1 dir=0 label=0 lowerbound=1 fileNameGp=../../cp2016-max-common-connected-subgraph-paper/datasets/graphsdb/mcs90/m2D/m2Dr4/mcs90_m2Dr4_s40.A05 fileNameGt=../../cp2016-max-common-connected-subgraph-paper/datasets/graphsdb/mcs90/m2D/m2Dr4/mcs90_m2Dr4_s40.B05
Reading graphs...
40 :  83
40 :  81
Initializing...
maxdom : 40
D->valSize : 1600
Solving...
currentSize : 23 <-- 0.062847 s
currentSize : 24 <-- 0.076949 s
currentSize : 25 <-- 0.077712 s
currentSize : 26 <-- 0.086558 s
currentSize : 27 <-- 20.480120 s
currentSize : 28 <-- 107.849640 s
currentSize : 29 <-- 108.333878 s
currentSize : 31 <-- 124.116585 s
currentSize : 32 <-- 125.875076 s
currentSize : 33 <-- 126.202400 s
currentSize : 34 <-- 126.202431 s
currentSize : 35 <-- 126.625702 s
currentSize : 36 <-- 126.625961 s

maxsize : 36
nodes : 12044732.000000
filtered : 360251787.000000
CCGP filtered : 36826178.000000
CCGT filtered : 25246443.000000
time : 126.998299
