Parameters: GAD=1 vflib=1 dir=0 label=0 lowerbound=1 fileNameGp=../../cp2016-max-common-connected-subgraph-paper/datasets/graphsdb/mcs90/rand/r01/mcs90_r01_s30.A05 fileNameGt=../../cp2016-max-common-connected-subgraph-paper/datasets/graphsdb/mcs90/rand/r01/mcs90_r01_s30.B05
Reading graphs...
30 :  76
30 :  79
Initializing...
maxdom : 30
D->valSize : 900
Solving...
currentSize : 12 <-- 0.010330 s
currentSize : 13 <-- 0.010400 s
currentSize : 14 <-- 0.010766 s
currentSize : 15 <-- 0.010856 s
currentSize : 16 <-- 0.028477 s
currentSize : 17 <-- 0.494690 s
currentSize : 18 <-- 1.028768 s
currentSize : 19 <-- 1.645693 s
currentSize : 20 <-- 2.911981 s
currentSize : 22 <-- 3.171370 s
currentSize : 27 <-- 3.177664 s

maxsize : 27
nodes : 379857.000000
filtered : 7811210.000000
CCGP filtered : 697033.000000
CCGT filtered : 462656.000000
time : 3.204903
