Parameters: GAD=1 vflib=1 dir=0 label=0 lowerbound=1 fileNameGp=../../cp2016-max-common-connected-subgraph-paper/datasets/graphsdb/mcs90/m2D/m2Dr6/mcs90_m2Dr6_s30.A06 fileNameGt=../../cp2016-max-common-connected-subgraph-paper/datasets/graphsdb/mcs90/m2D/m2Dr6/mcs90_m2Dr6_s30.B06
Reading graphs...
30 :  65
30 :  64
Initializing...
maxdom : 30
D->valSize : 900
Solving...
currentSize : 14 <-- 0.010787 s
currentSize : 15 <-- 0.011062 s
currentSize : 16 <-- 0.011718 s
currentSize : 17 <-- 0.015133 s
currentSize : 18 <-- 0.024003 s
currentSize : 19 <-- 0.946022 s
currentSize : 20 <-- 13.187313 s
currentSize : 21 <-- 13.624213 s
currentSize : 23 <-- 13.990920 s
currentSize : 25 <-- 14.899758 s

maxsize : 25
nodes : 1862934.000000
filtered : 38635780.000000
CCGP filtered : 9087543.000000
CCGT filtered : 4196436.000000
time : 15.024980
