Parameters: GAD=1 vflib=1 dir=0 label=0 lowerbound=1 fileNameGp=../../cp2016-max-common-connected-subgraph-paper/datasets/graphsdb/mcs90/rand/r02/mcs90_r02_s35.A00 fileNameGt=../../cp2016-max-common-connected-subgraph-paper/datasets/graphsdb/mcs90/rand/r02/mcs90_r02_s35.B00
Reading graphs...
35 :  211
35 :  214
Initializing...
maxdom : 35
D->valSize : 1225
Solving...
currentSize : 9 <-- 0.017325 s
currentSize : 10 <-- 0.017540 s
currentSize : 11 <-- 0.018351 s
currentSize : 12 <-- 0.020435 s
currentSize : 13 <-- 0.059406 s
currentSize : 14 <-- 0.266859 s
currentSize : 15 <-- 1.105493 s
currentSize : 16 <-- 1.227619 s
currentSize : 17 <-- 1.405294 s
currentSize : 20 <-- 1.541326 s
currentSize : 23 <-- 7.780511 s
currentSize : 31 <-- 14.097358 s

maxsize : 31
nodes : 1076227.000000
filtered : 34477126.000000
CCGP filtered : 14151.000000
CCGT filtered : 5133.000000
time : 14.181025
