Parameters: GAD=1 vflib=1 dir=0 label=0 lowerbound=1 fileNameGp=../../cp2016-max-common-connected-subgraph-paper/datasets/graphsdb/mcs90/bvg/b06m/mcs90_b06m_s50.A07 fileNameGt=../../cp2016-max-common-connected-subgraph-paper/datasets/graphsdb/mcs90/bvg/b06m/mcs90_b06m_s50.B07
Reading graphs...
50 :  149
50 :  150
Initializing...
maxdom : 50
D->valSize : 2500
Solving...
currentSize : 20 <-- 0.090994 s
currentSize : 21 <-- 0.092372 s
currentSize : 22 <-- 0.100533 s
currentSize : 23 <-- 0.107702 s
currentSize : 24 <-- 0.124385 s
currentSize : 25 <-- 0.156998 s
currentSize : 26 <-- 38.127518 s
currentSize : 27 <-- 133.522430 s
currentSize : 28 <-- 134.905487 s
currentSize : 29 <-- 134.918259 s
currentSize : 30 <-- 135.242889 s
currentSize : 31 <-- 136.519058 s
currentSize : 32 <-- 154.791885 s
currentSize : 33 <-- 161.589584 s
currentSize : 35 <-- 210.192215 s
currentSize : 36 <-- 226.105667 s
currentSize : 37 <-- 229.366028 s
currentSize : 40 <-- 236.834229 s
currentSize : 45 <-- 239.505600 s

maxsize : 45
nodes : 15056291.000000
filtered : 582440196.000000
CCGP filtered : 85377695.000000
CCGT filtered : 55946377.000000
time : 240.268158
