Parameters: GAD=1 vflib=1 dir=0 label=0 lowerbound=1 fileNameGp=../../cp2016-max-common-connected-subgraph-paper/datasets/graphsdb/mcs90/m2D/m2Dr2/mcs90_m2Dr2_s40.A07 fileNameGt=../../cp2016-max-common-connected-subgraph-paper/datasets/graphsdb/mcs90/m2D/m2Dr2/mcs90_m2Dr2_s40.B07
Reading graphs...
40 :  75
40 :  75
Initializing...
maxdom : 40
D->valSize : 1600
Solving...
currentSize : 22 <-- 0.063693 s
currentSize : 23 <-- 0.064687 s
currentSize : 24 <-- 0.072377 s
currentSize : 25 <-- 0.117118 s
currentSize : 26 <-- 0.140495 s
currentSize : 27 <-- 4.578045 s
currentSize : 28 <-- 17.161940 s
currentSize : 29 <-- 42.815689 s
currentSize : 31 <-- 78.040085 s
currentSize : 32 <-- 98.217094 s
currentSize : 34 <-- 100.815712 s
currentSize : 36 <-- 100.831047 s

maxsize : 36
nodes : 9018216.000000
filtered : 296116652.000000
CCGP filtered : 101181572.000000
CCGT filtered : 52172030.000000
time : 101.007385
