Parameters: GAD=1 vflib=1 dir=0 label=0 lowerbound=1 fileNameGp=../../cp2016-max-common-connected-subgraph-paper/datasets/graphsdb/mcs90/m2D/m2Dr2/mcs90_m2Dr2_s40.A02 fileNameGt=../../cp2016-max-common-connected-subgraph-paper/datasets/graphsdb/mcs90/m2D/m2Dr2/mcs90_m2Dr2_s40.B02
Reading graphs...
40 :  75
40 :  75
Initializing...
maxdom : 40
D->valSize : 1600
Solving...
currentSize : 16 <-- 0.067036 s
currentSize : 17 <-- 0.067193 s
currentSize : 18 <-- 0.067443 s
currentSize : 19 <-- 0.072154 s
currentSize : 24 <-- 0.073219 s
currentSize : 25 <-- 0.088482 s
currentSize : 26 <-- 0.090728 s
currentSize : 27 <-- 0.219288 s
currentSize : 28 <-- 27.173214 s
currentSize : 31 <-- 111.965347 s
currentSize : 32 <-- 117.345810 s
currentSize : 35 <-- 144.472443 s
currentSize : 36 <-- 144.472610 s

maxsize : 36
nodes : 12597271.000000
filtered : 427528484.000000
CCGP filtered : 202810767.000000
CCGT filtered : 44810195.000000
time : 144.596039
