Parameters: GAD=1 vflib=1 dir=0 label=0 lowerbound=1 fileNameGp=../../cp2016-max-common-connected-subgraph-paper/datasets/graphsdb/mcs90/bvg/b06m/mcs90_b06m_s30.A08 fileNameGt=../../cp2016-max-common-connected-subgraph-paper/datasets/graphsdb/mcs90/bvg/b06m/mcs90_b06m_s30.B08
Reading graphs...
30 :  87
30 :  87
Initializing...
maxdom : 30
D->valSize : 900
Solving...
currentSize : 12 <-- 0.018306 s
currentSize : 14 <-- 0.018823 s
currentSize : 15 <-- 0.021057 s
currentSize : 16 <-- 0.064759 s
currentSize : 17 <-- 0.190142 s
currentSize : 18 <-- 2.306703 s
currentSize : 19 <-- 6.988912 s
currentSize : 20 <-- 27.496735 s
currentSize : 25 <-- 28.831951 s
currentSize : 27 <-- 28.832060 s

maxsize : 27
nodes : 3123742.000000
filtered : 85557659.000000
CCGP filtered : 5859348.000000
CCGT filtered : 3212082.000000
time : 28.849136
