Parameters: GAD=1 vflib=1 dir=0 label=0 lowerbound=1 fileNameGp=../../cp2016-max-common-connected-subgraph-paper/datasets/graphsdb/mcs90/m2D/m2Dr6/mcs90_m2Dr6_s40.A02 fileNameGt=../../cp2016-max-common-connected-subgraph-paper/datasets/graphsdb/mcs90/m2D/m2Dr6/mcs90_m2Dr6_s40.B02
Reading graphs...
40 :  90
40 :  88
Initializing...
maxdom : 40
D->valSize : 1600
Solving...
currentSize : 20 <-- 0.065952 s
currentSize : 21 <-- 0.068215 s
currentSize : 22 <-- 0.134634 s
currentSize : 23 <-- 0.144015 s
currentSize : 24 <-- 0.296576 s
currentSize : 25 <-- 45.195457 s
currentSize : 26 <-- 161.501282 s
currentSize : 27 <-- 295.941193 s
currentSize : 28 <-- 471.300476 s
currentSize : 32 <-- 478.793640 s
currentSize : 36 <-- 478.793915 s

maxsize : 36
nodes : 43485990.000000
filtered : 1285200359.000000
CCGP filtered : 130692584.000000
CCGT filtered : 139760599.000000
time : 478.942200
