Parameters: GAD=1 vflib=1 dir=0 label=0 lowerbound=1 fileNameGp=../../cp2016-max-common-connected-subgraph-paper/datasets/graphsdb/mcs90/bvg/b03m/mcs90_b03m_s25.A03 fileNameGt=../../cp2016-max-common-connected-subgraph-paper/datasets/graphsdb/mcs90/bvg/b03m/mcs90_b03m_s25.B03
Reading graphs...
25 :  37
25 :  37
Initializing...
maxdom : 25
D->valSize : 625
Solving...
currentSize : 10 <-- 0.005285 s
currentSize : 11 <-- 0.005490 s
currentSize : 12 <-- 0.005671 s
currentSize : 14 <-- 0.005836 s
currentSize : 15 <-- 0.008119 s
currentSize : 16 <-- 0.166993 s
currentSize : 17 <-- 0.167268 s
currentSize : 18 <-- 0.218644 s
currentSize : 19 <-- 0.218868 s
currentSize : 22 <-- 0.245939 s

maxsize : 22
nodes : 36007.000000
filtered : 579671.000000
CCGP filtered : 742733.000000
CCGT filtered : 254703.000000
time : 0.265894
