Parameters: GAD=1 vflib=1 dir=0 label=0 lowerbound=1 fileNameGp=../../cp2016-max-common-connected-subgraph-paper/datasets/graphsdb/mcs90/bvg/b03m/mcs90_b03m_s40.A06 fileNameGt=../../cp2016-max-common-connected-subgraph-paper/datasets/graphsdb/mcs90/bvg/b03m/mcs90_b03m_s40.B06
Reading graphs...
40 :  60
40 :  60
Initializing...
maxdom : 40
D->valSize : 1600
Solving...
currentSize : 15 <-- 0.057445 s
currentSize : 16 <-- 0.057762 s
currentSize : 20 <-- 0.057930 s
currentSize : 22 <-- 0.059611 s
currentSize : 23 <-- 0.064285 s
currentSize : 26 <-- 0.064320 s
currentSize : 27 <-- 0.082095 s
currentSize : 28 <-- 1.926190 s
currentSize : 29 <-- 3.729222 s
currentSize : 30 <-- 7.173277 s
currentSize : 31 <-- 10.059263 s
currentSize : 32 <-- 48.848648 s
currentSize : 33 <-- 48.887413 s
currentSize : 34 <-- 48.963856 s
currentSize : 35 <-- 49.449791 s
currentSize : 36 <-- 49.452778 s

maxsize : 36
nodes : 4082492.000000
filtered : 132291710.000000
CCGP filtered : 116524891.000000
CCGT filtered : 45237163.000000
time : 49.556980
