Parameters: GAD=1 vflib=1 dir=0 label=0 lowerbound=1 fileNameGp=../../cp2016-max-common-connected-subgraph-paper/datasets/graphsdb/mcs90/rand/r01/mcs90_r01_s30.A07 fileNameGt=../../cp2016-max-common-connected-subgraph-paper/datasets/graphsdb/mcs90/rand/r01/mcs90_r01_s30.B07
Reading graphs...
30 :  81
30 :  81
Initializing...
maxdom : 30
D->valSize : 900
Solving...
currentSize : 14 <-- 0.010200 s
currentSize : 15 <-- 0.010996 s
currentSize : 16 <-- 0.012318 s
currentSize : 17 <-- 0.015302 s
currentSize : 19 <-- 0.048341 s
currentSize : 20 <-- 0.126406 s
currentSize : 21 <-- 0.144296 s
currentSize : 23 <-- 0.151609 s
currentSize : 24 <-- 0.161340 s
currentSize : 27 <-- 0.165118 s

maxsize : 27
nodes : 18675.000000
filtered : 521341.000000
CCGP filtered : 7901.000000
CCGT filtered : 9848.000000
time : 0.181093
