Parameters: GAD=1 vflib=1 dir=0 label=0 lowerbound=1 fileNameGp=../../cp2016-max-common-connected-subgraph-paper/datasets/graphsdb/mcs90/rand/r02/mcs90_r02_s30.A08 fileNameGt=../../cp2016-max-common-connected-subgraph-paper/datasets/graphsdb/mcs90/rand/r02/mcs90_r02_s30.B08
Reading graphs...
30 :  151
30 :  153
Initializing...
maxdom : 30
D->valSize : 900
Solving...
currentSize : 9 <-- 0.009495 s
currentSize : 10 <-- 0.009583 s
currentSize : 11 <-- 0.010369 s
currentSize : 12 <-- 0.011771 s
currentSize : 13 <-- 0.028697 s
currentSize : 14 <-- 1.639007 s
currentSize : 15 <-- 1.640025 s
currentSize : 16 <-- 30.708128 s
currentSize : 20 <-- 30.824936 s
currentSize : 27 <-- 30.830408 s

maxsize : 27
nodes : 3281231.000000
filtered : 44240083.000000
CCGP filtered : 51441.000000
CCGT filtered : 115365.000000
time : 30.869720
