Parameters: GAD=1 vflib=1 dir=0 label=0 lowerbound=1 fileNameGp=../../cp2016-max-common-connected-subgraph-paper/datasets/graphsdb/mcs90/bvg/b03m/mcs90_b03m_s30.A01 fileNameGt=../../cp2016-max-common-connected-subgraph-paper/datasets/graphsdb/mcs90/bvg/b03m/mcs90_b03m_s30.B01
Reading graphs...
30 :  45
30 :  45
Initializing...
maxdom : 30
D->valSize : 900
Solving...
currentSize : 14 <-- 0.010988 s
currentSize : 15 <-- 0.011036 s
currentSize : 16 <-- 0.011172 s
currentSize : 17 <-- 0.011622 s
currentSize : 18 <-- 0.011942 s
currentSize : 19 <-- 0.012446 s
currentSize : 20 <-- 0.013405 s
currentSize : 21 <-- 0.037041 s
currentSize : 22 <-- 0.205521 s
currentSize : 23 <-- 0.414639 s
currentSize : 24 <-- 0.443743 s
currentSize : 25 <-- 0.679526 s
currentSize : 26 <-- 0.679691 s

maxsize : 26
nodes : 92074.000000
filtered : 2017666.000000
CCGP filtered : 1349831.000000
CCGT filtered : 653749.000000
time : 0.776030
