Parameters: GAD=1 vflib=1 dir=0 label=0 lowerbound=1 fileNameGp=../../cp2016-max-common-connected-subgraph-paper/datasets/graphsdb/mcs90/rand/r02/mcs90_r02_s40.A02 fileNameGt=../../cp2016-max-common-connected-subgraph-paper/datasets/graphsdb/mcs90/rand/r02/mcs90_r02_s40.B02
Reading graphs...
40 :  284
40 :  284
Initializing...
maxdom : 40
D->valSize : 1600
Solving...
currentSize : 11 <-- 0.029441 s
currentSize : 12 <-- 0.029553 s
currentSize : 13 <-- 0.030152 s
currentSize : 14 <-- 0.037890 s
currentSize : 15 <-- 3.694849 s
currentSize : 16 <-- 67.428764 s
currentSize : 17 <-- 424.171722 s
currentSize : 21 <-- 424.177002 s
currentSize : 23 <-- 629.427917 s
currentSize : 24 <-- 730.021973 s
currentSize : 25 <-- 767.624512 s
currentSize : 36 <-- 884.917480 s

maxsize : 36
nodes : 61389000.000000
filtered : 1237047943.000000
CCGP filtered : 299926.000000
CCGT filtered : 788113.000000
time : 885.073547
