Parameters: GAD=1 vflib=1 dir=0 label=0 lowerbound=1 fileNameGp=../../cp2016-max-common-connected-subgraph-paper/datasets/graphsdb/mcs90/bvg/b03m/mcs90_b03m_s20.A02 fileNameGt=../../cp2016-max-common-connected-subgraph-paper/datasets/graphsdb/mcs90/bvg/b03m/mcs90_b03m_s20.B02
Reading graphs...
20 :  29
20 :  29
Initializing...
maxdom : 20
D->valSize : 400
Solving...
currentSize : 7 <-- 0.002206 s
currentSize : 8 <-- 0.002229 s
currentSize : 12 <-- 0.002314 s
currentSize : 13 <-- 0.002392 s
currentSize : 14 <-- 0.005577 s
currentSize : 15 <-- 0.007249 s
currentSize : 16 <-- 0.007653 s
currentSize : 17 <-- 0.016457 s
currentSize : 18 <-- 0.019380 s

maxsize : 18
nodes : 3031.000000
filtered : 62263.000000
CCGP filtered : 43905.000000
CCGT filtered : 5812.000000
time : 0.020175
