Parameters: GAD=1 vflib=1 dir=0 label=0 lowerbound=1 fileNameGp=../../cp2016-max-common-connected-subgraph-paper/datasets/graphsdb/mcs90/rand/r005/mcs90_r005_s25.A01 fileNameGt=../../cp2016-max-common-connected-subgraph-paper/datasets/graphsdb/mcs90/rand/r005/mcs90_r005_s25.B01
Reading graphs...
25 :  29
25 :  29
Initializing...
maxdom : 25
D->valSize : 625
Solving...
currentSize : 5 <-- 0.005403 s
currentSize : 6 <-- 0.005436 s
currentSize : 10 <-- 0.005527 s
currentSize : 11 <-- 0.005603 s
currentSize : 12 <-- 0.005675 s
currentSize : 13 <-- 0.006206 s
currentSize : 14 <-- 0.006504 s
currentSize : 17 <-- 0.008226 s
currentSize : 18 <-- 0.011244 s
currentSize : 20 <-- 0.011324 s
currentSize : 21 <-- 0.015045 s
currentSize : 22 <-- 0.021517 s

maxsize : 22
nodes : 5544.000000
filtered : 117536.000000
CCGP filtered : 52067.000000
CCGT filtered : 36414.000000
time : 0.043513
