Parameters: GAD=1 vflib=1 dir=0 label=0 lowerbound=1 fileNameGp=../../cp2016-max-common-connected-subgraph-paper/datasets/graphsdb/mcs90/bvg/b09m/mcs90_b09m_s35.A03 fileNameGt=../../cp2016-max-common-connected-subgraph-paper/datasets/graphsdb/mcs90/bvg/b09m/mcs90_b09m_s35.B03
Reading graphs...
35 :  153
35 :  152
Initializing...
maxdom : 35
D->valSize : 1225
Solving...
currentSize : 11 <-- 0.031715 s
currentSize : 12 <-- 0.032107 s
currentSize : 13 <-- 0.038582 s
currentSize : 14 <-- 0.041323 s
currentSize : 15 <-- 0.067359 s
currentSize : 16 <-- 1.420793 s
currentSize : 17 <-- 14.567183 s
currentSize : 18 <-- 14.750733 s
currentSize : 19 <-- 14.892693 s
currentSize : 21 <-- 14.895289 s
currentSize : 23 <-- 15.258443 s
currentSize : 30 <-- 22.015415 s

maxsize : 30
nodes : 2017233.000000
filtered : 46641850.000000
CCGP filtered : 420120.000000
CCGT filtered : 482842.000000
time : 22.356821
