Parameters: GAD=1 vflib=1 dir=0 label=0 lowerbound=1 fileNameGp=../../cp2016-max-common-connected-subgraph-paper/datasets/graphsdb/mcs90/m3D/m3Dr4/mcs90_m3Dr4_s30.A01 fileNameGt=../../cp2016-max-common-connected-subgraph-paper/datasets/graphsdb/mcs90/m3D/m3Dr4/mcs90_m3Dr4_s30.B01
Reading graphs...
30 :  71
30 :  72
Initializing...
maxdom : 30
D->valSize : 900
Solving...
currentSize : 15 <-- 0.010545 s
currentSize : 16 <-- 0.010651 s
currentSize : 17 <-- 0.010793 s
currentSize : 18 <-- 0.255519 s
currentSize : 20 <-- 3.056351 s
currentSize : 21 <-- 5.051536 s
currentSize : 22 <-- 5.103230 s
currentSize : 23 <-- 8.906230 s
currentSize : 24 <-- 8.908964 s
currentSize : 25 <-- 9.186313 s
currentSize : 27 <-- 9.186404 s

maxsize : 27
nodes : 1094484.000000
filtered : 26545945.000000
CCGP filtered : 1368801.000000
CCGT filtered : 669290.000000
time : 9.215387
