Parameters: GAD=1 vflib=1 dir=0 label=0 lowerbound=1 fileNameGp=../../cp2016-max-common-connected-subgraph-paper/datasets/graphsdb/mcs90/bvg/b09/mcs90_b09_s35.A01 fileNameGt=../../cp2016-max-common-connected-subgraph-paper/datasets/graphsdb/mcs90/bvg/b09/mcs90_b09_s35.B01
Reading graphs...
35 :  155
35 :  155
Initializing...
maxdom : 35
D->valSize : 1225
Solving...
currentSize : 15 <-- 0.031789 s
currentSize : 16 <-- 0.031982 s
currentSize : 17 <-- 0.034222 s
currentSize : 18 <-- 0.034711 s
currentSize : 21 <-- 0.041125 s
currentSize : 22 <-- 0.076753 s
currentSize : 24 <-- 0.078197 s
currentSize : 26 <-- 0.207860 s
currentSize : 30 <-- 0.208029 s

maxsize : 30
nodes : 87441.000000
filtered : 5131727.000000
CCGP filtered : 165.000000
CCGT filtered : 2979.000000
time : 1.129404
