Parameters: GAD=1 vflib=1 dir=0 label=0 lowerbound=1 fileNameGp=../../cp2016-max-common-connected-subgraph-paper/datasets/graphsdb/mcs90/m2D/m2Dr6/mcs90_m2Dr6_s30.A07 fileNameGt=../../cp2016-max-common-connected-subgraph-paper/datasets/graphsdb/mcs90/m2D/m2Dr6/mcs90_m2Dr6_s30.B07
Reading graphs...
30 :  66
30 :  64
Initializing...
maxdom : 30
D->valSize : 900
Solving...
currentSize : 13 <-- 0.010778 s
currentSize : 14 <-- 0.010905 s
currentSize : 15 <-- 0.012912 s
currentSize : 16 <-- 0.018076 s
currentSize : 17 <-- 0.018773 s
currentSize : 18 <-- 0.369636 s
currentSize : 19 <-- 5.500296 s
currentSize : 20 <-- 7.886180 s
currentSize : 21 <-- 13.693567 s
currentSize : 22 <-- 14.551275 s
currentSize : 23 <-- 14.551385 s
currentSize : 24 <-- 14.604912 s
currentSize : 25 <-- 14.605225 s

maxsize : 25
nodes : 1861801.000000
filtered : 37475266.000000
CCGP filtered : 4395457.000000
CCGT filtered : 3112714.000000
time : 15.183990
