Parameters: GAD=1 vflib=1 dir=0 label=0 lowerbound=1 fileNameGp=../../cp2016-max-common-connected-subgraph-paper/datasets/graphsdb/mcs90/bvg/b03/mcs90_b03_s50.A03 fileNameGt=../../cp2016-max-common-connected-subgraph-paper/datasets/graphsdb/mcs90/bvg/b03/mcs90_b03_s50.B03
Reading graphs...
50 :  75
50 :  75
Initializing...
maxdom : 50
D->valSize : 2500
Solving...
currentSize : 34 <-- 0.097908 s
currentSize : 35 <-- 0.097949 s
currentSize : 36 <-- 0.098072 s
currentSize : 38 <-- 0.098316 s
currentSize : 39 <-- 0.098338 s
currentSize : 40 <-- 0.269063 s
currentSize : 41 <-- 0.529637 s
currentSize : 42 <-- 0.646283 s
currentSize : 44 <-- 1.731289 s
currentSize : 45 <-- 6.974487 s
currentSize : 46 <-- 9.289962 s

maxsize : 46
nodes : 531532.000000
filtered : 25726434.000000
CCGP filtered : 28086072.000000
CCGT filtered : 10530201.000000
time : 9.774181
