Parameters: GAD=1 vflib=1 dir=0 label=0 lowerbound=1 fileNameGp=../../cp2016-max-common-connected-subgraph-paper/datasets/graphsdb/mcs90/bvg/b03m/mcs90_b03m_s40.A02 fileNameGt=../../cp2016-max-common-connected-subgraph-paper/datasets/graphsdb/mcs90/bvg/b03m/mcs90_b03m_s40.B02
Reading graphs...
40 :  59
40 :  60
Initializing...
maxdom : 40
D->valSize : 1600
Solving...
currentSize : 19 <-- 0.036552 s
currentSize : 24 <-- 0.036986 s
currentSize : 25 <-- 0.037023 s
currentSize : 29 <-- 0.037320 s
currentSize : 31 <-- 0.039820 s
currentSize : 32 <-- 0.049940 s
currentSize : 33 <-- 0.069594 s
currentSize : 34 <-- 0.079735 s
currentSize : 35 <-- 0.132328 s
currentSize : 36 <-- 0.132939 s
currentSize : 37 <-- 0.133618 s

maxsize : 37
nodes : 8810.000000
filtered : 488461.000000
CCGP filtered : 484512.000000
CCGT filtered : 255598.000000
time : 0.185420
