Parameters: GAD=1 vflib=1 dir=0 label=0 lowerbound=1 fileNameGp=../../cp2016-max-common-connected-subgraph-paper/datasets/graphsdb/mcs90/bvg/b09/mcs90_b09_s30.A02 fileNameGt=../../cp2016-max-common-connected-subgraph-paper/datasets/graphsdb/mcs90/bvg/b09/mcs90_b09_s30.B02
Reading graphs...
30 :  135
30 :  135
Initializing...
maxdom : 30
D->valSize : 900
Solving...
currentSize : 12 <-- 0.017585 s
currentSize : 13 <-- 0.017866 s
currentSize : 14 <-- 0.018920 s
currentSize : 15 <-- 0.036330 s
currentSize : 16 <-- 0.228931 s
currentSize : 17 <-- 1.250790 s
currentSize : 18 <-- 1.253470 s
currentSize : 19 <-- 1.263977 s
currentSize : 20 <-- 1.264110 s
currentSize : 22 <-- 1.268393 s
currentSize : 26 <-- 1.277995 s

maxsize : 26
nodes : 148568.000000
filtered : 3107910.000000
CCGP filtered : 15243.000000
CCGT filtered : 14369.000000
time : 1.485886
