Parameters: GAD=1 vflib=1 dir=0 label=0 lowerbound=1 fileNameGp=../../cp2016-max-common-connected-subgraph-paper/datasets/graphsdb/mcs90/bvg/b06m/mcs90_b06m_s30.A03 fileNameGt=../../cp2016-max-common-connected-subgraph-paper/datasets/graphsdb/mcs90/bvg/b06m/mcs90_b06m_s30.B03
Reading graphs...
30 :  90
30 :  90
Initializing...
maxdom : 30
D->valSize : 900
Solving...
currentSize : 13 <-- 0.010106 s
currentSize : 14 <-- 0.010239 s
currentSize : 15 <-- 0.010998 s
currentSize : 16 <-- 0.024044 s
currentSize : 17 <-- 0.312667 s
currentSize : 18 <-- 0.313575 s
currentSize : 19 <-- 0.320872 s
currentSize : 20 <-- 0.321206 s
currentSize : 23 <-- 0.347977 s
currentSize : 25 <-- 0.354099 s
currentSize : 27 <-- 0.354219 s

maxsize : 27
nodes : 41163.000000
filtered : 793768.000000
CCGP filtered : 55646.000000
CCGT filtered : 56015.000000
time : 0.381000
