Parameters: GAD=1 vflib=1 dir=0 label=0 lowerbound=1 fileNameGp=../../cp2016-max-common-connected-subgraph-paper/datasets/graphsdb/mcs90/bvg/b03m/mcs90_b03m_s40.A04 fileNameGt=../../cp2016-max-common-connected-subgraph-paper/datasets/graphsdb/mcs90/bvg/b03m/mcs90_b03m_s40.B04
Reading graphs...
40 :  59
40 :  59
Initializing...
maxdom : 40
D->valSize : 1600
Solving...
currentSize : 11 <-- 0.065039 s
currentSize : 12 <-- 0.065279 s
currentSize : 14 <-- 0.065894 s
currentSize : 15 <-- 0.066311 s
currentSize : 16 <-- 0.066528 s
currentSize : 17 <-- 0.066821 s
currentSize : 19 <-- 0.067102 s
currentSize : 20 <-- 0.067712 s
currentSize : 23 <-- 0.069263 s
currentSize : 26 <-- 0.085715 s
currentSize : 27 <-- 0.172651 s
currentSize : 28 <-- 1.598032 s
currentSize : 29 <-- 2.763678 s
currentSize : 31 <-- 7.768689 s
currentSize : 33 <-- 7.772507 s
currentSize : 34 <-- 7.986057 s
currentSize : 36 <-- 7.987045 s

maxsize : 36
nodes : 718022.000000
filtered : 19238303.000000
CCGP filtered : 28123651.000000
CCGT filtered : 11025082.000000
time : 8.239079
