Parameters: GAD=1 vflib=1 dir=0 label=0 lowerbound=1 fileNameGp=../../cp2016-max-common-connected-subgraph-paper/datasets/graphsdb/mcs90/m3D/m3Dr6/mcs90_m3Dr6_s30.A01 fileNameGt=../../cp2016-max-common-connected-subgraph-paper/datasets/graphsdb/mcs90/m3D/m3Dr6/mcs90_m3Dr6_s30.B01
Reading graphs...
30 :  78
30 :  77
Initializing...
maxdom : 30
D->valSize : 900
Solving...
currentSize : 14 <-- 0.018231 s
currentSize : 15 <-- 0.018317 s
currentSize : 16 <-- 0.048683 s
currentSize : 17 <-- 0.091144 s
currentSize : 18 <-- 1.438934 s
currentSize : 19 <-- 1.848105 s
currentSize : 21 <-- 1.891087 s
currentSize : 23 <-- 7.175986 s
currentSize : 25 <-- 7.208402 s
currentSize : 27 <-- 7.309349 s

maxsize : 27
nodes : 831424.000000
filtered : 21691460.000000
CCGP filtered : 440073.000000
CCGT filtered : 397267.000000
time : 7.318548
