Parameters: GAD=1 vflib=1 dir=0 label=0 lowerbound=1 fileNameGp=../../cp2016-max-common-connected-subgraph-paper/datasets/graphsdb/mcs90/m2D/m2Dr4/mcs90_m2Dr4_s50.A08 fileNameGt=../../cp2016-max-common-connected-subgraph-paper/datasets/graphsdb/mcs90/m2D/m2Dr4/mcs90_m2Dr4_s50.B08
Reading graphs...
50 :  105
50 :  105
Initializing...
maxdom : 50
D->valSize : 2500
Solving...
currentSize : 25 <-- 0.094601 s
currentSize : 26 <-- 0.094660 s
currentSize : 27 <-- 0.111139 s
currentSize : 29 <-- 0.120115 s
currentSize : 30 <-- 0.197804 s
currentSize : 31 <-- 0.201724 s
currentSize : 32 <-- 0.402588 s
currentSize : 33 <-- 0.574426 s
currentSize : 34 <-- 1.512170 s
currentSize : 35 <-- 1.631867 s
currentSize : 37 <-- 1.632413 s
currentSize : 38 <-- 25.871723 s
currentSize : 39 <-- 113.797249 s
currentSize : 40 <-- 340.968567 s
currentSize : 41 <-- 341.332611 s
currentSize : 43 <-- 342.897797 s
currentSize : 44 <-- 342.955444 s
currentSize : 49 <-- 342.963654 s

maxsize : 49
nodes : 20585821.000000
filtered : 1233158469.000000
CCGP filtered : 49458575.000000
CCGT filtered : 22328450.000000
time : 342.968567
