Parameters: GAD=1 vflib=1 dir=0 label=0 lowerbound=1 fileNameGp=../../cp2016-max-common-connected-subgraph-paper/datasets/graphsdb/mcs90/rand/r02/mcs90_r02_s30.A07 fileNameGt=../../cp2016-max-common-connected-subgraph-paper/datasets/graphsdb/mcs90/rand/r02/mcs90_r02_s30.B07
Reading graphs...
30 :  157
30 :  160
Initializing...
maxdom : 30
D->valSize : 900
Solving...
currentSize : 10 <-- 0.016423 s
currentSize : 11 <-- 0.017786 s
currentSize : 12 <-- 0.021860 s
currentSize : 13 <-- 0.091233 s
currentSize : 14 <-- 3.244622 s
currentSize : 15 <-- 7.999408 s
currentSize : 17 <-- 15.857635 s
currentSize : 18 <-- 17.279856 s
currentSize : 20 <-- 17.359531 s
currentSize : 27 <-- 17.360241 s

maxsize : 27
nodes : 1820257.000000
filtered : 21961156.000000
CCGP filtered : 17313.000000
CCGT filtered : 31604.000000
time : 17.387093
