Parameters: GAD=1 vflib=1 dir=0 label=0 lowerbound=1 fileNameGp=../../cp2016-max-common-connected-subgraph-paper/datasets/graphsdb/mcs90/rand/r01/mcs90_r01_s25.A05 fileNameGt=../../cp2016-max-common-connected-subgraph-paper/datasets/graphsdb/mcs90/rand/r01/mcs90_r01_s25.B05
Reading graphs...
25 :  58
25 :  59
Initializing...
maxdom : 25
D->valSize : 625
Solving...
currentSize : 10 <-- 0.008518 s
currentSize : 11 <-- 0.008590 s
currentSize : 12 <-- 0.009356 s
currentSize : 13 <-- 0.011599 s
currentSize : 14 <-- 0.012457 s
currentSize : 15 <-- 0.021219 s
currentSize : 16 <-- 0.021471 s
currentSize : 20 <-- 0.026573 s
currentSize : 22 <-- 0.026645 s

maxsize : 22
nodes : 3397.000000
filtered : 119412.000000
CCGP filtered : 5967.000000
CCGT filtered : 2380.000000
time : 0.051759
