Parameters: GAD=1 vflib=1 dir=0 label=0 lowerbound=1 fileNameGp=../../cp2016-max-common-connected-subgraph-paper/datasets/graphsdb/mcs90/bvg/b09/mcs90_b09_s35.A06 fileNameGt=../../cp2016-max-common-connected-subgraph-paper/datasets/graphsdb/mcs90/bvg/b09/mcs90_b09_s35.B06
Reading graphs...
35 :  156
35 :  157
Initializing...
maxdom : 35
D->valSize : 1225
Solving...
currentSize : 12 <-- 0.018356 s
currentSize : 13 <-- 0.018445 s
currentSize : 14 <-- 0.020921 s
currentSize : 15 <-- 0.022898 s
currentSize : 16 <-- 0.053398 s
currentSize : 17 <-- 2.314292 s
currentSize : 18 <-- 2.316669 s
currentSize : 19 <-- 2.324378 s
currentSize : 20 <-- 2.330223 s
currentSize : 21 <-- 2.354720 s
currentSize : 22 <-- 2.446190 s
currentSize : 23 <-- 2.565352 s
currentSize : 27 <-- 2.566772 s
currentSize : 30 <-- 2.567029 s

maxsize : 30
nodes : 266747.000000
filtered : 7085644.000000
CCGP filtered : 24791.000000
CCGT filtered : 40053.000000
time : 3.238507
