Parameters: GAD=1 vflib=1 dir=0 label=0 lowerbound=1 fileNameGp=../../cp2016-max-common-connected-subgraph-paper/datasets/graphsdb/mcs90/m3D/m3Dr4/mcs90_m3Dr4_s30.A06 fileNameGt=../../cp2016-max-common-connected-subgraph-paper/datasets/graphsdb/mcs90/m3D/m3Dr4/mcs90_m3Dr4_s30.B06
Reading graphs...
30 :  70
30 :  70
Initializing...
maxdom : 30
D->valSize : 900
Solving...
currentSize : 12 <-- 0.010459 s
currentSize : 13 <-- 0.010656 s
currentSize : 14 <-- 0.010747 s
currentSize : 15 <-- 0.012480 s
currentSize : 16 <-- 0.012733 s
currentSize : 17 <-- 0.013149 s
currentSize : 18 <-- 0.073479 s
currentSize : 19 <-- 1.660300 s
currentSize : 20 <-- 4.888610 s
currentSize : 21 <-- 7.487035 s
currentSize : 23 <-- 7.988957 s
currentSize : 27 <-- 8.047160 s

maxsize : 27
nodes : 991246.000000
filtered : 18401159.000000
CCGP filtered : 951873.000000
CCGT filtered : 580787.000000
time : 8.086872
