Parameters: GAD=1 vflib=1 dir=0 label=0 lowerbound=1 fileNameGp=../../cp2016-max-common-connected-subgraph-paper/datasets/graphsdb/mcs90/bvg/b03m/mcs90_b03m_s20.A06 fileNameGt=../../cp2016-max-common-connected-subgraph-paper/datasets/graphsdb/mcs90/bvg/b03m/mcs90_b03m_s20.B06
Reading graphs...
20 :  30
20 :  30
Initializing...
maxdom : 20
D->valSize : 400
Solving...
currentSize : 9 <-- 0.002217 s
currentSize : 10 <-- 0.002309 s
currentSize : 11 <-- 0.002380 s
currentSize : 12 <-- 0.002478 s
currentSize : 13 <-- 0.002595 s
currentSize : 14 <-- 0.003070 s
currentSize : 15 <-- 0.003878 s
currentSize : 16 <-- 0.019805 s
currentSize : 18 <-- 0.023861 s

maxsize : 18
nodes : 4111.000000
filtered : 72569.000000
CCGP filtered : 31614.000000
CCGT filtered : 5070.000000
time : 0.025499
