Parameters: GAD=1 vflib=1 dir=0 label=0 lowerbound=1 fileNameGp=../../cp2016-max-common-connected-subgraph-paper/datasets/graphsdb/mcs90/m2D/m2Dr2/mcs90_m2Dr2_s40.A03 fileNameGt=../../cp2016-max-common-connected-subgraph-paper/datasets/graphsdb/mcs90/m2D/m2Dr2/mcs90_m2Dr2_s40.B03
Reading graphs...
40 :  75
40 :  74
Initializing...
maxdom : 40
D->valSize : 1600
Solving...
currentSize : 19 <-- 0.035753 s
currentSize : 23 <-- 0.035830 s
currentSize : 24 <-- 0.044181 s
currentSize : 25 <-- 0.054772 s
currentSize : 26 <-- 0.057270 s
currentSize : 27 <-- 0.103882 s
currentSize : 29 <-- 1.169549 s
currentSize : 30 <-- 178.573502 s
currentSize : 31 <-- 186.880737 s
currentSize : 32 <-- 187.933029 s
currentSize : 33 <-- 188.136353 s
currentSize : 36 <-- 190.254562 s

maxsize : 36
nodes : 15695296.000000
filtered : 544912044.000000
CCGP filtered : 219684586.000000
CCGT filtered : 122256428.000000
time : 190.468567
