Parameters: GAD=1 vflib=1 dir=0 label=0 lowerbound=1 fileNameGp=../../cp2016-max-common-connected-subgraph-paper/datasets/graphsdb/mcs90/bvg/b09/mcs90_b09_s30.A01 fileNameGt=../../cp2016-max-common-connected-subgraph-paper/datasets/graphsdb/mcs90/bvg/b09/mcs90_b09_s30.B01
Reading graphs...
30 :  134
30 :  134
Initializing...
maxdom : 30
D->valSize : 900
Solving...
currentSize : 10 <-- 0.009642 s
currentSize : 11 <-- 0.010150 s
currentSize : 12 <-- 0.010264 s
currentSize : 13 <-- 0.016442 s
currentSize : 14 <-- 0.016980 s
currentSize : 15 <-- 0.017820 s
currentSize : 16 <-- 0.651731 s
currentSize : 18 <-- 0.654582 s
currentSize : 19 <-- 0.655544 s
currentSize : 20 <-- 0.655694 s
currentSize : 22 <-- 0.660920 s
currentSize : 26 <-- 0.664871 s

maxsize : 26
nodes : 92708.000000
filtered : 2022462.000000
CCGP filtered : 5674.000000
CCGT filtered : 29079.000000
time : 0.916447
