Parameters: GAD=1 vflib=1 dir=0 label=0 lowerbound=1 fileNameGp=../../cp2016-max-common-connected-subgraph-paper/datasets/graphsdb/mcs90/rand/r005/mcs90_r005_s30.A03 fileNameGt=../../cp2016-max-common-connected-subgraph-paper/datasets/graphsdb/mcs90/rand/r005/mcs90_r005_s30.B03
Reading graphs...
30 :  41
30 :  42
Initializing...
maxdom : 30
D->valSize : 900
Solving...
currentSize : 13 <-- 0.019141 s
currentSize : 14 <-- 0.019206 s
currentSize : 15 <-- 0.019386 s
currentSize : 16 <-- 0.019737 s
currentSize : 17 <-- 0.021578 s
currentSize : 18 <-- 0.025436 s
currentSize : 19 <-- 0.026231 s
currentSize : 20 <-- 0.360580 s
currentSize : 21 <-- 0.360625 s
currentSize : 22 <-- 0.398085 s
currentSize : 24 <-- 0.494332 s
currentSize : 26 <-- 0.494531 s
currentSize : 27 <-- 0.494562 s

maxsize : 27
nodes : 60921.000000
filtered : 943582.000000
CCGP filtered : 791723.000000
CCGT filtered : 389498.000000
time : 0.513224
