Parameters: GAD=1 vflib=1 dir=0 label=0 lowerbound=1 fileNameGp=../../cp2016-max-common-connected-subgraph-paper/datasets/graphsdb/mcs90/m4D/m4Dr2/mcs90_m4Dr2_s20.A07 fileNameGt=../../cp2016-max-common-connected-subgraph-paper/datasets/graphsdb/mcs90/m4D/m4Dr2/mcs90_m4Dr2_s20.B07
Reading graphs...
20 :  41
20 :  41
Initializing...
maxdom : 20
D->valSize : 400
Solving...
currentSize : 8 <-- 0.003599 s
currentSize : 9 <-- 0.003730 s
currentSize : 10 <-- 0.003930 s
currentSize : 11 <-- 0.004235 s
currentSize : 12 <-- 0.004762 s
currentSize : 13 <-- 0.004942 s
currentSize : 14 <-- 0.013635 s
currentSize : 15 <-- 0.043110 s
currentSize : 16 <-- 0.043154 s

maxsize : 16
nodes : 6569.000000
filtered : 155880.000000
CCGP filtered : 76275.000000
CCGT filtered : 34002.000000
time : 0.056328
