Parameters: GAD=1 vflib=1 dir=0 label=0 lowerbound=1 fileNameGp=../../cp2016-max-common-connected-subgraph-paper/datasets/graphsdb/mcs90/rand/r02/mcs90_r02_s30.A02 fileNameGt=../../cp2016-max-common-connected-subgraph-paper/datasets/graphsdb/mcs90/rand/r02/mcs90_r02_s30.B02
Reading graphs...
30 :  153
30 :  156
Initializing...
maxdom : 30
D->valSize : 900
Solving...
currentSize : 10 <-- 0.016357 s
currentSize : 11 <-- 0.017241 s
currentSize : 12 <-- 0.030353 s
currentSize : 13 <-- 0.105904 s
currentSize : 14 <-- 0.402053 s
currentSize : 15 <-- 0.568147 s
currentSize : 16 <-- 13.691355 s
currentSize : 18 <-- 14.977571 s
currentSize : 19 <-- 14.996207 s
currentSize : 27 <-- 18.603544 s

maxsize : 27
nodes : 1909955.000000
filtered : 32356551.000000
CCGP filtered : 47487.000000
CCGT filtered : 33936.000000
time : 18.619452
