Parameters: GAD=1 vflib=1 dir=0 label=0 lowerbound=1 fileNameGp=../../cp2016-max-common-connected-subgraph-paper/datasets/graphsdb/mcs90/m2D/m2Dr6/mcs90_m2Dr6_s30.A08 fileNameGt=../../cp2016-max-common-connected-subgraph-paper/datasets/graphsdb/mcs90/m2D/m2Dr6/mcs90_m2Dr6_s30.B08
Reading graphs...
30 :  66
30 :  66
Initializing...
maxdom : 30
D->valSize : 900
Solving...
currentSize : 14 <-- 0.010520 s
currentSize : 15 <-- 0.010611 s
currentSize : 16 <-- 0.010935 s
currentSize : 17 <-- 0.012037 s
currentSize : 18 <-- 0.017428 s
currentSize : 19 <-- 0.017771 s
currentSize : 20 <-- 1.870080 s
currentSize : 24 <-- 3.094639 s
currentSize : 25 <-- 3.094711 s

maxsize : 25
nodes : 400190.000000
filtered : 9000759.000000
CCGP filtered : 1171815.000000
CCGT filtered : 848579.000000
time : 3.366778
