Parameters: GAD=1 vflib=1 dir=0 label=0 lowerbound=1 fileNameGp=../../cp2016-max-common-connected-subgraph-paper/datasets/graphsdb/mcs90/bvg/b06/mcs90_b06_s30.A01 fileNameGt=../../cp2016-max-common-connected-subgraph-paper/datasets/graphsdb/mcs90/bvg/b06/mcs90_b06_s30.B01
Reading graphs...
30 :  90
30 :  89
Initializing...
maxdom : 30
D->valSize : 900
Solving...
currentSize : 11 <-- 0.018372 s
currentSize : 12 <-- 0.018474 s
currentSize : 14 <-- 0.018944 s
currentSize : 15 <-- 0.020604 s
currentSize : 16 <-- 0.023587 s
currentSize : 17 <-- 0.023910 s
currentSize : 18 <-- 0.024277 s
currentSize : 19 <-- 0.024689 s
currentSize : 20 <-- 0.028684 s
currentSize : 22 <-- 0.038348 s
currentSize : 23 <-- 0.038670 s
currentSize : 24 <-- 0.058283 s
currentSize : 25 <-- 0.058495 s
currentSize : 27 <-- 0.059701 s

maxsize : 27
nodes : 12565.000000
filtered : 399653.000000
CCGP filtered : 17074.000000
CCGT filtered : 10800.000000
time : 0.202649
