Parameters: GAD=1 vflib=1 dir=0 label=0 lowerbound=1 fileNameGp=../../cp2016-max-common-connected-subgraph-paper/datasets/graphsdb/mcs90/bvg/b09m/mcs90_b09m_s35.A01 fileNameGt=../../cp2016-max-common-connected-subgraph-paper/datasets/graphsdb/mcs90/bvg/b09m/mcs90_b09m_s35.B01
Reading graphs...
35 :  156
35 :  156
Initializing...
maxdom : 35
D->valSize : 1225
Solving...
currentSize : 13 <-- 0.018220 s
currentSize : 14 <-- 0.019374 s
currentSize : 15 <-- 0.035781 s
currentSize : 16 <-- 2.176327 s
currentSize : 17 <-- 5.448851 s
currentSize : 20 <-- 26.293535 s
currentSize : 21 <-- 60.221905 s
currentSize : 24 <-- 60.228916 s
currentSize : 25 <-- 67.279076 s
currentSize : 26 <-- 67.297722 s
currentSize : 30 <-- 67.297897 s

maxsize : 30
nodes : 5986375.000000
filtered : 156646775.000000
CCGP filtered : 1918853.000000
CCGT filtered : 2455607.000000
time : 67.602386
