Parameters: GAD=1 vflib=1 dir=0 label=0 lowerbound=1 fileNameGp=../../cp2016-max-common-connected-subgraph-paper/datasets/graphsdb/mcs90/m2D/m2Dr2/mcs90_m2Dr2_s30.A07 fileNameGt=../../cp2016-max-common-connected-subgraph-paper/datasets/graphsdb/mcs90/m2D/m2Dr2/mcs90_m2Dr2_s30.B07
Reading graphs...
30 :  54
30 :  52
Initializing...
maxdom : 30
D->valSize : 900
Solving...
currentSize : 13 <-- 0.010792 s
currentSize : 14 <-- 0.010818 s
currentSize : 15 <-- 0.010867 s
currentSize : 16 <-- 0.010960 s
currentSize : 17 <-- 0.011105 s
currentSize : 18 <-- 0.011509 s
currentSize : 19 <-- 0.014376 s
currentSize : 20 <-- 0.024308 s
currentSize : 21 <-- 0.521080 s
currentSize : 22 <-- 1.710764 s
currentSize : 23 <-- 1.738150 s
currentSize : 25 <-- 1.979145 s

maxsize : 25
nodes : 305036.000000
filtered : 7467315.000000
CCGP filtered : 1887254.000000
CCGT filtered : 1016714.000000
time : 2.484315
