Parameters: GAD=1 vflib=1 dir=0 label=0 lowerbound=1 fileNameGp=../../cp2016-max-common-connected-subgraph-paper/datasets/graphsdb/mcs90/m2D/m2D/mcs90_m2D_s40.A04 fileNameGt=../../cp2016-max-common-connected-subgraph-paper/datasets/graphsdb/mcs90/m2D/m2D/mcs90_m2D_s40.B04
Reading graphs...
40 :  67
40 :  67
Initializing...
maxdom : 40
D->valSize : 1600
Solving...
currentSize : 17 <-- 0.035734 s
currentSize : 19 <-- 0.035802 s
currentSize : 22 <-- 0.035915 s
currentSize : 23 <-- 0.037286 s
currentSize : 24 <-- 0.039216 s
currentSize : 25 <-- 0.042425 s
currentSize : 26 <-- 0.042592 s
currentSize : 27 <-- 0.106909 s
currentSize : 28 <-- 0.178047 s
currentSize : 29 <-- 0.201552 s
currentSize : 30 <-- 0.223921 s
currentSize : 31 <-- 0.312330 s
currentSize : 32 <-- 0.929283 s
currentSize : 33 <-- 1.357272 s
currentSize : 34 <-- 1.432752 s
currentSize : 36 <-- 1.578978 s
currentSize : 37 <-- 1.893469 s

maxsize : 37
nodes : 184672.000000
filtered : 6189369.000000
CCGP filtered : 1071747.000000
CCGT filtered : 285204.000000
time : 1.990713
