Parameters: GAD=1 vflib=1 dir=0 label=0 lowerbound=1 fileNameGp=../../cp2016-max-common-connected-subgraph-paper/datasets/graphsdb/mcs90/m3D/m3Dr4/mcs90_m3Dr4_s30.A05 fileNameGt=../../cp2016-max-common-connected-subgraph-paper/datasets/graphsdb/mcs90/m3D/m3Dr4/mcs90_m3Dr4_s30.B05
Reading graphs...
30 :  73
30 :  73
Initializing...
maxdom : 30
D->valSize : 900
Solving...
currentSize : 14 <-- 0.018690 s
currentSize : 16 <-- 0.018887 s
currentSize : 17 <-- 0.019243 s
currentSize : 18 <-- 0.046936 s
currentSize : 19 <-- 1.553383 s
currentSize : 20 <-- 1.580696 s
currentSize : 22 <-- 5.588647 s
currentSize : 23 <-- 11.523084 s
currentSize : 27 <-- 11.535779 s

maxsize : 27
nodes : 1321585.000000
filtered : 34678713.000000
CCGP filtered : 757981.000000
CCGT filtered : 604893.000000
time : 11.570935
