Parameters: GAD=1 vflib=1 dir=0 label=0 lowerbound=1 fileNameGp=../../cp2016-max-common-connected-subgraph-paper/datasets/graphsdb/mcs90/m2D/m2Dr2/mcs90_m2Dr2_s50.A01 fileNameGt=../../cp2016-max-common-connected-subgraph-paper/datasets/graphsdb/mcs90/m2D/m2Dr2/mcs90_m2Dr2_s50.B01
Reading graphs...
50 :  95
50 :  94
Initializing...
maxdom : 50
D->valSize : 2500
Solving...
currentSize : 27 <-- 0.095123 s
currentSize : 31 <-- 0.096084 s
currentSize : 33 <-- 0.096192 s
currentSize : 34 <-- 0.238432 s
currentSize : 35 <-- 0.244073 s
currentSize : 36 <-- 23.353251 s
currentSize : 37 <-- 29.595863 s
currentSize : 38 <-- 30.057743 s
currentSize : 39 <-- 30.938065 s
currentSize : 40 <-- 64.029335 s
currentSize : 42 <-- 64.655418 s
currentSize : 44 <-- 65.797256 s
currentSize : 45 <-- 67.040359 s
currentSize : 49 <-- 67.046829 s

maxsize : 49
nodes : 4832705.000000
filtered : 202106534.000000
CCGP filtered : 61125970.000000
CCGT filtered : 16623522.000000
time : 67.051208
