Parameters: GAD=1 vflib=1 dir=0 label=0 lowerbound=1 fileNameGp=../../cp2016-max-common-connected-subgraph-paper/datasets/graphsdb/mcs90/bvg/b09/mcs90_b09_s30.A05 fileNameGt=../../cp2016-max-common-connected-subgraph-paper/datasets/graphsdb/mcs90/bvg/b09/mcs90_b09_s30.B05
Reading graphs...
30 :  135
30 :  135
Initializing...
maxdom : 30
D->valSize : 900
Solving...
currentSize : 11 <-- 0.016593 s
currentSize : 12 <-- 0.016667 s
currentSize : 15 <-- 0.016870 s
currentSize : 16 <-- 0.017042 s
currentSize : 17 <-- 0.017736 s
currentSize : 18 <-- 0.022772 s
currentSize : 19 <-- 0.060633 s
currentSize : 20 <-- 0.060677 s
currentSize : 22 <-- 0.109417 s
currentSize : 26 <-- 0.114613 s
currentSize : 27 <-- 0.133140 s

maxsize : 27
nodes : 15794.000000
filtered : 676821.000000
CCGP filtered : 485.000000
CCGT filtered : 167.000000
time : 0.192610
