Parameters: GAD=1 vflib=1 dir=0 label=0 lowerbound=1 fileNameGp=../../cp2016-max-common-connected-subgraph-paper/datasets/graphsdb/mcs90/bvg/b09/mcs90_b09_s30.A06 fileNameGt=../../cp2016-max-common-connected-subgraph-paper/datasets/graphsdb/mcs90/bvg/b09/mcs90_b09_s30.B06
Reading graphs...
30 :  134
30 :  134
Initializing...
maxdom : 30
D->valSize : 900
Solving...
currentSize : 11 <-- 0.009565 s
currentSize : 12 <-- 0.009731 s
currentSize : 13 <-- 0.010142 s
currentSize : 15 <-- 0.012601 s
currentSize : 18 <-- 0.013171 s
currentSize : 19 <-- 0.017547 s
currentSize : 20 <-- 0.018124 s
currentSize : 22 <-- 0.021770 s
currentSize : 26 <-- 0.027457 s

maxsize : 26
nodes : 21685.000000
filtered : 1275431.000000
CCGP filtered : 63.000000
CCGT filtered : 141.000000
time : 0.244661
