Parameters: GAD=1 vflib=1 dir=0 label=0 lowerbound=1 fileNameGp=../../cp2016-max-common-connected-subgraph-paper/datasets/graphsdb/mcs90/bvg/b03m/mcs90_b03m_s40.A03 fileNameGt=../../cp2016-max-common-connected-subgraph-paper/datasets/graphsdb/mcs90/bvg/b03m/mcs90_b03m_s40.B03
Reading graphs...
40 :  59
40 :  59
Initializing...
maxdom : 40
D->valSize : 1600
Solving...
currentSize : 25 <-- 0.064705 s
currentSize : 26 <-- 0.071058 s
currentSize : 27 <-- 0.080533 s
currentSize : 28 <-- 0.112356 s
currentSize : 29 <-- 0.874722 s
currentSize : 30 <-- 26.905584 s
currentSize : 31 <-- 26.915520 s
currentSize : 32 <-- 27.393257 s
currentSize : 33 <-- 27.568851 s
currentSize : 36 <-- 30.461708 s

maxsize : 36
nodes : 2702431.000000
filtered : 77739551.000000
CCGP filtered : 61875773.000000
CCGT filtered : 35031696.000000
time : 30.683804
