Parameters: GAD=1 vflib=1 dir=0 label=0 lowerbound=1 fileNameGp=../../cp2016-max-common-connected-subgraph-paper/datasets/graphsdb/mcs90/rand/r02/mcs90_r02_s35.A06 fileNameGt=../../cp2016-max-common-connected-subgraph-paper/datasets/graphsdb/mcs90/rand/r02/mcs90_r02_s35.B06
Reading graphs...
35 :  213
35 :  217
Initializing...
maxdom : 35
D->valSize : 1225
Solving...
currentSize : 9 <-- 0.017269 s
currentSize : 10 <-- 0.017569 s
currentSize : 11 <-- 0.019716 s
currentSize : 12 <-- 0.029664 s
currentSize : 13 <-- 0.065302 s
currentSize : 14 <-- 0.316123 s
currentSize : 15 <-- 0.559625 s
currentSize : 20 <-- 0.650521 s
currentSize : 22 <-- 1.033541 s
currentSize : 25 <-- 1.327692 s
currentSize : 31 <-- 1.429113 s

maxsize : 31
nodes : 120360.000000
filtered : 3042089.000000
CCGP filtered : 1308.000000
CCGT filtered : 2368.000000
time : 1.539514
