Parameters: GAD=1 vflib=1 dir=0 label=0 lowerbound=1 fileNameGp=../../cp2016-max-common-connected-subgraph-paper/datasets/graphsdb/mcs90/rand/r01/mcs90_r01_s25.A03 fileNameGt=../../cp2016-max-common-connected-subgraph-paper/datasets/graphsdb/mcs90/rand/r01/mcs90_r01_s25.B03
Reading graphs...
25 :  57
25 :  57
Initializing...
maxdom : 25
D->valSize : 625
Solving...
currentSize : 9 <-- 0.004985 s
currentSize : 12 <-- 0.005017 s
currentSize : 13 <-- 0.005180 s
currentSize : 14 <-- 0.005579 s
currentSize : 15 <-- 0.016461 s
currentSize : 16 <-- 0.185186 s
currentSize : 17 <-- 0.262216 s
currentSize : 18 <-- 0.337553 s
currentSize : 20 <-- 0.337726 s
currentSize : 22 <-- 0.354455 s

maxsize : 22
nodes : 50651.000000
filtered : 988304.000000
CCGP filtered : 88481.000000
CCGT filtered : 68607.000000
time : 0.367932
