Parameters: GAD=1 vflib=1 dir=0 label=0 lowerbound=1 fileNameGp=../../cp2016-max-common-connected-subgraph-paper/datasets/graphsdb/mcs90/bvg/b09/mcs90_b09_s40.A02 fileNameGt=../../cp2016-max-common-connected-subgraph-paper/datasets/graphsdb/mcs90/bvg/b09/mcs90_b09_s40.B02
Reading graphs...
40 :  179
40 :  180
Initializing...
maxdom : 40
D->valSize : 1600
Solving...
currentSize : 15 <-- 0.055189 s
currentSize : 16 <-- 0.055899 s
currentSize : 17 <-- 0.062046 s
currentSize : 18 <-- 0.091287 s
currentSize : 19 <-- 0.892495 s
currentSize : 20 <-- 1.249675 s
currentSize : 21 <-- 1.671490 s
currentSize : 22 <-- 1.671723 s
currentSize : 23 <-- 7.334055 s
currentSize : 24 <-- 35.898209 s
currentSize : 26 <-- 35.900272 s
currentSize : 28 <-- 35.930454 s
currentSize : 29 <-- 35.932697 s
currentSize : 32 <-- 35.934052 s
currentSize : 36 <-- 35.962955 s

maxsize : 36
nodes : 2787144.000000
filtered : 85484618.000000
CCGP filtered : 302417.000000
CCGT filtered : 664624.000000
time : 36.431644
