Parameters: GAD=1 vflib=1 dir=0 label=0 lowerbound=1 fileNameGp=../../cp2016-max-common-connected-subgraph-paper/datasets/graphsdb/mcs90/m2D/m2Dr6/mcs90_m2Dr6_s30.A01 fileNameGt=../../cp2016-max-common-connected-subgraph-paper/datasets/graphsdb/mcs90/m2D/m2Dr6/mcs90_m2Dr6_s30.B01
Reading graphs...
30 :  65
30 :  65
Initializing...
maxdom : 30
D->valSize : 900
Solving...
currentSize : 13 <-- 0.010604 s
currentSize : 14 <-- 0.010725 s
currentSize : 15 <-- 0.010847 s
currentSize : 16 <-- 0.019352 s
currentSize : 17 <-- 0.054410 s
currentSize : 18 <-- 0.129650 s
currentSize : 19 <-- 2.174449 s
currentSize : 20 <-- 7.390654 s
currentSize : 21 <-- 11.527712 s
currentSize : 22 <-- 13.691676 s
currentSize : 25 <-- 13.769154 s

maxsize : 25
nodes : 1689584.000000
filtered : 36392720.000000
CCGP filtered : 4615313.000000
CCGT filtered : 3681589.000000
time : 13.896438
