Parameters: GAD=1 vflib=1 dir=0 label=0 lowerbound=1 fileNameGp=../../cp2016-max-common-connected-subgraph-paper/datasets/graphsdb/mcs90/bvg/b09/mcs90_b09_s30.A09 fileNameGt=../../cp2016-max-common-connected-subgraph-paper/datasets/graphsdb/mcs90/bvg/b09/mcs90_b09_s30.B09
Reading graphs...
30 :  135
30 :  135
Initializing...
maxdom : 30
D->valSize : 900
Solving...
currentSize : 10 <-- 0.016366 s
currentSize : 11 <-- 0.016535 s
currentSize : 12 <-- 0.017621 s
currentSize : 13 <-- 0.021212 s
currentSize : 15 <-- 0.196347 s
currentSize : 17 <-- 0.196509 s
currentSize : 18 <-- 0.207501 s
currentSize : 19 <-- 0.267741 s
currentSize : 20 <-- 0.268302 s
currentSize : 22 <-- 0.292744 s
currentSize : 26 <-- 0.307202 s

maxsize : 26
nodes : 48126.000000
filtered : 1638145.000000
CCGP filtered : 3018.000000
CCGT filtered : 2201.000000
time : 0.503484
