Parameters: GAD=1 vflib=1 dir=0 label=0 lowerbound=1 fileNameGp=../../cp2016-max-common-connected-subgraph-paper/datasets/graphsdb/mcs90/m2D/m2D/mcs90_m2D_s30.A07 fileNameGt=../../cp2016-max-common-connected-subgraph-paper/datasets/graphsdb/mcs90/m2D/m2D/mcs90_m2D_s30.B07
Reading graphs...
30 :  49
30 :  49
Initializing...
maxdom : 30
D->valSize : 900
Solving...
currentSize : 19 <-- 0.011071 s
currentSize : 20 <-- 0.011383 s
currentSize : 21 <-- 0.012165 s
currentSize : 22 <-- 0.148243 s
currentSize : 23 <-- 0.773133 s
currentSize : 24 <-- 0.791999 s
currentSize : 25 <-- 0.792105 s
currentSize : 26 <-- 0.798967 s
currentSize : 27 <-- 0.889935 s

maxsize : 27
nodes : 101678.000000
filtered : 2578871.000000
CCGP filtered : 1066172.000000
CCGT filtered : 491307.000000
time : 0.899404
