Parameters: GAD=1 vflib=1 dir=0 label=0 lowerbound=1 fileNameGp=../../cp2016-max-common-connected-subgraph-paper/datasets/graphsdb/mcs90/bvg/b09/mcs90_b09_s40.A04 fileNameGt=../../cp2016-max-common-connected-subgraph-paper/datasets/graphsdb/mcs90/bvg/b09/mcs90_b09_s40.B04
Reading graphs...
40 :  179
40 :  180
Initializing...
maxdom : 40
D->valSize : 1600
Solving...
currentSize : 14 <-- 0.031374 s
currentSize : 15 <-- 0.031656 s
currentSize : 16 <-- 0.033167 s
currentSize : 17 <-- 0.559505 s
currentSize : 18 <-- 0.944888 s
currentSize : 19 <-- 1.636362 s
currentSize : 21 <-- 2.632976 s
currentSize : 22 <-- 2.706716 s
currentSize : 23 <-- 2.707211 s
currentSize : 24 <-- 2.896604 s
currentSize : 25 <-- 2.911919 s
currentSize : 26 <-- 2.913872 s
currentSize : 27 <-- 2.921369 s
currentSize : 28 <-- 2.926015 s
currentSize : 30 <-- 2.927183 s
currentSize : 32 <-- 2.945434 s
currentSize : 36 <-- 2.952655 s

maxsize : 36
nodes : 286003.000000
filtered : 6870603.000000
CCGP filtered : 22143.000000
CCGT filtered : 126012.000000
time : 3.450026
