Parameters: GAD=1 vflib=1 dir=0 label=0 lowerbound=1 fileNameGp=../../cp2016-max-common-connected-subgraph-paper/datasets/graphsdb/mcs90/m2D/m2Dr2/mcs90_m2Dr2_s50.A09 fileNameGt=../../cp2016-max-common-connected-subgraph-paper/datasets/graphsdb/mcs90/m2D/m2Dr2/mcs90_m2Dr2_s50.B09
Reading graphs...
50 :  95
50 :  95
Initializing...
maxdom : 50
D->valSize : 2500
Solving...
currentSize : 28 <-- 0.096128 s
currentSize : 29 <-- 0.096347 s
currentSize : 32 <-- 0.098459 s
currentSize : 33 <-- 0.116373 s
currentSize : 34 <-- 0.136506 s
currentSize : 35 <-- 0.136571 s
currentSize : 36 <-- 171.092453 s
currentSize : 37 <-- 176.377625 s
currentSize : 38 <-- 551.442871 s
currentSize : 39 <-- 785.066895 s
currentSize : 40 <-- 891.949585 s
currentSize : 41 <-- 912.211060 s
currentSize : 42 <-- 916.521606 s
currentSize : 43 <-- 917.567810 s
currentSize : 44 <-- 917.679138 s
currentSize : 46 <-- 917.886230 s
currentSize : 49 <-- 918.259888 s

maxsize : 49
nodes : 65039453.000000
filtered : 2556532283.000000
CCGP filtered : 610498979.000000
CCGT filtered : 305443400.000000
time : 918.261475
