Parameters: GAD=1 vflib=1 dir=0 label=0 lowerbound=1 fileNameGp=../../cp2016-max-common-connected-subgraph-paper/datasets/graphsdb/mcs90/bvg/b03/mcs90_b03_s40.A06 fileNameGt=../../cp2016-max-common-connected-subgraph-paper/datasets/graphsdb/mcs90/bvg/b03/mcs90_b03_s40.B06
Reading graphs...
40 :  59
40 :  60
Initializing...
maxdom : 40
D->valSize : 1600
Solving...
currentSize : 24 <-- 0.036236 s
currentSize : 25 <-- 0.036319 s
currentSize : 26 <-- 0.036389 s
currentSize : 27 <-- 0.036659 s
currentSize : 28 <-- 0.037010 s
currentSize : 29 <-- 0.037971 s
currentSize : 30 <-- 0.038061 s
currentSize : 31 <-- 0.038213 s
currentSize : 32 <-- 0.038500 s
currentSize : 33 <-- 0.038808 s
currentSize : 34 <-- 0.056875 s
currentSize : 35 <-- 0.059145 s
currentSize : 36 <-- 0.062132 s
currentSize : 37 <-- 0.063884 s
currentSize : 38 <-- 0.065239 s

maxsize : 38
nodes : 5197.000000
filtered : 151467.000000
CCGP filtered : 69789.000000
CCGT filtered : 8807.000000
time : 0.086332
