Parameters: GAD=1 vflib=1 dir=0 label=0 lowerbound=1 fileNameGp=../../cp2016-max-common-connected-subgraph-paper/datasets/graphsdb/mcs90/m2D/m2Dr4/mcs90_m2Dr4_s30.A09 fileNameGt=../../cp2016-max-common-connected-subgraph-paper/datasets/graphsdb/mcs90/m2D/m2Dr4/mcs90_m2Dr4_s30.B09
Reading graphs...
30 :  59
30 :  60
Initializing...
maxdom : 30
D->valSize : 900
Solving...
currentSize : 15 <-- 0.010705 s
currentSize : 16 <-- 0.010995 s
currentSize : 17 <-- 0.011730 s
currentSize : 18 <-- 0.015835 s
currentSize : 19 <-- 0.155467 s
currentSize : 20 <-- 0.959545 s
currentSize : 21 <-- 9.887241 s
currentSize : 23 <-- 9.888861 s
currentSize : 24 <-- 9.889006 s
currentSize : 25 <-- 10.467441 s

maxsize : 25
nodes : 1333511.000000
filtered : 27219910.000000
CCGP filtered : 3990018.000000
CCGT filtered : 2487120.000000
time : 10.633395
