Parameters: GAD=1 vflib=1 dir=0 label=0 lowerbound=1 fileNameGp=../../cp2016-max-common-connected-subgraph-paper/datasets/graphsdb/mcs90/bvg/b06m/mcs90_b06m_s25.A03 fileNameGt=../../cp2016-max-common-connected-subgraph-paper/datasets/graphsdb/mcs90/bvg/b06m/mcs90_b06m_s25.B03
Reading graphs...
25 :  73
25 :  72
Initializing...
maxdom : 25
D->valSize : 625
Solving...
currentSize : 9 <-- 0.004692 s
currentSize : 11 <-- 0.004755 s
currentSize : 12 <-- 0.005021 s
currentSize : 13 <-- 0.005075 s
currentSize : 14 <-- 0.007157 s
currentSize : 15 <-- 0.708686 s
currentSize : 16 <-- 1.237790 s
currentSize : 17 <-- 1.238994 s
currentSize : 22 <-- 1.242714 s

maxsize : 22
nodes : 170088.000000
filtered : 2796561.000000
CCGP filtered : 161747.000000
CCGT filtered : 195942.000000
time : 1.256250
