Parameters: GAD=1 vflib=1 dir=0 label=0 lowerbound=1 fileNameGp=../../cp2016-max-common-connected-subgraph-paper/datasets/graphsdb/mcs90/m3D/m3D/mcs90_m3D_s30.A00 fileNameGt=../../cp2016-max-common-connected-subgraph-paper/datasets/graphsdb/mcs90/m3D/m3D/mcs90_m3D_s30.B00
Reading graphs...
30 :  61
30 :  61
Initializing...
maxdom : 30
D->valSize : 900
Solving...
currentSize : 17 <-- 0.010748 s
currentSize : 18 <-- 0.010804 s
currentSize : 19 <-- 0.013482 s
currentSize : 20 <-- 0.064287 s
currentSize : 21 <-- 2.423715 s
currentSize : 22 <-- 3.230510 s
currentSize : 23 <-- 3.236665 s
currentSize : 24 <-- 3.236811 s
currentSize : 26 <-- 3.283952 s
currentSize : 27 <-- 3.284162 s

maxsize : 27
nodes : 470122.000000
filtered : 6790783.000000
CCGP filtered : 271960.000000
CCGT filtered : 174306.000000
time : 3.368140
