Parameters: GAD=1 vflib=1 dir=0 label=0 lowerbound=1 fileNameGp=../../cp2016-max-common-connected-subgraph-paper/datasets/graphsdb/mcs90/bvg/b09m/mcs90_b09m_s35.A05 fileNameGt=../../cp2016-max-common-connected-subgraph-paper/datasets/graphsdb/mcs90/bvg/b09m/mcs90_b09m_s35.B05
Reading graphs...
35 :  150
35 :  150
Initializing...
maxdom : 35
D->valSize : 1225
Solving...
currentSize : 12 <-- 0.017954 s
currentSize : 13 <-- 0.018776 s
currentSize : 14 <-- 0.028890 s
currentSize : 15 <-- 0.125723 s
currentSize : 16 <-- 0.987358 s
currentSize : 18 <-- 7.833656 s
currentSize : 23 <-- 7.835942 s
currentSize : 25 <-- 19.977371 s
currentSize : 30 <-- 21.304695 s

maxsize : 30
nodes : 1818296.000000
filtered : 54591045.000000
CCGP filtered : 501943.000000
CCGT filtered : 851692.000000
time : 21.568996
