Parameters: GAD=1 vflib=1 dir=0 label=0 lowerbound=1 fileNameGp=../../cp2016-max-common-connected-subgraph-paper/datasets/graphsdb/mcs90/rand/r005/mcs90_r005_s30.A00 fileNameGt=../../cp2016-max-common-connected-subgraph-paper/datasets/graphsdb/mcs90/rand/r005/mcs90_r005_s30.B00
Reading graphs...
30 :  41
30 :  42
Initializing...
maxdom : 30
D->valSize : 900
Solving...
currentSize : 16 <-- 0.011092 s
currentSize : 17 <-- 0.011187 s
currentSize : 18 <-- 0.011237 s
currentSize : 19 <-- 0.015746 s
currentSize : 20 <-- 0.025507 s
currentSize : 21 <-- 0.152569 s
currentSize : 22 <-- 0.156475 s
currentSize : 23 <-- 0.165237 s
currentSize : 24 <-- 0.758671 s
currentSize : 25 <-- 0.912802 s
currentSize : 26 <-- 0.918290 s
currentSize : 27 <-- 0.920464 s

maxsize : 27
nodes : 89927.000000
filtered : 2469764.000000
CCGP filtered : 3572457.000000
CCGT filtered : 1217942.000000
time : 0.928604
