Parameters: GAD=1 vflib=1 dir=0 label=0 lowerbound=1 fileNameGp=../../cp2016-max-common-connected-subgraph-paper/datasets/graphsdb/mcs90/m2D/m2Dr6/mcs90_m2Dr6_s30.A02 fileNameGt=../../cp2016-max-common-connected-subgraph-paper/datasets/graphsdb/mcs90/m2D/m2Dr6/mcs90_m2Dr6_s30.B02
Reading graphs...
30 :  65
30 :  64
Initializing...
maxdom : 30
D->valSize : 900
Solving...
currentSize : 14 <-- 0.018872 s
currentSize : 15 <-- 0.019034 s
currentSize : 16 <-- 0.027207 s
currentSize : 17 <-- 0.028218 s
currentSize : 18 <-- 0.123762 s
currentSize : 19 <-- 0.336681 s
currentSize : 20 <-- 4.071472 s
currentSize : 21 <-- 13.332536 s
currentSize : 23 <-- 18.763821 s
currentSize : 25 <-- 20.684401 s

maxsize : 25
nodes : 2551854.000000
filtered : 60065116.000000
CCGP filtered : 4567806.000000
CCGT filtered : 2401583.000000
time : 20.851561
