Parameters: GAD=1 vflib=1 dir=0 label=0 lowerbound=1 fileNameGp=../../cp2016-max-common-connected-subgraph-paper/datasets/graphsdb/mcs90/m2D/m2D/mcs90_m2D_s30.A09 fileNameGt=../../cp2016-max-common-connected-subgraph-paper/datasets/graphsdb/mcs90/m2D/m2D/mcs90_m2D_s30.B09
Reading graphs...
30 :  49
30 :  49
Initializing...
maxdom : 30
D->valSize : 900
Solving...
currentSize : 15 <-- 0.011016 s
currentSize : 16 <-- 0.011045 s
currentSize : 18 <-- 0.011070 s
currentSize : 20 <-- 0.011129 s
currentSize : 21 <-- 0.011379 s
currentSize : 22 <-- 0.011670 s
currentSize : 23 <-- 0.022661 s
currentSize : 24 <-- 0.966896 s
currentSize : 25 <-- 0.967557 s

maxsize : 25
nodes : 154776.000000
filtered : 4493556.000000
CCGP filtered : 1544728.000000
CCGT filtered : 632499.000000
time : 1.397346
