Parameters: GAD=1 vflib=1 dir=0 label=0 lowerbound=1 fileNameGp=../../cp2016-max-common-connected-subgraph-paper/datasets/graphsdb/mcs90/bvg/b09m/mcs90_b09m_s30.A02 fileNameGt=../../cp2016-max-common-connected-subgraph-paper/datasets/graphsdb/mcs90/bvg/b09m/mcs90_b09m_s30.B02
Reading graphs...
30 :  131
30 :  131
Initializing...
maxdom : 30
D->valSize : 900
Solving...
currentSize : 10 <-- 0.016863 s
currentSize : 11 <-- 0.017113 s
currentSize : 12 <-- 0.017247 s
currentSize : 13 <-- 0.132723 s
currentSize : 14 <-- 1.372841 s
currentSize : 15 <-- 1.406815 s
currentSize : 17 <-- 53.931843 s
currentSize : 18 <-- 61.635548 s
currentSize : 26 <-- 75.263550 s

maxsize : 26
nodes : 7901291.000000
filtered : 130507186.000000
CCGP filtered : 461106.000000
CCGT filtered : 3019411.000000
time : 75.341675
