Parameters: GAD=1 vflib=1 dir=0 label=0 lowerbound=1 fileNameGp=../../cp2016-max-common-connected-subgraph-paper/datasets/graphsdb/mcs90/bvg/b06/mcs90_b06_s50.A07 fileNameGt=../../cp2016-max-common-connected-subgraph-paper/datasets/graphsdb/mcs90/bvg/b06/mcs90_b06_s50.B07
Reading graphs...
50 :  150
50 :  150
Initializing...
maxdom : 50
D->valSize : 2500
Solving...
currentSize : 37 <-- 0.091345 s
currentSize : 38 <-- 0.100643 s
currentSize : 39 <-- 0.101398 s
currentSize : 40 <-- 0.103944 s
currentSize : 41 <-- 0.112739 s
currentSize : 42 <-- 0.264113 s
currentSize : 43 <-- 0.264680 s
currentSize : 44 <-- 0.478691 s
currentSize : 45 <-- 0.482033 s
currentSize : 46 <-- 1.316064 s

maxsize : 46
nodes : 108342.000000
filtered : 6462762.000000
CCGP filtered : 102504.000000
CCGT filtered : 17944.000000
time : 1.983361
