Parameters: GAD=1 vflib=1 dir=0 label=0 lowerbound=1 fileNameGp=../../cp2016-max-common-connected-subgraph-paper/datasets/graphsdb/mcs90/bvg/b09m/mcs90_b09m_s50.A00 fileNameGt=../../cp2016-max-common-connected-subgraph-paper/datasets/graphsdb/mcs90/bvg/b09m/mcs90_b09m_s50.B00
Reading graphs...
50 :  219
50 :  219
Initializing...
maxdom : 50
D->valSize : 2500
Solving...
currentSize : 14 <-- 0.136083 s
currentSize : 16 <-- 0.136299 s
currentSize : 17 <-- 0.136524 s
currentSize : 18 <-- 0.137480 s
currentSize : 19 <-- 0.140126 s
currentSize : 20 <-- 0.276435 s
currentSize : 21 <-- 1.872676 s
currentSize : 22 <-- 13.951184 s
currentSize : 23 <-- 57.169910 s
currentSize : 24 <-- 930.659485 s

TIMEOUT
maxsize : 24
nodes : 63793931.000000
filtered : 1669272920.000000
CCGP filtered : 41017950.000000
CCGT filtered : 53282089.000000
time : 1000.000000
