Parameters: GAD=1 vflib=1 dir=0 label=0 lowerbound=1 fileNameGp=../../cp2016-max-common-connected-subgraph-paper/datasets/graphsdb/mcs90/bvg/b09m/mcs90_b09m_s25.A02 fileNameGt=../../cp2016-max-common-connected-subgraph-paper/datasets/graphsdb/mcs90/bvg/b09m/mcs90_b09m_s25.B02
Reading graphs...
25 :  108
25 :  107
Initializing...
maxdom : 25
D->valSize : 625
Solving...
currentSize : 9 <-- 0.004464 s
currentSize : 10 <-- 0.004614 s
currentSize : 11 <-- 0.005821 s
currentSize : 12 <-- 0.013902 s
currentSize : 13 <-- 0.316017 s
currentSize : 14 <-- 1.044519 s
currentSize : 15 <-- 2.346692 s
currentSize : 18 <-- 2.554138 s
currentSize : 22 <-- 2.555829 s

maxsize : 22
nodes : 312398.000000
filtered : 4188229.000000
CCGP filtered : 22777.000000
CCGT filtered : 26363.000000
time : 2.572978
