Parameters: GAD=1 vflib=1 dir=0 label=0 lowerbound=1 fileNameGp=../../cp2016-max-common-connected-subgraph-paper/datasets/graphsdb/mcs90/bvg/b06m/mcs90_b06m_s35.A05 fileNameGt=../../cp2016-max-common-connected-subgraph-paper/datasets/graphsdb/mcs90/bvg/b06m/mcs90_b06m_s35.B05
Reading graphs...
35 :  102
35 :  102
Initializing...
maxdom : 35
D->valSize : 1225
Solving...
currentSize : 16 <-- 0.019486 s
currentSize : 17 <-- 0.019553 s
currentSize : 18 <-- 0.032541 s
currentSize : 19 <-- 0.411519 s
currentSize : 20 <-- 3.041084 s
currentSize : 21 <-- 8.346852 s
currentSize : 22 <-- 8.355861 s
currentSize : 23 <-- 8.745284 s
currentSize : 24 <-- 10.082599 s
currentSize : 25 <-- 10.103068 s
currentSize : 26 <-- 20.068199 s
currentSize : 31 <-- 20.632011 s

maxsize : 31
nodes : 1885203.000000
filtered : 68273929.000000
CCGP filtered : 5365631.000000
CCGT filtered : 3478456.000000
time : 20.689919
