Parameters: GAD=1 vflib=1 dir=0 label=0 lowerbound=1 fileNameGp=../../cp2016-max-common-connected-subgraph-paper/datasets/graphsdb/mcs90/rand/r01/mcs90_r01_s40.A02 fileNameGt=../../cp2016-max-common-connected-subgraph-paper/datasets/graphsdb/mcs90/rand/r01/mcs90_r01_s40.B02
Reading graphs...
40 :  143
40 :  145
Initializing...
maxdom : 40
D->valSize : 1600
Solving...
currentSize : 16 <-- 0.032712 s
currentSize : 17 <-- 0.033315 s
currentSize : 18 <-- 0.048399 s
currentSize : 19 <-- 0.058404 s
currentSize : 20 <-- 0.224787 s
currentSize : 21 <-- 17.805910 s
currentSize : 22 <-- 123.389168 s
currentSize : 23 <-- 129.542938 s
currentSize : 25 <-- 129.592361 s
currentSize : 27 <-- 161.952576 s
currentSize : 29 <-- 162.014282 s
currentSize : 33 <-- 162.023865 s
currentSize : 34 <-- 162.313629 s
currentSize : 36 <-- 162.351059 s

maxsize : 36
nodes : 13845110.000000
filtered : 353621507.000000
CCGP filtered : 23578139.000000
CCGT filtered : 18932954.000000
time : 162.424179
