Parameters: GAD=1 vflib=1 dir=0 label=0 lowerbound=1 fileNameGp=../../cp2016-max-common-connected-subgraph-paper/datasets/graphsdb/mcs90/bvg/b03m/mcs90_b03m_s35.A02 fileNameGt=../../cp2016-max-common-connected-subgraph-paper/datasets/graphsdb/mcs90/bvg/b03m/mcs90_b03m_s35.B02
Reading graphs...
35 :  51
35 :  51
Initializing...
maxdom : 35
D->valSize : 1225
Solving...
currentSize : 14 <-- 0.020975 s
currentSize : 16 <-- 0.021031 s
currentSize : 17 <-- 0.021068 s
currentSize : 19 <-- 0.021221 s
currentSize : 20 <-- 0.021378 s
currentSize : 21 <-- 0.021534 s
currentSize : 22 <-- 0.023294 s
currentSize : 23 <-- 0.077572 s
currentSize : 24 <-- 0.192938 s
currentSize : 25 <-- 2.467493 s
currentSize : 26 <-- 22.967319 s
currentSize : 27 <-- 24.481577 s
currentSize : 29 <-- 25.126949 s
currentSize : 30 <-- 25.127153 s

maxsize : 30
nodes : 2630008.000000
filtered : 62657398.000000
CCGP filtered : 62165145.000000
CCGT filtered : 34117666.000000
time : 26.070524
