Parameters: GAD=1 vflib=1 dir=0 label=0 lowerbound=1 fileNameGp=../../cp2016-max-common-connected-subgraph-paper/datasets/graphsdb/mcs90/bvg/b06/mcs90_b06_s35.A02 fileNameGt=../../cp2016-max-common-connected-subgraph-paper/datasets/graphsdb/mcs90/bvg/b06/mcs90_b06_s35.B02
Reading graphs...
35 :  105
35 :  105
Initializing...
maxdom : 35
D->valSize : 1225
Solving...
currentSize : 14 <-- 0.018762 s
currentSize : 20 <-- 0.018832 s
currentSize : 22 <-- 0.018993 s
currentSize : 23 <-- 0.019011 s
currentSize : 24 <-- 0.019100 s
currentSize : 25 <-- 0.019188 s
currentSize : 26 <-- 0.019332 s
currentSize : 27 <-- 0.020361 s
currentSize : 29 <-- 0.027669 s
currentSize : 31 <-- 0.038386 s
currentSize : 32 <-- 0.092745 s

maxsize : 32
nodes : 12825.000000
filtered : 607025.000000
CCGP filtered : 27.000000
CCGT filtered : 6452.000000
time : 0.166392
