Parameters: GAD=1 vflib=1 dir=0 label=0 lowerbound=1 fileNameGp=../../cp2016-max-common-connected-subgraph-paper/datasets/graphsdb/mcs90/bvg/b03/mcs90_b03_s30.A02 fileNameGt=../../cp2016-max-common-connected-subgraph-paper/datasets/graphsdb/mcs90/bvg/b03/mcs90_b03_s30.B02
Reading graphs...
30 :  45
30 :  45
Initializing...
maxdom : 30
D->valSize : 900
Solving...
currentSize : 14 <-- 0.011088 s
currentSize : 18 <-- 0.011161 s
currentSize : 19 <-- 0.011191 s
currentSize : 20 <-- 0.011664 s
currentSize : 21 <-- 0.012986 s
currentSize : 22 <-- 0.013707 s
currentSize : 23 <-- 0.014895 s
currentSize : 24 <-- 0.027902 s
currentSize : 26 <-- 0.084570 s
currentSize : 27 <-- 0.264604 s

maxsize : 27
nodes : 40337.000000
filtered : 982294.000000
CCGP filtered : 337578.000000
CCGT filtered : 95389.000000
time : 0.315692
