Parameters: GAD=1 vflib=1 dir=0 label=0 lowerbound=1 fileNameGp=../../cp2016-max-common-connected-subgraph-paper/datasets/graphsdb/mcs90/rand/r01/mcs90_r01_s40.A06 fileNameGt=../../cp2016-max-common-connected-subgraph-paper/datasets/graphsdb/mcs90/rand/r01/mcs90_r01_s40.B06
Reading graphs...
40 :  147
40 :  148
Initializing...
maxdom : 40
D->valSize : 1600
Solving...
currentSize : 15 <-- 0.032481 s
currentSize : 16 <-- 0.032612 s
currentSize : 17 <-- 0.032875 s
currentSize : 18 <-- 0.042723 s
currentSize : 19 <-- 0.058941 s
currentSize : 20 <-- 0.199733 s
currentSize : 21 <-- 34.902351 s
currentSize : 25 <-- 139.929657 s
currentSize : 36 <-- 140.015137 s

maxsize : 36
nodes : 12093961.000000
filtered : 248577994.000000
CCGP filtered : 5907789.000000
CCGT filtered : 7395285.000000
time : 140.175827
