Parameters: GAD=1 vflib=1 dir=0 label=0 lowerbound=1 fileNameGp=../../cp2016-max-common-connected-subgraph-paper/datasets/graphsdb/mcs90/bvg/b06/mcs90_b06_s50.A09 fileNameGt=../../cp2016-max-common-connected-subgraph-paper/datasets/graphsdb/mcs90/bvg/b06/mcs90_b06_s50.B09
Reading graphs...
50 :  150
50 :  150
Initializing...
maxdom : 50
D->valSize : 2500
Solving...
currentSize : 26 <-- 0.139270 s
currentSize : 27 <-- 0.139457 s
currentSize : 28 <-- 0.140841 s
currentSize : 29 <-- 0.140977 s
currentSize : 30 <-- 0.146567 s
currentSize : 31 <-- 0.156459 s
currentSize : 32 <-- 0.162955 s
currentSize : 33 <-- 0.173279 s
currentSize : 34 <-- 0.175408 s
currentSize : 35 <-- 0.299116 s
currentSize : 36 <-- 0.365658 s
currentSize : 38 <-- 0.754935 s
currentSize : 39 <-- 0.758394 s
currentSize : 40 <-- 0.794671 s
currentSize : 41 <-- 0.873013 s
currentSize : 42 <-- 0.873386 s
currentSize : 43 <-- 0.873884 s
currentSize : 44 <-- 1.016234 s
currentSize : 45 <-- 1.021391 s

maxsize : 45
nodes : 315087.000000
filtered : 15464609.000000
CCGP filtered : 335860.000000
CCGT filtered : 165933.000000
time : 5.177783
