Parameters: GAD=1 vflib=1 dir=0 label=0 lowerbound=1 fileNameGp=../../cp2016-max-common-connected-subgraph-paper/datasets/graphsdb/mcs90/m3D/m3Dr2/mcs90_m3Dr2_s30.A06 fileNameGt=../../cp2016-max-common-connected-subgraph-paper/datasets/graphsdb/mcs90/m3D/m3Dr2/mcs90_m3Dr2_s30.B06
Reading graphs...
30 :  67
30 :  67
Initializing...
maxdom : 30
D->valSize : 900
Solving...
currentSize : 13 <-- 0.018622 s
currentSize : 14 <-- 0.018663 s
currentSize : 15 <-- 0.019801 s
currentSize : 16 <-- 0.020826 s
currentSize : 17 <-- 0.023188 s
currentSize : 18 <-- 0.045078 s
currentSize : 20 <-- 1.374550 s
currentSize : 21 <-- 1.392552 s
currentSize : 22 <-- 1.588551 s
currentSize : 23 <-- 1.641819 s
currentSize : 24 <-- 2.028892 s
currentSize : 25 <-- 2.062809 s
currentSize : 27 <-- 2.318253 s

maxsize : 27
nodes : 297779.000000
filtered : 6423017.000000
CCGP filtered : 463813.000000
CCGT filtered : 185258.000000
time : 2.331140
