Parameters: GAD=1 vflib=1 dir=0 label=0 lowerbound=1 fileNameGp=../../cp2016-max-common-connected-subgraph-paper/datasets/graphsdb/mcs90/m2D/m2Dr6/mcs90_m2Dr6_s40.A04 fileNameGt=../../cp2016-max-common-connected-subgraph-paper/datasets/graphsdb/mcs90/m2D/m2Dr6/mcs90_m2Dr6_s40.B04
Reading graphs...
40 :  91
40 :  91
Initializing...
maxdom : 40
D->valSize : 1600
Solving...
currentSize : 17 <-- 0.062730 s
currentSize : 21 <-- 0.062824 s
currentSize : 22 <-- 0.152270 s
currentSize : 23 <-- 1.342014 s
currentSize : 24 <-- 17.185484 s
currentSize : 25 <-- 20.820330 s
currentSize : 26 <-- 26.180700 s
currentSize : 27 <-- 84.523788 s
currentSize : 28 <-- 84.524628 s
currentSize : 29 <-- 116.029884 s
currentSize : 31 <-- 135.559341 s
currentSize : 34 <-- 135.729904 s
currentSize : 36 <-- 135.749130 s

maxsize : 36
nodes : 11725784.000000
filtered : 379258568.000000
CCGP filtered : 31795317.000000
CCGT filtered : 21047022.000000
time : 136.146500
