Parameters: GAD=1 vflib=1 dir=0 label=0 lowerbound=1 fileNameGp=../../cp2016-max-common-connected-subgraph-paper/datasets/graphsdb/mcs90/m2D/m2Dr6/mcs90_m2Dr6_s40.A08 fileNameGt=../../cp2016-max-common-connected-subgraph-paper/datasets/graphsdb/mcs90/m2D/m2Dr6/mcs90_m2Dr6_s40.B08
Reading graphs...
40 :  91
40 :  91
Initializing...
maxdom : 40
D->valSize : 1600
Solving...
currentSize : 18 <-- 0.065490 s
currentSize : 19 <-- 0.065839 s
currentSize : 20 <-- 0.068258 s
currentSize : 21 <-- 0.068372 s
currentSize : 22 <-- 0.091292 s
currentSize : 23 <-- 0.196548 s
currentSize : 24 <-- 0.994672 s
currentSize : 25 <-- 17.652395 s
currentSize : 27 <-- 233.726624 s
currentSize : 28 <-- 302.108093 s
currentSize : 29 <-- 302.115479 s
currentSize : 30 <-- 302.275879 s
currentSize : 31 <-- 320.792145 s
currentSize : 32 <-- 320.801331 s
currentSize : 36 <-- 327.458710 s

maxsize : 36
nodes : 31107170.000000
filtered : 898244467.000000
CCGP filtered : 145264306.000000
CCGT filtered : 72944545.000000
time : 327.715820
