Parameters: GAD=1 vflib=1 dir=0 label=0 lowerbound=1 fileNameGp=../../cp2016-max-common-connected-subgraph-paper/datasets/graphsdb/mcs90/bvg/b09m/mcs90_b09m_s40.A07 fileNameGt=../../cp2016-max-common-connected-subgraph-paper/datasets/graphsdb/mcs90/bvg/b09m/mcs90_b09m_s40.B07
Reading graphs...
40 :  173
40 :  173
Initializing...
maxdom : 40
D->valSize : 1600
Solving...
currentSize : 13 <-- 0.031972 s
currentSize : 14 <-- 0.032075 s
currentSize : 15 <-- 0.032744 s
currentSize : 16 <-- 0.034012 s
currentSize : 17 <-- 0.108378 s
currentSize : 18 <-- 0.238794 s
currentSize : 19 <-- 4.972104 s
currentSize : 20 <-- 140.039856 s
currentSize : 21 <-- 233.168289 s
currentSize : 22 <-- 519.964783 s
currentSize : 23 <-- 621.936523 s
currentSize : 24 <-- 988.972412 s
currentSize : 26 <-- 989.893616 s
currentSize : 30 <-- 990.096252 s
currentSize : 32 <-- 990.096741 s
currentSize : 33 <-- 990.116150 s
currentSize : 36 <-- 990.116394 s

maxsize : 36
nodes : 76502839.000000
filtered : 2292054888.000000
CCGP filtered : 17308595.000000
CCGT filtered : 27230969.000000
time : 990.399658
