Parameters: GAD=1 vflib=1 dir=0 label=0 lowerbound=1 fileNameGp=../../cp2016-max-common-connected-subgraph-paper/datasets/graphsdb/mcs90/bvg/b09/mcs90_b09_s40.A08 fileNameGt=../../cp2016-max-common-connected-subgraph-paper/datasets/graphsdb/mcs90/bvg/b09/mcs90_b09_s40.B08
Reading graphs...
40 :  179
40 :  179
Initializing...
maxdom : 40
D->valSize : 1600
Solving...
currentSize : 14 <-- 0.031244 s
currentSize : 15 <-- 0.031387 s
currentSize : 16 <-- 0.031722 s
currentSize : 17 <-- 0.031842 s
currentSize : 18 <-- 0.048192 s
currentSize : 19 <-- 0.063952 s
currentSize : 20 <-- 0.150347 s
currentSize : 21 <-- 1.121620 s
currentSize : 22 <-- 3.301810 s
currentSize : 24 <-- 42.266785 s
currentSize : 25 <-- 42.315357 s
currentSize : 26 <-- 42.315552 s
currentSize : 27 <-- 42.315697 s
currentSize : 28 <-- 42.323982 s
currentSize : 30 <-- 42.425968 s
currentSize : 31 <-- 42.436878 s
currentSize : 32 <-- 42.438766 s
currentSize : 33 <-- 42.439625 s
currentSize : 36 <-- 42.439888 s

maxsize : 36
nodes : 3587550.000000
filtered : 90996177.000000
CCGP filtered : 192819.000000
CCGT filtered : 687873.000000
time : 43.022781
