Parameters: GAD=1 vflib=1 dir=0 label=0 lowerbound=1 fileNameGp=../../cp2016-max-common-connected-subgraph-paper/datasets/graphsdb/mcs90/rand/r01/mcs90_r01_s30.A04 fileNameGt=../../cp2016-max-common-connected-subgraph-paper/datasets/graphsdb/mcs90/rand/r01/mcs90_r01_s30.B04
Reading graphs...
30 :  79
30 :  79
Initializing...
maxdom : 30
D->valSize : 900
Solving...
currentSize : 14 <-- 0.010285 s
currentSize : 15 <-- 0.019125 s
currentSize : 16 <-- 0.025455 s
currentSize : 17 <-- 0.204414 s
currentSize : 18 <-- 1.185421 s
currentSize : 19 <-- 1.962520 s
currentSize : 20 <-- 7.741916 s
currentSize : 21 <-- 8.530192 s
currentSize : 23 <-- 8.717084 s
currentSize : 27 <-- 9.741112 s

maxsize : 27
nodes : 1138847.000000
filtered : 25466196.000000
CCGP filtered : 1105200.000000
CCGT filtered : 702833.000000
time : 9.749878
