Parameters: GAD=1 vflib=1 dir=0 label=0 lowerbound=1 fileNameGp=../../cp2016-max-common-connected-subgraph-paper/datasets/graphsdb/mcs90/rand/r02/mcs90_r02_s30.A09 fileNameGt=../../cp2016-max-common-connected-subgraph-paper/datasets/graphsdb/mcs90/rand/r02/mcs90_r02_s30.B09
Reading graphs...
30 :  154
30 :  155
Initializing...
maxdom : 30
D->valSize : 900
Solving...
currentSize : 11 <-- 0.016262 s
currentSize : 12 <-- 0.016322 s
currentSize : 13 <-- 0.093312 s
currentSize : 14 <-- 0.810692 s
currentSize : 16 <-- 2.634170 s
currentSize : 17 <-- 2.634445 s
currentSize : 19 <-- 2.642849 s
currentSize : 20 <-- 4.594754 s
currentSize : 27 <-- 4.609524 s

maxsize : 27
nodes : 451209.000000
filtered : 8425361.000000
CCGP filtered : 11728.000000
CCGT filtered : 14691.000000
time : 4.625570
