Parameters: GAD=1 vflib=1 dir=0 label=0 lowerbound=1 fileNameGp=../../cp2016-max-common-connected-subgraph-paper/datasets/graphsdb/mcs90/m2D/m2Dr4/mcs90_m2Dr4_s40.A04 fileNameGt=../../cp2016-max-common-connected-subgraph-paper/datasets/graphsdb/mcs90/m2D/m2Dr4/mcs90_m2Dr4_s40.B04
Reading graphs...
40 :  81
40 :  80
Initializing...
maxdom : 40
D->valSize : 1600
Solving...
currentSize : 19 <-- 0.065166 s
currentSize : 20 <-- 0.065386 s
currentSize : 21 <-- 0.066519 s
currentSize : 22 <-- 0.069082 s
currentSize : 23 <-- 0.070727 s
currentSize : 24 <-- 0.380649 s
currentSize : 25 <-- 0.464339 s
currentSize : 26 <-- 0.621859 s
currentSize : 27 <-- 1.619186 s
currentSize : 28 <-- 1.929214 s
currentSize : 30 <-- 1.930317 s
currentSize : 31 <-- 29.632643 s
currentSize : 32 <-- 78.300262 s
currentSize : 33 <-- 80.254974 s
currentSize : 36 <-- 81.332001 s

maxsize : 36
nodes : 6474924.000000
filtered : 304453360.000000
CCGP filtered : 22991504.000000
CCGT filtered : 9865917.000000
time : 81.509537
