Parameters: GAD=1 vflib=1 dir=0 label=0 lowerbound=1 fileNameGp=../../cp2016-max-common-connected-subgraph-paper/datasets/graphsdb/mcs90/m2D/m2Dr2/mcs90_m2Dr2_s40.A00 fileNameGt=../../cp2016-max-common-connected-subgraph-paper/datasets/graphsdb/mcs90/m2D/m2Dr2/mcs90_m2Dr2_s40.B00
Reading graphs...
40 :  75
40 :  74
Initializing...
maxdom : 40
D->valSize : 1600
Solving...
currentSize : 19 <-- 0.035815 s
currentSize : 22 <-- 0.035873 s
currentSize : 23 <-- 0.035994 s
currentSize : 24 <-- 0.039009 s
currentSize : 25 <-- 0.142354 s
currentSize : 26 <-- 3.996131 s
currentSize : 27 <-- 9.412985 s
currentSize : 28 <-- 31.331484 s
currentSize : 29 <-- 51.770351 s
currentSize : 30 <-- 142.560013 s
currentSize : 31 <-- 142.560287 s
currentSize : 32 <-- 142.739990 s
currentSize : 33 <-- 142.748749 s
currentSize : 37 <-- 142.967270 s

maxsize : 37
nodes : 13249891.000000
filtered : 409581213.000000
CCGP filtered : 105700290.000000
CCGT filtered : 26655952.000000
time : 143.103531
