Parameters: GAD=1 vflib=1 dir=0 label=0 lowerbound=1 fileNameGp=../../cp2016-max-common-connected-subgraph-paper/datasets/graphsdb/mcs90/bvg/b03m/mcs90_b03m_s35.A05 fileNameGt=../../cp2016-max-common-connected-subgraph-paper/datasets/graphsdb/mcs90/bvg/b03m/mcs90_b03m_s35.B05
Reading graphs...
35 :  50
35 :  50
Initializing...
maxdom : 35
D->valSize : 1225
Solving...
currentSize : 19 <-- 0.020900 s
currentSize : 20 <-- 0.020946 s
currentSize : 22 <-- 0.020966 s
currentSize : 23 <-- 0.021846 s
currentSize : 24 <-- 0.046034 s
currentSize : 25 <-- 0.298642 s
currentSize : 26 <-- 2.148136 s
currentSize : 27 <-- 3.260475 s
currentSize : 28 <-- 3.280505 s
currentSize : 29 <-- 5.022961 s
currentSize : 30 <-- 5.022998 s

maxsize : 30
nodes : 516901.000000
filtered : 13891659.000000
CCGP filtered : 19335398.000000
CCGT filtered : 6978747.000000
time : 5.465428
