Parameters: GAD=1 vflib=1 dir=0 label=0 lowerbound=1 fileNameGp=../../cp2016-max-common-connected-subgraph-paper/datasets/graphsdb/mcs90/m3D/m3Dr4/mcs90_m3Dr4_s30.A09 fileNameGt=../../cp2016-max-common-connected-subgraph-paper/datasets/graphsdb/mcs90/m3D/m3Dr4/mcs90_m3Dr4_s30.B09
Reading graphs...
30 :  73
30 :  72
Initializing...
maxdom : 30
D->valSize : 900
Solving...
currentSize : 13 <-- 0.010427 s
currentSize : 14 <-- 0.010809 s
currentSize : 15 <-- 0.011268 s
currentSize : 16 <-- 0.011353 s
currentSize : 17 <-- 0.012352 s
currentSize : 18 <-- 0.066765 s
currentSize : 20 <-- 1.417655 s
currentSize : 21 <-- 4.334256 s
currentSize : 22 <-- 4.341464 s
currentSize : 27 <-- 4.589468 s

maxsize : 27
nodes : 536545.000000
filtered : 12750916.000000
CCGP filtered : 652409.000000
CCGT filtered : 785251.000000
time : 4.626213
