Parameters: GAD=1 vflib=1 dir=0 label=0 lowerbound=1 fileNameGp=../../cp2016-max-common-connected-subgraph-paper/datasets/graphsdb/mcs90/bvg/b06/mcs90_b06_s35.A01 fileNameGt=../../cp2016-max-common-connected-subgraph-paper/datasets/graphsdb/mcs90/bvg/b06/mcs90_b06_s35.B01
Reading graphs...
35 :  105
35 :  104
Initializing...
maxdom : 35
D->valSize : 1225
Solving...
currentSize : 15 <-- 0.034236 s
currentSize : 16 <-- 0.034415 s
currentSize : 17 <-- 0.034648 s
currentSize : 18 <-- 0.035066 s
currentSize : 19 <-- 0.036281 s
currentSize : 20 <-- 0.054690 s
currentSize : 21 <-- 0.055013 s
currentSize : 22 <-- 0.056181 s
currentSize : 23 <-- 0.056590 s
currentSize : 24 <-- 0.056810 s
currentSize : 25 <-- 0.066236 s
currentSize : 27 <-- 0.087073 s
currentSize : 28 <-- 0.115405 s
currentSize : 29 <-- 0.115592 s
currentSize : 31 <-- 0.117057 s

maxsize : 31
nodes : 48637.000000
filtered : 1717377.000000
CCGP filtered : 18233.000000
CCGT filtered : 6868.000000
time : 0.548348
