Parameters: GAD=1 vflib=1 dir=0 label=0 lowerbound=1 fileNameGp=../../cp2016-max-common-connected-subgraph-paper/datasets/graphsdb/mcs90/bvg/b03m/mcs90_b03m_s35.A04 fileNameGt=../../cp2016-max-common-connected-subgraph-paper/datasets/graphsdb/mcs90/bvg/b03m/mcs90_b03m_s35.B04
Reading graphs...
35 :  51
35 :  51
Initializing...
maxdom : 35
D->valSize : 1225
Solving...
currentSize : 15 <-- 0.020882 s
currentSize : 16 <-- 0.020924 s
currentSize : 17 <-- 0.021122 s
currentSize : 19 <-- 0.021373 s
currentSize : 20 <-- 0.021407 s
currentSize : 21 <-- 0.193777 s
currentSize : 22 <-- 0.309833 s
currentSize : 23 <-- 0.378751 s
currentSize : 24 <-- 0.382428 s
currentSize : 25 <-- 1.270874 s
currentSize : 26 <-- 2.677460 s
currentSize : 27 <-- 2.903503 s
currentSize : 28 <-- 3.163079 s
currentSize : 29 <-- 3.174321 s
currentSize : 30 <-- 3.174411 s

maxsize : 30
nodes : 376591.000000
filtered : 10311192.000000
CCGP filtered : 11724323.000000
CCGT filtered : 4720945.000000
time : 3.871268
