Parameters: GAD=1 vflib=1 dir=0 label=0 lowerbound=1 fileNameGp=../../cp2016-max-common-connected-subgraph-paper/datasets/graphsdb/mcs90/rand/r005/mcs90_r005_s40.A04 fileNameGt=../../cp2016-max-common-connected-subgraph-paper/datasets/graphsdb/mcs90/rand/r005/mcs90_r005_s40.B04
Reading graphs...
40 :  77
40 :  77
Initializing...
maxdom : 40
D->valSize : 1600
Solving...
currentSize : 20 <-- 0.035722 s
currentSize : 21 <-- 0.036435 s
currentSize : 22 <-- 0.039183 s
currentSize : 24 <-- 0.051235 s
currentSize : 25 <-- 0.652730 s
currentSize : 26 <-- 1.108402 s
currentSize : 27 <-- 1.319007 s
currentSize : 30 <-- 3.071812 s
currentSize : 31 <-- 3.072847 s
currentSize : 36 <-- 3.124533 s

maxsize : 36
nodes : 307527.000000
filtered : 5158248.000000
CCGP filtered : 3908085.000000
CCGT filtered : 2266628.000000
time : 3.258707
