Parameters: GAD=1 vflib=1 dir=0 label=0 lowerbound=1 fileNameGp=../../cp2016-max-common-connected-subgraph-paper/datasets/graphsdb/mcs90/bvg/b06m/mcs90_b06m_s25.A04 fileNameGt=../../cp2016-max-common-connected-subgraph-paper/datasets/graphsdb/mcs90/bvg/b06m/mcs90_b06m_s25.B04
Reading graphs...
25 :  72
25 :  71
Initializing...
maxdom : 25
D->valSize : 625
Solving...
currentSize : 7 <-- 0.004803 s
currentSize : 12 <-- 0.004842 s
currentSize : 13 <-- 0.004952 s
currentSize : 14 <-- 0.045522 s
currentSize : 15 <-- 0.614692 s
currentSize : 16 <-- 1.248068 s
currentSize : 17 <-- 1.248474 s
currentSize : 18 <-- 1.809687 s
currentSize : 22 <-- 1.814545 s

maxsize : 22
nodes : 233967.000000
filtered : 4877573.000000
CCGP filtered : 333075.000000
CCGT filtered : 232893.000000
time : 1.824324
