Parameters: GAD=1 vflib=1 dir=0 label=0 lowerbound=1 fileNameGp=../../cp2016-max-common-connected-subgraph-paper/datasets/graphsdb/mcs90/rand/r005/mcs90_r005_s40.A09 fileNameGt=../../cp2016-max-common-connected-subgraph-paper/datasets/graphsdb/mcs90/rand/r005/mcs90_r005_s40.B09
Reading graphs...
40 :  75
40 :  74
Initializing...
maxdom : 40
D->valSize : 1600
Solving...
currentSize : 20 <-- 0.035747 s
currentSize : 21 <-- 0.037618 s
currentSize : 22 <-- 0.037904 s
currentSize : 23 <-- 0.039355 s
currentSize : 24 <-- 0.039557 s
currentSize : 25 <-- 0.040268 s
currentSize : 26 <-- 0.042470 s
currentSize : 27 <-- 0.042878 s
currentSize : 28 <-- 0.043819 s
currentSize : 29 <-- 0.047322 s
currentSize : 30 <-- 2.797917 s
currentSize : 32 <-- 2.889968 s
currentSize : 36 <-- 2.890727 s

maxsize : 36
nodes : 259390.000000
filtered : 9222907.000000
CCGP filtered : 651998.000000
CCGT filtered : 740206.000000
time : 3.045906
