Parameters: GAD=1 vflib=1 dir=0 label=0 lowerbound=1 fileNameGp=../../cp2016-max-common-connected-subgraph-paper/datasets/graphsdb/mcs90/bvg/b09/mcs90_b09_s35.A08 fileNameGt=../../cp2016-max-common-connected-subgraph-paper/datasets/graphsdb/mcs90/bvg/b09/mcs90_b09_s35.B08
Reading graphs...
35 :  157
35 :  155
Initializing...
maxdom : 35
D->valSize : 1225
Solving...
currentSize : 11 <-- 0.018149 s
currentSize : 12 <-- 0.018244 s
currentSize : 13 <-- 0.018469 s
currentSize : 14 <-- 0.019376 s
currentSize : 15 <-- 0.025139 s
currentSize : 16 <-- 0.026011 s
currentSize : 17 <-- 0.108013 s
currentSize : 18 <-- 0.133026 s
currentSize : 22 <-- 0.134276 s
currentSize : 30 <-- 0.145218 s

maxsize : 30
nodes : 82240.000000
filtered : 4894086.000000
CCGP filtered : 6117.000000
CCGT filtered : 3547.000000
time : 1.015591
