Parameters: GAD=1 vflib=1 dir=0 label=0 lowerbound=1 fileNameGp=../../cp2016-max-common-connected-subgraph-paper/datasets/graphsdb/mcs90/m2D/m2Dr4/mcs90_m2Dr4_s40.A00 fileNameGt=../../cp2016-max-common-connected-subgraph-paper/datasets/graphsdb/mcs90/m2D/m2Dr4/mcs90_m2Dr4_s40.B00
Reading graphs...
40 :  82
40 :  82
Initializing...
maxdom : 40
D->valSize : 1600
Solving...
currentSize : 19 <-- 0.035504 s
currentSize : 20 <-- 0.035564 s
currentSize : 22 <-- 0.035739 s
currentSize : 23 <-- 0.039291 s
currentSize : 24 <-- 0.797153 s
currentSize : 25 <-- 1.814524 s
currentSize : 26 <-- 345.032257 s
currentSize : 27 <-- 555.612244 s
currentSize : 36 <-- 911.668701 s

maxsize : 36
nodes : 84924857.000000
filtered : 2256671487.000000
CCGP filtered : 508615336.000000
CCGT filtered : 267795973.000000
time : 912.057190
