Parameters: GAD=1 vflib=1 dir=0 label=0 lowerbound=1 fileNameGp=../../cp2016-max-common-connected-subgraph-paper/datasets/graphsdb/mcs90/rand/r01/mcs90_r01_s30.A09 fileNameGt=../../cp2016-max-common-connected-subgraph-paper/datasets/graphsdb/mcs90/rand/r01/mcs90_r01_s30.B09
Reading graphs...
30 :  82
30 :  82
Initializing...
maxdom : 30
D->valSize : 900
Solving...
currentSize : 14 <-- 0.010434 s
currentSize : 15 <-- 0.014254 s
currentSize : 16 <-- 0.017930 s
currentSize : 17 <-- 0.264805 s
currentSize : 18 <-- 36.959583 s
currentSize : 19 <-- 36.961594 s
currentSize : 20 <-- 42.758656 s
currentSize : 21 <-- 54.827190 s
currentSize : 22 <-- 60.202698 s
currentSize : 25 <-- 61.456272 s
currentSize : 27 <-- 61.458088 s

maxsize : 27
nodes : 7183100.000000
filtered : 142373573.000000
CCGP filtered : 5381132.000000
CCGT filtered : 4716999.000000
time : 61.464741
