Parameters: GAD=1 vflib=1 dir=0 label=0 lowerbound=1 fileNameGp=../../cp2016-max-common-connected-subgraph-paper/datasets/graphsdb/mcs90/rand/r01/mcs90_r01_s50.A02 fileNameGt=../../cp2016-max-common-connected-subgraph-paper/datasets/graphsdb/mcs90/rand/r01/mcs90_r01_s50.B02
Reading graphs...
50 :  230
50 :  227
Initializing...
maxdom : 50
D->valSize : 2500
Solving...
currentSize : 17 <-- 0.085303 s
currentSize : 18 <-- 0.085644 s
currentSize : 19 <-- 0.086064 s
currentSize : 20 <-- 0.154203 s
currentSize : 21 <-- 0.332781 s
currentSize : 22 <-- 1.956147 s
currentSize : 23 <-- 66.443260 s
currentSize : 24 <-- 105.718163 s
currentSize : 25 <-- 121.254654 s
currentSize : 28 <-- 135.641403 s

TIMEOUT
maxsize : 28
nodes : 59859438.000000
filtered : 2225710467.000000
CCGP filtered : 9798546.000000
CCGT filtered : 17016647.000000
time : 1000.000000
