Parameters: GAD=1 vflib=1 dir=0 label=0 lowerbound=1 fileNameGp=../../cp2016-max-common-connected-subgraph-paper/datasets/graphsdb/mcs90/bvg/b09/mcs90_b09_s35.A04 fileNameGt=../../cp2016-max-common-connected-subgraph-paper/datasets/graphsdb/mcs90/bvg/b09/mcs90_b09_s35.B04
Reading graphs...
35 :  156
35 :  157
Initializing...
maxdom : 35
D->valSize : 1225
Solving...
currentSize : 13 <-- 0.032592 s
currentSize : 15 <-- 0.032927 s
currentSize : 16 <-- 0.033375 s
currentSize : 17 <-- 0.089589 s
currentSize : 18 <-- 0.094594 s
currentSize : 19 <-- 0.126776 s
currentSize : 20 <-- 0.152827 s
currentSize : 21 <-- 0.158245 s
currentSize : 23 <-- 0.178599 s
currentSize : 24 <-- 0.186736 s
currentSize : 25 <-- 0.194157 s
currentSize : 26 <-- 0.220134 s
currentSize : 30 <-- 0.304550 s

maxsize : 30
nodes : 75248.000000
filtered : 4396707.000000
CCGP filtered : 3941.000000
CCGT filtered : 535.000000
time : 0.995345
