Parameters: GAD=1 vflib=1 dir=0 label=0 lowerbound=1 fileNameGp=../../cp2016-max-common-connected-subgraph-paper/datasets/graphsdb/mcs90/bvg/b06m/mcs90_b06m_s35.A03 fileNameGt=../../cp2016-max-common-connected-subgraph-paper/datasets/graphsdb/mcs90/bvg/b06m/mcs90_b06m_s35.B03
Reading graphs...
35 :  104
35 :  103
Initializing...
maxdom : 35
D->valSize : 1225
Solving...
currentSize : 15 <-- 0.034254 s
currentSize : 16 <-- 0.036511 s
currentSize : 17 <-- 0.046022 s
currentSize : 18 <-- 0.076263 s
currentSize : 19 <-- 0.267643 s
currentSize : 20 <-- 28.029287 s
currentSize : 21 <-- 48.562237 s
currentSize : 22 <-- 89.411919 s
currentSize : 24 <-- 139.208984 s
currentSize : 26 <-- 150.685852 s
currentSize : 27 <-- 152.501282 s
currentSize : 31 <-- 152.525177 s

maxsize : 31
nodes : 14823710.000000
filtered : 433448695.000000
CCGP filtered : 43853547.000000
CCGT filtered : 24685959.000000
time : 152.594849
