Parameters: GAD=1 vflib=1 dir=0 label=0 lowerbound=1 fileNameGp=../../cp2016-max-common-connected-subgraph-paper/datasets/graphsdb/mcs90/bvg/b09/mcs90_b09_s30.A03 fileNameGt=../../cp2016-max-common-connected-subgraph-paper/datasets/graphsdb/mcs90/bvg/b09/mcs90_b09_s30.B03
Reading graphs...
30 :  134
30 :  135
Initializing...
maxdom : 30
D->valSize : 900
Solving...
currentSize : 14 <-- 0.009645 s
currentSize : 15 <-- 0.009717 s
currentSize : 17 <-- 0.009889 s
currentSize : 18 <-- 0.009988 s
currentSize : 19 <-- 0.010083 s
currentSize : 20 <-- 0.010339 s
currentSize : 21 <-- 0.010410 s
currentSize : 25 <-- 0.010711 s
currentSize : 26 <-- 0.010930 s

maxsize : 26
nodes : 14875.000000
filtered : 952300.000000
CCGP filtered : 3647.000000
CCGT filtered : 74.000000
time : 0.204291
