Parameters: GAD=1 vflib=1 dir=0 label=0 lowerbound=1 fileNameGp=../../cp2016-max-common-connected-subgraph-paper/datasets/graphsdb/mcs90/m2D/m2Dr6/mcs90_m2Dr6_s50.A06 fileNameGt=../../cp2016-max-common-connected-subgraph-paper/datasets/graphsdb/mcs90/m2D/m2Dr6/mcs90_m2Dr6_s50.B06
Reading graphs...
50 :  113
50 :  112
Initializing...
maxdom : 50
D->valSize : 2500
Solving...
currentSize : 23 <-- 0.094581 s
currentSize : 26 <-- 0.095012 s
currentSize : 27 <-- 0.155899 s
currentSize : 28 <-- 0.169488 s
currentSize : 29 <-- 5.565579 s
currentSize : 30 <-- 36.032543 s
currentSize : 31 <-- 191.760254 s
currentSize : 32 <-- 498.394226 s
currentSize : 33 <-- 504.915131 s
currentSize : 34 <-- 504.915192 s
currentSize : 36 <-- 510.808716 s
currentSize : 38 <-- 511.955078 s
currentSize : 39 <-- 512.194824 s
currentSize : 40 <-- 512.235901 s
currentSize : 41 <-- 512.236511 s
currentSize : 42 <-- 512.240967 s
currentSize : 43 <-- 512.242493 s
currentSize : 46 <-- 512.242981 s
currentSize : 49 <-- 512.389526 s

maxsize : 49
nodes : 36433527.000000
filtered : 1167929656.000000
CCGP filtered : 273224356.000000
CCGT filtered : 183787468.000000
time : 512.392273
