Parameters: GAD=1 vflib=1 dir=0 label=0 lowerbound=1 fileNameGp=../../cp2016-max-common-connected-subgraph-paper/datasets/graphsdb/mcs90/m4D/m4D/mcs90_m4D_s20.A01 fileNameGt=../../cp2016-max-common-connected-subgraph-paper/datasets/graphsdb/mcs90/m4D/m4D/mcs90_m4D_s20.B01
Reading graphs...
20 :  37
20 :  37
Initializing...
maxdom : 20
D->valSize : 400
Solving...
currentSize : 4 <-- 0.002115 s
currentSize : 7 <-- 0.002141 s
currentSize : 8 <-- 0.003352 s
currentSize : 9 <-- 0.006416 s
currentSize : 10 <-- 0.006449 s
currentSize : 11 <-- 0.007535 s
currentSize : 14 <-- 0.012221 s
currentSize : 15 <-- 0.012286 s
currentSize : 17 <-- 0.012337 s

maxsize : 17
nodes : 3266.000000
filtered : 59271.000000
CCGP filtered : 21005.000000
CCGT filtered : 28353.000000
time : 0.023271
