Parameters: GAD=1 vflib=1 dir=0 label=0 lowerbound=1 fileNameGp=../../cp2016-max-common-connected-subgraph-paper/datasets/graphsdb/mcs90/m2D/m2Dr2/mcs90_m2Dr2_s40.A05 fileNameGt=../../cp2016-max-common-connected-subgraph-paper/datasets/graphsdb/mcs90/m2D/m2Dr2/mcs90_m2Dr2_s40.B05
Reading graphs...
40 :  74
40 :  74
Initializing...
maxdom : 40
D->valSize : 1600
Solving...
currentSize : 16 <-- 0.035414 s
currentSize : 17 <-- 0.035457 s
currentSize : 18 <-- 0.035552 s
currentSize : 20 <-- 0.036269 s
currentSize : 21 <-- 0.037096 s
currentSize : 22 <-- 0.037169 s
currentSize : 23 <-- 0.048496 s
currentSize : 24 <-- 0.049054 s
currentSize : 25 <-- 0.049569 s
currentSize : 26 <-- 0.095898 s
currentSize : 27 <-- 0.455524 s
currentSize : 28 <-- 63.176960 s
currentSize : 29 <-- 63.184288 s
currentSize : 30 <-- 68.663643 s
currentSize : 31 <-- 68.663696 s
currentSize : 32 <-- 85.335213 s
currentSize : 33 <-- 85.348175 s
currentSize : 36 <-- 85.354195 s

maxsize : 36
nodes : 7639308.000000
filtered : 236404990.000000
CCGP filtered : 70516254.000000
CCGT filtered : 46944392.000000
time : 85.860619
