Parameters: GAD=1 vflib=1 dir=0 label=0 lowerbound=1 fileNameGp=../../cp2016-max-common-connected-subgraph-paper/datasets/graphsdb/mcs90/bvg/b03m/mcs90_b03m_s40.A08 fileNameGt=../../cp2016-max-common-connected-subgraph-paper/datasets/graphsdb/mcs90/bvg/b03m/mcs90_b03m_s40.B08
Reading graphs...
40 :  60
40 :  60
Initializing...
maxdom : 40
D->valSize : 1600
Solving...
currentSize : 15 <-- 0.060875 s
currentSize : 20 <-- 0.061062 s
currentSize : 22 <-- 0.061095 s
currentSize : 23 <-- 0.061154 s
currentSize : 24 <-- 0.067273 s
currentSize : 25 <-- 0.567505 s
currentSize : 26 <-- 0.580876 s
currentSize : 27 <-- 2.228841 s
currentSize : 28 <-- 3.202329 s
currentSize : 29 <-- 21.821352 s
currentSize : 30 <-- 22.735241 s
currentSize : 34 <-- 68.053078 s
currentSize : 35 <-- 70.383339 s
currentSize : 36 <-- 70.383408 s

maxsize : 36
nodes : 5651770.000000
filtered : 172843701.000000
CCGP filtered : 189234259.000000
CCGT filtered : 126638797.000000
time : 70.567123
