Parameters: GAD=1 vflib=1 dir=0 label=0 lowerbound=1 fileNameGp=../../cp2016-max-common-connected-subgraph-paper/datasets/graphsdb/mcs90/m2D/m2Dr2/mcs90_m2Dr2_s30.A06 fileNameGt=../../cp2016-max-common-connected-subgraph-paper/datasets/graphsdb/mcs90/m2D/m2Dr2/mcs90_m2Dr2_s30.B06
Reading graphs...
30 :  55
30 :  55
Initializing...
maxdom : 30
D->valSize : 900
Solving...
currentSize : 12 <-- 0.010715 s
currentSize : 14 <-- 0.010756 s
currentSize : 15 <-- 0.010820 s
currentSize : 16 <-- 0.010846 s
currentSize : 19 <-- 0.010869 s
currentSize : 21 <-- 0.035924 s
currentSize : 22 <-- 0.051302 s
currentSize : 23 <-- 0.156820 s
currentSize : 26 <-- 0.163939 s

maxsize : 26
nodes : 35432.000000
filtered : 1187615.000000
CCGP filtered : 109792.000000
CCGT filtered : 35621.000000
time : 0.328958
