Parameters: GAD=1 vflib=1 dir=0 label=0 lowerbound=1 fileNameGp=../../cp2016-max-common-connected-subgraph-paper/datasets/graphsdb/mcs90/bvg/b09m/mcs90_b09m_s30.A03 fileNameGt=../../cp2016-max-common-connected-subgraph-paper/datasets/graphsdb/mcs90/bvg/b09m/mcs90_b09m_s30.B03
Reading graphs...
30 :  131
30 :  132
Initializing...
maxdom : 30
D->valSize : 900
Solving...
currentSize : 12 <-- 0.017407 s
currentSize : 13 <-- 0.017587 s
currentSize : 14 <-- 0.361649 s
currentSize : 15 <-- 4.781643 s
currentSize : 16 <-- 13.747048 s
currentSize : 17 <-- 13.899742 s
currentSize : 18 <-- 15.406113 s
currentSize : 20 <-- 15.459164 s
currentSize : 26 <-- 15.480921 s

maxsize : 26
nodes : 1673114.000000
filtered : 27586726.000000
CCGP filtered : 476389.000000
CCGT filtered : 483953.000000
time : 15.555565
