Parameters: GAD=1 vflib=1 dir=0 label=0 lowerbound=1 fileNameGp=../../cp2016-max-common-connected-subgraph-paper/datasets/graphsdb/mcs90/rand/r02/mcs90_r02_s25.A02 fileNameGt=../../cp2016-max-common-connected-subgraph-paper/datasets/graphsdb/mcs90/rand/r02/mcs90_r02_s25.B02
Reading graphs...
25 :  110
25 :  107
Initializing...
maxdom : 25
D->valSize : 625
Solving...
currentSize : 9 <-- 0.004569 s
currentSize : 10 <-- 0.005494 s
currentSize : 11 <-- 0.005713 s
currentSize : 12 <-- 0.144761 s
currentSize : 13 <-- 0.293336 s
currentSize : 14 <-- 2.208765 s
currentSize : 15 <-- 2.880136 s
currentSize : 16 <-- 3.360588 s
currentSize : 17 <-- 3.360899 s
currentSize : 19 <-- 3.363348 s
currentSize : 22 <-- 3.459600 s

maxsize : 22
nodes : 444224.000000
filtered : 6096384.000000
CCGP filtered : 14105.000000
CCGT filtered : 6647.000000
time : 3.468565
