Parameters: GAD=1 vflib=1 dir=0 label=0 lowerbound=1 fileNameGp=../../cp2016-max-common-connected-subgraph-paper/datasets/graphsdb/mcs90/m2D/m2D/mcs90_m2D_s50.A05 fileNameGt=../../cp2016-max-common-connected-subgraph-paper/datasets/graphsdb/mcs90/m2D/m2D/mcs90_m2D_s50.B05
Reading graphs...
50 :  85
50 :  85
Initializing...
maxdom : 50
D->valSize : 2500
Solving...
currentSize : 30 <-- 0.096981 s
currentSize : 31 <-- 0.097324 s
currentSize : 32 <-- 0.097963 s
currentSize : 33 <-- 0.098049 s
currentSize : 34 <-- 0.110024 s
currentSize : 35 <-- 0.129886 s
currentSize : 36 <-- 0.302222 s
currentSize : 37 <-- 0.882412 s
currentSize : 38 <-- 11.711170 s
currentSize : 39 <-- 54.310776 s
currentSize : 41 <-- 71.168678 s
currentSize : 42 <-- 106.359802 s
currentSize : 43 <-- 106.417046 s
currentSize : 44 <-- 106.706360 s
currentSize : 45 <-- 106.709267 s
currentSize : 46 <-- 106.743240 s
currentSize : 47 <-- 107.337982 s
currentSize : 49 <-- 107.339134 s

maxsize : 49
nodes : 7483609.000000
filtered : 258867662.000000
CCGP filtered : 150430335.000000
CCGT filtered : 58311517.000000
time : 107.340576
