Parameters: GAD=1 vflib=1 dir=0 label=0 lowerbound=1 fileNameGp=../../cp2016-max-common-connected-subgraph-paper/datasets/graphsdb/mcs90/rand/r005/mcs90_r005_s35.A01 fileNameGt=../../cp2016-max-common-connected-subgraph-paper/datasets/graphsdb/mcs90/rand/r005/mcs90_r005_s35.B01
Reading graphs...
35 :  57
35 :  57
Initializing...
maxdom : 35
D->valSize : 1225
Solving...
currentSize : 15 <-- 0.034508 s
currentSize : 17 <-- 0.034664 s
currentSize : 18 <-- 0.040786 s
currentSize : 19 <-- 0.054136 s
currentSize : 20 <-- 0.103616 s
currentSize : 21 <-- 8.787576 s
currentSize : 22 <-- 44.106136 s
currentSize : 23 <-- 45.219807 s
currentSize : 24 <-- 45.421215 s
currentSize : 25 <-- 45.965263 s
currentSize : 26 <-- 48.347324 s
currentSize : 27 <-- 48.347633 s
currentSize : 28 <-- 48.348221 s
currentSize : 29 <-- 48.348324 s
currentSize : 30 <-- 48.355007 s
currentSize : 31 <-- 48.570175 s

maxsize : 31
nodes : 4586483.000000
filtered : 100191513.000000
CCGP filtered : 75886673.000000
CCGT filtered : 72814913.000000
time : 48.605408
