Parameters: GAD=1 vflib=1 dir=0 label=0 lowerbound=1 fileNameGp=../../cp2016-max-common-connected-subgraph-paper/datasets/graphsdb/mcs90/m2D/m2Dr6/mcs90_m2Dr6_s30.A05 fileNameGt=../../cp2016-max-common-connected-subgraph-paper/datasets/graphsdb/mcs90/m2D/m2Dr6/mcs90_m2Dr6_s30.B05
Reading graphs...
30 :  66
30 :  65
Initializing...
maxdom : 30
D->valSize : 900
Solving...
currentSize : 11 <-- 0.010516 s
currentSize : 12 <-- 0.010604 s
currentSize : 13 <-- 0.011024 s
currentSize : 15 <-- 0.011105 s
currentSize : 16 <-- 0.011424 s
currentSize : 17 <-- 0.011853 s
currentSize : 18 <-- 0.033608 s
currentSize : 19 <-- 0.503786 s
currentSize : 20 <-- 3.439418 s
currentSize : 21 <-- 5.819597 s
currentSize : 23 <-- 8.078714 s
currentSize : 25 <-- 8.080710 s

maxsize : 25
nodes : 945050.000000
filtered : 24953655.000000
CCGP filtered : 5773515.000000
CCGT filtered : 1931331.000000
time : 8.284965
