Parameters: GAD=1 vflib=1 dir=0 label=0 lowerbound=1 fileNameGp=../../cp2016-max-common-connected-subgraph-paper/datasets/graphsdb/mcs90/rand/r02/mcs90_r02_s35.A05 fileNameGt=../../cp2016-max-common-connected-subgraph-paper/datasets/graphsdb/mcs90/rand/r02/mcs90_r02_s35.B05
Reading graphs...
35 :  211
35 :  214
Initializing...
maxdom : 35
D->valSize : 1225
Solving...
currentSize : 10 <-- 0.030222 s
currentSize : 11 <-- 0.030423 s
currentSize : 12 <-- 0.031462 s
currentSize : 13 <-- 0.035511 s
currentSize : 14 <-- 0.115016 s
currentSize : 15 <-- 33.519852 s
currentSize : 16 <-- 34.076481 s
currentSize : 17 <-- 34.658325 s
currentSize : 18 <-- 83.893753 s
currentSize : 19 <-- 84.089279 s
currentSize : 21 <-- 84.142189 s
currentSize : 26 <-- 252.346451 s
currentSize : 31 <-- 252.348358 s

maxsize : 31
nodes : 19914137.000000
filtered : 493731116.000000
CCGP filtered : 78102.000000
CCGT filtered : 83520.000000
time : 252.377060
