Parameters: GAD=1 vflib=1 dir=0 label=0 lowerbound=1 fileNameGp=../../cp2016-max-common-connected-subgraph-paper/datasets/graphsdb/mcs90/bvg/b03m/mcs90_b03m_s40.A00 fileNameGt=../../cp2016-max-common-connected-subgraph-paper/datasets/graphsdb/mcs90/bvg/b03m/mcs90_b03m_s40.B00
Reading graphs...
40 :  59
40 :  59
Initializing...
maxdom : 40
D->valSize : 1600
Solving...
currentSize : 18 <-- 0.058230 s
currentSize : 21 <-- 0.061970 s
currentSize : 22 <-- 0.063918 s
currentSize : 24 <-- 0.065314 s
currentSize : 25 <-- 0.074104 s
currentSize : 26 <-- 0.372708 s
currentSize : 27 <-- 0.584204 s
currentSize : 28 <-- 1.909846 s
currentSize : 29 <-- 2.022300 s
currentSize : 30 <-- 3.952475 s
currentSize : 31 <-- 54.707558 s
currentSize : 32 <-- 54.715225 s
currentSize : 33 <-- 57.592346 s
currentSize : 34 <-- 58.309547 s
currentSize : 35 <-- 58.309650 s
currentSize : 36 <-- 58.309784 s

maxsize : 36
nodes : 5102802.000000
filtered : 142079294.000000
CCGP filtered : 185168313.000000
CCGT filtered : 75238074.000000
time : 58.445057
