Parameters: GAD=1 vflib=1 dir=0 label=0 lowerbound=1 fileNameGp=../../cp2016-max-common-connected-subgraph-paper/datasets/graphsdb/mcs90/bvg/b06m/mcs90_b06m_s40.A06 fileNameGt=../../cp2016-max-common-connected-subgraph-paper/datasets/graphsdb/mcs90/bvg/b06m/mcs90_b06m_s40.B06
Reading graphs...
40 :  117
40 :  117
Initializing...
maxdom : 40
D->valSize : 1600
Solving...
currentSize : 16 <-- 0.058580 s
currentSize : 17 <-- 0.065239 s
currentSize : 18 <-- 0.167489 s
currentSize : 19 <-- 0.197883 s
currentSize : 20 <-- 0.358894 s
currentSize : 21 <-- 0.359783 s
currentSize : 22 <-- 1.246996 s
currentSize : 23 <-- 3.554414 s
currentSize : 24 <-- 567.413086 s
currentSize : 25 <-- 927.672791 s
currentSize : 26 <-- 990.811584 s
currentSize : 27 <-- 993.938232 s
currentSize : 28 <-- 993.974792 s
currentSize : 29 <-- 993.980835 s
currentSize : 31 <-- 993.998962 s
currentSize : 36 <-- 994.019226 s

maxsize : 36
nodes : 82420791.000000
filtered : 2628101808.000000
CCGP filtered : 493985372.000000
CCGT filtered : 291566337.000000
time : 994.167236
