Parameters: GAD=1 vflib=1 dir=0 label=0 lowerbound=1 fileNameGp=../../cp2016-max-common-connected-subgraph-paper/datasets/graphsdb/mcs90/rand/r01/mcs90_r01_s35.A04 fileNameGt=../../cp2016-max-common-connected-subgraph-paper/datasets/graphsdb/mcs90/rand/r01/mcs90_r01_s35.B04
Reading graphs...
35 :  111
35 :  110
Initializing...
maxdom : 35
D->valSize : 1225
Solving...
currentSize : 15 <-- 0.018835 s
currentSize : 16 <-- 0.026381 s
currentSize : 17 <-- 0.074132 s
currentSize : 18 <-- 0.609844 s
currentSize : 19 <-- 10.243561 s
currentSize : 20 <-- 92.674126 s
currentSize : 21 <-- 230.740997 s
currentSize : 22 <-- 258.506714 s
currentSize : 25 <-- 294.513702 s
currentSize : 26 <-- 296.727539 s
currentSize : 31 <-- 296.844269 s

maxsize : 31
nodes : 29784902.000000
filtered : 668956420.000000
CCGP filtered : 21724799.000000
CCGT filtered : 12943682.000000
time : 296.980499
