Parameters: GAD=1 vflib=1 dir=0 label=0 lowerbound=1 fileNameGp=../../cp2016-max-common-connected-subgraph-paper/datasets/graphsdb/mcs90/bvg/b09m/mcs90_b09m_s35.A08 fileNameGt=../../cp2016-max-common-connected-subgraph-paper/datasets/graphsdb/mcs90/bvg/b09m/mcs90_b09m_s35.B08
Reading graphs...
35 :  151
35 :  151
Initializing...
maxdom : 35
D->valSize : 1225
Solving...
currentSize : 11 <-- 0.018128 s
currentSize : 12 <-- 0.018233 s
currentSize : 14 <-- 0.020424 s
currentSize : 15 <-- 0.032058 s
currentSize : 16 <-- 0.830434 s
currentSize : 17 <-- 1.927538 s
currentSize : 18 <-- 2.040711 s
currentSize : 19 <-- 3.494841 s
currentSize : 21 <-- 8.708200 s
currentSize : 22 <-- 9.755590 s
currentSize : 23 <-- 9.763280 s
currentSize : 30 <-- 16.093369 s

maxsize : 30
nodes : 1380534.000000
filtered : 44908432.000000
CCGP filtered : 455324.000000
CCGT filtered : 679969.000000
time : 16.384623
