Parameters: GAD=1 vflib=1 dir=0 label=0 lowerbound=1 fileNameGp=../../cp2016-max-common-connected-subgraph-paper/datasets/graphsdb/mcs90/m2D/m2D/mcs90_m2D_s50.A04 fileNameGt=../../cp2016-max-common-connected-subgraph-paper/datasets/graphsdb/mcs90/m2D/m2D/mcs90_m2D_s50.B04
Reading graphs...
50 :  85
50 :  85
Initializing...
maxdom : 50
D->valSize : 2500
Solving...
currentSize : 34 <-- 0.157552 s
currentSize : 35 <-- 0.157728 s
currentSize : 36 <-- 0.157771 s
currentSize : 37 <-- 0.179552 s
currentSize : 39 <-- 0.452935 s
currentSize : 40 <-- 1.093258 s
currentSize : 41 <-- 1.703861 s
currentSize : 42 <-- 2.024103 s
currentSize : 43 <-- 2.174867 s
currentSize : 44 <-- 2.250792 s
currentSize : 45 <-- 2.307347 s
currentSize : 46 <-- 3.126176 s
currentSize : 47 <-- 3.301109 s
currentSize : 49 <-- 3.301462 s
currentSize : 50 <-- 3.306910 s

maxsize : 50
nodes : 248406.000000
filtered : 8825993.000000
CCGP filtered : 2648385.000000
CCGT filtered : 794511.000000
time : 3.306927
