Parameters: GAD=1 vflib=1 dir=0 label=0 lowerbound=1 fileNameGp=../../cp2016-max-common-connected-subgraph-paper/datasets/graphsdb/mcs90/bvg/b09/mcs90_b09_s50.A05 fileNameGt=../../cp2016-max-common-connected-subgraph-paper/datasets/graphsdb/mcs90/bvg/b09/mcs90_b09_s50.B05
Reading graphs...
50 :  225
50 :  224
Initializing...
maxdom : 50
D->valSize : 2500
Solving...
currentSize : 19 <-- 0.085243 s
currentSize : 20 <-- 0.088021 s
currentSize : 21 <-- 0.091678 s
currentSize : 22 <-- 0.106034 s
currentSize : 25 <-- 1.225223 s
currentSize : 26 <-- 1.226054 s
currentSize : 27 <-- 1.226669 s
currentSize : 28 <-- 1.226697 s
currentSize : 29 <-- 1.226910 s
currentSize : 30 <-- 115.322495 s
currentSize : 31 <-- 422.332581 s
currentSize : 32 <-- 580.655151 s
currentSize : 34 <-- 581.046631 s
currentSize : 36 <-- 581.211060 s
currentSize : 38 <-- 582.295837 s
currentSize : 40 <-- 582.295959 s
currentSize : 44 <-- 583.220276 s

maxsize : 44
nodes : 35667795.000000
filtered : 1623322243.000000
CCGP filtered : 25896048.000000
CCGT filtered : 18907929.000000
time : 591.204590
