Parameters: GAD=1 vflib=1 dir=0 label=0 lowerbound=1 fileNameGp=../../cp2016-max-common-connected-subgraph-paper/datasets/graphsdb/mcs90/m2D/m2D/mcs90_m2D_s30.A06 fileNameGt=../../cp2016-max-common-connected-subgraph-paper/datasets/graphsdb/mcs90/m2D/m2D/mcs90_m2D_s30.B06
Reading graphs...
30 :  49
30 :  49
Initializing...
maxdom : 30
D->valSize : 900
Solving...
currentSize : 17 <-- 0.011123 s
currentSize : 18 <-- 0.012625 s
currentSize : 19 <-- 0.024962 s
currentSize : 20 <-- 0.036881 s
currentSize : 21 <-- 0.041649 s
currentSize : 22 <-- 0.042165 s
currentSize : 23 <-- 1.583860 s
currentSize : 24 <-- 3.350256 s
currentSize : 25 <-- 3.351324 s

maxsize : 25
nodes : 477503.000000
filtered : 11867564.000000
CCGP filtered : 3190715.000000
CCGT filtered : 1659085.000000
time : 3.937368
