Parameters: GAD=1 vflib=1 dir=0 label=0 lowerbound=1 fileNameGp=../../cp2016-max-common-connected-subgraph-paper/datasets/graphsdb/mcs90/bvg/b09/mcs90_b09_s30.A04 fileNameGt=../../cp2016-max-common-connected-subgraph-paper/datasets/graphsdb/mcs90/bvg/b09/mcs90_b09_s30.B04
Reading graphs...
30 :  135
30 :  135
Initializing...
maxdom : 30
D->valSize : 900
Solving...
currentSize : 11 <-- 0.016508 s
currentSize : 12 <-- 0.016613 s
currentSize : 13 <-- 0.016826 s
currentSize : 14 <-- 0.017159 s
currentSize : 18 <-- 0.017695 s
currentSize : 19 <-- 0.023520 s
currentSize : 20 <-- 0.023772 s
currentSize : 21 <-- 0.061590 s
currentSize : 22 <-- 0.061670 s
currentSize : 23 <-- 0.061826 s
currentSize : 26 <-- 0.062001 s

maxsize : 26
nodes : 21912.000000
filtered : 1100558.000000
CCGP filtered : 29.000000
CCGT filtered : 111.000000
time : 0.263965
