Parameters: GAD=1 vflib=1 dir=0 label=0 lowerbound=1 fileNameGp=../../cp2016-max-common-connected-subgraph-paper/datasets/graphsdb/mcs90/m2D/m2Dr2/mcs90_m2Dr2_s40.A08 fileNameGt=../../cp2016-max-common-connected-subgraph-paper/datasets/graphsdb/mcs90/m2D/m2Dr2/mcs90_m2Dr2_s40.B08
Reading graphs...
40 :  75
40 :  75
Initializing...
maxdom : 40
D->valSize : 1600
Solving...
currentSize : 21 <-- 0.035589 s
currentSize : 22 <-- 0.035660 s
currentSize : 23 <-- 0.035795 s
currentSize : 24 <-- 0.035987 s
currentSize : 26 <-- 0.036299 s
currentSize : 27 <-- 0.036683 s
currentSize : 28 <-- 0.039285 s
currentSize : 29 <-- 0.064866 s
currentSize : 30 <-- 12.984398 s
currentSize : 31 <-- 55.153732 s
currentSize : 33 <-- 55.154942 s
currentSize : 36 <-- 55.195290 s

maxsize : 36
nodes : 4534361.000000
filtered : 181850651.000000
CCGP filtered : 25561628.000000
CCGT filtered : 12981918.000000
time : 55.605061
