Parameters: GAD=1 vflib=1 dir=0 label=0 lowerbound=1 fileNameGp=../../cp2016-max-common-connected-subgraph-paper/datasets/graphsdb/mcs90/bvg/b06/mcs90_b06_s40.A08 fileNameGt=../../cp2016-max-common-connected-subgraph-paper/datasets/graphsdb/mcs90/bvg/b06/mcs90_b06_s40.B08
Reading graphs...
40 :  120
40 :  119
Initializing...
maxdom : 40
D->valSize : 1600
Solving...
currentSize : 24 <-- 0.033197 s
currentSize : 25 <-- 0.033260 s
currentSize : 26 <-- 0.034594 s
currentSize : 28 <-- 0.035107 s
currentSize : 29 <-- 0.035626 s
currentSize : 30 <-- 0.037025 s
currentSize : 31 <-- 0.038647 s
currentSize : 32 <-- 0.040861 s
currentSize : 33 <-- 0.045475 s
currentSize : 34 <-- 0.046082 s
currentSize : 36 <-- 0.053376 s

maxsize : 36
nodes : 54092.000000
filtered : 2422278.000000
CCGP filtered : 279.000000
CCGT filtered : 28013.000000
time : 0.761163
