Parameters: GAD=1 vflib=1 dir=0 label=0 lowerbound=1 fileNameGp=../../cp2016-max-common-connected-subgraph-paper/datasets/graphsdb/mcs90/bvg/b03m/mcs90_b03m_s35.A06 fileNameGt=../../cp2016-max-common-connected-subgraph-paper/datasets/graphsdb/mcs90/bvg/b03m/mcs90_b03m_s35.B06
Reading graphs...
35 :  50
35 :  50
Initializing...
maxdom : 35
D->valSize : 1225
Solving...
currentSize : 14 <-- 0.036818 s
currentSize : 15 <-- 0.036968 s
currentSize : 17 <-- 0.037071 s
currentSize : 19 <-- 0.037132 s
currentSize : 20 <-- 0.052796 s
currentSize : 21 <-- 0.081351 s
currentSize : 22 <-- 0.081473 s
currentSize : 23 <-- 0.082538 s
currentSize : 24 <-- 0.082646 s
currentSize : 25 <-- 0.279947 s
currentSize : 26 <-- 9.570142 s
currentSize : 27 <-- 9.651853 s
currentSize : 29 <-- 9.666838 s
currentSize : 31 <-- 9.667066 s
currentSize : 32 <-- 9.667166 s

maxsize : 32
nodes : 970985.000000
filtered : 20723207.000000
CCGP filtered : 21049133.000000
CCGT filtered : 10928679.000000
time : 9.716688
