Parameters: GAD=1 vflib=1 dir=0 label=0 lowerbound=1 fileNameGp=../../cp2016-max-common-connected-subgraph-paper/datasets/graphsdb/mcs90/m2D/m2Dr4/mcs90_m2Dr4_s30.A04 fileNameGt=../../cp2016-max-common-connected-subgraph-paper/datasets/graphsdb/mcs90/m2D/m2Dr4/mcs90_m2Dr4_s30.B04
Reading graphs...
30 :  60
30 :  60
Initializing...
maxdom : 30
D->valSize : 900
Solving...
currentSize : 15 <-- 0.010801 s
currentSize : 16 <-- 0.010913 s
currentSize : 17 <-- 0.011947 s
currentSize : 18 <-- 0.012131 s
currentSize : 19 <-- 0.173409 s
currentSize : 20 <-- 0.780976 s
currentSize : 21 <-- 2.208825 s
currentSize : 22 <-- 2.323109 s
currentSize : 23 <-- 2.613713 s
currentSize : 25 <-- 4.124575 s

maxsize : 25
nodes : 493365.000000
filtered : 13606174.000000
CCGP filtered : 2092985.000000
CCGT filtered : 1286115.000000
time : 4.304605
