Parameters: GAD=1 vflib=1 dir=0 label=0 lowerbound=1 fileNameGp=../../cp2016-max-common-connected-subgraph-paper/datasets/graphsdb/mcs90/m2D/m2Dr2/mcs90_m2Dr2_s30.A03 fileNameGt=../../cp2016-max-common-connected-subgraph-paper/datasets/graphsdb/mcs90/m2D/m2Dr2/mcs90_m2Dr2_s30.B03
Reading graphs...
30 :  54
30 :  53
Initializing...
maxdom : 30
D->valSize : 900
Solving...
currentSize : 15 <-- 0.019333 s
currentSize : 17 <-- 0.019658 s
currentSize : 18 <-- 0.028298 s
currentSize : 19 <-- 0.049715 s
currentSize : 20 <-- 0.055603 s
currentSize : 21 <-- 0.066341 s
currentSize : 22 <-- 0.781515 s
currentSize : 23 <-- 3.491715 s
currentSize : 24 <-- 4.814083 s
currentSize : 26 <-- 4.814158 s

maxsize : 26
nodes : 597810.000000
filtered : 14600370.000000
CCGP filtered : 3112675.000000
CCGT filtered : 926175.000000
time : 4.913379
