Parameters: GAD=1 vflib=1 dir=0 label=0 lowerbound=1 fileNameGp=../../cp2016-max-common-connected-subgraph-paper/datasets/graphsdb/mcs90/bvg/b09/mcs90_b09_s40.A07 fileNameGt=../../cp2016-max-common-connected-subgraph-paper/datasets/graphsdb/mcs90/bvg/b09/mcs90_b09_s40.B07
Reading graphs...
40 :  180
40 :  180
Initializing...
maxdom : 40
D->valSize : 1600
Solving...
currentSize : 15 <-- 0.031403 s
currentSize : 16 <-- 0.042683 s
currentSize : 17 <-- 0.329865 s
currentSize : 18 <-- 0.361834 s
currentSize : 19 <-- 0.385381 s
currentSize : 20 <-- 1.234192 s
currentSize : 21 <-- 1.587431 s
currentSize : 22 <-- 1.588468 s
currentSize : 23 <-- 1.600941 s
currentSize : 24 <-- 1.634276 s
currentSize : 26 <-- 1.656903 s
currentSize : 28 <-- 1.661832 s
currentSize : 30 <-- 1.730418 s
currentSize : 36 <-- 1.821442 s

maxsize : 36
nodes : 173214.000000
filtered : 5671311.000000
CCGP filtered : 27011.000000
CCGT filtered : 39926.000000
time : 2.239673
