Parameters: GAD=1 vflib=1 dir=0 label=0 lowerbound=1 fileNameGp=../../cp2016-max-common-connected-subgraph-paper/datasets/graphsdb/mcs90/rand/r005/mcs90_r005_s40.A06 fileNameGt=../../cp2016-max-common-connected-subgraph-paper/datasets/graphsdb/mcs90/rand/r005/mcs90_r005_s40.B06
Reading graphs...
40 :  73
40 :  73
Initializing...
maxdom : 40
D->valSize : 1600
Solving...
currentSize : 17 <-- 0.035719 s
currentSize : 18 <-- 0.037978 s
currentSize : 19 <-- 0.039011 s
currentSize : 20 <-- 0.039371 s
currentSize : 21 <-- 0.039840 s
currentSize : 22 <-- 0.046221 s
currentSize : 23 <-- 0.095097 s
currentSize : 24 <-- 0.101766 s
currentSize : 25 <-- 9.457581 s
currentSize : 26 <-- 40.944012 s
currentSize : 27 <-- 51.394928 s
currentSize : 28 <-- 118.734253 s
currentSize : 29 <-- 145.544174 s
currentSize : 30 <-- 147.554962 s
currentSize : 31 <-- 148.480484 s
currentSize : 33 <-- 148.481262 s
currentSize : 36 <-- 148.481369 s

maxsize : 36
nodes : 12999793.000000
filtered : 330071775.000000
CCGP filtered : 75925215.000000
CCGT filtered : 112145096.000000
time : 148.539108
