Parameters: GAD=1 vflib=1 dir=0 label=0 lowerbound=1 fileNameGp=../../cp2016-max-common-connected-subgraph-paper/datasets/graphsdb/mcs90/m2D/m2Dr2/mcs90_m2Dr2_s30.A01 fileNameGt=../../cp2016-max-common-connected-subgraph-paper/datasets/graphsdb/mcs90/m2D/m2Dr2/mcs90_m2Dr2_s30.B01
Reading graphs...
30 :  55
30 :  54
Initializing...
maxdom : 30
D->valSize : 900
Solving...
currentSize : 14 <-- 0.010778 s
currentSize : 15 <-- 0.011082 s
currentSize : 16 <-- 0.011992 s
currentSize : 17 <-- 0.012027 s
currentSize : 18 <-- 0.012342 s
currentSize : 19 <-- 0.018240 s
currentSize : 20 <-- 0.048851 s
currentSize : 21 <-- 2.303892 s
currentSize : 22 <-- 7.562443 s
currentSize : 23 <-- 7.564742 s
currentSize : 24 <-- 7.576146 s
currentSize : 26 <-- 8.423322 s

maxsize : 26
nodes : 1030400.000000
filtered : 22614375.000000
CCGP filtered : 4866585.000000
CCGT filtered : 2591713.000000
time : 8.506162
