Parameters: GAD=1 vflib=1 dir=0 label=0 lowerbound=1 fileNameGp=../../cp2016-max-common-connected-subgraph-paper/datasets/graphsdb/mcs90/m2D/m2D/mcs90_m2D_s50.A01 fileNameGt=../../cp2016-max-common-connected-subgraph-paper/datasets/graphsdb/mcs90/m2D/m2D/mcs90_m2D_s50.B01
Reading graphs...
50 :  85
50 :  85
Initializing...
maxdom : 50
D->valSize : 2500
Solving...
currentSize : 36 <-- 0.096996 s
currentSize : 38 <-- 0.097809 s
currentSize : 39 <-- 0.116738 s
currentSize : 40 <-- 0.163581 s
currentSize : 41 <-- 0.320756 s
currentSize : 42 <-- 0.376995 s
currentSize : 43 <-- 0.410032 s
currentSize : 44 <-- 0.441962 s
currentSize : 45 <-- 0.464500 s
currentSize : 46 <-- 0.558403 s
currentSize : 49 <-- 0.565305 s

maxsize : 49
nodes : 39250.000000
filtered : 1153129.000000
CCGP filtered : 352802.000000
CCGT filtered : 54603.000000
time : 0.574544
