Parameters: GAD=1 vflib=1 dir=0 label=0 lowerbound=1 fileNameGp=../../cp2016-max-common-connected-subgraph-paper/datasets/graphsdb/mcs90/bvg/b09m/mcs90_b09m_s30.A08 fileNameGt=../../cp2016-max-common-connected-subgraph-paper/datasets/graphsdb/mcs90/bvg/b09m/mcs90_b09m_s30.B08
Reading graphs...
30 :  131
30 :  132
Initializing...
maxdom : 30
D->valSize : 900
Solving...
currentSize : 10 <-- 0.016370 s
currentSize : 12 <-- 0.017465 s
currentSize : 13 <-- 0.065255 s
currentSize : 14 <-- 0.150107 s
currentSize : 15 <-- 17.461437 s
currentSize : 17 <-- 22.863140 s
currentSize : 18 <-- 22.929461 s
currentSize : 19 <-- 25.351252 s
currentSize : 20 <-- 28.371614 s
currentSize : 26 <-- 36.283405 s

maxsize : 26
nodes : 3746820.000000
filtered : 71167525.000000
CCGP filtered : 902598.000000
CCGT filtered : 1862266.000000
time : 36.317558
