Parameters: GAD=1 vflib=1 dir=0 label=0 lowerbound=1 fileNameGp=../../cp2016-max-common-connected-subgraph-paper/datasets/graphsdb/mcs90/rand/r005/mcs90_r005_s35.A03 fileNameGt=../../cp2016-max-common-connected-subgraph-paper/datasets/graphsdb/mcs90/rand/r005/mcs90_r005_s35.B03
Reading graphs...
35 :  58
35 :  58
Initializing...
maxdom : 35
D->valSize : 1225
Solving...
currentSize : 18 <-- 0.020439 s
currentSize : 20 <-- 0.020553 s
currentSize : 22 <-- 0.062857 s
currentSize : 23 <-- 0.063186 s
currentSize : 24 <-- 0.075191 s
currentSize : 25 <-- 0.273808 s
currentSize : 26 <-- 0.283688 s
currentSize : 27 <-- 0.283818 s
currentSize : 28 <-- 0.283859 s
currentSize : 29 <-- 0.284417 s
currentSize : 30 <-- 0.303841 s
currentSize : 31 <-- 0.304009 s

maxsize : 31
nodes : 35368.000000
filtered : 1213097.000000
CCGP filtered : 268933.000000
CCGT filtered : 231995.000000
time : 0.412765
