Parameters: GAD=1 vflib=1 dir=0 label=0 lowerbound=1 fileNameGp=../../cp2016-max-common-connected-subgraph-paper/datasets/graphsdb/mcs90/bvg/b09/mcs90_b09_s35.A05 fileNameGt=../../cp2016-max-common-connected-subgraph-paper/datasets/graphsdb/mcs90/bvg/b09/mcs90_b09_s35.B05
Reading graphs...
35 :  157
35 :  156
Initializing...
maxdom : 35
D->valSize : 1225
Solving...
currentSize : 13 <-- 0.031085 s
currentSize : 14 <-- 0.031297 s
currentSize : 15 <-- 0.035787 s
currentSize : 16 <-- 0.037955 s
currentSize : 17 <-- 0.095788 s
currentSize : 18 <-- 0.191093 s
currentSize : 19 <-- 0.306470 s
currentSize : 20 <-- 0.324690 s
currentSize : 22 <-- 0.332424 s
currentSize : 24 <-- 0.335234 s
currentSize : 26 <-- 0.483182 s
currentSize : 30 <-- 0.537098 s

maxsize : 30
nodes : 89321.000000
filtered : 4482558.000000
CCGP filtered : 359.000000
CCGT filtered : 3515.000000
time : 1.155083
