Parameters: GAD=1 vflib=1 dir=0 label=0 lowerbound=1 fileNameGp=../../cp2016-max-common-connected-subgraph-paper/datasets/graphsdb/mcs90/m2D/m2Dr2/mcs90_m2Dr2_s50.A08 fileNameGt=../../cp2016-max-common-connected-subgraph-paper/datasets/graphsdb/mcs90/m2D/m2Dr2/mcs90_m2Dr2_s50.B08
Reading graphs...
50 :  95
50 :  95
Initializing...
maxdom : 50
D->valSize : 2500
Solving...
currentSize : 30 <-- 0.096109 s
currentSize : 31 <-- 0.096366 s
currentSize : 32 <-- 0.097952 s
currentSize : 33 <-- 0.119243 s
currentSize : 34 <-- 1.333679 s
currentSize : 35 <-- 1.816611 s
currentSize : 36 <-- 2.518672 s
currentSize : 37 <-- 12.778559 s
currentSize : 38 <-- 42.646088 s
currentSize : 40 <-- 44.615837 s
currentSize : 41 <-- 55.845917 s
currentSize : 42 <-- 57.591080 s
currentSize : 43 <-- 74.348183 s
currentSize : 46 <-- 74.382797 s
currentSize : 49 <-- 74.729118 s

maxsize : 49
nodes : 4672383.000000
filtered : 236741551.000000
CCGP filtered : 54393300.000000
CCGT filtered : 25757979.000000
time : 74.731651
