Parameters: GAD=1 vflib=1 dir=0 label=0 lowerbound=1 fileNameGp=../../cp2016-max-common-connected-subgraph-paper/datasets/graphsdb/mcs90/rand/r01/mcs90_r01_s35.A06 fileNameGt=../../cp2016-max-common-connected-subgraph-paper/datasets/graphsdb/mcs90/rand/r01/mcs90_r01_s35.B06
Reading graphs...
35 :  111
35 :  111
Initializing...
maxdom : 35
D->valSize : 1225
Solving...
currentSize : 13 <-- 0.033046 s
currentSize : 14 <-- 0.033370 s
currentSize : 15 <-- 0.035237 s
currentSize : 16 <-- 0.042578 s
currentSize : 17 <-- 0.045743 s
currentSize : 18 <-- 0.066184 s
currentSize : 19 <-- 0.066283 s
currentSize : 22 <-- 0.745599 s
currentSize : 23 <-- 15.139881 s
currentSize : 24 <-- 16.510769 s
currentSize : 25 <-- 16.512278 s
currentSize : 26 <-- 17.937525 s
currentSize : 31 <-- 17.937725 s

maxsize : 31
nodes : 1567522.000000
filtered : 52883269.000000
CCGP filtered : 757898.000000
CCGT filtered : 2140078.000000
time : 17.991541
