Parameters: GAD=1 vflib=1 dir=0 label=1 lowerbound=1 fileNameGp=../../cp2016-max-common-connected-subgraph-paper/datasets/graphsdb/mcs30/rand/r02/mcs30_r02_s80.A03 fileNameGt=../../cp2016-max-common-connected-subgraph-paper/datasets/graphsdb/mcs30/rand/r02/mcs30_r02_s80.B03
Reading graphs...
80 :  1130
80 :  1127
Initializing...
maxdom : 10
D->valSize : 405
Solving...
currentSize : 4 <-- 0.003714 s
currentSize : 5 <-- 0.007158 s
currentSize : 6 <-- 0.015654 s
currentSize : 9 <-- 0.031678 s
currentSize : 10 <-- 0.040391 s
currentSize : 11 <-- 0.046211 s
currentSize : 14 <-- 0.057061 s
currentSize : 16 <-- 0.062058 s
currentSize : 20 <-- 0.106882 s
currentSize : 21 <-- 0.108979 s

maxsize : 21
nodes : 11876.000000
filtered : 161396.000000
CCGP filtered : 37754.000000
CCGT filtered : 16570.000000
time : 0.685790
