Parameters: GAD=1 vflib=1 dir=0 label=1 lowerbound=1 fileNameGp=../../cp2016-max-common-connected-subgraph-paper/datasets/graphsdb/mcs30/rand/r02/mcs30_r02_s90.A08 fileNameGt=../../cp2016-max-common-connected-subgraph-paper/datasets/graphsdb/mcs30/rand/r02/mcs30_r02_s90.B08
Reading graphs...
90 :  1423
90 :  1422
Initializing...
maxdom : 10
D->valSize : 596
Solving...
currentSize : 3 <-- 0.006766 s
currentSize : 5 <-- 0.007539 s
currentSize : 6 <-- 0.011807 s
currentSize : 7 <-- 0.015328 s
currentSize : 9 <-- 0.050446 s
currentSize : 10 <-- 0.070167 s
currentSize : 12 <-- 0.074947 s
currentSize : 15 <-- 0.181943 s
currentSize : 16 <-- 0.275459 s
currentSize : 24 <-- 0.468168 s

maxsize : 24
nodes : 56998.000000
filtered : 761981.000000
CCGP filtered : 138638.000000
CCGT filtered : 36324.000000
time : 4.108782
