Parameters: GAD=1 vflib=1 dir=0 label=1 lowerbound=1 fileNameGp=../../cp2016-max-common-connected-subgraph-paper/datasets/graphsdb/mcs30/rand/r02/mcs30_r02_s90.A05 fileNameGt=../../cp2016-max-common-connected-subgraph-paper/datasets/graphsdb/mcs30/rand/r02/mcs30_r02_s90.B05
Reading graphs...
90 :  1424
90 :  1423
Initializing...
maxdom : 12
D->valSize : 543
Solving...
currentSize : 4 <-- 0.006183 s
currentSize : 5 <-- 0.007406 s
currentSize : 6 <-- 0.008220 s
currentSize : 7 <-- 0.018907 s
currentSize : 9 <-- 0.063140 s
currentSize : 11 <-- 0.078353 s
currentSize : 15 <-- 0.137469 s
currentSize : 22 <-- 0.256848 s
currentSize : 23 <-- 0.260210 s

maxsize : 23
nodes : 35487.000000
filtered : 450027.000000
CCGP filtered : 93453.000000
CCGT filtered : 35395.000000
time : 2.463523
