Parameters: GAD=1 vflib=1 dir=0 label=1 lowerbound=1 fileNameGp=../../cp2016-max-common-connected-subgraph-paper/datasets/graphsdb/mcs50/rand/r02/mcs50_r02_s90.A04 fileNameGt=../../cp2016-max-common-connected-subgraph-paper/datasets/graphsdb/mcs50/rand/r02/mcs50_r02_s90.B04
Reading graphs...
90 :  1428
90 :  1436
Initializing...
maxdom : 11
D->valSize : 570
Solving...
currentSize : 5 <-- 0.006591 s
currentSize : 6 <-- 0.008721 s
currentSize : 7 <-- 0.015568 s
currentSize : 8 <-- 0.020931 s
currentSize : 9 <-- 0.026008 s
currentSize : 11 <-- 0.026472 s
currentSize : 12 <-- 0.056911 s
currentSize : 18 <-- 0.092244 s
currentSize : 19 <-- 0.093368 s
currentSize : 26 <-- 0.152887 s
currentSize : 31 <-- 0.176036 s
currentSize : 33 <-- 0.176961 s
currentSize : 34 <-- 0.181904 s

maxsize : 34
nodes : 170124.000000
filtered : 718385.000000
CCGP filtered : 36303.000000
CCGT filtered : 11879.000000
time : 10.052029
