Parameters: GAD=1 vflib=1 dir=0 label=1 lowerbound=1 fileNameGp=../../cp2016-max-common-connected-subgraph-paper/datasets/graphsdb/mcs50/rand/r02/mcs50_r02_s50.A04 fileNameGt=../../cp2016-max-common-connected-subgraph-paper/datasets/graphsdb/mcs50/rand/r02/mcs50_r02_s50.B04
Reading graphs...
50 :  433
50 :  429
Initializing...
maxdom : 9
D->valSize : 312
Solving...
currentSize : 4 <-- 0.003183 s
currentSize : 5 <-- 0.003332 s
currentSize : 7 <-- 0.004523 s
currentSize : 9 <-- 0.021474 s
currentSize : 10 <-- 0.024529 s
currentSize : 11 <-- 0.025917 s
currentSize : 12 <-- 0.034318 s
currentSize : 22 <-- 0.052279 s
currentSize : 23 <-- 0.052721 s

maxsize : 23
nodes : 2592.000000
filtered : 51277.000000
CCGP filtered : 11876.000000
CCGT filtered : 4636.000000
time : 0.097051
