Parameters: GAD=1 vflib=1 dir=0 label=1 lowerbound=1 fileNameGp=../../cp2016-max-common-connected-subgraph-paper/datasets/graphsdb/mcs50/rand/r02/mcs50_r02_s90.A00 fileNameGt=../../cp2016-max-common-connected-subgraph-paper/datasets/graphsdb/mcs50/rand/r02/mcs50_r02_s90.B00
Reading graphs...
90 :  1433
90 :  1416
Initializing...
maxdom : 13
D->valSize : 606
Solving...
currentSize : 4 <-- 0.011166 s
currentSize : 6 <-- 0.012922 s
currentSize : 7 <-- 0.023445 s
currentSize : 11 <-- 0.048565 s
currentSize : 13 <-- 0.052600 s
currentSize : 18 <-- 0.064980 s
currentSize : 24 <-- 0.205693 s
currentSize : 25 <-- 0.206391 s
currentSize : 34 <-- 0.274723 s
currentSize : 35 <-- 0.275489 s
currentSize : 36 <-- 0.317845 s

maxsize : 36
nodes : 38460.000000
filtered : 372775.000000
CCGP filtered : 26620.000000
CCGT filtered : 6915.000000
time : 2.349783
