Parameters: GAD=1 vflib=1 dir=0 label=1 lowerbound=1 fileNameGp=../../cp2016-max-common-connected-subgraph-paper/datasets/graphsdb/mcs50/rand/r02/mcs50_r02_s100.A01 fileNameGt=../../cp2016-max-common-connected-subgraph-paper/datasets/graphsdb/mcs50/rand/r02/mcs50_r02_s100.B01
Reading graphs...
100 :  1759
100 :  1774
Initializing...
maxdom : 8
D->valSize : 380
Solving...
currentSize : 2 <-- 0.004956 s
currentSize : 19 <-- 0.006034 s
currentSize : 20 <-- 0.007485 s
currentSize : 21 <-- 0.017932 s
currentSize : 34 <-- 0.074326 s
currentSize : 35 <-- 0.076013 s
currentSize : 36 <-- 0.078483 s
currentSize : 37 <-- 0.126759 s
currentSize : 38 <-- 0.129383 s

maxsize : 38
nodes : 83553.000000
filtered : 370391.000000
CCGP filtered : 7413.000000
CCGT filtered : 5745.000000
time : 6.384015
