Parameters: GAD=1 vflib=1 dir=0 label=1 lowerbound=1 fileNameGp=../../cp2016-max-common-connected-subgraph-paper/datasets/graphsdb/mcs50/bvg/b06m/mcs50_b06m_s50.A01 fileNameGt=../../cp2016-max-common-connected-subgraph-paper/datasets/graphsdb/mcs50/bvg/b06m/mcs50_b06m_s50.B01
Reading graphs...
50 :  146
50 :  143
Initializing...
maxdom : 10
D->valSize : 314
Solving...
currentSize : 3 <-- 0.002058 s
currentSize : 15 <-- 0.002459 s
currentSize : 16 <-- 0.002682 s
currentSize : 17 <-- 0.045825 s
currentSize : 18 <-- 0.201668 s
currentSize : 19 <-- 0.203945 s
currentSize : 21 <-- 0.240368 s
currentSize : 22 <-- 0.240675 s
currentSize : 23 <-- 0.243885 s

maxsize : 23
nodes : 57325.000000
filtered : 352245.000000
CCGP filtered : 240685.000000
CCGT filtered : 106673.000000
time : 1.225307
