Parameters: GAD=1 vflib=1 dir=0 label=1 lowerbound=1 fileNameGp=../../cp2016-max-common-connected-subgraph-paper/datasets/graphsdb/mcs70/rand/r02/mcs70_r02_s100.A02 fileNameGt=../../cp2016-max-common-connected-subgraph-paper/datasets/graphsdb/mcs70/rand/r02/mcs70_r02_s100.B02
Reading graphs...
100 :  1753
100 :  1766
Initializing...
maxdom : 7
D->valSize : 399
Solving...
currentSize : 2 <-- 0.004713 s
currentSize : 22 <-- 0.005684 s
currentSize : 23 <-- 0.006896 s
currentSize : 29 <-- 0.314183 s
currentSize : 44 <-- 0.461436 s
currentSize : 45 <-- 0.464133 s
currentSize : 46 <-- 0.466907 s
currentSize : 47 <-- 0.479767 s
currentSize : 48 <-- 0.924995 s
currentSize : 49 <-- 3.357916 s
currentSize : 50 <-- 4.614124 s

maxsize : 50
nodes : 4965988.000000
filtered : 5729658.000000
CCGP filtered : 1972.000000
CCGT filtered : 3345.000000
time : 291.870605
