Parameters: GAD=1 vflib=1 dir=0 label=1 lowerbound=1 fileNameGp=../../cp2016-max-common-connected-subgraph-paper/datasets/graphsdb/mcs70/rand/r02/mcs70_r02_s50.A00 fileNameGt=../../cp2016-max-common-connected-subgraph-paper/datasets/graphsdb/mcs70/rand/r02/mcs70_r02_s50.B00
Reading graphs...
50 :  427
50 :  433
Initializing...
maxdom : 8
D->valSize : 345
Solving...
currentSize : 4 <-- 0.002340 s
currentSize : 7 <-- 0.002670 s
currentSize : 8 <-- 0.010812 s
currentSize : 9 <-- 0.011709 s
currentSize : 12 <-- 0.015536 s
currentSize : 15 <-- 0.017864 s
currentSize : 16 <-- 0.020405 s
currentSize : 23 <-- 0.023171 s
currentSize : 24 <-- 0.024735 s
currentSize : 25 <-- 0.072350 s

maxsize : 25
nodes : 13394.000000
filtered : 88432.000000
CCGP filtered : 5597.000000
CCGT filtered : 1996.000000
time : 0.263697
