Parameters: GAD=1 vflib=1 dir=0 label=1 lowerbound=1 fileNameGp=../../cp2016-max-common-connected-subgraph-paper/datasets/graphsdb/mcs70/rand/r02/mcs70_r02_s70.A05 fileNameGt=../../cp2016-max-common-connected-subgraph-paper/datasets/graphsdb/mcs70/rand/r02/mcs70_r02_s70.B05
Reading graphs...
70 :  864
70 :  858
Initializing...
maxdom : 8
D->valSize : 336
Solving...
currentSize : 2 <-- 0.004204 s
currentSize : 19 <-- 0.005187 s
currentSize : 20 <-- 0.006149 s
currentSize : 21 <-- 0.007323 s
currentSize : 22 <-- 0.008607 s
currentSize : 32 <-- 0.051350 s
currentSize : 33 <-- 0.052577 s
currentSize : 34 <-- 0.054201 s
currentSize : 35 <-- 0.056658 s
currentSize : 36 <-- 0.059726 s
currentSize : 37 <-- 0.061397 s

maxsize : 37
nodes : 47097.000000
filtered : 146885.000000
CCGP filtered : 2151.000000
CCGT filtered : 2061.000000
time : 1.690289
