Parameters: GAD=1 vflib=1 dir=0 label=1 lowerbound=1 fileNameGp=../../cp2016-max-common-connected-subgraph-paper/datasets/graphsdb/mcs70/rand/r02/mcs70_r02_s80.A02 fileNameGt=../../cp2016-max-common-connected-subgraph-paper/datasets/graphsdb/mcs70/rand/r02/mcs70_r02_s80.B02
Reading graphs...
80 :  1125
80 :  1141
Initializing...
maxdom : 8
D->valSize : 433
Solving...
currentSize : 3 <-- 0.004760 s
currentSize : 4 <-- 0.005281 s
currentSize : 12 <-- 0.005789 s
currentSize : 21 <-- 0.007328 s
currentSize : 26 <-- 0.017929 s
currentSize : 38 <-- 0.088393 s
currentSize : 39 <-- 0.089410 s
currentSize : 40 <-- 0.091007 s
currentSize : 41 <-- 0.093703 s

maxsize : 41
nodes : 1071096.000000
filtered : 1527775.000000
CCGP filtered : 4948.000000
CCGT filtered : 1880.000000
time : 46.665146
