Parameters: GAD=1 vflib=1 dir=0 label=1 lowerbound=1 fileNameGp=../../cp2016-max-common-connected-subgraph-paper/datasets/graphsdb/mcs70/rand/r02/mcs70_r02_s90.A00 fileNameGt=../../cp2016-max-common-connected-subgraph-paper/datasets/graphsdb/mcs70/rand/r02/mcs70_r02_s90.B00
Reading graphs...
90 :  1435
90 :  1448
Initializing...
maxdom : 8
D->valSize : 556
Solving...
currentSize : 7 <-- 0.006391 s
currentSize : 10 <-- 0.012334 s
currentSize : 11 <-- 0.015882 s
currentSize : 23 <-- 0.032694 s
currentSize : 28 <-- 0.100801 s
currentSize : 29 <-- 0.103351 s
currentSize : 39 <-- 0.163142 s
currentSize : 40 <-- 0.187899 s
currentSize : 41 <-- 0.417420 s
currentSize : 42 <-- 0.460412 s
currentSize : 43 <-- 0.865288 s
currentSize : 44 <-- 2.673161 s
currentSize : 45 <-- 19.624966 s

maxsize : 45
nodes : 7577257.000000
filtered : 7361391.000000
CCGP filtered : 10618.000000
CCGT filtered : 2981.000000
time : 336.692902
