Parameters: GAD=1 vflib=1 dir=0 label=1 lowerbound=1 fileNameGp=../../cp2016-max-common-connected-subgraph-paper/datasets/graphsdb/mcs90/rand/r02/mcs90_r02_s70.A02 fileNameGt=../../cp2016-max-common-connected-subgraph-paper/datasets/graphsdb/mcs90/rand/r02/mcs90_r02_s70.B02
Reading graphs...
70 :  868
70 :  865
Initializing...
maxdom : 8
D->valSize : 339
Solving...
currentSize : 2 <-- 0.002897 s
currentSize : 3 <-- 0.003156 s
currentSize : 4 <-- 0.003974 s
currentSize : 14 <-- 0.004588 s
currentSize : 17 <-- 0.006568 s
currentSize : 32 <-- 0.008542 s
currentSize : 43 <-- 0.015434 s
currentSize : 44 <-- 0.016917 s
currentSize : 45 <-- 0.079197 s

maxsize : 45
nodes : 795926.000000
filtered : 870722.000000
CCGP filtered : 742.000000
CCGT filtered : 657.000000
time : 23.957607
