Parameters: GAD=1 vflib=1 dir=0 label=1 lowerbound=1 fileNameGp=../../cp2016-max-common-connected-subgraph-paper/datasets/graphsdb/mcs90/rand/r02/mcs90_r02_s80.A00 fileNameGt=../../cp2016-max-common-connected-subgraph-paper/datasets/graphsdb/mcs90/rand/r02/mcs90_r02_s80.B00
Reading graphs...
80 :  1134
80 :  1132
Initializing...
maxdom : 9
D->valSize : 466
Solving...
currentSize : 42 <-- 0.005512 s
currentSize : 43 <-- 0.007161 s
currentSize : 44 <-- 0.021103 s
currentSize : 45 <-- 0.053109 s
currentSize : 46 <-- 0.171055 s
currentSize : 47 <-- 0.611451 s
currentSize : 48 <-- 2.437203 s
currentSize : 49 <-- 2.479449 s
currentSize : 50 <-- 2.620191 s
currentSize : 51 <-- 3.049285 s

TIMEOUT
maxsize : 51
nodes : 28413717.000000
filtered : 28408750.000000
CCGP filtered : 508.000000
CCGT filtered : 0.000000
time : 1000.000122
