Parameters: GAD=1 vflib=1 dir=0 label=1 lowerbound=1 fileNameGp=../../cp2016-max-common-connected-subgraph-paper/datasets/graphsdb/mcs90/rand/r02/mcs90_r02_s80.A09 fileNameGt=../../cp2016-max-common-connected-subgraph-paper/datasets/graphsdb/mcs90/rand/r02/mcs90_r02_s80.B09
Reading graphs...
80 :  1124
80 :  1127
Initializing...
maxdom : 8
D->valSize : 445
Solving...
currentSize : 4 <-- 0.004479 s
currentSize : 5 <-- 0.005056 s
currentSize : 18 <-- 0.009451 s
currentSize : 29 <-- 0.036303 s
currentSize : 30 <-- 0.041741 s
currentSize : 47 <-- 0.154945 s
currentSize : 48 <-- 0.225815 s
currentSize : 49 <-- 2.976160 s
currentSize : 50 <-- 3.059604 s

maxsize : 50
nodes : 3161590.000000
filtered : 3591288.000000
CCGP filtered : 1551.000000
CCGT filtered : 936.000000
time : 117.765282
