Parameters: GAD=1 vflib=1 dir=0 label=1 lowerbound=1 fileNameGp=../../cp2016-max-common-connected-subgraph-paper/datasets/graphsdb/mcs90/rand/r02/mcs90_r02_s70.A09 fileNameGt=../../cp2016-max-common-connected-subgraph-paper/datasets/graphsdb/mcs90/rand/r02/mcs90_r02_s70.B09
Reading graphs...
70 :  872
70 :  876
Initializing...
maxdom : 8
D->valSize : 333
Solving...
currentSize : 3 <-- 0.002891 s
currentSize : 6 <-- 0.003414 s
currentSize : 12 <-- 0.003771 s
currentSize : 40 <-- 0.006359 s
currentSize : 42 <-- 0.006830 s
currentSize : 43 <-- 0.019454 s
currentSize : 44 <-- 0.035160 s
currentSize : 45 <-- 0.078356 s
currentSize : 46 <-- 2.213415 s
currentSize : 47 <-- 2.303943 s

maxsize : 47
nodes : 569261.000000
filtered : 748342.000000
CCGP filtered : 410.000000
CCGT filtered : 880.000000
time : 16.826860
