Parameters: GAD=1 vflib=1 dir=0 label=0 lowerbound=1 fileNameGp=../../cp2016-max-common-connected-subgraph-paper/datasets/graphsdb/mcs10/m2D/m2Dr6/mcs10_m2Dr6_s50.A08 fileNameGt=../../cp2016-max-common-connected-subgraph-paper/datasets/graphsdb/mcs10/m2D/m2Dr6/mcs10_m2Dr6_s50.B08
Reading graphs...
50 :  114
50 :  110
Initializing...
maxdom : 50
D->valSize : 2500
Solving...
Blb : 2 (clique : 24)
currentSize : 24 <-- 0.097234 s
currentSize : 26 <-- 0.097766 s
currentSize : 27 <-- 0.130375 s
currentSize : 28 <-- 0.139116 s
currentSize : 29 <-- 0.191614 s
currentSize : 30 <-- 0.309680 s
currentSize : 31 <-- 2.755994 s
currentSize : 32 <-- 20.699127 s
currentSize : 33 <-- 861.921814 s

TIMEOUT
maxsize : 33
nodes : 25797249.000000
filtered : 1280699798.000000
time : 1000.000244
