Parameters: GAD=1 vflib=1 dir=0 label=0 lowerbound=1 fileNameGp=../../cp2016-max-common-connected-subgraph-paper/datasets/graphsdb/mcs10/bvg/b03/mcs10_b03_s50.A02 fileNameGt=../../cp2016-max-common-connected-subgraph-paper/datasets/graphsdb/mcs10/bvg/b03/mcs10_b03_s50.B02
Reading graphs...
50 :  74
50 :  75
Initializing...
maxdom : 50
D->valSize : 2500
Solving...
Blb : 2 (clique : 31)
currentSize : 31 <-- 0.101349 s
currentSize : 32 <-- 0.222673 s
currentSize : 33 <-- 0.359170 s
currentSize : 34 <-- 0.453298 s
currentSize : 35 <-- 1.251122 s
currentSize : 36 <-- 7.340175 s
currentSize : 37 <-- 10.962790 s

TIMEOUT
maxsize : 37
nodes : 4693269.000000
filtered : 421273504.000000
time : 1000.000122
