Parameters: GAD=1 vflib=1 dir=0 label=0 lowerbound=1 fileNameGp=../../cp2016-max-common-connected-subgraph-paper/datasets/graphsdb/mcs10/rand/r005/mcs10_r005_s30.A09 fileNameGt=../../cp2016-max-common-connected-subgraph-paper/datasets/graphsdb/mcs10/rand/r005/mcs10_r005_s30.B09
Reading graphs...
30 :  45
30 :  45
Initializing...
maxdom : 30
D->valSize : 900
Solving...
Blb : 2 (clique : 19)
currentSize : 19 <-- 0.014086 s
currentSize : 20 <-- 0.085668 s
currentSize : 21 <-- 0.094115 s
currentSize : 22 <-- 1.679910 s
currentSize : 23 <-- 160.528763 s

maxsize : 23
nodes : 9374709.000000
filtered : 682196279.000000
time : 675.709412
