Parameters: GAD=1 vflib=1 dir=0 label=0 lowerbound=1 fileNameGp=../../cp2016-max-common-connected-subgraph-paper/datasets/graphsdb/mcs10/rand/r01/mcs10_r01_s40.A07 fileNameGt=../../cp2016-max-common-connected-subgraph-paper/datasets/graphsdb/mcs10/rand/r01/mcs10_r01_s40.B07
Reading graphs...
40 :  148
40 :  149
Initializing...
maxdom : 40
D->valSize : 1600
Solving...
Blb : 2 (clique : 16)
currentSize : 16 <-- 0.033053 s
currentSize : 17 <-- 0.033238 s
currentSize : 18 <-- 0.033967 s
currentSize : 19 <-- 0.040351 s
currentSize : 20 <-- 0.059805 s
currentSize : 21 <-- 1.985370 s
currentSize : 22 <-- 296.997589 s

TIMEOUT
maxsize : 22
nodes : 101527606.000000
filtered : 3092247433.000000
time : 1000.000305
