Parameters: GAD=1 vflib=1 dir=0 label=0 lowerbound=1 fileNameGp=../../cp2016-max-common-connected-subgraph-paper/datasets/graphsdb/mcs10/rand/r005/mcs10_r005_s35.A08 fileNameGt=../../cp2016-max-common-connected-subgraph-paper/datasets/graphsdb/mcs10/rand/r005/mcs10_r005_s35.B08
Reading graphs...
35 :  61
35 :  60
Initializing...
maxdom : 35
D->valSize : 1225
Solving...
Blb : 3 (clique : 20)
currentSize : 20 <-- 0.037344 s
currentSize : 21 <-- 0.043184 s
currentSize : 22 <-- 0.136797 s
currentSize : 23 <-- 0.139674 s
currentSize : 24 <-- 1.547603 s
currentSize : 25 <-- 25.197268 s
currentSize : 26 <-- 550.589722 s

TIMEOUT
maxsize : 26
nodes : 13958638.000000
filtered : 907999661.000000
time : 1000.000122
