Parameters: GAD=1 vflib=1 dir=0 label=0 lowerbound=1 fileNameGp=../../cp2016-max-common-connected-subgraph-paper/datasets/graphsdb/mcs10/m2D/m2Dr6/mcs10_m2Dr6_s40.A04 fileNameGt=../../cp2016-max-common-connected-subgraph-paper/datasets/graphsdb/mcs10/m2D/m2Dr6/mcs10_m2Dr6_s40.B04
Reading graphs...
40 :  89
40 :  90
Initializing...
maxdom : 40
D->valSize : 1600
Solving...
Blb : 2 (clique : 19)
currentSize : 19 <-- 0.035752 s
currentSize : 20 <-- 0.035980 s
currentSize : 21 <-- 0.036302 s
currentSize : 22 <-- 0.036578 s
currentSize : 23 <-- 0.052212 s
currentSize : 24 <-- 1.395376 s
currentSize : 25 <-- 4.398326 s
currentSize : 26 <-- 4.616334 s

TIMEOUT
maxsize : 26
nodes : 39103974.000000
filtered : 1645306091.000000
time : 1000.000305
