Parameters: GAD=1 vflib=1 dir=0 label=0 lowerbound=1 fileNameGp=../../cp2016-max-common-connected-subgraph-paper/datasets/graphsdb/mcs10/rand/r01/mcs10_r01_s40.A09 fileNameGt=../../cp2016-max-common-connected-subgraph-paper/datasets/graphsdb/mcs10/rand/r01/mcs10_r01_s40.B09
Reading graphs...
40 :  149
40 :  145
Initializing...
maxdom : 40
D->valSize : 1600
Solving...
Blb : 2 (clique : 15)
currentSize : 15 <-- 0.032993 s
currentSize : 16 <-- 0.033164 s
currentSize : 17 <-- 0.033801 s
currentSize : 18 <-- 0.036323 s
currentSize : 19 <-- 0.215733 s
currentSize : 20 <-- 2.162431 s
currentSize : 21 <-- 345.787811 s

TIMEOUT
maxsize : 21
nodes : 117227813.000000
filtered : 2907663725.000000
time : 1000.000000
