Parameters: GAD=1 vflib=1 dir=0 label=0 lowerbound=1 fileNameGp=../../cp2016-max-common-connected-subgraph-paper/datasets/graphsdb/mcs10/m2D/m2Dr4/mcs10_m2Dr4_s50.A09 fileNameGt=../../cp2016-max-common-connected-subgraph-paper/datasets/graphsdb/mcs10/m2D/m2Dr4/mcs10_m2Dr4_s50.B09
Reading graphs...
50 :  103
50 :  103
Initializing...
maxdom : 50
D->valSize : 2500
Solving...
Blb : 2 (clique : 27)
currentSize : 27 <-- 0.097994 s
currentSize : 28 <-- 0.099683 s
currentSize : 29 <-- 0.100660 s
currentSize : 30 <-- 1.079663 s
currentSize : 31 <-- 1.079935 s
currentSize : 32 <-- 90.448708 s
currentSize : 33 <-- 222.373657 s

TIMEOUT
maxsize : 33
nodes : 12393076.000000
filtered : 903588697.000000
time : 1000.000793
