Parameters: GAD=1 vflib=1 dir=0 label=0 lowerbound=1 fileNameGp=../../cp2016-max-common-connected-subgraph-paper/datasets/graphsdb/mcs10/rand/r005/mcs10_r005_s50.A01 fileNameGt=../../cp2016-max-common-connected-subgraph-paper/datasets/graphsdb/mcs10/rand/r005/mcs10_r005_s50.B01
Reading graphs...
50 :  122
50 :  123
Initializing...
maxdom : 50
D->valSize : 2500
Solving...
Blb : 2 (clique : 25)
currentSize : 25 <-- 0.125016 s
currentSize : 26 <-- 0.125354 s
currentSize : 27 <-- 0.125782 s
currentSize : 28 <-- 0.206734 s
currentSize : 29 <-- 0.362626 s
currentSize : 30 <-- 2.119922 s

TIMEOUT
maxsize : 30
nodes : 23329529.000000
filtered : 1403381060.000000
time : 1000.000183
