Parameters: GAD=1 vflib=1 dir=0 label=0 lowerbound=1 fileNameGp=../../cp2016-max-common-connected-subgraph-paper/datasets/graphsdb/mcs10/m2D/m2Dr4/mcs10_m2Dr4_s40.A02 fileNameGt=../../cp2016-max-common-connected-subgraph-paper/datasets/graphsdb/mcs10/m2D/m2Dr4/mcs10_m2Dr4_s40.B02
Reading graphs...
40 :  82
40 :  79
Initializing...
maxdom : 40
D->valSize : 1600
Solving...
Blb : 2 (clique : 19)
currentSize : 19 <-- 0.036435 s
currentSize : 20 <-- 0.036762 s
currentSize : 21 <-- 0.036882 s
currentSize : 22 <-- 0.040382 s
currentSize : 23 <-- 0.040841 s
currentSize : 24 <-- 0.045712 s
currentSize : 25 <-- 0.053760 s
currentSize : 26 <-- 1.300326 s
currentSize : 27 <-- 28.535339 s

TIMEOUT
maxsize : 27
nodes : 26387973.000000
filtered : 1617029173.000000
time : 1000.000000
