Parameters: GAD=1 vflib=1 dir=0 label=0 lowerbound=1 fileNameGp=../../cp2016-max-common-connected-subgraph-paper/datasets/graphsdb/mcs10/rand/r01/mcs10_r01_s35.A02 fileNameGt=../../cp2016-max-common-connected-subgraph-paper/datasets/graphsdb/mcs10/rand/r01/mcs10_r01_s35.B02
Reading graphs...
35 :  111
35 :  114
Initializing...
maxdom : 35
D->valSize : 1225
Solving...
Blb : 2 (clique : 14)
currentSize : 14 <-- 0.033877 s
currentSize : 15 <-- 0.034095 s
currentSize : 16 <-- 0.034199 s
currentSize : 17 <-- 0.034561 s
currentSize : 18 <-- 0.070394 s
currentSize : 19 <-- 1.243067 s
currentSize : 20 <-- 65.498840 s

TIMEOUT
maxsize : 20
nodes : 71193943.000000
filtered : 2582892924.000000
time : 1000.000000
