Parameters: GAD=1 vflib=1 dir=0 label=0 lowerbound=1 fileNameGp=../../cp2016-max-common-connected-subgraph-paper/datasets/graphsdb/mcs10/rand/r005/mcs10_r005_s50.A00 fileNameGt=../../cp2016-max-common-connected-subgraph-paper/datasets/graphsdb/mcs10/rand/r005/mcs10_r005_s50.B00
Reading graphs...
50 :  122
50 :  122
Initializing...
maxdom : 50
D->valSize : 2500
Solving...
Blb : 2 (clique : 25)
currentSize : 25 <-- 0.095255 s
currentSize : 26 <-- 0.095774 s
currentSize : 27 <-- 0.116230 s
currentSize : 28 <-- 1.653557 s
currentSize : 29 <-- 2.420085 s
currentSize : 30 <-- 36.515945 s
currentSize : 31 <-- 250.787933 s

TIMEOUT
maxsize : 31
nodes : 31137483.000000
filtered : 1386169882.000000
time : 1000.000000
