Parameters: GAD=1 vflib=1 dir=0 label=0 lowerbound=1 fileNameGp=../../cp2016-max-common-connected-subgraph-paper/datasets/graphsdb/mcs10/m2D/m2Dr4/mcs10_m2Dr4_s50.A08 fileNameGt=../../cp2016-max-common-connected-subgraph-paper/datasets/graphsdb/mcs10/m2D/m2Dr4/mcs10_m2Dr4_s50.B08
Reading graphs...
50 :  100
50 :  103
Initializing...
maxdom : 50
D->valSize : 2500
Solving...
Blb : 2 (clique : 26)
currentSize : 26 <-- 0.098763 s
currentSize : 27 <-- 0.099105 s
currentSize : 28 <-- 0.103998 s
currentSize : 29 <-- 0.132070 s
currentSize : 30 <-- 2.906846 s
currentSize : 31 <-- 4.130010 s
currentSize : 32 <-- 14.837237 s
currentSize : 33 <-- 712.802246 s

TIMEOUT
maxsize : 33
nodes : 19392807.000000
filtered : 1141017998.000000
time : 1000.000061
