Parameters: GAD=1 vflib=1 dir=0 label=0 lowerbound=1 fileNameGp=../../cp2016-max-common-connected-subgraph-paper/datasets/graphsdb/mcs10/rand/r02/mcs10_r02_s30.A01 fileNameGt=../../cp2016-max-common-connected-subgraph-paper/datasets/graphsdb/mcs10/rand/r02/mcs10_r02_s30.B01
Reading graphs...
30 :  155
30 :  158
Initializing...
maxdom : 30
D->valSize : 900
Solving...
Blb : 2 (clique : 11)
currentSize : 11 <-- 0.016541 s
currentSize : 12 <-- 0.020390 s
currentSize : 13 <-- 0.038381 s
currentSize : 14 <-- 16.981237 s
currentSize : 15 <-- 46.594761 s

maxsize : 15
nodes : 61245252.000000
filtered : 951689406.000000
time : 279.939667
