Parameters: GAD=1 vflib=1 dir=0 label=0 lowerbound=1 fileNameGp=../../cp2016-max-common-connected-subgraph-paper/datasets/graphsdb/mcs10/rand/r02/mcs10_r02_s40.A07 fileNameGt=../../cp2016-max-common-connected-subgraph-paper/datasets/graphsdb/mcs10/rand/r02/mcs10_r02_s40.B07
Reading graphs...
40 :  277
40 :  282
Initializing...
maxdom : 40
D->valSize : 1600
Solving...
Blb : 2 (clique : 11)
currentSize : 11 <-- 0.029685 s
currentSize : 12 <-- 0.030367 s
currentSize : 13 <-- 0.031516 s
currentSize : 14 <-- 0.031951 s
currentSize : 15 <-- 0.152575 s
currentSize : 16 <-- 28.143936 s

TIMEOUT
maxsize : 16
nodes : 221635386.000000
filtered : 2907525043.000000
time : 1000.000000
