Parameters: GAD=1 vflib=1 dir=0 label=0 lowerbound=1 fileNameGp=../../cp2016-max-common-connected-subgraph-paper/datasets/graphsdb/mcs10/m2D/m2Dr6/mcs10_m2Dr6_s40.A06 fileNameGt=../../cp2016-max-common-connected-subgraph-paper/datasets/graphsdb/mcs10/m2D/m2Dr6/mcs10_m2Dr6_s40.B06
Reading graphs...
40 :  89
40 :  90
Initializing...
maxdom : 40
D->valSize : 1600
Solving...
Blb : 2 (clique : 20)
currentSize : 20 <-- 0.035726 s
currentSize : 21 <-- 0.036004 s
currentSize : 22 <-- 0.036206 s
currentSize : 23 <-- 0.040904 s
currentSize : 24 <-- 0.056151 s
currentSize : 25 <-- 3.020643 s
currentSize : 26 <-- 119.163185 s

TIMEOUT
maxsize : 26
nodes : 23242931.000000
filtered : 1557702730.000000
time : 1000.000183
