Parameters: GAD=1 vflib=1 dir=0 label=0 lowerbound=1 fileNameGp=../../cp2016-max-common-connected-subgraph-paper/datasets/graphsdb/mcs10/rand/r01/mcs10_r01_s40.A01 fileNameGt=../../cp2016-max-common-connected-subgraph-paper/datasets/graphsdb/mcs10/rand/r01/mcs10_r01_s40.B01
Reading graphs...
40 :  151
40 :  146
Initializing...
maxdom : 40
D->valSize : 1600
Solving...
Blb : 2 (clique : 16)
currentSize : 16 <-- 0.033032 s
currentSize : 17 <-- 0.033382 s
currentSize : 18 <-- 0.033490 s
currentSize : 19 <-- 0.033678 s
currentSize : 20 <-- 2.862060 s
currentSize : 21 <-- 15.617821 s
currentSize : 22 <-- 464.905884 s

TIMEOUT
maxsize : 22
nodes : 102555363.000000
filtered : 2972731560.000000
time : 1000.000000
