Parameters: GAD=1 vflib=1 dir=0 label=0 lowerbound=1 fileNameGp=../../cp2016-max-common-connected-subgraph-paper/datasets/graphsdb/mcs10/rand/r02/mcs10_r02_s50.A04 fileNameGt=../../cp2016-max-common-connected-subgraph-paper/datasets/graphsdb/mcs10/rand/r02/mcs10_r02_s50.B04
Reading graphs...
50 :  434
50 :  440
Initializing...
maxdom : 50
D->valSize : 2500
Solving...
Blb : 3 (clique : 12)
currentSize : 12 <-- 0.075647 s
currentSize : 13 <-- 0.075863 s
currentSize : 14 <-- 0.076093 s
currentSize : 15 <-- 0.125702 s
currentSize : 16 <-- 2.241781 s
currentSize : 17 <-- 517.987122 s

TIMEOUT
maxsize : 17
nodes : 225451530.000000
filtered : 2095330858.000000
time : 1000.000000
