Parameters: GAD=1 vflib=1 dir=0 label=0 lowerbound=1 fileNameGp=../../cp2016-max-common-connected-subgraph-paper/datasets/graphsdb/mcs10/rand/r01/mcs10_r01_s40.A04 fileNameGt=../../cp2016-max-common-connected-subgraph-paper/datasets/graphsdb/mcs10/rand/r01/mcs10_r01_s40.B04
Reading graphs...
40 :  147
40 :  152
Initializing...
maxdom : 40
D->valSize : 1600
Solving...
Blb : 2 (clique : 16)
currentSize : 16 <-- 0.032843 s
currentSize : 17 <-- 0.034242 s
currentSize : 18 <-- 0.037923 s
currentSize : 19 <-- 0.074902 s
currentSize : 20 <-- 22.197344 s
currentSize : 21 <-- 519.165161 s

TIMEOUT
maxsize : 21
nodes : 121005104.000000
filtered : 3290137674.000000
time : 1000.000000
