Parameters: GAD=1 vflib=1 dir=0 label=0 lowerbound=1 fileNameGp=../../cp2016-max-common-connected-subgraph-paper/datasets/graphsdb/mcs10/rand/r005/mcs10_r005_s30.A07 fileNameGt=../../cp2016-max-common-connected-subgraph-paper/datasets/graphsdb/mcs10/rand/r005/mcs10_r005_s30.B07
Reading graphs...
30 :  44
30 :  45
Initializing...
maxdom : 30
D->valSize : 900
Solving...
Blb : 3 (clique : 17)
currentSize : 17 <-- 0.013833 s
currentSize : 18 <-- 0.014084 s
currentSize : 19 <-- 0.014241 s
currentSize : 20 <-- 0.014530 s
currentSize : 21 <-- 0.016323 s
currentSize : 22 <-- 1.853238 s
currentSize : 23 <-- 493.911133 s

TIMEOUT
maxsize : 23
nodes : 28566651.000000
filtered : 1516506316.000000
time : 1000.000549
