Parameters: GAD=1 vflib=1 dir=0 label=0 lowerbound=1 fileNameGp=../../cp2016-max-common-connected-subgraph-paper/datasets/graphsdb/mcs10/rand/r01/mcs10_r01_s35.A08 fileNameGt=../../cp2016-max-common-connected-subgraph-paper/datasets/graphsdb/mcs10/rand/r01/mcs10_r01_s35.B08
Reading graphs...
35 :  115
35 :  115
Initializing...
maxdom : 35
D->valSize : 1225
Solving...
Blb : 2 (clique : 14)
currentSize : 14 <-- 0.019198 s
currentSize : 16 <-- 0.019338 s
currentSize : 17 <-- 0.068223 s
currentSize : 18 <-- 0.996212 s
currentSize : 19 <-- 7.984141 s
currentSize : 20 <-- 243.083420 s

TIMEOUT
maxsize : 20
nodes : 91537922.000000
filtered : 2792230948.000000
time : 1000.000061
