Parameters: GAD=1 vflib=1 dir=0 label=0 lowerbound=1 fileNameGp=../../cp2016-max-common-connected-subgraph-paper/datasets/graphsdb/mcs10/m2D/m2Dr4/mcs10_m2Dr4_s40.A00 fileNameGt=../../cp2016-max-common-connected-subgraph-paper/datasets/graphsdb/mcs10/m2D/m2Dr4/mcs10_m2Dr4_s40.B00
Reading graphs...
40 :  83
40 :  79
Initializing...
maxdom : 40
D->valSize : 1600
Solving...
Blb : 2 (clique : 21)
currentSize : 21 <-- 0.036544 s
currentSize : 22 <-- 0.036757 s
currentSize : 23 <-- 0.048734 s
currentSize : 24 <-- 0.048771 s
currentSize : 25 <-- 0.061739 s
currentSize : 26 <-- 0.616883 s
currentSize : 27 <-- 1.037390 s

TIMEOUT
maxsize : 27
nodes : 14105132.000000
filtered : 1110801653.000000
time : 1000.000122
