Parameters: GAD=1 vflib=1 dir=0 label=0 lowerbound=1 fileNameGp=../../cp2016-max-common-connected-subgraph-paper/datasets/graphsdb/mcs10/rand/r01/mcs10_r01_s50.A09 fileNameGt=../../cp2016-max-common-connected-subgraph-paper/datasets/graphsdb/mcs10/rand/r01/mcs10_r01_s50.B09
Reading graphs...
50 :  236
50 :  237
Initializing...
maxdom : 50
D->valSize : 2500
Solving...
Blb : 2 (clique : 16)
currentSize : 16 <-- 0.085445 s
currentSize : 18 <-- 0.085673 s
currentSize : 19 <-- 0.114659 s
currentSize : 20 <-- 0.129663 s
currentSize : 21 <-- 0.636669 s
currentSize : 22 <-- 14.767726 s

TIMEOUT
maxsize : 22
nodes : 149416545.000000
filtered : 2824678485.000000
time : 1000.000000
