Parameters: GAD=1 vflib=1 dir=0 label=0 lowerbound=1 fileNameGp=../../cp2016-max-common-connected-subgraph-paper/datasets/graphsdb/mcs10/rand/r01/mcs10_r01_s50.A06 fileNameGt=../../cp2016-max-common-connected-subgraph-paper/datasets/graphsdb/mcs10/rand/r01/mcs10_r01_s50.B06
Reading graphs...
50 :  238
50 :  239
Initializing...
maxdom : 50
D->valSize : 2500
Solving...
Blb : 2 (clique : 17)
currentSize : 17 <-- 0.105171 s
currentSize : 18 <-- 0.105552 s
currentSize : 19 <-- 0.109459 s
currentSize : 20 <-- 0.111751 s
currentSize : 21 <-- 3.642769 s
currentSize : 22 <-- 36.827824 s

TIMEOUT
maxsize : 22
nodes : 149893629.000000
filtered : 2856654433.000000
time : 1000.000000
