Parameters: GAD=1 vflib=1 dir=0 label=0 lowerbound=1 fileNameGp=../../cp2016-max-common-connected-subgraph-paper/datasets/graphsdb/mcs10/m2D/m2Dr6/mcs10_m2Dr6_s40.A07 fileNameGt=../../cp2016-max-common-connected-subgraph-paper/datasets/graphsdb/mcs10/m2D/m2Dr6/mcs10_m2Dr6_s40.B07
Reading graphs...
40 :  87
40 :  88
Initializing...
maxdom : 40
D->valSize : 1600
Solving...
Blb : 2 (clique : 20)
currentSize : 20 <-- 0.035792 s
currentSize : 21 <-- 0.036083 s
currentSize : 22 <-- 0.036159 s
currentSize : 23 <-- 0.085359 s
currentSize : 24 <-- 0.397103 s
currentSize : 25 <-- 0.516847 s
currentSize : 26 <-- 1.166453 s
currentSize : 27 <-- 168.499954 s

TIMEOUT
maxsize : 27
nodes : 18756410.000000
filtered : 1333565034.000000
time : 1000.000244
