Parameters: GAD=1 vflib=1 dir=0 label=0 lowerbound=1 fileNameGp=../../cp2016-max-common-connected-subgraph-paper/datasets/graphsdb/mcs10/m2D/m2Dr4/mcs10_m2Dr4_s50.A05 fileNameGt=../../cp2016-max-common-connected-subgraph-paper/datasets/graphsdb/mcs10/m2D/m2Dr4/mcs10_m2Dr4_s50.B05
Reading graphs...
50 :  103
50 :  100
Initializing...
maxdom : 50
D->valSize : 2500
Solving...
Blb : 2 (clique : 26)
currentSize : 26 <-- 0.099206 s
currentSize : 27 <-- 0.099987 s
currentSize : 28 <-- 0.100411 s
currentSize : 29 <-- 0.144551 s
currentSize : 30 <-- 0.146773 s
currentSize : 31 <-- 0.307855 s
currentSize : 32 <-- 0.371150 s

TIMEOUT
maxsize : 32
nodes : 16011372.000000
filtered : 1022840679.000000
time : 1000.000488
