Parameters: GAD=1 vflib=1 dir=0 label=0 lowerbound=1 fileNameGp=../../cp2016-max-common-connected-subgraph-paper/datasets/graphsdb/mcs10/rand/r005/mcs10_r005_s35.A07 fileNameGt=../../cp2016-max-common-connected-subgraph-paper/datasets/graphsdb/mcs10/rand/r005/mcs10_r005_s35.B07
Reading graphs...
35 :  61
35 :  60
Initializing...
maxdom : 35
D->valSize : 1225
Solving...
Blb : 2 (clique : 19)
currentSize : 19 <-- 0.021163 s
currentSize : 20 <-- 0.026805 s
currentSize : 21 <-- 0.026936 s
currentSize : 22 <-- 0.041474 s
currentSize : 23 <-- 0.096555 s
currentSize : 24 <-- 35.535439 s
currentSize : 25 <-- 116.856720 s

TIMEOUT
maxsize : 25
nodes : 20219154.000000
filtered : 1327876293.000000
time : 1000.000000
