Parameters: GAD=1 vflib=1 dir=0 label=0 lowerbound=1 fileNameGp=../../cp2016-max-common-connected-subgraph-paper/datasets/graphsdb/mcs10/m2D/m2D/mcs10_m2D_s40.A07 fileNameGt=../../cp2016-max-common-connected-subgraph-paper/datasets/graphsdb/mcs10/m2D/m2D/mcs10_m2D_s40.B07
Reading graphs...
40 :  66
40 :  67
Initializing...
maxdom : 40
D->valSize : 1600
Solving...
Blb : 2 (clique : 23)
currentSize : 23 <-- 0.037205 s
currentSize : 24 <-- 0.037517 s
currentSize : 25 <-- 0.037652 s
currentSize : 26 <-- 0.037898 s
currentSize : 27 <-- 0.085221 s
currentSize : 28 <-- 0.458365 s
currentSize : 29 <-- 0.508743 s

TIMEOUT
maxsize : 29
nodes : 7482460.000000
filtered : 692803806.000000
time : 1000.000366
