Parameters: GAD=1 vflib=1 dir=0 label=0 lowerbound=1 fileNameGp=../../cp2016-max-common-connected-subgraph-paper/datasets/graphsdb/mcs10/bvg/b03m/mcs10_b03m_s40.A04 fileNameGt=../../cp2016-max-common-connected-subgraph-paper/datasets/graphsdb/mcs10/bvg/b03m/mcs10_b03m_s40.B04
Reading graphs...
40 :  59
40 :  59
Initializing...
maxdom : 40
D->valSize : 1600
Solving...
Blb : 2 (clique : 24)
currentSize : 24 <-- 0.037790 s
currentSize : 25 <-- 0.038066 s
currentSize : 26 <-- 0.038151 s
currentSize : 27 <-- 1.262837 s
currentSize : 28 <-- 3.338441 s
currentSize : 29 <-- 149.654129 s

TIMEOUT
maxsize : 29
nodes : 16130040.000000
filtered : 1167510852.000000
time : 1000.000061
