Parameters: GAD=1 vflib=1 dir=0 label=0 lowerbound=1 fileNameGp=../../cp2016-max-common-connected-subgraph-paper/datasets/graphsdb/mcs10/rand/r005/mcs10_r005_s30.A01 fileNameGt=../../cp2016-max-common-connected-subgraph-paper/datasets/graphsdb/mcs10/rand/r005/mcs10_r005_s30.B01
Reading graphs...
30 :  45
30 :  45
Initializing...
maxdom : 30
D->valSize : 900
Solving...
Blb : 2 (clique : 18)
currentSize : 18 <-- 0.013763 s
currentSize : 19 <-- 0.046797 s
currentSize : 20 <-- 0.055503 s
currentSize : 21 <-- 0.152286 s
currentSize : 22 <-- 0.515497 s
currentSize : 23 <-- 12.296278 s

maxsize : 23
nodes : 1240917.000000
filtered : 66426360.000000
time : 74.538956
