Parameters: GAD=1 vflib=1 dir=0 label=0 lowerbound=1 fileNameGp=../../cp2016-max-common-connected-subgraph-paper/datasets/graphsdb/mcs10/rand/r005/mcs10_r005_s30.A00 fileNameGt=../../cp2016-max-common-connected-subgraph-paper/datasets/graphsdb/mcs10/rand/r005/mcs10_r005_s30.B00
Reading graphs...
30 :  43
30 :  44
Initializing...
maxdom : 30
D->valSize : 900
Solving...
Blb : 2 (clique : 18)
currentSize : 18 <-- 0.012009 s
currentSize : 19 <-- 0.012378 s
currentSize : 20 <-- 0.012579 s
currentSize : 21 <-- 0.014075 s
currentSize : 22 <-- 1.562809 s
currentSize : 23 <-- 4.447977 s
currentSize : 24 <-- 64.966736 s

maxsize : 24
nodes : 1393260.000000
filtered : 98679514.000000
time : 122.170525
