Parameters: GAD=1 vflib=1 dir=0 label=0 lowerbound=1 fileNameGp=../../cp2016-max-common-connected-subgraph-paper/datasets/graphsdb/mcs10/rand/r01/mcs10_r01_s50.A05 fileNameGt=../../cp2016-max-common-connected-subgraph-paper/datasets/graphsdb/mcs10/rand/r01/mcs10_r01_s50.B05
Reading graphs...
50 :  234
50 :  234
Initializing...
maxdom : 50
D->valSize : 2500
Solving...
Blb : 2 (clique : 17)
currentSize : 17 <-- 0.086109 s
currentSize : 18 <-- 0.086356 s
currentSize : 19 <-- 0.087104 s
currentSize : 20 <-- 0.087299 s
currentSize : 21 <-- 0.111831 s
currentSize : 22 <-- 12.574159 s

TIMEOUT
maxsize : 22
nodes : 159871812.000000
filtered : 3108625794.000000
time : 1000.000000
