Parameters: GAD=1 vflib=1 dir=0 label=0 lowerbound=1 fileNameGp=../../cp2016-max-common-connected-subgraph-paper/datasets/graphsdb/mcs10/rand/r01/mcs10_r01_s35.A01 fileNameGt=../../cp2016-max-common-connected-subgraph-paper/datasets/graphsdb/mcs10/rand/r01/mcs10_r01_s35.B01
Reading graphs...
35 :  117
35 :  117
Initializing...
maxdom : 35
D->valSize : 1225
Solving...
Blb : 2 (clique : 14)
currentSize : 14 <-- 0.019278 s
currentSize : 15 <-- 0.019427 s
currentSize : 16 <-- 0.019511 s
currentSize : 17 <-- 0.023467 s
currentSize : 18 <-- 0.148283 s
currentSize : 19 <-- 0.302140 s
currentSize : 20 <-- 450.727539 s

TIMEOUT
maxsize : 20
nodes : 85001078.000000
filtered : 2848432339.000000
time : 1000.000000
