Parameters: GAD=1 vflib=1 dir=0 label=0 lowerbound=1 fileNameGp=../../cp2016-max-common-connected-subgraph-paper/datasets/graphsdb/mcs10/m2D/m2D/mcs10_m2D_s50.A07 fileNameGt=../../cp2016-max-common-connected-subgraph-paper/datasets/graphsdb/mcs10/m2D/m2D/mcs10_m2D_s50.B07
Reading graphs...
50 :  85
50 :  85
Initializing...
maxdom : 50
D->valSize : 2500
Solving...
Blb : 2 (clique : 25)
currentSize : 25 <-- 0.100402 s
currentSize : 27 <-- 0.100740 s
currentSize : 28 <-- 0.100953 s
currentSize : 29 <-- 0.101109 s
currentSize : 30 <-- 0.119621 s
currentSize : 31 <-- 0.147154 s
currentSize : 32 <-- 0.160241 s
currentSize : 33 <-- 81.200356 s
currentSize : 34 <-- 258.686981 s

TIMEOUT
maxsize : 34
nodes : 17832783.000000
filtered : 902628503.000000
time : 1000.000549
