Parameters: GAD=1 vflib=1 dir=0 label=0 lowerbound=1 fileNameGp=../../cp2016-max-common-connected-subgraph-paper/datasets/graphsdb/mcs10/rand/r01/mcs10_r01_s40.A08 fileNameGt=../../cp2016-max-common-connected-subgraph-paper/datasets/graphsdb/mcs10/rand/r01/mcs10_r01_s40.B08
Reading graphs...
40 :  150
40 :  154
Initializing...
maxdom : 40
D->valSize : 1600
Solving...
Blb : 2 (clique : 15)
currentSize : 15 <-- 0.032962 s
currentSize : 16 <-- 0.034342 s
currentSize : 17 <-- 0.040329 s
currentSize : 18 <-- 0.044108 s
currentSize : 19 <-- 0.119472 s
currentSize : 20 <-- 1.135924 s
currentSize : 21 <-- 47.330830 s

TIMEOUT
maxsize : 21
nodes : 101850199.000000
filtered : 3101948826.000000
time : 1000.000000
