Parameters: GAD=1 vflib=1 dir=0 label=0 lowerbound=1 fileNameGp=../../cp2016-max-common-connected-subgraph-paper/datasets/graphsdb/mcs10/rand/r01/mcs10_r01_s40.A05 fileNameGt=../../cp2016-max-common-connected-subgraph-paper/datasets/graphsdb/mcs10/rand/r01/mcs10_r01_s40.B05
Reading graphs...
40 :  150
40 :  151
Initializing...
maxdom : 40
D->valSize : 1600
Solving...
Blb : 2 (clique : 16)
currentSize : 16 <-- 0.050871 s
currentSize : 17 <-- 0.051231 s
currentSize : 18 <-- 0.052884 s
currentSize : 19 <-- 0.212711 s
currentSize : 20 <-- 5.527059 s
currentSize : 21 <-- 608.685059 s

TIMEOUT
maxsize : 21
nodes : 119959525.000000
filtered : 3011148955.000000
time : 1000.000000
