Parameters: GAD=1 vflib=1 dir=0 label=0 lowerbound=1 fileNameGp=../../cp2016-max-common-connected-subgraph-paper/datasets/graphsdb/mcs10/rand/r005/mcs10_r005_s50.A07 fileNameGt=../../cp2016-max-common-connected-subgraph-paper/datasets/graphsdb/mcs10/rand/r005/mcs10_r005_s50.B07
Reading graphs...
50 :  121
50 :  124
Initializing...
maxdom : 50
D->valSize : 2500
Solving...
Blb : 2 (clique : 25)
currentSize : 25 <-- 0.095893 s
currentSize : 26 <-- 0.096225 s
currentSize : 27 <-- 0.103947 s
currentSize : 28 <-- 0.122841 s
currentSize : 29 <-- 6.184295 s
currentSize : 30 <-- 368.137878 s

TIMEOUT
maxsize : 30
nodes : 24272511.000000
filtered : 1308208363.000000
time : 1000.000122
