Parameters: GAD=1 vflib=1 dir=0 label=0 lowerbound=1 fileNameGp=../../cp2016-max-common-connected-subgraph-paper/datasets/graphsdb/mcs10/m2D/m2Dr6/mcs10_m2Dr6_s50.A05 fileNameGt=../../cp2016-max-common-connected-subgraph-paper/datasets/graphsdb/mcs10/m2D/m2Dr6/mcs10_m2Dr6_s50.B05
Reading graphs...
50 :  114
50 :  112
Initializing...
maxdom : 50
D->valSize : 2500
Solving...
Blb : 2 (clique : 25)
currentSize : 25 <-- 0.096497 s
currentSize : 26 <-- 0.096849 s
currentSize : 27 <-- 0.096870 s
currentSize : 28 <-- 0.096921 s
currentSize : 29 <-- 0.097399 s
currentSize : 30 <-- 0.099027 s
currentSize : 31 <-- 0.099820 s

TIMEOUT
maxsize : 31
nodes : 20776329.000000
filtered : 1146486789.000000
time : 1000.000366
