Parameters: GAD=1 vflib=1 dir=0 label=0 lowerbound=1 fileNameGp=../../cp2016-max-common-connected-subgraph-paper/datasets/graphsdb/mcs10/rand/r01/mcs10_r01_s50.A03 fileNameGt=../../cp2016-max-common-connected-subgraph-paper/datasets/graphsdb/mcs10/rand/r01/mcs10_r01_s50.B03
Reading graphs...
50 :  233
50 :  236
Initializing...
maxdom : 50
D->valSize : 2500
Solving...
Blb : 2 (clique : 17)
currentSize : 17 <-- 0.085427 s
currentSize : 18 <-- 0.089394 s
currentSize : 19 <-- 0.089758 s
currentSize : 20 <-- 0.093312 s
currentSize : 21 <-- 0.599740 s
currentSize : 22 <-- 6.438761 s

TIMEOUT
maxsize : 22
nodes : 122890887.000000
filtered : 3070731391.000000
time : 1000.000000
