Parameters: GAD=1 vflib=1 dir=0 label=0 lowerbound=1 fileNameGp=../../cp2016-max-common-connected-subgraph-paper/datasets/graphsdb/mcs10/m2D/m2D/mcs10_m2D_s40.A04 fileNameGt=../../cp2016-max-common-connected-subgraph-paper/datasets/graphsdb/mcs10/m2D/m2D/mcs10_m2D_s40.B04
Reading graphs...
40 :  66
40 :  66
Initializing...
maxdom : 40
D->valSize : 1600
Solving...
Blb : 2 (clique : 25)
currentSize : 25 <-- 0.037498 s
currentSize : 26 <-- 0.037753 s
currentSize : 27 <-- 0.037834 s
currentSize : 28 <-- 0.066788 s
currentSize : 29 <-- 1.145802 s
currentSize : 30 <-- 364.377014 s

TIMEOUT
maxsize : 30
nodes : 7951017.000000
filtered : 662892576.000000
time : 1000.000488
