Parameters: GAD=1 vflib=1 dir=0 label=0 lowerbound=1 fileNameGp=../../cp2016-max-common-connected-subgraph-paper/datasets/graphsdb/mcs10/bvg/b03/mcs10_b03_s50.A04 fileNameGt=../../cp2016-max-common-connected-subgraph-paper/datasets/graphsdb/mcs10/bvg/b03/mcs10_b03_s50.B04
Reading graphs...
50 :  74
50 :  75
Initializing...
maxdom : 50
D->valSize : 2500
Solving...
Blb : 2 (clique : 29)
currentSize : 29 <-- 0.101637 s
currentSize : 30 <-- 0.102052 s
currentSize : 31 <-- 0.102106 s
currentSize : 32 <-- 0.104302 s
currentSize : 33 <-- 0.132314 s
currentSize : 34 <-- 458.301544 s

TIMEOUT
maxsize : 34
nodes : 42361595.000000
filtered : 1112053130.000000
time : 1000.000366
