Parameters: GAD=1 vflib=1 dir=0 label=0 lowerbound=1 fileNameGp=../../cp2016-max-common-connected-subgraph-paper/datasets/graphsdb/mcs10/m2D/m2D/mcs10_m2D_s50.A06 fileNameGt=../../cp2016-max-common-connected-subgraph-paper/datasets/graphsdb/mcs10/m2D/m2D/mcs10_m2D_s50.B06
Reading graphs...
50 :  84
50 :  83
Initializing...
maxdom : 50
D->valSize : 2500
Solving...
Blb : 2 (clique : 29)
currentSize : 29 <-- 0.100477 s
currentSize : 30 <-- 0.100992 s
currentSize : 31 <-- 0.101327 s
currentSize : 32 <-- 0.107714 s
currentSize : 33 <-- 1.073264 s
currentSize : 34 <-- 19.664238 s
currentSize : 35 <-- 27.512684 s
currentSize : 36 <-- 30.719904 s

TIMEOUT
maxsize : 36
nodes : 6021937.000000
filtered : 645633234.000000
time : 1000.000000
