Parameters: GAD=1 vflib=1 dir=0 label=0 lowerbound=1 fileNameGp=../../cp2016-max-common-connected-subgraph-paper/datasets/graphsdb/mcs10/m2D/m2Dr4/mcs10_m2Dr4_s50.A01 fileNameGt=../../cp2016-max-common-connected-subgraph-paper/datasets/graphsdb/mcs10/m2D/m2Dr4/mcs10_m2Dr4_s50.B01
Reading graphs...
50 :  103
50 :  104
Initializing...
maxdom : 50
D->valSize : 2500
Solving...
Blb : 2 (clique : 25)
currentSize : 25 <-- 0.098603 s
currentSize : 27 <-- 0.098938 s
currentSize : 28 <-- 0.099034 s
currentSize : 29 <-- 0.100262 s
currentSize : 30 <-- 0.100541 s
currentSize : 31 <-- 0.126147 s
currentSize : 32 <-- 213.908783 s

TIMEOUT
maxsize : 32
nodes : 18211628.000000
filtered : 1077174457.000000
time : 1000.000427
