Parameters: GAD=1 vflib=1 dir=0 label=0 lowerbound=1 fileNameGp=../../cp2016-max-common-connected-subgraph-paper/datasets/graphsdb/mcs10/rand/r01/mcs10_r01_s40.A00 fileNameGt=../../cp2016-max-common-connected-subgraph-paper/datasets/graphsdb/mcs10/rand/r01/mcs10_r01_s40.B00
Reading graphs...
40 :  150
40 :  150
Initializing...
maxdom : 40
D->valSize : 1600
Solving...
Blb : 5 (clique : 16)
currentSize : 16 <-- 0.032866 s
currentSize : 17 <-- 0.035806 s
currentSize : 18 <-- 0.042058 s
currentSize : 19 <-- 0.313900 s
currentSize : 20 <-- 1.131364 s
currentSize : 21 <-- 573.674622 s

TIMEOUT
maxsize : 21
nodes : 96529677.000000
filtered : 2954180182.000000
time : 1000.000000
