Parameters: GAD=1 vflib=1 dir=0 label=0 lowerbound=1 fileNameGp=../../cp2016-max-common-connected-subgraph-paper/datasets/graphsdb/mcs10/bvg/b03/mcs10_b03_s50.A09 fileNameGt=../../cp2016-max-common-connected-subgraph-paper/datasets/graphsdb/mcs10/bvg/b03/mcs10_b03_s50.B09
Reading graphs...
50 :  75
50 :  74
Initializing...
maxdom : 50
D->valSize : 2500
Solving...
Blb : 2 (clique : 31)
currentSize : 31 <-- 0.101582 s
currentSize : 32 <-- 0.102635 s
currentSize : 33 <-- 0.105656 s
currentSize : 34 <-- 1.843286 s
currentSize : 35 <-- 9.462902 s
currentSize : 36 <-- 433.620911 s

TIMEOUT
maxsize : 36
nodes : 10648732.000000
filtered : 821724120.000000
time : 1000.000244
