Parameters: GAD=1 vflib=1 dir=0 label=0 lowerbound=1 fileNameGp=../../cp2016-max-common-connected-subgraph-paper/datasets/graphsdb/mcs10/m2D/m2Dr6/mcs10_m2Dr6_s50.A03 fileNameGt=../../cp2016-max-common-connected-subgraph-paper/datasets/graphsdb/mcs10/m2D/m2Dr6/mcs10_m2Dr6_s50.B03
Reading graphs...
50 :  111
50 :  109
Initializing...
maxdom : 50
D->valSize : 2500
Solving...
Blb : 2 (clique : 25)
currentSize : 25 <-- 0.096965 s
currentSize : 26 <-- 0.097329 s
currentSize : 27 <-- 0.097567 s
currentSize : 28 <-- 0.109056 s
currentSize : 29 <-- 0.124950 s
currentSize : 30 <-- 0.495672 s
currentSize : 31 <-- 214.245285 s
currentSize : 32 <-- 320.679291 s

TIMEOUT
maxsize : 32
nodes : 25383814.000000
filtered : 1267218251.000000
time : 1000.000000
