Parameters: GAD=1 vflib=1 dir=0 label=0 lowerbound=1 fileNameGp=../../cp2016-max-common-connected-subgraph-paper/datasets/graphsdb/mcs10/bvg/b03/mcs10_b03_s50.A05 fileNameGt=../../cp2016-max-common-connected-subgraph-paper/datasets/graphsdb/mcs10/bvg/b03/mcs10_b03_s50.B05
Reading graphs...
50 :  74
50 :  73
Initializing...
maxdom : 50
D->valSize : 2500
Solving...
Blb : 2 (clique : 29)
currentSize : 29 <-- 0.102625 s
currentSize : 30 <-- 0.102999 s
currentSize : 31 <-- 0.103032 s
currentSize : 32 <-- 0.106993 s
currentSize : 33 <-- 0.287232 s
currentSize : 34 <-- 2.792069 s
currentSize : 35 <-- 413.318359 s
currentSize : 36 <-- 414.086578 s
currentSize : 37 <-- 691.908997 s

TIMEOUT
maxsize : 37
nodes : 9192236.000000
filtered : 443125928.000000
time : 1000.000061
