Parameters: GAD=1 vflib=1 dir=0 label=0 lowerbound=1 fileNameGp=../../cp2016-max-common-connected-subgraph-paper/datasets/graphsdb/mcs10/bvg/b03/mcs10_b03_s40.A08 fileNameGt=../../cp2016-max-common-connected-subgraph-paper/datasets/graphsdb/mcs10/bvg/b03/mcs10_b03_s40.B08
Reading graphs...
40 :  60
40 :  59
Initializing...
maxdom : 40
D->valSize : 1600
Solving...
Blb : 2 (clique : 24)
currentSize : 24 <-- 0.037785 s
currentSize : 27 <-- 0.038040 s
currentSize : 28 <-- 0.038104 s
currentSize : 29 <-- 0.043604 s
currentSize : 30 <-- 0.151105 s
currentSize : 31 <-- 48.178707 s

TIMEOUT
maxsize : 31
nodes : 10239243.000000
filtered : 1075044759.000000
time : 1000.000305
