Parameters: GAD=1 vflib=1 dir=0 label=0 lowerbound=1 fileNameGp=../../cp2016-max-common-connected-subgraph-paper/datasets/graphsdb/mcs10/rand/r01/mcs10_r01_s50.A07 fileNameGt=../../cp2016-max-common-connected-subgraph-paper/datasets/graphsdb/mcs10/rand/r01/mcs10_r01_s50.B07
Reading graphs...
50 :  235
50 :  236
Initializing...
maxdom : 50
D->valSize : 2500
Solving...
Blb : 2 (clique : 16)
currentSize : 16 <-- 0.085727 s
currentSize : 18 <-- 0.085972 s
currentSize : 19 <-- 0.086013 s
currentSize : 20 <-- 0.086076 s
currentSize : 21 <-- 0.619419 s
currentSize : 22 <-- 127.881744 s
currentSize : 23 <-- 274.443298 s

TIMEOUT
maxsize : 23
nodes : 148286574.000000
filtered : 2997301875.000000
time : 1000.000000
