Parameters: GAD=1 vflib=1 dir=0 label=0 lowerbound=1 fileNameGp=../../cp2016-max-common-connected-subgraph-paper/datasets/graphsdb/mcs10/rand/r02/mcs10_r02_s30.A04 fileNameGt=../../cp2016-max-common-connected-subgraph-paper/datasets/graphsdb/mcs10/rand/r02/mcs10_r02_s30.B04
Reading graphs...
30 :  148
30 :  158
Initializing...
maxdom : 30
D->valSize : 900
Solving...
Blb : 2 (clique : 10)
currentSize : 10 <-- 0.009463 s
currentSize : 11 <-- 0.009845 s
currentSize : 12 <-- 0.010544 s
currentSize : 13 <-- 0.054945 s
currentSize : 14 <-- 3.502985 s

maxsize : 14
nodes : 106116744.000000
filtered : 1504093813.000000
time : 464.197479
