Parameters: GAD=1 vflib=1 dir=0 label=0 lowerbound=1 fileNameGp=../../cp2016-max-common-connected-subgraph-paper/datasets/graphsdb/mcs10/rand/r005/mcs10_r005_s50.A04 fileNameGt=../../cp2016-max-common-connected-subgraph-paper/datasets/graphsdb/mcs10/rand/r005/mcs10_r005_s50.B04
Reading graphs...
50 :  122
50 :  124
Initializing...
maxdom : 50
D->valSize : 2500
Solving...
Blb : 2 (clique : 24)
currentSize : 24 <-- 0.094936 s
currentSize : 25 <-- 0.095248 s
currentSize : 26 <-- 0.095291 s
currentSize : 27 <-- 0.102723 s
currentSize : 28 <-- 0.253306 s
currentSize : 29 <-- 22.770760 s
currentSize : 30 <-- 49.189678 s

TIMEOUT
maxsize : 30
nodes : 43645646.000000
filtered : 1569397471.000000
time : 1000.000061
