Parameters: GAD=1 vflib=1 dir=0 label=0 lowerbound=1 fileNameGp=../../cp2016-max-common-connected-subgraph-paper/datasets/graphsdb/mcs10/rand/r01/mcs10_r01_s35.A04 fileNameGt=../../cp2016-max-common-connected-subgraph-paper/datasets/graphsdb/mcs10/rand/r01/mcs10_r01_s35.B04
Reading graphs...
35 :  115
35 :  118
Initializing...
maxdom : 35
D->valSize : 1225
Solving...
Blb : 2 (clique : 15)
currentSize : 15 <-- 0.019074 s
currentSize : 16 <-- 0.031850 s
currentSize : 17 <-- 0.042938 s
currentSize : 18 <-- 1.218880 s
currentSize : 19 <-- 1.899193 s
currentSize : 20 <-- 149.601074 s

TIMEOUT
maxsize : 20
nodes : 93084928.000000
filtered : 2724009412.000000
time : 1000.000000
