Parameters: GAD=1 vflib=1 dir=0 label=0 lowerbound=1 fileNameGp=../../cp2016-max-common-connected-subgraph-paper/datasets/graphsdb/mcs10/rand/r01/mcs10_r01_s50.A02 fileNameGt=../../cp2016-max-common-connected-subgraph-paper/datasets/graphsdb/mcs10/rand/r01/mcs10_r01_s50.B02
Reading graphs...
50 :  236
50 :  237
Initializing...
maxdom : 50
D->valSize : 2500
Solving...
Blb : 2 (clique : 17)
currentSize : 17 <-- 0.085177 s
currentSize : 18 <-- 0.085438 s
currentSize : 19 <-- 0.086608 s
currentSize : 20 <-- 0.168049 s
currentSize : 21 <-- 0.251671 s
currentSize : 22 <-- 3.932933 s
currentSize : 23 <-- 201.834961 s

TIMEOUT
maxsize : 23
nodes : 116389566.000000
filtered : 2866957420.000000
time : 1000.000000
