Parameters: GAD=1 vflib=1 dir=0 label=0 lowerbound=1 fileNameGp=../../cp2016-max-common-connected-subgraph-paper/datasets/graphsdb/mcs10/m2D/m2Dr4/mcs10_m2Dr4_s50.A02 fileNameGt=../../cp2016-max-common-connected-subgraph-paper/datasets/graphsdb/mcs10/m2D/m2Dr4/mcs10_m2Dr4_s50.B02
Reading graphs...
50 :  103
50 :  104
Initializing...
maxdom : 50
D->valSize : 2500
Solving...
Blb : 2 (clique : 26)
currentSize : 26 <-- 0.098135 s
currentSize : 27 <-- 0.098516 s
currentSize : 28 <-- 0.098744 s
currentSize : 29 <-- 0.105721 s
currentSize : 30 <-- 0.124027 s
currentSize : 31 <-- 0.436208 s
currentSize : 32 <-- 0.537658 s
currentSize : 33 <-- 733.557861 s

TIMEOUT
maxsize : 33
nodes : 19580784.000000
filtered : 1144753885.000000
time : 1000.000061
