Parameters: GAD=1 vflib=1 dir=0 label=0 lowerbound=1 fileNameGp=../../cp2016-max-common-connected-subgraph-paper/datasets/graphsdb/mcs10/m2D/m2Dr4/mcs10_m2Dr4_s40.A01 fileNameGt=../../cp2016-max-common-connected-subgraph-paper/datasets/graphsdb/mcs10/m2D/m2Dr4/mcs10_m2Dr4_s40.B01
Reading graphs...
40 :  82
40 :  82
Initializing...
maxdom : 40
D->valSize : 1600
Solving...
Blb : 2 (clique : 20)
currentSize : 20 <-- 0.036357 s
currentSize : 21 <-- 0.036710 s
currentSize : 22 <-- 0.074429 s
currentSize : 23 <-- 0.094832 s
currentSize : 24 <-- 0.328394 s
currentSize : 25 <-- 4.997311 s
currentSize : 26 <-- 315.390839 s

TIMEOUT
maxsize : 26
nodes : 25160332.000000
filtered : 1297376082.000000
time : 1000.000244
