Parameters: GAD=1 vflib=1 dir=0 label=0 lowerbound=1 fileNameGp=../../cp2016-max-common-connected-subgraph-paper/datasets/graphsdb/mcs10/rand/r01/mcs10_r01_s40.A03 fileNameGt=../../cp2016-max-common-connected-subgraph-paper/datasets/graphsdb/mcs10/rand/r01/mcs10_r01_s40.B03
Reading graphs...
40 :  152
40 :  153
Initializing...
maxdom : 40
D->valSize : 1600
Solving...
Blb : 5 (clique : 15)
currentSize : 15 <-- 0.032647 s
currentSize : 16 <-- 0.032830 s
currentSize : 17 <-- 0.032914 s
currentSize : 18 <-- 0.050637 s
currentSize : 19 <-- 0.054889 s
currentSize : 20 <-- 3.484773 s
currentSize : 21 <-- 3.618467 s

TIMEOUT
maxsize : 21
nodes : 115745456.000000
filtered : 3252441009.000000
time : 1000.000000
