Parameters: GAD=1 vflib=1 dir=0 label=0 lowerbound=1 fileNameGp=../../cp2016-max-common-connected-subgraph-paper/datasets/graphsdb/mcs10/rand/r01/mcs10_r01_s35.A09 fileNameGt=../../cp2016-max-common-connected-subgraph-paper/datasets/graphsdb/mcs10/rand/r01/mcs10_r01_s35.B09
Reading graphs...
35 :  116
35 :  118
Initializing...
maxdom : 35
D->valSize : 1225
Solving...
Blb : 2 (clique : 15)
currentSize : 15 <-- 0.019191 s
currentSize : 16 <-- 0.019524 s
currentSize : 17 <-- 0.019825 s
currentSize : 18 <-- 0.065629 s
currentSize : 19 <-- 13.675295 s
currentSize : 20 <-- 558.924316 s

TIMEOUT
maxsize : 20
nodes : 94318008.000000
filtered : 2971651837.000000
time : 1000.000122
