Parameters: GAD=1 vflib=1 dir=0 label=0 lowerbound=1 fileNameGp=../../cp2016-max-common-connected-subgraph-paper/datasets/graphsdb/mcs10/rand/r02/mcs10_r02_s35.A08 fileNameGt=../../cp2016-max-common-connected-subgraph-paper/datasets/graphsdb/mcs10/rand/r02/mcs10_r02_s35.B08
Reading graphs...
35 :  217
35 :  219
Initializing...
maxdom : 35
D->valSize : 1225
Solving...
Blb : 2 (clique : 10)
currentSize : 10 <-- 0.017344 s
currentSize : 11 <-- 0.017514 s
currentSize : 12 <-- 0.017647 s
currentSize : 13 <-- 0.028194 s
currentSize : 14 <-- 0.124594 s
currentSize : 15 <-- 48.447208 s

TIMEOUT
maxsize : 15
nodes : 233500426.000000
filtered : 2969847460.000000
time : 1000.000000
