Parameters: GAD=1 vflib=1 dir=0 label=0 lowerbound=1 fileNameGp=../../cp2016-max-common-connected-subgraph-paper/datasets/graphsdb/mcs10/rand/r005/mcs10_r005_s30.A08 fileNameGt=../../cp2016-max-common-connected-subgraph-paper/datasets/graphsdb/mcs10/rand/r005/mcs10_r005_s30.B08
Reading graphs...
30 :  45
30 :  44
Initializing...
maxdom : 30
D->valSize : 900
Solving...
Blb : 2 (clique : 20)
currentSize : 20 <-- 0.014007 s
currentSize : 21 <-- 0.088163 s
currentSize : 22 <-- 0.345064 s
currentSize : 23 <-- 0.356745 s
currentSize : 24 <-- 54.933979 s

maxsize : 24
nodes : 1998463.000000
filtered : 158463949.000000
time : 125.733208
