Parameters: GAD=1 vflib=1 dir=0 label=0 lowerbound=1 fileNameGp=../../cp2016-max-common-connected-subgraph-paper/datasets/graphsdb/mcs10/rand/r01/mcs10_r01_s35.A05 fileNameGt=../../cp2016-max-common-connected-subgraph-paper/datasets/graphsdb/mcs10/rand/r01/mcs10_r01_s35.B05
Reading graphs...
35 :  115
35 :  118
Initializing...
maxdom : 35
D->valSize : 1225
Solving...
Blb : 2 (clique : 15)
currentSize : 15 <-- 0.019006 s
currentSize : 16 <-- 0.020047 s
currentSize : 17 <-- 0.038220 s
currentSize : 18 <-- 0.195757 s
currentSize : 19 <-- 26.776684 s
currentSize : 20 <-- 803.802002 s

TIMEOUT
maxsize : 20
nodes : 102245003.000000
filtered : 3047371436.000000
time : 1000.000000
