Parameters: GAD=1 vflib=1 dir=0 label=0 lowerbound=1 fileNameGp=../../cp2016-max-common-connected-subgraph-paper/datasets/graphsdb/mcs10/rand/r01/mcs10_r01_s50.A00 fileNameGt=../../cp2016-max-common-connected-subgraph-paper/datasets/graphsdb/mcs10/rand/r01/mcs10_r01_s50.B00
Reading graphs...
50 :  236
50 :  236
Initializing...
maxdom : 50
D->valSize : 2500
Solving...
Blb : 2 (clique : 16)
currentSize : 16 <-- 0.086286 s
currentSize : 17 <-- 0.086540 s
currentSize : 18 <-- 0.086570 s
currentSize : 19 <-- 0.089319 s
currentSize : 20 <-- 0.099754 s
currentSize : 21 <-- 5.661450 s
currentSize : 22 <-- 109.472847 s

TIMEOUT
maxsize : 22
nodes : 126077311.000000
filtered : 2652369162.000000
time : 1000.000061
