Parameters: GAD=1 vflib=1 dir=0 label=0 lowerbound=1 fileNameGp=../../cp2016-max-common-connected-subgraph-paper/datasets/graphsdb/mcs10/rand/r02/mcs10_r02_s50.A06 fileNameGt=../../cp2016-max-common-connected-subgraph-paper/datasets/graphsdb/mcs10/rand/r02/mcs10_r02_s50.B06
Reading graphs...
50 :  430
50 :  445
Initializing...
maxdom : 50
D->valSize : 2500
Solving...
Blb : 2 (clique : 12)
currentSize : 12 <-- 0.075818 s
currentSize : 13 <-- 0.076080 s
currentSize : 14 <-- 0.079303 s
currentSize : 15 <-- 0.084228 s
currentSize : 16 <-- 0.109478 s
currentSize : 17 <-- 93.006989 s

TIMEOUT
maxsize : 17
nodes : 218020647.000000
filtered : 2308268670.000000
time : 1000.000000
