Parameters: GAD=1 vflib=1 dir=0 label=0 lowerbound=1 fileNameGp=../../cp2016-max-common-connected-subgraph-paper/datasets/graphsdb/mcs10/rand/r005/mcs10_r005_s50.A09 fileNameGt=../../cp2016-max-common-connected-subgraph-paper/datasets/graphsdb/mcs10/rand/r005/mcs10_r005_s50.B09
Reading graphs...
50 :  121
50 :  120
Initializing...
maxdom : 50
D->valSize : 2500
Solving...
Blb : 2 (clique : 25)
currentSize : 25 <-- 0.095520 s
currentSize : 26 <-- 0.096165 s
currentSize : 27 <-- 0.103031 s
currentSize : 28 <-- 5.785119 s
currentSize : 29 <-- 219.534378 s
currentSize : 30 <-- 411.832764 s

TIMEOUT
maxsize : 30
nodes : 19736049.000000
filtered : 1341202296.000000
time : 1000.000977
