Parameters: GAD=1 vflib=1 dir=0 label=0 lowerbound=1 fileNameGp=../../cp2016-max-common-connected-subgraph-paper/datasets/graphsdb/mcs10/rand/r005/mcs10_r005_s30.A03 fileNameGt=../../cp2016-max-common-connected-subgraph-paper/datasets/graphsdb/mcs10/rand/r005/mcs10_r005_s30.B03
Reading graphs...
30 :  45
30 :  45
Initializing...
maxdom : 30
D->valSize : 900
Solving...
Blb : 2 (clique : 19)
currentSize : 19 <-- 0.014552 s
currentSize : 20 <-- 0.070059 s
currentSize : 21 <-- 0.071815 s
currentSize : 22 <-- 0.119525 s
currentSize : 23 <-- 62.557095 s

maxsize : 23
nodes : 2402367.000000
filtered : 135837158.000000
time : 170.986511
