Parameters: GAD=1 vflib=1 dir=0 label=0 lowerbound=1 fileNameGp=../../cp2016-max-common-connected-subgraph-paper/datasets/graphsdb/mcs10/rand/r02/mcs10_r02_s30.A08 fileNameGt=../../cp2016-max-common-connected-subgraph-paper/datasets/graphsdb/mcs10/rand/r02/mcs10_r02_s30.B08
Reading graphs...
30 :  160
30 :  155
Initializing...
maxdom : 30
D->valSize : 900
Solving...
Blb : 2 (clique : 10)
currentSize : 10 <-- 0.009428 s
currentSize : 11 <-- 0.009604 s
currentSize : 12 <-- 0.009680 s
currentSize : 13 <-- 0.016913 s
currentSize : 14 <-- 1.951849 s

maxsize : 14
nodes : 108841814.000000
filtered : 1488269202.000000
time : 459.719849
