Parameters: GAD=1 vflib=1 dir=0 label=0 lowerbound=1 fileNameGp=../../cp2016-max-common-connected-subgraph-paper/datasets/graphsdb/mcs10/m2D/m2Dr6/mcs10_m2Dr6_s50.A01 fileNameGt=../../cp2016-max-common-connected-subgraph-paper/datasets/graphsdb/mcs10/m2D/m2Dr6/mcs10_m2Dr6_s50.B01
Reading graphs...
50 :  111
50 :  109
Initializing...
maxdom : 50
D->valSize : 2500
Solving...
Blb : 2 (clique : 23)
currentSize : 23 <-- 0.108473 s
currentSize : 25 <-- 0.108804 s
currentSize : 26 <-- 0.108875 s
currentSize : 27 <-- 0.108970 s
currentSize : 28 <-- 0.109064 s
currentSize : 29 <-- 0.109563 s
currentSize : 30 <-- 0.110011 s
currentSize : 31 <-- 0.238311 s

TIMEOUT
maxsize : 31
nodes : 17744613.000000
filtered : 1023701155.000000
time : 1000.000610
