Parameters: GAD=1 vflib=1 dir=0 label=0 lowerbound=1 fileNameGp=../../cp2016-max-common-connected-subgraph-paper/datasets/graphsdb/mcs10/bvg/b03/mcs10_b03_s50.A08 fileNameGt=../../cp2016-max-common-connected-subgraph-paper/datasets/graphsdb/mcs10/bvg/b03/mcs10_b03_s50.B08
Reading graphs...
50 :  75
50 :  75
Initializing...
maxdom : 50
D->valSize : 2500
Solving...
Blb : 2 (clique : 32)
currentSize : 32 <-- 0.101459 s
currentSize : 33 <-- 14.825204 s
currentSize : 34 <-- 155.237457 s
currentSize : 35 <-- 161.939163 s
currentSize : 36 <-- 236.054230 s
currentSize : 37 <-- 878.530762 s

TIMEOUT
maxsize : 37
nodes : 28512447.000000
filtered : 699456166.000000
time : 1000.000793
