Parameters: GAD=1 vflib=1 dir=0 label=0 lowerbound=1 fileNameGp=../../cp2016-max-common-connected-subgraph-paper/datasets/graphsdb/mcs10/rand/r005/mcs10_r005_s35.A01 fileNameGt=../../cp2016-max-common-connected-subgraph-paper/datasets/graphsdb/mcs10/rand/r005/mcs10_r005_s35.B01
Reading graphs...
35 :  60
35 :  60
Initializing...
maxdom : 35
D->valSize : 1225
Solving...
Blb : 2 (clique : 20)
currentSize : 20 <-- 0.021187 s
currentSize : 21 <-- 0.021442 s
currentSize : 22 <-- 0.021572 s
currentSize : 23 <-- 0.021739 s
currentSize : 24 <-- 0.037378 s
currentSize : 25 <-- 0.085777 s
currentSize : 26 <-- 2.121214 s

TIMEOUT
maxsize : 26
nodes : 13490681.000000
filtered : 856185705.000000
time : 1000.000427
