Parameters: GAD=1 vflib=1 dir=0 label=0 lowerbound=1 fileNameGp=../../cp2016-max-common-connected-subgraph-paper/datasets/graphsdb/mcs10/bvg/b03m/mcs10_b03m_s40.A06 fileNameGt=../../cp2016-max-common-connected-subgraph-paper/datasets/graphsdb/mcs10/bvg/b03m/mcs10_b03m_s40.B06
Reading graphs...
40 :  60
40 :  59
Initializing...
maxdom : 40
D->valSize : 1600
Solving...
Blb : 2 (clique : 24)
currentSize : 24 <-- 0.037447 s
currentSize : 25 <-- 0.037697 s
currentSize : 26 <-- 0.038500 s
currentSize : 27 <-- 0.093066 s
currentSize : 28 <-- 0.095303 s
currentSize : 29 <-- 0.122013 s
currentSize : 30 <-- 0.236139 s
currentSize : 31 <-- 242.674805 s

TIMEOUT
maxsize : 31
nodes : 6188387.000000
filtered : 570288452.000000
time : 1000.001099
