Parameters: GAD=1 vflib=1 dir=0 label=0 lowerbound=1 fileNameGp=../../cp2016-max-common-connected-subgraph-paper/datasets/graphsdb/mcs10/m2D/m2Dr6/mcs10_m2Dr6_s40.A08 fileNameGt=../../cp2016-max-common-connected-subgraph-paper/datasets/graphsdb/mcs10/m2D/m2Dr6/mcs10_m2Dr6_s40.B08
Reading graphs...
40 :  89
40 :  88
Initializing...
maxdom : 40
D->valSize : 1600
Solving...
Blb : 2 (clique : 20)
currentSize : 20 <-- 0.036022 s
currentSize : 21 <-- 0.036393 s
currentSize : 22 <-- 0.036747 s
currentSize : 23 <-- 0.037537 s
currentSize : 24 <-- 0.061858 s
currentSize : 25 <-- 2.897078 s

TIMEOUT
maxsize : 25
nodes : 29869081.000000
filtered : 1630472753.000000
time : 1000.000549
