Parameters: GAD=1 vflib=1 dir=0 label=0 lowerbound=1 fileNameGp=../../cp2016-max-common-connected-subgraph-paper/datasets/graphsdb/mcs10/rand/r01/mcs10_r01_s35.A00 fileNameGt=../../cp2016-max-common-connected-subgraph-paper/datasets/graphsdb/mcs10/rand/r01/mcs10_r01_s35.B00
Reading graphs...
35 :  114
35 :  116
Initializing...
maxdom : 35
D->valSize : 1225
Solving...
Blb : 2 (clique : 13)
currentSize : 13 <-- 0.019168 s
currentSize : 14 <-- 0.019301 s
currentSize : 15 <-- 0.019432 s
currentSize : 16 <-- 0.019517 s
currentSize : 17 <-- 0.019869 s
currentSize : 18 <-- 0.021181 s
currentSize : 19 <-- 0.082214 s
currentSize : 20 <-- 36.863823 s

TIMEOUT
maxsize : 20
nodes : 63386444.000000
filtered : 2362560476.000000
time : 1000.000000
