Parameters: GAD=1 vflib=1 dir=0 label=0 lowerbound=1 fileNameGp=../../cp2016-max-common-connected-subgraph-paper/datasets/graphsdb/mcs10/bvg/b03m/mcs10_b03m_s40.A05 fileNameGt=../../cp2016-max-common-connected-subgraph-paper/datasets/graphsdb/mcs10/bvg/b03m/mcs10_b03m_s40.B05
Reading graphs...
40 :  59
40 :  59
Initializing...
maxdom : 40
D->valSize : 1600
Solving...
Blb : 2 (clique : 24)
currentSize : 24 <-- 0.037756 s
currentSize : 25 <-- 0.038676 s
currentSize : 26 <-- 0.075926 s
currentSize : 27 <-- 0.076458 s
currentSize : 28 <-- 1.428848 s
currentSize : 29 <-- 6.705161 s
currentSize : 30 <-- 37.648952 s

TIMEOUT
maxsize : 30
nodes : 5480786.000000
filtered : 484165676.000000
time : 1000.000732
