Parameters: GAD=1 vflib=1 dir=0 label=0 lowerbound=1 fileNameGp=../../cp2016-max-common-connected-subgraph-paper/datasets/graphsdb/mcs10/rand/r005/mcs10_r005_s35.A02 fileNameGt=../../cp2016-max-common-connected-subgraph-paper/datasets/graphsdb/mcs10/rand/r005/mcs10_r005_s35.B02
Reading graphs...
35 :  60
35 :  60
Initializing...
maxdom : 35
D->valSize : 1225
Solving...
Blb : 2 (clique : 21)
currentSize : 21 <-- 0.031954 s
currentSize : 22 <-- 0.032246 s
currentSize : 23 <-- 0.032509 s
currentSize : 24 <-- 1.127589 s
currentSize : 25 <-- 3.134215 s
currentSize : 26 <-- 716.987976 s

TIMEOUT
maxsize : 26
nodes : 14803623.000000
filtered : 1039893937.000000
time : 1000.000488
