Parameters: GAD=1 vflib=1 dir=0 label=0 lowerbound=1 fileNameGp=../../cp2016-max-common-connected-subgraph-paper/datasets/graphsdb/mcs10/rand/r01/mcs10_r01_s40.A06 fileNameGt=../../cp2016-max-common-connected-subgraph-paper/datasets/graphsdb/mcs10/rand/r01/mcs10_r01_s40.B06
Reading graphs...
40 :  151
40 :  151
Initializing...
maxdom : 40
D->valSize : 1600
Solving...
Blb : 2 (clique : 15)
currentSize : 15 <-- 0.032714 s
currentSize : 16 <-- 0.033494 s
currentSize : 17 <-- 0.037324 s
currentSize : 18 <-- 0.086863 s
currentSize : 19 <-- 0.087702 s
currentSize : 20 <-- 8.332403 s
currentSize : 21 <-- 156.455536 s

TIMEOUT
maxsize : 21
nodes : 135272376.000000
filtered : 3268030478.000000
time : 1000.000000
