Parameters: GAD=1 vflib=1 dir=0 label=0 lowerbound=1 fileNameGp=../../cp2016-max-common-connected-subgraph-paper/datasets/graphsdb/mcs10/m2D/m2D/mcs10_m2D_s40.A03 fileNameGt=../../cp2016-max-common-connected-subgraph-paper/datasets/graphsdb/mcs10/m2D/m2D/mcs10_m2D_s40.B03
Reading graphs...
40 :  67
40 :  66
Initializing...
maxdom : 40
D->valSize : 1600
Solving...
Blb : 2 (clique : 23)
currentSize : 23 <-- 0.037478 s
currentSize : 24 <-- 0.037721 s
currentSize : 25 <-- 0.037792 s
currentSize : 26 <-- 0.051623 s
currentSize : 27 <-- 0.201400 s
currentSize : 28 <-- 5.584697 s
currentSize : 29 <-- 108.611275 s

TIMEOUT
maxsize : 29
nodes : 8811397.000000
filtered : 642485605.000000
time : 1000.000610
