Parameters: GAD=1 vflib=1 dir=0 label=0 lowerbound=1 fileNameGp=../../cp2016-max-common-connected-subgraph-paper/datasets/graphsdb/mcs10/rand/r02/mcs10_r02_s50.A05 fileNameGt=../../cp2016-max-common-connected-subgraph-paper/datasets/graphsdb/mcs10/rand/r02/mcs10_r02_s50.B05
Reading graphs...
50 :  445
50 :  439
Initializing...
maxdom : 50
D->valSize : 2500
Solving...
Blb : 2 (clique : 11)
currentSize : 11 <-- 0.076006 s
currentSize : 12 <-- 0.076232 s
currentSize : 13 <-- 0.076496 s
currentSize : 14 <-- 0.077087 s
currentSize : 15 <-- 0.091907 s
currentSize : 16 <-- 0.229322 s
currentSize : 17 <-- 103.358055 s

TIMEOUT
maxsize : 17
nodes : 217145990.000000
filtered : 2296859007.000000
time : 1000.000000
