Parameters: GAD=1 vflib=1 dir=0 label=0 lowerbound=1 fileNameGp=../../cp2016-max-common-connected-subgraph-paper/datasets/graphsdb/mcs10/rand/r005/mcs10_r005_s35.A09 fileNameGt=../../cp2016-max-common-connected-subgraph-paper/datasets/graphsdb/mcs10/rand/r005/mcs10_r005_s35.B09
Reading graphs...
35 :  61
35 :  60
Initializing...
maxdom : 35
D->valSize : 1225
Solving...
Blb : 2 (clique : 20)
currentSize : 20 <-- 0.021038 s
currentSize : 21 <-- 0.021241 s
currentSize : 22 <-- 0.021318 s
currentSize : 23 <-- 0.021536 s
currentSize : 24 <-- 0.055590 s
currentSize : 25 <-- 1.761613 s

TIMEOUT
maxsize : 25
nodes : 20280266.000000
filtered : 1230424820.000000
time : 1000.000122
