Parameters: GAD=1 vflib=1 dir=0 label=0 lowerbound=1 fileNameGp=../../cp2016-max-common-connected-subgraph-paper/datasets/graphsdb/mcs10/rand/r02/mcs10_r02_s30.A09 fileNameGt=../../cp2016-max-common-connected-subgraph-paper/datasets/graphsdb/mcs10/rand/r02/mcs10_r02_s30.B09
Reading graphs...
30 :  158
30 :  156
Initializing...
maxdom : 30
D->valSize : 900
Solving...
Blb : 2 (clique : 10)
currentSize : 10 <-- 0.016368 s
currentSize : 11 <-- 0.016535 s
currentSize : 12 <-- 0.017259 s
currentSize : 13 <-- 0.084589 s
currentSize : 14 <-- 6.365580 s

maxsize : 14
nodes : 107544875.000000
filtered : 1520455821.000000
time : 468.145386
