Parameters: GAD=1 vflib=1 dir=0 label=0 lowerbound=1 fileNameGp=../../cp2016-max-common-connected-subgraph-paper/datasets/graphsdb/mcs10/m2D/m2Dr4/mcs10_m2Dr4_s40.A04 fileNameGt=../../cp2016-max-common-connected-subgraph-paper/datasets/graphsdb/mcs10/m2D/m2Dr4/mcs10_m2Dr4_s40.B04
Reading graphs...
40 :  82
40 :  80
Initializing...
maxdom : 40
D->valSize : 1600
Solving...
Blb : 2 (clique : 20)
currentSize : 20 <-- 0.036215 s
currentSize : 21 <-- 0.036461 s
currentSize : 22 <-- 0.036544 s
currentSize : 23 <-- 0.037335 s
currentSize : 24 <-- 0.044082 s
currentSize : 25 <-- 0.174851 s
currentSize : 26 <-- 21.950136 s
currentSize : 27 <-- 21.978092 s

TIMEOUT
maxsize : 27
nodes : 14991899.000000
filtered : 1068185636.000000
time : 1000.000183
