Parameters: GAD=1 vflib=1 dir=0 label=0 lowerbound=1 fileNameGp=../../cp2016-max-common-connected-subgraph-paper/datasets/graphsdb/mcs10/rand/r01/mcs10_r01_s30.A00 fileNameGt=../../cp2016-max-common-connected-subgraph-paper/datasets/graphsdb/mcs10/rand/r01/mcs10_r01_s30.B00
Reading graphs...
30 :  83
30 :  85
Initializing...
maxdom : 30
D->valSize : 900
Solving...
Blb : 2 (clique : 13)
currentSize : 13 <-- 0.010315 s
currentSize : 14 <-- 0.010459 s
currentSize : 15 <-- 0.010727 s
currentSize : 16 <-- 0.023293 s
currentSize : 17 <-- 1.269748 s
currentSize : 18 <-- 4.180735 s

maxsize : 18
nodes : 54271494.000000
filtered : 1649903011.000000
time : 624.685303
