Parameters: GAD=1 vflib=1 dir=0 label=0 lowerbound=1 fileNameGp=../../cp2016-max-common-connected-subgraph-paper/datasets/graphsdb/mcs10/m2D/m2D/mcs10_m2D_s40.A05 fileNameGt=../../cp2016-max-common-connected-subgraph-paper/datasets/graphsdb/mcs10/m2D/m2D/mcs10_m2D_s40.B05
Reading graphs...
40 :  66
40 :  67
Initializing...
maxdom : 40
D->valSize : 1600
Solving...
Blb : 2 (clique : 23)
currentSize : 23 <-- 0.037375 s
currentSize : 24 <-- 0.037634 s
currentSize : 25 <-- 0.037841 s
currentSize : 26 <-- 0.055643 s
currentSize : 27 <-- 0.074501 s
currentSize : 28 <-- 34.104057 s

TIMEOUT
maxsize : 28
nodes : 19802742.000000
filtered : 1336804340.000000
time : 1000.000183
