Parameters: GAD=1 vflib=1 dir=0 label=0 lowerbound=1 fileNameGp=../../cp2016-max-common-connected-subgraph-paper/datasets/graphsdb/mcs10/rand/r005/mcs10_r005_s40.A06 fileNameGt=../../cp2016-max-common-connected-subgraph-paper/datasets/graphsdb/mcs10/rand/r005/mcs10_r005_s40.B06
Reading graphs...
40 :  79
40 :  80
Initializing...
maxdom : 40
D->valSize : 1600
Solving...
Blb : 2 (clique : 22)
currentSize : 22 <-- 0.063392 s
currentSize : 23 <-- 0.067025 s
currentSize : 24 <-- 0.082670 s
currentSize : 25 <-- 0.100376 s
currentSize : 26 <-- 5.038627 s
currentSize : 27 <-- 6.827786 s
currentSize : 28 <-- 322.188873 s

TIMEOUT
maxsize : 28
nodes : 17173051.000000
filtered : 1039085101.000000
time : 1000.000305
