Parameters: GAD=1 vflib=1 dir=0 label=0 lowerbound=1 fileNameGp=../../cp2016-max-common-connected-subgraph-paper/datasets/graphsdb/mcs10/rand/r005/mcs10_r005_s35.A03 fileNameGt=../../cp2016-max-common-connected-subgraph-paper/datasets/graphsdb/mcs10/rand/r005/mcs10_r005_s35.B03
Reading graphs...
35 :  61
35 :  60
Initializing...
maxdom : 35
D->valSize : 1225
Solving...
Blb : 2 (clique : 20)
currentSize : 20 <-- 0.021977 s
currentSize : 21 <-- 0.022183 s
currentSize : 22 <-- 0.022326 s
currentSize : 23 <-- 0.033132 s
currentSize : 24 <-- 2.729708 s
currentSize : 25 <-- 2.755083 s

TIMEOUT
maxsize : 25
nodes : 23991154.000000
filtered : 1508593529.000000
time : 1000.000366
