Parameters: GAD=1 vflib=1 dir=0 label=0 lowerbound=1 fileNameGp=../../cp2016-max-common-connected-subgraph-paper/datasets/graphsdb/mcs10/rand/r005/mcs10_r005_s35.A05 fileNameGt=../../cp2016-max-common-connected-subgraph-paper/datasets/graphsdb/mcs10/rand/r005/mcs10_r005_s35.B05
Reading graphs...
35 :  61
35 :  59
Initializing...
maxdom : 35
D->valSize : 1225
Solving...
Blb : 2 (clique : 19)
currentSize : 19 <-- 0.032076 s
currentSize : 20 <-- 0.032593 s
currentSize : 21 <-- 0.032895 s
currentSize : 22 <-- 0.033182 s
currentSize : 23 <-- 0.033678 s
currentSize : 24 <-- 0.045944 s
currentSize : 25 <-- 0.459258 s
currentSize : 26 <-- 8.263024 s
currentSize : 27 <-- 534.531982 s

maxsize : 27
nodes : 9328012.000000
filtered : 660184584.000000
time : 710.615417
