Parameters: GAD=1 vflib=1 dir=0 label=0 lowerbound=1 fileNameGp=../../cp2016-max-common-connected-subgraph-paper/datasets/graphsdb/mcs10/m2D/m2Dr6/mcs10_m2Dr6_s40.A00 fileNameGt=../../cp2016-max-common-connected-subgraph-paper/datasets/graphsdb/mcs10/m2D/m2Dr6/mcs10_m2Dr6_s40.B00
Reading graphs...
40 :  89
40 :  87
Initializing...
maxdom : 40
D->valSize : 1600
Solving...
Blb : 2 (clique : 19)
currentSize : 19 <-- 0.035888 s
currentSize : 20 <-- 0.036484 s
currentSize : 21 <-- 0.039979 s
currentSize : 22 <-- 0.040127 s
currentSize : 23 <-- 0.083956 s
currentSize : 24 <-- 0.120383 s
currentSize : 25 <-- 1.626127 s
currentSize : 26 <-- 106.986137 s

TIMEOUT
maxsize : 26
nodes : 32555149.000000
filtered : 1806298167.000000
time : 1000.000916
