Parameters: GAD=1 vflib=1 dir=0 label=0 lowerbound=1 fileNameGp=../../cp2016-max-common-connected-subgraph-paper/datasets/graphsdb/mcs10/bvg/b03/mcs10_b03_s40.A05 fileNameGt=../../cp2016-max-common-connected-subgraph-paper/datasets/graphsdb/mcs10/bvg/b03/mcs10_b03_s40.B05
Reading graphs...
40 :  60
40 :  59
Initializing...
maxdom : 40
D->valSize : 1600
Solving...
Blb : 2 (clique : 24)
currentSize : 24 <-- 0.038964 s
currentSize : 25 <-- 0.039265 s
currentSize : 26 <-- 0.040230 s
currentSize : 27 <-- 0.042135 s
currentSize : 28 <-- 0.230444 s
currentSize : 29 <-- 1.102182 s
currentSize : 30 <-- 2.283163 s

TIMEOUT
maxsize : 30
nodes : 7440250.000000
filtered : 678838161.000000
time : 1000.000183
