Parameters: GAD=1 vflib=1 dir=0 label=0 lowerbound=1 fileNameGp=../../cp2016-max-common-connected-subgraph-paper/datasets/graphsdb/mcs10/m2D/m2D/mcs10_m2D_s50.A04 fileNameGt=../../cp2016-max-common-connected-subgraph-paper/datasets/graphsdb/mcs10/m2D/m2D/mcs10_m2D_s50.B04
Reading graphs...
50 :  84
50 :  84
Initializing...
maxdom : 50
D->valSize : 2500
Solving...
Blb : 2 (clique : 29)
currentSize : 29 <-- 0.113503 s
currentSize : 30 <-- 0.113960 s
currentSize : 31 <-- 0.114375 s
currentSize : 32 <-- 0.409577 s
currentSize : 33 <-- 68.861282 s
currentSize : 34 <-- 940.775146 s

TIMEOUT
maxsize : 34
nodes : 23621342.000000
filtered : 1161554138.000000
time : 1000.000427
