Parameters: GAD=1 vflib=1 dir=0 label=0 lowerbound=1 fileNameGp=../../cp2016-max-common-connected-subgraph-paper/datasets/graphsdb/mcs10/rand/r005/mcs10_r005_s40.A08 fileNameGt=../../cp2016-max-common-connected-subgraph-paper/datasets/graphsdb/mcs10/rand/r005/mcs10_r005_s40.B08
Reading graphs...
40 :  81
40 :  79
Initializing...
maxdom : 40
D->valSize : 1600
Solving...
Blb : 2 (clique : 20)
currentSize : 20 <-- 0.035770 s
currentSize : 21 <-- 0.036069 s
currentSize : 22 <-- 0.042882 s
currentSize : 23 <-- 0.043024 s
currentSize : 24 <-- 0.088740 s
currentSize : 25 <-- 1.205233 s
currentSize : 26 <-- 139.731567 s

TIMEOUT
maxsize : 26
nodes : 16265779.000000
filtered : 823019489.000000
time : 1000.000488
