Parameters: GAD=1 vflib=1 dir=0 label=0 lowerbound=1 fileNameGp=../../cp2016-max-common-connected-subgraph-paper/datasets/graphsdb/mcs10/rand/r005/mcs10_r005_s50.A05 fileNameGt=../../cp2016-max-common-connected-subgraph-paper/datasets/graphsdb/mcs10/rand/r005/mcs10_r005_s50.B05
Reading graphs...
50 :  121
50 :  124
Initializing...
maxdom : 50
D->valSize : 2500
Solving...
Blb : 2 (clique : 24)
currentSize : 24 <-- 0.096296 s
currentSize : 25 <-- 0.096684 s
currentSize : 26 <-- 0.096807 s
currentSize : 27 <-- 0.098700 s
currentSize : 28 <-- 0.099856 s
currentSize : 29 <-- 0.547311 s
currentSize : 30 <-- 4.740049 s
currentSize : 31 <-- 233.013428 s
currentSize : 32 <-- 402.640991 s

TIMEOUT
maxsize : 32
nodes : 28889382.000000
filtered : 1459440588.000000
time : 1000.000183
