Parameters: GAD=1 vflib=1 dir=0 label=0 lowerbound=1 fileNameGp=../../cp2016-max-common-connected-subgraph-paper/datasets/graphsdb/mcs10/m2D/m2Dr4/mcs10_m2Dr4_s40.A07 fileNameGt=../../cp2016-max-common-connected-subgraph-paper/datasets/graphsdb/mcs10/m2D/m2Dr4/mcs10_m2Dr4_s40.B07
Reading graphs...
40 :  81
40 :  81
Initializing...
maxdom : 40
D->valSize : 1600
Solving...
Blb : 2 (clique : 22)
currentSize : 22 <-- 0.036469 s
currentSize : 23 <-- 0.037192 s
currentSize : 24 <-- 0.038912 s
currentSize : 25 <-- 0.076552 s
currentSize : 26 <-- 2.170962 s
currentSize : 27 <-- 42.040611 s

TIMEOUT
maxsize : 27
nodes : 19258572.000000
filtered : 1202733854.000000
time : 1000.000000
