Parameters: GAD=1 vflib=1 dir=0 label=0 lowerbound=1 fileNameGp=../../cp2016-max-common-connected-subgraph-paper/datasets/graphsdb/mcs10/rand/r005/mcs10_r005_s30.A02 fileNameGt=../../cp2016-max-common-connected-subgraph-paper/datasets/graphsdb/mcs10/rand/r005/mcs10_r005_s30.B02
Reading graphs...
30 :  44
30 :  45
Initializing...
maxdom : 30
D->valSize : 900
Solving...
Blb : 2 (clique : 18)
currentSize : 18 <-- 0.011555 s
currentSize : 19 <-- 0.011704 s
currentSize : 20 <-- 0.011821 s
currentSize : 21 <-- 0.014109 s
currentSize : 22 <-- 7.594932 s
currentSize : 23 <-- 21.491709 s

maxsize : 23
nodes : 3439271.000000
filtered : 214621875.000000
time : 190.606659
