Parameters: GAD=1 vflib=1 dir=0 label=0 lowerbound=1 fileNameGp=../../cp2016-max-common-connected-subgraph-paper/datasets/graphsdb/mcs10/rand/r005/mcs10_r005_s40.A04 fileNameGt=../../cp2016-max-common-connected-subgraph-paper/datasets/graphsdb/mcs10/rand/r005/mcs10_r005_s40.B04
Reading graphs...
40 :  81
40 :  79
Initializing...
maxdom : 40
D->valSize : 1600
Solving...
Blb : 2 (clique : 22)
currentSize : 22 <-- 0.063182 s
currentSize : 23 <-- 0.063451 s
currentSize : 24 <-- 0.065738 s
currentSize : 25 <-- 0.081678 s
currentSize : 26 <-- 0.591872 s
currentSize : 27 <-- 126.258995 s

TIMEOUT
maxsize : 27
nodes : 23679275.000000
filtered : 1357347348.000000
time : 1000.000183
