Parameters: GAD=1 vflib=1 dir=0 label=0 lowerbound=1 fileNameGp=../../cp2016-max-common-connected-subgraph-paper/datasets/graphsdb/mcs10/rand/r01/mcs10_r01_s30.A02 fileNameGt=../../cp2016-max-common-connected-subgraph-paper/datasets/graphsdb/mcs10/rand/r01/mcs10_r01_s30.B02
Reading graphs...
30 :  84
30 :  84
Initializing...
maxdom : 30
D->valSize : 900
Solving...
Blb : 3 (clique : 14)
currentSize : 14 <-- 0.010420 s
currentSize : 15 <-- 0.010608 s
currentSize : 16 <-- 0.010689 s
currentSize : 17 <-- 0.183846 s
currentSize : 18 <-- 0.800562 s
currentSize : 19 <-- 233.647095 s

maxsize : 19
nodes : 36473448.000000
filtered : 1207904928.000000
time : 409.206390
