Parameters: GAD=1 vflib=1 dir=0 label=0 lowerbound=1 fileNameGp=../../cp2016-max-common-connected-subgraph-paper/datasets/graphsdb/mcs10/bvg/b03/mcs10_b03_s50.A00 fileNameGt=../../cp2016-max-common-connected-subgraph-paper/datasets/graphsdb/mcs10/bvg/b03/mcs10_b03_s50.B00
Reading graphs...
50 :  75
50 :  74
Initializing...
maxdom : 50
D->valSize : 2500
Solving...
Blb : 2 (clique : 30)
currentSize : 30 <-- 0.103278 s
currentSize : 31 <-- 0.103699 s
currentSize : 32 <-- 1.142184 s
currentSize : 33 <-- 7.350873 s
currentSize : 34 <-- 10.025745 s
currentSize : 35 <-- 19.623199 s
currentSize : 36 <-- 20.152008 s

TIMEOUT
maxsize : 36
nodes : 13109101.000000
filtered : 774166645.000000
time : 1000.000732
