Parameters: GAD=1 vflib=1 dir=0 label=0 lowerbound=1 fileNameGp=../../cp2016-max-common-connected-subgraph-paper/datasets/graphsdb/mcs10/rand/r005/mcs10_r005_s35.A04 fileNameGt=../../cp2016-max-common-connected-subgraph-paper/datasets/graphsdb/mcs10/rand/r005/mcs10_r005_s35.B04
Reading graphs...
35 :  58
35 :  60
Initializing...
maxdom : 35
D->valSize : 1225
Solving...
Blb : 2 (clique : 20)
currentSize : 20 <-- 0.032104 s
currentSize : 21 <-- 0.037098 s
currentSize : 22 <-- 0.258837 s
currentSize : 23 <-- 1.677161 s
currentSize : 24 <-- 3.284628 s
currentSize : 25 <-- 100.470589 s
currentSize : 26 <-- 465.429871 s

TIMEOUT
maxsize : 26
nodes : 25838242.000000
filtered : 1841422699.000000
time : 1000.000061
