Parameters: GAD=1 vflib=1 dir=0 label=0 lowerbound=1 fileNameGp=../../cp2016-max-common-connected-subgraph-paper/datasets/graphsdb/mcs10/rand/r005/mcs10_r005_s40.A00 fileNameGt=../../cp2016-max-common-connected-subgraph-paper/datasets/graphsdb/mcs10/rand/r005/mcs10_r005_s40.B00
Reading graphs...
40 :  78
40 :  79
Initializing...
maxdom : 40
D->valSize : 1600
Solving...
Blb : 2 (clique : 21)
currentSize : 21 <-- 0.064221 s
currentSize : 23 <-- 0.064573 s
currentSize : 24 <-- 0.091265 s
currentSize : 25 <-- 0.140913 s
currentSize : 26 <-- 0.493284 s
currentSize : 27 <-- 63.561016 s
currentSize : 28 <-- 360.001099 s

TIMEOUT
maxsize : 28
nodes : 17778647.000000
filtered : 1142707810.000000
time : 1000.000244
