Parameters: GAD=1 vflib=1 dir=0 label=0 lowerbound=1 fileNameGp=../../cp2016-max-common-connected-subgraph-paper/datasets/graphsdb/mcs10/rand/r01/mcs10_r01_s35.A06 fileNameGt=../../cp2016-max-common-connected-subgraph-paper/datasets/graphsdb/mcs10/rand/r01/mcs10_r01_s35.B06
Reading graphs...
35 :  114
35 :  116
Initializing...
maxdom : 35
D->valSize : 1225
Solving...
Blb : 2 (clique : 14)
currentSize : 14 <-- 0.019048 s
currentSize : 16 <-- 0.019191 s
currentSize : 17 <-- 0.022369 s
currentSize : 18 <-- 0.112383 s
currentSize : 19 <-- 0.378545 s
currentSize : 20 <-- 37.868671 s

TIMEOUT
maxsize : 20
nodes : 81932863.000000
filtered : 2780352422.000000
time : 1000.000000
