Parameters: GAD=1 vflib=1 dir=0 label=0 lowerbound=1 fileNameGp=../../cp2016-max-common-connected-subgraph-paper/datasets/graphsdb/mcs10/m2D/m2D/mcs10_m2D_s50.A08 fileNameGt=../../cp2016-max-common-connected-subgraph-paper/datasets/graphsdb/mcs10/m2D/m2D/mcs10_m2D_s50.B08
Reading graphs...
50 :  82
50 :  84
Initializing...
maxdom : 50
D->valSize : 2500
Solving...
Blb : 2 (clique : 29)
currentSize : 29 <-- 0.101034 s
currentSize : 30 <-- 0.101632 s
currentSize : 31 <-- 0.104415 s
currentSize : 32 <-- 36.860588 s
currentSize : 33 <-- 36.863297 s
currentSize : 34 <-- 39.914440 s
currentSize : 35 <-- 46.140961 s
currentSize : 36 <-- 52.149647 s
currentSize : 37 <-- 584.377869 s

TIMEOUT
maxsize : 37
nodes : 17074179.000000
filtered : 951650540.000000
time : 1000.001343
