Parameters: GAD=1 vflib=1 dir=0 label=0 lowerbound=1 fileNameGp=../../cp2016-max-common-connected-subgraph-paper/datasets/graphsdb/mcs10/bvg/b03m/mcs10_b03m_s40.A03 fileNameGt=../../cp2016-max-common-connected-subgraph-paper/datasets/graphsdb/mcs10/bvg/b03m/mcs10_b03m_s40.B03
Reading graphs...
40 :  60
40 :  59
Initializing...
maxdom : 40
D->valSize : 1600
Solving...
Blb : 2 (clique : 24)
currentSize : 24 <-- 0.039078 s
currentSize : 25 <-- 0.039339 s
currentSize : 26 <-- 0.040700 s
currentSize : 27 <-- 0.056483 s
currentSize : 28 <-- 0.162363 s
currentSize : 29 <-- 2.835210 s
currentSize : 30 <-- 12.210741 s
currentSize : 31 <-- 732.528442 s

TIMEOUT
maxsize : 31
nodes : 8314382.000000
filtered : 732454802.000000
time : 1000.000244
