Parameters: GAD=1 vflib=1 dir=0 label=0 lowerbound=1 fileNameGp=../../cp2016-max-common-connected-subgraph-paper/datasets/graphsdb/mcs10/bvg/b03/mcs10_b03_s50.A06 fileNameGt=../../cp2016-max-common-connected-subgraph-paper/datasets/graphsdb/mcs10/bvg/b03/mcs10_b03_s50.B06
Reading graphs...
50 :  74
50 :  75
Initializing...
maxdom : 50
D->valSize : 2500
Solving...
Blb : 2 (clique : 30)
currentSize : 30 <-- 0.102988 s
currentSize : 32 <-- 0.103405 s
currentSize : 33 <-- 0.104219 s
currentSize : 34 <-- 12.785767 s
currentSize : 35 <-- 12.957990 s
currentSize : 36 <-- 102.025551 s

TIMEOUT
maxsize : 36
nodes : 17049079.000000
filtered : 875437662.000000
time : 1000.000183
