Parameters: GAD=1 vflib=1 dir=0 label=0 lowerbound=1 fileNameGp=../../cp2016-max-common-connected-subgraph-paper/datasets/graphsdb/mcs10/rand/r005/mcs10_r005_s30.A06 fileNameGt=../../cp2016-max-common-connected-subgraph-paper/datasets/graphsdb/mcs10/rand/r005/mcs10_r005_s30.B06
Reading graphs...
30 :  44
30 :  45
Initializing...
maxdom : 30
D->valSize : 900
Solving...
Blb : 2 (clique : 18)
currentSize : 18 <-- 0.013888 s
currentSize : 19 <-- 0.014320 s
currentSize : 20 <-- 0.027045 s
currentSize : 21 <-- 0.184427 s
currentSize : 22 <-- 4.013306 s

maxsize : 22
nodes : 4997404.000000
filtered : 255910172.000000
time : 195.506805
