Parameters: GAD=1 vflib=1 dir=0 label=0 lowerbound=1 fileNameGp=../../cp2016-max-common-connected-subgraph-paper/datasets/graphsdb/mcs10/m2D/m2D/mcs10_m2D_s40.A08 fileNameGt=../../cp2016-max-common-connected-subgraph-paper/datasets/graphsdb/mcs10/m2D/m2D/mcs10_m2D_s40.B08
Reading graphs...
40 :  67
40 :  67
Initializing...
maxdom : 40
D->valSize : 1600
Solving...
Blb : 2 (clique : 20)
currentSize : 20 <-- 0.037158 s
currentSize : 21 <-- 0.037392 s
currentSize : 22 <-- 0.039654 s
currentSize : 23 <-- 0.046124 s
currentSize : 24 <-- 0.046298 s
currentSize : 25 <-- 0.046429 s
currentSize : 26 <-- 0.113073 s
currentSize : 27 <-- 0.369591 s
currentSize : 28 <-- 6.940003 s
currentSize : 29 <-- 151.305466 s

TIMEOUT
maxsize : 29
nodes : 15321168.000000
filtered : 1257997846.000000
time : 1000.000000
