Parameters: GAD=1 vflib=1 dir=0 label=0 lowerbound=1 fileNameGp=../../cp2016-max-common-connected-subgraph-paper/datasets/graphsdb/mcs10/bvg/b03/mcs10_b03_s40.A04 fileNameGt=../../cp2016-max-common-connected-subgraph-paper/datasets/graphsdb/mcs10/bvg/b03/mcs10_b03_s40.B04
Reading graphs...
40 :  58
40 :  59
Initializing...
maxdom : 40
D->valSize : 1600
Solving...
Blb : 2 (clique : 26)
currentSize : 26 <-- 0.037752 s
currentSize : 27 <-- 0.040319 s
currentSize : 28 <-- 0.177108 s
currentSize : 29 <-- 0.738400 s
currentSize : 30 <-- 0.912020 s
currentSize : 31 <-- 267.328827 s

TIMEOUT
maxsize : 31
nodes : 7219725.000000
filtered : 701936643.000000
time : 1000.000000
