Parameters: GAD=1 vflib=1 dir=0 label=0 lowerbound=1 fileNameGp=../../cp2016-max-common-connected-subgraph-paper/datasets/graphsdb/mcs10/m2D/m2Dr6/mcs10_m2Dr6_s40.A01 fileNameGt=../../cp2016-max-common-connected-subgraph-paper/datasets/graphsdb/mcs10/m2D/m2Dr6/mcs10_m2Dr6_s40.B01
Reading graphs...
40 :  87
40 :  88
Initializing...
maxdom : 40
D->valSize : 1600
Solving...
Blb : 5 (clique : 20)
currentSize : 20 <-- 0.035982 s
currentSize : 21 <-- 0.036250 s
currentSize : 22 <-- 0.046496 s
currentSize : 23 <-- 0.048251 s
currentSize : 24 <-- 0.077677 s
currentSize : 25 <-- 7.476140 s
currentSize : 26 <-- 29.430592 s

TIMEOUT
maxsize : 26
nodes : 30876709.000000
filtered : 1716458891.000000
time : 1000.000000
