Parameters: GAD=1 vflib=1 dir=0 label=0 lowerbound=1 fileNameGp=../../cp2016-max-common-connected-subgraph-paper/datasets/graphsdb/mcs30/m3D/m3Dr4/mcs30_m3Dr4_s40.A08 fileNameGt=../../cp2016-max-common-connected-subgraph-paper/datasets/graphsdb/mcs30/m3D/m3Dr4/mcs30_m3Dr4_s40.B08
Reading graphs...
40 :  97
40 :  93
Initializing...
maxdom : 40
D->valSize : 1600
Solving...
Blb : 2 (clique : 20)
currentSize : 20 <-- 0.062023 s
currentSize : 21 <-- 0.062687 s
currentSize : 22 <-- 0.071711 s
currentSize : 23 <-- 0.243006 s
currentSize : 24 <-- 2.741059 s
currentSize : 25 <-- 779.729004 s

TIMEOUT
maxsize : 25
nodes : 35208020.000000
filtered : 1731963180.000000
time : 1000.000000
