Parameters: GAD=1 vflib=1 dir=0 label=0 lowerbound=1 fileNameGp=../../cp2016-max-common-connected-subgraph-paper/datasets/graphsdb/mcs30/m4D/m4D/mcs30_m4D_s50.A01 fileNameGt=../../cp2016-max-common-connected-subgraph-paper/datasets/graphsdb/mcs30/m4D/m4D/mcs30_m4D_s50.B01
Reading graphs...
50 :  87
50 :  87
Initializing...
maxdom : 50
D->valSize : 2500
Solving...
Blb : 2 (clique : 29)
currentSize : 29 <-- 0.167806 s
currentSize : 30 <-- 124.218102 s
currentSize : 31 <-- 124.664879 s
currentSize : 32 <-- 124.921730 s
currentSize : 33 <-- 127.357735 s
currentSize : 34 <-- 141.484909 s
currentSize : 35 <-- 213.711349 s
currentSize : 36 <-- 214.524155 s

TIMEOUT
maxsize : 36
nodes : 34868392.000000
filtered : 761859753.000000
time : 1000.000977
