Parameters: GAD=1 vflib=1 dir=0 label=0 lowerbound=1 fileNameGp=../../cp2016-max-common-connected-subgraph-paper/datasets/graphsdb/mcs30/bvg/b09/mcs30_b09_s40.A03 fileNameGt=../../cp2016-max-common-connected-subgraph-paper/datasets/graphsdb/mcs30/bvg/b09/mcs30_b09_s40.B03
Reading graphs...
40 :  175
40 :  175
Initializing...
maxdom : 40
D->valSize : 1600
Solving...
Blb : 2 (clique : 15)
currentSize : 15 <-- 0.031893 s
currentSize : 16 <-- 0.033349 s
currentSize : 17 <-- 0.035979 s
currentSize : 18 <-- 0.173672 s
currentSize : 19 <-- 11.974089 s
currentSize : 20 <-- 12.493673 s

TIMEOUT
maxsize : 20
nodes : 123963876.000000
filtered : 3027502933.000000
time : 1000.000000
