Parameters: GAD=1 vflib=1 dir=0 label=0 lowerbound=1 fileNameGp=../../cp2016-max-common-connected-subgraph-paper/datasets/graphsdb/mcs30/rand/r005/mcs30_r005_s40.A09 fileNameGt=../../cp2016-max-common-connected-subgraph-paper/datasets/graphsdb/mcs30/rand/r005/mcs30_r005_s40.B09
Reading graphs...
40 :  81
40 :  82
Initializing...
maxdom : 40
D->valSize : 1600
Solving...
Blb : 2 (clique : 20)
currentSize : 20 <-- 0.057355 s
currentSize : 22 <-- 0.057557 s
currentSize : 23 <-- 0.058071 s
currentSize : 24 <-- 0.061004 s
currentSize : 25 <-- 0.131287 s
currentSize : 26 <-- 3.421965 s
currentSize : 27 <-- 6.075874 s

TIMEOUT
maxsize : 27
nodes : 23578811.000000
filtered : 1387122030.000000
time : 1000.000061
