Parameters: GAD=1 vflib=1 dir=0 label=0 lowerbound=1 fileNameGp=../../cp2016-max-common-connected-subgraph-paper/datasets/graphsdb/mcs30/rand/r005/mcs30_r005_s35.A07 fileNameGt=../../cp2016-max-common-connected-subgraph-paper/datasets/graphsdb/mcs30/rand/r005/mcs30_r005_s35.B07
Reading graphs...
35 :  62
35 :  62
Initializing...
maxdom : 35
D->valSize : 1225
Solving...
Blb : 2 (clique : 20)
currentSize : 20 <-- 0.021459 s
currentSize : 21 <-- 0.021676 s
currentSize : 22 <-- 0.021800 s
currentSize : 23 <-- 0.021929 s
currentSize : 24 <-- 2.648120 s
currentSize : 25 <-- 36.039936 s

TIMEOUT
maxsize : 25
nodes : 17423241.000000
filtered : 1106304227.000000
time : 1000.000366
