Parameters: GAD=1 vflib=1 dir=0 label=0 lowerbound=1 fileNameGp=../../cp2016-max-common-connected-subgraph-paper/datasets/graphsdb/mcs30/bvg/b09/mcs30_b09_s50.A08 fileNameGt=../../cp2016-max-common-connected-subgraph-paper/datasets/graphsdb/mcs30/bvg/b09/mcs30_b09_s50.B08
Reading graphs...
50 :  221
50 :  218
Initializing...
maxdom : 50
D->valSize : 2500
Solving...
Blb : 2 (clique : 19)
currentSize : 19 <-- 0.086679 s
currentSize : 20 <-- 0.098971 s
currentSize : 21 <-- 0.208549 s
currentSize : 22 <-- 0.643488 s
currentSize : 23 <-- 9.839434 s
currentSize : 24 <-- 207.646149 s

TIMEOUT
maxsize : 24
nodes : 86186966.000000
filtered : 2472141941.000000
time : 1000.000000
