Parameters: GAD=1 vflib=1 dir=0 label=0 lowerbound=1 fileNameGp=../../cp2016-max-common-connected-subgraph-paper/datasets/graphsdb/mcs30/m2D/m2D/mcs30_m2D_s50.A09 fileNameGt=../../cp2016-max-common-connected-subgraph-paper/datasets/graphsdb/mcs30/m2D/m2D/mcs30_m2D_s50.B09
Reading graphs...
50 :  85
50 :  84
Initializing...
maxdom : 50
D->valSize : 2500
Solving...
Blb : 2 (clique : 29)
currentSize : 29 <-- 0.097812 s
currentSize : 30 <-- 0.098214 s
currentSize : 31 <-- 16.791187 s
currentSize : 32 <-- 36.766640 s
currentSize : 33 <-- 36.820591 s
currentSize : 34 <-- 270.867279 s
currentSize : 35 <-- 679.324829 s

TIMEOUT
maxsize : 35
nodes : 33173214.000000
filtered : 1646300540.000000
time : 1000.000061
