Parameters: GAD=1 vflib=1 dir=0 label=0 lowerbound=1 fileNameGp=../../cp2016-max-common-connected-subgraph-paper/datasets/graphsdb/mcs30/rand/r01/mcs30_r01_s50.A06 fileNameGt=../../cp2016-max-common-connected-subgraph-paper/datasets/graphsdb/mcs30/rand/r01/mcs30_r01_s50.B06
Reading graphs...
50 :  235
50 :  226
Initializing...
maxdom : 50
D->valSize : 2500
Solving...
Blb : 2 (clique : 17)
currentSize : 17 <-- 0.147301 s
currentSize : 18 <-- 0.148247 s
currentSize : 19 <-- 0.150237 s
currentSize : 20 <-- 0.170811 s
currentSize : 21 <-- 0.202175 s
currentSize : 22 <-- 2.010091 s
currentSize : 23 <-- 458.314240 s

TIMEOUT
maxsize : 23
nodes : 134895639.000000
filtered : 3090485986.000000
time : 1000.000000
