Parameters: GAD=1 vflib=1 dir=0 label=0 lowerbound=1 fileNameGp=../../cp2016-max-common-connected-subgraph-paper/datasets/graphsdb/mcs30/bvg/b06/mcs30_b06_s40.A08 fileNameGt=../../cp2016-max-common-connected-subgraph-paper/datasets/graphsdb/mcs30/bvg/b06/mcs30_b06_s40.B08
Reading graphs...
40 :  119
40 :  117
Initializing...
maxdom : 40
D->valSize : 1600
Solving...
Blb : 2 (clique : 19)
currentSize : 19 <-- 0.034480 s
currentSize : 20 <-- 0.034988 s
currentSize : 21 <-- 0.035051 s
currentSize : 22 <-- 0.036501 s
currentSize : 23 <-- 1.073505 s
currentSize : 24 <-- 2.710417 s

TIMEOUT
maxsize : 24
nodes : 33564053.000000
filtered : 1798669710.000000
time : 1000.000000
