Parameters: GAD=1 vflib=1 dir=0 label=0 lowerbound=1 fileNameGp=../../cp2016-max-common-connected-subgraph-paper/datasets/graphsdb/mcs30/bvg/b03/mcs30_b03_s30.A02 fileNameGt=../../cp2016-max-common-connected-subgraph-paper/datasets/graphsdb/mcs30/bvg/b03/mcs30_b03_s30.B02
Reading graphs...
30 :  45
30 :  45
Initializing...
maxdom : 30
D->valSize : 900
Solving...
Blb : 2 (clique : 17)
currentSize : 17 <-- 0.020187 s
currentSize : 18 <-- 0.020492 s
currentSize : 19 <-- 0.022244 s
currentSize : 20 <-- 0.024988 s
currentSize : 21 <-- 0.311715 s
currentSize : 22 <-- 0.315972 s
currentSize : 23 <-- 5.423454 s

maxsize : 23
nodes : 2275040.000000
filtered : 141402051.000000
time : 132.865494
