Parameters: GAD=1 vflib=1 dir=0 label=0 lowerbound=1 fileNameGp=../../cp2016-max-common-connected-subgraph-paper/datasets/graphsdb/mcs30/rand/r01/mcs30_r01_s40.A02 fileNameGt=../../cp2016-max-common-connected-subgraph-paper/datasets/graphsdb/mcs30/rand/r01/mcs30_r01_s40.B02
Reading graphs...
40 :  149
40 :  146
Initializing...
maxdom : 40
D->valSize : 1600
Solving...
Blb : 2 (clique : 17)
currentSize : 17 <-- 0.057999 s
currentSize : 18 <-- 0.058287 s
currentSize : 19 <-- 0.058318 s
currentSize : 20 <-- 0.128098 s
currentSize : 21 <-- 0.233165 s
currentSize : 22 <-- 56.293770 s

TIMEOUT
maxsize : 22
nodes : 69925749.000000
filtered : 2958867253.000000
time : 1000.000061
