Parameters: GAD=1 vflib=1 dir=0 label=0 lowerbound=1 fileNameGp=../../cp2016-max-common-connected-subgraph-paper/datasets/graphsdb/mcs30/bvg/b03/mcs30_b03_s30.A08 fileNameGt=../../cp2016-max-common-connected-subgraph-paper/datasets/graphsdb/mcs30/bvg/b03/mcs30_b03_s30.B08
Reading graphs...
30 :  45
30 :  45
Initializing...
maxdom : 30
D->valSize : 900
Solving...
Blb : 2 (clique : 18)
currentSize : 18 <-- 0.011385 s
currentSize : 19 <-- 0.011707 s
currentSize : 20 <-- 0.011949 s
currentSize : 21 <-- 0.016088 s
currentSize : 22 <-- 0.017525 s
currentSize : 23 <-- 1.314916 s

maxsize : 23
nodes : 11047537.000000
filtered : 864544740.000000
time : 670.376465
