Parameters: GAD=1 vflib=1 dir=0 label=0 lowerbound=1 fileNameGp=../../cp2016-max-common-connected-subgraph-paper/datasets/graphsdb/mcs30/bvg/b09/mcs30_b09_s40.A05 fileNameGt=../../cp2016-max-common-connected-subgraph-paper/datasets/graphsdb/mcs30/bvg/b09/mcs30_b09_s40.B05
Reading graphs...
40 :  172
40 :  174
Initializing...
maxdom : 40
D->valSize : 1600
Solving...
Blb : 2 (clique : 15)
currentSize : 15 <-- 0.032721 s
currentSize : 16 <-- 0.032937 s
currentSize : 17 <-- 0.033160 s
currentSize : 18 <-- 0.091452 s
currentSize : 19 <-- 0.361558 s
currentSize : 20 <-- 1.518654 s

TIMEOUT
maxsize : 20
nodes : 119694564.000000
filtered : 3608513529.000000
time : 1000.000061
