Parameters: GAD=1 vflib=1 dir=0 label=0 lowerbound=1 fileNameGp=../../cp2016-max-common-connected-subgraph-paper/datasets/graphsdb/mcs30/m3D/m3Dr2/mcs30_m3Dr2_s40.A02 fileNameGt=../../cp2016-max-common-connected-subgraph-paper/datasets/graphsdb/mcs30/m3D/m3Dr2/mcs30_m3Dr2_s40.B02
Reading graphs...
40 :  89
40 :  90
Initializing...
maxdom : 40
D->valSize : 1600
Solving...
Blb : 2 (clique : 18)
currentSize : 18 <-- 0.035343 s
currentSize : 19 <-- 0.035552 s
currentSize : 21 <-- 0.035689 s
currentSize : 22 <-- 0.048715 s
currentSize : 23 <-- 0.115937 s
currentSize : 24 <-- 1.009095 s
currentSize : 25 <-- 2.759241 s
currentSize : 26 <-- 741.717896 s

TIMEOUT
maxsize : 26
nodes : 30758710.000000
filtered : 1819010516.000000
time : 1000.000427
