Parameters: GAD=1 vflib=1 dir=0 label=0 lowerbound=1 fileNameGp=../../cp2016-max-common-connected-subgraph-paper/datasets/graphsdb/mcs30/bvg/b06/mcs30_b06_s40.A02 fileNameGt=../../cp2016-max-common-connected-subgraph-paper/datasets/graphsdb/mcs30/bvg/b06/mcs30_b06_s40.B02
Reading graphs...
40 :  120
40 :  116
Initializing...
maxdom : 40
D->valSize : 1600
Solving...
Blb : 2 (clique : 17)
currentSize : 17 <-- 0.035363 s
currentSize : 18 <-- 0.035614 s
currentSize : 19 <-- 0.037166 s
currentSize : 20 <-- 0.054494 s
currentSize : 21 <-- 0.066944 s
currentSize : 22 <-- 0.212761 s
currentSize : 23 <-- 23.426344 s

TIMEOUT
maxsize : 23
nodes : 45818510.000000
filtered : 2159919102.000000
time : 1000.000000
