Parameters: GAD=1 vflib=1 dir=0 label=0 lowerbound=1 fileNameGp=../../cp2016-max-common-connected-subgraph-paper/datasets/graphsdb/mcs30/rand/r01/mcs30_r01_s30.A05 fileNameGt=../../cp2016-max-common-connected-subgraph-paper/datasets/graphsdb/mcs30/rand/r01/mcs30_r01_s30.B05
Reading graphs...
30 :  84
30 :  85
Initializing...
maxdom : 30
D->valSize : 900
Solving...
Blb : 2 (clique : 13)
currentSize : 13 <-- 0.010678 s
currentSize : 14 <-- 0.010792 s
currentSize : 15 <-- 0.010915 s
currentSize : 16 <-- 0.055971 s
currentSize : 17 <-- 0.255230 s
currentSize : 18 <-- 27.900335 s
currentSize : 19 <-- 167.013504 s

maxsize : 19
nodes : 25914590.000000
filtered : 698881888.000000
time : 287.743835
