Parameters: GAD=1 vflib=1 dir=0 label=0 lowerbound=1 fileNameGp=../../cp2016-max-common-connected-subgraph-paper/datasets/graphsdb/mcs30/m4D/m4D/mcs30_m4D_s50.A04 fileNameGt=../../cp2016-max-common-connected-subgraph-paper/datasets/graphsdb/mcs30/m4D/m4D/mcs30_m4D_s50.B04
Reading graphs...
50 :  87
50 :  86
Initializing...
maxdom : 50
D->valSize : 2500
Solving...
Blb : 2 (clique : 30)
currentSize : 30 <-- 0.097980 s
currentSize : 31 <-- 0.098639 s
currentSize : 32 <-- 0.107919 s
currentSize : 33 <-- 0.111526 s
currentSize : 34 <-- 0.900582 s
currentSize : 35 <-- 49.092804 s
currentSize : 36 <-- 63.871437 s
currentSize : 37 <-- 167.225769 s

TIMEOUT
maxsize : 37
nodes : 12436145.000000
filtered : 1085627319.000000
time : 1000.000488
