Parameters: GAD=1 vflib=1 dir=0 label=0 lowerbound=1 fileNameGp=../../cp2016-max-common-connected-subgraph-paper/datasets/graphsdb/mcs30/bvg/b09/mcs30_b09_s40.A07 fileNameGt=../../cp2016-max-common-connected-subgraph-paper/datasets/graphsdb/mcs30/bvg/b09/mcs30_b09_s40.B07
Reading graphs...
40 :  177
40 :  173
Initializing...
maxdom : 40
D->valSize : 1600
Solving...
Blb : 2 (clique : 14)
currentSize : 14 <-- 0.043460 s
currentSize : 15 <-- 0.043628 s
currentSize : 16 <-- 0.043690 s
currentSize : 17 <-- 0.058118 s
currentSize : 18 <-- 0.065176 s
currentSize : 19 <-- 0.721263 s
currentSize : 20 <-- 4.832570 s
currentSize : 21 <-- 452.392273 s

TIMEOUT
maxsize : 21
nodes : 128148892.000000
filtered : 3062941816.000000
time : 1000.000000
