Parameters: GAD=1 vflib=1 dir=0 label=0 lowerbound=1 fileNameGp=../../cp2016-max-common-connected-subgraph-paper/datasets/graphsdb/mcs30/bvg/b06/mcs30_b06_s35.A08 fileNameGt=../../cp2016-max-common-connected-subgraph-paper/datasets/graphsdb/mcs30/bvg/b06/mcs30_b06_s35.B08
Reading graphs...
35 :  100
35 :  105
Initializing...
maxdom : 35
D->valSize : 1225
Solving...
Blb : 2 (clique : 16)
currentSize : 16 <-- 0.019554 s
currentSize : 17 <-- 0.019792 s
currentSize : 18 <-- 0.020995 s
currentSize : 19 <-- 0.023499 s
currentSize : 20 <-- 0.320805 s
currentSize : 21 <-- 2.370560 s

TIMEOUT
maxsize : 21
nodes : 44583661.000000
filtered : 1856961981.000000
time : 1000.000000
