Parameters: GAD=1 vflib=1 dir=0 label=0 lowerbound=1 fileNameGp=../../cp2016-max-common-connected-subgraph-paper/datasets/graphsdb/mcs30/m2D/m2Dr4/mcs30_m2Dr4_s30.A05 fileNameGt=../../cp2016-max-common-connected-subgraph-paper/datasets/graphsdb/mcs30/m2D/m2Dr4/mcs30_m2Dr4_s30.B05
Reading graphs...
30 :  60
30 :  58
Initializing...
maxdom : 30
D->valSize : 900
Solving...
Blb : 2 (clique : 16)
currentSize : 16 <-- 0.010933 s
currentSize : 17 <-- 0.011198 s
currentSize : 18 <-- 0.011244 s
currentSize : 19 <-- 0.013811 s
currentSize : 20 <-- 0.165346 s
currentSize : 21 <-- 239.979858 s

maxsize : 21
nodes : 16608193.000000
filtered : 695967199.000000
time : 292.655884
