Parameters: GAD=1 vflib=1 dir=0 label=0 lowerbound=1 fileNameGp=../../cp2016-max-common-connected-subgraph-paper/datasets/graphsdb/mcs30/rand/r01/mcs30_r01_s35.A07 fileNameGt=../../cp2016-max-common-connected-subgraph-paper/datasets/graphsdb/mcs30/rand/r01/mcs30_r01_s35.B07
Reading graphs...
35 :  116
35 :  112
Initializing...
maxdom : 35
D->valSize : 1225
Solving...
Blb : 2 (clique : 14)
currentSize : 14 <-- 0.019465 s
currentSize : 15 <-- 0.019623 s
currentSize : 16 <-- 0.019685 s
currentSize : 17 <-- 0.019758 s
currentSize : 18 <-- 0.019852 s
currentSize : 19 <-- 0.029870 s
currentSize : 20 <-- 88.603218 s

TIMEOUT
maxsize : 20
nodes : 96130920.000000
filtered : 2875127574.000000
time : 1000.000000
