Parameters: GAD=1 vflib=1 dir=0 label=0 lowerbound=1 fileNameGp=../../cp2016-max-common-connected-subgraph-paper/datasets/graphsdb/mcs30/m4D/m4Dr4/mcs30_m4Dr4_s50.A01 fileNameGt=../../cp2016-max-common-connected-subgraph-paper/datasets/graphsdb/mcs30/m4D/m4Dr4/mcs30_m4Dr4_s50.B01
Reading graphs...
50 :  107
50 :  105
Initializing...
maxdom : 50
D->valSize : 2500
Solving...
Blb : 2 (clique : 27)
currentSize : 27 <-- 0.095766 s
currentSize : 28 <-- 1.088423 s
currentSize : 29 <-- 2.834732 s
currentSize : 30 <-- 8.830094 s
currentSize : 31 <-- 77.880005 s
currentSize : 32 <-- 619.832214 s

TIMEOUT
maxsize : 32
nodes : 14131570.000000
filtered : 940143811.000000
time : 1000.000549
