Parameters: GAD=1 vflib=1 dir=0 label=0 lowerbound=1 fileNameGp=../../cp2016-max-common-connected-subgraph-paper/datasets/graphsdb/mcs30/bvg/b03m/mcs30_b03m_s40.A07 fileNameGt=../../cp2016-max-common-connected-subgraph-paper/datasets/graphsdb/mcs30/bvg/b03m/mcs30_b03m_s40.B07
Reading graphs...
40 :  60
40 :  60
Initializing...
maxdom : 40
D->valSize : 1600
Solving...
Blb : 2 (clique : 24)
currentSize : 24 <-- 0.037041 s
currentSize : 25 <-- 0.037302 s
currentSize : 26 <-- 0.037415 s
currentSize : 27 <-- 0.089125 s
currentSize : 28 <-- 0.095552 s
currentSize : 29 <-- 19.312500 s
currentSize : 30 <-- 189.554428 s
currentSize : 31 <-- 253.016663 s

TIMEOUT
maxsize : 31
nodes : 9883267.000000
filtered : 975301824.000000
time : 1000.000000
