Parameters: GAD=1 vflib=1 dir=0 label=0 lowerbound=1 fileNameGp=../../cp2016-max-common-connected-subgraph-paper/datasets/graphsdb/mcs30/bvg/b06m/mcs30_b06m_s35.A00 fileNameGt=../../cp2016-max-common-connected-subgraph-paper/datasets/graphsdb/mcs30/bvg/b06m/mcs30_b06m_s35.B00
Reading graphs...
35 :  100
35 :  101
Initializing...
maxdom : 35
D->valSize : 1225
Solving...
Blb : 2 (clique : 15)
currentSize : 15 <-- 0.022790 s
currentSize : 16 <-- 0.023013 s
currentSize : 17 <-- 0.023653 s
currentSize : 18 <-- 0.025370 s
currentSize : 19 <-- 0.032913 s
currentSize : 20 <-- 0.086760 s
currentSize : 21 <-- 0.434804 s

TIMEOUT
maxsize : 21
nodes : 64102084.000000
filtered : 2489356488.000000
time : 1000.000122
