Parameters: GAD=1 vflib=1 dir=0 label=0 lowerbound=1 fileNameGp=../../cp2016-max-common-connected-subgraph-paper/datasets/graphsdb/mcs30/bvg/b09/mcs30_b09_s35.A04 fileNameGt=../../cp2016-max-common-connected-subgraph-paper/datasets/graphsdb/mcs30/bvg/b09/mcs30_b09_s35.B04
Reading graphs...
35 :  151
35 :  152
Initializing...
maxdom : 35
D->valSize : 1225
Solving...
Blb : 2 (clique : 13)
currentSize : 13 <-- 0.019256 s
currentSize : 14 <-- 0.019577 s
currentSize : 15 <-- 0.019872 s
currentSize : 16 <-- 0.130380 s
currentSize : 17 <-- 0.184000 s
currentSize : 18 <-- 0.551314 s
currentSize : 19 <-- 4.190106 s
currentSize : 20 <-- 845.341614 s

TIMEOUT
maxsize : 20
nodes : 116400848.000000
filtered : 3568379502.000000
time : 1000.000000
