Parameters: GAD=1 vflib=1 dir=0 label=0 lowerbound=1 fileNameGp=../../cp2016-max-common-connected-subgraph-paper/datasets/graphsdb/mcs30/bvg/b03/mcs30_b03_s35.A00 fileNameGt=../../cp2016-max-common-connected-subgraph-paper/datasets/graphsdb/mcs30/bvg/b03/mcs30_b03_s35.B00
Reading graphs...
35 :  52
35 :  51
Initializing...
maxdom : 35
D->valSize : 1225
Solving...
Blb : 2 (clique : 21)
currentSize : 21 <-- 0.021406 s
currentSize : 22 <-- 0.021817 s
currentSize : 23 <-- 0.022167 s
currentSize : 24 <-- 0.022874 s
currentSize : 25 <-- 0.064057 s
currentSize : 26 <-- 17.148935 s

TIMEOUT
maxsize : 26
nodes : 18643987.000000
filtered : 1327257664.000000
time : 1000.000427
