Parameters: GAD=1 vflib=1 dir=0 label=0 lowerbound=1 fileNameGp=../../cp2016-max-common-connected-subgraph-paper/datasets/graphsdb/mcs30/bvg/b06/mcs30_b06_s40.A03 fileNameGt=../../cp2016-max-common-connected-subgraph-paper/datasets/graphsdb/mcs30/bvg/b06/mcs30_b06_s40.B03
Reading graphs...
40 :  117
40 :  118
Initializing...
maxdom : 40
D->valSize : 1600
Solving...
Blb : 2 (clique : 19)
currentSize : 19 <-- 0.034235 s
currentSize : 20 <-- 0.034494 s
currentSize : 21 <-- 0.065935 s
currentSize : 22 <-- 0.366413 s
currentSize : 23 <-- 6.612340 s
currentSize : 24 <-- 180.258362 s

TIMEOUT
maxsize : 24
nodes : 30214798.000000
filtered : 1519937293.000000
time : 1000.000000
