Parameters: GAD=1 vflib=1 dir=0 label=0 lowerbound=1 fileNameGp=../../cp2016-max-common-connected-subgraph-paper/datasets/graphsdb/mcs30/bvg/b09m/mcs30_b09m_s50.A03 fileNameGt=../../cp2016-max-common-connected-subgraph-paper/datasets/graphsdb/mcs30/bvg/b09m/mcs30_b09m_s50.B03
Reading graphs...
50 :  210
50 :  213
Initializing...
maxdom : 50
D->valSize : 2500
Solving...
Blb : 2 (clique : 19)
currentSize : 19 <-- 0.087732 s
currentSize : 20 <-- 0.096568 s
currentSize : 21 <-- 0.097176 s
currentSize : 22 <-- 0.129009 s
currentSize : 23 <-- 0.230372 s
currentSize : 24 <-- 1.252563 s

TIMEOUT
maxsize : 24
nodes : 94783866.000000
filtered : 2748002385.000000
time : 1000.000000
