Parameters: GAD=1 vflib=1 dir=0 label=0 lowerbound=1 fileNameGp=../../cp2016-max-common-connected-subgraph-paper/datasets/graphsdb/mcs30/rand/r005/mcs30_r005_s50.A06 fileNameGt=../../cp2016-max-common-connected-subgraph-paper/datasets/graphsdb/mcs30/rand/r005/mcs30_r005_s50.B06
Reading graphs...
50 :  123
50 :  123
Initializing...
maxdom : 50
D->valSize : 2500
Solving...
Blb : 2 (clique : 24)
currentSize : 24 <-- 0.100656 s
currentSize : 25 <-- 0.102107 s
currentSize : 26 <-- 0.111156 s
currentSize : 27 <-- 0.349192 s
currentSize : 28 <-- 4.050615 s
currentSize : 29 <-- 6.169227 s

TIMEOUT
maxsize : 29
nodes : 26966102.000000
filtered : 1404479703.000000
time : 1000.000122
