Parameters: GAD=1 vflib=1 dir=0 label=0 lowerbound=1 fileNameGp=../../cp2016-max-common-connected-subgraph-paper/datasets/graphsdb/mcs30/m2D/m2D/mcs30_m2D_s50.A08 fileNameGt=../../cp2016-max-common-connected-subgraph-paper/datasets/graphsdb/mcs30/m2D/m2D/mcs30_m2D_s50.B08
Reading graphs...
50 :  85
50 :  85
Initializing...
maxdom : 50
D->valSize : 2500
Solving...
Blb : 2 (clique : 31)
currentSize : 31 <-- 0.098198 s
currentSize : 32 <-- 3.209942 s
currentSize : 33 <-- 10.082284 s
currentSize : 34 <-- 27.645226 s
currentSize : 35 <-- 88.339134 s
currentSize : 36 <-- 649.769043 s
currentSize : 37 <-- 724.985474 s

TIMEOUT
maxsize : 37
nodes : 5735806.000000
filtered : 597222803.000000
time : 1000.000183
