Parameters: GAD=1 vflib=1 dir=0 label=0 lowerbound=1 fileNameGp=../../cp2016-max-common-connected-subgraph-paper/datasets/graphsdb/mcs30/bvg/b06m/mcs30_b06m_s30.A05 fileNameGt=../../cp2016-max-common-connected-subgraph-paper/datasets/graphsdb/mcs30/bvg/b06m/mcs30_b06m_s30.B05
Reading graphs...
30 :  87
30 :  87
Initializing...
maxdom : 30
D->valSize : 900
Solving...
Blb : 2 (clique : 14)
currentSize : 14 <-- 0.010805 s
currentSize : 15 <-- 0.011082 s
currentSize : 16 <-- 0.013366 s
currentSize : 17 <-- 0.014886 s
currentSize : 18 <-- 0.683407 s
currentSize : 19 <-- 0.790366 s

maxsize : 19
nodes : 10201942.000000
filtered : 439606097.000000
time : 176.067261
