Parameters: GAD=1 vflib=1 dir=0 label=0 lowerbound=1 fileNameGp=../../cp2016-max-common-connected-subgraph-paper/datasets/graphsdb/mcs30/bvg/b06/mcs30_b06_s50.A01 fileNameGt=../../cp2016-max-common-connected-subgraph-paper/datasets/graphsdb/mcs30/bvg/b06/mcs30_b06_s50.B01
Reading graphs...
50 :  149
50 :  146
Initializing...
maxdom : 50
D->valSize : 2500
Solving...
Blb : 2 (clique : 23)
currentSize : 23 <-- 0.094483 s
currentSize : 24 <-- 0.094816 s
currentSize : 25 <-- 0.094908 s
currentSize : 26 <-- 0.095231 s
currentSize : 27 <-- 0.095956 s
currentSize : 28 <-- 0.096526 s
currentSize : 29 <-- 64.902321 s

TIMEOUT
maxsize : 29
nodes : 25298458.000000
filtered : 1653054861.000000
time : 1000.000305
