Parameters: GAD=1 vflib=1 dir=0 label=0 lowerbound=1 fileNameGp=../../cp2016-max-common-connected-subgraph-paper/datasets/graphsdb/mcs30/rand/r005/mcs30_r005_s35.A06 fileNameGt=../../cp2016-max-common-connected-subgraph-paper/datasets/graphsdb/mcs30/rand/r005/mcs30_r005_s35.B06
Reading graphs...
35 :  62
35 :  63
Initializing...
maxdom : 35
D->valSize : 1225
Solving...
Blb : 5 (clique : 20)
currentSize : 20 <-- 0.021011 s
currentSize : 21 <-- 0.022279 s
currentSize : 22 <-- 0.022415 s
currentSize : 23 <-- 0.088370 s
currentSize : 24 <-- 2.287619 s
currentSize : 25 <-- 393.185303 s

TIMEOUT
maxsize : 25
nodes : 21295454.000000
filtered : 1173806881.000000
time : 1000.000122
