Parameters: GAD=1 vflib=1 dir=0 label=0 lowerbound=1 fileNameGp=../../cp2016-max-common-connected-subgraph-paper/datasets/graphsdb/mcs30/bvg/b09/mcs30_b09_s50.A05 fileNameGt=../../cp2016-max-common-connected-subgraph-paper/datasets/graphsdb/mcs30/bvg/b09/mcs30_b09_s50.B05
Reading graphs...
50 :  213
50 :  222
Initializing...
maxdom : 50
D->valSize : 2500
Solving...
Blb : 2 (clique : 18)
currentSize : 18 <-- 0.092681 s
currentSize : 19 <-- 0.093174 s
currentSize : 20 <-- 0.093365 s
currentSize : 21 <-- 0.097190 s
currentSize : 22 <-- 0.448798 s
currentSize : 23 <-- 20.397388 s

TIMEOUT
maxsize : 23
nodes : 74853008.000000
filtered : 2450257107.000000
time : 1000.000061
