Parameters: GAD=1 vflib=1 dir=0 label=0 lowerbound=1 fileNameGp=../../cp2016-max-common-connected-subgraph-paper/datasets/graphsdb/mcs30/bvg/b09m/mcs30_b09m_s35.A03 fileNameGt=../../cp2016-max-common-connected-subgraph-paper/datasets/graphsdb/mcs30/bvg/b09m/mcs30_b09m_s35.B03
Reading graphs...
35 :  146
35 :  146
Initializing...
maxdom : 35
D->valSize : 1225
Solving...
Blb : 2 (clique : 13)
currentSize : 13 <-- 0.018363 s
currentSize : 15 <-- 0.018490 s
currentSize : 16 <-- 0.019342 s
currentSize : 17 <-- 0.136833 s
currentSize : 18 <-- 0.158076 s
currentSize : 19 <-- 241.055466 s

TIMEOUT
maxsize : 19
nodes : 108503540.000000
filtered : 3502360104.000000
time : 1000.000000
