Parameters: GAD=1 vflib=1 dir=0 label=0 lowerbound=1 fileNameGp=../../cp2016-max-common-connected-subgraph-paper/datasets/graphsdb/mcs30/bvg/b06/mcs30_b06_s35.A04 fileNameGt=../../cp2016-max-common-connected-subgraph-paper/datasets/graphsdb/mcs30/bvg/b06/mcs30_b06_s35.B04
Reading graphs...
35 :  102
35 :  103
Initializing...
maxdom : 35
D->valSize : 1225
Solving...
Blb : 2 (clique : 15)
currentSize : 15 <-- 0.030290 s
currentSize : 16 <-- 0.030443 s
currentSize : 17 <-- 0.030520 s
currentSize : 18 <-- 0.030593 s
currentSize : 19 <-- 0.034108 s
currentSize : 20 <-- 0.736564 s
currentSize : 21 <-- 14.697812 s

TIMEOUT
maxsize : 21
nodes : 60486962.000000
filtered : 2274127267.000000
time : 1000.000061
