Parameters: GAD=1 vflib=1 dir=0 label=0 lowerbound=1 fileNameGp=../../cp2016-max-common-connected-subgraph-paper/datasets/graphsdb/mcs30/bvg/b06/mcs30_b06_s50.A06 fileNameGt=../../cp2016-max-common-connected-subgraph-paper/datasets/graphsdb/mcs30/bvg/b06/mcs30_b06_s50.B06
Reading graphs...
50 :  148
50 :  148
Initializing...
maxdom : 50
D->valSize : 2500
Solving...
Blb : 2 (clique : 23)
currentSize : 23 <-- 0.093257 s
currentSize : 24 <-- 0.103814 s
currentSize : 25 <-- 0.118881 s
currentSize : 26 <-- 0.155644 s
currentSize : 27 <-- 0.526519 s
currentSize : 28 <-- 2.681947 s
currentSize : 29 <-- 551.437012 s

TIMEOUT
maxsize : 29
nodes : 49838609.000000
filtered : 2363437123.000000
time : 1000.000061
