Parameters: GAD=1 vflib=1 dir=0 label=0 lowerbound=1 fileNameGp=../../cp2016-max-common-connected-subgraph-paper/datasets/graphsdb/mcs30/bvg/b06/mcs30_b06_s30.A09 fileNameGt=../../cp2016-max-common-connected-subgraph-paper/datasets/graphsdb/mcs30/bvg/b06/mcs30_b06_s30.B09
Reading graphs...
30 :  88
30 :  90
Initializing...
maxdom : 30
D->valSize : 900
Solving...
Blb : 2 (clique : 13)
currentSize : 13 <-- 0.010395 s
currentSize : 14 <-- 0.010514 s
currentSize : 15 <-- 0.010565 s
currentSize : 16 <-- 0.012426 s
currentSize : 17 <-- 0.041897 s
currentSize : 18 <-- 1.795601 s
currentSize : 19 <-- 2.568061 s

maxsize : 19
nodes : 6139781.000000
filtered : 241975127.000000
time : 91.478439
