Parameters: GAD=1 vflib=1 dir=0 label=0 lowerbound=1 fileNameGp=../../cp2016-max-common-connected-subgraph-paper/datasets/graphsdb/mcs30/bvg/b09/mcs30_b09_s35.A09 fileNameGt=../../cp2016-max-common-connected-subgraph-paper/datasets/graphsdb/mcs30/bvg/b09/mcs30_b09_s35.B09
Reading graphs...
35 :  154
35 :  147
Initializing...
maxdom : 35
D->valSize : 1225
Solving...
Blb : 2 (clique : 14)
currentSize : 14 <-- 0.032030 s
currentSize : 15 <-- 0.032400 s
currentSize : 16 <-- 0.289953 s
currentSize : 17 <-- 0.296675 s
currentSize : 18 <-- 0.345787 s
currentSize : 19 <-- 0.367596 s
currentSize : 20 <-- 17.818588 s

TIMEOUT
maxsize : 20
nodes : 78759445.000000
filtered : 2941762968.000000
time : 1000.000000
