Parameters: GAD=1 vflib=1 dir=0 label=0 lowerbound=1 fileNameGp=../../cp2016-max-common-connected-subgraph-paper/datasets/graphsdb/mcs30/m3D/m3D/mcs30_m3D_s30.A01 fileNameGt=../../cp2016-max-common-connected-subgraph-paper/datasets/graphsdb/mcs30/m3D/m3D/mcs30_m3D_s30.B01
Reading graphs...
30 :  60
30 :  59
Initializing...
maxdom : 30
D->valSize : 900
Solving...
Blb : 2 (clique : 16)
currentSize : 16 <-- 0.011190 s
currentSize : 17 <-- 0.011369 s
currentSize : 18 <-- 0.011701 s
currentSize : 19 <-- 1.316256 s
currentSize : 20 <-- 3.650658 s
currentSize : 21 <-- 56.777771 s

maxsize : 21
nodes : 12189662.000000
filtered : 614285684.000000
time : 391.950562
