Parameters: GAD=1 vflib=1 dir=0 label=0 lowerbound=1 fileNameGp=../../cp2016-max-common-connected-subgraph-paper/datasets/graphsdb/mcs30/rand/r005/mcs30_r005_s30.A04 fileNameGt=../../cp2016-max-common-connected-subgraph-paper/datasets/graphsdb/mcs30/rand/r005/mcs30_r005_s30.B04
Reading graphs...
30 :  48
30 :  46
Initializing...
maxdom : 30
D->valSize : 900
Solving...
Blb : 2 (clique : 18)
currentSize : 18 <-- 0.011361 s
currentSize : 19 <-- 0.025530 s
currentSize : 20 <-- 0.035182 s
currentSize : 21 <-- 0.071554 s
currentSize : 22 <-- 3.601051 s
currentSize : 23 <-- 40.059475 s

maxsize : 23
nodes : 1557852.000000
filtered : 98217970.000000
time : 104.812798
