Parameters: GAD=1 vflib=1 dir=0 label=0 lowerbound=1 fileNameGp=../../cp2016-max-common-connected-subgraph-paper/datasets/graphsdb/mcs30/rand/r01/mcs30_r01_s30.A02 fileNameGt=../../cp2016-max-common-connected-subgraph-paper/datasets/graphsdb/mcs30/rand/r01/mcs30_r01_s30.B02
Reading graphs...
30 :  83
30 :  83
Initializing...
maxdom : 30
D->valSize : 900
Solving...
Blb : 2 (clique : 14)
currentSize : 14 <-- 0.010499 s
currentSize : 15 <-- 0.010659 s
currentSize : 16 <-- 0.015540 s
currentSize : 17 <-- 0.034482 s
currentSize : 18 <-- 15.699803 s
currentSize : 19 <-- 209.008301 s

maxsize : 19
nodes : 30372052.000000
filtered : 918690300.000000
time : 341.357239
