Parameters: GAD=1 vflib=1 dir=0 label=0 lowerbound=1 fileNameGp=../../cp2016-max-common-connected-subgraph-paper/datasets/graphsdb/mcs30/rand/r02/mcs30_r02_s40.A08 fileNameGt=../../cp2016-max-common-connected-subgraph-paper/datasets/graphsdb/mcs30/rand/r02/mcs30_r02_s40.B08
Reading graphs...
40 :  271
40 :  277
Initializing...
maxdom : 40
D->valSize : 1600
Solving...
Blb : 2 (clique : 11)
currentSize : 11 <-- 0.029783 s
currentSize : 12 <-- 0.029978 s
currentSize : 13 <-- 0.033617 s
currentSize : 14 <-- 0.037787 s
currentSize : 15 <-- 1.275237 s
currentSize : 16 <-- 9.772498 s

TIMEOUT
maxsize : 16
nodes : 209340164.000000
filtered : 3028325139.000000
time : 1000.000000
