Parameters: GAD=1 vflib=1 dir=0 label=0 lowerbound=1 fileNameGp=../../cp2016-max-common-connected-subgraph-paper/datasets/graphsdb/mcs30/bvg/b03/mcs30_b03_s50.A03 fileNameGt=../../cp2016-max-common-connected-subgraph-paper/datasets/graphsdb/mcs30/bvg/b03/mcs30_b03_s50.B03
Reading graphs...
50 :  74
50 :  75
Initializing...
maxdom : 50
D->valSize : 2500
Solving...
Blb : 2 (clique : 30)
currentSize : 30 <-- 0.099674 s
currentSize : 31 <-- 0.100097 s
currentSize : 32 <-- 0.872556 s
currentSize : 33 <-- 0.898603 s
currentSize : 34 <-- 66.108459 s
currentSize : 35 <-- 66.166588 s
currentSize : 36 <-- 70.039284 s
currentSize : 37 <-- 683.611389 s
currentSize : 38 <-- 997.428467 s

TIMEOUT
maxsize : 38
nodes : 33082718.000000
filtered : 848230524.000000
time : 1000.000366
