Parameters: GAD=1 vflib=1 dir=0 label=0 lowerbound=1 fileNameGp=../../cp2016-max-common-connected-subgraph-paper/datasets/graphsdb/mcs30/m2D/m2Dr4/mcs30_m2Dr4_s30.A02 fileNameGt=../../cp2016-max-common-connected-subgraph-paper/datasets/graphsdb/mcs30/m2D/m2Dr4/mcs30_m2Dr4_s30.B02
Reading graphs...
30 :  58
30 :  58
Initializing...
maxdom : 30
D->valSize : 900
Solving...
Blb : 2 (clique : 17)
currentSize : 17 <-- 0.011068 s
currentSize : 18 <-- 0.011306 s
currentSize : 19 <-- 0.031729 s
currentSize : 20 <-- 0.312266 s
currentSize : 21 <-- 261.423157 s

maxsize : 21
nodes : 17271963.000000
filtered : 750186339.000000
time : 446.566956
