Parameters: GAD=1 vflib=1 dir=0 label=0 lowerbound=1 fileNameGp=../../cp2016-max-common-connected-subgraph-paper/datasets/graphsdb/mcs30/bvg/b09m/mcs30_b09m_s35.A05 fileNameGt=../../cp2016-max-common-connected-subgraph-paper/datasets/graphsdb/mcs30/bvg/b09m/mcs30_b09m_s35.B05
Reading graphs...
35 :  144
35 :  145
Initializing...
maxdom : 35
D->valSize : 1225
Solving...
Blb : 5 (clique : 13)
currentSize : 13 <-- 0.018451 s
currentSize : 14 <-- 0.018590 s
currentSize : 15 <-- 0.022880 s
currentSize : 16 <-- 0.070126 s
currentSize : 17 <-- 0.374646 s
currentSize : 18 <-- 49.785999 s
currentSize : 19 <-- 68.960670 s

TIMEOUT
maxsize : 19
nodes : 104812329.000000
filtered : 3235000671.000000
time : 1000.000366
