Parameters: GAD=1 vflib=1 dir=0 label=0 lowerbound=1 fileNameGp=../../cp2016-max-common-connected-subgraph-paper/datasets/graphsdb/mcs30/m2D/m2Dr6/mcs30_m2Dr6_s50.A00 fileNameGt=../../cp2016-max-common-connected-subgraph-paper/datasets/graphsdb/mcs30/m2D/m2Dr6/mcs30_m2Dr6_s50.B00
Reading graphs...
50 :  114
50 :  110
Initializing...
maxdom : 50
D->valSize : 2500
Solving...
Blb : 2 (clique : 25)
currentSize : 25 <-- 0.095564 s
currentSize : 26 <-- 0.096502 s
currentSize : 27 <-- 0.097783 s
currentSize : 28 <-- 0.109106 s
currentSize : 29 <-- 0.334885 s
currentSize : 30 <-- 27.551737 s
currentSize : 31 <-- 61.465378 s
currentSize : 32 <-- 272.057068 s

TIMEOUT
maxsize : 32
nodes : 19610588.000000
filtered : 1273514421.000000
time : 1000.000122
