Parameters: GAD=1 vflib=1 dir=0 label=0 lowerbound=1 fileNameGp=../../cp2016-max-common-connected-subgraph-paper/datasets/graphsdb/mcs30/bvg/b06m/mcs30_b06m_s40.A07 fileNameGt=../../cp2016-max-common-connected-subgraph-paper/datasets/graphsdb/mcs30/bvg/b06m/mcs30_b06m_s40.B07
Reading graphs...
40 :  117
40 :  114
Initializing...
maxdom : 40
D->valSize : 1600
Solving...
Blb : 2 (clique : 17)
currentSize : 17 <-- 0.035149 s
currentSize : 18 <-- 0.035349 s
currentSize : 19 <-- 0.035782 s
currentSize : 20 <-- 0.035907 s
currentSize : 21 <-- 0.091705 s
currentSize : 22 <-- 0.195309 s
currentSize : 23 <-- 17.466408 s

TIMEOUT
maxsize : 23
nodes : 39137968.000000
filtered : 2603671604.000000
time : 1000.000000
