Parameters: GAD=1 vflib=1 dir=0 label=0 lowerbound=1 fileNameGp=../../cp2016-max-common-connected-subgraph-paper/datasets/graphsdb/mcs30/bvg/b06/mcs30_b06_s35.A05 fileNameGt=../../cp2016-max-common-connected-subgraph-paper/datasets/graphsdb/mcs30/bvg/b06/mcs30_b06_s35.B05
Reading graphs...
35 :  103
35 :  104
Initializing...
maxdom : 35
D->valSize : 1225
Solving...
Blb : 2 (clique : 14)
currentSize : 14 <-- 0.034444 s
currentSize : 15 <-- 0.034777 s
currentSize : 16 <-- 0.034811 s
currentSize : 17 <-- 0.037350 s
currentSize : 18 <-- 0.052279 s
currentSize : 19 <-- 1.410089 s
currentSize : 20 <-- 2.295506 s
currentSize : 21 <-- 18.422024 s

TIMEOUT
maxsize : 21
nodes : 73588473.000000
filtered : 2917637586.000000
time : 1000.000000
