Parameters: GAD=1 vflib=1 dir=0 label=0 lowerbound=1 fileNameGp=../../cp2016-max-common-connected-subgraph-paper/datasets/graphsdb/mcs30/bvg/b03/mcs30_b03_s35.A09 fileNameGt=../../cp2016-max-common-connected-subgraph-paper/datasets/graphsdb/mcs30/bvg/b03/mcs30_b03_s35.B09
Reading graphs...
35 :  52
35 :  52
Initializing...
maxdom : 35
D->valSize : 1225
Solving...
Blb : 2 (clique : 22)
currentSize : 22 <-- 0.021625 s
currentSize : 23 <-- 0.021835 s
currentSize : 24 <-- 0.025644 s
currentSize : 25 <-- 0.729812 s
currentSize : 26 <-- 15.329095 s
currentSize : 27 <-- 56.072315 s

TIMEOUT
maxsize : 27
nodes : 13981693.000000
filtered : 1102149859.000000
time : 1000.000061
