Parameters: GAD=1 vflib=1 dir=0 label=0 lowerbound=1 fileNameGp=../../cp2016-max-common-connected-subgraph-paper/datasets/graphsdb/mcs30/m2D/m2Dr6/mcs30_m2Dr6_s30.A05 fileNameGt=../../cp2016-max-common-connected-subgraph-paper/datasets/graphsdb/mcs30/m2D/m2Dr6/mcs30_m2Dr6_s30.B05
Reading graphs...
30 :  66
30 :  63
Initializing...
maxdom : 30
D->valSize : 900
Solving...
Blb : 5 (clique : 15)
currentSize : 15 <-- 0.010997 s
currentSize : 17 <-- 0.011108 s
currentSize : 18 <-- 0.011389 s
currentSize : 19 <-- 0.108507 s
currentSize : 20 <-- 14.195700 s

maxsize : 20
nodes : 25335079.000000
filtered : 1332857563.000000
time : 735.139465
