Parameters: GAD=1 vflib=1 dir=0 label=0 lowerbound=1 fileNameGp=../../cp2016-max-common-connected-subgraph-paper/datasets/graphsdb/mcs30/m4D/m4Dr6/mcs30_m4Dr6_s50.A00 fileNameGt=../../cp2016-max-common-connected-subgraph-paper/datasets/graphsdb/mcs30/m4D/m4Dr6/mcs30_m4Dr6_s50.B00
Reading graphs...
50 :  113
50 :  114
Initializing...
maxdom : 50
D->valSize : 2500
Solving...
Blb : 2 (clique : 26)
currentSize : 26 <-- 0.094919 s
currentSize : 27 <-- 0.112731 s
currentSize : 28 <-- 0.204036 s
currentSize : 29 <-- 0.407032 s
currentSize : 30 <-- 14.257114 s
currentSize : 31 <-- 43.880505 s
currentSize : 32 <-- 238.188766 s

TIMEOUT
maxsize : 32
nodes : 11988444.000000
filtered : 985117534.000000
time : 1000.000549
