Parameters: GAD=1 vflib=1 dir=0 label=0 lowerbound=1 fileNameGp=../../cp2016-max-common-connected-subgraph-paper/datasets/graphsdb/mcs30/m3D/m3Dr4/mcs30_m3Dr4_s40.A00 fileNameGt=../../cp2016-max-common-connected-subgraph-paper/datasets/graphsdb/mcs30/m3D/m3Dr4/mcs30_m3Dr4_s40.B00
Reading graphs...
40 :  99
40 :  95
Initializing...
maxdom : 40
D->valSize : 1600
Solving...
Blb : 2 (clique : 20)
currentSize : 20 <-- 0.035029 s
currentSize : 21 <-- 0.035552 s
currentSize : 22 <-- 0.035931 s
currentSize : 23 <-- 0.036631 s
currentSize : 24 <-- 1.230667 s
currentSize : 25 <-- 75.822830 s
currentSize : 26 <-- 87.084229 s

TIMEOUT
maxsize : 26
nodes : 30492845.000000
filtered : 1611351875.000000
time : 1000.000122
