Parameters: GAD=1 vflib=1 dir=0 label=0 lowerbound=1 fileNameGp=../../cp2016-max-common-connected-subgraph-paper/datasets/graphsdb/mcs30/rand/r02/mcs30_r02_s40.A01 fileNameGt=../../cp2016-max-common-connected-subgraph-paper/datasets/graphsdb/mcs30/rand/r02/mcs30_r02_s40.B01
Reading graphs...
40 :  280
40 :  281
Initializing...
maxdom : 40
D->valSize : 1600
Solving...
Blb : 2 (clique : 11)
currentSize : 11 <-- 0.049875 s
currentSize : 12 <-- 0.050034 s
currentSize : 13 <-- 0.050579 s
currentSize : 14 <-- 0.125021 s
currentSize : 15 <-- 0.717300 s
currentSize : 16 <-- 8.443576 s
currentSize : 17 <-- 510.346649 s

TIMEOUT
maxsize : 17
nodes : 219993734.000000
filtered : 2902021898.000000
time : 1000.000000
