Parameters: GAD=1 vflib=1 dir=0 label=0 lowerbound=1 fileNameGp=../../cp2016-max-common-connected-subgraph-paper/datasets/graphsdb/mcs30/m2D/m2Dr4/mcs30_m2Dr4_s50.A00 fileNameGt=../../cp2016-max-common-connected-subgraph-paper/datasets/graphsdb/mcs30/m2D/m2Dr4/mcs30_m2Dr4_s50.B00
Reading graphs...
50 :  102
50 :  103
Initializing...
maxdom : 50
D->valSize : 2500
Solving...
Blb : 2 (clique : 25)
currentSize : 25 <-- 0.096194 s
currentSize : 26 <-- 0.096535 s
currentSize : 27 <-- 0.096555 s
currentSize : 28 <-- 0.129036 s
currentSize : 29 <-- 0.869272 s
currentSize : 30 <-- 0.923394 s
currentSize : 31 <-- 1.346642 s
currentSize : 32 <-- 19.376221 s
currentSize : 33 <-- 342.221497 s

TIMEOUT
maxsize : 33
nodes : 10435791.000000
filtered : 990961096.000000
time : 1000.000061
