Parameters: GAD=1 vflib=1 dir=0 label=0 lowerbound=1 fileNameGp=../../cp2016-max-common-connected-subgraph-paper/datasets/graphsdb/mcs30/m4D/m4Dr2/mcs30_m4Dr2_s50.A01 fileNameGt=../../cp2016-max-common-connected-subgraph-paper/datasets/graphsdb/mcs30/m4D/m4Dr2/mcs30_m4Dr2_s50.B01
Reading graphs...
50 :  97
50 :  96
Initializing...
maxdom : 50
D->valSize : 2500
Solving...
Blb : 2 (clique : 27)
currentSize : 27 <-- 0.097018 s
currentSize : 28 <-- 0.097442 s
currentSize : 29 <-- 0.109253 s
currentSize : 30 <-- 0.109461 s
currentSize : 31 <-- 2.252596 s
currentSize : 32 <-- 2.782196 s
currentSize : 33 <-- 36.607853 s
currentSize : 34 <-- 42.584240 s
currentSize : 35 <-- 43.132507 s
currentSize : 36 <-- 45.388538 s

TIMEOUT
maxsize : 36
nodes : 6911197.000000
filtered : 375764782.000000
time : 1000.000061
