Parameters: GAD=1 vflib=1 dir=0 label=0 lowerbound=1 fileNameGp=../../cp2016-max-common-connected-subgraph-paper/datasets/graphsdb/mcs30/rand/r02/mcs30_r02_s40.A03 fileNameGt=../../cp2016-max-common-connected-subgraph-paper/datasets/graphsdb/mcs30/rand/r02/mcs30_r02_s40.B03
Reading graphs...
40 :  267
40 :  277
Initializing...
maxdom : 40
D->valSize : 1600
Solving...
Blb : 2 (clique : 11)
currentSize : 11 <-- 0.051098 s
currentSize : 12 <-- 0.051571 s
currentSize : 13 <-- 0.053850 s
currentSize : 14 <-- 0.060933 s
currentSize : 15 <-- 0.495042 s
currentSize : 16 <-- 53.078800 s

TIMEOUT
maxsize : 16
nodes : 223049014.000000
filtered : 2894681708.000000
time : 1000.000000
