Parameters: GAD=1 vflib=1 dir=0 label=0 lowerbound=1 fileNameGp=../../cp2016-max-common-connected-subgraph-paper/datasets/graphsdb/mcs30/bvg/b09/mcs30_b09_s35.A08 fileNameGt=../../cp2016-max-common-connected-subgraph-paper/datasets/graphsdb/mcs30/bvg/b09/mcs30_b09_s35.B08
Reading graphs...
35 :  150
35 :  149
Initializing...
maxdom : 35
D->valSize : 1225
Solving...
Blb : 2 (clique : 13)
currentSize : 13 <-- 0.019986 s
currentSize : 14 <-- 0.021535 s
currentSize : 15 <-- 0.024244 s
currentSize : 16 <-- 0.025857 s
currentSize : 17 <-- 0.100736 s
currentSize : 18 <-- 0.558169 s
currentSize : 19 <-- 0.992942 s
currentSize : 20 <-- 8.950722 s

maxsize : 20
nodes : 90663167.000000
filtered : 3482196881.000000
time : 990.298096
