Parameters: GAD=1 vflib=1 dir=0 label=0 lowerbound=1 fileNameGp=../../cp2016-max-common-connected-subgraph-paper/datasets/graphsdb/mcs30/m3D/m3Dr4/mcs30_m3Dr4_s40.A04 fileNameGt=../../cp2016-max-common-connected-subgraph-paper/datasets/graphsdb/mcs30/m3D/m3Dr4/mcs30_m3Dr4_s40.B04
Reading graphs...
40 :  98
40 :  97
Initializing...
maxdom : 40
D->valSize : 1600
Solving...
Blb : 2 (clique : 19)
currentSize : 19 <-- 0.035150 s
currentSize : 20 <-- 0.035387 s
currentSize : 21 <-- 0.038951 s
currentSize : 22 <-- 0.275705 s
currentSize : 23 <-- 0.905928 s
currentSize : 24 <-- 76.306610 s
currentSize : 25 <-- 845.604309 s

TIMEOUT
maxsize : 25
nodes : 41145953.000000
filtered : 1592754286.000000
time : 1000.000427
