Parameters: GAD=1 vflib=1 dir=0 label=0 lowerbound=1 fileNameGp=../../cp2016-max-common-connected-subgraph-paper/datasets/graphsdb/mcs30/bvg/b09/mcs30_b09_s40.A01 fileNameGt=../../cp2016-max-common-connected-subgraph-paper/datasets/graphsdb/mcs30/bvg/b09/mcs30_b09_s40.B01
Reading graphs...
40 :  176
40 :  174
Initializing...
maxdom : 40
D->valSize : 1600
Solving...
Blb : 2 (clique : 16)
currentSize : 16 <-- 0.032126 s
currentSize : 17 <-- 0.078372 s
currentSize : 18 <-- 0.161130 s
currentSize : 19 <-- 0.604607 s
currentSize : 20 <-- 248.674255 s
currentSize : 21 <-- 932.299255 s

TIMEOUT
maxsize : 21
nodes : 107182216.000000
filtered : 3670357378.000000
time : 1000.000061
