Parameters: GAD=1 vflib=1 dir=0 label=0 lowerbound=1 fileNameGp=../../cp2016-max-common-connected-subgraph-paper/datasets/graphsdb/mcs30/bvg/b09m/mcs30_b09m_s35.A06 fileNameGt=../../cp2016-max-common-connected-subgraph-paper/datasets/graphsdb/mcs30/bvg/b09m/mcs30_b09m_s35.B06
Reading graphs...
35 :  142
35 :  148
Initializing...
maxdom : 35
D->valSize : 1225
Solving...
Blb : 2 (clique : 13)
currentSize : 13 <-- 0.032924 s
currentSize : 14 <-- 0.033125 s
currentSize : 15 <-- 0.033459 s
currentSize : 16 <-- 0.092555 s
currentSize : 17 <-- 0.891578 s
currentSize : 18 <-- 5.182356 s

TIMEOUT
maxsize : 18
nodes : 122940983.000000
filtered : 3625765145.000000
time : 1000.000061
