Parameters: GAD=1 vflib=1 dir=0 label=0 lowerbound=1 fileNameGp=../../cp2016-max-common-connected-subgraph-paper/datasets/graphsdb/mcs30/bvg/b03/mcs30_b03_s35.A06 fileNameGt=../../cp2016-max-common-connected-subgraph-paper/datasets/graphsdb/mcs30/bvg/b03/mcs30_b03_s35.B06
Reading graphs...
35 :  52
35 :  52
Initializing...
maxdom : 35
D->valSize : 1225
Solving...
Blb : 2 (clique : 22)
currentSize : 22 <-- 0.021483 s
currentSize : 23 <-- 0.021903 s
currentSize : 24 <-- 0.022284 s
currentSize : 25 <-- 0.044843 s
currentSize : 26 <-- 0.100231 s
currentSize : 27 <-- 0.101973 s

TIMEOUT
maxsize : 27
nodes : 10222342.000000
filtered : 801991655.000000
time : 1000.000427
