Parameters: GAD=1 vflib=1 dir=0 label=0 lowerbound=1 fileNameGp=../../cp2016-max-common-connected-subgraph-paper/datasets/graphsdb/mcs30/bvg/b03/mcs30_b03_s50.A02 fileNameGt=../../cp2016-max-common-connected-subgraph-paper/datasets/graphsdb/mcs30/bvg/b03/mcs30_b03_s50.B02
Reading graphs...
50 :  75
50 :  75
Initializing...
maxdom : 50
D->valSize : 2500
Solving...
Blb : 2 (clique : 29)
currentSize : 29 <-- 0.099003 s
currentSize : 30 <-- 0.099505 s
currentSize : 31 <-- 0.099631 s
currentSize : 32 <-- 0.100163 s
currentSize : 33 <-- 5.785385 s
currentSize : 34 <-- 14.249182 s
currentSize : 35 <-- 33.665337 s
currentSize : 36 <-- 92.675453 s
currentSize : 37 <-- 599.503906 s

TIMEOUT
maxsize : 37
nodes : 13227897.000000
filtered : 891559610.000000
time : 1000.001282
