Parameters: GAD=1 vflib=1 dir=0 label=0 lowerbound=1 fileNameGp=../../cp2016-max-common-connected-subgraph-paper/datasets/graphsdb/mcs30/m3D/m3Dr4/mcs30_m3Dr4_s40.A07 fileNameGt=../../cp2016-max-common-connected-subgraph-paper/datasets/graphsdb/mcs30/m3D/m3Dr4/mcs30_m3Dr4_s40.B07
Reading graphs...
40 :  99
40 :  98
Initializing...
maxdom : 40
D->valSize : 1600
Solving...
Blb : 2 (clique : 19)
currentSize : 19 <-- 0.035100 s
currentSize : 21 <-- 0.035414 s
currentSize : 22 <-- 0.036190 s
currentSize : 23 <-- 0.303616 s
currentSize : 24 <-- 16.489313 s
currentSize : 25 <-- 32.299801 s

TIMEOUT
maxsize : 25
nodes : 23563786.000000
filtered : 1527362362.000000
time : 1000.000305
