Parameters: GAD=1 vflib=1 dir=0 label=0 lowerbound=1 fileNameGp=../../cp2016-max-common-connected-subgraph-paper/datasets/graphsdb/mcs30/bvg/b03/mcs30_b03_s30.A09 fileNameGt=../../cp2016-max-common-connected-subgraph-paper/datasets/graphsdb/mcs30/bvg/b03/mcs30_b03_s30.B09
Reading graphs...
30 :  45
30 :  45
Initializing...
maxdom : 30
D->valSize : 900
Solving...
Blb : 2 (clique : 17)
currentSize : 17 <-- 0.011506 s
currentSize : 18 <-- 0.011682 s
currentSize : 19 <-- 0.014566 s
currentSize : 20 <-- 0.016817 s
currentSize : 21 <-- 0.024078 s
currentSize : 22 <-- 0.033015 s
currentSize : 23 <-- 19.277555 s

maxsize : 23
nodes : 2241401.000000
filtered : 127987670.000000
time : 74.153725
