Parameters: GAD=1 vflib=1 dir=0 label=0 lowerbound=1 fileNameGp=../../cp2016-max-common-connected-subgraph-paper/datasets/graphsdb/mcs30/m3D/m3D/mcs30_m3D_s40.A07 fileNameGt=../../cp2016-max-common-connected-subgraph-paper/datasets/graphsdb/mcs30/m3D/m3D/mcs30_m3D_s40.B07
Reading graphs...
40 :  81
40 :  81
Initializing...
maxdom : 40
D->valSize : 1600
Solving...
Blb : 2 (clique : 21)
currentSize : 21 <-- 0.063727 s
currentSize : 22 <-- 0.088112 s
currentSize : 23 <-- 0.137693 s
currentSize : 24 <-- 0.461489 s
currentSize : 25 <-- 2.430392 s
currentSize : 26 <-- 3.348590 s
currentSize : 27 <-- 226.567001 s
currentSize : 28 <-- 264.512177 s

TIMEOUT
maxsize : 28
nodes : 17643415.000000
filtered : 1214784596.000000
time : 1000.000793
