Parameters: GAD=1 vflib=1 dir=0 label=0 lowerbound=1 fileNameGp=../../cp2016-max-common-connected-subgraph-paper/datasets/graphsdb/mcs30/m3D/m3Dr6/mcs30_m3Dr6_s30.A04 fileNameGt=../../cp2016-max-common-connected-subgraph-paper/datasets/graphsdb/mcs30/m3D/m3Dr6/mcs30_m3Dr6_s30.B04
Reading graphs...
30 :  76
30 :  74
Initializing...
maxdom : 30
D->valSize : 900
Solving...
Blb : 2 (clique : 16)
currentSize : 16 <-- 0.018646 s
currentSize : 17 <-- 0.023991 s
currentSize : 18 <-- 0.089488 s
currentSize : 19 <-- 7.414710 s
currentSize : 20 <-- 206.564209 s

maxsize : 20
nodes : 24004978.000000
filtered : 874007811.000000
time : 347.081207
