Parameters: GAD=1 vflib=1 dir=0 label=0 lowerbound=1 fileNameGp=../../cp2016-max-common-connected-subgraph-paper/datasets/graphsdb/mcs30/bvg/b09m/mcs30_b09m_s50.A02 fileNameGt=../../cp2016-max-common-connected-subgraph-paper/datasets/graphsdb/mcs30/bvg/b09m/mcs30_b09m_s50.B02
Reading graphs...
50 :  215
50 :  213
Initializing...
maxdom : 50
D->valSize : 2500
Solving...
Blb : 2 (clique : 19)
currentSize : 19 <-- 0.120796 s
currentSize : 20 <-- 0.121085 s
currentSize : 21 <-- 0.121480 s
currentSize : 22 <-- 1.115298 s
currentSize : 23 <-- 10.554679 s
currentSize : 24 <-- 246.568451 s

TIMEOUT
maxsize : 24
nodes : 96954062.000000
filtered : 2709698575.000000
time : 1000.000000
