Parameters: GAD=1 vflib=1 dir=0 label=0 lowerbound=1 fileNameGp=../../cp2016-max-common-connected-subgraph-paper/datasets/graphsdb/mcs30/bvg/b09m/mcs30_b09m_s50.A06 fileNameGt=../../cp2016-max-common-connected-subgraph-paper/datasets/graphsdb/mcs30/bvg/b09m/mcs30_b09m_s50.B06
Reading graphs...
50 :  210
50 :  215
Initializing...
maxdom : 50
D->valSize : 2500
Solving...
Blb : 5 (clique : 18)
currentSize : 18 <-- 0.099000 s
currentSize : 19 <-- 0.099290 s
currentSize : 20 <-- 0.099711 s
currentSize : 21 <-- 0.100193 s
currentSize : 22 <-- 0.100938 s
currentSize : 23 <-- 0.984841 s
currentSize : 24 <-- 103.152054 s

TIMEOUT
maxsize : 24
nodes : 82156813.000000
filtered : 2707680399.000000
time : 1000.000977
