Parameters: GAD=1 vflib=1 dir=0 label=0 lowerbound=1 fileNameGp=../../cp2016-max-common-connected-subgraph-paper/datasets/graphsdb/mcs30/m3D/m3Dr4/mcs30_m3Dr4_s40.A05 fileNameGt=../../cp2016-max-common-connected-subgraph-paper/datasets/graphsdb/mcs30/m3D/m3Dr4/mcs30_m3Dr4_s40.B05
Reading graphs...
40 :  99
40 :  99
Initializing...
maxdom : 40
D->valSize : 1600
Solving...
Blb : 2 (clique : 18)
currentSize : 18 <-- 0.034813 s
currentSize : 19 <-- 0.035123 s
currentSize : 20 <-- 0.035210 s
currentSize : 21 <-- 0.036176 s
currentSize : 22 <-- 0.215764 s
currentSize : 23 <-- 2.306443 s
currentSize : 24 <-- 25.749796 s
currentSize : 25 <-- 745.539856 s

TIMEOUT
maxsize : 25
nodes : 49008253.000000
filtered : 1913942238.000000
time : 1000.000305
