Parameters: GAD=1 vflib=1 dir=0 label=0 lowerbound=1 fileNameGp=../../cp2016-max-common-connected-subgraph-paper/datasets/graphsdb/mcs30/m3D/m3D/mcs30_m3D_s40.A00 fileNameGt=../../cp2016-max-common-connected-subgraph-paper/datasets/graphsdb/mcs30/m3D/m3D/mcs30_m3D_s40.B00
Reading graphs...
40 :  82
40 :  79
Initializing...
maxdom : 40
D->valSize : 1600
Solving...
Blb : 2 (clique : 21)
currentSize : 21 <-- 0.035916 s
currentSize : 22 <-- 0.044199 s
currentSize : 23 <-- 0.059617 s
currentSize : 24 <-- 0.071861 s
currentSize : 25 <-- 1.066814 s
currentSize : 26 <-- 2.239963 s
currentSize : 27 <-- 146.477722 s

TIMEOUT
maxsize : 27
nodes : 23800276.000000
filtered : 1277964574.000000
time : 1000.000122
