Parameters: GAD=1 vflib=1 dir=0 label=0 lowerbound=1 fileNameGp=../../cp2016-max-common-connected-subgraph-paper/datasets/graphsdb/mcs30/bvg/b03/mcs30_b03_s40.A01 fileNameGt=../../cp2016-max-common-connected-subgraph-paper/datasets/graphsdb/mcs30/bvg/b03/mcs30_b03_s40.B01
Reading graphs...
40 :  60
40 :  60
Initializing...
maxdom : 40
D->valSize : 1600
Solving...
Blb : 2 (clique : 25)
currentSize : 25 <-- 0.065674 s
currentSize : 26 <-- 0.066120 s
currentSize : 27 <-- 0.067495 s
currentSize : 28 <-- 0.075235 s
currentSize : 29 <-- 0.080014 s
currentSize : 30 <-- 1.079155 s
currentSize : 31 <-- 514.914307 s

TIMEOUT
maxsize : 31
nodes : 9861602.000000
filtered : 807178439.000000
time : 1000.000366
