Parameters: GAD=1 vflib=1 dir=0 label=0 lowerbound=1 fileNameGp=../../cp2016-max-common-connected-subgraph-paper/datasets/graphsdb/mcs30/bvg/b03m/mcs30_b03m_s50.A02 fileNameGt=../../cp2016-max-common-connected-subgraph-paper/datasets/graphsdb/mcs30/bvg/b03m/mcs30_b03m_s50.B02
Reading graphs...
50 :  74
50 :  75
Initializing...
maxdom : 50
D->valSize : 2500
Solving...
Blb : 2 (clique : 29)
currentSize : 29 <-- 0.101058 s
currentSize : 30 <-- 0.106394 s
currentSize : 31 <-- 0.417327 s
currentSize : 32 <-- 5.755143 s
currentSize : 33 <-- 6.278545 s
currentSize : 34 <-- 7.534860 s
currentSize : 35 <-- 8.117668 s

TIMEOUT
maxsize : 35
nodes : 11220736.000000
filtered : 753485595.000000
time : 1000.000061
