Parameters: GAD=1 vflib=1 dir=0 label=0 lowerbound=1 fileNameGp=../../cp2016-max-common-connected-subgraph-paper/datasets/graphsdb/mcs30/rand/r01/mcs30_r01_s40.A04 fileNameGt=../../cp2016-max-common-connected-subgraph-paper/datasets/graphsdb/mcs30/rand/r01/mcs30_r01_s40.B04
Reading graphs...
40 :  150
40 :  149
Initializing...
maxdom : 40
D->valSize : 1600
Solving...
Blb : 5 (clique : 16)
currentSize : 16 <-- 0.033130 s
currentSize : 17 <-- 0.033367 s
currentSize : 18 <-- 0.061192 s
currentSize : 19 <-- 0.572051 s
currentSize : 20 <-- 27.683455 s
currentSize : 21 <-- 540.297180 s

TIMEOUT
maxsize : 21
nodes : 130660879.000000
filtered : 3076378345.000000
time : 1000.000000
