Parameters: GAD=1 vflib=1 dir=0 label=0 lowerbound=1 fileNameGp=../../cp2016-max-common-connected-subgraph-paper/datasets/graphsdb/mcs30/rand/r02/mcs30_r02_s35.A02 fileNameGt=../../cp2016-max-common-connected-subgraph-paper/datasets/graphsdb/mcs30/rand/r02/mcs30_r02_s35.B02
Reading graphs...
35 :  207
35 :  214
Initializing...
maxdom : 35
D->valSize : 1225
Solving...
Blb : 2 (clique : 11)
currentSize : 11 <-- 0.024072 s
currentSize : 12 <-- 0.024205 s
currentSize : 13 <-- 0.024272 s
currentSize : 14 <-- 0.037777 s
currentSize : 15 <-- 2.892423 s
currentSize : 16 <-- 75.628891 s

TIMEOUT
maxsize : 16
nodes : 206088884.000000
filtered : 3509886096.000000
time : 1000.000000
