Parameters: GAD=1 vflib=1 dir=0 label=0 lowerbound=1 fileNameGp=../../cp2016-max-common-connected-subgraph-paper/datasets/graphsdb/mcs30/bvg/b09m/mcs30_b09m_s35.A00 fileNameGt=../../cp2016-max-common-connected-subgraph-paper/datasets/graphsdb/mcs30/bvg/b09m/mcs30_b09m_s35.B00
Reading graphs...
35 :  143
35 :  146
Initializing...
maxdom : 35
D->valSize : 1225
Solving...
Blb : 2 (clique : 13)
currentSize : 13 <-- 0.032317 s
currentSize : 14 <-- 0.032551 s
currentSize : 15 <-- 0.033977 s
currentSize : 16 <-- 0.044860 s
currentSize : 17 <-- 0.053184 s
currentSize : 18 <-- 0.103588 s
currentSize : 19 <-- 231.612076 s

TIMEOUT
maxsize : 19
nodes : 112794708.000000
filtered : 3175018183.000000
time : 1000.000000
