Parameters: GAD=1 vflib=1 dir=0 label=0 lowerbound=1 fileNameGp=../../cp2016-max-common-connected-subgraph-paper/datasets/graphsdb/mcs30/rand/r005/mcs30_r005_s50.A04 fileNameGt=../../cp2016-max-common-connected-subgraph-paper/datasets/graphsdb/mcs30/rand/r005/mcs30_r005_s50.B04
Reading graphs...
50 :  125
50 :  126
Initializing...
maxdom : 50
D->valSize : 2500
Solving...
Blb : 2 (clique : 24)
currentSize : 24 <-- 0.126811 s
currentSize : 25 <-- 0.133658 s
currentSize : 26 <-- 0.133946 s
currentSize : 27 <-- 0.148895 s
currentSize : 28 <-- 0.216651 s
currentSize : 29 <-- 1.731159 s
currentSize : 30 <-- 269.135284 s

TIMEOUT
maxsize : 30
nodes : 33878193.000000
filtered : 1699541800.000000
time : 1000.000000
