Parameters: GAD=1 vflib=1 dir=0 label=0 lowerbound=1 fileNameGp=../../cp2016-max-common-connected-subgraph-paper/datasets/graphsdb/mcs30/m3D/m3Dr6/mcs30_m3Dr6_s30.A09 fileNameGt=../../cp2016-max-common-connected-subgraph-paper/datasets/graphsdb/mcs30/m3D/m3Dr6/mcs30_m3Dr6_s30.B09
Reading graphs...
30 :  74
30 :  72
Initializing...
maxdom : 30
D->valSize : 900
Solving...
Blb : 2 (clique : 15)
currentSize : 15 <-- 0.011433 s
currentSize : 16 <-- 0.011671 s
currentSize : 17 <-- 0.012282 s
currentSize : 18 <-- 0.165118 s
currentSize : 19 <-- 17.975969 s
currentSize : 20 <-- 134.343124 s

maxsize : 20
nodes : 19666474.000000
filtered : 733727549.000000
time : 326.448517
