Parameters: GAD=1 vflib=1 dir=0 label=0 lowerbound=1 fileNameGp=../../cp2016-max-common-connected-subgraph-paper/datasets/graphsdb/mcs30/bvg/b03/mcs30_b03_s40.A03 fileNameGt=../../cp2016-max-common-connected-subgraph-paper/datasets/graphsdb/mcs30/bvg/b03/mcs30_b03_s40.B03
Reading graphs...
40 :  60
40 :  60
Initializing...
maxdom : 40
D->valSize : 1600
Solving...
Blb : 2 (clique : 25)
currentSize : 25 <-- 0.037257 s
currentSize : 26 <-- 0.037548 s
currentSize : 27 <-- 0.037691 s
currentSize : 28 <-- 0.099896 s
currentSize : 29 <-- 0.561982 s
currentSize : 30 <-- 3.312293 s

TIMEOUT
maxsize : 30
nodes : 17447097.000000
filtered : 1332363157.000000
time : 1000.000977
