Parameters: GAD=1 vflib=1 dir=0 label=0 lowerbound=1 fileNameGp=../../cp2016-max-common-connected-subgraph-paper/datasets/graphsdb/mcs30/m3D/m3Dr4/mcs30_m3Dr4_s40.A01 fileNameGt=../../cp2016-max-common-connected-subgraph-paper/datasets/graphsdb/mcs30/m3D/m3Dr4/mcs30_m3Dr4_s40.B01
Reading graphs...
40 :  98
40 :  98
Initializing...
maxdom : 40
D->valSize : 1600
Solving...
Blb : 2 (clique : 20)
currentSize : 20 <-- 0.035081 s
currentSize : 21 <-- 0.053707 s
currentSize : 22 <-- 0.244673 s
currentSize : 23 <-- 4.724946 s
currentSize : 24 <-- 21.750570 s
currentSize : 25 <-- 490.988525 s

TIMEOUT
maxsize : 25
nodes : 41661835.000000
filtered : 1798042814.000000
time : 1000.000122
