Parameters: GAD=1 vflib=1 dir=0 label=0 lowerbound=1 fileNameGp=../../cp2016-max-common-connected-subgraph-paper/datasets/graphsdb/mcs30/bvg/b06m/mcs30_b06m_s30.A08 fileNameGt=../../cp2016-max-common-connected-subgraph-paper/datasets/graphsdb/mcs30/bvg/b06m/mcs30_b06m_s30.B08
Reading graphs...
30 :  87
30 :  85
Initializing...
maxdom : 30
D->valSize : 900
Solving...
Blb : 2 (clique : 14)
currentSize : 14 <-- 0.010315 s
currentSize : 15 <-- 0.010551 s
currentSize : 16 <-- 0.011096 s
currentSize : 17 <-- 0.034673 s
currentSize : 18 <-- 0.880870 s
currentSize : 19 <-- 25.640291 s

maxsize : 19
nodes : 9956585.000000
filtered : 381899651.000000
time : 151.495300
