Parameters: GAD=1 vflib=1 dir=0 label=0 lowerbound=1 fileNameGp=../../cp2016-max-common-connected-subgraph-paper/datasets/graphsdb/mcs30/bvg/b03/mcs30_b03_s35.A02 fileNameGt=../../cp2016-max-common-connected-subgraph-paper/datasets/graphsdb/mcs30/bvg/b03/mcs30_b03_s35.B02
Reading graphs...
35 :  52
35 :  52
Initializing...
maxdom : 35
D->valSize : 1225
Solving...
Blb : 2 (clique : 21)
currentSize : 21 <-- 0.037574 s
currentSize : 22 <-- 0.037947 s
currentSize : 23 <-- 0.039058 s
currentSize : 24 <-- 0.148655 s
currentSize : 25 <-- 0.171173 s
currentSize : 26 <-- 1.771767 s
currentSize : 27 <-- 341.634888 s
currentSize : 28 <-- 790.466309 s

TIMEOUT
maxsize : 28
nodes : 13216133.000000
filtered : 1013342861.000000
time : 1000.000977
