Parameters: GAD=1 vflib=1 dir=0 label=0 lowerbound=1 fileNameGp=../../cp2016-max-common-connected-subgraph-paper/datasets/graphsdb/mcs30/bvg/b09m/mcs30_b09m_s40.A01 fileNameGt=../../cp2016-max-common-connected-subgraph-paper/datasets/graphsdb/mcs30/bvg/b09m/mcs30_b09m_s40.B01
Reading graphs...
40 :  170
40 :  168
Initializing...
maxdom : 40
D->valSize : 1600
Solving...
Blb : 2 (clique : 15)
currentSize : 15 <-- 0.032172 s
currentSize : 16 <-- 0.032355 s
currentSize : 17 <-- 0.033136 s
currentSize : 18 <-- 0.047882 s
currentSize : 19 <-- 0.202835 s
currentSize : 20 <-- 3.419173 s
currentSize : 21 <-- 486.077301 s

TIMEOUT
maxsize : 21
nodes : 102019763.000000
filtered : 3025011083.000000
time : 1000.000122
