Parameters: GAD=1 vflib=1 dir=0 label=0 lowerbound=1 fileNameGp=../../cp2016-max-common-connected-subgraph-paper/datasets/graphsdb/mcs30/m2D/m2Dr6/mcs30_m2Dr6_s50.A08 fileNameGt=../../cp2016-max-common-connected-subgraph-paper/datasets/graphsdb/mcs30/m2D/m2Dr6/mcs30_m2Dr6_s50.B08
Reading graphs...
50 :  113
50 :  112
Initializing...
maxdom : 50
D->valSize : 2500
Solving...
Blb : 3 (clique : 24)
currentSize : 24 <-- 0.094956 s
currentSize : 25 <-- 0.095276 s
currentSize : 26 <-- 0.095502 s
currentSize : 27 <-- 0.096348 s
currentSize : 28 <-- 0.147607 s
currentSize : 29 <-- 0.299433 s
currentSize : 30 <-- 8.348659 s
currentSize : 31 <-- 633.902588 s

TIMEOUT
maxsize : 31
nodes : 26992933.000000
filtered : 1417387373.000000
time : 1000.000610
