Parameters: GAD=1 vflib=1 dir=0 label=0 lowerbound=1 fileNameGp=../../cp2016-max-common-connected-subgraph-paper/datasets/graphsdb/mcs30/bvg/b09/mcs30_b09_s40.A02 fileNameGt=../../cp2016-max-common-connected-subgraph-paper/datasets/graphsdb/mcs30/bvg/b09/mcs30_b09_s40.B02
Reading graphs...
40 :  177
40 :  172
Initializing...
maxdom : 40
D->valSize : 1600
Solving...
Blb : 2 (clique : 14)
currentSize : 14 <-- 0.032128 s
currentSize : 15 <-- 0.032340 s
currentSize : 16 <-- 0.032440 s
currentSize : 17 <-- 0.036329 s
currentSize : 18 <-- 0.158144 s
currentSize : 19 <-- 15.842837 s
currentSize : 20 <-- 140.900192 s
currentSize : 21 <-- 697.924561 s

TIMEOUT
maxsize : 21
nodes : 102002592.000000
filtered : 3191402028.000000
time : 1000.000000
