Parameters: GAD=1 vflib=1 dir=0 label=0 lowerbound=1 fileNameGp=../../cp2016-max-common-connected-subgraph-paper/datasets/graphsdb/mcs30/bvg/b09m/mcs30_b09m_s50.A00 fileNameGt=../../cp2016-max-common-connected-subgraph-paper/datasets/graphsdb/mcs30/bvg/b09m/mcs30_b09m_s50.B00
Reading graphs...
50 :  216
50 :  214
Initializing...
maxdom : 50
D->valSize : 2500
Solving...
Blb : 2 (clique : 19)
currentSize : 19 <-- 0.087092 s
currentSize : 20 <-- 0.087450 s
currentSize : 21 <-- 0.087705 s
currentSize : 22 <-- 0.088087 s
currentSize : 23 <-- 1.223710 s
currentSize : 24 <-- 285.570709 s

TIMEOUT
maxsize : 24
nodes : 77004129.000000
filtered : 2354547318.000000
time : 1000.000183
