Parameters: GAD=1 vflib=1 dir=0 label=0 lowerbound=1 fileNameGp=../../cp2016-max-common-connected-subgraph-paper/datasets/graphsdb/mcs30/bvg/b06/mcs30_b06_s35.A00 fileNameGt=../../cp2016-max-common-connected-subgraph-paper/datasets/graphsdb/mcs30/bvg/b06/mcs30_b06_s35.B00
Reading graphs...
35 :  102
35 :  101
Initializing...
maxdom : 35
D->valSize : 1225
Solving...
Blb : 2 (clique : 16)
currentSize : 16 <-- 0.034279 s
currentSize : 17 <-- 0.034541 s
currentSize : 18 <-- 0.037884 s
currentSize : 19 <-- 0.080558 s
currentSize : 20 <-- 0.346696 s
currentSize : 21 <-- 21.238894 s

TIMEOUT
maxsize : 21
nodes : 41590333.000000
filtered : 1731385831.000000
time : 1000.000244
