Parameters: GAD=1 vflib=1 dir=0 label=0 lowerbound=1 fileNameGp=../../cp2016-max-common-connected-subgraph-paper/datasets/graphsdb/mcs30/rand/r02/mcs30_r02_s50.A02 fileNameGt=../../cp2016-max-common-connected-subgraph-paper/datasets/graphsdb/mcs30/rand/r02/mcs30_r02_s50.B02
Reading graphs...
50 :  432
50 :  441
Initializing...
maxdom : 50
D->valSize : 2500
Solving...
Blb : 2 (clique : 12)
currentSize : 12 <-- 0.077216 s
currentSize : 13 <-- 0.078268 s
currentSize : 14 <-- 0.089410 s
currentSize : 15 <-- 0.101463 s
currentSize : 16 <-- 1.194319 s
currentSize : 17 <-- 580.145081 s

TIMEOUT
maxsize : 17
nodes : 227859264.000000
filtered : 2024200930.000000
time : 1000.000000
