Parameters: GAD=1 vflib=1 dir=0 label=0 lowerbound=1 fileNameGp=../../cp2016-max-common-connected-subgraph-paper/datasets/graphsdb/mcs30/rand/r01/mcs30_r01_s50.A08 fileNameGt=../../cp2016-max-common-connected-subgraph-paper/datasets/graphsdb/mcs30/rand/r01/mcs30_r01_s50.B08
Reading graphs...
50 :  233
50 :  229
Initializing...
maxdom : 50
D->valSize : 2500
Solving...
Blb : 2 (clique : 18)
currentSize : 18 <-- 0.085226 s
currentSize : 19 <-- 0.085654 s
currentSize : 20 <-- 0.086402 s
currentSize : 21 <-- 0.098374 s
currentSize : 22 <-- 1.335250 s
currentSize : 23 <-- 67.187698 s

TIMEOUT
maxsize : 23
nodes : 132443430.000000
filtered : 3470007021.000000
time : 1000.000000
