Parameters: GAD=1 vflib=1 dir=0 label=0 lowerbound=1 fileNameGp=../../cp2016-max-common-connected-subgraph-paper/datasets/graphsdb/mcs30/bvg/b03m/mcs30_b03m_s35.A01 fileNameGt=../../cp2016-max-common-connected-subgraph-paper/datasets/graphsdb/mcs30/bvg/b03m/mcs30_b03m_s35.B01
Reading graphs...
35 :  52
35 :  52
Initializing...
maxdom : 35
D->valSize : 1225
Solving...
Blb : 2 (clique : 20)
currentSize : 20 <-- 0.021720 s
currentSize : 21 <-- 0.021897 s
currentSize : 22 <-- 0.021971 s
currentSize : 23 <-- 0.037151 s
currentSize : 24 <-- 0.466783 s
currentSize : 25 <-- 0.572981 s
currentSize : 26 <-- 5.092103 s
currentSize : 27 <-- 179.384232 s

TIMEOUT
maxsize : 27
nodes : 7166973.000000
filtered : 558124189.000000
time : 1000.000000
