Parameters: GAD=1 vflib=1 dir=0 label=0 lowerbound=1 fileNameGp=../../cp2016-max-common-connected-subgraph-paper/datasets/graphsdb/mcs30/bvg/b09m/mcs30_b09m_s40.A06 fileNameGt=../../cp2016-max-common-connected-subgraph-paper/datasets/graphsdb/mcs30/bvg/b09m/mcs30_b09m_s40.B06
Reading graphs...
40 :  171
40 :  175
Initializing...
maxdom : 40
D->valSize : 1600
Solving...
Blb : 2 (clique : 15)
currentSize : 15 <-- 0.032087 s
currentSize : 16 <-- 0.032273 s
currentSize : 17 <-- 0.034747 s
currentSize : 18 <-- 0.549589 s
currentSize : 19 <-- 4.413834 s
currentSize : 20 <-- 39.341240 s

TIMEOUT
maxsize : 20
nodes : 132354751.000000
filtered : 3143896424.000000
time : 1000.000244
