Parameters: GAD=1 vflib=1 dir=0 label=0 lowerbound=1 fileNameGp=../../cp2016-max-common-connected-subgraph-paper/datasets/graphsdb/mcs30/m3D/m3Dr2/mcs30_m3Dr2_s40.A04 fileNameGt=../../cp2016-max-common-connected-subgraph-paper/datasets/graphsdb/mcs30/m3D/m3Dr2/mcs30_m3Dr2_s40.B04
Reading graphs...
40 :  91
40 :  88
Initializing...
maxdom : 40
D->valSize : 1600
Solving...
Blb : 2 (clique : 20)
currentSize : 20 <-- 0.036043 s
currentSize : 21 <-- 0.036879 s
currentSize : 22 <-- 0.036991 s
currentSize : 23 <-- 0.038180 s
currentSize : 24 <-- 0.041798 s
currentSize : 25 <-- 104.210129 s

TIMEOUT
maxsize : 25
nodes : 30451979.000000
filtered : 1808811746.000000
time : 1000.000061
