Parameters: GAD=1 vflib=1 dir=0 label=0 lowerbound=1 fileNameGp=../../cp2016-max-common-connected-subgraph-paper/datasets/graphsdb/mcs30/rand/r005/mcs30_r005_s50.A09 fileNameGt=../../cp2016-max-common-connected-subgraph-paper/datasets/graphsdb/mcs30/rand/r005/mcs30_r005_s50.B09
Reading graphs...
50 :  122
50 :  123
Initializing...
maxdom : 50
D->valSize : 2500
Solving...
Blb : 2 (clique : 23)
currentSize : 23 <-- 0.161647 s
currentSize : 25 <-- 0.162153 s
currentSize : 26 <-- 0.165192 s
currentSize : 27 <-- 0.174113 s
currentSize : 28 <-- 0.653301 s
currentSize : 29 <-- 62.433968 s
currentSize : 30 <-- 335.932953 s

TIMEOUT
maxsize : 30
nodes : 22437164.000000
filtered : 1296124191.000000
time : 1000.000122
