Parameters: GAD=1 vflib=1 dir=0 label=0 lowerbound=1 fileNameGp=../../cp2016-max-common-connected-subgraph-paper/datasets/graphsdb/mcs30/m3D/m3Dr2/mcs30_m3Dr2_s30.A00 fileNameGt=../../cp2016-max-common-connected-subgraph-paper/datasets/graphsdb/mcs30/m3D/m3Dr2/mcs30_m3Dr2_s30.B00
Reading graphs...
30 :  67
30 :  65
Initializing...
maxdom : 30
D->valSize : 900
Solving...
Blb : 2 (clique : 15)
currentSize : 15 <-- 0.011139 s
currentSize : 16 <-- 0.011287 s
currentSize : 17 <-- 0.011800 s
currentSize : 18 <-- 0.023206 s
currentSize : 19 <-- 0.128797 s
currentSize : 20 <-- 1.170675 s
currentSize : 21 <-- 146.990555 s

maxsize : 21
nodes : 9847697.000000
filtered : 488214128.000000
time : 225.858566
