Parameters: GAD=1 vflib=1 dir=0 label=0 lowerbound=1 fileNameGp=../../cp2016-max-common-connected-subgraph-paper/datasets/graphsdb/mcs30/bvg/b09m/mcs30_b09m_s40.A00 fileNameGt=../../cp2016-max-common-connected-subgraph-paper/datasets/graphsdb/mcs30/bvg/b09m/mcs30_b09m_s40.B00
Reading graphs...
40 :  172
40 :  167
Initializing...
maxdom : 40
D->valSize : 1600
Solving...
Blb : 2 (clique : 15)
currentSize : 15 <-- 0.056358 s
currentSize : 16 <-- 0.058392 s
currentSize : 17 <-- 0.068401 s
currentSize : 18 <-- 0.719187 s
currentSize : 19 <-- 20.057283 s
currentSize : 20 <-- 478.701202 s

TIMEOUT
maxsize : 20
nodes : 136021807.000000
filtered : 3217070410.000000
time : 1000.000000
