Parameters: GAD=1 vflib=1 dir=0 label=0 lowerbound=1 fileNameGp=../../cp2016-max-common-connected-subgraph-paper/datasets/graphsdb/mcs30/m4D/m4D/mcs30_m4D_s50.A02 fileNameGt=../../cp2016-max-common-connected-subgraph-paper/datasets/graphsdb/mcs30/m4D/m4D/mcs30_m4D_s50.B02
Reading graphs...
50 :  87
50 :  87
Initializing...
maxdom : 50
D->valSize : 2500
Solving...
Blb : 2 (clique : 27)
currentSize : 27 <-- 0.100180 s
currentSize : 28 <-- 0.101266 s
currentSize : 29 <-- 0.102130 s
currentSize : 30 <-- 0.102895 s
currentSize : 31 <-- 0.335321 s
currentSize : 32 <-- 0.408686 s
currentSize : 33 <-- 7.577440 s
currentSize : 34 <-- 15.403866 s
currentSize : 35 <-- 16.745331 s
currentSize : 36 <-- 63.929573 s

TIMEOUT
maxsize : 36
nodes : 9238579.000000
filtered : 939531669.000000
time : 1000.000183
