Parameters: GAD=1 vflib=1 dir=0 label=0 lowerbound=1 fileNameGp=../../cp2016-max-common-connected-subgraph-paper/datasets/graphsdb/mcs30/bvg/b03/mcs30_b03_s35.A04 fileNameGt=../../cp2016-max-common-connected-subgraph-paper/datasets/graphsdb/mcs30/bvg/b03/mcs30_b03_s35.B04
Reading graphs...
35 :  52
35 :  52
Initializing...
maxdom : 35
D->valSize : 1225
Solving...
Blb : 2 (clique : 21)
currentSize : 21 <-- 0.036841 s
currentSize : 22 <-- 0.037141 s
currentSize : 23 <-- 0.056919 s
currentSize : 24 <-- 0.061606 s
currentSize : 25 <-- 0.064426 s
currentSize : 26 <-- 1.124972 s
currentSize : 27 <-- 1.523402 s

TIMEOUT
maxsize : 27
nodes : 11861599.000000
filtered : 953064924.000000
time : 1000.000488
