Parameters: GAD=1 vflib=1 dir=0 label=0 lowerbound=1 fileNameGp=../../cp2016-max-common-connected-subgraph-paper/datasets/graphsdb/mcs30/m2D/m2Dr2/mcs30_m2Dr2_s50.A01 fileNameGt=../../cp2016-max-common-connected-subgraph-paper/datasets/graphsdb/mcs30/m2D/m2Dr2/mcs30_m2Dr2_s50.B01
Reading graphs...
50 :  94
50 :  94
Initializing...
maxdom : 50
D->valSize : 2500
Solving...
Blb : 2 (clique : 27)
currentSize : 27 <-- 0.113195 s
currentSize : 29 <-- 0.113766 s
currentSize : 30 <-- 0.113915 s
currentSize : 31 <-- 0.114067 s
currentSize : 32 <-- 0.163665 s
currentSize : 33 <-- 16.637403 s
currentSize : 34 <-- 207.725571 s

TIMEOUT
maxsize : 34
nodes : 8276071.000000
filtered : 559591391.000000
time : 1000.000061
