Parameters: GAD=1 vflib=1 dir=0 label=0 lowerbound=1 fileNameGp=../../cp2016-max-common-connected-subgraph-paper/datasets/graphsdb/mcs30/m2D/m2Dr4/mcs30_m2Dr4_s30.A07 fileNameGt=../../cp2016-max-common-connected-subgraph-paper/datasets/graphsdb/mcs30/m2D/m2Dr4/mcs30_m2Dr4_s30.B07
Reading graphs...
30 :  61
30 :  60
Initializing...
maxdom : 30
D->valSize : 900
Solving...
Blb : 2 (clique : 15)
currentSize : 15 <-- 0.010930 s
currentSize : 16 <-- 0.011099 s
currentSize : 17 <-- 0.011227 s
currentSize : 18 <-- 0.012688 s
currentSize : 19 <-- 0.017438 s
currentSize : 20 <-- 0.029992 s
currentSize : 21 <-- 10.283264 s

maxsize : 21
nodes : 12655053.000000
filtered : 644130867.000000
time : 392.820526
