Parameters: GAD=1 vflib=1 dir=0 label=0 lowerbound=1 fileNameGp=../../cp2016-max-common-connected-subgraph-paper/datasets/graphsdb/mcs30/m3D/m3Dr6/mcs30_m3Dr6_s40.A00 fileNameGt=../../cp2016-max-common-connected-subgraph-paper/datasets/graphsdb/mcs30/m3D/m3Dr6/mcs30_m3Dr6_s40.B00
Reading graphs...
40 :  106
40 :  104
Initializing...
maxdom : 40
D->valSize : 1600
Solving...
Blb : 2 (clique : 18)
currentSize : 18 <-- 0.059722 s
currentSize : 19 <-- 0.060208 s
currentSize : 20 <-- 0.061495 s
currentSize : 21 <-- 0.061800 s
currentSize : 22 <-- 0.077504 s
currentSize : 23 <-- 1.048172 s
currentSize : 24 <-- 2.107642 s

TIMEOUT
maxsize : 24
nodes : 37655680.000000
filtered : 1700687214.000000
time : 1000.000366
