Parameters: GAD=1 vflib=1 dir=0 label=0 lowerbound=1 fileNameGp=../../cp2016-max-common-connected-subgraph-paper/datasets/graphsdb/mcs30/bvg/b06m/mcs30_b06m_s40.A09 fileNameGt=../../cp2016-max-common-connected-subgraph-paper/datasets/graphsdb/mcs30/bvg/b06m/mcs30_b06m_s40.B09
Reading graphs...
40 :  115
40 :  114
Initializing...
maxdom : 40
D->valSize : 1600
Solving...
Blb : 2 (clique : 17)
currentSize : 17 <-- 0.037360 s
currentSize : 18 <-- 0.037740 s
currentSize : 19 <-- 0.038246 s
currentSize : 20 <-- 0.046923 s
currentSize : 21 <-- 0.066086 s
currentSize : 22 <-- 0.078454 s
currentSize : 23 <-- 1.096162 s
currentSize : 24 <-- 759.821289 s

TIMEOUT
maxsize : 24
nodes : 51592521.000000
filtered : 2037703642.000000
time : 1000.000122
