Parameters: GAD=1 vflib=1 dir=0 label=0 lowerbound=1 fileNameGp=../../cp2016-max-common-connected-subgraph-paper/datasets/graphsdb/mcs30/bvg/b06m/mcs30_b06m_s35.A06 fileNameGt=../../cp2016-max-common-connected-subgraph-paper/datasets/graphsdb/mcs30/bvg/b06m/mcs30_b06m_s35.B06
Reading graphs...
35 :  101
35 :  98
Initializing...
maxdom : 35
D->valSize : 1225
Solving...
Blb : 3 (clique : 16)
currentSize : 16 <-- 0.028872 s
currentSize : 17 <-- 0.029277 s
currentSize : 18 <-- 0.032038 s
currentSize : 19 <-- 0.041192 s
currentSize : 20 <-- 0.106261 s
currentSize : 21 <-- 0.836483 s

TIMEOUT
maxsize : 21
nodes : 70822451.000000
filtered : 2380121187.000000
time : 1000.000366
