Parameters: GAD=1 vflib=1 dir=0 label=0 lowerbound=1 fileNameGp=../../cp2016-max-common-connected-subgraph-paper/datasets/graphsdb/mcs30/bvg/b06m/mcs30_b06m_s50.A02 fileNameGt=../../cp2016-max-common-connected-subgraph-paper/datasets/graphsdb/mcs30/bvg/b06m/mcs30_b06m_s50.B02
Reading graphs...
50 :  145
50 :  147
Initializing...
maxdom : 50
D->valSize : 2500
Solving...
Blb : 2 (clique : 22)
currentSize : 22 <-- 0.093080 s
currentSize : 23 <-- 0.094468 s
currentSize : 24 <-- 0.102849 s
currentSize : 25 <-- 0.113734 s
currentSize : 26 <-- 0.164872 s
currentSize : 27 <-- 27.879177 s
currentSize : 28 <-- 32.928326 s
currentSize : 29 <-- 119.444839 s

TIMEOUT
maxsize : 29
nodes : 63863277.000000
filtered : 2334419849.000000
time : 1000.000061
