Parameters: GAD=1 vflib=1 dir=0 label=0 lowerbound=1 fileNameGp=../../cp2016-max-common-connected-subgraph-paper/datasets/graphsdb/mcs30/bvg/b09m/mcs30_b09m_s40.A07 fileNameGt=../../cp2016-max-common-connected-subgraph-paper/datasets/graphsdb/mcs30/bvg/b09m/mcs30_b09m_s40.B07
Reading graphs...
40 :  168
40 :  172
Initializing...
maxdom : 40
D->valSize : 1600
Solving...
Blb : 2 (clique : 15)
currentSize : 15 <-- 0.032542 s
currentSize : 16 <-- 0.032849 s
currentSize : 17 <-- 0.033158 s
currentSize : 18 <-- 0.418990 s
currentSize : 19 <-- 1.560137 s
currentSize : 20 <-- 7.819581 s
currentSize : 21 <-- 610.732239 s

TIMEOUT
maxsize : 21
nodes : 89018630.000000
filtered : 2830146890.000000
time : 1000.000061
