Parameters: GAD=1 vflib=1 dir=0 label=0 lowerbound=1 fileNameGp=../../cp2016-max-common-connected-subgraph-paper/datasets/graphsdb/mcs30/m4D/m4Dr4/mcs30_m4Dr4_s50.A06 fileNameGt=../../cp2016-max-common-connected-subgraph-paper/datasets/graphsdb/mcs30/m4D/m4Dr4/mcs30_m4Dr4_s50.B06
Reading graphs...
50 :  107
50 :  104
Initializing...
maxdom : 50
D->valSize : 2500
Solving...
Blb : 2 (clique : 28)
currentSize : 28 <-- 0.097367 s
currentSize : 29 <-- 0.100415 s
currentSize : 30 <-- 0.109920 s
currentSize : 31 <-- 0.261806 s
currentSize : 32 <-- 7.631717 s
currentSize : 33 <-- 66.324669 s
currentSize : 34 <-- 664.148499 s

TIMEOUT
maxsize : 34
nodes : 13130257.000000
filtered : 1300329741.000000
time : 1000.000305
