Parameters: GAD=1 vflib=1 dir=0 label=0 lowerbound=1 fileNameGp=../../cp2016-max-common-connected-subgraph-paper/datasets/graphsdb/mcs30/rand/r005/mcs30_r005_s50.A00 fileNameGt=../../cp2016-max-common-connected-subgraph-paper/datasets/graphsdb/mcs30/rand/r005/mcs30_r005_s50.B00
Reading graphs...
50 :  125
50 :  124
Initializing...
maxdom : 50
D->valSize : 2500
Solving...
Blb : 2 (clique : 26)
currentSize : 26 <-- 0.095867 s
currentSize : 27 <-- 0.252804 s
currentSize : 28 <-- 1.146765 s
currentSize : 29 <-- 18.227900 s
currentSize : 30 <-- 29.718376 s
currentSize : 31 <-- 892.365723 s

TIMEOUT
maxsize : 31
nodes : 33948107.000000
filtered : 1587722691.000000
time : 1000.000061
