Parameters: GAD=1 vflib=1 dir=0 label=0 lowerbound=1 fileNameGp=../../cp2016-max-common-connected-subgraph-paper/datasets/graphsdb/mcs30/bvg/b09m/mcs30_b09m_s50.A01 fileNameGt=../../cp2016-max-common-connected-subgraph-paper/datasets/graphsdb/mcs30/bvg/b09m/mcs30_b09m_s50.B01
Reading graphs...
50 :  214
50 :  215
Initializing...
maxdom : 50
D->valSize : 2500
Solving...
Blb : 2 (clique : 19)
currentSize : 19 <-- 0.095701 s
currentSize : 20 <-- 0.096118 s
currentSize : 21 <-- 0.162905 s
currentSize : 22 <-- 0.844413 s
currentSize : 23 <-- 22.567068 s
currentSize : 24 <-- 98.159004 s

TIMEOUT
maxsize : 24
nodes : 131484439.000000
filtered : 3293133376.000000
time : 1000.000000
