Parameters: GAD=1 vflib=1 dir=0 label=0 lowerbound=1 fileNameGp=../../cp2016-max-common-connected-subgraph-paper/datasets/graphsdb/mcs30/bvg/b03/mcs30_b03_s35.A05 fileNameGt=../../cp2016-max-common-connected-subgraph-paper/datasets/graphsdb/mcs30/bvg/b03/mcs30_b03_s35.B05
Reading graphs...
35 :  52
35 :  51
Initializing...
maxdom : 35
D->valSize : 1225
Solving...
Blb : 2 (clique : 21)
currentSize : 21 <-- 0.021410 s
currentSize : 22 <-- 0.021647 s
currentSize : 23 <-- 0.022416 s
currentSize : 24 <-- 0.023518 s
currentSize : 25 <-- 0.182729 s
currentSize : 26 <-- 4.106781 s
currentSize : 27 <-- 86.898941 s

TIMEOUT
maxsize : 27
nodes : 13973575.000000
filtered : 1169662577.000000
time : 1000.000366
