Parameters: GAD=1 vflib=1 dir=0 label=0 lowerbound=1 fileNameGp=../../cp2016-max-common-connected-subgraph-paper/datasets/graphsdb/mcs30/rand/r02/mcs30_r02_s50.A03 fileNameGt=../../cp2016-max-common-connected-subgraph-paper/datasets/graphsdb/mcs30/rand/r02/mcs30_r02_s50.B03
Reading graphs...
50 :  444
50 :  447
Initializing...
maxdom : 50
D->valSize : 2500
Solving...
Blb : 2 (clique : 12)
currentSize : 12 <-- 0.075127 s
currentSize : 13 <-- 0.075384 s
currentSize : 14 <-- 0.083355 s
currentSize : 15 <-- 0.087676 s
currentSize : 16 <-- 0.818323 s
currentSize : 17 <-- 676.759094 s

TIMEOUT
maxsize : 17
nodes : 224865362.000000
filtered : 2126284066.000000
time : 1000.000000
