Parameters: GAD=1 vflib=1 dir=0 label=0 lowerbound=1 fileNameGp=../../cp2016-max-common-connected-subgraph-paper/datasets/graphsdb/mcs30/m3D/m3Dr6/mcs30_m3Dr6_s40.A02 fileNameGt=../../cp2016-max-common-connected-subgraph-paper/datasets/graphsdb/mcs30/m3D/m3Dr6/mcs30_m3Dr6_s40.B02
Reading graphs...
40 :  107
40 :  107
Initializing...
maxdom : 40
D->valSize : 1600
Solving...
Blb : 2 (clique : 19)
currentSize : 19 <-- 0.034609 s
currentSize : 20 <-- 0.034845 s
currentSize : 21 <-- 0.038504 s
currentSize : 22 <-- 24.630516 s
currentSize : 23 <-- 150.634064 s
currentSize : 24 <-- 548.336792 s
currentSize : 25 <-- 919.333252 s

TIMEOUT
maxsize : 25
nodes : 39092772.000000
filtered : 1835111284.000000
time : 1000.000244
