Parameters: GAD=1 vflib=1 dir=0 label=0 lowerbound=1 fileNameGp=../../cp2016-max-common-connected-subgraph-paper/datasets/graphsdb/mcs30/bvg/b03/mcs30_b03_s40.A08 fileNameGt=../../cp2016-max-common-connected-subgraph-paper/datasets/graphsdb/mcs30/bvg/b03/mcs30_b03_s40.B08
Reading graphs...
40 :  60
40 :  60
Initializing...
maxdom : 40
D->valSize : 1600
Solving...
Blb : 2 (clique : 25)
currentSize : 25 <-- 0.037015 s
currentSize : 26 <-- 0.193160 s
currentSize : 27 <-- 0.341954 s
currentSize : 28 <-- 0.375612 s
currentSize : 29 <-- 3.343667 s
currentSize : 30 <-- 8.558722 s

TIMEOUT
maxsize : 30
nodes : 10657448.000000
filtered : 922397846.000000
time : 1000.000183
