Parameters: GAD=1 vflib=1 dir=0 label=0 lowerbound=1 fileNameGp=../../cp2016-max-common-connected-subgraph-paper/datasets/graphsdb/mcs30/bvg/b06m/mcs30_b06m_s40.A02 fileNameGt=../../cp2016-max-common-connected-subgraph-paper/datasets/graphsdb/mcs30/bvg/b06m/mcs30_b06m_s40.B02
Reading graphs...
40 :  115
40 :  118
Initializing...
maxdom : 40
D->valSize : 1600
Solving...
Blb : 2 (clique : 18)
currentSize : 18 <-- 0.035027 s
currentSize : 19 <-- 0.039154 s
currentSize : 20 <-- 0.040078 s
currentSize : 21 <-- 0.248318 s
currentSize : 22 <-- 0.953605 s
currentSize : 23 <-- 36.209736 s
currentSize : 24 <-- 431.463623 s

TIMEOUT
maxsize : 24
nodes : 44390638.000000
filtered : 2041308665.000000
time : 1000.000427
