Parameters: GAD=1 vflib=1 dir=0 label=0 lowerbound=1 fileNameGp=../../cp2016-max-common-connected-subgraph-paper/datasets/graphsdb/mcs30/rand/r005/mcs30_r005_s50.A03 fileNameGt=../../cp2016-max-common-connected-subgraph-paper/datasets/graphsdb/mcs30/rand/r005/mcs30_r005_s50.B03
Reading graphs...
50 :  122
50 :  123
Initializing...
maxdom : 50
D->valSize : 2500
Solving...
Blb : 2 (clique : 24)
currentSize : 24 <-- 0.118862 s
currentSize : 25 <-- 0.119587 s
currentSize : 26 <-- 0.121315 s
currentSize : 27 <-- 0.169304 s
currentSize : 28 <-- 0.478745 s
currentSize : 29 <-- 6.242187 s
currentSize : 30 <-- 165.206772 s

TIMEOUT
maxsize : 30
nodes : 17950572.000000
filtered : 1276478912.000000
time : 1000.000305
