Parameters: GAD=1 vflib=1 dir=0 label=0 lowerbound=1 fileNameGp=../../cp2016-max-common-connected-subgraph-paper/datasets/graphsdb/mcs30/m4D/m4Dr4/mcs30_m4Dr4_s50.A07 fileNameGt=../../cp2016-max-common-connected-subgraph-paper/datasets/graphsdb/mcs30/m4D/m4Dr4/mcs30_m4Dr4_s50.B07
Reading graphs...
50 :  106
50 :  105
Initializing...
maxdom : 50
D->valSize : 2500
Solving...
Blb : 2 (clique : 27)
currentSize : 27 <-- 0.096129 s
currentSize : 28 <-- 0.096550 s
currentSize : 29 <-- 0.205555 s
currentSize : 30 <-- 0.207257 s
currentSize : 31 <-- 0.770006 s
currentSize : 32 <-- 62.162239 s

TIMEOUT
maxsize : 32
nodes : 13768834.000000
filtered : 1099477278.000000
time : 1000.000610
