Parameters: GAD=1 vflib=1 dir=0 label=0 lowerbound=1 fileNameGp=../../cp2016-max-common-connected-subgraph-paper/datasets/graphsdb/mcs30/bvg/b03/mcs30_b03_s30.A07 fileNameGt=../../cp2016-max-common-connected-subgraph-paper/datasets/graphsdb/mcs30/bvg/b03/mcs30_b03_s30.B07
Reading graphs...
30 :  45
30 :  45
Initializing...
maxdom : 30
D->valSize : 900
Solving...
Blb : 2 (clique : 17)
currentSize : 17 <-- 0.011327 s
currentSize : 18 <-- 0.011862 s
currentSize : 19 <-- 0.020289 s
currentSize : 20 <-- 0.026406 s
currentSize : 21 <-- 0.036388 s
currentSize : 22 <-- 0.472977 s
currentSize : 23 <-- 9.498244 s
currentSize : 24 <-- 9.693191 s

maxsize : 24
nodes : 456201.000000
filtered : 31730839.000000
time : 27.912560
