Parameters: GAD=1 vflib=1 dir=0 label=0 lowerbound=1 fileNameGp=../../cp2016-max-common-connected-subgraph-paper/datasets/graphsdb/mcs30/bvg/b06m/mcs30_b06m_s30.A09 fileNameGt=../../cp2016-max-common-connected-subgraph-paper/datasets/graphsdb/mcs30/bvg/b06m/mcs30_b06m_s30.B09
Reading graphs...
30 :  87
30 :  87
Initializing...
maxdom : 30
D->valSize : 900
Solving...
Blb : 2 (clique : 13)
currentSize : 13 <-- 0.010958 s
currentSize : 14 <-- 0.011085 s
currentSize : 15 <-- 0.011166 s
currentSize : 16 <-- 0.011874 s
currentSize : 17 <-- 0.029881 s
currentSize : 18 <-- 1.801006 s

maxsize : 18
nodes : 22163803.000000
filtered : 720119773.000000
time : 279.641846
