Parameters: GAD=1 vflib=1 dir=0 label=0 lowerbound=1 fileNameGp=../../cp2016-max-common-connected-subgraph-paper/datasets/graphsdb/mcs30/bvg/b06/mcs30_b06_s50.A05 fileNameGt=../../cp2016-max-common-connected-subgraph-paper/datasets/graphsdb/mcs30/bvg/b06/mcs30_b06_s50.B05
Reading graphs...
50 :  150
50 :  149
Initializing...
maxdom : 50
D->valSize : 2500
Solving...
Blb : 2 (clique : 21)
currentSize : 21 <-- 0.094534 s
currentSize : 22 <-- 0.094837 s
currentSize : 23 <-- 0.164535 s
currentSize : 24 <-- 0.199271 s
currentSize : 25 <-- 0.269404 s
currentSize : 26 <-- 2.377972 s
currentSize : 27 <-- 232.002731 s
currentSize : 28 <-- 306.920929 s

TIMEOUT
maxsize : 28
nodes : 68890135.000000
filtered : 2446966883.000000
time : 1000.000122
