Parameters: GAD=1 vflib=1 dir=0 label=0 lowerbound=1 fileNameGp=../../cp2016-max-common-connected-subgraph-paper/datasets/graphsdb/mcs30/rand/r005/mcs30_r005_s40.A02 fileNameGt=../../cp2016-max-common-connected-subgraph-paper/datasets/graphsdb/mcs30/rand/r005/mcs30_r005_s40.B02
Reading graphs...
40 :  82
40 :  80
Initializing...
maxdom : 40
D->valSize : 1600
Solving...
Blb : 2 (clique : 21)
currentSize : 21 <-- 0.036580 s
currentSize : 22 <-- 0.036845 s
currentSize : 23 <-- 0.037073 s
currentSize : 24 <-- 0.069701 s
currentSize : 25 <-- 0.084629 s
currentSize : 26 <-- 16.619072 s

TIMEOUT
maxsize : 26
nodes : 20565814.000000
filtered : 1136088973.000000
time : 1000.000000
