Parameters: GAD=1 vflib=1 dir=0 label=0 lowerbound=1 fileNameGp=../../cp2016-max-common-connected-subgraph-paper/datasets/graphsdb/mcs30/bvg/b06/mcs30_b06_s50.A07 fileNameGt=../../cp2016-max-common-connected-subgraph-paper/datasets/graphsdb/mcs30/bvg/b06/mcs30_b06_s50.B07
Reading graphs...
50 :  148
50 :  148
Initializing...
maxdom : 50
D->valSize : 2500
Solving...
Blb : 2 (clique : 22)
currentSize : 22 <-- 0.161623 s
currentSize : 24 <-- 0.162122 s
currentSize : 25 <-- 0.163473 s
currentSize : 26 <-- 0.463175 s
currentSize : 27 <-- 1.370348 s
currentSize : 28 <-- 4.094228 s
currentSize : 29 <-- 22.272190 s

TIMEOUT
maxsize : 29
nodes : 39757803.000000
filtered : 1784113647.000000
time : 1000.000122
