Parameters: GAD=1 vflib=1 dir=0 label=0 lowerbound=1 fileNameGp=../../cp2016-max-common-connected-subgraph-paper/datasets/graphsdb/mcs30/m3D/m3Dr6/mcs30_m3Dr6_s30.A08 fileNameGt=../../cp2016-max-common-connected-subgraph-paper/datasets/graphsdb/mcs30/m3D/m3Dr6/mcs30_m3Dr6_s30.B08
Reading graphs...
30 :  78
30 :  76
Initializing...
maxdom : 30
D->valSize : 900
Solving...
Blb : 2 (clique : 13)
currentSize : 13 <-- 0.010798 s
currentSize : 15 <-- 0.010906 s
currentSize : 16 <-- 0.022532 s
currentSize : 17 <-- 0.040243 s
currentSize : 18 <-- 0.180029 s
currentSize : 19 <-- 0.882046 s

maxsize : 19
nodes : 15827353.000000
filtered : 664264854.000000
time : 279.835693
