Parameters: GAD=1 vflib=1 dir=0 label=0 lowerbound=1 fileNameGp=../../cp2016-max-common-connected-subgraph-paper/datasets/graphsdb/mcs30/rand/r005/mcs30_r005_s35.A09 fileNameGt=../../cp2016-max-common-connected-subgraph-paper/datasets/graphsdb/mcs30/rand/r005/mcs30_r005_s35.B09
Reading graphs...
35 :  63
35 :  63
Initializing...
maxdom : 35
D->valSize : 1225
Solving...
Blb : 2 (clique : 20)
currentSize : 20 <-- 0.021096 s
currentSize : 21 <-- 0.021308 s
currentSize : 22 <-- 0.025383 s
currentSize : 23 <-- 0.028244 s
currentSize : 24 <-- 0.490888 s
currentSize : 25 <-- 98.272591 s
currentSize : 26 <-- 537.916504 s

TIMEOUT
maxsize : 26
nodes : 18951074.000000
filtered : 1155963407.000000
time : 1000.000793
