Parameters: GAD=1 vflib=1 dir=0 label=0 lowerbound=1 fileNameGp=../../cp2016-max-common-connected-subgraph-paper/datasets/graphsdb/mcs30/m3D/m3Dr4/mcs30_m3Dr4_s40.A03 fileNameGt=../../cp2016-max-common-connected-subgraph-paper/datasets/graphsdb/mcs30/m3D/m3Dr4/mcs30_m3Dr4_s40.B03
Reading graphs...
40 :  99
40 :  96
Initializing...
maxdom : 40
D->valSize : 1600
Solving...
Blb : 2 (clique : 20)
currentSize : 20 <-- 0.035158 s
currentSize : 21 <-- 0.036238 s
currentSize : 22 <-- 0.051512 s
currentSize : 23 <-- 0.244936 s
currentSize : 24 <-- 4.278413 s
currentSize : 25 <-- 113.223137 s

TIMEOUT
maxsize : 25
nodes : 67262067.000000
filtered : 2278954564.000000
time : 1000.000000
