Parameters: GAD=1 vflib=1 dir=0 label=0 lowerbound=1 fileNameGp=../../cp2016-max-common-connected-subgraph-paper/datasets/graphsdb/mcs30/m3D/m3Dr4/mcs30_m3Dr4_s30.A04 fileNameGt=../../cp2016-max-common-connected-subgraph-paper/datasets/graphsdb/mcs30/m3D/m3Dr4/mcs30_m3Dr4_s30.B04
Reading graphs...
30 :  69
30 :  70
Initializing...
maxdom : 30
D->valSize : 900
Solving...
Blb : 2 (clique : 13)
currentSize : 13 <-- 0.010963 s
currentSize : 15 <-- 0.011112 s
currentSize : 16 <-- 0.011240 s
currentSize : 17 <-- 0.011386 s
currentSize : 18 <-- 0.013240 s
currentSize : 19 <-- 0.018690 s
currentSize : 20 <-- 594.404114 s

maxsize : 20
nodes : 41430478.000000
filtered : 1472917008.000000
time : 748.564087
