Parameters: GAD=1 vflib=1 dir=0 label=0 lowerbound=1 fileNameGp=../../cp2016-max-common-connected-subgraph-paper/datasets/graphsdb/mcs30/m2D/m2D/mcs30_m2D_s50.A07 fileNameGt=../../cp2016-max-common-connected-subgraph-paper/datasets/graphsdb/mcs30/m2D/m2D/mcs30_m2D_s50.B07
Reading graphs...
50 :  83
50 :  84
Initializing...
maxdom : 50
D->valSize : 2500
Solving...
Blb : 2 (clique : 27)
currentSize : 27 <-- 0.152000 s
currentSize : 28 <-- 0.152396 s
currentSize : 29 <-- 0.152579 s
currentSize : 30 <-- 0.225853 s
currentSize : 31 <-- 0.230753 s
currentSize : 32 <-- 0.254735 s
currentSize : 33 <-- 0.623740 s
currentSize : 34 <-- 14.757784 s

TIMEOUT
maxsize : 34
nodes : 12084616.000000
filtered : 865377088.000000
time : 1000.000305
