Parameters: GAD=1 vflib=1 dir=0 label=0 lowerbound=1 fileNameGp=../../cp2016-max-common-connected-subgraph-paper/datasets/graphsdb/mcs30/m3D/m3Dr2/mcs30_m3Dr2_s40.A08 fileNameGt=../../cp2016-max-common-connected-subgraph-paper/datasets/graphsdb/mcs30/m3D/m3Dr2/mcs30_m3Dr2_s40.B08
Reading graphs...
40 :  90
40 :  89
Initializing...
maxdom : 40
D->valSize : 1600
Solving...
Blb : 2 (clique : 21)
currentSize : 21 <-- 0.059272 s
currentSize : 22 <-- 0.059734 s
currentSize : 23 <-- 0.094716 s
currentSize : 24 <-- 0.561775 s
currentSize : 25 <-- 1.110062 s
currentSize : 26 <-- 36.089088 s

TIMEOUT
maxsize : 26
nodes : 23298158.000000
filtered : 1229115268.000000
time : 1000.000000
