Parameters: GAD=1 vflib=1 dir=0 label=0 lowerbound=1 fileNameGp=../../cp2016-max-common-connected-subgraph-paper/datasets/graphsdb/mcs30/m2D/m2Dr4/mcs30_m2Dr4_s30.A06 fileNameGt=../../cp2016-max-common-connected-subgraph-paper/datasets/graphsdb/mcs30/m2D/m2Dr4/mcs30_m2Dr4_s30.B06
Reading graphs...
30 :  60
30 :  61
Initializing...
maxdom : 30
D->valSize : 900
Solving...
Blb : 2 (clique : 16)
currentSize : 16 <-- 0.011311 s
currentSize : 17 <-- 0.011493 s
currentSize : 18 <-- 0.011586 s
currentSize : 19 <-- 0.018109 s
currentSize : 20 <-- 0.120302 s
currentSize : 21 <-- 1.902084 s
currentSize : 22 <-- 1.928613 s

maxsize : 22
nodes : 2165848.000000
filtered : 109139716.000000
time : 73.954590
