Parameters: GAD=1 vflib=1 dir=0 label=0 lowerbound=1 fileNameGp=../../cp2016-max-common-connected-subgraph-paper/datasets/graphsdb/mcs30/bvg/b03m/mcs30_b03m_s25.A08 fileNameGt=../../cp2016-max-common-connected-subgraph-paper/datasets/graphsdb/mcs30/bvg/b03m/mcs30_b03m_s25.B08
Reading graphs...
25 :  36
25 :  37
Initializing...
maxdom : 25
D->valSize : 625
Solving...
Blb : 2 (clique : 14)
currentSize : 14 <-- 0.005834 s
currentSize : 15 <-- 0.006369 s
currentSize : 16 <-- 0.006412 s
currentSize : 17 <-- 0.016701 s
currentSize : 18 <-- 0.433885 s
currentSize : 19 <-- 553.493347 s

maxsize : 19
nodes : 44490748.000000
filtered : 1536473909.000000
time : 574.405518
