Parameters: GAD=1 vflib=1 dir=0 label=0 lowerbound=1 fileNameGp=../../cp2016-max-common-connected-subgraph-paper/datasets/graphsdb/mcs30/m2D/m2D/mcs30_m2D_s30.A00 fileNameGt=../../cp2016-max-common-connected-subgraph-paper/datasets/graphsdb/mcs30/m2D/m2D/mcs30_m2D_s30.B00
Reading graphs...
30 :  48
30 :  48
Initializing...
maxdom : 30
D->valSize : 900
Solving...
Blb : 2 (clique : 16)
currentSize : 16 <-- 0.011345 s
currentSize : 17 <-- 0.011554 s
currentSize : 18 <-- 0.011788 s
currentSize : 19 <-- 0.012113 s
currentSize : 20 <-- 0.013628 s
currentSize : 21 <-- 0.470036 s
currentSize : 22 <-- 3.024902 s

maxsize : 22
nodes : 8849950.000000
filtered : 498751191.000000
time : 435.666290
