Parameters: GAD=1 vflib=1 dir=0 label=0 lowerbound=1 fileNameGp=../../cp2016-max-common-connected-subgraph-paper/datasets/graphsdb/mcs30/rand/r02/mcs30_r02_s30.A00 fileNameGt=../../cp2016-max-common-connected-subgraph-paper/datasets/graphsdb/mcs30/rand/r02/mcs30_r02_s30.B00
Reading graphs...
30 :  159
30 :  157
Initializing...
maxdom : 30
D->valSize : 900
Solving...
Blb : 2 (clique : 10)
currentSize : 10 <-- 0.010088 s
currentSize : 11 <-- 0.010188 s
currentSize : 12 <-- 0.014783 s
currentSize : 13 <-- 0.022431 s
currentSize : 14 <-- 4.093732 s

maxsize : 14
nodes : 106755654.000000
filtered : 1429933143.000000
time : 455.510742
