Parameters: GAD=1 vflib=1 dir=0 label=0 lowerbound=1 fileNameGp=../../cp2016-max-common-connected-subgraph-paper/datasets/graphsdb/mcs30/m2D/m2Dr2/mcs30_m2Dr2_s50.A08 fileNameGt=../../cp2016-max-common-connected-subgraph-paper/datasets/graphsdb/mcs30/m2D/m2Dr2/mcs30_m2Dr2_s50.B08
Reading graphs...
50 :  93
50 :  92
Initializing...
maxdom : 50
D->valSize : 2500
Solving...
Blb : 2 (clique : 27)
currentSize : 27 <-- 0.120983 s
currentSize : 28 <-- 0.121443 s
currentSize : 29 <-- 0.126160 s
currentSize : 30 <-- 0.134315 s
currentSize : 31 <-- 0.202616 s
currentSize : 32 <-- 0.323434 s
currentSize : 33 <-- 1.370318 s
currentSize : 34 <-- 754.170959 s

TIMEOUT
maxsize : 34
nodes : 16348764.000000
filtered : 1128391326.000000
time : 1000.000244
