Parameters: GAD=1 vflib=1 dir=0 label=0 lowerbound=1 fileNameGp=../../cp2016-max-common-connected-subgraph-paper/datasets/graphsdb/mcs30/rand/r01/mcs30_r01_s35.A03 fileNameGt=../../cp2016-max-common-connected-subgraph-paper/datasets/graphsdb/mcs30/rand/r01/mcs30_r01_s35.B03
Reading graphs...
35 :  113
35 :  114
Initializing...
maxdom : 35
D->valSize : 1225
Solving...
Blb : 2 (clique : 14)
currentSize : 14 <-- 0.020599 s
currentSize : 15 <-- 0.021271 s
currentSize : 16 <-- 0.025453 s
currentSize : 17 <-- 0.045824 s
currentSize : 18 <-- 0.434526 s
currentSize : 19 <-- 1.472175 s
currentSize : 20 <-- 996.341003 s

TIMEOUT
maxsize : 20
nodes : 131861663.000000
filtered : 3052901097.000000
time : 1000.000000
