Parameters: GAD=1 vflib=1 dir=0 label=0 lowerbound=1 fileNameGp=../../cp2016-max-common-connected-subgraph-paper/datasets/graphsdb/mcs30/bvg/b06m/mcs30_b06m_s40.A08 fileNameGt=../../cp2016-max-common-connected-subgraph-paper/datasets/graphsdb/mcs30/bvg/b06m/mcs30_b06m_s40.B08
Reading graphs...
40 :  118
40 :  119
Initializing...
maxdom : 40
D->valSize : 1600
Solving...
Blb : 5 (clique : 18)
currentSize : 18 <-- 0.034507 s
currentSize : 19 <-- 0.034710 s
currentSize : 20 <-- 0.034727 s
currentSize : 21 <-- 0.034851 s
currentSize : 22 <-- 0.112409 s
currentSize : 23 <-- 1.366441 s
currentSize : 24 <-- 880.754700 s

TIMEOUT
maxsize : 24
nodes : 46124520.000000
filtered : 2284035509.000000
time : 1000.000122
