Parameters: GAD=1 vflib=1 dir=0 label=0 lowerbound=1 fileNameGp=../../cp2016-max-common-connected-subgraph-paper/datasets/graphsdb/mcs30/bvg/b09/mcs30_b09_s50.A02 fileNameGt=../../cp2016-max-common-connected-subgraph-paper/datasets/graphsdb/mcs30/bvg/b09/mcs30_b09_s50.B02
Reading graphs...
50 :  221
50 :  220
Initializing...
maxdom : 50
D->valSize : 2500
Solving...
Blb : 2 (clique : 19)
currentSize : 19 <-- 0.086958 s
currentSize : 20 <-- 0.087719 s
currentSize : 21 <-- 0.772564 s
currentSize : 22 <-- 3.640995 s
currentSize : 23 <-- 26.079681 s
currentSize : 24 <-- 34.710205 s

TIMEOUT
maxsize : 24
nodes : 99625923.000000
filtered : 2792346432.000000
time : 1000.000061
