Parameters: GAD=1 vflib=1 dir=0 label=0 lowerbound=1 fileNameGp=../../cp2016-max-common-connected-subgraph-paper/datasets/graphsdb/mcs30/bvg/b09m/mcs30_b09m_s50.A04 fileNameGt=../../cp2016-max-common-connected-subgraph-paper/datasets/graphsdb/mcs30/bvg/b09m/mcs30_b09m_s50.B04
Reading graphs...
50 :  219
50 :  214
Initializing...
maxdom : 50
D->valSize : 2500
Solving...
Blb : 2 (clique : 19)
currentSize : 19 <-- 0.087108 s
currentSize : 20 <-- 0.087572 s
currentSize : 21 <-- 0.090188 s
currentSize : 22 <-- 0.842943 s
currentSize : 23 <-- 1.646049 s
currentSize : 24 <-- 151.627731 s

TIMEOUT
maxsize : 24
nodes : 79403488.000000
filtered : 2598129485.000000
time : 1000.000122
