Parameters: GAD=1 vflib=1 dir=0 label=0 lowerbound=1 fileNameGp=../../cp2016-max-common-connected-subgraph-paper/datasets/graphsdb/mcs30/bvg/b06m/mcs30_b06m_s30.A07 fileNameGt=../../cp2016-max-common-connected-subgraph-paper/datasets/graphsdb/mcs30/bvg/b06m/mcs30_b06m_s30.B07
Reading graphs...
30 :  83
30 :  85
Initializing...
maxdom : 30
D->valSize : 900
Solving...
Blb : 2 (clique : 14)
currentSize : 14 <-- 0.010496 s
currentSize : 15 <-- 0.010711 s
currentSize : 16 <-- 0.012959 s
currentSize : 17 <-- 0.097973 s
currentSize : 18 <-- 7.251465 s
currentSize : 19 <-- 62.633163 s

maxsize : 19
nodes : 24648610.000000
filtered : 1134765296.000000
time : 385.260498
