Parameters: GAD=1 vflib=1 dir=0 label=0 lowerbound=1 fileNameGp=../../cp2016-max-common-connected-subgraph-paper/datasets/graphsdb/mcs30/bvg/b03m/mcs30_b03m_s50.A04 fileNameGt=../../cp2016-max-common-connected-subgraph-paper/datasets/graphsdb/mcs30/bvg/b03m/mcs30_b03m_s50.B04
Reading graphs...
50 :  73
50 :  74
Initializing...
maxdom : 50
D->valSize : 2500
Solving...
Blb : 2 (clique : 30)
currentSize : 30 <-- 0.101952 s
currentSize : 31 <-- 2.088978 s
currentSize : 32 <-- 2.275890 s
currentSize : 33 <-- 6.191729 s
currentSize : 34 <-- 32.029114 s
currentSize : 35 <-- 283.566345 s
currentSize : 36 <-- 428.858643 s

TIMEOUT
maxsize : 36
nodes : 14162337.000000
filtered : 925555727.000000
time : 1000.000305
