Parameters: GAD=1 vflib=1 dir=0 label=0 lowerbound=1 fileNameGp=../../cp2016-max-common-connected-subgraph-paper/datasets/graphsdb/mcs30/rand/r005/mcs30_r005_s35.A05 fileNameGt=../../cp2016-max-common-connected-subgraph-paper/datasets/graphsdb/mcs30/rand/r005/mcs30_r005_s35.B05
Reading graphs...
35 :  62
35 :  62
Initializing...
maxdom : 35
D->valSize : 1225
Solving...
Blb : 2 (clique : 19)
currentSize : 19 <-- 0.032248 s
currentSize : 20 <-- 0.032525 s
currentSize : 21 <-- 0.032595 s
currentSize : 22 <-- 0.032773 s
currentSize : 23 <-- 0.357693 s
currentSize : 24 <-- 0.358013 s
currentSize : 25 <-- 7.250968 s

TIMEOUT
maxsize : 25
nodes : 14794820.000000
filtered : 1017057505.000000
time : 1000.000061
