Parameters: GAD=1 vflib=1 dir=0 label=0 lowerbound=1 fileNameGp=../../cp2016-max-common-connected-subgraph-paper/datasets/graphsdb/mcs30/bvg/b06/mcs30_b06_s30.A06 fileNameGt=../../cp2016-max-common-connected-subgraph-paper/datasets/graphsdb/mcs30/bvg/b06/mcs30_b06_s30.B06
Reading graphs...
30 :  87
30 :  86
Initializing...
maxdom : 30
D->valSize : 900
Solving...
Blb : 2 (clique : 14)
currentSize : 14 <-- 0.010536 s
currentSize : 15 <-- 0.010939 s
currentSize : 16 <-- 0.016294 s
currentSize : 17 <-- 0.040287 s
currentSize : 18 <-- 2.996945 s
currentSize : 19 <-- 24.461521 s

maxsize : 19
nodes : 5686615.000000
filtered : 191711932.000000
time : 84.570351
