Parameters: GAD=1 vflib=1 dir=0 label=0 lowerbound=1 fileNameGp=../../cp2016-max-common-connected-subgraph-paper/datasets/graphsdb/mcs30/bvg/b03m/mcs30_b03m_s35.A04 fileNameGt=../../cp2016-max-common-connected-subgraph-paper/datasets/graphsdb/mcs30/bvg/b03m/mcs30_b03m_s35.B04
Reading graphs...
35 :  51
35 :  51
Initializing...
maxdom : 35
D->valSize : 1225
Solving...
Blb : 2 (clique : 22)
currentSize : 22 <-- 0.021488 s
currentSize : 23 <-- 0.021918 s
currentSize : 24 <-- 0.090841 s
currentSize : 25 <-- 0.101013 s
currentSize : 26 <-- 0.148636 s
currentSize : 27 <-- 65.608177 s

TIMEOUT
maxsize : 27
nodes : 10186107.000000
filtered : 902373247.000000
time : 1000.000061
