Parameters: GAD=1 vflib=1 dir=0 label=0 lowerbound=1 fileNameGp=../../cp2016-max-common-connected-subgraph-paper/datasets/graphsdb/mcs30/bvg/b09m/mcs30_b09m_s35.A08 fileNameGt=../../cp2016-max-common-connected-subgraph-paper/datasets/graphsdb/mcs30/bvg/b09m/mcs30_b09m_s35.B08
Reading graphs...
35 :  142
35 :  142
Initializing...
maxdom : 35
D->valSize : 1225
Solving...
Blb : 2 (clique : 13)
currentSize : 13 <-- 0.032124 s
currentSize : 14 <-- 0.033161 s
currentSize : 15 <-- 0.034124 s
currentSize : 16 <-- 0.079644 s
currentSize : 17 <-- 0.348939 s
currentSize : 18 <-- 10.371564 s
currentSize : 19 <-- 74.289993 s

TIMEOUT
maxsize : 19
nodes : 112842176.000000
filtered : 3410028291.000000
time : 1000.000000
