Parameters: GAD=1 vflib=1 dir=0 label=0 lowerbound=1 fileNameGp=../../cp2016-max-common-connected-subgraph-paper/datasets/graphsdb/mcs30/m2D/m2Dr2/mcs30_m2Dr2_s50.A05 fileNameGt=../../cp2016-max-common-connected-subgraph-paper/datasets/graphsdb/mcs30/m2D/m2Dr2/mcs30_m2Dr2_s50.B05
Reading graphs...
50 :  94
50 :  93
Initializing...
maxdom : 50
D->valSize : 2500
Solving...
Blb : 2 (clique : 27)
currentSize : 27 <-- 0.168165 s
currentSize : 28 <-- 0.168810 s
currentSize : 29 <-- 0.168931 s
currentSize : 30 <-- 0.169633 s
currentSize : 31 <-- 2.384658 s
currentSize : 32 <-- 22.637575 s

TIMEOUT
maxsize : 32
nodes : 12886191.000000
filtered : 919263283.000000
time : 1000.000122
