Parameters: GAD=1 vflib=1 dir=0 label=0 lowerbound=1 fileNameGp=../../cp2016-max-common-connected-subgraph-paper/datasets/graphsdb/mcs30/rand/r005/mcs30_r005_s30.A06 fileNameGt=../../cp2016-max-common-connected-subgraph-paper/datasets/graphsdb/mcs30/rand/r005/mcs30_r005_s30.B06
Reading graphs...
30 :  46
30 :  46
Initializing...
maxdom : 30
D->valSize : 900
Solving...
Blb : 2 (clique : 17)
currentSize : 17 <-- 0.011465 s
currentSize : 18 <-- 0.011646 s
currentSize : 19 <-- 0.012558 s
currentSize : 20 <-- 0.017648 s
currentSize : 21 <-- 0.415481 s
currentSize : 22 <-- 0.461018 s

TIMEOUT
maxsize : 22
nodes : 30836724.000000
filtered : 1923550189.000000
time : 1000.000000
