Parameters: GAD=1 vflib=1 dir=0 label=0 lowerbound=1 fileNameGp=../../cp2016-max-common-connected-subgraph-paper/datasets/graphsdb/mcs30/m4D/m4D/mcs30_m4D_s50.A03 fileNameGt=../../cp2016-max-common-connected-subgraph-paper/datasets/graphsdb/mcs30/m4D/m4D/mcs30_m4D_s50.B03
Reading graphs...
50 :  85
50 :  87
Initializing...
maxdom : 50
D->valSize : 2500
Solving...
Blb : 2 (clique : 29)
currentSize : 29 <-- 0.101922 s
currentSize : 30 <-- 0.102652 s
currentSize : 31 <-- 0.103314 s
currentSize : 32 <-- 0.103625 s
currentSize : 33 <-- 67.144753 s
currentSize : 34 <-- 92.398384 s
currentSize : 35 <-- 531.421204 s

TIMEOUT
maxsize : 35
nodes : 12058483.000000
filtered : 852907832.000000
time : 1000.000305
