Parameters: GAD=1 vflib=1 dir=0 label=0 lowerbound=1 fileNameGp=../../cp2016-max-common-connected-subgraph-paper/datasets/graphsdb/mcs30/bvg/b09m/mcs30_b09m_s40.A05 fileNameGt=../../cp2016-max-common-connected-subgraph-paper/datasets/graphsdb/mcs30/bvg/b09m/mcs30_b09m_s40.B05
Reading graphs...
40 :  167
40 :  170
Initializing...
maxdom : 40
D->valSize : 1600
Solving...
Blb : 2 (clique : 15)
currentSize : 15 <-- 0.032824 s
currentSize : 16 <-- 0.033111 s
currentSize : 17 <-- 0.071081 s
currentSize : 18 <-- 0.088610 s
currentSize : 19 <-- 0.176781 s
currentSize : 20 <-- 8.764759 s

TIMEOUT
maxsize : 20
nodes : 126628398.000000
filtered : 3178046604.000000
time : 1000.000122
