Parameters: GAD=1 vflib=1 dir=0 label=0 lowerbound=1 fileNameGp=../../cp2016-max-common-connected-subgraph-paper/datasets/graphsdb/mcs30/bvg/b03/mcs30_b03_s40.A07 fileNameGt=../../cp2016-max-common-connected-subgraph-paper/datasets/graphsdb/mcs30/bvg/b03/mcs30_b03_s40.B07
Reading graphs...
40 :  60
40 :  60
Initializing...
maxdom : 40
D->valSize : 1600
Solving...
Blb : 2 (clique : 22)
currentSize : 22 <-- 0.037015 s
currentSize : 25 <-- 0.037239 s
currentSize : 26 <-- 0.037314 s
currentSize : 27 <-- 0.037651 s
currentSize : 28 <-- 4.030525 s
currentSize : 29 <-- 20.747704 s
currentSize : 30 <-- 186.802490 s
currentSize : 31 <-- 207.455658 s

TIMEOUT
maxsize : 31
nodes : 10908915.000000
filtered : 672099396.000000
time : 1000.000793
