Parameters: GAD=1 vflib=1 dir=0 label=0 lowerbound=1 fileNameGp=../../cp2016-max-common-connected-subgraph-paper/datasets/graphsdb/mcs30/rand/r005/mcs30_r005_s25.A05 fileNameGt=../../cp2016-max-common-connected-subgraph-paper/datasets/graphsdb/mcs30/rand/r005/mcs30_r005_s25.B05
Reading graphs...
25 :  34
25 :  34
Initializing...
maxdom : 25
D->valSize : 625
Solving...
Blb : 2 (clique : 14)
currentSize : 14 <-- 0.005736 s
currentSize : 15 <-- 0.005834 s
currentSize : 16 <-- 0.005845 s
currentSize : 17 <-- 0.009760 s
currentSize : 18 <-- 0.014197 s
currentSize : 19 <-- 0.186581 s
currentSize : 20 <-- 12.602747 s

maxsize : 20
nodes : 371229.000000
filtered : 17911263.000000
time : 15.643690
