Parameters: GAD=1 vflib=1 dir=0 label=0 lowerbound=1 fileNameGp=../../cp2016-max-common-connected-subgraph-paper/datasets/graphsdb/mcs30/m2D/m2Dr6/mcs30_m2Dr6_s50.A07 fileNameGt=../../cp2016-max-common-connected-subgraph-paper/datasets/graphsdb/mcs30/m2D/m2Dr6/mcs30_m2Dr6_s50.B07
Reading graphs...
50 :  114
50 :  111
Initializing...
maxdom : 50
D->valSize : 2500
Solving...
Blb : 2 (clique : 25)
currentSize : 25 <-- 0.118845 s
currentSize : 26 <-- 0.119197 s
currentSize : 27 <-- 4.416513 s
currentSize : 28 <-- 4.419910 s
currentSize : 29 <-- 4.763309 s
currentSize : 30 <-- 40.227516 s
currentSize : 31 <-- 83.302574 s

TIMEOUT
maxsize : 31
nodes : 15363032.000000
filtered : 838729349.000000
time : 1000.000244
