Parameters: GAD=1 vflib=1 dir=0 label=0 lowerbound=1 fileNameGp=../../cp2016-max-common-connected-subgraph-paper/datasets/graphsdb/mcs30/bvg/b09m/mcs30_b09m_s40.A04 fileNameGt=../../cp2016-max-common-connected-subgraph-paper/datasets/graphsdb/mcs30/bvg/b09m/mcs30_b09m_s40.B04
Reading graphs...
40 :  171
40 :  174
Initializing...
maxdom : 40
D->valSize : 1600
Solving...
Blb : 5 (clique : 15)
currentSize : 15 <-- 0.032043 s
currentSize : 16 <-- 0.032714 s
currentSize : 17 <-- 0.036443 s
currentSize : 18 <-- 0.373176 s
currentSize : 19 <-- 2.429361 s
currentSize : 20 <-- 117.511932 s
currentSize : 21 <-- 329.917603 s

TIMEOUT
maxsize : 21
nodes : 121220380.000000
filtered : 3238793652.000000
time : 1000.000000
