Parameters: GAD=1 vflib=1 dir=0 label=0 lowerbound=1 fileNameGp=../../cp2016-max-common-connected-subgraph-paper/datasets/graphsdb/mcs30/rand/r005/mcs30_r005_s30.A09 fileNameGt=../../cp2016-max-common-connected-subgraph-paper/datasets/graphsdb/mcs30/rand/r005/mcs30_r005_s30.B09
Reading graphs...
30 :  47
30 :  48
Initializing...
maxdom : 30
D->valSize : 900
Solving...
Blb : 2 (clique : 18)
currentSize : 18 <-- 0.019961 s
currentSize : 19 <-- 0.023200 s
currentSize : 20 <-- 0.029321 s
currentSize : 21 <-- 2.742874 s
currentSize : 22 <-- 18.439344 s
currentSize : 23 <-- 572.293396 s

maxsize : 23
nodes : 20896096.000000
filtered : 1012143428.000000
time : 814.292236
