Parameters: GAD=1 vflib=1 dir=0 label=0 lowerbound=1 fileNameGp=../../cp2016-max-common-connected-subgraph-paper/datasets/graphsdb/mcs30/rand/r01/mcs30_r01_s50.A01 fileNameGt=../../cp2016-max-common-connected-subgraph-paper/datasets/graphsdb/mcs30/rand/r01/mcs30_r01_s50.B01
Reading graphs...
50 :  229
50 :  233
Initializing...
maxdom : 50
D->valSize : 2500
Solving...
Blb : 5 (clique : 17)
currentSize : 17 <-- 0.086741 s
currentSize : 18 <-- 0.087056 s
currentSize : 19 <-- 0.087267 s
currentSize : 20 <-- 0.103846 s
currentSize : 21 <-- 0.162626 s
currentSize : 22 <-- 5.199096 s
currentSize : 23 <-- 623.100830 s

TIMEOUT
maxsize : 23
nodes : 153513589.000000
filtered : 2920627221.000000
time : 1000.000000
