Parameters: GAD=1 vflib=1 dir=0 label=0 lowerbound=1 fileNameGp=../../cp2016-max-common-connected-subgraph-paper/datasets/graphsdb/mcs30/m2D/m2D/mcs30_m2D_s50.A05 fileNameGt=../../cp2016-max-common-connected-subgraph-paper/datasets/graphsdb/mcs30/m2D/m2D/mcs30_m2D_s50.B05
Reading graphs...
50 :  85
50 :  83
Initializing...
maxdom : 50
D->valSize : 2500
Solving...
Blb : 2 (clique : 28)
currentSize : 28 <-- 0.097605 s
currentSize : 29 <-- 0.098186 s
currentSize : 30 <-- 0.098321 s
currentSize : 31 <-- 0.098481 s
currentSize : 32 <-- 0.115260 s
currentSize : 33 <-- 0.425845 s
currentSize : 34 <-- 261.343597 s

TIMEOUT
maxsize : 34
nodes : 15619461.000000
filtered : 1064163994.000000
time : 1000.000305
