Parameters: GAD=1 vflib=1 dir=0 label=0 lowerbound=1 fileNameGp=../../cp2016-max-common-connected-subgraph-paper/datasets/graphsdb/mcs30/m2D/m2Dr4/mcs30_m2Dr4_s30.A01 fileNameGt=../../cp2016-max-common-connected-subgraph-paper/datasets/graphsdb/mcs30/m2D/m2Dr4/mcs30_m2Dr4_s30.B01
Reading graphs...
30 :  57
30 :  57
Initializing...
maxdom : 30
D->valSize : 900
Solving...
Blb : 2 (clique : 17)
currentSize : 17 <-- 0.019674 s
currentSize : 18 <-- 0.019868 s
currentSize : 19 <-- 0.019935 s
currentSize : 20 <-- 0.029620 s
currentSize : 21 <-- 0.428339 s
currentSize : 22 <-- 142.930649 s

maxsize : 22
nodes : 7127926.000000
filtered : 368271438.000000
time : 199.200302
