Parameters: GAD=1 vflib=1 dir=0 label=0 lowerbound=1 fileNameGp=../../cp2016-max-common-connected-subgraph-paper/datasets/graphsdb/mcs30/bvg/b09/mcs30_b09_s35.A03 fileNameGt=../../cp2016-max-common-connected-subgraph-paper/datasets/graphsdb/mcs30/bvg/b09/mcs30_b09_s35.B03
Reading graphs...
35 :  149
35 :  150
Initializing...
maxdom : 35
D->valSize : 1225
Solving...
Blb : 2 (clique : 13)
currentSize : 13 <-- 0.018422 s
currentSize : 14 <-- 0.018568 s
currentSize : 15 <-- 0.018746 s
currentSize : 16 <-- 0.031390 s
currentSize : 17 <-- 0.051061 s
currentSize : 18 <-- 3.225577 s
currentSize : 19 <-- 4.356306 s
currentSize : 20 <-- 115.611786 s

TIMEOUT
maxsize : 20
nodes : 95635638.000000
filtered : 3447793322.000000
time : 1000.000183
