Parameters: GAD=1 vflib=1 dir=0 label=0 lowerbound=1 fileNameGp=../../cp2016-max-common-connected-subgraph-paper/datasets/graphsdb/mcs30/rand/r005/mcs30_r005_s35.A08 fileNameGt=../../cp2016-max-common-connected-subgraph-paper/datasets/graphsdb/mcs30/rand/r005/mcs30_r005_s35.B08
Reading graphs...
35 :  64
35 :  62
Initializing...
maxdom : 35
D->valSize : 1225
Solving...
Blb : 2 (clique : 19)
currentSize : 19 <-- 0.020755 s
currentSize : 20 <-- 0.021100 s
currentSize : 21 <-- 0.024030 s
currentSize : 22 <-- 0.040129 s
currentSize : 23 <-- 0.221582 s
currentSize : 24 <-- 1.889259 s
currentSize : 25 <-- 19.133087 s

TIMEOUT
maxsize : 25
nodes : 16426060.000000
filtered : 1003692249.000000
time : 1000.000366
