Parameters: GAD=1 vflib=1 dir=0 label=0 lowerbound=1 fileNameGp=../../cp2016-max-common-connected-subgraph-paper/datasets/graphsdb/mcs30/m3D/m3D/mcs30_m3D_s40.A08 fileNameGt=../../cp2016-max-common-connected-subgraph-paper/datasets/graphsdb/mcs30/m3D/m3D/mcs30_m3D_s40.B08
Reading graphs...
40 :  83
40 :  81
Initializing...
maxdom : 40
D->valSize : 1600
Solving...
Blb : 2 (clique : 21)
currentSize : 21 <-- 0.063386 s
currentSize : 22 <-- 0.063849 s
currentSize : 23 <-- 0.064179 s
currentSize : 24 <-- 0.090802 s
currentSize : 25 <-- 0.106770 s
currentSize : 26 <-- 0.146197 s
currentSize : 27 <-- 54.410011 s

TIMEOUT
maxsize : 27
nodes : 17999691.000000
filtered : 1156691339.000000
time : 1000.000366
