Parameters: GAD=1 vflib=1 dir=0 label=0 lowerbound=1 fileNameGp=../../cp2016-max-common-connected-subgraph-paper/datasets/graphsdb/mcs30/m4D/m4Dr6/mcs30_m4Dr6_s50.A03 fileNameGt=../../cp2016-max-common-connected-subgraph-paper/datasets/graphsdb/mcs30/m4D/m4Dr6/mcs30_m4Dr6_s50.B03
Reading graphs...
50 :  114
50 :  112
Initializing...
maxdom : 50
D->valSize : 2500
Solving...
Blb : 2 (clique : 27)
currentSize : 27 <-- 0.095197 s
currentSize : 28 <-- 0.108142 s
currentSize : 29 <-- 0.126294 s
currentSize : 30 <-- 7.812604 s
currentSize : 31 <-- 45.561993 s
currentSize : 32 <-- 79.063873 s

TIMEOUT
maxsize : 32
nodes : 13547953.000000
filtered : 917196135.000000
time : 1000.000244
