Parameters: GAD=1 vflib=1 dir=0 label=0 lowerbound=1 fileNameGp=../../cp2016-max-common-connected-subgraph-paper/datasets/graphsdb/mcs30/rand/r02/mcs30_r02_s30.A07 fileNameGt=../../cp2016-max-common-connected-subgraph-paper/datasets/graphsdb/mcs30/rand/r02/mcs30_r02_s30.B07
Reading graphs...
30 :  159
30 :  156
Initializing...
maxdom : 30
D->valSize : 900
Solving...
Blb : 5 (clique : 10)
currentSize : 10 <-- 0.009439 s
currentSize : 11 <-- 0.009549 s
currentSize : 12 <-- 0.009717 s
currentSize : 13 <-- 0.010761 s
currentSize : 14 <-- 1.272145 s

maxsize : 14
nodes : 95044435.000000
filtered : 1346299960.000000
time : 409.430481
