Parameters: GAD=1 vflib=1 dir=0 label=0 lowerbound=1 fileNameGp=../../cp2016-max-common-connected-subgraph-paper/datasets/graphsdb/mcs30/m3D/m3Dr2/mcs30_m3Dr2_s30.A09 fileNameGt=../../cp2016-max-common-connected-subgraph-paper/datasets/graphsdb/mcs30/m3D/m3Dr2/mcs30_m3Dr2_s30.B09
Reading graphs...
30 :  66
30 :  65
Initializing...
maxdom : 30
D->valSize : 900
Solving...
Blb : 2 (clique : 15)
currentSize : 15 <-- 0.010890 s
currentSize : 16 <-- 0.011868 s
currentSize : 17 <-- 0.021273 s
currentSize : 18 <-- 0.242859 s
currentSize : 19 <-- 1.766527 s
currentSize : 20 <-- 3.184251 s

maxsize : 20
nodes : 14656206.000000
filtered : 647351263.000000
time : 361.335785
