Parameters: GAD=1 vflib=1 dir=0 label=0 lowerbound=1 fileNameGp=../../cp2016-max-common-connected-subgraph-paper/datasets/graphsdb/mcs30/m4D/m4Dr2/mcs30_m4Dr2_s50.A03 fileNameGt=../../cp2016-max-common-connected-subgraph-paper/datasets/graphsdb/mcs30/m4D/m4Dr2/mcs30_m4Dr2_s50.B03
Reading graphs...
50 :  96
50 :  96
Initializing...
maxdom : 50
D->valSize : 2500
Solving...
Blb : 2 (clique : 26)
currentSize : 26 <-- 0.120955 s
currentSize : 28 <-- 0.121284 s
currentSize : 29 <-- 0.121359 s
currentSize : 30 <-- 0.122408 s
currentSize : 31 <-- 0.139958 s
currentSize : 32 <-- 0.144203 s
currentSize : 33 <-- 0.178033 s
currentSize : 34 <-- 4.010478 s
currentSize : 35 <-- 510.033661 s

TIMEOUT
maxsize : 35
nodes : 10631915.000000
filtered : 739615687.000000
time : 1000.000305
