Parameters: GAD=1 vflib=1 dir=0 label=0 lowerbound=1 fileNameGp=../../cp2016-max-common-connected-subgraph-paper/datasets/graphsdb/mcs30/bvg/b06/mcs30_b06_s50.A04 fileNameGt=../../cp2016-max-common-connected-subgraph-paper/datasets/graphsdb/mcs30/bvg/b06/mcs30_b06_s50.B04
Reading graphs...
50 :  148
50 :  148
Initializing...
maxdom : 50
D->valSize : 2500
Solving...
Blb : 2 (clique : 22)
currentSize : 22 <-- 0.093611 s
currentSize : 23 <-- 0.094213 s
currentSize : 24 <-- 0.094334 s
currentSize : 25 <-- 0.101041 s
currentSize : 26 <-- 0.102033 s
currentSize : 27 <-- 0.627209 s
currentSize : 28 <-- 0.637856 s
currentSize : 29 <-- 280.575714 s

TIMEOUT
maxsize : 29
nodes : 71064797.000000
filtered : 2282473178.000000
time : 1000.000000
