Parameters: GAD=1 vflib=1 dir=0 label=0 lowerbound=1 fileNameGp=../../cp2016-max-common-connected-subgraph-paper/datasets/graphsdb/mcs30/m2D/m2D/mcs30_m2D_s30.A06 fileNameGt=../../cp2016-max-common-connected-subgraph-paper/datasets/graphsdb/mcs30/m2D/m2D/mcs30_m2D_s30.B06
Reading graphs...
30 :  49
30 :  49
Initializing...
maxdom : 30
D->valSize : 900
Solving...
Blb : 2 (clique : 15)
currentSize : 15 <-- 0.011378 s
currentSize : 17 <-- 0.011493 s
currentSize : 18 <-- 0.011654 s
currentSize : 19 <-- 0.011879 s
currentSize : 20 <-- 0.012768 s
currentSize : 21 <-- 0.095649 s
currentSize : 22 <-- 0.096094 s
currentSize : 23 <-- 131.228516 s

maxsize : 23
nodes : 3090250.000000
filtered : 164918119.000000
time : 162.090042
