Parameters: GAD=1 vflib=1 dir=0 label=0 lowerbound=1 fileNameGp=../../cp2016-max-common-connected-subgraph-paper/datasets/graphsdb/mcs30/m2D/m2Dr2/mcs30_m2Dr2_s50.A03 fileNameGt=../../cp2016-max-common-connected-subgraph-paper/datasets/graphsdb/mcs30/m2D/m2Dr2/mcs30_m2Dr2_s50.B03
Reading graphs...
50 :  94
50 :  93
Initializing...
maxdom : 50
D->valSize : 2500
Solving...
Blb : 2 (clique : 27)
currentSize : 27 <-- 0.097706 s
currentSize : 28 <-- 0.098066 s
currentSize : 29 <-- 0.098300 s
currentSize : 30 <-- 0.099734 s
currentSize : 31 <-- 0.100945 s
currentSize : 32 <-- 6.557671 s
currentSize : 33 <-- 15.863891 s
currentSize : 34 <-- 299.282043 s

TIMEOUT
maxsize : 34
nodes : 17876471.000000
filtered : 1092673762.000000
time : 1000.000488
