Parameters: GAD=1 vflib=1 dir=0 label=0 lowerbound=1 fileNameGp=../../cp2016-max-common-connected-subgraph-paper/datasets/graphsdb/mcs30/m3D/m3D/mcs30_m3D_s30.A03 fileNameGt=../../cp2016-max-common-connected-subgraph-paper/datasets/graphsdb/mcs30/m3D/m3D/mcs30_m3D_s30.B03
Reading graphs...
30 :  60
30 :  59
Initializing...
maxdom : 30
D->valSize : 900
Solving...
Blb : 2 (clique : 15)
currentSize : 15 <-- 0.011272 s
currentSize : 16 <-- 0.011399 s
currentSize : 17 <-- 0.012035 s
currentSize : 18 <-- 0.012460 s
currentSize : 19 <-- 0.014708 s
currentSize : 20 <-- 0.320568 s
currentSize : 21 <-- 8.134054 s

maxsize : 21
nodes : 12400828.000000
filtered : 757877604.000000
time : 425.822998
