Parameters: GAD=1 vflib=1 dir=0 label=0 lowerbound=1 fileNameGp=../../cp2016-max-common-connected-subgraph-paper/datasets/graphsdb/mcs30/bvg/b09m/mcs30_b09m_s40.A02 fileNameGt=../../cp2016-max-common-connected-subgraph-paper/datasets/graphsdb/mcs30/bvg/b09m/mcs30_b09m_s40.B02
Reading graphs...
40 :  171
40 :  167
Initializing...
maxdom : 40
D->valSize : 1600
Solving...
Blb : 5 (clique : 15)
currentSize : 15 <-- 0.032328 s
currentSize : 16 <-- 0.033227 s
currentSize : 17 <-- 0.038417 s
currentSize : 18 <-- 0.049329 s
currentSize : 19 <-- 17.170420 s
currentSize : 20 <-- 594.114319 s

TIMEOUT
maxsize : 20
nodes : 132034838.000000
filtered : 3160878866.000000
time : 1000.000000
