Parameters: GAD=1 vflib=1 dir=0 label=0 lowerbound=1 fileNameGp=../../cp2016-max-common-connected-subgraph-paper/datasets/graphsdb/mcs30/bvg/b09/mcs30_b09_s50.A06 fileNameGt=../../cp2016-max-common-connected-subgraph-paper/datasets/graphsdb/mcs30/bvg/b09/mcs30_b09_s50.B06
Reading graphs...
50 :  220
50 :  221
Initializing...
maxdom : 50
D->valSize : 2500
Solving...
Blb : 2 (clique : 19)
currentSize : 19 <-- 0.118899 s
currentSize : 20 <-- 0.119351 s
currentSize : 21 <-- 0.168425 s
currentSize : 22 <-- 0.481989 s
currentSize : 23 <-- 2.150877 s
currentSize : 24 <-- 409.055084 s

TIMEOUT
maxsize : 24
nodes : 101868339.000000
filtered : 2768561392.000000
time : 1000.000000
