Parameters: GAD=1 vflib=1 dir=0 label=0 lowerbound=1 fileNameGp=../../cp2016-max-common-connected-subgraph-paper/datasets/graphsdb/mcs30/m3D/m3Dr4/mcs30_m3Dr4_s30.A00 fileNameGt=../../cp2016-max-common-connected-subgraph-paper/datasets/graphsdb/mcs30/m3D/m3Dr4/mcs30_m3Dr4_s30.B00
Reading graphs...
30 :  70
30 :  70
Initializing...
maxdom : 30
D->valSize : 900
Solving...
Blb : 2 (clique : 16)
currentSize : 16 <-- 0.010839 s
currentSize : 17 <-- 0.011050 s
currentSize : 18 <-- 0.111298 s
currentSize : 19 <-- 0.735642 s
currentSize : 20 <-- 102.966599 s

maxsize : 20
nodes : 21605859.000000
filtered : 896361015.000000
time : 446.857635
