Parameters: GAD=1 vflib=1 dir=0 label=0 lowerbound=1 fileNameGp=../../cp2016-max-common-connected-subgraph-paper/datasets/graphsdb/mcs30/bvg/b06m/mcs30_b06m_s35.A02 fileNameGt=../../cp2016-max-common-connected-subgraph-paper/datasets/graphsdb/mcs30/bvg/b06m/mcs30_b06m_s35.B02
Reading graphs...
35 :  104
35 :  102
Initializing...
maxdom : 35
D->valSize : 1225
Solving...
Blb : 2 (clique : 16)
currentSize : 16 <-- 0.019658 s
currentSize : 17 <-- 0.022464 s
currentSize : 18 <-- 0.022896 s
currentSize : 19 <-- 11.796837 s
currentSize : 20 <-- 12.096574 s
currentSize : 21 <-- 18.058107 s

TIMEOUT
maxsize : 21
nodes : 64335518.000000
filtered : 2528604849.000000
time : 1000.000366
