Parameters: GAD=1 vflib=1 dir=0 label=0 lowerbound=1 fileNameGp=../../cp2016-max-common-connected-subgraph-paper/datasets/graphsdb/mcs30/m3D/m3Dr2/mcs30_m3Dr2_s40.A01 fileNameGt=../../cp2016-max-common-connected-subgraph-paper/datasets/graphsdb/mcs30/m3D/m3Dr2/mcs30_m3Dr2_s40.B01
Reading graphs...
40 :  91
40 :  89
Initializing...
maxdom : 40
D->valSize : 1600
Solving...
Blb : 2 (clique : 20)
currentSize : 20 <-- 0.035422 s
currentSize : 21 <-- 0.035745 s
currentSize : 22 <-- 0.037032 s
currentSize : 23 <-- 0.037539 s
currentSize : 24 <-- 0.255120 s
currentSize : 25 <-- 0.721106 s
currentSize : 26 <-- 390.659027 s

TIMEOUT
maxsize : 26
nodes : 24726252.000000
filtered : 1270367353.000000
time : 1000.000061
