Parameters: GAD=1 vflib=1 dir=0 label=0 lowerbound=1 fileNameGp=../../cp2016-max-common-connected-subgraph-paper/datasets/graphsdb/mcs30/bvg/b03/mcs30_b03_s40.A05 fileNameGt=../../cp2016-max-common-connected-subgraph-paper/datasets/graphsdb/mcs30/bvg/b03/mcs30_b03_s40.B05
Reading graphs...
40 :  60
40 :  60
Initializing...
maxdom : 40
D->valSize : 1600
Solving...
Blb : 2 (clique : 24)
currentSize : 24 <-- 0.065369 s
currentSize : 26 <-- 0.065726 s
currentSize : 27 <-- 0.067121 s
currentSize : 28 <-- 0.110644 s
currentSize : 29 <-- 1.572530 s
currentSize : 30 <-- 244.041016 s
currentSize : 31 <-- 276.050079 s

TIMEOUT
maxsize : 31
nodes : 12686687.000000
filtered : 1201346024.000000
time : 1000.000427
