Parameters: GAD=1 vflib=1 dir=0 label=0 lowerbound=1 fileNameGp=../../cp2016-max-common-connected-subgraph-paper/datasets/graphsdb/mcs30/rand/r005/mcs30_r005_s30.A00 fileNameGt=../../cp2016-max-common-connected-subgraph-paper/datasets/graphsdb/mcs30/rand/r005/mcs30_r005_s30.B00
Reading graphs...
30 :  47
30 :  48
Initializing...
maxdom : 30
D->valSize : 900
Solving...
Blb : 2 (clique : 19)
currentSize : 19 <-- 0.020024 s
currentSize : 20 <-- 0.060344 s
currentSize : 21 <-- 1.082450 s
currentSize : 22 <-- 1.574827 s
currentSize : 23 <-- 14.479265 s

maxsize : 23
nodes : 1452799.000000
filtered : 83569194.000000
time : 66.593658
