Parameters: GAD=1 vflib=1 dir=0 label=0 lowerbound=1 fileNameGp=../../cp2016-max-common-connected-subgraph-paper/datasets/graphsdb/mcs30/bvg/b03/mcs30_b03_s35.A03 fileNameGt=../../cp2016-max-common-connected-subgraph-paper/datasets/graphsdb/mcs30/bvg/b03/mcs30_b03_s35.B03
Reading graphs...
35 :  52
35 :  52
Initializing...
maxdom : 35
D->valSize : 1225
Solving...
Blb : 5 (clique : 22)
currentSize : 22 <-- 0.021450 s
currentSize : 23 <-- 0.049024 s
currentSize : 24 <-- 0.114530 s
currentSize : 25 <-- 20.960766 s
currentSize : 26 <-- 21.092974 s
currentSize : 27 <-- 368.318420 s

TIMEOUT
maxsize : 27
nodes : 18226135.000000
filtered : 1294089122.000000
time : 1000.000305
