Parameters: GAD=1 vflib=1 dir=0 label=0 lowerbound=1 fileNameGp=../../cp2016-max-common-connected-subgraph-paper/datasets/graphsdb/mcs30/rand/r005/mcs30_r005_s40.A08 fileNameGt=../../cp2016-max-common-connected-subgraph-paper/datasets/graphsdb/mcs30/rand/r005/mcs30_r005_s40.B08
Reading graphs...
40 :  83
40 :  82
Initializing...
maxdom : 40
D->valSize : 1600
Solving...
Blb : 2 (clique : 21)
currentSize : 21 <-- 0.035868 s
currentSize : 22 <-- 0.036097 s
currentSize : 23 <-- 0.036218 s
currentSize : 24 <-- 0.036398 s
currentSize : 25 <-- 0.037082 s
currentSize : 26 <-- 0.047329 s
currentSize : 27 <-- 179.497635 s

TIMEOUT
maxsize : 27
nodes : 21017230.000000
filtered : 1412516535.000000
time : 1000.000061
