Parameters: GAD=1 vflib=1 dir=0 label=0 lowerbound=1 fileNameGp=../../cp2016-max-common-connected-subgraph-paper/datasets/graphsdb/mcs30/m3D/m3Dr6/mcs30_m3Dr6_s30.A06 fileNameGt=../../cp2016-max-common-connected-subgraph-paper/datasets/graphsdb/mcs30/m3D/m3Dr6/mcs30_m3Dr6_s30.B06
Reading graphs...
30 :  77
30 :  77
Initializing...
maxdom : 30
D->valSize : 900
Solving...
Blb : 2 (clique : 14)
currentSize : 14 <-- 0.010676 s
currentSize : 15 <-- 0.010905 s
currentSize : 16 <-- 0.011298 s
currentSize : 17 <-- 0.018505 s
currentSize : 18 <-- 0.719152 s
currentSize : 19 <-- 13.304084 s

maxsize : 19
nodes : 21626770.000000
filtered : 734881681.000000
time : 334.332825
