Parameters: GAD=1 vflib=1 dir=0 label=0 lowerbound=1 fileNameGp=../../cp2016-max-common-connected-subgraph-paper/datasets/graphsdb/mcs30/rand/r02/mcs30_r02_s40.A09 fileNameGt=../../cp2016-max-common-connected-subgraph-paper/datasets/graphsdb/mcs30/rand/r02/mcs30_r02_s40.B09
Reading graphs...
40 :  286
40 :  274
Initializing...
maxdom : 40
D->valSize : 1600
Solving...
Blb : 5 (clique : 11)
currentSize : 11 <-- 0.051387 s
currentSize : 12 <-- 0.051628 s
currentSize : 13 <-- 0.051994 s
currentSize : 14 <-- 0.052953 s
currentSize : 15 <-- 0.324448 s
currentSize : 16 <-- 36.364334 s

TIMEOUT
maxsize : 16
nodes : 217706057.000000
filtered : 2995973140.000000
time : 1000.000000
