Parameters: GAD=1 vflib=1 dir=0 label=0 lowerbound=1 fileNameGp=../../cp2016-max-common-connected-subgraph-paper/datasets/graphsdb/mcs30/m4D/m4Dr4/mcs30_m4Dr4_s50.A08 fileNameGt=../../cp2016-max-common-connected-subgraph-paper/datasets/graphsdb/mcs30/m4D/m4Dr4/mcs30_m4Dr4_s50.B08
Reading graphs...
50 :  105
50 :  102
Initializing...
maxdom : 50
D->valSize : 2500
Solving...
Blb : 2 (clique : 28)
currentSize : 28 <-- 0.096110 s
currentSize : 29 <-- 0.097620 s
currentSize : 30 <-- 0.101162 s
currentSize : 31 <-- 29.611080 s
currentSize : 32 <-- 112.399933 s
currentSize : 33 <-- 457.161926 s

TIMEOUT
maxsize : 33
nodes : 32636421.000000
filtered : 1369997622.000000
time : 1000.000183
