Parameters: GAD=1 vflib=1 dir=0 label=0 lowerbound=1 fileNameGp=../../cp2016-max-common-connected-subgraph-paper/datasets/graphsdb/mcs30/m2D/m2Dr2/mcs30_m2Dr2_s50.A09 fileNameGt=../../cp2016-max-common-connected-subgraph-paper/datasets/graphsdb/mcs30/m2D/m2Dr2/mcs30_m2Dr2_s50.B09
Reading graphs...
50 :  94
50 :  94
Initializing...
maxdom : 50
D->valSize : 2500
Solving...
Blb : 2 (clique : 27)
currentSize : 27 <-- 0.097208 s
currentSize : 28 <-- 0.097682 s
currentSize : 29 <-- 0.098019 s
currentSize : 30 <-- 0.102567 s
currentSize : 31 <-- 0.312064 s
currentSize : 32 <-- 0.654849 s
currentSize : 33 <-- 61.708393 s
currentSize : 34 <-- 164.127914 s

TIMEOUT
maxsize : 34
nodes : 15401526.000000
filtered : 1011704266.000000
time : 1000.000061
