Parameters: GAD=1 vflib=1 dir=0 label=0 lowerbound=1 fileNameGp=../../cp2016-max-common-connected-subgraph-paper/datasets/graphsdb/mcs30/rand/r005/mcs30_r005_s40.A00 fileNameGt=../../cp2016-max-common-connected-subgraph-paper/datasets/graphsdb/mcs30/rand/r005/mcs30_r005_s40.B00
Reading graphs...
40 :  81
40 :  82
Initializing...
maxdom : 40
D->valSize : 1600
Solving...
Blb : 2 (clique : 20)
currentSize : 20 <-- 0.036043 s
currentSize : 21 <-- 0.040052 s
currentSize : 22 <-- 0.057388 s
currentSize : 23 <-- 0.776173 s
currentSize : 24 <-- 1.310975 s
currentSize : 25 <-- 4.227961 s
currentSize : 26 <-- 32.316277 s
currentSize : 27 <-- 87.050591 s

TIMEOUT
maxsize : 27
nodes : 36205442.000000
filtered : 1549380464.000000
time : 1000.000122
