Parameters: GAD=1 vflib=1 dir=0 label=0 lowerbound=1 fileNameGp=../../cp2016-max-common-connected-subgraph-paper/datasets/graphsdb/mcs30/m3D/m3Dr6/mcs30_m3Dr6_s40.A09 fileNameGt=../../cp2016-max-common-connected-subgraph-paper/datasets/graphsdb/mcs30/m3D/m3Dr6/mcs30_m3Dr6_s40.B09
Reading graphs...
40 :  105
40 :  101
Initializing...
maxdom : 40
D->valSize : 1600
Solving...
Blb : 2 (clique : 19)
currentSize : 19 <-- 0.034929 s
currentSize : 20 <-- 0.035276 s
currentSize : 21 <-- 0.035621 s
currentSize : 22 <-- 0.036921 s
currentSize : 23 <-- 1.144907 s
currentSize : 24 <-- 3.650461 s

TIMEOUT
maxsize : 24
nodes : 52543199.000000
filtered : 2262817994.000000
time : 1000.000061
