Parameters: GAD=1 vflib=1 dir=0 label=0 lowerbound=1 fileNameGp=../../cp2016-max-common-connected-subgraph-paper/datasets/graphsdb/mcs30/m4D/m4Dr4/mcs30_m4Dr4_s50.A00 fileNameGt=../../cp2016-max-common-connected-subgraph-paper/datasets/graphsdb/mcs30/m4D/m4Dr4/mcs30_m4Dr4_s50.B00
Reading graphs...
50 :  103
50 :  104
Initializing...
maxdom : 50
D->valSize : 2500
Solving...
Blb : 2 (clique : 25)
currentSize : 25 <-- 0.113844 s
currentSize : 26 <-- 0.114243 s
currentSize : 27 <-- 0.114432 s
currentSize : 28 <-- 0.147179 s
currentSize : 29 <-- 0.244829 s
currentSize : 30 <-- 0.245202 s
currentSize : 31 <-- 0.385498 s

TIMEOUT
maxsize : 31
nodes : 31606388.000000
filtered : 1538222301.000000
time : 1000.000000
