Parameters: GAD=1 vflib=1 dir=0 label=0 lowerbound=1 fileNameGp=../../cp2016-max-common-connected-subgraph-paper/datasets/graphsdb/mcs30/m3D/m3Dr4/mcs30_m3Dr4_s30.A02 fileNameGt=../../cp2016-max-common-connected-subgraph-paper/datasets/graphsdb/mcs30/m3D/m3Dr4/mcs30_m3Dr4_s30.B02
Reading graphs...
30 :  68
30 :  70
Initializing...
maxdom : 30
D->valSize : 900
Solving...
Blb : 2 (clique : 16)
currentSize : 16 <-- 0.011023 s
currentSize : 17 <-- 0.011406 s
currentSize : 18 <-- 0.012938 s
currentSize : 19 <-- 0.274551 s
currentSize : 20 <-- 173.042999 s

maxsize : 20
nodes : 26079327.000000
filtered : 943447344.000000
time : 516.931274
