Parameters: GAD=1 vflib=1 dir=0 label=0 lowerbound=1 fileNameGp=../../cp2016-max-common-connected-subgraph-paper/datasets/graphsdb/mcs30/bvg/b03m/mcs30_b03m_s40.A05 fileNameGt=../../cp2016-max-common-connected-subgraph-paper/datasets/graphsdb/mcs30/bvg/b03m/mcs30_b03m_s40.B05
Reading graphs...
40 :  59
40 :  59
Initializing...
maxdom : 40
D->valSize : 1600
Solving...
Blb : 2 (clique : 25)
currentSize : 25 <-- 0.037171 s
currentSize : 26 <-- 0.037459 s
currentSize : 27 <-- 0.065119 s
currentSize : 28 <-- 0.619272 s
currentSize : 29 <-- 41.822937 s
currentSize : 30 <-- 70.626205 s

TIMEOUT
maxsize : 30
nodes : 10820798.000000
filtered : 812408521.000000
time : 1000.000000
