Parameters: GAD=1 vflib=1 dir=0 label=0 lowerbound=1 fileNameGp=../../cp2016-max-common-connected-subgraph-paper/datasets/graphsdb/mcs30/rand/r01/mcs30_r01_s35.A09 fileNameGt=../../cp2016-max-common-connected-subgraph-paper/datasets/graphsdb/mcs30/rand/r01/mcs30_r01_s35.B09
Reading graphs...
35 :  112
35 :  113
Initializing...
maxdom : 35
D->valSize : 1225
Solving...
Blb : 5 (clique : 15)
currentSize : 15 <-- 0.033958 s
currentSize : 16 <-- 0.034213 s
currentSize : 17 <-- 0.034812 s
currentSize : 18 <-- 0.116249 s
currentSize : 19 <-- 0.734129 s
currentSize : 20 <-- 21.958488 s

TIMEOUT
maxsize : 20
nodes : 110748792.000000
filtered : 3192861800.000000
time : 1000.000000
