Parameters: GAD=1 vflib=1 dir=0 label=0 lowerbound=1 fileNameGp=../../cp2016-max-common-connected-subgraph-paper/datasets/graphsdb/mcs30/bvg/b03m/mcs30_b03m_s35.A09 fileNameGt=../../cp2016-max-common-connected-subgraph-paper/datasets/graphsdb/mcs30/bvg/b03m/mcs30_b03m_s35.B09
Reading graphs...
35 :  52
35 :  51
Initializing...
maxdom : 35
D->valSize : 1225
Solving...
Blb : 2 (clique : 21)
currentSize : 21 <-- 0.037759 s
currentSize : 22 <-- 0.622448 s
currentSize : 23 <-- 0.634125 s
currentSize : 24 <-- 5.382540 s
currentSize : 25 <-- 35.999027 s
currentSize : 26 <-- 36.945919 s
currentSize : 27 <-- 385.538971 s

TIMEOUT
maxsize : 27
nodes : 12211626.000000
filtered : 840043577.000000
time : 1000.000244
