Parameters: GAD=1 vflib=1 dir=0 label=0 lowerbound=1 fileNameGp=../../cp2016-max-common-connected-subgraph-paper/datasets/graphsdb/mcs30/m2D/m2Dr6/mcs30_m2Dr6_s30.A01 fileNameGt=../../cp2016-max-common-connected-subgraph-paper/datasets/graphsdb/mcs30/m2D/m2Dr6/mcs30_m2Dr6_s30.B01
Reading graphs...
30 :  63
30 :  64
Initializing...
maxdom : 30
D->valSize : 900
Solving...
Blb : 2 (clique : 15)
currentSize : 15 <-- 0.011101 s
currentSize : 16 <-- 0.011236 s
currentSize : 17 <-- 0.013042 s
currentSize : 18 <-- 0.014306 s
currentSize : 19 <-- 0.245702 s
currentSize : 20 <-- 4.011557 s
currentSize : 21 <-- 55.268391 s

maxsize : 21
nodes : 10218499.000000
filtered : 458423985.000000
time : 240.954224
