Parameters: GAD=1 vflib=1 dir=0 label=0 lowerbound=1 fileNameGp=../../cp2016-max-common-connected-subgraph-paper/datasets/graphsdb/mcs30/rand/r01/mcs30_r01_s30.A01 fileNameGt=../../cp2016-max-common-connected-subgraph-paper/datasets/graphsdb/mcs30/rand/r01/mcs30_r01_s30.B01
Reading graphs...
30 :  85
30 :  84
Initializing...
maxdom : 30
D->valSize : 900
Solving...
Blb : 2 (clique : 15)
currentSize : 15 <-- 0.018529 s
currentSize : 16 <-- 0.019067 s
currentSize : 17 <-- 0.073023 s
currentSize : 18 <-- 10.763509 s
currentSize : 19 <-- 522.109863 s

maxsize : 19
nodes : 50962827.000000
filtered : 1486543466.000000
time : 577.248474
