Parameters: GAD=1 vflib=1 dir=0 label=0 lowerbound=1 fileNameGp=../../cp2016-max-common-connected-subgraph-paper/datasets/graphsdb/mcs30/rand/r02/mcs30_r02_s40.A00 fileNameGt=../../cp2016-max-common-connected-subgraph-paper/datasets/graphsdb/mcs30/rand/r02/mcs30_r02_s40.B00
Reading graphs...
40 :  286
40 :  274
Initializing...
maxdom : 40
D->valSize : 1600
Solving...
Blb : 2 (clique : 11)
currentSize : 11 <-- 0.032934 s
currentSize : 12 <-- 0.033241 s
currentSize : 13 <-- 0.035699 s
currentSize : 14 <-- 0.051003 s
currentSize : 15 <-- 0.716002 s
currentSize : 16 <-- 69.398376 s

TIMEOUT
maxsize : 16
nodes : 223374852.000000
filtered : 2873031173.000000
time : 1000.000000
