Parameters: GAD=1 vflib=1 dir=0 label=0 lowerbound=1 fileNameGp=../../cp2016-max-common-connected-subgraph-paper/datasets/graphsdb/mcs30/bvg/b03/mcs30_b03_s40.A02 fileNameGt=../../cp2016-max-common-connected-subgraph-paper/datasets/graphsdb/mcs30/bvg/b03/mcs30_b03_s40.B02
Reading graphs...
40 :  60
40 :  60
Initializing...
maxdom : 40
D->valSize : 1600
Solving...
Blb : 2 (clique : 24)
currentSize : 24 <-- 0.037168 s
currentSize : 26 <-- 0.037411 s
currentSize : 27 <-- 0.037472 s
currentSize : 28 <-- 0.053774 s
currentSize : 29 <-- 9.827766 s
currentSize : 30 <-- 288.337708 s

TIMEOUT
maxsize : 30
nodes : 11488401.000000
filtered : 816718658.000000
time : 1000.000366
