Parameters: GAD=1 vflib=1 dir=0 label=0 lowerbound=1 fileNameGp=../../cp2016-max-common-connected-subgraph-paper/datasets/graphsdb/mcs30/bvg/b03m/mcs30_b03m_s35.A02 fileNameGt=../../cp2016-max-common-connected-subgraph-paper/datasets/graphsdb/mcs30/bvg/b03m/mcs30_b03m_s35.B02
Reading graphs...
35 :  51
35 :  50
Initializing...
maxdom : 35
D->valSize : 1225
Solving...
Blb : 2 (clique : 22)
currentSize : 22 <-- 0.021537 s
currentSize : 23 <-- 0.025022 s
currentSize : 24 <-- 0.103559 s
currentSize : 25 <-- 0.139702 s
currentSize : 26 <-- 0.236558 s
currentSize : 27 <-- 21.449228 s
currentSize : 28 <-- 380.559814 s

TIMEOUT
maxsize : 28
nodes : 8675246.000000
filtered : 843473324.000000
time : 1000.000305
