Parameters: GAD=1 vflib=1 dir=0 label=0 lowerbound=1 fileNameGp=../../cp2016-max-common-connected-subgraph-paper/datasets/graphsdb/mcs30/bvg/b09/mcs30_b09_s50.A01 fileNameGt=../../cp2016-max-common-connected-subgraph-paper/datasets/graphsdb/mcs30/bvg/b09/mcs30_b09_s50.B01
Reading graphs...
50 :  219
50 :  220
Initializing...
maxdom : 50
D->valSize : 2500
Solving...
Blb : 2 (clique : 19)
currentSize : 19 <-- 0.115511 s
currentSize : 21 <-- 0.116791 s
currentSize : 22 <-- 0.116860 s
currentSize : 23 <-- 0.148768 s
currentSize : 24 <-- 5.735387 s
currentSize : 25 <-- 32.767075 s

TIMEOUT
maxsize : 25
nodes : 76633451.000000
filtered : 2548534382.000000
time : 1000.000183
