Parameters: GAD=1 vflib=1 dir=0 label=0 lowerbound=1 fileNameGp=../../cp2016-max-common-connected-subgraph-paper/datasets/graphsdb/mcs30/m3D/m3Dr4/mcs30_m3Dr4_s30.A07 fileNameGt=../../cp2016-max-common-connected-subgraph-paper/datasets/graphsdb/mcs30/m3D/m3Dr4/mcs30_m3Dr4_s30.B07
Reading graphs...
30 :  69
30 :  68
Initializing...
maxdom : 30
D->valSize : 900
Solving...
Blb : 3 (clique : 15)
currentSize : 15 <-- 0.011695 s
currentSize : 16 <-- 0.011832 s
currentSize : 17 <-- 0.011899 s
currentSize : 18 <-- 0.013678 s
currentSize : 19 <-- 0.124583 s
currentSize : 20 <-- 180.654373 s

maxsize : 20
nodes : 20529539.000000
filtered : 706403072.000000
time : 365.479218
