Parameters: GAD=1 vflib=1 dir=0 label=0 lowerbound=1 fileNameGp=../../cp2016-max-common-connected-subgraph-paper/datasets/graphsdb/mcs30/m3D/m3Dr4/mcs30_m3Dr4_s30.A06 fileNameGt=../../cp2016-max-common-connected-subgraph-paper/datasets/graphsdb/mcs30/m3D/m3Dr4/mcs30_m3Dr4_s30.B06
Reading graphs...
30 :  72
30 :  68
Initializing...
maxdom : 30
D->valSize : 900
Solving...
Blb : 2 (clique : 14)
currentSize : 14 <-- 0.011688 s
currentSize : 15 <-- 0.015829 s
currentSize : 16 <-- 0.019278 s
currentSize : 17 <-- 0.080953 s
currentSize : 18 <-- 0.823760 s
currentSize : 19 <-- 16.083349 s

maxsize : 19
nodes : 20736236.000000
filtered : 774982047.000000
time : 331.685028
