Parameters: GAD=1 vflib=1 dir=0 label=0 lowerbound=1 fileNameGp=../../cp2016-max-common-connected-subgraph-paper/datasets/graphsdb/mcs30/rand/r02/mcs30_r02_s30.A01 fileNameGt=../../cp2016-max-common-connected-subgraph-paper/datasets/graphsdb/mcs30/rand/r02/mcs30_r02_s30.B01
Reading graphs...
30 :  153
30 :  150
Initializing...
maxdom : 30
D->valSize : 900
Solving...
Blb : 2 (clique : 10)
currentSize : 10 <-- 0.009559 s
currentSize : 11 <-- 0.009670 s
currentSize : 12 <-- 0.009729 s
currentSize : 13 <-- 0.024619 s
currentSize : 14 <-- 0.501874 s
currentSize : 15 <-- 170.289108 s

maxsize : 15
nodes : 81785147.000000
filtered : 1233083452.000000
time : 366.016754
