Parameters: GAD=1 vflib=1 dir=0 label=0 lowerbound=1 fileNameGp=../../cp2016-max-common-connected-subgraph-paper/datasets/graphsdb/mcs30/m3D/m3Dr4/mcs30_m3Dr4_s30.A08 fileNameGt=../../cp2016-max-common-connected-subgraph-paper/datasets/graphsdb/mcs30/m3D/m3Dr4/mcs30_m3Dr4_s30.B08
Reading graphs...
30 :  72
30 :  71
Initializing...
maxdom : 30
D->valSize : 900
Solving...
Blb : 2 (clique : 15)
currentSize : 15 <-- 0.010906 s
currentSize : 16 <-- 0.011055 s
currentSize : 17 <-- 0.041455 s
currentSize : 18 <-- 0.788182 s
currentSize : 19 <-- 0.923429 s
currentSize : 20 <-- 9.941866 s

maxsize : 20
nodes : 6966748.000000
filtered : 315095081.000000
time : 164.264587
