Parameters: GAD=1 vflib=1 dir=0 label=0 lowerbound=1 fileNameGp=../../cp2016-max-common-connected-subgraph-paper/datasets/graphsdb/mcs30/bvg/b03m/mcs30_b03m_s40.A08 fileNameGt=../../cp2016-max-common-connected-subgraph-paper/datasets/graphsdb/mcs30/bvg/b03m/mcs30_b03m_s40.B08
Reading graphs...
40 :  59
40 :  58
Initializing...
maxdom : 40
D->valSize : 1600
Solving...
Blb : 2 (clique : 25)
currentSize : 25 <-- 0.037426 s
currentSize : 26 <-- 0.038918 s
currentSize : 27 <-- 0.402235 s
currentSize : 28 <-- 0.466322 s
currentSize : 29 <-- 10.482696 s
currentSize : 30 <-- 276.392761 s
currentSize : 31 <-- 361.416412 s

TIMEOUT
maxsize : 31
nodes : 12767145.000000
filtered : 1022500571.000000
time : 1000.000610
