Parameters: GAD=1 vflib=1 dir=0 label=0 lowerbound=1 fileNameGp=../../cp2016-max-common-connected-subgraph-paper/datasets/graphsdb/mcs30/bvg/b06m/mcs30_b06m_s40.A05 fileNameGt=../../cp2016-max-common-connected-subgraph-paper/datasets/graphsdb/mcs30/bvg/b06m/mcs30_b06m_s40.B05
Reading graphs...
40 :  113
40 :  117
Initializing...
maxdom : 40
D->valSize : 1600
Solving...
Blb : 2 (clique : 16)
currentSize : 16 <-- 0.034575 s
currentSize : 17 <-- 0.034788 s
currentSize : 18 <-- 0.035757 s
currentSize : 19 <-- 0.035989 s
currentSize : 20 <-- 0.053941 s
currentSize : 21 <-- 0.069860 s
currentSize : 22 <-- 0.144171 s
currentSize : 23 <-- 6.749989 s
currentSize : 24 <-- 36.783672 s

TIMEOUT
maxsize : 24
nodes : 38821024.000000
filtered : 1667894717.000000
time : 1000.000244
