Parameters: GAD=1 vflib=1 dir=0 label=0 lowerbound=1 fileNameGp=../../cp2016-max-common-connected-subgraph-paper/datasets/graphsdb/mcs30/m2D/m2Dr6/mcs30_m2Dr6_s50.A09 fileNameGt=../../cp2016-max-common-connected-subgraph-paper/datasets/graphsdb/mcs30/m2D/m2Dr6/mcs30_m2Dr6_s50.B09
Reading graphs...
50 :  111
50 :  109
Initializing...
maxdom : 50
D->valSize : 2500
Solving...
Blb : 2 (clique : 25)
currentSize : 25 <-- 0.094936 s
currentSize : 26 <-- 0.095349 s
currentSize : 27 <-- 0.097329 s
currentSize : 28 <-- 0.098124 s
currentSize : 29 <-- 0.231202 s
currentSize : 30 <-- 0.319366 s
currentSize : 31 <-- 0.921031 s
currentSize : 32 <-- 89.031250 s

TIMEOUT
maxsize : 32
nodes : 21398072.000000
filtered : 1366475792.000000
time : 1000.000488
