Parameters: GAD=1 vflib=1 dir=0 label=0 lowerbound=1 fileNameGp=../../cp2016-max-common-connected-subgraph-paper/datasets/graphsdb/mcs30/rand/r01/mcs30_r01_s35.A05 fileNameGt=../../cp2016-max-common-connected-subgraph-paper/datasets/graphsdb/mcs30/rand/r01/mcs30_r01_s35.B05
Reading graphs...
35 :  116
35 :  115
Initializing...
maxdom : 35
D->valSize : 1225
Solving...
Blb : 2 (clique : 15)
currentSize : 15 <-- 0.033868 s
currentSize : 16 <-- 0.035401 s
currentSize : 17 <-- 0.036160 s
currentSize : 18 <-- 0.285801 s
currentSize : 19 <-- 0.425777 s
currentSize : 20 <-- 96.542946 s

TIMEOUT
maxsize : 20
nodes : 85246736.000000
filtered : 3340357747.000000
time : 1000.000000
