Parameters: GAD=1 vflib=1 dir=0 label=0 lowerbound=1 fileNameGp=../../cp2016-max-common-connected-subgraph-paper/datasets/graphsdb/mcs30/bvg/b09m/mcs30_b09m_s35.A04 fileNameGt=../../cp2016-max-common-connected-subgraph-paper/datasets/graphsdb/mcs30/bvg/b09m/mcs30_b09m_s35.B04
Reading graphs...
35 :  143
35 :  143
Initializing...
maxdom : 35
D->valSize : 1225
Solving...
Blb : 5 (clique : 13)
currentSize : 13 <-- 0.018857 s
currentSize : 14 <-- 0.019033 s
currentSize : 15 <-- 0.020346 s
currentSize : 16 <-- 0.033061 s
currentSize : 17 <-- 12.008440 s
currentSize : 18 <-- 320.907501 s

TIMEOUT
maxsize : 18
nodes : 120716265.000000
filtered : 3032420276.000000
time : 1000.000000
