Parameters: GAD=1 vflib=1 dir=0 label=0 lowerbound=1 fileNameGp=../../cp2016-max-common-connected-subgraph-paper/datasets/graphsdb/mcs30/m2D/m2Dr4/mcs30_m2Dr4_s50.A06 fileNameGt=../../cp2016-max-common-connected-subgraph-paper/datasets/graphsdb/mcs30/m2D/m2Dr4/mcs30_m2Dr4_s50.B06
Reading graphs...
50 :  102
50 :  100
Initializing...
maxdom : 50
D->valSize : 2500
Solving...
Blb : 2 (clique : 25)
currentSize : 25 <-- 0.095935 s
currentSize : 26 <-- 0.096657 s
currentSize : 27 <-- 0.104986 s
currentSize : 28 <-- 0.111414 s
currentSize : 29 <-- 0.138676 s
currentSize : 30 <-- 0.166849 s
currentSize : 31 <-- 0.201320 s
currentSize : 32 <-- 0.311515 s
currentSize : 33 <-- 604.912292 s
currentSize : 34 <-- 704.514526 s

TIMEOUT
maxsize : 34
nodes : 24187342.000000
filtered : 1480038512.000000
time : 1000.000061
