Parameters: GAD=1 vflib=1 dir=0 label=0 lowerbound=1 fileNameGp=../../cp2016-max-common-connected-subgraph-paper/datasets/graphsdb/mcs30/m3D/m3D/mcs30_m3D_s40.A03 fileNameGt=../../cp2016-max-common-connected-subgraph-paper/datasets/graphsdb/mcs30/m3D/m3D/mcs30_m3D_s40.B03
Reading graphs...
40 :  83
40 :  83
Initializing...
maxdom : 40
D->valSize : 1600
Solving...
Blb : 2 (clique : 21)
currentSize : 21 <-- 0.036091 s
currentSize : 22 <-- 0.036494 s
currentSize : 23 <-- 0.036765 s
currentSize : 24 <-- 0.037746 s
currentSize : 25 <-- 0.059698 s
currentSize : 26 <-- 2.134615 s

TIMEOUT
maxsize : 26
nodes : 25065108.000000
filtered : 1184562771.000000
time : 1000.000305
