Parameters: GAD=1 vflib=1 dir=0 label=0 lowerbound=1 fileNameGp=../../cp2016-max-common-connected-subgraph-paper/datasets/graphsdb/mcs30/m3D/m3Dr4/mcs30_m3Dr4_s30.A05 fileNameGt=../../cp2016-max-common-connected-subgraph-paper/datasets/graphsdb/mcs30/m3D/m3Dr4/mcs30_m3Dr4_s30.B05
Reading graphs...
30 :  71
30 :  67
Initializing...
maxdom : 30
D->valSize : 900
Solving...
Blb : 2 (clique : 14)
currentSize : 14 <-- 0.011108 s
currentSize : 15 <-- 0.011385 s
currentSize : 16 <-- 0.012479 s
currentSize : 17 <-- 0.019285 s
currentSize : 18 <-- 0.024542 s
currentSize : 19 <-- 0.128169 s

TIMEOUT
maxsize : 19
nodes : 47676116.000000
filtered : 1792720058.000000
time : 1000.000122
