Parameters: GAD=1 vflib=1 dir=0 label=0 lowerbound=1 fileNameGp=../../cp2016-max-common-connected-subgraph-paper/datasets/graphsdb/mcs30/bvg/b09/mcs30_b09_s35.A00 fileNameGt=../../cp2016-max-common-connected-subgraph-paper/datasets/graphsdb/mcs30/bvg/b09/mcs30_b09_s35.B00
Reading graphs...
35 :  152
35 :  150
Initializing...
maxdom : 35
D->valSize : 1225
Solving...
Blb : 2 (clique : 13)
currentSize : 13 <-- 0.019243 s
currentSize : 14 <-- 0.020971 s
currentSize : 15 <-- 0.021349 s
currentSize : 16 <-- 0.066906 s
currentSize : 17 <-- 6.711024 s
currentSize : 18 <-- 6.711678 s
currentSize : 19 <-- 11.103044 s

TIMEOUT
maxsize : 19
nodes : 104815045.000000
filtered : 3279529657.000000
time : 1000.000427
