Parameters: GAD=1 vflib=1 dir=0 label=0 lowerbound=1 fileNameGp=../../cp2016-max-common-connected-subgraph-paper/datasets/graphsdb/mcs30/m3D/m3Dr6/mcs30_m3Dr6_s40.A04 fileNameGt=../../cp2016-max-common-connected-subgraph-paper/datasets/graphsdb/mcs30/m3D/m3Dr6/mcs30_m3Dr6_s40.B04
Reading graphs...
40 :  105
40 :  103
Initializing...
maxdom : 40
D->valSize : 1600
Solving...
Blb : 5 (clique : 18)
currentSize : 18 <-- 0.061593 s
currentSize : 19 <-- 0.061915 s
currentSize : 20 <-- 0.063397 s
currentSize : 21 <-- 0.073097 s
currentSize : 22 <-- 0.086431 s
currentSize : 23 <-- 0.183356 s
currentSize : 24 <-- 14.090441 s
currentSize : 25 <-- 117.067970 s

TIMEOUT
maxsize : 25
nodes : 44690038.000000
filtered : 2038093945.000000
time : 1000.000549
