Parameters: GAD=1 vflib=1 dir=0 label=0 lowerbound=1 fileNameGp=../../cp2016-max-common-connected-subgraph-paper/datasets/graphsdb/mcs30/bvg/b09m/mcs30_b09m_s40.A09 fileNameGt=../../cp2016-max-common-connected-subgraph-paper/datasets/graphsdb/mcs30/bvg/b09m/mcs30_b09m_s40.B09
Reading graphs...
40 :  169
40 :  170
Initializing...
maxdom : 40
D->valSize : 1600
Solving...
Blb : 2 (clique : 15)
currentSize : 15 <-- 0.055755 s
currentSize : 16 <-- 0.056491 s
currentSize : 17 <-- 0.059268 s
currentSize : 18 <-- 0.133965 s
currentSize : 19 <-- 2.896588 s
currentSize : 20 <-- 87.592400 s

TIMEOUT
maxsize : 20
nodes : 125063078.000000
filtered : 3399805052.000000
time : 1000.000000
