Parameters: GAD=1 vflib=1 dir=0 label=0 lowerbound=1 fileNameGp=../../cp2016-max-common-connected-subgraph-paper/datasets/graphsdb/mcs30/m2D/m2Dr6/mcs30_m2Dr6_s30.A03 fileNameGt=../../cp2016-max-common-connected-subgraph-paper/datasets/graphsdb/mcs30/m2D/m2Dr6/mcs30_m2Dr6_s30.B03
Reading graphs...
30 :  65
30 :  63
Initializing...
maxdom : 30
D->valSize : 900
Solving...
Blb : 2 (clique : 16)
currentSize : 16 <-- 0.019057 s
currentSize : 17 <-- 0.019237 s
currentSize : 18 <-- 0.020246 s
currentSize : 19 <-- 0.090998 s
currentSize : 20 <-- 0.166328 s
currentSize : 21 <-- 64.184761 s

maxsize : 21
nodes : 18385306.000000
filtered : 1008567996.000000
time : 595.520508
