Parameters: GAD=1 vflib=1 dir=0 label=0 lowerbound=1 fileNameGp=../../cp2016-max-common-connected-subgraph-paper/datasets/graphsdb/mcs30/m2D/m2D/mcs30_m2D_s50.A01 fileNameGt=../../cp2016-max-common-connected-subgraph-paper/datasets/graphsdb/mcs30/m2D/m2D/mcs30_m2D_s50.B01
Reading graphs...
50 :  84
50 :  85
Initializing...
maxdom : 50
D->valSize : 2500
Solving...
Blb : 2 (clique : 30)
currentSize : 30 <-- 0.112544 s
currentSize : 31 <-- 0.119892 s
currentSize : 32 <-- 0.241377 s
currentSize : 33 <-- 0.246645 s
currentSize : 34 <-- 7.715068 s
currentSize : 35 <-- 16.429972 s

TIMEOUT
maxsize : 35
nodes : 14105928.000000
filtered : 984556662.000000
time : 1000.000061
