Parameters: GAD=1 vflib=1 dir=0 label=0 lowerbound=1 fileNameGp=../../cp2016-max-common-connected-subgraph-paper/datasets/graphsdb/mcs30/rand/r01/mcs30_r01_s40.A07 fileNameGt=../../cp2016-max-common-connected-subgraph-paper/datasets/graphsdb/mcs30/rand/r01/mcs30_r01_s40.B07
Reading graphs...
40 :  150
40 :  147
Initializing...
maxdom : 40
D->valSize : 1600
Solving...
Blb : 2 (clique : 16)
currentSize : 16 <-- 0.033015 s
currentSize : 17 <-- 0.033457 s
currentSize : 18 <-- 0.033516 s
currentSize : 19 <-- 0.035402 s
currentSize : 20 <-- 1.493439 s
currentSize : 21 <-- 6.905728 s

TIMEOUT
maxsize : 21
nodes : 130799685.000000
filtered : 2970725916.000000
time : 1000.000000
