Parameters: GAD=1 vflib=1 dir=0 label=0 lowerbound=1 fileNameGp=../../cp2016-max-common-connected-subgraph-paper/datasets/graphsdb/mcs30/m3D/m3Dr4/mcs30_m3Dr4_s40.A09 fileNameGt=../../cp2016-max-common-connected-subgraph-paper/datasets/graphsdb/mcs30/m3D/m3Dr4/mcs30_m3Dr4_s40.B09
Reading graphs...
40 :  96
40 :  96
Initializing...
maxdom : 40
D->valSize : 1600
Solving...
Blb : 2 (clique : 20)
currentSize : 20 <-- 0.035536 s
currentSize : 21 <-- 0.036594 s
currentSize : 22 <-- 0.050810 s
currentSize : 23 <-- 0.083188 s
currentSize : 24 <-- 4.903361 s
currentSize : 25 <-- 825.554321 s

TIMEOUT
maxsize : 25
nodes : 45803530.000000
filtered : 1681466228.000000
time : 1000.000000
