Parameters: GAD=1 vflib=1 dir=0 label=0 lowerbound=1 fileNameGp=../../cp2016-max-common-connected-subgraph-paper/datasets/graphsdb/mcs30/rand/r01/mcs30_r01_s40.A05 fileNameGt=../../cp2016-max-common-connected-subgraph-paper/datasets/graphsdb/mcs30/rand/r01/mcs30_r01_s40.B05
Reading graphs...
40 :  142
40 :  149
Initializing...
maxdom : 40
D->valSize : 1600
Solving...
Blb : 2 (clique : 15)
currentSize : 15 <-- 0.055102 s
currentSize : 17 <-- 0.055281 s
currentSize : 18 <-- 0.058268 s
currentSize : 19 <-- 0.184786 s
currentSize : 20 <-- 0.933151 s
currentSize : 21 <-- 58.242081 s

TIMEOUT
maxsize : 21
nodes : 107577458.000000
filtered : 3057443060.000000
time : 1000.000000
