Parameters: GAD=1 vflib=1 dir=0 label=0 lowerbound=1 fileNameGp=../../cp2016-max-common-connected-subgraph-paper/datasets/graphsdb/mcs30/bvg/b06m/mcs30_b06m_s40.A04 fileNameGt=../../cp2016-max-common-connected-subgraph-paper/datasets/graphsdb/mcs30/bvg/b06m/mcs30_b06m_s40.B04
Reading graphs...
40 :  115
40 :  119
Initializing...
maxdom : 40
D->valSize : 1600
Solving...
Blb : 2 (clique : 18)
currentSize : 18 <-- 0.034808 s
currentSize : 19 <-- 0.035031 s
currentSize : 20 <-- 0.035171 s
currentSize : 21 <-- 0.035763 s
currentSize : 22 <-- 0.048486 s
currentSize : 23 <-- 135.046585 s
currentSize : 24 <-- 157.497467 s

TIMEOUT
maxsize : 24
nodes : 65107014.000000
filtered : 2707136789.000000
time : 1000.000488
