Parameters: GAD=1 vflib=1 dir=0 label=0 lowerbound=1 fileNameGp=../../cp2016-max-common-connected-subgraph-paper/datasets/graphsdb/mcs30/m3D/m3D/mcs30_m3D_s30.A04 fileNameGt=../../cp2016-max-common-connected-subgraph-paper/datasets/graphsdb/mcs30/m3D/m3D/mcs30_m3D_s30.B04
Reading graphs...
30 :  59
30 :  59
Initializing...
maxdom : 30
D->valSize : 900
Solving...
Blb : 2 (clique : 16)
currentSize : 16 <-- 0.019541 s
currentSize : 17 <-- 0.023643 s
currentSize : 18 <-- 0.057184 s
currentSize : 19 <-- 0.206332 s
currentSize : 20 <-- 0.940796 s
currentSize : 21 <-- 63.379276 s

maxsize : 21
nodes : 14587034.000000
filtered : 593812024.000000
time : 342.749115
