Parameters: GAD=1 vflib=1 dir=0 label=0 lowerbound=1 fileNameGp=../../cp2016-max-common-connected-subgraph-paper/datasets/graphsdb/mcs30/m3D/m3D/mcs30_m3D_s40.A09 fileNameGt=../../cp2016-max-common-connected-subgraph-paper/datasets/graphsdb/mcs30/m3D/m3D/mcs30_m3D_s40.B09
Reading graphs...
40 :  83
40 :  84
Initializing...
maxdom : 40
D->valSize : 1600
Solving...
Blb : 2 (clique : 21)
currentSize : 21 <-- 0.035720 s
currentSize : 22 <-- 0.036114 s
currentSize : 23 <-- 0.037214 s
currentSize : 24 <-- 0.046793 s
currentSize : 25 <-- 0.048462 s
currentSize : 26 <-- 0.075065 s
currentSize : 27 <-- 144.338455 s

TIMEOUT
maxsize : 27
nodes : 21711143.000000
filtered : 1196790322.000000
time : 1000.000061
