Parameters: GAD=1 vflib=1 dir=0 label=0 lowerbound=1 fileNameGp=../../cp2016-max-common-connected-subgraph-paper/datasets/graphsdb/mcs30/m3D/m3Dr2/mcs30_m3Dr2_s40.A09 fileNameGt=../../cp2016-max-common-connected-subgraph-paper/datasets/graphsdb/mcs30/m3D/m3Dr2/mcs30_m3Dr2_s40.B09
Reading graphs...
40 :  91
40 :  90
Initializing...
maxdom : 40
D->valSize : 1600
Solving...
Blb : 2 (clique : 19)
currentSize : 19 <-- 0.036054 s
currentSize : 20 <-- 0.036250 s
currentSize : 21 <-- 0.036422 s
currentSize : 22 <-- 0.037909 s
currentSize : 23 <-- 0.158629 s
currentSize : 24 <-- 0.995279 s
currentSize : 25 <-- 31.142168 s

TIMEOUT
maxsize : 25
nodes : 32410807.000000
filtered : 1285528075.000000
time : 1000.000122
