Parameters: GAD=1 vflib=1 dir=0 label=0 lowerbound=1 fileNameGp=../../cp2016-max-common-connected-subgraph-paper/datasets/graphsdb/mcs30/m2D/m2Dr4/mcs30_m2Dr4_s50.A08 fileNameGt=../../cp2016-max-common-connected-subgraph-paper/datasets/graphsdb/mcs30/m2D/m2Dr4/mcs30_m2Dr4_s50.B08
Reading graphs...
50 :  104
50 :  104
Initializing...
maxdom : 50
D->valSize : 2500
Solving...
Blb : 2 (clique : 26)
currentSize : 26 <-- 0.096007 s
currentSize : 27 <-- 0.096361 s
currentSize : 28 <-- 0.096389 s
currentSize : 29 <-- 0.100561 s
currentSize : 30 <-- 0.105377 s
currentSize : 31 <-- 0.782986 s
currentSize : 32 <-- 3.591230 s

TIMEOUT
maxsize : 32
nodes : 15468050.000000
filtered : 1033161194.000000
time : 1000.000244
