Parameters: GAD=1 vflib=1 dir=0 label=0 lowerbound=1 fileNameGp=../../cp2016-max-common-connected-subgraph-paper/datasets/graphsdb/mcs30/bvg/b06/mcs30_b06_s35.A07 fileNameGt=../../cp2016-max-common-connected-subgraph-paper/datasets/graphsdb/mcs30/bvg/b06/mcs30_b06_s35.B07
Reading graphs...
35 :  99
35 :  104
Initializing...
maxdom : 35
D->valSize : 1225
Solving...
Blb : 2 (clique : 16)
currentSize : 16 <-- 0.019994 s
currentSize : 17 <-- 0.022043 s
currentSize : 18 <-- 0.029726 s
currentSize : 19 <-- 0.041462 s
currentSize : 20 <-- 1.166844 s
currentSize : 21 <-- 4.442122 s
currentSize : 22 <-- 985.396179 s

TIMEOUT
maxsize : 22
nodes : 50707505.000000
filtered : 1816346445.000000
time : 1000.000000
