Parameters: GAD=1 vflib=1 dir=0 label=0 lowerbound=1 fileNameGp=../../cp2016-max-common-connected-subgraph-paper/datasets/graphsdb/mcs30/m2D/m2Dr2/mcs30_m2Dr2_s30.A02 fileNameGt=../../cp2016-max-common-connected-subgraph-paper/datasets/graphsdb/mcs30/m2D/m2Dr2/mcs30_m2Dr2_s30.B02
Reading graphs...
30 :  53
30 :  52
Initializing...
maxdom : 30
D->valSize : 900
Solving...
Blb : 2 (clique : 17)
currentSize : 17 <-- 0.011406 s
currentSize : 18 <-- 0.011626 s
currentSize : 19 <-- 0.014657 s
currentSize : 20 <-- 0.021321 s
currentSize : 21 <-- 0.839282 s
currentSize : 22 <-- 2.817969 s
currentSize : 23 <-- 28.951576 s

maxsize : 23
nodes : 1061381.000000
filtered : 52391680.000000
time : 42.903576
