Parameters: GAD=1 vflib=1 dir=0 label=0 lowerbound=1 fileNameGp=../../cp2016-max-common-connected-subgraph-paper/datasets/graphsdb/mcs30/bvg/b06/mcs30_b06_s40.A06 fileNameGt=../../cp2016-max-common-connected-subgraph-paper/datasets/graphsdb/mcs30/bvg/b06/mcs30_b06_s40.B06
Reading graphs...
40 :  120
40 :  119
Initializing...
maxdom : 40
D->valSize : 1600
Solving...
Blb : 2 (clique : 17)
currentSize : 17 <-- 0.034884 s
currentSize : 19 <-- 0.035069 s
currentSize : 20 <-- 0.035688 s
currentSize : 21 <-- 0.059948 s
currentSize : 22 <-- 0.287561 s
currentSize : 23 <-- 82.940971 s
currentSize : 24 <-- 273.153412 s

TIMEOUT
maxsize : 24
nodes : 58860157.000000
filtered : 2292244180.000000
time : 1000.000793
