Parameters: GAD=1 vflib=1 dir=0 label=0 lowerbound=1 fileNameGp=../../cp2016-max-common-connected-subgraph-paper/datasets/graphsdb/mcs30/rand/r01/mcs30_r01_s40.A06 fileNameGt=../../cp2016-max-common-connected-subgraph-paper/datasets/graphsdb/mcs30/rand/r01/mcs30_r01_s40.B06
Reading graphs...
40 :  153
40 :  150
Initializing...
maxdom : 40
D->valSize : 1600
Solving...
Blb : 2 (clique : 16)
currentSize : 16 <-- 0.032951 s
currentSize : 17 <-- 0.033783 s
currentSize : 18 <-- 0.041445 s
currentSize : 19 <-- 0.434625 s
currentSize : 20 <-- 12.510694 s
currentSize : 21 <-- 174.406876 s

TIMEOUT
maxsize : 21
nodes : 114667703.000000
filtered : 3078321201.000000
time : 1000.000000
