Parameters: GAD=1 vflib=1 dir=0 label=0 lowerbound=1 fileNameGp=../../cp2016-max-common-connected-subgraph-paper/datasets/graphsdb/mcs30/bvg/b03/mcs30_b03_s50.A04 fileNameGt=../../cp2016-max-common-connected-subgraph-paper/datasets/graphsdb/mcs30/bvg/b03/mcs30_b03_s50.B04
Reading graphs...
50 :  75
50 :  75
Initializing...
maxdom : 50
D->valSize : 2500
Solving...
Blb : 2 (clique : 29)
currentSize : 29 <-- 0.098944 s
currentSize : 31 <-- 0.099351 s
currentSize : 32 <-- 0.099487 s
currentSize : 33 <-- 0.111061 s
currentSize : 34 <-- 2.056974 s
currentSize : 35 <-- 63.753193 s
currentSize : 36 <-- 63.757282 s
currentSize : 37 <-- 64.453453 s

TIMEOUT
maxsize : 37
nodes : 15081093.000000
filtered : 565329150.000000
time : 1000.000366
