Parameters: GAD=1 vflib=1 dir=0 label=0 lowerbound=1 fileNameGp=../../cp2016-max-common-connected-subgraph-paper/datasets/graphsdb/mcs30/bvg/b06m/mcs30_b06m_s40.A00 fileNameGt=../../cp2016-max-common-connected-subgraph-paper/datasets/graphsdb/mcs30/bvg/b06m/mcs30_b06m_s40.B00
Reading graphs...
40 :  116
40 :  116
Initializing...
maxdom : 40
D->valSize : 1600
Solving...
Blb : 2 (clique : 17)
currentSize : 17 <-- 0.034429 s
currentSize : 18 <-- 0.034646 s
currentSize : 19 <-- 0.034783 s
currentSize : 20 <-- 0.070456 s
currentSize : 21 <-- 0.284938 s
currentSize : 22 <-- 6.751895 s
currentSize : 23 <-- 99.031288 s

TIMEOUT
maxsize : 23
nodes : 56388433.000000
filtered : 2053121809.000000
time : 1000.000061
