Parameters: GAD=1 vflib=1 dir=0 label=0 lowerbound=1 fileNameGp=../../cp2016-max-common-connected-subgraph-paper/datasets/graphsdb/mcs30/rand/r01/mcs30_r01_s30.A07 fileNameGt=../../cp2016-max-common-connected-subgraph-paper/datasets/graphsdb/mcs30/rand/r01/mcs30_r01_s30.B07
Reading graphs...
30 :  82
30 :  85
Initializing...
maxdom : 30
D->valSize : 900
Solving...
Blb : 2 (clique : 14)
currentSize : 14 <-- 0.010531 s
currentSize : 15 <-- 0.010922 s
currentSize : 16 <-- 0.031451 s
currentSize : 17 <-- 0.046609 s
currentSize : 18 <-- 51.380318 s

maxsize : 18
nodes : 54328738.000000
filtered : 1683648496.000000
time : 684.799255
