Parameters: GAD=1 vflib=1 dir=0 label=0 lowerbound=1 fileNameGp=../../cp2016-max-common-connected-subgraph-paper/datasets/graphsdb/mcs30/bvg/b06m/mcs30_b06m_s30.A06 fileNameGt=../../cp2016-max-common-connected-subgraph-paper/datasets/graphsdb/mcs30/bvg/b06m/mcs30_b06m_s30.B06
Reading graphs...
30 :  86
30 :  85
Initializing...
maxdom : 30
D->valSize : 900
Solving...
Blb : 2 (clique : 14)
currentSize : 14 <-- 0.010512 s
currentSize : 15 <-- 0.010810 s
currentSize : 16 <-- 0.113113 s
currentSize : 17 <-- 1.012516 s
currentSize : 18 <-- 1.243739 s
currentSize : 19 <-- 76.782936 s

maxsize : 19
nodes : 17355184.000000
filtered : 610963906.000000
time : 200.189789
