Parameters: GAD=1 vflib=1 dir=0 label=0 lowerbound=1 fileNameGp=../../cp2016-max-common-connected-subgraph-paper/datasets/graphsdb/mcs30/bvg/b06m/mcs30_b06m_s50.A01 fileNameGt=../../cp2016-max-common-connected-subgraph-paper/datasets/graphsdb/mcs30/bvg/b06m/mcs30_b06m_s50.B01
Reading graphs...
50 :  146
50 :  147
Initializing...
maxdom : 50
D->valSize : 2500
Solving...
Blb : 2 (clique : 22)
currentSize : 22 <-- 0.092644 s
currentSize : 23 <-- 0.094245 s
currentSize : 24 <-- 0.102262 s
currentSize : 25 <-- 0.227519 s
currentSize : 26 <-- 0.389595 s
currentSize : 27 <-- 5.113494 s
currentSize : 28 <-- 22.129776 s

TIMEOUT
maxsize : 28
nodes : 42648175.000000
filtered : 1645613394.000000
time : 1000.000000
