Parameters: GAD=1 vflib=1 dir=0 label=0 lowerbound=1 fileNameGp=../../cp2016-max-common-connected-subgraph-paper/datasets/graphsdb/mcs30/m3D/m3D/mcs30_m3D_s30.A07 fileNameGt=../../cp2016-max-common-connected-subgraph-paper/datasets/graphsdb/mcs30/m3D/m3D/mcs30_m3D_s30.B07
Reading graphs...
30 :  61
30 :  61
Initializing...
maxdom : 30
D->valSize : 900
Solving...
Blb : 2 (clique : 15)
currentSize : 15 <-- 0.011011 s
currentSize : 16 <-- 0.011140 s
currentSize : 17 <-- 0.022870 s
currentSize : 18 <-- 0.023766 s
currentSize : 19 <-- 0.039971 s
currentSize : 20 <-- 0.075183 s
currentSize : 21 <-- 13.736160 s

maxsize : 21
nodes : 11265089.000000
filtered : 527068048.000000
time : 267.524445
