Parameters: GAD=1 vflib=1 dir=0 label=0 lowerbound=1 fileNameGp=../../cp2016-max-common-connected-subgraph-paper/datasets/graphsdb/mcs30/bvg/b06/mcs30_b06_s30.A04 fileNameGt=../../cp2016-max-common-connected-subgraph-paper/datasets/graphsdb/mcs30/bvg/b06/mcs30_b06_s30.B04
Reading graphs...
30 :  88
30 :  87
Initializing...
maxdom : 30
D->valSize : 900
Solving...
Blb : 2 (clique : 14)
currentSize : 14 <-- 0.018136 s
currentSize : 15 <-- 0.018766 s
currentSize : 16 <-- 0.018929 s
currentSize : 17 <-- 0.027410 s
currentSize : 18 <-- 0.143513 s
currentSize : 19 <-- 2.069623 s

maxsize : 19
nodes : 21618087.000000
filtered : 880797439.000000
time : 301.194702
