Parameters: GAD=1 vflib=1 dir=0 label=0 lowerbound=1 fileNameGp=../../cp2016-max-common-connected-subgraph-paper/datasets/graphsdb/mcs30/m2D/m2Dr6/mcs30_m2Dr6_s50.A02 fileNameGt=../../cp2016-max-common-connected-subgraph-paper/datasets/graphsdb/mcs30/m2D/m2Dr6/mcs30_m2Dr6_s50.B02
Reading graphs...
50 :  114
50 :  112
Initializing...
maxdom : 50
D->valSize : 2500
Solving...
Blb : 2 (clique : 25)
currentSize : 25 <-- 0.095564 s
currentSize : 28 <-- 0.095906 s
currentSize : 29 <-- 0.098350 s
currentSize : 30 <-- 0.202841 s
currentSize : 31 <-- 1.744400 s
currentSize : 32 <-- 148.186157 s

TIMEOUT
maxsize : 32
nodes : 17716397.000000
filtered : 1172412046.000000
time : 1000.000122
