Parameters: GAD=1 vflib=1 dir=0 label=0 lowerbound=1 fileNameGp=../../cp2016-max-common-connected-subgraph-paper/datasets/graphsdb/mcs30/rand/r005/mcs30_r005_s50.A07 fileNameGt=../../cp2016-max-common-connected-subgraph-paper/datasets/graphsdb/mcs30/rand/r005/mcs30_r005_s50.B07
Reading graphs...
50 :  123
50 :  125
Initializing...
maxdom : 50
D->valSize : 2500
Solving...
Blb : 2 (clique : 26)
currentSize : 26 <-- 0.096303 s
currentSize : 27 <-- 0.217726 s
currentSize : 28 <-- 1.610768 s
currentSize : 29 <-- 1.663842 s
currentSize : 30 <-- 12.315537 s
currentSize : 31 <-- 268.591064 s

TIMEOUT
maxsize : 31
nodes : 18060499.000000
filtered : 1140907037.000000
time : 1000.000183
