Parameters: GAD=1 vflib=1 dir=0 label=0 lowerbound=1 fileNameGp=../../cp2016-max-common-connected-subgraph-paper/datasets/graphsdb/mcs30/m3D/m3D/mcs30_m3D_s40.A02 fileNameGt=../../cp2016-max-common-connected-subgraph-paper/datasets/graphsdb/mcs30/m3D/m3D/mcs30_m3D_s40.B02
Reading graphs...
40 :  83
40 :  81
Initializing...
maxdom : 40
D->valSize : 1600
Solving...
Blb : 2 (clique : 20)
currentSize : 20 <-- 0.036005 s
currentSize : 22 <-- 0.036216 s
currentSize : 23 <-- 0.036252 s
currentSize : 24 <-- 0.276919 s
currentSize : 25 <-- 0.833909 s
currentSize : 26 <-- 220.641861 s

TIMEOUT
maxsize : 26
nodes : 27253485.000000
filtered : 1342859001.000000
time : 1000.000000
