Parameters: GAD=1 vflib=1 dir=0 label=0 lowerbound=1 fileNameGp=../../cp2016-max-common-connected-subgraph-paper/datasets/graphsdb/mcs30/m4D/m4Dr6/mcs30_m4Dr6_s50.A08 fileNameGt=../../cp2016-max-common-connected-subgraph-paper/datasets/graphsdb/mcs30/m4D/m4Dr6/mcs30_m4Dr6_s50.B08
Reading graphs...
50 :  112
50 :  112
Initializing...
maxdom : 50
D->valSize : 2500
Solving...
Blb : 2 (clique : 26)
currentSize : 26 <-- 0.096723 s
currentSize : 27 <-- 0.097063 s
currentSize : 28 <-- 0.100692 s
currentSize : 29 <-- 0.101087 s
currentSize : 30 <-- 0.594200 s
currentSize : 31 <-- 0.941882 s
currentSize : 32 <-- 442.271851 s

TIMEOUT
maxsize : 32
nodes : 18973685.000000
filtered : 1167402393.000000
time : 1000.000061
