Parameters: GAD=1 vflib=1 dir=0 label=0 lowerbound=1 fileNameGp=../../cp2016-max-common-connected-subgraph-paper/datasets/graphsdb/mcs30/bvg/b06m/mcs30_b06m_s30.A00 fileNameGt=../../cp2016-max-common-connected-subgraph-paper/datasets/graphsdb/mcs30/bvg/b06m/mcs30_b06m_s30.B00
Reading graphs...
30 :  87
30 :  84
Initializing...
maxdom : 30
D->valSize : 900
Solving...
Blb : 2 (clique : 14)
currentSize : 14 <-- 0.014806 s
currentSize : 15 <-- 0.014915 s
currentSize : 16 <-- 0.014953 s
currentSize : 17 <-- 0.035329 s
currentSize : 18 <-- 18.278728 s
currentSize : 19 <-- 95.699692 s

maxsize : 19
nodes : 14745439.000000
filtered : 504012961.000000
time : 209.933044
