Parameters: GAD=1 vflib=1 dir=0 label=0 lowerbound=1 fileNameGp=../../cp2016-max-common-connected-subgraph-paper/datasets/graphsdb/mcs30/m3D/m3Dr2/mcs30_m3Dr2_s30.A07 fileNameGt=../../cp2016-max-common-connected-subgraph-paper/datasets/graphsdb/mcs30/m3D/m3Dr2/mcs30_m3Dr2_s30.B07
Reading graphs...
30 :  66
30 :  63
Initializing...
maxdom : 30
D->valSize : 900
Solving...
Blb : 3 (clique : 15)
currentSize : 15 <-- 0.010917 s
currentSize : 16 <-- 0.011036 s
currentSize : 17 <-- 0.011105 s
currentSize : 18 <-- 0.011173 s
currentSize : 19 <-- 0.083075 s
currentSize : 20 <-- 1.005885 s

maxsize : 20
nodes : 29140966.000000
filtered : 1346524903.000000
time : 680.269287
