Parameters: GAD=1 vflib=1 dir=0 label=0 lowerbound=1 fileNameGp=../../cp2016-max-common-connected-subgraph-paper/datasets/graphsdb/mcs30/bvg/b06/mcs30_b06_s35.A06 fileNameGt=../../cp2016-max-common-connected-subgraph-paper/datasets/graphsdb/mcs30/bvg/b06/mcs30_b06_s35.B06
Reading graphs...
35 :  105
35 :  104
Initializing...
maxdom : 35
D->valSize : 1225
Solving...
Blb : 2 (clique : 14)
currentSize : 14 <-- 0.019499 s
currentSize : 15 <-- 0.019643 s
currentSize : 16 <-- 0.019660 s
currentSize : 17 <-- 0.020945 s
currentSize : 18 <-- 0.025136 s
currentSize : 19 <-- 0.040807 s
currentSize : 20 <-- 1.585357 s
currentSize : 21 <-- 186.816391 s

TIMEOUT
maxsize : 21
nodes : 66103494.000000
filtered : 2762925596.000000
time : 1000.000305
