Parameters: GAD=1 vflib=1 dir=0 label=0 lowerbound=1 fileNameGp=../../cp2016-max-common-connected-subgraph-paper/datasets/graphsdb/mcs30/bvg/b03/mcs30_b03_s30.A05 fileNameGt=../../cp2016-max-common-connected-subgraph-paper/datasets/graphsdb/mcs30/bvg/b03/mcs30_b03_s30.B05
Reading graphs...
30 :  45
30 :  45
Initializing...
maxdom : 30
D->valSize : 900
Solving...
Blb : 2 (clique : 18)
currentSize : 18 <-- 0.011724 s
currentSize : 19 <-- 0.012961 s
currentSize : 20 <-- 0.469345 s
currentSize : 21 <-- 5.797679 s
currentSize : 22 <-- 6.358972 s
currentSize : 23 <-- 61.031437 s

maxsize : 23
nodes : 3032165.000000
filtered : 154928429.000000
time : 115.743599
