Parameters: GAD=1 vflib=1 dir=0 label=0 lowerbound=1 fileNameGp=../../cp2016-max-common-connected-subgraph-paper/datasets/graphsdb/mcs30/m2D/m2Dr6/mcs30_m2Dr6_s50.A06 fileNameGt=../../cp2016-max-common-connected-subgraph-paper/datasets/graphsdb/mcs30/m2D/m2Dr6/mcs30_m2Dr6_s50.B06
Reading graphs...
50 :  113
50 :  112
Initializing...
maxdom : 50
D->valSize : 2500
Solving...
Blb : 2 (clique : 26)
currentSize : 26 <-- 0.162370 s
currentSize : 27 <-- 0.163430 s
currentSize : 28 <-- 0.164207 s
currentSize : 29 <-- 0.164474 s
currentSize : 30 <-- 0.762358 s
currentSize : 31 <-- 1.262117 s
currentSize : 32 <-- 1.426252 s

TIMEOUT
maxsize : 32
nodes : 21773415.000000
filtered : 1222540579.000000
time : 1000.000488
