Parameters: GAD=1 vflib=1 dir=0 label=0 lowerbound=1 fileNameGp=../../cp2016-max-common-connected-subgraph-paper/datasets/graphsdb/mcs30/m3D/m3Dr6/mcs30_m3Dr6_s40.A06 fileNameGt=../../cp2016-max-common-connected-subgraph-paper/datasets/graphsdb/mcs30/m3D/m3Dr6/mcs30_m3Dr6_s40.B06
Reading graphs...
40 :  104
40 :  101
Initializing...
maxdom : 40
D->valSize : 1600
Solving...
Blb : 2 (clique : 17)
currentSize : 17 <-- 0.034824 s
currentSize : 18 <-- 0.035044 s
currentSize : 19 <-- 0.035279 s
currentSize : 20 <-- 0.036984 s
currentSize : 21 <-- 0.082220 s
currentSize : 22 <-- 0.761877 s
currentSize : 23 <-- 3.764797 s
currentSize : 24 <-- 43.726974 s
currentSize : 25 <-- 140.348846 s

TIMEOUT
maxsize : 25
nodes : 41718818.000000
filtered : 1969577849.000000
time : 1000.000244
