Parameters: GAD=1 vflib=1 dir=0 label=0 lowerbound=1 fileNameGp=../../cp2016-max-common-connected-subgraph-paper/datasets/graphsdb/mcs30/m2D/m2Dr6/mcs30_m2Dr6_s30.A09 fileNameGt=../../cp2016-max-common-connected-subgraph-paper/datasets/graphsdb/mcs30/m2D/m2Dr6/mcs30_m2Dr6_s30.B09
Reading graphs...
30 :  66
30 :  65
Initializing...
maxdom : 30
D->valSize : 900
Solving...
Blb : 2 (clique : 15)
currentSize : 15 <-- 0.011559 s
currentSize : 16 <-- 0.011683 s
currentSize : 17 <-- 0.011762 s
currentSize : 18 <-- 0.016341 s
currentSize : 19 <-- 0.706236 s
currentSize : 20 <-- 75.616760 s
currentSize : 21 <-- 173.601456 s

maxsize : 21
nodes : 10958298.000000
filtered : 405520553.000000
time : 252.005829
