Parameters: GAD=1 vflib=1 dir=0 label=0 lowerbound=1 fileNameGp=../../cp2016-max-common-connected-subgraph-paper/datasets/graphsdb/mcs30/bvg/b06m/mcs30_b06m_s35.A09 fileNameGt=../../cp2016-max-common-connected-subgraph-paper/datasets/graphsdb/mcs30/bvg/b06m/mcs30_b06m_s35.B09
Reading graphs...
35 :  98
35 :  102
Initializing...
maxdom : 35
D->valSize : 1225
Solving...
Blb : 2 (clique : 16)
currentSize : 16 <-- 0.023466 s
currentSize : 17 <-- 0.023631 s
currentSize : 18 <-- 0.025857 s
currentSize : 19 <-- 0.027537 s
currentSize : 20 <-- 0.148721 s
currentSize : 21 <-- 207.133179 s

TIMEOUT
maxsize : 21
nodes : 68313229.000000
filtered : 2904738518.000000
time : 1000.000183
