Parameters: GAD=1 vflib=1 dir=0 label=0 lowerbound=1 fileNameGp=../../cp2016-max-common-connected-subgraph-paper/datasets/graphsdb/mcs30/rand/r02/mcs30_r02_s30.A02 fileNameGt=../../cp2016-max-common-connected-subgraph-paper/datasets/graphsdb/mcs30/rand/r02/mcs30_r02_s30.B02
Reading graphs...
30 :  154
30 :  152
Initializing...
maxdom : 30
D->valSize : 900
Solving...
Blb : 2 (clique : 11)
currentSize : 11 <-- 0.016447 s
currentSize : 12 <-- 0.017618 s
currentSize : 13 <-- 0.025743 s
currentSize : 14 <-- 0.093682 s
currentSize : 15 <-- 76.273315 s

maxsize : 15
nodes : 62538923.000000
filtered : 1053930949.000000
time : 291.969666
