Parameters: GAD=1 vflib=1 dir=0 label=0 lowerbound=1 fileNameGp=../../cp2016-max-common-connected-subgraph-paper/datasets/graphsdb/mcs30/rand/r01/mcs30_r01_s30.A09 fileNameGt=../../cp2016-max-common-connected-subgraph-paper/datasets/graphsdb/mcs30/rand/r01/mcs30_r01_s30.B09
Reading graphs...
30 :  83
30 :  82
Initializing...
maxdom : 30
D->valSize : 900
Solving...
Blb : 2 (clique : 13)
currentSize : 13 <-- 0.010546 s
currentSize : 15 <-- 0.010661 s
currentSize : 16 <-- 0.011424 s
currentSize : 17 <-- 0.025954 s
currentSize : 18 <-- 21.510740 s

maxsize : 18
nodes : 64082398.000000
filtered : 2150864035.000000
time : 823.796509
