Parameters: GAD=1 vflib=1 dir=0 label=0 lowerbound=1 fileNameGp=../../cp2016-max-common-connected-subgraph-paper/datasets/graphsdb/mcs30/rand/r01/mcs30_r01_s40.A00 fileNameGt=../../cp2016-max-common-connected-subgraph-paper/datasets/graphsdb/mcs30/rand/r01/mcs30_r01_s40.B00
Reading graphs...
40 :  146
40 :  150
Initializing...
maxdom : 40
D->valSize : 1600
Solving...
Blb : 2 (clique : 16)
currentSize : 16 <-- 0.033158 s
currentSize : 17 <-- 0.034496 s
currentSize : 18 <-- 0.039796 s
currentSize : 19 <-- 0.072304 s
currentSize : 20 <-- 0.124085 s
currentSize : 21 <-- 61.179134 s
currentSize : 22 <-- 411.418396 s

TIMEOUT
maxsize : 22
nodes : 95809843.000000
filtered : 2813438543.000000
time : 1000.000000
