Parameters: GAD=1 vflib=1 dir=0 label=0 lowerbound=1 fileNameGp=../../cp2016-max-common-connected-subgraph-paper/datasets/graphsdb/mcs30/m3D/m3Dr6/mcs30_m3Dr6_s40.A01 fileNameGt=../../cp2016-max-common-connected-subgraph-paper/datasets/graphsdb/mcs30/m3D/m3Dr6/mcs30_m3Dr6_s40.B01
Reading graphs...
40 :  106
40 :  106
Initializing...
maxdom : 40
D->valSize : 1600
Solving...
Blb : 2 (clique : 18)
currentSize : 18 <-- 0.034845 s
currentSize : 19 <-- 0.035051 s
currentSize : 20 <-- 0.035096 s
currentSize : 21 <-- 0.035475 s
currentSize : 22 <-- 0.053520 s
currentSize : 23 <-- 0.383962 s
currentSize : 24 <-- 4.539458 s
currentSize : 25 <-- 505.638153 s

TIMEOUT
maxsize : 25
nodes : 42191888.000000
filtered : 1955135571.000000
time : 1000.000610
