Parameters: GAD=1 vflib=1 dir=0 label=0 lowerbound=1 fileNameGp=../../cp2016-max-common-connected-subgraph-paper/datasets/graphsdb/mcs30/m3D/m3Dr2/mcs30_m3Dr2_s30.A05 fileNameGt=../../cp2016-max-common-connected-subgraph-paper/datasets/graphsdb/mcs30/m3D/m3Dr2/mcs30_m3Dr2_s30.B05
Reading graphs...
30 :  67
30 :  64
Initializing...
maxdom : 30
D->valSize : 900
Solving...
Blb : 5 (clique : 14)
currentSize : 14 <-- 0.019137 s
currentSize : 16 <-- 0.019399 s
currentSize : 17 <-- 0.030075 s
currentSize : 18 <-- 0.032346 s
currentSize : 19 <-- 0.057399 s
currentSize : 20 <-- 0.066396 s

maxsize : 20
nodes : 11250867.000000
filtered : 544230908.000000
time : 254.817337
