Parameters: GAD=1 vflib=1 dir=0 label=0 lowerbound=1 fileNameGp=../../cp2016-max-common-connected-subgraph-paper/datasets/graphsdb/mcs30/rand/r01/mcs30_r01_s35.A01 fileNameGt=../../cp2016-max-common-connected-subgraph-paper/datasets/graphsdb/mcs30/rand/r01/mcs30_r01_s35.B01
Reading graphs...
35 :  113
35 :  110
Initializing...
maxdom : 35
D->valSize : 1225
Solving...
Blb : 5 (clique : 14)
currentSize : 14 <-- 0.019163 s
currentSize : 15 <-- 0.020122 s
currentSize : 16 <-- 0.022945 s
currentSize : 17 <-- 0.032149 s
currentSize : 18 <-- 0.105472 s
currentSize : 19 <-- 3.734676 s
currentSize : 20 <-- 16.166718 s
currentSize : 21 <-- 407.817749 s

TIMEOUT
maxsize : 21
nodes : 74410668.000000
filtered : 2797765405.000000
time : 1000.000244
