Parameters: GAD=1 vflib=1 dir=0 label=0 lowerbound=1 fileNameGp=../../cp2016-max-common-connected-subgraph-paper/datasets/graphsdb/mcs30/bvg/b09/mcs30_b09_s40.A06 fileNameGt=../../cp2016-max-common-connected-subgraph-paper/datasets/graphsdb/mcs30/bvg/b09/mcs30_b09_s40.B06
Reading graphs...
40 :  176
40 :  173
Initializing...
maxdom : 40
D->valSize : 1600
Solving...
Blb : 2 (clique : 15)
currentSize : 15 <-- 0.032120 s
currentSize : 16 <-- 0.032299 s
currentSize : 17 <-- 0.032324 s
currentSize : 18 <-- 0.099144 s
currentSize : 19 <-- 0.154501 s
currentSize : 20 <-- 2.226648 s
currentSize : 21 <-- 8.686590 s

TIMEOUT
maxsize : 21
nodes : 91995500.000000
filtered : 3012482417.000000
time : 1000.000000
