Parameters: GAD=1 vflib=1 dir=0 label=0 lowerbound=1 fileNameGp=../../cp2016-max-common-connected-subgraph-paper/datasets/graphsdb/mcs30/bvg/b03/mcs30_b03_s35.A01 fileNameGt=../../cp2016-max-common-connected-subgraph-paper/datasets/graphsdb/mcs30/bvg/b03/mcs30_b03_s35.B01
Reading graphs...
35 :  52
35 :  50
Initializing...
maxdom : 35
D->valSize : 1225
Solving...
Blb : 2 (clique : 21)
currentSize : 21 <-- 0.021539 s
currentSize : 22 <-- 0.021824 s
currentSize : 23 <-- 0.022928 s
currentSize : 24 <-- 0.024395 s
currentSize : 25 <-- 0.025051 s
currentSize : 26 <-- 0.289816 s
currentSize : 27 <-- 0.322784 s

TIMEOUT
maxsize : 27
nodes : 11235584.000000
filtered : 969391043.000000
time : 1000.000854
