Parameters: GAD=1 vflib=1 dir=0 label=0 lowerbound=1 fileNameGp=../../cp2016-max-common-connected-subgraph-paper/datasets/graphsdb/mcs30/rand/r01/mcs30_r01_s30.A04 fileNameGt=../../cp2016-max-common-connected-subgraph-paper/datasets/graphsdb/mcs30/rand/r01/mcs30_r01_s30.B04
Reading graphs...
30 :  84
30 :  80
Initializing...
maxdom : 30
D->valSize : 900
Solving...
Blb : 2 (clique : 14)
currentSize : 14 <-- 0.018457 s
currentSize : 15 <-- 0.018865 s
currentSize : 16 <-- 0.020533 s
currentSize : 17 <-- 0.153840 s
currentSize : 18 <-- 0.158363 s
currentSize : 19 <-- 243.330902 s

maxsize : 19
nodes : 33001680.000000
filtered : 1156934647.000000
time : 438.644073
