Parameters: GAD=1 vflib=1 dir=0 label=0 lowerbound=1 fileNameGp=../../cp2016-max-common-connected-subgraph-paper/datasets/graphsdb/mcs30/m3D/m3D/mcs30_m3D_s40.A05 fileNameGt=../../cp2016-max-common-connected-subgraph-paper/datasets/graphsdb/mcs30/m3D/m3D/mcs30_m3D_s40.B05
Reading graphs...
40 :  84
40 :  84
Initializing...
maxdom : 40
D->valSize : 1600
Solving...
Blb : 5 (clique : 21)
currentSize : 21 <-- 0.035881 s
currentSize : 22 <-- 0.043838 s
currentSize : 23 <-- 0.097546 s
currentSize : 24 <-- 0.136603 s
currentSize : 25 <-- 0.601185 s
currentSize : 26 <-- 7.688495 s
currentSize : 27 <-- 150.354431 s

TIMEOUT
maxsize : 27
nodes : 15396020.000000
filtered : 1264975998.000000
time : 1000.000122
