Parameters: GAD=1 vflib=1 dir=0 label=0 lowerbound=1 fileNameGp=../../cp2016-max-common-connected-subgraph-paper/datasets/graphsdb/mcs30/bvg/b03/mcs30_b03_s40.A00 fileNameGt=../../cp2016-max-common-connected-subgraph-paper/datasets/graphsdb/mcs30/bvg/b03/mcs30_b03_s40.B00
Reading graphs...
40 :  59
40 :  60
Initializing...
maxdom : 40
D->valSize : 1600
Solving...
Blb : 5 (clique : 23)
currentSize : 23 <-- 0.037334 s
currentSize : 24 <-- 0.037582 s
currentSize : 25 <-- 0.037614 s
currentSize : 26 <-- 0.088047 s
currentSize : 27 <-- 0.580712 s
currentSize : 28 <-- 3.816101 s
currentSize : 29 <-- 74.540207 s
currentSize : 30 <-- 609.199402 s

TIMEOUT
maxsize : 30
nodes : 22938106.000000
filtered : 1187769644.000000
time : 1000.000305
