Parameters: GAD=1 vflib=1 dir=0 label=0 lowerbound=1 fileNameGp=../../cp2016-max-common-connected-subgraph-paper/datasets/graphsdb/mcs30/bvg/b06/mcs30_b06_s35.A01 fileNameGt=../../cp2016-max-common-connected-subgraph-paper/datasets/graphsdb/mcs30/bvg/b06/mcs30_b06_s35.B01
Reading graphs...
35 :  104
35 :  102
Initializing...
maxdom : 35
D->valSize : 1225
Solving...
Blb : 2 (clique : 16)
currentSize : 16 <-- 0.019555 s
currentSize : 17 <-- 0.019916 s
currentSize : 18 <-- 0.020530 s
currentSize : 19 <-- 0.089907 s
currentSize : 20 <-- 0.431947 s
currentSize : 21 <-- 60.695454 s

TIMEOUT
maxsize : 21
nodes : 50927018.000000
filtered : 2097385549.000000
time : 1000.000061
