Parameters: GAD=1 vflib=1 dir=0 label=0 lowerbound=1 fileNameGp=../../cp2016-max-common-connected-subgraph-paper/datasets/graphsdb/mcs30/bvg/b06/mcs30_b06_s35.A09 fileNameGt=../../cp2016-max-common-connected-subgraph-paper/datasets/graphsdb/mcs30/bvg/b06/mcs30_b06_s35.B09
Reading graphs...
35 :  105
35 :  102
Initializing...
maxdom : 35
D->valSize : 1225
Solving...
Blb : 2 (clique : 16)
currentSize : 16 <-- 0.019573 s
currentSize : 17 <-- 0.019725 s
currentSize : 18 <-- 0.019786 s
currentSize : 19 <-- 0.020121 s
currentSize : 20 <-- 0.133817 s
currentSize : 21 <-- 1.100754 s

TIMEOUT
maxsize : 21
nodes : 63673944.000000
filtered : 2807671640.000000
time : 1000.000000
