Parameters: GAD=1 vflib=1 dir=0 label=0 lowerbound=1 fileNameGp=../../cp2016-max-common-connected-subgraph-paper/datasets/graphsdb/mcs30/bvg/b06/mcs30_b06_s50.A09 fileNameGt=../../cp2016-max-common-connected-subgraph-paper/datasets/graphsdb/mcs30/bvg/b06/mcs30_b06_s50.B09
Reading graphs...
50 :  148
50 :  147
Initializing...
maxdom : 50
D->valSize : 2500
Solving...
Blb : 2 (clique : 23)
currentSize : 23 <-- 0.123862 s
currentSize : 24 <-- 0.124247 s
currentSize : 25 <-- 0.125470 s
currentSize : 26 <-- 0.125984 s
currentSize : 27 <-- 0.267340 s
currentSize : 28 <-- 0.634591 s
currentSize : 29 <-- 675.010925 s

TIMEOUT
maxsize : 29
nodes : 56068596.000000
filtered : 2101557427.000000
time : 1000.000061
