Parameters: GAD=1 vflib=1 dir=0 label=0 lowerbound=1 fileNameGp=../../cp2016-max-common-connected-subgraph-paper/datasets/graphsdb/mcs30/rand/r005/mcs30_r005_s35.A00 fileNameGt=../../cp2016-max-common-connected-subgraph-paper/datasets/graphsdb/mcs30/rand/r005/mcs30_r005_s35.B00
Reading graphs...
35 :  62
35 :  62
Initializing...
maxdom : 35
D->valSize : 1225
Solving...
Blb : 2 (clique : 19)
currentSize : 19 <-- 0.034783 s
currentSize : 20 <-- 0.034975 s
currentSize : 21 <-- 0.035375 s
currentSize : 22 <-- 0.036260 s
currentSize : 23 <-- 0.051543 s
currentSize : 24 <-- 0.060322 s
currentSize : 25 <-- 12.257513 s

TIMEOUT
maxsize : 25
nodes : 15442185.000000
filtered : 1131625414.000000
time : 1000.000244
