Parameters: GAD=1 vflib=1 dir=0 label=0 lowerbound=1 fileNameGp=../../cp2016-max-common-connected-subgraph-paper/datasets/graphsdb/mcs30/m2D/m2D/mcs30_m2D_s30.A02 fileNameGt=../../cp2016-max-common-connected-subgraph-paper/datasets/graphsdb/mcs30/m2D/m2D/mcs30_m2D_s30.B02
Reading graphs...
30 :  48
30 :  49
Initializing...
maxdom : 30
D->valSize : 900
Solving...
Blb : 2 (clique : 17)
currentSize : 17 <-- 0.011485 s
currentSize : 18 <-- 0.011624 s
currentSize : 19 <-- 0.011744 s
currentSize : 20 <-- 0.021882 s
currentSize : 21 <-- 0.390476 s
currentSize : 22 <-- 75.297668 s

TIMEOUT
maxsize : 22
nodes : 21205608.000000
filtered : 1312401783.000000
time : 1000.000183
