Parameters: GAD=1 vflib=1 dir=0 label=0 lowerbound=1 fileNameGp=../../cp2016-max-common-connected-subgraph-paper/datasets/graphsdb/mcs30/m2D/m2Dr4/mcs30_m2Dr4_s50.A01 fileNameGt=../../cp2016-max-common-connected-subgraph-paper/datasets/graphsdb/mcs30/m2D/m2Dr4/mcs30_m2Dr4_s50.B01
Reading graphs...
50 :  105
50 :  104
Initializing...
maxdom : 50
D->valSize : 2500
Solving...
Blb : 5 (clique : 26)
currentSize : 26 <-- 0.096155 s
currentSize : 27 <-- 0.096543 s
currentSize : 28 <-- 0.096764 s
currentSize : 29 <-- 0.172782 s
currentSize : 30 <-- 0.374307 s
currentSize : 31 <-- 12.039894 s
currentSize : 32 <-- 199.581146 s

TIMEOUT
maxsize : 32
nodes : 12880688.000000
filtered : 1027972647.000000
time : 1000.000061
