Parameters: GAD=1 vflib=1 dir=0 label=0 lowerbound=1 fileNameGp=../../cp2016-max-common-connected-subgraph-paper/datasets/graphsdb/mcs30/bvg/b06m/mcs30_b06m_s50.A08 fileNameGt=../../cp2016-max-common-connected-subgraph-paper/datasets/graphsdb/mcs30/bvg/b06m/mcs30_b06m_s50.B08
Reading graphs...
50 :  143
50 :  143
Initializing...
maxdom : 50
D->valSize : 2500
Solving...
Blb : 2 (clique : 23)
currentSize : 23 <-- 0.093634 s
currentSize : 24 <-- 0.093958 s
currentSize : 25 <-- 0.094299 s
currentSize : 26 <-- 0.195167 s
currentSize : 27 <-- 0.411584 s
currentSize : 28 <-- 0.866914 s
currentSize : 29 <-- 13.352755 s
currentSize : 30 <-- 94.019043 s

TIMEOUT
maxsize : 30
nodes : 21033541.000000
filtered : 1224678891.000000
time : 1000.000122
