Parameters: GAD=1 vflib=1 dir=0 label=0 lowerbound=1 fileNameGp=../../cp2016-max-common-connected-subgraph-paper/datasets/graphsdb/mcs30/m3D/m3Dr6/mcs30_m3Dr6_s40.A05 fileNameGt=../../cp2016-max-common-connected-subgraph-paper/datasets/graphsdb/mcs30/m3D/m3Dr6/mcs30_m3Dr6_s40.B05
Reading graphs...
40 :  105
40 :  100
Initializing...
maxdom : 40
D->valSize : 1600
Solving...
Blb : 2 (clique : 20)
currentSize : 20 <-- 0.059748 s
currentSize : 21 <-- 0.069423 s
currentSize : 22 <-- 1.033878 s
currentSize : 23 <-- 20.890856 s
currentSize : 24 <-- 249.409576 s
currentSize : 25 <-- 448.476868 s

TIMEOUT
maxsize : 25
nodes : 52763447.000000
filtered : 1969842419.000000
time : 1000.000000
