Parameters: GAD=1 vflib=1 dir=0 label=0 lowerbound=1 fileNameGp=../../cp2016-max-common-connected-subgraph-paper/datasets/graphsdb/mcs30/bvg/b06/mcs30_b06_s40.A01 fileNameGt=../../cp2016-max-common-connected-subgraph-paper/datasets/graphsdb/mcs30/bvg/b06/mcs30_b06_s40.B01
Reading graphs...
40 :  116
40 :  118
Initializing...
maxdom : 40
D->valSize : 1600
Solving...
Blb : 2 (clique : 18)
currentSize : 18 <-- 0.034303 s
currentSize : 19 <-- 0.034522 s
currentSize : 21 <-- 0.035205 s
currentSize : 22 <-- 0.035642 s
currentSize : 23 <-- 0.154089 s
currentSize : 24 <-- 550.850830 s

TIMEOUT
maxsize : 24
nodes : 47012850.000000
filtered : 1876733339.000000
time : 1000.000000
