Parameters: GAD=1 vflib=1 dir=0 label=0 lowerbound=1 fileNameGp=../../cp2016-max-common-connected-subgraph-paper/datasets/graphsdb/mcs30/rand/r02/mcs30_r02_s35.A00 fileNameGt=../../cp2016-max-common-connected-subgraph-paper/datasets/graphsdb/mcs30/rand/r02/mcs30_r02_s35.B00
Reading graphs...
35 :  209
35 :  214
Initializing...
maxdom : 35
D->valSize : 1225
Solving...
Blb : 2 (clique : 10)
currentSize : 10 <-- 0.017559 s
currentSize : 11 <-- 0.017682 s
currentSize : 12 <-- 0.018001 s
currentSize : 13 <-- 0.018964 s
currentSize : 14 <-- 0.050929 s
currentSize : 15 <-- 5.368055 s
currentSize : 16 <-- 744.749207 s

TIMEOUT
maxsize : 16
nodes : 234701120.000000
filtered : 2923713847.000000
time : 1000.000000
