Parameters: GAD=1 vflib=1 dir=0 label=0 lowerbound=1 fileNameGp=../../cp2016-max-common-connected-subgraph-paper/datasets/graphsdb/mcs30/m2D/m2D/mcs30_m2D_s50.A02 fileNameGt=../../cp2016-max-common-connected-subgraph-paper/datasets/graphsdb/mcs30/m2D/m2D/mcs30_m2D_s50.B02
Reading graphs...
50 :  85
50 :  85
Initializing...
maxdom : 50
D->valSize : 2500
Solving...
Blb : 5 (clique : 29)
currentSize : 29 <-- 0.097762 s
currentSize : 30 <-- 0.855593 s
currentSize : 31 <-- 0.858300 s
currentSize : 32 <-- 19.124027 s
currentSize : 33 <-- 27.311563 s
currentSize : 34 <-- 30.032768 s
currentSize : 35 <-- 34.804443 s

TIMEOUT
maxsize : 35
nodes : 7310133.000000
filtered : 518639524.000000
time : 1000.001038
