Parameters: GAD=1 vflib=1 dir=0 label=0 lowerbound=1 fileNameGp=../../cp2016-max-common-connected-subgraph-paper/datasets/graphsdb/mcs30/bvg/b03/mcs30_b03_s50.A01 fileNameGt=../../cp2016-max-common-connected-subgraph-paper/datasets/graphsdb/mcs30/bvg/b03/mcs30_b03_s50.B01
Reading graphs...
50 :  75
50 :  74
Initializing...
maxdom : 50
D->valSize : 2500
Solving...
Blb : 2 (clique : 32)
currentSize : 32 <-- 0.099191 s
currentSize : 33 <-- 0.106296 s
currentSize : 34 <-- 0.239155 s
currentSize : 35 <-- 0.256780 s
currentSize : 36 <-- 300.163757 s
currentSize : 37 <-- 475.510437 s
currentSize : 38 <-- 702.250366 s

TIMEOUT
maxsize : 38
nodes : 5211840.000000
filtered : 459369849.000000
time : 1000.001038
