Parameters: GAD=1 vflib=1 dir=0 label=0 lowerbound=1 fileNameGp=../../cp2016-max-common-connected-subgraph-paper/datasets/graphsdb/mcs30/m3D/m3Dr2/mcs30_m3Dr2_s30.A03 fileNameGt=../../cp2016-max-common-connected-subgraph-paper/datasets/graphsdb/mcs30/m3D/m3Dr2/mcs30_m3Dr2_s30.B03
Reading graphs...
30 :  66
30 :  67
Initializing...
maxdom : 30
D->valSize : 900
Solving...
Blb : 2 (clique : 15)
currentSize : 15 <-- 0.010951 s
currentSize : 16 <-- 0.011147 s
currentSize : 17 <-- 0.011668 s
currentSize : 18 <-- 0.020676 s
currentSize : 19 <-- 0.127300 s
currentSize : 20 <-- 2.519770 s

maxsize : 20
nodes : 20401358.000000
filtered : 893729143.000000
time : 450.243835
