Parameters: GAD=1 vflib=1 dir=0 label=0 lowerbound=1 fileNameGp=../../cp2016-max-common-connected-subgraph-paper/datasets/graphsdb/mcs30/m3D/m3Dr2/mcs30_m3Dr2_s40.A03 fileNameGt=../../cp2016-max-common-connected-subgraph-paper/datasets/graphsdb/mcs30/m3D/m3Dr2/mcs30_m3Dr2_s40.B03
Reading graphs...
40 :  91
40 :  90
Initializing...
maxdom : 40
D->valSize : 1600
Solving...
Blb : 2 (clique : 20)
currentSize : 20 <-- 0.061530 s
currentSize : 21 <-- 0.061912 s
currentSize : 22 <-- 0.062039 s
currentSize : 23 <-- 0.062836 s
currentSize : 24 <-- 0.237407 s
currentSize : 25 <-- 2.498937 s

TIMEOUT
maxsize : 25
nodes : 35670390.000000
filtered : 1756869165.000000
time : 1000.000488
