Parameters: GAD=1 vflib=1 dir=0 label=0 lowerbound=1 fileNameGp=../../cp2016-max-common-connected-subgraph-paper/datasets/graphsdb/mcs30/rand/r01/mcs30_r01_s35.A02 fileNameGt=../../cp2016-max-common-connected-subgraph-paper/datasets/graphsdb/mcs30/rand/r01/mcs30_r01_s35.B02
Reading graphs...
35 :  113
35 :  110
Initializing...
maxdom : 35
D->valSize : 1225
Solving...
Blb : 2 (clique : 14)
currentSize : 14 <-- 0.019351 s
currentSize : 16 <-- 0.019489 s
currentSize : 17 <-- 0.020439 s
currentSize : 18 <-- 0.077096 s
currentSize : 19 <-- 0.993841 s
currentSize : 20 <-- 33.629509 s

TIMEOUT
maxsize : 20
nodes : 92886763.000000
filtered : 2950321883.000000
time : 1000.000000
