Parameters: GAD=1 vflib=1 dir=0 label=0 lowerbound=1 fileNameGp=../../cp2016-max-common-connected-subgraph-paper/datasets/graphsdb/mcs30/bvg/b06m/mcs30_b06m_s35.A03 fileNameGt=../../cp2016-max-common-connected-subgraph-paper/datasets/graphsdb/mcs30/bvg/b06m/mcs30_b06m_s35.B03
Reading graphs...
35 :  100
35 :  103
Initializing...
maxdom : 35
D->valSize : 1225
Solving...
Blb : 2 (clique : 16)
currentSize : 16 <-- 0.019490 s
currentSize : 17 <-- 0.019860 s
currentSize : 18 <-- 0.022484 s
currentSize : 19 <-- 0.024652 s
currentSize : 20 <-- 0.156707 s
currentSize : 21 <-- 4.138576 s
currentSize : 22 <-- 217.823837 s

TIMEOUT
maxsize : 22
nodes : 45870701.000000
filtered : 2048299109.000000
time : 1000.000061
