Parameters: GAD=1 vflib=1 dir=0 label=0 lowerbound=1 fileNameGp=../../cp2016-max-common-connected-subgraph-paper/datasets/graphsdb/mcs30/m3D/m3Dr4/mcs30_m3Dr4_s30.A03 fileNameGt=../../cp2016-max-common-connected-subgraph-paper/datasets/graphsdb/mcs30/m3D/m3Dr4/mcs30_m3Dr4_s30.B03
Reading graphs...
30 :  72
30 :  72
Initializing...
maxdom : 30
D->valSize : 900
Solving...
Blb : 2 (clique : 16)
currentSize : 16 <-- 0.010812 s
currentSize : 17 <-- 0.014499 s
currentSize : 18 <-- 0.074670 s
currentSize : 19 <-- 0.762403 s
currentSize : 20 <-- 178.407928 s

maxsize : 20
nodes : 19263468.000000
filtered : 807071367.000000
time : 351.856842
