Parameters: GAD=1 vflib=1 dir=0 label=0 lowerbound=1 fileNameGp=../../cp2016-max-common-connected-subgraph-paper/datasets/graphsdb/mcs30/m2D/m2D/mcs30_m2D_s50.A04 fileNameGt=../../cp2016-max-common-connected-subgraph-paper/datasets/graphsdb/mcs30/m2D/m2D/mcs30_m2D_s50.B04
Reading graphs...
50 :  85
50 :  85
Initializing...
maxdom : 50
D->valSize : 2500
Solving...
Blb : 2 (clique : 29)
currentSize : 29 <-- 0.113375 s
currentSize : 30 <-- 0.114401 s
currentSize : 31 <-- 0.139277 s
currentSize : 32 <-- 0.277660 s
currentSize : 33 <-- 1.038163 s
currentSize : 34 <-- 733.196472 s

TIMEOUT
maxsize : 34
nodes : 19859317.000000
filtered : 1088262860.000000
time : 1000.000549
