Parameters: GAD=1 vflib=1 dir=0 label=0 lowerbound=1 fileNameGp=../../cp2016-max-common-connected-subgraph-paper/datasets/graphsdb/mcs30/m2D/m2Dr2/mcs30_m2Dr2_s30.A06 fileNameGt=../../cp2016-max-common-connected-subgraph-paper/datasets/graphsdb/mcs30/m2D/m2Dr2/mcs30_m2Dr2_s30.B06
Reading graphs...
30 :  53
30 :  54
Initializing...
maxdom : 30
D->valSize : 900
Solving...
Blb : 2 (clique : 16)
currentSize : 16 <-- 0.011775 s
currentSize : 17 <-- 0.011917 s
currentSize : 18 <-- 0.013096 s
currentSize : 19 <-- 0.013229 s
currentSize : 20 <-- 0.205706 s
currentSize : 21 <-- 1.244329 s
currentSize : 22 <-- 4.825652 s

maxsize : 22
nodes : 6333629.000000
filtered : 342735880.000000
time : 236.589935
