Parameters: GAD=1 vflib=1 dir=0 label=0 lowerbound=1 fileNameGp=../../cp2016-max-common-connected-subgraph-paper/datasets/graphsdb/mcs50/m4D/m4D/mcs50_m4D_s35.A01 fileNameGt=../../cp2016-max-common-connected-subgraph-paper/datasets/graphsdb/mcs50/m4D/m4D/mcs50_m4D_s35.B01
Reading graphs...
35 :  63
35 :  62
Initializing...
maxdom : 35
D->valSize : 1225
Solving...
Blb : 2 (clique : 19)
currentSize : 19 <-- 0.037109 s
currentSize : 21 <-- 0.037389 s
currentSize : 22 <-- 0.041359 s
currentSize : 23 <-- 0.176539 s
currentSize : 24 <-- 66.651497 s
currentSize : 25 <-- 156.283875 s
currentSize : 26 <-- 984.878418 s

TIMEOUT
maxsize : 26
nodes : 37129426.000000
filtered : 1682735331.000000
time : 1000.000000
