Parameters: GAD=1 vflib=1 dir=0 label=0 lowerbound=1 fileNameGp=../../cp2016-max-common-connected-subgraph-paper/datasets/graphsdb/mcs50/bvg/b06m/mcs50_b06m_s40.A07 fileNameGt=../../cp2016-max-common-connected-subgraph-paper/datasets/graphsdb/mcs50/bvg/b06m/mcs50_b06m_s40.B07
Reading graphs...
40 :  118
40 :  120
Initializing...
maxdom : 40
D->valSize : 1600
Solving...
Blb : 2 (clique : 17)
currentSize : 17 <-- 0.034243 s
currentSize : 18 <-- 0.034541 s
currentSize : 19 <-- 0.034864 s
currentSize : 20 <-- 0.036989 s
currentSize : 21 <-- 0.073167 s
currentSize : 22 <-- 0.103771 s
currentSize : 23 <-- 10.877354 s

TIMEOUT
maxsize : 23
nodes : 70365136.000000
filtered : 2728172519.000000
time : 1000.000000
