Parameters: GAD=1 vflib=1 dir=0 label=0 lowerbound=1 fileNameGp=../../cp2016-max-common-connected-subgraph-paper/datasets/graphsdb/mcs50/m2D/m2Dr2/mcs50_m2Dr2_s40.A01 fileNameGt=../../cp2016-max-common-connected-subgraph-paper/datasets/graphsdb/mcs50/m2D/m2Dr2/mcs50_m2Dr2_s40.B01
Reading graphs...
40 :  74
40 :  74
Initializing...
maxdom : 40
D->valSize : 1600
Solving...
Blb : 2 (clique : 22)
currentSize : 22 <-- 0.036443 s
currentSize : 23 <-- 0.036667 s
currentSize : 24 <-- 0.046846 s
currentSize : 25 <-- 0.283247 s
currentSize : 26 <-- 1.850374 s
currentSize : 27 <-- 15.004161 s
currentSize : 28 <-- 19.490543 s

TIMEOUT
maxsize : 28
nodes : 19612694.000000
filtered : 1057190440.000000
time : 1000.000366
