Parameters: GAD=1 vflib=1 dir=0 label=0 lowerbound=1 fileNameGp=../../cp2016-max-common-connected-subgraph-paper/datasets/graphsdb/mcs50/bvg/b06/mcs50_b06_s35.A01 fileNameGt=../../cp2016-max-common-connected-subgraph-paper/datasets/graphsdb/mcs50/bvg/b06/mcs50_b06_s35.B01
Reading graphs...
35 :  104
35 :  103
Initializing...
maxdom : 35
D->valSize : 1225
Solving...
Blb : 2 (clique : 15)
currentSize : 15 <-- 0.034016 s
currentSize : 16 <-- 0.034286 s
currentSize : 17 <-- 0.034388 s
currentSize : 18 <-- 0.046021 s
currentSize : 19 <-- 0.708132 s
currentSize : 20 <-- 0.973159 s
currentSize : 21 <-- 8.867623 s
currentSize : 22 <-- 179.195206 s

TIMEOUT
maxsize : 22
nodes : 53793872.000000
filtered : 2592019024.000000
time : 1000.000000
