Parameters: GAD=1 vflib=1 dir=0 label=0 lowerbound=1 fileNameGp=../../cp2016-max-common-connected-subgraph-paper/datasets/graphsdb/mcs50/m3D/m3Dr4/mcs50_m3Dr4_s50.A03 fileNameGt=../../cp2016-max-common-connected-subgraph-paper/datasets/graphsdb/mcs50/m3D/m3Dr4/mcs50_m3Dr4_s50.B03
Reading graphs...
50 :  126
50 :  124
Initializing...
maxdom : 50
D->valSize : 2500
Solving...
Blb : 2 (clique : 25)
currentSize : 25 <-- 0.094285 s
currentSize : 26 <-- 0.094669 s
currentSize : 27 <-- 0.094833 s
currentSize : 28 <-- 0.098467 s
currentSize : 29 <-- 0.187191 s
currentSize : 30 <-- 2.028160 s

TIMEOUT
maxsize : 30
nodes : 38309599.000000
filtered : 1897613588.000000
time : 1000.000122
