Parameters: GAD=1 vflib=1 dir=0 label=0 lowerbound=1 fileNameGp=../../cp2016-max-common-connected-subgraph-paper/datasets/graphsdb/mcs50/rand/r01/mcs50_r01_s50.A01 fileNameGt=../../cp2016-max-common-connected-subgraph-paper/datasets/graphsdb/mcs50/rand/r01/mcs50_r01_s50.B01
Reading graphs...
50 :  233
50 :  230
Initializing...
maxdom : 50
D->valSize : 2500
Solving...
Blb : 2 (clique : 18)
currentSize : 18 <-- 0.085624 s
currentSize : 19 <-- 0.085899 s
currentSize : 20 <-- 0.087796 s
currentSize : 21 <-- 0.277382 s
currentSize : 22 <-- 0.816345 s
currentSize : 23 <-- 203.971008 s

TIMEOUT
maxsize : 23
nodes : 112565614.000000
filtered : 2832638114.000000
time : 1000.000000
