Parameters: GAD=1 vflib=1 dir=0 label=0 lowerbound=1 fileNameGp=../../cp2016-max-common-connected-subgraph-paper/datasets/graphsdb/mcs50/bvg/b09m/mcs50_b09m_s50.A04 fileNameGt=../../cp2016-max-common-connected-subgraph-paper/datasets/graphsdb/mcs50/bvg/b09m/mcs50_b09m_s50.B04
Reading graphs...
50 :  216
50 :  214
Initializing...
maxdom : 50
D->valSize : 2500
Solving...
Blb : 2 (clique : 19)
currentSize : 19 <-- 0.098403 s
currentSize : 20 <-- 0.098757 s
currentSize : 21 <-- 0.103460 s
currentSize : 22 <-- 0.311225 s
currentSize : 23 <-- 2.321986 s
currentSize : 24 <-- 120.986435 s
currentSize : 25 <-- 417.605865 s

TIMEOUT
maxsize : 25
nodes : 86118011.000000
filtered : 2881000643.000000
time : 1000.000000
