Parameters: GAD=1 vflib=1 dir=0 label=0 lowerbound=1 fileNameGp=../../cp2016-max-common-connected-subgraph-paper/datasets/graphsdb/mcs50/bvg/b09m/mcs50_b09m_s40.A06 fileNameGt=../../cp2016-max-common-connected-subgraph-paper/datasets/graphsdb/mcs50/bvg/b09m/mcs50_b09m_s40.B06
Reading graphs...
40 :  171
40 :  171
Initializing...
maxdom : 40
D->valSize : 1600
Solving...
Blb : 2 (clique : 14)
currentSize : 14 <-- 0.032167 s
currentSize : 15 <-- 0.032349 s
currentSize : 16 <-- 0.032955 s
currentSize : 17 <-- 0.063123 s
currentSize : 18 <-- 0.076530 s
currentSize : 19 <-- 0.653958 s
currentSize : 20 <-- 13.053113 s

TIMEOUT
maxsize : 20
nodes : 96765730.000000
filtered : 3052214025.000000
time : 1000.000000
