Parameters: GAD=1 vflib=1 dir=0 label=0 lowerbound=1 fileNameGp=../../cp2016-max-common-connected-subgraph-paper/datasets/graphsdb/mcs50/bvg/b09m/mcs50_b09m_s35.A09 fileNameGt=../../cp2016-max-common-connected-subgraph-paper/datasets/graphsdb/mcs50/bvg/b09m/mcs50_b09m_s35.B09
Reading graphs...
35 :  147
35 :  146
Initializing...
maxdom : 35
D->valSize : 1225
Solving...
Blb : 2 (clique : 14)
currentSize : 14 <-- 0.018538 s
currentSize : 15 <-- 0.018681 s
currentSize : 16 <-- 0.019316 s
currentSize : 17 <-- 0.257859 s
currentSize : 18 <-- 32.215191 s
currentSize : 19 <-- 90.076714 s

TIMEOUT
maxsize : 19
nodes : 121602686.000000
filtered : 3292740772.000000
time : 1000.000000
