Parameters: GAD=1 vflib=1 dir=0 label=0 lowerbound=1 fileNameGp=../../cp2016-max-common-connected-subgraph-paper/datasets/graphsdb/mcs50/rand/r005/mcs50_r005_s35.A05 fileNameGt=../../cp2016-max-common-connected-subgraph-paper/datasets/graphsdb/mcs50/rand/r005/mcs50_r005_s35.B05
Reading graphs...
35 :  61
35 :  61
Initializing...
maxdom : 35
D->valSize : 1225
Solving...
Blb : 2 (clique : 19)
currentSize : 19 <-- 0.020964 s
currentSize : 20 <-- 0.021135 s
currentSize : 21 <-- 0.021155 s
currentSize : 22 <-- 0.021499 s
currentSize : 23 <-- 0.026300 s
currentSize : 24 <-- 0.188160 s
currentSize : 25 <-- 276.353912 s

TIMEOUT
maxsize : 25
nodes : 18117514.000000
filtered : 1073584227.000000
time : 1000.000244
