Parameters: GAD=1 vflib=1 dir=0 label=0 lowerbound=1 fileNameGp=../../cp2016-max-common-connected-subgraph-paper/datasets/graphsdb/mcs50/bvg/b06/mcs50_b06_s40.A07 fileNameGt=../../cp2016-max-common-connected-subgraph-paper/datasets/graphsdb/mcs50/bvg/b06/mcs50_b06_s40.B07
Reading graphs...
40 :  120
40 :  120
Initializing...
maxdom : 40
D->valSize : 1600
Solving...
Blb : 2 (clique : 18)
currentSize : 18 <-- 0.034461 s
currentSize : 19 <-- 0.034702 s
currentSize : 20 <-- 0.036099 s
currentSize : 21 <-- 0.045994 s
currentSize : 22 <-- 0.050583 s
currentSize : 23 <-- 0.050620 s
currentSize : 24 <-- 0.050669 s
currentSize : 25 <-- 0.067001 s

TIMEOUT
maxsize : 25
nodes : 46302796.000000
filtered : 2424385619.000000
time : 1000.000366
