Parameters: GAD=1 vflib=1 dir=0 label=0 lowerbound=1 fileNameGp=../../cp2016-max-common-connected-subgraph-paper/datasets/graphsdb/mcs50/m4D/m4D/mcs50_m4D_s30.A06 fileNameGt=../../cp2016-max-common-connected-subgraph-paper/datasets/graphsdb/mcs50/m4D/m4D/mcs50_m4D_s30.B06
Reading graphs...
30 :  55
30 :  55
Initializing...
maxdom : 30
D->valSize : 900
Solving...
Blb : 2 (clique : 16)
currentSize : 16 <-- 0.011222 s
currentSize : 18 <-- 0.011343 s
currentSize : 19 <-- 0.011743 s
currentSize : 20 <-- 0.485684 s
currentSize : 21 <-- 1.123445 s
currentSize : 22 <-- 86.625534 s

maxsize : 22
nodes : 21317018.000000
filtered : 1243934157.000000
time : 584.770935
