Parameters: GAD=1 vflib=1 dir=0 label=0 lowerbound=1 fileNameGp=../../cp2016-max-common-connected-subgraph-paper/datasets/graphsdb/mcs50/bvg/b09/mcs50_b09_s40.A02 fileNameGt=../../cp2016-max-common-connected-subgraph-paper/datasets/graphsdb/mcs50/bvg/b09/mcs50_b09_s40.B02
Reading graphs...
40 :  178
40 :  179
Initializing...
maxdom : 40
D->valSize : 1600
Solving...
Blb : 2 (clique : 16)
currentSize : 16 <-- 0.032695 s
currentSize : 17 <-- 0.032983 s
currentSize : 18 <-- 0.093215 s
currentSize : 19 <-- 0.093244 s
currentSize : 20 <-- 0.186615 s
currentSize : 21 <-- 24.000088 s
currentSize : 22 <-- 24.001043 s
currentSize : 23 <-- 246.085815 s

TIMEOUT
maxsize : 23
nodes : 110075339.000000
filtered : 3949346747.000000
time : 1000.000183
