Parameters: GAD=1 vflib=1 dir=0 label=0 lowerbound=1 fileNameGp=../../cp2016-max-common-connected-subgraph-paper/datasets/graphsdb/mcs50/rand/r01/mcs50_r01_s50.A08 fileNameGt=../../cp2016-max-common-connected-subgraph-paper/datasets/graphsdb/mcs50/rand/r01/mcs50_r01_s50.B08
Reading graphs...
50 :  229
50 :  227
Initializing...
maxdom : 50
D->valSize : 2500
Solving...
Blb : 2 (clique : 16)
currentSize : 16 <-- 0.085769 s
currentSize : 17 <-- 0.086038 s
currentSize : 18 <-- 0.086263 s
currentSize : 19 <-- 0.086418 s
currentSize : 20 <-- 0.086878 s
currentSize : 21 <-- 0.090175 s
currentSize : 22 <-- 1.236886 s
currentSize : 23 <-- 123.028381 s
currentSize : 24 <-- 891.557617 s

TIMEOUT
maxsize : 24
nodes : 117063133.000000
filtered : 2883980909.000000
time : 1000.000183
