Parameters: GAD=1 vflib=1 dir=0 label=0 lowerbound=1 fileNameGp=../../cp2016-max-common-connected-subgraph-paper/datasets/graphsdb/mcs50/rand/r005/mcs50_r005_s35.A08 fileNameGt=../../cp2016-max-common-connected-subgraph-paper/datasets/graphsdb/mcs50/rand/r005/mcs50_r005_s35.B08
Reading graphs...
35 :  60
35 :  61
Initializing...
maxdom : 35
D->valSize : 1225
Solving...
Blb : 2 (clique : 20)
currentSize : 20 <-- 0.021152 s
currentSize : 21 <-- 0.021333 s
currentSize : 22 <-- 0.021359 s
currentSize : 23 <-- 0.021586 s
currentSize : 24 <-- 0.026094 s
currentSize : 25 <-- 5.840031 s
currentSize : 26 <-- 124.646439 s

TIMEOUT
maxsize : 26
nodes : 12534438.000000
filtered : 831577498.000000
time : 1000.001465
