Parameters: GAD=1 vflib=1 dir=0 label=0 lowerbound=1 fileNameGp=../../cp2016-max-common-connected-subgraph-paper/datasets/graphsdb/mcs50/rand/r005/mcs50_r005_s35.A02 fileNameGt=../../cp2016-max-common-connected-subgraph-paper/datasets/graphsdb/mcs50/rand/r005/mcs50_r005_s35.B02
Reading graphs...
35 :  62
35 :  61
Initializing...
maxdom : 35
D->valSize : 1225
Solving...
Blb : 2 (clique : 19)
currentSize : 19 <-- 0.020887 s
currentSize : 20 <-- 0.021062 s
currentSize : 21 <-- 0.022603 s
currentSize : 22 <-- 0.023077 s
currentSize : 23 <-- 0.025683 s
currentSize : 24 <-- 0.027443 s
currentSize : 25 <-- 5.611148 s

TIMEOUT
maxsize : 25
nodes : 23704278.000000
filtered : 1612482066.000000
time : 1000.000610
