Parameters: GAD=1 vflib=1 dir=0 label=0 lowerbound=1 fileNameGp=../../cp2016-max-common-connected-subgraph-paper/datasets/graphsdb/mcs50/bvg/b06m/mcs50_b06m_s35.A05 fileNameGt=../../cp2016-max-common-connected-subgraph-paper/datasets/graphsdb/mcs50/bvg/b06m/mcs50_b06m_s35.B05
Reading graphs...
35 :  98
35 :  99
Initializing...
maxdom : 35
D->valSize : 1225
Solving...
Blb : 2 (clique : 17)
currentSize : 17 <-- 0.034642 s
currentSize : 18 <-- 0.034974 s
currentSize : 19 <-- 0.077478 s
currentSize : 20 <-- 0.221571 s
currentSize : 21 <-- 19.151764 s
currentSize : 22 <-- 34.362549 s

TIMEOUT
maxsize : 22
nodes : 49754890.000000
filtered : 2258788305.000000
time : 1000.000183
