Parameters: GAD=1 vflib=1 dir=0 label=0 lowerbound=1 fileNameGp=../../cp2016-max-common-connected-subgraph-paper/datasets/graphsdb/mcs50/bvg/b09m/mcs50_b09m_s50.A03 fileNameGt=../../cp2016-max-common-connected-subgraph-paper/datasets/graphsdb/mcs50/bvg/b09m/mcs50_b09m_s50.B03
Reading graphs...
50 :  215
50 :  214
Initializing...
maxdom : 50
D->valSize : 2500
Solving...
Blb : 2 (clique : 18)
currentSize : 18 <-- 0.086870 s
currentSize : 19 <-- 0.087159 s
currentSize : 20 <-- 0.087762 s
currentSize : 21 <-- 0.166009 s
currentSize : 22 <-- 0.236994 s
currentSize : 23 <-- 0.357089 s
currentSize : 24 <-- 0.553610 s

TIMEOUT
maxsize : 24
nodes : 76872271.000000
filtered : 2382056132.000000
time : 1000.000000
