Parameters: GAD=1 vflib=1 dir=0 label=0 lowerbound=1 fileNameGp=../../cp2016-max-common-connected-subgraph-paper/datasets/graphsdb/mcs50/m3D/m3D/mcs50_m3D_s50.A07 fileNameGt=../../cp2016-max-common-connected-subgraph-paper/datasets/graphsdb/mcs50/m3D/m3D/mcs50_m3D_s50.B07
Reading graphs...
50 :  109
50 :  109
Initializing...
maxdom : 50
D->valSize : 2500
Solving...
Blb : 2 (clique : 25)
currentSize : 25 <-- 0.095653 s
currentSize : 26 <-- 0.096005 s
currentSize : 27 <-- 0.096062 s
currentSize : 28 <-- 0.096820 s
currentSize : 29 <-- 0.138788 s
currentSize : 30 <-- 0.226330 s
currentSize : 31 <-- 1.258377 s
currentSize : 32 <-- 148.383041 s

TIMEOUT
maxsize : 32
nodes : 40252463.000000
filtered : 1695624131.000000
time : 1000.000732
