Parameters: GAD=1 vflib=1 dir=0 label=0 lowerbound=1 fileNameGp=../../cp2016-max-common-connected-subgraph-paper/datasets/graphsdb/mcs50/bvg/b06/mcs50_b06_s25.A05 fileNameGt=../../cp2016-max-common-connected-subgraph-paper/datasets/graphsdb/mcs50/bvg/b06/mcs50_b06_s25.B05
Reading graphs...
25 :  75
25 :  75
Initializing...
maxdom : 25
D->valSize : 625
Solving...
Blb : 2 (clique : 11)
currentSize : 11 <-- 0.005048 s
currentSize : 12 <-- 0.005165 s
currentSize : 13 <-- 0.005267 s
currentSize : 14 <-- 0.007327 s
currentSize : 15 <-- 0.566111 s
currentSize : 16 <-- 13.253408 s

maxsize : 16
nodes : 2119984.000000
filtered : 48515120.000000
time : 15.390985
