Parameters: GAD=1 vflib=1 dir=0 label=0 lowerbound=1 fileNameGp=../../cp2016-max-common-connected-subgraph-paper/datasets/graphsdb/mcs50/m4D/m4Dr4/mcs50_m4Dr4_s30.A08 fileNameGt=../../cp2016-max-common-connected-subgraph-paper/datasets/graphsdb/mcs50/m4D/m4Dr4/mcs50_m4Dr4_s30.B08
Reading graphs...
30 :  66
30 :  65
Initializing...
maxdom : 30
D->valSize : 900
Solving...
Blb : 5 (clique : 15)
currentSize : 15 <-- 0.019170 s
currentSize : 16 <-- 0.019360 s
currentSize : 17 <-- 0.019819 s
currentSize : 18 <-- 0.198919 s
currentSize : 19 <-- 0.411700 s
currentSize : 20 <-- 1.008893 s

maxsize : 20
nodes : 16874753.000000
filtered : 747684365.000000
time : 521.726562
