Parameters: GAD=1 vflib=1 dir=0 label=0 lowerbound=1 fileNameGp=../../cp2016-max-common-connected-subgraph-paper/datasets/graphsdb/mcs50/bvg/b09m/mcs50_b09m_s50.A02 fileNameGt=../../cp2016-max-common-connected-subgraph-paper/datasets/graphsdb/mcs50/bvg/b09m/mcs50_b09m_s50.B02
Reading graphs...
50 :  216
50 :  216
Initializing...
maxdom : 50
D->valSize : 2500
Solving...
Blb : 2 (clique : 16)
currentSize : 16 <-- 0.112238 s
currentSize : 17 <-- 0.112476 s
currentSize : 18 <-- 0.112583 s
currentSize : 19 <-- 0.112835 s
currentSize : 20 <-- 0.118326 s
currentSize : 21 <-- 0.139007 s
currentSize : 22 <-- 0.158990 s
currentSize : 23 <-- 0.965291 s

TIMEOUT
maxsize : 23
nodes : 86748265.000000
filtered : 2520126599.000000
time : 1000.000000
