Parameters: GAD=1 vflib=1 dir=0 label=0 lowerbound=1 fileNameGp=../../cp2016-max-common-connected-subgraph-paper/datasets/graphsdb/mcs50/m2D/m2Dr4/mcs50_m2Dr4_s40.A03 fileNameGt=../../cp2016-max-common-connected-subgraph-paper/datasets/graphsdb/mcs50/m2D/m2Dr4/mcs50_m2Dr4_s40.B03
Reading graphs...
40 :  82
40 :  83
Initializing...
maxdom : 40
D->valSize : 1600
Solving...
Blb : 2 (clique : 22)
currentSize : 22 <-- 0.058378 s
currentSize : 23 <-- 0.058631 s
currentSize : 24 <-- 0.072993 s
currentSize : 25 <-- 0.073134 s
currentSize : 26 <-- 0.100517 s
currentSize : 27 <-- 0.217455 s

TIMEOUT
maxsize : 27
nodes : 15871229.000000
filtered : 1019502761.000000
time : 1000.000610
