Parameters: GAD=1 vflib=1 dir=0 label=0 lowerbound=1 fileNameGp=../../cp2016-max-common-connected-subgraph-paper/datasets/graphsdb/mcs50/bvg/b06m/mcs50_b06m_s35.A02 fileNameGt=../../cp2016-max-common-connected-subgraph-paper/datasets/graphsdb/mcs50/bvg/b06m/mcs50_b06m_s35.B02
Reading graphs...
35 :  98
35 :  98
Initializing...
maxdom : 35
D->valSize : 1225
Solving...
Blb : 2 (clique : 16)
currentSize : 16 <-- 0.019646 s
currentSize : 17 <-- 0.019935 s
currentSize : 18 <-- 0.020538 s
currentSize : 19 <-- 0.032494 s
currentSize : 20 <-- 0.527890 s
currentSize : 21 <-- 2.157101 s
currentSize : 22 <-- 71.479958 s

TIMEOUT
maxsize : 22
nodes : 53209824.000000
filtered : 2375978543.000000
time : 1000.000000
