Parameters: GAD=1 vflib=1 dir=0 label=0 lowerbound=1 fileNameGp=../../cp2016-max-common-connected-subgraph-paper/datasets/graphsdb/mcs50/m2D/m2Dr6/mcs50_m2Dr6_s50.A02 fileNameGt=../../cp2016-max-common-connected-subgraph-paper/datasets/graphsdb/mcs50/m2D/m2Dr6/mcs50_m2Dr6_s50.B02
Reading graphs...
50 :  113
50 :  112
Initializing...
maxdom : 50
D->valSize : 2500
Solving...
Blb : 2 (clique : 26)
currentSize : 26 <-- 0.095303 s
currentSize : 27 <-- 0.095735 s
currentSize : 28 <-- 0.106864 s
currentSize : 29 <-- 0.115745 s
currentSize : 30 <-- 0.880544 s
currentSize : 31 <-- 14.792471 s

TIMEOUT
maxsize : 31
nodes : 34044541.000000
filtered : 1381601608.000000
time : 1000.001099
