Parameters: GAD=1 vflib=1 dir=0 label=0 lowerbound=1 fileNameGp=../../cp2016-max-common-connected-subgraph-paper/datasets/graphsdb/mcs50/m4D/m4Dr6/mcs50_m4Dr6_s30.A04 fileNameGt=../../cp2016-max-common-connected-subgraph-paper/datasets/graphsdb/mcs50/m4D/m4Dr6/mcs50_m4Dr6_s30.B04
Reading graphs...
30 :  71
30 :  71
Initializing...
maxdom : 30
D->valSize : 900
Solving...
Blb : 2 (clique : 14)
currentSize : 14 <-- 0.010836 s
currentSize : 15 <-- 0.011016 s
currentSize : 16 <-- 0.011444 s
currentSize : 17 <-- 0.011573 s
currentSize : 18 <-- 0.093708 s
currentSize : 19 <-- 0.419995 s
currentSize : 20 <-- 85.038055 s

maxsize : 20
nodes : 19056815.000000
filtered : 911585972.000000
time : 445.066559
