Parameters: GAD=1 vflib=1 dir=0 label=0 lowerbound=1 fileNameGp=../../cp2016-max-common-connected-subgraph-paper/datasets/graphsdb/mcs50/bvg/b09/mcs50_b09_s50.A09 fileNameGt=../../cp2016-max-common-connected-subgraph-paper/datasets/graphsdb/mcs50/bvg/b09/mcs50_b09_s50.B09
Reading graphs...
50 :  221
50 :  220
Initializing...
maxdom : 50
D->valSize : 2500
Solving...
Blb : 2 (clique : 18)
currentSize : 18 <-- 0.107363 s
currentSize : 20 <-- 0.107619 s
currentSize : 21 <-- 0.107675 s
currentSize : 22 <-- 0.192140 s
currentSize : 23 <-- 0.199815 s
currentSize : 24 <-- 660.987183 s

TIMEOUT
maxsize : 24
nodes : 94270394.000000
filtered : 2635528408.000000
time : 1000.000000
