Parameters: GAD=1 vflib=1 dir=0 label=0 lowerbound=1 fileNameGp=../../cp2016-max-common-connected-subgraph-paper/datasets/graphsdb/mcs50/m4D/m4D/mcs50_m4D_s35.A02 fileNameGt=../../cp2016-max-common-connected-subgraph-paper/datasets/graphsdb/mcs50/m4D/m4D/mcs50_m4D_s35.B02
Reading graphs...
35 :  63
35 :  63
Initializing...
maxdom : 35
D->valSize : 1225
Solving...
Blb : 2 (clique : 21)
currentSize : 21 <-- 0.021056 s
currentSize : 22 <-- 0.021355 s
currentSize : 23 <-- 0.021611 s
currentSize : 24 <-- 0.022242 s
currentSize : 25 <-- 0.497181 s
currentSize : 26 <-- 1.119650 s
currentSize : 27 <-- 371.674805 s

TIMEOUT
maxsize : 27
nodes : 13147342.000000
filtered : 1258936173.000000
time : 1000.000610
