Parameters: GAD=1 vflib=1 dir=0 label=0 lowerbound=1 fileNameGp=../../cp2016-max-common-connected-subgraph-paper/datasets/graphsdb/mcs50/bvg/b06/mcs50_b06_s35.A04 fileNameGt=../../cp2016-max-common-connected-subgraph-paper/datasets/graphsdb/mcs50/bvg/b06/mcs50_b06_s35.B04
Reading graphs...
35 :  104
35 :  105
Initializing...
maxdom : 35
D->valSize : 1225
Solving...
Blb : 2 (clique : 15)
currentSize : 15 <-- 0.034224 s
currentSize : 16 <-- 0.034733 s
currentSize : 17 <-- 0.038065 s
currentSize : 18 <-- 0.045562 s
currentSize : 19 <-- 0.048284 s
currentSize : 20 <-- 6.301788 s
currentSize : 21 <-- 557.813110 s

TIMEOUT
maxsize : 21
nodes : 61316279.000000
filtered : 2427547042.000000
time : 1000.000000
