Parameters: GAD=1 vflib=1 dir=0 label=0 lowerbound=1 fileNameGp=../../cp2016-max-common-connected-subgraph-paper/datasets/graphsdb/mcs50/rand/r01/mcs50_r01_s30.A00 fileNameGt=../../cp2016-max-common-connected-subgraph-paper/datasets/graphsdb/mcs50/rand/r01/mcs50_r01_s30.B00
Reading graphs...
30 :  81
30 :  80
Initializing...
maxdom : 30
D->valSize : 900
Solving...
Blb : 2 (clique : 14)
currentSize : 14 <-- 0.010586 s
currentSize : 15 <-- 0.010696 s
currentSize : 16 <-- 0.010726 s
currentSize : 17 <-- 0.027190 s
currentSize : 18 <-- 23.764360 s
currentSize : 19 <-- 293.193817 s

maxsize : 19
nodes : 42495823.000000
filtered : 1124075373.000000
time : 404.359802
