Parameters: GAD=1 vflib=1 dir=0 label=0 lowerbound=1 fileNameGp=../../cp2016-max-common-connected-subgraph-paper/datasets/graphsdb/mcs50/bvg/b06/mcs50_b06_s35.A07 fileNameGt=../../cp2016-max-common-connected-subgraph-paper/datasets/graphsdb/mcs50/bvg/b06/mcs50_b06_s35.B07
Reading graphs...
35 :  101
35 :  105
Initializing...
maxdom : 35
D->valSize : 1225
Solving...
Blb : 2 (clique : 17)
currentSize : 17 <-- 0.019986 s
currentSize : 18 <-- 0.105010 s
currentSize : 19 <-- 0.136225 s
currentSize : 20 <-- 5.988434 s
currentSize : 21 <-- 27.557230 s
currentSize : 22 <-- 27.704388 s

TIMEOUT
maxsize : 22
nodes : 48605324.000000
filtered : 2180595661.000000
time : 1000.000244
