Parameters: GAD=1 vflib=1 dir=0 label=0 lowerbound=1 fileNameGp=../../cp2016-max-common-connected-subgraph-paper/datasets/graphsdb/mcs50/bvg/b09/mcs50_b09_s30.A04 fileNameGt=../../cp2016-max-common-connected-subgraph-paper/datasets/graphsdb/mcs50/bvg/b09/mcs50_b09_s30.B04
Reading graphs...
30 :  133
30 :  133
Initializing...
maxdom : 30
D->valSize : 900
Solving...
Blb : 2 (clique : 12)
currentSize : 12 <-- 0.016985 s
currentSize : 14 <-- 0.017137 s
currentSize : 15 <-- 0.021957 s
currentSize : 16 <-- 0.939108 s
currentSize : 17 <-- 27.021959 s

maxsize : 17
nodes : 16503257.000000
filtered : 393381354.000000
time : 101.118256
