Parameters: GAD=1 vflib=1 dir=0 label=0 lowerbound=1 fileNameGp=../../cp2016-max-common-connected-subgraph-paper/datasets/graphsdb/mcs50/rand/r02/mcs50_r02_s30.A05 fileNameGt=../../cp2016-max-common-connected-subgraph-paper/datasets/graphsdb/mcs50/rand/r02/mcs50_r02_s30.B05
Reading graphs...
30 :  153
30 :  149
Initializing...
maxdom : 30
D->valSize : 900
Solving...
Blb : 2 (clique : 10)
currentSize : 10 <-- 0.009813 s
currentSize : 11 <-- 0.009921 s
currentSize : 12 <-- 0.009948 s
currentSize : 13 <-- 0.020796 s
currentSize : 14 <-- 0.449007 s
currentSize : 15 <-- 23.180723 s

maxsize : 15
nodes : 64593798.000000
filtered : 1068951340.000000
time : 300.528412
