Parameters: GAD=1 vflib=1 dir=0 label=0 lowerbound=1 fileNameGp=../../cp2016-max-common-connected-subgraph-paper/datasets/graphsdb/mcs50/bvg/b09m/mcs50_b09m_s30.A02 fileNameGt=../../cp2016-max-common-connected-subgraph-paper/datasets/graphsdb/mcs50/bvg/b09m/mcs50_b09m_s30.B02
Reading graphs...
30 :  127
30 :  122
Initializing...
maxdom : 30
D->valSize : 900
Solving...
Blb : 2 (clique : 12)
currentSize : 12 <-- 0.009868 s
currentSize : 13 <-- 0.012804 s
currentSize : 14 <-- 0.057008 s
currentSize : 15 <-- 0.304971 s
currentSize : 16 <-- 0.628650 s
currentSize : 17 <-- 23.144278 s

maxsize : 17
nodes : 12534130.000000
filtered : 352431866.000000
time : 97.120110
