Parameters: GAD=1 vflib=1 dir=0 label=0 lowerbound=1 fileNameGp=../../cp2016-max-common-connected-subgraph-paper/datasets/graphsdb/mcs50/bvg/b03m/mcs50_b03m_s35.A04 fileNameGt=../../cp2016-max-common-connected-subgraph-paper/datasets/graphsdb/mcs50/bvg/b03m/mcs50_b03m_s35.B04
Reading graphs...
35 :  51
35 :  51
Initializing...
maxdom : 35
D->valSize : 1225
Solving...
Blb : 2 (clique : 22)
currentSize : 22 <-- 0.037517 s
currentSize : 23 <-- 0.040104 s
currentSize : 24 <-- 0.074008 s
currentSize : 25 <-- 0.107816 s
currentSize : 26 <-- 10.504225 s
currentSize : 27 <-- 30.260435 s

TIMEOUT
maxsize : 27
nodes : 8581404.000000
filtered : 700877040.000000
time : 1000.000122
