Parameters: GAD=1 vflib=1 dir=0 label=0 lowerbound=1 fileNameGp=../../cp2016-max-common-connected-subgraph-paper/datasets/graphsdb/mcs50/bvg/b03m/mcs50_b03m_s35.A03 fileNameGt=../../cp2016-max-common-connected-subgraph-paper/datasets/graphsdb/mcs50/bvg/b03m/mcs50_b03m_s35.B03
Reading graphs...
35 :  50
35 :  51
Initializing...
maxdom : 35
D->valSize : 1225
Solving...
Blb : 2 (clique : 21)
currentSize : 21 <-- 0.021675 s
currentSize : 22 <-- 0.021953 s
currentSize : 23 <-- 2.819261 s
currentSize : 24 <-- 3.063498 s
currentSize : 25 <-- 5.952243 s
currentSize : 26 <-- 6.187648 s

TIMEOUT
maxsize : 26
nodes : 12552123.000000
filtered : 787152805.000000
time : 1000.000488
