Parameters: GAD=1 vflib=1 dir=0 label=0 lowerbound=1 fileNameGp=../../cp2016-max-common-connected-subgraph-paper/datasets/graphsdb/mcs50/m4D/m4Dr6/mcs50_m4Dr6_s30.A03 fileNameGt=../../cp2016-max-common-connected-subgraph-paper/datasets/graphsdb/mcs50/m4D/m4Dr6/mcs50_m4Dr6_s30.B03
Reading graphs...
30 :  73
30 :  72
Initializing...
maxdom : 30
D->valSize : 900
Solving...
Blb : 2 (clique : 15)
currentSize : 15 <-- 0.011083 s
currentSize : 16 <-- 0.011239 s
currentSize : 17 <-- 0.013432 s
currentSize : 18 <-- 0.068592 s
currentSize : 19 <-- 7.737722 s
currentSize : 20 <-- 29.753540 s
currentSize : 21 <-- 214.591110 s

maxsize : 21
nodes : 7356978.000000
filtered : 366240412.000000
time : 248.988800
