Parameters: GAD=1 vflib=1 dir=0 label=0 lowerbound=1 fileNameGp=../../cp2016-max-common-connected-subgraph-paper/datasets/graphsdb/mcs50/m3D/m3Dr4/mcs50_m3Dr4_s50.A05 fileNameGt=../../cp2016-max-common-connected-subgraph-paper/datasets/graphsdb/mcs50/m3D/m3Dr4/mcs50_m3Dr4_s50.B05
Reading graphs...
50 :  127
50 :  127
Initializing...
maxdom : 50
D->valSize : 2500
Solving...
Blb : 5 (clique : 25)
currentSize : 25 <-- 0.094496 s
currentSize : 26 <-- 0.212852 s
currentSize : 27 <-- 0.681490 s
currentSize : 28 <-- 1.546131 s
currentSize : 29 <-- 3.012365 s
currentSize : 30 <-- 324.557800 s
currentSize : 31 <-- 762.695862 s

TIMEOUT
maxsize : 31
nodes : 61047252.000000
filtered : 2305005002.000000
time : 1000.000122
