Parameters: GAD=1 vflib=1 dir=0 label=0 lowerbound=1 fileNameGp=../../cp2016-max-common-connected-subgraph-paper/datasets/graphsdb/mcs50/m2D/m2Dr2/mcs50_m2Dr2_s30.A07 fileNameGt=../../cp2016-max-common-connected-subgraph-paper/datasets/graphsdb/mcs50/m2D/m2Dr2/mcs50_m2Dr2_s30.B07
Reading graphs...
30 :  55
30 :  54
Initializing...
maxdom : 30
D->valSize : 900
Solving...
Blb : 2 (clique : 16)
currentSize : 16 <-- 0.011239 s
currentSize : 17 <-- 0.011370 s
currentSize : 18 <-- 0.013245 s
currentSize : 19 <-- 0.057681 s
currentSize : 20 <-- 0.085492 s
currentSize : 21 <-- 4.473666 s

maxsize : 21
nodes : 15286281.000000
filtered : 703045314.000000
time : 388.553162
