Parameters: GAD=1 vflib=1 dir=0 label=0 lowerbound=1 fileNameGp=../../cp2016-max-common-connected-subgraph-paper/datasets/graphsdb/mcs50/bvg/b09m/mcs50_b09m_s30.A05 fileNameGt=../../cp2016-max-common-connected-subgraph-paper/datasets/graphsdb/mcs50/bvg/b09m/mcs50_b09m_s30.B05
Reading graphs...
30 :  124
30 :  124
Initializing...
maxdom : 30
D->valSize : 900
Solving...
Blb : 2 (clique : 10)
currentSize : 10 <-- 0.009721 s
currentSize : 11 <-- 0.009977 s
currentSize : 12 <-- 0.011296 s
currentSize : 13 <-- 0.026688 s
currentSize : 14 <-- 0.041547 s
currentSize : 15 <-- 1.316117 s
currentSize : 16 <-- 83.829185 s

maxsize : 16
nodes : 35612474.000000
filtered : 819805973.000000
time : 245.991028
