Parameters: GAD=1 vflib=1 dir=0 label=0 lowerbound=1 fileNameGp=../../cp2016-max-common-connected-subgraph-paper/datasets/graphsdb/mcs50/bvg/b06m/mcs50_b06m_s40.A00 fileNameGt=../../cp2016-max-common-connected-subgraph-paper/datasets/graphsdb/mcs50/bvg/b06m/mcs50_b06m_s40.B00
Reading graphs...
40 :  116
40 :  116
Initializing...
maxdom : 40
D->valSize : 1600
Solving...
Blb : 2 (clique : 19)
currentSize : 19 <-- 0.034363 s
currentSize : 20 <-- 0.034724 s
currentSize : 21 <-- 0.045675 s
currentSize : 22 <-- 0.092776 s
currentSize : 23 <-- 1.528113 s
currentSize : 24 <-- 84.743912 s

TIMEOUT
maxsize : 24
nodes : 49395906.000000
filtered : 2248730900.000000
time : 1000.000122
