Parameters: GAD=1 vflib=1 dir=0 label=0 lowerbound=1 fileNameGp=../../cp2016-max-common-connected-subgraph-paper/datasets/graphsdb/mcs50/m3D/m3D/mcs50_m3D_s50.A08 fileNameGt=../../cp2016-max-common-connected-subgraph-paper/datasets/graphsdb/mcs50/m3D/m3D/mcs50_m3D_s50.B08
Reading graphs...
50 :  109
50 :  109
Initializing...
maxdom : 50
D->valSize : 2500
Solving...
Blb : 2 (clique : 25)
currentSize : 25 <-- 0.095978 s
currentSize : 27 <-- 0.096311 s
currentSize : 28 <-- 0.096411 s
currentSize : 29 <-- 0.096540 s
currentSize : 30 <-- 0.275397 s
currentSize : 31 <-- 6.084865 s

TIMEOUT
maxsize : 31
nodes : 48677423.000000
filtered : 1952302471.000000
time : 1000.000000
