Parameters: GAD=1 vflib=1 dir=0 label=0 lowerbound=1 fileNameGp=../../cp2016-max-common-connected-subgraph-paper/datasets/graphsdb/mcs50/bvg/b03/mcs50_b03_s50.A08 fileNameGt=../../cp2016-max-common-connected-subgraph-paper/datasets/graphsdb/mcs50/bvg/b03/mcs50_b03_s50.B08
Reading graphs...
50 :  74
50 :  75
Initializing...
maxdom : 50
D->valSize : 2500
Solving...
Blb : 2 (clique : 29)
currentSize : 29 <-- 0.099228 s
currentSize : 31 <-- 0.099622 s
currentSize : 32 <-- 0.099709 s
currentSize : 33 <-- 0.790408 s
currentSize : 34 <-- 1.875538 s
currentSize : 35 <-- 2.347416 s
currentSize : 36 <-- 577.133423 s
currentSize : 37 <-- 577.231628 s

TIMEOUT
maxsize : 37
nodes : 6667743.000000
filtered : 629497895.000000
time : 1000.000244
