Parameters: GAD=1 vflib=1 dir=0 label=0 lowerbound=1 fileNameGp=../../cp2016-max-common-connected-subgraph-paper/datasets/graphsdb/mcs50/bvg/b06/mcs50_b06_s35.A02 fileNameGt=../../cp2016-max-common-connected-subgraph-paper/datasets/graphsdb/mcs50/bvg/b06/mcs50_b06_s35.B02
Reading graphs...
35 :  104
35 :  102
Initializing...
maxdom : 35
D->valSize : 1225
Solving...
Blb : 2 (clique : 15)
currentSize : 15 <-- 0.019892 s
currentSize : 17 <-- 0.020036 s
currentSize : 18 <-- 0.020069 s
currentSize : 19 <-- 0.032838 s
currentSize : 20 <-- 0.036354 s
currentSize : 21 <-- 2.553857 s
currentSize : 22 <-- 305.673798 s
currentSize : 23 <-- 540.563965 s

TIMEOUT
maxsize : 23
nodes : 56796771.000000
filtered : 2558666961.000000
time : 1000.000122
