Parameters: GAD=1 vflib=1 dir=0 label=0 lowerbound=1 fileNameGp=../../cp2016-max-common-connected-subgraph-paper/datasets/graphsdb/mcs50/m2D/m2Dr2/mcs50_m2Dr2_s30.A03 fileNameGt=../../cp2016-max-common-connected-subgraph-paper/datasets/graphsdb/mcs50/m2D/m2Dr2/mcs50_m2Dr2_s30.B03
Reading graphs...
30 :  55
30 :  54
Initializing...
maxdom : 30
D->valSize : 900
Solving...
Blb : 2 (clique : 17)
currentSize : 17 <-- 0.019710 s
currentSize : 18 <-- 0.019913 s
currentSize : 19 <-- 0.031472 s
currentSize : 20 <-- 0.637123 s
currentSize : 21 <-- 18.239820 s
currentSize : 22 <-- 34.806835 s

maxsize : 22
nodes : 4194681.000000
filtered : 223058227.000000
time : 158.653748
