Parameters: GAD=1 vflib=1 dir=0 label=0 lowerbound=1 fileNameGp=../../cp2016-max-common-connected-subgraph-paper/datasets/graphsdb/mcs50/bvg/b03/mcs50_b03_s35.A03 fileNameGt=../../cp2016-max-common-connected-subgraph-paper/datasets/graphsdb/mcs50/bvg/b03/mcs50_b03_s35.B03
Reading graphs...
35 :  52
35 :  51
Initializing...
maxdom : 35
D->valSize : 1225
Solving...
Blb : 2 (clique : 22)
currentSize : 22 <-- 0.021558 s
currentSize : 23 <-- 0.021870 s
currentSize : 24 <-- 0.022389 s
currentSize : 25 <-- 0.029762 s
currentSize : 26 <-- 5.446022 s
currentSize : 27 <-- 90.076591 s

TIMEOUT
maxsize : 27
nodes : 12504349.000000
filtered : 939360659.000000
time : 1000.000732
