Parameters: GAD=1 vflib=1 dir=0 label=0 lowerbound=1 fileNameGp=../../cp2016-max-common-connected-subgraph-paper/datasets/graphsdb/mcs50/m4D/m4Dr6/mcs50_m4Dr6_s40.A03 fileNameGt=../../cp2016-max-common-connected-subgraph-paper/datasets/graphsdb/mcs50/m4D/m4Dr6/mcs50_m4Dr6_s40.B03
Reading graphs...
40 :  90
40 :  90
Initializing...
maxdom : 40
D->valSize : 1600
Solving...
Blb : 2 (clique : 22)
currentSize : 22 <-- 0.035463 s
currentSize : 23 <-- 0.035921 s
currentSize : 24 <-- 0.036467 s
currentSize : 25 <-- 0.036920 s
currentSize : 26 <-- 0.535057 s
currentSize : 27 <-- 4.881950 s
currentSize : 28 <-- 13.027104 s

TIMEOUT
maxsize : 28
nodes : 15856796.000000
filtered : 1135089908.000000
time : 1000.000366
