Parameters: GAD=1 vflib=1 dir=0 label=0 lowerbound=1 fileNameGp=../../cp2016-max-common-connected-subgraph-paper/datasets/graphsdb/mcs50/rand/r02/mcs50_r02_s40.A06 fileNameGt=../../cp2016-max-common-connected-subgraph-paper/datasets/graphsdb/mcs50/rand/r02/mcs50_r02_s40.B06
Reading graphs...
40 :  275
40 :  279
Initializing...
maxdom : 40
D->valSize : 1600
Solving...
Blb : 2 (clique : 11)
currentSize : 11 <-- 0.029736 s
currentSize : 12 <-- 0.030024 s
currentSize : 13 <-- 0.030278 s
currentSize : 14 <-- 0.091428 s
currentSize : 15 <-- 2.134341 s
currentSize : 16 <-- 230.871353 s

TIMEOUT
maxsize : 16
nodes : 219552807.000000
filtered : 2915801954.000000
time : 1000.000000
