Parameters: GAD=1 vflib=1 dir=0 label=0 lowerbound=1 fileNameGp=../../cp2016-max-common-connected-subgraph-paper/datasets/graphsdb/mcs50/m2D/m2D/mcs50_m2D_s50.A00 fileNameGt=../../cp2016-max-common-connected-subgraph-paper/datasets/graphsdb/mcs50/m2D/m2D/mcs50_m2D_s50.B00
Reading graphs...
50 :  84
50 :  85
Initializing...
maxdom : 50
D->valSize : 2500
Solving...
Blb : 2 (clique : 29)
currentSize : 29 <-- 0.098658 s
currentSize : 30 <-- 0.099953 s
currentSize : 31 <-- 1.253591 s
currentSize : 32 <-- 8.285137 s
currentSize : 33 <-- 8.752011 s
currentSize : 34 <-- 454.929474 s

TIMEOUT
maxsize : 34
nodes : 6548401.000000
filtered : 518916598.000000
time : 1000.000549
