Parameters: GAD=1 vflib=1 dir=0 label=0 lowerbound=1 fileNameGp=../../cp2016-max-common-connected-subgraph-paper/datasets/graphsdb/mcs50/bvg/b03m/mcs50_b03m_s50.A02 fileNameGt=../../cp2016-max-common-connected-subgraph-paper/datasets/graphsdb/mcs50/bvg/b03m/mcs50_b03m_s50.B02
Reading graphs...
50 :  75
50 :  75
Initializing...
maxdom : 50
D->valSize : 2500
Solving...
Blb : 2 (clique : 29)
currentSize : 29 <-- 0.099068 s
currentSize : 30 <-- 0.099467 s
currentSize : 31 <-- 0.101178 s
currentSize : 32 <-- 0.103800 s
currentSize : 33 <-- 0.105628 s
currentSize : 34 <-- 0.278911 s
currentSize : 35 <-- 0.289482 s
currentSize : 36 <-- 0.593072 s

TIMEOUT
maxsize : 36
nodes : 5795647.000000
filtered : 760984476.000000
time : 1000.000366
