Parameters: GAD=1 vflib=1 dir=0 label=0 lowerbound=1 fileNameGp=../../cp2016-max-common-connected-subgraph-paper/datasets/graphsdb/mcs50/bvg/b09/mcs50_b09_s50.A01 fileNameGt=../../cp2016-max-common-connected-subgraph-paper/datasets/graphsdb/mcs50/bvg/b09/mcs50_b09_s50.B01
Reading graphs...
50 :  224
50 :  222
Initializing...
maxdom : 50
D->valSize : 2500
Solving...
Blb : 2 (clique : 19)
currentSize : 19 <-- 0.086466 s
currentSize : 20 <-- 0.087596 s
currentSize : 21 <-- 0.090237 s
currentSize : 22 <-- 0.136548 s
currentSize : 23 <-- 54.499649 s
currentSize : 24 <-- 762.368164 s

TIMEOUT
maxsize : 24
nodes : 73977943.000000
filtered : 2481812957.000000
time : 1000.000000
