Parameters: GAD=1 vflib=1 dir=0 label=0 lowerbound=1 fileNameGp=../../cp2016-max-common-connected-subgraph-paper/datasets/graphsdb/mcs50/m2D/m2D/mcs50_m2D_s50.A07 fileNameGt=../../cp2016-max-common-connected-subgraph-paper/datasets/graphsdb/mcs50/m2D/m2D/mcs50_m2D_s50.B07
Reading graphs...
50 :  85
50 :  84
Initializing...
maxdom : 50
D->valSize : 2500
Solving...
Blb : 2 (clique : 30)
currentSize : 30 <-- 0.098074 s
currentSize : 31 <-- 0.098580 s
currentSize : 32 <-- 0.098895 s
currentSize : 33 <-- 0.102854 s
currentSize : 34 <-- 0.112973 s
currentSize : 35 <-- 15.407904 s

TIMEOUT
maxsize : 35
nodes : 13759858.000000
filtered : 846403750.000000
time : 1000.000732
