Parameters: GAD=1 vflib=1 dir=0 label=0 lowerbound=1 fileNameGp=../../cp2016-max-common-connected-subgraph-paper/datasets/graphsdb/mcs50/rand/r01/mcs50_r01_s40.A04 fileNameGt=../../cp2016-max-common-connected-subgraph-paper/datasets/graphsdb/mcs50/rand/r01/mcs50_r01_s40.B04
Reading graphs...
40 :  152
40 :  144
Initializing...
maxdom : 40
D->valSize : 1600
Solving...
Blb : 2 (clique : 15)
currentSize : 15 <-- 0.056802 s
currentSize : 16 <-- 0.057197 s
currentSize : 17 <-- 0.062257 s
currentSize : 18 <-- 0.063633 s
currentSize : 19 <-- 0.085571 s
currentSize : 20 <-- 0.368549 s
currentSize : 21 <-- 19.256100 s

TIMEOUT
maxsize : 21
nodes : 88010769.000000
filtered : 3113818852.000000
time : 1000.000000
