Parameters: GAD=1 vflib=1 dir=0 label=0 lowerbound=1 fileNameGp=../../cp2016-max-common-connected-subgraph-paper/datasets/graphsdb/mcs50/m3D/m3Dr6/mcs50_m3Dr6_s50.A00 fileNameGt=../../cp2016-max-common-connected-subgraph-paper/datasets/graphsdb/mcs50/m3D/m3Dr6/mcs50_m3Dr6_s50.B00
Reading graphs...
50 :  135
50 :  137
Initializing...
maxdom : 50
D->valSize : 2500
Solving...
Blb : 2 (clique : 23)
currentSize : 23 <-- 0.093912 s
currentSize : 24 <-- 0.094245 s
currentSize : 25 <-- 0.094903 s
currentSize : 26 <-- 0.110950 s
currentSize : 27 <-- 0.222606 s
currentSize : 28 <-- 1.985324 s
currentSize : 29 <-- 57.851418 s
currentSize : 30 <-- 189.282944 s

TIMEOUT
maxsize : 30
nodes : 34224146.000000
filtered : 1316736850.000000
time : 1000.000366
