Parameters: GAD=1 vflib=1 dir=0 label=0 lowerbound=1 fileNameGp=../../cp2016-max-common-connected-subgraph-paper/datasets/graphsdb/mcs50/m3D/m3Dr2/mcs50_m3Dr2_s50.A09 fileNameGt=../../cp2016-max-common-connected-subgraph-paper/datasets/graphsdb/mcs50/m3D/m3Dr2/mcs50_m3Dr2_s50.B09
Reading graphs...
50 :  119
50 :  116
Initializing...
maxdom : 50
D->valSize : 2500
Solving...
Blb : 2 (clique : 24)
currentSize : 24 <-- 0.095139 s
currentSize : 25 <-- 0.095508 s
currentSize : 26 <-- 0.178498 s
currentSize : 27 <-- 0.256851 s
currentSize : 28 <-- 0.407476 s
currentSize : 29 <-- 8.618972 s
currentSize : 30 <-- 61.688450 s

TIMEOUT
maxsize : 30
nodes : 20530647.000000
filtered : 1347545807.000000
time : 1000.000000
