Parameters: GAD=1 vflib=1 dir=0 label=0 lowerbound=1 fileNameGp=../../cp2016-max-common-connected-subgraph-paper/datasets/graphsdb/mcs50/bvg/b06m/mcs50_b06m_s35.A07 fileNameGt=../../cp2016-max-common-connected-subgraph-paper/datasets/graphsdb/mcs50/bvg/b06m/mcs50_b06m_s35.B07
Reading graphs...
35 :  102
35 :  103
Initializing...
maxdom : 35
D->valSize : 1225
Solving...
Blb : 2 (clique : 15)
currentSize : 15 <-- 0.019586 s
currentSize : 16 <-- 0.019964 s
currentSize : 17 <-- 0.020605 s
currentSize : 18 <-- 0.059806 s
currentSize : 19 <-- 0.094830 s
currentSize : 20 <-- 6.798150 s
currentSize : 21 <-- 8.333407 s
currentSize : 22 <-- 590.862732 s

TIMEOUT
maxsize : 22
nodes : 54201885.000000
filtered : 2374465595.000000
time : 1000.000305
