Parameters: GAD=1 vflib=1 dir=0 label=0 lowerbound=1 fileNameGp=../../cp2016-max-common-connected-subgraph-paper/datasets/graphsdb/mcs50/bvg/b06/mcs50_b06_s35.A00 fileNameGt=../../cp2016-max-common-connected-subgraph-paper/datasets/graphsdb/mcs50/bvg/b06/mcs50_b06_s35.B00
Reading graphs...
35 :  103
35 :  101
Initializing...
maxdom : 35
D->valSize : 1225
Solving...
Blb : 2 (clique : 16)
currentSize : 16 <-- 0.019597 s
currentSize : 17 <-- 0.020382 s
currentSize : 18 <-- 0.021050 s
currentSize : 19 <-- 0.025659 s
currentSize : 20 <-- 0.149449 s
currentSize : 21 <-- 0.649434 s
currentSize : 22 <-- 6.030233 s

TIMEOUT
maxsize : 22
nodes : 50567824.000000
filtered : 2443240081.000000
time : 1000.000305
