Parameters: GAD=1 vflib=1 dir=0 label=0 lowerbound=1 fileNameGp=../../cp2016-max-common-connected-subgraph-paper/datasets/graphsdb/mcs50/m4D/m4Dr6/mcs50_m4Dr6_s35.A09 fileNameGt=../../cp2016-max-common-connected-subgraph-paper/datasets/graphsdb/mcs50/m4D/m4Dr6/mcs50_m4Dr6_s35.B09
Reading graphs...
35 :  83
35 :  82
Initializing...
maxdom : 35
D->valSize : 1225
Solving...
Blb : 2 (clique : 18)
currentSize : 18 <-- 0.020188 s
currentSize : 19 <-- 0.024848 s
currentSize : 20 <-- 0.051135 s
currentSize : 21 <-- 0.089633 s
currentSize : 22 <-- 0.185932 s
currentSize : 23 <-- 3.092788 s

TIMEOUT
maxsize : 23
nodes : 30440881.000000
filtered : 1669230358.000000
time : 1000.000000
