Parameters: GAD=1 vflib=1 dir=0 label=0 lowerbound=1 fileNameGp=../../cp2016-max-common-connected-subgraph-paper/datasets/graphsdb/mcs50/m4D/m4Dr2/mcs50_m4Dr2_s40.A01 fileNameGt=../../cp2016-max-common-connected-subgraph-paper/datasets/graphsdb/mcs50/m4D/m4Dr2/mcs50_m4Dr2_s40.B01
Reading graphs...
40 :  79
40 :  79
Initializing...
maxdom : 40
D->valSize : 1600
Solving...
Blb : 2 (clique : 22)
currentSize : 22 <-- 0.035950 s
currentSize : 23 <-- 0.036232 s
currentSize : 24 <-- 0.037248 s
currentSize : 25 <-- 0.040144 s
currentSize : 26 <-- 0.328199 s
currentSize : 27 <-- 0.598697 s
currentSize : 28 <-- 865.110474 s

TIMEOUT
maxsize : 28
nodes : 16716965.000000
filtered : 1147017742.000000
time : 1000.000549
