Parameters: GAD=1 vflib=1 dir=0 label=0 lowerbound=1 fileNameGp=../../cp2016-max-common-connected-subgraph-paper/datasets/graphsdb/mcs50/m2D/m2D/mcs50_m2D_s40.A02 fileNameGt=../../cp2016-max-common-connected-subgraph-paper/datasets/graphsdb/mcs50/m2D/m2D/mcs50_m2D_s40.B02
Reading graphs...
40 :  66
40 :  67
Initializing...
maxdom : 40
D->valSize : 1600
Solving...
Blb : 2 (clique : 24)
currentSize : 24 <-- 0.037061 s
currentSize : 25 <-- 0.037584 s
currentSize : 26 <-- 0.045155 s
currentSize : 27 <-- 0.052396 s
currentSize : 28 <-- 0.056030 s
currentSize : 29 <-- 2.942677 s

TIMEOUT
maxsize : 29
nodes : 15478196.000000
filtered : 1223992262.000000
time : 1000.000305
