Parameters: GAD=1 vflib=1 dir=0 label=0 lowerbound=1 fileNameGp=../../cp2016-max-common-connected-subgraph-paper/datasets/graphsdb/mcs50/m4D/m4Dr6/mcs50_m4Dr6_s35.A00 fileNameGt=../../cp2016-max-common-connected-subgraph-paper/datasets/graphsdb/mcs50/m4D/m4Dr6/mcs50_m4Dr6_s35.B00
Reading graphs...
35 :  81
35 :  82
Initializing...
maxdom : 35
D->valSize : 1225
Solving...
Blb : 2 (clique : 18)
currentSize : 18 <-- 0.020184 s
currentSize : 19 <-- 0.022199 s
currentSize : 20 <-- 0.026876 s
currentSize : 21 <-- 0.040704 s
currentSize : 22 <-- 2.880728 s
currentSize : 23 <-- 25.002392 s

TIMEOUT
maxsize : 23
nodes : 28525399.000000
filtered : 1589613365.000000
time : 1000.000061
