Parameters: GAD=1 vflib=1 dir=0 label=0 lowerbound=1 fileNameGp=../../cp2016-max-common-connected-subgraph-paper/datasets/graphsdb/mcs50/m2D/m2Dr2/mcs50_m2Dr2_s50.A05 fileNameGt=../../cp2016-max-common-connected-subgraph-paper/datasets/graphsdb/mcs50/m2D/m2Dr2/mcs50_m2Dr2_s50.B05
Reading graphs...
50 :  95
50 :  95
Initializing...
maxdom : 50
D->valSize : 2500
Solving...
Blb : 2 (clique : 29)
currentSize : 29 <-- 0.096895 s
currentSize : 30 <-- 0.101733 s
currentSize : 31 <-- 0.104175 s
currentSize : 32 <-- 0.322637 s
currentSize : 33 <-- 1.404882 s
currentSize : 34 <-- 204.680145 s

TIMEOUT
maxsize : 34
nodes : 14627079.000000
filtered : 939664153.000000
time : 1000.000610
