Parameters: GAD=1 vflib=1 dir=0 label=0 lowerbound=1 fileNameGp=../../cp2016-max-common-connected-subgraph-paper/datasets/graphsdb/mcs50/bvg/b03/mcs50_b03_s50.A03 fileNameGt=../../cp2016-max-common-connected-subgraph-paper/datasets/graphsdb/mcs50/bvg/b03/mcs50_b03_s50.B03
Reading graphs...
50 :  75
50 :  74
Initializing...
maxdom : 50
D->valSize : 2500
Solving...
Blb : 2 (clique : 29)
currentSize : 29 <-- 0.092551 s
currentSize : 30 <-- 0.092942 s
currentSize : 31 <-- 0.126654 s
currentSize : 32 <-- 6.192652 s
currentSize : 33 <-- 135.362091 s
currentSize : 34 <-- 823.486511 s
currentSize : 35 <-- 873.757996 s

TIMEOUT
maxsize : 35
nodes : 33510180.000000
filtered : 1334374090.000000
time : 1000.001160
