Parameters: GAD=1 vflib=1 dir=0 label=0 lowerbound=1 fileNameGp=../../cp2016-max-common-connected-subgraph-paper/datasets/graphsdb/mcs50/rand/r01/mcs50_r01_s30.A06 fileNameGt=../../cp2016-max-common-connected-subgraph-paper/datasets/graphsdb/mcs50/rand/r01/mcs50_r01_s30.B06
Reading graphs...
30 :  84
30 :  80
Initializing...
maxdom : 30
D->valSize : 900
Solving...
Blb : 2 (clique : 15)
currentSize : 15 <-- 0.010545 s
currentSize : 16 <-- 0.013374 s
currentSize : 17 <-- 0.030396 s
currentSize : 18 <-- 5.155522 s
currentSize : 19 <-- 185.011093 s

maxsize : 19
nodes : 30240873.000000
filtered : 1021425338.000000
time : 425.597656
