Parameters: GAD=1 vflib=1 dir=0 label=0 lowerbound=1 fileNameGp=../../cp2016-max-common-connected-subgraph-paper/datasets/graphsdb/mcs50/m2D/m2Dr2/mcs50_m2Dr2_s50.A09 fileNameGt=../../cp2016-max-common-connected-subgraph-paper/datasets/graphsdb/mcs50/m2D/m2Dr2/mcs50_m2Dr2_s50.B09
Reading graphs...
50 :  95
50 :  95
Initializing...
maxdom : 50
D->valSize : 2500
Solving...
Blb : 5 (clique : 26)
currentSize : 26 <-- 0.096635 s
currentSize : 27 <-- 0.097156 s
currentSize : 28 <-- 0.103669 s
currentSize : 29 <-- 0.104397 s
currentSize : 30 <-- 0.108974 s
currentSize : 31 <-- 0.129327 s
currentSize : 32 <-- 7.215404 s
currentSize : 33 <-- 169.997345 s

TIMEOUT
maxsize : 33
nodes : 14625007.000000
filtered : 814954402.000000
time : 1000.000366
