Parameters: GAD=1 vflib=1 dir=0 label=0 lowerbound=1 fileNameGp=../../cp2016-max-common-connected-subgraph-paper/datasets/graphsdb/mcs50/bvg/b06/mcs50_b06_s50.A00 fileNameGt=../../cp2016-max-common-connected-subgraph-paper/datasets/graphsdb/mcs50/bvg/b06/mcs50_b06_s50.B00
Reading graphs...
50 :  147
50 :  147
Initializing...
maxdom : 50
D->valSize : 2500
Solving...
Blb : 2 (clique : 23)
currentSize : 23 <-- 0.159324 s
currentSize : 24 <-- 0.159918 s
currentSize : 25 <-- 0.160650 s
currentSize : 26 <-- 0.160948 s
currentSize : 27 <-- 0.214757 s
currentSize : 28 <-- 1.653485 s

TIMEOUT
maxsize : 28
nodes : 30799091.000000
filtered : 1501863905.000000
time : 1000.000916
