Parameters: GAD=1 vflib=1 dir=0 label=0 lowerbound=1 fileNameGp=../../cp2016-max-common-connected-subgraph-paper/datasets/graphsdb/mcs50/bvg/b09m/mcs50_b09m_s40.A02 fileNameGt=../../cp2016-max-common-connected-subgraph-paper/datasets/graphsdb/mcs50/bvg/b09m/mcs50_b09m_s40.B02
Reading graphs...
40 :  169
40 :  170
Initializing...
maxdom : 40
D->valSize : 1600
Solving...
Blb : 2 (clique : 14)
currentSize : 14 <-- 0.032138 s
currentSize : 16 <-- 0.032307 s
currentSize : 17 <-- 0.078218 s
currentSize : 18 <-- 0.299864 s
currentSize : 19 <-- 4.740202 s
currentSize : 20 <-- 42.100800 s

TIMEOUT
maxsize : 20
nodes : 105375680.000000
filtered : 3165483089.000000
time : 1000.000000
