Parameters: GAD=1 vflib=1 dir=0 label=0 lowerbound=1 fileNameGp=../../cp2016-max-common-connected-subgraph-paper/datasets/graphsdb/mcs50/bvg/b06m/mcs50_b06m_s30.A05 fileNameGt=../../cp2016-max-common-connected-subgraph-paper/datasets/graphsdb/mcs50/bvg/b06m/mcs50_b06m_s30.B05
Reading graphs...
30 :  88
30 :  87
Initializing...
maxdom : 30
D->valSize : 900
Solving...
Blb : 2 (clique : 15)
currentSize : 15 <-- 0.010639 s
currentSize : 16 <-- 0.013800 s
currentSize : 17 <-- 0.014587 s
currentSize : 18 <-- 10.188679 s
currentSize : 19 <-- 293.367889 s

maxsize : 19
nodes : 30177159.000000
filtered : 1176883614.000000
time : 458.774689
