Parameters: GAD=1 vflib=1 dir=0 label=0 lowerbound=1 fileNameGp=../../cp2016-max-common-connected-subgraph-paper/datasets/graphsdb/mcs50/rand/r01/mcs50_r01_s40.A02 fileNameGt=../../cp2016-max-common-connected-subgraph-paper/datasets/graphsdb/mcs50/rand/r01/mcs50_r01_s40.B02
Reading graphs...
40 :  147
40 :  141
Initializing...
maxdom : 40
D->valSize : 1600
Solving...
Blb : 2 (clique : 15)
currentSize : 15 <-- 0.053662 s
currentSize : 16 <-- 0.053840 s
currentSize : 17 <-- 0.055311 s
currentSize : 18 <-- 0.066999 s
currentSize : 19 <-- 0.134314 s
currentSize : 20 <-- 0.175671 s
currentSize : 21 <-- 1.475452 s
currentSize : 22 <-- 290.100220 s

TIMEOUT
maxsize : 22
nodes : 87309714.000000
filtered : 2859933247.000000
time : 1000.000000
