Parameters: GAD=1 vflib=1 dir=0 label=0 lowerbound=1 fileNameGp=../../cp2016-max-common-connected-subgraph-paper/datasets/graphsdb/mcs50/bvg/b09/mcs50_b09_s35.A00 fileNameGt=../../cp2016-max-common-connected-subgraph-paper/datasets/graphsdb/mcs50/bvg/b09/mcs50_b09_s35.B00
Reading graphs...
35 :  154
35 :  153
Initializing...
maxdom : 35
D->valSize : 1225
Solving...
Blb : 3 (clique : 14)
currentSize : 14 <-- 0.018332 s
currentSize : 15 <-- 0.018652 s
currentSize : 16 <-- 0.045630 s
currentSize : 17 <-- 0.435705 s
currentSize : 18 <-- 14.883394 s
currentSize : 19 <-- 119.840042 s

TIMEOUT
maxsize : 19
nodes : 104429038.000000
filtered : 3606707483.000000
time : 1000.000000
