Parameters: GAD=1 vflib=1 dir=0 label=0 lowerbound=1 fileNameGp=../../cp2016-max-common-connected-subgraph-paper/datasets/graphsdb/mcs50/rand/r01/mcs50_r01_s50.A03 fileNameGt=../../cp2016-max-common-connected-subgraph-paper/datasets/graphsdb/mcs50/rand/r01/mcs50_r01_s50.B03
Reading graphs...
50 :  231
50 :  237
Initializing...
maxdom : 50
D->valSize : 2500
Solving...
Blb : 2 (clique : 17)
currentSize : 17 <-- 0.087068 s
currentSize : 18 <-- 0.087473 s
currentSize : 19 <-- 0.089658 s
currentSize : 20 <-- 0.091405 s
currentSize : 21 <-- 0.094254 s
currentSize : 22 <-- 0.346293 s

TIMEOUT
maxsize : 22
nodes : 127240048.000000
filtered : 2718436733.000000
time : 1000.000000
