Parameters: GAD=1 vflib=1 dir=0 label=0 lowerbound=1 fileNameGp=../../cp2016-max-common-connected-subgraph-paper/datasets/graphsdb/mcs50/bvg/b09m/mcs50_b09m_s35.A05 fileNameGt=../../cp2016-max-common-connected-subgraph-paper/datasets/graphsdb/mcs50/bvg/b09m/mcs50_b09m_s35.B05
Reading graphs...
35 :  150
35 :  151
Initializing...
maxdom : 35
D->valSize : 1225
Solving...
Blb : 5 (clique : 13)
currentSize : 13 <-- 0.032054 s
currentSize : 14 <-- 0.032666 s
currentSize : 15 <-- 0.033241 s
currentSize : 16 <-- 0.037671 s
currentSize : 17 <-- 1.968132 s
currentSize : 18 <-- 55.854763 s

TIMEOUT
maxsize : 18
nodes : 145876826.000000
filtered : 3720404133.000000
time : 1000.000000
