Parameters: GAD=1 vflib=1 dir=0 label=0 lowerbound=1 fileNameGp=../../cp2016-max-common-connected-subgraph-paper/datasets/graphsdb/mcs50/m4D/m4D/mcs50_m4D_s30.A09 fileNameGt=../../cp2016-max-common-connected-subgraph-paper/datasets/graphsdb/mcs50/m4D/m4D/mcs50_m4D_s30.B09
Reading graphs...
30 :  55
30 :  55
Initializing...
maxdom : 30
D->valSize : 900
Solving...
Blb : 2 (clique : 17)
currentSize : 17 <-- 0.019701 s
currentSize : 18 <-- 0.020535 s
currentSize : 19 <-- 0.026703 s
currentSize : 20 <-- 0.138391 s
currentSize : 21 <-- 0.421165 s
currentSize : 22 <-- 0.723510 s

maxsize : 22
nodes : 24468072.000000
filtered : 1528177923.000000
time : 723.853760
