Parameters: GAD=1 vflib=1 dir=0 label=0 lowerbound=1 fileNameGp=../../cp2016-max-common-connected-subgraph-paper/datasets/graphsdb/mcs50/bvg/b03/mcs50_b03_s30.A01 fileNameGt=../../cp2016-max-common-connected-subgraph-paper/datasets/graphsdb/mcs50/bvg/b03/mcs50_b03_s30.B01
Reading graphs...
30 :  45
30 :  45
Initializing...
maxdom : 30
D->valSize : 900
Solving...
Blb : 2 (clique : 18)
currentSize : 18 <-- 0.011393 s
currentSize : 19 <-- 0.011552 s
currentSize : 20 <-- 0.031625 s
currentSize : 21 <-- 0.203560 s
currentSize : 22 <-- 0.633743 s
currentSize : 23 <-- 33.726295 s
currentSize : 24 <-- 104.946487 s

maxsize : 24
nodes : 2028761.000000
filtered : 124844585.000000
time : 107.419800
