Parameters: GAD=1 vflib=1 dir=0 label=0 lowerbound=1 fileNameGp=../../cp2016-max-common-connected-subgraph-paper/datasets/graphsdb/mcs50/bvg/b03m/mcs50_b03m_s40.A04 fileNameGt=../../cp2016-max-common-connected-subgraph-paper/datasets/graphsdb/mcs50/bvg/b03m/mcs50_b03m_s40.B04
Reading graphs...
40 :  60
40 :  60
Initializing...
maxdom : 40
D->valSize : 1600
Solving...
Blb : 2 (clique : 24)
currentSize : 24 <-- 0.037383 s
currentSize : 26 <-- 0.037612 s
currentSize : 27 <-- 0.038230 s
currentSize : 28 <-- 0.126049 s
currentSize : 29 <-- 68.923119 s
currentSize : 30 <-- 382.028900 s

TIMEOUT
maxsize : 30
nodes : 16663583.000000
filtered : 1150555474.000000
time : 1000.000305
