Parameters: GAD=1 vflib=1 dir=0 label=0 lowerbound=1 fileNameGp=../../cp2016-max-common-connected-subgraph-paper/datasets/graphsdb/mcs50/bvg/b03/mcs50_b03_s40.A06 fileNameGt=../../cp2016-max-common-connected-subgraph-paper/datasets/graphsdb/mcs50/bvg/b03/mcs50_b03_s40.B06
Reading graphs...
40 :  59
40 :  60
Initializing...
maxdom : 40
D->valSize : 1600
Solving...
Blb : 2 (clique : 24)
currentSize : 24 <-- 0.063781 s
currentSize : 25 <-- 0.064053 s
currentSize : 26 <-- 0.164854 s
currentSize : 27 <-- 6.126860 s
currentSize : 28 <-- 7.140857 s
currentSize : 29 <-- 12.678749 s

TIMEOUT
maxsize : 29
nodes : 12277359.000000
filtered : 972654604.000000
time : 1000.000305
