Parameters: GAD=1 vflib=1 dir=0 label=0 lowerbound=1 fileNameGp=../../cp2016-max-common-connected-subgraph-paper/datasets/graphsdb/mcs50/m2D/m2D/mcs50_m2D_s50.A03 fileNameGt=../../cp2016-max-common-connected-subgraph-paper/datasets/graphsdb/mcs50/m2D/m2D/mcs50_m2D_s50.B03
Reading graphs...
50 :  84
50 :  85
Initializing...
maxdom : 50
D->valSize : 2500
Solving...
Blb : 2 (clique : 28)
currentSize : 28 <-- 0.135395 s
currentSize : 29 <-- 0.136036 s
currentSize : 30 <-- 0.136131 s
currentSize : 31 <-- 0.136235 s
currentSize : 32 <-- 1.236102 s
currentSize : 33 <-- 14.324616 s
currentSize : 34 <-- 982.268921 s

TIMEOUT
maxsize : 34
nodes : 18083608.000000
filtered : 1078102065.000000
time : 1000.000488
