Parameters: GAD=1 vflib=1 dir=0 label=0 lowerbound=1 fileNameGp=../../cp2016-max-common-connected-subgraph-paper/datasets/graphsdb/mcs50/m4D/m4Dr2/mcs50_m4Dr2_s30.A06 fileNameGt=../../cp2016-max-common-connected-subgraph-paper/datasets/graphsdb/mcs50/m4D/m4Dr2/mcs50_m4Dr2_s30.B06
Reading graphs...
30 :  61
30 :  59
Initializing...
maxdom : 30
D->valSize : 900
Solving...
Blb : 2 (clique : 15)
currentSize : 15 <-- 0.011057 s
currentSize : 16 <-- 0.011187 s
currentSize : 18 <-- 0.011208 s
currentSize : 19 <-- 0.015280 s
currentSize : 20 <-- 0.020771 s
currentSize : 21 <-- 0.191616 s
currentSize : 22 <-- 65.066177 s

maxsize : 22
nodes : 2854753.000000
filtered : 140336419.000000
time : 77.587418
