Parameters: GAD=1 vflib=1 dir=0 label=0 lowerbound=1 fileNameGp=../../cp2016-max-common-connected-subgraph-paper/datasets/graphsdb/mcs50/bvg/b06/mcs50_b06_s50.A05 fileNameGt=../../cp2016-max-common-connected-subgraph-paper/datasets/graphsdb/mcs50/bvg/b06/mcs50_b06_s50.B05
Reading graphs...
50 :  150
50 :  149
Initializing...
maxdom : 50
D->valSize : 2500
Solving...
Blb : 2 (clique : 21)
currentSize : 21 <-- 0.091982 s
currentSize : 22 <-- 0.092324 s
currentSize : 23 <-- 0.092627 s
currentSize : 24 <-- 0.093040 s
currentSize : 25 <-- 0.122009 s
currentSize : 26 <-- 0.140249 s
currentSize : 27 <-- 20.314362 s
currentSize : 28 <-- 675.872742 s

TIMEOUT
maxsize : 28
nodes : 30570464.000000
filtered : 1635756098.000000
time : 1000.000366
