Parameters: GAD=1 vflib=1 dir=0 label=0 lowerbound=1 fileNameGp=../../cp2016-max-common-connected-subgraph-paper/datasets/graphsdb/mcs50/bvg/b09/mcs50_b09_s30.A01 fileNameGt=../../cp2016-max-common-connected-subgraph-paper/datasets/graphsdb/mcs50/bvg/b09/mcs50_b09_s30.B01
Reading graphs...
30 :  131
30 :  132
Initializing...
maxdom : 30
D->valSize : 900
Solving...
Blb : 2 (clique : 12)
currentSize : 12 <-- 0.010514 s
currentSize : 13 <-- 0.010719 s
currentSize : 14 <-- 0.012565 s
currentSize : 15 <-- 0.130272 s
currentSize : 16 <-- 1.106697 s
currentSize : 17 <-- 13.955318 s
currentSize : 18 <-- 13.987429 s

maxsize : 18
nodes : 5968564.000000
filtered : 151280161.000000
time : 41.910282
