Parameters: GAD=1 vflib=1 dir=0 label=0 lowerbound=1 fileNameGp=../../cp2016-max-common-connected-subgraph-paper/datasets/graphsdb/mcs50/m4D/m4Dr6/mcs50_m4Dr6_s30.A09 fileNameGt=../../cp2016-max-common-connected-subgraph-paper/datasets/graphsdb/mcs50/m4D/m4Dr6/mcs50_m4Dr6_s30.B09
Reading graphs...
30 :  72
30 :  71
Initializing...
maxdom : 30
D->valSize : 900
Solving...
Blb : 2 (clique : 15)
currentSize : 15 <-- 0.010927 s
currentSize : 16 <-- 0.012069 s
currentSize : 17 <-- 0.026523 s
currentSize : 18 <-- 0.776866 s
currentSize : 19 <-- 1.201062 s
currentSize : 20 <-- 5.503877 s

maxsize : 20
nodes : 8985833.000000
filtered : 422312592.000000
time : 226.272354
