Parameters: GAD=1 vflib=1 dir=0 label=0 lowerbound=1 fileNameGp=../../cp2016-max-common-connected-subgraph-paper/datasets/graphsdb/mcs50/rand/r01/mcs50_r01_s30.A07 fileNameGt=../../cp2016-max-common-connected-subgraph-paper/datasets/graphsdb/mcs50/rand/r01/mcs50_r01_s30.B07
Reading graphs...
30 :  83
30 :  82
Initializing...
maxdom : 30
D->valSize : 900
Solving...
Blb : 2 (clique : 14)
currentSize : 14 <-- 0.018332 s
currentSize : 15 <-- 0.018547 s
currentSize : 16 <-- 0.018925 s
currentSize : 17 <-- 0.043456 s
currentSize : 18 <-- 0.252717 s
currentSize : 19 <-- 218.122528 s

maxsize : 19
nodes : 34943380.000000
filtered : 1365915443.000000
time : 502.014099
