Parameters: GAD=1 vflib=1 dir=0 label=0 lowerbound=1 fileNameGp=../../cp2016-max-common-connected-subgraph-paper/datasets/graphsdb/mcs50/m2D/m2D/mcs50_m2D_s30.A00 fileNameGt=../../cp2016-max-common-connected-subgraph-paper/datasets/graphsdb/mcs50/m2D/m2D/mcs50_m2D_s30.B00
Reading graphs...
30 :  49
30 :  48
Initializing...
maxdom : 30
D->valSize : 900
Solving...
Blb : 2 (clique : 16)
currentSize : 16 <-- 0.011476 s
currentSize : 17 <-- 0.011610 s
currentSize : 18 <-- 0.011625 s
currentSize : 19 <-- 0.011656 s
currentSize : 20 <-- 0.011739 s
currentSize : 21 <-- 0.015476 s
currentSize : 22 <-- 0.015967 s

TIMEOUT
maxsize : 22
nodes : 18799454.000000
filtered : 1276487985.000000
time : 1000.000122
