Parameters: GAD=1 vflib=1 dir=0 label=0 lowerbound=1 fileNameGp=../../cp2016-max-common-connected-subgraph-paper/datasets/graphsdb/mcs50/rand/r02/mcs50_r02_s30.A03 fileNameGt=../../cp2016-max-common-connected-subgraph-paper/datasets/graphsdb/mcs50/rand/r02/mcs50_r02_s30.B03
Reading graphs...
30 :  157
30 :  153
Initializing...
maxdom : 30
D->valSize : 900
Solving...
Blb : 2 (clique : 11)
currentSize : 11 <-- 0.016407 s
currentSize : 12 <-- 0.017338 s
currentSize : 13 <-- 0.020205 s
currentSize : 14 <-- 0.074301 s
currentSize : 15 <-- 34.820030 s

maxsize : 15
nodes : 46270003.000000
filtered : 793536029.000000
time : 219.281250
