Parameters: GAD=1 vflib=1 dir=0 label=0 lowerbound=1 fileNameGp=../../cp2016-max-common-connected-subgraph-paper/datasets/graphsdb/mcs50/bvg/b06/mcs50_b06_s35.A08 fileNameGt=../../cp2016-max-common-connected-subgraph-paper/datasets/graphsdb/mcs50/bvg/b06/mcs50_b06_s35.B08
Reading graphs...
35 :  105
35 :  104
Initializing...
maxdom : 35
D->valSize : 1225
Solving...
Blb : 2 (clique : 17)
currentSize : 17 <-- 0.019857 s
currentSize : 18 <-- 0.021377 s
currentSize : 19 <-- 0.024382 s
currentSize : 20 <-- 1.301613 s
currentSize : 21 <-- 14.872611 s
currentSize : 22 <-- 483.279510 s

TIMEOUT
maxsize : 22
nodes : 65568269.000000
filtered : 2975834985.000000
time : 1000.000061
