Parameters: GAD=1 vflib=1 dir=0 label=0 lowerbound=1 fileNameGp=../../cp2016-max-common-connected-subgraph-paper/datasets/graphsdb/mcs50/rand/r01/mcs50_r01_s25.A03 fileNameGt=../../cp2016-max-common-connected-subgraph-paper/datasets/graphsdb/mcs50/rand/r01/mcs50_r01_s25.B03
Reading graphs...
25 :  57
25 :  53
Initializing...
maxdom : 25
D->valSize : 625
Solving...
Blb : 2 (clique : 11)
currentSize : 11 <-- 0.005312 s
currentSize : 12 <-- 0.005442 s
currentSize : 13 <-- 0.005523 s
currentSize : 14 <-- 0.007180 s
currentSize : 15 <-- 0.009559 s
currentSize : 16 <-- 0.014504 s
currentSize : 17 <-- 14.256189 s

maxsize : 17
nodes : 1314293.000000
filtered : 41002038.000000
time : 17.742308
