Parameters: GAD=1 vflib=1 dir=0 label=0 lowerbound=1 fileNameGp=../../cp2016-max-common-connected-subgraph-paper/datasets/graphsdb/mcs50/rand/r005/mcs50_r005_s25.A09 fileNameGt=../../cp2016-max-common-connected-subgraph-paper/datasets/graphsdb/mcs50/rand/r005/mcs50_r005_s25.B09
Reading graphs...
25 :  35
25 :  33
Initializing...
maxdom : 25
D->valSize : 625
Solving...
Blb : 2 (clique : 15)
currentSize : 15 <-- 0.005649 s
currentSize : 16 <-- 0.005743 s
currentSize : 17 <-- 0.005994 s
currentSize : 18 <-- 1.871625 s
currentSize : 19 <-- 27.331345 s

maxsize : 19
nodes : 1590731.000000
filtered : 58966887.000000
time : 28.654720
