Parameters: GAD=1 vflib=1 dir=0 label=0 lowerbound=1 fileNameGp=../../cp2016-max-common-connected-subgraph-paper/datasets/graphsdb/mcs50/rand/r01/mcs50_r01_s40.A09 fileNameGt=../../cp2016-max-common-connected-subgraph-paper/datasets/graphsdb/mcs50/rand/r01/mcs50_r01_s40.B09
Reading graphs...
40 :  147
40 :  147
Initializing...
maxdom : 40
D->valSize : 1600
Solving...
Blb : 2 (clique : 16)
currentSize : 16 <-- 0.033008 s
currentSize : 17 <-- 0.033225 s
currentSize : 18 <-- 0.033392 s
currentSize : 19 <-- 0.036518 s
currentSize : 20 <-- 0.502295 s
currentSize : 21 <-- 50.491413 s

TIMEOUT
maxsize : 21
nodes : 127052615.000000
filtered : 3125778571.000000
time : 1000.000000
