Parameters: GAD=1 vflib=1 dir=0 label=0 lowerbound=1 fileNameGp=../../cp2016-max-common-connected-subgraph-paper/datasets/graphsdb/mcs50/m2D/m2Dr6/mcs50_m2Dr6_s50.A07 fileNameGt=../../cp2016-max-common-connected-subgraph-paper/datasets/graphsdb/mcs50/m2D/m2Dr6/mcs50_m2Dr6_s50.B07
Reading graphs...
50 :  114
50 :  110
Initializing...
maxdom : 50
D->valSize : 2500
Solving...
Blb : 2 (clique : 24)
currentSize : 24 <-- 0.096015 s
currentSize : 25 <-- 0.096380 s
currentSize : 26 <-- 0.096484 s
currentSize : 27 <-- 0.096735 s
currentSize : 28 <-- 0.098991 s
currentSize : 29 <-- 0.156296 s
currentSize : 30 <-- 0.281375 s
currentSize : 31 <-- 0.318716 s
currentSize : 32 <-- 25.305731 s

TIMEOUT
maxsize : 32
nodes : 19886016.000000
filtered : 1214034224.000000
time : 1000.000061
