Parameters: GAD=1 vflib=1 dir=0 label=0 lowerbound=1 fileNameGp=../../cp2016-max-common-connected-subgraph-paper/datasets/graphsdb/mcs50/m3D/m3Dr2/mcs50_m3Dr2_s50.A00 fileNameGt=../../cp2016-max-common-connected-subgraph-paper/datasets/graphsdb/mcs50/m3D/m3Dr2/mcs50_m3Dr2_s50.B00
Reading graphs...
50 :  118
50 :  117
Initializing...
maxdom : 50
D->valSize : 2500
Solving...
Blb : 2 (clique : 24)
currentSize : 24 <-- 0.094768 s
currentSize : 25 <-- 0.095180 s
currentSize : 26 <-- 0.095530 s
currentSize : 27 <-- 0.096282 s
currentSize : 28 <-- 0.579679 s
currentSize : 29 <-- 2.694537 s
currentSize : 30 <-- 646.666870 s

TIMEOUT
maxsize : 30
nodes : 18241633.000000
filtered : 1144293107.000000
time : 1000.000610
