Parameters: GAD=1 vflib=1 dir=0 label=0 lowerbound=1 fileNameGp=../../cp2016-max-common-connected-subgraph-paper/datasets/graphsdb/mcs50/bvg/b09/mcs50_b09_s30.A09 fileNameGt=../../cp2016-max-common-connected-subgraph-paper/datasets/graphsdb/mcs50/bvg/b09/mcs50_b09_s30.B09
Reading graphs...
30 :  130
30 :  128
Initializing...
maxdom : 30
D->valSize : 900
Solving...
Blb : 3 (clique : 12)
currentSize : 12 <-- 0.009809 s
currentSize : 13 <-- 0.009937 s
currentSize : 14 <-- 0.010791 s
currentSize : 15 <-- 0.052713 s
currentSize : 16 <-- 0.553187 s
currentSize : 17 <-- 0.553294 s

maxsize : 17
nodes : 9959914.000000
filtered : 247910195.000000
time : 68.866692
