Parameters: GAD=1 vflib=1 dir=0 label=0 lowerbound=1 fileNameGp=../../cp2016-max-common-connected-subgraph-paper/datasets/graphsdb/mcs50/m4D/m4Dr4/mcs50_m4Dr4_s40.A00 fileNameGt=../../cp2016-max-common-connected-subgraph-paper/datasets/graphsdb/mcs50/m4D/m4Dr4/mcs50_m4Dr4_s40.B00
Reading graphs...
40 :  86
40 :  85
Initializing...
maxdom : 40
D->valSize : 1600
Solving...
Blb : 2 (clique : 21)
currentSize : 21 <-- 0.035673 s
currentSize : 23 <-- 0.035903 s
currentSize : 24 <-- 17.551764 s
currentSize : 25 <-- 33.601517 s
currentSize : 26 <-- 37.833687 s
currentSize : 27 <-- 158.501068 s

TIMEOUT
maxsize : 27
nodes : 17121090.000000
filtered : 978712268.000000
time : 1000.000122
