Parameters: GAD=1 vflib=1 dir=0 label=0 lowerbound=1 fileNameGp=../../cp2016-max-common-connected-subgraph-paper/datasets/graphsdb/mcs50/rand/r02/mcs50_r02_s40.A09 fileNameGt=../../cp2016-max-common-connected-subgraph-paper/datasets/graphsdb/mcs50/rand/r02/mcs50_r02_s40.B09
Reading graphs...
40 :  281
40 :  283
Initializing...
maxdom : 40
D->valSize : 1600
Solving...
Blb : 2 (clique : 11)
currentSize : 11 <-- 0.051647 s
currentSize : 12 <-- 0.051954 s
currentSize : 13 <-- 0.052188 s
currentSize : 14 <-- 0.074214 s
currentSize : 15 <-- 1.382009 s
currentSize : 16 <-- 36.191551 s

TIMEOUT
maxsize : 16
nodes : 228168651.000000
filtered : 2791666841.000000
time : 1000.000000
