Parameters: GAD=1 vflib=1 dir=0 label=0 lowerbound=1 fileNameGp=../../cp2016-max-common-connected-subgraph-paper/datasets/graphsdb/mcs50/bvg/b09/mcs50_b09_s40.A09 fileNameGt=../../cp2016-max-common-connected-subgraph-paper/datasets/graphsdb/mcs50/bvg/b09/mcs50_b09_s40.B09
Reading graphs...
40 :  175
40 :  178
Initializing...
maxdom : 40
D->valSize : 1600
Solving...
Blb : 2 (clique : 15)
currentSize : 15 <-- 0.032194 s
currentSize : 16 <-- 0.034540 s
currentSize : 17 <-- 0.037725 s
currentSize : 18 <-- 0.211439 s
currentSize : 19 <-- 10.623835 s
currentSize : 20 <-- 136.936111 s
currentSize : 21 <-- 137.184326 s
currentSize : 22 <-- 141.400192 s

TIMEOUT
maxsize : 22
nodes : 97369224.000000
filtered : 3480246814.000000
time : 1000.000000
