Parameters: GAD=1 vflib=1 dir=0 label=0 lowerbound=1 fileNameGp=../../cp2016-max-common-connected-subgraph-paper/datasets/graphsdb/mcs50/bvg/b06/mcs50_b06_s40.A06 fileNameGt=../../cp2016-max-common-connected-subgraph-paper/datasets/graphsdb/mcs50/bvg/b06/mcs50_b06_s40.B06
Reading graphs...
40 :  118
40 :  118
Initializing...
maxdom : 40
D->valSize : 1600
Solving...
Blb : 2 (clique : 18)
currentSize : 18 <-- 0.034246 s
currentSize : 19 <-- 0.034540 s
currentSize : 20 <-- 0.036272 s
currentSize : 21 <-- 0.080837 s
currentSize : 22 <-- 3.557036 s
currentSize : 23 <-- 4.836135 s
currentSize : 24 <-- 324.949554 s
currentSize : 25 <-- 610.400024 s

TIMEOUT
maxsize : 25
nodes : 36049325.000000
filtered : 2072815474.000000
time : 1000.000183
