Parameters: GAD=1 vflib=1 dir=0 label=0 lowerbound=1 fileNameGp=../../cp2016-max-common-connected-subgraph-paper/datasets/graphsdb/mcs50/m2D/m2Dr4/mcs50_m2Dr4_s40.A08 fileNameGt=../../cp2016-max-common-connected-subgraph-paper/datasets/graphsdb/mcs50/m2D/m2Dr4/mcs50_m2Dr4_s40.B08
Reading graphs...
40 :  81
40 :  77
Initializing...
maxdom : 40
D->valSize : 1600
Solving...
Blb : 2 (clique : 23)
currentSize : 23 <-- 0.035882 s
currentSize : 24 <-- 0.040099 s
currentSize : 25 <-- 2.820664 s
currentSize : 26 <-- 3.289056 s
currentSize : 27 <-- 20.632631 s
currentSize : 28 <-- 163.045151 s

TIMEOUT
maxsize : 28
nodes : 14672131.000000
filtered : 1024353518.000000
time : 1000.000000
