Parameters: GAD=1 vflib=1 dir=0 label=0 lowerbound=1 fileNameGp=../../cp2016-max-common-connected-subgraph-paper/datasets/graphsdb/mcs50/bvg/b06m/mcs50_b06m_s30.A09 fileNameGt=../../cp2016-max-common-connected-subgraph-paper/datasets/graphsdb/mcs50/bvg/b06m/mcs50_b06m_s30.B09
Reading graphs...
30 :  85
30 :  86
Initializing...
maxdom : 30
D->valSize : 900
Solving...
Blb : 2 (clique : 14)
currentSize : 14 <-- 0.018393 s
currentSize : 15 <-- 0.018577 s
currentSize : 16 <-- 0.018628 s
currentSize : 17 <-- 0.019369 s
currentSize : 18 <-- 0.681818 s
currentSize : 19 <-- 8.099805 s

maxsize : 19
nodes : 10530135.000000
filtered : 447924745.000000
time : 170.862259
