Parameters: GAD=1 vflib=1 dir=0 label=0 lowerbound=1 fileNameGp=../../cp2016-max-common-connected-subgraph-paper/datasets/graphsdb/mcs50/rand/r005/mcs50_r005_s30.A04 fileNameGt=../../cp2016-max-common-connected-subgraph-paper/datasets/graphsdb/mcs50/rand/r005/mcs50_r005_s30.B04
Reading graphs...
30 :  46
30 :  46
Initializing...
maxdom : 30
D->valSize : 900
Solving...
Blb : 2 (clique : 19)
currentSize : 19 <-- 0.011483 s
currentSize : 20 <-- 0.337103 s
currentSize : 21 <-- 0.436082 s
currentSize : 22 <-- 7.392432 s
currentSize : 23 <-- 33.037773 s

maxsize : 23
nodes : 3865144.000000
filtered : 223802834.000000
time : 164.374588
