Parameters: GAD=1 vflib=1 dir=0 label=0 lowerbound=1 fileNameGp=../../cp2016-max-common-connected-subgraph-paper/datasets/graphsdb/mcs50/rand/r005/mcs50_r005_s40.A04 fileNameGt=../../cp2016-max-common-connected-subgraph-paper/datasets/graphsdb/mcs50/rand/r005/mcs50_r005_s40.B04
Reading graphs...
40 :  78
40 :  74
Initializing...
maxdom : 40
D->valSize : 1600
Solving...
Blb : 2 (clique : 22)
currentSize : 22 <-- 0.036691 s
currentSize : 23 <-- 0.038405 s
currentSize : 24 <-- 0.047709 s
currentSize : 25 <-- 0.198138 s
currentSize : 26 <-- 1.184866 s
currentSize : 27 <-- 2.563853 s
currentSize : 28 <-- 7.837967 s

TIMEOUT
maxsize : 28
nodes : 12743781.000000
filtered : 1004224660.000000
time : 1000.000610
