Parameters: GAD=1 vflib=1 dir=0 label=0 lowerbound=1 fileNameGp=../../cp2016-max-common-connected-subgraph-paper/datasets/graphsdb/mcs50/m4D/m4Dr6/mcs50_m4Dr6_s35.A07 fileNameGt=../../cp2016-max-common-connected-subgraph-paper/datasets/graphsdb/mcs50/m4D/m4Dr6/mcs50_m4Dr6_s35.B07
Reading graphs...
35 :  83
35 :  82
Initializing...
maxdom : 35
D->valSize : 1225
Solving...
Blb : 2 (clique : 18)
currentSize : 18 <-- 0.020265 s
currentSize : 19 <-- 0.020465 s
currentSize : 20 <-- 0.021839 s
currentSize : 21 <-- 0.087829 s
currentSize : 22 <-- 0.223758 s
currentSize : 23 <-- 448.688934 s

TIMEOUT
maxsize : 23
nodes : 36556071.000000
filtered : 1850600520.000000
time : 1000.000000
