Parameters: GAD=1 vflib=1 dir=0 label=0 lowerbound=1 fileNameGp=../../cp2016-max-common-connected-subgraph-paper/datasets/graphsdb/mcs50/bvg/b06/mcs50_b06_s30.A09 fileNameGt=../../cp2016-max-common-connected-subgraph-paper/datasets/graphsdb/mcs50/bvg/b06/mcs50_b06_s30.B09
Reading graphs...
30 :  90
30 :  89
Initializing...
maxdom : 30
D->valSize : 900
Solving...
Blb : 2 (clique : 14)
currentSize : 14 <-- 0.010292 s
currentSize : 15 <-- 0.010972 s
currentSize : 16 <-- 0.014193 s
currentSize : 17 <-- 0.020366 s
currentSize : 18 <-- 4.516149 s
currentSize : 19 <-- 10.655118 s
currentSize : 20 <-- 10.655238 s

maxsize : 20
nodes : 3400408.000000
filtered : 138831044.000000
time : 53.772114
