Parameters: GAD=1 vflib=1 dir=0 label=0 lowerbound=1 fileNameGp=../../cp2016-max-common-connected-subgraph-paper/datasets/graphsdb/mcs50/m2D/m2Dr6/mcs50_m2Dr6_s30.A04 fileNameGt=../../cp2016-max-common-connected-subgraph-paper/datasets/graphsdb/mcs50/m2D/m2Dr6/mcs50_m2Dr6_s30.B04
Reading graphs...
30 :  64
30 :  64
Initializing...
maxdom : 30
D->valSize : 900
Solving...
Blb : 2 (clique : 15)
currentSize : 15 <-- 0.011227 s
currentSize : 16 <-- 0.012700 s
currentSize : 17 <-- 0.015340 s
currentSize : 18 <-- 0.017733 s
currentSize : 19 <-- 0.023053 s
currentSize : 20 <-- 6.524650 s
currentSize : 21 <-- 67.628143 s

maxsize : 21
nodes : 5850027.000000
filtered : 285740501.000000
time : 160.322098
