Parameters: GAD=1 vflib=1 dir=0 label=0 lowerbound=1 fileNameGp=../../cp2016-max-common-connected-subgraph-paper/datasets/graphsdb/mcs50/m2D/m2D/mcs50_m2D_s30.A04 fileNameGt=../../cp2016-max-common-connected-subgraph-paper/datasets/graphsdb/mcs50/m2D/m2D/mcs50_m2D_s30.B04
Reading graphs...
30 :  48
30 :  49
Initializing...
maxdom : 30
D->valSize : 900
Solving...
Blb : 2 (clique : 18)
currentSize : 18 <-- 0.011532 s
currentSize : 19 <-- 0.011857 s
currentSize : 20 <-- 0.013364 s
currentSize : 21 <-- 3.457413 s
currentSize : 22 <-- 6.545011 s
currentSize : 23 <-- 185.183853 s

maxsize : 23
nodes : 10463394.000000
filtered : 737347976.000000
time : 418.086914
