Parameters: GAD=1 vflib=1 dir=0 label=0 lowerbound=1 fileNameGp=../../cp2016-max-common-connected-subgraph-paper/datasets/graphsdb/mcs50/bvg/b06/mcs50_b06_s30.A05 fileNameGt=../../cp2016-max-common-connected-subgraph-paper/datasets/graphsdb/mcs50/bvg/b06/mcs50_b06_s30.B05
Reading graphs...
30 :  86
30 :  90
Initializing...
maxdom : 30
D->valSize : 900
Solving...
Blb : 2 (clique : 13)
currentSize : 13 <-- 0.010431 s
currentSize : 14 <-- 0.010538 s
currentSize : 15 <-- 0.014440 s
currentSize : 16 <-- 0.102302 s
currentSize : 17 <-- 1.415170 s
currentSize : 18 <-- 1.797778 s
currentSize : 19 <-- 7.681151 s
currentSize : 20 <-- 90.380592 s

maxsize : 20
nodes : 8718979.000000
filtered : 352951634.000000
time : 126.149162
