Parameters: GAD=1 vflib=1 dir=0 label=0 lowerbound=1 fileNameGp=../../cp2016-max-common-connected-subgraph-paper/datasets/graphsdb/mcs50/rand/r01/mcs50_r01_s40.A00 fileNameGt=../../cp2016-max-common-connected-subgraph-paper/datasets/graphsdb/mcs50/rand/r01/mcs50_r01_s40.B00
Reading graphs...
40 :  151
40 :  148
Initializing...
maxdom : 40
D->valSize : 1600
Solving...
Blb : 2 (clique : 16)
currentSize : 16 <-- 0.032948 s
currentSize : 17 <-- 0.035953 s
currentSize : 18 <-- 0.037089 s
currentSize : 19 <-- 0.188151 s
currentSize : 20 <-- 0.216845 s
currentSize : 21 <-- 124.108627 s

TIMEOUT
maxsize : 21
nodes : 99084833.000000
filtered : 2783170126.000000
time : 1000.000000
