Parameters: GAD=1 vflib=1 dir=0 label=0 lowerbound=1 fileNameGp=../../cp2016-max-common-connected-subgraph-paper/datasets/graphsdb/mcs50/rand/r005/mcs50_r005_s30.A05 fileNameGt=../../cp2016-max-common-connected-subgraph-paper/datasets/graphsdb/mcs50/rand/r005/mcs50_r005_s30.B05
Reading graphs...
30 :  47
30 :  46
Initializing...
maxdom : 30
D->valSize : 900
Solving...
Blb : 2 (clique : 18)
currentSize : 18 <-- 0.020091 s
currentSize : 19 <-- 0.020344 s
currentSize : 20 <-- 0.021148 s
currentSize : 21 <-- 0.021587 s
currentSize : 22 <-- 0.029561 s
currentSize : 23 <-- 168.727203 s

maxsize : 23
nodes : 4992812.000000
filtered : 291429187.000000
time : 276.309448
