Parameters: GAD=1 vflib=1 dir=0 label=0 lowerbound=1 fileNameGp=../../cp2016-max-common-connected-subgraph-paper/datasets/graphsdb/mcs50/bvg/b03m/mcs50_b03m_s35.A07 fileNameGt=../../cp2016-max-common-connected-subgraph-paper/datasets/graphsdb/mcs50/bvg/b03m/mcs50_b03m_s35.B07
Reading graphs...
35 :  52
35 :  52
Initializing...
maxdom : 35
D->valSize : 1225
Solving...
Blb : 2 (clique : 21)
currentSize : 21 <-- 0.037042 s
currentSize : 22 <-- 0.086688 s
currentSize : 23 <-- 0.086743 s
currentSize : 24 <-- 0.353099 s
currentSize : 25 <-- 13.470059 s
currentSize : 26 <-- 189.211929 s

TIMEOUT
maxsize : 26
nodes : 17776819.000000
filtered : 1061234557.000000
time : 1000.000549
