Parameters: GAD=1 vflib=1 dir=0 label=0 lowerbound=1 fileNameGp=../../cp2016-max-common-connected-subgraph-paper/datasets/graphsdb/mcs50/bvg/b03m/mcs50_b03m_s30.A09 fileNameGt=../../cp2016-max-common-connected-subgraph-paper/datasets/graphsdb/mcs50/bvg/b03m/mcs50_b03m_s30.B09
Reading graphs...
30 :  45
30 :  45
Initializing...
maxdom : 30
D->valSize : 900
Solving...
Blb : 2 (clique : 17)
currentSize : 17 <-- 0.011620 s
currentSize : 18 <-- 0.011802 s
currentSize : 19 <-- 0.012022 s
currentSize : 20 <-- 0.016484 s
currentSize : 21 <-- 0.291108 s
currentSize : 22 <-- 1.785253 s
currentSize : 23 <-- 44.807911 s

maxsize : 23
nodes : 4664309.000000
filtered : 301752487.000000
time : 281.231323
