Parameters: GAD=1 vflib=1 dir=0 label=0 lowerbound=1 fileNameGp=../../cp2016-max-common-connected-subgraph-paper/datasets/graphsdb/mcs50/m4D/m4D/mcs50_m4D_s35.A08 fileNameGt=../../cp2016-max-common-connected-subgraph-paper/datasets/graphsdb/mcs50/m4D/m4D/mcs50_m4D_s35.B08
Reading graphs...
35 :  62
35 :  63
Initializing...
maxdom : 35
D->valSize : 1225
Solving...
Blb : 2 (clique : 19)
currentSize : 19 <-- 0.021371 s
currentSize : 21 <-- 0.021547 s
currentSize : 22 <-- 0.021615 s
currentSize : 23 <-- 0.021700 s
currentSize : 24 <-- 0.021818 s
currentSize : 25 <-- 52.677807 s
currentSize : 26 <-- 200.401154 s

TIMEOUT
maxsize : 26
nodes : 16627724.000000
filtered : 1311723052.000000
time : 1000.000061
