Parameters: GAD=1 vflib=1 dir=0 label=0 lowerbound=1 fileNameGp=../../cp2016-max-common-connected-subgraph-paper/datasets/graphsdb/mcs50/m4D/m4Dr6/mcs50_m4Dr6_s30.A01 fileNameGt=../../cp2016-max-common-connected-subgraph-paper/datasets/graphsdb/mcs50/m4D/m4Dr6/mcs50_m4Dr6_s30.B01
Reading graphs...
30 :  67
30 :  68
Initializing...
maxdom : 30
D->valSize : 900
Solving...
Blb : 5 (clique : 15)
currentSize : 15 <-- 0.011088 s
currentSize : 16 <-- 0.011494 s
currentSize : 17 <-- 0.011523 s
currentSize : 18 <-- 0.011668 s
currentSize : 19 <-- 0.012743 s
currentSize : 20 <-- 0.316578 s
currentSize : 21 <-- 6.189324 s

maxsize : 21
nodes : 5867249.000000
filtered : 314323526.000000
time : 148.515610
