Parameters: GAD=1 vflib=1 dir=0 label=0 lowerbound=1 fileNameGp=../../cp2016-max-common-connected-subgraph-paper/datasets/graphsdb/mcs50/bvg/b06m/mcs50_b06m_s50.A04 fileNameGt=../../cp2016-max-common-connected-subgraph-paper/datasets/graphsdb/mcs50/bvg/b06m/mcs50_b06m_s50.B04
Reading graphs...
50 :  147
50 :  146
Initializing...
maxdom : 50
D->valSize : 2500
Solving...
Blb : 5 (clique : 23)
currentSize : 23 <-- 0.114515 s
currentSize : 25 <-- 0.114833 s
currentSize : 26 <-- 0.114948 s
currentSize : 27 <-- 0.116542 s
currentSize : 28 <-- 0.118657 s
currentSize : 29 <-- 779.034973 s

TIMEOUT
maxsize : 29
nodes : 44117771.000000
filtered : 2055191619.000000
time : 1000.000305
