Parameters: GAD=1 vflib=1 dir=0 label=0 lowerbound=1 fileNameGp=../../cp2016-max-common-connected-subgraph-paper/datasets/graphsdb/mcs50/bvg/b09/mcs50_b09_s50.A02 fileNameGt=../../cp2016-max-common-connected-subgraph-paper/datasets/graphsdb/mcs50/bvg/b09/mcs50_b09_s50.B02
Reading graphs...
50 :  221
50 :  223
Initializing...
maxdom : 50
D->valSize : 2500
Solving...
Blb : 2 (clique : 19)
currentSize : 19 <-- 0.086230 s
currentSize : 20 <-- 0.087012 s
currentSize : 21 <-- 0.088200 s
currentSize : 22 <-- 0.555410 s
currentSize : 23 <-- 6.553979 s
currentSize : 24 <-- 81.644318 s

TIMEOUT
maxsize : 24
nodes : 76130420.000000
filtered : 2772558273.000000
time : 1000.000000
