Parameters: GAD=1 vflib=1 dir=0 label=0 lowerbound=1 fileNameGp=../../cp2016-max-common-connected-subgraph-paper/datasets/graphsdb/mcs50/bvg/b09m/mcs50_b09m_s30.A00 fileNameGt=../../cp2016-max-common-connected-subgraph-paper/datasets/graphsdb/mcs50/bvg/b09m/mcs50_b09m_s30.B00
Reading graphs...
30 :  125
30 :  126
Initializing...
maxdom : 30
D->valSize : 900
Solving...
Blb : 2 (clique : 12)
currentSize : 12 <-- 0.009881 s
currentSize : 13 <-- 0.033819 s
currentSize : 14 <-- 0.365488 s
currentSize : 15 <-- 3.149419 s
currentSize : 16 <-- 14.828431 s

maxsize : 16
nodes : 33139381.000000
filtered : 712348941.000000
time : 203.310593
