Parameters: GAD=1 vflib=1 dir=0 label=0 lowerbound=1 fileNameGp=../../cp2016-max-common-connected-subgraph-paper/datasets/graphsdb/mcs50/bvg/b09m/mcs50_b09m_s50.A09 fileNameGt=../../cp2016-max-common-connected-subgraph-paper/datasets/graphsdb/mcs50/bvg/b09m/mcs50_b09m_s50.B09
Reading graphs...
50 :  217
50 :  214
Initializing...
maxdom : 50
D->valSize : 2500
Solving...
Blb : 2 (clique : 18)
currentSize : 18 <-- 0.086731 s
currentSize : 19 <-- 0.087114 s
currentSize : 20 <-- 0.089521 s
currentSize : 21 <-- 0.096137 s
currentSize : 22 <-- 0.164299 s
currentSize : 23 <-- 1.470977 s
currentSize : 24 <-- 30.130823 s

TIMEOUT
maxsize : 24
nodes : 119923520.000000
filtered : 3191774745.000000
time : 1000.000183
