Parameters: GAD=1 vflib=1 dir=0 label=0 lowerbound=1 fileNameGp=../../cp2016-max-common-connected-subgraph-paper/datasets/graphsdb/mcs50/m2D/m2Dr2/mcs50_m2Dr2_s40.A04 fileNameGt=../../cp2016-max-common-connected-subgraph-paper/datasets/graphsdb/mcs50/m2D/m2Dr2/mcs50_m2Dr2_s40.B04
Reading graphs...
40 :  75
40 :  74
Initializing...
maxdom : 40
D->valSize : 1600
Solving...
Blb : 2 (clique : 23)
currentSize : 23 <-- 0.036391 s
currentSize : 24 <-- 0.040601 s
currentSize : 25 <-- 0.047723 s
currentSize : 26 <-- 0.140222 s
currentSize : 27 <-- 1.082670 s
currentSize : 28 <-- 5.015225 s

TIMEOUT
maxsize : 28
nodes : 17598405.000000
filtered : 1310109465.000000
time : 1000.000732
