Parameters: GAD=1 vflib=1 dir=0 label=0 lowerbound=1 fileNameGp=../../cp2016-max-common-connected-subgraph-paper/datasets/graphsdb/mcs50/bvg/b06/mcs50_b06_s30.A06 fileNameGt=../../cp2016-max-common-connected-subgraph-paper/datasets/graphsdb/mcs50/bvg/b06/mcs50_b06_s30.B06
Reading graphs...
30 :  88
30 :  89
Initializing...
maxdom : 30
D->valSize : 900
Solving...
Blb : 2 (clique : 14)
currentSize : 14 <-- 0.010364 s
currentSize : 15 <-- 0.010493 s
currentSize : 16 <-- 0.017595 s
currentSize : 17 <-- 0.972533 s
currentSize : 18 <-- 0.983480 s
currentSize : 19 <-- 2.944025 s
currentSize : 20 <-- 24.675623 s

maxsize : 20
nodes : 4729888.000000
filtered : 207720380.000000
time : 73.979408
