Parameters: GAD=1 vflib=1 dir=0 label=0 lowerbound=1 fileNameGp=../../cp2016-max-common-connected-subgraph-paper/datasets/graphsdb/mcs50/bvg/b06/mcs50_b06_s40.A09 fileNameGt=../../cp2016-max-common-connected-subgraph-paper/datasets/graphsdb/mcs50/bvg/b06/mcs50_b06_s40.B09
Reading graphs...
40 :  117
40 :  120
Initializing...
maxdom : 40
D->valSize : 1600
Solving...
Blb : 2 (clique : 18)
currentSize : 18 <-- 0.057044 s
currentSize : 19 <-- 0.064793 s
currentSize : 20 <-- 0.540204 s
currentSize : 21 <-- 0.540349 s
currentSize : 22 <-- 2.324207 s
currentSize : 23 <-- 95.536568 s
currentSize : 24 <-- 269.303070 s
currentSize : 25 <-- 697.911377 s

TIMEOUT
maxsize : 25
nodes : 66005370.000000
filtered : 2642486018.000000
time : 1000.000610
