Parameters: GAD=1 vflib=1 dir=0 label=0 lowerbound=1 fileNameGp=../../cp2016-max-common-connected-subgraph-paper/datasets/graphsdb/mcs50/rand/r02/mcs50_r02_s35.A05 fileNameGt=../../cp2016-max-common-connected-subgraph-paper/datasets/graphsdb/mcs50/rand/r02/mcs50_r02_s35.B05
Reading graphs...
35 :  213
35 :  214
Initializing...
maxdom : 35
D->valSize : 1225
Solving...
Blb : 2 (clique : 10)
currentSize : 10 <-- 0.017643 s
currentSize : 11 <-- 0.017758 s
currentSize : 12 <-- 0.017922 s
currentSize : 13 <-- 0.026975 s
currentSize : 14 <-- 0.116233 s
currentSize : 15 <-- 116.342140 s

TIMEOUT
maxsize : 15
nodes : 236885488.000000
filtered : 2834041849.000000
time : 1000.000000
