Parameters: GAD=1 vflib=1 dir=0 label=0 lowerbound=1 fileNameGp=../../cp2016-max-common-connected-subgraph-paper/datasets/graphsdb/mcs50/m2D/m2Dr2/mcs50_m2Dr2_s40.A02 fileNameGt=../../cp2016-max-common-connected-subgraph-paper/datasets/graphsdb/mcs50/m2D/m2Dr2/mcs50_m2Dr2_s40.B02
Reading graphs...
40 :  73
40 :  74
Initializing...
maxdom : 40
D->valSize : 1600
Solving...
Blb : 2 (clique : 22)
currentSize : 22 <-- 0.062121 s
currentSize : 23 <-- 0.062593 s
currentSize : 24 <-- 0.064427 s
currentSize : 25 <-- 0.072078 s
currentSize : 26 <-- 14.702932 s
currentSize : 27 <-- 128.146118 s

TIMEOUT
maxsize : 27
nodes : 14754126.000000
filtered : 1015922331.000000
time : 1000.000000
