Parameters: GAD=1 vflib=1 dir=0 label=0 lowerbound=1 fileNameGp=../../cp2016-max-common-connected-subgraph-paper/datasets/graphsdb/mcs50/rand/r005/mcs50_r005_s35.A04 fileNameGt=../../cp2016-max-common-connected-subgraph-paper/datasets/graphsdb/mcs50/rand/r005/mcs50_r005_s35.B04
Reading graphs...
35 :  61
35 :  61
Initializing...
maxdom : 35
D->valSize : 1225
Solving...
Blb : 2 (clique : 20)
currentSize : 20 <-- 0.021147 s
currentSize : 21 <-- 0.055598 s
currentSize : 22 <-- 0.067627 s
currentSize : 23 <-- 0.069246 s
currentSize : 24 <-- 0.082022 s
currentSize : 25 <-- 0.086931 s
currentSize : 26 <-- 21.488695 s

TIMEOUT
maxsize : 26
nodes : 11769831.000000
filtered : 956945090.000000
time : 1000.000122
