Parameters: GAD=1 vflib=1 dir=0 label=0 lowerbound=1 fileNameGp=../../cp2016-max-common-connected-subgraph-paper/datasets/graphsdb/mcs50/m4D/m4Dr4/mcs50_m4Dr4_s30.A05 fileNameGt=../../cp2016-max-common-connected-subgraph-paper/datasets/graphsdb/mcs50/m4D/m4Dr4/mcs50_m4Dr4_s30.B05
Reading graphs...
30 :  66
30 :  63
Initializing...
maxdom : 30
D->valSize : 900
Solving...
Blb : 2 (clique : 15)
currentSize : 15 <-- 0.019262 s
currentSize : 16 <-- 0.019459 s
currentSize : 17 <-- 0.019646 s
currentSize : 18 <-- 0.022010 s
currentSize : 19 <-- 0.030571 s
currentSize : 20 <-- 2.029242 s
currentSize : 21 <-- 11.296991 s

maxsize : 21
nodes : 3092643.000000
filtered : 156840079.000000
time : 83.919174
