Parameters: GAD=1 vflib=1 dir=0 label=0 lowerbound=1 fileNameGp=../../cp2016-max-common-connected-subgraph-paper/datasets/graphsdb/mcs50/bvg/b06/mcs50_b06_s50.A08 fileNameGt=../../cp2016-max-common-connected-subgraph-paper/datasets/graphsdb/mcs50/bvg/b06/mcs50_b06_s50.B08
Reading graphs...
50 :  149
50 :  149
Initializing...
maxdom : 50
D->valSize : 2500
Solving...
Blb : 2 (clique : 23)
currentSize : 23 <-- 0.092331 s
currentSize : 24 <-- 0.622607 s
currentSize : 25 <-- 9.118016 s
currentSize : 26 <-- 26.201963 s
currentSize : 27 <-- 415.460480 s
currentSize : 28 <-- 930.745300 s

TIMEOUT
maxsize : 28
nodes : 74169891.000000
filtered : 2757587893.000000
time : 1000.000061
