Parameters: GAD=1 vflib=1 dir=0 label=0 lowerbound=1 fileNameGp=../../cp2016-max-common-connected-subgraph-paper/datasets/graphsdb/mcs50/m2D/m2Dr2/mcs50_m2Dr2_s30.A05 fileNameGt=../../cp2016-max-common-connected-subgraph-paper/datasets/graphsdb/mcs50/m2D/m2Dr2/mcs50_m2Dr2_s30.B05
Reading graphs...
30 :  53
30 :  51
Initializing...
maxdom : 30
D->valSize : 900
Solving...
Blb : 2 (clique : 14)
currentSize : 14 <-- 0.011252 s
currentSize : 15 <-- 0.011387 s
currentSize : 16 <-- 0.011582 s
currentSize : 17 <-- 0.011621 s
currentSize : 18 <-- 0.015097 s
currentSize : 19 <-- 0.044650 s
currentSize : 20 <-- 2.529657 s
currentSize : 21 <-- 7.433091 s
currentSize : 22 <-- 370.901001 s

maxsize : 22
nodes : 17552923.000000
filtered : 889401021.000000
time : 627.715027
