Parameters: GAD=1 vflib=1 dir=0 label=0 lowerbound=1 fileNameGp=../../cp2016-max-common-connected-subgraph-paper/datasets/graphsdb/mcs50/m2D/m2D/mcs50_m2D_s40.A01 fileNameGt=../../cp2016-max-common-connected-subgraph-paper/datasets/graphsdb/mcs50/m2D/m2D/mcs50_m2D_s40.B01
Reading graphs...
40 :  65
40 :  65
Initializing...
maxdom : 40
D->valSize : 1600
Solving...
Blb : 2 (clique : 24)
currentSize : 24 <-- 0.037057 s
currentSize : 25 <-- 0.093319 s
currentSize : 26 <-- 16.713749 s
currentSize : 27 <-- 27.145723 s
currentSize : 28 <-- 31.896597 s
currentSize : 29 <-- 75.046234 s

TIMEOUT
maxsize : 29
nodes : 15219961.000000
filtered : 851166297.000000
time : 1000.000854
