Parameters: GAD=1 vflib=1 dir=0 label=0 lowerbound=1 fileNameGp=../../cp2016-max-common-connected-subgraph-paper/datasets/graphsdb/mcs50/bvg/b03m/mcs50_b03m_s50.A00 fileNameGt=../../cp2016-max-common-connected-subgraph-paper/datasets/graphsdb/mcs50/bvg/b03m/mcs50_b03m_s50.B00
Reading graphs...
50 :  74
50 :  74
Initializing...
maxdom : 50
D->valSize : 2500
Solving...
Blb : 2 (clique : 28)
currentSize : 28 <-- 0.099260 s
currentSize : 29 <-- 0.099633 s
currentSize : 30 <-- 0.099666 s
currentSize : 31 <-- 0.099943 s
currentSize : 32 <-- 0.100395 s
currentSize : 33 <-- 0.109154 s
currentSize : 34 <-- 0.111852 s

TIMEOUT
maxsize : 34
nodes : 20251197.000000
filtered : 1080896205.000000
time : 1000.000061
