Parameters: GAD=1 vflib=1 dir=0 label=0 lowerbound=1 fileNameGp=../../cp2016-max-common-connected-subgraph-paper/datasets/graphsdb/mcs50/m3D/m3Dr2/mcs50_m3Dr2_s50.A07 fileNameGt=../../cp2016-max-common-connected-subgraph-paper/datasets/graphsdb/mcs50/m3D/m3Dr2/mcs50_m3Dr2_s50.B07
Reading graphs...
50 :  118
50 :  117
Initializing...
maxdom : 50
D->valSize : 2500
Solving...
Blb : 2 (clique : 25)
currentSize : 25 <-- 0.094830 s
currentSize : 26 <-- 0.095257 s
currentSize : 27 <-- 0.095346 s
currentSize : 28 <-- 0.098306 s
currentSize : 29 <-- 0.123588 s
currentSize : 30 <-- 0.152394 s
currentSize : 31 <-- 26.977520 s

TIMEOUT
maxsize : 31
nodes : 34186996.000000
filtered : 1358373578.000000
time : 1000.000916
