Parameters: GAD=1 vflib=1 dir=0 label=0 lowerbound=1 fileNameGp=../../cp2016-max-common-connected-subgraph-paper/datasets/graphsdb/mcs50/rand/r005/mcs50_r005_s50.A04 fileNameGt=../../cp2016-max-common-connected-subgraph-paper/datasets/graphsdb/mcs50/rand/r005/mcs50_r005_s50.B04
Reading graphs...
50 :  120
50 :  120
Initializing...
maxdom : 50
D->valSize : 2500
Solving...
Blb : 2 (clique : 26)
currentSize : 26 <-- 0.094629 s
currentSize : 27 <-- 0.095230 s
currentSize : 28 <-- 0.096482 s
currentSize : 29 <-- 0.295823 s
currentSize : 30 <-- 4.657740 s
currentSize : 31 <-- 6.968115 s

TIMEOUT
maxsize : 31
nodes : 26293963.000000
filtered : 1524110826.000000
time : 1000.000854
