Parameters: GAD=1 vflib=1 dir=0 label=0 lowerbound=1 fileNameGp=../../cp2016-max-common-connected-subgraph-paper/datasets/graphsdb/mcs50/m2D/m2Dr4/mcs50_m2Dr4_s30.A05 fileNameGt=../../cp2016-max-common-connected-subgraph-paper/datasets/graphsdb/mcs50/m2D/m2Dr4/mcs50_m2Dr4_s30.B05
Reading graphs...
30 :  61
30 :  59
Initializing...
maxdom : 30
D->valSize : 900
Solving...
Blb : 2 (clique : 17)
currentSize : 17 <-- 0.011043 s
currentSize : 18 <-- 0.011220 s
currentSize : 19 <-- 0.011404 s
currentSize : 20 <-- 0.135283 s
currentSize : 21 <-- 210.527451 s

maxsize : 21
nodes : 24917352.000000
filtered : 1048203911.000000
time : 586.687683
