Parameters: GAD=1 vflib=1 dir=0 label=0 lowerbound=1 fileNameGp=../../cp2016-max-common-connected-subgraph-paper/datasets/graphsdb/mcs50/m4D/m4Dr2/mcs50_m4Dr2_s30.A00 fileNameGt=../../cp2016-max-common-connected-subgraph-paper/datasets/graphsdb/mcs50/m4D/m4Dr2/mcs50_m4Dr2_s30.B00
Reading graphs...
30 :  60
30 :  60
Initializing...
maxdom : 30
D->valSize : 900
Solving...
Blb : 2 (clique : 17)
currentSize : 17 <-- 0.010997 s
currentSize : 18 <-- 0.011811 s
currentSize : 19 <-- 0.014371 s
currentSize : 20 <-- 0.017673 s
currentSize : 21 <-- 0.096316 s
currentSize : 22 <-- 47.438496 s

maxsize : 22
nodes : 4564998.000000
filtered : 233023982.000000
time : 100.619987
