Parameters: GAD=1 vflib=1 dir=0 label=0 lowerbound=1 fileNameGp=../../cp2016-max-common-connected-subgraph-paper/datasets/graphsdb/mcs50/rand/r005/mcs50_r005_s40.A07 fileNameGt=../../cp2016-max-common-connected-subgraph-paper/datasets/graphsdb/mcs50/rand/r005/mcs50_r005_s40.B07
Reading graphs...
40 :  77
40 :  76
Initializing...
maxdom : 40
D->valSize : 1600
Solving...
Blb : 2 (clique : 22)
currentSize : 22 <-- 0.036340 s
currentSize : 23 <-- 0.036882 s
currentSize : 24 <-- 0.311125 s
currentSize : 25 <-- 0.675680 s
currentSize : 26 <-- 3.816301 s
currentSize : 27 <-- 155.814163 s
currentSize : 28 <-- 321.513489 s

TIMEOUT
maxsize : 28
nodes : 24699054.000000
filtered : 1589919244.000000
time : 1000.001892
