Parameters: GAD=1 vflib=1 dir=0 label=0 lowerbound=1 fileNameGp=../../cp2016-max-common-connected-subgraph-paper/datasets/graphsdb/mcs50/m3D/m3Dr6/mcs50_m3Dr6_s50.A02 fileNameGt=../../cp2016-max-common-connected-subgraph-paper/datasets/graphsdb/mcs50/m3D/m3Dr6/mcs50_m3Dr6_s50.B02
Reading graphs...
50 :  135
50 :  135
Initializing...
maxdom : 50
D->valSize : 2500
Solving...
Blb : 2 (clique : 22)
currentSize : 22 <-- 0.093099 s
currentSize : 24 <-- 0.093411 s
currentSize : 25 <-- 0.093475 s
currentSize : 26 <-- 0.094907 s
currentSize : 27 <-- 0.138028 s
currentSize : 28 <-- 0.595684 s
currentSize : 29 <-- 0.657980 s

TIMEOUT
maxsize : 29
nodes : 15250130.000000
filtered : 868149728.000000
time : 1000.000366
