Parameters: GAD=1 vflib=1 dir=0 label=0 lowerbound=1 fileNameGp=../../cp2016-max-common-connected-subgraph-paper/datasets/graphsdb/mcs50/m2D/m2D/mcs50_m2D_s30.A09 fileNameGt=../../cp2016-max-common-connected-subgraph-paper/datasets/graphsdb/mcs50/m2D/m2D/mcs50_m2D_s30.B09
Reading graphs...
30 :  48
30 :  48
Initializing...
maxdom : 30
D->valSize : 900
Solving...
Blb : 2 (clique : 18)
currentSize : 18 <-- 0.011406 s
currentSize : 19 <-- 0.011933 s
currentSize : 20 <-- 0.029575 s
currentSize : 21 <-- 0.139933 s
currentSize : 22 <-- 2.325473 s
currentSize : 23 <-- 178.654739 s

maxsize : 23
nodes : 5096328.000000
filtered : 261512984.000000
time : 214.647324
