Parameters: GAD=1 vflib=1 dir=0 label=0 lowerbound=1 fileNameGp=../../cp2016-max-common-connected-subgraph-paper/datasets/graphsdb/mcs50/m4D/m4Dr2/mcs50_m4Dr2_s40.A05 fileNameGt=../../cp2016-max-common-connected-subgraph-paper/datasets/graphsdb/mcs50/m4D/m4Dr2/mcs50_m4Dr2_s40.B05
Reading graphs...
40 :  78
40 :  78
Initializing...
maxdom : 40
D->valSize : 1600
Solving...
Blb : 2 (clique : 22)
currentSize : 22 <-- 0.036074 s
currentSize : 23 <-- 0.108207 s
currentSize : 24 <-- 0.261118 s
currentSize : 25 <-- 1.167544 s
currentSize : 26 <-- 1.443354 s
currentSize : 27 <-- 4.799762 s
currentSize : 28 <-- 30.382399 s

TIMEOUT
maxsize : 28
nodes : 21040831.000000
filtered : 1164734584.000000
time : 1000.000061
