Parameters: GAD=1 vflib=1 dir=0 label=0 lowerbound=1 fileNameGp=../../cp2016-max-common-connected-subgraph-paper/datasets/graphsdb/mcs50/bvg/b06/mcs50_b06_s35.A06 fileNameGt=../../cp2016-max-common-connected-subgraph-paper/datasets/graphsdb/mcs50/bvg/b06/mcs50_b06_s35.B06
Reading graphs...
35 :  102
35 :  104
Initializing...
maxdom : 35
D->valSize : 1225
Solving...
Blb : 2 (clique : 15)
currentSize : 15 <-- 0.019807 s
currentSize : 16 <-- 0.019995 s
currentSize : 17 <-- 0.020777 s
currentSize : 18 <-- 0.020827 s
currentSize : 19 <-- 0.036195 s
currentSize : 20 <-- 6.949673 s
currentSize : 21 <-- 28.521463 s
currentSize : 22 <-- 320.200958 s
currentSize : 23 <-- 825.968994 s

TIMEOUT
maxsize : 23
nodes : 59002910.000000
filtered : 2545285959.000000
time : 1000.000000
