Parameters: GAD=1 vflib=1 dir=0 label=0 lowerbound=1 fileNameGp=../../cp2016-max-common-connected-subgraph-paper/datasets/graphsdb/mcs50/m2D/m2D/mcs50_m2D_s50.A09 fileNameGt=../../cp2016-max-common-connected-subgraph-paper/datasets/graphsdb/mcs50/m2D/m2D/mcs50_m2D_s50.B09
Reading graphs...
50 :  84
50 :  85
Initializing...
maxdom : 50
D->valSize : 2500
Solving...
Blb : 2 (clique : 28)
currentSize : 28 <-- 0.099666 s
currentSize : 29 <-- 0.100998 s
currentSize : 30 <-- 7.951860 s
currentSize : 31 <-- 13.442039 s
currentSize : 32 <-- 13.506493 s
currentSize : 33 <-- 14.175819 s
currentSize : 34 <-- 63.637615 s
currentSize : 35 <-- 490.659729 s

TIMEOUT
maxsize : 35
nodes : 17350366.000000
filtered : 1310188553.000000
time : 1000.001770
