Parameters: GAD=1 vflib=1 dir=0 label=0 lowerbound=1 fileNameGp=../../cp2016-max-common-connected-subgraph-paper/datasets/graphsdb/mcs50/m2D/m2Dr4/mcs50_m2Dr4_s30.A03 fileNameGt=../../cp2016-max-common-connected-subgraph-paper/datasets/graphsdb/mcs50/m2D/m2Dr4/mcs50_m2Dr4_s30.B03
Reading graphs...
30 :  59
30 :  57
Initializing...
maxdom : 30
D->valSize : 900
Solving...
Blb : 2 (clique : 15)
currentSize : 15 <-- 0.019496 s
currentSize : 17 <-- 0.019681 s
currentSize : 18 <-- 0.019771 s
currentSize : 19 <-- 0.021250 s
currentSize : 20 <-- 0.044876 s
currentSize : 21 <-- 8.253845 s

maxsize : 21
nodes : 14113592.000000
filtered : 696022544.000000
time : 400.042816
