Parameters: GAD=1 vflib=1 dir=0 label=0 lowerbound=1 fileNameGp=../../cp2016-max-common-connected-subgraph-paper/datasets/graphsdb/mcs50/bvg/b09m/mcs50_b09m_s40.A03 fileNameGt=../../cp2016-max-common-connected-subgraph-paper/datasets/graphsdb/mcs50/bvg/b09m/mcs50_b09m_s40.B03
Reading graphs...
40 :  174
40 :  176
Initializing...
maxdom : 40
D->valSize : 1600
Solving...
Blb : 2 (clique : 15)
currentSize : 15 <-- 0.056201 s
currentSize : 16 <-- 0.056546 s
currentSize : 17 <-- 0.057048 s
currentSize : 18 <-- 0.066819 s
currentSize : 19 <-- 0.777230 s
currentSize : 20 <-- 225.761734 s

TIMEOUT
maxsize : 20
nodes : 136323129.000000
filtered : 3347010706.000000
time : 1000.000000
