Parameters: GAD=1 vflib=1 dir=0 label=0 lowerbound=1 fileNameGp=../../cp2016-max-common-connected-subgraph-paper/datasets/graphsdb/mcs50/bvg/b03m/mcs50_b03m_s40.A03 fileNameGt=../../cp2016-max-common-connected-subgraph-paper/datasets/graphsdb/mcs50/bvg/b03m/mcs50_b03m_s40.B03
Reading graphs...
40 :  58
40 :  58
Initializing...
maxdom : 40
D->valSize : 1600
Solving...
Blb : 2 (clique : 23)
currentSize : 23 <-- 0.037731 s
currentSize : 24 <-- 0.037991 s
currentSize : 25 <-- 0.038060 s
currentSize : 26 <-- 0.040162 s
currentSize : 27 <-- 2.067409 s
currentSize : 28 <-- 2.463235 s
currentSize : 29 <-- 2.860446 s

TIMEOUT
maxsize : 29
nodes : 16329999.000000
filtered : 1076635784.000000
time : 1000.000122
