Parameters: GAD=1 vflib=1 dir=0 label=0 lowerbound=1 fileNameGp=../../cp2016-max-common-connected-subgraph-paper/datasets/graphsdb/mcs50/bvg/b06/mcs50_b06_s30.A04 fileNameGt=../../cp2016-max-common-connected-subgraph-paper/datasets/graphsdb/mcs50/bvg/b06/mcs50_b06_s30.B04
Reading graphs...
30 :  90
30 :  89
Initializing...
maxdom : 30
D->valSize : 900
Solving...
Blb : 2 (clique : 14)
currentSize : 14 <-- 0.018155 s
currentSize : 15 <-- 0.018352 s
currentSize : 16 <-- 0.020767 s
currentSize : 17 <-- 0.026215 s
currentSize : 18 <-- 1.510029 s
currentSize : 19 <-- 1.511482 s

maxsize : 19
nodes : 10084347.000000
filtered : 368934636.000000
time : 109.504425
