Parameters: GAD=1 vflib=1 dir=0 label=0 lowerbound=1 fileNameGp=../../cp2016-max-common-connected-subgraph-paper/datasets/graphsdb/mcs50/rand/r02/mcs50_r02_s40.A04 fileNameGt=../../cp2016-max-common-connected-subgraph-paper/datasets/graphsdb/mcs50/rand/r02/mcs50_r02_s40.B04
Reading graphs...
40 :  278
40 :  280
Initializing...
maxdom : 40
D->valSize : 1600
Solving...
Blb : 5 (clique : 11)
currentSize : 11 <-- 0.029763 s
currentSize : 12 <-- 0.029917 s
currentSize : 13 <-- 0.029960 s
currentSize : 14 <-- 0.031546 s
currentSize : 15 <-- 0.784441 s
currentSize : 16 <-- 598.851868 s

TIMEOUT
maxsize : 16
nodes : 231434268.000000
filtered : 2676703691.000000
time : 1000.000000
