Parameters: GAD=1 vflib=1 dir=0 label=0 lowerbound=1 fileNameGp=../../cp2016-max-common-connected-subgraph-paper/datasets/graphsdb/mcs50/m4D/m4Dr6/mcs50_m4Dr6_s30.A02 fileNameGt=../../cp2016-max-common-connected-subgraph-paper/datasets/graphsdb/mcs50/m4D/m4Dr6/mcs50_m4Dr6_s30.B02
Reading graphs...
30 :  68
30 :  66
Initializing...
maxdom : 30
D->valSize : 900
Solving...
Blb : 2 (clique : 16)
currentSize : 16 <-- 0.011059 s
currentSize : 17 <-- 0.012023 s
currentSize : 18 <-- 0.013264 s
currentSize : 19 <-- 0.013636 s
currentSize : 20 <-- 11.260921 s

maxsize : 20
nodes : 21268285.000000
filtered : 1033618181.000000
time : 521.329346
