Parameters: GAD=1 vflib=1 dir=0 label=0 lowerbound=1 fileNameGp=../../cp2016-max-common-connected-subgraph-paper/datasets/graphsdb/mcs50/bvg/b09/mcs50_b09_s35.A07 fileNameGt=../../cp2016-max-common-connected-subgraph-paper/datasets/graphsdb/mcs50/bvg/b09/mcs50_b09_s35.B07
Reading graphs...
35 :  153
35 :  154
Initializing...
maxdom : 35
D->valSize : 1225
Solving...
Blb : 2 (clique : 13)
currentSize : 13 <-- 0.018143 s
currentSize : 14 <-- 0.018328 s
currentSize : 15 <-- 0.023783 s
currentSize : 16 <-- 0.053700 s
currentSize : 17 <-- 1.115894 s
currentSize : 18 <-- 77.239120 s
currentSize : 19 <-- 78.951820 s
currentSize : 20 <-- 79.079910 s
currentSize : 21 <-- 79.095398 s

maxsize : 21
nodes : 40932160.000000
filtered : 1545402036.000000
time : 412.664246
