Parameters: GAD=1 vflib=1 dir=0 label=0 lowerbound=1 fileNameGp=../../cp2016-max-common-connected-subgraph-paper/datasets/graphsdb/mcs50/rand/r02/mcs50_r02_s50.A01 fileNameGt=../../cp2016-max-common-connected-subgraph-paper/datasets/graphsdb/mcs50/rand/r02/mcs50_r02_s50.B01
Reading graphs...
50 :  442
50 :  440
Initializing...
maxdom : 50
D->valSize : 2500
Solving...
Blb : 2 (clique : 12)
currentSize : 12 <-- 0.096120 s
currentSize : 13 <-- 0.096421 s
currentSize : 14 <-- 0.096461 s
currentSize : 15 <-- 0.106899 s
currentSize : 16 <-- 27.603836 s
currentSize : 17 <-- 669.713928 s

TIMEOUT
maxsize : 17
nodes : 224626094.000000
filtered : 2199737469.000000
time : 1000.000000
