Parameters: GAD=1 vflib=1 dir=0 label=0 lowerbound=1 fileNameGp=../../cp2016-max-common-connected-subgraph-paper/datasets/graphsdb/mcs50/m4D/m4Dr4/mcs50_m4Dr4_s35.A09 fileNameGt=../../cp2016-max-common-connected-subgraph-paper/datasets/graphsdb/mcs50/m4D/m4Dr4/mcs50_m4Dr4_s35.B09
Reading graphs...
35 :  75
35 :  75
Initializing...
maxdom : 35
D->valSize : 1225
Solving...
Blb : 2 (clique : 18)
currentSize : 18 <-- 0.020598 s
currentSize : 19 <-- 0.020790 s
currentSize : 20 <-- 0.021081 s
currentSize : 21 <-- 0.021814 s
currentSize : 22 <-- 0.029214 s
currentSize : 23 <-- 0.029354 s
currentSize : 24 <-- 7.486490 s
currentSize : 25 <-- 7.489828 s

TIMEOUT
maxsize : 25
nodes : 12852809.000000
filtered : 1050777239.000000
time : 1000.000061
