Parameters: GAD=1 vflib=1 dir=0 label=0 lowerbound=1 fileNameGp=../../cp2016-max-common-connected-subgraph-paper/datasets/graphsdb/mcs50/m4D/m4D/mcs50_m4D_s30.A02 fileNameGt=../../cp2016-max-common-connected-subgraph-paper/datasets/graphsdb/mcs50/m4D/m4D/mcs50_m4D_s30.B02
Reading graphs...
30 :  55
30 :  55
Initializing...
maxdom : 30
D->valSize : 900
Solving...
Blb : 5 (clique : 17)
currentSize : 17 <-- 0.011182 s
currentSize : 18 <-- 0.011336 s
currentSize : 19 <-- 0.016268 s
currentSize : 20 <-- 0.273123 s
currentSize : 21 <-- 0.273613 s
currentSize : 22 <-- 1.704313 s
currentSize : 23 <-- 25.345327 s

maxsize : 23
nodes : 1424314.000000
filtered : 100909600.000000
time : 87.033989
