Parameters: GAD=1 vflib=1 dir=0 label=0 lowerbound=1 fileNameGp=../../cp2016-max-common-connected-subgraph-paper/datasets/graphsdb/mcs50/m2D/m2Dr6/mcs50_m2Dr6_s50.A08 fileNameGt=../../cp2016-max-common-connected-subgraph-paper/datasets/graphsdb/mcs50/m2D/m2Dr6/mcs50_m2Dr6_s50.B08
Reading graphs...
50 :  113
50 :  112
Initializing...
maxdom : 50
D->valSize : 2500
Solving...
Blb : 2 (clique : 24)
currentSize : 24 <-- 0.095062 s
currentSize : 25 <-- 0.095483 s
currentSize : 26 <-- 0.095617 s
currentSize : 27 <-- 0.096247 s
currentSize : 28 <-- 0.120265 s
currentSize : 29 <-- 0.338893 s
currentSize : 30 <-- 0.588032 s
currentSize : 31 <-- 178.126846 s

TIMEOUT
maxsize : 31
nodes : 34178590.000000
filtered : 1432435190.000000
time : 1000.000000
