Parameters: GAD=1 vflib=1 dir=0 label=0 lowerbound=1 fileNameGp=../../cp2016-max-common-connected-subgraph-paper/datasets/graphsdb/mcs50/m2D/m2Dr6/mcs50_m2Dr6_s50.A09 fileNameGt=../../cp2016-max-common-connected-subgraph-paper/datasets/graphsdb/mcs50/m2D/m2Dr6/mcs50_m2Dr6_s50.B09
Reading graphs...
50 :  112
50 :  111
Initializing...
maxdom : 50
D->valSize : 2500
Solving...
Blb : 2 (clique : 25)
currentSize : 25 <-- 0.097031 s
currentSize : 26 <-- 0.097418 s
currentSize : 27 <-- 0.099937 s
currentSize : 28 <-- 0.101385 s
currentSize : 29 <-- 29.888151 s
currentSize : 30 <-- 55.665691 s
currentSize : 31 <-- 56.939171 s

TIMEOUT
maxsize : 31
nodes : 14635648.000000
filtered : 1101996128.000000
time : 1000.000061
