Parameters: GAD=1 vflib=1 dir=0 label=0 lowerbound=1 fileNameGp=../../cp2016-max-common-connected-subgraph-paper/datasets/graphsdb/mcs50/bvg/b09/mcs50_b09_s30.A07 fileNameGt=../../cp2016-max-common-connected-subgraph-paper/datasets/graphsdb/mcs50/bvg/b09/mcs50_b09_s30.B07
Reading graphs...
30 :  129
30 :  131
Initializing...
maxdom : 30
D->valSize : 900
Solving...
Blb : 2 (clique : 11)
currentSize : 11 <-- 0.009921 s
currentSize : 12 <-- 0.010133 s
currentSize : 13 <-- 0.010234 s
currentSize : 14 <-- 0.012481 s
currentSize : 15 <-- 0.049066 s
currentSize : 16 <-- 0.109695 s

maxsize : 16
nodes : 22075683.000000
filtered : 546759796.000000
time : 155.382645
