Parameters: GAD=1 vflib=1 dir=0 label=0 lowerbound=1 fileNameGp=../../cp2016-max-common-connected-subgraph-paper/datasets/graphsdb/mcs50/m4D/m4Dr6/mcs50_m4Dr6_s30.A07 fileNameGt=../../cp2016-max-common-connected-subgraph-paper/datasets/graphsdb/mcs50/m4D/m4Dr6/mcs50_m4Dr6_s30.B07
Reading graphs...
30 :  69
30 :  70
Initializing...
maxdom : 30
D->valSize : 900
Solving...
Blb : 2 (clique : 15)
currentSize : 15 <-- 0.010781 s
currentSize : 16 <-- 0.011136 s
currentSize : 17 <-- 0.011694 s
currentSize : 18 <-- 0.022799 s
currentSize : 19 <-- 0.088332 s
currentSize : 20 <-- 1.206680 s

maxsize : 20
nodes : 16173391.000000
filtered : 705144471.000000
time : 404.233398
