Parameters: GAD=1 vflib=1 dir=0 label=0 lowerbound=1 fileNameGp=../../cp2016-max-common-connected-subgraph-paper/datasets/graphsdb/mcs50/m4D/m4D/mcs50_m4D_s35.A00 fileNameGt=../../cp2016-max-common-connected-subgraph-paper/datasets/graphsdb/mcs50/m4D/m4D/mcs50_m4D_s35.B00
Reading graphs...
35 :  63
35 :  63
Initializing...
maxdom : 35
D->valSize : 1225
Solving...
Blb : 2 (clique : 20)
currentSize : 20 <-- 0.020910 s
currentSize : 21 <-- 0.021087 s
currentSize : 22 <-- 0.021194 s
currentSize : 23 <-- 0.027023 s
currentSize : 24 <-- 0.028600 s
currentSize : 25 <-- 0.406654 s
currentSize : 26 <-- 338.606873 s

TIMEOUT
maxsize : 26
nodes : 21327293.000000
filtered : 1461489305.000000
time : 1000.000061
