Parameters: GAD=1 vflib=1 dir=0 label=0 lowerbound=1 fileNameGp=../../cp2016-max-common-connected-subgraph-paper/datasets/graphsdb/mcs50/rand/r005/mcs50_r005_s40.A08 fileNameGt=../../cp2016-max-common-connected-subgraph-paper/datasets/graphsdb/mcs50/rand/r005/mcs50_r005_s40.B08
Reading graphs...
40 :  78
40 :  76
Initializing...
maxdom : 40
D->valSize : 1600
Solving...
Blb : 2 (clique : 21)
currentSize : 21 <-- 0.036008 s
currentSize : 22 <-- 0.036253 s
currentSize : 23 <-- 0.036359 s
currentSize : 24 <-- 0.036643 s
currentSize : 25 <-- 0.331113 s
currentSize : 26 <-- 5.465344 s
currentSize : 27 <-- 173.687881 s

TIMEOUT
maxsize : 27
nodes : 18690166.000000
filtered : 1106979004.000000
time : 1000.000366
