Parameters: GAD=1 vflib=1 dir=0 label=0 lowerbound=1 fileNameGp=../../cp2016-max-common-connected-subgraph-paper/datasets/graphsdb/mcs50/bvg/b09/mcs50_b09_s40.A08 fileNameGt=../../cp2016-max-common-connected-subgraph-paper/datasets/graphsdb/mcs50/bvg/b09/mcs50_b09_s40.B08
Reading graphs...
40 :  174
40 :  174
Initializing...
maxdom : 40
D->valSize : 1600
Solving...
Blb : 2 (clique : 14)
currentSize : 14 <-- 0.032118 s
currentSize : 15 <-- 0.032358 s
currentSize : 16 <-- 0.032401 s
currentSize : 17 <-- 0.037171 s
currentSize : 18 <-- 0.041862 s
currentSize : 19 <-- 8.372625 s
currentSize : 20 <-- 8.559215 s
currentSize : 21 <-- 291.843750 s
currentSize : 22 <-- 298.497406 s

TIMEOUT
maxsize : 22
nodes : 102862143.000000
filtered : 4048415267.000000
time : 1000.000183
