Parameters: GAD=1 vflib=1 dir=0 label=0 lowerbound=1 fileNameGp=../../cp2016-max-common-connected-subgraph-paper/datasets/graphsdb/mcs50/m4D/m4Dr4/mcs50_m4Dr4_s40.A02 fileNameGt=../../cp2016-max-common-connected-subgraph-paper/datasets/graphsdb/mcs50/m4D/m4Dr4/mcs50_m4Dr4_s40.B02
Reading graphs...
40 :  86
40 :  82
Initializing...
maxdom : 40
D->valSize : 1600
Solving...
Blb : 2 (clique : 22)
currentSize : 22 <-- 0.036380 s
currentSize : 23 <-- 0.051267 s
currentSize : 24 <-- 0.113691 s
currentSize : 25 <-- 0.154404 s
currentSize : 26 <-- 1.484754 s
currentSize : 27 <-- 130.572159 s

TIMEOUT
maxsize : 27
nodes : 31720201.000000
filtered : 2041706362.000000
time : 1000.000061
