Parameters: GAD=1 vflib=1 dir=0 label=0 lowerbound=1 fileNameGp=../../cp2016-max-common-connected-subgraph-paper/datasets/graphsdb/mcs50/m4D/m4D/mcs50_m4D_s35.A09 fileNameGt=../../cp2016-max-common-connected-subgraph-paper/datasets/graphsdb/mcs50/m4D/m4D/mcs50_m4D_s35.B09
Reading graphs...
35 :  62
35 :  63
Initializing...
maxdom : 35
D->valSize : 1225
Solving...
Blb : 2 (clique : 20)
currentSize : 20 <-- 0.021030 s
currentSize : 21 <-- 0.041847 s
currentSize : 22 <-- 0.061120 s
currentSize : 23 <-- 0.938545 s
currentSize : 24 <-- 17.726847 s
currentSize : 25 <-- 200.459641 s
currentSize : 26 <-- 234.632050 s

TIMEOUT
maxsize : 26
nodes : 18857157.000000
filtered : 1392616527.000000
time : 1000.000122
