Parameters: GAD=1 vflib=1 dir=0 label=0 lowerbound=1 fileNameGp=../../cp2016-max-common-connected-subgraph-paper/datasets/graphsdb/mcs50/rand/r01/mcs50_r01_s35.A05 fileNameGt=../../cp2016-max-common-connected-subgraph-paper/datasets/graphsdb/mcs50/rand/r01/mcs50_r01_s35.B05
Reading graphs...
35 :  112
35 :  111
Initializing...
maxdom : 35
D->valSize : 1225
Solving...
Blb : 2 (clique : 15)
currentSize : 15 <-- 0.019226 s
currentSize : 16 <-- 0.019379 s
currentSize : 17 <-- 0.025185 s
currentSize : 18 <-- 0.026861 s
currentSize : 19 <-- 1.660851 s
currentSize : 20 <-- 183.572128 s

TIMEOUT
maxsize : 20
nodes : 71196794.000000
filtered : 2520132565.000000
time : 1000.000000
