Parameters: GAD=1 vflib=1 dir=0 label=0 lowerbound=1 fileNameGp=../../cp2016-max-common-connected-subgraph-paper/datasets/graphsdb/mcs50/m3D/m3Dr4/mcs50_m3Dr4_s50.A09 fileNameGt=../../cp2016-max-common-connected-subgraph-paper/datasets/graphsdb/mcs50/m3D/m3Dr4/mcs50_m3Dr4_s50.B09
Reading graphs...
50 :  126
50 :  125
Initializing...
maxdom : 50
D->valSize : 2500
Solving...
Blb : 2 (clique : 24)
currentSize : 24 <-- 0.093920 s
currentSize : 25 <-- 0.094964 s
currentSize : 26 <-- 0.135487 s
currentSize : 27 <-- 0.138037 s
currentSize : 28 <-- 3.677206 s
currentSize : 29 <-- 6.740779 s
currentSize : 30 <-- 148.317627 s

TIMEOUT
maxsize : 30
nodes : 25941002.000000
filtered : 1355231150.000000
time : 1000.000061
