Parameters: GAD=1 vflib=1 dir=0 label=0 lowerbound=1 fileNameGp=../../cp2016-max-common-connected-subgraph-paper/datasets/graphsdb/mcs50/bvg/b09m/mcs50_b09m_s50.A05 fileNameGt=../../cp2016-max-common-connected-subgraph-paper/datasets/graphsdb/mcs50/bvg/b09m/mcs50_b09m_s50.B05
Reading graphs...
50 :  217
50 :  213
Initializing...
maxdom : 50
D->valSize : 2500
Solving...
Blb : 2 (clique : 18)
currentSize : 18 <-- 0.086769 s
currentSize : 19 <-- 0.087380 s
currentSize : 20 <-- 0.087650 s
currentSize : 21 <-- 0.117132 s
currentSize : 22 <-- 0.731528 s
currentSize : 23 <-- 6.948751 s
currentSize : 24 <-- 7.245356 s

TIMEOUT
maxsize : 24
nodes : 77453507.000000
filtered : 2664237839.000000
time : 1000.000427
