Parameters: GAD=1 vflib=1 dir=0 label=0 lowerbound=1 fileNameGp=../../cp2016-max-common-connected-subgraph-paper/datasets/graphsdb/mcs50/bvg/b03/mcs50_b03_s50.A00 fileNameGt=../../cp2016-max-common-connected-subgraph-paper/datasets/graphsdb/mcs50/bvg/b03/mcs50_b03_s50.B00
Reading graphs...
50 :  75
50 :  74
Initializing...
maxdom : 50
D->valSize : 2500
Solving...
Blb : 5 (clique : 30)
currentSize : 30 <-- 0.098905 s
currentSize : 31 <-- 0.099310 s
currentSize : 32 <-- 0.099372 s
currentSize : 33 <-- 0.100255 s
currentSize : 34 <-- 11.735493 s
currentSize : 35 <-- 20.825727 s
currentSize : 36 <-- 113.613655 s
currentSize : 37 <-- 152.996323 s

TIMEOUT
maxsize : 37
nodes : 23486036.000000
filtered : 1294779650.000000
time : 1000.000061
