Parameters: GAD=1 vflib=1 dir=0 label=0 lowerbound=1 fileNameGp=../../cp2016-max-common-connected-subgraph-paper/datasets/graphsdb/mcs50/m2D/m2Dr2/mcs50_m2Dr2_s30.A01 fileNameGt=../../cp2016-max-common-connected-subgraph-paper/datasets/graphsdb/mcs50/m2D/m2Dr2/mcs50_m2Dr2_s30.B01
Reading graphs...
30 :  55
30 :  53
Initializing...
maxdom : 30
D->valSize : 900
Solving...
Blb : 5 (clique : 17)
currentSize : 17 <-- 0.011167 s
currentSize : 18 <-- 0.011405 s
currentSize : 19 <-- 0.012819 s
currentSize : 20 <-- 0.019546 s
currentSize : 21 <-- 0.137616 s
currentSize : 22 <-- 5.017347 s

maxsize : 22
nodes : 3149750.000000
filtered : 213325011.000000
time : 133.122101
