Parameters: GAD=1 vflib=1 dir=0 label=0 lowerbound=1 fileNameGp=../../cp2016-max-common-connected-subgraph-paper/datasets/graphsdb/mcs50/bvg/b09/mcs50_b09_s35.A08 fileNameGt=../../cp2016-max-common-connected-subgraph-paper/datasets/graphsdb/mcs50/bvg/b09/mcs50_b09_s35.B08
Reading graphs...
35 :  156
35 :  155
Initializing...
maxdom : 35
D->valSize : 1225
Solving...
Blb : 2 (clique : 13)
currentSize : 13 <-- 0.018211 s
currentSize : 14 <-- 0.018379 s
currentSize : 15 <-- 0.019359 s
currentSize : 16 <-- 0.023192 s
currentSize : 17 <-- 0.221076 s
currentSize : 18 <-- 10.927567 s
currentSize : 19 <-- 133.462463 s

TIMEOUT
maxsize : 19
nodes : 122325813.000000
filtered : 3719532611.000000
time : 1000.000244
