Parameters: GAD=1 vflib=1 dir=0 label=0 lowerbound=1 fileNameGp=../../cp2016-max-common-connected-subgraph-paper/datasets/graphsdb/mcs50/bvg/b06/mcs50_b06_s50.A01 fileNameGt=../../cp2016-max-common-connected-subgraph-paper/datasets/graphsdb/mcs50/bvg/b06/mcs50_b06_s50.B01
Reading graphs...
50 :  148
50 :  149
Initializing...
maxdom : 50
D->valSize : 2500
Solving...
Blb : 2 (clique : 22)
currentSize : 22 <-- 0.092299 s
currentSize : 23 <-- 0.092639 s
currentSize : 24 <-- 0.092729 s
currentSize : 25 <-- 0.092818 s
currentSize : 26 <-- 0.094698 s
currentSize : 27 <-- 20.743578 s
currentSize : 28 <-- 84.658165 s
currentSize : 29 <-- 197.574356 s

TIMEOUT
maxsize : 29
nodes : 42224840.000000
filtered : 2015169568.000000
time : 1000.000793
