Parameters: GAD=1 vflib=1 dir=0 label=0 lowerbound=1 fileNameGp=../../cp2016-max-common-connected-subgraph-paper/datasets/graphsdb/mcs50/bvg/b03m/mcs50_b03m_s30.A00 fileNameGt=../../cp2016-max-common-connected-subgraph-paper/datasets/graphsdb/mcs50/bvg/b03m/mcs50_b03m_s30.B00
Reading graphs...
30 :  44
30 :  44
Initializing...
maxdom : 30
D->valSize : 900
Solving...
Blb : 5 (clique : 18)
currentSize : 18 <-- 0.011605 s
currentSize : 19 <-- 0.011806 s
currentSize : 20 <-- 0.012293 s
currentSize : 21 <-- 0.037344 s
currentSize : 22 <-- 0.162816 s
currentSize : 23 <-- 10.053921 s
currentSize : 24 <-- 54.524902 s

maxsize : 24
nodes : 1623584.000000
filtered : 94634353.000000
time : 72.949661
