Parameters: GAD=1 vflib=1 dir=0 label=0 lowerbound=1 fileNameGp=../../cp2016-max-common-connected-subgraph-paper/datasets/graphsdb/mcs50/m2D/m2D/mcs50_m2D_s40.A07 fileNameGt=../../cp2016-max-common-connected-subgraph-paper/datasets/graphsdb/mcs50/m2D/m2D/mcs50_m2D_s40.B07
Reading graphs...
40 :  65
40 :  67
Initializing...
maxdom : 40
D->valSize : 1600
Solving...
Blb : 2 (clique : 22)
currentSize : 22 <-- 0.036669 s
currentSize : 23 <-- 0.075760 s
currentSize : 24 <-- 0.154393 s
currentSize : 25 <-- 0.189135 s
currentSize : 26 <-- 0.190850 s
currentSize : 27 <-- 2.148182 s
currentSize : 28 <-- 4.248007 s
currentSize : 29 <-- 7.519046 s

TIMEOUT
maxsize : 29
nodes : 17006102.000000
filtered : 1238942320.000000
time : 1000.000061
