Parameters: GAD=1 vflib=1 dir=0 label=0 lowerbound=1 fileNameGp=../../cp2016-max-common-connected-subgraph-paper/datasets/graphsdb/mcs50/rand/r02/mcs50_r02_s35.A02 fileNameGt=../../cp2016-max-common-connected-subgraph-paper/datasets/graphsdb/mcs50/rand/r02/mcs50_r02_s35.B02
Reading graphs...
35 :  207
35 :  213
Initializing...
maxdom : 35
D->valSize : 1225
Solving...
Blb : 2 (clique : 10)
currentSize : 10 <-- 0.017489 s
currentSize : 11 <-- 0.017623 s
currentSize : 12 <-- 0.017773 s
currentSize : 13 <-- 0.018759 s
currentSize : 14 <-- 0.035107 s
currentSize : 15 <-- 2.505747 s

TIMEOUT
maxsize : 15
nodes : 230386186.000000
filtered : 2859833180.000000
time : 1000.000000
