Parameters: GAD=1 vflib=1 dir=0 label=0 lowerbound=1 fileNameGp=../../cp2016-max-common-connected-subgraph-paper/datasets/graphsdb/mcs50/m2D/m2Dr4/mcs50_m2Dr4_s50.A09 fileNameGt=../../cp2016-max-common-connected-subgraph-paper/datasets/graphsdb/mcs50/m2D/m2Dr4/mcs50_m2Dr4_s50.B09
Reading graphs...
50 :  104
50 :  102
Initializing...
maxdom : 50
D->valSize : 2500
Solving...
Blb : 2 (clique : 25)
currentSize : 25 <-- 0.096535 s
currentSize : 27 <-- 0.096872 s
currentSize : 28 <-- 0.097074 s
currentSize : 29 <-- 0.098581 s
currentSize : 30 <-- 0.148417 s
currentSize : 31 <-- 298.332581 s
currentSize : 32 <-- 854.271545 s

TIMEOUT
maxsize : 32
nodes : 14085362.000000
filtered : 987138698.000000
time : 1000.000427
