Parameters: GAD=1 vflib=1 dir=0 label=0 lowerbound=1 fileNameGp=../../cp2016-max-common-connected-subgraph-paper/datasets/graphsdb/mcs50/rand/r005/mcs50_r005_s50.A08 fileNameGt=../../cp2016-max-common-connected-subgraph-paper/datasets/graphsdb/mcs50/rand/r005/mcs50_r005_s50.B08
Reading graphs...
50 :  120
50 :  118
Initializing...
maxdom : 50
D->valSize : 2500
Solving...
Blb : 2 (clique : 26)
currentSize : 26 <-- 0.114101 s
currentSize : 27 <-- 0.114793 s
currentSize : 28 <-- 0.117027 s
currentSize : 29 <-- 0.120615 s
currentSize : 30 <-- 15.397969 s
currentSize : 31 <-- 157.395218 s

TIMEOUT
maxsize : 31
nodes : 17905999.000000
filtered : 1201336429.000000
time : 1000.000122
