Parameters: GAD=1 vflib=1 dir=0 label=0 lowerbound=1 fileNameGp=../../cp2016-max-common-connected-subgraph-paper/datasets/graphsdb/mcs50/bvg/b09/mcs50_b09_s30.A06 fileNameGt=../../cp2016-max-common-connected-subgraph-paper/datasets/graphsdb/mcs50/bvg/b09/mcs50_b09_s30.B06
Reading graphs...
30 :  130
30 :  130
Initializing...
maxdom : 30
D->valSize : 900
Solving...
Blb : 2 (clique : 12)
currentSize : 12 <-- 0.009681 s
currentSize : 13 <-- 0.009857 s
currentSize : 14 <-- 0.011731 s
currentSize : 15 <-- 0.253913 s
currentSize : 16 <-- 0.259529 s
currentSize : 17 <-- 4.533915 s

maxsize : 17
nodes : 12370587.000000
filtered : 292163153.000000
time : 80.553040
