Parameters: GAD=1 vflib=1 dir=0 label=0 lowerbound=1 fileNameGp=../../cp2016-max-common-connected-subgraph-paper/datasets/graphsdb/mcs50/m4D/m4Dr2/mcs50_m4Dr2_s35.A00 fileNameGt=../../cp2016-max-common-connected-subgraph-paper/datasets/graphsdb/mcs50/m4D/m4Dr2/mcs50_m4Dr2_s35.B00
Reading graphs...
35 :  68
35 :  68
Initializing...
maxdom : 35
D->valSize : 1225
Solving...
Blb : 2 (clique : 19)
currentSize : 19 <-- 0.021004 s
currentSize : 20 <-- 0.021907 s
currentSize : 21 <-- 0.027260 s
currentSize : 22 <-- 0.050126 s
currentSize : 23 <-- 0.186567 s
currentSize : 24 <-- 3.277352 s
currentSize : 25 <-- 122.018456 s

TIMEOUT
maxsize : 25
nodes : 20505834.000000
filtered : 1340520135.000000
time : 1000.000366
