Parameters: GAD=1 vflib=1 dir=0 label=0 lowerbound=1 fileNameGp=../../cp2016-max-common-connected-subgraph-paper/datasets/graphsdb/mcs50/bvg/b09m/mcs50_b09m_s30.A08 fileNameGt=../../cp2016-max-common-connected-subgraph-paper/datasets/graphsdb/mcs50/bvg/b09m/mcs50_b09m_s30.B08
Reading graphs...
30 :  128
30 :  126
Initializing...
maxdom : 30
D->valSize : 900
Solving...
Blb : 2 (clique : 11)
currentSize : 11 <-- 0.009894 s
currentSize : 12 <-- 0.009983 s
currentSize : 13 <-- 0.010036 s
currentSize : 14 <-- 0.010283 s
currentSize : 15 <-- 2.851875 s
currentSize : 16 <-- 13.944586 s

maxsize : 16
nodes : 36740987.000000
filtered : 816078920.000000
time : 232.771835
