Parameters: GAD=1 vflib=1 dir=0 label=0 lowerbound=1 fileNameGp=../../cp2016-max-common-connected-subgraph-paper/datasets/graphsdb/mcs50/rand/r005/mcs50_r005_s30.A00 fileNameGt=../../cp2016-max-common-connected-subgraph-paper/datasets/graphsdb/mcs50/rand/r005/mcs50_r005_s30.B00
Reading graphs...
30 :  47
30 :  46
Initializing...
maxdom : 30
D->valSize : 900
Solving...
Blb : 2 (clique : 17)
currentSize : 17 <-- 0.011279 s
currentSize : 18 <-- 0.013638 s
currentSize : 19 <-- 0.014391 s
currentSize : 20 <-- 0.028321 s
currentSize : 21 <-- 1.495637 s
currentSize : 22 <-- 3.296893 s
currentSize : 23 <-- 540.760559 s

maxsize : 23
nodes : 13179205.000000
filtered : 787448896.000000
time : 542.389587
