Parameters: GAD=1 vflib=1 dir=0 label=0 lowerbound=1 fileNameGp=../../cp2016-max-common-connected-subgraph-paper/datasets/graphsdb/mcs50/m4D/m4Dr2/mcs50_m4Dr2_s30.A03 fileNameGt=../../cp2016-max-common-connected-subgraph-paper/datasets/graphsdb/mcs50/m4D/m4Dr2/mcs50_m4Dr2_s30.B03
Reading graphs...
30 :  61
30 :  59
Initializing...
maxdom : 30
D->valSize : 900
Solving...
Blb : 2 (clique : 15)
currentSize : 15 <-- 0.011206 s
currentSize : 16 <-- 0.011327 s
currentSize : 17 <-- 0.011431 s
currentSize : 18 <-- 0.011566 s
currentSize : 19 <-- 0.018020 s
currentSize : 20 <-- 2.670281 s
currentSize : 21 <-- 12.091587 s
currentSize : 22 <-- 48.099808 s

maxsize : 22
nodes : 3157733.000000
filtered : 191742080.000000
time : 149.087616
