Parameters: GAD=1 vflib=1 dir=0 label=0 lowerbound=1 fileNameGp=../../cp2016-max-common-connected-subgraph-paper/datasets/graphsdb/mcs50/m2D/m2Dr2/mcs50_m2Dr2_s50.A07 fileNameGt=../../cp2016-max-common-connected-subgraph-paper/datasets/graphsdb/mcs50/m2D/m2Dr2/mcs50_m2Dr2_s50.B07
Reading graphs...
50 :  94
50 :  95
Initializing...
maxdom : 50
D->valSize : 2500
Solving...
Blb : 2 (clique : 27)
currentSize : 27 <-- 0.152540 s
currentSize : 28 <-- 0.152905 s
currentSize : 29 <-- 0.155100 s
currentSize : 30 <-- 0.162540 s
currentSize : 31 <-- 0.180630 s
currentSize : 32 <-- 0.234984 s
currentSize : 33 <-- 53.759319 s
currentSize : 34 <-- 315.382782 s

TIMEOUT
maxsize : 34
nodes : 15035924.000000
filtered : 970303854.000000
time : 1000.000000
