Parameters: GAD=1 vflib=1 dir=0 label=0 lowerbound=1 fileNameGp=../../cp2016-max-common-connected-subgraph-paper/datasets/graphsdb/mcs50/m4D/m4Dr4/mcs50_m4Dr4_s30.A00 fileNameGt=../../cp2016-max-common-connected-subgraph-paper/datasets/graphsdb/mcs50/m4D/m4Dr4/mcs50_m4Dr4_s30.B00
Reading graphs...
30 :  65
30 :  64
Initializing...
maxdom : 30
D->valSize : 900
Solving...
Blb : 2 (clique : 15)
currentSize : 15 <-- 0.011067 s
currentSize : 16 <-- 0.011199 s
currentSize : 17 <-- 0.011235 s
currentSize : 18 <-- 0.135282 s
currentSize : 19 <-- 0.202058 s
currentSize : 20 <-- 0.758697 s

maxsize : 20
nodes : 32069136.000000
filtered : 1545491513.000000
time : 818.601379
