Parameters: GAD=1 vflib=1 dir=0 label=0 lowerbound=1 fileNameGp=../../cp2016-max-common-connected-subgraph-paper/datasets/graphsdb/mcs50/m3D/m3Dr6/mcs50_m3Dr6_s50.A08 fileNameGt=../../cp2016-max-common-connected-subgraph-paper/datasets/graphsdb/mcs50/m3D/m3Dr6/mcs50_m3Dr6_s50.B08
Reading graphs...
50 :  135
50 :  133
Initializing...
maxdom : 50
D->valSize : 2500
Solving...
Blb : 5 (clique : 22)
currentSize : 22 <-- 0.123412 s
currentSize : 23 <-- 0.123741 s
currentSize : 24 <-- 0.123902 s
currentSize : 25 <-- 0.124091 s
currentSize : 26 <-- 0.127061 s
currentSize : 27 <-- 0.135407 s
currentSize : 28 <-- 3.648013 s
currentSize : 29 <-- 74.513901 s
currentSize : 30 <-- 131.370285 s

TIMEOUT
maxsize : 30
nodes : 35640081.000000
filtered : 1498338355.000000
time : 1000.000000
