Parameters: GAD=1 vflib=1 dir=0 label=0 lowerbound=1 fileNameGp=../../cp2016-max-common-connected-subgraph-paper/datasets/graphsdb/mcs50/m2D/m2Dr6/mcs50_m2Dr6_s30.A06 fileNameGt=../../cp2016-max-common-connected-subgraph-paper/datasets/graphsdb/mcs50/m2D/m2Dr6/mcs50_m2Dr6_s30.B06
Reading graphs...
30 :  65
30 :  64
Initializing...
maxdom : 30
D->valSize : 900
Solving...
Blb : 2 (clique : 15)
currentSize : 15 <-- 0.019442 s
currentSize : 16 <-- 0.019654 s
currentSize : 17 <-- 0.020162 s
currentSize : 18 <-- 0.024614 s
currentSize : 19 <-- 0.054601 s
currentSize : 20 <-- 2.517425 s

maxsize : 20
nodes : 12251680.000000
filtered : 543338863.000000
time : 306.244965
