Parameters: GAD=1 vflib=1 dir=0 label=0 lowerbound=1 fileNameGp=../../cp2016-max-common-connected-subgraph-paper/datasets/graphsdb/mcs50/m2D/m2Dr4/mcs50_m2Dr4_s30.A09 fileNameGt=../../cp2016-max-common-connected-subgraph-paper/datasets/graphsdb/mcs50/m2D/m2Dr4/mcs50_m2Dr4_s30.B09
Reading graphs...
30 :  61
30 :  61
Initializing...
maxdom : 30
D->valSize : 900
Solving...
Blb : 2 (clique : 16)
currentSize : 16 <-- 0.010968 s
currentSize : 17 <-- 0.011096 s
currentSize : 18 <-- 0.011151 s
currentSize : 19 <-- 0.027240 s
currentSize : 20 <-- 0.447085 s
currentSize : 21 <-- 7.852652 s

maxsize : 21
nodes : 5402620.000000
filtered : 236799500.000000
time : 139.892654
