Parameters: GAD=1 vflib=1 dir=0 label=0 lowerbound=1 fileNameGp=../../cp2016-max-common-connected-subgraph-paper/datasets/graphsdb/mcs50/m3D/m3Dr4/mcs50_m3Dr4_s50.A08 fileNameGt=../../cp2016-max-common-connected-subgraph-paper/datasets/graphsdb/mcs50/m3D/m3Dr4/mcs50_m3Dr4_s50.B08
Reading graphs...
50 :  129
50 :  128
Initializing...
maxdom : 50
D->valSize : 2500
Solving...
Blb : 2 (clique : 23)
currentSize : 23 <-- 0.128175 s
currentSize : 24 <-- 0.128483 s
currentSize : 25 <-- 0.128750 s
currentSize : 26 <-- 0.130329 s
currentSize : 27 <-- 0.140066 s
currentSize : 28 <-- 0.165183 s
currentSize : 29 <-- 0.970663 s
currentSize : 30 <-- 61.944660 s

TIMEOUT
maxsize : 30
nodes : 44007450.000000
filtered : 1737183890.000000
time : 1000.000122
