Parameters: GAD=1 vflib=1 dir=0 label=0 lowerbound=1 fileNameGp=../../cp2016-max-common-connected-subgraph-paper/datasets/graphsdb/mcs50/m3D/m3Dr6/mcs50_m3Dr6_s50.A03 fileNameGt=../../cp2016-max-common-connected-subgraph-paper/datasets/graphsdb/mcs50/m3D/m3Dr6/mcs50_m3Dr6_s50.B03
Reading graphs...
50 :  135
50 :  136
Initializing...
maxdom : 50
D->valSize : 2500
Solving...
Blb : 2 (clique : 23)
currentSize : 23 <-- 0.093087 s
currentSize : 24 <-- 0.094331 s
currentSize : 25 <-- 0.094488 s
currentSize : 26 <-- 0.097646 s
currentSize : 27 <-- 0.101083 s
currentSize : 28 <-- 38.431160 s
currentSize : 29 <-- 810.749146 s

TIMEOUT
maxsize : 29
nodes : 28910121.000000
filtered : 1375830868.000000
time : 1000.000061
