Parameters: GAD=1 vflib=1 dir=0 label=0 lowerbound=1 fileNameGp=../../cp2016-max-common-connected-subgraph-paper/datasets/graphsdb/mcs50/bvg/b09/mcs50_b09_s30.A08 fileNameGt=../../cp2016-max-common-connected-subgraph-paper/datasets/graphsdb/mcs50/bvg/b09/mcs50_b09_s30.B08
Reading graphs...
30 :  133
30 :  129
Initializing...
maxdom : 30
D->valSize : 900
Solving...
Blb : 2 (clique : 11)
currentSize : 11 <-- 0.009832 s
currentSize : 12 <-- 0.010018 s
currentSize : 13 <-- 0.011307 s
currentSize : 14 <-- 0.023523 s
currentSize : 15 <-- 0.139257 s
currentSize : 16 <-- 0.249191 s
currentSize : 17 <-- 0.435022 s

maxsize : 17
nodes : 8789569.000000
filtered : 247732436.000000
time : 62.996773
