Parameters: GAD=1 vflib=1 dir=0 label=0 lowerbound=1 fileNameGp=../../cp2016-max-common-connected-subgraph-paper/datasets/graphsdb/mcs50/rand/r01/mcs50_r01_s30.A03 fileNameGt=../../cp2016-max-common-connected-subgraph-paper/datasets/graphsdb/mcs50/rand/r01/mcs50_r01_s30.B03
Reading graphs...
30 :  82
30 :  83
Initializing...
maxdom : 30
D->valSize : 900
Solving...
Blb : 2 (clique : 14)
currentSize : 14 <-- 0.010445 s
currentSize : 15 <-- 0.010976 s
currentSize : 16 <-- 0.012434 s
currentSize : 17 <-- 0.130717 s
currentSize : 18 <-- 0.295538 s
currentSize : 19 <-- 251.598907 s

maxsize : 19
nodes : 46565472.000000
filtered : 1688872333.000000
time : 565.870850
