Parameters: GAD=1 vflib=1 dir=0 label=0 lowerbound=1 fileNameGp=../../cp2016-max-common-connected-subgraph-paper/datasets/graphsdb/mcs50/m2D/m2Dr4/mcs50_m2Dr4_s40.A00 fileNameGt=../../cp2016-max-common-connected-subgraph-paper/datasets/graphsdb/mcs50/m2D/m2Dr4/mcs50_m2Dr4_s40.B00
Reading graphs...
40 :  81
40 :  81
Initializing...
maxdom : 40
D->valSize : 1600
Solving...
Blb : 2 (clique : 20)
currentSize : 20 <-- 0.035873 s
currentSize : 22 <-- 0.036078 s
currentSize : 23 <-- 0.036109 s
currentSize : 24 <-- 0.036660 s
currentSize : 25 <-- 0.037499 s
currentSize : 26 <-- 4.182319 s
currentSize : 27 <-- 252.798660 s

TIMEOUT
maxsize : 27
nodes : 29339326.000000
filtered : 1295970164.000000
time : 1000.000183
