Parameters: GAD=1 vflib=1 dir=0 label=0 lowerbound=1 fileNameGp=../../cp2016-max-common-connected-subgraph-paper/datasets/graphsdb/mcs50/m4D/m4Dr2/mcs50_m4Dr2_s40.A07 fileNameGt=../../cp2016-max-common-connected-subgraph-paper/datasets/graphsdb/mcs50/m4D/m4Dr2/mcs50_m4Dr2_s40.B07
Reading graphs...
40 :  78
40 :  79
Initializing...
maxdom : 40
D->valSize : 1600
Solving...
Blb : 2 (clique : 23)
currentSize : 23 <-- 0.058000 s
currentSize : 24 <-- 0.225806 s
currentSize : 25 <-- 0.226547 s
currentSize : 26 <-- 0.304008 s
currentSize : 27 <-- 0.706278 s
currentSize : 28 <-- 0.856074 s
currentSize : 29 <-- 426.733917 s

TIMEOUT
maxsize : 29
nodes : 8318971.000000
filtered : 640709152.000000
time : 1000.000732
