Parameters: GAD=1 vflib=1 dir=0 label=0 lowerbound=1 fileNameGp=../../cp2016-max-common-connected-subgraph-paper/datasets/graphsdb/mcs50/m4D/m4Dr4/mcs50_m4Dr4_s40.A09 fileNameGt=../../cp2016-max-common-connected-subgraph-paper/datasets/graphsdb/mcs50/m4D/m4Dr4/mcs50_m4Dr4_s40.B09
Reading graphs...
40 :  86
40 :  84
Initializing...
maxdom : 40
D->valSize : 1600
Solving...
Blb : 2 (clique : 22)
currentSize : 22 <-- 0.056900 s
currentSize : 23 <-- 0.112230 s
currentSize : 24 <-- 0.156473 s
currentSize : 25 <-- 0.532779 s
currentSize : 26 <-- 5.086111 s
currentSize : 27 <-- 573.137390 s

TIMEOUT
maxsize : 27
nodes : 34165972.000000
filtered : 1931874160.000000
time : 1000.000427
