Parameters: GAD=1 vflib=1 dir=0 label=0 lowerbound=1 fileNameGp=../../cp2016-max-common-connected-subgraph-paper/datasets/graphsdb/mcs50/m4D/m4D/mcs50_m4D_s40.A01 fileNameGt=../../cp2016-max-common-connected-subgraph-paper/datasets/graphsdb/mcs50/m4D/m4D/mcs50_m4D_s40.B01
Reading graphs...
40 :  71
40 :  69
Initializing...
maxdom : 40
D->valSize : 1600
Solving...
Blb : 2 (clique : 23)
currentSize : 23 <-- 0.057640 s
currentSize : 24 <-- 0.057908 s
currentSize : 25 <-- 0.058175 s
currentSize : 26 <-- 0.058369 s
currentSize : 27 <-- 0.328042 s
currentSize : 28 <-- 18.195267 s
currentSize : 29 <-- 833.918396 s

TIMEOUT
maxsize : 29
nodes : 15901923.000000
filtered : 1098259361.000000
time : 1000.000488
