Parameters: GAD=1 vflib=1 dir=0 label=0 lowerbound=1 fileNameGp=../../cp2016-max-common-connected-subgraph-paper/datasets/graphsdb/mcs50/m2D/m2Dr4/mcs50_m2Dr4_s40.A07 fileNameGt=../../cp2016-max-common-connected-subgraph-paper/datasets/graphsdb/mcs50/m2D/m2Dr4/mcs50_m2Dr4_s40.B07
Reading graphs...
40 :  81
40 :  79
Initializing...
maxdom : 40
D->valSize : 1600
Solving...
Blb : 2 (clique : 21)
currentSize : 21 <-- 0.058671 s
currentSize : 22 <-- 0.059717 s
currentSize : 23 <-- 0.127751 s
currentSize : 24 <-- 0.129039 s
currentSize : 25 <-- 0.626678 s
currentSize : 26 <-- 4.009685 s
currentSize : 27 <-- 5.035509 s

TIMEOUT
maxsize : 27
nodes : 24781021.000000
filtered : 1779714461.000000
time : 1000.000122
