Parameters: GAD=1 vflib=1 dir=0 label=0 lowerbound=1 fileNameGp=../../cp2016-max-common-connected-subgraph-paper/datasets/graphsdb/mcs50/m4D/m4Dr6/mcs50_m4Dr6_s35.A04 fileNameGt=../../cp2016-max-common-connected-subgraph-paper/datasets/graphsdb/mcs50/m4D/m4Dr6/mcs50_m4Dr6_s35.B04
Reading graphs...
35 :  80
35 :  79
Initializing...
maxdom : 35
D->valSize : 1225
Solving...
Blb : 2 (clique : 18)
currentSize : 18 <-- 0.035976 s
currentSize : 19 <-- 0.036248 s
currentSize : 20 <-- 0.036327 s
currentSize : 21 <-- 0.036837 s
currentSize : 22 <-- 0.069355 s
currentSize : 23 <-- 14.971923 s

TIMEOUT
maxsize : 23
nodes : 30248571.000000
filtered : 1842139561.000000
time : 1000.000061
