Parameters: GAD=1 vflib=1 dir=0 label=0 lowerbound=1 fileNameGp=../../cp2016-max-common-connected-subgraph-paper/datasets/graphsdb/mcs50/m2D/m2Dr4/mcs50_m2Dr4_s50.A05 fileNameGt=../../cp2016-max-common-connected-subgraph-paper/datasets/graphsdb/mcs50/m2D/m2Dr4/mcs50_m2Dr4_s50.B05
Reading graphs...
50 :  103
50 :  103
Initializing...
maxdom : 50
D->valSize : 2500
Solving...
Blb : 2 (clique : 27)
currentSize : 27 <-- 0.165676 s
currentSize : 28 <-- 0.166427 s
currentSize : 29 <-- 0.176630 s
currentSize : 30 <-- 0.209969 s
currentSize : 31 <-- 0.326135 s
currentSize : 32 <-- 4.264480 s
currentSize : 33 <-- 551.957031 s

TIMEOUT
maxsize : 33
nodes : 12738408.000000
filtered : 878996138.000000
time : 1000.000244
