Parameters: GAD=1 vflib=1 dir=0 label=0 lowerbound=1 fileNameGp=../../cp2016-max-common-connected-subgraph-paper/datasets/graphsdb/mcs50/m4D/m4Dr2/mcs50_m4Dr2_s30.A09 fileNameGt=../../cp2016-max-common-connected-subgraph-paper/datasets/graphsdb/mcs50/m4D/m4Dr2/mcs50_m4Dr2_s30.B09
Reading graphs...
30 :  60
30 :  60
Initializing...
maxdom : 30
D->valSize : 900
Solving...
Blb : 2 (clique : 17)
currentSize : 17 <-- 0.019644 s
currentSize : 18 <-- 0.020524 s
currentSize : 19 <-- 0.028902 s
currentSize : 20 <-- 0.198655 s
currentSize : 21 <-- 0.976582 s
currentSize : 22 <-- 27.779402 s

maxsize : 22
nodes : 1982601.000000
filtered : 104745355.000000
time : 53.611248
