Parameters: GAD=1 vflib=1 dir=0 label=0 lowerbound=1 fileNameGp=../../cp2016-max-common-connected-subgraph-paper/datasets/graphsdb/mcs50/m2D/m2Dr6/mcs50_m2Dr6_s50.A05 fileNameGt=../../cp2016-max-common-connected-subgraph-paper/datasets/graphsdb/mcs50/m2D/m2Dr6/mcs50_m2Dr6_s50.B05
Reading graphs...
50 :  113
50 :  113
Initializing...
maxdom : 50
D->valSize : 2500
Solving...
Blb : 2 (clique : 26)
currentSize : 26 <-- 0.095361 s
currentSize : 27 <-- 0.095720 s
currentSize : 28 <-- 0.095898 s
currentSize : 29 <-- 0.096961 s
currentSize : 30 <-- 0.219336 s
currentSize : 31 <-- 0.383450 s
currentSize : 32 <-- 0.740017 s

TIMEOUT
maxsize : 32
nodes : 14814912.000000
filtered : 1005433568.000000
time : 1000.000427
