Parameters: GAD=1 vflib=1 dir=0 label=0 lowerbound=1 fileNameGp=../../cp2016-max-common-connected-subgraph-paper/datasets/graphsdb/mcs50/m2D/m2Dr2/mcs50_m2Dr2_s50.A06 fileNameGt=../../cp2016-max-common-connected-subgraph-paper/datasets/graphsdb/mcs50/m2D/m2Dr2/mcs50_m2Dr2_s50.B06
Reading graphs...
50 :  95
50 :  94
Initializing...
maxdom : 50
D->valSize : 2500
Solving...
Blb : 2 (clique : 26)
currentSize : 26 <-- 0.099509 s
currentSize : 27 <-- 0.100563 s
currentSize : 28 <-- 0.102805 s
currentSize : 29 <-- 0.103975 s
currentSize : 30 <-- 0.156995 s
currentSize : 31 <-- 0.181031 s
currentSize : 32 <-- 0.375799 s
currentSize : 33 <-- 21.218128 s
currentSize : 34 <-- 24.131876 s

TIMEOUT
maxsize : 34
nodes : 12282508.000000
filtered : 997188907.000000
time : 1000.000183
