Parameters: GAD=1 vflib=1 dir=0 label=0 lowerbound=1 fileNameGp=../../cp2016-max-common-connected-subgraph-paper/datasets/graphsdb/mcs50/rand/r02/mcs50_r02_s30.A02 fileNameGt=../../cp2016-max-common-connected-subgraph-paper/datasets/graphsdb/mcs50/rand/r02/mcs50_r02_s30.B02
Reading graphs...
30 :  157
30 :  157
Initializing...
maxdom : 30
D->valSize : 900
Solving...
Blb : 5 (clique : 10)
currentSize : 10 <-- 0.009456 s
currentSize : 11 <-- 0.009557 s
currentSize : 12 <-- 0.009774 s
currentSize : 13 <-- 0.018922 s
currentSize : 14 <-- 0.695244 s
currentSize : 15 <-- 47.263920 s

maxsize : 15
nodes : 45887631.000000
filtered : 741695877.000000
time : 209.950470
