Parameters: GAD=1 vflib=1 dir=0 label=0 lowerbound=1 fileNameGp=../../cp2016-max-common-connected-subgraph-paper/datasets/graphsdb/mcs50/rand/r005/mcs50_r005_s30.A02 fileNameGt=../../cp2016-max-common-connected-subgraph-paper/datasets/graphsdb/mcs50/rand/r005/mcs50_r005_s30.B02
Reading graphs...
30 :  47
30 :  47
Initializing...
maxdom : 30
D->valSize : 900
Solving...
Blb : 2 (clique : 17)
currentSize : 17 <-- 0.011644 s
currentSize : 18 <-- 0.014341 s
currentSize : 19 <-- 0.019921 s
currentSize : 20 <-- 0.092903 s
currentSize : 21 <-- 0.452790 s
currentSize : 22 <-- 0.493247 s
currentSize : 23 <-- 0.507441 s

maxsize : 23
nodes : 737484.000000
filtered : 44926605.000000
time : 56.006592
