Parameters: GAD=1 vflib=1 dir=0 label=0 lowerbound=1 fileNameGp=../../cp2016-max-common-connected-subgraph-paper/datasets/graphsdb/mcs50/bvg/b03m/mcs50_b03m_s50.A01 fileNameGt=../../cp2016-max-common-connected-subgraph-paper/datasets/graphsdb/mcs50/bvg/b03m/mcs50_b03m_s50.B01
Reading graphs...
50 :  74
50 :  74
Initializing...
maxdom : 50
D->valSize : 2500
Solving...
Blb : 2 (clique : 30)
currentSize : 30 <-- 0.170481 s
currentSize : 31 <-- 0.171183 s
currentSize : 32 <-- 0.177906 s
currentSize : 33 <-- 0.206651 s
currentSize : 34 <-- 0.305083 s
currentSize : 35 <-- 0.424821 s

TIMEOUT
maxsize : 35
nodes : 14891170.000000
filtered : 871415657.000000
time : 1000.000061
