Parameters: GAD=1 vflib=1 dir=0 label=0 lowerbound=1 fileNameGp=../../cp2016-max-common-connected-subgraph-paper/datasets/graphsdb/mcs50/rand/r005/mcs50_r005_s40.A05 fileNameGt=../../cp2016-max-common-connected-subgraph-paper/datasets/graphsdb/mcs50/rand/r005/mcs50_r005_s40.B05
Reading graphs...
40 :  78
40 :  77
Initializing...
maxdom : 40
D->valSize : 1600
Solving...
Blb : 2 (clique : 20)
currentSize : 20 <-- 0.036099 s
currentSize : 22 <-- 0.036299 s
currentSize : 23 <-- 0.036449 s
currentSize : 24 <-- 0.041634 s
currentSize : 25 <-- 0.263293 s
currentSize : 26 <-- 0.263576 s
currentSize : 27 <-- 0.338270 s

TIMEOUT
maxsize : 27
nodes : 36943493.000000
filtered : 1433986005.000000
time : 1000.000061
