Parameters: GAD=1 vflib=1 dir=0 label=0 lowerbound=1 fileNameGp=../../cp2016-max-common-connected-subgraph-paper/datasets/graphsdb/mcs50/m4D/m4Dr4/mcs50_m4Dr4_s35.A04 fileNameGt=../../cp2016-max-common-connected-subgraph-paper/datasets/graphsdb/mcs50/m4D/m4Dr4/mcs50_m4Dr4_s35.B04
Reading graphs...
35 :  77
35 :  75
Initializing...
maxdom : 35
D->valSize : 1225
Solving...
Blb : 2 (clique : 18)
currentSize : 18 <-- 0.035783 s
currentSize : 19 <-- 0.037809 s
currentSize : 20 <-- 0.043863 s
currentSize : 21 <-- 0.067099 s
currentSize : 22 <-- 0.199616 s
currentSize : 23 <-- 2.125692 s
currentSize : 24 <-- 3.280127 s

TIMEOUT
maxsize : 24
nodes : 22025829.000000
filtered : 1382470311.000000
time : 1000.000305
