Parameters: GAD=1 vflib=1 dir=0 label=0 lowerbound=1 fileNameGp=../../cp2016-max-common-connected-subgraph-paper/datasets/graphsdb/mcs50/m2D/m2Dr4/mcs50_m2Dr4_s50.A08 fileNameGt=../../cp2016-max-common-connected-subgraph-paper/datasets/graphsdb/mcs50/m2D/m2Dr4/mcs50_m2Dr4_s50.B08
Reading graphs...
50 :  104
50 :  101
Initializing...
maxdom : 50
D->valSize : 2500
Solving...
Blb : 2 (clique : 26)
currentSize : 26 <-- 0.096059 s
currentSize : 27 <-- 0.096698 s
currentSize : 28 <-- 0.109443 s
currentSize : 29 <-- 0.111288 s
currentSize : 30 <-- 0.168071 s
currentSize : 31 <-- 0.185375 s
currentSize : 32 <-- 0.242125 s
currentSize : 33 <-- 0.907207 s

TIMEOUT
maxsize : 33
nodes : 17435284.000000
filtered : 1263037597.000000
time : 1000.000000
