Parameters: GAD=1 vflib=1 dir=0 label=0 lowerbound=1 fileNameGp=../../cp2016-max-common-connected-subgraph-paper/datasets/graphsdb/mcs50/bvg/b03m/mcs50_b03m_s40.A02 fileNameGt=../../cp2016-max-common-connected-subgraph-paper/datasets/graphsdb/mcs50/bvg/b03m/mcs50_b03m_s40.B02
Reading graphs...
40 :  60
40 :  60
Initializing...
maxdom : 40
D->valSize : 1600
Solving...
Blb : 2 (clique : 25)
currentSize : 25 <-- 0.061172 s
currentSize : 26 <-- 0.061442 s
currentSize : 27 <-- 0.062237 s
currentSize : 28 <-- 0.256814 s
currentSize : 29 <-- 0.308277 s
currentSize : 30 <-- 54.857971 s

TIMEOUT
maxsize : 30
nodes : 7518455.000000
filtered : 704128699.000000
time : 1000.000183
