Parameters: GAD=1 vflib=1 dir=0 label=0 lowerbound=1 fileNameGp=../../cp2016-max-common-connected-subgraph-paper/datasets/graphsdb/mcs50/bvg/b06/mcs50_b06_s40.A05 fileNameGt=../../cp2016-max-common-connected-subgraph-paper/datasets/graphsdb/mcs50/bvg/b06/mcs50_b06_s40.B05
Reading graphs...
40 :  117
40 :  118
Initializing...
maxdom : 40
D->valSize : 1600
Solving...
Blb : 2 (clique : 21)
currentSize : 21 <-- 0.059831 s
currentSize : 22 <-- 0.061277 s
currentSize : 23 <-- 0.372098 s
currentSize : 24 <-- 0.412740 s
currentSize : 25 <-- 80.680557 s
currentSize : 26 <-- 220.741440 s

TIMEOUT
maxsize : 26
nodes : 35858734.000000
filtered : 2167700708.000000
time : 1000.000061
