Parameters: GAD=1 vflib=1 dir=0 label=0 lowerbound=1 fileNameGp=../../cp2016-max-common-connected-subgraph-paper/datasets/graphsdb/mcs50/m4D/m4Dr2/mcs50_m4Dr2_s35.A09 fileNameGt=../../cp2016-max-common-connected-subgraph-paper/datasets/graphsdb/mcs50/m4D/m4Dr2/mcs50_m4Dr2_s35.B09
Reading graphs...
35 :  69
35 :  66
Initializing...
maxdom : 35
D->valSize : 1225
Solving...
Blb : 2 (clique : 18)
currentSize : 18 <-- 0.020676 s
currentSize : 19 <-- 0.021106 s
currentSize : 20 <-- 0.021229 s
currentSize : 21 <-- 0.022054 s
currentSize : 22 <-- 0.024776 s
currentSize : 23 <-- 0.059438 s
currentSize : 24 <-- 4.868283 s
currentSize : 25 <-- 217.273026 s

TIMEOUT
maxsize : 25
nodes : 16584754.000000
filtered : 1073998628.000000
time : 1000.000305
