Parameters: GAD=1 vflib=1 dir=0 label=0 lowerbound=1 fileNameGp=../../cp2016-max-common-connected-subgraph-paper/datasets/graphsdb/mcs50/m3D/m3D/mcs50_m3D_s50.A01 fileNameGt=../../cp2016-max-common-connected-subgraph-paper/datasets/graphsdb/mcs50/m3D/m3D/mcs50_m3D_s50.B01
Reading graphs...
50 :  109
50 :  108
Initializing...
maxdom : 50
D->valSize : 2500
Solving...
Blb : 2 (clique : 26)
currentSize : 26 <-- 0.096300 s
currentSize : 27 <-- 0.097438 s
currentSize : 28 <-- 0.098339 s
currentSize : 29 <-- 0.098479 s
currentSize : 30 <-- 0.099212 s
currentSize : 31 <-- 4.341657 s
currentSize : 32 <-- 47.333309 s

TIMEOUT
maxsize : 32
nodes : 16201781.000000
filtered : 1021508833.000000
time : 1000.000854
