Parameters: GAD=1 vflib=1 dir=0 label=0 lowerbound=1 fileNameGp=../../cp2016-max-common-connected-subgraph-paper/datasets/graphsdb/mcs50/m4D/m4Dr4/mcs50_m4Dr4_s30.A02 fileNameGt=../../cp2016-max-common-connected-subgraph-paper/datasets/graphsdb/mcs50/m4D/m4Dr4/mcs50_m4Dr4_s30.B02
Reading graphs...
30 :  66
30 :  63
Initializing...
maxdom : 30
D->valSize : 900
Solving...
Blb : 2 (clique : 15)
currentSize : 15 <-- 0.019356 s
currentSize : 16 <-- 0.019776 s
currentSize : 17 <-- 0.033702 s
currentSize : 18 <-- 0.048146 s
currentSize : 19 <-- 0.172314 s
currentSize : 20 <-- 18.728472 s
currentSize : 21 <-- 56.840946 s

maxsize : 21
nodes : 5095978.000000
filtered : 235507810.000000
time : 141.529846
