Parameters: GAD=1 vflib=1 dir=0 label=0 lowerbound=1 fileNameGp=../../cp2016-max-common-connected-subgraph-paper/datasets/graphsdb/mcs50/m3D/m3Dr4/mcs50_m3Dr4_s50.A04 fileNameGt=../../cp2016-max-common-connected-subgraph-paper/datasets/graphsdb/mcs50/m3D/m3Dr4/mcs50_m3Dr4_s50.B04
Reading graphs...
50 :  127
50 :  128
Initializing...
maxdom : 50
D->valSize : 2500
Solving...
Blb : 2 (clique : 25)
currentSize : 25 <-- 0.094785 s
currentSize : 26 <-- 0.108253 s
currentSize : 27 <-- 0.133026 s
currentSize : 28 <-- 0.241408 s
currentSize : 29 <-- 17.676004 s
currentSize : 30 <-- 788.400208 s

TIMEOUT
maxsize : 30
nodes : 42886803.000000
filtered : 1804836856.000000
time : 1000.000122
