Parameters: GAD=1 vflib=1 dir=0 label=0 lowerbound=1 fileNameGp=../../cp2016-max-common-connected-subgraph-paper/datasets/graphsdb/mcs50/bvg/b09/mcs50_b09_s30.A00 fileNameGt=../../cp2016-max-common-connected-subgraph-paper/datasets/graphsdb/mcs50/bvg/b09/mcs50_b09_s30.B00
Reading graphs...
30 :  131
30 :  134
Initializing...
maxdom : 30
D->valSize : 900
Solving...
Blb : 2 (clique : 11)
currentSize : 11 <-- 0.009669 s
currentSize : 12 <-- 0.009774 s
currentSize : 13 <-- 0.009961 s
currentSize : 14 <-- 0.013231 s
currentSize : 15 <-- 0.022244 s
currentSize : 16 <-- 85.858047 s

maxsize : 16
nodes : 43940147.000000
filtered : 1001706538.000000
time : 270.356232
