Parameters: GAD=1 vflib=1 dir=0 label=0 lowerbound=1 fileNameGp=../../cp2016-max-common-connected-subgraph-paper/datasets/graphsdb/mcs50/rand/r01/mcs50_r01_s35.A00 fileNameGt=../../cp2016-max-common-connected-subgraph-paper/datasets/graphsdb/mcs50/rand/r01/mcs50_r01_s35.B00
Reading graphs...
35 :  109
35 :  116
Initializing...
maxdom : 35
D->valSize : 1225
Solving...
Blb : 2 (clique : 15)
currentSize : 15 <-- 0.019320 s
currentSize : 16 <-- 0.020712 s
currentSize : 17 <-- 0.020988 s
currentSize : 18 <-- 0.107629 s
currentSize : 19 <-- 4.902449 s
currentSize : 20 <-- 132.426041 s

TIMEOUT
maxsize : 20
nodes : 108571861.000000
filtered : 2956630113.000000
time : 1000.000000
