Parameters: GAD=1 vflib=1 dir=0 label=0 lowerbound=1 fileNameGp=../../cp2016-max-common-connected-subgraph-paper/datasets/graphsdb/mcs50/bvg/b03m/mcs50_b03m_s35.A09 fileNameGt=../../cp2016-max-common-connected-subgraph-paper/datasets/graphsdb/mcs50/bvg/b03m/mcs50_b03m_s35.B09
Reading graphs...
35 :  52
35 :  52
Initializing...
maxdom : 35
D->valSize : 1225
Solving...
Blb : 2 (clique : 21)
currentSize : 21 <-- 0.021521 s
currentSize : 22 <-- 0.021708 s
currentSize : 23 <-- 0.021769 s
currentSize : 24 <-- 0.021995 s
currentSize : 25 <-- 0.176430 s
currentSize : 26 <-- 0.214829 s

TIMEOUT
maxsize : 26
nodes : 34592918.000000
filtered : 1754169448.000000
time : 1000.000427
