Parameters: GAD=1 vflib=1 dir=0 label=0 lowerbound=1 fileNameGp=../../cp2016-max-common-connected-subgraph-paper/datasets/graphsdb/mcs50/bvg/b09m/mcs50_b09m_s35.A00 fileNameGt=../../cp2016-max-common-connected-subgraph-paper/datasets/graphsdb/mcs50/bvg/b09m/mcs50_b09m_s35.B00
Reading graphs...
35 :  147
35 :  145
Initializing...
maxdom : 35
D->valSize : 1225
Solving...
Blb : 2 (clique : 13)
currentSize : 13 <-- 0.019480 s
currentSize : 14 <-- 0.022307 s
currentSize : 15 <-- 0.031091 s
currentSize : 16 <-- 0.063210 s
currentSize : 17 <-- 3.584458 s
currentSize : 18 <-- 15.469756 s
currentSize : 19 <-- 142.485992 s

TIMEOUT
maxsize : 19
nodes : 109225427.000000
filtered : 3205147817.000000
time : 1000.000000
