Parameters: GAD=1 vflib=1 dir=0 label=0 lowerbound=1 fileNameGp=../../cp2016-max-common-connected-subgraph-paper/datasets/graphsdb/mcs50/rand/r02/mcs50_r02_s50.A04 fileNameGt=../../cp2016-max-common-connected-subgraph-paper/datasets/graphsdb/mcs50/rand/r02/mcs50_r02_s50.B04
Reading graphs...
50 :  433
50 :  429
Initializing...
maxdom : 50
D->valSize : 2500
Solving...
Blb : 2 (clique : 12)
currentSize : 12 <-- 0.076263 s
currentSize : 13 <-- 0.076540 s
currentSize : 14 <-- 0.076652 s
currentSize : 15 <-- 0.076743 s
currentSize : 16 <-- 0.092782 s
currentSize : 17 <-- 10.390792 s

TIMEOUT
maxsize : 17
nodes : 215904572.000000
filtered : 2432077554.000000
time : 1000.000000
