Parameters: GAD=1 vflib=1 dir=0 label=0 lowerbound=1 fileNameGp=../../cp2016-max-common-connected-subgraph-paper/datasets/graphsdb/mcs50/m2D/m2D/mcs50_m2D_s50.A08 fileNameGt=../../cp2016-max-common-connected-subgraph-paper/datasets/graphsdb/mcs50/m2D/m2D/mcs50_m2D_s50.B08
Reading graphs...
50 :  83
50 :  85
Initializing...
maxdom : 50
D->valSize : 2500
Solving...
Blb : 2 (clique : 30)
currentSize : 30 <-- 0.098146 s
currentSize : 31 <-- 0.098571 s
currentSize : 32 <-- 0.098692 s
currentSize : 33 <-- 0.590736 s
currentSize : 34 <-- 75.472649 s
currentSize : 35 <-- 125.839546 s

TIMEOUT
maxsize : 35
nodes : 7019674.000000
filtered : 663949138.000000
time : 1000.000122
