Parameters: GAD=1 vflib=1 dir=0 label=0 lowerbound=1 fileNameGp=../../cp2016-max-common-connected-subgraph-paper/datasets/graphsdb/mcs50/rand/r005/mcs50_r005_s40.A00 fileNameGt=../../cp2016-max-common-connected-subgraph-paper/datasets/graphsdb/mcs50/rand/r005/mcs50_r005_s40.B00
Reading graphs...
40 :  77
40 :  78
Initializing...
maxdom : 40
D->valSize : 1600
Solving...
Blb : 2 (clique : 22)
currentSize : 22 <-- 0.036092 s
currentSize : 23 <-- 0.036610 s
currentSize : 24 <-- 0.057441 s
currentSize : 25 <-- 0.195451 s
currentSize : 26 <-- 1.584233 s
currentSize : 27 <-- 360.872955 s

TIMEOUT
maxsize : 27
nodes : 29115212.000000
filtered : 1652900452.000000
time : 1000.000061
