Parameters: GAD=1 vflib=1 dir=0 label=0 lowerbound=1 fileNameGp=../../cp2016-max-common-connected-subgraph-paper/datasets/graphsdb/mcs50/m2D/m2Dr4/mcs50_m2Dr4_s30.A00 fileNameGt=../../cp2016-max-common-connected-subgraph-paper/datasets/graphsdb/mcs50/m2D/m2Dr4/mcs50_m2Dr4_s30.B00
Reading graphs...
30 :  61
30 :  59
Initializing...
maxdom : 30
D->valSize : 900
Solving...
Blb : 2 (clique : 16)
currentSize : 16 <-- 0.011095 s
currentSize : 17 <-- 0.021796 s
currentSize : 18 <-- 0.030678 s
currentSize : 19 <-- 5.250010 s
currentSize : 20 <-- 7.705667 s
currentSize : 21 <-- 94.124832 s

maxsize : 21
nodes : 32317012.000000
filtered : 1820300357.000000
time : 840.994263
