Parameters: GAD=1 vflib=1 dir=0 label=0 lowerbound=1 fileNameGp=../../cp2016-max-common-connected-subgraph-paper/datasets/graphsdb/mcs50/rand/r01/mcs50_r01_s35.A09 fileNameGt=../../cp2016-max-common-connected-subgraph-paper/datasets/graphsdb/mcs50/rand/r01/mcs50_r01_s35.B09
Reading graphs...
35 :  114
35 :  112
Initializing...
maxdom : 35
D->valSize : 1225
Solving...
Blb : 2 (clique : 14)
currentSize : 14 <-- 0.033981 s
currentSize : 15 <-- 0.034458 s
currentSize : 16 <-- 0.036543 s
currentSize : 17 <-- 0.042859 s
currentSize : 18 <-- 0.207388 s
currentSize : 19 <-- 0.324960 s
currentSize : 20 <-- 50.852127 s

TIMEOUT
maxsize : 20
nodes : 103861236.000000
filtered : 3238822461.000000
time : 1000.000000
