Parameters: GAD=1 vflib=1 dir=0 label=0 lowerbound=1 fileNameGp=../../cp2016-max-common-connected-subgraph-paper/datasets/graphsdb/mcs50/bvg/b09m/mcs50_b09m_s35.A07 fileNameGt=../../cp2016-max-common-connected-subgraph-paper/datasets/graphsdb/mcs50/bvg/b09m/mcs50_b09m_s35.B07
Reading graphs...
35 :  148
35 :  148
Initializing...
maxdom : 35
D->valSize : 1225
Solving...
Blb : 5 (clique : 13)
currentSize : 13 <-- 0.026339 s
currentSize : 14 <-- 0.026521 s
currentSize : 15 <-- 0.026542 s
currentSize : 16 <-- 0.030742 s
currentSize : 17 <-- 0.841039 s
currentSize : 18 <-- 34.471874 s
currentSize : 19 <-- 493.645813 s

TIMEOUT
maxsize : 19
nodes : 122764181.000000
filtered : 3511778425.000000
time : 1000.000000
