Parameters: GAD=1 vflib=1 dir=0 label=0 lowerbound=1 fileNameGp=../../cp2016-max-common-connected-subgraph-paper/datasets/graphsdb/mcs50/m3D/m3D/mcs50_m3D_s50.A06 fileNameGt=../../cp2016-max-common-connected-subgraph-paper/datasets/graphsdb/mcs50/m3D/m3D/mcs50_m3D_s50.B06
Reading graphs...
50 :  109
50 :  109
Initializing...
maxdom : 50
D->valSize : 2500
Solving...
Blb : 2 (clique : 27)
currentSize : 27 <-- 0.095897 s
currentSize : 28 <-- 0.099886 s
currentSize : 29 <-- 0.122544 s
currentSize : 30 <-- 0.285349 s
currentSize : 31 <-- 0.523035 s
currentSize : 32 <-- 1.813252 s

TIMEOUT
maxsize : 32
nodes : 17060443.000000
filtered : 1057694769.000000
time : 1000.000122
