Parameters: GAD=1 vflib=1 dir=0 label=0 lowerbound=1 fileNameGp=../../cp2016-max-common-connected-subgraph-paper/datasets/graphsdb/mcs50/m2D/m2Dr4/mcs50_m2Dr4_s50.A07 fileNameGt=../../cp2016-max-common-connected-subgraph-paper/datasets/graphsdb/mcs50/m2D/m2Dr4/mcs50_m2Dr4_s50.B07
Reading graphs...
50 :  101
50 :  102
Initializing...
maxdom : 50
D->valSize : 2500
Solving...
Blb : 2 (clique : 27)
currentSize : 27 <-- 0.119065 s
currentSize : 28 <-- 0.120510 s
currentSize : 29 <-- 0.151164 s
currentSize : 30 <-- 0.208444 s
currentSize : 31 <-- 0.408779 s
currentSize : 32 <-- 22.745316 s
currentSize : 33 <-- 533.544312 s

TIMEOUT
maxsize : 33
nodes : 12471629.000000
filtered : 847345750.000000
time : 1000.000244
