Parameters: GAD=1 vflib=1 dir=0 label=0 lowerbound=1 fileNameGp=../../cp2016-max-common-connected-subgraph-paper/datasets/graphsdb/mcs50/rand/r02/mcs50_r02_s35.A04 fileNameGt=../../cp2016-max-common-connected-subgraph-paper/datasets/graphsdb/mcs50/rand/r02/mcs50_r02_s35.B04
Reading graphs...
35 :  217
35 :  215
Initializing...
maxdom : 35
D->valSize : 1225
Solving...
Blb : 2 (clique : 12)
currentSize : 12 <-- 0.017373 s
currentSize : 13 <-- 0.024574 s
currentSize : 14 <-- 0.637447 s
currentSize : 15 <-- 2.201126 s
currentSize : 16 <-- 46.605663 s
currentSize : 17 <-- 49.424305 s

TIMEOUT
maxsize : 17
nodes : 202607029.000000
filtered : 3828732290.000000
time : 1000.000000
