Parameters: GAD=1 vflib=1 dir=0 label=0 lowerbound=1 fileNameGp=../../cp2016-max-common-connected-subgraph-paper/datasets/graphsdb/mcs50/bvg/b06/mcs50_b06_s30.A07 fileNameGt=../../cp2016-max-common-connected-subgraph-paper/datasets/graphsdb/mcs50/bvg/b06/mcs50_b06_s30.B07
Reading graphs...
30 :  89
30 :  90
Initializing...
maxdom : 30
D->valSize : 900
Solving...
Blb : 2 (clique : 13)
currentSize : 13 <-- 0.018079 s
currentSize : 14 <-- 0.018259 s
currentSize : 15 <-- 0.018352 s
currentSize : 17 <-- 0.054385 s
currentSize : 18 <-- 1.736751 s
currentSize : 19 <-- 6.597257 s

maxsize : 19
nodes : 7380689.000000
filtered : 284511672.000000
time : 108.211914
