Parameters: GAD=1 vflib=1 dir=0 label=0 lowerbound=1 fileNameGp=../../cp2016-max-common-connected-subgraph-paper/datasets/graphsdb/mcs50/bvg/b06/mcs50_b06_s50.A06 fileNameGt=../../cp2016-max-common-connected-subgraph-paper/datasets/graphsdb/mcs50/bvg/b06/mcs50_b06_s50.B06
Reading graphs...
50 :  148
50 :  149
Initializing...
maxdom : 50
D->valSize : 2500
Solving...
Blb : 2 (clique : 23)
currentSize : 23 <-- 0.092228 s
currentSize : 24 <-- 0.092563 s
currentSize : 25 <-- 0.094621 s
currentSize : 26 <-- 0.725192 s
currentSize : 27 <-- 1.291423 s
currentSize : 28 <-- 401.642181 s
currentSize : 29 <-- 536.290161 s

TIMEOUT
maxsize : 29
nodes : 65846574.000000
filtered : 2408848946.000000
time : 1000.000122
