Parameters: GAD=1 vflib=1 dir=0 label=0 lowerbound=1 fileNameGp=../../cp2016-max-common-connected-subgraph-paper/datasets/graphsdb/mcs50/bvg/b03m/mcs50_b03m_s40.A05 fileNameGt=../../cp2016-max-common-connected-subgraph-paper/datasets/graphsdb/mcs50/bvg/b03m/mcs50_b03m_s40.B05
Reading graphs...
40 :  60
40 :  60
Initializing...
maxdom : 40
D->valSize : 1600
Solving...
Blb : 2 (clique : 24)
currentSize : 24 <-- 0.037156 s
currentSize : 25 <-- 0.037478 s
currentSize : 26 <-- 0.040634 s
currentSize : 27 <-- 0.368750 s
currentSize : 28 <-- 2.255928 s
currentSize : 29 <-- 4.829466 s
currentSize : 30 <-- 14.078306 s

TIMEOUT
maxsize : 30
nodes : 11778154.000000
filtered : 1046674922.000000
time : 1000.000061
