Parameters: GAD=1 vflib=1 dir=0 label=0 lowerbound=1 fileNameGp=../../cp2016-max-common-connected-subgraph-paper/datasets/graphsdb/mcs50/bvg/b06m/mcs50_b06m_s35.A00 fileNameGt=../../cp2016-max-common-connected-subgraph-paper/datasets/graphsdb/mcs50/bvg/b06m/mcs50_b06m_s35.B00
Reading graphs...
35 :  99
35 :  100
Initializing...
maxdom : 35
D->valSize : 1225
Solving...
Blb : 2 (clique : 15)
currentSize : 15 <-- 0.034783 s
currentSize : 17 <-- 0.034997 s
currentSize : 18 <-- 0.035030 s
currentSize : 19 <-- 0.043553 s
currentSize : 20 <-- 0.084745 s
currentSize : 21 <-- 2.031487 s
currentSize : 22 <-- 451.922760 s

TIMEOUT
maxsize : 22
nodes : 46802401.000000
filtered : 2096590234.000000
time : 1000.000000
