Parameters: GAD=1 vflib=1 dir=0 label=0 lowerbound=1 fileNameGp=../../cp2016-max-common-connected-subgraph-paper/datasets/graphsdb/mcs50/bvg/b03m/mcs50_b03m_s40.A07 fileNameGt=../../cp2016-max-common-connected-subgraph-paper/datasets/graphsdb/mcs50/bvg/b03m/mcs50_b03m_s40.B07
Reading graphs...
40 :  60
40 :  60
Initializing...
maxdom : 40
D->valSize : 1600
Solving...
Blb : 2 (clique : 24)
currentSize : 24 <-- 0.037049 s
currentSize : 25 <-- 0.037359 s
currentSize : 26 <-- 0.044974 s
currentSize : 27 <-- 2.453496 s
currentSize : 28 <-- 5.693320 s
currentSize : 29 <-- 20.650568 s
currentSize : 30 <-- 790.414185 s

TIMEOUT
maxsize : 30
nodes : 14832504.000000
filtered : 845895993.000000
time : 1000.000000
