Parameters: GAD=1 vflib=1 dir=0 label=0 lowerbound=1 fileNameGp=../../cp2016-max-common-connected-subgraph-paper/datasets/graphsdb/mcs50/m2D/m2Dr4/mcs50_m2Dr4_s30.A06 fileNameGt=../../cp2016-max-common-connected-subgraph-paper/datasets/graphsdb/mcs50/m2D/m2Dr4/mcs50_m2Dr4_s30.B06
Reading graphs...
30 :  61
30 :  60
Initializing...
maxdom : 30
D->valSize : 900
Solving...
Blb : 5 (clique : 15)
currentSize : 15 <-- 0.010900 s
currentSize : 16 <-- 0.011033 s
currentSize : 17 <-- 0.011102 s
currentSize : 18 <-- 0.012506 s
currentSize : 19 <-- 0.018117 s
currentSize : 20 <-- 0.226142 s
currentSize : 21 <-- 8.847575 s

maxsize : 21
nodes : 5248526.000000
filtered : 270243526.000000
time : 212.291046
