Parameters: GAD=1 vflib=1 dir=0 label=0 lowerbound=1 fileNameGp=../../cp2016-max-common-connected-subgraph-paper/datasets/graphsdb/mcs50/bvg/b03/mcs50_b03_s35.A09 fileNameGt=../../cp2016-max-common-connected-subgraph-paper/datasets/graphsdb/mcs50/bvg/b03/mcs50_b03_s35.B09
Reading graphs...
35 :  49
35 :  52
Initializing...
maxdom : 35
D->valSize : 1225
Solving...
Blb : 2 (clique : 20)
currentSize : 20 <-- 0.037640 s
currentSize : 21 <-- 0.038162 s
currentSize : 22 <-- 0.043631 s
currentSize : 23 <-- 0.043896 s
currentSize : 24 <-- 0.065689 s
currentSize : 25 <-- 0.081538 s
currentSize : 26 <-- 155.625504 s
currentSize : 27 <-- 182.469940 s

TIMEOUT
maxsize : 27
nodes : 9772701.000000
filtered : 724769591.000000
time : 1000.001709
