Parameters: GAD=1 vflib=1 dir=0 label=0 lowerbound=1 fileNameGp=../../cp2016-max-common-connected-subgraph-paper/datasets/graphsdb/mcs50/m4D/m4Dr4/mcs50_m4Dr4_s40.A03 fileNameGt=../../cp2016-max-common-connected-subgraph-paper/datasets/graphsdb/mcs50/m4D/m4Dr4/mcs50_m4Dr4_s40.B03
Reading graphs...
40 :  85
40 :  83
Initializing...
maxdom : 40
D->valSize : 1600
Solving...
Blb : 2 (clique : 20)
currentSize : 20 <-- 0.036122 s
currentSize : 21 <-- 0.036339 s
currentSize : 22 <-- 0.036362 s
currentSize : 23 <-- 0.040273 s
currentSize : 24 <-- 0.041480 s
currentSize : 25 <-- 0.047552 s
currentSize : 26 <-- 22.963043 s
currentSize : 27 <-- 31.356775 s

TIMEOUT
maxsize : 27
nodes : 11342923.000000
filtered : 855284985.000000
time : 1000.000183
