Parameters: GAD=1 vflib=1 dir=0 label=0 lowerbound=1 fileNameGp=../../cp2016-max-common-connected-subgraph-paper/datasets/graphsdb/mcs50/m4D/m4Dr2/mcs50_m4Dr2_s35.A02 fileNameGt=../../cp2016-max-common-connected-subgraph-paper/datasets/graphsdb/mcs50/m4D/m4Dr2/mcs50_m4Dr2_s35.B02
Reading graphs...
35 :  70
35 :  68
Initializing...
maxdom : 35
D->valSize : 1225
Solving...
Blb : 2 (clique : 20)
currentSize : 20 <-- 0.020788 s
currentSize : 21 <-- 0.021137 s
currentSize : 22 <-- 0.026609 s
currentSize : 23 <-- 0.028572 s
currentSize : 24 <-- 15.734389 s
currentSize : 25 <-- 734.455383 s

TIMEOUT
maxsize : 25
nodes : 19428989.000000
filtered : 1324290408.000000
time : 1000.000977
