Parameters: GAD=1 vflib=1 dir=0 label=0 lowerbound=1 fileNameGp=../../cp2016-max-common-connected-subgraph-paper/datasets/graphsdb/mcs50/m2D/m2Dr6/mcs50_m2Dr6_s40.A02 fileNameGt=../../cp2016-max-common-connected-subgraph-paper/datasets/graphsdb/mcs50/m2D/m2Dr6/mcs50_m2Dr6_s40.B02
Reading graphs...
40 :  90
40 :  88
Initializing...
maxdom : 40
D->valSize : 1600
Solving...
Blb : 2 (clique : 19)
currentSize : 19 <-- 0.035745 s
currentSize : 20 <-- 0.036254 s
currentSize : 21 <-- 0.036375 s
currentSize : 22 <-- 0.046396 s
currentSize : 23 <-- 0.046733 s
currentSize : 24 <-- 0.146864 s
currentSize : 25 <-- 0.147404 s
currentSize : 26 <-- 7.156730 s

TIMEOUT
maxsize : 26
nodes : 24143385.000000
filtered : 1321837457.000000
time : 1000.000244
