Parameters: GAD=1 vflib=1 dir=0 label=0 lowerbound=1 fileNameGp=../../cp2016-max-common-connected-subgraph-paper/datasets/graphsdb/mcs50/bvg/b06/mcs50_b06_s50.A02 fileNameGt=../../cp2016-max-common-connected-subgraph-paper/datasets/graphsdb/mcs50/bvg/b06/mcs50_b06_s50.B02
Reading graphs...
50 :  148
50 :  146
Initializing...
maxdom : 50
D->valSize : 2500
Solving...
Blb : 2 (clique : 24)
currentSize : 24 <-- 0.092581 s
currentSize : 25 <-- 0.236624 s
currentSize : 26 <-- 18.052559 s
currentSize : 27 <-- 38.604134 s
currentSize : 28 <-- 48.427231 s
currentSize : 29 <-- 57.427509 s

TIMEOUT
maxsize : 29
nodes : 35446468.000000
filtered : 2286446536.000000
time : 1000.000122
