Parameters: GAD=1 vflib=1 dir=0 label=0 lowerbound=1 fileNameGp=../../cp2016-max-common-connected-subgraph-paper/datasets/graphsdb/mcs50/bvg/b06/mcs50_b06_s50.A07 fileNameGt=../../cp2016-max-common-connected-subgraph-paper/datasets/graphsdb/mcs50/bvg/b06/mcs50_b06_s50.B07
Reading graphs...
50 :  149
50 :  149
Initializing...
maxdom : 50
D->valSize : 2500
Solving...
Blb : 2 (clique : 23)
currentSize : 23 <-- 0.092401 s
currentSize : 24 <-- 0.094202 s
currentSize : 25 <-- 0.100568 s
currentSize : 26 <-- 0.155280 s
currentSize : 27 <-- 0.855860 s
currentSize : 28 <-- 180.932877 s
currentSize : 29 <-- 292.073578 s

TIMEOUT
maxsize : 29
nodes : 62007581.000000
filtered : 2658142576.000000
time : 1000.000000
