Parameters: GAD=1 vflib=1 dir=0 label=0 lowerbound=1 fileNameGp=../../cp2016-max-common-connected-subgraph-paper/datasets/graphsdb/mcs50/rand/r01/mcs50_r01_s30.A09 fileNameGt=../../cp2016-max-common-connected-subgraph-paper/datasets/graphsdb/mcs50/rand/r01/mcs50_r01_s30.B09
Reading graphs...
30 :  84
30 :  82
Initializing...
maxdom : 30
D->valSize : 900
Solving...
Blb : 2 (clique : 13)
currentSize : 13 <-- 0.018478 s
currentSize : 14 <-- 0.018648 s
currentSize : 15 <-- 0.021641 s
currentSize : 16 <-- 0.021760 s
currentSize : 17 <-- 0.531298 s
currentSize : 18 <-- 3.165175 s
currentSize : 19 <-- 514.398987 s

maxsize : 19
nodes : 51183782.000000
filtered : 1603010194.000000
time : 609.424438
