Parameters: GAD=1 vflib=1 dir=0 label=0 lowerbound=1 fileNameGp=../../cp2016-max-common-connected-subgraph-paper/datasets/graphsdb/mcs50/rand/r02/mcs50_r02_s30.A07 fileNameGt=../../cp2016-max-common-connected-subgraph-paper/datasets/graphsdb/mcs50/rand/r02/mcs50_r02_s30.B07
Reading graphs...
30 :  155
30 :  155
Initializing...
maxdom : 30
D->valSize : 900
Solving...
Blb : 2 (clique : 11)
currentSize : 11 <-- 0.016683 s
currentSize : 12 <-- 0.018563 s
currentSize : 13 <-- 0.043721 s
currentSize : 14 <-- 1.373397 s
currentSize : 15 <-- 46.979218 s

maxsize : 15
nodes : 59659269.000000
filtered : 986160637.000000
time : 275.298706
