Parameters: GAD=1 vflib=1 dir=0 label=0 lowerbound=1 fileNameGp=../../cp2016-max-common-connected-subgraph-paper/datasets/graphsdb/mcs50/m2D/m2D/mcs50_m2D_s40.A04 fileNameGt=../../cp2016-max-common-connected-subgraph-paper/datasets/graphsdb/mcs50/m2D/m2D/mcs50_m2D_s40.B04
Reading graphs...
40 :  66
40 :  67
Initializing...
maxdom : 40
D->valSize : 1600
Solving...
Blb : 2 (clique : 22)
currentSize : 22 <-- 0.036519 s
currentSize : 24 <-- 0.036747 s
currentSize : 25 <-- 0.037119 s
currentSize : 26 <-- 0.041440 s
currentSize : 27 <-- 0.048653 s
currentSize : 28 <-- 0.128526 s
currentSize : 29 <-- 19.002815 s

TIMEOUT
maxsize : 29
nodes : 12434919.000000
filtered : 1046736402.000000
time : 1000.000061
