Parameters: GAD=1 vflib=1 dir=0 label=0 lowerbound=1 fileNameGp=../../cp2016-max-common-connected-subgraph-paper/datasets/graphsdb/mcs50/rand/r02/mcs50_r02_s35.A08 fileNameGt=../../cp2016-max-common-connected-subgraph-paper/datasets/graphsdb/mcs50/rand/r02/mcs50_r02_s35.B08
Reading graphs...
35 :  213
35 :  211
Initializing...
maxdom : 35
D->valSize : 1225
Solving...
Blb : 2 (clique : 12)
currentSize : 12 <-- 0.030137 s
currentSize : 13 <-- 0.030604 s
currentSize : 14 <-- 0.083393 s
currentSize : 15 <-- 29.090208 s
currentSize : 16 <-- 860.308228 s
currentSize : 17 <-- 992.647766 s

TIMEOUT
maxsize : 17
nodes : 236549080.000000
filtered : 2945739763.000000
time : 1000.000000
