Parameters: GAD=1 vflib=1 dir=0 label=0 lowerbound=1 fileNameGp=../../cp2016-max-common-connected-subgraph-paper/datasets/graphsdb/mcs50/m2D/m2Dr6/mcs50_m2Dr6_s40.A09 fileNameGt=../../cp2016-max-common-connected-subgraph-paper/datasets/graphsdb/mcs50/m2D/m2Dr6/mcs50_m2Dr6_s40.B09
Reading graphs...
40 :  89
40 :  89
Initializing...
maxdom : 40
D->valSize : 1600
Solving...
Blb : 2 (clique : 21)
currentSize : 21 <-- 0.063301 s
currentSize : 22 <-- 0.064405 s
currentSize : 23 <-- 0.067631 s
currentSize : 24 <-- 0.832180 s
currentSize : 25 <-- 7.651562 s
currentSize : 26 <-- 707.376831 s

TIMEOUT
maxsize : 26
nodes : 41271007.000000
filtered : 1609481654.000000
time : 1000.000366
