Parameters: GAD=1 vflib=1 dir=0 label=0 lowerbound=1 fileNameGp=../../cp2016-max-common-connected-subgraph-paper/datasets/graphsdb/mcs50/m2D/m2D/mcs50_m2D_s40.A00 fileNameGt=../../cp2016-max-common-connected-subgraph-paper/datasets/graphsdb/mcs50/m2D/m2D/mcs50_m2D_s40.B00
Reading graphs...
40 :  67
40 :  67
Initializing...
maxdom : 40
D->valSize : 1600
Solving...
Blb : 2 (clique : 23)
currentSize : 23 <-- 0.036536 s
currentSize : 24 <-- 0.044622 s
currentSize : 25 <-- 0.051639 s
currentSize : 26 <-- 0.288499 s
currentSize : 27 <-- 4.468401 s
currentSize : 28 <-- 82.651985 s

TIMEOUT
maxsize : 28
nodes : 22964493.000000
filtered : 1365747562.000000
time : 1000.000244
