Parameters: GAD=1 vflib=1 dir=0 label=0 lowerbound=1 fileNameGp=../../cp2016-max-common-connected-subgraph-paper/datasets/graphsdb/mcs50/m2D/m2Dr4/mcs50_m2Dr4_s30.A07 fileNameGt=../../cp2016-max-common-connected-subgraph-paper/datasets/graphsdb/mcs50/m2D/m2Dr4/mcs50_m2Dr4_s30.B07
Reading graphs...
30 :  61
30 :  60
Initializing...
maxdom : 30
D->valSize : 900
Solving...
Blb : 2 (clique : 15)
currentSize : 15 <-- 0.011082 s
currentSize : 16 <-- 0.011211 s
currentSize : 17 <-- 0.019130 s
currentSize : 18 <-- 0.061580 s
currentSize : 19 <-- 0.090105 s
currentSize : 20 <-- 2.159950 s
currentSize : 21 <-- 118.897179 s

maxsize : 21
nodes : 13909534.000000
filtered : 661462766.000000
time : 367.878052
