Parameters: GAD=1 vflib=1 dir=0 label=0 lowerbound=1 fileNameGp=../../cp2016-max-common-connected-subgraph-paper/datasets/graphsdb/mcs50/m4D/m4Dr6/mcs50_m4Dr6_s30.A08 fileNameGt=../../cp2016-max-common-connected-subgraph-paper/datasets/graphsdb/mcs50/m4D/m4Dr6/mcs50_m4Dr6_s30.B08
Reading graphs...
30 :  70
30 :  69
Initializing...
maxdom : 30
D->valSize : 900
Solving...
Blb : 2 (clique : 14)
currentSize : 14 <-- 0.010931 s
currentSize : 16 <-- 0.011047 s
currentSize : 17 <-- 0.011186 s
currentSize : 18 <-- 0.098431 s
currentSize : 19 <-- 0.424184 s
currentSize : 20 <-- 0.756731 s

maxsize : 20
nodes : 20132931.000000
filtered : 1094382448.000000
time : 437.690277
