Parameters: GAD=1 vflib=1 dir=0 label=0 lowerbound=1 fileNameGp=../../cp2016-max-common-connected-subgraph-paper/datasets/graphsdb/mcs50/rand/r005/mcs50_r005_s35.A00 fileNameGt=../../cp2016-max-common-connected-subgraph-paper/datasets/graphsdb/mcs50/rand/r005/mcs50_r005_s35.B00
Reading graphs...
35 :  61
35 :  62
Initializing...
maxdom : 35
D->valSize : 1225
Solving...
Blb : 2 (clique : 20)
currentSize : 20 <-- 0.020950 s
currentSize : 21 <-- 0.021184 s
currentSize : 22 <-- 0.023534 s
currentSize : 23 <-- 0.035873 s
currentSize : 24 <-- 0.053504 s
currentSize : 25 <-- 1.604582 s

TIMEOUT
maxsize : 25
nodes : 19296248.000000
filtered : 1225888111.000000
time : 1000.000061
