Parameters: GAD=1 vflib=1 dir=0 label=0 lowerbound=1 fileNameGp=../../cp2016-max-common-connected-subgraph-paper/datasets/graphsdb/mcs50/rand/r01/mcs50_r01_s50.A07 fileNameGt=../../cp2016-max-common-connected-subgraph-paper/datasets/graphsdb/mcs50/rand/r01/mcs50_r01_s50.B07
Reading graphs...
50 :  234
50 :  236
Initializing...
maxdom : 50
D->valSize : 2500
Solving...
Blb : 2 (clique : 17)
currentSize : 17 <-- 0.085162 s
currentSize : 18 <-- 0.085429 s
currentSize : 19 <-- 0.085781 s
currentSize : 20 <-- 0.098310 s
currentSize : 21 <-- 1.165079 s
currentSize : 22 <-- 15.279533 s

TIMEOUT
maxsize : 22
nodes : 144317633.000000
filtered : 2968749950.000000
time : 1000.000000
