Parameters: GAD=1 vflib=1 dir=0 label=0 lowerbound=1 fileNameGp=../../cp2016-max-common-connected-subgraph-paper/datasets/graphsdb/mcs50/bvg/b03m/mcs50_b03m_s35.A05 fileNameGt=../../cp2016-max-common-connected-subgraph-paper/datasets/graphsdb/mcs50/bvg/b03m/mcs50_b03m_s35.B05
Reading graphs...
35 :  51
35 :  51
Initializing...
maxdom : 35
D->valSize : 1225
Solving...
Blb : 2 (clique : 22)
currentSize : 22 <-- 0.021540 s
currentSize : 23 <-- 0.021751 s
currentSize : 24 <-- 0.032406 s
currentSize : 25 <-- 0.426953 s
currentSize : 26 <-- 1.247613 s
currentSize : 27 <-- 23.916988 s
currentSize : 28 <-- 333.779938 s

maxsize : 28
nodes : 3744649.000000
filtered : 323881151.000000
time : 637.450928
