Parameters: GAD=1 vflib=1 dir=0 label=0 lowerbound=1 fileNameGp=../../cp2016-max-common-connected-subgraph-paper/datasets/graphsdb/mcs50/m4D/m4Dr2/mcs50_m4Dr2_s35.A04 fileNameGt=../../cp2016-max-common-connected-subgraph-paper/datasets/graphsdb/mcs50/m4D/m4Dr2/mcs50_m4Dr2_s35.B04
Reading graphs...
35 :  70
35 :  70
Initializing...
maxdom : 35
D->valSize : 1225
Solving...
Blb : 2 (clique : 19)
currentSize : 19 <-- 0.036684 s
currentSize : 20 <-- 0.039003 s
currentSize : 21 <-- 0.039361 s
currentSize : 22 <-- 0.046521 s
currentSize : 23 <-- 3.347229 s
currentSize : 24 <-- 8.032770 s
currentSize : 25 <-- 49.695908 s

TIMEOUT
maxsize : 25
nodes : 19056699.000000
filtered : 1290479440.000000
time : 1000.000000
