Parameters: GAD=1 vflib=1 dir=0 label=0 lowerbound=1 fileNameGp=../../cp2016-max-common-connected-subgraph-paper/datasets/graphsdb/mcs50/m4D/m4D/mcs50_m4D_s30.A05 fileNameGt=../../cp2016-max-common-connected-subgraph-paper/datasets/graphsdb/mcs50/m4D/m4D/mcs50_m4D_s30.B05
Reading graphs...
30 :  55
30 :  54
Initializing...
maxdom : 30
D->valSize : 900
Solving...
Blb : 2 (clique : 16)
currentSize : 16 <-- 0.011192 s
currentSize : 17 <-- 0.011384 s
currentSize : 18 <-- 0.021770 s
currentSize : 19 <-- 1.069944 s
currentSize : 20 <-- 3.349966 s
currentSize : 21 <-- 3.834996 s
currentSize : 22 <-- 7.859496 s

maxsize : 22
nodes : 6955529.000000
filtered : 379784168.000000
time : 385.404236
