Parameters: GAD=1 vflib=1 dir=0 label=0 lowerbound=1 fileNameGp=../../cp2016-max-common-connected-subgraph-paper/datasets/graphsdb/mcs50/rand/r01/mcs50_r01_s30.A05 fileNameGt=../../cp2016-max-common-connected-subgraph-paper/datasets/graphsdb/mcs50/rand/r01/mcs50_r01_s30.B05
Reading graphs...
30 :  81
30 :  79
Initializing...
maxdom : 30
D->valSize : 900
Solving...
Blb : 2 (clique : 12)
currentSize : 12 <-- 0.018432 s
currentSize : 13 <-- 0.018606 s
currentSize : 14 <-- 0.018663 s
currentSize : 15 <-- 0.018722 s
currentSize : 16 <-- 0.018969 s
currentSize : 17 <-- 0.282694 s
currentSize : 18 <-- 0.390010 s
currentSize : 19 <-- 29.648148 s

maxsize : 19
nodes : 24054606.000000
filtered : 798027096.000000
time : 339.995789
