Parameters: GAD=1 vflib=1 dir=0 label=0 lowerbound=1 fileNameGp=../../cp2016-max-common-connected-subgraph-paper/datasets/graphsdb/mcs50/m4D/m4D/mcs50_m4D_s35.A07 fileNameGt=../../cp2016-max-common-connected-subgraph-paper/datasets/graphsdb/mcs50/m4D/m4D/mcs50_m4D_s35.B07
Reading graphs...
35 :  63
35 :  62
Initializing...
maxdom : 35
D->valSize : 1225
Solving...
Blb : 5 (clique : 19)
currentSize : 19 <-- 0.020989 s
currentSize : 22 <-- 0.021161 s
currentSize : 23 <-- 0.021612 s
currentSize : 24 <-- 0.021943 s
currentSize : 25 <-- 0.084079 s
currentSize : 26 <-- 14.650367 s

TIMEOUT
maxsize : 26
nodes : 12659912.000000
filtered : 1118808686.000000
time : 1000.000183
