Parameters: GAD=1 vflib=1 dir=0 label=0 lowerbound=1 fileNameGp=../../cp2016-max-common-connected-subgraph-paper/datasets/graphsdb/mcs50/rand/r01/mcs50_r01_s35.A06 fileNameGt=../../cp2016-max-common-connected-subgraph-paper/datasets/graphsdb/mcs50/rand/r01/mcs50_r01_s35.B06
Reading graphs...
35 :  112
35 :  110
Initializing...
maxdom : 35
D->valSize : 1225
Solving...
Blb : 2 (clique : 15)
currentSize : 15 <-- 0.019234 s
currentSize : 16 <-- 0.019376 s
currentSize : 17 <-- 0.019926 s
currentSize : 18 <-- 0.042847 s
currentSize : 19 <-- 0.233187 s
currentSize : 20 <-- 4.035251 s

TIMEOUT
maxsize : 20
nodes : 72845734.000000
filtered : 2568717180.000000
time : 1000.000061
