Parameters: GAD=1 vflib=1 dir=0 label=0 lowerbound=1 fileNameGp=../../cp2016-max-common-connected-subgraph-paper/datasets/graphsdb/mcs50/bvg/b06m/mcs50_b06m_s30.A07 fileNameGt=../../cp2016-max-common-connected-subgraph-paper/datasets/graphsdb/mcs50/bvg/b06m/mcs50_b06m_s30.B07
Reading graphs...
30 :  85
30 :  86
Initializing...
maxdom : 30
D->valSize : 900
Solving...
Blb : 2 (clique : 13)
currentSize : 13 <-- 0.010623 s
currentSize : 14 <-- 0.010733 s
currentSize : 15 <-- 0.010825 s
currentSize : 16 <-- 0.011711 s
currentSize : 17 <-- 0.175334 s
currentSize : 18 <-- 1.078339 s
currentSize : 19 <-- 80.240433 s

maxsize : 19
nodes : 12208303.000000
filtered : 383405532.000000
time : 143.616241
