Parameters: GAD=1 vflib=1 dir=0 label=0 lowerbound=1 fileNameGp=../../cp2016-max-common-connected-subgraph-paper/datasets/graphsdb/mcs50/rand/r005/mcs50_r005_s50.A03 fileNameGt=../../cp2016-max-common-connected-subgraph-paper/datasets/graphsdb/mcs50/rand/r005/mcs50_r005_s50.B03
Reading graphs...
50 :  117
50 :  118
Initializing...
maxdom : 50
D->valSize : 2500
Solving...
Blb : 2 (clique : 24)
currentSize : 24 <-- 0.094791 s
currentSize : 26 <-- 0.095124 s
currentSize : 27 <-- 0.095159 s
currentSize : 28 <-- 0.098128 s
currentSize : 29 <-- 0.101345 s
currentSize : 30 <-- 0.157537 s
currentSize : 31 <-- 227.372894 s

TIMEOUT
maxsize : 31
nodes : 26178681.000000
filtered : 1380688111.000000
time : 1000.000610
