Parameters: GAD=1 vflib=1 dir=0 label=0 lowerbound=1 fileNameGp=../../cp2016-max-common-connected-subgraph-paper/datasets/graphsdb/mcs50/m2D/m2Dr4/mcs50_m2Dr4_s40.A05 fileNameGt=../../cp2016-max-common-connected-subgraph-paper/datasets/graphsdb/mcs50/m2D/m2Dr4/mcs50_m2Dr4_s40.B05
Reading graphs...
40 :  79
40 :  80
Initializing...
maxdom : 40
D->valSize : 1600
Solving...
Blb : 2 (clique : 23)
currentSize : 23 <-- 0.036638 s
currentSize : 24 <-- 0.040647 s
currentSize : 25 <-- 0.188938 s
currentSize : 26 <-- 0.189921 s
currentSize : 27 <-- 162.639099 s
currentSize : 28 <-- 708.670654 s

TIMEOUT
maxsize : 28
nodes : 30693409.000000
filtered : 1800222335.000000
time : 1000.000000
