Parameters: GAD=1 vflib=1 dir=0 label=0 lowerbound=1 fileNameGp=../../cp2016-max-common-connected-subgraph-paper/datasets/graphsdb/mcs50/m4D/m4D/mcs50_m4D_s40.A05 fileNameGt=../../cp2016-max-common-connected-subgraph-paper/datasets/graphsdb/mcs50/m4D/m4D/mcs50_m4D_s40.B05
Reading graphs...
40 :  71
40 :  71
Initializing...
maxdom : 40
D->valSize : 1600
Solving...
Blb : 5 (clique : 23)
currentSize : 23 <-- 0.064809 s
currentSize : 24 <-- 0.065214 s
currentSize : 25 <-- 0.065284 s
currentSize : 26 <-- 0.068308 s
currentSize : 27 <-- 0.881794 s
currentSize : 28 <-- 0.954527 s
currentSize : 29 <-- 1.076607 s

TIMEOUT
maxsize : 29
nodes : 20164234.000000
filtered : 1424546185.000000
time : 1000.000122
