Parameters: GAD=1 vflib=1 dir=0 label=0 lowerbound=1 fileNameGp=../../cp2016-max-common-connected-subgraph-paper/datasets/graphsdb/mcs50/m4D/m4Dr6/mcs50_m4Dr6_s40.A06 fileNameGt=../../cp2016-max-common-connected-subgraph-paper/datasets/graphsdb/mcs50/m4D/m4Dr6/mcs50_m4Dr6_s40.B06
Reading graphs...
40 :  91
40 :  92
Initializing...
maxdom : 40
D->valSize : 1600
Solving...
Blb : 2 (clique : 21)
currentSize : 21 <-- 0.035464 s
currentSize : 22 <-- 0.035759 s
currentSize : 23 <-- 0.043410 s
currentSize : 24 <-- 0.066078 s
currentSize : 25 <-- 0.162632 s
currentSize : 26 <-- 34.485432 s

TIMEOUT
maxsize : 26
nodes : 23617133.000000
filtered : 1303585773.000000
time : 1000.000183
