Parameters: GAD=1 vflib=1 dir=0 label=0 lowerbound=1 fileNameGp=../../cp2016-max-common-connected-subgraph-paper/datasets/graphsdb/mcs50/bvg/b06m/mcs50_b06m_s50.A07 fileNameGt=../../cp2016-max-common-connected-subgraph-paper/datasets/graphsdb/mcs50/bvg/b06m/mcs50_b06m_s50.B07
Reading graphs...
50 :  146
50 :  147
Initializing...
maxdom : 50
D->valSize : 2500
Solving...
Blb : 2 (clique : 21)
currentSize : 21 <-- 0.119014 s
currentSize : 22 <-- 0.119331 s
currentSize : 23 <-- 0.119627 s
currentSize : 24 <-- 0.120001 s
currentSize : 25 <-- 0.166217 s
currentSize : 26 <-- 0.698383 s
currentSize : 27 <-- 2.439634 s
currentSize : 28 <-- 578.716187 s

TIMEOUT
maxsize : 28
nodes : 54760960.000000
filtered : 2342809851.000000
time : 1000.000305
