Parameters: GAD=1 vflib=1 dir=0 label=0 lowerbound=1 fileNameGp=../../cp2016-max-common-connected-subgraph-paper/datasets/graphsdb/mcs50/m3D/m3Dr6/mcs50_m3Dr6_s50.A09 fileNameGt=../../cp2016-max-common-connected-subgraph-paper/datasets/graphsdb/mcs50/m3D/m3Dr6/mcs50_m3Dr6_s50.B09
Reading graphs...
50 :  137
50 :  134
Initializing...
maxdom : 50
D->valSize : 2500
Solving...
Blb : 2 (clique : 23)
currentSize : 23 <-- 0.157522 s
currentSize : 24 <-- 0.158022 s
currentSize : 25 <-- 0.163239 s
currentSize : 26 <-- 0.167981 s
currentSize : 27 <-- 0.168009 s
currentSize : 28 <-- 2.156388 s

TIMEOUT
maxsize : 28
nodes : 77771998.000000
filtered : 2444370686.000000
time : 1000.000000
