Parameters: GAD=1 vflib=1 dir=0 label=0 lowerbound=1 fileNameGp=../../cp2016-max-common-connected-subgraph-paper/datasets/graphsdb/mcs50/bvg/b06m/mcs50_b06m_s40.A08 fileNameGt=../../cp2016-max-common-connected-subgraph-paper/datasets/graphsdb/mcs50/bvg/b06m/mcs50_b06m_s40.B08
Reading graphs...
40 :  117
40 :  116
Initializing...
maxdom : 40
D->valSize : 1600
Solving...
Blb : 2 (clique : 18)
currentSize : 18 <-- 0.060380 s
currentSize : 19 <-- 0.061224 s
currentSize : 20 <-- 0.062824 s
currentSize : 21 <-- 0.090422 s
currentSize : 22 <-- 2.536759 s
currentSize : 23 <-- 4.845860 s
currentSize : 24 <-- 110.895523 s

TIMEOUT
maxsize : 24
nodes : 40129403.000000
filtered : 1959801064.000000
time : 1000.000183
