Parameters: GAD=1 vflib=1 dir=0 label=0 lowerbound=1 fileNameGp=../../cp2016-max-common-connected-subgraph-paper/datasets/graphsdb/mcs50/m4D/m4Dr6/mcs50_m4Dr6_s35.A02 fileNameGt=../../cp2016-max-common-connected-subgraph-paper/datasets/graphsdb/mcs50/m4D/m4Dr6/mcs50_m4Dr6_s35.B02
Reading graphs...
35 :  82
35 :  79
Initializing...
maxdom : 35
D->valSize : 1225
Solving...
Blb : 2 (clique : 18)
currentSize : 18 <-- 0.020361 s
currentSize : 19 <-- 0.023832 s
currentSize : 20 <-- 0.026252 s
currentSize : 21 <-- 0.031313 s
currentSize : 22 <-- 0.294081 s
currentSize : 23 <-- 9.017082 s

TIMEOUT
maxsize : 23
nodes : 32892045.000000
filtered : 1974611264.000000
time : 1000.000244
