Parameters: GAD=1 vflib=1 dir=0 label=0 lowerbound=1 fileNameGp=../../cp2016-max-common-connected-subgraph-paper/datasets/graphsdb/mcs50/m4D/m4Dr4/mcs50_m4Dr4_s35.A03 fileNameGt=../../cp2016-max-common-connected-subgraph-paper/datasets/graphsdb/mcs50/m4D/m4Dr4/mcs50_m4Dr4_s35.B03
Reading graphs...
35 :  75
35 :  75
Initializing...
maxdom : 35
D->valSize : 1225
Solving...
Blb : 2 (clique : 18)
currentSize : 18 <-- 0.020862 s
currentSize : 19 <-- 0.174377 s
currentSize : 20 <-- 0.371332 s
currentSize : 21 <-- 0.383269 s
currentSize : 22 <-- 0.496262 s
currentSize : 23 <-- 0.972014 s
currentSize : 24 <-- 905.321594 s

TIMEOUT
maxsize : 24
nodes : 29774163.000000
filtered : 1698014721.000000
time : 1000.000000
