Parameters: GAD=1 vflib=1 dir=0 label=0 lowerbound=1 fileNameGp=../../cp2016-max-common-connected-subgraph-paper/datasets/graphsdb/mcs50/bvg/b03/mcs50_b03_s40.A00 fileNameGt=../../cp2016-max-common-connected-subgraph-paper/datasets/graphsdb/mcs50/bvg/b03/mcs50_b03_s40.B00
Reading graphs...
40 :  60
40 :  60
Initializing...
maxdom : 40
D->valSize : 1600
Solving...
Blb : 2 (clique : 23)
currentSize : 23 <-- 0.064188 s
currentSize : 24 <-- 0.064634 s
currentSize : 25 <-- 0.064870 s
currentSize : 26 <-- 0.065166 s
currentSize : 27 <-- 0.142322 s
currentSize : 28 <-- 0.307993 s
currentSize : 29 <-- 127.580513 s
currentSize : 30 <-- 801.330627 s

TIMEOUT
maxsize : 30
nodes : 21669072.000000
filtered : 1518208978.000000
time : 1000.000061
