Parameters: GAD=1 vflib=1 dir=0 label=0 lowerbound=1 fileNameGp=../../cp2016-max-common-connected-subgraph-paper/datasets/graphsdb/mcs50/m3D/m3D/mcs50_m3D_s50.A09 fileNameGt=../../cp2016-max-common-connected-subgraph-paper/datasets/graphsdb/mcs50/m3D/m3D/mcs50_m3D_s50.B09
Reading graphs...
50 :  109
50 :  108
Initializing...
maxdom : 50
D->valSize : 2500
Solving...
Blb : 2 (clique : 27)
currentSize : 27 <-- 0.095669 s
currentSize : 28 <-- 0.096470 s
currentSize : 29 <-- 0.108778 s
currentSize : 30 <-- 2.280531 s
currentSize : 31 <-- 6.177773 s
currentSize : 32 <-- 138.971558 s

TIMEOUT
maxsize : 32
nodes : 13296712.000000
filtered : 762662850.000000
time : 1000.000122
