Parameters: GAD=1 vflib=1 dir=0 label=0 lowerbound=1 fileNameGp=../../cp2016-max-common-connected-subgraph-paper/datasets/graphsdb/mcs50/bvg/b06m/mcs50_b06m_s30.A00 fileNameGt=../../cp2016-max-common-connected-subgraph-paper/datasets/graphsdb/mcs50/bvg/b06m/mcs50_b06m_s30.B00
Reading graphs...
30 :  87
30 :  85
Initializing...
maxdom : 30
D->valSize : 900
Solving...
Blb : 2 (clique : 13)
currentSize : 13 <-- 0.010352 s
currentSize : 14 <-- 0.010470 s
currentSize : 15 <-- 0.010857 s
currentSize : 16 <-- 0.012650 s
currentSize : 17 <-- 0.047999 s
currentSize : 18 <-- 5.521727 s

maxsize : 18
nodes : 27230989.000000
filtered : 1063874014.000000
time : 426.166656
