Parameters: GAD=1 vflib=1 dir=0 label=0 lowerbound=1 fileNameGp=../../cp2016-max-common-connected-subgraph-paper/datasets/graphsdb/mcs50/m4D/m4D/mcs50_m4D_s40.A06 fileNameGt=../../cp2016-max-common-connected-subgraph-paper/datasets/graphsdb/mcs50/m4D/m4D/mcs50_m4D_s40.B06
Reading graphs...
40 :  70
40 :  70
Initializing...
maxdom : 40
D->valSize : 1600
Solving...
Blb : 2 (clique : 24)
currentSize : 24 <-- 0.064922 s
currentSize : 25 <-- 0.067478 s
currentSize : 26 <-- 0.125063 s
currentSize : 27 <-- 6.764438 s
currentSize : 28 <-- 43.542339 s
currentSize : 29 <-- 845.170166 s

TIMEOUT
maxsize : 29
nodes : 18928388.000000
filtered : 1157076518.000000
time : 1000.000305
