Parameters: GAD=1 vflib=1 dir=0 label=0 lowerbound=1 fileNameGp=../../cp2016-max-common-connected-subgraph-paper/datasets/graphsdb/mcs50/m4D/m4Dr2/mcs50_m4Dr2_s40.A08 fileNameGt=../../cp2016-max-common-connected-subgraph-paper/datasets/graphsdb/mcs50/m4D/m4Dr2/mcs50_m4Dr2_s40.B08
Reading graphs...
40 :  78
40 :  78
Initializing...
maxdom : 40
D->valSize : 1600
Solving...
Blb : 2 (clique : 23)
currentSize : 23 <-- 0.063331 s
currentSize : 24 <-- 0.064457 s
currentSize : 25 <-- 0.099592 s
currentSize : 26 <-- 0.635406 s
currentSize : 27 <-- 15.834160 s
currentSize : 28 <-- 126.327072 s

TIMEOUT
maxsize : 28
nodes : 14782945.000000
filtered : 1066956513.000000
time : 1000.000427
