Parameters: GAD=1 vflib=1 dir=0 label=0 lowerbound=1 fileNameGp=../../cp2016-max-common-connected-subgraph-paper/datasets/graphsdb/mcs50/rand/r01/mcs50_r01_s40.A06 fileNameGt=../../cp2016-max-common-connected-subgraph-paper/datasets/graphsdb/mcs50/rand/r01/mcs50_r01_s40.B06
Reading graphs...
40 :  152
40 :  149
Initializing...
maxdom : 40
D->valSize : 1600
Solving...
Blb : 2 (clique : 16)
currentSize : 16 <-- 0.033069 s
currentSize : 17 <-- 0.033255 s
currentSize : 18 <-- 0.036296 s
currentSize : 19 <-- 0.042092 s
currentSize : 20 <-- 0.042204 s
currentSize : 21 <-- 10.650354 s

TIMEOUT
maxsize : 21
nodes : 91920853.000000
filtered : 2697363160.000000
time : 1000.000000
