Parameters: GAD=1 vflib=1 dir=0 label=0 lowerbound=1 fileNameGp=../../cp2016-max-common-connected-subgraph-paper/datasets/graphsdb/mcs50/bvg/b03m/mcs50_b03m_s30.A04 fileNameGt=../../cp2016-max-common-connected-subgraph-paper/datasets/graphsdb/mcs50/bvg/b03m/mcs50_b03m_s30.B04
Reading graphs...
30 :  45
30 :  45
Initializing...
maxdom : 30
D->valSize : 900
Solving...
Blb : 2 (clique : 18)
currentSize : 18 <-- 0.011616 s
currentSize : 19 <-- 0.011845 s
currentSize : 20 <-- 0.012047 s
currentSize : 21 <-- 0.043746 s
currentSize : 22 <-- 0.163446 s
currentSize : 23 <-- 109.010559 s

maxsize : 23
nodes : 6447680.000000
filtered : 413308631.000000
time : 442.955353
