Parameters: GAD=1 vflib=1 dir=0 label=0 lowerbound=1 fileNameGp=../../cp2016-max-common-connected-subgraph-paper/datasets/graphsdb/mcs50/m4D/m4Dr2/mcs50_m4Dr2_s35.A01 fileNameGt=../../cp2016-max-common-connected-subgraph-paper/datasets/graphsdb/mcs50/m4D/m4Dr2/mcs50_m4Dr2_s35.B01
Reading graphs...
35 :  68
35 :  68
Initializing...
maxdom : 35
D->valSize : 1225
Solving...
Blb : 2 (clique : 20)
currentSize : 20 <-- 0.021075 s
currentSize : 21 <-- 0.097928 s
currentSize : 22 <-- 0.143587 s
currentSize : 23 <-- 2.236591 s
currentSize : 24 <-- 3.016395 s
currentSize : 25 <-- 280.092499 s

TIMEOUT
maxsize : 25
nodes : 20423108.000000
filtered : 1387552167.000000
time : 1000.001099
