Parameters: GAD=1 vflib=1 dir=0 label=0 lowerbound=1 fileNameGp=../../cp2016-max-common-connected-subgraph-paper/datasets/graphsdb/mcs50/m4D/m4Dr4/mcs50_m4Dr4_s30.A03 fileNameGt=../../cp2016-max-common-connected-subgraph-paper/datasets/graphsdb/mcs50/m4D/m4Dr4/mcs50_m4Dr4_s30.B03
Reading graphs...
30 :  65
30 :  65
Initializing...
maxdom : 30
D->valSize : 900
Solving...
Blb : 2 (clique : 16)
currentSize : 16 <-- 0.011012 s
currentSize : 17 <-- 0.016592 s
currentSize : 18 <-- 0.019568 s
currentSize : 19 <-- 0.019648 s
currentSize : 20 <-- 0.831660 s
currentSize : 21 <-- 21.898149 s

maxsize : 21
nodes : 4044977.000000
filtered : 216240195.000000
time : 111.311981
