Parameters: GAD=1 vflib=1 dir=0 label=0 lowerbound=1 fileNameGp=../../cp2016-max-common-connected-subgraph-paper/datasets/graphsdb/mcs50/bvg/b09m/mcs50_b09m_s50.A06 fileNameGt=../../cp2016-max-common-connected-subgraph-paper/datasets/graphsdb/mcs50/bvg/b09m/mcs50_b09m_s50.B06
Reading graphs...
50 :  220
50 :  221
Initializing...
maxdom : 50
D->valSize : 2500
Solving...
Blb : 2 (clique : 19)
currentSize : 19 <-- 0.086024 s
currentSize : 20 <-- 0.094614 s
currentSize : 21 <-- 0.258324 s
currentSize : 22 <-- 7.140525 s
currentSize : 23 <-- 47.512383 s
currentSize : 24 <-- 679.942200 s

TIMEOUT
maxsize : 24
nodes : 109784306.000000
filtered : 2717578026.000000
time : 1000.000305
