Parameters: GAD=1 vflib=1 dir=0 label=0 lowerbound=1 fileNameGp=../../cp2016-max-common-connected-subgraph-paper/datasets/graphsdb/mcs50/bvg/b06m/mcs50_b06m_s40.A04 fileNameGt=../../cp2016-max-common-connected-subgraph-paper/datasets/graphsdb/mcs50/bvg/b06m/mcs50_b06m_s40.B04
Reading graphs...
40 :  118
40 :  120
Initializing...
maxdom : 40
D->valSize : 1600
Solving...
Blb : 2 (clique : 17)
currentSize : 17 <-- 0.060593 s
currentSize : 18 <-- 0.060877 s
currentSize : 19 <-- 0.062439 s
currentSize : 20 <-- 0.071429 s
currentSize : 21 <-- 0.071830 s
currentSize : 22 <-- 4.935058 s
currentSize : 23 <-- 10.669545 s
currentSize : 24 <-- 450.403809 s

TIMEOUT
maxsize : 24
nodes : 54417710.000000
filtered : 2385438714.000000
time : 1000.000305
