Parameters: GAD=1 vflib=1 dir=0 label=0 lowerbound=1 fileNameGp=../../cp2016-max-common-connected-subgraph-paper/datasets/graphsdb/mcs50/m2D/m2Dr6/mcs50_m2Dr6_s50.A03 fileNameGt=../../cp2016-max-common-connected-subgraph-paper/datasets/graphsdb/mcs50/m2D/m2Dr6/mcs50_m2Dr6_s50.B03
Reading graphs...
50 :  112
50 :  112
Initializing...
maxdom : 50
D->valSize : 2500
Solving...
Blb : 2 (clique : 25)
currentSize : 25 <-- 0.095138 s
currentSize : 26 <-- 0.100143 s
currentSize : 27 <-- 0.152887 s
currentSize : 28 <-- 0.173599 s
currentSize : 29 <-- 0.241634 s
currentSize : 30 <-- 4.921094 s
currentSize : 31 <-- 42.312664 s

TIMEOUT
maxsize : 31
nodes : 17274347.000000
filtered : 1033830269.000000
time : 1000.000305
