Parameters: GAD=1 vflib=1 dir=0 label=0 lowerbound=1 fileNameGp=../../cp2016-max-common-connected-subgraph-paper/datasets/graphsdb/mcs50/bvg/b06/mcs50_b06_s40.A08 fileNameGt=../../cp2016-max-common-connected-subgraph-paper/datasets/graphsdb/mcs50/bvg/b06/mcs50_b06_s40.B08
Reading graphs...
40 :  120
40 :  120
Initializing...
maxdom : 40
D->valSize : 1600
Solving...
Blb : 2 (clique : 20)
currentSize : 20 <-- 0.059001 s
currentSize : 21 <-- 0.059409 s
currentSize : 22 <-- 0.066335 s
currentSize : 23 <-- 0.076683 s
currentSize : 24 <-- 3.372588 s
currentSize : 25 <-- 149.147263 s

TIMEOUT
maxsize : 25
nodes : 31688116.000000
filtered : 1926221331.000000
time : 1000.000793
