Parameters: GAD=1 vflib=1 dir=0 label=0 lowerbound=1 fileNameGp=../../cp2016-max-common-connected-subgraph-paper/datasets/graphsdb/mcs50/m4D/m4Dr4/mcs50_m4Dr4_s35.A00 fileNameGt=../../cp2016-max-common-connected-subgraph-paper/datasets/graphsdb/mcs50/m4D/m4Dr4/mcs50_m4Dr4_s35.B00
Reading graphs...
35 :  75
35 :  74
Initializing...
maxdom : 35
D->valSize : 1225
Solving...
Blb : 2 (clique : 19)
currentSize : 19 <-- 0.020584 s
currentSize : 20 <-- 0.020811 s
currentSize : 21 <-- 0.021040 s
currentSize : 22 <-- 0.027362 s
currentSize : 23 <-- 0.039625 s
currentSize : 24 <-- 2.419822 s

TIMEOUT
maxsize : 24
nodes : 21833509.000000
filtered : 1226565970.000000
time : 1000.000427
