Parameters: GAD=1 vflib=1 dir=0 label=0 lowerbound=1 fileNameGp=../../cp2016-max-common-connected-subgraph-paper/datasets/graphsdb/mcs50/rand/r01/mcs50_r01_s50.A09 fileNameGt=../../cp2016-max-common-connected-subgraph-paper/datasets/graphsdb/mcs50/rand/r01/mcs50_r01_s50.B09
Reading graphs...
50 :  235
50 :  233
Initializing...
maxdom : 50
D->valSize : 2500
Solving...
Blb : 2 (clique : 17)
currentSize : 17 <-- 0.085242 s
currentSize : 18 <-- 0.085501 s
currentSize : 19 <-- 0.086561 s
currentSize : 20 <-- 0.139912 s
currentSize : 21 <-- 0.874459 s
currentSize : 22 <-- 29.627710 s
currentSize : 23 <-- 50.260220 s

TIMEOUT
maxsize : 23
nodes : 135843123.000000
filtered : 3123740911.000000
time : 1000.000000
