Parameters: GAD=1 vflib=1 dir=0 label=0 lowerbound=1 fileNameGp=../../cp2016-max-common-connected-subgraph-paper/datasets/graphsdb/mcs50/bvg/b06m/mcs50_b06m_s30.A02 fileNameGt=../../cp2016-max-common-connected-subgraph-paper/datasets/graphsdb/mcs50/bvg/b06m/mcs50_b06m_s30.B02
Reading graphs...
30 :  88
30 :  87
Initializing...
maxdom : 30
D->valSize : 900
Solving...
Blb : 2 (clique : 13)
currentSize : 13 <-- 0.010507 s
currentSize : 14 <-- 0.010630 s
currentSize : 15 <-- 0.016347 s
currentSize : 16 <-- 0.020660 s
currentSize : 17 <-- 0.440044 s
currentSize : 18 <-- 0.466443 s

maxsize : 18
nodes : 17093015.000000
filtered : 596989735.000000
time : 253.946777
