Parameters: GAD=1 vflib=1 dir=0 label=0 lowerbound=1 fileNameGp=../../cp2016-max-common-connected-subgraph-paper/datasets/graphsdb/mcs50/m3D/m3D/mcs50_m3D_s50.A00 fileNameGt=../../cp2016-max-common-connected-subgraph-paper/datasets/graphsdb/mcs50/m3D/m3D/mcs50_m3D_s50.B00
Reading graphs...
50 :  109
50 :  108
Initializing...
maxdom : 50
D->valSize : 2500
Solving...
Blb : 2 (clique : 23)
currentSize : 23 <-- 0.095182 s
currentSize : 24 <-- 0.095502 s
currentSize : 25 <-- 0.095517 s
currentSize : 26 <-- 0.096601 s
currentSize : 27 <-- 0.146779 s
currentSize : 28 <-- 0.155356 s
currentSize : 29 <-- 8.117974 s
currentSize : 30 <-- 35.131416 s
currentSize : 31 <-- 396.312927 s

TIMEOUT
maxsize : 31
nodes : 21042747.000000
filtered : 1099429000.000000
time : 1000.000305
