Parameters: GAD=1 vflib=1 dir=0 label=0 lowerbound=1 fileNameGp=../../cp2016-max-common-connected-subgraph-paper/datasets/graphsdb/mcs50/m2D/m2Dr2/mcs50_m2Dr2_s40.A09 fileNameGt=../../cp2016-max-common-connected-subgraph-paper/datasets/graphsdb/mcs50/m2D/m2Dr2/mcs50_m2Dr2_s40.B09
Reading graphs...
40 :  75
40 :  74
Initializing...
maxdom : 40
D->valSize : 1600
Solving...
Blb : 2 (clique : 21)
currentSize : 21 <-- 0.036064 s
currentSize : 22 <-- 0.036375 s
currentSize : 23 <-- 0.036566 s
currentSize : 24 <-- 0.042901 s
currentSize : 25 <-- 0.044127 s
currentSize : 26 <-- 0.368156 s
currentSize : 27 <-- 7.707854 s
currentSize : 28 <-- 70.377113 s

TIMEOUT
maxsize : 28
nodes : 19073985.000000
filtered : 1134006380.000000
time : 1000.000427
