Parameters: GAD=1 vflib=1 dir=0 label=0 lowerbound=1 fileNameGp=../../cp2016-max-common-connected-subgraph-paper/datasets/graphsdb/mcs50/bvg/b09m/mcs50_b09m_s30.A09 fileNameGt=../../cp2016-max-common-connected-subgraph-paper/datasets/graphsdb/mcs50/bvg/b09m/mcs50_b09m_s30.B09
Reading graphs...
30 :  126
30 :  124
Initializing...
maxdom : 30
D->valSize : 900
Solving...
Blb : 3 (clique : 12)
currentSize : 12 <-- 0.009696 s
currentSize : 13 <-- 0.010221 s
currentSize : 14 <-- 0.011935 s
currentSize : 15 <-- 0.054421 s
currentSize : 16 <-- 2.802347 s

maxsize : 16
nodes : 41897406.000000
filtered : 1017627443.000000
time : 260.948975
