Parameters: GAD=1 vflib=1 dir=0 label=0 lowerbound=1 fileNameGp=../../cp2016-max-common-connected-subgraph-paper/datasets/graphsdb/mcs50/m2D/m2Dr4/mcs50_m2Dr4_s50.A00 fileNameGt=../../cp2016-max-common-connected-subgraph-paper/datasets/graphsdb/mcs50/m2D/m2Dr4/mcs50_m2Dr4_s50.B00
Reading graphs...
50 :  103
50 :  104
Initializing...
maxdom : 50
D->valSize : 2500
Solving...
Blb : 2 (clique : 25)
currentSize : 25 <-- 0.096045 s
currentSize : 27 <-- 0.096370 s
currentSize : 28 <-- 0.115505 s
currentSize : 29 <-- 0.140972 s
currentSize : 30 <-- 0.360529 s
currentSize : 31 <-- 0.375714 s
currentSize : 32 <-- 10.073581 s
currentSize : 33 <-- 25.630644 s
currentSize : 34 <-- 576.609619 s

TIMEOUT
maxsize : 34
nodes : 9993704.000000
filtered : 700335407.000000
time : 1000.000488
