Parameters: GAD=1 vflib=1 dir=0 label=0 lowerbound=1 fileNameGp=../../cp2016-max-common-connected-subgraph-paper/datasets/graphsdb/mcs50/m2D/m2Dr2/mcs50_m2Dr2_s40.A05 fileNameGt=../../cp2016-max-common-connected-subgraph-paper/datasets/graphsdb/mcs50/m2D/m2Dr2/mcs50_m2Dr2_s40.B05
Reading graphs...
40 :  75
40 :  72
Initializing...
maxdom : 40
D->valSize : 1600
Solving...
Blb : 2 (clique : 22)
currentSize : 22 <-- 0.037099 s
currentSize : 24 <-- 0.037354 s
currentSize : 25 <-- 0.037434 s
currentSize : 26 <-- 0.186361 s
currentSize : 27 <-- 0.386120 s
currentSize : 28 <-- 0.766731 s

TIMEOUT
maxsize : 28
nodes : 22492122.000000
filtered : 1607327538.000000
time : 1000.000061
