Parameters: GAD=1 vflib=1 dir=0 label=0 lowerbound=1 fileNameGp=../../cp2016-max-common-connected-subgraph-paper/datasets/graphsdb/mcs50/m2D/m2Dr4/mcs50_m2Dr4_s50.A02 fileNameGt=../../cp2016-max-common-connected-subgraph-paper/datasets/graphsdb/mcs50/m2D/m2Dr4/mcs50_m2Dr4_s50.B02
Reading graphs...
50 :  103
50 :  103
Initializing...
maxdom : 50
D->valSize : 2500
Solving...
Blb : 2 (clique : 26)
currentSize : 26 <-- 0.145663 s
currentSize : 29 <-- 0.146248 s
currentSize : 30 <-- 0.149532 s
currentSize : 31 <-- 0.245374 s
currentSize : 32 <-- 7.971198 s
currentSize : 33 <-- 27.484785 s

TIMEOUT
maxsize : 33
nodes : 17912257.000000
filtered : 1014230694.000000
time : 1000.000427
