Parameters: GAD=1 vflib=1 dir=0 label=0 lowerbound=1 fileNameGp=../../cp2016-max-common-connected-subgraph-paper/datasets/graphsdb/mcs50/bvg/b03/mcs50_b03_s35.A00 fileNameGt=../../cp2016-max-common-connected-subgraph-paper/datasets/graphsdb/mcs50/bvg/b03/mcs50_b03_s35.B00
Reading graphs...
35 :  51
35 :  52
Initializing...
maxdom : 35
D->valSize : 1225
Solving...
Blb : 2 (clique : 21)
currentSize : 21 <-- 0.021406 s
currentSize : 22 <-- 0.021673 s
currentSize : 23 <-- 0.023936 s
currentSize : 24 <-- 5.286626 s
currentSize : 25 <-- 7.939762 s
currentSize : 26 <-- 45.321678 s

TIMEOUT
maxsize : 26
nodes : 13556402.000000
filtered : 1020142628.000000
time : 1000.000366
