Parameters: GAD=1 vflib=1 dir=0 label=0 lowerbound=1 fileNameGp=../../cp2016-max-common-connected-subgraph-paper/datasets/graphsdb/mcs50/bvg/b09/mcs50_b09_s35.A06 fileNameGt=../../cp2016-max-common-connected-subgraph-paper/datasets/graphsdb/mcs50/bvg/b09/mcs50_b09_s35.B06
Reading graphs...
35 :  152
35 :  154
Initializing...
maxdom : 35
D->valSize : 1225
Solving...
Blb : 2 (clique : 13)
currentSize : 13 <-- 0.018314 s
currentSize : 14 <-- 0.018493 s
currentSize : 15 <-- 0.020572 s
currentSize : 16 <-- 0.025793 s
currentSize : 17 <-- 0.236408 s
currentSize : 18 <-- 3.223870 s
currentSize : 19 <-- 25.233686 s

TIMEOUT
maxsize : 19
nodes : 114328862.000000
filtered : 3860342666.000000
time : 1000.000122
