Parameters: GAD=1 vflib=1 dir=0 label=0 lowerbound=1 fileNameGp=../../cp2016-max-common-connected-subgraph-paper/datasets/graphsdb/mcs50/m2D/m2Dr2/mcs50_m2Dr2_s50.A01 fileNameGt=../../cp2016-max-common-connected-subgraph-paper/datasets/graphsdb/mcs50/m2D/m2Dr2/mcs50_m2Dr2_s50.B01
Reading graphs...
50 :  95
50 :  95
Initializing...
maxdom : 50
D->valSize : 2500
Solving...
Blb : 2 (clique : 27)
currentSize : 27 <-- 0.097406 s
currentSize : 30 <-- 0.097790 s
currentSize : 31 <-- 0.098842 s
currentSize : 32 <-- 0.495709 s
currentSize : 33 <-- 2.077824 s
currentSize : 34 <-- 555.089233 s

TIMEOUT
maxsize : 34
nodes : 19634634.000000
filtered : 1346855232.000000
time : 1000.000244
