Parameters: GAD=1 vflib=1 dir=0 label=0 lowerbound=1 fileNameGp=../../cp2016-max-common-connected-subgraph-paper/datasets/graphsdb/mcs50/m4D/m4Dr4/mcs50_m4Dr4_s40.A06 fileNameGt=../../cp2016-max-common-connected-subgraph-paper/datasets/graphsdb/mcs50/m4D/m4Dr4/mcs50_m4Dr4_s40.B06
Reading graphs...
40 :  82
40 :  85
Initializing...
maxdom : 40
D->valSize : 1600
Solving...
Blb : 2 (clique : 21)
currentSize : 21 <-- 0.035833 s
currentSize : 22 <-- 0.036028 s
currentSize : 23 <-- 0.037178 s
currentSize : 24 <-- 0.038850 s
currentSize : 25 <-- 0.526144 s
currentSize : 26 <-- 5.296189 s
currentSize : 27 <-- 108.976685 s

TIMEOUT
maxsize : 27
nodes : 28973522.000000
filtered : 1273932973.000000
time : 1000.000549
