Parameters: GAD=1 vflib=1 dir=0 label=0 lowerbound=1 fileNameGp=../../cp2016-max-common-connected-subgraph-paper/datasets/graphsdb/mcs50/bvg/b06m/mcs50_b06m_s50.A05 fileNameGt=../../cp2016-max-common-connected-subgraph-paper/datasets/graphsdb/mcs50/bvg/b06m/mcs50_b06m_s50.B05
Reading graphs...
50 :  148
50 :  145
Initializing...
maxdom : 50
D->valSize : 2500
Solving...
Blb : 2 (clique : 23)
currentSize : 23 <-- 0.092104 s
currentSize : 24 <-- 0.093183 s
currentSize : 25 <-- 0.093424 s
currentSize : 26 <-- 0.098040 s
currentSize : 27 <-- 2.304726 s
currentSize : 28 <-- 273.982910 s

TIMEOUT
maxsize : 28
nodes : 26665517.000000
filtered : 1435152329.000000
time : 1000.000061
