Parameters: GAD=1 vflib=1 dir=0 label=0 lowerbound=1 fileNameGp=../../cp2016-max-common-connected-subgraph-paper/datasets/graphsdb/mcs50/bvg/b09/mcs50_b09_s30.A02 fileNameGt=../../cp2016-max-common-connected-subgraph-paper/datasets/graphsdb/mcs50/bvg/b09/mcs50_b09_s30.B02
Reading graphs...
30 :  134
30 :  129
Initializing...
maxdom : 30
D->valSize : 900
Solving...
Blb : 2 (clique : 12)
currentSize : 12 <-- 0.009762 s
currentSize : 13 <-- 0.009887 s
currentSize : 14 <-- 0.038915 s
currentSize : 15 <-- 0.139970 s
currentSize : 16 <-- 0.780344 s
currentSize : 17 <-- 1.068969 s

maxsize : 17
nodes : 9660781.000000
filtered : 234691332.000000
time : 63.651016
