Parameters: GAD=1 vflib=1 dir=0 label=0 lowerbound=1 fileNameGp=../../cp2016-max-common-connected-subgraph-paper/datasets/graphsdb/mcs50/bvg/b09m/mcs50_b09m_s35.A06 fileNameGt=../../cp2016-max-common-connected-subgraph-paper/datasets/graphsdb/mcs50/bvg/b09m/mcs50_b09m_s35.B06
Reading graphs...
35 :  151
35 :  150
Initializing...
maxdom : 35
D->valSize : 1225
Solving...
Blb : 2 (clique : 12)
currentSize : 12 <-- 0.018332 s
currentSize : 13 <-- 0.018496 s
currentSize : 14 <-- 0.018700 s
currentSize : 15 <-- 0.018912 s
currentSize : 16 <-- 0.020045 s
currentSize : 17 <-- 0.504601 s
currentSize : 18 <-- 8.333240 s

TIMEOUT
maxsize : 18
nodes : 116862873.000000
filtered : 3424872419.000000
time : 1000.000061
