Parameters: GAD=1 vflib=1 dir=0 label=0 lowerbound=1 fileNameGp=../../cp2016-max-common-connected-subgraph-paper/datasets/graphsdb/mcs50/bvg/b03m/mcs50_b03m_s50.A05 fileNameGt=../../cp2016-max-common-connected-subgraph-paper/datasets/graphsdb/mcs50/bvg/b03m/mcs50_b03m_s50.B05
Reading graphs...
50 :  75
50 :  75
Initializing...
maxdom : 50
D->valSize : 2500
Solving...
Blb : 2 (clique : 33)
currentSize : 33 <-- 0.099547 s
currentSize : 34 <-- 0.158284 s
currentSize : 35 <-- 0.367717 s
currentSize : 36 <-- 36.382950 s
currentSize : 37 <-- 43.035061 s
currentSize : 38 <-- 232.002625 s

TIMEOUT
maxsize : 38
nodes : 11897623.000000
filtered : 910153087.000000
time : 1000.000122
