Parameters: GAD=1 vflib=1 dir=0 label=0 lowerbound=1 fileNameGp=../../cp2016-max-common-connected-subgraph-paper/datasets/graphsdb/mcs50/m4D/m4Dr6/mcs50_m4Dr6_s35.A05 fileNameGt=../../cp2016-max-common-connected-subgraph-paper/datasets/graphsdb/mcs50/m4D/m4Dr6/mcs50_m4Dr6_s35.B05
Reading graphs...
35 :  82
35 :  80
Initializing...
maxdom : 35
D->valSize : 1225
Solving...
Blb : 5 (clique : 17)
currentSize : 17 <-- 0.020457 s
currentSize : 18 <-- 0.020897 s
currentSize : 19 <-- 0.130934 s
currentSize : 20 <-- 0.152648 s
currentSize : 21 <-- 1.414415 s
currentSize : 22 <-- 31.996418 s
currentSize : 23 <-- 112.578224 s

TIMEOUT
maxsize : 23
nodes : 29071324.000000
filtered : 1352488654.000000
time : 1000.000732
