Parameters: GAD=1 vflib=1 dir=0 label=0 lowerbound=1 fileNameGp=../../cp2016-max-common-connected-subgraph-paper/datasets/graphsdb/mcs50/m2D/m2D/mcs50_m2D_s30.A03 fileNameGt=../../cp2016-max-common-connected-subgraph-paper/datasets/graphsdb/mcs50/m2D/m2D/mcs50_m2D_s30.B03
Reading graphs...
30 :  49
30 :  49
Initializing...
maxdom : 30
D->valSize : 900
Solving...
Blb : 2 (clique : 18)
currentSize : 18 <-- 0.011427 s
currentSize : 19 <-- 0.011704 s
currentSize : 20 <-- 0.013257 s
currentSize : 21 <-- 0.035863 s
currentSize : 22 <-- 0.179855 s
currentSize : 23 <-- 357.697632 s

maxsize : 23
nodes : 12266602.000000
filtered : 734599269.000000
time : 519.998779
