Parameters: GAD=1 vflib=1 dir=0 label=0 lowerbound=1 fileNameGp=../../cp2016-max-common-connected-subgraph-paper/datasets/graphsdb/mcs50/bvg/b09/mcs50_b09_s40.A03 fileNameGt=../../cp2016-max-common-connected-subgraph-paper/datasets/graphsdb/mcs50/bvg/b09/mcs50_b09_s40.B03
Reading graphs...
40 :  178
40 :  176
Initializing...
maxdom : 40
D->valSize : 1600
Solving...
Blb : 2 (clique : 15)
currentSize : 15 <-- 0.055995 s
currentSize : 16 <-- 0.057879 s
currentSize : 17 <-- 0.069595 s
currentSize : 18 <-- 0.408986 s
currentSize : 19 <-- 0.453377 s
currentSize : 20 <-- 45.851711 s
currentSize : 21 <-- 83.897263 s
currentSize : 22 <-- 139.416870 s
currentSize : 23 <-- 698.083191 s

TIMEOUT
maxsize : 23
nodes : 127157321.000000
filtered : 3900914592.000000
time : 1000.000000
