Parameters: GAD=1 vflib=1 dir=0 label=0 lowerbound=1 fileNameGp=../../cp2016-max-common-connected-subgraph-paper/datasets/graphsdb/mcs50/bvg/b06m/mcs50_b06m_s40.A06 fileNameGt=../../cp2016-max-common-connected-subgraph-paper/datasets/graphsdb/mcs50/bvg/b06m/mcs50_b06m_s40.B06
Reading graphs...
40 :  116
40 :  117
Initializing...
maxdom : 40
D->valSize : 1600
Solving...
Blb : 2 (clique : 18)
currentSize : 18 <-- 0.034284 s
currentSize : 19 <-- 0.034534 s
currentSize : 20 <-- 0.034850 s
currentSize : 21 <-- 0.037144 s
currentSize : 22 <-- 1.146307 s
currentSize : 23 <-- 1.949757 s

TIMEOUT
maxsize : 23
nodes : 35670449.000000
filtered : 1545690774.000000
time : 1000.000000
