Parameters: GAD=1 vflib=1 dir=0 label=0 lowerbound=1 fileNameGp=../../cp2016-max-common-connected-subgraph-paper/datasets/graphsdb/mcs50/m2D/m2D/mcs50_m2D_s40.A08 fileNameGt=../../cp2016-max-common-connected-subgraph-paper/datasets/graphsdb/mcs50/m2D/m2D/mcs50_m2D_s40.B08
Reading graphs...
40 :  67
40 :  67
Initializing...
maxdom : 40
D->valSize : 1600
Solving...
Blb : 5 (clique : 24)
currentSize : 24 <-- 0.036671 s
currentSize : 25 <-- 0.041400 s
currentSize : 26 <-- 0.149817 s
currentSize : 27 <-- 1.069803 s
currentSize : 28 <-- 1.157733 s
currentSize : 29 <-- 49.777847 s

TIMEOUT
maxsize : 29
nodes : 10155867.000000
filtered : 815835144.000000
time : 1000.000549
