Parameters: GAD=1 vflib=1 dir=0 label=0 lowerbound=1 fileNameGp=../../cp2016-max-common-connected-subgraph-paper/datasets/graphsdb/mcs50/bvg/b09/mcs50_b09_s40.A05 fileNameGt=../../cp2016-max-common-connected-subgraph-paper/datasets/graphsdb/mcs50/bvg/b09/mcs50_b09_s40.B05
Reading graphs...
40 :  177
40 :  176
Initializing...
maxdom : 40
D->valSize : 1600
Solving...
Blb : 5 (clique : 16)
currentSize : 16 <-- 0.031977 s
currentSize : 17 <-- 0.040141 s
currentSize : 18 <-- 0.165731 s
currentSize : 19 <-- 22.964212 s
currentSize : 20 <-- 38.745396 s
currentSize : 21 <-- 38.983433 s
currentSize : 22 <-- 136.145615 s

TIMEOUT
maxsize : 22
nodes : 126796049.000000
filtered : 3801348407.000000
time : 1000.000000
