Parameters: GAD=1 vflib=1 dir=0 label=0 lowerbound=1 fileNameGp=../../cp2016-max-common-connected-subgraph-paper/datasets/graphsdb/mcs50/rand/r005/mcs50_r005_s50.A01 fileNameGt=../../cp2016-max-common-connected-subgraph-paper/datasets/graphsdb/mcs50/rand/r005/mcs50_r005_s50.B01
Reading graphs...
50 :  117
50 :  119
Initializing...
maxdom : 50
D->valSize : 2500
Solving...
Blb : 2 (clique : 24)
currentSize : 24 <-- 0.095195 s
currentSize : 25 <-- 0.096822 s
currentSize : 26 <-- 0.097464 s
currentSize : 27 <-- 0.173090 s
currentSize : 28 <-- 0.476765 s
currentSize : 29 <-- 1.081854 s
currentSize : 30 <-- 73.144112 s
currentSize : 31 <-- 270.023987 s

TIMEOUT
maxsize : 31
nodes : 16998394.000000
filtered : 954864770.000000
time : 1000.000183
