Parameters: GAD=1 vflib=1 dir=0 label=0 lowerbound=1 fileNameGp=../../cp2016-max-common-connected-subgraph-paper/datasets/graphsdb/mcs50/bvg/b09/mcs50_b09_s35.A04 fileNameGt=../../cp2016-max-common-connected-subgraph-paper/datasets/graphsdb/mcs50/bvg/b09/mcs50_b09_s35.B04
Reading graphs...
35 :  151
35 :  154
Initializing...
maxdom : 35
D->valSize : 1225
Solving...
Blb : 2 (clique : 13)
currentSize : 13 <-- 0.018540 s
currentSize : 14 <-- 0.028138 s
currentSize : 15 <-- 0.032142 s
currentSize : 16 <-- 0.366899 s
currentSize : 17 <-- 0.553773 s
currentSize : 18 <-- 26.679098 s

TIMEOUT
maxsize : 18
nodes : 132325069.000000
filtered : 3459333726.000000
time : 1000.000183
