Parameters: GAD=1 vflib=1 dir=0 label=0 lowerbound=1 fileNameGp=../../cp2016-max-common-connected-subgraph-paper/datasets/graphsdb/mcs50/rand/r02/mcs50_r02_s40.A02 fileNameGt=../../cp2016-max-common-connected-subgraph-paper/datasets/graphsdb/mcs50/rand/r02/mcs50_r02_s40.B02
Reading graphs...
40 :  283
40 :  284
Initializing...
maxdom : 40
D->valSize : 1600
Solving...
Blb : 2 (clique : 11)
currentSize : 11 <-- 0.029592 s
currentSize : 12 <-- 0.029784 s
currentSize : 13 <-- 0.030124 s
currentSize : 14 <-- 0.044350 s
currentSize : 15 <-- 1.546465 s
currentSize : 16 <-- 294.847473 s

TIMEOUT
maxsize : 16
nodes : 222649102.000000
filtered : 2959787233.000000
time : 1000.000000
