Parameters: GAD=1 vflib=1 dir=0 label=0 lowerbound=1 fileNameGp=../../cp2016-max-common-connected-subgraph-paper/datasets/graphsdb/mcs50/rand/r02/mcs50_r02_s40.A07 fileNameGt=../../cp2016-max-common-connected-subgraph-paper/datasets/graphsdb/mcs50/rand/r02/mcs50_r02_s40.B07
Reading graphs...
40 :  283
40 :  278
Initializing...
maxdom : 40
D->valSize : 1600
Solving...
Blb : 2 (clique : 11)
currentSize : 11 <-- 0.030054 s
currentSize : 12 <-- 0.030240 s
currentSize : 13 <-- 0.030463 s
currentSize : 14 <-- 0.044756 s
currentSize : 15 <-- 0.221501 s
currentSize : 16 <-- 28.174822 s

TIMEOUT
maxsize : 16
nodes : 214754989.000000
filtered : 3024227480.000000
time : 1000.000000
