Parameters: GAD=1 vflib=1 dir=0 label=0 lowerbound=1 fileNameGp=../../cp2016-max-common-connected-subgraph-paper/datasets/graphsdb/mcs50/bvg/b03/mcs50_b03_s40.A07 fileNameGt=../../cp2016-max-common-connected-subgraph-paper/datasets/graphsdb/mcs50/bvg/b03/mcs50_b03_s40.B07
Reading graphs...
40 :  60
40 :  59
Initializing...
maxdom : 40
D->valSize : 1600
Solving...
Blb : 2 (clique : 25)
currentSize : 25 <-- 0.037155 s
currentSize : 26 <-- 0.037545 s
currentSize : 27 <-- 0.042183 s
currentSize : 28 <-- 0.073451 s
currentSize : 29 <-- 0.146223 s
currentSize : 30 <-- 4.392487 s

TIMEOUT
maxsize : 30
nodes : 15842054.000000
filtered : 1218723816.000000
time : 1000.000488
