Parameters: GAD=1 vflib=1 dir=0 label=0 lowerbound=1 fileNameGp=../../cp2016-max-common-connected-subgraph-paper/datasets/graphsdb/mcs50/m4D/m4Dr4/mcs50_m4Dr4_s30.A04 fileNameGt=../../cp2016-max-common-connected-subgraph-paper/datasets/graphsdb/mcs50/m4D/m4Dr4/mcs50_m4Dr4_s30.B04
Reading graphs...
30 :  65
30 :  66
Initializing...
maxdom : 30
D->valSize : 900
Solving...
Blb : 2 (clique : 16)
currentSize : 16 <-- 0.019329 s
currentSize : 17 <-- 0.021261 s
currentSize : 18 <-- 0.048961 s
currentSize : 19 <-- 0.056813 s
currentSize : 20 <-- 0.645298 s
currentSize : 21 <-- 15.688315 s

maxsize : 21
nodes : 6897931.000000
filtered : 421731717.000000
time : 147.234619
