Parameters: GAD=1 vflib=1 dir=0 label=0 lowerbound=1 fileNameGp=../../cp2016-max-common-connected-subgraph-paper/datasets/graphsdb/mcs50/bvg/b09/mcs50_b09_s40.A01 fileNameGt=../../cp2016-max-common-connected-subgraph-paper/datasets/graphsdb/mcs50/bvg/b09/mcs50_b09_s40.B01
Reading graphs...
40 :  179
40 :  178
Initializing...
maxdom : 40
D->valSize : 1600
Solving...
Blb : 5 (clique : 15)
currentSize : 15 <-- 0.031915 s
currentSize : 16 <-- 0.032987 s
currentSize : 17 <-- 0.033414 s
currentSize : 18 <-- 0.060247 s
currentSize : 19 <-- 11.346607 s
currentSize : 20 <-- 248.281479 s
currentSize : 21 <-- 579.218445 s

TIMEOUT
maxsize : 21
nodes : 128372005.000000
filtered : 3396333735.000000
time : 1000.000000
