Parameters: GAD=1 vflib=1 dir=0 label=0 lowerbound=1 fileNameGp=../../cp2016-max-common-connected-subgraph-paper/datasets/graphsdb/mcs50/m3D/m3Dr4/mcs50_m3Dr4_s50.A02 fileNameGt=../../cp2016-max-common-connected-subgraph-paper/datasets/graphsdb/mcs50/m3D/m3Dr4/mcs50_m3Dr4_s50.B02
Reading graphs...
50 :  126
50 :  127
Initializing...
maxdom : 50
D->valSize : 2500
Solving...
Blb : 2 (clique : 23)
currentSize : 23 <-- 0.117332 s
currentSize : 24 <-- 0.117745 s
currentSize : 25 <-- 0.117978 s
currentSize : 27 <-- 0.118192 s
currentSize : 28 <-- 0.119921 s
currentSize : 29 <-- 0.261242 s
currentSize : 30 <-- 112.692856 s

TIMEOUT
maxsize : 30
nodes : 53334331.000000
filtered : 2058967611.000000
time : 1000.000732
