Parameters: GAD=1 vflib=1 dir=0 label=0 lowerbound=1 fileNameGp=../../cp2016-max-common-connected-subgraph-paper/datasets/graphsdb/mcs50/bvg/b09/mcs50_b09_s30.A03 fileNameGt=../../cp2016-max-common-connected-subgraph-paper/datasets/graphsdb/mcs50/bvg/b09/mcs50_b09_s30.B03
Reading graphs...
30 :  131
30 :  132
Initializing...
maxdom : 30
D->valSize : 900
Solving...
Blb : 2 (clique : 11)
currentSize : 11 <-- 0.009831 s
currentSize : 12 <-- 0.009950 s
currentSize : 13 <-- 0.012956 s
currentSize : 14 <-- 0.015318 s
currentSize : 15 <-- 0.083322 s
currentSize : 16 <-- 1.533516 s
currentSize : 17 <-- 6.747501 s

maxsize : 17
nodes : 12019660.000000
filtered : 353323786.000000
time : 86.883179
