Parameters: GAD=1 vflib=1 dir=0 label=0 lowerbound=1 fileNameGp=../../cp2016-max-common-connected-subgraph-paper/datasets/graphsdb/mcs50/m4D/m4Dr4/mcs50_m4Dr4_s30.A06 fileNameGt=../../cp2016-max-common-connected-subgraph-paper/datasets/graphsdb/mcs50/m4D/m4Dr4/mcs50_m4Dr4_s30.B06
Reading graphs...
30 :  65
30 :  64
Initializing...
maxdom : 30
D->valSize : 900
Solving...
Blb : 2 (clique : 15)
currentSize : 15 <-- 0.011021 s
currentSize : 16 <-- 0.011210 s
currentSize : 17 <-- 0.011363 s
currentSize : 18 <-- 0.012419 s
currentSize : 19 <-- 0.069178 s
currentSize : 20 <-- 0.487342 s
currentSize : 21 <-- 1.642033 s

maxsize : 21
nodes : 11510117.000000
filtered : 697306899.000000
time : 415.909698
