Parameters: GAD=1 vflib=1 dir=0 label=0 lowerbound=1 fileNameGp=../../cp2016-max-common-connected-subgraph-paper/datasets/graphsdb/mcs50/bvg/b09/mcs50_b09_s40.A06 fileNameGt=../../cp2016-max-common-connected-subgraph-paper/datasets/graphsdb/mcs50/bvg/b09/mcs50_b09_s40.B06
Reading graphs...
40 :  176
40 :  176
Initializing...
maxdom : 40
D->valSize : 1600
Solving...
Blb : 2 (clique : 16)
currentSize : 16 <-- 0.032632 s
currentSize : 17 <-- 0.062257 s
currentSize : 18 <-- 0.086870 s
currentSize : 19 <-- 0.106474 s
currentSize : 22 <-- 3.344471 s
currentSize : 23 <-- 3.344595 s

TIMEOUT
maxsize : 23
nodes : 91956830.000000
filtered : 3446906198.000000
time : 1000.000183
