Parameters: GAD=1 vflib=1 dir=0 label=0 lowerbound=1 fileNameGp=../../cp2016-max-common-connected-subgraph-paper/datasets/graphsdb/mcs50/m2D/m2Dr4/mcs50_m2Dr4_s30.A01 fileNameGt=../../cp2016-max-common-connected-subgraph-paper/datasets/graphsdb/mcs50/m2D/m2Dr4/mcs50_m2Dr4_s30.B01
Reading graphs...
30 :  61
30 :  57
Initializing...
maxdom : 30
D->valSize : 900
Solving...
Blb : 2 (clique : 16)
currentSize : 16 <-- 0.019334 s
currentSize : 17 <-- 0.019541 s
currentSize : 18 <-- 0.019708 s
currentSize : 19 <-- 0.054712 s
currentSize : 20 <-- 0.218901 s
currentSize : 21 <-- 1.068580 s

maxsize : 21
nodes : 10075572.000000
filtered : 528494527.000000
time : 314.490875
