Parameters: GAD=1 vflib=1 dir=0 label=0 lowerbound=1 fileNameGp=../../cp2016-max-common-connected-subgraph-paper/datasets/graphsdb/mcs50/rand/r005/mcs50_r005_s30.A09 fileNameGt=../../cp2016-max-common-connected-subgraph-paper/datasets/graphsdb/mcs50/rand/r005/mcs50_r005_s30.B09
Reading graphs...
30 :  47
30 :  47
Initializing...
maxdom : 30
D->valSize : 900
Solving...
Blb : 2 (clique : 17)
currentSize : 17 <-- 0.011449 s
currentSize : 18 <-- 0.012163 s
currentSize : 19 <-- 0.024617 s
currentSize : 20 <-- 0.052267 s
currentSize : 21 <-- 0.225759 s
currentSize : 22 <-- 40.529243 s

TIMEOUT
maxsize : 22
nodes : 32124958.000000
filtered : 1619434655.000000
time : 1000.000305
