Parameters: GAD=1 vflib=1 dir=0 label=0 lowerbound=1 fileNameGp=../../cp2016-max-common-connected-subgraph-paper/datasets/graphsdb/mcs50/m4D/m4Dr6/mcs50_m4Dr6_s30.A00 fileNameGt=../../cp2016-max-common-connected-subgraph-paper/datasets/graphsdb/mcs50/m4D/m4Dr6/mcs50_m4Dr6_s30.B00
Reading graphs...
30 :  71
30 :  68
Initializing...
maxdom : 30
D->valSize : 900
Solving...
Blb : 3 (clique : 15)
currentSize : 15 <-- 0.010902 s
currentSize : 16 <-- 0.011175 s
currentSize : 17 <-- 0.011460 s
currentSize : 18 <-- 0.012871 s
currentSize : 19 <-- 1.480572 s
currentSize : 20 <-- 6.860011 s

maxsize : 20
nodes : 9548554.000000
filtered : 425757713.000000
time : 224.663879
