Parameters: GAD=1 vflib=1 dir=0 label=0 lowerbound=1 fileNameGp=../../cp2016-max-common-connected-subgraph-paper/datasets/graphsdb/mcs50/m4D/m4Dr2/mcs50_m4Dr2_s35.A06 fileNameGt=../../cp2016-max-common-connected-subgraph-paper/datasets/graphsdb/mcs50/m4D/m4Dr2/mcs50_m4Dr2_s35.B06
Reading graphs...
35 :  70
35 :  68
Initializing...
maxdom : 35
D->valSize : 1225
Solving...
Blb : 2 (clique : 18)
currentSize : 18 <-- 0.036532 s
currentSize : 19 <-- 0.036837 s
currentSize : 20 <-- 0.037038 s
currentSize : 21 <-- 0.043184 s
currentSize : 22 <-- 0.131740 s
currentSize : 23 <-- 2.021792 s
currentSize : 24 <-- 19.355742 s
currentSize : 25 <-- 24.375360 s

TIMEOUT
maxsize : 25
nodes : 17830358.000000
filtered : 1252197082.000000
time : 1000.000122
