Parameters: GAD=1 vflib=1 dir=0 label=0 lowerbound=1 fileNameGp=../../cp2016-max-common-connected-subgraph-paper/datasets/graphsdb/mcs50/m4D/m4D/mcs50_m4D_s40.A03 fileNameGt=../../cp2016-max-common-connected-subgraph-paper/datasets/graphsdb/mcs50/m4D/m4D/mcs50_m4D_s40.B03
Reading graphs...
40 :  71
40 :  71
Initializing...
maxdom : 40
D->valSize : 1600
Solving...
Blb : 2 (clique : 22)
currentSize : 22 <-- 0.036625 s
currentSize : 23 <-- 0.036861 s
currentSize : 24 <-- 0.036901 s
currentSize : 25 <-- 0.038814 s
currentSize : 26 <-- 0.040191 s
currentSize : 27 <-- 0.047157 s
currentSize : 28 <-- 224.002151 s

TIMEOUT
maxsize : 28
nodes : 17146608.000000
filtered : 1234753376.000000
time : 1000.000793
