Parameters: GAD=1 vflib=1 dir=0 label=0 lowerbound=1 fileNameGp=../../cp2016-max-common-connected-subgraph-paper/datasets/graphsdb/mcs50/rand/r02/mcs50_r02_s30.A04 fileNameGt=../../cp2016-max-common-connected-subgraph-paper/datasets/graphsdb/mcs50/rand/r02/mcs50_r02_s30.B04
Reading graphs...
30 :  159
30 :  152
Initializing...
maxdom : 30
D->valSize : 900
Solving...
Blb : 2 (clique : 10)
currentSize : 10 <-- 0.009436 s
currentSize : 11 <-- 0.009634 s
currentSize : 12 <-- 0.010517 s
currentSize : 13 <-- 0.010770 s
currentSize : 14 <-- 2.856897 s
currentSize : 15 <-- 36.511894 s

maxsize : 15
nodes : 61908692.000000
filtered : 953412139.000000
time : 277.728027
