Parameters: GAD=1 vflib=1 dir=0 label=0 lowerbound=1 fileNameGp=../../cp2016-max-common-connected-subgraph-paper/datasets/graphsdb/mcs50/bvg/b06/mcs50_b06_s30.A02 fileNameGt=../../cp2016-max-common-connected-subgraph-paper/datasets/graphsdb/mcs50/bvg/b06/mcs50_b06_s30.B02
Reading graphs...
30 :  90
30 :  90
Initializing...
maxdom : 30
D->valSize : 900
Solving...
Blb : 2 (clique : 13)
currentSize : 13 <-- 0.018183 s
currentSize : 14 <-- 0.018380 s
currentSize : 15 <-- 0.022353 s
currentSize : 16 <-- 0.031779 s
currentSize : 17 <-- 0.072301 s
currentSize : 18 <-- 2.493764 s
currentSize : 19 <-- 19.319679 s

maxsize : 19
nodes : 8185521.000000
filtered : 305362976.000000
time : 99.136604
