Parameters: GAD=1 vflib=1 dir=0 label=0 lowerbound=1 fileNameGp=../../cp2016-max-common-connected-subgraph-paper/datasets/graphsdb/mcs50/m2D/m2Dr2/mcs50_m2Dr2_s50.A04 fileNameGt=../../cp2016-max-common-connected-subgraph-paper/datasets/graphsdb/mcs50/m2D/m2Dr2/mcs50_m2Dr2_s50.B04
Reading graphs...
50 :  93
50 :  95
Initializing...
maxdom : 50
D->valSize : 2500
Solving...
Blb : 2 (clique : 27)
currentSize : 27 <-- 0.125542 s
currentSize : 28 <-- 0.126181 s
currentSize : 29 <-- 0.132581 s
currentSize : 30 <-- 0.134315 s
currentSize : 31 <-- 0.463082 s
currentSize : 32 <-- 0.825904 s
currentSize : 33 <-- 26.055929 s
currentSize : 34 <-- 79.280266 s

TIMEOUT
maxsize : 34
nodes : 16248803.000000
filtered : 1049470360.000000
time : 1000.000244
