Parameters: GAD=1 vflib=1 dir=0 label=0 lowerbound=1 fileNameGp=../../cp2016-max-common-connected-subgraph-paper/datasets/graphsdb/mcs50/rand/r005/mcs50_r005_s25.A04 fileNameGt=../../cp2016-max-common-connected-subgraph-paper/datasets/graphsdb/mcs50/rand/r005/mcs50_r005_s25.B04
Reading graphs...
25 :  34
25 :  35
Initializing...
maxdom : 25
D->valSize : 625
Solving...
Blb : 2 (clique : 14)
currentSize : 14 <-- 0.005799 s
currentSize : 15 <-- 0.006016 s
currentSize : 16 <-- 0.006368 s
currentSize : 17 <-- 0.007069 s
currentSize : 18 <-- 0.088350 s
currentSize : 19 <-- 2.617628 s

maxsize : 19
nodes : 484171.000000
filtered : 19760096.000000
time : 12.988984
