Parameters: GAD=1 vflib=1 dir=0 label=0 lowerbound=1 fileNameGp=../../cp2016-max-common-connected-subgraph-paper/datasets/graphsdb/mcs50/bvg/b06m/mcs50_b06m_s35.A03 fileNameGt=../../cp2016-max-common-connected-subgraph-paper/datasets/graphsdb/mcs50/bvg/b06m/mcs50_b06m_s35.B03
Reading graphs...
35 :  103
35 :  103
Initializing...
maxdom : 35
D->valSize : 1225
Solving...
Blb : 2 (clique : 16)
currentSize : 16 <-- 0.019697 s
currentSize : 17 <-- 0.020333 s
currentSize : 18 <-- 0.020700 s
currentSize : 19 <-- 0.096835 s
currentSize : 20 <-- 1.438428 s
currentSize : 21 <-- 382.717529 s

TIMEOUT
maxsize : 21
nodes : 58236036.000000
filtered : 2364190066.000000
time : 1000.000061
