Parameters: GAD=1 vflib=1 dir=0 label=0 lowerbound=1 fileNameGp=../../cp2016-max-common-connected-subgraph-paper/datasets/graphsdb/mcs50/bvg/b03/mcs50_b03_s35.A06 fileNameGt=../../cp2016-max-common-connected-subgraph-paper/datasets/graphsdb/mcs50/bvg/b03/mcs50_b03_s35.B06
Reading graphs...
35 :  52
35 :  52
Initializing...
maxdom : 35
D->valSize : 1225
Solving...
Blb : 2 (clique : 21)
currentSize : 21 <-- 0.021556 s
currentSize : 22 <-- 0.023789 s
currentSize : 23 <-- 0.086888 s
currentSize : 24 <-- 0.104943 s
currentSize : 25 <-- 0.275024 s
currentSize : 26 <-- 0.843721 s
currentSize : 27 <-- 269.032104 s

TIMEOUT
maxsize : 27
nodes : 9966723.000000
filtered : 787573165.000000
time : 1000.000488
