Parameters: GAD=1 vflib=1 dir=0 label=0 lowerbound=1 fileNameGp=../../cp2016-max-common-connected-subgraph-paper/datasets/graphsdb/mcs50/m4D/m4Dr6/mcs50_m4Dr6_s30.A05 fileNameGt=../../cp2016-max-common-connected-subgraph-paper/datasets/graphsdb/mcs50/m4D/m4Dr6/mcs50_m4Dr6_s30.B05
Reading graphs...
30 :  73
30 :  71
Initializing...
maxdom : 30
D->valSize : 900
Solving...
Blb : 2 (clique : 14)
currentSize : 14 <-- 0.010795 s
currentSize : 15 <-- 0.011488 s
currentSize : 16 <-- 0.016890 s
currentSize : 17 <-- 0.022380 s
currentSize : 18 <-- 0.336661 s
currentSize : 19 <-- 13.704842 s
currentSize : 20 <-- 273.747742 s

maxsize : 20
nodes : 31397549.000000
filtered : 1743191551.000000
time : 644.908997
