Parameters: GAD=1 vflib=1 dir=0 label=0 lowerbound=1 fileNameGp=../../cp2016-max-common-connected-subgraph-paper/datasets/graphsdb/mcs50/m4D/m4Dr6/mcs50_m4Dr6_s35.A08 fileNameGt=../../cp2016-max-common-connected-subgraph-paper/datasets/graphsdb/mcs50/m4D/m4Dr6/mcs50_m4Dr6_s35.B08
Reading graphs...
35 :  83
35 :  81
Initializing...
maxdom : 35
D->valSize : 1225
Solving...
Blb : 3 (clique : 17)
currentSize : 17 <-- 0.020401 s
currentSize : 18 <-- 0.020546 s
currentSize : 19 <-- 0.021429 s
currentSize : 20 <-- 0.042127 s
currentSize : 21 <-- 1.194494 s
currentSize : 22 <-- 3.373208 s
currentSize : 23 <-- 14.918737 s

TIMEOUT
maxsize : 23
nodes : 32004283.000000
filtered : 1843078151.000000
time : 1000.000061
