Parameters: GAD=1 vflib=1 dir=0 label=0 lowerbound=1 fileNameGp=../../cp2016-max-common-connected-subgraph-paper/datasets/graphsdb/mcs50/bvg/b06/mcs50_b06_s40.A01 fileNameGt=../../cp2016-max-common-connected-subgraph-paper/datasets/graphsdb/mcs50/bvg/b06/mcs50_b06_s40.B01
Reading graphs...
40 :  119
40 :  119
Initializing...
maxdom : 40
D->valSize : 1600
Solving...
Blb : 2 (clique : 19)
currentSize : 19 <-- 0.053217 s
currentSize : 20 <-- 0.058420 s
currentSize : 21 <-- 0.074940 s
currentSize : 22 <-- 0.087112 s
currentSize : 23 <-- 89.350922 s
currentSize : 24 <-- 93.860039 s
currentSize : 25 <-- 505.493774 s

TIMEOUT
maxsize : 25
nodes : 54640153.000000
filtered : 2404338370.000000
time : 1000.000000
