Parameters: GAD=1 vflib=1 dir=0 label=0 lowerbound=1 fileNameGp=../../cp2016-max-common-connected-subgraph-paper/datasets/graphsdb/mcs50/bvg/b09/mcs50_b09_s40.A00 fileNameGt=../../cp2016-max-common-connected-subgraph-paper/datasets/graphsdb/mcs50/bvg/b09/mcs50_b09_s40.B00
Reading graphs...
40 :  178
40 :  179
Initializing...
maxdom : 40
D->valSize : 1600
Solving...
Blb : 2 (clique : 15)
currentSize : 15 <-- 0.054726 s
currentSize : 16 <-- 0.054995 s
currentSize : 18 <-- 0.055068 s
currentSize : 19 <-- 0.103625 s
currentSize : 20 <-- 3.535150 s
currentSize : 21 <-- 14.340032 s
currentSize : 22 <-- 30.947672 s

TIMEOUT
maxsize : 22
nodes : 102705724.000000
filtered : 3341875438.000000
time : 1000.000000
