Parameters: GAD=1 vflib=1 dir=0 label=0 lowerbound=1 fileNameGp=../../cp2016-max-common-connected-subgraph-paper/datasets/graphsdb/mcs50/m3D/m3Dr6/mcs50_m3Dr6_s50.A04 fileNameGt=../../cp2016-max-common-connected-subgraph-paper/datasets/graphsdb/mcs50/m3D/m3Dr6/mcs50_m3Dr6_s50.B04
Reading graphs...
50 :  138
50 :  134
Initializing...
maxdom : 50
D->valSize : 2500
Solving...
Blb : 5 (clique : 24)
currentSize : 24 <-- 0.093896 s
currentSize : 25 <-- 0.094261 s
currentSize : 26 <-- 0.098414 s
currentSize : 27 <-- 0.201590 s
currentSize : 28 <-- 4.631072 s
currentSize : 29 <-- 622.625671 s

TIMEOUT
maxsize : 29
nodes : 49439801.000000
filtered : 1883206678.000000
time : 1000.000183
