Parameters: GAD=1 vflib=1 dir=0 label=0 lowerbound=1 fileNameGp=../../cp2016-max-common-connected-subgraph-paper/datasets/graphsdb/mcs50/m2D/m2Dr2/mcs50_m2Dr2_s50.A08 fileNameGt=../../cp2016-max-common-connected-subgraph-paper/datasets/graphsdb/mcs50/m2D/m2Dr2/mcs50_m2Dr2_s50.B08
Reading graphs...
50 :  95
50 :  95
Initializing...
maxdom : 50
D->valSize : 2500
Solving...
Blb : 2 (clique : 27)
currentSize : 27 <-- 0.096749 s
currentSize : 28 <-- 0.098402 s
currentSize : 29 <-- 0.099205 s
currentSize : 30 <-- 0.302918 s
currentSize : 31 <-- 0.338460 s
currentSize : 32 <-- 1.257080 s
currentSize : 33 <-- 33.856041 s

TIMEOUT
maxsize : 33
nodes : 43692924.000000
filtered : 1860246816.000000
time : 1000.000000
