Parameters: GAD=1 vflib=1 dir=0 label=0 lowerbound=1 fileNameGp=../../cp2016-max-common-connected-subgraph-paper/datasets/graphsdb/mcs50/bvg/b09/mcs50_b09_s50.A05 fileNameGt=../../cp2016-max-common-connected-subgraph-paper/datasets/graphsdb/mcs50/bvg/b09/mcs50_b09_s50.B05
Reading graphs...
50 :  219
50 :  222
Initializing...
maxdom : 50
D->valSize : 2500
Solving...
Blb : 2 (clique : 17)
currentSize : 17 <-- 0.086234 s
currentSize : 18 <-- 0.086524 s
currentSize : 19 <-- 0.087148 s
currentSize : 20 <-- 0.096601 s
currentSize : 21 <-- 0.111269 s
currentSize : 22 <-- 2.095630 s
currentSize : 23 <-- 2.296466 s

TIMEOUT
maxsize : 23
nodes : 120583674.000000
filtered : 3437670829.000000
time : 1000.000000
