Parameters: GAD=1 vflib=1 dir=0 label=0 lowerbound=1 fileNameGp=../../cp2016-max-common-connected-subgraph-paper/datasets/graphsdb/mcs50/m4D/m4Dr6/mcs50_m4Dr6_s40.A09 fileNameGt=../../cp2016-max-common-connected-subgraph-paper/datasets/graphsdb/mcs50/m4D/m4Dr6/mcs50_m4Dr6_s40.B09
Reading graphs...
40 :  94
40 :  91
Initializing...
maxdom : 40
D->valSize : 1600
Solving...
Blb : 2 (clique : 20)
currentSize : 20 <-- 0.035206 s
currentSize : 21 <-- 0.035434 s
currentSize : 22 <-- 0.036282 s
currentSize : 23 <-- 0.036978 s
currentSize : 24 <-- 0.038386 s
currentSize : 25 <-- 2.782105 s
currentSize : 26 <-- 111.646599 s

TIMEOUT
maxsize : 26
nodes : 32018672.000000
filtered : 1985488687.000000
time : 1000.000549
