Parameters: GAD=1 vflib=1 dir=0 label=0 lowerbound=1 fileNameGp=../../cp2016-max-common-connected-subgraph-paper/datasets/graphsdb/mcs50/bvg/b09m/mcs50_b09m_s40.A08 fileNameGt=../../cp2016-max-common-connected-subgraph-paper/datasets/graphsdb/mcs50/bvg/b09m/mcs50_b09m_s40.B08
Reading graphs...
40 :  173
40 :  170
Initializing...
maxdom : 40
D->valSize : 1600
Solving...
Blb : 2 (clique : 15)
currentSize : 15 <-- 0.032265 s
currentSize : 16 <-- 0.032589 s
currentSize : 17 <-- 0.033088 s
currentSize : 18 <-- 0.036048 s
currentSize : 19 <-- 0.260830 s
currentSize : 20 <-- 148.063217 s

TIMEOUT
maxsize : 20
nodes : 153266749.000000
filtered : 3377178492.000000
time : 1000.000183
