Parameters: GAD=1 vflib=1 dir=0 label=0 lowerbound=1 fileNameGp=../../cp2016-max-common-connected-subgraph-paper/datasets/graphsdb/mcs50/m4D/m4Dr4/mcs50_m4Dr4_s35.A08 fileNameGt=../../cp2016-max-common-connected-subgraph-paper/datasets/graphsdb/mcs50/m4D/m4Dr4/mcs50_m4Dr4_s35.B08
Reading graphs...
35 :  74
35 :  75
Initializing...
maxdom : 35
D->valSize : 1225
Solving...
Blb : 2 (clique : 17)
currentSize : 17 <-- 0.020426 s
currentSize : 18 <-- 0.020598 s
currentSize : 19 <-- 0.020693 s
currentSize : 20 <-- 0.020774 s
currentSize : 21 <-- 0.020944 s
currentSize : 22 <-- 0.221676 s
currentSize : 23 <-- 128.704361 s
currentSize : 24 <-- 284.538025 s

TIMEOUT
maxsize : 24
nodes : 31447472.000000
filtered : 1704213701.000000
time : 1000.000305
