Parameters: GAD=1 vflib=1 dir=0 label=0 lowerbound=1 fileNameGp=../../cp2016-max-common-connected-subgraph-paper/datasets/graphsdb/mcs50/bvg/b06/mcs50_b06_s35.A03 fileNameGt=../../cp2016-max-common-connected-subgraph-paper/datasets/graphsdb/mcs50/bvg/b06/mcs50_b06_s35.B03
Reading graphs...
35 :  104
35 :  104
Initializing...
maxdom : 35
D->valSize : 1225
Solving...
Blb : 2 (clique : 17)
currentSize : 17 <-- 0.019663 s
currentSize : 18 <-- 0.022985 s
currentSize : 19 <-- 0.060400 s
currentSize : 20 <-- 1.002015 s
currentSize : 21 <-- 2.670356 s
currentSize : 22 <-- 8.968839 s

TIMEOUT
maxsize : 22
nodes : 52042267.000000
filtered : 2638753465.000000
time : 1000.000000
