Parameters: GAD=1 vflib=1 dir=0 label=0 lowerbound=1 fileNameGp=../../cp2016-max-common-connected-subgraph-paper/datasets/graphsdb/mcs50/m2D/m2Dr2/mcs50_m2Dr2_s40.A08 fileNameGt=../../cp2016-max-common-connected-subgraph-paper/datasets/graphsdb/mcs50/m2D/m2Dr2/mcs50_m2Dr2_s40.B08
Reading graphs...
40 :  75
40 :  75
Initializing...
maxdom : 40
D->valSize : 1600
Solving...
Blb : 2 (clique : 22)
currentSize : 22 <-- 0.036348 s
currentSize : 23 <-- 0.037656 s
currentSize : 24 <-- 0.038117 s
currentSize : 25 <-- 0.041884 s
currentSize : 26 <-- 0.042612 s
currentSize : 27 <-- 0.049028 s
currentSize : 28 <-- 845.875183 s

TIMEOUT
maxsize : 28
nodes : 24535334.000000
filtered : 1549403301.000000
time : 1000.000732
