Parameters: GAD=1 vflib=1 dir=0 label=0 lowerbound=1 fileNameGp=../../cp2016-max-common-connected-subgraph-paper/datasets/graphsdb/mcs50/bvg/b09/mcs50_b09_s50.A06 fileNameGt=../../cp2016-max-common-connected-subgraph-paper/datasets/graphsdb/mcs50/bvg/b09/mcs50_b09_s50.B06
Reading graphs...
50 :  221
50 :  220
Initializing...
maxdom : 50
D->valSize : 2500
Solving...
Blb : 2 (clique : 18)
currentSize : 18 <-- 0.107064 s
currentSize : 19 <-- 0.107548 s
currentSize : 20 <-- 0.108115 s
currentSize : 21 <-- 0.108586 s
currentSize : 22 <-- 0.111302 s
currentSize : 23 <-- 0.277168 s
currentSize : 24 <-- 19.505116 s

TIMEOUT
maxsize : 24
nodes : 110193201.000000
filtered : 3292384244.000000
time : 1000.000000
