Parameters: GAD=1 vflib=1 dir=0 label=0 lowerbound=1 fileNameGp=../../cp2016-max-common-connected-subgraph-paper/datasets/graphsdb/mcs50/m2D/m2Dr4/mcs50_m2Dr4_s40.A06 fileNameGt=../../cp2016-max-common-connected-subgraph-paper/datasets/graphsdb/mcs50/m2D/m2Dr4/mcs50_m2Dr4_s40.B06
Reading graphs...
40 :  82
40 :  82
Initializing...
maxdom : 40
D->valSize : 1600
Solving...
Blb : 2 (clique : 22)
currentSize : 22 <-- 0.063040 s
currentSize : 23 <-- 0.064101 s
currentSize : 24 <-- 0.065657 s
currentSize : 25 <-- 0.078507 s
currentSize : 26 <-- 0.662798 s
currentSize : 27 <-- 2.266667 s

TIMEOUT
maxsize : 27
nodes : 18429257.000000
filtered : 1245196888.000000
time : 1000.000244
