Parameters: GAD=1 vflib=1 dir=0 label=0 lowerbound=1 fileNameGp=../../cp2016-max-common-connected-subgraph-paper/datasets/graphsdb/mcs50/rand/r005/mcs50_r005_s50.A02 fileNameGt=../../cp2016-max-common-connected-subgraph-paper/datasets/graphsdb/mcs50/rand/r005/mcs50_r005_s50.B02
Reading graphs...
50 :  117
50 :  118
Initializing...
maxdom : 50
D->valSize : 2500
Solving...
Blb : 2 (clique : 25)
currentSize : 25 <-- 0.095082 s
currentSize : 26 <-- 0.097066 s
currentSize : 27 <-- 0.103496 s
currentSize : 28 <-- 0.119317 s
currentSize : 29 <-- 0.625853 s
currentSize : 30 <-- 28.877872 s
currentSize : 31 <-- 413.376892 s

TIMEOUT
maxsize : 31
nodes : 52262092.000000
filtered : 1890885925.000000
time : 1000.000427
