Parameters: GAD=1 vflib=1 dir=0 label=0 lowerbound=1 fileNameGp=../../cp2016-max-common-connected-subgraph-paper/datasets/graphsdb/mcs50/m2D/m2Dr2/mcs50_m2Dr2_s30.A09 fileNameGt=../../cp2016-max-common-connected-subgraph-paper/datasets/graphsdb/mcs50/m2D/m2Dr2/mcs50_m2Dr2_s30.B09
Reading graphs...
30 :  55
30 :  55
Initializing...
maxdom : 30
D->valSize : 900
Solving...
Blb : 2 (clique : 15)
currentSize : 15 <-- 0.011141 s
currentSize : 16 <-- 0.011271 s
currentSize : 17 <-- 0.012373 s
currentSize : 18 <-- 0.018299 s
currentSize : 19 <-- 0.129224 s
currentSize : 20 <-- 0.554005 s
currentSize : 21 <-- 0.696950 s
currentSize : 22 <-- 14.732022 s

maxsize : 22
nodes : 5018661.000000
filtered : 274002651.000000
time : 179.184555
