Parameters: GAD=1 vflib=1 dir=0 label=0 lowerbound=1 fileNameGp=../../cp2016-max-common-connected-subgraph-paper/datasets/graphsdb/mcs50/m4D/m4Dr4/mcs50_m4Dr4_s30.A09 fileNameGt=../../cp2016-max-common-connected-subgraph-paper/datasets/graphsdb/mcs50/m4D/m4Dr4/mcs50_m4Dr4_s30.B09
Reading graphs...
30 :  66
30 :  65
Initializing...
maxdom : 30
D->valSize : 900
Solving...
Blb : 3 (clique : 15)
currentSize : 15 <-- 0.011007 s
currentSize : 16 <-- 0.011162 s
currentSize : 17 <-- 0.013776 s
currentSize : 18 <-- 0.019607 s
currentSize : 19 <-- 0.063313 s
currentSize : 20 <-- 0.407325 s

maxsize : 20
nodes : 32686204.000000
filtered : 1548656625.000000
time : 714.726379
