Parameters: GAD=1 vflib=1 dir=0 label=0 lowerbound=1 fileNameGp=../../cp2016-max-common-connected-subgraph-paper/datasets/graphsdb/mcs50/bvg/b03m/mcs50_b03m_s35.A02 fileNameGt=../../cp2016-max-common-connected-subgraph-paper/datasets/graphsdb/mcs50/bvg/b03m/mcs50_b03m_s35.B02
Reading graphs...
35 :  51
35 :  51
Initializing...
maxdom : 35
D->valSize : 1225
Solving...
Blb : 2 (clique : 20)
currentSize : 20 <-- 0.021486 s
currentSize : 22 <-- 0.021676 s
currentSize : 23 <-- 0.021708 s
currentSize : 24 <-- 0.023334 s
currentSize : 25 <-- 0.023592 s
currentSize : 26 <-- 0.024305 s
currentSize : 27 <-- 1.518942 s

TIMEOUT
maxsize : 27
nodes : 9283275.000000
filtered : 781097934.000000
time : 1000.000488
