Parameters: GAD=1 vflib=1 dir=0 label=0 lowerbound=1 fileNameGp=../../cp2016-max-common-connected-subgraph-paper/datasets/graphsdb/mcs50/bvg/b09m/mcs50_b09m_s50.A00 fileNameGt=../../cp2016-max-common-connected-subgraph-paper/datasets/graphsdb/mcs50/bvg/b09m/mcs50_b09m_s50.B00
Reading graphs...
50 :  217
50 :  219
Initializing...
maxdom : 50
D->valSize : 2500
Solving...
Blb : 2 (clique : 19)
currentSize : 19 <-- 0.108242 s
currentSize : 20 <-- 0.114028 s
currentSize : 21 <-- 0.123282 s
currentSize : 22 <-- 0.339956 s
currentSize : 23 <-- 8.350941 s
currentSize : 24 <-- 523.163269 s

TIMEOUT
maxsize : 24
nodes : 135384520.000000
filtered : 3546918692.000000
time : 1000.000000
