Parameters: GAD=1 vflib=1 dir=0 label=0 lowerbound=1 fileNameGp=../../cp2016-max-common-connected-subgraph-paper/datasets/graphsdb/mcs50/bvg/b03m/mcs50_b03m_s50.A09 fileNameGt=../../cp2016-max-common-connected-subgraph-paper/datasets/graphsdb/mcs50/bvg/b03m/mcs50_b03m_s50.B09
Reading graphs...
50 :  73
50 :  73
Initializing...
maxdom : 50
D->valSize : 2500
Solving...
Blb : 2 (clique : 31)
currentSize : 31 <-- 0.099264 s
currentSize : 32 <-- 10.128788 s
currentSize : 33 <-- 10.130686 s
currentSize : 34 <-- 11.404085 s
currentSize : 35 <-- 13.071102 s
currentSize : 36 <-- 546.169128 s

TIMEOUT
maxsize : 36
nodes : 17400308.000000
filtered : 814120941.000000
time : 1000.000610
