Parameters: GAD=1 vflib=1 dir=0 label=0 lowerbound=1 fileNameGp=../../cp2016-max-common-connected-subgraph-paper/datasets/graphsdb/mcs50/m3D/m3Dr2/mcs50_m3Dr2_s50.A05 fileNameGt=../../cp2016-max-common-connected-subgraph-paper/datasets/graphsdb/mcs50/m3D/m3Dr2/mcs50_m3Dr2_s50.B05
Reading graphs...
50 :  119
50 :  118
Initializing...
maxdom : 50
D->valSize : 2500
Solving...
Blb : 5 (clique : 24)
currentSize : 24 <-- 0.094900 s
currentSize : 25 <-- 0.095450 s
currentSize : 26 <-- 0.095600 s
currentSize : 27 <-- 0.266913 s
currentSize : 28 <-- 0.608941 s
currentSize : 29 <-- 16.100435 s
currentSize : 30 <-- 57.073517 s
currentSize : 31 <-- 407.590057 s

TIMEOUT
maxsize : 31
nodes : 30649192.000000
filtered : 1496221678.000000
time : 1000.000244
