Parameters: GAD=1 vflib=1 dir=0 label=0 lowerbound=1 fileNameGp=../../cp2016-max-common-connected-subgraph-paper/datasets/graphsdb/mcs50/m3D/m3Dr2/mcs50_m3Dr2_s50.A03 fileNameGt=../../cp2016-max-common-connected-subgraph-paper/datasets/graphsdb/mcs50/m3D/m3Dr2/mcs50_m3Dr2_s50.B03
Reading graphs...
50 :  119
50 :  116
Initializing...
maxdom : 50
D->valSize : 2500
Solving...
Blb : 2 (clique : 24)
currentSize : 24 <-- 0.094762 s
currentSize : 25 <-- 0.095161 s
currentSize : 26 <-- 0.095659 s
currentSize : 27 <-- 0.215424 s
currentSize : 28 <-- 4.186316 s
currentSize : 29 <-- 117.589363 s
currentSize : 30 <-- 127.705269 s
currentSize : 31 <-- 958.688538 s

TIMEOUT
maxsize : 31
nodes : 35557804.000000
filtered : 1427812656.000000
time : 1000.000183
