Parameters: GAD=1 vflib=1 dir=0 label=0 lowerbound=1 fileNameGp=../../cp2016-max-common-connected-subgraph-paper/datasets/graphsdb/mcs50/m4D/m4Dr6/mcs50_m4Dr6_s35.A06 fileNameGt=../../cp2016-max-common-connected-subgraph-paper/datasets/graphsdb/mcs50/m4D/m4Dr6/mcs50_m4Dr6_s35.B06
Reading graphs...
35 :  83
35 :  84
Initializing...
maxdom : 35
D->valSize : 1225
Solving...
Blb : 2 (clique : 18)
currentSize : 18 <-- 0.020396 s
currentSize : 19 <-- 0.020558 s
currentSize : 20 <-- 0.021776 s
currentSize : 21 <-- 0.026583 s
currentSize : 22 <-- 0.032956 s
currentSize : 23 <-- 0.857259 s

TIMEOUT
maxsize : 23
nodes : 33481900.000000
filtered : 1813412834.000000
time : 1000.000061
