Parameters: GAD=1 vflib=1 dir=0 label=0 lowerbound=1 fileNameGp=../../cp2016-max-common-connected-subgraph-paper/datasets/graphsdb/mcs50/rand/r01/mcs50_r01_s30.A04 fileNameGt=../../cp2016-max-common-connected-subgraph-paper/datasets/graphsdb/mcs50/rand/r01/mcs50_r01_s30.B04
Reading graphs...
30 :  82
30 :  82
Initializing...
maxdom : 30
D->valSize : 900
Solving...
Blb : 2 (clique : 14)
currentSize : 14 <-- 0.010556 s
currentSize : 15 <-- 0.010719 s
currentSize : 16 <-- 0.011375 s
currentSize : 17 <-- 0.042577 s
currentSize : 18 <-- 0.112056 s
currentSize : 19 <-- 303.353516 s

maxsize : 19
nodes : 42264939.000000
filtered : 1307118247.000000
time : 481.999298
