Parameters: GAD=1 vflib=1 dir=0 label=0 lowerbound=1 fileNameGp=../../cp2016-max-common-connected-subgraph-paper/datasets/graphsdb/mcs50/m2D/m2Dr6/mcs50_m2Dr6_s50.A01 fileNameGt=../../cp2016-max-common-connected-subgraph-paper/datasets/graphsdb/mcs50/m2D/m2Dr6/mcs50_m2Dr6_s50.B01
Reading graphs...
50 :  115
50 :  113
Initializing...
maxdom : 50
D->valSize : 2500
Solving...
Blb : 2 (clique : 25)
currentSize : 25 <-- 0.095429 s
currentSize : 26 <-- 0.118393 s
currentSize : 27 <-- 0.118823 s
currentSize : 28 <-- 1.667710 s
currentSize : 29 <-- 1.719249 s
currentSize : 30 <-- 1.720691 s
currentSize : 31 <-- 11.726588 s
currentSize : 32 <-- 174.812515 s

TIMEOUT
maxsize : 32
nodes : 11840465.000000
filtered : 929197614.000000
time : 1000.000916
