Parameters: GAD=1 vflib=1 dir=0 label=0 lowerbound=1 fileNameGp=../../cp2016-max-common-connected-subgraph-paper/datasets/graphsdb/mcs50/m3D/m3D/mcs50_m3D_s50.A03 fileNameGt=../../cp2016-max-common-connected-subgraph-paper/datasets/graphsdb/mcs50/m3D/m3D/mcs50_m3D_s50.B03
Reading graphs...
50 :  108
50 :  109
Initializing...
maxdom : 50
D->valSize : 2500
Solving...
Blb : 2 (clique : 25)
currentSize : 25 <-- 0.096032 s
currentSize : 27 <-- 0.096371 s
currentSize : 28 <-- 0.096436 s
currentSize : 29 <-- 0.096563 s
currentSize : 30 <-- 0.099456 s
currentSize : 31 <-- 0.101556 s
currentSize : 32 <-- 1.755984 s

TIMEOUT
maxsize : 32
nodes : 20136821.000000
filtered : 1170509700.000000
time : 1000.001343
