Parameters: GAD=1 vflib=1 dir=0 label=0 lowerbound=1 fileNameGp=../../cp2016-max-common-connected-subgraph-paper/datasets/graphsdb/mcs50/m4D/m4D/mcs50_m4D_s40.A04 fileNameGt=../../cp2016-max-common-connected-subgraph-paper/datasets/graphsdb/mcs50/m4D/m4D/mcs50_m4D_s40.B04
Reading graphs...
40 :  71
40 :  71
Initializing...
maxdom : 40
D->valSize : 1600
Solving...
Blb : 2 (clique : 22)
currentSize : 22 <-- 0.063318 s
currentSize : 23 <-- 0.063700 s
currentSize : 24 <-- 0.063756 s
currentSize : 25 <-- 0.067273 s
currentSize : 26 <-- 0.145361 s
currentSize : 27 <-- 0.194664 s
currentSize : 28 <-- 0.976577 s

TIMEOUT
maxsize : 28
nodes : 12780522.000000
filtered : 1052974692.000000
time : 1000.000244
