Parameters: GAD=1 vflib=1 dir=0 label=0 lowerbound=1 fileNameGp=../../cp2016-max-common-connected-subgraph-paper/datasets/graphsdb/mcs50/rand/r005/mcs50_r005_s50.A05 fileNameGt=../../cp2016-max-common-connected-subgraph-paper/datasets/graphsdb/mcs50/rand/r005/mcs50_r005_s50.B05
Reading graphs...
50 :  120
50 :  117
Initializing...
maxdom : 50
D->valSize : 2500
Solving...
Blb : 2 (clique : 25)
currentSize : 25 <-- 0.094849 s
currentSize : 26 <-- 0.095181 s
currentSize : 27 <-- 0.095245 s
currentSize : 28 <-- 0.095615 s
currentSize : 29 <-- 0.122999 s
currentSize : 30 <-- 48.838570 s

TIMEOUT
maxsize : 30
nodes : 15207910.000000
filtered : 823456660.000000
time : 1000.000183
