Parameters: GAD=1 vflib=1 dir=0 label=0 lowerbound=1 fileNameGp=../../cp2016-max-common-connected-subgraph-paper/datasets/graphsdb/mcs50/bvg/b06m/mcs50_b06m_s35.A08 fileNameGt=../../cp2016-max-common-connected-subgraph-paper/datasets/graphsdb/mcs50/bvg/b06m/mcs50_b06m_s35.B08
Reading graphs...
35 :  103
35 :  101
Initializing...
maxdom : 35
D->valSize : 1225
Solving...
Blb : 2 (clique : 16)
currentSize : 16 <-- 0.019650 s
currentSize : 17 <-- 0.019865 s
currentSize : 18 <-- 0.019927 s
currentSize : 19 <-- 0.020048 s
currentSize : 20 <-- 0.021094 s
currentSize : 21 <-- 266.121948 s

TIMEOUT
maxsize : 21
nodes : 78208887.000000
filtered : 2525742977.000000
time : 1000.000000
