Parameters: GAD=1 vflib=1 dir=0 label=0 lowerbound=1 fileNameGp=../../cp2016-max-common-connected-subgraph-paper/datasets/graphsdb/mcs50/bvg/b03m/mcs50_b03m_s50.A07 fileNameGt=../../cp2016-max-common-connected-subgraph-paper/datasets/graphsdb/mcs50/bvg/b03m/mcs50_b03m_s50.B07
Reading graphs...
50 :  75
50 :  74
Initializing...
maxdom : 50
D->valSize : 2500
Solving...
Blb : 2 (clique : 28)
currentSize : 28 <-- 0.099655 s
currentSize : 30 <-- 0.100040 s
currentSize : 31 <-- 0.100183 s
currentSize : 32 <-- 0.100353 s
currentSize : 33 <-- 0.101624 s
currentSize : 34 <-- 0.237689 s
currentSize : 35 <-- 0.452021 s
currentSize : 36 <-- 5.621393 s
currentSize : 37 <-- 8.616952 s

TIMEOUT
maxsize : 37
nodes : 5510189.000000
filtered : 535732085.000000
time : 1000.000427
