Parameters: GAD=1 vflib=1 dir=0 label=0 lowerbound=1 fileNameGp=../../cp2016-max-common-connected-subgraph-paper/datasets/graphsdb/mcs50/m4D/m4Dr2/mcs50_m4Dr2_s40.A06 fileNameGt=../../cp2016-max-common-connected-subgraph-paper/datasets/graphsdb/mcs50/m4D/m4Dr2/mcs50_m4Dr2_s40.B06
Reading graphs...
40 :  79
40 :  78
Initializing...
maxdom : 40
D->valSize : 1600
Solving...
Blb : 2 (clique : 22)
currentSize : 22 <-- 0.035945 s
currentSize : 23 <-- 0.038314 s
currentSize : 24 <-- 0.043739 s
currentSize : 25 <-- 0.049061 s
currentSize : 26 <-- 0.674445 s
currentSize : 27 <-- 1.145256 s
currentSize : 28 <-- 277.367035 s

TIMEOUT
maxsize : 28
nodes : 23860194.000000
filtered : 1205184451.000000
time : 1000.000854
