Parameters: GAD=1 vflib=1 dir=0 label=0 lowerbound=1 fileNameGp=../../cp2016-max-common-connected-subgraph-paper/datasets/graphsdb/mcs50/bvg/b06m/mcs50_b06m_s50.A06 fileNameGt=../../cp2016-max-common-connected-subgraph-paper/datasets/graphsdb/mcs50/bvg/b06m/mcs50_b06m_s50.B06
Reading graphs...
50 :  146
50 :  148
Initializing...
maxdom : 50
D->valSize : 2500
Solving...
Blb : 2 (clique : 22)
currentSize : 22 <-- 0.111465 s
currentSize : 23 <-- 0.111771 s
currentSize : 24 <-- 0.112370 s
currentSize : 25 <-- 0.149490 s
currentSize : 26 <-- 0.675039 s
currentSize : 27 <-- 33.846851 s
currentSize : 28 <-- 275.951965 s

TIMEOUT
maxsize : 28
nodes : 55817630.000000
filtered : 1889196112.000000
time : 1000.000061
