Parameters: GAD=1 vflib=1 dir=0 label=0 lowerbound=1 fileNameGp=../../cp2016-max-common-connected-subgraph-paper/datasets/graphsdb/mcs50/bvg/b03/mcs50_b03_s30.A05 fileNameGt=../../cp2016-max-common-connected-subgraph-paper/datasets/graphsdb/mcs50/bvg/b03/mcs50_b03_s30.B05
Reading graphs...
30 :  45
30 :  45
Initializing...
maxdom : 30
D->valSize : 900
Solving...
Blb : 2 (clique : 16)
currentSize : 16 <-- 0.016333 s
currentSize : 17 <-- 0.016464 s
currentSize : 18 <-- 0.016951 s
currentSize : 19 <-- 0.055002 s
currentSize : 20 <-- 0.146265 s
currentSize : 21 <-- 0.884207 s
currentSize : 22 <-- 1.619259 s

TIMEOUT
maxsize : 22
nodes : 31362837.000000
filtered : 1763938604.000000
time : 1000.000000
