Parameters: GAD=1 vflib=1 dir=0 label=0 lowerbound=1 fileNameGp=../../cp2016-max-common-connected-subgraph-paper/datasets/graphsdb/mcs50/bvg/b09/mcs50_b09_s35.A01 fileNameGt=../../cp2016-max-common-connected-subgraph-paper/datasets/graphsdb/mcs50/bvg/b09/mcs50_b09_s35.B01
Reading graphs...
35 :  152
35 :  152
Initializing...
maxdom : 35
D->valSize : 1225
Solving...
Blb : 2 (clique : 14)
currentSize : 14 <-- 0.018255 s
currentSize : 15 <-- 0.024672 s
currentSize : 16 <-- 0.025320 s
currentSize : 17 <-- 0.553212 s
currentSize : 18 <-- 5.260707 s
currentSize : 19 <-- 8.487225 s
currentSize : 21 <-- 9.145514 s

maxsize : 21
nodes : 28692561.000000
filtered : 1249866375.000000
time : 329.625671
