Parameters: GAD=1 vflib=1 dir=0 label=0 lowerbound=1 fileNameGp=../../cp2016-max-common-connected-subgraph-paper/datasets/graphsdb/mcs50/m4D/m4D/mcs50_m4D_s35.A03 fileNameGt=../../cp2016-max-common-connected-subgraph-paper/datasets/graphsdb/mcs50/m4D/m4D/mcs50_m4D_s35.B03
Reading graphs...
35 :  62
35 :  63
Initializing...
maxdom : 35
D->valSize : 1225
Solving...
Blb : 5 (clique : 22)
currentSize : 22 <-- 0.021120 s
currentSize : 23 <-- 0.025781 s
currentSize : 24 <-- 0.140891 s
currentSize : 25 <-- 2.429318 s
currentSize : 26 <-- 15.618992 s
currentSize : 27 <-- 19.539165 s

maxsize : 27
nodes : 7911265.000000
filtered : 630397455.000000
time : 488.375275
