Parameters: GAD=1 vflib=1 dir=0 label=0 lowerbound=1 fileNameGp=../../cp2016-max-common-connected-subgraph-paper/datasets/graphsdb/mcs50/m2D/m2Dr6/mcs50_m2Dr6_s40.A00 fileNameGt=../../cp2016-max-common-connected-subgraph-paper/datasets/graphsdb/mcs50/m2D/m2Dr6/mcs50_m2Dr6_s40.B00
Reading graphs...
40 :  88
40 :  87
Initializing...
maxdom : 40
D->valSize : 1600
Solving...
Blb : 2 (clique : 22)
currentSize : 22 <-- 0.035825 s
currentSize : 23 <-- 0.062177 s
currentSize : 24 <-- 1.419948 s
currentSize : 25 <-- 1.991106 s
currentSize : 26 <-- 8.336975 s
currentSize : 27 <-- 134.517059 s

TIMEOUT
maxsize : 27
nodes : 17130079.000000
filtered : 1135413120.000000
time : 1000.000427
