Parameters: GAD=1 vflib=1 dir=0 label=0 lowerbound=1 fileNameGp=../../cp2016-max-common-connected-subgraph-paper/datasets/graphsdb/mcs50/m4D/m4Dr4/mcs50_m4Dr4_s35.A06 fileNameGt=../../cp2016-max-common-connected-subgraph-paper/datasets/graphsdb/mcs50/m4D/m4Dr4/mcs50_m4Dr4_s35.B06
Reading graphs...
35 :  73
35 :  75
Initializing...
maxdom : 35
D->valSize : 1225
Solving...
Blb : 2 (clique : 19)
currentSize : 19 <-- 0.020613 s
currentSize : 20 <-- 0.034093 s
currentSize : 21 <-- 0.130274 s
currentSize : 22 <-- 0.302229 s
currentSize : 23 <-- 9.814633 s
currentSize : 24 <-- 125.779312 s
currentSize : 25 <-- 302.957184 s

TIMEOUT
maxsize : 25
nodes : 17701888.000000
filtered : 1076827661.000000
time : 1000.000305
