Parameters: GAD=1 vflib=1 dir=0 label=0 lowerbound=1 fileNameGp=../../cp2016-max-common-connected-subgraph-paper/datasets/graphsdb/mcs50/rand/r01/mcs50_r01_s50.A06 fileNameGt=../../cp2016-max-common-connected-subgraph-paper/datasets/graphsdb/mcs50/rand/r01/mcs50_r01_s50.B06
Reading graphs...
50 :  234
50 :  229
Initializing...
maxdom : 50
D->valSize : 2500
Solving...
Blb : 5 (clique : 17)
currentSize : 17 <-- 0.111097 s
currentSize : 18 <-- 0.111360 s
currentSize : 19 <-- 0.111513 s
currentSize : 20 <-- 0.113435 s
currentSize : 21 <-- 0.275931 s
currentSize : 22 <-- 2.189575 s

TIMEOUT
maxsize : 22
nodes : 141917697.000000
filtered : 2761521751.000000
time : 1000.000000
