Parameters: GAD=1 vflib=1 dir=0 label=0 lowerbound=1 fileNameGp=../../cp2016-max-common-connected-subgraph-paper/datasets/graphsdb/mcs50/m3D/m3Dr2/mcs50_m3Dr2_s50.A01 fileNameGt=../../cp2016-max-common-connected-subgraph-paper/datasets/graphsdb/mcs50/m3D/m3Dr2/mcs50_m3Dr2_s50.B01
Reading graphs...
50 :  118
50 :  119
Initializing...
maxdom : 50
D->valSize : 2500
Solving...
Blb : 2 (clique : 23)
currentSize : 23 <-- 0.094842 s
currentSize : 24 <-- 0.095264 s
currentSize : 25 <-- 0.095505 s
currentSize : 26 <-- 0.336350 s
currentSize : 27 <-- 0.343867 s
currentSize : 28 <-- 0.802017 s
currentSize : 29 <-- 3.405601 s
currentSize : 30 <-- 39.704475 s

TIMEOUT
maxsize : 30
nodes : 46984315.000000
filtered : 2033002519.000000
time : 1000.000488
