Parameters: GAD=1 vflib=1 dir=0 label=0 lowerbound=1 fileNameGp=../../cp2016-max-common-connected-subgraph-paper/datasets/graphsdb/mcs50/bvg/b06m/mcs50_b06m_s30.A04 fileNameGt=../../cp2016-max-common-connected-subgraph-paper/datasets/graphsdb/mcs50/bvg/b06m/mcs50_b06m_s30.B04
Reading graphs...
30 :  86
30 :  88
Initializing...
maxdom : 30
D->valSize : 900
Solving...
Blb : 2 (clique : 13)
currentSize : 13 <-- 0.010457 s
currentSize : 14 <-- 0.010584 s
currentSize : 15 <-- 0.011056 s
currentSize : 16 <-- 0.016100 s
currentSize : 17 <-- 0.016781 s
currentSize : 18 <-- 0.506920 s
currentSize : 19 <-- 326.559662 s

maxsize : 19
nodes : 30640378.000000
filtered : 978892942.000000
time : 364.810760
