Parameters: GAD=1 vflib=1 dir=0 label=0 lowerbound=1 fileNameGp=../../cp2016-max-common-connected-subgraph-paper/datasets/graphsdb/mcs50/bvg/b09/mcs50_b09_s35.A05 fileNameGt=../../cp2016-max-common-connected-subgraph-paper/datasets/graphsdb/mcs50/bvg/b09/mcs50_b09_s35.B05
Reading graphs...
35 :  155
35 :  153
Initializing...
maxdom : 35
D->valSize : 1225
Solving...
Blb : 2 (clique : 13)
currentSize : 13 <-- 0.018256 s
currentSize : 14 <-- 0.018418 s
currentSize : 15 <-- 0.018460 s
currentSize : 16 <-- 0.018657 s
currentSize : 17 <-- 0.021200 s
currentSize : 18 <-- 0.314219 s
currentSize : 19 <-- 37.608814 s

TIMEOUT
maxsize : 19
nodes : 116578891.000000
filtered : 4293585292.000000
time : 1000.000000
