Parameters: GAD=1 vflib=1 dir=0 label=0 lowerbound=1 fileNameGp=../../cp2016-max-common-connected-subgraph-paper/datasets/graphsdb/mcs50/rand/r01/mcs50_r01_s35.A01 fileNameGt=../../cp2016-max-common-connected-subgraph-paper/datasets/graphsdb/mcs50/rand/r01/mcs50_r01_s35.B01
Reading graphs...
35 :  111
35 :  110
Initializing...
maxdom : 35
D->valSize : 1225
Solving...
Blb : 2 (clique : 15)
currentSize : 15 <-- 0.019435 s
currentSize : 16 <-- 0.019596 s
currentSize : 17 <-- 0.019828 s
currentSize : 18 <-- 0.021017 s
currentSize : 19 <-- 1.017847 s
currentSize : 20 <-- 3.936446 s

TIMEOUT
maxsize : 20
nodes : 89635915.000000
filtered : 3100969446.000000
time : 1000.000000
