Parameters: GAD=1 vflib=1 dir=0 label=0 lowerbound=1 fileNameGp=../../cp2016-max-common-connected-subgraph-paper/datasets/graphsdb/mcs50/rand/r005/mcs50_r005_s25.A01 fileNameGt=../../cp2016-max-common-connected-subgraph-paper/datasets/graphsdb/mcs50/rand/r005/mcs50_r005_s25.B01
Reading graphs...
25 :  34
25 :  35
Initializing...
maxdom : 25
D->valSize : 625
Solving...
Blb : 2 (clique : 15)
currentSize : 15 <-- 0.005636 s
currentSize : 16 <-- 0.005899 s
currentSize : 17 <-- 0.013896 s
currentSize : 18 <-- 0.019061 s
currentSize : 19 <-- 0.034435 s
currentSize : 20 <-- 11.040137 s

maxsize : 20
nodes : 448845.000000
filtered : 21135237.000000
time : 16.516569
