Parameters: GAD=1 vflib=1 dir=0 label=0 lowerbound=1 fileNameGp=../../cp2016-max-common-connected-subgraph-paper/datasets/graphsdb/mcs50/bvg/b06m/mcs50_b06m_s35.A01 fileNameGt=../../cp2016-max-common-connected-subgraph-paper/datasets/graphsdb/mcs50/bvg/b06m/mcs50_b06m_s35.B01
Reading graphs...
35 :  98
35 :  101
Initializing...
maxdom : 35
D->valSize : 1225
Solving...
Blb : 5 (clique : 16)
currentSize : 16 <-- 0.019617 s
currentSize : 17 <-- 0.022991 s
currentSize : 18 <-- 0.063364 s
currentSize : 19 <-- 0.196456 s
currentSize : 20 <-- 10.888038 s
currentSize : 21 <-- 47.927601 s
currentSize : 22 <-- 50.645088 s

TIMEOUT
maxsize : 22
nodes : 40934419.000000
filtered : 2013374036.000000
time : 1000.000000
