Parameters: GAD=1 vflib=1 dir=0 label=0 lowerbound=1 fileNameGp=../../cp2016-max-common-connected-subgraph-paper/datasets/graphsdb/mcs50/bvg/b09/mcs50_b09_s35.A09 fileNameGt=../../cp2016-max-common-connected-subgraph-paper/datasets/graphsdb/mcs50/bvg/b09/mcs50_b09_s35.B09
Reading graphs...
35 :  155
35 :  151
Initializing...
maxdom : 35
D->valSize : 1225
Solving...
Blb : 2 (clique : 14)
currentSize : 14 <-- 0.031627 s
currentSize : 15 <-- 0.056738 s
currentSize : 16 <-- 0.077370 s
currentSize : 17 <-- 0.692561 s
currentSize : 19 <-- 2.728611 s
currentSize : 20 <-- 2.736468 s

maxsize : 20
nodes : 58616394.000000
filtered : 2083240870.000000
time : 548.869141
