Parameters: GAD=1 vflib=1 dir=0 label=0 lowerbound=1 fileNameGp=../../cp2016-max-common-connected-subgraph-paper/datasets/graphsdb/mcs50/bvg/b03m/mcs50_b03m_s35.A00 fileNameGt=../../cp2016-max-common-connected-subgraph-paper/datasets/graphsdb/mcs50/bvg/b03m/mcs50_b03m_s35.B00
Reading graphs...
35 :  50
35 :  51
Initializing...
maxdom : 35
D->valSize : 1225
Solving...
Blb : 5 (clique : 20)
currentSize : 20 <-- 0.021369 s
currentSize : 21 <-- 0.021565 s
currentSize : 22 <-- 0.021719 s
currentSize : 23 <-- 0.022187 s
currentSize : 24 <-- 0.027711 s
currentSize : 25 <-- 0.034197 s
currentSize : 26 <-- 0.403338 s
currentSize : 27 <-- 4.692595 s
currentSize : 28 <-- 678.990845 s

TIMEOUT
maxsize : 28
nodes : 12751538.000000
filtered : 1106611644.000000
time : 1000.000366
