Parameters: GAD=1 vflib=1 dir=0 label=0 lowerbound=1 fileNameGp=../../cp2016-max-common-connected-subgraph-paper/datasets/graphsdb/mcs50/rand/r005/mcs50_r005_s40.A02 fileNameGt=../../cp2016-max-common-connected-subgraph-paper/datasets/graphsdb/mcs50/rand/r005/mcs50_r005_s40.B02
Reading graphs...
40 :  78
40 :  77
Initializing...
maxdom : 40
D->valSize : 1600
Solving...
Blb : 2 (clique : 22)
currentSize : 22 <-- 0.036178 s
currentSize : 23 <-- 0.036439 s
currentSize : 24 <-- 0.123955 s
currentSize : 25 <-- 0.496738 s
currentSize : 26 <-- 1.806200 s
currentSize : 27 <-- 5.529549 s

TIMEOUT
maxsize : 27
nodes : 20825558.000000
filtered : 1342692917.000000
time : 1000.000854
