Parameters: GAD=1 vflib=1 dir=0 label=0 lowerbound=1 fileNameGp=../../cp2016-max-common-connected-subgraph-paper/datasets/graphsdb/mcs50/rand/r02/mcs50_r02_s30.A01 fileNameGt=../../cp2016-max-common-connected-subgraph-paper/datasets/graphsdb/mcs50/rand/r02/mcs50_r02_s30.B01
Reading graphs...
30 :  154
30 :  158
Initializing...
maxdom : 30
D->valSize : 900
Solving...
Blb : 3 (clique : 11)
currentSize : 11 <-- 0.010325 s
currentSize : 12 <-- 0.010900 s
currentSize : 13 <-- 0.180284 s
currentSize : 14 <-- 1.075301 s
currentSize : 15 <-- 39.146561 s

maxsize : 15
nodes : 54646936.000000
filtered : 876954944.000000
time : 251.752609
