Parameters: GAD=1 vflib=1 dir=0 label=0 lowerbound=1 fileNameGp=../../cp2016-max-common-connected-subgraph-paper/datasets/graphsdb/mcs50/bvg/b06/mcs50_b06_s40.A02 fileNameGt=../../cp2016-max-common-connected-subgraph-paper/datasets/graphsdb/mcs50/bvg/b06/mcs50_b06_s40.B02
Reading graphs...
40 :  119
40 :  120
Initializing...
maxdom : 40
D->valSize : 1600
Solving...
Blb : 2 (clique : 17)
currentSize : 17 <-- 0.034128 s
currentSize : 18 <-- 0.034315 s
currentSize : 19 <-- 0.034537 s
currentSize : 20 <-- 0.035125 s
currentSize : 21 <-- 0.038746 s
currentSize : 22 <-- 3.743191 s
currentSize : 23 <-- 36.594051 s

TIMEOUT
maxsize : 23
nodes : 50547620.000000
filtered : 2303865529.000000
time : 1000.000061
