Parameters: GAD=1 vflib=1 dir=0 label=0 lowerbound=1 fileNameGp=../../cp2016-max-common-connected-subgraph-paper/datasets/graphsdb/mcs50/rand/r005/mcs50_r005_s50.A09 fileNameGt=../../cp2016-max-common-connected-subgraph-paper/datasets/graphsdb/mcs50/rand/r005/mcs50_r005_s50.B09
Reading graphs...
50 :  121
50 :  119
Initializing...
maxdom : 50
D->valSize : 2500
Solving...
Blb : 2 (clique : 27)
currentSize : 27 <-- 0.094671 s
currentSize : 28 <-- 0.104268 s
currentSize : 29 <-- 0.379699 s
currentSize : 30 <-- 0.585465 s
currentSize : 31 <-- 2.902235 s
currentSize : 32 <-- 274.703766 s

TIMEOUT
maxsize : 32
nodes : 23433212.000000
filtered : 1513283088.000000
time : 1000.000183
