Parameters: GAD=1 vflib=1 dir=0 label=0 lowerbound=1 fileNameGp=../../cp2016-max-common-connected-subgraph-paper/datasets/graphsdb/mcs50/bvg/b09/mcs50_b09_s50.A03 fileNameGt=../../cp2016-max-common-connected-subgraph-paper/datasets/graphsdb/mcs50/bvg/b09/mcs50_b09_s50.B03
Reading graphs...
50 :  220
50 :  223
Initializing...
maxdom : 50
D->valSize : 2500
Solving...
Blb : 5 (clique : 18)
currentSize : 18 <-- 0.085883 s
currentSize : 19 <-- 0.086251 s
currentSize : 20 <-- 0.086770 s
currentSize : 21 <-- 0.113081 s
currentSize : 22 <-- 0.424763 s
currentSize : 23 <-- 0.573981 s

TIMEOUT
maxsize : 23
nodes : 68818611.000000
filtered : 2382077334.000000
time : 1000.000183
