Parameters: GAD=1 vflib=1 dir=0 label=0 lowerbound=1 fileNameGp=../../cp2016-max-common-connected-subgraph-paper/datasets/graphsdb/mcs50/m3D/m3Dr2/mcs50_m3Dr2_s50.A04 fileNameGt=../../cp2016-max-common-connected-subgraph-paper/datasets/graphsdb/mcs50/m3D/m3Dr2/mcs50_m3Dr2_s50.B04
Reading graphs...
50 :  116
50 :  117
Initializing...
maxdom : 50
D->valSize : 2500
Solving...
Blb : 2 (clique : 25)
currentSize : 25 <-- 0.161730 s
currentSize : 26 <-- 0.162067 s
currentSize : 27 <-- 0.162607 s
currentSize : 28 <-- 0.163280 s
currentSize : 29 <-- 0.167695 s
currentSize : 30 <-- 0.198006 s
currentSize : 31 <-- 1.713743 s

TIMEOUT
maxsize : 31
nodes : 30267280.000000
filtered : 1656530123.000000
time : 1000.001892
