Parameters: GAD=1 vflib=1 dir=0 label=0 lowerbound=1 fileNameGp=../../cp2016-max-common-connected-subgraph-paper/datasets/graphsdb/mcs50/bvg/b03/mcs50_b03_s35.A02 fileNameGt=../../cp2016-max-common-connected-subgraph-paper/datasets/graphsdb/mcs50/bvg/b03/mcs50_b03_s35.B02
Reading graphs...
35 :  52
35 :  52
Initializing...
maxdom : 35
D->valSize : 1225
Solving...
Blb : 2 (clique : 21)
currentSize : 21 <-- 0.021432 s
currentSize : 22 <-- 0.021652 s
currentSize : 23 <-- 0.021997 s
currentSize : 24 <-- 0.023278 s
currentSize : 25 <-- 0.083783 s
currentSize : 26 <-- 0.496000 s
currentSize : 27 <-- 10.354306 s

TIMEOUT
maxsize : 27
nodes : 14141675.000000
filtered : 1095808274.000000
time : 1000.000244
