Parameters: GAD=1 vflib=1 dir=0 label=0 lowerbound=1 fileNameGp=../../cp2016-max-common-connected-subgraph-paper/datasets/graphsdb/mcs50/m4D/m4Dr2/mcs50_m4Dr2_s35.A05 fileNameGt=../../cp2016-max-common-connected-subgraph-paper/datasets/graphsdb/mcs50/m4D/m4Dr2/mcs50_m4Dr2_s35.B05
Reading graphs...
35 :  68
35 :  69
Initializing...
maxdom : 35
D->valSize : 1225
Solving...
Blb : 2 (clique : 20)
currentSize : 20 <-- 0.020615 s
currentSize : 21 <-- 0.030798 s
currentSize : 22 <-- 2.812226 s
currentSize : 23 <-- 8.999326 s
currentSize : 24 <-- 27.130236 s
currentSize : 25 <-- 30.330778 s

TIMEOUT
maxsize : 25
nodes : 20252002.000000
filtered : 1586853113.000000
time : 1000.000061
