Parameters: GAD=1 vflib=1 dir=0 label=0 lowerbound=1 fileNameGp=../../cp2016-max-common-connected-subgraph-paper/datasets/graphsdb/mcs50/m3D/m3Dr4/mcs50_m3Dr4_s50.A00 fileNameGt=../../cp2016-max-common-connected-subgraph-paper/datasets/graphsdb/mcs50/m3D/m3Dr4/mcs50_m3Dr4_s50.B00
Reading graphs...
50 :  127
50 :  126
Initializing...
maxdom : 50
D->valSize : 2500
Solving...
Blb : 2 (clique : 25)
currentSize : 25 <-- 0.093952 s
currentSize : 26 <-- 0.094393 s
currentSize : 27 <-- 0.110162 s
currentSize : 28 <-- 0.327262 s
currentSize : 29 <-- 2.617406 s
currentSize : 30 <-- 65.292542 s

TIMEOUT
maxsize : 30
nodes : 46857411.000000
filtered : 1763527226.000000
time : 1000.000122
