Parameters: GAD=1 vflib=1 dir=0 label=0 lowerbound=1 fileNameGp=../../cp2016-max-common-connected-subgraph-paper/datasets/graphsdb/mcs50/m4D/m4Dr4/mcs50_m4Dr4_s40.A04 fileNameGt=../../cp2016-max-common-connected-subgraph-paper/datasets/graphsdb/mcs50/m4D/m4Dr4/mcs50_m4Dr4_s40.B04
Reading graphs...
40 :  86
40 :  84
Initializing...
maxdom : 40
D->valSize : 1600
Solving...
Blb : 2 (clique : 20)
currentSize : 20 <-- 0.035562 s
currentSize : 21 <-- 0.035782 s
currentSize : 22 <-- 0.036009 s
currentSize : 23 <-- 0.037331 s
currentSize : 24 <-- 0.060416 s
currentSize : 25 <-- 1.709674 s
currentSize : 26 <-- 2.615889 s
currentSize : 27 <-- 3.133924 s

TIMEOUT
maxsize : 27
nodes : 17152511.000000
filtered : 1151592758.000000
time : 1000.000244
