Parameters: GAD=1 vflib=1 dir=0 label=0 lowerbound=1 fileNameGp=../../cp2016-max-common-connected-subgraph-paper/datasets/graphsdb/mcs50/bvg/b09m/mcs50_b09m_s30.A07 fileNameGt=../../cp2016-max-common-connected-subgraph-paper/datasets/graphsdb/mcs50/bvg/b09m/mcs50_b09m_s30.B07
Reading graphs...
30 :  125
30 :  124
Initializing...
maxdom : 30
D->valSize : 900
Solving...
Blb : 2 (clique : 12)
currentSize : 12 <-- 0.009988 s
currentSize : 13 <-- 0.012780 s
currentSize : 14 <-- 0.034192 s
currentSize : 15 <-- 0.154274 s
currentSize : 16 <-- 32.557060 s

maxsize : 16
nodes : 34496572.000000
filtered : 796220085.000000
time : 227.635574
