Parameters: GAD=1 vflib=1 dir=0 label=0 lowerbound=1 fileNameGp=../../cp2016-max-common-connected-subgraph-paper/datasets/graphsdb/mcs50/rand/r02/mcs50_r02_s30.A08 fileNameGt=../../cp2016-max-common-connected-subgraph-paper/datasets/graphsdb/mcs50/rand/r02/mcs50_r02_s30.B08
Reading graphs...
30 :  154
30 :  154
Initializing...
maxdom : 30
D->valSize : 900
Solving...
Blb : 2 (clique : 10)
currentSize : 10 <-- 0.016455 s
currentSize : 11 <-- 0.016598 s
currentSize : 12 <-- 0.017278 s
currentSize : 13 <-- 0.020407 s
currentSize : 14 <-- 6.478697 s
currentSize : 15 <-- 16.473782 s

maxsize : 15
nodes : 45675929.000000
filtered : 747098356.000000
time : 217.390091
