Parameters: GAD=1 vflib=1 dir=0 label=0 lowerbound=1 fileNameGp=../../cp2016-max-common-connected-subgraph-paper/datasets/graphsdb/mcs50/bvg/b06m/mcs50_b06m_s30.A06 fileNameGt=../../cp2016-max-common-connected-subgraph-paper/datasets/graphsdb/mcs50/bvg/b06m/mcs50_b06m_s30.B06
Reading graphs...
30 :  87
30 :  86
Initializing...
maxdom : 30
D->valSize : 900
Solving...
Blb : 5 (clique : 14)
currentSize : 14 <-- 0.010433 s
currentSize : 15 <-- 0.010600 s
currentSize : 16 <-- 0.012697 s
currentSize : 17 <-- 0.062216 s
currentSize : 18 <-- 0.338091 s
currentSize : 19 <-- 86.582321 s

maxsize : 19
nodes : 18093014.000000
filtered : 842705130.000000
time : 264.285553
