Parameters: GAD=1 vflib=1 dir=0 label=0 lowerbound=1 fileNameGp=../../cp2016-max-common-connected-subgraph-paper/datasets/graphsdb/mcs50/m4D/m4Dr4/mcs50_m4Dr4_s40.A07 fileNameGt=../../cp2016-max-common-connected-subgraph-paper/datasets/graphsdb/mcs50/m4D/m4Dr4/mcs50_m4Dr4_s40.B07
Reading graphs...
40 :  83
40 :  85
Initializing...
maxdom : 40
D->valSize : 1600
Solving...
Blb : 2 (clique : 21)
currentSize : 21 <-- 0.035737 s
currentSize : 22 <-- 0.060352 s
currentSize : 23 <-- 0.067384 s
currentSize : 24 <-- 0.078351 s
currentSize : 25 <-- 0.093841 s
currentSize : 26 <-- 6.708704 s

TIMEOUT
maxsize : 26
nodes : 23389911.000000
filtered : 1169049104.000000
time : 1000.000000
