Parameters: GAD=1 vflib=1 dir=0 label=0 lowerbound=1 fileNameGp=../../cp2016-max-common-connected-subgraph-paper/datasets/graphsdb/mcs50/m4D/m4Dr4/mcs50_m4Dr4_s35.A07 fileNameGt=../../cp2016-max-common-connected-subgraph-paper/datasets/graphsdb/mcs50/m4D/m4Dr4/mcs50_m4Dr4_s35.B07
Reading graphs...
35 :  75
35 :  75
Initializing...
maxdom : 35
D->valSize : 1225
Solving...
Blb : 2 (clique : 17)
currentSize : 17 <-- 0.020367 s
currentSize : 18 <-- 0.020742 s
currentSize : 19 <-- 0.022115 s
currentSize : 20 <-- 0.024244 s
currentSize : 21 <-- 0.055418 s
currentSize : 22 <-- 0.415242 s
currentSize : 23 <-- 1.480709 s
currentSize : 24 <-- 63.661922 s

TIMEOUT
maxsize : 24
nodes : 22271552.000000
filtered : 1565408858.000000
time : 1000.000061
