Parameters: GAD=1 vflib=1 dir=0 label=0 lowerbound=1 fileNameGp=../../cp2016-max-common-connected-subgraph-paper/datasets/graphsdb/mcs50/rand/r005/mcs50_r005_s50.A00 fileNameGt=../../cp2016-max-common-connected-subgraph-paper/datasets/graphsdb/mcs50/rand/r005/mcs50_r005_s50.B00
Reading graphs...
50 :  118
50 :  121
Initializing...
maxdom : 50
D->valSize : 2500
Solving...
Blb : 2 (clique : 23)
currentSize : 23 <-- 0.124792 s
currentSize : 24 <-- 0.125383 s
currentSize : 25 <-- 0.125774 s
currentSize : 26 <-- 0.126061 s
currentSize : 27 <-- 0.429635 s
currentSize : 28 <-- 1.235647 s
currentSize : 29 <-- 90.343285 s
currentSize : 30 <-- 140.825363 s

TIMEOUT
maxsize : 30
nodes : 57646655.000000
filtered : 2074746548.000000
time : 1000.000061
