Parameters: GAD=1 vflib=1 dir=0 label=0 lowerbound=1 fileNameGp=../../cp2016-max-common-connected-subgraph-paper/datasets/graphsdb/mcs50/bvg/b09m/mcs50_b09m_s30.A06 fileNameGt=../../cp2016-max-common-connected-subgraph-paper/datasets/graphsdb/mcs50/bvg/b09m/mcs50_b09m_s30.B06
Reading graphs...
30 :  126
30 :  127
Initializing...
maxdom : 30
D->valSize : 900
Solving...
Blb : 5 (clique : 12)
currentSize : 12 <-- 0.009941 s
currentSize : 13 <-- 0.013866 s
currentSize : 14 <-- 0.014046 s
currentSize : 15 <-- 0.255448 s
currentSize : 16 <-- 48.931240 s

maxsize : 16
nodes : 30476615.000000
filtered : 687935172.000000
time : 200.924179
