Parameters: GAD=1 vflib=1 dir=0 label=0 lowerbound=1 fileNameGp=../../cp2016-max-common-connected-subgraph-paper/datasets/graphsdb/mcs50/rand/r005/mcs50_r005_s35.A03 fileNameGt=../../cp2016-max-common-connected-subgraph-paper/datasets/graphsdb/mcs50/rand/r005/mcs50_r005_s35.B03
Reading graphs...
35 :  62
35 :  58
Initializing...
maxdom : 35
D->valSize : 1225
Solving...
Blb : 2 (clique : 18)
currentSize : 18 <-- 0.037149 s
currentSize : 19 <-- 0.037409 s
currentSize : 20 <-- 0.038151 s
currentSize : 21 <-- 0.041266 s
currentSize : 22 <-- 0.074506 s
currentSize : 23 <-- 0.186369 s
currentSize : 24 <-- 0.351222 s
currentSize : 25 <-- 23.130859 s

TIMEOUT
maxsize : 25
nodes : 18037493.000000
filtered : 1194092147.000000
time : 1000.000000
