Parameters: GAD=1 vflib=1 dir=0 label=0 lowerbound=1 fileNameGp=../../cp2016-max-common-connected-subgraph-paper/datasets/graphsdb/mcs50/bvg/b09/mcs50_b09_s50.A04 fileNameGt=../../cp2016-max-common-connected-subgraph-paper/datasets/graphsdb/mcs50/bvg/b09/mcs50_b09_s50.B04
Reading graphs...
50 :  222
50 :  220
Initializing...
maxdom : 50
D->valSize : 2500
Solving...
Blb : 2 (clique : 19)
currentSize : 19 <-- 0.146005 s
currentSize : 20 <-- 0.155828 s
currentSize : 21 <-- 0.156017 s
currentSize : 22 <-- 0.233901 s
currentSize : 23 <-- 15.588146 s
currentSize : 24 <-- 706.651001 s

TIMEOUT
maxsize : 24
nodes : 70697528.000000
filtered : 2567768600.000000
time : 1000.000000
