Parameters: GAD=1 vflib=1 dir=0 label=0 lowerbound=1 fileNameGp=../../cp2016-max-common-connected-subgraph-paper/datasets/graphsdb/mcs50/m2D/m2Dr4/mcs50_m2Dr4_s30.A04 fileNameGt=../../cp2016-max-common-connected-subgraph-paper/datasets/graphsdb/mcs50/m2D/m2Dr4/mcs50_m2Dr4_s30.B04
Reading graphs...
30 :  61
30 :  60
Initializing...
maxdom : 30
D->valSize : 900
Solving...
Blb : 2 (clique : 16)
currentSize : 16 <-- 0.011250 s
currentSize : 17 <-- 0.011459 s
currentSize : 18 <-- 0.012235 s
currentSize : 19 <-- 0.012297 s
currentSize : 20 <-- 0.441837 s
currentSize : 21 <-- 20.761971 s

maxsize : 21
nodes : 4431460.000000
filtered : 183348656.000000
time : 133.102631
