Parameters: GAD=1 vflib=1 dir=0 label=0 lowerbound=1 fileNameGp=../../cp2016-max-common-connected-subgraph-paper/datasets/graphsdb/mcs50/m2D/m2Dr6/mcs50_m2Dr6_s30.A01 fileNameGt=../../cp2016-max-common-connected-subgraph-paper/datasets/graphsdb/mcs50/m2D/m2Dr6/mcs50_m2Dr6_s30.B01
Reading graphs...
30 :  65
30 :  64
Initializing...
maxdom : 30
D->valSize : 900
Solving...
Blb : 2 (clique : 16)
currentSize : 16 <-- 0.010969 s
currentSize : 17 <-- 0.011659 s
currentSize : 18 <-- 0.015076 s
currentSize : 19 <-- 0.749456 s
currentSize : 20 <-- 12.248939 s
currentSize : 21 <-- 201.109085 s

maxsize : 21
nodes : 18291670.000000
filtered : 685384092.000000
time : 320.287384
