Parameters: GAD=1 vflib=1 dir=0 label=0 lowerbound=1 fileNameGp=../../cp2016-max-common-connected-subgraph-paper/datasets/graphsdb/mcs50/m2D/m2Dr6/mcs50_m2Dr6_s40.A04 fileNameGt=../../cp2016-max-common-connected-subgraph-paper/datasets/graphsdb/mcs50/m2D/m2Dr6/mcs50_m2Dr6_s40.B04
Reading graphs...
40 :  89
40 :  88
Initializing...
maxdom : 40
D->valSize : 1600
Solving...
Blb : 2 (clique : 21)
currentSize : 21 <-- 0.035659 s
currentSize : 22 <-- 0.035927 s
currentSize : 23 <-- 0.037834 s
currentSize : 24 <-- 0.071125 s
currentSize : 25 <-- 1.058620 s
currentSize : 26 <-- 74.685059 s
currentSize : 27 <-- 74.686203 s

TIMEOUT
maxsize : 27
nodes : 27475965.000000
filtered : 1588857421.000000
time : 1000.000427
