Parameters: GAD=1 vflib=1 dir=0 label=0 lowerbound=1 fileNameGp=../../cp2016-max-common-connected-subgraph-paper/datasets/graphsdb/mcs50/bvg/b06m/mcs50_b06m_s50.A08 fileNameGt=../../cp2016-max-common-connected-subgraph-paper/datasets/graphsdb/mcs50/bvg/b06m/mcs50_b06m_s50.B08
Reading graphs...
50 :  148
50 :  147
Initializing...
maxdom : 50
D->valSize : 2500
Solving...
Blb : 2 (clique : 23)
currentSize : 23 <-- 0.091888 s
currentSize : 24 <-- 0.092599 s
currentSize : 25 <-- 0.093765 s
currentSize : 26 <-- 0.251384 s
currentSize : 27 <-- 0.468218 s
currentSize : 28 <-- 58.316784 s
currentSize : 29 <-- 67.720657 s

TIMEOUT
maxsize : 29
nodes : 33016410.000000
filtered : 1798285626.000000
time : 1000.000488
