Parameters: GAD=1 vflib=1 dir=0 label=0 lowerbound=1 fileNameGp=../../cp2016-max-common-connected-subgraph-paper/datasets/graphsdb/mcs50/bvg/b09m/mcs50_b09m_s50.A07 fileNameGt=../../cp2016-max-common-connected-subgraph-paper/datasets/graphsdb/mcs50/bvg/b09m/mcs50_b09m_s50.B07
Reading graphs...
50 :  221
50 :  217
Initializing...
maxdom : 50
D->valSize : 2500
Solving...
Blb : 2 (clique : 19)
currentSize : 19 <-- 0.086681 s
currentSize : 20 <-- 0.086966 s
currentSize : 21 <-- 0.095027 s
currentSize : 22 <-- 0.570569 s
currentSize : 23 <-- 3.108111 s
currentSize : 24 <-- 52.077751 s

TIMEOUT
maxsize : 24
nodes : 91131950.000000
filtered : 2605817554.000000
time : 1000.000061
