Parameters: GAD=1 vflib=1 dir=0 label=0 lowerbound=1 fileNameGp=../../cp2016-max-common-connected-subgraph-paper/datasets/graphsdb/mcs50/rand/r005/mcs50_r005_s30.A01 fileNameGt=../../cp2016-max-common-connected-subgraph-paper/datasets/graphsdb/mcs50/rand/r005/mcs50_r005_s30.B01
Reading graphs...
30 :  46
30 :  45
Initializing...
maxdom : 30
D->valSize : 900
Solving...
Blb : 2 (clique : 15)
currentSize : 15 <-- 0.011289 s
currentSize : 18 <-- 0.011404 s
currentSize : 19 <-- 0.012160 s
currentSize : 20 <-- 0.012489 s
currentSize : 21 <-- 0.163047 s
currentSize : 22 <-- 18.835348 s
currentSize : 23 <-- 28.010447 s

maxsize : 23
nodes : 1843900.000000
filtered : 98361955.000000
time : 131.944000
