Parameters: GAD=1 vflib=1 dir=0 label=0 lowerbound=1 fileNameGp=../../cp2016-max-common-connected-subgraph-paper/datasets/graphsdb/mcs50/rand/r005/mcs50_r005_s30.A03 fileNameGt=../../cp2016-max-common-connected-subgraph-paper/datasets/graphsdb/mcs50/rand/r005/mcs50_r005_s30.B03
Reading graphs...
30 :  46
30 :  46
Initializing...
maxdom : 30
D->valSize : 900
Solving...
Blb : 2 (clique : 18)
currentSize : 18 <-- 0.011424 s
currentSize : 19 <-- 0.011881 s
currentSize : 20 <-- 0.017035 s
currentSize : 21 <-- 0.023867 s
currentSize : 22 <-- 3.720795 s
currentSize : 23 <-- 57.097889 s

maxsize : 23
nodes : 3895600.000000
filtered : 249633589.000000
time : 226.690689
