Parameters: GAD=1 vflib=1 dir=0 label=0 lowerbound=1 fileNameGp=../../cp2016-max-common-connected-subgraph-paper/datasets/graphsdb/mcs50/bvg/b03/mcs50_b03_s50.A01 fileNameGt=../../cp2016-max-common-connected-subgraph-paper/datasets/graphsdb/mcs50/bvg/b03/mcs50_b03_s50.B01
Reading graphs...
50 :  75
50 :  75
Initializing...
maxdom : 50
D->valSize : 2500
Solving...
Blb : 2 (clique : 30)
currentSize : 30 <-- 0.098787 s
currentSize : 32 <-- 0.099190 s
currentSize : 33 <-- 0.099499 s
currentSize : 34 <-- 0.100495 s
currentSize : 35 <-- 0.201182 s
currentSize : 36 <-- 48.852695 s
currentSize : 37 <-- 905.864563 s

TIMEOUT
maxsize : 37
nodes : 9170170.000000
filtered : 679744806.000000
time : 1000.002258
