Parameters: GAD=1 vflib=1 dir=0 label=0 lowerbound=1 fileNameGp=../../cp2016-max-common-connected-subgraph-paper/datasets/graphsdb/mcs50/rand/r02/mcs50_r02_s40.A08 fileNameGt=../../cp2016-max-common-connected-subgraph-paper/datasets/graphsdb/mcs50/rand/r02/mcs50_r02_s40.B08
Reading graphs...
40 :  276
40 :  280
Initializing...
maxdom : 40
D->valSize : 1600
Solving...
Blb : 2 (clique : 11)
currentSize : 11 <-- 0.029792 s
currentSize : 12 <-- 0.029953 s
currentSize : 13 <-- 0.030007 s
currentSize : 14 <-- 0.030194 s
currentSize : 15 <-- 0.292057 s
currentSize : 16 <-- 95.243591 s

TIMEOUT
maxsize : 16
nodes : 224176498.000000
filtered : 2794706192.000000
time : 1000.000000
