Parameters: GAD=1 vflib=1 dir=0 label=0 lowerbound=1 fileNameGp=../../cp2016-max-common-connected-subgraph-paper/datasets/graphsdb/mcs50/m4D/m4Dr2/mcs50_m4Dr2_s30.A08 fileNameGt=../../cp2016-max-common-connected-subgraph-paper/datasets/graphsdb/mcs50/m4D/m4Dr2/mcs50_m4Dr2_s30.B08
Reading graphs...
30 :  60
30 :  60
Initializing...
maxdom : 30
D->valSize : 900
Solving...
Blb : 2 (clique : 15)
currentSize : 15 <-- 0.011664 s
currentSize : 16 <-- 0.011846 s
currentSize : 17 <-- 0.012330 s
currentSize : 18 <-- 0.014741 s
currentSize : 19 <-- 0.034304 s
currentSize : 20 <-- 1.134163 s
currentSize : 21 <-- 33.831360 s
currentSize : 22 <-- 40.524139 s

maxsize : 22
nodes : 2500196.000000
filtered : 92997764.000000
time : 69.908417
