Parameters: GAD=1 vflib=1 dir=0 label=0 lowerbound=1 fileNameGp=../../cp2016-max-common-connected-subgraph-paper/datasets/graphsdb/mcs50/bvg/b03m/mcs50_b03m_s50.A04 fileNameGt=../../cp2016-max-common-connected-subgraph-paper/datasets/graphsdb/mcs50/bvg/b03m/mcs50_b03m_s50.B04
Reading graphs...
50 :  74
50 :  73
Initializing...
maxdom : 50
D->valSize : 2500
Solving...
Blb : 2 (clique : 30)
currentSize : 30 <-- 0.156596 s
currentSize : 31 <-- 0.159704 s
currentSize : 32 <-- 0.327795 s
currentSize : 33 <-- 0.642640 s
currentSize : 34 <-- 7.749426 s
currentSize : 35 <-- 634.673462 s
currentSize : 36 <-- 729.168579 s

TIMEOUT
maxsize : 36
nodes : 8393683.000000
filtered : 781267887.000000
time : 1000.000000
