Parameters: GAD=1 vflib=1 dir=0 label=0 lowerbound=1 fileNameGp=../../cp2016-max-common-connected-subgraph-paper/datasets/graphsdb/mcs50/rand/r02/mcs50_r02_s30.A09 fileNameGt=../../cp2016-max-common-connected-subgraph-paper/datasets/graphsdb/mcs50/rand/r02/mcs50_r02_s30.B09
Reading graphs...
30 :  155
30 :  154
Initializing...
maxdom : 30
D->valSize : 900
Solving...
Blb : 2 (clique : 10)
currentSize : 10 <-- 0.009749 s
currentSize : 11 <-- 0.009851 s
currentSize : 12 <-- 0.009987 s
currentSize : 13 <-- 0.016911 s
currentSize : 14 <-- 1.137983 s
currentSize : 15 <-- 151.296494 s

maxsize : 15
nodes : 75035939.000000
filtered : 1151045068.000000
time : 343.710541
