Parameters: GAD=1 vflib=1 dir=0 label=0 lowerbound=1 fileNameGp=../../cp2016-max-common-connected-subgraph-paper/datasets/graphsdb/mcs50/rand/r01/mcs50_r01_s40.A07 fileNameGt=../../cp2016-max-common-connected-subgraph-paper/datasets/graphsdb/mcs50/rand/r01/mcs50_r01_s40.B07
Reading graphs...
40 :  148
40 :  151
Initializing...
maxdom : 40
D->valSize : 1600
Solving...
Blb : 2 (clique : 16)
currentSize : 16 <-- 0.032786 s
currentSize : 17 <-- 0.033051 s
currentSize : 18 <-- 0.045100 s
currentSize : 19 <-- 0.597366 s
currentSize : 20 <-- 3.737537 s
currentSize : 21 <-- 4.367330 s

TIMEOUT
maxsize : 21
nodes : 100554288.000000
filtered : 3225201504.000000
time : 1000.000061
