Parameters: GAD=1 vflib=1 dir=0 label=0 lowerbound=1 fileNameGp=../../cp2016-max-common-connected-subgraph-paper/datasets/graphsdb/mcs70/bvg/b03/mcs70_b03_s35.A08 fileNameGt=../../cp2016-max-common-connected-subgraph-paper/datasets/graphsdb/mcs70/bvg/b03/mcs70_b03_s35.B08
Reading graphs...
35 :  52
35 :  52
Initializing...
maxdom : 35
D->valSize : 1225
Solving...
Blb : 2 (clique : 24)
currentSize : 24 <-- 0.021451 s
currentSize : 25 <-- 0.075322 s
currentSize : 26 <-- 2.876359 s
currentSize : 27 <-- 3.989424 s
currentSize : 28 <-- 444.043243 s
currentSize : 29 <-- 444.044373 s

maxsize : 29
nodes : 7473198.000000
filtered : 487948926.000000
time : 479.359741
