Parameters: GAD=1 vflib=1 dir=0 label=0 lowerbound=1 fileNameGp=../../cp2016-max-common-connected-subgraph-paper/datasets/graphsdb/mcs70/m3D/m3Dr6/mcs70_m3Dr6_s40.A09 fileNameGt=../../cp2016-max-common-connected-subgraph-paper/datasets/graphsdb/mcs70/m3D/m3Dr6/mcs70_m3Dr6_s40.B09
Reading graphs...
40 :  107
40 :  105
Initializing...
maxdom : 40
D->valSize : 1600
Solving...
Blb : 2 (clique : 18)
currentSize : 18 <-- 0.035361 s
currentSize : 19 <-- 0.035594 s
currentSize : 20 <-- 0.035752 s
currentSize : 21 <-- 0.036186 s
currentSize : 22 <-- 0.042313 s
currentSize : 23 <-- 0.043858 s
currentSize : 24 <-- 0.401695 s

TIMEOUT
maxsize : 24
nodes : 68980016.000000
filtered : 2476577149.000000
time : 1000.000061
