Parameters: GAD=1 vflib=1 dir=0 label=0 lowerbound=1 fileNameGp=../../cp2016-max-common-connected-subgraph-paper/datasets/graphsdb/mcs70/m3D/m3Dr2/mcs70_m3Dr2_s40.A00 fileNameGt=../../cp2016-max-common-connected-subgraph-paper/datasets/graphsdb/mcs70/m3D/m3Dr2/mcs70_m3Dr2_s40.B00
Reading graphs...
40 :  91
40 :  90
Initializing...
maxdom : 40
D->valSize : 1600
Solving...
Blb : 2 (clique : 19)
currentSize : 19 <-- 0.035522 s
currentSize : 20 <-- 0.035726 s
currentSize : 21 <-- 0.035769 s
currentSize : 22 <-- 0.036113 s
currentSize : 23 <-- 0.036310 s
currentSize : 24 <-- 0.367949 s
currentSize : 25 <-- 1.097584 s
currentSize : 26 <-- 372.800201 s

TIMEOUT
maxsize : 26
nodes : 28221553.000000
filtered : 1450210367.000000
time : 1000.000122
