Parameters: GAD=1 vflib=1 dir=0 label=0 lowerbound=1 fileNameGp=../../cp2016-max-common-connected-subgraph-paper/datasets/graphsdb/mcs70/m3D/m3Dr6/mcs70_m3Dr6_s35.A08 fileNameGt=../../cp2016-max-common-connected-subgraph-paper/datasets/graphsdb/mcs70/m3D/m3Dr6/mcs70_m3Dr6_s35.B08
Reading graphs...
35 :  89
35 :  88
Initializing...
maxdom : 35
D->valSize : 1225
Solving...
Blb : 2 (clique : 18)
currentSize : 18 <-- 0.019999 s
currentSize : 19 <-- 0.020199 s
currentSize : 20 <-- 0.020331 s
currentSize : 21 <-- 0.021873 s
currentSize : 22 <-- 1.164069 s
currentSize : 24 <-- 147.261871 s
currentSize : 26 <-- 153.366837 s
currentSize : 27 <-- 153.366928 s

maxsize : 27
nodes : 11836652.000000
filtered : 509277764.000000
time : 199.418350
