Parameters: GAD=1 vflib=1 dir=0 label=0 lowerbound=1 fileNameGp=../../cp2016-max-common-connected-subgraph-paper/datasets/graphsdb/mcs70/rand/r02/mcs70_r02_s40.A02 fileNameGt=../../cp2016-max-common-connected-subgraph-paper/datasets/graphsdb/mcs70/rand/r02/mcs70_r02_s40.B02
Reading graphs...
40 :  286
40 :  277
Initializing...
maxdom : 40
D->valSize : 1600
Solving...
Blb : 2 (clique : 11)
currentSize : 11 <-- 0.029405 s
currentSize : 13 <-- 0.029553 s
currentSize : 14 <-- 0.031410 s
currentSize : 15 <-- 0.604666 s
currentSize : 16 <-- 14.149430 s
currentSize : 17 <-- 109.675827 s
currentSize : 18 <-- 632.064880 s
currentSize : 19 <-- 859.229431 s

TIMEOUT
maxsize : 19
nodes : 205632492.000000
filtered : 3242863678.000000
time : 1000.000000
