Parameters: GAD=1 vflib=1 dir=0 label=0 lowerbound=1 fileNameGp=../../cp2016-max-common-connected-subgraph-paper/datasets/graphsdb/mcs70/bvg/b06m/mcs70_b06m_s35.A03 fileNameGt=../../cp2016-max-common-connected-subgraph-paper/datasets/graphsdb/mcs70/bvg/b06m/mcs70_b06m_s35.B03
Reading graphs...
35 :  103
35 :  103
Initializing...
maxdom : 35
D->valSize : 1225
Solving...
Blb : 2 (clique : 15)
currentSize : 15 <-- 0.019475 s
currentSize : 17 <-- 0.019612 s
currentSize : 18 <-- 0.019661 s
currentSize : 19 <-- 0.040454 s
currentSize : 22 <-- 0.822115 s
currentSize : 23 <-- 0.851279 s
currentSize : 25 <-- 0.852396 s

maxsize : 25
nodes : 2239878.000000
filtered : 156941611.000000
time : 68.689125
