Parameters: GAD=1 vflib=1 dir=0 label=0 lowerbound=1 fileNameGp=../../cp2016-max-common-connected-subgraph-paper/datasets/graphsdb/mcs70/bvg/b09/mcs70_b09_s30.A01 fileNameGt=../../cp2016-max-common-connected-subgraph-paper/datasets/graphsdb/mcs70/bvg/b09/mcs70_b09_s30.B01
Reading graphs...
30 :  133
30 :  133
Initializing...
maxdom : 30
D->valSize : 900
Solving...
Blb : 2 (clique : 11)
currentSize : 11 <-- 0.017113 s
currentSize : 12 <-- 0.017298 s
currentSize : 14 <-- 0.017439 s
currentSize : 16 <-- 0.020922 s
currentSize : 17 <-- 0.024958 s
currentSize : 18 <-- 0.192980 s
currentSize : 19 <-- 0.728848 s
currentSize : 20 <-- 8.346127 s

maxsize : 20
nodes : 1769423.000000
filtered : 65496374.000000
time : 14.196763
