Parameters: GAD=1 vflib=1 dir=0 label=0 lowerbound=1 fileNameGp=../../cp2016-max-common-connected-subgraph-paper/datasets/graphsdb/mcs70/rand/r02/mcs70_r02_s25.A07 fileNameGt=../../cp2016-max-common-connected-subgraph-paper/datasets/graphsdb/mcs70/rand/r02/mcs70_r02_s25.B07
Reading graphs...
25 :  110
25 :  110
Initializing...
maxdom : 25
D->valSize : 625
Solving...
Blb : 2 (clique : 10)
currentSize : 10 <-- 0.008165 s
currentSize : 11 <-- 0.008280 s
currentSize : 12 <-- 0.010999 s
currentSize : 13 <-- 3.015133 s
currentSize : 14 <-- 9.550057 s
currentSize : 16 <-- 10.614322 s
currentSize : 17 <-- 10.874010 s

maxsize : 17
nodes : 2891588.000000
filtered : 39645961.000000
time : 11.415894
