Parameters: GAD=1 vflib=1 dir=0 label=0 lowerbound=1 fileNameGp=../../cp2016-max-common-connected-subgraph-paper/datasets/graphsdb/mcs70/bvg/b09/mcs70_b09_s50.A07 fileNameGt=../../cp2016-max-common-connected-subgraph-paper/datasets/graphsdb/mcs70/bvg/b09/mcs70_b09_s50.B07
Reading graphs...
50 :  224
50 :  223
Initializing...
maxdom : 50
D->valSize : 2500
Solving...
Blb : 2 (clique : 18)
currentSize : 18 <-- 0.086086 s
currentSize : 20 <-- 0.086341 s
currentSize : 21 <-- 0.086685 s
currentSize : 23 <-- 0.087483 s
currentSize : 24 <-- 0.087557 s
currentSize : 27 <-- 0.108213 s
currentSize : 28 <-- 0.108589 s
currentSize : 31 <-- 0.158128 s
currentSize : 33 <-- 440.741638 s
currentSize : 34 <-- 440.741821 s

TIMEOUT
maxsize : 34
nodes : 55019572.000000
filtered : 3678419450.000000
time : 1000.000061
