Parameters: GAD=1 vflib=1 dir=0 label=0 lowerbound=1 fileNameGp=../../cp2016-max-common-connected-subgraph-paper/datasets/graphsdb/mcs70/bvg/b09/mcs70_b09_s35.A05 fileNameGt=../../cp2016-max-common-connected-subgraph-paper/datasets/graphsdb/mcs70/bvg/b09/mcs70_b09_s35.B05
Reading graphs...
35 :  154
35 :  155
Initializing...
maxdom : 35
D->valSize : 1225
Solving...
Blb : 2 (clique : 14)
currentSize : 14 <-- 0.018289 s
currentSize : 15 <-- 0.021263 s
currentSize : 16 <-- 0.021772 s
currentSize : 17 <-- 0.022974 s
currentSize : 18 <-- 1.838417 s
currentSize : 19 <-- 2.315285 s
currentSize : 20 <-- 2.315330 s
currentSize : 21 <-- 2.837262 s
currentSize : 22 <-- 2.837407 s
currentSize : 24 <-- 2.837469 s

maxsize : 24
nodes : 4464093.000000
filtered : 206680640.000000
time : 49.560261
