Parameters: GAD=1 vflib=1 dir=0 label=0 lowerbound=1 fileNameGp=../../cp2016-max-common-connected-subgraph-paper/datasets/graphsdb/mcs70/rand/r005/mcs70_r005_s50.A02 fileNameGt=../../cp2016-max-common-connected-subgraph-paper/datasets/graphsdb/mcs70/rand/r005/mcs70_r005_s50.B02
Reading graphs...
50 :  119
50 :  118
Initializing...
maxdom : 50
D->valSize : 2500
Solving...
Blb : 2 (clique : 24)
currentSize : 24 <-- 0.094801 s
currentSize : 25 <-- 0.095158 s
currentSize : 26 <-- 0.095316 s
currentSize : 27 <-- 0.108446 s
currentSize : 28 <-- 0.117167 s
currentSize : 29 <-- 0.359819 s
currentSize : 30 <-- 35.970821 s
currentSize : 31 <-- 134.662140 s

TIMEOUT
maxsize : 31
nodes : 17199914.000000
filtered : 1057607958.000000
time : 1000.000000
