Parameters: GAD=1 vflib=1 dir=0 label=0 lowerbound=1 fileNameGp=../../cp2016-max-common-connected-subgraph-paper/datasets/graphsdb/mcs70/m3D/m3Dr6/mcs70_m3Dr6_s35.A04 fileNameGt=../../cp2016-max-common-connected-subgraph-paper/datasets/graphsdb/mcs70/m3D/m3Dr6/mcs70_m3Dr6_s35.B04
Reading graphs...
35 :  91
35 :  89
Initializing...
maxdom : 35
D->valSize : 1225
Solving...
Blb : 2 (clique : 16)
currentSize : 16 <-- 0.035558 s
currentSize : 18 <-- 0.035791 s
currentSize : 19 <-- 0.037102 s
currentSize : 20 <-- 0.048311 s
currentSize : 21 <-- 0.774801 s
currentSize : 22 <-- 97.101280 s

TIMEOUT
maxsize : 22
nodes : 56608880.000000
filtered : 2140635493.000000
time : 1000.000427
