Parameters: GAD=1 vflib=1 dir=0 label=0 lowerbound=1 fileNameGp=../../cp2016-max-common-connected-subgraph-paper/datasets/graphsdb/mcs70/rand/r005/mcs70_r005_s35.A07 fileNameGt=../../cp2016-max-common-connected-subgraph-paper/datasets/graphsdb/mcs70/rand/r005/mcs70_r005_s35.B07
Reading graphs...
35 :  57
35 :  56
Initializing...
maxdom : 35
D->valSize : 1225
Solving...
Blb : 2 (clique : 21)
currentSize : 21 <-- 0.021516 s
currentSize : 22 <-- 0.022263 s
currentSize : 23 <-- 0.027029 s
currentSize : 24 <-- 0.054237 s
currentSize : 25 <-- 0.086476 s
currentSize : 26 <-- 0.196750 s

TIMEOUT
maxsize : 26
nodes : 10955475.000000
filtered : 803553595.000000
time : 1000.000122
