Parameters: GAD=1 vflib=1 dir=0 label=0 lowerbound=1 fileNameGp=../../cp2016-max-common-connected-subgraph-paper/datasets/graphsdb/mcs70/rand/r01/mcs70_r01_s30.A03 fileNameGt=../../cp2016-max-common-connected-subgraph-paper/datasets/graphsdb/mcs70/rand/r01/mcs70_r01_s30.B03
Reading graphs...
30 :  83
30 :  83
Initializing...
maxdom : 30
D->valSize : 900
Solving...
Blb : 2 (clique : 14)
currentSize : 14 <-- 0.010360 s
currentSize : 15 <-- 0.010485 s
currentSize : 16 <-- 0.014089 s
currentSize : 17 <-- 0.076933 s
currentSize : 18 <-- 0.492400 s
currentSize : 21 <-- 30.937052 s

maxsize : 21
nodes : 4813672.000000
filtered : 152410883.000000
time : 51.225357
