Parameters: GAD=1 vflib=1 dir=0 label=0 lowerbound=1 fileNameGp=../../cp2016-max-common-connected-subgraph-paper/datasets/graphsdb/mcs70/m3D/m3Dr4/mcs70_m3Dr4_s40.A09 fileNameGt=../../cp2016-max-common-connected-subgraph-paper/datasets/graphsdb/mcs70/m3D/m3Dr4/mcs70_m3Dr4_s40.B09
Reading graphs...
40 :  99
40 :  99
Initializing...
maxdom : 40
D->valSize : 1600
Solving...
Blb : 2 (clique : 19)
currentSize : 19 <-- 0.035222 s
currentSize : 20 <-- 0.035581 s
currentSize : 21 <-- 0.041363 s
currentSize : 22 <-- 0.214187 s
currentSize : 23 <-- 1.070451 s
currentSize : 24 <-- 197.218170 s
currentSize : 25 <-- 389.645172 s
currentSize : 27 <-- 542.570984 s
currentSize : 29 <-- 542.586670 s

TIMEOUT
maxsize : 29
nodes : 55717033.000000
filtered : 2273846966.000000
time : 1000.000061
