Parameters: GAD=1 vflib=1 dir=0 label=0 lowerbound=1 fileNameGp=../../cp2016-max-common-connected-subgraph-paper/datasets/graphsdb/mcs70/bvg/b06m/mcs70_b06m_s35.A09 fileNameGt=../../cp2016-max-common-connected-subgraph-paper/datasets/graphsdb/mcs70/bvg/b06m/mcs70_b06m_s35.B09
Reading graphs...
35 :  102
35 :  101
Initializing...
maxdom : 35
D->valSize : 1225
Solving...
Blb : 2 (clique : 16)
currentSize : 16 <-- 0.034058 s
currentSize : 17 <-- 0.034580 s
currentSize : 18 <-- 0.044114 s
currentSize : 19 <-- 0.044264 s
currentSize : 20 <-- 0.044853 s
currentSize : 21 <-- 12.067296 s
currentSize : 22 <-- 254.428101 s
currentSize : 23 <-- 260.859009 s

TIMEOUT
maxsize : 23
nodes : 47811797.000000
filtered : 2569422609.000000
time : 1000.000305
