Parameters: GAD=1 vflib=1 dir=0 label=0 lowerbound=1 fileNameGp=../../cp2016-max-common-connected-subgraph-paper/datasets/graphsdb/mcs70/rand/r02/mcs70_r02_s30.A02 fileNameGt=../../cp2016-max-common-connected-subgraph-paper/datasets/graphsdb/mcs70/rand/r02/mcs70_r02_s30.B02
Reading graphs...
30 :  151
30 :  153
Initializing...
maxdom : 30
D->valSize : 900
Solving...
Blb : 2 (clique : 11)
currentSize : 11 <-- 0.009680 s
currentSize : 12 <-- 0.011204 s
currentSize : 13 <-- 0.036806 s
currentSize : 14 <-- 0.502745 s
currentSize : 15 <-- 18.807451 s
currentSize : 16 <-- 18.907257 s
currentSize : 19 <-- 19.250961 s
currentSize : 21 <-- 19.251257 s

maxsize : 21
nodes : 4927244.000000
filtered : 84348020.000000
time : 23.253166
