Parameters: GAD=1 vflib=1 dir=0 label=0 lowerbound=1 fileNameGp=../../cp2016-max-common-connected-subgraph-paper/datasets/graphsdb/mcs70/bvg/b06m/mcs70_b06m_s30.A08 fileNameGt=../../cp2016-max-common-connected-subgraph-paper/datasets/graphsdb/mcs70/bvg/b06m/mcs70_b06m_s30.B08
Reading graphs...
30 :  85
30 :  83
Initializing...
maxdom : 30
D->valSize : 900
Solving...
Blb : 2 (clique : 15)
currentSize : 15 <-- 0.010509 s
currentSize : 16 <-- 0.021061 s
currentSize : 17 <-- 0.089471 s
currentSize : 18 <-- 1.489526 s
currentSize : 19 <-- 41.549545 s
currentSize : 20 <-- 41.598396 s
currentSize : 21 <-- 44.007607 s

maxsize : 21
nodes : 3657409.000000
filtered : 159228051.000000
time : 61.674816
