Parameters: GAD=1 vflib=1 dir=0 label=0 lowerbound=1 fileNameGp=../../cp2016-max-common-connected-subgraph-paper/datasets/graphsdb/mcs70/bvg/b09/mcs70_b09_s40.A00 fileNameGt=../../cp2016-max-common-connected-subgraph-paper/datasets/graphsdb/mcs70/bvg/b09/mcs70_b09_s40.B00
Reading graphs...
40 :  178
40 :  178
Initializing...
maxdom : 40
D->valSize : 1600
Solving...
Blb : 2 (clique : 15)
currentSize : 15 <-- 0.031986 s
currentSize : 16 <-- 0.032631 s
currentSize : 17 <-- 0.033307 s
currentSize : 18 <-- 0.045071 s
currentSize : 19 <-- 18.123903 s
currentSize : 21 <-- 29.217115 s
currentSize : 22 <-- 29.714256 s
currentSize : 23 <-- 29.764896 s
currentSize : 25 <-- 29.800148 s
currentSize : 26 <-- 30.313913 s
currentSize : 28 <-- 30.315125 s
currentSize : 29 <-- 36.551647 s

maxsize : 29
nodes : 10136835.000000
filtered : 391179035.000000
time : 107.474792
