Parameters: GAD=1 vflib=1 dir=0 label=0 lowerbound=1 fileNameGp=../../cp2016-max-common-connected-subgraph-paper/datasets/graphsdb/mcs70/bvg/b09/mcs70_b09_s40.A05 fileNameGt=../../cp2016-max-common-connected-subgraph-paper/datasets/graphsdb/mcs70/bvg/b09/mcs70_b09_s40.B05
Reading graphs...
40 :  179
40 :  178
Initializing...
maxdom : 40
D->valSize : 1600
Solving...
Blb : 2 (clique : 15)
currentSize : 15 <-- 0.032065 s
currentSize : 16 <-- 0.033076 s
currentSize : 17 <-- 0.034796 s
currentSize : 18 <-- 0.034888 s
currentSize : 19 <-- 0.475117 s
currentSize : 20 <-- 0.714642 s
currentSize : 21 <-- 23.700855 s
currentSize : 22 <-- 29.216324 s
currentSize : 23 <-- 29.401695 s
currentSize : 24 <-- 29.401749 s
currentSize : 25 <-- 29.401825 s
currentSize : 26 <-- 29.401892 s
currentSize : 27 <-- 29.406561 s
currentSize : 28 <-- 29.406736 s
currentSize : 29 <-- 60.413017 s

maxsize : 29
nodes : 9771260.000000
filtered : 450587571.000000
time : 111.455681
