Parameters: GAD=1 vflib=1 dir=0 label=0 lowerbound=1 fileNameGp=../../cp2016-max-common-connected-subgraph-paper/datasets/graphsdb/mcs70/m3D/m3Dr6/mcs70_m3Dr6_s40.A07 fileNameGt=../../cp2016-max-common-connected-subgraph-paper/datasets/graphsdb/mcs70/m3D/m3Dr6/mcs70_m3Dr6_s40.B07
Reading graphs...
40 :  107
40 :  104
Initializing...
maxdom : 40
D->valSize : 1600
Solving...
Blb : 2 (clique : 17)
currentSize : 17 <-- 0.055831 s
currentSize : 19 <-- 0.056024 s
currentSize : 20 <-- 0.056105 s
currentSize : 21 <-- 0.223983 s
currentSize : 22 <-- 0.226153 s
currentSize : 23 <-- 0.390453 s
currentSize : 24 <-- 2.988091 s
currentSize : 25 <-- 31.775900 s

TIMEOUT
maxsize : 25
nodes : 34940452.000000
filtered : 1707637044.000000
time : 1000.000000
