Parameters: GAD=1 vflib=1 dir=0 label=0 lowerbound=1 fileNameGp=../../cp2016-max-common-connected-subgraph-paper/datasets/graphsdb/mcs70/rand/r005/mcs70_r005_s40.A02 fileNameGt=../../cp2016-max-common-connected-subgraph-paper/datasets/graphsdb/mcs70/rand/r005/mcs70_r005_s40.B02
Reading graphs...
40 :  75
40 :  75
Initializing...
maxdom : 40
D->valSize : 1600
Solving...
Blb : 2 (clique : 21)
currentSize : 21 <-- 0.036432 s
currentSize : 22 <-- 0.036676 s
currentSize : 23 <-- 0.036875 s
currentSize : 24 <-- 0.043825 s
currentSize : 25 <-- 0.220596 s
currentSize : 26 <-- 0.276635 s
currentSize : 27 <-- 6.299357 s
currentSize : 28 <-- 142.147629 s

TIMEOUT
maxsize : 28
nodes : 12773007.000000
filtered : 812621932.000000
time : 1000.000000
