Parameters: GAD=1 vflib=1 dir=0 label=0 lowerbound=1 fileNameGp=../../cp2016-max-common-connected-subgraph-paper/datasets/graphsdb/mcs70/rand/r01/mcs70_r01_s50.A06 fileNameGt=../../cp2016-max-common-connected-subgraph-paper/datasets/graphsdb/mcs70/rand/r01/mcs70_r01_s50.B06
Reading graphs...
50 :  233
50 :  232
Initializing...
maxdom : 50
D->valSize : 2500
Solving...
Blb : 2 (clique : 15)
currentSize : 15 <-- 0.086094 s
currentSize : 16 <-- 0.086347 s
currentSize : 17 <-- 0.086435 s
currentSize : 18 <-- 0.087144 s
currentSize : 19 <-- 0.092359 s
currentSize : 20 <-- 0.363712 s
currentSize : 21 <-- 1.773730 s
currentSize : 22 <-- 4.951863 s
currentSize : 23 <-- 305.822723 s

TIMEOUT
maxsize : 23
nodes : 132660959.000000
filtered : 3018318610.000000
time : 1000.000366
