Parameters: GAD=1 vflib=1 dir=0 label=0 lowerbound=1 fileNameGp=../../cp2016-max-common-connected-subgraph-paper/datasets/graphsdb/mcs70/bvg/b09m/mcs70_b09m_s35.A07 fileNameGt=../../cp2016-max-common-connected-subgraph-paper/datasets/graphsdb/mcs70/bvg/b09m/mcs70_b09m_s35.B07
Reading graphs...
35 :  148
35 :  149
Initializing...
maxdom : 35
D->valSize : 1225
Solving...
Blb : 2 (clique : 13)
currentSize : 13 <-- 0.032377 s
currentSize : 14 <-- 0.047472 s
currentSize : 15 <-- 0.061178 s
currentSize : 16 <-- 0.100828 s
currentSize : 17 <-- 1.160763 s
currentSize : 18 <-- 123.742149 s
currentSize : 19 <-- 194.272064 s
currentSize : 20 <-- 481.220886 s
currentSize : 21 <-- 481.437897 s
currentSize : 22 <-- 481.438019 s
currentSize : 23 <-- 481.713684 s
currentSize : 24 <-- 481.713745 s

maxsize : 24
nodes : 69873173.000000
filtered : 1966163535.000000
time : 515.249390
