Parameters: GAD=1 vflib=1 dir=0 label=0 lowerbound=1 fileNameGp=../../cp2016-max-common-connected-subgraph-paper/datasets/graphsdb/mcs70/m3D/m3Dr4/mcs70_m3Dr4_s35.A06 fileNameGt=../../cp2016-max-common-connected-subgraph-paper/datasets/graphsdb/mcs70/m3D/m3Dr4/mcs70_m3Dr4_s35.B06
Reading graphs...
35 :  85
35 :  84
Initializing...
maxdom : 35
D->valSize : 1225
Solving...
Blb : 2 (clique : 17)
currentSize : 17 <-- 0.020321 s
currentSize : 18 <-- 0.021409 s
currentSize : 19 <-- 0.035972 s
currentSize : 20 <-- 0.045993 s
currentSize : 21 <-- 1.236329 s
currentSize : 22 <-- 6.116389 s
currentSize : 23 <-- 122.208771 s
currentSize : 24 <-- 385.141022 s
currentSize : 27 <-- 753.023926 s

maxsize : 27
nodes : 45051650.000000
filtered : 1870781709.000000
time : 794.496521
