Parameters: GAD=1 vflib=1 dir=0 label=0 lowerbound=1 fileNameGp=../../cp2016-max-common-connected-subgraph-paper/datasets/graphsdb/mcs70/rand/r01/mcs70_r01_s40.A06 fileNameGt=../../cp2016-max-common-connected-subgraph-paper/datasets/graphsdb/mcs70/rand/r01/mcs70_r01_s40.B06
Reading graphs...
40 :  148
40 :  150
Initializing...
maxdom : 40
D->valSize : 1600
Solving...
Blb : 2 (clique : 15)
currentSize : 15 <-- 0.032895 s
currentSize : 16 <-- 0.033058 s
currentSize : 17 <-- 0.033097 s
currentSize : 18 <-- 0.033227 s
currentSize : 19 <-- 0.043259 s
currentSize : 20 <-- 6.369945 s

TIMEOUT
maxsize : 20
nodes : 125969144.000000
filtered : 2877776762.000000
time : 1000.000000
