Parameters: GAD=1 vflib=1 dir=0 label=0 lowerbound=1 fileNameGp=../../cp2016-max-common-connected-subgraph-paper/datasets/graphsdb/mcs70/bvg/b06m/mcs70_b06m_s40.A06 fileNameGt=../../cp2016-max-common-connected-subgraph-paper/datasets/graphsdb/mcs70/bvg/b06m/mcs70_b06m_s40.B06
Reading graphs...
40 :  117
40 :  119
Initializing...
maxdom : 40
D->valSize : 1600
Solving...
Blb : 2 (clique : 18)
currentSize : 18 <-- 0.034290 s
currentSize : 19 <-- 0.034871 s
currentSize : 20 <-- 0.035957 s
currentSize : 21 <-- 0.050081 s
currentSize : 22 <-- 0.272641 s
currentSize : 23 <-- 4.425616 s
currentSize : 24 <-- 15.416343 s

TIMEOUT
maxsize : 24
nodes : 47504105.000000
filtered : 2483407421.000000
time : 1000.000061
