Parameters: GAD=1 vflib=1 dir=0 label=0 lowerbound=1 fileNameGp=../../cp2016-max-common-connected-subgraph-paper/datasets/graphsdb/mcs70/bvg/b06/mcs70_b06_s25.A01 fileNameGt=../../cp2016-max-common-connected-subgraph-paper/datasets/graphsdb/mcs70/bvg/b06/mcs70_b06_s25.B01
Reading graphs...
25 :  74
25 :  73
Initializing...
maxdom : 25
D->valSize : 625
Solving...
Blb : 2 (clique : 12)
currentSize : 12 <-- 0.005090 s
currentSize : 13 <-- 0.005232 s
currentSize : 14 <-- 0.005735 s
currentSize : 15 <-- 0.006058 s
currentSize : 16 <-- 0.008374 s
currentSize : 17 <-- 0.026204 s
currentSize : 18 <-- 0.041637 s
currentSize : 19 <-- 0.132849 s

maxsize : 19
nodes : 55782.000000
filtered : 1890805.000000
time : 0.605878
