Parameters: GAD=1 vflib=1 dir=0 label=0 lowerbound=1 fileNameGp=../../cp2016-max-common-connected-subgraph-paper/datasets/graphsdb/mcs70/m2D/m2Dr4/mcs70_m2Dr4_s35.A05 fileNameGt=../../cp2016-max-common-connected-subgraph-paper/datasets/graphsdb/mcs70/m2D/m2Dr4/mcs70_m2Dr4_s35.B05
Reading graphs...
35 :  71
35 :  70
Initializing...
maxdom : 35
D->valSize : 1225
Solving...
Blb : 2 (clique : 20)
currentSize : 20 <-- 0.035544 s
currentSize : 21 <-- 0.038745 s
currentSize : 22 <-- 0.148518 s
currentSize : 23 <-- 2.885566 s
currentSize : 24 <-- 75.434387 s
currentSize : 25 <-- 422.365845 s

TIMEOUT
maxsize : 25
nodes : 31510885.000000
filtered : 1564652775.000000
time : 1000.000549
