Parameters: GAD=1 vflib=1 dir=0 label=0 lowerbound=1 fileNameGp=../../cp2016-max-common-connected-subgraph-paper/datasets/graphsdb/mcs70/bvg/b06m/mcs70_b06m_s50.A03 fileNameGt=../../cp2016-max-common-connected-subgraph-paper/datasets/graphsdb/mcs70/bvg/b06m/mcs70_b06m_s50.B03
Reading graphs...
50 :  149
50 :  148
Initializing...
maxdom : 50
D->valSize : 2500
Solving...
Blb : 2 (clique : 21)
currentSize : 21 <-- 0.157509 s
currentSize : 22 <-- 0.158026 s
currentSize : 23 <-- 0.158094 s
currentSize : 24 <-- 0.158923 s
currentSize : 25 <-- 0.159823 s
currentSize : 26 <-- 0.164524 s
currentSize : 27 <-- 0.186334 s
currentSize : 28 <-- 11.582995 s

TIMEOUT
maxsize : 28
nodes : 26788671.000000
filtered : 1499649142.000000
time : 1000.000854
