Parameters: GAD=1 vflib=1 dir=0 label=0 lowerbound=1 fileNameGp=../../cp2016-max-common-connected-subgraph-paper/datasets/graphsdb/mcs70/m3D/m3Dr4/mcs70_m3Dr4_s40.A04 fileNameGt=../../cp2016-max-common-connected-subgraph-paper/datasets/graphsdb/mcs70/m3D/m3Dr4/mcs70_m3Dr4_s40.B04
Reading graphs...
40 :  97
40 :  96
Initializing...
maxdom : 40
D->valSize : 1600
Solving...
Blb : 2 (clique : 18)
currentSize : 18 <-- 0.061986 s
currentSize : 21 <-- 0.062287 s
currentSize : 22 <-- 0.067900 s
currentSize : 23 <-- 0.078942 s
currentSize : 24 <-- 0.542715 s
currentSize : 25 <-- 32.664791 s
currentSize : 26 <-- 172.837494 s
currentSize : 28 <-- 172.837540 s

TIMEOUT
maxsize : 28
nodes : 50317562.000000
filtered : 2199276229.000000
time : 1000.000000
