Parameters: GAD=1 vflib=1 dir=0 label=0 lowerbound=1 fileNameGp=../../cp2016-max-common-connected-subgraph-paper/datasets/graphsdb/mcs70/bvg/b06m/mcs70_b06m_s35.A04 fileNameGt=../../cp2016-max-common-connected-subgraph-paper/datasets/graphsdb/mcs70/bvg/b06m/mcs70_b06m_s35.B04
Reading graphs...
35 :  100
35 :  100
Initializing...
maxdom : 35
D->valSize : 1225
Solving...
Blb : 2 (clique : 17)
currentSize : 17 <-- 0.034613 s
currentSize : 18 <-- 0.041737 s
currentSize : 19 <-- 0.092630 s
currentSize : 20 <-- 1.423123 s
currentSize : 21 <-- 9.853872 s
currentSize : 22 <-- 352.824219 s
currentSize : 23 <-- 419.726959 s
currentSize : 24 <-- 419.727051 s

maxsize : 24
nodes : 33299476.000000
filtered : 1604015403.000000
time : 750.142761
