Parameters: GAD=1 vflib=1 dir=0 label=0 lowerbound=1 fileNameGp=../../cp2016-max-common-connected-subgraph-paper/datasets/graphsdb/mcs70/m2D/m2Dr2/mcs70_m2Dr2_s35.A08 fileNameGt=../../cp2016-max-common-connected-subgraph-paper/datasets/graphsdb/mcs70/m2D/m2Dr2/mcs70_m2Dr2_s35.B08
Reading graphs...
35 :  65
35 :  64
Initializing...
maxdom : 35
D->valSize : 1225
Solving...
Blb : 2 (clique : 19)
currentSize : 19 <-- 0.036624 s
currentSize : 20 <-- 0.036915 s
currentSize : 21 <-- 0.043613 s
currentSize : 22 <-- 0.054031 s
currentSize : 23 <-- 0.445873 s
currentSize : 24 <-- 4.857095 s
currentSize : 25 <-- 8.414716 s
currentSize : 26 <-- 840.462219 s

TIMEOUT
maxsize : 26
nodes : 19808934.000000
filtered : 1371994217.000000
time : 1000.000366
