Parameters: GAD=1 vflib=1 dir=0 label=0 lowerbound=1 fileNameGp=../../cp2016-max-common-connected-subgraph-paper/datasets/graphsdb/mcs70/rand/r02/mcs70_r02_s30.A04 fileNameGt=../../cp2016-max-common-connected-subgraph-paper/datasets/graphsdb/mcs70/rand/r02/mcs70_r02_s30.B04
Reading graphs...
30 :  161
30 :  159
Initializing...
maxdom : 30
D->valSize : 900
Solving...
Blb : 3 (clique : 11)
currentSize : 11 <-- 0.009795 s
currentSize : 12 <-- 0.011945 s
currentSize : 13 <-- 0.270831 s
currentSize : 14 <-- 6.539303 s
currentSize : 17 <-- 19.613132 s
currentSize : 21 <-- 19.613283 s

maxsize : 21
nodes : 5729200.000000
filtered : 77724542.000000
time : 24.312983
