Parameters: GAD=1 vflib=1 dir=0 label=0 lowerbound=1 fileNameGp=../../cp2016-max-common-connected-subgraph-paper/datasets/graphsdb/mcs70/rand/r02/mcs70_r02_s30.A06 fileNameGt=../../cp2016-max-common-connected-subgraph-paper/datasets/graphsdb/mcs70/rand/r02/mcs70_r02_s30.B06
Reading graphs...
30 :  159
30 :  158
Initializing...
maxdom : 30
D->valSize : 900
Solving...
Blb : 2 (clique : 9)
currentSize : 9 <-- 0.009480 s
currentSize : 10 <-- 0.009583 s
currentSize : 11 <-- 0.009603 s
currentSize : 12 <-- 0.009622 s
currentSize : 13 <-- 0.099113 s
currentSize : 14 <-- 4.019691 s
currentSize : 17 <-- 4.497207 s
currentSize : 18 <-- 15.014099 s
currentSize : 21 <-- 15.014236 s

maxsize : 21
nodes : 3759546.000000
filtered : 78094912.000000
time : 18.971807
