Parameters: GAD=1 vflib=1 dir=0 label=0 lowerbound=1 fileNameGp=../../cp2016-max-common-connected-subgraph-paper/datasets/graphsdb/mcs70/bvg/b06/mcs70_b06_s25.A00 fileNameGt=../../cp2016-max-common-connected-subgraph-paper/datasets/graphsdb/mcs70/bvg/b06/mcs70_b06_s25.B00
Reading graphs...
25 :  75
25 :  73
Initializing...
maxdom : 25
D->valSize : 625
Solving...
Blb : 3 (clique : 12)
currentSize : 12 <-- 0.004950 s
currentSize : 13 <-- 0.005525 s
currentSize : 14 <-- 0.006159 s
currentSize : 15 <-- 0.011429 s
currentSize : 16 <-- 0.058366 s
currentSize : 17 <-- 0.058987 s
currentSize : 18 <-- 0.059528 s
currentSize : 19 <-- 0.845834 s

maxsize : 19
nodes : 88646.000000
filtered : 3574669.000000
time : 1.149797
