Parameters: GAD=1 vflib=1 dir=0 label=0 lowerbound=1 fileNameGp=../../cp2016-max-common-connected-subgraph-paper/datasets/graphsdb/mcs70/bvg/b09/mcs70_b09_s50.A02 fileNameGt=../../cp2016-max-common-connected-subgraph-paper/datasets/graphsdb/mcs70/bvg/b09/mcs70_b09_s50.B02
Reading graphs...
50 :  219
50 :  224
Initializing...
maxdom : 50
D->valSize : 2500
Solving...
Blb : 2 (clique : 18)
currentSize : 18 <-- 0.086743 s
currentSize : 19 <-- 0.098245 s
currentSize : 20 <-- 0.376714 s
currentSize : 21 <-- 0.783693 s
currentSize : 22 <-- 1.425243 s
currentSize : 23 <-- 5.809569 s
currentSize : 24 <-- 208.042130 s
currentSize : 25 <-- 453.247437 s

TIMEOUT
maxsize : 25
nodes : 110478991.000000
filtered : 3479395917.000000
time : 1000.000000
