Parameters: GAD=1 vflib=1 dir=0 label=0 lowerbound=1 fileNameGp=../../cp2016-max-common-connected-subgraph-paper/datasets/graphsdb/mcs70/bvg/b09/mcs70_b09_s40.A06 fileNameGt=../../cp2016-max-common-connected-subgraph-paper/datasets/graphsdb/mcs70/bvg/b09/mcs70_b09_s40.B06
Reading graphs...
40 :  178
40 :  179
Initializing...
maxdom : 40
D->valSize : 1600
Solving...
Blb : 5 (clique : 17)
currentSize : 17 <-- 0.032191 s
currentSize : 18 <-- 0.053510 s
currentSize : 19 <-- 0.378135 s
currentSize : 20 <-- 0.512004 s
currentSize : 21 <-- 0.512187 s
currentSize : 22 <-- 5.902423 s
currentSize : 25 <-- 5.902938 s
currentSize : 26 <-- 7.065654 s
currentSize : 27 <-- 8.499754 s
currentSize : 28 <-- 8.499926 s
currentSize : 29 <-- 10.493608 s

maxsize : 29
nodes : 6314119.000000
filtered : 362941953.000000
time : 85.539948
