Parameters: GAD=1 vflib=1 dir=0 label=0 lowerbound=1 fileNameGp=../../cp2016-max-common-connected-subgraph-paper/datasets/graphsdb/mcs70/bvg/b03/mcs70_b03_s40.A02 fileNameGt=../../cp2016-max-common-connected-subgraph-paper/datasets/graphsdb/mcs70/bvg/b03/mcs70_b03_s40.B02
Reading graphs...
40 :  60
40 :  60
Initializing...
maxdom : 40
D->valSize : 1600
Solving...
Blb : 2 (clique : 26)
currentSize : 26 <-- 0.060050 s
currentSize : 27 <-- 0.097318 s
currentSize : 28 <-- 1.315519 s
currentSize : 29 <-- 45.621838 s
currentSize : 30 <-- 86.110748 s
currentSize : 31 <-- 147.068176 s
currentSize : 32 <-- 395.981171 s

TIMEOUT
maxsize : 32
nodes : 14741566.000000
filtered : 1136608940.000000
time : 1000.000427
