Parameters: GAD=1 vflib=1 dir=0 label=0 lowerbound=1 fileNameGp=../../cp2016-max-common-connected-subgraph-paper/datasets/graphsdb/mcs70/m2D/m2Dr6/mcs70_m2Dr6_s50.A09 fileNameGt=../../cp2016-max-common-connected-subgraph-paper/datasets/graphsdb/mcs70/m2D/m2Dr6/mcs70_m2Dr6_s50.B09
Reading graphs...
50 :  114
50 :  113
Initializing...
maxdom : 50
D->valSize : 2500
Solving...
Blb : 2 (clique : 25)
currentSize : 25 <-- 0.095828 s
currentSize : 27 <-- 0.096432 s
currentSize : 28 <-- 0.096458 s
currentSize : 29 <-- 0.971312 s
currentSize : 30 <-- 2.978484 s
currentSize : 31 <-- 8.079645 s

TIMEOUT
maxsize : 31
nodes : 26676454.000000
filtered : 1143019189.000000
time : 1000.000244
