Parameters: GAD=1 vflib=1 dir=0 label=0 lowerbound=1 fileNameGp=../../cp2016-max-common-connected-subgraph-paper/datasets/graphsdb/mcs70/rand/r02/mcs70_r02_s30.A03 fileNameGt=../../cp2016-max-common-connected-subgraph-paper/datasets/graphsdb/mcs70/rand/r02/mcs70_r02_s30.B03
Reading graphs...
30 :  153
30 :  153
Initializing...
maxdom : 30
D->valSize : 900
Solving...
Blb : 2 (clique : 10)
currentSize : 10 <-- 0.009523 s
currentSize : 11 <-- 0.009634 s
currentSize : 12 <-- 0.010241 s
currentSize : 13 <-- 0.027193 s
currentSize : 14 <-- 2.435226 s
currentSize : 15 <-- 8.425615 s
currentSize : 16 <-- 8.425647 s
currentSize : 19 <-- 14.163316 s
currentSize : 21 <-- 20.337328 s

maxsize : 21
nodes : 4593300.000000
filtered : 87308625.000000
time : 22.806295
