Parameters: GAD=1 vflib=1 dir=0 label=0 lowerbound=1 fileNameGp=../../cp2016-max-common-connected-subgraph-paper/datasets/graphsdb/mcs70/m3D/m3D/mcs70_m3D_s40.A00 fileNameGt=../../cp2016-max-common-connected-subgraph-paper/datasets/graphsdb/mcs70/m3D/m3D/mcs70_m3D_s40.B00
Reading graphs...
40 :  83
40 :  82
Initializing...
maxdom : 40
D->valSize : 1600
Solving...
Blb : 2 (clique : 20)
currentSize : 20 <-- 0.035990 s
currentSize : 23 <-- 0.036202 s
currentSize : 24 <-- 0.044490 s
currentSize : 25 <-- 0.075877 s
currentSize : 26 <-- 4.242902 s
currentSize : 27 <-- 15.961694 s
currentSize : 28 <-- 31.481775 s
currentSize : 29 <-- 31.712437 s

TIMEOUT
maxsize : 29
nodes : 36649864.000000
filtered : 1652802060.000000
time : 1000.000122
