Parameters: GAD=1 vflib=1 dir=0 label=0 lowerbound=1 fileNameGp=../../cp2016-max-common-connected-subgraph-paper/datasets/graphsdb/mcs70/bvg/b09m/mcs70_b09m_s25.A00 fileNameGt=../../cp2016-max-common-connected-subgraph-paper/datasets/graphsdb/mcs70/bvg/b09m/mcs70_b09m_s25.B00
Reading graphs...
25 :  107
25 :  103
Initializing...
maxdom : 25
D->valSize : 625
Solving...
Blb : 2 (clique : 9)
currentSize : 9 <-- 0.004795 s
currentSize : 10 <-- 0.005050 s
currentSize : 11 <-- 0.006455 s
currentSize : 12 <-- 0.010079 s
currentSize : 13 <-- 0.056811 s
currentSize : 14 <-- 2.875376 s
currentSize : 16 <-- 5.908451 s

maxsize : 16
nodes : 1460314.000000
filtered : 25680557.000000
time : 6.725205
