Parameters: GAD=1 vflib=1 dir=0 label=0 lowerbound=1 fileNameGp=../../cp2016-max-common-connected-subgraph-paper/datasets/graphsdb/mcs70/m3D/m3D/mcs70_m3D_s35.A06 fileNameGt=../../cp2016-max-common-connected-subgraph-paper/datasets/graphsdb/mcs70/m3D/m3D/mcs70_m3D_s35.B06
Reading graphs...
35 :  72
35 :  72
Initializing...
maxdom : 35
D->valSize : 1225
Solving...
Blb : 2 (clique : 19)
currentSize : 19 <-- 0.021091 s
currentSize : 20 <-- 0.021447 s
currentSize : 21 <-- 0.024724 s
currentSize : 22 <-- 0.025552 s
currentSize : 23 <-- 0.030723 s
currentSize : 25 <-- 0.061399 s
currentSize : 26 <-- 18.080153 s
currentSize : 27 <-- 49.458225 s

maxsize : 27
nodes : 6594163.000000
filtered : 336387217.000000
time : 161.433929
