Parameters: GAD=1 vflib=1 dir=0 label=0 lowerbound=1 fileNameGp=../../cp2016-max-common-connected-subgraph-paper/datasets/graphsdb/mcs70/bvg/b09m/mcs70_b09m_s40.A07 fileNameGt=../../cp2016-max-common-connected-subgraph-paper/datasets/graphsdb/mcs70/bvg/b09m/mcs70_b09m_s40.B07
Reading graphs...
40 :  171
40 :  174
Initializing...
maxdom : 40
D->valSize : 1600
Solving...
Blb : 2 (clique : 14)
currentSize : 14 <-- 0.032072 s
currentSize : 15 <-- 0.032269 s
currentSize : 16 <-- 0.032285 s
currentSize : 17 <-- 0.032500 s
currentSize : 18 <-- 0.087914 s
currentSize : 19 <-- 25.047235 s
currentSize : 20 <-- 887.586426 s

TIMEOUT
maxsize : 20
nodes : 135739437.000000
filtered : 3325895254.000000
time : 1000.000000
