Parameters: GAD=1 vflib=1 dir=0 label=0 lowerbound=1 fileNameGp=../../cp2016-max-common-connected-subgraph-paper/datasets/graphsdb/mcs70/rand/r02/mcs70_r02_s40.A06 fileNameGt=../../cp2016-max-common-connected-subgraph-paper/datasets/graphsdb/mcs70/rand/r02/mcs70_r02_s40.B06
Reading graphs...
40 :  282
40 :  285
Initializing...
maxdom : 40
D->valSize : 1600
Solving...
Blb : 5 (clique : 12)
currentSize : 12 <-- 0.029793 s
currentSize : 13 <-- 0.031114 s
currentSize : 14 <-- 0.056657 s
currentSize : 15 <-- 28.458248 s
currentSize : 18 <-- 294.128113 s
currentSize : 19 <-- 387.285095 s
currentSize : 20 <-- 393.868652 s
currentSize : 21 <-- 951.840332 s
currentSize : 28 <-- 951.957458 s

TIMEOUT
maxsize : 28
nodes : 199192334.000000
filtered : 3705165733.000000
time : 1000.000244
