Parameters: GAD=1 vflib=1 dir=0 label=0 lowerbound=1 fileNameGp=../../cp2016-max-common-connected-subgraph-paper/datasets/graphsdb/mcs70/bvg/b06/mcs70_b06_s40.A08 fileNameGt=../../cp2016-max-common-connected-subgraph-paper/datasets/graphsdb/mcs70/bvg/b06/mcs70_b06_s40.B08
Reading graphs...
40 :  119
40 :  119
Initializing...
maxdom : 40
D->valSize : 1600
Solving...
Blb : 5 (clique : 20)
currentSize : 20 <-- 0.060349 s
currentSize : 21 <-- 0.241315 s
currentSize : 22 <-- 0.723976 s
currentSize : 23 <-- 1.627247 s
currentSize : 24 <-- 28.500824 s
currentSize : 25 <-- 30.614365 s
currentSize : 26 <-- 38.551289 s
currentSize : 27 <-- 41.064976 s
currentSize : 28 <-- 41.065022 s
currentSize : 30 <-- 58.389668 s
currentSize : 31 <-- 106.759148 s

maxsize : 31
nodes : 5802600.000000
filtered : 423584798.000000
time : 219.737076
