Parameters: GAD=1 vflib=1 dir=0 label=0 lowerbound=1 fileNameGp=../../cp2016-max-common-connected-subgraph-paper/datasets/graphsdb/mcs70/bvg/b06/mcs70_b06_s30.A08 fileNameGt=../../cp2016-max-common-connected-subgraph-paper/datasets/graphsdb/mcs70/bvg/b06/mcs70_b06_s30.B08
Reading graphs...
30 :  90
30 :  90
Initializing...
maxdom : 30
D->valSize : 900
Solving...
Blb : 2 (clique : 15)
currentSize : 15 <-- 0.010307 s
currentSize : 17 <-- 0.010432 s
currentSize : 18 <-- 0.010475 s
currentSize : 19 <-- 0.010516 s
currentSize : 20 <-- 0.011031 s
currentSize : 21 <-- 0.031460 s
currentSize : 22 <-- 2.825376 s

maxsize : 22
nodes : 584795.000000
filtered : 27391310.000000
time : 9.445466
