Parameters: GAD=1 vflib=1 dir=0 label=0 lowerbound=1 fileNameGp=../../cp2016-max-common-connected-subgraph-paper/datasets/graphsdb/mcs70/m2D/m2Dr6/mcs70_m2Dr6_s40.A02 fileNameGt=../../cp2016-max-common-connected-subgraph-paper/datasets/graphsdb/mcs70/m2D/m2Dr6/mcs70_m2Dr6_s40.B02
Reading graphs...
40 :  91
40 :  87
Initializing...
maxdom : 40
D->valSize : 1600
Solving...
Blb : 2 (clique : 21)
currentSize : 21 <-- 0.035405 s
currentSize : 22 <-- 0.037003 s
currentSize : 23 <-- 0.144052 s
currentSize : 24 <-- 0.807017 s
currentSize : 25 <-- 17.716513 s
currentSize : 26 <-- 54.740070 s

TIMEOUT
maxsize : 26
nodes : 21990499.000000
filtered : 1409180087.000000
time : 1000.000000
