Parameters: GAD=1 vflib=1 dir=0 label=0 lowerbound=1 fileNameGp=../../cp2016-max-common-connected-subgraph-paper/datasets/graphsdb/mcs70/m3D/m3Dr6/mcs70_m3Dr6_s35.A05 fileNameGt=../../cp2016-max-common-connected-subgraph-paper/datasets/graphsdb/mcs70/m3D/m3Dr6/mcs70_m3Dr6_s35.B05
Reading graphs...
35 :  91
35 :  89
Initializing...
maxdom : 35
D->valSize : 1225
Solving...
Blb : 2 (clique : 17)
currentSize : 17 <-- 0.020248 s
currentSize : 20 <-- 0.020403 s
currentSize : 21 <-- 0.383700 s
currentSize : 22 <-- 189.871567 s
currentSize : 24 <-- 220.882431 s
currentSize : 27 <-- 357.323700 s

maxsize : 27
nodes : 24873918.000000
filtered : 990256582.000000
time : 391.035950
