Parameters: GAD=1 vflib=1 dir=0 label=0 lowerbound=1 fileNameGp=../../cp2016-max-common-connected-subgraph-paper/datasets/graphsdb/mcs70/rand/r02/mcs70_r02_s50.A05 fileNameGt=../../cp2016-max-common-connected-subgraph-paper/datasets/graphsdb/mcs70/rand/r02/mcs70_r02_s50.B05
Reading graphs...
50 :  437
50 :  443
Initializing...
maxdom : 50
D->valSize : 2500
Solving...
Blb : 2 (clique : 12)
currentSize : 12 <-- 0.076015 s
currentSize : 13 <-- 0.076372 s
currentSize : 14 <-- 0.079372 s
currentSize : 15 <-- 0.252013 s
currentSize : 16 <-- 1.194674 s
currentSize : 17 <-- 211.894821 s
currentSize : 18 <-- 917.000122 s

TIMEOUT
maxsize : 18
nodes : 214911833.000000
filtered : 2395041981.000000
time : 1000.000000
