Parameters: GAD=1 vflib=1 dir=0 label=0 lowerbound=1 fileNameGp=../../cp2016-max-common-connected-subgraph-paper/datasets/graphsdb/mcs70/m3D/m3D/mcs70_m3D_s35.A08 fileNameGt=../../cp2016-max-common-connected-subgraph-paper/datasets/graphsdb/mcs70/m3D/m3D/mcs70_m3D_s35.B08
Reading graphs...
35 :  72
35 :  72
Initializing...
maxdom : 35
D->valSize : 1225
Solving...
Blb : 2 (clique : 20)
currentSize : 20 <-- 0.037056 s
currentSize : 21 <-- 0.039606 s
currentSize : 22 <-- 0.043399 s
currentSize : 23 <-- 0.556484 s
currentSize : 24 <-- 1.390730 s
currentSize : 25 <-- 1.566451 s
currentSize : 26 <-- 1.664269 s
currentSize : 27 <-- 261.465302 s
currentSize : 28 <-- 283.216064 s
currentSize : 29 <-- 293.108307 s

maxsize : 29
nodes : 9926427.000000
filtered : 533119706.000000
time : 297.150024
