Parameters: GAD=1 vflib=1 dir=0 label=0 lowerbound=1 fileNameGp=../../cp2016-max-common-connected-subgraph-paper/datasets/graphsdb/mcs70/bvg/b06m/mcs70_b06m_s30.A07 fileNameGt=../../cp2016-max-common-connected-subgraph-paper/datasets/graphsdb/mcs70/bvg/b06m/mcs70_b06m_s30.B07
Reading graphs...
30 :  90
30 :  89
Initializing...
maxdom : 30
D->valSize : 900
Solving...
Blb : 2 (clique : 14)
currentSize : 14 <-- 0.010398 s
currentSize : 15 <-- 0.010598 s
currentSize : 16 <-- 0.012301 s
currentSize : 17 <-- 0.013853 s
currentSize : 18 <-- 40.549877 s
currentSize : 19 <-- 42.150440 s
currentSize : 20 <-- 42.431152 s
currentSize : 21 <-- 48.815464 s

maxsize : 21
nodes : 5795661.000000
filtered : 178415957.000000
time : 64.104721
