Parameters: GAD=1 vflib=1 dir=0 label=0 lowerbound=1 fileNameGp=../../cp2016-max-common-connected-subgraph-paper/datasets/graphsdb/mcs70/bvg/b06/mcs70_b06_s50.A07 fileNameGt=../../cp2016-max-common-connected-subgraph-paper/datasets/graphsdb/mcs70/bvg/b06/mcs70_b06_s50.B07
Reading graphs...
50 :  148
50 :  148
Initializing...
maxdom : 50
D->valSize : 2500
Solving...
Blb : 2 (clique : 22)
currentSize : 22 <-- 0.092663 s
currentSize : 23 <-- 0.094887 s
currentSize : 24 <-- 0.101887 s
currentSize : 25 <-- 0.132271 s
currentSize : 26 <-- 1.822842 s
currentSize : 27 <-- 28.419411 s
currentSize : 28 <-- 107.827896 s
currentSize : 29 <-- 397.706207 s
currentSize : 30 <-- 830.102539 s

TIMEOUT
maxsize : 30
nodes : 43930375.000000
filtered : 2230809152.000000
time : 1000.000610
