Parameters: GAD=1 vflib=1 dir=0 label=0 lowerbound=1 fileNameGp=../../cp2016-max-common-connected-subgraph-paper/datasets/graphsdb/mcs70/rand/r02/mcs70_r02_s40.A01 fileNameGt=../../cp2016-max-common-connected-subgraph-paper/datasets/graphsdb/mcs70/rand/r02/mcs70_r02_s40.B01
Reading graphs...
40 :  277
40 :  281
Initializing...
maxdom : 40
D->valSize : 1600
Solving...
Blb : 2 (clique : 12)
currentSize : 12 <-- 0.029801 s
currentSize : 13 <-- 0.031792 s
currentSize : 14 <-- 0.101033 s
currentSize : 15 <-- 1.684583 s
currentSize : 16 <-- 22.201296 s
currentSize : 18 <-- 620.560059 s
currentSize : 20 <-- 704.574402 s
currentSize : 21 <-- 724.545837 s
currentSize : 28 <-- 724.557190 s

maxsize : 28
nodes : 165844878.000000
filtered : 2564652871.000000
time : 791.763855
