Parameters: GAD=1 vflib=1 dir=0 label=0 lowerbound=1 fileNameGp=../../cp2016-max-common-connected-subgraph-paper/datasets/graphsdb/mcs70/m3D/m3Dr4/mcs70_m3Dr4_s35.A04 fileNameGt=../../cp2016-max-common-connected-subgraph-paper/datasets/graphsdb/mcs70/m3D/m3Dr4/mcs70_m3Dr4_s35.B04
Reading graphs...
35 :  86
35 :  85
Initializing...
maxdom : 35
D->valSize : 1225
Solving...
Blb : 2 (clique : 17)
currentSize : 17 <-- 0.020115 s
currentSize : 18 <-- 0.020369 s
currentSize : 19 <-- 0.020457 s
currentSize : 20 <-- 0.020648 s
currentSize : 21 <-- 0.206192 s
currentSize : 22 <-- 6.379628 s
currentSize : 23 <-- 900.529602 s

TIMEOUT
maxsize : 23
nodes : 45135602.000000
filtered : 1897007853.000000
time : 1000.000061
