Parameters: GAD=1 vflib=1 dir=0 label=0 lowerbound=1 fileNameGp=../../cp2016-max-common-connected-subgraph-paper/datasets/graphsdb/mcs70/m3D/m3Dr6/mcs70_m3Dr6_s35.A09 fileNameGt=../../cp2016-max-common-connected-subgraph-paper/datasets/graphsdb/mcs70/m3D/m3Dr6/mcs70_m3Dr6_s35.B09
Reading graphs...
35 :  92
35 :  91
Initializing...
maxdom : 35
D->valSize : 1225
Solving...
Blb : 2 (clique : 18)
currentSize : 18 <-- 0.035215 s
currentSize : 19 <-- 0.045242 s
currentSize : 20 <-- 0.049283 s
currentSize : 21 <-- 0.100852 s
currentSize : 23 <-- 0.125658 s
currentSize : 25 <-- 0.209896 s
currentSize : 26 <-- 0.209945 s
currentSize : 27 <-- 0.210006 s

maxsize : 27
nodes : 591531.000000
filtered : 38769129.000000
time : 15.487709
