Parameters: GAD=1 vflib=1 dir=0 label=0 lowerbound=1 fileNameGp=../../cp2016-max-common-connected-subgraph-paper/datasets/graphsdb/mcs70/bvg/b09m/mcs70_b09m_s40.A02 fileNameGt=../../cp2016-max-common-connected-subgraph-paper/datasets/graphsdb/mcs70/bvg/b09m/mcs70_b09m_s40.B02
Reading graphs...
40 :  173
40 :  176
Initializing...
maxdom : 40
D->valSize : 1600
Solving...
Blb : 2 (clique : 14)
currentSize : 14 <-- 0.032296 s
currentSize : 16 <-- 0.032461 s
currentSize : 17 <-- 0.034466 s
currentSize : 18 <-- 0.174599 s
currentSize : 19 <-- 4.285070 s
currentSize : 20 <-- 70.167023 s

TIMEOUT
maxsize : 20
nodes : 105403353.000000
filtered : 3096869872.000000
time : 1000.000244
