Parameters: GAD=1 vflib=1 dir=0 label=0 lowerbound=1 fileNameGp=../../cp2016-max-common-connected-subgraph-paper/datasets/graphsdb/mcs70/bvg/b09/mcs70_b09_s30.A08 fileNameGt=../../cp2016-max-common-connected-subgraph-paper/datasets/graphsdb/mcs70/bvg/b09/mcs70_b09_s30.B08
Reading graphs...
30 :  133
30 :  133
Initializing...
maxdom : 30
D->valSize : 900
Solving...
Blb : 3 (clique : 14)
currentSize : 14 <-- 0.017010 s
currentSize : 15 <-- 0.033847 s
currentSize : 16 <-- 0.139133 s
currentSize : 17 <-- 0.140204 s
currentSize : 18 <-- 0.158101 s
currentSize : 20 <-- 0.247473 s
currentSize : 21 <-- 0.724036 s

maxsize : 21
nodes : 723758.000000
filtered : 25288605.000000
time : 5.426570
