Parameters: GAD=1 vflib=1 dir=0 label=0 lowerbound=1 fileNameGp=../../cp2016-max-common-connected-subgraph-paper/datasets/graphsdb/mcs70/bvg/b03m/mcs70_b03m_s40.A01 fileNameGt=../../cp2016-max-common-connected-subgraph-paper/datasets/graphsdb/mcs70/bvg/b03m/mcs70_b03m_s40.B01
Reading graphs...
40 :  60
40 :  60
Initializing...
maxdom : 40
D->valSize : 1600
Solving...
Blb : 2 (clique : 25)
currentSize : 25 <-- 0.037417 s
currentSize : 26 <-- 0.038899 s
currentSize : 27 <-- 0.044865 s
currentSize : 28 <-- 11.064232 s
currentSize : 29 <-- 99.528343 s
currentSize : 30 <-- 519.499268 s

TIMEOUT
maxsize : 30
nodes : 11893546.000000
filtered : 891080134.000000
time : 1000.000854
