Parameters: GAD=1 vflib=1 dir=0 label=0 lowerbound=1 fileNameGp=../../cp2016-max-common-connected-subgraph-paper/datasets/graphsdb/mcs70/m2D/m2Dr4/mcs70_m2Dr4_s50.A08 fileNameGt=../../cp2016-max-common-connected-subgraph-paper/datasets/graphsdb/mcs70/m2D/m2Dr4/mcs70_m2Dr4_s50.B08
Reading graphs...
50 :  103
50 :  102
Initializing...
maxdom : 50
D->valSize : 2500
Solving...
Blb : 2 (clique : 24)
currentSize : 24 <-- 0.096202 s
currentSize : 26 <-- 0.096563 s
currentSize : 27 <-- 0.096605 s
currentSize : 28 <-- 0.097504 s
currentSize : 29 <-- 0.509299 s
currentSize : 30 <-- 1.739356 s
currentSize : 31 <-- 12.516877 s
currentSize : 32 <-- 324.941925 s

TIMEOUT
maxsize : 32
nodes : 24672627.000000
filtered : 1310564293.000000
time : 1000.001160
