Parameters: GAD=1 vflib=1 dir=0 label=0 lowerbound=1 fileNameGp=../../cp2016-max-common-connected-subgraph-paper/datasets/graphsdb/mcs70/bvg/b06/mcs70_b06_s35.A00 fileNameGt=../../cp2016-max-common-connected-subgraph-paper/datasets/graphsdb/mcs70/bvg/b06/mcs70_b06_s35.B00
Reading graphs...
35 :  105
35 :  105
Initializing...
maxdom : 35
D->valSize : 1225
Solving...
Blb : 2 (clique : 18)
currentSize : 18 <-- 0.034449 s
currentSize : 19 <-- 0.081786 s
currentSize : 20 <-- 0.106921 s
currentSize : 21 <-- 0.187974 s
currentSize : 22 <-- 0.203927 s
currentSize : 23 <-- 26.158760 s
currentSize : 24 <-- 26.362671 s
currentSize : 25 <-- 26.363169 s
currentSize : 26 <-- 60.352486 s

maxsize : 26
nodes : 4641606.000000
filtered : 260322984.000000
time : 107.238327
