Parameters: GAD=1 vflib=1 dir=0 label=0 lowerbound=1 fileNameGp=../../cp2016-max-common-connected-subgraph-paper/datasets/graphsdb/mcs70/bvg/b06m/mcs70_b06m_s40.A03 fileNameGt=../../cp2016-max-common-connected-subgraph-paper/datasets/graphsdb/mcs70/bvg/b06m/mcs70_b06m_s40.B03
Reading graphs...
40 :  115
40 :  115
Initializing...
maxdom : 40
D->valSize : 1600
Solving...
Blb : 2 (clique : 17)
currentSize : 17 <-- 0.060533 s
currentSize : 19 <-- 0.060814 s
currentSize : 20 <-- 0.060861 s
currentSize : 21 <-- 0.083091 s
currentSize : 22 <-- 0.397523 s
currentSize : 23 <-- 11.627424 s
currentSize : 24 <-- 132.175278 s

TIMEOUT
maxsize : 24
nodes : 65843236.000000
filtered : 2750729714.000000
time : 1000.000122
