Parameters: GAD=1 vflib=1 dir=0 label=0 lowerbound=1 fileNameGp=../../cp2016-max-common-connected-subgraph-paper/datasets/graphsdb/mcs70/m3D/m3Dr4/mcs70_m3Dr4_s35.A01 fileNameGt=../../cp2016-max-common-connected-subgraph-paper/datasets/graphsdb/mcs70/m3D/m3Dr4/mcs70_m3Dr4_s35.B01
Reading graphs...
35 :  86
35 :  85
Initializing...
maxdom : 35
D->valSize : 1225
Solving...
Blb : 2 (clique : 18)
currentSize : 18 <-- 0.020696 s
currentSize : 20 <-- 0.020848 s
currentSize : 21 <-- 0.020891 s
currentSize : 22 <-- 1.329722 s
currentSize : 23 <-- 958.975281 s
currentSize : 24 <-- 958.998352 s
currentSize : 25 <-- 959.056152 s
currentSize : 27 <-- 959.060303 s

maxsize : 27
nodes : 68072235.000000
filtered : 2308966303.000000
time : 992.672180
