Parameters: GAD=1 vflib=1 dir=0 label=0 lowerbound=1 fileNameGp=../../cp2016-max-common-connected-subgraph-paper/datasets/graphsdb/mcs70/bvg/b06/mcs70_b06_s40.A05 fileNameGt=../../cp2016-max-common-connected-subgraph-paper/datasets/graphsdb/mcs70/bvg/b06/mcs70_b06_s40.B05
Reading graphs...
40 :  118
40 :  120
Initializing...
maxdom : 40
D->valSize : 1600
Solving...
Blb : 2 (clique : 19)
currentSize : 19 <-- 0.034181 s
currentSize : 20 <-- 0.034409 s
currentSize : 21 <-- 0.035103 s
currentSize : 22 <-- 0.037719 s
currentSize : 23 <-- 0.104824 s
currentSize : 24 <-- 0.338089 s
currentSize : 25 <-- 0.674384 s
currentSize : 26 <-- 0.840888 s
currentSize : 27 <-- 0.841080 s
currentSize : 29 <-- 5.217361 s
currentSize : 30 <-- 295.547058 s
currentSize : 31 <-- 296.711273 s

maxsize : 31
nodes : 11316795.000000
filtered : 858853071.000000
time : 388.972931
