Parameters: GAD=1 vflib=1 dir=0 label=0 lowerbound=1 fileNameGp=../../cp2016-max-common-connected-subgraph-paper/datasets/graphsdb/mcs70/m2D/m2Dr6/mcs70_m2Dr6_s50.A03 fileNameGt=../../cp2016-max-common-connected-subgraph-paper/datasets/graphsdb/mcs70/m2D/m2Dr6/mcs70_m2Dr6_s50.B03
Reading graphs...
50 :  114
50 :  114
Initializing...
maxdom : 50
D->valSize : 2500
Solving...
Blb : 2 (clique : 24)
currentSize : 24 <-- 0.095556 s
currentSize : 27 <-- 0.095904 s
currentSize : 28 <-- 0.095939 s
currentSize : 29 <-- 0.098484 s
currentSize : 30 <-- 0.142607 s
currentSize : 31 <-- 0.144233 s

TIMEOUT
maxsize : 31
nodes : 18053784.000000
filtered : 1060061438.000000
time : 1000.000183
