Parameters: GAD=1 vflib=1 dir=0 label=0 lowerbound=1 fileNameGp=../../cp2016-max-common-connected-subgraph-paper/datasets/graphsdb/mcs70/bvg/b09m/mcs70_b09m_s40.A00 fileNameGt=../../cp2016-max-common-connected-subgraph-paper/datasets/graphsdb/mcs70/bvg/b09m/mcs70_b09m_s40.B00
Reading graphs...
40 :  176
40 :  176
Initializing...
maxdom : 40
D->valSize : 1600
Solving...
Blb : 2 (clique : 14)
currentSize : 14 <-- 0.032111 s
currentSize : 15 <-- 0.032543 s
currentSize : 16 <-- 0.032638 s
currentSize : 17 <-- 0.033688 s
currentSize : 18 <-- 0.043547 s
currentSize : 19 <-- 1.578384 s
currentSize : 20 <-- 32.652184 s
currentSize : 22 <-- 32.652416 s
currentSize : 23 <-- 32.661282 s
currentSize : 26 <-- 32.661381 s
currentSize : 28 <-- 32.661476 s

maxsize : 28
nodes : 10849513.000000
filtered : 545452452.000000
time : 133.287003
