Parameters: GAD=1 vflib=1 dir=0 label=0 lowerbound=1 fileNameGp=../../cp2016-max-common-connected-subgraph-paper/datasets/graphsdb/mcs70/bvg/b09/mcs70_b09_s35.A00 fileNameGt=../../cp2016-max-common-connected-subgraph-paper/datasets/graphsdb/mcs70/bvg/b09/mcs70_b09_s35.B00
Reading graphs...
35 :  155
35 :  153
Initializing...
maxdom : 35
D->valSize : 1225
Solving...
Blb : 5 (clique : 14)
currentSize : 14 <-- 0.018360 s
currentSize : 15 <-- 0.018932 s
currentSize : 16 <-- 0.019508 s
currentSize : 17 <-- 0.858030 s
currentSize : 21 <-- 1.917162 s
currentSize : 25 <-- 2.264654 s

maxsize : 25
nodes : 2216648.000000
filtered : 101441310.000000
time : 24.139652
