Parameters: GAD=1 vflib=1 dir=0 label=0 lowerbound=1 fileNameGp=../../cp2016-max-common-connected-subgraph-paper/datasets/graphsdb/mcs70/m3D/m3Dr2/mcs70_m3Dr2_s35.A01 fileNameGt=../../cp2016-max-common-connected-subgraph-paper/datasets/graphsdb/mcs70/m3D/m3Dr2/mcs70_m3Dr2_s35.B01
Reading graphs...
35 :  79
35 :  78
Initializing...
maxdom : 35
D->valSize : 1225
Solving...
Blb : 2 (clique : 17)
currentSize : 17 <-- 0.020568 s
currentSize : 19 <-- 0.020721 s
currentSize : 20 <-- 0.020854 s
currentSize : 21 <-- 0.020948 s
currentSize : 22 <-- 1.935908 s
currentSize : 23 <-- 4.911085 s
currentSize : 24 <-- 280.859406 s
currentSize : 25 <-- 520.702637 s

TIMEOUT
maxsize : 25
nodes : 44438700.000000
filtered : 2011254915.000000
time : 1000.000061
