Parameters: GAD=1 vflib=1 dir=0 label=0 lowerbound=1 fileNameGp=../../cp2016-max-common-connected-subgraph-paper/datasets/graphsdb/mcs70/rand/r01/mcs70_r01_s35.A06 fileNameGt=../../cp2016-max-common-connected-subgraph-paper/datasets/graphsdb/mcs70/rand/r01/mcs70_r01_s35.B06
Reading graphs...
35 :  108
35 :  110
Initializing...
maxdom : 35
D->valSize : 1225
Solving...
Blb : 2 (clique : 17)
currentSize : 17 <-- 0.034109 s
currentSize : 18 <-- 0.034400 s
currentSize : 19 <-- 0.054479 s
currentSize : 20 <-- 0.149840 s
currentSize : 21 <-- 23.209473 s
currentSize : 24 <-- 737.237122 s

TIMEOUT
maxsize : 24
nodes : 50161135.000000
filtered : 2576351860.000000
time : 1000.000000
