Parameters: GAD=1 vflib=1 dir=0 label=0 lowerbound=1 fileNameGp=../../cp2016-max-common-connected-subgraph-paper/datasets/graphsdb/mcs70/rand/r005/mcs70_r005_s35.A03 fileNameGt=../../cp2016-max-common-connected-subgraph-paper/datasets/graphsdb/mcs70/rand/r005/mcs70_r005_s35.B03
Reading graphs...
35 :  57
35 :  56
Initializing...
maxdom : 35
D->valSize : 1225
Solving...
Blb : 2 (clique : 20)
currentSize : 20 <-- 0.021040 s
currentSize : 21 <-- 0.021209 s
currentSize : 22 <-- 0.021532 s
currentSize : 23 <-- 1.125299 s
currentSize : 24 <-- 3.058089 s
currentSize : 25 <-- 3.143171 s
currentSize : 26 <-- 222.955383 s

TIMEOUT
maxsize : 26
nodes : 18818486.000000
filtered : 1203409179.000000
time : 1000.000793
