Parameters: GAD=1 vflib=1 dir=0 label=0 lowerbound=1 fileNameGp=../../cp2016-max-common-connected-subgraph-paper/datasets/graphsdb/mcs70/m2D/m2D/mcs70_m2D_s40.A01 fileNameGt=../../cp2016-max-common-connected-subgraph-paper/datasets/graphsdb/mcs70/m2D/m2D/mcs70_m2D_s40.B01
Reading graphs...
40 :  67
40 :  67
Initializing...
maxdom : 40
D->valSize : 1600
Solving...
Blb : 2 (clique : 24)
currentSize : 24 <-- 0.063399 s
currentSize : 25 <-- 0.064995 s
currentSize : 26 <-- 0.070703 s
currentSize : 27 <-- 0.191122 s
currentSize : 28 <-- 7.720343 s
currentSize : 29 <-- 58.367260 s

TIMEOUT
maxsize : 29
nodes : 14634694.000000
filtered : 1022428767.000000
time : 1000.001343
