Parameters: GAD=1 vflib=1 dir=0 label=0 lowerbound=1 fileNameGp=../../cp2016-max-common-connected-subgraph-paper/datasets/graphsdb/mcs70/bvg/b06/mcs70_b06_s35.A04 fileNameGt=../../cp2016-max-common-connected-subgraph-paper/datasets/graphsdb/mcs70/bvg/b06/mcs70_b06_s35.B04
Reading graphs...
35 :  105
35 :  102
Initializing...
maxdom : 35
D->valSize : 1225
Solving...
Blb : 2 (clique : 18)
currentSize : 18 <-- 0.019611 s
currentSize : 19 <-- 0.172167 s
currentSize : 20 <-- 0.172925 s
currentSize : 21 <-- 0.174392 s
currentSize : 22 <-- 0.784271 s
currentSize : 23 <-- 1.077701 s
currentSize : 24 <-- 1.298498 s
currentSize : 25 <-- 1.690665 s
currentSize : 26 <-- 3.915855 s

maxsize : 26
nodes : 1839007.000000
filtered : 120337797.000000
time : 62.677162
