Parameters: GAD=1 vflib=1 dir=0 label=0 lowerbound=1 fileNameGp=../../cp2016-max-common-connected-subgraph-paper/datasets/graphsdb/mcs70/m3D/m3D/mcs70_m3D_s40.A04 fileNameGt=../../cp2016-max-common-connected-subgraph-paper/datasets/graphsdb/mcs70/m3D/m3D/mcs70_m3D_s40.B04
Reading graphs...
40 :  83
40 :  83
Initializing...
maxdom : 40
D->valSize : 1600
Solving...
Blb : 2 (clique : 21)
currentSize : 21 <-- 0.035963 s
currentSize : 22 <-- 0.036261 s
currentSize : 23 <-- 0.036824 s
currentSize : 24 <-- 0.038030 s
currentSize : 25 <-- 0.052574 s
currentSize : 26 <-- 0.186471 s
currentSize : 28 <-- 14.057973 s
currentSize : 29 <-- 14.060297 s
currentSize : 30 <-- 17.114832 s

TIMEOUT
maxsize : 30
nodes : 24499616.000000
filtered : 1694880972.000000
time : 1000.001038
