Parameters: GAD=1 vflib=1 dir=0 label=0 lowerbound=1 fileNameGp=../../cp2016-max-common-connected-subgraph-paper/datasets/graphsdb/mcs70/bvg/b09/mcs70_b09_s50.A06 fileNameGt=../../cp2016-max-common-connected-subgraph-paper/datasets/graphsdb/mcs70/bvg/b09/mcs70_b09_s50.B06
Reading graphs...
50 :  224
50 :  222
Initializing...
maxdom : 50
D->valSize : 2500
Solving...
Blb : 2 (clique : 18)
currentSize : 18 <-- 0.086670 s
currentSize : 19 <-- 0.087107 s
currentSize : 20 <-- 0.087594 s
currentSize : 21 <-- 0.088047 s
currentSize : 22 <-- 0.263335 s
currentSize : 23 <-- 2.657146 s
currentSize : 24 <-- 11.363811 s
currentSize : 25 <-- 79.504128 s
currentSize : 26 <-- 389.436188 s

TIMEOUT
maxsize : 26
nodes : 75958902.000000
filtered : 2939653818.000000
time : 1000.000000
