Parameters: GAD=1 vflib=1 dir=0 label=0 lowerbound=1 fileNameGp=../../cp2016-max-common-connected-subgraph-paper/datasets/graphsdb/mcs70/m3D/m3Dr2/mcs70_m3Dr2_s35.A09 fileNameGt=../../cp2016-max-common-connected-subgraph-paper/datasets/graphsdb/mcs70/m3D/m3Dr2/mcs70_m3Dr2_s35.B09
Reading graphs...
35 :  76
35 :  78
Initializing...
maxdom : 35
D->valSize : 1225
Solving...
Blb : 2 (clique : 18)
currentSize : 18 <-- 0.020562 s
currentSize : 19 <-- 0.039380 s
currentSize : 20 <-- 0.172824 s
currentSize : 21 <-- 0.201084 s
currentSize : 22 <-- 2.137841 s
currentSize : 23 <-- 13.055780 s

TIMEOUT
maxsize : 23
nodes : 39230202.000000
filtered : 1661197032.000000
time : 1000.000000
