Parameters: GAD=1 vflib=1 dir=0 label=0 lowerbound=1 fileNameGp=../../cp2016-max-common-connected-subgraph-paper/datasets/graphsdb/mcs70/bvg/b06m/mcs70_b06m_s40.A04 fileNameGt=../../cp2016-max-common-connected-subgraph-paper/datasets/graphsdb/mcs70/bvg/b06m/mcs70_b06m_s40.B04
Reading graphs...
40 :  119
40 :  119
Initializing...
maxdom : 40
D->valSize : 1600
Solving...
Blb : 2 (clique : 18)
currentSize : 18 <-- 0.034163 s
currentSize : 19 <-- 0.035773 s
currentSize : 20 <-- 0.042935 s
currentSize : 21 <-- 0.401572 s
currentSize : 22 <-- 4.435792 s
currentSize : 23 <-- 191.447739 s

TIMEOUT
maxsize : 23
nodes : 69839695.000000
filtered : 2493655980.000000
time : 1000.000183
