Parameters: GAD=1 vflib=1 dir=0 label=0 lowerbound=1 fileNameGp=../../cp2016-max-common-connected-subgraph-paper/datasets/graphsdb/mcs70/m3D/m3Dr4/mcs70_m3Dr4_s40.A05 fileNameGt=../../cp2016-max-common-connected-subgraph-paper/datasets/graphsdb/mcs70/m3D/m3Dr4/mcs70_m3Dr4_s40.B05
Reading graphs...
40 :  99
40 :  97
Initializing...
maxdom : 40
D->valSize : 1600
Solving...
Blb : 2 (clique : 20)
currentSize : 20 <-- 0.035234 s
currentSize : 21 <-- 0.035540 s
currentSize : 22 <-- 0.035721 s
currentSize : 23 <-- 0.055251 s
currentSize : 24 <-- 0.702618 s
currentSize : 25 <-- 20.233589 s

TIMEOUT
maxsize : 25
nodes : 42467864.000000
filtered : 2284111517.000000
time : 1000.000488
