Parameters: GAD=1 vflib=1 dir=0 label=0 lowerbound=1 fileNameGp=../../cp2016-max-common-connected-subgraph-paper/datasets/graphsdb/mcs70/m2D/m2Dr4/mcs70_m2Dr4_s50.A09 fileNameGt=../../cp2016-max-common-connected-subgraph-paper/datasets/graphsdb/mcs70/m2D/m2Dr4/mcs70_m2Dr4_s50.B09
Reading graphs...
50 :  103
50 :  101
Initializing...
maxdom : 50
D->valSize : 2500
Solving...
Blb : 2 (clique : 28)
currentSize : 28 <-- 0.095921 s
currentSize : 29 <-- 0.103278 s
currentSize : 30 <-- 0.117685 s
currentSize : 31 <-- 0.250619 s
currentSize : 32 <-- 1.372292 s
currentSize : 33 <-- 8.465978 s

TIMEOUT
maxsize : 33
nodes : 5889072.000000
filtered : 533960235.000000
time : 1000.000977
