Parameters: GAD=1 vflib=1 dir=0 label=0 lowerbound=1 fileNameGp=../../cp2016-max-common-connected-subgraph-paper/datasets/graphsdb/mcs70/bvg/b03/mcs70_b03_s35.A07 fileNameGt=../../cp2016-max-common-connected-subgraph-paper/datasets/graphsdb/mcs70/bvg/b03/mcs70_b03_s35.B07
Reading graphs...
35 :  52
35 :  52
Initializing...
maxdom : 35
D->valSize : 1225
Solving...
Blb : 2 (clique : 24)
currentSize : 24 <-- 0.021348 s
currentSize : 25 <-- 0.733802 s
currentSize : 26 <-- 1.512540 s
currentSize : 27 <-- 66.460236 s
currentSize : 28 <-- 117.739235 s

maxsize : 28
nodes : 9738138.000000
filtered : 742950109.000000
time : 798.239441
