Parameters: GAD=1 vflib=1 dir=0 label=0 lowerbound=1 fileNameGp=../../cp2016-max-common-connected-subgraph-paper/datasets/graphsdb/mcs70/m3D/m3Dr2/mcs70_m3Dr2_s35.A02 fileNameGt=../../cp2016-max-common-connected-subgraph-paper/datasets/graphsdb/mcs70/m3D/m3Dr2/mcs70_m3Dr2_s35.B02
Reading graphs...
35 :  79
35 :  79
Initializing...
maxdom : 35
D->valSize : 1225
Solving...
Blb : 2 (clique : 18)
currentSize : 18 <-- 0.020539 s
currentSize : 19 <-- 0.020847 s
currentSize : 20 <-- 0.021751 s
currentSize : 21 <-- 0.046304 s
currentSize : 22 <-- 0.119419 s
currentSize : 23 <-- 81.837379 s
currentSize : 24 <-- 183.906723 s
currentSize : 25 <-- 682.179443 s
currentSize : 28 <-- 695.293030 s

maxsize : 28
nodes : 28340795.000000
filtered : 1205973848.000000
time : 712.761597
