Parameters: GAD=1 vflib=1 dir=0 label=0 lowerbound=1 fileNameGp=../../cp2016-max-common-connected-subgraph-paper/datasets/graphsdb/mcs70/m2D/m2Dr6/mcs70_m2Dr6_s50.A08 fileNameGt=../../cp2016-max-common-connected-subgraph-paper/datasets/graphsdb/mcs70/m2D/m2Dr6/mcs70_m2Dr6_s50.B08
Reading graphs...
50 :  113
50 :  113
Initializing...
maxdom : 50
D->valSize : 2500
Solving...
Blb : 2 (clique : 23)
currentSize : 23 <-- 0.095193 s
currentSize : 24 <-- 0.095529 s
currentSize : 25 <-- 0.095601 s
currentSize : 26 <-- 0.096219 s
currentSize : 27 <-- 0.097644 s
currentSize : 28 <-- 0.314429 s
currentSize : 29 <-- 1.242674 s
currentSize : 30 <-- 131.089066 s

TIMEOUT
maxsize : 30
nodes : 11390650.000000
filtered : 807094593.000000
time : 1000.000610
