Parameters: GAD=1 vflib=1 dir=0 label=0 lowerbound=1 fileNameGp=../../cp2016-max-common-connected-subgraph-paper/datasets/graphsdb/mcs70/m3D/m3D/mcs70_m3D_s35.A09 fileNameGt=../../cp2016-max-common-connected-subgraph-paper/datasets/graphsdb/mcs70/m3D/m3D/mcs70_m3D_s35.B09
Reading graphs...
35 :  72
35 :  72
Initializing...
maxdom : 35
D->valSize : 1225
Solving...
Blb : 5 (clique : 19)
currentSize : 19 <-- 0.020722 s
currentSize : 21 <-- 0.020891 s
currentSize : 22 <-- 0.020945 s
currentSize : 23 <-- 0.021141 s
currentSize : 24 <-- 0.021812 s
currentSize : 25 <-- 2.992591 s
currentSize : 26 <-- 12.234618 s
currentSize : 27 <-- 16.337681 s
currentSize : 28 <-- 17.918219 s

maxsize : 28
nodes : 2269905.000000
filtered : 118581016.000000
time : 49.212959
