Parameters: GAD=1 vflib=1 dir=0 label=0 lowerbound=1 fileNameGp=../../cp2016-max-common-connected-subgraph-paper/datasets/graphsdb/mcs70/m2D/m2Dr6/mcs70_m2Dr6_s35.A08 fileNameGt=../../cp2016-max-common-connected-subgraph-paper/datasets/graphsdb/mcs70/m2D/m2Dr6/mcs70_m2Dr6_s35.B08
Reading graphs...
35 :  77
35 :  74
Initializing...
maxdom : 35
D->valSize : 1225
Solving...
Blb : 2 (clique : 17)
currentSize : 17 <-- 0.020372 s
currentSize : 18 <-- 0.020561 s
currentSize : 19 <-- 0.020657 s
currentSize : 20 <-- 0.021618 s
currentSize : 21 <-- 0.024457 s
currentSize : 22 <-- 0.039540 s
currentSize : 23 <-- 0.287323 s
currentSize : 24 <-- 516.451599 s
currentSize : 25 <-- 745.356445 s
currentSize : 26 <-- 894.173035 s

TIMEOUT
maxsize : 26
nodes : 33666644.000000
filtered : 1913441061.000000
time : 1000.000183
