Parameters: GAD=1 vflib=1 dir=0 label=0 lowerbound=1 fileNameGp=../../cp2016-max-common-connected-subgraph-paper/datasets/graphsdb/mcs70/bvg/b09/mcs70_b09_s40.A01 fileNameGt=../../cp2016-max-common-connected-subgraph-paper/datasets/graphsdb/mcs70/bvg/b09/mcs70_b09_s40.B01
Reading graphs...
40 :  179
40 :  179
Initializing...
maxdom : 40
D->valSize : 1600
Solving...
Blb : 2 (clique : 17)
currentSize : 17 <-- 0.031833 s
currentSize : 18 <-- 0.036073 s
currentSize : 19 <-- 0.036206 s
currentSize : 21 <-- 0.041387 s
currentSize : 23 <-- 0.041421 s
currentSize : 24 <-- 0.041478 s
currentSize : 25 <-- 0.051769 s
currentSize : 26 <-- 0.070210 s
currentSize : 27 <-- 0.784349 s
currentSize : 28 <-- 0.785544 s
currentSize : 29 <-- 7.949933 s

maxsize : 29
nodes : 5147418.000000
filtered : 319428979.000000
time : 73.556953
