Parameters: GAD=1 vflib=1 dir=0 label=0 lowerbound=1 fileNameGp=../../cp2016-max-common-connected-subgraph-paper/datasets/graphsdb/mcs70/bvg/b03m/mcs70_b03m_s50.A09 fileNameGt=../../cp2016-max-common-connected-subgraph-paper/datasets/graphsdb/mcs70/bvg/b03m/mcs70_b03m_s50.B09
Reading graphs...
50 :  75
50 :  75
Initializing...
maxdom : 50
D->valSize : 2500
Solving...
Blb : 5 (clique : 30)
currentSize : 30 <-- 0.099174 s
currentSize : 31 <-- 0.099598 s
currentSize : 32 <-- 0.099815 s
currentSize : 33 <-- 0.306474 s
currentSize : 34 <-- 48.394642 s
currentSize : 35 <-- 189.694427 s
currentSize : 36 <-- 202.891449 s

TIMEOUT
maxsize : 36
nodes : 9812307.000000
filtered : 665763957.000000
time : 1000.000122
