Parameters: GAD=1 vflib=1 dir=0 label=0 lowerbound=1 fileNameGp=../../cp2016-max-common-connected-subgraph-paper/datasets/graphsdb/mcs70/bvg/b03m/mcs70_b03m_s40.A03 fileNameGt=../../cp2016-max-common-connected-subgraph-paper/datasets/graphsdb/mcs70/bvg/b03m/mcs70_b03m_s40.B03
Reading graphs...
40 :  58
40 :  58
Initializing...
maxdom : 40
D->valSize : 1600
Solving...
Blb : 2 (clique : 25)
currentSize : 25 <-- 0.037297 s
currentSize : 26 <-- 0.038974 s
currentSize : 27 <-- 0.050158 s
currentSize : 28 <-- 0.051928 s
currentSize : 29 <-- 0.135110 s
currentSize : 30 <-- 45.239471 s

TIMEOUT
maxsize : 30
nodes : 10960686.000000
filtered : 821629827.000000
time : 1000.000000
