Parameters: GAD=1 vflib=1 dir=0 label=0 lowerbound=1 fileNameGp=../../cp2016-max-common-connected-subgraph-paper/datasets/graphsdb/mcs70/m2D/m2Dr2/mcs70_m2Dr2_s35.A07 fileNameGt=../../cp2016-max-common-connected-subgraph-paper/datasets/graphsdb/mcs70/m2D/m2Dr2/mcs70_m2Dr2_s35.B07
Reading graphs...
35 :  65
35 :  63
Initializing...
maxdom : 35
D->valSize : 1225
Solving...
Blb : 2 (clique : 19)
currentSize : 19 <-- 0.036634 s
currentSize : 20 <-- 0.036921 s
currentSize : 21 <-- 0.037029 s
currentSize : 22 <-- 0.037341 s
currentSize : 23 <-- 0.072685 s
currentSize : 24 <-- 1.425828 s
currentSize : 25 <-- 99.263252 s
currentSize : 26 <-- 159.717651 s
currentSize : 27 <-- 161.645981 s

maxsize : 27
nodes : 8895980.000000
filtered : 552245877.000000
time : 466.077576
