Parameters: GAD=1 vflib=1 dir=0 label=0 lowerbound=1 fileNameGp=../../cp2016-max-common-connected-subgraph-paper/datasets/graphsdb/mcs70/m2D/m2D/mcs70_m2D_s35.A08 fileNameGt=../../cp2016-max-common-connected-subgraph-paper/datasets/graphsdb/mcs70/m2D/m2D/mcs70_m2D_s35.B08
Reading graphs...
35 :  57
35 :  58
Initializing...
maxdom : 35
D->valSize : 1225
Solving...
Blb : 2 (clique : 21)
currentSize : 21 <-- 0.021226 s
currentSize : 22 <-- 0.021432 s
currentSize : 23 <-- 0.021848 s
currentSize : 24 <-- 0.023229 s
currentSize : 25 <-- 1.047384 s
currentSize : 27 <-- 23.568502 s
currentSize : 28 <-- 960.602600 s

TIMEOUT
maxsize : 28
nodes : 15359830.000000
filtered : 1050450393.000000
time : 1000.000122
