Parameters: GAD=1 vflib=1 dir=0 label=0 lowerbound=1 fileNameGp=../../cp2016-max-common-connected-subgraph-paper/datasets/graphsdb/mcs70/m2D/m2D/mcs70_m2D_s50.A08 fileNameGt=../../cp2016-max-common-connected-subgraph-paper/datasets/graphsdb/mcs70/m2D/m2D/mcs70_m2D_s50.B08
Reading graphs...
50 :  85
50 :  85
Initializing...
maxdom : 50
D->valSize : 2500
Solving...
Blb : 2 (clique : 26)
currentSize : 26 <-- 0.119423 s
currentSize : 30 <-- 0.119820 s
currentSize : 32 <-- 0.119907 s
currentSize : 33 <-- 0.120117 s
currentSize : 34 <-- 0.120354 s
currentSize : 35 <-- 0.140889 s
currentSize : 36 <-- 0.216860 s

TIMEOUT
maxsize : 36
nodes : 13374688.000000
filtered : 1179630677.000000
time : 1000.000244
