Parameters: GAD=1 vflib=1 dir=0 label=0 lowerbound=1 fileNameGp=../../cp2016-max-common-connected-subgraph-paper/datasets/graphsdb/mcs70/rand/r01/mcs70_r01_s40.A00 fileNameGt=../../cp2016-max-common-connected-subgraph-paper/datasets/graphsdb/mcs70/rand/r01/mcs70_r01_s40.B00
Reading graphs...
40 :  145
40 :  146
Initializing...
maxdom : 40
D->valSize : 1600
Solving...
Blb : 2 (clique : 15)
currentSize : 15 <-- 0.032819 s
currentSize : 16 <-- 0.033008 s
currentSize : 17 <-- 0.033073 s
currentSize : 18 <-- 0.033344 s
currentSize : 19 <-- 0.720781 s
currentSize : 20 <-- 23.895126 s
currentSize : 21 <-- 97.405640 s

TIMEOUT
maxsize : 21
nodes : 104154754.000000
filtered : 2813007197.000000
time : 1000.000000
