Parameters: GAD=1 vflib=1 dir=0 label=0 lowerbound=1 fileNameGp=../../cp2016-max-common-connected-subgraph-paper/datasets/graphsdb/mcs70/bvg/b03m/mcs70_b03m_s35.A07 fileNameGt=../../cp2016-max-common-connected-subgraph-paper/datasets/graphsdb/mcs70/bvg/b03m/mcs70_b03m_s35.B07
Reading graphs...
35 :  52
35 :  52
Initializing...
maxdom : 35
D->valSize : 1225
Solving...
Blb : 5 (clique : 21)
currentSize : 21 <-- 0.021378 s
currentSize : 22 <-- 0.021568 s
currentSize : 24 <-- 0.021602 s
currentSize : 25 <-- 0.021682 s
currentSize : 26 <-- 0.024515 s
currentSize : 27 <-- 28.675673 s
currentSize : 28 <-- 612.383179 s

maxsize : 28
nodes : 16231428.000000
filtered : 1256584056.000000
time : 995.532349
