Parameters: GAD=1 vflib=1 dir=0 label=0 lowerbound=1 fileNameGp=../../cp2016-max-common-connected-subgraph-paper/datasets/graphsdb/mcs70/rand/r02/mcs70_r02_s50.A00 fileNameGt=../../cp2016-max-common-connected-subgraph-paper/datasets/graphsdb/mcs70/rand/r02/mcs70_r02_s50.B00
Reading graphs...
50 :  427
50 :  433
Initializing...
maxdom : 50
D->valSize : 2500
Solving...
Blb : 5 (clique : 12)
currentSize : 12 <-- 0.075995 s
currentSize : 13 <-- 0.076569 s
currentSize : 14 <-- 0.077064 s
currentSize : 15 <-- 0.160092 s
currentSize : 16 <-- 2.135509 s
currentSize : 17 <-- 467.771942 s

TIMEOUT
maxsize : 17
nodes : 219354209.000000
filtered : 2306366131.000000
time : 1000.000000
