Parameters: GAD=1 vflib=1 dir=0 label=0 lowerbound=1 fileNameGp=../../cp2016-max-common-connected-subgraph-paper/datasets/graphsdb/mcs70/m2D/m2Dr2/mcs70_m2Dr2_s35.A05 fileNameGt=../../cp2016-max-common-connected-subgraph-paper/datasets/graphsdb/mcs70/m2D/m2Dr2/mcs70_m2Dr2_s35.B05
Reading graphs...
35 :  65
35 :  64
Initializing...
maxdom : 35
D->valSize : 1225
Solving...
Blb : 2 (clique : 19)
currentSize : 19 <-- 0.023040 s
currentSize : 20 <-- 0.029128 s
currentSize : 21 <-- 0.037160 s
currentSize : 22 <-- 0.242356 s
currentSize : 23 <-- 1.330439 s
currentSize : 24 <-- 66.400452 s
currentSize : 25 <-- 76.310272 s
currentSize : 26 <-- 76.311043 s

maxsize : 26
nodes : 13418572.000000
filtered : 843461240.000000
time : 759.296570
