Parameters: GAD=1 vflib=1 dir=0 label=0 lowerbound=1 fileNameGp=../../cp2016-max-common-connected-subgraph-paper/datasets/graphsdb/mcs70/m2D/m2D/mcs70_m2D_s35.A02 fileNameGt=../../cp2016-max-common-connected-subgraph-paper/datasets/graphsdb/mcs70/m2D/m2D/mcs70_m2D_s35.B02
Reading graphs...
35 :  58
35 :  58
Initializing...
maxdom : 35
D->valSize : 1225
Solving...
Blb : 2 (clique : 22)
currentSize : 22 <-- 0.037648 s
currentSize : 23 <-- 0.038685 s
currentSize : 24 <-- 0.102191 s
currentSize : 25 <-- 11.381707 s
currentSize : 26 <-- 119.016396 s
currentSize : 27 <-- 710.969910 s

TIMEOUT
maxsize : 27
nodes : 16050520.000000
filtered : 1132708837.000000
time : 1000.000000
