Parameters: GAD=1 vflib=1 dir=0 label=0 lowerbound=1 fileNameGp=../../cp2016-max-common-connected-subgraph-paper/datasets/graphsdb/mcs70/m2D/m2Dr6/mcs70_m2Dr6_s35.A05 fileNameGt=../../cp2016-max-common-connected-subgraph-paper/datasets/graphsdb/mcs70/m2D/m2Dr6/mcs70_m2Dr6_s35.B05
Reading graphs...
35 :  78
35 :  76
Initializing...
maxdom : 35
D->valSize : 1225
Solving...
Blb : 5 (clique : 17)
currentSize : 17 <-- 0.036122 s
currentSize : 19 <-- 0.036363 s
currentSize : 20 <-- 0.036615 s
currentSize : 21 <-- 0.080391 s
currentSize : 22 <-- 1.873031 s
currentSize : 23 <-- 157.749802 s
currentSize : 24 <-- 840.649963 s
currentSize : 27 <-- 846.634216 s

maxsize : 27
nodes : 39269521.000000
filtered : 1921644245.000000
time : 909.113403
