Parameters: GAD=1 vflib=1 dir=0 label=0 lowerbound=1 fileNameGp=../../cp2016-max-common-connected-subgraph-paper/datasets/graphsdb/mcs70/m2D/m2Dr6/mcs70_m2Dr6_s35.A09 fileNameGt=../../cp2016-max-common-connected-subgraph-paper/datasets/graphsdb/mcs70/m2D/m2Dr6/mcs70_m2Dr6_s35.B09
Reading graphs...
35 :  77
35 :  75
Initializing...
maxdom : 35
D->valSize : 1225
Solving...
Blb : 2 (clique : 18)
currentSize : 18 <-- 0.020364 s
currentSize : 19 <-- 0.193479 s
currentSize : 20 <-- 1.500394 s
currentSize : 21 <-- 6.464612 s
currentSize : 22 <-- 32.149418 s
currentSize : 23 <-- 65.891548 s
currentSize : 24 <-- 111.575455 s
currentSize : 25 <-- 112.687439 s
currentSize : 26 <-- 114.871597 s

maxsize : 26
nodes : 13536077.000000
filtered : 615020578.000000
time : 304.372437
