Parameters: GAD=1 vflib=1 dir=0 label=0 lowerbound=1 fileNameGp=../../cp2016-max-common-connected-subgraph-paper/datasets/graphsdb/mcs70/rand/r01/mcs70_r01_s30.A07 fileNameGt=../../cp2016-max-common-connected-subgraph-paper/datasets/graphsdb/mcs70/rand/r01/mcs70_r01_s30.B07
Reading graphs...
30 :  81
30 :  82
Initializing...
maxdom : 30
D->valSize : 900
Solving...
Blb : 2 (clique : 13)
currentSize : 13 <-- 0.010419 s
currentSize : 14 <-- 0.010538 s
currentSize : 15 <-- 0.010570 s
currentSize : 16 <-- 0.010814 s
currentSize : 17 <-- 0.012018 s
currentSize : 18 <-- 0.186312 s
currentSize : 19 <-- 27.871056 s
currentSize : 20 <-- 75.486046 s
currentSize : 21 <-- 76.129318 s
currentSize : 22 <-- 78.326027 s

maxsize : 22
nodes : 8492310.000000
filtered : 246921428.000000
time : 86.726990
