Parameters: GAD=1 vflib=1 dir=0 label=0 lowerbound=1 fileNameGp=../../cp2016-max-common-connected-subgraph-paper/datasets/graphsdb/mcs70/rand/r02/mcs70_r02_s30.A08 fileNameGt=../../cp2016-max-common-connected-subgraph-paper/datasets/graphsdb/mcs70/rand/r02/mcs70_r02_s30.B08
Reading graphs...
30 :  165
30 :  159
Initializing...
maxdom : 30
D->valSize : 900
Solving...
Blb : 2 (clique : 11)
currentSize : 11 <-- 0.016422 s
currentSize : 12 <-- 0.016858 s
currentSize : 13 <-- 0.021585 s
currentSize : 14 <-- 0.181711 s
currentSize : 16 <-- 40.419971 s
currentSize : 21 <-- 40.844704 s

maxsize : 21
nodes : 10569338.000000
filtered : 149901666.000000
time : 45.227287
