Parameters: GAD=1 vflib=1 dir=0 label=0 lowerbound=1 fileNameGp=../../cp2016-max-common-connected-subgraph-paper/datasets/graphsdb/mcs70/bvg/b09m/mcs70_b09m_s35.A02 fileNameGt=../../cp2016-max-common-connected-subgraph-paper/datasets/graphsdb/mcs70/bvg/b09m/mcs70_b09m_s35.B02
Reading graphs...
35 :  151
35 :  151
Initializing...
maxdom : 35
D->valSize : 1225
Solving...
Blb : 2 (clique : 12)
currentSize : 12 <-- 0.018287 s
currentSize : 13 <-- 0.018427 s
currentSize : 14 <-- 0.018532 s
currentSize : 15 <-- 0.018584 s
currentSize : 16 <-- 0.249211 s
currentSize : 17 <-- 0.714660 s
currentSize : 18 <-- 5.474967 s
currentSize : 24 <-- 5.891551 s

maxsize : 24
nodes : 3397924.000000
filtered : 140559200.000000
time : 35.745411
