Parameters: GAD=1 vflib=1 dir=0 label=0 lowerbound=1 fileNameGp=../../cp2016-max-common-connected-subgraph-paper/datasets/graphsdb/mcs70/rand/r02/mcs70_r02_s35.A04 fileNameGt=../../cp2016-max-common-connected-subgraph-paper/datasets/graphsdb/mcs70/rand/r02/mcs70_r02_s35.B04
Reading graphs...
35 :  211
35 :  214
Initializing...
maxdom : 35
D->valSize : 1225
Solving...
Blb : 2 (clique : 11)
currentSize : 11 <-- 0.017572 s
currentSize : 12 <-- 0.017822 s
currentSize : 13 <-- 0.042171 s
currentSize : 14 <-- 0.043846 s
currentSize : 16 <-- 10.510582 s
currentSize : 17 <-- 106.872673 s
currentSize : 24 <-- 206.863220 s

maxsize : 24
nodes : 46574493.000000
filtered : 835382534.000000
time : 229.160477
