Parameters: GAD=1 vflib=1 dir=0 label=0 lowerbound=1 fileNameGp=../../cp2016-max-common-connected-subgraph-paper/datasets/graphsdb/mcs70/rand/r005/mcs70_r005_s30.A09 fileNameGt=../../cp2016-max-common-connected-subgraph-paper/datasets/graphsdb/mcs70/rand/r005/mcs70_r005_s30.B09
Reading graphs...
30 :  41
30 :  40
Initializing...
maxdom : 30
D->valSize : 900
Solving...
Blb : 2 (clique : 19)
currentSize : 19 <-- 0.011557 s
currentSize : 20 <-- 0.056786 s
currentSize : 21 <-- 0.157562 s
currentSize : 22 <-- 0.159527 s
currentSize : 23 <-- 3.191431 s

maxsize : 23
nodes : 11257639.000000
filtered : 792494547.000000
time : 692.409302
