Parameters: GAD=1 vflib=1 dir=0 label=0 lowerbound=1 fileNameGp=../../cp2016-max-common-connected-subgraph-paper/datasets/graphsdb/mcs70/bvg/b03m/mcs70_b03m_s30.A05 fileNameGt=../../cp2016-max-common-connected-subgraph-paper/datasets/graphsdb/mcs70/bvg/b03m/mcs70_b03m_s30.B05
Reading graphs...
30 :  45
30 :  45
Initializing...
maxdom : 30
D->valSize : 900
Solving...
Blb : 2 (clique : 17)
currentSize : 17 <-- 0.011420 s
currentSize : 18 <-- 0.011566 s
currentSize : 19 <-- 0.011651 s
currentSize : 20 <-- 0.012917 s
currentSize : 21 <-- 0.610614 s
currentSize : 22 <-- 0.611946 s
currentSize : 23 <-- 111.123413 s

maxsize : 23
nodes : 7535757.000000
filtered : 388652604.000000
time : 242.141998
