Parameters: GAD=1 vflib=1 dir=0 label=0 lowerbound=1 fileNameGp=../../cp2016-max-common-connected-subgraph-paper/datasets/graphsdb/mcs70/m2D/m2Dr6/mcs70_m2Dr6_s40.A04 fileNameGt=../../cp2016-max-common-connected-subgraph-paper/datasets/graphsdb/mcs70/m2D/m2Dr6/mcs70_m2Dr6_s40.B04
Reading graphs...
40 :  89
40 :  88
Initializing...
maxdom : 40
D->valSize : 1600
Solving...
Blb : 2 (clique : 20)
currentSize : 20 <-- 0.058431 s
currentSize : 21 <-- 0.058646 s
currentSize : 22 <-- 0.058851 s
currentSize : 23 <-- 0.058961 s
currentSize : 24 <-- 0.064957 s
currentSize : 25 <-- 1.244169 s
currentSize : 26 <-- 303.947021 s

TIMEOUT
maxsize : 26
nodes : 27231973.000000
filtered : 1382699013.000000
time : 1000.000488
