Parameters: GAD=1 vflib=1 dir=0 label=0 lowerbound=1 fileNameGp=../../cp2016-max-common-connected-subgraph-paper/datasets/graphsdb/mcs70/bvg/b06m/mcs70_b06m_s35.A00 fileNameGt=../../cp2016-max-common-connected-subgraph-paper/datasets/graphsdb/mcs70/bvg/b06m/mcs70_b06m_s35.B00
Reading graphs...
35 :  102
35 :  101
Initializing...
maxdom : 35
D->valSize : 1225
Solving...
Blb : 2 (clique : 16)
currentSize : 16 <-- 0.034537 s
currentSize : 17 <-- 0.048128 s
currentSize : 18 <-- 0.106507 s
currentSize : 19 <-- 0.241835 s
currentSize : 20 <-- 0.435741 s
currentSize : 21 <-- 45.558807 s

TIMEOUT
maxsize : 21
nodes : 49792509.000000
filtered : 2189015731.000000
time : 1000.000000
