Parameters: GAD=1 vflib=1 dir=0 label=0 lowerbound=1 fileNameGp=../../cp2016-max-common-connected-subgraph-paper/datasets/graphsdb/mcs70/m2D/m2Dr4/mcs70_m2Dr4_s50.A04 fileNameGt=../../cp2016-max-common-connected-subgraph-paper/datasets/graphsdb/mcs70/m2D/m2Dr4/mcs70_m2Dr4_s50.B04
Reading graphs...
50 :  105
50 :  104
Initializing...
maxdom : 50
D->valSize : 2500
Solving...
Blb : 2 (clique : 25)
currentSize : 25 <-- 0.096405 s
currentSize : 27 <-- 0.096761 s
currentSize : 28 <-- 0.096902 s
currentSize : 29 <-- 0.097030 s
currentSize : 30 <-- 0.104579 s
currentSize : 31 <-- 0.297628 s
currentSize : 32 <-- 2.630644 s

TIMEOUT
maxsize : 32
nodes : 23803084.000000
filtered : 1458302215.000000
time : 1000.000000
