Parameters: GAD=1 vflib=1 dir=0 label=0 lowerbound=1 fileNameGp=../../cp2016-max-common-connected-subgraph-paper/datasets/graphsdb/mcs70/bvg/b06/mcs70_b06_s35.A03 fileNameGt=../../cp2016-max-common-connected-subgraph-paper/datasets/graphsdb/mcs70/bvg/b06/mcs70_b06_s35.B03
Reading graphs...
35 :  105
35 :  105
Initializing...
maxdom : 35
D->valSize : 1225
Solving...
Blb : 5 (clique : 19)
currentSize : 19 <-- 0.019471 s
currentSize : 21 <-- 0.019627 s
currentSize : 22 <-- 0.054420 s
currentSize : 23 <-- 0.153686 s
currentSize : 25 <-- 1.540063 s
currentSize : 26 <-- 1.809120 s

maxsize : 26
nodes : 1667598.000000
filtered : 100799760.000000
time : 47.843288
