Parameters: GAD=1 vflib=1 dir=0 label=0 lowerbound=1 fileNameGp=../../cp2016-max-common-connected-subgraph-paper/datasets/graphsdb/mcs70/m2D/m2Dr2/mcs70_m2Dr2_s40.A00 fileNameGt=../../cp2016-max-common-connected-subgraph-paper/datasets/graphsdb/mcs70/m2D/m2Dr2/mcs70_m2Dr2_s40.B00
Reading graphs...
40 :  75
40 :  75
Initializing...
maxdom : 40
D->valSize : 1600
Solving...
Blb : 2 (clique : 22)
currentSize : 22 <-- 0.036867 s
currentSize : 23 <-- 0.038190 s
currentSize : 24 <-- 0.190267 s
currentSize : 25 <-- 0.250160 s
currentSize : 26 <-- 3.598168 s
currentSize : 27 <-- 11.532480 s
currentSize : 28 <-- 189.341019 s

TIMEOUT
maxsize : 28
nodes : 27092703.000000
filtered : 1348210148.000000
time : 1000.000183
