Parameters: GAD=1 vflib=1 dir=0 label=0 lowerbound=1 fileNameGp=../../cp2016-max-common-connected-subgraph-paper/datasets/graphsdb/mcs70/bvg/b03m/mcs70_b03m_s50.A01 fileNameGt=../../cp2016-max-common-connected-subgraph-paper/datasets/graphsdb/mcs70/bvg/b03m/mcs70_b03m_s50.B01
Reading graphs...
50 :  75
50 :  75
Initializing...
maxdom : 50
D->valSize : 2500
Solving...
Blb : 2 (clique : 28)
currentSize : 28 <-- 0.099109 s
currentSize : 30 <-- 0.099521 s
currentSize : 31 <-- 0.099589 s
currentSize : 32 <-- 0.100456 s
currentSize : 33 <-- 0.101633 s
currentSize : 34 <-- 0.120177 s
currentSize : 35 <-- 0.167607 s
currentSize : 36 <-- 0.188199 s
currentSize : 37 <-- 150.988892 s

TIMEOUT
maxsize : 37
nodes : 15338381.000000
filtered : 1190803102.000000
time : 1000.000183
