Parameters: GAD=1 vflib=1 dir=0 label=0 lowerbound=1 fileNameGp=../../cp2016-max-common-connected-subgraph-paper/datasets/graphsdb/mcs70/rand/r01/mcs70_r01_s30.A04 fileNameGt=../../cp2016-max-common-connected-subgraph-paper/datasets/graphsdb/mcs70/rand/r01/mcs70_r01_s30.B04
Reading graphs...
30 :  83
30 :  84
Initializing...
maxdom : 30
D->valSize : 900
Solving...
Blb : 2 (clique : 12)
currentSize : 12 <-- 0.018444 s
currentSize : 14 <-- 0.018601 s
currentSize : 15 <-- 0.018805 s
currentSize : 16 <-- 0.018901 s
currentSize : 17 <-- 0.073063 s
currentSize : 18 <-- 0.573482 s
currentSize : 19 <-- 26.429775 s
currentSize : 20 <-- 114.884499 s
currentSize : 21 <-- 114.884583 s

maxsize : 21
nodes : 8956290.000000
filtered : 315727400.000000
time : 124.078209
