Parameters: GAD=1 vflib=1 dir=0 label=0 lowerbound=1 fileNameGp=../../cp2016-max-common-connected-subgraph-paper/datasets/graphsdb/mcs70/bvg/b09m/mcs70_b09m_s50.A06 fileNameGt=../../cp2016-max-common-connected-subgraph-paper/datasets/graphsdb/mcs70/bvg/b09m/mcs70_b09m_s50.B06
Reading graphs...
50 :  221
50 :  220
Initializing...
maxdom : 50
D->valSize : 2500
Solving...
Blb : 5 (clique : 18)
currentSize : 18 <-- 0.148061 s
currentSize : 19 <-- 0.148976 s
currentSize : 20 <-- 0.149649 s
currentSize : 21 <-- 0.214676 s
currentSize : 22 <-- 1.410297 s
currentSize : 23 <-- 1.857864 s
currentSize : 24 <-- 19.482367 s

TIMEOUT
maxsize : 24
nodes : 95440458.000000
filtered : 3107473763.000000
time : 1000.000061
