Parameters: GAD=1 vflib=1 dir=0 label=0 lowerbound=1 fileNameGp=../../cp2016-max-common-connected-subgraph-paper/datasets/graphsdb/mcs70/bvg/b09/mcs70_b09_s30.A03 fileNameGt=../../cp2016-max-common-connected-subgraph-paper/datasets/graphsdb/mcs70/bvg/b09/mcs70_b09_s30.B03
Reading graphs...
30 :  133
30 :  134
Initializing...
maxdom : 30
D->valSize : 900
Solving...
Blb : 3 (clique : 14)
currentSize : 14 <-- 0.009713 s
currentSize : 15 <-- 0.146338 s
currentSize : 16 <-- 0.426196 s
currentSize : 17 <-- 0.647461 s
currentSize : 18 <-- 0.738259 s
currentSize : 19 <-- 1.739820 s
currentSize : 20 <-- 2.620800 s
currentSize : 21 <-- 5.652997 s
currentSize : 22 <-- 6.018145 s

maxsize : 22
nodes : 988511.000000
filtered : 34122231.000000
time : 7.269867
