Parameters: GAD=1 vflib=1 dir=0 label=0 lowerbound=1 fileNameGp=../../cp2016-max-common-connected-subgraph-paper/datasets/graphsdb/mcs70/m3D/m3D/mcs70_m3D_s40.A03 fileNameGt=../../cp2016-max-common-connected-subgraph-paper/datasets/graphsdb/mcs70/m3D/m3D/mcs70_m3D_s40.B03
Reading graphs...
40 :  84
40 :  83
Initializing...
maxdom : 40
D->valSize : 1600
Solving...
Blb : 2 (clique : 21)
currentSize : 21 <-- 0.035947 s
currentSize : 22 <-- 0.036170 s
currentSize : 23 <-- 0.036215 s
currentSize : 24 <-- 0.036295 s
currentSize : 25 <-- 0.040219 s
currentSize : 26 <-- 0.972246 s
currentSize : 27 <-- 550.338135 s
currentSize : 28 <-- 674.679932 s

TIMEOUT
maxsize : 28
nodes : 18767461.000000
filtered : 1208049600.000000
time : 1000.000793
