Parameters: GAD=1 vflib=1 dir=0 label=0 lowerbound=1 fileNameGp=../../cp2016-max-common-connected-subgraph-paper/datasets/graphsdb/mcs70/bvg/b09/mcs70_b09_s35.A08 fileNameGt=../../cp2016-max-common-connected-subgraph-paper/datasets/graphsdb/mcs70/bvg/b09/mcs70_b09_s35.B08
Reading graphs...
35 :  155
35 :  155
Initializing...
maxdom : 35
D->valSize : 1225
Solving...
Blb : 2 (clique : 15)
currentSize : 15 <-- 0.018177 s
currentSize : 16 <-- 0.044677 s
currentSize : 17 <-- 0.087313 s
currentSize : 18 <-- 0.290996 s
currentSize : 19 <-- 0.522280 s
currentSize : 21 <-- 0.586045 s
currentSize : 24 <-- 0.732460 s

maxsize : 24
nodes : 3583460.000000
filtered : 158907096.000000
time : 40.251472
