Parameters: GAD=1 vflib=1 dir=0 label=0 lowerbound=1 fileNameGp=../../cp2016-max-common-connected-subgraph-paper/datasets/graphsdb/mcs70/m3D/m3Dr2/mcs70_m3Dr2_s40.A09 fileNameGt=../../cp2016-max-common-connected-subgraph-paper/datasets/graphsdb/mcs70/m3D/m3Dr2/mcs70_m3Dr2_s40.B09
Reading graphs...
40 :  91
40 :  92
Initializing...
maxdom : 40
D->valSize : 1600
Solving...
Blb : 5 (clique : 20)
currentSize : 20 <-- 0.062611 s
currentSize : 21 <-- 0.064033 s
currentSize : 22 <-- 0.076576 s
currentSize : 23 <-- 3.619778 s
currentSize : 24 <-- 6.697789 s
currentSize : 25 <-- 66.356689 s
currentSize : 26 <-- 719.389893 s

TIMEOUT
maxsize : 26
nodes : 45826106.000000
filtered : 1835124017.000000
time : 1000.000061
