Parameters: GAD=1 vflib=1 dir=0 label=0 lowerbound=1 fileNameGp=../../cp2016-max-common-connected-subgraph-paper/datasets/graphsdb/mcs70/m3D/m3Dr6/mcs70_m3Dr6_s35.A03 fileNameGt=../../cp2016-max-common-connected-subgraph-paper/datasets/graphsdb/mcs70/m3D/m3Dr6/mcs70_m3Dr6_s35.B03
Reading graphs...
35 :  89
35 :  88
Initializing...
maxdom : 35
D->valSize : 1225
Solving...
Blb : 2 (clique : 18)
currentSize : 18 <-- 0.020251 s
currentSize : 19 <-- 0.032896 s
currentSize : 20 <-- 0.048174 s
currentSize : 21 <-- 0.769468 s
currentSize : 22 <-- 20.191668 s
currentSize : 23 <-- 88.472305 s
currentSize : 24 <-- 120.563095 s
currentSize : 26 <-- 169.843033 s
currentSize : 27 <-- 169.843582 s

maxsize : 27
nodes : 8077205.000000
filtered : 364039472.000000
time : 190.623077
