Parameters: GAD=1 vflib=1 dir=0 label=0 lowerbound=1 fileNameGp=../../cp2016-max-common-connected-subgraph-paper/datasets/graphsdb/mcs70/m3D/m3D/mcs70_m3D_s35.A07 fileNameGt=../../cp2016-max-common-connected-subgraph-paper/datasets/graphsdb/mcs70/m3D/m3D/mcs70_m3D_s35.B07
Reading graphs...
35 :  71
35 :  72
Initializing...
maxdom : 35
D->valSize : 1225
Solving...
Blb : 2 (clique : 18)
currentSize : 18 <-- 0.020585 s
currentSize : 21 <-- 0.020752 s
currentSize : 22 <-- 0.021638 s
currentSize : 23 <-- 0.022712 s
currentSize : 24 <-- 0.022736 s
currentSize : 27 <-- 10.377986 s

maxsize : 27
nodes : 6096308.000000
filtered : 364875338.000000
time : 235.665970
