Parameters: GAD=1 vflib=1 dir=0 label=0 lowerbound=1 fileNameGp=../../cp2016-max-common-connected-subgraph-paper/datasets/graphsdb/mcs70/bvg/b09/mcs70_b09_s30.A07 fileNameGt=../../cp2016-max-common-connected-subgraph-paper/datasets/graphsdb/mcs70/bvg/b09/mcs70_b09_s30.B07
Reading graphs...
30 :  132
30 :  135
Initializing...
maxdom : 30
D->valSize : 900
Solving...
Blb : 3 (clique : 13)
currentSize : 13 <-- 0.016965 s
currentSize : 14 <-- 0.026960 s
currentSize : 15 <-- 0.036369 s
currentSize : 16 <-- 0.276617 s
currentSize : 18 <-- 0.372151 s
currentSize : 20 <-- 0.534997 s

maxsize : 20
nodes : 1403079.000000
filtered : 46029656.000000
time : 10.537389
