Parameters: GAD=1 vflib=1 dir=0 label=0 lowerbound=1 fileNameGp=../../cp2016-max-common-connected-subgraph-paper/datasets/graphsdb/mcs70/bvg/b09m/mcs70_b09m_s35.A04 fileNameGt=../../cp2016-max-common-connected-subgraph-paper/datasets/graphsdb/mcs70/bvg/b09m/mcs70_b09m_s35.B04
Reading graphs...
35 :  153
35 :  153
Initializing...
maxdom : 35
D->valSize : 1225
Solving...
Blb : 2 (clique : 15)
currentSize : 15 <-- 0.018489 s
currentSize : 16 <-- 0.172470 s
currentSize : 17 <-- 0.258855 s
currentSize : 18 <-- 55.215439 s
currentSize : 20 <-- 124.318466 s
currentSize : 21 <-- 124.318550 s
currentSize : 23 <-- 124.319878 s
currentSize : 24 <-- 124.319992 s

maxsize : 24
nodes : 21864766.000000
filtered : 600314743.000000
time : 165.370438
