Parameters: GAD=1 vflib=1 dir=0 label=0 lowerbound=1 fileNameGp=../../cp2016-max-common-connected-subgraph-paper/datasets/graphsdb/mcs70/bvg/b09m/mcs70_b09m_s40.A08 fileNameGt=../../cp2016-max-common-connected-subgraph-paper/datasets/graphsdb/mcs70/bvg/b09m/mcs70_b09m_s40.B08
Reading graphs...
40 :  171
40 :  168
Initializing...
maxdom : 40
D->valSize : 1600
Solving...
Blb : 2 (clique : 15)
currentSize : 15 <-- 0.032192 s
currentSize : 16 <-- 0.032385 s
currentSize : 17 <-- 0.036126 s
currentSize : 18 <-- 0.138059 s
currentSize : 19 <-- 23.289003 s
currentSize : 20 <-- 443.456116 s
currentSize : 22 <-- 487.208923 s
currentSize : 23 <-- 487.209198 s
currentSize : 26 <-- 491.132812 s

TIMEOUT
maxsize : 26
nodes : 93058719.000000
filtered : 3415002792.000000
time : 1000.000122
