Parameters: GAD=1 vflib=1 dir=0 label=0 lowerbound=1 fileNameGp=../../cp2016-max-common-connected-subgraph-paper/datasets/graphsdb/mcs70/m2D/m2D/mcs70_m2D_s35.A03 fileNameGt=../../cp2016-max-common-connected-subgraph-paper/datasets/graphsdb/mcs70/m2D/m2D/mcs70_m2D_s35.B03
Reading graphs...
35 :  58
35 :  58
Initializing...
maxdom : 35
D->valSize : 1225
Solving...
Blb : 2 (clique : 22)
currentSize : 22 <-- 0.021302 s
currentSize : 23 <-- 0.023545 s
currentSize : 24 <-- 0.343210 s
currentSize : 25 <-- 1.204671 s
currentSize : 26 <-- 10.681471 s
currentSize : 27 <-- 303.376709 s

TIMEOUT
maxsize : 27
nodes : 16067721.000000
filtered : 1185527897.000000
time : 1000.000000
