Parameters: GAD=1 vflib=1 dir=0 label=0 lowerbound=1 fileNameGp=../../cp2016-max-common-connected-subgraph-paper/datasets/graphsdb/mcs70/rand/r02/mcs70_r02_s40.A08 fileNameGt=../../cp2016-max-common-connected-subgraph-paper/datasets/graphsdb/mcs70/rand/r02/mcs70_r02_s40.B08
Reading graphs...
40 :  279
40 :  285
Initializing...
maxdom : 40
D->valSize : 1600
Solving...
Blb : 2 (clique : 11)
currentSize : 11 <-- 0.029774 s
currentSize : 12 <-- 0.029944 s
currentSize : 13 <-- 0.030155 s
currentSize : 14 <-- 0.222864 s
currentSize : 15 <-- 1.888628 s
currentSize : 16 <-- 16.261263 s
currentSize : 17 <-- 16.261341 s
currentSize : 23 <-- 52.679195 s
currentSize : 28 <-- 75.724464 s

maxsize : 28
nodes : 19918562.000000
filtered : 611997823.000000
time : 135.170425
