Parameters: GAD=1 vflib=1 dir=0 label=0 lowerbound=1 fileNameGp=../../cp2016-max-common-connected-subgraph-paper/datasets/graphsdb/mcs70/rand/r005/mcs70_r005_s35.A02 fileNameGt=../../cp2016-max-common-connected-subgraph-paper/datasets/graphsdb/mcs70/rand/r005/mcs70_r005_s35.B02
Reading graphs...
35 :  57
35 :  56
Initializing...
maxdom : 35
D->valSize : 1225
Solving...
Blb : 2 (clique : 20)
currentSize : 20 <-- 0.021218 s
currentSize : 22 <-- 0.021393 s
currentSize : 23 <-- 0.021412 s
currentSize : 24 <-- 0.025731 s
currentSize : 25 <-- 0.031850 s
currentSize : 26 <-- 0.063025 s

TIMEOUT
maxsize : 26
nodes : 10096851.000000
filtered : 767941588.000000
time : 1000.000061
