Parameters: GAD=1 vflib=1 dir=0 label=0 lowerbound=1 fileNameGp=../../cp2016-max-common-connected-subgraph-paper/datasets/graphsdb/mcs70/bvg/b03m/mcs70_b03m_s50.A06 fileNameGt=../../cp2016-max-common-connected-subgraph-paper/datasets/graphsdb/mcs70/bvg/b03m/mcs70_b03m_s50.B06
Reading graphs...
50 :  75
50 :  75
Initializing...
maxdom : 50
D->valSize : 2500
Solving...
Blb : 2 (clique : 28)
currentSize : 28 <-- 0.099124 s
currentSize : 34 <-- 0.099525 s
currentSize : 35 <-- 0.104938 s
currentSize : 36 <-- 0.161186 s
currentSize : 37 <-- 537.427673 s
currentSize : 38 <-- 572.752136 s

TIMEOUT
maxsize : 38
nodes : 8477217.000000
filtered : 594889851.000000
time : 1000.000977
