Parameters: GAD=1 vflib=1 dir=0 label=0 lowerbound=1 fileNameGp=../../cp2016-max-common-connected-subgraph-paper/datasets/graphsdb/mcs70/m2D/m2Dr6/mcs70_m2Dr6_s40.A07 fileNameGt=../../cp2016-max-common-connected-subgraph-paper/datasets/graphsdb/mcs70/m2D/m2Dr6/mcs70_m2Dr6_s40.B07
Reading graphs...
40 :  90
40 :  86
Initializing...
maxdom : 40
D->valSize : 1600
Solving...
Blb : 2 (clique : 20)
currentSize : 20 <-- 0.035564 s
currentSize : 21 <-- 0.035779 s
currentSize : 22 <-- 0.036051 s
currentSize : 23 <-- 0.137935 s
currentSize : 24 <-- 0.859295 s
currentSize : 25 <-- 92.193283 s
currentSize : 26 <-- 177.596863 s

TIMEOUT
maxsize : 26
nodes : 30369127.000000
filtered : 1570142061.000000
time : 1000.000061
