Parameters: GAD=1 vflib=1 dir=0 label=0 lowerbound=1 fileNameGp=../../cp2016-max-common-connected-subgraph-paper/datasets/graphsdb/mcs70/rand/r01/mcs70_r01_s40.A09 fileNameGt=../../cp2016-max-common-connected-subgraph-paper/datasets/graphsdb/mcs70/rand/r01/mcs70_r01_s40.B09
Reading graphs...
40 :  149
40 :  151
Initializing...
maxdom : 40
D->valSize : 1600
Solving...
Blb : 2 (clique : 16)
currentSize : 16 <-- 0.032831 s
currentSize : 17 <-- 0.033051 s
currentSize : 18 <-- 0.045976 s
currentSize : 19 <-- 0.066282 s
currentSize : 20 <-- 1.998845 s
currentSize : 21 <-- 41.996967 s
currentSize : 22 <-- 593.842896 s
currentSize : 23 <-- 954.789429 s
currentSize : 24 <-- 954.789551 s
currentSize : 26 <-- 969.679382 s

TIMEOUT
maxsize : 26
nodes : 95286103.000000
filtered : 2935485002.000000
time : 1000.000000
