Parameters: GAD=1 vflib=1 dir=0 label=0 lowerbound=1 fileNameGp=../../cp2016-max-common-connected-subgraph-paper/datasets/graphsdb/mcs70/m2D/m2D/mcs70_m2D_s35.A07 fileNameGt=../../cp2016-max-common-connected-subgraph-paper/datasets/graphsdb/mcs70/m2D/m2D/mcs70_m2D_s35.B07
Reading graphs...
35 :  58
35 :  58
Initializing...
maxdom : 35
D->valSize : 1225
Solving...
Blb : 2 (clique : 21)
currentSize : 21 <-- 0.037224 s
currentSize : 22 <-- 0.039582 s
currentSize : 23 <-- 0.045495 s
currentSize : 24 <-- 0.115541 s
currentSize : 25 <-- 28.906635 s
currentSize : 26 <-- 124.600166 s
currentSize : 27 <-- 135.209427 s

TIMEOUT
maxsize : 27
nodes : 13152003.000000
filtered : 903607224.000000
time : 1000.000305
