Parameters: GAD=1 vflib=1 dir=0 label=0 lowerbound=1 fileNameGp=../../cp2016-max-common-connected-subgraph-paper/datasets/graphsdb/mcs70/rand/r01/mcs70_r01_s30.A02 fileNameGt=../../cp2016-max-common-connected-subgraph-paper/datasets/graphsdb/mcs70/rand/r01/mcs70_r01_s30.B02
Reading graphs...
30 :  81
30 :  82
Initializing...
maxdom : 30
D->valSize : 900
Solving...
Blb : 2 (clique : 13)
currentSize : 13 <-- 0.010467 s
currentSize : 14 <-- 0.010584 s
currentSize : 15 <-- 0.010610 s
currentSize : 16 <-- 0.013424 s
currentSize : 17 <-- 0.069583 s
currentSize : 18 <-- 1.288263 s
currentSize : 19 <-- 73.929939 s
currentSize : 21 <-- 105.767845 s

maxsize : 21
nodes : 9564608.000000
filtered : 310879452.000000
time : 126.750237
