Parameters: GAD=1 vflib=1 dir=0 label=0 lowerbound=1 fileNameGp=../../cp2016-max-common-connected-subgraph-paper/datasets/graphsdb/mcs70/rand/r005/mcs70_r005_s35.A08 fileNameGt=../../cp2016-max-common-connected-subgraph-paper/datasets/graphsdb/mcs70/rand/r005/mcs70_r005_s35.B08
Reading graphs...
35 :  56
35 :  57
Initializing...
maxdom : 35
D->valSize : 1225
Solving...
Blb : 2 (clique : 21)
currentSize : 21 <-- 0.021380 s
currentSize : 22 <-- 0.665169 s
currentSize : 23 <-- 1.291701 s
currentSize : 24 <-- 20.762844 s
currentSize : 25 <-- 20.770773 s
currentSize : 26 <-- 26.577291 s
currentSize : 27 <-- 538.104675 s

TIMEOUT
maxsize : 27
nodes : 13885685.000000
filtered : 1008256751.000000
time : 1000.000183
