Parameters: GAD=1 vflib=1 dir=0 label=0 lowerbound=1 fileNameGp=../../cp2016-max-common-connected-subgraph-paper/datasets/graphsdb/mcs70/rand/r01/mcs70_r01_s35.A08 fileNameGt=../../cp2016-max-common-connected-subgraph-paper/datasets/graphsdb/mcs70/rand/r01/mcs70_r01_s35.B08
Reading graphs...
35 :  107
35 :  112
Initializing...
maxdom : 35
D->valSize : 1225
Solving...
Blb : 5 (clique : 15)
currentSize : 15 <-- 0.019387 s
currentSize : 16 <-- 0.019546 s
currentSize : 17 <-- 0.021185 s
currentSize : 18 <-- 0.024985 s
currentSize : 19 <-- 0.025472 s
currentSize : 20 <-- 3.128970 s
currentSize : 21 <-- 283.776825 s
currentSize : 22 <-- 886.971191 s

TIMEOUT
maxsize : 22
nodes : 73274173.000000
filtered : 2585232976.000000
time : 1000.000000
