Parameters: GAD=1 vflib=1 dir=0 label=0 lowerbound=1 fileNameGp=../../cp2016-max-common-connected-subgraph-paper/datasets/graphsdb/mcs70/bvg/b06m/mcs70_b06m_s35.A05 fileNameGt=../../cp2016-max-common-connected-subgraph-paper/datasets/graphsdb/mcs70/bvg/b06m/mcs70_b06m_s35.B05
Reading graphs...
35 :  104
35 :  102
Initializing...
maxdom : 35
D->valSize : 1225
Solving...
Blb : 5 (clique : 16)
currentSize : 16 <-- 0.019627 s
currentSize : 17 <-- 0.019837 s
currentSize : 18 <-- 0.030743 s
currentSize : 19 <-- 3.883883 s
currentSize : 20 <-- 16.380047 s
currentSize : 21 <-- 504.240021 s

TIMEOUT
maxsize : 21
nodes : 71480524.000000
filtered : 2517231460.000000
time : 1000.000122
