Parameters: GAD=1 vflib=1 dir=0 label=0 lowerbound=1 fileNameGp=../../cp2016-max-common-connected-subgraph-paper/datasets/graphsdb/mcs70/bvg/b09/mcs70_b09_s25.A01 fileNameGt=../../cp2016-max-common-connected-subgraph-paper/datasets/graphsdb/mcs70/bvg/b09/mcs70_b09_s25.B01
Reading graphs...
25 :  111
25 :  108
Initializing...
maxdom : 25
D->valSize : 625
Solving...
Blb : 2 (clique : 10)
currentSize : 10 <-- 0.008096 s
currentSize : 11 <-- 0.008213 s
currentSize : 12 <-- 0.008416 s
currentSize : 13 <-- 0.015611 s
currentSize : 14 <-- 0.140355 s
currentSize : 15 <-- 0.146818 s
currentSize : 16 <-- 0.217939 s
currentSize : 17 <-- 0.223647 s

maxsize : 17
nodes : 235833.000000
filtered : 6892650.000000
time : 1.449885
