Parameters: GAD=1 vflib=1 dir=0 label=0 lowerbound=1 fileNameGp=../../cp2016-max-common-connected-subgraph-paper/datasets/graphsdb/mcs70/bvg/b09m/mcs70_b09m_s30.A08 fileNameGt=../../cp2016-max-common-connected-subgraph-paper/datasets/graphsdb/mcs70/bvg/b09m/mcs70_b09m_s30.B08
Reading graphs...
30 :  131
30 :  132
Initializing...
maxdom : 30
D->valSize : 900
Solving...
Blb : 2 (clique : 10)
currentSize : 10 <-- 0.009646 s
currentSize : 11 <-- 0.009829 s
currentSize : 12 <-- 0.010036 s
currentSize : 13 <-- 0.025341 s
currentSize : 14 <-- 0.132315 s
currentSize : 15 <-- 0.459543 s
currentSize : 16 <-- 0.984244 s
currentSize : 17 <-- 5.083307 s
currentSize : 20 <-- 5.136853 s

maxsize : 20
nodes : 1711882.000000
filtered : 46147766.000000
time : 11.502493
