Parameters: GAD=1 vflib=1 dir=0 label=0 lowerbound=1 fileNameGp=../../cp2016-max-common-connected-subgraph-paper/datasets/graphsdb/mcs70/m3D/m3Dr2/mcs70_m3Dr2_s35.A05 fileNameGt=../../cp2016-max-common-connected-subgraph-paper/datasets/graphsdb/mcs70/m3D/m3Dr2/mcs70_m3Dr2_s35.B05
Reading graphs...
35 :  78
35 :  77
Initializing...
maxdom : 35
D->valSize : 1225
Solving...
Blb : 2 (clique : 18)
currentSize : 18 <-- 0.020623 s
currentSize : 19 <-- 0.020805 s
currentSize : 20 <-- 0.020898 s
currentSize : 21 <-- 0.124007 s
currentSize : 22 <-- 0.150368 s
currentSize : 23 <-- 13.500917 s
currentSize : 24 <-- 146.699722 s
currentSize : 25 <-- 150.842300 s
currentSize : 26 <-- 279.001617 s
currentSize : 27 <-- 367.507660 s

maxsize : 27
nodes : 14729521.000000
filtered : 709004821.000000
time : 401.543823
