Parameters: GAD=1 vflib=1 dir=0 label=0 lowerbound=1 fileNameGp=../../cp2016-max-common-connected-subgraph-paper/datasets/graphsdb/mcs70/bvg/b03/mcs70_b03_s35.A06 fileNameGt=../../cp2016-max-common-connected-subgraph-paper/datasets/graphsdb/mcs70/bvg/b03/mcs70_b03_s35.B06
Reading graphs...
35 :  52
35 :  52
Initializing...
maxdom : 35
D->valSize : 1225
Solving...
Blb : 2 (clique : 22)
currentSize : 22 <-- 0.037815 s
currentSize : 23 <-- 0.038116 s
currentSize : 24 <-- 0.038819 s
currentSize : 25 <-- 0.044810 s
currentSize : 26 <-- 0.052004 s
currentSize : 27 <-- 0.350800 s
currentSize : 28 <-- 4.852581 s

maxsize : 28
nodes : 3251174.000000
filtered : 307937602.000000
time : 389.176331
