Parameters: GAD=1 vflib=1 dir=0 label=0 lowerbound=1 fileNameGp=../../cp2016-max-common-connected-subgraph-paper/datasets/graphsdb/mcs70/bvg/b06/mcs70_b06_s35.A06 fileNameGt=../../cp2016-max-common-connected-subgraph-paper/datasets/graphsdb/mcs70/bvg/b06/mcs70_b06_s35.B06
Reading graphs...
35 :  104
35 :  104
Initializing...
maxdom : 35
D->valSize : 1225
Solving...
Blb : 2 (clique : 16)
currentSize : 16 <-- 0.019602 s
currentSize : 17 <-- 0.022103 s
currentSize : 18 <-- 0.026788 s
currentSize : 19 <-- 0.070741 s
currentSize : 20 <-- 0.742346 s
currentSize : 21 <-- 7.946199 s
currentSize : 22 <-- 18.434454 s
currentSize : 23 <-- 18.445339 s
currentSize : 24 <-- 18.624983 s
currentSize : 25 <-- 108.348152 s
currentSize : 26 <-- 109.622459 s

maxsize : 26
nodes : 5954450.000000
filtered : 332990946.000000
time : 162.158279
