Parameters: GAD=1 vflib=1 dir=0 label=0 lowerbound=1 fileNameGp=../../cp2016-max-common-connected-subgraph-paper/datasets/graphsdb/mcs70/rand/r01/mcs70_r01_s35.A03 fileNameGt=../../cp2016-max-common-connected-subgraph-paper/datasets/graphsdb/mcs70/rand/r01/mcs70_r01_s35.B03
Reading graphs...
35 :  115
35 :  111
Initializing...
maxdom : 35
D->valSize : 1225
Solving...
Blb : 2 (clique : 15)
currentSize : 15 <-- 0.019156 s
currentSize : 16 <-- 0.019294 s
currentSize : 17 <-- 0.019401 s
currentSize : 18 <-- 0.095781 s
currentSize : 19 <-- 18.203920 s
currentSize : 20 <-- 208.958481 s
currentSize : 21 <-- 273.130737 s
currentSize : 24 <-- 273.136017 s

maxsize : 24
nodes : 39733198.000000
filtered : 1168375897.000000
time : 391.499176
