Parameters: GAD=1 vflib=1 dir=0 label=0 lowerbound=1 fileNameGp=../../cp2016-max-common-connected-subgraph-paper/datasets/graphsdb/mcs70/m2D/m2Dr4/mcs70_m2Dr4_s35.A06 fileNameGt=../../cp2016-max-common-connected-subgraph-paper/datasets/graphsdb/mcs70/m2D/m2Dr4/mcs70_m2Dr4_s35.B06
Reading graphs...
35 :  70
35 :  71
Initializing...
maxdom : 35
D->valSize : 1225
Solving...
Blb : 2 (clique : 18)
currentSize : 18 <-- 0.021080 s
currentSize : 19 <-- 0.022134 s
currentSize : 20 <-- 0.024335 s
currentSize : 21 <-- 0.025786 s
currentSize : 22 <-- 0.228972 s
currentSize : 23 <-- 2.779157 s
currentSize : 24 <-- 366.771240 s
currentSize : 25 <-- 493.620392 s

TIMEOUT
maxsize : 25
nodes : 43703711.000000
filtered : 1794228201.000000
time : 1000.000183
