Parameters: GAD=1 vflib=1 dir=0 label=0 lowerbound=1 fileNameGp=../../cp2016-max-common-connected-subgraph-paper/datasets/graphsdb/mcs70/rand/r02/mcs70_r02_s25.A09 fileNameGt=../../cp2016-max-common-connected-subgraph-paper/datasets/graphsdb/mcs70/rand/r02/mcs70_r02_s25.B09
Reading graphs...
25 :  109
25 :  110
Initializing...
maxdom : 25
D->valSize : 625
Solving...
Blb : 2 (clique : 10)
currentSize : 10 <-- 0.004817 s
currentSize : 11 <-- 0.004966 s
currentSize : 12 <-- 0.008036 s
currentSize : 13 <-- 0.791729 s
currentSize : 14 <-- 7.922501 s
currentSize : 15 <-- 7.945555 s
currentSize : 17 <-- 7.945885 s

maxsize : 17
nodes : 2189654.000000
filtered : 30701094.000000
time : 8.927335
