Parameters: GAD=1 vflib=1 dir=0 label=0 lowerbound=1 fileNameGp=../../cp2016-max-common-connected-subgraph-paper/datasets/graphsdb/mcs70/bvg/b09m/mcs70_b09m_s50.A03 fileNameGt=../../cp2016-max-common-connected-subgraph-paper/datasets/graphsdb/mcs70/bvg/b09m/mcs70_b09m_s50.B03
Reading graphs...
50 :  219
50 :  221
Initializing...
maxdom : 50
D->valSize : 2500
Solving...
Blb : 2 (clique : 19)
currentSize : 19 <-- 0.086543 s
currentSize : 20 <-- 0.090204 s
currentSize : 21 <-- 0.109048 s
currentSize : 22 <-- 1.188289 s
currentSize : 23 <-- 32.580643 s
currentSize : 24 <-- 590.820068 s

TIMEOUT
maxsize : 24
nodes : 129864433.000000
filtered : 3228464984.000000
time : 1000.000000
