Parameters: GAD=1 vflib=1 dir=0 label=0 lowerbound=1 fileNameGp=../../cp2016-max-common-connected-subgraph-paper/datasets/graphsdb/mcs70/bvg/b09/mcs70_b09_s30.A09 fileNameGt=../../cp2016-max-common-connected-subgraph-paper/datasets/graphsdb/mcs70/bvg/b09/mcs70_b09_s30.B09
Reading graphs...
30 :  132
30 :  133
Initializing...
maxdom : 30
D->valSize : 900
Solving...
Blb : 3 (clique : 14)
currentSize : 14 <-- 0.010359 s
currentSize : 15 <-- 0.333059 s
currentSize : 17 <-- 0.348240 s
currentSize : 18 <-- 0.348772 s
currentSize : 19 <-- 0.349071 s
currentSize : 20 <-- 0.349180 s
currentSize : 21 <-- 0.495790 s

maxsize : 21
nodes : 632551.000000
filtered : 22188928.000000
time : 4.839550
