Parameters: GAD=1 vflib=1 dir=0 label=0 lowerbound=1 fileNameGp=../../cp2016-max-common-connected-subgraph-paper/datasets/graphsdb/mcs70/bvg/b03/mcs70_b03_s30.A02 fileNameGt=../../cp2016-max-common-connected-subgraph-paper/datasets/graphsdb/mcs70/bvg/b03/mcs70_b03_s30.B02
Reading graphs...
30 :  45
30 :  45
Initializing...
maxdom : 30
D->valSize : 900
Solving...
Blb : 2 (clique : 18)
currentSize : 18 <-- 0.011363 s
currentSize : 19 <-- 0.011507 s
currentSize : 20 <-- 0.011557 s
currentSize : 21 <-- 0.419433 s
currentSize : 22 <-- 3.079419 s
currentSize : 23 <-- 26.888630 s
currentSize : 24 <-- 29.858076 s

maxsize : 24
nodes : 1112228.000000
filtered : 66427770.000000
time : 73.330864
