Parameters: GAD=1 vflib=1 dir=0 label=0 lowerbound=1 fileNameGp=../../cp2016-max-common-connected-subgraph-paper/datasets/graphsdb/mcs70/rand/r005/mcs70_r005_s50.A09 fileNameGt=../../cp2016-max-common-connected-subgraph-paper/datasets/graphsdb/mcs70/rand/r005/mcs70_r005_s50.B09
Reading graphs...
50 :  121
50 :  118
Initializing...
maxdom : 50
D->valSize : 2500
Solving...
Blb : 2 (clique : 26)
currentSize : 26 <-- 0.094545 s
currentSize : 27 <-- 0.168580 s
currentSize : 28 <-- 0.343725 s
currentSize : 29 <-- 0.351203 s
currentSize : 30 <-- 10.414620 s
currentSize : 31 <-- 869.484985 s

TIMEOUT
maxsize : 31
nodes : 30723826.000000
filtered : 1516501988.000000
time : 1000.000244
