Parameters: GAD=1 vflib=1 dir=0 label=0 lowerbound=1 fileNameGp=../../cp2016-max-common-connected-subgraph-paper/datasets/graphsdb/mcs70/bvg/b09/mcs70_b09_s35.A07 fileNameGt=../../cp2016-max-common-connected-subgraph-paper/datasets/graphsdb/mcs70/bvg/b09/mcs70_b09_s35.B07
Reading graphs...
35 :  155
35 :  156
Initializing...
maxdom : 35
D->valSize : 1225
Solving...
Blb : 2 (clique : 13)
currentSize : 13 <-- 0.018301 s
currentSize : 16 <-- 0.018434 s
currentSize : 17 <-- 0.018554 s
currentSize : 19 <-- 0.022840 s
currentSize : 20 <-- 0.022882 s
currentSize : 21 <-- 0.101067 s
currentSize : 22 <-- 0.638386 s
currentSize : 23 <-- 0.638479 s
currentSize : 24 <-- 0.638547 s
currentSize : 25 <-- 3.517031 s

maxsize : 25
nodes : 1765515.000000
filtered : 88803334.000000
time : 19.839140
