Parameters: GAD=1 vflib=1 dir=0 label=0 lowerbound=1 fileNameGp=../../cp2016-max-common-connected-subgraph-paper/datasets/graphsdb/mcs70/m2D/m2Dr2/mcs70_m2Dr2_s35.A06 fileNameGt=../../cp2016-max-common-connected-subgraph-paper/datasets/graphsdb/mcs70/m2D/m2Dr2/mcs70_m2Dr2_s35.B06
Reading graphs...
35 :  64
35 :  63
Initializing...
maxdom : 35
D->valSize : 1225
Solving...
Blb : 2 (clique : 19)
currentSize : 19 <-- 0.021095 s
currentSize : 21 <-- 0.021545 s
currentSize : 22 <-- 0.101426 s
currentSize : 23 <-- 0.113485 s
currentSize : 24 <-- 0.120770 s
currentSize : 25 <-- 561.732544 s

TIMEOUT
maxsize : 25
nodes : 21300776.000000
filtered : 1332497173.000000
time : 1000.000000
