Parameters: GAD=1 vflib=1 dir=0 label=0 lowerbound=1 fileNameGp=../../cp2016-max-common-connected-subgraph-paper/datasets/graphsdb/mcs70/rand/r005/mcs70_r005_s50.A01 fileNameGt=../../cp2016-max-common-connected-subgraph-paper/datasets/graphsdb/mcs70/rand/r005/mcs70_r005_s50.B01
Reading graphs...
50 :  120
50 :  120
Initializing...
maxdom : 50
D->valSize : 2500
Solving...
Blb : 2 (clique : 23)
currentSize : 23 <-- 0.095272 s
currentSize : 27 <-- 0.095579 s
currentSize : 28 <-- 0.174119 s
currentSize : 29 <-- 1.420463 s
currentSize : 30 <-- 15.613921 s
currentSize : 31 <-- 201.549179 s

TIMEOUT
maxsize : 31
nodes : 53067912.000000
filtered : 1930001513.000000
time : 1000.000122
