Parameters: GAD=1 vflib=1 dir=0 label=0 lowerbound=1 fileNameGp=../../cp2016-max-common-connected-subgraph-paper/datasets/graphsdb/mcs70/bvg/b09/mcs70_b09_s40.A07 fileNameGt=../../cp2016-max-common-connected-subgraph-paper/datasets/graphsdb/mcs70/bvg/b09/mcs70_b09_s40.B07
Reading graphs...
40 :  176
40 :  178
Initializing...
maxdom : 40
D->valSize : 1600
Solving...
Blb : 2 (clique : 20)
currentSize : 20 <-- 0.031903 s
currentSize : 21 <-- 2.483846 s
currentSize : 22 <-- 8.943470 s
currentSize : 24 <-- 9.824498 s
currentSize : 25 <-- 9.836508 s
currentSize : 27 <-- 10.032803 s
currentSize : 28 <-- 10.032966 s
currentSize : 29 <-- 12.094316 s

maxsize : 29
nodes : 6430513.000000
filtered : 347489777.000000
time : 88.754051
