Parameters: GAD=1 vflib=1 dir=0 label=0 lowerbound=1 fileNameGp=../../cp2016-max-common-connected-subgraph-paper/datasets/graphsdb/mcs70/bvg/b06/mcs70_b06_s40.A09 fileNameGt=../../cp2016-max-common-connected-subgraph-paper/datasets/graphsdb/mcs70/bvg/b06/mcs70_b06_s40.B09
Reading graphs...
40 :  120
40 :  119
Initializing...
maxdom : 40
D->valSize : 1600
Solving...
Blb : 2 (clique : 20)
currentSize : 20 <-- 0.034133 s
currentSize : 21 <-- 0.072805 s
currentSize : 22 <-- 0.126955 s
currentSize : 23 <-- 0.413998 s
currentSize : 24 <-- 0.419211 s
currentSize : 25 <-- 0.469234 s
currentSize : 26 <-- 4.179318 s
currentSize : 27 <-- 4.182064 s
currentSize : 28 <-- 9.379304 s
currentSize : 29 <-- 9.379374 s
currentSize : 30 <-- 84.815704 s

maxsize : 30
nodes : 8822868.000000
filtered : 689131163.000000
time : 416.030548
