Parameters: GAD=1 vflib=1 dir=0 label=0 lowerbound=1 fileNameGp=../../cp2016-max-common-connected-subgraph-paper/datasets/graphsdb/mcs70/bvg/b06/mcs70_b06_s30.A00 fileNameGt=../../cp2016-max-common-connected-subgraph-paper/datasets/graphsdb/mcs70/bvg/b06/mcs70_b06_s30.B00
Reading graphs...
30 :  89
30 :  89
Initializing...
maxdom : 30
D->valSize : 900
Solving...
Blb : 2 (clique : 14)
currentSize : 14 <-- 0.010362 s
currentSize : 15 <-- 0.010479 s
currentSize : 16 <-- 0.010498 s
currentSize : 17 <-- 0.010652 s
currentSize : 18 <-- 0.012235 s
currentSize : 19 <-- 0.012244 s
currentSize : 21 <-- 0.013937 s
currentSize : 22 <-- 5.615773 s
currentSize : 23 <-- 11.532265 s

maxsize : 23
nodes : 631479.000000
filtered : 26354377.000000
time : 13.262068
