Parameters: GAD=1 vflib=1 dir=0 label=0 lowerbound=1 fileNameGp=../../cp2016-max-common-connected-subgraph-paper/datasets/graphsdb/mcs70/bvg/b09/mcs70_b09_s25.A04 fileNameGt=../../cp2016-max-common-connected-subgraph-paper/datasets/graphsdb/mcs70/bvg/b09/mcs70_b09_s25.B04
Reading graphs...
25 :  110
25 :  108
Initializing...
maxdom : 25
D->valSize : 625
Solving...
Blb : 2 (clique : 10)
currentSize : 10 <-- 0.004786 s
currentSize : 11 <-- 0.004868 s
currentSize : 12 <-- 0.004953 s
currentSize : 13 <-- 0.005591 s
currentSize : 14 <-- 0.007252 s
currentSize : 15 <-- 0.010621 s
currentSize : 16 <-- 0.026609 s
currentSize : 17 <-- 0.026703 s
currentSize : 18 <-- 0.036147 s

maxsize : 18
nodes : 110259.000000
filtered : 3343053.000000
time : 0.688572
