Parameters: GAD=1 vflib=1 dir=0 label=0 lowerbound=1 fileNameGp=../../cp2016-max-common-connected-subgraph-paper/datasets/graphsdb/mcs70/rand/r005/mcs70_r005_s40.A06 fileNameGt=../../cp2016-max-common-connected-subgraph-paper/datasets/graphsdb/mcs70/rand/r005/mcs70_r005_s40.B06
Reading graphs...
40 :  76
40 :  75
Initializing...
maxdom : 40
D->valSize : 1600
Solving...
Blb : 2 (clique : 22)
currentSize : 22 <-- 0.063829 s
currentSize : 23 <-- 0.064204 s
currentSize : 24 <-- 0.064604 s
currentSize : 25 <-- 0.069644 s
currentSize : 26 <-- 14.504320 s
currentSize : 27 <-- 17.800148 s
currentSize : 28 <-- 357.730530 s

TIMEOUT
maxsize : 28
nodes : 15132536.000000
filtered : 978184380.000000
time : 1000.001160
