Parameters: GAD=1 vflib=1 dir=0 label=0 lowerbound=1 fileNameGp=../../cp2016-max-common-connected-subgraph-paper/datasets/graphsdb/mcs70/rand/r02/mcs70_r02_s50.A04 fileNameGt=../../cp2016-max-common-connected-subgraph-paper/datasets/graphsdb/mcs70/rand/r02/mcs70_r02_s50.B04
Reading graphs...
50 :  430
50 :  437
Initializing...
maxdom : 50
D->valSize : 2500
Solving...
Blb : 2 (clique : 11)
currentSize : 11 <-- 0.076036 s
currentSize : 13 <-- 0.076218 s
currentSize : 14 <-- 0.084396 s
currentSize : 15 <-- 0.177683 s
currentSize : 16 <-- 4.001682 s
currentSize : 17 <-- 250.352859 s
currentSize : 20 <-- 385.601257 s

TIMEOUT
maxsize : 20
nodes : 203385343.000000
filtered : 2674905428.000000
time : 1000.000000
