Parameters: GAD=1 vflib=1 dir=0 label=0 lowerbound=1 fileNameGp=../../cp2016-max-common-connected-subgraph-paper/datasets/graphsdb/mcs70/m3D/m3D/mcs70_m3D_s35.A00 fileNameGt=../../cp2016-max-common-connected-subgraph-paper/datasets/graphsdb/mcs70/m3D/m3D/mcs70_m3D_s35.B00
Reading graphs...
35 :  72
35 :  72
Initializing...
maxdom : 35
D->valSize : 1225
Solving...
Blb : 2 (clique : 19)
currentSize : 19 <-- 0.020592 s
currentSize : 20 <-- 0.020804 s
currentSize : 21 <-- 0.021092 s
currentSize : 22 <-- 0.060115 s
currentSize : 23 <-- 0.212329 s
currentSize : 24 <-- 0.449965 s
currentSize : 25 <-- 0.749589 s
currentSize : 26 <-- 3.890329 s
currentSize : 27 <-- 3.927961 s
currentSize : 28 <-- 4.418198 s

maxsize : 28
nodes : 2571758.000000
filtered : 129261455.000000
time : 58.323166
