Parameters: GAD=1 vflib=1 dir=0 label=0 lowerbound=1 fileNameGp=../../cp2016-max-common-connected-subgraph-paper/datasets/graphsdb/mcs70/bvg/b06m/mcs70_b06m_s30.A01 fileNameGt=../../cp2016-max-common-connected-subgraph-paper/datasets/graphsdb/mcs70/bvg/b06m/mcs70_b06m_s30.B01
Reading graphs...
30 :  86
30 :  85
Initializing...
maxdom : 30
D->valSize : 900
Solving...
Blb : 2 (clique : 13)
currentSize : 13 <-- 0.010472 s
currentSize : 14 <-- 0.010582 s
currentSize : 15 <-- 0.011210 s
currentSize : 16 <-- 0.140835 s
currentSize : 17 <-- 0.776420 s
currentSize : 18 <-- 12.937377 s
currentSize : 19 <-- 32.958698 s
currentSize : 20 <-- 32.958775 s
currentSize : 21 <-- 32.958836 s

maxsize : 21
nodes : 4273353.000000
filtered : 132055413.000000
time : 45.261261
