Parameters: GAD=1 vflib=1 dir=0 label=0 lowerbound=1 fileNameGp=../../cp2016-max-common-connected-subgraph-paper/datasets/graphsdb/mcs70/bvg/b09/mcs70_b09_s40.A03 fileNameGt=../../cp2016-max-common-connected-subgraph-paper/datasets/graphsdb/mcs70/bvg/b09/mcs70_b09_s40.B03
Reading graphs...
40 :  178
40 :  179
Initializing...
maxdom : 40
D->valSize : 1600
Solving...
Blb : 2 (clique : 18)
currentSize : 18 <-- 0.031898 s
currentSize : 19 <-- 0.035571 s
currentSize : 20 <-- 0.035836 s
currentSize : 21 <-- 0.038623 s
currentSize : 22 <-- 0.038691 s
currentSize : 23 <-- 0.038757 s
currentSize : 25 <-- 0.042962 s
currentSize : 26 <-- 40.770267 s
currentSize : 27 <-- 40.770599 s
currentSize : 28 <-- 135.036240 s
currentSize : 29 <-- 168.602997 s

maxsize : 29
nodes : 16437698.000000
filtered : 931169553.000000
time : 210.695587
