Parameters: GAD=1 vflib=1 dir=0 label=0 lowerbound=1 fileNameGp=../../cp2016-max-common-connected-subgraph-paper/datasets/graphsdb/mcs70/bvg/b09m/mcs70_b09m_s30.A02 fileNameGt=../../cp2016-max-common-connected-subgraph-paper/datasets/graphsdb/mcs70/bvg/b09m/mcs70_b09m_s30.B02
Reading graphs...
30 :  128
30 :  129
Initializing...
maxdom : 30
D->valSize : 900
Solving...
Blb : 2 (clique : 11)
currentSize : 11 <-- 0.010063 s
currentSize : 12 <-- 0.010174 s
currentSize : 13 <-- 0.010228 s
currentSize : 14 <-- 0.041596 s
currentSize : 15 <-- 0.968419 s
currentSize : 16 <-- 7.167150 s
currentSize : 18 <-- 14.399644 s
currentSize : 19 <-- 14.399682 s
currentSize : 21 <-- 14.399846 s

maxsize : 21
nodes : 3140776.000000
filtered : 71042389.000000
time : 18.825521
