Parameters: GAD=1 vflib=1 dir=0 label=0 lowerbound=1 fileNameGp=../../cp2016-max-common-connected-subgraph-paper/datasets/graphsdb/mcs70/bvg/b09m/mcs70_b09m_s35.A06 fileNameGt=../../cp2016-max-common-connected-subgraph-paper/datasets/graphsdb/mcs70/bvg/b09m/mcs70_b09m_s35.B06
Reading graphs...
35 :  152
35 :  154
Initializing...
maxdom : 35
D->valSize : 1225
Solving...
Blb : 5 (clique : 13)
currentSize : 13 <-- 0.018742 s
currentSize : 15 <-- 0.018878 s
currentSize : 16 <-- 0.155129 s
currentSize : 17 <-- 0.453122 s
currentSize : 18 <-- 175.579590 s
currentSize : 23 <-- 202.461975 s
currentSize : 24 <-- 202.462051 s

maxsize : 24
nodes : 37828786.000000
filtered : 913174214.000000
time : 244.181870
