Parameters: GAD=1 vflib=1 dir=0 label=0 lowerbound=1 fileNameGp=../../cp2016-max-common-connected-subgraph-paper/datasets/graphsdb/mcs70/bvg/b09/mcs70_b09_s25.A02 fileNameGt=../../cp2016-max-common-connected-subgraph-paper/datasets/graphsdb/mcs70/bvg/b09/mcs70_b09_s25.B02
Reading graphs...
25 :  110
25 :  111
Initializing...
maxdom : 25
D->valSize : 625
Solving...
Blb : 2 (clique : 10)
currentSize : 10 <-- 0.004655 s
currentSize : 11 <-- 0.004748 s
currentSize : 12 <-- 0.005246 s
currentSize : 13 <-- 0.054725 s
currentSize : 15 <-- 0.072929 s
currentSize : 16 <-- 0.122571 s
currentSize : 17 <-- 1.502129 s

maxsize : 17
nodes : 296311.000000
filtered : 8062159.000000
time : 1.757107
