Parameters: GAD=1 vflib=1 dir=0 label=0 lowerbound=1 fileNameGp=../../cp2016-max-common-connected-subgraph-paper/datasets/graphsdb/mcs70/bvg/b06/mcs70_b06_s35.A07 fileNameGt=../../cp2016-max-common-connected-subgraph-paper/datasets/graphsdb/mcs70/bvg/b06/mcs70_b06_s35.B07
Reading graphs...
35 :  105
35 :  102
Initializing...
maxdom : 35
D->valSize : 1225
Solving...
Blb : 2 (clique : 16)
currentSize : 16 <-- 0.019602 s
currentSize : 22 <-- 0.019753 s
currentSize : 23 <-- 0.019776 s
currentSize : 24 <-- 0.019951 s
currentSize : 25 <-- 0.020034 s
currentSize : 26 <-- 14.057104 s

maxsize : 26
nodes : 2012221.000000
filtered : 111052799.000000
time : 52.576252
