Parameters: GAD=1 vflib=1 dir=0 label=0 lowerbound=1 fileNameGp=../../cp2016-max-common-connected-subgraph-paper/datasets/graphsdb/mcs70/rand/r01/mcs70_r01_s35.A01 fileNameGt=../../cp2016-max-common-connected-subgraph-paper/datasets/graphsdb/mcs70/rand/r01/mcs70_r01_s35.B01
Reading graphs...
35 :  113
35 :  115
Initializing...
maxdom : 35
D->valSize : 1225
Solving...
Blb : 2 (clique : 14)
currentSize : 14 <-- 0.019184 s
currentSize : 16 <-- 0.019320 s
currentSize : 17 <-- 0.025175 s
currentSize : 18 <-- 0.029417 s
currentSize : 19 <-- 0.276979 s
currentSize : 20 <-- 33.015713 s
currentSize : 22 <-- 442.331085 s
currentSize : 24 <-- 442.331146 s

maxsize : 24
nodes : 46824303.000000
filtered : 1470947296.000000
time : 541.847290
