Parameters: GAD=1 vflib=1 dir=0 label=0 lowerbound=1 fileNameGp=../../cp2016-max-common-connected-subgraph-paper/datasets/graphsdb/mcs70/m2D/m2Dr2/mcs70_m2Dr2_s40.A01 fileNameGt=../../cp2016-max-common-connected-subgraph-paper/datasets/graphsdb/mcs70/m2D/m2Dr2/mcs70_m2Dr2_s40.B01
Reading graphs...
40 :  75
40 :  74
Initializing...
maxdom : 40
D->valSize : 1600
Solving...
Blb : 2 (clique : 19)
currentSize : 19 <-- 0.058138 s
currentSize : 24 <-- 0.058353 s
currentSize : 25 <-- 0.095051 s
currentSize : 26 <-- 8.719507 s
currentSize : 27 <-- 8.751093 s
currentSize : 28 <-- 195.842758 s

TIMEOUT
maxsize : 28
nodes : 21631885.000000
filtered : 1442802892.000000
time : 1000.000183
