Parameters: GAD=1 vflib=1 dir=0 label=0 lowerbound=1 fileNameGp=../../cp2016-max-common-connected-subgraph-paper/datasets/graphsdb/mcs70/bvg/b06m/mcs70_b06m_s35.A08 fileNameGt=../../cp2016-max-common-connected-subgraph-paper/datasets/graphsdb/mcs70/bvg/b06m/mcs70_b06m_s35.B08
Reading graphs...
35 :  100
35 :  99
Initializing...
maxdom : 35
D->valSize : 1225
Solving...
Blb : 2 (clique : 15)
currentSize : 15 <-- 0.019534 s
currentSize : 16 <-- 0.019686 s
currentSize : 17 <-- 0.019713 s
currentSize : 18 <-- 0.020101 s
currentSize : 19 <-- 0.023617 s
currentSize : 20 <-- 0.383721 s
currentSize : 21 <-- 31.822992 s
currentSize : 22 <-- 174.288452 s
currentSize : 23 <-- 274.925720 s
currentSize : 24 <-- 928.253784 s
currentSize : 25 <-- 928.253845 s

TIMEOUT
maxsize : 25
nodes : 40696882.000000
filtered : 2096796278.000000
time : 1000.000427
