Parameters: GAD=1 vflib=1 dir=0 label=0 lowerbound=1 fileNameGp=../../cp2016-max-common-connected-subgraph-paper/datasets/graphsdb/mcs70/m2D/m2Dr4/mcs70_m2Dr4_s40.A08 fileNameGt=../../cp2016-max-common-connected-subgraph-paper/datasets/graphsdb/mcs70/m2D/m2Dr4/mcs70_m2Dr4_s40.B08
Reading graphs...
40 :  83
40 :  82
Initializing...
maxdom : 40
D->valSize : 1600
Solving...
Blb : 2 (clique : 21)
currentSize : 21 <-- 0.035736 s
currentSize : 22 <-- 0.036497 s
currentSize : 23 <-- 0.036592 s
currentSize : 24 <-- 0.037510 s
currentSize : 25 <-- 0.139242 s
currentSize : 26 <-- 0.175821 s
currentSize : 27 <-- 906.379028 s

TIMEOUT
maxsize : 27
nodes : 25499656.000000
filtered : 1379280984.000000
time : 1000.000061
