Parameters: GAD=1 vflib=1 dir=0 label=0 lowerbound=1 fileNameGp=../../cp2016-max-common-connected-subgraph-paper/datasets/graphsdb/mcs70/m2D/m2Dr2/mcs70_m2Dr2_s40.A03 fileNameGt=../../cp2016-max-common-connected-subgraph-paper/datasets/graphsdb/mcs70/m2D/m2Dr2/mcs70_m2Dr2_s40.B03
Reading graphs...
40 :  75
40 :  75
Initializing...
maxdom : 40
D->valSize : 1600
Solving...
Blb : 2 (clique : 21)
currentSize : 21 <-- 0.036170 s
currentSize : 22 <-- 0.036395 s
currentSize : 24 <-- 0.037787 s
currentSize : 25 <-- 0.054102 s
currentSize : 26 <-- 0.055886 s
currentSize : 27 <-- 0.639476 s
currentSize : 28 <-- 5.783779 s

TIMEOUT
maxsize : 28
nodes : 13210023.000000
filtered : 1078521979.000000
time : 1000.000427
