Parameters: GAD=1 vflib=1 dir=0 label=0 lowerbound=1 fileNameGp=../../cp2016-max-common-connected-subgraph-paper/datasets/graphsdb/mcs70/bvg/b09m/mcs70_b09m_s30.A06 fileNameGt=../../cp2016-max-common-connected-subgraph-paper/datasets/graphsdb/mcs70/bvg/b09m/mcs70_b09m_s30.B06
Reading graphs...
30 :  127
30 :  127
Initializing...
maxdom : 30
D->valSize : 900
Solving...
Blb : 2 (clique : 12)
currentSize : 12 <-- 0.016721 s
currentSize : 13 <-- 0.016911 s
currentSize : 14 <-- 0.018205 s
currentSize : 15 <-- 1.276710 s
currentSize : 17 <-- 6.597449 s
currentSize : 18 <-- 6.597558 s
currentSize : 19 <-- 33.435619 s
currentSize : 20 <-- 33.435669 s

maxsize : 20
nodes : 5621644.000000
filtered : 157958591.000000
time : 37.494152
