Parameters: GAD=1 vflib=1 dir=0 label=0 lowerbound=1 fileNameGp=../../cp2016-max-common-connected-subgraph-paper/datasets/graphsdb/mcs70/m2D/m2D/mcs70_m2D_s35.A05 fileNameGt=../../cp2016-max-common-connected-subgraph-paper/datasets/graphsdb/mcs70/m2D/m2D/mcs70_m2D_s35.B05
Reading graphs...
35 :  58
35 :  58
Initializing...
maxdom : 35
D->valSize : 1225
Solving...
Blb : 2 (clique : 20)
currentSize : 20 <-- 0.021161 s
currentSize : 22 <-- 0.021340 s
currentSize : 23 <-- 0.021359 s
currentSize : 24 <-- 0.021654 s
currentSize : 25 <-- 4.532292 s
currentSize : 26 <-- 10.394553 s
currentSize : 27 <-- 25.501282 s
currentSize : 28 <-- 94.487251 s

maxsize : 28
nodes : 4128239.000000
filtered : 289212420.000000
time : 291.563873
