Parameters: GAD=1 vflib=1 dir=0 label=0 lowerbound=1 fileNameGp=../../cp2016-max-common-connected-subgraph-paper/datasets/graphsdb/mcs70/bvg/b09/mcs70_b09_s35.A01 fileNameGt=../../cp2016-max-common-connected-subgraph-paper/datasets/graphsdb/mcs70/bvg/b09/mcs70_b09_s35.B01
Reading graphs...
35 :  153
35 :  156
Initializing...
maxdom : 35
D->valSize : 1225
Solving...
Blb : 5 (clique : 14)
currentSize : 14 <-- 0.018335 s
currentSize : 15 <-- 0.018483 s
currentSize : 16 <-- 0.018758 s
currentSize : 17 <-- 0.019603 s
currentSize : 18 <-- 0.019990 s
currentSize : 20 <-- 0.020026 s
currentSize : 21 <-- 0.659600 s
currentSize : 22 <-- 1.283822 s
currentSize : 23 <-- 1.287596 s
currentSize : 24 <-- 1.288053 s

maxsize : 24
nodes : 4158720.000000
filtered : 175364785.000000
time : 41.152016
