Parameters: GAD=1 vflib=1 dir=0 label=0 lowerbound=1 fileNameGp=../../cp2016-max-common-connected-subgraph-paper/datasets/graphsdb/mcs70/bvg/b09m/mcs70_b09m_s50.A09 fileNameGt=../../cp2016-max-common-connected-subgraph-paper/datasets/graphsdb/mcs70/bvg/b09m/mcs70_b09m_s50.B09
Reading graphs...
50 :  219
50 :  223
Initializing...
maxdom : 50
D->valSize : 2500
Solving...
Blb : 2 (clique : 18)
currentSize : 18 <-- 0.086251 s
currentSize : 19 <-- 0.086535 s
currentSize : 20 <-- 0.087416 s
currentSize : 21 <-- 0.091346 s
currentSize : 22 <-- 0.104192 s
currentSize : 23 <-- 16.844339 s
currentSize : 24 <-- 54.947472 s

TIMEOUT
maxsize : 24
nodes : 103738933.000000
filtered : 3254835527.000000
time : 1000.000122
