Parameters: GAD=1 vflib=1 dir=0 label=0 lowerbound=1 fileNameGp=../../cp2016-max-common-connected-subgraph-paper/datasets/graphsdb/mcs70/bvg/b06/mcs70_b06_s40.A06 fileNameGt=../../cp2016-max-common-connected-subgraph-paper/datasets/graphsdb/mcs70/bvg/b06/mcs70_b06_s40.B06
Reading graphs...
40 :  120
40 :  120
Initializing...
maxdom : 40
D->valSize : 1600
Solving...
Blb : 2 (clique : 19)
currentSize : 19 <-- 0.034001 s
currentSize : 21 <-- 0.034207 s
currentSize : 22 <-- 0.035636 s
currentSize : 23 <-- 0.064644 s
currentSize : 24 <-- 0.067322 s
currentSize : 25 <-- 0.115740 s
currentSize : 26 <-- 0.115875 s
currentSize : 28 <-- 0.131159 s
currentSize : 30 <-- 0.131183 s

maxsize : 30
nodes : 8067692.000000
filtered : 680954385.000000
time : 416.036987
