Parameters: GAD=1 vflib=1 dir=0 label=0 lowerbound=1 fileNameGp=../../cp2016-max-common-connected-subgraph-paper/datasets/graphsdb/mcs70/m2D/m2Dr6/mcs70_m2Dr6_s50.A06 fileNameGt=../../cp2016-max-common-connected-subgraph-paper/datasets/graphsdb/mcs70/m2D/m2Dr6/mcs70_m2Dr6_s50.B06
Reading graphs...
50 :  115
50 :  113
Initializing...
maxdom : 50
D->valSize : 2500
Solving...
Blb : 2 (clique : 25)
currentSize : 25 <-- 0.163587 s
currentSize : 26 <-- 0.164285 s
currentSize : 27 <-- 0.173931 s
currentSize : 28 <-- 0.197060 s
currentSize : 29 <-- 1.931087 s
currentSize : 30 <-- 111.050011 s

TIMEOUT
maxsize : 30
nodes : 25698236.000000
filtered : 1564015198.000000
time : 1000.000000
