Parameters: GAD=1 vflib=1 dir=0 label=0 lowerbound=1 fileNameGp=../../cp2016-max-common-connected-subgraph-paper/datasets/graphsdb/mcs70/m2D/m2D/mcs70_m2D_s40.A03 fileNameGt=../../cp2016-max-common-connected-subgraph-paper/datasets/graphsdb/mcs70/m2D/m2D/mcs70_m2D_s40.B03
Reading graphs...
40 :  67
40 :  67
Initializing...
maxdom : 40
D->valSize : 1600
Solving...
Blb : 2 (clique : 23)
currentSize : 23 <-- 0.036638 s
currentSize : 24 <-- 0.036878 s
currentSize : 25 <-- 0.036937 s
currentSize : 26 <-- 0.041082 s
currentSize : 27 <-- 0.047234 s
currentSize : 28 <-- 3.853132 s

TIMEOUT
maxsize : 28
nodes : 22990488.000000
filtered : 1454292720.000000
time : 1000.000366
