Parameters: GAD=1 vflib=1 dir=0 label=0 lowerbound=1 fileNameGp=../../cp2016-max-common-connected-subgraph-paper/datasets/graphsdb/mcs70/bvg/b06/mcs70_b06_s30.A07 fileNameGt=../../cp2016-max-common-connected-subgraph-paper/datasets/graphsdb/mcs70/bvg/b06/mcs70_b06_s30.B07
Reading graphs...
30 :  90
30 :  89
Initializing...
maxdom : 30
D->valSize : 900
Solving...
Blb : 2 (clique : 14)
currentSize : 14 <-- 0.010617 s
currentSize : 15 <-- 0.010862 s
currentSize : 16 <-- 0.010956 s
currentSize : 17 <-- 0.075996 s
currentSize : 18 <-- 0.533318 s
currentSize : 19 <-- 0.755048 s
currentSize : 20 <-- 0.760685 s
currentSize : 21 <-- 0.856361 s
currentSize : 22 <-- 0.859066 s

maxsize : 22
nodes : 708516.000000
filtered : 28337238.000000
time : 11.449728
