Parameters: GAD=1 vflib=1 dir=0 label=0 lowerbound=1 fileNameGp=../../cp2016-max-common-connected-subgraph-paper/datasets/graphsdb/mcs70/m3D/m3D/mcs70_m3D_s40.A08 fileNameGt=../../cp2016-max-common-connected-subgraph-paper/datasets/graphsdb/mcs70/m3D/m3D/mcs70_m3D_s40.B08
Reading graphs...
40 :  84
40 :  83
Initializing...
maxdom : 40
D->valSize : 1600
Solving...
Blb : 2 (clique : 21)
currentSize : 21 <-- 0.035805 s
currentSize : 22 <-- 0.036092 s
currentSize : 23 <-- 0.048178 s
currentSize : 24 <-- 0.188925 s
currentSize : 25 <-- 0.315489 s
currentSize : 26 <-- 0.840895 s
currentSize : 27 <-- 54.809624 s
currentSize : 28 <-- 98.687561 s

TIMEOUT
maxsize : 28
nodes : 26973695.000000
filtered : 1441574971.000000
time : 1000.000000
