Parameters: GAD=1 vflib=1 dir=0 label=0 lowerbound=1 fileNameGp=../../cp2016-max-common-connected-subgraph-paper/datasets/graphsdb/mcs70/bvg/b09m/mcs70_b09m_s30.A03 fileNameGt=../../cp2016-max-common-connected-subgraph-paper/datasets/graphsdb/mcs70/bvg/b09m/mcs70_b09m_s30.B03
Reading graphs...
30 :  128
30 :  126
Initializing...
maxdom : 30
D->valSize : 900
Solving...
Blb : 5 (clique : 12)
currentSize : 12 <-- 0.010079 s
currentSize : 13 <-- 0.010191 s
currentSize : 14 <-- 0.019033 s
currentSize : 15 <-- 0.036829 s
currentSize : 17 <-- 0.046831 s
currentSize : 18 <-- 0.047065 s
currentSize : 21 <-- 5.901081 s

maxsize : 21
nodes : 1347316.000000
filtered : 40958628.000000
time : 9.200357
