Parameters: GAD=1 vflib=1 dir=0 label=0 lowerbound=1 fileNameGp=../../cp2016-max-common-connected-subgraph-paper/datasets/graphsdb/mcs70/bvg/b03/mcs70_b03_s40.A07 fileNameGt=../../cp2016-max-common-connected-subgraph-paper/datasets/graphsdb/mcs70/bvg/b03/mcs70_b03_s40.B07
Reading graphs...
40 :  60
40 :  60
Initializing...
maxdom : 40
D->valSize : 1600
Solving...
Blb : 2 (clique : 24)
currentSize : 24 <-- 0.036988 s
currentSize : 25 <-- 0.037268 s
currentSize : 26 <-- 0.037407 s
currentSize : 27 <-- 0.037727 s
currentSize : 28 <-- 0.043859 s
currentSize : 29 <-- 0.177584 s
currentSize : 30 <-- 10.572283 s
currentSize : 31 <-- 77.197319 s
currentSize : 32 <-- 234.924881 s

TIMEOUT
maxsize : 32
nodes : 9706373.000000
filtered : 876737062.000000
time : 1000.000549
