Parameters: GAD=1 vflib=1 dir=0 label=0 lowerbound=1 fileNameGp=../../cp2016-max-common-connected-subgraph-paper/datasets/graphsdb/mcs70/m3D/m3Dr2/mcs70_m3Dr2_s35.A03 fileNameGt=../../cp2016-max-common-connected-subgraph-paper/datasets/graphsdb/mcs70/m3D/m3Dr2/mcs70_m3Dr2_s35.B03
Reading graphs...
35 :  79
35 :  77
Initializing...
maxdom : 35
D->valSize : 1225
Solving...
Blb : 2 (clique : 17)
currentSize : 17 <-- 0.020474 s
currentSize : 18 <-- 0.020638 s
currentSize : 19 <-- 0.022253 s
currentSize : 20 <-- 0.042828 s
currentSize : 21 <-- 0.199394 s
currentSize : 22 <-- 2.445239 s
currentSize : 23 <-- 15.631093 s
currentSize : 24 <-- 15.727177 s
currentSize : 25 <-- 15.735988 s
currentSize : 28 <-- 131.311325 s

maxsize : 28
nodes : 7509089.000000
filtered : 322840016.000000
time : 145.294418
