Parameters: GAD=1 vflib=1 dir=0 label=0 lowerbound=1 fileNameGp=../../cp2016-max-common-connected-subgraph-paper/datasets/graphsdb/mcs70/bvg/b09m/mcs70_b09m_s35.A09 fileNameGt=../../cp2016-max-common-connected-subgraph-paper/datasets/graphsdb/mcs70/bvg/b09m/mcs70_b09m_s35.B09
Reading graphs...
35 :  151
35 :  153
Initializing...
maxdom : 35
D->valSize : 1225
Solving...
Blb : 2 (clique : 14)
currentSize : 14 <-- 0.018566 s
currentSize : 15 <-- 0.018843 s
currentSize : 16 <-- 0.074920 s
currentSize : 17 <-- 3.254071 s
currentSize : 18 <-- 90.597038 s
currentSize : 19 <-- 160.117493 s
currentSize : 24 <-- 433.683777 s

maxsize : 24
nodes : 56059495.000000
filtered : 1647331779.000000
time : 458.470123
