Parameters: GAD=1 vflib=1 dir=0 label=0 lowerbound=1 fileNameGp=../../cp2016-max-common-connected-subgraph-paper/datasets/graphsdb/mcs70/bvg/b03/mcs70_b03_s35.A04 fileNameGt=../../cp2016-max-common-connected-subgraph-paper/datasets/graphsdb/mcs70/bvg/b03/mcs70_b03_s35.B04
Reading graphs...
35 :  52
35 :  52
Initializing...
maxdom : 35
D->valSize : 1225
Solving...
Blb : 5 (clique : 22)
currentSize : 22 <-- 0.021524 s
currentSize : 23 <-- 0.021823 s
currentSize : 24 <-- 0.025385 s
currentSize : 25 <-- 0.168587 s
currentSize : 26 <-- 9.771461 s
currentSize : 27 <-- 98.944946 s
currentSize : 29 <-- 318.203064 s
currentSize : 30 <-- 338.448730 s

maxsize : 30
nodes : 4502097.000000
filtered : 349156526.000000
time : 361.197845
