Parameters: GAD=1 vflib=1 dir=0 label=0 lowerbound=1 fileNameGp=../../cp2016-max-common-connected-subgraph-paper/datasets/graphsdb/mcs70/m2D/m2Dr2/mcs70_m2Dr2_s40.A02 fileNameGt=../../cp2016-max-common-connected-subgraph-paper/datasets/graphsdb/mcs70/m2D/m2Dr2/mcs70_m2Dr2_s40.B02
Reading graphs...
40 :  75
40 :  73
Initializing...
maxdom : 40
D->valSize : 1600
Solving...
Blb : 2 (clique : 21)
currentSize : 21 <-- 0.061093 s
currentSize : 22 <-- 0.061477 s
currentSize : 23 <-- 0.062385 s
currentSize : 24 <-- 0.062507 s
currentSize : 25 <-- 0.067119 s
currentSize : 26 <-- 0.618071 s
currentSize : 27 <-- 63.070709 s

TIMEOUT
maxsize : 27
nodes : 16392515.000000
filtered : 1046439355.000000
time : 1000.000061
