Parameters: GAD=1 vflib=1 dir=0 label=0 lowerbound=1 fileNameGp=../../cp2016-max-common-connected-subgraph-paper/datasets/graphsdb/mcs70/bvg/b09m/mcs70_b09m_s25.A01 fileNameGt=../../cp2016-max-common-connected-subgraph-paper/datasets/graphsdb/mcs70/bvg/b09m/mcs70_b09m_s25.B01
Reading graphs...
25 :  105
25 :  105
Initializing...
maxdom : 25
D->valSize : 625
Solving...
Blb : 2 (clique : 10)
currentSize : 10 <-- 0.004818 s
currentSize : 11 <-- 0.004895 s
currentSize : 12 <-- 0.004961 s
currentSize : 13 <-- 0.006580 s
currentSize : 14 <-- 0.406907 s
currentSize : 16 <-- 0.673438 s
currentSize : 17 <-- 0.673489 s

maxsize : 17
nodes : 334634.000000
filtered : 7177836.000000
time : 1.713830
