Parameters: GAD=1 vflib=1 dir=0 label=0 lowerbound=1 fileNameGp=../../cp2016-max-common-connected-subgraph-paper/datasets/graphsdb/mcs70/bvg/b09m/mcs70_b09m_s25.A06 fileNameGt=../../cp2016-max-common-connected-subgraph-paper/datasets/graphsdb/mcs70/bvg/b09m/mcs70_b09m_s25.B06
Reading graphs...
25 :  102
25 :  104
Initializing...
maxdom : 25
D->valSize : 625
Solving...
Blb : 5 (clique : 10)
currentSize : 10 <-- 0.004726 s
currentSize : 11 <-- 0.004913 s
currentSize : 12 <-- 0.018848 s
currentSize : 13 <-- 0.124587 s
currentSize : 14 <-- 0.486556 s
currentSize : 15 <-- 1.222460 s
currentSize : 16 <-- 1.222490 s

maxsize : 16
nodes : 601242.000000
filtered : 14159245.000000
time : 3.327917
