Parameters: GAD=1 vflib=1 dir=0 label=0 lowerbound=1 fileNameGp=../../cp2016-max-common-connected-subgraph-paper/datasets/graphsdb/mcs70/rand/r005/mcs70_r005_s50.A07 fileNameGt=../../cp2016-max-common-connected-subgraph-paper/datasets/graphsdb/mcs70/rand/r005/mcs70_r005_s50.B07
Reading graphs...
50 :  118
50 :  119
Initializing...
maxdom : 50
D->valSize : 2500
Solving...
Blb : 2 (clique : 25)
currentSize : 25 <-- 0.095402 s
currentSize : 26 <-- 0.095802 s
currentSize : 27 <-- 0.095945 s
currentSize : 28 <-- 0.137400 s
currentSize : 29 <-- 4.415794 s
currentSize : 30 <-- 19.140387 s
currentSize : 31 <-- 53.685467 s

TIMEOUT
maxsize : 31
nodes : 17012855.000000
filtered : 1142245117.000000
time : 1000.000000
