Parameters: GAD=1 vflib=1 dir=0 label=0 lowerbound=1 fileNameGp=../../cp2016-max-common-connected-subgraph-paper/datasets/graphsdb/mcs70/m2D/m2Dr2/mcs70_m2Dr2_s50.A01 fileNameGt=../../cp2016-max-common-connected-subgraph-paper/datasets/graphsdb/mcs70/m2D/m2Dr2/mcs70_m2Dr2_s50.B01
Reading graphs...
50 :  94
50 :  94
Initializing...
maxdom : 50
D->valSize : 2500
Solving...
Blb : 2 (clique : 27)
currentSize : 27 <-- 0.099225 s
currentSize : 28 <-- 0.099575 s
currentSize : 29 <-- 0.099768 s
currentSize : 30 <-- 0.100034 s
currentSize : 31 <-- 0.198846 s
currentSize : 32 <-- 0.680368 s
currentSize : 33 <-- 802.739929 s
currentSize : 34 <-- 885.500732 s

TIMEOUT
maxsize : 34
nodes : 20667538.000000
filtered : 1010231548.000000
time : 1000.000061
