Parameters: GAD=1 vflib=1 dir=0 label=0 lowerbound=1 fileNameGp=../../cp2016-max-common-connected-subgraph-paper/datasets/graphsdb/mcs70/m3D/m3Dr6/mcs70_m3Dr6_s35.A01 fileNameGt=../../cp2016-max-common-connected-subgraph-paper/datasets/graphsdb/mcs70/m3D/m3Dr6/mcs70_m3Dr6_s35.B01
Reading graphs...
35 :  90
35 :  90
Initializing...
maxdom : 35
D->valSize : 1225
Solving...
Blb : 2 (clique : 17)
currentSize : 17 <-- 0.020180 s
currentSize : 18 <-- 0.020375 s
currentSize : 19 <-- 0.025876 s
currentSize : 20 <-- 0.251959 s
currentSize : 21 <-- 2.542379 s
currentSize : 22 <-- 77.725891 s
currentSize : 23 <-- 77.734016 s
currentSize : 24 <-- 78.544647 s
currentSize : 26 <-- 78.545082 s
currentSize : 27 <-- 170.842285 s

maxsize : 27
nodes : 11432242.000000
filtered : 476360133.000000
time : 183.766235
