Parameters: GAD=1 vflib=1 dir=0 label=0 lowerbound=1 fileNameGp=../../cp2016-max-common-connected-subgraph-paper/datasets/graphsdb/mcs70/bvg/b06/mcs70_b06_s40.A03 fileNameGt=../../cp2016-max-common-connected-subgraph-paper/datasets/graphsdb/mcs70/bvg/b06/mcs70_b06_s40.B03
Reading graphs...
40 :  119
40 :  119
Initializing...
maxdom : 40
D->valSize : 1600
Solving...
Blb : 2 (clique : 22)
currentSize : 22 <-- 0.034618 s
currentSize : 23 <-- 0.357138 s
currentSize : 24 <-- 0.450237 s
currentSize : 25 <-- 0.460976 s
currentSize : 26 <-- 0.461999 s
currentSize : 28 <-- 4.324737 s
currentSize : 29 <-- 13.175211 s
currentSize : 30 <-- 13.177552 s

maxsize : 30
nodes : 12460757.000000
filtered : 1052963227.000000
time : 563.903320
