Parameters: GAD=1 vflib=1 dir=0 label=0 lowerbound=1 fileNameGp=../../cp2016-max-common-connected-subgraph-paper/datasets/graphsdb/mcs70/m3D/m3Dr2/mcs70_m3Dr2_s40.A01 fileNameGt=../../cp2016-max-common-connected-subgraph-paper/datasets/graphsdb/mcs70/m3D/m3Dr2/mcs70_m3Dr2_s40.B01
Reading graphs...
40 :  92
40 :  92
Initializing...
maxdom : 40
D->valSize : 1600
Solving...
Blb : 2 (clique : 21)
currentSize : 21 <-- 0.057991 s
currentSize : 22 <-- 0.058206 s
currentSize : 23 <-- 0.058257 s
currentSize : 24 <-- 0.233393 s
currentSize : 25 <-- 28.368311 s
currentSize : 26 <-- 28.995199 s
currentSize : 27 <-- 29.202980 s

TIMEOUT
maxsize : 27
nodes : 43486822.000000
filtered : 1967481526.000000
time : 1000.000061
