Parameters: GAD=1 vflib=1 dir=0 label=0 lowerbound=1 fileNameGp=../../cp2016-max-common-connected-subgraph-paper/datasets/graphsdb/mcs70/rand/r02/mcs70_r02_s40.A07 fileNameGt=../../cp2016-max-common-connected-subgraph-paper/datasets/graphsdb/mcs70/rand/r02/mcs70_r02_s40.B07
Reading graphs...
40 :  280
40 :  276
Initializing...
maxdom : 40
D->valSize : 1600
Solving...
Blb : 2 (clique : 11)
currentSize : 11 <-- 0.029680 s
currentSize : 12 <-- 0.030046 s
currentSize : 13 <-- 0.030475 s
currentSize : 14 <-- 0.040712 s
currentSize : 15 <-- 0.203847 s
currentSize : 16 <-- 221.945099 s
currentSize : 18 <-- 221.999969 s
currentSize : 19 <-- 353.138428 s
currentSize : 20 <-- 377.897400 s
currentSize : 21 <-- 878.245178 s

TIMEOUT
maxsize : 21
nodes : 193915105.000000
filtered : 3676151806.000000
time : 1000.000000
