Parameters: GAD=1 vflib=1 dir=0 label=0 lowerbound=1 fileNameGp=../../cp2016-max-common-connected-subgraph-paper/datasets/graphsdb/mcs70/m3D/m3Dr2/mcs70_m3Dr2_s35.A04 fileNameGt=../../cp2016-max-common-connected-subgraph-paper/datasets/graphsdb/mcs70/m3D/m3Dr2/mcs70_m3Dr2_s35.B04
Reading graphs...
35 :  78
35 :  77
Initializing...
maxdom : 35
D->valSize : 1225
Solving...
Blb : 2 (clique : 18)
currentSize : 18 <-- 0.020594 s
currentSize : 19 <-- 0.020850 s
currentSize : 20 <-- 0.022496 s
currentSize : 21 <-- 0.042775 s
currentSize : 22 <-- 0.373141 s
currentSize : 23 <-- 2.374535 s
currentSize : 24 <-- 23.396795 s
currentSize : 25 <-- 93.351837 s
currentSize : 26 <-- 171.137146 s
currentSize : 27 <-- 171.137222 s
currentSize : 28 <-- 171.138611 s

maxsize : 28
nodes : 11501027.000000
filtered : 498446797.000000
time : 213.812546
