Parameters: GAD=1 vflib=1 dir=0 label=0 lowerbound=1 fileNameGp=../../cp2016-max-common-connected-subgraph-paper/datasets/graphsdb/mcs70/rand/r01/mcs70_r01_s35.A04 fileNameGt=../../cp2016-max-common-connected-subgraph-paper/datasets/graphsdb/mcs70/rand/r01/mcs70_r01_s35.B04
Reading graphs...
35 :  110
35 :  110
Initializing...
maxdom : 35
D->valSize : 1225
Solving...
Blb : 5 (clique : 15)
currentSize : 15 <-- 0.019393 s
currentSize : 16 <-- 0.019544 s
currentSize : 17 <-- 0.019598 s
currentSize : 18 <-- 0.023264 s
currentSize : 19 <-- 10.762525 s
currentSize : 20 <-- 36.335770 s

TIMEOUT
maxsize : 20
nodes : 98115849.000000
filtered : 2830188430.000000
time : 1000.000000
