Parameters: GAD=1 vflib=1 dir=0 label=0 lowerbound=1 fileNameGp=../../cp2016-max-common-connected-subgraph-paper/datasets/graphsdb/mcs70/bvg/b09m/mcs70_b09m_s30.A00 fileNameGt=../../cp2016-max-common-connected-subgraph-paper/datasets/graphsdb/mcs70/bvg/b09m/mcs70_b09m_s30.B00
Reading graphs...
30 :  127
30 :  126
Initializing...
maxdom : 30
D->valSize : 900
Solving...
Blb : 2 (clique : 11)
currentSize : 11 <-- 0.009695 s
currentSize : 12 <-- 0.009959 s
currentSize : 13 <-- 0.014845 s
currentSize : 14 <-- 0.137209 s
currentSize : 15 <-- 0.506404 s
currentSize : 16 <-- 4.650821 s
currentSize : 17 <-- 4.651391 s
currentSize : 19 <-- 8.977955 s
currentSize : 21 <-- 8.977974 s

maxsize : 21
nodes : 2047169.000000
filtered : 47860047.000000
time : 12.519149
