Parameters: GAD=1 vflib=1 dir=0 label=0 lowerbound=1 fileNameGp=../../cp2016-max-common-connected-subgraph-paper/datasets/graphsdb/mcs70/bvg/b06m/mcs70_b06m_s50.A02 fileNameGt=../../cp2016-max-common-connected-subgraph-paper/datasets/graphsdb/mcs70/bvg/b06m/mcs70_b06m_s50.B02
Reading graphs...
50 :  148
50 :  148
Initializing...
maxdom : 50
D->valSize : 2500
Solving...
Blb : 2 (clique : 22)
currentSize : 22 <-- 0.092435 s
currentSize : 23 <-- 0.092777 s
currentSize : 24 <-- 0.092914 s
currentSize : 25 <-- 0.096563 s
currentSize : 26 <-- 0.266322 s
currentSize : 27 <-- 0.266415 s
currentSize : 28 <-- 6.754959 s
currentSize : 29 <-- 52.234085 s

TIMEOUT
maxsize : 29
nodes : 31653040.000000
filtered : 2014992644.000000
time : 1000.000061
