Parameters: GAD=1 vflib=1 dir=0 label=0 lowerbound=1 fileNameGp=../../cp2016-max-common-connected-subgraph-paper/datasets/graphsdb/mcs70/m3D/m3Dr4/mcs70_m3Dr4_s40.A08 fileNameGt=../../cp2016-max-common-connected-subgraph-paper/datasets/graphsdb/mcs70/m3D/m3Dr4/mcs70_m3Dr4_s40.B08
Reading graphs...
40 :  99
40 :  96
Initializing...
maxdom : 40
D->valSize : 1600
Solving...
Blb : 2 (clique : 18)
currentSize : 18 <-- 0.035225 s
currentSize : 19 <-- 0.035444 s
currentSize : 20 <-- 0.035492 s
currentSize : 21 <-- 0.035590 s
currentSize : 22 <-- 0.036393 s
currentSize : 23 <-- 0.060374 s
currentSize : 24 <-- 4.481342 s
currentSize : 25 <-- 13.010387 s
currentSize : 26 <-- 13.013700 s

TIMEOUT
maxsize : 26
nodes : 32215164.000000
filtered : 1719737486.000000
time : 1000.000183
