Parameters: GAD=1 vflib=1 dir=0 label=0 lowerbound=1 fileNameGp=../../cp2016-max-common-connected-subgraph-paper/datasets/graphsdb/mcs70/rand/r02/mcs70_r02_s40.A03 fileNameGt=../../cp2016-max-common-connected-subgraph-paper/datasets/graphsdb/mcs70/rand/r02/mcs70_r02_s40.B03
Reading graphs...
40 :  281
40 :  283
Initializing...
maxdom : 40
D->valSize : 1600
Solving...
Blb : 2 (clique : 12)
currentSize : 12 <-- 0.050823 s
currentSize : 13 <-- 0.052427 s
currentSize : 14 <-- 0.052556 s
currentSize : 15 <-- 4.000657 s
currentSize : 16 <-- 61.870636 s
currentSize : 17 <-- 103.644043 s
currentSize : 18 <-- 113.607811 s
currentSize : 19 <-- 173.947693 s

TIMEOUT
maxsize : 19
nodes : 204901292.000000
filtered : 3442770112.000000
time : 1000.000000
