Parameters: GAD=1 vflib=1 dir=0 label=0 lowerbound=1 fileNameGp=../../cp2016-max-common-connected-subgraph-paper/datasets/graphsdb/mcs70/rand/r005/mcs70_r005_s40.A00 fileNameGt=../../cp2016-max-common-connected-subgraph-paper/datasets/graphsdb/mcs70/rand/r005/mcs70_r005_s40.B00
Reading graphs...
40 :  75
40 :  73
Initializing...
maxdom : 40
D->valSize : 1600
Solving...
Blb : 2 (clique : 22)
currentSize : 22 <-- 0.036728 s
currentSize : 23 <-- 0.040561 s
currentSize : 24 <-- 0.052130 s
currentSize : 25 <-- 0.060781 s
currentSize : 26 <-- 0.230850 s
currentSize : 27 <-- 5.903101 s
currentSize : 28 <-- 7.537772 s

TIMEOUT
maxsize : 28
nodes : 9879210.000000
filtered : 749237568.000000
time : 1000.000000
