Parameters: GAD=1 vflib=1 dir=0 label=0 lowerbound=1 fileNameGp=../../cp2016-max-common-connected-subgraph-paper/datasets/graphsdb/mcs70/rand/r02/mcs70_r02_s30.A00 fileNameGt=../../cp2016-max-common-connected-subgraph-paper/datasets/graphsdb/mcs70/rand/r02/mcs70_r02_s30.B00
Reading graphs...
30 :  158
30 :  157
Initializing...
maxdom : 30
D->valSize : 900
Solving...
Blb : 2 (clique : 11)
currentSize : 11 <-- 0.009490 s
currentSize : 12 <-- 0.009719 s
currentSize : 13 <-- 0.021770 s
currentSize : 14 <-- 9.667036 s
currentSize : 15 <-- 30.522573 s
currentSize : 16 <-- 30.524803 s
currentSize : 21 <-- 30.792583 s

maxsize : 21
nodes : 8156369.000000
filtered : 113362232.000000
time : 35.241989
