Parameters: GAD=1 vflib=1 dir=0 label=0 lowerbound=1 fileNameGp=../../cp2016-max-common-connected-subgraph-paper/datasets/graphsdb/mcs70/bvg/b06/mcs70_b06_s35.A09 fileNameGt=../../cp2016-max-common-connected-subgraph-paper/datasets/graphsdb/mcs70/bvg/b06/mcs70_b06_s35.B09
Reading graphs...
35 :  105
35 :  105
Initializing...
maxdom : 35
D->valSize : 1225
Solving...
Blb : 2 (clique : 16)
currentSize : 16 <-- 0.019378 s
currentSize : 17 <-- 0.019704 s
currentSize : 18 <-- 0.023548 s
currentSize : 19 <-- 0.056714 s
currentSize : 20 <-- 0.340029 s
currentSize : 21 <-- 0.356262 s
currentSize : 22 <-- 0.363448 s
currentSize : 24 <-- 0.363910 s
currentSize : 25 <-- 4.539575 s

maxsize : 25
nodes : 5299339.000000
filtered : 304893936.000000
time : 142.442596
