Parameters: GAD=1 vflib=1 dir=0 label=0 lowerbound=1 fileNameGp=../../cp2016-max-common-connected-subgraph-paper/datasets/graphsdb/mcs70/bvg/b09/mcs70_b09_s25.A00 fileNameGt=../../cp2016-max-common-connected-subgraph-paper/datasets/graphsdb/mcs70/bvg/b09/mcs70_b09_s25.B00
Reading graphs...
25 :  111
25 :  111
Initializing...
maxdom : 25
D->valSize : 625
Solving...
Blb : 2 (clique : 10)
currentSize : 10 <-- 0.004763 s
currentSize : 11 <-- 0.004843 s
currentSize : 12 <-- 0.005000 s
currentSize : 13 <-- 0.102781 s
currentSize : 14 <-- 0.105268 s
currentSize : 15 <-- 0.152508 s
currentSize : 16 <-- 0.279298 s
currentSize : 17 <-- 1.401462 s

maxsize : 17
nodes : 342460.000000
filtered : 9607592.000000
time : 2.027333
