Parameters: GAD=1 vflib=1 dir=0 label=0 lowerbound=1 fileNameGp=../../cp2016-max-common-connected-subgraph-paper/datasets/graphsdb/mcs70/bvg/b06m/mcs70_b06m_s50.A05 fileNameGt=../../cp2016-max-common-connected-subgraph-paper/datasets/graphsdb/mcs70/bvg/b06m/mcs70_b06m_s50.B05
Reading graphs...
50 :  146
50 :  147
Initializing...
maxdom : 50
D->valSize : 2500
Solving...
Blb : 2 (clique : 23)
currentSize : 23 <-- 0.092350 s
currentSize : 24 <-- 0.101318 s
currentSize : 25 <-- 0.104158 s
currentSize : 26 <-- 0.747511 s
currentSize : 27 <-- 1.053973 s
currentSize : 28 <-- 30.463749 s

TIMEOUT
maxsize : 28
nodes : 58238972.000000
filtered : 2193928377.000000
time : 1000.000000
