Parameters: GAD=1 vflib=1 dir=0 label=0 lowerbound=1 fileNameGp=../../cp2016-max-common-connected-subgraph-paper/datasets/graphsdb/mcs70/m2D/m2Dr2/mcs70_m2Dr2_s40.A08 fileNameGt=../../cp2016-max-common-connected-subgraph-paper/datasets/graphsdb/mcs70/m2D/m2Dr2/mcs70_m2Dr2_s40.B08
Reading graphs...
40 :  74
40 :  73
Initializing...
maxdom : 40
D->valSize : 1600
Solving...
Blb : 2 (clique : 22)
currentSize : 22 <-- 0.036425 s
currentSize : 23 <-- 0.036690 s
currentSize : 24 <-- 0.037637 s
currentSize : 25 <-- 0.070223 s
currentSize : 26 <-- 0.077612 s
currentSize : 27 <-- 0.318067 s
currentSize : 28 <-- 276.472260 s

TIMEOUT
maxsize : 28
nodes : 11830623.000000
filtered : 791180707.000000
time : 1000.000305
