Parameters: GAD=1 vflib=1 dir=0 label=0 lowerbound=1 fileNameGp=../../cp2016-max-common-connected-subgraph-paper/datasets/graphsdb/mcs70/bvg/b06m/mcs70_b06m_s50.A06 fileNameGt=../../cp2016-max-common-connected-subgraph-paper/datasets/graphsdb/mcs70/bvg/b06m/mcs70_b06m_s50.B06
Reading graphs...
50 :  147
50 :  146
Initializing...
maxdom : 50
D->valSize : 2500
Solving...
Blb : 2 (clique : 22)
currentSize : 22 <-- 0.116469 s
currentSize : 23 <-- 0.120761 s
currentSize : 24 <-- 0.134223 s
currentSize : 25 <-- 0.417688 s
currentSize : 26 <-- 2.138885 s
currentSize : 27 <-- 30.494404 s

TIMEOUT
maxsize : 27
nodes : 43073738.000000
filtered : 2453419947.000000
time : 1000.000000
