Parameters: GAD=1 vflib=1 dir=0 label=0 lowerbound=1 fileNameGp=../../cp2016-max-common-connected-subgraph-paper/datasets/graphsdb/mcs70/rand/r01/mcs70_r01_s50.A09 fileNameGt=../../cp2016-max-common-connected-subgraph-paper/datasets/graphsdb/mcs70/rand/r01/mcs70_r01_s50.B09
Reading graphs...
50 :  237
50 :  235
Initializing...
maxdom : 50
D->valSize : 2500
Solving...
Blb : 2 (clique : 18)
currentSize : 18 <-- 0.085952 s
currentSize : 19 <-- 0.086614 s
currentSize : 20 <-- 0.095632 s
currentSize : 21 <-- 0.731674 s
currentSize : 22 <-- 21.322891 s
currentSize : 23 <-- 706.226440 s

TIMEOUT
maxsize : 23
nodes : 121481628.000000
filtered : 2697826221.000000
time : 1000.000000
