Parameters: GAD=1 vflib=1 dir=0 label=0 lowerbound=1 fileNameGp=../../cp2016-max-common-connected-subgraph-paper/datasets/graphsdb/mcs70/bvg/b06m/mcs70_b06m_s30.A03 fileNameGt=../../cp2016-max-common-connected-subgraph-paper/datasets/graphsdb/mcs70/bvg/b06m/mcs70_b06m_s30.B03
Reading graphs...
30 :  89
30 :  87
Initializing...
maxdom : 30
D->valSize : 900
Solving...
Blb : 2 (clique : 13)
currentSize : 13 <-- 0.010522 s
currentSize : 14 <-- 0.010638 s
currentSize : 15 <-- 0.010742 s
currentSize : 16 <-- 0.226003 s
currentSize : 17 <-- 0.701629 s
currentSize : 18 <-- 11.116663 s
currentSize : 19 <-- 11.155040 s
currentSize : 20 <-- 11.155151 s
currentSize : 21 <-- 11.155408 s

maxsize : 21
nodes : 2078963.000000
filtered : 65456773.000000
time : 22.520174
