Parameters: GAD=1 vflib=1 dir=0 label=0 lowerbound=1 fileNameGp=../../cp2016-max-common-connected-subgraph-paper/datasets/graphsdb/mcs70/bvg/b03m/mcs70_b03m_s35.A06 fileNameGt=../../cp2016-max-common-connected-subgraph-paper/datasets/graphsdb/mcs70/bvg/b03m/mcs70_b03m_s35.B06
Reading graphs...
35 :  51
35 :  52
Initializing...
maxdom : 35
D->valSize : 1225
Solving...
Blb : 2 (clique : 22)
currentSize : 22 <-- 0.021507 s
currentSize : 23 <-- 0.021774 s
currentSize : 24 <-- 0.025182 s
currentSize : 25 <-- 0.029604 s
currentSize : 26 <-- 4.784924 s
currentSize : 27 <-- 602.173645 s

TIMEOUT
maxsize : 27
nodes : 17971060.000000
filtered : 1154627842.000000
time : 1000.000122
