Parameters: GAD=1 vflib=1 dir=0 label=0 lowerbound=1 fileNameGp=../../cp2016-max-common-connected-subgraph-paper/datasets/graphsdb/mcs70/bvg/b09m/mcs70_b09m_s40.A09 fileNameGt=../../cp2016-max-common-connected-subgraph-paper/datasets/graphsdb/mcs70/bvg/b09m/mcs70_b09m_s40.B09
Reading graphs...
40 :  176
40 :  177
Initializing...
maxdom : 40
D->valSize : 1600
Solving...
Blb : 2 (clique : 15)
currentSize : 15 <-- 0.056019 s
currentSize : 16 <-- 0.056310 s
currentSize : 17 <-- 0.056599 s
currentSize : 18 <-- 0.189061 s
currentSize : 19 <-- 1.513902 s
currentSize : 20 <-- 14.445867 s
currentSize : 21 <-- 33.286495 s
currentSize : 25 <-- 34.405750 s
currentSize : 28 <-- 34.405849 s

maxsize : 28
nodes : 11900216.000000
filtered : 579964149.000000
time : 144.416534
