Parameters: GAD=1 vflib=1 dir=0 label=0 lowerbound=1 fileNameGp=../../cp2016-max-common-connected-subgraph-paper/datasets/graphsdb/mcs70/rand/r02/mcs70_r02_s30.A07 fileNameGt=../../cp2016-max-common-connected-subgraph-paper/datasets/graphsdb/mcs70/rand/r02/mcs70_r02_s30.B07
Reading graphs...
30 :  152
30 :  152
Initializing...
maxdom : 30
D->valSize : 900
Solving...
Blb : 2 (clique : 11)
currentSize : 11 <-- 0.016583 s
currentSize : 12 <-- 0.017255 s
currentSize : 13 <-- 0.017473 s
currentSize : 14 <-- 0.511379 s
currentSize : 16 <-- 24.163528 s
currentSize : 17 <-- 24.345116 s
currentSize : 21 <-- 24.775764 s

maxsize : 21
nodes : 6673690.000000
filtered : 102058427.000000
time : 29.680944
