Parameters: GAD=1 vflib=1 dir=0 label=0 lowerbound=1 fileNameGp=../../cp2016-max-common-connected-subgraph-paper/datasets/graphsdb/mcs70/m3D/m3D/mcs70_m3D_s35.A04 fileNameGt=../../cp2016-max-common-connected-subgraph-paper/datasets/graphsdb/mcs70/m3D/m3D/mcs70_m3D_s35.B04
Reading graphs...
35 :  72
35 :  72
Initializing...
maxdom : 35
D->valSize : 1225
Solving...
Blb : 2 (clique : 18)
currentSize : 18 <-- 0.020891 s
currentSize : 19 <-- 0.021057 s
currentSize : 20 <-- 0.021076 s
currentSize : 21 <-- 0.022230 s
currentSize : 22 <-- 0.027427 s
currentSize : 23 <-- 0.295182 s
currentSize : 24 <-- 1.137851 s
currentSize : 26 <-- 8.849775 s
currentSize : 28 <-- 15.272675 s
currentSize : 29 <-- 26.168121 s

maxsize : 29
nodes : 1541536.000000
filtered : 67489025.000000
time : 34.229416
