Parameters: GAD=1 vflib=1 dir=0 label=0 lowerbound=1 fileNameGp=../../cp2016-max-common-connected-subgraph-paper/datasets/graphsdb/mcs70/bvg/b06/mcs70_b06_s40.A04 fileNameGt=../../cp2016-max-common-connected-subgraph-paper/datasets/graphsdb/mcs70/bvg/b06/mcs70_b06_s40.B04
Reading graphs...
40 :  120
40 :  119
Initializing...
maxdom : 40
D->valSize : 1600
Solving...
Blb : 2 (clique : 20)
currentSize : 20 <-- 0.034096 s
currentSize : 21 <-- 0.034691 s
currentSize : 22 <-- 0.311772 s
currentSize : 23 <-- 0.381660 s
currentSize : 24 <-- 13.613860 s
currentSize : 25 <-- 50.922550 s
currentSize : 26 <-- 163.302948 s
currentSize : 27 <-- 164.011063 s
currentSize : 28 <-- 216.217010 s
currentSize : 29 <-- 216.832047 s
currentSize : 30 <-- 216.832123 s

maxsize : 30
nodes : 18393156.000000
filtered : 1164375063.000000
time : 647.344482
