Parameters: GAD=1 vflib=1 dir=0 label=0 lowerbound=1 fileNameGp=../../cp2016-max-common-connected-subgraph-paper/datasets/graphsdb/mcs70/rand/r005/mcs70_r005_s40.A08 fileNameGt=../../cp2016-max-common-connected-subgraph-paper/datasets/graphsdb/mcs70/rand/r005/mcs70_r005_s40.B08
Reading graphs...
40 :  76
40 :  75
Initializing...
maxdom : 40
D->valSize : 1600
Solving...
Blb : 2 (clique : 22)
currentSize : 22 <-- 0.036276 s
currentSize : 23 <-- 0.036719 s
currentSize : 24 <-- 0.064649 s
currentSize : 25 <-- 2.706581 s
currentSize : 26 <-- 15.385552 s
currentSize : 27 <-- 74.410255 s
currentSize : 28 <-- 209.069565 s

TIMEOUT
maxsize : 28
nodes : 15560914.000000
filtered : 965428828.000000
time : 1000.000000
