Parameters: GAD=1 vflib=1 dir=0 label=0 lowerbound=1 fileNameGp=../../cp2016-max-common-connected-subgraph-paper/datasets/graphsdb/mcs70/m3D/m3Dr2/mcs70_m3Dr2_s35.A08 fileNameGt=../../cp2016-max-common-connected-subgraph-paper/datasets/graphsdb/mcs70/m3D/m3Dr2/mcs70_m3Dr2_s35.B08
Reading graphs...
35 :  78
35 :  79
Initializing...
maxdom : 35
D->valSize : 1225
Solving...
Blb : 2 (clique : 16)
currentSize : 16 <-- 0.020417 s
currentSize : 18 <-- 0.020574 s
currentSize : 19 <-- 0.025086 s
currentSize : 20 <-- 0.025726 s
currentSize : 21 <-- 0.099618 s
currentSize : 22 <-- 0.305268 s
currentSize : 23 <-- 489.594238 s
currentSize : 24 <-- 504.333191 s
currentSize : 25 <-- 617.505371 s
currentSize : 26 <-- 703.087341 s
currentSize : 27 <-- 703.087463 s

maxsize : 27
nodes : 37465951.000000
filtered : 1573513818.000000
time : 774.734192
