Parameters: GAD=1 vflib=1 dir=0 label=0 lowerbound=1 fileNameGp=../../cp2016-max-common-connected-subgraph-paper/datasets/graphsdb/mcs70/rand/r005/mcs70_r005_s40.A04 fileNameGt=../../cp2016-max-common-connected-subgraph-paper/datasets/graphsdb/mcs70/rand/r005/mcs70_r005_s40.B04
Reading graphs...
40 :  76
40 :  76
Initializing...
maxdom : 40
D->valSize : 1600
Solving...
Blb : 2 (clique : 21)
currentSize : 21 <-- 0.036394 s
currentSize : 22 <-- 0.036670 s
currentSize : 23 <-- 0.036926 s
currentSize : 24 <-- 0.037227 s
currentSize : 25 <-- 0.441618 s
currentSize : 26 <-- 0.479666 s
currentSize : 27 <-- 0.958693 s
currentSize : 28 <-- 7.007422 s
currentSize : 29 <-- 600.689453 s

TIMEOUT
maxsize : 29
nodes : 15236823.000000
filtered : 1021085922.000000
time : 1000.000061
