Parameters: GAD=1 vflib=1 dir=0 label=0 lowerbound=1 fileNameGp=../../cp2016-max-common-connected-subgraph-paper/datasets/graphsdb/mcs70/m3D/m3Dr4/mcs70_m3Dr4_s35.A09 fileNameGt=../../cp2016-max-common-connected-subgraph-paper/datasets/graphsdb/mcs70/m3D/m3Dr4/mcs70_m3Dr4_s35.B09
Reading graphs...
35 :  84
35 :  85
Initializing...
maxdom : 35
D->valSize : 1225
Solving...
Blb : 2 (clique : 17)
currentSize : 17 <-- 0.020076 s
currentSize : 18 <-- 0.020347 s
currentSize : 19 <-- 0.025028 s
currentSize : 20 <-- 0.099340 s
currentSize : 21 <-- 4.509643 s
currentSize : 22 <-- 4.750608 s
currentSize : 23 <-- 539.077393 s
currentSize : 24 <-- 769.738098 s
currentSize : 25 <-- 802.902771 s
currentSize : 26 <-- 831.789795 s
currentSize : 27 <-- 837.185181 s

maxsize : 27
nodes : 49552365.000000
filtered : 2012525301.000000
time : 869.828369
