Parameters: GAD=1 vflib=1 dir=0 label=0 lowerbound=1 fileNameGp=../../cp2016-max-common-connected-subgraph-paper/datasets/graphsdb/mcs70/m3D/m3D/mcs70_m3D_s35.A01 fileNameGt=../../cp2016-max-common-connected-subgraph-paper/datasets/graphsdb/mcs70/m3D/m3D/mcs70_m3D_s35.B01
Reading graphs...
35 :  72
35 :  72
Initializing...
maxdom : 35
D->valSize : 1225
Solving...
Blb : 2 (clique : 21)
currentSize : 21 <-- 0.020597 s
currentSize : 22 <-- 0.022249 s
currentSize : 23 <-- 0.027625 s
currentSize : 24 <-- 0.415661 s
currentSize : 25 <-- 15.335391 s
currentSize : 27 <-- 15.336626 s
currentSize : 28 <-- 15.360553 s

maxsize : 28
nodes : 2056354.000000
filtered : 100944689.000000
time : 53.502495
