Parameters: GAD=1 vflib=1 dir=0 label=0 lowerbound=1 fileNameGp=../../cp2016-max-common-connected-subgraph-paper/datasets/graphsdb/mcs70/bvg/b03/mcs70_b03_s35.A03 fileNameGt=../../cp2016-max-common-connected-subgraph-paper/datasets/graphsdb/mcs70/bvg/b03/mcs70_b03_s35.B03
Reading graphs...
35 :  52
35 :  52
Initializing...
maxdom : 35
D->valSize : 1225
Solving...
Blb : 2 (clique : 23)
currentSize : 23 <-- 0.038243 s
currentSize : 24 <-- 0.038624 s
currentSize : 25 <-- 0.064552 s
currentSize : 26 <-- 1.755977 s
currentSize : 27 <-- 79.329590 s
currentSize : 28 <-- 81.447182 s
currentSize : 29 <-- 220.551559 s
currentSize : 30 <-- 220.553101 s

maxsize : 30
nodes : 2825296.000000
filtered : 199380278.000000
time : 230.789551
