Parameters: GAD=1 vflib=1 dir=0 label=0 lowerbound=1 fileNameGp=../../cp2016-max-common-connected-subgraph-paper/datasets/graphsdb/mcs70/bvg/b06m/mcs70_b06m_s30.A02 fileNameGt=../../cp2016-max-common-connected-subgraph-paper/datasets/graphsdb/mcs70/bvg/b06m/mcs70_b06m_s30.B02
Reading graphs...
30 :  88
30 :  87
Initializing...
maxdom : 30
D->valSize : 900
Solving...
Blb : 2 (clique : 13)
currentSize : 13 <-- 0.011237 s
currentSize : 14 <-- 0.011355 s
currentSize : 15 <-- 0.011402 s
currentSize : 16 <-- 0.037970 s
currentSize : 17 <-- 0.248348 s
currentSize : 18 <-- 3.023109 s
currentSize : 19 <-- 27.670631 s
currentSize : 21 <-- 46.524296 s

maxsize : 21
nodes : 3957442.000000
filtered : 180208443.000000
time : 56.766304
