Parameters: GAD=1 vflib=1 dir=0 label=0 lowerbound=1 fileNameGp=../../cp2016-max-common-connected-subgraph-paper/datasets/graphsdb/mcs70/m2D/m2D/mcs70_m2D_s50.A01 fileNameGt=../../cp2016-max-common-connected-subgraph-paper/datasets/graphsdb/mcs70/m2D/m2D/mcs70_m2D_s50.B01
Reading graphs...
50 :  85
50 :  85
Initializing...
maxdom : 50
D->valSize : 2500
Solving...
Blb : 2 (clique : 28)
currentSize : 28 <-- 0.119294 s
currentSize : 31 <-- 0.119692 s
currentSize : 32 <-- 0.119733 s
currentSize : 33 <-- 0.120262 s
currentSize : 34 <-- 3.607345 s
currentSize : 35 <-- 37.303783 s

TIMEOUT
maxsize : 35
nodes : 19959608.000000
filtered : 1209918603.000000
time : 1000.000122
