Parameters: GAD=1 vflib=1 dir=0 label=0 lowerbound=1 fileNameGp=../../cp2016-max-common-connected-subgraph-paper/datasets/graphsdb/mcs70/bvg/b09m/mcs70_b09m_s30.A09 fileNameGt=../../cp2016-max-common-connected-subgraph-paper/datasets/graphsdb/mcs70/bvg/b09m/mcs70_b09m_s30.B09
Reading graphs...
30 :  132
30 :  130
Initializing...
maxdom : 30
D->valSize : 900
Solving...
Blb : 2 (clique : 12)
currentSize : 12 <-- 0.009808 s
currentSize : 13 <-- 0.011053 s
currentSize : 14 <-- 0.171353 s
currentSize : 15 <-- 4.705396 s
currentSize : 17 <-- 6.763042 s
currentSize : 19 <-- 6.763114 s
currentSize : 20 <-- 6.872890 s

maxsize : 20
nodes : 2485260.000000
filtered : 54793153.000000
time : 14.590534
