Parameters: GAD=1 vflib=1 dir=0 label=0 lowerbound=1 fileNameGp=../../cp2016-max-common-connected-subgraph-paper/datasets/graphsdb/mcs70/bvg/b03m/mcs70_b03m_s40.A06 fileNameGt=../../cp2016-max-common-connected-subgraph-paper/datasets/graphsdb/mcs70/bvg/b03m/mcs70_b03m_s40.B06
Reading graphs...
40 :  59
40 :  59
Initializing...
maxdom : 40
D->valSize : 1600
Solving...
Blb : 2 (clique : 24)
currentSize : 24 <-- 0.037143 s
currentSize : 25 <-- 0.037475 s
currentSize : 26 <-- 0.037977 s
currentSize : 27 <-- 0.122208 s
currentSize : 28 <-- 0.296821 s
currentSize : 29 <-- 0.868145 s
currentSize : 30 <-- 0.872842 s

TIMEOUT
maxsize : 30
nodes : 13758720.000000
filtered : 926536032.000000
time : 1000.000000
