Parameters: GAD=1 vflib=1 dir=0 label=0 lowerbound=1 fileNameGp=../../cp2016-max-common-connected-subgraph-paper/datasets/graphsdb/mcs70/m2D/m2D/mcs70_m2D_s35.A09 fileNameGt=../../cp2016-max-common-connected-subgraph-paper/datasets/graphsdb/mcs70/m2D/m2D/mcs70_m2D_s35.B09
Reading graphs...
35 :  58
35 :  58
Initializing...
maxdom : 35
D->valSize : 1225
Solving...
Blb : 2 (clique : 20)
currentSize : 20 <-- 0.021296 s
currentSize : 21 <-- 0.021478 s
currentSize : 22 <-- 0.021583 s
currentSize : 23 <-- 0.024031 s
currentSize : 24 <-- 0.026760 s
currentSize : 25 <-- 21.297764 s
currentSize : 26 <-- 248.055511 s
currentSize : 27 <-- 841.735535 s

TIMEOUT
maxsize : 27
nodes : 14975825.000000
filtered : 988210966.000000
time : 1000.000732
