Parameters: GAD=1 vflib=1 dir=0 label=0 lowerbound=1 fileNameGp=../../cp2016-max-common-connected-subgraph-paper/datasets/graphsdb/mcs70/m2D/m2Dr6/mcs70_m2Dr6_s35.A04 fileNameGt=../../cp2016-max-common-connected-subgraph-paper/datasets/graphsdb/mcs70/m2D/m2Dr6/mcs70_m2Dr6_s35.B04
Reading graphs...
35 :  78
35 :  77
Initializing...
maxdom : 35
D->valSize : 1225
Solving...
Blb : 2 (clique : 19)
currentSize : 19 <-- 0.020450 s
currentSize : 20 <-- 0.020647 s
currentSize : 21 <-- 0.021185 s
currentSize : 22 <-- 0.021257 s
currentSize : 23 <-- 4.843763 s
currentSize : 24 <-- 387.048035 s
currentSize : 25 <-- 917.206482 s

TIMEOUT
maxsize : 25
nodes : 47801025.000000
filtered : 2176873031.000000
time : 1000.000000
