Parameters: GAD=1 vflib=1 dir=0 label=0 lowerbound=1 fileNameGp=../../cp2016-max-common-connected-subgraph-paper/datasets/graphsdb/mcs70/m2D/m2Dr4/mcs70_m2Dr4_s35.A08 fileNameGt=../../cp2016-max-common-connected-subgraph-paper/datasets/graphsdb/mcs70/m2D/m2Dr4/mcs70_m2Dr4_s35.B08
Reading graphs...
35 :  72
35 :  71
Initializing...
maxdom : 35
D->valSize : 1225
Solving...
Blb : 2 (clique : 19)
currentSize : 19 <-- 0.020667 s
currentSize : 20 <-- 0.021063 s
currentSize : 21 <-- 0.021207 s
currentSize : 22 <-- 0.033134 s
currentSize : 23 <-- 22.971409 s
currentSize : 24 <-- 503.324646 s
currentSize : 25 <-- 808.252563 s
currentSize : 27 <-- 808.252930 s

maxsize : 27
nodes : 21935322.000000
filtered : 1179930231.000000
time : 906.324890
