Parameters: GAD=1 vflib=1 dir=0 label=0 lowerbound=1 fileNameGp=../../cp2016-max-common-connected-subgraph-paper/datasets/graphsdb/mcs70/m2D/m2Dr2/mcs70_m2Dr2_s35.A09 fileNameGt=../../cp2016-max-common-connected-subgraph-paper/datasets/graphsdb/mcs70/m2D/m2Dr2/mcs70_m2Dr2_s35.B09
Reading graphs...
35 :  64
35 :  65
Initializing...
maxdom : 35
D->valSize : 1225
Solving...
Blb : 5 (clique : 18)
currentSize : 18 <-- 0.020808 s
currentSize : 20 <-- 0.020975 s
currentSize : 21 <-- 0.024186 s
currentSize : 22 <-- 0.051292 s
currentSize : 23 <-- 0.054517 s
currentSize : 24 <-- 3.260476 s
currentSize : 25 <-- 19.842093 s
currentSize : 26 <-- 415.228729 s
currentSize : 27 <-- 415.229065 s

maxsize : 27
nodes : 9480753.000000
filtered : 632574090.000000
time : 605.751709
