Parameters: GAD=1 vflib=1 dir=0 label=0 lowerbound=1 fileNameGp=../../cp2016-max-common-connected-subgraph-paper/datasets/graphsdb/mcs70/bvg/b09/mcs70_b09_s35.A03 fileNameGt=../../cp2016-max-common-connected-subgraph-paper/datasets/graphsdb/mcs70/bvg/b09/mcs70_b09_s35.B03
Reading graphs...
35 :  157
35 :  157
Initializing...
maxdom : 35
D->valSize : 1225
Solving...
Blb : 2 (clique : 13)
currentSize : 13 <-- 0.018239 s
currentSize : 14 <-- 0.023716 s
currentSize : 15 <-- 0.093945 s
currentSize : 16 <-- 0.097928 s
currentSize : 18 <-- 3.101021 s
currentSize : 20 <-- 3.168077 s
currentSize : 21 <-- 3.200072 s
currentSize : 22 <-- 3.200552 s
currentSize : 24 <-- 3.200717 s
currentSize : 25 <-- 8.050609 s

maxsize : 25
nodes : 2497320.000000
filtered : 93282401.000000
time : 22.913771
