Parameters: GAD=1 vflib=1 dir=0 label=0 lowerbound=1 fileNameGp=../../cp2016-max-common-connected-subgraph-paper/datasets/graphsdb/mcs70/bvg/b03/mcs70_b03_s50.A03 fileNameGt=../../cp2016-max-common-connected-subgraph-paper/datasets/graphsdb/mcs70/bvg/b03/mcs70_b03_s50.B03
Reading graphs...
50 :  75
50 :  75
Initializing...
maxdom : 50
D->valSize : 2500
Solving...
Blb : 2 (clique : 30)
currentSize : 30 <-- 0.099056 s
currentSize : 31 <-- 0.099722 s
currentSize : 32 <-- 0.100044 s
currentSize : 33 <-- 0.100376 s
currentSize : 34 <-- 0.474771 s
currentSize : 35 <-- 3.914855 s
currentSize : 36 <-- 15.090865 s
currentSize : 37 <-- 15.111953 s

TIMEOUT
maxsize : 37
nodes : 3307045.000000
filtered : 402966648.000000
time : 1000.001221
