Parameters: GAD=1 vflib=1 dir=0 label=0 lowerbound=1 fileNameGp=../../cp2016-max-common-connected-subgraph-paper/datasets/graphsdb/mcs70/rand/r02/mcs70_r02_s40.A05 fileNameGt=../../cp2016-max-common-connected-subgraph-paper/datasets/graphsdb/mcs70/rand/r02/mcs70_r02_s40.B05
Reading graphs...
40 :  280
40 :  279
Initializing...
maxdom : 40
D->valSize : 1600
Solving...
Blb : 2 (clique : 13)
currentSize : 13 <-- 0.029534 s
currentSize : 14 <-- 0.048095 s
currentSize : 15 <-- 1.967777 s
currentSize : 16 <-- 323.591675 s
currentSize : 17 <-- 325.869873 s
currentSize : 18 <-- 325.870087 s
currentSize : 20 <-- 325.870239 s
currentSize : 21 <-- 418.176514 s
currentSize : 23 <-- 446.842438 s
currentSize : 28 <-- 446.849396 s

maxsize : 28
nodes : 101583822.000000
filtered : 1690644365.000000
time : 503.144531
