Parameters: GAD=1 vflib=1 dir=0 label=0 lowerbound=1 fileNameGp=../../cp2016-max-common-connected-subgraph-paper/datasets/graphsdb/mcs70/bvg/b09m/mcs70_b09m_s35.A03 fileNameGt=../../cp2016-max-common-connected-subgraph-paper/datasets/graphsdb/mcs70/bvg/b09m/mcs70_b09m_s35.B03
Reading graphs...
35 :  153
35 :  152
Initializing...
maxdom : 35
D->valSize : 1225
Solving...
Blb : 2 (clique : 13)
currentSize : 13 <-- 0.018326 s
currentSize : 14 <-- 0.018561 s
currentSize : 15 <-- 0.022016 s
currentSize : 16 <-- 0.094216 s
currentSize : 17 <-- 1.487004 s
currentSize : 18 <-- 84.389862 s
currentSize : 19 <-- 108.974281 s
currentSize : 24 <-- 194.307541 s

maxsize : 24
nodes : 32892120.000000
filtered : 791810666.000000
time : 221.385315
