Parameters: GAD=1 vflib=1 dir=0 label=0 lowerbound=1 fileNameGp=../../cp2016-max-common-connected-subgraph-paper/datasets/graphsdb/mcs70/bvg/b06/mcs70_b06_s40.A01 fileNameGt=../../cp2016-max-common-connected-subgraph-paper/datasets/graphsdb/mcs70/bvg/b06/mcs70_b06_s40.B01
Reading graphs...
40 :  119
40 :  120
Initializing...
maxdom : 40
D->valSize : 1600
Solving...
Blb : 2 (clique : 19)
currentSize : 19 <-- 0.034295 s
currentSize : 20 <-- 0.034650 s
currentSize : 21 <-- 0.034864 s
currentSize : 22 <-- 0.317677 s
currentSize : 23 <-- 6.465506 s
currentSize : 24 <-- 13.142480 s
currentSize : 25 <-- 54.016800 s
currentSize : 26 <-- 186.081940 s
currentSize : 27 <-- 200.387360 s
currentSize : 28 <-- 203.114807 s
currentSize : 29 <-- 215.301361 s

TIMEOUT
maxsize : 29
nodes : 30317229.000000
filtered : 1993579259.000000
time : 1000.000122
