Parameters: GAD=1 vflib=1 dir=0 label=0 lowerbound=1 fileNameGp=../../cp2016-max-common-connected-subgraph-paper/datasets/graphsdb/mcs70/bvg/b09/mcs70_b09_s35.A04 fileNameGt=../../cp2016-max-common-connected-subgraph-paper/datasets/graphsdb/mcs70/bvg/b09/mcs70_b09_s35.B04
Reading graphs...
35 :  157
35 :  154
Initializing...
maxdom : 35
D->valSize : 1225
Solving...
Blb : 3 (clique : 18)
currentSize : 18 <-- 0.032153 s
currentSize : 19 <-- 6.583204 s
currentSize : 20 <-- 6.583278 s
currentSize : 21 <-- 6.993428 s
currentSize : 22 <-- 7.017499 s
currentSize : 24 <-- 7.017554 s
currentSize : 25 <-- 14.620437 s

maxsize : 25
nodes : 3363731.000000
filtered : 113029097.000000
time : 26.037540
