Parameters: GAD=1 vflib=1 dir=0 label=0 lowerbound=1 fileNameGp=../../cp2016-max-common-connected-subgraph-paper/datasets/graphsdb/mcs70/bvg/b09/mcs70_b09_s30.A06 fileNameGt=../../cp2016-max-common-connected-subgraph-paper/datasets/graphsdb/mcs70/bvg/b09/mcs70_b09_s30.B06
Reading graphs...
30 :  134
30 :  134
Initializing...
maxdom : 30
D->valSize : 900
Solving...
Blb : 2 (clique : 13)
currentSize : 13 <-- 0.009703 s
currentSize : 14 <-- 0.023184 s
currentSize : 15 <-- 0.053806 s
currentSize : 17 <-- 0.055048 s
currentSize : 18 <-- 0.125221 s
currentSize : 19 <-- 0.131053 s
currentSize : 20 <-- 0.131105 s
currentSize : 21 <-- 0.818591 s

maxsize : 21
nodes : 534815.000000
filtered : 20897493.000000
time : 4.284126
