Parameters: GAD=1 vflib=1 dir=0 label=0 lowerbound=1 fileNameGp=../../cp2016-max-common-connected-subgraph-paper/datasets/graphsdb/mcs70/bvg/b06/mcs70_b06_s25.A09 fileNameGt=../../cp2016-max-common-connected-subgraph-paper/datasets/graphsdb/mcs70/bvg/b06/mcs70_b06_s25.B09
Reading graphs...
25 :  74
25 :  75
Initializing...
maxdom : 25
D->valSize : 625
Solving...
Blb : 2 (clique : 11)
currentSize : 11 <-- 0.005053 s
currentSize : 12 <-- 0.005152 s
currentSize : 13 <-- 0.006633 s
currentSize : 14 <-- 0.054345 s
currentSize : 15 <-- 0.060651 s
currentSize : 17 <-- 0.092220 s
currentSize : 18 <-- 0.105420 s
currentSize : 19 <-- 0.471939 s

maxsize : 19
nodes : 80277.000000
filtered : 2336369.000000
time : 0.755524
