Parameters: GAD=1 vflib=1 dir=0 label=0 lowerbound=1 fileNameGp=../../cp2016-max-common-connected-subgraph-paper/datasets/graphsdb/mcs70/bvg/b09/mcs70_b09_s40.A02 fileNameGt=../../cp2016-max-common-connected-subgraph-paper/datasets/graphsdb/mcs70/bvg/b09/mcs70_b09_s40.B02
Reading graphs...
40 :  176
40 :  175
Initializing...
maxdom : 40
D->valSize : 1600
Solving...
Blb : 2 (clique : 19)
currentSize : 19 <-- 0.032122 s
currentSize : 20 <-- 0.044756 s
currentSize : 21 <-- 0.616630 s
currentSize : 22 <-- 0.707561 s
currentSize : 23 <-- 3.647018 s
currentSize : 24 <-- 3.648470 s
currentSize : 25 <-- 3.775759 s
currentSize : 29 <-- 6.438029 s

maxsize : 29
nodes : 7657085.000000
filtered : 459231594.000000
time : 111.796295
