Parameters: GAD=1 vflib=1 dir=0 label=0 lowerbound=1 fileNameGp=../../cp2016-max-common-connected-subgraph-paper/datasets/graphsdb/mcs70/m3D/m3Dr6/mcs70_m3Dr6_s40.A03 fileNameGt=../../cp2016-max-common-connected-subgraph-paper/datasets/graphsdb/mcs70/m3D/m3Dr6/mcs70_m3Dr6_s40.B03
Reading graphs...
40 :  106
40 :  101
Initializing...
maxdom : 40
D->valSize : 1600
Solving...
Blb : 2 (clique : 19)
currentSize : 19 <-- 0.034934 s
currentSize : 20 <-- 0.035136 s
currentSize : 21 <-- 0.035241 s
currentSize : 22 <-- 0.035350 s
currentSize : 23 <-- 0.114744 s
currentSize : 24 <-- 3.183064 s
currentSize : 25 <-- 819.408997 s

TIMEOUT
maxsize : 25
nodes : 51183401.000000
filtered : 1792487837.000000
time : 1000.000061
