Parameters: GAD=1 vflib=1 dir=0 label=0 lowerbound=1 fileNameGp=../../cp2016-max-common-connected-subgraph-paper/datasets/graphsdb/mcs70/bvg/b06/mcs70_b06_s35.A08 fileNameGt=../../cp2016-max-common-connected-subgraph-paper/datasets/graphsdb/mcs70/bvg/b06/mcs70_b06_s35.B08
Reading graphs...
35 :  104
35 :  105
Initializing...
maxdom : 35
D->valSize : 1225
Solving...
Blb : 2 (clique : 17)
currentSize : 17 <-- 0.019573 s
currentSize : 19 <-- 0.025403 s
currentSize : 20 <-- 0.350342 s
currentSize : 21 <-- 4.072108 s
currentSize : 22 <-- 8.521481 s
currentSize : 23 <-- 9.743720 s
currentSize : 24 <-- 9.747254 s
currentSize : 25 <-- 9.926918 s
currentSize : 26 <-- 13.612062 s

maxsize : 26
nodes : 3830715.000000
filtered : 217289684.000000
time : 83.737938
