Parameters: GAD=1 vflib=1 dir=0 label=0 lowerbound=1 fileNameGp=../../cp2016-max-common-connected-subgraph-paper/datasets/graphsdb/mcs70/rand/r01/mcs70_r01_s40.A08 fileNameGt=../../cp2016-max-common-connected-subgraph-paper/datasets/graphsdb/mcs70/rand/r01/mcs70_r01_s40.B08
Reading graphs...
40 :  151
40 :  150
Initializing...
maxdom : 40
D->valSize : 1600
Solving...
Blb : 2 (clique : 16)
currentSize : 16 <-- 0.033047 s
currentSize : 17 <-- 0.033675 s
currentSize : 18 <-- 0.035287 s
currentSize : 19 <-- 0.128156 s
currentSize : 20 <-- 5.805387 s
currentSize : 21 <-- 33.131485 s

TIMEOUT
maxsize : 21
nodes : 104785702.000000
filtered : 2855913563.000000
time : 1000.000000
