Parameters: GAD=1 vflib=1 dir=0 label=0 lowerbound=1 fileNameGp=../../cp2016-max-common-connected-subgraph-paper/datasets/graphsdb/mcs70/bvg/b09/mcs70_b09_s30.A00 fileNameGt=../../cp2016-max-common-connected-subgraph-paper/datasets/graphsdb/mcs70/bvg/b09/mcs70_b09_s30.B00
Reading graphs...
30 :  132
30 :  132
Initializing...
maxdom : 30
D->valSize : 900
Solving...
Blb : 2 (clique : 10)
currentSize : 10 <-- 0.009618 s
currentSize : 11 <-- 0.009730 s
currentSize : 12 <-- 0.009771 s
currentSize : 13 <-- 0.010023 s
currentSize : 14 <-- 0.010632 s
currentSize : 15 <-- 0.010934 s
currentSize : 16 <-- 0.071248 s
currentSize : 17 <-- 0.153061 s
currentSize : 18 <-- 0.175579 s
currentSize : 19 <-- 0.250068 s
currentSize : 20 <-- 0.250183 s
currentSize : 21 <-- 0.271616 s

maxsize : 21
nodes : 524919.000000
filtered : 20533678.000000
time : 4.379580
