Parameters: GAD=1 vflib=1 dir=0 label=0 lowerbound=1 fileNameGp=../../cp2016-max-common-connected-subgraph-paper/datasets/graphsdb/mcs70/m2D/m2D/mcs70_m2D_s40.A09 fileNameGt=../../cp2016-max-common-connected-subgraph-paper/datasets/graphsdb/mcs70/m2D/m2D/mcs70_m2D_s40.B09
Reading graphs...
40 :  67
40 :  67
Initializing...
maxdom : 40
D->valSize : 1600
Solving...
Blb : 2 (clique : 22)
currentSize : 22 <-- 0.036910 s
currentSize : 23 <-- 0.037144 s
currentSize : 24 <-- 0.037602 s
currentSize : 25 <-- 0.039101 s
currentSize : 26 <-- 0.087920 s
currentSize : 27 <-- 4.026836 s
currentSize : 28 <-- 43.612808 s

TIMEOUT
maxsize : 28
nodes : 14738961.000000
filtered : 987668219.000000
time : 1000.000244
