Parameters: GAD=1 vflib=1 dir=0 label=0 lowerbound=1 fileNameGp=../../cp2016-max-common-connected-subgraph-paper/datasets/graphsdb/mcs70/rand/r01/mcs70_r01_s50.A00 fileNameGt=../../cp2016-max-common-connected-subgraph-paper/datasets/graphsdb/mcs70/rand/r01/mcs70_r01_s50.B00
Reading graphs...
50 :  231
50 :  231
Initializing...
maxdom : 50
D->valSize : 2500
Solving...
Blb : 2 (clique : 18)
currentSize : 18 <-- 0.085783 s
currentSize : 19 <-- 0.086100 s
currentSize : 20 <-- 0.100505 s
currentSize : 21 <-- 0.634783 s
currentSize : 22 <-- 1.956666 s
currentSize : 23 <-- 535.098572 s

TIMEOUT
maxsize : 23
nodes : 131362898.000000
filtered : 3101741733.000000
time : 1000.000000
