Parameters: GAD=1 vflib=1 dir=0 label=0 lowerbound=1 fileNameGp=../../cp2016-max-common-connected-subgraph-paper/datasets/graphsdb/mcs70/bvg/b03m/mcs70_b03m_s40.A08 fileNameGt=../../cp2016-max-common-connected-subgraph-paper/datasets/graphsdb/mcs70/bvg/b03m/mcs70_b03m_s40.B08
Reading graphs...
40 :  59
40 :  59
Initializing...
maxdom : 40
D->valSize : 1600
Solving...
Blb : 2 (clique : 23)
currentSize : 23 <-- 0.037008 s
currentSize : 24 <-- 0.037365 s
currentSize : 25 <-- 0.037634 s
currentSize : 26 <-- 0.038925 s
currentSize : 27 <-- 0.062576 s
currentSize : 28 <-- 0.243504 s
currentSize : 29 <-- 1.253702 s
currentSize : 30 <-- 518.070740 s

TIMEOUT
maxsize : 30
nodes : 15269686.000000
filtered : 1145234719.000000
time : 1000.000000
