Parameters: GAD=1 vflib=1 dir=0 label=0 lowerbound=1 fileNameGp=../../cp2016-max-common-connected-subgraph-paper/datasets/graphsdb/mcs70/m2D/m2Dr2/mcs70_m2Dr2_s50.A06 fileNameGt=../../cp2016-max-common-connected-subgraph-paper/datasets/graphsdb/mcs70/m2D/m2Dr2/mcs70_m2Dr2_s50.B06
Reading graphs...
50 :  95
50 :  93
Initializing...
maxdom : 50
D->valSize : 2500
Solving...
Blb : 2 (clique : 28)
currentSize : 28 <-- 0.097401 s
currentSize : 29 <-- 0.336201 s
currentSize : 30 <-- 0.487624 s
currentSize : 31 <-- 4.818380 s
currentSize : 32 <-- 14.597360 s
currentSize : 33 <-- 124.855217 s
currentSize : 34 <-- 145.472122 s

TIMEOUT
maxsize : 34
nodes : 18793146.000000
filtered : 981815278.000000
time : 1000.000122
