Parameters: GAD=1 vflib=1 dir=0 label=0 lowerbound=1 fileNameGp=../../cp2016-max-common-connected-subgraph-paper/datasets/graphsdb/mcs70/rand/r005/mcs70_r005_s25.A06 fileNameGt=../../cp2016-max-common-connected-subgraph-paper/datasets/graphsdb/mcs70/rand/r005/mcs70_r005_s25.B06
Reading graphs...
25 :  33
25 :  33
Initializing...
maxdom : 25
D->valSize : 625
Solving...
Blb : 2 (clique : 14)
currentSize : 14 <-- 0.005720 s
currentSize : 15 <-- 0.005814 s
currentSize : 16 <-- 0.005828 s
currentSize : 17 <-- 0.024573 s
currentSize : 18 <-- 0.038096 s
currentSize : 19 <-- 0.096234 s
currentSize : 20 <-- 5.713370 s

maxsize : 20
nodes : 373434.000000
filtered : 20674126.000000
time : 11.799194
