Parameters: GAD=1 vflib=1 dir=0 label=0 lowerbound=1 fileNameGp=../../cp2016-max-common-connected-subgraph-paper/datasets/graphsdb/mcs70/m2D/m2D/mcs70_m2D_s50.A07 fileNameGt=../../cp2016-max-common-connected-subgraph-paper/datasets/graphsdb/mcs70/m2D/m2D/mcs70_m2D_s50.B07
Reading graphs...
50 :  85
50 :  84
Initializing...
maxdom : 50
D->valSize : 2500
Solving...
Blb : 2 (clique : 29)
currentSize : 29 <-- 0.098284 s
currentSize : 31 <-- 0.098673 s
currentSize : 32 <-- 0.109352 s
currentSize : 33 <-- 0.118477 s
currentSize : 34 <-- 5.868545 s
currentSize : 35 <-- 414.978943 s
currentSize : 36 <-- 415.519226 s

TIMEOUT
maxsize : 36
nodes : 21921765.000000
filtered : 1436296382.000000
time : 1000.000854
