Parameters: GAD=1 vflib=1 dir=0 label=0 lowerbound=1 fileNameGp=../../cp2016-max-common-connected-subgraph-paper/datasets/graphsdb/mcs70/m3D/m3Dr2/mcs70_m3Dr2_s40.A02 fileNameGt=../../cp2016-max-common-connected-subgraph-paper/datasets/graphsdb/mcs70/m3D/m3Dr2/mcs70_m3Dr2_s40.B02
Reading graphs...
40 :  91
40 :  90
Initializing...
maxdom : 40
D->valSize : 1600
Solving...
Blb : 2 (clique : 22)
currentSize : 22 <-- 0.035642 s
currentSize : 23 <-- 0.035897 s
currentSize : 24 <-- 0.036048 s
currentSize : 25 <-- 0.036418 s
currentSize : 26 <-- 15.362409 s
currentSize : 27 <-- 85.676033 s

TIMEOUT
maxsize : 27
nodes : 39236429.000000
filtered : 1980572896.000000
time : 1000.000244
