Parameters: GAD=1 vflib=1 dir=0 label=0 lowerbound=1 fileNameGp=../../cp2016-max-common-connected-subgraph-paper/datasets/graphsdb/mcs70/bvg/b09m/mcs70_b09m_s35.A05 fileNameGt=../../cp2016-max-common-connected-subgraph-paper/datasets/graphsdb/mcs70/bvg/b09m/mcs70_b09m_s35.B05
Reading graphs...
35 :  152
35 :  152
Initializing...
maxdom : 35
D->valSize : 1225
Solving...
Blb : 2 (clique : 14)
currentSize : 14 <-- 0.032111 s
currentSize : 15 <-- 0.033907 s
currentSize : 16 <-- 0.048880 s
currentSize : 17 <-- 1.429769 s
currentSize : 18 <-- 403.578522 s
currentSize : 19 <-- 456.534454 s
currentSize : 23 <-- 568.065735 s
currentSize : 24 <-- 568.067200 s

maxsize : 24
nodes : 89612089.000000
filtered : 2035379425.000000
time : 605.511353
