Parameters: GAD=1 vflib=1 dir=0 label=0 lowerbound=1 fileNameGp=../../cp2016-max-common-connected-subgraph-paper/datasets/graphsdb/mcs70/bvg/b06/mcs70_b06_s30.A02 fileNameGt=../../cp2016-max-common-connected-subgraph-paper/datasets/graphsdb/mcs70/bvg/b06/mcs70_b06_s30.B02
Reading graphs...
30 :  89
30 :  89
Initializing...
maxdom : 30
D->valSize : 900
Solving...
Blb : 2 (clique : 14)
currentSize : 14 <-- 0.010367 s
currentSize : 15 <-- 0.010484 s
currentSize : 17 <-- 0.010500 s
currentSize : 18 <-- 0.018333 s
currentSize : 19 <-- 0.021758 s
currentSize : 20 <-- 0.077967 s
currentSize : 21 <-- 0.168195 s
currentSize : 22 <-- 4.618893 s

maxsize : 22
nodes : 752783.000000
filtered : 30147277.000000
time : 12.567661
