Parameters: GAD=1 vflib=1 dir=0 label=0 lowerbound=1 fileNameGp=../../cp2016-max-common-connected-subgraph-paper/datasets/graphsdb/mcs70/m2D/m2Dr2/mcs70_m2Dr2_s40.A07 fileNameGt=../../cp2016-max-common-connected-subgraph-paper/datasets/graphsdb/mcs70/m2D/m2Dr2/mcs70_m2Dr2_s40.B07
Reading graphs...
40 :  74
40 :  75
Initializing...
maxdom : 40
D->valSize : 1600
Solving...
Blb : 2 (clique : 23)
currentSize : 23 <-- 0.036279 s
currentSize : 24 <-- 0.036550 s
currentSize : 25 <-- 0.037242 s
currentSize : 26 <-- 0.037325 s
currentSize : 27 <-- 0.052862 s
currentSize : 28 <-- 15.101362 s

TIMEOUT
maxsize : 28
nodes : 13693405.000000
filtered : 1014316161.000000
time : 1000.000061
