Parameters: GAD=1 vflib=1 dir=0 label=0 lowerbound=1 fileNameGp=../../cp2016-max-common-connected-subgraph-paper/datasets/graphsdb/mcs70/m2D/m2Dr4/mcs70_m2Dr4_s35.A01 fileNameGt=../../cp2016-max-common-connected-subgraph-paper/datasets/graphsdb/mcs70/m2D/m2Dr4/mcs70_m2Dr4_s35.B01
Reading graphs...
35 :  71
35 :  69
Initializing...
maxdom : 35
D->valSize : 1225
Solving...
Blb : 2 (clique : 20)
currentSize : 20 <-- 0.021353 s
currentSize : 21 <-- 0.021614 s
currentSize : 22 <-- 0.021799 s
currentSize : 23 <-- 4.815544 s
currentSize : 24 <-- 233.381088 s
currentSize : 25 <-- 233.538269 s
currentSize : 26 <-- 233.538483 s
currentSize : 27 <-- 780.923157 s

TIMEOUT
maxsize : 27
nodes : 21855249.000000
filtered : 1481877045.000000
time : 1000.000854
