Parameters: GAD=1 vflib=1 dir=0 label=0 lowerbound=1 fileNameGp=../../cp2016-max-common-connected-subgraph-paper/datasets/graphsdb/mcs70/rand/r02/mcs70_r02_s50.A03 fileNameGt=../../cp2016-max-common-connected-subgraph-paper/datasets/graphsdb/mcs70/rand/r02/mcs70_r02_s50.B03
Reading graphs...
50 :  438
50 :  432
Initializing...
maxdom : 50
D->valSize : 2500
Solving...
Blb : 2 (clique : 12)
currentSize : 12 <-- 0.075906 s
currentSize : 13 <-- 0.076409 s
currentSize : 14 <-- 0.077552 s
currentSize : 15 <-- 0.088140 s
currentSize : 16 <-- 0.120724 s
currentSize : 17 <-- 112.415245 s

TIMEOUT
maxsize : 17
nodes : 213550363.000000
filtered : 2440430065.000000
time : 1000.000000
