Parameters: GAD=1 vflib=1 dir=0 label=0 lowerbound=1 fileNameGp=../../cp2016-max-common-connected-subgraph-paper/datasets/graphsdb/mcs70/bvg/b06/mcs70_b06_s40.A02 fileNameGt=../../cp2016-max-common-connected-subgraph-paper/datasets/graphsdb/mcs70/bvg/b06/mcs70_b06_s40.B02
Reading graphs...
40 :  120
40 :  119
Initializing...
maxdom : 40
D->valSize : 1600
Solving...
Blb : 2 (clique : 20)
currentSize : 20 <-- 0.060187 s
currentSize : 21 <-- 0.069195 s
currentSize : 22 <-- 0.460691 s
currentSize : 23 <-- 0.558366 s
currentSize : 24 <-- 0.819538 s
currentSize : 27 <-- 4.281372 s
currentSize : 29 <-- 4.281417 s
currentSize : 30 <-- 5.895892 s
currentSize : 31 <-- 5.896039 s

maxsize : 31
nodes : 3772222.000000
filtered : 293377264.000000
time : 150.375275
