Parameters: GAD=1 vflib=1 dir=0 label=0 lowerbound=1 fileNameGp=../../cp2016-max-common-connected-subgraph-paper/datasets/graphsdb/mcs70/bvg/b06/mcs70_b06_s30.A03 fileNameGt=../../cp2016-max-common-connected-subgraph-paper/datasets/graphsdb/mcs70/bvg/b06/mcs70_b06_s30.B03
Reading graphs...
30 :  88
30 :  87
Initializing...
maxdom : 30
D->valSize : 900
Solving...
Blb : 2 (clique : 17)
currentSize : 17 <-- 0.010577 s
currentSize : 18 <-- 0.010717 s
currentSize : 19 <-- 0.010763 s
currentSize : 20 <-- 0.010836 s
currentSize : 21 <-- 0.010903 s
currentSize : 22 <-- 0.010968 s
currentSize : 23 <-- 0.011071 s
currentSize : 24 <-- 0.393852 s

maxsize : 24
nodes : 67222.000000
filtered : 3539273.000000
time : 1.374309
