Parameters: GAD=1 vflib=1 dir=0 label=0 lowerbound=1 fileNameGp=../../cp2016-max-common-connected-subgraph-paper/datasets/graphsdb/mcs70/m2D/m2Dr6/mcs70_m2Dr6_s50.A01 fileNameGt=../../cp2016-max-common-connected-subgraph-paper/datasets/graphsdb/mcs70/m2D/m2Dr6/mcs70_m2Dr6_s50.B01
Reading graphs...
50 :  113
50 :  110
Initializing...
maxdom : 50
D->valSize : 2500
Solving...
Blb : 2 (clique : 26)
currentSize : 26 <-- 0.095035 s
currentSize : 28 <-- 0.095360 s
currentSize : 29 <-- 0.095571 s
currentSize : 30 <-- 0.299429 s
currentSize : 31 <-- 5.169534 s
currentSize : 32 <-- 78.742348 s
currentSize : 34 <-- 78.742905 s
currentSize : 36 <-- 78.749718 s
currentSize : 37 <-- 78.750473 s

TIMEOUT
maxsize : 37
nodes : 16341856.000000
filtered : 1330415903.000000
time : 1000.001465
