Parameters: GAD=1 vflib=1 dir=0 label=0 lowerbound=1 fileNameGp=../../cp2016-max-common-connected-subgraph-paper/datasets/graphsdb/mcs70/rand/r02/mcs70_r02_s35.A05 fileNameGt=../../cp2016-max-common-connected-subgraph-paper/datasets/graphsdb/mcs70/rand/r02/mcs70_r02_s35.B05
Reading graphs...
35 :  208
35 :  214
Initializing...
maxdom : 35
D->valSize : 1225
Solving...
Blb : 2 (clique : 11)
currentSize : 11 <-- 0.017336 s
currentSize : 12 <-- 0.017945 s
currentSize : 13 <-- 0.021312 s
currentSize : 14 <-- 0.021352 s
currentSize : 15 <-- 4.482363 s
currentSize : 16 <-- 446.433929 s
currentSize : 18 <-- 449.892365 s
currentSize : 24 <-- 556.661011 s

maxsize : 24
nodes : 126022202.000000
filtered : 1879331976.000000
time : 575.637085
