Parameters: GAD=1 vflib=1 dir=0 label=0 lowerbound=1 fileNameGp=../../cp2016-max-common-connected-subgraph-paper/datasets/graphsdb/mcs70/bvg/b09/mcs70_b09_s30.A05 fileNameGt=../../cp2016-max-common-connected-subgraph-paper/datasets/graphsdb/mcs70/bvg/b09/mcs70_b09_s30.B05
Reading graphs...
30 :  129
30 :  135
Initializing...
maxdom : 30
D->valSize : 900
Solving...
Blb : 2 (clique : 12)
currentSize : 12 <-- 0.010444 s
currentSize : 13 <-- 0.010697 s
currentSize : 14 <-- 0.011416 s
currentSize : 15 <-- 0.022729 s
currentSize : 17 <-- 0.031264 s
currentSize : 18 <-- 0.248180 s
currentSize : 19 <-- 0.311593 s
currentSize : 20 <-- 0.311683 s
currentSize : 21 <-- 0.498192 s

maxsize : 21
nodes : 790394.000000
filtered : 27644497.000000
time : 6.202237
