Parameters: GAD=1 vflib=1 dir=0 label=0 lowerbound=1 fileNameGp=../../cp2016-max-common-connected-subgraph-paper/datasets/graphsdb/mcs70/rand/r01/mcs70_r01_s35.A05 fileNameGt=../../cp2016-max-common-connected-subgraph-paper/datasets/graphsdb/mcs70/rand/r01/mcs70_r01_s35.B05
Reading graphs...
35 :  112
35 :  110
Initializing...
maxdom : 35
D->valSize : 1225
Solving...
Blb : 2 (clique : 14)
currentSize : 14 <-- 0.019304 s
currentSize : 16 <-- 0.019489 s
currentSize : 17 <-- 0.019847 s
currentSize : 18 <-- 0.021711 s
currentSize : 19 <-- 0.226263 s
currentSize : 20 <-- 243.169830 s

TIMEOUT
maxsize : 20
nodes : 94211283.000000
filtered : 2719735180.000000
time : 1000.000000
