Parameters: GAD=1 vflib=1 dir=0 label=0 lowerbound=1 fileNameGp=../../cp2016-max-common-connected-subgraph-paper/datasets/graphsdb/mcs70/m2D/m2Dr4/mcs70_m2Dr4_s50.A05 fileNameGt=../../cp2016-max-common-connected-subgraph-paper/datasets/graphsdb/mcs70/m2D/m2Dr4/mcs70_m2Dr4_s50.B05
Reading graphs...
50 :  104
50 :  102
Initializing...
maxdom : 50
D->valSize : 2500
Solving...
Blb : 2 (clique : 27)
currentSize : 27 <-- 0.097045 s
currentSize : 28 <-- 0.097424 s
currentSize : 29 <-- 0.097594 s
currentSize : 30 <-- 0.099663 s
currentSize : 31 <-- 0.135609 s
currentSize : 32 <-- 3.877903 s
currentSize : 33 <-- 10.044943 s

TIMEOUT
maxsize : 33
nodes : 15016200.000000
filtered : 1083904729.000000
time : 1000.000488
