Parameters: GAD=1 vflib=1 dir=0 label=0 lowerbound=1 fileNameGp=../../cp2016-max-common-connected-subgraph-paper/datasets/graphsdb/mcs70/bvg/b06m/mcs70_b06m_s40.A08 fileNameGt=../../cp2016-max-common-connected-subgraph-paper/datasets/graphsdb/mcs70/bvg/b06m/mcs70_b06m_s40.B08
Reading graphs...
40 :  116
40 :  115
Initializing...
maxdom : 40
D->valSize : 1600
Solving...
Blb : 2 (clique : 17)
currentSize : 17 <-- 0.034336 s
currentSize : 18 <-- 0.034562 s
currentSize : 19 <-- 0.037069 s
currentSize : 20 <-- 0.037375 s
currentSize : 21 <-- 0.040930 s
currentSize : 22 <-- 0.116349 s
currentSize : 23 <-- 54.588184 s
currentSize : 24 <-- 644.293823 s

TIMEOUT
maxsize : 24
nodes : 41427591.000000
filtered : 2057863719.000000
time : 1000.000427
