Parameters: GAD=1 vflib=1 dir=0 label=0 lowerbound=1 fileNameGp=../../cp2016-max-common-connected-subgraph-paper/datasets/graphsdb/mcs70/bvg/b09m/mcs70_b09m_s30.A05 fileNameGt=../../cp2016-max-common-connected-subgraph-paper/datasets/graphsdb/mcs70/bvg/b09m/mcs70_b09m_s30.B05
Reading graphs...
30 :  130
30 :  131
Initializing...
maxdom : 30
D->valSize : 900
Solving...
Blb : 2 (clique : 11)
currentSize : 11 <-- 0.009723 s
currentSize : 12 <-- 0.009890 s
currentSize : 13 <-- 0.009999 s
currentSize : 14 <-- 0.667958 s
currentSize : 15 <-- 2.642523 s
currentSize : 16 <-- 34.011360 s
currentSize : 19 <-- 34.197254 s
currentSize : 20 <-- 34.197319 s

maxsize : 20
nodes : 8289073.000000
filtered : 145749696.000000
time : 41.879169
