Parameters: GAD=1 vflib=1 dir=0 label=0 lowerbound=1 fileNameGp=../../cp2016-max-common-connected-subgraph-paper/datasets/graphsdb/mcs70/rand/r005/mcs70_r005_s25.A08 fileNameGt=../../cp2016-max-common-connected-subgraph-paper/datasets/graphsdb/mcs70/rand/r005/mcs70_r005_s25.B08
Reading graphs...
25 :  32
25 :  33
Initializing...
maxdom : 25
D->valSize : 625
Solving...
Blb : 5 (clique : 15)
currentSize : 15 <-- 0.006493 s
currentSize : 16 <-- 0.006616 s
currentSize : 17 <-- 0.006649 s
currentSize : 18 <-- 0.045702 s
currentSize : 19 <-- 0.349341 s
currentSize : 20 <-- 9.782692 s

maxsize : 20
nodes : 329977.000000
filtered : 16458513.000000
time : 11.931396
