Parameters: GAD=1 vflib=1 dir=0 label=0 lowerbound=1 fileNameGp=../../cp2016-max-common-connected-subgraph-paper/datasets/graphsdb/mcs70/rand/r02/mcs70_r02_s30.A01 fileNameGt=../../cp2016-max-common-connected-subgraph-paper/datasets/graphsdb/mcs70/rand/r02/mcs70_r02_s30.B01
Reading graphs...
30 :  157
30 :  155
Initializing...
maxdom : 30
D->valSize : 900
Solving...
Blb : 5 (clique : 11)
currentSize : 11 <-- 0.009581 s
currentSize : 12 <-- 0.010000 s
currentSize : 13 <-- 0.021407 s
currentSize : 14 <-- 0.025201 s
currentSize : 15 <-- 15.263868 s
currentSize : 16 <-- 15.264059 s
currentSize : 21 <-- 24.970566 s

maxsize : 21
nodes : 6223413.000000
filtered : 102539607.000000
time : 28.717722
