Parameters: GAD=1 vflib=1 dir=0 label=0 lowerbound=1 fileNameGp=../../cp2016-max-common-connected-subgraph-paper/datasets/graphsdb/mcs70/rand/r02/mcs70_r02_s35.A06 fileNameGt=../../cp2016-max-common-connected-subgraph-paper/datasets/graphsdb/mcs70/rand/r02/mcs70_r02_s35.B06
Reading graphs...
35 :  204
35 :  204
Initializing...
maxdom : 35
D->valSize : 1225
Solving...
Blb : 2 (clique : 12)
currentSize : 12 <-- 0.017582 s
currentSize : 13 <-- 0.019233 s
currentSize : 14 <-- 0.020285 s
currentSize : 15 <-- 1.734959 s
currentSize : 16 <-- 76.917435 s
currentSize : 24 <-- 147.937134 s

maxsize : 24
nodes : 34095563.000000
filtered : 582865872.000000
time : 167.022720
