Parameters: GAD=1 vflib=1 dir=0 label=0 lowerbound=1 fileNameGp=../../cp2016-max-common-connected-subgraph-paper/datasets/graphsdb/mcs70/rand/r02/mcs70_r02_s35.A02 fileNameGt=../../cp2016-max-common-connected-subgraph-paper/datasets/graphsdb/mcs70/rand/r02/mcs70_r02_s35.B02
Reading graphs...
35 :  214
35 :  211
Initializing...
maxdom : 35
D->valSize : 1225
Solving...
Blb : 2 (clique : 12)
currentSize : 12 <-- 0.017319 s
currentSize : 13 <-- 0.039170 s
currentSize : 14 <-- 0.148242 s
currentSize : 15 <-- 29.616465 s
currentSize : 16 <-- 79.180878 s
currentSize : 18 <-- 566.596375 s

TIMEOUT
maxsize : 18
nodes : 212327442.000000
filtered : 3461762955.000000
time : 1000.000000
