Parameters: GAD=1 vflib=1 dir=0 label=0 lowerbound=1 fileNameGp=../../cp2016-max-common-connected-subgraph-paper/datasets/graphsdb/mcs70/rand/r01/mcs70_r01_s50.A01 fileNameGt=../../cp2016-max-common-connected-subgraph-paper/datasets/graphsdb/mcs70/rand/r01/mcs70_r01_s50.B01
Reading graphs...
50 :  232
50 :  235
Initializing...
maxdom : 50
D->valSize : 2500
Solving...
Blb : 2 (clique : 18)
currentSize : 18 <-- 0.085513 s
currentSize : 19 <-- 0.085863 s
currentSize : 20 <-- 0.086235 s
currentSize : 21 <-- 0.094699 s
currentSize : 22 <-- 2.053146 s
currentSize : 23 <-- 782.178894 s

TIMEOUT
maxsize : 23
nodes : 136600364.000000
filtered : 2904265782.000000
time : 1000.000305
