Parameters: GAD=1 vflib=1 dir=0 label=0 lowerbound=1 fileNameGp=../../cp2016-max-common-connected-subgraph-paper/datasets/graphsdb/mcs70/m2D/m2Dr4/mcs70_m2Dr4_s40.A09 fileNameGt=../../cp2016-max-common-connected-subgraph-paper/datasets/graphsdb/mcs70/m2D/m2Dr4/mcs70_m2Dr4_s40.B09
Reading graphs...
40 :  83
40 :  81
Initializing...
maxdom : 40
D->valSize : 1600
Solving...
Blb : 2 (clique : 20)
currentSize : 20 <-- 0.036201 s
currentSize : 21 <-- 0.036500 s
currentSize : 22 <-- 0.036710 s
currentSize : 23 <-- 0.036984 s
currentSize : 24 <-- 0.037163 s
currentSize : 25 <-- 0.037912 s
currentSize : 26 <-- 0.481400 s
currentSize : 27 <-- 41.934734 s
currentSize : 28 <-- 601.150818 s

TIMEOUT
maxsize : 28
nodes : 28775141.000000
filtered : 1802161351.000000
time : 1000.000000
