Parameters: GAD=1 vflib=1 dir=0 label=0 lowerbound=1 fileNameGp=../../cp2016-max-common-connected-subgraph-paper/datasets/graphsdb/mcs70/m2D/m2Dr6/mcs70_m2Dr6_s40.A05 fileNameGt=../../cp2016-max-common-connected-subgraph-paper/datasets/graphsdb/mcs70/m2D/m2Dr6/mcs70_m2Dr6_s40.B05
Reading graphs...
40 :  90
40 :  88
Initializing...
maxdom : 40
D->valSize : 1600
Solving...
Blb : 5 (clique : 21)
currentSize : 21 <-- 0.035633 s
currentSize : 22 <-- 0.039276 s
currentSize : 23 <-- 0.090286 s
currentSize : 24 <-- 0.808036 s
currentSize : 25 <-- 8.709090 s
currentSize : 26 <-- 57.340759 s

TIMEOUT
maxsize : 26
nodes : 26570114.000000
filtered : 1434937535.000000
time : 1000.000000
