Parameters: GAD=1 vflib=1 dir=0 label=0 lowerbound=1 fileNameGp=../../cp2016-max-common-connected-subgraph-paper/datasets/graphsdb/mcs70/rand/r005/mcs70_r005_s35.A06 fileNameGt=../../cp2016-max-common-connected-subgraph-paper/datasets/graphsdb/mcs70/rand/r005/mcs70_r005_s35.B06
Reading graphs...
35 :  57
35 :  58
Initializing...
maxdom : 35
D->valSize : 1225
Solving...
Blb : 2 (clique : 20)
currentSize : 20 <-- 0.021099 s
currentSize : 21 <-- 0.021306 s
currentSize : 22 <-- 0.021439 s
currentSize : 23 <-- 0.022151 s
currentSize : 24 <-- 0.079108 s
currentSize : 25 <-- 0.817123 s
currentSize : 26 <-- 4.475022 s

TIMEOUT
maxsize : 26
nodes : 14540470.000000
filtered : 1163152122.000000
time : 1000.000244
