Parameters: GAD=1 vflib=1 dir=0 label=0 lowerbound=1 fileNameGp=../../cp2016-max-common-connected-subgraph-paper/datasets/graphsdb/mcs70/bvg/b06m/mcs70_b06m_s40.A00 fileNameGt=../../cp2016-max-common-connected-subgraph-paper/datasets/graphsdb/mcs70/bvg/b06m/mcs70_b06m_s40.B00
Reading graphs...
40 :  117
40 :  118
Initializing...
maxdom : 40
D->valSize : 1600
Solving...
Blb : 5 (clique : 17)
currentSize : 17 <-- 0.034201 s
currentSize : 18 <-- 0.034414 s
currentSize : 19 <-- 0.034719 s
currentSize : 20 <-- 0.035009 s
currentSize : 21 <-- 0.037019 s
currentSize : 22 <-- 1.747589 s
currentSize : 23 <-- 73.137291 s

TIMEOUT
maxsize : 23
nodes : 47598453.000000
filtered : 2317811928.000000
time : 1000.000366
