Parameters: GAD=1 vflib=1 dir=0 label=0 lowerbound=1 fileNameGp=../../cp2016-max-common-connected-subgraph-paper/datasets/graphsdb/mcs70/bvg/b09m/mcs70_b09m_s50.A02 fileNameGt=../../cp2016-max-common-connected-subgraph-paper/datasets/graphsdb/mcs70/bvg/b09m/mcs70_b09m_s50.B02
Reading graphs...
50 :  221
50 :  221
Initializing...
maxdom : 50
D->valSize : 2500
Solving...
Blb : 2 (clique : 17)
currentSize : 17 <-- 0.086549 s
currentSize : 18 <-- 0.086979 s
currentSize : 19 <-- 0.087040 s
currentSize : 20 <-- 0.091922 s
currentSize : 21 <-- 0.110709 s
currentSize : 22 <-- 0.834541 s
currentSize : 23 <-- 3.092383 s

TIMEOUT
maxsize : 23
nodes : 116144703.000000
filtered : 2901009057.000000
time : 1000.000000
