Parameters: GAD=1 vflib=1 dir=0 label=0 lowerbound=1 fileNameGp=../../cp2016-max-common-connected-subgraph-paper/datasets/graphsdb/mcs70/rand/r01/mcs70_r01_s50.A05 fileNameGt=../../cp2016-max-common-connected-subgraph-paper/datasets/graphsdb/mcs70/rand/r01/mcs70_r01_s50.B05
Reading graphs...
50 :  231
50 :  229
Initializing...
maxdom : 50
D->valSize : 2500
Solving...
Blb : 2 (clique : 17)
currentSize : 17 <-- 0.107731 s
currentSize : 18 <-- 0.108056 s
currentSize : 19 <-- 0.108231 s
currentSize : 20 <-- 0.110360 s
currentSize : 21 <-- 0.763081 s
currentSize : 22 <-- 49.350178 s

TIMEOUT
maxsize : 22
nodes : 139818817.000000
filtered : 2724291603.000000
time : 1000.000000
