Parameters: GAD=1 vflib=1 dir=0 label=0 lowerbound=1 fileNameGp=../../cp2016-max-common-connected-subgraph-paper/datasets/graphsdb/mcs70/m2D/m2Dr4/mcs70_m2Dr4_s40.A06 fileNameGt=../../cp2016-max-common-connected-subgraph-paper/datasets/graphsdb/mcs70/m2D/m2Dr4/mcs70_m2Dr4_s40.B06
Reading graphs...
40 :  82
40 :  81
Initializing...
maxdom : 40
D->valSize : 1600
Solving...
Blb : 2 (clique : 21)
currentSize : 21 <-- 0.035878 s
currentSize : 23 <-- 0.036103 s
currentSize : 24 <-- 0.036155 s
currentSize : 25 <-- 0.114442 s
currentSize : 26 <-- 4.292866 s
currentSize : 27 <-- 315.537292 s

TIMEOUT
maxsize : 27
nodes : 31925551.000000
filtered : 1658693025.000000
time : 1000.000305
