Parameters: GAD=1 vflib=1 dir=0 label=0 lowerbound=1 fileNameGp=../../cp2016-max-common-connected-subgraph-paper/datasets/graphsdb/mcs70/bvg/b06m/mcs70_b06m_s35.A06 fileNameGt=../../cp2016-max-common-connected-subgraph-paper/datasets/graphsdb/mcs70/bvg/b06m/mcs70_b06m_s35.B06
Reading graphs...
35 :  104
35 :  104
Initializing...
maxdom : 35
D->valSize : 1225
Solving...
Blb : 2 (clique : 15)
currentSize : 15 <-- 0.034291 s
currentSize : 16 <-- 0.034672 s
currentSize : 17 <-- 0.038333 s
currentSize : 18 <-- 0.039376 s
currentSize : 19 <-- 0.306697 s
currentSize : 20 <-- 0.936775 s
currentSize : 21 <-- 68.971085 s
currentSize : 22 <-- 220.514999 s
currentSize : 23 <-- 220.717209 s
currentSize : 25 <-- 220.717255 s

maxsize : 25
nodes : 18795322.000000
filtered : 864710583.000000
time : 303.170654
