Parameters: GAD=1 vflib=1 dir=0 label=0 lowerbound=1 fileNameGp=../../cp2016-max-common-connected-subgraph-paper/datasets/graphsdb/mcs70/rand/r01/mcs70_r01_s30.A05 fileNameGt=../../cp2016-max-common-connected-subgraph-paper/datasets/graphsdb/mcs70/rand/r01/mcs70_r01_s30.B05
Reading graphs...
30 :  80
30 :  82
Initializing...
maxdom : 30
D->valSize : 900
Solving...
Blb : 3 (clique : 14)
currentSize : 14 <-- 0.010785 s
currentSize : 15 <-- 0.010929 s
currentSize : 16 <-- 0.011002 s
currentSize : 17 <-- 0.014888 s
currentSize : 18 <-- 0.020289 s
currentSize : 19 <-- 15.514605 s
currentSize : 20 <-- 22.820520 s
currentSize : 21 <-- 22.821833 s

maxsize : 21
nodes : 3034364.000000
filtered : 147911383.000000
time : 48.618626
