Parameters: GAD=1 vflib=1 dir=0 label=0 lowerbound=1 fileNameGp=../../cp2016-max-common-connected-subgraph-paper/datasets/graphsdb/mcs70/m2D/m2Dr4/mcs70_m2Dr4_s35.A00 fileNameGt=../../cp2016-max-common-connected-subgraph-paper/datasets/graphsdb/mcs70/m2D/m2Dr4/mcs70_m2Dr4_s35.B00
Reading graphs...
35 :  72
35 :  71
Initializing...
maxdom : 35
D->valSize : 1225
Solving...
Blb : 2 (clique : 19)
currentSize : 19 <-- 0.020564 s
currentSize : 20 <-- 0.021664 s
currentSize : 21 <-- 0.044264 s
currentSize : 22 <-- 0.560816 s
currentSize : 23 <-- 38.167152 s
currentSize : 24 <-- 146.690628 s

TIMEOUT
maxsize : 24
nodes : 42666934.000000
filtered : 2419308657.000000
time : 1000.000000
