Parameters: GAD=1 vflib=1 dir=0 label=0 lowerbound=1 fileNameGp=../../cp2016-max-common-connected-subgraph-paper/datasets/graphsdb/mcs70/m3D/m3Dr4/mcs70_m3Dr4_s40.A03 fileNameGt=../../cp2016-max-common-connected-subgraph-paper/datasets/graphsdb/mcs70/m3D/m3Dr4/mcs70_m3Dr4_s40.B03
Reading graphs...
40 :  98
40 :  96
Initializing...
maxdom : 40
D->valSize : 1600
Solving...
Blb : 2 (clique : 18)
currentSize : 18 <-- 0.035142 s
currentSize : 19 <-- 0.035342 s
currentSize : 20 <-- 0.035393 s
currentSize : 21 <-- 0.036743 s
currentSize : 22 <-- 0.097819 s
currentSize : 23 <-- 16.541546 s
currentSize : 24 <-- 249.804413 s

TIMEOUT
maxsize : 24
nodes : 40119217.000000
filtered : 1688310405.000000
time : 1000.000000
