Parameters: GAD=1 vflib=1 dir=0 label=0 lowerbound=1 fileNameGp=../../cp2016-max-common-connected-subgraph-paper/datasets/graphsdb/mcs70/bvg/b09/mcs70_b09_s35.A06 fileNameGt=../../cp2016-max-common-connected-subgraph-paper/datasets/graphsdb/mcs70/bvg/b09/mcs70_b09_s35.B06
Reading graphs...
35 :  153
35 :  154
Initializing...
maxdom : 35
D->valSize : 1225
Solving...
Blb : 2 (clique : 13)
currentSize : 13 <-- 0.018357 s
currentSize : 14 <-- 0.018669 s
currentSize : 15 <-- 0.020356 s
currentSize : 16 <-- 0.020626 s
currentSize : 18 <-- 0.209799 s
currentSize : 19 <-- 0.856881 s
currentSize : 20 <-- 0.976431 s
currentSize : 21 <-- 1.153013 s
currentSize : 22 <-- 1.594135 s
currentSize : 24 <-- 1.662983 s
currentSize : 25 <-- 1.663022 s

maxsize : 25
nodes : 2333843.000000
filtered : 99363220.000000
time : 22.774088
