Parameters: GAD=1 vflib=1 dir=0 label=0 lowerbound=1 fileNameGp=../../cp2016-max-common-connected-subgraph-paper/datasets/graphsdb/mcs70/m2D/m2Dr2/mcs70_m2Dr2_s25.A04 fileNameGt=../../cp2016-max-common-connected-subgraph-paper/datasets/graphsdb/mcs70/m2D/m2Dr2/mcs70_m2Dr2_s25.B04
Reading graphs...
25 :  45
25 :  45
Initializing...
maxdom : 25
D->valSize : 625
Solving...
Blb : 2 (clique : 13)
currentSize : 13 <-- 0.009478 s
currentSize : 14 <-- 0.010215 s
currentSize : 15 <-- 0.031594 s
currentSize : 16 <-- 0.057710 s
currentSize : 17 <-- 1.554136 s
currentSize : 18 <-- 28.734383 s

maxsize : 18
nodes : 2180478.000000
filtered : 79125715.000000
time : 31.715864
