Parameters: GAD=1 vflib=1 dir=0 label=0 lowerbound=1 fileNameGp=../../cp2016-max-common-connected-subgraph-paper/datasets/graphsdb/mcs70/bvg/b06m/mcs70_b06m_s50.A04 fileNameGt=../../cp2016-max-common-connected-subgraph-paper/datasets/graphsdb/mcs70/bvg/b06m/mcs70_b06m_s50.B04
Reading graphs...
50 :  147
50 :  148
Initializing...
maxdom : 50
D->valSize : 2500
Solving...
Blb : 2 (clique : 23)
currentSize : 23 <-- 0.092631 s
currentSize : 24 <-- 0.094102 s
currentSize : 25 <-- 0.348323 s
currentSize : 26 <-- 0.420460 s
currentSize : 27 <-- 3.090930 s
currentSize : 28 <-- 24.769707 s

TIMEOUT
maxsize : 28
nodes : 48209956.000000
filtered : 1952388138.000000
time : 1000.000366
