Parameters: GAD=1 vflib=1 dir=0 label=0 lowerbound=1 fileNameGp=../../cp2016-max-common-connected-subgraph-paper/datasets/graphsdb/mcs70/rand/r02/mcs70_r02_s50.A01 fileNameGt=../../cp2016-max-common-connected-subgraph-paper/datasets/graphsdb/mcs70/rand/r02/mcs70_r02_s50.B01
Reading graphs...
50 :  440
50 :  442
Initializing...
maxdom : 50
D->valSize : 2500
Solving...
Blb : 2 (clique : 12)
currentSize : 12 <-- 0.076218 s
currentSize : 13 <-- 0.078276 s
currentSize : 14 <-- 0.079029 s
currentSize : 15 <-- 0.271579 s
currentSize : 16 <-- 2.193433 s
currentSize : 17 <-- 338.408875 s

TIMEOUT
maxsize : 17
nodes : 213563053.000000
filtered : 2340901271.000000
time : 1000.000000
