Parameters: GAD=1 vflib=1 dir=0 label=0 lowerbound=1 fileNameGp=../../cp2016-max-common-connected-subgraph-paper/datasets/graphsdb/mcs70/rand/r02/mcs70_r02_s35.A03 fileNameGt=../../cp2016-max-common-connected-subgraph-paper/datasets/graphsdb/mcs70/rand/r02/mcs70_r02_s35.B03
Reading graphs...
35 :  211
35 :  207
Initializing...
maxdom : 35
D->valSize : 1225
Solving...
Blb : 2 (clique : 12)
currentSize : 12 <-- 0.017594 s
currentSize : 14 <-- 0.033957 s
currentSize : 15 <-- 3.437042 s
currentSize : 16 <-- 3.627037 s
currentSize : 18 <-- 156.438309 s
currentSize : 19 <-- 183.317291 s
currentSize : 20 <-- 326.892853 s
currentSize : 24 <-- 326.893707 s

maxsize : 24
nodes : 68021890.000000
filtered : 1319293190.000000
time : 342.298248
