Parameters: GAD=1 vflib=1 dir=0 label=0 lowerbound=1 fileNameGp=../../cp2016-max-common-connected-subgraph-paper/datasets/graphsdb/mcs70/rand/r005/mcs70_r005_s35.A00 fileNameGt=../../cp2016-max-common-connected-subgraph-paper/datasets/graphsdb/mcs70/rand/r005/mcs70_r005_s35.B00
Reading graphs...
35 :  57
35 :  58
Initializing...
maxdom : 35
D->valSize : 1225
Solving...
Blb : 2 (clique : 19)
currentSize : 19 <-- 0.021157 s
currentSize : 22 <-- 0.021331 s
currentSize : 23 <-- 0.024160 s
currentSize : 24 <-- 0.057225 s
currentSize : 25 <-- 1.269023 s
currentSize : 26 <-- 2.376916 s

TIMEOUT
maxsize : 26
nodes : 13916937.000000
filtered : 1044603336.000000
time : 1000.000183
