Parameters: GAD=1 vflib=1 dir=0 label=0 lowerbound=1 fileNameGp=../../cp2016-max-common-connected-subgraph-paper/datasets/graphsdb/mcs70/bvg/b03/mcs70_b03_s35.A09 fileNameGt=../../cp2016-max-common-connected-subgraph-paper/datasets/graphsdb/mcs70/bvg/b03/mcs70_b03_s35.B09
Reading graphs...
35 :  52
35 :  51
Initializing...
maxdom : 35
D->valSize : 1225
Solving...
Blb : 2 (clique : 25)
currentSize : 25 <-- 0.021700 s
currentSize : 26 <-- 0.278472 s
currentSize : 27 <-- 11.211696 s
currentSize : 28 <-- 17.984659 s
currentSize : 29 <-- 187.881363 s

maxsize : 29
nodes : 3876804.000000
filtered : 301325616.000000
time : 205.692398
