Parameters: GAD=1 vflib=1 dir=0 label=0 lowerbound=1 fileNameGp=../../cp2016-max-common-connected-subgraph-paper/datasets/graphsdb/mcs70/m3D/m3Dr2/mcs70_m3Dr2_s35.A07 fileNameGt=../../cp2016-max-common-connected-subgraph-paper/datasets/graphsdb/mcs70/m3D/m3Dr2/mcs70_m3Dr2_s35.B07
Reading graphs...
35 :  79
35 :  79
Initializing...
maxdom : 35
D->valSize : 1225
Solving...
Blb : 2 (clique : 18)
currentSize : 18 <-- 0.020172 s
currentSize : 19 <-- 0.020582 s
currentSize : 20 <-- 0.024667 s
currentSize : 21 <-- 0.056721 s
currentSize : 22 <-- 0.193489 s
currentSize : 23 <-- 8.551892 s
currentSize : 24 <-- 221.284683 s
currentSize : 25 <-- 359.770660 s
currentSize : 28 <-- 359.771332 s

maxsize : 28
nodes : 18652539.000000
filtered : 755449062.000000
time : 378.926453
