Parameters: GAD=1 vflib=1 dir=0 label=0 lowerbound=1 fileNameGp=../../cp2016-max-common-connected-subgraph-paper/datasets/graphsdb/mcs70/bvg/b03/mcs70_b03_s50.A08 fileNameGt=../../cp2016-max-common-connected-subgraph-paper/datasets/graphsdb/mcs70/bvg/b03/mcs70_b03_s50.B08
Reading graphs...
50 :  75
50 :  75
Initializing...
maxdom : 50
D->valSize : 2500
Solving...
Blb : 2 (clique : 33)
currentSize : 33 <-- 0.099719 s
currentSize : 34 <-- 0.100207 s
currentSize : 35 <-- 0.117479 s
currentSize : 36 <-- 2.689621 s
currentSize : 37 <-- 3.314538 s
currentSize : 38 <-- 3.421471 s
currentSize : 39 <-- 36.896637 s

TIMEOUT
maxsize : 39
nodes : 5721340.000000
filtered : 709801309.000000
time : 1000.003845
