Parameters: GAD=1 vflib=1 dir=0 label=0 lowerbound=1 fileNameGp=../../cp2016-max-common-connected-subgraph-paper/datasets/graphsdb/mcs70/m2D/m2D/mcs70_m2D_s35.A00 fileNameGt=../../cp2016-max-common-connected-subgraph-paper/datasets/graphsdb/mcs70/m2D/m2D/mcs70_m2D_s35.B00
Reading graphs...
35 :  57
35 :  58
Initializing...
maxdom : 35
D->valSize : 1225
Solving...
Blb : 2 (clique : 21)
currentSize : 21 <-- 0.021173 s
currentSize : 22 <-- 0.021356 s
currentSize : 23 <-- 0.028954 s
currentSize : 24 <-- 1.492126 s
currentSize : 25 <-- 10.752224 s
currentSize : 26 <-- 24.316925 s
currentSize : 27 <-- 55.319366 s
currentSize : 28 <-- 55.319420 s

maxsize : 28
nodes : 2567991.000000
filtered : 185543573.000000
time : 256.497162
