Parameters: GAD=1 vflib=1 dir=0 label=0 lowerbound=1 fileNameGp=../../cp2016-max-common-connected-subgraph-paper/datasets/graphsdb/mcs70/m3D/m3Dr6/mcs70_m3Dr6_s35.A06 fileNameGt=../../cp2016-max-common-connected-subgraph-paper/datasets/graphsdb/mcs70/m3D/m3Dr6/mcs70_m3Dr6_s35.B06
Reading graphs...
35 :  92
35 :  91
Initializing...
maxdom : 35
D->valSize : 1225
Solving...
Blb : 3 (clique : 16)
currentSize : 16 <-- 0.035132 s
currentSize : 17 <-- 0.035371 s
currentSize : 18 <-- 0.038471 s
currentSize : 19 <-- 0.055555 s
currentSize : 20 <-- 0.074111 s
currentSize : 21 <-- 4.501651 s
currentSize : 22 <-- 132.562286 s
currentSize : 23 <-- 534.804382 s
currentSize : 24 <-- 854.746216 s
currentSize : 25 <-- 854.746277 s
currentSize : 27 <-- 854.746338 s

maxsize : 27
nodes : 58386588.000000
filtered : 2311695141.000000
time : 875.488708
