Parameters: GAD=1 vflib=1 dir=0 label=0 lowerbound=1 fileNameGp=../../cp2016-max-common-connected-subgraph-paper/datasets/graphsdb/mcs70/m3D/m3Dr4/mcs70_m3Dr4_s35.A05 fileNameGt=../../cp2016-max-common-connected-subgraph-paper/datasets/graphsdb/mcs70/m3D/m3Dr4/mcs70_m3Dr4_s35.B05
Reading graphs...
35 :  85
35 :  85
Initializing...
maxdom : 35
D->valSize : 1225
Solving...
Blb : 2 (clique : 18)
currentSize : 18 <-- 0.020308 s
currentSize : 19 <-- 0.020736 s
currentSize : 20 <-- 0.021640 s
currentSize : 21 <-- 0.066370 s
currentSize : 22 <-- 19.136543 s
currentSize : 23 <-- 212.655289 s
currentSize : 25 <-- 573.611938 s
currentSize : 27 <-- 573.644714 s

maxsize : 27
nodes : 29933258.000000
filtered : 1311196954.000000
time : 619.548889
