Parameters: GAD=1 vflib=1 dir=0 label=0 lowerbound=1 fileNameGp=../../cp2016-max-common-connected-subgraph-paper/datasets/graphsdb/mcs70/bvg/b06/mcs70_b06_s35.A02 fileNameGt=../../cp2016-max-common-connected-subgraph-paper/datasets/graphsdb/mcs70/bvg/b06/mcs70_b06_s35.B02
Reading graphs...
35 :  105
35 :  104
Initializing...
maxdom : 35
D->valSize : 1225
Solving...
Blb : 2 (clique : 16)
currentSize : 16 <-- 0.019506 s
currentSize : 17 <-- 0.019823 s
currentSize : 18 <-- 0.020153 s
currentSize : 19 <-- 0.020216 s
currentSize : 20 <-- 0.034439 s
currentSize : 21 <-- 0.256971 s
currentSize : 22 <-- 0.820758 s
currentSize : 23 <-- 4.580976 s
currentSize : 24 <-- 10.733644 s
currentSize : 25 <-- 10.795564 s
currentSize : 26 <-- 10.795924 s

maxsize : 26
nodes : 2438664.000000
filtered : 145767899.000000
time : 66.649879
