Parameters: GAD=1 vflib=1 dir=0 label=0 lowerbound=1 fileNameGp=../../cp2016-max-common-connected-subgraph-paper/datasets/graphsdb/mcs70/bvg/b03m/mcs70_b03m_s50.A07 fileNameGt=../../cp2016-max-common-connected-subgraph-paper/datasets/graphsdb/mcs70/bvg/b03m/mcs70_b03m_s50.B07
Reading graphs...
50 :  75
50 :  75
Initializing...
maxdom : 50
D->valSize : 2500
Solving...
Blb : 2 (clique : 28)
currentSize : 28 <-- 0.098906 s
currentSize : 33 <-- 0.099320 s
currentSize : 34 <-- 0.099706 s
currentSize : 35 <-- 0.601018 s
currentSize : 36 <-- 2.806423 s
currentSize : 37 <-- 38.820095 s

TIMEOUT
maxsize : 37
nodes : 11249252.000000
filtered : 917257798.000000
time : 1000.000061
