Parameters: GAD=1 vflib=1 dir=0 label=0 lowerbound=1 fileNameGp=../../cp2016-max-common-connected-subgraph-paper/datasets/graphsdb/mcs70/bvg/b06/mcs70_b06_s40.A00 fileNameGt=../../cp2016-max-common-connected-subgraph-paper/datasets/graphsdb/mcs70/bvg/b06/mcs70_b06_s40.B00
Reading graphs...
40 :  119
40 :  118
Initializing...
maxdom : 40
D->valSize : 1600
Solving...
Blb : 2 (clique : 20)
currentSize : 20 <-- 0.034320 s
currentSize : 21 <-- 0.035751 s
currentSize : 22 <-- 0.051286 s
currentSize : 23 <-- 0.065211 s
currentSize : 24 <-- 0.076439 s
currentSize : 25 <-- 0.504580 s
currentSize : 26 <-- 1.037502 s
currentSize : 27 <-- 1.047261 s
currentSize : 28 <-- 2.118911 s
currentSize : 29 <-- 2.119364 s
currentSize : 30 <-- 155.864502 s

maxsize : 30
nodes : 10818504.000000
filtered : 871386808.000000
time : 514.984497
