Parameters: GAD=1 vflib=1 dir=0 label=0 lowerbound=1 fileNameGp=../../cp2016-max-common-connected-subgraph-paper/datasets/graphsdb/mcs70/bvg/b06m/mcs70_b06m_s35.A07 fileNameGt=../../cp2016-max-common-connected-subgraph-paper/datasets/graphsdb/mcs70/bvg/b06m/mcs70_b06m_s35.B07
Reading graphs...
35 :  101
35 :  101
Initializing...
maxdom : 35
D->valSize : 1225
Solving...
Blb : 2 (clique : 16)
currentSize : 16 <-- 0.019565 s
currentSize : 17 <-- 0.019751 s
currentSize : 18 <-- 0.020025 s
currentSize : 19 <-- 0.020202 s
currentSize : 20 <-- 0.050848 s
currentSize : 21 <-- 376.190002 s
currentSize : 22 <-- 376.191193 s
currentSize : 23 <-- 643.180054 s
currentSize : 24 <-- 813.158203 s
currentSize : 25 <-- 967.366760 s

TIMEOUT
maxsize : 25
nodes : 63346173.000000
filtered : 2684030182.000000
time : 1000.000977
