Parameters: GAD=1 vflib=1 dir=0 label=0 lowerbound=1 fileNameGp=../../cp2016-max-common-connected-subgraph-paper/datasets/graphsdb/mcs70/m2D/m2Dr2/mcs70_m2Dr2_s35.A01 fileNameGt=../../cp2016-max-common-connected-subgraph-paper/datasets/graphsdb/mcs70/m2D/m2Dr2/mcs70_m2Dr2_s35.B01
Reading graphs...
35 :  65
35 :  65
Initializing...
maxdom : 35
D->valSize : 1225
Solving...
Blb : 2 (clique : 19)
currentSize : 19 <-- 0.020738 s
currentSize : 20 <-- 0.021050 s
currentSize : 21 <-- 0.021821 s
currentSize : 22 <-- 0.021999 s
currentSize : 23 <-- 0.324394 s
currentSize : 24 <-- 1.448044 s

TIMEOUT
maxsize : 24
nodes : 23546788.000000
filtered : 1274129280.000000
time : 1000.000183
