Parameters: GAD=1 vflib=1 dir=0 label=0 lowerbound=1 fileNameGp=../../cp2016-max-common-connected-subgraph-paper/datasets/graphsdb/mcs70/rand/r02/mcs70_r02_s35.A08 fileNameGt=../../cp2016-max-common-connected-subgraph-paper/datasets/graphsdb/mcs70/rand/r02/mcs70_r02_s35.B08
Reading graphs...
35 :  209
35 :  209
Initializing...
maxdom : 35
D->valSize : 1225
Solving...
Blb : 2 (clique : 10)
currentSize : 10 <-- 0.017533 s
currentSize : 11 <-- 0.017750 s
currentSize : 12 <-- 0.018061 s
currentSize : 13 <-- 0.018187 s
currentSize : 14 <-- 0.060391 s
currentSize : 15 <-- 0.272499 s

TIMEOUT
maxsize : 15
nodes : 240901493.000000
filtered : 2857516953.000000
time : 1000.000000
