Parameters: GAD=1 vflib=1 dir=0 label=0 lowerbound=1 fileNameGp=../../cp2016-max-common-connected-subgraph-paper/datasets/graphsdb/mcs70/m2D/m2Dr4/mcs70_m2Dr4_s50.A06 fileNameGt=../../cp2016-max-common-connected-subgraph-paper/datasets/graphsdb/mcs70/m2D/m2Dr4/mcs70_m2Dr4_s50.B06
Reading graphs...
50 :  104
50 :  104
Initializing...
maxdom : 50
D->valSize : 2500
Solving...
Blb : 2 (clique : 25)
currentSize : 25 <-- 0.096533 s
currentSize : 27 <-- 0.096919 s
currentSize : 28 <-- 0.097070 s
currentSize : 29 <-- 0.098305 s
currentSize : 30 <-- 0.098911 s
currentSize : 31 <-- 0.099075 s
currentSize : 32 <-- 1.026508 s

TIMEOUT
maxsize : 32
nodes : 29588572.000000
filtered : 1825889388.000000
time : 1000.000122
