Parameters: GAD=1 vflib=1 dir=0 label=0 lowerbound=1 fileNameGp=../../cp2016-max-common-connected-subgraph-paper/datasets/graphsdb/mcs70/rand/r01/mcs70_r01_s40.A03 fileNameGt=../../cp2016-max-common-connected-subgraph-paper/datasets/graphsdb/mcs70/rand/r01/mcs70_r01_s40.B03
Reading graphs...
40 :  144
40 :  147
Initializing...
maxdom : 40
D->valSize : 1600
Solving...
Blb : 2 (clique : 16)
currentSize : 16 <-- 0.058541 s
currentSize : 17 <-- 0.077439 s
currentSize : 18 <-- 0.095574 s
currentSize : 19 <-- 0.115751 s
currentSize : 20 <-- 19.186991 s
currentSize : 21 <-- 86.960632 s

TIMEOUT
maxsize : 21
nodes : 104214007.000000
filtered : 2809892696.000000
time : 1000.000000
