Parameters: GAD=1 vflib=1 dir=0 label=0 lowerbound=1 fileNameGp=../../cp2016-max-common-connected-subgraph-paper/datasets/graphsdb/mcs70/m2D/m2Dr2/mcs70_m2Dr2_s50.A08 fileNameGt=../../cp2016-max-common-connected-subgraph-paper/datasets/graphsdb/mcs70/m2D/m2Dr2/mcs70_m2Dr2_s50.B08
Reading graphs...
50 :  95
50 :  95
Initializing...
maxdom : 50
D->valSize : 2500
Solving...
Blb : 2 (clique : 26)
currentSize : 26 <-- 0.116529 s
currentSize : 29 <-- 0.116933 s
currentSize : 31 <-- 0.117126 s
currentSize : 32 <-- 0.118310 s
currentSize : 33 <-- 0.190641 s
currentSize : 34 <-- 18.581251 s

TIMEOUT
maxsize : 34
nodes : 8965594.000000
filtered : 687762286.000000
time : 1000.000305
