Parameters: GAD=1 vflib=1 dir=0 label=0 lowerbound=1 fileNameGp=../../cp2016-max-common-connected-subgraph-paper/datasets/graphsdb/mcs70/bvg/b09/mcs70_b09_s50.A00 fileNameGt=../../cp2016-max-common-connected-subgraph-paper/datasets/graphsdb/mcs70/bvg/b09/mcs70_b09_s50.B00
Reading graphs...
50 :  221
50 :  221
Initializing...
maxdom : 50
D->valSize : 2500
Solving...
Blb : 2 (clique : 18)
currentSize : 18 <-- 0.148753 s
currentSize : 19 <-- 0.149172 s
currentSize : 20 <-- 0.149439 s
currentSize : 21 <-- 0.149870 s
currentSize : 22 <-- 0.151559 s
currentSize : 23 <-- 0.151654 s
currentSize : 24 <-- 0.152817 s
currentSize : 25 <-- 0.154086 s
currentSize : 26 <-- 0.154641 s
currentSize : 29 <-- 0.165802 s
currentSize : 30 <-- 0.165851 s
currentSize : 33 <-- 0.210845 s
currentSize : 34 <-- 0.210918 s

TIMEOUT
maxsize : 34
nodes : 58221399.000000
filtered : 3992553542.000000
time : 1000.000061
