Parameters: GAD=1 vflib=1 dir=0 label=0 lowerbound=1 fileNameGp=../../cp2016-max-common-connected-subgraph-paper/datasets/graphsdb/mcs70/bvg/b09m/mcs70_b09m_s35.A08 fileNameGt=../../cp2016-max-common-connected-subgraph-paper/datasets/graphsdb/mcs70/bvg/b09m/mcs70_b09m_s35.B08
Reading graphs...
35 :  153
35 :  154
Initializing...
maxdom : 35
D->valSize : 1225
Solving...
Blb : 2 (clique : 12)
currentSize : 12 <-- 0.018355 s
currentSize : 13 <-- 0.018494 s
currentSize : 14 <-- 0.018573 s
currentSize : 15 <-- 0.020400 s
currentSize : 16 <-- 0.131657 s
currentSize : 17 <-- 0.426909 s
currentSize : 18 <-- 102.223694 s
currentSize : 20 <-- 102.223831 s
currentSize : 24 <-- 102.898628 s

maxsize : 24
nodes : 19318685.000000
filtered : 465687937.000000
time : 129.072342
