Parameters: GAD=1 vflib=1 dir=0 label=0 lowerbound=1 fileNameGp=../../cp2016-max-common-connected-subgraph-paper/datasets/graphsdb/mcs70/bvg/b06m/mcs70_b06m_s30.A00 fileNameGt=../../cp2016-max-common-connected-subgraph-paper/datasets/graphsdb/mcs70/bvg/b06m/mcs70_b06m_s30.B00
Reading graphs...
30 :  85
30 :  86
Initializing...
maxdom : 30
D->valSize : 900
Solving...
Blb : 2 (clique : 13)
currentSize : 13 <-- 0.010357 s
currentSize : 14 <-- 0.010467 s
currentSize : 15 <-- 0.010489 s
currentSize : 16 <-- 0.010934 s
currentSize : 17 <-- 0.026723 s
currentSize : 18 <-- 0.551515 s
currentSize : 20 <-- 2.715878 s
currentSize : 21 <-- 2.716000 s
currentSize : 22 <-- 3.733012 s
currentSize : 23 <-- 3.733112 s

maxsize : 23
nodes : 351414.000000
filtered : 15273254.000000
time : 5.906301
