Parameters: GAD=1 vflib=1 dir=0 label=0 lowerbound=1 fileNameGp=../../cp2016-max-common-connected-subgraph-paper/datasets/graphsdb/mcs70/bvg/b06/mcs70_b06_s30.A09 fileNameGt=../../cp2016-max-common-connected-subgraph-paper/datasets/graphsdb/mcs70/bvg/b06/mcs70_b06_s30.B09
Reading graphs...
30 :  90
30 :  90
Initializing...
maxdom : 30
D->valSize : 900
Solving...
Blb : 2 (clique : 15)
currentSize : 15 <-- 0.010437 s
currentSize : 16 <-- 0.011301 s
currentSize : 17 <-- 0.011350 s
currentSize : 18 <-- 0.017397 s
currentSize : 19 <-- 0.023876 s
currentSize : 21 <-- 0.025015 s
currentSize : 22 <-- 0.234891 s

maxsize : 22
nodes : 585345.000000
filtered : 25178794.000000
time : 10.596280
