Parameters: GAD=1 vflib=1 dir=0 label=0 lowerbound=1 fileNameGp=../../cp2016-max-common-connected-subgraph-paper/datasets/graphsdb/mcs70/bvg/b03/mcs70_b03_s30.A04 fileNameGt=../../cp2016-max-common-connected-subgraph-paper/datasets/graphsdb/mcs70/bvg/b03/mcs70_b03_s30.B04
Reading graphs...
30 :  45
30 :  45
Initializing...
maxdom : 30
D->valSize : 900
Solving...
Blb : 2 (clique : 17)
currentSize : 17 <-- 0.019976 s
currentSize : 19 <-- 0.020188 s
currentSize : 20 <-- 0.021122 s
currentSize : 21 <-- 0.041946 s
currentSize : 22 <-- 0.111264 s
currentSize : 23 <-- 114.474266 s
currentSize : 24 <-- 131.139740 s
currentSize : 25 <-- 149.258286 s

maxsize : 25
nodes : 3169205.000000
filtered : 177627435.000000
time : 152.812958
