Parameters: GAD=1 vflib=1 dir=0 label=0 lowerbound=1 fileNameGp=../../cp2016-max-common-connected-subgraph-paper/datasets/graphsdb/mcs70/bvg/b09/mcs70_b09_s40.A08 fileNameGt=../../cp2016-max-common-connected-subgraph-paper/datasets/graphsdb/mcs70/bvg/b09/mcs70_b09_s40.B08
Reading graphs...
40 :  179
40 :  180
Initializing...
maxdom : 40
D->valSize : 1600
Solving...
Blb : 2 (clique : 14)
currentSize : 14 <-- 0.032047 s
currentSize : 15 <-- 0.032259 s
currentSize : 16 <-- 0.032744 s
currentSize : 17 <-- 0.032848 s
currentSize : 18 <-- 0.043931 s
currentSize : 19 <-- 0.078749 s
currentSize : 20 <-- 2.802938 s
currentSize : 21 <-- 2.811440 s
currentSize : 23 <-- 5.770623 s
currentSize : 24 <-- 6.421998 s
currentSize : 25 <-- 7.361194 s
currentSize : 26 <-- 18.063795 s
currentSize : 27 <-- 18.063908 s
currentSize : 28 <-- 18.135836 s
currentSize : 29 <-- 154.295135 s

maxsize : 29
nodes : 9839788.000000
filtered : 716750995.000000
time : 167.185394
