Parameters: GAD=1 vflib=1 dir=0 label=0 lowerbound=1 fileNameGp=../../cp2016-max-common-connected-subgraph-paper/datasets/graphsdb/mcs70/m2D/m2Dr2/mcs70_m2Dr2_s50.A05 fileNameGt=../../cp2016-max-common-connected-subgraph-paper/datasets/graphsdb/mcs70/m2D/m2Dr2/mcs70_m2Dr2_s50.B05
Reading graphs...
50 :  94
50 :  94
Initializing...
maxdom : 50
D->valSize : 2500
Solving...
Blb : 2 (clique : 25)
currentSize : 25 <-- 0.097020 s
currentSize : 27 <-- 0.097369 s
currentSize : 28 <-- 0.097504 s
currentSize : 29 <-- 0.098380 s
currentSize : 30 <-- 0.107670 s
currentSize : 31 <-- 0.110704 s
currentSize : 32 <-- 0.569952 s
currentSize : 33 <-- 3.445659 s
currentSize : 34 <-- 15.747195 s

TIMEOUT
maxsize : 34
nodes : 12004725.000000
filtered : 932325561.000000
time : 1000.000183
