Parameters: GAD=1 vflib=1 dir=0 label=0 lowerbound=1 fileNameGp=../../cp2016-max-common-connected-subgraph-paper/datasets/graphsdb/mcs70/bvg/b06m/mcs70_b06m_s30.A05 fileNameGt=../../cp2016-max-common-connected-subgraph-paper/datasets/graphsdb/mcs70/bvg/b06m/mcs70_b06m_s30.B05
Reading graphs...
30 :  86
30 :  88
Initializing...
maxdom : 30
D->valSize : 900
Solving...
Blb : 2 (clique : 16)
currentSize : 16 <-- 0.010432 s
currentSize : 17 <-- 0.024923 s
currentSize : 18 <-- 2.118404 s
currentSize : 19 <-- 8.783016 s
currentSize : 21 <-- 34.610249 s
currentSize : 22 <-- 34.610435 s

maxsize : 22
nodes : 2978887.000000
filtered : 121970774.000000
time : 39.889606
