Parameters: GAD=1 vflib=1 dir=0 label=0 lowerbound=1 fileNameGp=../../cp2016-max-common-connected-subgraph-paper/datasets/graphsdb/mcs70/m3D/m3D/mcs70_m3D_s40.A02 fileNameGt=../../cp2016-max-common-connected-subgraph-paper/datasets/graphsdb/mcs70/m3D/m3D/mcs70_m3D_s40.B02
Reading graphs...
40 :  82
40 :  84
Initializing...
maxdom : 40
D->valSize : 1600
Solving...
Blb : 2 (clique : 20)
currentSize : 20 <-- 0.036031 s
currentSize : 23 <-- 0.036248 s
currentSize : 24 <-- 0.052133 s
currentSize : 25 <-- 0.106505 s
currentSize : 26 <-- 3.335872 s
currentSize : 27 <-- 17.679464 s
currentSize : 28 <-- 116.524529 s

TIMEOUT
maxsize : 28
nodes : 26434128.000000
filtered : 1358486258.000000
time : 1000.000122
