Parameters: GAD=1 vflib=1 dir=0 label=0 lowerbound=1 fileNameGp=../../cp2016-max-common-connected-subgraph-paper/datasets/graphsdb/mcs70/bvg/b09m/mcs70_b09m_s50.A07 fileNameGt=../../cp2016-max-common-connected-subgraph-paper/datasets/graphsdb/mcs70/bvg/b09m/mcs70_b09m_s50.B07
Reading graphs...
50 :  222
50 :  224
Initializing...
maxdom : 50
D->valSize : 2500
Solving...
Blb : 2 (clique : 18)
currentSize : 18 <-- 0.086129 s
currentSize : 19 <-- 0.086391 s
currentSize : 20 <-- 0.087703 s
currentSize : 21 <-- 0.130776 s
currentSize : 22 <-- 0.135864 s
currentSize : 23 <-- 569.566895 s

TIMEOUT
maxsize : 23
nodes : 104356853.000000
filtered : 2396416230.000000
time : 1000.000000
