Parameters: GAD=1 vflib=1 dir=0 label=0 lowerbound=1 fileNameGp=../../cp2016-max-common-connected-subgraph-paper/datasets/graphsdb/mcs70/m2D/m2Dr4/mcs70_m2Dr4_s50.A00 fileNameGt=../../cp2016-max-common-connected-subgraph-paper/datasets/graphsdb/mcs70/m2D/m2Dr4/mcs70_m2Dr4_s50.B00
Reading graphs...
50 :  105
50 :  103
Initializing...
maxdom : 50
D->valSize : 2500
Solving...
Blb : 2 (clique : 27)
currentSize : 27 <-- 0.158964 s
currentSize : 28 <-- 0.159356 s
currentSize : 29 <-- 0.159403 s
currentSize : 30 <-- 0.161746 s
currentSize : 31 <-- 0.244719 s
currentSize : 32 <-- 53.549377 s
currentSize : 33 <-- 251.073898 s

TIMEOUT
maxsize : 33
nodes : 19806092.000000
filtered : 1297192411.000000
time : 1000.000183
