Parameters: GAD=1 vflib=1 dir=0 label=0 lowerbound=1 fileNameGp=../../cp2016-max-common-connected-subgraph-paper/datasets/graphsdb/mcs70/m3D/m3Dr6/mcs70_m3Dr6_s40.A00 fileNameGt=../../cp2016-max-common-connected-subgraph-paper/datasets/graphsdb/mcs70/m3D/m3Dr6/mcs70_m3Dr6_s40.B00
Reading graphs...
40 :  108
40 :  107
Initializing...
maxdom : 40
D->valSize : 1600
Solving...
Blb : 2 (clique : 18)
currentSize : 18 <-- 0.035185 s
currentSize : 19 <-- 0.035375 s
currentSize : 20 <-- 0.035789 s
currentSize : 21 <-- 0.040531 s
currentSize : 22 <-- 0.616592 s
currentSize : 23 <-- 17.678932 s
currentSize : 24 <-- 44.960400 s

TIMEOUT
maxsize : 24
nodes : 34580952.000000
filtered : 1639204458.000000
time : 1000.000061
