Parameters: GAD=1 vflib=1 dir=0 label=0 lowerbound=1 fileNameGp=../../cp2016-max-common-connected-subgraph-paper/datasets/graphsdb/mcs70/m2D/m2Dr2/mcs70_m2Dr2_s50.A00 fileNameGt=../../cp2016-max-common-connected-subgraph-paper/datasets/graphsdb/mcs70/m2D/m2Dr2/mcs70_m2Dr2_s50.B00
Reading graphs...
50 :  93
50 :  93
Initializing...
maxdom : 50
D->valSize : 2500
Solving...
Blb : 2 (clique : 27)
currentSize : 27 <-- 0.097394 s
currentSize : 28 <-- 0.097770 s
currentSize : 29 <-- 0.097970 s
currentSize : 30 <-- 0.102348 s
currentSize : 31 <-- 0.105933 s
currentSize : 32 <-- 0.493464 s
currentSize : 33 <-- 6.526643 s

TIMEOUT
maxsize : 33
nodes : 10764862.000000
filtered : 743887213.000000
time : 1000.000061
