Parameters: GAD=1 vflib=1 dir=0 label=0 lowerbound=1 fileNameGp=../../cp2016-max-common-connected-subgraph-paper/datasets/graphsdb/mcs70/rand/r005/mcs70_r005_s30.A00 fileNameGt=../../cp2016-max-common-connected-subgraph-paper/datasets/graphsdb/mcs70/rand/r005/mcs70_r005_s30.B00
Reading graphs...
30 :  40
30 :  42
Initializing...
maxdom : 30
D->valSize : 900
Solving...
Blb : 2 (clique : 19)
currentSize : 19 <-- 0.011751 s
currentSize : 20 <-- 0.011973 s
currentSize : 21 <-- 0.017791 s
currentSize : 22 <-- 5.188044 s
currentSize : 23 <-- 5.237479 s
currentSize : 24 <-- 188.705902 s

maxsize : 24
nodes : 4216963.000000
filtered : 279061035.000000
time : 261.208954
