Parameters: GAD=1 vflib=1 dir=0 label=0 lowerbound=1 fileNameGp=../../cp2016-max-common-connected-subgraph-paper/datasets/graphsdb/mcs70/m2D/m2Dr6/mcs70_m2Dr6_s35.A00 fileNameGt=../../cp2016-max-common-connected-subgraph-paper/datasets/graphsdb/mcs70/m2D/m2Dr6/mcs70_m2Dr6_s35.B00
Reading graphs...
35 :  78
35 :  77
Initializing...
maxdom : 35
D->valSize : 1225
Solving...
Blb : 2 (clique : 18)
currentSize : 18 <-- 0.020317 s
currentSize : 19 <-- 0.021609 s
currentSize : 20 <-- 0.023554 s
currentSize : 21 <-- 0.024509 s
currentSize : 22 <-- 4.009629 s
currentSize : 23 <-- 9.147562 s
currentSize : 24 <-- 66.848061 s
currentSize : 25 <-- 69.604073 s

TIMEOUT
maxsize : 25
nodes : 29424392.000000
filtered : 1633525735.000000
time : 1000.000000
