Parameters: GAD=1 vflib=1 dir=0 label=0 lowerbound=1 fileNameGp=../../cp2016-max-common-connected-subgraph-paper/datasets/graphsdb/mcs70/bvg/b03/mcs70_b03_s50.A00 fileNameGt=../../cp2016-max-common-connected-subgraph-paper/datasets/graphsdb/mcs70/bvg/b03/mcs70_b03_s50.B00
Reading graphs...
50 :  75
50 :  75
Initializing...
maxdom : 50
D->valSize : 2500
Solving...
Blb : 2 (clique : 33)
currentSize : 33 <-- 0.122371 s
currentSize : 35 <-- 0.122833 s
currentSize : 37 <-- 0.122968 s
currentSize : 38 <-- 0.123221 s
currentSize : 39 <-- 311.304413 s
currentSize : 40 <-- 339.985107 s

TIMEOUT
maxsize : 40
nodes : 13788150.000000
filtered : 940504206.000000
time : 1000.000305
