Parameters: GAD=1 vflib=1 dir=0 label=0 lowerbound=1 fileNameGp=../../cp2016-max-common-connected-subgraph-paper/datasets/graphsdb/mcs70/rand/r02/mcs70_r02_s50.A02 fileNameGt=../../cp2016-max-common-connected-subgraph-paper/datasets/graphsdb/mcs70/rand/r02/mcs70_r02_s50.B02
Reading graphs...
50 :  435
50 :  433
Initializing...
maxdom : 50
D->valSize : 2500
Solving...
Blb : 2 (clique : 12)
currentSize : 12 <-- 0.075786 s
currentSize : 13 <-- 0.076279 s
currentSize : 14 <-- 0.076669 s
currentSize : 15 <-- 0.123302 s
currentSize : 16 <-- 1.822933 s
currentSize : 17 <-- 125.573311 s

TIMEOUT
maxsize : 17
nodes : 217794276.000000
filtered : 2362948773.000000
time : 1000.000000
