Parameters: GAD=1 vflib=1 dir=0 label=0 lowerbound=1 fileNameGp=../../cp2016-max-common-connected-subgraph-paper/datasets/graphsdb/mcs70/m3D/m3Dr6/mcs70_m3Dr6_s40.A02 fileNameGt=../../cp2016-max-common-connected-subgraph-paper/datasets/graphsdb/mcs70/m3D/m3Dr6/mcs70_m3Dr6_s40.B02
Reading graphs...
40 :  107
40 :  102
Initializing...
maxdom : 40
D->valSize : 1600
Solving...
Blb : 2 (clique : 19)
currentSize : 19 <-- 0.061065 s
currentSize : 20 <-- 0.061576 s
currentSize : 21 <-- 0.066385 s
currentSize : 22 <-- 0.294942 s
currentSize : 23 <-- 0.684112 s
currentSize : 24 <-- 125.335960 s

TIMEOUT
maxsize : 24
nodes : 37413164.000000
filtered : 1808796813.000000
time : 1000.000000
