Parameters: GAD=1 vflib=1 dir=0 label=0 lowerbound=1 fileNameGp=../../cp2016-max-common-connected-subgraph-paper/datasets/graphsdb/mcs70/m2D/m2Dr2/mcs70_m2Dr2_s35.A00 fileNameGt=../../cp2016-max-common-connected-subgraph-paper/datasets/graphsdb/mcs70/m2D/m2Dr2/mcs70_m2Dr2_s35.B00
Reading graphs...
35 :  64
35 :  61
Initializing...
maxdom : 35
D->valSize : 1225
Solving...
Blb : 2 (clique : 20)
currentSize : 20 <-- 0.036359 s
currentSize : 21 <-- 0.036550 s
currentSize : 22 <-- 0.036567 s
currentSize : 23 <-- 0.036601 s
currentSize : 24 <-- 0.037422 s
currentSize : 25 <-- 0.121009 s
currentSize : 26 <-- 92.317116 s

TIMEOUT
maxsize : 26
nodes : 23055818.000000
filtered : 1504855719.000000
time : 1000.000000
