Parameters: GAD=1 vflib=1 dir=0 label=0 lowerbound=1 fileNameGp=../../cp2016-max-common-connected-subgraph-paper/datasets/graphsdb/mcs70/m3D/m3Dr6/mcs70_m3Dr6_s40.A06 fileNameGt=../../cp2016-max-common-connected-subgraph-paper/datasets/graphsdb/mcs70/m3D/m3Dr6/mcs70_m3Dr6_s40.B06
Reading graphs...
40 :  104
40 :  107
Initializing...
maxdom : 40
D->valSize : 1600
Solving...
Blb : 2 (clique : 19)
currentSize : 19 <-- 0.034813 s
currentSize : 20 <-- 0.035209 s
currentSize : 21 <-- 0.035885 s
currentSize : 22 <-- 0.038178 s
currentSize : 23 <-- 0.465775 s
currentSize : 24 <-- 15.372547 s
currentSize : 25 <-- 998.659180 s

TIMEOUT
maxsize : 25
nodes : 49674411.000000
filtered : 1971702944.000000
time : 1000.000000
