Parameters: GAD=1 vflib=1 dir=0 label=0 lowerbound=1 fileNameGp=../../cp2016-max-common-connected-subgraph-paper/datasets/graphsdb/mcs70/m2D/m2Dr4/mcs70_m2Dr4_s50.A02 fileNameGt=../../cp2016-max-common-connected-subgraph-paper/datasets/graphsdb/mcs70/m2D/m2Dr4/mcs70_m2Dr4_s50.B02
Reading graphs...
50 :  105
50 :  104
Initializing...
maxdom : 50
D->valSize : 2500
Solving...
Blb : 2 (clique : 26)
currentSize : 26 <-- 0.095779 s
currentSize : 27 <-- 0.103420 s
currentSize : 28 <-- 0.107080 s
currentSize : 29 <-- 0.164528 s
currentSize : 30 <-- 0.200064 s
currentSize : 31 <-- 452.370056 s

TIMEOUT
maxsize : 31
nodes : 24023308.000000
filtered : 1170439181.000000
time : 1000.000305
