Parameters: GAD=1 vflib=1 dir=0 label=0 lowerbound=1 fileNameGp=../../cp2016-max-common-connected-subgraph-paper/datasets/graphsdb/mcs70/m2D/m2D/mcs70_m2D_s35.A01 fileNameGt=../../cp2016-max-common-connected-subgraph-paper/datasets/graphsdb/mcs70/m2D/m2D/mcs70_m2D_s35.B01
Reading graphs...
35 :  57
35 :  58
Initializing...
maxdom : 35
D->valSize : 1225
Solving...
Blb : 2 (clique : 20)
currentSize : 20 <-- 0.021154 s
currentSize : 21 <-- 0.021360 s
currentSize : 22 <-- 0.021661 s
currentSize : 23 <-- 0.022067 s
currentSize : 24 <-- 0.025368 s
currentSize : 25 <-- 0.027552 s
currentSize : 26 <-- 64.273682 s
currentSize : 27 <-- 162.168716 s

maxsize : 27
nodes : 12461989.000000
filtered : 835287955.000000
time : 952.404114
