Parameters: GAD=1 vflib=1 dir=0 label=0 lowerbound=1 fileNameGp=../../cp2016-max-common-connected-subgraph-paper/datasets/graphsdb/mcs70/bvg/b09/mcs70_b09_s25.A06 fileNameGt=../../cp2016-max-common-connected-subgraph-paper/datasets/graphsdb/mcs70/bvg/b09/mcs70_b09_s25.B06
Reading graphs...
25 :  111
25 :  110
Initializing...
maxdom : 25
D->valSize : 625
Solving...
Blb : 3 (clique : 11)
currentSize : 11 <-- 0.008253 s
currentSize : 12 <-- 0.011106 s
currentSize : 13 <-- 0.011178 s
currentSize : 14 <-- 0.026821 s
currentSize : 15 <-- 0.091689 s
currentSize : 16 <-- 0.091792 s
currentSize : 17 <-- 0.152554 s

maxsize : 17
nodes : 221239.000000
filtered : 5903135.000000
time : 1.494137
