Parameters: GAD=1 vflib=1 dir=0 label=0 lowerbound=1 fileNameGp=../../cp2016-max-common-connected-subgraph-paper/datasets/graphsdb/mcs70/rand/r02/mcs70_r02_s25.A06 fileNameGt=../../cp2016-max-common-connected-subgraph-paper/datasets/graphsdb/mcs70/rand/r02/mcs70_r02_s25.B06
Reading graphs...
25 :  109
25 :  111
Initializing...
maxdom : 25
D->valSize : 625
Solving...
Blb : 2 (clique : 9)
currentSize : 9 <-- 0.004728 s
currentSize : 10 <-- 0.004802 s
currentSize : 11 <-- 0.004845 s
currentSize : 12 <-- 0.005537 s
currentSize : 13 <-- 2.122123 s
currentSize : 14 <-- 3.277879 s
currentSize : 17 <-- 3.320466 s

maxsize : 17
nodes : 1081854.000000
filtered : 15395933.000000
time : 4.446468
