Parameters: GAD=1 vflib=1 dir=0 label=0 lowerbound=1 fileNameGp=../../cp2016-max-common-connected-subgraph-paper/datasets/graphsdb/mcs70/rand/r01/mcs70_r01_s30.A06 fileNameGt=../../cp2016-max-common-connected-subgraph-paper/datasets/graphsdb/mcs70/rand/r01/mcs70_r01_s30.B06
Reading graphs...
30 :  83
30 :  81
Initializing...
maxdom : 30
D->valSize : 900
Solving...
Blb : 2 (clique : 14)
currentSize : 14 <-- 0.010432 s
currentSize : 15 <-- 0.011304 s
currentSize : 16 <-- 0.015763 s
currentSize : 17 <-- 0.066331 s
currentSize : 18 <-- 1.081396 s
currentSize : 19 <-- 16.747761 s
currentSize : 21 <-- 35.447418 s

maxsize : 21
nodes : 5516475.000000
filtered : 241324230.000000
time : 73.651703
