Parameters: GAD=1 vflib=1 dir=0 label=0 lowerbound=1 fileNameGp=../../cp2016-max-common-connected-subgraph-paper/datasets/graphsdb/mcs70/bvg/b06/mcs70_b06_s50.A02 fileNameGt=../../cp2016-max-common-connected-subgraph-paper/datasets/graphsdb/mcs70/bvg/b06/mcs70_b06_s50.B02
Reading graphs...
50 :  150
50 :  150
Initializing...
maxdom : 50
D->valSize : 2500
Solving...
Blb : 2 (clique : 25)
currentSize : 25 <-- 0.091737 s
currentSize : 26 <-- 0.460508 s
currentSize : 27 <-- 0.592418 s
currentSize : 28 <-- 24.099268 s
currentSize : 29 <-- 187.987228 s
currentSize : 30 <-- 840.908142 s

TIMEOUT
maxsize : 30
nodes : 31549708.000000
filtered : 2033108132.000000
time : 1000.000488
