Parameters: GAD=1 vflib=1 dir=0 label=0 lowerbound=1 fileNameGp=../../cp2016-max-common-connected-subgraph-paper/datasets/graphsdb/mcs70/m3D/m3Dr4/mcs70_m3Dr4_s35.A02 fileNameGt=../../cp2016-max-common-connected-subgraph-paper/datasets/graphsdb/mcs70/m3D/m3Dr4/mcs70_m3Dr4_s35.B02
Reading graphs...
35 :  84
35 :  85
Initializing...
maxdom : 35
D->valSize : 1225
Solving...
Blb : 5 (clique : 17)
currentSize : 17 <-- 0.020264 s
currentSize : 18 <-- 0.020425 s
currentSize : 19 <-- 0.020512 s
currentSize : 20 <-- 0.025294 s
currentSize : 21 <-- 0.231386 s
currentSize : 22 <-- 3.951871 s
currentSize : 23 <-- 145.987457 s
currentSize : 24 <-- 439.930359 s
currentSize : 25 <-- 451.864990 s
currentSize : 26 <-- 451.865875 s
currentSize : 28 <-- 452.039642 s
currentSize : 29 <-- 452.040131 s

maxsize : 29
nodes : 38657488.000000
filtered : 1360623553.000000
time : 458.227081
