Parameters: GAD=1 vflib=1 dir=0 label=0 lowerbound=1 fileNameGp=../../cp2016-max-common-connected-subgraph-paper/datasets/graphsdb/mcs70/rand/r005/mcs70_r005_s35.A04 fileNameGt=../../cp2016-max-common-connected-subgraph-paper/datasets/graphsdb/mcs70/rand/r005/mcs70_r005_s35.B04
Reading graphs...
35 :  58
35 :  58
Initializing...
maxdom : 35
D->valSize : 1225
Solving...
Blb : 2 (clique : 19)
currentSize : 19 <-- 0.036751 s
currentSize : 20 <-- 0.037025 s
currentSize : 21 <-- 0.037428 s
currentSize : 22 <-- 0.042014 s
currentSize : 23 <-- 0.044496 s
currentSize : 24 <-- 0.044740 s
currentSize : 25 <-- 0.173518 s

TIMEOUT
maxsize : 25
nodes : 13921570.000000
filtered : 771971618.000000
time : 1000.000305
