Parameters: GAD=1 vflib=1 dir=0 label=0 lowerbound=1 fileNameGp=../../cp2016-max-common-connected-subgraph-paper/datasets/graphsdb/mcs70/rand/r005/mcs70_r005_s40.A07 fileNameGt=../../cp2016-max-common-connected-subgraph-paper/datasets/graphsdb/mcs70/rand/r005/mcs70_r005_s40.B07
Reading graphs...
40 :  77
40 :  76
Initializing...
maxdom : 40
D->valSize : 1600
Solving...
Blb : 2 (clique : 23)
currentSize : 23 <-- 0.059910 s
currentSize : 24 <-- 0.060255 s
currentSize : 25 <-- 0.061004 s
currentSize : 26 <-- 0.061431 s
currentSize : 27 <-- 0.061859 s
currentSize : 28 <-- 1.113622 s
currentSize : 29 <-- 784.527710 s

TIMEOUT
maxsize : 29
nodes : 7449471.000000
filtered : 609080714.000000
time : 1000.000061
