Parameters: GAD=1 vflib=1 dir=0 label=0 lowerbound=1 fileNameGp=../../cp2016-max-common-connected-subgraph-paper/datasets/graphsdb/mcs70/bvg/b06/mcs70_b06_s50.A01 fileNameGt=../../cp2016-max-common-connected-subgraph-paper/datasets/graphsdb/mcs70/bvg/b06/mcs70_b06_s50.B01
Reading graphs...
50 :  150
50 :  150
Initializing...
maxdom : 50
D->valSize : 2500
Solving...
Blb : 2 (clique : 22)
currentSize : 22 <-- 0.092462 s
currentSize : 23 <-- 0.093221 s
currentSize : 24 <-- 0.102172 s
currentSize : 25 <-- 0.377725 s
currentSize : 26 <-- 1.537958 s
currentSize : 27 <-- 1.854042 s
currentSize : 28 <-- 3.086376 s

TIMEOUT
maxsize : 28
nodes : 39660784.000000
filtered : 2186233776.000000
time : 1000.000061
