Parameters: GAD=1 vflib=1 dir=0 label=0 lowerbound=1 fileNameGp=../../cp2016-max-common-connected-subgraph-paper/datasets/graphsdb/mcs70/rand/r01/mcs70_r01_s40.A07 fileNameGt=../../cp2016-max-common-connected-subgraph-paper/datasets/graphsdb/mcs70/rand/r01/mcs70_r01_s40.B07
Reading graphs...
40 :  148
40 :  149
Initializing...
maxdom : 40
D->valSize : 1600
Solving...
Blb : 2 (clique : 17)
currentSize : 17 <-- 0.032996 s
currentSize : 18 <-- 0.035874 s
currentSize : 19 <-- 0.323102 s
currentSize : 20 <-- 7.917838 s
currentSize : 21 <-- 273.542175 s
currentSize : 22 <-- 450.509735 s

TIMEOUT
maxsize : 22
nodes : 113531398.000000
filtered : 3118510965.000000
time : 1000.000000
