Parameters: GAD=1 vflib=1 dir=0 label=0 lowerbound=1 fileNameGp=../../cp2016-max-common-connected-subgraph-paper/datasets/graphsdb/mcs70/bvg/b03/mcs70_b03_s30.A07 fileNameGt=../../cp2016-max-common-connected-subgraph-paper/datasets/graphsdb/mcs70/bvg/b03/mcs70_b03_s30.B07
Reading graphs...
30 :  45
30 :  45
Initializing...
maxdom : 30
D->valSize : 900
Solving...
Blb : 2 (clique : 18)
currentSize : 18 <-- 0.019973 s
currentSize : 19 <-- 0.020245 s
currentSize : 20 <-- 0.020379 s
currentSize : 21 <-- 0.025261 s
currentSize : 22 <-- 0.772035 s
currentSize : 23 <-- 0.914684 s
currentSize : 25 <-- 5.893070 s

maxsize : 25
nodes : 235350.000000
filtered : 14953471.000000
time : 11.728792
