Parameters: GAD=1 vflib=1 dir=0 label=0 lowerbound=1 fileNameGp=../../cp2016-max-common-connected-subgraph-paper/datasets/graphsdb/mcs70/bvg/b03m/mcs70_b03m_s30.A06 fileNameGt=../../cp2016-max-common-connected-subgraph-paper/datasets/graphsdb/mcs70/bvg/b03m/mcs70_b03m_s30.B06
Reading graphs...
30 :  44
30 :  44
Initializing...
maxdom : 30
D->valSize : 900
Solving...
Blb : 2 (clique : 17)
currentSize : 17 <-- 0.020150 s
currentSize : 18 <-- 0.020400 s
currentSize : 19 <-- 0.020558 s
currentSize : 20 <-- 0.020798 s
currentSize : 21 <-- 0.022463 s
currentSize : 22 <-- 0.056158 s
currentSize : 23 <-- 182.347778 s

maxsize : 23
nodes : 11286699.000000
filtered : 737479263.000000
time : 415.969574
