Parameters: GAD=1 vflib=1 dir=0 label=0 lowerbound=1 fileNameGp=../../cp2016-max-common-connected-subgraph-paper/datasets/graphsdb/mcs70/bvg/b06/mcs70_b06_s40.A07 fileNameGt=../../cp2016-max-common-connected-subgraph-paper/datasets/graphsdb/mcs70/bvg/b06/mcs70_b06_s40.B07
Reading graphs...
40 :  120
40 :  120
Initializing...
maxdom : 40
D->valSize : 1600
Solving...
Blb : 2 (clique : 20)
currentSize : 20 <-- 0.034398 s
currentSize : 21 <-- 0.034647 s
currentSize : 22 <-- 0.202242 s
currentSize : 23 <-- 29.023287 s
currentSize : 24 <-- 30.442944 s
currentSize : 25 <-- 146.484283 s
currentSize : 26 <-- 146.674835 s
currentSize : 27 <-- 157.148987 s
currentSize : 29 <-- 176.624817 s

TIMEOUT
maxsize : 29
nodes : 26200737.000000
filtered : 1845932982.000000
time : 1000.000366
