Parameters: GAD=1 vflib=1 dir=0 label=0 lowerbound=1 fileNameGp=../../cp2016-max-common-connected-subgraph-paper/datasets/graphsdb/mcs70/bvg/b09m/mcs70_b09m_s50.A05 fileNameGt=../../cp2016-max-common-connected-subgraph-paper/datasets/graphsdb/mcs70/bvg/b09m/mcs70_b09m_s50.B05
Reading graphs...
50 :  220
50 :  220
Initializing...
maxdom : 50
D->valSize : 2500
Solving...
Blb : 5 (clique : 19)
currentSize : 19 <-- 0.086475 s
currentSize : 20 <-- 0.111536 s
currentSize : 21 <-- 0.273445 s
currentSize : 22 <-- 0.282511 s
currentSize : 23 <-- 173.267883 s
currentSize : 24 <-- 771.054504 s

TIMEOUT
maxsize : 24
nodes : 81659741.000000
filtered : 2484828608.000000
time : 1000.000000
