Parameters: GAD=1 vflib=1 dir=0 label=0 lowerbound=1 fileNameGp=../../cp2016-max-common-connected-subgraph-paper/datasets/graphsdb/mcs70/m3D/m3Dr2/mcs70_m3Dr2_s35.A00 fileNameGt=../../cp2016-max-common-connected-subgraph-paper/datasets/graphsdb/mcs70/m3D/m3Dr2/mcs70_m3Dr2_s35.B00
Reading graphs...
35 :  79
35 :  79
Initializing...
maxdom : 35
D->valSize : 1225
Solving...
Blb : 2 (clique : 17)
currentSize : 17 <-- 0.020326 s
currentSize : 19 <-- 0.020490 s
currentSize : 20 <-- 0.020514 s
currentSize : 21 <-- 0.025720 s
currentSize : 22 <-- 0.197266 s
currentSize : 23 <-- 56.037373 s
currentSize : 24 <-- 60.322880 s
currentSize : 25 <-- 672.400146 s
currentSize : 28 <-- 701.790100 s

maxsize : 28
nodes : 33062400.000000
filtered : 1516041666.000000
time : 714.172852
