Parameters: GAD=1 vflib=1 dir=0 label=0 lowerbound=1 fileNameGp=../../cp2016-max-common-connected-subgraph-paper/datasets/graphsdb/mcs70/bvg/b09m/mcs70_b09m_s40.A03 fileNameGt=../../cp2016-max-common-connected-subgraph-paper/datasets/graphsdb/mcs70/bvg/b09m/mcs70_b09m_s40.B03
Reading graphs...
40 :  172
40 :  174
Initializing...
maxdom : 40
D->valSize : 1600
Solving...
Blb : 2 (clique : 16)
currentSize : 16 <-- 0.032213 s
currentSize : 17 <-- 0.036871 s
currentSize : 18 <-- 0.066699 s
currentSize : 19 <-- 7.296594 s
currentSize : 20 <-- 7.298301 s
currentSize : 21 <-- 7.301683 s
currentSize : 22 <-- 7.301759 s
currentSize : 23 <-- 22.567904 s
currentSize : 24 <-- 27.646095 s
currentSize : 25 <-- 33.438992 s
currentSize : 26 <-- 33.439102 s
currentSize : 27 <-- 33.439602 s
currentSize : 28 <-- 33.439728 s

maxsize : 28
nodes : 11296432.000000
filtered : 679930530.000000
time : 177.533203
