Parameters: GAD=1 vflib=1 dir=0 label=0 lowerbound=1 fileNameGp=../../cp2016-max-common-connected-subgraph-paper/datasets/graphsdb/mcs70/bvg/b03/mcs70_b03_s30.A01 fileNameGt=../../cp2016-max-common-connected-subgraph-paper/datasets/graphsdb/mcs70/bvg/b03/mcs70_b03_s30.B01
Reading graphs...
30 :  45
30 :  45
Initializing...
maxdom : 30
D->valSize : 900
Solving...
Blb : 2 (clique : 18)
currentSize : 18 <-- 0.011385 s
currentSize : 20 <-- 0.011521 s
currentSize : 21 <-- 0.011560 s
currentSize : 22 <-- 0.011609 s
currentSize : 23 <-- 0.896942 s
currentSize : 24 <-- 393.419617 s

maxsize : 24
nodes : 6720445.000000
filtered : 380155744.000000
time : 407.773529
