Parameters: GAD=1 vflib=1 dir=0 label=0 lowerbound=1 fileNameGp=../../cp2016-max-common-connected-subgraph-paper/datasets/graphsdb/mcs70/bvg/b06m/mcs70_b06m_s30.A06 fileNameGt=../../cp2016-max-common-connected-subgraph-paper/datasets/graphsdb/mcs70/bvg/b06m/mcs70_b06m_s30.B06
Reading graphs...
30 :  89
30 :  88
Initializing...
maxdom : 30
D->valSize : 900
Solving...
Blb : 2 (clique : 13)
currentSize : 13 <-- 0.010373 s
currentSize : 14 <-- 0.010892 s
currentSize : 15 <-- 0.012109 s
currentSize : 16 <-- 0.014860 s
currentSize : 17 <-- 0.153947 s
currentSize : 18 <-- 5.215732 s
currentSize : 19 <-- 16.061708 s
currentSize : 21 <-- 17.393299 s

maxsize : 21
nodes : 2323161.000000
filtered : 84943992.000000
time : 25.920662
