Parameters: GAD=1 vflib=1 dir=0 label=0 lowerbound=1 fileNameGp=../../cp2016-max-common-connected-subgraph-paper/datasets/graphsdb/mcs70/bvg/b03/mcs70_b03_s35.A05 fileNameGt=../../cp2016-max-common-connected-subgraph-paper/datasets/graphsdb/mcs70/bvg/b03/mcs70_b03_s35.B05
Reading graphs...
35 :  52
35 :  52
Initializing...
maxdom : 35
D->valSize : 1225
Solving...
Blb : 2 (clique : 21)
currentSize : 21 <-- 0.021268 s
currentSize : 22 <-- 0.021464 s
currentSize : 23 <-- 0.021503 s
currentSize : 24 <-- 0.043319 s
currentSize : 25 <-- 0.058534 s
currentSize : 26 <-- 1.795705 s
currentSize : 27 <-- 11.616817 s
currentSize : 28 <-- 97.068214 s

maxsize : 28
nodes : 4971061.000000
filtered : 450100264.000000
time : 495.238708
