Parameters: GAD=1 vflib=1 dir=0 label=0 lowerbound=1 fileNameGp=../../cp2016-max-common-connected-subgraph-paper/datasets/graphsdb/mcs70/m2D/m2Dr6/mcs70_m2Dr6_s35.A06 fileNameGt=../../cp2016-max-common-connected-subgraph-paper/datasets/graphsdb/mcs70/m2D/m2Dr6/mcs70_m2Dr6_s35.B06
Reading graphs...
35 :  79
35 :  78
Initializing...
maxdom : 35
D->valSize : 1225
Solving...
Blb : 2 (clique : 18)
currentSize : 18 <-- 0.020380 s
currentSize : 19 <-- 0.020578 s
currentSize : 20 <-- 0.021349 s
currentSize : 21 <-- 0.032298 s
currentSize : 22 <-- 0.519327 s
currentSize : 23 <-- 0.563350 s
currentSize : 25 <-- 96.402519 s

maxsize : 25
nodes : 26524708.000000
filtered : 1378852303.000000
time : 754.017578
