Parameters: GAD=1 vflib=1 dir=0 label=0 lowerbound=1 fileNameGp=../../cp2016-max-common-connected-subgraph-paper/datasets/graphsdb/mcs70/bvg/b09m/mcs70_b09m_s30.A07 fileNameGt=../../cp2016-max-common-connected-subgraph-paper/datasets/graphsdb/mcs70/bvg/b09m/mcs70_b09m_s30.B07
Reading graphs...
30 :  127
30 :  125
Initializing...
maxdom : 30
D->valSize : 900
Solving...
Blb : 2 (clique : 12)
currentSize : 12 <-- 0.010733 s
currentSize : 13 <-- 0.011059 s
currentSize : 14 <-- 0.012472 s
currentSize : 15 <-- 0.055167 s
currentSize : 16 <-- 4.430588 s
currentSize : 17 <-- 5.091018 s
currentSize : 18 <-- 9.082645 s
currentSize : 19 <-- 23.266968 s
currentSize : 20 <-- 33.612961 s

maxsize : 20
nodes : 4612979.000000
filtered : 152695917.000000
time : 35.406078
