Parameters: GAD=1 vflib=1 dir=0 label=0 lowerbound=1 fileNameGp=../../cp2016-max-common-connected-subgraph-paper/datasets/graphsdb/mcs70/bvg/b09/mcs70_b09_s50.A04 fileNameGt=../../cp2016-max-common-connected-subgraph-paper/datasets/graphsdb/mcs70/bvg/b09/mcs70_b09_s50.B04
Reading graphs...
50 :  225
50 :  224
Initializing...
maxdom : 50
D->valSize : 2500
Solving...
Blb : 2 (clique : 19)
currentSize : 19 <-- 0.086273 s
currentSize : 20 <-- 0.090718 s
currentSize : 21 <-- 0.103894 s
currentSize : 22 <-- 0.217993 s
currentSize : 23 <-- 1.637311 s
currentSize : 24 <-- 1.711812 s
currentSize : 25 <-- 13.298307 s
currentSize : 26 <-- 61.962116 s
currentSize : 27 <-- 61.971004 s
currentSize : 28 <-- 61.977859 s
currentSize : 30 <-- 62.090218 s
currentSize : 31 <-- 132.336609 s
currentSize : 32 <-- 132.337234 s

TIMEOUT
maxsize : 32
nodes : 67068226.000000
filtered : 3995318523.000000
time : 1000.000000
