Parameters: GAD=1 vflib=1 dir=0 label=0 lowerbound=1 fileNameGp=../../cp2016-max-common-connected-subgraph-paper/datasets/graphsdb/mcs70/rand/r02/mcs70_r02_s25.A02 fileNameGt=../../cp2016-max-common-connected-subgraph-paper/datasets/graphsdb/mcs70/rand/r02/mcs70_r02_s25.B02
Reading graphs...
25 :  108
25 :  107
Initializing...
maxdom : 25
D->valSize : 625
Solving...
Blb : 2 (clique : 10)
currentSize : 10 <-- 0.004733 s
currentSize : 11 <-- 0.005215 s
currentSize : 12 <-- 0.005918 s
currentSize : 13 <-- 1.122303 s
currentSize : 14 <-- 1.926475 s
currentSize : 16 <-- 1.926581 s
currentSize : 17 <-- 1.926663 s

maxsize : 17
nodes : 678587.000000
filtered : 11262687.000000
time : 3.070427
