Parameters: GAD=1 vflib=1 dir=0 label=0 lowerbound=1 fileNameGp=../../cp2016-max-common-connected-subgraph-paper/datasets/graphsdb/mcs70/rand/r005/mcs70_r005_s30.A07 fileNameGt=../../cp2016-max-common-connected-subgraph-paper/datasets/graphsdb/mcs70/rand/r005/mcs70_r005_s30.B07
Reading graphs...
30 :  41
30 :  42
Initializing...
maxdom : 30
D->valSize : 900
Solving...
Blb : 2 (clique : 19)
currentSize : 19 <-- 0.020190 s
currentSize : 20 <-- 0.020450 s
currentSize : 21 <-- 0.021542 s
currentSize : 22 <-- 0.035124 s
currentSize : 23 <-- 0.043362 s
currentSize : 24 <-- 0.416508 s

maxsize : 24
nodes : 2642000.000000
filtered : 195657113.000000
time : 115.825493
