Parameters: GAD=1 vflib=1 dir=0 label=0 lowerbound=1 fileNameGp=../../cp2016-max-common-connected-subgraph-paper/datasets/graphsdb/mcs70/m2D/m2Dr6/mcs70_m2Dr6_s40.A03 fileNameGt=../../cp2016-max-common-connected-subgraph-paper/datasets/graphsdb/mcs70/m2D/m2Dr6/mcs70_m2Dr6_s40.B03
Reading graphs...
40 :  90
40 :  89
Initializing...
maxdom : 40
D->valSize : 1600
Solving...
Blb : 2 (clique : 21)
currentSize : 21 <-- 0.035687 s
currentSize : 22 <-- 0.036678 s
currentSize : 23 <-- 0.047410 s
currentSize : 24 <-- 0.151918 s
currentSize : 25 <-- 5.392647 s
currentSize : 26 <-- 693.270142 s

TIMEOUT
maxsize : 26
nodes : 30812898.000000
filtered : 1422082449.000000
time : 1000.000183
