Parameters: GAD=1 vflib=1 dir=0 label=0 lowerbound=1 fileNameGp=../../cp2016-max-common-connected-subgraph-paper/datasets/graphsdb/mcs70/m3D/m3Dr2/mcs70_m3Dr2_s35.A06 fileNameGt=../../cp2016-max-common-connected-subgraph-paper/datasets/graphsdb/mcs70/m3D/m3Dr2/mcs70_m3Dr2_s35.B06
Reading graphs...
35 :  79
35 :  78
Initializing...
maxdom : 35
D->valSize : 1225
Solving...
Blb : 2 (clique : 17)
currentSize : 17 <-- 0.020505 s
currentSize : 19 <-- 0.020661 s
currentSize : 20 <-- 0.029300 s
currentSize : 21 <-- 0.119113 s
currentSize : 22 <-- 11.410450 s
currentSize : 23 <-- 37.552090 s

TIMEOUT
maxsize : 23
nodes : 38044055.000000
filtered : 1625388273.000000
time : 1000.000122
