Parameters: GAD=1 vflib=1 dir=0 label=0 lowerbound=1 fileNameGp=../../cp2016-max-common-connected-subgraph-paper/datasets/graphsdb/mcs70/bvg/b09/mcs70_b09_s40.A09 fileNameGt=../../cp2016-max-common-connected-subgraph-paper/datasets/graphsdb/mcs70/bvg/b09/mcs70_b09_s40.B09
Reading graphs...
40 :  179
40 :  179
Initializing...
maxdom : 40
D->valSize : 1600
Solving...
Blb : 5 (clique : 15)
currentSize : 15 <-- 0.054911 s
currentSize : 16 <-- 0.055137 s
currentSize : 17 <-- 0.055235 s
currentSize : 18 <-- 0.057665 s
currentSize : 19 <-- 0.120261 s
currentSize : 21 <-- 0.434326 s
currentSize : 22 <-- 0.434466 s
currentSize : 23 <-- 0.434757 s
currentSize : 24 <-- 2.982679 s
currentSize : 26 <-- 2.982876 s
currentSize : 28 <-- 2.982945 s
currentSize : 29 <-- 46.654911 s

maxsize : 29
nodes : 8387265.000000
filtered : 554402778.000000
time : 121.429260
