Parameters: GAD=1 vflib=1 dir=0 label=0 lowerbound=1 fileNameGp=../../cp2016-max-common-connected-subgraph-paper/datasets/graphsdb/mcs70/bvg/b09/mcs70_b09_s35.A02 fileNameGt=../../cp2016-max-common-connected-subgraph-paper/datasets/graphsdb/mcs70/bvg/b09/mcs70_b09_s35.B02
Reading graphs...
35 :  153
35 :  154
Initializing...
maxdom : 35
D->valSize : 1225
Solving...
Blb : 2 (clique : 14)
currentSize : 14 <-- 0.018348 s
currentSize : 15 <-- 0.018875 s
currentSize : 16 <-- 0.019872 s
currentSize : 17 <-- 0.020155 s
currentSize : 18 <-- 0.022962 s
currentSize : 19 <-- 0.044198 s
currentSize : 20 <-- 0.044249 s
currentSize : 21 <-- 1.130321 s
currentSize : 22 <-- 1.365528 s
currentSize : 23 <-- 1.365716 s
currentSize : 24 <-- 1.365993 s
currentSize : 25 <-- 2.101001 s

maxsize : 25
nodes : 2291878.000000
filtered : 102083855.000000
time : 23.282696
