Parameters: GAD=1 vflib=1 dir=0 label=0 lowerbound=1 fileNameGp=../../cp2016-max-common-connected-subgraph-paper/datasets/graphsdb/mcs70/m2D/m2Dr4/mcs70_m2Dr4_s35.A07 fileNameGt=../../cp2016-max-common-connected-subgraph-paper/datasets/graphsdb/mcs70/m2D/m2Dr4/mcs70_m2Dr4_s35.B07
Reading graphs...
35 :  72
35 :  72
Initializing...
maxdom : 35
D->valSize : 1225
Solving...
Blb : 5 (clique : 18)
currentSize : 18 <-- 0.020620 s
currentSize : 19 <-- 0.020827 s
currentSize : 20 <-- 0.020981 s
currentSize : 21 <-- 0.021241 s
currentSize : 22 <-- 0.071238 s
currentSize : 23 <-- 1.799599 s

TIMEOUT
maxsize : 23
nodes : 21152416.000000
filtered : 1030681610.000000
time : 1000.000122
