Parameters: GAD=1 vflib=1 dir=0 label=0 lowerbound=1 fileNameGp=../../cp2016-max-common-connected-subgraph-paper/datasets/graphsdb/mcs70/bvg/b06/mcs70_b06_s50.A06 fileNameGt=../../cp2016-max-common-connected-subgraph-paper/datasets/graphsdb/mcs70/bvg/b06/mcs70_b06_s50.B06
Reading graphs...
50 :  149
50 :  149
Initializing...
maxdom : 50
D->valSize : 2500
Solving...
Blb : 2 (clique : 24)
currentSize : 24 <-- 0.092281 s
currentSize : 25 <-- 0.092614 s
currentSize : 26 <-- 0.093458 s
currentSize : 27 <-- 4.635581 s
currentSize : 28 <-- 13.078337 s
currentSize : 29 <-- 956.011047 s

TIMEOUT
maxsize : 29
nodes : 34028886.000000
filtered : 1761635058.000000
time : 1000.000061
