Parameters: GAD=1 vflib=1 dir=0 label=0 lowerbound=1 fileNameGp=../../cp2016-max-common-connected-subgraph-paper/datasets/graphsdb/mcs70/m2D/m2Dr4/mcs70_m2Dr4_s40.A05 fileNameGt=../../cp2016-max-common-connected-subgraph-paper/datasets/graphsdb/mcs70/m2D/m2Dr4/mcs70_m2Dr4_s40.B05
Reading graphs...
40 :  82
40 :  81
Initializing...
maxdom : 40
D->valSize : 1600
Solving...
Blb : 2 (clique : 19)
currentSize : 19 <-- 0.035797 s
currentSize : 22 <-- 0.036014 s
currentSize : 23 <-- 0.036070 s
currentSize : 24 <-- 0.054348 s
currentSize : 25 <-- 1.226342 s
currentSize : 26 <-- 33.349331 s
currentSize : 27 <-- 606.296875 s

TIMEOUT
maxsize : 27
nodes : 29574302.000000
filtered : 1589226525.000000
time : 1000.000000
