Parameters: GAD=1 vflib=1 dir=0 label=0 lowerbound=1 fileNameGp=../../cp2016-max-common-connected-subgraph-paper/datasets/graphsdb/mcs70/m2D/m2Dr6/mcs70_m2Dr6_s40.A09 fileNameGt=../../cp2016-max-common-connected-subgraph-paper/datasets/graphsdb/mcs70/m2D/m2Dr6/mcs70_m2Dr6_s40.B09
Reading graphs...
40 :  89
40 :  87
Initializing...
maxdom : 40
D->valSize : 1600
Solving...
Blb : 2 (clique : 22)
currentSize : 22 <-- 0.035626 s
currentSize : 23 <-- 0.060085 s
currentSize : 24 <-- 0.697337 s
currentSize : 25 <-- 4.839696 s
currentSize : 26 <-- 203.614212 s
currentSize : 27 <-- 756.576538 s

TIMEOUT
maxsize : 27
nodes : 33436107.000000
filtered : 1526172061.000000
time : 1000.000000
