Parameters: GAD=1 vflib=1 dir=0 label=0 lowerbound=1 fileNameGp=../../cp2016-max-common-connected-subgraph-paper/datasets/graphsdb/mcs70/rand/r02/mcs70_r02_s30.A09 fileNameGt=../../cp2016-max-common-connected-subgraph-paper/datasets/graphsdb/mcs70/rand/r02/mcs70_r02_s30.B09
Reading graphs...
30 :  156
30 :  156
Initializing...
maxdom : 30
D->valSize : 900
Solving...
Blb : 5 (clique : 11)
currentSize : 11 <-- 0.010002 s
currentSize : 12 <-- 0.015136 s
currentSize : 13 <-- 0.056859 s
currentSize : 14 <-- 0.759851 s
currentSize : 16 <-- 17.666458 s
currentSize : 17 <-- 55.637928 s
currentSize : 21 <-- 59.959507 s

maxsize : 21
nodes : 13487652.000000
filtered : 226206559.000000
time : 62.167065
