Parameters: GAD=1 vflib=1 dir=0 label=0 lowerbound=1 fileNameGp=../../cp2016-max-common-connected-subgraph-paper/datasets/graphsdb/mcs70/m3D/m3Dr6/mcs70_m3Dr6_s35.A07 fileNameGt=../../cp2016-max-common-connected-subgraph-paper/datasets/graphsdb/mcs70/m3D/m3Dr6/mcs70_m3Dr6_s35.B07
Reading graphs...
35 :  90
35 :  90
Initializing...
maxdom : 35
D->valSize : 1225
Solving...
Blb : 5 (clique : 16)
currentSize : 16 <-- 0.020037 s
currentSize : 17 <-- 0.020226 s
currentSize : 18 <-- 0.020453 s
currentSize : 19 <-- 0.020639 s
currentSize : 20 <-- 0.055925 s
currentSize : 21 <-- 0.110835 s
currentSize : 22 <-- 66.444595 s
currentSize : 23 <-- 568.923584 s
currentSize : 24 <-- 568.925598 s
currentSize : 26 <-- 568.925720 s
currentSize : 27 <-- 568.925720 s

maxsize : 27
nodes : 33858642.000000
filtered : 1477678537.000000
time : 597.354309
