Parameters: GAD=1 vflib=1 dir=0 label=0 lowerbound=1 fileNameGp=../../cp2016-max-common-connected-subgraph-paper/datasets/graphsdb/mcs70/rand/r01/mcs70_r01_s30.A01 fileNameGt=../../cp2016-max-common-connected-subgraph-paper/datasets/graphsdb/mcs70/rand/r01/mcs70_r01_s30.B01
Reading graphs...
30 :  82
30 :  82
Initializing...
maxdom : 30
D->valSize : 900
Solving...
Blb : 2 (clique : 15)
currentSize : 15 <-- 0.010543 s
currentSize : 16 <-- 0.011240 s
currentSize : 17 <-- 0.024404 s
currentSize : 18 <-- 0.105220 s
currentSize : 19 <-- 69.824493 s
currentSize : 20 <-- 76.231438 s
currentSize : 22 <-- 76.231560 s

maxsize : 22
nodes : 7462023.000000
filtered : 217073102.000000
time : 85.397385
