Parameters: GAD=1 vflib=1 dir=0 label=0 lowerbound=1 fileNameGp=../../cp2016-max-common-connected-subgraph-paper/datasets/graphsdb/mcs70/m3D/m3D/mcs70_m3D_s40.A05 fileNameGt=../../cp2016-max-common-connected-subgraph-paper/datasets/graphsdb/mcs70/m3D/m3D/mcs70_m3D_s40.B05
Reading graphs...
40 :  84
40 :  84
Initializing...
maxdom : 40
D->valSize : 1600
Solving...
Blb : 2 (clique : 21)
currentSize : 21 <-- 0.035688 s
currentSize : 22 <-- 0.035914 s
currentSize : 23 <-- 0.035968 s
currentSize : 24 <-- 0.037156 s
currentSize : 25 <-- 0.054511 s
currentSize : 26 <-- 0.178573 s
currentSize : 27 <-- 25.989887 s
currentSize : 28 <-- 26.002293 s
currentSize : 29 <-- 45.155930 s

TIMEOUT
maxsize : 29
nodes : 42362555.000000
filtered : 2013578540.000000
time : 1000.000061
