Parameters: GAD=1 vflib=1 dir=0 label=0 lowerbound=1 fileNameGp=../../cp2016-max-common-connected-subgraph-paper/datasets/graphsdb/mcs70/bvg/b03m/mcs70_b03m_s35.A00 fileNameGt=../../cp2016-max-common-connected-subgraph-paper/datasets/graphsdb/mcs70/bvg/b03m/mcs70_b03m_s35.B00
Reading graphs...
35 :  52
35 :  51
Initializing...
maxdom : 35
D->valSize : 1225
Solving...
Blb : 2 (clique : 22)
currentSize : 22 <-- 0.021394 s
currentSize : 23 <-- 0.023757 s
currentSize : 24 <-- 0.025109 s
currentSize : 25 <-- 9.221839 s
currentSize : 26 <-- 39.721733 s
currentSize : 27 <-- 49.218506 s

TIMEOUT
maxsize : 27
nodes : 13539185.000000
filtered : 996977628.000000
time : 1000.000854
