Parameters: GAD=1 vflib=1 dir=0 label=0 lowerbound=1 fileNameGp=../../cp2016-max-common-connected-subgraph-paper/datasets/graphsdb/mcs70/rand/r02/mcs70_r02_s30.A05 fileNameGt=../../cp2016-max-common-connected-subgraph-paper/datasets/graphsdb/mcs70/rand/r02/mcs70_r02_s30.B05
Reading graphs...
30 :  157
30 :  159
Initializing...
maxdom : 30
D->valSize : 900
Solving...
Blb : 2 (clique : 12)
currentSize : 12 <-- 0.016409 s
currentSize : 13 <-- 0.058846 s
currentSize : 14 <-- 0.784337 s
currentSize : 15 <-- 1.941758 s
currentSize : 16 <-- 24.271441 s
currentSize : 21 <-- 24.271551 s

maxsize : 21
nodes : 5707201.000000
filtered : 101028089.000000
time : 27.977114
