Parameters: GAD=1 vflib=1 dir=0 label=0 lowerbound=1 fileNameGp=../../cp2016-max-common-connected-subgraph-paper/datasets/graphsdb/mcs70/bvg/b09m/mcs70_b09m_s30.A01 fileNameGt=../../cp2016-max-common-connected-subgraph-paper/datasets/graphsdb/mcs70/bvg/b09m/mcs70_b09m_s30.B01
Reading graphs...
30 :  131
30 :  130
Initializing...
maxdom : 30
D->valSize : 900
Solving...
Blb : 5 (clique : 11)
currentSize : 11 <-- 0.009695 s
currentSize : 12 <-- 0.009981 s
currentSize : 13 <-- 0.012257 s
currentSize : 14 <-- 0.354983 s
currentSize : 15 <-- 1.420518 s
currentSize : 16 <-- 33.845070 s
currentSize : 18 <-- 33.845154 s
currentSize : 20 <-- 33.845215 s

maxsize : 20
nodes : 7468989.000000
filtered : 150682291.000000
time : 42.004417
