Parameters: GAD=1 vflib=1 dir=0 label=0 lowerbound=1 fileNameGp=../../cp2016-max-common-connected-subgraph-paper/datasets/graphsdb/mcs70/rand/r01/mcs70_r01_s50.A08 fileNameGt=../../cp2016-max-common-connected-subgraph-paper/datasets/graphsdb/mcs70/rand/r01/mcs70_r01_s50.B08
Reading graphs...
50 :  226
50 :  230
Initializing...
maxdom : 50
D->valSize : 2500
Solving...
Blb : 2 (clique : 17)
currentSize : 17 <-- 0.085580 s
currentSize : 18 <-- 0.085997 s
currentSize : 19 <-- 0.089555 s
currentSize : 20 <-- 0.107405 s
currentSize : 21 <-- 0.385125 s
currentSize : 22 <-- 1.537041 s
currentSize : 23 <-- 191.880066 s

TIMEOUT
maxsize : 23
nodes : 114843361.000000
filtered : 3125533041.000000
time : 1000.000000
