Parameters: GAD=1 vflib=1 dir=0 label=0 lowerbound=1 fileNameGp=../../cp2016-max-common-connected-subgraph-paper/datasets/graphsdb/mcs70/m3D/m3Dr6/mcs70_m3Dr6_s35.A02 fileNameGt=../../cp2016-max-common-connected-subgraph-paper/datasets/graphsdb/mcs70/m3D/m3Dr6/mcs70_m3Dr6_s35.B02
Reading graphs...
35 :  90
35 :  91
Initializing...
maxdom : 35
D->valSize : 1225
Solving...
Blb : 2 (clique : 17)
currentSize : 17 <-- 0.020163 s
currentSize : 18 <-- 0.022589 s
currentSize : 19 <-- 0.023762 s
currentSize : 20 <-- 0.036134 s
currentSize : 21 <-- 1.773792 s
currentSize : 22 <-- 59.825340 s
currentSize : 23 <-- 173.606781 s
currentSize : 24 <-- 448.841187 s
currentSize : 27 <-- 448.841248 s

maxsize : 27
nodes : 23205728.000000
filtered : 1136650420.000000
time : 469.662964
