Parameters: GAD=1 vflib=1 dir=0 label=0 lowerbound=1 fileNameGp=../../cp2016-max-common-connected-subgraph-paper/datasets/graphsdb/mcs70/bvg/b06/mcs70_b06_s30.A06 fileNameGt=../../cp2016-max-common-connected-subgraph-paper/datasets/graphsdb/mcs70/bvg/b06/mcs70_b06_s30.B06
Reading graphs...
30 :  89
30 :  88
Initializing...
maxdom : 30
D->valSize : 900
Solving...
Blb : 2 (clique : 13)
currentSize : 13 <-- 0.018196 s
currentSize : 14 <-- 0.018381 s
currentSize : 15 <-- 0.018459 s
currentSize : 16 <-- 0.020320 s
currentSize : 17 <-- 0.031251 s
currentSize : 18 <-- 0.037261 s
currentSize : 19 <-- 1.544672 s
currentSize : 20 <-- 1.550424 s
currentSize : 21 <-- 1.772236 s
currentSize : 22 <-- 1.840704 s
currentSize : 23 <-- 2.259042 s

maxsize : 23
nodes : 390410.000000
filtered : 14660072.000000
time : 4.797564
