Parameters: GAD=1 vflib=1 dir=0 label=0 lowerbound=1 fileNameGp=../../cp2016-max-common-connected-subgraph-paper/datasets/graphsdb/mcs70/rand/r02/mcs70_r02_s25.A00 fileNameGt=../../cp2016-max-common-connected-subgraph-paper/datasets/graphsdb/mcs70/rand/r02/mcs70_r02_s25.B00
Reading graphs...
25 :  102
25 :  102
Initializing...
maxdom : 25
D->valSize : 625
Solving...
Blb : 2 (clique : 9)
currentSize : 9 <-- 0.004862 s
currentSize : 10 <-- 0.004948 s
currentSize : 11 <-- 0.004991 s
currentSize : 12 <-- 0.009829 s
currentSize : 13 <-- 0.481578 s
currentSize : 14 <-- 6.596615 s
currentSize : 16 <-- 8.605211 s
currentSize : 17 <-- 8.605285 s

maxsize : 17
nodes : 2308471.000000
filtered : 31715883.000000
time : 9.903706
