Parameters: GAD=1 vflib=1 dir=0 label=0 lowerbound=1 fileNameGp=../../cp2016-max-common-connected-subgraph-paper/datasets/graphsdb/mcs70/bvg/b09m/mcs70_b09m_s25.A09 fileNameGt=../../cp2016-max-common-connected-subgraph-paper/datasets/graphsdb/mcs70/bvg/b09m/mcs70_b09m_s25.B09
Reading graphs...
25 :  100
25 :  101
Initializing...
maxdom : 25
D->valSize : 625
Solving...
Blb : 3 (clique : 10)
currentSize : 10 <-- 0.005112 s
currentSize : 11 <-- 0.005218 s
currentSize : 12 <-- 0.006030 s
currentSize : 13 <-- 0.010771 s
currentSize : 14 <-- 0.102768 s
currentSize : 15 <-- 2.588807 s
currentSize : 16 <-- 2.588891 s

maxsize : 16
nodes : 836146.000000
filtered : 16754699.000000
time : 4.150197
