Parameters: GAD=1 vflib=1 dir=0 label=0 lowerbound=1 fileNameGp=../../cp2016-max-common-connected-subgraph-paper/datasets/graphsdb/mcs70/m3D/m3Dr4/mcs70_m3Dr4_s35.A08 fileNameGt=../../cp2016-max-common-connected-subgraph-paper/datasets/graphsdb/mcs70/m3D/m3Dr4/mcs70_m3Dr4_s35.B08
Reading graphs...
35 :  86
35 :  86
Initializing...
maxdom : 35
D->valSize : 1225
Solving...
Blb : 2 (clique : 16)
currentSize : 16 <-- 0.020634 s
currentSize : 19 <-- 0.020781 s
currentSize : 20 <-- 0.020808 s
currentSize : 21 <-- 0.020893 s
currentSize : 22 <-- 0.420866 s
currentSize : 23 <-- 506.398407 s
currentSize : 24 <-- 506.400787 s
currentSize : 25 <-- 506.401276 s
currentSize : 28 <-- 506.401306 s

maxsize : 28
nodes : 25123893.000000
filtered : 1165235267.000000
time : 519.387146
