Parameters: GAD=1 vflib=1 dir=0 label=0 lowerbound=1 fileNameGp=../../cp2016-max-common-connected-subgraph-paper/datasets/graphsdb/mcs70/rand/r01/mcs70_r01_s30.A08 fileNameGt=../../cp2016-max-common-connected-subgraph-paper/datasets/graphsdb/mcs70/rand/r01/mcs70_r01_s30.B08
Reading graphs...
30 :  83
30 :  84
Initializing...
maxdom : 30
D->valSize : 900
Solving...
Blb : 2 (clique : 13)
currentSize : 13 <-- 0.010513 s
currentSize : 14 <-- 0.011033 s
currentSize : 15 <-- 0.011911 s
currentSize : 16 <-- 0.014600 s
currentSize : 17 <-- 0.026659 s
currentSize : 18 <-- 0.217850 s
currentSize : 19 <-- 23.496361 s
currentSize : 20 <-- 59.100960 s
currentSize : 21 <-- 59.295383 s

maxsize : 21
nodes : 6194640.000000
filtered : 207590731.000000
time : 81.560013
