Parameters: GAD=1 vflib=1 dir=0 label=0 lowerbound=1 fileNameGp=../../cp2016-max-common-connected-subgraph-paper/datasets/graphsdb/mcs70/bvg/b06m/mcs70_b06m_s30.A04 fileNameGt=../../cp2016-max-common-connected-subgraph-paper/datasets/graphsdb/mcs70/bvg/b06m/mcs70_b06m_s30.B04
Reading graphs...
30 :  90
30 :  88
Initializing...
maxdom : 30
D->valSize : 900
Solving...
Blb : 2 (clique : 14)
currentSize : 14 <-- 0.010288 s
currentSize : 15 <-- 0.010435 s
currentSize : 16 <-- 0.013627 s
currentSize : 17 <-- 0.013695 s
currentSize : 18 <-- 0.077722 s
currentSize : 20 <-- 4.357432 s
currentSize : 21 <-- 4.357581 s

maxsize : 21
nodes : 1003329.000000
filtered : 47429728.000000
time : 17.427065
