Parameters: GAD=1 vflib=1 dir=0 label=0 lowerbound=1 fileNameGp=../../cp2016-max-common-connected-subgraph-paper/datasets/graphsdb/mcs70/bvg/b09/mcs70_b09_s50.A09 fileNameGt=../../cp2016-max-common-connected-subgraph-paper/datasets/graphsdb/mcs70/bvg/b09/mcs70_b09_s50.B09
Reading graphs...
50 :  222
50 :  222
Initializing...
maxdom : 50
D->valSize : 2500
Solving...
Blb : 2 (clique : 20)
currentSize : 20 <-- 0.086408 s
currentSize : 21 <-- 0.105716 s
currentSize : 22 <-- 0.207496 s
currentSize : 23 <-- 6.152384 s
currentSize : 24 <-- 82.556145 s
currentSize : 25 <-- 139.239792 s
currentSize : 27 <-- 139.239853 s
currentSize : 28 <-- 159.757874 s
currentSize : 29 <-- 219.650436 s
currentSize : 31 <-- 219.654160 s
currentSize : 32 <-- 244.615509 s
currentSize : 34 <-- 315.177612 s
currentSize : 35 <-- 315.177856 s
currentSize : 36 <-- 322.954315 s

TIMEOUT
maxsize : 36
nodes : 71851963.000000
filtered : 4070097559.000000
time : 1000.000061
