Parameters: GAD=1 vflib=1 dir=0 label=0 lowerbound=1 fileNameGp=../../cp2016-max-common-connected-subgraph-paper/datasets/graphsdb/mcs70/m2D/m2D/mcs70_m2D_s40.A07 fileNameGt=../../cp2016-max-common-connected-subgraph-paper/datasets/graphsdb/mcs70/m2D/m2D/mcs70_m2D_s40.B07
Reading graphs...
40 :  66
40 :  67
Initializing...
maxdom : 40
D->valSize : 1600
Solving...
Blb : 2 (clique : 22)
currentSize : 22 <-- 0.036992 s
currentSize : 23 <-- 0.037535 s
currentSize : 24 <-- 0.037978 s
currentSize : 25 <-- 0.038211 s
currentSize : 26 <-- 0.044296 s
currentSize : 27 <-- 1.020311 s
currentSize : 28 <-- 9.277256 s
currentSize : 29 <-- 13.911203 s

TIMEOUT
maxsize : 29
nodes : 13091166.000000
filtered : 937755592.000000
time : 1000.000000
