Parameters: GAD=1 vflib=1 dir=0 label=0 lowerbound=1 fileNameGp=../../cp2016-max-common-connected-subgraph-paper/datasets/graphsdb/mcs90/bvg/b06m/mcs90_b06m_s35.A09 fileNameGt=../../cp2016-max-common-connected-subgraph-paper/datasets/graphsdb/mcs90/bvg/b06m/mcs90_b06m_s35.B09
Reading graphs...
35 :  104
35 :  103
Initializing...
maxdom : 35
D->valSize : 1225
Solving...
Blb : 2 (clique : 15)
currentSize : 15 <-- 0.019446 s
currentSize : 16 <-- 0.019589 s
currentSize : 17 <-- 0.019607 s
currentSize : 18 <-- 0.019640 s
currentSize : 19 <-- 0.610298 s
currentSize : 20 <-- 0.985876 s
currentSize : 21 <-- 70.279999 s
currentSize : 22 <-- 208.179825 s
currentSize : 23 <-- 227.538559 s
currentSize : 25 <-- 227.631668 s
currentSize : 31 <-- 227.642487 s

maxsize : 31
nodes : 15424998.000000
filtered : 527236853.000000
time : 227.999771
