Parameters: GAD=1 vflib=1 dir=0 label=0 lowerbound=1 fileNameGp=../../cp2016-max-common-connected-subgraph-paper/datasets/graphsdb/mcs90/m3D/m3Dr4/mcs90_m3Dr4_s30.A06 fileNameGt=../../cp2016-max-common-connected-subgraph-paper/datasets/graphsdb/mcs90/m3D/m3Dr4/mcs90_m3Dr4_s30.B06
Reading graphs...
30 :  70
30 :  70
Initializing...
maxdom : 30
D->valSize : 900
Solving...
Blb : 2 (clique : 14)
currentSize : 14 <-- 0.010839 s
currentSize : 15 <-- 0.010969 s
currentSize : 16 <-- 0.011279 s
currentSize : 17 <-- 0.012649 s
currentSize : 18 <-- 0.013632 s
currentSize : 19 <-- 2.296890 s
currentSize : 20 <-- 5.016425 s
currentSize : 21 <-- 7.872548 s
currentSize : 27 <-- 8.578391 s

maxsize : 27
nodes : 867436.000000
filtered : 21484171.000000
time : 8.707379
