Parameters: GAD=1 vflib=1 dir=0 label=0 lowerbound=1 fileNameGp=../../cp2016-max-common-connected-subgraph-paper/datasets/graphsdb/mcs90/bvg/b06m/mcs90_b06m_s25.A03 fileNameGt=../../cp2016-max-common-connected-subgraph-paper/datasets/graphsdb/mcs90/bvg/b06m/mcs90_b06m_s25.B03
Reading graphs...
25 :  73
25 :  72
Initializing...
maxdom : 25
D->valSize : 625
Solving...
Blb : 2 (clique : 10)
currentSize : 10 <-- 0.005108 s
currentSize : 11 <-- 0.005227 s
currentSize : 12 <-- 0.005281 s
currentSize : 13 <-- 0.006608 s
currentSize : 14 <-- 0.018812 s
currentSize : 15 <-- 0.663460 s
currentSize : 16 <-- 1.462147 s
currentSize : 17 <-- 1.570034 s
currentSize : 22 <-- 2.019351 s

maxsize : 22
nodes : 316473.000000
filtered : 7471562.000000
time : 2.036899
