Parameters: GAD=1 vflib=1 dir=0 label=0 lowerbound=1 fileNameGp=../../cp2016-max-common-connected-subgraph-paper/datasets/graphsdb/mcs90/rand/r005/mcs90_r005_s40.A05 fileNameGt=../../cp2016-max-common-connected-subgraph-paper/datasets/graphsdb/mcs90/rand/r005/mcs90_r005_s40.B05
Reading graphs...
40 :  77
40 :  77
Initializing...
maxdom : 40
D->valSize : 1600
Solving...
Blb : 2 (clique : 22)
currentSize : 22 <-- 0.063302 s
currentSize : 23 <-- 0.063692 s
currentSize : 24 <-- 0.064366 s
currentSize : 25 <-- 0.067626 s
currentSize : 26 <-- 0.107660 s
currentSize : 27 <-- 0.493211 s
currentSize : 28 <-- 9.489974 s

TIMEOUT
maxsize : 28
nodes : 15994813.000000
filtered : 1175032655.000000
time : 1000.000366
