Parameters: GAD=1 vflib=1 dir=0 label=0 lowerbound=1 fileNameGp=../../cp2016-max-common-connected-subgraph-paper/datasets/graphsdb/mcs90/m3D/m3Dr6/mcs90_m3Dr6_s30.A07 fileNameGt=../../cp2016-max-common-connected-subgraph-paper/datasets/graphsdb/mcs90/m3D/m3Dr6/mcs90_m3Dr6_s30.B07
Reading graphs...
30 :  77
30 :  75
Initializing...
maxdom : 30
D->valSize : 900
Solving...
Blb : 2 (clique : 15)
currentSize : 15 <-- 0.010663 s
currentSize : 16 <-- 0.010826 s
currentSize : 17 <-- 0.013433 s
currentSize : 18 <-- 0.802017 s
currentSize : 19 <-- 16.091881 s
currentSize : 20 <-- 21.583967 s
currentSize : 24 <-- 22.021448 s
currentSize : 27 <-- 22.021486 s

maxsize : 27
nodes : 2482614.000000
filtered : 55533754.000000
time : 22.089861
