Parameters: GAD=1 vflib=1 dir=0 label=0 lowerbound=1 fileNameGp=../../cp2016-max-common-connected-subgraph-paper/datasets/graphsdb/mcs90/bvg/b03m/mcs90_b03m_s35.A03 fileNameGt=../../cp2016-max-common-connected-subgraph-paper/datasets/graphsdb/mcs90/bvg/b03m/mcs90_b03m_s35.B03
Reading graphs...
35 :  52
35 :  52
Initializing...
maxdom : 35
D->valSize : 1225
Solving...
Blb : 2 (clique : 22)
currentSize : 22 <-- 0.021348 s
currentSize : 23 <-- 0.023755 s
currentSize : 24 <-- 0.024793 s
currentSize : 25 <-- 0.025233 s
currentSize : 26 <-- 0.025645 s
currentSize : 27 <-- 0.110204 s
currentSize : 28 <-- 1.947659 s
currentSize : 29 <-- 2.451928 s
currentSize : 30 <-- 2.473260 s

maxsize : 30
nodes : 136983.000000
filtered : 7898375.000000
time : 11.708374
