Parameters: GAD=1 vflib=1 dir=0 label=0 lowerbound=1 fileNameGp=../../cp2016-max-common-connected-subgraph-paper/datasets/graphsdb/mcs90/m2D/m2D/mcs90_m2D_s30.A00 fileNameGt=../../cp2016-max-common-connected-subgraph-paper/datasets/graphsdb/mcs90/m2D/m2D/mcs90_m2D_s30.B00
Reading graphs...
30 :  49
30 :  49
Initializing...
maxdom : 30
D->valSize : 900
Solving...
Blb : 2 (clique : 18)
currentSize : 18 <-- 0.011318 s
currentSize : 19 <-- 0.011477 s
currentSize : 20 <-- 0.011556 s
currentSize : 21 <-- 0.063873 s
currentSize : 22 <-- 0.571897 s
currentSize : 23 <-- 4.376566 s
currentSize : 24 <-- 4.732467 s
currentSize : 25 <-- 4.800409 s
currentSize : 26 <-- 6.547719 s

maxsize : 26
nodes : 260567.000000
filtered : 9952088.000000
time : 7.239595
