Parameters: GAD=1 vflib=1 dir=0 label=0 lowerbound=1 fileNameGp=../../cp2016-max-common-connected-subgraph-paper/datasets/graphsdb/mcs90/bvg/b06m/mcs90_b06m_s35.A04 fileNameGt=../../cp2016-max-common-connected-subgraph-paper/datasets/graphsdb/mcs90/bvg/b06m/mcs90_b06m_s35.B04
Reading graphs...
35 :  103
35 :  104
Initializing...
maxdom : 35
D->valSize : 1225
Solving...
Blb : 2 (clique : 16)
currentSize : 16 <-- 0.034312 s
currentSize : 18 <-- 0.034557 s
currentSize : 19 <-- 0.034974 s
currentSize : 20 <-- 0.035610 s
currentSize : 21 <-- 0.036242 s
currentSize : 22 <-- 0.086725 s
currentSize : 23 <-- 0.086759 s
currentSize : 24 <-- 0.088402 s
currentSize : 26 <-- 0.096830 s
currentSize : 28 <-- 0.096979 s
currentSize : 31 <-- 0.125892 s

maxsize : 31
nodes : 9056.000000
filtered : 834583.000000
time : 0.411923
