Parameters: GAD=1 vflib=1 dir=0 label=0 lowerbound=1 fileNameGp=../../cp2016-max-common-connected-subgraph-paper/datasets/graphsdb/mcs90/bvg/b09m/mcs90_b09m_s35.A08 fileNameGt=../../cp2016-max-common-connected-subgraph-paper/datasets/graphsdb/mcs90/bvg/b09m/mcs90_b09m_s35.B08
Reading graphs...
35 :  151
35 :  151
Initializing...
maxdom : 35
D->valSize : 1225
Solving...
Blb : 2 (clique : 12)
currentSize : 12 <-- 0.018407 s
currentSize : 13 <-- 0.019946 s
currentSize : 14 <-- 0.020169 s
currentSize : 15 <-- 0.058720 s
currentSize : 16 <-- 0.315695 s
currentSize : 17 <-- 2.264739 s
currentSize : 18 <-- 3.087655 s
currentSize : 19 <-- 3.521359 s
currentSize : 20 <-- 3.826038 s
currentSize : 21 <-- 5.360756 s
currentSize : 22 <-- 6.105063 s
currentSize : 23 <-- 6.105156 s
currentSize : 30 <-- 7.841096 s

maxsize : 30
nodes : 1198552.000000
filtered : 33051164.000000
time : 8.373753
