Parameters: GAD=1 vflib=1 dir=0 label=0 lowerbound=1 fileNameGp=../../cp2016-max-common-connected-subgraph-paper/datasets/graphsdb/mcs90/bvg/b09m/mcs90_b09m_s25.A06 fileNameGt=../../cp2016-max-common-connected-subgraph-paper/datasets/graphsdb/mcs90/bvg/b09m/mcs90_b09m_s25.B06
Reading graphs...
25 :  110
25 :  110
Initializing...
maxdom : 25
D->valSize : 625
Solving...
Blb : 5 (clique : 10)
currentSize : 10 <-- 0.004724 s
currentSize : 11 <-- 0.004849 s
currentSize : 12 <-- 0.012480 s
currentSize : 13 <-- 0.364750 s
currentSize : 15 <-- 0.589162 s
currentSize : 17 <-- 1.186328 s
currentSize : 20 <-- 1.187887 s
currentSize : 22 <-- 1.187930 s

maxsize : 22
nodes : 289284.000000
filtered : 4333085.000000
time : 1.208135
