Parameters: GAD=1 vflib=1 dir=0 label=0 lowerbound=1 fileNameGp=../../cp2016-max-common-connected-subgraph-paper/datasets/graphsdb/mcs90/bvg/b09/mcs90_b09_s35.A06 fileNameGt=../../cp2016-max-common-connected-subgraph-paper/datasets/graphsdb/mcs90/bvg/b09/mcs90_b09_s35.B06
Reading graphs...
35 :  156
35 :  157
Initializing...
maxdom : 35
D->valSize : 1225
Solving...
Blb : 2 (clique : 15)
currentSize : 15 <-- 0.032027 s
currentSize : 16 <-- 0.032291 s
currentSize : 17 <-- 0.032606 s
currentSize : 18 <-- 0.033246 s
currentSize : 19 <-- 0.488404 s
currentSize : 20 <-- 0.490957 s
currentSize : 21 <-- 0.772772 s
currentSize : 23 <-- 0.772801 s
currentSize : 27 <-- 0.773223 s
currentSize : 30 <-- 0.773308 s

maxsize : 30
nodes : 141793.000000
filtered : 5742226.000000
time : 1.703994
