Parameters: GAD=1 vflib=1 dir=0 label=0 lowerbound=1 fileNameGp=../../cp2016-max-common-connected-subgraph-paper/datasets/graphsdb/mcs90/m2D/m2Dr6/mcs90_m2Dr6_s30.A05 fileNameGt=../../cp2016-max-common-connected-subgraph-paper/datasets/graphsdb/mcs90/m2D/m2Dr6/mcs90_m2Dr6_s30.B05
Reading graphs...
30 :  66
30 :  65
Initializing...
maxdom : 30
D->valSize : 900
Solving...
Blb : 2 (clique : 15)
currentSize : 15 <-- 0.019126 s
currentSize : 18 <-- 0.019310 s
currentSize : 19 <-- 0.124540 s
currentSize : 20 <-- 7.239013 s
currentSize : 21 <-- 22.879251 s
currentSize : 22 <-- 24.964449 s
currentSize : 23 <-- 27.680565 s
currentSize : 25 <-- 27.684254 s

maxsize : 25
nodes : 1225181.000000
filtered : 55396624.000000
time : 28.466747
