Parameters: GAD=1 vflib=1 dir=0 label=0 lowerbound=1 fileNameGp=../../cp2016-max-common-connected-subgraph-paper/datasets/graphsdb/mcs90/bvg/b09m/mcs90_b09m_s35.A01 fileNameGt=../../cp2016-max-common-connected-subgraph-paper/datasets/graphsdb/mcs90/bvg/b09m/mcs90_b09m_s35.B01
Reading graphs...
35 :  156
35 :  156
Initializing...
maxdom : 35
D->valSize : 1225
Solving...
Blb : 2 (clique : 14)
currentSize : 14 <-- 0.018394 s
currentSize : 15 <-- 0.030803 s
currentSize : 16 <-- 0.063999 s
currentSize : 17 <-- 7.338589 s
currentSize : 18 <-- 12.056143 s
currentSize : 20 <-- 15.455384 s
currentSize : 21 <-- 38.262798 s
currentSize : 24 <-- 38.265766 s
currentSize : 25 <-- 43.956867 s
currentSize : 26 <-- 43.963692 s
currentSize : 30 <-- 43.963745 s

maxsize : 30
nodes : 6016008.000000
filtered : 174423067.000000
time : 44.515152
