Parameters: GAD=1 vflib=1 dir=0 label=0 lowerbound=1 fileNameGp=../../cp2016-max-common-connected-subgraph-paper/datasets/graphsdb/mcs90/bvg/b06/mcs90_b06_s50.A06 fileNameGt=../../cp2016-max-common-connected-subgraph-paper/datasets/graphsdb/mcs90/bvg/b06/mcs90_b06_s50.B06
Reading graphs...
50 :  149
50 :  150
Initializing...
maxdom : 50
D->valSize : 2500
Solving...
Blb : 2 (clique : 25)
currentSize : 25 <-- 0.092147 s
currentSize : 26 <-- 0.122117 s
currentSize : 27 <-- 0.149896 s
currentSize : 28 <-- 0.803849 s
currentSize : 29 <-- 5.676461 s
currentSize : 30 <-- 6.434308 s
currentSize : 31 <-- 9.766801 s
currentSize : 32 <-- 10.442673 s
currentSize : 33 <-- 10.461149 s
currentSize : 34 <-- 10.552857 s
currentSize : 35 <-- 91.961395 s
currentSize : 36 <-- 92.812836 s
currentSize : 37 <-- 160.652832 s
currentSize : 38 <-- 164.241302 s
currentSize : 39 <-- 214.506531 s
currentSize : 40 <-- 214.944244 s
currentSize : 41 <-- 214.953964 s
currentSize : 42 <-- 214.954239 s
currentSize : 43 <-- 216.044525 s
currentSize : 44 <-- 216.045654 s
currentSize : 45 <-- 216.105652 s
currentSize : 46 <-- 217.114731 s

maxsize : 46
nodes : 6073062.000000
filtered : 343292082.000000
time : 218.993408
