Parameters: GAD=1 vflib=1 dir=0 label=0 lowerbound=1 fileNameGp=../../cp2016-max-common-connected-subgraph-paper/datasets/graphsdb/mcs90/m2D/m2Dr4/mcs90_m2Dr4_s50.A08 fileNameGt=../../cp2016-max-common-connected-subgraph-paper/datasets/graphsdb/mcs90/m2D/m2Dr4/mcs90_m2Dr4_s50.B08
Reading graphs...
50 :  105
50 :  105
Initializing...
maxdom : 50
D->valSize : 2500
Solving...
Blb : 2 (clique : 27)
currentSize : 27 <-- 0.096440 s
currentSize : 28 <-- 0.096822 s
currentSize : 29 <-- 0.096935 s
currentSize : 30 <-- 0.099050 s
currentSize : 31 <-- 0.803966 s
currentSize : 32 <-- 37.596897 s

TIMEOUT
maxsize : 32
nodes : 18630029.000000
filtered : 1117999403.000000
time : 1000.000488
