Parameters: GAD=1 vflib=1 dir=0 label=0 lowerbound=1 fileNameGp=../../cp2016-max-common-connected-subgraph-paper/datasets/graphsdb/mcs90/rand/r01/mcs90_r01_s35.A09 fileNameGt=../../cp2016-max-common-connected-subgraph-paper/datasets/graphsdb/mcs90/rand/r01/mcs90_r01_s35.B09
Reading graphs...
35 :  115
35 :  115
Initializing...
maxdom : 35
D->valSize : 1225
Solving...
Blb : 2 (clique : 15)
currentSize : 15 <-- 0.033883 s
currentSize : 17 <-- 0.034103 s
currentSize : 18 <-- 0.058124 s
currentSize : 19 <-- 1.746048 s
currentSize : 20 <-- 12.141662 s
currentSize : 21 <-- 12.141769 s
currentSize : 22 <-- 12.160659 s
currentSize : 31 <-- 93.554939 s

maxsize : 31
nodes : 10144334.000000
filtered : 339877935.000000
time : 93.945015
