Parameters: GAD=1 vflib=1 dir=0 label=0 lowerbound=1 fileNameGp=../../cp2016-max-common-connected-subgraph-paper/datasets/graphsdb/mcs90/rand/r02/mcs90_r02_s35.A02 fileNameGt=../../cp2016-max-common-connected-subgraph-paper/datasets/graphsdb/mcs90/rand/r02/mcs90_r02_s35.B02
Reading graphs...
35 :  214
35 :  214
Initializing...
maxdom : 35
D->valSize : 1225
Solving...
Blb : 2 (clique : 12)
currentSize : 12 <-- 0.017380 s
currentSize : 13 <-- 0.017514 s
currentSize : 14 <-- 0.017578 s
currentSize : 15 <-- 7.657321 s
currentSize : 16 <-- 56.864990 s
currentSize : 18 <-- 62.209503 s
currentSize : 21 <-- 126.997673 s
currentSize : 31 <-- 134.437485 s

maxsize : 31
nodes : 29599179.000000
filtered : 473033766.000000
time : 134.561050
