Parameters: GAD=1 vflib=1 dir=0 label=0 lowerbound=1 fileNameGp=../../cp2016-max-common-connected-subgraph-paper/datasets/graphsdb/mcs90/rand/r02/mcs90_r02_s35.A01 fileNameGt=../../cp2016-max-common-connected-subgraph-paper/datasets/graphsdb/mcs90/rand/r02/mcs90_r02_s35.B01
Reading graphs...
35 :  209
35 :  212
Initializing...
maxdom : 35
D->valSize : 1225
Solving...
Blb : 2 (clique : 11)
currentSize : 11 <-- 0.017545 s
currentSize : 12 <-- 0.017782 s
currentSize : 13 <-- 0.022451 s
currentSize : 14 <-- 0.028729 s
currentSize : 15 <-- 8.915469 s
currentSize : 21 <-- 8.917548 s
currentSize : 31 <-- 37.916077 s

maxsize : 31
nodes : 6891505.000000
filtered : 165007317.000000
time : 38.113419
