Parameters: GAD=1 vflib=1 dir=0 label=0 lowerbound=1 fileNameGp=../../cp2016-max-common-connected-subgraph-paper/datasets/graphsdb/mcs90/bvg/b09/mcs90_b09_s40.A04 fileNameGt=../../cp2016-max-common-connected-subgraph-paper/datasets/graphsdb/mcs90/bvg/b09/mcs90_b09_s40.B04
Reading graphs...
40 :  179
40 :  180
Initializing...
maxdom : 40
D->valSize : 1600
Solving...
Blb : 2 (clique : 14)
currentSize : 14 <-- 0.032001 s
currentSize : 16 <-- 0.032224 s
currentSize : 17 <-- 0.032349 s
currentSize : 18 <-- 0.033116 s
currentSize : 19 <-- 0.034586 s
currentSize : 20 <-- 0.529846 s
currentSize : 21 <-- 0.530582 s
currentSize : 22 <-- 0.540315 s
currentSize : 23 <-- 0.573994 s
currentSize : 24 <-- 0.574063 s
currentSize : 25 <-- 0.807066 s
currentSize : 26 <-- 0.808313 s
currentSize : 27 <-- 0.812597 s
currentSize : 28 <-- 0.814387 s
currentSize : 30 <-- 0.814765 s
currentSize : 32 <-- 0.855577 s
currentSize : 36 <-- 0.876623 s

maxsize : 36
nodes : 151760.000000
filtered : 5349370.000000
time : 1.630743
