Parameters: GAD=1 vflib=1 dir=0 label=0 lowerbound=1 fileNameGp=../../cp2016-max-common-connected-subgraph-paper/datasets/graphsdb/mcs90/rand/r01/mcs90_r01_s35.A07 fileNameGt=../../cp2016-max-common-connected-subgraph-paper/datasets/graphsdb/mcs90/rand/r01/mcs90_r01_s35.B07
Reading graphs...
35 :  112
35 :  112
Initializing...
maxdom : 35
D->valSize : 1225
Solving...
Blb : 2 (clique : 14)
currentSize : 14 <-- 0.019197 s
currentSize : 16 <-- 0.019335 s
currentSize : 17 <-- 0.020673 s
currentSize : 18 <-- 0.026898 s
currentSize : 19 <-- 1.925607 s
currentSize : 20 <-- 26.772900 s
currentSize : 21 <-- 59.982479 s
currentSize : 23 <-- 126.886368 s
currentSize : 25 <-- 126.946495 s
currentSize : 26 <-- 126.948624 s
currentSize : 31 <-- 126.949440 s

maxsize : 31
nodes : 14503354.000000
filtered : 393806490.000000
time : 127.186691
