Parameters: GAD=1 vflib=1 dir=0 label=0 lowerbound=1 fileNameGp=../../cp2016-max-common-connected-subgraph-paper/datasets/graphsdb/mcs90/bvg/b09/mcs90_b09_s35.A00 fileNameGt=../../cp2016-max-common-connected-subgraph-paper/datasets/graphsdb/mcs90/bvg/b09/mcs90_b09_s35.B00
Reading graphs...
35 :  157
35 :  157
Initializing...
maxdom : 35
D->valSize : 1225
Solving...
Blb : 2 (clique : 14)
currentSize : 14 <-- 0.018159 s
currentSize : 15 <-- 0.038290 s
currentSize : 18 <-- 0.137460 s
currentSize : 19 <-- 0.137544 s
currentSize : 22 <-- 0.147350 s
currentSize : 24 <-- 0.186367 s
currentSize : 25 <-- 0.187523 s
currentSize : 26 <-- 0.187552 s
currentSize : 27 <-- 0.211990 s
currentSize : 30 <-- 0.212181 s

maxsize : 30
nodes : 74783.000000
filtered : 3655531.000000
time : 1.097481
