Parameters: GAD=1 vflib=1 dir=0 label=0 lowerbound=1 fileNameGp=../../cp2016-max-common-connected-subgraph-paper/datasets/graphsdb/mcs90/bvg/b06m/mcs90_b06m_s40.A02 fileNameGt=../../cp2016-max-common-connected-subgraph-paper/datasets/graphsdb/mcs90/bvg/b06m/mcs90_b06m_s40.B02
Reading graphs...
40 :  120
40 :  120
Initializing...
maxdom : 40
D->valSize : 1600
Solving...
Blb : 3 (clique : 21)
currentSize : 21 <-- 0.034015 s
currentSize : 22 <-- 1.878495 s
currentSize : 23 <-- 50.947872 s
currentSize : 24 <-- 415.382141 s
currentSize : 25 <-- 554.606628 s
currentSize : 26 <-- 742.282654 s
currentSize : 27 <-- 742.690125 s
currentSize : 28 <-- 795.307922 s
currentSize : 30 <-- 827.667114 s
currentSize : 36 <-- 827.759338 s

maxsize : 36
nodes : 26535466.000000
filtered : 1339832318.000000
time : 828.290344
