Parameters: GAD=1 vflib=1 dir=0 label=0 lowerbound=1 fileNameGp=../../cp2016-max-common-connected-subgraph-paper/datasets/graphsdb/mcs90/bvg/b09/mcs90_b09_s35.A01 fileNameGt=../../cp2016-max-common-connected-subgraph-paper/datasets/graphsdb/mcs90/bvg/b09/mcs90_b09_s35.B01
Reading graphs...
35 :  155
35 :  155
Initializing...
maxdom : 35
D->valSize : 1225
Solving...
Blb : 5 (clique : 16)
currentSize : 16 <-- 0.018181 s
currentSize : 17 <-- 0.019002 s
currentSize : 18 <-- 0.020779 s
currentSize : 19 <-- 0.050306 s
currentSize : 20 <-- 0.050390 s
currentSize : 22 <-- 0.124795 s
currentSize : 23 <-- 0.179331 s
currentSize : 24 <-- 0.179464 s
currentSize : 26 <-- 0.179850 s
currentSize : 28 <-- 0.228001 s
currentSize : 30 <-- 0.228119 s

maxsize : 30
nodes : 89063.000000
filtered : 4910798.000000
time : 1.252951
