Parameters: GAD=1 vflib=1 dir=0 label=0 lowerbound=1 fileNameGp=../../cp2016-max-common-connected-subgraph-paper/datasets/graphsdb/mcs90/rand/r005/mcs90_r005_s40.A09 fileNameGt=../../cp2016-max-common-connected-subgraph-paper/datasets/graphsdb/mcs90/rand/r005/mcs90_r005_s40.B09
Reading graphs...
40 :  75
40 :  74
Initializing...
maxdom : 40
D->valSize : 1600
Solving...
Blb : 2 (clique : 24)
currentSize : 24 <-- 0.036388 s
currentSize : 25 <-- 0.038277 s
currentSize : 26 <-- 0.071317 s
currentSize : 27 <-- 0.312239 s
currentSize : 28 <-- 23.949820 s
currentSize : 29 <-- 277.760864 s
currentSize : 30 <-- 588.699280 s

TIMEOUT
maxsize : 30
nodes : 18527093.000000
filtered : 1091241883.000000
time : 1000.000061
