Parameters: GAD=1 vflib=1 dir=0 label=0 lowerbound=1 fileNameGp=../../cp2016-max-common-connected-subgraph-paper/datasets/graphsdb/mcs90/m2D/m2Dr2/mcs90_m2Dr2_s40.A05 fileNameGt=../../cp2016-max-common-connected-subgraph-paper/datasets/graphsdb/mcs90/m2D/m2Dr2/mcs90_m2Dr2_s40.B05
Reading graphs...
40 :  74
40 :  74
Initializing...
maxdom : 40
D->valSize : 1600
Solving...
Blb : 2 (clique : 24)
currentSize : 24 <-- 0.036438 s
currentSize : 25 <-- 0.065479 s
currentSize : 26 <-- 0.103696 s
currentSize : 27 <-- 1.139427 s
currentSize : 28 <-- 124.974762 s
currentSize : 29 <-- 185.400131 s
currentSize : 30 <-- 213.574051 s
currentSize : 31 <-- 213.574081 s
currentSize : 32 <-- 300.474304 s
currentSize : 33 <-- 300.541138 s
currentSize : 36 <-- 300.546082 s

maxsize : 36
nodes : 6293712.000000
filtered : 355032986.000000
time : 302.296906
