Parameters: GAD=1 vflib=1 dir=0 label=0 lowerbound=1 fileNameGp=../../cp2016-max-common-connected-subgraph-paper/datasets/graphsdb/mcs90/m3D/m3D/mcs90_m3D_s30.A00 fileNameGt=../../cp2016-max-common-connected-subgraph-paper/datasets/graphsdb/mcs90/m3D/m3D/mcs90_m3D_s30.B00
Reading graphs...
30 :  61
30 :  61
Initializing...
maxdom : 30
D->valSize : 900
Solving...
Blb : 2 (clique : 16)
currentSize : 16 <-- 0.011065 s
currentSize : 17 <-- 0.011191 s
currentSize : 18 <-- 0.011233 s
currentSize : 20 <-- 0.011656 s
currentSize : 21 <-- 0.011735 s
currentSize : 22 <-- 0.012909 s
currentSize : 23 <-- 0.155205 s
currentSize : 26 <-- 0.155712 s
currentSize : 27 <-- 0.155864 s

maxsize : 27
nodes : 23287.000000
filtered : 760388.000000
time : 0.421300
