Parameters: GAD=1 vflib=1 dir=0 label=0 lowerbound=1 fileNameGp=../../cp2016-max-common-connected-subgraph-paper/datasets/graphsdb/mcs90/m2D/m2Dr6/mcs90_m2Dr6_s30.A02 fileNameGt=../../cp2016-max-common-connected-subgraph-paper/datasets/graphsdb/mcs90/m2D/m2Dr6/mcs90_m2Dr6_s30.B02
Reading graphs...
30 :  65
30 :  64
Initializing...
maxdom : 30
D->valSize : 900
Solving...
Blb : 2 (clique : 16)
currentSize : 16 <-- 0.010932 s
currentSize : 17 <-- 0.011347 s
currentSize : 18 <-- 0.011514 s
currentSize : 19 <-- 0.012020 s
currentSize : 20 <-- 7.742019 s
currentSize : 24 <-- 19.104259 s
currentSize : 25 <-- 22.355331 s

maxsize : 25
nodes : 1319405.000000
filtered : 45798699.000000
time : 22.805977
