Parameters: GAD=1 vflib=1 dir=0 label=0 lowerbound=1 fileNameGp=../../cp2016-max-common-connected-subgraph-paper/datasets/graphsdb/mcs90/m2D/m2D/mcs90_m2D_s40.A02 fileNameGt=../../cp2016-max-common-connected-subgraph-paper/datasets/graphsdb/mcs90/m2D/m2D/mcs90_m2D_s40.B02
Reading graphs...
40 :  67
40 :  67
Initializing...
maxdom : 40
D->valSize : 1600
Solving...
Blb : 2 (clique : 25)
currentSize : 25 <-- 0.036699 s
currentSize : 26 <-- 0.038969 s
currentSize : 27 <-- 0.085197 s
currentSize : 28 <-- 0.615632 s
currentSize : 29 <-- 2.429922 s
currentSize : 30 <-- 5.351433 s
currentSize : 31 <-- 5.486441 s
currentSize : 32 <-- 6.913702 s
currentSize : 33 <-- 7.267321 s
currentSize : 34 <-- 9.002784 s
currentSize : 35 <-- 9.080407 s
currentSize : 36 <-- 9.080433 s

maxsize : 36
nodes : 181967.000000
filtered : 11878184.000000
time : 13.260818
