Parameters: GAD=1 vflib=1 dir=0 label=0 lowerbound=1 fileNameGp=../../cp2016-max-common-connected-subgraph-paper/datasets/graphsdb/mcs90/rand/r02/mcs90_r02_s40.A01 fileNameGt=../../cp2016-max-common-connected-subgraph-paper/datasets/graphsdb/mcs90/rand/r02/mcs90_r02_s40.B01
Reading graphs...
40 :  287
40 :  283
Initializing...
maxdom : 40
D->valSize : 1600
Solving...
Blb : 2 (clique : 12)
currentSize : 12 <-- 0.050793 s
currentSize : 13 <-- 0.057756 s
currentSize : 14 <-- 0.119767 s
currentSize : 15 <-- 2.023397 s
currentSize : 16 <-- 3.320708 s
currentSize : 18 <-- 17.867516 s
currentSize : 19 <-- 170.659348 s
currentSize : 22 <-- 170.659409 s
currentSize : 23 <-- 212.678833 s
currentSize : 24 <-- 245.548569 s
currentSize : 36 <-- 245.559769 s

maxsize : 36
nodes : 48928359.000000
filtered : 871071085.000000
time : 245.862473
