Parameters: GAD=1 vflib=1 dir=0 label=0 lowerbound=1 fileNameGp=../../cp2016-max-common-connected-subgraph-paper/datasets/graphsdb/mcs90/bvg/b09m/mcs90_b09m_s30.A01 fileNameGt=../../cp2016-max-common-connected-subgraph-paper/datasets/graphsdb/mcs90/bvg/b09m/mcs90_b09m_s30.B01
Reading graphs...
30 :  131
30 :  131
Initializing...
maxdom : 30
D->valSize : 900
Solving...
Blb : 2 (clique : 11)
currentSize : 11 <-- 0.009790 s
currentSize : 12 <-- 0.009926 s
currentSize : 13 <-- 0.010261 s
currentSize : 14 <-- 0.049871 s
currentSize : 15 <-- 0.103462 s
currentSize : 16 <-- 0.103507 s
currentSize : 17 <-- 0.103583 s
currentSize : 18 <-- 0.276935 s
currentSize : 19 <-- 3.367940 s
currentSize : 20 <-- 3.368027 s
currentSize : 26 <-- 3.374791 s

maxsize : 26
nodes : 496387.000000
filtered : 14698084.000000
time : 3.505857
