Parameters: GAD=1 vflib=1 dir=0 label=0 lowerbound=1 fileNameGp=../../cp2016-max-common-connected-subgraph-paper/datasets/graphsdb/mcs90/rand/r02/mcs90_r02_s40.A05 fileNameGt=../../cp2016-max-common-connected-subgraph-paper/datasets/graphsdb/mcs90/rand/r02/mcs90_r02_s40.B05
Reading graphs...
40 :  283
40 :  287
Initializing...
maxdom : 40
D->valSize : 1600
Solving...
Blb : 2 (clique : 10)
currentSize : 10 <-- 0.029512 s
currentSize : 12 <-- 0.029652 s
currentSize : 13 <-- 0.031173 s
currentSize : 14 <-- 0.162027 s
currentSize : 15 <-- 4.955088 s
currentSize : 17 <-- 40.286964 s
currentSize : 18 <-- 175.824051 s
currentSize : 19 <-- 244.442078 s
currentSize : 23 <-- 245.358612 s
currentSize : 28 <-- 318.147736 s
currentSize : 36 <-- 323.368835 s

maxsize : 36
nodes : 63734708.000000
filtered : 1217371231.000000
time : 323.615753
