Parameters: GAD=1 vflib=1 dir=0 label=0 lowerbound=1 fileNameGp=../../cp2016-max-common-connected-subgraph-paper/datasets/graphsdb/mcs90/m2D/m2Dr2/mcs90_m2Dr2_s30.A08 fileNameGt=../../cp2016-max-common-connected-subgraph-paper/datasets/graphsdb/mcs90/m2D/m2Dr2/mcs90_m2Dr2_s30.B08
Reading graphs...
30 :  55
30 :  55
Initializing...
maxdom : 30
D->valSize : 900
Solving...
Blb : 2 (clique : 19)
currentSize : 19 <-- 0.011357 s
currentSize : 20 <-- 0.028276 s
currentSize : 21 <-- 2.999875 s
currentSize : 22 <-- 4.619970 s
currentSize : 23 <-- 16.894739 s
currentSize : 25 <-- 18.826069 s

maxsize : 25
nodes : 651059.000000
filtered : 30202748.000000
time : 20.113607
