Parameters: GAD=1 vflib=1 dir=0 label=0 lowerbound=1 fileNameGp=../../cp2016-max-common-connected-subgraph-paper/datasets/graphsdb/mcs90/bvg/b06m/mcs90_b06m_s30.A04 fileNameGt=../../cp2016-max-common-connected-subgraph-paper/datasets/graphsdb/mcs90/bvg/b06m/mcs90_b06m_s30.B04
Reading graphs...
30 :  88
30 :  88
Initializing...
maxdom : 30
D->valSize : 900
Solving...
Blb : 2 (clique : 14)
currentSize : 14 <-- 0.010921 s
currentSize : 15 <-- 0.011096 s
currentSize : 16 <-- 0.028761 s
currentSize : 17 <-- 0.059207 s
currentSize : 18 <-- 4.278670 s
currentSize : 19 <-- 6.228812 s
currentSize : 20 <-- 12.143860 s
currentSize : 21 <-- 12.147060 s
currentSize : 24 <-- 12.318653 s
currentSize : 27 <-- 12.616021 s

maxsize : 27
nodes : 1269282.000000
filtered : 37717388.000000
time : 12.665164
