Parameters: GAD=1 vflib=1 dir=0 label=0 lowerbound=1 fileNameGp=../../cp2016-max-common-connected-subgraph-paper/datasets/graphsdb/mcs90/bvg/b03m/mcs90_b03m_s40.A03 fileNameGt=../../cp2016-max-common-connected-subgraph-paper/datasets/graphsdb/mcs90/bvg/b03m/mcs90_b03m_s40.B03
Reading graphs...
40 :  59
40 :  59
Initializing...
maxdom : 40
D->valSize : 1600
Solving...
Blb : 2 (clique : 27)
currentSize : 27 <-- 0.037249 s
currentSize : 28 <-- 0.128855 s
currentSize : 29 <-- 1.058867 s
currentSize : 30 <-- 5.635326 s
currentSize : 31 <-- 6.216608 s
currentSize : 32 <-- 26.703222 s
currentSize : 33 <-- 67.135086 s
currentSize : 34 <-- 89.813698 s
currentSize : 36 <-- 111.965256 s

maxsize : 36
nodes : 1022459.000000
filtered : 94356623.000000
time : 115.739082
