Parameters: GAD=1 vflib=1 dir=0 label=0 lowerbound=1 fileNameGp=../../cp2016-max-common-connected-subgraph-paper/datasets/graphsdb/mcs90/rand/r02/mcs90_r02_s30.A04 fileNameGt=../../cp2016-max-common-connected-subgraph-paper/datasets/graphsdb/mcs90/rand/r02/mcs90_r02_s30.B04
Reading graphs...
30 :  153
30 :  152
Initializing...
maxdom : 30
D->valSize : 900
Solving...
Blb : 2 (clique : 11)
currentSize : 11 <-- 0.016356 s
currentSize : 12 <-- 0.017540 s
currentSize : 13 <-- 0.017652 s
currentSize : 14 <-- 0.311845 s
currentSize : 16 <-- 4.297812 s
currentSize : 19 <-- 5.680385 s
currentSize : 27 <-- 6.305823 s

maxsize : 27
nodes : 1487952.000000
filtered : 20635020.000000
time : 6.334485
