Parameters: GAD=1 vflib=1 dir=0 label=0 lowerbound=1 fileNameGp=../../cp2016-max-common-connected-subgraph-paper/datasets/graphsdb/mcs90/m3D/m3Dr6/mcs90_m3Dr6_s30.A03 fileNameGt=../../cp2016-max-common-connected-subgraph-paper/datasets/graphsdb/mcs90/m3D/m3Dr6/mcs90_m3Dr6_s30.B03
Reading graphs...
30 :  78
30 :  76
Initializing...
maxdom : 30
D->valSize : 900
Solving...
Blb : 2 (clique : 16)
currentSize : 16 <-- 0.010669 s
currentSize : 17 <-- 0.011200 s
currentSize : 18 <-- 0.072973 s
currentSize : 19 <-- 26.929445 s
currentSize : 20 <-- 29.808199 s
currentSize : 21 <-- 34.653976 s
currentSize : 22 <-- 35.889816 s
currentSize : 27 <-- 35.920044 s

maxsize : 27
nodes : 4036826.000000
filtered : 103963121.000000
time : 36.036266
