Parameters: GAD=1 vflib=1 dir=0 label=0 lowerbound=1 fileNameGp=../../cp2016-max-common-connected-subgraph-paper/datasets/graphsdb/mcs90/m3D/m3Dr6/mcs90_m3Dr6_s30.A08 fileNameGt=../../cp2016-max-common-connected-subgraph-paper/datasets/graphsdb/mcs90/m3D/m3Dr6/mcs90_m3Dr6_s30.B08
Reading graphs...
30 :  76
30 :  74
Initializing...
maxdom : 30
D->valSize : 900
Solving...
Blb : 2 (clique : 15)
currentSize : 15 <-- 0.010820 s
currentSize : 16 <-- 0.011115 s
currentSize : 17 <-- 0.036036 s
currentSize : 18 <-- 0.036134 s
currentSize : 19 <-- 0.042864 s
currentSize : 20 <-- 5.955803 s
currentSize : 21 <-- 6.336167 s
currentSize : 24 <-- 7.104238 s
currentSize : 27 <-- 7.104285 s

maxsize : 27
nodes : 630000.000000
filtered : 19455328.000000
time : 7.149369
