Parameters: GAD=1 vflib=1 dir=0 label=0 lowerbound=1 fileNameGp=../../cp2016-max-common-connected-subgraph-paper/datasets/graphsdb/mcs90/bvg/b03/mcs90_b03_s40.A06 fileNameGt=../../cp2016-max-common-connected-subgraph-paper/datasets/graphsdb/mcs90/bvg/b03/mcs90_b03_s40.B06
Reading graphs...
40 :  59
40 :  60
Initializing...
maxdom : 40
D->valSize : 1600
Solving...
Blb : 2 (clique : 29)
currentSize : 29 <-- 0.037114 s
currentSize : 30 <-- 0.037466 s
currentSize : 31 <-- 0.038110 s
currentSize : 32 <-- 0.041489 s
currentSize : 33 <-- 0.046492 s
currentSize : 34 <-- 0.087076 s
currentSize : 35 <-- 0.117006 s
currentSize : 36 <-- 0.144974 s
currentSize : 37 <-- 0.155224 s
currentSize : 38 <-- 0.160348 s

maxsize : 38
nodes : 2031.000000
filtered : 161772.000000
time : 0.492444
