Parameters: GAD=1 vflib=1 dir=0 label=0 lowerbound=1 fileNameGp=../../cp2016-max-common-connected-subgraph-paper/datasets/graphsdb/mcs90/m2D/m2D/mcs90_m2D_s30.A07 fileNameGt=../../cp2016-max-common-connected-subgraph-paper/datasets/graphsdb/mcs90/m2D/m2D/mcs90_m2D_s30.B07
Reading graphs...
30 :  49
30 :  49
Initializing...
maxdom : 30
D->valSize : 900
Solving...
Blb : 2 (clique : 20)
currentSize : 20 <-- 0.011702 s
currentSize : 21 <-- 0.016723 s
currentSize : 22 <-- 0.206808 s
currentSize : 23 <-- 1.777496 s
currentSize : 24 <-- 5.668602 s
currentSize : 25 <-- 5.668718 s
currentSize : 26 <-- 5.694837 s
currentSize : 27 <-- 5.924025 s

maxsize : 27
nodes : 175741.000000
filtered : 8568285.000000
time : 6.047509
