Parameters: GAD=1 vflib=1 dir=0 label=0 lowerbound=1 fileNameGp=../../cp2016-max-common-connected-subgraph-paper/datasets/graphsdb/mcs90/m3D/m3D/mcs90_m3D_s30.A07 fileNameGt=../../cp2016-max-common-connected-subgraph-paper/datasets/graphsdb/mcs90/m3D/m3D/mcs90_m3D_s30.B07
Reading graphs...
30 :  61
30 :  61
Initializing...
maxdom : 30
D->valSize : 900
Solving...
Blb : 2 (clique : 15)
currentSize : 15 <-- 0.011059 s
currentSize : 17 <-- 0.011174 s
currentSize : 18 <-- 0.011510 s
currentSize : 19 <-- 0.027039 s
currentSize : 20 <-- 0.073263 s
currentSize : 21 <-- 0.087360 s
currentSize : 23 <-- 0.107407 s
currentSize : 24 <-- 0.500866 s
currentSize : 25 <-- 2.533537 s
currentSize : 27 <-- 3.234657 s

maxsize : 27
nodes : 110573.000000
filtered : 5678981.000000
time : 3.308676
