Parameters: GAD=1 vflib=1 dir=0 label=0 lowerbound=1 fileNameGp=../../cp2016-max-common-connected-subgraph-paper/datasets/graphsdb/mcs90/bvg/b06m/mcs90_b06m_s50.A07 fileNameGt=../../cp2016-max-common-connected-subgraph-paper/datasets/graphsdb/mcs90/bvg/b06m/mcs90_b06m_s50.B07
Reading graphs...
50 :  149
50 :  150
Initializing...
maxdom : 50
D->valSize : 2500
Solving...
Blb : 2 (clique : 22)
currentSize : 22 <-- 0.092398 s
currentSize : 23 <-- 0.092724 s
currentSize : 24 <-- 0.092916 s
currentSize : 25 <-- 0.093476 s
currentSize : 26 <-- 0.717198 s
currentSize : 27 <-- 8.384051 s
currentSize : 28 <-- 228.493927 s

TIMEOUT
maxsize : 28
nodes : 45725198.000000
filtered : 1882454141.000000
time : 1000.000122
