Parameters: GAD=1 vflib=1 dir=0 label=0 lowerbound=1 fileNameGp=../../cp2016-max-common-connected-subgraph-paper/datasets/graphsdb/mcs90/m2D/m2D/mcs90_m2D_s40.A05 fileNameGt=../../cp2016-max-common-connected-subgraph-paper/datasets/graphsdb/mcs90/m2D/m2D/mcs90_m2D_s40.B05
Reading graphs...
40 :  67
40 :  67
Initializing...
maxdom : 40
D->valSize : 1600
Solving...
Blb : 2 (clique : 27)
currentSize : 27 <-- 0.036830 s
currentSize : 28 <-- 0.040863 s
currentSize : 29 <-- 0.042656 s
currentSize : 30 <-- 0.047414 s
currentSize : 32 <-- 0.048925 s
currentSize : 33 <-- 5.690904 s
currentSize : 34 <-- 7.488438 s
currentSize : 36 <-- 7.490777 s
currentSize : 37 <-- 8.115134 s

maxsize : 37
nodes : 35595.000000
filtered : 4305087.000000
time : 9.179803
