Parameters: GAD=1 vflib=1 dir=0 label=0 lowerbound=1 fileNameGp=../../cp2016-max-common-connected-subgraph-paper/datasets/graphsdb/mcs90/bvg/b06/mcs90_b06_s30.A05 fileNameGt=../../cp2016-max-common-connected-subgraph-paper/datasets/graphsdb/mcs90/bvg/b06/mcs90_b06_s30.B05
Reading graphs...
30 :  90
30 :  89
Initializing...
maxdom : 30
D->valSize : 900
Solving...
Blb : 2 (clique : 19)
currentSize : 19 <-- 0.010332 s
currentSize : 20 <-- 0.011251 s
currentSize : 21 <-- 0.011508 s
currentSize : 22 <-- 0.011875 s
currentSize : 23 <-- 0.012014 s
currentSize : 24 <-- 0.016702 s
currentSize : 25 <-- 0.021497 s
currentSize : 26 <-- 0.091966 s
currentSize : 27 <-- 0.157360 s

maxsize : 27
nodes : 8192.000000
filtered : 387447.000000
time : 0.237527
