Parameters: GAD=1 vflib=1 dir=0 label=0 lowerbound=1 fileNameGp=../../cp2016-max-common-connected-subgraph-paper/datasets/graphsdb/mcs90/bvg/b09m/mcs90_b09m_s35.A03 fileNameGt=../../cp2016-max-common-connected-subgraph-paper/datasets/graphsdb/mcs90/bvg/b09m/mcs90_b09m_s35.B03
Reading graphs...
35 :  153
35 :  152
Initializing...
maxdom : 35
D->valSize : 1225
Solving...
Blb : 2 (clique : 13)
currentSize : 13 <-- 0.018425 s
currentSize : 14 <-- 0.018751 s
currentSize : 15 <-- 0.021917 s
currentSize : 16 <-- 0.229158 s
currentSize : 17 <-- 15.036707 s
currentSize : 18 <-- 23.036551 s
currentSize : 19 <-- 67.530228 s
currentSize : 21 <-- 67.563530 s
currentSize : 23 <-- 67.725296 s
currentSize : 30 <-- 70.861374 s

maxsize : 30
nodes : 9838313.000000
filtered : 245199646.000000
time : 71.512207
