Parameters: GAD=1 vflib=1 dir=0 label=0 lowerbound=1 fileNameGp=../../cp2016-max-common-connected-subgraph-paper/datasets/graphsdb/mcs90/rand/r02/mcs90_r02_s40.A07 fileNameGt=../../cp2016-max-common-connected-subgraph-paper/datasets/graphsdb/mcs90/rand/r02/mcs90_r02_s40.B07
Reading graphs...
40 :  283
40 :  287
Initializing...
maxdom : 40
D->valSize : 1600
Solving...
Blb : 2 (clique : 12)
currentSize : 12 <-- 0.029266 s
currentSize : 13 <-- 0.029492 s
currentSize : 14 <-- 0.030406 s
currentSize : 15 <-- 0.075795 s
currentSize : 16 <-- 30.410860 s
currentSize : 17 <-- 37.494259 s
currentSize : 18 <-- 116.086296 s
currentSize : 21 <-- 116.091118 s
currentSize : 23 <-- 131.170685 s
currentSize : 24 <-- 249.538513 s
currentSize : 36 <-- 249.541351 s

maxsize : 36
nodes : 46851692.000000
filtered : 979721234.000000
time : 249.713516
