Parameters: GAD=1 vflib=1 dir=0 label=0 lowerbound=1 fileNameGp=../../cp2016-max-common-connected-subgraph-paper/datasets/graphsdb/mcs90/bvg/b06m/mcs90_b06m_s35.A01 fileNameGt=../../cp2016-max-common-connected-subgraph-paper/datasets/graphsdb/mcs90/bvg/b06m/mcs90_b06m_s35.B01
Reading graphs...
35 :  99
35 :  101
Initializing...
maxdom : 35
D->valSize : 1225
Solving...
Blb : 2 (clique : 20)
currentSize : 20 <-- 0.019800 s
currentSize : 21 <-- 0.641649 s
currentSize : 22 <-- 1.197208 s
currentSize : 23 <-- 2.140844 s
currentSize : 27 <-- 2.142982 s
currentSize : 28 <-- 2.346632 s
currentSize : 29 <-- 2.346755 s
currentSize : 31 <-- 2.378116 s
currentSize : 32 <-- 2.425881 s

maxsize : 32
nodes : 136336.000000
filtered : 5269377.000000
time : 2.542820
