Parameters: GAD=1 vflib=1 dir=0 label=0 lowerbound=1 fileNameGp=../../cp2016-max-common-connected-subgraph-paper/datasets/graphsdb/mcs90/bvg/b03m/mcs90_b03m_s30.A03 fileNameGt=../../cp2016-max-common-connected-subgraph-paper/datasets/graphsdb/mcs90/bvg/b03m/mcs90_b03m_s30.B03
Reading graphs...
30 :  44
30 :  44
Initializing...
maxdom : 30
D->valSize : 900
Solving...
Blb : 2 (clique : 19)
currentSize : 19 <-- 0.011489 s
currentSize : 20 <-- 0.011654 s
currentSize : 21 <-- 0.013201 s
currentSize : 22 <-- 0.014139 s
currentSize : 23 <-- 0.015458 s
currentSize : 24 <-- 38.049500 s
currentSize : 25 <-- 42.851707 s
currentSize : 26 <-- 43.099812 s
currentSize : 27 <-- 43.100262 s

maxsize : 27
nodes : 956848.000000
filtered : 51686658.000000
time : 43.262871
