Parameters: GAD=1 vflib=1 dir=0 label=0 lowerbound=1 fileNameGp=../../cp2016-max-common-connected-subgraph-paper/datasets/graphsdb/mcs90/bvg/b06/mcs90_b06_s35.A01 fileNameGt=../../cp2016-max-common-connected-subgraph-paper/datasets/graphsdb/mcs90/bvg/b06/mcs90_b06_s35.B01
Reading graphs...
35 :  105
35 :  104
Initializing...
maxdom : 35
D->valSize : 1225
Solving...
Blb : 2 (clique : 16)
currentSize : 16 <-- 0.019356 s
currentSize : 17 <-- 0.019523 s
currentSize : 18 <-- 0.019563 s
currentSize : 19 <-- 0.019670 s
currentSize : 20 <-- 0.020240 s
currentSize : 21 <-- 0.021048 s
currentSize : 23 <-- 0.024691 s
currentSize : 24 <-- 0.031499 s
currentSize : 25 <-- 0.036041 s
currentSize : 27 <-- 0.042830 s
currentSize : 28 <-- 0.116768 s
currentSize : 29 <-- 0.116905 s
currentSize : 31 <-- 0.118570 s

maxsize : 31
nodes : 25181.000000
filtered : 1552303.000000
time : 1.492911
