Parameters: GAD=1 vflib=1 dir=0 label=0 lowerbound=1 fileNameGp=../../cp2016-max-common-connected-subgraph-paper/datasets/graphsdb/mcs90/rand/r005/mcs90_r005_s40.A00 fileNameGt=../../cp2016-max-common-connected-subgraph-paper/datasets/graphsdb/mcs90/rand/r005/mcs90_r005_s40.B00
Reading graphs...
40 :  77
40 :  77
Initializing...
maxdom : 40
D->valSize : 1600
Solving...
Blb : 2 (clique : 22)
currentSize : 22 <-- 0.064408 s
currentSize : 23 <-- 0.064823 s
currentSize : 24 <-- 0.064966 s
currentSize : 25 <-- 0.065335 s
currentSize : 26 <-- 0.212313 s
currentSize : 27 <-- 8.346309 s
currentSize : 28 <-- 13.065590 s
currentSize : 29 <-- 33.671520 s
currentSize : 30 <-- 47.224049 s
currentSize : 31 <-- 50.188343 s
currentSize : 33 <-- 53.140800 s
currentSize : 36 <-- 59.220581 s

maxsize : 36
nodes : 1238408.000000
filtered : 72817087.000000
time : 60.052254
