Parameters: GAD=1 vflib=1 dir=0 label=0 lowerbound=1 fileNameGp=../../cp2016-max-common-connected-subgraph-paper/datasets/graphsdb/mcs90/m2D/m2Dr2/mcs90_m2Dr2_s30.A07 fileNameGt=../../cp2016-max-common-connected-subgraph-paper/datasets/graphsdb/mcs90/m2D/m2Dr2/mcs90_m2Dr2_s30.B07
Reading graphs...
30 :  54
30 :  52
Initializing...
maxdom : 30
D->valSize : 900
Solving...
Blb : 2 (clique : 17)
currentSize : 17 <-- 0.011243 s
currentSize : 18 <-- 0.011435 s
currentSize : 19 <-- 0.011835 s
currentSize : 20 <-- 0.051754 s
currentSize : 21 <-- 0.139335 s
currentSize : 22 <-- 0.423560 s
currentSize : 23 <-- 19.207632 s
currentSize : 25 <-- 20.310715 s

maxsize : 25
nodes : 723814.000000
filtered : 35499822.000000
time : 23.938513
