Parameters: GAD=1 vflib=1 dir=0 label=0 lowerbound=1 fileNameGp=../../cp2016-max-common-connected-subgraph-paper/datasets/graphsdb/mcs90/bvg/b09/mcs90_b09_s40.A08 fileNameGt=../../cp2016-max-common-connected-subgraph-paper/datasets/graphsdb/mcs90/bvg/b09/mcs90_b09_s40.B08
Reading graphs...
40 :  179
40 :  179
Initializing...
maxdom : 40
D->valSize : 1600
Solving...
Blb : 2 (clique : 14)
currentSize : 14 <-- 0.032598 s
currentSize : 16 <-- 0.032808 s
currentSize : 17 <-- 0.032907 s
currentSize : 18 <-- 0.033582 s
currentSize : 19 <-- 0.040105 s
currentSize : 21 <-- 0.043495 s
currentSize : 22 <-- 0.049521 s
currentSize : 23 <-- 0.050790 s
currentSize : 24 <-- 0.052299 s
currentSize : 25 <-- 0.052764 s
currentSize : 26 <-- 0.058022 s
currentSize : 27 <-- 0.060572 s
currentSize : 29 <-- 0.082735 s
currentSize : 32 <-- 0.109295 s
currentSize : 36 <-- 0.112604 s

maxsize : 36
nodes : 31789.000000
filtered : 2997574.000000
time : 1.161366
