Parameters: GAD=1 vflib=1 dir=0 label=0 lowerbound=1 fileNameGp=../../cp2016-max-common-connected-subgraph-paper/datasets/graphsdb/mcs90/rand/r005/mcs90_r005_s30.A08 fileNameGt=../../cp2016-max-common-connected-subgraph-paper/datasets/graphsdb/mcs90/rand/r005/mcs90_r005_s30.B08
Reading graphs...
30 :  41
30 :  42
Initializing...
maxdom : 30
D->valSize : 900
Solving...
Blb : 2 (clique : 20)
currentSize : 20 <-- 0.012081 s
currentSize : 21 <-- 0.012428 s
currentSize : 22 <-- 0.820630 s
currentSize : 23 <-- 0.922131 s
currentSize : 24 <-- 1.009018 s
currentSize : 25 <-- 1.904909 s
currentSize : 26 <-- 2.413742 s
currentSize : 27 <-- 2.414026 s

maxsize : 27
nodes : 83087.000000
filtered : 3733948.000000
time : 2.564578
