Parameters: GAD=1 vflib=1 dir=0 label=0 lowerbound=1 fileNameGp=../../cp2016-max-common-connected-subgraph-paper/datasets/graphsdb/mcs90/bvg/b06/mcs90_b06_s40.A07 fileNameGt=../../cp2016-max-common-connected-subgraph-paper/datasets/graphsdb/mcs90/bvg/b06/mcs90_b06_s40.B07
Reading graphs...
40 :  120
40 :  120
Initializing...
maxdom : 40
D->valSize : 1600
Solving...
Blb : 2 (clique : 20)
currentSize : 20 <-- 0.033937 s
currentSize : 21 <-- 0.034150 s
currentSize : 22 <-- 0.034204 s
currentSize : 23 <-- 0.034835 s
currentSize : 24 <-- 0.035024 s
currentSize : 25 <-- 0.035158 s
currentSize : 26 <-- 0.035981 s
currentSize : 27 <-- 0.058492 s
currentSize : 28 <-- 0.097859 s
currentSize : 29 <-- 0.098633 s
currentSize : 30 <-- 0.102401 s
currentSize : 31 <-- 0.109028 s
currentSize : 32 <-- 0.119998 s
currentSize : 33 <-- 0.132867 s
currentSize : 34 <-- 0.133286 s
currentSize : 36 <-- 0.231135 s
currentSize : 37 <-- 0.784645 s

maxsize : 37
nodes : 22734.000000
filtered : 1351147.000000
time : 1.200858
