Parameters: GAD=1 vflib=1 dir=0 label=0 lowerbound=1 fileNameGp=../../cp2016-max-common-connected-subgraph-paper/datasets/graphsdb/mcs90/m2D/m2Dr2/mcs90_m2Dr2_s30.A09 fileNameGt=../../cp2016-max-common-connected-subgraph-paper/datasets/graphsdb/mcs90/m2D/m2Dr2/mcs90_m2Dr2_s30.B09
Reading graphs...
30 :  54
30 :  54
Initializing...
maxdom : 30
D->valSize : 900
Solving...
Blb : 2 (clique : 17)
currentSize : 17 <-- 0.011204 s
currentSize : 18 <-- 0.011451 s
currentSize : 19 <-- 0.012055 s
currentSize : 20 <-- 0.031500 s
currentSize : 21 <-- 0.149089 s
currentSize : 22 <-- 64.423325 s
currentSize : 25 <-- 80.680283 s

maxsize : 25
nodes : 2833961.000000
filtered : 116134242.000000
time : 82.381859
