Parameters: GAD=1 vflib=1 dir=0 label=0 lowerbound=1 fileNameGp=../../cp2016-max-common-connected-subgraph-paper/datasets/graphsdb/mcs90/rand/r01/mcs90_r01_s35.A02 fileNameGt=../../cp2016-max-common-connected-subgraph-paper/datasets/graphsdb/mcs90/rand/r01/mcs90_r01_s35.B02
Reading graphs...
35 :  111
35 :  109
Initializing...
maxdom : 35
D->valSize : 1225
Solving...
Blb : 2 (clique : 15)
currentSize : 15 <-- 0.019248 s
currentSize : 16 <-- 0.019513 s
currentSize : 17 <-- 0.029783 s
currentSize : 18 <-- 0.033893 s
currentSize : 19 <-- 1.411452 s
currentSize : 20 <-- 2.039334 s
currentSize : 21 <-- 5.708954 s
currentSize : 24 <-- 5.765357 s
currentSize : 25 <-- 24.688419 s
currentSize : 31 <-- 30.522524 s

maxsize : 31
nodes : 2279393.000000
filtered : 105806077.000000
time : 30.812954
