Parameters: GAD=1 vflib=1 dir=0 label=0 lowerbound=1 fileNameGp=../../cp2016-max-common-connected-subgraph-paper/datasets/graphsdb/mcs90/m2D/m2Dr6/mcs90_m2Dr6_s30.A09 fileNameGt=../../cp2016-max-common-connected-subgraph-paper/datasets/graphsdb/mcs90/m2D/m2Dr6/mcs90_m2Dr6_s30.B09
Reading graphs...
30 :  67
30 :  66
Initializing...
maxdom : 30
D->valSize : 900
Solving...
Blb : 2 (clique : 15)
currentSize : 15 <-- 0.010770 s
currentSize : 16 <-- 0.010900 s
currentSize : 17 <-- 0.010939 s
currentSize : 18 <-- 0.036688 s
currentSize : 19 <-- 0.835978 s
currentSize : 20 <-- 5.139231 s
currentSize : 21 <-- 9.102847 s
currentSize : 22 <-- 26.608011 s
currentSize : 23 <-- 26.613054 s
currentSize : 24 <-- 26.936724 s
currentSize : 25 <-- 26.938934 s

maxsize : 25
nodes : 1678477.000000
filtered : 73974770.000000
time : 27.704544
