Parameters: GAD=1 vflib=1 dir=0 label=0 lowerbound=1 fileNameGp=../../cp2016-max-common-connected-subgraph-paper/datasets/graphsdb/mcs90/bvg/b03m/mcs90_b03m_s50.A02 fileNameGt=../../cp2016-max-common-connected-subgraph-paper/datasets/graphsdb/mcs90/bvg/b03m/mcs90_b03m_s50.B02
Reading graphs...
50 :  74
50 :  74
Initializing...
maxdom : 50
D->valSize : 2500
Solving...
Blb : 2 (clique : 31)
currentSize : 31 <-- 0.099323 s
currentSize : 32 <-- 0.101969 s
currentSize : 33 <-- 0.103096 s
currentSize : 34 <-- 0.275269 s
currentSize : 35 <-- 18.221560 s
currentSize : 36 <-- 800.387939 s

TIMEOUT
maxsize : 36
nodes : 27772929.000000
filtered : 1445826481.000000
time : 1000.000244
