Parameters: GAD=1 vflib=1 dir=0 label=0 lowerbound=1 fileNameGp=../../cp2016-max-common-connected-subgraph-paper/datasets/graphsdb/mcs90/rand/r02/mcs90_r02_s40.A06 fileNameGt=../../cp2016-max-common-connected-subgraph-paper/datasets/graphsdb/mcs90/rand/r02/mcs90_r02_s40.B06
Reading graphs...
40 :  286
40 :  285
Initializing...
maxdom : 40
D->valSize : 1600
Solving...
Blb : 3 (clique : 13)
currentSize : 13 <-- 0.029494 s
currentSize : 14 <-- 0.065840 s
currentSize : 15 <-- 14.959561 s
currentSize : 16 <-- 54.108807 s
currentSize : 17 <-- 58.032345 s
currentSize : 18 <-- 150.142990 s
currentSize : 20 <-- 341.151672 s
currentSize : 21 <-- 341.970642 s
currentSize : 23 <-- 342.087860 s
currentSize : 36 <-- 342.214813 s

maxsize : 36
nodes : 74804454.000000
filtered : 1067392906.000000
time : 342.729919
