Parameters: GAD=1 vflib=1 dir=0 label=0 lowerbound=1 fileNameGp=../../cp2016-max-common-connected-subgraph-paper/datasets/graphsdb/mcs90/rand/r02/mcs90_r02_s50.A04 fileNameGt=../../cp2016-max-common-connected-subgraph-paper/datasets/graphsdb/mcs90/rand/r02/mcs90_r02_s50.B04
Reading graphs...
50 :  444
50 :  441
Initializing...
maxdom : 50
D->valSize : 2500
Solving...
Blb : 2 (clique : 13)
currentSize : 13 <-- 0.075826 s
currentSize : 14 <-- 0.076222 s
currentSize : 15 <-- 0.079609 s
currentSize : 16 <-- 0.101342 s
currentSize : 17 <-- 1.566773 s
currentSize : 19 <-- 3.630136 s
currentSize : 21 <-- 3.633791 s
currentSize : 25 <-- 201.353455 s
currentSize : 32 <-- 358.921295 s
currentSize : 33 <-- 371.044159 s
currentSize : 45 <-- 378.618011 s

maxsize : 45
nodes : 58397286.000000
filtered : 1587459899.000000
time : 380.156067
