Parameters: GAD=1 vflib=1 dir=0 label=0 lowerbound=1 fileNameGp=../../cp2016-max-common-connected-subgraph-paper/datasets/graphsdb/mcs90/rand/r005/mcs90_r005_s35.A03 fileNameGt=../../cp2016-max-common-connected-subgraph-paper/datasets/graphsdb/mcs90/rand/r005/mcs90_r005_s35.B03
Reading graphs...
35 :  58
35 :  58
Initializing...
maxdom : 35
D->valSize : 1225
Solving...
Blb : 2 (clique : 21)
currentSize : 21 <-- 0.021080 s
currentSize : 22 <-- 0.021687 s
currentSize : 23 <-- 0.050082 s
currentSize : 24 <-- 0.113385 s
currentSize : 25 <-- 8.038852 s
currentSize : 26 <-- 90.124016 s
currentSize : 27 <-- 107.878242 s
currentSize : 29 <-- 107.933533 s
currentSize : 30 <-- 108.138947 s
currentSize : 31 <-- 108.139153 s

maxsize : 31
nodes : 2458270.000000
filtered : 155022059.000000
time : 108.820366
