Parameters: GAD=1 vflib=1 dir=0 label=0 lowerbound=1 fileNameGp=../../cp2016-max-common-connected-subgraph-paper/datasets/graphsdb/mcs90/bvg/b09m/mcs90_b09m_s40.A01 fileNameGt=../../cp2016-max-common-connected-subgraph-paper/datasets/graphsdb/mcs90/bvg/b09m/mcs90_b09m_s40.B01
Reading graphs...
40 :  177
40 :  176
Initializing...
maxdom : 40
D->valSize : 1600
Solving...
Blb : 2 (clique : 14)
currentSize : 14 <-- 0.031979 s
currentSize : 15 <-- 0.032147 s
currentSize : 17 <-- 0.032216 s
currentSize : 18 <-- 0.332770 s
currentSize : 19 <-- 108.922966 s
currentSize : 20 <-- 925.792114 s
currentSize : 22 <-- 925.814148 s

TIMEOUT
maxsize : 22
nodes : 137633290.000000
filtered : 3090683701.000000
time : 1000.000488
