Parameters: GAD=1 vflib=1 dir=0 label=0 lowerbound=1 fileNameGp=../../cp2016-max-common-connected-subgraph-paper/datasets/graphsdb/mcs90/rand/r005/mcs90_r005_s35.A08 fileNameGt=../../cp2016-max-common-connected-subgraph-paper/datasets/graphsdb/mcs90/rand/r005/mcs90_r005_s35.B08
Reading graphs...
35 :  58
35 :  57
Initializing...
maxdom : 35
D->valSize : 1225
Solving...
Blb : 5 (clique : 23)
currentSize : 23 <-- 0.021093 s
currentSize : 24 <-- 0.084214 s
currentSize : 25 <-- 0.151329 s
currentSize : 26 <-- 0.510400 s
currentSize : 28 <-- 2.016756 s
currentSize : 29 <-- 2.016830 s
currentSize : 31 <-- 2.016866 s

maxsize : 31
nodes : 69706.000000
filtered : 4023899.000000
time : 3.792023
