Parameters: GAD=1 vflib=1 dir=0 label=0 lowerbound=1 fileNameGp=../../cp2016-max-common-connected-subgraph-paper/datasets/graphsdb/mcs90/rand/r02/mcs90_r02_s30.A02 fileNameGt=../../cp2016-max-common-connected-subgraph-paper/datasets/graphsdb/mcs90/rand/r02/mcs90_r02_s30.B02
Reading graphs...
30 :  153
30 :  156
Initializing...
maxdom : 30
D->valSize : 900
Solving...
Blb : 3 (clique : 11)
currentSize : 11 <-- 0.016608 s
currentSize : 12 <-- 0.017458 s
currentSize : 13 <-- 0.058061 s
currentSize : 14 <-- 0.232599 s
currentSize : 16 <-- 0.233816 s
currentSize : 18 <-- 0.291726 s
currentSize : 19 <-- 0.298478 s
currentSize : 27 <-- 1.505837 s

maxsize : 27
nodes : 273405.000000
filtered : 6852918.000000
time : 1.538467
