Parameters: GAD=1 vflib=1 dir=0 label=0 lowerbound=1 fileNameGp=../../cp2016-max-common-connected-subgraph-paper/datasets/graphsdb/mcs90/bvg/b09/mcs90_b09_s40.A02 fileNameGt=../../cp2016-max-common-connected-subgraph-paper/datasets/graphsdb/mcs90/bvg/b09/mcs90_b09_s40.B02
Reading graphs...
40 :  179
40 :  180
Initializing...
maxdom : 40
D->valSize : 1600
Solving...
Blb : 2 (clique : 16)
currentSize : 16 <-- 0.031983 s
currentSize : 17 <-- 0.034789 s
currentSize : 18 <-- 0.072392 s
currentSize : 19 <-- 0.074561 s
currentSize : 20 <-- 0.128550 s
currentSize : 22 <-- 0.314797 s
currentSize : 23 <-- 3.525885 s
currentSize : 24 <-- 4.150403 s
currentSize : 25 <-- 4.150461 s
currentSize : 27 <-- 4.152554 s
currentSize : 28 <-- 4.154506 s
currentSize : 29 <-- 4.157804 s
currentSize : 32 <-- 4.157885 s
currentSize : 33 <-- 4.158597 s
currentSize : 34 <-- 4.158804 s
currentSize : 36 <-- 4.158939 s

maxsize : 36
nodes : 460517.000000
filtered : 17108406.000000
time : 5.074017
