Parameters: GAD=1 vflib=1 dir=0 label=0 lowerbound=1 fileNameGp=../../cp2016-max-common-connected-subgraph-paper/datasets/graphsdb/mcs90/rand/r005/mcs90_r005_s50.A04 fileNameGt=../../cp2016-max-common-connected-subgraph-paper/datasets/graphsdb/mcs90/rand/r005/mcs90_r005_s50.B04
Reading graphs...
50 :  117
50 :  118
Initializing...
maxdom : 50
D->valSize : 2500
Solving...
Blb : 2 (clique : 26)
currentSize : 26 <-- 0.094538 s
currentSize : 27 <-- 0.094958 s
currentSize : 28 <-- 0.104727 s
currentSize : 29 <-- 0.104808 s
currentSize : 30 <-- 0.183772 s
currentSize : 31 <-- 0.303722 s
currentSize : 32 <-- 0.342367 s

TIMEOUT
maxsize : 32
nodes : 27903103.000000
filtered : 1527456999.000000
time : 1000.000183
