Parameters: GAD=1 vflib=1 dir=0 label=0 lowerbound=1 fileNameGp=../../cp2016-max-common-connected-subgraph-paper/datasets/graphsdb/mcs90/rand/r005/mcs90_r005_s30.A03 fileNameGt=../../cp2016-max-common-connected-subgraph-paper/datasets/graphsdb/mcs90/rand/r005/mcs90_r005_s30.B03
Reading graphs...
30 :  41
30 :  42
Initializing...
maxdom : 30
D->valSize : 900
Solving...
Blb : 5 (clique : 18)
currentSize : 18 <-- 0.011514 s
currentSize : 19 <-- 0.011755 s
currentSize : 20 <-- 0.011930 s
currentSize : 21 <-- 0.077505 s
currentSize : 22 <-- 0.086939 s
currentSize : 23 <-- 0.126243 s
currentSize : 24 <-- 0.200010 s
currentSize : 25 <-- 1.584192 s
currentSize : 26 <-- 5.634580 s
currentSize : 27 <-- 5.634616 s

maxsize : 27
nodes : 104288.000000
filtered : 8743599.000000
time : 5.980589
