Parameters: GAD=1 vflib=1 dir=0 label=0 lowerbound=1 fileNameGp=../../cp2016-max-common-connected-subgraph-paper/datasets/graphsdb/mcs90/bvg/b09/mcs90_b09_s50.A09 fileNameGt=../../cp2016-max-common-connected-subgraph-paper/datasets/graphsdb/mcs90/bvg/b09/mcs90_b09_s50.B09
Reading graphs...
50 :  224
50 :  225
Initializing...
maxdom : 50
D->valSize : 2500
Solving...
Blb : 2 (clique : 31)
currentSize : 31 <-- 0.085731 s
currentSize : 32 <-- 91.048187 s
currentSize : 34 <-- 91.063873 s
currentSize : 35 <-- 91.713608 s
currentSize : 36 <-- 91.879585 s
currentSize : 38 <-- 91.887703 s
currentSize : 40 <-- 92.735085 s
currentSize : 44 <-- 92.828522 s

maxsize : 44
nodes : 8340821.000000
filtered : 430442284.000000
time : 104.773331
