Parameters: GAD=1 vflib=1 dir=0 label=0 lowerbound=1 fileNameGp=../../cp2016-max-common-connected-subgraph-paper/datasets/graphsdb/mcs90/m2D/m2Dr4/mcs90_m2Dr4_s30.A00 fileNameGt=../../cp2016-max-common-connected-subgraph-paper/datasets/graphsdb/mcs90/m2D/m2Dr4/mcs90_m2Dr4_s30.B00
Reading graphs...
30 :  61
30 :  61
Initializing...
maxdom : 30
D->valSize : 900
Solving...
Blb : 2 (clique : 18)
currentSize : 18 <-- 0.011106 s
currentSize : 19 <-- 0.011325 s
currentSize : 20 <-- 5.411213 s
currentSize : 21 <-- 17.767504 s
currentSize : 22 <-- 17.767584 s
currentSize : 25 <-- 21.709604 s

maxsize : 25
nodes : 1091567.000000
filtered : 38776424.000000
time : 22.720016
