Parameters: GAD=1 vflib=1 dir=0 label=0 lowerbound=1 fileNameGp=../../cp2016-max-common-connected-subgraph-paper/datasets/graphsdb/mcs90/bvg/b03/mcs90_b03_s50.A01 fileNameGt=../../cp2016-max-common-connected-subgraph-paper/datasets/graphsdb/mcs90/bvg/b03/mcs90_b03_s50.B01
Reading graphs...
50 :  75
50 :  75
Initializing...
maxdom : 50
D->valSize : 2500
Solving...
Blb : 2 (clique : 37)
currentSize : 37 <-- 0.099477 s
currentSize : 40 <-- 0.099969 s
currentSize : 41 <-- 0.100213 s
currentSize : 42 <-- 0.100325 s
currentSize : 44 <-- 0.100442 s
currentSize : 45 <-- 183.175644 s
currentSize : 46 <-- 245.118927 s

maxsize : 46
nodes : 258639.000000
filtered : 50549383.000000
time : 271.968597
