Parameters: GAD=1 vflib=1 dir=0 label=0 lowerbound=1 fileNameGp=../../cp2016-max-common-connected-subgraph-paper/datasets/graphsdb/mcs90/bvg/b06m/mcs90_b06m_s30.A01 fileNameGt=../../cp2016-max-common-connected-subgraph-paper/datasets/graphsdb/mcs90/bvg/b06m/mcs90_b06m_s30.B01
Reading graphs...
30 :  88
30 :  88
Initializing...
maxdom : 30
D->valSize : 900
Solving...
Blb : 2 (clique : 15)
currentSize : 15 <-- 0.010347 s
currentSize : 16 <-- 0.027349 s
currentSize : 17 <-- 0.038890 s
currentSize : 18 <-- 0.053612 s
currentSize : 19 <-- 0.054301 s
currentSize : 20 <-- 4.270704 s
currentSize : 21 <-- 4.282975 s
currentSize : 22 <-- 5.158827 s
currentSize : 24 <-- 5.981636 s
currentSize : 25 <-- 5.984146 s
currentSize : 27 <-- 5.984261 s

maxsize : 27
nodes : 414721.000000
filtered : 17501282.000000
time : 6.067549
