Parameters: GAD=1 vflib=1 dir=0 label=0 lowerbound=1 fileNameGp=../../cp2016-max-common-connected-subgraph-paper/datasets/graphsdb/mcs90/rand/r02/mcs90_r02_s25.A03 fileNameGt=../../cp2016-max-common-connected-subgraph-paper/datasets/graphsdb/mcs90/rand/r02/mcs90_r02_s25.B03
Reading graphs...
25 :  103
25 :  105
Initializing...
maxdom : 25
D->valSize : 625
Solving...
Blb : 2 (clique : 10)
currentSize : 10 <-- 0.004782 s
currentSize : 11 <-- 0.005903 s
currentSize : 12 <-- 0.009981 s
currentSize : 13 <-- 0.047784 s
currentSize : 14 <-- 0.469119 s
currentSize : 15 <-- 0.882853 s
currentSize : 16 <-- 1.171174 s
currentSize : 17 <-- 1.211753 s
currentSize : 22 <-- 1.214025 s

maxsize : 22
nodes : 262224.000000
filtered : 4626534.000000
time : 1.231143
