Parameters: GAD=1 vflib=1 dir=0 label=0 lowerbound=1 fileNameGp=../../cp2016-max-common-connected-subgraph-paper/datasets/graphsdb/mcs90/bvg/b09m/mcs90_b09m_s50.A03 fileNameGt=../../cp2016-max-common-connected-subgraph-paper/datasets/graphsdb/mcs90/bvg/b09m/mcs90_b09m_s50.B03
Reading graphs...
50 :  220
50 :  220
Initializing...
maxdom : 50
D->valSize : 2500
Solving...
Blb : 2 (clique : 19)
currentSize : 19 <-- 0.086330 s
currentSize : 20 <-- 0.216986 s
currentSize : 21 <-- 0.281509 s
currentSize : 22 <-- 3.024478 s
currentSize : 23 <-- 3.732574 s
currentSize : 24 <-- 54.128414 s

TIMEOUT
maxsize : 24
nodes : 80396449.000000
filtered : 2886819436.000000
time : 1000.000427
