Parameters: GAD=1 vflib=1 dir=0 label=0 lowerbound=1 fileNameGp=../../cp2016-max-common-connected-subgraph-paper/datasets/graphsdb/mcs90/rand/r005/mcs90_r005_s35.A04 fileNameGt=../../cp2016-max-common-connected-subgraph-paper/datasets/graphsdb/mcs90/rand/r005/mcs90_r005_s35.B04
Reading graphs...
35 :  57
35 :  57
Initializing...
maxdom : 35
D->valSize : 1225
Solving...
Blb : 2 (clique : 22)
currentSize : 22 <-- 0.021151 s
currentSize : 23 <-- 0.022027 s
currentSize : 24 <-- 0.022764 s
currentSize : 25 <-- 0.043533 s
currentSize : 26 <-- 2.852417 s
currentSize : 27 <-- 17.245502 s
currentSize : 29 <-- 64.648979 s
currentSize : 30 <-- 75.086868 s
currentSize : 31 <-- 76.372253 s

maxsize : 31
nodes : 1065717.000000
filtered : 82439669.000000
time : 76.553200
