Parameters: GAD=1 vflib=1 dir=0 label=0 lowerbound=1 fileNameGp=../../cp2016-max-common-connected-subgraph-paper/datasets/graphsdb/mcs90/m2D/m2Dr6/mcs90_m2Dr6_s30.A03 fileNameGt=../../cp2016-max-common-connected-subgraph-paper/datasets/graphsdb/mcs90/m2D/m2Dr6/mcs90_m2Dr6_s30.B03
Reading graphs...
30 :  66
30 :  65
Initializing...
maxdom : 30
D->valSize : 900
Solving...
Blb : 2 (clique : 14)
currentSize : 14 <-- 0.010955 s
currentSize : 16 <-- 0.011076 s
currentSize : 17 <-- 0.011295 s
currentSize : 18 <-- 0.011556 s
currentSize : 19 <-- 0.041110 s
currentSize : 20 <-- 0.249698 s
currentSize : 21 <-- 6.786794 s
currentSize : 22 <-- 20.168747 s
currentSize : 24 <-- 21.742138 s
currentSize : 25 <-- 21.742188 s

maxsize : 25
nodes : 1179297.000000
filtered : 50724482.000000
time : 22.386139
