Parameters: GAD=1 vflib=1 dir=0 label=0 lowerbound=1 fileNameGp=../../cp2016-max-common-connected-subgraph-paper/datasets/graphsdb/mcs90/rand/r02/mcs90_r02_s35.A05 fileNameGt=../../cp2016-max-common-connected-subgraph-paper/datasets/graphsdb/mcs90/rand/r02/mcs90_r02_s35.B05
Reading graphs...
35 :  211
35 :  214
Initializing...
maxdom : 35
D->valSize : 1225
Solving...
Blb : 2 (clique : 10)
currentSize : 10 <-- 0.017495 s
currentSize : 11 <-- 0.017646 s
currentSize : 12 <-- 0.018082 s
currentSize : 13 <-- 0.028247 s
currentSize : 14 <-- 0.855717 s
currentSize : 15 <-- 42.868385 s
currentSize : 16 <-- 65.107391 s
currentSize : 18 <-- 68.802353 s
currentSize : 21 <-- 69.890717 s
currentSize : 26 <-- 138.647354 s
currentSize : 31 <-- 138.648254 s

maxsize : 31
nodes : 28074312.000000
filtered : 541764754.000000
time : 138.742828
