Parameters: GAD=1 vflib=1 dir=0 label=0 lowerbound=1 fileNameGp=../../cp2016-max-common-connected-subgraph-paper/datasets/graphsdb/mcs90/m2D/m2D/mcs90_m2D_s50.A09 fileNameGt=../../cp2016-max-common-connected-subgraph-paper/datasets/graphsdb/mcs90/m2D/m2D/mcs90_m2D_s50.B09
Reading graphs...
50 :  85
50 :  85
Initializing...
maxdom : 50
D->valSize : 2500
Solving...
Blb : 2 (clique : 38)
currentSize : 38 <-- 0.136200 s
currentSize : 39 <-- 0.377462 s
currentSize : 40 <-- 12.492514 s
currentSize : 41 <-- 16.569309 s
currentSize : 42 <-- 46.484264 s
currentSize : 43 <-- 58.593399 s
currentSize : 44 <-- 64.496193 s
currentSize : 45 <-- 64.700172 s
currentSize : 46 <-- 70.761177 s
currentSize : 49 <-- 70.776222 s

maxsize : 49
nodes : 409265.000000
filtered : 42264454.000000
time : 70.915855
