Parameters: GAD=1 vflib=1 dir=0 label=0 lowerbound=1 fileNameGp=../../cp2016-max-common-connected-subgraph-paper/datasets/graphsdb/mcs90/rand/r01/mcs90_r01_s30.A00 fileNameGt=../../cp2016-max-common-connected-subgraph-paper/datasets/graphsdb/mcs90/rand/r01/mcs90_r01_s30.B00
Reading graphs...
30 :  84
30 :  84
Initializing...
maxdom : 30
D->valSize : 900
Solving...
Blb : 2 (clique : 15)
currentSize : 15 <-- 0.010577 s
currentSize : 16 <-- 0.012592 s
currentSize : 17 <-- 0.053428 s
currentSize : 18 <-- 5.838826 s
currentSize : 19 <-- 17.130411 s
currentSize : 20 <-- 17.170485 s
currentSize : 22 <-- 17.939421 s
currentSize : 23 <-- 18.665344 s
currentSize : 26 <-- 18.945375 s
currentSize : 27 <-- 18.945440 s

maxsize : 27
nodes : 2005439.000000
filtered : 50750616.000000
time : 18.985409
