Parameters: GAD=1 vflib=1 dir=0 label=0 lowerbound=1 fileNameGp=../../cp2016-max-common-connected-subgraph-paper/datasets/graphsdb/mcs90/bvg/b03m/mcs90_b03m_s35.A04 fileNameGt=../../cp2016-max-common-connected-subgraph-paper/datasets/graphsdb/mcs90/bvg/b03m/mcs90_b03m_s35.B04
Reading graphs...
35 :  51
35 :  51
Initializing...
maxdom : 35
D->valSize : 1225
Solving...
Blb : 2 (clique : 21)
currentSize : 21 <-- 0.021466 s
currentSize : 22 <-- 0.021662 s
currentSize : 23 <-- 0.021672 s
currentSize : 24 <-- 0.021849 s
currentSize : 25 <-- 0.022894 s
currentSize : 26 <-- 0.067409 s
currentSize : 27 <-- 0.504972 s
currentSize : 28 <-- 6.786618 s
currentSize : 29 <-- 311.135529 s
currentSize : 30 <-- 311.135590 s

maxsize : 30
nodes : 3368529.000000
filtered : 317734162.000000
time : 333.475494
