Parameters: GAD=1 vflib=1 dir=0 label=0 lowerbound=1 fileNameGp=../../cp2016-max-common-connected-subgraph-paper/datasets/graphsdb/mcs90/bvg/b09m/mcs90_b09m_s35.A04 fileNameGt=../../cp2016-max-common-connected-subgraph-paper/datasets/graphsdb/mcs90/bvg/b09m/mcs90_b09m_s35.B04
Reading graphs...
35 :  155
35 :  154
Initializing...
maxdom : 35
D->valSize : 1225
Solving...
Blb : 3 (clique : 15)
currentSize : 15 <-- 0.018362 s
currentSize : 16 <-- 0.701250 s
currentSize : 17 <-- 3.129673 s
currentSize : 21 <-- 4.766698 s
currentSize : 24 <-- 4.769984 s
currentSize : 25 <-- 9.088410 s
currentSize : 30 <-- 9.088572 s

maxsize : 30
nodes : 1500457.000000
filtered : 36972203.000000
time : 9.479544
