Parameters: GAD=1 vflib=1 dir=0 label=0 lowerbound=1 fileNameGp=../../cp2016-max-common-connected-subgraph-paper/datasets/graphsdb/mcs90/rand/r02/mcs90_r02_s30.A00 fileNameGt=../../cp2016-max-common-connected-subgraph-paper/datasets/graphsdb/mcs90/rand/r02/mcs90_r02_s30.B00
Reading graphs...
30 :  159
30 :  158
Initializing...
maxdom : 30
D->valSize : 900
Solving...
Blb : 2 (clique : 11)
currentSize : 11 <-- 0.009402 s
currentSize : 12 <-- 0.009859 s
currentSize : 13 <-- 0.012782 s
currentSize : 14 <-- 0.465352 s
currentSize : 16 <-- 0.467101 s
currentSize : 18 <-- 2.670790 s
currentSize : 20 <-- 2.695975 s
currentSize : 27 <-- 3.236654 s

maxsize : 27
nodes : 694203.000000
filtered : 12654168.000000
time : 3.287588
