Parameters: GAD=1 vflib=1 dir=0 label=0 lowerbound=1 fileNameGp=../../cp2016-max-common-connected-subgraph-paper/datasets/graphsdb/mcs90/bvg/b09/mcs90_b09_s35.A08 fileNameGt=../../cp2016-max-common-connected-subgraph-paper/datasets/graphsdb/mcs90/bvg/b09/mcs90_b09_s35.B08
Reading graphs...
35 :  157
35 :  155
Initializing...
maxdom : 35
D->valSize : 1225
Solving...
Blb : 3 (clique : 13)
currentSize : 13 <-- 0.018330 s
currentSize : 14 <-- 0.030433 s
currentSize : 15 <-- 0.035528 s
currentSize : 16 <-- 0.036275 s
currentSize : 17 <-- 0.052113 s
currentSize : 18 <-- 0.125962 s
currentSize : 19 <-- 0.138475 s
currentSize : 21 <-- 0.288941 s
currentSize : 22 <-- 0.320201 s
currentSize : 24 <-- 0.320269 s
currentSize : 25 <-- 0.320430 s
currentSize : 26 <-- 0.320544 s
currentSize : 28 <-- 0.341245 s
currentSize : 30 <-- 0.341326 s

maxsize : 30
nodes : 91280.000000
filtered : 4906503.000000
time : 1.389816
