Parameters: GAD=1 vflib=1 dir=0 label=0 lowerbound=1 fileNameGp=../../cp2016-max-common-connected-subgraph-paper/datasets/graphsdb/mcs90/m3D/m3Dr4/mcs90_m3Dr4_s30.A01 fileNameGt=../../cp2016-max-common-connected-subgraph-paper/datasets/graphsdb/mcs90/m3D/m3Dr4/mcs90_m3Dr4_s30.B01
Reading graphs...
30 :  71
30 :  72
Initializing...
maxdom : 30
D->valSize : 900
Solving...
Blb : 3 (clique : 17)
currentSize : 17 <-- 0.010943 s
currentSize : 18 <-- 0.049246 s
currentSize : 19 <-- 0.753646 s
currentSize : 20 <-- 13.201271 s
currentSize : 21 <-- 19.575527 s
currentSize : 23 <-- 19.702297 s
currentSize : 24 <-- 22.970297 s
currentSize : 25 <-- 23.192717 s
currentSize : 27 <-- 23.192747 s

maxsize : 27
nodes : 2003891.000000
filtered : 64450902.000000
time : 23.297169
