Parameters: GAD=1 vflib=1 dir=0 label=0 lowerbound=1 fileNameGp=../../cp2016-max-common-connected-subgraph-paper/datasets/graphsdb/mcs90/bvg/b06/mcs90_b06_s50.A04 fileNameGt=../../cp2016-max-common-connected-subgraph-paper/datasets/graphsdb/mcs90/bvg/b06/mcs90_b06_s50.B04
Reading graphs...
50 :  150
50 :  150
Initializing...
maxdom : 50
D->valSize : 2500
Solving...
Blb : 2 (clique : 25)
currentSize : 25 <-- 0.091886 s
currentSize : 26 <-- 0.092241 s
currentSize : 27 <-- 0.092390 s
currentSize : 28 <-- 0.094224 s
currentSize : 29 <-- 0.094687 s
currentSize : 30 <-- 0.096310 s
currentSize : 31 <-- 0.102551 s
currentSize : 32 <-- 0.102571 s
currentSize : 33 <-- 6.219497 s
currentSize : 34 <-- 6.221567 s
currentSize : 35 <-- 6.454938 s
currentSize : 36 <-- 6.768772 s
currentSize : 37 <-- 6.911844 s
currentSize : 38 <-- 6.983119 s
currentSize : 39 <-- 6.997412 s
currentSize : 40 <-- 7.065941 s
currentSize : 41 <-- 7.066007 s
currentSize : 42 <-- 7.067372 s
currentSize : 44 <-- 7.134881 s
currentSize : 45 <-- 19.120476 s

maxsize : 45
nodes : 492269.000000
filtered : 32178390.000000
time : 30.085384
