Parameters: GAD=1 vflib=1 dir=0 label=0 lowerbound=1 fileNameGp=../../cp2016-max-common-connected-subgraph-paper/datasets/graphsdb/mcs90/bvg/b09m/mcs90_b09m_s40.A03 fileNameGt=../../cp2016-max-common-connected-subgraph-paper/datasets/graphsdb/mcs90/bvg/b09m/mcs90_b09m_s40.B03
Reading graphs...
40 :  175
40 :  176
Initializing...
maxdom : 40
D->valSize : 1600
Solving...
Blb : 3 (clique : 16)
currentSize : 16 <-- 0.031980 s
currentSize : 17 <-- 0.032647 s
currentSize : 18 <-- 0.032847 s
currentSize : 19 <-- 0.034402 s
currentSize : 20 <-- 0.034554 s
currentSize : 21 <-- 0.037838 s
currentSize : 22 <-- 0.044067 s
currentSize : 23 <-- 0.051721 s
currentSize : 24 <-- 0.060471 s
currentSize : 28 <-- 0.062483 s
currentSize : 33 <-- 0.069080 s
currentSize : 36 <-- 0.069161 s

maxsize : 36
nodes : 12568.000000
filtered : 1477709.000000
time : 0.568543
