Parameters: GAD=1 vflib=1 dir=0 label=0 lowerbound=1 fileNameGp=../../cp2016-max-common-connected-subgraph-paper/datasets/graphsdb/mcs90/m2D/m2Dr4/mcs90_m2Dr4_s40.A09 fileNameGt=../../cp2016-max-common-connected-subgraph-paper/datasets/graphsdb/mcs90/m2D/m2Dr4/mcs90_m2Dr4_s40.B09
Reading graphs...
40 :  83
40 :  82
Initializing...
maxdom : 40
D->valSize : 1600
Solving...
Blb : 2 (clique : 22)
currentSize : 22 <-- 0.035749 s
currentSize : 23 <-- 0.040105 s
currentSize : 24 <-- 0.077956 s
currentSize : 25 <-- 0.178199 s
currentSize : 26 <-- 1.300249 s
currentSize : 27 <-- 3.579524 s
currentSize : 28 <-- 77.649399 s
currentSize : 29 <-- 315.850952 s
currentSize : 30 <-- 327.628967 s
currentSize : 31 <-- 356.612793 s
currentSize : 32 <-- 394.214386 s
currentSize : 33 <-- 412.795929 s
currentSize : 36 <-- 438.836609 s

maxsize : 36
nodes : 9425219.000000
filtered : 574588921.000000
time : 439.809570
