Parameters: GAD=1 vflib=1 dir=0 label=0 lowerbound=1 fileNameGp=../../cp2016-max-common-connected-subgraph-paper/datasets/graphsdb/mcs90/bvg/b09/mcs90_b09_s30.A01 fileNameGt=../../cp2016-max-common-connected-subgraph-paper/datasets/graphsdb/mcs90/bvg/b09/mcs90_b09_s30.B01
Reading graphs...
30 :  134
30 :  134
Initializing...
maxdom : 30
D->valSize : 900
Solving...
Blb : 2 (clique : 13)
currentSize : 13 <-- 0.009752 s
currentSize : 14 <-- 0.009873 s
currentSize : 16 <-- 0.010078 s
currentSize : 17 <-- 0.022012 s
currentSize : 18 <-- 0.022053 s
currentSize : 22 <-- 0.022310 s
currentSize : 26 <-- 0.033359 s

maxsize : 26
nodes : 20923.000000
filtered : 1066675.000000
time : 0.276891
