Parameters: GAD=1 vflib=1 dir=0 label=0 lowerbound=1 fileNameGp=../../cp2016-max-common-connected-subgraph-paper/datasets/graphsdb/mcs90/bvg/b06/mcs90_b06_s40.A05 fileNameGt=../../cp2016-max-common-connected-subgraph-paper/datasets/graphsdb/mcs90/bvg/b06/mcs90_b06_s40.B05
Reading graphs...
40 :  120
40 :  120
Initializing...
maxdom : 40
D->valSize : 1600
Solving...
Blb : 2 (clique : 26)
currentSize : 26 <-- 0.034099 s
currentSize : 27 <-- 0.360309 s
currentSize : 29 <-- 0.472852 s
currentSize : 30 <-- 0.473931 s
currentSize : 31 <-- 0.561784 s
currentSize : 32 <-- 0.607870 s
currentSize : 33 <-- 0.713773 s
currentSize : 34 <-- 0.714022 s
currentSize : 35 <-- 0.715671 s
currentSize : 36 <-- 0.715723 s
currentSize : 37 <-- 0.979069 s

maxsize : 37
nodes : 50522.000000
filtered : 2039952.000000
time : 1.385845
