Parameters: GAD=1 vflib=1 dir=0 label=0 lowerbound=1 fileNameGp=../../cp2016-max-common-connected-subgraph-paper/datasets/graphsdb/mcs90/bvg/b09m/mcs90_b09m_s50.A00 fileNameGt=../../cp2016-max-common-connected-subgraph-paper/datasets/graphsdb/mcs90/bvg/b09m/mcs90_b09m_s50.B00
Reading graphs...
50 :  219
50 :  219
Initializing...
maxdom : 50
D->valSize : 2500
Solving...
Blb : 5 (clique : 17)
currentSize : 17 <-- 0.117323 s
currentSize : 19 <-- 0.117584 s
currentSize : 20 <-- 0.117701 s
currentSize : 21 <-- 0.124101 s
currentSize : 22 <-- 0.204882 s
currentSize : 23 <-- 152.098404 s

TIMEOUT
maxsize : 23
nodes : 98866489.000000
filtered : 3085517986.000000
time : 1000.000000
