Parameters: GAD=1 vflib=1 dir=0 label=0 lowerbound=1 fileNameGp=../../cp2016-max-common-connected-subgraph-paper/datasets/graphsdb/mcs90/bvg/b09m/mcs90_b09m_s35.A00 fileNameGt=../../cp2016-max-common-connected-subgraph-paper/datasets/graphsdb/mcs90/bvg/b09m/mcs90_b09m_s35.B00
Reading graphs...
35 :  150
35 :  150
Initializing...
maxdom : 35
D->valSize : 1225
Solving...
Blb : 2 (clique : 14)
currentSize : 14 <-- 0.031855 s
currentSize : 15 <-- 0.040467 s
currentSize : 16 <-- 0.226187 s
currentSize : 17 <-- 2.729773 s
currentSize : 18 <-- 133.307129 s
currentSize : 19 <-- 148.988739 s
currentSize : 20 <-- 148.992401 s
currentSize : 22 <-- 148.992432 s
currentSize : 24 <-- 149.113602 s
currentSize : 30 <-- 150.690948 s

maxsize : 30
nodes : 25856324.000000
filtered : 513789294.000000
time : 151.146606
