Parameters: GAD=1 vflib=1 dir=0 label=0 lowerbound=1 fileNameGp=../../cp2016-max-common-connected-subgraph-paper/datasets/graphsdb/mcs90/bvg/b09m/mcs90_b09m_s40.A06 fileNameGt=../../cp2016-max-common-connected-subgraph-paper/datasets/graphsdb/mcs90/bvg/b09m/mcs90_b09m_s40.B06
Reading graphs...
40 :  178
40 :  179
Initializing...
maxdom : 40
D->valSize : 1600
Solving...
Blb : 5 (clique : 15)
currentSize : 15 <-- 0.032068 s
currentSize : 16 <-- 0.032701 s
currentSize : 17 <-- 0.037017 s
currentSize : 18 <-- 1.472909 s
currentSize : 19 <-- 10.483518 s
currentSize : 20 <-- 19.013071 s
currentSize : 21 <-- 19.031364 s
currentSize : 22 <-- 87.496040 s
currentSize : 23 <-- 91.807213 s
currentSize : 25 <-- 91.810730 s
currentSize : 26 <-- 91.812569 s
currentSize : 28 <-- 95.725281 s
currentSize : 33 <-- 95.771072 s
currentSize : 36 <-- 95.773308 s

maxsize : 36
nodes : 13501915.000000
filtered : 384483090.000000
time : 96.266449
