Parameters: GAD=1 vflib=1 dir=0 label=0 lowerbound=1 fileNameGp=../../cp2016-max-common-connected-subgraph-paper/datasets/graphsdb/mcs90/m2D/m2Dr2/mcs90_m2Dr2_s50.A04 fileNameGt=../../cp2016-max-common-connected-subgraph-paper/datasets/graphsdb/mcs90/m2D/m2Dr2/mcs90_m2Dr2_s50.B04
Reading graphs...
50 :  94
50 :  94
Initializing...
maxdom : 50
D->valSize : 2500
Solving...
Blb : 2 (clique : 27)
currentSize : 27 <-- 0.161729 s
currentSize : 28 <-- 0.162152 s
currentSize : 29 <-- 0.163500 s
currentSize : 30 <-- 0.165672 s
currentSize : 31 <-- 0.204352 s
currentSize : 32 <-- 0.397821 s
currentSize : 33 <-- 0.510086 s
currentSize : 34 <-- 1.981282 s
currentSize : 35 <-- 393.937958 s
currentSize : 36 <-- 631.219116 s
currentSize : 37 <-- 753.172302 s
currentSize : 38 <-- 916.309204 s

TIMEOUT
maxsize : 38
nodes : 27022333.000000
filtered : 1422167660.000000
time : 1000.000244
