Parameters: GAD=1 vflib=1 dir=0 label=0 lowerbound=1 fileNameGp=../../cp2016-max-common-connected-subgraph-paper/datasets/graphsdb/mcs90/bvg/b09/mcs90_b09_s40.A06 fileNameGt=../../cp2016-max-common-connected-subgraph-paper/datasets/graphsdb/mcs90/bvg/b09/mcs90_b09_s40.B06
Reading graphs...
40 :  180
40 :  179
Initializing...
maxdom : 40
D->valSize : 1600
Solving...
Blb : 2 (clique : 15)
currentSize : 15 <-- 0.031726 s
currentSize : 16 <-- 0.031917 s
currentSize : 17 <-- 0.032399 s
currentSize : 18 <-- 0.091318 s
currentSize : 19 <-- 0.353112 s
currentSize : 20 <-- 1.245833 s
currentSize : 21 <-- 1.450818 s
currentSize : 22 <-- 1.670362 s
currentSize : 23 <-- 2.289995 s
currentSize : 25 <-- 2.354787 s
currentSize : 28 <-- 2.354999 s
currentSize : 32 <-- 2.355119 s
currentSize : 33 <-- 2.359909 s
currentSize : 36 <-- 2.360072 s

maxsize : 36
nodes : 460981.000000
filtered : 10901310.000000
time : 3.304544
