Parameters: GAD=1 vflib=1 dir=0 label=0 lowerbound=1 fileNameGp=../../cp2016-max-common-connected-subgraph-paper/datasets/graphsdb/mcs90/m2D/m2D/mcs90_m2D_s50.A04 fileNameGt=../../cp2016-max-common-connected-subgraph-paper/datasets/graphsdb/mcs90/m2D/m2D/mcs90_m2D_s50.B04
Reading graphs...
50 :  85
50 :  85
Initializing...
maxdom : 50
D->valSize : 2500
Solving...
Blb : 2 (clique : 35)
currentSize : 35 <-- 0.097846 s
currentSize : 36 <-- 0.099409 s
currentSize : 37 <-- 0.286438 s
currentSize : 38 <-- 0.548758 s
currentSize : 39 <-- 0.666823 s
currentSize : 40 <-- 0.741825 s
currentSize : 42 <-- 0.787451 s
currentSize : 43 <-- 0.798546 s
currentSize : 45 <-- 0.802224 s
currentSize : 46 <-- 0.811556 s
currentSize : 49 <-- 0.816222 s
currentSize : 50 <-- 0.860425 s

maxsize : 50
nodes : 7882.000000
filtered : 560614.000000
time : 0.860493
