Parameters: GAD=1 vflib=1 dir=0 label=0 lowerbound=1 fileNameGp=../../cp2016-max-common-connected-subgraph-paper/datasets/graphsdb/mcs90/rand/r005/mcs90_r005_s40.A03 fileNameGt=../../cp2016-max-common-connected-subgraph-paper/datasets/graphsdb/mcs90/rand/r005/mcs90_r005_s40.B03
Reading graphs...
40 :  75
40 :  75
Initializing...
maxdom : 40
D->valSize : 1600
Solving...
Blb : 2 (clique : 22)
currentSize : 22 <-- 0.063959 s
currentSize : 23 <-- 0.064359 s
currentSize : 24 <-- 0.064521 s
currentSize : 25 <-- 0.066844 s
currentSize : 26 <-- 0.373861 s
currentSize : 27 <-- 4.822651 s
currentSize : 28 <-- 4.880462 s
currentSize : 29 <-- 882.131958 s
currentSize : 30 <-- 882.132080 s

TIMEOUT
maxsize : 30
nodes : 18863846.000000
filtered : 1013193306.000000
time : 1000.000977
