Parameters: GAD=1 vflib=1 dir=0 label=0 lowerbound=1 fileNameGp=../../cp2016-max-common-connected-subgraph-paper/datasets/graphsdb/mcs90/bvg/b06/mcs90_b06_s50.A01 fileNameGt=../../cp2016-max-common-connected-subgraph-paper/datasets/graphsdb/mcs90/bvg/b06/mcs90_b06_s50.B01
Reading graphs...
50 :  149
50 :  150
Initializing...
maxdom : 50
D->valSize : 2500
Solving...
Blb : 2 (clique : 32)
currentSize : 32 <-- 0.091815 s
currentSize : 34 <-- 1.897282 s
currentSize : 35 <-- 1.897328 s
currentSize : 36 <-- 1.897380 s
currentSize : 37 <-- 2.394500 s
currentSize : 38 <-- 4.384333 s
currentSize : 39 <-- 4.386874 s
currentSize : 41 <-- 4.404723 s
currentSize : 43 <-- 5.787732 s
currentSize : 45 <-- 6.070719 s

maxsize : 45
nodes : 188425.000000
filtered : 16452578.000000
time : 21.935244
