Parameters: GAD=1 vflib=1 dir=0 label=0 lowerbound=1 fileNameGp=../../cp2016-max-common-connected-subgraph-paper/datasets/graphsdb/mcs90/bvg/b06m/mcs90_b06m_s30.A03 fileNameGt=../../cp2016-max-common-connected-subgraph-paper/datasets/graphsdb/mcs90/bvg/b06m/mcs90_b06m_s30.B03
Reading graphs...
30 :  90
30 :  90
Initializing...
maxdom : 30
D->valSize : 900
Solving...
Blb : 2 (clique : 13)
currentSize : 13 <-- 0.010351 s
currentSize : 14 <-- 0.010468 s
currentSize : 15 <-- 0.011393 s
currentSize : 16 <-- 0.043568 s
currentSize : 17 <-- 0.728371 s
currentSize : 18 <-- 0.876363 s
currentSize : 19 <-- 1.020104 s
currentSize : 20 <-- 5.490991 s
currentSize : 21 <-- 8.274886 s
currentSize : 23 <-- 8.289687 s
currentSize : 25 <-- 8.298621 s
currentSize : 27 <-- 8.298661 s

maxsize : 27
nodes : 754886.000000
filtered : 25359136.000000
time : 8.379388
