Parameters: GAD=1 vflib=1 dir=0 label=0 lowerbound=1 fileNameGp=../../cp2016-max-common-connected-subgraph-paper/datasets/graphsdb/mcs90/bvg/b09/mcs90_b09_s50.A05 fileNameGt=../../cp2016-max-common-connected-subgraph-paper/datasets/graphsdb/mcs90/bvg/b09/mcs90_b09_s50.B05
Reading graphs...
50 :  225
50 :  224
Initializing...
maxdom : 50
D->valSize : 2500
Solving...
Blb : 2 (clique : 19)
currentSize : 19 <-- 0.122581 s
currentSize : 20 <-- 0.123381 s
currentSize : 21 <-- 0.128767 s
currentSize : 22 <-- 0.251694 s
currentSize : 23 <-- 0.254922 s
currentSize : 24 <-- 0.257297 s
currentSize : 25 <-- 0.333875 s
currentSize : 26 <-- 0.333993 s
currentSize : 27 <-- 0.334039 s
currentSize : 28 <-- 0.334175 s
currentSize : 29 <-- 0.337700 s
currentSize : 32 <-- 0.439970 s
currentSize : 33 <-- 0.440011 s
currentSize : 34 <-- 0.440243 s
currentSize : 35 <-- 0.440577 s
currentSize : 36 <-- 0.441093 s
currentSize : 37 <-- 0.442916 s
currentSize : 38 <-- 0.557970 s
currentSize : 40 <-- 0.558004 s
currentSize : 44 <-- 0.652798 s

maxsize : 44
nodes : 373725.000000
filtered : 34370891.000000
time : 9.818657
