Parameters: GAD=1 vflib=1 dir=0 label=0 lowerbound=1 fileNameGp=../../cp2016-max-common-connected-subgraph-paper/datasets/graphsdb/mcs90/bvg/b06/mcs90_b06_s35.A02 fileNameGt=../../cp2016-max-common-connected-subgraph-paper/datasets/graphsdb/mcs90/bvg/b06/mcs90_b06_s35.B02
Reading graphs...
35 :  105
35 :  105
Initializing...
maxdom : 35
D->valSize : 1225
Solving...
Blb : 2 (clique : 19)
currentSize : 19 <-- 0.019582 s
currentSize : 20 <-- 0.020745 s
currentSize : 21 <-- 0.027081 s
currentSize : 22 <-- 0.043598 s
currentSize : 23 <-- 0.050301 s
currentSize : 24 <-- 0.050646 s
currentSize : 25 <-- 0.052127 s
currentSize : 26 <-- 0.055943 s
currentSize : 27 <-- 0.056119 s
currentSize : 28 <-- 0.061995 s
currentSize : 29 <-- 0.063658 s
currentSize : 31 <-- 0.070040 s
currentSize : 32 <-- 0.131121 s

maxsize : 32
nodes : 11157.000000
filtered : 539157.000000
time : 0.437612
