Parameters: GAD=1 vflib=1 dir=0 label=0 lowerbound=1 fileNameGp=../../cp2016-max-common-connected-subgraph-paper/datasets/graphsdb/mcs90/bvg/b06/mcs90_b06_s35.A07 fileNameGt=../../cp2016-max-common-connected-subgraph-paper/datasets/graphsdb/mcs90/bvg/b06/mcs90_b06_s35.B07
Reading graphs...
35 :  104
35 :  104
Initializing...
maxdom : 35
D->valSize : 1225
Solving...
Blb : 2 (clique : 24)
currentSize : 24 <-- 0.034324 s
currentSize : 25 <-- 0.039891 s
currentSize : 26 <-- 0.067351 s
currentSize : 28 <-- 0.078479 s
currentSize : 29 <-- 0.144364 s
currentSize : 30 <-- 0.156995 s
currentSize : 31 <-- 0.157198 s
currentSize : 32 <-- 0.395280 s

maxsize : 32
nodes : 13647.000000
filtered : 765102.000000
time : 0.660878
