Parameters: GAD=1 vflib=1 dir=0 label=0 lowerbound=1 fileNameGp=../../cp2016-max-common-connected-subgraph-paper/datasets/graphsdb/mcs90/bvg/b09/mcs90_b09_s40.A07 fileNameGt=../../cp2016-max-common-connected-subgraph-paper/datasets/graphsdb/mcs90/bvg/b09/mcs90_b09_s40.B07
Reading graphs...
40 :  180
40 :  180
Initializing...
maxdom : 40
D->valSize : 1600
Solving...
Blb : 3 (clique : 17)
currentSize : 17 <-- 0.032144 s
currentSize : 18 <-- 0.047941 s
currentSize : 19 <-- 0.048154 s
currentSize : 20 <-- 0.063041 s
currentSize : 21 <-- 0.066828 s
currentSize : 22 <-- 0.066923 s
currentSize : 23 <-- 0.072730 s
currentSize : 24 <-- 0.089563 s
currentSize : 25 <-- 0.150478 s
currentSize : 26 <-- 0.153758 s
currentSize : 28 <-- 0.160726 s
currentSize : 29 <-- 0.311811 s
currentSize : 32 <-- 0.311976 s
currentSize : 36 <-- 0.322931 s

maxsize : 36
nodes : 46691.000000
filtered : 3210310.000000
time : 1.209008
