Parameters: GAD=1 vflib=1 dir=0 label=0 lowerbound=1 fileNameGp=../../cp2016-max-common-connected-subgraph-paper/datasets/graphsdb/mcs90/bvg/b03/mcs90_b03_s35.A01 fileNameGt=../../cp2016-max-common-connected-subgraph-paper/datasets/graphsdb/mcs90/bvg/b03/mcs90_b03_s35.B01
Reading graphs...
35 :  52
35 :  52
Initializing...
maxdom : 35
D->valSize : 1225
Solving...
Blb : 2 (clique : 27)
currentSize : 27 <-- 0.022051 s
currentSize : 28 <-- 21.867311 s
currentSize : 29 <-- 21.886915 s
currentSize : 30 <-- 24.437111 s
currentSize : 31 <-- 24.472977 s
currentSize : 32 <-- 26.219296 s

maxsize : 32
nodes : 543701.000000
filtered : 31228395.000000
time : 27.013874
