Parameters: GAD=1 vflib=1 dir=0 label=0 lowerbound=1 fileNameGp=../../cp2016-max-common-connected-subgraph-paper/datasets/graphsdb/mcs90/m2D/m2Dr6/mcs90_m2Dr6_s30.A00 fileNameGt=../../cp2016-max-common-connected-subgraph-paper/datasets/graphsdb/mcs90/m2D/m2Dr6/mcs90_m2Dr6_s30.B00
Reading graphs...
30 :  67
30 :  66
Initializing...
maxdom : 30
D->valSize : 900
Solving...
Blb : 2 (clique : 14)
currentSize : 14 <-- 0.010874 s
currentSize : 15 <-- 0.010998 s
currentSize : 16 <-- 0.011023 s
currentSize : 17 <-- 0.012492 s
currentSize : 18 <-- 0.023605 s
currentSize : 19 <-- 0.135691 s
currentSize : 20 <-- 6.399605 s
currentSize : 21 <-- 6.908504 s
currentSize : 22 <-- 15.722018 s
currentSize : 23 <-- 15.722044 s
currentSize : 25 <-- 15.722240 s

maxsize : 25
nodes : 1055840.000000
filtered : 37751562.000000
time : 16.478397
