Parameters: GAD=1 vflib=1 dir=0 label=0 lowerbound=1 fileNameGp=../../cp2016-max-common-connected-subgraph-paper/datasets/graphsdb/mcs90/bvg/b09/mcs90_b09_s50.A03 fileNameGt=../../cp2016-max-common-connected-subgraph-paper/datasets/graphsdb/mcs90/bvg/b09/mcs90_b09_s50.B03
Reading graphs...
50 :  224
50 :  222
Initializing...
maxdom : 50
D->valSize : 2500
Solving...
Blb : 2 (clique : 21)
currentSize : 21 <-- 0.147686 s
currentSize : 24 <-- 0.148140 s
currentSize : 25 <-- 0.148262 s
currentSize : 26 <-- 0.148339 s
currentSize : 27 <-- 0.153054 s
currentSize : 28 <-- 0.153230 s
currentSize : 29 <-- 0.153522 s
currentSize : 30 <-- 0.159473 s
currentSize : 31 <-- 0.161165 s
currentSize : 32 <-- 0.161552 s
currentSize : 33 <-- 0.161804 s
currentSize : 34 <-- 0.164490 s
currentSize : 36 <-- 0.164554 s
currentSize : 38 <-- 0.194503 s
currentSize : 40 <-- 0.813041 s
currentSize : 44 <-- 0.879197 s

maxsize : 44
nodes : 191942.000000
filtered : 22290059.000000
time : 7.578891
