Parameters: GAD=1 vflib=1 dir=0 label=0 lowerbound=1 fileNameGp=../../cp2016-max-common-connected-subgraph-paper/datasets/graphsdb/mcs90/m2D/m2D/mcs90_m2D_s40.A06 fileNameGt=../../cp2016-max-common-connected-subgraph-paper/datasets/graphsdb/mcs90/m2D/m2D/mcs90_m2D_s40.B06
Reading graphs...
40 :  67
40 :  67
Initializing...
maxdom : 40
D->valSize : 1600
Solving...
Blb : 2 (clique : 29)
currentSize : 29 <-- 0.036701 s
currentSize : 30 <-- 62.768368 s
currentSize : 31 <-- 66.963303 s
currentSize : 32 <-- 72.327744 s
currentSize : 35 <-- 281.171722 s
currentSize : 36 <-- 281.172424 s

maxsize : 36
nodes : 3712555.000000
filtered : 278772129.000000
time : 285.404846
