Parameters: GAD=1 vflib=1 dir=0 label=0 lowerbound=1 fileNameGp=../../cp2016-max-common-connected-subgraph-paper/datasets/graphsdb/mcs90/bvg/b03/mcs90_b03_s50.A03 fileNameGt=../../cp2016-max-common-connected-subgraph-paper/datasets/graphsdb/mcs90/bvg/b03/mcs90_b03_s50.B03
Reading graphs...
50 :  75
50 :  75
Initializing...
maxdom : 50
D->valSize : 2500
Solving...
Blb : 2 (clique : 36)
currentSize : 36 <-- 0.098812 s
currentSize : 37 <-- 0.328918 s
currentSize : 39 <-- 0.404251 s
currentSize : 40 <-- 6.053828 s
currentSize : 41 <-- 24.776333 s
currentSize : 42 <-- 31.366823 s
currentSize : 43 <-- 125.757805 s
currentSize : 44 <-- 156.454102 s
currentSize : 45 <-- 412.025085 s
currentSize : 46 <-- 570.801880 s

maxsize : 46
nodes : 1686375.000000
filtered : 217543676.000000
time : 589.420776
