Parameters: GAD=1 vflib=1 dir=0 label=0 lowerbound=1 fileNameGp=../../cp2016-max-common-connected-subgraph-paper/datasets/graphsdb/mcs90/m2D/m2Dr6/mcs90_m2Dr6_s50.A06 fileNameGt=../../cp2016-max-common-connected-subgraph-paper/datasets/graphsdb/mcs90/m2D/m2Dr6/mcs90_m2Dr6_s50.B06
Reading graphs...
50 :  113
50 :  112
Initializing...
maxdom : 50
D->valSize : 2500
Solving...
Blb : 2 (clique : 25)
currentSize : 25 <-- 0.095465 s
currentSize : 26 <-- 0.096141 s
currentSize : 27 <-- 0.096361 s
currentSize : 28 <-- 0.179396 s
currentSize : 29 <-- 0.277462 s
currentSize : 30 <-- 0.292564 s
currentSize : 31 <-- 104.446770 s
currentSize : 32 <-- 233.276169 s
currentSize : 33 <-- 779.920532 s

TIMEOUT
maxsize : 33
nodes : 18050627.000000
filtered : 1311207608.000000
time : 1000.000183
