Parameters: GAD=1 vflib=1 dir=0 label=0 lowerbound=1 fileNameGp=../../cp2016-max-common-connected-subgraph-paper/datasets/graphsdb/mcs90/bvg/b06m/mcs90_b06m_s35.A08 fileNameGt=../../cp2016-max-common-connected-subgraph-paper/datasets/graphsdb/mcs90/bvg/b06m/mcs90_b06m_s35.B08
Reading graphs...
35 :  103
35 :  102
Initializing...
maxdom : 35
D->valSize : 1225
Solving...
Blb : 3 (clique : 18)
currentSize : 18 <-- 0.034205 s
currentSize : 19 <-- 0.470104 s
currentSize : 20 <-- 5.956243 s
currentSize : 21 <-- 6.023888 s
currentSize : 23 <-- 6.172667 s
currentSize : 24 <-- 6.404274 s
currentSize : 25 <-- 13.867969 s
currentSize : 31 <-- 13.916441 s

maxsize : 31
nodes : 1022739.000000
filtered : 37679890.000000
time : 14.307161
