Parameters: GAD=1 vflib=1 dir=0 label=0 lowerbound=1 fileNameGp=../../cp2016-max-common-connected-subgraph-paper/datasets/graphsdb/mcs90/bvg/b03m/mcs90_b03m_s30.A01 fileNameGt=../../cp2016-max-common-connected-subgraph-paper/datasets/graphsdb/mcs90/bvg/b03m/mcs90_b03m_s30.B01
Reading graphs...
30 :  45
30 :  45
Initializing...
maxdom : 30
D->valSize : 900
Solving...
Blb : 2 (clique : 18)
currentSize : 18 <-- 0.011445 s
currentSize : 19 <-- 0.011745 s
currentSize : 20 <-- 0.012081 s
currentSize : 21 <-- 0.455477 s
currentSize : 22 <-- 0.620723 s
currentSize : 23 <-- 1.473230 s
currentSize : 24 <-- 1.796929 s
currentSize : 25 <-- 5.221495 s
currentSize : 26 <-- 5.221657 s

maxsize : 26
nodes : 132134.000000
filtered : 5310673.000000
time : 5.923530
