Parameters: GAD=1 vflib=1 dir=0 label=0 lowerbound=1 fileNameGp=../../cp2016-max-common-connected-subgraph-paper/datasets/graphsdb/mcs90/bvg/b09m/mcs90_b09m_s30.A07 fileNameGt=../../cp2016-max-common-connected-subgraph-paper/datasets/graphsdb/mcs90/bvg/b09m/mcs90_b09m_s30.B07
Reading graphs...
30 :  128
30 :  130
Initializing...
maxdom : 30
D->valSize : 900
Solving...
Blb : 2 (clique : 12)
currentSize : 12 <-- 0.009676 s
currentSize : 13 <-- 0.015771 s
currentSize : 14 <-- 0.040134 s
currentSize : 15 <-- 0.095448 s
currentSize : 16 <-- 0.095498 s
currentSize : 17 <-- 1.449129 s
currentSize : 18 <-- 1.722695 s
currentSize : 19 <-- 1.768764 s
currentSize : 24 <-- 3.309098 s
currentSize : 26 <-- 3.309187 s

maxsize : 26
nodes : 581266.000000
filtered : 14267592.000000
time : 3.437122
