Parameters: GAD=1 vflib=1 dir=0 label=0 lowerbound=1 fileNameGp=../../cp2016-max-common-connected-subgraph-paper/datasets/graphsdb/mcs90/rand/r005/mcs90_r005_s30.A01 fileNameGt=../../cp2016-max-common-connected-subgraph-paper/datasets/graphsdb/mcs90/rand/r005/mcs90_r005_s30.B01
Reading graphs...
30 :  42
30 :  42
Initializing...
maxdom : 30
D->valSize : 900
Solving...
Blb : 2 (clique : 21)
currentSize : 21 <-- 0.011775 s
currentSize : 22 <-- 0.013382 s
currentSize : 23 <-- 0.306429 s
currentSize : 24 <-- 0.307059 s
currentSize : 25 <-- 0.307325 s
currentSize : 26 <-- 0.307665 s
currentSize : 27 <-- 0.308060 s

maxsize : 27
nodes : 13029.000000
filtered : 546575.000000
time : 0.639748
