Parameters: GAD=1 vflib=1 dir=0 label=0 lowerbound=1 fileNameGp=../../cp2016-max-common-connected-subgraph-paper/datasets/graphsdb/mcs90/bvg/b03/mcs90_b03_s40.A03 fileNameGt=../../cp2016-max-common-connected-subgraph-paper/datasets/graphsdb/mcs90/bvg/b03/mcs90_b03_s40.B03
Reading graphs...
40 :  60
40 :  60
Initializing...
maxdom : 40
D->valSize : 1600
Solving...
Blb : 2 (clique : 29)
currentSize : 29 <-- 0.037269 s
currentSize : 30 <-- 0.037559 s
currentSize : 31 <-- 0.037673 s
currentSize : 32 <-- 0.037765 s
currentSize : 33 <-- 0.038677 s
currentSize : 34 <-- 0.038846 s
currentSize : 35 <-- 0.041483 s
currentSize : 37 <-- 0.226437 s

maxsize : 37
nodes : 7382.000000
filtered : 1153765.000000
time : 2.683771
