Parameters: GAD=1 vflib=1 dir=0 label=0 lowerbound=1 fileNameGp=../../cp2016-max-common-connected-subgraph-paper/datasets/graphsdb/mcs90/bvg/b09/mcs90_b09_s50.A01 fileNameGt=../../cp2016-max-common-connected-subgraph-paper/datasets/graphsdb/mcs90/bvg/b09/mcs90_b09_s50.B01
Reading graphs...
50 :  225
50 :  224
Initializing...
maxdom : 50
D->valSize : 2500
Solving...
Blb : 2 (clique : 23)
currentSize : 23 <-- 0.086312 s
currentSize : 24 <-- 2.836170 s
currentSize : 25 <-- 2.896962 s
currentSize : 26 <-- 3.870952 s
currentSize : 27 <-- 3.871030 s
currentSize : 28 <-- 7.166851 s
currentSize : 29 <-- 7.738766 s
currentSize : 30 <-- 7.742975 s
currentSize : 31 <-- 7.753759 s
currentSize : 32 <-- 8.346105 s
currentSize : 34 <-- 8.397376 s
currentSize : 35 <-- 11.709624 s
currentSize : 36 <-- 12.363638 s
currentSize : 37 <-- 12.364012 s
currentSize : 38 <-- 12.364273 s
currentSize : 40 <-- 12.940328 s
currentSize : 44 <-- 13.316292 s
currentSize : 45 <-- 15.050353 s

maxsize : 45
nodes : 1080205.000000
filtered : 59158732.000000
time : 18.580441
