Parameters: GAD=1 vflib=1 dir=0 label=0 lowerbound=1 fileNameGp=../../cp2016-max-common-connected-subgraph-paper/datasets/graphsdb/mcs90/rand/r02/mcs90_r02_s50.A02 fileNameGt=../../cp2016-max-common-connected-subgraph-paper/datasets/graphsdb/mcs90/rand/r02/mcs90_r02_s50.B02
Reading graphs...
50 :  452
50 :  452
Initializing...
maxdom : 50
D->valSize : 2500
Solving...
Blb : 5 (clique : 13)
currentSize : 13 <-- 0.075057 s
currentSize : 14 <-- 0.075891 s
currentSize : 15 <-- 0.077334 s
currentSize : 16 <-- 0.186660 s
currentSize : 17 <-- 0.432366 s
currentSize : 18 <-- 1.066129 s
currentSize : 20 <-- 1.066423 s
currentSize : 21 <-- 1.066540 s
currentSize : 22 <-- 1.585577 s
currentSize : 23 <-- 2.963358 s
currentSize : 24 <-- 3.289894 s
currentSize : 32 <-- 3.290066 s
currentSize : 45 <-- 5.314186 s

maxsize : 45
nodes : 850919.000000
filtered : 30065396.000000
time : 7.455191
