Parameters: GAD=1 vflib=1 dir=0 label=0 lowerbound=1 fileNameGp=../../cp2016-max-common-connected-subgraph-paper/datasets/graphsdb/mcs90/bvg/b09m/mcs90_b09m_s40.A09 fileNameGt=../../cp2016-max-common-connected-subgraph-paper/datasets/graphsdb/mcs90/bvg/b09m/mcs90_b09m_s40.B09
Reading graphs...
40 :  174
40 :  175
Initializing...
maxdom : 40
D->valSize : 1600
Solving...
Blb : 5 (clique : 14)
currentSize : 14 <-- 0.032345 s
currentSize : 15 <-- 0.032551 s
currentSize : 16 <-- 0.032592 s
currentSize : 17 <-- 0.040125 s
currentSize : 18 <-- 1.007451 s
currentSize : 19 <-- 82.082054 s
currentSize : 20 <-- 443.063446 s

TIMEOUT
maxsize : 20
nodes : 121947419.000000
filtered : 3347144906.000000
time : 1000.000000
