Parameters: GAD=1 vflib=1 dir=0 label=0 lowerbound=1 fileNameGp=../../cp2016-max-common-connected-subgraph-paper/datasets/graphsdb/mcs90/m2D/m2Dr4/mcs90_m2Dr4_s30.A06 fileNameGt=../../cp2016-max-common-connected-subgraph-paper/datasets/graphsdb/mcs90/m2D/m2Dr4/mcs90_m2Dr4_s30.B06
Reading graphs...
30 :  60
30 :  58
Initializing...
maxdom : 30
D->valSize : 900
Solving...
Blb : 2 (clique : 18)
currentSize : 18 <-- 0.011062 s
currentSize : 19 <-- 0.013570 s
currentSize : 20 <-- 0.041336 s
currentSize : 21 <-- 0.376539 s
currentSize : 22 <-- 27.228262 s
currentSize : 24 <-- 27.452904 s
currentSize : 25 <-- 27.452948 s

maxsize : 25
nodes : 2020350.000000
filtered : 71315696.000000
time : 28.488880
