Parameters: GAD=1 vflib=1 dir=0 label=0 lowerbound=1 fileNameGp=../../cp2016-max-common-connected-subgraph-paper/datasets/graphsdb/mcs90/m2D/m2Dr4/mcs90_m2Dr4_s30.A03 fileNameGt=../../cp2016-max-common-connected-subgraph-paper/datasets/graphsdb/mcs90/m2D/m2Dr4/mcs90_m2Dr4_s30.B03
Reading graphs...
30 :  59
30 :  59
Initializing...
maxdom : 30
D->valSize : 900
Solving...
Blb : 2 (clique : 18)
currentSize : 18 <-- 0.011103 s
currentSize : 19 <-- 0.015783 s
currentSize : 20 <-- 0.021232 s
currentSize : 21 <-- 5.547621 s
currentSize : 22 <-- 11.394772 s
currentSize : 23 <-- 14.613823 s
currentSize : 24 <-- 14.936069 s
currentSize : 25 <-- 16.078159 s

maxsize : 25
nodes : 757252.000000
filtered : 34629117.000000
time : 17.054262
