Parameters: GAD=1 vflib=1 dir=0 label=0 lowerbound=1 fileNameGp=../../cp2016-max-common-connected-subgraph-paper/datasets/graphsdb/mcs90/m2D/m2Dr6/mcs90_m2Dr6_s30.A01 fileNameGt=../../cp2016-max-common-connected-subgraph-paper/datasets/graphsdb/mcs90/m2D/m2Dr6/mcs90_m2Dr6_s30.B01
Reading graphs...
30 :  65
30 :  65
Initializing...
maxdom : 30
D->valSize : 900
Solving...
Blb : 2 (clique : 16)
currentSize : 16 <-- 0.010920 s
currentSize : 17 <-- 0.014610 s
currentSize : 18 <-- 0.018040 s
currentSize : 19 <-- 0.091136 s
currentSize : 20 <-- 0.119529 s
currentSize : 21 <-- 6.593492 s
currentSize : 22 <-- 6.645948 s
currentSize : 25 <-- 6.745092 s

maxsize : 25
nodes : 420816.000000
filtered : 14850736.000000
time : 7.200889
