Parameters: GAD=1 vflib=1 dir=0 label=0 lowerbound=1 fileNameGp=../../cp2016-max-common-connected-subgraph-paper/datasets/graphsdb/mcs90/rand/r02/mcs90_r02_s30.A05 fileNameGt=../../cp2016-max-common-connected-subgraph-paper/datasets/graphsdb/mcs90/rand/r02/mcs90_r02_s30.B05
Reading graphs...
30 :  155
30 :  156
Initializing...
maxdom : 30
D->valSize : 900
Solving...
Blb : 3 (clique : 11)
currentSize : 11 <-- 0.009560 s
currentSize : 12 <-- 0.009669 s
currentSize : 13 <-- 0.016429 s
currentSize : 14 <-- 0.837208 s
currentSize : 15 <-- 1.051945 s
currentSize : 16 <-- 1.104100 s
currentSize : 20 <-- 1.224399 s
currentSize : 21 <-- 1.323866 s
currentSize : 27 <-- 1.895334 s

maxsize : 27
nodes : 417657.000000
filtered : 6792535.000000
time : 1.922423
