Parameters: GAD=1 vflib=1 dir=0 label=0 lowerbound=1 fileNameGp=../../cp2016-max-common-connected-subgraph-paper/datasets/graphsdb/mcs90/bvg/b06m/mcs90_b06m_s40.A03 fileNameGt=../../cp2016-max-common-connected-subgraph-paper/datasets/graphsdb/mcs90/bvg/b06m/mcs90_b06m_s40.B03
Reading graphs...
40 :  116
40 :  116
Initializing...
maxdom : 40
D->valSize : 1600
Solving...
Blb : 2 (clique : 20)
currentSize : 20 <-- 0.034333 s
currentSize : 21 <-- 0.038848 s
currentSize : 22 <-- 0.821212 s
currentSize : 23 <-- 9.109147 s
currentSize : 24 <-- 604.656067 s
currentSize : 25 <-- 604.931458 s
currentSize : 26 <-- 827.631714 s
currentSize : 28 <-- 927.915894 s
currentSize : 29 <-- 959.847595 s

TIMEOUT
maxsize : 29
nodes : 59591707.000000
filtered : 2608644001.000000
time : 1000.000000
