Parameters: GAD=1 vflib=1 dir=0 label=0 lowerbound=1 fileNameGp=../../cp2016-max-common-connected-subgraph-paper/datasets/graphsdb/mcs90/bvg/b06m/mcs90_b06m_s50.A00 fileNameGt=../../cp2016-max-common-connected-subgraph-paper/datasets/graphsdb/mcs90/bvg/b06m/mcs90_b06m_s50.B00
Reading graphs...
50 :  148
50 :  148
Initializing...
maxdom : 50
D->valSize : 2500
Solving...
Blb : 2 (clique : 20)
currentSize : 20 <-- 0.092278 s
currentSize : 22 <-- 0.092576 s
currentSize : 23 <-- 0.092746 s
currentSize : 24 <-- 0.093278 s
currentSize : 25 <-- 0.120749 s
currentSize : 26 <-- 0.400283 s
currentSize : 27 <-- 1.328533 s
currentSize : 28 <-- 667.474365 s

TIMEOUT
maxsize : 28
nodes : 37360342.000000
filtered : 1927899235.000000
time : 1000.000000
