Parameters: GAD=1 vflib=1 dir=0 label=0 lowerbound=1 fileNameGp=../../cp2016-max-common-connected-subgraph-paper/datasets/graphsdb/mcs90/rand/r01/mcs90_r01_s30.A03 fileNameGt=../../cp2016-max-common-connected-subgraph-paper/datasets/graphsdb/mcs90/rand/r01/mcs90_r01_s30.B03
Reading graphs...
30 :  82
30 :  83
Initializing...
maxdom : 30
D->valSize : 900
Solving...
Blb : 2 (clique : 15)
currentSize : 15 <-- 0.010496 s
currentSize : 16 <-- 0.010954 s
currentSize : 17 <-- 0.017777 s
currentSize : 18 <-- 0.304051 s
currentSize : 19 <-- 2.803721 s
currentSize : 20 <-- 13.672033 s
currentSize : 22 <-- 13.732315 s
currentSize : 27 <-- 13.732483 s

maxsize : 27
nodes : 1384375.000000
filtered : 40448127.000000
time : 13.790766
