Parameters: GAD=1 vflib=1 dir=0 label=0 lowerbound=1 fileNameGp=../../cp2016-max-common-connected-subgraph-paper/datasets/graphsdb/mcs90/rand/r02/mcs90_r02_s40.A04 fileNameGt=../../cp2016-max-common-connected-subgraph-paper/datasets/graphsdb/mcs90/rand/r02/mcs90_r02_s40.B04
Reading graphs...
40 :  279
40 :  282
Initializing...
maxdom : 40
D->valSize : 1600
Solving...
Blb : 2 (clique : 12)
currentSize : 12 <-- 0.029627 s
currentSize : 13 <-- 0.030032 s
currentSize : 14 <-- 0.030376 s
currentSize : 15 <-- 1.570837 s
currentSize : 16 <-- 2.942072 s
currentSize : 17 <-- 2.977390 s
currentSize : 18 <-- 13.717983 s
currentSize : 19 <-- 90.534187 s
currentSize : 22 <-- 90.560471 s
currentSize : 36 <-- 104.566071 s

maxsize : 36
nodes : 20636082.000000
filtered : 365082135.000000
time : 104.877281
