Parameters: GAD=1 vflib=1 dir=0 label=0 lowerbound=1 fileNameGp=../../cp2016-max-common-connected-subgraph-paper/datasets/graphsdb/mcs90/bvg/b06/mcs90_b06_s35.A04 fileNameGt=../../cp2016-max-common-connected-subgraph-paper/datasets/graphsdb/mcs90/bvg/b06/mcs90_b06_s35.B04
Reading graphs...
35 :  104
35 :  105
Initializing...
maxdom : 35
D->valSize : 1225
Solving...
Blb : 2 (clique : 19)
currentSize : 19 <-- 0.019405 s
currentSize : 20 <-- 0.019579 s
currentSize : 21 <-- 0.019655 s
currentSize : 22 <-- 0.019825 s
currentSize : 23 <-- 0.020554 s
currentSize : 24 <-- 0.021134 s
currentSize : 25 <-- 0.023379 s
currentSize : 26 <-- 0.023526 s
currentSize : 27 <-- 0.023865 s
currentSize : 28 <-- 0.025621 s
currentSize : 29 <-- 0.025797 s
currentSize : 30 <-- 0.027069 s
currentSize : 31 <-- 0.027410 s
currentSize : 32 <-- 0.317222 s

maxsize : 32
nodes : 10814.000000
filtered : 736000.000000
time : 0.522608
