Parameters: GAD=1 vflib=1 dir=0 label=0 lowerbound=1 fileNameGp=../../cp2016-max-common-connected-subgraph-paper/datasets/graphsdb/mcs90/m2D/m2Dr2/mcs90_m2Dr2_s50.A07 fileNameGt=../../cp2016-max-common-connected-subgraph-paper/datasets/graphsdb/mcs90/m2D/m2Dr2/mcs90_m2Dr2_s50.B07
Reading graphs...
50 :  94
50 :  94
Initializing...
maxdom : 50
D->valSize : 2500
Solving...
Blb : 2 (clique : 35)
currentSize : 35 <-- 0.097457 s
currentSize : 36 <-- 0.098021 s
currentSize : 37 <-- 0.120753 s
currentSize : 38 <-- 0.138309 s
currentSize : 39 <-- 0.154885 s
currentSize : 40 <-- 1.870767 s
currentSize : 41 <-- 3.363855 s
currentSize : 42 <-- 76.560600 s
currentSize : 43 <-- 171.837509 s
currentSize : 45 <-- 188.834946 s
currentSize : 49 <-- 191.537460 s

maxsize : 49
nodes : 1414335.000000
filtered : 167592696.000000
time : 191.561600
