Parameters: GAD=1 vflib=1 dir=0 label=0 lowerbound=1 fileNameGp=../../cp2016-max-common-connected-subgraph-paper/datasets/graphsdb/mcs90/bvg/b09/mcs90_b09_s40.A05 fileNameGt=../../cp2016-max-common-connected-subgraph-paper/datasets/graphsdb/mcs90/bvg/b09/mcs90_b09_s40.B05
Reading graphs...
40 :  179
40 :  180
Initializing...
maxdom : 40
D->valSize : 1600
Solving...
Blb : 2 (clique : 17)
currentSize : 17 <-- 0.031882 s
currentSize : 21 <-- 0.032063 s
currentSize : 23 <-- 0.032113 s
currentSize : 26 <-- 0.032405 s
currentSize : 28 <-- 0.032442 s
currentSize : 29 <-- 0.033969 s
currentSize : 32 <-- 0.034338 s
currentSize : 33 <-- 0.058066 s
currentSize : 35 <-- 0.058223 s
currentSize : 36 <-- 0.058793 s
currentSize : 37 <-- 0.320572 s

maxsize : 37
nodes : 15668.000000
filtered : 1277335.000000
time : 0.534839
