Parameters: GAD=1 vflib=1 dir=0 label=0 lowerbound=1 fileNameGp=../../cp2016-max-common-connected-subgraph-paper/datasets/graphsdb/mcs90/rand/r01/mcs90_r01_s40.A07 fileNameGt=../../cp2016-max-common-connected-subgraph-paper/datasets/graphsdb/mcs90/rand/r01/mcs90_r01_s40.B07
Reading graphs...
40 :  144
40 :  146
Initializing...
maxdom : 40
D->valSize : 1600
Solving...
Blb : 2 (clique : 16)
currentSize : 16 <-- 0.033254 s
currentSize : 17 <-- 0.033505 s
currentSize : 18 <-- 0.034138 s
currentSize : 19 <-- 0.038064 s
currentSize : 20 <-- 0.586416 s
currentSize : 21 <-- 41.028042 s
currentSize : 23 <-- 374.163025 s
currentSize : 24 <-- 405.680084 s
currentSize : 25 <-- 485.469910 s
currentSize : 28 <-- 528.491577 s
currentSize : 29 <-- 538.137512 s
currentSize : 30 <-- 548.841064 s
currentSize : 36 <-- 561.404480 s

maxsize : 36
nodes : 55164022.000000
filtered : 1662985794.000000
time : 561.661560
