Parameters: GAD=1 vflib=1 dir=0 label=0 lowerbound=1 fileNameGp=../../cp2016-max-common-connected-subgraph-paper/datasets/graphsdb/mcs90/rand/r005/mcs90_r005_s40.A01 fileNameGt=../../cp2016-max-common-connected-subgraph-paper/datasets/graphsdb/mcs90/rand/r005/mcs90_r005_s40.B01
Reading graphs...
40 :  77
40 :  77
Initializing...
maxdom : 40
D->valSize : 1600
Solving...
Blb : 2 (clique : 24)
currentSize : 24 <-- 0.059113 s
currentSize : 25 <-- 0.145234 s
currentSize : 26 <-- 0.163853 s
currentSize : 27 <-- 0.182174 s
currentSize : 28 <-- 1.006416 s
currentSize : 29 <-- 5.322750 s
currentSize : 31 <-- 5.322998 s
currentSize : 33 <-- 5.323370 s
currentSize : 34 <-- 5.323404 s
currentSize : 35 <-- 5.323445 s
currentSize : 36 <-- 5.323607 s

maxsize : 36
nodes : 171398.000000
filtered : 7702758.000000
time : 6.090625
