Parameters: GAD=1 vflib=1 dir=0 label=0 lowerbound=1 fileNameGp=../../cp2016-max-common-connected-subgraph-paper/datasets/graphsdb/mcs90/bvg/b06m/mcs90_b06m_s40.A06 fileNameGt=../../cp2016-max-common-connected-subgraph-paper/datasets/graphsdb/mcs90/bvg/b06m/mcs90_b06m_s40.B06
Reading graphs...
40 :  117
40 :  117
Initializing...
maxdom : 40
D->valSize : 1600
Solving...
Blb : 2 (clique : 17)
currentSize : 17 <-- 0.034198 s
currentSize : 18 <-- 0.034400 s
currentSize : 19 <-- 0.034600 s
currentSize : 20 <-- 0.035987 s
currentSize : 21 <-- 0.036023 s
currentSize : 22 <-- 0.036151 s
currentSize : 23 <-- 10.522420 s
currentSize : 24 <-- 118.204819 s
currentSize : 25 <-- 137.830597 s
currentSize : 26 <-- 137.838379 s
currentSize : 27 <-- 137.855820 s
currentSize : 28 <-- 137.855865 s
currentSize : 29 <-- 173.407730 s
currentSize : 31 <-- 173.416046 s
currentSize : 36 <-- 173.429062 s

maxsize : 36
nodes : 7519514.000000
filtered : 293860095.000000
time : 174.146393
