Parameters: GAD=1 vflib=1 dir=0 label=0 lowerbound=1 fileNameGp=../../cp2016-max-common-connected-subgraph-paper/datasets/graphsdb/mcs90/bvg/b09m/mcs90_b09m_s30.A08 fileNameGt=../../cp2016-max-common-connected-subgraph-paper/datasets/graphsdb/mcs90/bvg/b09m/mcs90_b09m_s30.B08
Reading graphs...
30 :  131
30 :  132
Initializing...
maxdom : 30
D->valSize : 900
Solving...
Blb : 3 (clique : 15)
currentSize : 15 <-- 0.009673 s
currentSize : 16 <-- 0.088113 s
currentSize : 17 <-- 0.089374 s
currentSize : 18 <-- 0.125301 s
currentSize : 19 <-- 2.586660 s
currentSize : 20 <-- 5.099375 s
currentSize : 26 <-- 9.379413 s

maxsize : 26
nodes : 1342699.000000
filtered : 44382243.000000
time : 9.453139
