Parameters: GAD=1 vflib=1 dir=0 label=0 lowerbound=1 fileNameGp=../../cp2016-max-common-connected-subgraph-paper/datasets/graphsdb/mcs90/bvg/b09/mcs90_b09_s25.A02 fileNameGt=../../cp2016-max-common-connected-subgraph-paper/datasets/graphsdb/mcs90/bvg/b09/mcs90_b09_s25.B02
Reading graphs...
25 :  111
25 :  112
Initializing...
maxdom : 25
D->valSize : 625
Solving...
Blb : 2 (clique : 11)
currentSize : 11 <-- 0.004817 s
currentSize : 12 <-- 0.004946 s
currentSize : 13 <-- 0.005769 s
currentSize : 14 <-- 0.006583 s
currentSize : 15 <-- 0.007893 s
currentSize : 16 <-- 0.007965 s
currentSize : 17 <-- 0.008352 s
currentSize : 19 <-- 0.016978 s
currentSize : 22 <-- 0.093215 s

maxsize : 22
nodes : 12749.000000
filtered : 556530.000000
time : 0.129418
