Parameters: GAD=1 vflib=1 dir=0 label=0 lowerbound=1 fileNameGp=../../cp2016-max-common-connected-subgraph-paper/datasets/graphsdb/mcs90/bvg/b03m/mcs90_b03m_s35.A02 fileNameGt=../../cp2016-max-common-connected-subgraph-paper/datasets/graphsdb/mcs90/bvg/b03m/mcs90_b03m_s35.B02
Reading graphs...
35 :  51
35 :  51
Initializing...
maxdom : 35
D->valSize : 1225
Solving...
Blb : 2 (clique : 22)
currentSize : 22 <-- 0.021422 s
currentSize : 23 <-- 0.023923 s
currentSize : 24 <-- 0.043700 s
currentSize : 25 <-- 0.888658 s
currentSize : 26 <-- 1.163134 s
currentSize : 27 <-- 10.621256 s
currentSize : 28 <-- 126.494049 s
currentSize : 29 <-- 393.123444 s
currentSize : 30 <-- 393.123596 s

maxsize : 30
nodes : 4462214.000000
filtered : 366274753.000000
time : 411.671783
