Parameters: GAD=1 vflib=1 dir=0 label=0 lowerbound=1 fileNameGp=../../cp2016-max-common-connected-subgraph-paper/datasets/graphsdb/mcs90/rand/r02/mcs90_r02_s25.A05 fileNameGt=../../cp2016-max-common-connected-subgraph-paper/datasets/graphsdb/mcs90/rand/r02/mcs90_r02_s25.B05
Reading graphs...
25 :  104
25 :  105
Initializing...
maxdom : 25
D->valSize : 625
Solving...
Blb : 2 (clique : 10)
currentSize : 10 <-- 0.004739 s
currentSize : 11 <-- 0.005392 s
currentSize : 12 <-- 0.006822 s
currentSize : 13 <-- 0.212608 s
currentSize : 14 <-- 0.315665 s
currentSize : 16 <-- 0.405875 s
currentSize : 17 <-- 0.770179 s
currentSize : 22 <-- 0.979122 s

maxsize : 22
nodes : 202867.000000
filtered : 3854011.000000
time : 0.997619
