Parameters: GAD=1 vflib=1 dir=0 label=0 lowerbound=1 fileNameGp=../../cp2016-max-common-connected-subgraph-paper/datasets/graphsdb/mcs90/rand/r005/mcs90_r005_s40.A06 fileNameGt=../../cp2016-max-common-connected-subgraph-paper/datasets/graphsdb/mcs90/rand/r005/mcs90_r005_s40.B06
Reading graphs...
40 :  73
40 :  73
Initializing...
maxdom : 40
D->valSize : 1600
Solving...
Blb : 2 (clique : 24)
currentSize : 24 <-- 0.036239 s
currentSize : 25 <-- 0.928672 s
currentSize : 26 <-- 2.459739 s
currentSize : 27 <-- 3.144296 s
currentSize : 28 <-- 4.845585 s
currentSize : 29 <-- 118.738808 s
currentSize : 30 <-- 232.090515 s
currentSize : 31 <-- 232.091064 s
currentSize : 32 <-- 241.796722 s
currentSize : 33 <-- 241.797714 s
currentSize : 36 <-- 241.797760 s

maxsize : 36
nodes : 7021523.000000
filtered : 327999053.000000
time : 242.269058
