Parameters: GAD=1 vflib=1 dir=0 label=0 lowerbound=1 fileNameGp=../../cp2016-max-common-connected-subgraph-paper/datasets/graphsdb/mcs90/bvg/b03m/mcs90_b03m_s35.A08 fileNameGt=../../cp2016-max-common-connected-subgraph-paper/datasets/graphsdb/mcs90/bvg/b03m/mcs90_b03m_s35.B08
Reading graphs...
35 :  51
35 :  51
Initializing...
maxdom : 35
D->valSize : 1225
Solving...
Blb : 2 (clique : 23)
currentSize : 23 <-- 0.021466 s
currentSize : 24 <-- 1.155044 s
currentSize : 25 <-- 1.445005 s
currentSize : 26 <-- 29.882690 s
currentSize : 27 <-- 270.653137 s
currentSize : 28 <-- 517.247559 s
currentSize : 30 <-- 517.987122 s

maxsize : 30
nodes : 9471862.000000
filtered : 592782387.000000
time : 531.938354
