Parameters: GAD=1 vflib=1 dir=0 label=0 lowerbound=1 fileNameGp=../../cp2016-max-common-connected-subgraph-paper/datasets/graphsdb/mcs90/rand/r02/mcs90_r02_s30.A09 fileNameGt=../../cp2016-max-common-connected-subgraph-paper/datasets/graphsdb/mcs90/rand/r02/mcs90_r02_s30.B09
Reading graphs...
30 :  154
30 :  155
Initializing...
maxdom : 30
D->valSize : 900
Solving...
Blb : 2 (clique : 11)
currentSize : 11 <-- 0.009541 s
currentSize : 12 <-- 0.011356 s
currentSize : 13 <-- 0.012945 s
currentSize : 14 <-- 0.440679 s
currentSize : 16 <-- 1.112900 s
currentSize : 17 <-- 1.112998 s
currentSize : 19 <-- 1.115800 s
currentSize : 27 <-- 2.318621 s

maxsize : 27
nodes : 431221.000000
filtered : 8286934.000000
time : 2.353720
