Parameters: GAD=1 vflib=1 dir=0 label=0 lowerbound=1 fileNameGp=../../cp2016-max-common-connected-subgraph-paper/datasets/graphsdb/mcs90/m2D/m2Dr4/mcs90_m2Dr4_s40.A03 fileNameGt=../../cp2016-max-common-connected-subgraph-paper/datasets/graphsdb/mcs90/m2D/m2Dr4/mcs90_m2Dr4_s40.B03
Reading graphs...
40 :  82
40 :  82
Initializing...
maxdom : 40
D->valSize : 1600
Solving...
Blb : 2 (clique : 20)
currentSize : 20 <-- 0.035884 s
currentSize : 21 <-- 0.036106 s
currentSize : 22 <-- 0.036877 s
currentSize : 23 <-- 0.037269 s
currentSize : 24 <-- 0.059261 s
currentSize : 25 <-- 0.231348 s
currentSize : 26 <-- 6.111117 s
currentSize : 27 <-- 33.541473 s
currentSize : 29 <-- 115.987297 s
currentSize : 31 <-- 125.297508 s
currentSize : 32 <-- 127.011620 s
currentSize : 33 <-- 225.618118 s
currentSize : 36 <-- 225.619156 s

maxsize : 36
nodes : 4745247.000000
filtered : 290336259.000000
time : 226.286285
