Parameters: GAD=1 vflib=1 dir=0 label=0 lowerbound=1 fileNameGp=../../cp2016-max-common-connected-subgraph-paper/datasets/graphsdb/mcs90/bvg/b06/mcs90_b06_s25.A02 fileNameGt=../../cp2016-max-common-connected-subgraph-paper/datasets/graphsdb/mcs90/bvg/b06/mcs90_b06_s25.B02
Reading graphs...
25 :  75
25 :  75
Initializing...
maxdom : 25
D->valSize : 625
Solving...
Blb : 2 (clique : 13)
currentSize : 13 <-- 0.004993 s
currentSize : 14 <-- 0.005136 s
currentSize : 15 <-- 0.005366 s
currentSize : 16 <-- 0.005538 s
currentSize : 17 <-- 0.006505 s
currentSize : 18 <-- 0.006980 s
currentSize : 19 <-- 0.007226 s
currentSize : 20 <-- 0.007243 s
currentSize : 22 <-- 0.007381 s

maxsize : 22
nodes : 1392.000000
filtered : 68228.000000
time : 0.039659
