Parameters: GAD=1 vflib=1 dir=0 label=0 lowerbound=1 fileNameGp=../../cp2016-max-common-connected-subgraph-paper/datasets/graphsdb/mcs90/rand/r02/mcs90_r02_s50.A07 fileNameGt=../../cp2016-max-common-connected-subgraph-paper/datasets/graphsdb/mcs90/rand/r02/mcs90_r02_s50.B07
Reading graphs...
50 :  444
50 :  440
Initializing...
maxdom : 50
D->valSize : 2500
Solving...
Blb : 2 (clique : 12)
currentSize : 12 <-- 0.075983 s
currentSize : 13 <-- 0.076353 s
currentSize : 14 <-- 0.076789 s
currentSize : 15 <-- 0.080158 s
currentSize : 16 <-- 0.095646 s
currentSize : 17 <-- 1.413129 s
currentSize : 18 <-- 1.944065 s
currentSize : 19 <-- 1.951377 s
currentSize : 21 <-- 2.389358 s
currentSize : 22 <-- 258.344360 s
currentSize : 25 <-- 608.510620 s
currentSize : 31 <-- 931.816528 s
currentSize : 32 <-- 932.459045 s
currentSize : 45 <-- 932.700562 s

maxsize : 45
nodes : 161114213.000000
filtered : 3623164684.000000
time : 933.925293
