Parameters: GAD=1 vflib=1 dir=0 label=0 lowerbound=1 fileNameGp=../../cp2016-max-common-connected-subgraph-paper/datasets/graphsdb/mcs90/rand/r02/mcs90_r02_s35.A08 fileNameGt=../../cp2016-max-common-connected-subgraph-paper/datasets/graphsdb/mcs90/rand/r02/mcs90_r02_s35.B08
Reading graphs...
35 :  217
35 :  215
Initializing...
maxdom : 35
D->valSize : 1225
Solving...
Blb : 2 (clique : 12)
currentSize : 12 <-- 0.017179 s
currentSize : 13 <-- 0.018294 s
currentSize : 14 <-- 0.075100 s
currentSize : 15 <-- 6.059571 s
currentSize : 16 <-- 52.057381 s
currentSize : 17 <-- 52.057472 s
currentSize : 18 <-- 52.213097 s
currentSize : 21 <-- 52.452637 s
currentSize : 23 <-- 52.456211 s
currentSize : 31 <-- 52.456657 s

maxsize : 31
nodes : 12749287.000000
filtered : 153705394.000000
time : 52.693447
