Parameters: GAD=1 vflib=1 dir=0 label=0 lowerbound=1 fileNameGp=../../cp2016-max-common-connected-subgraph-paper/datasets/graphsdb/mcs90/m2D/m2Dr6/mcs90_m2Dr6_s40.A08 fileNameGt=../../cp2016-max-common-connected-subgraph-paper/datasets/graphsdb/mcs90/m2D/m2Dr6/mcs90_m2Dr6_s40.B08
Reading graphs...
40 :  91
40 :  91
Initializing...
maxdom : 40
D->valSize : 1600
Solving...
Blb : 2 (clique : 19)
currentSize : 19 <-- 0.061841 s
currentSize : 21 <-- 0.062169 s
currentSize : 22 <-- 0.062448 s
currentSize : 23 <-- 0.065964 s
currentSize : 24 <-- 0.285971 s
currentSize : 26 <-- 1.974354 s

TIMEOUT
maxsize : 26
nodes : 23034783.000000
filtered : 1342499791.000000
time : 1000.000305
