Parameters: GAD=1 vflib=1 dir=0 label=0 lowerbound=1 fileNameGp=../../cp2016-max-common-connected-subgraph-paper/datasets/graphsdb/mcs90/m3D/m3Dr6/mcs90_m3Dr6_s30.A01 fileNameGt=../../cp2016-max-common-connected-subgraph-paper/datasets/graphsdb/mcs90/m3D/m3Dr6/mcs90_m3Dr6_s30.B01
Reading graphs...
30 :  78
30 :  77
Initializing...
maxdom : 30
D->valSize : 900
Solving...
Blb : 2 (clique : 15)
currentSize : 15 <-- 0.010657 s
currentSize : 16 <-- 0.011223 s
currentSize : 17 <-- 0.012108 s
currentSize : 18 <-- 0.301627 s
currentSize : 19 <-- 2.441147 s
currentSize : 20 <-- 4.781356 s
currentSize : 21 <-- 15.041546 s
currentSize : 23 <-- 15.058043 s
currentSize : 24 <-- 15.060263 s
currentSize : 25 <-- 15.963186 s
currentSize : 27 <-- 16.217623 s

maxsize : 27
nodes : 1786594.000000
filtered : 53516293.000000
time : 16.250023
