Parameters: GAD=1 vflib=1 dir=0 label=0 lowerbound=1 fileNameGp=../../cp2016-max-common-connected-subgraph-paper/datasets/graphsdb/mcs90/rand/r02/mcs90_r02_s50.A03 fileNameGt=../../cp2016-max-common-connected-subgraph-paper/datasets/graphsdb/mcs90/rand/r02/mcs90_r02_s50.B03
Reading graphs...
50 :  435
50 :  437
Initializing...
maxdom : 50
D->valSize : 2500
Solving...
Blb : 5 (clique : 12)
currentSize : 12 <-- 0.075721 s
currentSize : 13 <-- 0.075948 s
currentSize : 14 <-- 0.076298 s
currentSize : 15 <-- 0.247618 s
currentSize : 16 <-- 2.779312 s
currentSize : 17 <-- 233.875687 s
currentSize : 18 <-- 511.988892 s

TIMEOUT
maxsize : 18
nodes : 217194467.000000
filtered : 2505495347.000000
time : 1000.000000
