Parameters: GAD=1 vflib=1 dir=0 label=0 lowerbound=1 fileNameGp=../../cp2016-max-common-connected-subgraph-paper/datasets/graphsdb/mcs90/m2D/m2Dr4/mcs90_m2Dr4_s30.A04 fileNameGt=../../cp2016-max-common-connected-subgraph-paper/datasets/graphsdb/mcs90/m2D/m2Dr4/mcs90_m2Dr4_s30.B04
Reading graphs...
30 :  60
30 :  60
Initializing...
maxdom : 30
D->valSize : 900
Solving...
Blb : 2 (clique : 15)
currentSize : 15 <-- 0.011013 s
currentSize : 16 <-- 0.011175 s
currentSize : 17 <-- 0.011301 s
currentSize : 18 <-- 0.014300 s
currentSize : 19 <-- 0.043934 s
currentSize : 20 <-- 0.470157 s
currentSize : 21 <-- 23.635921 s
currentSize : 22 <-- 26.799047 s
currentSize : 23 <-- 35.047337 s
currentSize : 25 <-- 40.959553 s

maxsize : 25
nodes : 2122422.000000
filtered : 90411015.000000
time : 41.735378
