Parameters: GAD=1 vflib=1 dir=0 label=0 lowerbound=1 fileNameGp=../../cp2016-max-common-connected-subgraph-paper/datasets/graphsdb/mcs90/rand/r01/mcs90_r01_s50.A00 fileNameGt=../../cp2016-max-common-connected-subgraph-paper/datasets/graphsdb/mcs90/rand/r01/mcs90_r01_s50.B00
Reading graphs...
50 :  228
50 :  230
Initializing...
maxdom : 50
D->valSize : 2500
Solving...
Blb : 2 (clique : 19)
currentSize : 19 <-- 0.086179 s
currentSize : 20 <-- 0.088403 s
currentSize : 21 <-- 0.159208 s
currentSize : 22 <-- 1.277755 s
currentSize : 23 <-- 41.222599 s
currentSize : 24 <-- 60.882038 s
currentSize : 25 <-- 60.882130 s
currentSize : 26 <-- 121.174301 s
currentSize : 27 <-- 205.880646 s
currentSize : 28 <-- 409.782837 s
currentSize : 29 <-- 409.782990 s
currentSize : 30 <-- 461.345673 s
currentSize : 32 <-- 461.842682 s
currentSize : 34 <-- 635.324097 s
currentSize : 35 <-- 653.909424 s
currentSize : 37 <-- 654.032349 s
currentSize : 39 <-- 659.259155 s
currentSize : 45 <-- 685.547607 s

maxsize : 45
nodes : 56639143.000000
filtered : 2857931790.000000
time : 686.834412
