Parameters: GAD=1 vflib=1 dir=0 label=0 lowerbound=1 fileNameGp=../../cp2016-max-common-connected-subgraph-paper/datasets/graphsdb/mcs90/rand/r005/mcs90_r005_s50.A02 fileNameGt=../../cp2016-max-common-connected-subgraph-paper/datasets/graphsdb/mcs90/rand/r005/mcs90_r005_s50.B02
Reading graphs...
50 :  119
50 :  120
Initializing...
maxdom : 50
D->valSize : 2500
Solving...
Blb : 2 (clique : 27)
currentSize : 27 <-- 0.119607 s
currentSize : 28 <-- 0.136879 s
currentSize : 29 <-- 0.797041 s
currentSize : 30 <-- 7.368851 s
currentSize : 31 <-- 7.733063 s
currentSize : 32 <-- 16.669449 s

TIMEOUT
maxsize : 32
nodes : 14162900.000000
filtered : 1189903876.000000
time : 1000.000305
