Parameters: GAD=1 vflib=1 dir=0 label=0 lowerbound=1 fileNameGp=../../cp2016-max-common-connected-subgraph-paper/datasets/graphsdb/mcs90/bvg/b03m/mcs90_b03m_s35.A01 fileNameGt=../../cp2016-max-common-connected-subgraph-paper/datasets/graphsdb/mcs90/bvg/b03m/mcs90_b03m_s35.B01
Reading graphs...
35 :  50
35 :  50
Initializing...
maxdom : 35
D->valSize : 1225
Solving...
Blb : 2 (clique : 23)
currentSize : 23 <-- 0.021449 s
currentSize : 24 <-- 0.021740 s
currentSize : 25 <-- 0.023635 s
currentSize : 26 <-- 65.446434 s
currentSize : 27 <-- 119.268082 s
currentSize : 28 <-- 197.148254 s
currentSize : 29 <-- 390.626434 s
currentSize : 30 <-- 432.890198 s

maxsize : 30
nodes : 4703574.000000
filtered : 359506809.000000
time : 436.929596
