Parameters: GAD=1 vflib=1 dir=0 label=0 lowerbound=1 fileNameGp=../../cp2016-max-common-connected-subgraph-paper/datasets/graphsdb/mcs90/m2D/m2D/mcs90_m2D_s40.A08 fileNameGt=../../cp2016-max-common-connected-subgraph-paper/datasets/graphsdb/mcs90/m2D/m2D/mcs90_m2D_s40.B08
Reading graphs...
40 :  67
40 :  67
Initializing...
maxdom : 40
D->valSize : 1600
Solving...
Blb : 2 (clique : 28)
currentSize : 28 <-- 0.036846 s
currentSize : 29 <-- 0.979672 s
currentSize : 30 <-- 2.028735 s
currentSize : 31 <-- 21.673471 s
currentSize : 32 <-- 22.045410 s
currentSize : 33 <-- 24.503704 s
currentSize : 36 <-- 24.512482 s

maxsize : 36
nodes : 317247.000000
filtered : 21266565.000000
time : 27.729582
