Parameters: GAD=1 vflib=1 dir=0 label=0 lowerbound=1 fileNameGp=../../cp2016-max-common-connected-subgraph-paper/datasets/graphsdb/mcs90/m2D/m2D/mcs90_m2D_s40.A01 fileNameGt=../../cp2016-max-common-connected-subgraph-paper/datasets/graphsdb/mcs90/m2D/m2D/mcs90_m2D_s40.B01
Reading graphs...
40 :  67
40 :  67
Initializing...
maxdom : 40
D->valSize : 1600
Solving...
Blb : 2 (clique : 28)
currentSize : 28 <-- 0.036777 s
currentSize : 29 <-- 2.621605 s
currentSize : 30 <-- 7.286333 s
currentSize : 32 <-- 45.226036 s
currentSize : 33 <-- 48.610241 s
currentSize : 36 <-- 71.825813 s

maxsize : 36
nodes : 1028610.000000
filtered : 74850386.000000
time : 76.552032
