Parameters: GAD=1 vflib=1 dir=0 label=0 lowerbound=1 fileNameGp=../../cp2016-max-common-connected-subgraph-paper/datasets/graphsdb/mcs90/m3D/m3Dr4/mcs90_m3Dr4_s30.A02 fileNameGt=../../cp2016-max-common-connected-subgraph-paper/datasets/graphsdb/mcs90/m3D/m3Dr4/mcs90_m3Dr4_s30.B02
Reading graphs...
30 :  73
30 :  73
Initializing...
maxdom : 30
D->valSize : 900
Solving...
Blb : 2 (clique : 15)
currentSize : 15 <-- 0.010671 s
currentSize : 16 <-- 0.010799 s
currentSize : 17 <-- 0.010854 s
currentSize : 18 <-- 0.095794 s
currentSize : 19 <-- 0.194992 s
currentSize : 22 <-- 8.265729 s
currentSize : 27 <-- 10.104031 s

maxsize : 27
nodes : 1276840.000000
filtered : 32794747.000000
time : 10.195936
