Parameters: GAD=1 vflib=1 dir=0 label=0 lowerbound=1 fileNameGp=../../cp2016-max-common-connected-subgraph-paper/datasets/graphsdb/mcs90/rand/r01/mcs90_r01_s40.A05 fileNameGt=../../cp2016-max-common-connected-subgraph-paper/datasets/graphsdb/mcs90/rand/r01/mcs90_r01_s40.B05
Reading graphs...
40 :  150
40 :  151
Initializing...
maxdom : 40
D->valSize : 1600
Solving...
Blb : 2 (clique : 16)
currentSize : 16 <-- 0.032863 s
currentSize : 17 <-- 0.033059 s
currentSize : 18 <-- 0.034381 s
currentSize : 19 <-- 0.058682 s
currentSize : 20 <-- 0.556242 s
currentSize : 22 <-- 108.316109 s

TIMEOUT
maxsize : 22
nodes : 114277799.000000
filtered : 3483329835.000000
time : 1000.000000
