Parameters: GAD=1 vflib=1 dir=0 label=0 lowerbound=1 fileNameGp=../../cp2016-max-common-connected-subgraph-paper/datasets/graphsdb/mcs90/bvg/b09m/mcs90_b09m_s50.A02 fileNameGt=../../cp2016-max-common-connected-subgraph-paper/datasets/graphsdb/mcs90/bvg/b09m/mcs90_b09m_s50.B02
Reading graphs...
50 :  220
50 :  221
Initializing...
maxdom : 50
D->valSize : 2500
Solving...
Blb : 2 (clique : 18)
currentSize : 18 <-- 0.086922 s
currentSize : 19 <-- 0.087343 s
currentSize : 20 <-- 0.089035 s
currentSize : 21 <-- 0.094315 s
currentSize : 22 <-- 0.439595 s
currentSize : 23 <-- 52.710423 s

TIMEOUT
maxsize : 23
nodes : 96394198.000000
filtered : 2843489995.000000
time : 1000.000000
