Parameters: GAD=1 vflib=1 dir=0 label=0 lowerbound=1 fileNameGp=../../cp2016-max-common-connected-subgraph-paper/datasets/graphsdb/mcs90/m2D/m2Dr4/mcs90_m2Dr4_s50.A07 fileNameGt=../../cp2016-max-common-connected-subgraph-paper/datasets/graphsdb/mcs90/m2D/m2Dr4/mcs90_m2Dr4_s50.B07
Reading graphs...
50 :  105
50 :  103
Initializing...
maxdom : 50
D->valSize : 2500
Solving...
Blb : 2 (clique : 34)
currentSize : 34 <-- 0.096565 s
currentSize : 35 <-- 46.432014 s
currentSize : 36 <-- 46.432613 s
currentSize : 37 <-- 59.415272 s
currentSize : 38 <-- 240.466293 s
currentSize : 39 <-- 486.418091 s
currentSize : 41 <-- 976.391724 s

TIMEOUT
maxsize : 41
nodes : 11107870.000000
filtered : 988851672.000000
time : 1000.000732
