Parameters: GAD=1 vflib=1 dir=0 label=0 lowerbound=1 fileNameGp=../../cp2016-max-common-connected-subgraph-paper/datasets/graphsdb/mcs90/m2D/m2Dr4/mcs90_m2Dr4_s40.A07 fileNameGt=../../cp2016-max-common-connected-subgraph-paper/datasets/graphsdb/mcs90/m2D/m2Dr4/mcs90_m2Dr4_s40.B07
Reading graphs...
40 :  81
40 :  81
Initializing...
maxdom : 40
D->valSize : 1600
Solving...
Blb : 2 (clique : 23)
currentSize : 23 <-- 0.036264 s
currentSize : 24 <-- 0.036516 s
currentSize : 25 <-- 0.422693 s
currentSize : 26 <-- 0.677334 s
currentSize : 27 <-- 5.163163 s
currentSize : 28 <-- 685.825378 s

TIMEOUT
maxsize : 28
nodes : 27728517.000000
filtered : 1622232095.000000
time : 1000.000061
