Parameters: GAD=1 vflib=1 dir=0 label=0 lowerbound=1 fileNameGp=../../cp2016-max-common-connected-subgraph-paper/datasets/graphsdb/mcs90/m2D/m2Dr2/mcs90_m2Dr2_s50.A02 fileNameGt=../../cp2016-max-common-connected-subgraph-paper/datasets/graphsdb/mcs90/m2D/m2Dr2/mcs90_m2Dr2_s50.B02
Reading graphs...
50 :  95
50 :  94
Initializing...
maxdom : 50
D->valSize : 2500
Solving...
Blb : 2 (clique : 28)
currentSize : 28 <-- 0.097243 s
currentSize : 29 <-- 0.097664 s
currentSize : 30 <-- 0.097754 s
currentSize : 31 <-- 0.097869 s
currentSize : 33 <-- 0.569260 s
currentSize : 34 <-- 2.482928 s
currentSize : 35 <-- 2.500700 s
currentSize : 36 <-- 4.936487 s
currentSize : 37 <-- 98.696678 s
currentSize : 38 <-- 230.529419 s
currentSize : 39 <-- 382.450653 s
currentSize : 40 <-- 401.353302 s
currentSize : 41 <-- 515.827820 s
currentSize : 42 <-- 551.795349 s
currentSize : 43 <-- 584.788879 s
currentSize : 49 <-- 615.641113 s

maxsize : 49
nodes : 6041187.000000
filtered : 523474146.000000
time : 615.800232
