Parameters: GAD=1 vflib=1 dir=0 label=0 lowerbound=1 fileNameGp=../../cp2016-max-common-connected-subgraph-paper/datasets/graphsdb/mcs90/m2D/m2Dr4/mcs90_m2Dr4_s50.A06 fileNameGt=../../cp2016-max-common-connected-subgraph-paper/datasets/graphsdb/mcs90/m2D/m2Dr4/mcs90_m2Dr4_s50.B06
Reading graphs...
50 :  104
50 :  102
Initializing...
maxdom : 50
D->valSize : 2500
Solving...
Blb : 2 (clique : 26)
currentSize : 26 <-- 0.096342 s
currentSize : 27 <-- 0.096725 s
currentSize : 28 <-- 0.097783 s
currentSize : 29 <-- 0.124796 s
currentSize : 30 <-- 1.095560 s
currentSize : 31 <-- 5.190750 s
currentSize : 32 <-- 35.668674 s
currentSize : 33 <-- 46.106407 s
currentSize : 34 <-- 48.277897 s
currentSize : 35 <-- 62.451256 s
currentSize : 36 <-- 75.422760 s
currentSize : 37 <-- 75.514450 s
currentSize : 39 <-- 76.021904 s
currentSize : 40 <-- 76.159943 s
currentSize : 41 <-- 76.212906 s
currentSize : 42 <-- 76.490105 s
currentSize : 49 <-- 76.733536 s

maxsize : 49
nodes : 2882514.000000
filtered : 138204596.000000
time : 76.736282
