Parameters: GAD=1 vflib=1 dir=0 label=0 lowerbound=1 fileNameGp=../../cp2016-max-common-connected-subgraph-paper/datasets/graphsdb/mcs90/bvg/b09m/mcs90_b09m_s35.A05 fileNameGt=../../cp2016-max-common-connected-subgraph-paper/datasets/graphsdb/mcs90/bvg/b09m/mcs90_b09m_s35.B05
Reading graphs...
35 :  150
35 :  150
Initializing...
maxdom : 35
D->valSize : 1225
Solving...
Blb : 2 (clique : 13)
currentSize : 13 <-- 0.018504 s
currentSize : 14 <-- 0.019172 s
currentSize : 15 <-- 0.019690 s
currentSize : 16 <-- 0.034045 s
currentSize : 17 <-- 0.531195 s
currentSize : 18 <-- 3.569732 s
currentSize : 23 <-- 3.570898 s
currentSize : 25 <-- 9.135293 s
currentSize : 30 <-- 12.255794 s

maxsize : 30
nodes : 1620908.000000
filtered : 54677335.000000
time : 12.632926
