Parameters: GAD=1 vflib=1 dir=0 label=0 lowerbound=1 fileNameGp=../../cp2016-max-common-connected-subgraph-paper/datasets/graphsdb/mcs90/bvg/b06/mcs90_b06_s30.A07 fileNameGt=../../cp2016-max-common-connected-subgraph-paper/datasets/graphsdb/mcs90/bvg/b06/mcs90_b06_s30.B07
Reading graphs...
30 :  90
30 :  90
Initializing...
maxdom : 30
D->valSize : 900
Solving...
Blb : 2 (clique : 17)
currentSize : 17 <-- 0.018321 s
currentSize : 18 <-- 0.018560 s
currentSize : 19 <-- 0.018602 s
currentSize : 20 <-- 0.018692 s
currentSize : 21 <-- 0.018784 s
currentSize : 22 <-- 0.018910 s
currentSize : 23 <-- 0.019079 s
currentSize : 25 <-- 0.019917 s
currentSize : 27 <-- 0.022953 s

maxsize : 27
nodes : 3725.000000
filtered : 269535.000000
time : 0.264148
