Parameters: GAD=1 vflib=1 dir=0 label=0 lowerbound=1 fileNameGp=../../cp2016-max-common-connected-subgraph-paper/datasets/graphsdb/mcs90/rand/r01/mcs90_r01_s35.A05 fileNameGt=../../cp2016-max-common-connected-subgraph-paper/datasets/graphsdb/mcs90/rand/r01/mcs90_r01_s35.B05
Reading graphs...
35 :  108
35 :  108
Initializing...
maxdom : 35
D->valSize : 1225
Solving...
Blb : 2 (clique : 16)
currentSize : 16 <-- 0.019524 s
currentSize : 17 <-- 0.021176 s
currentSize : 18 <-- 0.067947 s
currentSize : 19 <-- 4.872748 s
currentSize : 20 <-- 13.833793 s
currentSize : 21 <-- 19.275526 s
currentSize : 22 <-- 38.765419 s
currentSize : 23 <-- 51.248470 s
currentSize : 24 <-- 51.531807 s
currentSize : 26 <-- 51.541927 s
currentSize : 28 <-- 51.549896 s
currentSize : 31 <-- 51.549965 s

maxsize : 31
nodes : 5234413.000000
filtered : 155589259.000000
time : 51.841049
