Parameters: GAD=1 vflib=1 dir=0 label=0 lowerbound=1 fileNameGp=../../cp2016-max-common-connected-subgraph-paper/datasets/graphsdb/mcs90/bvg/b09/mcs90_b09_s50.A04 fileNameGt=../../cp2016-max-common-connected-subgraph-paper/datasets/graphsdb/mcs90/bvg/b09/mcs90_b09_s50.B04
Reading graphs...
50 :  224
50 :  225
Initializing...
maxdom : 50
D->valSize : 2500
Solving...
Blb : 2 (clique : 26)
currentSize : 26 <-- 0.147181 s
currentSize : 27 <-- 0.147671 s
currentSize : 28 <-- 0.147846 s
currentSize : 31 <-- 0.147978 s
currentSize : 33 <-- 0.148064 s
currentSize : 34 <-- 0.148901 s
currentSize : 35 <-- 0.149168 s
currentSize : 36 <-- 0.149482 s
currentSize : 37 <-- 0.150400 s
currentSize : 39 <-- 0.151826 s
currentSize : 40 <-- 0.152310 s
currentSize : 44 <-- 0.442484 s

maxsize : 44
nodes : 325168.000000
filtered : 35379229.000000
time : 13.287648
