Parameters: GAD=1 vflib=1 dir=0 label=0 lowerbound=1 fileNameGp=../../cp2016-max-common-connected-subgraph-paper/datasets/graphsdb/mcs90/rand/r005/mcs90_r005_s30.A05 fileNameGt=../../cp2016-max-common-connected-subgraph-paper/datasets/graphsdb/mcs90/rand/r005/mcs90_r005_s30.B05
Reading graphs...
30 :  42
30 :  42
Initializing...
maxdom : 30
D->valSize : 900
Solving...
Blb : 2 (clique : 19)
currentSize : 19 <-- 0.011594 s
currentSize : 20 <-- 0.011771 s
currentSize : 21 <-- 0.011892 s
currentSize : 22 <-- 0.016346 s
currentSize : 23 <-- 0.689166 s
currentSize : 25 <-- 34.122990 s
currentSize : 26 <-- 34.174210 s
currentSize : 27 <-- 34.174633 s

maxsize : 27
nodes : 729857.000000
filtered : 41185252.000000
time : 34.390617
