Parameters: GAD=1 vflib=1 dir=0 label=0 lowerbound=1 fileNameGp=../../cp2016-max-common-connected-subgraph-paper/datasets/graphsdb/mcs90/bvg/b03m/mcs90_b03m_s40.A02 fileNameGt=../../cp2016-max-common-connected-subgraph-paper/datasets/graphsdb/mcs90/bvg/b03m/mcs90_b03m_s40.B02
Reading graphs...
40 :  59
40 :  60
Initializing...
maxdom : 40
D->valSize : 1600
Solving...
Blb : 2 (clique : 32)
currentSize : 32 <-- 0.037116 s
currentSize : 33 <-- 33.295567 s
currentSize : 34 <-- 72.894394 s
currentSize : 35 <-- 83.658165 s
currentSize : 36 <-- 83.659920 s
currentSize : 37 <-- 83.661667 s

maxsize : 37
nodes : 721190.000000
filtered : 64470958.000000
time : 84.352341
