Parameters: GAD=1 vflib=1 dir=0 label=0 lowerbound=1 fileNameGp=../../cp2016-max-common-connected-subgraph-paper/datasets/graphsdb/mcs90/rand/r01/mcs90_r01_s35.A08 fileNameGt=../../cp2016-max-common-connected-subgraph-paper/datasets/graphsdb/mcs90/rand/r01/mcs90_r01_s35.B08
Reading graphs...
35 :  114
35 :  115
Initializing...
maxdom : 35
D->valSize : 1225
Solving...
Blb : 2 (clique : 13)
currentSize : 13 <-- 0.019825 s
currentSize : 15 <-- 0.019961 s
currentSize : 16 <-- 0.020196 s
currentSize : 17 <-- 0.020495 s
currentSize : 18 <-- 0.040997 s
currentSize : 19 <-- 10.837266 s
currentSize : 20 <-- 10.875927 s
currentSize : 21 <-- 11.087422 s
currentSize : 22 <-- 11.090678 s
currentSize : 24 <-- 11.336429 s
currentSize : 25 <-- 11.336606 s
currentSize : 26 <-- 13.162708 s
currentSize : 31 <-- 14.566205 s

maxsize : 31
nodes : 1650439.000000
filtered : 44657182.000000
time : 14.771682
