Parameters: GAD=1 vflib=1 dir=0 label=0 lowerbound=1 fileNameGp=../../cp2016-max-common-connected-subgraph-paper/datasets/graphsdb/mcs90/bvg/b09m/mcs90_b09m_s40.A02 fileNameGt=../../cp2016-max-common-connected-subgraph-paper/datasets/graphsdb/mcs90/bvg/b09m/mcs90_b09m_s40.B02
Reading graphs...
40 :  175
40 :  176
Initializing...
maxdom : 40
D->valSize : 1600
Solving...
Blb : 2 (clique : 15)
currentSize : 15 <-- 0.031873 s
currentSize : 16 <-- 0.033415 s
currentSize : 17 <-- 0.066029 s
currentSize : 18 <-- 0.136939 s
currentSize : 19 <-- 0.137768 s
currentSize : 20 <-- 34.317017 s
currentSize : 23 <-- 71.443375 s
currentSize : 24 <-- 95.111420 s
currentSize : 29 <-- 100.590851 s
currentSize : 36 <-- 109.292778 s

maxsize : 36
nodes : 14111380.000000
filtered : 431869325.000000
time : 109.613792
