Parameters: GAD=1 vflib=1 dir=0 label=0 lowerbound=1 fileNameGp=../../cp2016-max-common-connected-subgraph-paper/datasets/graphsdb/mcs90/m3D/m3Dr2/mcs90_m3Dr2_s30.A09 fileNameGt=../../cp2016-max-common-connected-subgraph-paper/datasets/graphsdb/mcs90/m3D/m3Dr2/mcs90_m3Dr2_s30.B09
Reading graphs...
30 :  67
30 :  67
Initializing...
maxdom : 30
D->valSize : 900
Solving...
Blb : 2 (clique : 16)
currentSize : 16 <-- 0.010752 s
currentSize : 17 <-- 0.012029 s
currentSize : 18 <-- 0.012557 s
currentSize : 19 <-- 0.018277 s
currentSize : 20 <-- 1.153192 s
currentSize : 21 <-- 3.444275 s
currentSize : 22 <-- 8.142277 s
currentSize : 23 <-- 8.193853 s
currentSize : 27 <-- 8.195686 s

maxsize : 27
nodes : 580194.000000
filtered : 19069230.000000
time : 8.308712
