Parameters: GAD=1 vflib=1 dir=0 label=0 lowerbound=1 fileNameGp=../../cp2016-max-common-connected-subgraph-paper/datasets/graphsdb/mcs90/rand/r01/mcs90_r01_s40.A02 fileNameGt=../../cp2016-max-common-connected-subgraph-paper/datasets/graphsdb/mcs90/rand/r01/mcs90_r01_s40.B02
Reading graphs...
40 :  143
40 :  145
Initializing...
maxdom : 40
D->valSize : 1600
Solving...
Blb : 2 (clique : 16)
currentSize : 16 <-- 0.033291 s
currentSize : 17 <-- 0.034420 s
currentSize : 18 <-- 0.047606 s
currentSize : 19 <-- 0.143793 s
currentSize : 20 <-- 0.335004 s
currentSize : 21 <-- 0.335331 s
currentSize : 22 <-- 28.800207 s
currentSize : 23 <-- 32.110321 s
currentSize : 24 <-- 70.929848 s
currentSize : 25 <-- 70.929878 s
currentSize : 26 <-- 95.830223 s
currentSize : 27 <-- 98.670433 s
currentSize : 29 <-- 98.732483 s
currentSize : 33 <-- 98.746284 s
currentSize : 36 <-- 100.042290 s

maxsize : 36
nodes : 9168324.000000
filtered : 323397481.000000
time : 100.349457
