Parameters: GAD=1 vflib=1 dir=0 label=0 lowerbound=1 fileNameGp=../../cp2016-max-common-connected-subgraph-paper/datasets/graphsdb/mcs90/bvg/b03m/mcs90_b03m_s30.A09 fileNameGt=../../cp2016-max-common-connected-subgraph-paper/datasets/graphsdb/mcs90/bvg/b03m/mcs90_b03m_s30.B09
Reading graphs...
30 :  45
30 :  45
Initializing...
maxdom : 30
D->valSize : 900
Solving...
Blb : 2 (clique : 19)
currentSize : 19 <-- 0.011472 s
currentSize : 20 <-- 0.011620 s
currentSize : 21 <-- 0.011641 s
currentSize : 22 <-- 0.011874 s
currentSize : 23 <-- 5.308566 s
currentSize : 24 <-- 5.557115 s
currentSize : 25 <-- 16.203798 s
currentSize : 26 <-- 17.560036 s
currentSize : 28 <-- 17.595587 s

maxsize : 28
nodes : 494747.000000
filtered : 25254957.000000
time : 17.656448
