Parameters: GAD=1 vflib=1 dir=0 label=0 lowerbound=1 fileNameGp=../../cp2016-max-common-connected-subgraph-paper/datasets/graphsdb/mcs90/bvg/b09m/mcs90_b09m_s30.A03 fileNameGt=../../cp2016-max-common-connected-subgraph-paper/datasets/graphsdb/mcs90/bvg/b09m/mcs90_b09m_s30.B03
Reading graphs...
30 :  131
30 :  132
Initializing...
maxdom : 30
D->valSize : 900
Solving...
Blb : 2 (clique : 12)
currentSize : 12 <-- 0.016540 s
currentSize : 13 <-- 0.016805 s
currentSize : 14 <-- 0.031326 s
currentSize : 15 <-- 0.119682 s
currentSize : 16 <-- 4.119375 s
currentSize : 18 <-- 4.119455 s
currentSize : 26 <-- 4.120087 s

maxsize : 26
nodes : 835468.000000
filtered : 15629486.000000
time : 4.241054
