Parameters: GAD=1 vflib=1 dir=0 label=0 lowerbound=1 fileNameGp=../../cp2016-max-common-connected-subgraph-paper/datasets/graphsdb/mcs90/bvg/b06m/mcs90_b06m_s40.A05 fileNameGt=../../cp2016-max-common-connected-subgraph-paper/datasets/graphsdb/mcs90/bvg/b06m/mcs90_b06m_s40.B05
Reading graphs...
40 :  117
40 :  117
Initializing...
maxdom : 40
D->valSize : 1600
Solving...
Blb : 5 (clique : 20)
currentSize : 20 <-- 0.054723 s
currentSize : 21 <-- 0.107960 s
currentSize : 22 <-- 0.414004 s
currentSize : 23 <-- 30.123833 s
currentSize : 24 <-- 135.527374 s
currentSize : 25 <-- 231.393509 s
currentSize : 26 <-- 231.393600 s
currentSize : 27 <-- 251.044907 s
currentSize : 28 <-- 269.782776 s
currentSize : 30 <-- 294.397797 s
currentSize : 31 <-- 294.398010 s
currentSize : 36 <-- 294.404053 s

maxsize : 36
nodes : 11062167.000000
filtered : 548226549.000000
time : 294.989685
