Parameters: GAD=1 vflib=1 dir=0 label=0 lowerbound=1 fileNameGp=../../cp2016-max-common-connected-subgraph-paper/datasets/graphsdb/mcs90/bvg/b09/mcs90_b09_s30.A02 fileNameGt=../../cp2016-max-common-connected-subgraph-paper/datasets/graphsdb/mcs90/bvg/b09/mcs90_b09_s30.B02
Reading graphs...
30 :  135
30 :  135
Initializing...
maxdom : 30
D->valSize : 900
Solving...
Blb : 2 (clique : 11)
currentSize : 11 <-- 0.009756 s
currentSize : 12 <-- 0.011414 s
currentSize : 13 <-- 0.011613 s
currentSize : 14 <-- 0.042485 s
currentSize : 15 <-- 0.128137 s
currentSize : 16 <-- 0.282851 s
currentSize : 18 <-- 0.283503 s
currentSize : 19 <-- 0.286507 s
currentSize : 20 <-- 0.286622 s
currentSize : 22 <-- 0.288977 s
currentSize : 26 <-- 0.295768 s

maxsize : 26
nodes : 77748.000000
filtered : 1830538.000000
time : 0.555656
