Parameters: GAD=1 vflib=1 dir=0 label=0 lowerbound=1 fileNameGp=../../cp2016-max-common-connected-subgraph-paper/datasets/graphsdb/mcs90/rand/r005/mcs90_r005_s40.A04 fileNameGt=../../cp2016-max-common-connected-subgraph-paper/datasets/graphsdb/mcs90/rand/r005/mcs90_r005_s40.B04
Reading graphs...
40 :  77
40 :  77
Initializing...
maxdom : 40
D->valSize : 1600
Solving...
Blb : 2 (clique : 24)
currentSize : 24 <-- 0.036188 s
currentSize : 25 <-- 0.036464 s
currentSize : 26 <-- 0.059763 s
currentSize : 27 <-- 0.059882 s
currentSize : 28 <-- 1.173672 s
currentSize : 29 <-- 1.243163 s
currentSize : 30 <-- 1.507341 s
currentSize : 31 <-- 1.508319 s
currentSize : 36 <-- 1.567332 s

maxsize : 36
nodes : 120275.000000
filtered : 4807115.000000
time : 5.981465
