Parameters: GAD=1 vflib=1 dir=0 label=0 lowerbound=1 fileNameGp=../../cp2016-max-common-connected-subgraph-paper/datasets/graphsdb/mcs90/bvg/b09m/mcs90_b09m_s30.A09 fileNameGt=../../cp2016-max-common-connected-subgraph-paper/datasets/graphsdb/mcs90/bvg/b09m/mcs90_b09m_s30.B09
Reading graphs...
30 :  131
30 :  132
Initializing...
maxdom : 30
D->valSize : 900
Solving...
Blb : 2 (clique : 11)
currentSize : 11 <-- 0.009636 s
currentSize : 12 <-- 0.009951 s
currentSize : 13 <-- 0.015514 s
currentSize : 14 <-- 0.111773 s
currentSize : 15 <-- 1.629443 s
currentSize : 16 <-- 2.459261 s
currentSize : 18 <-- 4.445921 s
currentSize : 19 <-- 4.855515 s
currentSize : 20 <-- 4.855551 s
currentSize : 21 <-- 4.856909 s
currentSize : 26 <-- 5.295699 s

maxsize : 26
nodes : 997398.000000
filtered : 19669484.000000
time : 5.398243
