Parameters: GAD=1 vflib=1 dir=0 label=0 lowerbound=1 fileNameGp=../../cp2016-max-common-connected-subgraph-paper/datasets/graphsdb/mcs90/m2D/m2Dr4/mcs90_m2Dr4_s30.A07 fileNameGt=../../cp2016-max-common-connected-subgraph-paper/datasets/graphsdb/mcs90/m2D/m2Dr4/mcs90_m2Dr4_s30.B07
Reading graphs...
30 :  61
30 :  60
Initializing...
maxdom : 30
D->valSize : 900
Solving...
Blb : 2 (clique : 17)
currentSize : 17 <-- 0.010944 s
currentSize : 18 <-- 0.011367 s
currentSize : 20 <-- 0.012125 s
currentSize : 21 <-- 8.237666 s
currentSize : 24 <-- 31.412315 s
currentSize : 25 <-- 31.898907 s
currentSize : 26 <-- 32.422760 s

maxsize : 26
nodes : 1488071.000000
filtered : 59367585.000000
time : 32.663185
