Parameters: GAD=1 vflib=1 dir=0 label=0 lowerbound=1 fileNameGp=../../cp2016-max-common-connected-subgraph-paper/datasets/graphsdb/mcs90/m2D/m2Dr6/mcs90_m2Dr6_s30.A04 fileNameGt=../../cp2016-max-common-connected-subgraph-paper/datasets/graphsdb/mcs90/m2D/m2Dr6/mcs90_m2Dr6_s30.B04
Reading graphs...
30 :  67
30 :  67
Initializing...
maxdom : 30
D->valSize : 900
Solving...
Blb : 2 (clique : 14)
currentSize : 14 <-- 0.018973 s
currentSize : 15 <-- 0.019137 s
currentSize : 16 <-- 0.019320 s
currentSize : 17 <-- 0.019897 s
currentSize : 18 <-- 0.024405 s
currentSize : 19 <-- 0.070942 s
currentSize : 20 <-- 7.408034 s
currentSize : 21 <-- 10.535920 s
currentSize : 23 <-- 10.536008 s
currentSize : 25 <-- 20.159126 s

maxsize : 25
nodes : 988401.000000
filtered : 41457300.000000
time : 20.397085
