Parameters: GAD=1 vflib=1 dir=0 label=0 lowerbound=1 fileNameGp=../../cp2016-max-common-connected-subgraph-paper/datasets/graphsdb/mcs90/bvg/b06m/mcs90_b06m_s50.A05 fileNameGt=../../cp2016-max-common-connected-subgraph-paper/datasets/graphsdb/mcs90/bvg/b06m/mcs90_b06m_s50.B05
Reading graphs...
50 :  150
50 :  150
Initializing...
maxdom : 50
D->valSize : 2500
Solving...
Blb : 2 (clique : 22)
currentSize : 22 <-- 0.154460 s
currentSize : 23 <-- 0.155062 s
currentSize : 24 <-- 0.164220 s
currentSize : 25 <-- 0.164420 s
currentSize : 26 <-- 4.288307 s
currentSize : 27 <-- 33.737747 s
currentSize : 28 <-- 35.795006 s
currentSize : 29 <-- 299.369049 s

TIMEOUT
maxsize : 29
nodes : 26551140.000000
filtered : 1501702048.000000
time : 1000.000061
