Parameters: GAD=1 vflib=1 dir=0 label=0 lowerbound=1 fileNameGp=../../cp2016-max-common-connected-subgraph-paper/datasets/graphsdb/mcs90/rand/r005/mcs90_r005_s30.A02 fileNameGt=../../cp2016-max-common-connected-subgraph-paper/datasets/graphsdb/mcs90/rand/r005/mcs90_r005_s30.B02
Reading graphs...
30 :  41
30 :  42
Initializing...
maxdom : 30
D->valSize : 900
Solving...
Blb : 2 (clique : 18)
currentSize : 18 <-- 0.011492 s
currentSize : 19 <-- 0.012317 s
currentSize : 20 <-- 0.020952 s
currentSize : 21 <-- 0.026042 s
currentSize : 22 <-- 0.404734 s
currentSize : 23 <-- 0.404949 s
currentSize : 24 <-- 0.405211 s
currentSize : 25 <-- 0.418363 s
currentSize : 26 <-- 0.418448 s
currentSize : 27 <-- 0.418536 s

maxsize : 27
nodes : 29641.000000
filtered : 998549.000000
time : 0.637361
