Parameters: GAD=1 vflib=1 dir=0 label=0 lowerbound=1 fileNameGp=../../cp2016-max-common-connected-subgraph-paper/datasets/graphsdb/mcs90/rand/r005/mcs90_r005_s35.A00 fileNameGt=../../cp2016-max-common-connected-subgraph-paper/datasets/graphsdb/mcs90/rand/r005/mcs90_r005_s35.B00
Reading graphs...
35 :  57
35 :  56
Initializing...
maxdom : 35
D->valSize : 1225
Solving...
Blb : 5 (clique : 21)
currentSize : 21 <-- 0.021076 s
currentSize : 22 <-- 0.025258 s
currentSize : 23 <-- 0.185725 s
currentSize : 24 <-- 4.753794 s
currentSize : 25 <-- 22.595093 s
currentSize : 26 <-- 45.160130 s
currentSize : 27 <-- 140.763580 s
currentSize : 28 <-- 278.767029 s
currentSize : 29 <-- 328.346588 s
currentSize : 30 <-- 396.847565 s
currentSize : 31 <-- 396.893036 s

maxsize : 31
nodes : 5943956.000000
filtered : 482838433.000000
time : 402.950531
