Parameters: GAD=1 vflib=1 dir=0 label=0 lowerbound=1 fileNameGp=../../cp2016-max-common-connected-subgraph-paper/datasets/graphsdb/mcs90/rand/r005/mcs90_r005_s30.A06 fileNameGt=../../cp2016-max-common-connected-subgraph-paper/datasets/graphsdb/mcs90/rand/r005/mcs90_r005_s30.B06
Reading graphs...
30 :  42
30 :  42
Initializing...
maxdom : 30
D->valSize : 900
Solving...
Blb : 5 (clique : 19)
currentSize : 19 <-- 0.011484 s
currentSize : 20 <-- 0.146581 s
currentSize : 21 <-- 1.148449 s
currentSize : 22 <-- 2.184072 s
currentSize : 23 <-- 3.754964 s
currentSize : 24 <-- 5.175929 s
currentSize : 25 <-- 5.240947 s
currentSize : 26 <-- 5.240969 s
currentSize : 27 <-- 5.448904 s

maxsize : 27
nodes : 202660.000000
filtered : 7923997.000000
time : 5.611146
