Parameters: GAD=1 vflib=1 dir=0 label=0 lowerbound=1 fileNameGp=../../cp2016-max-common-connected-subgraph-paper/datasets/graphsdb/mcs90/bvg/b03m/mcs90_b03m_s35.A07 fileNameGt=../../cp2016-max-common-connected-subgraph-paper/datasets/graphsdb/mcs90/bvg/b03m/mcs90_b03m_s35.B07
Reading graphs...
35 :  50
35 :  50
Initializing...
maxdom : 35
D->valSize : 1225
Solving...
Blb : 2 (clique : 22)
currentSize : 22 <-- 0.021384 s
currentSize : 23 <-- 0.024414 s
currentSize : 24 <-- 0.039778 s
currentSize : 25 <-- 0.770619 s
currentSize : 26 <-- 5.414495 s
currentSize : 27 <-- 8.225347 s
currentSize : 28 <-- 8.751098 s
currentSize : 30 <-- 8.877400 s

maxsize : 30
nodes : 267175.000000
filtered : 17985878.000000
time : 19.335155
