Parameters: GAD=1 vflib=1 dir=0 label=0 lowerbound=1 fileNameGp=../../cp2016-max-common-connected-subgraph-paper/datasets/graphsdb/mcs90/rand/r01/mcs90_r01_s50.A05 fileNameGt=../../cp2016-max-common-connected-subgraph-paper/datasets/graphsdb/mcs90/rand/r01/mcs90_r01_s50.B05
Reading graphs...
50 :  231
50 :  228
Initializing...
maxdom : 50
D->valSize : 2500
Solving...
Blb : 5 (clique : 17)
currentSize : 17 <-- 0.114823 s
currentSize : 18 <-- 0.115625 s
currentSize : 19 <-- 0.116371 s
currentSize : 20 <-- 0.122783 s
currentSize : 21 <-- 0.173479 s
currentSize : 22 <-- 4.626955 s
currentSize : 23 <-- 10.978946 s
currentSize : 26 <-- 11.069155 s
currentSize : 30 <-- 16.612921 s
currentSize : 31 <-- 262.178070 s
currentSize : 36 <-- 268.308868 s
currentSize : 45 <-- 306.347473 s

maxsize : 45
nodes : 22419374.000000
filtered : 1345583250.000000
time : 308.175476
