Parameters: GAD=1 vflib=1 dir=0 label=0 lowerbound=1 fileNameGp=../../cp2016-max-common-connected-subgraph-paper/datasets/graphsdb/mcs90/m3D/m3Dr2/mcs90_m3Dr2_s30.A06 fileNameGt=../../cp2016-max-common-connected-subgraph-paper/datasets/graphsdb/mcs90/m3D/m3Dr2/mcs90_m3Dr2_s30.B06
Reading graphs...
30 :  67
30 :  67
Initializing...
maxdom : 30
D->valSize : 900
Solving...
Blb : 5 (clique : 17)
currentSize : 17 <-- 0.010845 s
currentSize : 18 <-- 0.011216 s
currentSize : 19 <-- 0.043277 s
currentSize : 20 <-- 0.707594 s
currentSize : 21 <-- 0.707618 s
currentSize : 23 <-- 0.740322 s
currentSize : 24 <-- 2.861435 s
currentSize : 25 <-- 3.087963 s
currentSize : 27 <-- 3.488826 s

maxsize : 27
nodes : 154111.000000
filtered : 6878132.000000
time : 3.525938
