Parameters: GAD=1 vflib=1 dir=0 label=0 lowerbound=1 fileNameGp=../../cp2016-max-common-connected-subgraph-paper/datasets/graphsdb/mcs90/m2D/m2Dr2/mcs90_m2Dr2_s50.A05 fileNameGt=../../cp2016-max-common-connected-subgraph-paper/datasets/graphsdb/mcs90/m2D/m2Dr2/mcs90_m2Dr2_s50.B05
Reading graphs...
50 :  95
50 :  94
Initializing...
maxdom : 50
D->valSize : 2500
Solving...
Blb : 2 (clique : 29)
currentSize : 29 <-- 0.097098 s
currentSize : 30 <-- 0.108186 s
currentSize : 31 <-- 0.110649 s
currentSize : 32 <-- 1.209194 s
currentSize : 33 <-- 2.155299 s
currentSize : 34 <-- 2.398997 s
currentSize : 35 <-- 2.499339 s
currentSize : 36 <-- 3.650073 s
currentSize : 37 <-- 3.661066 s
currentSize : 38 <-- 18.651772 s
currentSize : 39 <-- 47.875362 s
currentSize : 40 <-- 47.876713 s
currentSize : 41 <-- 48.499207 s
currentSize : 42 <-- 63.059471 s
currentSize : 44 <-- 96.403404 s
currentSize : 45 <-- 96.548965 s
currentSize : 46 <-- 107.354950 s
currentSize : 49 <-- 107.361191 s

maxsize : 49
nodes : 881608.000000
filtered : 81082347.000000
time : 107.370850
