Parameters: GAD=1 vflib=1 dir=0 label=0 lowerbound=1 fileNameGp=../../cp2016-max-common-connected-subgraph-paper/datasets/graphsdb/mcs90/bvg/b06m/mcs90_b06m_s30.A00 fileNameGt=../../cp2016-max-common-connected-subgraph-paper/datasets/graphsdb/mcs90/bvg/b06m/mcs90_b06m_s30.B00
Reading graphs...
30 :  85
30 :  87
Initializing...
maxdom : 30
D->valSize : 900
Solving...
Blb : 2 (clique : 15)
currentSize : 15 <-- 0.010481 s
currentSize : 16 <-- 0.010607 s
currentSize : 17 <-- 0.010681 s
currentSize : 18 <-- 0.014480 s
currentSize : 19 <-- 0.081593 s
currentSize : 20 <-- 0.193788 s
currentSize : 21 <-- 0.704311 s
currentSize : 22 <-- 2.661177 s
currentSize : 23 <-- 2.667704 s
currentSize : 25 <-- 2.763787 s
currentSize : 27 <-- 2.764234 s

maxsize : 27
nodes : 151893.000000
filtered : 7221127.000000
time : 2.840653
