Parameters: GAD=1 vflib=1 dir=0 label=0 lowerbound=1 fileNameGp=../../cp2016-max-common-connected-subgraph-paper/datasets/graphsdb/mcs90/rand/r01/mcs90_r01_s40.A08 fileNameGt=../../cp2016-max-common-connected-subgraph-paper/datasets/graphsdb/mcs90/rand/r01/mcs90_r01_s40.B08
Reading graphs...
40 :  148
40 :  148
Initializing...
maxdom : 40
D->valSize : 1600
Solving...
Blb : 2 (clique : 16)
currentSize : 16 <-- 0.033081 s
currentSize : 17 <-- 0.035113 s
currentSize : 18 <-- 0.044745 s
currentSize : 19 <-- 0.080649 s
currentSize : 20 <-- 2.382431 s
currentSize : 21 <-- 29.521051 s
currentSize : 22 <-- 29.521500 s
currentSize : 23 <-- 29.521742 s
currentSize : 24 <-- 29.527163 s
currentSize : 25 <-- 29.611612 s
currentSize : 26 <-- 29.612606 s
currentSize : 27 <-- 29.612637 s
currentSize : 28 <-- 29.696146 s
currentSize : 29 <-- 29.742023 s
currentSize : 30 <-- 32.221611 s
currentSize : 32 <-- 34.647369 s
currentSize : 36 <-- 34.949127 s

maxsize : 36
nodes : 3435678.000000
filtered : 112009851.000000
time : 35.230072
