Parameters: GAD=1 vflib=1 dir=0 label=0 lowerbound=1 fileNameGp=../../cp2016-max-common-connected-subgraph-paper/datasets/graphsdb/mcs90/rand/r01/mcs90_r01_s30.A09 fileNameGt=../../cp2016-max-common-connected-subgraph-paper/datasets/graphsdb/mcs90/rand/r01/mcs90_r01_s30.B09
Reading graphs...
30 :  82
30 :  82
Initializing...
maxdom : 30
D->valSize : 900
Solving...
Blb : 2 (clique : 14)
currentSize : 14 <-- 0.010394 s
currentSize : 15 <-- 0.010699 s
currentSize : 16 <-- 0.011283 s
currentSize : 17 <-- 0.086006 s
currentSize : 18 <-- 1.478160 s
currentSize : 19 <-- 2.976408 s
currentSize : 20 <-- 3.531448 s
currentSize : 21 <-- 22.764624 s
currentSize : 22 <-- 26.139589 s
currentSize : 23 <-- 26.663698 s
currentSize : 25 <-- 27.266088 s
currentSize : 27 <-- 27.266668 s

maxsize : 27
nodes : 2631884.000000
filtered : 82280307.000000
time : 27.280497
