Parameters: GAD=1 vflib=1 dir=0 label=0 lowerbound=1 fileNameGp=../../cp2016-max-common-connected-subgraph-paper/datasets/graphsdb/mcs90/bvg/b09m/mcs90_b09m_s35.A06 fileNameGt=../../cp2016-max-common-connected-subgraph-paper/datasets/graphsdb/mcs90/bvg/b09m/mcs90_b09m_s35.B06
Reading graphs...
35 :  154
35 :  154
Initializing...
maxdom : 35
D->valSize : 1225
Solving...
Blb : 2 (clique : 14)
currentSize : 14 <-- 0.018267 s
currentSize : 15 <-- 0.018752 s
currentSize : 16 <-- 0.129693 s
currentSize : 17 <-- 3.839774 s
currentSize : 18 <-- 9.202062 s
currentSize : 19 <-- 54.958271 s
currentSize : 22 <-- 57.377335 s
currentSize : 23 <-- 62.273018 s
currentSize : 26 <-- 63.515018 s
currentSize : 30 <-- 63.515099 s

maxsize : 30
nodes : 8730235.000000
filtered : 233998568.000000
time : 63.963505
