Parameters: GAD=1 vflib=1 dir=0 label=0 lowerbound=1 fileNameGp=../../cp2016-max-common-connected-subgraph-paper/datasets/graphsdb/mcs90/bvg/b06m/mcs90_b06m_s25.A01 fileNameGt=../../cp2016-max-common-connected-subgraph-paper/datasets/graphsdb/mcs90/bvg/b06m/mcs90_b06m_s25.B01
Reading graphs...
25 :  75
25 :  75
Initializing...
maxdom : 25
D->valSize : 625
Solving...
Blb : 5 (clique : 12)
currentSize : 12 <-- 0.008728 s
currentSize : 13 <-- 0.008937 s
currentSize : 14 <-- 0.207864 s
currentSize : 15 <-- 0.496174 s
currentSize : 16 <-- 0.850425 s
currentSize : 17 <-- 1.261697 s
currentSize : 18 <-- 1.390358 s
currentSize : 19 <-- 1.777366 s
currentSize : 22 <-- 1.801125 s

maxsize : 22
nodes : 253803.000000
filtered : 6248611.000000
time : 1.811135
