Parameters: GAD=1 vflib=1 dir=0 label=0 lowerbound=1 fileNameGp=../../cp2016-max-common-connected-subgraph-paper/datasets/graphsdb/mcs90/bvg/b06/mcs90_b06_s35.A09 fileNameGt=../../cp2016-max-common-connected-subgraph-paper/datasets/graphsdb/mcs90/bvg/b06/mcs90_b06_s35.B09
Reading graphs...
35 :  104
35 :  103
Initializing...
maxdom : 35
D->valSize : 1225
Solving...
Blb : 2 (clique : 21)
currentSize : 21 <-- 0.019463 s
currentSize : 22 <-- 0.039492 s
currentSize : 23 <-- 0.044650 s
currentSize : 24 <-- 0.044682 s
currentSize : 26 <-- 0.044710 s
currentSize : 27 <-- 0.057379 s
currentSize : 28 <-- 0.098560 s
currentSize : 29 <-- 0.840447 s
currentSize : 31 <-- 2.206071 s

maxsize : 31
nodes : 85561.000000
filtered : 4410189.000000
time : 2.492267
