Parameters: GAD=1 vflib=1 dir=0 label=0 lowerbound=1 fileNameGp=../../cp2016-max-common-connected-subgraph-paper/datasets/graphsdb/mcs90/rand/r01/mcs90_r01_s30.A01 fileNameGt=../../cp2016-max-common-connected-subgraph-paper/datasets/graphsdb/mcs90/rand/r01/mcs90_r01_s30.B01
Reading graphs...
30 :  82
30 :  82
Initializing...
maxdom : 30
D->valSize : 900
Solving...
Blb : 5 (clique : 14)
currentSize : 14 <-- 0.018394 s
currentSize : 15 <-- 0.018620 s
currentSize : 16 <-- 0.026331 s
currentSize : 17 <-- 0.077712 s
currentSize : 18 <-- 0.312853 s
currentSize : 19 <-- 0.313283 s
currentSize : 23 <-- 0.313412 s
currentSize : 27 <-- 0.314094 s

maxsize : 27
nodes : 42986.000000
filtered : 801060.000000
time : 0.361466
