Parameters: GAD=1 vflib=1 dir=0 label=0 lowerbound=1 fileNameGp=../../cp2016-max-common-connected-subgraph-paper/datasets/graphsdb/mcs90/bvg/b09m/mcs90_b09m_s30.A02 fileNameGt=../../cp2016-max-common-connected-subgraph-paper/datasets/graphsdb/mcs90/bvg/b09m/mcs90_b09m_s30.B02
Reading graphs...
30 :  131
30 :  131
Initializing...
maxdom : 30
D->valSize : 900
Solving...
Blb : 2 (clique : 11)
currentSize : 11 <-- 0.009798 s
currentSize : 12 <-- 0.009940 s
currentSize : 13 <-- 0.010980 s
currentSize : 14 <-- 0.073386 s
currentSize : 15 <-- 0.919809 s
currentSize : 16 <-- 7.867006 s
currentSize : 17 <-- 12.017198 s
currentSize : 18 <-- 17.255283 s
currentSize : 19 <-- 18.361589 s
currentSize : 26 <-- 18.419014 s

maxsize : 26
nodes : 3619999.000000
filtered : 66941113.000000
time : 18.581444
