Parameters: GAD=1 vflib=1 dir=0 label=0 lowerbound=1 fileNameGp=../../cp2016-max-common-connected-subgraph-paper/datasets/graphsdb/mcs90/bvg/b09m/mcs90_b09m_s40.A04 fileNameGt=../../cp2016-max-common-connected-subgraph-paper/datasets/graphsdb/mcs90/bvg/b09m/mcs90_b09m_s40.B04
Reading graphs...
40 :  176
40 :  174
Initializing...
maxdom : 40
D->valSize : 1600
Solving...
Blb : 3 (clique : 15)
currentSize : 15 <-- 0.032000 s
currentSize : 16 <-- 0.033667 s
currentSize : 17 <-- 0.091110 s
currentSize : 18 <-- 1.149020 s
currentSize : 19 <-- 1.546151 s
currentSize : 20 <-- 127.614639 s
currentSize : 22 <-- 129.767944 s
currentSize : 24 <-- 139.045746 s
currentSize : 25 <-- 157.169128 s
currentSize : 27 <-- 157.270645 s
currentSize : 29 <-- 164.074249 s
currentSize : 36 <-- 164.077591 s

maxsize : 36
nodes : 19318682.000000
filtered : 549496401.000000
time : 164.535110
