Parameters: GAD=1 vflib=1 dir=0 label=0 lowerbound=1 fileNameGp=../../cp2016-max-common-connected-subgraph-paper/datasets/graphsdb/mcs90/bvg/b09m/mcs90_b09m_s50.A09 fileNameGt=../../cp2016-max-common-connected-subgraph-paper/datasets/graphsdb/mcs90/bvg/b09m/mcs90_b09m_s50.B09
Reading graphs...
50 :  218
50 :  218
Initializing...
maxdom : 50
D->valSize : 2500
Solving...
Blb : 2 (clique : 18)
currentSize : 18 <-- 0.086782 s
currentSize : 19 <-- 0.089074 s
currentSize : 20 <-- 0.149597 s
currentSize : 21 <-- 0.223434 s
currentSize : 22 <-- 3.579310 s
currentSize : 23 <-- 11.217221 s
currentSize : 24 <-- 15.246671 s

TIMEOUT
maxsize : 24
nodes : 82133252.000000
filtered : 2792993750.000000
time : 1000.000793
