Parameters: GAD=1 vflib=1 dir=0 label=0 lowerbound=1 fileNameGp=../../cp2016-max-common-connected-subgraph-paper/datasets/graphsdb/mcs90/bvg/b03m/mcs90_b03m_s50.A09 fileNameGt=../../cp2016-max-common-connected-subgraph-paper/datasets/graphsdb/mcs90/bvg/b03m/mcs90_b03m_s50.B09
Reading graphs...
50 :  75
50 :  75
Initializing...
maxdom : 50
D->valSize : 2500
Solving...
Blb : 2 (clique : 32)
currentSize : 32 <-- 0.098794 s
currentSize : 33 <-- 0.122977 s
currentSize : 34 <-- 0.155627 s
currentSize : 35 <-- 0.156918 s
currentSize : 36 <-- 1.009972 s
currentSize : 37 <-- 5.221761 s
currentSize : 38 <-- 137.914322 s

TIMEOUT
maxsize : 38
nodes : 9849942.000000
filtered : 721951458.000000
time : 1000.000122
