Parameters: GAD=1 vflib=1 dir=0 label=0 lowerbound=1 fileNameGp=../../cp2016-max-common-connected-subgraph-paper/datasets/graphsdb/mcs90/rand/r01/mcs90_r01_s50.A09 fileNameGt=../../cp2016-max-common-connected-subgraph-paper/datasets/graphsdb/mcs90/rand/r01/mcs90_r01_s50.B09
Reading graphs...
50 :  234
50 :  234
Initializing...
maxdom : 50
D->valSize : 2500
Solving...
Blb : 2 (clique : 18)
currentSize : 18 <-- 0.085890 s
currentSize : 19 <-- 0.087958 s
currentSize : 20 <-- 0.099933 s
currentSize : 21 <-- 0.117076 s
currentSize : 22 <-- 0.202317 s
currentSize : 23 <-- 27.088600 s

TIMEOUT
maxsize : 23
nodes : 143458452.000000
filtered : 3509980160.000000
time : 1000.000000
