Parameters: GAD=1 vflib=1 dir=0 label=0 lowerbound=1 fileNameGp=../../cp2016-max-common-connected-subgraph-paper/datasets/graphsdb/mcs90/rand/r005/mcs90_r005_s40.A08 fileNameGt=../../cp2016-max-common-connected-subgraph-paper/datasets/graphsdb/mcs90/rand/r005/mcs90_r005_s40.B08
Reading graphs...
40 :  77
40 :  77
Initializing...
maxdom : 40
D->valSize : 1600
Solving...
Blb : 2 (clique : 20)
currentSize : 20 <-- 0.060591 s
currentSize : 23 <-- 0.060797 s
currentSize : 24 <-- 0.067101 s
currentSize : 25 <-- 0.109874 s
currentSize : 26 <-- 1.293703 s
currentSize : 27 <-- 1.329215 s
currentSize : 28 <-- 2.758464 s
currentSize : 29 <-- 2.758494 s
currentSize : 32 <-- 15.232491 s
currentSize : 36 <-- 15.232816 s

maxsize : 36
nodes : 178397.000000
filtered : 12363496.000000
time : 16.699270
