Parameters: GAD=1 vflib=1 dir=0 label=0 lowerbound=1 fileNameGp=../../cp2016-max-common-connected-subgraph-paper/datasets/graphsdb/mcs90/bvg/b09/mcs90_b09_s35.A04 fileNameGt=../../cp2016-max-common-connected-subgraph-paper/datasets/graphsdb/mcs90/bvg/b09/mcs90_b09_s35.B04
Reading graphs...
35 :  156
35 :  157
Initializing...
maxdom : 35
D->valSize : 1225
Solving...
Blb : 2 (clique : 13)
currentSize : 13 <-- 0.018250 s
currentSize : 15 <-- 0.018423 s
currentSize : 17 <-- 0.018636 s
currentSize : 18 <-- 0.019180 s
currentSize : 19 <-- 0.019230 s
currentSize : 20 <-- 0.019300 s
currentSize : 21 <-- 0.019413 s
currentSize : 22 <-- 0.019530 s
currentSize : 24 <-- 0.020318 s
currentSize : 26 <-- 0.020414 s
currentSize : 30 <-- 0.024078 s

maxsize : 30
nodes : 38643.000000
filtered : 3200243.000000
time : 0.961340
