Parameters: GAD=1 vflib=1 dir=0 label=0 lowerbound=1 fileNameGp=../../cp2016-max-common-connected-subgraph-paper/datasets/graphsdb/mcs90/bvg/b06/mcs90_b06_s50.A09 fileNameGt=../../cp2016-max-common-connected-subgraph-paper/datasets/graphsdb/mcs90/bvg/b06/mcs90_b06_s50.B09
Reading graphs...
50 :  150
50 :  150
Initializing...
maxdom : 50
D->valSize : 2500
Solving...
Blb : 5 (clique : 27)
currentSize : 27 <-- 0.092044 s
currentSize : 28 <-- 0.092590 s
currentSize : 29 <-- 0.094168 s
currentSize : 30 <-- 0.094585 s
currentSize : 31 <-- 0.095103 s
currentSize : 32 <-- 0.248725 s
currentSize : 33 <-- 0.290718 s
currentSize : 34 <-- 0.294100 s
currentSize : 35 <-- 0.392283 s
currentSize : 36 <-- 4.094348 s
currentSize : 37 <-- 5.113839 s
currentSize : 38 <-- 9.288367 s
currentSize : 39 <-- 9.409388 s
currentSize : 40 <-- 11.534768 s
currentSize : 41 <-- 12.911177 s
currentSize : 42 <-- 13.610060 s
currentSize : 43 <-- 13.614041 s
currentSize : 44 <-- 13.978551 s
currentSize : 45 <-- 13.983907 s

maxsize : 45
nodes : 243968.000000
filtered : 25155845.000000
time : 33.582699
