Parameters: GAD=1 vflib=1 dir=0 label=0 lowerbound=1 fileNameGp=../../cp2016-max-common-connected-subgraph-paper/datasets/graphsdb/mcs90/bvg/b06m/mcs90_b06m_s25.A04 fileNameGt=../../cp2016-max-common-connected-subgraph-paper/datasets/graphsdb/mcs90/bvg/b06m/mcs90_b06m_s25.B04
Reading graphs...
25 :  72
25 :  71
Initializing...
maxdom : 25
D->valSize : 625
Solving...
Blb : 5 (clique : 12)
currentSize : 12 <-- 0.005247 s
currentSize : 13 <-- 0.006749 s
currentSize : 14 <-- 0.026522 s
currentSize : 15 <-- 0.214126 s
currentSize : 16 <-- 2.167324 s
currentSize : 17 <-- 2.370257 s
currentSize : 18 <-- 2.995975 s
currentSize : 22 <-- 2.998682 s

maxsize : 22
nodes : 364201.000000
filtered : 10201268.000000
time : 3.019672
