Parameters: GAD=1 vflib=1 dir=0 label=0 lowerbound=1 fileNameGp=../../cp2016-max-common-connected-subgraph-paper/datasets/graphsdb/mcs90/bvg/b09/mcs90_b09_s25.A08 fileNameGt=../../cp2016-max-common-connected-subgraph-paper/datasets/graphsdb/mcs90/bvg/b09/mcs90_b09_s25.B08
Reading graphs...
25 :  111
25 :  112
Initializing...
maxdom : 25
D->valSize : 625
Solving...
Blb : 2 (clique : 10)
currentSize : 10 <-- 0.004723 s
currentSize : 11 <-- 0.004824 s
currentSize : 12 <-- 0.004944 s
currentSize : 13 <-- 0.014558 s
currentSize : 14 <-- 0.068652 s
currentSize : 16 <-- 0.068831 s
currentSize : 18 <-- 0.068877 s
currentSize : 19 <-- 0.069331 s
currentSize : 22 <-- 0.069413 s

maxsize : 22
nodes : 22109.000000
filtered : 426592.000000
time : 0.143048
