Parameters: GAD=1 vflib=1 dir=0 label=0 lowerbound=1 fileNameGp=../../cp2016-max-common-connected-subgraph-paper/datasets/graphsdb/mcs90/rand/r01/mcs90_r01_s40.A01 fileNameGt=../../cp2016-max-common-connected-subgraph-paper/datasets/graphsdb/mcs90/rand/r01/mcs90_r01_s40.B01
Reading graphs...
40 :  148
40 :  149
Initializing...
maxdom : 40
D->valSize : 1600
Solving...
Blb : 2 (clique : 17)
currentSize : 17 <-- 0.051362 s
currentSize : 18 <-- 0.055020 s
currentSize : 19 <-- 0.159076 s
currentSize : 20 <-- 0.459376 s
currentSize : 21 <-- 7.869046 s
currentSize : 22 <-- 66.875038 s
currentSize : 23 <-- 179.776062 s
currentSize : 24 <-- 190.295090 s
currentSize : 25 <-- 200.174622 s
currentSize : 27 <-- 201.357727 s
currentSize : 29 <-- 250.545654 s
currentSize : 36 <-- 269.118073 s

maxsize : 36
nodes : 24404445.000000
filtered : 878980264.000000
time : 269.466156
