Parameters: GAD=1 vflib=1 dir=0 label=0 lowerbound=1 fileNameGp=../../cp2016-max-common-connected-subgraph-paper/datasets/graphsdb/mcs90/bvg/b03m/mcs90_b03m_s35.A05 fileNameGt=../../cp2016-max-common-connected-subgraph-paper/datasets/graphsdb/mcs90/bvg/b03m/mcs90_b03m_s35.B05
Reading graphs...
35 :  50
35 :  50
Initializing...
maxdom : 35
D->valSize : 1225
Solving...
Blb : 2 (clique : 23)
currentSize : 23 <-- 0.021372 s
currentSize : 24 <-- 0.022089 s
currentSize : 25 <-- 0.039732 s
currentSize : 26 <-- 0.216897 s
currentSize : 27 <-- 12.454292 s
currentSize : 28 <-- 600.254089 s
currentSize : 29 <-- 929.549500 s
currentSize : 30 <-- 929.549866 s

maxsize : 30
nodes : 9404016.000000
filtered : 825729357.000000
time : 949.751099
