Parameters: GAD=1 vflib=1 dir=0 label=0 lowerbound=1 fileNameGp=../../cp2016-max-common-connected-subgraph-paper/datasets/graphsdb/mcs90/m2D/m2Dr6/mcs90_m2Dr6_s50.A05 fileNameGt=../../cp2016-max-common-connected-subgraph-paper/datasets/graphsdb/mcs90/m2D/m2Dr6/mcs90_m2Dr6_s50.B05
Reading graphs...
50 :  115
50 :  112
Initializing...
maxdom : 50
D->valSize : 2500
Solving...
Blb : 2 (clique : 27)
currentSize : 27 <-- 0.118991 s
currentSize : 28 <-- 0.119498 s
currentSize : 29 <-- 0.119572 s
currentSize : 30 <-- 1.994484 s
currentSize : 31 <-- 45.447792 s
currentSize : 32 <-- 333.190399 s

TIMEOUT
maxsize : 32
nodes : 41978010.000000
filtered : 1667768024.000000
time : 1000.000122
