Parameters: GAD=1 vflib=1 dir=0 label=0 lowerbound=1 fileNameGp=../../cp2016-max-common-connected-subgraph-paper/datasets/graphsdb/mcs90/rand/r01/mcs90_r01_s35.A04 fileNameGt=../../cp2016-max-common-connected-subgraph-paper/datasets/graphsdb/mcs90/rand/r01/mcs90_r01_s35.B04
Reading graphs...
35 :  111
35 :  110
Initializing...
maxdom : 35
D->valSize : 1225
Solving...
Blb : 2 (clique : 15)
currentSize : 15 <-- 0.019128 s
currentSize : 16 <-- 0.019306 s
currentSize : 17 <-- 0.019518 s
currentSize : 18 <-- 0.064470 s
currentSize : 19 <-- 0.344442 s
currentSize : 20 <-- 57.064610 s
currentSize : 21 <-- 356.736633 s
currentSize : 22 <-- 356.736877 s
currentSize : 23 <-- 392.248352 s
currentSize : 25 <-- 400.418182 s
currentSize : 26 <-- 402.886383 s
currentSize : 31 <-- 402.967285 s

maxsize : 31
nodes : 41077072.000000
filtered : 1207818126.000000
time : 403.235992
