Parameters: GAD=1 vflib=1 dir=0 label=0 lowerbound=1 fileNameGp=../../cp2016-max-common-connected-subgraph-paper/datasets/graphsdb/mcs90/m2D/m2Dr6/mcs90_m2Dr6_s40.A07 fileNameGt=../../cp2016-max-common-connected-subgraph-paper/datasets/graphsdb/mcs90/m2D/m2Dr6/mcs90_m2Dr6_s40.B07
Reading graphs...
40 :  91
40 :  88
Initializing...
maxdom : 40
D->valSize : 1600
Solving...
Blb : 2 (clique : 21)
currentSize : 21 <-- 0.035460 s
currentSize : 22 <-- 0.035687 s
currentSize : 23 <-- 0.036618 s
currentSize : 24 <-- 0.370357 s
currentSize : 25 <-- 80.573166 s
currentSize : 26 <-- 432.684570 s
currentSize : 28 <-- 648.935364 s
currentSize : 30 <-- 752.545349 s
currentSize : 31 <-- 753.509094 s
currentSize : 32 <-- 753.509155 s
currentSize : 36 <-- 757.056030 s

maxsize : 36
nodes : 22018197.000000
filtered : 1053850528.000000
time : 758.464355
