Parameters: GAD=1 vflib=1 dir=0 label=0 lowerbound=1 fileNameGp=../../cp2016-max-common-connected-subgraph-paper/datasets/graphsdb/mcs90/bvg/b06/mcs90_b06_s30.A02 fileNameGt=../../cp2016-max-common-connected-subgraph-paper/datasets/graphsdb/mcs90/bvg/b06/mcs90_b06_s30.B02
Reading graphs...
30 :  89
30 :  90
Initializing...
maxdom : 30
D->valSize : 900
Solving...
Blb : 5 (clique : 16)
currentSize : 16 <-- 0.010323 s
currentSize : 17 <-- 0.011042 s
currentSize : 18 <-- 0.011101 s
currentSize : 19 <-- 0.011713 s
currentSize : 20 <-- 0.012611 s
currentSize : 21 <-- 0.012673 s
currentSize : 22 <-- 0.012749 s
currentSize : 23 <-- 0.012850 s
currentSize : 25 <-- 0.012936 s
currentSize : 27 <-- 0.016677 s

maxsize : 27
nodes : 4629.000000
filtered : 265236.000000
time : 0.228131
