Parameters: GAD=1 vflib=1 dir=0 label=0 lowerbound=1 fileNameGp=../../cp2016-max-common-connected-subgraph-paper/datasets/graphsdb/mcs90/m2D/m2D/mcs90_m2D_s40.A00 fileNameGt=../../cp2016-max-common-connected-subgraph-paper/datasets/graphsdb/mcs90/m2D/m2D/mcs90_m2D_s40.B00
Reading graphs...
40 :  67
40 :  67
Initializing...
maxdom : 40
D->valSize : 1600
Solving...
Blb : 2 (clique : 25)
currentSize : 25 <-- 0.036648 s
currentSize : 26 <-- 0.036904 s
currentSize : 27 <-- 0.037123 s
currentSize : 28 <-- 0.768160 s
currentSize : 29 <-- 1.047605 s
currentSize : 30 <-- 4.863415 s
currentSize : 31 <-- 10.522015 s
currentSize : 32 <-- 51.915520 s
currentSize : 33 <-- 55.540615 s
currentSize : 34 <-- 183.594620 s
currentSize : 35 <-- 184.087189 s
currentSize : 36 <-- 184.087265 s

maxsize : 36
nodes : 2035664.000000
filtered : 177238132.000000
time : 187.530167
