Parameters: GAD=1 vflib=1 dir=0 label=0 lowerbound=1 fileNameGp=../../cp2016-max-common-connected-subgraph-paper/datasets/graphsdb/mcs90/bvg/b03m/mcs90_b03m_s35.A00 fileNameGt=../../cp2016-max-common-connected-subgraph-paper/datasets/graphsdb/mcs90/bvg/b03m/mcs90_b03m_s35.B00
Reading graphs...
35 :  52
35 :  52
Initializing...
maxdom : 35
D->valSize : 1225
Solving...
Blb : 2 (clique : 22)
currentSize : 22 <-- 0.021436 s
currentSize : 23 <-- 0.022656 s
currentSize : 24 <-- 0.034803 s
currentSize : 25 <-- 0.678994 s
currentSize : 26 <-- 12.289870 s
currentSize : 27 <-- 363.852478 s
currentSize : 28 <-- 430.038940 s
currentSize : 30 <-- 430.174316 s

maxsize : 30
nodes : 5604744.000000
filtered : 385817203.000000
time : 439.541077
