Parameters: GAD=1 vflib=1 dir=0 label=0 lowerbound=1 fileNameGp=../../cp2016-max-common-connected-subgraph-paper/datasets/graphsdb/mcs90/rand/r01/mcs90_r01_s50.A07 fileNameGt=../../cp2016-max-common-connected-subgraph-paper/datasets/graphsdb/mcs90/rand/r01/mcs90_r01_s50.B07
Reading graphs...
50 :  233
50 :  230
Initializing...
maxdom : 50
D->valSize : 2500
Solving...
Blb : 2 (clique : 17)
currentSize : 17 <-- 0.085674 s
currentSize : 18 <-- 0.086448 s
currentSize : 19 <-- 0.088162 s
currentSize : 20 <-- 0.098435 s
currentSize : 21 <-- 0.423901 s
currentSize : 22 <-- 2.813505 s
currentSize : 23 <-- 31.303272 s
currentSize : 24 <-- 495.227203 s
currentSize : 25 <-- 495.227295 s
currentSize : 27 <-- 514.114197 s
currentSize : 32 <-- 517.705872 s
currentSize : 45 <-- 536.944580 s

maxsize : 45
nodes : 63340977.000000
filtered : 1790778630.000000
time : 538.661011
