Parameters: GAD=1 vflib=1 dir=0 label=0 lowerbound=1 fileNameGp=../../cp2016-max-common-connected-subgraph-paper/datasets/graphsdb/mcs90/bvg/b06/mcs90_b06_s40.A02 fileNameGt=../../cp2016-max-common-connected-subgraph-paper/datasets/graphsdb/mcs90/bvg/b06/mcs90_b06_s40.B02
Reading graphs...
40 :  120
40 :  119
Initializing...
maxdom : 40
D->valSize : 1600
Solving...
Blb : 2 (clique : 26)
currentSize : 26 <-- 0.034263 s
currentSize : 27 <-- 0.034509 s
currentSize : 28 <-- 0.034535 s
currentSize : 29 <-- 0.034702 s
currentSize : 30 <-- 0.035377 s
currentSize : 31 <-- 0.035556 s
currentSize : 32 <-- 0.035832 s
currentSize : 33 <-- 0.043885 s
currentSize : 34 <-- 0.044033 s
currentSize : 36 <-- 0.053112 s

maxsize : 36
nodes : 20130.000000
filtered : 1752796.000000
time : 1.942626
