Parameters: GAD=1 vflib=1 dir=0 label=0 lowerbound=1 fileNameGp=../../cp2016-max-common-connected-subgraph-paper/datasets/graphsdb/mcs90/bvg/b06m/mcs90_b06m_s35.A05 fileNameGt=../../cp2016-max-common-connected-subgraph-paper/datasets/graphsdb/mcs90/bvg/b06m/mcs90_b06m_s35.B05
Reading graphs...
35 :  102
35 :  102
Initializing...
maxdom : 35
D->valSize : 1225
Solving...
Blb : 2 (clique : 16)
currentSize : 16 <-- 0.019504 s
currentSize : 17 <-- 0.020874 s
currentSize : 18 <-- 0.023532 s
currentSize : 19 <-- 0.053880 s
currentSize : 20 <-- 35.702911 s
currentSize : 21 <-- 101.576965 s
currentSize : 22 <-- 104.550758 s
currentSize : 23 <-- 149.062103 s
currentSize : 24 <-- 149.158905 s
currentSize : 25 <-- 149.764481 s
currentSize : 26 <-- 171.967957 s
currentSize : 27 <-- 174.907455 s
currentSize : 31 <-- 174.925964 s

maxsize : 31
nodes : 9903381.000000
filtered : 379483435.000000
time : 175.117264
