Parameters: GAD=1 vflib=1 dir=0 label=0 lowerbound=1 fileNameGp=../../cp2016-max-common-connected-subgraph-paper/datasets/graphsdb/mcs90/bvg/b03m/mcs90_b03m_s50.A06 fileNameGt=../../cp2016-max-common-connected-subgraph-paper/datasets/graphsdb/mcs90/bvg/b03m/mcs90_b03m_s50.B06
Reading graphs...
50 :  75
50 :  75
Initializing...
maxdom : 50
D->valSize : 2500
Solving...
Blb : 2 (clique : 30)
currentSize : 30 <-- 0.118005 s
currentSize : 33 <-- 0.118431 s
currentSize : 34 <-- 0.118748 s
currentSize : 35 <-- 0.389293 s
currentSize : 36 <-- 2.174728 s
currentSize : 37 <-- 8.346470 s

TIMEOUT
maxsize : 37
nodes : 17342139.000000
filtered : 1283246328.000000
time : 1000.000366
