Parameters: GAD=1 vflib=1 dir=0 label=0 lowerbound=1 fileNameGp=../../cp2016-max-common-connected-subgraph-paper/datasets/graphsdb/mcs90/rand/r02/mcs90_r02_s40.A02 fileNameGt=../../cp2016-max-common-connected-subgraph-paper/datasets/graphsdb/mcs90/rand/r02/mcs90_r02_s40.B02
Reading graphs...
40 :  284
40 :  284
Initializing...
maxdom : 40
D->valSize : 1600
Solving...
Blb : 2 (clique : 11)
currentSize : 11 <-- 0.029537 s
currentSize : 12 <-- 0.029979 s
currentSize : 13 <-- 0.030023 s
currentSize : 14 <-- 0.051650 s
currentSize : 15 <-- 0.756681 s
currentSize : 16 <-- 172.584930 s
currentSize : 18 <-- 172.587494 s
currentSize : 19 <-- 333.870148 s
currentSize : 20 <-- 412.272827 s
currentSize : 22 <-- 412.272919 s
currentSize : 23 <-- 419.626099 s
currentSize : 24 <-- 479.815826 s
currentSize : 25 <-- 490.178925 s
currentSize : 36 <-- 536.979858 s

maxsize : 36
nodes : 109704463.000000
filtered : 1870031955.000000
time : 537.323242
