Parameters: GAD=1 vflib=1 dir=0 label=0 lowerbound=1 fileNameGp=../../cp2016-max-common-connected-subgraph-paper/datasets/graphsdb/mcs90/bvg/b09/mcs90_b09_s50.A06 fileNameGt=../../cp2016-max-common-connected-subgraph-paper/datasets/graphsdb/mcs90/bvg/b09/mcs90_b09_s50.B06
Reading graphs...
50 :  224
50 :  224
Initializing...
maxdom : 50
D->valSize : 2500
Solving...
Blb : 3 (clique : 17)
currentSize : 17 <-- 0.085703 s
currentSize : 18 <-- 0.085961 s
currentSize : 19 <-- 0.085993 s
currentSize : 20 <-- 0.086201 s
currentSize : 21 <-- 0.086259 s
currentSize : 22 <-- 0.089097 s
currentSize : 23 <-- 0.092389 s
currentSize : 24 <-- 0.255846 s
currentSize : 25 <-- 3.108770 s
currentSize : 26 <-- 5.731629 s
currentSize : 27 <-- 29.232121 s
currentSize : 28 <-- 34.804192 s
currentSize : 29 <-- 34.966438 s
currentSize : 30 <-- 52.856670 s
currentSize : 31 <-- 53.012554 s
currentSize : 32 <-- 90.483902 s
currentSize : 33 <-- 94.452171 s
currentSize : 34 <-- 94.453117 s
currentSize : 35 <-- 115.782539 s
currentSize : 37 <-- 115.783363 s
currentSize : 39 <-- 115.787544 s
currentSize : 44 <-- 115.788467 s

maxsize : 44
nodes : 7439515.000000
filtered : 386131926.000000
time : 125.154503
