Parameters: GAD=1 vflib=1 dir=0 label=0 lowerbound=1 fileNameGp=../../cp2016-max-common-connected-subgraph-paper/datasets/graphsdb/mcs90/m2D/m2Dr6/mcs90_m2Dr6_s50.A07 fileNameGt=../../cp2016-max-common-connected-subgraph-paper/datasets/graphsdb/mcs90/m2D/m2Dr6/mcs90_m2Dr6_s50.B07
Reading graphs...
50 :  112
50 :  112
Initializing...
maxdom : 50
D->valSize : 2500
Solving...
Blb : 2 (clique : 26)
currentSize : 26 <-- 0.095079 s
currentSize : 27 <-- 0.095627 s
currentSize : 28 <-- 0.100090 s
currentSize : 29 <-- 0.427351 s
currentSize : 30 <-- 133.666016 s
currentSize : 31 <-- 248.602188 s

TIMEOUT
maxsize : 31
nodes : 68543011.000000
filtered : 2049281939.000000
time : 1000.000000
