Parameters: GAD=1 vflib=1 dir=0 label=0 lowerbound=1 fileNameGp=../../cp2016-max-common-connected-subgraph-paper/datasets/graphsdb/mcs90/m2D/m2Dr6/mcs90_m2Dr6_s40.A03 fileNameGt=../../cp2016-max-common-connected-subgraph-paper/datasets/graphsdb/mcs90/m2D/m2Dr6/mcs90_m2Dr6_s40.B03
Reading graphs...
40 :  90
40 :  87
Initializing...
maxdom : 40
D->valSize : 1600
Solving...
Blb : 2 (clique : 21)
currentSize : 21 <-- 0.035684 s
currentSize : 22 <-- 0.036227 s
currentSize : 23 <-- 0.045780 s
currentSize : 24 <-- 0.256570 s
currentSize : 25 <-- 13.697650 s
currentSize : 26 <-- 14.845284 s
currentSize : 27 <-- 733.941040 s
currentSize : 28 <-- 766.097717 s
currentSize : 30 <-- 768.406921 s
currentSize : 36 <-- 833.969543 s

maxsize : 36
nodes : 25515946.000000
filtered : 1214337808.000000
time : 835.355164
