Parameters: GAD=1 vflib=1 dir=0 label=0 lowerbound=1 fileNameGp=../../cp2016-max-common-connected-subgraph-paper/datasets/graphsdb/mcs90/bvg/b09m/mcs90_b09m_s40.A00 fileNameGt=../../cp2016-max-common-connected-subgraph-paper/datasets/graphsdb/mcs90/bvg/b09m/mcs90_b09m_s40.B00
Reading graphs...
40 :  175
40 :  176
Initializing...
maxdom : 40
D->valSize : 1600
Solving...
Blb : 5 (clique : 15)
currentSize : 15 <-- 0.032140 s
currentSize : 16 <-- 0.032335 s
currentSize : 17 <-- 0.039165 s
currentSize : 18 <-- 0.516765 s
currentSize : 19 <-- 6.242588 s
currentSize : 20 <-- 269.082184 s
currentSize : 21 <-- 634.091370 s
currentSize : 22 <-- 661.858826 s
currentSize : 25 <-- 725.893982 s
currentSize : 26 <-- 750.471741 s
currentSize : 30 <-- 754.343018 s
currentSize : 31 <-- 755.420349 s
currentSize : 36 <-- 755.424072 s

maxsize : 36
nodes : 97547790.000000
filtered : 2590429545.000000
time : 755.833130
