Parameters: GAD=1 vflib=1 dir=0 label=0 lowerbound=1 fileNameGp=../../cp2016-max-common-connected-subgraph-paper/datasets/graphsdb/mcs90/m2D/m2Dr4/mcs90_m2Dr4_s40.A04 fileNameGt=../../cp2016-max-common-connected-subgraph-paper/datasets/graphsdb/mcs90/m2D/m2Dr4/mcs90_m2Dr4_s40.B04
Reading graphs...
40 :  81
40 :  80
Initializing...
maxdom : 40
D->valSize : 1600
Solving...
Blb : 2 (clique : 21)
currentSize : 21 <-- 0.057936 s
currentSize : 22 <-- 0.058176 s
currentSize : 23 <-- 0.058254 s
currentSize : 24 <-- 0.058324 s
currentSize : 25 <-- 0.077063 s
currentSize : 26 <-- 0.257691 s
currentSize : 27 <-- 71.603790 s
currentSize : 28 <-- 74.966064 s
currentSize : 29 <-- 540.403259 s
currentSize : 30 <-- 644.653381 s
currentSize : 31 <-- 953.779053 s

TIMEOUT
maxsize : 31
nodes : 25259236.000000
filtered : 1441608806.000000
time : 1000.001404
