Parameters: GAD=1 vflib=1 dir=0 label=0 lowerbound=1 fileNameGp=../../cp2016-max-common-connected-subgraph-paper/datasets/graphsdb/mcs90/bvg/b03m/mcs90_b03m_s35.A09 fileNameGt=../../cp2016-max-common-connected-subgraph-paper/datasets/graphsdb/mcs90/bvg/b03m/mcs90_b03m_s35.B09
Reading graphs...
35 :  52
35 :  52
Initializing...
maxdom : 35
D->valSize : 1225
Solving...
Blb : 2 (clique : 22)
currentSize : 22 <-- 0.021387 s
currentSize : 23 <-- 0.024237 s
currentSize : 24 <-- 0.133482 s
currentSize : 25 <-- 0.729622 s
currentSize : 26 <-- 8.920915 s
currentSize : 27 <-- 651.030457 s
currentSize : 28 <-- 651.946716 s
currentSize : 29 <-- 655.085876 s
currentSize : 30 <-- 655.085938 s

maxsize : 30
nodes : 7432875.000000
filtered : 439926503.000000
time : 665.708069
