Parameters: GAD=1 vflib=1 dir=0 label=0 lowerbound=1 fileNameGp=../../cp2016-max-common-connected-subgraph-paper/datasets/graphsdb/mcs90/bvg/b03m/mcs90_b03m_s50.A08 fileNameGt=../../cp2016-max-common-connected-subgraph-paper/datasets/graphsdb/mcs90/bvg/b03m/mcs90_b03m_s50.B08
Reading graphs...
50 :  75
50 :  75
Initializing...
maxdom : 50
D->valSize : 2500
Solving...
Blb : 2 (clique : 29)
currentSize : 29 <-- 0.099623 s
currentSize : 30 <-- 0.100033 s
currentSize : 31 <-- 0.100076 s
currentSize : 32 <-- 0.100337 s
currentSize : 33 <-- 0.229880 s
currentSize : 34 <-- 1.784945 s

TIMEOUT
maxsize : 34
nodes : 19023589.000000
filtered : 1114677364.000000
time : 1000.000244
