Parameters: GAD=1 vflib=1 dir=0 label=0 lowerbound=1 fileNameGp=../../cp2016-max-common-connected-subgraph-paper/datasets/graphsdb/mcs90/m2D/m2Dr6/mcs90_m2Dr6_s50.A02 fileNameGt=../../cp2016-max-common-connected-subgraph-paper/datasets/graphsdb/mcs90/m2D/m2Dr6/mcs90_m2Dr6_s50.B02
Reading graphs...
50 :  114
50 :  113
Initializing...
maxdom : 50
D->valSize : 2500
Solving...
Blb : 2 (clique : 26)
currentSize : 26 <-- 0.095926 s
currentSize : 27 <-- 0.096296 s
currentSize : 28 <-- 0.096516 s
currentSize : 29 <-- 0.099183 s
currentSize : 30 <-- 0.099546 s
currentSize : 31 <-- 1.590167 s
currentSize : 32 <-- 537.842346 s
currentSize : 33 <-- 787.258972 s

TIMEOUT
maxsize : 33
nodes : 15783035.000000
filtered : 1031681310.000000
time : 1000.000732
