Parameters: GAD=1 vflib=1 dir=0 label=0 lowerbound=1 fileNameGp=../../cp2016-max-common-connected-subgraph-paper/datasets/graphsdb/mcs90/bvg/b09/mcs90_b09_s30.A00 fileNameGt=../../cp2016-max-common-connected-subgraph-paper/datasets/graphsdb/mcs90/bvg/b09/mcs90_b09_s30.B00
Reading graphs...
30 :  134
30 :  134
Initializing...
maxdom : 30
D->valSize : 900
Solving...
Blb : 2 (clique : 13)
currentSize : 13 <-- 0.009617 s
currentSize : 14 <-- 0.011620 s
currentSize : 15 <-- 0.011901 s
currentSize : 16 <-- 0.011956 s
currentSize : 17 <-- 0.012003 s
currentSize : 18 <-- 0.015946 s
currentSize : 19 <-- 0.016531 s
currentSize : 22 <-- 0.018248 s
currentSize : 26 <-- 0.024041 s

maxsize : 26
nodes : 19164.000000
filtered : 1149313.000000
time : 0.339086
