Parameters: GAD=1 vflib=1 dir=0 label=0 lowerbound=1 fileNameGp=../../cp2016-max-common-connected-subgraph-paper/datasets/graphsdb/mcs90/m2D/m2Dr4/mcs90_m2Dr4_s30.A09 fileNameGt=../../cp2016-max-common-connected-subgraph-paper/datasets/graphsdb/mcs90/m2D/m2Dr4/mcs90_m2Dr4_s30.B09
Reading graphs...
30 :  59
30 :  60
Initializing...
maxdom : 30
D->valSize : 900
Solving...
Blb : 2 (clique : 16)
currentSize : 16 <-- 0.010947 s
currentSize : 17 <-- 0.011427 s
currentSize : 18 <-- 0.024105 s
currentSize : 19 <-- 0.052124 s
currentSize : 20 <-- 0.391436 s
currentSize : 21 <-- 6.719635 s
currentSize : 22 <-- 26.788582 s
currentSize : 23 <-- 28.946774 s
currentSize : 24 <-- 33.327450 s
currentSize : 25 <-- 37.150459 s

maxsize : 25
nodes : 1353435.000000
filtered : 52586200.000000
time : 37.573048
