Parameters: GAD=1 vflib=1 dir=0 label=0 lowerbound=1 fileNameGp=../../cp2016-max-common-connected-subgraph-paper/datasets/graphsdb/mcs90/bvg/b09m/mcs90_b09m_s35.A07 fileNameGt=../../cp2016-max-common-connected-subgraph-paper/datasets/graphsdb/mcs90/bvg/b09m/mcs90_b09m_s35.B07
Reading graphs...
35 :  151
35 :  151
Initializing...
maxdom : 35
D->valSize : 1225
Solving...
Blb : 2 (clique : 13)
currentSize : 13 <-- 0.018613 s
currentSize : 14 <-- 0.020491 s
currentSize : 15 <-- 0.020820 s
currentSize : 16 <-- 0.023350 s
currentSize : 17 <-- 0.091656 s
currentSize : 18 <-- 0.092059 s
currentSize : 19 <-- 0.095085 s
currentSize : 20 <-- 0.096175 s
currentSize : 24 <-- 0.503093 s
currentSize : 30 <-- 0.538276 s

maxsize : 30
nodes : 107332.000000
filtered : 4287149.000000
time : 1.175490
