Parameters: GAD=1 vflib=1 dir=0 label=0 lowerbound=1 fileNameGp=../../cp2016-max-common-connected-subgraph-paper/datasets/graphsdb/mcs90/m2D/m2Dr2/mcs90_m2Dr2_s40.A03 fileNameGt=../../cp2016-max-common-connected-subgraph-paper/datasets/graphsdb/mcs90/m2D/m2Dr2/mcs90_m2Dr2_s40.B03
Reading graphs...
40 :  75
40 :  74
Initializing...
maxdom : 40
D->valSize : 1600
Solving...
Blb : 2 (clique : 24)
currentSize : 24 <-- 0.036332 s
currentSize : 25 <-- 0.038017 s
currentSize : 26 <-- 0.283756 s
currentSize : 27 <-- 12.824691 s
currentSize : 28 <-- 14.853653 s
currentSize : 29 <-- 322.289124 s
currentSize : 30 <-- 722.459656 s
currentSize : 31 <-- 923.010376 s

TIMEOUT
maxsize : 31
nodes : 21353345.000000
filtered : 1375908778.000000
time : 1000.000000
