Parameters: GAD=1 vflib=1 dir=0 label=0 lowerbound=1 fileNameGp=../../cp2016-max-common-connected-subgraph-paper/datasets/graphsdb/mcs90/bvg/b09m/mcs90_b09m_s30.A00 fileNameGt=../../cp2016-max-common-connected-subgraph-paper/datasets/graphsdb/mcs90/bvg/b09m/mcs90_b09m_s30.B00
Reading graphs...
30 :  128
30 :  129
Initializing...
maxdom : 30
D->valSize : 900
Solving...
Blb : 5 (clique : 12)
currentSize : 12 <-- 0.009749 s
currentSize : 13 <-- 0.010716 s
currentSize : 14 <-- 0.016452 s
currentSize : 15 <-- 0.018526 s
currentSize : 16 <-- 0.818223 s
currentSize : 17 <-- 2.654327 s
currentSize : 18 <-- 4.836164 s
currentSize : 26 <-- 7.245225 s

maxsize : 26
nodes : 1331422.000000
filtered : 29333306.000000
time : 7.401463
