Parameters: GAD=1 vflib=1 dir=0 label=0 lowerbound=1 fileNameGp=../../cp2016-max-common-connected-subgraph-paper/datasets/graphsdb/mcs90/bvg/b06/mcs90_b06_s25.A00 fileNameGt=../../cp2016-max-common-connected-subgraph-paper/datasets/graphsdb/mcs90/bvg/b06/mcs90_b06_s25.B00
Reading graphs...
25 :  75
25 :  75
Initializing...
maxdom : 25
D->valSize : 625
Solving...
Blb : 5 (clique : 14)
currentSize : 14 <-- 0.008696 s
currentSize : 15 <-- 0.009731 s
currentSize : 16 <-- 0.010120 s
currentSize : 17 <-- 0.011101 s
currentSize : 18 <-- 0.011892 s
currentSize : 19 <-- 0.012023 s
currentSize : 20 <-- 0.012400 s
currentSize : 21 <-- 0.014538 s
currentSize : 22 <-- 0.015662 s

maxsize : 22
nodes : 4549.000000
filtered : 191686.000000
time : 0.125748
