Parameters: GAD=1 vflib=1 dir=0 label=0 lowerbound=1 fileNameGp=../../cp2016-max-common-connected-subgraph-paper/datasets/graphsdb/mcs90/bvg/b06m/mcs90_b06m_s40.A04 fileNameGt=../../cp2016-max-common-connected-subgraph-paper/datasets/graphsdb/mcs90/bvg/b06m/mcs90_b06m_s40.B04
Reading graphs...
40 :  118
40 :  118
Initializing...
maxdom : 40
D->valSize : 1600
Solving...
Blb : 2 (clique : 18)
currentSize : 18 <-- 0.033938 s
currentSize : 19 <-- 0.034805 s
currentSize : 20 <-- 0.058644 s
currentSize : 21 <-- 2.583520 s
currentSize : 22 <-- 54.739918 s
currentSize : 23 <-- 165.786850 s
currentSize : 25 <-- 433.490356 s
currentSize : 26 <-- 437.407959 s
currentSize : 27 <-- 437.408417 s
currentSize : 29 <-- 686.904724 s
currentSize : 30 <-- 686.923157 s
currentSize : 33 <-- 696.974243 s
currentSize : 36 <-- 696.976868 s

maxsize : 36
nodes : 41289647.000000
filtered : 1992780409.000000
time : 697.527222
