Parameters: GAD=1 vflib=1 dir=0 label=0 lowerbound=1 fileNameGp=../../cp2016-max-common-connected-subgraph-paper/datasets/graphsdb/mcs90/bvg/b06/mcs90_b06_s35.A08 fileNameGt=../../cp2016-max-common-connected-subgraph-paper/datasets/graphsdb/mcs90/bvg/b06/mcs90_b06_s35.B08
Reading graphs...
35 :  104
35 :  105
Initializing...
maxdom : 35
D->valSize : 1225
Solving...
Blb : 2 (clique : 23)
currentSize : 23 <-- 0.034437 s
currentSize : 24 <-- 0.034754 s
currentSize : 25 <-- 0.034839 s
currentSize : 28 <-- 0.034912 s
currentSize : 29 <-- 0.035175 s
currentSize : 30 <-- 0.039653 s
currentSize : 31 <-- 0.039734 s

maxsize : 31
nodes : 19756.000000
filtered : 1290515.000000
time : 1.100475
