Parameters: GAD=1 vflib=1 dir=0 label=0 lowerbound=1 fileNameGp=../../cp2016-max-common-connected-subgraph-paper/datasets/graphsdb/mcs90/rand/r02/mcs90_r02_s50.A09 fileNameGt=../../cp2016-max-common-connected-subgraph-paper/datasets/graphsdb/mcs90/rand/r02/mcs90_r02_s50.B09
Reading graphs...
50 :  436
50 :  435
Initializing...
maxdom : 50
D->valSize : 2500
Solving...
Blb : 2 (clique : 12)
currentSize : 12 <-- 0.075976 s
currentSize : 13 <-- 0.076256 s
currentSize : 14 <-- 0.078921 s
currentSize : 15 <-- 0.197597 s
currentSize : 16 <-- 0.224509 s
currentSize : 17 <-- 530.046082 s

TIMEOUT
maxsize : 17
nodes : 222967440.000000
filtered : 2268461961.000000
time : 1000.000000
