Parameters: GAD=1 vflib=1 dir=0 label=0 lowerbound=1 fileNameGp=../../cp2016-max-common-connected-subgraph-paper/datasets/graphsdb/mcs90/m2D/m2Dr2/mcs90_m2Dr2_s30.A03 fileNameGt=../../cp2016-max-common-connected-subgraph-paper/datasets/graphsdb/mcs90/m2D/m2Dr2/mcs90_m2Dr2_s30.B03
Reading graphs...
30 :  54
30 :  53
Initializing...
maxdom : 30
D->valSize : 900
Solving...
Blb : 2 (clique : 18)
currentSize : 18 <-- 0.019240 s
currentSize : 19 <-- 0.032947 s
currentSize : 20 <-- 0.106357 s
currentSize : 21 <-- 0.328193 s
currentSize : 22 <-- 16.401993 s
currentSize : 23 <-- 21.256971 s
currentSize : 24 <-- 36.240398 s
currentSize : 26 <-- 36.243664 s

maxsize : 26
nodes : 1252536.000000
filtered : 52274952.000000
time : 36.468006
