Parameters: GAD=1 vflib=1 dir=0 label=0 lowerbound=1 fileNameGp=../../cp2016-max-common-connected-subgraph-paper/datasets/graphsdb/mcs90/m2D/m2Dr6/mcs90_m2Dr6_s50.A04 fileNameGt=../../cp2016-max-common-connected-subgraph-paper/datasets/graphsdb/mcs90/m2D/m2Dr6/mcs90_m2Dr6_s50.B04
Reading graphs...
50 :  114
50 :  113
Initializing...
maxdom : 50
D->valSize : 2500
Solving...
Blb : 2 (clique : 25)
currentSize : 25 <-- 0.095022 s
currentSize : 26 <-- 0.095379 s
currentSize : 27 <-- 0.095500 s
currentSize : 28 <-- 0.095903 s
currentSize : 29 <-- 0.096429 s
currentSize : 30 <-- 0.099121 s
currentSize : 31 <-- 0.100000 s
currentSize : 32 <-- 0.102105 s
currentSize : 35 <-- 0.105658 s
currentSize : 37 <-- 0.121079 s
currentSize : 39 <-- 0.122978 s
currentSize : 40 <-- 0.124341 s
currentSize : 46 <-- 0.125345 s
currentSize : 49 <-- 0.126607 s

maxsize : 49
nodes : 3624.000000
filtered : 108584.000000
time : 0.173850
