Parameters: GAD=1 vflib=1 dir=0 label=0 lowerbound=1 fileNameGp=../../cp2016-max-common-connected-subgraph-paper/datasets/graphsdb/mcs90/rand/r005/mcs90_r005_s50.A05 fileNameGt=../../cp2016-max-common-connected-subgraph-paper/datasets/graphsdb/mcs90/rand/r005/mcs90_r005_s50.B05
Reading graphs...
50 :  118
50 :  119
Initializing...
maxdom : 50
D->valSize : 2500
Solving...
Blb : 5 (clique : 26)
currentSize : 26 <-- 0.094444 s
currentSize : 27 <-- 0.094869 s
currentSize : 28 <-- 0.332603 s
currentSize : 29 <-- 23.979412 s
currentSize : 30 <-- 48.851837 s
currentSize : 31 <-- 845.887451 s
currentSize : 32 <-- 850.767212 s

TIMEOUT
maxsize : 32
nodes : 54884323.000000
filtered : 1593195820.000000
time : 1000.000000
