Parameters: GAD=1 vflib=1 dir=0 label=0 lowerbound=1 fileNameGp=../../cp2016-max-common-connected-subgraph-paper/datasets/graphsdb/mcs90/rand/r01/mcs90_r01_s40.A04 fileNameGt=../../cp2016-max-common-connected-subgraph-paper/datasets/graphsdb/mcs90/rand/r01/mcs90_r01_s40.B04
Reading graphs...
40 :  148
40 :  148
Initializing...
maxdom : 40
D->valSize : 1600
Solving...
Blb : 2 (clique : 14)
currentSize : 14 <-- 0.033246 s
currentSize : 15 <-- 0.033429 s
currentSize : 16 <-- 0.033497 s
currentSize : 17 <-- 0.033674 s
currentSize : 18 <-- 0.035458 s
currentSize : 19 <-- 0.039479 s
currentSize : 20 <-- 0.125151 s
currentSize : 21 <-- 0.136152 s
currentSize : 22 <-- 0.228891 s
currentSize : 23 <-- 2.674565 s
currentSize : 24 <-- 4.400817 s
currentSize : 27 <-- 4.402895 s
currentSize : 36 <-- 5.044024 s

maxsize : 36
nodes : 417930.000000
filtered : 16126718.000000
time : 5.676364
