Parameters: GAD=1 vflib=1 dir=0 label=0 lowerbound=1 fileNameGp=../../cp2016-max-common-connected-subgraph-paper/datasets/graphsdb/mcs90/m2D/m2D/mcs90_m2D_s50.A06 fileNameGt=../../cp2016-max-common-connected-subgraph-paper/datasets/graphsdb/mcs90/m2D/m2D/mcs90_m2D_s50.B06
Reading graphs...
50 :  85
50 :  85
Initializing...
maxdom : 50
D->valSize : 2500
Solving...
Blb : 2 (clique : 39)
currentSize : 39 <-- 0.130056 s
currentSize : 40 <-- 0.197477 s
currentSize : 41 <-- 0.280364 s
currentSize : 42 <-- 0.280444 s
currentSize : 43 <-- 3.596478 s
currentSize : 44 <-- 6.884999 s
currentSize : 45 <-- 18.485788 s
currentSize : 46 <-- 23.831469 s
currentSize : 48 <-- 23.833096 s
currentSize : 49 <-- 23.835020 s

maxsize : 49
nodes : 123704.000000
filtered : 14527752.000000
time : 23.934668
