Parameters: GAD=1 vflib=1 dir=0 label=0 lowerbound=1 fileNameGp=../../cp2016-max-common-connected-subgraph-paper/datasets/graphsdb/mcs90/bvg/b09/mcs90_b09_s40.A09 fileNameGt=../../cp2016-max-common-connected-subgraph-paper/datasets/graphsdb/mcs90/bvg/b09/mcs90_b09_s40.B09
Reading graphs...
40 :  180
40 :  180
Initializing...
maxdom : 40
D->valSize : 1600
Solving...
Blb : 2 (clique : 19)
currentSize : 19 <-- 0.032052 s
currentSize : 20 <-- 0.032271 s
currentSize : 21 <-- 0.032669 s
currentSize : 22 <-- 0.032817 s
currentSize : 24 <-- 0.032957 s
currentSize : 25 <-- 0.033086 s
currentSize : 28 <-- 0.033503 s
currentSize : 32 <-- 0.034137 s
currentSize : 36 <-- 0.060115 s

maxsize : 36
nodes : 26774.000000
filtered : 2959061.000000
time : 0.980961
