Parameters: GAD=1 vflib=1 dir=0 label=0 lowerbound=1 fileNameGp=../../cp2016-max-common-connected-subgraph-paper/datasets/graphsdb/mcs90/m3D/m3Dr6/mcs90_m3Dr6_s30.A09 fileNameGt=../../cp2016-max-common-connected-subgraph-paper/datasets/graphsdb/mcs90/m3D/m3Dr6/mcs90_m3Dr6_s30.B09
Reading graphs...
30 :  76
30 :  76
Initializing...
maxdom : 30
D->valSize : 900
Solving...
Blb : 2 (clique : 14)
currentSize : 14 <-- 0.010629 s
currentSize : 15 <-- 0.010771 s
currentSize : 16 <-- 0.011129 s
currentSize : 17 <-- 0.024469 s
currentSize : 18 <-- 0.261694 s
currentSize : 19 <-- 0.509402 s
currentSize : 20 <-- 0.509565 s
currentSize : 23 <-- 2.315027 s
currentSize : 27 <-- 4.120367 s

maxsize : 27
nodes : 451343.000000
filtered : 13384908.000000
time : 4.196724
