Parameters: GAD=1 vflib=1 dir=0 label=0 lowerbound=1 fileNameGp=../../cp2016-max-common-connected-subgraph-paper/datasets/graphsdb/mcs90/bvg/b09/mcs90_b09_s30.A06 fileNameGt=../../cp2016-max-common-connected-subgraph-paper/datasets/graphsdb/mcs90/bvg/b09/mcs90_b09_s30.B06
Reading graphs...
30 :  134
30 :  134
Initializing...
maxdom : 30
D->valSize : 900
Solving...
Blb : 2 (clique : 12)
currentSize : 12 <-- 0.009710 s
currentSize : 13 <-- 0.009825 s
currentSize : 14 <-- 0.009855 s
currentSize : 15 <-- 0.016463 s
currentSize : 16 <-- 0.018576 s
currentSize : 17 <-- 0.018607 s
currentSize : 18 <-- 0.018638 s
currentSize : 19 <-- 0.018701 s
currentSize : 20 <-- 0.018736 s
currentSize : 22 <-- 0.040698 s
currentSize : 26 <-- 0.052984 s

maxsize : 26
nodes : 23028.000000
filtered : 1181069.000000
time : 0.341638
