Parameters: GAD=1 vflib=1 dir=0 label=0 lowerbound=1 fileNameGp=../../cp2016-max-common-connected-subgraph-paper/datasets/graphsdb/mcs90/m3D/m3Dr2/mcs90_m3Dr2_s30.A01 fileNameGt=../../cp2016-max-common-connected-subgraph-paper/datasets/graphsdb/mcs90/m3D/m3Dr2/mcs90_m3Dr2_s30.B01
Reading graphs...
30 :  64
30 :  66
Initializing...
maxdom : 30
D->valSize : 900
Solving...
Blb : 2 (clique : 18)
currentSize : 18 <-- 0.010868 s
currentSize : 19 <-- 0.011138 s
currentSize : 20 <-- 0.011374 s
currentSize : 21 <-- 0.015960 s
currentSize : 22 <-- 0.016856 s
currentSize : 23 <-- 0.019550 s
currentSize : 24 <-- 0.040352 s
currentSize : 26 <-- 0.042690 s
currentSize : 28 <-- 0.042793 s

maxsize : 28
nodes : 2692.000000
filtered : 101726.000000
time : 0.069906
