Parameters: GAD=1 vflib=1 dir=0 label=0 lowerbound=1 fileNameGp=../../cp2016-max-common-connected-subgraph-paper/datasets/graphsdb/mcs90/bvg/b03/mcs90_b03_s30.A03 fileNameGt=../../cp2016-max-common-connected-subgraph-paper/datasets/graphsdb/mcs90/bvg/b03/mcs90_b03_s30.B03
Reading graphs...
30 :  45
30 :  45
Initializing...
maxdom : 30
D->valSize : 900
Solving...
Blb : 2 (clique : 21)
currentSize : 21 <-- 0.011438 s
currentSize : 22 <-- 0.012902 s
currentSize : 23 <-- 0.057457 s
currentSize : 24 <-- 0.114530 s
currentSize : 25 <-- 0.125827 s
currentSize : 26 <-- 0.171124 s
currentSize : 27 <-- 0.227302 s
currentSize : 28 <-- 0.421980 s

maxsize : 28
nodes : 10108.000000
filtered : 478799.000000
time : 0.462208
