Parameters: GAD=1 vflib=1 dir=0 label=0 lowerbound=1 fileNameGp=../../cp2016-max-common-connected-subgraph-paper/datasets/graphsdb/mcs90/bvg/b06/mcs90_b06_s35.A03 fileNameGt=../../cp2016-max-common-connected-subgraph-paper/datasets/graphsdb/mcs90/bvg/b06/mcs90_b06_s35.B03
Reading graphs...
35 :  105
35 :  105
Initializing...
maxdom : 35
D->valSize : 1225
Solving...
Blb : 2 (clique : 17)
currentSize : 17 <-- 0.019402 s
currentSize : 18 <-- 0.019555 s
currentSize : 19 <-- 0.019582 s
currentSize : 20 <-- 0.026474 s
currentSize : 21 <-- 0.061859 s
currentSize : 22 <-- 0.126346 s
currentSize : 23 <-- 0.569888 s
currentSize : 24 <-- 1.885976 s
currentSize : 25 <-- 1.886461 s
currentSize : 26 <-- 1.888798 s
currentSize : 27 <-- 1.903102 s
currentSize : 28 <-- 1.905486 s
currentSize : 29 <-- 1.951336 s
currentSize : 31 <-- 1.958584 s

maxsize : 31
nodes : 115836.000000
filtered : 4645778.000000
time : 2.604774
