Parameters: GAD=1 vflib=1 dir=0 label=0 lowerbound=1 fileNameGp=../../cp2016-max-common-connected-subgraph-paper/datasets/graphsdb/mcs90/bvg/b06m/mcs90_b06m_s50.A09 fileNameGt=../../cp2016-max-common-connected-subgraph-paper/datasets/graphsdb/mcs90/bvg/b06m/mcs90_b06m_s50.B09
Reading graphs...
50 :  146
50 :  146
Initializing...
maxdom : 50
D->valSize : 2500
Solving...
Blb : 2 (clique : 24)
currentSize : 24 <-- 0.092517 s
currentSize : 25 <-- 0.590442 s
currentSize : 26 <-- 0.604716 s
currentSize : 27 <-- 1.072064 s
currentSize : 28 <-- 2.198225 s
currentSize : 29 <-- 3.591743 s
currentSize : 30 <-- 25.208380 s
currentSize : 31 <-- 93.726646 s
currentSize : 32 <-- 103.276947 s
currentSize : 33 <-- 123.489761 s
currentSize : 34 <-- 123.489853 s
currentSize : 35 <-- 159.370911 s
currentSize : 38 <-- 174.735916 s
currentSize : 39 <-- 181.411835 s
currentSize : 43 <-- 299.597290 s
currentSize : 45 <-- 299.649109 s

maxsize : 45
nodes : 7285072.000000
filtered : 558611929.000000
time : 303.184906
