Parameters: GAD=1 vflib=1 dir=0 label=0 lowerbound=1 fileNameGp=../../cp2016-max-common-connected-subgraph-paper/datasets/graphsdb/mcs90/bvg/b06/mcs90_b06_s50.A02 fileNameGt=../../cp2016-max-common-connected-subgraph-paper/datasets/graphsdb/mcs90/bvg/b06/mcs90_b06_s50.B02
Reading graphs...
50 :  150
50 :  150
Initializing...
maxdom : 50
D->valSize : 2500
Solving...
Blb : 2 (clique : 27)
currentSize : 27 <-- 0.091833 s
currentSize : 30 <-- 0.092198 s
currentSize : 31 <-- 0.092419 s
currentSize : 32 <-- 0.093119 s
currentSize : 33 <-- 0.102108 s
currentSize : 34 <-- 0.102464 s
currentSize : 35 <-- 0.531146 s
currentSize : 36 <-- 0.851572 s
currentSize : 37 <-- 1.315177 s
currentSize : 38 <-- 17.990299 s
currentSize : 39 <-- 18.020332 s
currentSize : 45 <-- 22.739620 s
currentSize : 46 <-- 25.468752 s

maxsize : 46
nodes : 381147.000000
filtered : 29440591.000000
time : 30.268896
