Parameters: GAD=1 vflib=1 dir=0 label=0 lowerbound=1 fileNameGp=../../cp2016-max-common-connected-subgraph-paper/datasets/graphsdb/mcs90/bvg/b09/mcs90_b09_s35.A03 fileNameGt=../../cp2016-max-common-connected-subgraph-paper/datasets/graphsdb/mcs90/bvg/b09/mcs90_b09_s35.B03
Reading graphs...
35 :  157
35 :  157
Initializing...
maxdom : 35
D->valSize : 1225
Solving...
Blb : 2 (clique : 16)
currentSize : 16 <-- 0.018553 s
currentSize : 17 <-- 0.036231 s
currentSize : 18 <-- 0.355303 s
currentSize : 21 <-- 0.561775 s
currentSize : 22 <-- 0.561951 s
currentSize : 23 <-- 0.562134 s
currentSize : 26 <-- 0.562517 s
currentSize : 30 <-- 0.650234 s

maxsize : 30
nodes : 174853.000000
filtered : 5534838.000000
time : 1.585124
