Parameters: GAD=1 vflib=1 dir=0 label=0 lowerbound=1 fileNameGp=../../cp2016-max-common-connected-subgraph-paper/datasets/graphsdb/mcs90/bvg/b03/mcs90_b03_s30.A02 fileNameGt=../../cp2016-max-common-connected-subgraph-paper/datasets/graphsdb/mcs90/bvg/b03/mcs90_b03_s30.B02
Reading graphs...
30 :  45
30 :  45
Initializing...
maxdom : 30
D->valSize : 900
Solving...
Blb : 2 (clique : 20)
currentSize : 20 <-- 0.011576 s
currentSize : 21 <-- 0.011913 s
currentSize : 22 <-- 0.012241 s
currentSize : 23 <-- 0.012284 s
currentSize : 24 <-- 0.025138 s
currentSize : 25 <-- 0.126155 s
currentSize : 26 <-- 0.126781 s
currentSize : 27 <-- 0.419937 s

maxsize : 27
nodes : 13437.000000
filtered : 760834.000000
time : 0.814722
