Parameters: GAD=1 vflib=1 dir=0 label=0 lowerbound=1 fileNameGp=../../cp2016-max-common-connected-subgraph-paper/datasets/graphsdb/mcs90/rand/r01/mcs90_r01_s50.A02 fileNameGt=../../cp2016-max-common-connected-subgraph-paper/datasets/graphsdb/mcs90/rand/r01/mcs90_r01_s50.B02
Reading graphs...
50 :  230
50 :  227
Initializing...
maxdom : 50
D->valSize : 2500
Solving...
Blb : 2 (clique : 18)
currentSize : 18 <-- 0.086278 s
currentSize : 19 <-- 0.086638 s
currentSize : 20 <-- 0.089877 s
currentSize : 21 <-- 0.132649 s
currentSize : 22 <-- 5.341926 s
currentSize : 23 <-- 25.345505 s
currentSize : 24 <-- 84.306870 s

TIMEOUT
maxsize : 24
nodes : 125349120.000000
filtered : 3424342933.000000
time : 1000.000061
