Parameters: GAD=1 vflib=1 dir=0 label=0 lowerbound=1 fileNameGp=../../cp2016-max-common-connected-subgraph-paper/datasets/graphsdb/mcs90/m2D/m2D/mcs90_m2D_s40.A04 fileNameGt=../../cp2016-max-common-connected-subgraph-paper/datasets/graphsdb/mcs90/m2D/m2D/mcs90_m2D_s40.B04
Reading graphs...
40 :  67
40 :  67
Initializing...
maxdom : 40
D->valSize : 1600
Solving...
Blb : 5 (clique : 23)
currentSize : 23 <-- 0.036402 s
currentSize : 24 <-- 0.036634 s
currentSize : 26 <-- 0.040827 s
currentSize : 27 <-- 0.043777 s
currentSize : 28 <-- 0.116845 s
currentSize : 29 <-- 0.448880 s
currentSize : 30 <-- 2.537176 s
currentSize : 31 <-- 6.849539 s
currentSize : 33 <-- 20.224596 s
currentSize : 34 <-- 21.113979 s
currentSize : 36 <-- 21.590492 s
currentSize : 37 <-- 22.833715 s

maxsize : 37
nodes : 375123.000000
filtered : 21139292.000000
time : 23.475803
