Parameters: GAD=1 vflib=1 dir=0 label=0 lowerbound=1 fileNameGp=../../cp2016-max-common-connected-subgraph-paper/datasets/graphsdb/mcs90/bvg/b06m/mcs90_b06m_s50.A04 fileNameGt=../../cp2016-max-common-connected-subgraph-paper/datasets/graphsdb/mcs90/bvg/b06m/mcs90_b06m_s50.B04
Reading graphs...
50 :  148
50 :  148
Initializing...
maxdom : 50
D->valSize : 2500
Solving...
Blb : 2 (clique : 21)
currentSize : 21 <-- 0.093152 s
currentSize : 22 <-- 0.093463 s
currentSize : 23 <-- 0.093924 s
currentSize : 24 <-- 0.095331 s
currentSize : 25 <-- 0.138338 s
currentSize : 26 <-- 0.971461 s
currentSize : 27 <-- 1.029678 s
currentSize : 28 <-- 17.879452 s

TIMEOUT
maxsize : 28
nodes : 35595147.000000
filtered : 1934412543.000000
time : 1000.000061
