Parameters: GAD=1 vflib=1 dir=0 label=0 lowerbound=1 fileNameGp=../../cp2016-max-common-connected-subgraph-paper/datasets/graphsdb/mcs90/m3D/m3Dr4/mcs90_m3Dr4_s30.A05 fileNameGt=../../cp2016-max-common-connected-subgraph-paper/datasets/graphsdb/mcs90/m3D/m3Dr4/mcs90_m3Dr4_s30.B05
Reading graphs...
30 :  73
30 :  73
Initializing...
maxdom : 30
D->valSize : 900
Solving...
Blb : 2 (clique : 15)
currentSize : 15 <-- 0.010792 s
currentSize : 16 <-- 0.010926 s
currentSize : 17 <-- 0.011544 s
currentSize : 18 <-- 0.386936 s
currentSize : 19 <-- 7.974411 s
currentSize : 20 <-- 19.652838 s
currentSize : 21 <-- 35.327003 s
currentSize : 22 <-- 35.327065 s
currentSize : 25 <-- 42.794697 s
currentSize : 27 <-- 42.795631 s

maxsize : 27
nodes : 4557392.000000
filtered : 127361233.000000
time : 42.873795
