Parameters: GAD=1 vflib=1 dir=0 label=0 lowerbound=1 fileNameGp=../../cp2016-max-common-connected-subgraph-paper/datasets/graphsdb/mcs90/bvg/b09m/mcs90_b09m_s30.A05 fileNameGt=../../cp2016-max-common-connected-subgraph-paper/datasets/graphsdb/mcs90/bvg/b09m/mcs90_b09m_s30.B05
Reading graphs...
30 :  132
30 :  132
Initializing...
maxdom : 30
D->valSize : 900
Solving...
Blb : 2 (clique : 12)
currentSize : 12 <-- 0.009655 s
currentSize : 13 <-- 0.015981 s
currentSize : 14 <-- 0.202329 s
currentSize : 16 <-- 0.317445 s
currentSize : 19 <-- 0.346642 s
currentSize : 21 <-- 1.416097 s
currentSize : 26 <-- 2.321848 s

maxsize : 26
nodes : 321442.000000
filtered : 10922379.000000
time : 2.407403
