Parameters: GAD=1 vflib=1 dir=0 label=0 lowerbound=1 fileNameGp=../../cp2016-max-common-connected-subgraph-paper/datasets/graphsdb/mcs90/rand/r005/mcs90_r005_s35.A06 fileNameGt=../../cp2016-max-common-connected-subgraph-paper/datasets/graphsdb/mcs90/rand/r005/mcs90_r005_s35.B06
Reading graphs...
35 :  58
35 :  57
Initializing...
maxdom : 35
D->valSize : 1225
Solving...
Blb : 2 (clique : 22)
currentSize : 22 <-- 0.021098 s
currentSize : 23 <-- 0.021351 s
currentSize : 24 <-- 3.929646 s
currentSize : 25 <-- 34.197117 s
currentSize : 26 <-- 390.086304 s
currentSize : 27 <-- 642.589111 s
currentSize : 28 <-- 642.593689 s
currentSize : 29 <-- 642.593994 s
currentSize : 31 <-- 650.086609 s

maxsize : 31
nodes : 8859517.000000
filtered : 549838518.000000
time : 650.847046
