Parameters: GAD=1 vflib=1 dir=0 label=0 lowerbound=1 fileNameGp=../../cp2016-max-common-connected-subgraph-paper/datasets/graphsdb/mcs90/bvg/b03m/mcs90_b03m_s40.A05 fileNameGt=../../cp2016-max-common-connected-subgraph-paper/datasets/graphsdb/mcs90/bvg/b03m/mcs90_b03m_s40.B05
Reading graphs...
40 :  59
40 :  59
Initializing...
maxdom : 40
D->valSize : 1600
Solving...
Blb : 2 (clique : 27)
currentSize : 27 <-- 0.051409 s
currentSize : 28 <-- 0.051689 s
currentSize : 30 <-- 0.051815 s
currentSize : 31 <-- 0.061118 s
currentSize : 32 <-- 10.485143 s
currentSize : 33 <-- 211.088455 s
currentSize : 34 <-- 211.088516 s
currentSize : 35 <-- 274.522461 s
currentSize : 36 <-- 274.522491 s

maxsize : 36
nodes : 2338026.000000
filtered : 209216100.000000
time : 279.831299
