Parameters: GAD=1 vflib=1 dir=0 label=0 lowerbound=1 fileNameGp=../../cp2016-max-common-connected-subgraph-paper/datasets/graphsdb/mcs90/rand/r01/mcs90_r01_s30.A02 fileNameGt=../../cp2016-max-common-connected-subgraph-paper/datasets/graphsdb/mcs90/rand/r01/mcs90_r01_s30.B02
Reading graphs...
30 :  85
30 :  84
Initializing...
maxdom : 30
D->valSize : 900
Solving...
Blb : 2 (clique : 13)
currentSize : 13 <-- 0.010523 s
currentSize : 14 <-- 0.010646 s
currentSize : 15 <-- 0.011684 s
currentSize : 16 <-- 0.026833 s
currentSize : 17 <-- 0.055035 s
currentSize : 18 <-- 6.186608 s
currentSize : 19 <-- 15.913757 s
currentSize : 20 <-- 19.925253 s
currentSize : 27 <-- 19.931534 s

maxsize : 27
nodes : 2103466.000000
filtered : 55236078.000000
time : 19.979158
