Parameters: GAD=1 vflib=1 dir=0 label=0 lowerbound=1 fileNameGp=../../cp2016-max-common-connected-subgraph-paper/datasets/graphsdb/mcs90/m2D/m2Dr6/mcs90_m2Dr6_s30.A07 fileNameGt=../../cp2016-max-common-connected-subgraph-paper/datasets/graphsdb/mcs90/m2D/m2Dr6/mcs90_m2Dr6_s30.B07
Reading graphs...
30 :  66
30 :  64
Initializing...
maxdom : 30
D->valSize : 900
Solving...
Blb : 5 (clique : 15)
currentSize : 15 <-- 0.019092 s
currentSize : 17 <-- 0.019282 s
currentSize : 18 <-- 0.019432 s
currentSize : 19 <-- 0.032874 s
currentSize : 20 <-- 5.069550 s
currentSize : 22 <-- 18.991158 s
currentSize : 24 <-- 21.390688 s
currentSize : 25 <-- 21.390783 s

maxsize : 25
nodes : 1484246.000000
filtered : 49761731.000000
time : 22.456184
