Parameters: GAD=1 vflib=1 dir=0 label=0 lowerbound=1 fileNameGp=../../cp2016-max-common-connected-subgraph-paper/datasets/graphsdb/mcs90/m2D/m2Dr4/mcs90_m2Dr4_s30.A08 fileNameGt=../../cp2016-max-common-connected-subgraph-paper/datasets/graphsdb/mcs90/m2D/m2Dr4/mcs90_m2Dr4_s30.B08
Reading graphs...
30 :  59
30 :  58
Initializing...
maxdom : 30
D->valSize : 900
Solving...
Blb : 2 (clique : 16)
currentSize : 16 <-- 0.011077 s
currentSize : 17 <-- 0.011216 s
currentSize : 18 <-- 0.011247 s
currentSize : 19 <-- 0.013135 s
currentSize : 20 <-- 0.015929 s
currentSize : 21 <-- 0.015961 s
currentSize : 23 <-- 9.737145 s
currentSize : 26 <-- 11.084217 s

maxsize : 26
nodes : 432395.000000
filtered : 19799822.000000
time : 11.372891
