Parameters: GAD=1 vflib=1 dir=0 label=0 lowerbound=1 fileNameGp=../../cp2016-max-common-connected-subgraph-paper/datasets/graphsdb/mcs90/bvg/b09m/mcs90_b09m_s30.A06 fileNameGt=../../cp2016-max-common-connected-subgraph-paper/datasets/graphsdb/mcs90/bvg/b09m/mcs90_b09m_s30.B06
Reading graphs...
30 :  128
30 :  127
Initializing...
maxdom : 30
D->valSize : 900
Solving...
Blb : 2 (clique : 11)
currentSize : 11 <-- 0.009778 s
currentSize : 12 <-- 0.009888 s
currentSize : 13 <-- 0.010046 s
currentSize : 14 <-- 0.011569 s
currentSize : 15 <-- 0.038191 s
currentSize : 17 <-- 0.392131 s
currentSize : 19 <-- 3.332967 s
currentSize : 20 <-- 3.720772 s
currentSize : 21 <-- 4.487115 s
currentSize : 26 <-- 7.452900 s

maxsize : 26
nodes : 984991.000000
filtered : 33837245.000000
time : 7.507866
