Parameters: GAD=1 vflib=1 dir=0 label=0 lowerbound=1 fileNameGp=../../cp2016-max-common-connected-subgraph-paper/datasets/graphsdb/mcs90/m2D/m2Dr4/mcs90_m2Dr4_s30.A05 fileNameGt=../../cp2016-max-common-connected-subgraph-paper/datasets/graphsdb/mcs90/m2D/m2Dr4/mcs90_m2Dr4_s30.B05
Reading graphs...
30 :  60
30 :  59
Initializing...
maxdom : 30
D->valSize : 900
Solving...
Blb : 2 (clique : 15)
currentSize : 15 <-- 0.011054 s
currentSize : 16 <-- 0.011194 s
currentSize : 17 <-- 0.011923 s
currentSize : 18 <-- 0.022660 s
currentSize : 19 <-- 0.093179 s
currentSize : 20 <-- 0.104695 s
currentSize : 21 <-- 0.841448 s
currentSize : 22 <-- 4.185695 s
currentSize : 24 <-- 9.146202 s
currentSize : 25 <-- 15.323832 s

maxsize : 25
nodes : 570029.000000
filtered : 30218449.000000
time : 15.539696
