Parameters: GAD=1 vflib=1 dir=0 label=0 lowerbound=1 fileNameGp=../../cp2016-max-common-connected-subgraph-paper/datasets/graphsdb/mcs90/rand/r005/mcs90_r005_s40.A02 fileNameGt=../../cp2016-max-common-connected-subgraph-paper/datasets/graphsdb/mcs90/rand/r005/mcs90_r005_s40.B02
Reading graphs...
40 :  76
40 :  76
Initializing...
maxdom : 40
D->valSize : 1600
Solving...
Blb : 2 (clique : 24)
currentSize : 24 <-- 0.036142 s
currentSize : 25 <-- 0.289448 s
currentSize : 26 <-- 0.403393 s
currentSize : 27 <-- 1.412191 s
currentSize : 28 <-- 26.555479 s
currentSize : 29 <-- 251.595215 s
currentSize : 30 <-- 316.088867 s
currentSize : 31 <-- 316.088928 s
currentSize : 32 <-- 408.083221 s
currentSize : 34 <-- 441.754639 s
currentSize : 36 <-- 441.755005 s

maxsize : 36
nodes : 12834388.000000
filtered : 650995082.000000
time : 442.925964
