Parameters: GAD=1 vflib=1 dir=0 label=0 lowerbound=1 fileNameGp=../../cp2016-max-common-connected-subgraph-paper/datasets/graphsdb/mcs90/bvg/b09/mcs90_b09_s50.A07 fileNameGt=../../cp2016-max-common-connected-subgraph-paper/datasets/graphsdb/mcs90/bvg/b09/mcs90_b09_s50.B07
Reading graphs...
50 :  224
50 :  225
Initializing...
maxdom : 50
D->valSize : 2500
Solving...
Blb : 5 (clique : 18)
currentSize : 18 <-- 0.086519 s
currentSize : 19 <-- 0.086792 s
currentSize : 20 <-- 0.086868 s
currentSize : 21 <-- 0.089892 s
currentSize : 22 <-- 0.094031 s
currentSize : 24 <-- 0.094294 s
currentSize : 25 <-- 10.176158 s
currentSize : 26 <-- 45.029781 s
currentSize : 27 <-- 47.343521 s
currentSize : 28 <-- 48.322453 s
currentSize : 29 <-- 48.322548 s
currentSize : 30 <-- 70.089981 s
currentSize : 31 <-- 136.315323 s
currentSize : 32 <-- 144.357269 s
currentSize : 34 <-- 251.745621 s
currentSize : 36 <-- 252.076462 s
currentSize : 38 <-- 253.180832 s
currentSize : 39 <-- 278.196045 s
currentSize : 41 <-- 333.166260 s
currentSize : 43 <-- 333.166595 s
currentSize : 44 <-- 333.783417 s

maxsize : 44
nodes : 30669271.000000
filtered : 1461478692.000000
time : 341.852600
