Parameters: GAD=1 vflib=1 dir=0 label=0 lowerbound=1 fileNameGp=../../cp2016-max-common-connected-subgraph-paper/datasets/graphsdb/mcs90/bvg/b03m/mcs90_b03m_s40.A09 fileNameGt=../../cp2016-max-common-connected-subgraph-paper/datasets/graphsdb/mcs90/bvg/b03m/mcs90_b03m_s40.B09
Reading graphs...
40 :  59
40 :  59
Initializing...
maxdom : 40
D->valSize : 1600
Solving...
Blb : 2 (clique : 25)
currentSize : 25 <-- 0.037048 s
currentSize : 26 <-- 0.037676 s
currentSize : 27 <-- 0.043255 s
currentSize : 28 <-- 0.051387 s
currentSize : 29 <-- 3.293465 s
currentSize : 30 <-- 57.503292 s
currentSize : 31 <-- 952.125549 s

TIMEOUT
maxsize : 31
nodes : 7243377.000000
filtered : 566925531.000000
time : 1000.000061
