Parameters: GAD=1 vflib=1 dir=0 label=0 lowerbound=1 fileNameGp=../../cp2016-max-common-connected-subgraph-paper/datasets/graphsdb/mcs90/rand/r02/mcs90_r02_s50.A00 fileNameGt=../../cp2016-max-common-connected-subgraph-paper/datasets/graphsdb/mcs90/rand/r02/mcs90_r02_s50.B00
Reading graphs...
50 :  434
50 :  431
Initializing...
maxdom : 50
D->valSize : 2500
Solving...
Blb : 2 (clique : 13)
currentSize : 13 <-- 0.075936 s
currentSize : 14 <-- 0.079319 s
currentSize : 15 <-- 0.142610 s
currentSize : 16 <-- 15.781946 s
currentSize : 17 <-- 220.764221 s
currentSize : 18 <-- 444.868469 s

TIMEOUT
maxsize : 18
nodes : 216343516.000000
filtered : 2373338951.000000
time : 1000.000000
