Parameters: GAD=1 vflib=1 dir=0 label=0 lowerbound=1 fileNameGp=../../cp2016-max-common-connected-subgraph-paper/datasets/graphsdb/mcs90/m2D/m2Dr2/mcs90_m2Dr2_s50.A06 fileNameGt=../../cp2016-max-common-connected-subgraph-paper/datasets/graphsdb/mcs90/m2D/m2Dr2/mcs90_m2Dr2_s50.B06
Reading graphs...
50 :  93
50 :  93
Initializing...
maxdom : 50
D->valSize : 2500
Solving...
Blb : 2 (clique : 28)
currentSize : 28 <-- 0.097310 s
currentSize : 31 <-- 0.097733 s
currentSize : 32 <-- 0.097791 s
currentSize : 33 <-- 0.099402 s
currentSize : 34 <-- 0.101705 s
currentSize : 35 <-- 0.184957 s
currentSize : 36 <-- 737.958679 s
currentSize : 37 <-- 752.578491 s

TIMEOUT
maxsize : 37
nodes : 21161510.000000
filtered : 1341156764.000000
time : 1000.000977
