Parameters: GAD=1 vflib=1 dir=0 label=0 lowerbound=1 fileNameGp=../../cp2016-max-common-connected-subgraph-paper/datasets/graphsdb/mcs90/bvg/b03m/mcs90_b03m_s30.A00 fileNameGt=../../cp2016-max-common-connected-subgraph-paper/datasets/graphsdb/mcs90/bvg/b03m/mcs90_b03m_s30.B00
Reading graphs...
30 :  44
30 :  44
Initializing...
maxdom : 30
D->valSize : 900
Solving...
Blb : 2 (clique : 21)
currentSize : 21 <-- 0.011479 s
currentSize : 22 <-- 0.697915 s
currentSize : 23 <-- 26.786943 s
currentSize : 24 <-- 199.862961 s
currentSize : 25 <-- 199.903351 s
currentSize : 26 <-- 200.127579 s

maxsize : 26
nodes : 4155202.000000
filtered : 262036593.000000
time : 200.907257
