Parameters: GAD=1 vflib=1 dir=0 label=0 lowerbound=1 fileNameGp=../../cp2016-max-common-connected-subgraph-paper/datasets/graphsdb/mcs90/bvg/b03m/mcs90_b03m_s25.A00 fileNameGt=../../cp2016-max-common-connected-subgraph-paper/datasets/graphsdb/mcs90/bvg/b03m/mcs90_b03m_s25.B00
Reading graphs...
25 :  36
25 :  36
Initializing...
maxdom : 25
D->valSize : 625
Solving...
Blb : 2 (clique : 15)
currentSize : 15 <-- 0.005595 s
currentSize : 16 <-- 0.005702 s
currentSize : 17 <-- 0.005727 s
currentSize : 18 <-- 0.005744 s
currentSize : 19 <-- 0.013506 s
currentSize : 20 <-- 2.011331 s
currentSize : 21 <-- 2.013036 s
currentSize : 23 <-- 2.017222 s

maxsize : 23
nodes : 51030.000000
filtered : 2334380.000000
time : 2.038082
