Parameters: GAD=1 vflib=1 dir=0 label=0 lowerbound=1 fileNameGp=../../cp2016-max-common-connected-subgraph-paper/datasets/graphsdb/mcs90/m2D/m2Dr2/mcs90_m2Dr2_s50.A01 fileNameGt=../../cp2016-max-common-connected-subgraph-paper/datasets/graphsdb/mcs90/m2D/m2Dr2/mcs90_m2Dr2_s50.B01
Reading graphs...
50 :  95
50 :  94
Initializing...
maxdom : 50
D->valSize : 2500
Solving...
Blb : 2 (clique : 32)
currentSize : 32 <-- 0.097383 s
currentSize : 34 <-- 0.097827 s
currentSize : 35 <-- 0.102269 s
currentSize : 36 <-- 0.109217 s
currentSize : 37 <-- 0.147829 s
currentSize : 38 <-- 156.596420 s

TIMEOUT
maxsize : 38
nodes : 7976071.000000
filtered : 682410826.000000
time : 1000.000183
