Parameters: GAD=1 vflib=1 dir=0 label=0 lowerbound=1 fileNameGp=../../cp2016-max-common-connected-subgraph-paper/datasets/graphsdb/mcs90/m2D/m2Dr4/mcs90_m2Dr4_s50.A02 fileNameGt=../../cp2016-max-common-connected-subgraph-paper/datasets/graphsdb/mcs90/m2D/m2Dr4/mcs90_m2Dr4_s50.B02
Reading graphs...
50 :  104
50 :  101
Initializing...
maxdom : 50
D->valSize : 2500
Solving...
Blb : 2 (clique : 26)
currentSize : 26 <-- 0.128286 s
currentSize : 29 <-- 0.128679 s
currentSize : 30 <-- 0.128762 s
currentSize : 31 <-- 0.145802 s
currentSize : 32 <-- 0.154893 s
currentSize : 33 <-- 0.155482 s
currentSize : 34 <-- 973.585449 s

TIMEOUT
maxsize : 34
nodes : 38747091.000000
filtered : 2169162501.000000
time : 1000.000061
