Parameters: GAD=1 vflib=1 dir=0 label=0 lowerbound=1 fileNameGp=../../cp2016-max-common-connected-subgraph-paper/datasets/graphsdb/mcs90/bvg/b06/mcs90_b06_s50.A03 fileNameGt=../../cp2016-max-common-connected-subgraph-paper/datasets/graphsdb/mcs90/bvg/b06/mcs90_b06_s50.B03
Reading graphs...
50 :  149
50 :  150
Initializing...
maxdom : 50
D->valSize : 2500
Solving...
Blb : 2 (clique : 31)
currentSize : 31 <-- 0.092221 s
currentSize : 32 <-- 0.093500 s
currentSize : 33 <-- 0.095661 s
currentSize : 34 <-- 0.234793 s
currentSize : 35 <-- 0.280659 s
currentSize : 36 <-- 0.280911 s
currentSize : 37 <-- 0.283945 s
currentSize : 38 <-- 0.285941 s
currentSize : 39 <-- 0.286204 s
currentSize : 40 <-- 0.286913 s
currentSize : 41 <-- 0.293724 s
currentSize : 42 <-- 0.317502 s
currentSize : 43 <-- 0.344481 s
currentSize : 44 <-- 0.344805 s
currentSize : 46 <-- 0.346099 s

maxsize : 46
nodes : 28763.000000
filtered : 2821286.000000
time : 4.830320
