Parameters: GAD=1 vflib=1 dir=0 label=0 lowerbound=1 fileNameGp=../../cp2016-max-common-connected-subgraph-paper/datasets/graphsdb/mcs90/rand/r01/mcs90_r01_s35.A06 fileNameGt=../../cp2016-max-common-connected-subgraph-paper/datasets/graphsdb/mcs90/rand/r01/mcs90_r01_s35.B06
Reading graphs...
35 :  111
35 :  111
Initializing...
maxdom : 35
D->valSize : 1225
Solving...
Blb : 2 (clique : 15)
currentSize : 15 <-- 0.019367 s
currentSize : 16 <-- 0.019707 s
currentSize : 17 <-- 0.050529 s
currentSize : 18 <-- 0.191357 s
currentSize : 19 <-- 0.709993 s
currentSize : 20 <-- 9.029448 s
currentSize : 23 <-- 9.037258 s
currentSize : 24 <-- 19.278996 s
currentSize : 25 <-- 20.539660 s
currentSize : 26 <-- 21.432035 s
currentSize : 31 <-- 21.432116 s

maxsize : 31
nodes : 1909743.000000
filtered : 71744145.000000
time : 21.619894
