Parameters: GAD=1 vflib=1 dir=0 label=0 lowerbound=1 fileNameGp=../../cp2016-max-common-connected-subgraph-paper/datasets/graphsdb/mcs90/bvg/b09/mcs90_b09_s35.A05 fileNameGt=../../cp2016-max-common-connected-subgraph-paper/datasets/graphsdb/mcs90/bvg/b09/mcs90_b09_s35.B05
Reading graphs...
35 :  157
35 :  156
Initializing...
maxdom : 35
D->valSize : 1225
Solving...
Blb : 2 (clique : 13)
currentSize : 13 <-- 0.018131 s
currentSize : 15 <-- 0.018258 s
currentSize : 16 <-- 0.018737 s
currentSize : 17 <-- 0.019903 s
currentSize : 18 <-- 0.022440 s
currentSize : 19 <-- 0.124620 s
currentSize : 20 <-- 0.164049 s
currentSize : 21 <-- 0.207551 s
currentSize : 22 <-- 0.231049 s
currentSize : 24 <-- 0.252287 s
currentSize : 26 <-- 0.321337 s
currentSize : 30 <-- 0.350680 s

maxsize : 30
nodes : 83203.000000
filtered : 4142507.000000
time : 1.115133
