Parameters: GAD=1 vflib=1 dir=0 label=0 lowerbound=1 fileNameGp=../../cp2016-max-common-connected-subgraph-paper/datasets/graphsdb/mcs90/bvg/b03/mcs90_b03_s50.A06 fileNameGt=../../cp2016-max-common-connected-subgraph-paper/datasets/graphsdb/mcs90/bvg/b03/mcs90_b03_s50.B06
Reading graphs...
50 :  75
50 :  75
Initializing...
maxdom : 50
D->valSize : 2500
Solving...
Blb : 2 (clique : 38)
currentSize : 38 <-- 0.099294 s
currentSize : 40 <-- 0.099873 s
currentSize : 41 <-- 15.765016 s
currentSize : 42 <-- 15.765601 s
currentSize : 43 <-- 266.336212 s
currentSize : 44 <-- 384.272522 s
currentSize : 45 <-- 405.353607 s

TIMEOUT
maxsize : 45
nodes : 1151907.000000
filtered : 218600372.000000
time : 1000.004395
