Parameters: GAD=1 vflib=1 dir=0 label=0 lowerbound=1 fileNameGp=../../cp2016-max-common-connected-subgraph-paper/datasets/graphsdb/mcs90/rand/r02/mcs90_r02_s35.A06 fileNameGt=../../cp2016-max-common-connected-subgraph-paper/datasets/graphsdb/mcs90/rand/r02/mcs90_r02_s35.B06
Reading graphs...
35 :  213
35 :  217
Initializing...
maxdom : 35
D->valSize : 1225
Solving...
Blb : 3 (clique : 10)
currentSize : 10 <-- 0.030098 s
currentSize : 11 <-- 0.030301 s
currentSize : 12 <-- 0.030675 s
currentSize : 13 <-- 0.035283 s
currentSize : 14 <-- 0.242240 s
currentSize : 15 <-- 1.895884 s
currentSize : 16 <-- 1.895993 s
currentSize : 17 <-- 6.006037 s
currentSize : 21 <-- 10.059282 s
currentSize : 22 <-- 11.264635 s
currentSize : 23 <-- 11.406062 s
currentSize : 25 <-- 11.452070 s
currentSize : 31 <-- 11.495746 s

maxsize : 31
nodes : 2606834.000000
filtered : 38236528.000000
time : 11.676239
