Parameters: GAD=1 vflib=1 dir=0 label=0 lowerbound=1 fileNameGp=../../cp2016-max-common-connected-subgraph-paper/datasets/graphsdb/mcs90/rand/r02/mcs90_r02_s40.A08 fileNameGt=../../cp2016-max-common-connected-subgraph-paper/datasets/graphsdb/mcs90/rand/r02/mcs90_r02_s40.B08
Reading graphs...
40 :  280
40 :  283
Initializing...
maxdom : 40
D->valSize : 1600
Solving...
Blb : 2 (clique : 12)
currentSize : 12 <-- 0.029949 s
currentSize : 13 <-- 0.030192 s
currentSize : 14 <-- 0.040266 s
currentSize : 17 <-- 1.183842 s
currentSize : 18 <-- 39.521240 s
currentSize : 21 <-- 56.255566 s
currentSize : 25 <-- 194.435471 s
currentSize : 36 <-- 205.904175 s

maxsize : 36
nodes : 39083899.000000
filtered : 795090957.000000
time : 206.581940
