Parameters: GAD=1 vflib=1 dir=0 label=0 lowerbound=1 fileNameGp=../../cp2016-max-common-connected-subgraph-paper/datasets/graphsdb/mcs90/rand/r01/mcs90_r01_s40.A03 fileNameGt=../../cp2016-max-common-connected-subgraph-paper/datasets/graphsdb/mcs90/rand/r01/mcs90_r01_s40.B03
Reading graphs...
40 :  150
40 :  151
Initializing...
maxdom : 40
D->valSize : 1600
Solving...
Blb : 2 (clique : 17)
currentSize : 17 <-- 0.032982 s
currentSize : 18 <-- 0.037532 s
currentSize : 19 <-- 0.201493 s
currentSize : 20 <-- 0.787897 s
currentSize : 22 <-- 5.143638 s
currentSize : 23 <-- 5.187185 s
currentSize : 24 <-- 12.460708 s
currentSize : 27 <-- 13.790218 s
currentSize : 28 <-- 50.069149 s
currentSize : 30 <-- 70.400177 s
currentSize : 36 <-- 78.279572 s

maxsize : 36
nodes : 4265943.000000
filtered : 279546583.000000
time : 78.581009
