Parameters: GAD=1 vflib=1 dir=0 label=0 lowerbound=1 fileNameGp=../../cp2016-max-common-connected-subgraph-paper/datasets/graphsdb/mcs90/bvg/b03m/mcs90_b03m_s25.A05 fileNameGt=../../cp2016-max-common-connected-subgraph-paper/datasets/graphsdb/mcs90/bvg/b03m/mcs90_b03m_s25.B05
Reading graphs...
25 :  37
25 :  37
Initializing...
maxdom : 25
D->valSize : 625
Solving...
Blb : 2 (clique : 15)
currentSize : 15 <-- 0.009734 s
currentSize : 16 <-- 0.010077 s
currentSize : 17 <-- 0.010727 s
currentSize : 18 <-- 0.011688 s
currentSize : 19 <-- 0.143257 s
currentSize : 20 <-- 0.570740 s
currentSize : 21 <-- 1.110363 s
currentSize : 22 <-- 1.251709 s

maxsize : 22
nodes : 35586.000000
filtered : 1663230.000000
time : 1.304343
