Parameters: GAD=1 vflib=1 dir=0 label=0 lowerbound=1 fileNameGp=../../cp2016-max-common-connected-subgraph-paper/datasets/graphsdb/mcs90/bvg/b03m/mcs90_b03m_s50.A01 fileNameGt=../../cp2016-max-common-connected-subgraph-paper/datasets/graphsdb/mcs90/bvg/b03m/mcs90_b03m_s50.B01
Reading graphs...
50 :  75
50 :  75
Initializing...
maxdom : 50
D->valSize : 2500
Solving...
Blb : 2 (clique : 30)
currentSize : 30 <-- 0.099377 s
currentSize : 32 <-- 0.099791 s
currentSize : 33 <-- 0.099825 s
currentSize : 34 <-- 0.100623 s
currentSize : 35 <-- 0.164279 s
currentSize : 36 <-- 2.489969 s
currentSize : 37 <-- 54.361420 s

TIMEOUT
maxsize : 37
nodes : 4520992.000000
filtered : 365398652.000000
time : 1000.000244
