Parameters: GAD=1 vflib=1 dir=0 label=0 lowerbound=1 fileNameGp=../../cp2016-max-common-connected-subgraph-paper/datasets/graphsdb/mcs90/m2D/m2Dr6/mcs90_m2Dr6_s40.A00 fileNameGt=../../cp2016-max-common-connected-subgraph-paper/datasets/graphsdb/mcs90/m2D/m2Dr6/mcs90_m2Dr6_s40.B00
Reading graphs...
40 :  90
40 :  89
Initializing...
maxdom : 40
D->valSize : 1600
Solving...
Blb : 2 (clique : 19)
currentSize : 19 <-- 0.035977 s
currentSize : 21 <-- 0.036197 s
currentSize : 22 <-- 0.036281 s
currentSize : 23 <-- 0.036618 s
currentSize : 24 <-- 0.039133 s
currentSize : 25 <-- 0.054628 s
currentSize : 26 <-- 0.439591 s
currentSize : 27 <-- 1.027397 s
currentSize : 28 <-- 1.224583 s
currentSize : 30 <-- 2.081375 s
currentSize : 31 <-- 2.202316 s
currentSize : 33 <-- 2.237004 s
currentSize : 36 <-- 2.604929 s

maxsize : 36
nodes : 133574.000000
filtered : 6116867.000000
time : 3.958674
