Parameters: GAD=1 vflib=1 dir=0 label=0 lowerbound=1 fileNameGp=../../cp2016-max-common-connected-subgraph-paper/datasets/graphsdb/mcs90/m3D/m3Dr6/mcs90_m3Dr6_s30.A00 fileNameGt=../../cp2016-max-common-connected-subgraph-paper/datasets/graphsdb/mcs90/m3D/m3Dr6/mcs90_m3Dr6_s30.B00
Reading graphs...
30 :  77
30 :  76
Initializing...
maxdom : 30
D->valSize : 900
Solving...
Blb : 2 (clique : 14)
currentSize : 14 <-- 0.010645 s
currentSize : 17 <-- 0.010758 s
currentSize : 18 <-- 0.010923 s
currentSize : 19 <-- 0.013788 s
currentSize : 20 <-- 2.145776 s
currentSize : 21 <-- 2.326624 s
currentSize : 23 <-- 2.326903 s
currentSize : 25 <-- 4.950318 s
currentSize : 27 <-- 4.988017 s

maxsize : 27
nodes : 475925.000000
filtered : 16116158.000000
time : 5.025376
