Parameters: GAD=1 vflib=1 dir=0 label=0 lowerbound=1 fileNameGp=../../cp2016-max-common-connected-subgraph-paper/datasets/graphsdb/mcs90/rand/r01/mcs90_r01_s30.A07 fileNameGt=../../cp2016-max-common-connected-subgraph-paper/datasets/graphsdb/mcs90/rand/r01/mcs90_r01_s30.B07
Reading graphs...
30 :  81
30 :  81
Initializing...
maxdom : 30
D->valSize : 900
Solving...
Blb : 2 (clique : 14)
currentSize : 14 <-- 0.010538 s
currentSize : 16 <-- 0.010653 s
currentSize : 17 <-- 0.010797 s
currentSize : 18 <-- 0.012240 s
currentSize : 19 <-- 0.025276 s
currentSize : 20 <-- 0.049549 s
currentSize : 23 <-- 0.884629 s
currentSize : 24 <-- 0.893801 s
currentSize : 27 <-- 0.896060 s

maxsize : 27
nodes : 106896.000000
filtered : 2945083.000000
time : 0.930168
