Parameters: GAD=1 vflib=1 dir=0 label=0 lowerbound=1 fileNameGp=../../cp2016-max-common-connected-subgraph-paper/datasets/graphsdb/mcs90/bvg/b06/mcs90_b06_s50.A07 fileNameGt=../../cp2016-max-common-connected-subgraph-paper/datasets/graphsdb/mcs90/bvg/b06/mcs90_b06_s50.B07
Reading graphs...
50 :  150
50 :  150
Initializing...
maxdom : 50
D->valSize : 2500
Solving...
Blb : 2 (clique : 37)
currentSize : 37 <-- 0.092133 s
currentSize : 38 <-- 3.630514 s
currentSize : 39 <-- 3.631021 s
currentSize : 40 <-- 3.659106 s
currentSize : 41 <-- 3.854514 s
currentSize : 43 <-- 4.156550 s
currentSize : 45 <-- 5.009476 s
currentSize : 46 <-- 7.707865 s

maxsize : 46
nodes : 110180.000000
filtered : 10132525.000000
time : 10.475273
