Parameters: GAD=1 vflib=1 dir=0 label=0 lowerbound=1 fileNameGp=../../cp2016-max-common-connected-subgraph-paper/datasets/graphsdb/mcs90/rand/r01/mcs90_r01_s25.A08 fileNameGt=../../cp2016-max-common-connected-subgraph-paper/datasets/graphsdb/mcs90/rand/r01/mcs90_r01_s25.B08
Reading graphs...
25 :  56
25 :  57
Initializing...
maxdom : 25
D->valSize : 625
Solving...
Blb : 2 (clique : 12)
currentSize : 12 <-- 0.005225 s
currentSize : 13 <-- 0.005895 s
currentSize : 14 <-- 0.006134 s
currentSize : 15 <-- 0.010433 s
currentSize : 16 <-- 0.031921 s
currentSize : 19 <-- 0.314827 s
currentSize : 21 <-- 0.314908 s
currentSize : 22 <-- 0.314959 s

maxsize : 22
nodes : 45071.000000
filtered : 1080653.000000
time : 0.353424
