Parameters: GAD=1 vflib=1 dir=0 label=0 lowerbound=1 fileNameGp=../../cp2016-max-common-connected-subgraph-paper/datasets/graphsdb/mcs90/m3D/m3Dr4/mcs90_m3Dr4_s30.A04 fileNameGt=../../cp2016-max-common-connected-subgraph-paper/datasets/graphsdb/mcs90/m3D/m3Dr4/mcs90_m3Dr4_s30.B04
Reading graphs...
30 :  73
30 :  73
Initializing...
maxdom : 30
D->valSize : 900
Solving...
Blb : 2 (clique : 13)
currentSize : 13 <-- 0.010699 s
currentSize : 14 <-- 0.010836 s
currentSize : 15 <-- 0.010928 s
currentSize : 16 <-- 0.010956 s
currentSize : 17 <-- 0.025256 s
currentSize : 18 <-- 0.296084 s
currentSize : 19 <-- 0.790344 s
currentSize : 20 <-- 5.460603 s
currentSize : 23 <-- 7.354588 s
currentSize : 25 <-- 8.562220 s
currentSize : 27 <-- 8.858781 s

maxsize : 27
nodes : 824122.000000
filtered : 23680192.000000
time : 8.879756
