Parameters: GAD=1 vflib=1 dir=0 label=0 lowerbound=1 fileNameGp=../../cp2016-max-common-connected-subgraph-paper/datasets/graphsdb/mcs90/bvg/b03/mcs90_b03_s35.A07 fileNameGt=../../cp2016-max-common-connected-subgraph-paper/datasets/graphsdb/mcs90/bvg/b03/mcs90_b03_s35.B07
Reading graphs...
35 :  52
35 :  52
Initializing...
maxdom : 35
D->valSize : 1225
Solving...
Blb : 2 (clique : 20)
currentSize : 20 <-- 0.036885 s
currentSize : 25 <-- 0.037210 s
currentSize : 26 <-- 0.037281 s
currentSize : 27 <-- 0.037544 s
currentSize : 28 <-- 0.039267 s
currentSize : 29 <-- 0.713710 s
currentSize : 30 <-- 0.713871 s
currentSize : 31 <-- 0.819794 s
currentSize : 32 <-- 1.338624 s

maxsize : 32
nodes : 20108.000000
filtered : 1563619.000000
time : 2.522939
