Parameters: GAD=1 vflib=1 dir=0 label=0 lowerbound=1 fileNameGp=../../cp2016-max-common-connected-subgraph-paper/datasets/graphsdb/mcs90/bvg/b03/mcs90_b03_s35.A06 fileNameGt=../../cp2016-max-common-connected-subgraph-paper/datasets/graphsdb/mcs90/bvg/b03/mcs90_b03_s35.B06
Reading graphs...
35 :  52
35 :  52
Initializing...
maxdom : 35
D->valSize : 1225
Solving...
Blb : 2 (clique : 22)
currentSize : 22 <-- 0.021349 s
currentSize : 24 <-- 0.021550 s
currentSize : 25 <-- 0.021575 s
currentSize : 26 <-- 0.021627 s
currentSize : 27 <-- 1.155674 s
currentSize : 28 <-- 1.161764 s
currentSize : 30 <-- 2.546477 s
currentSize : 31 <-- 8.470696 s
currentSize : 32 <-- 9.741515 s

maxsize : 32
nodes : 132773.000000
filtered : 8277779.000000
time : 11.240165
