Parameters: GAD=1 vflib=1 dir=0 label=0 lowerbound=1 fileNameGp=../../cp2016-max-common-connected-subgraph-paper/datasets/graphsdb/mcs90/bvg/b09m/mcs90_b09m_s50.A04 fileNameGt=../../cp2016-max-common-connected-subgraph-paper/datasets/graphsdb/mcs90/bvg/b09m/mcs90_b09m_s50.B04
Reading graphs...
50 :  224
50 :  224
Initializing...
maxdom : 50
D->valSize : 2500
Solving...
Blb : 2 (clique : 19)
currentSize : 19 <-- 0.086086 s
currentSize : 20 <-- 0.097928 s
currentSize : 21 <-- 0.324165 s
currentSize : 22 <-- 45.596935 s
currentSize : 23 <-- 356.828125 s
currentSize : 24 <-- 754.110046 s

TIMEOUT
maxsize : 24
nodes : 109402930.000000
filtered : 3179434341.000000
time : 1000.000000
