Parameters: GAD=1 vflib=1 dir=0 label=0 lowerbound=1 fileNameGp=../../cp2016-max-common-connected-subgraph-paper/datasets/graphsdb/mcs90/m2D/m2Dr6/mcs90_m2Dr6_s50.A09 fileNameGt=../../cp2016-max-common-connected-subgraph-paper/datasets/graphsdb/mcs90/m2D/m2Dr6/mcs90_m2Dr6_s50.B09
Reading graphs...
50 :  112
50 :  110
Initializing...
maxdom : 50
D->valSize : 2500
Solving...
Blb : 2 (clique : 26)
currentSize : 26 <-- 0.165080 s
currentSize : 27 <-- 0.167205 s
currentSize : 28 <-- 0.168366 s
currentSize : 29 <-- 0.350362 s
currentSize : 30 <-- 0.542670 s
currentSize : 31 <-- 27.317377 s

TIMEOUT
maxsize : 31
nodes : 32795875.000000
filtered : 1611706740.000000
time : 1000.000000
