Parameters: GAD=1 vflib=1 dir=0 label=0 lowerbound=1 fileNameGp=../../cp2016-max-common-connected-subgraph-paper/datasets/graphsdb/mcs90/bvg/b06m/mcs90_b06m_s35.A07 fileNameGt=../../cp2016-max-common-connected-subgraph-paper/datasets/graphsdb/mcs90/bvg/b06m/mcs90_b06m_s35.B07
Reading graphs...
35 :  103
35 :  103
Initializing...
maxdom : 35
D->valSize : 1225
Solving...
Blb : 2 (clique : 16)
currentSize : 16 <-- 0.034393 s
currentSize : 17 <-- 0.034772 s
currentSize : 18 <-- 0.040828 s
currentSize : 19 <-- 0.061749 s
currentSize : 21 <-- 0.064309 s
currentSize : 22 <-- 0.080149 s
currentSize : 23 <-- 0.095289 s
currentSize : 28 <-- 0.104941 s
currentSize : 31 <-- 0.107062 s

maxsize : 31
nodes : 9570.000000
filtered : 511166.000000
time : 0.482964
