Parameters: GAD=1 vflib=1 dir=0 label=0 lowerbound=1 fileNameGp=../../cp2016-max-common-connected-subgraph-paper/datasets/graphsdb/mcs90/bvg/b09m/mcs90_b09m_s50.A05 fileNameGt=../../cp2016-max-common-connected-subgraph-paper/datasets/graphsdb/mcs90/bvg/b09m/mcs90_b09m_s50.B05
Reading graphs...
50 :  219
50 :  218
Initializing...
maxdom : 50
D->valSize : 2500
Solving...
Blb : 2 (clique : 17)
currentSize : 17 <-- 0.086553 s
currentSize : 18 <-- 0.086816 s
currentSize : 19 <-- 0.086938 s
currentSize : 20 <-- 0.087305 s
currentSize : 21 <-- 0.094409 s
currentSize : 22 <-- 0.094535 s
currentSize : 23 <-- 2.562867 s
currentSize : 24 <-- 4.148380 s
currentSize : 25 <-- 4.148498 s
currentSize : 27 <-- 410.917725 s
currentSize : 28 <-- 430.690460 s
currentSize : 30 <-- 430.692291 s
currentSize : 37 <-- 549.141541 s
currentSize : 44 <-- 620.689453 s

maxsize : 44
nodes : 36388728.000000
filtered : 1952429063.000000
time : 623.448242
