Parameters: GAD=1 vflib=1 dir=0 label=0 lowerbound=1 fileNameGp=../../cp2016-max-common-connected-subgraph-paper/datasets/graphsdb/mcs90/bvg/b03/mcs90_b03_s40.A01 fileNameGt=../../cp2016-max-common-connected-subgraph-paper/datasets/graphsdb/mcs90/bvg/b03/mcs90_b03_s40.B01
Reading graphs...
40 :  60
40 :  60
Initializing...
maxdom : 40
D->valSize : 1600
Solving...
Blb : 2 (clique : 28)
currentSize : 28 <-- 0.065430 s
currentSize : 29 <-- 0.065901 s
currentSize : 30 <-- 0.065939 s
currentSize : 31 <-- 0.066114 s
currentSize : 32 <-- 0.066339 s
currentSize : 33 <-- 0.066462 s
currentSize : 34 <-- 0.189564 s
currentSize : 36 <-- 0.237199 s
currentSize : 37 <-- 1.030530 s

maxsize : 37
nodes : 9640.000000
filtered : 1437769.000000
time : 3.904182
