Parameters: GAD=1 vflib=1 dir=0 label=0 lowerbound=1 fileNameGp=../../cp2016-max-common-connected-subgraph-paper/datasets/graphsdb/mcs90/bvg/b09m/mcs90_b09m_s25.A07 fileNameGt=../../cp2016-max-common-connected-subgraph-paper/datasets/graphsdb/mcs90/bvg/b09m/mcs90_b09m_s25.B07
Reading graphs...
25 :  110
25 :  109
Initializing...
maxdom : 25
D->valSize : 625
Solving...
Blb : 2 (clique : 10)
currentSize : 10 <-- 0.004656 s
currentSize : 11 <-- 0.005307 s
currentSize : 12 <-- 0.009100 s
currentSize : 13 <-- 0.141129 s
currentSize : 14 <-- 0.141422 s
currentSize : 15 <-- 0.249459 s
currentSize : 16 <-- 0.333363 s
currentSize : 17 <-- 0.377709 s
currentSize : 18 <-- 0.401699 s
currentSize : 20 <-- 0.401746 s
currentSize : 22 <-- 0.401793 s

maxsize : 22
nodes : 104080.000000
filtered : 1464581.000000
time : 0.425162
