Parameters: GAD=1 vflib=1 dir=0 label=0 lowerbound=1 fileNameGp=../../cp2016-max-common-connected-subgraph-paper/datasets/graphsdb/mcs90/bvg/b09m/mcs90_b09m_s25.A03 fileNameGt=../../cp2016-max-common-connected-subgraph-paper/datasets/graphsdb/mcs90/bvg/b09m/mcs90_b09m_s25.B03
Reading graphs...
25 :  111
25 :  111
Initializing...
maxdom : 25
D->valSize : 625
Solving...
Blb : 2 (clique : 10)
currentSize : 10 <-- 0.004669 s
currentSize : 11 <-- 0.009585 s
currentSize : 12 <-- 0.021953 s
currentSize : 13 <-- 0.237649 s
currentSize : 14 <-- 0.839763 s
currentSize : 15 <-- 0.982555 s
currentSize : 16 <-- 1.393633 s
currentSize : 18 <-- 1.614363 s
currentSize : 22 <-- 1.615935 s

maxsize : 22
nodes : 390381.000000
filtered : 6105114.000000
time : 1.635490
