Parameters: GAD=1 vflib=1 dir=0 label=0 lowerbound=1 fileNameGp=../../cp2016-max-common-connected-subgraph-paper/datasets/graphsdb/mcs90/m3D/m3Dr6/mcs90_m3Dr6_s30.A04 fileNameGt=../../cp2016-max-common-connected-subgraph-paper/datasets/graphsdb/mcs90/m3D/m3Dr6/mcs90_m3Dr6_s30.B04
Reading graphs...
30 :  77
30 :  74
Initializing...
maxdom : 30
D->valSize : 900
Solving...
Blb : 2 (clique : 14)
currentSize : 14 <-- 0.010575 s
currentSize : 15 <-- 0.010713 s
currentSize : 16 <-- 0.010775 s
currentSize : 17 <-- 0.013088 s
currentSize : 18 <-- 0.389550 s
currentSize : 19 <-- 0.789984 s
currentSize : 20 <-- 1.316775 s
currentSize : 21 <-- 2.481954 s
currentSize : 24 <-- 2.519028 s
currentSize : 25 <-- 3.216885 s
currentSize : 26 <-- 3.242793 s
currentSize : 27 <-- 3.315671 s

maxsize : 27
nodes : 354742.000000
filtered : 10158069.000000
time : 3.326536
