Parameters: GAD=1 vflib=1 dir=0 label=0 lowerbound=1 fileNameGp=../../cp2016-max-common-connected-subgraph-paper/datasets/graphsdb/mcs90/rand/r02/mcs90_r02_s50.A05 fileNameGt=../../cp2016-max-common-connected-subgraph-paper/datasets/graphsdb/mcs90/rand/r02/mcs90_r02_s50.B05
Reading graphs...
50 :  439
50 :  437
Initializing...
maxdom : 50
D->valSize : 2500
Solving...
Blb : 2 (clique : 13)
currentSize : 13 <-- 0.075706 s
currentSize : 14 <-- 0.076469 s
currentSize : 15 <-- 0.273835 s
currentSize : 16 <-- 2.543527 s
currentSize : 17 <-- 464.824921 s
currentSize : 18 <-- 470.078339 s
currentSize : 19 <-- 470.078918 s
currentSize : 20 <-- 507.888306 s
currentSize : 21 <-- 530.012268 s
currentSize : 25 <-- 567.380066 s
currentSize : 32 <-- 698.721436 s

TIMEOUT
maxsize : 32
nodes : 178261554.000000
filtered : 3836096668.000000
time : 1000.000000
