Parameters: GAD=1 vflib=1 dir=0 label=0 lowerbound=1 fileNameGp=../../cp2016-max-common-connected-subgraph-paper/datasets/graphsdb/mcs90/m2D/m2Dr6/mcs90_m2Dr6_s30.A08 fileNameGt=../../cp2016-max-common-connected-subgraph-paper/datasets/graphsdb/mcs90/m2D/m2Dr6/mcs90_m2Dr6_s30.B08
Reading graphs...
30 :  66
30 :  66
Initializing...
maxdom : 30
D->valSize : 900
Solving...
Blb : 2 (clique : 17)
currentSize : 17 <-- 0.018897 s
currentSize : 18 <-- 0.019111 s
currentSize : 19 <-- 0.019389 s
currentSize : 20 <-- 8.333427 s
currentSize : 21 <-- 18.383488 s
currentSize : 22 <-- 36.389706 s
currentSize : 23 <-- 36.389763 s
currentSize : 24 <-- 37.019260 s
currentSize : 25 <-- 37.019306 s

maxsize : 25
nodes : 2201422.000000
filtered : 76637707.000000
time : 37.899288
