Parameters: GAD=1 vflib=1 dir=0 label=0 lowerbound=1 fileNameGp=../../cp2016-max-common-connected-subgraph-paper/datasets/graphsdb/mcs90/bvg/b09/mcs90_b09_s30.A05 fileNameGt=../../cp2016-max-common-connected-subgraph-paper/datasets/graphsdb/mcs90/bvg/b09/mcs90_b09_s30.B05
Reading graphs...
30 :  135
30 :  135
Initializing...
maxdom : 30
D->valSize : 900
Solving...
Blb : 3 (clique : 13)
currentSize : 13 <-- 0.009723 s
currentSize : 14 <-- 0.009858 s
currentSize : 15 <-- 0.022892 s
currentSize : 16 <-- 0.046418 s
currentSize : 17 <-- 0.046458 s
currentSize : 18 <-- 0.046529 s
currentSize : 20 <-- 0.046599 s
currentSize : 22 <-- 0.046769 s
currentSize : 26 <-- 0.060851 s
currentSize : 27 <-- 0.121807 s

maxsize : 27
nodes : 18342.000000
filtered : 711686.000000
time : 0.199385
