Parameters: GAD=1 vflib=1 dir=0 label=0 lowerbound=1 fileNameGp=../../cp2016-max-common-connected-subgraph-paper/datasets/graphsdb/mcs90/rand/r02/mcs90_r02_s30.A03 fileNameGt=../../cp2016-max-common-connected-subgraph-paper/datasets/graphsdb/mcs90/rand/r02/mcs90_r02_s30.B03
Reading graphs...
30 :  157
30 :  155
Initializing...
maxdom : 30
D->valSize : 900
Solving...
Blb : 5 (clique : 11)
currentSize : 11 <-- 0.016287 s
currentSize : 12 <-- 0.016579 s
currentSize : 13 <-- 0.021088 s
currentSize : 14 <-- 0.392683 s
currentSize : 16 <-- 0.470595 s
currentSize : 19 <-- 1.930400 s
currentSize : 27 <-- 1.930990 s

maxsize : 27
nodes : 451034.000000
filtered : 6611285.000000
time : 1.971932
