Parameters: GAD=1 vflib=1 dir=0 label=0 lowerbound=1 fileNameGp=../../cp2016-max-common-connected-subgraph-paper/datasets/graphsdb/mcs90/m3D/m3Dr2/mcs90_m3Dr2_s30.A00 fileNameGt=../../cp2016-max-common-connected-subgraph-paper/datasets/graphsdb/mcs90/m3D/m3Dr2/mcs90_m3Dr2_s30.B00
Reading graphs...
30 :  67
30 :  66
Initializing...
maxdom : 30
D->valSize : 900
Solving...
Blb : 2 (clique : 18)
currentSize : 18 <-- 0.010765 s
currentSize : 19 <-- 0.020260 s
currentSize : 20 <-- 0.028430 s
currentSize : 22 <-- 0.031650 s
currentSize : 23 <-- 1.036994 s
currentSize : 24 <-- 2.739038 s
currentSize : 25 <-- 2.871830 s
currentSize : 27 <-- 2.888778 s

maxsize : 27
nodes : 178018.000000
filtered : 7205435.000000
time : 3.002959
