Parameters: GAD=1 vflib=1 dir=0 label=0 lowerbound=1 fileNameGp=../../cp2016-max-common-connected-subgraph-paper/datasets/graphsdb/mcs90/bvg/b09/mcs90_b09_s25.A09 fileNameGt=../../cp2016-max-common-connected-subgraph-paper/datasets/graphsdb/mcs90/bvg/b09/mcs90_b09_s25.B09
Reading graphs...
25 :  112
25 :  112
Initializing...
maxdom : 25
D->valSize : 625
Solving...
Blb : 2 (clique : 10)
currentSize : 10 <-- 0.004789 s
currentSize : 11 <-- 0.004867 s
currentSize : 12 <-- 0.004893 s
currentSize : 13 <-- 0.008795 s
currentSize : 14 <-- 0.009232 s
currentSize : 16 <-- 0.009370 s
currentSize : 17 <-- 0.013047 s
currentSize : 18 <-- 0.013250 s
currentSize : 22 <-- 0.013332 s

maxsize : 22
nodes : 6068.000000
filtered : 284654.000000
time : 0.082010
