Parameters: GAD=1 vflib=1 dir=0 label=0 lowerbound=1 fileNameGp=../../cp2016-max-common-connected-subgraph-paper/datasets/graphsdb/mcs90/bvg/b03m/mcs90_b03m_s50.A00 fileNameGt=../../cp2016-max-common-connected-subgraph-paper/datasets/graphsdb/mcs90/bvg/b03m/mcs90_b03m_s50.B00
Reading graphs...
50 :  74
50 :  74
Initializing...
maxdom : 50
D->valSize : 2500
Solving...
Blb : 2 (clique : 32)
currentSize : 32 <-- 0.171496 s
currentSize : 33 <-- 0.172261 s
currentSize : 34 <-- 0.175040 s
currentSize : 35 <-- 0.393017 s
currentSize : 36 <-- 0.393275 s
currentSize : 37 <-- 5.604355 s
currentSize : 38 <-- 7.703390 s
currentSize : 39 <-- 28.381062 s
currentSize : 40 <-- 832.293335 s

TIMEOUT
maxsize : 40
nodes : 5150323.000000
filtered : 608287882.000000
time : 1000.000549
