Parameters: GAD=1 vflib=1 dir=0 label=0 lowerbound=1 fileNameGp=../../cp2016-max-common-connected-subgraph-paper/datasets/graphsdb/mcs90/bvg/b03m/mcs90_b03m_s50.A04 fileNameGt=../../cp2016-max-common-connected-subgraph-paper/datasets/graphsdb/mcs90/bvg/b03m/mcs90_b03m_s50.B04
Reading graphs...
50 :  74
50 :  74
Initializing...
maxdom : 50
D->valSize : 2500
Solving...
Blb : 2 (clique : 31)
currentSize : 31 <-- 0.170428 s
currentSize : 32 <-- 0.172362 s
currentSize : 33 <-- 0.191726 s
currentSize : 34 <-- 1.223525 s
currentSize : 35 <-- 12.204454 s
currentSize : 36 <-- 13.712113 s
currentSize : 37 <-- 67.372147 s

TIMEOUT
maxsize : 37
nodes : 5335365.000000
filtered : 470142228.000000
time : 1000.000122
