Parameters: GAD=1 vflib=1 dir=0 label=0 lowerbound=1 fileNameGp=../../cp2016-max-common-connected-subgraph-paper/datasets/graphsdb/mcs90/m2D/m2Dr4/mcs90_m2Dr4_s30.A01 fileNameGt=../../cp2016-max-common-connected-subgraph-paper/datasets/graphsdb/mcs90/m2D/m2Dr4/mcs90_m2Dr4_s30.B01
Reading graphs...
30 :  61
30 :  60
Initializing...
maxdom : 30
D->valSize : 900
Solving...
Blb : 5 (clique : 16)
currentSize : 16 <-- 0.011023 s
currentSize : 17 <-- 0.011149 s
currentSize : 18 <-- 0.011202 s
currentSize : 19 <-- 0.011502 s
currentSize : 20 <-- 1.240978 s
currentSize : 21 <-- 5.230596 s
currentSize : 23 <-- 5.446252 s
currentSize : 24 <-- 5.887269 s
currentSize : 25 <-- 11.395201 s

maxsize : 25
nodes : 550636.000000
filtered : 24628392.000000
time : 11.854990
