Parameters: GAD=1 vflib=1 dir=0 label=0 lowerbound=1 fileNameGp=../../cp2016-max-common-connected-subgraph-paper/datasets/graphsdb/mcs90/m3D/m3Dr6/mcs90_m3Dr6_s30.A02 fileNameGt=../../cp2016-max-common-connected-subgraph-paper/datasets/graphsdb/mcs90/m3D/m3Dr6/mcs90_m3Dr6_s30.B02
Reading graphs...
30 :  76
30 :  75
Initializing...
maxdom : 30
D->valSize : 900
Solving...
Blb : 2 (clique : 14)
currentSize : 14 <-- 0.010641 s
currentSize : 15 <-- 0.010810 s
currentSize : 16 <-- 0.012312 s
currentSize : 17 <-- 0.014563 s
currentSize : 18 <-- 1.140506 s
currentSize : 19 <-- 2.919295 s
currentSize : 20 <-- 29.310553 s
currentSize : 21 <-- 33.469521 s
currentSize : 27 <-- 33.471794 s

maxsize : 27
nodes : 2765811.000000
filtered : 79358811.000000
time : 33.599747
