Parameters: GAD=1 vflib=1 dir=0 label=0 lowerbound=1 fileNameGp=../../cp2016-max-common-connected-subgraph-paper/datasets/graphsdb/mcs90/bvg/b09m/mcs90_b09m_s50.A07 fileNameGt=../../cp2016-max-common-connected-subgraph-paper/datasets/graphsdb/mcs90/bvg/b09m/mcs90_b09m_s50.B07
Reading graphs...
50 :  221
50 :  221
Initializing...
maxdom : 50
D->valSize : 2500
Solving...
Blb : 2 (clique : 17)
currentSize : 17 <-- 0.086834 s
currentSize : 18 <-- 0.087160 s
currentSize : 19 <-- 0.087449 s
currentSize : 20 <-- 0.104598 s
currentSize : 21 <-- 3.172908 s
currentSize : 22 <-- 51.281883 s
currentSize : 23 <-- 66.539627 s
currentSize : 24 <-- 245.088226 s
currentSize : 28 <-- 246.205017 s
currentSize : 29 <-- 414.189941 s

TIMEOUT
maxsize : 29
nodes : 78844721.000000
filtered : 3503328980.000000
time : 1000.000183
