Parameters: GAD=1 vflib=1 dir=0 label=0 lowerbound=1 fileNameGp=../../cp2016-max-common-connected-subgraph-paper/datasets/graphsdb/mcs90/rand/r01/mcs90_r01_s50.A04 fileNameGt=../../cp2016-max-common-connected-subgraph-paper/datasets/graphsdb/mcs90/rand/r01/mcs90_r01_s50.B04
Reading graphs...
50 :  226
50 :  228
Initializing...
maxdom : 50
D->valSize : 2500
Solving...
Blb : 2 (clique : 16)
currentSize : 16 <-- 0.086499 s
currentSize : 18 <-- 0.086744 s
currentSize : 19 <-- 0.086838 s
currentSize : 20 <-- 0.136340 s
currentSize : 21 <-- 0.977209 s
currentSize : 22 <-- 10.608060 s
currentSize : 24 <-- 31.947245 s
currentSize : 25 <-- 34.145435 s
currentSize : 26 <-- 46.997433 s
currentSize : 27 <-- 68.591232 s
currentSize : 28 <-- 72.135117 s
currentSize : 29 <-- 105.638786 s
currentSize : 31 <-- 137.229156 s
currentSize : 33 <-- 137.244797 s
currentSize : 34 <-- 154.639969 s
currentSize : 45 <-- 154.790817 s

maxsize : 45
nodes : 14033824.000000
filtered : 564630592.000000
time : 157.303726
