Parameters: GAD=1 vflib=1 dir=0 label=0 lowerbound=1 fileNameGp=../../cp2016-max-common-connected-subgraph-paper/datasets/graphsdb/mcs90/rand/r01/mcs90_r01_s40.A00 fileNameGt=../../cp2016-max-common-connected-subgraph-paper/datasets/graphsdb/mcs90/rand/r01/mcs90_r01_s40.B00
Reading graphs...
40 :  144
40 :  143
Initializing...
maxdom : 40
D->valSize : 1600
Solving...
Blb : 2 (clique : 15)
currentSize : 15 <-- 0.032971 s
currentSize : 16 <-- 0.033166 s
currentSize : 17 <-- 0.033309 s
currentSize : 18 <-- 0.034178 s
currentSize : 19 <-- 0.045346 s
currentSize : 20 <-- 0.055625 s
currentSize : 21 <-- 27.866224 s
currentSize : 22 <-- 291.116547 s
currentSize : 23 <-- 482.957886 s
currentSize : 24 <-- 519.967102 s
currentSize : 25 <-- 524.193787 s
currentSize : 26 <-- 596.660339 s
currentSize : 28 <-- 697.936462 s
currentSize : 29 <-- 721.684326 s
currentSize : 30 <-- 735.864685 s
currentSize : 36 <-- 735.993225 s

maxsize : 36
nodes : 78778501.000000
filtered : 2537541547.000000
time : 736.427673
