Parameters: GAD=1 vflib=1 dir=0 label=0 lowerbound=1 fileNameGp=../../cp2016-max-common-connected-subgraph-paper/datasets/graphsdb/mcs90/bvg/b06/mcs90_b06_s25.A06 fileNameGt=../../cp2016-max-common-connected-subgraph-paper/datasets/graphsdb/mcs90/bvg/b06/mcs90_b06_s25.B06
Reading graphs...
25 :  75
25 :  74
Initializing...
maxdom : 25
D->valSize : 625
Solving...
Blb : 2 (clique : 13)
currentSize : 13 <-- 0.005027 s
currentSize : 14 <-- 0.005204 s
currentSize : 15 <-- 0.005346 s
currentSize : 16 <-- 0.005424 s
currentSize : 17 <-- 0.007057 s
currentSize : 18 <-- 0.010302 s
currentSize : 19 <-- 0.010339 s
currentSize : 21 <-- 0.010428 s
currentSize : 22 <-- 0.013286 s

maxsize : 22
nodes : 2791.000000
filtered : 132699.000000
time : 0.087668
