Parameters: GAD=1 vflib=1 dir=0 label=0 lowerbound=1 fileNameGp=../../cp2016-max-common-connected-subgraph-paper/datasets/graphsdb/mcs90/m2D/m2Dr2/mcs90_m2Dr2_s40.A00 fileNameGt=../../cp2016-max-common-connected-subgraph-paper/datasets/graphsdb/mcs90/m2D/m2Dr2/mcs90_m2Dr2_s40.B00
Reading graphs...
40 :  75
40 :  74
Initializing...
maxdom : 40
D->valSize : 1600
Solving...
Blb : 2 (clique : 23)
currentSize : 23 <-- 0.037043 s
currentSize : 24 <-- 0.037324 s
currentSize : 25 <-- 0.038433 s
currentSize : 26 <-- 4.788933 s
currentSize : 27 <-- 9.737806 s
currentSize : 28 <-- 30.180368 s
currentSize : 29 <-- 30.207960 s
currentSize : 30 <-- 31.873465 s
currentSize : 31 <-- 84.257202 s
currentSize : 33 <-- 399.398804 s
currentSize : 37 <-- 399.414215 s

maxsize : 37
nodes : 7869170.000000
filtered : 540424438.000000
time : 399.776886
