Parameters: GAD=1 vflib=1 dir=0 label=0 lowerbound=1 fileNameGp=../../cp2016-max-common-connected-subgraph-paper/datasets/graphsdb/mcs90/bvg/b06m/mcs90_b06m_s35.A06 fileNameGt=../../cp2016-max-common-connected-subgraph-paper/datasets/graphsdb/mcs90/bvg/b06m/mcs90_b06m_s35.B06
Reading graphs...
35 :  104
35 :  104
Initializing...
maxdom : 35
D->valSize : 1225
Solving...
Blb : 3 (clique : 17)
currentSize : 17 <-- 0.019320 s
currentSize : 18 <-- 0.019958 s
currentSize : 19 <-- 0.026656 s
currentSize : 20 <-- 5.261953 s
currentSize : 21 <-- 15.557473 s
currentSize : 22 <-- 42.593166 s
currentSize : 23 <-- 46.639305 s
currentSize : 24 <-- 97.560089 s
currentSize : 26 <-- 97.560150 s
currentSize : 27 <-- 97.560333 s
currentSize : 28 <-- 104.453049 s
currentSize : 31 <-- 104.453651 s

maxsize : 31
nodes : 5672534.000000
filtered : 267309721.000000
time : 104.660927
