Parameters: GAD=1 vflib=1 dir=0 label=0 lowerbound=1 fileNameGp=../../cp2016-max-common-connected-subgraph-paper/datasets/graphsdb/mcs90/bvg/b09/mcs90_b09_s40.A00 fileNameGt=../../cp2016-max-common-connected-subgraph-paper/datasets/graphsdb/mcs90/bvg/b09/mcs90_b09_s40.B00
Reading graphs...
40 :  180
40 :  179
Initializing...
maxdom : 40
D->valSize : 1600
Solving...
Blb : 2 (clique : 21)
currentSize : 21 <-- 0.031990 s
currentSize : 22 <-- 0.032383 s
currentSize : 23 <-- 0.032505 s
currentSize : 24 <-- 0.033501 s
currentSize : 26 <-- 0.033567 s
currentSize : 30 <-- 0.033950 s
currentSize : 32 <-- 0.034026 s
currentSize : 36 <-- 0.044668 s

maxsize : 36
nodes : 25259.000000
filtered : 2546833.000000
time : 0.824517
