Parameters: GAD=1 vflib=1 dir=0 label=0 lowerbound=1 fileNameGp=../../cp2016-max-common-connected-subgraph-paper/datasets/graphsdb/mcs90/rand/r005/mcs90_r005_s35.A01 fileNameGt=../../cp2016-max-common-connected-subgraph-paper/datasets/graphsdb/mcs90/rand/r005/mcs90_r005_s35.B01
Reading graphs...
35 :  57
35 :  57
Initializing...
maxdom : 35
D->valSize : 1225
Solving...
Blb : 2 (clique : 20)
currentSize : 20 <-- 0.021305 s
currentSize : 22 <-- 0.021483 s
currentSize : 23 <-- 0.087664 s
currentSize : 24 <-- 0.122626 s
currentSize : 25 <-- 0.500768 s
currentSize : 26 <-- 5.714974 s
currentSize : 27 <-- 5.872325 s
currentSize : 30 <-- 6.173499 s
currentSize : 31 <-- 12.157708 s

maxsize : 31
nodes : 214108.000000
filtered : 12955367.000000
time : 12.636577
