Parameters: GAD=1 vflib=1 dir=0 label=0 lowerbound=1 fileNameGp=../../cp2016-max-common-connected-subgraph-paper/datasets/graphsdb/mcs90/m2D/m2Dr6/mcs90_m2Dr6_s40.A06 fileNameGt=../../cp2016-max-common-connected-subgraph-paper/datasets/graphsdb/mcs90/m2D/m2Dr6/mcs90_m2Dr6_s40.B06
Reading graphs...
40 :  91
40 :  90
Initializing...
maxdom : 40
D->valSize : 1600
Solving...
Blb : 2 (clique : 20)
currentSize : 20 <-- 0.035403 s
currentSize : 21 <-- 0.039066 s
currentSize : 22 <-- 0.040396 s
currentSize : 23 <-- 0.084245 s
currentSize : 24 <-- 0.749292 s
currentSize : 25 <-- 137.103943 s
currentSize : 26 <-- 495.468323 s

TIMEOUT
maxsize : 26
nodes : 50139296.000000
filtered : 2209712627.000000
time : 1000.000183
