Parameters: GAD=1 vflib=1 dir=0 label=0 lowerbound=1 fileNameGp=../../cp2016-max-common-connected-subgraph-paper/datasets/graphsdb/mcs90/bvg/b03/mcs90_b03_s50.A07 fileNameGt=../../cp2016-max-common-connected-subgraph-paper/datasets/graphsdb/mcs90/bvg/b03/mcs90_b03_s50.B07
Reading graphs...
50 :  75
50 :  75
Initializing...
maxdom : 50
D->valSize : 2500
Solving...
Blb : 2 (clique : 39)
currentSize : 39 <-- 0.098839 s
currentSize : 41 <-- 0.099344 s
currentSize : 42 <-- 0.580936 s
currentSize : 43 <-- 0.598366 s
currentSize : 44 <-- 40.131474 s
currentSize : 45 <-- 56.500626 s
currentSize : 46 <-- 94.555923 s

maxsize : 46
nodes : 275327.000000
filtered : 44994546.000000
time : 120.562073
