Parameters: GAD=1 vflib=1 dir=0 label=0 lowerbound=1 fileNameGp=../../cp2016-max-common-connected-subgraph-paper/datasets/graphsdb/mcs90/m2D/m2Dr2/mcs90_m2Dr2_s50.A08 fileNameGt=../../cp2016-max-common-connected-subgraph-paper/datasets/graphsdb/mcs90/m2D/m2Dr2/mcs90_m2Dr2_s50.B08
Reading graphs...
50 :  95
50 :  95
Initializing...
maxdom : 50
D->valSize : 2500
Solving...
Blb : 2 (clique : 32)
currentSize : 32 <-- 0.126353 s
currentSize : 33 <-- 0.439494 s
currentSize : 34 <-- 1.563063 s
currentSize : 35 <-- 4.676100 s
currentSize : 36 <-- 77.865631 s
currentSize : 37 <-- 548.863770 s
currentSize : 38 <-- 550.951721 s

TIMEOUT
maxsize : 38
nodes : 12308939.000000
filtered : 999352303.000000
time : 1000.000305
