Parameters: GAD=1 vflib=1 dir=0 label=0 lowerbound=1 fileNameGp=../../cp2016-max-common-connected-subgraph-paper/datasets/graphsdb/mcs90/bvg/b09m/mcs90_b09m_s35.A02 fileNameGt=../../cp2016-max-common-connected-subgraph-paper/datasets/graphsdb/mcs90/bvg/b09m/mcs90_b09m_s35.B02
Reading graphs...
35 :  149
35 :  151
Initializing...
maxdom : 35
D->valSize : 1225
Solving...
Blb : 5 (clique : 14)
currentSize : 14 <-- 0.018376 s
currentSize : 15 <-- 0.019427 s
currentSize : 16 <-- 0.111339 s
currentSize : 17 <-- 4.834779 s
currentSize : 19 <-- 10.467612 s
currentSize : 22 <-- 54.914001 s
currentSize : 23 <-- 89.606781 s
currentSize : 30 <-- 89.610153 s

maxsize : 30
nodes : 12018215.000000
filtered : 361497629.000000
time : 90.117043
