Parameters: GAD=1 vflib=1 dir=0 label=0 lowerbound=1 fileNameGp=../../cp2016-max-common-connected-subgraph-paper/datasets/graphsdb/mcs90/m3D/m3Dr4/mcs90_m3Dr4_s30.A07 fileNameGt=../../cp2016-max-common-connected-subgraph-paper/datasets/graphsdb/mcs90/m3D/m3Dr4/mcs90_m3Dr4_s30.B07
Reading graphs...
30 :  73
30 :  72
Initializing...
maxdom : 30
D->valSize : 900
Solving...
Blb : 2 (clique : 17)
currentSize : 17 <-- 0.010741 s
currentSize : 18 <-- 2.291305 s
currentSize : 19 <-- 4.868931 s
currentSize : 20 <-- 7.577226 s
currentSize : 21 <-- 7.578528 s
currentSize : 23 <-- 7.592071 s
currentSize : 27 <-- 7.593665 s

maxsize : 27
nodes : 985048.000000
filtered : 21988163.000000
time : 7.650930
