Parameters: GAD=1 vflib=1 dir=0 label=0 lowerbound=1 fileNameGp=../../cp2016-max-common-connected-subgraph-paper/datasets/graphsdb/mcs90/bvg/b03/mcs90_b03_s30.A04 fileNameGt=../../cp2016-max-common-connected-subgraph-paper/datasets/graphsdb/mcs90/bvg/b03/mcs90_b03_s30.B04
Reading graphs...
30 :  45
30 :  45
Initializing...
maxdom : 30
D->valSize : 900
Solving...
Blb : 2 (clique : 19)
currentSize : 19 <-- 0.020116 s
currentSize : 20 <-- 0.020730 s
currentSize : 21 <-- 0.021595 s
currentSize : 22 <-- 0.024450 s
currentSize : 23 <-- 0.027336 s
currentSize : 24 <-- 0.230204 s
currentSize : 26 <-- 0.476801 s
currentSize : 27 <-- 0.562820 s

maxsize : 27
nodes : 24493.000000
filtered : 980927.000000
time : 1.020855
