Parameters: GAD=1 vflib=1 dir=0 label=0 lowerbound=1 fileNameGp=../../cp2016-max-common-connected-subgraph-paper/datasets/graphsdb/mcs90/m2D/m2Dr6/mcs90_m2Dr6_s40.A01 fileNameGt=../../cp2016-max-common-connected-subgraph-paper/datasets/graphsdb/mcs90/m2D/m2Dr6/mcs90_m2Dr6_s40.B01
Reading graphs...
40 :  90
40 :  87
Initializing...
maxdom : 40
D->valSize : 1600
Solving...
Blb : 2 (clique : 21)
currentSize : 21 <-- 0.035589 s
currentSize : 22 <-- 0.035831 s
currentSize : 23 <-- 0.035976 s
currentSize : 24 <-- 0.040465 s
currentSize : 25 <-- 0.040545 s
currentSize : 26 <-- 0.056265 s
currentSize : 28 <-- 697.090393 s
currentSize : 29 <-- 698.197632 s

TIMEOUT
maxsize : 29
nodes : 31011570.000000
filtered : 1648418688.000000
time : 1000.000366
