Parameters: GAD=1 vflib=1 dir=0 label=0 lowerbound=1 fileNameGp=../../cp2016-max-common-connected-subgraph-paper/datasets/graphsdb/mcs90/bvg/b06m/mcs90_b06m_s50.A02 fileNameGt=../../cp2016-max-common-connected-subgraph-paper/datasets/graphsdb/mcs90/bvg/b06m/mcs90_b06m_s50.B02
Reading graphs...
50 :  149
50 :  149
Initializing...
maxdom : 50
D->valSize : 2500
Solving...
Blb : 2 (clique : 21)
currentSize : 21 <-- 0.092285 s
currentSize : 22 <-- 0.092596 s
currentSize : 23 <-- 0.122567 s
currentSize : 24 <-- 0.195042 s
currentSize : 25 <-- 0.230499 s
currentSize : 26 <-- 3.368493 s
currentSize : 27 <-- 67.751549 s

TIMEOUT
maxsize : 27
nodes : 40039658.000000
filtered : 1883392948.000000
time : 1000.000366
