Parameters: GAD=1 vflib=1 dir=0 label=0 lowerbound=1 fileNameGp=../../cp2016-max-common-connected-subgraph-paper/datasets/graphsdb/mcs90/m2D/m2Dr4/mcs90_m2Dr4_s50.A03 fileNameGt=../../cp2016-max-common-connected-subgraph-paper/datasets/graphsdb/mcs90/m2D/m2Dr4/mcs90_m2Dr4_s50.B03
Reading graphs...
50 :  103
50 :  100
Initializing...
maxdom : 50
D->valSize : 2500
Solving...
Blb : 2 (clique : 27)
currentSize : 27 <-- 0.096501 s
currentSize : 28 <-- 0.096879 s
currentSize : 29 <-- 0.096905 s
currentSize : 30 <-- 0.110313 s
currentSize : 31 <-- 0.350156 s
currentSize : 32 <-- 5.493167 s
currentSize : 33 <-- 23.469875 s
currentSize : 34 <-- 266.120392 s

TIMEOUT
maxsize : 34
nodes : 11921525.000000
filtered : 877871360.000000
time : 1000.000061
