Parameters: GAD=1 vflib=1 dir=0 label=0 lowerbound=1 fileNameGp=../../cp2016-max-common-connected-subgraph-paper/datasets/graphsdb/mcs90/rand/r02/mcs90_r02_s30.A07 fileNameGt=../../cp2016-max-common-connected-subgraph-paper/datasets/graphsdb/mcs90/rand/r02/mcs90_r02_s30.B07
Reading graphs...
30 :  157
30 :  160
Initializing...
maxdom : 30
D->valSize : 900
Solving...
Blb : 2 (clique : 10)
currentSize : 10 <-- 0.009521 s
currentSize : 11 <-- 0.009617 s
currentSize : 12 <-- 0.013230 s
currentSize : 13 <-- 0.034553 s
currentSize : 14 <-- 0.041708 s
currentSize : 19 <-- 0.064276 s
currentSize : 20 <-- 0.378893 s
currentSize : 27 <-- 0.379134 s

maxsize : 27
nodes : 69218.000000
filtered : 1775637.000000
time : 0.434305
