Parameters: GAD=1 vflib=1 dir=0 label=0 lowerbound=1 fileNameGp=../../cp2016-max-common-connected-subgraph-paper/datasets/graphsdb/mcs90/bvg/b03/mcs90_b03_s50.A08 fileNameGt=../../cp2016-max-common-connected-subgraph-paper/datasets/graphsdb/mcs90/bvg/b03/mcs90_b03_s50.B08
Reading graphs...
50 :  75
50 :  75
Initializing...
maxdom : 50
D->valSize : 2500
Solving...
Blb : 2 (clique : 34)
currentSize : 34 <-- 0.099097 s
currentSize : 36 <-- 0.099562 s
currentSize : 37 <-- 0.101044 s
currentSize : 38 <-- 0.112408 s
currentSize : 39 <-- 23.885712 s
currentSize : 40 <-- 34.694721 s
currentSize : 41 <-- 102.172562 s
currentSize : 42 <-- 148.565628 s
currentSize : 43 <-- 148.605438 s
currentSize : 44 <-- 180.806000 s
currentSize : 45 <-- 180.806030 s

maxsize : 45
nodes : 2525755.000000
filtered : 278480174.000000
time : 969.558289
