Parameters: GAD=1 vflib=1 dir=0 label=0 lowerbound=1 fileNameGp=../../cp2016-max-common-connected-subgraph-paper/datasets/graphsdb/mcs90/bvg/b06/mcs90_b06_s40.A08 fileNameGt=../../cp2016-max-common-connected-subgraph-paper/datasets/graphsdb/mcs90/bvg/b06/mcs90_b06_s40.B08
Reading graphs...
40 :  120
40 :  119
Initializing...
maxdom : 40
D->valSize : 1600
Solving...
Blb : 2 (clique : 24)
currentSize : 24 <-- 0.034307 s
currentSize : 25 <-- 0.041242 s
currentSize : 26 <-- 0.060777 s
currentSize : 27 <-- 0.064985 s
currentSize : 29 <-- 0.129060 s
currentSize : 30 <-- 0.129114 s
currentSize : 31 <-- 0.131209 s
currentSize : 32 <-- 0.148975 s
currentSize : 34 <-- 0.185397 s
currentSize : 36 <-- 0.298548 s

maxsize : 36
nodes : 44335.000000
filtered : 2661132.000000
time : 2.235525
