Parameters: GAD=1 vflib=1 dir=0 label=0 lowerbound=1 fileNameGp=../../cp2016-max-common-connected-subgraph-paper/datasets/graphsdb/mcs90/rand/r005/mcs90_r005_s50.A06 fileNameGt=../../cp2016-max-common-connected-subgraph-paper/datasets/graphsdb/mcs90/rand/r005/mcs90_r005_s50.B06
Reading graphs...
50 :  120
50 :  120
Initializing...
maxdom : 50
D->valSize : 2500
Solving...
Blb : 2 (clique : 25)
currentSize : 25 <-- 0.094386 s
currentSize : 26 <-- 0.095522 s
currentSize : 27 <-- 0.100802 s
currentSize : 28 <-- 0.684487 s
currentSize : 29 <-- 1.025379 s
currentSize : 30 <-- 25.172892 s
currentSize : 31 <-- 119.119308 s

TIMEOUT
maxsize : 31
nodes : 19183876.000000
filtered : 1381563945.000000
time : 1000.000000
