Parameters: GAD=1 vflib=1 dir=0 label=0 lowerbound=1 fileNameGp=../../cp2016-max-common-connected-subgraph-paper/datasets/graphsdb/mcs90/rand/r02/mcs90_r02_s35.A03 fileNameGt=../../cp2016-max-common-connected-subgraph-paper/datasets/graphsdb/mcs90/rand/r02/mcs90_r02_s35.B03
Reading graphs...
35 :  216
35 :  216
Initializing...
maxdom : 35
D->valSize : 1225
Solving...
Blb : 5 (clique : 12)
currentSize : 12 <-- 0.017440 s
currentSize : 13 <-- 0.020815 s
currentSize : 14 <-- 0.069302 s
currentSize : 15 <-- 0.116492 s
currentSize : 16 <-- 0.164992 s
currentSize : 18 <-- 0.165173 s
currentSize : 19 <-- 0.339633 s
currentSize : 21 <-- 0.339905 s
currentSize : 31 <-- 0.340237 s

maxsize : 31
nodes : 84610.000000
filtered : 1867115.000000
time : 0.560094
