Parameters: GAD=1 vflib=1 dir=0 label=0 lowerbound=1 fileNameGp=../../cp2016-max-common-connected-subgraph-paper/datasets/graphsdb/mcs90/bvg/b06m/mcs90_b06m_s40.A01 fileNameGt=../../cp2016-max-common-connected-subgraph-paper/datasets/graphsdb/mcs90/bvg/b06m/mcs90_b06m_s40.B01
Reading graphs...
40 :  117
40 :  118
Initializing...
maxdom : 40
D->valSize : 1600
Solving...
Blb : 2 (clique : 18)
currentSize : 18 <-- 0.033947 s
currentSize : 19 <-- 0.034393 s
currentSize : 20 <-- 0.035669 s
currentSize : 21 <-- 0.084455 s
currentSize : 22 <-- 0.318046 s
currentSize : 23 <-- 84.260757 s
currentSize : 24 <-- 886.205750 s

TIMEOUT
maxsize : 24
nodes : 60644156.000000
filtered : 2572537947.000000
time : 1000.000000
