Parameters: GAD=1 vflib=1 dir=0 label=0 lowerbound=1 fileNameGp=../../cp2016-max-common-connected-subgraph-paper/datasets/graphsdb/mcs90/rand/r01/mcs90_r01_s35.A03 fileNameGt=../../cp2016-max-common-connected-subgraph-paper/datasets/graphsdb/mcs90/rand/r01/mcs90_r01_s35.B03
Reading graphs...
35 :  115
35 :  114
Initializing...
maxdom : 35
D->valSize : 1225
Solving...
Blb : 2 (clique : 15)
currentSize : 15 <-- 0.019295 s
currentSize : 16 <-- 0.020594 s
currentSize : 17 <-- 0.053275 s
currentSize : 18 <-- 0.162729 s
currentSize : 19 <-- 3.125532 s
currentSize : 20 <-- 8.756010 s
currentSize : 21 <-- 8.759535 s
currentSize : 23 <-- 29.903116 s
currentSize : 24 <-- 29.903225 s
currentSize : 25 <-- 29.981028 s
currentSize : 31 <-- 29.981236 s

maxsize : 31
nodes : 3997152.000000
filtered : 97681090.000000
time : 30.164717
