Parameters: GAD=1 vflib=1 dir=0 label=0 lowerbound=1 fileNameGp=../../cp2016-max-common-connected-subgraph-paper/datasets/graphsdb/mcs90/m2D/m2D/mcs90_m2D_s50.A05 fileNameGt=../../cp2016-max-common-connected-subgraph-paper/datasets/graphsdb/mcs90/m2D/m2D/mcs90_m2D_s50.B05
Reading graphs...
50 :  85
50 :  85
Initializing...
maxdom : 50
D->valSize : 2500
Solving...
Blb : 2 (clique : 33)
currentSize : 33 <-- 0.097714 s
currentSize : 37 <-- 0.098150 s
currentSize : 38 <-- 0.098209 s
currentSize : 39 <-- 0.462118 s
currentSize : 40 <-- 0.483167 s
currentSize : 41 <-- 1.055839 s
currentSize : 43 <-- 1.510296 s
currentSize : 44 <-- 4.182049 s
currentSize : 45 <-- 4.647022 s
currentSize : 46 <-- 4.849748 s
currentSize : 47 <-- 9.073170 s
currentSize : 49 <-- 9.082430 s

maxsize : 49
nodes : 142546.000000
filtered : 7554815.000000
time : 9.083575
