Parameters: GAD=1 vflib=1 dir=0 label=0 lowerbound=1 fileNameGp=../../cp2016-max-common-connected-subgraph-paper/datasets/graphsdb/mcs90/m2D/m2D/mcs90_m2D_s50.A08 fileNameGt=../../cp2016-max-common-connected-subgraph-paper/datasets/graphsdb/mcs90/m2D/m2D/mcs90_m2D_s50.B08
Reading graphs...
50 :  85
50 :  85
Initializing...
maxdom : 50
D->valSize : 2500
Solving...
Blb : 2 (clique : 39)
currentSize : 39 <-- 0.120213 s
currentSize : 40 <-- 0.509225 s
currentSize : 41 <-- 3.655155 s
currentSize : 42 <-- 4.283078 s
currentSize : 43 <-- 12.871520 s
currentSize : 44 <-- 26.952042 s
currentSize : 45 <-- 32.125351 s
currentSize : 46 <-- 36.708839 s
currentSize : 49 <-- 36.721943 s

maxsize : 49
nodes : 245874.000000
filtered : 20846208.000000
time : 36.870525
