Parameters: GAD=1 vflib=1 dir=0 label=0 lowerbound=1 fileNameGp=../../cp2016-max-common-connected-subgraph-paper/datasets/graphsdb/mcs90/rand/r02/mcs90_r02_s35.A04 fileNameGt=../../cp2016-max-common-connected-subgraph-paper/datasets/graphsdb/mcs90/rand/r02/mcs90_r02_s35.B04
Reading graphs...
35 :  218
35 :  216
Initializing...
maxdom : 35
D->valSize : 1225
Solving...
Blb : 2 (clique : 11)
currentSize : 11 <-- 0.017312 s
currentSize : 12 <-- 0.019369 s
currentSize : 13 <-- 0.047540 s
currentSize : 14 <-- 0.068961 s
currentSize : 15 <-- 0.410745 s
currentSize : 18 <-- 0.414268 s
currentSize : 20 <-- 0.679396 s
currentSize : 31 <-- 0.685908 s

maxsize : 31
nodes : 157698.000000
filtered : 2899743.000000
time : 0.851694
