Parameters: GAD=1 vflib=1 dir=0 label=0 lowerbound=1 fileNameGp=../../cp2016-max-common-connected-subgraph-paper/datasets/graphsdb/mcs90/bvg/b06m/mcs90_b06m_s50.A01 fileNameGt=../../cp2016-max-common-connected-subgraph-paper/datasets/graphsdb/mcs90/bvg/b06m/mcs90_b06m_s50.B01
Reading graphs...
50 :  147
50 :  147
Initializing...
maxdom : 50
D->valSize : 2500
Solving...
Blb : 2 (clique : 21)
currentSize : 21 <-- 0.091964 s
currentSize : 24 <-- 0.092255 s
currentSize : 25 <-- 0.092343 s
currentSize : 26 <-- 0.092840 s
currentSize : 27 <-- 0.101667 s
currentSize : 28 <-- 0.101923 s
currentSize : 29 <-- 0.109184 s
currentSize : 31 <-- 0.123610 s
currentSize : 32 <-- 638.011902 s
currentSize : 33 <-- 638.015015 s
currentSize : 34 <-- 638.046692 s
currentSize : 36 <-- 683.732422 s
currentSize : 37 <-- 683.758057 s
currentSize : 45 <-- 684.339355 s

maxsize : 45
nodes : 12003521.000000
filtered : 972912862.000000
time : 687.777466
