Parameters: GAD=1 vflib=1 dir=0 label=0 lowerbound=1 fileNameGp=../../cp2016-max-common-connected-subgraph-paper/datasets/graphsdb/mcs90/bvg/b06m/mcs90_b06m_s30.A02 fileNameGt=../../cp2016-max-common-connected-subgraph-paper/datasets/graphsdb/mcs90/bvg/b06m/mcs90_b06m_s30.B02
Reading graphs...
30 :  87
30 :  87
Initializing...
maxdom : 30
D->valSize : 900
Solving...
Blb : 2 (clique : 13)
currentSize : 13 <-- 0.010422 s
currentSize : 14 <-- 0.010597 s
currentSize : 15 <-- 0.011054 s
currentSize : 16 <-- 0.111740 s
currentSize : 17 <-- 0.113537 s
currentSize : 18 <-- 0.237940 s
currentSize : 19 <-- 0.925052 s
currentSize : 20 <-- 9.699284 s
currentSize : 22 <-- 9.699572 s
currentSize : 27 <-- 9.710734 s

maxsize : 27
nodes : 682127.000000
filtered : 24808158.000000
time : 9.818884
