Parameters: GAD=1 vflib=1 dir=0 label=0 lowerbound=1 fileNameGp=../../cp2016-max-common-connected-subgraph-paper/datasets/graphsdb/mcs90/bvg/b03/mcs90_b03_s35.A08 fileNameGt=../../cp2016-max-common-connected-subgraph-paper/datasets/graphsdb/mcs90/bvg/b03/mcs90_b03_s35.B08
Reading graphs...
35 :  52
35 :  52
Initializing...
maxdom : 35
D->valSize : 1225
Solving...
Blb : 2 (clique : 24)
currentSize : 24 <-- 0.021574 s
currentSize : 25 <-- 0.021824 s
currentSize : 26 <-- 0.041487 s
currentSize : 27 <-- 0.041510 s
currentSize : 28 <-- 0.345359 s
currentSize : 29 <-- 0.374493 s
currentSize : 30 <-- 0.391438 s
currentSize : 31 <-- 4.573243 s

maxsize : 31
nodes : 61805.000000
filtered : 4789203.000000
time : 7.329484
