Parameters: GAD=1 vflib=1 dir=0 label=0 lowerbound=1 fileNameGp=../../cp2016-max-common-connected-subgraph-paper/datasets/graphsdb/mcs90/rand/r01/mcs90_r01_s25.A00 fileNameGt=../../cp2016-max-common-connected-subgraph-paper/datasets/graphsdb/mcs90/rand/r01/mcs90_r01_s25.B00
Reading graphs...
25 :  58
25 :  58
Initializing...
maxdom : 25
D->valSize : 625
Solving...
Blb : 2 (clique : 13)
currentSize : 13 <-- 0.005216 s
currentSize : 14 <-- 0.005400 s
currentSize : 15 <-- 0.007293 s
currentSize : 16 <-- 0.017437 s
currentSize : 17 <-- 0.017492 s
currentSize : 18 <-- 0.092194 s
currentSize : 19 <-- 0.092211 s
currentSize : 22 <-- 0.149260 s

maxsize : 22
nodes : 16469.000000
filtered : 552888.000000
time : 0.178678
