Parameters: GAD=1 vflib=1 dir=0 label=0 lowerbound=1 fileNameGp=../../cp2016-max-common-connected-subgraph-paper/datasets/graphsdb/mcs90/bvg/b06/mcs90_b06_s35.A06 fileNameGt=../../cp2016-max-common-connected-subgraph-paper/datasets/graphsdb/mcs90/bvg/b06/mcs90_b06_s35.B06
Reading graphs...
35 :  104
35 :  105
Initializing...
maxdom : 35
D->valSize : 1225
Solving...
Blb : 2 (clique : 18)
currentSize : 18 <-- 0.019532 s
currentSize : 21 <-- 0.019706 s
currentSize : 22 <-- 0.019775 s
currentSize : 23 <-- 0.019938 s
currentSize : 24 <-- 0.020909 s
currentSize : 25 <-- 0.020972 s
currentSize : 26 <-- 0.021042 s
currentSize : 27 <-- 0.021405 s
currentSize : 28 <-- 0.021491 s
currentSize : 29 <-- 0.021612 s
currentSize : 31 <-- 0.045203 s
currentSize : 32 <-- 0.123246 s

maxsize : 32
nodes : 7440.000000
filtered : 475504.000000
time : 0.415409
