Parameters: GAD=1 vflib=1 dir=0 label=0 lowerbound=1 fileNameGp=../../cp2016-max-common-connected-subgraph-paper/datasets/graphsdb/mcs90/bvg/b09m/mcs90_b09m_s30.A04 fileNameGt=../../cp2016-max-common-connected-subgraph-paper/datasets/graphsdb/mcs90/bvg/b09m/mcs90_b09m_s30.B04
Reading graphs...
30 :  130
30 :  130
Initializing...
maxdom : 30
D->valSize : 900
Solving...
Blb : 2 (clique : 12)
currentSize : 12 <-- 0.009729 s
currentSize : 13 <-- 0.010179 s
currentSize : 14 <-- 0.010219 s
currentSize : 15 <-- 0.227167 s
currentSize : 16 <-- 1.860743 s
currentSize : 17 <-- 3.516876 s
currentSize : 24 <-- 3.546548 s
currentSize : 26 <-- 3.849263 s

maxsize : 26
nodes : 729859.000000
filtered : 13562679.000000
time : 3.916568
