Parameters: GAD=1 vflib=1 dir=0 label=0 lowerbound=1 fileNameGp=../../cp2016-max-common-connected-subgraph-paper/datasets/graphsdb/mcs90/bvg/b06/mcs90_b06_s40.A03 fileNameGt=../../cp2016-max-common-connected-subgraph-paper/datasets/graphsdb/mcs90/bvg/b06/mcs90_b06_s40.B03
Reading graphs...
40 :  120
40 :  120
Initializing...
maxdom : 40
D->valSize : 1600
Solving...
Blb : 2 (clique : 23)
currentSize : 23 <-- 0.033870 s
currentSize : 25 <-- 0.034112 s
currentSize : 26 <-- 0.034207 s
currentSize : 27 <-- 0.034495 s
currentSize : 28 <-- 0.034629 s
currentSize : 29 <-- 0.034733 s
currentSize : 31 <-- 0.035728 s
currentSize : 32 <-- 0.037451 s
currentSize : 34 <-- 0.039896 s
currentSize : 36 <-- 0.051666 s
currentSize : 37 <-- 0.615501 s

maxsize : 37
nodes : 14303.000000
filtered : 1197121.000000
time : 1.203470
