Parameters: GAD=1 vflib=1 dir=0 label=0 lowerbound=1 fileNameGp=../../cp2016-max-common-connected-subgraph-paper/datasets/graphsdb/mcs90/bvg/b06m/mcs90_b06m_s30.A08 fileNameGt=../../cp2016-max-common-connected-subgraph-paper/datasets/graphsdb/mcs90/bvg/b06m/mcs90_b06m_s30.B08
Reading graphs...
30 :  87
30 :  87
Initializing...
maxdom : 30
D->valSize : 900
Solving...
Blb : 2 (clique : 14)
currentSize : 14 <-- 0.018300 s
currentSize : 15 <-- 0.018919 s
currentSize : 16 <-- 0.019277 s
currentSize : 17 <-- 0.414101 s
currentSize : 18 <-- 2.172540 s
currentSize : 19 <-- 10.803856 s
currentSize : 20 <-- 20.351357 s
currentSize : 25 <-- 28.998602 s
currentSize : 27 <-- 28.998665 s

maxsize : 27
nodes : 2443373.000000
filtered : 87635747.000000
time : 29.065653
