Parameters: GAD=1 vflib=1 dir=0 label=0 lowerbound=1 fileNameGp=../../cp2016-max-common-connected-subgraph-paper/datasets/graphsdb/mcs90/bvg/b06m/mcs90_b06m_s35.A02 fileNameGt=../../cp2016-max-common-connected-subgraph-paper/datasets/graphsdb/mcs90/bvg/b06m/mcs90_b06m_s35.B02
Reading graphs...
35 :  103
35 :  103
Initializing...
maxdom : 35
D->valSize : 1225
Solving...
Blb : 2 (clique : 16)
currentSize : 16 <-- 0.020307 s
currentSize : 17 <-- 0.021116 s
currentSize : 18 <-- 0.076640 s
currentSize : 19 <-- 0.847548 s
currentSize : 20 <-- 1.621238 s
currentSize : 21 <-- 2.048034 s
currentSize : 23 <-- 6.153349 s
currentSize : 24 <-- 6.289259 s
currentSize : 25 <-- 6.289313 s
currentSize : 26 <-- 6.705662 s
currentSize : 27 <-- 6.705740 s
currentSize : 28 <-- 8.962897 s
currentSize : 29 <-- 8.963018 s
currentSize : 30 <-- 9.587293 s
currentSize : 31 <-- 9.587436 s

maxsize : 31
nodes : 645678.000000
filtered : 27326086.000000
time : 9.795477
