Parameters: GAD=1 vflib=1 dir=0 label=0 lowerbound=1 fileNameGp=../../cp2016-max-common-connected-subgraph-paper/datasets/graphsdb/mcs90/bvg/b09/mcs90_b09_s40.A03 fileNameGt=../../cp2016-max-common-connected-subgraph-paper/datasets/graphsdb/mcs90/bvg/b09/mcs90_b09_s40.B03
Reading graphs...
40 :  180
40 :  180
Initializing...
maxdom : 40
D->valSize : 1600
Solving...
Blb : 2 (clique : 17)
currentSize : 17 <-- 0.031603 s
currentSize : 18 <-- 0.031793 s
currentSize : 19 <-- 0.032569 s
currentSize : 20 <-- 0.032598 s
currentSize : 21 <-- 0.097031 s
currentSize : 22 <-- 0.098238 s
currentSize : 23 <-- 0.311861 s
currentSize : 25 <-- 0.379013 s
currentSize : 32 <-- 0.379558 s
currentSize : 36 <-- 0.424027 s

maxsize : 36
nodes : 92388.000000
filtered : 3833581.000000
time : 1.290349
