Parameters: GAD=1 vflib=1 dir=0 label=0 lowerbound=1 fileNameGp=../../cp2016-max-common-connected-subgraph-paper/datasets/graphsdb/mcs90/m2D/m2Dr2/mcs90_m2Dr2_s40.A07 fileNameGt=../../cp2016-max-common-connected-subgraph-paper/datasets/graphsdb/mcs90/m2D/m2Dr2/mcs90_m2Dr2_s40.B07
Reading graphs...
40 :  75
40 :  75
Initializing...
maxdom : 40
D->valSize : 1600
Solving...
Blb : 2 (clique : 25)
currentSize : 25 <-- 0.036541 s
currentSize : 26 <-- 0.112207 s
currentSize : 27 <-- 0.252031 s
currentSize : 28 <-- 39.695923 s
currentSize : 29 <-- 91.988968 s
currentSize : 30 <-- 264.943726 s
currentSize : 31 <-- 264.946136 s
currentSize : 33 <-- 464.350433 s
currentSize : 34 <-- 525.689880 s
currentSize : 36 <-- 526.150879 s

maxsize : 36
nodes : 8423134.000000
filtered : 590714109.000000
time : 527.288269
