Parameters: GAD=1 vflib=1 dir=0 label=0 lowerbound=1 fileNameGp=../../cp2016-max-common-connected-subgraph-paper/datasets/graphsdb/mcs90/bvg/b03m/mcs90_b03m_s40.A07 fileNameGt=../../cp2016-max-common-connected-subgraph-paper/datasets/graphsdb/mcs90/bvg/b03m/mcs90_b03m_s40.B07
Reading graphs...
40 :  60
40 :  60
Initializing...
maxdom : 40
D->valSize : 1600
Solving...
Blb : 2 (clique : 25)
currentSize : 25 <-- 0.037454 s
currentSize : 26 <-- 0.037718 s
currentSize : 27 <-- 0.062053 s
currentSize : 28 <-- 0.205714 s
currentSize : 29 <-- 74.246651 s
currentSize : 30 <-- 108.701508 s

TIMEOUT
maxsize : 30
nodes : 7350104.000000
filtered : 557971240.000000
time : 1000.000488
