Parameters: GAD=1 vflib=1 dir=0 label=0 lowerbound=1 fileNameGp=../../cp2016-max-common-connected-subgraph-paper/datasets/graphsdb/mcs90/rand/r02/mcs90_r02_s40.A00 fileNameGt=../../cp2016-max-common-connected-subgraph-paper/datasets/graphsdb/mcs90/rand/r02/mcs90_r02_s40.B00
Reading graphs...
40 :  279
40 :  274
Initializing...
maxdom : 40
D->valSize : 1600
Solving...
Blb : 2 (clique : 11)
currentSize : 11 <-- 0.029737 s
currentSize : 12 <-- 0.029898 s
currentSize : 13 <-- 0.030713 s
currentSize : 14 <-- 0.044100 s
currentSize : 15 <-- 0.766255 s
currentSize : 16 <-- 46.822830 s
currentSize : 18 <-- 98.036385 s
currentSize : 19 <-- 98.036484 s
currentSize : 22 <-- 244.368027 s
currentSize : 24 <-- 253.258362 s
currentSize : 36 <-- 355.890991 s

maxsize : 36
nodes : 66376551.000000
filtered : 1384167805.000000
time : 356.236206
