Parameters: GAD=1 vflib=1 dir=0 label=0 lowerbound=1 fileNameGp=../../cp2016-max-common-connected-subgraph-paper/datasets/graphsdb/mcs90/bvg/b09m/mcs90_b09m_s25.A04 fileNameGt=../../cp2016-max-common-connected-subgraph-paper/datasets/graphsdb/mcs90/bvg/b09m/mcs90_b09m_s25.B04
Reading graphs...
25 :  107
25 :  107
Initializing...
maxdom : 25
D->valSize : 625
Solving...
Blb : 5 (clique : 10)
currentSize : 10 <-- 0.004752 s
currentSize : 11 <-- 0.005227 s
currentSize : 12 <-- 0.005523 s
currentSize : 13 <-- 0.027682 s
currentSize : 14 <-- 0.143826 s
currentSize : 15 <-- 0.387601 s
currentSize : 22 <-- 0.749072 s

maxsize : 22
nodes : 149295.000000
filtered : 3059142.000000
time : 0.764837
