Parameters: GAD=1 vflib=1 dir=0 label=0 lowerbound=1 fileNameGp=../../cp2016-max-common-connected-subgraph-paper/datasets/graphsdb/mcs90/rand/r005/mcs90_r005_s35.A07 fileNameGt=../../cp2016-max-common-connected-subgraph-paper/datasets/graphsdb/mcs90/rand/r005/mcs90_r005_s35.B07
Reading graphs...
35 :  58
35 :  56
Initializing...
maxdom : 35
D->valSize : 1225
Solving...
Blb : 5 (clique : 22)
currentSize : 22 <-- 0.021049 s
currentSize : 23 <-- 0.025228 s
currentSize : 24 <-- 0.275372 s
currentSize : 25 <-- 5.093321 s
currentSize : 26 <-- 465.189240 s
currentSize : 27 <-- 926.768921 s
currentSize : 30 <-- 975.363281 s
currentSize : 31 <-- 975.363342 s

maxsize : 31
nodes : 16043539.000000
filtered : 1132809894.000000
time : 976.869080
