Parameters: GAD=1 vflib=1 dir=0 label=0 lowerbound=1 fileNameGp=../../cp2016-max-common-connected-subgraph-paper/datasets/graphsdb/mcs90/rand/r01/mcs90_r01_s50.A03 fileNameGt=../../cp2016-max-common-connected-subgraph-paper/datasets/graphsdb/mcs90/rand/r01/mcs90_r01_s50.B03
Reading graphs...
50 :  228
50 :  232
Initializing...
maxdom : 50
D->valSize : 2500
Solving...
Blb : 2 (clique : 18)
currentSize : 18 <-- 0.086106 s
currentSize : 19 <-- 0.086383 s
currentSize : 20 <-- 0.093532 s
currentSize : 21 <-- 0.419891 s
currentSize : 22 <-- 10.360688 s
currentSize : 23 <-- 604.003845 s

TIMEOUT
maxsize : 23
nodes : 144055405.000000
filtered : 2899466882.000000
time : 1000.000000
