Parameters: GAD=1 vflib=1 dir=0 label=0 lowerbound=1 fileNameGp=../../cp2016-max-common-connected-subgraph-paper/datasets/graphsdb/mcs90/bvg/b03m/mcs90_b03m_s30.A06 fileNameGt=../../cp2016-max-common-connected-subgraph-paper/datasets/graphsdb/mcs90/bvg/b03m/mcs90_b03m_s30.B06
Reading graphs...
30 :  44
30 :  44
Initializing...
maxdom : 30
D->valSize : 900
Solving...
Blb : 2 (clique : 20)
currentSize : 20 <-- 0.011543 s
currentSize : 21 <-- 0.011816 s
currentSize : 22 <-- 0.061634 s
currentSize : 23 <-- 111.396965 s
currentSize : 24 <-- 112.390160 s
currentSize : 26 <-- 112.595833 s

maxsize : 26
nodes : 1994622.000000
filtered : 96341722.000000
time : 114.202911
