Parameters: GAD=1 vflib=1 dir=0 label=0 lowerbound=1 fileNameGp=../../cp2016-max-common-connected-subgraph-paper/datasets/graphsdb/mcs90/rand/r01/mcs90_r01_s30.A08 fileNameGt=../../cp2016-max-common-connected-subgraph-paper/datasets/graphsdb/mcs90/rand/r01/mcs90_r01_s30.B08
Reading graphs...
30 :  81
30 :  80
Initializing...
maxdom : 30
D->valSize : 900
Solving...
Blb : 2 (clique : 14)
currentSize : 14 <-- 0.010510 s
currentSize : 15 <-- 0.010919 s
currentSize : 16 <-- 0.012920 s
currentSize : 17 <-- 0.140202 s
currentSize : 18 <-- 1.094176 s
currentSize : 20 <-- 1.094238 s
currentSize : 21 <-- 1.094390 s
currentSize : 27 <-- 2.934947 s

maxsize : 27
nodes : 284214.000000
filtered : 8123002.000000
time : 3.001869
