Parameters: GAD=1 vflib=1 dir=0 label=0 lowerbound=1 fileNameGp=../../cp2016-max-common-connected-subgraph-paper/datasets/graphsdb/mcs90/m2D/m2Dr4/mcs90_m2Dr4_s50.A09 fileNameGt=../../cp2016-max-common-connected-subgraph-paper/datasets/graphsdb/mcs90/m2D/m2Dr4/mcs90_m2Dr4_s50.B09
Reading graphs...
50 :  104
50 :  103
Initializing...
maxdom : 50
D->valSize : 2500
Solving...
Blb : 2 (clique : 27)
currentSize : 27 <-- 0.096486 s
currentSize : 28 <-- 0.112395 s
currentSize : 29 <-- 0.290610 s
currentSize : 30 <-- 0.525732 s
currentSize : 31 <-- 9.671253 s
currentSize : 32 <-- 40.323128 s

TIMEOUT
maxsize : 32
nodes : 30581525.000000
filtered : 1429795083.000000
time : 1000.000061
