Parameters: GAD=1 vflib=1 dir=0 label=0 lowerbound=1 fileNameGp=../../cp2016-max-common-connected-subgraph-paper/datasets/graphsdb/mcs90/bvg/b06m/mcs90_b06m_s30.A09 fileNameGt=../../cp2016-max-common-connected-subgraph-paper/datasets/graphsdb/mcs90/bvg/b06m/mcs90_b06m_s30.B09
Reading graphs...
30 :  87
30 :  88
Initializing...
maxdom : 30
D->valSize : 900
Solving...
Blb : 2 (clique : 14)
currentSize : 14 <-- 0.017946 s
currentSize : 15 <-- 0.018724 s
currentSize : 16 <-- 0.019824 s
currentSize : 17 <-- 0.025679 s
currentSize : 18 <-- 1.470328 s
currentSize : 19 <-- 3.253946 s
currentSize : 22 <-- 13.123527 s
currentSize : 23 <-- 14.073777 s
currentSize : 27 <-- 14.074023 s

maxsize : 27
nodes : 1066335.000000
filtered : 38426472.000000
time : 14.143996
