Parameters: GAD=1 vflib=1 dir=0 label=0 lowerbound=1 fileNameGp=../../cp2016-max-common-connected-subgraph-paper/datasets/graphsdb/mcs90/m3D/m3Dr6/mcs90_m3Dr6_s30.A05 fileNameGt=../../cp2016-max-common-connected-subgraph-paper/datasets/graphsdb/mcs90/m3D/m3Dr6/mcs90_m3Dr6_s30.B05
Reading graphs...
30 :  76
30 :  75
Initializing...
maxdom : 30
D->valSize : 900
Solving...
Blb : 2 (clique : 15)
currentSize : 15 <-- 0.010599 s
currentSize : 16 <-- 0.012280 s
currentSize : 17 <-- 0.017791 s
currentSize : 18 <-- 0.148669 s
currentSize : 19 <-- 0.195494 s
currentSize : 20 <-- 3.099414 s
currentSize : 22 <-- 3.104581 s
currentSize : 23 <-- 4.433428 s
currentSize : 24 <-- 4.554479 s
currentSize : 27 <-- 4.554583 s

maxsize : 27
nodes : 392857.000000
filtered : 13044476.000000
time : 4.620592
