Parameters: GAD=1 vflib=1 dir=0 label=0 lowerbound=1 fileNameGp=../../cp2016-max-common-connected-subgraph-paper/datasets/graphsdb/mcs90/rand/r01/mcs90_r01_s50.A01 fileNameGt=../../cp2016-max-common-connected-subgraph-paper/datasets/graphsdb/mcs90/rand/r01/mcs90_r01_s50.B01
Reading graphs...
50 :  235
50 :  233
Initializing...
maxdom : 50
D->valSize : 2500
Solving...
Blb : 2 (clique : 16)
currentSize : 16 <-- 0.085589 s
currentSize : 18 <-- 0.085826 s
currentSize : 19 <-- 0.087626 s
currentSize : 20 <-- 0.184329 s
currentSize : 21 <-- 5.184228 s
currentSize : 22 <-- 71.253075 s
currentSize : 23 <-- 105.752480 s

TIMEOUT
maxsize : 23
nodes : 121516961.000000
filtered : 3082920752.000000
time : 1000.000000
