Parameters: GAD=1 vflib=1 dir=0 label=0 lowerbound=1 fileNameGp=../../cp2016-max-common-connected-subgraph-paper/datasets/graphsdb/mcs90/m2D/m2D/mcs90_m2D_s40.A03 fileNameGt=../../cp2016-max-common-connected-subgraph-paper/datasets/graphsdb/mcs90/m2D/m2D/mcs90_m2D_s40.B03
Reading graphs...
40 :  67
40 :  67
Initializing...
maxdom : 40
D->valSize : 1600
Solving...
Blb : 2 (clique : 27)
currentSize : 27 <-- 0.036906 s
currentSize : 28 <-- 0.373314 s
currentSize : 29 <-- 12.226224 s
currentSize : 30 <-- 44.290821 s
currentSize : 31 <-- 50.345608 s
currentSize : 32 <-- 50.377586 s
currentSize : 34 <-- 53.107510 s
currentSize : 36 <-- 53.107639 s

maxsize : 36
nodes : 1173721.000000
filtered : 55567626.000000
time : 55.867592
