Parameters: GAD=1 vflib=1 dir=0 label=0 lowerbound=1 fileNameGp=../../cp2016-max-common-connected-subgraph-paper/datasets/graphsdb/mcs90/m2D/m2Dr6/mcs90_m2Dr6_s50.A03 fileNameGt=../../cp2016-max-common-connected-subgraph-paper/datasets/graphsdb/mcs90/m2D/m2Dr6/mcs90_m2Dr6_s50.B03
Reading graphs...
50 :  114
50 :  114
Initializing...
maxdom : 50
D->valSize : 2500
Solving...
Blb : 2 (clique : 24)
currentSize : 24 <-- 0.095846 s
currentSize : 25 <-- 0.096169 s
currentSize : 26 <-- 0.096233 s
currentSize : 27 <-- 0.101759 s
currentSize : 28 <-- 0.233252 s
currentSize : 29 <-- 18.246689 s
currentSize : 30 <-- 18.473595 s

TIMEOUT
maxsize : 30
nodes : 21859670.000000
filtered : 1145468519.000000
time : 1000.000244
