Parameters: GAD=1 vflib=1 dir=0 label=0 lowerbound=1 fileNameGp=../../cp2016-max-common-connected-subgraph-paper/datasets/graphsdb/mcs90/bvg/b09m/mcs90_b09m_s50.A08 fileNameGt=../../cp2016-max-common-connected-subgraph-paper/datasets/graphsdb/mcs90/bvg/b09m/mcs90_b09m_s50.B08
Reading graphs...
50 :  220
50 :  221
Initializing...
maxdom : 50
D->valSize : 2500
Solving...
Blb : 5 (clique : 19)
currentSize : 19 <-- 0.086576 s
currentSize : 20 <-- 0.117455 s
currentSize : 21 <-- 0.124377 s
currentSize : 22 <-- 1.084401 s
currentSize : 23 <-- 24.309059 s
currentSize : 24 <-- 486.878113 s

TIMEOUT
maxsize : 24
nodes : 93556959.000000
filtered : 3131261131.000000
time : 1000.000000
