Parameters: GAD=1 vflib=1 dir=0 label=0 lowerbound=1 fileNameGp=../../cp2016-max-common-connected-subgraph-paper/datasets/graphsdb/mcs90/bvg/b09/mcs90_b09_s30.A04 fileNameGt=../../cp2016-max-common-connected-subgraph-paper/datasets/graphsdb/mcs90/bvg/b09/mcs90_b09_s30.B04
Reading graphs...
30 :  135
30 :  135
Initializing...
maxdom : 30
D->valSize : 900
Solving...
Blb : 3 (clique : 13)
currentSize : 13 <-- 0.009689 s
currentSize : 14 <-- 0.014325 s
currentSize : 15 <-- 0.036832 s
currentSize : 16 <-- 0.036909 s
currentSize : 18 <-- 0.037053 s
currentSize : 20 <-- 0.037109 s
currentSize : 22 <-- 0.037137 s
currentSize : 23 <-- 0.037769 s
currentSize : 26 <-- 0.044484 s

maxsize : 26
nodes : 22565.000000
filtered : 967669.000000
time : 0.257472
