Parameters: GAD=1 vflib=1 dir=0 label=1 lowerbound=1 fileNameGp=../../cp2016-max-common-connected-subgraph-paper/datasets/graphsdb/mcs10/bvg/b03/mcs10_b03_s70.A00 fileNameGt=../../cp2016-max-common-connected-subgraph-paper/datasets/graphsdb/mcs10/bvg/b03/mcs10_b03_s70.B00
Reading graphs...
70 :  105
70 :  104
Initializing...
maxdom : 7
D->valSize : 303
Solving...
Blb : 2 (clique : 25)
currentSize : 25 <-- 0.002395 s
currentSize : 26 <-- 0.345826 s
currentSize : 27 <-- 0.400215 s
currentSize : 28 <-- 5.298615 s
currentSize : 29 <-- 7.102649 s
currentSize : 30 <-- 909.796631 s
currentSize : 31 <-- 965.728516 s

TIMEOUT
maxsize : 31
nodes : 286599584.000000
filtered : 1429513803.000000
time : 1000.000000
