Parameters: GAD=1 vflib=1 dir=0 label=1 lowerbound=1 fileNameGp=../../cp2016-max-common-connected-subgraph-paper/datasets/graphsdb/mcs10/rand/r005/mcs10_r005_s100.A04 fileNameGt=../../cp2016-max-common-connected-subgraph-paper/datasets/graphsdb/mcs10/rand/r005/mcs10_r005_s100.B04
Reading graphs...
100 :  488
100 :  495
Initializing...
maxdom : 7
D->valSize : 328
Solving...
Blb : 2 (clique : 19)
currentSize : 19 <-- 0.002972 s
currentSize : 20 <-- 0.113269 s
currentSize : 21 <-- 0.122757 s
currentSize : 22 <-- 0.334856 s
currentSize : 23 <-- 1.786127 s
currentSize : 24 <-- 6.931283 s
currentSize : 25 <-- 510.971222 s

TIMEOUT
maxsize : 25
nodes : 192172864.000000
filtered : 1153454007.000000
time : 1000.000061
