Parameters: GAD=1 vflib=1 dir=0 label=1 lowerbound=1 fileNameGp=../../cp2016-max-common-connected-subgraph-paper/datasets/graphsdb/mcs10/bvg/b03/mcs10_b03_s90.A00 fileNameGt=../../cp2016-max-common-connected-subgraph-paper/datasets/graphsdb/mcs10/bvg/b03/mcs10_b03_s90.B00
Reading graphs...
90 :  133
90 :  133
Initializing...
maxdom : 10
D->valSize : 544
Solving...
Blb : 2 (clique : 33)
currentSize : 33 <-- 0.006418 s
currentSize : 34 <-- 0.008992 s
currentSize : 35 <-- 0.028310 s
currentSize : 36 <-- 494.782379 s
currentSize : 37 <-- 632.284607 s
currentSize : 38 <-- 726.309692 s

TIMEOUT
maxsize : 38
nodes : 259697136.000000
filtered : 1352449016.000000
time : 1000.000061
