Parameters: GAD=1 vflib=1 dir=0 label=1 lowerbound=1 fileNameGp=../../cp2016-max-common-connected-subgraph-paper/datasets/graphsdb/mcs10/m3D/m3Dr6/mcs10_m3Dr6_s90.A00 fileNameGt=../../cp2016-max-common-connected-subgraph-paper/datasets/graphsdb/mcs10/m3D/m3Dr6/mcs10_m3Dr6_s90.B00
Reading graphs...
90 :  258
90 :  259
Initializing...
maxdom : 9
D->valSize : 508
Solving...
Blb : 2 (clique : 25)
currentSize : 25 <-- 0.009444 s
currentSize : 26 <-- 0.014260 s
currentSize : 27 <-- 2.228557 s
currentSize : 28 <-- 402.463806 s
currentSize : 29 <-- 407.758759 s
currentSize : 30 <-- 445.193726 s

TIMEOUT
maxsize : 30
nodes : 228579759.000000
filtered : 1212737558.000000
time : 1000.000061
