Parameters: GAD=1 vflib=1 dir=0 label=1 lowerbound=1 fileNameGp=../../cp2016-max-common-connected-subgraph-paper/datasets/graphsdb/mcs10/m3D/m3Dr4/mcs10_m3Dr4_s100.A08 fileNameGt=../../cp2016-max-common-connected-subgraph-paper/datasets/graphsdb/mcs10/m3D/m3Dr4/mcs10_m3Dr4_s100.B08
Reading graphs...
100 :  271
100 :  269
Initializing...
maxdom : 7
D->valSize : 330
Solving...
Blb : 2 (clique : 24)
currentSize : 24 <-- 0.005034 s
currentSize : 26 <-- 0.005415 s
currentSize : 27 <-- 0.019626 s
currentSize : 28 <-- 0.116458 s
currentSize : 29 <-- 0.768818 s
currentSize : 30 <-- 1.984378 s
currentSize : 31 <-- 3.593183 s
currentSize : 32 <-- 24.178289 s
currentSize : 33 <-- 703.533813 s

TIMEOUT
maxsize : 33
nodes : 200422981.000000
filtered : 1020764997.000000
time : 1000.000061
