Parameters: GAD=1 vflib=1 dir=0 label=1 lowerbound=1 fileNameGp=../../cp2016-max-common-connected-subgraph-paper/datasets/graphsdb/mcs10/m2D/m2Dr2/mcs10_m2Dr2_s100.A08 fileNameGt=../../cp2016-max-common-connected-subgraph-paper/datasets/graphsdb/mcs10/m2D/m2Dr2/mcs10_m2Dr2_s100.B08
Reading graphs...
100 :  197
100 :  199
Initializing...
maxdom : 8
D->valSize : 331
Solving...
Blb : 2 (clique : 29)
currentSize : 29 <-- 0.003302 s
currentSize : 30 <-- 0.005431 s
currentSize : 31 <-- 0.014270 s
currentSize : 32 <-- 40.730198 s
currentSize : 33 <-- 83.797501 s
currentSize : 34 <-- 967.162354 s

TIMEOUT
maxsize : 34
nodes : 238685691.000000
filtered : 645120610.000000
time : 1000.000061
