Parameters: GAD=1 vflib=1 dir=0 label=1 lowerbound=1 fileNameGp=../../cp2016-max-common-connected-subgraph-paper/datasets/graphsdb/mcs10/m3D/m3Dr2/mcs10_m3Dr2_s100.A04 fileNameGt=../../cp2016-max-common-connected-subgraph-paper/datasets/graphsdb/mcs10/m3D/m3Dr2/mcs10_m3Dr2_s100.B04
Reading graphs...
100 :  253
100 :  252
Initializing...
maxdom : 6
D->valSize : 335
Solving...
Blb : 2 (clique : 26)
currentSize : 26 <-- 0.005382 s
currentSize : 27 <-- 0.006098 s
currentSize : 28 <-- 0.044321 s
currentSize : 29 <-- 1.906205 s
currentSize : 30 <-- 2.200345 s
currentSize : 31 <-- 23.662876 s
currentSize : 32 <-- 338.877258 s

TIMEOUT
maxsize : 32
nodes : 209918104.000000
filtered : 884115585.000000
time : 1000.000061
