Parameters: GAD=1 vflib=1 dir=0 label=1 lowerbound=1 fileNameGp=../../cp2016-max-common-connected-subgraph-paper/datasets/graphsdb/mcs10/m2D/m2Dr6/mcs10_m2Dr6_s50.A07 fileNameGt=../../cp2016-max-common-connected-subgraph-paper/datasets/graphsdb/mcs10/m2D/m2Dr6/mcs10_m2Dr6_s50.B07
Reading graphs...
50 :  109
50 :  112
Initializing...
maxdom : 9
D->valSize : 337
Solving...
Blb : 2 (clique : 16)
currentSize : 16 <-- 0.002350 s
currentSize : 17 <-- 0.003637 s
currentSize : 18 <-- 0.005485 s
currentSize : 19 <-- 0.016578 s
currentSize : 20 <-- 0.145778 s
currentSize : 21 <-- 0.492023 s

maxsize : 21
nodes : 197308238.000000
filtered : 2386865530.000000
time : 772.624817
