Parameters: GAD=1 vflib=1 dir=0 label=1 lowerbound=1 fileNameGp=../../cp2016-max-common-connected-subgraph-paper/datasets/graphsdb/mcs10/m3D/m3Dr2/mcs10_m3Dr2_s70.A03 fileNameGt=../../cp2016-max-common-connected-subgraph-paper/datasets/graphsdb/mcs10/m3D/m3Dr2/mcs10_m3Dr2_s70.B03
Reading graphs...
70 :  170
70 :  169
Initializing...
maxdom : 7
D->valSize : 311
Solving...
Blb : 2 (clique : 19)
currentSize : 19 <-- 0.002519 s
currentSize : 20 <-- 0.002664 s
currentSize : 21 <-- 0.004428 s
currentSize : 22 <-- 0.424939 s
currentSize : 23 <-- 86.625359 s
currentSize : 24 <-- 195.641586 s

TIMEOUT
maxsize : 24
nodes : 236113369.000000
filtered : 1592217165.000000
time : 1000.000061
