Parameters: GAD=1 vflib=1 dir=0 label=1 lowerbound=1 fileNameGp=../../cp2016-max-common-connected-subgraph-paper/datasets/graphsdb/mcs10/m3D/m3Dr2/mcs10_m3Dr2_s60.A03 fileNameGt=../../cp2016-max-common-connected-subgraph-paper/datasets/graphsdb/mcs10/m3D/m3Dr2/mcs10_m3Dr2_s60.B03
Reading graphs...
60 :  144
60 :  145
Initializing...
maxdom : 7
D->valSize : 228
Solving...
Blb : 2 (clique : 18)
currentSize : 18 <-- 0.002426 s
currentSize : 19 <-- 0.002857 s
currentSize : 20 <-- 0.008220 s
currentSize : 21 <-- 0.070901 s
currentSize : 22 <-- 24.122293 s

maxsize : 22
nodes : 96522577.000000
filtered : 635548471.000000
time : 350.082367
