Parameters: GAD=1 vflib=1 dir=0 label=1 lowerbound=1 fileNameGp=../../cp2016-max-common-connected-subgraph-paper/datasets/graphsdb/mcs10/m3D/m3D/mcs10_m3D_s60.A07 fileNameGt=../../cp2016-max-common-connected-subgraph-paper/datasets/graphsdb/mcs10/m3D/m3D/mcs10_m3D_s60.B07
Reading graphs...
60 :  133
60 :  134
Initializing...
maxdom : 7
D->valSize : 241
Solving...
Blb : 2 (clique : 19)
currentSize : 19 <-- 0.001655 s
currentSize : 20 <-- 0.026752 s
currentSize : 21 <-- 0.303417 s
currentSize : 22 <-- 0.312960 s
currentSize : 23 <-- 5.595569 s
currentSize : 24 <-- 62.765919 s

maxsize : 24
nodes : 66747956.000000
filtered : 505045764.000000
time : 267.448059
