Parameters: GAD=1 vflib=1 dir=0 label=1 lowerbound=1 fileNameGp=../../cp2016-max-common-connected-subgraph-paper/datasets/graphsdb/mcs10/m3D/m3Dr4/mcs10_m3Dr4_s90.A06 fileNameGt=../../cp2016-max-common-connected-subgraph-paper/datasets/graphsdb/mcs10/m3D/m3Dr4/mcs10_m3Dr4_s90.B06
Reading graphs...
90 :  240
90 :  240
Initializing...
maxdom : 10
D->valSize : 525
Solving...
Blb : 5 (clique : 25)
currentSize : 25 <-- 0.005762 s
currentSize : 26 <-- 0.340280 s
currentSize : 27 <-- 1.148596 s
currentSize : 28 <-- 6.775129 s
currentSize : 29 <-- 25.859003 s
currentSize : 30 <-- 843.402100 s

TIMEOUT
maxsize : 30
nodes : 245706334.000000
filtered : 1289043546.000000
time : 1000.000061
