Parameters: GAD=1 vflib=1 dir=0 label=1 lowerbound=1 fileNameGp=../../cp2016-max-common-connected-subgraph-paper/datasets/graphsdb/mcs10/m2D/m2Dr6/mcs10_m2Dr6_s90.A02 fileNameGt=../../cp2016-max-common-connected-subgraph-paper/datasets/graphsdb/mcs10/m2D/m2Dr6/mcs10_m2Dr6_s90.B02
Reading graphs...
90 :  213
90 :  210
Initializing...
maxdom : 10
D->valSize : 517
Solving...
Blb : 2 (clique : 28)
currentSize : 28 <-- 0.008942 s
currentSize : 29 <-- 0.011194 s
currentSize : 30 <-- 2.988162 s
currentSize : 31 <-- 16.537481 s
currentSize : 32 <-- 19.624096 s
currentSize : 33 <-- 123.515694 s

TIMEOUT
maxsize : 33
nodes : 243369424.000000
filtered : 1237800538.000000
time : 1000.000061
