Parameters: GAD=1 vflib=1 dir=0 label=1 lowerbound=1 fileNameGp=../../cp2016-max-common-connected-subgraph-paper/datasets/graphsdb/mcs10/m4D/m4Dr6/mcs10_m4Dr6_s100.A06 fileNameGt=../../cp2016-max-common-connected-subgraph-paper/datasets/graphsdb/mcs10/m4D/m4Dr6/mcs10_m4Dr6_s100.B06
Reading graphs...
100 :  214
100 :  216
Initializing...
maxdom : 7
D->valSize : 318
Solving...
Blb : 2 (clique : 29)
currentSize : 29 <-- 0.003129 s
currentSize : 30 <-- 0.004007 s
currentSize : 31 <-- 0.060934 s
currentSize : 32 <-- 0.123483 s
currentSize : 33 <-- 15.045352 s
currentSize : 34 <-- 24.514799 s
currentSize : 35 <-- 125.772072 s
currentSize : 36 <-- 630.496704 s

TIMEOUT
maxsize : 36
nodes : 217351728.000000
filtered : 906560876.000000
time : 1000.000061
