Parameters: GAD=1 vflib=1 dir=0 label=1 lowerbound=1 fileNameGp=../../cp2016-max-common-connected-subgraph-paper/datasets/graphsdb/mcs10/m2D/m2D/mcs10_m2D_s40.A01 fileNameGt=../../cp2016-max-common-connected-subgraph-paper/datasets/graphsdb/mcs10/m2D/m2D/mcs10_m2D_s40.B01
Reading graphs...
40 :  66
40 :  67
Initializing...
maxdom : 7
D->valSize : 193
Solving...
Blb : 3 (clique : 14)
currentSize : 14 <-- 0.001603 s
currentSize : 15 <-- 0.314272 s
currentSize : 16 <-- 0.314304 s
currentSize : 17 <-- 0.611809 s
currentSize : 18 <-- 3.185343 s
currentSize : 19 <-- 13.396571 s
currentSize : 20 <-- 13.425785 s

maxsize : 20
nodes : 6362024.000000
filtered : 33303395.000000
time : 15.662440
