Parameters: GAD=1 vflib=1 dir=0 label=1 lowerbound=1 fileNameGp=../../cp2016-max-common-connected-subgraph-paper/datasets/graphsdb/mcs10/m3D/m3Dr4/mcs10_m3Dr4_s70.A07 fileNameGt=../../cp2016-max-common-connected-subgraph-paper/datasets/graphsdb/mcs10/m3D/m3Dr4/mcs10_m3Dr4_s70.B07
Reading graphs...
70 :  182
70 :  181
Initializing...
maxdom : 8
D->valSize : 304
Solving...
Blb : 2 (clique : 18)
currentSize : 18 <-- 0.002351 s
currentSize : 19 <-- 0.002827 s
currentSize : 20 <-- 0.011231 s
currentSize : 21 <-- 0.017744 s
currentSize : 22 <-- 1.736385 s
currentSize : 23 <-- 612.394409 s

TIMEOUT
maxsize : 23
nodes : 247140711.000000
filtered : 1567419082.000000
time : 1000.000000
