Parameters: GAD=1 vflib=1 dir=0 label=1 lowerbound=1 fileNameGp=../../cp2016-max-common-connected-subgraph-paper/datasets/graphsdb/mcs10/m2D/m2Dr6/mcs10_m2Dr6_s90.A04 fileNameGt=../../cp2016-max-common-connected-subgraph-paper/datasets/graphsdb/mcs10/m2D/m2Dr6/mcs10_m2Dr6_s90.B04
Reading graphs...
90 :  213
90 :  213
Initializing...
maxdom : 12
D->valSize : 465
Solving...
Blb : 2 (clique : 26)
currentSize : 26 <-- 0.008060 s
currentSize : 27 <-- 0.018162 s
currentSize : 28 <-- 1.433009 s
currentSize : 29 <-- 38.288906 s
currentSize : 30 <-- 38.551224 s
currentSize : 31 <-- 48.918800 s

TIMEOUT
maxsize : 31
nodes : 257947450.000000
filtered : 1296547524.000000
time : 1000.000000
