Parameters: GAD=1 vflib=1 dir=0 label=1 lowerbound=1 fileNameGp=../../cp2016-max-common-connected-subgraph-paper/datasets/graphsdb/mcs10/m2D/m2D/mcs10_m2D_s50.A00 fileNameGt=../../cp2016-max-common-connected-subgraph-paper/datasets/graphsdb/mcs10/m2D/m2D/mcs10_m2D_s50.B00
Reading graphs...
50 :  85
50 :  84
Initializing...
maxdom : 11
D->valSize : 324
Solving...
Blb : 2 (clique : 18)
currentSize : 18 <-- 0.002284 s
currentSize : 19 <-- 0.002418 s
currentSize : 20 <-- 0.003219 s
currentSize : 21 <-- 0.031011 s
currentSize : 22 <-- 133.444977 s
currentSize : 23 <-- 416.815735 s

TIMEOUT
maxsize : 23
nodes : 359320511.000000
filtered : 2556752821.000000
time : 1000.000000
