Parameters: GAD=1 vflib=1 dir=0 label=1 lowerbound=1 fileNameGp=../../cp2016-max-common-connected-subgraph-paper/datasets/graphsdb/mcs10/m4D/m4D/mcs10_m4D_s100.A04 fileNameGt=../../cp2016-max-common-connected-subgraph-paper/datasets/graphsdb/mcs10/m4D/m4D/mcs10_m4D_s100.B04
Reading graphs...
100 :  159
100 :  158
Initializing...
maxdom : 7
D->valSize : 357
Solving...
Blb : 2 (clique : 38)
currentSize : 38 <-- 0.003684 s
currentSize : 39 <-- 0.004067 s
currentSize : 40 <-- 0.086763 s
currentSize : 41 <-- 1.228102 s
currentSize : 42 <-- 204.086685 s
currentSize : 43 <-- 206.272049 s
currentSize : 44 <-- 913.831177 s

TIMEOUT
maxsize : 44
nodes : 239230610.000000
filtered : 596814125.000000
time : 1000.000122
