Parameters: GAD=1 vflib=1 dir=0 label=1 lowerbound=1 fileNameGp=../../cp2016-max-common-connected-subgraph-paper/datasets/graphsdb/mcs10/m2D/m2D/mcs10_m2D_s60.A05 fileNameGt=../../cp2016-max-common-connected-subgraph-paper/datasets/graphsdb/mcs10/m2D/m2D/mcs10_m2D_s60.B05
Reading graphs...
60 :  102
60 :  103
Initializing...
maxdom : 7
D->valSize : 234
Solving...
Blb : 2 (clique : 20)
currentSize : 20 <-- 0.001592 s
currentSize : 21 <-- 0.001758 s
currentSize : 22 <-- 0.182358 s
currentSize : 23 <-- 0.191665 s
currentSize : 24 <-- 0.287453 s
currentSize : 25 <-- 4.141181 s
currentSize : 26 <-- 676.926392 s

TIMEOUT
maxsize : 26
nodes : 271370331.000000
filtered : 1689183742.000000
time : 1000.000000
