Parameters: GAD=1 vflib=1 dir=0 label=1 lowerbound=1 fileNameGp=../../cp2016-max-common-connected-subgraph-paper/datasets/graphsdb/mcs10/rand/r005/mcs10_r005_s50.A00 fileNameGt=../../cp2016-max-common-connected-subgraph-paper/datasets/graphsdb/mcs10/rand/r005/mcs10_r005_s50.B00
Reading graphs...
50 :  122
50 :  122
Initializing...
maxdom : 10
D->valSize : 301
Solving...
Blb : 2 (clique : 14)
currentSize : 14 <-- 0.002002 s
currentSize : 15 <-- 0.002120 s
currentSize : 16 <-- 0.002950 s
currentSize : 17 <-- 0.004953 s
currentSize : 18 <-- 0.005993 s
currentSize : 19 <-- 56.826427 s

maxsize : 19
nodes : 93154806.000000
filtered : 964594569.000000
time : 313.648895
