Parameters: GAD=1 vflib=1 dir=0 label=1 lowerbound=1 fileNameGp=../../cp2016-max-common-connected-subgraph-paper/datasets/graphsdb/mcs10/m3D/m3Dr6/mcs10_m3Dr6_s60.A00 fileNameGt=../../cp2016-max-common-connected-subgraph-paper/datasets/graphsdb/mcs10/m3D/m3Dr6/mcs10_m3Dr6_s60.B00
Reading graphs...
60 :  168
60 :  165
Initializing...
maxdom : 10
D->valSize : 261
Solving...
Blb : 2 (clique : 17)
currentSize : 17 <-- 0.001843 s
currentSize : 18 <-- 0.003736 s
currentSize : 19 <-- 0.006527 s
currentSize : 20 <-- 0.132355 s
currentSize : 21 <-- 45.122974 s
currentSize : 22 <-- 58.978569 s

maxsize : 22
nodes : 40110119.000000
filtered : 322775442.000000
time : 157.822540
