Parameters: GAD=1 vflib=1 dir=0 label=1 lowerbound=1 fileNameGp=../../cp2016-max-common-connected-subgraph-paper/datasets/graphsdb/mcs10/m3D/m3D/mcs10_m3D_s70.A06 fileNameGt=../../cp2016-max-common-connected-subgraph-paper/datasets/graphsdb/mcs10/m3D/m3D/mcs10_m3D_s70.B06
Reading graphs...
70 :  158
70 :  158
Initializing...
maxdom : 8
D->valSize : 295
Solving...
Blb : 2 (clique : 19)
currentSize : 19 <-- 0.002280 s
currentSize : 21 <-- 0.002409 s
currentSize : 22 <-- 0.002574 s
currentSize : 23 <-- 0.031335 s
currentSize : 24 <-- 2.083103 s
currentSize : 25 <-- 792.076843 s
currentSize : 26 <-- 797.313477 s

TIMEOUT
maxsize : 26
nodes : 293113125.000000
filtered : 1422463255.000000
time : 1000.000000
