Parameters: GAD=1 vflib=1 dir=0 label=1 lowerbound=1 fileNameGp=../../cp2016-max-common-connected-subgraph-paper/datasets/graphsdb/mcs10/rand/r005/mcs10_r005_s40.A02 fileNameGt=../../cp2016-max-common-connected-subgraph-paper/datasets/graphsdb/mcs10/rand/r005/mcs10_r005_s40.B02
Reading graphs...
40 :  77
40 :  80
Initializing...
maxdom : 8
D->valSize : 197
Solving...
Blb : 2 (clique : 12)
currentSize : 12 <-- 0.001189 s
currentSize : 13 <-- 0.005665 s
currentSize : 14 <-- 0.100363 s
currentSize : 15 <-- 0.340460 s
currentSize : 16 <-- 4.340363 s
currentSize : 17 <-- 6.629210 s

maxsize : 17
nodes : 2631291.000000
filtered : 21203017.000000
time : 8.616896
