Parameters: GAD=1 vflib=1 dir=0 label=1 lowerbound=1 fileNameGp=../../cp2016-max-common-connected-subgraph-paper/datasets/graphsdb/mcs10/m2D/m2Dr4/mcs10_m2Dr4_s90.A04 fileNameGt=../../cp2016-max-common-connected-subgraph-paper/datasets/graphsdb/mcs10/m2D/m2Dr4/mcs10_m2Dr4_s90.B04
Reading graphs...
90 :  196
90 :  193
Initializing...
maxdom : 10
D->valSize : 500
Solving...
Blb : 5 (clique : 29)
currentSize : 29 <-- 0.005693 s
currentSize : 30 <-- 0.068866 s
currentSize : 31 <-- 4.884363 s
currentSize : 32 <-- 183.177658 s
currentSize : 33 <-- 207.960175 s
currentSize : 34 <-- 615.905884 s
currentSize : 35 <-- 695.507141 s
currentSize : 36 <-- 761.055664 s

TIMEOUT
maxsize : 36
nodes : 213200755.000000
filtered : 1451635719.000000
time : 1000.000061
