Parameters: GAD=1 vflib=1 dir=0 label=1 lowerbound=1 fileNameGp=../../cp2016-max-common-connected-subgraph-paper/datasets/graphsdb/mcs10/m2D/m2Dr2/mcs10_m2Dr2_s100.A09 fileNameGt=../../cp2016-max-common-connected-subgraph-paper/datasets/graphsdb/mcs10/m2D/m2Dr2/mcs10_m2Dr2_s100.B09
Reading graphs...
100 :  199
100 :  199
Initializing...
maxdom : 7
D->valSize : 333
Solving...
Blb : 2 (clique : 29)
currentSize : 29 <-- 0.003254 s
currentSize : 30 <-- 0.003523 s
currentSize : 31 <-- 0.004358 s
currentSize : 32 <-- 0.010397 s
currentSize : 33 <-- 1.472456 s
currentSize : 34 <-- 10.199361 s
currentSize : 35 <-- 10.681248 s

TIMEOUT
maxsize : 35
nodes : 202637268.000000
filtered : 1156742740.000000
time : 1000.000061
