Parameters: GAD=1 vflib=1 dir=0 label=1 lowerbound=1 fileNameGp=../../cp2016-max-common-connected-subgraph-paper/datasets/graphsdb/mcs10/bvg/b06m/mcs10_b06m_s80.A04 fileNameGt=../../cp2016-max-common-connected-subgraph-paper/datasets/graphsdb/mcs10/bvg/b06m/mcs10_b06m_s80.B04
Reading graphs...
80 :  235
80 :  235
Initializing...
maxdom : 11
D->valSize : 393
Solving...
Blb : 2 (clique : 22)
currentSize : 22 <-- 0.003487 s
currentSize : 23 <-- 0.003893 s
currentSize : 24 <-- 0.036629 s
currentSize : 25 <-- 0.037135 s
currentSize : 26 <-- 27.091433 s
currentSize : 27 <-- 72.210403 s

TIMEOUT
maxsize : 27
nodes : 225719006.000000
filtered : 1905701456.000000
time : 1000.000000
