Parameters: GAD=1 vflib=1 dir=0 label=1 lowerbound=1 fileNameGp=../../cp2016-max-common-connected-subgraph-paper/datasets/graphsdb/mcs10/bvg/b09m/mcs10_b09m_s100.A02 fileNameGt=../../cp2016-max-common-connected-subgraph-paper/datasets/graphsdb/mcs10/bvg/b09m/mcs10_b09m_s100.B02
Reading graphs...
100 :  435
100 :  434
Initializing...
maxdom : 7
D->valSize : 319
Solving...
Blb : 2 (clique : 19)
currentSize : 19 <-- 0.003114 s
currentSize : 20 <-- 0.015024 s
currentSize : 21 <-- 0.208780 s
currentSize : 22 <-- 3.046498 s
currentSize : 23 <-- 10.658554 s
currentSize : 24 <-- 253.443726 s
currentSize : 25 <-- 751.374634 s

TIMEOUT
maxsize : 25
nodes : 203514469.000000
filtered : 1105099779.000000
time : 1000.000061
