Parameters: GAD=1 vflib=1 dir=0 label=1 lowerbound=1 fileNameGp=../../cp2016-max-common-connected-subgraph-paper/datasets/graphsdb/mcs10/m2D/m2Dr6/mcs10_m2Dr6_s60.A03 fileNameGt=../../cp2016-max-common-connected-subgraph-paper/datasets/graphsdb/mcs10/m2D/m2Dr6/mcs10_m2Dr6_s60.B03
Reading graphs...
60 :  136
60 :  137
Initializing...
maxdom : 7
D->valSize : 207
Solving...
Blb : 2 (clique : 16)
currentSize : 16 <-- 0.001421 s
currentSize : 17 <-- 0.001502 s
currentSize : 18 <-- 0.001685 s
currentSize : 19 <-- 0.002350 s
currentSize : 20 <-- 0.048211 s
currentSize : 21 <-- 0.087899 s
currentSize : 22 <-- 5.137453 s
currentSize : 23 <-- 167.538101 s

maxsize : 23
nodes : 59815100.000000
filtered : 369219866.000000
time : 229.431763
