Parameters: GAD=1 vflib=1 dir=0 label=1 lowerbound=1 fileNameGp=../../cp2016-max-common-connected-subgraph-paper/datasets/graphsdb/mcs10/m3D/m3D/mcs10_m3D_s80.A08 fileNameGt=../../cp2016-max-common-connected-subgraph-paper/datasets/graphsdb/mcs10/m3D/m3D/mcs10_m3D_s80.B08
Reading graphs...
80 :  183
80 :  183
Initializing...
maxdom : 11
D->valSize : 353
Solving...
Blb : 2 (clique : 22)
currentSize : 22 <-- 0.003020 s
currentSize : 23 <-- 0.003358 s
currentSize : 24 <-- 0.009583 s
currentSize : 25 <-- 0.020281 s
currentSize : 26 <-- 126.529602 s
currentSize : 27 <-- 130.427414 s

TIMEOUT
maxsize : 27
nodes : 229051019.000000
filtered : 1614418392.000000
time : 1000.000000
