Parameters: GAD=1 vflib=1 dir=0 label=1 lowerbound=1 fileNameGp=../../cp2016-max-common-connected-subgraph-paper/datasets/graphsdb/mcs10/m3D/m3D/mcs10_m3D_s70.A07 fileNameGt=../../cp2016-max-common-connected-subgraph-paper/datasets/graphsdb/mcs10/m3D/m3D/mcs10_m3D_s70.B07
Reading graphs...
70 :  156
70 :  154
Initializing...
maxdom : 6
D->valSize : 319
Solving...
Blb : 2 (clique : 23)
currentSize : 23 <-- 0.002591 s
currentSize : 24 <-- 0.253379 s
currentSize : 25 <-- 0.401468 s
currentSize : 26 <-- 8.365425 s
currentSize : 27 <-- 57.672337 s
currentSize : 28 <-- 65.964798 s

TIMEOUT
maxsize : 28
nodes : 233271313.000000
filtered : 1559215459.000000
time : 1000.000061
