Parameters: GAD=1 vflib=1 dir=0 label=1 lowerbound=1 fileNameGp=../../cp2016-max-common-connected-subgraph-paper/datasets/graphsdb/mcs10/bvg/b06m/mcs10_b06m_s70.A06 fileNameGt=../../cp2016-max-common-connected-subgraph-paper/datasets/graphsdb/mcs10/bvg/b06m/mcs10_b06m_s70.B06
Reading graphs...
70 :  205
70 :  201
Initializing...
maxdom : 9
D->valSize : 334
Solving...
Blb : 5 (clique : 19)
currentSize : 19 <-- 0.002673 s
currentSize : 20 <-- 0.023754 s
currentSize : 21 <-- 0.183448 s
currentSize : 22 <-- 0.184555 s
currentSize : 23 <-- 1.553491 s
currentSize : 24 <-- 535.753235 s

TIMEOUT
maxsize : 24
nodes : 235288058.000000
filtered : 1802756045.000000
time : 1000.000000
