Parameters: GAD=1 vflib=1 dir=0 label=1 lowerbound=1 fileNameGp=../../cp2016-max-common-connected-subgraph-paper/datasets/graphsdb/mcs10/m3D/m3Dr2/mcs10_m3Dr2_s100.A03 fileNameGt=../../cp2016-max-common-connected-subgraph-paper/datasets/graphsdb/mcs10/m3D/m3Dr2/mcs10_m3Dr2_s100.B03
Reading graphs...
100 :  252
100 :  252
Initializing...
maxdom : 6
D->valSize : 303
Solving...
Blb : 2 (clique : 26)
currentSize : 26 <-- 0.002884 s
currentSize : 27 <-- 0.025980 s
currentSize : 28 <-- 0.242950 s
currentSize : 29 <-- 2.447197 s
currentSize : 30 <-- 36.033569 s
currentSize : 31 <-- 57.928432 s
currentSize : 32 <-- 386.128754 s

TIMEOUT
maxsize : 32
nodes : 219478668.000000
filtered : 906787452.000000
time : 1000.000061
