Parameters: GAD=1 vflib=1 dir=0 label=1 lowerbound=1 fileNameGp=../../cp2016-max-common-connected-subgraph-paper/datasets/graphsdb/mcs10/rand/r005/mcs10_r005_s100.A06 fileNameGt=../../cp2016-max-common-connected-subgraph-paper/datasets/graphsdb/mcs10/rand/r005/mcs10_r005_s100.B06
Reading graphs...
100 :  491
100 :  493
Initializing...
maxdom : 7
D->valSize : 323
Solving...
Blb : 2 (clique : 18)
currentSize : 18 <-- 0.003165 s
currentSize : 19 <-- 0.003623 s
currentSize : 20 <-- 0.008143 s
currentSize : 21 <-- 0.008930 s
currentSize : 22 <-- 1.578077 s
currentSize : 23 <-- 17.733828 s
currentSize : 24 <-- 56.814255 s

TIMEOUT
maxsize : 24
nodes : 198439662.000000
filtered : 1166066781.000000
time : 1000.000061
