Parameters: GAD=1 vflib=1 dir=0 label=1 lowerbound=1 fileNameGp=../../cp2016-max-common-connected-subgraph-paper/datasets/graphsdb/mcs10/m3D/m3D/mcs10_m3D_s70.A00 fileNameGt=../../cp2016-max-common-connected-subgraph-paper/datasets/graphsdb/mcs10/m3D/m3D/mcs10_m3D_s70.B00
Reading graphs...
70 :  159
70 :  158
Initializing...
maxdom : 8
D->valSize : 333
Solving...
Blb : 2 (clique : 21)
currentSize : 21 <-- 0.004482 s
currentSize : 22 <-- 0.006503 s
currentSize : 23 <-- 0.008264 s
currentSize : 24 <-- 0.034261 s
currentSize : 25 <-- 0.137849 s
currentSize : 26 <-- 746.490234 s

TIMEOUT
maxsize : 26
nodes : 268650144.000000
filtered : 1721494927.000000
time : 1000.000000
