Parameters: GAD=1 vflib=1 dir=0 label=1 lowerbound=1 fileNameGp=../../cp2016-max-common-connected-subgraph-paper/datasets/graphsdb/mcs10/m2D/m2Dr2/mcs10_m2Dr2_s80.A02 fileNameGt=../../cp2016-max-common-connected-subgraph-paper/datasets/graphsdb/mcs10/m2D/m2Dr2/mcs10_m2Dr2_s80.B02
Reading graphs...
80 :  156
80 :  158
Initializing...
maxdom : 10
D->valSize : 422
Solving...
Blb : 2 (clique : 25)
currentSize : 25 <-- 0.004040 s
currentSize : 26 <-- 0.004689 s
currentSize : 27 <-- 1.218124 s
currentSize : 28 <-- 2.346061 s
currentSize : 29 <-- 4.293104 s
currentSize : 30 <-- 107.502281 s
currentSize : 31 <-- 586.082153 s
currentSize : 32 <-- 830.892517 s

TIMEOUT
maxsize : 32
nodes : 276639594.000000
filtered : 1294033083.000000
time : 1000.000061
