Parameters: GAD=1 vflib=1 dir=0 label=1 lowerbound=1 fileNameGp=../../cp2016-max-common-connected-subgraph-paper/datasets/graphsdb/mcs10/rand/r01/mcs10_r01_s100.A01 fileNameGt=../../cp2016-max-common-connected-subgraph-paper/datasets/graphsdb/mcs10/rand/r01/mcs10_r01_s100.B01
Reading graphs...
100 :  952
100 :  934
Initializing...
maxdom : 7
D->valSize : 304
Solving...
Blb : 2 (clique : 12)
currentSize : 12 <-- 0.002838 s
currentSize : 13 <-- 0.003748 s
currentSize : 14 <-- 0.022883 s
currentSize : 15 <-- 0.052948 s
currentSize : 16 <-- 3.561426 s

maxsize : 16
nodes : 29230652.000000
filtered : 196952507.000000
time : 152.356171
