Parameters: GAD=1 vflib=1 dir=0 label=1 lowerbound=1 fileNameGp=../../cp2016-max-common-connected-subgraph-paper/datasets/graphsdb/mcs10/bvg/b06m/mcs10_b06m_s100.A02 fileNameGt=../../cp2016-max-common-connected-subgraph-paper/datasets/graphsdb/mcs10/bvg/b06m/mcs10_b06m_s100.B02
Reading graphs...
100 :  292
100 :  293
Initializing...
maxdom : 6
D->valSize : 304
Solving...
Blb : 2 (clique : 25)
currentSize : 25 <-- 0.004498 s
currentSize : 26 <-- 0.004833 s
currentSize : 27 <-- 0.156082 s
currentSize : 28 <-- 23.195168 s
currentSize : 29 <-- 134.528091 s
currentSize : 30 <-- 694.045837 s

TIMEOUT
maxsize : 30
nodes : 206309969.000000
filtered : 982227519.000000
time : 1000.000061
