Parameters: GAD=1 vflib=1 dir=0 label=1 lowerbound=1 fileNameGp=../../cp2016-max-common-connected-subgraph-paper/datasets/graphsdb/mcs10/bvg/b06m/mcs10_b06m_s80.A02 fileNameGt=../../cp2016-max-common-connected-subgraph-paper/datasets/graphsdb/mcs10/bvg/b06m/mcs10_b06m_s80.B02
Reading graphs...
80 :  233
80 :  234
Initializing...
maxdom : 9
D->valSize : 446
Solving...
Blb : 5 (clique : 20)
currentSize : 20 <-- 0.004134 s
currentSize : 22 <-- 0.020048 s
currentSize : 23 <-- 0.311269 s
currentSize : 24 <-- 19.399420 s
currentSize : 25 <-- 154.599411 s
currentSize : 26 <-- 278.543182 s

TIMEOUT
maxsize : 26
nodes : 218741677.000000
filtered : 2071079764.000000
time : 1000.000000
