Parameters: GAD=1 vflib=1 dir=0 label=1 lowerbound=1 fileNameGp=../../cp2016-max-common-connected-subgraph-paper/datasets/graphsdb/mcs10/rand/r005/mcs10_r005_s60.A00 fileNameGt=../../cp2016-max-common-connected-subgraph-paper/datasets/graphsdb/mcs10/rand/r005/mcs10_r005_s60.B00
Reading graphs...
60 :  177
60 :  178
Initializing...
maxdom : 6
D->valSize : 232
Solving...
Blb : 2 (clique : 16)
currentSize : 16 <-- 0.001540 s
currentSize : 17 <-- 0.001656 s
currentSize : 18 <-- 0.001739 s
currentSize : 19 <-- 0.020183 s
currentSize : 20 <-- 0.048870 s
currentSize : 21 <-- 23.465006 s

maxsize : 21
nodes : 45389536.000000
filtered : 312995065.000000
time : 174.268555
