Parameters: GAD=1 vflib=1 dir=0 label=1 lowerbound=1 fileNameGp=../../cp2016-max-common-connected-subgraph-paper/datasets/graphsdb/mcs10/m2D/m2Dr6/mcs10_m2Dr6_s50.A06 fileNameGt=../../cp2016-max-common-connected-subgraph-paper/datasets/graphsdb/mcs10/m2D/m2Dr6/mcs10_m2Dr6_s50.B06
Reading graphs...
50 :  112
50 :  112
Initializing...
maxdom : 15
D->valSize : 380
Solving...
Blb : 2 (clique : 17)
currentSize : 17 <-- 0.002868 s
currentSize : 18 <-- 0.124154 s
currentSize : 19 <-- 1.501980 s
currentSize : 20 <-- 27.250784 s
currentSize : 21 <-- 693.447449 s

maxsize : 21
nodes : 217895105.000000
filtered : 3106382662.000000
time : 837.719177
