Parameters: GAD=1 vflib=1 dir=0 label=1 lowerbound=1 fileNameGp=../../cp2016-max-common-connected-subgraph-paper/datasets/graphsdb/mcs10/m2D/m2D/mcs10_m2D_s80.A07 fileNameGt=../../cp2016-max-common-connected-subgraph-paper/datasets/graphsdb/mcs10/m2D/m2D/mcs10_m2D_s80.B07
Reading graphs...
80 :  141
80 :  142
Initializing...
maxdom : 10
D->valSize : 428
Solving...
Blb : 2 (clique : 26)
currentSize : 26 <-- 0.004145 s
currentSize : 27 <-- 0.006164 s
currentSize : 28 <-- 0.008030 s
currentSize : 29 <-- 1.463360 s
currentSize : 30 <-- 1.696899 s
currentSize : 31 <-- 21.005644 s

TIMEOUT
maxsize : 31
nodes : 232212913.000000
filtered : 1765135517.000000
time : 1000.000000
