Parameters: GAD=1 vflib=1 dir=0 label=1 lowerbound=1 fileNameGp=../../cp2016-max-common-connected-subgraph-paper/datasets/graphsdb/mcs10/m3D/m3D/mcs10_m3D_s80.A07 fileNameGt=../../cp2016-max-common-connected-subgraph-paper/datasets/graphsdb/mcs10/m3D/m3D/mcs10_m3D_s80.B07
Reading graphs...
80 :  184
80 :  180
Initializing...
maxdom : 10
D->valSize : 408
Solving...
Blb : 2 (clique : 23)
currentSize : 23 <-- 0.006336 s
currentSize : 24 <-- 0.006672 s
currentSize : 25 <-- 0.009932 s
currentSize : 26 <-- 0.068321 s
currentSize : 27 <-- 5.759157 s
currentSize : 28 <-- 7.936663 s
currentSize : 29 <-- 46.178993 s

TIMEOUT
maxsize : 29
nodes : 216582769.000000
filtered : 1508507856.000000
time : 1000.000000
