Parameters: GAD=1 vflib=1 dir=0 label=1 lowerbound=1 fileNameGp=../../cp2016-max-common-connected-subgraph-paper/datasets/graphsdb/mcs10/m2D/m2Dr2/mcs10_m2Dr2_s90.A07 fileNameGt=../../cp2016-max-common-connected-subgraph-paper/datasets/graphsdb/mcs10/m2D/m2Dr2/mcs10_m2Dr2_s90.B07
Reading graphs...
90 :  179
90 :  178
Initializing...
maxdom : 12
D->valSize : 517
Solving...
Blb : 2 (clique : 29)
currentSize : 29 <-- 0.005828 s
currentSize : 30 <-- 0.006060 s
currentSize : 31 <-- 0.006426 s
currentSize : 32 <-- 0.022026 s
currentSize : 33 <-- 0.376697 s
currentSize : 34 <-- 0.508564 s
currentSize : 35 <-- 322.962036 s

TIMEOUT
maxsize : 35
nodes : 272436510.000000
filtered : 1419186119.000000
time : 1000.000061
