Parameters: GAD=1 vflib=1 dir=0 label=1 lowerbound=1 fileNameGp=../../cp2016-max-common-connected-subgraph-paper/datasets/graphsdb/mcs10/rand/r01/mcs10_r01_s100.A00 fileNameGt=../../cp2016-max-common-connected-subgraph-paper/datasets/graphsdb/mcs10/rand/r01/mcs10_r01_s100.B00
Reading graphs...
100 :  935
100 :  943
Initializing...
maxdom : 6
D->valSize : 341
Solving...
Blb : 5 (clique : 13)
currentSize : 13 <-- 0.004804 s
currentSize : 14 <-- 0.031705 s
currentSize : 15 <-- 0.066716 s
currentSize : 16 <-- 2.280127 s
currentSize : 17 <-- 12.633964 s
currentSize : 18 <-- 46.045506 s

maxsize : 18
nodes : 38533746.000000
filtered : 329267753.000000
time : 216.675674
