Parameters: GAD=1 vflib=1 dir=0 label=1 lowerbound=1 fileNameGp=../../cp2016-max-common-connected-subgraph-paper/datasets/graphsdb/mcs10/m3D/m3Dr4/mcs10_m3Dr4_s80.A09 fileNameGt=../../cp2016-max-common-connected-subgraph-paper/datasets/graphsdb/mcs10/m3D/m3Dr4/mcs10_m3Dr4_s80.B09
Reading graphs...
80 :  215
80 :  212
Initializing...
maxdom : 10
D->valSize : 423
Solving...
Blb : 2 (clique : 23)
currentSize : 23 <-- 0.003957 s
currentSize : 24 <-- 0.016913 s
currentSize : 25 <-- 0.665735 s
currentSize : 26 <-- 7.812421 s
currentSize : 27 <-- 36.512928 s
currentSize : 28 <-- 65.546631 s

TIMEOUT
maxsize : 28
nodes : 227626983.000000
filtered : 1846403712.000000
time : 1000.000000
