Parameters: GAD=1 vflib=1 dir=0 label=1 lowerbound=1 fileNameGp=../../cp2016-max-common-connected-subgraph-paper/datasets/graphsdb/mcs10/m2D/m2Dr4/mcs10_m2Dr4_s70.A07 fileNameGt=../../cp2016-max-common-connected-subgraph-paper/datasets/graphsdb/mcs10/m2D/m2Dr4/mcs10_m2Dr4_s70.B07
Reading graphs...
70 :  151
70 :  148
Initializing...
maxdom : 9
D->valSize : 317
Solving...
Blb : 2 (clique : 21)
currentSize : 21 <-- 0.003932 s
currentSize : 22 <-- 0.004123 s
currentSize : 23 <-- 0.008496 s
currentSize : 24 <-- 0.048758 s
currentSize : 25 <-- 7.842578 s
currentSize : 26 <-- 51.114952 s

TIMEOUT
maxsize : 26
nodes : 266865666.000000
filtered : 1495011101.000000
time : 1000.000061
