Parameters: GAD=1 vflib=1 dir=0 label=1 lowerbound=1 fileNameGp=../../cp2016-max-common-connected-subgraph-paper/datasets/graphsdb/mcs10/m2D/m2D/mcs10_m2D_s60.A04 fileNameGt=../../cp2016-max-common-connected-subgraph-paper/datasets/graphsdb/mcs10/m2D/m2D/mcs10_m2D_s60.B04
Reading graphs...
60 :  102
60 :  104
Initializing...
maxdom : 7
D->valSize : 235
Solving...
Blb : 2 (clique : 22)
currentSize : 22 <-- 0.001599 s
currentSize : 23 <-- 0.002063 s
currentSize : 24 <-- 0.002097 s
currentSize : 25 <-- 0.231136 s
currentSize : 26 <-- 1.569550 s
currentSize : 27 <-- 183.639099 s

TIMEOUT
maxsize : 27
nodes : 267452940.000000
filtered : 1562106805.000000
time : 1000.000000
