Parameters: GAD=1 vflib=1 dir=0 label=1 lowerbound=1 fileNameGp=../../cp2016-max-common-connected-subgraph-paper/datasets/graphsdb/mcs10/m2D/m2Dr2/mcs10_m2Dr2_s70.A09 fileNameGt=../../cp2016-max-common-connected-subgraph-paper/datasets/graphsdb/mcs10/m2D/m2Dr2/mcs10_m2Dr2_s70.B09
Reading graphs...
70 :  137
70 :  136
Initializing...
maxdom : 9
D->valSize : 313
Solving...
Blb : 2 (clique : 21)
currentSize : 21 <-- 0.002442 s
currentSize : 22 <-- 0.008308 s
currentSize : 23 <-- 0.047528 s
currentSize : 24 <-- 1.837925 s
currentSize : 25 <-- 9.603298 s
currentSize : 26 <-- 310.815613 s

TIMEOUT
maxsize : 26
nodes : 257572404.000000
filtered : 1638361141.000000
time : 1000.000000
