Parameters: GAD=1 vflib=1 dir=0 label=1 lowerbound=1 fileNameGp=../../cp2016-max-common-connected-subgraph-paper/datasets/graphsdb/mcs10/m3D/m3Dr2/mcs10_m3Dr2_s80.A03 fileNameGt=../../cp2016-max-common-connected-subgraph-paper/datasets/graphsdb/mcs10/m3D/m3Dr2/mcs10_m3Dr2_s80.B03
Reading graphs...
80 :  195
80 :  197
Initializing...
maxdom : 8
D->valSize : 398
Solving...
Blb : 2 (clique : 22)
currentSize : 22 <-- 0.003698 s
currentSize : 23 <-- 0.003864 s
currentSize : 24 <-- 0.053748 s
currentSize : 25 <-- 0.093697 s
currentSize : 26 <-- 0.525626 s
currentSize : 27 <-- 2.013277 s
currentSize : 28 <-- 166.503967 s

TIMEOUT
maxsize : 28
nodes : 249356060.000000
filtered : 1561603967.000000
time : 1000.000061
