Parameters: GAD=1 vflib=1 dir=0 label=1 lowerbound=1 fileNameGp=../../cp2016-max-common-connected-subgraph-paper/datasets/graphsdb/mcs10/m2D/m2Dr6/mcs10_m2Dr6_s50.A05 fileNameGt=../../cp2016-max-common-connected-subgraph-paper/datasets/graphsdb/mcs10/m2D/m2Dr6/mcs10_m2Dr6_s50.B05
Reading graphs...
50 :  114
50 :  112
Initializing...
maxdom : 13
D->valSize : 301
Solving...
Blb : 3 (clique : 16)
currentSize : 16 <-- 0.001989 s
currentSize : 17 <-- 0.102662 s
currentSize : 18 <-- 7.609106 s
currentSize : 19 <-- 7.613059 s
currentSize : 20 <-- 102.347977 s
currentSize : 21 <-- 243.779373 s

maxsize : 21
nodes : 66868966.000000
filtered : 755195223.000000
time : 255.993774
