Parameters: GAD=1 vflib=1 dir=0 label=1 lowerbound=1 fileNameGp=../../cp2016-max-common-connected-subgraph-paper/datasets/graphsdb/mcs10/m3D/m3Dr2/mcs10_m3Dr2_s100.A00 fileNameGt=../../cp2016-max-common-connected-subgraph-paper/datasets/graphsdb/mcs10/m3D/m3Dr2/mcs10_m3Dr2_s100.B00
Reading graphs...
100 :  251
100 :  252
Initializing...
maxdom : 7
D->valSize : 311
Solving...
Blb : 2 (clique : 27)
currentSize : 27 <-- 0.004861 s
currentSize : 28 <-- 0.016562 s
currentSize : 29 <-- 0.016926 s
currentSize : 30 <-- 1.905484 s
currentSize : 31 <-- 1.975483 s
currentSize : 32 <-- 1.983846 s
currentSize : 33 <-- 6.274287 s

TIMEOUT
maxsize : 33
nodes : 211910790.000000
filtered : 1032995288.000000
time : 1000.000061
