Parameters: GAD=1 vflib=1 dir=0 label=1 lowerbound=1 fileNameGp=../../cp2016-max-common-connected-subgraph-paper/datasets/graphsdb/mcs10/rand/r01/mcs10_r01_s80.A00 fileNameGt=../../cp2016-max-common-connected-subgraph-paper/datasets/graphsdb/mcs10/rand/r01/mcs10_r01_s80.B00
Reading graphs...
80 :  602
80 :  599
Initializing...
maxdom : 10
D->valSize : 400
Solving...
Blb : 2 (clique : 13)
currentSize : 13 <-- 0.003462 s
currentSize : 14 <-- 0.006330 s
currentSize : 15 <-- 0.006816 s
currentSize : 16 <-- 0.008698 s
currentSize : 17 <-- 56.468437 s

maxsize : 17
nodes : 40593535.000000
filtered : 450813183.000000
time : 203.397079
