Parameters: GAD=1 vflib=1 dir=0 label=1 lowerbound=1 fileNameGp=../../cp2016-max-common-connected-subgraph-paper/datasets/graphsdb/mcs10/rand/r005/mcs10_r005_s70.A05 fileNameGt=../../cp2016-max-common-connected-subgraph-paper/datasets/graphsdb/mcs10/rand/r005/mcs10_r005_s70.B05
Reading graphs...
70 :  241
70 :  242
Initializing...
maxdom : 7
D->valSize : 312
Solving...
Blb : 2 (clique : 17)
currentSize : 17 <-- 0.003699 s
currentSize : 18 <-- 0.008302 s
currentSize : 19 <-- 0.093895 s
currentSize : 20 <-- 0.148748 s
currentSize : 21 <-- 0.156758 s
currentSize : 22 <-- 44.949432 s

TIMEOUT
maxsize : 22
nodes : 226703347.000000
filtered : 1820830737.000000
time : 1000.000000
