Parameters: GAD=1 vflib=1 dir=0 label=1 lowerbound=1 fileNameGp=../../cp2016-max-common-connected-subgraph-paper/datasets/graphsdb/mcs10/m2D/m2Dr6/mcs10_m2Dr6_s60.A05 fileNameGt=../../cp2016-max-common-connected-subgraph-paper/datasets/graphsdb/mcs10/m2D/m2Dr6/mcs10_m2Dr6_s60.B05
Reading graphs...
60 :  136
60 :  137
Initializing...
maxdom : 7
D->valSize : 227
Solving...
Blb : 2 (clique : 18)
currentSize : 18 <-- 0.002490 s
currentSize : 19 <-- 0.025871 s
currentSize : 20 <-- 0.026018 s
currentSize : 21 <-- 0.091544 s
currentSize : 22 <-- 0.164090 s
currentSize : 23 <-- 6.907992 s
currentSize : 24 <-- 10.592076 s

maxsize : 24
nodes : 37058825.000000
filtered : 248735746.000000
time : 146.707230
