Parameters: GAD=1 vflib=1 dir=0 label=1 lowerbound=1 fileNameGp=../../cp2016-max-common-connected-subgraph-paper/datasets/graphsdb/mcs10/bvg/b03m/mcs10_b03m_s70.A03 fileNameGt=../../cp2016-max-common-connected-subgraph-paper/datasets/graphsdb/mcs10/bvg/b03m/mcs10_b03m_s70.B03
Reading graphs...
70 :  105
70 :  104
Initializing...
maxdom : 7
D->valSize : 315
Solving...
Blb : 2 (clique : 27)
currentSize : 27 <-- 0.002638 s
currentSize : 28 <-- 0.003069 s
currentSize : 29 <-- 0.007714 s
currentSize : 30 <-- 0.575647 s
currentSize : 31 <-- 0.585430 s
currentSize : 32 <-- 17.431433 s

TIMEOUT
maxsize : 32
nodes : 268371505.000000
filtered : 1447871801.000000
time : 1000.000061
