Parameters: GAD=1 vflib=1 dir=0 label=1 lowerbound=1 fileNameGp=../../cp2016-max-common-connected-subgraph-paper/datasets/graphsdb/mcs10/bvg/b06/mcs10_b06_s90.A00 fileNameGt=../../cp2016-max-common-connected-subgraph-paper/datasets/graphsdb/mcs10/bvg/b06/mcs10_b06_s90.B00
Reading graphs...
90 :  265
90 :  264
Initializing...
maxdom : 9
D->valSize : 499
Solving...
Blb : 2 (clique : 25)
currentSize : 25 <-- 0.005360 s
currentSize : 26 <-- 0.201777 s
currentSize : 27 <-- 0.529001 s
currentSize : 28 <-- 0.713980 s
currentSize : 29 <-- 103.526291 s
currentSize : 30 <-- 138.190857 s

TIMEOUT
maxsize : 30
nodes : 212302186.000000
filtered : 1862019585.000000
time : 1000.000000
