Parameters: GAD=1 vflib=1 dir=0 label=1 lowerbound=1 fileNameGp=../../cp2016-max-common-connected-subgraph-paper/datasets/graphsdb/mcs10/m3D/m3Dr6/mcs10_m3Dr6_s70.A04 fileNameGt=../../cp2016-max-common-connected-subgraph-paper/datasets/graphsdb/mcs10/m3D/m3Dr6/mcs10_m3Dr6_s70.B04
Reading graphs...
70 :  199
70 :  195
Initializing...
maxdom : 6
D->valSize : 308
Solving...
Blb : 2 (clique : 20)
currentSize : 20 <-- 0.002446 s
currentSize : 21 <-- 0.002624 s
currentSize : 22 <-- 0.002755 s
currentSize : 23 <-- 1.739337 s
currentSize : 24 <-- 1.752212 s
currentSize : 25 <-- 342.054779 s

TIMEOUT
maxsize : 25
nodes : 230900115.000000
filtered : 1768771619.000000
time : 1000.000061
