Parameters: GAD=1 vflib=1 dir=0 label=1 lowerbound=1 fileNameGp=../../cp2016-max-common-connected-subgraph-paper/datasets/graphsdb/mcs10/rand/r01/mcs10_r01_s90.A05 fileNameGt=../../cp2016-max-common-connected-subgraph-paper/datasets/graphsdb/mcs10/rand/r01/mcs10_r01_s90.B05
Reading graphs...
90 :  770
90 :  761
Initializing...
maxdom : 10
D->valSize : 500
Solving...
Blb : 2 (clique : 12)
currentSize : 12 <-- 0.007876 s
currentSize : 13 <-- 0.009062 s
currentSize : 14 <-- 0.009348 s
currentSize : 15 <-- 0.040420 s
currentSize : 16 <-- 3.604764 s
currentSize : 17 <-- 79.495834 s
currentSize : 18 <-- 466.859467 s

TIMEOUT
maxsize : 18
nodes : 182649723.000000
filtered : 2136916684.000000
time : 1000.000000
