Parameters: GAD=1 vflib=1 dir=0 label=1 lowerbound=1 fileNameGp=../../cp2016-max-common-connected-subgraph-paper/datasets/graphsdb/mcs10/m2D/m2Dr2/mcs10_m2Dr2_s100.A05 fileNameGt=../../cp2016-max-common-connected-subgraph-paper/datasets/graphsdb/mcs10/m2D/m2Dr2/mcs10_m2Dr2_s100.B05
Reading graphs...
100 :  196
100 :  198
Initializing...
maxdom : 8
D->valSize : 353
Solving...
Blb : 2 (clique : 30)
currentSize : 30 <-- 0.005605 s
currentSize : 31 <-- 0.005959 s
currentSize : 32 <-- 0.006316 s
currentSize : 33 <-- 0.122978 s
currentSize : 34 <-- 0.169932 s
currentSize : 35 <-- 0.260837 s
currentSize : 36 <-- 2.776406 s
currentSize : 37 <-- 32.406315 s
currentSize : 38 <-- 247.122437 s

TIMEOUT
maxsize : 38
nodes : 214465952.000000
filtered : 899592124.000000
time : 1000.000061
