Parameters: GAD=1 vflib=1 dir=0 label=1 lowerbound=1 fileNameGp=../../cp2016-max-common-connected-subgraph-paper/datasets/graphsdb/mcs10/rand/r005/mcs10_r005_s90.A02 fileNameGt=../../cp2016-max-common-connected-subgraph-paper/datasets/graphsdb/mcs10/rand/r005/mcs10_r005_s90.B02
Reading graphs...
90 :  394
90 :  387
Initializing...
maxdom : 8
D->valSize : 537
Solving...
Blb : 2 (clique : 20)
currentSize : 20 <-- 0.009404 s
currentSize : 21 <-- 0.010097 s
currentSize : 22 <-- 1.214177 s
currentSize : 23 <-- 4.603828 s
currentSize : 24 <-- 9.556203 s
currentSize : 25 <-- 52.661949 s
currentSize : 26 <-- 105.996628 s
currentSize : 27 <-- 424.144287 s

TIMEOUT
maxsize : 27
nodes : 195996859.000000
filtered : 1638141109.000000
time : 1000.000061
