Parameters: GAD=1 vflib=1 dir=0 label=1 lowerbound=1 fileNameGp=../../cp2016-max-common-connected-subgraph-paper/datasets/graphsdb/mcs10/m2D/m2Dr4/mcs10_m2Dr4_s90.A06 fileNameGt=../../cp2016-max-common-connected-subgraph-paper/datasets/graphsdb/mcs10/m2D/m2Dr4/mcs10_m2Dr4_s90.B06
Reading graphs...
90 :  195
90 :  194
Initializing...
maxdom : 10
D->valSize : 488
Solving...
Blb : 2 (clique : 30)
currentSize : 30 <-- 0.008473 s
currentSize : 31 <-- 0.009423 s
currentSize : 32 <-- 0.017936 s
currentSize : 33 <-- 0.051682 s
currentSize : 34 <-- 28.840532 s
currentSize : 35 <-- 966.227112 s

TIMEOUT
maxsize : 35
nodes : 246250799.000000
filtered : 1077552213.000000
time : 1000.000061
