Parameters: GAD=1 vflib=1 dir=0 label=1 lowerbound=1 fileNameGp=../../cp2016-max-common-connected-subgraph-paper/datasets/graphsdb/mcs10/bvg/b03m/mcs10_b03m_s80.A07 fileNameGt=../../cp2016-max-common-connected-subgraph-paper/datasets/graphsdb/mcs10/bvg/b03m/mcs10_b03m_s80.B07
Reading graphs...
80 :  120
80 :  120
Initializing...
maxdom : 9
D->valSize : 397
Solving...
Blb : 2 (clique : 28)
currentSize : 28 <-- 0.005955 s
currentSize : 29 <-- 0.006350 s
currentSize : 30 <-- 0.014331 s
currentSize : 31 <-- 6.379647 s
currentSize : 32 <-- 176.242752 s
currentSize : 33 <-- 178.719360 s
currentSize : 34 <-- 184.088364 s

TIMEOUT
maxsize : 34
nodes : 225762664.000000
filtered : 1235980557.000000
time : 1000.000061
