Parameters: GAD=1 vflib=1 dir=0 label=1 lowerbound=1 fileNameGp=../../cp2016-max-common-connected-subgraph-paper/datasets/graphsdb/mcs10/m2D/m2D/mcs10_m2D_s60.A07 fileNameGt=../../cp2016-max-common-connected-subgraph-paper/datasets/graphsdb/mcs10/m2D/m2D/mcs10_m2D_s60.B07
Reading graphs...
60 :  103
60 :  103
Initializing...
maxdom : 7
D->valSize : 231
Solving...
Blb : 2 (clique : 20)
currentSize : 20 <-- 0.001655 s
currentSize : 21 <-- 0.001782 s
currentSize : 22 <-- 0.025964 s
currentSize : 23 <-- 0.038889 s
currentSize : 24 <-- 0.894649 s
currentSize : 25 <-- 2.199672 s
currentSize : 26 <-- 36.201969 s

TIMEOUT
maxsize : 26
nodes : 260841941.000000
filtered : 2029130689.000000
time : 1000.000000
