Parameters: GAD=1 vflib=1 dir=0 label=1 lowerbound=1 fileNameGp=../../cp2016-max-common-connected-subgraph-paper/datasets/graphsdb/mcs10/rand/r01/mcs10_r01_s100.A02 fileNameGt=../../cp2016-max-common-connected-subgraph-paper/datasets/graphsdb/mcs10/rand/r01/mcs10_r01_s100.B02
Reading graphs...
100 :  945
100 :  934
Initializing...
maxdom : 7
D->valSize : 297
Solving...
Blb : 5 (clique : 11)
currentSize : 11 <-- 0.002683 s
currentSize : 12 <-- 0.003210 s
currentSize : 13 <-- 0.031955 s
currentSize : 14 <-- 0.067056 s
currentSize : 15 <-- 0.307948 s
currentSize : 16 <-- 2.828660 s
currentSize : 17 <-- 4.500834 s

maxsize : 17
nodes : 26346780.000000
filtered : 191386585.000000
time : 142.630463
