Parameters: GAD=1 vflib=1 dir=0 label=1 lowerbound=1 fileNameGp=../../cp2016-max-common-connected-subgraph-paper/datasets/graphsdb/mcs10/m3D/m3Dr4/mcs10_m3Dr4_s80.A04 fileNameGt=../../cp2016-max-common-connected-subgraph-paper/datasets/graphsdb/mcs10/m3D/m3Dr4/mcs10_m3Dr4_s80.B04
Reading graphs...
80 :  211
80 :  211
Initializing...
maxdom : 8
D->valSize : 385
Solving...
Blb : 2 (clique : 23)
currentSize : 23 <-- 0.003486 s
currentSize : 24 <-- 0.003737 s
currentSize : 25 <-- 0.006540 s
currentSize : 26 <-- 0.044201 s
currentSize : 27 <-- 0.075940 s
currentSize : 28 <-- 0.083670 s
currentSize : 29 <-- 29.236412 s

TIMEOUT
maxsize : 29
nodes : 220414907.000000
filtered : 1325418376.000000
time : 1000.000061
