Parameters: GAD=1 vflib=1 dir=0 label=1 lowerbound=1 fileNameGp=../../cp2016-max-common-connected-subgraph-paper/datasets/graphsdb/mcs10/m4D/m4Dr4/mcs10_m4Dr4_s100.A05 fileNameGt=../../cp2016-max-common-connected-subgraph-paper/datasets/graphsdb/mcs10/m4D/m4Dr4/mcs10_m4Dr4_s100.B05
Reading graphs...
100 :  195
100 :  195
Initializing...
maxdom : 10
D->valSize : 293
Solving...
Blb : 2 (clique : 31)
currentSize : 31 <-- 0.004597 s
currentSize : 32 <-- 0.190130 s
currentSize : 33 <-- 0.503573 s
currentSize : 34 <-- 9.385342 s
currentSize : 35 <-- 138.971985 s
currentSize : 36 <-- 144.676620 s

TIMEOUT
maxsize : 36
nodes : 240404415.000000
filtered : 747599035.000000
time : 1000.000061
