Parameters: GAD=1 vflib=1 dir=0 label=1 lowerbound=1 fileNameGp=../../cp2016-max-common-connected-subgraph-paper/datasets/graphsdb/mcs10/m2D/m2Dr2/mcs10_m2Dr2_s80.A03 fileNameGt=../../cp2016-max-common-connected-subgraph-paper/datasets/graphsdb/mcs10/m2D/m2Dr2/mcs10_m2Dr2_s80.B03
Reading graphs...
80 :  157
80 :  156
Initializing...
maxdom : 11
D->valSize : 427
Solving...
Blb : 2 (clique : 25)
currentSize : 25 <-- 0.006416 s
currentSize : 26 <-- 2.061090 s
currentSize : 27 <-- 4.737955 s
currentSize : 28 <-- 29.063484 s
currentSize : 29 <-- 609.516296 s
currentSize : 30 <-- 760.954956 s

TIMEOUT
maxsize : 30
nodes : 255408278.000000
filtered : 1721032517.000000
time : 1000.000061
