Parameters: GAD=1 vflib=1 dir=0 label=1 lowerbound=1 fileNameGp=../../cp2016-max-common-connected-subgraph-paper/datasets/graphsdb/mcs10/rand/r01/mcs10_r01_s100.A05 fileNameGt=../../cp2016-max-common-connected-subgraph-paper/datasets/graphsdb/mcs10/rand/r01/mcs10_r01_s100.B05
Reading graphs...
100 :  944
100 :  940
Initializing...
maxdom : 8
D->valSize : 311
Solving...
Blb : 2 (clique : 11)
currentSize : 11 <-- 0.002862 s
currentSize : 12 <-- 0.003875 s
currentSize : 13 <-- 0.026795 s
currentSize : 14 <-- 0.234178 s
currentSize : 15 <-- 0.421404 s
currentSize : 16 <-- 8.320039 s
currentSize : 17 <-- 17.693956 s

maxsize : 17
nodes : 26056129.000000
filtered : 203969496.000000
time : 139.514343
