Parameters: GAD=1 vflib=1 dir=0 label=1 lowerbound=1 fileNameGp=../../cp2016-max-common-connected-subgraph-paper/datasets/graphsdb/mcs10/rand/r01/mcs10_r01_s70.A07 fileNameGt=../../cp2016-max-common-connected-subgraph-paper/datasets/graphsdb/mcs10/rand/r01/mcs10_r01_s70.B07
Reading graphs...
70 :  454
70 :  460
Initializing...
maxdom : 8
D->valSize : 312
Solving...
Blb : 2 (clique : 11)
currentSize : 11 <-- 0.003543 s
currentSize : 12 <-- 0.003689 s
currentSize : 13 <-- 0.081524 s
currentSize : 14 <-- 0.094996 s
currentSize : 15 <-- 4.011225 s
currentSize : 16 <-- 18.381271 s

maxsize : 16
nodes : 12435818.000000
filtered : 120778967.000000
time : 57.401527
