Parameters: GAD=1 vflib=1 dir=0 label=1 lowerbound=1 fileNameGp=../../cp2016-max-common-connected-subgraph-paper/datasets/graphsdb/mcs10/rand/r005/mcs10_r005_s80.A03 fileNameGt=../../cp2016-max-common-connected-subgraph-paper/datasets/graphsdb/mcs10/rand/r005/mcs10_r005_s80.B03
Reading graphs...
80 :  311
80 :  310
Initializing...
maxdom : 11
D->valSize : 413
Solving...
Blb : 2 (clique : 18)
currentSize : 18 <-- 0.003862 s
currentSize : 19 <-- 0.031043 s
currentSize : 20 <-- 0.196847 s
currentSize : 21 <-- 5.605108 s
currentSize : 22 <-- 56.142967 s
currentSize : 23 <-- 486.269562 s

TIMEOUT
maxsize : 23
nodes : 225055789.000000
filtered : 1841904480.000000
time : 1000.000000
