Parameters: GAD=1 vflib=1 dir=0 label=1 lowerbound=1 fileNameGp=../../cp2016-max-common-connected-subgraph-paper/datasets/graphsdb/mcs10/m2D/m2Dr4/mcs10_m2Dr4_s100.A02 fileNameGt=../../cp2016-max-common-connected-subgraph-paper/datasets/graphsdb/mcs10/m2D/m2Dr4/mcs10_m2Dr4_s100.B02
Reading graphs...
100 :  216
100 :  218
Initializing...
maxdom : 7
D->valSize : 311
Solving...
Blb : 5 (clique : 29)
currentSize : 29 <-- 0.002970 s
currentSize : 31 <-- 0.051748 s
currentSize : 32 <-- 0.438659 s
currentSize : 33 <-- 0.819769 s
currentSize : 34 <-- 3.341782 s
currentSize : 35 <-- 33.949463 s

TIMEOUT
maxsize : 35
nodes : 221916267.000000
filtered : 771361768.000000
time : 1000.000061
