Parameters: GAD=1 vflib=1 dir=0 label=1 lowerbound=1 fileNameGp=../../cp2016-max-common-connected-subgraph-paper/datasets/graphsdb/mcs10/m4D/m4Dr4/mcs10_m4Dr4_s100.A04 fileNameGt=../../cp2016-max-common-connected-subgraph-paper/datasets/graphsdb/mcs10/m4D/m4Dr4/mcs10_m4Dr4_s100.B04
Reading graphs...
100 :  197
100 :  195
Initializing...
maxdom : 7
D->valSize : 294
Solving...
Blb : 2 (clique : 30)
currentSize : 30 <-- 0.002761 s
currentSize : 31 <-- 0.002980 s
currentSize : 32 <-- 0.004635 s
currentSize : 33 <-- 0.039295 s
currentSize : 34 <-- 0.399656 s
currentSize : 35 <-- 3.273943 s

TIMEOUT
maxsize : 35
nodes : 222804335.000000
filtered : 775621823.000000
time : 1000.000061
