Parameters: GAD=1 vflib=1 dir=0 label=1 lowerbound=1 fileNameGp=../../cp2016-max-common-connected-subgraph-paper/datasets/graphsdb/mcs10/bvg/b06/mcs10_b06_s70.A08 fileNameGt=../../cp2016-max-common-connected-subgraph-paper/datasets/graphsdb/mcs10/bvg/b06/mcs10_b06_s70.B08
Reading graphs...
70 :  208
70 :  206
Initializing...
maxdom : 8
D->valSize : 332
Solving...
Blb : 2 (clique : 19)
currentSize : 19 <-- 0.003076 s
currentSize : 20 <-- 0.003212 s
currentSize : 21 <-- 0.003372 s
currentSize : 22 <-- 1.736342 s
currentSize : 23 <-- 39.488518 s
currentSize : 24 <-- 700.747253 s

TIMEOUT
maxsize : 24
nodes : 231207210.000000
filtered : 1801239963.000000
time : 1000.000000
