Parameters: GAD=1 vflib=1 dir=0 label=1 lowerbound=1 fileNameGp=../../cp2016-max-common-connected-subgraph-paper/datasets/graphsdb/mcs10/m3D/m3D/mcs10_m3D_s90.A08 fileNameGt=../../cp2016-max-common-connected-subgraph-paper/datasets/graphsdb/mcs10/m3D/m3D/mcs10_m3D_s90.B08
Reading graphs...
90 :  207
90 :  207
Initializing...
maxdom : 9
D->valSize : 524
Solving...
Blb : 2 (clique : 27)
currentSize : 27 <-- 0.009955 s
currentSize : 28 <-- 0.010294 s
currentSize : 29 <-- 0.011913 s
currentSize : 30 <-- 0.012008 s
currentSize : 31 <-- 0.032420 s
currentSize : 32 <-- 21.891891 s
currentSize : 33 <-- 351.484070 s

TIMEOUT
maxsize : 33
nodes : 217253811.000000
filtered : 1409919542.000000
time : 1000.000061
