Parameters: GAD=1 vflib=1 dir=0 label=1 lowerbound=1 fileNameGp=../../cp2016-max-common-connected-subgraph-paper/datasets/graphsdb/mcs10/m2D/m2D/mcs10_m2D_s60.A01 fileNameGt=../../cp2016-max-common-connected-subgraph-paper/datasets/graphsdb/mcs10/m2D/m2D/mcs10_m2D_s60.B01
Reading graphs...
60 :  103
60 :  102
Initializing...
maxdom : 6
D->valSize : 229
Solving...
Blb : 2 (clique : 22)
currentSize : 22 <-- 0.002569 s
currentSize : 23 <-- 0.002757 s
currentSize : 24 <-- 0.435878 s
currentSize : 25 <-- 0.448074 s
currentSize : 26 <-- 10.059106 s
currentSize : 27 <-- 294.973450 s

TIMEOUT
maxsize : 27
nodes : 277911324.000000
filtered : 1612157414.000000
time : 1000.000000
