Parameters: GAD=1 vflib=1 dir=0 label=1 lowerbound=1 fileNameGp=../../cp2016-max-common-connected-subgraph-paper/datasets/graphsdb/mcs10/m2D/m2Dr6/mcs10_m2Dr6_s100.A09 fileNameGt=../../cp2016-max-common-connected-subgraph-paper/datasets/graphsdb/mcs10/m2D/m2Dr6/mcs10_m2Dr6_s100.B09
Reading graphs...
100 :  238
100 :  236
Initializing...
maxdom : 8
D->valSize : 342
Solving...
Blb : 2 (clique : 26)
currentSize : 26 <-- 0.005682 s
currentSize : 27 <-- 0.006037 s
currentSize : 28 <-- 0.006361 s
currentSize : 29 <-- 0.011983 s
currentSize : 30 <-- 0.148863 s
currentSize : 31 <-- 3.047558 s
currentSize : 32 <-- 16.360777 s
currentSize : 33 <-- 79.227211 s
currentSize : 34 <-- 90.898544 s

TIMEOUT
maxsize : 34
nodes : 208312076.000000
filtered : 959390084.000000
time : 1000.000061
