Parameters: GAD=1 vflib=1 dir=0 label=1 lowerbound=1 fileNameGp=../../cp2016-max-common-connected-subgraph-paper/datasets/graphsdb/mcs10/bvg/b06m/mcs10_b06m_s100.A08 fileNameGt=../../cp2016-max-common-connected-subgraph-paper/datasets/graphsdb/mcs10/bvg/b06m/mcs10_b06m_s100.B08
Reading graphs...
100 :  295
100 :  296
Initializing...
maxdom : 6
D->valSize : 332
Solving...
Blb : 2 (clique : 26)
currentSize : 26 <-- 0.003377 s
currentSize : 27 <-- 0.003848 s
currentSize : 28 <-- 0.101740 s
currentSize : 29 <-- 0.757114 s
currentSize : 30 <-- 90.933899 s
currentSize : 31 <-- 493.553711 s

TIMEOUT
maxsize : 31
nodes : 206805989.000000
filtered : 1152747829.000000
time : 1000.000061
