Parameters: GAD=1 vflib=1 dir=0 label=1 lowerbound=1 fileNameGp=../../cp2016-max-common-connected-subgraph-paper/datasets/graphsdb/mcs10/rand/r005/mcs10_r005_s100.A03 fileNameGt=../../cp2016-max-common-connected-subgraph-paper/datasets/graphsdb/mcs10/rand/r005/mcs10_r005_s100.B03
Reading graphs...
100 :  486
100 :  483
Initializing...
maxdom : 7
D->valSize : 321
Solving...
Blb : 2 (clique : 20)
currentSize : 20 <-- 0.003010 s
currentSize : 21 <-- 0.018210 s
currentSize : 22 <-- 0.027139 s
currentSize : 23 <-- 0.054348 s
currentSize : 24 <-- 0.187216 s
currentSize : 25 <-- 483.374725 s

TIMEOUT
maxsize : 25
nodes : 196969414.000000
filtered : 1178916411.000000
time : 1000.000061
