Parameters: GAD=1 vflib=1 dir=0 label=1 lowerbound=1 fileNameGp=../../cp2016-max-common-connected-subgraph-paper/datasets/graphsdb/mcs10/rand/r005/mcs10_r005_s90.A05 fileNameGt=../../cp2016-max-common-connected-subgraph-paper/datasets/graphsdb/mcs10/rand/r005/mcs10_r005_s90.B05
Reading graphs...
90 :  400
90 :  392
Initializing...
maxdom : 11
D->valSize : 512
Solving...
Blb : 2 (clique : 18)
currentSize : 18 <-- 0.008397 s
currentSize : 19 <-- 0.015319 s
currentSize : 20 <-- 0.033647 s
currentSize : 21 <-- 0.066898 s
currentSize : 22 <-- 11.609178 s
currentSize : 23 <-- 17.861959 s
currentSize : 24 <-- 31.101316 s
currentSize : 25 <-- 168.144714 s

TIMEOUT
maxsize : 25
nodes : 207366458.000000
filtered : 1859814217.000000
time : 1000.000061
