Parameters: GAD=1 vflib=1 dir=0 label=1 lowerbound=1 fileNameGp=../../cp2016-max-common-connected-subgraph-paper/datasets/graphsdb/mcs10/m2D/m2Dr2/mcs10_m2Dr2_s100.A00 fileNameGt=../../cp2016-max-common-connected-subgraph-paper/datasets/graphsdb/mcs10/m2D/m2Dr2/mcs10_m2Dr2_s100.B00
Reading graphs...
100 :  199
100 :  196
Initializing...
maxdom : 7
D->valSize : 318
Solving...
Blb : 2 (clique : 30)
currentSize : 30 <-- 0.003314 s
currentSize : 31 <-- 0.004301 s
currentSize : 32 <-- 0.336410 s
currentSize : 33 <-- 0.799208 s
currentSize : 34 <-- 5.158450 s
currentSize : 35 <-- 6.889010 s
currentSize : 36 <-- 53.158115 s

TIMEOUT
maxsize : 36
nodes : 225178161.000000
filtered : 847560609.000000
time : 1000.000061
