Parameters: GAD=1 vflib=1 dir=0 label=1 lowerbound=1 fileNameGp=../../cp2016-max-common-connected-subgraph-paper/datasets/graphsdb/mcs10/rand/r005/mcs10_r005_s90.A04 fileNameGt=../../cp2016-max-common-connected-subgraph-paper/datasets/graphsdb/mcs10/rand/r005/mcs10_r005_s90.B04
Reading graphs...
90 :  397
90 :  396
Initializing...
maxdom : 8
D->valSize : 519
Solving...
Blb : 2 (clique : 19)
currentSize : 19 <-- 0.005535 s
currentSize : 20 <-- 0.005717 s
currentSize : 21 <-- 0.005834 s
currentSize : 22 <-- 0.032549 s
currentSize : 23 <-- 0.825163 s
currentSize : 24 <-- 126.371208 s

TIMEOUT
maxsize : 24
nodes : 207974381.000000
filtered : 1612439302.000000
time : 1000.000061
