Parameters: GAD=1 vflib=1 dir=0 label=1 lowerbound=1 fileNameGp=../../cp2016-max-common-connected-subgraph-paper/datasets/graphsdb/mcs10/rand/r005/mcs10_r005_s80.A09 fileNameGt=../../cp2016-max-common-connected-subgraph-paper/datasets/graphsdb/mcs10/rand/r005/mcs10_r005_s80.B09
Reading graphs...
80 :  318
80 :  313
Initializing...
maxdom : 9
D->valSize : 399
Solving...
Blb : 5 (clique : 17)
currentSize : 17 <-- 0.003454 s
currentSize : 18 <-- 0.018900 s
currentSize : 19 <-- 0.080786 s
currentSize : 20 <-- 0.428619 s
currentSize : 21 <-- 0.485736 s
currentSize : 22 <-- 10.817454 s
currentSize : 23 <-- 196.128189 s
currentSize : 24 <-- 625.648315 s

TIMEOUT
maxsize : 24
nodes : 200316571.000000
filtered : 1657832565.000000
time : 1000.000000
