Parameters: GAD=1 vflib=1 dir=0 label=1 lowerbound=1 fileNameGp=../../cp2016-max-common-connected-subgraph-paper/datasets/graphsdb/mcs10/bvg/b06m/mcs10_b06m_s100.A07 fileNameGt=../../cp2016-max-common-connected-subgraph-paper/datasets/graphsdb/mcs10/bvg/b06m/mcs10_b06m_s100.B07
Reading graphs...
100 :  290
100 :  291
Initializing...
maxdom : 7
D->valSize : 312
Solving...
Blb : 2 (clique : 23)
currentSize : 23 <-- 0.002964 s
currentSize : 24 <-- 0.003249 s
currentSize : 25 <-- 0.003555 s
currentSize : 26 <-- 0.007428 s
currentSize : 27 <-- 0.092185 s
currentSize : 28 <-- 0.121189 s
currentSize : 29 <-- 0.144414 s
currentSize : 30 <-- 57.562607 s
currentSize : 31 <-- 73.716476 s
currentSize : 32 <-- 113.477333 s
currentSize : 33 <-- 266.180939 s

TIMEOUT
maxsize : 33
nodes : 212264777.000000
filtered : 1045068910.000000
time : 1000.000061
