Parameters: GAD=1 vflib=1 dir=0 label=1 lowerbound=1 fileNameGp=../../cp2016-max-common-connected-subgraph-paper/datasets/graphsdb/mcs10/m2D/m2D/mcs10_m2D_s60.A03 fileNameGt=../../cp2016-max-common-connected-subgraph-paper/datasets/graphsdb/mcs10/m2D/m2D/mcs10_m2D_s60.B03
Reading graphs...
60 :  101
60 :  102
Initializing...
maxdom : 8
D->valSize : 266
Solving...
Blb : 2 (clique : 20)
currentSize : 20 <-- 0.001899 s
currentSize : 21 <-- 0.002028 s
currentSize : 22 <-- 0.002194 s
currentSize : 23 <-- 0.002825 s
currentSize : 24 <-- 1.087527 s
currentSize : 25 <-- 1.359435 s

TIMEOUT
maxsize : 25
nodes : 257721867.000000
filtered : 2063526301.000000
time : 1000.000000
