Parameters: GAD=1 vflib=1 dir=0 label=1 lowerbound=1 fileNameGp=../../cp2016-max-common-connected-subgraph-paper/datasets/graphsdb/mcs10/m3D/m3Dr4/mcs10_m3Dr4_s60.A08 fileNameGt=../../cp2016-max-common-connected-subgraph-paper/datasets/graphsdb/mcs10/m3D/m3Dr4/mcs10_m3Dr4_s60.B08
Reading graphs...
60 :  156
60 :  158
Initializing...
maxdom : 7
D->valSize : 234
Solving...
Blb : 2 (clique : 15)
currentSize : 15 <-- 0.001534 s
currentSize : 16 <-- 0.001950 s
currentSize : 17 <-- 0.002119 s
currentSize : 18 <-- 0.004606 s
currentSize : 19 <-- 0.011419 s
currentSize : 20 <-- 0.031754 s
currentSize : 21 <-- 11.972680 s
currentSize : 22 <-- 19.935566 s

maxsize : 22
nodes : 117189365.000000
filtered : 840454946.000000
time : 455.543396
