Parameters: GAD=1 vflib=1 dir=0 label=1 lowerbound=1 fileNameGp=../../cp2016-max-common-connected-subgraph-paper/datasets/graphsdb/mcs10/m2D/m2Dr4/mcs10_m2Dr4_s50.A01 fileNameGt=../../cp2016-max-common-connected-subgraph-paper/datasets/graphsdb/mcs10/m2D/m2Dr4/mcs10_m2Dr4_s50.B01
Reading graphs...
50 :  103
50 :  104
Initializing...
maxdom : 12
D->valSize : 266
Solving...
Blb : 2 (clique : 14)
currentSize : 14 <-- 0.001758 s
currentSize : 15 <-- 0.001833 s
currentSize : 16 <-- 0.011824 s
currentSize : 17 <-- 0.258823 s
currentSize : 18 <-- 1.565402 s
currentSize : 19 <-- 2.577815 s
currentSize : 20 <-- 86.390610 s

maxsize : 20
nodes : 58394782.000000
filtered : 568565530.000000
time : 213.352020
