Parameters: GAD=1 vflib=1 dir=0 label=1 lowerbound=1 fileNameGp=../../cp2016-max-common-connected-subgraph-paper/datasets/graphsdb/mcs10/bvg/b06m/mcs10_b06m_s70.A01 fileNameGt=../../cp2016-max-common-connected-subgraph-paper/datasets/graphsdb/mcs10/bvg/b06m/mcs10_b06m_s70.B01
Reading graphs...
70 :  202
70 :  201
Initializing...
maxdom : 10
D->valSize : 301
Solving...
Blb : 2 (clique : 19)
currentSize : 19 <-- 0.002287 s
currentSize : 20 <-- 0.003121 s
currentSize : 21 <-- 0.009384 s
currentSize : 22 <-- 1.035991 s
currentSize : 23 <-- 86.388870 s
currentSize : 24 <-- 266.818329 s

TIMEOUT
maxsize : 24
nodes : 236715954.000000
filtered : 1706382181.000000
time : 1000.000000
