Parameters: GAD=1 vflib=1 dir=0 label=1 lowerbound=1 fileNameGp=../../cp2016-max-common-connected-subgraph-paper/datasets/graphsdb/mcs10/bvg/b06/mcs10_b06_s90.A08 fileNameGt=../../cp2016-max-common-connected-subgraph-paper/datasets/graphsdb/mcs10/bvg/b06/mcs10_b06_s90.B08
Reading graphs...
90 :  267
90 :  268
Initializing...
maxdom : 11
D->valSize : 521
Solving...
Blb : 2 (clique : 21)
currentSize : 21 <-- 0.005715 s
currentSize : 23 <-- 0.006023 s
currentSize : 24 <-- 0.006629 s
currentSize : 25 <-- 0.055582 s
currentSize : 26 <-- 33.159634 s
currentSize : 27 <-- 728.391357 s

TIMEOUT
maxsize : 27
nodes : 234135649.000000
filtered : 1630357683.000000
time : 1000.000061
