Parameters: GAD=1 vflib=1 dir=0 label=1 lowerbound=1 fileNameGp=../../cp2016-max-common-connected-subgraph-paper/datasets/graphsdb/mcs10/bvg/b06/mcs10_b06_s80.A01 fileNameGt=../../cp2016-max-common-connected-subgraph-paper/datasets/graphsdb/mcs10/bvg/b06/mcs10_b06_s80.B01
Reading graphs...
80 :  236
80 :  236
Initializing...
maxdom : 9
D->valSize : 416
Solving...
Blb : 2 (clique : 19)
currentSize : 19 <-- 0.004236 s
currentSize : 20 <-- 0.004421 s
currentSize : 21 <-- 0.004493 s
currentSize : 22 <-- 0.008595 s
currentSize : 23 <-- 0.017556 s
currentSize : 24 <-- 0.085296 s
currentSize : 25 <-- 10.241314 s
currentSize : 26 <-- 839.413452 s

TIMEOUT
maxsize : 26
nodes : 222019474.000000
filtered : 1787187548.000000
time : 1000.000061
