Parameters: GAD=1 vflib=1 dir=0 label=1 lowerbound=1 fileNameGp=../../cp2016-max-common-connected-subgraph-paper/datasets/graphsdb/mcs10/m3D/m3Dr6/mcs10_m3Dr6_s80.A00 fileNameGt=../../cp2016-max-common-connected-subgraph-paper/datasets/graphsdb/mcs10/m3D/m3Dr6/mcs10_m3Dr6_s80.B00
Reading graphs...
80 :  227
80 :  226
Initializing...
maxdom : 8
D->valSize : 402
Solving...
Blb : 2 (clique : 20)
currentSize : 20 <-- 0.003599 s
currentSize : 21 <-- 0.004148 s
currentSize : 22 <-- 0.006492 s
currentSize : 23 <-- 0.007692 s
currentSize : 24 <-- 26.668629 s
currentSize : 25 <-- 48.441162 s

TIMEOUT
maxsize : 25
nodes : 225207797.000000
filtered : 1577139686.000000
time : 1000.000000
