Parameters: GAD=1 vflib=1 dir=0 label=1 lowerbound=1 fileNameGp=../../cp2016-max-common-connected-subgraph-paper/datasets/graphsdb/mcs10/m3D/m3Dr6/mcs10_m3Dr6_s70.A09 fileNameGt=../../cp2016-max-common-connected-subgraph-paper/datasets/graphsdb/mcs10/m3D/m3Dr6/mcs10_m3Dr6_s70.B09
Reading graphs...
70 :  192
70 :  196
Initializing...
maxdom : 8
D->valSize : 291
Solving...
Blb : 2 (clique : 17)
currentSize : 17 <-- 0.002184 s
currentSize : 18 <-- 0.002467 s
currentSize : 19 <-- 0.003747 s
currentSize : 20 <-- 0.326162 s
currentSize : 21 <-- 3.952362 s
currentSize : 22 <-- 126.716988 s
currentSize : 23 <-- 663.182251 s

TIMEOUT
maxsize : 23
nodes : 242842313.000000
filtered : 1701104993.000000
time : 1000.000000
