Parameters: GAD=1 vflib=1 dir=0 label=1 lowerbound=1 fileNameGp=../../cp2016-max-common-connected-subgraph-paper/datasets/graphsdb/mcs10/m2D/m2D/mcs10_m2D_s70.A08 fileNameGt=../../cp2016-max-common-connected-subgraph-paper/datasets/graphsdb/mcs10/m2D/m2D/mcs10_m2D_s70.B08
Reading graphs...
70 :  123
70 :  123
Initializing...
maxdom : 9
D->valSize : 297
Solving...
Blb : 2 (clique : 22)
currentSize : 22 <-- 0.003640 s
currentSize : 23 <-- 0.035239 s
currentSize : 24 <-- 0.445450 s
currentSize : 25 <-- 0.697942 s
currentSize : 26 <-- 1.822734 s
currentSize : 27 <-- 43.284016 s
currentSize : 28 <-- 86.549126 s

TIMEOUT
maxsize : 28
nodes : 280199323.000000
filtered : 1541830648.000000
time : 1000.000000
