Parameters: GAD=1 vflib=1 dir=0 label=1 lowerbound=1 fileNameGp=../../cp2016-max-common-connected-subgraph-paper/datasets/graphsdb/mcs10/m3D/m3Dr6/mcs10_m3Dr6_s100.A02 fileNameGt=../../cp2016-max-common-connected-subgraph-paper/datasets/graphsdb/mcs10/m3D/m3Dr6/mcs10_m3Dr6_s100.B02
Reading graphs...
100 :  294
100 :  288
Initializing...
maxdom : 7
D->valSize : 333
Solving...
Blb : 2 (clique : 24)
currentSize : 24 <-- 0.003156 s
currentSize : 25 <-- 0.003872 s
currentSize : 26 <-- 0.080278 s
currentSize : 27 <-- 1.634844 s
currentSize : 28 <-- 19.186197 s
currentSize : 29 <-- 107.722633 s
currentSize : 30 <-- 113.564362 s
currentSize : 31 <-- 244.989868 s

TIMEOUT
maxsize : 31
nodes : 198410395.000000
filtered : 1157467379.000000
time : 1000.000061
