Parameters: GAD=1 vflib=1 dir=0 label=1 lowerbound=1 fileNameGp=../../cp2016-max-common-connected-subgraph-paper/datasets/graphsdb/mcs10/m2D/m2D/mcs10_m2D_s100.A07 fileNameGt=../../cp2016-max-common-connected-subgraph-paper/datasets/graphsdb/mcs10/m2D/m2D/mcs10_m2D_s100.B07
Reading graphs...
100 :  179
100 :  177
Initializing...
maxdom : 8
D->valSize : 358
Solving...
Blb : 2 (clique : 32)
currentSize : 32 <-- 0.003544 s
currentSize : 33 <-- 0.003878 s
currentSize : 34 <-- 0.090840 s
currentSize : 35 <-- 2.637092 s
currentSize : 36 <-- 401.904785 s
currentSize : 37 <-- 407.801453 s

TIMEOUT
maxsize : 37
nodes : 243728345.000000
filtered : 887599723.000000
time : 1000.000061
