Parameters: GAD=1 vflib=1 dir=0 label=1 lowerbound=1 fileNameGp=../../cp2016-max-common-connected-subgraph-paper/datasets/graphsdb/mcs10/m3D/m3Dr4/mcs10_m3Dr4_s100.A00 fileNameGt=../../cp2016-max-common-connected-subgraph-paper/datasets/graphsdb/mcs10/m3D/m3Dr4/mcs10_m3Dr4_s100.B00
Reading graphs...
100 :  268
100 :  271
Initializing...
maxdom : 7
D->valSize : 343
Solving...
Blb : 2 (clique : 26)
currentSize : 26 <-- 0.003429 s
currentSize : 27 <-- 0.003619 s
currentSize : 28 <-- 0.009479 s
currentSize : 29 <-- 1.825551 s
currentSize : 30 <-- 2.990589 s
currentSize : 31 <-- 76.162048 s
currentSize : 32 <-- 154.915329 s

TIMEOUT
maxsize : 32
nodes : 210967446.000000
filtered : 1073991964.000000
time : 1000.000061
