Parameters: GAD=1 vflib=1 dir=0 label=1 lowerbound=1 fileNameGp=../../cp2016-max-common-connected-subgraph-paper/datasets/graphsdb/mcs10/rand/r005/mcs10_r005_s70.A04 fileNameGt=../../cp2016-max-common-connected-subgraph-paper/datasets/graphsdb/mcs10/rand/r005/mcs10_r005_s70.B04
Reading graphs...
70 :  239
70 :  238
Initializing...
maxdom : 13
D->valSize : 344
Solving...
Blb : 2 (clique : 16)
currentSize : 16 <-- 0.004488 s
currentSize : 17 <-- 0.007403 s
currentSize : 18 <-- 0.033969 s
currentSize : 19 <-- 0.041343 s
currentSize : 20 <-- 11.531388 s
currentSize : 21 <-- 71.540543 s
currentSize : 22 <-- 494.366821 s

TIMEOUT
maxsize : 22
nodes : 231331164.000000
filtered : 2165349034.000000
time : 1000.000000
