Parameters: GAD=1 vflib=1 dir=0 label=1 lowerbound=1 fileNameGp=../../cp2016-max-common-connected-subgraph-paper/datasets/graphsdb/mcs10/m3D/m3Dr2/mcs10_m3Dr2_s70.A01 fileNameGt=../../cp2016-max-common-connected-subgraph-paper/datasets/graphsdb/mcs10/m3D/m3Dr2/mcs10_m3Dr2_s70.B01
Reading graphs...
70 :  168
70 :  172
Initializing...
maxdom : 7
D->valSize : 317
Solving...
Blb : 2 (clique : 22)
currentSize : 22 <-- 0.002604 s
currentSize : 23 <-- 0.006451 s
currentSize : 24 <-- 1.745178 s
currentSize : 25 <-- 10.307311 s
currentSize : 26 <-- 18.371944 s
currentSize : 27 <-- 138.335373 s

TIMEOUT
maxsize : 27
nodes : 213060806.000000
filtered : 1703094714.000000
time : 1000.000061
