Parameters: GAD=1 vflib=1 dir=0 label=1 lowerbound=1 fileNameGp=../../cp2016-max-common-connected-subgraph-paper/datasets/graphsdb/mcs10/m4D/m4D/mcs10_m4D_s100.A03 fileNameGt=../../cp2016-max-common-connected-subgraph-paper/datasets/graphsdb/mcs10/m4D/m4D/mcs10_m4D_s100.B03
Reading graphs...
100 :  159
100 :  159
Initializing...
maxdom : 7
D->valSize : 325
Solving...
Blb : 2 (clique : 33)
currentSize : 33 <-- 0.003189 s
currentSize : 34 <-- 0.007172 s
currentSize : 35 <-- 0.058646 s
currentSize : 36 <-- 0.060419 s
currentSize : 37 <-- 0.431645 s
currentSize : 38 <-- 0.436629 s

TIMEOUT
maxsize : 38
nodes : 230200001.000000
filtered : 821645499.000000
time : 1000.000061
