Parameters: GAD=1 vflib=1 dir=0 label=1 lowerbound=1 fileNameGp=../../cp2016-max-common-connected-subgraph-paper/datasets/graphsdb/mcs10/m2D/m2Dr4/mcs10_m2Dr4_s80.A08 fileNameGt=../../cp2016-max-common-connected-subgraph-paper/datasets/graphsdb/mcs10/m2D/m2Dr4/mcs10_m2Dr4_s80.B08
Reading graphs...
80 :  172
80 :  171
Initializing...
maxdom : 10
D->valSize : 380
Solving...
Blb : 2 (clique : 23)
currentSize : 23 <-- 0.005524 s
currentSize : 24 <-- 0.006264 s
currentSize : 25 <-- 0.051504 s
currentSize : 26 <-- 0.055024 s
currentSize : 27 <-- 1.518379 s
currentSize : 28 <-- 9.856583 s
currentSize : 29 <-- 77.839821 s

TIMEOUT
maxsize : 29
nodes : 230379772.000000
filtered : 1628830707.000000
time : 1000.000061
