Parameters: GAD=1 vflib=1 dir=0 label=1 lowerbound=1 fileNameGp=../../cp2016-max-common-connected-subgraph-paper/datasets/graphsdb/mcs10/m4D/m4Dr4/mcs10_m4Dr4_s100.A08 fileNameGt=../../cp2016-max-common-connected-subgraph-paper/datasets/graphsdb/mcs10/m4D/m4Dr4/mcs10_m4Dr4_s100.B08
Reading graphs...
100 :  198
100 :  197
Initializing...
maxdom : 8
D->valSize : 312
Solving...
Blb : 2 (clique : 32)
currentSize : 32 <-- 0.005132 s
currentSize : 33 <-- 0.008873 s
currentSize : 34 <-- 0.545002 s
currentSize : 35 <-- 6.475494 s
currentSize : 36 <-- 13.337267 s
currentSize : 37 <-- 32.636810 s
currentSize : 38 <-- 149.568436 s
currentSize : 39 <-- 819.637329 s

TIMEOUT
maxsize : 39
nodes : 226546620.000000
filtered : 684966515.000000
time : 1000.000061
