Parameters: GAD=1 vflib=1 dir=0 label=1 lowerbound=1 fileNameGp=../../cp2016-max-common-connected-subgraph-paper/datasets/graphsdb/mcs10/bvg/b06m/mcs10_b06m_s70.A07 fileNameGt=../../cp2016-max-common-connected-subgraph-paper/datasets/graphsdb/mcs10/bvg/b06m/mcs10_b06m_s70.B07
Reading graphs...
70 :  203
70 :  205
Initializing...
maxdom : 8
D->valSize : 331
Solving...
Blb : 2 (clique : 18)
currentSize : 18 <-- 0.002598 s
currentSize : 19 <-- 0.002721 s
currentSize : 20 <-- 0.003756 s
currentSize : 21 <-- 0.004686 s
currentSize : 22 <-- 0.158306 s
currentSize : 23 <-- 2.135911 s
currentSize : 24 <-- 13.347619 s
currentSize : 25 <-- 691.486694 s

TIMEOUT
maxsize : 25
nodes : 236636649.000000
filtered : 2025159914.000000
time : 1000.000000
