Parameters: GAD=1 vflib=1 dir=0 label=1 lowerbound=1 fileNameGp=../../cp2016-max-common-connected-subgraph-paper/datasets/graphsdb/mcs10/rand/r01/mcs10_r01_s90.A09 fileNameGt=../../cp2016-max-common-connected-subgraph-paper/datasets/graphsdb/mcs10/rand/r01/mcs10_r01_s90.B09
Reading graphs...
90 :  756
90 :  761
Initializing...
maxdom : 12
D->valSize : 508
Solving...
Blb : 2 (clique : 12)
currentSize : 12 <-- 0.005211 s
currentSize : 13 <-- 0.005510 s
currentSize : 14 <-- 0.011568 s
currentSize : 15 <-- 0.020635 s
currentSize : 16 <-- 0.120930 s
currentSize : 17 <-- 30.985016 s
currentSize : 18 <-- 284.713348 s

TIMEOUT
maxsize : 18
nodes : 184300011.000000
filtered : 2239724903.000000
time : 1000.000061
