Parameters: GAD=1 vflib=1 dir=0 label=1 lowerbound=1 fileNameGp=../../cp2016-max-common-connected-subgraph-paper/datasets/graphsdb/mcs10/bvg/b06/mcs10_b06_s70.A04 fileNameGt=../../cp2016-max-common-connected-subgraph-paper/datasets/graphsdb/mcs10/bvg/b06/mcs10_b06_s70.B04
Reading graphs...
70 :  205
70 :  208
Initializing...
maxdom : 8
D->valSize : 301
Solving...
Blb : 2 (clique : 19)
currentSize : 19 <-- 0.002300 s
currentSize : 20 <-- 0.002439 s
currentSize : 21 <-- 0.002525 s
currentSize : 22 <-- 0.002866 s
currentSize : 23 <-- 0.013311 s
currentSize : 24 <-- 0.050412 s
currentSize : 25 <-- 23.469543 s

TIMEOUT
maxsize : 25
nodes : 234460985.000000
filtered : 1581131949.000000
time : 1000.000000
