Parameters: GAD=1 vflib=1 dir=0 label=1 lowerbound=1 fileNameGp=../../cp2016-max-common-connected-subgraph-paper/datasets/graphsdb/mcs10/rand/r01/mcs10_r01_s80.A08 fileNameGt=../../cp2016-max-common-connected-subgraph-paper/datasets/graphsdb/mcs10/rand/r01/mcs10_r01_s80.B08
Reading graphs...
80 :  598
80 :  606
Initializing...
maxdom : 9
D->valSize : 420
Solving...
Blb : 2 (clique : 11)
currentSize : 11 <-- 0.003690 s
currentSize : 12 <-- 0.003792 s
currentSize : 13 <-- 0.004104 s
currentSize : 14 <-- 0.006911 s
currentSize : 15 <-- 0.020071 s
currentSize : 16 <-- 2.697848 s
currentSize : 17 <-- 3.043002 s

maxsize : 17
nodes : 60508835.000000
filtered : 700022670.000000
time : 309.283112
