Parameters: GAD=1 vflib=1 dir=0 label=1 lowerbound=1 fileNameGp=../../cp2016-max-common-connected-subgraph-paper/datasets/graphsdb/mcs10/rand/r01/mcs10_r01_s90.A08 fileNameGt=../../cp2016-max-common-connected-subgraph-paper/datasets/graphsdb/mcs10/rand/r01/mcs10_r01_s90.B08
Reading graphs...
90 :  771
90 :  755
Initializing...
maxdom : 9
D->valSize : 547
Solving...
Blb : 3 (clique : 13)
currentSize : 13 <-- 0.005822 s
currentSize : 14 <-- 0.006435 s
currentSize : 15 <-- 0.030751 s
currentSize : 16 <-- 0.078667 s
currentSize : 17 <-- 7.985726 s
currentSize : 18 <-- 261.002594 s

TIMEOUT
maxsize : 18
nodes : 183130154.000000
filtered : 2171404871.000000
time : 1000.000000
