Parameters: GAD=1 vflib=1 dir=0 label=1 lowerbound=1 fileNameGp=../../cp2016-max-common-connected-subgraph-paper/datasets/graphsdb/mcs10/m2D/m2Dr6/mcs10_m2Dr6_s70.A05 fileNameGt=../../cp2016-max-common-connected-subgraph-paper/datasets/graphsdb/mcs10/m2D/m2Dr6/mcs10_m2Dr6_s70.B05
Reading graphs...
70 :  158
70 :  161
Initializing...
maxdom : 9
D->valSize : 317
Solving...
Blb : 2 (clique : 22)
currentSize : 22 <-- 0.002512 s
currentSize : 23 <-- 0.022234 s
currentSize : 24 <-- 0.348475 s
currentSize : 26 <-- 1.584491 s
currentSize : 27 <-- 1.586217 s
currentSize : 28 <-- 7.081078 s

TIMEOUT
maxsize : 28
nodes : 251372622.000000
filtered : 1585508702.000000
time : 1000.000000
