Parameters: GAD=1 vflib=1 dir=0 label=1 lowerbound=1 fileNameGp=../../cp2016-max-common-connected-subgraph-paper/datasets/graphsdb/mcs10/m2D/m2Dr6/mcs10_m2Dr6_s60.A06 fileNameGt=../../cp2016-max-common-connected-subgraph-paper/datasets/graphsdb/mcs10/m2D/m2Dr6/mcs10_m2Dr6_s60.B06
Reading graphs...
60 :  138
60 :  139
Initializing...
maxdom : 8
D->valSize : 237
Solving...
Blb : 2 (clique : 18)
currentSize : 18 <-- 0.001643 s
currentSize : 19 <-- 0.035912 s
currentSize : 20 <-- 0.106053 s
currentSize : 21 <-- 0.405311 s
currentSize : 22 <-- 0.722723 s
currentSize : 23 <-- 6.392837 s

maxsize : 23
nodes : 120926785.000000
filtered : 806315779.000000
time : 460.676056
