Parameters: GAD=1 vflib=1 dir=0 label=1 lowerbound=1 fileNameGp=../../cp2016-max-common-connected-subgraph-paper/datasets/graphsdb/mcs10/m3D/m3Dr4/mcs10_m3Dr4_s60.A02 fileNameGt=../../cp2016-max-common-connected-subgraph-paper/datasets/graphsdb/mcs10/m3D/m3Dr4/mcs10_m3Dr4_s60.B02
Reading graphs...
60 :  156
60 :  154
Initializing...
maxdom : 6
D->valSize : 233
Solving...
Blb : 2 (clique : 18)
currentSize : 18 <-- 0.001549 s
currentSize : 19 <-- 0.001663 s
currentSize : 20 <-- 0.002193 s
currentSize : 21 <-- 0.004812 s
currentSize : 22 <-- 11.861326 s

maxsize : 22
nodes : 45073812.000000
filtered : 357113857.000000
time : 180.282059
