Parameters: GAD=1 vflib=1 dir=0 label=1 lowerbound=1 fileNameGp=../../cp2016-max-common-connected-subgraph-paper/datasets/graphsdb/mcs10/bvg/b06/mcs10_b06_s70.A05 fileNameGt=../../cp2016-max-common-connected-subgraph-paper/datasets/graphsdb/mcs10/bvg/b06/mcs10_b06_s70.B05
Reading graphs...
70 :  205
70 :  208
Initializing...
maxdom : 8
D->valSize : 316
Solving...
Blb : 3 (clique : 20)
currentSize : 20 <-- 0.002492 s
currentSize : 21 <-- 0.093630 s
currentSize : 22 <-- 0.136844 s
currentSize : 23 <-- 0.696944 s
currentSize : 24 <-- 0.840721 s
currentSize : 25 <-- 24.842714 s

TIMEOUT
maxsize : 25
nodes : 220812302.000000
filtered : 2058754392.000000
time : 1000.000000
