Parameters: GAD=1 vflib=1 dir=0 label=1 lowerbound=1 fileNameGp=../../cp2016-max-common-connected-subgraph-paper/datasets/graphsdb/mcs10/m3D/m3Dr6/mcs10_m3Dr6_s80.A03 fileNameGt=../../cp2016-max-common-connected-subgraph-paper/datasets/graphsdb/mcs10/m3D/m3Dr6/mcs10_m3Dr6_s80.B03
Reading graphs...
80 :  227
80 :  225
Initializing...
maxdom : 7
D->valSize : 427
Solving...
Blb : 2 (clique : 19)
currentSize : 19 <-- 0.003898 s
currentSize : 20 <-- 0.075869 s
currentSize : 21 <-- 0.158124 s
currentSize : 22 <-- 0.781153 s
currentSize : 23 <-- 0.782372 s
currentSize : 24 <-- 4.688717 s
currentSize : 25 <-- 954.239258 s

TIMEOUT
maxsize : 25
nodes : 245318150.000000
filtered : 1507528588.000000
time : 1000.000000
