Parameters: GAD=1 vflib=1 dir=0 label=1 lowerbound=1 fileNameGp=../../cp2016-max-common-connected-subgraph-paper/datasets/graphsdb/mcs10/rand/r01/mcs10_r01_s70.A03 fileNameGt=../../cp2016-max-common-connected-subgraph-paper/datasets/graphsdb/mcs10/rand/r01/mcs10_r01_s70.B03
Reading graphs...
70 :  466
70 :  459
Initializing...
maxdom : 8
D->valSize : 325
Solving...
Blb : 2 (clique : 10)
currentSize : 10 <-- 0.003709 s
currentSize : 11 <-- 0.004035 s
currentSize : 12 <-- 0.005854 s
currentSize : 13 <-- 0.005981 s
currentSize : 14 <-- 0.017086 s
currentSize : 15 <-- 26.102627 s

maxsize : 15
nodes : 11163139.000000
filtered : 108797425.000000
time : 50.632828
