Parameters: GAD=1 vflib=1 dir=0 label=1 lowerbound=1 fileNameGp=../../cp2016-max-common-connected-subgraph-paper/datasets/graphsdb/mcs10/rand/r005/mcs10_r005_s90.A00 fileNameGt=../../cp2016-max-common-connected-subgraph-paper/datasets/graphsdb/mcs10/rand/r005/mcs10_r005_s90.B00
Reading graphs...
90 :  397
90 :  395
Initializing...
maxdom : 12
D->valSize : 525
Solving...
Blb : 3 (clique : 17)
currentSize : 17 <-- 0.005688 s
currentSize : 18 <-- 0.005879 s
currentSize : 19 <-- 0.007615 s
currentSize : 20 <-- 0.015342 s
currentSize : 21 <-- 0.056310 s
currentSize : 22 <-- 0.360804 s
currentSize : 23 <-- 2.536061 s
currentSize : 24 <-- 4.338935 s
currentSize : 25 <-- 51.450760 s

TIMEOUT
maxsize : 25
nodes : 199332817.000000
filtered : 1754379661.000000
time : 1000.000000
