Parameters: GAD=1 vflib=1 dir=0 label=1 lowerbound=1 fileNameGp=../../cp2016-max-common-connected-subgraph-paper/datasets/graphsdb/mcs10/rand/r005/mcs10_r005_s70.A08 fileNameGt=../../cp2016-max-common-connected-subgraph-paper/datasets/graphsdb/mcs10/rand/r005/mcs10_r005_s70.B08
Reading graphs...
70 :  242
70 :  238
Initializing...
maxdom : 10
D->valSize : 299
Solving...
Blb : 5 (clique : 17)
currentSize : 17 <-- 0.003718 s
currentSize : 18 <-- 0.041604 s
currentSize : 19 <-- 0.055130 s
currentSize : 20 <-- 0.532157 s
currentSize : 21 <-- 0.620463 s
currentSize : 22 <-- 5.988062 s

TIMEOUT
maxsize : 22
nodes : 233442127.000000
filtered : 2006682025.000000
time : 1000.000000
