Parameters: GAD=1 vflib=1 dir=0 label=1 lowerbound=1 fileNameGp=../../cp2016-max-common-connected-subgraph-paper/datasets/graphsdb/mcs10/m3D/m3Dr6/mcs10_m3Dr6_s80.A09 fileNameGt=../../cp2016-max-common-connected-subgraph-paper/datasets/graphsdb/mcs10/m3D/m3Dr6/mcs10_m3Dr6_s80.B09
Reading graphs...
80 :  228
80 :  224
Initializing...
maxdom : 9
D->valSize : 417
Solving...
Blb : 2 (clique : 21)
currentSize : 21 <-- 0.004006 s
currentSize : 22 <-- 0.045002 s
currentSize : 23 <-- 0.056350 s
currentSize : 24 <-- 0.842974 s
currentSize : 25 <-- 1.340953 s
currentSize : 26 <-- 7.693018 s
currentSize : 27 <-- 80.141899 s
currentSize : 28 <-- 82.821739 s
currentSize : 29 <-- 956.938232 s

TIMEOUT
maxsize : 29
nodes : 215962091.000000
filtered : 1742038395.000000
time : 1000.000061
