Parameters: GAD=1 vflib=1 dir=0 label=1 lowerbound=1 fileNameGp=../../cp2016-max-common-connected-subgraph-paper/datasets/graphsdb/mcs10/bvg/b06/mcs10_b06_s100.A09 fileNameGt=../../cp2016-max-common-connected-subgraph-paper/datasets/graphsdb/mcs10/bvg/b06/mcs10_b06_s100.B09
Reading graphs...
100 :  298
100 :  298
Initializing...
maxdom : 7
D->valSize : 309
Solving...
Blb : 2 (clique : 23)
currentSize : 23 <-- 0.002952 s
currentSize : 24 <-- 0.003147 s
currentSize : 25 <-- 0.003532 s
currentSize : 26 <-- 0.047030 s
currentSize : 27 <-- 0.484787 s
currentSize : 28 <-- 0.837390 s
currentSize : 29 <-- 559.219421 s
currentSize : 30 <-- 977.287415 s

TIMEOUT
maxsize : 30
nodes : 218873324.000000
filtered : 1093100949.000000
time : 1000.000061
