Parameters: GAD=1 vflib=1 dir=0 label=1 lowerbound=1 fileNameGp=../../cp2016-max-common-connected-subgraph-paper/datasets/graphsdb/mcs10/m3D/m3D/mcs10_m3D_s60.A00 fileNameGt=../../cp2016-max-common-connected-subgraph-paper/datasets/graphsdb/mcs10/m3D/m3D/mcs10_m3D_s60.B00
Reading graphs...
60 :  131
60 :  132
Initializing...
maxdom : 8
D->valSize : 230
Solving...
Blb : 2 (clique : 17)
currentSize : 17 <-- 0.001544 s
currentSize : 18 <-- 0.001640 s
currentSize : 19 <-- 0.002639 s
currentSize : 20 <-- 0.006248 s
currentSize : 21 <-- 0.076179 s
currentSize : 22 <-- 178.356369 s
currentSize : 23 <-- 753.175598 s

maxsize : 23
nodes : 260263504.000000
filtered : 1573931126.000000
time : 984.759033
