Parameters: GAD=1 vflib=1 dir=0 label=1 lowerbound=1 fileNameGp=../../cp2016-max-common-connected-subgraph-paper/datasets/graphsdb/mcs10/m3D/m3D/mcs10_m3D_s100.A07 fileNameGt=../../cp2016-max-common-connected-subgraph-paper/datasets/graphsdb/mcs10/m3D/m3D/mcs10_m3D_s100.B07
Reading graphs...
100 :  233
100 :  233
Initializing...
maxdom : 8
D->valSize : 304
Solving...
Blb : 5 (clique : 26)
currentSize : 26 <-- 0.002788 s
currentSize : 27 <-- 0.009288 s
currentSize : 28 <-- 0.016770 s
currentSize : 29 <-- 1.059327 s
currentSize : 30 <-- 9.450333 s
currentSize : 31 <-- 26.624592 s
currentSize : 32 <-- 72.257759 s

TIMEOUT
maxsize : 32
nodes : 229012506.000000
filtered : 903500600.000000
time : 1000.000061
