Parameters: GAD=1 vflib=1 dir=0 label=1 lowerbound=1 fileNameGp=../../cp2016-max-common-connected-subgraph-paper/datasets/graphsdb/mcs10/m3D/m3Dr6/mcs10_m3Dr6_s70.A08 fileNameGt=../../cp2016-max-common-connected-subgraph-paper/datasets/graphsdb/mcs10/m3D/m3Dr6/mcs10_m3Dr6_s70.B08
Reading graphs...
70 :  195
70 :  196
Initializing...
maxdom : 9
D->valSize : 325
Solving...
Blb : 2 (clique : 20)
currentSize : 20 <-- 0.002556 s
currentSize : 21 <-- 0.002686 s
currentSize : 22 <-- 0.007016 s
currentSize : 23 <-- 0.020009 s
currentSize : 24 <-- 6.111084 s
currentSize : 25 <-- 52.164455 s

TIMEOUT
maxsize : 25
nodes : 251796317.000000
filtered : 1698483699.000000
time : 1000.000000
