Parameters: GAD=1 vflib=1 dir=0 label=1 lowerbound=1 fileNameGp=../../cp2016-max-common-connected-subgraph-paper/datasets/graphsdb/mcs10/m2D/m2D/mcs10_m2D_s50.A05 fileNameGt=../../cp2016-max-common-connected-subgraph-paper/datasets/graphsdb/mcs10/m2D/m2D/mcs10_m2D_s50.B05
Reading graphs...
50 :  85
50 :  82
Initializing...
maxdom : 10
D->valSize : 325
Solving...
Blb : 2 (clique : 18)
currentSize : 18 <-- 0.002430 s
currentSize : 20 <-- 0.002535 s
currentSize : 21 <-- 0.002576 s
currentSize : 22 <-- 0.006355 s
currentSize : 23 <-- 1.154360 s
currentSize : 24 <-- 28.460155 s
currentSize : 25 <-- 29.216221 s

maxsize : 25
nodes : 216534348.000000
filtered : 2648950251.000000
time : 934.674011
