Parameters: GAD=1 vflib=1 dir=0 label=1 lowerbound=1 fileNameGp=../../cp2016-max-common-connected-subgraph-paper/datasets/graphsdb/mcs10/m3D/m3Dr4/mcs10_m3Dr4_s80.A07 fileNameGt=../../cp2016-max-common-connected-subgraph-paper/datasets/graphsdb/mcs10/m3D/m3Dr4/mcs10_m3Dr4_s80.B07
Reading graphs...
80 :  210
80 :  213
Initializing...
maxdom : 10
D->valSize : 423
Solving...
Blb : 3 (clique : 20)
currentSize : 20 <-- 0.003896 s
currentSize : 21 <-- 0.417057 s
currentSize : 22 <-- 0.856191 s
currentSize : 23 <-- 2.453231 s
currentSize : 24 <-- 5.709849 s
currentSize : 25 <-- 16.386721 s
currentSize : 26 <-- 37.007774 s

TIMEOUT
maxsize : 26
nodes : 256368342.000000
filtered : 1713259104.000000
time : 1000.000000
