Parameters: GAD=1 vflib=1 dir=0 label=1 lowerbound=1 fileNameGp=../../cp2016-max-common-connected-subgraph-paper/datasets/graphsdb/mcs10/bvg/b06m/mcs10_b06m_s90.A01 fileNameGt=../../cp2016-max-common-connected-subgraph-paper/datasets/graphsdb/mcs10/bvg/b06m/mcs10_b06m_s90.B01
Reading graphs...
90 :  261
90 :  266
Initializing...
maxdom : 10
D->valSize : 541
Solving...
Blb : 2 (clique : 24)
currentSize : 24 <-- 0.010161 s
currentSize : 25 <-- 0.010901 s
currentSize : 26 <-- 0.035835 s
currentSize : 27 <-- 0.589585 s
currentSize : 28 <-- 2.110443 s
currentSize : 29 <-- 3.710725 s
currentSize : 30 <-- 734.130005 s

TIMEOUT
maxsize : 30
nodes : 223652255.000000
filtered : 1287617339.000000
time : 1000.000061
