Parameters: GAD=1 vflib=1 dir=0 label=1 lowerbound=1 fileNameGp=../../cp2016-max-common-connected-subgraph-paper/datasets/graphsdb/mcs10/m3D/m3Dr4/mcs10_m3Dr4_s100.A07 fileNameGt=../../cp2016-max-common-connected-subgraph-paper/datasets/graphsdb/mcs10/m3D/m3Dr4/mcs10_m3Dr4_s100.B07
Reading graphs...
100 :  269
100 :  273
Initializing...
maxdom : 9
D->valSize : 297
Solving...
Blb : 2 (clique : 24)
currentSize : 24 <-- 0.002827 s
currentSize : 25 <-- 0.003152 s
currentSize : 26 <-- 0.003484 s
currentSize : 27 <-- 0.114124 s
currentSize : 28 <-- 30.491743 s
currentSize : 29 <-- 359.753204 s

TIMEOUT
maxsize : 29
nodes : 217120916.000000
filtered : 1240499885.000000
time : 1000.000061
