Parameters: GAD=1 vflib=1 dir=0 label=1 lowerbound=1 fileNameGp=../../cp2016-max-common-connected-subgraph-paper/datasets/graphsdb/mcs10/bvg/b06/mcs10_b06_s100.A00 fileNameGt=../../cp2016-max-common-connected-subgraph-paper/datasets/graphsdb/mcs10/bvg/b06/mcs10_b06_s100.B00
Reading graphs...
100 :  298
100 :  298
Initializing...
maxdom : 7
D->valSize : 328
Solving...
Blb : 2 (clique : 25)
currentSize : 25 <-- 0.003218 s
currentSize : 26 <-- 0.003523 s
currentSize : 27 <-- 0.026997 s
currentSize : 28 <-- 0.041145 s
currentSize : 29 <-- 0.054186 s
currentSize : 30 <-- 1.752718 s
currentSize : 31 <-- 240.573334 s
currentSize : 32 <-- 297.644196 s

TIMEOUT
maxsize : 32
nodes : 196068836.000000
filtered : 996484815.000000
time : 1000.000061
