Parameters: GAD=1 vflib=1 dir=0 label=1 lowerbound=1 fileNameGp=../../cp2016-max-common-connected-subgraph-paper/datasets/graphsdb/mcs10/bvg/b03/mcs10_b03_s80.A02 fileNameGt=../../cp2016-max-common-connected-subgraph-paper/datasets/graphsdb/mcs10/bvg/b03/mcs10_b03_s80.B02
Reading graphs...
80 :  120
80 :  119
Initializing...
maxdom : 7
D->valSize : 388
Solving...
Blb : 2 (clique : 28)
currentSize : 28 <-- 0.003575 s
currentSize : 29 <-- 0.003770 s
currentSize : 30 <-- 0.007101 s
currentSize : 31 <-- 0.007236 s
currentSize : 32 <-- 0.033330 s
currentSize : 33 <-- 21.133919 s
currentSize : 34 <-- 58.660919 s

TIMEOUT
maxsize : 34
nodes : 232154455.000000
filtered : 1372888317.000000
time : 1000.000061
