Parameters: GAD=1 vflib=1 dir=0 label=1 lowerbound=1 fileNameGp=../../cp2016-max-common-connected-subgraph-paper/datasets/graphsdb/mcs10/rand/r005/mcs10_r005_s90.A07 fileNameGt=../../cp2016-max-common-connected-subgraph-paper/datasets/graphsdb/mcs10/rand/r005/mcs10_r005_s90.B07
Reading graphs...
90 :  392
90 :  398
Initializing...
maxdom : 9
D->valSize : 522
Solving...
Blb : 2 (clique : 17)
currentSize : 17 <-- 0.008882 s
currentSize : 18 <-- 0.009094 s
currentSize : 19 <-- 0.010960 s
currentSize : 20 <-- 0.972681 s
currentSize : 21 <-- 3.317011 s
currentSize : 22 <-- 75.884575 s
currentSize : 23 <-- 294.866821 s

TIMEOUT
maxsize : 23
nodes : 218162855.000000
filtered : 1589160133.000000
time : 1000.000061
