Parameters: GAD=1 vflib=1 dir=0 label=1 lowerbound=1 fileNameGp=../../cp2016-max-common-connected-subgraph-paper/datasets/graphsdb/mcs10/bvg/b06/mcs10_b06_s70.A01 fileNameGt=../../cp2016-max-common-connected-subgraph-paper/datasets/graphsdb/mcs10/bvg/b06/mcs10_b06_s70.B01
Reading graphs...
70 :  207
70 :  206
Initializing...
maxdom : 9
D->valSize : 299
Solving...
Blb : 2 (clique : 17)
currentSize : 17 <-- 0.002276 s
currentSize : 18 <-- 0.002504 s
currentSize : 19 <-- 0.002931 s
currentSize : 20 <-- 0.057941 s
currentSize : 21 <-- 0.058910 s
currentSize : 22 <-- 133.564728 s
currentSize : 23 <-- 391.563721 s
currentSize : 24 <-- 531.382751 s

maxsize : 24
nodes : 216635875.000000
filtered : 1993158519.000000
time : 911.873108
