Parameters: GAD=1 vflib=1 dir=0 label=1 lowerbound=1 fileNameGp=../../cp2016-max-common-connected-subgraph-paper/datasets/graphsdb/mcs10/m2D/m2D/mcs10_m2D_s100.A09 fileNameGt=../../cp2016-max-common-connected-subgraph-paper/datasets/graphsdb/mcs10/m2D/m2D/mcs10_m2D_s100.B09
Reading graphs...
100 :  180
100 :  178
Initializing...
maxdom : 8
D->valSize : 321
Solving...
Blb : 2 (clique : 28)
currentSize : 28 <-- 0.003204 s
currentSize : 29 <-- 0.003463 s
currentSize : 30 <-- 0.003553 s
currentSize : 31 <-- 0.004150 s
currentSize : 32 <-- 0.039304 s
currentSize : 33 <-- 0.221972 s
currentSize : 34 <-- 0.384059 s
currentSize : 35 <-- 0.493593 s
currentSize : 36 <-- 2.231848 s
currentSize : 37 <-- 474.691132 s

TIMEOUT
maxsize : 37
nodes : 216704384.000000
filtered : 946754050.000000
time : 1000.000061
