Parameters: GAD=1 vflib=1 dir=0 label=1 lowerbound=1 fileNameGp=../../cp2016-max-common-connected-subgraph-paper/datasets/graphsdb/mcs10/m2D/m2Dr4/mcs10_m2Dr4_s70.A05 fileNameGt=../../cp2016-max-common-connected-subgraph-paper/datasets/graphsdb/mcs10/m2D/m2Dr4/mcs10_m2Dr4_s70.B05
Reading graphs...
70 :  148
70 :  149
Initializing...
maxdom : 9
D->valSize : 327
Solving...
Blb : 2 (clique : 23)
currentSize : 23 <-- 0.002666 s
currentSize : 24 <-- 0.003031 s
currentSize : 25 <-- 0.144479 s
currentSize : 26 <-- 0.147985 s
currentSize : 27 <-- 0.257922 s
currentSize : 28 <-- 1.788296 s
currentSize : 29 <-- 149.502716 s
currentSize : 30 <-- 826.457642 s

TIMEOUT
maxsize : 30
nodes : 224682575.000000
filtered : 1862031920.000000
time : 1000.000000
