Parameters: GAD=1 vflib=1 dir=0 label=1 lowerbound=1 fileNameGp=../../cp2016-max-common-connected-subgraph-paper/datasets/graphsdb/mcs10/m3D/m3Dr2/mcs10_m3Dr2_s80.A05 fileNameGt=../../cp2016-max-common-connected-subgraph-paper/datasets/graphsdb/mcs10/m3D/m3Dr2/mcs10_m3Dr2_s80.B05
Reading graphs...
80 :  199
80 :  200
Initializing...
maxdom : 9
D->valSize : 409
Solving...
Blb : 5 (clique : 23)
currentSize : 23 <-- 0.003798 s
currentSize : 24 <-- 0.034621 s
currentSize : 25 <-- 8.236192 s
currentSize : 26 <-- 9.423174 s
currentSize : 27 <-- 30.468376 s
currentSize : 28 <-- 435.603577 s
currentSize : 29 <-- 665.951721 s

TIMEOUT
maxsize : 29
nodes : 233719297.000000
filtered : 1455237979.000000
time : 1000.000000
