Parameters: GAD=1 vflib=1 dir=0 label=1 lowerbound=1 fileNameGp=../../cp2016-max-common-connected-subgraph-paper/datasets/graphsdb/mcs10/m2D/m2D/mcs10_m2D_s60.A06 fileNameGt=../../cp2016-max-common-connected-subgraph-paper/datasets/graphsdb/mcs10/m2D/m2D/mcs10_m2D_s60.B06
Reading graphs...
60 :  102
60 :  103
Initializing...
maxdom : 8
D->valSize : 240
Solving...
Blb : 2 (clique : 21)
currentSize : 21 <-- 0.001665 s
currentSize : 22 <-- 0.011791 s
currentSize : 23 <-- 1.700701 s
currentSize : 24 <-- 9.672925 s
currentSize : 25 <-- 269.862335 s

maxsize : 25
nodes : 186757021.000000
filtered : 1363024280.000000
time : 706.869263
