Parameters: GAD=1 vflib=1 dir=0 label=1 lowerbound=1 fileNameGp=../../cp2016-max-common-connected-subgraph-paper/datasets/graphsdb/mcs10/m2D/m2Dr6/mcs10_m2Dr6_s80.A01 fileNameGt=../../cp2016-max-common-connected-subgraph-paper/datasets/graphsdb/mcs10/m2D/m2Dr6/mcs10_m2Dr6_s80.B01
Reading graphs...
80 :  188
80 :  188
Initializing...
maxdom : 8
D->valSize : 386
Solving...
Blb : 2 (clique : 24)
currentSize : 24 <-- 0.003534 s
currentSize : 25 <-- 0.003832 s
currentSize : 26 <-- 0.005180 s
currentSize : 27 <-- 4.099920 s
currentSize : 28 <-- 15.002881 s
currentSize : 29 <-- 51.514713 s

TIMEOUT
maxsize : 29
nodes : 208019217.000000
filtered : 1852099513.000000
time : 1000.000000
