Parameters: GAD=1 vflib=1 dir=0 label=1 lowerbound=1 fileNameGp=../../cp2016-max-common-connected-subgraph-paper/datasets/graphsdb/mcs10/m2D/m2D/mcs10_m2D_s60.A00 fileNameGt=../../cp2016-max-common-connected-subgraph-paper/datasets/graphsdb/mcs10/m2D/m2D/mcs10_m2D_s60.B00
Reading graphs...
60 :  103
60 :  104
Initializing...
maxdom : 7
D->valSize : 200
Solving...
Blb : 5 (clique : 16)
currentSize : 16 <-- 0.001287 s
currentSize : 17 <-- 0.003379 s
currentSize : 18 <-- 0.008417 s
currentSize : 19 <-- 0.156456 s
currentSize : 20 <-- 0.230480 s
currentSize : 21 <-- 1.270381 s
currentSize : 22 <-- 12.709048 s

maxsize : 22
nodes : 41420596.000000
filtered : 193930992.000000
time : 133.614822
