Parameters: GAD=1 vflib=1 dir=0 label=1 lowerbound=1 fileNameGp=../../cp2016-max-common-connected-subgraph-paper/datasets/graphsdb/mcs10/m4D/m4D/mcs10_m4D_s100.A00 fileNameGt=../../cp2016-max-common-connected-subgraph-paper/datasets/graphsdb/mcs10/m4D/m4D/mcs10_m4D_s100.B00
Reading graphs...
100 :  159
100 :  159
Initializing...
maxdom : 7
D->valSize : 302
Solving...
Blb : 2 (clique : 33)
currentSize : 33 <-- 0.003145 s
currentSize : 34 <-- 0.003460 s
currentSize : 35 <-- 0.003697 s
currentSize : 36 <-- 0.004032 s
currentSize : 37 <-- 0.013072 s
currentSize : 38 <-- 9.682013 s

TIMEOUT
maxsize : 38
nodes : 228073739.000000
filtered : 730875095.000000
time : 1000.000061
