Parameters: GAD=1 vflib=1 dir=0 label=1 lowerbound=1 fileNameGp=../../cp2016-max-common-connected-subgraph-paper/datasets/graphsdb/mcs10/rand/r005/mcs10_r005_s70.A06 fileNameGt=../../cp2016-max-common-connected-subgraph-paper/datasets/graphsdb/mcs10/rand/r005/mcs10_r005_s70.B06
Reading graphs...
70 :  243
70 :  237
Initializing...
maxdom : 7
D->valSize : 301
Solving...
Blb : 2 (clique : 17)
currentSize : 17 <-- 0.003655 s
currentSize : 18 <-- 0.012439 s
currentSize : 19 <-- 0.069697 s
currentSize : 20 <-- 0.404222 s
currentSize : 21 <-- 6.763979 s
currentSize : 22 <-- 54.145683 s

maxsize : 22
nodes : 210252489.000000
filtered : 1694838194.000000
time : 937.774658
