Parameters: GAD=1 vflib=1 dir=0 label=1 lowerbound=1 fileNameGp=../../cp2016-max-common-connected-subgraph-paper/datasets/graphsdb/mcs10/m2D/m2D/mcs10_m2D_s80.A09 fileNameGt=../../cp2016-max-common-connected-subgraph-paper/datasets/graphsdb/mcs10/m2D/m2D/mcs10_m2D_s80.B09
Reading graphs...
80 :  142
80 :  141
Initializing...
maxdom : 8
D->valSize : 407
Solving...
Blb : 3 (clique : 26)
currentSize : 26 <-- 0.003839 s
currentSize : 27 <-- 0.004034 s
currentSize : 28 <-- 0.004386 s
currentSize : 29 <-- 0.007667 s
currentSize : 30 <-- 0.028338 s
currentSize : 31 <-- 411.511322 s

TIMEOUT
maxsize : 31
nodes : 252414914.000000
filtered : 1415937374.000000
time : 1000.000061
