Parameters: GAD=1 vflib=1 dir=0 label=1 lowerbound=1 fileNameGp=../../cp2016-max-common-connected-subgraph-paper/datasets/graphsdb/mcs10/rand/r001/mcs10_r001_s100.A06 fileNameGt=../../cp2016-max-common-connected-subgraph-paper/datasets/graphsdb/mcs10/rand/r001/mcs10_r001_s100.B06
Reading graphs...
100 :  107
100 :  108
Initializing...
maxdom : 8
D->valSize : 316
Solving...
Blb : 2 (clique : 40)
currentSize : 40 <-- 0.003189 s
currentSize : 41 <-- 0.004280 s
currentSize : 42 <-- 0.006516 s
currentSize : 43 <-- 0.007409 s
currentSize : 44 <-- 0.201519 s
currentSize : 45 <-- 8.372951 s
currentSize : 46 <-- 654.707336 s

TIMEOUT
maxsize : 46
nodes : 237282724.000000
filtered : 1273108284.000000
time : 1000.000061
