Parameters: GAD=1 vflib=1 dir=0 label=1 lowerbound=1 fileNameGp=../../cp2016-max-common-connected-subgraph-paper/datasets/graphsdb/mcs10/m2D/m2Dr4/mcs10_m2Dr4_s70.A06 fileNameGt=../../cp2016-max-common-connected-subgraph-paper/datasets/graphsdb/mcs10/m2D/m2Dr4/mcs10_m2Dr4_s70.B06
Reading graphs...
70 :  148
70 :  148
Initializing...
maxdom : 7
D->valSize : 303
Solving...
Blb : 2 (clique : 19)
currentSize : 19 <-- 0.002324 s
currentSize : 21 <-- 0.012082 s
currentSize : 22 <-- 0.031234 s
currentSize : 23 <-- 0.047940 s
currentSize : 24 <-- 0.333421 s
currentSize : 25 <-- 29.823080 s
currentSize : 26 <-- 304.927338 s
currentSize : 27 <-- 504.251373 s

TIMEOUT
maxsize : 27
nodes : 283601020.000000
filtered : 1375973452.000000
time : 1000.000000
