Parameters: GAD=1 vflib=1 dir=0 label=1 lowerbound=1 fileNameGp=../../cp2016-max-common-connected-subgraph-paper/datasets/graphsdb/mcs10/rand/r005/mcs10_r005_s100.A08 fileNameGt=../../cp2016-max-common-connected-subgraph-paper/datasets/graphsdb/mcs10/rand/r005/mcs10_r005_s100.B08
Reading graphs...
100 :  487
100 :  490
Initializing...
maxdom : 8
D->valSize : 367
Solving...
Blb : 2 (clique : 19)
currentSize : 19 <-- 0.003535 s
currentSize : 20 <-- 0.003697 s
currentSize : 21 <-- 0.003733 s
currentSize : 22 <-- 0.003956 s
currentSize : 23 <-- 2.977811 s
currentSize : 24 <-- 29.683483 s

TIMEOUT
maxsize : 24
nodes : 186919634.000000
filtered : 1301870054.000000
time : 1000.000061
