Parameters: GAD=1 vflib=1 dir=0 label=1 lowerbound=1 fileNameGp=../../cp2016-max-common-connected-subgraph-paper/datasets/graphsdb/mcs10/bvg/b06m/mcs10_b06m_s80.A03 fileNameGt=../../cp2016-max-common-connected-subgraph-paper/datasets/graphsdb/mcs10/bvg/b06m/mcs10_b06m_s80.B03
Reading graphs...
80 :  234
80 :  236
Initializing...
maxdom : 12
D->valSize : 409
Solving...
Blb : 2 (clique : 22)
currentSize : 22 <-- 0.003661 s
currentSize : 23 <-- 0.004488 s
currentSize : 24 <-- 0.009546 s
currentSize : 25 <-- 0.011712 s
currentSize : 26 <-- 49.286301 s
currentSize : 27 <-- 548.406616 s

TIMEOUT
maxsize : 27
nodes : 220871958.000000
filtered : 2148118601.000000
time : 1000.000000
