Parameters: GAD=1 vflib=1 dir=0 label=1 lowerbound=1 fileNameGp=../../cp2016-max-common-connected-subgraph-paper/datasets/graphsdb/mcs10/rand/r01/mcs10_r01_s100.A08 fileNameGt=../../cp2016-max-common-connected-subgraph-paper/datasets/graphsdb/mcs10/rand/r01/mcs10_r01_s100.B08
Reading graphs...
100 :  941
100 :  949
Initializing...
maxdom : 6
D->valSize : 321
Solving...
Blb : 3 (clique : 12)
currentSize : 12 <-- 0.003138 s
currentSize : 13 <-- 0.003767 s
currentSize : 14 <-- 0.020012 s
currentSize : 15 <-- 0.212680 s
currentSize : 16 <-- 1.537162 s

maxsize : 16
nodes : 53554018.000000
filtered : 382398360.000000
time : 284.933380
