Parameters: GAD=1 vflib=1 dir=0 label=1 lowerbound=1 fileNameGp=../../cp2016-max-common-connected-subgraph-paper/datasets/graphsdb/mcs10/m3D/m3Dr4/mcs10_m3Dr4_s70.A08 fileNameGt=../../cp2016-max-common-connected-subgraph-paper/datasets/graphsdb/mcs10/m3D/m3Dr4/mcs10_m3Dr4_s70.B08
Reading graphs...
70 :  183
70 :  183
Initializing...
maxdom : 8
D->valSize : 319
Solving...
Blb : 2 (clique : 19)
currentSize : 19 <-- 0.004168 s
currentSize : 20 <-- 0.009149 s
currentSize : 21 <-- 0.155893 s
currentSize : 22 <-- 3.139856 s
currentSize : 23 <-- 17.230385 s
currentSize : 24 <-- 617.696228 s

TIMEOUT
maxsize : 24
nodes : 237944714.000000
filtered : 1964014892.000000
time : 1000.000061
