Parameters: GAD=1 vflib=1 dir=0 label=1 lowerbound=1 fileNameGp=../../cp2016-max-common-connected-subgraph-paper/datasets/graphsdb/mcs10/m2D/m2Dr2/mcs10_m2Dr2_s70.A07 fileNameGt=../../cp2016-max-common-connected-subgraph-paper/datasets/graphsdb/mcs10/m2D/m2Dr2/mcs10_m2Dr2_s70.B07
Reading graphs...
70 :  135
70 :  133
Initializing...
maxdom : 9
D->valSize : 323
Solving...
Blb : 2 (clique : 24)
currentSize : 24 <-- 0.002567 s
currentSize : 25 <-- 0.004438 s
currentSize : 26 <-- 0.023615 s
currentSize : 27 <-- 0.157222 s
currentSize : 28 <-- 0.237298 s
currentSize : 29 <-- 20.533588 s
currentSize : 30 <-- 173.195389 s

TIMEOUT
maxsize : 30
nodes : 235328875.000000
filtered : 1774176076.000000
time : 1000.000000
