Parameters: GAD=1 vflib=1 dir=0 label=1 lowerbound=1 fileNameGp=../../cp2016-max-common-connected-subgraph-paper/datasets/graphsdb/mcs10/rand/r005/mcs10_r005_s80.A06 fileNameGt=../../cp2016-max-common-connected-subgraph-paper/datasets/graphsdb/mcs10/rand/r005/mcs10_r005_s80.B06
Reading graphs...
80 :  312
80 :  308
Initializing...
maxdom : 8
D->valSize : 394
Solving...
Blb : 5 (clique : 18)
currentSize : 18 <-- 0.003537 s
currentSize : 19 <-- 0.026524 s
currentSize : 20 <-- 0.681947 s
currentSize : 21 <-- 5.165809 s
currentSize : 22 <-- 12.798546 s
currentSize : 23 <-- 28.262918 s

TIMEOUT
maxsize : 23
nodes : 210859786.000000
filtered : 1721525636.000000
time : 1000.000000
