Parameters: GAD=1 vflib=1 dir=0 label=1 lowerbound=1 fileNameGp=../../cp2016-max-common-connected-subgraph-paper/datasets/graphsdb/mcs10/m3D/m3D/mcs10_m3D_s70.A04 fileNameGt=../../cp2016-max-common-connected-subgraph-paper/datasets/graphsdb/mcs10/m3D/m3D/mcs10_m3D_s70.B04
Reading graphs...
70 :  158
70 :  158
Initializing...
maxdom : 12
D->valSize : 291
Solving...
Blb : 3 (clique : 20)
currentSize : 20 <-- 0.002276 s
currentSize : 21 <-- 0.008455 s
currentSize : 22 <-- 0.828734 s
currentSize : 23 <-- 2.012631 s
currentSize : 24 <-- 61.681080 s
currentSize : 25 <-- 467.481384 s

TIMEOUT
maxsize : 25
nodes : 252295384.000000
filtered : 1839375223.000000
time : 1000.000000
