Parameters: GAD=1 vflib=1 dir=0 label=1 lowerbound=1 fileNameGp=../../cp2016-max-common-connected-subgraph-paper/datasets/graphsdb/mcs10/bvg/b06/mcs10_b06_s100.A05 fileNameGt=../../cp2016-max-common-connected-subgraph-paper/datasets/graphsdb/mcs10/bvg/b06/mcs10_b06_s100.B05
Reading graphs...
100 :  299
100 :  297
Initializing...
maxdom : 8
D->valSize : 323
Solving...
Blb : 5 (clique : 25)
currentSize : 25 <-- 0.003068 s
currentSize : 26 <-- 0.003563 s
currentSize : 27 <-- 0.003736 s
currentSize : 28 <-- 0.006802 s
currentSize : 29 <-- 6.213912 s
currentSize : 30 <-- 33.158279 s
currentSize : 31 <-- 632.326416 s

TIMEOUT
maxsize : 31
nodes : 201039631.000000
filtered : 1181692596.000000
time : 1000.000061
