Parameters: GAD=1 vflib=1 dir=0 label=1 lowerbound=1 fileNameGp=../../cp2016-max-common-connected-subgraph-paper/datasets/graphsdb/mcs10/bvg/b03m/mcs10_b03m_s70.A00 fileNameGt=../../cp2016-max-common-connected-subgraph-paper/datasets/graphsdb/mcs10/bvg/b03m/mcs10_b03m_s70.B00
Reading graphs...
70 :  105
70 :  105
Initializing...
maxdom : 9
D->valSize : 300
Solving...
Blb : 2 (clique : 24)
currentSize : 24 <-- 0.002343 s
currentSize : 25 <-- 0.013003 s
currentSize : 26 <-- 0.013334 s
currentSize : 27 <-- 0.141440 s
currentSize : 28 <-- 0.155822 s
currentSize : 29 <-- 399.444122 s

TIMEOUT
maxsize : 29
nodes : 283817631.000000
filtered : 1203260145.000000
time : 1000.000061
