Parameters: GAD=1 vflib=1 dir=0 label=1 lowerbound=1 fileNameGp=../../cp2016-max-common-connected-subgraph-paper/datasets/graphsdb/mcs10/m3D/m3D/mcs10_m3D_s100.A04 fileNameGt=../../cp2016-max-common-connected-subgraph-paper/datasets/graphsdb/mcs10/m3D/m3D/mcs10_m3D_s100.B04
Reading graphs...
100 :  235
100 :  232
Initializing...
maxdom : 8
D->valSize : 326
Solving...
Blb : 2 (clique : 26)
currentSize : 26 <-- 0.003129 s
currentSize : 27 <-- 0.003445 s
currentSize : 28 <-- 0.004529 s
currentSize : 29 <-- 0.005884 s
currentSize : 30 <-- 0.050095 s
currentSize : 31 <-- 6.123132 s
currentSize : 32 <-- 23.173334 s
currentSize : 33 <-- 140.085114 s
currentSize : 34 <-- 733.526672 s

TIMEOUT
maxsize : 34
nodes : 215128446.000000
filtered : 1191366217.000000
time : 1000.000061
