Parameters: GAD=1 vflib=1 dir=0 label=1 lowerbound=1 fileNameGp=../../cp2016-max-common-connected-subgraph-paper/datasets/graphsdb/mcs10/m3D/m3Dr2/mcs10_m3Dr2_s60.A05 fileNameGt=../../cp2016-max-common-connected-subgraph-paper/datasets/graphsdb/mcs10/m3D/m3Dr2/mcs10_m3Dr2_s60.B05
Reading graphs...
60 :  145
60 :  144
Initializing...
maxdom : 9
D->valSize : 212
Solving...
Blb : 5 (clique : 16)
currentSize : 16 <-- 0.001809 s
currentSize : 17 <-- 0.002608 s
currentSize : 18 <-- 0.025109 s
currentSize : 19 <-- 0.072507 s
currentSize : 20 <-- 0.154676 s
currentSize : 21 <-- 0.374536 s
currentSize : 22 <-- 3.495337 s

maxsize : 22
nodes : 18274005.000000
filtered : 144120189.000000
time : 73.342972
