Parameters: GAD=1 vflib=1 dir=0 label=1 lowerbound=1 fileNameGp=../../cp2016-max-common-connected-subgraph-paper/datasets/graphsdb/mcs10/m3D/m3Dr6/mcs10_m3Dr6_s60.A03 fileNameGt=../../cp2016-max-common-connected-subgraph-paper/datasets/graphsdb/mcs10/m3D/m3Dr6/mcs10_m3Dr6_s60.B03
Reading graphs...
60 :  167
60 :  166
Initializing...
maxdom : 5
D->valSize : 236
Solving...
Blb : 2 (clique : 17)
currentSize : 17 <-- 0.002454 s
currentSize : 18 <-- 0.003767 s
currentSize : 19 <-- 0.787390 s
currentSize : 20 <-- 1.974546 s
currentSize : 21 <-- 8.089589 s
currentSize : 22 <-- 217.553452 s

maxsize : 22
nodes : 103618511.000000
filtered : 709468814.000000
time : 416.682861
