Parameters: GAD=1 vflib=1 dir=0 label=1 lowerbound=1 fileNameGp=../../cp2016-max-common-connected-subgraph-paper/datasets/graphsdb/mcs10/rand/r005/mcs10_r005_s70.A07 fileNameGt=../../cp2016-max-common-connected-subgraph-paper/datasets/graphsdb/mcs10/rand/r005/mcs10_r005_s70.B07
Reading graphs...
70 :  240
70 :  238
Initializing...
maxdom : 7
D->valSize : 300
Solving...
Blb : 2 (clique : 17)
currentSize : 17 <-- 0.002314 s
currentSize : 18 <-- 0.002532 s
currentSize : 19 <-- 0.005571 s
currentSize : 20 <-- 1.476239 s
currentSize : 21 <-- 12.300892 s
currentSize : 22 <-- 518.567688 s

TIMEOUT
maxsize : 22
nodes : 242275947.000000
filtered : 1773944642.000000
time : 1000.000000
