Parameters: GAD=1 vflib=1 dir=0 label=1 lowerbound=1 fileNameGp=../../cp2016-max-common-connected-subgraph-paper/datasets/graphsdb/mcs10/rand/r005/mcs10_r005_s100.A02 fileNameGt=../../cp2016-max-common-connected-subgraph-paper/datasets/graphsdb/mcs10/rand/r005/mcs10_r005_s100.B02
Reading graphs...
100 :  484
100 :  486
Initializing...
maxdom : 7
D->valSize : 316
Solving...
Blb : 2 (clique : 19)
currentSize : 19 <-- 0.002987 s
currentSize : 20 <-- 0.005317 s
currentSize : 21 <-- 0.125930 s
currentSize : 22 <-- 0.663323 s
currentSize : 23 <-- 9.695093 s
currentSize : 24 <-- 18.787024 s
currentSize : 25 <-- 350.781708 s

TIMEOUT
maxsize : 25
nodes : 203501308.000000
filtered : 1097849726.000000
time : 1000.000061
