Parameters: GAD=1 vflib=1 dir=0 label=1 lowerbound=1 fileNameGp=../../cp2016-max-common-connected-subgraph-paper/datasets/graphsdb/mcs10/bvg/b06/mcs10_b06_s90.A03 fileNameGt=../../cp2016-max-common-connected-subgraph-paper/datasets/graphsdb/mcs10/bvg/b06/mcs10_b06_s90.B03
Reading graphs...
90 :  270
90 :  264
Initializing...
maxdom : 9
D->valSize : 533
Solving...
Blb : 2 (clique : 25)
currentSize : 25 <-- 0.005914 s
currentSize : 26 <-- 0.006183 s
currentSize : 27 <-- 0.008155 s
currentSize : 28 <-- 0.014093 s
currentSize : 29 <-- 0.031402 s
currentSize : 30 <-- 16.646099 s

TIMEOUT
maxsize : 30
nodes : 226594973.000000
filtered : 1596447628.000000
time : 1000.000061
