Parameters: GAD=1 vflib=1 dir=0 label=1 lowerbound=1 fileNameGp=../../cp2016-max-common-connected-subgraph-paper/datasets/graphsdb/mcs10/bvg/b03/mcs10_b03_s60.A08 fileNameGt=../../cp2016-max-common-connected-subgraph-paper/datasets/graphsdb/mcs10/bvg/b03/mcs10_b03_s60.B08
Reading graphs...
60 :  90
60 :  90
Initializing...
maxdom : 8
D->valSize : 230
Solving...
Blb : 5 (clique : 24)
currentSize : 24 <-- 0.001594 s
currentSize : 25 <-- 0.172328 s
currentSize : 26 <-- 0.253953 s
currentSize : 27 <-- 1.840358 s
currentSize : 28 <-- 11.613682 s
currentSize : 29 <-- 56.016323 s

TIMEOUT
maxsize : 29
nodes : 294456805.000000
filtered : 1513317746.000000
time : 1000.000061
