Parameters: GAD=1 vflib=1 dir=0 label=1 lowerbound=1 fileNameGp=../../cp2016-max-common-connected-subgraph-paper/datasets/graphsdb/mcs10/m3D/m3Dr6/mcs10_m3Dr6_s80.A04 fileNameGt=../../cp2016-max-common-connected-subgraph-paper/datasets/graphsdb/mcs10/m3D/m3Dr6/mcs10_m3Dr6_s80.B04
Reading graphs...
80 :  226
80 :  226
Initializing...
maxdom : 8
D->valSize : 387
Solving...
Blb : 2 (clique : 20)
currentSize : 20 <-- 0.003480 s
currentSize : 21 <-- 0.014580 s
currentSize : 22 <-- 0.032082 s
currentSize : 23 <-- 0.032117 s
currentSize : 24 <-- 0.060189 s
currentSize : 25 <-- 0.176521 s
currentSize : 26 <-- 7.214090 s

TIMEOUT
maxsize : 26
nodes : 219533826.000000
filtered : 1523159037.000000
time : 1000.000061
