Parameters: GAD=1 vflib=1 dir=0 label=1 lowerbound=1 fileNameGp=../../cp2016-max-common-connected-subgraph-paper/datasets/graphsdb/mcs10/m3D/m3Dr2/mcs10_m3Dr2_s100.A02 fileNameGt=../../cp2016-max-common-connected-subgraph-paper/datasets/graphsdb/mcs10/m3D/m3Dr2/mcs10_m3Dr2_s100.B02
Reading graphs...
100 :  254
100 :  252
Initializing...
maxdom : 6
D->valSize : 356
Solving...
Blb : 2 (clique : 27)
currentSize : 27 <-- 0.003761 s
currentSize : 28 <-- 0.005490 s
currentSize : 29 <-- 0.135556 s
currentSize : 30 <-- 0.283383 s
currentSize : 31 <-- 4.025764 s
currentSize : 32 <-- 20.751272 s
currentSize : 33 <-- 29.672224 s
currentSize : 34 <-- 95.158966 s
currentSize : 35 <-- 162.567017 s

TIMEOUT
maxsize : 35
nodes : 209137396.000000
filtered : 1064816039.000000
time : 1000.000061
