Parameters: GAD=1 vflib=1 dir=0 label=1 lowerbound=1 fileNameGp=../../cp2016-max-common-connected-subgraph-paper/datasets/graphsdb/mcs10/rand/r005/mcs10_r005_s70.A01 fileNameGt=../../cp2016-max-common-connected-subgraph-paper/datasets/graphsdb/mcs10/rand/r005/mcs10_r005_s70.B01
Reading graphs...
70 :  239
70 :  235
Initializing...
maxdom : 9
D->valSize : 295
Solving...
Blb : 2 (clique : 18)
currentSize : 18 <-- 0.002314 s
currentSize : 19 <-- 0.011975 s
currentSize : 20 <-- 2.817010 s
currentSize : 21 <-- 20.300367 s
currentSize : 22 <-- 188.296448 s
currentSize : 23 <-- 314.670410 s

TIMEOUT
maxsize : 23
nodes : 222182192.000000
filtered : 1968230925.000000
time : 1000.000000
