Parameters: GAD=1 vflib=1 dir=0 label=1 lowerbound=1 fileNameGp=../../cp2016-max-common-connected-subgraph-paper/datasets/graphsdb/mcs10/m4D/m4Dr2/mcs10_m4Dr2_s100.A03 fileNameGt=../../cp2016-max-common-connected-subgraph-paper/datasets/graphsdb/mcs10/m4D/m4Dr2/mcs10_m4Dr2_s100.B03
Reading graphs...
100 :  177
100 :  179
Initializing...
maxdom : 9
D->valSize : 362
Solving...
Blb : 2 (clique : 32)
currentSize : 32 <-- 0.005855 s
currentSize : 33 <-- 0.142622 s
currentSize : 34 <-- 13.025377 s
currentSize : 35 <-- 40.890656 s
currentSize : 36 <-- 232.807510 s
currentSize : 37 <-- 542.637878 s
currentSize : 38 <-- 905.539185 s

TIMEOUT
maxsize : 38
nodes : 209787909.000000
filtered : 1156972397.000000
time : 1000.000061
