Parameters: GAD=1 vflib=1 dir=0 label=1 lowerbound=1 fileNameGp=../../cp2016-max-common-connected-subgraph-paper/datasets/graphsdb/mcs10/m2D/m2Dr4/mcs10_m2Dr4_s50.A08 fileNameGt=../../cp2016-max-common-connected-subgraph-paper/datasets/graphsdb/mcs10/m2D/m2Dr4/mcs10_m2Dr4_s50.B08
Reading graphs...
50 :  100
50 :  103
Initializing...
maxdom : 9
D->valSize : 325
Solving...
Blb : 2 (clique : 16)
currentSize : 16 <-- 0.002260 s
currentSize : 17 <-- 0.002355 s
currentSize : 18 <-- 0.003568 s
currentSize : 19 <-- 0.108964 s
currentSize : 20 <-- 8.241304 s
currentSize : 21 <-- 24.695152 s
currentSize : 22 <-- 24.982969 s
currentSize : 23 <-- 25.296478 s

maxsize : 23
nodes : 140873090.000000
filtered : 1743975755.000000
time : 568.090881
