Parameters: GAD=1 vflib=1 dir=0 label=1 lowerbound=1 fileNameGp=../../cp2016-max-common-connected-subgraph-paper/datasets/graphsdb/mcs10/rand/r01/mcs10_r01_s90.A00 fileNameGt=../../cp2016-max-common-connected-subgraph-paper/datasets/graphsdb/mcs10/rand/r01/mcs10_r01_s90.B00
Reading graphs...
90 :  763
90 :  776
Initializing...
maxdom : 9
D->valSize : 535
Solving...
Blb : 2 (clique : 11)
currentSize : 11 <-- 0.005565 s
currentSize : 12 <-- 0.005706 s
currentSize : 13 <-- 0.006298 s
currentSize : 14 <-- 0.007010 s
currentSize : 15 <-- 0.066772 s
currentSize : 16 <-- 0.130993 s
currentSize : 17 <-- 3.524815 s
currentSize : 18 <-- 635.312317 s

TIMEOUT
maxsize : 18
nodes : 184355736.000000
filtered : 2243674974.000000
time : 1000.000061
