Parameters: GAD=1 vflib=1 dir=0 label=1 lowerbound=1 fileNameGp=../../cp2016-max-common-connected-subgraph-paper/datasets/graphsdb/mcs10/m2D/m2Dr4/mcs10_m2Dr4_s70.A09 fileNameGt=../../cp2016-max-common-connected-subgraph-paper/datasets/graphsdb/mcs10/m2D/m2Dr4/mcs10_m2Dr4_s70.B09
Reading graphs...
70 :  149
70 :  150
Initializing...
maxdom : 10
D->valSize : 316
Solving...
Blb : 2 (clique : 22)
currentSize : 22 <-- 0.003974 s
currentSize : 23 <-- 0.007288 s
currentSize : 24 <-- 0.050074 s
currentSize : 25 <-- 0.069017 s
currentSize : 26 <-- 0.237788 s
currentSize : 27 <-- 0.243327 s
currentSize : 28 <-- 14.663504 s
currentSize : 29 <-- 590.816345 s

TIMEOUT
maxsize : 29
nodes : 237918765.000000
filtered : 1675790971.000000
time : 1000.000061
