Parameters: GAD=1 vflib=1 dir=0 label=1 lowerbound=1 fileNameGp=../../cp2016-max-common-connected-subgraph-paper/datasets/graphsdb/mcs10/m2D/m2D/mcs10_m2D_s80.A06 fileNameGt=../../cp2016-max-common-connected-subgraph-paper/datasets/graphsdb/mcs10/m2D/m2D/mcs10_m2D_s80.B06
Reading graphs...
80 :  140
80 :  140
Initializing...
maxdom : 7
D->valSize : 399
Solving...
Blb : 2 (clique : 29)
currentSize : 29 <-- 0.003725 s
currentSize : 30 <-- 0.004219 s
currentSize : 31 <-- 0.036541 s
currentSize : 32 <-- 0.075195 s
currentSize : 33 <-- 44.157982 s
currentSize : 34 <-- 998.464294 s

TIMEOUT
maxsize : 34
nodes : 228426436.000000
filtered : 1446786431.000000
time : 1000.000000
