Parameters: GAD=1 vflib=1 dir=0 label=1 lowerbound=1 fileNameGp=../../cp2016-max-common-connected-subgraph-paper/datasets/graphsdb/mcs10/bvg/b03m/mcs10_b03m_s50.A08 fileNameGt=../../cp2016-max-common-connected-subgraph-paper/datasets/graphsdb/mcs10/bvg/b03m/mcs10_b03m_s50.B08
Reading graphs...
50 :  73
50 :  73
Initializing...
maxdom : 11
D->valSize : 334
Solving...
Blb : 2 (clique : 20)
currentSize : 20 <-- 0.002505 s
currentSize : 21 <-- 0.002978 s
currentSize : 22 <-- 0.006043 s
currentSize : 23 <-- 0.010132 s
currentSize : 24 <-- 0.071595 s
currentSize : 25 <-- 142.975174 s

TIMEOUT
maxsize : 25
nodes : 336457593.000000
filtered : 2397019789.000000
time : 1000.000000
