Parameters: GAD=1 vflib=1 dir=0 label=1 lowerbound=1 fileNameGp=../../cp2016-max-common-connected-subgraph-paper/datasets/graphsdb/mcs10/rand/r01/mcs10_r01_s80.A01 fileNameGt=../../cp2016-max-common-connected-subgraph-paper/datasets/graphsdb/mcs10/rand/r01/mcs10_r01_s80.B01
Reading graphs...
80 :  609
80 :  604
Initializing...
maxdom : 11
D->valSize : 418
Solving...
Blb : 3 (clique : 12)
currentSize : 12 <-- 0.005883 s
currentSize : 13 <-- 0.026607 s
currentSize : 14 <-- 0.121748 s
currentSize : 15 <-- 0.533931 s
currentSize : 16 <-- 12.797029 s
currentSize : 17 <-- 116.563850 s

maxsize : 17
nodes : 61820136.000000
filtered : 729636275.000000
time : 311.270691
