Parameters: GAD=1 vflib=1 dir=0 label=1 lowerbound=1 fileNameGp=../../cp2016-max-common-connected-subgraph-paper/datasets/graphsdb/mcs10/m3D/m3Dr4/mcs10_m3Dr4_s90.A05 fileNameGt=../../cp2016-max-common-connected-subgraph-paper/datasets/graphsdb/mcs10/m3D/m3Dr4/mcs10_m3Dr4_s90.B05
Reading graphs...
90 :  239
90 :  242
Initializing...
maxdom : 13
D->valSize : 570
Solving...
Blb : 2 (clique : 25)
currentSize : 25 <-- 0.006566 s
currentSize : 26 <-- 0.006962 s
currentSize : 27 <-- 0.190177 s
currentSize : 28 <-- 0.287109 s
currentSize : 29 <-- 8.090998 s
currentSize : 30 <-- 26.870424 s
currentSize : 31 <-- 53.090553 s
currentSize : 32 <-- 131.234009 s

TIMEOUT
maxsize : 32
nodes : 197238488.000000
filtered : 1761144181.000000
time : 1000.000061
