Parameters: GAD=1 vflib=1 dir=0 label=1 lowerbound=1 fileNameGp=../../cp2016-max-common-connected-subgraph-paper/datasets/graphsdb/mcs10/m2D/m2Dr2/mcs10_m2Dr2_s100.A06 fileNameGt=../../cp2016-max-common-connected-subgraph-paper/datasets/graphsdb/mcs10/m2D/m2Dr2/mcs10_m2Dr2_s100.B06
Reading graphs...
100 :  198
100 :  197
Initializing...
maxdom : 8
D->valSize : 331
Solving...
Blb : 5 (clique : 30)
currentSize : 30 <-- 0.003225 s
currentSize : 31 <-- 0.030905 s
currentSize : 32 <-- 0.156809 s
currentSize : 33 <-- 44.745251 s
currentSize : 34 <-- 367.595032 s
currentSize : 35 <-- 367.956757 s

TIMEOUT
maxsize : 35
nodes : 258114716.000000
filtered : 873845004.000000
time : 1000.000061
