Parameters: GAD=1 vflib=1 dir=0 label=1 lowerbound=1 fileNameGp=../../cp2016-max-common-connected-subgraph-paper/datasets/graphsdb/mcs10/rand/r01/mcs10_r01_s80.A07 fileNameGt=../../cp2016-max-common-connected-subgraph-paper/datasets/graphsdb/mcs10/rand/r01/mcs10_r01_s80.B07
Reading graphs...
80 :  604
80 :  608
Initializing...
maxdom : 8
D->valSize : 375
Solving...
Blb : 2 (clique : 11)
currentSize : 11 <-- 0.003247 s
currentSize : 13 <-- 0.003335 s
currentSize : 14 <-- 0.048804 s
currentSize : 15 <-- 0.427503 s
currentSize : 16 <-- 11.611715 s

maxsize : 16
nodes : 42013798.000000
filtered : 455541916.000000
time : 213.378799
