Parameters: GAD=1 vflib=1 dir=0 label=1 lowerbound=1 fileNameGp=../../cp2016-max-common-connected-subgraph-paper/datasets/graphsdb/mcs10/m3D/m3Dr2/mcs10_m3Dr2_s70.A00 fileNameGt=../../cp2016-max-common-connected-subgraph-paper/datasets/graphsdb/mcs10/m3D/m3Dr2/mcs10_m3Dr2_s70.B00
Reading graphs...
70 :  167
70 :  171
Initializing...
maxdom : 7
D->valSize : 295
Solving...
Blb : 2 (clique : 19)
currentSize : 19 <-- 0.002243 s
currentSize : 20 <-- 0.003819 s
currentSize : 21 <-- 0.028257 s
currentSize : 22 <-- 0.047054 s
currentSize : 23 <-- 7.244260 s
currentSize : 24 <-- 27.927954 s

TIMEOUT
maxsize : 24
nodes : 242874241.000000
filtered : 1626917846.000000
time : 1000.000000
