Parameters: GAD=1 vflib=1 dir=0 label=1 lowerbound=1 fileNameGp=../../cp2016-max-common-connected-subgraph-paper/datasets/graphsdb/mcs10/m3D/m3Dr2/mcs10_m3Dr2_s100.A05 fileNameGt=../../cp2016-max-common-connected-subgraph-paper/datasets/graphsdb/mcs10/m3D/m3Dr2/mcs10_m3Dr2_s100.B05
Reading graphs...
100 :  251
100 :  253
Initializing...
maxdom : 7
D->valSize : 297
Solving...
Blb : 2 (clique : 26)
currentSize : 26 <-- 0.004408 s
currentSize : 27 <-- 0.004670 s
currentSize : 28 <-- 0.009124 s
currentSize : 29 <-- 0.072073 s
currentSize : 30 <-- 31.406242 s
currentSize : 31 <-- 34.377472 s
currentSize : 32 <-- 168.316956 s
currentSize : 33 <-- 915.302002 s

TIMEOUT
maxsize : 33
nodes : 232462396.000000
filtered : 805823712.000000
time : 1000.000061
