Parameters: GAD=1 vflib=1 dir=0 label=1 lowerbound=1 fileNameGp=../../cp2016-max-common-connected-subgraph-paper/datasets/graphsdb/mcs10/m2D/m2Dr2/mcs10_m2Dr2_s100.A07 fileNameGt=../../cp2016-max-common-connected-subgraph-paper/datasets/graphsdb/mcs10/m2D/m2Dr2/mcs10_m2Dr2_s100.B07
Reading graphs...
100 :  199
100 :  198
Initializing...
maxdom : 7
D->valSize : 318
Solving...
Blb : 2 (clique : 30)
currentSize : 30 <-- 0.003035 s
currentSize : 31 <-- 1.790048 s
currentSize : 32 <-- 1.830649 s
currentSize : 33 <-- 2.625119 s
currentSize : 34 <-- 4.154561 s
currentSize : 35 <-- 90.345734 s

TIMEOUT
maxsize : 35
nodes : 201919225.000000
filtered : 803625142.000000
time : 1000.000061
