Parameters: GAD=1 vflib=1 dir=0 label=1 lowerbound=1 fileNameGp=../../cp2016-max-common-connected-subgraph-paper/datasets/graphsdb/mcs10/m2D/m2Dr2/mcs10_m2Dr2_s70.A06 fileNameGt=../../cp2016-max-common-connected-subgraph-paper/datasets/graphsdb/mcs10/m2D/m2Dr2/mcs10_m2Dr2_s70.B06
Reading graphs...
70 :  135
70 :  136
Initializing...
maxdom : 10
D->valSize : 351
Solving...
Blb : 2 (clique : 23)
currentSize : 23 <-- 0.002827 s
currentSize : 24 <-- 0.772807 s
currentSize : 25 <-- 25.211161 s
currentSize : 26 <-- 32.655132 s
currentSize : 27 <-- 586.369690 s
currentSize : 28 <-- 609.418762 s

TIMEOUT
maxsize : 28
nodes : 309606444.000000
filtered : 1455839676.000000
time : 1000.000061
