Parameters: GAD=1 vflib=1 dir=0 label=1 lowerbound=1 fileNameGp=../../cp2016-max-common-connected-subgraph-paper/datasets/graphsdb/mcs10/bvg/b06/mcs10_b06_s80.A08 fileNameGt=../../cp2016-max-common-connected-subgraph-paper/datasets/graphsdb/mcs10/bvg/b06/mcs10_b06_s80.B08
Reading graphs...
80 :  239
80 :  238
Initializing...
maxdom : 10
D->valSize : 403
Solving...
Blb : 2 (clique : 21)
currentSize : 21 <-- 0.003768 s
currentSize : 22 <-- 0.042805 s
currentSize : 23 <-- 0.044603 s
currentSize : 24 <-- 3.725590 s
currentSize : 25 <-- 5.590530 s
currentSize : 26 <-- 93.739182 s
currentSize : 27 <-- 406.723694 s

TIMEOUT
maxsize : 27
nodes : 210070641.000000
filtered : 2155745926.000000
time : 1000.000000
