Parameters: GAD=1 vflib=1 dir=0 label=1 lowerbound=1 fileNameGp=../../cp2016-max-common-connected-subgraph-paper/datasets/graphsdb/mcs10/rand/r005/mcs10_r005_s80.A07 fileNameGt=../../cp2016-max-common-connected-subgraph-paper/datasets/graphsdb/mcs10/rand/r005/mcs10_r005_s80.B07
Reading graphs...
80 :  316
80 :  315
Initializing...
maxdom : 10
D->valSize : 397
Solving...
Blb : 5 (clique : 19)
currentSize : 19 <-- 0.003508 s
currentSize : 20 <-- 0.070809 s
currentSize : 21 <-- 0.280620 s
currentSize : 22 <-- 1.985259 s
currentSize : 23 <-- 54.605579 s
currentSize : 24 <-- 964.659668 s

TIMEOUT
maxsize : 24
nodes : 230500647.000000
filtered : 1445302795.000000
time : 1000.000000
