Parameters: GAD=1 vflib=1 dir=0 label=1 lowerbound=1 fileNameGp=../../cp2016-max-common-connected-subgraph-paper/datasets/graphsdb/mcs10/bvg/b06m/mcs10_b06m_s70.A08 fileNameGt=../../cp2016-max-common-connected-subgraph-paper/datasets/graphsdb/mcs10/bvg/b06m/mcs10_b06m_s70.B08
Reading graphs...
70 :  199
70 :  205
Initializing...
maxdom : 9
D->valSize : 318
Solving...
Blb : 2 (clique : 18)
currentSize : 18 <-- 0.002612 s
currentSize : 19 <-- 0.003050 s
currentSize : 20 <-- 0.004257 s
currentSize : 21 <-- 0.336505 s
currentSize : 22 <-- 12.404934 s
currentSize : 23 <-- 365.754120 s

TIMEOUT
maxsize : 23
nodes : 236173348.000000
filtered : 2194334327.000000
time : 1000.000000
