Parameters: GAD=1 vflib=1 dir=0 label=1 lowerbound=1 fileNameGp=../../cp2016-max-common-connected-subgraph-paper/datasets/graphsdb/mcs10/m3D/m3Dr6/mcs10_m3Dr6_s100.A00 fileNameGt=../../cp2016-max-common-connected-subgraph-paper/datasets/graphsdb/mcs10/m3D/m3Dr6/mcs10_m3Dr6_s100.B00
Reading graphs...
100 :  292
100 :  290
Initializing...
maxdom : 6
D->valSize : 319
Solving...
Blb : 5 (clique : 25)
currentSize : 25 <-- 0.003055 s
currentSize : 26 <-- 0.204120 s
currentSize : 27 <-- 0.236888 s
currentSize : 28 <-- 0.842199 s
currentSize : 29 <-- 2.971598 s
currentSize : 30 <-- 24.910751 s
currentSize : 31 <-- 930.409058 s

TIMEOUT
maxsize : 31
nodes : 207836288.000000
filtered : 1059021411.000000
time : 1000.000061
