Parameters: GAD=1 vflib=1 dir=0 label=1 lowerbound=1 fileNameGp=../../cp2016-max-common-connected-subgraph-paper/datasets/graphsdb/mcs10/rand/r005/mcs10_r005_s60.A09 fileNameGt=../../cp2016-max-common-connected-subgraph-paper/datasets/graphsdb/mcs10/rand/r005/mcs10_r005_s60.B09
Reading graphs...
60 :  176
60 :  174
Initializing...
maxdom : 7
D->valSize : 195
Solving...
Blb : 2 (clique : 13)
currentSize : 13 <-- 0.002007 s
currentSize : 14 <-- 0.005683 s
currentSize : 15 <-- 0.006573 s
currentSize : 16 <-- 0.010131 s
currentSize : 17 <-- 0.160040 s
currentSize : 18 <-- 0.651766 s

maxsize : 18
nodes : 22918390.000000
filtered : 122716410.000000
time : 81.228004
