Parameters: GAD=1 vflib=1 dir=0 label=1 lowerbound=1 fileNameGp=../../cp2016-max-common-connected-subgraph-paper/datasets/graphsdb/mcs10/m4D/m4Dr6/mcs10_m4Dr6_s100.A04 fileNameGt=../../cp2016-max-common-connected-subgraph-paper/datasets/graphsdb/mcs10/m4D/m4Dr6/mcs10_m4Dr6_s100.B04
Reading graphs...
100 :  218
100 :  217
Initializing...
maxdom : 7
D->valSize : 308
Solving...
Blb : 2 (clique : 29)
currentSize : 29 <-- 0.002910 s
currentSize : 30 <-- 0.058222 s
currentSize : 31 <-- 1.256838 s
currentSize : 32 <-- 4.964177 s
currentSize : 33 <-- 6.596514 s
currentSize : 34 <-- 8.945588 s
currentSize : 35 <-- 133.690689 s
currentSize : 36 <-- 138.482498 s
currentSize : 37 <-- 468.345337 s

TIMEOUT
maxsize : 37
nodes : 195689127.000000
filtered : 950510937.000000
time : 1000.000061
