Parameters: GAD=1 vflib=1 dir=0 label=1 lowerbound=1 fileNameGp=../../cp2016-max-common-connected-subgraph-paper/datasets/graphsdb/mcs10/m2D/m2Dr4/mcs10_m2Dr4_s60.A03 fileNameGt=../../cp2016-max-common-connected-subgraph-paper/datasets/graphsdb/mcs10/m2D/m2Dr4/mcs10_m2Dr4_s60.B03
Reading graphs...
60 :  125
60 :  126
Initializing...
maxdom : 10
D->valSize : 225
Solving...
Blb : 2 (clique : 16)
currentSize : 16 <-- 0.001622 s
currentSize : 17 <-- 0.001711 s
currentSize : 18 <-- 0.002644 s
currentSize : 19 <-- 0.003536 s
currentSize : 20 <-- 0.880195 s
currentSize : 21 <-- 1.963815 s
currentSize : 22 <-- 75.637146 s
currentSize : 23 <-- 95.136726 s
currentSize : 24 <-- 134.537888 s

maxsize : 24
nodes : 49904231.000000
filtered : 292245813.000000
time : 171.000519
