Parameters: GAD=1 vflib=1 dir=0 label=1 lowerbound=1 fileNameGp=../../cp2016-max-common-connected-subgraph-paper/datasets/graphsdb/mcs10/m2D/m2Dr4/mcs10_m2Dr4_s70.A00 fileNameGt=../../cp2016-max-common-connected-subgraph-paper/datasets/graphsdb/mcs10/m2D/m2Dr4/mcs10_m2Dr4_s70.B00
Reading graphs...
70 :  148
70 :  149
Initializing...
maxdom : 11
D->valSize : 317
Solving...
Blb : 2 (clique : 20)
currentSize : 20 <-- 0.002620 s
currentSize : 21 <-- 0.004485 s
currentSize : 22 <-- 0.026177 s
currentSize : 23 <-- 0.038014 s
currentSize : 24 <-- 62.478294 s
currentSize : 25 <-- 63.806408 s

TIMEOUT
maxsize : 25
nodes : 261534114.000000
filtered : 1603111106.000000
time : 1000.000061
