Parameters: GAD=1 vflib=1 dir=0 label=1 lowerbound=1 fileNameGp=../../cp2016-max-common-connected-subgraph-paper/datasets/graphsdb/mcs10/rand/r005/mcs10_r005_s60.A07 fileNameGt=../../cp2016-max-common-connected-subgraph-paper/datasets/graphsdb/mcs10/rand/r005/mcs10_r005_s60.B07
Reading graphs...
60 :  178
60 :  179
Initializing...
maxdom : 6
D->valSize : 221
Solving...
Blb : 2 (clique : 16)
currentSize : 16 <-- 0.002234 s
currentSize : 17 <-- 0.010460 s
currentSize : 18 <-- 0.052390 s
currentSize : 19 <-- 0.123764 s
currentSize : 20 <-- 0.208196 s

maxsize : 20
nodes : 90902586.000000
filtered : 618398509.000000
time : 350.431366
