Parameters: GAD=1 vflib=1 dir=0 label=1 lowerbound=1 fileNameGp=../../cp2016-max-common-connected-subgraph-paper/datasets/graphsdb/mcs10/m3D/m3D/mcs10_m3D_s90.A02 fileNameGt=../../cp2016-max-common-connected-subgraph-paper/datasets/graphsdb/mcs10/m3D/m3D/mcs10_m3D_s90.B02
Reading graphs...
90 :  209
90 :  205
Initializing...
maxdom : 9
D->valSize : 504
Solving...
Blb : 2 (clique : 26)
currentSize : 26 <-- 0.005706 s
currentSize : 27 <-- 0.007507 s
currentSize : 28 <-- 0.017942 s
currentSize : 29 <-- 0.036612 s
currentSize : 30 <-- 17.558020 s
currentSize : 31 <-- 36.152473 s
currentSize : 32 <-- 841.153931 s

TIMEOUT
maxsize : 32
nodes : 239382695.000000
filtered : 1620406259.000000
time : 1000.000061
