Parameters: GAD=1 vflib=1 dir=0 label=1 lowerbound=1 fileNameGp=../../cp2016-max-common-connected-subgraph-paper/datasets/graphsdb/mcs10/m2D/m2Dr6/mcs10_m2Dr6_s80.A04 fileNameGt=../../cp2016-max-common-connected-subgraph-paper/datasets/graphsdb/mcs10/m2D/m2Dr6/mcs10_m2Dr6_s80.B04
Reading graphs...
80 :  188
80 :  189
Initializing...
maxdom : 10
D->valSize : 427
Solving...
Blb : 2 (clique : 25)
currentSize : 25 <-- 0.004223 s
currentSize : 26 <-- 0.024611 s
currentSize : 27 <-- 0.114810 s
currentSize : 28 <-- 21.496115 s
currentSize : 29 <-- 218.604492 s
currentSize : 30 <-- 219.246414 s

TIMEOUT
maxsize : 30
nodes : 234003294.000000
filtered : 1675794264.000000
time : 1000.000000
