Parameters: GAD=1 vflib=1 dir=0 label=1 lowerbound=1 fileNameGp=../../cp2016-max-common-connected-subgraph-paper/datasets/graphsdb/mcs10/rand/r005/mcs10_r005_s100.A01 fileNameGt=../../cp2016-max-common-connected-subgraph-paper/datasets/graphsdb/mcs10/rand/r005/mcs10_r005_s100.B01
Reading graphs...
100 :  485
100 :  491
Initializing...
maxdom : 8
D->valSize : 321
Solving...
Blb : 2 (clique : 18)
currentSize : 18 <-- 0.002982 s
currentSize : 20 <-- 0.003245 s
currentSize : 21 <-- 0.003545 s
currentSize : 22 <-- 1.099007 s
currentSize : 23 <-- 3.310431 s
currentSize : 24 <-- 112.342857 s

TIMEOUT
maxsize : 24
nodes : 199185397.000000
filtered : 1019893188.000000
time : 1000.000000
