Parameters: GAD=1 vflib=1 dir=0 label=1 lowerbound=1 fileNameGp=../../cp2016-max-common-connected-subgraph-paper/datasets/graphsdb/mcs10/bvg/b06/mcs10_b06_s80.A00 fileNameGt=../../cp2016-max-common-connected-subgraph-paper/datasets/graphsdb/mcs10/bvg/b06/mcs10_b06_s80.B00
Reading graphs...
80 :  237
80 :  238
Initializing...
maxdom : 10
D->valSize : 406
Solving...
Blb : 5 (clique : 20)
currentSize : 20 <-- 0.003784 s
currentSize : 21 <-- 0.003937 s
currentSize : 23 <-- 0.004128 s
currentSize : 24 <-- 0.004706 s
currentSize : 25 <-- 0.011669 s
currentSize : 26 <-- 1.655008 s
currentSize : 27 <-- 23.262129 s
currentSize : 28 <-- 314.114441 s

TIMEOUT
maxsize : 28
nodes : 207961788.000000
filtered : 1655895529.000000
time : 1000.000000
