Parameters: GAD=1 vflib=1 dir=0 label=1 lowerbound=1 fileNameGp=../../cp2016-max-common-connected-subgraph-paper/datasets/graphsdb/mcs10/bvg/b03/mcs10_b03_s60.A02 fileNameGt=../../cp2016-max-common-connected-subgraph-paper/datasets/graphsdb/mcs10/bvg/b03/mcs10_b03_s60.B02
Reading graphs...
60 :  89
60 :  90
Initializing...
maxdom : 7
D->valSize : 235
Solving...
Blb : 2 (clique : 21)
currentSize : 21 <-- 0.001591 s
currentSize : 23 <-- 0.005588 s
currentSize : 24 <-- 0.125642 s
currentSize : 25 <-- 0.691309 s
currentSize : 26 <-- 3.247740 s
currentSize : 27 <-- 41.289009 s
currentSize : 28 <-- 486.828979 s

TIMEOUT
maxsize : 28
nodes : 271577788.000000
filtered : 1957129861.000000
time : 1000.000000
