Parameters: GAD=1 vflib=1 dir=0 label=1 lowerbound=1 fileNameGp=../../cp2016-max-common-connected-subgraph-paper/datasets/graphsdb/mcs10/m3D/m3Dr2/mcs10_m3Dr2_s80.A01 fileNameGt=../../cp2016-max-common-connected-subgraph-paper/datasets/graphsdb/mcs10/m3D/m3Dr2/mcs10_m3Dr2_s80.B01
Reading graphs...
80 :  194
80 :  197
Initializing...
maxdom : 11
D->valSize : 373
Solving...
Blb : 2 (clique : 23)
currentSize : 23 <-- 0.003289 s
currentSize : 24 <-- 0.003474 s
currentSize : 25 <-- 0.013317 s
currentSize : 26 <-- 0.058124 s
currentSize : 27 <-- 4.099052 s
currentSize : 28 <-- 6.176085 s

TIMEOUT
maxsize : 28
nodes : 247422321.000000
filtered : 1463452087.000000
time : 1000.000061
