Parameters: GAD=1 vflib=1 dir=0 label=1 lowerbound=1 fileNameGp=../../cp2016-max-common-connected-subgraph-paper/datasets/graphsdb/mcs10/m3D/m3Dr6/mcs10_m3Dr6_s80.A07 fileNameGt=../../cp2016-max-common-connected-subgraph-paper/datasets/graphsdb/mcs10/m3D/m3Dr6/mcs10_m3Dr6_s80.B07
Reading graphs...
80 :  229
80 :  228
Initializing...
maxdom : 7
D->valSize : 389
Solving...
Blb : 5 (clique : 21)
currentSize : 21 <-- 0.003486 s
currentSize : 22 <-- 0.137558 s
currentSize : 23 <-- 0.446960 s
currentSize : 24 <-- 1.847560 s
currentSize : 25 <-- 50.157124 s
currentSize : 26 <-- 120.280754 s

TIMEOUT
maxsize : 26
nodes : 264422802.000000
filtered : 1392572684.000000
time : 1000.000000
