Parameters: GAD=1 vflib=1 dir=0 label=1 lowerbound=1 fileNameGp=../../cp2016-max-common-connected-subgraph-paper/datasets/graphsdb/mcs10/m3D/m3D/mcs10_m3D_s100.A03 fileNameGt=../../cp2016-max-common-connected-subgraph-paper/datasets/graphsdb/mcs10/m3D/m3D/mcs10_m3D_s100.B03
Reading graphs...
100 :  233
100 :  231
Initializing...
maxdom : 7
D->valSize : 339
Solving...
Blb : 2 (clique : 26)
currentSize : 26 <-- 0.003296 s
currentSize : 27 <-- 0.003523 s
currentSize : 28 <-- 0.004192 s
currentSize : 29 <-- 0.035402 s
currentSize : 30 <-- 0.109585 s
currentSize : 31 <-- 2.517630 s
currentSize : 32 <-- 58.722412 s
currentSize : 33 <-- 944.512024 s

TIMEOUT
maxsize : 33
nodes : 211286578.000000
filtered : 953223733.000000
time : 1000.000061
