Parameters: GAD=1 vflib=1 dir=0 label=1 lowerbound=1 fileNameGp=../../cp2016-max-common-connected-subgraph-paper/datasets/graphsdb/mcs10/m2D/m2Dr4/mcs10_m2Dr4_s90.A09 fileNameGt=../../cp2016-max-common-connected-subgraph-paper/datasets/graphsdb/mcs10/m2D/m2Dr4/mcs10_m2Dr4_s90.B09
Reading graphs...
90 :  195
90 :  195
Initializing...
maxdom : 13
D->valSize : 555
Solving...
Blb : 2 (clique : 31)
currentSize : 31 <-- 0.006406 s
currentSize : 32 <-- 0.006687 s
currentSize : 33 <-- 0.008793 s
currentSize : 34 <-- 3.464686 s
currentSize : 35 <-- 10.057836 s
currentSize : 36 <-- 165.131226 s

TIMEOUT
maxsize : 36
nodes : 219598093.000000
filtered : 1630297339.000000
time : 1000.000061
