Parameters: GAD=1 vflib=1 dir=0 label=1 lowerbound=1 fileNameGp=../../cp2016-max-common-connected-subgraph-paper/datasets/graphsdb/mcs10/bvg/b03/mcs10_b03_s50.A02 fileNameGt=../../cp2016-max-common-connected-subgraph-paper/datasets/graphsdb/mcs10/bvg/b03/mcs10_b03_s50.B02
Reading graphs...
50 :  74
50 :  75
Initializing...
maxdom : 10
D->valSize : 335
Solving...
Blb : 2 (clique : 20)
currentSize : 20 <-- 0.002384 s
currentSize : 21 <-- 1.574552 s
currentSize : 22 <-- 1.653666 s
currentSize : 23 <-- 12.049707 s
currentSize : 24 <-- 197.279282 s
currentSize : 25 <-- 481.356201 s

TIMEOUT
maxsize : 25
nodes : 276904614.000000
filtered : 2739362230.000000
time : 1000.000000
