Parameters: GAD=1 vflib=1 dir=0 label=1 lowerbound=1 fileNameGp=../../cp2016-max-common-connected-subgraph-paper/datasets/graphsdb/mcs10/bvg/b03/mcs10_b03_s80.A01 fileNameGt=../../cp2016-max-common-connected-subgraph-paper/datasets/graphsdb/mcs10/bvg/b03/mcs10_b03_s80.B01
Reading graphs...
80 :  119
80 :  120
Initializing...
maxdom : 11
D->valSize : 409
Solving...
Blb : 2 (clique : 29)
currentSize : 29 <-- 0.004076 s
currentSize : 30 <-- 3.854814 s
currentSize : 31 <-- 4.272868 s
currentSize : 32 <-- 8.463495 s
currentSize : 33 <-- 38.754768 s
currentSize : 34 <-- 38.756470 s
currentSize : 35 <-- 200.946106 s

TIMEOUT
maxsize : 35
nodes : 378770522.000000
filtered : 597914125.000000
time : 1000.000061
