Parameters: GAD=1 vflib=1 dir=0 label=1 lowerbound=1 fileNameGp=../../cp2016-max-common-connected-subgraph-paper/datasets/graphsdb/mcs10/rand/r005/mcs10_r005_s60.A06 fileNameGt=../../cp2016-max-common-connected-subgraph-paper/datasets/graphsdb/mcs10/rand/r005/mcs10_r005_s60.B06
Reading graphs...
60 :  175
60 :  177
Initializing...
maxdom : 6
D->valSize : 236
Solving...
Blb : 2 (clique : 17)
currentSize : 17 <-- 0.001630 s
currentSize : 18 <-- 0.001782 s
currentSize : 19 <-- 0.014582 s
currentSize : 20 <-- 1.576454 s
currentSize : 21 <-- 43.636860 s

maxsize : 21
nodes : 28108397.000000
filtered : 194189050.000000
time : 111.142769
