Parameters: GAD=1 vflib=1 dir=0 label=1 lowerbound=1 fileNameGp=../../cp2016-max-common-connected-subgraph-paper/datasets/graphsdb/mcs10/m3D/m3D/mcs10_m3D_s90.A03 fileNameGt=../../cp2016-max-common-connected-subgraph-paper/datasets/graphsdb/mcs10/m3D/m3D/mcs10_m3D_s90.B03
Reading graphs...
90 :  207
90 :  206
Initializing...
maxdom : 10
D->valSize : 456
Solving...
Blb : 2 (clique : 30)
currentSize : 30 <-- 0.007533 s
currentSize : 31 <-- 3.811540 s
currentSize : 32 <-- 11.197077 s
currentSize : 33 <-- 22.218662 s
currentSize : 34 <-- 34.026291 s
currentSize : 35 <-- 79.932480 s

TIMEOUT
maxsize : 35
nodes : 240765911.000000
filtered : 1217494911.000000
time : 1000.000061
