Parameters: GAD=1 vflib=1 dir=0 label=1 lowerbound=1 fileNameGp=../../cp2016-max-common-connected-subgraph-paper/datasets/graphsdb/mcs10/m2D/m2D/mcs10_m2D_s70.A09 fileNameGt=../../cp2016-max-common-connected-subgraph-paper/datasets/graphsdb/mcs10/m2D/m2D/mcs10_m2D_s70.B09
Reading graphs...
70 :  123
70 :  122
Initializing...
maxdom : 9
D->valSize : 322
Solving...
Blb : 2 (clique : 23)
currentSize : 23 <-- 0.002667 s
currentSize : 24 <-- 0.242676 s
currentSize : 25 <-- 0.307126 s
currentSize : 26 <-- 3.018820 s
currentSize : 27 <-- 51.897388 s
currentSize : 28 <-- 236.910599 s
currentSize : 29 <-- 269.558807 s

TIMEOUT
maxsize : 29
nodes : 242125871.000000
filtered : 1780745475.000000
time : 1000.000000
