Parameters: GAD=1 vflib=1 dir=0 label=1 lowerbound=1 fileNameGp=../../cp2016-max-common-connected-subgraph-paper/datasets/graphsdb/mcs10/m2D/m2Dr6/mcs10_m2Dr6_s100.A07 fileNameGt=../../cp2016-max-common-connected-subgraph-paper/datasets/graphsdb/mcs10/m2D/m2Dr6/mcs10_m2Dr6_s100.B07
Reading graphs...
100 :  234
100 :  233
Initializing...
maxdom : 8
D->valSize : 320
Solving...
Blb : 2 (clique : 29)
currentSize : 29 <-- 0.004977 s
currentSize : 30 <-- 0.008984 s
currentSize : 31 <-- 0.676703 s
currentSize : 32 <-- 0.687963 s
currentSize : 33 <-- 1.594210 s
currentSize : 34 <-- 2.276840 s
currentSize : 35 <-- 4.114124 s

TIMEOUT
maxsize : 35
nodes : 214026334.000000
filtered : 917855882.000000
time : 1000.000061
