Parameters: GAD=1 vflib=1 dir=0 label=1 lowerbound=1 fileNameGp=../../cp2016-max-common-connected-subgraph-paper/datasets/graphsdb/mcs10/rand/r01/mcs10_r01_s80.A03 fileNameGt=../../cp2016-max-common-connected-subgraph-paper/datasets/graphsdb/mcs10/rand/r01/mcs10_r01_s80.B03
Reading graphs...
80 :  605
80 :  609
Initializing...
maxdom : 10
D->valSize : 389
Solving...
Blb : 5 (clique : 13)
currentSize : 13 <-- 0.003346 s
currentSize : 14 <-- 0.046418 s
currentSize : 15 <-- 0.182307 s
currentSize : 16 <-- 0.249770 s
currentSize : 17 <-- 60.274010 s

maxsize : 17
nodes : 44659016.000000
filtered : 473702280.000000
time : 221.390366
