Parameters: GAD=1 vflib=1 dir=0 label=1 lowerbound=1 fileNameGp=../../cp2016-max-common-connected-subgraph-paper/datasets/graphsdb/mcs10/m3D/m3D/mcs10_m3D_s90.A07 fileNameGt=../../cp2016-max-common-connected-subgraph-paper/datasets/graphsdb/mcs10/m3D/m3D/mcs10_m3D_s90.B07
Reading graphs...
90 :  209
90 :  207
Initializing...
maxdom : 10
D->valSize : 479
Solving...
Blb : 5 (clique : 23)
currentSize : 23 <-- 0.005181 s
currentSize : 24 <-- 0.005856 s
currentSize : 25 <-- 0.006185 s
currentSize : 26 <-- 0.008342 s
currentSize : 27 <-- 0.010352 s
currentSize : 28 <-- 0.018435 s
currentSize : 29 <-- 58.165215 s
currentSize : 30 <-- 163.639297 s
currentSize : 31 <-- 773.032593 s
currentSize : 32 <-- 820.595032 s

TIMEOUT
maxsize : 32
nodes : 235464927.000000
filtered : 1153561002.000000
time : 1000.000061
