Parameters: GAD=1 vflib=1 dir=0 label=1 lowerbound=1 fileNameGp=../../cp2016-max-common-connected-subgraph-paper/datasets/graphsdb/mcs10/m3D/m3D/mcs10_m3D_s100.A01 fileNameGt=../../cp2016-max-common-connected-subgraph-paper/datasets/graphsdb/mcs10/m3D/m3D/mcs10_m3D_s100.B01
Reading graphs...
100 :  231
100 :  234
Initializing...
maxdom : 7
D->valSize : 317
Solving...
Blb : 2 (clique : 26)
currentSize : 26 <-- 0.004782 s
currentSize : 27 <-- 0.005113 s
currentSize : 28 <-- 0.005209 s
currentSize : 29 <-- 0.011334 s
currentSize : 30 <-- 0.736669 s
currentSize : 31 <-- 0.748395 s
currentSize : 32 <-- 6.021877 s
currentSize : 33 <-- 7.077646 s
currentSize : 34 <-- 127.639511 s

TIMEOUT
maxsize : 34
nodes : 212836440.000000
filtered : 1078543102.000000
time : 1000.000061
