Parameters: GAD=1 vflib=1 dir=0 label=1 lowerbound=1 fileNameGp=../../cp2016-max-common-connected-subgraph-paper/datasets/graphsdb/mcs10/m3D/m3Dr2/mcs10_m3Dr2_s60.A04 fileNameGt=../../cp2016-max-common-connected-subgraph-paper/datasets/graphsdb/mcs10/m3D/m3Dr2/mcs10_m3Dr2_s60.B04
Reading graphs...
60 :  144
60 :  145
Initializing...
maxdom : 6
D->valSize : 240
Solving...
Blb : 3 (clique : 16)
currentSize : 16 <-- 0.001644 s
currentSize : 17 <-- 0.001751 s
currentSize : 18 <-- 0.002492 s
currentSize : 19 <-- 0.004791 s
currentSize : 20 <-- 0.161720 s
currentSize : 21 <-- 0.454271 s
currentSize : 22 <-- 3.817184 s
currentSize : 23 <-- 254.411011 s

maxsize : 23
nodes : 244370019.000000
filtered : 1892205156.000000
time : 960.904358
