Parameters: GAD=1 vflib=1 dir=0 label=1 lowerbound=1 fileNameGp=../../cp2016-max-common-connected-subgraph-paper/datasets/graphsdb/mcs10/bvg/b06m/mcs10_b06m_s70.A05 fileNameGt=../../cp2016-max-common-connected-subgraph-paper/datasets/graphsdb/mcs10/bvg/b06m/mcs10_b06m_s70.B05
Reading graphs...
70 :  202
70 :  205
Initializing...
maxdom : 8
D->valSize : 306
Solving...
Blb : 2 (clique : 20)
currentSize : 20 <-- 0.002333 s
currentSize : 21 <-- 0.024627 s
currentSize : 22 <-- 0.042302 s
currentSize : 23 <-- 48.908058 s
currentSize : 24 <-- 107.153069 s
currentSize : 25 <-- 420.993408 s

TIMEOUT
maxsize : 25
nodes : 259275798.000000
filtered : 1659855496.000000
time : 1000.000061
