Parameters: GAD=1 vflib=1 dir=0 label=1 lowerbound=1 fileNameGp=../../cp2016-max-common-connected-subgraph-paper/datasets/graphsdb/mcs10/rand/r005/mcs10_r005_s50.A04 fileNameGt=../../cp2016-max-common-connected-subgraph-paper/datasets/graphsdb/mcs10/rand/r005/mcs10_r005_s50.B04
Reading graphs...
50 :  122
50 :  124
Initializing...
maxdom : 11
D->valSize : 280
Solving...
Blb : 2 (clique : 13)
currentSize : 13 <-- 0.001783 s
currentSize : 14 <-- 0.010823 s
currentSize : 15 <-- 0.014883 s
currentSize : 16 <-- 0.015236 s
currentSize : 17 <-- 0.023341 s
currentSize : 18 <-- 0.308127 s
currentSize : 19 <-- 3.644398 s
currentSize : 20 <-- 18.386332 s

maxsize : 20
nodes : 10040387.000000
filtered : 111956938.000000
time : 40.042370
