Parameters: GAD=1 vflib=1 dir=0 label=1 lowerbound=1 fileNameGp=../../cp2016-max-common-connected-subgraph-paper/datasets/graphsdb/mcs10/m4D/m4Dr2/mcs10_m4Dr2_s100.A04 fileNameGt=../../cp2016-max-common-connected-subgraph-paper/datasets/graphsdb/mcs10/m4D/m4Dr2/mcs10_m4Dr2_s100.B04
Reading graphs...
100 :  179
100 :  176
Initializing...
maxdom : 8
D->valSize : 328
Solving...
Blb : 2 (clique : 33)
currentSize : 33 <-- 0.003310 s
currentSize : 34 <-- 0.004324 s
currentSize : 35 <-- 0.033682 s
currentSize : 36 <-- 0.932286 s
currentSize : 37 <-- 2.273016 s
currentSize : 38 <-- 27.538179 s
currentSize : 39 <-- 251.182922 s
currentSize : 40 <-- 926.336426 s

TIMEOUT
maxsize : 40
nodes : 217877453.000000
filtered : 884727921.000000
time : 1000.000061
