Parameters: GAD=1 vflib=1 dir=0 label=1 lowerbound=1 fileNameGp=../../cp2016-max-common-connected-subgraph-paper/datasets/graphsdb/mcs10/m2D/m2Dr2/mcs10_m2Dr2_s90.A08 fileNameGt=../../cp2016-max-common-connected-subgraph-paper/datasets/graphsdb/mcs10/m2D/m2Dr2/mcs10_m2Dr2_s90.B08
Reading graphs...
90 :  179
90 :  179
Initializing...
maxdom : 13
D->valSize : 510
Solving...
Blb : 2 (clique : 28)
currentSize : 28 <-- 0.005695 s
currentSize : 30 <-- 0.005924 s
currentSize : 31 <-- 0.005979 s
currentSize : 32 <-- 0.016826 s
currentSize : 33 <-- 0.053988 s
currentSize : 34 <-- 0.055390 s

TIMEOUT
maxsize : 34
nodes : 286127871.000000
filtered : 1141544412.000000
time : 1000.000061
