Parameters: GAD=1 vflib=1 dir=0 label=1 lowerbound=1 fileNameGp=../../cp2016-max-common-connected-subgraph-paper/datasets/graphsdb/mcs10/m3D/m3Dr6/mcs10_m3Dr6_s70.A07 fileNameGt=../../cp2016-max-common-connected-subgraph-paper/datasets/graphsdb/mcs10/m3D/m3Dr6/mcs10_m3Dr6_s70.B07
Reading graphs...
70 :  193
70 :  198
Initializing...
maxdom : 8
D->valSize : 304
Solving...
Blb : 2 (clique : 19)
currentSize : 19 <-- 0.003826 s
currentSize : 20 <-- 0.036813 s
currentSize : 21 <-- 49.415020 s
currentSize : 22 <-- 49.436832 s
currentSize : 23 <-- 62.929153 s
currentSize : 24 <-- 372.931885 s

TIMEOUT
maxsize : 24
nodes : 238476507.000000
filtered : 1687187175.000000
time : 1000.000000
