Parameters: GAD=1 vflib=1 dir=0 label=1 lowerbound=1 fileNameGp=../../cp2016-max-common-connected-subgraph-paper/datasets/graphsdb/mcs10/bvg/b09m/mcs10_b09m_s100.A09 fileNameGt=../../cp2016-max-common-connected-subgraph-paper/datasets/graphsdb/mcs10/bvg/b09m/mcs10_b09m_s100.B09
Reading graphs...
100 :  437
100 :  438
Initializing...
maxdom : 8
D->valSize : 330
Solving...
Blb : 2 (clique : 19)
currentSize : 19 <-- 0.003123 s
currentSize : 20 <-- 0.003532 s
currentSize : 21 <-- 0.005097 s
currentSize : 22 <-- 0.014320 s
currentSize : 23 <-- 0.018010 s
currentSize : 24 <-- 0.063689 s
currentSize : 25 <-- 0.191082 s
currentSize : 26 <-- 1.033398 s
currentSize : 27 <-- 363.633362 s

TIMEOUT
maxsize : 27
nodes : 186430634.000000
filtered : 1229358658.000000
time : 1000.000000
