Parameters: GAD=1 vflib=1 dir=0 label=1 lowerbound=1 fileNameGp=../../cp2016-max-common-connected-subgraph-paper/datasets/graphsdb/mcs10/m2D/m2Dr2/mcs10_m2Dr2_s90.A09 fileNameGt=../../cp2016-max-common-connected-subgraph-paper/datasets/graphsdb/mcs10/m2D/m2Dr2/mcs10_m2Dr2_s90.B09
Reading graphs...
90 :  179
90 :  177
Initializing...
maxdom : 10
D->valSize : 542
Solving...
Blb : 2 (clique : 30)
currentSize : 30 <-- 0.006269 s
currentSize : 31 <-- 0.006525 s
currentSize : 32 <-- 0.272499 s
currentSize : 33 <-- 13.465104 s
currentSize : 34 <-- 25.966640 s
currentSize : 35 <-- 183.594742 s

TIMEOUT
maxsize : 35
nodes : 241422627.000000
filtered : 1450781783.000000
time : 1000.000061
