Parameters: GAD=1 vflib=1 dir=0 label=1 lowerbound=1 fileNameGp=../../cp2016-max-common-connected-subgraph-paper/datasets/graphsdb/mcs10/bvg/b03/mcs10_b03_s100.A00 fileNameGt=../../cp2016-max-common-connected-subgraph-paper/datasets/graphsdb/mcs10/bvg/b03/mcs10_b03_s100.B00
Reading graphs...
100 :  149
100 :  149
Initializing...
maxdom : 8
D->valSize : 299
Solving...
Blb : 2 (clique : 34)
currentSize : 34 <-- 0.002847 s
currentSize : 35 <-- 1.524396 s
currentSize : 36 <-- 28.132572 s
currentSize : 37 <-- 29.456686 s
currentSize : 38 <-- 34.035213 s
currentSize : 39 <-- 65.590813 s

TIMEOUT
maxsize : 39
nodes : 238958589.000000
filtered : 734060304.000000
time : 1000.000061
