Parameters: GAD=1 vflib=1 dir=0 label=1 lowerbound=1 fileNameGp=../../cp2016-max-common-connected-subgraph-paper/datasets/graphsdb/mcs10/rand/r01/mcs10_r01_s80.A02 fileNameGt=../../cp2016-max-common-connected-subgraph-paper/datasets/graphsdb/mcs10/rand/r01/mcs10_r01_s80.B02
Reading graphs...
80 :  610
80 :  602
Initializing...
maxdom : 8
D->valSize : 387
Solving...
Blb : 2 (clique : 11)
currentSize : 11 <-- 0.004932 s
currentSize : 12 <-- 0.006419 s
currentSize : 13 <-- 0.007085 s
currentSize : 14 <-- 0.250307 s
currentSize : 15 <-- 0.276724 s
currentSize : 16 <-- 15.928393 s
currentSize : 17 <-- 49.911846 s

maxsize : 17
nodes : 58107706.000000
filtered : 636470606.000000
time : 288.090881
