Parameters: GAD=1 vflib=1 dir=0 label=1 lowerbound=1 fileNameGp=../../cp2016-max-common-connected-subgraph-paper/datasets/graphsdb/mcs10/bvg/b03/mcs10_b03_s80.A04 fileNameGt=../../cp2016-max-common-connected-subgraph-paper/datasets/graphsdb/mcs10/bvg/b03/mcs10_b03_s80.B04
Reading graphs...
80 :  120
80 :  119
Initializing...
maxdom : 10
D->valSize : 406
Solving...
Blb : 2 (clique : 28)
currentSize : 28 <-- 0.003862 s
currentSize : 29 <-- 0.038173 s
currentSize : 30 <-- 0.038763 s
currentSize : 31 <-- 0.806834 s
currentSize : 32 <-- 4.732451 s
currentSize : 33 <-- 218.960800 s
currentSize : 34 <-- 384.811615 s

TIMEOUT
maxsize : 34
nodes : 267029256.000000
filtered : 1575505237.000000
time : 1000.000061
