Parameters: GAD=1 vflib=1 dir=0 label=1 lowerbound=1 fileNameGp=../../cp2016-max-common-connected-subgraph-paper/datasets/graphsdb/mcs10/m2D/m2Dr6/mcs10_m2Dr6_s50.A02 fileNameGt=../../cp2016-max-common-connected-subgraph-paper/datasets/graphsdb/mcs10/m2D/m2Dr6/mcs10_m2Dr6_s50.B02
Reading graphs...
50 :  113
50 :  113
Initializing...
maxdom : 9
D->valSize : 294
Solving...
Blb : 2 (clique : 16)
currentSize : 16 <-- 0.003038 s
currentSize : 17 <-- 0.003201 s
currentSize : 18 <-- 0.042725 s
currentSize : 19 <-- 2.037603 s
currentSize : 20 <-- 2.457904 s
currentSize : 21 <-- 146.017120 s

maxsize : 21
nodes : 83433474.000000
filtered : 903522882.000000
time : 325.089020
