Parameters: GAD=1 vflib=1 dir=0 label=1 lowerbound=1 fileNameGp=../../cp2016-max-common-connected-subgraph-paper/datasets/graphsdb/mcs10/m2D/m2Dr6/mcs10_m2Dr6_s60.A09 fileNameGt=../../cp2016-max-common-connected-subgraph-paper/datasets/graphsdb/mcs10/m2D/m2Dr6/mcs10_m2Dr6_s60.B09
Reading graphs...
60 :  138
60 :  135
Initializing...
maxdom : 10
D->valSize : 237
Solving...
Blb : 2 (clique : 16)
currentSize : 16 <-- 0.002488 s
currentSize : 18 <-- 0.002873 s
currentSize : 19 <-- 0.003158 s
currentSize : 20 <-- 0.003485 s
currentSize : 21 <-- 0.019053 s
currentSize : 22 <-- 37.744450 s
currentSize : 23 <-- 103.217422 s

maxsize : 23
nodes : 107203903.000000
filtered : 742260196.000000
time : 406.067078
