Parameters: GAD=1 vflib=1 dir=0 label=1 lowerbound=1 fileNameGp=../../cp2016-max-common-connected-subgraph-paper/datasets/graphsdb/mcs10/m2D/m2Dr4/mcs10_m2Dr4_s90.A07 fileNameGt=../../cp2016-max-common-connected-subgraph-paper/datasets/graphsdb/mcs10/m2D/m2Dr4/mcs10_m2Dr4_s90.B07
Reading graphs...
90 :  194
90 :  196
Initializing...
maxdom : 11
D->valSize : 508
Solving...
Blb : 2 (clique : 27)
currentSize : 27 <-- 0.005594 s
currentSize : 28 <-- 0.005819 s
currentSize : 29 <-- 0.103031 s
currentSize : 30 <-- 0.523121 s
currentSize : 31 <-- 23.835419 s
currentSize : 32 <-- 159.574646 s
currentSize : 33 <-- 172.617126 s

TIMEOUT
maxsize : 33
nodes : 224775009.000000
filtered : 1427232688.000000
time : 1000.000061
