Parameters: GAD=1 vflib=1 dir=0 label=1 lowerbound=1 fileNameGp=../../cp2016-max-common-connected-subgraph-paper/datasets/graphsdb/mcs10/m3D/m3Dr2/mcs10_m3Dr2_s90.A09 fileNameGt=../../cp2016-max-common-connected-subgraph-paper/datasets/graphsdb/mcs10/m3D/m3Dr2/mcs10_m3Dr2_s90.B09
Reading graphs...
90 :  224
90 :  227
Initializing...
maxdom : 10
D->valSize : 540
Solving...
Blb : 2 (clique : 28)
currentSize : 28 <-- 0.006126 s
currentSize : 29 <-- 0.595702 s
currentSize : 30 <-- 0.747898 s
currentSize : 31 <-- 1.609525 s
currentSize : 32 <-- 3.538650 s
currentSize : 33 <-- 16.782875 s
currentSize : 34 <-- 28.140444 s

TIMEOUT
maxsize : 34
nodes : 232880348.000000
filtered : 1405437146.000000
time : 1000.000061
