Parameters: GAD=1 vflib=1 dir=0 label=1 lowerbound=1 fileNameGp=../../cp2016-max-common-connected-subgraph-paper/datasets/graphsdb/mcs10/m3D/m3D/mcs10_m3D_s100.A09 fileNameGt=../../cp2016-max-common-connected-subgraph-paper/datasets/graphsdb/mcs10/m3D/m3D/mcs10_m3D_s100.B09
Reading graphs...
100 :  232
100 :  230
Initializing...
maxdom : 7
D->valSize : 308
Solving...
Blb : 2 (clique : 27)
currentSize : 27 <-- 0.003017 s
currentSize : 28 <-- 0.020308 s
currentSize : 29 <-- 0.033228 s
currentSize : 30 <-- 1.668455 s
currentSize : 31 <-- 28.700956 s
currentSize : 32 <-- 102.152367 s
currentSize : 33 <-- 102.180176 s

TIMEOUT
maxsize : 33
nodes : 208664199.000000
filtered : 954283599.000000
time : 1000.000061
