Parameters: GAD=1 vflib=1 dir=0 label=1 lowerbound=1 fileNameGp=../../cp2016-max-common-connected-subgraph-paper/datasets/graphsdb/mcs10/rand/r01/mcs10_r01_s100.A07 fileNameGt=../../cp2016-max-common-connected-subgraph-paper/datasets/graphsdb/mcs10/rand/r01/mcs10_r01_s100.B07
Reading graphs...
100 :  952
100 :  929
Initializing...
maxdom : 8
D->valSize : 319
Solving...
Blb : 2 (clique : 12)
currentSize : 12 <-- 0.004485 s
currentSize : 14 <-- 0.004843 s
currentSize : 15 <-- 0.004890 s
currentSize : 16 <-- 0.981048 s
currentSize : 17 <-- 90.998734 s
currentSize : 18 <-- 170.590927 s

maxsize : 18
nodes : 48530810.000000
filtered : 383576274.000000
time : 263.118011
