Parameters: GAD=1 vflib=1 dir=0 label=1 lowerbound=1 fileNameGp=../../cp2016-max-common-connected-subgraph-paper/datasets/graphsdb/mcs10/bvg/b06/mcs10_b06_s80.A09 fileNameGt=../../cp2016-max-common-connected-subgraph-paper/datasets/graphsdb/mcs10/bvg/b06/mcs10_b06_s80.B09
Reading graphs...
80 :  236
80 :  235
Initializing...
maxdom : 9
D->valSize : 407
Solving...
Blb : 2 (clique : 23)
currentSize : 23 <-- 0.005760 s
currentSize : 24 <-- 0.006119 s
currentSize : 25 <-- 0.011369 s
currentSize : 26 <-- 0.027808 s
currentSize : 27 <-- 0.582777 s
currentSize : 28 <-- 12.695042 s
currentSize : 29 <-- 176.071594 s
currentSize : 30 <-- 419.575714 s

TIMEOUT
maxsize : 30
nodes : 223015923.000000
filtered : 1794822889.000000
time : 1000.000061
