Parameters: GAD=1 vflib=1 dir=0 label=1 lowerbound=1 fileNameGp=../../cp2016-max-common-connected-subgraph-paper/datasets/graphsdb/mcs10/m2D/m2Dr6/mcs10_m2Dr6_s70.A06 fileNameGt=../../cp2016-max-common-connected-subgraph-paper/datasets/graphsdb/mcs10/m2D/m2Dr6/mcs10_m2Dr6_s70.B06
Reading graphs...
70 :  162
70 :  158
Initializing...
maxdom : 9
D->valSize : 356
Solving...
Blb : 2 (clique : 21)
currentSize : 21 <-- 0.004764 s
currentSize : 22 <-- 0.005023 s
currentSize : 23 <-- 0.005216 s
currentSize : 24 <-- 0.008392 s
currentSize : 25 <-- 0.008504 s
currentSize : 26 <-- 0.984455 s
currentSize : 27 <-- 284.355774 s

TIMEOUT
maxsize : 27
nodes : 253671546.000000
filtered : 1784520885.000000
time : 1000.000000
