Parameters: GAD=1 vflib=1 dir=0 label=1 lowerbound=1 fileNameGp=../../cp2016-max-common-connected-subgraph-paper/datasets/graphsdb/mcs10/m3D/m3Dr2/mcs10_m3Dr2_s90.A01 fileNameGt=../../cp2016-max-common-connected-subgraph-paper/datasets/graphsdb/mcs10/m3D/m3Dr2/mcs10_m3Dr2_s90.B01
Reading graphs...
90 :  226
90 :  224
Initializing...
maxdom : 11
D->valSize : 489
Solving...
Blb : 2 (clique : 27)
currentSize : 27 <-- 0.005351 s
currentSize : 28 <-- 0.012071 s
currentSize : 29 <-- 3.089705 s
currentSize : 30 <-- 81.831352 s
currentSize : 31 <-- 355.805084 s
currentSize : 32 <-- 602.732056 s

TIMEOUT
maxsize : 32
nodes : 225794160.000000
filtered : 1503046152.000000
time : 1000.000061
