Parameters: GAD=1 vflib=1 dir=0 label=1 lowerbound=1 fileNameGp=../../cp2016-max-common-connected-subgraph-paper/datasets/graphsdb/mcs10/m3D/m3Dr6/mcs10_m3Dr6_s60.A09 fileNameGt=../../cp2016-max-common-connected-subgraph-paper/datasets/graphsdb/mcs10/m3D/m3Dr6/mcs10_m3Dr6_s60.B09
Reading graphs...
60 :  166
60 :  163
Initializing...
maxdom : 7
D->valSize : 219
Solving...
Blb : 2 (clique : 16)
currentSize : 16 <-- 0.001454 s
currentSize : 17 <-- 0.001589 s
currentSize : 18 <-- 0.001887 s
currentSize : 19 <-- 0.056366 s
currentSize : 20 <-- 0.807097 s
currentSize : 21 <-- 28.960791 s
currentSize : 22 <-- 45.317345 s

maxsize : 22
nodes : 27609507.000000
filtered : 175068265.000000
time : 106.877228
