Parameters: GAD=1 vflib=1 dir=0 label=1 lowerbound=1 fileNameGp=../../cp2016-max-common-connected-subgraph-paper/datasets/graphsdb/mcs10/rand/r005/mcs10_r005_s60.A02 fileNameGt=../../cp2016-max-common-connected-subgraph-paper/datasets/graphsdb/mcs10/rand/r005/mcs10_r005_s60.B02
Reading graphs...
60 :  177
60 :  179
Initializing...
maxdom : 7
D->valSize : 246
Solving...
Blb : 2 (clique : 16)
currentSize : 16 <-- 0.002643 s
currentSize : 17 <-- 0.002883 s
currentSize : 18 <-- 0.007438 s
currentSize : 19 <-- 0.410275 s
currentSize : 20 <-- 0.466192 s
currentSize : 21 <-- 57.902386 s

maxsize : 21
nodes : 55539199.000000
filtered : 478360174.000000
time : 221.689682
