Parameters: GAD=1 vflib=1 dir=0 label=1 lowerbound=1 fileNameGp=../../cp2016-max-common-connected-subgraph-paper/datasets/graphsdb/mcs10/bvg/b09m/mcs10_b09m_s100.A01 fileNameGt=../../cp2016-max-common-connected-subgraph-paper/datasets/graphsdb/mcs10/bvg/b09m/mcs10_b09m_s100.B01
Reading graphs...
100 :  431
100 :  434
Initializing...
maxdom : 6
D->valSize : 345
Solving...
Blb : 2 (clique : 20)
currentSize : 20 <-- 0.003412 s
currentSize : 21 <-- 0.004739 s
currentSize : 22 <-- 0.019016 s
currentSize : 23 <-- 0.047772 s
currentSize : 24 <-- 0.254330 s
currentSize : 25 <-- 1.302585 s
currentSize : 26 <-- 1.339168 s
currentSize : 27 <-- 104.564270 s

TIMEOUT
maxsize : 27
nodes : 202168242.000000
filtered : 1063718948.000000
time : 1000.000000
