Parameters: GAD=1 vflib=1 dir=0 label=1 lowerbound=1 fileNameGp=../../cp2016-max-common-connected-subgraph-paper/datasets/graphsdb/mcs10/m2D/m2Dr2/mcs10_m2Dr2_s80.A01 fileNameGt=../../cp2016-max-common-connected-subgraph-paper/datasets/graphsdb/mcs10/m2D/m2Dr2/mcs10_m2Dr2_s80.B01
Reading graphs...
80 :  158
80 :  157
Initializing...
maxdom : 7
D->valSize : 404
Solving...
Blb : 2 (clique : 25)
currentSize : 25 <-- 0.003940 s
currentSize : 26 <-- 0.010077 s
currentSize : 27 <-- 0.045707 s
currentSize : 28 <-- 0.330872 s
currentSize : 29 <-- 2.925246 s
currentSize : 30 <-- 558.416626 s

TIMEOUT
maxsize : 30
nodes : 260775636.000000
filtered : 1206085310.000000
time : 1000.000061
