Parameters: GAD=1 vflib=1 dir=0 label=1 lowerbound=1 fileNameGp=../../cp2016-max-common-connected-subgraph-paper/datasets/graphsdb/mcs10/bvg/b03m/mcs10_b03m_s100.A07 fileNameGt=../../cp2016-max-common-connected-subgraph-paper/datasets/graphsdb/mcs10/bvg/b03m/mcs10_b03m_s100.B07
Reading graphs...
100 :  149
100 :  148
Initializing...
maxdom : 8
D->valSize : 320
Solving...
Blb : 2 (clique : 32)
currentSize : 32 <-- 0.003128 s
currentSize : 34 <-- 0.003358 s
currentSize : 35 <-- 0.197722 s
currentSize : 36 <-- 0.305137 s
currentSize : 37 <-- 2.117992 s
currentSize : 38 <-- 436.195892 s

TIMEOUT
maxsize : 38
nodes : 234356318.000000
filtered : 640271555.000000
time : 1000.000122
