Parameters: GAD=1 vflib=1 dir=0 label=1 lowerbound=1 fileNameGp=../../cp2016-max-common-connected-subgraph-paper/datasets/graphsdb/mcs10/bvg/b03m/mcs10_b03m_s50.A07 fileNameGt=../../cp2016-max-common-connected-subgraph-paper/datasets/graphsdb/mcs10/bvg/b03m/mcs10_b03m_s50.B07
Reading graphs...
50 :  73
50 :  74
Initializing...
maxdom : 8
D->valSize : 306
Solving...
Blb : 2 (clique : 19)
currentSize : 19 <-- 0.002177 s
currentSize : 20 <-- 0.010802 s
currentSize : 21 <-- 3.217853 s
currentSize : 22 <-- 3.922609 s
currentSize : 23 <-- 5.320687 s
currentSize : 24 <-- 126.733742 s

TIMEOUT
maxsize : 24
nodes : 326377745.000000
filtered : 2397768836.000000
time : 1000.000000
