Parameters: GAD=1 vflib=1 dir=0 label=1 lowerbound=1 fileNameGp=../../cp2016-max-common-connected-subgraph-paper/datasets/graphsdb/mcs10/bvg/b06m/mcs10_b06m_s70.A03 fileNameGt=../../cp2016-max-common-connected-subgraph-paper/datasets/graphsdb/mcs10/bvg/b06m/mcs10_b06m_s70.B03
Reading graphs...
70 :  204
70 :  202
Initializing...
maxdom : 7
D->valSize : 320
Solving...
Blb : 2 (clique : 19)
currentSize : 19 <-- 0.002484 s
currentSize : 20 <-- 0.328623 s
currentSize : 21 <-- 0.349847 s
currentSize : 22 <-- 0.350565 s
currentSize : 23 <-- 32.066490 s
currentSize : 24 <-- 115.193108 s

TIMEOUT
maxsize : 24
nodes : 235853152.000000
filtered : 1758329806.000000
time : 1000.000000
