Parameters: GAD=1 vflib=1 dir=0 label=1 lowerbound=1 fileNameGp=../../cp2016-max-common-connected-subgraph-paper/datasets/graphsdb/mcs10/m3D/m3Dr2/mcs10_m3Dr2_s90.A02 fileNameGt=../../cp2016-max-common-connected-subgraph-paper/datasets/graphsdb/mcs10/m3D/m3Dr2/mcs10_m3Dr2_s90.B02
Reading graphs...
90 :  221
90 :  225
Initializing...
maxdom : 9
D->valSize : 533
Solving...
Blb : 2 (clique : 23)
currentSize : 23 <-- 0.005893 s
currentSize : 27 <-- 0.006096 s
currentSize : 28 <-- 0.006175 s
currentSize : 29 <-- 0.006592 s
currentSize : 30 <-- 0.009109 s
currentSize : 31 <-- 0.038666 s
currentSize : 32 <-- 10.374032 s

TIMEOUT
maxsize : 32
nodes : 216268411.000000
filtered : 1490279249.000000
time : 1000.000000
