Parameters: GAD=1 vflib=1 dir=0 label=1 lowerbound=1 fileNameGp=../../cp2016-max-common-connected-subgraph-paper/datasets/graphsdb/mcs10/m2D/m2Dr6/mcs10_m2Dr6_s70.A00 fileNameGt=../../cp2016-max-common-connected-subgraph-paper/datasets/graphsdb/mcs10/m2D/m2Dr6/mcs10_m2Dr6_s70.B00
Reading graphs...
70 :  162
70 :  164
Initializing...
maxdom : 10
D->valSize : 303
Solving...
Blb : 2 (clique : 20)
currentSize : 20 <-- 0.003705 s
currentSize : 21 <-- 0.031145 s
currentSize : 22 <-- 0.551526 s
currentSize : 23 <-- 0.553145 s
currentSize : 24 <-- 2.557693 s
currentSize : 25 <-- 195.483185 s

TIMEOUT
maxsize : 25
nodes : 268428403.000000
filtered : 1439238682.000000
time : 1000.000061
