Parameters: GAD=1 vflib=1 dir=0 label=1 lowerbound=1 fileNameGp=../../cp2016-max-common-connected-subgraph-paper/datasets/graphsdb/mcs10/m3D/m3Dr4/mcs10_m3Dr4_s80.A06 fileNameGt=../../cp2016-max-common-connected-subgraph-paper/datasets/graphsdb/mcs10/m3D/m3Dr4/mcs10_m3Dr4_s80.B06
Reading graphs...
80 :  215
80 :  214
Initializing...
maxdom : 8
D->valSize : 387
Solving...
Blb : 5 (clique : 23)
currentSize : 23 <-- 0.003437 s
currentSize : 24 <-- 0.005842 s
currentSize : 25 <-- 0.073085 s
currentSize : 26 <-- 5.634116 s
currentSize : 27 <-- 10.331192 s
currentSize : 28 <-- 49.216488 s

TIMEOUT
maxsize : 28
nodes : 194564858.000000
filtered : 1798421766.000000
time : 1000.000000
