Parameters: GAD=1 vflib=1 dir=0 label=1 lowerbound=1 fileNameGp=../../cp2016-max-common-connected-subgraph-paper/datasets/graphsdb/mcs10/m3D/m3Dr4/mcs10_m3Dr4_s70.A04 fileNameGt=../../cp2016-max-common-connected-subgraph-paper/datasets/graphsdb/mcs10/m3D/m3Dr4/mcs10_m3Dr4_s70.B04
Reading graphs...
70 :  184
70 :  185
Initializing...
maxdom : 8
D->valSize : 314
Solving...
Blb : 2 (clique : 18)
currentSize : 18 <-- 0.002424 s
currentSize : 19 <-- 0.002539 s
currentSize : 20 <-- 0.002624 s
currentSize : 21 <-- 0.005733 s
currentSize : 22 <-- 0.009436 s
currentSize : 23 <-- 26.134989 s
currentSize : 24 <-- 295.696564 s
currentSize : 25 <-- 385.521393 s

TIMEOUT
maxsize : 25
nodes : 242521251.000000
filtered : 1851817154.000000
time : 1000.000000
