Parameters: GAD=1 vflib=1 dir=0 label=1 lowerbound=1 fileNameGp=../../cp2016-max-common-connected-subgraph-paper/datasets/graphsdb/mcs10/m3D/m3Dr2/mcs10_m3Dr2_s80.A00 fileNameGt=../../cp2016-max-common-connected-subgraph-paper/datasets/graphsdb/mcs10/m3D/m3Dr2/mcs10_m3Dr2_s80.B00
Reading graphs...
80 :  197
80 :  198
Initializing...
maxdom : 8
D->valSize : 409
Solving...
Blb : 2 (clique : 21)
currentSize : 21 <-- 0.003801 s
currentSize : 22 <-- 0.003988 s
currentSize : 23 <-- 0.004139 s
currentSize : 24 <-- 0.005299 s
currentSize : 25 <-- 0.010231 s
currentSize : 26 <-- 2.279709 s
currentSize : 27 <-- 13.917031 s
currentSize : 28 <-- 172.203461 s
currentSize : 29 <-- 609.905151 s

TIMEOUT
maxsize : 29
nodes : 238858840.000000
filtered : 1557069550.000000
time : 1000.000000
