Parameters: GAD=1 vflib=1 dir=0 label=1 lowerbound=1 fileNameGp=../../cp2016-max-common-connected-subgraph-paper/datasets/graphsdb/mcs10/m2D/m2Dr4/mcs10_m2Dr4_s70.A04 fileNameGt=../../cp2016-max-common-connected-subgraph-paper/datasets/graphsdb/mcs10/m2D/m2Dr4/mcs10_m2Dr4_s70.B04
Reading graphs...
70 :  149
70 :  149
Initializing...
maxdom : 8
D->valSize : 324
Solving...
Blb : 2 (clique : 22)
currentSize : 22 <-- 0.002776 s
currentSize : 23 <-- 0.002963 s
currentSize : 24 <-- 0.019849 s
currentSize : 25 <-- 0.028371 s
currentSize : 26 <-- 2.112948 s
currentSize : 27 <-- 939.136536 s

TIMEOUT
maxsize : 27
nodes : 250523200.000000
filtered : 1750125870.000000
time : 1000.000061
