Parameters: GAD=1 vflib=1 dir=0 label=1 lowerbound=1 fileNameGp=../../cp2016-max-common-connected-subgraph-paper/datasets/graphsdb/mcs10/rand/r01/mcs10_r01_s100.A04 fileNameGt=../../cp2016-max-common-connected-subgraph-paper/datasets/graphsdb/mcs10/rand/r01/mcs10_r01_s100.B04
Reading graphs...
100 :  948
100 :  936
Initializing...
maxdom : 6
D->valSize : 307
Solving...
Blb : 2 (clique : 13)
currentSize : 13 <-- 0.002674 s
currentSize : 14 <-- 0.016421 s
currentSize : 15 <-- 0.144834 s
currentSize : 16 <-- 26.286348 s
currentSize : 17 <-- 43.985367 s

maxsize : 17
nodes : 36169238.000000
filtered : 257969269.000000
time : 193.194122
