Parameters: GAD=1 vflib=1 dir=0 label=1 lowerbound=1 fileNameGp=../../cp2016-max-common-connected-subgraph-paper/datasets/graphsdb/mcs10/m3D/m3Dr2/mcs10_m3Dr2_s60.A06 fileNameGt=../../cp2016-max-common-connected-subgraph-paper/datasets/graphsdb/mcs10/m3D/m3Dr2/mcs10_m3Dr2_s60.B06
Reading graphs...
60 :  145
60 :  144
Initializing...
maxdom : 7
D->valSize : 230
Solving...
Blb : 5 (clique : 19)
currentSize : 19 <-- 0.002506 s
currentSize : 20 <-- 0.539138 s
currentSize : 21 <-- 0.547667 s
currentSize : 22 <-- 18.916882 s
currentSize : 23 <-- 101.285545 s

maxsize : 23
nodes : 94369078.000000
filtered : 670292184.000000
time : 369.541595
