Parameters: GAD=1 vflib=1 dir=0 label=1 lowerbound=1 fileNameGp=../../cp2016-max-common-connected-subgraph-paper/datasets/graphsdb/mcs10/m4D/m4Dr4/mcs10_m4Dr4_s100.A06 fileNameGt=../../cp2016-max-common-connected-subgraph-paper/datasets/graphsdb/mcs10/m4D/m4Dr4/mcs10_m4Dr4_s100.B06
Reading graphs...
100 :  199
100 :  197
Initializing...
maxdom : 9
D->valSize : 339
Solving...
Blb : 2 (clique : 30)
currentSize : 30 <-- 0.003284 s
currentSize : 31 <-- 0.011037 s
currentSize : 32 <-- 0.782681 s
currentSize : 33 <-- 1.047500 s
currentSize : 34 <-- 73.157410 s
currentSize : 35 <-- 102.814331 s
currentSize : 36 <-- 203.029510 s
currentSize : 37 <-- 485.170807 s
currentSize : 38 <-- 542.710876 s

TIMEOUT
maxsize : 38
nodes : 220405258.000000
filtered : 712840104.000000
time : 1000.000061
