Parameters: GAD=1 vflib=1 dir=0 label=1 lowerbound=1 fileNameGp=../../cp2016-max-common-connected-subgraph-paper/datasets/graphsdb/mcs10/m3D/m3Dr4/mcs10_m3Dr4_s80.A02 fileNameGt=../../cp2016-max-common-connected-subgraph-paper/datasets/graphsdb/mcs10/m3D/m3Dr4/mcs10_m3Dr4_s80.B02
Reading graphs...
80 :  216
80 :  214
Initializing...
maxdom : 10
D->valSize : 413
Solving...
Blb : 2 (clique : 22)
currentSize : 22 <-- 0.006075 s
currentSize : 23 <-- 0.006570 s
currentSize : 24 <-- 0.065143 s
currentSize : 25 <-- 27.401873 s
currentSize : 26 <-- 30.499472 s
currentSize : 27 <-- 208.022095 s

TIMEOUT
maxsize : 27
nodes : 241383983.000000
filtered : 1567319005.000000
time : 1000.000000
