Parameters: GAD=1 vflib=1 dir=0 label=1 lowerbound=1 fileNameGp=../../cp2016-max-common-connected-subgraph-paper/datasets/graphsdb/mcs10/rand/r005/mcs10_r005_s50.A08 fileNameGt=../../cp2016-max-common-connected-subgraph-paper/datasets/graphsdb/mcs10/rand/r005/mcs10_r005_s50.B08
Reading graphs...
50 :  124
50 :  119
Initializing...
maxdom : 8
D->valSize : 286
Solving...
Blb : 2 (clique : 13)
currentSize : 13 <-- 0.002014 s
currentSize : 14 <-- 0.002104 s
currentSize : 15 <-- 0.002213 s
currentSize : 16 <-- 0.004728 s
currentSize : 17 <-- 0.372119 s
currentSize : 18 <-- 1.262220 s
currentSize : 19 <-- 92.467461 s
currentSize : 20 <-- 119.046799 s

maxsize : 20
nodes : 243572598.000000
filtered : 2231137659.000000
time : 803.646912
