Parameters: GAD=1 vflib=1 dir=0 label=1 lowerbound=1 fileNameGp=../../cp2016-max-common-connected-subgraph-paper/datasets/graphsdb/mcs10/bvg/b09/mcs10_b09_s100.A08 fileNameGt=../../cp2016-max-common-connected-subgraph-paper/datasets/graphsdb/mcs10/bvg/b09/mcs10_b09_s100.B08
Reading graphs...
100 :  444
100 :  442
Initializing...
maxdom : 8
D->valSize : 340
Solving...
Blb : 2 (clique : 21)
currentSize : 21 <-- 0.003201 s
currentSize : 22 <-- 0.006371 s
currentSize : 23 <-- 0.204399 s
currentSize : 24 <-- 1.014736 s
currentSize : 25 <-- 1.025542 s
currentSize : 26 <-- 1.027978 s
currentSize : 27 <-- 7.828571 s

TIMEOUT
maxsize : 27
nodes : 188901973.000000
filtered : 1307822790.000000
time : 1000.000061
