Parameters: GAD=1 vflib=1 dir=0 label=1 lowerbound=1 fileNameGp=../../cp2016-max-common-connected-subgraph-paper/datasets/graphsdb/mcs10/rand/r01/mcs10_r01_s90.A07 fileNameGt=../../cp2016-max-common-connected-subgraph-paper/datasets/graphsdb/mcs10/rand/r01/mcs10_r01_s90.B07
Reading graphs...
90 :  758
90 :  763
Initializing...
maxdom : 10
D->valSize : 516
Solving...
Blb : 2 (clique : 12)
currentSize : 12 <-- 0.005314 s
currentSize : 13 <-- 0.005604 s
currentSize : 14 <-- 0.013673 s
currentSize : 15 <-- 0.013960 s
currentSize : 16 <-- 0.051692 s
currentSize : 17 <-- 7.854626 s
currentSize : 18 <-- 96.109581 s

TIMEOUT
maxsize : 18
nodes : 178740855.000000
filtered : 2258390008.000000
time : 1000.000000
