Parameters: GAD=1 vflib=1 dir=0 label=1 lowerbound=1 fileNameGp=../../cp2016-max-common-connected-subgraph-paper/datasets/graphsdb/mcs10/m3D/m3Dr2/mcs10_m3Dr2_s90.A07 fileNameGt=../../cp2016-max-common-connected-subgraph-paper/datasets/graphsdb/mcs10/m3D/m3Dr2/mcs10_m3Dr2_s90.B07
Reading graphs...
90 :  224
90 :  223
Initializing...
maxdom : 10
D->valSize : 507
Solving...
Blb : 5 (clique : 25)
currentSize : 25 <-- 0.005472 s
currentSize : 26 <-- 0.005663 s
currentSize : 27 <-- 0.005819 s
currentSize : 28 <-- 0.006016 s
currentSize : 29 <-- 0.022624 s
currentSize : 31 <-- 11.461730 s

TIMEOUT
maxsize : 31
nodes : 232860118.000000
filtered : 1484025341.000000
time : 1000.000061
