Parameters: GAD=1 vflib=1 dir=0 label=1 lowerbound=1 fileNameGp=../../cp2016-max-common-connected-subgraph-paper/datasets/graphsdb/mcs10/m3D/m3D/mcs10_m3D_s100.A02 fileNameGt=../../cp2016-max-common-connected-subgraph-paper/datasets/graphsdb/mcs10/m3D/m3D/mcs10_m3D_s100.B02
Reading graphs...
100 :  235
100 :  233
Initializing...
maxdom : 7
D->valSize : 307
Solving...
Blb : 2 (clique : 27)
currentSize : 27 <-- 0.004454 s
currentSize : 28 <-- 0.016575 s
currentSize : 29 <-- 0.095807 s
currentSize : 30 <-- 0.116926 s
currentSize : 31 <-- 1.180023 s
currentSize : 32 <-- 2.883179 s
currentSize : 33 <-- 2.936901 s
currentSize : 34 <-- 818.205261 s

TIMEOUT
maxsize : 34
nodes : 217584380.000000
filtered : 812140849.000000
time : 1000.000061
