Parameters: GAD=1 vflib=1 dir=0 label=1 lowerbound=1 fileNameGp=../../cp2016-max-common-connected-subgraph-paper/datasets/graphsdb/mcs10/bvg/b09/mcs10_b09_s100.A02 fileNameGt=../../cp2016-max-common-connected-subgraph-paper/datasets/graphsdb/mcs10/bvg/b09/mcs10_b09_s100.B02
Reading graphs...
100 :  434
100 :  444
Initializing...
maxdom : 7
D->valSize : 327
Solving...
Blb : 2 (clique : 18)
currentSize : 18 <-- 0.003032 s
currentSize : 19 <-- 0.003192 s
currentSize : 20 <-- 0.003655 s
currentSize : 21 <-- 0.036840 s
currentSize : 22 <-- 0.044349 s
currentSize : 23 <-- 4.214213 s
currentSize : 24 <-- 6.720750 s
currentSize : 25 <-- 98.624611 s
currentSize : 26 <-- 261.352173 s

TIMEOUT
maxsize : 26
nodes : 195403573.000000
filtered : 1248711708.000000
time : 1000.000000
