Parameters: GAD=1 vflib=1 dir=0 label=1 lowerbound=1 fileNameGp=../../cp2016-max-common-connected-subgraph-paper/datasets/graphsdb/mcs10/rand/r005/mcs10_r005_s90.A08 fileNameGt=../../cp2016-max-common-connected-subgraph-paper/datasets/graphsdb/mcs10/rand/r005/mcs10_r005_s90.B08
Reading graphs...
90 :  397
90 :  398
Initializing...
maxdom : 11
D->valSize : 493
Solving...
Blb : 2 (clique : 19)
currentSize : 19 <-- 0.008092 s
currentSize : 20 <-- 0.008569 s
currentSize : 21 <-- 2.002756 s
currentSize : 22 <-- 10.168331 s
currentSize : 23 <-- 167.617188 s
currentSize : 24 <-- 463.591095 s

TIMEOUT
maxsize : 24
nodes : 199359601.000000
filtered : 1780077572.000000
time : 1000.000061
