Parameters: GAD=1 vflib=1 dir=0 label=1 lowerbound=1 fileNameGp=../../cp2016-max-common-connected-subgraph-paper/datasets/graphsdb/mcs10/m3D/m3Dr6/mcs10_m3Dr6_s80.A02 fileNameGt=../../cp2016-max-common-connected-subgraph-paper/datasets/graphsdb/mcs10/m3D/m3Dr6/mcs10_m3Dr6_s80.B02
Reading graphs...
80 :  228
80 :  226
Initializing...
maxdom : 9
D->valSize : 416
Solving...
Blb : 2 (clique : 23)
currentSize : 23 <-- 0.003894 s
currentSize : 24 <-- 0.004054 s
currentSize : 25 <-- 0.011375 s
currentSize : 26 <-- 4.324441 s
currentSize : 27 <-- 4.708261 s
currentSize : 28 <-- 26.292879 s

TIMEOUT
maxsize : 28
nodes : 214878175.000000
filtered : 1654292219.000000
time : 1000.000000
