Parameters: GAD=1 vflib=1 dir=0 label=1 lowerbound=1 fileNameGp=../../cp2016-max-common-connected-subgraph-paper/datasets/graphsdb/mcs10/m4D/m4Dr2/mcs10_m4Dr2_s100.A06 fileNameGt=../../cp2016-max-common-connected-subgraph-paper/datasets/graphsdb/mcs10/m4D/m4Dr2/mcs10_m4Dr2_s100.B06
Reading graphs...
100 :  178
100 :  178
Initializing...
maxdom : 6
D->valSize : 358
Solving...
Blb : 2 (clique : 34)
currentSize : 34 <-- 0.003578 s
currentSize : 35 <-- 0.003841 s
currentSize : 36 <-- 0.008854 s
currentSize : 37 <-- 0.012340 s
currentSize : 38 <-- 0.050352 s
currentSize : 39 <-- 1.898828 s
currentSize : 40 <-- 465.161407 s

TIMEOUT
maxsize : 40
nodes : 195467784.000000
filtered : 846511892.000000
time : 1000.000061
