Parameters: GAD=1 vflib=1 dir=0 label=1 lowerbound=1 fileNameGp=../../cp2016-max-common-connected-subgraph-paper/datasets/graphsdb/mcs10/m3D/m3D/mcs10_m3D_s60.A01 fileNameGt=../../cp2016-max-common-connected-subgraph-paper/datasets/graphsdb/mcs10/m3D/m3D/mcs10_m3D_s60.B01
Reading graphs...
60 :  132
60 :  131
Initializing...
maxdom : 6
D->valSize : 218
Solving...
Blb : 3 (clique : 17)
currentSize : 17 <-- 0.001481 s
currentSize : 18 <-- 0.002343 s
currentSize : 19 <-- 0.002965 s
currentSize : 20 <-- 0.856303 s
currentSize : 21 <-- 15.887886 s
currentSize : 22 <-- 27.255281 s

maxsize : 22
nodes : 54361233.000000
filtered : 356857852.000000
time : 202.039780
