Parameters: GAD=1 vflib=1 dir=0 label=1 lowerbound=1 fileNameGp=../../cp2016-max-common-connected-subgraph-paper/datasets/graphsdb/mcs10/bvg/b03/mcs10_b03_s100.A03 fileNameGt=../../cp2016-max-common-connected-subgraph-paper/datasets/graphsdb/mcs10/bvg/b03/mcs10_b03_s100.B03
Reading graphs...
100 :  149
100 :  149
Initializing...
maxdom : 5
D->valSize : 302
Solving...
Blb : 2 (clique : 34)
currentSize : 34 <-- 0.003311 s
currentSize : 35 <-- 0.987117 s
currentSize : 36 <-- 17.647341 s
currentSize : 37 <-- 35.095181 s
currentSize : 38 <-- 634.693726 s
currentSize : 39 <-- 635.283081 s

TIMEOUT
maxsize : 39
nodes : 254175671.000000
filtered : 623695049.000000
time : 1000.000061
