Parameters: GAD=1 vflib=1 dir=0 label=1 lowerbound=1 fileNameGp=../../cp2016-max-common-connected-subgraph-paper/datasets/graphsdb/mcs10/m2D/m2Dr6/mcs10_m2Dr6_s100.A03 fileNameGt=../../cp2016-max-common-connected-subgraph-paper/datasets/graphsdb/mcs10/m2D/m2Dr6/mcs10_m2Dr6_s100.B03
Reading graphs...
100 :  239
100 :  237
Initializing...
maxdom : 7
D->valSize : 300
Solving...
Blb : 3 (clique : 29)
currentSize : 29 <-- 0.004831 s
currentSize : 30 <-- 0.005180 s
currentSize : 31 <-- 0.005654 s
currentSize : 32 <-- 0.023809 s
currentSize : 33 <-- 0.074493 s
currentSize : 34 <-- 21.631760 s
currentSize : 35 <-- 27.335972 s

TIMEOUT
maxsize : 35
nodes : 217892724.000000
filtered : 838103897.000000
time : 1000.000061
