Parameters: GAD=1 vflib=1 dir=0 label=1 lowerbound=1 fileNameGp=../../cp2016-max-common-connected-subgraph-paper/datasets/graphsdb/mcs10/bvg/b06m/mcs10_b06m_s80.A00 fileNameGt=../../cp2016-max-common-connected-subgraph-paper/datasets/graphsdb/mcs10/bvg/b06m/mcs10_b06m_s80.B00
Reading graphs...
80 :  233
80 :  237
Initializing...
maxdom : 8
D->valSize : 401
Solving...
Blb : 2 (clique : 23)
currentSize : 23 <-- 0.003737 s
currentSize : 24 <-- 0.008956 s
currentSize : 25 <-- 0.538466 s
currentSize : 26 <-- 1.452303 s
currentSize : 27 <-- 252.339279 s
currentSize : 28 <-- 584.202148 s

TIMEOUT
maxsize : 28
nodes : 220642095.000000
filtered : 1508653997.000000
time : 1000.000061
