Parameters: GAD=1 vflib=1 dir=0 label=1 lowerbound=1 fileNameGp=../../cp2016-max-common-connected-subgraph-paper/datasets/graphsdb/mcs10/m3D/m3D/mcs10_m3D_s100.A00 fileNameGt=../../cp2016-max-common-connected-subgraph-paper/datasets/graphsdb/mcs10/m3D/m3D/mcs10_m3D_s100.B00
Reading graphs...
100 :  233
100 :  230
Initializing...
maxdom : 7
D->valSize : 322
Solving...
Blb : 2 (clique : 28)
currentSize : 28 <-- 0.003054 s
currentSize : 29 <-- 0.006585 s
currentSize : 30 <-- 0.763919 s
currentSize : 31 <-- 1.666800 s
currentSize : 32 <-- 2.585031 s
currentSize : 33 <-- 33.235580 s
currentSize : 34 <-- 36.742168 s
currentSize : 35 <-- 478.130432 s

TIMEOUT
maxsize : 35
nodes : 226400484.000000
filtered : 827447913.000000
time : 1000.000061
