Parameters: GAD=1 vflib=1 dir=0 label=1 lowerbound=1 fileNameGp=../../cp2016-max-common-connected-subgraph-paper/datasets/graphsdb/mcs10/m3D/m3Dr6/mcs10_m3Dr6_s90.A01 fileNameGt=../../cp2016-max-common-connected-subgraph-paper/datasets/graphsdb/mcs10/m3D/m3Dr6/mcs10_m3Dr6_s90.B01
Reading graphs...
90 :  257
90 :  255
Initializing...
maxdom : 12
D->valSize : 476
Solving...
Blb : 2 (clique : 25)
currentSize : 25 <-- 0.008246 s
currentSize : 26 <-- 0.013695 s
currentSize : 27 <-- 0.162230 s
currentSize : 28 <-- 0.324702 s
currentSize : 29 <-- 2.896017 s
currentSize : 30 <-- 459.566467 s

TIMEOUT
maxsize : 30
nodes : 216935936.000000
filtered : 1809944696.000000
time : 1000.000000
