Parameters: GAD=1 vflib=1 dir=0 label=1 lowerbound=1 fileNameGp=../../cp2016-max-common-connected-subgraph-paper/datasets/graphsdb/mcs10/m3D/m3Dr2/mcs10_m3Dr2_s60.A02 fileNameGt=../../cp2016-max-common-connected-subgraph-paper/datasets/graphsdb/mcs10/m3D/m3Dr2/mcs10_m3Dr2_s60.B02
Reading graphs...
60 :  143
60 :  142
Initializing...
maxdom : 7
D->valSize : 235
Solving...
Blb : 2 (clique : 19)
currentSize : 19 <-- 0.001616 s
currentSize : 20 <-- 0.010642 s
currentSize : 21 <-- 0.661866 s
currentSize : 22 <-- 1.895824 s
currentSize : 23 <-- 29.762045 s
currentSize : 24 <-- 29.762218 s
currentSize : 25 <-- 56.007988 s

maxsize : 25
nodes : 73663672.000000
filtered : 534724016.000000
time : 280.204895
