Parameters: GAD=1 vflib=1 dir=0 label=1 lowerbound=1 fileNameGp=../../cp2016-max-common-connected-subgraph-paper/datasets/graphsdb/mcs10/rand/r005/mcs10_r005_s60.A01 fileNameGt=../../cp2016-max-common-connected-subgraph-paper/datasets/graphsdb/mcs10/rand/r005/mcs10_r005_s60.B01
Reading graphs...
60 :  176
60 :  179
Initializing...
maxdom : 7
D->valSize : 206
Solving...
Blb : 2 (clique : 16)
currentSize : 16 <-- 0.001410 s
currentSize : 17 <-- 0.001511 s
currentSize : 18 <-- 0.874175 s
currentSize : 19 <-- 1.089693 s
currentSize : 20 <-- 5.434394 s

maxsize : 20
nodes : 18752110.000000
filtered : 123120748.000000
time : 72.673164
