Parameters: GAD=1 vflib=1 dir=0 label=1 lowerbound=1 fileNameGp=../../cp2016-max-common-connected-subgraph-paper/datasets/graphsdb/mcs10/bvg/b06m/mcs10_b06m_s100.A01 fileNameGt=../../cp2016-max-common-connected-subgraph-paper/datasets/graphsdb/mcs10/bvg/b06m/mcs10_b06m_s100.B01
Reading graphs...
100 :  298
100 :  296
Initializing...
maxdom : 6
D->valSize : 354
Solving...
Blb : 5 (clique : 24)
currentSize : 24 <-- 0.005426 s
currentSize : 25 <-- 0.028299 s
currentSize : 26 <-- 0.080162 s
currentSize : 27 <-- 0.169145 s
currentSize : 28 <-- 0.170902 s
currentSize : 29 <-- 8.899487 s
currentSize : 30 <-- 450.463043 s

TIMEOUT
maxsize : 30
nodes : 207554889.000000
filtered : 1013797517.000000
time : 1000.000000
