Parameters: GAD=1 vflib=1 dir=0 label=1 lowerbound=1 fileNameGp=../../cp2016-max-common-connected-subgraph-paper/datasets/graphsdb/mcs10/m3D/m3D/mcs10_m3D_s60.A02 fileNameGt=../../cp2016-max-common-connected-subgraph-paper/datasets/graphsdb/mcs10/m3D/m3D/mcs10_m3D_s60.B02
Reading graphs...
60 :  134
60 :  132
Initializing...
maxdom : 8
D->valSize : 249
Solving...
Blb : 5 (clique : 19)
currentSize : 19 <-- 0.001789 s
currentSize : 20 <-- 0.025528 s
currentSize : 21 <-- 0.288218 s
currentSize : 22 <-- 1.069801 s
currentSize : 23 <-- 1.565185 s
currentSize : 24 <-- 21.435760 s
currentSize : 25 <-- 84.285034 s

maxsize : 25
nodes : 217530065.000000
filtered : 1812015082.000000
time : 868.619995
