Parameters: GAD=1 vflib=1 dir=0 label=1 lowerbound=1 fileNameGp=../../cp2016-max-common-connected-subgraph-paper/datasets/graphsdb/mcs10/m2D/m2Dr2/mcs10_m2Dr2_s90.A00 fileNameGt=../../cp2016-max-common-connected-subgraph-paper/datasets/graphsdb/mcs10/m2D/m2Dr2/mcs10_m2Dr2_s90.B00
Reading graphs...
90 :  177
90 :  178
Initializing...
maxdom : 11
D->valSize : 532
Solving...
Blb : 2 (clique : 28)
currentSize : 28 <-- 0.006028 s
currentSize : 30 <-- 0.006249 s
currentSize : 31 <-- 0.216058 s
currentSize : 32 <-- 0.219289 s
currentSize : 33 <-- 175.299591 s
currentSize : 34 <-- 270.018463 s

TIMEOUT
maxsize : 34
nodes : 235515968.000000
filtered : 1497235274.000000
time : 1000.000061
