Parameters: GAD=1 vflib=1 dir=0 label=1 lowerbound=1 fileNameGp=../../cp2016-max-common-connected-subgraph-paper/datasets/graphsdb/mcs10/m2D/m2Dr4/mcs10_m2Dr4_s100.A03 fileNameGt=../../cp2016-max-common-connected-subgraph-paper/datasets/graphsdb/mcs10/m2D/m2Dr4/mcs10_m2Dr4_s100.B03
Reading graphs...
100 :  218
100 :  216
Initializing...
maxdom : 6
D->valSize : 309
Solving...
Blb : 2 (clique : 28)
currentSize : 28 <-- 0.004318 s
currentSize : 29 <-- 0.579906 s
currentSize : 30 <-- 1.416599 s
currentSize : 31 <-- 1.918331 s
currentSize : 32 <-- 37.645168 s
currentSize : 33 <-- 124.204330 s
currentSize : 34 <-- 124.471245 s

TIMEOUT
maxsize : 34
nodes : 205341008.000000
filtered : 944319417.000000
time : 1000.000061
