Parameters: GAD=1 vflib=1 dir=0 label=1 lowerbound=1 fileNameGp=../../cp2016-max-common-connected-subgraph-paper/datasets/graphsdb/mcs10/rand/r01/mcs10_r01_s90.A03 fileNameGt=../../cp2016-max-common-connected-subgraph-paper/datasets/graphsdb/mcs10/rand/r01/mcs10_r01_s90.B03
Reading graphs...
90 :  767
90 :  761
Initializing...
maxdom : 10
D->valSize : 510
Solving...
Blb : 5 (clique : 12)
currentSize : 12 <-- 0.008117 s
currentSize : 13 <-- 0.008780 s
currentSize : 14 <-- 0.017365 s
currentSize : 15 <-- 0.144118 s
currentSize : 16 <-- 1.547020 s
currentSize : 17 <-- 142.399719 s

TIMEOUT
maxsize : 17
nodes : 181472420.000000
filtered : 2316689378.000000
time : 1000.000000
