Parameters: GAD=1 vflib=1 dir=0 label=1 lowerbound=1 fileNameGp=../../cp2016-max-common-connected-subgraph-paper/datasets/graphsdb/mcs10/m3D/m3Dr6/mcs10_m3Dr6_s90.A07 fileNameGt=../../cp2016-max-common-connected-subgraph-paper/datasets/graphsdb/mcs10/m3D/m3Dr6/mcs10_m3Dr6_s90.B07
Reading graphs...
90 :  259
90 :  254
Initializing...
maxdom : 13
D->valSize : 533
Solving...
Blb : 5 (clique : 22)
currentSize : 22 <-- 0.005957 s
currentSize : 23 <-- 0.006161 s
currentSize : 24 <-- 0.011042 s
currentSize : 25 <-- 0.057062 s
currentSize : 26 <-- 0.251798 s
currentSize : 27 <-- 5.388166 s
currentSize : 28 <-- 79.682831 s
currentSize : 29 <-- 438.506104 s

TIMEOUT
maxsize : 29
nodes : 216704787.000000
filtered : 1309299556.000000
time : 1000.000061
