Parameters: GAD=1 vflib=1 dir=0 label=1 lowerbound=1 fileNameGp=../../cp2016-max-common-connected-subgraph-paper/datasets/graphsdb/mcs10/m2D/m2D/mcs10_m2D_s70.A02 fileNameGt=../../cp2016-max-common-connected-subgraph-paper/datasets/graphsdb/mcs10/m2D/m2D/mcs10_m2D_s70.B02
Reading graphs...
70 :  122
70 :  123
Initializing...
maxdom : 8
D->valSize : 303
Solving...
Blb : 2 (clique : 26)
currentSize : 26 <-- 0.002610 s
currentSize : 27 <-- 0.006223 s
currentSize : 28 <-- 0.018636 s
currentSize : 29 <-- 6.127735 s
currentSize : 30 <-- 6.213757 s
currentSize : 31 <-- 14.386032 s
currentSize : 32 <-- 85.030190 s

TIMEOUT
maxsize : 32
nodes : 212970549.000000
filtered : 1566748709.000000
time : 1000.000061
