Parameters: GAD=1 vflib=1 dir=0 label=1 lowerbound=1 fileNameGp=../../cp2016-max-common-connected-subgraph-paper/datasets/graphsdb/mcs10/m2D/m2D/mcs10_m2D_s80.A08 fileNameGt=../../cp2016-max-common-connected-subgraph-paper/datasets/graphsdb/mcs10/m2D/m2D/mcs10_m2D_s80.B08
Reading graphs...
80 :  140
80 :  142
Initializing...
maxdom : 10
D->valSize : 397
Solving...
Blb : 2 (clique : 25)
currentSize : 25 <-- 0.003649 s
currentSize : 26 <-- 0.003861 s
currentSize : 27 <-- 0.004024 s
currentSize : 28 <-- 0.006250 s
currentSize : 29 <-- 0.036279 s
currentSize : 30 <-- 9.946262 s
currentSize : 31 <-- 14.853748 s
currentSize : 32 <-- 19.613735 s

TIMEOUT
maxsize : 32
nodes : 256364256.000000
filtered : 1722076614.000000
time : 1000.000061
