Parameters: GAD=1 vflib=1 dir=0 label=1 lowerbound=1 fileNameGp=../../cp2016-max-common-connected-subgraph-paper/datasets/graphsdb/mcs10/m2D/m2Dr6/mcs10_m2Dr6_s60.A01 fileNameGt=../../cp2016-max-common-connected-subgraph-paper/datasets/graphsdb/mcs10/m2D/m2Dr6/mcs10_m2Dr6_s60.B01
Reading graphs...
60 :  138
60 :  135
Initializing...
maxdom : 8
D->valSize : 256
Solving...
Blb : 2 (clique : 17)
currentSize : 17 <-- 0.001807 s
currentSize : 18 <-- 0.001912 s
currentSize : 19 <-- 0.001968 s
currentSize : 20 <-- 0.350302 s
currentSize : 21 <-- 0.567086 s
currentSize : 22 <-- 11.353888 s
currentSize : 23 <-- 20.991928 s

maxsize : 23
nodes : 32740266.000000
filtered : 245981368.000000
time : 134.865875
