Parameters: GAD=1 vflib=1 dir=0 label=1 lowerbound=1 fileNameGp=../../cp2016-max-common-connected-subgraph-paper/datasets/graphsdb/mcs10/bvg/b03m/mcs10_b03m_s50.A06 fileNameGt=../../cp2016-max-common-connected-subgraph-paper/datasets/graphsdb/mcs10/bvg/b03m/mcs10_b03m_s50.B06
Reading graphs...
50 :  73
50 :  73
Initializing...
maxdom : 9
D->valSize : 294
Solving...
Blb : 3 (clique : 17)
currentSize : 17 <-- 0.002037 s
currentSize : 18 <-- 0.002511 s
currentSize : 19 <-- 0.036472 s
currentSize : 20 <-- 1.824996 s
currentSize : 21 <-- 32.480190 s
currentSize : 22 <-- 293.449829 s

TIMEOUT
maxsize : 22
nodes : 312642892.000000
filtered : 2878064146.000000
time : 1000.000000
