Parameters: GAD=1 vflib=1 dir=0 label=1 lowerbound=1 fileNameGp=../../cp2016-max-common-connected-subgraph-paper/datasets/graphsdb/mcs10/bvg/b03/mcs10_b03_s100.A05 fileNameGt=../../cp2016-max-common-connected-subgraph-paper/datasets/graphsdb/mcs10/bvg/b03/mcs10_b03_s100.B05
Reading graphs...
100 :  150
100 :  150
Initializing...
maxdom : 7
D->valSize : 324
Solving...
Blb : 2 (clique : 34)
currentSize : 34 <-- 0.003238 s
currentSize : 35 <-- 0.540001 s
currentSize : 36 <-- 3.913038 s
currentSize : 37 <-- 11.057166 s
currentSize : 38 <-- 140.891602 s
currentSize : 39 <-- 755.660889 s

TIMEOUT
maxsize : 39
nodes : 223542087.000000
filtered : 987110666.000000
time : 1000.000061
