Parameters: GAD=1 vflib=1 dir=0 label=1 lowerbound=1 fileNameGp=../../cp2016-max-common-connected-subgraph-paper/datasets/graphsdb/mcs10/bvg/b03/mcs10_b03_s60.A09 fileNameGt=../../cp2016-max-common-connected-subgraph-paper/datasets/graphsdb/mcs10/bvg/b03/mcs10_b03_s60.B09
Reading graphs...
60 :  90
60 :  89
Initializing...
maxdom : 9
D->valSize : 256
Solving...
Blb : 2 (clique : 21)
currentSize : 21 <-- 0.001787 s
currentSize : 22 <-- 0.103141 s
currentSize : 23 <-- 0.738236 s
currentSize : 24 <-- 18.181805 s
currentSize : 25 <-- 187.982666 s
currentSize : 26 <-- 684.765198 s

TIMEOUT
maxsize : 26
nodes : 334799944.000000
filtered : 1370453256.000000
time : 1000.000000
