Parameters: GAD=1 vflib=1 dir=0 label=1 lowerbound=1 fileNameGp=../../cp2016-max-common-connected-subgraph-paper/datasets/graphsdb/mcs10/m3D/m3Dr4/mcs10_m3Dr4_s80.A08 fileNameGt=../../cp2016-max-common-connected-subgraph-paper/datasets/graphsdb/mcs10/m3D/m3Dr4/mcs10_m3Dr4_s80.B08
Reading graphs...
80 :  214
80 :  210
Initializing...
maxdom : 10
D->valSize : 375
Solving...
Blb : 2 (clique : 21)
currentSize : 21 <-- 0.003371 s
currentSize : 22 <-- 0.005089 s
currentSize : 23 <-- 0.013895 s
currentSize : 24 <-- 0.040009 s
currentSize : 25 <-- 0.581994 s
currentSize : 26 <-- 2.137248 s
currentSize : 27 <-- 56.830364 s
currentSize : 28 <-- 94.983673 s

TIMEOUT
maxsize : 28
nodes : 225106254.000000
filtered : 1623583287.000000
time : 1000.000000
