Parameters: GAD=1 vflib=1 dir=0 label=1 lowerbound=1 fileNameGp=../../cp2016-max-common-connected-subgraph-paper/datasets/graphsdb/mcs10/bvg/b06/mcs10_b06_s70.A02 fileNameGt=../../cp2016-max-common-connected-subgraph-paper/datasets/graphsdb/mcs10/bvg/b06/mcs10_b06_s70.B02
Reading graphs...
70 :  208
70 :  209
Initializing...
maxdom : 8
D->valSize : 312
Solving...
Blb : 2 (clique : 19)
currentSize : 19 <-- 0.002413 s
currentSize : 20 <-- 0.002529 s
currentSize : 21 <-- 0.005566 s
currentSize : 22 <-- 0.712191 s
currentSize : 23 <-- 3.332436 s
currentSize : 24 <-- 3.627089 s
currentSize : 25 <-- 4.430652 s

TIMEOUT
maxsize : 25
nodes : 263757253.000000
filtered : 1644826202.000000
time : 1000.000000
