Parameters: GAD=1 vflib=1 dir=0 label=1 lowerbound=1 fileNameGp=../../cp2016-max-common-connected-subgraph-paper/datasets/graphsdb/mcs10/m2D/m2Dr2/mcs10_m2Dr2_s80.A07 fileNameGt=../../cp2016-max-common-connected-subgraph-paper/datasets/graphsdb/mcs10/m2D/m2Dr2/mcs10_m2Dr2_s80.B07
Reading graphs...
80 :  158
80 :  156
Initializing...
maxdom : 9
D->valSize : 407
Solving...
Blb : 2 (clique : 26)
currentSize : 26 <-- 0.003743 s
currentSize : 27 <-- 0.004012 s
currentSize : 28 <-- 0.004293 s
currentSize : 29 <-- 4.195803 s
currentSize : 30 <-- 6.197274 s
currentSize : 31 <-- 69.643967 s

TIMEOUT
maxsize : 31
nodes : 251573377.000000
filtered : 1399654590.000000
time : 1000.000000
