Parameters: GAD=1 vflib=1 dir=0 label=1 lowerbound=1 fileNameGp=../../cp2016-max-common-connected-subgraph-paper/datasets/graphsdb/mcs10/bvg/b03m/mcs10_b03m_s60.A07 fileNameGt=../../cp2016-max-common-connected-subgraph-paper/datasets/graphsdb/mcs10/bvg/b03m/mcs10_b03m_s60.B07
Reading graphs...
60 :  90
60 :  90
Initializing...
maxdom : 7
D->valSize : 227
Solving...
Blb : 2 (clique : 22)
currentSize : 22 <-- 0.001895 s
currentSize : 23 <-- 0.006433 s
currentSize : 24 <-- 0.036741 s
currentSize : 25 <-- 0.315756 s
currentSize : 26 <-- 98.738609 s
currentSize : 27 <-- 135.391251 s

maxsize : 27
nodes : 65963723.000000
filtered : 452601537.000000
time : 228.457901
