Parameters: GAD=1 vflib=1 dir=0 label=1 lowerbound=1 fileNameGp=../../cp2016-max-common-connected-subgraph-paper/datasets/graphsdb/mcs10/m2D/m2Dr6/mcs10_m2Dr6_s60.A00 fileNameGt=../../cp2016-max-common-connected-subgraph-paper/datasets/graphsdb/mcs10/m2D/m2Dr6/mcs10_m2Dr6_s60.B00
Reading graphs...
60 :  137
60 :  138
Initializing...
maxdom : 8
D->valSize : 242
Solving...
Blb : 2 (clique : 20)
currentSize : 20 <-- 0.001668 s
currentSize : 21 <-- 0.394711 s
currentSize : 22 <-- 0.431914 s
currentSize : 23 <-- 2.348072 s
currentSize : 24 <-- 191.000717 s

maxsize : 24
nodes : 63753097.000000
filtered : 456265872.000000
time : 256.825439
