Parameters: GAD=1 vflib=1 dir=0 label=1 lowerbound=1 fileNameGp=../../cp2016-max-common-connected-subgraph-paper/datasets/graphsdb/mcs10/m2D/m2Dr6/mcs10_m2Dr6_s100.A00 fileNameGt=../../cp2016-max-common-connected-subgraph-paper/datasets/graphsdb/mcs10/m2D/m2Dr6/mcs10_m2Dr6_s100.B00
Reading graphs...
100 :  238
100 :  237
Initializing...
maxdom : 7
D->valSize : 336
Solving...
Blb : 2 (clique : 24)
currentSize : 24 <-- 0.005372 s
currentSize : 25 <-- 0.005735 s
currentSize : 26 <-- 0.006033 s
currentSize : 27 <-- 0.007724 s
currentSize : 28 <-- 0.018760 s
currentSize : 29 <-- 39.769623 s
currentSize : 30 <-- 69.977913 s
currentSize : 31 <-- 533.666321 s

TIMEOUT
maxsize : 31
nodes : 233473493.000000
filtered : 884441634.000000
time : 1000.000061
