Parameters: GAD=1 vflib=1 dir=0 label=1 lowerbound=1 fileNameGp=../../cp2016-max-common-connected-subgraph-paper/datasets/graphsdb/mcs10/m3D/m3Dr2/mcs10_m3Dr2_s70.A07 fileNameGt=../../cp2016-max-common-connected-subgraph-paper/datasets/graphsdb/mcs10/m3D/m3Dr2/mcs10_m3Dr2_s70.B07
Reading graphs...
70 :  170
70 :  170
Initializing...
maxdom : 8
D->valSize : 314
Solving...
Blb : 5 (clique : 20)
currentSize : 20 <-- 0.003876 s
currentSize : 22 <-- 0.004067 s
currentSize : 23 <-- 0.004208 s
currentSize : 24 <-- 0.015602 s
currentSize : 25 <-- 11.732958 s
currentSize : 26 <-- 95.119118 s

TIMEOUT
maxsize : 26
nodes : 253907182.000000
filtered : 1591769407.000000
time : 1000.000000
