Parameters: GAD=1 vflib=1 dir=0 label=1 lowerbound=1 fileNameGp=../../cp2016-max-common-connected-subgraph-paper/datasets/graphsdb/mcs10/m3D/m3Dr4/mcs10_m3Dr4_s100.A02 fileNameGt=../../cp2016-max-common-connected-subgraph-paper/datasets/graphsdb/mcs10/m3D/m3Dr4/mcs10_m3Dr4_s100.B02
Reading graphs...
100 :  272
100 :  270
Initializing...
maxdom : 7
D->valSize : 313
Solving...
Blb : 2 (clique : 26)
currentSize : 26 <-- 0.005072 s
currentSize : 27 <-- 0.007007 s
currentSize : 28 <-- 0.011670 s
currentSize : 29 <-- 3.782094 s
currentSize : 30 <-- 3.992781 s
currentSize : 31 <-- 180.474365 s

TIMEOUT
maxsize : 31
nodes : 201579690.000000
filtered : 845118392.000000
time : 1000.000061
