Parameters: GAD=1 vflib=1 dir=0 label=1 lowerbound=1 fileNameGp=../../cp2016-max-common-connected-subgraph-paper/datasets/graphsdb/mcs10/m3D/m3Dr4/mcs10_m3Dr4_s100.A04 fileNameGt=../../cp2016-max-common-connected-subgraph-paper/datasets/graphsdb/mcs10/m3D/m3Dr4/mcs10_m3Dr4_s100.B04
Reading graphs...
100 :  271
100 :  271
Initializing...
maxdom : 6
D->valSize : 331
Solving...
Blb : 2 (clique : 27)
currentSize : 27 <-- 0.003336 s
currentSize : 28 <-- 0.003646 s
currentSize : 29 <-- 0.003864 s
currentSize : 30 <-- 0.004877 s
currentSize : 31 <-- 0.005311 s
currentSize : 32 <-- 6.143058 s
currentSize : 33 <-- 613.870667 s

TIMEOUT
maxsize : 33
nodes : 223603060.000000
filtered : 833582772.000000
time : 1000.000061
