Parameters: GAD=1 vflib=1 dir=0 label=1 lowerbound=1 fileNameGp=../../cp2016-max-common-connected-subgraph-paper/datasets/graphsdb/mcs10/m2D/m2D/mcs10_m2D_s70.A05 fileNameGt=../../cp2016-max-common-connected-subgraph-paper/datasets/graphsdb/mcs10/m2D/m2D/mcs10_m2D_s70.B05
Reading graphs...
70 :  122
70 :  121
Initializing...
maxdom : 8
D->valSize : 295
Solving...
Blb : 2 (clique : 21)
currentSize : 21 <-- 0.002286 s
currentSize : 22 <-- 0.002523 s
currentSize : 23 <-- 0.281825 s
currentSize : 24 <-- 2.159875 s
currentSize : 25 <-- 10.402815 s
currentSize : 26 <-- 33.677345 s
currentSize : 27 <-- 241.337830 s
currentSize : 28 <-- 246.507050 s
currentSize : 29 <-- 569.612549 s

TIMEOUT
maxsize : 29
nodes : 279333046.000000
filtered : 1333589143.000000
time : 1000.000000
