Parameters: GAD=1 vflib=1 dir=0 label=1 lowerbound=1 fileNameGp=../../cp2016-max-common-connected-subgraph-paper/datasets/graphsdb/mcs10/bvg/b09/mcs10_b09_s100.A06 fileNameGt=../../cp2016-max-common-connected-subgraph-paper/datasets/graphsdb/mcs10/bvg/b09/mcs10_b09_s100.B06
Reading graphs...
100 :  439
100 :  444
Initializing...
maxdom : 8
D->valSize : 293
Solving...
Blb : 5 (clique : 18)
currentSize : 18 <-- 0.002799 s
currentSize : 19 <-- 0.002987 s
currentSize : 20 <-- 0.003380 s
currentSize : 21 <-- 0.160129 s
currentSize : 22 <-- 3.871808 s
currentSize : 23 <-- 7.044923 s
currentSize : 24 <-- 164.786255 s
currentSize : 25 <-- 419.392853 s

TIMEOUT
maxsize : 25
nodes : 194874322.000000
filtered : 1268577932.000000
time : 1000.000061
