Parameters: GAD=1 vflib=1 dir=0 label=1 lowerbound=1 fileNameGp=../../cp2016-max-common-connected-subgraph-paper/datasets/graphsdb/mcs10/bvg/b06m/mcs10_b06m_s90.A09 fileNameGt=../../cp2016-max-common-connected-subgraph-paper/datasets/graphsdb/mcs10/bvg/b06m/mcs10_b06m_s90.B09
Reading graphs...
90 :  265
90 :  261
Initializing...
maxdom : 10
D->valSize : 532
Solving...
Blb : 2 (clique : 25)
currentSize : 25 <-- 0.005814 s
currentSize : 26 <-- 0.006155 s
currentSize : 27 <-- 0.020544 s
currentSize : 28 <-- 0.540896 s
currentSize : 29 <-- 40.325268 s
currentSize : 30 <-- 611.033020 s

TIMEOUT
maxsize : 30
nodes : 221006772.000000
filtered : 1508102370.000000
time : 1000.000000
