Parameters: GAD=1 vflib=1 dir=0 label=1 lowerbound=1 fileNameGp=../../cp2016-max-common-connected-subgraph-paper/datasets/graphsdb/mcs10/bvg/b09m/mcs10_b09m_s100.A06 fileNameGt=../../cp2016-max-common-connected-subgraph-paper/datasets/graphsdb/mcs10/bvg/b09m/mcs10_b09m_s100.B06
Reading graphs...
100 :  432
100 :  435
Initializing...
maxdom : 8
D->valSize : 347
Solving...
Blb : 2 (clique : 19)
currentSize : 19 <-- 0.003368 s
currentSize : 20 <-- 0.006412 s
currentSize : 21 <-- 0.035008 s
currentSize : 22 <-- 2.242889 s
currentSize : 23 <-- 4.611454 s
currentSize : 24 <-- 4.971184 s
currentSize : 25 <-- 401.940704 s

TIMEOUT
maxsize : 25
nodes : 205014405.000000
filtered : 1229738115.000000
time : 1000.000061
