Parameters: GAD=1 vflib=1 dir=0 label=1 lowerbound=1 fileNameGp=../../cp2016-max-common-connected-subgraph-paper/datasets/graphsdb/mcs10/m4D/m4D/mcs10_m4D_s100.A06 fileNameGt=../../cp2016-max-common-connected-subgraph-paper/datasets/graphsdb/mcs10/m4D/m4D/mcs10_m4D_s100.B06
Reading graphs...
100 :  159
100 :  158
Initializing...
maxdom : 8
D->valSize : 328
Solving...
Blb : 2 (clique : 34)
currentSize : 34 <-- 0.003246 s
currentSize : 35 <-- 0.024683 s
currentSize : 36 <-- 0.052016 s
currentSize : 37 <-- 0.137596 s
currentSize : 38 <-- 0.601210 s
currentSize : 39 <-- 48.236504 s

TIMEOUT
maxsize : 39
nodes : 235683103.000000
filtered : 984161897.000000
time : 1000.000061
