Parameters: GAD=1 vflib=1 dir=0 label=1 lowerbound=1 fileNameGp=../../cp2016-max-common-connected-subgraph-paper/datasets/graphsdb/mcs10/m2D/m2D/mcs10_m2D_s100.A06 fileNameGt=../../cp2016-max-common-connected-subgraph-paper/datasets/graphsdb/mcs10/m2D/m2D/mcs10_m2D_s100.B06
Reading graphs...
100 :  180
100 :  179
Initializing...
maxdom : 6
D->valSize : 324
Solving...
Blb : 2 (clique : 30)
currentSize : 30 <-- 0.003293 s
currentSize : 31 <-- 0.006596 s
currentSize : 32 <-- 0.007107 s
currentSize : 33 <-- 0.071322 s
currentSize : 34 <-- 13.139779 s
currentSize : 35 <-- 64.137184 s
currentSize : 36 <-- 564.129578 s
currentSize : 37 <-- 568.862427 s

TIMEOUT
maxsize : 37
nodes : 263115675.000000
filtered : 594390757.000000
time : 1000.000061
