Parameters: GAD=1 vflib=1 dir=0 label=1 lowerbound=1 fileNameGp=../../cp2016-max-common-connected-subgraph-paper/datasets/graphsdb/mcs10/m4D/m4D/mcs10_m4D_s100.A09 fileNameGt=../../cp2016-max-common-connected-subgraph-paper/datasets/graphsdb/mcs10/m4D/m4D/mcs10_m4D_s100.B09
Reading graphs...
100 :  159
100 :  158
Initializing...
maxdom : 8
D->valSize : 307
Solving...
Blb : 2 (clique : 32)
currentSize : 32 <-- 0.002964 s
currentSize : 33 <-- 0.003207 s
currentSize : 34 <-- 0.003495 s
currentSize : 35 <-- 0.020625 s
currentSize : 36 <-- 1.117076 s
currentSize : 37 <-- 19.525406 s

TIMEOUT
maxsize : 37
nodes : 223808568.000000
filtered : 754934355.000000
time : 1000.000061
