Parameters: GAD=1 vflib=1 dir=0 label=1 lowerbound=1 fileNameGp=../../cp2016-max-common-connected-subgraph-paper/datasets/graphsdb/mcs10/m2D/m2Dr4/mcs10_m2Dr4_s60.A00 fileNameGt=../../cp2016-max-common-connected-subgraph-paper/datasets/graphsdb/mcs10/m2D/m2Dr4/mcs10_m2Dr4_s60.B00
Reading graphs...
60 :  126
60 :  125
Initializing...
maxdom : 6
D->valSize : 230
Solving...
Blb : 2 (clique : 19)
currentSize : 19 <-- 0.002495 s
currentSize : 20 <-- 0.010487 s
currentSize : 21 <-- 0.010806 s
currentSize : 22 <-- 7.002787 s
currentSize : 23 <-- 7.679764 s
currentSize : 24 <-- 125.429649 s

TIMEOUT
maxsize : 24
nodes : 256710214.000000
filtered : 1621506936.000000
time : 1000.000000
