Parameters: GAD=1 vflib=1 dir=0 label=1 lowerbound=1 fileNameGp=../../cp2016-max-common-connected-subgraph-paper/datasets/graphsdb/mcs10/bvg/b06/mcs10_b06_s70.A06 fileNameGt=../../cp2016-max-common-connected-subgraph-paper/datasets/graphsdb/mcs10/bvg/b06/mcs10_b06_s70.B06
Reading graphs...
70 :  206
70 :  206
Initializing...
maxdom : 8
D->valSize : 311
Solving...
Blb : 2 (clique : 19)
currentSize : 19 <-- 0.002384 s
currentSize : 20 <-- 0.002531 s
currentSize : 21 <-- 0.024415 s
currentSize : 22 <-- 0.249482 s
currentSize : 23 <-- 32.341549 s
currentSize : 24 <-- 43.206020 s

TIMEOUT
maxsize : 24
nodes : 232786885.000000
filtered : 1679091016.000000
time : 1000.000000
