Parameters: GAD=1 vflib=1 dir=0 label=1 lowerbound=1 fileNameGp=../../cp2016-max-common-connected-subgraph-paper/datasets/graphsdb/mcs10/bvg/b09/mcs10_b09_s100.A07 fileNameGt=../../cp2016-max-common-connected-subgraph-paper/datasets/graphsdb/mcs10/bvg/b09/mcs10_b09_s100.B07
Reading graphs...
100 :  446
100 :  441
Initializing...
maxdom : 9
D->valSize : 317
Solving...
Blb : 2 (clique : 19)
currentSize : 19 <-- 0.004590 s
currentSize : 20 <-- 0.012495 s
currentSize : 21 <-- 0.177488 s
currentSize : 22 <-- 0.183385 s
currentSize : 23 <-- 1.068833 s
currentSize : 24 <-- 2.564484 s
currentSize : 25 <-- 2.816447 s
currentSize : 26 <-- 20.128977 s
currentSize : 27 <-- 54.652950 s

TIMEOUT
maxsize : 27
nodes : 185978671.000000
filtered : 1439276536.000000
time : 1000.000061
