Parameters: GAD=1 vflib=1 dir=0 label=1 lowerbound=1 fileNameGp=../../cp2016-max-common-connected-subgraph-paper/datasets/graphsdb/mcs10/rand/r005/mcs10_r005_s50.A02 fileNameGt=../../cp2016-max-common-connected-subgraph-paper/datasets/graphsdb/mcs10/rand/r005/mcs10_r005_s50.B02
Reading graphs...
50 :  124
50 :  123
Initializing...
maxdom : 12
D->valSize : 303
Solving...
Blb : 5 (clique : 15)
currentSize : 15 <-- 0.001968 s
currentSize : 16 <-- 0.002457 s
currentSize : 17 <-- 0.004327 s
currentSize : 18 <-- 0.277504 s
currentSize : 19 <-- 0.407299 s
currentSize : 20 <-- 75.950935 s

maxsize : 20
nodes : 191187783.000000
filtered : 2044279495.000000
time : 710.165955
