Parameters: GAD=1 vflib=1 dir=0 label=1 lowerbound=1 fileNameGp=../../cp2016-max-common-connected-subgraph-paper/datasets/graphsdb/mcs10/bvg/b03/mcs10_b03_s60.A03 fileNameGt=../../cp2016-max-common-connected-subgraph-paper/datasets/graphsdb/mcs10/bvg/b03/mcs10_b03_s60.B03
Reading graphs...
60 :  90
60 :  89
Initializing...
maxdom : 6
D->valSize : 240
Solving...
Blb : 2 (clique : 22)
currentSize : 22 <-- 0.001893 s
currentSize : 23 <-- 0.253202 s
currentSize : 24 <-- 0.832800 s
currentSize : 25 <-- 20.267380 s
currentSize : 26 <-- 20.576220 s
currentSize : 27 <-- 26.294937 s

TIMEOUT
maxsize : 27
nodes : 288766640.000000
filtered : 1515720077.000000
time : 1000.000000
