Parameters: GAD=1 vflib=1 dir=0 label=1 lowerbound=1 fileNameGp=../../cp2016-max-common-connected-subgraph-paper/datasets/graphsdb/mcs10/m3D/m3Dr2/mcs10_m3Dr2_s70.A09 fileNameGt=../../cp2016-max-common-connected-subgraph-paper/datasets/graphsdb/mcs10/m3D/m3Dr2/mcs10_m3Dr2_s70.B09
Reading graphs...
70 :  170
70 :  171
Initializing...
maxdom : 7
D->valSize : 325
Solving...
Blb : 2 (clique : 20)
currentSize : 20 <-- 0.002564 s
currentSize : 21 <-- 0.012600 s
currentSize : 22 <-- 0.013654 s
currentSize : 23 <-- 0.583638 s
currentSize : 24 <-- 24.476955 s
currentSize : 25 <-- 300.052826 s
currentSize : 26 <-- 855.319153 s

TIMEOUT
maxsize : 26
nodes : 269605848.000000
filtered : 1500250408.000000
time : 1000.000000
