Parameters: GAD=1 vflib=1 dir=0 label=1 lowerbound=1 fileNameGp=../../cp2016-max-common-connected-subgraph-paper/datasets/graphsdb/mcs10/m3D/m3Dr6/mcs10_m3Dr6_s60.A05 fileNameGt=../../cp2016-max-common-connected-subgraph-paper/datasets/graphsdb/mcs10/m3D/m3Dr6/mcs10_m3Dr6_s60.B05
Reading graphs...
60 :  165
60 :  166
Initializing...
maxdom : 8
D->valSize : 238
Solving...
Blb : 2 (clique : 15)
currentSize : 15 <-- 0.002406 s
currentSize : 16 <-- 0.004176 s
currentSize : 17 <-- 0.005626 s
currentSize : 18 <-- 0.042081 s
currentSize : 19 <-- 0.167726 s
currentSize : 20 <-- 6.260124 s
currentSize : 21 <-- 29.499466 s

maxsize : 21
nodes : 153824071.000000
filtered : 1104313332.000000
time : 600.506226
