Parameters: GAD=1 vflib=1 dir=0 label=1 lowerbound=1 fileNameGp=../../cp2016-max-common-connected-subgraph-paper/datasets/graphsdb/mcs10/m3D/m3Dr6/mcs10_m3Dr6_s100.A07 fileNameGt=../../cp2016-max-common-connected-subgraph-paper/datasets/graphsdb/mcs10/m3D/m3Dr6/mcs10_m3Dr6_s100.B07
Reading graphs...
100 :  290
100 :  288
Initializing...
maxdom : 7
D->valSize : 298
Solving...
Blb : 5 (clique : 22)
currentSize : 22 <-- 0.002700 s
currentSize : 23 <-- 0.007075 s
currentSize : 24 <-- 0.009738 s
currentSize : 25 <-- 0.021109 s
currentSize : 26 <-- 0.080270 s
currentSize : 27 <-- 0.210576 s
currentSize : 28 <-- 30.100529 s
currentSize : 29 <-- 479.977997 s

TIMEOUT
maxsize : 29
nodes : 216425487.000000
filtered : 938911419.000000
time : 1000.000061
