Parameters: GAD=1 vflib=1 dir=0 label=1 lowerbound=1 fileNameGp=../../cp2016-max-common-connected-subgraph-paper/datasets/graphsdb/mcs10/rand/r005/mcs10_r005_s50.A01 fileNameGt=../../cp2016-max-common-connected-subgraph-paper/datasets/graphsdb/mcs10/rand/r005/mcs10_r005_s50.B01
Reading graphs...
50 :  122
50 :  123
Initializing...
maxdom : 9
D->valSize : 298
Solving...
Blb : 2 (clique : 16)
currentSize : 16 <-- 0.003199 s
currentSize : 17 <-- 0.003331 s
currentSize : 18 <-- 0.006272 s
currentSize : 19 <-- 0.392719 s
currentSize : 20 <-- 1.794741 s

maxsize : 20
nodes : 135899905.000000
filtered : 1349991988.000000
time : 496.996613
