Parameters: GAD=1 vflib=1 dir=0 label=1 lowerbound=1 fileNameGp=../../cp2016-max-common-connected-subgraph-paper/datasets/graphsdb/mcs10/bvg/b09m/mcs10_b09m_s100.A07 fileNameGt=../../cp2016-max-common-connected-subgraph-paper/datasets/graphsdb/mcs10/bvg/b09m/mcs10_b09m_s100.B07
Reading graphs...
100 :  431
100 :  434
Initializing...
maxdom : 9
D->valSize : 318
Solving...
Blb : 3 (clique : 19)
currentSize : 19 <-- 0.003048 s
currentSize : 20 <-- 0.159597 s
currentSize : 21 <-- 1.002638 s
currentSize : 22 <-- 6.213050 s
currentSize : 23 <-- 28.694471 s
currentSize : 24 <-- 44.294273 s
currentSize : 25 <-- 59.628208 s
currentSize : 26 <-- 166.759995 s

TIMEOUT
maxsize : 26
nodes : 189980314.000000
filtered : 1328106748.000000
time : 1000.000000
