Parameters: GAD=1 vflib=1 dir=0 label=1 lowerbound=1 fileNameGp=../../cp2016-max-common-connected-subgraph-paper/datasets/graphsdb/mcs10/m2D/m2D/mcs10_m2D_s100.A08 fileNameGt=../../cp2016-max-common-connected-subgraph-paper/datasets/graphsdb/mcs10/m2D/m2D/mcs10_m2D_s100.B08
Reading graphs...
100 :  179
100 :  180
Initializing...
maxdom : 9
D->valSize : 314
Solving...
Blb : 2 (clique : 29)
currentSize : 29 <-- 0.002966 s
currentSize : 30 <-- 0.003173 s
currentSize : 31 <-- 0.024934 s
currentSize : 32 <-- 0.120146 s
currentSize : 33 <-- 0.279182 s
currentSize : 34 <-- 40.246952 s
currentSize : 35 <-- 47.180801 s
currentSize : 36 <-- 535.426208 s
currentSize : 37 <-- 600.385803 s

TIMEOUT
maxsize : 37
nodes : 236806126.000000
filtered : 893541403.000000
time : 1000.000061
