Parameters: GAD=1 vflib=1 dir=0 label=1 lowerbound=1 fileNameGp=../../cp2016-max-common-connected-subgraph-paper/datasets/graphsdb/mcs10/m3D/m3Dr4/mcs10_m3Dr4_s70.A01 fileNameGt=../../cp2016-max-common-connected-subgraph-paper/datasets/graphsdb/mcs10/m3D/m3Dr4/mcs10_m3Dr4_s70.B01
Reading graphs...
70 :  181
70 :  184
Initializing...
maxdom : 8
D->valSize : 335
Solving...
Blb : 2 (clique : 21)
currentSize : 21 <-- 0.004182 s
currentSize : 22 <-- 0.004382 s
currentSize : 23 <-- 0.004662 s
currentSize : 24 <-- 0.172545 s
currentSize : 25 <-- 2.632051 s
currentSize : 26 <-- 41.500912 s

TIMEOUT
maxsize : 26
nodes : 241734921.000000
filtered : 1752949160.000000
time : 1000.000061
