Parameters: GAD=1 vflib=1 dir=0 label=1 lowerbound=1 fileNameGp=../../cp2016-max-common-connected-subgraph-paper/datasets/graphsdb/mcs10/m2D/m2Dr4/mcs10_m2Dr4_s50.A06 fileNameGt=../../cp2016-max-common-connected-subgraph-paper/datasets/graphsdb/mcs10/m2D/m2Dr4/mcs10_m2Dr4_s50.B06
Reading graphs...
50 :  103
50 :  99
Initializing...
maxdom : 12
D->valSize : 310
Solving...
Blb : 2 (clique : 15)
currentSize : 15 <-- 0.002099 s
currentSize : 16 <-- 0.002287 s
currentSize : 17 <-- 0.069733 s
currentSize : 18 <-- 0.648498 s
currentSize : 19 <-- 0.903540 s
currentSize : 20 <-- 12.956647 s
currentSize : 21 <-- 15.437166 s

maxsize : 21
nodes : 81185075.000000
filtered : 874424847.000000
time : 311.028015
