Parameters: GAD=1 vflib=1 dir=0 label=1 lowerbound=1 fileNameGp=../../cp2016-max-common-connected-subgraph-paper/datasets/graphsdb/mcs10/bvg/b03/mcs10_b03_s80.A07 fileNameGt=../../cp2016-max-common-connected-subgraph-paper/datasets/graphsdb/mcs10/bvg/b03/mcs10_b03_s80.B07
Reading graphs...
80 :  120
80 :  119
Initializing...
maxdom : 10
D->valSize : 404
Solving...
Blb : 2 (clique : 29)
currentSize : 29 <-- 0.003879 s
currentSize : 30 <-- 2.675365 s
currentSize : 31 <-- 2.822792 s
currentSize : 32 <-- 5.757907 s
currentSize : 33 <-- 53.316864 s
currentSize : 34 <-- 79.611893 s

TIMEOUT
maxsize : 34
nodes : 245179759.000000
filtered : 1658802334.000000
time : 1000.000061
