Parameters: GAD=1 vflib=1 dir=0 label=1 lowerbound=1 fileNameGp=../../cp2016-max-common-connected-subgraph-paper/datasets/graphsdb/mcs10/m2D/m2D/mcs10_m2D_s60.A02 fileNameGt=../../cp2016-max-common-connected-subgraph-paper/datasets/graphsdb/mcs10/m2D/m2D/mcs10_m2D_s60.B02
Reading graphs...
60 :  103
60 :  103
Initializing...
maxdom : 7
D->valSize : 236
Solving...
Blb : 2 (clique : 20)
currentSize : 20 <-- 0.001625 s
currentSize : 21 <-- 0.002684 s
currentSize : 22 <-- 0.002801 s
currentSize : 23 <-- 0.003026 s
currentSize : 24 <-- 19.536228 s
currentSize : 25 <-- 43.494415 s

maxsize : 25
nodes : 81246222.000000
filtered : 540663399.000000
time : 306.548279
