Parameters: GAD=1 vflib=1 dir=0 label=1 lowerbound=1 fileNameGp=../../cp2016-max-common-connected-subgraph-paper/datasets/graphsdb/mcs10/rand/r005/mcs10_r005_s50.A09 fileNameGt=../../cp2016-max-common-connected-subgraph-paper/datasets/graphsdb/mcs10/rand/r005/mcs10_r005_s50.B09
Reading graphs...
50 :  121
50 :  120
Initializing...
maxdom : 9
D->valSize : 285
Solving...
Blb : 2 (clique : 15)
currentSize : 15 <-- 0.001822 s
currentSize : 16 <-- 0.001920 s
currentSize : 17 <-- 0.006615 s
currentSize : 18 <-- 0.018520 s
currentSize : 19 <-- 0.025789 s

maxsize : 19
nodes : 72569406.000000
filtered : 584391223.000000
time : 229.381241
