Parameters: GAD=1 vflib=1 dir=0 label=1 lowerbound=1 fileNameGp=../../cp2016-max-common-connected-subgraph-paper/datasets/graphsdb/mcs10/m2D/m2Dr6/mcs10_m2Dr6_s90.A03 fileNameGt=../../cp2016-max-common-connected-subgraph-paper/datasets/graphsdb/mcs10/m2D/m2Dr6/mcs10_m2Dr6_s90.B03
Reading graphs...
90 :  211
90 :  211
Initializing...
maxdom : 10
D->valSize : 493
Solving...
Blb : 2 (clique : 25)
currentSize : 25 <-- 0.005394 s
currentSize : 26 <-- 1.091663 s
currentSize : 27 <-- 4.242359 s
currentSize : 28 <-- 167.343918 s
currentSize : 29 <-- 204.093292 s
currentSize : 30 <-- 335.708466 s

TIMEOUT
maxsize : 30
nodes : 222667696.000000
filtered : 1176191025.000000
time : 1000.000061
