Parameters: GAD=1 vflib=1 dir=0 label=1 lowerbound=1 fileNameGp=../../cp2016-max-common-connected-subgraph-paper/datasets/graphsdb/mcs10/rand/r01/mcs10_r01_s90.A01 fileNameGt=../../cp2016-max-common-connected-subgraph-paper/datasets/graphsdb/mcs10/rand/r01/mcs10_r01_s90.B01
Reading graphs...
90 :  755
90 :  764
Initializing...
maxdom : 10
D->valSize : 523
Solving...
Blb : 2 (clique : 12)
currentSize : 12 <-- 0.005343 s
currentSize : 13 <-- 0.005451 s
currentSize : 14 <-- 0.005554 s
currentSize : 15 <-- 0.007988 s
currentSize : 16 <-- 0.934970 s
currentSize : 17 <-- 128.351212 s
currentSize : 18 <-- 831.364624 s

TIMEOUT
maxsize : 18
nodes : 183630265.000000
filtered : 2121183153.000000
time : 1000.000000
