Parameters: GAD=1 vflib=1 dir=0 label=1 lowerbound=1 fileNameGp=../../cp2016-max-common-connected-subgraph-paper/datasets/graphsdb/mcs10/m3D/m3Dr4/mcs10_m3Dr4_s100.A01 fileNameGt=../../cp2016-max-common-connected-subgraph-paper/datasets/graphsdb/mcs10/m3D/m3Dr4/mcs10_m3Dr4_s100.B01
Reading graphs...
100 :  268
100 :  269
Initializing...
maxdom : 8
D->valSize : 330
Solving...
Blb : 2 (clique : 27)
currentSize : 27 <-- 0.003148 s
currentSize : 28 <-- 0.116239 s
currentSize : 29 <-- 0.183458 s
currentSize : 30 <-- 1.810498 s
currentSize : 31 <-- 6.191289 s
currentSize : 32 <-- 543.816162 s

TIMEOUT
maxsize : 32
nodes : 201460260.000000
filtered : 1039509769.000000
time : 1000.000061
