Parameters: GAD=1 vflib=1 dir=0 label=1 lowerbound=1 fileNameGp=../../cp2016-max-common-connected-subgraph-paper/datasets/graphsdb/mcs10/m3D/m3Dr6/mcs10_m3Dr6_s90.A09 fileNameGt=../../cp2016-max-common-connected-subgraph-paper/datasets/graphsdb/mcs10/m3D/m3Dr6/mcs10_m3Dr6_s90.B09
Reading graphs...
90 :  255
90 :  259
Initializing...
maxdom : 11
D->valSize : 525
Solving...
Blb : 2 (clique : 24)
currentSize : 24 <-- 0.005789 s
currentSize : 26 <-- 0.006000 s
currentSize : 27 <-- 0.046387 s
currentSize : 28 <-- 2.226097 s
currentSize : 29 <-- 2.236173 s
currentSize : 30 <-- 344.178284 s

TIMEOUT
maxsize : 30
nodes : 206329952.000000
filtered : 1910428074.000000
time : 1000.000061
