Parameters: GAD=1 vflib=1 dir=0 label=1 lowerbound=1 fileNameGp=../../cp2016-max-common-connected-subgraph-paper/datasets/graphsdb/mcs10/m3D/m3Dr6/mcs10_m3Dr6_s100.A06 fileNameGt=../../cp2016-max-common-connected-subgraph-paper/datasets/graphsdb/mcs10/m3D/m3Dr6/mcs10_m3Dr6_s100.B06
Reading graphs...
100 :  294
100 :  290
Initializing...
maxdom : 7
D->valSize : 308
Solving...
Blb : 2 (clique : 26)
currentSize : 26 <-- 0.003024 s
currentSize : 27 <-- 0.004121 s
currentSize : 28 <-- 0.004752 s
currentSize : 29 <-- 0.005557 s
currentSize : 30 <-- 0.082677 s
currentSize : 31 <-- 0.647453 s
currentSize : 32 <-- 0.664565 s
currentSize : 33 <-- 316.059906 s

TIMEOUT
maxsize : 33
nodes : 192578985.000000
filtered : 923469409.000000
time : 1000.000061
