Parameters: GAD=1 vflib=1 dir=0 label=1 lowerbound=1 fileNameGp=../../cp2016-max-common-connected-subgraph-paper/datasets/graphsdb/mcs10/m2D/m2Dr4/mcs10_m2Dr4_s90.A05 fileNameGt=../../cp2016-max-common-connected-subgraph-paper/datasets/graphsdb/mcs10/m2D/m2Dr4/mcs10_m2Dr4_s90.B05
Reading graphs...
90 :  195
90 :  193
Initializing...
maxdom : 10
D->valSize : 540
Solving...
Blb : 2 (clique : 28)
currentSize : 28 <-- 0.006105 s
currentSize : 29 <-- 1.431655 s
currentSize : 30 <-- 2.965253 s
currentSize : 31 <-- 37.199657 s
currentSize : 32 <-- 305.424347 s
currentSize : 33 <-- 322.932861 s

TIMEOUT
maxsize : 33
nodes : 214281115.000000
filtered : 1546108765.000000
time : 1000.000061
