Parameters: GAD=1 vflib=1 dir=0 label=1 lowerbound=1 fileNameGp=../../cp2016-max-common-connected-subgraph-paper/datasets/graphsdb/mcs10/m3D/m3Dr4/mcs10_m3Dr4_s60.A07 fileNameGt=../../cp2016-max-common-connected-subgraph-paper/datasets/graphsdb/mcs10/m3D/m3Dr4/mcs10_m3Dr4_s60.B07
Reading graphs...
60 :  155
60 :  156
Initializing...
maxdom : 7
D->valSize : 231
Solving...
Blb : 2 (clique : 17)
currentSize : 17 <-- 0.002355 s
currentSize : 18 <-- 0.078631 s
currentSize : 19 <-- 0.078658 s
currentSize : 20 <-- 1.060390 s
currentSize : 21 <-- 4.024712 s
currentSize : 22 <-- 6.505582 s

maxsize : 22
nodes : 90554982.000000
filtered : 567824776.000000
time : 338.187134
