Parameters: GAD=1 vflib=1 dir=0 label=1 lowerbound=1 fileNameGp=../../cp2016-max-common-connected-subgraph-paper/datasets/graphsdb/mcs10/rand/r01/mcs10_r01_s80.A05 fileNameGt=../../cp2016-max-common-connected-subgraph-paper/datasets/graphsdb/mcs10/rand/r01/mcs10_r01_s80.B05
Reading graphs...
80 :  602
80 :  597
Initializing...
maxdom : 9
D->valSize : 425
Solving...
Blb : 2 (clique : 12)
currentSize : 12 <-- 0.003768 s
currentSize : 13 <-- 0.005427 s
currentSize : 15 <-- 0.005465 s
currentSize : 16 <-- 10.879047 s
currentSize : 17 <-- 40.889980 s

maxsize : 17
nodes : 86877695.000000
filtered : 996328481.000000
time : 442.080902
