Parameters: GAD=1 vflib=1 dir=0 label=1 lowerbound=1 fileNameGp=../../cp2016-max-common-connected-subgraph-paper/datasets/graphsdb/mcs10/m3D/m3Dr6/mcs10_m3Dr6_s100.A04 fileNameGt=../../cp2016-max-common-connected-subgraph-paper/datasets/graphsdb/mcs10/m3D/m3Dr6/mcs10_m3Dr6_s100.B04
Reading graphs...
100 :  289
100 :  294
Initializing...
maxdom : 6
D->valSize : 302
Solving...
Blb : 2 (clique : 25)
currentSize : 25 <-- 0.002871 s
currentSize : 26 <-- 0.008545 s
currentSize : 27 <-- 0.012448 s
currentSize : 28 <-- 1.252233 s
currentSize : 29 <-- 3.762437 s
currentSize : 30 <-- 571.586304 s

TIMEOUT
maxsize : 30
nodes : 214813454.000000
filtered : 867863765.000000
time : 1000.000061
