Parameters: GAD=1 vflib=1 dir=0 label=1 lowerbound=1 fileNameGp=../../cp2016-max-common-connected-subgraph-paper/datasets/graphsdb/mcs10/rand/r005/mcs10_r005_s60.A04 fileNameGt=../../cp2016-max-common-connected-subgraph-paper/datasets/graphsdb/mcs10/rand/r005/mcs10_r005_s60.B04
Reading graphs...
60 :  179
60 :  177
Initializing...
maxdom : 7
D->valSize : 229
Solving...
Blb : 2 (clique : 15)
currentSize : 15 <-- 0.002443 s
currentSize : 16 <-- 0.002603 s
currentSize : 17 <-- 0.003026 s
currentSize : 18 <-- 0.029716 s
currentSize : 19 <-- 0.163662 s
currentSize : 20 <-- 85.500671 s

maxsize : 20
nodes : 58620744.000000
filtered : 400528074.000000
time : 219.010864
