Parameters: GAD=1 vflib=1 dir=0 label=1 lowerbound=1 fileNameGp=../../cp2016-max-common-connected-subgraph-paper/datasets/graphsdb/mcs10/m3D/m3Dr6/mcs10_m3Dr6_s100.A08 fileNameGt=../../cp2016-max-common-connected-subgraph-paper/datasets/graphsdb/mcs10/m3D/m3Dr6/mcs10_m3Dr6_s100.B08
Reading graphs...
100 :  287
100 :  291
Initializing...
maxdom : 7
D->valSize : 315
Solving...
Blb : 2 (clique : 25)
currentSize : 25 <-- 0.004612 s
currentSize : 26 <-- 0.014682 s
currentSize : 27 <-- 0.027118 s
currentSize : 28 <-- 0.099312 s
currentSize : 29 <-- 0.328027 s
currentSize : 30 <-- 2.986972 s
currentSize : 31 <-- 521.518860 s
currentSize : 32 <-- 536.885132 s

TIMEOUT
maxsize : 32
nodes : 219823176.000000
filtered : 939583538.000000
time : 1000.000061
