Parameters: GAD=1 vflib=1 dir=0 label=1 lowerbound=1 fileNameGp=../../cp2016-max-common-connected-subgraph-paper/datasets/graphsdb/mcs10/bvg/b06m/mcs10_b06m_s90.A06 fileNameGt=../../cp2016-max-common-connected-subgraph-paper/datasets/graphsdb/mcs10/bvg/b06m/mcs10_b06m_s90.B06
Reading graphs...
90 :  263
90 :  264
Initializing...
maxdom : 11
D->valSize : 550
Solving...
Blb : 5 (clique : 24)
currentSize : 24 <-- 0.006201 s
currentSize : 25 <-- 0.025964 s
currentSize : 26 <-- 0.118355 s
currentSize : 27 <-- 0.398016 s
currentSize : 28 <-- 4.479360 s
currentSize : 29 <-- 218.215164 s

TIMEOUT
maxsize : 29
nodes : 220527760.000000
filtered : 1488397661.000000
time : 1000.000061
