Parameters: GAD=1 vflib=1 dir=0 label=1 lowerbound=1 fileNameGp=../../cp2016-max-common-connected-subgraph-paper/datasets/graphsdb/mcs10/m3D/m3Dr2/mcs10_m3Dr2_s70.A04 fileNameGt=../../cp2016-max-common-connected-subgraph-paper/datasets/graphsdb/mcs10/m3D/m3Dr2/mcs10_m3Dr2_s70.B04
Reading graphs...
70 :  171
70 :  170
Initializing...
maxdom : 7
D->valSize : 322
Solving...
Blb : 2 (clique : 20)
currentSize : 20 <-- 0.002481 s
currentSize : 21 <-- 0.002608 s
currentSize : 22 <-- 0.041057 s
currentSize : 23 <-- 0.604873 s
currentSize : 24 <-- 1.094050 s
currentSize : 25 <-- 38.863453 s

TIMEOUT
maxsize : 25
nodes : 227250447.000000
filtered : 1627440447.000000
time : 1000.000000
