Parameters: GAD=1 vflib=1 dir=0 label=1 lowerbound=1 fileNameGp=../../cp2016-max-common-connected-subgraph-paper/datasets/graphsdb/mcs10/m2D/m2Dr6/mcs10_m2Dr6_s90.A01 fileNameGt=../../cp2016-max-common-connected-subgraph-paper/datasets/graphsdb/mcs10/m2D/m2Dr6/mcs10_m2Dr6_s90.B01
Reading graphs...
90 :  214
90 :  213
Initializing...
maxdom : 10
D->valSize : 508
Solving...
Blb : 2 (clique : 30)
currentSize : 30 <-- 0.005611 s
currentSize : 31 <-- 0.005861 s
currentSize : 32 <-- 0.026557 s
currentSize : 33 <-- 1.647405 s
currentSize : 34 <-- 16.142479 s
currentSize : 35 <-- 67.462578 s

TIMEOUT
maxsize : 35
nodes : 225827023.000000
filtered : 1258402648.000000
time : 1000.000061
