Parameters: GAD=1 vflib=1 dir=0 label=1 lowerbound=1 fileNameGp=../../cp2016-max-common-connected-subgraph-paper/datasets/graphsdb/mcs10/m2D/m2Dr4/mcs10_m2Dr4_s60.A01 fileNameGt=../../cp2016-max-common-connected-subgraph-paper/datasets/graphsdb/mcs10/m2D/m2Dr4/mcs10_m2Dr4_s60.B01
Reading graphs...
60 :  125
60 :  126
Initializing...
maxdom : 9
D->valSize : 228
Solving...
Blb : 2 (clique : 17)
currentSize : 17 <-- 0.001504 s
currentSize : 18 <-- 0.001604 s
currentSize : 19 <-- 0.002053 s
currentSize : 20 <-- 0.070001 s
currentSize : 21 <-- 180.286606 s

maxsize : 21
nodes : 69730983.000000
filtered : 430437065.000000
time : 257.619751
