Parameters: GAD=1 vflib=1 dir=0 label=1 lowerbound=1 fileNameGp=../../cp2016-max-common-connected-subgraph-paper/datasets/graphsdb/mcs10/m3D/m3Dr2/mcs10_m3Dr2_s60.A00 fileNameGt=../../cp2016-max-common-connected-subgraph-paper/datasets/graphsdb/mcs10/m3D/m3Dr2/mcs10_m3Dr2_s60.B00
Reading graphs...
60 :  142
60 :  143
Initializing...
maxdom : 8
D->valSize : 239
Solving...
Blb : 2 (clique : 18)
currentSize : 18 <-- 0.001596 s
currentSize : 19 <-- 0.001697 s
currentSize : 20 <-- 0.001880 s
currentSize : 21 <-- 0.061793 s
currentSize : 22 <-- 2.592793 s
currentSize : 23 <-- 204.727875 s

maxsize : 23
nodes : 79662227.000000
filtered : 683525466.000000
time : 327.904388
