Parameters: GAD=1 vflib=1 dir=0 label=1 lowerbound=1 fileNameGp=../../cp2016-max-common-connected-subgraph-paper/datasets/graphsdb/mcs10/m2D/m2Dr2/mcs10_m2Dr2_s100.A02 fileNameGt=../../cp2016-max-common-connected-subgraph-paper/datasets/graphsdb/mcs10/m2D/m2Dr2/mcs10_m2Dr2_s100.B02
Reading graphs...
100 :  197
100 :  199
Initializing...
maxdom : 7
D->valSize : 327
Solving...
Blb : 2 (clique : 30)
currentSize : 30 <-- 0.003169 s
currentSize : 31 <-- 0.005755 s
currentSize : 32 <-- 0.010907 s
currentSize : 33 <-- 0.069591 s
currentSize : 34 <-- 30.201433 s
currentSize : 35 <-- 77.438278 s
currentSize : 36 <-- 91.197098 s
currentSize : 37 <-- 593.692627 s

TIMEOUT
maxsize : 37
nodes : 207556570.000000
filtered : 984196252.000000
time : 1000.000061
