Parameters: GAD=1 vflib=1 dir=0 label=1 lowerbound=1 fileNameGp=../../cp2016-max-common-connected-subgraph-paper/datasets/graphsdb/mcs10/rand/r005/mcs10_r005_s60.A03 fileNameGt=../../cp2016-max-common-connected-subgraph-paper/datasets/graphsdb/mcs10/rand/r005/mcs10_r005_s60.B03
Reading graphs...
60 :  177
60 :  179
Initializing...
maxdom : 8
D->valSize : 256
Solving...
Blb : 2 (clique : 16)
currentSize : 16 <-- 0.001717 s
currentSize : 17 <-- 0.001906 s
currentSize : 18 <-- 0.133980 s
currentSize : 19 <-- 1.390503 s
currentSize : 20 <-- 1.735888 s
currentSize : 21 <-- 3.090196 s

maxsize : 21
nodes : 13866496.000000
filtered : 156781511.000000
time : 59.522919
