Parameters: GAD=1 vflib=1 dir=0 label=1 lowerbound=1 fileNameGp=../../cp2016-max-common-connected-subgraph-paper/datasets/graphsdb/mcs10/m2D/m2Dr4/mcs10_m2Dr4_s100.A05 fileNameGt=../../cp2016-max-common-connected-subgraph-paper/datasets/graphsdb/mcs10/m2D/m2Dr4/mcs10_m2Dr4_s100.B05
Reading graphs...
100 :  218
100 :  217
Initializing...
maxdom : 6
D->valSize : 302
Solving...
Blb : 2 (clique : 27)
currentSize : 27 <-- 0.002847 s
currentSize : 28 <-- 0.004386 s
currentSize : 29 <-- 12.605998 s
currentSize : 30 <-- 72.568222 s
currentSize : 31 <-- 129.620880 s
currentSize : 32 <-- 140.268799 s
currentSize : 33 <-- 593.869934 s

TIMEOUT
maxsize : 33
nodes : 227905735.000000
filtered : 757413561.000000
time : 1000.000061
