Parameters: GAD=1 vflib=1 dir=0 label=1 lowerbound=1 fileNameGp=../../cp2016-max-common-connected-subgraph-paper/datasets/graphsdb/mcs10/m3D/m3Dr4/mcs10_m3Dr4_s70.A06 fileNameGt=../../cp2016-max-common-connected-subgraph-paper/datasets/graphsdb/mcs10/m3D/m3Dr4/mcs10_m3Dr4_s70.B06
Reading graphs...
70 :  184
70 :  185
Initializing...
maxdom : 9
D->valSize : 328
Solving...
Blb : 2 (clique : 22)
currentSize : 22 <-- 0.002662 s
currentSize : 23 <-- 0.324503 s
currentSize : 24 <-- 0.337749 s
currentSize : 25 <-- 0.714669 s
currentSize : 26 <-- 10.984207 s
currentSize : 27 <-- 31.188028 s

TIMEOUT
maxsize : 27
nodes : 246453206.000000
filtered : 1751273931.000000
time : 1000.000061
