Parameters: GAD=1 vflib=1 dir=0 label=1 lowerbound=1 fileNameGp=../../cp2016-max-common-connected-subgraph-paper/datasets/graphsdb/mcs10/m3D/m3Dr4/mcs10_m3Dr4_s100.A03 fileNameGt=../../cp2016-max-common-connected-subgraph-paper/datasets/graphsdb/mcs10/m3D/m3Dr4/mcs10_m3Dr4_s100.B03
Reading graphs...
100 :  271
100 :  267
Initializing...
maxdom : 5
D->valSize : 303
Solving...
Blb : 2 (clique : 24)
currentSize : 24 <-- 0.002897 s
currentSize : 25 <-- 0.003103 s
currentSize : 27 <-- 0.003245 s
currentSize : 29 <-- 0.004405 s
currentSize : 30 <-- 0.097208 s
currentSize : 31 <-- 0.420936 s
currentSize : 32 <-- 1.384575 s
currentSize : 33 <-- 9.147311 s

TIMEOUT
maxsize : 33
nodes : 199006240.000000
filtered : 1136680308.000000
time : 1000.000061
