Parameters: GAD=1 vflib=1 dir=0 label=1 lowerbound=1 fileNameGp=../../cp2016-max-common-connected-subgraph-paper/datasets/graphsdb/mcs10/bvg/b06/mcs10_b06_s90.A04 fileNameGt=../../cp2016-max-common-connected-subgraph-paper/datasets/graphsdb/mcs10/bvg/b06/mcs10_b06_s90.B04
Reading graphs...
90 :  269
90 :  266
Initializing...
maxdom : 9
D->valSize : 498
Solving...
Blb : 3 (clique : 24)
currentSize : 24 <-- 0.008321 s
currentSize : 25 <-- 0.008595 s
currentSize : 26 <-- 0.008625 s
currentSize : 27 <-- 0.010793 s
currentSize : 28 <-- 0.026898 s
currentSize : 29 <-- 56.303097 s

TIMEOUT
maxsize : 29
nodes : 224337100.000000
filtered : 1288332664.000000
time : 1000.000061
