Parameters: GAD=1 vflib=1 dir=0 label=1 lowerbound=1 fileNameGp=../../cp2016-max-common-connected-subgraph-paper/datasets/graphsdb/mcs10/rand/r005/mcs10_r005_s50.A05 fileNameGt=../../cp2016-max-common-connected-subgraph-paper/datasets/graphsdb/mcs10/rand/r005/mcs10_r005_s50.B05
Reading graphs...
50 :  121
50 :  124
Initializing...
maxdom : 11
D->valSize : 298
Solving...
Blb : 2 (clique : 17)
currentSize : 17 <-- 0.002064 s
currentSize : 18 <-- 0.132581 s
currentSize : 19 <-- 11.246869 s
currentSize : 20 <-- 82.598763 s
currentSize : 21 <-- 216.271072 s

maxsize : 21
nodes : 118721372.000000
filtered : 1128353262.000000
time : 452.806366
