Parameters: GAD=1 vflib=1 dir=0 label=1 lowerbound=1 fileNameGp=../../cp2016-max-common-connected-subgraph-paper/datasets/graphsdb/mcs10/m3D/m3Dr4/mcs10_m3Dr4_s70.A05 fileNameGt=../../cp2016-max-common-connected-subgraph-paper/datasets/graphsdb/mcs10/m3D/m3Dr4/mcs10_m3Dr4_s70.B05
Reading graphs...
70 :  183
70 :  184
Initializing...
maxdom : 8
D->valSize : 310
Solving...
Blb : 2 (clique : 18)
currentSize : 18 <-- 0.002374 s
currentSize : 19 <-- 0.002489 s
currentSize : 20 <-- 0.029514 s
currentSize : 21 <-- 0.754992 s
currentSize : 22 <-- 1.921705 s
currentSize : 23 <-- 108.597656 s

TIMEOUT
maxsize : 23
nodes : 269002523.000000
filtered : 1589804006.000000
time : 1000.000000
