Parameters: GAD=1 vflib=1 dir=0 label=1 lowerbound=1 fileNameGp=../../cp2016-max-common-connected-subgraph-paper/datasets/graphsdb/mcs10/m3D/m3Dr2/mcs10_m3Dr2_s60.A09 fileNameGt=../../cp2016-max-common-connected-subgraph-paper/datasets/graphsdb/mcs10/m3D/m3Dr2/mcs10_m3Dr2_s60.B09
Reading graphs...
60 :  144
60 :  145
Initializing...
maxdom : 9
D->valSize : 218
Solving...
Blb : 2 (clique : 16)
currentSize : 16 <-- 0.001492 s
currentSize : 17 <-- 0.001583 s
currentSize : 18 <-- 0.002261 s
currentSize : 19 <-- 0.020747 s
currentSize : 20 <-- 1.944528 s
currentSize : 21 <-- 75.007217 s

maxsize : 21
nodes : 29736912.000000
filtered : 178737121.000000
time : 112.259453
