Parameters: GAD=1 vflib=1 dir=0 label=1 lowerbound=1 fileNameGp=../../cp2016-max-common-connected-subgraph-paper/datasets/graphsdb/mcs10/m2D/m2Dr6/mcs10_m2Dr6_s80.A06 fileNameGt=../../cp2016-max-common-connected-subgraph-paper/datasets/graphsdb/mcs10/m2D/m2Dr6/mcs10_m2Dr6_s80.B06
Reading graphs...
80 :  185
80 :  184
Initializing...
maxdom : 9
D->valSize : 380
Solving...
Blb : 2 (clique : 23)
currentSize : 23 <-- 0.005774 s
currentSize : 24 <-- 0.006146 s
currentSize : 25 <-- 0.007050 s
currentSize : 26 <-- 0.020059 s
currentSize : 27 <-- 0.021223 s
currentSize : 28 <-- 2.972354 s

TIMEOUT
maxsize : 28
nodes : 247384264.000000
filtered : 1450034687.000000
time : 1000.000061
