Parameters: GAD=1 vflib=1 dir=0 label=1 lowerbound=1 fileNameGp=../../cp2016-max-common-connected-subgraph-paper/datasets/graphsdb/mcs10/m2D/m2Dr4/mcs10_m2Dr4_s60.A02 fileNameGt=../../cp2016-max-common-connected-subgraph-paper/datasets/graphsdb/mcs10/m2D/m2Dr4/mcs10_m2Dr4_s60.B02
Reading graphs...
60 :  127
60 :  127
Initializing...
maxdom : 7
D->valSize : 272
Solving...
Blb : 2 (clique : 16)
currentSize : 16 <-- 0.001916 s
currentSize : 17 <-- 0.002502 s
currentSize : 18 <-- 0.007270 s
currentSize : 19 <-- 0.008962 s
currentSize : 20 <-- 0.099506 s
currentSize : 21 <-- 3.931189 s
currentSize : 22 <-- 18.059568 s
currentSize : 23 <-- 19.401976 s
currentSize : 24 <-- 440.191895 s

TIMEOUT
maxsize : 24
nodes : 269830736.000000
filtered : 1900149820.000000
time : 1000.000000
