Parameters: GAD=1 vflib=1 dir=0 label=1 lowerbound=1 fileNameGp=../../cp2016-max-common-connected-subgraph-paper/datasets/graphsdb/mcs10/m2D/m2Dr6/mcs10_m2Dr6_s50.A08 fileNameGt=../../cp2016-max-common-connected-subgraph-paper/datasets/graphsdb/mcs10/m2D/m2Dr6/mcs10_m2Dr6_s50.B08
Reading graphs...
50 :  114
50 :  110
Initializing...
maxdom : 11
D->valSize : 299
Solving...
Blb : 2 (clique : 15)
currentSize : 15 <-- 0.001927 s
currentSize : 16 <-- 0.002027 s
currentSize : 17 <-- 0.004778 s
currentSize : 18 <-- 0.061227 s
currentSize : 19 <-- 0.081053 s
currentSize : 20 <-- 0.221689 s
currentSize : 21 <-- 4.943014 s

maxsize : 21
nodes : 54777481.000000
filtered : 782594181.000000
time : 227.014969
