Parameters: GAD=1 vflib=1 dir=0 label=1 lowerbound=1 fileNameGp=../../cp2016-max-common-connected-subgraph-paper/datasets/graphsdb/mcs10/m2D/m2Dr6/mcs10_m2Dr6_s100.A01 fileNameGt=../../cp2016-max-common-connected-subgraph-paper/datasets/graphsdb/mcs10/m2D/m2Dr6/mcs10_m2Dr6_s100.B01
Reading graphs...
100 :  237
100 :  237
Initializing...
maxdom : 8
D->valSize : 340
Solving...
Blb : 2 (clique : 27)
currentSize : 27 <-- 0.003355 s
currentSize : 28 <-- 0.003924 s
currentSize : 29 <-- 0.062044 s
currentSize : 30 <-- 1.191776 s
currentSize : 31 <-- 1.385980 s
currentSize : 32 <-- 18.677025 s
currentSize : 33 <-- 23.507521 s

TIMEOUT
maxsize : 33
nodes : 195970359.000000
filtered : 995336463.000000
time : 1000.000061
