Parameters: GAD=1 vflib=1 dir=0 label=1 lowerbound=1 fileNameGp=../../cp2016-max-common-connected-subgraph-paper/datasets/graphsdb/mcs10/m2D/m2Dr4/mcs10_m2Dr4_s80.A07 fileNameGt=../../cp2016-max-common-connected-subgraph-paper/datasets/graphsdb/mcs10/m2D/m2Dr4/mcs10_m2Dr4_s80.B07
Reading graphs...
80 :  171
80 :  173
Initializing...
maxdom : 11
D->valSize : 447
Solving...
Blb : 2 (clique : 26)
currentSize : 26 <-- 0.006891 s
currentSize : 27 <-- 0.007255 s
currentSize : 28 <-- 0.114788 s
currentSize : 29 <-- 3.715782 s
currentSize : 30 <-- 43.452187 s
currentSize : 31 <-- 152.673050 s

TIMEOUT
maxsize : 31
nodes : 213929060.000000
filtered : 1869975781.000000
time : 1000.000061
