Parameters: GAD=1 vflib=1 dir=0 label=1 lowerbound=1 fileNameGp=../../cp2016-max-common-connected-subgraph-paper/datasets/graphsdb/mcs10/m3D/m3Dr2/mcs10_m3Dr2_s80.A02 fileNameGt=../../cp2016-max-common-connected-subgraph-paper/datasets/graphsdb/mcs10/m3D/m3Dr2/mcs10_m3Dr2_s80.B02
Reading graphs...
80 :  196
80 :  197
Initializing...
maxdom : 9
D->valSize : 407
Solving...
Blb : 2 (clique : 23)
currentSize : 23 <-- 0.003674 s
currentSize : 24 <-- 0.062701 s
currentSize : 25 <-- 0.267772 s
currentSize : 26 <-- 0.996889 s
currentSize : 27 <-- 11.072669 s
currentSize : 28 <-- 29.267372 s
currentSize : 29 <-- 383.253021 s

TIMEOUT
maxsize : 29
nodes : 234715999.000000
filtered : 1591507581.000000
time : 1000.000000
