Parameters: GAD=1 vflib=1 dir=0 label=1 lowerbound=1 fileNameGp=../../cp2016-max-common-connected-subgraph-paper/datasets/graphsdb/mcs10/m4D/m4Dr6/mcs10_m4Dr6_s100.A01 fileNameGt=../../cp2016-max-common-connected-subgraph-paper/datasets/graphsdb/mcs10/m4D/m4Dr6/mcs10_m4Dr6_s100.B01
Reading graphs...
100 :  218
100 :  216
Initializing...
maxdom : 7
D->valSize : 337
Solving...
Blb : 2 (clique : 29)
currentSize : 29 <-- 0.005343 s
currentSize : 30 <-- 0.016657 s
currentSize : 31 <-- 0.021048 s
currentSize : 32 <-- 48.900864 s
currentSize : 33 <-- 263.754211 s
currentSize : 34 <-- 383.415436 s

TIMEOUT
maxsize : 34
nodes : 217694144.000000
filtered : 871193562.000000
time : 1000.000061
