Parameters: GAD=1 vflib=1 dir=0 label=1 lowerbound=1 fileNameGp=../../cp2016-max-common-connected-subgraph-paper/datasets/graphsdb/mcs10/m2D/m2Dr4/mcs10_m2Dr4_s60.A07 fileNameGt=../../cp2016-max-common-connected-subgraph-paper/datasets/graphsdb/mcs10/m2D/m2Dr4/mcs10_m2Dr4_s60.B07
Reading graphs...
60 :  126
60 :  125
Initializing...
maxdom : 7
D->valSize : 227
Solving...
Blb : 2 (clique : 18)
currentSize : 18 <-- 0.001527 s
currentSize : 19 <-- 0.002655 s
currentSize : 20 <-- 0.083913 s
currentSize : 21 <-- 2.402531 s
currentSize : 22 <-- 8.917227 s
currentSize : 23 <-- 10.146839 s
currentSize : 24 <-- 45.813869 s

maxsize : 24
nodes : 49330042.000000
filtered : 313301112.000000
time : 182.935379
