Parameters: GAD=1 vflib=1 dir=0 label=1 lowerbound=1 fileNameGp=../../cp2016-max-common-connected-subgraph-paper/datasets/graphsdb/mcs10/m3D/m3Dr2/mcs10_m3Dr2_s80.A09 fileNameGt=../../cp2016-max-common-connected-subgraph-paper/datasets/graphsdb/mcs10/m3D/m3Dr2/mcs10_m3Dr2_s80.B09
Reading graphs...
80 :  199
80 :  198
Initializing...
maxdom : 8
D->valSize : 408
Solving...
Blb : 2 (clique : 22)
currentSize : 22 <-- 0.003782 s
currentSize : 23 <-- 0.005301 s
currentSize : 24 <-- 0.007699 s
currentSize : 25 <-- 0.359035 s
currentSize : 26 <-- 0.500599 s
currentSize : 27 <-- 46.256306 s
currentSize : 28 <-- 777.830566 s

TIMEOUT
maxsize : 28
nodes : 223615020.000000
filtered : 1609811163.000000
time : 1000.000000
