Parameters: GAD=1 vflib=1 dir=0 label=1 lowerbound=1 fileNameGp=../../cp2016-max-common-connected-subgraph-paper/datasets/graphsdb/mcs10/m2D/m2Dr4/mcs10_m2Dr4_s70.A08 fileNameGt=../../cp2016-max-common-connected-subgraph-paper/datasets/graphsdb/mcs10/m2D/m2Dr4/mcs10_m2Dr4_s70.B08
Reading graphs...
70 :  149
70 :  151
Initializing...
maxdom : 10
D->valSize : 344
Solving...
Blb : 2 (clique : 24)
currentSize : 24 <-- 0.004442 s
currentSize : 25 <-- 0.049101 s
currentSize : 26 <-- 1.638155 s
currentSize : 27 <-- 2.020445 s
currentSize : 28 <-- 11.713989 s
currentSize : 29 <-- 50.764351 s
currentSize : 30 <-- 473.099854 s

TIMEOUT
maxsize : 30
nodes : 237428831.000000
filtered : 1773700313.000000
time : 1000.000000
