Parameters: GAD=1 vflib=1 dir=0 label=1 lowerbound=1 fileNameGp=../../cp2016-max-common-connected-subgraph-paper/datasets/graphsdb/mcs10/m4D/m4Dr2/mcs10_m4Dr2_s100.A09 fileNameGt=../../cp2016-max-common-connected-subgraph-paper/datasets/graphsdb/mcs10/m4D/m4Dr2/mcs10_m4Dr2_s100.B09
Reading graphs...
100 :  178
100 :  178
Initializing...
maxdom : 6
D->valSize : 318
Solving...
Blb : 2 (clique : 34)
currentSize : 34 <-- 0.004996 s
currentSize : 35 <-- 0.008286 s
currentSize : 36 <-- 0.054180 s
currentSize : 37 <-- 0.979002 s
currentSize : 38 <-- 1.720887 s
currentSize : 39 <-- 416.842438 s

TIMEOUT
maxsize : 39
nodes : 208750323.000000
filtered : 878259098.000000
time : 1000.000061
