Parameters: GAD=1 vflib=1 dir=0 label=1 lowerbound=1 fileNameGp=../../cp2016-max-common-connected-subgraph-paper/datasets/graphsdb/mcs10/bvg/b09/mcs10_b09_s100.A00 fileNameGt=../../cp2016-max-common-connected-subgraph-paper/datasets/graphsdb/mcs10/bvg/b09/mcs10_b09_s100.B00
Reading graphs...
100 :  441
100 :  441
Initializing...
maxdom : 6
D->valSize : 322
Solving...
Blb : 2 (clique : 21)
currentSize : 21 <-- 0.002972 s
currentSize : 22 <-- 0.010338 s
currentSize : 23 <-- 0.021561 s
currentSize : 24 <-- 0.030477 s
currentSize : 25 <-- 0.216900 s
currentSize : 26 <-- 2.652236 s

TIMEOUT
maxsize : 26
nodes : 189695614.000000
filtered : 1376090110.000000
time : 1000.000061
