Parameters: GAD=1 vflib=1 dir=0 label=1 lowerbound=1 fileNameGp=../../cp2016-max-common-connected-subgraph-paper/datasets/graphsdb/mcs10/bvg/b03/mcs10_b03_s90.A04 fileNameGt=../../cp2016-max-common-connected-subgraph-paper/datasets/graphsdb/mcs10/bvg/b03/mcs10_b03_s90.B04
Reading graphs...
90 :  135
90 :  134
Initializing...
maxdom : 14
D->valSize : 508
Solving...
Blb : 2 (clique : 34)
currentSize : 34 <-- 0.005700 s
currentSize : 35 <-- 0.032044 s
currentSize : 36 <-- 0.123941 s
currentSize : 37 <-- 2.660795 s
currentSize : 38 <-- 70.549507 s
currentSize : 39 <-- 258.636169 s
currentSize : 40 <-- 284.456482 s

TIMEOUT
maxsize : 40
nodes : 246872471.000000
filtered : 1107645466.000000
time : 1000.000061
