Parameters: GAD=1 vflib=1 dir=0 label=1 lowerbound=1 fileNameGp=../../cp2016-max-common-connected-subgraph-paper/datasets/graphsdb/mcs10/m4D/m4Dr2/mcs10_m4Dr2_s100.A02 fileNameGt=../../cp2016-max-common-connected-subgraph-paper/datasets/graphsdb/mcs10/m4D/m4Dr2/mcs10_m4Dr2_s100.B02
Reading graphs...
100 :  176
100 :  176
Initializing...
maxdom : 10
D->valSize : 349
Solving...
Blb : 2 (clique : 32)
currentSize : 32 <-- 0.003554 s
currentSize : 33 <-- 0.003809 s
currentSize : 34 <-- 0.011360 s
currentSize : 35 <-- 0.138978 s
currentSize : 36 <-- 3.776563 s
currentSize : 37 <-- 34.562351 s
currentSize : 38 <-- 34.708355 s
currentSize : 39 <-- 37.492424 s

TIMEOUT
maxsize : 39
nodes : 270579502.000000
filtered : 514453702.000000
time : 1000.000122
