Parameters: GAD=1 vflib=1 dir=0 label=1 lowerbound=1 fileNameGp=../../cp2016-max-common-connected-subgraph-paper/datasets/graphsdb/mcs10/m2D/m2Dr6/mcs10_m2Dr6_s40.A07 fileNameGt=../../cp2016-max-common-connected-subgraph-paper/datasets/graphsdb/mcs10/m2D/m2Dr6/mcs10_m2Dr6_s40.B07
Reading graphs...
40 :  87
40 :  88
Initializing...
maxdom : 7
D->valSize : 202
Solving...
Blb : 2 (clique : 12)
currentSize : 12 <-- 0.001727 s
currentSize : 13 <-- 0.001922 s
currentSize : 14 <-- 0.008909 s
currentSize : 15 <-- 0.076509 s
currentSize : 16 <-- 0.140694 s
currentSize : 17 <-- 0.948109 s
currentSize : 18 <-- 9.856647 s

maxsize : 18
nodes : 4857309.000000
filtered : 34029477.000000
time : 14.729467
