Parameters: GAD=1 vflib=1 dir=0 label=1 lowerbound=1 fileNameGp=../../cp2016-max-common-connected-subgraph-paper/datasets/graphsdb/mcs10/bvg/b03m/mcs10_b03m_s40.A04 fileNameGt=../../cp2016-max-common-connected-subgraph-paper/datasets/graphsdb/mcs10/bvg/b03m/mcs10_b03m_s40.B04
Reading graphs...
40 :  59
40 :  59
Initializing...
maxdom : 10
D->valSize : 203
Solving...
Blb : 2 (clique : 13)
currentSize : 13 <-- 0.001075 s
currentSize : 14 <-- 0.003203 s
currentSize : 15 <-- 0.003270 s
currentSize : 16 <-- 0.068907 s
currentSize : 17 <-- 0.692044 s
currentSize : 18 <-- 1.073771 s
currentSize : 19 <-- 13.583759 s

maxsize : 19
nodes : 36054921.000000
filtered : 240767861.000000
time : 87.120102
