Parameters: GAD=1 vflib=1 dir=0 label=1 lowerbound=1 fileNameGp=../../cp2016-max-common-connected-subgraph-paper/datasets/graphsdb/mcs10/m2D/m2D/mcs10_m2D_s100.A03 fileNameGt=../../cp2016-max-common-connected-subgraph-paper/datasets/graphsdb/mcs10/m2D/m2D/mcs10_m2D_s100.B03
Reading graphs...
100 :  180
100 :  179
Initializing...
maxdom : 7
D->valSize : 321
Solving...
Blb : 2 (clique : 31)
currentSize : 31 <-- 0.003223 s
currentSize : 33 <-- 0.003436 s
currentSize : 34 <-- 0.032188 s
currentSize : 35 <-- 0.043937 s
currentSize : 36 <-- 10.744193 s
currentSize : 37 <-- 121.033485 s

TIMEOUT
maxsize : 37
nodes : 225810116.000000
filtered : 945183408.000000
time : 1000.000061
