Parameters: GAD=1 vflib=1 dir=0 label=1 lowerbound=1 fileNameGp=../../cp2016-max-common-connected-subgraph-paper/datasets/graphsdb/mcs10/bvg/b06/mcs10_b06_s90.A06 fileNameGt=../../cp2016-max-common-connected-subgraph-paper/datasets/graphsdb/mcs10/bvg/b06/mcs10_b06_s90.B06
Reading graphs...
90 :  267
90 :  267
Initializing...
maxdom : 10
D->valSize : 532
Solving...
Blb : 2 (clique : 24)
currentSize : 24 <-- 0.005896 s
currentSize : 25 <-- 0.006201 s
currentSize : 26 <-- 0.837656 s
currentSize : 27 <-- 0.840760 s
currentSize : 28 <-- 109.104362 s
currentSize : 29 <-- 198.556259 s
currentSize : 30 <-- 608.562744 s

TIMEOUT
maxsize : 30
nodes : 216481778.000000
filtered : 1554204385.000000
time : 1000.000000
