Parameters: GAD=1 vflib=1 dir=0 label=1 lowerbound=1 fileNameGp=../../cp2016-max-common-connected-subgraph-paper/datasets/graphsdb/mcs10/m3D/m3Dr2/mcs10_m3Dr2_s100.A06 fileNameGt=../../cp2016-max-common-connected-subgraph-paper/datasets/graphsdb/mcs10/m3D/m3Dr2/mcs10_m3Dr2_s100.B06
Reading graphs...
100 :  254
100 :  250
Initializing...
maxdom : 7
D->valSize : 329
Solving...
Blb : 2 (clique : 24)
currentSize : 24 <-- 0.003024 s
currentSize : 25 <-- 0.003446 s
currentSize : 26 <-- 1.224966 s
currentSize : 27 <-- 6.872904 s
currentSize : 28 <-- 7.195260 s
currentSize : 29 <-- 56.374226 s

TIMEOUT
maxsize : 29
nodes : 191396214.000000
filtered : 1196474291.000000
time : 1000.000000
