Parameters: GAD=1 vflib=1 dir=0 label=1 lowerbound=1 fileNameGp=../../cp2016-max-common-connected-subgraph-paper/datasets/graphsdb/mcs10/bvg/b03m/mcs10_b03m_s60.A02 fileNameGt=../../cp2016-max-common-connected-subgraph-paper/datasets/graphsdb/mcs10/bvg/b03m/mcs10_b03m_s60.B02
Reading graphs...
60 :  89
60 :  88
Initializing...
maxdom : 7
D->valSize : 222
Solving...
Blb : 2 (clique : 21)
currentSize : 21 <-- 0.002363 s
currentSize : 22 <-- 0.007211 s
currentSize : 23 <-- 0.087776 s
currentSize : 24 <-- 0.471308 s
currentSize : 25 <-- 1.096156 s
currentSize : 26 <-- 23.368143 s
currentSize : 27 <-- 49.449780 s

maxsize : 27
nodes : 55865303.000000
filtered : 293325884.000000
time : 190.723694
