Parameters: GAD=1 vflib=1 dir=0 label=1 lowerbound=1 fileNameGp=../../cp2016-max-common-connected-subgraph-paper/datasets/graphsdb/mcs10/bvg/b06m/mcs10_b06m_s80.A07 fileNameGt=../../cp2016-max-common-connected-subgraph-paper/datasets/graphsdb/mcs10/bvg/b06m/mcs10_b06m_s80.B07
Reading graphs...
80 :  238
80 :  234
Initializing...
maxdom : 9
D->valSize : 425
Solving...
Blb : 2 (clique : 23)
currentSize : 23 <-- 0.003951 s
currentSize : 24 <-- 0.161819 s
currentSize : 25 <-- 0.324100 s
currentSize : 26 <-- 11.111938 s
currentSize : 27 <-- 587.077637 s
currentSize : 28 <-- 966.331238 s

TIMEOUT
maxsize : 28
nodes : 218836221.000000
filtered : 1651024940.000000
time : 1000.000000
