Parameters: GAD=1 vflib=1 dir=0 label=1 lowerbound=1 fileNameGp=../../cp2016-max-common-connected-subgraph-paper/datasets/graphsdb/mcs10/m3D/m3Dr4/mcs10_m3Dr4_s60.A04 fileNameGt=../../cp2016-max-common-connected-subgraph-paper/datasets/graphsdb/mcs10/m3D/m3Dr4/mcs10_m3Dr4_s60.B04
Reading graphs...
60 :  156
60 :  157
Initializing...
maxdom : 7
D->valSize : 199
Solving...
Blb : 2 (clique : 14)
currentSize : 14 <-- 0.001280 s
currentSize : 15 <-- 0.001395 s
currentSize : 16 <-- 0.040291 s
currentSize : 17 <-- 2.862238 s
currentSize : 18 <-- 7.205792 s
currentSize : 19 <-- 7.333340 s
currentSize : 20 <-- 30.347250 s
currentSize : 21 <-- 44.016960 s

maxsize : 21
nodes : 19357744.000000
filtered : 109572253.000000
time : 65.862061
