Parameters: GAD=1 vflib=1 dir=0 label=1 lowerbound=1 fileNameGp=../../cp2016-max-common-connected-subgraph-paper/datasets/graphsdb/mcs10/m2D/m2Dr4/mcs10_m2Dr4_s100.A06 fileNameGt=../../cp2016-max-common-connected-subgraph-paper/datasets/graphsdb/mcs10/m2D/m2Dr4/mcs10_m2Dr4_s100.B06
Reading graphs...
100 :  217
100 :  219
Initializing...
maxdom : 8
D->valSize : 302
Solving...
Blb : 2 (clique : 26)
currentSize : 26 <-- 0.002766 s
currentSize : 27 <-- 0.002970 s
currentSize : 28 <-- 0.003375 s
currentSize : 29 <-- 0.345785 s
currentSize : 30 <-- 0.616481 s
currentSize : 31 <-- 0.980460 s
currentSize : 32 <-- 1.818259 s
currentSize : 33 <-- 2.023793 s
currentSize : 34 <-- 34.547272 s
currentSize : 35 <-- 185.305206 s

TIMEOUT
maxsize : 35
nodes : 202795881.000000
filtered : 1061017921.000000
time : 1000.000061
