Parameters: GAD=1 vflib=1 dir=0 label=1 lowerbound=1 fileNameGp=../../cp2016-max-common-connected-subgraph-paper/datasets/graphsdb/mcs10/m3D/m3Dr2/mcs10_m3Dr2_s70.A02 fileNameGt=../../cp2016-max-common-connected-subgraph-paper/datasets/graphsdb/mcs10/m3D/m3Dr2/mcs10_m3Dr2_s70.B02
Reading graphs...
70 :  170
70 :  171
Initializing...
maxdom : 7
D->valSize : 310
Solving...
Blb : 2 (clique : 21)
currentSize : 21 <-- 0.002503 s
currentSize : 22 <-- 0.003288 s
currentSize : 23 <-- 0.008479 s
currentSize : 24 <-- 0.022218 s
currentSize : 25 <-- 0.425964 s
currentSize : 26 <-- 0.430082 s
currentSize : 27 <-- 562.642639 s

TIMEOUT
maxsize : 27
nodes : 235724381.000000
filtered : 1747245375.000000
time : 1000.000061
