Parameters: GAD=1 vflib=1 dir=0 label=1 lowerbound=1 fileNameGp=../../cp2016-max-common-connected-subgraph-paper/datasets/graphsdb/mcs10/bvg/b06/mcs10_b06_s100.A03 fileNameGt=../../cp2016-max-common-connected-subgraph-paper/datasets/graphsdb/mcs10/bvg/b06/mcs10_b06_s100.B03
Reading graphs...
100 :  295
100 :  294
Initializing...
maxdom : 6
D->valSize : 325
Solving...
Blb : 2 (clique : 27)
currentSize : 27 <-- 0.003132 s
currentSize : 28 <-- 0.007335 s
currentSize : 29 <-- 0.091206 s
currentSize : 30 <-- 0.112276 s
currentSize : 31 <-- 0.179311 s
currentSize : 32 <-- 7.556030 s

TIMEOUT
maxsize : 32
nodes : 204276147.000000
filtered : 930954990.000000
time : 1000.000061
