Parameters: GAD=1 vflib=1 dir=0 label=1 lowerbound=1 fileNameGp=../../cp2016-max-common-connected-subgraph-paper/datasets/graphsdb/mcs10/bvg/b03/mcs10_b03_s60.A04 fileNameGt=../../cp2016-max-common-connected-subgraph-paper/datasets/graphsdb/mcs10/bvg/b03/mcs10_b03_s60.B04
Reading graphs...
60 :  89
60 :  90
Initializing...
maxdom : 9
D->valSize : 211
Solving...
Blb : 2 (clique : 19)
currentSize : 19 <-- 0.001565 s
currentSize : 20 <-- 0.001697 s
currentSize : 21 <-- 3.685889 s
currentSize : 22 <-- 4.061427 s
currentSize : 23 <-- 359.665833 s
currentSize : 24 <-- 776.089417 s
currentSize : 25 <-- 976.292175 s

TIMEOUT
maxsize : 25
nodes : 362246507.000000
filtered : 1917792310.000000
time : 1000.000000
