Parameters: GAD=1 vflib=1 dir=0 label=1 lowerbound=1 fileNameGp=../../cp2016-max-common-connected-subgraph-paper/datasets/graphsdb/mcs10/m2D/m2Dr6/mcs10_m2Dr6_s70.A09 fileNameGt=../../cp2016-max-common-connected-subgraph-paper/datasets/graphsdb/mcs10/m2D/m2Dr6/mcs10_m2Dr6_s70.B09
Reading graphs...
70 :  163
70 :  163
Initializing...
maxdom : 7
D->valSize : 286
Solving...
Blb : 5 (clique : 21)
currentSize : 21 <-- 0.003551 s
currentSize : 22 <-- 0.019478 s
currentSize : 23 <-- 2.885422 s
currentSize : 24 <-- 9.367398 s
currentSize : 25 <-- 423.554596 s
currentSize : 26 <-- 766.619507 s

TIMEOUT
maxsize : 26
nodes : 255027004.000000
filtered : 1489640603.000000
time : 1000.000061
