Parameters: GAD=1 vflib=1 dir=0 label=1 lowerbound=1 fileNameGp=../../cp2016-max-common-connected-subgraph-paper/datasets/graphsdb/mcs10/rand/r005/mcs10_r005_s70.A02 fileNameGt=../../cp2016-max-common-connected-subgraph-paper/datasets/graphsdb/mcs10/rand/r005/mcs10_r005_s70.B02
Reading graphs...
70 :  236
70 :  237
Initializing...
maxdom : 7
D->valSize : 336
Solving...
Blb : 2 (clique : 17)
currentSize : 17 <-- 0.004360 s
currentSize : 18 <-- 0.004551 s
currentSize : 19 <-- 0.008216 s
currentSize : 20 <-- 0.049349 s
currentSize : 21 <-- 0.077720 s
currentSize : 22 <-- 1.797112 s
currentSize : 23 <-- 135.061554 s

TIMEOUT
maxsize : 23
nodes : 210805670.000000
filtered : 1955512292.000000
time : 1000.000000
