Parameters: GAD=1 vflib=1 dir=0 label=1 lowerbound=1 fileNameGp=../../cp2016-max-common-connected-subgraph-paper/datasets/graphsdb/mcs10/m2D/m2Dr2/mcs10_m2Dr2_s100.A04 fileNameGt=../../cp2016-max-common-connected-subgraph-paper/datasets/graphsdb/mcs10/m2D/m2Dr2/mcs10_m2Dr2_s100.B04
Reading graphs...
100 :  198
100 :  198
Initializing...
maxdom : 9
D->valSize : 333
Solving...
Blb : 2 (clique : 32)
currentSize : 32 <-- 0.003329 s
currentSize : 33 <-- 0.237784 s
currentSize : 34 <-- 0.363259 s
currentSize : 35 <-- 1.406136 s
currentSize : 36 <-- 1.409440 s
currentSize : 37 <-- 6.998755 s
currentSize : 38 <-- 7.005305 s
currentSize : 39 <-- 68.172859 s

TIMEOUT
maxsize : 39
nodes : 211999757.000000
filtered : 923921974.000000
time : 1000.000061
