Parameters: GAD=1 vflib=1 dir=0 label=1 lowerbound=1 fileNameGp=../../cp2016-max-common-connected-subgraph-paper/datasets/graphsdb/mcs10/m2D/m2Dr4/mcs10_m2Dr4_s100.A00 fileNameGt=../../cp2016-max-common-connected-subgraph-paper/datasets/graphsdb/mcs10/m2D/m2Dr4/mcs10_m2Dr4_s100.B00
Reading graphs...
100 :  217
100 :  218
Initializing...
maxdom : 7
D->valSize : 307
Solving...
Blb : 2 (clique : 31)
currentSize : 31 <-- 0.002997 s
currentSize : 32 <-- 0.005027 s
currentSize : 33 <-- 0.005099 s
currentSize : 34 <-- 6.381294 s
currentSize : 35 <-- 12.295499 s
currentSize : 36 <-- 70.582268 s
currentSize : 37 <-- 399.503052 s
currentSize : 38 <-- 569.892273 s

TIMEOUT
maxsize : 38
nodes : 207485737.000000
filtered : 873607306.000000
time : 1000.000061
