Parameters: GAD=1 vflib=1 dir=0 label=1 lowerbound=1 fileNameGp=../../cp2016-max-common-connected-subgraph-paper/datasets/graphsdb/mcs10/m3D/m3Dr6/mcs10_m3Dr6_s60.A07 fileNameGt=../../cp2016-max-common-connected-subgraph-paper/datasets/graphsdb/mcs10/m3D/m3Dr6/mcs10_m3Dr6_s60.B07
Reading graphs...
60 :  166
60 :  164
Initializing...
maxdom : 8
D->valSize : 226
Solving...
Blb : 2 (clique : 15)
currentSize : 15 <-- 0.001573 s
currentSize : 16 <-- 0.001886 s
currentSize : 17 <-- 0.002782 s
currentSize : 18 <-- 0.551331 s
currentSize : 19 <-- 0.855511 s
currentSize : 20 <-- 28.927307 s
currentSize : 21 <-- 30.522480 s

maxsize : 21
nodes : 43065835.000000
filtered : 310060067.000000
time : 162.108124
