Parameters: GAD=1 vflib=1 dir=0 label=1 lowerbound=1 fileNameGp=../../cp2016-max-common-connected-subgraph-paper/datasets/graphsdb/mcs10/m3D/m3Dr6/mcs10_m3Dr6_s80.A08 fileNameGt=../../cp2016-max-common-connected-subgraph-paper/datasets/graphsdb/mcs10/m3D/m3Dr6/mcs10_m3Dr6_s80.B08
Reading graphs...
80 :  229
80 :  224
Initializing...
maxdom : 8
D->valSize : 403
Solving...
Blb : 2 (clique : 21)
currentSize : 21 <-- 0.006273 s
currentSize : 22 <-- 0.006690 s
currentSize : 23 <-- 0.081482 s
currentSize : 24 <-- 0.429116 s
currentSize : 25 <-- 3.879643 s
currentSize : 26 <-- 369.411133 s
currentSize : 27 <-- 828.356323 s

TIMEOUT
maxsize : 27
nodes : 244135838.000000
filtered : 1246349259.000000
time : 1000.000000
