Parameters: GAD=1 vflib=1 dir=0 label=1 lowerbound=1 fileNameGp=../../cp2016-max-common-connected-subgraph-paper/datasets/graphsdb/mcs10/m2D/m2Dr2/mcs10_m2Dr2_s70.A03 fileNameGt=../../cp2016-max-common-connected-subgraph-paper/datasets/graphsdb/mcs10/m2D/m2Dr2/mcs10_m2Dr2_s70.B03
Reading graphs...
70 :  136
70 :  136
Initializing...
maxdom : 8
D->valSize : 329
Solving...
Blb : 2 (clique : 22)
currentSize : 22 <-- 0.004511 s
currentSize : 23 <-- 115.943626 s
currentSize : 24 <-- 673.922852 s
currentSize : 25 <-- 674.082520 s
currentSize : 26 <-- 674.720215 s
currentSize : 27 <-- 827.413330 s

TIMEOUT
maxsize : 27
nodes : 280209608.000000
filtered : 1237538140.000000
time : 1000.000061
