Parameters: GAD=1 vflib=1 dir=0 label=1 lowerbound=1 fileNameGp=../../cp2016-max-common-connected-subgraph-paper/datasets/graphsdb/mcs10/rand/r005/mcs10_r005_s100.A07 fileNameGt=../../cp2016-max-common-connected-subgraph-paper/datasets/graphsdb/mcs10/rand/r005/mcs10_r005_s100.B07
Reading graphs...
100 :  490
100 :  492
Initializing...
maxdom : 7
D->valSize : 321
Solving...
Blb : 2 (clique : 18)
currentSize : 18 <-- 0.003061 s
currentSize : 19 <-- 0.003240 s
currentSize : 20 <-- 0.013954 s
currentSize : 21 <-- 5.704405 s
currentSize : 22 <-- 7.420198 s
currentSize : 23 <-- 52.251568 s

TIMEOUT
maxsize : 23
nodes : 195589693.000000
filtered : 1346072514.000000
time : 1000.000000
