Parameters: GAD=1 vflib=1 dir=0 label=1 lowerbound=1 fileNameGp=../../cp2016-max-common-connected-subgraph-paper/datasets/graphsdb/mcs10/bvg/b06m/mcs10_b06m_s100.A00 fileNameGt=../../cp2016-max-common-connected-subgraph-paper/datasets/graphsdb/mcs10/bvg/b06m/mcs10_b06m_s100.B00
Reading graphs...
100 :  293
100 :  294
Initializing...
maxdom : 7
D->valSize : 292
Solving...
Blb : 2 (clique : 24)
currentSize : 24 <-- 0.002719 s
currentSize : 25 <-- 0.096523 s
currentSize : 26 <-- 0.235900 s
currentSize : 27 <-- 0.426437 s
currentSize : 28 <-- 36.151630 s
currentSize : 29 <-- 182.776993 s
currentSize : 30 <-- 391.776367 s
currentSize : 31 <-- 599.146973 s

TIMEOUT
maxsize : 31
nodes : 204059962.000000
filtered : 879428400.000000
time : 1000.000061
