Parameters: GAD=1 vflib=1 dir=0 label=1 lowerbound=1 fileNameGp=../../cp2016-max-common-connected-subgraph-paper/datasets/graphsdb/mcs10/m2D/m2Dr6/mcs10_m2Dr6_s100.A02 fileNameGt=../../cp2016-max-common-connected-subgraph-paper/datasets/graphsdb/mcs10/m2D/m2Dr6/mcs10_m2Dr6_s100.B02
Reading graphs...
100 :  238
100 :  236
Initializing...
maxdom : 7
D->valSize : 321
Solving...
Blb : 2 (clique : 29)
currentSize : 29 <-- 0.003335 s
currentSize : 30 <-- 0.009320 s
currentSize : 31 <-- 0.011408 s
currentSize : 32 <-- 0.219350 s
currentSize : 33 <-- 0.806589 s
currentSize : 34 <-- 2.267945 s
currentSize : 35 <-- 48.694798 s

TIMEOUT
maxsize : 35
nodes : 216357687.000000
filtered : 769833872.000000
time : 1000.000061
