Parameters: GAD=1 vflib=1 dir=0 label=1 lowerbound=1 fileNameGp=../../cp2016-max-common-connected-subgraph-paper/datasets/graphsdb/mcs10/m2D/m2Dr4/mcs10_m2Dr4_s60.A05 fileNameGt=../../cp2016-max-common-connected-subgraph-paper/datasets/graphsdb/mcs10/m2D/m2Dr4/mcs10_m2Dr4_s60.B05
Reading graphs...
60 :  124
60 :  127
Initializing...
maxdom : 8
D->valSize : 238
Solving...
Blb : 2 (clique : 17)
currentSize : 17 <-- 0.001669 s
currentSize : 18 <-- 0.003498 s
currentSize : 19 <-- 0.407791 s
currentSize : 20 <-- 0.626890 s
currentSize : 21 <-- 3.728250 s
currentSize : 22 <-- 46.622421 s

TIMEOUT
maxsize : 22
nodes : 286569130.000000
filtered : 1825455178.000000
time : 1000.000000
