Parameters: GAD=1 vflib=1 dir=0 label=1 lowerbound=1 fileNameGp=../../cp2016-max-common-connected-subgraph-paper/datasets/graphsdb/mcs10/rand/r01/mcs10_r01_s70.A04 fileNameGt=../../cp2016-max-common-connected-subgraph-paper/datasets/graphsdb/mcs10/rand/r01/mcs10_r01_s70.B04
Reading graphs...
70 :  462
70 :  458
Initializing...
maxdom : 6
D->valSize : 300
Solving...
Blb : 2 (clique : 8)
currentSize : 8 <-- 0.003310 s
currentSize : 10 <-- 0.003561 s
currentSize : 11 <-- 0.003898 s
currentSize : 12 <-- 0.009812 s
currentSize : 13 <-- 0.020778 s
currentSize : 14 <-- 0.782690 s
currentSize : 15 <-- 2.244480 s
currentSize : 16 <-- 16.732904 s

maxsize : 16
nodes : 6288693.000000
filtered : 56313682.000000
time : 28.232834
