Parameters: GAD=1 vflib=1 dir=0 label=1 lowerbound=1 fileNameGp=../../cp2016-max-common-connected-subgraph-paper/datasets/graphsdb/mcs10/m3D/m3Dr4/mcs10_m3Dr4_s100.A06 fileNameGt=../../cp2016-max-common-connected-subgraph-paper/datasets/graphsdb/mcs10/m3D/m3Dr4/mcs10_m3Dr4_s100.B06
Reading graphs...
100 :  271
100 :  270
Initializing...
maxdom : 8
D->valSize : 325
Solving...
Blb : 2 (clique : 26)
currentSize : 26 <-- 0.003171 s
currentSize : 27 <-- 0.003944 s
currentSize : 28 <-- 0.101886 s
currentSize : 29 <-- 20.737329 s
currentSize : 30 <-- 36.045940 s
currentSize : 31 <-- 210.173965 s

TIMEOUT
maxsize : 31
nodes : 205023793.000000
filtered : 967508584.000000
time : 1000.000061
