Parameters: GAD=1 vflib=1 dir=0 label=1 lowerbound=1 fileNameGp=../../cp2016-max-common-connected-subgraph-paper/datasets/graphsdb/mcs10/m2D/m2D/mcs10_m2D_s80.A04 fileNameGt=../../cp2016-max-common-connected-subgraph-paper/datasets/graphsdb/mcs10/m2D/m2D/mcs10_m2D_s80.B04
Reading graphs...
80 :  140
80 :  141
Initializing...
maxdom : 13
D->valSize : 408
Solving...
Blb : 2 (clique : 26)
currentSize : 26 <-- 0.003793 s
currentSize : 27 <-- 0.003974 s
currentSize : 28 <-- 0.137965 s
currentSize : 29 <-- 0.269559 s
currentSize : 30 <-- 8.684169 s
currentSize : 31 <-- 21.539560 s
currentSize : 32 <-- 63.654171 s

TIMEOUT
maxsize : 32
nodes : 224027228.000000
filtered : 1620596557.000000
time : 1000.000000
