Parameters: GAD=1 vflib=1 dir=0 label=1 lowerbound=1 fileNameGp=../../cp2016-max-common-connected-subgraph-paper/datasets/graphsdb/mcs10/bvg/b06/mcs10_b06_s80.A02 fileNameGt=../../cp2016-max-common-connected-subgraph-paper/datasets/graphsdb/mcs10/bvg/b06/mcs10_b06_s80.B02
Reading graphs...
80 :  235
80 :  234
Initializing...
maxdom : 9
D->valSize : 372
Solving...
Blb : 2 (clique : 20)
currentSize : 20 <-- 0.003411 s
currentSize : 21 <-- 0.016878 s
currentSize : 22 <-- 0.639073 s
currentSize : 23 <-- 4.027356 s
currentSize : 24 <-- 73.553207 s
currentSize : 25 <-- 145.971283 s
currentSize : 26 <-- 147.256607 s
currentSize : 27 <-- 827.245850 s

TIMEOUT
maxsize : 27
nodes : 224473126.000000
filtered : 1838980626.000000
time : 1000.000000
