Parameters: GAD=1 vflib=1 dir=0 label=1 lowerbound=1 fileNameGp=../../cp2016-max-common-connected-subgraph-paper/datasets/graphsdb/mcs10/m2D/m2D/mcs10_m2D_s100.A04 fileNameGt=../../cp2016-max-common-connected-subgraph-paper/datasets/graphsdb/mcs10/m2D/m2D/mcs10_m2D_s100.B04
Reading graphs...
100 :  178
100 :  179
Initializing...
maxdom : 8
D->valSize : 335
Solving...
Blb : 5 (clique : 33)
currentSize : 33 <-- 0.003462 s
currentSize : 34 <-- 0.004513 s
currentSize : 35 <-- 0.004695 s
currentSize : 36 <-- 0.361389 s
currentSize : 37 <-- 3.302312 s
currentSize : 38 <-- 270.116302 s

TIMEOUT
maxsize : 38
nodes : 216660051.000000
filtered : 969772246.000000
time : 1000.000122
