Parameters: GAD=1 vflib=1 dir=0 label=1 lowerbound=1 fileNameGp=../../cp2016-max-common-connected-subgraph-paper/datasets/graphsdb/mcs10/rand/r01/mcs10_r01_s100.A06 fileNameGt=../../cp2016-max-common-connected-subgraph-paper/datasets/graphsdb/mcs10/rand/r01/mcs10_r01_s100.B06
Reading graphs...
100 :  939
100 :  935
Initializing...
maxdom : 8
D->valSize : 342
Solving...
Blb : 2 (clique : 12)
currentSize : 12 <-- 0.003129 s
currentSize : 13 <-- 0.003719 s
currentSize : 14 <-- 0.004564 s
currentSize : 15 <-- 0.022356 s
currentSize : 16 <-- 0.789495 s
currentSize : 17 <-- 8.961749 s

maxsize : 17
nodes : 39032023.000000
filtered : 345952384.000000
time : 216.328430
