Parameters: GAD=1 vflib=1 dir=0 label=1 lowerbound=1 fileNameGp=../../cp2016-max-common-connected-subgraph-paper/datasets/graphsdb/mcs10/bvg/b06/mcs10_b06_s90.A09 fileNameGt=../../cp2016-max-common-connected-subgraph-paper/datasets/graphsdb/mcs10/bvg/b06/mcs10_b06_s90.B09
Reading graphs...
90 :  265
90 :  264
Initializing...
maxdom : 8
D->valSize : 506
Solving...
Blb : 2 (clique : 23)
currentSize : 23 <-- 0.005523 s
currentSize : 24 <-- 0.005970 s
currentSize : 25 <-- 2.215645 s
currentSize : 26 <-- 3.527644 s
currentSize : 27 <-- 10.721402 s
currentSize : 28 <-- 40.978870 s
currentSize : 29 <-- 69.678055 s

TIMEOUT
maxsize : 29
nodes : 212000068.000000
filtered : 1448119366.000000
time : 1000.000061
