Parameters: GAD=1 vflib=1 dir=0 label=1 lowerbound=1 fileNameGp=../../cp2016-max-common-connected-subgraph-paper/datasets/graphsdb/mcs10/rand/r005/mcs10_r005_s80.A04 fileNameGt=../../cp2016-max-common-connected-subgraph-paper/datasets/graphsdb/mcs10/rand/r005/mcs10_r005_s80.B04
Reading graphs...
80 :  317
80 :  312
Initializing...
maxdom : 8
D->valSize : 417
Solving...
Blb : 5 (clique : 19)
currentSize : 19 <-- 0.006061 s
currentSize : 20 <-- 0.006828 s
currentSize : 21 <-- 0.046015 s
currentSize : 22 <-- 1.201078 s
currentSize : 23 <-- 3.734454 s
currentSize : 24 <-- 852.332642 s

TIMEOUT
maxsize : 24
nodes : 213051424.000000
filtered : 1734529301.000000
time : 1000.000061
