Parameters: GAD=1 vflib=1 dir=0 label=1 lowerbound=1 fileNameGp=../../cp2016-max-common-connected-subgraph-paper/datasets/graphsdb/mcs10/bvg/b03/mcs10_b03_s60.A07 fileNameGt=../../cp2016-max-common-connected-subgraph-paper/datasets/graphsdb/mcs10/bvg/b03/mcs10_b03_s60.B07
Reading graphs...
60 :  90
60 :  90
Initializing...
maxdom : 8
D->valSize : 249
Solving...
Blb : 2 (clique : 22)
currentSize : 22 <-- 0.001716 s
currentSize : 23 <-- 0.287774 s
currentSize : 24 <-- 0.805322 s
currentSize : 25 <-- 1.260677 s
currentSize : 26 <-- 2.359097 s
currentSize : 27 <-- 57.654308 s

maxsize : 27
nodes : 184438705.000000
filtered : 1451428376.000000
time : 706.900208
