Parameters: GAD=1 vflib=1 dir=0 label=1 lowerbound=1 fileNameGp=../../cp2016-max-common-connected-subgraph-paper/datasets/graphsdb/mcs10/m3D/m3Dr4/mcs10_m3Dr4_s70.A09 fileNameGt=../../cp2016-max-common-connected-subgraph-paper/datasets/graphsdb/mcs10/m3D/m3Dr4/mcs10_m3Dr4_s70.B09
Reading graphs...
70 :  179
70 :  183
Initializing...
maxdom : 8
D->valSize : 318
Solving...
Blb : 5 (clique : 18)
currentSize : 18 <-- 0.003901 s
currentSize : 19 <-- 0.006207 s
currentSize : 20 <-- 0.320372 s
currentSize : 21 <-- 0.818738 s
currentSize : 22 <-- 2.187671 s
currentSize : 23 <-- 3.810449 s
currentSize : 24 <-- 12.086750 s

TIMEOUT
maxsize : 24
nodes : 263302074.000000
filtered : 1646758755.000000
time : 1000.000061
