Parameters: GAD=1 vflib=1 dir=0 label=1 lowerbound=1 fileNameGp=../../cp2016-max-common-connected-subgraph-paper/datasets/graphsdb/mcs10/m3D/m3Dr4/mcs10_m3Dr4_s90.A07 fileNameGt=../../cp2016-max-common-connected-subgraph-paper/datasets/graphsdb/mcs10/m3D/m3Dr4/mcs10_m3Dr4_s90.B07
Reading graphs...
90 :  239
90 :  240
Initializing...
maxdom : 9
D->valSize : 535
Solving...
Blb : 2 (clique : 24)
currentSize : 24 <-- 0.006062 s
currentSize : 25 <-- 0.006254 s
currentSize : 26 <-- 0.008394 s
currentSize : 27 <-- 0.020623 s
currentSize : 28 <-- 0.028263 s
currentSize : 29 <-- 0.190497 s
currentSize : 30 <-- 134.346222 s
currentSize : 31 <-- 428.073792 s

TIMEOUT
maxsize : 31
nodes : 236957663.000000
filtered : 1354619330.000000
time : 1000.000061
