Parameters: GAD=1 vflib=1 dir=0 label=1 lowerbound=1 fileNameGp=../../cp2016-max-common-connected-subgraph-paper/datasets/graphsdb/mcs10/m2D/m2Dr6/mcs10_m2Dr6_s50.A03 fileNameGt=../../cp2016-max-common-connected-subgraph-paper/datasets/graphsdb/mcs10/m2D/m2Dr6/mcs10_m2Dr6_s50.B03
Reading graphs...
50 :  111
50 :  109
Initializing...
maxdom : 9
D->valSize : 333
Solving...
Blb : 2 (clique : 15)
currentSize : 15 <-- 0.003782 s
currentSize : 16 <-- 0.003938 s
currentSize : 17 <-- 1.418038 s
currentSize : 18 <-- 2.005011 s
currentSize : 19 <-- 32.418247 s
currentSize : 20 <-- 456.100800 s

maxsize : 20
nodes : 184852183.000000
filtered : 2325996615.000000
time : 743.356567
