Parameters: GAD=1 vflib=1 dir=0 label=1 lowerbound=1 fileNameGp=../../cp2016-max-common-connected-subgraph-paper/datasets/graphsdb/mcs10/m2D/m2Dr4/mcs10_m2Dr4_s100.A04 fileNameGt=../../cp2016-max-common-connected-subgraph-paper/datasets/graphsdb/mcs10/m2D/m2Dr4/mcs10_m2Dr4_s100.B04
Reading graphs...
100 :  217
100 :  216
Initializing...
maxdom : 8
D->valSize : 294
Solving...
Blb : 2 (clique : 29)
currentSize : 29 <-- 0.004433 s
currentSize : 30 <-- 0.006031 s
currentSize : 31 <-- 0.006236 s
currentSize : 32 <-- 0.007100 s
currentSize : 33 <-- 0.161273 s
currentSize : 34 <-- 22.099514 s
currentSize : 35 <-- 74.126358 s

TIMEOUT
maxsize : 35
nodes : 223061550.000000
filtered : 853178509.000000
time : 1000.000061
