Parameters: GAD=1 vflib=1 dir=0 label=1 lowerbound=1 fileNameGp=../../cp2016-max-common-connected-subgraph-paper/datasets/graphsdb/mcs30/m3D/m3Dr6/mcs30_m3Dr6_s80.A04 fileNameGt=../../cp2016-max-common-connected-subgraph-paper/datasets/graphsdb/mcs30/m3D/m3Dr6/mcs30_m3Dr6_s80.B04
Reading graphs...
80 :  230
80 :  228
Initializing...
maxdom : 9
D->valSize : 458
Solving...
Blb : 2 (clique : 22)
currentSize : 22 <-- 0.004518 s
currentSize : 23 <-- 0.005690 s
currentSize : 24 <-- 0.006484 s
currentSize : 25 <-- 19.114073 s
currentSize : 26 <-- 30.058971 s
currentSize : 27 <-- 47.502014 s
currentSize : 28 <-- 826.775269 s

TIMEOUT
maxsize : 28
nodes : 214713591.000000
filtered : 1415242591.000000
time : 1000.000000
