Parameters: GAD=1 vflib=1 dir=0 label=1 lowerbound=1 fileNameGp=../../cp2016-max-common-connected-subgraph-paper/datasets/graphsdb/mcs30/rand/r005/mcs30_r005_s50.A06 fileNameGt=../../cp2016-max-common-connected-subgraph-paper/datasets/graphsdb/mcs30/rand/r005/mcs30_r005_s50.B06
Reading graphs...
50 :  123
50 :  123
Initializing...
maxdom : 10
D->valSize : 321
Solving...
Blb : 2 (clique : 15)
currentSize : 15 <-- 0.002206 s
currentSize : 16 <-- 0.002405 s
currentSize : 17 <-- 0.076195 s
currentSize : 18 <-- 0.425476 s
currentSize : 19 <-- 1.004616 s
currentSize : 20 <-- 1.079271 s
currentSize : 21 <-- 76.804985 s
currentSize : 22 <-- 76.930847 s

maxsize : 22
nodes : 43284734.000000
filtered : 485403295.000000
time : 174.410477
