Parameters: GAD=1 vflib=1 dir=0 label=1 lowerbound=1 fileNameGp=../../cp2016-max-common-connected-subgraph-paper/datasets/graphsdb/mcs30/bvg/b06m/mcs30_b06m_s60.A02 fileNameGt=../../cp2016-max-common-connected-subgraph-paper/datasets/graphsdb/mcs30/bvg/b06m/mcs30_b06m_s60.B02
Reading graphs...
60 :  178
60 :  176
Initializing...
maxdom : 6
D->valSize : 228
Solving...
Blb : 2 (clique : 16)
currentSize : 16 <-- 0.001557 s
currentSize : 17 <-- 0.001651 s
currentSize : 18 <-- 0.001692 s
currentSize : 19 <-- 0.024055 s
currentSize : 20 <-- 0.078208 s
currentSize : 21 <-- 0.394333 s
currentSize : 22 <-- 3.437178 s
currentSize : 23 <-- 4.286726 s
currentSize : 24 <-- 10.324771 s

maxsize : 24
nodes : 4075737.000000
filtered : 35682484.000000
time : 18.296680
