Parameters: GAD=1 vflib=1 dir=0 label=1 lowerbound=1 fileNameGp=../../cp2016-max-common-connected-subgraph-paper/datasets/graphsdb/mcs30/m4D/m4Dr6/mcs30_m4Dr6_s60.A00 fileNameGt=../../cp2016-max-common-connected-subgraph-paper/datasets/graphsdb/mcs30/m4D/m4Dr6/mcs30_m4Dr6_s60.B00
Reading graphs...
60 :  136
60 :  135
Initializing...
maxdom : 6
D->valSize : 232
Solving...
Blb : 2 (clique : 19)
currentSize : 19 <-- 0.001840 s
currentSize : 20 <-- 0.064840 s
currentSize : 21 <-- 0.087712 s
currentSize : 22 <-- 1.388014 s
currentSize : 23 <-- 16.229504 s
currentSize : 24 <-- 74.309669 s
currentSize : 25 <-- 294.662476 s

maxsize : 25
nodes : 92952026.000000
filtered : 538082098.000000
time : 348.543304
