Parameters: GAD=1 vflib=1 dir=0 label=1 lowerbound=1 fileNameGp=../../cp2016-max-common-connected-subgraph-paper/datasets/graphsdb/mcs30/rand/r005/mcs30_r005_s100.A01 fileNameGt=../../cp2016-max-common-connected-subgraph-paper/datasets/graphsdb/mcs30/rand/r005/mcs30_r005_s100.B01
Reading graphs...
100 :  480
100 :  476
Initializing...
maxdom : 9
D->valSize : 347
Solving...
Blb : 2 (clique : 20)
currentSize : 20 <-- 0.003256 s
currentSize : 21 <-- 0.003553 s
currentSize : 22 <-- 0.004416 s
currentSize : 23 <-- 0.079503 s
currentSize : 24 <-- 0.137591 s
currentSize : 25 <-- 0.200216 s
currentSize : 26 <-- 0.224272 s
currentSize : 27 <-- 39.240513 s
currentSize : 28 <-- 39.254807 s
currentSize : 29 <-- 47.314915 s
currentSize : 30 <-- 441.918091 s
currentSize : 31 <-- 548.907532 s

TIMEOUT
maxsize : 31
nodes : 170877643.000000
filtered : 1365834999.000000
time : 1000.000061
