Parameters: GAD=1 vflib=1 dir=0 label=1 lowerbound=1 fileNameGp=../../cp2016-max-common-connected-subgraph-paper/datasets/graphsdb/mcs30/m4D/m4Dr6/mcs30_m4Dr6_s60.A09 fileNameGt=../../cp2016-max-common-connected-subgraph-paper/datasets/graphsdb/mcs30/m4D/m4Dr6/mcs30_m4Dr6_s60.B09
Reading graphs...
60 :  135
60 :  135
Initializing...
maxdom : 8
D->valSize : 256
Solving...
Blb : 3 (clique : 20)
currentSize : 20 <-- 0.002908 s
currentSize : 21 <-- 33.023354 s
currentSize : 22 <-- 58.208801 s
currentSize : 23 <-- 128.966049 s
currentSize : 24 <-- 160.531616 s
currentSize : 25 <-- 203.857864 s

maxsize : 25
nodes : 59788109.000000
filtered : 450450359.000000
time : 215.796005
