Parameters: GAD=1 vflib=1 dir=0 label=1 lowerbound=1 fileNameGp=../../cp2016-max-common-connected-subgraph-paper/datasets/graphsdb/mcs30/m2D/m2Dr6/mcs30_m2Dr6_s100.A08 fileNameGt=../../cp2016-max-common-connected-subgraph-paper/datasets/graphsdb/mcs30/m2D/m2Dr6/mcs30_m2Dr6_s100.B08
Reading graphs...
100 :  233
100 :  231
Initializing...
maxdom : 8
D->valSize : 325
Solving...
Blb : 5 (clique : 29)
currentSize : 29 <-- 0.003155 s
currentSize : 30 <-- 0.021558 s
currentSize : 31 <-- 0.026189 s
currentSize : 32 <-- 1.623206 s
currentSize : 33 <-- 8.192678 s
currentSize : 34 <-- 252.566223 s
currentSize : 35 <-- 260.999146 s

TIMEOUT
maxsize : 35
nodes : 198295557.000000
filtered : 1000085331.000000
time : 1000.000061
