Parameters: GAD=1 vflib=1 dir=0 label=1 lowerbound=1 fileNameGp=../../cp2016-max-common-connected-subgraph-paper/datasets/graphsdb/mcs30/m3D/m3D/mcs30_m3D_s90.A02 fileNameGt=../../cp2016-max-common-connected-subgraph-paper/datasets/graphsdb/mcs30/m3D/m3D/mcs30_m3D_s90.B02
Reading graphs...
90 :  208
90 :  207
Initializing...
maxdom : 10
D->valSize : 499
Solving...
Blb : 2 (clique : 25)
currentSize : 25 <-- 0.005295 s
currentSize : 26 <-- 0.005476 s
currentSize : 27 <-- 0.010399 s
currentSize : 28 <-- 6.886353 s
currentSize : 29 <-- 37.325939 s
currentSize : 30 <-- 54.166256 s

TIMEOUT
maxsize : 30
nodes : 235669513.000000
filtered : 1308924601.000000
time : 1000.000000
