Parameters: GAD=1 vflib=1 dir=0 label=1 lowerbound=1 fileNameGp=../../cp2016-max-common-connected-subgraph-paper/datasets/graphsdb/mcs30/bvg/b09m/mcs30_b09m_s80.A01 fileNameGt=../../cp2016-max-common-connected-subgraph-paper/datasets/graphsdb/mcs30/bvg/b09m/mcs30_b09m_s80.B01
Reading graphs...
80 :  354
80 :  353
Initializing...
maxdom : 9
D->valSize : 435
Solving...
Blb : 2 (clique : 18)
currentSize : 18 <-- 0.006569 s
currentSize : 19 <-- 0.021300 s
currentSize : 20 <-- 0.130920 s
currentSize : 21 <-- 4.954721 s
currentSize : 22 <-- 10.374348 s
currentSize : 23 <-- 882.414917 s
currentSize : 24 <-- 882.415100 s

TIMEOUT
maxsize : 24
nodes : 205749090.000000
filtered : 2039049286.000000
time : 1000.000061
