Parameters: GAD=1 vflib=1 dir=0 label=1 lowerbound=1 fileNameGp=../../cp2016-max-common-connected-subgraph-paper/datasets/graphsdb/mcs30/m2D/m2Dr2/mcs30_m2Dr2_s60.A09 fileNameGt=../../cp2016-max-common-connected-subgraph-paper/datasets/graphsdb/mcs30/m2D/m2Dr2/mcs30_m2Dr2_s60.B09
Reading graphs...
60 :  116
60 :  115
Initializing...
maxdom : 8
D->valSize : 288
Solving...
Blb : 2 (clique : 20)
currentSize : 20 <-- 0.002070 s
currentSize : 21 <-- 0.191088 s
currentSize : 22 <-- 0.466876 s
currentSize : 23 <-- 6.418417 s
currentSize : 24 <-- 8.247166 s
currentSize : 25 <-- 87.983543 s

TIMEOUT
maxsize : 25
nodes : 249185270.000000
filtered : 2302065582.000000
time : 1000.000000
