Parameters: GAD=1 vflib=1 dir=0 label=1 lowerbound=1 fileNameGp=../../cp2016-max-common-connected-subgraph-paper/datasets/graphsdb/mcs30/m3D/m3Dr6/mcs30_m3Dr6_s80.A01 fileNameGt=../../cp2016-max-common-connected-subgraph-paper/datasets/graphsdb/mcs30/m3D/m3Dr6/mcs30_m3Dr6_s80.B01
Reading graphs...
80 :  227
80 :  227
Initializing...
maxdom : 9
D->valSize : 433
Solving...
Blb : 2 (clique : 22)
currentSize : 22 <-- 0.006878 s
currentSize : 23 <-- 0.007157 s
currentSize : 24 <-- 0.023508 s
currentSize : 25 <-- 0.089356 s
currentSize : 26 <-- 0.225747 s
currentSize : 27 <-- 3.023314 s
currentSize : 28 <-- 3.024996 s
currentSize : 29 <-- 14.083628 s
currentSize : 30 <-- 308.570923 s
currentSize : 31 <-- 419.787476 s

TIMEOUT
maxsize : 31
nodes : 199688382.000000
filtered : 1767348117.000000
time : 1000.000061
