Parameters: GAD=1 vflib=1 dir=0 label=1 lowerbound=1 fileNameGp=../../cp2016-max-common-connected-subgraph-paper/datasets/graphsdb/mcs30/bvg/b06m/mcs30_b06m_s70.A04 fileNameGt=../../cp2016-max-common-connected-subgraph-paper/datasets/graphsdb/mcs30/bvg/b06m/mcs30_b06m_s70.B04
Reading graphs...
70 :  205
70 :  206
Initializing...
maxdom : 9
D->valSize : 316
Solving...
Blb : 2 (clique : 17)
currentSize : 17 <-- 0.002510 s
currentSize : 18 <-- 0.002636 s
currentSize : 19 <-- 0.242651 s
currentSize : 20 <-- 14.099901 s
currentSize : 21 <-- 18.071571 s
currentSize : 22 <-- 154.005859 s
currentSize : 23 <-- 358.833984 s

TIMEOUT
maxsize : 23
nodes : 248528210.000000
filtered : 1762566446.000000
time : 1000.000000
