Parameters: GAD=1 vflib=1 dir=0 label=1 lowerbound=1 fileNameGp=../../cp2016-max-common-connected-subgraph-paper/datasets/graphsdb/mcs30/m2D/m2Dr2/mcs30_m2Dr2_s60.A00 fileNameGt=../../cp2016-max-common-connected-subgraph-paper/datasets/graphsdb/mcs30/m2D/m2Dr2/mcs30_m2Dr2_s60.B00
Reading graphs...
60 :  114
60 :  114
Initializing...
maxdom : 9
D->valSize : 288
Solving...
Blb : 2 (clique : 20)
currentSize : 20 <-- 0.002235 s
currentSize : 22 <-- 0.002353 s
currentSize : 23 <-- 0.093112 s
currentSize : 24 <-- 0.093152 s
currentSize : 25 <-- 18.339300 s
currentSize : 26 <-- 549.658020 s

TIMEOUT
maxsize : 26
nodes : 230782098.000000
filtered : 1961219289.000000
time : 1000.000000
