Parameters: GAD=1 vflib=1 dir=0 label=1 lowerbound=1 fileNameGp=../../cp2016-max-common-connected-subgraph-paper/datasets/graphsdb/mcs30/bvg/b06m/mcs30_b06m_s50.A02 fileNameGt=../../cp2016-max-common-connected-subgraph-paper/datasets/graphsdb/mcs30/bvg/b06m/mcs30_b06m_s50.B02
Reading graphs...
50 :  145
50 :  147
Initializing...
maxdom : 9
D->valSize : 314
Solving...
Blb : 2 (clique : 13)
currentSize : 13 <-- 0.002102 s
currentSize : 14 <-- 0.002228 s
currentSize : 15 <-- 0.002795 s
currentSize : 16 <-- 0.027847 s
currentSize : 17 <-- 1.045057 s
currentSize : 19 <-- 14.826698 s
currentSize : 20 <-- 14.826758 s
currentSize : 21 <-- 14.834507 s

maxsize : 21
nodes : 23999671.000000
filtered : 335936582.000000
time : 104.226898
