Parameters: GAD=1 vflib=1 dir=0 label=1 lowerbound=1 fileNameGp=../../cp2016-max-common-connected-subgraph-paper/datasets/graphsdb/mcs30/m4D/m4Dr6/mcs30_m4Dr6_s60.A04 fileNameGt=../../cp2016-max-common-connected-subgraph-paper/datasets/graphsdb/mcs30/m4D/m4Dr6/mcs30_m4Dr6_s60.B04
Reading graphs...
60 :  135
60 :  137
Initializing...
maxdom : 8
D->valSize : 234
Solving...
Blb : 2 (clique : 18)
currentSize : 18 <-- 0.001626 s
currentSize : 19 <-- 0.003354 s
currentSize : 20 <-- 0.009366 s
currentSize : 21 <-- 0.010809 s
currentSize : 22 <-- 0.187570 s
currentSize : 23 <-- 6.132041 s
currentSize : 24 <-- 6.135737 s
currentSize : 25 <-- 30.643665 s

maxsize : 25
nodes : 19026021.000000
filtered : 140026477.000000
time : 75.901169
