Parameters: GAD=1 vflib=1 dir=0 label=1 lowerbound=1 fileNameGp=../../cp2016-max-common-connected-subgraph-paper/datasets/graphsdb/mcs30/bvg/b09/mcs30_b09_s80.A08 fileNameGt=../../cp2016-max-common-connected-subgraph-paper/datasets/graphsdb/mcs30/bvg/b09/mcs30_b09_s80.B08
Reading graphs...
80 :  355
80 :  354
Initializing...
maxdom : 11
D->valSize : 409
Solving...
Blb : 2 (clique : 17)
currentSize : 17 <-- 0.003685 s
currentSize : 18 <-- 0.003816 s
currentSize : 20 <-- 0.004265 s
currentSize : 21 <-- 0.179676 s
currentSize : 22 <-- 0.180002 s
currentSize : 23 <-- 8.110648 s

TIMEOUT
maxsize : 23
nodes : 202347025.000000
filtered : 2039248024.000000
time : 1000.000000
