Parameters: GAD=1 vflib=1 dir=0 label=1 lowerbound=1 fileNameGp=../../cp2016-max-common-connected-subgraph-paper/datasets/graphsdb/mcs30/m2D/m2D/mcs30_m2D_s90.A05 fileNameGt=../../cp2016-max-common-connected-subgraph-paper/datasets/graphsdb/mcs30/m2D/m2D/mcs30_m2D_s90.B05
Reading graphs...
90 :  159
90 :  160
Initializing...
maxdom : 11
D->valSize : 508
Solving...
Blb : 2 (clique : 36)
currentSize : 36 <-- 0.005706 s
currentSize : 37 <-- 0.005994 s
currentSize : 38 <-- 0.006059 s
currentSize : 39 <-- 0.006317 s
currentSize : 40 <-- 0.006822 s
currentSize : 41 <-- 0.019146 s
currentSize : 42 <-- 0.048016 s
currentSize : 43 <-- 0.811216 s

TIMEOUT
maxsize : 43
nodes : 199378493.000000
filtered : 1249438029.000000
time : 1000.000122
