Parameters: GAD=1 vflib=1 dir=0 label=1 lowerbound=1 fileNameGp=../../cp2016-max-common-connected-subgraph-paper/datasets/graphsdb/mcs30/rand/r01/mcs30_r01_s80.A02 fileNameGt=../../cp2016-max-common-connected-subgraph-paper/datasets/graphsdb/mcs30/rand/r01/mcs30_r01_s80.B02
Reading graphs...
80 :  598
80 :  600
Initializing...
maxdom : 10
D->valSize : 461
Solving...
Blb : 2 (clique : 11)
currentSize : 11 <-- 0.006474 s
currentSize : 12 <-- 0.006656 s
currentSize : 13 <-- 0.009785 s
currentSize : 14 <-- 0.009831 s
currentSize : 15 <-- 0.017837 s
currentSize : 16 <-- 0.064249 s
currentSize : 17 <-- 0.074624 s
currentSize : 18 <-- 1.533998 s
currentSize : 19 <-- 10.572602 s
currentSize : 20 <-- 13.825165 s
currentSize : 21 <-- 13.826290 s
currentSize : 22 <-- 13.826443 s
currentSize : 24 <-- 13.826511 s

maxsize : 24
nodes : 4905109.000000
filtered : 85779567.000000
time : 30.149933
