Parameters: GAD=1 vflib=1 dir=0 label=1 lowerbound=1 fileNameGp=../../cp2016-max-common-connected-subgraph-paper/datasets/graphsdb/mcs30/rand/r005/mcs30_r005_s60.A03 fileNameGt=../../cp2016-max-common-connected-subgraph-paper/datasets/graphsdb/mcs30/rand/r005/mcs30_r005_s60.B03
Reading graphs...
60 :  177
60 :  177
Initializing...
maxdom : 8
D->valSize : 250
Solving...
Blb : 2 (clique : 18)
currentSize : 18 <-- 0.002602 s
currentSize : 19 <-- 0.002751 s
currentSize : 20 <-- 3.521584 s
currentSize : 21 <-- 26.658472 s
currentSize : 22 <-- 41.248516 s

maxsize : 22
nodes : 104890778.000000
filtered : 797981789.000000
time : 402.312836
