Parameters: GAD=1 vflib=1 dir=0 label=1 lowerbound=1 fileNameGp=../../cp2016-max-common-connected-subgraph-paper/datasets/graphsdb/mcs30/m4D/m4D/mcs30_m4D_s80.A04 fileNameGt=../../cp2016-max-common-connected-subgraph-paper/datasets/graphsdb/mcs30/m4D/m4D/mcs30_m4D_s80.B04
Reading graphs...
80 :  130
80 :  131
Initializing...
maxdom : 11
D->valSize : 406
Solving...
Blb : 2 (clique : 28)
currentSize : 28 <-- 0.006574 s
currentSize : 29 <-- 0.013228 s
currentSize : 30 <-- 0.120218 s
currentSize : 31 <-- 5.082466 s
currentSize : 32 <-- 5.144499 s
currentSize : 33 <-- 524.468262 s

TIMEOUT
maxsize : 33
nodes : 258938454.000000
filtered : 1566359765.000000
time : 1000.000061
