Parameters: GAD=1 vflib=1 dir=0 label=1 lowerbound=1 fileNameGp=../../cp2016-max-common-connected-subgraph-paper/datasets/graphsdb/mcs30/m2D/m2Dr2/mcs30_m2Dr2_s70.A02 fileNameGt=../../cp2016-max-common-connected-subgraph-paper/datasets/graphsdb/mcs30/m2D/m2Dr2/mcs30_m2Dr2_s70.B02
Reading graphs...
70 :  135
70 :  135
Initializing...
maxdom : 7
D->valSize : 330
Solving...
Blb : 2 (clique : 27)
currentSize : 27 <-- 0.004366 s
currentSize : 28 <-- 0.075311 s
currentSize : 29 <-- 0.509955 s
currentSize : 30 <-- 3.064335 s
currentSize : 31 <-- 3.345587 s
currentSize : 32 <-- 332.269440 s
currentSize : 33 <-- 992.697449 s

TIMEOUT
maxsize : 33
nodes : 216011729.000000
filtered : 1608243682.000000
time : 1000.000000
