Parameters: GAD=1 vflib=1 dir=0 label=1 lowerbound=1 fileNameGp=../../cp2016-max-common-connected-subgraph-paper/datasets/graphsdb/mcs30/m3D/m3Dr2/mcs30_m3Dr2_s80.A06 fileNameGt=../../cp2016-max-common-connected-subgraph-paper/datasets/graphsdb/mcs30/m3D/m3Dr2/mcs30_m3Dr2_s80.B06
Reading graphs...
80 :  198
80 :  200
Initializing...
maxdom : 10
D->valSize : 412
Solving...
Blb : 2 (clique : 24)
currentSize : 24 <-- 0.006361 s
currentSize : 25 <-- 0.014505 s
currentSize : 26 <-- 0.016411 s
currentSize : 27 <-- 0.018709 s
currentSize : 28 <-- 7.467453 s
currentSize : 29 <-- 129.996796 s

TIMEOUT
maxsize : 29
nodes : 197873927.000000
filtered : 1872244593.000000
time : 1000.000061
