Parameters: GAD=1 vflib=1 dir=0 label=1 lowerbound=1 fileNameGp=../../cp2016-max-common-connected-subgraph-paper/datasets/graphsdb/mcs30/m2D/m2Dr2/mcs30_m2Dr2_s50.A04 fileNameGt=../../cp2016-max-common-connected-subgraph-paper/datasets/graphsdb/mcs30/m2D/m2Dr2/mcs30_m2Dr2_s50.B04
Reading graphs...
50 :  93
50 :  94
Initializing...
maxdom : 10
D->valSize : 321
Solving...
Blb : 2 (clique : 19)
currentSize : 19 <-- 0.003857 s
currentSize : 20 <-- 3.544407 s
currentSize : 21 <-- 5.304183 s
currentSize : 22 <-- 9.727166 s
currentSize : 23 <-- 48.481319 s
currentSize : 24 <-- 85.584892 s

TIMEOUT
maxsize : 24
nodes : 306584474.000000
filtered : 2662672498.000000
time : 1000.000000
