Parameters: GAD=1 vflib=1 dir=0 label=1 lowerbound=1 fileNameGp=../../cp2016-max-common-connected-subgraph-paper/datasets/graphsdb/mcs30/bvg/b06/mcs30_b06_s90.A02 fileNameGt=../../cp2016-max-common-connected-subgraph-paper/datasets/graphsdb/mcs30/bvg/b06/mcs30_b06_s90.B02
Reading graphs...
90 :  268
90 :  268
Initializing...
maxdom : 8
D->valSize : 545
Solving...
Blb : 2 (clique : 24)
currentSize : 24 <-- 0.006163 s
currentSize : 25 <-- 0.008836 s
currentSize : 26 <-- 0.023828 s
currentSize : 27 <-- 31.047108 s
currentSize : 28 <-- 98.861603 s
currentSize : 29 <-- 98.877876 s
currentSize : 30 <-- 431.711761 s

TIMEOUT
maxsize : 30
nodes : 212941489.000000
filtered : 1522122537.000000
time : 1000.000061
