Parameters: GAD=1 vflib=1 dir=0 label=1 lowerbound=1 fileNameGp=../../cp2016-max-common-connected-subgraph-paper/datasets/graphsdb/mcs30/bvg/b09/mcs30_b09_s100.A02 fileNameGt=../../cp2016-max-common-connected-subgraph-paper/datasets/graphsdb/mcs30/bvg/b09/mcs30_b09_s100.B02
Reading graphs...
100 :  445
100 :  448
Initializing...
maxdom : 9
D->valSize : 322
Solving...
Blb : 5 (clique : 20)
currentSize : 20 <-- 0.003033 s
currentSize : 21 <-- 0.003824 s
currentSize : 22 <-- 0.013010 s
currentSize : 23 <-- 0.017900 s
currentSize : 24 <-- 1.958606 s
currentSize : 25 <-- 9.028164 s

TIMEOUT
maxsize : 25
nodes : 206209926.000000
filtered : 1044904087.000000
time : 1000.000000
