Parameters: GAD=1 vflib=1 dir=0 label=1 lowerbound=1 fileNameGp=../../cp2016-max-common-connected-subgraph-paper/datasets/graphsdb/mcs30/m2D/m2Dr6/mcs30_m2Dr6_s60.A03 fileNameGt=../../cp2016-max-common-connected-subgraph-paper/datasets/graphsdb/mcs30/m2D/m2Dr6/mcs30_m2Dr6_s60.B03
Reading graphs...
60 :  137
60 :  136
Initializing...
maxdom : 10
D->valSize : 257
Solving...
Blb : 2 (clique : 17)
currentSize : 17 <-- 0.001824 s
currentSize : 18 <-- 0.002079 s
currentSize : 19 <-- 0.002349 s
currentSize : 20 <-- 0.028098 s
currentSize : 21 <-- 0.064545 s
currentSize : 22 <-- 0.231472 s
currentSize : 23 <-- 0.484220 s
currentSize : 24 <-- 2.688841 s
currentSize : 25 <-- 3.429868 s

maxsize : 25
nodes : 52405157.000000
filtered : 457658440.000000
time : 228.877548
