Parameters: GAD=1 vflib=1 dir=0 label=1 lowerbound=1 fileNameGp=../../cp2016-max-common-connected-subgraph-paper/datasets/graphsdb/mcs30/rand/r02/mcs30_r02_s100.A03 fileNameGt=../../cp2016-max-common-connected-subgraph-paper/datasets/graphsdb/mcs30/rand/r02/mcs30_r02_s100.B03
Reading graphs...
100 :  1771
100 :  1738
Initializing...
maxdom : 7
D->valSize : 319
Solving...
Blb : 2 (clique : 12)
currentSize : 12 <-- 0.002935 s
currentSize : 15 <-- 0.003046 s
currentSize : 16 <-- 0.005536 s
currentSize : 23 <-- 0.006335 s
currentSize : 24 <-- 0.006855 s
currentSize : 25 <-- 0.006958 s

maxsize : 25
nodes : 36022.000000
filtered : 489877.000000
time : 0.230923
