Parameters: GAD=1 vflib=1 dir=0 label=1 lowerbound=1 fileNameGp=../../cp2016-max-common-connected-subgraph-paper/datasets/graphsdb/mcs30/m2D/m2Dr6/mcs30_m2Dr6_s80.A06 fileNameGt=../../cp2016-max-common-connected-subgraph-paper/datasets/graphsdb/mcs30/m2D/m2Dr6/mcs30_m2Dr6_s80.B06
Reading graphs...
80 :  185
80 :  183
Initializing...
maxdom : 8
D->valSize : 390
Solving...
Blb : 2 (clique : 23)
currentSize : 23 <-- 0.005948 s
currentSize : 24 <-- 0.538253 s
currentSize : 25 <-- 6.790556 s
currentSize : 26 <-- 17.336063 s
currentSize : 27 <-- 298.596375 s
currentSize : 28 <-- 306.266998 s

TIMEOUT
maxsize : 28
nodes : 243014480.000000
filtered : 1646555964.000000
time : 1000.000061
