Parameters: GAD=1 vflib=1 dir=0 label=1 lowerbound=1 fileNameGp=../../cp2016-max-common-connected-subgraph-paper/datasets/graphsdb/mcs30/rand/r02/mcs30_r02_s90.A02 fileNameGt=../../cp2016-max-common-connected-subgraph-paper/datasets/graphsdb/mcs30/rand/r02/mcs30_r02_s90.B02
Reading graphs...
90 :  1435
90 :  1439
Initializing...
maxdom : 11
D->valSize : 543
Solving...
Blb : 5 (clique : 7)
currentSize : 7 <-- 0.005484 s
currentSize : 8 <-- 0.005586 s
currentSize : 9 <-- 0.005699 s
currentSize : 10 <-- 0.008622 s
currentSize : 11 <-- 0.008673 s
currentSize : 12 <-- 0.035184 s
currentSize : 14 <-- 0.054299 s
currentSize : 15 <-- 0.079200 s
currentSize : 16 <-- 0.079849 s
currentSize : 17 <-- 0.128352 s
currentSize : 18 <-- 0.715643 s
currentSize : 20 <-- 1.047715 s
currentSize : 22 <-- 1.047811 s
currentSize : 23 <-- 1.050749 s

maxsize : 23
nodes : 211263.000000
filtered : 4701978.000000
time : 1.444524
