Parameters: GAD=1 vflib=1 dir=0 label=1 lowerbound=1 fileNameGp=../../cp2016-max-common-connected-subgraph-paper/datasets/graphsdb/mcs30/bvg/b09m/mcs30_b09m_s70.A09 fileNameGt=../../cp2016-max-common-connected-subgraph-paper/datasets/graphsdb/mcs30/bvg/b09m/mcs30_b09m_s70.B09
Reading graphs...
70 :  308
70 :  308
Initializing...
maxdom : 9
D->valSize : 322
Solving...
Blb : 3 (clique : 20)
currentSize : 20 <-- 0.002578 s
currentSize : 21 <-- 0.230402 s
currentSize : 22 <-- 0.235154 s
currentSize : 23 <-- 0.237902 s
currentSize : 24 <-- 6.815184 s
currentSize : 25 <-- 117.122978 s

maxsize : 25
nodes : 26069840.000000
filtered : 266541487.000000
time : 130.082001
