Parameters: GAD=1 vflib=1 dir=0 label=1 lowerbound=1 fileNameGp=../../cp2016-max-common-connected-subgraph-paper/datasets/graphsdb/mcs30/bvg/b06m/mcs30_b06m_s70.A05 fileNameGt=../../cp2016-max-common-connected-subgraph-paper/datasets/graphsdb/mcs30/bvg/b06m/mcs30_b06m_s70.B05
Reading graphs...
70 :  206
70 :  206
Initializing...
maxdom : 9
D->valSize : 330
Solving...
Blb : 2 (clique : 17)
currentSize : 17 <-- 0.002595 s
currentSize : 18 <-- 0.002788 s
currentSize : 19 <-- 0.011119 s
currentSize : 20 <-- 0.019032 s
currentSize : 21 <-- 0.020111 s
currentSize : 22 <-- 0.259135 s
currentSize : 23 <-- 0.914830 s
currentSize : 24 <-- 0.979823 s
currentSize : 25 <-- 10.715926 s
currentSize : 26 <-- 21.339437 s
currentSize : 27 <-- 51.936367 s

maxsize : 27
nodes : 105309175.000000
filtered : 979874503.000000
time : 504.663788
