Parameters: GAD=1 vflib=1 dir=0 label=1 lowerbound=1 fileNameGp=../../cp2016-max-common-connected-subgraph-paper/datasets/graphsdb/mcs30/m4D/m4Dr6/mcs30_m4Dr6_s80.A01 fileNameGt=../../cp2016-max-common-connected-subgraph-paper/datasets/graphsdb/mcs30/m4D/m4Dr6/mcs30_m4Dr6_s80.B01
Reading graphs...
80 :  177
80 :  177
Initializing...
maxdom : 10
D->valSize : 377
Solving...
Blb : 2 (clique : 22)
currentSize : 22 <-- 0.003335 s
currentSize : 23 <-- 0.085377 s
currentSize : 24 <-- 6.306036 s
currentSize : 25 <-- 6.666040 s
currentSize : 26 <-- 31.638227 s
currentSize : 27 <-- 90.847939 s
currentSize : 28 <-- 97.755600 s
currentSize : 29 <-- 160.945206 s
currentSize : 30 <-- 338.346893 s

TIMEOUT
maxsize : 30
nodes : 242454773.000000
filtered : 1373962041.000000
time : 1000.000000
