Parameters: GAD=1 vflib=1 dir=0 label=1 lowerbound=1 fileNameGp=../../cp2016-max-common-connected-subgraph-paper/datasets/graphsdb/mcs30/bvg/b06m/mcs30_b06m_s50.A04 fileNameGt=../../cp2016-max-common-connected-subgraph-paper/datasets/graphsdb/mcs30/bvg/b06m/mcs30_b06m_s50.B04
Reading graphs...
50 :  145
50 :  146
Initializing...
maxdom : 9
D->valSize : 329
Solving...
Blb : 2 (clique : 17)
currentSize : 17 <-- 0.002496 s
currentSize : 18 <-- 1.688073 s
currentSize : 19 <-- 2.102925 s
currentSize : 20 <-- 7.809957 s
currentSize : 21 <-- 9.946877 s
currentSize : 22 <-- 40.714439 s

maxsize : 22
nodes : 13512912.000000
filtered : 188611036.000000
time : 56.737133
