Parameters: GAD=1 vflib=1 dir=0 label=1 lowerbound=1 fileNameGp=../../cp2016-max-common-connected-subgraph-paper/datasets/graphsdb/mcs30/m2D/m2D/mcs30_m2D_s70.A00 fileNameGt=../../cp2016-max-common-connected-subgraph-paper/datasets/graphsdb/mcs30/m2D/m2D/mcs30_m2D_s70.B00
Reading graphs...
70 :  122
70 :  122
Initializing...
maxdom : 10
D->valSize : 305
Solving...
Blb : 3 (clique : 23)
currentSize : 23 <-- 0.002529 s
currentSize : 24 <-- 0.041524 s
currentSize : 25 <-- 0.172859 s
currentSize : 26 <-- 0.650128 s
currentSize : 27 <-- 1.125082 s
currentSize : 28 <-- 1.643585 s
currentSize : 29 <-- 3.451364 s
currentSize : 30 <-- 4.088224 s
currentSize : 31 <-- 78.997063 s
currentSize : 32 <-- 78.997406 s
currentSize : 33 <-- 111.719894 s
currentSize : 34 <-- 137.775238 s

maxsize : 34
nodes : 60851210.000000
filtered : 483106869.000000
time : 310.907990
