Parameters: GAD=1 vflib=1 dir=0 label=1 lowerbound=1 fileNameGp=../../cp2016-max-common-connected-subgraph-paper/datasets/graphsdb/mcs30/bvg/b09m/mcs30_b09m_s80.A00 fileNameGt=../../cp2016-max-common-connected-subgraph-paper/datasets/graphsdb/mcs30/bvg/b09m/mcs30_b09m_s80.B00
Reading graphs...
80 :  346
80 :  352
Initializing...
maxdom : 8
D->valSize : 419
Solving...
Blb : 2 (clique : 19)
currentSize : 19 <-- 0.003922 s
currentSize : 20 <-- 0.004071 s
currentSize : 21 <-- 0.817107 s
currentSize : 22 <-- 4.464528 s
currentSize : 23 <-- 4.503539 s
currentSize : 24 <-- 16.991724 s
currentSize : 25 <-- 39.965172 s
currentSize : 26 <-- 39.992317 s
currentSize : 27 <-- 48.603294 s

TIMEOUT
maxsize : 27
nodes : 182934812.000000
filtered : 2017581704.000000
time : 1000.000000
