Parameters: GAD=1 vflib=1 dir=0 label=1 lowerbound=1 fileNameGp=../../cp2016-max-common-connected-subgraph-paper/datasets/graphsdb/mcs30/bvg/b06/mcs30_b06_s50.A00 fileNameGt=../../cp2016-max-common-connected-subgraph-paper/datasets/graphsdb/mcs30/bvg/b06/mcs30_b06_s50.B00
Reading graphs...
50 :  148
50 :  148
Initializing...
maxdom : 8
D->valSize : 313
Solving...
Blb : 2 (clique : 14)
currentSize : 14 <-- 0.002058 s
currentSize : 16 <-- 0.002142 s
currentSize : 17 <-- 0.004058 s
currentSize : 18 <-- 0.332203 s
currentSize : 19 <-- 0.563929 s
currentSize : 20 <-- 47.554695 s

maxsize : 20
nodes : 19063562.000000
filtered : 287371880.000000
time : 82.876991
