Parameters: GAD=1 vflib=1 dir=0 label=1 lowerbound=1 fileNameGp=../../cp2016-max-common-connected-subgraph-paper/datasets/graphsdb/mcs30/m4D/m4Dr2/mcs30_m4Dr2_s60.A09 fileNameGt=../../cp2016-max-common-connected-subgraph-paper/datasets/graphsdb/mcs30/m4D/m4Dr2/mcs30_m4Dr2_s60.B09
Reading graphs...
60 :  114
60 :  113
Initializing...
maxdom : 9
D->valSize : 225
Solving...
Blb : 2 (clique : 22)
currentSize : 22 <-- 0.001555 s
currentSize : 23 <-- 0.004430 s
currentSize : 24 <-- 0.215887 s
currentSize : 25 <-- 0.864872 s
currentSize : 26 <-- 1.622792 s
currentSize : 27 <-- 1.778842 s

maxsize : 27
nodes : 116176599.000000
filtered : 775521288.000000
time : 442.206726
