Parameters: GAD=1 vflib=1 dir=0 label=1 lowerbound=1 fileNameGp=../../cp2016-max-common-connected-subgraph-paper/datasets/graphsdb/mcs30/bvg/b06/mcs30_b06_s60.A03 fileNameGt=../../cp2016-max-common-connected-subgraph-paper/datasets/graphsdb/mcs30/bvg/b06/mcs30_b06_s60.B03
Reading graphs...
60 :  178
60 :  176
Initializing...
maxdom : 7
D->valSize : 243
Solving...
Blb : 2 (clique : 16)
currentSize : 16 <-- 0.002509 s
currentSize : 17 <-- 0.020058 s
currentSize : 18 <-- 0.399994 s
currentSize : 19 <-- 1.466115 s
currentSize : 20 <-- 9.221049 s
currentSize : 21 <-- 15.417433 s
currentSize : 22 <-- 46.826832 s
currentSize : 23 <-- 46.907112 s

maxsize : 23
nodes : 18834390.000000
filtered : 143944117.000000
time : 76.426361
