Parameters: GAD=1 vflib=1 dir=0 label=1 lowerbound=1 fileNameGp=../../cp2016-max-common-connected-subgraph-paper/datasets/graphsdb/mcs30/m3D/m3Dr4/mcs30_m3Dr4_s90.A07 fileNameGt=../../cp2016-max-common-connected-subgraph-paper/datasets/graphsdb/mcs30/m3D/m3Dr4/mcs30_m3Dr4_s90.B07
Reading graphs...
90 :  242
90 :  240
Initializing...
maxdom : 9
D->valSize : 510
Solving...
Blb : 2 (clique : 25)
currentSize : 25 <-- 0.005481 s
currentSize : 26 <-- 0.039640 s
currentSize : 27 <-- 0.301531 s
currentSize : 28 <-- 1.074932 s
currentSize : 29 <-- 2.230086 s
currentSize : 30 <-- 8.930670 s

TIMEOUT
maxsize : 30
nodes : 215009117.000000
filtered : 1556555380.000000
time : 1000.000000
