Parameters: GAD=1 vflib=1 dir=0 label=1 lowerbound=1 fileNameGp=../../cp2016-max-common-connected-subgraph-paper/datasets/graphsdb/mcs30/rand/r01/mcs30_r01_s50.A02 fileNameGt=../../cp2016-max-common-connected-subgraph-paper/datasets/graphsdb/mcs30/rand/r01/mcs30_r01_s50.B02
Reading graphs...
50 :  229
50 :  233
Initializing...
maxdom : 9
D->valSize : 311
Solving...
Blb : 2 (clique : 11)
currentSize : 11 <-- 0.002014 s
currentSize : 12 <-- 0.004202 s
currentSize : 13 <-- 0.013552 s
currentSize : 14 <-- 0.019907 s
currentSize : 15 <-- 0.236516 s
currentSize : 16 <-- 0.242598 s
currentSize : 17 <-- 2.082111 s
currentSize : 18 <-- 2.084375 s

maxsize : 18
nodes : 972401.000000
filtered : 15434001.000000
time : 4.579455
