Parameters: GAD=1 vflib=1 dir=0 label=1 lowerbound=1 fileNameGp=../../cp2016-max-common-connected-subgraph-paper/datasets/graphsdb/mcs30/bvg/b03m/mcs30_b03m_s60.A01 fileNameGt=../../cp2016-max-common-connected-subgraph-paper/datasets/graphsdb/mcs30/bvg/b03m/mcs30_b03m_s60.B01
Reading graphs...
60 :  90
60 :  90
Initializing...
maxdom : 6
D->valSize : 227
Solving...
Blb : 2 (clique : 21)
currentSize : 21 <-- 0.001596 s
currentSize : 22 <-- 0.001872 s
currentSize : 23 <-- 0.024485 s
currentSize : 24 <-- 9.848383 s
currentSize : 25 <-- 19.135864 s
currentSize : 26 <-- 123.270096 s
currentSize : 27 <-- 323.872437 s
currentSize : 28 <-- 327.155670 s

maxsize : 28
nodes : 144968538.000000
filtered : 865324268.000000
time : 561.286072
