Parameters: GAD=1 vflib=1 dir=0 label=1 lowerbound=1 fileNameGp=../../cp2016-max-common-connected-subgraph-paper/datasets/graphsdb/mcs30/m2D/m2Dr6/mcs30_m2Dr6_s80.A03 fileNameGt=../../cp2016-max-common-connected-subgraph-paper/datasets/graphsdb/mcs30/m2D/m2Dr6/mcs30_m2Dr6_s80.B03
Reading graphs...
80 :  186
80 :  185
Initializing...
maxdom : 10
D->valSize : 431
Solving...
Blb : 2 (clique : 25)
currentSize : 25 <-- 0.006795 s
currentSize : 26 <-- 0.007065 s
currentSize : 27 <-- 0.007244 s
currentSize : 28 <-- 0.080761 s
currentSize : 29 <-- 0.082846 s
currentSize : 30 <-- 0.281184 s
currentSize : 31 <-- 1.762863 s
currentSize : 32 <-- 86.244530 s

TIMEOUT
maxsize : 32
nodes : 207078179.000000
filtered : 1721881439.000000
time : 1000.000061
