Parameters: GAD=1 vflib=1 dir=0 label=1 lowerbound=1 fileNameGp=../../cp2016-max-common-connected-subgraph-paper/datasets/graphsdb/mcs30/m2D/m2D/mcs30_m2D_s100.A05 fileNameGt=../../cp2016-max-common-connected-subgraph-paper/datasets/graphsdb/mcs30/m2D/m2D/mcs30_m2D_s100.B05
Reading graphs...
100 :  179
100 :  179
Initializing...
maxdom : 9
D->valSize : 349
Solving...
Blb : 2 (clique : 32)
currentSize : 32 <-- 0.003561 s
currentSize : 33 <-- 0.003788 s
currentSize : 34 <-- 0.003884 s
currentSize : 35 <-- 0.004004 s
currentSize : 36 <-- 0.763081 s
currentSize : 37 <-- 13.533550 s
currentSize : 38 <-- 144.738129 s
currentSize : 39 <-- 194.353516 s
currentSize : 40 <-- 341.518097 s

TIMEOUT
maxsize : 40
nodes : 206109044.000000
filtered : 887934769.000000
time : 1000.000061
