Parameters: GAD=1 vflib=1 dir=0 label=1 lowerbound=1 fileNameGp=../../cp2016-max-common-connected-subgraph-paper/datasets/graphsdb/mcs30/rand/r005/mcs30_r005_s80.A06 fileNameGt=../../cp2016-max-common-connected-subgraph-paper/datasets/graphsdb/mcs30/rand/r005/mcs30_r005_s80.B06
Reading graphs...
80 :  303
80 :  306
Initializing...
maxdom : 9
D->valSize : 457
Solving...
Blb : 2 (clique : 22)
currentSize : 22 <-- 0.004375 s
currentSize : 23 <-- 0.010002 s
currentSize : 24 <-- 0.876191 s
currentSize : 25 <-- 2.470293 s
currentSize : 26 <-- 301.518158 s
currentSize : 27 <-- 301.608246 s

TIMEOUT
maxsize : 27
nodes : 186302828.000000
filtered : 1941276895.000000
time : 1000.000000
