Parameters: GAD=1 vflib=1 dir=0 label=1 lowerbound=1 fileNameGp=../../cp2016-max-common-connected-subgraph-paper/datasets/graphsdb/mcs30/bvg/b03/mcs30_b03_s60.A03 fileNameGt=../../cp2016-max-common-connected-subgraph-paper/datasets/graphsdb/mcs30/bvg/b03/mcs30_b03_s60.B03
Reading graphs...
60 :  90
60 :  89
Initializing...
maxdom : 7
D->valSize : 246
Solving...
Blb : 2 (clique : 24)
currentSize : 24 <-- 0.001790 s
currentSize : 25 <-- 0.002968 s
currentSize : 26 <-- 0.047156 s
currentSize : 27 <-- 4.705690 s
currentSize : 28 <-- 64.581856 s
currentSize : 29 <-- 64.581917 s
currentSize : 30 <-- 64.606773 s
currentSize : 31 <-- 111.803459 s

maxsize : 31
nodes : 58803391.000000
filtered : 428895986.000000
time : 245.815231
