Parameters: GAD=1 vflib=1 dir=0 label=1 lowerbound=1 fileNameGp=../../cp2016-max-common-connected-subgraph-paper/datasets/graphsdb/mcs30/m2D/m2Dr6/mcs30_m2Dr6_s50.A06 fileNameGt=../../cp2016-max-common-connected-subgraph-paper/datasets/graphsdb/mcs30/m2D/m2Dr6/mcs30_m2Dr6_s50.B06
Reading graphs...
50 :  113
50 :  112
Initializing...
maxdom : 10
D->valSize : 314
Solving...
Blb : 2 (clique : 17)
currentSize : 17 <-- 0.002123 s
currentSize : 18 <-- 0.002239 s
currentSize : 19 <-- 0.006337 s
currentSize : 20 <-- 0.339297 s
currentSize : 21 <-- 3.613568 s
currentSize : 22 <-- 58.006813 s

maxsize : 22
nodes : 57433185.000000
filtered : 706390801.000000
time : 244.711929
