Parameters: GAD=1 vflib=1 dir=0 label=1 lowerbound=1 fileNameGp=../../cp2016-max-common-connected-subgraph-paper/datasets/graphsdb/mcs30/m3D/m3Dr6/mcs30_m3Dr6_s100.A05 fileNameGt=../../cp2016-max-common-connected-subgraph-paper/datasets/graphsdb/mcs30/m3D/m3Dr6/mcs30_m3Dr6_s100.B05
Reading graphs...
100 :  294
100 :  291
Initializing...
maxdom : 7
D->valSize : 308
Solving...
Blb : 2 (clique : 25)
currentSize : 25 <-- 0.002902 s
currentSize : 26 <-- 0.003106 s
currentSize : 27 <-- 0.010566 s
currentSize : 28 <-- 5.036704 s
currentSize : 29 <-- 12.274520 s
currentSize : 30 <-- 12.610037 s
currentSize : 31 <-- 16.791603 s
currentSize : 32 <-- 168.831787 s

TIMEOUT
maxsize : 32
nodes : 189660504.000000
filtered : 921416308.000000
time : 1000.000061
