Parameters: GAD=1 vflib=1 dir=0 label=1 lowerbound=1 fileNameGp=../../cp2016-max-common-connected-subgraph-paper/datasets/graphsdb/mcs30/bvg/b03m/mcs30_b03m_s60.A05 fileNameGt=../../cp2016-max-common-connected-subgraph-paper/datasets/graphsdb/mcs30/bvg/b03m/mcs30_b03m_s60.B05
Reading graphs...
60 :  90
60 :  90
Initializing...
maxdom : 8
D->valSize : 248
Solving...
Blb : 2 (clique : 23)
currentSize : 23 <-- 0.001711 s
currentSize : 24 <-- 0.031785 s
currentSize : 25 <-- 0.057033 s
currentSize : 26 <-- 0.067435 s
currentSize : 27 <-- 12.207778 s
currentSize : 28 <-- 17.527620 s
currentSize : 29 <-- 485.614380 s

maxsize : 29
nodes : 141309059.000000
filtered : 969032155.000000
time : 569.734985
