Parameters: GAD=1 vflib=1 dir=0 label=1 lowerbound=1 fileNameGp=../../cp2016-max-common-connected-subgraph-paper/datasets/graphsdb/mcs30/m4D/m4D/mcs30_m4D_s70.A05 fileNameGt=../../cp2016-max-common-connected-subgraph-paper/datasets/graphsdb/mcs30/m4D/m4D/mcs30_m4D_s70.B05
Reading graphs...
70 :  118
70 :  117
Initializing...
maxdom : 10
D->valSize : 311
Solving...
Blb : 2 (clique : 25)
currentSize : 25 <-- 0.002501 s
currentSize : 26 <-- 0.002664 s
currentSize : 27 <-- 0.034602 s
currentSize : 28 <-- 1.822363 s
currentSize : 29 <-- 12.908066 s
currentSize : 30 <-- 254.654053 s

TIMEOUT
maxsize : 30
nodes : 300734787.000000
filtered : 1653634326.000000
time : 1000.000061
