Parameters: GAD=1 vflib=1 dir=0 label=1 lowerbound=1 fileNameGp=../../cp2016-max-common-connected-subgraph-paper/datasets/graphsdb/mcs30/m4D/m4D/mcs30_m4D_s90.A05 fileNameGt=../../cp2016-max-common-connected-subgraph-paper/datasets/graphsdb/mcs30/m4D/m4D/mcs30_m4D_s90.B05
Reading graphs...
90 :  145
90 :  146
Initializing...
maxdom : 9
D->valSize : 547
Solving...
Blb : 2 (clique : 34)
currentSize : 34 <-- 0.010671 s
currentSize : 35 <-- 0.028491 s
currentSize : 36 <-- 0.922821 s
currentSize : 37 <-- 1.104877 s
currentSize : 38 <-- 1.918393 s
currentSize : 39 <-- 2.114560 s
currentSize : 40 <-- 10.405957 s
currentSize : 41 <-- 160.416138 s

TIMEOUT
maxsize : 41
nodes : 228459515.000000
filtered : 1601493921.000000
time : 1000.000061
