Parameters: GAD=1 vflib=1 dir=0 label=1 lowerbound=1 fileNameGp=../../cp2016-max-common-connected-subgraph-paper/datasets/graphsdb/mcs30/m2D/m2Dr6/mcs30_m2Dr6_s70.A00 fileNameGt=../../cp2016-max-common-connected-subgraph-paper/datasets/graphsdb/mcs30/m2D/m2Dr6/mcs30_m2Dr6_s70.B00
Reading graphs...
70 :  163
70 :  160
Initializing...
maxdom : 9
D->valSize : 328
Solving...
Blb : 2 (clique : 22)
currentSize : 22 <-- 0.004311 s
currentSize : 23 <-- 0.004581 s
currentSize : 24 <-- 0.027275 s
currentSize : 25 <-- 0.045751 s
currentSize : 26 <-- 0.456634 s
currentSize : 27 <-- 1.173525 s
currentSize : 28 <-- 36.727089 s
currentSize : 29 <-- 402.059052 s

TIMEOUT
maxsize : 29
nodes : 216390985.000000
filtered : 1915075349.000000
time : 1000.000000
