Parameters: GAD=1 vflib=1 dir=0 label=1 lowerbound=1 fileNameGp=../../cp2016-max-common-connected-subgraph-paper/datasets/graphsdb/mcs30/m3D/m3Dr2/mcs30_m3Dr2_s100.A02 fileNameGt=../../cp2016-max-common-connected-subgraph-paper/datasets/graphsdb/mcs30/m3D/m3Dr2/mcs30_m3Dr2_s100.B02
Reading graphs...
100 :  253
100 :  254
Initializing...
maxdom : 8
D->valSize : 370
Solving...
Blb : 2 (clique : 31)
currentSize : 31 <-- 0.006275 s
currentSize : 32 <-- 0.006646 s
currentSize : 33 <-- 0.033534 s
currentSize : 34 <-- 1.645132 s
currentSize : 35 <-- 1.676275 s
currentSize : 36 <-- 4.889676 s
currentSize : 37 <-- 7.216776 s

TIMEOUT
maxsize : 37
nodes : 207858665.000000
filtered : 855710719.000000
time : 1000.000061
