Parameters: GAD=1 vflib=1 dir=0 label=1 lowerbound=1 fileNameGp=../../cp2016-max-common-connected-subgraph-paper/datasets/graphsdb/mcs30/rand/r02/mcs30_r02_s100.A02 fileNameGt=../../cp2016-max-common-connected-subgraph-paper/datasets/graphsdb/mcs30/rand/r02/mcs30_r02_s100.B02
Reading graphs...
100 :  1761
100 :  1743
Initializing...
maxdom : 6
D->valSize : 339
Solving...
Blb : 2 (clique : 7)
currentSize : 7 <-- 0.003281 s
currentSize : 8 <-- 0.003401 s
currentSize : 9 <-- 0.003987 s
currentSize : 10 <-- 0.017720 s
currentSize : 11 <-- 0.017898 s
currentSize : 12 <-- 0.028890 s
currentSize : 14 <-- 0.043522 s
currentSize : 15 <-- 0.043602 s
currentSize : 17 <-- 0.057840 s
currentSize : 18 <-- 0.079903 s
currentSize : 25 <-- 0.100592 s

maxsize : 25
nodes : 58019.000000
filtered : 759090.000000
time : 0.369199
