Parameters: GAD=1 vflib=1 dir=0 label=1 lowerbound=1 fileNameGp=../../cp2016-max-common-connected-subgraph-paper/datasets/graphsdb/mcs30/rand/r005/mcs30_r005_s100.A02 fileNameGt=../../cp2016-max-common-connected-subgraph-paper/datasets/graphsdb/mcs30/rand/r005/mcs30_r005_s100.B02
Reading graphs...
100 :  482
100 :  483
Initializing...
maxdom : 9
D->valSize : 335
Solving...
Blb : 2 (clique : 22)
currentSize : 22 <-- 0.003121 s
currentSize : 23 <-- 0.004091 s
currentSize : 24 <-- 19.057659 s
currentSize : 25 <-- 43.399605 s
currentSize : 26 <-- 43.900578 s
currentSize : 27 <-- 44.119720 s
currentSize : 28 <-- 76.713745 s
currentSize : 29 <-- 196.116272 s

TIMEOUT
maxsize : 29
nodes : 182396674.000000
filtered : 1229354921.000000
time : 1000.000061
