Parameters: GAD=1 vflib=1 dir=0 label=1 lowerbound=1 fileNameGp=../../cp2016-max-common-connected-subgraph-paper/datasets/graphsdb/mcs30/bvg/b09/mcs30_b09_s70.A03 fileNameGt=../../cp2016-max-common-connected-subgraph-paper/datasets/graphsdb/mcs30/bvg/b09/mcs30_b09_s70.B03
Reading graphs...
70 :  305
70 :  313
Initializing...
maxdom : 9
D->valSize : 302
Solving...
Blb : 3 (clique : 19)
currentSize : 19 <-- 0.002261 s
currentSize : 20 <-- 0.002708 s
currentSize : 21 <-- 0.003782 s
currentSize : 22 <-- 0.014101 s
currentSize : 23 <-- 1.566247 s
currentSize : 24 <-- 13.815790 s

maxsize : 24
nodes : 7332066.000000
filtered : 72931953.000000
time : 36.491966
