Parameters: GAD=1 vflib=1 dir=0 label=1 lowerbound=1 fileNameGp=../../cp2016-max-common-connected-subgraph-paper/datasets/graphsdb/mcs30/m4D/m4Dr4/mcs30_m4Dr4_s60.A03 fileNameGt=../../cp2016-max-common-connected-subgraph-paper/datasets/graphsdb/mcs30/m4D/m4Dr4/mcs30_m4Dr4_s60.B03
Reading graphs...
60 :  124
60 :  123
Initializing...
maxdom : 8
D->valSize : 272
Solving...
Blb : 2 (clique : 20)
currentSize : 20 <-- 0.001996 s
currentSize : 21 <-- 0.002130 s
currentSize : 22 <-- 0.002282 s
currentSize : 23 <-- 0.007557 s
currentSize : 24 <-- 0.059968 s
currentSize : 25 <-- 2.676764 s

TIMEOUT
maxsize : 25
nodes : 243685313.000000
filtered : 2013375928.000000
time : 1000.000000
