Parameters: GAD=1 vflib=1 dir=0 label=1 lowerbound=1 fileNameGp=../../cp2016-max-common-connected-subgraph-paper/datasets/graphsdb/mcs30/bvg/b06/mcs30_b06_s70.A02 fileNameGt=../../cp2016-max-common-connected-subgraph-paper/datasets/graphsdb/mcs30/bvg/b06/mcs30_b06_s70.B02
Reading graphs...
70 :  208
70 :  209
Initializing...
maxdom : 7
D->valSize : 303
Solving...
Blb : 2 (clique : 21)
currentSize : 21 <-- 0.002317 s
currentSize : 22 <-- 0.002685 s
currentSize : 23 <-- 0.003807 s
currentSize : 24 <-- 4.253038 s
currentSize : 25 <-- 13.590267 s
currentSize : 26 <-- 13.669442 s
currentSize : 27 <-- 79.194572 s

maxsize : 27
nodes : 73793605.000000
filtered : 687458138.000000
time : 369.018402
