Parameters: GAD=1 vflib=1 dir=0 label=1 lowerbound=1 fileNameGp=../../cp2016-max-common-connected-subgraph-paper/datasets/graphsdb/mcs30/m2D/m2Dr6/mcs30_m2Dr6_s60.A00 fileNameGt=../../cp2016-max-common-connected-subgraph-paper/datasets/graphsdb/mcs30/m2D/m2Dr6/mcs30_m2Dr6_s60.B00
Reading graphs...
60 :  137
60 :  140
Initializing...
maxdom : 6
D->valSize : 231
Solving...
Blb : 2 (clique : 19)
currentSize : 19 <-- 0.001645 s
currentSize : 20 <-- 0.337698 s
currentSize : 21 <-- 0.383517 s
currentSize : 22 <-- 1.996913 s
currentSize : 23 <-- 5.382892 s

maxsize : 23
nodes : 160618853.000000
filtered : 1076445408.000000
time : 627.646484
