Parameters: GAD=1 vflib=1 dir=0 label=1 lowerbound=1 fileNameGp=../../cp2016-max-common-connected-subgraph-paper/datasets/graphsdb/mcs30/m3D/m3D/mcs30_m3D_s70.A01 fileNameGt=../../cp2016-max-common-connected-subgraph-paper/datasets/graphsdb/mcs30/m3D/m3D/mcs30_m3D_s70.B01
Reading graphs...
70 :  159
70 :  159
Initializing...
maxdom : 6
D->valSize : 307
Solving...
Blb : 5 (clique : 26)
currentSize : 26 <-- 0.002445 s
currentSize : 27 <-- 0.878293 s
currentSize : 28 <-- 11.458478 s
currentSize : 29 <-- 17.910259 s
currentSize : 30 <-- 42.233349 s
currentSize : 31 <-- 42.234543 s
currentSize : 32 <-- 42.237171 s
currentSize : 33 <-- 179.781631 s
currentSize : 34 <-- 251.832260 s
currentSize : 35 <-- 251.915222 s

maxsize : 35
nodes : 120427094.000000
filtered : 818414265.000000
time : 582.192688
