Parameters: GAD=1 vflib=1 dir=0 label=1 lowerbound=1 fileNameGp=../../cp2016-max-common-connected-subgraph-paper/datasets/graphsdb/mcs30/bvg/b06/mcs30_b06_s50.A01 fileNameGt=../../cp2016-max-common-connected-subgraph-paper/datasets/graphsdb/mcs30/bvg/b06/mcs30_b06_s50.B01
Reading graphs...
50 :  149
50 :  146
Initializing...
maxdom : 11
D->valSize : 340
Solving...
Blb : 2 (clique : 16)
currentSize : 16 <-- 0.002293 s
currentSize : 17 <-- 0.002406 s
currentSize : 18 <-- 0.002456 s
currentSize : 19 <-- 0.006170 s
currentSize : 20 <-- 0.006439 s
currentSize : 21 <-- 0.238708 s
currentSize : 22 <-- 10.799347 s

maxsize : 22
nodes : 4764596.000000
filtered : 84638393.000000
time : 22.712521
