Parameters: GAD=1 vflib=1 dir=0 label=1 lowerbound=1 fileNameGp=../../cp2016-max-common-connected-subgraph-paper/datasets/graphsdb/mcs30/m4D/m4Dr6/mcs30_m4Dr6_s90.A02 fileNameGt=../../cp2016-max-common-connected-subgraph-paper/datasets/graphsdb/mcs30/m4D/m4Dr6/mcs30_m4Dr6_s90.B02
Reading graphs...
90 :  199
90 :  196
Initializing...
maxdom : 10
D->valSize : 541
Solving...
Blb : 2 (clique : 30)
currentSize : 30 <-- 0.010506 s
currentSize : 31 <-- 0.010894 s
currentSize : 32 <-- 0.064448 s
currentSize : 33 <-- 0.092844 s
currentSize : 34 <-- 0.200375 s
currentSize : 35 <-- 0.300835 s
currentSize : 36 <-- 21.750044 s

TIMEOUT
maxsize : 36
nodes : 204175974.000000
filtered : 1933424963.000000
time : 1000.000061
