Parameters: GAD=1 vflib=1 dir=0 label=1 lowerbound=1 fileNameGp=../../cp2016-max-common-connected-subgraph-paper/datasets/graphsdb/mcs30/bvg/b09/mcs30_b09_s50.A05 fileNameGt=../../cp2016-max-common-connected-subgraph-paper/datasets/graphsdb/mcs30/bvg/b09/mcs30_b09_s50.B05
Reading graphs...
50 :  213
50 :  222
Initializing...
maxdom : 11
D->valSize : 321
Solving...
Blb : 5 (clique : 11)
currentSize : 11 <-- 0.002144 s
currentSize : 12 <-- 0.002216 s
currentSize : 13 <-- 0.002248 s
currentSize : 14 <-- 0.019752 s
currentSize : 15 <-- 0.164066 s
currentSize : 16 <-- 0.933711 s
currentSize : 17 <-- 2.379089 s
currentSize : 18 <-- 2.598427 s

maxsize : 18
nodes : 921241.000000
filtered : 15880309.000000
time : 4.224994
