Parameters: GAD=1 vflib=1 dir=0 label=1 lowerbound=1 fileNameGp=../../cp2016-max-common-connected-subgraph-paper/datasets/graphsdb/mcs30/bvg/b06m/mcs30_b06m_s70.A00 fileNameGt=../../cp2016-max-common-connected-subgraph-paper/datasets/graphsdb/mcs30/bvg/b06m/mcs30_b06m_s70.B00
Reading graphs...
70 :  209
70 :  208
Initializing...
maxdom : 7
D->valSize : 311
Solving...
Blb : 2 (clique : 18)
currentSize : 18 <-- 0.003683 s
currentSize : 19 <-- 0.006503 s
currentSize : 20 <-- 0.022314 s
currentSize : 21 <-- 0.028096 s
currentSize : 22 <-- 0.033391 s
currentSize : 23 <-- 0.427371 s
currentSize : 24 <-- 28.500801 s
currentSize : 25 <-- 85.982033 s

TIMEOUT
maxsize : 25
nodes : 230491955.000000
filtered : 1531853756.000000
time : 1000.000000
