Parameters: GAD=1 vflib=1 dir=0 label=1 lowerbound=1 fileNameGp=../../cp2016-max-common-connected-subgraph-paper/datasets/graphsdb/mcs30/bvg/b06/mcs30_b06_s100.A02 fileNameGt=../../cp2016-max-common-connected-subgraph-paper/datasets/graphsdb/mcs30/bvg/b06/mcs30_b06_s100.B02
Reading graphs...
100 :  300
100 :  298
Initializing...
maxdom : 7
D->valSize : 347
Solving...
Blb : 2 (clique : 31)
currentSize : 31 <-- 0.003446 s
currentSize : 32 <-- 0.003728 s
currentSize : 33 <-- 0.005073 s
currentSize : 34 <-- 1.018021 s
currentSize : 35 <-- 31.536949 s
currentSize : 36 <-- 96.212013 s
currentSize : 37 <-- 99.162163 s
currentSize : 38 <-- 118.526527 s

TIMEOUT
maxsize : 38
nodes : 186633704.000000
filtered : 763459814.000000
time : 1000.000061
