Parameters: GAD=1 vflib=1 dir=0 label=1 lowerbound=1 fileNameGp=../../cp2016-max-common-connected-subgraph-paper/datasets/graphsdb/mcs30/m4D/m4Dr4/mcs30_m4Dr4_s80.A04 fileNameGt=../../cp2016-max-common-connected-subgraph-paper/datasets/graphsdb/mcs30/m4D/m4Dr4/mcs30_m4Dr4_s80.B04
Reading graphs...
80 :  160
80 :  162
Initializing...
maxdom : 14
D->valSize : 418
Solving...
Blb : 2 (clique : 27)
currentSize : 27 <-- 0.006322 s
currentSize : 28 <-- 0.006675 s
currentSize : 29 <-- 0.006848 s
currentSize : 30 <-- 0.022287 s
currentSize : 31 <-- 0.102830 s
currentSize : 32 <-- 2.590874 s
currentSize : 33 <-- 76.902710 s
currentSize : 34 <-- 440.752197 s

TIMEOUT
maxsize : 34
nodes : 264277610.000000
filtered : 1291693200.000000
time : 1000.000061
