Parameters: GAD=1 vflib=1 dir=0 label=1 lowerbound=1 fileNameGp=../../cp2016-max-common-connected-subgraph-paper/datasets/graphsdb/mcs30/m2D/m2Dr2/mcs30_m2Dr2_s80.A01 fileNameGt=../../cp2016-max-common-connected-subgraph-paper/datasets/graphsdb/mcs30/m2D/m2Dr2/mcs30_m2Dr2_s80.B01
Reading graphs...
80 :  156
80 :  157
Initializing...
maxdom : 9
D->valSize : 395
Solving...
Blb : 2 (clique : 26)
currentSize : 26 <-- 0.006260 s
currentSize : 27 <-- 0.006558 s
currentSize : 28 <-- 0.007437 s
currentSize : 29 <-- 0.022650 s
currentSize : 30 <-- 0.025008 s
currentSize : 31 <-- 0.850528 s
currentSize : 32 <-- 22.636797 s
currentSize : 33 <-- 52.711266 s
currentSize : 34 <-- 640.584961 s

TIMEOUT
maxsize : 34
nodes : 189693458.000000
filtered : 1745505021.000000
time : 1000.000061
