Parameters: GAD=1 vflib=1 dir=0 label=1 lowerbound=1 fileNameGp=../../cp2016-max-common-connected-subgraph-paper/datasets/graphsdb/mcs30/bvg/b09m/mcs30_b09m_s70.A05 fileNameGt=../../cp2016-max-common-connected-subgraph-paper/datasets/graphsdb/mcs30/bvg/b09m/mcs30_b09m_s70.B05
Reading graphs...
70 :  303
70 :  302
Initializing...
maxdom : 8
D->valSize : 326
Solving...
Blb : 2 (clique : 15)
currentSize : 15 <-- 0.002555 s
currentSize : 16 <-- 0.002676 s
currentSize : 17 <-- 0.002785 s
currentSize : 18 <-- 0.077350 s
currentSize : 19 <-- 0.302497 s
currentSize : 20 <-- 8.308706 s
currentSize : 21 <-- 30.392302 s
currentSize : 22 <-- 31.412493 s
currentSize : 23 <-- 32.989513 s

maxsize : 23
nodes : 39744888.000000
filtered : 398665503.000000
time : 188.777512
