Parameters: GAD=1 vflib=1 dir=0 label=1 lowerbound=1 fileNameGp=../../cp2016-max-common-connected-subgraph-paper/datasets/graphsdb/mcs30/m3D/m3Dr2/mcs30_m3Dr2_s90.A07 fileNameGt=../../cp2016-max-common-connected-subgraph-paper/datasets/graphsdb/mcs30/m3D/m3Dr2/mcs30_m3Dr2_s90.B07
Reading graphs...
90 :  225
90 :  226
Initializing...
maxdom : 11
D->valSize : 574
Solving...
Blb : 2 (clique : 28)
currentSize : 28 <-- 0.006903 s
currentSize : 30 <-- 0.007144 s
currentSize : 31 <-- 0.762133 s
currentSize : 32 <-- 0.762232 s
currentSize : 33 <-- 0.762379 s
currentSize : 34 <-- 0.785982 s
currentSize : 35 <-- 334.858185 s
currentSize : 36 <-- 926.443665 s

TIMEOUT
maxsize : 36
nodes : 207551764.000000
filtered : 1759249944.000000
time : 1000.000061
