Parameters: GAD=1 vflib=1 dir=0 label=1 lowerbound=1 fileNameGp=../../cp2016-max-common-connected-subgraph-paper/datasets/graphsdb/mcs30/bvg/b06/mcs30_b06_s50.A09 fileNameGt=../../cp2016-max-common-connected-subgraph-paper/datasets/graphsdb/mcs30/bvg/b06/mcs30_b06_s50.B09
Reading graphs...
50 :  148
50 :  147
Initializing...
maxdom : 11
D->valSize : 321
Solving...
Blb : 3 (clique : 16)
currentSize : 16 <-- 0.002233 s
currentSize : 17 <-- 0.027953 s
currentSize : 18 <-- 0.061688 s
currentSize : 19 <-- 0.064687 s
currentSize : 20 <-- 2.644425 s
currentSize : 21 <-- 2.646178 s

maxsize : 21
nodes : 1061514.000000
filtered : 15901810.000000
time : 5.122230
