Parameters: GAD=1 vflib=1 dir=0 label=1 lowerbound=1 fileNameGp=../../cp2016-max-common-connected-subgraph-paper/datasets/graphsdb/mcs30/m3D/m3Dr6/mcs30_m3Dr6_s70.A09 fileNameGt=../../cp2016-max-common-connected-subgraph-paper/datasets/graphsdb/mcs30/m3D/m3Dr6/mcs30_m3Dr6_s70.B09
Reading graphs...
70 :  200
70 :  194
Initializing...
maxdom : 7
D->valSize : 315
Solving...
Blb : 2 (clique : 22)
currentSize : 22 <-- 0.002482 s
currentSize : 26 <-- 0.002624 s
currentSize : 27 <-- 0.002712 s
currentSize : 28 <-- 0.006775 s
currentSize : 29 <-- 0.007631 s
currentSize : 30 <-- 0.173931 s
currentSize : 31 <-- 17.218273 s

maxsize : 31
nodes : 15897246.000000
filtered : 150979269.000000
time : 79.675873
