Parameters: GAD=1 vflib=1 dir=0 label=1 lowerbound=1 fileNameGp=../../cp2016-max-common-connected-subgraph-paper/datasets/graphsdb/mcs30/rand/r02/mcs30_r02_s70.A04 fileNameGt=../../cp2016-max-common-connected-subgraph-paper/datasets/graphsdb/mcs30/rand/r02/mcs30_r02_s70.B04
Reading graphs...
70 :  870
70 :  846
Initializing...
maxdom : 12
D->valSize : 341
Solving...
Blb : 2 (clique : 7)
currentSize : 7 <-- 0.003962 s
currentSize : 8 <-- 0.004439 s
currentSize : 9 <-- 0.004959 s
currentSize : 10 <-- 0.023135 s
currentSize : 11 <-- 0.064085 s
currentSize : 12 <-- 0.094437 s
currentSize : 13 <-- 0.094464 s
currentSize : 14 <-- 0.115065 s
currentSize : 15 <-- 0.133341 s
currentSize : 16 <-- 0.148821 s
currentSize : 17 <-- 0.149173 s
currentSize : 18 <-- 0.161032 s

maxsize : 18
nodes : 40675.000000
filtered : 660214.000000
time : 0.231572
