Parameters: GAD=1 vflib=1 dir=0 label=1 lowerbound=1 fileNameGp=../../cp2016-max-common-connected-subgraph-paper/datasets/graphsdb/mcs30/bvg/b03/mcs30_b03_s100.A03 fileNameGt=../../cp2016-max-common-connected-subgraph-paper/datasets/graphsdb/mcs30/bvg/b03/mcs30_b03_s100.B03
Reading graphs...
100 :  150
100 :  150
Initializing...
maxdom : 9
D->valSize : 340
Solving...
Blb : 2 (clique : 32)
currentSize : 32 <-- 0.005367 s
currentSize : 35 <-- 0.005727 s
currentSize : 36 <-- 0.007217 s
currentSize : 37 <-- 0.093904 s
currentSize : 38 <-- 0.094323 s
currentSize : 39 <-- 58.545616 s
currentSize : 40 <-- 59.597160 s
currentSize : 41 <-- 736.298523 s

TIMEOUT
maxsize : 41
nodes : 205645912.000000
filtered : 1059641122.000000
time : 1000.000061
