Parameters: GAD=1 vflib=1 dir=0 label=1 lowerbound=1 fileNameGp=../../cp2016-max-common-connected-subgraph-paper/datasets/graphsdb/mcs30/rand/r01/mcs30_r01_s60.A00 fileNameGt=../../cp2016-max-common-connected-subgraph-paper/datasets/graphsdb/mcs30/rand/r01/mcs30_r01_s60.B00
Reading graphs...
60 :  333
60 :  334
Initializing...
maxdom : 6
D->valSize : 240
Solving...
Blb : 2 (clique : 12)
currentSize : 12 <-- 0.002465 s
currentSize : 13 <-- 0.194055 s
currentSize : 14 <-- 0.974760 s
currentSize : 15 <-- 1.087986 s
currentSize : 16 <-- 1.510025 s
currentSize : 17 <-- 6.775488 s
currentSize : 18 <-- 6.816342 s

maxsize : 18
nodes : 1737219.000000
filtered : 14214774.000000
time : 7.180427
