Parameters: GAD=1 vflib=1 dir=0 label=1 lowerbound=1 fileNameGp=../../cp2016-max-common-connected-subgraph-paper/datasets/graphsdb/mcs30/m3D/m3Dr4/mcs30_m3Dr4_s100.A09 fileNameGt=../../cp2016-max-common-connected-subgraph-paper/datasets/graphsdb/mcs30/m3D/m3Dr4/mcs30_m3Dr4_s100.B09
Reading graphs...
100 :  273
100 :  271
Initializing...
maxdom : 7
D->valSize : 328
Solving...
Blb : 2 (clique : 26)
currentSize : 26 <-- 0.003150 s
currentSize : 27 <-- 0.003354 s
currentSize : 28 <-- 0.011787 s
currentSize : 29 <-- 0.917314 s
currentSize : 30 <-- 1.103969 s
currentSize : 31 <-- 26.583700 s
currentSize : 32 <-- 527.668579 s

TIMEOUT
maxsize : 32
nodes : 212323499.000000
filtered : 803490823.000000
time : 1000.000061
