Parameters: GAD=1 vflib=1 dir=0 label=1 lowerbound=1 fileNameGp=../../cp2016-max-common-connected-subgraph-paper/datasets/graphsdb/mcs30/m2D/m2Dr2/mcs30_m2Dr2_s80.A08 fileNameGt=../../cp2016-max-common-connected-subgraph-paper/datasets/graphsdb/mcs30/m2D/m2Dr2/mcs30_m2Dr2_s80.B08
Reading graphs...
80 :  158
80 :  156
Initializing...
maxdom : 10
D->valSize : 413
Solving...
Blb : 2 (clique : 26)
currentSize : 26 <-- 0.006455 s
currentSize : 27 <-- 1.538728 s
currentSize : 28 <-- 71.396797 s
currentSize : 29 <-- 82.965034 s
currentSize : 30 <-- 128.710724 s
currentSize : 31 <-- 173.217941 s
currentSize : 32 <-- 182.735901 s
currentSize : 33 <-- 184.066299 s
currentSize : 34 <-- 269.250641 s
currentSize : 35 <-- 656.777100 s

TIMEOUT
maxsize : 35
nodes : 216597044.000000
filtered : 2141016582.000000
time : 1000.000061
