Parameters: GAD=1 vflib=1 dir=0 label=1 lowerbound=1 fileNameGp=../../cp2016-max-common-connected-subgraph-paper/datasets/graphsdb/mcs30/m4D/m4D/mcs30_m4D_s80.A03 fileNameGt=../../cp2016-max-common-connected-subgraph-paper/datasets/graphsdb/mcs30/m4D/m4D/mcs30_m4D_s80.B03
Reading graphs...
80 :  131
80 :  129
Initializing...
maxdom : 9
D->valSize : 407
Solving...
Blb : 2 (clique : 32)
currentSize : 32 <-- 0.003835 s
currentSize : 33 <-- 0.004086 s
currentSize : 34 <-- 0.005111 s
currentSize : 35 <-- 0.019785 s
currentSize : 36 <-- 0.029891 s
currentSize : 37 <-- 993.869629 s

TIMEOUT
maxsize : 37
nodes : 232202360.000000
filtered : 1319722691.000000
time : 1000.000061
