Parameters: GAD=1 vflib=1 dir=0 label=1 lowerbound=1 fileNameGp=../../cp2016-max-common-connected-subgraph-paper/datasets/graphsdb/mcs30/rand/r01/mcs30_r01_s100.A00 fileNameGt=../../cp2016-max-common-connected-subgraph-paper/datasets/graphsdb/mcs30/rand/r01/mcs30_r01_s100.B00
Reading graphs...
100 :  932
100 :  946
Initializing...
maxdom : 6
D->valSize : 324
Solving...
Blb : 2 (clique : 14)
currentSize : 14 <-- 0.004705 s
currentSize : 15 <-- 0.008459 s
currentSize : 16 <-- 0.018574 s
currentSize : 17 <-- 0.021015 s
currentSize : 18 <-- 0.030107 s
currentSize : 19 <-- 0.202774 s
currentSize : 20 <-- 2.790369 s
currentSize : 22 <-- 3.225148 s
currentSize : 23 <-- 5.453307 s
currentSize : 24 <-- 8.093255 s
currentSize : 25 <-- 8.422748 s
currentSize : 26 <-- 9.319841 s
currentSize : 28 <-- 16.304661 s

maxsize : 28
nodes : 4138052.000000
filtered : 37599836.000000
time : 24.904484
