Parameters: GAD=1 vflib=1 dir=0 label=1 lowerbound=1 fileNameGp=../../cp2016-max-common-connected-subgraph-paper/datasets/graphsdb/mcs30/bvg/b03m/mcs30_b03m_s60.A09 fileNameGt=../../cp2016-max-common-connected-subgraph-paper/datasets/graphsdb/mcs30/bvg/b03m/mcs30_b03m_s60.B09
Reading graphs...
60 :  90
60 :  90
Initializing...
maxdom : 9
D->valSize : 249
Solving...
Blb : 2 (clique : 22)
currentSize : 22 <-- 0.001855 s
currentSize : 23 <-- 0.001974 s
currentSize : 24 <-- 0.002406 s
currentSize : 25 <-- 0.006187 s
currentSize : 26 <-- 0.037774 s
currentSize : 27 <-- 1.804100 s
currentSize : 28 <-- 66.099205 s

maxsize : 28
nodes : 45914174.000000
filtered : 368217827.000000
time : 195.570755
