Parameters: GAD=1 vflib=1 dir=0 label=1 lowerbound=1 fileNameGp=../../cp2016-max-common-connected-subgraph-paper/datasets/graphsdb/mcs30/m4D/m4D/mcs30_m4D_s60.A09 fileNameGt=../../cp2016-max-common-connected-subgraph-paper/datasets/graphsdb/mcs30/m4D/m4D/mcs30_m4D_s60.B09
Reading graphs...
60 :  102
60 :  102
Initializing...
maxdom : 11
D->valSize : 246
Solving...
Blb : 2 (clique : 20)
currentSize : 20 <-- 0.001722 s
currentSize : 21 <-- 0.001924 s
currentSize : 22 <-- 0.004527 s
currentSize : 23 <-- 1.490551 s
currentSize : 24 <-- 1.625594 s
currentSize : 25 <-- 1.670047 s
currentSize : 26 <-- 2.002934 s
currentSize : 27 <-- 15.364627 s
currentSize : 28 <-- 22.546991 s

maxsize : 28
nodes : 7327288.000000
filtered : 46124269.000000
time : 28.997444
