Parameters: GAD=1 vflib=1 dir=0 label=1 lowerbound=1 fileNameGp=../../cp2016-max-common-connected-subgraph-paper/datasets/graphsdb/mcs30/m2D/m2Dr2/mcs30_m2Dr2_s90.A06 fileNameGt=../../cp2016-max-common-connected-subgraph-paper/datasets/graphsdb/mcs30/m2D/m2Dr2/mcs30_m2Dr2_s90.B06
Reading graphs...
90 :  178
90 :  179
Initializing...
maxdom : 9
D->valSize : 511
Solving...
Blb : 2 (clique : 31)
currentSize : 31 <-- 0.009362 s
currentSize : 32 <-- 0.010830 s
currentSize : 33 <-- 0.021732 s
currentSize : 34 <-- 0.035181 s
currentSize : 35 <-- 0.352374 s
currentSize : 36 <-- 1.632890 s

TIMEOUT
maxsize : 36
nodes : 245774970.000000
filtered : 1244059535.000000
time : 1000.000061
