Parameters: GAD=1 vflib=1 dir=0 label=1 lowerbound=1 fileNameGp=../../cp2016-max-common-connected-subgraph-paper/datasets/graphsdb/mcs30/m4D/m4Dr4/mcs30_m4Dr4_s70.A02 fileNameGt=../../cp2016-max-common-connected-subgraph-paper/datasets/graphsdb/mcs30/m4D/m4Dr4/mcs30_m4Dr4_s70.B02
Reading graphs...
70 :  144
70 :  144
Initializing...
maxdom : 7
D->valSize : 333
Solving...
Blb : 2 (clique : 23)
currentSize : 23 <-- 0.002687 s
currentSize : 24 <-- 0.012924 s
currentSize : 25 <-- 2.423478 s
currentSize : 26 <-- 10.975990 s
currentSize : 27 <-- 263.115204 s
currentSize : 28 <-- 279.758636 s

TIMEOUT
maxsize : 28
nodes : 258578934.000000
filtered : 1487953172.000000
time : 1000.000061
