Parameters: GAD=1 vflib=1 dir=0 label=1 lowerbound=1 fileNameGp=../../cp2016-max-common-connected-subgraph-paper/datasets/graphsdb/mcs30/bvg/b06m/mcs30_b06m_s80.A07 fileNameGt=../../cp2016-max-common-connected-subgraph-paper/datasets/graphsdb/mcs30/bvg/b06m/mcs30_b06m_s80.B07
Reading graphs...
80 :  233
80 :  237
Initializing...
maxdom : 9
D->valSize : 438
Solving...
Blb : 2 (clique : 24)
currentSize : 24 <-- 0.004101 s
currentSize : 25 <-- 6.190018 s
currentSize : 26 <-- 331.214478 s
currentSize : 27 <-- 353.600250 s
currentSize : 28 <-- 444.718750 s
currentSize : 29 <-- 877.348145 s

TIMEOUT
maxsize : 29
nodes : 208573452.000000
filtered : 1856666941.000000
time : 1000.000000
