Parameters: GAD=1 vflib=1 dir=0 label=1 lowerbound=1 fileNameGp=../../cp2016-max-common-connected-subgraph-paper/datasets/graphsdb/mcs30/rand/r02/mcs30_r02_s100.A08 fileNameGt=../../cp2016-max-common-connected-subgraph-paper/datasets/graphsdb/mcs30/rand/r02/mcs30_r02_s100.B08
Reading graphs...
100 :  1770
100 :  1751
Initializing...
maxdom : 6
D->valSize : 338
Solving...
Blb : 2 (clique : 7)
currentSize : 7 <-- 0.003173 s
currentSize : 8 <-- 0.003273 s
currentSize : 9 <-- 0.003434 s
currentSize : 10 <-- 0.003622 s
currentSize : 11 <-- 0.004515 s
currentSize : 13 <-- 0.004681 s
currentSize : 15 <-- 0.019324 s
currentSize : 19 <-- 0.019464 s
currentSize : 20 <-- 0.019602 s
currentSize : 26 <-- 0.020743 s

maxsize : 26
nodes : 32055.000000
filtered : 520476.000000
time : 0.216362
