Parameters: GAD=1 vflib=1 dir=0 label=1 lowerbound=1 fileNameGp=../../cp2016-max-common-connected-subgraph-paper/datasets/graphsdb/mcs30/m2D/m2D/mcs30_m2D_s50.A02 fileNameGt=../../cp2016-max-common-connected-subgraph-paper/datasets/graphsdb/mcs30/m2D/m2D/mcs30_m2D_s50.B02
Reading graphs...
50 :  85
50 :  85
Initializing...
maxdom : 8
D->valSize : 324
Solving...
Blb : 2 (clique : 20)
currentSize : 20 <-- 0.003956 s
currentSize : 21 <-- 0.015258 s
currentSize : 22 <-- 0.138609 s
currentSize : 23 <-- 4.980880 s
currentSize : 24 <-- 65.038712 s
currentSize : 25 <-- 183.038467 s

TIMEOUT
maxsize : 25
nodes : 278218324.000000
filtered : 2205180745.000000
time : 1000.000000
