Parameters: GAD=1 vflib=1 dir=0 label=1 lowerbound=1 fileNameGp=../../cp2016-max-common-connected-subgraph-paper/datasets/graphsdb/mcs30/m4D/m4Dr4/mcs30_m4Dr4_s50.A01 fileNameGt=../../cp2016-max-common-connected-subgraph-paper/datasets/graphsdb/mcs30/m4D/m4Dr4/mcs30_m4Dr4_s50.B01
Reading graphs...
50 :  107
50 :  105
Initializing...
maxdom : 9
D->valSize : 342
Solving...
Blb : 2 (clique : 18)
currentSize : 18 <-- 0.002501 s
currentSize : 19 <-- 0.019501 s
currentSize : 20 <-- 0.041054 s
currentSize : 21 <-- 1.286999 s
currentSize : 22 <-- 180.757996 s
currentSize : 23 <-- 257.852203 s

maxsize : 23
nodes : 249339357.000000
filtered : 2682600155.000000
time : 969.361877
