Parameters: GAD=1 vflib=1 dir=0 label=1 lowerbound=1 fileNameGp=../../cp2016-max-common-connected-subgraph-paper/datasets/graphsdb/mcs30/bvg/b09m/mcs30_b09m_s100.A00 fileNameGt=../../cp2016-max-common-connected-subgraph-paper/datasets/graphsdb/mcs30/bvg/b09m/mcs30_b09m_s100.B00
Reading graphs...
100 :  437
100 :  442
Initializing...
maxdom : 6
D->valSize : 333
Solving...
Blb : 2 (clique : 28)
currentSize : 28 <-- 0.003177 s
currentSize : 29 <-- 0.003386 s
currentSize : 30 <-- 0.003437 s
currentSize : 31 <-- 0.004032 s
currentSize : 32 <-- 0.005710 s
currentSize : 33 <-- 0.006179 s
currentSize : 34 <-- 0.021453 s
currentSize : 35 <-- 0.024382 s
currentSize : 36 <-- 301.212952 s

TIMEOUT
maxsize : 36
nodes : 189564533.000000
filtered : 875852732.000000
time : 1000.000061
