Parameters: GAD=1 vflib=1 dir=0 label=1 lowerbound=1 fileNameGp=../../cp2016-max-common-connected-subgraph-paper/datasets/graphsdb/mcs30/bvg/b09/mcs30_b09_s60.A07 fileNameGt=../../cp2016-max-common-connected-subgraph-paper/datasets/graphsdb/mcs30/bvg/b09/mcs30_b09_s60.B07
Reading graphs...
60 :  263
60 :  264
Initializing...
maxdom : 8
D->valSize : 246
Solving...
Blb : 5 (clique : 14)
currentSize : 14 <-- 0.001719 s
currentSize : 15 <-- 0.007002 s
currentSize : 16 <-- 0.356320 s
currentSize : 17 <-- 3.320568 s
currentSize : 18 <-- 3.330777 s
currentSize : 19 <-- 3.330802 s
currentSize : 20 <-- 3.331318 s
currentSize : 21 <-- 3.394743 s

maxsize : 21
nodes : 1398252.000000
filtered : 12242803.000000
time : 5.964435
