Parameters: GAD=1 vflib=1 dir=0 label=1 lowerbound=1 fileNameGp=../../cp2016-max-common-connected-subgraph-paper/datasets/graphsdb/mcs30/rand/r01/mcs30_r01_s80.A03 fileNameGt=../../cp2016-max-common-connected-subgraph-paper/datasets/graphsdb/mcs30/rand/r01/mcs30_r01_s80.B03
Reading graphs...
80 :  599
80 :  600
Initializing...
maxdom : 12
D->valSize : 440
Solving...
Blb : 2 (clique : 12)
currentSize : 12 <-- 0.006082 s
currentSize : 13 <-- 0.006367 s
currentSize : 15 <-- 0.013036 s
currentSize : 16 <-- 0.464207 s
currentSize : 17 <-- 0.631492 s
currentSize : 18 <-- 0.940497 s
currentSize : 20 <-- 1.955822 s
currentSize : 21 <-- 4.205608 s
currentSize : 22 <-- 7.167904 s
currentSize : 24 <-- 7.168055 s

maxsize : 24
nodes : 1887691.000000
filtered : 33256458.000000
time : 11.463045
