Parameters: GAD=1 vflib=1 dir=0 label=1 lowerbound=1 fileNameGp=../../cp2016-max-common-connected-subgraph-paper/datasets/graphsdb/mcs30/m2D/m2Dr2/mcs30_m2Dr2_s100.A09 fileNameGt=../../cp2016-max-common-connected-subgraph-paper/datasets/graphsdb/mcs30/m2D/m2Dr2/mcs30_m2Dr2_s100.B09
Reading graphs...
100 :  200
100 :  198
Initializing...
maxdom : 7
D->valSize : 352
Solving...
Blb : 2 (clique : 34)
currentSize : 34 <-- 0.005889 s
currentSize : 35 <-- 0.006322 s
currentSize : 36 <-- 0.537174 s
currentSize : 37 <-- 122.793106 s
currentSize : 38 <-- 138.362122 s
currentSize : 39 <-- 138.449371 s

TIMEOUT
maxsize : 39
nodes : 203798194.000000
filtered : 1032159556.000000
time : 1000.000061
