Parameters: GAD=1 vflib=1 dir=0 label=1 lowerbound=1 fileNameGp=../../cp2016-max-common-connected-subgraph-paper/datasets/graphsdb/mcs30/m4D/m4Dr4/mcs30_m4Dr4_s60.A09 fileNameGt=../../cp2016-max-common-connected-subgraph-paper/datasets/graphsdb/mcs30/m4D/m4Dr4/mcs30_m4Dr4_s60.B09
Reading graphs...
60 :  123
60 :  123
Initializing...
maxdom : 7
D->valSize : 253
Solving...
Blb : 2 (clique : 20)
currentSize : 20 <-- 0.001749 s
currentSize : 22 <-- 0.001859 s
currentSize : 23 <-- 0.002951 s
currentSize : 24 <-- 0.009614 s
currentSize : 25 <-- 0.012599 s
currentSize : 26 <-- 0.013530 s

maxsize : 26
nodes : 53024000.000000
filtered : 411594807.000000
time : 216.632858
