Parameters: GAD=1 vflib=1 dir=0 label=1 lowerbound=1 fileNameGp=../../cp2016-max-common-connected-subgraph-paper/datasets/graphsdb/mcs30/bvg/b06/mcs30_b06_s80.A04 fileNameGt=../../cp2016-max-common-connected-subgraph-paper/datasets/graphsdb/mcs30/bvg/b06/mcs30_b06_s80.B04
Reading graphs...
80 :  237
80 :  239
Initializing...
maxdom : 9
D->valSize : 436
Solving...
Blb : 2 (clique : 21)
currentSize : 21 <-- 0.004110 s
currentSize : 23 <-- 0.004274 s
currentSize : 24 <-- 0.004791 s
currentSize : 25 <-- 0.006789 s
currentSize : 26 <-- 0.598736 s
currentSize : 27 <-- 0.599016 s
currentSize : 28 <-- 0.955822 s
currentSize : 29 <-- 77.471550 s
currentSize : 30 <-- 79.036865 s
currentSize : 31 <-- 83.414749 s

TIMEOUT
maxsize : 31
nodes : 190105218.000000
filtered : 2082140034.000000
time : 1000.000000
