Parameters: GAD=1 vflib=1 dir=0 label=1 lowerbound=1 fileNameGp=../../cp2016-max-common-connected-subgraph-paper/datasets/graphsdb/mcs30/rand/r005/mcs30_r005_s100.A08 fileNameGt=../../cp2016-max-common-connected-subgraph-paper/datasets/graphsdb/mcs30/rand/r005/mcs30_r005_s100.B08
Reading graphs...
100 :  482
100 :  482
Initializing...
maxdom : 8
D->valSize : 358
Solving...
Blb : 2 (clique : 19)
currentSize : 19 <-- 0.005438 s
currentSize : 20 <-- 0.005738 s
currentSize : 21 <-- 0.005976 s
currentSize : 22 <-- 0.010019 s
currentSize : 23 <-- 0.037494 s
currentSize : 24 <-- 0.059418 s
currentSize : 25 <-- 0.059717 s
currentSize : 26 <-- 89.874664 s
currentSize : 27 <-- 90.791580 s

TIMEOUT
maxsize : 27
nodes : 182909441.000000
filtered : 1204164935.000000
time : 1000.000061
