Parameters: GAD=1 vflib=1 dir=0 label=1 lowerbound=1 fileNameGp=../../cp2016-max-common-connected-subgraph-paper/datasets/graphsdb/mcs30/m3D/m3Dr4/mcs30_m3Dr4_s70.A05 fileNameGt=../../cp2016-max-common-connected-subgraph-paper/datasets/graphsdb/mcs30/m3D/m3Dr4/mcs30_m3Dr4_s70.B05
Reading graphs...
70 :  183
70 :  182
Initializing...
maxdom : 10
D->valSize : 334
Solving...
Blb : 2 (clique : 25)
currentSize : 25 <-- 0.002790 s
currentSize : 26 <-- 0.003004 s
currentSize : 27 <-- 0.003404 s
currentSize : 28 <-- 0.004469 s
currentSize : 29 <-- 0.016354 s
currentSize : 30 <-- 69.182198 s
currentSize : 31 <-- 69.184326 s
currentSize : 32 <-- 69.955414 s

maxsize : 32
nodes : 82514275.000000
filtered : 766906331.000000
time : 408.770508
