Parameters: GAD=1 vflib=1 dir=0 label=1 lowerbound=1 fileNameGp=../../cp2016-max-common-connected-subgraph-paper/datasets/graphsdb/mcs30/m2D/m2Dr4/mcs30_m2Dr4_s80.A07 fileNameGt=../../cp2016-max-common-connected-subgraph-paper/datasets/graphsdb/mcs30/m2D/m2Dr4/mcs30_m2Dr4_s80.B07
Reading graphs...
80 :  173
80 :  173
Initializing...
maxdom : 8
D->valSize : 430
Solving...
Blb : 2 (clique : 27)
currentSize : 27 <-- 0.004204 s
currentSize : 28 <-- 0.417574 s
currentSize : 29 <-- 2.634421 s
currentSize : 30 <-- 10.755324 s
currentSize : 31 <-- 42.497444 s
currentSize : 32 <-- 226.003769 s
currentSize : 33 <-- 226.394073 s
currentSize : 34 <-- 404.202393 s
currentSize : 35 <-- 634.422180 s
currentSize : 36 <-- 634.422485 s

TIMEOUT
maxsize : 36
nodes : 204130368.000000
filtered : 1701560974.000000
time : 1000.000061
