Parameters: GAD=1 vflib=1 dir=0 label=1 lowerbound=1 fileNameGp=../../cp2016-max-common-connected-subgraph-paper/datasets/graphsdb/mcs30/m4D/m4D/mcs30_m4D_s50.A02 fileNameGt=../../cp2016-max-common-connected-subgraph-paper/datasets/graphsdb/mcs30/m4D/m4D/mcs30_m4D_s50.B02
Reading graphs...
50 :  87
50 :  87
Initializing...
maxdom : 11
D->valSize : 326
Solving...
Blb : 5 (clique : 20)
currentSize : 20 <-- 0.002407 s
currentSize : 21 <-- 0.260679 s
currentSize : 22 <-- 113.385040 s
currentSize : 23 <-- 258.741455 s
currentSize : 24 <-- 269.433716 s
currentSize : 25 <-- 399.773895 s

TIMEOUT
maxsize : 25
nodes : 289660122.000000
filtered : 3041553934.000000
time : 1000.000000
