Parameters: GAD=1 vflib=1 dir=0 label=1 lowerbound=1 fileNameGp=../../cp2016-max-common-connected-subgraph-paper/datasets/graphsdb/mcs30/bvg/b09m/mcs30_b09m_s60.A09 fileNameGt=../../cp2016-max-common-connected-subgraph-paper/datasets/graphsdb/mcs30/bvg/b09m/mcs30_b09m_s60.B09
Reading graphs...
60 :  261
60 :  258
Initializing...
maxdom : 7
D->valSize : 248
Solving...
Blb : 2 (clique : 13)
currentSize : 13 <-- 0.001725 s
currentSize : 14 <-- 0.004584 s
currentSize : 15 <-- 0.015226 s
currentSize : 16 <-- 0.039585 s
currentSize : 17 <-- 0.166240 s
currentSize : 18 <-- 0.640585 s
currentSize : 19 <-- 0.759716 s
currentSize : 20 <-- 0.759825 s

maxsize : 20
nodes : 2833118.000000
filtered : 24186107.000000
time : 12.103320
