Parameters: GAD=1 vflib=1 dir=0 label=1 lowerbound=1 fileNameGp=../../cp2016-max-common-connected-subgraph-paper/datasets/graphsdb/mcs30/bvg/b03m/mcs30_b03m_s60.A07 fileNameGt=../../cp2016-max-common-connected-subgraph-paper/datasets/graphsdb/mcs30/bvg/b03m/mcs30_b03m_s60.B07
Reading graphs...
60 :  90
60 :  90
Initializing...
maxdom : 8
D->valSize : 235
Solving...
Blb : 2 (clique : 23)
currentSize : 23 <-- 0.001617 s
currentSize : 24 <-- 0.001948 s
currentSize : 25 <-- 0.003096 s
currentSize : 26 <-- 0.212689 s
currentSize : 27 <-- 1.458751 s
currentSize : 28 <-- 81.116043 s

maxsize : 28
nodes : 55322365.000000
filtered : 308960205.000000
time : 189.116272
