Parameters: GAD=1 vflib=1 dir=0 label=1 lowerbound=1 fileNameGp=../../cp2016-max-common-connected-subgraph-paper/datasets/graphsdb/mcs30/rand/r01/mcs30_r01_s90.A02 fileNameGt=../../cp2016-max-common-connected-subgraph-paper/datasets/graphsdb/mcs30/rand/r01/mcs30_r01_s90.B02
Reading graphs...
90 :  762
90 :  752
Initializing...
maxdom : 9
D->valSize : 481
Solving...
Blb : 2 (clique : 13)
currentSize : 13 <-- 0.007308 s
currentSize : 14 <-- 0.007625 s
currentSize : 15 <-- 0.008316 s
currentSize : 16 <-- 0.030341 s
currentSize : 17 <-- 0.458638 s
currentSize : 18 <-- 0.863708 s
currentSize : 19 <-- 1.386096 s
currentSize : 20 <-- 5.758128 s
currentSize : 21 <-- 44.533218 s
currentSize : 22 <-- 44.533939 s
currentSize : 23 <-- 44.534203 s
currentSize : 24 <-- 48.273647 s
currentSize : 25 <-- 52.030434 s
currentSize : 27 <-- 52.030983 s

maxsize : 27
nodes : 12842215.000000
filtered : 203517185.000000
time : 79.759209
