Parameters: GAD=1 vflib=1 dir=0 label=1 lowerbound=1 fileNameGp=../../cp2016-max-common-connected-subgraph-paper/datasets/graphsdb/mcs30/m3D/m3Dr4/mcs30_m3Dr4_s70.A06 fileNameGt=../../cp2016-max-common-connected-subgraph-paper/datasets/graphsdb/mcs30/m3D/m3Dr4/mcs30_m3Dr4_s70.B06
Reading graphs...
70 :  187
70 :  185
Initializing...
maxdom : 8
D->valSize : 336
Solving...
Blb : 3 (clique : 24)
currentSize : 24 <-- 0.004257 s
currentSize : 25 <-- 0.054623 s
currentSize : 26 <-- 35.607983 s
currentSize : 27 <-- 98.902176 s
currentSize : 28 <-- 98.926010 s
currentSize : 29 <-- 430.679962 s
currentSize : 30 <-- 697.789612 s

TIMEOUT
maxsize : 30
nodes : 206623173.000000
filtered : 1892183624.000000
time : 1000.000061
