Parameters: GAD=1 vflib=1 dir=0 label=1 lowerbound=1 fileNameGp=../../cp2016-max-common-connected-subgraph-paper/datasets/graphsdb/mcs30/m3D/m3Dr6/mcs30_m3Dr6_s80.A00 fileNameGt=../../cp2016-max-common-connected-subgraph-paper/datasets/graphsdb/mcs30/m3D/m3Dr6/mcs30_m3Dr6_s80.B00
Reading graphs...
80 :  229
80 :  227
Initializing...
maxdom : 8
D->valSize : 417
Solving...
Blb : 2 (clique : 24)
currentSize : 24 <-- 0.003830 s
currentSize : 25 <-- 0.004218 s
currentSize : 27 <-- 0.041545 s
currentSize : 28 <-- 0.044306 s
currentSize : 29 <-- 0.072306 s
currentSize : 30 <-- 5.135502 s
currentSize : 31 <-- 9.226947 s
currentSize : 32 <-- 13.226683 s
currentSize : 33 <-- 449.678009 s

TIMEOUT
maxsize : 33
nodes : 195375284.000000
filtered : 1366145732.000000
time : 1000.000061
