Parameters: GAD=1 vflib=1 dir=0 label=1 lowerbound=1 fileNameGp=../../cp2016-max-common-connected-subgraph-paper/datasets/graphsdb/mcs30/m4D/m4Dr4/mcs30_m4Dr4_s60.A08 fileNameGt=../../cp2016-max-common-connected-subgraph-paper/datasets/graphsdb/mcs30/m4D/m4Dr4/mcs30_m4Dr4_s60.B08
Reading graphs...
60 :  124
60 :  124
Initializing...
maxdom : 8
D->valSize : 261
Solving...
Blb : 3 (clique : 22)
currentSize : 22 <-- 0.001856 s
currentSize : 23 <-- 0.539033 s
currentSize : 24 <-- 13.566696 s
currentSize : 25 <-- 78.829483 s
currentSize : 26 <-- 96.587685 s

maxsize : 26
nodes : 29045974.000000
filtered : 275813401.000000
time : 125.801353
