Parameters: GAD=1 vflib=1 dir=0 label=1 lowerbound=1 fileNameGp=../../cp2016-max-common-connected-subgraph-paper/datasets/graphsdb/mcs30/bvg/b09m/mcs30_b09m_s80.A02 fileNameGt=../../cp2016-max-common-connected-subgraph-paper/datasets/graphsdb/mcs30/bvg/b09m/mcs30_b09m_s80.B02
Reading graphs...
80 :  349
80 :  348
Initializing...
maxdom : 10
D->valSize : 395
Solving...
Blb : 3 (clique : 20)
currentSize : 20 <-- 0.003741 s
currentSize : 21 <-- 0.334403 s
currentSize : 22 <-- 1.353480 s
currentSize : 23 <-- 30.631687 s
currentSize : 24 <-- 448.339691 s
currentSize : 25 <-- 475.331299 s

TIMEOUT
maxsize : 25
nodes : 195517822.000000
filtered : 1862638441.000000
time : 1000.000061
