Parameters: GAD=1 vflib=1 dir=0 label=1 lowerbound=1 fileNameGp=../../cp2016-max-common-connected-subgraph-paper/datasets/graphsdb/mcs30/rand/r01/mcs30_r01_s80.A07 fileNameGt=../../cp2016-max-common-connected-subgraph-paper/datasets/graphsdb/mcs30/rand/r01/mcs30_r01_s80.B07
Reading graphs...
80 :  594
80 :  590
Initializing...
maxdom : 11
D->valSize : 473
Solving...
Blb : 2 (clique : 13)
currentSize : 13 <-- 0.004405 s
currentSize : 14 <-- 0.004520 s
currentSize : 15 <-- 0.119527 s
currentSize : 16 <-- 0.422220 s
currentSize : 17 <-- 1.201530 s
currentSize : 18 <-- 2.490330 s
currentSize : 19 <-- 2.490833 s
currentSize : 20 <-- 5.843207 s
currentSize : 21 <-- 20.332485 s
currentSize : 22 <-- 22.670168 s
currentSize : 23 <-- 32.906033 s
currentSize : 24 <-- 32.949673 s

maxsize : 24
nodes : 7727489.000000
filtered : 127978585.000000
time : 46.287422
