Parameters: GAD=1 vflib=1 dir=0 label=1 lowerbound=1 fileNameGp=../../cp2016-max-common-connected-subgraph-paper/datasets/graphsdb/mcs30/rand/r005/mcs30_r005_s70.A00 fileNameGt=../../cp2016-max-common-connected-subgraph-paper/datasets/graphsdb/mcs30/rand/r005/mcs30_r005_s70.B00
Reading graphs...
70 :  234
70 :  234
Initializing...
maxdom : 9
D->valSize : 373
Solving...
Blb : 5 (clique : 17)
currentSize : 17 <-- 0.003200 s
currentSize : 18 <-- 0.003458 s
currentSize : 20 <-- 0.013591 s
currentSize : 21 <-- 0.019587 s
currentSize : 22 <-- 0.904578 s
currentSize : 23 <-- 8.950725 s

TIMEOUT
maxsize : 23
nodes : 194956874.000000
filtered : 2456967263.000000
time : 1000.000000
