Parameters: GAD=1 vflib=1 dir=0 label=1 lowerbound=1 fileNameGp=../../cp2016-max-common-connected-subgraph-paper/datasets/graphsdb/mcs30/bvg/b03/mcs30_b03_s50.A00 fileNameGt=../../cp2016-max-common-connected-subgraph-paper/datasets/graphsdb/mcs30/bvg/b03/mcs30_b03_s50.B00
Reading graphs...
50 :  75
50 :  75
Initializing...
maxdom : 9
D->valSize : 340
Solving...
Blb : 2 (clique : 19)
currentSize : 19 <-- 0.002486 s
currentSize : 20 <-- 0.007341 s
currentSize : 21 <-- 0.007923 s
currentSize : 22 <-- 0.013558 s
currentSize : 23 <-- 0.447490 s
currentSize : 24 <-- 84.737579 s

TIMEOUT
maxsize : 24
nodes : 278886413.000000
filtered : 3621360074.000000
time : 1000.000000
