Parameters: GAD=1 vflib=1 dir=0 label=1 lowerbound=1 fileNameGp=../../cp2016-max-common-connected-subgraph-paper/datasets/graphsdb/mcs30/m2D/m2D/mcs30_m2D_s60.A09 fileNameGt=../../cp2016-max-common-connected-subgraph-paper/datasets/graphsdb/mcs30/m2D/m2D/mcs30_m2D_s60.B09
Reading graphs...
60 :  104
60 :  104
Initializing...
maxdom : 7
D->valSize : 231
Solving...
Blb : 2 (clique : 22)
currentSize : 22 <-- 0.002595 s
currentSize : 23 <-- 0.002772 s
currentSize : 24 <-- 0.009833 s
currentSize : 25 <-- 0.022128 s
currentSize : 26 <-- 0.037610 s
currentSize : 27 <-- 0.103207 s
currentSize : 28 <-- 224.415222 s
currentSize : 29 <-- 484.950043 s

maxsize : 29
nodes : 167734057.000000
filtered : 1016956131.000000
time : 633.478455
