Parameters: GAD=1 vflib=1 dir=0 label=1 lowerbound=1 fileNameGp=../../cp2016-max-common-connected-subgraph-paper/datasets/graphsdb/mcs30/m2D/m2D/mcs30_m2D_s100.A08 fileNameGt=../../cp2016-max-common-connected-subgraph-paper/datasets/graphsdb/mcs30/m2D/m2D/mcs30_m2D_s100.B08
Reading graphs...
100 :  179
100 :  179
Initializing...
maxdom : 7
D->valSize : 340
Solving...
Blb : 2 (clique : 31)
currentSize : 31 <-- 0.005418 s
currentSize : 32 <-- 0.006098 s
currentSize : 34 <-- 0.012088 s
currentSize : 35 <-- 0.030069 s
currentSize : 36 <-- 0.160141 s
currentSize : 37 <-- 0.835586 s

TIMEOUT
maxsize : 37
nodes : 201200701.000000
filtered : 732829875.000000
time : 1000.000061
