Parameters: GAD=1 vflib=1 dir=0 label=1 lowerbound=1 fileNameGp=../../cp2016-max-common-connected-subgraph-paper/datasets/graphsdb/mcs30/m4D/m4Dr2/mcs30_m4Dr2_s70.A09 fileNameGt=../../cp2016-max-common-connected-subgraph-paper/datasets/graphsdb/mcs30/m4D/m4Dr2/mcs30_m4Dr2_s70.B09
Reading graphs...
70 :  129
70 :  129
Initializing...
maxdom : 11
D->valSize : 325
Solving...
Blb : 2 (clique : 25)
currentSize : 25 <-- 0.002720 s
currentSize : 26 <-- 0.031715 s
currentSize : 27 <-- 11.130710 s
currentSize : 28 <-- 394.982788 s
currentSize : 29 <-- 931.049255 s
currentSize : 30 <-- 950.909485 s

TIMEOUT
maxsize : 30
nodes : 248760425.000000
filtered : 1501332931.000000
time : 1000.000000
