Parameters: GAD=1 vflib=1 dir=0 label=1 lowerbound=1 fileNameGp=../../cp2016-max-common-connected-subgraph-paper/datasets/graphsdb/mcs30/m4D/m4Dr4/mcs30_m4Dr4_s90.A08 fileNameGt=../../cp2016-max-common-connected-subgraph-paper/datasets/graphsdb/mcs30/m4D/m4Dr4/mcs30_m4Dr4_s90.B08
Reading graphs...
90 :  180
90 :  181
Initializing...
maxdom : 10
D->valSize : 510
Solving...
Blb : 2 (clique : 32)
currentSize : 32 <-- 0.005730 s
currentSize : 33 <-- 0.006050 s
currentSize : 35 <-- 0.060811 s
currentSize : 36 <-- 0.077180 s
currentSize : 37 <-- 0.203912 s
currentSize : 38 <-- 1.054313 s
currentSize : 39 <-- 585.086243 s

TIMEOUT
maxsize : 39
nodes : 235713151.000000
filtered : 1204573445.000000
time : 1000.000061
