Parameters: GAD=1 vflib=1 dir=0 label=1 lowerbound=1 fileNameGp=../../cp2016-max-common-connected-subgraph-paper/datasets/graphsdb/mcs30/bvg/b09m/mcs30_b09m_s50.A02 fileNameGt=../../cp2016-max-common-connected-subgraph-paper/datasets/graphsdb/mcs30/bvg/b09m/mcs30_b09m_s50.B02
Reading graphs...
50 :  215
50 :  213
Initializing...
maxdom : 9
D->valSize : 278
Solving...
Blb : 5 (clique : 11)
currentSize : 11 <-- 0.001795 s
currentSize : 12 <-- 0.009243 s
currentSize : 13 <-- 0.024207 s
currentSize : 14 <-- 0.416477 s
currentSize : 15 <-- 0.431361 s
currentSize : 16 <-- 1.101807 s
currentSize : 17 <-- 2.325813 s

maxsize : 17
nodes : 952361.000000
filtered : 11826671.000000
time : 3.808294
