Parameters: GAD=1 vflib=1 dir=0 label=1 lowerbound=1 fileNameGp=../../cp2016-max-common-connected-subgraph-paper/datasets/graphsdb/mcs30/bvg/b03m/mcs30_b03m_s60.A03 fileNameGt=../../cp2016-max-common-connected-subgraph-paper/datasets/graphsdb/mcs30/bvg/b03m/mcs30_b03m_s60.B03
Reading graphs...
60 :  90
60 :  90
Initializing...
maxdom : 7
D->valSize : 255
Solving...
Blb : 2 (clique : 24)
currentSize : 24 <-- 0.001784 s
currentSize : 25 <-- 0.054155 s
currentSize : 26 <-- 1.180025 s
currentSize : 27 <-- 113.926064 s
currentSize : 28 <-- 250.303802 s

maxsize : 28
nodes : 155894168.000000
filtered : 1252075380.000000
time : 634.023010
