Parameters: GAD=1 vflib=1 dir=0 label=1 lowerbound=1 fileNameGp=../../cp2016-max-common-connected-subgraph-paper/datasets/graphsdb/mcs30/rand/r01/mcs30_r01_s100.A09 fileNameGt=../../cp2016-max-common-connected-subgraph-paper/datasets/graphsdb/mcs30/rand/r01/mcs30_r01_s100.B09
Reading graphs...
100 :  936
100 :  938
Initializing...
maxdom : 7
D->valSize : 323
Solving...
Blb : 2 (clique : 14)
currentSize : 14 <-- 0.002972 s
currentSize : 15 <-- 0.025716 s
currentSize : 17 <-- 0.027069 s
currentSize : 18 <-- 0.113112 s
currentSize : 19 <-- 0.234891 s
currentSize : 20 <-- 0.620158 s
currentSize : 21 <-- 0.620608 s
currentSize : 22 <-- 5.142480 s
currentSize : 23 <-- 13.252008 s
currentSize : 25 <-- 13.261018 s
currentSize : 26 <-- 14.465183 s

maxsize : 26
nodes : 3979941.000000
filtered : 38532487.000000
time : 24.172218
