Parameters: GAD=1 vflib=1 dir=0 label=1 lowerbound=1 fileNameGp=../../cp2016-max-common-connected-subgraph-paper/datasets/graphsdb/mcs30/bvg/b09/mcs30_b09_s100.A04 fileNameGt=../../cp2016-max-common-connected-subgraph-paper/datasets/graphsdb/mcs30/bvg/b09/mcs30_b09_s100.B04
Reading graphs...
100 :  449
100 :  445
Initializing...
maxdom : 8
D->valSize : 339
Solving...
Blb : 2 (clique : 21)
currentSize : 21 <-- 0.003271 s
currentSize : 23 <-- 0.003744 s
currentSize : 24 <-- 0.030061 s
currentSize : 25 <-- 0.094047 s
currentSize : 26 <-- 0.613980 s
currentSize : 28 <-- 2.783482 s
currentSize : 29 <-- 2.912133 s
currentSize : 30 <-- 2.961688 s
currentSize : 31 <-- 3.343238 s
currentSize : 32 <-- 4.053162 s
currentSize : 33 <-- 4.139745 s
currentSize : 34 <-- 463.632477 s

TIMEOUT
maxsize : 34
nodes : 172930500.000000
filtered : 1226670425.000000
time : 1000.000061
