Parameters: GAD=1 vflib=1 dir=0 label=1 lowerbound=1 fileNameGp=../../cp2016-max-common-connected-subgraph-paper/datasets/graphsdb/mcs30/m3D/m3Dr6/mcs30_m3Dr6_s70.A00 fileNameGt=../../cp2016-max-common-connected-subgraph-paper/datasets/graphsdb/mcs30/m3D/m3Dr6/mcs30_m3Dr6_s70.B00
Reading graphs...
70 :  199
70 :  200
Initializing...
maxdom : 8
D->valSize : 332
Solving...
Blb : 2 (clique : 21)
currentSize : 21 <-- 0.002667 s
currentSize : 23 <-- 0.002821 s
currentSize : 24 <-- 0.034858 s
currentSize : 26 <-- 0.071476 s
currentSize : 27 <-- 0.071527 s
currentSize : 28 <-- 0.123662 s
currentSize : 29 <-- 1.397336 s
currentSize : 30 <-- 1.397399 s

TIMEOUT
maxsize : 30
nodes : 199858583.000000
filtered : 1773490831.000000
time : 1000.000000
