Parameters: GAD=1 vflib=1 dir=0 label=1 lowerbound=1 fileNameGp=../../cp2016-max-common-connected-subgraph-paper/datasets/graphsdb/mcs30/bvg/b09m/mcs30_b09m_s80.A03 fileNameGt=../../cp2016-max-common-connected-subgraph-paper/datasets/graphsdb/mcs30/bvg/b09m/mcs30_b09m_s80.B03
Reading graphs...
80 :  348
80 :  348
Initializing...
maxdom : 9
D->valSize : 448
Solving...
Blb : 3 (clique : 20)
currentSize : 20 <-- 0.006514 s
currentSize : 21 <-- 0.008446 s
currentSize : 22 <-- 0.086013 s
currentSize : 23 <-- 1.613557 s
currentSize : 24 <-- 7.736321 s
currentSize : 25 <-- 9.544729 s
currentSize : 26 <-- 317.403137 s

TIMEOUT
maxsize : 26
nodes : 179875691.000000
filtered : 2231478516.000000
time : 1000.000000
