Parameters: GAD=1 vflib=1 dir=0 label=1 lowerbound=1 fileNameGp=../../cp2016-max-common-connected-subgraph-paper/datasets/graphsdb/mcs30/bvg/b09/mcs30_b09_s50.A04 fileNameGt=../../cp2016-max-common-connected-subgraph-paper/datasets/graphsdb/mcs30/bvg/b09/mcs30_b09_s50.B04
Reading graphs...
50 :  218
50 :  218
Initializing...
maxdom : 10
D->valSize : 318
Solving...
Blb : 2 (clique : 9)
currentSize : 9 <-- 0.003166 s
currentSize : 11 <-- 0.003283 s
currentSize : 12 <-- 0.003462 s
currentSize : 13 <-- 0.004852 s
currentSize : 14 <-- 0.054320 s
currentSize : 15 <-- 0.069525 s
currentSize : 16 <-- 3.211903 s
currentSize : 17 <-- 4.004023 s
currentSize : 18 <-- 6.130706 s

maxsize : 18
nodes : 2135104.000000
filtered : 29662889.000000
time : 9.045558
