Parameters: GAD=1 vflib=1 dir=0 label=1 lowerbound=1 fileNameGp=../../cp2016-max-common-connected-subgraph-paper/datasets/graphsdb/mcs30/m4D/m4D/mcs30_m4D_s50.A06 fileNameGt=../../cp2016-max-common-connected-subgraph-paper/datasets/graphsdb/mcs30/m4D/m4D/mcs30_m4D_s50.B06
Reading graphs...
50 :  86
50 :  87
Initializing...
maxdom : 11
D->valSize : 313
Solving...
Blb : 2 (clique : 20)
currentSize : 20 <-- 0.003357 s
currentSize : 21 <-- 0.126531 s
currentSize : 22 <-- 0.295405 s
currentSize : 23 <-- 30.746387 s
currentSize : 24 <-- 59.206558 s
currentSize : 25 <-- 71.589066 s

maxsize : 25
nodes : 102902137.000000
filtered : 1087078923.000000
time : 368.422516
