Parameters: GAD=1 vflib=1 dir=0 label=1 lowerbound=1 fileNameGp=../../cp2016-max-common-connected-subgraph-paper/datasets/graphsdb/mcs30/bvg/b06/mcs30_b06_s50.A08 fileNameGt=../../cp2016-max-common-connected-subgraph-paper/datasets/graphsdb/mcs30/bvg/b06/mcs30_b06_s50.B08
Reading graphs...
50 :  145
50 :  150
Initializing...
maxdom : 8
D->valSize : 300
Solving...
Blb : 3 (clique : 15)
currentSize : 15 <-- 0.001991 s
currentSize : 16 <-- 0.002451 s
currentSize : 17 <-- 0.002530 s
currentSize : 18 <-- 1.373397 s
currentSize : 19 <-- 76.921989 s
currentSize : 20 <-- 157.448425 s

maxsize : 20
nodes : 48547315.000000
filtered : 524782514.000000
time : 193.211441
