Parameters: GAD=1 vflib=1 dir=0 label=1 lowerbound=1 fileNameGp=../../cp2016-max-common-connected-subgraph-paper/datasets/graphsdb/mcs30/m4D/m4Dr2/mcs30_m4Dr2_s60.A03 fileNameGt=../../cp2016-max-common-connected-subgraph-paper/datasets/graphsdb/mcs30/m4D/m4Dr2/mcs30_m4Dr2_s60.B03
Reading graphs...
60 :  114
60 :  114
Initializing...
maxdom : 9
D->valSize : 271
Solving...
Blb : 5 (clique : 21)
currentSize : 21 <-- 0.003012 s
currentSize : 22 <-- 0.280614 s
currentSize : 23 <-- 0.794623 s
currentSize : 24 <-- 4.395364 s
currentSize : 25 <-- 9.300697 s
currentSize : 26 <-- 23.264805 s

maxsize : 26
nodes : 28250695.000000
filtered : 260714820.000000
time : 124.986671
