Parameters: GAD=1 vflib=1 dir=0 label=1 lowerbound=1 fileNameGp=../../cp2016-max-common-connected-subgraph-paper/datasets/graphsdb/mcs30/rand/r01/mcs30_r01_s50.A05 fileNameGt=../../cp2016-max-common-connected-subgraph-paper/datasets/graphsdb/mcs30/rand/r01/mcs30_r01_s50.B05
Reading graphs...
50 :  233
50 :  227
Initializing...
maxdom : 10
D->valSize : 325
Solving...
Blb : 3 (clique : 11)
currentSize : 11 <-- 0.002142 s
currentSize : 12 <-- 0.002229 s
currentSize : 13 <-- 0.002415 s
currentSize : 14 <-- 0.009933 s
currentSize : 15 <-- 0.539907 s
currentSize : 16 <-- 3.366186 s

maxsize : 16
nodes : 2399859.000000
filtered : 35274705.000000
time : 10.277539
