Parameters: GAD=1 vflib=1 dir=0 label=1 lowerbound=1 fileNameGp=../../cp2016-max-common-connected-subgraph-paper/datasets/graphsdb/mcs30/bvg/b06/mcs30_b06_s70.A07 fileNameGt=../../cp2016-max-common-connected-subgraph-paper/datasets/graphsdb/mcs30/bvg/b06/mcs30_b06_s70.B07
Reading graphs...
70 :  208
70 :  208
Initializing...
maxdom : 8
D->valSize : 313
Solving...
Blb : 2 (clique : 22)
currentSize : 22 <-- 0.002444 s
currentSize : 23 <-- 0.002772 s
currentSize : 24 <-- 0.006957 s
currentSize : 25 <-- 0.431361 s
currentSize : 26 <-- 0.727859 s

maxsize : 26
nodes : 184136312.000000
filtered : 1847577909.000000
time : 878.412903
