Parameters: GAD=1 vflib=1 dir=0 label=1 lowerbound=1 fileNameGp=../../cp2016-max-common-connected-subgraph-paper/datasets/graphsdb/mcs30/bvg/b09m/mcs30_b09m_s70.A08 fileNameGt=../../cp2016-max-common-connected-subgraph-paper/datasets/graphsdb/mcs30/bvg/b09m/mcs30_b09m_s70.B08
Reading graphs...
70 :  306
70 :  305
Initializing...
maxdom : 10
D->valSize : 340
Solving...
Blb : 2 (clique : 18)
currentSize : 18 <-- 0.002645 s
currentSize : 19 <-- 0.003022 s
currentSize : 20 <-- 0.003084 s
currentSize : 21 <-- 0.003507 s
currentSize : 23 <-- 0.009382 s
currentSize : 24 <-- 12.248088 s

maxsize : 24
nodes : 10927953.000000
filtered : 127216107.000000
time : 56.009995
