Parameters: GAD=1 vflib=1 dir=0 label=1 lowerbound=1 fileNameGp=../../cp2016-max-common-connected-subgraph-paper/datasets/graphsdb/mcs30/m2D/m2Dr4/mcs30_m2Dr4_s50.A00 fileNameGt=../../cp2016-max-common-connected-subgraph-paper/datasets/graphsdb/mcs30/m2D/m2Dr4/mcs30_m2Dr4_s50.B00
Reading graphs...
50 :  102
50 :  103
Initializing...
maxdom : 10
D->valSize : 342
Solving...
Blb : 2 (clique : 14)
currentSize : 14 <-- 0.002379 s
currentSize : 15 <-- 0.003216 s
currentSize : 16 <-- 0.005165 s
currentSize : 17 <-- 0.005252 s
currentSize : 18 <-- 0.073071 s
currentSize : 19 <-- 0.283887 s
currentSize : 20 <-- 0.475100 s
currentSize : 21 <-- 2.201048 s
currentSize : 22 <-- 7.661870 s
currentSize : 23 <-- 38.006069 s

maxsize : 23
nodes : 61733543.000000
filtered : 801546387.000000
time : 248.259827
