Parameters: GAD=1 vflib=1 dir=0 label=1 lowerbound=1 fileNameGp=../../cp2016-max-common-connected-subgraph-paper/datasets/graphsdb/mcs30/rand/r005/mcs30_r005_s80.A07 fileNameGt=../../cp2016-max-common-connected-subgraph-paper/datasets/graphsdb/mcs30/rand/r005/mcs30_r005_s80.B07
Reading graphs...
80 :  302
80 :  305
Initializing...
maxdom : 9
D->valSize : 424
Solving...
Blb : 2 (clique : 19)
currentSize : 19 <-- 0.003977 s
currentSize : 20 <-- 0.004115 s
currentSize : 21 <-- 0.004854 s
currentSize : 22 <-- 0.088320 s
currentSize : 23 <-- 0.140589 s
currentSize : 24 <-- 0.155870 s
currentSize : 25 <-- 2.403164 s
currentSize : 26 <-- 818.373596 s

TIMEOUT
maxsize : 26
nodes : 199554669.000000
filtered : 1756543675.000000
time : 1000.000061
