Parameters: GAD=1 vflib=1 dir=0 label=1 lowerbound=1 fileNameGp=../../cp2016-max-common-connected-subgraph-paper/datasets/graphsdb/mcs30/m4D/m4Dr4/mcs30_m4Dr4_s70.A09 fileNameGt=../../cp2016-max-common-connected-subgraph-paper/datasets/graphsdb/mcs30/m4D/m4Dr4/mcs30_m4Dr4_s70.B09
Reading graphs...
70 :  144
70 :  144
Initializing...
maxdom : 8
D->valSize : 296
Solving...
Blb : 3 (clique : 22)
currentSize : 22 <-- 0.002315 s
currentSize : 23 <-- 0.004453 s
currentSize : 24 <-- 0.186258 s
currentSize : 25 <-- 0.187016 s
currentSize : 26 <-- 0.423331 s
currentSize : 27 <-- 13.433049 s

TIMEOUT
maxsize : 27
nodes : 272548782.000000
filtered : 1344413585.000000
time : 1000.000000
