Parameters: GAD=1 vflib=1 dir=0 label=1 lowerbound=1 fileNameGp=../../cp2016-max-common-connected-subgraph-paper/datasets/graphsdb/mcs30/m2D/m2D/mcs30_m2D_s80.A02 fileNameGt=../../cp2016-max-common-connected-subgraph-paper/datasets/graphsdb/mcs30/m2D/m2D/mcs30_m2D_s80.B02
Reading graphs...
80 :  140
80 :  141
Initializing...
maxdom : 11
D->valSize : 456
Solving...
Blb : 2 (clique : 30)
currentSize : 30 <-- 0.004748 s
currentSize : 32 <-- 0.004987 s
currentSize : 34 <-- 0.005124 s
currentSize : 35 <-- 0.009791 s
currentSize : 36 <-- 0.009862 s
currentSize : 37 <-- 0.112557 s

TIMEOUT
maxsize : 37
nodes : 242121319.000000
filtered : 1485054981.000000
time : 1000.000061
