Parameters: GAD=1 vflib=1 dir=0 label=1 lowerbound=1 fileNameGp=../../cp2016-max-common-connected-subgraph-paper/datasets/graphsdb/mcs30/m3D/m3Dr4/mcs30_m3Dr4_s90.A04 fileNameGt=../../cp2016-max-common-connected-subgraph-paper/datasets/graphsdb/mcs30/m3D/m3Dr4/mcs30_m3Dr4_s90.B04
Reading graphs...
90 :  244
90 :  242
Initializing...
maxdom : 9
D->valSize : 523
Solving...
Blb : 2 (clique : 28)
currentSize : 28 <-- 0.009267 s
currentSize : 29 <-- 0.009597 s
currentSize : 30 <-- 0.009932 s
currentSize : 31 <-- 0.248268 s
currentSize : 32 <-- 5.383309 s
currentSize : 33 <-- 10.457424 s
currentSize : 34 <-- 80.793236 s

TIMEOUT
maxsize : 34
nodes : 208029034.000000
filtered : 1524810214.000000
time : 1000.000061
