Parameters: GAD=1 vflib=1 dir=0 label=1 lowerbound=1 fileNameGp=../../cp2016-max-common-connected-subgraph-paper/datasets/graphsdb/mcs30/m4D/m4Dr2/mcs30_m4Dr2_s70.A02 fileNameGt=../../cp2016-max-common-connected-subgraph-paper/datasets/graphsdb/mcs30/m4D/m4Dr2/mcs30_m4Dr2_s70.B02
Reading graphs...
70 :  131
70 :  130
Initializing...
maxdom : 10
D->valSize : 321
Solving...
Blb : 2 (clique : 25)
currentSize : 25 <-- 0.004214 s
currentSize : 26 <-- 0.005755 s
currentSize : 27 <-- 0.130603 s
currentSize : 28 <-- 44.397675 s
currentSize : 29 <-- 126.506210 s
currentSize : 30 <-- 126.506897 s
currentSize : 31 <-- 129.331238 s

maxsize : 31
nodes : 155755618.000000
filtered : 1313276190.000000
time : 688.186340
