Parameters: GAD=1 vflib=1 dir=0 label=1 lowerbound=1 fileNameGp=../../cp2016-max-common-connected-subgraph-paper/datasets/graphsdb/mcs30/bvg/b03/mcs30_b03_s60.A08 fileNameGt=../../cp2016-max-common-connected-subgraph-paper/datasets/graphsdb/mcs30/bvg/b03/mcs30_b03_s60.B08
Reading graphs...
60 :  90
60 :  90
Initializing...
maxdom : 7
D->valSize : 244
Solving...
Blb : 2 (clique : 24)
currentSize : 24 <-- 0.002722 s
currentSize : 25 <-- 0.017886 s
currentSize : 26 <-- 0.059838 s
currentSize : 27 <-- 0.080913 s
currentSize : 28 <-- 0.083267 s
currentSize : 29 <-- 1.614321 s
currentSize : 30 <-- 16.848442 s
currentSize : 31 <-- 329.447693 s

TIMEOUT
maxsize : 31
nodes : 243436419.000000
filtered : 1728505494.000000
time : 1000.000000
