Parameters: GAD=1 vflib=1 dir=0 label=1 lowerbound=1 fileNameGp=../../cp2016-max-common-connected-subgraph-paper/datasets/graphsdb/mcs30/m4D/m4D/mcs30_m4D_s90.A00 fileNameGt=../../cp2016-max-common-connected-subgraph-paper/datasets/graphsdb/mcs30/m4D/m4D/mcs30_m4D_s90.B00
Reading graphs...
90 :  146
90 :  145
Initializing...
maxdom : 10
D->valSize : 518
Solving...
Blb : 2 (clique : 35)
currentSize : 35 <-- 0.005985 s
currentSize : 36 <-- 0.548851 s
currentSize : 37 <-- 0.549017 s
currentSize : 38 <-- 0.851988 s
currentSize : 39 <-- 25.694073 s
currentSize : 40 <-- 25.694340 s
currentSize : 41 <-- 29.028534 s

TIMEOUT
maxsize : 41
nodes : 203502988.000000
filtered : 1701650733.000000
time : 1000.000061
