Parameters: GAD=1 vflib=1 dir=0 label=1 lowerbound=1 fileNameGp=../../cp2016-max-common-connected-subgraph-paper/datasets/graphsdb/mcs30/bvg/b09/mcs30_b09_s90.A03 fileNameGt=../../cp2016-max-common-connected-subgraph-paper/datasets/graphsdb/mcs30/bvg/b09/mcs30_b09_s90.B03
Reading graphs...
90 :  396
90 :  399
Initializing...
maxdom : 8
D->valSize : 525
Solving...
Blb : 2 (clique : 23)
currentSize : 23 <-- 0.009357 s
currentSize : 24 <-- 0.009805 s
currentSize : 25 <-- 0.130386 s
currentSize : 26 <-- 0.135929 s
currentSize : 27 <-- 0.380276 s
currentSize : 28 <-- 36.713455 s

TIMEOUT
maxsize : 28
nodes : 167547297.000000
filtered : 1886044727.000000
time : 1000.000061
