Parameters: GAD=1 vflib=1 dir=0 label=1 lowerbound=1 fileNameGp=../../cp2016-max-common-connected-subgraph-paper/datasets/graphsdb/mcs30/m4D/m4Dr2/mcs30_m4Dr2_s50.A09 fileNameGt=../../cp2016-max-common-connected-subgraph-paper/datasets/graphsdb/mcs30/m4D/m4Dr2/mcs30_m4Dr2_s50.B09
Reading graphs...
50 :  96
50 :  95
Initializing...
maxdom : 9
D->valSize : 318
Solving...
Blb : 2 (clique : 21)
currentSize : 21 <-- 0.002278 s
currentSize : 22 <-- 0.067201 s
currentSize : 23 <-- 0.067289 s
currentSize : 24 <-- 0.078077 s
currentSize : 25 <-- 730.006165 s

maxsize : 25
nodes : 241294696.000000
filtered : 2879862830.000000
time : 995.382629
