Parameters: GAD=1 vflib=1 dir=0 label=1 lowerbound=1 fileNameGp=../../cp2016-max-common-connected-subgraph-paper/datasets/graphsdb/mcs30/m2D/m2Dr6/mcs30_m2Dr6_s60.A08 fileNameGt=../../cp2016-max-common-connected-subgraph-paper/datasets/graphsdb/mcs30/m2D/m2Dr6/mcs30_m2Dr6_s60.B08
Reading graphs...
60 :  136
60 :  138
Initializing...
maxdom : 7
D->valSize : 220
Solving...
Blb : 5 (clique : 19)
currentSize : 19 <-- 0.001536 s
currentSize : 20 <-- 0.026615 s
currentSize : 21 <-- 0.245580 s
currentSize : 22 <-- 0.486137 s
currentSize : 23 <-- 2.904405 s
currentSize : 24 <-- 7.344188 s

maxsize : 24
nodes : 25411283.000000
filtered : 146022955.000000
time : 94.701294
