Parameters: GAD=1 vflib=1 dir=0 label=1 lowerbound=1 fileNameGp=../../cp2016-max-common-connected-subgraph-paper/datasets/graphsdb/mcs30/m4D/m4Dr2/mcs30_m4Dr2_s50.A07 fileNameGt=../../cp2016-max-common-connected-subgraph-paper/datasets/graphsdb/mcs30/m4D/m4Dr2/mcs30_m4Dr2_s50.B07
Reading graphs...
50 :  96
50 :  95
Initializing...
maxdom : 8
D->valSize : 317
Solving...
Blb : 5 (clique : 19)
currentSize : 19 <-- 0.002130 s
currentSize : 20 <-- 0.003935 s
currentSize : 21 <-- 0.026721 s
currentSize : 22 <-- 0.481578 s
currentSize : 23 <-- 33.710701 s
currentSize : 24 <-- 256.624176 s

TIMEOUT
maxsize : 24
nodes : 273594475.000000
filtered : 2846828737.000000
time : 1000.000000
