Parameters: GAD=1 vflib=1 dir=0 label=1 lowerbound=1 fileNameGp=../../cp2016-max-common-connected-subgraph-paper/datasets/graphsdb/mcs30/m3D/m3D/mcs30_m3D_s70.A09 fileNameGt=../../cp2016-max-common-connected-subgraph-paper/datasets/graphsdb/mcs30/m3D/m3D/mcs30_m3D_s70.B09
Reading graphs...
70 :  158
70 :  159
Initializing...
maxdom : 10
D->valSize : 330
Solving...
Blb : 2 (clique : 25)
currentSize : 25 <-- 0.002775 s
currentSize : 26 <-- 0.005869 s
currentSize : 27 <-- 0.006010 s
currentSize : 28 <-- 0.277723 s
currentSize : 29 <-- 261.387238 s
currentSize : 30 <-- 568.095154 s

TIMEOUT
maxsize : 30
nodes : 222713102.000000
filtered : 1789108284.000000
time : 1000.000000
