Parameters: GAD=1 vflib=1 dir=0 label=1 lowerbound=1 fileNameGp=../../cp2016-max-common-connected-subgraph-paper/datasets/graphsdb/mcs30/m4D/m4Dr6/mcs30_m4Dr6_s90.A05 fileNameGt=../../cp2016-max-common-connected-subgraph-paper/datasets/graphsdb/mcs30/m4D/m4Dr6/mcs30_m4Dr6_s90.B05
Reading graphs...
90 :  197
90 :  196
Initializing...
maxdom : 10
D->valSize : 515
Solving...
Blb : 2 (clique : 31)
currentSize : 31 <-- 0.005685 s
currentSize : 32 <-- 0.005947 s
currentSize : 33 <-- 0.006098 s
currentSize : 34 <-- 0.006260 s
currentSize : 35 <-- 0.006485 s
currentSize : 36 <-- 0.009575 s
currentSize : 37 <-- 0.247863 s

TIMEOUT
maxsize : 37
nodes : 247083105.000000
filtered : 1123011819.000000
time : 1000.000061
