Parameters: GAD=1 vflib=1 dir=0 label=1 lowerbound=1 fileNameGp=../../cp2016-max-common-connected-subgraph-paper/datasets/graphsdb/mcs30/m3D/m3Dr6/mcs30_m3Dr6_s80.A02 fileNameGt=../../cp2016-max-common-connected-subgraph-paper/datasets/graphsdb/mcs30/m3D/m3Dr6/mcs30_m3Dr6_s80.B02
Reading graphs...
80 :  227
80 :  229
Initializing...
maxdom : 8
D->valSize : 433
Solving...
Blb : 2 (clique : 20)
currentSize : 20 <-- 0.004185 s
currentSize : 22 <-- 0.004335 s
currentSize : 23 <-- 0.057374 s
currentSize : 24 <-- 0.427535 s
currentSize : 25 <-- 0.427639 s
currentSize : 26 <-- 0.427849 s
currentSize : 27 <-- 0.733273 s
currentSize : 28 <-- 4.798149 s

TIMEOUT
maxsize : 28
nodes : 185929449.000000
filtered : 1638664646.000000
time : 1000.000061
