Parameters: GAD=1 vflib=1 dir=0 label=1 lowerbound=1 fileNameGp=../../cp2016-max-common-connected-subgraph-paper/datasets/graphsdb/mcs30/m2D/m2Dr2/mcs30_m2Dr2_s80.A09 fileNameGt=../../cp2016-max-common-connected-subgraph-paper/datasets/graphsdb/mcs30/m2D/m2Dr2/mcs30_m2Dr2_s80.B09
Reading graphs...
80 :  157
80 :  157
Initializing...
maxdom : 9
D->valSize : 401
Solving...
Blb : 5 (clique : 27)
currentSize : 27 <-- 0.005953 s
currentSize : 28 <-- 0.006313 s
currentSize : 29 <-- 0.006660 s
currentSize : 30 <-- 0.009677 s
currentSize : 31 <-- 0.479090 s
currentSize : 32 <-- 115.098297 s
currentSize : 33 <-- 245.106033 s

TIMEOUT
maxsize : 33
nodes : 245935433.000000
filtered : 1420136512.000000
time : 1000.000061
