Parameters: GAD=1 vflib=1 dir=0 label=1 lowerbound=1 fileNameGp=../../cp2016-max-common-connected-subgraph-paper/datasets/graphsdb/mcs30/rand/r02/mcs30_r02_s90.A03 fileNameGt=../../cp2016-max-common-connected-subgraph-paper/datasets/graphsdb/mcs30/rand/r02/mcs30_r02_s90.B03
Reading graphs...
90 :  1424
90 :  1433
Initializing...
maxdom : 10
D->valSize : 525
Solving...
Blb : 2 (clique : 8)
currentSize : 8 <-- 0.005251 s
currentSize : 9 <-- 0.006214 s
currentSize : 10 <-- 0.006480 s
currentSize : 11 <-- 0.036213 s
currentSize : 12 <-- 0.045714 s
currentSize : 19 <-- 0.340588 s
currentSize : 22 <-- 0.340676 s
currentSize : 23 <-- 0.351066 s

maxsize : 23
nodes : 142857.000000
filtered : 3483484.000000
time : 1.069844
