Parameters: GAD=1 vflib=1 dir=0 label=1 lowerbound=1 fileNameGp=../../cp2016-max-common-connected-subgraph-paper/datasets/graphsdb/mcs30/m2D/m2Dr4/mcs30_m2Dr4_s100.A02 fileNameGt=../../cp2016-max-common-connected-subgraph-paper/datasets/graphsdb/mcs30/m2D/m2Dr4/mcs30_m2Dr4_s100.B02
Reading graphs...
100 :  217
100 :  219
Initializing...
maxdom : 6
D->valSize : 385
Solving...
Blb : 2 (clique : 33)
currentSize : 33 <-- 0.003976 s
currentSize : 34 <-- 0.004278 s
currentSize : 35 <-- 0.004469 s
currentSize : 36 <-- 0.004575 s
currentSize : 37 <-- 0.048571 s
currentSize : 38 <-- 0.119637 s

TIMEOUT
maxsize : 38
nodes : 200612497.000000
filtered : 843241607.000000
time : 1000.000061
