Parameters: GAD=1 vflib=1 dir=0 label=1 lowerbound=1 fileNameGp=../../cp2016-max-common-connected-subgraph-paper/datasets/graphsdb/mcs30/bvg/b06m/mcs30_b06m_s100.A07 fileNameGt=../../cp2016-max-common-connected-subgraph-paper/datasets/graphsdb/mcs30/bvg/b06m/mcs30_b06m_s100.B07
Reading graphs...
100 :  291
100 :  296
Initializing...
maxdom : 6
D->valSize : 335
Solving...
Blb : 2 (clique : 29)
currentSize : 29 <-- 0.003253 s
currentSize : 30 <-- 0.004008 s
currentSize : 31 <-- 0.005347 s
currentSize : 32 <-- 0.007829 s
currentSize : 33 <-- 0.009531 s
currentSize : 34 <-- 0.121372 s
currentSize : 35 <-- 0.139786 s
currentSize : 36 <-- 6.183938 s
currentSize : 37 <-- 10.807481 s

TIMEOUT
maxsize : 37
nodes : 201518208.000000
filtered : 798251796.000000
time : 1000.000061
