Parameters: GAD=1 vflib=1 dir=0 label=1 lowerbound=1 fileNameGp=../../cp2016-max-common-connected-subgraph-paper/datasets/graphsdb/mcs30/m2D/m2Dr6/mcs30_m2Dr6_s100.A07 fileNameGt=../../cp2016-max-common-connected-subgraph-paper/datasets/graphsdb/mcs30/m2D/m2Dr6/mcs30_m2Dr6_s100.B07
Reading graphs...
100 :  237
100 :  236
Initializing...
maxdom : 6
D->valSize : 343
Solving...
Blb : 3 (clique : 27)
currentSize : 27 <-- 0.003389 s
currentSize : 28 <-- 0.039573 s
currentSize : 29 <-- 2.436066 s
currentSize : 30 <-- 22.593693 s
currentSize : 31 <-- 25.026749 s
currentSize : 32 <-- 248.979752 s

TIMEOUT
maxsize : 32
nodes : 231108703.000000
filtered : 699778079.000000
time : 1000.000061
