Parameters: GAD=1 vflib=1 dir=0 label=1 lowerbound=1 fileNameGp=../../cp2016-max-common-connected-subgraph-paper/datasets/graphsdb/mcs30/bvg/b09/mcs30_b09_s100.A08 fileNameGt=../../cp2016-max-common-connected-subgraph-paper/datasets/graphsdb/mcs30/bvg/b09/mcs30_b09_s100.B08
Reading graphs...
100 :  447
100 :  446
Initializing...
maxdom : 6
D->valSize : 346
Solving...
Blb : 2 (clique : 19)
currentSize : 19 <-- 0.003291 s
currentSize : 20 <-- 0.004274 s
currentSize : 23 <-- 0.005279 s
currentSize : 24 <-- 0.015778 s
currentSize : 25 <-- 3.044120 s
currentSize : 26 <-- 44.388203 s
currentSize : 27 <-- 113.444061 s
currentSize : 28 <-- 546.575317 s
currentSize : 29 <-- 642.152344 s

TIMEOUT
maxsize : 29
nodes : 192211884.000000
filtered : 1081451701.000000
time : 1000.000061
