Parameters: GAD=1 vflib=1 dir=0 label=1 lowerbound=1 fileNameGp=../../cp2016-max-common-connected-subgraph-paper/datasets/graphsdb/mcs30/bvg/b06m/mcs30_b06m_s70.A09 fileNameGt=../../cp2016-max-common-connected-subgraph-paper/datasets/graphsdb/mcs30/bvg/b06m/mcs30_b06m_s70.B09
Reading graphs...
70 :  204
70 :  205
Initializing...
maxdom : 8
D->valSize : 309
Solving...
Blb : 2 (clique : 22)
currentSize : 22 <-- 0.003790 s
currentSize : 23 <-- 3.533333 s
currentSize : 24 <-- 21.266693 s
currentSize : 25 <-- 40.247631 s
currentSize : 26 <-- 40.247776 s
currentSize : 27 <-- 40.248756 s
currentSize : 28 <-- 42.447906 s

TIMEOUT
maxsize : 28
nodes : 211414411.000000
filtered : 1802952535.000000
time : 1000.000000
