Parameters: GAD=1 vflib=1 dir=0 label=1 lowerbound=1 fileNameGp=../../cp2016-max-common-connected-subgraph-paper/datasets/graphsdb/mcs30/bvg/b09m/mcs30_b09m_s100.A07 fileNameGt=../../cp2016-max-common-connected-subgraph-paper/datasets/graphsdb/mcs30/bvg/b09m/mcs30_b09m_s100.B07
Reading graphs...
100 :  437
100 :  439
Initializing...
maxdom : 7
D->valSize : 362
Solving...
Blb : 3 (clique : 26)
currentSize : 26 <-- 0.005665 s
currentSize : 27 <-- 0.755284 s
currentSize : 28 <-- 0.851493 s
currentSize : 29 <-- 13.320527 s
currentSize : 30 <-- 29.532000 s
currentSize : 31 <-- 322.399231 s

TIMEOUT
maxsize : 31
nodes : 198823539.000000
filtered : 721817312.000000
time : 1000.000061
