Parameters: GAD=1 vflib=1 dir=0 label=1 lowerbound=1 fileNameGp=../../cp2016-max-common-connected-subgraph-paper/datasets/graphsdb/mcs30/m2D/m2Dr2/mcs30_m2Dr2_s100.A00 fileNameGt=../../cp2016-max-common-connected-subgraph-paper/datasets/graphsdb/mcs30/m2D/m2Dr2/mcs30_m2Dr2_s100.B00
Reading graphs...
100 :  197
100 :  197
Initializing...
maxdom : 7
D->valSize : 339
Solving...
Blb : 2 (clique : 28)
currentSize : 28 <-- 0.003451 s
currentSize : 30 <-- 0.004953 s
currentSize : 31 <-- 0.013900 s
currentSize : 32 <-- 0.042282 s
currentSize : 33 <-- 9.514388 s
currentSize : 34 <-- 9.649247 s
currentSize : 35 <-- 147.805374 s
currentSize : 36 <-- 148.276550 s
currentSize : 37 <-- 175.526642 s
currentSize : 38 <-- 729.245239 s
currentSize : 39 <-- 807.874084 s

TIMEOUT
maxsize : 39
nodes : 212699163.000000
filtered : 871267144.000000
time : 1000.000061
