Parameters: GAD=1 vflib=1 dir=0 label=1 lowerbound=1 fileNameGp=../../cp2016-max-common-connected-subgraph-paper/datasets/graphsdb/mcs30/m2D/m2D/mcs30_m2D_s50.A08 fileNameGt=../../cp2016-max-common-connected-subgraph-paper/datasets/graphsdb/mcs30/m2D/m2D/mcs30_m2D_s50.B08
Reading graphs...
50 :  85
50 :  85
Initializing...
maxdom : 9
D->valSize : 314
Solving...
Blb : 2 (clique : 20)
currentSize : 20 <-- 0.002248 s
currentSize : 21 <-- 0.002406 s
currentSize : 22 <-- 0.002579 s
currentSize : 23 <-- 0.003458 s
currentSize : 24 <-- 0.014835 s
currentSize : 25 <-- 5.208840 s
currentSize : 26 <-- 47.566998 s

maxsize : 26
nodes : 113849350.000000
filtered : 1295103395.000000
time : 449.287415
