Parameters: GAD=1 vflib=1 dir=0 label=1 lowerbound=1 fileNameGp=../../cp2016-max-common-connected-subgraph-paper/datasets/graphsdb/mcs30/m3D/m3Dr6/mcs30_m3Dr6_s100.A03 fileNameGt=../../cp2016-max-common-connected-subgraph-paper/datasets/graphsdb/mcs30/m3D/m3Dr6/mcs30_m3Dr6_s100.B03
Reading graphs...
100 :  288
100 :  290
Initializing...
maxdom : 8
D->valSize : 331
Solving...
Blb : 2 (clique : 27)
currentSize : 27 <-- 0.003313 s
currentSize : 28 <-- 0.003604 s
currentSize : 29 <-- 0.003692 s
currentSize : 30 <-- 0.268629 s
currentSize : 32 <-- 0.268675 s
currentSize : 33 <-- 2.441129 s
currentSize : 34 <-- 2.963777 s
currentSize : 35 <-- 243.952576 s
currentSize : 36 <-- 418.678650 s

TIMEOUT
maxsize : 36
nodes : 204594772.000000
filtered : 724153244.000000
time : 1000.000061
