Parameters: GAD=1 vflib=1 dir=0 label=1 lowerbound=1 fileNameGp=../../cp2016-max-common-connected-subgraph-paper/datasets/graphsdb/mcs30/m2D/m2D/mcs30_m2D_s60.A05 fileNameGt=../../cp2016-max-common-connected-subgraph-paper/datasets/graphsdb/mcs30/m2D/m2D/mcs30_m2D_s60.B05
Reading graphs...
60 :  103
60 :  102
Initializing...
maxdom : 9
D->valSize : 234
Solving...
Blb : 5 (clique : 21)
currentSize : 21 <-- 0.002450 s
currentSize : 22 <-- 0.027690 s
currentSize : 23 <-- 0.099630 s
currentSize : 24 <-- 0.106895 s
currentSize : 25 <-- 1.593549 s
currentSize : 26 <-- 2.687238 s
currentSize : 27 <-- 3.136645 s
currentSize : 28 <-- 6.114879 s

maxsize : 28
nodes : 48882917.000000
filtered : 289919297.000000
time : 184.318268
