Parameters: GAD=1 vflib=1 dir=0 label=1 lowerbound=1 fileNameGp=../../cp2016-max-common-connected-subgraph-paper/datasets/graphsdb/mcs30/rand/r02/mcs30_r02_s90.A05 fileNameGt=../../cp2016-max-common-connected-subgraph-paper/datasets/graphsdb/mcs30/rand/r02/mcs30_r02_s90.B05
Reading graphs...
90 :  1424
90 :  1423
Initializing...
maxdom : 12
D->valSize : 543
Solving...
Blb : 5 (clique : 8)
currentSize : 8 <-- 0.005619 s
currentSize : 9 <-- 0.008817 s
currentSize : 10 <-- 0.010208 s
currentSize : 11 <-- 0.016637 s
currentSize : 12 <-- 0.024344 s
currentSize : 13 <-- 0.025934 s
currentSize : 14 <-- 0.062135 s
currentSize : 18 <-- 0.347148 s
currentSize : 19 <-- 0.347212 s
currentSize : 20 <-- 0.591513 s
currentSize : 21 <-- 0.591672 s
currentSize : 22 <-- 0.592176 s
currentSize : 23 <-- 0.592444 s

maxsize : 23
nodes : 157477.000000
filtered : 3793611.000000
time : 1.087313
