Parameters: GAD=1 vflib=1 dir=0 label=1 lowerbound=1 fileNameGp=../../cp2016-max-common-connected-subgraph-paper/datasets/graphsdb/mcs30/m2D/m2D/mcs30_m2D_s80.A08 fileNameGt=../../cp2016-max-common-connected-subgraph-paper/datasets/graphsdb/mcs30/m2D/m2D/mcs30_m2D_s80.B08
Reading graphs...
80 :  140
80 :  140
Initializing...
maxdom : 8
D->valSize : 420
Solving...
Blb : 2 (clique : 30)
currentSize : 30 <-- 0.003957 s
currentSize : 31 <-- 0.004175 s
currentSize : 32 <-- 0.004347 s
currentSize : 33 <-- 0.010376 s
currentSize : 34 <-- 0.016810 s
currentSize : 35 <-- 1.247815 s
currentSize : 36 <-- 1.412610 s
currentSize : 37 <-- 8.887664 s

TIMEOUT
maxsize : 37
nodes : 204691994.000000
filtered : 1576296201.000000
time : 1000.000061
