Parameters: GAD=1 vflib=1 dir=0 label=1 lowerbound=1 fileNameGp=../../cp2016-max-common-connected-subgraph-paper/datasets/graphsdb/mcs30/m2D/m2D/mcs30_m2D_s80.A03 fileNameGt=../../cp2016-max-common-connected-subgraph-paper/datasets/graphsdb/mcs30/m2D/m2D/mcs30_m2D_s80.B03
Reading graphs...
80 :  142
80 :  140
Initializing...
maxdom : 12
D->valSize : 406
Solving...
Blb : 2 (clique : 31)
currentSize : 31 <-- 0.003850 s
currentSize : 32 <-- 0.004473 s
currentSize : 33 <-- 0.070267 s
currentSize : 34 <-- 0.204820 s
currentSize : 35 <-- 1.449447 s
currentSize : 36 <-- 86.144104 s
currentSize : 37 <-- 204.406738 s

TIMEOUT
maxsize : 37
nodes : 172597486.000000
filtered : 1399740562.000000
time : 1000.000061
