Parameters: GAD=1 vflib=1 dir=0 label=1 lowerbound=1 fileNameGp=../../cp2016-max-common-connected-subgraph-paper/datasets/graphsdb/mcs30/m4D/m4Dr6/mcs30_m4Dr6_s50.A05 fileNameGt=../../cp2016-max-common-connected-subgraph-paper/datasets/graphsdb/mcs30/m4D/m4Dr6/mcs30_m4Dr6_s50.B05
Reading graphs...
50 :  110
50 :  112
Initializing...
maxdom : 8
D->valSize : 317
Solving...
Blb : 2 (clique : 18)
currentSize : 18 <-- 0.002193 s
currentSize : 19 <-- 0.005240 s
currentSize : 20 <-- 0.008845 s
currentSize : 21 <-- 4.275424 s
currentSize : 22 <-- 27.484888 s
currentSize : 23 <-- 67.035095 s

maxsize : 23
nodes : 94899244.000000
filtered : 938222701.000000
time : 361.108093
