Parameters: GAD=1 vflib=1 dir=0 label=1 lowerbound=1 fileNameGp=../../cp2016-max-common-connected-subgraph-paper/datasets/graphsdb/mcs30/m3D/m3Dr6/mcs30_m3Dr6_s80.A09 fileNameGt=../../cp2016-max-common-connected-subgraph-paper/datasets/graphsdb/mcs30/m3D/m3Dr6/mcs30_m3Dr6_s80.B09
Reading graphs...
80 :  230
80 :  227
Initializing...
maxdom : 7
D->valSize : 408
Solving...
Blb : 2 (clique : 23)
currentSize : 23 <-- 0.003716 s
currentSize : 24 <-- 0.161980 s
currentSize : 25 <-- 0.558281 s
currentSize : 26 <-- 0.562583 s
currentSize : 27 <-- 0.563221 s
currentSize : 28 <-- 35.902168 s
currentSize : 29 <-- 104.281555 s
currentSize : 30 <-- 774.202515 s

TIMEOUT
maxsize : 30
nodes : 194462771.000000
filtered : 1679705989.000000
time : 1000.000000
