Parameters: GAD=1 vflib=1 dir=0 label=1 lowerbound=1 fileNameGp=../../cp2016-max-common-connected-subgraph-paper/datasets/graphsdb/mcs30/bvg/b06/mcs30_b06_s100.A06 fileNameGt=../../cp2016-max-common-connected-subgraph-paper/datasets/graphsdb/mcs30/bvg/b06/mcs30_b06_s100.B06
Reading graphs...
100 :  297
100 :  296
Initializing...
maxdom : 8
D->valSize : 333
Solving...
Blb : 2 (clique : 29)
currentSize : 29 <-- 0.005180 s
currentSize : 30 <-- 0.005510 s
currentSize : 31 <-- 0.008368 s
currentSize : 32 <-- 0.080570 s
currentSize : 33 <-- 0.322430 s
currentSize : 34 <-- 1.962485 s
currentSize : 35 <-- 5.195818 s
currentSize : 36 <-- 17.087627 s
currentSize : 37 <-- 23.630640 s
currentSize : 38 <-- 96.860909 s

TIMEOUT
maxsize : 38
nodes : 191641773.000000
filtered : 882089500.000000
time : 1000.000061
