Parameters: GAD=1 vflib=1 dir=0 label=1 lowerbound=1 fileNameGp=../../cp2016-max-common-connected-subgraph-paper/datasets/graphsdb/mcs30/m4D/m4D/mcs30_m4D_s60.A08 fileNameGt=../../cp2016-max-common-connected-subgraph-paper/datasets/graphsdb/mcs30/m4D/m4D/mcs30_m4D_s60.B08
Reading graphs...
60 :  102
60 :  101
Initializing...
maxdom : 6
D->valSize : 228
Solving...
Blb : 2 (clique : 21)
currentSize : 21 <-- 0.001579 s
currentSize : 22 <-- 0.001692 s
currentSize : 23 <-- 0.002602 s
currentSize : 24 <-- 0.051791 s
currentSize : 25 <-- 0.051915 s
currentSize : 26 <-- 0.208727 s
currentSize : 27 <-- 40.614426 s
currentSize : 28 <-- 163.520966 s

maxsize : 28
nodes : 60060088.000000
filtered : 432863463.000000
time : 243.961075
