Parameters: GAD=1 vflib=1 dir=0 label=1 lowerbound=1 fileNameGp=../../cp2016-max-common-connected-subgraph-paper/datasets/graphsdb/mcs30/m3D/m3Dr4/mcs30_m3Dr4_s70.A04 fileNameGt=../../cp2016-max-common-connected-subgraph-paper/datasets/graphsdb/mcs30/m3D/m3Dr4/mcs30_m3Dr4_s70.B04
Reading graphs...
70 :  184
70 :  185
Initializing...
maxdom : 13
D->valSize : 323
Solving...
Blb : 2 (clique : 23)
currentSize : 23 <-- 0.002537 s
currentSize : 25 <-- 0.002725 s
currentSize : 27 <-- 0.004753 s
currentSize : 28 <-- 0.004780 s
currentSize : 29 <-- 0.007094 s
currentSize : 30 <-- 0.139239 s

maxsize : 30
nodes : 12471293.000000
filtered : 70570191.000000
time : 54.327095
