Parameters: GAD=1 vflib=1 dir=0 label=1 lowerbound=1 fileNameGp=../../cp2016-max-common-connected-subgraph-paper/datasets/graphsdb/mcs30/m4D/m4Dr6/mcs30_m4Dr6_s60.A01 fileNameGt=../../cp2016-max-common-connected-subgraph-paper/datasets/graphsdb/mcs30/m4D/m4Dr6/mcs30_m4Dr6_s60.B01
Reading graphs...
60 :  135
60 :  131
Initializing...
maxdom : 7
D->valSize : 236
Solving...
Blb : 2 (clique : 19)
currentSize : 19 <-- 0.001618 s
currentSize : 20 <-- 0.001739 s
currentSize : 21 <-- 0.095210 s
currentSize : 22 <-- 0.524248 s
currentSize : 23 <-- 32.213531 s
currentSize : 24 <-- 32.215912 s
currentSize : 25 <-- 101.938881 s

maxsize : 25
nodes : 70552390.000000
filtered : 531787306.000000
time : 289.089630
