Parameters: GAD=1 vflib=1 dir=0 label=1 lowerbound=1 fileNameGp=../../cp2016-max-common-connected-subgraph-paper/datasets/graphsdb/mcs30/rand/r01/mcs30_r01_s90.A08 fileNameGt=../../cp2016-max-common-connected-subgraph-paper/datasets/graphsdb/mcs30/rand/r01/mcs30_r01_s90.B08
Reading graphs...
90 :  762
90 :  761
Initializing...
maxdom : 8
D->valSize : 512
Solving...
Blb : 2 (clique : 14)
currentSize : 14 <-- 0.005141 s
currentSize : 15 <-- 0.011104 s
currentSize : 16 <-- 0.020934 s
currentSize : 17 <-- 0.021037 s
currentSize : 18 <-- 5.579438 s
currentSize : 19 <-- 26.012144 s
currentSize : 20 <-- 26.451275 s
currentSize : 22 <-- 114.582047 s
currentSize : 23 <-- 150.996582 s
currentSize : 24 <-- 201.563171 s
currentSize : 25 <-- 236.436554 s
currentSize : 26 <-- 236.440887 s

maxsize : 26
nodes : 53838270.000000
filtered : 863952160.000000
time : 337.340881
