Parameters: GAD=1 vflib=1 dir=0 label=1 lowerbound=1 fileNameGp=../../cp2016-max-common-connected-subgraph-paper/datasets/graphsdb/mcs30/m3D/m3Dr6/mcs30_m3Dr6_s100.A07 fileNameGt=../../cp2016-max-common-connected-subgraph-paper/datasets/graphsdb/mcs30/m3D/m3Dr6/mcs30_m3Dr6_s100.B07
Reading graphs...
100 :  288
100 :  290
Initializing...
maxdom : 8
D->valSize : 340
Solving...
Blb : 2 (clique : 29)
currentSize : 29 <-- 0.003296 s
currentSize : 30 <-- 0.003590 s
currentSize : 31 <-- 0.004076 s
currentSize : 32 <-- 0.067373 s
currentSize : 33 <-- 0.075784 s
currentSize : 34 <-- 0.193594 s
currentSize : 35 <-- 0.556120 s
currentSize : 36 <-- 779.762146 s

TIMEOUT
maxsize : 36
nodes : 199672438.000000
filtered : 789180595.000000
time : 1000.000061
