Parameters: GAD=1 vflib=1 dir=0 label=1 lowerbound=1 fileNameGp=../../cp2016-max-common-connected-subgraph-paper/datasets/graphsdb/mcs30/m4D/m4Dr6/mcs30_m4Dr6_s80.A00 fileNameGt=../../cp2016-max-common-connected-subgraph-paper/datasets/graphsdb/mcs30/m4D/m4Dr6/mcs30_m4Dr6_s80.B00
Reading graphs...
80 :  176
80 :  173
Initializing...
maxdom : 8
D->valSize : 424
Solving...
Blb : 2 (clique : 25)
currentSize : 25 <-- 0.004097 s
currentSize : 26 <-- 0.023070 s
currentSize : 27 <-- 0.359790 s
currentSize : 28 <-- 1.510007 s
currentSize : 29 <-- 18.001320 s
currentSize : 30 <-- 318.403290 s
currentSize : 31 <-- 646.622742 s

TIMEOUT
maxsize : 31
nodes : 265535254.000000
filtered : 1347243987.000000
time : 1000.000000
