Parameters: GAD=1 vflib=1 dir=0 label=1 lowerbound=1 fileNameGp=../../cp2016-max-common-connected-subgraph-paper/datasets/graphsdb/mcs30/m2D/m2D/mcs30_m2D_s50.A03 fileNameGt=../../cp2016-max-common-connected-subgraph-paper/datasets/graphsdb/mcs30/m2D/m2D/mcs30_m2D_s50.B03
Reading graphs...
50 :  85
50 :  84
Initializing...
maxdom : 10
D->valSize : 324
Solving...
Blb : 2 (clique : 19)
currentSize : 19 <-- 0.002241 s
currentSize : 20 <-- 0.004682 s
currentSize : 21 <-- 0.016037 s
currentSize : 22 <-- 0.272076 s
currentSize : 23 <-- 16.044298 s
currentSize : 24 <-- 18.688557 s
currentSize : 25 <-- 29.124355 s

maxsize : 25
nodes : 114375289.000000
filtered : 1468571714.000000
time : 475.303528
