Parameters: GAD=1 vflib=1 dir=0 label=1 lowerbound=1 fileNameGp=../../cp2016-max-common-connected-subgraph-paper/datasets/graphsdb/mcs30/m3D/m3D/mcs30_m3D_s70.A08 fileNameGt=../../cp2016-max-common-connected-subgraph-paper/datasets/graphsdb/mcs30/m3D/m3D/mcs30_m3D_s70.B08
Reading graphs...
70 :  158
70 :  158
Initializing...
maxdom : 8
D->valSize : 348
Solving...
Blb : 2 (clique : 24)
currentSize : 24 <-- 0.002884 s
currentSize : 25 <-- 2.249463 s
currentSize : 26 <-- 2.316957 s
currentSize : 27 <-- 16.673189 s
currentSize : 29 <-- 26.995672 s
currentSize : 30 <-- 28.811520 s
currentSize : 31 <-- 30.307892 s
currentSize : 32 <-- 44.910206 s
currentSize : 33 <-- 45.514866 s

TIMEOUT
maxsize : 33
nodes : 220136616.000000
filtered : 1897430214.000000
time : 1000.000061
