Parameters: GAD=1 vflib=1 dir=0 label=1 lowerbound=1 fileNameGp=../../cp2016-max-common-connected-subgraph-paper/datasets/graphsdb/mcs30/m3D/m3Dr2/mcs30_m3Dr2_s100.A08 fileNameGt=../../cp2016-max-common-connected-subgraph-paper/datasets/graphsdb/mcs30/m3D/m3Dr2/mcs30_m3Dr2_s100.B08
Reading graphs...
100 :  253
100 :  253
Initializing...
maxdom : 7
D->valSize : 322
Solving...
Blb : 2 (clique : 29)
currentSize : 29 <-- 0.003233 s
currentSize : 30 <-- 0.003996 s
currentSize : 31 <-- 0.005265 s
currentSize : 32 <-- 0.007620 s
currentSize : 33 <-- 0.024044 s
currentSize : 34 <-- 1.081362 s
currentSize : 35 <-- 6.926723 s

TIMEOUT
maxsize : 35
nodes : 199280147.000000
filtered : 895115084.000000
time : 1000.000061
