Parameters: GAD=1 vflib=1 dir=0 label=1 lowerbound=1 fileNameGp=../../cp2016-max-common-connected-subgraph-paper/datasets/graphsdb/mcs30/m4D/m4Dr6/mcs30_m4Dr6_s70.A03 fileNameGt=../../cp2016-max-common-connected-subgraph-paper/datasets/graphsdb/mcs30/m4D/m4Dr6/mcs30_m4Dr6_s70.B03
Reading graphs...
70 :  156
70 :  157
Initializing...
maxdom : 8
D->valSize : 317
Solving...
Blb : 5 (clique : 23)
currentSize : 23 <-- 0.002581 s
currentSize : 24 <-- 1.628483 s
currentSize : 25 <-- 3.417183 s
currentSize : 26 <-- 17.785158 s
currentSize : 27 <-- 79.015182 s
currentSize : 28 <-- 217.144577 s
currentSize : 29 <-- 529.898804 s

TIMEOUT
maxsize : 29
nodes : 235425359.000000
filtered : 1511818387.000000
time : 1000.000000
