Parameters: GAD=1 vflib=1 dir=0 label=1 lowerbound=1 fileNameGp=../../cp2016-max-common-connected-subgraph-paper/datasets/graphsdb/mcs30/m4D/m4Dr2/mcs30_m4Dr2_s90.A03 fileNameGt=../../cp2016-max-common-connected-subgraph-paper/datasets/graphsdb/mcs30/m4D/m4Dr2/mcs30_m4Dr2_s90.B03
Reading graphs...
90 :  164
90 :  164
Initializing...
maxdom : 12
D->valSize : 516
Solving...
Blb : 2 (clique : 32)
currentSize : 32 <-- 0.009682 s
currentSize : 33 <-- 0.010095 s
currentSize : 34 <-- 0.010214 s
currentSize : 35 <-- 0.041933 s
currentSize : 36 <-- 19.346050 s
currentSize : 37 <-- 523.880493 s
currentSize : 38 <-- 961.744812 s

TIMEOUT
maxsize : 38
nodes : 313117286.000000
filtered : 1030017822.000000
time : 1000.000061
