Parameters: GAD=1 vflib=1 dir=0 label=1 lowerbound=1 fileNameGp=../../cp2016-max-common-connected-subgraph-paper/datasets/graphsdb/mcs30/m2D/m2Dr4/mcs30_m2Dr4_s70.A02 fileNameGt=../../cp2016-max-common-connected-subgraph-paper/datasets/graphsdb/mcs30/m2D/m2Dr4/mcs30_m2Dr4_s70.B02
Reading graphs...
70 :  149
70 :  149
Initializing...
maxdom : 9
D->valSize : 339
Solving...
Blb : 2 (clique : 23)
currentSize : 23 <-- 0.002791 s
currentSize : 24 <-- 0.002933 s
currentSize : 25 <-- 0.003929 s
currentSize : 26 <-- 0.079436 s
currentSize : 27 <-- 39.370274 s
currentSize : 28 <-- 265.714264 s

TIMEOUT
maxsize : 28
nodes : 237483000.000000
filtered : 2018887434.000000
time : 1000.000061
