Parameters: GAD=1 vflib=1 dir=0 label=1 lowerbound=1 fileNameGp=../../cp2016-max-common-connected-subgraph-paper/datasets/graphsdb/mcs30/bvg/b09/mcs30_b09_s80.A05 fileNameGt=../../cp2016-max-common-connected-subgraph-paper/datasets/graphsdb/mcs30/bvg/b09/mcs30_b09_s80.B05
Reading graphs...
80 :  357
80 :  354
Initializing...
maxdom : 8
D->valSize : 415
Solving...
Blb : 2 (clique : 19)
currentSize : 19 <-- 0.003664 s
currentSize : 20 <-- 0.003806 s
currentSize : 21 <-- 0.004178 s
currentSize : 22 <-- 0.056617 s
currentSize : 23 <-- 17.147827 s
currentSize : 24 <-- 22.561468 s
currentSize : 25 <-- 164.600815 s
currentSize : 26 <-- 164.968048 s
currentSize : 27 <-- 165.174332 s

TIMEOUT
maxsize : 27
nodes : 174395871.000000
filtered : 2302119756.000000
time : 1000.000000
