Parameters: GAD=1 vflib=1 dir=0 label=1 lowerbound=1 fileNameGp=../../cp2016-max-common-connected-subgraph-paper/datasets/graphsdb/mcs30/rand/r02/mcs30_r02_s100.A00 fileNameGt=../../cp2016-max-common-connected-subgraph-paper/datasets/graphsdb/mcs30/rand/r02/mcs30_r02_s100.B00
Reading graphs...
100 :  1787
100 :  1780
Initializing...
maxdom : 8
D->valSize : 351
Solving...
Blb : 5 (clique : 8)
currentSize : 8 <-- 0.003262 s
currentSize : 9 <-- 0.003464 s
currentSize : 11 <-- 0.005031 s
currentSize : 12 <-- 0.007755 s
currentSize : 18 <-- 0.011285 s
currentSize : 24 <-- 0.067474 s
currentSize : 25 <-- 0.067907 s

maxsize : 25
nodes : 53167.000000
filtered : 723935.000000
time : 0.341357
