Parameters: GAD=1 vflib=1 dir=0 label=1 lowerbound=1 fileNameGp=../../cp2016-max-common-connected-subgraph-paper/datasets/graphsdb/mcs30/m3D/m3Dr6/mcs30_m3Dr6_s80.A06 fileNameGt=../../cp2016-max-common-connected-subgraph-paper/datasets/graphsdb/mcs30/m3D/m3Dr6/mcs30_m3Dr6_s80.B06
Reading graphs...
80 :  231
80 :  230
Initializing...
maxdom : 10
D->valSize : 445
Solving...
Blb : 2 (clique : 26)
currentSize : 26 <-- 0.004315 s
currentSize : 27 <-- 0.004559 s
currentSize : 28 <-- 0.007747 s
currentSize : 29 <-- 0.007782 s
currentSize : 30 <-- 0.837725 s
currentSize : 31 <-- 1.060356 s
currentSize : 32 <-- 117.224861 s

TIMEOUT
maxsize : 32
nodes : 175213467.000000
filtered : 1955305181.000000
time : 1000.000061
