Parameters: GAD=1 vflib=1 dir=0 label=1 lowerbound=1 fileNameGp=../../cp2016-max-common-connected-subgraph-paper/datasets/graphsdb/mcs30/m2D/m2Dr2/mcs30_m2Dr2_s50.A09 fileNameGt=../../cp2016-max-common-connected-subgraph-paper/datasets/graphsdb/mcs30/m2D/m2Dr2/mcs30_m2Dr2_s50.B09
Reading graphs...
50 :  94
50 :  94
Initializing...
maxdom : 9
D->valSize : 332
Solving...
Blb : 2 (clique : 18)
currentSize : 18 <-- 0.002378 s
currentSize : 19 <-- 0.002481 s
currentSize : 20 <-- 0.008219 s
currentSize : 21 <-- 0.056815 s
currentSize : 22 <-- 0.933508 s
currentSize : 23 <-- 79.200432 s

TIMEOUT
maxsize : 23
nodes : 248518397.000000
filtered : 2882929971.000000
time : 1000.000000
