Parameters: GAD=1 vflib=1 dir=0 label=1 lowerbound=1 fileNameGp=../../cp2016-max-common-connected-subgraph-paper/datasets/graphsdb/mcs30/m4D/m4Dr2/mcs30_m4Dr2_s70.A01 fileNameGt=../../cp2016-max-common-connected-subgraph-paper/datasets/graphsdb/mcs30/m4D/m4Dr2/mcs30_m4Dr2_s70.B01
Reading graphs...
70 :  131
70 :  131
Initializing...
maxdom : 9
D->valSize : 310
Solving...
Blb : 2 (clique : 22)
currentSize : 22 <-- 0.002577 s
currentSize : 23 <-- 0.002713 s
currentSize : 24 <-- 0.004603 s
currentSize : 25 <-- 0.043063 s
currentSize : 26 <-- 6.114939 s
currentSize : 27 <-- 6.314285 s

TIMEOUT
maxsize : 27
nodes : 252027019.000000
filtered : 1407390753.000000
time : 1000.000000
