Parameters: GAD=1 vflib=1 dir=0 label=1 lowerbound=1 fileNameGp=../../cp2016-max-common-connected-subgraph-paper/datasets/graphsdb/mcs30/bvg/b09m/mcs30_b09m_s80.A06 fileNameGt=../../cp2016-max-common-connected-subgraph-paper/datasets/graphsdb/mcs30/bvg/b09m/mcs30_b09m_s80.B06
Reading graphs...
80 :  346
80 :  348
Initializing...
maxdom : 9
D->valSize : 432
Solving...
Blb : 2 (clique : 19)
currentSize : 19 <-- 0.006085 s
currentSize : 20 <-- 0.086534 s
currentSize : 21 <-- 6.364866 s
currentSize : 22 <-- 20.091969 s
currentSize : 23 <-- 127.636787 s
currentSize : 24 <-- 127.637001 s
currentSize : 25 <-- 367.660095 s
currentSize : 26 <-- 370.474945 s
currentSize : 27 <-- 645.171509 s
currentSize : 28 <-- 645.578674 s

TIMEOUT
maxsize : 28
nodes : 185541136.000000
filtered : 2021143917.000000
time : 1000.000000
