Parameters: GAD=1 vflib=1 dir=0 label=1 lowerbound=1 fileNameGp=../../cp2016-max-common-connected-subgraph-paper/datasets/graphsdb/mcs30/bvg/b06m/mcs30_b06m_s50.A01 fileNameGt=../../cp2016-max-common-connected-subgraph-paper/datasets/graphsdb/mcs30/bvg/b06m/mcs30_b06m_s50.B01
Reading graphs...
50 :  146
50 :  147
Initializing...
maxdom : 10
D->valSize : 330
Solving...
Blb : 2 (clique : 14)
currentSize : 14 <-- 0.002300 s
currentSize : 17 <-- 0.002702 s
currentSize : 18 <-- 0.903461 s
currentSize : 19 <-- 65.221764 s
currentSize : 20 <-- 68.100319 s
currentSize : 21 <-- 71.960289 s
currentSize : 22 <-- 77.800499 s

maxsize : 22
nodes : 24546806.000000
filtered : 318609006.000000
time : 101.527657
