Parameters: GAD=1 vflib=1 dir=0 label=1 lowerbound=1 fileNameGp=../../cp2016-max-common-connected-subgraph-paper/datasets/graphsdb/mcs30/bvg/b09/mcs30_b09_s100.A07 fileNameGt=../../cp2016-max-common-connected-subgraph-paper/datasets/graphsdb/mcs30/bvg/b09/mcs30_b09_s100.B07
Reading graphs...
100 :  444
100 :  447
Initializing...
maxdom : 8
D->valSize : 343
Solving...
Blb : 2 (clique : 21)
currentSize : 21 <-- 0.003198 s
currentSize : 22 <-- 0.003382 s
currentSize : 23 <-- 0.003790 s
currentSize : 24 <-- 0.006270 s
currentSize : 25 <-- 0.105850 s
currentSize : 26 <-- 0.105903 s
currentSize : 27 <-- 0.214888 s
currentSize : 28 <-- 0.286560 s
currentSize : 29 <-- 88.942924 s
currentSize : 30 <-- 193.104980 s
currentSize : 31 <-- 280.917725 s

TIMEOUT
maxsize : 31
nodes : 188915022.000000
filtered : 1022884034.000000
time : 1000.000061
