Parameters: GAD=1 vflib=1 dir=0 label=1 lowerbound=1 fileNameGp=../../cp2016-max-common-connected-subgraph-paper/datasets/graphsdb/mcs30/bvg/b03/mcs30_b03_s50.A07 fileNameGt=../../cp2016-max-common-connected-subgraph-paper/datasets/graphsdb/mcs30/bvg/b03/mcs30_b03_s50.B07
Reading graphs...
50 :  75
50 :  75
Initializing...
maxdom : 10
D->valSize : 327
Solving...
Blb : 2 (clique : 21)
currentSize : 21 <-- 0.002323 s
currentSize : 22 <-- 0.004469 s
currentSize : 23 <-- 0.068866 s
currentSize : 24 <-- 0.216151 s
currentSize : 25 <-- 10.575152 s
currentSize : 26 <-- 15.378768 s

TIMEOUT
maxsize : 26
nodes : 263455345.000000
filtered : 3105906018.000000
time : 1000.000000
