Parameters: GAD=1 vflib=1 dir=0 label=1 lowerbound=1 fileNameGp=../../cp2016-max-common-connected-subgraph-paper/datasets/graphsdb/mcs30/rand/r02/mcs30_r02_s80.A07 fileNameGt=../../cp2016-max-common-connected-subgraph-paper/datasets/graphsdb/mcs30/rand/r02/mcs30_r02_s80.B07
Reading graphs...
80 :  1128
80 :  1123
Initializing...
maxdom : 13
D->valSize : 396
Solving...
Blb : 2 (clique : 7)
currentSize : 7 <-- 0.003397 s
currentSize : 9 <-- 0.003703 s
currentSize : 10 <-- 0.004080 s
currentSize : 11 <-- 0.011574 s
currentSize : 12 <-- 0.017119 s
currentSize : 13 <-- 0.123009 s
currentSize : 17 <-- 0.178920 s
currentSize : 19 <-- 0.179032 s
currentSize : 20 <-- 0.179060 s
currentSize : 21 <-- 0.179142 s

maxsize : 21
nodes : 56920.000000
filtered : 986294.000000
time : 0.331837
