Parameters: GAD=1 vflib=1 dir=0 label=1 lowerbound=1 fileNameGp=../../cp2016-max-common-connected-subgraph-paper/datasets/graphsdb/mcs30/m4D/m4Dr4/mcs30_m4Dr4_s60.A04 fileNameGt=../../cp2016-max-common-connected-subgraph-paper/datasets/graphsdb/mcs30/m4D/m4Dr4/mcs30_m4Dr4_s60.B04
Reading graphs...
60 :  124
60 :  124
Initializing...
maxdom : 7
D->valSize : 216
Solving...
Blb : 2 (clique : 21)
currentSize : 21 <-- 0.001483 s
currentSize : 22 <-- 0.001854 s
currentSize : 23 <-- 0.108140 s
currentSize : 24 <-- 1.239924 s
currentSize : 25 <-- 8.398032 s
currentSize : 26 <-- 44.681595 s

maxsize : 26
nodes : 50136819.000000
filtered : 308775424.000000
time : 184.291077
