Parameters: GAD=1 vflib=1 dir=0 label=1 lowerbound=1 fileNameGp=../../cp2016-max-common-connected-subgraph-paper/datasets/graphsdb/mcs30/m3D/m3D/mcs30_m3D_s80.A08 fileNameGt=../../cp2016-max-common-connected-subgraph-paper/datasets/graphsdb/mcs30/m3D/m3D/mcs30_m3D_s80.B08
Reading graphs...
80 :  184
80 :  183
Initializing...
maxdom : 10
D->valSize : 402
Solving...
Blb : 2 (clique : 25)
currentSize : 25 <-- 0.003847 s
currentSize : 26 <-- 0.007469 s
currentSize : 27 <-- 0.011475 s
currentSize : 28 <-- 0.136077 s
currentSize : 29 <-- 3.651977 s
currentSize : 30 <-- 480.978821 s

TIMEOUT
maxsize : 30
nodes : 247824477.000000
filtered : 1545847531.000000
time : 1000.000000
