Parameters: GAD=1 vflib=1 dir=0 label=1 lowerbound=1 fileNameGp=../../cp2016-max-common-connected-subgraph-paper/datasets/graphsdb/mcs30/m3D/m3Dr2/mcs30_m3Dr2_s100.A03 fileNameGt=../../cp2016-max-common-connected-subgraph-paper/datasets/graphsdb/mcs30/m3D/m3Dr2/mcs30_m3Dr2_s100.B03
Reading graphs...
100 :  252
100 :  251
Initializing...
maxdom : 7
D->valSize : 345
Solving...
Blb : 2 (clique : 28)
currentSize : 28 <-- 0.003396 s
currentSize : 29 <-- 0.003890 s
currentSize : 30 <-- 0.003996 s
currentSize : 31 <-- 0.004126 s
currentSize : 32 <-- 0.007398 s
currentSize : 33 <-- 0.009877 s
currentSize : 34 <-- 0.377328 s
currentSize : 35 <-- 126.750778 s
currentSize : 36 <-- 481.259186 s

TIMEOUT
maxsize : 36
nodes : 186454456.000000
filtered : 918547592.000000
time : 1000.000061
