Parameters: GAD=1 vflib=1 dir=0 label=1 lowerbound=1 fileNameGp=../../cp2016-max-common-connected-subgraph-paper/datasets/graphsdb/mcs30/m2D/m2D/mcs30_m2D_s60.A08 fileNameGt=../../cp2016-max-common-connected-subgraph-paper/datasets/graphsdb/mcs30/m2D/m2D/mcs30_m2D_s60.B08
Reading graphs...
60 :  102
60 :  104
Initializing...
maxdom : 8
D->valSize : 253
Solving...
Blb : 2 (clique : 21)
currentSize : 21 <-- 0.001807 s
currentSize : 22 <-- 0.001983 s
currentSize : 23 <-- 0.002681 s
currentSize : 24 <-- 1.483809 s
currentSize : 25 <-- 5.423873 s
currentSize : 26 <-- 779.164490 s

TIMEOUT
maxsize : 26
nodes : 301159796.000000
filtered : 1628320418.000000
time : 1000.000000
