Parameters: GAD=1 vflib=1 dir=0 label=1 lowerbound=1 fileNameGp=../../cp2016-max-common-connected-subgraph-paper/datasets/graphsdb/mcs30/rand/r01/mcs30_r01_s100.A06 fileNameGt=../../cp2016-max-common-connected-subgraph-paper/datasets/graphsdb/mcs30/rand/r01/mcs30_r01_s100.B06
Reading graphs...
100 :  924
100 :  939
Initializing...
maxdom : 8
D->valSize : 359
Solving...
Blb : 2 (clique : 13)
currentSize : 13 <-- 0.003365 s
currentSize : 14 <-- 0.007128 s
currentSize : 15 <-- 0.011260 s
currentSize : 16 <-- 0.052073 s
currentSize : 17 <-- 0.163902 s
currentSize : 18 <-- 3.864484 s
currentSize : 19 <-- 6.086025 s
currentSize : 20 <-- 6.519595 s
currentSize : 22 <-- 10.483805 s
currentSize : 23 <-- 10.697694 s
currentSize : 25 <-- 11.171049 s
currentSize : 26 <-- 11.175269 s
currentSize : 29 <-- 11.186221 s

maxsize : 29
nodes : 3433079.000000
filtered : 31470192.000000
time : 20.371048
