Parameters: GAD=1 vflib=1 dir=0 label=1 lowerbound=1 fileNameGp=../../cp2016-max-common-connected-subgraph-paper/datasets/graphsdb/mcs30/m2D/m2D/mcs30_m2D_s60.A06 fileNameGt=../../cp2016-max-common-connected-subgraph-paper/datasets/graphsdb/mcs30/m2D/m2D/mcs30_m2D_s60.B06
Reading graphs...
60 :  104
60 :  102
Initializing...
maxdom : 6
D->valSize : 223
Solving...
Blb : 2 (clique : 22)
currentSize : 22 <-- 0.001539 s
currentSize : 23 <-- 0.030668 s
currentSize : 24 <-- 0.176805 s
currentSize : 25 <-- 1.729980 s
currentSize : 26 <-- 81.170059 s
currentSize : 27 <-- 274.039551 s

maxsize : 27
nodes : 151126635.000000
filtered : 901713579.000000
time : 570.485352
