Parameters: GAD=1 vflib=1 dir=0 label=1 lowerbound=1 fileNameGp=../../cp2016-max-common-connected-subgraph-paper/datasets/graphsdb/mcs30/m2D/m2Dr4/mcs30_m2Dr4_s70.A06 fileNameGt=../../cp2016-max-common-connected-subgraph-paper/datasets/graphsdb/mcs30/m2D/m2Dr4/mcs30_m2Dr4_s70.B06
Reading graphs...
70 :  149
70 :  147
Initializing...
maxdom : 7
D->valSize : 316
Solving...
Blb : 3 (clique : 24)
currentSize : 24 <-- 0.002535 s
currentSize : 25 <-- 0.006930 s
currentSize : 26 <-- 0.011952 s
currentSize : 27 <-- 0.017174 s
currentSize : 28 <-- 0.734616 s
currentSize : 29 <-- 0.751869 s
currentSize : 30 <-- 30.327972 s
currentSize : 31 <-- 30.328585 s
currentSize : 32 <-- 30.360945 s

TIMEOUT
maxsize : 32
nodes : 208387469.000000
filtered : 1777904825.000000
time : 1000.000061
