Parameters: GAD=1 vflib=1 dir=0 label=1 lowerbound=1 fileNameGp=../../cp2016-max-common-connected-subgraph-paper/datasets/graphsdb/mcs30/bvg/b06/mcs30_b06_s80.A01 fileNameGt=../../cp2016-max-common-connected-subgraph-paper/datasets/graphsdb/mcs30/bvg/b06/mcs30_b06_s80.B01
Reading graphs...
80 :  238
80 :  238
Initializing...
maxdom : 8
D->valSize : 440
Solving...
Blb : 2 (clique : 24)
currentSize : 24 <-- 0.006766 s
currentSize : 25 <-- 0.008163 s
currentSize : 26 <-- 0.081771 s
currentSize : 27 <-- 0.163934 s
currentSize : 28 <-- 0.441346 s
currentSize : 29 <-- 2.834597 s
currentSize : 30 <-- 75.131943 s
currentSize : 31 <-- 80.734070 s

TIMEOUT
maxsize : 31
nodes : 185000155.000000
filtered : 1857243087.000000
time : 1000.000061
