Parameters: GAD=1 vflib=1 dir=0 label=1 lowerbound=1 fileNameGp=../../cp2016-max-common-connected-subgraph-paper/datasets/graphsdb/mcs30/m3D/m3Dr6/mcs30_m3Dr6_s70.A04 fileNameGt=../../cp2016-max-common-connected-subgraph-paper/datasets/graphsdb/mcs30/m3D/m3Dr6/mcs30_m3Dr6_s70.B04
Reading graphs...
70 :  199
70 :  197
Initializing...
maxdom : 9
D->valSize : 341
Solving...
Blb : 2 (clique : 20)
currentSize : 20 <-- 0.004412 s
currentSize : 21 <-- 0.025172 s
currentSize : 22 <-- 0.044324 s
currentSize : 23 <-- 0.190359 s
currentSize : 24 <-- 0.212419 s
currentSize : 25 <-- 2.321849 s
currentSize : 26 <-- 314.948120 s
currentSize : 27 <-- 816.642090 s
currentSize : 28 <-- 816.642151 s
currentSize : 29 <-- 816.690491 s

TIMEOUT
maxsize : 29
nodes : 206052686.000000
filtered : 2049879154.000000
time : 1000.000061
