Parameters: GAD=1 vflib=1 dir=0 label=1 lowerbound=1 fileNameGp=../../cp2016-max-common-connected-subgraph-paper/datasets/graphsdb/mcs30/bvg/b03m/mcs30_b03m_s80.A01 fileNameGt=../../cp2016-max-common-connected-subgraph-paper/datasets/graphsdb/mcs30/bvg/b03m/mcs30_b03m_s80.B01
Reading graphs...
80 :  120
80 :  120
Initializing...
maxdom : 10
D->valSize : 401
Solving...
Blb : 2 (clique : 29)
currentSize : 29 <-- 0.003790 s
currentSize : 30 <-- 0.005303 s
currentSize : 31 <-- 0.273387 s
currentSize : 32 <-- 0.287223 s
currentSize : 33 <-- 0.287373 s
currentSize : 34 <-- 0.287566 s
currentSize : 35 <-- 366.832214 s

TIMEOUT
maxsize : 35
nodes : 277890685.000000
filtered : 1252840085.000000
time : 1000.000061
