Parameters: GAD=1 vflib=1 dir=0 label=1 lowerbound=1 fileNameGp=../../cp2016-max-common-connected-subgraph-paper/datasets/graphsdb/mcs30/bvg/b06m/mcs30_b06m_s100.A05 fileNameGt=../../cp2016-max-common-connected-subgraph-paper/datasets/graphsdb/mcs30/bvg/b06m/mcs30_b06m_s100.B05
Reading graphs...
100 :  294
100 :  295
Initializing...
maxdom : 9
D->valSize : 360
Solving...
Blb : 2 (clique : 28)
currentSize : 28 <-- 0.003546 s
currentSize : 29 <-- 0.003865 s
currentSize : 30 <-- 0.097955 s
currentSize : 31 <-- 5.413255 s
currentSize : 32 <-- 6.703437 s
currentSize : 33 <-- 6.719506 s
currentSize : 34 <-- 21.355965 s
currentSize : 35 <-- 21.449896 s
currentSize : 36 <-- 139.769196 s
currentSize : 37 <-- 140.045074 s

TIMEOUT
maxsize : 37
nodes : 198652822.000000
filtered : 902311072.000000
time : 1000.000061
