Parameters: GAD=1 vflib=1 dir=0 label=1 lowerbound=1 fileNameGp=../../cp2016-max-common-connected-subgraph-paper/datasets/graphsdb/mcs30/m4D/m4Dr2/mcs30_m4Dr2_s60.A08 fileNameGt=../../cp2016-max-common-connected-subgraph-paper/datasets/graphsdb/mcs30/m4D/m4Dr2/mcs30_m4Dr2_s60.B08
Reading graphs...
60 :  113
60 :  113
Initializing...
maxdom : 7
D->valSize : 224
Solving...
Blb : 2 (clique : 19)
currentSize : 19 <-- 0.001543 s
currentSize : 20 <-- 0.002565 s
currentSize : 21 <-- 0.019407 s
currentSize : 22 <-- 0.197610 s
currentSize : 23 <-- 130.905289 s
currentSize : 24 <-- 260.885559 s
currentSize : 25 <-- 289.537811 s

maxsize : 25
nodes : 97386572.000000
filtered : 501330708.000000
time : 328.239594
