Parameters: GAD=1 vflib=1 dir=0 label=1 lowerbound=1 fileNameGp=../../cp2016-max-common-connected-subgraph-paper/datasets/graphsdb/mcs30/rand/r01/mcs30_r01_s90.A04 fileNameGt=../../cp2016-max-common-connected-subgraph-paper/datasets/graphsdb/mcs30/rand/r01/mcs30_r01_s90.B04
Reading graphs...
90 :  761
90 :  754
Initializing...
maxdom : 9
D->valSize : 534
Solving...
Blb : 2 (clique : 12)
currentSize : 12 <-- 0.005737 s
currentSize : 13 <-- 0.006207 s
currentSize : 14 <-- 0.007531 s
currentSize : 15 <-- 0.011608 s
currentSize : 16 <-- 0.081273 s
currentSize : 17 <-- 0.166674 s
currentSize : 18 <-- 0.397261 s
currentSize : 19 <-- 3.629462 s
currentSize : 20 <-- 4.021542 s
currentSize : 21 <-- 9.433010 s
currentSize : 22 <-- 18.639164 s
currentSize : 23 <-- 18.639236 s
currentSize : 24 <-- 18.639263 s
currentSize : 25 <-- 143.215149 s

maxsize : 25
nodes : 38987870.000000
filtered : 771295216.000000
time : 265.273743
