Parameters: GAD=1 vflib=1 dir=0 label=1 lowerbound=1 fileNameGp=../../cp2016-max-common-connected-subgraph-paper/datasets/graphsdb/mcs30/m3D/m3Dr6/mcs30_m3Dr6_s90.A07 fileNameGt=../../cp2016-max-common-connected-subgraph-paper/datasets/graphsdb/mcs30/m3D/m3Dr6/mcs30_m3Dr6_s90.B07
Reading graphs...
90 :  260
90 :  258
Initializing...
maxdom : 11
D->valSize : 552
Solving...
Blb : 2 (clique : 25)
currentSize : 25 <-- 0.006318 s
currentSize : 26 <-- 0.074848 s
currentSize : 27 <-- 0.414301 s
currentSize : 28 <-- 9.080963 s
currentSize : 29 <-- 9.719375 s
currentSize : 30 <-- 125.431625 s
currentSize : 31 <-- 194.758423 s
currentSize : 32 <-- 644.200562 s

TIMEOUT
maxsize : 32
nodes : 194361326.000000
filtered : 1675970309.000000
time : 1000.000061
