Parameters: GAD=1 vflib=1 dir=0 label=1 lowerbound=1 fileNameGp=../../cp2016-max-common-connected-subgraph-paper/datasets/graphsdb/mcs30/bvg/b03/mcs30_b03_s80.A09 fileNameGt=../../cp2016-max-common-connected-subgraph-paper/datasets/graphsdb/mcs30/bvg/b03/mcs30_b03_s80.B09
Reading graphs...
80 :  120
80 :  120
Initializing...
maxdom : 10
D->valSize : 416
Solving...
Blb : 2 (clique : 31)
currentSize : 31 <-- 0.004101 s
currentSize : 32 <-- 0.004684 s
currentSize : 33 <-- 0.007410 s
currentSize : 34 <-- 0.761290 s
currentSize : 35 <-- 24.507936 s
currentSize : 36 <-- 61.075302 s
currentSize : 37 <-- 66.292709 s
currentSize : 38 <-- 890.214722 s

TIMEOUT
maxsize : 38
nodes : 224978512.000000
filtered : 1596618014.000000
time : 1000.000061
