Parameters: GAD=1 vflib=1 dir=0 label=1 lowerbound=1 fileNameGp=../../cp2016-max-common-connected-subgraph-paper/datasets/graphsdb/mcs30/bvg/b03/mcs30_b03_s50.A03 fileNameGt=../../cp2016-max-common-connected-subgraph-paper/datasets/graphsdb/mcs30/bvg/b03/mcs30_b03_s50.B03
Reading graphs...
50 :  74
50 :  75
Initializing...
maxdom : 9
D->valSize : 345
Solving...
Blb : 2 (clique : 20)
currentSize : 20 <-- 0.002552 s
currentSize : 21 <-- 0.003050 s
currentSize : 22 <-- 0.431994 s
currentSize : 23 <-- 0.698042 s
currentSize : 24 <-- 2.241018 s
currentSize : 25 <-- 2.287389 s
currentSize : 26 <-- 3.327017 s

TIMEOUT
maxsize : 26
nodes : 342513769.000000
filtered : 2182903992.000000
time : 1000.000000
