Parameters: GAD=1 vflib=1 dir=0 label=1 lowerbound=1 fileNameGp=../../cp2016-max-common-connected-subgraph-paper/datasets/graphsdb/mcs30/bvg/b03m/mcs30_b03m_s70.A07 fileNameGt=../../cp2016-max-common-connected-subgraph-paper/datasets/graphsdb/mcs30/bvg/b03m/mcs30_b03m_s70.B07
Reading graphs...
70 :  105
70 :  105
Initializing...
maxdom : 10
D->valSize : 326
Solving...
Blb : 2 (clique : 23)
currentSize : 23 <-- 0.002709 s
currentSize : 24 <-- 0.010744 s
currentSize : 25 <-- 0.131189 s
currentSize : 26 <-- 0.424699 s
currentSize : 27 <-- 0.803638 s
currentSize : 28 <-- 0.998781 s
currentSize : 29 <-- 7.244499 s
currentSize : 30 <-- 767.964905 s

TIMEOUT
maxsize : 30
nodes : 264666241.000000
filtered : 1724312644.000000
time : 1000.000061
