Parameters: GAD=1 vflib=1 dir=0 label=1 lowerbound=1 fileNameGp=../../cp2016-max-common-connected-subgraph-paper/datasets/graphsdb/mcs30/rand/r005/mcs30_r005_s90.A04 fileNameGt=../../cp2016-max-common-connected-subgraph-paper/datasets/graphsdb/mcs30/rand/r005/mcs30_r005_s90.B04
Reading graphs...
90 :  393
90 :  388
Initializing...
maxdom : 8
D->valSize : 504
Solving...
Blb : 2 (clique : 23)
currentSize : 23 <-- 0.005331 s
currentSize : 24 <-- 0.564870 s
currentSize : 25 <-- 1.728303 s
currentSize : 26 <-- 5.203920 s
currentSize : 27 <-- 9.066047 s
currentSize : 28 <-- 520.406616 s

TIMEOUT
maxsize : 28
nodes : 210234452.000000
filtered : 1550726554.000000
time : 1000.000000
