Parameters: GAD=1 vflib=1 dir=0 label=1 lowerbound=1 fileNameGp=../../cp2016-max-common-connected-subgraph-paper/datasets/graphsdb/mcs30/m2D/m2Dr2/mcs30_m2Dr2_s50.A02 fileNameGt=../../cp2016-max-common-connected-subgraph-paper/datasets/graphsdb/mcs30/m2D/m2Dr2/mcs30_m2Dr2_s50.B02
Reading graphs...
50 :  95
50 :  95
Initializing...
maxdom : 10
D->valSize : 300
Solving...
Blb : 2 (clique : 17)
currentSize : 17 <-- 0.003149 s
currentSize : 18 <-- 0.006198 s
currentSize : 19 <-- 3.945933 s
currentSize : 20 <-- 13.303109 s
currentSize : 21 <-- 42.532051 s
currentSize : 23 <-- 44.428097 s

maxsize : 23
nodes : 18420463.000000
filtered : 173730275.000000
time : 62.029293
