Parameters: GAD=1 vflib=1 dir=0 label=1 lowerbound=1 fileNameGp=../../cp2016-max-common-connected-subgraph-paper/datasets/graphsdb/mcs30/m4D/m4Dr4/mcs30_m4Dr4_s70.A06 fileNameGt=../../cp2016-max-common-connected-subgraph-paper/datasets/graphsdb/mcs30/m4D/m4Dr4/mcs30_m4Dr4_s70.B06
Reading graphs...
70 :  142
70 :  145
Initializing...
maxdom : 8
D->valSize : 337
Solving...
Blb : 2 (clique : 24)
currentSize : 24 <-- 0.002775 s
currentSize : 25 <-- 0.002987 s
currentSize : 26 <-- 0.009259 s
currentSize : 27 <-- 0.119545 s
currentSize : 28 <-- 0.121692 s
currentSize : 29 <-- 0.167109 s

TIMEOUT
maxsize : 29
nodes : 273055543.000000
filtered : 1486977354.000000
time : 1000.000000
