Parameters: GAD=1 vflib=1 dir=0 label=1 lowerbound=1 fileNameGp=../../cp2016-max-common-connected-subgraph-paper/datasets/graphsdb/mcs30/m3D/m3Dr6/mcs30_m3Dr6_s100.A09 fileNameGt=../../cp2016-max-common-connected-subgraph-paper/datasets/graphsdb/mcs30/m3D/m3Dr6/mcs30_m3Dr6_s100.B09
Reading graphs...
100 :  292
100 :  293
Initializing...
maxdom : 6
D->valSize : 346
Solving...
Blb : 2 (clique : 28)
currentSize : 28 <-- 0.003435 s
currentSize : 29 <-- 0.018821 s
currentSize : 30 <-- 0.139873 s
currentSize : 31 <-- 0.139934 s
currentSize : 32 <-- 1.281969 s
currentSize : 33 <-- 15.616139 s
currentSize : 34 <-- 55.871391 s
currentSize : 35 <-- 118.140587 s

TIMEOUT
maxsize : 35
nodes : 203604718.000000
filtered : 643676817.000000
time : 1000.000061
