Parameters: GAD=1 vflib=1 dir=0 label=1 lowerbound=1 fileNameGp=../../cp2016-max-common-connected-subgraph-paper/datasets/graphsdb/mcs30/m4D/m4Dr4/mcs30_m4Dr4_s50.A05 fileNameGt=../../cp2016-max-common-connected-subgraph-paper/datasets/graphsdb/mcs30/m4D/m4Dr4/mcs30_m4Dr4_s50.B05
Reading graphs...
50 :  104
50 :  103
Initializing...
maxdom : 8
D->valSize : 305
Solving...
Blb : 2 (clique : 18)
currentSize : 18 <-- 0.002116 s
currentSize : 19 <-- 0.025113 s
currentSize : 20 <-- 1.522132 s
currentSize : 21 <-- 1.677436 s
currentSize : 22 <-- 22.607347 s
currentSize : 23 <-- 41.452251 s
currentSize : 24 <-- 168.429932 s

maxsize : 24
nodes : 63859307.000000
filtered : 749467925.000000
time : 245.840561
