Parameters: GAD=1 vflib=1 dir=0 label=1 lowerbound=1 fileNameGp=../../cp2016-max-common-connected-subgraph-paper/datasets/graphsdb/mcs30/m2D/m2Dr4/mcs30_m2Dr4_s60.A01 fileNameGt=../../cp2016-max-common-connected-subgraph-paper/datasets/graphsdb/mcs30/m2D/m2Dr4/mcs30_m2Dr4_s60.B01
Reading graphs...
60 :  128
60 :  123
Initializing...
maxdom : 7
D->valSize : 221
Solving...
Blb : 2 (clique : 18)
currentSize : 18 <-- 0.001476 s
currentSize : 19 <-- 0.001899 s
currentSize : 20 <-- 0.002233 s
currentSize : 21 <-- 1.060959 s
currentSize : 22 <-- 1.096908 s
currentSize : 23 <-- 2.805366 s
currentSize : 24 <-- 10.875042 s
currentSize : 25 <-- 10.878775 s

maxsize : 25
nodes : 7064473.000000
filtered : 45342340.000000
time : 27.611780
