Parameters: GAD=1 vflib=1 dir=0 label=1 lowerbound=1 fileNameGp=../../cp2016-max-common-connected-subgraph-paper/datasets/graphsdb/mcs30/m2D/m2Dr6/mcs30_m2Dr6_s100.A05 fileNameGt=../../cp2016-max-common-connected-subgraph-paper/datasets/graphsdb/mcs30/m2D/m2Dr6/mcs30_m2Dr6_s100.B05
Reading graphs...
100 :  238
100 :  237
Initializing...
maxdom : 7
D->valSize : 328
Solving...
Blb : 2 (clique : 28)
currentSize : 28 <-- 0.003111 s
currentSize : 29 <-- 0.003300 s
currentSize : 30 <-- 0.003387 s
currentSize : 31 <-- 2.257493 s
currentSize : 32 <-- 140.349884 s
currentSize : 33 <-- 485.826630 s
currentSize : 34 <-- 934.262329 s

TIMEOUT
maxsize : 34
nodes : 221151133.000000
filtered : 1001843857.000000
time : 1000.000061
