Parameters: GAD=1 vflib=1 dir=0 label=1 lowerbound=1 fileNameGp=../../cp2016-max-common-connected-subgraph-paper/datasets/graphsdb/mcs30/m4D/m4Dr2/mcs30_m4Dr2_s60.A02 fileNameGt=../../cp2016-max-common-connected-subgraph-paper/datasets/graphsdb/mcs30/m4D/m4Dr2/mcs30_m4Dr2_s60.B02
Reading graphs...
60 :  112
60 :  112
Initializing...
maxdom : 7
D->valSize : 240
Solving...
Blb : 3 (clique : 21)
currentSize : 21 <-- 0.001599 s
currentSize : 22 <-- 0.152702 s
currentSize : 23 <-- 2.421574 s
currentSize : 24 <-- 4.879113 s
currentSize : 25 <-- 36.924713 s

maxsize : 25
nodes : 151522669.000000
filtered : 929213270.000000
time : 581.739136
