Parameters: GAD=1 vflib=1 dir=0 label=1 lowerbound=1 fileNameGp=../../cp2016-max-common-connected-subgraph-paper/datasets/graphsdb/mcs30/m3D/m3D/mcs30_m3D_s80.A06 fileNameGt=../../cp2016-max-common-connected-subgraph-paper/datasets/graphsdb/mcs30/m3D/m3D/mcs30_m3D_s80.B06
Reading graphs...
80 :  180
80 :  183
Initializing...
maxdom : 9
D->valSize : 466
Solving...
Blb : 2 (clique : 26)
currentSize : 26 <-- 0.004728 s
currentSize : 27 <-- 0.012314 s
currentSize : 28 <-- 1.972720 s
currentSize : 29 <-- 2.780983 s
currentSize : 30 <-- 39.757904 s
currentSize : 31 <-- 63.615295 s

TIMEOUT
maxsize : 31
nodes : 228268366.000000
filtered : 1748356361.000000
time : 1000.000061
