Parameters: GAD=1 vflib=1 dir=0 label=1 lowerbound=1 fileNameGp=../../cp2016-max-common-connected-subgraph-paper/datasets/graphsdb/mcs30/bvg/b06/mcs30_b06_s90.A05 fileNameGt=../../cp2016-max-common-connected-subgraph-paper/datasets/graphsdb/mcs30/bvg/b06/mcs30_b06_s90.B05
Reading graphs...
90 :  268
90 :  268
Initializing...
maxdom : 11
D->valSize : 511
Solving...
Blb : 3 (clique : 27)
currentSize : 27 <-- 0.005641 s
currentSize : 28 <-- 11.956541 s
currentSize : 29 <-- 36.542679 s
currentSize : 30 <-- 43.236744 s
currentSize : 31 <-- 117.610664 s
currentSize : 32 <-- 117.621391 s

TIMEOUT
maxsize : 32
nodes : 193539848.000000
filtered : 1947486073.000000
time : 1000.000061
