Parameters: GAD=1 vflib=1 dir=0 label=1 lowerbound=1 fileNameGp=../../cp2016-max-common-connected-subgraph-paper/datasets/graphsdb/mcs30/m2D/m2Dr6/mcs30_m2Dr6_s50.A02 fileNameGt=../../cp2016-max-common-connected-subgraph-paper/datasets/graphsdb/mcs30/m2D/m2Dr6/mcs30_m2Dr6_s50.B02
Reading graphs...
50 :  114
50 :  112
Initializing...
maxdom : 12
D->valSize : 351
Solving...
Blb : 5 (clique : 17)
currentSize : 17 <-- 0.002536 s
currentSize : 18 <-- 0.002639 s
currentSize : 19 <-- 0.002665 s
currentSize : 20 <-- 0.002725 s
currentSize : 21 <-- 0.006018 s
currentSize : 22 <-- 0.006778 s
currentSize : 23 <-- 1.325644 s

maxsize : 23
nodes : 19699053.000000
filtered : 317305115.000000
time : 89.358086
