Parameters: GAD=1 vflib=1 dir=0 label=1 lowerbound=1 fileNameGp=../../cp2016-max-common-connected-subgraph-paper/datasets/graphsdb/mcs30/m2D/m2D/mcs30_m2D_s70.A02 fileNameGt=../../cp2016-max-common-connected-subgraph-paper/datasets/graphsdb/mcs30/m2D/m2D/mcs30_m2D_s70.B02
Reading graphs...
70 :  121
70 :  123
Initializing...
maxdom : 7
D->valSize : 349
Solving...
Blb : 2 (clique : 27)
currentSize : 27 <-- 0.002878 s
currentSize : 29 <-- 0.003151 s
currentSize : 30 <-- 0.020041 s
currentSize : 31 <-- 0.045974 s
currentSize : 32 <-- 0.140249 s
currentSize : 33 <-- 58.724724 s

TIMEOUT
maxsize : 33
nodes : 204171926.000000
filtered : 1888309526.000000
time : 1000.000000
