Parameters: GAD=1 vflib=1 dir=0 label=1 lowerbound=1 fileNameGp=../../cp2016-max-common-connected-subgraph-paper/datasets/graphsdb/mcs30/m3D/m3Dr2/mcs30_m3Dr2_s80.A02 fileNameGt=../../cp2016-max-common-connected-subgraph-paper/datasets/graphsdb/mcs30/m3D/m3Dr2/mcs30_m3Dr2_s80.B02
Reading graphs...
80 :  198
80 :  196
Initializing...
maxdom : 9
D->valSize : 417
Solving...
Blb : 2 (clique : 28)
currentSize : 28 <-- 0.006250 s
currentSize : 29 <-- 1.354254 s
currentSize : 30 <-- 17.767080 s
currentSize : 31 <-- 17.767256 s
currentSize : 32 <-- 36.975525 s
currentSize : 33 <-- 67.599518 s

TIMEOUT
maxsize : 33
nodes : 192157211.000000
filtered : 1831141814.000000
time : 1000.000000
