Parameters: GAD=1 vflib=1 dir=0 label=1 lowerbound=1 fileNameGp=../../cp2016-max-common-connected-subgraph-paper/datasets/graphsdb/mcs30/m4D/m4Dr6/mcs30_m4Dr6_s50.A04 fileNameGt=../../cp2016-max-common-connected-subgraph-paper/datasets/graphsdb/mcs30/m4D/m4Dr6/mcs30_m4Dr6_s50.B04
Reading graphs...
50 :  114
50 :  114
Initializing...
maxdom : 13
D->valSize : 309
Solving...
Blb : 2 (clique : 17)
currentSize : 17 <-- 0.002167 s
currentSize : 18 <-- 0.002386 s
currentSize : 19 <-- 0.002451 s
currentSize : 21 <-- 0.006353 s
currentSize : 22 <-- 0.306240 s
currentSize : 23 <-- 15.660722 s

maxsize : 23
nodes : 35082937.000000
filtered : 381220827.000000
time : 138.449631
