Parameters: GAD=1 vflib=1 dir=0 label=1 lowerbound=1 fileNameGp=../../cp2016-max-common-connected-subgraph-paper/datasets/graphsdb/mcs30/rand/r005/mcs30_r005_s50.A00 fileNameGt=../../cp2016-max-common-connected-subgraph-paper/datasets/graphsdb/mcs30/rand/r005/mcs30_r005_s50.B00
Reading graphs...
50 :  125
50 :  124
Initializing...
maxdom : 11
D->valSize : 342
Solving...
Blb : 5 (clique : 17)
currentSize : 17 <-- 0.002442 s
currentSize : 18 <-- 0.010657 s
currentSize : 19 <-- 0.022897 s
currentSize : 20 <-- 2.628024 s
currentSize : 21 <-- 64.887428 s

maxsize : 21
nodes : 52021153.000000
filtered : 681517018.000000
time : 214.514954
