Parameters: GAD=1 vflib=1 dir=0 label=1 lowerbound=1 fileNameGp=../../cp2016-max-common-connected-subgraph-paper/datasets/graphsdb/mcs30/rand/r005/mcs30_r005_s80.A05 fileNameGt=../../cp2016-max-common-connected-subgraph-paper/datasets/graphsdb/mcs30/rand/r005/mcs30_r005_s80.B05
Reading graphs...
80 :  307
80 :  309
Initializing...
maxdom : 10
D->valSize : 416
Solving...
Blb : 2 (clique : 21)
currentSize : 21 <-- 0.003795 s
currentSize : 22 <-- 0.003961 s
currentSize : 24 <-- 0.004103 s
currentSize : 25 <-- 0.004158 s
currentSize : 26 <-- 0.049211 s
currentSize : 27 <-- 4.705620 s
currentSize : 28 <-- 4.777458 s

TIMEOUT
maxsize : 28
nodes : 179313810.000000
filtered : 2213629355.000000
time : 1000.000061
