Parameters: GAD=1 vflib=1 dir=0 label=1 lowerbound=1 fileNameGp=../../cp2016-max-common-connected-subgraph-paper/datasets/graphsdb/mcs30/rand/r005/mcs30_r005_s60.A00 fileNameGt=../../cp2016-max-common-connected-subgraph-paper/datasets/graphsdb/mcs30/rand/r005/mcs30_r005_s60.B00
Reading graphs...
60 :  175
60 :  175
Initializing...
maxdom : 6
D->valSize : 234
Solving...
Blb : 2 (clique : 16)
currentSize : 16 <-- 0.001621 s
currentSize : 17 <-- 0.002811 s
currentSize : 18 <-- 0.004967 s
currentSize : 19 <-- 0.018197 s
currentSize : 20 <-- 0.018686 s
currentSize : 21 <-- 1.266818 s
currentSize : 22 <-- 4.175993 s

maxsize : 22
nodes : 31427030.000000
filtered : 265236234.000000
time : 135.997238
