Parameters: GAD=1 vflib=1 dir=0 label=1 lowerbound=1 fileNameGp=../../cp2016-max-common-connected-subgraph-paper/datasets/graphsdb/mcs30/rand/r005/mcs30_r005_s90.A05 fileNameGt=../../cp2016-max-common-connected-subgraph-paper/datasets/graphsdb/mcs30/rand/r005/mcs30_r005_s90.B05
Reading graphs...
90 :  392
90 :  391
Initializing...
maxdom : 9
D->valSize : 511
Solving...
Blb : 2 (clique : 19)
currentSize : 19 <-- 0.005505 s
currentSize : 22 <-- 0.005665 s
currentSize : 23 <-- 0.005999 s
currentSize : 24 <-- 0.007478 s
currentSize : 25 <-- 0.007760 s
currentSize : 26 <-- 0.045964 s
currentSize : 27 <-- 374.850067 s
currentSize : 28 <-- 374.851196 s
currentSize : 29 <-- 376.819458 s

TIMEOUT
maxsize : 29
nodes : 166702993.000000
filtered : 2140171407.000000
time : 1000.000000
