Parameters: GAD=1 vflib=1 dir=0 label=1 lowerbound=1 fileNameGp=../../cp2016-max-common-connected-subgraph-paper/datasets/graphsdb/mcs30/m3D/m3Dr2/mcs30_m3Dr2_s100.A05 fileNameGt=../../cp2016-max-common-connected-subgraph-paper/datasets/graphsdb/mcs30/m3D/m3Dr2/mcs30_m3Dr2_s100.B05
Reading graphs...
100 :  252
100 :  254
Initializing...
maxdom : 7
D->valSize : 344
Solving...
Blb : 3 (clique : 29)
currentSize : 29 <-- 0.003411 s
currentSize : 30 <-- 0.015003 s
currentSize : 31 <-- 0.113847 s
currentSize : 32 <-- 0.119195 s
currentSize : 33 <-- 90.767593 s
currentSize : 34 <-- 352.543396 s
currentSize : 35 <-- 353.008209 s
currentSize : 36 <-- 353.009918 s
currentSize : 37 <-- 353.035095 s

TIMEOUT
maxsize : 37
nodes : 199771078.000000
filtered : 862126750.000000
time : 1000.000061
