Parameters: GAD=1 vflib=1 dir=0 label=1 lowerbound=1 fileNameGp=../../cp2016-max-common-connected-subgraph-paper/datasets/graphsdb/mcs30/rand/r005/mcs30_r005_s90.A07 fileNameGt=../../cp2016-max-common-connected-subgraph-paper/datasets/graphsdb/mcs30/rand/r005/mcs30_r005_s90.B07
Reading graphs...
90 :  390
90 :  388
Initializing...
maxdom : 10
D->valSize : 496
Solving...
Blb : 2 (clique : 20)
currentSize : 20 <-- 0.005337 s
currentSize : 21 <-- 0.012053 s
currentSize : 22 <-- 0.014139 s
currentSize : 23 <-- 0.035309 s
currentSize : 24 <-- 0.199668 s
currentSize : 25 <-- 45.458054 s

TIMEOUT
maxsize : 25
nodes : 201180302.000000
filtered : 1824553222.000000
time : 1000.000000
