Parameters: GAD=1 vflib=1 dir=0 label=1 lowerbound=1 fileNameGp=../../cp2016-max-common-connected-subgraph-paper/datasets/graphsdb/mcs30/bvg/b06/mcs30_b06_s100.A09 fileNameGt=../../cp2016-max-common-connected-subgraph-paper/datasets/graphsdb/mcs30/bvg/b06/mcs30_b06_s100.B09
Reading graphs...
100 :  298
100 :  297
Initializing...
maxdom : 8
D->valSize : 327
Solving...
Blb : 2 (clique : 29)
currentSize : 29 <-- 0.004947 s
currentSize : 30 <-- 14.826363 s
currentSize : 31 <-- 172.285019 s
currentSize : 32 <-- 245.356216 s
currentSize : 33 <-- 288.823975 s
currentSize : 34 <-- 291.773010 s

TIMEOUT
maxsize : 34
nodes : 204611658.000000
filtered : 1008008463.000000
time : 1000.000061
