Parameters: GAD=1 vflib=1 dir=0 label=1 lowerbound=1 fileNameGp=../../cp2016-max-common-connected-subgraph-paper/datasets/graphsdb/mcs30/m3D/m3Dr6/mcs30_m3Dr6_s100.A04 fileNameGt=../../cp2016-max-common-connected-subgraph-paper/datasets/graphsdb/mcs30/m3D/m3Dr6/mcs30_m3Dr6_s100.B04
Reading graphs...
100 :  293
100 :  290
Initializing...
maxdom : 7
D->valSize : 324
Solving...
Blb : 5 (clique : 26)
currentSize : 26 <-- 0.003035 s
currentSize : 27 <-- 0.019459 s
currentSize : 28 <-- 0.083708 s
currentSize : 29 <-- 7.020549 s
currentSize : 30 <-- 288.894684 s
currentSize : 31 <-- 534.777466 s
currentSize : 32 <-- 536.314819 s

TIMEOUT
maxsize : 32
nodes : 190348710.000000
filtered : 1093903879.000000
time : 1000.000061
