Parameters: GAD=1 vflib=1 dir=0 label=1 lowerbound=1 fileNameGp=../../cp2016-max-common-connected-subgraph-paper/datasets/graphsdb/mcs30/bvg/b09m/mcs30_b09m_s60.A01 fileNameGt=../../cp2016-max-common-connected-subgraph-paper/datasets/graphsdb/mcs30/bvg/b09m/mcs30_b09m_s60.B01
Reading graphs...
60 :  258
60 :  260
Initializing...
maxdom : 7
D->valSize : 256
Solving...
Blb : 2 (clique : 12)
currentSize : 12 <-- 0.001690 s
currentSize : 13 <-- 0.145996 s
currentSize : 14 <-- 0.153428 s
currentSize : 15 <-- 0.475918 s
currentSize : 17 <-- 0.475949 s
currentSize : 18 <-- 0.476368 s
currentSize : 19 <-- 1.046485 s
currentSize : 20 <-- 4.747573 s

maxsize : 20
nodes : 2435116.000000
filtered : 20008716.000000
time : 10.328166
