Parameters: GAD=1 vflib=1 dir=0 label=1 lowerbound=1 fileNameGp=../../cp2016-max-common-connected-subgraph-paper/datasets/graphsdb/mcs30/rand/r005/mcs30_r005_s100.A03 fileNameGt=../../cp2016-max-common-connected-subgraph-paper/datasets/graphsdb/mcs30/rand/r005/mcs30_r005_s100.B03
Reading graphs...
100 :  476
100 :  483
Initializing...
maxdom : 8
D->valSize : 329
Solving...
Blb : 2 (clique : 21)
currentSize : 21 <-- 0.003119 s
currentSize : 22 <-- 0.003456 s
currentSize : 23 <-- 0.004138 s
currentSize : 24 <-- 9.287080 s
currentSize : 25 <-- 9.715076 s
currentSize : 26 <-- 58.097034 s

TIMEOUT
maxsize : 26
nodes : 193488958.000000
filtered : 1055703053.000000
time : 1000.000061
