Parameters: GAD=1 vflib=1 dir=0 label=1 lowerbound=1 fileNameGp=../../cp2016-max-common-connected-subgraph-paper/datasets/graphsdb/mcs30/m2D/m2D/mcs30_m2D_s50.A05 fileNameGt=../../cp2016-max-common-connected-subgraph-paper/datasets/graphsdb/mcs30/m2D/m2D/mcs30_m2D_s50.B05
Reading graphs...
50 :  85
50 :  83
Initializing...
maxdom : 12
D->valSize : 333
Solving...
Blb : 2 (clique : 19)
currentSize : 19 <-- 0.002378 s
currentSize : 20 <-- 0.159875 s
currentSize : 21 <-- 3.247982 s
currentSize : 22 <-- 21.123678 s
currentSize : 23 <-- 213.609604 s

maxsize : 23
nodes : 176816569.000000
filtered : 2167805794.000000
time : 688.967834
