Parameters: GAD=1 vflib=1 dir=0 label=1 lowerbound=1 fileNameGp=../../cp2016-max-common-connected-subgraph-paper/datasets/graphsdb/mcs30/m2D/m2Dr6/mcs30_m2Dr6_s60.A01 fileNameGt=../../cp2016-max-common-connected-subgraph-paper/datasets/graphsdb/mcs30/m2D/m2Dr6/mcs30_m2Dr6_s60.B01
Reading graphs...
60 :  140
60 :  140
Initializing...
maxdom : 7
D->valSize : 226
Solving...
Blb : 2 (clique : 20)
currentSize : 20 <-- 0.001722 s
currentSize : 21 <-- 0.002436 s
currentSize : 22 <-- 0.031000 s
currentSize : 23 <-- 76.464867 s
currentSize : 24 <-- 147.715775 s
currentSize : 25 <-- 285.443909 s

maxsize : 25
nodes : 87593709.000000
filtered : 563540872.000000
time : 337.935455
