Parameters: GAD=1 vflib=1 dir=0 label=1 lowerbound=1 fileNameGp=../../cp2016-max-common-connected-subgraph-paper/datasets/graphsdb/mcs30/bvg/b09m/mcs30_b09m_s70.A04 fileNameGt=../../cp2016-max-common-connected-subgraph-paper/datasets/graphsdb/mcs30/bvg/b09m/mcs30_b09m_s70.B04
Reading graphs...
70 :  308
70 :  306
Initializing...
maxdom : 8
D->valSize : 301
Solving...
Blb : 3 (clique : 15)
currentSize : 15 <-- 0.002285 s
currentSize : 16 <-- 0.007735 s
currentSize : 17 <-- 0.012662 s
currentSize : 18 <-- 0.823682 s
currentSize : 19 <-- 5.158914 s
currentSize : 20 <-- 43.864365 s
currentSize : 21 <-- 43.867821 s
currentSize : 22 <-- 44.282887 s
currentSize : 23 <-- 121.906265 s

maxsize : 23
nodes : 32115090.000000
filtered : 275293248.000000
time : 149.232239
