Parameters: GAD=1 vflib=1 dir=0 label=1 lowerbound=1 fileNameGp=../../cp2016-max-common-connected-subgraph-paper/datasets/graphsdb/mcs30/rand/r005/mcs30_r005_s50.A07 fileNameGt=../../cp2016-max-common-connected-subgraph-paper/datasets/graphsdb/mcs30/rand/r005/mcs30_r005_s50.B07
Reading graphs...
50 :  123
50 :  125
Initializing...
maxdom : 14
D->valSize : 354
Solving...
Blb : 5 (clique : 15)
currentSize : 15 <-- 0.002592 s
currentSize : 16 <-- 0.002699 s
currentSize : 17 <-- 0.003120 s
currentSize : 18 <-- 0.198698 s
currentSize : 19 <-- 0.260556 s
currentSize : 20 <-- 537.160461 s

TIMEOUT
maxsize : 20
nodes : 261468997.000000
filtered : 2831863281.000000
time : 1000.000000
