Parameters: GAD=1 vflib=1 dir=0 label=1 lowerbound=1 fileNameGp=../../cp2016-max-common-connected-subgraph-paper/datasets/graphsdb/mcs30/rand/r01/mcs30_r01_s80.A05 fileNameGt=../../cp2016-max-common-connected-subgraph-paper/datasets/graphsdb/mcs30/rand/r01/mcs30_r01_s80.B05
Reading graphs...
80 :  598
80 :  602
Initializing...
maxdom : 8
D->valSize : 402
Solving...
Blb : 2 (clique : 11)
currentSize : 11 <-- 0.005579 s
currentSize : 12 <-- 0.005717 s
currentSize : 13 <-- 0.006648 s
currentSize : 14 <-- 0.010747 s
currentSize : 15 <-- 0.048429 s
currentSize : 16 <-- 0.181094 s
currentSize : 17 <-- 0.182259 s
currentSize : 18 <-- 0.183613 s
currentSize : 19 <-- 18.173901 s
currentSize : 20 <-- 18.174007 s
currentSize : 21 <-- 18.174292 s
currentSize : 22 <-- 18.174379 s
currentSize : 23 <-- 18.174513 s

maxsize : 23
nodes : 6270317.000000
filtered : 88436356.000000
time : 35.375004
