Parameters: GAD=1 vflib=1 dir=0 label=1 lowerbound=1 fileNameGp=../../cp2016-max-common-connected-subgraph-paper/datasets/graphsdb/mcs30/bvg/b03m/mcs30_b03m_s80.A03 fileNameGt=../../cp2016-max-common-connected-subgraph-paper/datasets/graphsdb/mcs30/bvg/b03m/mcs30_b03m_s80.B03
Reading graphs...
80 :  117
80 :  117
Initializing...
maxdom : 8
D->valSize : 413
Solving...
Blb : 2 (clique : 30)
currentSize : 30 <-- 0.003839 s
currentSize : 31 <-- 0.004046 s
currentSize : 32 <-- 1.987540 s
currentSize : 33 <-- 11.201978 s
currentSize : 34 <-- 18.345528 s
currentSize : 35 <-- 18.833937 s

TIMEOUT
maxsize : 35
nodes : 230753345.000000
filtered : 1491634093.000000
time : 1000.000061
