Parameters: GAD=1 vflib=1 dir=0 label=1 lowerbound=1 fileNameGp=../../cp2016-max-common-connected-subgraph-paper/datasets/graphsdb/mcs30/rand/r005/mcs30_r005_s90.A06 fileNameGt=../../cp2016-max-common-connected-subgraph-paper/datasets/graphsdb/mcs30/rand/r005/mcs30_r005_s90.B06
Reading graphs...
90 :  390
90 :  385
Initializing...
maxdom : 11
D->valSize : 537
Solving...
Blb : 5 (clique : 19)
currentSize : 19 <-- 0.005982 s
currentSize : 20 <-- 0.057927 s
currentSize : 21 <-- 0.640749 s
currentSize : 22 <-- 16.693110 s
currentSize : 23 <-- 119.304352 s
currentSize : 24 <-- 499.260284 s
currentSize : 25 <-- 894.581604 s

TIMEOUT
maxsize : 25
nodes : 213157852.000000
filtered : 1853326423.000000
time : 1000.000061
