Parameters: GAD=1 vflib=1 dir=0 label=1 lowerbound=1 fileNameGp=../../cp2016-max-common-connected-subgraph-paper/datasets/graphsdb/mcs30/bvg/b06/mcs30_b06_s80.A05 fileNameGt=../../cp2016-max-common-connected-subgraph-paper/datasets/graphsdb/mcs30/bvg/b06/mcs30_b06_s80.B05
Reading graphs...
80 :  238
80 :  237
Initializing...
maxdom : 9
D->valSize : 409
Solving...
Blb : 2 (clique : 21)
currentSize : 21 <-- 0.003863 s
currentSize : 22 <-- 0.004031 s
currentSize : 23 <-- 0.004080 s
currentSize : 24 <-- 0.004160 s
currentSize : 25 <-- 0.004203 s
currentSize : 26 <-- 0.004822 s
currentSize : 27 <-- 0.255804 s
currentSize : 28 <-- 1.092077 s
currentSize : 29 <-- 79.852631 s

TIMEOUT
maxsize : 29
nodes : 187013989.000000
filtered : 1915632911.000000
time : 1000.000061
