Parameters: GAD=1 vflib=1 dir=0 label=1 lowerbound=1 fileNameGp=../../cp2016-max-common-connected-subgraph-paper/datasets/graphsdb/mcs30/bvg/b09/mcs30_b09_s70.A02 fileNameGt=../../cp2016-max-common-connected-subgraph-paper/datasets/graphsdb/mcs30/bvg/b09/mcs30_b09_s70.B02
Reading graphs...
70 :  311
70 :  310
Initializing...
maxdom : 9
D->valSize : 305
Solving...
Blb : 5 (clique : 15)
currentSize : 15 <-- 0.002254 s
currentSize : 16 <-- 0.002396 s
currentSize : 17 <-- 0.008035 s
currentSize : 18 <-- 0.044036 s
currentSize : 19 <-- 0.266934 s
currentSize : 20 <-- 19.031668 s
currentSize : 21 <-- 19.031973 s
currentSize : 22 <-- 19.033464 s
currentSize : 23 <-- 19.034843 s
currentSize : 24 <-- 30.750492 s

maxsize : 24
nodes : 9484509.000000
filtered : 88668136.000000
time : 45.233673
