Parameters: GAD=1 vflib=1 dir=0 label=1 lowerbound=1 fileNameGp=../../cp2016-max-common-connected-subgraph-paper/datasets/graphsdb/mcs30/m2D/m2Dr2/mcs30_m2Dr2_s60.A06 fileNameGt=../../cp2016-max-common-connected-subgraph-paper/datasets/graphsdb/mcs30/m2D/m2Dr2/mcs30_m2Dr2_s60.B06
Reading graphs...
60 :  115
60 :  114
Initializing...
maxdom : 6
D->valSize : 241
Solving...
Blb : 5 (clique : 20)
currentSize : 20 <-- 0.001649 s
currentSize : 21 <-- 0.002065 s
currentSize : 22 <-- 0.002444 s
currentSize : 23 <-- 0.003785 s
currentSize : 24 <-- 0.025538 s
currentSize : 25 <-- 0.028809 s

TIMEOUT
maxsize : 25
nodes : 267704668.000000
filtered : 1686562479.000000
time : 1000.000000
