Parameters: GAD=1 vflib=1 dir=0 label=1 lowerbound=1 fileNameGp=../../cp2016-max-common-connected-subgraph-paper/datasets/graphsdb/mcs30/m3D/m3Dr6/mcs30_m3Dr6_s80.A07 fileNameGt=../../cp2016-max-common-connected-subgraph-paper/datasets/graphsdb/mcs30/m3D/m3Dr6/mcs30_m3Dr6_s80.B07
Reading graphs...
80 :  230
80 :  228
Initializing...
maxdom : 9
D->valSize : 424
Solving...
Blb : 2 (clique : 22)
currentSize : 22 <-- 0.006313 s
currentSize : 23 <-- 2.045165 s
currentSize : 24 <-- 7.313799 s
currentSize : 25 <-- 7.318759 s
currentSize : 26 <-- 442.848328 s
currentSize : 27 <-- 661.932495 s

TIMEOUT
maxsize : 27
nodes : 229254833.000000
filtered : 1595558871.000000
time : 1000.000061
