Parameters: GAD=1 vflib=1 dir=0 label=1 lowerbound=1 fileNameGp=../../cp2016-max-common-connected-subgraph-paper/datasets/graphsdb/mcs30/m4D/m4Dr4/mcs30_m4Dr4_s50.A04 fileNameGt=../../cp2016-max-common-connected-subgraph-paper/datasets/graphsdb/mcs30/m4D/m4Dr4/mcs30_m4Dr4_s50.B04
Reading graphs...
50 :  104
50 :  105
Initializing...
maxdom : 12
D->valSize : 323
Solving...
Blb : 2 (clique : 17)
currentSize : 17 <-- 0.002231 s
currentSize : 19 <-- 0.002328 s
currentSize : 20 <-- 0.002436 s
currentSize : 21 <-- 0.002556 s
currentSize : 22 <-- 0.076870 s
currentSize : 23 <-- 2.557748 s

maxsize : 23
nodes : 48876207.000000
filtered : 632834621.000000
time : 200.119324
