Parameters: GAD=1 vflib=1 dir=0 label=1 lowerbound=1 fileNameGp=../../cp2016-max-common-connected-subgraph-paper/datasets/graphsdb/mcs30/bvg/b09m/mcs30_b09m_s80.A09 fileNameGt=../../cp2016-max-common-connected-subgraph-paper/datasets/graphsdb/mcs30/bvg/b09m/mcs30_b09m_s80.B09
Reading graphs...
80 :  356
80 :  354
Initializing...
maxdom : 11
D->valSize : 424
Solving...
Blb : 3 (clique : 19)
currentSize : 19 <-- 0.003835 s
currentSize : 20 <-- 0.747225 s
currentSize : 21 <-- 3.320834 s
currentSize : 22 <-- 10.173938 s
currentSize : 23 <-- 34.306198 s
currentSize : 24 <-- 80.827759 s
currentSize : 25 <-- 99.330856 s
currentSize : 26 <-- 144.219788 s
currentSize : 27 <-- 285.334473 s

TIMEOUT
maxsize : 27
nodes : 176067296.000000
filtered : 2189943157.000000
time : 1000.000061
