Parameters: GAD=1 vflib=1 dir=0 label=1 lowerbound=1 fileNameGp=../../cp2016-max-common-connected-subgraph-paper/datasets/graphsdb/mcs30/bvg/b03/mcs30_b03_s50.A04 fileNameGt=../../cp2016-max-common-connected-subgraph-paper/datasets/graphsdb/mcs30/bvg/b03/mcs30_b03_s50.B04
Reading graphs...
50 :  75
50 :  75
Initializing...
maxdom : 9
D->valSize : 329
Solving...
Blb : 2 (clique : 20)
currentSize : 20 <-- 0.002404 s
currentSize : 21 <-- 1.533189 s
currentSize : 22 <-- 2.211154 s
currentSize : 23 <-- 41.195671 s
currentSize : 24 <-- 42.240082 s
currentSize : 25 <-- 129.228531 s

maxsize : 25
nodes : 166124372.000000
filtered : 1811737599.000000
time : 611.522888
