Parameters: GAD=1 vflib=1 dir=0 label=1 lowerbound=1 fileNameGp=../../cp2016-max-common-connected-subgraph-paper/datasets/graphsdb/mcs30/bvg/b03/mcs30_b03_s70.A02 fileNameGt=../../cp2016-max-common-connected-subgraph-paper/datasets/graphsdb/mcs30/bvg/b03/mcs30_b03_s70.B02
Reading graphs...
70 :  105
70 :  105
Initializing...
maxdom : 9
D->valSize : 317
Solving...
Blb : 2 (clique : 26)
currentSize : 26 <-- 0.004164 s
currentSize : 27 <-- 0.008162 s
currentSize : 28 <-- 0.187506 s
currentSize : 29 <-- 1.732701 s
currentSize : 30 <-- 6.520208 s
currentSize : 31 <-- 277.100250 s
currentSize : 32 <-- 277.211700 s

TIMEOUT
maxsize : 32
nodes : 249060651.000000
filtered : 1330101551.000000
time : 1000.000000
