Parameters: GAD=1 vflib=1 dir=0 label=1 lowerbound=1 fileNameGp=../../cp2016-max-common-connected-subgraph-paper/datasets/graphsdb/mcs30/bvg/b06/mcs30_b06_s100.A08 fileNameGt=../../cp2016-max-common-connected-subgraph-paper/datasets/graphsdb/mcs30/bvg/b06/mcs30_b06_s100.B08
Reading graphs...
100 :  298
100 :  300
Initializing...
maxdom : 8
D->valSize : 346
Solving...
Blb : 2 (clique : 29)
currentSize : 29 <-- 0.003571 s
currentSize : 30 <-- 0.003849 s
currentSize : 31 <-- 0.656996 s
currentSize : 32 <-- 3.691293 s
currentSize : 33 <-- 34.555470 s
currentSize : 34 <-- 141.685669 s
currentSize : 35 <-- 146.807098 s
currentSize : 36 <-- 202.172119 s

TIMEOUT
maxsize : 36
nodes : 190013653.000000
filtered : 870364100.000000
time : 1000.000061
