Parameters: GAD=1 vflib=1 dir=0 label=1 lowerbound=1 fileNameGp=../../cp2016-max-common-connected-subgraph-paper/datasets/graphsdb/mcs30/rand/r01/mcs30_r01_s70.A08 fileNameGt=../../cp2016-max-common-connected-subgraph-paper/datasets/graphsdb/mcs30/rand/r01/mcs30_r01_s70.B08
Reading graphs...
70 :  442
70 :  463
Initializing...
maxdom : 10
D->valSize : 303
Solving...
Blb : 2 (clique : 13)
currentSize : 13 <-- 0.002395 s
currentSize : 14 <-- 0.078137 s
currentSize : 15 <-- 0.136587 s
currentSize : 16 <-- 0.159982 s
currentSize : 17 <-- 0.160005 s
currentSize : 18 <-- 3.732713 s
currentSize : 19 <-- 9.121670 s
currentSize : 20 <-- 13.490626 s
currentSize : 21 <-- 13.554944 s

maxsize : 21
nodes : 3272834.000000
filtered : 32556463.000000
time : 15.714970
