Parameters: GAD=1 vflib=1 dir=0 label=1 lowerbound=1 fileNameGp=../../cp2016-max-common-connected-subgraph-paper/datasets/graphsdb/mcs30/bvg/b06/mcs30_b06_s90.A08 fileNameGt=../../cp2016-max-common-connected-subgraph-paper/datasets/graphsdb/mcs30/bvg/b06/mcs30_b06_s90.B08
Reading graphs...
90 :  265
90 :  267
Initializing...
maxdom : 10
D->valSize : 579
Solving...
Blb : 3 (clique : 25)
currentSize : 25 <-- 0.006679 s
currentSize : 26 <-- 0.086539 s
currentSize : 27 <-- 0.663235 s
currentSize : 28 <-- 10.579206 s
currentSize : 29 <-- 17.664335 s
currentSize : 30 <-- 148.683517 s
currentSize : 31 <-- 192.827011 s
currentSize : 32 <-- 273.365692 s

TIMEOUT
maxsize : 32
nodes : 185963495.000000
filtered : 2350542128.000000
time : 1000.000061
