Parameters: GAD=1 vflib=1 dir=0 label=1 lowerbound=1 fileNameGp=../../cp2016-max-common-connected-subgraph-paper/datasets/graphsdb/mcs30/bvg/b09m/mcs30_b09m_s100.A08 fileNameGt=../../cp2016-max-common-connected-subgraph-paper/datasets/graphsdb/mcs30/bvg/b09m/mcs30_b09m_s100.B08
Reading graphs...
100 :  442
100 :  438
Initializing...
maxdom : 6
D->valSize : 294
Solving...
Blb : 2 (clique : 20)
currentSize : 20 <-- 0.002741 s
currentSize : 21 <-- 0.003047 s
currentSize : 22 <-- 0.003936 s
currentSize : 24 <-- 0.010888 s
currentSize : 25 <-- 0.059700 s
currentSize : 26 <-- 0.072699 s
currentSize : 27 <-- 0.425593 s
currentSize : 28 <-- 0.434477 s
currentSize : 29 <-- 26.781824 s
currentSize : 30 <-- 34.356411 s
currentSize : 31 <-- 94.886124 s
currentSize : 32 <-- 96.012314 s
currentSize : 33 <-- 140.272598 s

TIMEOUT
maxsize : 33
nodes : 202567163.000000
filtered : 903120609.000000
time : 1000.000061
