Parameters: GAD=1 vflib=1 dir=0 label=1 lowerbound=1 fileNameGp=../../cp2016-max-common-connected-subgraph-paper/datasets/graphsdb/mcs30/m3D/m3D/mcs30_m3D_s100.A05 fileNameGt=../../cp2016-max-common-connected-subgraph-paper/datasets/graphsdb/mcs30/m3D/m3D/mcs30_m3D_s100.B05
Reading graphs...
100 :  234
100 :  234
Initializing...
maxdom : 9
D->valSize : 406
Solving...
Blb : 2 (clique : 30)
currentSize : 30 <-- 0.004287 s
currentSize : 31 <-- 0.392035 s
currentSize : 32 <-- 0.880035 s
currentSize : 33 <-- 6.576942 s
currentSize : 34 <-- 6.963041 s
currentSize : 35 <-- 11.360583 s

TIMEOUT
maxsize : 35
nodes : 189694892.000000
filtered : 1182803624.000000
time : 1000.000061
