Parameters: GAD=1 vflib=1 dir=0 label=1 lowerbound=1 fileNameGp=../../cp2016-max-common-connected-subgraph-paper/datasets/graphsdb/mcs30/rand/r005/mcs30_r005_s50.A08 fileNameGt=../../cp2016-max-common-connected-subgraph-paper/datasets/graphsdb/mcs30/rand/r005/mcs30_r005_s50.B08
Reading graphs...
50 :  121
50 :  122
Initializing...
maxdom : 9
D->valSize : 331
Solving...
Blb : 2 (clique : 16)
currentSize : 16 <-- 0.002344 s
currentSize : 17 <-- 0.003568 s
currentSize : 18 <-- 0.269396 s
currentSize : 19 <-- 1.337422 s
currentSize : 20 <-- 16.009254 s
currentSize : 21 <-- 27.572760 s

maxsize : 21
nodes : 141030909.000000
filtered : 1496199786.000000
time : 554.224670
