Parameters: GAD=1 vflib=1 dir=0 label=1 lowerbound=1 fileNameGp=../../cp2016-max-common-connected-subgraph-paper/datasets/graphsdb/mcs30/bvg/b06/mcs30_b06_s50.A07 fileNameGt=../../cp2016-max-common-connected-subgraph-paper/datasets/graphsdb/mcs30/bvg/b06/mcs30_b06_s50.B07
Reading graphs...
50 :  148
50 :  148
Initializing...
maxdom : 10
D->valSize : 325
Solving...
Blb : 2 (clique : 14)
currentSize : 14 <-- 0.002272 s
currentSize : 15 <-- 0.005079 s
currentSize : 16 <-- 0.014547 s
currentSize : 17 <-- 0.045037 s
currentSize : 18 <-- 0.882087 s
currentSize : 19 <-- 25.473129 s
currentSize : 20 <-- 98.358994 s
currentSize : 21 <-- 109.117966 s

maxsize : 21
nodes : 33833191.000000
filtered : 436212877.000000
time : 147.032944
