Parameters: GAD=1 vflib=1 dir=0 label=1 lowerbound=1 fileNameGp=../../cp2016-max-common-connected-subgraph-paper/datasets/graphsdb/mcs30/rand/r02/mcs30_r02_s60.A09 fileNameGt=../../cp2016-max-common-connected-subgraph-paper/datasets/graphsdb/mcs30/rand/r02/mcs30_r02_s60.B09
Reading graphs...
60 :  630
60 :  634
Initializing...
maxdom : 7
D->valSize : 251
Solving...
Blb : 2 (clique : 6)
currentSize : 6 <-- 0.002447 s
currentSize : 7 <-- 0.002543 s
currentSize : 8 <-- 0.002577 s
currentSize : 9 <-- 0.009111 s
currentSize : 10 <-- 0.009530 s
currentSize : 11 <-- 0.016583 s
currentSize : 12 <-- 0.022690 s
currentSize : 13 <-- 0.033135 s
currentSize : 14 <-- 0.034782 s
currentSize : 16 <-- 0.035526 s
currentSize : 17 <-- 0.035640 s

maxsize : 17
nodes : 13105.000000
filtered : 207514.000000
time : 0.082878
