Parameters: GAD=1 vflib=1 dir=0 label=1 lowerbound=1 fileNameGp=../../cp2016-max-common-connected-subgraph-paper/datasets/graphsdb/mcs30/m2D/m2Dr4/mcs30_m2Dr4_s70.A05 fileNameGt=../../cp2016-max-common-connected-subgraph-paper/datasets/graphsdb/mcs30/m2D/m2Dr4/mcs30_m2Dr4_s70.B05
Reading graphs...
70 :  149
70 :  149
Initializing...
maxdom : 7
D->valSize : 341
Solving...
Blb : 2 (clique : 23)
currentSize : 23 <-- 0.004500 s
currentSize : 25 <-- 0.004729 s
currentSize : 26 <-- 0.060625 s
currentSize : 27 <-- 0.101647 s
currentSize : 28 <-- 0.135476 s
currentSize : 29 <-- 0.227270 s
currentSize : 30 <-- 2.805167 s

TIMEOUT
maxsize : 30
nodes : 234623880.000000
filtered : 1747812346.000000
time : 1000.000061
