Parameters: GAD=1 vflib=1 dir=0 label=1 lowerbound=1 fileNameGp=../../cp2016-max-common-connected-subgraph-paper/datasets/graphsdb/mcs30/m2D/m2Dr6/mcs30_m2Dr6_s50.A08 fileNameGt=../../cp2016-max-common-connected-subgraph-paper/datasets/graphsdb/mcs30/m2D/m2Dr6/mcs30_m2Dr6_s50.B08
Reading graphs...
50 :  113
50 :  112
Initializing...
maxdom : 11
D->valSize : 323
Solving...
Blb : 2 (clique : 19)
currentSize : 19 <-- 0.002335 s
currentSize : 20 <-- 1.869056 s
currentSize : 21 <-- 5.179502 s
currentSize : 22 <-- 8.511578 s
currentSize : 23 <-- 45.587566 s

maxsize : 23
nodes : 42342771.000000
filtered : 497073145.000000
time : 171.663437
