Parameters: GAD=1 vflib=1 dir=0 label=1 lowerbound=1 fileNameGp=../../cp2016-max-common-connected-subgraph-paper/datasets/graphsdb/mcs30/m4D/m4D/mcs30_m4D_s60.A04 fileNameGt=../../cp2016-max-common-connected-subgraph-paper/datasets/graphsdb/mcs30/m4D/m4D/mcs30_m4D_s60.B04
Reading graphs...
60 :  101
60 :  101
Initializing...
maxdom : 8
D->valSize : 218
Solving...
Blb : 2 (clique : 24)
currentSize : 24 <-- 0.001558 s
currentSize : 25 <-- 3.923089 s
currentSize : 26 <-- 218.995468 s
currentSize : 27 <-- 222.093002 s
currentSize : 28 <-- 251.928131 s

maxsize : 28
nodes : 92730347.000000
filtered : 596280414.000000
time : 335.802979
