Parameters: GAD=1 vflib=1 dir=0 label=1 lowerbound=1 fileNameGp=../../cp2016-max-common-connected-subgraph-paper/datasets/graphsdb/mcs30/bvg/b09/mcs30_b09_s70.A01 fileNameGt=../../cp2016-max-common-connected-subgraph-paper/datasets/graphsdb/mcs30/bvg/b09/mcs30_b09_s70.B01
Reading graphs...
70 :  307
70 :  307
Initializing...
maxdom : 8
D->valSize : 313
Solving...
Blb : 3 (clique : 19)
currentSize : 19 <-- 0.003711 s
currentSize : 20 <-- 0.004230 s
currentSize : 21 <-- 0.763930 s
currentSize : 22 <-- 3.399017 s
currentSize : 23 <-- 3.408788 s
currentSize : 24 <-- 55.014984 s

maxsize : 24
nodes : 21708651.000000
filtered : 241898258.000000
time : 111.469330
