Parameters: GAD=1 vflib=1 dir=0 label=1 lowerbound=1 fileNameGp=../../cp2016-max-common-connected-subgraph-paper/datasets/graphsdb/mcs30/m2D/m2Dr4/mcs30_m2Dr4_s100.A05 fileNameGt=../../cp2016-max-common-connected-subgraph-paper/datasets/graphsdb/mcs30/m2D/m2Dr4/mcs30_m2Dr4_s100.B05
Reading graphs...
100 :  216
100 :  217
Initializing...
maxdom : 8
D->valSize : 303
Solving...
Blb : 2 (clique : 29)
currentSize : 29 <-- 0.002923 s
currentSize : 30 <-- 0.003158 s
currentSize : 31 <-- 0.037851 s
currentSize : 32 <-- 0.366329 s
currentSize : 33 <-- 0.475159 s
currentSize : 34 <-- 342.336029 s

TIMEOUT
maxsize : 34
nodes : 239309677.000000
filtered : 800207227.000000
time : 1000.000061
