Parameters: GAD=1 vflib=1 dir=0 label=1 lowerbound=1 fileNameGp=../../cp2016-max-common-connected-subgraph-paper/datasets/graphsdb/mcs30/m2D/m2Dr6/mcs30_m2Dr6_s90.A04 fileNameGt=../../cp2016-max-common-connected-subgraph-paper/datasets/graphsdb/mcs30/m2D/m2Dr6/mcs30_m2Dr6_s90.B04
Reading graphs...
90 :  213
90 :  210
Initializing...
maxdom : 9
D->valSize : 535
Solving...
Blb : 2 (clique : 27)
currentSize : 27 <-- 0.006120 s
currentSize : 33 <-- 0.006354 s
currentSize : 34 <-- 3.016754 s
currentSize : 35 <-- 278.397461 s
currentSize : 36 <-- 623.913269 s
currentSize : 37 <-- 727.968201 s
currentSize : 38 <-- 745.744995 s

TIMEOUT
maxsize : 38
nodes : 231704732.000000
filtered : 1073798469.000000
time : 1000.000061
