Parameters: GAD=1 vflib=1 dir=0 label=1 lowerbound=1 fileNameGp=../../cp2016-max-common-connected-subgraph-paper/datasets/graphsdb/mcs30/rand/r005/mcs30_r005_s80.A00 fileNameGt=../../cp2016-max-common-connected-subgraph-paper/datasets/graphsdb/mcs30/rand/r005/mcs30_r005_s80.B00
Reading graphs...
80 :  307
80 :  309
Initializing...
maxdom : 9
D->valSize : 420
Solving...
Blb : 2 (clique : 20)
currentSize : 20 <-- 0.006150 s
currentSize : 22 <-- 0.006372 s
currentSize : 23 <-- 0.007673 s
currentSize : 24 <-- 0.012922 s
currentSize : 25 <-- 28.465935 s
currentSize : 26 <-- 28.467285 s
currentSize : 27 <-- 101.338608 s
currentSize : 28 <-- 101.338768 s
currentSize : 29 <-- 105.970894 s

TIMEOUT
maxsize : 29
nodes : 174531603.000000
filtered : 2117429486.000000
time : 1000.000061
