Parameters: GAD=1 vflib=1 dir=0 label=1 lowerbound=1 fileNameGp=../../cp2016-max-common-connected-subgraph-paper/datasets/graphsdb/mcs30/bvg/b03/mcs30_b03_s100.A06 fileNameGt=../../cp2016-max-common-connected-subgraph-paper/datasets/graphsdb/mcs30/bvg/b03/mcs30_b03_s100.B06
Reading graphs...
100 :  149
100 :  150
Initializing...
maxdom : 6
D->valSize : 319
Solving...
Blb : 2 (clique : 37)
currentSize : 37 <-- 0.005307 s
currentSize : 38 <-- 2.646915 s
currentSize : 39 <-- 2.879349 s
currentSize : 40 <-- 8.638732 s
currentSize : 41 <-- 21.132444 s
currentSize : 42 <-- 673.196350 s

TIMEOUT
maxsize : 42
nodes : 229786343.000000
filtered : 766231506.000000
time : 1000.000122
