Parameters: GAD=1 vflib=1 dir=0 label=1 lowerbound=1 fileNameGp=../../cp2016-max-common-connected-subgraph-paper/datasets/graphsdb/mcs30/m3D/m3Dr4/mcs30_m3Dr4_s80.A05 fileNameGt=../../cp2016-max-common-connected-subgraph-paper/datasets/graphsdb/mcs30/m3D/m3Dr4/mcs30_m3Dr4_s80.B05
Reading graphs...
80 :  213
80 :  214
Initializing...
maxdom : 9
D->valSize : 435
Solving...
Blb : 2 (clique : 23)
currentSize : 23 <-- 0.004098 s
currentSize : 24 <-- 0.004288 s
currentSize : 25 <-- 0.004630 s
currentSize : 26 <-- 0.004950 s
currentSize : 27 <-- 0.006762 s
currentSize : 28 <-- 0.008298 s
currentSize : 29 <-- 0.266672 s
currentSize : 30 <-- 0.281846 s
currentSize : 31 <-- 607.447876 s

TIMEOUT
maxsize : 31
nodes : 197774416.000000
filtered : 1983257089.000000
time : 1000.000000
