Parameters: GAD=1 vflib=1 dir=0 label=1 lowerbound=1 fileNameGp=../../cp2016-max-common-connected-subgraph-paper/datasets/graphsdb/mcs30/m2D/m2Dr4/mcs30_m2Dr4_s60.A00 fileNameGt=../../cp2016-max-common-connected-subgraph-paper/datasets/graphsdb/mcs30/m2D/m2Dr4/mcs30_m2Dr4_s60.B00
Reading graphs...
60 :  125
60 :  125
Initializing...
maxdom : 7
D->valSize : 226
Solving...
Blb : 3 (clique : 18)
currentSize : 18 <-- 0.001563 s
currentSize : 19 <-- 0.003828 s
currentSize : 20 <-- 2.752953 s
currentSize : 21 <-- 8.088767 s
currentSize : 22 <-- 28.260578 s

maxsize : 22
nodes : 41857582.000000
filtered : 300653707.000000
time : 165.870895
