Parameters: GAD=1 vflib=1 dir=0 label=1 lowerbound=1 fileNameGp=../../cp2016-max-common-connected-subgraph-paper/datasets/graphsdb/mcs30/bvg/b09m/mcs30_b09m_s60.A04 fileNameGt=../../cp2016-max-common-connected-subgraph-paper/datasets/graphsdb/mcs30/bvg/b09m/mcs30_b09m_s60.B04
Reading graphs...
60 :  258
60 :  261
Initializing...
maxdom : 8
D->valSize : 232
Solving...
Blb : 2 (clique : 13)
currentSize : 13 <-- 0.002243 s
currentSize : 14 <-- 0.005126 s
currentSize : 15 <-- 0.019087 s
currentSize : 16 <-- 1.001340 s
currentSize : 17 <-- 1.539546 s
currentSize : 18 <-- 1.539866 s
currentSize : 19 <-- 1.552403 s
currentSize : 20 <-- 1.756480 s

maxsize : 20
nodes : 903197.000000
filtered : 6844342.000000
time : 3.751273
