Parameters: GAD=1 vflib=1 dir=0 label=1 lowerbound=1 fileNameGp=../../cp2016-max-common-connected-subgraph-paper/datasets/graphsdb/mcs30/bvg/b09m/mcs30_b09m_s80.A07 fileNameGt=../../cp2016-max-common-connected-subgraph-paper/datasets/graphsdb/mcs30/bvg/b09m/mcs30_b09m_s80.B07
Reading graphs...
80 :  346
80 :  352
Initializing...
maxdom : 10
D->valSize : 414
Solving...
Blb : 5 (clique : 24)
currentSize : 24 <-- 0.003796 s
currentSize : 25 <-- 0.060751 s
currentSize : 26 <-- 0.112627 s
currentSize : 27 <-- 0.302879 s
currentSize : 28 <-- 1.030467 s
currentSize : 29 <-- 1.038652 s

maxsize : 29
nodes : 67774938.000000
filtered : 951323376.000000
time : 397.679321
