Parameters: GAD=1 vflib=1 dir=0 label=1 lowerbound=1 fileNameGp=../../cp2016-max-common-connected-subgraph-paper/datasets/graphsdb/mcs30/rand/r005/mcs30_r005_s50.A02 fileNameGt=../../cp2016-max-common-connected-subgraph-paper/datasets/graphsdb/mcs30/rand/r005/mcs30_r005_s50.B02
Reading graphs...
50 :  125
50 :  124
Initializing...
maxdom : 9
D->valSize : 297
Solving...
Blb : 2 (clique : 16)
currentSize : 16 <-- 0.001943 s
currentSize : 17 <-- 0.002468 s
currentSize : 18 <-- 0.005452 s
currentSize : 19 <-- 0.618177 s
currentSize : 20 <-- 142.162109 s

maxsize : 20
nodes : 55133486.000000
filtered : 507337915.000000
time : 201.143646
