Parameters: GAD=1 vflib=1 dir=0 label=1 lowerbound=1 fileNameGp=../../cp2016-max-common-connected-subgraph-paper/datasets/graphsdb/mcs30/m2D/m2Dr2/mcs30_m2Dr2_s60.A02 fileNameGt=../../cp2016-max-common-connected-subgraph-paper/datasets/graphsdb/mcs30/m2D/m2Dr2/mcs30_m2Dr2_s60.B02
Reading graphs...
60 :  114
60 :  115
Initializing...
maxdom : 7
D->valSize : 224
Solving...
Blb : 2 (clique : 20)
currentSize : 20 <-- 0.001521 s
currentSize : 21 <-- 0.008564 s
currentSize : 22 <-- 0.671456 s
currentSize : 23 <-- 4.751658 s
currentSize : 24 <-- 10.515085 s
currentSize : 25 <-- 20.476751 s
currentSize : 26 <-- 143.978073 s

maxsize : 26
nodes : 87525506.000000
filtered : 503559337.000000
time : 303.584167
