Parameters: GAD=1 vflib=1 dir=0 label=1 lowerbound=1 fileNameGp=../../cp2016-max-common-connected-subgraph-paper/datasets/graphsdb/mcs30/bvg/b06m/mcs30_b06m_s70.A01 fileNameGt=../../cp2016-max-common-connected-subgraph-paper/datasets/graphsdb/mcs30/bvg/b06m/mcs30_b06m_s70.B01
Reading graphs...
70 :  205
70 :  207
Initializing...
maxdom : 8
D->valSize : 318
Solving...
Blb : 2 (clique : 18)
currentSize : 18 <-- 0.002526 s
currentSize : 19 <-- 0.003450 s
currentSize : 20 <-- 0.006558 s
currentSize : 21 <-- 0.197594 s
currentSize : 22 <-- 0.617778 s
currentSize : 23 <-- 6.107354 s
currentSize : 24 <-- 39.584873 s
currentSize : 25 <-- 60.075123 s
currentSize : 26 <-- 60.327396 s
currentSize : 27 <-- 466.612640 s

maxsize : 27
nodes : 126449022.000000
filtered : 1065641567.000000
time : 608.587463
