Parameters: GAD=1 vflib=1 dir=0 label=1 lowerbound=1 fileNameGp=../../cp2016-max-common-connected-subgraph-paper/datasets/graphsdb/mcs30/m3D/m3Dr6/mcs30_m3Dr6_s70.A06 fileNameGt=../../cp2016-max-common-connected-subgraph-paper/datasets/graphsdb/mcs30/m3D/m3Dr6/mcs30_m3Dr6_s70.B06
Reading graphs...
70 :  195
70 :  197
Initializing...
maxdom : 8
D->valSize : 324
Solving...
Blb : 2 (clique : 19)
currentSize : 19 <-- 0.002621 s
currentSize : 20 <-- 0.002847 s
currentSize : 21 <-- 0.002934 s
currentSize : 22 <-- 0.003103 s
currentSize : 24 <-- 0.029683 s
currentSize : 25 <-- 0.029959 s
currentSize : 27 <-- 0.358627 s
currentSize : 28 <-- 0.360578 s
currentSize : 29 <-- 120.998596 s

maxsize : 29
nodes : 156645668.000000
filtered : 1273220409.000000
time : 745.202515
