Parameters: GAD=1 vflib=1 dir=0 label=1 lowerbound=1 fileNameGp=../../cp2016-max-common-connected-subgraph-paper/datasets/graphsdb/mcs30/rand/r005/mcs30_r005_s100.A04 fileNameGt=../../cp2016-max-common-connected-subgraph-paper/datasets/graphsdb/mcs30/rand/r005/mcs30_r005_s100.B04
Reading graphs...
100 :  479
100 :  484
Initializing...
maxdom : 6
D->valSize : 368
Solving...
Blb : 2 (clique : 22)
currentSize : 22 <-- 0.003450 s
currentSize : 23 <-- 0.016939 s
currentSize : 24 <-- 0.042110 s
currentSize : 25 <-- 0.100550 s
currentSize : 26 <-- 0.110228 s
currentSize : 27 <-- 0.381268 s
currentSize : 28 <-- 51.671024 s
currentSize : 29 <-- 66.228516 s
currentSize : 30 <-- 66.231766 s

TIMEOUT
maxsize : 30
nodes : 167545304.000000
filtered : 1351669123.000000
time : 1000.000000
