Parameters: GAD=1 vflib=1 dir=0 label=1 lowerbound=1 fileNameGp=../../cp2016-max-common-connected-subgraph-paper/datasets/graphsdb/mcs30/rand/r005/mcs30_r005_s40.A00 fileNameGt=../../cp2016-max-common-connected-subgraph-paper/datasets/graphsdb/mcs30/rand/r005/mcs30_r005_s40.B00
Reading graphs...
40 :  81
40 :  82
Initializing...
maxdom : 9
D->valSize : 209
Solving...
Blb : 2 (clique : 12)
currentSize : 12 <-- 0.001166 s
currentSize : 13 <-- 0.001787 s
currentSize : 14 <-- 0.019183 s
currentSize : 15 <-- 0.149357 s
currentSize : 16 <-- 1.976721 s
currentSize : 17 <-- 6.628928 s

maxsize : 17
nodes : 3311479.000000
filtered : 27869718.000000
time : 10.149793
