Parameters: GAD=1 vflib=1 dir=0 label=1 lowerbound=1 fileNameGp=../../cp2016-max-common-connected-subgraph-paper/datasets/graphsdb/mcs30/bvg/b03m/mcs30_b03m_s100.A09 fileNameGt=../../cp2016-max-common-connected-subgraph-paper/datasets/graphsdb/mcs30/bvg/b03m/mcs30_b03m_s100.B09
Reading graphs...
100 :  149
100 :  148
Initializing...
maxdom : 6
D->valSize : 355
Solving...
Blb : 2 (clique : 39)
currentSize : 39 <-- 0.003613 s
currentSize : 40 <-- 0.003978 s
currentSize : 41 <-- 0.008787 s
currentSize : 42 <-- 0.173464 s
currentSize : 43 <-- 59.634602 s
currentSize : 44 <-- 450.278412 s

TIMEOUT
maxsize : 44
nodes : 215461675.000000
filtered : 759116517.000000
time : 1000.000061
