Parameters: GAD=1 vflib=1 dir=0 label=1 lowerbound=1 fileNameGp=../../cp2016-max-common-connected-subgraph-paper/datasets/graphsdb/mcs30/rand/r01/mcs30_r01_s80.A09 fileNameGt=../../cp2016-max-common-connected-subgraph-paper/datasets/graphsdb/mcs30/rand/r01/mcs30_r01_s80.B09
Reading graphs...
80 :  596
80 :  600
Initializing...
maxdom : 7
D->valSize : 413
Solving...
Blb : 2 (clique : 13)
currentSize : 13 <-- 0.003574 s
currentSize : 15 <-- 0.003706 s
currentSize : 16 <-- 0.004351 s
currentSize : 17 <-- 0.005327 s
currentSize : 18 <-- 0.006172 s
currentSize : 19 <-- 1.135777 s
currentSize : 20 <-- 10.765663 s
currentSize : 22 <-- 34.183147 s

maxsize : 22
nodes : 13136832.000000
filtered : 205097574.000000
time : 77.635735
