Parameters: GAD=1 vflib=1 dir=0 label=1 lowerbound=1 fileNameGp=../../cp2016-max-common-connected-subgraph-paper/datasets/graphsdb/mcs30/m4D/m4D/mcs30_m4D_s60.A07 fileNameGt=../../cp2016-max-common-connected-subgraph-paper/datasets/graphsdb/mcs30/m4D/m4D/mcs30_m4D_s60.B07
Reading graphs...
60 :  102
60 :  100
Initializing...
maxdom : 8
D->valSize : 228
Solving...
Blb : 2 (clique : 20)
currentSize : 20 <-- 0.001565 s
currentSize : 21 <-- 0.001683 s
currentSize : 22 <-- 0.004938 s
currentSize : 23 <-- 0.012678 s
currentSize : 24 <-- 8.101934 s
currentSize : 25 <-- 30.123615 s

maxsize : 25
nodes : 32977590.000000
filtered : 229747489.000000
time : 124.420288
