Parameters: GAD=1 vflib=1 dir=0 label=1 lowerbound=1 fileNameGp=../../cp2016-max-common-connected-subgraph-paper/datasets/graphsdb/mcs30/rand/r005/mcs30_r005_s80.A04 fileNameGt=../../cp2016-max-common-connected-subgraph-paper/datasets/graphsdb/mcs30/rand/r005/mcs30_r005_s80.B04
Reading graphs...
80 :  303
80 :  306
Initializing...
maxdom : 9
D->valSize : 392
Solving...
Blb : 2 (clique : 20)
currentSize : 20 <-- 0.003438 s
currentSize : 21 <-- 0.015805 s
currentSize : 22 <-- 0.026948 s
currentSize : 23 <-- 0.041911 s
currentSize : 24 <-- 1.557908 s
currentSize : 25 <-- 448.626892 s

TIMEOUT
maxsize : 25
nodes : 207214651.000000
filtered : 1939977154.000000
time : 1000.000061
