Parameters: GAD=1 vflib=1 dir=0 label=1 lowerbound=1 fileNameGp=../../cp2016-max-common-connected-subgraph-paper/datasets/graphsdb/mcs30/m3D/m3Dr6/mcs30_m3Dr6_s70.A02 fileNameGt=../../cp2016-max-common-connected-subgraph-paper/datasets/graphsdb/mcs30/m3D/m3Dr6/mcs30_m3Dr6_s70.B02
Reading graphs...
70 :  197
70 :  197
Initializing...
maxdom : 10
D->valSize : 311
Solving...
Blb : 2 (clique : 23)
currentSize : 23 <-- 0.002440 s
currentSize : 24 <-- 0.002580 s
currentSize : 25 <-- 0.002677 s
currentSize : 26 <-- 0.002747 s
currentSize : 27 <-- 0.002798 s
currentSize : 28 <-- 0.024729 s

maxsize : 28
nodes : 17216551.000000
filtered : 154332714.000000
time : 83.892265
