Parameters: GAD=1 vflib=1 dir=0 label=1 lowerbound=1 fileNameGp=../../cp2016-max-common-connected-subgraph-paper/datasets/graphsdb/mcs30/m2D/m2Dr6/mcs30_m2Dr6_s60.A07 fileNameGt=../../cp2016-max-common-connected-subgraph-paper/datasets/graphsdb/mcs30/m2D/m2Dr6/mcs30_m2Dr6_s60.B07
Reading graphs...
60 :  136
60 :  136
Initializing...
maxdom : 7
D->valSize : 237
Solving...
Blb : 2 (clique : 21)
currentSize : 21 <-- 0.001627 s
currentSize : 22 <-- 1.549332 s
currentSize : 23 <-- 1.559780 s
currentSize : 24 <-- 88.185013 s
currentSize : 25 <-- 88.594986 s

maxsize : 25
nodes : 45061634.000000
filtered : 442251680.000000
time : 189.300415
