Parameters: GAD=1 vflib=1 dir=0 label=1 lowerbound=1 fileNameGp=../../cp2016-max-common-connected-subgraph-paper/datasets/graphsdb/mcs30/m3D/m3Dr2/mcs30_m3Dr2_s70.A00 fileNameGt=../../cp2016-max-common-connected-subgraph-paper/datasets/graphsdb/mcs30/m3D/m3Dr2/mcs30_m3Dr2_s70.B00
Reading graphs...
70 :  170
70 :  171
Initializing...
maxdom : 8
D->valSize : 311
Solving...
Blb : 3 (clique : 23)
currentSize : 23 <-- 0.002524 s
currentSize : 24 <-- 1.312192 s
currentSize : 25 <-- 3.846050 s
currentSize : 26 <-- 3.979766 s
currentSize : 27 <-- 4.198613 s
currentSize : 28 <-- 7.525915 s
currentSize : 29 <-- 147.612900 s
currentSize : 30 <-- 173.151276 s
currentSize : 31 <-- 184.554901 s
currentSize : 32 <-- 521.704407 s

maxsize : 32
nodes : 119664772.000000
filtered : 997735029.000000
time : 606.406250
