Parameters: GAD=1 vflib=1 dir=0 label=1 lowerbound=1 fileNameGp=../../cp2016-max-common-connected-subgraph-paper/datasets/graphsdb/mcs30/rand/r005/mcs30_r005_s40.A03 fileNameGt=../../cp2016-max-common-connected-subgraph-paper/datasets/graphsdb/mcs30/rand/r005/mcs30_r005_s40.B03
Reading graphs...
40 :  82
40 :  81
Initializing...
maxdom : 7
D->valSize : 207
Solving...
Blb : 2 (clique : 14)
currentSize : 14 <-- 0.001178 s
currentSize : 15 <-- 0.001393 s
currentSize : 16 <-- 0.002374 s
currentSize : 17 <-- 0.020600 s
currentSize : 18 <-- 0.035177 s
currentSize : 19 <-- 3.197447 s

maxsize : 19
nodes : 1532301.000000
filtered : 13803765.000000
time : 5.099320
