Parameters: GAD=1 vflib=1 dir=0 label=1 lowerbound=1 fileNameGp=../../cp2016-max-common-connected-subgraph-paper/datasets/graphsdb/mcs30/m2D/m2D/mcs30_m2D_s50.A04 fileNameGt=../../cp2016-max-common-connected-subgraph-paper/datasets/graphsdb/mcs30/m2D/m2D/mcs30_m2D_s50.B04
Reading graphs...
50 :  85
50 :  85
Initializing...
maxdom : 8
D->valSize : 309
Solving...
Blb : 5 (clique : 19)
currentSize : 19 <-- 0.002200 s
currentSize : 20 <-- 2.050904 s
currentSize : 21 <-- 3.178933 s
currentSize : 22 <-- 74.956635 s
currentSize : 23 <-- 77.773376 s
currentSize : 24 <-- 924.520691 s

TIMEOUT
maxsize : 24
nodes : 258703177.000000
filtered : 2635547774.000000
time : 1000.000000
