Parameters: GAD=1 vflib=1 dir=0 label=1 lowerbound=1 fileNameGp=../../cp2016-max-common-connected-subgraph-paper/datasets/graphsdb/mcs30/bvg/b06m/mcs30_b06m_s70.A07 fileNameGt=../../cp2016-max-common-connected-subgraph-paper/datasets/graphsdb/mcs30/bvg/b06m/mcs30_b06m_s70.B07
Reading graphs...
70 :  209
70 :  207
Initializing...
maxdom : 10
D->valSize : 282
Solving...
Blb : 2 (clique : 16)
currentSize : 16 <-- 0.003445 s
currentSize : 17 <-- 0.050718 s
currentSize : 18 <-- 0.102820 s
currentSize : 19 <-- 2.882460 s
currentSize : 20 <-- 3.911642 s
currentSize : 21 <-- 4.721355 s
currentSize : 22 <-- 11.785982 s
currentSize : 23 <-- 36.223873 s
currentSize : 24 <-- 129.522507 s
currentSize : 25 <-- 234.743134 s
currentSize : 26 <-- 272.387482 s
currentSize : 27 <-- 272.410919 s
currentSize : 28 <-- 295.997925 s

maxsize : 28
nodes : 74973384.000000
filtered : 564361186.000000
time : 314.211548
