Parameters: GAD=1 vflib=1 dir=0 label=1 lowerbound=1 fileNameGp=../../cp2016-max-common-connected-subgraph-paper/datasets/graphsdb/mcs30/bvg/b09/mcs30_b09_s60.A03 fileNameGt=../../cp2016-max-common-connected-subgraph-paper/datasets/graphsdb/mcs30/bvg/b09/mcs30_b09_s60.B03
Reading graphs...
60 :  263
60 :  261
Initializing...
maxdom : 7
D->valSize : 269
Solving...
Blb : 3 (clique : 14)
currentSize : 14 <-- 0.002778 s
currentSize : 15 <-- 0.006864 s
currentSize : 16 <-- 0.006982 s
currentSize : 17 <-- 0.007388 s
currentSize : 18 <-- 0.007577 s
currentSize : 19 <-- 0.421671 s
currentSize : 20 <-- 1.275691 s
currentSize : 21 <-- 3.304953 s
currentSize : 22 <-- 3.365055 s

maxsize : 22
nodes : 1356226.000000
filtered : 15295913.000000
time : 6.399814
