Parameters: GAD=1 vflib=1 dir=0 label=1 lowerbound=1 fileNameGp=../../cp2016-max-common-connected-subgraph-paper/datasets/graphsdb/mcs30/m3D/m3Dr6/mcs30_m3Dr6_s100.A08 fileNameGt=../../cp2016-max-common-connected-subgraph-paper/datasets/graphsdb/mcs30/m3D/m3Dr6/mcs30_m3Dr6_s100.B08
Reading graphs...
100 :  291
100 :  288
Initializing...
maxdom : 8
D->valSize : 343
Solving...
Blb : 3 (clique : 26)
currentSize : 26 <-- 0.003329 s
currentSize : 27 <-- 0.690411 s
currentSize : 28 <-- 4.479754 s
currentSize : 29 <-- 9.517551 s
currentSize : 30 <-- 154.942322 s
currentSize : 31 <-- 177.267715 s
currentSize : 32 <-- 272.571259 s
currentSize : 33 <-- 670.200195 s
currentSize : 34 <-- 962.649841 s

TIMEOUT
maxsize : 34
nodes : 183920790.000000
filtered : 1259309934.000000
time : 1000.000061
