Parameters: GAD=1 vflib=1 dir=0 label=1 lowerbound=1 fileNameGp=../../cp2016-max-common-connected-subgraph-paper/datasets/graphsdb/mcs30/rand/r02/mcs30_r02_s100.A01 fileNameGt=../../cp2016-max-common-connected-subgraph-paper/datasets/graphsdb/mcs30/rand/r02/mcs30_r02_s100.B01
Reading graphs...
100 :  1764
100 :  1775
Initializing...
maxdom : 9
D->valSize : 367
Solving...
Blb : 2 (clique : 7)
currentSize : 7 <-- 0.005396 s
currentSize : 8 <-- 0.005609 s
currentSize : 12 <-- 0.007633 s
currentSize : 15 <-- 0.014973 s
currentSize : 18 <-- 0.019694 s
currentSize : 19 <-- 0.062853 s
currentSize : 20 <-- 0.062903 s
currentSize : 26 <-- 0.126175 s

maxsize : 26
nodes : 43116.000000
filtered : 712763.000000
time : 0.300761
