Parameters: GAD=1 vflib=1 dir=0 label=1 lowerbound=1 fileNameGp=../../cp2016-max-common-connected-subgraph-paper/datasets/graphsdb/mcs30/bvg/b09m/mcs30_b09m_s70.A03 fileNameGt=../../cp2016-max-common-connected-subgraph-paper/datasets/graphsdb/mcs30/bvg/b09m/mcs30_b09m_s70.B03
Reading graphs...
70 :  303
70 :  302
Initializing...
maxdom : 8
D->valSize : 318
Solving...
Blb : 3 (clique : 16)
currentSize : 16 <-- 0.002495 s
currentSize : 17 <-- 0.002624 s
currentSize : 18 <-- 0.199608 s
currentSize : 19 <-- 1.266160 s
currentSize : 20 <-- 4.446236 s
currentSize : 21 <-- 15.509521 s
currentSize : 22 <-- 15.548774 s

maxsize : 22
nodes : 39677337.000000
filtered : 433892879.000000
time : 189.163330
