Parameters: GAD=1 vflib=1 dir=0 label=1 lowerbound=1 fileNameGp=../../cp2016-max-common-connected-subgraph-paper/datasets/graphsdb/mcs30/m4D/m4D/mcs30_m4D_s90.A04 fileNameGt=../../cp2016-max-common-connected-subgraph-paper/datasets/graphsdb/mcs30/m4D/m4D/mcs30_m4D_s90.B04
Reading graphs...
90 :  146
90 :  146
Initializing...
maxdom : 11
D->valSize : 495
Solving...
Blb : 2 (clique : 34)
currentSize : 34 <-- 0.005484 s
currentSize : 35 <-- 0.005736 s
currentSize : 36 <-- 0.027310 s
currentSize : 37 <-- 4.593845 s
currentSize : 38 <-- 11.925241 s
currentSize : 39 <-- 20.314644 s
currentSize : 40 <-- 22.796329 s

TIMEOUT
maxsize : 40
nodes : 228572658.000000
filtered : 1288381601.000000
time : 1000.000061
