Parameters: GAD=1 vflib=1 dir=0 label=1 lowerbound=1 fileNameGp=../../cp2016-max-common-connected-subgraph-paper/datasets/graphsdb/mcs30/m4D/m4D/mcs30_m4D_s50.A09 fileNameGt=../../cp2016-max-common-connected-subgraph-paper/datasets/graphsdb/mcs30/m4D/m4D/mcs30_m4D_s50.B09
Reading graphs...
50 :  87
50 :  87
Initializing...
maxdom : 9
D->valSize : 325
Solving...
Blb : 5 (clique : 21)
currentSize : 21 <-- 0.002371 s
currentSize : 22 <-- 0.029115 s
currentSize : 23 <-- 12.676190 s
currentSize : 24 <-- 13.531505 s
currentSize : 25 <-- 58.211594 s

maxsize : 25
nodes : 229845136.000000
filtered : 2672626491.000000
time : 902.777771
