Parameters: GAD=1 vflib=1 dir=0 label=1 lowerbound=1 fileNameGp=../../cp2016-max-common-connected-subgraph-paper/datasets/graphsdb/mcs30/rand/r005/mcs30_r005_s60.A04 fileNameGt=../../cp2016-max-common-connected-subgraph-paper/datasets/graphsdb/mcs30/rand/r005/mcs30_r005_s60.B04
Reading graphs...
60 :  171
60 :  177
Initializing...
maxdom : 7
D->valSize : 227
Solving...
Blb : 2 (clique : 16)
currentSize : 16 <-- 0.001499 s
currentSize : 17 <-- 0.001615 s
currentSize : 18 <-- 0.001645 s
currentSize : 19 <-- 0.007479 s
currentSize : 20 <-- 0.196024 s
currentSize : 21 <-- 0.196823 s
currentSize : 22 <-- 0.198064 s
currentSize : 23 <-- 0.198974 s

maxsize : 23
nodes : 3725215.000000
filtered : 32747021.000000
time : 16.803127
