Parameters: GAD=1 vflib=1 dir=0 label=1 lowerbound=1 fileNameGp=../../cp2016-max-common-connected-subgraph-paper/datasets/graphsdb/mcs30/bvg/b06/mcs30_b06_s70.A03 fileNameGt=../../cp2016-max-common-connected-subgraph-paper/datasets/graphsdb/mcs30/bvg/b06/mcs30_b06_s70.B03
Reading graphs...
70 :  209
70 :  207
Initializing...
maxdom : 7
D->valSize : 329
Solving...
Blb : 2 (clique : 19)
currentSize : 19 <-- 0.002546 s
currentSize : 20 <-- 0.035021 s
currentSize : 21 <-- 8.766685 s
currentSize : 22 <-- 8.767517 s
currentSize : 23 <-- 9.039541 s
currentSize : 24 <-- 56.337116 s
currentSize : 25 <-- 62.110283 s
currentSize : 26 <-- 62.114120 s
currentSize : 27 <-- 62.115742 s
currentSize : 28 <-- 113.073212 s
currentSize : 29 <-- 115.074341 s
currentSize : 30 <-- 307.286804 s

maxsize : 30
nodes : 63797708.000000
filtered : 720539324.000000
time : 328.660492
