Parameters: GAD=1 vflib=1 dir=0 label=1 lowerbound=1 fileNameGp=../../cp2016-max-common-connected-subgraph-paper/datasets/graphsdb/mcs30/m2D/m2Dr4/mcs30_m2Dr4_s70.A08 fileNameGt=../../cp2016-max-common-connected-subgraph-paper/datasets/graphsdb/mcs30/m2D/m2Dr4/mcs30_m2Dr4_s70.B08
Reading graphs...
70 :  150
70 :  148
Initializing...
maxdom : 8
D->valSize : 310
Solving...
Blb : 2 (clique : 21)
currentSize : 21 <-- 0.003997 s
currentSize : 25 <-- 0.004226 s
currentSize : 26 <-- 0.157873 s
currentSize : 27 <-- 0.513130 s
currentSize : 28 <-- 0.870658 s
currentSize : 29 <-- 8.150598 s
currentSize : 30 <-- 8.245972 s

TIMEOUT
maxsize : 30
nodes : 240850697.000000
filtered : 1493377456.000000
time : 1000.000061
