Parameters: GAD=1 vflib=1 dir=0 label=1 lowerbound=1 fileNameGp=../../cp2016-max-common-connected-subgraph-paper/datasets/graphsdb/mcs30/bvg/b03/mcs30_b03_s60.A07 fileNameGt=../../cp2016-max-common-connected-subgraph-paper/datasets/graphsdb/mcs30/bvg/b03/mcs30_b03_s60.B07
Reading graphs...
60 :  89
60 :  90
Initializing...
maxdom : 7
D->valSize : 241
Solving...
Blb : 2 (clique : 24)
currentSize : 24 <-- 0.001704 s
currentSize : 26 <-- 0.001835 s
currentSize : 27 <-- 0.002591 s
currentSize : 28 <-- 0.226849 s
currentSize : 29 <-- 116.319832 s
currentSize : 30 <-- 487.811249 s

maxsize : 30
nodes : 141786913.000000
filtered : 901625812.000000
time : 580.862610
