Parameters: GAD=1 vflib=1 dir=0 label=1 lowerbound=1 fileNameGp=../../cp2016-max-common-connected-subgraph-paper/datasets/graphsdb/mcs30/bvg/b06m/mcs30_b06m_s80.A02 fileNameGt=../../cp2016-max-common-connected-subgraph-paper/datasets/graphsdb/mcs30/bvg/b06m/mcs30_b06m_s80.B02
Reading graphs...
80 :  235
80 :  234
Initializing...
maxdom : 9
D->valSize : 398
Solving...
Blb : 2 (clique : 23)
currentSize : 23 <-- 0.003712 s
currentSize : 24 <-- 3.057891 s
currentSize : 25 <-- 43.564655 s
currentSize : 26 <-- 85.716194 s
currentSize : 27 <-- 104.086151 s
currentSize : 28 <-- 160.946289 s
currentSize : 29 <-- 253.216644 s

TIMEOUT
maxsize : 29
nodes : 207842747.000000
filtered : 1665906904.000000
time : 1000.000061
