Parameters: GAD=1 vflib=1 dir=0 label=1 lowerbound=1 fileNameGp=../../cp2016-max-common-connected-subgraph-paper/datasets/graphsdb/mcs30/rand/r01/mcs30_r01_s90.A09 fileNameGt=../../cp2016-max-common-connected-subgraph-paper/datasets/graphsdb/mcs30/rand/r01/mcs30_r01_s90.B09
Reading graphs...
90 :  763
90 :  755
Initializing...
maxdom : 12
D->valSize : 522
Solving...
Blb : 2 (clique : 13)
currentSize : 13 <-- 0.008012 s
currentSize : 14 <-- 0.008427 s
currentSize : 15 <-- 0.010225 s
currentSize : 16 <-- 0.025362 s
currentSize : 17 <-- 1.175222 s
currentSize : 18 <-- 5.551297 s
currentSize : 19 <-- 5.554234 s
currentSize : 20 <-- 13.482979 s
currentSize : 21 <-- 20.532404 s
currentSize : 22 <-- 73.744667 s
currentSize : 23 <-- 73.744736 s
currentSize : 25 <-- 73.744843 s

maxsize : 25
nodes : 17556545.000000
filtered : 299290173.000000
time : 107.240005
