Parameters: GAD=1 vflib=1 dir=0 label=1 lowerbound=1 fileNameGp=../../cp2016-max-common-connected-subgraph-paper/datasets/graphsdb/mcs30/rand/r005/mcs30_r005_s60.A07 fileNameGt=../../cp2016-max-common-connected-subgraph-paper/datasets/graphsdb/mcs30/rand/r005/mcs30_r005_s60.B07
Reading graphs...
60 :  175
60 :  176
Initializing...
maxdom : 7
D->valSize : 259
Solving...
Blb : 2 (clique : 15)
currentSize : 15 <-- 0.001767 s
currentSize : 16 <-- 0.001858 s
currentSize : 17 <-- 0.001922 s
currentSize : 18 <-- 0.005505 s
currentSize : 19 <-- 0.237032 s
currentSize : 20 <-- 2.752906 s
currentSize : 21 <-- 122.131485 s
currentSize : 22 <-- 147.682617 s

maxsize : 22
nodes : 56378529.000000
filtered : 465181350.000000
time : 226.852875
