Parameters: GAD=1 vflib=1 dir=0 label=1 lowerbound=1 fileNameGp=../../cp2016-max-common-connected-subgraph-paper/datasets/graphsdb/mcs30/rand/r005/mcs30_r005_s70.A03 fileNameGt=../../cp2016-max-common-connected-subgraph-paper/datasets/graphsdb/mcs30/rand/r005/mcs30_r005_s70.B03
Reading graphs...
70 :  234
70 :  231
Initializing...
maxdom : 7
D->valSize : 337
Solving...
Blb : 2 (clique : 18)
currentSize : 18 <-- 0.004325 s
currentSize : 19 <-- 0.004517 s
currentSize : 20 <-- 0.006575 s
currentSize : 21 <-- 0.136788 s
currentSize : 22 <-- 0.136841 s
currentSize : 23 <-- 0.159259 s
currentSize : 24 <-- 1.282835 s
currentSize : 25 <-- 59.039906 s
currentSize : 26 <-- 177.488419 s
currentSize : 27 <-- 271.008179 s

maxsize : 27
nodes : 182375832.000000
filtered : 2041968233.000000
time : 946.882812
