Parameters: GAD=1 vflib=1 dir=0 label=1 lowerbound=1 fileNameGp=../../cp2016-max-common-connected-subgraph-paper/datasets/graphsdb/mcs30/bvg/b03/mcs30_b03_s60.A06 fileNameGt=../../cp2016-max-common-connected-subgraph-paper/datasets/graphsdb/mcs30/bvg/b03/mcs30_b03_s60.B06
Reading graphs...
60 :  90
60 :  90
Initializing...
maxdom : 8
D->valSize : 239
Solving...
Blb : 2 (clique : 23)
currentSize : 23 <-- 0.001687 s
currentSize : 24 <-- 0.005247 s
currentSize : 25 <-- 11.954594 s
currentSize : 26 <-- 12.700206 s
currentSize : 27 <-- 13.770036 s
currentSize : 28 <-- 101.348915 s

TIMEOUT
maxsize : 28
nodes : 254216229.000000
filtered : 1731171192.000000
time : 1000.000000
