Parameters: GAD=1 vflib=1 dir=0 label=1 lowerbound=1 fileNameGp=../../cp2016-max-common-connected-subgraph-paper/datasets/graphsdb/mcs30/bvg/b09m/mcs30_b09m_s60.A06 fileNameGt=../../cp2016-max-common-connected-subgraph-paper/datasets/graphsdb/mcs30/bvg/b09m/mcs30_b09m_s60.B06
Reading graphs...
60 :  259
60 :  259
Initializing...
maxdom : 7
D->valSize : 247
Solving...
Blb : 3 (clique : 13)
currentSize : 13 <-- 0.001651 s
currentSize : 14 <-- 0.001850 s
currentSize : 15 <-- 0.008633 s
currentSize : 16 <-- 0.030417 s
currentSize : 17 <-- 0.053975 s
currentSize : 18 <-- 0.110784 s
currentSize : 19 <-- 0.111184 s
currentSize : 20 <-- 1.715255 s
currentSize : 21 <-- 1.719870 s

maxsize : 21
nodes : 1275456.000000
filtered : 9667519.000000
time : 5.359338
