Parameters: GAD=1 vflib=1 dir=0 label=1 lowerbound=1 fileNameGp=../../cp2016-max-common-connected-subgraph-paper/datasets/graphsdb/mcs30/bvg/b06/mcs30_b06_s70.A05 fileNameGt=../../cp2016-max-common-connected-subgraph-paper/datasets/graphsdb/mcs30/bvg/b06/mcs30_b06_s70.B05
Reading graphs...
70 :  209
70 :  207
Initializing...
maxdom : 6
D->valSize : 307
Solving...
Blb : 2 (clique : 23)
currentSize : 23 <-- 0.002346 s
currentSize : 24 <-- 9.711470 s
currentSize : 25 <-- 18.200544 s
currentSize : 26 <-- 44.465485 s
currentSize : 27 <-- 50.875191 s
currentSize : 28 <-- 132.131332 s
currentSize : 29 <-- 143.059235 s

maxsize : 29
nodes : 188543525.000000
filtered : 1478318020.000000
time : 890.164917
