Parameters: GAD=1 vflib=1 dir=0 label=1 lowerbound=1 fileNameGp=../../cp2016-max-common-connected-subgraph-paper/datasets/graphsdb/mcs30/bvg/b03m/mcs30_b03m_s70.A08 fileNameGt=../../cp2016-max-common-connected-subgraph-paper/datasets/graphsdb/mcs30/bvg/b03m/mcs30_b03m_s70.B08
Reading graphs...
70 :  105
70 :  105
Initializing...
maxdom : 10
D->valSize : 345
Solving...
Blb : 2 (clique : 23)
currentSize : 23 <-- 0.002912 s
currentSize : 24 <-- 0.979978 s
currentSize : 25 <-- 3.607527 s
currentSize : 26 <-- 18.973888 s
currentSize : 27 <-- 19.237284 s
currentSize : 28 <-- 92.438004 s

TIMEOUT
maxsize : 28
nodes : 277008187.000000
filtered : 2051272738.000000
time : 1000.000061
