Parameters: GAD=1 vflib=1 dir=0 label=1 lowerbound=1 fileNameGp=../../cp2016-max-common-connected-subgraph-paper/datasets/graphsdb/mcs30/m2D/m2D/mcs30_m2D_s80.A06 fileNameGt=../../cp2016-max-common-connected-subgraph-paper/datasets/graphsdb/mcs30/m2D/m2D/mcs30_m2D_s80.B06
Reading graphs...
80 :  142
80 :  142
Initializing...
maxdom : 9
D->valSize : 434
Solving...
Blb : 2 (clique : 30)
currentSize : 30 <-- 0.004240 s
currentSize : 31 <-- 1.209665 s
currentSize : 32 <-- 1.577649 s
currentSize : 33 <-- 14.041212 s
currentSize : 34 <-- 14.056808 s
currentSize : 35 <-- 215.676071 s

TIMEOUT
maxsize : 35
nodes : 238409846.000000
filtered : 1577529020.000000
time : 1000.000061
