Parameters: GAD=1 vflib=1 dir=0 label=1 lowerbound=1 fileNameGp=../../cp2016-max-common-connected-subgraph-paper/datasets/graphsdb/mcs30/m3D/m3Dr2/mcs30_m3Dr2_s90.A02 fileNameGt=../../cp2016-max-common-connected-subgraph-paper/datasets/graphsdb/mcs30/m3D/m3Dr2/mcs30_m3Dr2_s90.B02
Reading graphs...
90 :  225
90 :  224
Initializing...
maxdom : 12
D->valSize : 564
Solving...
Blb : 5 (clique : 28)
currentSize : 28 <-- 0.006685 s
currentSize : 29 <-- 0.006914 s
currentSize : 30 <-- 0.008831 s
currentSize : 31 <-- 0.021230 s
currentSize : 32 <-- 0.055886 s
currentSize : 33 <-- 0.542630 s
currentSize : 34 <-- 143.265030 s

TIMEOUT
maxsize : 34
nodes : 189196710.000000
filtered : 1918021397.000000
time : 1000.000061
