Parameters: GAD=1 vflib=1 dir=0 label=1 lowerbound=1 fileNameGp=../../cp2016-max-common-connected-subgraph-paper/datasets/graphsdb/mcs30/rand/r01/mcs30_r01_s60.A05 fileNameGt=../../cp2016-max-common-connected-subgraph-paper/datasets/graphsdb/mcs30/rand/r01/mcs30_r01_s60.B05
Reading graphs...
60 :  335
60 :  337
Initializing...
maxdom : 7
D->valSize : 231
Solving...
Blb : 2 (clique : 11)
currentSize : 11 <-- 0.002306 s
currentSize : 12 <-- 0.002437 s
currentSize : 13 <-- 0.002593 s
currentSize : 14 <-- 0.004935 s
currentSize : 15 <-- 0.064952 s
currentSize : 16 <-- 0.912715 s
currentSize : 17 <-- 1.014730 s
currentSize : 18 <-- 1.420723 s
currentSize : 19 <-- 1.421163 s

maxsize : 19
nodes : 526705.000000
filtered : 4960729.000000
time : 2.494251
