Parameters: GAD=1 vflib=1 dir=0 label=1 lowerbound=1 fileNameGp=../../cp2016-max-common-connected-subgraph-paper/datasets/graphsdb/mcs30/m2D/m2Dr2/mcs30_m2Dr2_s70.A06 fileNameGt=../../cp2016-max-common-connected-subgraph-paper/datasets/graphsdb/mcs30/m2D/m2Dr2/mcs30_m2Dr2_s70.B06
Reading graphs...
70 :  137
70 :  135
Initializing...
maxdom : 8
D->valSize : 322
Solving...
Blb : 2 (clique : 27)
currentSize : 27 <-- 0.002583 s
currentSize : 28 <-- 0.002770 s
currentSize : 29 <-- 0.012317 s
currentSize : 30 <-- 39.204445 s
currentSize : 31 <-- 93.419106 s
currentSize : 32 <-- 133.978821 s

TIMEOUT
maxsize : 32
nodes : 224219302.000000
filtered : 1843067295.000000
time : 1000.000061
