Parameters: GAD=1 vflib=1 dir=0 label=1 lowerbound=1 fileNameGp=../../cp2016-max-common-connected-subgraph-paper/datasets/graphsdb/mcs30/bvg/b09m/mcs30_b09m_s90.A09 fileNameGt=../../cp2016-max-common-connected-subgraph-paper/datasets/graphsdb/mcs30/bvg/b09m/mcs30_b09m_s90.B09
Reading graphs...
90 :  392
90 :  395
Initializing...
maxdom : 9
D->valSize : 515
Solving...
Blb : 2 (clique : 19)
currentSize : 19 <-- 0.005473 s
currentSize : 20 <-- 0.062614 s
currentSize : 21 <-- 0.096876 s
currentSize : 22 <-- 0.236649 s
currentSize : 23 <-- 50.986496 s
currentSize : 24 <-- 114.914978 s
currentSize : 25 <-- 339.606659 s

TIMEOUT
maxsize : 25
nodes : 193965741.000000
filtered : 2009506745.000000
time : 1000.000061
