Parameters: GAD=1 vflib=1 dir=0 label=1 lowerbound=1 fileNameGp=../../cp2016-max-common-connected-subgraph-paper/datasets/graphsdb/mcs30/m4D/m4Dr4/mcs30_m4Dr4_s70.A07 fileNameGt=../../cp2016-max-common-connected-subgraph-paper/datasets/graphsdb/mcs30/m4D/m4Dr4/mcs30_m4Dr4_s70.B07
Reading graphs...
70 :  144
70 :  144
Initializing...
maxdom : 8
D->valSize : 308
Solving...
Blb : 2 (clique : 21)
currentSize : 21 <-- 0.002422 s
currentSize : 22 <-- 0.004601 s
currentSize : 23 <-- 0.006673 s
currentSize : 24 <-- 0.007084 s
currentSize : 25 <-- 0.012867 s
currentSize : 26 <-- 0.013777 s
currentSize : 27 <-- 0.017075 s
currentSize : 28 <-- 0.039740 s
currentSize : 29 <-- 14.771003 s

TIMEOUT
maxsize : 29
nodes : 237351457.000000
filtered : 1564271413.000000
time : 1000.000061
