Parameters: GAD=1 vflib=1 dir=0 label=1 lowerbound=1 fileNameGp=../../cp2016-max-common-connected-subgraph-paper/datasets/graphsdb/mcs30/m4D/m4Dr6/mcs30_m4Dr6_s90.A04 fileNameGt=../../cp2016-max-common-connected-subgraph-paper/datasets/graphsdb/mcs30/m4D/m4Dr6/mcs30_m4Dr6_s90.B04
Reading graphs...
90 :  198
90 :  197
Initializing...
maxdom : 10
D->valSize : 509
Solving...
Blb : 2 (clique : 28)
currentSize : 28 <-- 0.008993 s
currentSize : 29 <-- 0.110734 s
currentSize : 30 <-- 22.161600 s
currentSize : 31 <-- 108.000336 s
currentSize : 32 <-- 212.252014 s
currentSize : 33 <-- 741.056458 s

TIMEOUT
maxsize : 33
nodes : 231705458.000000
filtered : 1276466861.000000
time : 1000.000061
