Parameters: GAD=1 vflib=1 dir=0 label=1 lowerbound=1 fileNameGp=../../cp2016-max-common-connected-subgraph-paper/datasets/graphsdb/mcs30/m2D/m2Dr2/mcs30_m2Dr2_s50.A06 fileNameGt=../../cp2016-max-common-connected-subgraph-paper/datasets/graphsdb/mcs30/m2D/m2Dr2/mcs30_m2Dr2_s50.B06
Reading graphs...
50 :  94
50 :  91
Initializing...
maxdom : 10
D->valSize : 325
Solving...
Blb : 5 (clique : 17)
currentSize : 17 <-- 0.002343 s
currentSize : 20 <-- 0.026296 s
currentSize : 21 <-- 0.032503 s
currentSize : 22 <-- 0.818284 s
currentSize : 23 <-- 25.385927 s
currentSize : 24 <-- 120.863754 s

TIMEOUT
maxsize : 24
nodes : 259782404.000000
filtered : 3026112309.000000
time : 1000.000000
