Parameters: GAD=1 vflib=1 dir=0 label=1 lowerbound=1 fileNameGp=../../cp2016-max-common-connected-subgraph-paper/datasets/graphsdb/mcs30/m2D/m2Dr6/mcs30_m2Dr6_s50.A05 fileNameGt=../../cp2016-max-common-connected-subgraph-paper/datasets/graphsdb/mcs30/m2D/m2Dr6/mcs30_m2Dr6_s50.B05
Reading graphs...
50 :  113
50 :  111
Initializing...
maxdom : 11
D->valSize : 344
Solving...
Blb : 2 (clique : 18)
currentSize : 18 <-- 0.002503 s
currentSize : 19 <-- 0.004207 s
currentSize : 20 <-- 0.234880 s
currentSize : 21 <-- 9.976710 s
currentSize : 22 <-- 41.359032 s

maxsize : 22
nodes : 35639021.000000
filtered : 469354077.000000
time : 150.638947
