Parameters: GAD=1 vflib=1 dir=0 label=1 lowerbound=1 fileNameGp=../../cp2016-max-common-connected-subgraph-paper/datasets/graphsdb/mcs30/m3D/m3D/mcs30_m3D_s80.A05 fileNameGt=../../cp2016-max-common-connected-subgraph-paper/datasets/graphsdb/mcs30/m3D/m3D/mcs30_m3D_s80.B05
Reading graphs...
80 :  183
80 :  182
Initializing...
maxdom : 9
D->valSize : 448
Solving...
Blb : 2 (clique : 28)
currentSize : 28 <-- 0.007069 s
currentSize : 29 <-- 0.007409 s
currentSize : 30 <-- 0.014225 s
currentSize : 31 <-- 0.017540 s
currentSize : 32 <-- 0.843692 s
currentSize : 33 <-- 36.747135 s
currentSize : 34 <-- 51.929211 s

TIMEOUT
maxsize : 34
nodes : 211607199.000000
filtered : 1601889339.000000
time : 1000.000061
