Parameters: GAD=1 vflib=1 dir=0 label=1 lowerbound=1 fileNameGp=../../cp2016-max-common-connected-subgraph-paper/datasets/graphsdb/mcs30/bvg/b06m/mcs30_b06m_s100.A04 fileNameGt=../../cp2016-max-common-connected-subgraph-paper/datasets/graphsdb/mcs30/bvg/b06m/mcs30_b06m_s100.B04
Reading graphs...
100 :  296
100 :  294
Initializing...
maxdom : 8
D->valSize : 349
Solving...
Blb : 2 (clique : 25)
currentSize : 25 <-- 0.003376 s
currentSize : 27 <-- 0.003576 s
currentSize : 28 <-- 0.003642 s
currentSize : 29 <-- 0.005774 s
currentSize : 30 <-- 0.005846 s
currentSize : 31 <-- 2.629161 s
currentSize : 32 <-- 4.877732 s
currentSize : 34 <-- 55.264896 s
currentSize : 35 <-- 352.805634 s
currentSize : 36 <-- 868.373718 s

TIMEOUT
maxsize : 36
nodes : 192402720.000000
filtered : 974492806.000000
time : 1000.000061
