Parameters: GAD=1 vflib=1 dir=0 label=1 lowerbound=1 fileNameGp=../../cp2016-max-common-connected-subgraph-paper/datasets/graphsdb/mcs30/m2D/m2Dr2/mcs30_m2Dr2_s70.A07 fileNameGt=../../cp2016-max-common-connected-subgraph-paper/datasets/graphsdb/mcs30/m2D/m2Dr2/mcs30_m2Dr2_s70.B07
Reading graphs...
70 :  132
70 :  134
Initializing...
maxdom : 6
D->valSize : 318
Solving...
Blb : 2 (clique : 24)
currentSize : 24 <-- 0.004397 s
currentSize : 27 <-- 0.004641 s
currentSize : 28 <-- 0.004725 s
currentSize : 29 <-- 0.005248 s
currentSize : 30 <-- 41.673824 s
currentSize : 31 <-- 181.330948 s

TIMEOUT
maxsize : 31
nodes : 228091381.000000
filtered : 1681190936.000000
time : 1000.000061
