Parameters: GAD=1 vflib=1 dir=0 label=1 lowerbound=1 fileNameGp=../../cp2016-max-common-connected-subgraph-paper/datasets/graphsdb/mcs30/m3D/m3D/mcs30_m3D_s70.A00 fileNameGt=../../cp2016-max-common-connected-subgraph-paper/datasets/graphsdb/mcs30/m3D/m3D/mcs30_m3D_s70.B00
Reading graphs...
70 :  159
70 :  159
Initializing...
maxdom : 8
D->valSize : 346
Solving...
Blb : 2 (clique : 24)
currentSize : 24 <-- 0.002842 s
currentSize : 25 <-- 0.003000 s
currentSize : 26 <-- 0.003255 s
currentSize : 27 <-- 0.010302 s
currentSize : 30 <-- 0.026894 s
currentSize : 31 <-- 0.026951 s
currentSize : 32 <-- 0.047420 s
currentSize : 33 <-- 0.175150 s

maxsize : 33
nodes : 175526644.000000
filtered : 1615827213.000000
time : 879.375427
