Parameters: GAD=1 vflib=1 dir=0 label=1 lowerbound=1 fileNameGp=../../cp2016-max-common-connected-subgraph-paper/datasets/graphsdb/mcs30/m2D/m2Dr4/mcs30_m2Dr4_s80.A01 fileNameGt=../../cp2016-max-common-connected-subgraph-paper/datasets/graphsdb/mcs30/m2D/m2Dr4/mcs30_m2Dr4_s80.B01
Reading graphs...
80 :  171
80 :  167
Initializing...
maxdom : 9
D->valSize : 425
Solving...
Blb : 2 (clique : 27)
currentSize : 27 <-- 0.003954 s
currentSize : 28 <-- 0.004181 s
currentSize : 29 <-- 0.004596 s
currentSize : 30 <-- 0.008420 s
currentSize : 31 <-- 0.587933 s
currentSize : 32 <-- 707.096985 s

TIMEOUT
maxsize : 32
nodes : 206793112.000000
filtered : 1591801323.000000
time : 1000.000000
