Parameters: GAD=1 vflib=1 dir=0 label=1 lowerbound=1 fileNameGp=../../cp2016-max-common-connected-subgraph-paper/datasets/graphsdb/mcs30/m3D/m3Dr2/mcs30_m3Dr2_s70.A05 fileNameGt=../../cp2016-max-common-connected-subgraph-paper/datasets/graphsdb/mcs30/m3D/m3Dr2/mcs30_m3Dr2_s70.B05
Reading graphs...
70 :  172
70 :  169
Initializing...
maxdom : 9
D->valSize : 360
Solving...
Blb : 5 (clique : 21)
currentSize : 21 <-- 0.003019 s
currentSize : 22 <-- 0.008399 s
currentSize : 23 <-- 0.036384 s
currentSize : 24 <-- 0.101492 s
currentSize : 25 <-- 0.120852 s
currentSize : 26 <-- 0.129622 s
currentSize : 27 <-- 0.164484 s
currentSize : 28 <-- 1.442093 s
currentSize : 29 <-- 195.190369 s
currentSize : 30 <-- 195.383957 s
currentSize : 31 <-- 210.598434 s

maxsize : 31
nodes : 141019239.000000
filtered : 1569693320.000000
time : 688.337219
