Parameters: GAD=1 vflib=1 dir=0 label=1 lowerbound=1 fileNameGp=../../cp2016-max-common-connected-subgraph-paper/datasets/graphsdb/mcs30/m2D/m2Dr6/mcs30_m2Dr6_s100.A03 fileNameGt=../../cp2016-max-common-connected-subgraph-paper/datasets/graphsdb/mcs30/m2D/m2Dr6/mcs30_m2Dr6_s100.B03
Reading graphs...
100 :  238
100 :  237
Initializing...
maxdom : 8
D->valSize : 390
Solving...
Blb : 2 (clique : 35)
currentSize : 35 <-- 0.006656 s
currentSize : 36 <-- 0.007304 s
currentSize : 37 <-- 0.027289 s
currentSize : 38 <-- 0.864819 s
currentSize : 39 <-- 32.507114 s
currentSize : 40 <-- 34.724369 s

TIMEOUT
maxsize : 40
nodes : 207243655.000000
filtered : 651364326.000000
time : 1000.000122
