Parameters: GAD=1 vflib=1 dir=0 label=1 lowerbound=1 fileNameGp=../../cp2016-max-common-connected-subgraph-paper/datasets/graphsdb/mcs30/m2D/m2Dr2/mcs30_m2Dr2_s60.A05 fileNameGt=../../cp2016-max-common-connected-subgraph-paper/datasets/graphsdb/mcs30/m2D/m2Dr2/mcs30_m2Dr2_s60.B05
Reading graphs...
60 :  115
60 :  114
Initializing...
maxdom : 9
D->valSize : 237
Solving...
Blb : 2 (clique : 20)
currentSize : 20 <-- 0.002508 s
currentSize : 21 <-- 0.019510 s
currentSize : 22 <-- 0.063682 s
currentSize : 23 <-- 1.594059 s
currentSize : 24 <-- 15.198668 s
currentSize : 25 <-- 36.520016 s
currentSize : 26 <-- 535.097290 s

maxsize : 26
nodes : 192932655.000000
filtered : 1229320572.000000
time : 706.564270
