Parameters: GAD=1 vflib=1 dir=0 label=1 lowerbound=1 fileNameGp=../../cp2016-max-common-connected-subgraph-paper/datasets/graphsdb/mcs30/bvg/b03/mcs30_b03_s90.A05 fileNameGt=../../cp2016-max-common-connected-subgraph-paper/datasets/graphsdb/mcs30/bvg/b03/mcs30_b03_s90.B05
Reading graphs...
90 :  135
90 :  135
Initializing...
maxdom : 10
D->valSize : 504
Solving...
Blb : 2 (clique : 36)
currentSize : 36 <-- 0.005650 s
currentSize : 37 <-- 0.017922 s
currentSize : 38 <-- 0.577397 s
currentSize : 39 <-- 0.582437 s
currentSize : 40 <-- 6.314704 s
currentSize : 41 <-- 6.355658 s
currentSize : 42 <-- 23.590300 s

TIMEOUT
maxsize : 42
nodes : 202180556.000000
filtered : 1238795106.000000
time : 1000.000061
