Parameters: GAD=1 vflib=1 dir=0 label=1 lowerbound=1 fileNameGp=../../cp2016-max-common-connected-subgraph-paper/datasets/graphsdb/mcs30/m3D/m3Dr2/mcs30_m3Dr2_s100.A04 fileNameGt=../../cp2016-max-common-connected-subgraph-paper/datasets/graphsdb/mcs30/m3D/m3Dr2/mcs30_m3Dr2_s100.B04
Reading graphs...
100 :  252
100 :  251
Initializing...
maxdom : 10
D->valSize : 371
Solving...
Blb : 2 (clique : 28)
currentSize : 28 <-- 0.005827 s
currentSize : 29 <-- 0.006442 s
currentSize : 30 <-- 0.007937 s
currentSize : 31 <-- 0.056531 s
currentSize : 32 <-- 0.244912 s
currentSize : 33 <-- 1.060484 s

TIMEOUT
maxsize : 33
nodes : 204087307.000000
filtered : 1073349213.000000
time : 1000.000061
