Parameters: GAD=1 vflib=1 dir=0 label=1 lowerbound=1 fileNameGp=../../cp2016-max-common-connected-subgraph-paper/datasets/graphsdb/mcs30/m2D/m2D/mcs30_m2D_s70.A08 fileNameGt=../../cp2016-max-common-connected-subgraph-paper/datasets/graphsdb/mcs30/m2D/m2D/mcs30_m2D_s70.B08
Reading graphs...
70 :  122
70 :  122
Initializing...
maxdom : 12
D->valSize : 328
Solving...
Blb : 5 (clique : 25)
currentSize : 25 <-- 0.002703 s
currentSize : 26 <-- 0.002888 s
currentSize : 27 <-- 0.004283 s
currentSize : 28 <-- 0.014323 s
currentSize : 29 <-- 0.014798 s
currentSize : 30 <-- 0.027963 s
currentSize : 31 <-- 0.283953 s
currentSize : 32 <-- 3.439385 s
currentSize : 33 <-- 18.866735 s

TIMEOUT
maxsize : 33
nodes : 203053553.000000
filtered : 1624131422.000000
time : 1000.000000
