Parameters: GAD=1 vflib=1 dir=0 label=1 lowerbound=1 fileNameGp=../../cp2016-max-common-connected-subgraph-paper/datasets/graphsdb/mcs30/m2D/m2Dr4/mcs30_m2Dr4_s60.A09 fileNameGt=../../cp2016-max-common-connected-subgraph-paper/datasets/graphsdb/mcs30/m2D/m2Dr4/mcs30_m2Dr4_s60.B09
Reading graphs...
60 :  124
60 :  125
Initializing...
maxdom : 8
D->valSize : 232
Solving...
Blb : 2 (clique : 21)
currentSize : 21 <-- 0.001653 s
currentSize : 22 <-- 0.256328 s
currentSize : 23 <-- 0.355306 s
currentSize : 24 <-- 0.600660 s
currentSize : 25 <-- 0.608143 s
currentSize : 26 <-- 3.688080 s

maxsize : 26
nodes : 22390800.000000
filtered : 131783710.000000
time : 86.141373
