Parameters: GAD=1 vflib=1 dir=0 label=1 lowerbound=1 fileNameGp=../../cp2016-max-common-connected-subgraph-paper/datasets/graphsdb/mcs30/m2D/m2D/mcs30_m2D_s90.A06 fileNameGt=../../cp2016-max-common-connected-subgraph-paper/datasets/graphsdb/mcs30/m2D/m2D/mcs30_m2D_s90.B06
Reading graphs...
90 :  161
90 :  161
Initializing...
maxdom : 10
D->valSize : 514
Solving...
Blb : 2 (clique : 35)
currentSize : 35 <-- 0.009732 s
currentSize : 36 <-- 0.010184 s
currentSize : 37 <-- 0.086009 s
currentSize : 38 <-- 0.153733 s
currentSize : 39 <-- 0.531064 s
currentSize : 40 <-- 3.958332 s
currentSize : 41 <-- 521.280457 s

TIMEOUT
maxsize : 41
nodes : 223214362.000000
filtered : 1306993326.000000
time : 1000.000122
