Parameters: GAD=1 vflib=1 dir=0 label=1 lowerbound=1 fileNameGp=../../cp2016-max-common-connected-subgraph-paper/datasets/graphsdb/mcs30/m4D/m4Dr4/mcs30_m4Dr4_s80.A08 fileNameGt=../../cp2016-max-common-connected-subgraph-paper/datasets/graphsdb/mcs30/m4D/m4Dr4/mcs30_m4Dr4_s80.B08
Reading graphs...
80 :  161
80 :  157
Initializing...
maxdom : 10
D->valSize : 446
Solving...
Blb : 2 (clique : 26)
currentSize : 26 <-- 0.004366 s
currentSize : 29 <-- 0.004564 s
currentSize : 30 <-- 0.005087 s
currentSize : 31 <-- 0.013507 s
currentSize : 32 <-- 389.154236 s
currentSize : 33 <-- 427.123016 s

TIMEOUT
maxsize : 33
nodes : 251040153.000000
filtered : 1514935188.000000
time : 1000.000000
