Parameters: GAD=1 vflib=1 dir=0 label=1 lowerbound=1 fileNameGp=../../cp2016-max-common-connected-subgraph-paper/datasets/graphsdb/mcs30/rand/r01/mcs30_r01_s80.A06 fileNameGt=../../cp2016-max-common-connected-subgraph-paper/datasets/graphsdb/mcs30/rand/r01/mcs30_r01_s80.B06
Reading graphs...
80 :  598
80 :  600
Initializing...
maxdom : 9
D->valSize : 423
Solving...
Blb : 2 (clique : 14)
currentSize : 14 <-- 0.003778 s
currentSize : 15 <-- 0.009520 s
currentSize : 16 <-- 0.010647 s
currentSize : 17 <-- 0.130538 s
currentSize : 18 <-- 5.777218 s
currentSize : 20 <-- 21.633684 s
currentSize : 21 <-- 63.282413 s
currentSize : 24 <-- 63.802666 s

maxsize : 24
nodes : 14649107.000000
filtered : 191183664.000000
time : 80.264015
