Parameters: GAD=1 vflib=1 dir=0 label=1 lowerbound=1 fileNameGp=../../cp2016-max-common-connected-subgraph-paper/datasets/graphsdb/mcs30/rand/r005/mcs30_r005_s50.A05 fileNameGt=../../cp2016-max-common-connected-subgraph-paper/datasets/graphsdb/mcs30/rand/r005/mcs30_r005_s50.B05
Reading graphs...
50 :  123
50 :  123
Initializing...
maxdom : 11
D->valSize : 337
Solving...
Blb : 2 (clique : 16)
currentSize : 16 <-- 0.002343 s
currentSize : 17 <-- 0.013770 s
currentSize : 18 <-- 0.083692 s
currentSize : 19 <-- 0.194850 s
currentSize : 20 <-- 2.043346 s
currentSize : 21 <-- 40.988354 s

maxsize : 21
nodes : 27195098.000000
filtered : 393194258.000000
time : 123.159904
