Parameters: GAD=1 vflib=1 dir=0 label=1 lowerbound=1 fileNameGp=../../cp2016-max-common-connected-subgraph-paper/datasets/graphsdb/mcs30/rand/r01/mcs30_r01_s100.A02 fileNameGt=../../cp2016-max-common-connected-subgraph-paper/datasets/graphsdb/mcs30/rand/r01/mcs30_r01_s100.B02
Reading graphs...
100 :  940
100 :  945
Initializing...
maxdom : 8
D->valSize : 365
Solving...
Blb : 2 (clique : 11)
currentSize : 11 <-- 0.005116 s
currentSize : 12 <-- 0.006781 s
currentSize : 13 <-- 0.006880 s
currentSize : 14 <-- 0.014147 s
currentSize : 15 <-- 0.064508 s
currentSize : 17 <-- 0.112506 s
currentSize : 18 <-- 0.113529 s
currentSize : 19 <-- 0.116468 s
currentSize : 20 <-- 0.116649 s
currentSize : 21 <-- 0.252594 s
currentSize : 22 <-- 0.452987 s
currentSize : 23 <-- 3.412760 s
currentSize : 25 <-- 3.413623 s
currentSize : 26 <-- 6.245521 s
currentSize : 28 <-- 6.274361 s
currentSize : 30 <-- 6.274931 s

maxsize : 30
nodes : 1513488.000000
filtered : 18714542.000000
time : 9.905490
