Parameters: GAD=1 vflib=1 dir=0 label=1 lowerbound=1 fileNameGp=../../cp2016-max-common-connected-subgraph-paper/datasets/graphsdb/mcs30/m2D/m2Dr6/mcs30_m2Dr6_s70.A03 fileNameGt=../../cp2016-max-common-connected-subgraph-paper/datasets/graphsdb/mcs30/m2D/m2Dr6/mcs30_m2Dr6_s70.B03
Reading graphs...
70 :  160
70 :  162
Initializing...
maxdom : 9
D->valSize : 327
Solving...
Blb : 2 (clique : 19)
currentSize : 19 <-- 0.002602 s
currentSize : 20 <-- 0.002723 s
currentSize : 21 <-- 0.005459 s
currentSize : 22 <-- 0.079042 s
currentSize : 23 <-- 0.728561 s
currentSize : 24 <-- 40.213146 s
currentSize : 25 <-- 51.459225 s
currentSize : 26 <-- 53.749084 s
currentSize : 27 <-- 158.506897 s
currentSize : 28 <-- 187.973450 s

maxsize : 28
nodes : 72035573.000000
filtered : 585050177.000000
time : 331.056152
