Parameters: GAD=1 vflib=1 dir=0 label=1 lowerbound=1 fileNameGp=../../cp2016-max-common-connected-subgraph-paper/datasets/graphsdb/mcs30/rand/r005/mcs30_r005_s50.A01 fileNameGt=../../cp2016-max-common-connected-subgraph-paper/datasets/graphsdb/mcs30/rand/r005/mcs30_r005_s50.B01
Reading graphs...
50 :  125
50 :  126
Initializing...
maxdom : 8
D->valSize : 321
Solving...
Blb : 2 (clique : 15)
currentSize : 15 <-- 0.003401 s
currentSize : 17 <-- 0.003530 s
currentSize : 18 <-- 0.017285 s
currentSize : 19 <-- 1.290042 s
currentSize : 20 <-- 124.639725 s
currentSize : 21 <-- 193.296204 s

maxsize : 21
nodes : 59487573.000000
filtered : 650425266.000000
time : 233.010666
