Parameters: GAD=1 vflib=1 dir=0 label=1 lowerbound=1 fileNameGp=../../cp2016-max-common-connected-subgraph-paper/datasets/graphsdb/mcs30/m3D/m3Dr4/mcs30_m3Dr4_s70.A07 fileNameGt=../../cp2016-max-common-connected-subgraph-paper/datasets/graphsdb/mcs30/m3D/m3Dr4/mcs30_m3Dr4_s70.B07
Reading graphs...
70 :  185
70 :  186
Initializing...
maxdom : 8
D->valSize : 336
Solving...
Blb : 2 (clique : 24)
currentSize : 24 <-- 0.002714 s
currentSize : 26 <-- 0.005141 s
currentSize : 27 <-- 0.018433 s
currentSize : 28 <-- 0.066782 s
currentSize : 29 <-- 0.103858 s
currentSize : 30 <-- 2.305706 s

TIMEOUT
maxsize : 30
nodes : 197314524.000000
filtered : 1780961547.000000
time : 1000.000000
