Parameters: GAD=1 vflib=1 dir=0 label=1 lowerbound=1 fileNameGp=../../cp2016-max-common-connected-subgraph-paper/datasets/graphsdb/mcs30/m3D/m3Dr2/mcs30_m3Dr2_s90.A04 fileNameGt=../../cp2016-max-common-connected-subgraph-paper/datasets/graphsdb/mcs30/m3D/m3Dr2/mcs30_m3Dr2_s90.B04
Reading graphs...
90 :  225
90 :  226
Initializing...
maxdom : 10
D->valSize : 529
Solving...
Blb : 2 (clique : 25)
currentSize : 25 <-- 0.005889 s
currentSize : 26 <-- 0.010886 s
currentSize : 27 <-- 0.018330 s
currentSize : 28 <-- 0.179846 s
currentSize : 29 <-- 25.369242 s
currentSize : 30 <-- 25.379286 s

TIMEOUT
maxsize : 30
nodes : 213012376.000000
filtered : 1282632643.000000
time : 1000.000061
