Parameters: GAD=1 vflib=1 dir=0 label=1 lowerbound=1 fileNameGp=../../cp2016-max-common-connected-subgraph-paper/datasets/graphsdb/mcs30/m4D/m4Dr6/mcs30_m4Dr6_s50.A08 fileNameGt=../../cp2016-max-common-connected-subgraph-paper/datasets/graphsdb/mcs30/m4D/m4Dr6/mcs30_m4Dr6_s50.B08
Reading graphs...
50 :  112
50 :  112
Initializing...
maxdom : 9
D->valSize : 318
Solving...
Blb : 2 (clique : 17)
currentSize : 17 <-- 0.002242 s
currentSize : 18 <-- 0.008254 s
currentSize : 19 <-- 0.082218 s
currentSize : 20 <-- 0.165981 s
currentSize : 21 <-- 3.846416 s
currentSize : 22 <-- 62.274860 s

maxsize : 22
nodes : 132395474.000000
filtered : 1515072443.000000
time : 509.319672
