Parameters: GAD=1 vflib=1 dir=0 label=1 lowerbound=1 fileNameGp=../../cp2016-max-common-connected-subgraph-paper/datasets/graphsdb/mcs30/bvg/b03m/mcs30_b03m_s100.A04 fileNameGt=../../cp2016-max-common-connected-subgraph-paper/datasets/graphsdb/mcs30/bvg/b03m/mcs30_b03m_s100.B04
Reading graphs...
100 :  150
100 :  149
Initializing...
maxdom : 7
D->valSize : 337
Solving...
Blb : 2 (clique : 41)
currentSize : 41 <-- 0.003497 s
currentSize : 42 <-- 0.003918 s
currentSize : 43 <-- 0.004089 s
currentSize : 44 <-- 0.004312 s
currentSize : 45 <-- 0.140833 s
currentSize : 46 <-- 2.389560 s
currentSize : 47 <-- 17.356213 s
currentSize : 48 <-- 92.117905 s

TIMEOUT
maxsize : 48
nodes : 208389183.000000
filtered : 912385297.000000
time : 1000.000061
