Parameters: GAD=1 vflib=1 dir=0 label=1 lowerbound=1 fileNameGp=../../cp2016-max-common-connected-subgraph-paper/datasets/graphsdb/mcs30/m3D/m3Dr4/mcs30_m3Dr4_s90.A09 fileNameGt=../../cp2016-max-common-connected-subgraph-paper/datasets/graphsdb/mcs30/m3D/m3Dr4/mcs30_m3Dr4_s90.B09
Reading graphs...
90 :  242
90 :  241
Initializing...
maxdom : 10
D->valSize : 571
Solving...
Blb : 2 (clique : 27)
currentSize : 27 <-- 0.006797 s
currentSize : 28 <-- 0.013817 s
currentSize : 29 <-- 0.017600 s
currentSize : 30 <-- 0.019503 s
currentSize : 33 <-- 0.143905 s
currentSize : 34 <-- 0.305649 s
currentSize : 35 <-- 3.119900 s

TIMEOUT
maxsize : 35
nodes : 185760523.000000
filtered : 1497528169.000000
time : 1000.000061
