Parameters: GAD=1 vflib=1 dir=0 label=1 lowerbound=1 fileNameGp=../../cp2016-max-common-connected-subgraph-paper/datasets/graphsdb/mcs30/bvg/b09/mcs30_b09_s100.A06 fileNameGt=../../cp2016-max-common-connected-subgraph-paper/datasets/graphsdb/mcs30/bvg/b09/mcs30_b09_s100.B06
Reading graphs...
100 :  444
100 :  447
Initializing...
maxdom : 6
D->valSize : 334
Solving...
Blb : 2 (clique : 23)
currentSize : 23 <-- 0.005090 s
currentSize : 24 <-- 0.005470 s
currentSize : 25 <-- 0.108097 s
currentSize : 26 <-- 0.246498 s
currentSize : 27 <-- 16.657845 s
currentSize : 28 <-- 129.553467 s
currentSize : 29 <-- 148.059555 s

TIMEOUT
maxsize : 29
nodes : 195826191.000000
filtered : 1035670982.000000
time : 1000.000061
