Parameters: GAD=1 vflib=1 dir=0 label=1 lowerbound=1 fileNameGp=../../cp2016-max-common-connected-subgraph-paper/datasets/graphsdb/mcs30/bvg/b09/mcs30_b09_s100.A03 fileNameGt=../../cp2016-max-common-connected-subgraph-paper/datasets/graphsdb/mcs30/bvg/b09/mcs30_b09_s100.B03
Reading graphs...
100 :  446
100 :  448
Initializing...
maxdom : 8
D->valSize : 349
Solving...
Blb : 2 (clique : 23)
currentSize : 23 <-- 0.003577 s
currentSize : 24 <-- 0.498669 s
currentSize : 25 <-- 0.956169 s
currentSize : 26 <-- 7.260926 s
currentSize : 27 <-- 24.739704 s
currentSize : 28 <-- 62.518127 s
currentSize : 29 <-- 304.450226 s

TIMEOUT
maxsize : 29
nodes : 183156300.000000
filtered : 1250386196.000000
time : 1000.000061
