Parameters: GAD=1 vflib=1 dir=0 label=1 lowerbound=1 fileNameGp=../../cp2016-max-common-connected-subgraph-paper/datasets/graphsdb/mcs30/bvg/b09/mcs30_b09_s90.A01 fileNameGt=../../cp2016-max-common-connected-subgraph-paper/datasets/graphsdb/mcs30/bvg/b09/mcs30_b09_s90.B01
Reading graphs...
90 :  395
90 :  400
Initializing...
maxdom : 11
D->valSize : 532
Solving...
Blb : 2 (clique : 21)
currentSize : 21 <-- 0.005804 s
currentSize : 22 <-- 0.009644 s
currentSize : 23 <-- 0.068382 s
currentSize : 24 <-- 3.651456 s
currentSize : 25 <-- 23.401640 s
currentSize : 28 <-- 149.369888 s
currentSize : 29 <-- 149.370041 s
currentSize : 30 <-- 149.485138 s
currentSize : 31 <-- 320.554077 s
currentSize : 32 <-- 320.562836 s

TIMEOUT
maxsize : 32
nodes : 175701150.000000
filtered : 1944441880.000000
time : 1000.000061
