Parameters: GAD=1 vflib=1 dir=0 label=1 lowerbound=1 fileNameGp=../../cp2016-max-common-connected-subgraph-paper/datasets/graphsdb/mcs30/bvg/b06m/mcs30_b06m_s60.A06 fileNameGt=../../cp2016-max-common-connected-subgraph-paper/datasets/graphsdb/mcs30/bvg/b06m/mcs30_b06m_s60.B06
Reading graphs...
60 :  179
60 :  177
Initializing...
maxdom : 8
D->valSize : 227
Solving...
Blb : 2 (clique : 18)
currentSize : 18 <-- 0.001499 s
currentSize : 19 <-- 0.046883 s
currentSize : 20 <-- 0.083113 s
currentSize : 21 <-- 0.083143 s
currentSize : 22 <-- 0.085674 s
currentSize : 23 <-- 0.767118 s
currentSize : 24 <-- 2.559628 s
currentSize : 25 <-- 6.223250 s

maxsize : 25
nodes : 4131484.000000
filtered : 31152215.000000
time : 17.161898
