Parameters: GAD=1 vflib=1 dir=0 label=1 lowerbound=1 fileNameGp=../../cp2016-max-common-connected-subgraph-paper/datasets/graphsdb/mcs30/m2D/m2D/mcs30_m2D_s100.A01 fileNameGt=../../cp2016-max-common-connected-subgraph-paper/datasets/graphsdb/mcs30/m2D/m2D/mcs30_m2D_s100.B01
Reading graphs...
100 :  180
100 :  178
Initializing...
maxdom : 7
D->valSize : 320
Solving...
Blb : 2 (clique : 33)
currentSize : 33 <-- 0.003249 s
currentSize : 34 <-- 0.004447 s
currentSize : 35 <-- 0.004511 s
currentSize : 36 <-- 0.006881 s
currentSize : 37 <-- 0.340029 s
currentSize : 38 <-- 5.026431 s
currentSize : 39 <-- 51.130661 s
currentSize : 40 <-- 442.522797 s

TIMEOUT
maxsize : 40
nodes : 214013538.000000
filtered : 968795691.000000
time : 1000.000061
