Parameters: GAD=1 vflib=1 dir=0 label=1 lowerbound=1 fileNameGp=../../cp2016-max-common-connected-subgraph-paper/datasets/graphsdb/mcs30/rand/r01/mcs30_r01_s80.A04 fileNameGt=../../cp2016-max-common-connected-subgraph-paper/datasets/graphsdb/mcs30/rand/r01/mcs30_r01_s80.B04
Reading graphs...
80 :  612
80 :  594
Initializing...
maxdom : 9
D->valSize : 393
Solving...
Blb : 2 (clique : 13)
currentSize : 13 <-- 0.003319 s
currentSize : 14 <-- 0.003732 s
currentSize : 15 <-- 0.031399 s
currentSize : 16 <-- 0.036339 s
currentSize : 17 <-- 0.149206 s
currentSize : 18 <-- 0.872457 s
currentSize : 19 <-- 0.872573 s
currentSize : 20 <-- 3.524889 s
currentSize : 23 <-- 3.532403 s
currentSize : 24 <-- 3.532575 s

maxsize : 24
nodes : 3215704.000000
filtered : 52063339.000000
time : 19.412722
