Parameters: GAD=1 vflib=1 dir=0 label=1 lowerbound=1 fileNameGp=../../cp2016-max-common-connected-subgraph-paper/datasets/graphsdb/mcs30/bvg/b09m/mcs30_b09m_s70.A07 fileNameGt=../../cp2016-max-common-connected-subgraph-paper/datasets/graphsdb/mcs30/bvg/b09m/mcs30_b09m_s70.B07
Reading graphs...
70 :  304
70 :  306
Initializing...
maxdom : 11
D->valSize : 321
Solving...
Blb : 2 (clique : 17)
currentSize : 17 <-- 0.003972 s
currentSize : 18 <-- 0.005036 s
currentSize : 19 <-- 0.243423 s
currentSize : 21 <-- 0.534855 s
currentSize : 22 <-- 83.883728 s

maxsize : 22
nodes : 62023584.000000
filtered : 686095364.000000
time : 300.894287
