Parameters: GAD=1 vflib=1 dir=0 label=1 lowerbound=1 fileNameGp=../../cp2016-max-common-connected-subgraph-paper/datasets/graphsdb/mcs30/m4D/m4Dr6/mcs30_m4Dr6_s70.A02 fileNameGt=../../cp2016-max-common-connected-subgraph-paper/datasets/graphsdb/mcs30/m4D/m4Dr6/mcs30_m4Dr6_s70.B02
Reading graphs...
70 :  158
70 :  156
Initializing...
maxdom : 8
D->valSize : 342
Solving...
Blb : 2 (clique : 22)
currentSize : 22 <-- 0.002870 s
currentSize : 23 <-- 0.014545 s
currentSize : 24 <-- 0.036487 s
currentSize : 25 <-- 0.064333 s
currentSize : 26 <-- 0.065863 s
currentSize : 27 <-- 62.575329 s

TIMEOUT
maxsize : 27
nodes : 232821401.000000
filtered : 1932590013.000000
time : 1000.000061
