Parameters: GAD=1 vflib=1 dir=0 label=1 lowerbound=1 fileNameGp=../../cp2016-max-common-connected-subgraph-paper/datasets/graphsdb/mcs30/m2D/m2Dr6/mcs30_m2Dr6_s70.A05 fileNameGt=../../cp2016-max-common-connected-subgraph-paper/datasets/graphsdb/mcs30/m2D/m2Dr6/mcs30_m2Dr6_s70.B05
Reading graphs...
70 :  163
70 :  163
Initializing...
maxdom : 7
D->valSize : 331
Solving...
Blb : 2 (clique : 21)
currentSize : 21 <-- 0.002595 s
currentSize : 23 <-- 0.002849 s
currentSize : 26 <-- 0.003179 s
currentSize : 27 <-- 0.003459 s
currentSize : 28 <-- 0.003567 s
currentSize : 29 <-- 0.007185 s
currentSize : 30 <-- 0.019127 s
currentSize : 31 <-- 0.157430 s

maxsize : 31
nodes : 141998655.000000
filtered : 1519461261.000000
time : 757.564636
