Parameters: GAD=1 vflib=1 dir=0 label=1 lowerbound=1 fileNameGp=../../cp2016-max-common-connected-subgraph-paper/datasets/graphsdb/mcs30/m3D/m3D/mcs30_m3D_s100.A02 fileNameGt=../../cp2016-max-common-connected-subgraph-paper/datasets/graphsdb/mcs30/m3D/m3D/mcs30_m3D_s100.B02
Reading graphs...
100 :  235
100 :  234
Initializing...
maxdom : 6
D->valSize : 334
Solving...
Blb : 2 (clique : 31)
currentSize : 31 <-- 0.003346 s
currentSize : 32 <-- 0.025431 s
currentSize : 33 <-- 1.257372 s
currentSize : 34 <-- 41.138451 s
currentSize : 35 <-- 41.155102 s
currentSize : 36 <-- 49.191441 s
currentSize : 37 <-- 350.097595 s

TIMEOUT
maxsize : 37
nodes : 184026375.000000
filtered : 1018369991.000000
time : 1000.000061
