Parameters: GAD=1 vflib=1 dir=0 label=1 lowerbound=1 fileNameGp=../../cp2016-max-common-connected-subgraph-paper/datasets/graphsdb/mcs30/m2D/m2Dr4/mcs30_m2Dr4_s80.A09 fileNameGt=../../cp2016-max-common-connected-subgraph-paper/datasets/graphsdb/mcs30/m2D/m2Dr4/mcs30_m2Dr4_s80.B09
Reading graphs...
80 :  172
80 :  171
Initializing...
maxdom : 8
D->valSize : 427
Solving...
Blb : 2 (clique : 26)
currentSize : 26 <-- 0.006685 s
currentSize : 27 <-- 0.007204 s
currentSize : 28 <-- 0.018126 s
currentSize : 30 <-- 0.283980 s
currentSize : 31 <-- 153.570587 s
currentSize : 32 <-- 186.430466 s

TIMEOUT
maxsize : 32
nodes : 208513511.000000
filtered : 1518000812.000000
time : 1000.000061
