Parameters: GAD=1 vflib=1 dir=0 label=1 lowerbound=1 fileNameGp=../../cp2016-max-common-connected-subgraph-paper/datasets/graphsdb/mcs30/m4D/m4Dr2/mcs30_m4Dr2_s60.A01 fileNameGt=../../cp2016-max-common-connected-subgraph-paper/datasets/graphsdb/mcs30/m4D/m4Dr2/mcs30_m4Dr2_s60.B01
Reading graphs...
60 :  112
60 :  113
Initializing...
maxdom : 8
D->valSize : 237
Solving...
Blb : 2 (clique : 19)
currentSize : 19 <-- 0.002635 s
currentSize : 20 <-- 0.002809 s
currentSize : 21 <-- 0.003415 s
currentSize : 22 <-- 0.164264 s
currentSize : 23 <-- 0.439451 s
currentSize : 24 <-- 4.500455 s
currentSize : 25 <-- 7.089098 s
currentSize : 26 <-- 67.895691 s

maxsize : 26
nodes : 30977265.000000
filtered : 213533768.000000
time : 116.901543
