Parameters: GAD=1 vflib=1 dir=0 label=1 lowerbound=1 fileNameGp=../../cp2016-max-common-connected-subgraph-paper/datasets/graphsdb/mcs30/rand/r02/mcs30_r02_s90.A04 fileNameGt=../../cp2016-max-common-connected-subgraph-paper/datasets/graphsdb/mcs30/rand/r02/mcs30_r02_s90.B04
Reading graphs...
90 :  1416
90 :  1421
Initializing...
maxdom : 13
D->valSize : 581
Solving...
Blb : 2 (clique : 8)
currentSize : 8 <-- 0.006472 s
currentSize : 9 <-- 0.009237 s
currentSize : 10 <-- 0.020915 s
currentSize : 11 <-- 0.029963 s
currentSize : 13 <-- 0.065305 s
currentSize : 14 <-- 0.068896 s
currentSize : 16 <-- 0.126016 s
currentSize : 17 <-- 0.421259 s
currentSize : 18 <-- 0.482858 s
currentSize : 19 <-- 0.482954 s
currentSize : 22 <-- 0.729249 s
currentSize : 23 <-- 0.729602 s

maxsize : 23
nodes : 221468.000000
filtered : 5152538.000000
time : 1.522863
