Parameters: GAD=1 vflib=1 dir=0 label=1 lowerbound=1 fileNameGp=../../cp2016-max-common-connected-subgraph-paper/datasets/graphsdb/mcs30/bvg/b06/mcs30_b06_s80.A06 fileNameGt=../../cp2016-max-common-connected-subgraph-paper/datasets/graphsdb/mcs30/bvg/b06/mcs30_b06_s80.B06
Reading graphs...
80 :  237
80 :  239
Initializing...
maxdom : 9
D->valSize : 435
Solving...
Blb : 2 (clique : 22)
currentSize : 22 <-- 0.004098 s
currentSize : 24 <-- 0.004260 s
currentSize : 25 <-- 0.004299 s
currentSize : 26 <-- 0.020297 s
currentSize : 27 <-- 48.055325 s
currentSize : 28 <-- 702.286621 s

TIMEOUT
maxsize : 28
nodes : 218383382.000000
filtered : 1897679468.000000
time : 1000.000000
