Parameters: GAD=1 vflib=1 dir=0 label=1 lowerbound=1 fileNameGp=../../cp2016-max-common-connected-subgraph-paper/datasets/graphsdb/mcs30/m3D/m3Dr4/mcs30_m3Dr4_s80.A02 fileNameGt=../../cp2016-max-common-connected-subgraph-paper/datasets/graphsdb/mcs30/m3D/m3Dr4/mcs30_m3Dr4_s80.B02
Reading graphs...
80 :  212
80 :  212
Initializing...
maxdom : 10
D->valSize : 429
Solving...
Blb : 2 (clique : 26)
currentSize : 26 <-- 0.006869 s
currentSize : 27 <-- 0.007404 s
currentSize : 28 <-- 0.007454 s
currentSize : 29 <-- 0.011878 s
currentSize : 30 <-- 0.056414 s
currentSize : 31 <-- 5.292622 s
currentSize : 32 <-- 11.826446 s
currentSize : 33 <-- 11.833583 s

TIMEOUT
maxsize : 33
nodes : 190035815.000000
filtered : 1937437575.000000
time : 1000.000061
