Parameters: GAD=1 vflib=1 dir=0 label=1 lowerbound=1 fileNameGp=../../cp2016-max-common-connected-subgraph-paper/datasets/graphsdb/mcs30/m4D/m4Dr4/mcs30_m4Dr4_s60.A02 fileNameGt=../../cp2016-max-common-connected-subgraph-paper/datasets/graphsdb/mcs30/m4D/m4Dr4/mcs30_m4Dr4_s60.B02
Reading graphs...
60 :  124
60 :  123
Initializing...
maxdom : 6
D->valSize : 230
Solving...
Blb : 5 (clique : 20)
currentSize : 20 <-- 0.001561 s
currentSize : 21 <-- 0.282239 s
currentSize : 22 <-- 0.417566 s
currentSize : 23 <-- 1.074153 s
currentSize : 24 <-- 37.191536 s
currentSize : 25 <-- 480.416748 s

maxsize : 25
nodes : 121800392.000000
filtered : 822304297.000000
time : 488.358154
