Parameters: GAD=1 vflib=1 dir=0 label=1 lowerbound=1 fileNameGp=../../cp2016-max-common-connected-subgraph-paper/datasets/graphsdb/mcs30/bvg/b03m/mcs30_b03m_s100.A03 fileNameGt=../../cp2016-max-common-connected-subgraph-paper/datasets/graphsdb/mcs30/bvg/b03m/mcs30_b03m_s100.B03
Reading graphs...
100 :  150
100 :  149
Initializing...
maxdom : 9
D->valSize : 356
Solving...
Blb : 2 (clique : 40)
currentSize : 40 <-- 0.003651 s
currentSize : 41 <-- 0.004277 s
currentSize : 42 <-- 0.138118 s
currentSize : 43 <-- 0.138608 s
currentSize : 44 <-- 17.039364 s
currentSize : 45 <-- 17.055761 s
currentSize : 46 <-- 57.631790 s

TIMEOUT
maxsize : 46
nodes : 194499794.000000
filtered : 942087691.000000
time : 1000.000061
