Parameters: GAD=1 vflib=1 dir=0 label=1 lowerbound=1 fileNameGp=../../cp2016-max-common-connected-subgraph-paper/datasets/graphsdb/mcs30/m4D/m4D/mcs30_m4D_s50.A08 fileNameGt=../../cp2016-max-common-connected-subgraph-paper/datasets/graphsdb/mcs30/m4D/m4D/mcs30_m4D_s50.B08
Reading graphs...
50 :  86
50 :  86
Initializing...
maxdom : 10
D->valSize : 321
Solving...
Blb : 2 (clique : 20)
currentSize : 20 <-- 0.002291 s
currentSize : 21 <-- 0.002422 s
currentSize : 22 <-- 0.007298 s
currentSize : 23 <-- 0.163284 s
currentSize : 24 <-- 0.480268 s
currentSize : 25 <-- 18.177620 s
currentSize : 26 <-- 53.614807 s
currentSize : 27 <-- 328.883209 s

maxsize : 27
nodes : 216973474.000000
filtered : 2292975912.000000
time : 811.943176
