Parameters: GAD=1 vflib=1 dir=0 label=1 lowerbound=1 fileNameGp=../../cp2016-max-common-connected-subgraph-paper/datasets/graphsdb/mcs30/m3D/m3Dr2/mcs30_m3Dr2_s100.A01 fileNameGt=../../cp2016-max-common-connected-subgraph-paper/datasets/graphsdb/mcs30/m3D/m3Dr2/mcs30_m3Dr2_s100.B01
Reading graphs...
100 :  250
100 :  252
Initializing...
maxdom : 6
D->valSize : 322
Solving...
Blb : 2 (clique : 27)
currentSize : 27 <-- 0.005095 s
currentSize : 28 <-- 0.005422 s
currentSize : 29 <-- 0.005608 s
currentSize : 30 <-- 0.117573 s
currentSize : 31 <-- 0.120957 s
currentSize : 32 <-- 1.425126 s
currentSize : 33 <-- 1.856734 s
currentSize : 34 <-- 359.208374 s

TIMEOUT
maxsize : 34
nodes : 191473873.000000
filtered : 1011643296.000000
time : 1000.000061
