Parameters: GAD=1 vflib=1 dir=0 label=1 lowerbound=1 fileNameGp=../../cp2016-max-common-connected-subgraph-paper/datasets/graphsdb/mcs30/m2D/m2Dr4/mcs30_m2Dr4_s60.A03 fileNameGt=../../cp2016-max-common-connected-subgraph-paper/datasets/graphsdb/mcs30/m2D/m2Dr4/mcs30_m2Dr4_s60.B03
Reading graphs...
60 :  126
60 :  127
Initializing...
maxdom : 6
D->valSize : 247
Solving...
Blb : 2 (clique : 19)
currentSize : 19 <-- 0.001686 s
currentSize : 20 <-- 0.001788 s
currentSize : 21 <-- 0.003097 s
currentSize : 22 <-- 1.398274 s
currentSize : 23 <-- 1.417047 s
currentSize : 24 <-- 63.003288 s
currentSize : 25 <-- 185.931503 s
currentSize : 26 <-- 217.707703 s

maxsize : 26
nodes : 77582681.000000
filtered : 559620596.000000
time : 325.592682
