Parameters: GAD=1 vflib=1 dir=0 label=1 lowerbound=1 fileNameGp=../../cp2016-max-common-connected-subgraph-paper/datasets/graphsdb/mcs30/m3D/m3D/mcs30_m3D_s70.A05 fileNameGt=../../cp2016-max-common-connected-subgraph-paper/datasets/graphsdb/mcs30/m3D/m3D/mcs30_m3D_s70.B05
Reading graphs...
70 :  158
70 :  158
Initializing...
maxdom : 10
D->valSize : 340
Solving...
Blb : 2 (clique : 25)
currentSize : 25 <-- 0.002746 s
currentSize : 26 <-- 0.005271 s
currentSize : 27 <-- 0.025943 s
currentSize : 28 <-- 9.064570 s
currentSize : 29 <-- 214.626129 s
currentSize : 30 <-- 214.758804 s
currentSize : 31 <-- 407.829681 s
currentSize : 32 <-- 539.390686 s

maxsize : 32
nodes : 156369435.000000
filtered : 1821468983.000000
time : 799.460815
