Parameters: GAD=1 vflib=1 dir=0 label=1 lowerbound=1 fileNameGp=../../cp2016-max-common-connected-subgraph-paper/datasets/graphsdb/mcs30/m3D/m3Dr4/mcs30_m3Dr4_s70.A02 fileNameGt=../../cp2016-max-common-connected-subgraph-paper/datasets/graphsdb/mcs30/m3D/m3Dr4/mcs30_m3Dr4_s70.B02
Reading graphs...
70 :  186
70 :  183
Initializing...
maxdom : 8
D->valSize : 353
Solving...
Blb : 3 (clique : 24)
currentSize : 24 <-- 0.002860 s
currentSize : 25 <-- 1.171309 s
currentSize : 26 <-- 46.511070 s
currentSize : 27 <-- 46.511135 s
currentSize : 28 <-- 46.551174 s
currentSize : 30 <-- 94.469437 s
currentSize : 31 <-- 94.469597 s
currentSize : 32 <-- 94.469627 s
currentSize : 33 <-- 94.495506 s

maxsize : 33
nodes : 46137981.000000
filtered : 485652967.000000
time : 238.441132
