Parameters: GAD=1 vflib=1 dir=0 label=1 lowerbound=1 fileNameGp=../../cp2016-max-common-connected-subgraph-paper/datasets/graphsdb/mcs30/bvg/b09m/mcs30_b09m_s90.A08 fileNameGt=../../cp2016-max-common-connected-subgraph-paper/datasets/graphsdb/mcs30/bvg/b09m/mcs30_b09m_s90.B08
Reading graphs...
90 :  396
90 :  394
Initializing...
maxdom : 9
D->valSize : 529
Solving...
Blb : 3 (clique : 25)
currentSize : 25 <-- 0.005732 s
currentSize : 26 <-- 0.387601 s
currentSize : 27 <-- 20.954702 s
currentSize : 28 <-- 31.696381 s
currentSize : 29 <-- 31.696676 s
currentSize : 30 <-- 42.938168 s

TIMEOUT
maxsize : 30
nodes : 151490529.000000
filtered : 2292096866.000000
time : 1000.000000
