Parameters: GAD=1 vflib=1 dir=0 label=1 lowerbound=1 fileNameGp=../../cp2016-max-common-connected-subgraph-paper/datasets/graphsdb/mcs30/bvg/b06m/mcs30_b06m_s80.A05 fileNameGt=../../cp2016-max-common-connected-subgraph-paper/datasets/graphsdb/mcs30/bvg/b06m/mcs30_b06m_s80.B05
Reading graphs...
80 :  235
80 :  237
Initializing...
maxdom : 8
D->valSize : 415
Solving...
Blb : 2 (clique : 21)
currentSize : 21 <-- 0.006332 s
currentSize : 22 <-- 0.009247 s
currentSize : 23 <-- 0.052591 s
currentSize : 24 <-- 16.595659 s
currentSize : 25 <-- 206.965347 s
currentSize : 26 <-- 545.242432 s
currentSize : 27 <-- 685.032715 s

TIMEOUT
maxsize : 27
nodes : 212019435.000000
filtered : 1734454449.000000
time : 1000.000061
