Parameters: GAD=1 vflib=1 dir=0 label=1 lowerbound=1 fileNameGp=../../cp2016-max-common-connected-subgraph-paper/datasets/graphsdb/mcs30/bvg/b09/mcs30_b09_s80.A03 fileNameGt=../../cp2016-max-common-connected-subgraph-paper/datasets/graphsdb/mcs30/bvg/b09/mcs30_b09_s80.B03
Reading graphs...
80 :  351
80 :  357
Initializing...
maxdom : 9
D->valSize : 412
Solving...
Blb : 2 (clique : 16)
currentSize : 16 <-- 0.003614 s
currentSize : 17 <-- 0.004033 s
currentSize : 18 <-- 0.011765 s
currentSize : 19 <-- 0.071074 s
currentSize : 20 <-- 0.681658 s
currentSize : 21 <-- 0.986429 s
currentSize : 22 <-- 4.132691 s
currentSize : 23 <-- 11.139844 s
currentSize : 24 <-- 69.663322 s
currentSize : 25 <-- 183.244797 s

TIMEOUT
maxsize : 25
nodes : 184793370.000000
filtered : 2581196411.000000
time : 1000.000000
