Parameters: GAD=1 vflib=1 dir=0 label=1 lowerbound=1 fileNameGp=../../cp2016-max-common-connected-subgraph-paper/datasets/graphsdb/mcs30/rand/r005/mcs30_r005_s70.A07 fileNameGt=../../cp2016-max-common-connected-subgraph-paper/datasets/graphsdb/mcs30/rand/r005/mcs30_r005_s70.B07
Reading graphs...
70 :  236
70 :  233
Initializing...
maxdom : 8
D->valSize : 321
Solving...
Blb : 2 (clique : 19)
currentSize : 19 <-- 0.002480 s
currentSize : 20 <-- 0.002666 s
currentSize : 21 <-- 0.015560 s
currentSize : 22 <-- 0.023719 s
currentSize : 23 <-- 13.306598 s
currentSize : 24 <-- 481.428497 s
currentSize : 25 <-- 713.900757 s

TIMEOUT
maxsize : 25
nodes : 233279023.000000
filtered : 1855169344.000000
time : 1000.000000
