Parameters: GAD=1 vflib=1 dir=0 label=1 lowerbound=1 fileNameGp=../../cp2016-max-common-connected-subgraph-paper/datasets/graphsdb/mcs30/m3D/m3Dr2/mcs30_m3Dr2_s80.A09 fileNameGt=../../cp2016-max-common-connected-subgraph-paper/datasets/graphsdb/mcs30/m3D/m3Dr2/mcs30_m3Dr2_s80.B09
Reading graphs...
80 :  199
80 :  199
Initializing...
maxdom : 11
D->valSize : 434
Solving...
Blb : 2 (clique : 24)
currentSize : 24 <-- 0.004199 s
currentSize : 25 <-- 0.006052 s
currentSize : 26 <-- 0.038774 s
currentSize : 27 <-- 0.060002 s
currentSize : 28 <-- 1.704919 s
currentSize : 29 <-- 6.026339 s
currentSize : 30 <-- 193.769516 s
currentSize : 31 <-- 973.155945 s

TIMEOUT
maxsize : 31
nodes : 235780872.000000
filtered : 1911093998.000000
time : 1000.000061
