Parameters: GAD=1 vflib=1 dir=0 label=1 lowerbound=1 fileNameGp=../../cp2016-max-common-connected-subgraph-paper/datasets/graphsdb/mcs30/m2D/m2Dr4/mcs30_m2Dr4_s50.A08 fileNameGt=../../cp2016-max-common-connected-subgraph-paper/datasets/graphsdb/mcs30/m2D/m2Dr4/mcs30_m2Dr4_s50.B08
Reading graphs...
50 :  104
50 :  104
Initializing...
maxdom : 9
D->valSize : 333
Solving...
Blb : 2 (clique : 18)
currentSize : 18 <-- 0.002379 s
currentSize : 19 <-- 0.002489 s
currentSize : 20 <-- 0.002974 s
currentSize : 21 <-- 0.658029 s
currentSize : 22 <-- 31.624847 s
currentSize : 23 <-- 183.184967 s
currentSize : 24 <-- 255.360657 s
currentSize : 25 <-- 255.424133 s

maxsize : 25
nodes : 70898582.000000
filtered : 779591695.000000
time : 280.891876
