Parameters: GAD=1 vflib=1 dir=0 label=1 lowerbound=1 fileNameGp=../../cp2016-max-common-connected-subgraph-paper/datasets/graphsdb/mcs30/bvg/b09m/mcs30_b09m_s70.A02 fileNameGt=../../cp2016-max-common-connected-subgraph-paper/datasets/graphsdb/mcs30/bvg/b09m/mcs30_b09m_s70.B02
Reading graphs...
70 :  305
70 :  304
Initializing...
maxdom : 9
D->valSize : 332
Solving...
Blb : 3 (clique : 15)
currentSize : 15 <-- 0.002553 s
currentSize : 19 <-- 0.223929 s
currentSize : 20 <-- 0.224036 s
currentSize : 21 <-- 0.233222 s
currentSize : 22 <-- 0.573507 s
currentSize : 23 <-- 0.573786 s
currentSize : 24 <-- 24.364212 s

maxsize : 24
nodes : 19705803.000000
filtered : 185365738.000000
time : 98.239265
