Parameters: GAD=1 vflib=1 dir=0 label=1 lowerbound=1 fileNameGp=../../cp2016-max-common-connected-subgraph-paper/datasets/graphsdb/mcs30/m2D/m2D/mcs30_m2D_s60.A04 fileNameGt=../../cp2016-max-common-connected-subgraph-paper/datasets/graphsdb/mcs30/m2D/m2D/mcs30_m2D_s60.B04
Reading graphs...
60 :  103
60 :  102
Initializing...
maxdom : 8
D->valSize : 236
Solving...
Blb : 2 (clique : 20)
currentSize : 20 <-- 0.001654 s
currentSize : 21 <-- 0.001817 s
currentSize : 22 <-- 0.498325 s
currentSize : 23 <-- 5.705064 s
currentSize : 24 <-- 30.542669 s
currentSize : 25 <-- 101.724197 s

TIMEOUT
maxsize : 25
nodes : 245514959.000000
filtered : 1940907681.000000
time : 1000.000000
