Parameters: GAD=1 vflib=1 dir=0 label=1 lowerbound=1 fileNameGp=../../cp2016-max-common-connected-subgraph-paper/datasets/graphsdb/mcs30/bvg/b06/mcs30_b06_s70.A00 fileNameGt=../../cp2016-max-common-connected-subgraph-paper/datasets/graphsdb/mcs30/bvg/b06/mcs30_b06_s70.B00
Reading graphs...
70 :  205
70 :  208
Initializing...
maxdom : 9
D->valSize : 355
Solving...
Blb : 2 (clique : 22)
currentSize : 22 <-- 0.002848 s
currentSize : 23 <-- 0.684983 s
currentSize : 24 <-- 1.420067 s
currentSize : 25 <-- 318.628540 s
currentSize : 26 <-- 318.772858 s
currentSize : 27 <-- 321.492981 s

TIMEOUT
maxsize : 27
nodes : 220929342.000000
filtered : 2190805773.000000
time : 1000.000000
