Parameters: GAD=1 vflib=1 dir=0 label=1 lowerbound=1 fileNameGp=../../cp2016-max-common-connected-subgraph-paper/datasets/graphsdb/mcs30/bvg/b06/mcs30_b06_s60.A05 fileNameGt=../../cp2016-max-common-connected-subgraph-paper/datasets/graphsdb/mcs30/bvg/b06/mcs30_b06_s60.B05
Reading graphs...
60 :  179
60 :  177
Initializing...
maxdom : 8
D->valSize : 215
Solving...
Blb : 5 (clique : 14)
currentSize : 14 <-- 0.001387 s
currentSize : 15 <-- 0.003713 s
currentSize : 16 <-- 0.023240 s
currentSize : 17 <-- 0.053314 s
currentSize : 18 <-- 0.484891 s
currentSize : 19 <-- 0.583601 s
currentSize : 20 <-- 0.608550 s
currentSize : 21 <-- 2.027014 s
currentSize : 22 <-- 5.580694 s

maxsize : 22
nodes : 5134427.000000
filtered : 34408317.000000
time : 21.671108
