Parameters: GAD=1 vflib=1 dir=0 label=1 lowerbound=1 fileNameGp=../../cp2016-max-common-connected-subgraph-paper/datasets/graphsdb/mcs30/m3D/m3Dr6/mcs30_m3Dr6_s100.A01 fileNameGt=../../cp2016-max-common-connected-subgraph-paper/datasets/graphsdb/mcs30/m3D/m3Dr6/mcs30_m3Dr6_s100.B01
Reading graphs...
100 :  292
100 :  288
Initializing...
maxdom : 8
D->valSize : 345
Solving...
Blb : 2 (clique : 28)
currentSize : 28 <-- 0.005340 s
currentSize : 29 <-- 0.009806 s
currentSize : 30 <-- 0.779224 s
currentSize : 31 <-- 0.784158 s
currentSize : 32 <-- 3.112545 s
currentSize : 33 <-- 3.118811 s
currentSize : 34 <-- 6.232711 s
currentSize : 35 <-- 16.703817 s
currentSize : 36 <-- 16.704132 s
currentSize : 37 <-- 16.906538 s
currentSize : 38 <-- 59.839382 s

TIMEOUT
maxsize : 38
nodes : 207384518.000000
filtered : 696891413.000000
time : 1000.000061
