Parameters: GAD=1 vflib=1 dir=0 label=1 lowerbound=1 fileNameGp=../../cp2016-max-common-connected-subgraph-paper/datasets/graphsdb/mcs30/m2D/m2Dr6/mcs30_m2Dr6_s70.A07 fileNameGt=../../cp2016-max-common-connected-subgraph-paper/datasets/graphsdb/mcs30/m2D/m2Dr6/mcs30_m2Dr6_s70.B07
Reading graphs...
70 :  162
70 :  162
Initializing...
maxdom : 8
D->valSize : 355
Solving...
Blb : 2 (clique : 24)
currentSize : 24 <-- 0.004902 s
currentSize : 25 <-- 0.005376 s
currentSize : 26 <-- 0.005444 s
currentSize : 27 <-- 0.018875 s
currentSize : 28 <-- 0.068803 s
currentSize : 29 <-- 3.444925 s
currentSize : 30 <-- 3.761120 s
currentSize : 31 <-- 8.795445 s
currentSize : 32 <-- 50.797688 s

TIMEOUT
maxsize : 32
nodes : 186490900.000000
filtered : 1977440156.000000
time : 1000.000061
