Parameters: GAD=1 vflib=1 dir=0 label=1 lowerbound=1 fileNameGp=../../cp2016-max-common-connected-subgraph-paper/datasets/graphsdb/mcs30/rand/r02/mcs30_r02_s90.A06 fileNameGt=../../cp2016-max-common-connected-subgraph-paper/datasets/graphsdb/mcs30/rand/r02/mcs30_r02_s90.B06
Reading graphs...
90 :  1426
90 :  1410
Initializing...
maxdom : 8
D->valSize : 500
Solving...
Blb : 2 (clique : 8)
currentSize : 8 <-- 0.007560 s
currentSize : 9 <-- 0.007784 s
currentSize : 10 <-- 0.008206 s
currentSize : 12 <-- 0.009038 s
currentSize : 13 <-- 0.014878 s
currentSize : 16 <-- 0.035385 s
currentSize : 17 <-- 0.123596 s
currentSize : 19 <-- 0.171961 s
currentSize : 22 <-- 0.324905 s
currentSize : 23 <-- 0.397797 s

maxsize : 23
nodes : 113734.000000
filtered : 2942970.000000
time : 0.836736
