Parameters: GAD=1 vflib=1 dir=0 label=1 lowerbound=1 fileNameGp=../../cp2016-max-common-connected-subgraph-paper/datasets/graphsdb/mcs30/bvg/b09/mcs30_b09_s100.A05 fileNameGt=../../cp2016-max-common-connected-subgraph-paper/datasets/graphsdb/mcs30/bvg/b09/mcs30_b09_s100.B05
Reading graphs...
100 :  444
100 :  441
Initializing...
maxdom : 7
D->valSize : 382
Solving...
Blb : 2 (clique : 28)
currentSize : 28 <-- 0.003798 s
currentSize : 29 <-- 0.004630 s
currentSize : 30 <-- 0.005415 s
currentSize : 31 <-- 0.005616 s
currentSize : 32 <-- 0.177490 s
currentSize : 33 <-- 3.815502 s
currentSize : 34 <-- 622.671204 s

TIMEOUT
maxsize : 34
nodes : 212279470.000000
filtered : 734822326.000000
time : 1000.000061
