Parameters: GAD=1 vflib=1 dir=0 label=1 lowerbound=1 fileNameGp=../../cp2016-max-common-connected-subgraph-paper/datasets/graphsdb/mcs30/rand/r01/mcs30_r01_s70.A02 fileNameGt=../../cp2016-max-common-connected-subgraph-paper/datasets/graphsdb/mcs30/rand/r01/mcs30_r01_s70.B02
Reading graphs...
70 :  459
70 :  463
Initializing...
maxdom : 6
D->valSize : 334
Solving...
Blb : 2 (clique : 12)
currentSize : 12 <-- 0.002553 s
currentSize : 13 <-- 0.003211 s
currentSize : 14 <-- 0.003330 s
currentSize : 15 <-- 0.232572 s
currentSize : 16 <-- 1.627463 s
currentSize : 17 <-- 1.795936 s
currentSize : 19 <-- 3.735056 s
currentSize : 20 <-- 6.761503 s
currentSize : 21 <-- 6.761535 s

maxsize : 21
nodes : 3197051.000000
filtered : 39934551.000000
time : 16.519663
