Parameters: GAD=1 vflib=1 dir=0 label=1 lowerbound=1 fileNameGp=../../cp2016-max-common-connected-subgraph-paper/datasets/graphsdb/mcs30/m2D/m2Dr2/mcs30_m2Dr2_s80.A06 fileNameGt=../../cp2016-max-common-connected-subgraph-paper/datasets/graphsdb/mcs30/m2D/m2Dr2/mcs30_m2Dr2_s80.B06
Reading graphs...
80 :  158
80 :  157
Initializing...
maxdom : 12
D->valSize : 391
Solving...
Blb : 2 (clique : 27)
currentSize : 27 <-- 0.003572 s
currentSize : 28 <-- 30.011675 s
currentSize : 29 <-- 47.337040 s
currentSize : 30 <-- 50.422703 s
currentSize : 31 <-- 83.714661 s
currentSize : 32 <-- 85.195969 s
currentSize : 33 <-- 85.616158 s
currentSize : 34 <-- 167.613861 s

TIMEOUT
maxsize : 34
nodes : 194574934.000000
filtered : 1600682315.000000
time : 1000.000061
