Parameters: GAD=1 vflib=1 dir=0 label=1 lowerbound=1 fileNameGp=../../cp2016-max-common-connected-subgraph-paper/datasets/graphsdb/mcs30/bvg/b03m/mcs30_b03m_s90.A02 fileNameGt=../../cp2016-max-common-connected-subgraph-paper/datasets/graphsdb/mcs30/bvg/b03m/mcs30_b03m_s90.B02
Reading graphs...
90 :  135
90 :  135
Initializing...
maxdom : 11
D->valSize : 545
Solving...
Blb : 2 (clique : 32)
currentSize : 32 <-- 0.006400 s
currentSize : 33 <-- 0.006661 s
currentSize : 34 <-- 0.006975 s
currentSize : 35 <-- 0.043004 s
currentSize : 36 <-- 0.256085 s
currentSize : 37 <-- 437.826599 s

TIMEOUT
maxsize : 37
nodes : 281873319.000000
filtered : 1206333514.000000
time : 1000.000061
