Parameters: GAD=1 vflib=1 dir=0 label=1 lowerbound=1 fileNameGp=../../cp2016-max-common-connected-subgraph-paper/datasets/graphsdb/mcs30/m3D/m3Dr4/mcs30_m3Dr4_s80.A06 fileNameGt=../../cp2016-max-common-connected-subgraph-paper/datasets/graphsdb/mcs30/m3D/m3Dr4/mcs30_m3Dr4_s80.B06
Reading graphs...
80 :  212
80 :  211
Initializing...
maxdom : 8
D->valSize : 405
Solving...
Blb : 2 (clique : 23)
currentSize : 23 <-- 0.003723 s
currentSize : 26 <-- 0.003888 s
currentSize : 27 <-- 0.008590 s
currentSize : 28 <-- 0.013945 s
currentSize : 29 <-- 0.119324 s
currentSize : 30 <-- 0.490036 s

TIMEOUT
maxsize : 30
nodes : 217704078.000000
filtered : 1621778335.000000
time : 1000.000000
