Parameters: GAD=1 vflib=1 dir=0 label=1 lowerbound=1 fileNameGp=../../cp2016-max-common-connected-subgraph-paper/datasets/graphsdb/mcs30/bvg/b06/mcs30_b06_s70.A01 fileNameGt=../../cp2016-max-common-connected-subgraph-paper/datasets/graphsdb/mcs30/bvg/b06/mcs30_b06_s70.B01
Reading graphs...
70 :  209
70 :  206
Initializing...
maxdom : 8
D->valSize : 323
Solving...
Blb : 2 (clique : 19)
currentSize : 19 <-- 0.002550 s
currentSize : 20 <-- 0.003474 s
currentSize : 21 <-- 0.025095 s
currentSize : 22 <-- 0.177796 s
currentSize : 23 <-- 6.546312 s
currentSize : 24 <-- 71.154839 s
currentSize : 25 <-- 399.234650 s
currentSize : 26 <-- 409.374451 s
currentSize : 27 <-- 723.444580 s

TIMEOUT
maxsize : 27
nodes : 209383284.000000
filtered : 1849763257.000000
time : 1000.000061
