Parameters: GAD=1 vflib=1 dir=0 label=1 lowerbound=1 fileNameGp=../../cp2016-max-common-connected-subgraph-paper/datasets/graphsdb/mcs30/m3D/m3D/mcs30_m3D_s90.A00 fileNameGt=../../cp2016-max-common-connected-subgraph-paper/datasets/graphsdb/mcs30/m3D/m3D/mcs30_m3D_s90.B00
Reading graphs...
90 :  207
90 :  205
Initializing...
maxdom : 12
D->valSize : 519
Solving...
Blb : 2 (clique : 31)
currentSize : 31 <-- 0.009801 s
currentSize : 32 <-- 0.010205 s
currentSize : 33 <-- 0.852134 s
currentSize : 34 <-- 4.283805 s
currentSize : 35 <-- 5.777163 s
currentSize : 36 <-- 7.491401 s
currentSize : 37 <-- 12.084430 s
currentSize : 38 <-- 349.584778 s

TIMEOUT
maxsize : 38
nodes : 210711753.000000
filtered : 1427826366.000000
time : 1000.000061
