Parameters: GAD=1 vflib=1 dir=0 label=1 lowerbound=1 fileNameGp=../../cp2016-max-common-connected-subgraph-paper/datasets/graphsdb/mcs30/rand/r01/mcs30_r01_s100.A08 fileNameGt=../../cp2016-max-common-connected-subgraph-paper/datasets/graphsdb/mcs30/rand/r01/mcs30_r01_s100.B08
Reading graphs...
100 :  934
100 :  931
Initializing...
maxdom : 6
D->valSize : 320
Solving...
Blb : 2 (clique : 14)
currentSize : 14 <-- 0.003053 s
currentSize : 17 <-- 0.004453 s
currentSize : 18 <-- 0.004502 s
currentSize : 20 <-- 0.004990 s
currentSize : 21 <-- 0.005995 s
currentSize : 22 <-- 0.018284 s
currentSize : 23 <-- 0.026479 s
currentSize : 25 <-- 0.027527 s
currentSize : 26 <-- 1.121726 s
currentSize : 27 <-- 4.030114 s
currentSize : 30 <-- 4.034086 s

maxsize : 30
nodes : 1239809.000000
filtered : 14385576.000000
time : 8.614938
