Parameters: GAD=1 vflib=1 dir=0 label=1 lowerbound=1 fileNameGp=../../cp2016-max-common-connected-subgraph-paper/datasets/graphsdb/mcs30/rand/r01/mcs30_r01_s70.A00 fileNameGt=../../cp2016-max-common-connected-subgraph-paper/datasets/graphsdb/mcs30/rand/r01/mcs30_r01_s70.B00
Reading graphs...
70 :  457
70 :  459
Initializing...
maxdom : 12
D->valSize : 351
Solving...
Blb : 2 (clique : 13)
currentSize : 13 <-- 0.004308 s
currentSize : 14 <-- 0.006257 s
currentSize : 15 <-- 0.006292 s
currentSize : 16 <-- 0.021171 s
currentSize : 17 <-- 0.469278 s
currentSize : 18 <-- 0.910179 s
currentSize : 19 <-- 2.662408 s
currentSize : 20 <-- 2.662637 s
currentSize : 21 <-- 3.537044 s

maxsize : 21
nodes : 1296120.000000
filtered : 19341794.000000
time : 7.000864
