Parameters: GAD=1 vflib=1 dir=0 label=1 lowerbound=1 fileNameGp=../../cp2016-max-common-connected-subgraph-paper/datasets/graphsdb/mcs30/rand/r01/mcs30_r01_s90.A06 fileNameGt=../../cp2016-max-common-connected-subgraph-paper/datasets/graphsdb/mcs30/rand/r01/mcs30_r01_s90.B06
Reading graphs...
90 :  766
90 :  764
Initializing...
maxdom : 11
D->valSize : 562
Solving...
Blb : 5 (clique : 12)
currentSize : 12 <-- 0.006023 s
currentSize : 13 <-- 0.009973 s
currentSize : 14 <-- 0.033714 s
currentSize : 15 <-- 0.092891 s
currentSize : 16 <-- 4.354577 s
currentSize : 17 <-- 4.403783 s
currentSize : 18 <-- 17.016424 s
currentSize : 19 <-- 18.664633 s
currentSize : 20 <-- 134.790375 s
currentSize : 22 <-- 134.791397 s
currentSize : 23 <-- 134.799561 s
currentSize : 26 <-- 134.802063 s

maxsize : 26
nodes : 33015020.000000
filtered : 579579726.000000
time : 207.509094
