Parameters: GAD=1 vflib=1 dir=0 label=1 lowerbound=1 fileNameGp=../../cp2016-max-common-connected-subgraph-paper/datasets/graphsdb/mcs30/bvg/b03m/mcs30_b03m_s50.A06 fileNameGt=../../cp2016-max-common-connected-subgraph-paper/datasets/graphsdb/mcs30/bvg/b03m/mcs30_b03m_s50.B06
Reading graphs...
50 :  75
50 :  75
Initializing...
maxdom : 8
D->valSize : 314
Solving...
Blb : 3 (clique : 18)
currentSize : 18 <-- 0.002256 s
currentSize : 19 <-- 0.002374 s
currentSize : 20 <-- 0.293136 s
currentSize : 21 <-- 0.400487 s
currentSize : 22 <-- 0.454774 s
currentSize : 23 <-- 5.033206 s
currentSize : 24 <-- 589.672119 s
currentSize : 25 <-- 589.676819 s
currentSize : 26 <-- 589.729858 s

maxsize : 26
nodes : 219194380.000000
filtered : 1472679822.000000
time : 645.105103
