Parameters: GAD=1 vflib=1 dir=0 label=1 lowerbound=1 fileNameGp=../../cp2016-max-common-connected-subgraph-paper/datasets/graphsdb/mcs30/m4D/m4Dr6/mcs30_m4Dr6_s50.A01 fileNameGt=../../cp2016-max-common-connected-subgraph-paper/datasets/graphsdb/mcs30/m4D/m4Dr6/mcs30_m4Dr6_s50.B01
Reading graphs...
50 :  113
50 :  110
Initializing...
maxdom : 10
D->valSize : 349
Solving...
Blb : 2 (clique : 15)
currentSize : 15 <-- 0.002484 s
currentSize : 16 <-- 0.002722 s
currentSize : 17 <-- 0.014411 s
currentSize : 18 <-- 0.028234 s
currentSize : 19 <-- 0.567237 s
currentSize : 20 <-- 3.145528 s
currentSize : 21 <-- 111.915611 s

TIMEOUT
maxsize : 21
nodes : 301728346.000000
filtered : 2621645011.000000
time : 1000.000000
