Parameters: GAD=1 vflib=1 dir=0 label=1 lowerbound=1 fileNameGp=../../cp2016-max-common-connected-subgraph-paper/datasets/graphsdb/mcs30/bvg/b06m/mcs30_b06m_s60.A08 fileNameGt=../../cp2016-max-common-connected-subgraph-paper/datasets/graphsdb/mcs30/bvg/b06m/mcs30_b06m_s60.B08
Reading graphs...
60 :  176
60 :  172
Initializing...
maxdom : 7
D->valSize : 230
Solving...
Blb : 2 (clique : 18)
currentSize : 18 <-- 0.001556 s
currentSize : 19 <-- 0.008654 s
currentSize : 20 <-- 0.139113 s
currentSize : 21 <-- 1.819295 s
currentSize : 22 <-- 118.951393 s

maxsize : 22
nodes : 39345603.000000
filtered : 317605221.000000
time : 161.432907
