Parameters: GAD=1 vflib=1 dir=0 label=1 lowerbound=1 fileNameGp=../../cp2016-max-common-connected-subgraph-paper/datasets/graphsdb/mcs30/m3D/m3Dr2/mcs30_m3Dr2_s70.A08 fileNameGt=../../cp2016-max-common-connected-subgraph-paper/datasets/graphsdb/mcs30/m3D/m3Dr2/mcs30_m3Dr2_s70.B08
Reading graphs...
70 :  173
70 :  171
Initializing...
maxdom : 8
D->valSize : 350
Solving...
Blb : 2 (clique : 23)
currentSize : 23 <-- 0.003046 s
currentSize : 24 <-- 0.007930 s
currentSize : 25 <-- 0.528865 s
currentSize : 26 <-- 1.530671 s
currentSize : 27 <-- 24.850288 s
currentSize : 28 <-- 29.579548 s
currentSize : 29 <-- 56.810261 s
currentSize : 30 <-- 102.667976 s

TIMEOUT
maxsize : 30
nodes : 192405137.000000
filtered : 2117270257.000000
time : 1000.000000
