Parameters: GAD=1 vflib=1 dir=0 label=1 lowerbound=1 fileNameGp=../../cp2016-max-common-connected-subgraph-paper/datasets/graphsdb/mcs30/m4D/m4Dr2/mcs30_m4Dr2_s70.A05 fileNameGt=../../cp2016-max-common-connected-subgraph-paper/datasets/graphsdb/mcs30/m4D/m4Dr2/mcs30_m4Dr2_s70.B05
Reading graphs...
70 :  129
70 :  130
Initializing...
maxdom : 10
D->valSize : 297
Solving...
Blb : 2 (clique : 26)
currentSize : 26 <-- 0.002457 s
currentSize : 27 <-- 0.546031 s
currentSize : 28 <-- 0.565846 s
currentSize : 29 <-- 0.727088 s
currentSize : 30 <-- 3.623226 s
currentSize : 31 <-- 28.281464 s
currentSize : 32 <-- 461.623352 s

TIMEOUT
maxsize : 32
nodes : 242489599.000000
filtered : 1486062833.000000
time : 1000.000061
