Parameters: GAD=1 vflib=1 dir=0 label=1 lowerbound=1 fileNameGp=../../cp2016-max-common-connected-subgraph-paper/datasets/graphsdb/mcs30/m2D/m2Dr2/mcs30_m2Dr2_s50.A07 fileNameGt=../../cp2016-max-common-connected-subgraph-paper/datasets/graphsdb/mcs30/m2D/m2Dr2/mcs30_m2Dr2_s50.B07
Reading graphs...
50 :  94
50 :  93
Initializing...
maxdom : 9
D->valSize : 306
Solving...
Blb : 2 (clique : 18)
currentSize : 18 <-- 0.002045 s
currentSize : 19 <-- 0.002623 s
currentSize : 20 <-- 0.008673 s
currentSize : 21 <-- 0.075728 s
currentSize : 22 <-- 4.194816 s
currentSize : 23 <-- 5.092572 s
currentSize : 24 <-- 895.659302 s

TIMEOUT
maxsize : 24
nodes : 286790769.000000
filtered : 2500949444.000000
time : 1000.000000
