Parameters: GAD=1 vflib=1 dir=0 label=1 lowerbound=1 fileNameGp=../../cp2016-max-common-connected-subgraph-paper/datasets/graphsdb/mcs30/bvg/b06/mcs30_b06_s70.A06 fileNameGt=../../cp2016-max-common-connected-subgraph-paper/datasets/graphsdb/mcs30/bvg/b06/mcs30_b06_s70.B06
Reading graphs...
70 :  207
70 :  210
Initializing...
maxdom : 10
D->valSize : 351
Solving...
Blb : 2 (clique : 21)
currentSize : 21 <-- 0.004760 s
currentSize : 22 <-- 0.014912 s
currentSize : 23 <-- 0.210078 s
currentSize : 24 <-- 0.216268 s
currentSize : 25 <-- 67.022850 s
currentSize : 26 <-- 794.417664 s
currentSize : 27 <-- 853.007202 s

TIMEOUT
maxsize : 27
nodes : 225229870.000000
filtered : 1814685057.000000
time : 1000.000000
