Parameters: GAD=1 vflib=1 dir=0 label=1 lowerbound=1 fileNameGp=../../cp2016-max-common-connected-subgraph-paper/datasets/graphsdb/mcs30/m2D/m2Dr6/mcs30_m2Dr6_s60.A06 fileNameGt=../../cp2016-max-common-connected-subgraph-paper/datasets/graphsdb/mcs30/m2D/m2Dr6/mcs30_m2Dr6_s60.B06
Reading graphs...
60 :  136
60 :  140
Initializing...
maxdom : 8
D->valSize : 217
Solving...
Blb : 2 (clique : 16)
currentSize : 16 <-- 0.001463 s
currentSize : 17 <-- 0.002975 s
currentSize : 18 <-- 0.023014 s
currentSize : 19 <-- 0.044630 s
currentSize : 20 <-- 0.059203 s
currentSize : 21 <-- 2.240822 s
currentSize : 22 <-- 6.638491 s

maxsize : 22
nodes : 24654687.000000
filtered : 159591577.000000
time : 91.528481
