Parameters: GAD=1 vflib=1 dir=0 label=1 lowerbound=1 fileNameGp=../../cp2016-max-common-connected-subgraph-paper/datasets/graphsdb/mcs30/m3D/m3Dr2/mcs30_m3Dr2_s70.A06 fileNameGt=../../cp2016-max-common-connected-subgraph-paper/datasets/graphsdb/mcs30/m3D/m3Dr2/mcs30_m3Dr2_s70.B06
Reading graphs...
70 :  172
70 :  171
Initializing...
maxdom : 8
D->valSize : 335
Solving...
Blb : 2 (clique : 20)
currentSize : 20 <-- 0.004286 s
currentSize : 21 <-- 0.004918 s
currentSize : 22 <-- 0.006268 s
currentSize : 23 <-- 0.049089 s
currentSize : 24 <-- 0.267296 s
currentSize : 25 <-- 2.713234 s
currentSize : 26 <-- 105.162170 s
currentSize : 27 <-- 435.969116 s
currentSize : 28 <-- 436.177368 s
currentSize : 29 <-- 976.144897 s

TIMEOUT
maxsize : 29
nodes : 217625702.000000
filtered : 1812389572.000000
time : 1000.000000
