Parameters: GAD=1 vflib=1 dir=0 label=1 lowerbound=1 fileNameGp=../../cp2016-max-common-connected-subgraph-paper/datasets/graphsdb/mcs30/m3D/m3Dr6/mcs30_m3Dr6_s100.A00 fileNameGt=../../cp2016-max-common-connected-subgraph-paper/datasets/graphsdb/mcs30/m3D/m3Dr6/mcs30_m3Dr6_s100.B00
Reading graphs...
100 :  290
100 :  288
Initializing...
maxdom : 7
D->valSize : 318
Solving...
Blb : 2 (clique : 26)
currentSize : 26 <-- 0.003080 s
currentSize : 27 <-- 0.233001 s
currentSize : 28 <-- 3.409325 s
currentSize : 29 <-- 10.184369 s
currentSize : 30 <-- 13.247197 s
currentSize : 31 <-- 13.638873 s
currentSize : 32 <-- 16.549145 s
currentSize : 33 <-- 23.694082 s
currentSize : 34 <-- 63.921242 s
currentSize : 35 <-- 86.457481 s

TIMEOUT
maxsize : 35
nodes : 180608537.000000
filtered : 1187832394.000000
time : 1000.000061
