Parameters: GAD=1 vflib=1 dir=0 label=1 lowerbound=1 fileNameGp=../../cp2016-max-common-connected-subgraph-paper/datasets/graphsdb/mcs30/bvg/b03/mcs30_b03_s50.A02 fileNameGt=../../cp2016-max-common-connected-subgraph-paper/datasets/graphsdb/mcs30/bvg/b03/mcs30_b03_s50.B02
Reading graphs...
50 :  75
50 :  75
Initializing...
maxdom : 10
D->valSize : 316
Solving...
Blb : 2 (clique : 20)
currentSize : 20 <-- 0.002201 s
currentSize : 21 <-- 0.002305 s
currentSize : 22 <-- 5.083937 s
currentSize : 23 <-- 18.191561 s
currentSize : 24 <-- 621.793457 s
currentSize : 25 <-- 798.128967 s

TIMEOUT
maxsize : 25
nodes : 393121003.000000
filtered : 2214528441.000000
time : 1000.000000
