Parameters: GAD=1 vflib=1 dir=0 label=1 lowerbound=1 fileNameGp=../../cp2016-max-common-connected-subgraph-paper/datasets/graphsdb/mcs30/bvg/b06m/mcs30_b06m_s100.A02 fileNameGt=../../cp2016-max-common-connected-subgraph-paper/datasets/graphsdb/mcs30/bvg/b06m/mcs30_b06m_s100.B02
Reading graphs...
100 :  296
100 :  295
Initializing...
maxdom : 8
D->valSize : 332
Solving...
Blb : 3 (clique : 29)
currentSize : 29 <-- 0.003229 s
currentSize : 30 <-- 0.029807 s
currentSize : 31 <-- 0.031256 s
currentSize : 32 <-- 0.661815 s
currentSize : 33 <-- 0.808390 s
currentSize : 34 <-- 5.828249 s
currentSize : 35 <-- 8.498389 s
currentSize : 36 <-- 11.717569 s
currentSize : 37 <-- 229.130890 s

TIMEOUT
maxsize : 37
nodes : 179024990.000000
filtered : 1176712253.000000
time : 1000.000061
