Parameters: GAD=1 vflib=1 dir=0 label=1 lowerbound=1 fileNameGp=../../cp2016-max-common-connected-subgraph-paper/datasets/graphsdb/mcs30/bvg/b03/mcs30_b03_s80.A01 fileNameGt=../../cp2016-max-common-connected-subgraph-paper/datasets/graphsdb/mcs30/bvg/b03/mcs30_b03_s80.B01
Reading graphs...
80 :  120
80 :  120
Initializing...
maxdom : 8
D->valSize : 423
Solving...
Blb : 2 (clique : 29)
currentSize : 29 <-- 0.006644 s
currentSize : 30 <-- 0.006956 s
currentSize : 31 <-- 0.008671 s
currentSize : 32 <-- 0.009590 s
currentSize : 33 <-- 2.545566 s
currentSize : 34 <-- 3.290098 s
currentSize : 35 <-- 319.306396 s
currentSize : 36 <-- 329.138062 s
currentSize : 37 <-- 954.460388 s

TIMEOUT
maxsize : 37
nodes : 262141691.000000
filtered : 1300582827.000000
time : 1000.000061
