Parameters: GAD=1 vflib=1 dir=0 label=1 lowerbound=1 fileNameGp=../../cp2016-max-common-connected-subgraph-paper/datasets/graphsdb/mcs30/bvg/b06/mcs30_b06_s60.A09 fileNameGt=../../cp2016-max-common-connected-subgraph-paper/datasets/graphsdb/mcs30/bvg/b06/mcs30_b06_s60.B09
Reading graphs...
60 :  176
60 :  177
Initializing...
maxdom : 7
D->valSize : 247
Solving...
Blb : 5 (clique : 16)
currentSize : 16 <-- 0.001707 s
currentSize : 17 <-- 0.009830 s
currentSize : 18 <-- 0.051856 s
currentSize : 19 <-- 0.059328 s
currentSize : 20 <-- 0.073714 s
currentSize : 21 <-- 0.155386 s
currentSize : 22 <-- 10.956099 s
currentSize : 23 <-- 10.956331 s
currentSize : 24 <-- 10.962148 s
currentSize : 25 <-- 23.362165 s
currentSize : 26 <-- 29.903090 s

maxsize : 26
nodes : 8891130.000000
filtered : 77015583.000000
time : 37.811047
