Parameters: GAD=1 vflib=1 dir=0 label=1 lowerbound=1 fileNameGp=../../cp2016-max-common-connected-subgraph-paper/datasets/graphsdb/mcs30/m4D/m4Dr4/mcs30_m4Dr4_s50.A03 fileNameGt=../../cp2016-max-common-connected-subgraph-paper/datasets/graphsdb/mcs30/m4D/m4Dr4/mcs30_m4Dr4_s50.B03
Reading graphs...
50 :  105
50 :  104
Initializing...
maxdom : 9
D->valSize : 313
Solving...
Blb : 2 (clique : 18)
currentSize : 18 <-- 0.002133 s
currentSize : 19 <-- 0.002697 s
currentSize : 20 <-- 0.003640 s
currentSize : 21 <-- 0.012255 s
currentSize : 22 <-- 2.443658 s
currentSize : 23 <-- 191.011383 s

maxsize : 23
nodes : 54541479.000000
filtered : 600954050.000000
time : 214.157791
