Parameters: GAD=1 vflib=1 dir=0 label=1 lowerbound=1 fileNameGp=../../cp2016-max-common-connected-subgraph-paper/datasets/graphsdb/mcs30/m2D/m2Dr6/mcs30_m2Dr6_s60.A09 fileNameGt=../../cp2016-max-common-connected-subgraph-paper/datasets/graphsdb/mcs30/m2D/m2Dr6/mcs30_m2Dr6_s60.B09
Reading graphs...
60 :  136
60 :  137
Initializing...
maxdom : 7
D->valSize : 224
Solving...
Blb : 5 (clique : 18)
currentSize : 18 <-- 0.001615 s
currentSize : 19 <-- 0.001931 s
currentSize : 20 <-- 0.009539 s
currentSize : 21 <-- 1.141008 s
currentSize : 22 <-- 1.159103 s
currentSize : 23 <-- 1.408040 s

maxsize : 23
nodes : 183509557.000000
filtered : 1121098965.000000
time : 643.670593
