Parameters: GAD=1 vflib=1 dir=0 label=1 lowerbound=1 fileNameGp=../../cp2016-max-common-connected-subgraph-paper/datasets/graphsdb/mcs30/m3D/m3Dr2/mcs30_m3Dr2_s70.A02 fileNameGt=../../cp2016-max-common-connected-subgraph-paper/datasets/graphsdb/mcs30/m3D/m3Dr2/mcs30_m3Dr2_s70.B02
Reading graphs...
70 :  172
70 :  171
Initializing...
maxdom : 9
D->valSize : 348
Solving...
Blb : 2 (clique : 25)
currentSize : 25 <-- 0.004598 s
currentSize : 26 <-- 0.004841 s
currentSize : 27 <-- 0.018899 s
currentSize : 28 <-- 0.067297 s
currentSize : 29 <-- 0.083112 s
currentSize : 30 <-- 9.679876 s
currentSize : 31 <-- 288.031250 s

maxsize : 31
nodes : 213864761.000000
filtered : 1712709939.000000
time : 984.224304
