Parameters: GAD=1 vflib=1 dir=0 label=1 lowerbound=1 fileNameGp=../../cp2016-max-common-connected-subgraph-paper/datasets/graphsdb/mcs30/rand/r01/mcs30_r01_s70.A03 fileNameGt=../../cp2016-max-common-connected-subgraph-paper/datasets/graphsdb/mcs30/rand/r01/mcs30_r01_s70.B03
Reading graphs...
70 :  461
70 :  462
Initializing...
maxdom : 8
D->valSize : 348
Solving...
Blb : 2 (clique : 12)
currentSize : 12 <-- 0.002655 s
currentSize : 13 <-- 0.002762 s
currentSize : 14 <-- 0.003372 s
currentSize : 15 <-- 0.008979 s
currentSize : 17 <-- 5.073402 s
currentSize : 19 <-- 11.213818 s
currentSize : 20 <-- 15.718705 s

maxsize : 20
nodes : 4656767.000000
filtered : 57326082.000000
time : 22.995747
