Parameters: GAD=1 vflib=1 dir=0 label=1 lowerbound=1 fileNameGp=../../cp2016-max-common-connected-subgraph-paper/datasets/graphsdb/mcs30/rand/r01/mcs30_r01_s90.A03 fileNameGt=../../cp2016-max-common-connected-subgraph-paper/datasets/graphsdb/mcs30/rand/r01/mcs30_r01_s90.B03
Reading graphs...
90 :  758
90 :  760
Initializing...
maxdom : 9
D->valSize : 528
Solving...
Blb : 2 (clique : 16)
currentSize : 16 <-- 0.005618 s
currentSize : 18 <-- 0.005901 s
currentSize : 21 <-- 0.087950 s
currentSize : 22 <-- 0.088021 s
currentSize : 23 <-- 0.089101 s
currentSize : 24 <-- 0.089337 s

maxsize : 24
nodes : 18143947.000000
filtered : 435345233.000000
time : 129.879807
