Parameters: GAD=1 vflib=1 dir=0 label=1 lowerbound=1 fileNameGp=../../cp2016-max-common-connected-subgraph-paper/datasets/graphsdb/mcs30/m2D/m2Dr6/mcs30_m2Dr6_s100.A09 fileNameGt=../../cp2016-max-common-connected-subgraph-paper/datasets/graphsdb/mcs30/m2D/m2Dr6/mcs30_m2Dr6_s100.B09
Reading graphs...
100 :  232
100 :  233
Initializing...
maxdom : 8
D->valSize : 332
Solving...
Blb : 2 (clique : 30)
currentSize : 30 <-- 0.003363 s
currentSize : 31 <-- 0.052824 s
currentSize : 32 <-- 0.197691 s
currentSize : 33 <-- 0.353209 s
currentSize : 34 <-- 15.652102 s
currentSize : 35 <-- 15.660839 s
currentSize : 36 <-- 58.575298 s

TIMEOUT
maxsize : 36
nodes : 208076442.000000
filtered : 942860942.000000
time : 1000.000061
