Parameters: GAD=1 vflib=1 dir=0 label=1 lowerbound=1 fileNameGp=../../cp2016-max-common-connected-subgraph-paper/datasets/graphsdb/mcs30/m4D/m4Dr6/mcs30_m4Dr6_s90.A06 fileNameGt=../../cp2016-max-common-connected-subgraph-paper/datasets/graphsdb/mcs30/m4D/m4Dr6/mcs30_m4Dr6_s90.B06
Reading graphs...
90 :  195
90 :  195
Initializing...
maxdom : 15
D->valSize : 509
Solving...
Blb : 2 (clique : 31)
currentSize : 31 <-- 0.005641 s
currentSize : 32 <-- 0.006599 s
currentSize : 33 <-- 0.006819 s
currentSize : 34 <-- 0.049013 s
currentSize : 35 <-- 0.052396 s
currentSize : 36 <-- 0.987556 s
currentSize : 37 <-- 0.991522 s

TIMEOUT
maxsize : 37
nodes : 214848956.000000
filtered : 1469056422.000000
time : 1000.000061
