Parameters: GAD=1 vflib=1 dir=0 label=1 lowerbound=1 fileNameGp=../../cp2016-max-common-connected-subgraph-paper/datasets/graphsdb/mcs30/m2D/m2Dr4/mcs30_m2Dr4_s80.A04 fileNameGt=../../cp2016-max-common-connected-subgraph-paper/datasets/graphsdb/mcs30/m2D/m2Dr4/mcs30_m2Dr4_s80.B04
Reading graphs...
80 :  172
80 :  172
Initializing...
maxdom : 9
D->valSize : 400
Solving...
Blb : 2 (clique : 27)
currentSize : 27 <-- 0.003731 s
currentSize : 28 <-- 0.004236 s
currentSize : 29 <-- 0.004339 s
currentSize : 30 <-- 0.024628 s
currentSize : 31 <-- 0.030405 s
currentSize : 32 <-- 117.283829 s

TIMEOUT
maxsize : 32
nodes : 214443636.000000
filtered : 1436084437.000000
time : 1000.000000
