Parameters: GAD=1 vflib=1 dir=0 label=1 lowerbound=1 fileNameGp=../../cp2016-max-common-connected-subgraph-paper/datasets/graphsdb/mcs30/m4D/m4D/mcs30_m4D_s80.A05 fileNameGt=../../cp2016-max-common-connected-subgraph-paper/datasets/graphsdb/mcs30/m4D/m4D/mcs30_m4D_s80.B05
Reading graphs...
80 :  129
80 :  130
Initializing...
maxdom : 10
D->valSize : 439
Solving...
Blb : 2 (clique : 31)
currentSize : 31 <-- 0.004460 s
currentSize : 32 <-- 0.016787 s
currentSize : 33 <-- 0.064437 s
currentSize : 34 <-- 0.119911 s
currentSize : 35 <-- 0.882115 s
currentSize : 36 <-- 3.457937 s
currentSize : 37 <-- 251.473129 s

TIMEOUT
maxsize : 37
nodes : 272345176.000000
filtered : 1667135234.000000
time : 1000.000061
