Parameters: GAD=1 vflib=1 dir=0 label=1 lowerbound=1 fileNameGp=../../cp2016-max-common-connected-subgraph-paper/datasets/graphsdb/mcs30/bvg/b09/mcs30_b09_s80.A02 fileNameGt=../../cp2016-max-common-connected-subgraph-paper/datasets/graphsdb/mcs30/bvg/b09/mcs30_b09_s80.B02
Reading graphs...
80 :  355
80 :  355
Initializing...
maxdom : 12
D->valSize : 442
Solving...
Blb : 2 (clique : 25)
currentSize : 25 <-- 0.004122 s
currentSize : 26 <-- 0.041738 s
currentSize : 27 <-- 0.056818 s
currentSize : 28 <-- 0.094768 s
currentSize : 29 <-- 1.421932 s

maxsize : 29
nodes : 120394979.000000
filtered : 1342916260.000000
time : 685.393921
