Parameters: GAD=1 vflib=1 dir=0 label=1 lowerbound=1 fileNameGp=../../cp2016-max-common-connected-subgraph-paper/datasets/graphsdb/mcs30/bvg/b09/mcs30_b09_s90.A07 fileNameGt=../../cp2016-max-common-connected-subgraph-paper/datasets/graphsdb/mcs30/bvg/b09/mcs30_b09_s90.B07
Reading graphs...
90 :  398
90 :  400
Initializing...
maxdom : 11
D->valSize : 533
Solving...
Blb : 2 (clique : 19)
currentSize : 19 <-- 0.005881 s
currentSize : 20 <-- 0.006063 s
currentSize : 21 <-- 0.006575 s
currentSize : 22 <-- 0.020175 s
currentSize : 23 <-- 0.075709 s
currentSize : 24 <-- 0.476354 s

TIMEOUT
maxsize : 24
nodes : 205997410.000000
filtered : 1615395212.000000
time : 1000.000000
