Parameters: GAD=1 vflib=1 dir=0 label=1 lowerbound=1 fileNameGp=../../cp2016-max-common-connected-subgraph-paper/datasets/graphsdb/mcs30/m2D/m2Dr4/mcs30_m2Dr4_s50.A09 fileNameGt=../../cp2016-max-common-connected-subgraph-paper/datasets/graphsdb/mcs30/m2D/m2Dr4/mcs30_m2Dr4_s50.B09
Reading graphs...
50 :  105
50 :  100
Initializing...
maxdom : 10
D->valSize : 354
Solving...
Blb : 5 (clique : 16)
currentSize : 16 <-- 0.002605 s
currentSize : 17 <-- 0.002936 s
currentSize : 18 <-- 0.014030 s
currentSize : 19 <-- 0.026469 s
currentSize : 20 <-- 0.194182 s
currentSize : 21 <-- 173.973312 s

TIMEOUT
maxsize : 21
nodes : 233193834.000000
filtered : 3490378696.000000
time : 1000.000000
