Parameters: GAD=1 vflib=1 dir=0 label=1 lowerbound=1 fileNameGp=../../cp2016-max-common-connected-subgraph-paper/datasets/graphsdb/mcs30/bvg/b03/mcs30_b03_s40.A04 fileNameGt=../../cp2016-max-common-connected-subgraph-paper/datasets/graphsdb/mcs30/bvg/b03/mcs30_b03_s40.B04
Reading graphs...
40 :  59
40 :  59
Initializing...
maxdom : 9
D->valSize : 201
Solving...
Blb : 3 (clique : 13)
currentSize : 13 <-- 0.001723 s
currentSize : 14 <-- 0.062511 s
currentSize : 15 <-- 0.204984 s
currentSize : 16 <-- 1.034327 s
currentSize : 17 <-- 2.587745 s
currentSize : 18 <-- 3.342306 s
currentSize : 19 <-- 5.599375 s

maxsize : 19
nodes : 5445235.000000
filtered : 32286237.000000
time : 13.896156
