Parameters: GAD=1 vflib=1 dir=0 label=1 lowerbound=1 fileNameGp=../../cp2016-max-common-connected-subgraph-paper/datasets/graphsdb/mcs30/m4D/m4Dr4/mcs30_m4Dr4_s90.A09 fileNameGt=../../cp2016-max-common-connected-subgraph-paper/datasets/graphsdb/mcs30/m4D/m4Dr4/mcs30_m4Dr4_s90.B09
Reading graphs...
90 :  179
90 :  177
Initializing...
maxdom : 8
D->valSize : 544
Solving...
Blb : 2 (clique : 32)
currentSize : 32 <-- 0.006303 s
currentSize : 33 <-- 1.436073 s
currentSize : 34 <-- 132.197098 s
currentSize : 35 <-- 134.071350 s
currentSize : 36 <-- 136.204102 s
currentSize : 37 <-- 172.766479 s

TIMEOUT
maxsize : 37
nodes : 208390605.000000
filtered : 1462877940.000000
time : 1000.000061
