Parameters: GAD=1 vflib=1 dir=0 label=1 lowerbound=1 fileNameGp=../../cp2016-max-common-connected-subgraph-paper/datasets/graphsdb/mcs30/m2D/m2Dr6/mcs30_m2Dr6_s60.A04 fileNameGt=../../cp2016-max-common-connected-subgraph-paper/datasets/graphsdb/mcs30/m2D/m2Dr6/mcs30_m2Dr6_s60.B04
Reading graphs...
60 :  137
60 :  137
Initializing...
maxdom : 6
D->valSize : 241
Solving...
Blb : 2 (clique : 16)
currentSize : 16 <-- 0.001607 s
currentSize : 17 <-- 0.001722 s
currentSize : 18 <-- 1.527367 s
currentSize : 19 <-- 2.144385 s
currentSize : 20 <-- 2.147184 s
currentSize : 21 <-- 5.554352 s
currentSize : 22 <-- 15.143802 s
currentSize : 23 <-- 18.358768 s
currentSize : 24 <-- 91.490570 s

maxsize : 24
nodes : 26440108.000000
filtered : 191731219.000000
time : 110.538185
