Parameters: GAD=1 vflib=1 dir=0 label=1 lowerbound=1 fileNameGp=../../cp2016-max-common-connected-subgraph-paper/datasets/graphsdb/mcs30/rand/r01/mcs30_r01_s100.A05 fileNameGt=../../cp2016-max-common-connected-subgraph-paper/datasets/graphsdb/mcs30/rand/r01/mcs30_r01_s100.B05
Reading graphs...
100 :  938
100 :  941
Initializing...
maxdom : 6
D->valSize : 328
Solving...
Blb : 5 (clique : 12)
currentSize : 12 <-- 0.003034 s
currentSize : 13 <-- 0.003767 s
currentSize : 14 <-- 0.005208 s
currentSize : 15 <-- 0.007015 s
currentSize : 16 <-- 0.061096 s
currentSize : 17 <-- 0.765498 s
currentSize : 18 <-- 2.769049 s
currentSize : 19 <-- 3.066136 s
currentSize : 20 <-- 3.407173 s
currentSize : 21 <-- 11.926627 s
currentSize : 22 <-- 15.192437 s
currentSize : 27 <-- 15.192680 s
currentSize : 29 <-- 15.246359 s

maxsize : 29
nodes : 3908349.000000
filtered : 32993668.000000
time : 23.322462
