Parameters: GAD=1 vflib=1 dir=0 label=1 lowerbound=1 fileNameGp=../../cp2016-max-common-connected-subgraph-paper/datasets/graphsdb/mcs30/rand/r005/mcs30_r005_s70.A01 fileNameGt=../../cp2016-max-common-connected-subgraph-paper/datasets/graphsdb/mcs30/rand/r005/mcs30_r005_s70.B01
Reading graphs...
70 :  235
70 :  234
Initializing...
maxdom : 10
D->valSize : 302
Solving...
Blb : 2 (clique : 16)
currentSize : 16 <-- 0.003590 s
currentSize : 17 <-- 0.004488 s
currentSize : 18 <-- 0.020265 s
currentSize : 19 <-- 1.710199 s
currentSize : 20 <-- 3.001555 s
currentSize : 21 <-- 3.822354 s
currentSize : 22 <-- 40.706791 s
currentSize : 23 <-- 347.794983 s
currentSize : 24 <-- 349.323761 s

maxsize : 24
nodes : 202163246.000000
filtered : 1750296808.000000
time : 920.271545
