Parameters: GAD=1 vflib=1 dir=0 label=1 lowerbound=1 fileNameGp=../../cp2016-max-common-connected-subgraph-paper/datasets/graphsdb/mcs30/m2D/m2Dr6/mcs30_m2Dr6_s50.A09 fileNameGt=../../cp2016-max-common-connected-subgraph-paper/datasets/graphsdb/mcs30/m2D/m2Dr6/mcs30_m2Dr6_s50.B09
Reading graphs...
50 :  111
50 :  109
Initializing...
maxdom : 9
D->valSize : 326
Solving...
Blb : 2 (clique : 15)
currentSize : 15 <-- 0.002275 s
currentSize : 16 <-- 0.002691 s
currentSize : 17 <-- 0.018650 s
currentSize : 18 <-- 0.082437 s
currentSize : 19 <-- 0.149275 s
currentSize : 20 <-- 0.193168 s
currentSize : 21 <-- 26.653551 s
currentSize : 22 <-- 74.299332 s

maxsize : 22
nodes : 128921268.000000
filtered : 1690717345.000000
time : 541.857727
