Parameters: GAD=1 vflib=1 dir=0 label=1 lowerbound=1 fileNameGp=../../cp2016-max-common-connected-subgraph-paper/datasets/graphsdb/mcs30/bvg/b09m/mcs30_b09m_s60.A08 fileNameGt=../../cp2016-max-common-connected-subgraph-paper/datasets/graphsdb/mcs30/bvg/b09m/mcs30_b09m_s60.B08
Reading graphs...
60 :  259
60 :  260
Initializing...
maxdom : 7
D->valSize : 236
Solving...
Blb : 3 (clique : 15)
currentSize : 15 <-- 0.001598 s
currentSize : 16 <-- 0.158386 s
currentSize : 17 <-- 0.831813 s
currentSize : 18 <-- 0.831880 s
currentSize : 19 <-- 0.833632 s
currentSize : 20 <-- 0.982839 s
currentSize : 21 <-- 2.248612 s
currentSize : 22 <-- 2.251375 s

maxsize : 22
nodes : 977216.000000
filtered : 6842359.000000
time : 3.877809
