Parameters: GAD=1 vflib=1 dir=0 label=1 lowerbound=1 fileNameGp=../../cp2016-max-common-connected-subgraph-paper/datasets/graphsdb/mcs30/bvg/b09m/mcs30_b09m_s90.A03 fileNameGt=../../cp2016-max-common-connected-subgraph-paper/datasets/graphsdb/mcs30/bvg/b09m/mcs30_b09m_s90.B03
Reading graphs...
90 :  397
90 :  394
Initializing...
maxdom : 11
D->valSize : 552
Solving...
Blb : 2 (clique : 20)
currentSize : 20 <-- 0.006198 s
currentSize : 21 <-- 0.006361 s
currentSize : 22 <-- 0.006471 s
currentSize : 23 <-- 0.013702 s
currentSize : 24 <-- 2.701985 s
currentSize : 25 <-- 2.796966 s
currentSize : 26 <-- 134.112183 s
currentSize : 27 <-- 498.655029 s

TIMEOUT
maxsize : 27
nodes : 184169459.000000
filtered : 1759713361.000000
time : 1000.000061
