Parameters: GAD=1 vflib=1 dir=0 label=1 lowerbound=1 fileNameGp=../../cp2016-max-common-connected-subgraph-paper/datasets/graphsdb/mcs30/m4D/m4Dr2/mcs30_m4Dr2_s70.A06 fileNameGt=../../cp2016-max-common-connected-subgraph-paper/datasets/graphsdb/mcs30/m4D/m4Dr2/mcs30_m4Dr2_s70.B06
Reading graphs...
70 :  132
70 :  129
Initializing...
maxdom : 7
D->valSize : 313
Solving...
Blb : 2 (clique : 24)
currentSize : 24 <-- 0.002452 s
currentSize : 25 <-- 0.005752 s
currentSize : 26 <-- 0.129067 s
currentSize : 27 <-- 1.360853 s
currentSize : 28 <-- 33.453503 s
currentSize : 29 <-- 120.129265 s
currentSize : 30 <-- 154.063492 s

TIMEOUT
maxsize : 30
nodes : 199281417.000000
filtered : 1980647643.000000
time : 1000.000061
