Parameters: GAD=1 vflib=1 dir=0 label=1 lowerbound=1 fileNameGp=../../cp2016-max-common-connected-subgraph-paper/datasets/graphsdb/mcs30/m2D/m2D/mcs30_m2D_s90.A07 fileNameGt=../../cp2016-max-common-connected-subgraph-paper/datasets/graphsdb/mcs30/m2D/m2D/mcs30_m2D_s90.B07
Reading graphs...
90 :  160
90 :  160
Initializing...
maxdom : 10
D->valSize : 527
Solving...
Blb : 2 (clique : 34)
currentSize : 34 <-- 0.006037 s
currentSize : 35 <-- 0.382688 s
currentSize : 36 <-- 0.826608 s
currentSize : 37 <-- 1.027357 s
currentSize : 38 <-- 1.387748 s
currentSize : 39 <-- 127.990372 s
currentSize : 40 <-- 989.912720 s

TIMEOUT
maxsize : 40
nodes : 241622692.000000
filtered : 889991991.000000
time : 1000.000061
