Parameters: GAD=1 vflib=1 dir=0 label=1 lowerbound=1 fileNameGp=../../cp2016-max-common-connected-subgraph-paper/datasets/graphsdb/mcs30/m2D/m2Dr2/mcs30_m2Dr2_s70.A03 fileNameGt=../../cp2016-max-common-connected-subgraph-paper/datasets/graphsdb/mcs30/m2D/m2Dr2/mcs30_m2Dr2_s70.B03
Reading graphs...
70 :  135
70 :  134
Initializing...
maxdom : 9
D->valSize : 308
Solving...
Blb : 2 (clique : 25)
currentSize : 25 <-- 0.002521 s
currentSize : 26 <-- 0.004983 s
currentSize : 27 <-- 0.039888 s
currentSize : 28 <-- 0.764797 s
currentSize : 29 <-- 22.125904 s
currentSize : 30 <-- 620.964661 s

TIMEOUT
maxsize : 30
nodes : 251896986.000000
filtered : 1380791443.000000
time : 1000.000061
