Parameters: GAD=1 vflib=1 dir=0 label=1 lowerbound=1 fileNameGp=../../cp2016-max-common-connected-subgraph-paper/datasets/graphsdb/mcs30/m3D/m3D/mcs30_m3D_s100.A06 fileNameGt=../../cp2016-max-common-connected-subgraph-paper/datasets/graphsdb/mcs30/m3D/m3D/mcs30_m3D_s100.B06
Reading graphs...
100 :  235
100 :  234
Initializing...
maxdom : 9
D->valSize : 337
Solving...
Blb : 2 (clique : 30)
currentSize : 30 <-- 0.003376 s
currentSize : 31 <-- 0.003611 s
currentSize : 32 <-- 0.006930 s
currentSize : 33 <-- 0.427913 s
currentSize : 34 <-- 1.061262 s
currentSize : 35 <-- 8.115180 s
currentSize : 36 <-- 387.041992 s
currentSize : 37 <-- 430.526001 s
currentSize : 38 <-- 430.903748 s

TIMEOUT
maxsize : 38
nodes : 194907752.000000
filtered : 785672785.000000
time : 1000.000061
