Parameters: GAD=1 vflib=1 dir=0 label=1 lowerbound=1 fileNameGp=../../cp2016-max-common-connected-subgraph-paper/datasets/graphsdb/mcs30/m3D/m3Dr6/mcs30_m3Dr6_s70.A08 fileNameGt=../../cp2016-max-common-connected-subgraph-paper/datasets/graphsdb/mcs30/m3D/m3Dr6/mcs30_m3Dr6_s70.B08
Reading graphs...
70 :  194
70 :  195
Initializing...
maxdom : 9
D->valSize : 303
Solving...
Blb : 2 (clique : 20)
currentSize : 20 <-- 0.002324 s
currentSize : 21 <-- 0.002608 s
currentSize : 22 <-- 0.002652 s
currentSize : 23 <-- 0.003871 s
currentSize : 24 <-- 0.006835 s
currentSize : 25 <-- 0.040857 s
currentSize : 26 <-- 0.045663 s
currentSize : 27 <-- 434.181702 s
currentSize : 28 <-- 434.185699 s
currentSize : 29 <-- 511.404358 s
currentSize : 30 <-- 567.416687 s
currentSize : 31 <-- 567.417603 s

maxsize : 31
nodes : 163504194.000000
filtered : 1360992386.000000
time : 790.510010
