Parameters: GAD=1 vflib=1 dir=0 label=1 lowerbound=1 fileNameGp=../../cp2016-max-common-connected-subgraph-paper/datasets/graphsdb/mcs30/bvg/b09/mcs30_b09_s90.A02 fileNameGt=../../cp2016-max-common-connected-subgraph-paper/datasets/graphsdb/mcs30/bvg/b09/mcs30_b09_s90.B02
Reading graphs...
90 :  398
90 :  399
Initializing...
maxdom : 10
D->valSize : 502
Solving...
Blb : 2 (clique : 19)
currentSize : 19 <-- 0.005451 s
currentSize : 20 <-- 0.065502 s
currentSize : 21 <-- 0.746560 s
currentSize : 22 <-- 7.083975 s
currentSize : 23 <-- 8.036540 s
currentSize : 24 <-- 8.229595 s
currentSize : 26 <-- 104.317741 s
currentSize : 27 <-- 104.317924 s
currentSize : 28 <-- 104.318024 s
currentSize : 29 <-- 104.705482 s
currentSize : 30 <-- 104.705574 s
currentSize : 31 <-- 233.365799 s

TIMEOUT
maxsize : 31
nodes : 162358070.000000
filtered : 2163104081.000000
time : 1000.000061
