Parameters: GAD=1 vflib=1 dir=0 label=1 lowerbound=1 fileNameGp=../../cp2016-max-common-connected-subgraph-paper/datasets/graphsdb/mcs30/m3D/m3D/mcs30_m3D_s70.A02 fileNameGt=../../cp2016-max-common-connected-subgraph-paper/datasets/graphsdb/mcs30/m3D/m3D/mcs30_m3D_s70.B02
Reading graphs...
70 :  159
70 :  158
Initializing...
maxdom : 8
D->valSize : 315
Solving...
Blb : 2 (clique : 24)
currentSize : 24 <-- 0.002551 s
currentSize : 26 <-- 0.002697 s
currentSize : 27 <-- 0.008711 s
currentSize : 28 <-- 0.022392 s
currentSize : 29 <-- 0.042348 s
currentSize : 30 <-- 6.385636 s
currentSize : 31 <-- 6.587678 s
currentSize : 32 <-- 712.040405 s

TIMEOUT
maxsize : 32
nodes : 222681610.000000
filtered : 1553672011.000000
time : 1000.000000
