Parameters: GAD=1 vflib=1 dir=0 label=1 lowerbound=1 fileNameGp=../../cp2016-max-common-connected-subgraph-paper/datasets/graphsdb/mcs30/m4D/m4Dr6/mcs30_m4Dr6_s90.A07 fileNameGt=../../cp2016-max-common-connected-subgraph-paper/datasets/graphsdb/mcs30/m4D/m4Dr6/mcs30_m4Dr6_s90.B07
Reading graphs...
90 :  197
90 :  197
Initializing...
maxdom : 12
D->valSize : 530
Solving...
Blb : 2 (clique : 30)
currentSize : 30 <-- 0.006043 s
currentSize : 31 <-- 0.015757 s
currentSize : 32 <-- 0.017017 s
currentSize : 33 <-- 0.146969 s
currentSize : 34 <-- 2.443248 s
currentSize : 35 <-- 21.406647 s
currentSize : 36 <-- 265.985382 s

TIMEOUT
maxsize : 36
nodes : 232874512.000000
filtered : 1156456442.000000
time : 1000.000061
