Parameters: GAD=1 vflib=1 dir=0 label=1 lowerbound=1 fileNameGp=../../cp2016-max-common-connected-subgraph-paper/datasets/graphsdb/mcs30/m2D/m2Dr6/mcs30_m2Dr6_s60.A05 fileNameGt=../../cp2016-max-common-connected-subgraph-paper/datasets/graphsdb/mcs30/m2D/m2Dr6/mcs30_m2Dr6_s60.B05
Reading graphs...
60 :  138
60 :  136
Initializing...
maxdom : 8
D->valSize : 228
Solving...
Blb : 2 (clique : 18)
currentSize : 18 <-- 0.001531 s
currentSize : 19 <-- 0.001629 s
currentSize : 20 <-- 0.019421 s
currentSize : 21 <-- 1.768702 s
currentSize : 22 <-- 4.683556 s
currentSize : 23 <-- 43.840714 s
currentSize : 24 <-- 169.638214 s
currentSize : 25 <-- 281.982971 s

maxsize : 25
nodes : 85637276.000000
filtered : 585629048.000000
time : 315.496429
