Parameters: GAD=1 vflib=1 dir=0 label=1 lowerbound=1 fileNameGp=../../cp2016-max-common-connected-subgraph-paper/datasets/graphsdb/mcs30/bvg/b03/mcs30_b03_s70.A00 fileNameGt=../../cp2016-max-common-connected-subgraph-paper/datasets/graphsdb/mcs30/bvg/b03/mcs30_b03_s70.B00
Reading graphs...
70 :  105
70 :  105
Initializing...
maxdom : 11
D->valSize : 322
Solving...
Blb : 2 (clique : 27)
currentSize : 27 <-- 0.004387 s
currentSize : 28 <-- 2.655384 s
currentSize : 29 <-- 4.570784 s
currentSize : 30 <-- 16.201111 s
currentSize : 31 <-- 43.473625 s
currentSize : 32 <-- 299.762085 s

TIMEOUT
maxsize : 32
nodes : 278792031.000000
filtered : 1562708147.000000
time : 1000.000061
