Parameters: GAD=1 vflib=1 dir=0 label=1 lowerbound=1 fileNameGp=../../cp2016-max-common-connected-subgraph-paper/datasets/graphsdb/mcs30/bvg/b09/mcs30_b09_s80.A04 fileNameGt=../../cp2016-max-common-connected-subgraph-paper/datasets/graphsdb/mcs30/bvg/b09/mcs30_b09_s80.B04
Reading graphs...
80 :  353
80 :  352
Initializing...
maxdom : 10
D->valSize : 454
Solving...
Blb : 3 (clique : 24)
currentSize : 24 <-- 0.004220 s
currentSize : 25 <-- 0.004555 s
currentSize : 26 <-- 0.014391 s
currentSize : 27 <-- 0.071717 s
currentSize : 28 <-- 0.203599 s
currentSize : 29 <-- 33.281013 s
currentSize : 30 <-- 930.377136 s

TIMEOUT
maxsize : 30
nodes : 173431369.000000
filtered : 2173988407.000000
time : 1000.000000
