Parameters: GAD=1 vflib=1 dir=0 label=1 lowerbound=1 fileNameGp=../../cp2016-max-common-connected-subgraph-paper/datasets/graphsdb/mcs30/rand/r005/mcs30_r005_s100.A00 fileNameGt=../../cp2016-max-common-connected-subgraph-paper/datasets/graphsdb/mcs30/rand/r005/mcs30_r005_s100.B00
Reading graphs...
100 :  489
100 :  486
Initializing...
maxdom : 8
D->valSize : 335
Solving...
Blb : 2 (clique : 20)
currentSize : 20 <-- 0.003215 s
currentSize : 21 <-- 0.004095 s
currentSize : 22 <-- 0.024523 s
currentSize : 23 <-- 0.228732 s
currentSize : 24 <-- 0.257783 s
currentSize : 25 <-- 2.088532 s
currentSize : 26 <-- 2.430805 s
currentSize : 27 <-- 5.979270 s
currentSize : 28 <-- 277.983582 s
currentSize : 29 <-- 281.774170 s
currentSize : 30 <-- 281.807434 s
currentSize : 31 <-- 959.868530 s

TIMEOUT
maxsize : 31
nodes : 173304730.000000
filtered : 1252429332.000000
time : 1000.000061
