Parameters: GAD=1 vflib=1 dir=0 label=1 lowerbound=1 fileNameGp=../../cp2016-max-common-connected-subgraph-paper/datasets/graphsdb/mcs30/m2D/m2D/mcs30_m2D_s100.A07 fileNameGt=../../cp2016-max-common-connected-subgraph-paper/datasets/graphsdb/mcs30/m2D/m2D/mcs30_m2D_s100.B07
Reading graphs...
100 :  179
100 :  180
Initializing...
maxdom : 7
D->valSize : 343
Solving...
Blb : 2 (clique : 33)
currentSize : 33 <-- 0.005532 s
currentSize : 35 <-- 0.006138 s
currentSize : 36 <-- 0.006449 s
currentSize : 37 <-- 0.079017 s
currentSize : 38 <-- 0.135786 s
currentSize : 39 <-- 0.159625 s
currentSize : 40 <-- 0.199371 s
currentSize : 41 <-- 2.216901 s
currentSize : 42 <-- 2.219321 s
currentSize : 43 <-- 55.466736 s

TIMEOUT
maxsize : 43
nodes : 188930725.000000
filtered : 947376671.000000
time : 1000.000122
