Parameters: GAD=1 vflib=1 dir=0 label=1 lowerbound=1 fileNameGp=../../cp2016-max-common-connected-subgraph-paper/datasets/graphsdb/mcs30/m4D/m4D/mcs30_m4D_s70.A02 fileNameGt=../../cp2016-max-common-connected-subgraph-paper/datasets/graphsdb/mcs30/m4D/m4D/mcs30_m4D_s70.B02
Reading graphs...
70 :  117
70 :  118
Initializing...
maxdom : 9
D->valSize : 326
Solving...
Blb : 2 (clique : 24)
currentSize : 24 <-- 0.002686 s
currentSize : 25 <-- 0.002881 s
currentSize : 26 <-- 0.003807 s
currentSize : 27 <-- 0.004097 s
currentSize : 28 <-- 0.018818 s
currentSize : 29 <-- 0.018888 s
currentSize : 30 <-- 0.019118 s

TIMEOUT
maxsize : 30
nodes : 266015224.000000
filtered : 1700005165.000000
time : 1000.000061
