Parameters: GAD=1 vflib=1 dir=0 label=1 lowerbound=1 fileNameGp=../../cp2016-max-common-connected-subgraph-paper/datasets/graphsdb/mcs30/m4D/m4Dr6/mcs30_m4Dr6_s90.A00 fileNameGt=../../cp2016-max-common-connected-subgraph-paper/datasets/graphsdb/mcs30/m4D/m4Dr6/mcs30_m4Dr6_s90.B00
Reading graphs...
90 :  197
90 :  196
Initializing...
maxdom : 8
D->valSize : 506
Solving...
Blb : 2 (clique : 28)
currentSize : 28 <-- 0.005555 s
currentSize : 29 <-- 1.793345 s
currentSize : 30 <-- 2.865240 s
currentSize : 31 <-- 9.698554 s
currentSize : 32 <-- 9.857266 s
currentSize : 33 <-- 20.051426 s
currentSize : 34 <-- 98.126221 s
currentSize : 35 <-- 190.917862 s

TIMEOUT
maxsize : 35
nodes : 218592845.000000
filtered : 1407524158.000000
time : 1000.000061
