Parameters: GAD=1 vflib=1 dir=0 label=1 lowerbound=1 fileNameGp=../../cp2016-max-common-connected-subgraph-paper/datasets/graphsdb/mcs30/bvg/b03m/mcs30_b03m_s100.A05 fileNameGt=../../cp2016-max-common-connected-subgraph-paper/datasets/graphsdb/mcs30/bvg/b03m/mcs30_b03m_s100.B05
Reading graphs...
100 :  149
100 :  149
Initializing...
maxdom : 7
D->valSize : 361
Solving...
Blb : 2 (clique : 37)
currentSize : 37 <-- 0.006251 s
currentSize : 38 <-- 0.007508 s
currentSize : 39 <-- 0.007937 s
currentSize : 40 <-- 0.028555 s
currentSize : 41 <-- 0.061424 s
currentSize : 42 <-- 0.066768 s
currentSize : 43 <-- 18.254488 s

TIMEOUT
maxsize : 43
nodes : 215679994.000000
filtered : 760255938.000000
time : 1000.000061
