Parameters: GAD=1 vflib=1 dir=0 label=1 lowerbound=1 fileNameGp=../../cp2016-max-common-connected-subgraph-paper/datasets/graphsdb/mcs30/m3D/m3Dr2/mcs30_m3Dr2_s70.A03 fileNameGt=../../cp2016-max-common-connected-subgraph-paper/datasets/graphsdb/mcs30/m3D/m3Dr2/mcs30_m3Dr2_s70.B03
Reading graphs...
70 :  170
70 :  172
Initializing...
maxdom : 7
D->valSize : 331
Solving...
Blb : 2 (clique : 25)
currentSize : 25 <-- 0.002670 s
currentSize : 26 <-- 16.773079 s
currentSize : 27 <-- 24.125336 s
currentSize : 28 <-- 211.483719 s
currentSize : 29 <-- 402.657013 s
currentSize : 30 <-- 566.327454 s

TIMEOUT
maxsize : 30
nodes : 202461639.000000
filtered : 2029377216.000000
time : 1000.000000
