Parameters: GAD=1 vflib=1 dir=0 label=1 lowerbound=1 fileNameGp=../../cp2016-max-common-connected-subgraph-paper/datasets/graphsdb/mcs30/m2D/m2Dr6/mcs30_m2Dr6_s70.A01 fileNameGt=../../cp2016-max-common-connected-subgraph-paper/datasets/graphsdb/mcs30/m2D/m2Dr6/mcs30_m2Dr6_s70.B01
Reading graphs...
70 :  162
70 :  162
Initializing...
maxdom : 8
D->valSize : 296
Solving...
Blb : 2 (clique : 19)
currentSize : 19 <-- 0.002267 s
currentSize : 20 <-- 0.002616 s
currentSize : 21 <-- 0.003052 s
currentSize : 22 <-- 0.005267 s
currentSize : 23 <-- 0.011661 s
currentSize : 24 <-- 0.012971 s
currentSize : 25 <-- 0.021293 s
currentSize : 26 <-- 0.199402 s
currentSize : 27 <-- 2.652792 s
currentSize : 28 <-- 169.401886 s
currentSize : 29 <-- 359.888641 s
currentSize : 30 <-- 502.488373 s
currentSize : 31 <-- 541.291260 s

TIMEOUT
maxsize : 31
nodes : 215290364.000000
filtered : 1622083010.000000
time : 1000.000061
