Parameters: GAD=1 vflib=1 dir=0 label=1 lowerbound=1 fileNameGp=../../cp2016-max-common-connected-subgraph-paper/datasets/graphsdb/mcs30/m4D/m4Dr2/mcs30_m4Dr2_s60.A05 fileNameGt=../../cp2016-max-common-connected-subgraph-paper/datasets/graphsdb/mcs30/m4D/m4Dr2/mcs30_m4Dr2_s60.B05
Reading graphs...
60 :  112
60 :  113
Initializing...
maxdom : 6
D->valSize : 230
Solving...
Blb : 2 (clique : 21)
currentSize : 21 <-- 0.001557 s
currentSize : 22 <-- 6.132354 s
currentSize : 23 <-- 42.114258 s
currentSize : 24 <-- 121.386749 s
currentSize : 25 <-- 316.277466 s
currentSize : 26 <-- 328.052704 s

TIMEOUT
maxsize : 26
nodes : 277060397.000000
filtered : 1487843043.000000
time : 1000.000000
