Parameters: GAD=1 vflib=1 dir=0 label=1 lowerbound=1 fileNameGp=../../cp2016-max-common-connected-subgraph-paper/datasets/graphsdb/mcs30/bvg/b09/mcs30_b09_s60.A02 fileNameGt=../../cp2016-max-common-connected-subgraph-paper/datasets/graphsdb/mcs30/bvg/b09/mcs30_b09_s60.B02
Reading graphs...
60 :  263
60 :  263
Initializing...
maxdom : 7
D->valSize : 239
Solving...
Blb : 2 (clique : 11)
currentSize : 11 <-- 0.002295 s
currentSize : 12 <-- 0.002920 s
currentSize : 13 <-- 0.008647 s
currentSize : 14 <-- 0.018747 s
currentSize : 15 <-- 0.223625 s
currentSize : 16 <-- 0.923594 s
currentSize : 17 <-- 0.932595 s
currentSize : 18 <-- 0.934594 s
currentSize : 19 <-- 1.662658 s

maxsize : 19
nodes : 759569.000000
filtered : 7917330.000000
time : 3.243680
