Parameters: GAD=1 vflib=1 dir=0 label=1 lowerbound=1 fileNameGp=../../cp2016-max-common-connected-subgraph-paper/datasets/graphsdb/mcs30/bvg/b03m/mcs30_b03m_s40.A04 fileNameGt=../../cp2016-max-common-connected-subgraph-paper/datasets/graphsdb/mcs30/bvg/b03m/mcs30_b03m_s40.B04
Reading graphs...
40 :  59
40 :  59
Initializing...
maxdom : 7
D->valSize : 222
Solving...
Blb : 2 (clique : 14)
currentSize : 14 <-- 0.001339 s
currentSize : 15 <-- 0.001470 s
currentSize : 16 <-- 0.002007 s
currentSize : 17 <-- 0.004847 s
currentSize : 18 <-- 0.016820 s
currentSize : 19 <-- 1.120145 s
currentSize : 20 <-- 3.752458 s

maxsize : 20
nodes : 3056804.000000
filtered : 39906691.000000
time : 12.792460
