Parameters: GAD=1 vflib=1 dir=0 label=1 lowerbound=1 fileNameGp=../../cp2016-max-common-connected-subgraph-paper/datasets/graphsdb/mcs30/bvg/b06m/mcs30_b06m_s70.A08 fileNameGt=../../cp2016-max-common-connected-subgraph-paper/datasets/graphsdb/mcs30/bvg/b06m/mcs30_b06m_s70.B08
Reading graphs...
70 :  206
70 :  205
Initializing...
maxdom : 9
D->valSize : 380
Solving...
Blb : 5 (clique : 21)
currentSize : 21 <-- 0.003172 s
currentSize : 22 <-- 0.084683 s
currentSize : 23 <-- 0.326328 s
currentSize : 24 <-- 2.780420 s
currentSize : 25 <-- 14.701705 s
currentSize : 26 <-- 17.329260 s
currentSize : 27 <-- 60.719528 s
currentSize : 28 <-- 143.543304 s

TIMEOUT
maxsize : 28
nodes : 186187512.000000
filtered : 2289850121.000000
time : 1000.000000
