Parameters: GAD=1 vflib=1 dir=0 label=1 lowerbound=1 fileNameGp=../../cp2016-max-common-connected-subgraph-paper/datasets/graphsdb/mcs30/m2D/m2D/mcs30_m2D_s60.A02 fileNameGt=../../cp2016-max-common-connected-subgraph-paper/datasets/graphsdb/mcs30/m2D/m2D/mcs30_m2D_s60.B02
Reading graphs...
60 :  104
60 :  102
Initializing...
maxdom : 6
D->valSize : 230
Solving...
Blb : 2 (clique : 23)
currentSize : 23 <-- 0.002488 s
currentSize : 24 <-- 0.002668 s
currentSize : 25 <-- 0.271405 s
currentSize : 26 <-- 13.906734 s
currentSize : 27 <-- 13.917490 s
currentSize : 28 <-- 618.401367 s

maxsize : 28
nodes : 228845828.000000
filtered : 1465326366.000000
time : 916.534668
