Parameters: GAD=1 vflib=1 dir=0 label=1 lowerbound=1 fileNameGp=../../cp2016-max-common-connected-subgraph-paper/datasets/graphsdb/mcs30/bvg/b06m/mcs30_b06m_s90.A09 fileNameGt=../../cp2016-max-common-connected-subgraph-paper/datasets/graphsdb/mcs30/bvg/b06m/mcs30_b06m_s90.B09
Reading graphs...
90 :  262
90 :  265
Initializing...
maxdom : 10
D->valSize : 527
Solving...
Blb : 2 (clique : 27)
currentSize : 27 <-- 0.005944 s
currentSize : 30 <-- 0.006160 s
currentSize : 32 <-- 0.006244 s
currentSize : 33 <-- 0.587416 s
currentSize : 34 <-- 391.148285 s
currentSize : 35 <-- 391.148590 s
currentSize : 36 <-- 776.570251 s

TIMEOUT
maxsize : 36
nodes : 184035736.000000
filtered : 1813858562.000000
time : 1000.000061
