Parameters: GAD=1 vflib=1 dir=0 label=1 lowerbound=1 fileNameGp=../../cp2016-max-common-connected-subgraph-paper/datasets/graphsdb/mcs30/m2D/m2Dr6/mcs30_m2Dr6_s80.A02 fileNameGt=../../cp2016-max-common-connected-subgraph-paper/datasets/graphsdb/mcs30/m2D/m2Dr6/mcs30_m2Dr6_s80.B02
Reading graphs...
80 :  184
80 :  183
Initializing...
maxdom : 8
D->valSize : 430
Solving...
Blb : 2 (clique : 25)
currentSize : 25 <-- 0.004116 s
currentSize : 26 <-- 0.004305 s
currentSize : 27 <-- 1.098491 s
currentSize : 28 <-- 17.141832 s
currentSize : 29 <-- 23.564419 s
currentSize : 30 <-- 312.431427 s

TIMEOUT
maxsize : 30
nodes : 226864770.000000
filtered : 1392482843.000000
time : 1000.000061
