Parameters: GAD=1 vflib=1 dir=0 label=1 lowerbound=1 fileNameGp=../../cp2016-max-common-connected-subgraph-paper/datasets/graphsdb/mcs30/m2D/m2Dr2/mcs30_m2Dr2_s100.A08 fileNameGt=../../cp2016-max-common-connected-subgraph-paper/datasets/graphsdb/mcs30/m2D/m2Dr2/mcs30_m2Dr2_s100.B08
Reading graphs...
100 :  196
100 :  198
Initializing...
maxdom : 8
D->valSize : 318
Solving...
Blb : 2 (clique : 34)
currentSize : 34 <-- 0.003141 s
currentSize : 35 <-- 0.008860 s
currentSize : 36 <-- 0.030912 s
currentSize : 37 <-- 0.281381 s
currentSize : 38 <-- 3.823230 s
currentSize : 39 <-- 12.227676 s
currentSize : 40 <-- 12.382648 s
currentSize : 41 <-- 215.876785 s
currentSize : 42 <-- 294.390076 s

TIMEOUT
maxsize : 42
nodes : 188827975.000000
filtered : 806901147.000000
time : 1000.000061
