Parameters: GAD=1 vflib=1 dir=0 label=1 lowerbound=1 fileNameGp=../../cp2016-max-common-connected-subgraph-paper/datasets/graphsdb/mcs30/m2D/m2Dr2/mcs30_m2Dr2_s70.A05 fileNameGt=../../cp2016-max-common-connected-subgraph-paper/datasets/graphsdb/mcs30/m2D/m2Dr2/mcs30_m2Dr2_s70.B05
Reading graphs...
70 :  135
70 :  133
Initializing...
maxdom : 9
D->valSize : 354
Solving...
Blb : 2 (clique : 27)
currentSize : 27 <-- 0.002924 s
currentSize : 28 <-- 0.035636 s
currentSize : 29 <-- 0.038249 s
currentSize : 30 <-- 28.314493 s
currentSize : 31 <-- 61.674789 s
currentSize : 32 <-- 743.833252 s

TIMEOUT
maxsize : 32
nodes : 209495506.000000
filtered : 1885339549.000000
time : 1000.000000
