Parameters: GAD=1 vflib=1 dir=0 label=1 lowerbound=1 fileNameGp=../../cp2016-max-common-connected-subgraph-paper/datasets/graphsdb/mcs30/rand/r02/mcs30_r02_s80.A05 fileNameGt=../../cp2016-max-common-connected-subgraph-paper/datasets/graphsdb/mcs30/rand/r02/mcs30_r02_s80.B05
Reading graphs...
80 :  1140
80 :  1112
Initializing...
maxdom : 11
D->valSize : 462
Solving...
Blb : 2 (clique : 7)
currentSize : 7 <-- 0.006119 s
currentSize : 8 <-- 0.006331 s
currentSize : 10 <-- 0.007655 s
currentSize : 11 <-- 0.009597 s
currentSize : 14 <-- 0.042110 s
currentSize : 15 <-- 0.042819 s
currentSize : 17 <-- 0.147575 s
currentSize : 19 <-- 0.148501 s

maxsize : 19
nodes : 91098.000000
filtered : 2070494.000000
time : 0.592969
