Parameters: GAD=1 vflib=1 dir=0 label=1 lowerbound=1 fileNameGp=../../cp2016-max-common-connected-subgraph-paper/datasets/graphsdb/mcs30/rand/r005/mcs30_r005_s80.A02 fileNameGt=../../cp2016-max-common-connected-subgraph-paper/datasets/graphsdb/mcs30/rand/r005/mcs30_r005_s80.B02
Reading graphs...
80 :  312
80 :  309
Initializing...
maxdom : 11
D->valSize : 443
Solving...
Blb : 2 (clique : 19)
currentSize : 19 <-- 0.004216 s
currentSize : 20 <-- 0.004455 s
currentSize : 21 <-- 0.140134 s
currentSize : 22 <-- 0.320509 s
currentSize : 23 <-- 0.741629 s
currentSize : 24 <-- 849.098083 s

TIMEOUT
maxsize : 24
nodes : 213446295.000000
filtered : 1645676244.000000
time : 1000.000000
