Parameters: GAD=1 vflib=1 dir=0 label=1 lowerbound=1 fileNameGp=../../cp2016-max-common-connected-subgraph-paper/datasets/graphsdb/mcs30/m3D/m3D/mcs30_m3D_s70.A03 fileNameGt=../../cp2016-max-common-connected-subgraph-paper/datasets/graphsdb/mcs30/m3D/m3D/mcs30_m3D_s70.B03
Reading graphs...
70 :  158
70 :  159
Initializing...
maxdom : 9
D->valSize : 349
Solving...
Blb : 2 (clique : 22)
currentSize : 22 <-- 0.002861 s
currentSize : 24 <-- 0.003065 s
currentSize : 25 <-- 0.005700 s
currentSize : 26 <-- 0.024860 s
currentSize : 27 <-- 0.094576 s
currentSize : 28 <-- 0.120924 s
currentSize : 29 <-- 0.143713 s
currentSize : 30 <-- 1.903132 s
currentSize : 31 <-- 1.903233 s

maxsize : 31
nodes : 17447651.000000
filtered : 236028984.000000
time : 98.638557
