Parameters: GAD=1 vflib=1 dir=0 label=1 lowerbound=1 fileNameGp=../../cp2016-max-common-connected-subgraph-paper/datasets/graphsdb/mcs30/m2D/m2Dr6/mcs30_m2Dr6_s90.A09 fileNameGt=../../cp2016-max-common-connected-subgraph-paper/datasets/graphsdb/mcs30/m2D/m2Dr6/mcs30_m2Dr6_s90.B09
Reading graphs...
90 :  212
90 :  207
Initializing...
maxdom : 11
D->valSize : 466
Solving...
Blb : 2 (clique : 24)
currentSize : 24 <-- 0.004817 s
currentSize : 25 <-- 0.005142 s
currentSize : 26 <-- 0.080600 s
currentSize : 27 <-- 0.080640 s
currentSize : 28 <-- 0.120377 s
currentSize : 29 <-- 0.191478 s
currentSize : 30 <-- 327.972046 s

TIMEOUT
maxsize : 30
nodes : 198327846.000000
filtered : 1716678054.000000
time : 1000.000000
