Parameters: GAD=1 vflib=1 dir=0 label=1 lowerbound=1 fileNameGp=../../cp2016-max-common-connected-subgraph-paper/datasets/graphsdb/mcs30/rand/r001/mcs30_r001_s100.A09 fileNameGt=../../cp2016-max-common-connected-subgraph-paper/datasets/graphsdb/mcs30/rand/r001/mcs30_r001_s100.B09
Reading graphs...
100 :  120
100 :  120
Initializing...
maxdom : 8
D->valSize : 341
Solving...
Blb : 2 (clique : 38)
currentSize : 38 <-- 0.003464 s
currentSize : 39 <-- 0.003799 s
currentSize : 40 <-- 0.004503 s
currentSize : 41 <-- 0.004789 s
currentSize : 42 <-- 0.040245 s
currentSize : 43 <-- 0.518877 s
currentSize : 44 <-- 0.553143 s

TIMEOUT
maxsize : 44
nodes : 234566151.000000
filtered : 796398258.000000
time : 1000.000122
