Parameters: GAD=1 vflib=1 dir=0 label=1 lowerbound=1 fileNameGp=../../cp2016-max-common-connected-subgraph-paper/datasets/graphsdb/mcs30/m2D/m2Dr4/mcs30_m2Dr4_s90.A00 fileNameGt=../../cp2016-max-common-connected-subgraph-paper/datasets/graphsdb/mcs30/m2D/m2Dr4/mcs30_m2Dr4_s90.B00
Reading graphs...
90 :  196
90 :  195
Initializing...
maxdom : 11
D->valSize : 595
Solving...
Blb : 2 (clique : 31)
currentSize : 31 <-- 0.007174 s
currentSize : 32 <-- 0.007448 s
currentSize : 35 <-- 0.007547 s
currentSize : 36 <-- 0.067882 s
currentSize : 37 <-- 0.092371 s
currentSize : 38 <-- 239.062805 s

TIMEOUT
maxsize : 38
nodes : 182426580.000000
filtered : 1895307294.000000
time : 1000.000061
