Parameters: GAD=1 vflib=1 dir=0 label=1 lowerbound=1 fileNameGp=../../cp2016-max-common-connected-subgraph-paper/datasets/graphsdb/mcs30/rand/r01/mcs30_r01_s90.A07 fileNameGt=../../cp2016-max-common-connected-subgraph-paper/datasets/graphsdb/mcs30/rand/r01/mcs30_r01_s90.B07
Reading graphs...
90 :  753
90 :  752
Initializing...
maxdom : 10
D->valSize : 503
Solving...
Blb : 3 (clique : 14)
currentSize : 14 <-- 0.005128 s
currentSize : 15 <-- 0.023596 s
currentSize : 16 <-- 0.043285 s
currentSize : 17 <-- 0.112852 s
currentSize : 18 <-- 0.431519 s
currentSize : 20 <-- 4.104631 s
currentSize : 21 <-- 28.241488 s
currentSize : 23 <-- 141.744537 s
currentSize : 24 <-- 144.015762 s

maxsize : 24
nodes : 37163793.000000
filtered : 628883712.000000
time : 233.734299
