Parameters: GAD=1 vflib=1 dir=0 label=1 lowerbound=1 fileNameGp=../../cp2016-max-common-connected-subgraph-paper/datasets/graphsdb/mcs30/m4D/m4Dr4/mcs30_m4Dr4_s70.A04 fileNameGt=../../cp2016-max-common-connected-subgraph-paper/datasets/graphsdb/mcs30/m4D/m4Dr4/mcs30_m4Dr4_s70.B04
Reading graphs...
70 :  144
70 :  143
Initializing...
maxdom : 8
D->valSize : 323
Solving...
Blb : 2 (clique : 23)
currentSize : 23 <-- 0.002618 s
currentSize : 24 <-- 0.003109 s
currentSize : 25 <-- 0.020512 s
currentSize : 26 <-- 0.020879 s
currentSize : 27 <-- 0.556142 s
currentSize : 28 <-- 806.838745 s

TIMEOUT
maxsize : 28
nodes : 270578159.000000
filtered : 1471389511.000000
time : 1000.000000
