Parameters: GAD=1 vflib=1 dir=0 label=1 lowerbound=1 fileNameGp=../../cp2016-max-common-connected-subgraph-paper/datasets/graphsdb/mcs30/rand/r01/mcs30_r01_s100.A04 fileNameGt=../../cp2016-max-common-connected-subgraph-paper/datasets/graphsdb/mcs30/rand/r01/mcs30_r01_s100.B04
Reading graphs...
100 :  937
100 :  930
Initializing...
maxdom : 7
D->valSize : 344
Solving...
Blb : 2 (clique : 15)
currentSize : 15 <-- 0.003146 s
currentSize : 16 <-- 0.003289 s
currentSize : 17 <-- 0.003398 s
currentSize : 19 <-- 0.005096 s
currentSize : 20 <-- 0.005178 s
currentSize : 22 <-- 0.020593 s
currentSize : 23 <-- 0.020632 s
currentSize : 24 <-- 0.309645 s
currentSize : 25 <-- 1.074263 s
currentSize : 27 <-- 1.076404 s
currentSize : 28 <-- 1.094039 s
currentSize : 29 <-- 1.095647 s

maxsize : 29
nodes : 1548288.000000
filtered : 16102920.000000
time : 9.721933
