Parameters: GAD=1 vflib=1 dir=0 label=1 lowerbound=1 fileNameGp=../../cp2016-max-common-connected-subgraph-paper/datasets/graphsdb/mcs30/rand/r01/mcs30_r01_s70.A05 fileNameGt=../../cp2016-max-common-connected-subgraph-paper/datasets/graphsdb/mcs30/rand/r01/mcs30_r01_s70.B05
Reading graphs...
70 :  463
70 :  454
Initializing...
maxdom : 9
D->valSize : 343
Solving...
Blb : 2 (clique : 12)
currentSize : 12 <-- 0.002626 s
currentSize : 13 <-- 0.010822 s
currentSize : 14 <-- 0.021160 s
currentSize : 15 <-- 0.056427 s
currentSize : 16 <-- 2.180733 s
currentSize : 17 <-- 9.246389 s
currentSize : 18 <-- 9.249029 s
currentSize : 19 <-- 9.251227 s
currentSize : 20 <-- 9.251324 s

maxsize : 20
nodes : 3089107.000000
filtered : 35700534.000000
time : 15.001180
