Parameters: GAD=1 vflib=1 dir=0 label=1 lowerbound=1 fileNameGp=../../cp2016-max-common-connected-subgraph-paper/datasets/graphsdb/mcs30/m4D/m4Dr6/mcs30_m4Dr6_s60.A05 fileNameGt=../../cp2016-max-common-connected-subgraph-paper/datasets/graphsdb/mcs30/m4D/m4Dr6/mcs30_m4Dr6_s60.B05
Reading graphs...
60 :  136
60 :  136
Initializing...
maxdom : 8
D->valSize : 240
Solving...
Blb : 2 (clique : 18)
currentSize : 18 <-- 0.001634 s
currentSize : 19 <-- 0.048488 s
currentSize : 20 <-- 0.056090 s
currentSize : 21 <-- 0.144780 s
currentSize : 22 <-- 1.174346 s
currentSize : 23 <-- 18.992598 s
currentSize : 24 <-- 64.409828 s

maxsize : 24
nodes : 89990898.000000
filtered : 712290134.000000
time : 354.045166
