Parameters: GAD=1 vflib=1 dir=0 label=1 lowerbound=1 fileNameGp=../../cp2016-max-common-connected-subgraph-paper/datasets/graphsdb/mcs30/m4D/m4Dr6/mcs30_m4Dr6_s60.A08 fileNameGt=../../cp2016-max-common-connected-subgraph-paper/datasets/graphsdb/mcs30/m4D/m4Dr6/mcs30_m4Dr6_s60.B08
Reading graphs...
60 :  136
60 :  132
Initializing...
maxdom : 7
D->valSize : 250
Solving...
Blb : 2 (clique : 19)
currentSize : 19 <-- 0.001794 s
currentSize : 20 <-- 0.001910 s
currentSize : 22 <-- 0.001958 s
currentSize : 23 <-- 0.057374 s
currentSize : 24 <-- 0.059254 s
currentSize : 25 <-- 16.017340 s
currentSize : 26 <-- 355.021881 s

maxsize : 26
nodes : 228637057.000000
filtered : 1818724617.000000
time : 954.119751
