Parameters: GAD=1 vflib=1 dir=0 label=1 lowerbound=1 fileNameGp=../../cp2016-max-common-connected-subgraph-paper/datasets/graphsdb/mcs30/bvg/b09m/mcs30_b09m_s90.A02 fileNameGt=../../cp2016-max-common-connected-subgraph-paper/datasets/graphsdb/mcs30/bvg/b09m/mcs30_b09m_s90.B02
Reading graphs...
90 :  391
90 :  392
Initializing...
maxdom : 9
D->valSize : 510
Solving...
Blb : 2 (clique : 21)
currentSize : 21 <-- 0.005399 s
currentSize : 22 <-- 1.416426 s
currentSize : 23 <-- 2.205787 s
currentSize : 24 <-- 34.910480 s
currentSize : 25 <-- 69.501274 s
currentSize : 26 <-- 286.089844 s

TIMEOUT
maxsize : 26
nodes : 198227407.000000
filtered : 1635609560.000000
time : 1000.000061
