Parameters: GAD=1 vflib=1 dir=0 label=1 lowerbound=1 fileNameGp=../../cp2016-max-common-connected-subgraph-paper/datasets/graphsdb/mcs30/m3D/m3Dr2/mcs30_m3Dr2_s100.A07 fileNameGt=../../cp2016-max-common-connected-subgraph-paper/datasets/graphsdb/mcs30/m3D/m3Dr2/mcs30_m3Dr2_s100.B07
Reading graphs...
100 :  254
100 :  252
Initializing...
maxdom : 7
D->valSize : 345
Solving...
Blb : 2 (clique : 26)
currentSize : 26 <-- 0.003431 s
currentSize : 27 <-- 0.005158 s
currentSize : 28 <-- 0.095050 s
currentSize : 29 <-- 0.215878 s
currentSize : 30 <-- 4.016590 s
currentSize : 31 <-- 21.766586 s
currentSize : 32 <-- 207.196259 s
currentSize : 33 <-- 514.053467 s
currentSize : 34 <-- 661.707275 s

TIMEOUT
maxsize : 34
nodes : 205539222.000000
filtered : 890147864.000000
time : 1000.000061
