Parameters: GAD=1 vflib=1 dir=0 label=1 lowerbound=1 fileNameGp=../../cp2016-max-common-connected-subgraph-paper/datasets/graphsdb/mcs30/m3D/m3Dr6/mcs30_m3Dr6_s90.A04 fileNameGt=../../cp2016-max-common-connected-subgraph-paper/datasets/graphsdb/mcs30/m3D/m3Dr6/mcs30_m3Dr6_s90.B04
Reading graphs...
90 :  260
90 :  259
Initializing...
maxdom : 12
D->valSize : 529
Solving...
Blb : 2 (clique : 26)
currentSize : 26 <-- 0.005859 s
currentSize : 27 <-- 0.006057 s
currentSize : 28 <-- 0.249787 s
currentSize : 29 <-- 5.071465 s
currentSize : 30 <-- 5.907406 s
currentSize : 31 <-- 72.061546 s
currentSize : 32 <-- 916.653931 s

TIMEOUT
maxsize : 32
nodes : 221566285.000000
filtered : 1510381246.000000
time : 1000.000061
