Parameters: GAD=1 vflib=1 dir=0 label=1 lowerbound=1 fileNameGp=../../cp2016-max-common-connected-subgraph-paper/datasets/graphsdb/mcs30/bvg/b09/mcs30_b09_s70.A07 fileNameGt=../../cp2016-max-common-connected-subgraph-paper/datasets/graphsdb/mcs30/bvg/b09/mcs30_b09_s70.B07
Reading graphs...
70 :  308
70 :  309
Initializing...
maxdom : 7
D->valSize : 323
Solving...
Blb : 2 (clique : 20)
currentSize : 20 <-- 0.002544 s
currentSize : 21 <-- 0.003096 s
currentSize : 22 <-- 0.008240 s
currentSize : 23 <-- 0.109422 s
currentSize : 24 <-- 0.428702 s
currentSize : 25 <-- 4.633372 s

maxsize : 25
nodes : 36164545.000000
filtered : 426823110.000000
time : 189.182144
