Parameters: GAD=1 vflib=1 dir=0 label=1 lowerbound=1 fileNameGp=../../cp2016-max-common-connected-subgraph-paper/datasets/graphsdb/mcs30/m2D/m2Dr4/mcs30_m2Dr4_s100.A08 fileNameGt=../../cp2016-max-common-connected-subgraph-paper/datasets/graphsdb/mcs30/m2D/m2Dr4/mcs30_m2Dr4_s100.B08
Reading graphs...
100 :  220
100 :  217
Initializing...
maxdom : 8
D->valSize : 315
Solving...
Blb : 2 (clique : 27)
currentSize : 27 <-- 0.003006 s
currentSize : 28 <-- 0.003239 s
currentSize : 29 <-- 0.009279 s
currentSize : 31 <-- 0.020817 s
currentSize : 32 <-- 0.241765 s
currentSize : 33 <-- 72.626450 s
currentSize : 34 <-- 415.403564 s

TIMEOUT
maxsize : 34
nodes : 211861575.000000
filtered : 845738680.000000
time : 1000.000061
