Parameters: GAD=1 vflib=1 dir=0 label=1 lowerbound=1 fileNameGp=../../cp2016-max-common-connected-subgraph-paper/datasets/graphsdb/mcs30/m3D/m3Dr4/mcs30_m3Dr4_s100.A06 fileNameGt=../../cp2016-max-common-connected-subgraph-paper/datasets/graphsdb/mcs30/m3D/m3Dr4/mcs30_m3Dr4_s100.B06
Reading graphs...
100 :  272
100 :  272
Initializing...
maxdom : 7
D->valSize : 327
Solving...
Blb : 5 (clique : 26)
currentSize : 26 <-- 0.003292 s
currentSize : 27 <-- 0.015069 s
currentSize : 28 <-- 0.319697 s
currentSize : 29 <-- 0.418593 s
currentSize : 30 <-- 1.811469 s
currentSize : 31 <-- 41.168163 s
currentSize : 32 <-- 41.223225 s
currentSize : 33 <-- 80.943726 s
currentSize : 34 <-- 91.291168 s
currentSize : 35 <-- 132.925735 s
currentSize : 36 <-- 132.926010 s
currentSize : 37 <-- 133.010727 s

TIMEOUT
maxsize : 37
nodes : 188649413.000000
filtered : 927008000.000000
time : 1000.000122
