Parameters: GAD=1 vflib=1 dir=0 label=1 lowerbound=1 fileNameGp=../../cp2016-max-common-connected-subgraph-paper/datasets/graphsdb/mcs30/bvg/b06/mcs30_b06_s90.A06 fileNameGt=../../cp2016-max-common-connected-subgraph-paper/datasets/graphsdb/mcs30/bvg/b06/mcs30_b06_s90.B06
Reading graphs...
90 :  266
90 :  270
Initializing...
maxdom : 10
D->valSize : 549
Solving...
Blb : 3 (clique : 25)
currentSize : 25 <-- 0.006321 s
currentSize : 26 <-- 0.157288 s
currentSize : 27 <-- 5.101305 s
currentSize : 28 <-- 5.848504 s
currentSize : 29 <-- 9.859750 s
currentSize : 30 <-- 28.942739 s
currentSize : 31 <-- 28.944279 s
currentSize : 32 <-- 81.138962 s

TIMEOUT
maxsize : 32
nodes : 173861402.000000
filtered : 2211033174.000000
time : 1000.000061
