Parameters: GAD=1 vflib=1 dir=0 label=1 lowerbound=1 fileNameGp=../../cp2016-max-common-connected-subgraph-paper/datasets/graphsdb/mcs30/m2D/m2Dr2/mcs30_m2Dr2_s100.A06 fileNameGt=../../cp2016-max-common-connected-subgraph-paper/datasets/graphsdb/mcs30/m2D/m2Dr2/mcs30_m2Dr2_s100.B06
Reading graphs...
100 :  198
100 :  197
Initializing...
maxdom : 8
D->valSize : 341
Solving...
Blb : 2 (clique : 32)
currentSize : 32 <-- 0.003322 s
currentSize : 33 <-- 0.003712 s
currentSize : 34 <-- 0.006079 s
currentSize : 35 <-- 0.006346 s
currentSize : 36 <-- 0.008463 s
currentSize : 37 <-- 0.023800 s
currentSize : 38 <-- 0.206010 s
currentSize : 39 <-- 1.131343 s
currentSize : 40 <-- 154.004974 s

TIMEOUT
maxsize : 40
nodes : 205361424.000000
filtered : 873643792.000000
time : 1000.000061
