Parameters: GAD=1 vflib=1 dir=0 label=1 lowerbound=1 fileNameGp=../../cp2016-max-common-connected-subgraph-paper/datasets/graphsdb/mcs30/m3D/m3Dr4/mcs30_m3Dr4_s100.A00 fileNameGt=../../cp2016-max-common-connected-subgraph-paper/datasets/graphsdb/mcs30/m3D/m3Dr4/mcs30_m3Dr4_s100.B00
Reading graphs...
100 :  275
100 :  271
Initializing...
maxdom : 6
D->valSize : 336
Solving...
Blb : 2 (clique : 26)
currentSize : 26 <-- 0.005355 s
currentSize : 27 <-- 0.112526 s
currentSize : 28 <-- 0.307469 s
currentSize : 29 <-- 4.898626 s
currentSize : 30 <-- 7.132674 s
currentSize : 31 <-- 53.221489 s
currentSize : 32 <-- 773.302307 s

TIMEOUT
maxsize : 32
nodes : 204448404.000000
filtered : 854426536.000000
time : 1000.000061
