Parameters: GAD=1 vflib=1 dir=0 label=1 lowerbound=1 fileNameGp=../../cp2016-max-common-connected-subgraph-paper/datasets/graphsdb/mcs30/bvg/b09m/mcs30_b09m_s70.A06 fileNameGt=../../cp2016-max-common-connected-subgraph-paper/datasets/graphsdb/mcs30/bvg/b09m/mcs30_b09m_s70.B06
Reading graphs...
70 :  304
70 :  308
Initializing...
maxdom : 10
D->valSize : 358
Solving...
Blb : 3 (clique : 18)
currentSize : 18 <-- 0.002839 s
currentSize : 19 <-- 0.172754 s
currentSize : 20 <-- 1.803578 s
currentSize : 21 <-- 11.690095 s
currentSize : 22 <-- 12.917239 s
currentSize : 23 <-- 20.189560 s
currentSize : 24 <-- 46.094624 s

maxsize : 24
nodes : 30183740.000000
filtered : 425986637.000000
time : 155.506210
