Parameters: GAD=1 vflib=1 dir=0 label=1 lowerbound=1 fileNameGp=../../cp2016-max-common-connected-subgraph-paper/datasets/graphsdb/mcs30/m2D/m2Dr2/mcs30_m2Dr2_s100.A02 fileNameGt=../../cp2016-max-common-connected-subgraph-paper/datasets/graphsdb/mcs30/m2D/m2Dr2/mcs30_m2Dr2_s100.B02
Reading graphs...
100 :  199
100 :  197
Initializing...
maxdom : 6
D->valSize : 299
Solving...
Blb : 2 (clique : 31)
currentSize : 31 <-- 0.002903 s
currentSize : 32 <-- 0.003567 s
currentSize : 33 <-- 0.006148 s
currentSize : 34 <-- 2.497991 s
currentSize : 35 <-- 4.455811 s
currentSize : 37 <-- 377.214905 s
currentSize : 38 <-- 377.307190 s
currentSize : 39 <-- 637.572937 s
currentSize : 40 <-- 813.985901 s

TIMEOUT
maxsize : 40
nodes : 206127995.000000
filtered : 856889723.000000
time : 1000.000061
