Parameters: GAD=1 vflib=1 dir=0 label=1 lowerbound=1 fileNameGp=../../cp2016-max-common-connected-subgraph-paper/datasets/graphsdb/mcs30/bvg/b03/mcs30_b03_s100.A00 fileNameGt=../../cp2016-max-common-connected-subgraph-paper/datasets/graphsdb/mcs30/bvg/b03/mcs30_b03_s100.B00
Reading graphs...
100 :  150
100 :  150
Initializing...
maxdom : 8
D->valSize : 317
Solving...
Blb : 2 (clique : 37)
currentSize : 37 <-- 0.003244 s
currentSize : 38 <-- 0.010453 s
currentSize : 39 <-- 0.142400 s
currentSize : 40 <-- 0.472805 s
currentSize : 41 <-- 2.818232 s
currentSize : 42 <-- 4.410969 s

TIMEOUT
maxsize : 42
nodes : 221158633.000000
filtered : 699191526.000000
time : 1000.000061
