Parameters: GAD=1 vflib=1 dir=0 label=1 lowerbound=1 fileNameGp=../../cp2016-max-common-connected-subgraph-paper/datasets/graphsdb/mcs30/m3D/m3Dr2/mcs30_m3Dr2_s80.A03 fileNameGt=../../cp2016-max-common-connected-subgraph-paper/datasets/graphsdb/mcs30/m3D/m3Dr2/mcs30_m3Dr2_s80.B03
Reading graphs...
80 :  196
80 :  197
Initializing...
maxdom : 11
D->valSize : 399
Solving...
Blb : 2 (clique : 22)
currentSize : 22 <-- 0.005752 s
currentSize : 24 <-- 0.006218 s
currentSize : 25 <-- 0.013070 s
currentSize : 26 <-- 0.016896 s
currentSize : 27 <-- 4.103062 s
currentSize : 28 <-- 35.167801 s
currentSize : 29 <-- 129.323898 s
currentSize : 30 <-- 366.932922 s

TIMEOUT
maxsize : 30
nodes : 214735583.000000
filtered : 1819047535.000000
time : 1000.000000
