Parameters: GAD=1 vflib=1 dir=0 label=1 lowerbound=1 fileNameGp=../../cp2016-max-common-connected-subgraph-paper/datasets/graphsdb/mcs30/m2D/m2Dr4/mcs30_m2Dr4_s100.A00 fileNameGt=../../cp2016-max-common-connected-subgraph-paper/datasets/graphsdb/mcs30/m2D/m2Dr4/mcs30_m2Dr4_s100.B00
Reading graphs...
100 :  217
100 :  218
Initializing...
maxdom : 6
D->valSize : 350
Solving...
Blb : 2 (clique : 30)
currentSize : 30 <-- 0.003457 s
currentSize : 31 <-- 0.004029 s
currentSize : 32 <-- 0.011254 s
currentSize : 33 <-- 0.050545 s
currentSize : 34 <-- 0.131825 s
currentSize : 35 <-- 1.151502 s
currentSize : 36 <-- 88.641853 s

TIMEOUT
maxsize : 36
nodes : 232640337.000000
filtered : 914116644.000000
time : 1000.000061
