Parameters: GAD=1 vflib=1 dir=0 label=1 lowerbound=1 fileNameGp=../../cp2016-max-common-connected-subgraph-paper/datasets/graphsdb/mcs30/m2D/m2D/mcs30_m2D_s50.A06 fileNameGt=../../cp2016-max-common-connected-subgraph-paper/datasets/graphsdb/mcs30/m2D/m2D/mcs30_m2D_s50.B06
Reading graphs...
50 :  85
50 :  85
Initializing...
maxdom : 10
D->valSize : 338
Solving...
Blb : 2 (clique : 19)
currentSize : 19 <-- 0.002480 s
currentSize : 20 <-- 0.002838 s
currentSize : 21 <-- 0.004438 s
currentSize : 22 <-- 0.121950 s
currentSize : 23 <-- 6.270596 s
currentSize : 24 <-- 6.654234 s
currentSize : 25 <-- 9.400844 s
currentSize : 26 <-- 217.967697 s

maxsize : 26
nodes : 73512930.000000
filtered : 1001442794.000000
time : 336.482147
