Parameters: GAD=1 vflib=1 dir=0 label=1 lowerbound=1 fileNameGp=../../cp2016-max-common-connected-subgraph-paper/datasets/graphsdb/mcs30/rand/r02/mcs30_r02_s70.A02 fileNameGt=../../cp2016-max-common-connected-subgraph-paper/datasets/graphsdb/mcs30/rand/r02/mcs30_r02_s70.B02
Reading graphs...
70 :  879
70 :  865
Initializing...
maxdom : 8
D->valSize : 328
Solving...
Blb : 2 (clique : 7)
currentSize : 7 <-- 0.002502 s
currentSize : 9 <-- 0.002563 s
currentSize : 10 <-- 0.002870 s
currentSize : 11 <-- 0.004495 s
currentSize : 12 <-- 0.004583 s
currentSize : 13 <-- 0.004720 s
currentSize : 14 <-- 0.005101 s
currentSize : 15 <-- 0.016874 s
currentSize : 16 <-- 0.049899 s
currentSize : 19 <-- 0.050168 s

maxsize : 19
nodes : 22639.000000
filtered : 471275.000000
time : 0.131918
