Parameters: GAD=1 vflib=1 dir=0 label=1 lowerbound=1 fileNameGp=../../cp2016-max-common-connected-subgraph-paper/datasets/graphsdb/mcs30/m4D/m4Dr6/mcs30_m4Dr6_s70.A00 fileNameGt=../../cp2016-max-common-connected-subgraph-paper/datasets/graphsdb/mcs30/m4D/m4Dr6/mcs30_m4Dr6_s70.B00
Reading graphs...
70 :  158
70 :  156
Initializing...
maxdom : 11
D->valSize : 329
Solving...
Blb : 2 (clique : 22)
currentSize : 22 <-- 0.002742 s
currentSize : 23 <-- 0.032301 s
currentSize : 24 <-- 0.098399 s
currentSize : 25 <-- 0.324338 s
currentSize : 26 <-- 1.264132 s
currentSize : 27 <-- 7.120703 s

TIMEOUT
maxsize : 27
nodes : 239593198.000000
filtered : 1743192524.000000
time : 1000.000000
