Parameters: GAD=1 vflib=1 dir=0 label=1 lowerbound=1 fileNameGp=../../cp2016-max-common-connected-subgraph-paper/datasets/graphsdb/mcs30/bvg/b09/mcs30_b09_s90.A00 fileNameGt=../../cp2016-max-common-connected-subgraph-paper/datasets/graphsdb/mcs30/bvg/b09/mcs30_b09_s90.B00
Reading graphs...
90 :  402
90 :  400
Initializing...
maxdom : 13
D->valSize : 528
Solving...
Blb : 2 (clique : 20)
currentSize : 20 <-- 0.005761 s
currentSize : 21 <-- 0.016101 s
currentSize : 22 <-- 0.016168 s
currentSize : 23 <-- 1.998727 s
currentSize : 24 <-- 165.825394 s
currentSize : 25 <-- 165.825851 s
currentSize : 26 <-- 167.342743 s
currentSize : 27 <-- 367.047913 s
currentSize : 28 <-- 677.157898 s

TIMEOUT
maxsize : 28
nodes : 192009288.000000
filtered : 2064301353.000000
time : 1000.000000
