Parameters: GAD=1 vflib=1 dir=0 label=1 lowerbound=1 fileNameGp=../../cp2016-max-common-connected-subgraph-paper/datasets/graphsdb/mcs30/rand/r005/mcs30_r005_s60.A02 fileNameGt=../../cp2016-max-common-connected-subgraph-paper/datasets/graphsdb/mcs30/rand/r005/mcs30_r005_s60.B02
Reading graphs...
60 :  176
60 :  175
Initializing...
maxdom : 8
D->valSize : 257
Solving...
Blb : 5 (clique : 16)
currentSize : 16 <-- 0.001792 s
currentSize : 17 <-- 0.001967 s
currentSize : 18 <-- 0.036330 s
currentSize : 19 <-- 0.043408 s
currentSize : 20 <-- 0.167162 s
currentSize : 21 <-- 2.053207 s
currentSize : 22 <-- 4.069945 s

maxsize : 22
nodes : 12368220.000000
filtered : 109717296.000000
time : 57.400459
