Parameters: GAD=1 vflib=1 dir=0 label=1 lowerbound=1 fileNameGp=../../cp2016-max-common-connected-subgraph-paper/datasets/graphsdb/mcs30/m2D/m2Dr4/mcs30_m2Dr4_s50.A01 fileNameGt=../../cp2016-max-common-connected-subgraph-paper/datasets/graphsdb/mcs30/m2D/m2Dr4/mcs30_m2Dr4_s50.B01
Reading graphs...
50 :  105
50 :  104
Initializing...
maxdom : 10
D->valSize : 351
Solving...
Blb : 2 (clique : 19)
currentSize : 19 <-- 0.002503 s
currentSize : 20 <-- 0.002611 s
currentSize : 21 <-- 0.003015 s
currentSize : 22 <-- 0.093528 s
currentSize : 23 <-- 53.037361 s

maxsize : 23
nodes : 158427098.000000
filtered : 1899426795.000000
time : 674.436279
