Parameters: GAD=1 vflib=1 dir=0 label=1 lowerbound=1 fileNameGp=../../cp2016-max-common-connected-subgraph-paper/datasets/graphsdb/mcs30/m3D/m3Dr4/mcs30_m3Dr4_s100.A03 fileNameGt=../../cp2016-max-common-connected-subgraph-paper/datasets/graphsdb/mcs30/m3D/m3Dr4/mcs30_m3Dr4_s100.B03
Reading graphs...
100 :  271
100 :  272
Initializing...
maxdom : 7
D->valSize : 345
Solving...
Blb : 2 (clique : 27)
currentSize : 27 <-- 0.003369 s
currentSize : 28 <-- 0.004053 s
currentSize : 29 <-- 0.007449 s
currentSize : 30 <-- 0.014740 s
currentSize : 31 <-- 0.217415 s
currentSize : 32 <-- 0.881050 s
currentSize : 33 <-- 17.301054 s
currentSize : 34 <-- 17.433184 s
currentSize : 35 <-- 443.875946 s
currentSize : 36 <-- 568.733765 s

TIMEOUT
maxsize : 36
nodes : 214308621.000000
filtered : 772480688.000000
time : 1000.000061
