Parameters: GAD=1 vflib=1 dir=0 label=1 lowerbound=1 fileNameGp=../../cp2016-max-common-connected-subgraph-paper/datasets/graphsdb/mcs30/m3D/m3Dr4/mcs30_m3Dr4_s100.A04 fileNameGt=../../cp2016-max-common-connected-subgraph-paper/datasets/graphsdb/mcs30/m3D/m3Dr4/mcs30_m3Dr4_s100.B04
Reading graphs...
100 :  271
100 :  272
Initializing...
maxdom : 7
D->valSize : 329
Solving...
Blb : 2 (clique : 26)
currentSize : 26 <-- 0.003118 s
currentSize : 27 <-- 0.129839 s
currentSize : 28 <-- 2.932000 s
currentSize : 29 <-- 5.117516 s
currentSize : 30 <-- 21.789515 s
currentSize : 31 <-- 206.291901 s
currentSize : 32 <-- 237.757263 s
currentSize : 33 <-- 690.459229 s

TIMEOUT
maxsize : 33
nodes : 213821845.000000
filtered : 743657031.000000
time : 1000.000061
