Parameters: GAD=1 vflib=1 dir=0 label=1 lowerbound=1 fileNameGp=../../cp2016-max-common-connected-subgraph-paper/datasets/graphsdb/mcs30/m3D/m3D/mcs30_m3D_s90.A04 fileNameGt=../../cp2016-max-common-connected-subgraph-paper/datasets/graphsdb/mcs30/m3D/m3D/mcs30_m3D_s90.B04
Reading graphs...
90 :  206
90 :  207
Initializing...
maxdom : 10
D->valSize : 527
Solving...
Blb : 2 (clique : 25)
currentSize : 25 <-- 0.006034 s
currentSize : 26 <-- 0.025013 s
currentSize : 27 <-- 0.032326 s
currentSize : 28 <-- 0.095287 s
currentSize : 29 <-- 0.275800 s
currentSize : 30 <-- 2.522229 s
currentSize : 31 <-- 55.745178 s

TIMEOUT
maxsize : 31
nodes : 235774703.000000
filtered : 1540388285.000000
time : 1000.000000
