Parameters: GAD=1 vflib=1 dir=0 label=1 lowerbound=1 fileNameGp=../../cp2016-max-common-connected-subgraph-paper/datasets/graphsdb/mcs30/rand/r01/mcs30_r01_s80.A01 fileNameGt=../../cp2016-max-common-connected-subgraph-paper/datasets/graphsdb/mcs30/rand/r01/mcs30_r01_s80.B01
Reading graphs...
80 :  598
80 :  588
Initializing...
maxdom : 8
D->valSize : 440
Solving...
Blb : 5 (clique : 13)
currentSize : 13 <-- 0.006019 s
currentSize : 14 <-- 0.006445 s
currentSize : 16 <-- 0.007348 s
currentSize : 17 <-- 0.009231 s
currentSize : 18 <-- 0.012114 s
currentSize : 19 <-- 0.338286 s
currentSize : 20 <-- 21.203279 s
currentSize : 21 <-- 21.203791 s
currentSize : 22 <-- 36.620407 s
currentSize : 23 <-- 38.214191 s
currentSize : 24 <-- 49.476624 s

maxsize : 24
nodes : 10560696.000000
filtered : 170148569.000000
time : 64.161949
