Parameters: GAD=1 vflib=1 dir=0 label=1 lowerbound=1 fileNameGp=../../cp2016-max-common-connected-subgraph-paper/datasets/graphsdb/mcs30/m4D/m4Dr6/mcs30_m4Dr6_s90.A09 fileNameGt=../../cp2016-max-common-connected-subgraph-paper/datasets/graphsdb/mcs30/m4D/m4Dr6/mcs30_m4Dr6_s90.B09
Reading graphs...
90 :  197
90 :  199
Initializing...
maxdom : 9
D->valSize : 513
Solving...
Blb : 5 (clique : 29)
currentSize : 29 <-- 0.005626 s
currentSize : 30 <-- 0.005898 s
currentSize : 31 <-- 0.014006 s
currentSize : 32 <-- 0.311460 s
currentSize : 33 <-- 2.063208 s
currentSize : 34 <-- 24.067106 s
currentSize : 35 <-- 368.639282 s

TIMEOUT
maxsize : 35
nodes : 214004353.000000
filtered : 1136900764.000000
time : 1000.000061
