Parameters: GAD=1 vflib=1 dir=0 label=1 lowerbound=1 fileNameGp=../../cp2016-max-common-connected-subgraph-paper/datasets/graphsdb/mcs30/m4D/m4Dr4/mcs30_m4Dr4_s70.A05 fileNameGt=../../cp2016-max-common-connected-subgraph-paper/datasets/graphsdb/mcs30/m4D/m4Dr4/mcs30_m4Dr4_s70.B05
Reading graphs...
70 :  145
70 :  144
Initializing...
maxdom : 10
D->valSize : 309
Solving...
Blb : 3 (clique : 23)
currentSize : 23 <-- 0.003746 s
currentSize : 24 <-- 0.005846 s
currentSize : 25 <-- 0.094147 s
currentSize : 26 <-- 7.470267 s
currentSize : 27 <-- 10.520920 s
currentSize : 28 <-- 25.753056 s
currentSize : 29 <-- 371.151703 s

TIMEOUT
maxsize : 29
nodes : 239585819.000000
filtered : 1781650257.000000
time : 1000.000000
