Parameters: GAD=1 vflib=1 dir=0 label=1 lowerbound=1 fileNameGp=../../cp2016-max-common-connected-subgraph-paper/datasets/graphsdb/mcs30/rand/r001/mcs30_r001_s100.A00 fileNameGt=../../cp2016-max-common-connected-subgraph-paper/datasets/graphsdb/mcs30/rand/r001/mcs30_r001_s100.B00
Reading graphs...
100 :  118
100 :  120
Initializing...
maxdom : 7
D->valSize : 342
Solving...
Blb : 2 (clique : 42)
currentSize : 42 <-- 0.003757 s
currentSize : 43 <-- 0.027792 s
currentSize : 44 <-- 0.031867 s
currentSize : 45 <-- 0.048132 s
currentSize : 46 <-- 0.347142 s
currentSize : 47 <-- 1.134061 s

TIMEOUT
maxsize : 47
nodes : 221812016.000000
filtered : 842066951.000000
time : 1000.000061
