Parameters: GAD=1 vflib=1 dir=0 label=1 lowerbound=1 fileNameGp=../../cp2016-max-common-connected-subgraph-paper/datasets/graphsdb/mcs30/rand/r01/mcs30_r01_s90.A05 fileNameGt=../../cp2016-max-common-connected-subgraph-paper/datasets/graphsdb/mcs30/rand/r01/mcs30_r01_s90.B05
Reading graphs...
90 :  766
90 :  764
Initializing...
maxdom : 12
D->valSize : 496
Solving...
Blb : 2 (clique : 13)
currentSize : 13 <-- 0.004963 s
currentSize : 14 <-- 0.006807 s
currentSize : 15 <-- 0.121117 s
currentSize : 16 <-- 0.460597 s
currentSize : 17 <-- 0.712327 s
currentSize : 18 <-- 0.713920 s
currentSize : 19 <-- 26.677809 s
currentSize : 20 <-- 39.688110 s
currentSize : 21 <-- 39.691212 s
currentSize : 22 <-- 39.691254 s
currentSize : 23 <-- 39.691280 s
currentSize : 24 <-- 39.692490 s
currentSize : 25 <-- 39.692535 s

maxsize : 25
nodes : 12347825.000000
filtered : 197805287.000000
time : 75.318413
