Parameters: GAD=1 vflib=1 dir=0 label=1 lowerbound=1 fileNameGp=../../cp2016-max-common-connected-subgraph-paper/datasets/graphsdb/mcs30/m4D/m4Dr2/mcs30_m4Dr2_s60.A07 fileNameGt=../../cp2016-max-common-connected-subgraph-paper/datasets/graphsdb/mcs30/m4D/m4Dr2/mcs30_m4Dr2_s60.B07
Reading graphs...
60 :  111
60 :  114
Initializing...
maxdom : 8
D->valSize : 245
Solving...
Blb : 5 (clique : 21)
currentSize : 21 <-- 0.002737 s
currentSize : 22 <-- 0.134604 s
currentSize : 23 <-- 0.306537 s
currentSize : 24 <-- 2.136083 s
currentSize : 25 <-- 2.136176 s
currentSize : 26 <-- 36.275021 s

maxsize : 26
nodes : 27628878.000000
filtered : 219811823.000000
time : 115.556801
