Parameters: GAD=1 vflib=1 dir=0 label=1 lowerbound=1 fileNameGp=../../cp2016-max-common-connected-subgraph-paper/datasets/graphsdb/mcs30/bvg/b06m/mcs30_b06m_s100.A00 fileNameGt=../../cp2016-max-common-connected-subgraph-paper/datasets/graphsdb/mcs30/bvg/b06m/mcs30_b06m_s100.B00
Reading graphs...
100 :  294
100 :  294
Initializing...
maxdom : 10
D->valSize : 356
Solving...
Blb : 3 (clique : 29)
currentSize : 29 <-- 0.005519 s
currentSize : 30 <-- 1.915470 s
currentSize : 31 <-- 3.402281 s
currentSize : 32 <-- 42.967228 s
currentSize : 33 <-- 44.952026 s
currentSize : 34 <-- 321.909485 s

TIMEOUT
maxsize : 34
nodes : 198335746.000000
filtered : 817195325.000000
time : 1000.000061
