Parameters: GAD=1 vflib=1 dir=0 label=1 lowerbound=1 fileNameGp=../../cp2016-max-common-connected-subgraph-paper/datasets/graphsdb/mcs30/m4D/m4Dr6/mcs30_m4Dr6_s70.A06 fileNameGt=../../cp2016-max-common-connected-subgraph-paper/datasets/graphsdb/mcs30/m4D/m4Dr6/mcs30_m4Dr6_s70.B06
Reading graphs...
70 :  158
70 :  156
Initializing...
maxdom : 8
D->valSize : 329
Solving...
Blb : 2 (clique : 24)
currentSize : 24 <-- 0.002688 s
currentSize : 25 <-- 0.002836 s
currentSize : 26 <-- 0.002980 s
currentSize : 27 <-- 0.017211 s
currentSize : 28 <-- 184.327194 s
currentSize : 29 <-- 184.328430 s

TIMEOUT
maxsize : 29
nodes : 218704600.000000
filtered : 1851114035.000000
time : 1000.000000
