Parameters: GAD=1 vflib=1 dir=0 label=1 lowerbound=1 fileNameGp=../../cp2016-max-common-connected-subgraph-paper/datasets/graphsdb/mcs30/bvg/b03/mcs30_b03_s80.A07 fileNameGt=../../cp2016-max-common-connected-subgraph-paper/datasets/graphsdb/mcs30/bvg/b03/mcs30_b03_s80.B07
Reading graphs...
80 :  120
80 :  119
Initializing...
maxdom : 10
D->valSize : 431
Solving...
Blb : 5 (clique : 30)
currentSize : 30 <-- 0.004173 s
currentSize : 31 <-- 0.004517 s
currentSize : 32 <-- 0.004629 s
currentSize : 33 <-- 0.063468 s
currentSize : 34 <-- 0.135218 s
currentSize : 35 <-- 0.813743 s
currentSize : 36 <-- 4.230983 s
currentSize : 37 <-- 223.881775 s

TIMEOUT
maxsize : 37
nodes : 237326354.000000
filtered : 1489899039.000000
time : 1000.000061
