Parameters: GAD=1 vflib=1 dir=0 label=1 lowerbound=1 fileNameGp=../../cp2016-max-common-connected-subgraph-paper/datasets/graphsdb/mcs30/rand/r02/mcs30_r02_s100.A09 fileNameGt=../../cp2016-max-common-connected-subgraph-paper/datasets/graphsdb/mcs30/rand/r02/mcs30_r02_s100.B09
Reading graphs...
100 :  1782
100 :  1786
Initializing...
maxdom : 7
D->valSize : 357
Solving...
Blb : 2 (clique : 7)
currentSize : 7 <-- 0.005192 s
currentSize : 9 <-- 0.005377 s
currentSize : 10 <-- 0.005775 s
currentSize : 11 <-- 0.006404 s
currentSize : 12 <-- 0.007168 s
currentSize : 13 <-- 0.007695 s
currentSize : 14 <-- 0.009290 s
currentSize : 16 <-- 0.009419 s
currentSize : 17 <-- 0.009534 s
currentSize : 19 <-- 0.096259 s
currentSize : 25 <-- 0.176102 s
currentSize : 26 <-- 0.176385 s

maxsize : 26
nodes : 37887.000000
filtered : 704321.000000
time : 0.378100
