Parameters: GAD=1 vflib=1 dir=0 label=1 lowerbound=1 fileNameGp=../../cp2016-max-common-connected-subgraph-paper/datasets/graphsdb/mcs30/m4D/m4Dr2/mcs30_m4Dr2_s70.A04 fileNameGt=../../cp2016-max-common-connected-subgraph-paper/datasets/graphsdb/mcs30/m4D/m4Dr2/mcs30_m4Dr2_s70.B04
Reading graphs...
70 :  131
70 :  132
Initializing...
maxdom : 8
D->valSize : 313
Solving...
Blb : 2 (clique : 24)
currentSize : 24 <-- 0.003997 s
currentSize : 25 <-- 0.007777 s
currentSize : 26 <-- 0.298418 s
currentSize : 27 <-- 0.311607 s
currentSize : 28 <-- 0.562908 s
currentSize : 29 <-- 0.667306 s
currentSize : 30 <-- 0.671493 s

TIMEOUT
maxsize : 30
nodes : 225915074.000000
filtered : 1778569675.000000
time : 1000.000061
