Parameters: GAD=1 vflib=1 dir=0 label=1 lowerbound=1 fileNameGp=../../cp2016-max-common-connected-subgraph-paper/datasets/graphsdb/mcs30/m2D/m2Dr4/mcs30_m2Dr4_s60.A02 fileNameGt=../../cp2016-max-common-connected-subgraph-paper/datasets/graphsdb/mcs30/m2D/m2Dr4/mcs30_m2Dr4_s60.B02
Reading graphs...
60 :  127
60 :  126
Initializing...
maxdom : 9
D->valSize : 276
Solving...
Blb : 2 (clique : 20)
currentSize : 20 <-- 0.003198 s
currentSize : 21 <-- 0.004381 s
currentSize : 22 <-- 0.005295 s
currentSize : 23 <-- 0.061711 s
currentSize : 24 <-- 0.268943 s
currentSize : 25 <-- 222.159241 s
currentSize : 26 <-- 222.304260 s

maxsize : 26
nodes : 95834660.000000
filtered : 801723296.000000
time : 385.332733
