Parameters: GAD=1 vflib=1 dir=0 label=1 lowerbound=1 fileNameGp=../../cp2016-max-common-connected-subgraph-paper/datasets/graphsdb/mcs30/rand/r01/mcs30_r01_s70.A06 fileNameGt=../../cp2016-max-common-connected-subgraph-paper/datasets/graphsdb/mcs30/rand/r01/mcs30_r01_s70.B06
Reading graphs...
70 :  451
70 :  460
Initializing...
maxdom : 7
D->valSize : 334
Solving...
Blb : 2 (clique : 13)
currentSize : 13 <-- 0.003892 s
currentSize : 15 <-- 0.004166 s
currentSize : 16 <-- 0.008898 s
currentSize : 17 <-- 0.008947 s
currentSize : 18 <-- 0.012807 s
currentSize : 19 <-- 0.012846 s
currentSize : 20 <-- 0.097914 s
currentSize : 21 <-- 0.098176 s

maxsize : 21
nodes : 588854.000000
filtered : 10873104.000000
time : 3.678552
