Parameters: GAD=1 vflib=1 dir=0 label=1 lowerbound=1 fileNameGp=../../cp2016-max-common-connected-subgraph-paper/datasets/graphsdb/mcs30/rand/r01/mcs30_r01_s100.A01 fileNameGt=../../cp2016-max-common-connected-subgraph-paper/datasets/graphsdb/mcs30/rand/r01/mcs30_r01_s100.B01
Reading graphs...
100 :  941
100 :  943
Initializing...
maxdom : 7
D->valSize : 327
Solving...
Blb : 2 (clique : 17)
currentSize : 17 <-- 0.004819 s
currentSize : 18 <-- 0.005044 s
currentSize : 19 <-- 0.005714 s
currentSize : 20 <-- 0.008221 s
currentSize : 21 <-- 0.011497 s
currentSize : 22 <-- 0.011605 s
currentSize : 23 <-- 0.023226 s
currentSize : 24 <-- 0.041169 s
currentSize : 25 <-- 0.046295 s
currentSize : 26 <-- 0.046386 s
currentSize : 29 <-- 0.048528 s

maxsize : 29
nodes : 602271.000000
filtered : 7330861.000000
time : 4.011028
