Parameters: GAD=1 vflib=1 dir=0 label=1 lowerbound=1 fileNameGp=../../cp2016-max-common-connected-subgraph-paper/datasets/graphsdb/mcs30/m4D/m4Dr4/mcs30_m4Dr4_s80.A05 fileNameGt=../../cp2016-max-common-connected-subgraph-paper/datasets/graphsdb/mcs30/m4D/m4Dr4/mcs30_m4Dr4_s80.B05
Reading graphs...
80 :  162
80 :  160
Initializing...
maxdom : 9
D->valSize : 407
Solving...
Blb : 2 (clique : 27)
currentSize : 27 <-- 0.003851 s
currentSize : 29 <-- 0.004270 s
currentSize : 30 <-- 0.005190 s
currentSize : 31 <-- 0.005255 s
currentSize : 32 <-- 0.014160 s
currentSize : 33 <-- 0.576783 s
currentSize : 34 <-- 3.671130 s

TIMEOUT
maxsize : 34
nodes : 221175623.000000
filtered : 1720514841.000000
time : 1000.000000
