Parameters: GAD=1 vflib=1 dir=0 label=1 lowerbound=1 fileNameGp=../../cp2016-max-common-connected-subgraph-paper/datasets/graphsdb/mcs30/m3D/m3Dr6/mcs30_m3Dr6_s70.A07 fileNameGt=../../cp2016-max-common-connected-subgraph-paper/datasets/graphsdb/mcs30/m3D/m3Dr6/mcs30_m3Dr6_s70.B07
Reading graphs...
70 :  196
70 :  194
Initializing...
maxdom : 9
D->valSize : 317
Solving...
Blb : 2 (clique : 17)
currentSize : 17 <-- 0.002611 s
currentSize : 18 <-- 0.002772 s
currentSize : 19 <-- 0.002820 s
currentSize : 20 <-- 0.005635 s
currentSize : 21 <-- 0.050863 s
currentSize : 22 <-- 0.968166 s
currentSize : 23 <-- 11.228321 s
currentSize : 24 <-- 307.071930 s
currentSize : 25 <-- 314.756439 s
currentSize : 26 <-- 315.487122 s
currentSize : 27 <-- 315.487396 s
currentSize : 28 <-- 408.974091 s

TIMEOUT
maxsize : 28
nodes : 223520126.000000
filtered : 1896071426.000000
time : 1000.000000
