Parameters: GAD=1 vflib=1 dir=0 label=1 lowerbound=1 fileNameGp=../../cp2016-max-common-connected-subgraph-paper/datasets/graphsdb/mcs30/bvg/b06/mcs30_b06_s50.A03 fileNameGt=../../cp2016-max-common-connected-subgraph-paper/datasets/graphsdb/mcs30/bvg/b06/mcs30_b06_s50.B03
Reading graphs...
50 :  147
50 :  146
Initializing...
maxdom : 10
D->valSize : 303
Solving...
Blb : 2 (clique : 16)
currentSize : 16 <-- 0.002100 s
currentSize : 17 <-- 0.002313 s
currentSize : 18 <-- 0.217187 s
currentSize : 19 <-- 36.369057 s
currentSize : 20 <-- 36.369122 s
currentSize : 21 <-- 79.640984 s

maxsize : 21
nodes : 40972574.000000
filtered : 506780054.000000
time : 162.244659
