Parameters: GAD=1 vflib=1 dir=0 label=1 lowerbound=1 fileNameGp=../../cp2016-max-common-connected-subgraph-paper/datasets/graphsdb/mcs30/m3D/m3Dr4/mcs30_m3Dr4_s90.A05 fileNameGt=../../cp2016-max-common-connected-subgraph-paper/datasets/graphsdb/mcs30/m3D/m3Dr4/mcs30_m3Dr4_s90.B05
Reading graphs...
90 :  237
90 :  241
Initializing...
maxdom : 9
D->valSize : 546
Solving...
Blb : 2 (clique : 27)
currentSize : 27 <-- 0.006342 s
currentSize : 28 <-- 60.451336 s
currentSize : 29 <-- 61.342224 s
currentSize : 30 <-- 308.495148 s
currentSize : 31 <-- 444.161591 s
currentSize : 32 <-- 534.038696 s

TIMEOUT
maxsize : 32
nodes : 224509741.000000
filtered : 1382923207.000000
time : 1000.000061
