Parameters: GAD=1 vflib=1 dir=0 label=1 lowerbound=1 fileNameGp=../../cp2016-max-common-connected-subgraph-paper/datasets/graphsdb/mcs30/bvg/b03/mcs30_b03_s100.A07 fileNameGt=../../cp2016-max-common-connected-subgraph-paper/datasets/graphsdb/mcs30/bvg/b03/mcs30_b03_s100.B07
Reading graphs...
100 :  150
100 :  149
Initializing...
maxdom : 8
D->valSize : 366
Solving...
Blb : 2 (clique : 34)
currentSize : 34 <-- 0.003884 s
currentSize : 35 <-- 0.018623 s
currentSize : 36 <-- 0.348551 s
currentSize : 37 <-- 0.765673 s
currentSize : 38 <-- 10.261633 s
currentSize : 39 <-- 45.804161 s
currentSize : 40 <-- 98.190903 s
currentSize : 41 <-- 162.848022 s
currentSize : 42 <-- 221.742325 s

TIMEOUT
maxsize : 42
nodes : 229885780.000000
filtered : 1023328415.000000
time : 1000.000061
