Parameters: GAD=1 vflib=1 dir=0 label=1 lowerbound=1 fileNameGp=../../cp2016-max-common-connected-subgraph-paper/datasets/graphsdb/mcs30/bvg/b06/mcs30_b06_s50.A02 fileNameGt=../../cp2016-max-common-connected-subgraph-paper/datasets/graphsdb/mcs30/bvg/b06/mcs30_b06_s50.B02
Reading graphs...
50 :  148
50 :  150
Initializing...
maxdom : 10
D->valSize : 332
Solving...
Blb : 2 (clique : 17)
currentSize : 17 <-- 0.002432 s
currentSize : 18 <-- 0.002823 s
currentSize : 19 <-- 0.003800 s
currentSize : 20 <-- 15.315541 s
currentSize : 21 <-- 175.379700 s

maxsize : 21
nodes : 56651239.000000
filtered : 777338444.000000
time : 251.389252
