Parameters: GAD=1 vflib=1 dir=0 label=1 lowerbound=1 fileNameGp=../../cp2016-max-common-connected-subgraph-paper/datasets/graphsdb/mcs30/bvg/b09m/mcs30_b09m_s50.A03 fileNameGt=../../cp2016-max-common-connected-subgraph-paper/datasets/graphsdb/mcs30/bvg/b09m/mcs30_b09m_s50.B03
Reading graphs...
50 :  210
50 :  213
Initializing...
maxdom : 11
D->valSize : 355
Solving...
Blb : 5 (clique : 12)
currentSize : 12 <-- 0.002403 s
currentSize : 13 <-- 0.020001 s
currentSize : 14 <-- 0.020041 s
currentSize : 15 <-- 0.027732 s
currentSize : 16 <-- 0.246231 s
currentSize : 17 <-- 10.796985 s

maxsize : 17
nodes : 5223361.000000
filtered : 94239852.000000
time : 24.568260
