Parameters: GAD=1 vflib=1 dir=0 label=1 lowerbound=1 fileNameGp=../../cp2016-max-common-connected-subgraph-paper/datasets/graphsdb/mcs30/bvg/b09/mcs30_b09_s60.A04 fileNameGt=../../cp2016-max-common-connected-subgraph-paper/datasets/graphsdb/mcs30/bvg/b09/mcs30_b09_s60.B04
Reading graphs...
60 :  266
60 :  262
Initializing...
maxdom : 5
D->valSize : 241
Solving...
Blb : 2 (clique : 11)
currentSize : 11 <-- 0.001542 s
currentSize : 12 <-- 0.001621 s
currentSize : 13 <-- 0.001760 s
currentSize : 14 <-- 0.002413 s
currentSize : 15 <-- 0.043595 s
currentSize : 16 <-- 0.061055 s
currentSize : 18 <-- 0.661517 s
currentSize : 19 <-- 1.610454 s
currentSize : 20 <-- 5.186937 s

maxsize : 20
nodes : 3487673.000000
filtered : 20852088.000000
time : 13.630585
