Parameters: GAD=1 vflib=1 dir=0 label=1 lowerbound=1 fileNameGp=../../cp2016-max-common-connected-subgraph-paper/datasets/graphsdb/mcs30/bvg/b03m/mcs30_b03m_s50.A00 fileNameGt=../../cp2016-max-common-connected-subgraph-paper/datasets/graphsdb/mcs30/bvg/b03m/mcs30_b03m_s50.B00
Reading graphs...
50 :  75
50 :  74
Initializing...
maxdom : 14
D->valSize : 391
Solving...
Blb : 5 (clique : 21)
currentSize : 21 <-- 0.003164 s
currentSize : 22 <-- 0.003290 s
currentSize : 23 <-- 0.003349 s
currentSize : 24 <-- 0.005695 s
currentSize : 25 <-- 0.005794 s
currentSize : 26 <-- 30.859900 s

TIMEOUT
maxsize : 26
nodes : 245623110.000000
filtered : 3714920485.000000
time : 1000.000000
