Parameters: GAD=1 vflib=1 dir=0 label=1 lowerbound=1 fileNameGp=../../cp2016-max-common-connected-subgraph-paper/datasets/graphsdb/mcs30/m4D/m4Dr2/mcs30_m4Dr2_s60.A04 fileNameGt=../../cp2016-max-common-connected-subgraph-paper/datasets/graphsdb/mcs30/m4D/m4Dr2/mcs30_m4Dr2_s60.B04
Reading graphs...
60 :  114
60 :  113
Initializing...
maxdom : 6
D->valSize : 241
Solving...
Blb : 3 (clique : 20)
currentSize : 20 <-- 0.001608 s
currentSize : 21 <-- 0.006050 s
currentSize : 22 <-- 0.076037 s
currentSize : 23 <-- 0.233555 s
currentSize : 24 <-- 9.083682 s
currentSize : 25 <-- 47.402195 s
currentSize : 26 <-- 57.928680 s

maxsize : 26
nodes : 34203048.000000
filtered : 250520658.000000
time : 142.407410
