Parameters: GAD=1 vflib=1 dir=0 label=1 lowerbound=1 fileNameGp=../../cp2016-max-common-connected-subgraph-paper/datasets/graphsdb/mcs30/m3D/m3Dr6/mcs30_m3Dr6_s70.A01 fileNameGt=../../cp2016-max-common-connected-subgraph-paper/datasets/graphsdb/mcs30/m3D/m3Dr6/mcs30_m3Dr6_s70.B01
Reading graphs...
70 :  198
70 :  200
Initializing...
maxdom : 9
D->valSize : 329
Solving...
Blb : 3 (clique : 21)
currentSize : 21 <-- 0.002688 s
currentSize : 22 <-- 0.236732 s
currentSize : 23 <-- 0.547281 s
currentSize : 24 <-- 2.875456 s
currentSize : 25 <-- 59.211361 s
currentSize : 26 <-- 79.845215 s
currentSize : 27 <-- 103.753006 s
currentSize : 28 <-- 129.817047 s
currentSize : 29 <-- 129.831863 s
currentSize : 30 <-- 129.842422 s
currentSize : 31 <-- 129.879822 s

maxsize : 31
nodes : 100527128.000000
filtered : 901862748.000000
time : 491.633575
