Parameters: GAD=1 vflib=1 dir=0 label=1 lowerbound=1 fileNameGp=../../cp2016-max-common-connected-subgraph-paper/datasets/graphsdb/mcs30/bvg/b06/mcs30_b06_s100.A05 fileNameGt=../../cp2016-max-common-connected-subgraph-paper/datasets/graphsdb/mcs30/bvg/b06/mcs30_b06_s100.B05
Reading graphs...
100 :  298
100 :  298
Initializing...
maxdom : 6
D->valSize : 345
Solving...
Blb : 2 (clique : 24)
currentSize : 24 <-- 0.003289 s
currentSize : 25 <-- 0.036401 s
currentSize : 26 <-- 0.378205 s
currentSize : 27 <-- 1.353862 s
currentSize : 28 <-- 18.022379 s
currentSize : 29 <-- 19.636145 s
currentSize : 30 <-- 41.109226 s
currentSize : 31 <-- 41.116718 s
currentSize : 32 <-- 116.121902 s
currentSize : 33 <-- 117.634300 s
currentSize : 34 <-- 117.645294 s
currentSize : 35 <-- 118.883057 s
currentSize : 36 <-- 145.060364 s

TIMEOUT
maxsize : 36
nodes : 196384952.000000
filtered : 820459602.000000
time : 1000.000061
