Parameters: GAD=1 vflib=1 dir=0 label=1 lowerbound=1 fileNameGp=../../cp2016-max-common-connected-subgraph-paper/datasets/graphsdb/mcs30/rand/r01/mcs30_r01_s60.A03 fileNameGt=../../cp2016-max-common-connected-subgraph-paper/datasets/graphsdb/mcs30/rand/r01/mcs30_r01_s60.B03
Reading graphs...
60 :  336
60 :  335
Initializing...
maxdom : 7
D->valSize : 232
Solving...
Blb : 2 (clique : 10)
currentSize : 10 <-- 0.001554 s
currentSize : 11 <-- 0.001685 s
currentSize : 12 <-- 0.003117 s
currentSize : 13 <-- 0.005706 s
currentSize : 14 <-- 0.046873 s
currentSize : 15 <-- 0.051688 s
currentSize : 16 <-- 0.051744 s
currentSize : 17 <-- 0.582732 s
currentSize : 18 <-- 0.622337 s
currentSize : 19 <-- 0.622445 s

maxsize : 19
nodes : 366875.000000
filtered : 3943322.000000
time : 1.658163
