Parameters: GAD=1 vflib=1 dir=0 label=1 lowerbound=1 fileNameGp=../../cp2016-max-common-connected-subgraph-paper/datasets/graphsdb/mcs30/rand/r005/mcs30_r005_s100.A09 fileNameGt=../../cp2016-max-common-connected-subgraph-paper/datasets/graphsdb/mcs30/rand/r005/mcs30_r005_s100.B09
Reading graphs...
100 :  481
100 :  486
Initializing...
maxdom : 7
D->valSize : 351
Solving...
Blb : 2 (clique : 17)
currentSize : 17 <-- 0.003212 s
currentSize : 18 <-- 0.003374 s
currentSize : 19 <-- 0.003487 s
currentSize : 20 <-- 0.004132 s
currentSize : 21 <-- 0.004514 s
currentSize : 22 <-- 0.016350 s
currentSize : 23 <-- 0.016787 s
currentSize : 24 <-- 0.022307 s
currentSize : 25 <-- 0.857206 s
currentSize : 26 <-- 0.857280 s
currentSize : 27 <-- 457.231323 s
currentSize : 28 <-- 468.038513 s

TIMEOUT
maxsize : 28
nodes : 180045874.000000
filtered : 1264585611.000000
time : 1000.000000
