Parameters: GAD=1 vflib=1 dir=0 label=1 lowerbound=1 fileNameGp=../../cp2016-max-common-connected-subgraph-paper/datasets/graphsdb/mcs30/bvg/b06/mcs30_b06_s60.A00 fileNameGt=../../cp2016-max-common-connected-subgraph-paper/datasets/graphsdb/mcs30/bvg/b06/mcs30_b06_s60.B00
Reading graphs...
60 :  178
60 :  176
Initializing...
maxdom : 8
D->valSize : 212
Solving...
Blb : 2 (clique : 16)
currentSize : 16 <-- 0.002153 s
currentSize : 17 <-- 0.002473 s
currentSize : 18 <-- 0.002633 s
currentSize : 19 <-- 0.031233 s
currentSize : 20 <-- 0.681507 s
currentSize : 21 <-- 13.281496 s
currentSize : 22 <-- 17.460400 s
currentSize : 23 <-- 17.461887 s

maxsize : 23
nodes : 11270283.000000
filtered : 71088372.000000
time : 43.724915
