Parameters: GAD=1 vflib=1 dir=0 label=1 lowerbound=1 fileNameGp=../../cp2016-max-common-connected-subgraph-paper/datasets/graphsdb/mcs30/m3D/m3D/mcs30_m3D_s70.A06 fileNameGt=../../cp2016-max-common-connected-subgraph-paper/datasets/graphsdb/mcs30/m3D/m3D/mcs30_m3D_s70.B06
Reading graphs...
70 :  158
70 :  159
Initializing...
maxdom : 11
D->valSize : 361
Solving...
Blb : 2 (clique : 22)
currentSize : 22 <-- 0.003071 s
currentSize : 23 <-- 0.021345 s
currentSize : 24 <-- 0.053855 s
currentSize : 25 <-- 0.116371 s
currentSize : 27 <-- 0.166944 s
currentSize : 28 <-- 0.167099 s
currentSize : 29 <-- 0.200951 s
currentSize : 30 <-- 2.400410 s
currentSize : 31 <-- 2.412634 s
currentSize : 32 <-- 2.412823 s
currentSize : 33 <-- 2.827002 s

maxsize : 33
nodes : 20834989.000000
filtered : 248943059.000000
time : 113.969376
