Parameters: GAD=1 vflib=1 dir=0 label=1 lowerbound=1 fileNameGp=../../cp2016-max-common-connected-subgraph-paper/datasets/graphsdb/mcs30/bvg/b06/mcs30_b06_s60.A08 fileNameGt=../../cp2016-max-common-connected-subgraph-paper/datasets/graphsdb/mcs30/bvg/b06/mcs30_b06_s60.B08
Reading graphs...
60 :  177
60 :  179
Initializing...
maxdom : 8
D->valSize : 255
Solving...
Blb : 2 (clique : 15)
currentSize : 15 <-- 0.001691 s
currentSize : 16 <-- 0.002600 s
currentSize : 17 <-- 0.005605 s
currentSize : 18 <-- 0.007470 s
currentSize : 19 <-- 0.008195 s
currentSize : 20 <-- 0.315659 s
currentSize : 21 <-- 0.315899 s
currentSize : 22 <-- 5.939593 s
currentSize : 23 <-- 16.937336 s
currentSize : 24 <-- 16.941385 s

maxsize : 24
nodes : 9110061.000000
filtered : 81941961.000000
time : 39.565536
