Parameters: GAD=1 vflib=1 dir=0 label=1 lowerbound=1 fileNameGp=../../cp2016-max-common-connected-subgraph-paper/datasets/graphsdb/mcs30/bvg/b09/mcs30_b09_s70.A09 fileNameGt=../../cp2016-max-common-connected-subgraph-paper/datasets/graphsdb/mcs30/bvg/b09/mcs30_b09_s70.B09
Reading graphs...
70 :  309
70 :  309
Initializing...
maxdom : 8
D->valSize : 324
Solving...
Blb : 3 (clique : 20)
currentSize : 20 <-- 0.002509 s
currentSize : 21 <-- 0.964260 s
currentSize : 22 <-- 2.373512 s
currentSize : 23 <-- 2.492652 s
currentSize : 24 <-- 16.882652 s
currentSize : 25 <-- 27.075377 s

maxsize : 25
nodes : 15028583.000000
filtered : 189709979.000000
time : 77.180176
