Parameters: GAD=1 vflib=1 dir=0 label=1 lowerbound=1 fileNameGp=../../cp2016-max-common-connected-subgraph-paper/datasets/graphsdb/mcs30/m2D/m2Dr4/mcs30_m2Dr4_s70.A04 fileNameGt=../../cp2016-max-common-connected-subgraph-paper/datasets/graphsdb/mcs30/m2D/m2Dr4/mcs30_m2Dr4_s70.B04
Reading graphs...
70 :  150
70 :  150
Initializing...
maxdom : 11
D->valSize : 336
Solving...
Blb : 2 (clique : 23)
currentSize : 23 <-- 0.002760 s
currentSize : 24 <-- 0.344375 s
currentSize : 25 <-- 0.521107 s
currentSize : 26 <-- 4.776770 s
currentSize : 27 <-- 127.463020 s
currentSize : 28 <-- 163.915405 s
currentSize : 29 <-- 577.956482 s

TIMEOUT
maxsize : 29
nodes : 270321953.000000
filtered : 1980185676.000000
time : 1000.000061
