Parameters: GAD=1 vflib=1 dir=0 label=1 lowerbound=1 fileNameGp=../../cp2016-max-common-connected-subgraph-paper/datasets/graphsdb/mcs30/bvg/b06/mcs30_b06_s70.A04 fileNameGt=../../cp2016-max-common-connected-subgraph-paper/datasets/graphsdb/mcs30/bvg/b06/mcs30_b06_s70.B04
Reading graphs...
70 :  209
70 :  205
Initializing...
maxdom : 8
D->valSize : 356
Solving...
Blb : 2 (clique : 18)
currentSize : 18 <-- 0.002812 s
currentSize : 20 <-- 0.002931 s
currentSize : 21 <-- 0.017012 s
currentSize : 22 <-- 1.785016 s
currentSize : 23 <-- 8.430916 s
currentSize : 24 <-- 41.842430 s
currentSize : 25 <-- 85.252525 s
currentSize : 26 <-- 874.101685 s

TIMEOUT
maxsize : 26
nodes : 234499889.000000
filtered : 1797096803.000000
time : 1000.000061
