Parameters: GAD=1 vflib=1 dir=0 label=1 lowerbound=1 fileNameGp=../../cp2016-max-common-connected-subgraph-paper/datasets/graphsdb/mcs30/m4D/m4Dr4/mcs30_m4Dr4_s60.A05 fileNameGt=../../cp2016-max-common-connected-subgraph-paper/datasets/graphsdb/mcs30/m4D/m4Dr4/mcs30_m4Dr4_s60.B05
Reading graphs...
60 :  126
60 :  125
Initializing...
maxdom : 10
D->valSize : 273
Solving...
Blb : 2 (clique : 21)
currentSize : 21 <-- 0.003152 s
currentSize : 22 <-- 0.003388 s
currentSize : 23 <-- 0.004304 s
currentSize : 24 <-- 0.011546 s
currentSize : 25 <-- 193.929398 s

maxsize : 25
nodes : 58652976.000000
filtered : 580098424.000000
time : 248.186523
