Parameters: GAD=1 vflib=1 dir=0 label=1 lowerbound=1 fileNameGp=../../cp2016-max-common-connected-subgraph-paper/datasets/graphsdb/mcs30/rand/r02/mcs30_r02_s90.A09 fileNameGt=../../cp2016-max-common-connected-subgraph-paper/datasets/graphsdb/mcs30/rand/r02/mcs30_r02_s90.B09
Reading graphs...
90 :  1428
90 :  1429
Initializing...
maxdom : 10
D->valSize : 592
Solving...
Blb : 2 (clique : 7)
currentSize : 7 <-- 0.006436 s
currentSize : 9 <-- 0.006660 s
currentSize : 10 <-- 0.008914 s
currentSize : 11 <-- 0.011631 s
currentSize : 12 <-- 0.011677 s
currentSize : 16 <-- 0.047624 s
currentSize : 20 <-- 0.331410 s
currentSize : 24 <-- 0.331537 s
currentSize : 25 <-- 0.331657 s

maxsize : 25
nodes : 126444.000000
filtered : 3524646.000000
time : 0.929559
