Parameters: GAD=1 vflib=1 dir=0 label=1 lowerbound=1 fileNameGp=../../cp2016-max-common-connected-subgraph-paper/datasets/graphsdb/mcs30/rand/r01/mcs30_r01_s70.A01 fileNameGt=../../cp2016-max-common-connected-subgraph-paper/datasets/graphsdb/mcs30/rand/r01/mcs30_r01_s70.B01
Reading graphs...
70 :  460
70 :  460
Initializing...
maxdom : 9
D->valSize : 289
Solving...
Blb : 2 (clique : 11)
currentSize : 11 <-- 0.002116 s
currentSize : 12 <-- 0.003604 s
currentSize : 13 <-- 0.006659 s
currentSize : 14 <-- 0.048206 s
currentSize : 15 <-- 0.048518 s
currentSize : 16 <-- 0.052089 s
currentSize : 17 <-- 0.467623 s
currentSize : 18 <-- 0.581564 s
currentSize : 19 <-- 0.581934 s
currentSize : 20 <-- 1.133498 s

maxsize : 20
nodes : 1106196.000000
filtered : 15007765.000000
time : 5.625191
