Parameters: GAD=1 vflib=1 dir=0 label=1 lowerbound=1 fileNameGp=../../cp2016-max-common-connected-subgraph-paper/datasets/graphsdb/mcs30/bvg/b03/mcs30_b03_s50.A01 fileNameGt=../../cp2016-max-common-connected-subgraph-paper/datasets/graphsdb/mcs30/bvg/b03/mcs30_b03_s50.B01
Reading graphs...
50 :  75
50 :  74
Initializing...
maxdom : 7
D->valSize : 324
Solving...
Blb : 2 (clique : 18)
currentSize : 18 <-- 0.003846 s
currentSize : 20 <-- 0.004002 s
currentSize : 21 <-- 0.005918 s
currentSize : 22 <-- 0.062305 s
currentSize : 23 <-- 0.072161 s
currentSize : 24 <-- 0.718894 s
currentSize : 25 <-- 855.952759 s

TIMEOUT
maxsize : 25
nodes : 282874821.000000
filtered : 2747681722.000000
time : 1000.000000
