Parameters: GAD=1 vflib=1 dir=0 label=1 lowerbound=1 fileNameGp=../../cp2016-max-common-connected-subgraph-paper/datasets/graphsdb/mcs30/rand/r01/mcs30_r01_s90.A01 fileNameGt=../../cp2016-max-common-connected-subgraph-paper/datasets/graphsdb/mcs30/rand/r01/mcs30_r01_s90.B01
Reading graphs...
90 :  756
90 :  764
Initializing...
maxdom : 8
D->valSize : 539
Solving...
Blb : 2 (clique : 13)
currentSize : 13 <-- 0.005780 s
currentSize : 14 <-- 0.010422 s
currentSize : 15 <-- 0.011828 s
currentSize : 16 <-- 0.123925 s
currentSize : 17 <-- 0.361508 s
currentSize : 18 <-- 1.102367 s
currentSize : 19 <-- 15.015477 s
currentSize : 20 <-- 33.918007 s
currentSize : 21 <-- 144.882431 s
currentSize : 22 <-- 195.519852 s
currentSize : 23 <-- 195.519943 s
currentSize : 25 <-- 339.452332 s
currentSize : 26 <-- 339.465485 s

maxsize : 26
nodes : 67027599.000000
filtered : 1128418146.000000
time : 423.246216
