Parameters: GAD=1 vflib=1 dir=0 label=1 lowerbound=1 fileNameGp=../../cp2016-max-common-connected-subgraph-paper/datasets/graphsdb/mcs30/m2D/m2Dr6/mcs30_m2Dr6_s70.A02 fileNameGt=../../cp2016-max-common-connected-subgraph-paper/datasets/graphsdb/mcs30/m2D/m2Dr6/mcs30_m2Dr6_s70.B02
Reading graphs...
70 :  160
70 :  160
Initializing...
maxdom : 10
D->valSize : 327
Solving...
Blb : 2 (clique : 23)
currentSize : 23 <-- 0.002618 s
currentSize : 24 <-- 0.002771 s
currentSize : 25 <-- 0.002917 s
currentSize : 26 <-- 0.002957 s
currentSize : 27 <-- 0.006197 s
currentSize : 28 <-- 0.017943 s
currentSize : 29 <-- 0.685978 s
currentSize : 30 <-- 56.936081 s
currentSize : 31 <-- 85.368912 s

TIMEOUT
maxsize : 31
nodes : 206417758.000000
filtered : 1806214721.000000
time : 1000.000000
