Parameters: GAD=1 vflib=1 dir=0 label=1 lowerbound=1 fileNameGp=../../cp2016-max-common-connected-subgraph-paper/datasets/graphsdb/mcs30/bvg/b06/mcs30_b06_s100.A01 fileNameGt=../../cp2016-max-common-connected-subgraph-paper/datasets/graphsdb/mcs30/bvg/b06/mcs30_b06_s100.B01
Reading graphs...
100 :  298
100 :  297
Initializing...
maxdom : 7
D->valSize : 350
Solving...
Blb : 2 (clique : 25)
currentSize : 25 <-- 0.003404 s
currentSize : 27 <-- 0.003606 s
currentSize : 29 <-- 0.004158 s
currentSize : 30 <-- 0.004222 s
currentSize : 31 <-- 0.096302 s
currentSize : 32 <-- 0.096601 s
currentSize : 33 <-- 0.460556 s
currentSize : 34 <-- 20.572945 s

TIMEOUT
maxsize : 34
nodes : 172433777.000000
filtered : 1305338025.000000
time : 1000.000061
