Parameters: GAD=1 vflib=1 dir=0 label=1 lowerbound=1 fileNameGp=../../cp2016-max-common-connected-subgraph-paper/datasets/graphsdb/mcs30/bvg/b06/mcs30_b06_s70.A08 fileNameGt=../../cp2016-max-common-connected-subgraph-paper/datasets/graphsdb/mcs30/bvg/b06/mcs30_b06_s70.B08
Reading graphs...
70 :  209
70 :  209
Initializing...
maxdom : 8
D->valSize : 324
Solving...
Blb : 2 (clique : 18)
currentSize : 18 <-- 0.002585 s
currentSize : 19 <-- 0.003067 s
currentSize : 20 <-- 0.024757 s
currentSize : 21 <-- 0.229901 s
currentSize : 22 <-- 3.089236 s
currentSize : 23 <-- 310.595581 s
currentSize : 24 <-- 310.615265 s
currentSize : 25 <-- 310.615295 s
currentSize : 26 <-- 310.616333 s
currentSize : 27 <-- 314.988159 s

maxsize : 27
nodes : 173842429.000000
filtered : 1793890946.000000
time : 836.877747
