Parameters: GAD=1 vflib=1 dir=0 label=1 lowerbound=1 fileNameGp=../../cp2016-max-common-connected-subgraph-paper/datasets/graphsdb/mcs30/rand/r01/mcs30_r01_s60.A07 fileNameGt=../../cp2016-max-common-connected-subgraph-paper/datasets/graphsdb/mcs30/rand/r01/mcs30_r01_s60.B07
Reading graphs...
60 :  331
60 :  333
Initializing...
maxdom : 7
D->valSize : 243
Solving...
Blb : 2 (clique : 11)
currentSize : 11 <-- 0.001675 s
currentSize : 12 <-- 0.001812 s
currentSize : 13 <-- 0.003756 s
currentSize : 14 <-- 0.031618 s
currentSize : 15 <-- 0.380116 s
currentSize : 16 <-- 0.380247 s
currentSize : 17 <-- 0.851453 s
currentSize : 18 <-- 0.851540 s
currentSize : 19 <-- 0.851598 s

maxsize : 19
nodes : 445960.000000
filtered : 4271581.000000
time : 1.955189
