Parameters: GAD=1 vflib=1 dir=0 label=1 lowerbound=1 fileNameGp=../../cp2016-max-common-connected-subgraph-paper/datasets/graphsdb/mcs30/bvg/b06/mcs30_b06_s50.A05 fileNameGt=../../cp2016-max-common-connected-subgraph-paper/datasets/graphsdb/mcs30/bvg/b06/mcs30_b06_s50.B05
Reading graphs...
50 :  150
50 :  149
Initializing...
maxdom : 10
D->valSize : 311
Solving...
Blb : 2 (clique : 12)
currentSize : 12 <-- 0.003199 s
currentSize : 13 <-- 0.003317 s
currentSize : 14 <-- 0.006520 s
currentSize : 15 <-- 0.020445 s
currentSize : 16 <-- 0.295676 s
currentSize : 17 <-- 0.600315 s
currentSize : 18 <-- 0.841730 s
currentSize : 19 <-- 0.842185 s
currentSize : 20 <-- 0.842764 s
currentSize : 21 <-- 2.692817 s

maxsize : 21
nodes : 1103984.000000
filtered : 16058401.000000
time : 4.876211
