Parameters: GAD=1 vflib=1 dir=0 label=1 lowerbound=1 fileNameGp=../../cp2016-max-common-connected-subgraph-paper/datasets/graphsdb/mcs30/rand/r02/mcs30_r02_s90.A00 fileNameGt=../../cp2016-max-common-connected-subgraph-paper/datasets/graphsdb/mcs30/rand/r02/mcs30_r02_s90.B00
Reading graphs...
90 :  1436
90 :  1432
Initializing...
maxdom : 9
D->valSize : 509
Solving...
Blb : 2 (clique : 6)
currentSize : 6 <-- 0.007877 s
currentSize : 7 <-- 0.008002 s
currentSize : 8 <-- 0.008253 s
currentSize : 9 <-- 0.009353 s
currentSize : 10 <-- 0.009510 s
currentSize : 11 <-- 0.021931 s
currentSize : 13 <-- 0.035694 s
currentSize : 15 <-- 0.218351 s
currentSize : 16 <-- 0.285241 s
currentSize : 19 <-- 0.350038 s
currentSize : 20 <-- 0.350170 s
currentSize : 21 <-- 0.586731 s

maxsize : 21
nodes : 192896.000000
filtered : 3991647.000000
time : 1.289719
