Parameters: GAD=1 vflib=1 dir=0 label=1 lowerbound=1 fileNameGp=../../cp2016-max-common-connected-subgraph-paper/datasets/graphsdb/mcs30/m2D/m2D/mcs30_m2D_s90.A03 fileNameGt=../../cp2016-max-common-connected-subgraph-paper/datasets/graphsdb/mcs30/m2D/m2D/mcs30_m2D_s90.B03
Reading graphs...
90 :  161
90 :  161
Initializing...
maxdom : 10
D->valSize : 525
Solving...
Blb : 2 (clique : 33)
currentSize : 33 <-- 0.005944 s
currentSize : 34 <-- 0.006216 s
currentSize : 35 <-- 0.016750 s
currentSize : 36 <-- 0.073114 s
currentSize : 37 <-- 0.309415 s
currentSize : 38 <-- 0.620648 s

TIMEOUT
maxsize : 38
nodes : 207298104.000000
filtered : 1369684320.000000
time : 1000.000061
