Parameters: GAD=1 vflib=1 dir=0 label=1 lowerbound=1 fileNameGp=../../cp2016-max-common-connected-subgraph-paper/datasets/graphsdb/mcs30/rand/r005/mcs30_r005_s70.A05 fileNameGt=../../cp2016-max-common-connected-subgraph-paper/datasets/graphsdb/mcs30/rand/r005/mcs30_r005_s70.B05
Reading graphs...
70 :  234
70 :  235
Initializing...
maxdom : 8
D->valSize : 293
Solving...
Blb : 2 (clique : 19)
currentSize : 19 <-- 0.002228 s
currentSize : 20 <-- 0.007848 s
currentSize : 21 <-- 0.021470 s
currentSize : 22 <-- 1.103640 s
currentSize : 23 <-- 8.836570 s
currentSize : 24 <-- 284.722168 s
currentSize : 25 <-- 320.852539 s

maxsize : 25
nodes : 127118453.000000
filtered : 1137696325.000000
time : 558.867065
