Parameters: GAD=1 vflib=1 dir=0 label=1 lowerbound=1 fileNameGp=../../cp2016-max-common-connected-subgraph-paper/datasets/graphsdb/mcs30/m4D/m4D/mcs30_m4D_s70.A07 fileNameGt=../../cp2016-max-common-connected-subgraph-paper/datasets/graphsdb/mcs30/m4D/m4D/mcs30_m4D_s70.B07
Reading graphs...
70 :  116
70 :  118
Initializing...
maxdom : 9
D->valSize : 341
Solving...
Blb : 2 (clique : 27)
currentSize : 27 <-- 0.004641 s
currentSize : 28 <-- 0.005096 s
currentSize : 29 <-- 0.013563 s
currentSize : 30 <-- 0.191166 s
currentSize : 31 <-- 3.845320 s
currentSize : 32 <-- 19.250420 s

TIMEOUT
maxsize : 32
nodes : 219902153.000000
filtered : 1487122015.000000
time : 1000.000000
