Parameters: GAD=1 vflib=1 dir=0 label=1 lowerbound=1 fileNameGp=../../cp2016-max-common-connected-subgraph-paper/datasets/graphsdb/mcs30/bvg/b06/mcs30_b06_s80.A07 fileNameGt=../../cp2016-max-common-connected-subgraph-paper/datasets/graphsdb/mcs30/bvg/b06/mcs30_b06_s80.B07
Reading graphs...
80 :  240
80 :  239
Initializing...
maxdom : 10
D->valSize : 433
Solving...
Blb : 2 (clique : 24)
currentSize : 24 <-- 0.004089 s
currentSize : 25 <-- 0.004321 s
currentSize : 27 <-- 0.007170 s
currentSize : 28 <-- 0.575670 s
currentSize : 29 <-- 0.576623 s
currentSize : 30 <-- 6.723007 s
currentSize : 31 <-- 84.180504 s

TIMEOUT
maxsize : 31
nodes : 187258644.000000
filtered : 1839370016.000000
time : 1000.000061
