Parameters: GAD=1 vflib=1 dir=0 label=1 lowerbound=1 fileNameGp=../../cp2016-max-common-connected-subgraph-paper/datasets/graphsdb/mcs30/bvg/b06/mcs30_b06_s60.A02 fileNameGt=../../cp2016-max-common-connected-subgraph-paper/datasets/graphsdb/mcs30/bvg/b06/mcs30_b06_s60.B02
Reading graphs...
60 :  178
60 :  177
Initializing...
maxdom : 7
D->valSize : 226
Solving...
Blb : 3 (clique : 16)
currentSize : 16 <-- 0.001510 s
currentSize : 18 <-- 0.027284 s
currentSize : 19 <-- 0.046268 s
currentSize : 20 <-- 0.387129 s
currentSize : 21 <-- 0.387255 s
currentSize : 22 <-- 0.387689 s
currentSize : 23 <-- 3.297953 s

maxsize : 23
nodes : 8635120.000000
filtered : 62138026.000000
time : 34.652882
