Parameters: GAD=1 vflib=1 dir=0 label=1 lowerbound=1 fileNameGp=../../cp2016-max-common-connected-subgraph-paper/datasets/graphsdb/mcs30/bvg/b03m/mcs30_b03m_s100.A00 fileNameGt=../../cp2016-max-common-connected-subgraph-paper/datasets/graphsdb/mcs30/bvg/b03m/mcs30_b03m_s100.B00
Reading graphs...
100 :  149
100 :  150
Initializing...
maxdom : 5
D->valSize : 331
Solving...
Blb : 2 (clique : 35)
currentSize : 35 <-- 0.003370 s
currentSize : 39 <-- 0.003642 s
currentSize : 40 <-- 0.003677 s
currentSize : 41 <-- 0.004120 s
currentSize : 42 <-- 0.011153 s
currentSize : 43 <-- 0.022400 s
currentSize : 44 <-- 1.497880 s
currentSize : 45 <-- 19.631483 s

TIMEOUT
maxsize : 45
nodes : 210827891.000000
filtered : 779297713.000000
time : 1000.000061
