Parameters: GAD=1 vflib=1 dir=0 label=1 lowerbound=1 fileNameGp=../../cp2016-max-common-connected-subgraph-paper/datasets/graphsdb/mcs30/bvg/b03m/mcs30_b03m_s70.A01 fileNameGt=../../cp2016-max-common-connected-subgraph-paper/datasets/graphsdb/mcs30/bvg/b03m/mcs30_b03m_s70.B01
Reading graphs...
70 :  105
70 :  105
Initializing...
maxdom : 10
D->valSize : 297
Solving...
Blb : 2 (clique : 25)
currentSize : 25 <-- 0.002491 s
currentSize : 26 <-- 0.005786 s
currentSize : 27 <-- 0.021456 s
currentSize : 28 <-- 0.021764 s
currentSize : 29 <-- 0.065974 s
currentSize : 30 <-- 0.827887 s
currentSize : 31 <-- 819.327820 s

TIMEOUT
maxsize : 31
nodes : 251975427.000000
filtered : 1510186215.000000
time : 1000.000000
