Parameters: GAD=1 vflib=1 dir=0 label=1 lowerbound=1 fileNameGp=../../cp2016-max-common-connected-subgraph-paper/datasets/graphsdb/mcs30/m3D/m3Dr6/mcs30_m3Dr6_s70.A05 fileNameGt=../../cp2016-max-common-connected-subgraph-paper/datasets/graphsdb/mcs30/m3D/m3Dr6/mcs30_m3Dr6_s70.B05
Reading graphs...
70 :  197
70 :  195
Initializing...
maxdom : 8
D->valSize : 316
Solving...
Blb : 2 (clique : 23)
currentSize : 23 <-- 0.002526 s
currentSize : 24 <-- 0.002682 s
currentSize : 25 <-- 0.594829 s
currentSize : 26 <-- 0.673315 s
currentSize : 27 <-- 1.531615 s
currentSize : 28 <-- 11.340712 s
currentSize : 29 <-- 384.407227 s

TIMEOUT
maxsize : 29
nodes : 210691617.000000
filtered : 1674532393.000000
time : 1000.000000
