Parameters: GAD=1 vflib=1 dir=0 label=1 lowerbound=1 fileNameGp=../../cp2016-max-common-connected-subgraph-paper/datasets/graphsdb/mcs30/m2D/m2D/mcs30_m2D_s90.A00 fileNameGt=../../cp2016-max-common-connected-subgraph-paper/datasets/graphsdb/mcs30/m2D/m2D/mcs30_m2D_s90.B00
Reading graphs...
90 :  161
90 :  161
Initializing...
maxdom : 9
D->valSize : 515
Solving...
Blb : 2 (clique : 33)
currentSize : 33 <-- 0.009322 s
currentSize : 34 <-- 0.335976 s
currentSize : 35 <-- 85.292824 s
currentSize : 36 <-- 177.117645 s
currentSize : 37 <-- 177.117966 s
currentSize : 38 <-- 183.015579 s
currentSize : 39 <-- 366.102783 s

TIMEOUT
maxsize : 39
nodes : 229507578.000000
filtered : 1327386708.000000
time : 1000.000061
