Parameters: GAD=1 vflib=1 dir=0 label=1 lowerbound=1 fileNameGp=../../cp2016-max-common-connected-subgraph-paper/datasets/graphsdb/mcs30/m2D/m2Dr4/mcs30_m2Dr4_s80.A05 fileNameGt=../../cp2016-max-common-connected-subgraph-paper/datasets/graphsdb/mcs30/m2D/m2Dr4/mcs30_m2Dr4_s80.B05
Reading graphs...
80 :  174
80 :  173
Initializing...
maxdom : 8
D->valSize : 398
Solving...
Blb : 2 (clique : 25)
currentSize : 25 <-- 0.003735 s
currentSize : 26 <-- 0.004290 s
currentSize : 27 <-- 0.020210 s
currentSize : 28 <-- 0.108550 s
currentSize : 29 <-- 0.151091 s
currentSize : 30 <-- 424.459839 s

TIMEOUT
maxsize : 30
nodes : 259589252.000000
filtered : 1177123918.000000
time : 1000.000061
