Parameters: GAD=1 vflib=1 dir=0 label=1 lowerbound=1 fileNameGp=../../cp2016-max-common-connected-subgraph-paper/datasets/graphsdb/mcs30/bvg/b09m/mcs30_b09m_s80.A04 fileNameGt=../../cp2016-max-common-connected-subgraph-paper/datasets/graphsdb/mcs30/bvg/b09m/mcs30_b09m_s80.B04
Reading graphs...
80 :  351
80 :  353
Initializing...
maxdom : 9
D->valSize : 423
Solving...
Blb : 3 (clique : 21)
currentSize : 21 <-- 0.006348 s
currentSize : 22 <-- 0.313335 s
currentSize : 23 <-- 2.132688 s
currentSize : 24 <-- 29.714552 s
currentSize : 25 <-- 44.584995 s
currentSize : 26 <-- 44.754532 s
currentSize : 27 <-- 94.521027 s
currentSize : 28 <-- 94.527641 s
currentSize : 29 <-- 901.780212 s

TIMEOUT
maxsize : 29
nodes : 188944233.000000
filtered : 1820466539.000000
time : 1000.000061
