Parameters: GAD=1 vflib=1 dir=0 label=1 lowerbound=1 fileNameGp=../../cp2016-max-common-connected-subgraph-paper/datasets/graphsdb/mcs30/m4D/m4D/mcs30_m4D_s60.A01 fileNameGt=../../cp2016-max-common-connected-subgraph-paper/datasets/graphsdb/mcs30/m4D/m4D/mcs30_m4D_s60.B01
Reading graphs...
60 :  102
60 :  101
Initializing...
maxdom : 7
D->valSize : 236
Solving...
Blb : 2 (clique : 23)
currentSize : 23 <-- 0.001690 s
currentSize : 24 <-- 6.666769 s
currentSize : 25 <-- 10.870258 s
currentSize : 26 <-- 76.208076 s
currentSize : 27 <-- 410.694458 s
currentSize : 28 <-- 416.017761 s

maxsize : 28
nodes : 143254239.000000
filtered : 759773526.000000
time : 478.883118
