Parameters: GAD=1 vflib=1 dir=0 label=1 lowerbound=1 fileNameGp=../../cp2016-max-common-connected-subgraph-paper/datasets/graphsdb/mcs30/bvg/b09/mcs30_b09_s80.A09 fileNameGt=../../cp2016-max-common-connected-subgraph-paper/datasets/graphsdb/mcs30/bvg/b09/mcs30_b09_s80.B09
Reading graphs...
80 :  349
80 :  354
Initializing...
maxdom : 12
D->valSize : 440
Solving...
Blb : 3 (clique : 19)
currentSize : 19 <-- 0.006684 s
currentSize : 20 <-- 0.035908 s
currentSize : 21 <-- 0.549756 s
currentSize : 22 <-- 80.369110 s
currentSize : 23 <-- 80.443619 s
currentSize : 24 <-- 113.466042 s
currentSize : 25 <-- 114.010330 s
currentSize : 26 <-- 134.768204 s
currentSize : 27 <-- 752.255493 s

TIMEOUT
maxsize : 27
nodes : 180439689.000000
filtered : 2139734655.000000
time : 1000.000000
