Parameters: GAD=1 vflib=1 dir=0 label=1 lowerbound=1 fileNameGp=../../cp2016-max-common-connected-subgraph-paper/datasets/graphsdb/mcs30/rand/r01/mcs30_r01_s100.A07 fileNameGt=../../cp2016-max-common-connected-subgraph-paper/datasets/graphsdb/mcs30/rand/r01/mcs30_r01_s100.B07
Reading graphs...
100 :  940
100 :  936
Initializing...
maxdom : 7
D->valSize : 367
Solving...
Blb : 2 (clique : 15)
currentSize : 15 <-- 0.003413 s
currentSize : 16 <-- 0.003597 s
currentSize : 18 <-- 0.003873 s
currentSize : 22 <-- 0.053685 s
currentSize : 23 <-- 3.398839 s
currentSize : 24 <-- 5.990866 s
currentSize : 26 <-- 5.993757 s
currentSize : 29 <-- 5.994058 s

maxsize : 29
nodes : 2147087.000000
filtered : 27260080.000000
time : 14.421191
