Parameters: GAD=1 vflib=1 dir=0 label=1 lowerbound=1 fileNameGp=../../cp2016-max-common-connected-subgraph-paper/datasets/graphsdb/mcs30/m4D/m4D/mcs30_m4D_s50.A00 fileNameGt=../../cp2016-max-common-connected-subgraph-paper/datasets/graphsdb/mcs30/m4D/m4D/mcs30_m4D_s50.B00
Reading graphs...
50 :  87
50 :  87
Initializing...
maxdom : 8
D->valSize : 308
Solving...
Blb : 2 (clique : 20)
currentSize : 20 <-- 0.002181 s
currentSize : 21 <-- 3.173096 s
currentSize : 22 <-- 12.648834 s
currentSize : 23 <-- 43.845406 s
currentSize : 24 <-- 143.392075 s
currentSize : 25 <-- 415.096161 s

TIMEOUT
maxsize : 25
nodes : 283219275.000000
filtered : 2525057522.000000
time : 1000.000061
