Parameters: GAD=1 vflib=1 dir=0 label=1 lowerbound=1 fileNameGp=../../cp2016-max-common-connected-subgraph-paper/datasets/graphsdb/mcs30/m2D/m2D/mcs30_m2D_s60.A07 fileNameGt=../../cp2016-max-common-connected-subgraph-paper/datasets/graphsdb/mcs30/m2D/m2D/mcs30_m2D_s60.B07
Reading graphs...
60 :  104
60 :  104
Initializing...
maxdom : 6
D->valSize : 231
Solving...
Blb : 2 (clique : 19)
currentSize : 19 <-- 0.001589 s
currentSize : 20 <-- 0.001695 s
currentSize : 21 <-- 0.006183 s
currentSize : 22 <-- 2.331490 s
currentSize : 23 <-- 19.930864 s
currentSize : 24 <-- 119.174210 s
currentSize : 25 <-- 140.167175 s
currentSize : 26 <-- 145.613327 s
currentSize : 27 <-- 415.438171 s
currentSize : 28 <-- 415.454926 s
currentSize : 29 <-- 415.455017 s

maxsize : 29
nodes : 144210380.000000
filtered : 936077044.000000
time : 566.026550
