Parameters: GAD=1 vflib=1 dir=0 label=1 lowerbound=1 fileNameGp=../../cp2016-max-common-connected-subgraph-paper/datasets/graphsdb/mcs30/m4D/m4D/mcs30_m4D_s70.A01 fileNameGt=../../cp2016-max-common-connected-subgraph-paper/datasets/graphsdb/mcs30/m4D/m4D/mcs30_m4D_s70.B01
Reading graphs...
70 :  117
70 :  118
Initializing...
maxdom : 8
D->valSize : 308
Solving...
Blb : 2 (clique : 26)
currentSize : 26 <-- 0.002505 s
currentSize : 27 <-- 0.002672 s
currentSize : 28 <-- 0.003759 s
currentSize : 29 <-- 0.003951 s
currentSize : 30 <-- 0.008284 s
currentSize : 31 <-- 0.861274 s
currentSize : 32 <-- 12.781426 s

TIMEOUT
maxsize : 32
nodes : 244292573.000000
filtered : 1598143808.000000
time : 1000.000000
