Parameters: GAD=1 vflib=1 dir=0 label=1 lowerbound=1 fileNameGp=../../cp2016-max-common-connected-subgraph-paper/datasets/graphsdb/mcs30/bvg/b06m/mcs30_b06m_s50.A00 fileNameGt=../../cp2016-max-common-connected-subgraph-paper/datasets/graphsdb/mcs30/bvg/b06m/mcs30_b06m_s50.B00
Reading graphs...
50 :  149
50 :  143
Initializing...
maxdom : 8
D->valSize : 311
Solving...
Blb : 3 (clique : 15)
currentSize : 15 <-- 0.002107 s
currentSize : 16 <-- 0.572912 s
currentSize : 17 <-- 4.285459 s
currentSize : 18 <-- 4.334980 s
currentSize : 19 <-- 4.564423 s
currentSize : 20 <-- 5.938242 s
currentSize : 21 <-- 6.030188 s

maxsize : 21
nodes : 7068174.000000
filtered : 87892231.000000
time : 29.428356
