Parameters: GAD=1 vflib=1 dir=0 label=1 lowerbound=1 fileNameGp=../../cp2016-max-common-connected-subgraph-paper/datasets/graphsdb/mcs30/m2D/m2Dr6/mcs30_m2Dr6_s50.A07 fileNameGt=../../cp2016-max-common-connected-subgraph-paper/datasets/graphsdb/mcs30/m2D/m2Dr6/mcs30_m2Dr6_s50.B07
Reading graphs...
50 :  114
50 :  111
Initializing...
maxdom : 11
D->valSize : 355
Solving...
Blb : 5 (clique : 18)
currentSize : 18 <-- 0.002576 s
currentSize : 19 <-- 0.005568 s
currentSize : 20 <-- 0.011788 s
currentSize : 21 <-- 0.406962 s
currentSize : 22 <-- 0.407190 s
currentSize : 23 <-- 21.020693 s
currentSize : 24 <-- 34.844124 s

maxsize : 24
nodes : 29109079.000000
filtered : 463895006.000000
time : 127.270897
