Parameters: GAD=1 vflib=1 dir=0 label=1 lowerbound=1 fileNameGp=../../cp2016-max-common-connected-subgraph-paper/datasets/graphsdb/mcs30/m4D/m4Dr2/mcs30_m4Dr2_s50.A02 fileNameGt=../../cp2016-max-common-connected-subgraph-paper/datasets/graphsdb/mcs30/m4D/m4Dr2/mcs30_m4Dr2_s50.B02
Reading graphs...
50 :  94
50 :  96
Initializing...
maxdom : 9
D->valSize : 315
Solving...
Blb : 2 (clique : 18)
currentSize : 18 <-- 0.002124 s
currentSize : 20 <-- 0.002446 s
currentSize : 21 <-- 0.002851 s
currentSize : 22 <-- 0.009877 s
currentSize : 23 <-- 0.263017 s
currentSize : 24 <-- 677.620361 s
currentSize : 25 <-- 878.300354 s

maxsize : 25
nodes : 240111211.000000
filtered : 2401231451.000000
time : 928.220337
