Parameters: GAD=1 vflib=1 dir=0 label=1 lowerbound=1 fileNameGp=../../cp2016-max-common-connected-subgraph-paper/datasets/graphsdb/mcs30/m3D/m3Dr2/mcs30_m3Dr2_s100.A00 fileNameGt=../../cp2016-max-common-connected-subgraph-paper/datasets/graphsdb/mcs30/m3D/m3Dr2/mcs30_m3Dr2_s100.B00
Reading graphs...
100 :  253
100 :  251
Initializing...
maxdom : 7
D->valSize : 334
Solving...
Blb : 3 (clique : 27)
currentSize : 27 <-- 0.003234 s
currentSize : 28 <-- 0.053393 s
currentSize : 29 <-- 0.724058 s
currentSize : 30 <-- 0.725694 s
currentSize : 31 <-- 3.222759 s
currentSize : 32 <-- 10.137026 s
currentSize : 33 <-- 204.353119 s

TIMEOUT
maxsize : 33
nodes : 203698476.000000
filtered : 1099091783.000000
time : 1000.000061
