Parameters: GAD=1 vflib=1 dir=0 label=1 lowerbound=1 fileNameGp=../../cp2016-max-common-connected-subgraph-paper/datasets/graphsdb/mcs30/rand/r02/mcs30_r02_s80.A08 fileNameGt=../../cp2016-max-common-connected-subgraph-paper/datasets/graphsdb/mcs30/rand/r02/mcs30_r02_s80.B08
Reading graphs...
80 :  1121
80 :  1121
Initializing...
maxdom : 10
D->valSize : 388
Solving...
Blb : 5 (clique : 7)
currentSize : 7 <-- 0.003252 s
currentSize : 9 <-- 0.003748 s
currentSize : 11 <-- 0.003857 s
currentSize : 12 <-- 0.009269 s
currentSize : 14 <-- 0.010607 s
currentSize : 15 <-- 0.045014 s
currentSize : 17 <-- 0.045433 s
currentSize : 18 <-- 0.113302 s
currentSize : 23 <-- 0.129709 s

maxsize : 23
nodes : 36818.000000
filtered : 741412.000000
time : 0.227825
