Parameters: GAD=1 vflib=1 dir=0 label=1 lowerbound=1 fileNameGp=../../cp2016-max-common-connected-subgraph-paper/datasets/graphsdb/mcs30/bvg/b03m/mcs30_b03m_s50.A07 fileNameGt=../../cp2016-max-common-connected-subgraph-paper/datasets/graphsdb/mcs30/bvg/b03m/mcs30_b03m_s50.B07
Reading graphs...
50 :  75
50 :  75
Initializing...
maxdom : 9
D->valSize : 324
Solving...
Blb : 2 (clique : 20)
currentSize : 20 <-- 0.002451 s
currentSize : 21 <-- 0.493520 s
currentSize : 22 <-- 0.738261 s
currentSize : 23 <-- 0.738868 s
currentSize : 24 <-- 0.788598 s
currentSize : 25 <-- 0.926927 s

TIMEOUT
maxsize : 25
nodes : 288742847.000000
filtered : 2755249421.000000
time : 1000.000000
