Parameters: GAD=1 vflib=1 dir=0 label=1 lowerbound=1 fileNameGp=../../cp2016-max-common-connected-subgraph-paper/datasets/graphsdb/mcs30/rand/r005/mcs30_r005_s70.A09 fileNameGt=../../cp2016-max-common-connected-subgraph-paper/datasets/graphsdb/mcs30/rand/r005/mcs30_r005_s70.B09
Reading graphs...
70 :  234
70 :  237
Initializing...
maxdom : 10
D->valSize : 296
Solving...
Blb : 2 (clique : 18)
currentSize : 18 <-- 0.002269 s
currentSize : 19 <-- 0.020759 s
currentSize : 20 <-- 0.024465 s
currentSize : 21 <-- 0.150741 s
currentSize : 22 <-- 2.220370 s
currentSize : 23 <-- 5.780559 s
currentSize : 24 <-- 199.376938 s

maxsize : 24
nodes : 100111490.000000
filtered : 893254064.000000
time : 481.053772
