Parameters: GAD=1 vflib=1 dir=0 label=1 lowerbound=1 fileNameGp=../../cp2016-max-common-connected-subgraph-paper/datasets/graphsdb/mcs30/bvg/b09m/mcs30_b09m_s100.A02 fileNameGt=../../cp2016-max-common-connected-subgraph-paper/datasets/graphsdb/mcs30/bvg/b09m/mcs30_b09m_s100.B02
Reading graphs...
100 :  439
100 :  436
Initializing...
maxdom : 7
D->valSize : 325
Solving...
Blb : 2 (clique : 28)
currentSize : 28 <-- 0.003183 s
currentSize : 29 <-- 0.006215 s
currentSize : 30 <-- 0.010102 s
currentSize : 31 <-- 52.395409 s
currentSize : 32 <-- 131.176788 s
currentSize : 33 <-- 132.806229 s

TIMEOUT
maxsize : 33
nodes : 223148376.000000
filtered : 590417498.000000
time : 1000.000061
