Parameters: GAD=1 vflib=1 dir=0 label=1 lowerbound=1 fileNameGp=../../cp2016-max-common-connected-subgraph-paper/datasets/graphsdb/mcs30/rand/r005/mcs30_r005_s60.A06 fileNameGt=../../cp2016-max-common-connected-subgraph-paper/datasets/graphsdb/mcs30/rand/r005/mcs30_r005_s60.B06
Reading graphs...
60 :  177
60 :  178
Initializing...
maxdom : 6
D->valSize : 223
Solving...
Blb : 2 (clique : 14)
currentSize : 14 <-- 0.001471 s
currentSize : 15 <-- 0.001566 s
currentSize : 16 <-- 0.016805 s
currentSize : 17 <-- 0.038399 s
currentSize : 18 <-- 0.072388 s
currentSize : 19 <-- 2.070341 s
currentSize : 20 <-- 9.790387 s
currentSize : 21 <-- 20.025372 s
currentSize : 22 <-- 20.169252 s

maxsize : 22
nodes : 11057080.000000
filtered : 80446512.000000
time : 44.840839
