Parameters: GAD=1 vflib=1 dir=0 label=1 lowerbound=1 fileNameGp=../../cp2016-max-common-connected-subgraph-paper/datasets/graphsdb/mcs30/m2D/m2D/mcs30_m2D_s100.A06 fileNameGt=../../cp2016-max-common-connected-subgraph-paper/datasets/graphsdb/mcs30/m2D/m2D/mcs30_m2D_s100.B06
Reading graphs...
100 :  178
100 :  179
Initializing...
maxdom : 6
D->valSize : 317
Solving...
Blb : 2 (clique : 36)
currentSize : 36 <-- 0.003169 s
currentSize : 37 <-- 0.010027 s
currentSize : 38 <-- 0.050621 s
currentSize : 39 <-- 0.286929 s
currentSize : 40 <-- 1.549491 s
currentSize : 41 <-- 2.347350 s
currentSize : 42 <-- 324.864471 s

TIMEOUT
maxsize : 42
nodes : 192205634.000000
filtered : 886742623.000000
time : 1000.000122
