Parameters: GAD=1 vflib=1 dir=0 label=1 lowerbound=1 fileNameGp=../../cp2016-max-common-connected-subgraph-paper/datasets/graphsdb/mcs30/bvg/b03m/mcs30_b03m_s50.A09 fileNameGt=../../cp2016-max-common-connected-subgraph-paper/datasets/graphsdb/mcs30/bvg/b03m/mcs30_b03m_s50.B09
Reading graphs...
50 :  75
50 :  75
Initializing...
maxdom : 10
D->valSize : 322
Solving...
Blb : 2 (clique : 18)
currentSize : 18 <-- 0.003744 s
currentSize : 19 <-- 0.003917 s
currentSize : 20 <-- 0.005540 s
currentSize : 21 <-- 8.207018 s
currentSize : 22 <-- 18.291780 s
currentSize : 23 <-- 24.511984 s
currentSize : 24 <-- 56.652985 s

TIMEOUT
maxsize : 24
nodes : 458510205.000000
filtered : 2357723281.000000
time : 1000.000000
