Parameters: GAD=1 vflib=1 dir=0 label=1 lowerbound=1 fileNameGp=../../cp2016-max-common-connected-subgraph-paper/datasets/graphsdb/mcs30/bvg/b03/mcs30_b03_s60.A02 fileNameGt=../../cp2016-max-common-connected-subgraph-paper/datasets/graphsdb/mcs30/bvg/b03/mcs30_b03_s60.B02
Reading graphs...
60 :  88
60 :  90
Initializing...
maxdom : 7
D->valSize : 249
Solving...
Blb : 2 (clique : 23)
currentSize : 23 <-- 0.001822 s
currentSize : 24 <-- 0.002302 s
currentSize : 25 <-- 0.002571 s
currentSize : 26 <-- 0.002750 s
currentSize : 27 <-- 0.008658 s
currentSize : 28 <-- 0.585114 s
currentSize : 29 <-- 40.241943 s

maxsize : 29
nodes : 65952129.000000
filtered : 423732360.000000
time : 250.674423
