Parameters: GAD=1 vflib=1 dir=0 label=1 lowerbound=1 fileNameGp=../../cp2016-max-common-connected-subgraph-paper/datasets/graphsdb/mcs30/m3D/m3D/mcs30_m3D_s100.A09 fileNameGt=../../cp2016-max-common-connected-subgraph-paper/datasets/graphsdb/mcs30/m3D/m3D/mcs30_m3D_s100.B09
Reading graphs...
100 :  233
100 :  234
Initializing...
maxdom : 7
D->valSize : 333
Solving...
Blb : 2 (clique : 30)
currentSize : 30 <-- 0.005225 s
currentSize : 31 <-- 0.005710 s
currentSize : 32 <-- 0.006725 s
currentSize : 33 <-- 0.017685 s
currentSize : 34 <-- 0.018380 s
currentSize : 35 <-- 34.426487 s

TIMEOUT
maxsize : 35
nodes : 197937439.000000
filtered : 821662567.000000
time : 1000.000061
