Parameters: GAD=1 vflib=1 dir=0 label=1 lowerbound=1 fileNameGp=../../cp2016-max-common-connected-subgraph-paper/datasets/graphsdb/mcs30/bvg/b09/mcs30_b09_s60.A08 fileNameGt=../../cp2016-max-common-connected-subgraph-paper/datasets/graphsdb/mcs30/bvg/b09/mcs30_b09_s60.B08
Reading graphs...
60 :  263
60 :  261
Initializing...
maxdom : 10
D->valSize : 257
Solving...
Blb : 2 (clique : 15)
currentSize : 15 <-- 0.001721 s
currentSize : 16 <-- 0.001818 s
currentSize : 17 <-- 0.002445 s
currentSize : 18 <-- 0.071304 s
currentSize : 19 <-- 0.156598 s
currentSize : 20 <-- 8.467791 s
currentSize : 21 <-- 8.494159 s

maxsize : 21
nodes : 2779539.000000
filtered : 28494143.000000
time : 11.733176
