Parameters: GAD=1 vflib=1 dir=0 label=1 lowerbound=1 fileNameGp=../../cp2016-max-common-connected-subgraph-paper/datasets/graphsdb/mcs30/bvg/b03m/mcs30_b03m_s60.A00 fileNameGt=../../cp2016-max-common-connected-subgraph-paper/datasets/graphsdb/mcs30/bvg/b03m/mcs30_b03m_s60.B00
Reading graphs...
60 :  89
60 :  90
Initializing...
maxdom : 8
D->valSize : 242
Solving...
Blb : 2 (clique : 22)
currentSize : 22 <-- 0.002705 s
currentSize : 23 <-- 0.002970 s
currentSize : 24 <-- 0.011136 s
currentSize : 25 <-- 0.054184 s
currentSize : 26 <-- 0.704080 s
currentSize : 27 <-- 6.957827 s
currentSize : 28 <-- 19.227741 s
currentSize : 29 <-- 183.989090 s
currentSize : 30 <-- 184.052963 s

maxsize : 30
nodes : 172438657.000000
filtered : 1134368151.000000
time : 666.494080
