Parameters: GAD=1 vflib=1 dir=0 label=1 lowerbound=1 fileNameGp=../../cp2016-max-common-connected-subgraph-paper/datasets/graphsdb/mcs30/m4D/m4Dr4/mcs30_m4Dr4_s70.A08 fileNameGt=../../cp2016-max-common-connected-subgraph-paper/datasets/graphsdb/mcs30/m4D/m4Dr4/mcs30_m4Dr4_s70.B08
Reading graphs...
70 :  143
70 :  142
Initializing...
maxdom : 8
D->valSize : 294
Solving...
Blb : 2 (clique : 23)
currentSize : 23 <-- 0.002284 s
currentSize : 24 <-- 0.002433 s
currentSize : 25 <-- 0.006403 s
currentSize : 26 <-- 0.896180 s
currentSize : 27 <-- 15.166914 s
currentSize : 28 <-- 370.990601 s
currentSize : 29 <-- 487.289886 s
currentSize : 30 <-- 618.077759 s

TIMEOUT
maxsize : 30
nodes : 233865549.000000
filtered : 1638634830.000000
time : 1000.000061
