Parameters: GAD=1 vflib=1 dir=0 label=1 lowerbound=1 fileNameGp=../../cp2016-max-common-connected-subgraph-paper/datasets/graphsdb/mcs30/bvg/b09/mcs30_b09_s70.A06 fileNameGt=../../cp2016-max-common-connected-subgraph-paper/datasets/graphsdb/mcs30/bvg/b09/mcs30_b09_s70.B06
Reading graphs...
70 :  313
70 :  311
Initializing...
maxdom : 8
D->valSize : 337
Solving...
Blb : 2 (clique : 14)
currentSize : 14 <-- 0.002601 s
currentSize : 15 <-- 0.002733 s
currentSize : 16 <-- 0.002891 s
currentSize : 17 <-- 0.004342 s
currentSize : 18 <-- 0.055265 s
currentSize : 19 <-- 0.161574 s
currentSize : 20 <-- 4.969003 s
currentSize : 21 <-- 5.036781 s
currentSize : 22 <-- 19.000069 s
currentSize : 23 <-- 41.866627 s

maxsize : 23
nodes : 21266891.000000
filtered : 252867513.000000
time : 110.046326
