Parameters: GAD=1 vflib=1 dir=0 label=1 lowerbound=1 fileNameGp=../../cp2016-max-common-connected-subgraph-paper/datasets/graphsdb/mcs30/m4D/m4D/mcs30_m4D_s60.A00 fileNameGt=../../cp2016-max-common-connected-subgraph-paper/datasets/graphsdb/mcs30/m4D/m4D/mcs30_m4D_s60.B00
Reading graphs...
60 :  101
60 :  102
Initializing...
maxdom : 7
D->valSize : 232
Solving...
Blb : 2 (clique : 22)
currentSize : 22 <-- 0.001569 s
currentSize : 23 <-- 0.001686 s
currentSize : 24 <-- 0.603281 s
currentSize : 25 <-- 17.071489 s
currentSize : 26 <-- 33.450733 s
currentSize : 27 <-- 215.532227 s

TIMEOUT
maxsize : 27
nodes : 308852800.000000
filtered : 1796499961.000000
time : 1000.000000
