Parameters: GAD=1 vflib=1 dir=0 label=1 lowerbound=1 fileNameGp=../../cp2016-max-common-connected-subgraph-paper/datasets/graphsdb/mcs30/bvg/b03/mcs30_b03_s100.A02 fileNameGt=../../cp2016-max-common-connected-subgraph-paper/datasets/graphsdb/mcs30/bvg/b03/mcs30_b03_s100.B02
Reading graphs...
100 :  149
100 :  150
Initializing...
maxdom : 6
D->valSize : 309
Solving...
Blb : 2 (clique : 36)
currentSize : 36 <-- 0.003072 s
currentSize : 37 <-- 0.022197 s
currentSize : 38 <-- 0.022250 s
currentSize : 39 <-- 63.751938 s
currentSize : 40 <-- 134.298553 s
currentSize : 41 <-- 154.893890 s

TIMEOUT
maxsize : 41
nodes : 257671486.000000
filtered : 783192059.000000
time : 1000.000061
