Parameters: GAD=1 vflib=1 dir=0 label=1 lowerbound=1 fileNameGp=../../cp2016-max-common-connected-subgraph-paper/datasets/graphsdb/mcs30/rand/r02/mcs30_r02_s70.A06 fileNameGt=../../cp2016-max-common-connected-subgraph-paper/datasets/graphsdb/mcs30/rand/r02/mcs30_r02_s70.B06
Reading graphs...
70 :  849
70 :  863
Initializing...
maxdom : 8
D->valSize : 309
Solving...
Blb : 5 (clique : 10)
currentSize : 10 <-- 0.002331 s
currentSize : 11 <-- 0.006742 s
currentSize : 12 <-- 0.006823 s
currentSize : 13 <-- 0.007046 s
currentSize : 15 <-- 0.064249 s
currentSize : 16 <-- 0.066757 s
currentSize : 17 <-- 0.066798 s
currentSize : 18 <-- 0.066939 s
currentSize : 20 <-- 0.067702 s

maxsize : 20
nodes : 26218.000000
filtered : 497489.000000
time : 0.147351
