Parameters: GAD=1 vflib=1 dir=0 label=1 lowerbound=1 fileNameGp=../../cp2016-max-common-connected-subgraph-paper/datasets/graphsdb/mcs30/m2D/m2Dr6/mcs30_m2Dr6_s90.A08 fileNameGt=../../cp2016-max-common-connected-subgraph-paper/datasets/graphsdb/mcs30/m2D/m2Dr6/mcs30_m2Dr6_s90.B08
Reading graphs...
90 :  214
90 :  213
Initializing...
maxdom : 11
D->valSize : 532
Solving...
Blb : 2 (clique : 29)
currentSize : 29 <-- 0.005943 s
currentSize : 30 <-- 0.006173 s
currentSize : 31 <-- 0.013262 s
currentSize : 32 <-- 0.023524 s
currentSize : 33 <-- 0.080376 s
currentSize : 34 <-- 0.092228 s
currentSize : 35 <-- 905.798523 s

TIMEOUT
maxsize : 35
nodes : 218883173.000000
filtered : 1188055103.000000
time : 1000.000061
