Parameters: GAD=1 vflib=1 dir=0 label=1 lowerbound=1 fileNameGp=../../cp2016-max-common-connected-subgraph-paper/datasets/graphsdb/mcs30/m2D/m2Dr2/mcs30_m2Dr2_s100.A03 fileNameGt=../../cp2016-max-common-connected-subgraph-paper/datasets/graphsdb/mcs30/m2D/m2Dr2/mcs30_m2Dr2_s100.B03
Reading graphs...
100 :  200
100 :  200
Initializing...
maxdom : 8
D->valSize : 354
Solving...
Blb : 2 (clique : 34)
currentSize : 34 <-- 0.003609 s
currentSize : 35 <-- 0.004859 s
currentSize : 36 <-- 0.133177 s
currentSize : 37 <-- 0.889450 s
currentSize : 38 <-- 4.496313 s
currentSize : 39 <-- 253.863663 s

TIMEOUT
maxsize : 39
nodes : 214090229.000000
filtered : 790639679.000000
time : 1000.000061
