Parameters: GAD=1 vflib=1 dir=0 label=1 lowerbound=1 fileNameGp=../../cp2016-max-common-connected-subgraph-paper/datasets/graphsdb/mcs30/rand/r005/mcs30_r005_s80.A03 fileNameGt=../../cp2016-max-common-connected-subgraph-paper/datasets/graphsdb/mcs30/rand/r005/mcs30_r005_s80.B03
Reading graphs...
80 :  307
80 :  311
Initializing...
maxdom : 9
D->valSize : 427
Solving...
Blb : 5 (clique : 20)
currentSize : 20 <-- 0.003891 s
currentSize : 21 <-- 0.004036 s
currentSize : 22 <-- 0.005886 s
currentSize : 23 <-- 0.020944 s
currentSize : 24 <-- 0.027764 s
currentSize : 25 <-- 0.053599 s
currentSize : 26 <-- 0.173222 s
currentSize : 27 <-- 8.653204 s

TIMEOUT
maxsize : 27
nodes : 198808242.000000
filtered : 2065129964.000000
time : 1000.000000
