Parameters: GAD=1 vflib=1 dir=0 label=1 lowerbound=1 fileNameGp=../../cp2016-max-common-connected-subgraph-paper/datasets/graphsdb/mcs30/rand/r01/mcs30_r01_s80.A00 fileNameGt=../../cp2016-max-common-connected-subgraph-paper/datasets/graphsdb/mcs30/rand/r01/mcs30_r01_s80.B00
Reading graphs...
80 :  600
80 :  602
Initializing...
maxdom : 10
D->valSize : 415
Solving...
Blb : 2 (clique : 15)
currentSize : 15 <-- 0.005843 s
currentSize : 16 <-- 0.006981 s
currentSize : 17 <-- 0.011364 s
currentSize : 18 <-- 0.012917 s
currentSize : 19 <-- 0.090714 s
currentSize : 20 <-- 1.125474 s
currentSize : 21 <-- 1.125589 s
currentSize : 23 <-- 1.151429 s
currentSize : 24 <-- 1.152936 s

maxsize : 24
nodes : 4332737.000000
filtered : 77923370.000000
time : 26.706724
