Parameters: GAD=1 vflib=1 dir=0 label=1 lowerbound=1 fileNameGp=../../cp2016-max-common-connected-subgraph-paper/datasets/graphsdb/mcs30/bvg/b06m/mcs30_b06m_s100.A01 fileNameGt=../../cp2016-max-common-connected-subgraph-paper/datasets/graphsdb/mcs30/bvg/b06m/mcs30_b06m_s100.B01
Reading graphs...
100 :  297
100 :  296
Initializing...
maxdom : 9
D->valSize : 360
Solving...
Blb : 2 (clique : 29)
currentSize : 29 <-- 0.005810 s
currentSize : 30 <-- 0.047039 s
currentSize : 31 <-- 0.094134 s
currentSize : 32 <-- 0.202875 s
currentSize : 33 <-- 0.206683 s
currentSize : 34 <-- 215.652832 s

TIMEOUT
maxsize : 34
nodes : 199495014.000000
filtered : 1189389353.000000
time : 1000.000061
