Parameters: GAD=1 vflib=1 dir=0 label=1 lowerbound=1 fileNameGp=../../cp2016-max-common-connected-subgraph-paper/datasets/graphsdb/mcs30/rand/r005/mcs30_r005_s100.A05 fileNameGt=../../cp2016-max-common-connected-subgraph-paper/datasets/graphsdb/mcs30/rand/r005/mcs30_r005_s100.B05
Reading graphs...
100 :  486
100 :  481
Initializing...
maxdom : 7
D->valSize : 353
Solving...
Blb : 2 (clique : 24)
currentSize : 24 <-- 0.003365 s
currentSize : 25 <-- 0.008956 s
currentSize : 26 <-- 0.009223 s
currentSize : 27 <-- 0.223910 s
currentSize : 28 <-- 0.530136 s
currentSize : 29 <-- 44.173191 s
currentSize : 30 <-- 658.354309 s

TIMEOUT
maxsize : 30
nodes : 182913361.000000
filtered : 1218744890.000000
time : 1000.000061
