Parameters: GAD=1 vflib=1 dir=0 label=1 lowerbound=1 fileNameGp=../../cp2016-max-common-connected-subgraph-paper/datasets/graphsdb/mcs30/m2D/m2Dr4/mcs30_m2Dr4_s60.A04 fileNameGt=../../cp2016-max-common-connected-subgraph-paper/datasets/graphsdb/mcs30/m2D/m2Dr4/mcs30_m2Dr4_s60.B04
Reading graphs...
60 :  127
60 :  125
Initializing...
maxdom : 8
D->valSize : 272
Solving...
Blb : 2 (clique : 18)
currentSize : 18 <-- 0.001949 s
currentSize : 19 <-- 0.002098 s
currentSize : 20 <-- 0.004007 s
currentSize : 21 <-- 0.213035 s
currentSize : 22 <-- 6.242465 s
currentSize : 23 <-- 13.299442 s
currentSize : 24 <-- 35.812805 s

maxsize : 24
nodes : 210011728.000000
filtered : 1510115241.000000
time : 877.477295
