Parameters: GAD=1 vflib=1 dir=0 label=1 lowerbound=1 fileNameGp=../../cp2016-max-common-connected-subgraph-paper/datasets/graphsdb/mcs30/m3D/m3Dr2/mcs30_m3Dr2_s100.A09 fileNameGt=../../cp2016-max-common-connected-subgraph-paper/datasets/graphsdb/mcs30/m3D/m3Dr2/mcs30_m3Dr2_s100.B09
Reading graphs...
100 :  253
100 :  253
Initializing...
maxdom : 7
D->valSize : 326
Solving...
Blb : 2 (clique : 26)
currentSize : 26 <-- 0.003148 s
currentSize : 29 <-- 0.003341 s
currentSize : 30 <-- 0.029278 s
currentSize : 31 <-- 0.098622 s
currentSize : 32 <-- 16.601749 s
currentSize : 33 <-- 134.279877 s

TIMEOUT
maxsize : 33
nodes : 200683573.000000
filtered : 966114406.000000
time : 1000.000061
