Parameters: GAD=1 vflib=1 dir=0 label=1 lowerbound=1 fileNameGp=../../cp2016-max-common-connected-subgraph-paper/datasets/graphsdb/mcs30/m2D/m2Dr4/mcs30_m2Dr4_s60.A08 fileNameGt=../../cp2016-max-common-connected-subgraph-paper/datasets/graphsdb/mcs30/m2D/m2Dr4/mcs30_m2Dr4_s60.B08
Reading graphs...
60 :  127
60 :  123
Initializing...
maxdom : 8
D->valSize : 227
Solving...
Blb : 2 (clique : 20)
currentSize : 20 <-- 0.001540 s
currentSize : 21 <-- 0.005582 s
currentSize : 22 <-- 0.005657 s
currentSize : 23 <-- 0.008250 s
currentSize : 25 <-- 0.118377 s

maxsize : 25
nodes : 130009904.000000
filtered : 918294278.000000
time : 519.080017
