Parameters: GAD=1 vflib=1 dir=0 label=1 lowerbound=1 fileNameGp=../../cp2016-max-common-connected-subgraph-paper/datasets/graphsdb/mcs30/bvg/b09m/mcs30_b09m_s80.A05 fileNameGt=../../cp2016-max-common-connected-subgraph-paper/datasets/graphsdb/mcs30/bvg/b09m/mcs30_b09m_s80.B05
Reading graphs...
80 :  349
80 :  352
Initializing...
maxdom : 9
D->valSize : 431
Solving...
Blb : 2 (clique : 18)
currentSize : 18 <-- 0.006317 s
currentSize : 19 <-- 0.006545 s
currentSize : 20 <-- 0.012191 s
currentSize : 21 <-- 0.157305 s
currentSize : 22 <-- 1.321174 s
currentSize : 23 <-- 38.875687 s
currentSize : 24 <-- 67.840302 s
currentSize : 25 <-- 99.354881 s
currentSize : 26 <-- 347.551697 s

TIMEOUT
maxsize : 26
nodes : 184275382.000000
filtered : 1938944179.000000
time : 1000.000061
