Parameters: GAD=1 vflib=1 dir=0 label=1 lowerbound=1 fileNameGp=../../cp2016-max-common-connected-subgraph-paper/datasets/graphsdb/mcs50/m2D/m2Dr2/mcs50_m2Dr2_s70.A09 fileNameGt=../../cp2016-max-common-connected-subgraph-paper/datasets/graphsdb/mcs50/m2D/m2Dr2/mcs50_m2Dr2_s70.B09
Reading graphs...
70 :  135
70 :  134
Initializing...
maxdom : 8
D->valSize : 321
Solving...
Blb : 2 (clique : 32)
currentSize : 32 <-- 0.002635 s
currentSize : 33 <-- 0.002844 s
currentSize : 34 <-- 0.003038 s
currentSize : 35 <-- 0.004728 s
currentSize : 36 <-- 0.082227 s
currentSize : 37 <-- 2.318907 s

maxsize : 37
nodes : 56128605.000000
filtered : 504474837.000000
time : 297.841309
