Parameters: GAD=1 vflib=1 dir=0 label=1 lowerbound=1 fileNameGp=../../cp2016-max-common-connected-subgraph-paper/datasets/graphsdb/mcs50/bvg/b06/mcs50_b06_s100.A08 fileNameGt=../../cp2016-max-common-connected-subgraph-paper/datasets/graphsdb/mcs50/bvg/b06/mcs50_b06_s100.B08
Reading graphs...
100 :  298
100 :  298
Initializing...
maxdom : 6
D->valSize : 363
Solving...
Blb : 2 (clique : 33)
currentSize : 33 <-- 0.003580 s
currentSize : 35 <-- 0.003896 s
currentSize : 36 <-- 0.005996 s
currentSize : 37 <-- 0.022548 s
currentSize : 38 <-- 0.028927 s
currentSize : 39 <-- 0.577941 s
currentSize : 40 <-- 63.421143 s

TIMEOUT
maxsize : 40
nodes : 197449266.000000
filtered : 760425341.000000
time : 1000.000061
