Parameters: GAD=1 vflib=1 dir=0 label=1 lowerbound=1 fileNameGp=../../cp2016-max-common-connected-subgraph-paper/datasets/graphsdb/mcs50/bvg/b03/mcs50_b03_s50.A07 fileNameGt=../../cp2016-max-common-connected-subgraph-paper/datasets/graphsdb/mcs50/bvg/b03/mcs50_b03_s50.B07
Reading graphs...
50 :  75
50 :  75
Initializing...
maxdom : 9
D->valSize : 319
Solving...
Blb : 2 (clique : 21)
currentSize : 21 <-- 0.003712 s
currentSize : 22 <-- 0.022035 s
currentSize : 24 <-- 0.766337 s
currentSize : 25 <-- 0.773018 s
currentSize : 26 <-- 317.771637 s
currentSize : 27 <-- 329.577332 s
currentSize : 28 <-- 381.462372 s
currentSize : 29 <-- 381.462433 s

maxsize : 29
nodes : 108962423.000000
filtered : 994990792.000000
time : 417.062561
