Parameters: GAD=1 vflib=1 dir=0 label=1 lowerbound=1 fileNameGp=../../cp2016-max-common-connected-subgraph-paper/datasets/graphsdb/mcs50/bvg/b09m/mcs50_b09m_s80.A02 fileNameGt=../../cp2016-max-common-connected-subgraph-paper/datasets/graphsdb/mcs50/bvg/b09m/mcs50_b09m_s80.B02
Reading graphs...
80 :  353
80 :  353
Initializing...
maxdom : 8
D->valSize : 451
Solving...
Blb : 2 (clique : 30)
currentSize : 30 <-- 0.004336 s
currentSize : 33 <-- 0.006465 s
currentSize : 34 <-- 0.007964 s
currentSize : 36 <-- 0.018963 s
currentSize : 37 <-- 0.061522 s
currentSize : 38 <-- 0.061890 s
currentSize : 39 <-- 0.067500 s
currentSize : 40 <-- 0.068280 s

maxsize : 40
nodes : 25541540.000000
filtered : 165021896.000000
time : 127.185303
