Parameters: GAD=1 vflib=1 dir=0 label=1 lowerbound=1 fileNameGp=../../cp2016-max-common-connected-subgraph-paper/datasets/graphsdb/mcs50/bvg/b06m/mcs50_b06m_s90.A01 fileNameGt=../../cp2016-max-common-connected-subgraph-paper/datasets/graphsdb/mcs50/bvg/b06m/mcs50_b06m_s90.B01
Reading graphs...
90 :  266
90 :  268
Initializing...
maxdom : 12
D->valSize : 588
Solving...
Blb : 2 (clique : 37)
currentSize : 37 <-- 0.007144 s
currentSize : 38 <-- 341.411530 s
currentSize : 39 <-- 353.943481 s
currentSize : 40 <-- 504.770508 s
currentSize : 42 <-- 796.976074 s
currentSize : 43 <-- 797.802734 s
currentSize : 44 <-- 798.281067 s
currentSize : 45 <-- 802.259644 s
currentSize : 46 <-- 802.259644 s

TIMEOUT
maxsize : 46
nodes : 160807028.000000
filtered : 1716087705.000000
time : 1000.000061
