Parameters: GAD=1 vflib=1 dir=0 label=1 lowerbound=1 fileNameGp=../../cp2016-max-common-connected-subgraph-paper/datasets/graphsdb/mcs50/bvg/b06/mcs50_b06_s70.A05 fileNameGt=../../cp2016-max-common-connected-subgraph-paper/datasets/graphsdb/mcs50/bvg/b06/mcs50_b06_s70.B05
Reading graphs...
70 :  209
70 :  209
Initializing...
maxdom : 9
D->valSize : 356
Solving...
Blb : 2 (clique : 21)
currentSize : 21 <-- 0.003040 s
currentSize : 23 <-- 0.003296 s
currentSize : 24 <-- 1.191382 s
currentSize : 25 <-- 1.244382 s
currentSize : 26 <-- 7.406616 s
currentSize : 27 <-- 62.120712 s
currentSize : 28 <-- 62.364178 s
currentSize : 29 <-- 62.364227 s
currentSize : 30 <-- 195.986694 s
currentSize : 31 <-- 195.986755 s
currentSize : 32 <-- 195.986816 s
currentSize : 33 <-- 195.988434 s
currentSize : 34 <-- 195.991409 s
currentSize : 35 <-- 195.991638 s

maxsize : 35
nodes : 60761676.000000
filtered : 521022116.000000
time : 288.058105
