Parameters: GAD=1 vflib=1 dir=0 label=1 lowerbound=1 fileNameGp=../../cp2016-max-common-connected-subgraph-paper/datasets/graphsdb/mcs50/rand/r01/mcs50_r01_s60.A08 fileNameGt=../../cp2016-max-common-connected-subgraph-paper/datasets/graphsdb/mcs50/rand/r01/mcs50_r01_s60.B08
Reading graphs...
60 :  335
60 :  330
Initializing...
maxdom : 9
D->valSize : 245
Solving...
Blb : 2 (clique : 11)
currentSize : 11 <-- 0.001699 s
currentSize : 12 <-- 0.001816 s
currentSize : 13 <-- 0.001869 s
currentSize : 14 <-- 0.005497 s
currentSize : 15 <-- 0.005936 s
currentSize : 17 <-- 0.021609 s
currentSize : 20 <-- 0.028335 s
currentSize : 21 <-- 0.091642 s
currentSize : 22 <-- 0.199305 s
currentSize : 23 <-- 0.203011 s
currentSize : 27 <-- 0.204269 s

maxsize : 27
nodes : 74509.000000
filtered : 660683.000000
time : 0.319500
