Parameters: GAD=1 vflib=1 dir=0 label=1 lowerbound=1 fileNameGp=../../cp2016-max-common-connected-subgraph-paper/datasets/graphsdb/mcs50/bvg/b09/mcs50_b09_s100.A00 fileNameGt=../../cp2016-max-common-connected-subgraph-paper/datasets/graphsdb/mcs50/bvg/b09/mcs50_b09_s100.B00
Reading graphs...
100 :  445
100 :  448
Initializing...
maxdom : 6
D->valSize : 347
Solving...
Blb : 2 (clique : 26)
currentSize : 26 <-- 0.005251 s
currentSize : 27 <-- 0.005576 s
currentSize : 29 <-- 0.005958 s
currentSize : 30 <-- 0.006115 s
currentSize : 31 <-- 0.009452 s
currentSize : 33 <-- 0.039113 s
currentSize : 34 <-- 1.067999 s
currentSize : 35 <-- 1.140642 s
currentSize : 37 <-- 1.158150 s
currentSize : 38 <-- 3.095148 s
currentSize : 40 <-- 3.106019 s
currentSize : 48 <-- 23.659243 s
currentSize : 50 <-- 23.786247 s

maxsize : 50
nodes : 159753701.000000
filtered : 615900270.000000
time : 788.489075
