Parameters: GAD=1 vflib=1 dir=0 label=1 lowerbound=1 fileNameGp=../../cp2016-max-common-connected-subgraph-paper/datasets/graphsdb/mcs50/rand/r005/mcs50_r005_s90.A02 fileNameGt=../../cp2016-max-common-connected-subgraph-paper/datasets/graphsdb/mcs50/rand/r005/mcs50_r005_s90.B02
Reading graphs...
90 :  386
90 :  390
Initializing...
maxdom : 11
D->valSize : 518
Solving...
Blb : 2 (clique : 17)
currentSize : 17 <-- 0.005557 s
currentSize : 18 <-- 0.017409 s
currentSize : 19 <-- 0.023984 s
currentSize : 20 <-- 0.062230 s
currentSize : 21 <-- 0.107846 s
currentSize : 22 <-- 0.425651 s
currentSize : 23 <-- 0.759068 s
currentSize : 24 <-- 0.964857 s
currentSize : 25 <-- 4.750189 s
currentSize : 26 <-- 17.640676 s
currentSize : 27 <-- 17.640783 s
currentSize : 28 <-- 53.135845 s
currentSize : 30 <-- 58.801365 s
currentSize : 32 <-- 58.801449 s
currentSize : 33 <-- 69.805298 s
currentSize : 34 <-- 69.805389 s
currentSize : 35 <-- 89.349106 s
currentSize : 36 <-- 100.252983 s
currentSize : 38 <-- 101.472069 s
currentSize : 44 <-- 459.826721 s

maxsize : 44
nodes : 78977311.000000
filtered : 1259505225.000000
time : 542.296326
