Parameters: GAD=1 vflib=1 dir=0 label=1 lowerbound=1 fileNameGp=../../cp2016-max-common-connected-subgraph-paper/datasets/graphsdb/mcs50/m3D/m3Dr6/mcs50_m3Dr6_s60.A07 fileNameGt=../../cp2016-max-common-connected-subgraph-paper/datasets/graphsdb/mcs50/m3D/m3Dr6/mcs50_m3Dr6_s60.B07
Reading graphs...
60 :  166
60 :  164
Initializing...
maxdom : 7
D->valSize : 260
Solving...
Blb : 3 (clique : 21)
currentSize : 21 <-- 0.002747 s
currentSize : 22 <-- 2.678038 s
currentSize : 23 <-- 5.410000 s
currentSize : 24 <-- 26.402784 s
currentSize : 25 <-- 36.233513 s
currentSize : 26 <-- 36.233540 s
currentSize : 27 <-- 36.677006 s

maxsize : 27
nodes : 12413213.000000
filtered : 91662645.000000
time : 51.697792
