Parameters: GAD=1 vflib=1 dir=0 label=1 lowerbound=1 fileNameGp=../../cp2016-max-common-connected-subgraph-paper/datasets/graphsdb/mcs50/m2D/m2Dr6/mcs50_m2Dr6_s70.A01 fileNameGt=../../cp2016-max-common-connected-subgraph-paper/datasets/graphsdb/mcs50/m2D/m2Dr6/mcs50_m2Dr6_s70.B01
Reading graphs...
70 :  162
70 :  162
Initializing...
maxdom : 9
D->valSize : 339
Solving...
Blb : 2 (clique : 22)
currentSize : 22 <-- 0.004497 s
currentSize : 23 <-- 0.099665 s
currentSize : 24 <-- 0.170257 s
currentSize : 25 <-- 0.462330 s
currentSize : 26 <-- 0.463716 s
currentSize : 27 <-- 7.519590 s
currentSize : 28 <-- 7.574149 s
currentSize : 29 <-- 29.319860 s
currentSize : 31 <-- 47.377735 s
currentSize : 33 <-- 47.378376 s
currentSize : 39 <-- 55.459679 s

maxsize : 39
nodes : 12698222.000000
filtered : 119195990.000000
time : 64.080757
