Parameters: GAD=1 vflib=1 dir=0 label=1 lowerbound=1 fileNameGp=../../cp2016-max-common-connected-subgraph-paper/datasets/graphsdb/mcs50/rand/r005/mcs50_r005_s70.A01 fileNameGt=../../cp2016-max-common-connected-subgraph-paper/datasets/graphsdb/mcs50/rand/r005/mcs50_r005_s70.B01
Reading graphs...
70 :  235
70 :  235
Initializing...
maxdom : 8
D->valSize : 323
Solving...
Blb : 2 (clique : 21)
currentSize : 21 <-- 0.002594 s
currentSize : 22 <-- 0.005375 s
currentSize : 23 <-- 0.008408 s
currentSize : 24 <-- 8.824935 s
currentSize : 25 <-- 8.835938 s
currentSize : 26 <-- 9.596028 s
currentSize : 27 <-- 9.616012 s
currentSize : 30 <-- 117.494568 s
currentSize : 31 <-- 117.494637 s
currentSize : 34 <-- 118.251083 s

maxsize : 34
nodes : 26964958.000000
filtered : 240972501.000000
time : 134.910614
