Parameters: GAD=1 vflib=1 dir=0 label=1 lowerbound=1 fileNameGp=../../cp2016-max-common-connected-subgraph-paper/datasets/graphsdb/mcs50/m3D/m3Dr2/mcs50_m3Dr2_s50.A05 fileNameGt=../../cp2016-max-common-connected-subgraph-paper/datasets/graphsdb/mcs50/m3D/m3Dr2/mcs50_m3Dr2_s50.B05
Reading graphs...
50 :  119
50 :  118
Initializing...
maxdom : 9
D->valSize : 335
Solving...
Blb : 2 (clique : 15)
currentSize : 15 <-- 0.003878 s
currentSize : 17 <-- 0.004023 s
currentSize : 18 <-- 0.005116 s
currentSize : 19 <-- 0.061009 s
currentSize : 20 <-- 0.065905 s
currentSize : 21 <-- 0.066213 s
currentSize : 22 <-- 4.612687 s
currentSize : 23 <-- 8.098556 s
currentSize : 24 <-- 27.328297 s
currentSize : 26 <-- 32.242065 s
currentSize : 27 <-- 32.242290 s

maxsize : 27
nodes : 9003636.000000
filtered : 110671429.000000
time : 38.743874
