Parameters: GAD=1 vflib=1 dir=0 label=1 lowerbound=1 fileNameGp=../../cp2016-max-common-connected-subgraph-paper/datasets/graphsdb/mcs50/m2D/m2Dr4/mcs50_m2Dr4_s60.A05 fileNameGt=../../cp2016-max-common-connected-subgraph-paper/datasets/graphsdb/mcs50/m2D/m2Dr4/mcs50_m2Dr4_s60.B05
Reading graphs...
60 :  126
60 :  124
Initializing...
maxdom : 7
D->valSize : 231
Solving...
Blb : 2 (clique : 22)
currentSize : 22 <-- 0.001570 s
currentSize : 23 <-- 0.002369 s
currentSize : 24 <-- 0.004622 s
currentSize : 25 <-- 0.060893 s
currentSize : 26 <-- 24.502884 s
currentSize : 27 <-- 24.503851 s
currentSize : 28 <-- 60.018215 s

maxsize : 28
nodes : 16938402.000000
filtered : 110828232.000000
time : 72.340446
