Parameters: GAD=1 vflib=1 dir=0 label=1 lowerbound=1 fileNameGp=../../cp2016-max-common-connected-subgraph-paper/datasets/graphsdb/mcs50/bvg/b03m/mcs50_b03m_s70.A01 fileNameGt=../../cp2016-max-common-connected-subgraph-paper/datasets/graphsdb/mcs50/bvg/b03m/mcs50_b03m_s70.B01
Reading graphs...
70 :  105
70 :  105
Initializing...
maxdom : 11
D->valSize : 365
Solving...
Blb : 2 (clique : 32)
currentSize : 32 <-- 0.003198 s
currentSize : 33 <-- 45.677490 s
currentSize : 34 <-- 47.173168 s
currentSize : 35 <-- 50.148308 s
currentSize : 36 <-- 123.680290 s
currentSize : 37 <-- 415.664001 s

TIMEOUT
maxsize : 37
nodes : 241430117.000000
filtered : 1554641191.000000
time : 1000.000061
