Parameters: GAD=1 vflib=1 dir=0 label=1 lowerbound=1 fileNameGp=../../cp2016-max-common-connected-subgraph-paper/datasets/graphsdb/mcs50/bvg/b06/mcs50_b06_s80.A01 fileNameGt=../../cp2016-max-common-connected-subgraph-paper/datasets/graphsdb/mcs50/bvg/b06/mcs50_b06_s80.B01
Reading graphs...
80 :  238
80 :  239
Initializing...
maxdom : 11
D->valSize : 472
Solving...
Blb : 3 (clique : 24)
currentSize : 24 <-- 0.004577 s
currentSize : 26 <-- 0.004763 s
currentSize : 27 <-- 0.005096 s
currentSize : 28 <-- 0.019228 s
currentSize : 29 <-- 0.078286 s
currentSize : 33 <-- 0.178916 s
currentSize : 35 <-- 0.179917 s
currentSize : 37 <-- 562.295898 s
currentSize : 39 <-- 741.158325 s
currentSize : 40 <-- 795.681885 s
currentSize : 41 <-- 968.003784 s

TIMEOUT
maxsize : 41
nodes : 186799515.000000
filtered : 1770971916.000000
time : 1000.000061
