Parameters: GAD=1 vflib=1 dir=0 label=1 lowerbound=1 fileNameGp=../../cp2016-max-common-connected-subgraph-paper/datasets/graphsdb/mcs50/bvg/b09/mcs50_b09_s100.A08 fileNameGt=../../cp2016-max-common-connected-subgraph-paper/datasets/graphsdb/mcs50/bvg/b09/mcs50_b09_s100.B08
Reading graphs...
100 :  446
100 :  447
Initializing...
maxdom : 7
D->valSize : 401
Solving...
Blb : 2 (clique : 25)
currentSize : 25 <-- 0.004010 s
currentSize : 26 <-- 0.004212 s
currentSize : 27 <-- 0.004349 s
currentSize : 28 <-- 0.004510 s
currentSize : 29 <-- 0.004677 s
currentSize : 30 <-- 0.009849 s
currentSize : 31 <-- 0.472606 s
currentSize : 32 <-- 0.485311 s
currentSize : 33 <-- 0.833705 s
currentSize : 34 <-- 1.974794 s
currentSize : 35 <-- 34.515369 s
currentSize : 36 <-- 34.518047 s
currentSize : 37 <-- 34.564819 s
currentSize : 38 <-- 34.568291 s
currentSize : 39 <-- 81.967651 s
currentSize : 40 <-- 81.967834 s
currentSize : 41 <-- 81.969994 s
currentSize : 42 <-- 82.010887 s
currentSize : 43 <-- 82.012840 s
currentSize : 45 <-- 132.797897 s
currentSize : 46 <-- 324.328552 s
currentSize : 47 <-- 764.674988 s

TIMEOUT
maxsize : 47
nodes : 186252616.000000
filtered : 821371894.000000
time : 1000.000122
