Parameters: GAD=1 vflib=1 dir=0 label=1 lowerbound=1 fileNameGp=../../cp2016-max-common-connected-subgraph-paper/datasets/graphsdb/mcs50/bvg/b09/mcs50_b09_s90.A09 fileNameGt=../../cp2016-max-common-connected-subgraph-paper/datasets/graphsdb/mcs50/bvg/b09/mcs50_b09_s90.B09
Reading graphs...
90 :  401
90 :  399
Initializing...
maxdom : 9
D->valSize : 542
Solving...
Blb : 2 (clique : 29)
currentSize : 29 <-- 0.005883 s
currentSize : 30 <-- 39.893719 s
currentSize : 31 <-- 39.895927 s
currentSize : 32 <-- 40.064148 s
currentSize : 33 <-- 40.338280 s
currentSize : 34 <-- 41.076488 s
currentSize : 35 <-- 42.942295 s
currentSize : 36 <-- 239.875015 s
currentSize : 37 <-- 481.623047 s
currentSize : 38 <-- 481.623108 s
currentSize : 39 <-- 482.096741 s
currentSize : 40 <-- 482.096893 s
currentSize : 41 <-- 482.181580 s
currentSize : 42 <-- 482.186890 s
currentSize : 43 <-- 482.186951 s

TIMEOUT
maxsize : 43
nodes : 190971266.000000
filtered : 1260364765.000000
time : 1000.000061
