Parameters: GAD=1 vflib=1 dir=0 label=1 lowerbound=1 fileNameGp=../../cp2016-max-common-connected-subgraph-paper/datasets/graphsdb/mcs50/rand/r01/mcs50_r01_s60.A02 fileNameGt=../../cp2016-max-common-connected-subgraph-paper/datasets/graphsdb/mcs50/rand/r01/mcs50_r01_s60.B02
Reading graphs...
60 :  336
60 :  336
Initializing...
maxdom : 7
D->valSize : 256
Solving...
Blb : 2 (clique : 12)
currentSize : 12 <-- 0.001791 s
currentSize : 13 <-- 0.004340 s
currentSize : 14 <-- 0.070458 s
currentSize : 16 <-- 0.123399 s
currentSize : 17 <-- 0.177734 s
currentSize : 18 <-- 0.177768 s
currentSize : 19 <-- 0.207040 s
currentSize : 20 <-- 0.207083 s
currentSize : 21 <-- 0.228712 s
currentSize : 22 <-- 0.248102 s
currentSize : 23 <-- 0.291743 s
currentSize : 27 <-- 0.326237 s
currentSize : 29 <-- 0.326299 s

maxsize : 29
nodes : 78568.000000
filtered : 722905.000000
time : 0.350069
