Parameters: GAD=1 vflib=1 dir=0 label=1 lowerbound=1 fileNameGp=../../cp2016-max-common-connected-subgraph-paper/datasets/graphsdb/mcs50/bvg/b03m/mcs50_b03m_s70.A03 fileNameGt=../../cp2016-max-common-connected-subgraph-paper/datasets/graphsdb/mcs50/bvg/b03m/mcs50_b03m_s70.B03
Reading graphs...
70 :  105
70 :  105
Initializing...
maxdom : 7
D->valSize : 335
Solving...
Blb : 2 (clique : 31)
currentSize : 31 <-- 0.002881 s
currentSize : 32 <-- 0.004037 s
currentSize : 33 <-- 0.006564 s
currentSize : 34 <-- 0.088127 s
currentSize : 35 <-- 0.130056 s
currentSize : 36 <-- 1.349176 s
currentSize : 37 <-- 53.123997 s

TIMEOUT
maxsize : 37
nodes : 213188816.000000
filtered : 1310001478.000000
time : 1000.000061
