Parameters: GAD=1 vflib=1 dir=0 label=1 lowerbound=1 fileNameGp=../../cp2016-max-common-connected-subgraph-paper/datasets/graphsdb/mcs50/m2D/m2D/mcs50_m2D_s60.A08 fileNameGt=../../cp2016-max-common-connected-subgraph-paper/datasets/graphsdb/mcs50/m2D/m2D/mcs50_m2D_s60.B08
Reading graphs...
60 :  103
60 :  104
Initializing...
maxdom : 8
D->valSize : 257
Solving...
Blb : 2 (clique : 24)
currentSize : 24 <-- 0.001797 s
currentSize : 25 <-- 0.002044 s
currentSize : 26 <-- 0.002299 s
currentSize : 27 <-- 0.003840 s
currentSize : 28 <-- 0.019779 s
currentSize : 29 <-- 51.785137 s

maxsize : 29
nodes : 23709352.000000
filtered : 203124507.000000
time : 114.076073
