Parameters: GAD=1 vflib=1 dir=0 label=1 lowerbound=1 fileNameGp=../../cp2016-max-common-connected-subgraph-paper/datasets/graphsdb/mcs50/m2D/m2Dr6/mcs50_m2Dr6_s70.A03 fileNameGt=../../cp2016-max-common-connected-subgraph-paper/datasets/graphsdb/mcs50/m2D/m2Dr6/mcs50_m2Dr6_s70.B03
Reading graphs...
70 :  161
70 :  162
Initializing...
maxdom : 10
D->valSize : 311
Solving...
Blb : 2 (clique : 29)
currentSize : 29 <-- 0.002439 s
currentSize : 30 <-- 0.064560 s
currentSize : 31 <-- 1.021072 s
currentSize : 32 <-- 1.021148 s
currentSize : 35 <-- 1.038803 s
currentSize : 36 <-- 3.394247 s
currentSize : 37 <-- 3.396323 s

maxsize : 37
nodes : 1455546.000000
filtered : 7555044.000000
time : 6.609684
