Parameters: GAD=1 vflib=1 dir=0 label=1 lowerbound=1 fileNameGp=../../cp2016-max-common-connected-subgraph-paper/datasets/graphsdb/mcs50/rand/r01/mcs50_r01_s70.A02 fileNameGt=../../cp2016-max-common-connected-subgraph-paper/datasets/graphsdb/mcs50/rand/r01/mcs50_r01_s70.B02
Reading graphs...
70 :  459
70 :  461
Initializing...
maxdom : 8
D->valSize : 362
Solving...
Blb : 2 (clique : 11)
currentSize : 11 <-- 0.004512 s
currentSize : 13 <-- 0.004667 s
currentSize : 14 <-- 0.004771 s
currentSize : 15 <-- 0.005038 s
currentSize : 16 <-- 0.028791 s
currentSize : 18 <-- 0.028905 s
currentSize : 20 <-- 0.108735 s
currentSize : 23 <-- 0.117605 s
currentSize : 29 <-- 0.149531 s
currentSize : 33 <-- 0.165234 s

maxsize : 33
nodes : 55681.000000
filtered : 818313.000000
time : 0.346364
