Parameters: GAD=1 vflib=1 dir=0 label=1 lowerbound=1 fileNameGp=../../cp2016-max-common-connected-subgraph-paper/datasets/graphsdb/mcs50/bvg/b06/mcs50_b06_s50.A07 fileNameGt=../../cp2016-max-common-connected-subgraph-paper/datasets/graphsdb/mcs50/bvg/b06/mcs50_b06_s50.B07
Reading graphs...
50 :  149
50 :  149
Initializing...
maxdom : 9
D->valSize : 305
Solving...
Blb : 3 (clique : 13)
currentSize : 13 <-- 0.002130 s
currentSize : 14 <-- 0.002254 s
currentSize : 15 <-- 0.002280 s
currentSize : 17 <-- 0.002592 s
currentSize : 18 <-- 0.022851 s
currentSize : 19 <-- 0.540739 s
currentSize : 21 <-- 2.020661 s
currentSize : 22 <-- 6.534535 s
currentSize : 23 <-- 6.534758 s
currentSize : 24 <-- 6.753900 s
currentSize : 25 <-- 6.912042 s
currentSize : 26 <-- 6.912079 s
currentSize : 27 <-- 9.494858 s

maxsize : 27
nodes : 3372635.000000
filtered : 30376747.000000
time : 13.106063
