Parameters: GAD=1 vflib=1 dir=0 label=1 lowerbound=1 fileNameGp=../../cp2016-max-common-connected-subgraph-paper/datasets/graphsdb/mcs50/rand/r02/mcs50_r02_s100.A00 fileNameGt=../../cp2016-max-common-connected-subgraph-paper/datasets/graphsdb/mcs50/rand/r02/mcs50_r02_s100.B00
Reading graphs...
100 :  1759
100 :  1758
Initializing...
maxdom : 7
D->valSize : 346
Solving...
Blb : 2 (clique : 10)
currentSize : 10 <-- 0.003249 s
currentSize : 15 <-- 0.003441 s
currentSize : 17 <-- 0.005911 s
currentSize : 24 <-- 0.006137 s
currentSize : 30 <-- 0.031562 s
currentSize : 31 <-- 0.033016 s
currentSize : 32 <-- 0.036043 s
currentSize : 33 <-- 0.041657 s
currentSize : 34 <-- 0.078268 s
currentSize : 35 <-- 0.303145 s
currentSize : 36 <-- 0.306789 s

maxsize : 36
nodes : 101375.000000
filtered : 554660.000000
time : 0.532184
