Parameters: GAD=1 vflib=1 dir=0 label=1 lowerbound=1 fileNameGp=../../cp2016-max-common-connected-subgraph-paper/datasets/graphsdb/mcs50/rand/r01/mcs50_r01_s50.A01 fileNameGt=../../cp2016-max-common-connected-subgraph-paper/datasets/graphsdb/mcs50/rand/r01/mcs50_r01_s50.B01
Reading graphs...
50 :  233
50 :  230
Initializing...
maxdom : 11
D->valSize : 319
Solving...
Blb : 2 (clique : 10)
currentSize : 10 <-- 0.002053 s
currentSize : 11 <-- 0.002262 s
currentSize : 12 <-- 0.002336 s
currentSize : 13 <-- 0.003723 s
currentSize : 15 <-- 0.005902 s
currentSize : 18 <-- 0.006157 s
currentSize : 19 <-- 0.022506 s
currentSize : 22 <-- 0.031249 s
currentSize : 24 <-- 0.036923 s

maxsize : 24
nodes : 27959.000000
filtered : 585371.000000
time : 0.141497
