Parameters: GAD=1 vflib=1 dir=0 label=1 lowerbound=1 fileNameGp=../../cp2016-max-common-connected-subgraph-paper/datasets/graphsdb/mcs50/bvg/b09/mcs50_b09_s70.A04 fileNameGt=../../cp2016-max-common-connected-subgraph-paper/datasets/graphsdb/mcs50/bvg/b09/mcs50_b09_s70.B04
Reading graphs...
70 :  311
70 :  314
Initializing...
maxdom : 8
D->valSize : 332
Solving...
Blb : 5 (clique : 15)
currentSize : 15 <-- 0.002599 s
currentSize : 16 <-- 0.002724 s
currentSize : 17 <-- 0.007086 s
currentSize : 18 <-- 0.007456 s
currentSize : 19 <-- 0.041749 s
currentSize : 21 <-- 0.157341 s
currentSize : 22 <-- 0.157411 s
currentSize : 24 <-- 0.356254 s
currentSize : 27 <-- 1.068607 s
currentSize : 28 <-- 1.068654 s
currentSize : 29 <-- 1.068879 s
currentSize : 30 <-- 1.068940 s
currentSize : 32 <-- 1.070447 s
currentSize : 34 <-- 1.070948 s

maxsize : 34
nodes : 898597.000000
filtered : 5264370.000000
time : 3.922705
