Parameters: GAD=1 vflib=1 dir=0 label=1 lowerbound=1 fileNameGp=../../cp2016-max-common-connected-subgraph-paper/datasets/graphsdb/mcs50/rand/r005/mcs50_r005_s80.A00 fileNameGt=../../cp2016-max-common-connected-subgraph-paper/datasets/graphsdb/mcs50/rand/r005/mcs50_r005_s80.B00
Reading graphs...
80 :  305
80 :  305
Initializing...
maxdom : 9
D->valSize : 435
Solving...
Blb : 2 (clique : 19)
currentSize : 19 <-- 0.004086 s
currentSize : 20 <-- 0.004281 s
currentSize : 21 <-- 0.004393 s
currentSize : 22 <-- 0.008612 s
currentSize : 23 <-- 0.030110 s
currentSize : 24 <-- 0.106284 s
currentSize : 25 <-- 0.483911 s
currentSize : 26 <-- 0.485319 s
currentSize : 27 <-- 1.475823 s
currentSize : 28 <-- 1.916021 s
currentSize : 29 <-- 3.743259 s
currentSize : 30 <-- 4.456058 s
currentSize : 31 <-- 10.103039 s
currentSize : 32 <-- 12.227528 s
currentSize : 33 <-- 12.227922 s
currentSize : 34 <-- 25.256945 s
currentSize : 35 <-- 54.727863 s
currentSize : 36 <-- 54.730202 s
currentSize : 37 <-- 72.105843 s
currentSize : 38 <-- 107.401970 s
currentSize : 39 <-- 107.402176 s

maxsize : 39
nodes : 18825690.000000
filtered : 198033308.000000
time : 112.606339
