Parameters: GAD=1 vflib=1 dir=0 label=1 lowerbound=1 fileNameGp=../../cp2016-max-common-connected-subgraph-paper/datasets/graphsdb/mcs50/m3D/m3Dr6/mcs50_m3Dr6_s50.A03 fileNameGt=../../cp2016-max-common-connected-subgraph-paper/datasets/graphsdb/mcs50/m3D/m3Dr6/mcs50_m3Dr6_s50.B03
Reading graphs...
50 :  135
50 :  136
Initializing...
maxdom : 9
D->valSize : 341
Solving...
Blb : 2 (clique : 18)
currentSize : 18 <-- 0.002455 s
currentSize : 20 <-- 0.002569 s
currentSize : 21 <-- 0.002668 s
currentSize : 22 <-- 0.002725 s
currentSize : 23 <-- 1.393890 s
currentSize : 24 <-- 1.393961 s
currentSize : 25 <-- 1.394449 s
currentSize : 26 <-- 1.394526 s
currentSize : 27 <-- 3.242598 s

maxsize : 27
nodes : 799069.000000
filtered : 16656589.000000
time : 4.279889
