Parameters: GAD=1 vflib=1 dir=0 label=1 lowerbound=1 fileNameGp=../../cp2016-max-common-connected-subgraph-paper/datasets/graphsdb/mcs50/bvg/b06m/mcs50_b06m_s80.A03 fileNameGt=../../cp2016-max-common-connected-subgraph-paper/datasets/graphsdb/mcs50/bvg/b06m/mcs50_b06m_s80.B03
Reading graphs...
80 :  237
80 :  236
Initializing...
maxdom : 8
D->valSize : 430
Solving...
Blb : 2 (clique : 26)
currentSize : 26 <-- 0.004169 s
currentSize : 28 <-- 0.004364 s
currentSize : 29 <-- 0.004421 s
currentSize : 30 <-- 0.004635 s
currentSize : 31 <-- 0.009380 s
currentSize : 35 <-- 0.118620 s
currentSize : 36 <-- 0.118655 s
currentSize : 37 <-- 0.118754 s
currentSize : 38 <-- 0.140622 s
currentSize : 39 <-- 4.998524 s
currentSize : 40 <-- 5.013676 s

maxsize : 40
nodes : 158992732.000000
filtered : 1456706326.000000
time : 899.159607
