Parameters: GAD=1 vflib=1 dir=0 label=1 lowerbound=1 fileNameGp=../../cp2016-max-common-connected-subgraph-paper/datasets/graphsdb/mcs50/rand/r001/mcs50_r001_s100.A08 fileNameGt=../../cp2016-max-common-connected-subgraph-paper/datasets/graphsdb/mcs50/rand/r001/mcs50_r001_s100.B08
Reading graphs...
100 :  123
100 :  124
Initializing...
maxdom : 7
D->valSize : 340
Solving...
Blb : 2 (clique : 48)
currentSize : 48 <-- 0.003594 s
currentSize : 49 <-- 0.003965 s
currentSize : 50 <-- 0.004231 s
currentSize : 51 <-- 0.006603 s
currentSize : 52 <-- 183.304962 s
currentSize : 53 <-- 290.061432 s
currentSize : 54 <-- 376.776794 s

TIMEOUT
maxsize : 54
nodes : 205417717.000000
filtered : 814709210.000000
time : 1000.000122
