Parameters: GAD=1 vflib=1 dir=0 label=1 lowerbound=1 fileNameGp=../../cp2016-max-common-connected-subgraph-paper/datasets/graphsdb/mcs50/m2D/m2Dr6/mcs50_m2Dr6_s50.A01 fileNameGt=../../cp2016-max-common-connected-subgraph-paper/datasets/graphsdb/mcs50/m2D/m2Dr6/mcs50_m2Dr6_s50.B01
Reading graphs...
50 :  115
50 :  113
Initializing...
maxdom : 10
D->valSize : 331
Solving...
Blb : 3 (clique : 19)
currentSize : 19 <-- 0.002324 s
currentSize : 20 <-- 0.002544 s
currentSize : 21 <-- 17.602421 s
currentSize : 22 <-- 17.602535 s
currentSize : 23 <-- 17.603121 s
currentSize : 24 <-- 17.603165 s
currentSize : 25 <-- 17.641733 s
currentSize : 26 <-- 17.652212 s

maxsize : 26
nodes : 5643359.000000
filtered : 59591677.000000
time : 20.797014
