Parameters: GAD=1 vflib=1 dir=0 label=1 lowerbound=1 fileNameGp=../../cp2016-max-common-connected-subgraph-paper/datasets/graphsdb/mcs50/bvg/b03m/mcs50_b03m_s60.A04 fileNameGt=../../cp2016-max-common-connected-subgraph-paper/datasets/graphsdb/mcs50/bvg/b03m/mcs50_b03m_s60.B04
Reading graphs...
60 :  90
60 :  90
Initializing...
maxdom : 8
D->valSize : 264
Solving...
Blb : 2 (clique : 26)
currentSize : 26 <-- 0.001934 s
currentSize : 27 <-- 0.004496 s
currentSize : 28 <-- 0.006524 s
currentSize : 29 <-- 0.006928 s
currentSize : 30 <-- 0.008112 s
currentSize : 31 <-- 0.026363 s
currentSize : 32 <-- 0.027127 s
currentSize : 33 <-- 0.088099 s
currentSize : 34 <-- 0.627036 s

maxsize : 34
nodes : 67781522.000000
filtered : 392923738.000000
time : 275.706970
