Parameters: GAD=1 vflib=1 dir=0 label=1 lowerbound=1 fileNameGp=../../cp2016-max-common-connected-subgraph-paper/datasets/graphsdb/mcs50/m2D/m2Dr4/mcs50_m2Dr4_s50.A04 fileNameGt=../../cp2016-max-common-connected-subgraph-paper/datasets/graphsdb/mcs50/m2D/m2Dr4/mcs50_m2Dr4_s50.B04
Reading graphs...
50 :  103
50 :  103
Initializing...
maxdom : 10
D->valSize : 339
Solving...
Blb : 2 (clique : 17)
currentSize : 17 <-- 0.003783 s
currentSize : 18 <-- 0.013814 s
currentSize : 19 <-- 0.231687 s
currentSize : 20 <-- 0.683473 s
currentSize : 21 <-- 2.690767 s
currentSize : 22 <-- 2.987620 s
currentSize : 23 <-- 10.789791 s
currentSize : 24 <-- 10.789904 s
currentSize : 25 <-- 43.705299 s
currentSize : 26 <-- 43.705490 s
currentSize : 27 <-- 43.726288 s

maxsize : 27
nodes : 10963265.000000
filtered : 156856505.000000
time : 47.395199
