Parameters: GAD=1 vflib=1 dir=0 label=1 lowerbound=1 fileNameGp=../../cp2016-max-common-connected-subgraph-paper/datasets/graphsdb/mcs50/bvg/b09/mcs50_b09_s100.A02 fileNameGt=../../cp2016-max-common-connected-subgraph-paper/datasets/graphsdb/mcs50/bvg/b09/mcs50_b09_s100.B02
Reading graphs...
100 :  448
100 :  447
Initializing...
maxdom : 7
D->valSize : 380
Solving...
Blb : 2 (clique : 30)
currentSize : 30 <-- 0.003862 s
currentSize : 31 <-- 0.116966 s
currentSize : 32 <-- 0.117014 s
currentSize : 33 <-- 0.139184 s
currentSize : 34 <-- 0.590619 s
currentSize : 35 <-- 5.808696 s
currentSize : 36 <-- 6.059183 s
currentSize : 37 <-- 67.060730 s
currentSize : 38 <-- 257.375397 s
currentSize : 39 <-- 536.083130 s
currentSize : 40 <-- 536.693970 s

TIMEOUT
maxsize : 40
nodes : 206865290.000000
filtered : 705196043.000000
time : 1000.000061
