Parameters: GAD=1 vflib=1 dir=0 label=1 lowerbound=1 fileNameGp=../../cp2016-max-common-connected-subgraph-paper/datasets/graphsdb/mcs50/bvg/b03/mcs50_b03_s80.A02 fileNameGt=../../cp2016-max-common-connected-subgraph-paper/datasets/graphsdb/mcs50/bvg/b03/mcs50_b03_s80.B02
Reading graphs...
80 :  120
80 :  120
Initializing...
maxdom : 8
D->valSize : 450
Solving...
Blb : 2 (clique : 31)
currentSize : 31 <-- 0.007204 s
currentSize : 33 <-- 0.007529 s
currentSize : 34 <-- 0.008159 s
currentSize : 35 <-- 0.744465 s
currentSize : 36 <-- 3.119288 s
currentSize : 37 <-- 4.697157 s
currentSize : 38 <-- 285.283478 s
currentSize : 39 <-- 308.342163 s
currentSize : 40 <-- 308.867432 s

TIMEOUT
maxsize : 40
nodes : 172161388.000000
filtered : 1421781033.000000
time : 1000.000061
