Parameters: GAD=1 vflib=1 dir=0 label=1 lowerbound=1 fileNameGp=../../cp2016-max-common-connected-subgraph-paper/datasets/graphsdb/mcs50/m3D/m3D/mcs50_m3D_s60.A06 fileNameGt=../../cp2016-max-common-connected-subgraph-paper/datasets/graphsdb/mcs50/m3D/m3D/mcs50_m3D_s60.B06
Reading graphs...
60 :  134
60 :  132
Initializing...
maxdom : 6
D->valSize : 229
Solving...
Blb : 2 (clique : 19)
currentSize : 19 <-- 0.001641 s
currentSize : 21 <-- 0.001749 s
currentSize : 22 <-- 0.013994 s
currentSize : 23 <-- 0.014136 s
currentSize : 24 <-- 3.701667 s
currentSize : 25 <-- 3.704928 s
currentSize : 26 <-- 5.472615 s
currentSize : 27 <-- 40.443707 s
currentSize : 28 <-- 57.316921 s

maxsize : 28
nodes : 20177288.000000
filtered : 133672030.000000
time : 80.737183
