Parameters: GAD=1 vflib=1 dir=0 label=1 lowerbound=1 fileNameGp=../../cp2016-max-common-connected-subgraph-paper/datasets/graphsdb/mcs50/bvg/b03/mcs50_b03_s50.A09 fileNameGt=../../cp2016-max-common-connected-subgraph-paper/datasets/graphsdb/mcs50/bvg/b03/mcs50_b03_s50.B09
Reading graphs...
50 :  75
50 :  75
Initializing...
maxdom : 8
D->valSize : 303
Solving...
Blb : 2 (clique : 20)
currentSize : 20 <-- 0.002131 s
currentSize : 21 <-- 0.003096 s
currentSize : 22 <-- 2.357075 s
currentSize : 23 <-- 7.266937 s
currentSize : 24 <-- 37.538891 s
currentSize : 25 <-- 37.543583 s
currentSize : 26 <-- 38.366238 s
currentSize : 27 <-- 41.558796 s

maxsize : 27
nodes : 19632863.000000
filtered : 207633379.000000
time : 75.619858
