Parameters: GAD=1 vflib=1 dir=0 label=1 lowerbound=1 fileNameGp=../../cp2016-max-common-connected-subgraph-paper/datasets/graphsdb/mcs50/bvg/b06m/mcs50_b06m_s50.A05 fileNameGt=../../cp2016-max-common-connected-subgraph-paper/datasets/graphsdb/mcs50/bvg/b06m/mcs50_b06m_s50.B05
Reading graphs...
50 :  148
50 :  145
Initializing...
maxdom : 13
D->valSize : 340
Solving...
Blb : 2 (clique : 17)
currentSize : 17 <-- 0.002403 s
currentSize : 18 <-- 0.003471 s
currentSize : 20 <-- 0.114277 s
currentSize : 21 <-- 0.115506 s
currentSize : 24 <-- 1.620924 s
currentSize : 25 <-- 1.621568 s
currentSize : 26 <-- 1.797643 s

maxsize : 26
nodes : 649494.000000
filtered : 7909219.000000
time : 2.792558
