Parameters: GAD=1 vflib=1 dir=0 label=1 lowerbound=1 fileNameGp=../../cp2016-max-common-connected-subgraph-paper/datasets/graphsdb/mcs50/rand/r01/mcs50_r01_s35.A01 fileNameGt=../../cp2016-max-common-connected-subgraph-paper/datasets/graphsdb/mcs50/rand/r01/mcs50_r01_s35.B01
Reading graphs...
35 :  111
35 :  110
Initializing...
maxdom : 6
D->valSize : 159
Solving...
Blb : 2 (clique : 9)
currentSize : 9 <-- 0.000928 s
currentSize : 10 <-- 0.001009 s
currentSize : 11 <-- 0.002048 s
currentSize : 12 <-- 0.004408 s
currentSize : 13 <-- 0.005832 s
currentSize : 14 <-- 0.006696 s
currentSize : 15 <-- 0.013218 s
currentSize : 16 <-- 0.013732 s
currentSize : 17 <-- 0.022785 s

maxsize : 17
nodes : 12342.000000
filtered : 137786.000000
time : 0.044393
