Parameters: GAD=1 vflib=1 dir=0 label=1 lowerbound=1 fileNameGp=../../cp2016-max-common-connected-subgraph-paper/datasets/graphsdb/mcs50/m3D/m3Dr2/mcs50_m3Dr2_s60.A09 fileNameGt=../../cp2016-max-common-connected-subgraph-paper/datasets/graphsdb/mcs50/m3D/m3Dr2/mcs50_m3Dr2_s60.B09
Reading graphs...
60 :  146
60 :  140
Initializing...
maxdom : 7
D->valSize : 238
Solving...
Blb : 3 (clique : 22)
currentSize : 22 <-- 0.001716 s
currentSize : 23 <-- 0.041976 s
currentSize : 24 <-- 0.484433 s
currentSize : 25 <-- 0.484637 s
currentSize : 26 <-- 0.511129 s
currentSize : 27 <-- 1.081865 s
currentSize : 29 <-- 2.944326 s

maxsize : 29
nodes : 4940428.000000
filtered : 30047583.000000
time : 20.419657
