Parameters: GAD=1 vflib=1 dir=0 label=1 lowerbound=1 fileNameGp=../../cp2016-max-common-connected-subgraph-paper/datasets/graphsdb/mcs50/rand/r005/mcs50_r005_s100.A02 fileNameGt=../../cp2016-max-common-connected-subgraph-paper/datasets/graphsdb/mcs50/rand/r005/mcs50_r005_s100.B02
Reading graphs...
100 :  484
100 :  482
Initializing...
maxdom : 8
D->valSize : 368
Solving...
Blb : 2 (clique : 22)
currentSize : 22 <-- 0.005869 s
currentSize : 25 <-- 0.006366 s
currentSize : 26 <-- 0.016059 s
currentSize : 27 <-- 0.057609 s
currentSize : 28 <-- 0.096134 s
currentSize : 29 <-- 0.357399 s
currentSize : 30 <-- 0.357499 s
currentSize : 31 <-- 1.334029 s
currentSize : 32 <-- 1.334311 s
currentSize : 33 <-- 2.832385 s
currentSize : 34 <-- 5.310585 s
currentSize : 35 <-- 5.832728 s
currentSize : 36 <-- 18.922344 s
currentSize : 38 <-- 18.922709 s
currentSize : 39 <-- 27.057352 s
currentSize : 40 <-- 27.060204 s
currentSize : 41 <-- 27.083244 s
currentSize : 46 <-- 29.761442 s
currentSize : 50 <-- 33.368698 s

maxsize : 50
nodes : 10054069.000000
filtered : 60045898.000000
time : 59.436386
