Parameters: GAD=1 vflib=1 dir=0 label=1 lowerbound=1 fileNameGp=../../cp2016-max-common-connected-subgraph-paper/datasets/graphsdb/mcs50/m3D/m3Dr4/mcs50_m3Dr4_s50.A04 fileNameGt=../../cp2016-max-common-connected-subgraph-paper/datasets/graphsdb/mcs50/m3D/m3Dr4/mcs50_m3Dr4_s50.B04
Reading graphs...
50 :  127
50 :  128
Initializing...
maxdom : 8
D->valSize : 321
Solving...
Blb : 2 (clique : 19)
currentSize : 19 <-- 0.002151 s
currentSize : 20 <-- 0.108168 s
currentSize : 23 <-- 1.202813 s
currentSize : 24 <-- 5.611087 s
currentSize : 25 <-- 15.945894 s
currentSize : 27 <-- 34.860981 s

maxsize : 27
nodes : 9227684.000000
filtered : 115565494.000000
time : 40.231880
