Parameters: GAD=1 vflib=1 dir=0 label=1 lowerbound=1 fileNameGp=../../cp2016-max-common-connected-subgraph-paper/datasets/graphsdb/mcs50/m2D/m2Dr6/mcs50_m2Dr6_s80.A09 fileNameGt=../../cp2016-max-common-connected-subgraph-paper/datasets/graphsdb/mcs50/m2D/m2Dr6/mcs50_m2Dr6_s80.B09
Reading graphs...
80 :  189
80 :  186
Initializing...
maxdom : 7
D->valSize : 406
Solving...
Blb : 3 (clique : 29)
currentSize : 29 <-- 0.003982 s
currentSize : 30 <-- 151.964874 s
currentSize : 31 <-- 479.783630 s
currentSize : 32 <-- 510.533417 s
currentSize : 33 <-- 510.533539 s
currentSize : 34 <-- 636.867920 s
currentSize : 35 <-- 637.416077 s

TIMEOUT
maxsize : 35
nodes : 201046455.000000
filtered : 1651232689.000000
time : 1000.000061
