Parameters: GAD=1 vflib=1 dir=0 label=1 lowerbound=1 fileNameGp=../../cp2016-max-common-connected-subgraph-paper/datasets/graphsdb/mcs50/bvg/b06m/mcs50_b06m_s90.A08 fileNameGt=../../cp2016-max-common-connected-subgraph-paper/datasets/graphsdb/mcs50/bvg/b06m/mcs50_b06m_s90.B08
Reading graphs...
90 :  268
90 :  267
Initializing...
maxdom : 9
D->valSize : 510
Solving...
Blb : 3 (clique : 33)
currentSize : 33 <-- 0.005552 s
currentSize : 34 <-- 1.413936 s
currentSize : 35 <-- 1.487880 s
currentSize : 36 <-- 1.591129 s
currentSize : 37 <-- 1.591229 s
currentSize : 38 <-- 1.741643 s
currentSize : 40 <-- 26.383068 s
currentSize : 41 <-- 26.383772 s
currentSize : 42 <-- 26.496519 s
currentSize : 43 <-- 26.496897 s
currentSize : 44 <-- 26.559319 s

TIMEOUT
maxsize : 44
nodes : 206854812.000000
filtered : 905935270.000000
time : 1000.000122
