Parameters: GAD=1 vflib=1 dir=0 label=1 lowerbound=1 fileNameGp=../../cp2016-max-common-connected-subgraph-paper/datasets/graphsdb/mcs50/m2D/m2Dr4/mcs50_m2Dr4_s70.A07 fileNameGt=../../cp2016-max-common-connected-subgraph-paper/datasets/graphsdb/mcs50/m2D/m2Dr4/mcs50_m2Dr4_s70.B07
Reading graphs...
70 :  150
70 :  148
Initializing...
maxdom : 7
D->valSize : 317
Solving...
Blb : 2 (clique : 22)
currentSize : 22 <-- 0.002579 s
currentSize : 23 <-- 0.003703 s
currentSize : 24 <-- 0.004461 s
currentSize : 25 <-- 0.005423 s
currentSize : 26 <-- 0.013982 s
currentSize : 27 <-- 0.900950 s
currentSize : 28 <-- 3.935247 s
currentSize : 29 <-- 3.935571 s
currentSize : 30 <-- 33.622387 s
currentSize : 31 <-- 33.623089 s
currentSize : 32 <-- 33.658756 s
currentSize : 33 <-- 33.807152 s
currentSize : 34 <-- 71.068741 s
currentSize : 35 <-- 84.421112 s
currentSize : 36 <-- 183.668961 s

maxsize : 36
nodes : 157153244.000000
filtered : 964309431.000000
time : 699.598389
