Parameters: GAD=1 vflib=1 dir=0 label=1 lowerbound=1 fileNameGp=../../cp2016-max-common-connected-subgraph-paper/datasets/graphsdb/mcs50/m3D/m3Dr2/mcs50_m3Dr2_s50.A00 fileNameGt=../../cp2016-max-common-connected-subgraph-paper/datasets/graphsdb/mcs50/m3D/m3Dr2/mcs50_m3Dr2_s50.B00
Reading graphs...
50 :  118
50 :  117
Initializing...
maxdom : 13
D->valSize : 367
Solving...
Blb : 3 (clique : 17)
currentSize : 17 <-- 0.002672 s
currentSize : 18 <-- 0.026555 s
currentSize : 19 <-- 0.134983 s
currentSize : 20 <-- 0.211207 s
currentSize : 21 <-- 0.213268 s
currentSize : 22 <-- 0.466245 s
currentSize : 23 <-- 0.763677 s
currentSize : 24 <-- 0.763708 s
currentSize : 25 <-- 0.983069 s
currentSize : 26 <-- 1.266548 s
currentSize : 27 <-- 1.749568 s
currentSize : 28 <-- 2.863972 s

maxsize : 28
nodes : 889768.000000
filtered : 13193996.000000
time : 3.969652
