Parameters: GAD=1 vflib=1 dir=0 label=1 lowerbound=1 fileNameGp=../../cp2016-max-common-connected-subgraph-paper/datasets/graphsdb/mcs50/rand/r02/mcs50_r02_s100.A01 fileNameGt=../../cp2016-max-common-connected-subgraph-paper/datasets/graphsdb/mcs50/rand/r02/mcs50_r02_s100.B01
Reading graphs...
100 :  1759
100 :  1774
Initializing...
maxdom : 8
D->valSize : 380
Solving...
Blb : 5 (clique : 8)
currentSize : 8 <-- 0.003815 s
currentSize : 10 <-- 0.004347 s
currentSize : 11 <-- 0.004498 s
currentSize : 17 <-- 0.006337 s
currentSize : 19 <-- 0.006429 s
currentSize : 20 <-- 0.006518 s
currentSize : 21 <-- 0.010946 s
currentSize : 23 <-- 0.022773 s
currentSize : 24 <-- 0.031478 s
currentSize : 25 <-- 0.050626 s
currentSize : 26 <-- 0.050742 s
currentSize : 27 <-- 0.052355 s
currentSize : 34 <-- 0.066018 s
currentSize : 35 <-- 0.066148 s
currentSize : 36 <-- 0.066434 s
currentSize : 37 <-- 0.085743 s
currentSize : 38 <-- 0.086060 s

maxsize : 38
nodes : 121830.000000
filtered : 570839.000000
time : 0.632594
