Parameters: GAD=1 vflib=1 dir=0 label=1 lowerbound=1 fileNameGp=../../cp2016-max-common-connected-subgraph-paper/datasets/graphsdb/mcs50/bvg/b09/mcs50_b09_s100.A03 fileNameGt=../../cp2016-max-common-connected-subgraph-paper/datasets/graphsdb/mcs50/bvg/b09/mcs50_b09_s100.B03
Reading graphs...
100 :  449
100 :  448
Initializing...
maxdom : 7
D->valSize : 346
Solving...
Blb : 2 (clique : 27)
currentSize : 27 <-- 0.003455 s
currentSize : 28 <-- 0.003645 s
currentSize : 29 <-- 0.004197 s
currentSize : 30 <-- 0.008352 s
currentSize : 31 <-- 0.008421 s
currentSize : 32 <-- 0.009201 s
currentSize : 37 <-- 0.133687 s
currentSize : 39 <-- 0.133902 s
currentSize : 40 <-- 0.134273 s
currentSize : 41 <-- 0.139825 s
currentSize : 42 <-- 0.140066 s
currentSize : 43 <-- 0.140759 s
currentSize : 44 <-- 0.141015 s
currentSize : 46 <-- 13.355040 s
currentSize : 48 <-- 13.355815 s
currentSize : 50 <-- 13.361655 s

maxsize : 50
nodes : 6799104.000000
filtered : 41183974.000000
time : 38.715168
