Parameters: GAD=1 vflib=1 dir=0 label=1 lowerbound=1 fileNameGp=../../cp2016-max-common-connected-subgraph-paper/datasets/graphsdb/mcs50/m2D/m2Dr6/mcs50_m2Dr6_s70.A07 fileNameGt=../../cp2016-max-common-connected-subgraph-paper/datasets/graphsdb/mcs50/m2D/m2Dr6/mcs50_m2Dr6_s70.B07
Reading graphs...
70 :  165
70 :  164
Initializing...
maxdom : 7
D->valSize : 316
Solving...
Blb : 2 (clique : 27)
currentSize : 27 <-- 0.004145 s
currentSize : 28 <-- 0.004673 s
currentSize : 30 <-- 0.005000 s
currentSize : 32 <-- 0.005132 s
currentSize : 33 <-- 0.007612 s
currentSize : 34 <-- 0.007714 s
currentSize : 36 <-- 0.011792 s
currentSize : 37 <-- 0.016158 s
currentSize : 38 <-- 0.016266 s
currentSize : 39 <-- 0.072979 s

maxsize : 39
nodes : 17418640.000000
filtered : 89454029.000000
time : 81.119293
