Parameters: GAD=1 vflib=1 dir=0 label=1 lowerbound=1 fileNameGp=../../cp2016-max-common-connected-subgraph-paper/datasets/graphsdb/mcs50/rand/r01/mcs50_r01_s50.A05 fileNameGt=../../cp2016-max-common-connected-subgraph-paper/datasets/graphsdb/mcs50/rand/r01/mcs50_r01_s50.B05
Reading graphs...
50 :  232
50 :  239
Initializing...
maxdom : 10
D->valSize : 320
Solving...
Blb : 2 (clique : 10)
currentSize : 10 <-- 0.002240 s
currentSize : 11 <-- 0.002568 s
currentSize : 13 <-- 0.004423 s
currentSize : 14 <-- 0.005941 s
currentSize : 16 <-- 0.006829 s
currentSize : 18 <-- 0.033124 s
currentSize : 21 <-- 0.036534 s
currentSize : 25 <-- 0.298676 s

maxsize : 25
nodes : 70001.000000
filtered : 1344169.000000
time : 0.353510
