Parameters: GAD=1 vflib=1 dir=0 label=1 lowerbound=1 fileNameGp=../../cp2016-max-common-connected-subgraph-paper/datasets/graphsdb/mcs50/bvg/b03m/mcs50_b03m_s40.A06 fileNameGt=../../cp2016-max-common-connected-subgraph-paper/datasets/graphsdb/mcs50/bvg/b03m/mcs50_b03m_s40.B06
Reading graphs...
40 :  60
40 :  60
Initializing...
maxdom : 7
D->valSize : 208
Solving...
Blb : 2 (clique : 14)
currentSize : 14 <-- 0.001854 s
currentSize : 15 <-- 0.001954 s
currentSize : 16 <-- 0.002041 s
currentSize : 17 <-- 0.034959 s
currentSize : 19 <-- 0.037785 s
currentSize : 20 <-- 0.417054 s
currentSize : 21 <-- 4.093614 s
currentSize : 22 <-- 4.121781 s

maxsize : 22
nodes : 1363890.000000
filtered : 11104364.000000
time : 4.830647
