Parameters: GAD=1 vflib=1 dir=0 label=1 lowerbound=1 fileNameGp=../../cp2016-max-common-connected-subgraph-paper/datasets/graphsdb/mcs50/bvg/b06/mcs50_b06_s40.A00 fileNameGt=../../cp2016-max-common-connected-subgraph-paper/datasets/graphsdb/mcs50/bvg/b06/mcs50_b06_s40.B00
Reading graphs...
40 :  120
40 :  115
Initializing...
maxdom : 7
D->valSize : 213
Solving...
Blb : 2 (clique : 9)
currentSize : 9 <-- 0.001191 s
currentSize : 10 <-- 0.001355 s
currentSize : 11 <-- 0.002155 s
currentSize : 12 <-- 0.004485 s
currentSize : 13 <-- 0.041953 s
currentSize : 18 <-- 0.198295 s
currentSize : 19 <-- 0.198444 s
currentSize : 20 <-- 0.198667 s

maxsize : 20
nodes : 111612.000000
filtered : 888165.000000
time : 0.382128
