Parameters: GAD=1 vflib=1 dir=0 label=1 lowerbound=1 fileNameGp=../../cp2016-max-common-connected-subgraph-paper/datasets/graphsdb/mcs50/bvg/b06m/mcs50_b06m_s70.A00 fileNameGt=../../cp2016-max-common-connected-subgraph-paper/datasets/graphsdb/mcs50/bvg/b06m/mcs50_b06m_s70.B00
Reading graphs...
70 :  209
70 :  208
Initializing...
maxdom : 9
D->valSize : 339
Solving...
Blb : 3 (clique : 29)
currentSize : 29 <-- 0.002889 s
currentSize : 30 <-- 13.387503 s
currentSize : 31 <-- 13.512459 s
currentSize : 33 <-- 13.516308 s
currentSize : 34 <-- 47.823299 s
currentSize : 35 <-- 47.823368 s

maxsize : 35
nodes : 20566380.000000
filtered : 113441098.000000
time : 87.867912
