Parameters: GAD=1 vflib=1 dir=0 label=1 lowerbound=1 fileNameGp=../../cp2016-max-common-connected-subgraph-paper/datasets/graphsdb/mcs50/m2D/m2D/mcs50_m2D_s50.A02 fileNameGt=../../cp2016-max-common-connected-subgraph-paper/datasets/graphsdb/mcs50/m2D/m2D/mcs50_m2D_s50.B02
Reading graphs...
50 :  85
50 :  83
Initializing...
maxdom : 14
D->valSize : 343
Solving...
Blb : 2 (clique : 22)
currentSize : 22 <-- 0.002474 s
currentSize : 23 <-- 0.002672 s
currentSize : 24 <-- 0.003271 s
currentSize : 25 <-- 0.008385 s
currentSize : 26 <-- 0.012021 s
currentSize : 27 <-- 0.019013 s
currentSize : 28 <-- 0.216971 s

maxsize : 28
nodes : 8073307.000000
filtered : 117060194.000000
time : 38.347851
