Parameters: GAD=1 vflib=1 dir=0 label=1 lowerbound=1 fileNameGp=../../cp2016-max-common-connected-subgraph-paper/datasets/graphsdb/mcs50/m2D/m2Dr2/mcs50_m2Dr2_s100.A02 fileNameGt=../../cp2016-max-common-connected-subgraph-paper/datasets/graphsdb/mcs50/m2D/m2Dr2/mcs50_m2Dr2_s100.B02
Reading graphs...
100 :  200
100 :  198
Initializing...
maxdom : 7
D->valSize : 353
Solving...
Blb : 3 (clique : 43)
currentSize : 43 <-- 0.005882 s
currentSize : 44 <-- 0.107411 s
currentSize : 45 <-- 0.200734 s
currentSize : 46 <-- 0.263670 s
currentSize : 47 <-- 15.646863 s
currentSize : 48 <-- 719.675842 s
currentSize : 49 <-- 719.694031 s
currentSize : 50 <-- 725.609497 s

TIMEOUT
maxsize : 50
nodes : 241179700.000000
filtered : 461885408.000000
time : 1000.000061
