Parameters: GAD=1 vflib=1 dir=0 label=1 lowerbound=1 fileNameGp=../../cp2016-max-common-connected-subgraph-paper/datasets/graphsdb/mcs50/bvg/b03m/mcs50_b03m_s60.A09 fileNameGt=../../cp2016-max-common-connected-subgraph-paper/datasets/graphsdb/mcs50/bvg/b03m/mcs50_b03m_s60.B09
Reading graphs...
60 :  89
60 :  89
Initializing...
maxdom : 8
D->valSize : 280
Solving...
Blb : 2 (clique : 23)
currentSize : 23 <-- 0.002052 s
currentSize : 24 <-- 0.002989 s
currentSize : 25 <-- 0.046187 s
currentSize : 26 <-- 0.055923 s
currentSize : 27 <-- 44.971329 s
currentSize : 28 <-- 62.212887 s
currentSize : 29 <-- 62.386600 s
currentSize : 30 <-- 62.411625 s
currentSize : 31 <-- 151.562149 s
currentSize : 32 <-- 154.209702 s
currentSize : 33 <-- 229.786957 s

maxsize : 33
nodes : 65541218.000000
filtered : 434797436.000000
time : 261.457489
