Parameters: GAD=1 vflib=1 dir=0 label=1 lowerbound=1 fileNameGp=../../cp2016-max-common-connected-subgraph-paper/datasets/graphsdb/mcs50/m2D/m2Dr4/mcs50_m2Dr4_s70.A00 fileNameGt=../../cp2016-max-common-connected-subgraph-paper/datasets/graphsdb/mcs50/m2D/m2Dr4/mcs50_m2Dr4_s70.B00
Reading graphs...
70 :  150
70 :  149
Initializing...
maxdom : 8
D->valSize : 356
Solving...
Blb : 2 (clique : 26)
currentSize : 26 <-- 0.003048 s
currentSize : 27 <-- 0.003240 s
currentSize : 28 <-- 0.003718 s
currentSize : 29 <-- 0.021262 s
currentSize : 30 <-- 0.025799 s
currentSize : 32 <-- 0.044636 s
currentSize : 33 <-- 0.044699 s
currentSize : 34 <-- 1.923699 s
currentSize : 35 <-- 3.097388 s

TIMEOUT
maxsize : 35
nodes : 196778451.000000
filtered : 1780535888.000000
time : 1000.000061
