Parameters: GAD=1 vflib=1 dir=0 label=1 lowerbound=1 fileNameGp=../../cp2016-max-common-connected-subgraph-paper/datasets/graphsdb/mcs50/m2D/m2Dr6/mcs50_m2Dr6_s60.A04 fileNameGt=../../cp2016-max-common-connected-subgraph-paper/datasets/graphsdb/mcs50/m2D/m2Dr6/mcs50_m2Dr6_s60.B04
Reading graphs...
60 :  139
60 :  135
Initializing...
maxdom : 7
D->valSize : 244
Solving...
Blb : 2 (clique : 21)
currentSize : 21 <-- 0.002568 s
currentSize : 22 <-- 0.004197 s
currentSize : 23 <-- 0.122475 s
currentSize : 24 <-- 1.076041 s
currentSize : 25 <-- 1.188313 s
currentSize : 26 <-- 21.047956 s
currentSize : 27 <-- 21.049597 s
currentSize : 28 <-- 60.030327 s

maxsize : 28
nodes : 16835049.000000
filtered : 107874357.000000
time : 71.699005
