Parameters: GAD=1 vflib=1 dir=0 label=1 lowerbound=1 fileNameGp=../../cp2016-max-common-connected-subgraph-paper/datasets/graphsdb/mcs50/rand/r005/mcs50_r005_s70.A00 fileNameGt=../../cp2016-max-common-connected-subgraph-paper/datasets/graphsdb/mcs50/rand/r005/mcs50_r005_s70.B00
Reading graphs...
70 :  233
70 :  232
Initializing...
maxdom : 8
D->valSize : 384
Solving...
Blb : 2 (clique : 24)
currentSize : 24 <-- 0.005233 s
currentSize : 25 <-- 0.005497 s
currentSize : 26 <-- 0.005514 s
currentSize : 29 <-- 0.052032 s
currentSize : 30 <-- 0.052122 s
currentSize : 31 <-- 4.415698 s
currentSize : 35 <-- 4.585838 s

maxsize : 35
nodes : 2663602.000000
filtered : 36185020.000000
time : 15.964541
