Parameters: GAD=1 vflib=1 dir=0 label=1 lowerbound=1 fileNameGp=../../cp2016-max-common-connected-subgraph-paper/datasets/graphsdb/mcs50/bvg/b06m/mcs50_b06m_s90.A03 fileNameGt=../../cp2016-max-common-connected-subgraph-paper/datasets/graphsdb/mcs50/bvg/b06m/mcs50_b06m_s90.B03
Reading graphs...
90 :  261
90 :  263
Initializing...
maxdom : 9
D->valSize : 561
Solving...
Blb : 2 (clique : 29)
currentSize : 29 <-- 0.010156 s
currentSize : 30 <-- 4.174960 s
currentSize : 31 <-- 33.441620 s
currentSize : 32 <-- 33.590145 s
currentSize : 33 <-- 71.670570 s
currentSize : 34 <-- 224.768661 s
currentSize : 35 <-- 263.270416 s
currentSize : 36 <-- 569.601807 s
currentSize : 37 <-- 816.270691 s

TIMEOUT
maxsize : 37
nodes : 176296290.000000
filtered : 1898259980.000000
time : 1000.000061
