Parameters: GAD=1 vflib=1 dir=0 label=1 lowerbound=1 fileNameGp=../../cp2016-max-common-connected-subgraph-paper/datasets/graphsdb/mcs50/rand/r005/mcs50_r005_s60.A04 fileNameGt=../../cp2016-max-common-connected-subgraph-paper/datasets/graphsdb/mcs50/rand/r005/mcs50_r005_s60.B04
Reading graphs...
60 :  175
60 :  170
Initializing...
maxdom : 8
D->valSize : 233
Solving...
Blb : 2 (clique : 17)
currentSize : 17 <-- 0.002441 s
currentSize : 18 <-- 0.005980 s
currentSize : 19 <-- 0.009874 s
currentSize : 21 <-- 0.017284 s
currentSize : 22 <-- 0.212169 s
currentSize : 24 <-- 0.638159 s
currentSize : 27 <-- 1.054664 s
currentSize : 28 <-- 1.055501 s
currentSize : 29 <-- 1.674968 s
currentSize : 30 <-- 1.929530 s

maxsize : 30
nodes : 525682.000000
filtered : 4015428.000000
time : 2.289170
