Parameters: GAD=1 vflib=1 dir=0 label=1 lowerbound=1 fileNameGp=../../cp2016-max-common-connected-subgraph-paper/datasets/graphsdb/mcs50/bvg/b09/mcs50_b09_s80.A03 fileNameGt=../../cp2016-max-common-connected-subgraph-paper/datasets/graphsdb/mcs50/bvg/b09/mcs50_b09_s80.B03
Reading graphs...
80 :  355
80 :  353
Initializing...
maxdom : 9
D->valSize : 433
Solving...
Blb : 2 (clique : 25)
currentSize : 25 <-- 0.004015 s
currentSize : 28 <-- 0.004294 s
currentSize : 29 <-- 0.008004 s
currentSize : 30 <-- 0.008518 s
currentSize : 31 <-- 0.025409 s
currentSize : 32 <-- 0.026281 s
currentSize : 33 <-- 0.026343 s
currentSize : 34 <-- 0.029796 s
currentSize : 35 <-- 0.030172 s
currentSize : 36 <-- 0.032430 s
currentSize : 37 <-- 0.032628 s
currentSize : 39 <-- 0.051676 s
currentSize : 40 <-- 0.075947 s

maxsize : 40
nodes : 23733780.000000
filtered : 108244116.000000
time : 107.345825
