Parameters: GAD=1 vflib=1 dir=0 label=1 lowerbound=1 fileNameGp=../../cp2016-max-common-connected-subgraph-paper/datasets/graphsdb/mcs50/bvg/b03m/mcs50_b03m_s70.A05 fileNameGt=../../cp2016-max-common-connected-subgraph-paper/datasets/graphsdb/mcs50/bvg/b03m/mcs50_b03m_s70.B05
Reading graphs...
70 :  104
70 :  103
Initializing...
maxdom : 10
D->valSize : 316
Solving...
Blb : 2 (clique : 28)
currentSize : 28 <-- 0.002558 s
currentSize : 29 <-- 0.002837 s
currentSize : 30 <-- 0.004648 s
currentSize : 31 <-- 0.005918 s
currentSize : 32 <-- 0.006690 s
currentSize : 33 <-- 2.540964 s
currentSize : 34 <-- 18.043957 s
currentSize : 35 <-- 158.852768 s
currentSize : 36 <-- 971.783020 s
currentSize : 37 <-- 971.790039 s

TIMEOUT
maxsize : 37
nodes : 221480907.000000
filtered : 1416775995.000000
time : 1000.000061
