Parameters: GAD=1 vflib=1 dir=0 label=1 lowerbound=1 fileNameGp=../../cp2016-max-common-connected-subgraph-paper/datasets/graphsdb/mcs50/rand/r001/mcs50_r001_s100.A04 fileNameGt=../../cp2016-max-common-connected-subgraph-paper/datasets/graphsdb/mcs50/rand/r001/mcs50_r001_s100.B04
Reading graphs...
100 :  124
100 :  124
Initializing...
maxdom : 8
D->valSize : 359
Solving...
Blb : 2 (clique : 41)
currentSize : 41 <-- 0.003728 s
currentSize : 42 <-- 0.004019 s
currentSize : 43 <-- 0.007200 s
currentSize : 44 <-- 1.218423 s
currentSize : 45 <-- 1.421774 s
currentSize : 46 <-- 154.781326 s
currentSize : 47 <-- 666.574646 s

TIMEOUT
maxsize : 47
nodes : 230856095.000000
filtered : 800330366.000000
time : 1000.000122
