Parameters: GAD=1 vflib=1 dir=0 label=1 lowerbound=1 fileNameGp=../../cp2016-max-common-connected-subgraph-paper/datasets/graphsdb/mcs50/m2D/m2Dr2/mcs50_m2Dr2_s100.A08 fileNameGt=../../cp2016-max-common-connected-subgraph-paper/datasets/graphsdb/mcs50/m2D/m2Dr2/mcs50_m2Dr2_s100.B08
Reading graphs...
100 :  196
100 :  197
Initializing...
maxdom : 7
D->valSize : 353
Solving...
Blb : 2 (clique : 36)
currentSize : 36 <-- 0.005751 s
currentSize : 37 <-- 0.006157 s
currentSize : 38 <-- 0.008950 s
currentSize : 39 <-- 1.862389 s
currentSize : 40 <-- 39.262836 s
currentSize : 41 <-- 210.274048 s

TIMEOUT
maxsize : 41
nodes : 200318116.000000
filtered : 801779918.000000
time : 1000.000061
