Parameters: GAD=1 vflib=1 dir=0 label=1 lowerbound=1 fileNameGp=../../cp2016-max-common-connected-subgraph-paper/datasets/graphsdb/mcs50/bvg/b09m/mcs50_b09m_s80.A08 fileNameGt=../../cp2016-max-common-connected-subgraph-paper/datasets/graphsdb/mcs50/bvg/b09m/mcs50_b09m_s80.B08
Reading graphs...
80 :  351
80 :  351
Initializing...
maxdom : 10
D->valSize : 445
Solving...
Blb : 3 (clique : 21)
currentSize : 21 <-- 0.004203 s
currentSize : 22 <-- 0.004661 s
currentSize : 23 <-- 0.006144 s
currentSize : 24 <-- 0.063911 s
currentSize : 25 <-- 3.542083 s
currentSize : 26 <-- 9.250011 s
currentSize : 27 <-- 14.934507 s
currentSize : 28 <-- 14.934550 s
currentSize : 29 <-- 14.934828 s
currentSize : 30 <-- 14.960559 s
currentSize : 31 <-- 26.756096 s
currentSize : 34 <-- 26.756243 s
currentSize : 36 <-- 26.763680 s
currentSize : 37 <-- 26.763784 s
currentSize : 38 <-- 26.823542 s
currentSize : 39 <-- 26.875448 s
currentSize : 40 <-- 26.875616 s
currentSize : 41 <-- 26.881924 s

maxsize : 41
nodes : 23981698.000000
filtered : 122910135.000000
time : 109.656174
