Parameters: GAD=1 vflib=1 dir=0 label=1 lowerbound=1 fileNameGp=../../cp2016-max-common-connected-subgraph-paper/datasets/graphsdb/mcs50/bvg/b09m/mcs50_b09m_s50.A05 fileNameGt=../../cp2016-max-common-connected-subgraph-paper/datasets/graphsdb/mcs50/bvg/b09m/mcs50_b09m_s50.B05
Reading graphs...
50 :  217
50 :  213
Initializing...
maxdom : 12
D->valSize : 333
Solving...
Blb : 2 (clique : 12)
currentSize : 12 <-- 0.002349 s
currentSize : 13 <-- 0.002474 s
currentSize : 14 <-- 0.026512 s
currentSize : 15 <-- 0.049982 s
currentSize : 16 <-- 0.772397 s
currentSize : 18 <-- 0.876938 s
currentSize : 19 <-- 1.214225 s
currentSize : 20 <-- 1.635855 s
currentSize : 21 <-- 1.824271 s
currentSize : 22 <-- 1.954511 s
currentSize : 24 <-- 2.073409 s

maxsize : 24
nodes : 533927.000000
filtered : 6392810.000000
time : 2.264636
