Parameters: GAD=1 vflib=1 dir=0 label=1 lowerbound=1 fileNameGp=../../cp2016-max-common-connected-subgraph-paper/datasets/graphsdb/mcs50/bvg/b06m/mcs50_b06m_s60.A07 fileNameGt=../../cp2016-max-common-connected-subgraph-paper/datasets/graphsdb/mcs50/bvg/b06m/mcs50_b06m_s60.B07
Reading graphs...
60 :  178
60 :  176
Initializing...
maxdom : 7
D->valSize : 249
Solving...
Blb : 2 (clique : 18)
currentSize : 18 <-- 0.002597 s
currentSize : 19 <-- 0.003037 s
currentSize : 20 <-- 0.003109 s
currentSize : 21 <-- 0.003159 s
currentSize : 22 <-- 0.009141 s
currentSize : 24 <-- 0.009434 s
currentSize : 25 <-- 0.009493 s
currentSize : 26 <-- 0.042404 s
currentSize : 28 <-- 0.045407 s
currentSize : 29 <-- 0.807481 s
currentSize : 31 <-- 1.952056 s
currentSize : 32 <-- 3.410714 s

maxsize : 32
nodes : 1287696.000000
filtered : 8052588.000000
time : 5.269698
