Parameters: GAD=1 vflib=1 dir=0 label=1 lowerbound=1 fileNameGp=../../cp2016-max-common-connected-subgraph-paper/datasets/graphsdb/mcs50/bvg/b06/mcs50_b06_s70.A02 fileNameGt=../../cp2016-max-common-connected-subgraph-paper/datasets/graphsdb/mcs50/bvg/b06/mcs50_b06_s70.B02
Reading graphs...
70 :  209
70 :  207
Initializing...
maxdom : 9
D->valSize : 345
Solving...
Blb : 2 (clique : 23)
currentSize : 23 <-- 0.002787 s
currentSize : 24 <-- 0.002949 s
currentSize : 25 <-- 0.003063 s
currentSize : 26 <-- 0.006934 s
currentSize : 27 <-- 0.043837 s
currentSize : 28 <-- 0.377846 s
currentSize : 29 <-- 0.381446 s
currentSize : 30 <-- 0.383523 s
currentSize : 31 <-- 0.384474 s
currentSize : 32 <-- 0.425526 s
currentSize : 35 <-- 0.691185 s
currentSize : 36 <-- 0.963039 s

maxsize : 36
nodes : 9338879.000000
filtered : 75538876.000000
time : 44.110165
