Parameters: GAD=1 vflib=1 dir=0 label=1 lowerbound=1 fileNameGp=../../cp2016-max-common-connected-subgraph-paper/datasets/graphsdb/mcs50/bvg/b06/mcs50_b06_s70.A03 fileNameGt=../../cp2016-max-common-connected-subgraph-paper/datasets/graphsdb/mcs50/bvg/b06/mcs50_b06_s70.B03
Reading graphs...
70 :  208
70 :  207
Initializing...
maxdom : 9
D->valSize : 350
Solving...
Blb : 2 (clique : 28)
currentSize : 28 <-- 0.004584 s
currentSize : 29 <-- 0.072946 s
currentSize : 30 <-- 0.536022 s
currentSize : 31 <-- 0.536137 s
currentSize : 32 <-- 0.597552 s
currentSize : 33 <-- 4.027192 s
currentSize : 34 <-- 4.027378 s
currentSize : 35 <-- 4.029259 s
currentSize : 36 <-- 116.513397 s

maxsize : 36
nodes : 35737141.000000
filtered : 261627788.000000
time : 173.512451
