Parameters: GAD=1 vflib=1 dir=0 label=1 lowerbound=1 fileNameGp=../../cp2016-max-common-connected-subgraph-paper/datasets/graphsdb/mcs50/rand/r005/mcs50_r005_s100.A09 fileNameGt=../../cp2016-max-common-connected-subgraph-paper/datasets/graphsdb/mcs50/rand/r005/mcs50_r005_s100.B09
Reading graphs...
100 :  482
100 :  484
Initializing...
maxdom : 9
D->valSize : 357
Solving...
Blb : 2 (clique : 21)
currentSize : 21 <-- 0.003405 s
currentSize : 23 <-- 0.005841 s
currentSize : 24 <-- 0.011844 s
currentSize : 25 <-- 0.145781 s
currentSize : 26 <-- 1.190092 s
currentSize : 27 <-- 1.193490 s
currentSize : 28 <-- 1.247806 s
currentSize : 29 <-- 1.252505 s
currentSize : 30 <-- 1.308697 s
currentSize : 31 <-- 5.233186 s
currentSize : 32 <-- 5.255288 s
currentSize : 34 <-- 5.255686 s
currentSize : 37 <-- 5.791520 s
currentSize : 38 <-- 5.791939 s
currentSize : 41 <-- 5.792090 s
currentSize : 42 <-- 8.426476 s
currentSize : 43 <-- 13.974197 s
currentSize : 47 <-- 13.974476 s
currentSize : 50 <-- 20.830391 s

maxsize : 50
nodes : 5520830.000000
filtered : 47385442.000000
time : 35.448719
