Parameters: GAD=1 vflib=1 dir=0 label=1 lowerbound=1 fileNameGp=../../cp2016-max-common-connected-subgraph-paper/datasets/graphsdb/mcs50/bvg/b03m/mcs50_b03m_s60.A02 fileNameGt=../../cp2016-max-common-connected-subgraph-paper/datasets/graphsdb/mcs50/bvg/b03m/mcs50_b03m_s60.B02
Reading graphs...
60 :  90
60 :  90
Initializing...
maxdom : 9
D->valSize : 240
Solving...
Blb : 3 (clique : 24)
currentSize : 24 <-- 0.002827 s
currentSize : 25 <-- 0.650002 s
currentSize : 26 <-- 1.042169 s
currentSize : 27 <-- 1.834639 s
currentSize : 28 <-- 6.537955 s
currentSize : 29 <-- 15.039231 s
currentSize : 30 <-- 22.107296 s
currentSize : 31 <-- 25.130688 s
currentSize : 33 <-- 67.800621 s
currentSize : 34 <-- 68.307426 s

maxsize : 34
nodes : 24040568.000000
filtered : 96793514.000000
time : 86.704445
