Parameters: GAD=1 vflib=1 dir=0 label=1 lowerbound=1 fileNameGp=../../cp2016-max-common-connected-subgraph-paper/datasets/graphsdb/mcs50/m2D/m2Dr4/mcs50_m2Dr4_s80.A03 fileNameGt=../../cp2016-max-common-connected-subgraph-paper/datasets/graphsdb/mcs50/m2D/m2Dr4/mcs50_m2Dr4_s80.B03
Reading graphs...
80 :  172
80 :  172
Initializing...
maxdom : 12
D->valSize : 420
Solving...
Blb : 2 (clique : 32)
currentSize : 32 <-- 0.006725 s
currentSize : 33 <-- 44.251560 s
currentSize : 34 <-- 44.257801 s
currentSize : 35 <-- 671.422974 s
currentSize : 36 <-- 671.471069 s
currentSize : 37 <-- 671.492188 s
currentSize : 38 <-- 671.682983 s

TIMEOUT
maxsize : 38
nodes : 165993024.000000
filtered : 1937246373.000000
time : 1000.000061
