Parameters: GAD=1 vflib=1 dir=0 label=1 lowerbound=1 fileNameGp=../../cp2016-max-common-connected-subgraph-paper/datasets/graphsdb/mcs50/m3D/m3Dr4/mcs50_m3Dr4_s60.A05 fileNameGt=../../cp2016-max-common-connected-subgraph-paper/datasets/graphsdb/mcs50/m3D/m3Dr4/mcs50_m3Dr4_s60.B05
Reading graphs...
60 :  154
60 :  153
Initializing...
maxdom : 9
D->valSize : 253
Solving...
Blb : 2 (clique : 20)
currentSize : 20 <-- 0.002826 s
currentSize : 21 <-- 0.312421 s
currentSize : 22 <-- 0.609201 s
currentSize : 23 <-- 2.903468 s
currentSize : 24 <-- 4.990385 s
currentSize : 27 <-- 4.993233 s
currentSize : 29 <-- 5.148800 s

maxsize : 29
nodes : 2750228.000000
filtered : 18317325.000000
time : 11.722555
