Parameters: GAD=1 vflib=1 dir=0 label=1 lowerbound=1 fileNameGp=../../cp2016-max-common-connected-subgraph-paper/datasets/graphsdb/mcs50/rand/r005/mcs50_r005_s40.A09 fileNameGt=../../cp2016-max-common-connected-subgraph-paper/datasets/graphsdb/mcs50/rand/r005/mcs50_r005_s40.B09
Reading graphs...
40 :  78
40 :  78
Initializing...
maxdom : 8
D->valSize : 227
Solving...
Blb : 2 (clique : 15)
currentSize : 15 <-- 0.001256 s
currentSize : 16 <-- 0.004483 s
currentSize : 17 <-- 0.013433 s
currentSize : 18 <-- 0.027314 s
currentSize : 19 <-- 0.027345 s
currentSize : 20 <-- 0.073353 s
currentSize : 21 <-- 0.074131 s

maxsize : 21
nodes : 107771.000000
filtered : 1444917.000000
time : 0.450348
