Parameters: GAD=1 vflib=1 dir=0 label=1 lowerbound=1 fileNameGp=../../cp2016-max-common-connected-subgraph-paper/datasets/graphsdb/mcs50/m2D/m2D/mcs50_m2D_s100.A03 fileNameGt=../../cp2016-max-common-connected-subgraph-paper/datasets/graphsdb/mcs50/m2D/m2D/mcs50_m2D_s100.B03
Reading graphs...
100 :  180
100 :  179
Initializing...
maxdom : 7
D->valSize : 397
Solving...
Blb : 2 (clique : 35)
currentSize : 35 <-- 0.004185 s
currentSize : 38 <-- 0.004461 s
currentSize : 39 <-- 0.005690 s
currentSize : 40 <-- 0.044549 s
currentSize : 41 <-- 0.383034 s
currentSize : 42 <-- 159.278290 s
currentSize : 43 <-- 673.819580 s

TIMEOUT
maxsize : 43
nodes : 210282868.000000
filtered : 925027664.000000
time : 1000.000122
