Parameters: GAD=1 vflib=1 dir=0 label=1 lowerbound=1 fileNameGp=../../cp2016-max-common-connected-subgraph-paper/datasets/graphsdb/mcs50/rand/r02/mcs50_r02_s100.A08 fileNameGt=../../cp2016-max-common-connected-subgraph-paper/datasets/graphsdb/mcs50/rand/r02/mcs50_r02_s100.B08
Reading graphs...
100 :  1780
100 :  1773
Initializing...
maxdom : 7
D->valSize : 371
Solving...
Blb : 2 (clique : 7)
currentSize : 7 <-- 0.003727 s
currentSize : 10 <-- 0.003816 s
currentSize : 12 <-- 0.004789 s
currentSize : 19 <-- 0.005875 s
currentSize : 23 <-- 0.011784 s
currentSize : 25 <-- 0.019954 s
currentSize : 26 <-- 0.038467 s
currentSize : 35 <-- 0.040254 s
currentSize : 36 <-- 0.431146 s

maxsize : 36
nodes : 1014479.000000
filtered : 793899.000000
time : 4.050132
