Parameters: GAD=1 vflib=1 dir=0 label=1 lowerbound=1 fileNameGp=../../cp2016-max-common-connected-subgraph-paper/datasets/graphsdb/mcs50/rand/r005/mcs50_r005_s70.A03 fileNameGt=../../cp2016-max-common-connected-subgraph-paper/datasets/graphsdb/mcs50/rand/r005/mcs50_r005_s70.B03
Reading graphs...
70 :  233
70 :  230
Initializing...
maxdom : 6
D->valSize : 314
Solving...
Blb : 3 (clique : 23)
currentSize : 23 <-- 0.003807 s
currentSize : 24 <-- 0.004008 s
currentSize : 25 <-- 0.004318 s
currentSize : 26 <-- 7.936431 s
currentSize : 27 <-- 12.863886 s
currentSize : 28 <-- 13.065734 s
currentSize : 29 <-- 13.075410 s
currentSize : 30 <-- 36.123775 s
currentSize : 32 <-- 39.306812 s
currentSize : 33 <-- 39.598927 s
currentSize : 35 <-- 39.628944 s

maxsize : 35
nodes : 10190708.000000
filtered : 103902255.000000
time : 53.167122
