Parameters: GAD=1 vflib=1 dir=0 label=1 lowerbound=1 fileNameGp=../../cp2016-max-common-connected-subgraph-paper/datasets/graphsdb/mcs50/rand/r005/mcs50_r005_s70.A05 fileNameGt=../../cp2016-max-common-connected-subgraph-paper/datasets/graphsdb/mcs50/rand/r005/mcs50_r005_s70.B05
Reading graphs...
70 :  235
70 :  236
Initializing...
maxdom : 8
D->valSize : 368
Solving...
Blb : 2 (clique : 19)
currentSize : 19 <-- 0.003039 s
currentSize : 20 <-- 0.023478 s
currentSize : 21 <-- 0.026912 s
currentSize : 22 <-- 1.908359 s
currentSize : 23 <-- 2.874580 s
currentSize : 24 <-- 10.565141 s
currentSize : 25 <-- 14.918462 s
currentSize : 26 <-- 14.931118 s
currentSize : 28 <-- 32.725521 s
currentSize : 29 <-- 32.728764 s
currentSize : 31 <-- 45.484608 s
currentSize : 32 <-- 60.049026 s
currentSize : 33 <-- 66.511597 s
currentSize : 35 <-- 66.519356 s

maxsize : 35
nodes : 13530173.000000
filtered : 152200952.000000
time : 70.156647
