Parameters: GAD=1 vflib=1 dir=0 label=1 lowerbound=1 fileNameGp=../../cp2016-max-common-connected-subgraph-paper/datasets/graphsdb/mcs50/m2D/m2Dr4/mcs50_m2Dr4_s100.A02 fileNameGt=../../cp2016-max-common-connected-subgraph-paper/datasets/graphsdb/mcs50/m2D/m2Dr4/mcs50_m2Dr4_s100.B02
Reading graphs...
100 :  219
100 :  220
Initializing...
maxdom : 6
D->valSize : 339
Solving...
Blb : 3 (clique : 38)
currentSize : 38 <-- 0.003411 s
currentSize : 39 <-- 0.220895 s
currentSize : 40 <-- 12.496732 s
currentSize : 41 <-- 12.496784 s
currentSize : 42 <-- 14.512498 s
currentSize : 44 <-- 59.800621 s
currentSize : 45 <-- 69.656754 s
currentSize : 46 <-- 289.038574 s

TIMEOUT
maxsize : 46
nodes : 213362692.000000
filtered : 546496610.000000
time : 1000.000061
