Parameters: GAD=1 vflib=1 dir=0 label=1 lowerbound=1 fileNameGp=../../cp2016-max-common-connected-subgraph-paper/datasets/graphsdb/mcs50/bvg/b06m/mcs50_b06m_s50.A02 fileNameGt=../../cp2016-max-common-connected-subgraph-paper/datasets/graphsdb/mcs50/bvg/b06m/mcs50_b06m_s50.B02
Reading graphs...
50 :  146
50 :  148
Initializing...
maxdom : 9
D->valSize : 317
Solving...
Blb : 3 (clique : 21)
currentSize : 21 <-- 0.002194 s
currentSize : 22 <-- 4.669608 s
currentSize : 23 <-- 8.801968 s
currentSize : 24 <-- 8.802246 s
currentSize : 25 <-- 11.897462 s
currentSize : 26 <-- 11.897641 s

maxsize : 26
nodes : 2883109.000000
filtered : 36836272.000000
time : 13.023448
