Parameters: GAD=1 vflib=1 dir=0 label=1 lowerbound=1 fileNameGp=../../cp2016-max-common-connected-subgraph-paper/datasets/graphsdb/mcs50/rand/r005/mcs50_r005_s100.A03 fileNameGt=../../cp2016-max-common-connected-subgraph-paper/datasets/graphsdb/mcs50/rand/r005/mcs50_r005_s100.B03
Reading graphs...
100 :  483
100 :  481
Initializing...
maxdom : 7
D->valSize : 378
Solving...
Blb : 2 (clique : 21)
currentSize : 21 <-- 0.003813 s
currentSize : 22 <-- 0.004036 s
currentSize : 23 <-- 0.004697 s
currentSize : 25 <-- 0.004753 s
currentSize : 26 <-- 0.007216 s
currentSize : 27 <-- 0.023889 s
currentSize : 28 <-- 0.024168 s
currentSize : 30 <-- 0.064036 s
currentSize : 31 <-- 0.066430 s
currentSize : 32 <-- 0.098612 s
currentSize : 33 <-- 0.137909 s
currentSize : 34 <-- 0.141346 s
currentSize : 35 <-- 0.895081 s
currentSize : 37 <-- 0.911895 s
currentSize : 38 <-- 0.963421 s
currentSize : 40 <-- 0.964439 s
currentSize : 41 <-- 7.628802 s
currentSize : 43 <-- 7.628960 s
currentSize : 44 <-- 7.630764 s
currentSize : 46 <-- 7.630922 s
currentSize : 47 <-- 7.643319 s
currentSize : 50 <-- 7.643745 s

maxsize : 50
nodes : 4149133.000000
filtered : 33557244.000000
time : 27.214024
