Parameters: GAD=1 vflib=1 dir=0 label=1 lowerbound=1 fileNameGp=../../cp2016-max-common-connected-subgraph-paper/datasets/graphsdb/mcs50/bvg/b09m/mcs50_b09m_s60.A03 fileNameGt=../../cp2016-max-common-connected-subgraph-paper/datasets/graphsdb/mcs50/bvg/b09m/mcs50_b09m_s60.B03
Reading graphs...
60 :  262
60 :  261
Initializing...
maxdom : 6
D->valSize : 252
Solving...
Blb : 2 (clique : 17)
currentSize : 17 <-- 0.002575 s
currentSize : 18 <-- 0.002881 s
currentSize : 19 <-- 0.014159 s
currentSize : 21 <-- 0.056515 s
currentSize : 22 <-- 0.056571 s
currentSize : 23 <-- 0.057136 s
currentSize : 25 <-- 0.057203 s
currentSize : 26 <-- 1.189736 s
currentSize : 29 <-- 1.576760 s

maxsize : 29
nodes : 483367.000000
filtered : 3886000.000000
time : 2.159485
