Parameters: GAD=1 vflib=1 dir=0 label=1 lowerbound=1 fileNameGp=../../cp2016-max-common-connected-subgraph-paper/datasets/graphsdb/mcs50/m3D/m3Dr2/mcs50_m3Dr2_s60.A08 fileNameGt=../../cp2016-max-common-connected-subgraph-paper/datasets/graphsdb/mcs50/m3D/m3Dr2/mcs50_m3Dr2_s60.B08
Reading graphs...
60 :  143
60 :  144
Initializing...
maxdom : 6
D->valSize : 240
Solving...
Blb : 2 (clique : 20)
currentSize : 20 <-- 0.001867 s
currentSize : 21 <-- 0.001993 s
currentSize : 22 <-- 0.002642 s
currentSize : 23 <-- 1.110748 s
currentSize : 24 <-- 1.111779 s
currentSize : 25 <-- 1.130911 s
currentSize : 26 <-- 3.515197 s
currentSize : 27 <-- 6.033208 s
currentSize : 28 <-- 6.042928 s

maxsize : 28
nodes : 1964918.000000
filtered : 12155641.000000
time : 8.579863
