Parameters: GAD=1 vflib=1 dir=0 label=1 lowerbound=1 fileNameGp=../../cp2016-max-common-connected-subgraph-paper/datasets/graphsdb/mcs50/rand/r005/mcs50_r005_s60.A07 fileNameGt=../../cp2016-max-common-connected-subgraph-paper/datasets/graphsdb/mcs50/rand/r005/mcs50_r005_s60.B07
Reading graphs...
60 :  173
60 :  171
Initializing...
maxdom : 7
D->valSize : 264
Solving...
Blb : 2 (clique : 19)
currentSize : 19 <-- 0.001860 s
currentSize : 20 <-- 0.067119 s
currentSize : 21 <-- 0.386137 s
currentSize : 22 <-- 0.522184 s
currentSize : 23 <-- 0.523620 s
currentSize : 24 <-- 0.524008 s
currentSize : 25 <-- 2.134923 s
currentSize : 26 <-- 2.134972 s
currentSize : 27 <-- 2.238777 s
currentSize : 28 <-- 3.605589 s
currentSize : 30 <-- 3.955990 s

maxsize : 30
nodes : 1173785.000000
filtered : 8156258.000000
time : 4.936828
