Parameters: GAD=1 vflib=1 dir=0 label=1 lowerbound=1 fileNameGp=../../cp2016-max-common-connected-subgraph-paper/datasets/graphsdb/mcs50/m2D/m2Dr6/mcs50_m2Dr6_s60.A02 fileNameGt=../../cp2016-max-common-connected-subgraph-paper/datasets/graphsdb/mcs50/m2D/m2Dr6/mcs50_m2Dr6_s60.B02
Reading graphs...
60 :  137
60 :  134
Initializing...
maxdom : 7
D->valSize : 267
Solving...
Blb : 2 (clique : 17)
currentSize : 17 <-- 0.001934 s
currentSize : 18 <-- 0.002042 s
currentSize : 19 <-- 0.002098 s
currentSize : 20 <-- 0.003824 s
currentSize : 21 <-- 0.028724 s
currentSize : 22 <-- 0.029466 s
currentSize : 23 <-- 0.769694 s
currentSize : 24 <-- 89.491394 s
currentSize : 25 <-- 327.290527 s
currentSize : 26 <-- 442.398834 s
currentSize : 27 <-- 442.422119 s
currentSize : 28 <-- 443.027740 s

maxsize : 28
nodes : 133052312.000000
filtered : 1318718170.000000
time : 568.575500
