Parameters: GAD=1 vflib=1 dir=0 label=1 lowerbound=1 fileNameGp=../../cp2016-max-common-connected-subgraph-paper/datasets/graphsdb/mcs50/bvg/b09/mcs50_b09_s80.A05 fileNameGt=../../cp2016-max-common-connected-subgraph-paper/datasets/graphsdb/mcs50/bvg/b09/mcs50_b09_s80.B05
Reading graphs...
80 :  357
80 :  354
Initializing...
maxdom : 11
D->valSize : 443
Solving...
Blb : 2 (clique : 29)
currentSize : 29 <-- 0.004091 s
currentSize : 31 <-- 0.043721 s
currentSize : 32 <-- 0.970775 s
currentSize : 33 <-- 0.976112 s
currentSize : 35 <-- 0.976187 s
currentSize : 37 <-- 1.026818 s
currentSize : 39 <-- 8.736619 s
currentSize : 40 <-- 66.846733 s

maxsize : 40
nodes : 19350689.000000
filtered : 148586628.000000
time : 98.989677
