Parameters: GAD=1 vflib=1 dir=0 label=1 lowerbound=1 fileNameGp=../../cp2016-max-common-connected-subgraph-paper/datasets/graphsdb/mcs50/bvg/b06m/mcs50_b06m_s60.A02 fileNameGt=../../cp2016-max-common-connected-subgraph-paper/datasets/graphsdb/mcs50/bvg/b06m/mcs50_b06m_s60.B02
Reading graphs...
60 :  174
60 :  177
Initializing...
maxdom : 6
D->valSize : 256
Solving...
Blb : 2 (clique : 20)
currentSize : 20 <-- 0.001782 s
currentSize : 22 <-- 0.001967 s
currentSize : 23 <-- 0.002272 s
currentSize : 24 <-- 0.003164 s
currentSize : 25 <-- 0.009787 s
currentSize : 26 <-- 0.009873 s
currentSize : 27 <-- 0.377535 s
currentSize : 29 <-- 1.514128 s
currentSize : 30 <-- 1.514155 s

maxsize : 30
nodes : 2730714.000000
filtered : 8426826.000000
time : 9.552151
