Parameters: GAD=1 vflib=1 dir=0 label=1 lowerbound=1 fileNameGp=../../cp2016-max-common-connected-subgraph-paper/datasets/graphsdb/mcs50/rand/r02/mcs50_r02_s80.A08 fileNameGt=../../cp2016-max-common-connected-subgraph-paper/datasets/graphsdb/mcs50/rand/r02/mcs50_r02_s80.B08
Reading graphs...
80 :  1130
80 :  1127
Initializing...
maxdom : 8
D->valSize : 435
Solving...
Blb : 2 (clique : 21)
currentSize : 21 <-- 0.006000 s
currentSize : 22 <-- 0.006341 s
currentSize : 23 <-- 0.006736 s
currentSize : 27 <-- 0.007019 s
currentSize : 29 <-- 0.008252 s
currentSize : 30 <-- 0.011946 s
currentSize : 31 <-- 0.015847 s
currentSize : 32 <-- 0.020462 s

maxsize : 32
nodes : 26076.000000
filtered : 370439.000000
time : 0.161617
