Parameters: GAD=1 vflib=1 dir=0 label=1 lowerbound=1 fileNameGp=../../cp2016-max-common-connected-subgraph-paper/datasets/graphsdb/mcs50/m3D/m3Dr4/mcs50_m3Dr4_s50.A02 fileNameGt=../../cp2016-max-common-connected-subgraph-paper/datasets/graphsdb/mcs50/m3D/m3Dr4/mcs50_m3Dr4_s50.B02
Reading graphs...
50 :  126
50 :  127
Initializing...
maxdom : 10
D->valSize : 332
Solving...
Blb : 2 (clique : 17)
currentSize : 17 <-- 0.002360 s
currentSize : 18 <-- 0.003664 s
currentSize : 19 <-- 0.004540 s
currentSize : 20 <-- 0.014080 s
currentSize : 21 <-- 0.297456 s
currentSize : 23 <-- 0.327132 s
currentSize : 24 <-- 0.329380 s
currentSize : 25 <-- 0.336500 s
currentSize : 26 <-- 0.495880 s
currentSize : 27 <-- 1.201621 s
currentSize : 28 <-- 2.254294 s

maxsize : 28
nodes : 835382.000000
filtered : 8440788.000000
time : 3.483113
