Parameters: GAD=1 vflib=1 dir=0 label=1 lowerbound=1 fileNameGp=../../cp2016-max-common-connected-subgraph-paper/datasets/graphsdb/mcs50/m2D/m2D/mcs50_m2D_s100.A01 fileNameGt=../../cp2016-max-common-connected-subgraph-paper/datasets/graphsdb/mcs50/m2D/m2D/mcs50_m2D_s100.B01
Reading graphs...
100 :  180
100 :  179
Initializing...
maxdom : 8
D->valSize : 352
Solving...
Blb : 2 (clique : 40)
currentSize : 40 <-- 0.006003 s
currentSize : 42 <-- 0.007438 s
currentSize : 43 <-- 0.014429 s
currentSize : 44 <-- 0.036764 s
currentSize : 45 <-- 0.050527 s
currentSize : 46 <-- 0.105461 s
currentSize : 47 <-- 0.137472 s
currentSize : 48 <-- 0.238833 s
currentSize : 49 <-- 0.238875 s
currentSize : 50 <-- 0.599101 s
currentSize : 51 <-- 0.810255 s
currentSize : 52 <-- 0.811751 s

TIMEOUT
maxsize : 52
nodes : 207162305.000000
filtered : 643785142.000000
time : 1000.000061
