Parameters: GAD=1 vflib=1 dir=0 label=1 lowerbound=1 fileNameGp=../../cp2016-max-common-connected-subgraph-paper/datasets/graphsdb/mcs50/bvg/b06/mcs50_b06_s60.A08 fileNameGt=../../cp2016-max-common-connected-subgraph-paper/datasets/graphsdb/mcs50/bvg/b06/mcs50_b06_s60.B08
Reading graphs...
60 :  180
60 :  179
Initializing...
maxdom : 8
D->valSize : 238
Solving...
Blb : 3 (clique : 15)
currentSize : 15 <-- 0.001590 s
currentSize : 16 <-- 0.001843 s
currentSize : 17 <-- 0.002442 s
currentSize : 18 <-- 0.008251 s
currentSize : 19 <-- 0.010278 s
currentSize : 21 <-- 0.019374 s
currentSize : 22 <-- 0.054272 s
currentSize : 23 <-- 0.252714 s
currentSize : 24 <-- 0.255650 s
currentSize : 26 <-- 0.538566 s
currentSize : 27 <-- 0.538613 s
currentSize : 28 <-- 1.146946 s
currentSize : 29 <-- 2.051849 s
currentSize : 30 <-- 4.398913 s

maxsize : 30
nodes : 1474245.000000
filtered : 9013815.000000
time : 6.071120
