Parameters: GAD=1 vflib=1 dir=0 label=1 lowerbound=1 fileNameGp=../../cp2016-max-common-connected-subgraph-paper/datasets/graphsdb/mcs50/m2D/m2Dr6/mcs50_m2Dr6_s70.A02 fileNameGt=../../cp2016-max-common-connected-subgraph-paper/datasets/graphsdb/mcs50/m2D/m2Dr6/mcs50_m2Dr6_s70.B02
Reading graphs...
70 :  165
70 :  158
Initializing...
maxdom : 9
D->valSize : 363
Solving...
Blb : 2 (clique : 24)
currentSize : 24 <-- 0.003015 s
currentSize : 27 <-- 0.003184 s
currentSize : 28 <-- 0.003565 s
currentSize : 29 <-- 0.003660 s
currentSize : 30 <-- 0.003888 s
currentSize : 31 <-- 0.003954 s
currentSize : 32 <-- 0.006724 s
currentSize : 33 <-- 0.549185 s
currentSize : 34 <-- 51.987598 s
currentSize : 35 <-- 212.966171 s
currentSize : 36 <-- 212.971115 s
currentSize : 37 <-- 216.644119 s
currentSize : 38 <-- 218.439209 s

maxsize : 38
nodes : 55817114.000000
filtered : 373373545.000000
time : 255.977158
