Parameters: GAD=1 vflib=1 dir=0 label=1 lowerbound=1 fileNameGp=../../cp2016-max-common-connected-subgraph-paper/datasets/graphsdb/mcs50/bvg/b09/mcs50_b09_s80.A02 fileNameGt=../../cp2016-max-common-connected-subgraph-paper/datasets/graphsdb/mcs50/bvg/b09/mcs50_b09_s80.B02
Reading graphs...
80 :  359
80 :  354
Initializing...
maxdom : 8
D->valSize : 407
Solving...
Blb : 2 (clique : 19)
currentSize : 19 <-- 0.003735 s
currentSize : 20 <-- 0.013868 s
currentSize : 21 <-- 1.137104 s
currentSize : 23 <-- 2.916639 s
currentSize : 24 <-- 2.967630 s
currentSize : 25 <-- 2.967974 s
currentSize : 26 <-- 15.122924 s
currentSize : 27 <-- 19.909567 s
currentSize : 28 <-- 19.910616 s
currentSize : 29 <-- 19.910839 s
currentSize : 30 <-- 20.025021 s
currentSize : 33 <-- 209.528595 s
currentSize : 36 <-- 209.529556 s
currentSize : 37 <-- 209.534729 s
currentSize : 38 <-- 209.535004 s
currentSize : 39 <-- 209.542038 s
currentSize : 40 <-- 209.542084 s

maxsize : 40
nodes : 55293436.000000
filtered : 475801322.000000
time : 290.409668
