Parameters: GAD=1 vflib=1 dir=0 label=1 lowerbound=1 fileNameGp=../../cp2016-max-common-connected-subgraph-paper/datasets/graphsdb/mcs50/m2D/m2Dr2/mcs50_m2Dr2_s90.A09 fileNameGt=../../cp2016-max-common-connected-subgraph-paper/datasets/graphsdb/mcs50/m2D/m2Dr2/mcs50_m2Dr2_s90.B09
Reading graphs...
90 :  177
90 :  177
Initializing...
maxdom : 11
D->valSize : 549
Solving...
Blb : 2 (clique : 43)
currentSize : 43 <-- 0.010680 s
currentSize : 44 <-- 0.012465 s
currentSize : 45 <-- 0.013334 s
currentSize : 46 <-- 0.014155 s
currentSize : 47 <-- 0.808723 s
currentSize : 48 <-- 1.866083 s
currentSize : 49 <-- 26.173044 s
currentSize : 50 <-- 27.493923 s

TIMEOUT
maxsize : 50
nodes : 189471514.000000
filtered : 1193410966.000000
time : 1000.000122
