Parameters: GAD=1 vflib=1 dir=0 label=1 lowerbound=1 fileNameGp=../../cp2016-max-common-connected-subgraph-paper/datasets/graphsdb/mcs50/bvg/b06m/mcs50_b06m_s100.A02 fileNameGt=../../cp2016-max-common-connected-subgraph-paper/datasets/graphsdb/mcs50/bvg/b06m/mcs50_b06m_s100.B02
Reading graphs...
100 :  298
100 :  298
Initializing...
maxdom : 8
D->valSize : 362
Solving...
Blb : 3 (clique : 36)
currentSize : 36 <-- 0.003659 s
currentSize : 37 <-- 1.357320 s
currentSize : 38 <-- 1.634133 s
currentSize : 39 <-- 16.831944 s
currentSize : 40 <-- 17.904913 s
currentSize : 41 <-- 33.000591 s
currentSize : 42 <-- 33.168808 s
currentSize : 43 <-- 375.124420 s
currentSize : 44 <-- 388.742065 s
currentSize : 45 <-- 398.565155 s
currentSize : 46 <-- 398.660919 s
currentSize : 47 <-- 449.273621 s
currentSize : 48 <-- 449.826111 s
currentSize : 49 <-- 561.645386 s

TIMEOUT
maxsize : 49
nodes : 186042501.000000
filtered : 838123493.000000
time : 1000.000061
