Parameters: GAD=1 vflib=1 dir=0 label=1 lowerbound=1 fileNameGp=../../cp2016-max-common-connected-subgraph-paper/datasets/graphsdb/mcs50/bvg/b03/mcs50_b03_s50.A04 fileNameGt=../../cp2016-max-common-connected-subgraph-paper/datasets/graphsdb/mcs50/bvg/b03/mcs50_b03_s50.B04
Reading graphs...
50 :  75
50 :  75
Initializing...
maxdom : 9
D->valSize : 312
Solving...
Blb : 2 (clique : 21)
currentSize : 21 <-- 0.002151 s
currentSize : 22 <-- 4.528314 s
currentSize : 23 <-- 13.620969 s
currentSize : 24 <-- 43.585705 s
currentSize : 25 <-- 75.432777 s
currentSize : 26 <-- 89.851524 s
currentSize : 27 <-- 558.994141 s

maxsize : 27
nodes : 165507122.000000
filtered : 1738200229.000000
time : 647.084534
