Parameters: GAD=1 vflib=1 dir=0 label=1 lowerbound=1 fileNameGp=../../cp2016-max-common-connected-subgraph-paper/datasets/graphsdb/mcs50/bvg/b09m/mcs50_b09m_s80.A09 fileNameGt=../../cp2016-max-common-connected-subgraph-paper/datasets/graphsdb/mcs50/bvg/b09m/mcs50_b09m_s80.B09
Reading graphs...
80 :  353
80 :  355
Initializing...
maxdom : 8
D->valSize : 440
Solving...
Blb : 2 (clique : 25)
currentSize : 25 <-- 0.004022 s
currentSize : 26 <-- 0.160106 s
currentSize : 27 <-- 0.317593 s
currentSize : 28 <-- 1.115230 s
currentSize : 29 <-- 5.124364 s
currentSize : 30 <-- 5.171447 s
currentSize : 31 <-- 5.173624 s
currentSize : 34 <-- 5.740003 s
currentSize : 36 <-- 5.750435 s
currentSize : 38 <-- 21.899212 s
currentSize : 39 <-- 258.114716 s

maxsize : 39
nodes : 173070671.000000
filtered : 593366615.000000
time : 725.405762
