Parameters: GAD=1 vflib=1 dir=0 label=1 lowerbound=1 fileNameGp=../../cp2016-max-common-connected-subgraph-paper/datasets/graphsdb/mcs50/bvg/b09m/mcs50_b09m_s40.A09 fileNameGt=../../cp2016-max-common-connected-subgraph-paper/datasets/graphsdb/mcs50/bvg/b09m/mcs50_b09m_s40.B09
Reading graphs...
40 :  175
40 :  171
Initializing...
maxdom : 8
D->valSize : 210
Solving...
Blb : 2 (clique : 9)
currentSize : 9 <-- 0.001230 s
currentSize : 10 <-- 0.001611 s
currentSize : 11 <-- 0.002489 s
currentSize : 12 <-- 0.002741 s
currentSize : 13 <-- 0.003196 s
currentSize : 15 <-- 0.012997 s
currentSize : 16 <-- 0.040931 s
currentSize : 17 <-- 0.040958 s
currentSize : 18 <-- 0.046092 s
currentSize : 19 <-- 0.063245 s

maxsize : 19
nodes : 30230.000000
filtered : 271479.000000
time : 0.103623
