Parameters: GAD=1 vflib=1 dir=0 label=1 lowerbound=1 fileNameGp=../../cp2016-max-common-connected-subgraph-paper/datasets/graphsdb/mcs50/rand/r005/mcs50_r005_s90.A07 fileNameGt=../../cp2016-max-common-connected-subgraph-paper/datasets/graphsdb/mcs50/rand/r005/mcs50_r005_s90.B07
Reading graphs...
90 :  390
90 :  384
Initializing...
maxdom : 10
D->valSize : 563
Solving...
Blb : 2 (clique : 21)
currentSize : 21 <-- 0.010420 s
currentSize : 22 <-- 0.014646 s
currentSize : 23 <-- 0.045810 s
currentSize : 24 <-- 0.497168 s
currentSize : 25 <-- 2.521763 s
currentSize : 26 <-- 20.332907 s
currentSize : 27 <-- 20.383331 s
currentSize : 28 <-- 20.518509 s
currentSize : 29 <-- 31.398466 s
currentSize : 30 <-- 31.554756 s
currentSize : 31 <-- 31.562445 s
currentSize : 32 <-- 68.427940 s
currentSize : 33 <-- 68.427986 s
currentSize : 34 <-- 68.435722 s
currentSize : 35 <-- 96.088425 s
currentSize : 37 <-- 255.404724 s
currentSize : 38 <-- 255.404770 s
currentSize : 39 <-- 316.256989 s
currentSize : 40 <-- 406.981720 s
currentSize : 41 <-- 424.444611 s
currentSize : 42 <-- 515.582642 s
currentSize : 44 <-- 515.589966 s

maxsize : 44
nodes : 77403101.000000
filtered : 1358279553.000000
time : 557.866760
