Parameters: GAD=1 vflib=1 dir=0 label=1 lowerbound=1 fileNameGp=../../cp2016-max-common-connected-subgraph-paper/datasets/graphsdb/mcs50/bvg/b06m/mcs50_b06m_s70.A03 fileNameGt=../../cp2016-max-common-connected-subgraph-paper/datasets/graphsdb/mcs50/bvg/b06m/mcs50_b06m_s70.B03
Reading graphs...
70 :  209
70 :  208
Initializing...
maxdom : 7
D->valSize : 313
Solving...
Blb : 3 (clique : 28)
currentSize : 28 <-- 0.002528 s
currentSize : 29 <-- 0.068718 s
currentSize : 30 <-- 0.068947 s
currentSize : 31 <-- 1.268277 s
currentSize : 33 <-- 4.802453 s
currentSize : 34 <-- 4.803425 s
currentSize : 35 <-- 4.803589 s

maxsize : 35
nodes : 5711166.000000
filtered : 34492001.000000
time : 24.598902
