Parameters: GAD=1 vflib=1 dir=0 label=1 lowerbound=1 fileNameGp=../../cp2016-max-common-connected-subgraph-paper/datasets/graphsdb/mcs50/m2D/m2D/mcs50_m2D_s90.A07 fileNameGt=../../cp2016-max-common-connected-subgraph-paper/datasets/graphsdb/mcs50/m2D/m2D/mcs50_m2D_s90.B07
Reading graphs...
90 :  160
90 :  161
Initializing...
maxdom : 9
D->valSize : 556
Solving...
Blb : 2 (clique : 45)
currentSize : 45 <-- 0.006839 s
currentSize : 46 <-- 49.499535 s
currentSize : 47 <-- 339.459106 s
currentSize : 48 <-- 339.466248 s
currentSize : 49 <-- 339.471497 s
currentSize : 50 <-- 401.313354 s

TIMEOUT
maxsize : 50
nodes : 202388383.000000
filtered : 1039610783.000000
time : 1000.000122
