Parameters: GAD=1 vflib=1 dir=0 label=1 lowerbound=1 fileNameGp=../../cp2016-max-common-connected-subgraph-paper/datasets/graphsdb/mcs50/m2D/m2D/mcs50_m2D_s80.A05 fileNameGt=../../cp2016-max-common-connected-subgraph-paper/datasets/graphsdb/mcs50/m2D/m2D/mcs50_m2D_s80.B05
Reading graphs...
80 :  142
80 :  142
Initializing...
maxdom : 8
D->valSize : 421
Solving...
Blb : 2 (clique : 35)
currentSize : 35 <-- 0.004143 s
currentSize : 36 <-- 0.004462 s
currentSize : 37 <-- 0.007705 s
currentSize : 38 <-- 55.839340 s
currentSize : 39 <-- 57.682148 s
currentSize : 40 <-- 95.717018 s

TIMEOUT
maxsize : 40
nodes : 202292855.000000
filtered : 1263179417.000000
time : 1000.000061
