Parameters: GAD=1 vflib=1 dir=0 label=1 lowerbound=1 fileNameGp=../../cp2016-max-common-connected-subgraph-paper/datasets/graphsdb/mcs50/m2D/m2Dr6/mcs50_m2Dr6_s80.A06 fileNameGt=../../cp2016-max-common-connected-subgraph-paper/datasets/graphsdb/mcs50/m2D/m2Dr6/mcs50_m2Dr6_s80.B06
Reading graphs...
80 :  190
80 :  188
Initializing...
maxdom : 8
D->valSize : 423
Solving...
Blb : 3 (clique : 27)
currentSize : 27 <-- 0.006361 s
currentSize : 30 <-- 0.006655 s
currentSize : 31 <-- 0.006957 s
currentSize : 32 <-- 0.007728 s
currentSize : 33 <-- 0.008625 s
currentSize : 34 <-- 0.093247 s

TIMEOUT
maxsize : 34
nodes : 188866499.000000
filtered : 1623846886.000000
time : 1000.000000
