Parameters: GAD=1 vflib=1 dir=0 label=1 lowerbound=1 fileNameGp=../../cp2016-max-common-connected-subgraph-paper/datasets/graphsdb/mcs50/rand/r01/mcs50_r01_s80.A07 fileNameGt=../../cp2016-max-common-connected-subgraph-paper/datasets/graphsdb/mcs50/rand/r01/mcs50_r01_s80.B07
Reading graphs...
80 :  603
80 :  599
Initializing...
maxdom : 11
D->valSize : 469
Solving...
Blb : 2 (clique : 17)
currentSize : 17 <-- 0.004416 s
currentSize : 18 <-- 0.006616 s
currentSize : 19 <-- 0.013400 s
currentSize : 20 <-- 0.013983 s
currentSize : 21 <-- 0.017734 s
currentSize : 22 <-- 0.017799 s
currentSize : 23 <-- 0.017872 s
currentSize : 25 <-- 0.020106 s
currentSize : 26 <-- 0.262307 s
currentSize : 27 <-- 0.947380 s
currentSize : 29 <-- 1.291280 s
currentSize : 31 <-- 1.305251 s
currentSize : 37 <-- 1.305376 s

maxsize : 37
nodes : 427587.000000
filtered : 5130200.000000
time : 2.444056
