Parameters: GAD=1 vflib=1 dir=0 label=1 lowerbound=1 fileNameGp=../../cp2016-max-common-connected-subgraph-paper/datasets/graphsdb/mcs50/m2D/m2Dr2/mcs50_m2Dr2_s90.A01 fileNameGt=../../cp2016-max-common-connected-subgraph-paper/datasets/graphsdb/mcs50/m2D/m2Dr2/mcs50_m2Dr2_s90.B01
Reading graphs...
90 :  179
90 :  177
Initializing...
maxdom : 11
D->valSize : 519
Solving...
Blb : 2 (clique : 40)
currentSize : 40 <-- 0.005931 s
currentSize : 41 <-- 0.006242 s
currentSize : 42 <-- 0.007248 s
currentSize : 43 <-- 0.007431 s
currentSize : 46 <-- 0.011723 s
currentSize : 47 <-- 0.033073 s
currentSize : 48 <-- 0.271464 s

TIMEOUT
maxsize : 48
nodes : 212875891.000000
filtered : 846874550.000000
time : 1000.000061
