Parameters: GAD=1 vflib=1 dir=0 label=1 lowerbound=1 fileNameGp=../../cp2016-max-common-connected-subgraph-paper/datasets/graphsdb/mcs50/m3D/m3Dr6/mcs50_m3Dr6_s50.A00 fileNameGt=../../cp2016-max-common-connected-subgraph-paper/datasets/graphsdb/mcs50/m3D/m3Dr6/mcs50_m3Dr6_s50.B00
Reading graphs...
50 :  135
50 :  137
Initializing...
maxdom : 11
D->valSize : 332
Solving...
Blb : 2 (clique : 14)
currentSize : 14 <-- 0.002340 s
currentSize : 15 <-- 0.002428 s
currentSize : 16 <-- 0.011532 s
currentSize : 17 <-- 0.189778 s
currentSize : 18 <-- 0.623579 s
currentSize : 19 <-- 0.623592 s
currentSize : 20 <-- 1.478180 s
currentSize : 21 <-- 1.478234 s
currentSize : 22 <-- 1.526698 s
currentSize : 23 <-- 1.526788 s
currentSize : 26 <-- 1.591142 s
currentSize : 27 <-- 1.591207 s

maxsize : 27
nodes : 564486.000000
filtered : 6922471.000000
time : 2.215434
