Parameters: GAD=1 vflib=1 dir=0 label=1 lowerbound=1 fileNameGp=../../cp2016-max-common-connected-subgraph-paper/datasets/graphsdb/mcs50/rand/r005/mcs50_r005_s100.A07 fileNameGt=../../cp2016-max-common-connected-subgraph-paper/datasets/graphsdb/mcs50/rand/r005/mcs50_r005_s100.B07
Reading graphs...
100 :  481
100 :  485
Initializing...
maxdom : 7
D->valSize : 354
Solving...
Blb : 2 (clique : 26)
currentSize : 26 <-- 0.005561 s
currentSize : 27 <-- 0.005905 s
currentSize : 28 <-- 0.006215 s
currentSize : 29 <-- 0.010044 s
currentSize : 30 <-- 0.010170 s
currentSize : 31 <-- 0.010500 s
currentSize : 32 <-- 0.030879 s
currentSize : 33 <-- 0.340926 s
currentSize : 34 <-- 2.123657 s
currentSize : 35 <-- 2.128074 s
currentSize : 36 <-- 2.730229 s
currentSize : 40 <-- 5.428155 s
currentSize : 47 <-- 12.513792 s
currentSize : 49 <-- 12.513986 s

maxsize : 49
nodes : 7603386.000000
filtered : 47530187.000000
time : 45.287624
