Parameters: GAD=1 vflib=1 dir=0 label=1 lowerbound=1 fileNameGp=../../cp2016-max-common-connected-subgraph-paper/datasets/graphsdb/mcs50/m2D/m2Dr6/mcs50_m2Dr6_s70.A05 fileNameGt=../../cp2016-max-common-connected-subgraph-paper/datasets/graphsdb/mcs50/m2D/m2Dr6/mcs50_m2Dr6_s70.B05
Reading graphs...
70 :  163
70 :  164
Initializing...
maxdom : 8
D->valSize : 344
Solving...
Blb : 2 (clique : 22)
currentSize : 22 <-- 0.002846 s
currentSize : 26 <-- 0.002998 s
currentSize : 27 <-- 0.010677 s
currentSize : 28 <-- 0.262051 s
currentSize : 29 <-- 2.039233 s
currentSize : 30 <-- 2.042290 s
currentSize : 31 <-- 9.303018 s
currentSize : 32 <-- 17.105570 s
currentSize : 33 <-- 20.943621 s
currentSize : 34 <-- 24.504156 s
currentSize : 35 <-- 47.361511 s
currentSize : 36 <-- 47.361561 s
currentSize : 37 <-- 47.543861 s
currentSize : 38 <-- 52.390049 s

maxsize : 38
nodes : 20641279.000000
filtered : 140033623.000000
time : 94.482063
