Parameters: GAD=1 vflib=1 dir=0 label=1 lowerbound=1 fileNameGp=../../cp2016-max-common-connected-subgraph-paper/datasets/graphsdb/mcs50/rand/r005/mcs50_r005_s70.A09 fileNameGt=../../cp2016-max-common-connected-subgraph-paper/datasets/graphsdb/mcs50/rand/r005/mcs50_r005_s70.B09
Reading graphs...
70 :  234
70 :  235
Initializing...
maxdom : 9
D->valSize : 338
Solving...
Blb : 2 (clique : 25)
currentSize : 25 <-- 0.002786 s
currentSize : 26 <-- 0.002972 s
currentSize : 29 <-- 0.003026 s
currentSize : 31 <-- 0.003111 s
currentSize : 32 <-- 0.021595 s
currentSize : 33 <-- 0.107776 s
currentSize : 35 <-- 0.144261 s

maxsize : 35
nodes : 1486576.000000
filtered : 16767576.000000
time : 8.689630
