Parameters: GAD=1 vflib=1 dir=0 label=1 lowerbound=1 fileNameGp=../../cp2016-max-common-connected-subgraph-paper/datasets/graphsdb/mcs50/rand/r005/mcs50_r005_s100.A05 fileNameGt=../../cp2016-max-common-connected-subgraph-paper/datasets/graphsdb/mcs50/rand/r005/mcs50_r005_s100.B05
Reading graphs...
100 :  481
100 :  483
Initializing...
maxdom : 8
D->valSize : 357
Solving...
Blb : 2 (clique : 19)
currentSize : 19 <-- 0.003482 s
currentSize : 20 <-- 0.003839 s
currentSize : 22 <-- 0.007414 s
currentSize : 23 <-- 0.365743 s
currentSize : 24 <-- 0.769373 s
currentSize : 25 <-- 0.789852 s
currentSize : 26 <-- 1.352187 s
currentSize : 27 <-- 1.640676 s
currentSize : 28 <-- 1.725681 s
currentSize : 29 <-- 2.014258 s
currentSize : 30 <-- 2.092700 s
currentSize : 31 <-- 2.832581 s
currentSize : 32 <-- 2.838632 s
currentSize : 33 <-- 2.881683 s
currentSize : 38 <-- 4.303210 s
currentSize : 42 <-- 8.437999 s
currentSize : 43 <-- 13.078911 s
currentSize : 46 <-- 13.085632 s
currentSize : 50 <-- 18.410629 s

maxsize : 50
nodes : 4055063.000000
filtered : 33996354.000000
time : 26.107664
