Parameters: GAD=1 vflib=1 dir=0 label=1 lowerbound=1 fileNameGp=../../cp2016-max-common-connected-subgraph-paper/datasets/graphsdb/mcs50/m2D/m2Dr4/mcs50_m2Dr4_s80.A02 fileNameGt=../../cp2016-max-common-connected-subgraph-paper/datasets/graphsdb/mcs50/m2D/m2Dr4/mcs50_m2Dr4_s80.B02
Reading graphs...
80 :  173
80 :  173
Initializing...
maxdom : 8
D->valSize : 400
Solving...
Blb : 3 (clique : 26)
currentSize : 26 <-- 0.003679 s
currentSize : 27 <-- 2.279439 s
currentSize : 28 <-- 2.303297 s
currentSize : 29 <-- 6.564708 s
currentSize : 30 <-- 112.580803 s
currentSize : 31 <-- 289.436249 s
currentSize : 32 <-- 289.438171 s
currentSize : 33 <-- 289.446869 s
currentSize : 34 <-- 304.875732 s
currentSize : 35 <-- 325.420990 s
currentSize : 36 <-- 952.353882 s
currentSize : 37 <-- 952.361755 s
currentSize : 38 <-- 952.403625 s

TIMEOUT
maxsize : 38
nodes : 203769787.000000
filtered : 1769297484.000000
time : 1000.000061
