Parameters: GAD=1 vflib=1 dir=0 label=1 lowerbound=1 fileNameGp=../../cp2016-max-common-connected-subgraph-paper/datasets/graphsdb/mcs50/bvg/b09m/mcs50_b09m_s70.A01 fileNameGt=../../cp2016-max-common-connected-subgraph-paper/datasets/graphsdb/mcs50/bvg/b09m/mcs50_b09m_s70.B01
Reading graphs...
70 :  311
70 :  308
Initializing...
maxdom : 9
D->valSize : 339
Solving...
Blb : 2 (clique : 16)
currentSize : 16 <-- 0.004269 s
currentSize : 17 <-- 0.083207 s
currentSize : 19 <-- 0.100144 s
currentSize : 20 <-- 5.574336 s
currentSize : 21 <-- 6.333632 s
currentSize : 22 <-- 6.349673 s
currentSize : 23 <-- 11.537609 s
currentSize : 24 <-- 11.537720 s
currentSize : 27 <-- 16.456060 s
currentSize : 28 <-- 18.108438 s
currentSize : 30 <-- 18.108582 s
currentSize : 31 <-- 18.110151 s
currentSize : 33 <-- 18.482697 s
currentSize : 34 <-- 18.482773 s

maxsize : 34
nodes : 4645825.000000
filtered : 42796677.000000
time : 21.750776
