Parameters: GAD=1 vflib=1 dir=0 label=1 lowerbound=1 fileNameGp=../../cp2016-max-common-connected-subgraph-paper/datasets/graphsdb/mcs50/rand/r005/mcs50_r005_s80.A05 fileNameGt=../../cp2016-max-common-connected-subgraph-paper/datasets/graphsdb/mcs50/rand/r005/mcs50_r005_s80.B05
Reading graphs...
80 :  307
80 :  307
Initializing...
maxdom : 8
D->valSize : 430
Solving...
Blb : 2 (clique : 31)
currentSize : 31 <-- 0.006365 s
currentSize : 32 <-- 0.006666 s
currentSize : 33 <-- 0.006784 s
currentSize : 35 <-- 0.008621 s
currentSize : 36 <-- 0.008720 s
currentSize : 38 <-- 12.088898 s
currentSize : 39 <-- 12.089798 s

maxsize : 39
nodes : 14951813.000000
filtered : 181501984.000000
time : 91.357506
