Parameters: GAD=1 vflib=1 dir=0 label=1 lowerbound=1 fileNameGp=../../cp2016-max-common-connected-subgraph-paper/datasets/graphsdb/mcs50/bvg/b09m/mcs50_b09m_s70.A05 fileNameGt=../../cp2016-max-common-connected-subgraph-paper/datasets/graphsdb/mcs50/bvg/b09m/mcs50_b09m_s70.B05
Reading graphs...
70 :  309
70 :  307
Initializing...
maxdom : 8
D->valSize : 326
Solving...
Blb : 3 (clique : 15)
currentSize : 15 <-- 0.004071 s
currentSize : 16 <-- 0.005297 s
currentSize : 18 <-- 0.005563 s
currentSize : 19 <-- 0.015255 s
currentSize : 20 <-- 0.161008 s
currentSize : 21 <-- 0.161194 s
currentSize : 22 <-- 0.784127 s
currentSize : 23 <-- 0.785894 s
currentSize : 24 <-- 0.785963 s
currentSize : 25 <-- 3.478403 s
currentSize : 26 <-- 9.362008 s
currentSize : 27 <-- 9.362385 s
currentSize : 28 <-- 12.642280 s
currentSize : 29 <-- 12.642331 s
currentSize : 30 <-- 12.642423 s
currentSize : 31 <-- 12.876294 s
currentSize : 32 <-- 12.876513 s
currentSize : 33 <-- 12.876937 s

maxsize : 33
nodes : 10301230.000000
filtered : 40625359.000000
time : 39.979614
