Parameters: GAD=1 vflib=1 dir=0 label=1 lowerbound=1 fileNameGp=../../cp2016-max-common-connected-subgraph-paper/datasets/graphsdb/mcs50/m3D/m3Dr2/mcs50_m3Dr2_s50.A01 fileNameGt=../../cp2016-max-common-connected-subgraph-paper/datasets/graphsdb/mcs50/m3D/m3Dr2/mcs50_m3Dr2_s50.B01
Reading graphs...
50 :  118
50 :  119
Initializing...
maxdom : 10
D->valSize : 316
Solving...
Blb : 2 (clique : 14)
currentSize : 14 <-- 0.002105 s
currentSize : 15 <-- 0.002229 s
currentSize : 16 <-- 0.002301 s
currentSize : 17 <-- 0.005945 s
currentSize : 19 <-- 0.036601 s
currentSize : 20 <-- 0.182388 s
currentSize : 21 <-- 0.185382 s
currentSize : 22 <-- 0.185479 s
currentSize : 23 <-- 0.828354 s
currentSize : 25 <-- 0.828553 s
currentSize : 27 <-- 3.148716 s

maxsize : 27
nodes : 1217039.000000
filtered : 12249733.000000
time : 5.239931
