Parameters: GAD=1 vflib=1 dir=0 label=1 lowerbound=1 fileNameGp=../../cp2016-max-common-connected-subgraph-paper/datasets/graphsdb/mcs50/rand/r02/mcs50_r02_s100.A03 fileNameGt=../../cp2016-max-common-connected-subgraph-paper/datasets/graphsdb/mcs50/rand/r02/mcs50_r02_s100.B03
Reading graphs...
100 :  1780
100 :  1760
Initializing...
maxdom : 8
D->valSize : 405
Solving...
Blb : 2 (clique : 11)
currentSize : 11 <-- 0.005845 s
currentSize : 14 <-- 0.006206 s
currentSize : 22 <-- 0.009903 s
currentSize : 37 <-- 0.023332 s
currentSize : 38 <-- 0.023511 s
currentSize : 39 <-- 0.077676 s

maxsize : 39
nodes : 239409.000000
filtered : 433817.000000
time : 1.058886
