Parameters: GAD=1 vflib=1 dir=0 label=1 lowerbound=1 fileNameGp=../../cp2016-max-common-connected-subgraph-paper/datasets/graphsdb/mcs50/rand/r005/mcs50_r005_s50.A01 fileNameGt=../../cp2016-max-common-connected-subgraph-paper/datasets/graphsdb/mcs50/rand/r005/mcs50_r005_s50.B01
Reading graphs...
50 :  117
50 :  119
Initializing...
maxdom : 9
D->valSize : 338
Solving...
Blb : 2 (clique : 17)
currentSize : 17 <-- 0.003907 s
currentSize : 18 <-- 0.004074 s
currentSize : 19 <-- 0.052754 s
currentSize : 20 <-- 0.058370 s
currentSize : 21 <-- 0.411479 s
currentSize : 22 <-- 2.902968 s
currentSize : 23 <-- 6.627301 s
currentSize : 24 <-- 40.602570 s
currentSize : 25 <-- 70.099251 s

maxsize : 25
nodes : 22448330.000000
filtered : 392203711.000000
time : 114.505211
