Parameters: GAD=1 vflib=1 dir=0 label=1 lowerbound=1 fileNameGp=../../cp2016-max-common-connected-subgraph-paper/datasets/graphsdb/mcs50/m2D/m2D/mcs50_m2D_s70.A01 fileNameGt=../../cp2016-max-common-connected-subgraph-paper/datasets/graphsdb/mcs50/m2D/m2D/mcs50_m2D_s70.B01
Reading graphs...
70 :  123
70 :  122
Initializing...
maxdom : 10
D->valSize : 350
Solving...
Blb : 2 (clique : 25)
currentSize : 25 <-- 0.002928 s
currentSize : 27 <-- 0.003085 s
currentSize : 28 <-- 6.497872 s
currentSize : 29 <-- 59.425537 s
currentSize : 30 <-- 86.187103 s
currentSize : 31 <-- 86.630180 s
currentSize : 32 <-- 99.318901 s
currentSize : 33 <-- 141.484467 s
currentSize : 34 <-- 220.796249 s

TIMEOUT
maxsize : 34
nodes : 230117711.000000
filtered : 1691933363.000000
time : 1000.000000
