Parameters: GAD=1 vflib=1 dir=0 label=1 lowerbound=1 fileNameGp=../../cp2016-max-common-connected-subgraph-paper/datasets/graphsdb/mcs50/bvg/b06/mcs50_b06_s50.A06 fileNameGt=../../cp2016-max-common-connected-subgraph-paper/datasets/graphsdb/mcs50/bvg/b06/mcs50_b06_s50.B06
Reading graphs...
50 :  148
50 :  149
Initializing...
maxdom : 12
D->valSize : 347
Solving...
Blb : 5 (clique : 15)
currentSize : 15 <-- 0.002461 s
currentSize : 16 <-- 0.002569 s
currentSize : 17 <-- 0.002929 s
currentSize : 18 <-- 0.028948 s
currentSize : 20 <-- 0.167195 s
currentSize : 21 <-- 0.167231 s
currentSize : 22 <-- 0.167509 s
currentSize : 23 <-- 0.517050 s
currentSize : 24 <-- 4.108114 s
currentSize : 25 <-- 4.108236 s

maxsize : 25
nodes : 1365395.000000
filtered : 18328311.000000
time : 6.099785
