Parameters: GAD=1 vflib=1 dir=0 label=1 lowerbound=1 fileNameGp=../../cp2016-max-common-connected-subgraph-paper/datasets/graphsdb/mcs50/m2D/m2Dr4/mcs50_m2Dr4_s50.A03 fileNameGt=../../cp2016-max-common-connected-subgraph-paper/datasets/graphsdb/mcs50/m2D/m2Dr4/mcs50_m2Dr4_s50.B03
Reading graphs...
50 :  104
50 :  102
Initializing...
maxdom : 10
D->valSize : 323
Solving...
Blb : 2 (clique : 23)
currentSize : 23 <-- 0.002226 s
currentSize : 24 <-- 0.174356 s
currentSize : 25 <-- 0.177419 s
currentSize : 26 <-- 1.520297 s
currentSize : 27 <-- 89.330078 s

maxsize : 27
nodes : 28488328.000000
filtered : 369805743.000000
time : 120.775406
