Parameters: GAD=1 vflib=1 dir=0 label=1 lowerbound=1 fileNameGp=../../cp2016-max-common-connected-subgraph-paper/datasets/graphsdb/mcs50/bvg/b03/mcs50_b03_s60.A07 fileNameGt=../../cp2016-max-common-connected-subgraph-paper/datasets/graphsdb/mcs50/bvg/b03/mcs50_b03_s60.B07
Reading graphs...
60 :  90
60 :  90
Initializing...
maxdom : 10
D->valSize : 235
Solving...
Blb : 3 (clique : 22)
currentSize : 22 <-- 0.001694 s
currentSize : 23 <-- 0.001814 s
currentSize : 24 <-- 0.001975 s
currentSize : 25 <-- 0.007429 s
currentSize : 26 <-- 0.346955 s
currentSize : 27 <-- 1.114584 s
currentSize : 28 <-- 2.675833 s
currentSize : 29 <-- 4.467489 s
currentSize : 30 <-- 5.078163 s
currentSize : 32 <-- 5.078394 s

maxsize : 32
nodes : 1388048.000000
filtered : 6626146.000000
time : 5.835676
