Parameters: GAD=1 vflib=1 dir=0 label=1 lowerbound=1 fileNameGp=../../cp2016-max-common-connected-subgraph-paper/datasets/graphsdb/mcs50/rand/r005/mcs50_r005_s50.A07 fileNameGt=../../cp2016-max-common-connected-subgraph-paper/datasets/graphsdb/mcs50/rand/r005/mcs50_r005_s50.B07
Reading graphs...
50 :  118
50 :  119
Initializing...
maxdom : 10
D->valSize : 319
Solving...
Blb : 2 (clique : 17)
currentSize : 17 <-- 0.002234 s
currentSize : 18 <-- 0.003096 s
currentSize : 19 <-- 0.046000 s
currentSize : 20 <-- 0.331547 s
currentSize : 21 <-- 0.444356 s
currentSize : 22 <-- 4.389997 s
currentSize : 24 <-- 83.733368 s
currentSize : 25 <-- 83.733406 s

maxsize : 25
nodes : 23337717.000000
filtered : 327352202.000000
time : 97.080338
