Parameters: GAD=1 vflib=1 dir=0 label=1 lowerbound=1 fileNameGp=../../cp2016-max-common-connected-subgraph-paper/datasets/graphsdb/mcs50/rand/r02/mcs50_r02_s100.A07 fileNameGt=../../cp2016-max-common-connected-subgraph-paper/datasets/graphsdb/mcs50/rand/r02/mcs50_r02_s100.B07
Reading graphs...
100 :  1766
100 :  1737
Initializing...
maxdom : 7
D->valSize : 336
Solving...
Blb : 2 (clique : 8)
currentSize : 8 <-- 0.003177 s
currentSize : 9 <-- 0.004442 s
currentSize : 10 <-- 0.005096 s
currentSize : 11 <-- 0.005667 s
currentSize : 12 <-- 0.011400 s
currentSize : 14 <-- 0.011881 s
currentSize : 15 <-- 0.015667 s
currentSize : 19 <-- 0.015925 s
currentSize : 24 <-- 0.042483 s
currentSize : 25 <-- 0.070171 s
currentSize : 34 <-- 0.070619 s
currentSize : 35 <-- 0.072783 s

maxsize : 35
nodes : 2632801.000000
filtered : 2043453.000000
time : 10.505382
