Parameters: GAD=1 vflib=1 dir=0 label=1 lowerbound=1 fileNameGp=../../cp2016-max-common-connected-subgraph-paper/datasets/graphsdb/mcs50/m2D/m2Dr6/mcs50_m2Dr6_s80.A01 fileNameGt=../../cp2016-max-common-connected-subgraph-paper/datasets/graphsdb/mcs50/m2D/m2Dr6/mcs50_m2Dr6_s80.B01
Reading graphs...
80 :  187
80 :  187
Initializing...
maxdom : 13
D->valSize : 456
Solving...
Blb : 2 (clique : 26)
currentSize : 26 <-- 0.007414 s
currentSize : 27 <-- 1.009342 s
currentSize : 28 <-- 4.158719 s
currentSize : 29 <-- 8.231203 s
currentSize : 30 <-- 8.232830 s
currentSize : 31 <-- 11.949917 s
currentSize : 32 <-- 21.893478 s
currentSize : 33 <-- 21.896063 s
currentSize : 34 <-- 31.454372 s
currentSize : 35 <-- 48.606056 s
currentSize : 37 <-- 48.607643 s
currentSize : 38 <-- 50.638306 s
currentSize : 39 <-- 50.638409 s

TIMEOUT
maxsize : 39
nodes : 161210300.000000
filtered : 1908745256.000000
time : 1000.000061
