Parameters: GAD=1 vflib=1 dir=0 label=1 lowerbound=1 fileNameGp=../../cp2016-max-common-connected-subgraph-paper/datasets/graphsdb/mcs50/rand/r01/mcs50_r01_s70.A09 fileNameGt=../../cp2016-max-common-connected-subgraph-paper/datasets/graphsdb/mcs50/rand/r01/mcs50_r01_s70.B09
Reading graphs...
70 :  460
70 :  465
Initializing...
maxdom : 11
D->valSize : 400
Solving...
Blb : 2 (clique : 11)
currentSize : 11 <-- 0.005018 s
currentSize : 12 <-- 0.005219 s
currentSize : 13 <-- 0.007730 s
currentSize : 14 <-- 0.012332 s
currentSize : 15 <-- 0.038525 s
currentSize : 17 <-- 0.110897 s
currentSize : 20 <-- 0.111004 s
currentSize : 22 <-- 0.149637 s
currentSize : 24 <-- 0.220025 s
currentSize : 25 <-- 0.374726 s
currentSize : 26 <-- 0.449880 s
currentSize : 30 <-- 0.551852 s
currentSize : 33 <-- 0.662498 s

maxsize : 33
nodes : 149973.000000
filtered : 2380049.000000
time : 0.886210
