Parameters: GAD=1 vflib=1 dir=0 label=1 lowerbound=1 fileNameGp=../../cp2016-max-common-connected-subgraph-paper/datasets/graphsdb/mcs50/m2D/m2D/mcs50_m2D_s70.A05 fileNameGt=../../cp2016-max-common-connected-subgraph-paper/datasets/graphsdb/mcs50/m2D/m2D/mcs50_m2D_s70.B05
Reading graphs...
70 :  123
70 :  123
Initializing...
maxdom : 8
D->valSize : 370
Solving...
Blb : 2 (clique : 31)
currentSize : 31 <-- 0.003231 s
currentSize : 32 <-- 58.658298 s
currentSize : 33 <-- 60.863476 s
currentSize : 34 <-- 114.946754 s
currentSize : 35 <-- 365.610931 s
currentSize : 36 <-- 740.227600 s

TIMEOUT
maxsize : 36
nodes : 195539978.000000
filtered : 1715579555.000000
time : 1000.000000
