Parameters: GAD=1 vflib=1 dir=0 label=1 lowerbound=1 fileNameGp=../../cp2016-max-common-connected-subgraph-paper/datasets/graphsdb/mcs50/bvg/b03m/mcs50_b03m_s70.A06 fileNameGt=../../cp2016-max-common-connected-subgraph-paper/datasets/graphsdb/mcs50/bvg/b03m/mcs50_b03m_s70.B06
Reading graphs...
70 :  105
70 :  105
Initializing...
maxdom : 9
D->valSize : 341
Solving...
Blb : 2 (clique : 34)
currentSize : 34 <-- 0.002938 s
currentSize : 35 <-- 0.003152 s
currentSize : 36 <-- 0.003240 s
currentSize : 37 <-- 0.003372 s
currentSize : 38 <-- 0.006445 s
currentSize : 39 <-- 0.007801 s
currentSize : 40 <-- 0.018338 s

TIMEOUT
maxsize : 40
nodes : 207437701.000000
filtered : 1400106006.000000
time : 1000.000061
