Parameters: GAD=1 vflib=1 dir=0 label=1 lowerbound=1 fileNameGp=../../cp2016-max-common-connected-subgraph-paper/datasets/graphsdb/mcs50/m2D/m2Dr6/mcs50_m2Dr6_s60.A09 fileNameGt=../../cp2016-max-common-connected-subgraph-paper/datasets/graphsdb/mcs50/m2D/m2Dr6/mcs50_m2Dr6_s60.B09
Reading graphs...
60 :  137
60 :  138
Initializing...
maxdom : 7
D->valSize : 235
Solving...
Blb : 3 (clique : 22)
currentSize : 22 <-- 0.001667 s
currentSize : 23 <-- 0.009316 s
currentSize : 24 <-- 2.668391 s
currentSize : 25 <-- 2.668463 s
currentSize : 26 <-- 21.758467 s
currentSize : 27 <-- 25.080744 s

maxsize : 27
nodes : 7801335.000000
filtered : 65398110.000000
time : 33.221264
