Parameters: GAD=1 vflib=1 dir=0 label=1 lowerbound=1 fileNameGp=../../cp2016-max-common-connected-subgraph-paper/datasets/graphsdb/mcs50/m3D/m3Dr4/mcs50_m3Dr4_s60.A08 fileNameGt=../../cp2016-max-common-connected-subgraph-paper/datasets/graphsdb/mcs50/m3D/m3Dr4/mcs50_m3Dr4_s60.B08
Reading graphs...
60 :  157
60 :  157
Initializing...
maxdom : 9
D->valSize : 252
Solving...
Blb : 2 (clique : 18)
currentSize : 18 <-- 0.002775 s
currentSize : 19 <-- 0.008119 s
currentSize : 20 <-- 0.020305 s
currentSize : 21 <-- 0.040003 s
currentSize : 22 <-- 0.053550 s
currentSize : 23 <-- 0.053645 s
currentSize : 24 <-- 0.172702 s
currentSize : 25 <-- 0.215151 s
currentSize : 26 <-- 0.332233 s
currentSize : 27 <-- 0.529522 s
currentSize : 28 <-- 0.632035 s

maxsize : 28
nodes : 550030.000000
filtered : 3112512.000000
time : 2.275738
