Parameters: GAD=1 vflib=1 dir=0 label=1 lowerbound=1 fileNameGp=../../cp2016-max-common-connected-subgraph-paper/datasets/graphsdb/mcs50/m2D/m2Dr2/mcs50_m2Dr2_s60.A09 fileNameGt=../../cp2016-max-common-connected-subgraph-paper/datasets/graphsdb/mcs50/m2D/m2Dr2/mcs50_m2Dr2_s60.B09
Reading graphs...
60 :  115
60 :  114
Initializing...
maxdom : 6
D->valSize : 222
Solving...
Blb : 2 (clique : 22)
currentSize : 22 <-- 0.001581 s
currentSize : 23 <-- 0.002092 s
currentSize : 24 <-- 0.003222 s
currentSize : 25 <-- 0.007376 s
currentSize : 26 <-- 0.126054 s
currentSize : 27 <-- 20.749332 s

maxsize : 27
nodes : 159979917.000000
filtered : 940097541.000000
time : 641.793945
