Parameters: GAD=1 vflib=1 dir=0 label=1 lowerbound=1 fileNameGp=../../cp2016-max-common-connected-subgraph-paper/datasets/graphsdb/mcs50/m2D/m2Dr2/mcs50_m2Dr2_s60.A04 fileNameGt=../../cp2016-max-common-connected-subgraph-paper/datasets/graphsdb/mcs50/m2D/m2Dr2/mcs50_m2Dr2_s60.B04
Reading graphs...
60 :  116
60 :  114
Initializing...
maxdom : 8
D->valSize : 251
Solving...
Blb : 2 (clique : 24)
currentSize : 24 <-- 0.001733 s
currentSize : 25 <-- 0.020403 s
currentSize : 26 <-- 0.677975 s
currentSize : 27 <-- 1.782212 s
currentSize : 28 <-- 63.373909 s
currentSize : 29 <-- 66.334381 s

maxsize : 29
nodes : 27396623.000000
filtered : 186522715.000000
time : 111.510384
