Parameters: GAD=1 vflib=1 dir=0 label=1 lowerbound=1 fileNameGp=../../cp2016-max-common-connected-subgraph-paper/datasets/graphsdb/mcs50/m3D/m3D/mcs50_m3D_s50.A08 fileNameGt=../../cp2016-max-common-connected-subgraph-paper/datasets/graphsdb/mcs50/m3D/m3D/mcs50_m3D_s50.B08
Reading graphs...
50 :  109
50 :  109
Initializing...
maxdom : 11
D->valSize : 328
Solving...
Blb : 5 (clique : 17)
currentSize : 17 <-- 0.002315 s
currentSize : 18 <-- 0.975008 s
currentSize : 21 <-- 2.606677 s
currentSize : 22 <-- 2.639825 s
currentSize : 23 <-- 7.203829 s
currentSize : 24 <-- 7.229577 s
currentSize : 25 <-- 10.405536 s
currentSize : 26 <-- 14.580706 s
currentSize : 28 <-- 14.580780 s

maxsize : 28
nodes : 5902809.000000
filtered : 61846472.000000
time : 24.158688
