Parameters: GAD=1 vflib=1 dir=0 label=1 lowerbound=1 fileNameGp=../../cp2016-max-common-connected-subgraph-paper/datasets/graphsdb/mcs50/m3D/m3Dr4/mcs50_m3Dr4_s50.A03 fileNameGt=../../cp2016-max-common-connected-subgraph-paper/datasets/graphsdb/mcs50/m3D/m3Dr4/mcs50_m3Dr4_s50.B03
Reading graphs...
50 :  126
50 :  124
Initializing...
maxdom : 11
D->valSize : 351
Solving...
Blb : 2 (clique : 15)
currentSize : 15 <-- 0.002479 s
currentSize : 16 <-- 0.209580 s
currentSize : 17 <-- 0.269844 s
currentSize : 18 <-- 0.485201 s
currentSize : 19 <-- 1.095961 s
currentSize : 20 <-- 54.122837 s
currentSize : 21 <-- 54.122906 s
currentSize : 22 <-- 54.123348 s
currentSize : 23 <-- 54.133999 s
currentSize : 24 <-- 57.423759 s
currentSize : 25 <-- 57.426678 s
currentSize : 26 <-- 57.500378 s
currentSize : 27 <-- 57.507164 s

maxsize : 27
nodes : 18328170.000000
filtered : 147049653.000000
time : 60.426605
