Parameters: GAD=1 vflib=1 dir=0 label=1 lowerbound=1 fileNameGp=../../cp2016-max-common-connected-subgraph-paper/datasets/graphsdb/mcs50/m2D/m2Dr6/mcs50_m2Dr6_s100.A00 fileNameGt=../../cp2016-max-common-connected-subgraph-paper/datasets/graphsdb/mcs50/m2D/m2Dr6/mcs50_m2Dr6_s100.B00
Reading graphs...
100 :  237
100 :  236
Initializing...
maxdom : 7
D->valSize : 370
Solving...
Blb : 2 (clique : 38)
currentSize : 38 <-- 0.003925 s
currentSize : 39 <-- 0.075928 s
currentSize : 40 <-- 0.076118 s
currentSize : 41 <-- 0.466487 s
currentSize : 42 <-- 1.929635 s
currentSize : 43 <-- 2.248015 s
currentSize : 44 <-- 2.628087 s
currentSize : 45 <-- 2.972767 s
currentSize : 46 <-- 4.644210 s
currentSize : 47 <-- 20.905272 s
currentSize : 48 <-- 29.301800 s
currentSize : 49 <-- 45.205368 s

TIMEOUT
maxsize : 49
nodes : 209653649.000000
filtered : 697964990.000000
time : 1000.000061
