Parameters: GAD=1 vflib=1 dir=0 label=1 lowerbound=1 fileNameGp=../../cp2016-max-common-connected-subgraph-paper/datasets/graphsdb/mcs50/bvg/b03m/mcs50_b03m_s90.A02 fileNameGt=../../cp2016-max-common-connected-subgraph-paper/datasets/graphsdb/mcs50/bvg/b03m/mcs50_b03m_s90.B02
Reading graphs...
90 :  134
90 :  134
Initializing...
maxdom : 9
D->valSize : 545
Solving...
Blb : 2 (clique : 34)
currentSize : 34 <-- 0.006509 s
currentSize : 35 <-- 0.006787 s
currentSize : 36 <-- 0.007304 s
currentSize : 37 <-- 0.007942 s
currentSize : 38 <-- 2.218042 s
currentSize : 39 <-- 57.344006 s
currentSize : 40 <-- 57.662724 s
currentSize : 41 <-- 312.761810 s

TIMEOUT
maxsize : 41
nodes : 249749940.000000
filtered : 1304352423.000000
time : 1000.000061
