Parameters: GAD=1 vflib=1 dir=0 label=1 lowerbound=1 fileNameGp=../../cp2016-max-common-connected-subgraph-paper/datasets/graphsdb/mcs50/rand/r005/mcs50_r005_s80.A04 fileNameGt=../../cp2016-max-common-connected-subgraph-paper/datasets/graphsdb/mcs50/rand/r005/mcs50_r005_s80.B04
Reading graphs...
80 :  307
80 :  309
Initializing...
maxdom : 9
D->valSize : 415
Solving...
Blb : 2 (clique : 18)
currentSize : 18 <-- 0.003865 s
currentSize : 20 <-- 0.004007 s
currentSize : 22 <-- 0.004158 s
currentSize : 24 <-- 0.004896 s
currentSize : 25 <-- 0.005434 s
currentSize : 26 <-- 0.007970 s
currentSize : 27 <-- 0.008043 s
currentSize : 28 <-- 0.429010 s
currentSize : 29 <-- 0.577432 s
currentSize : 30 <-- 0.577510 s
currentSize : 31 <-- 0.814625 s
currentSize : 32 <-- 0.817100 s
currentSize : 34 <-- 32.174789 s
currentSize : 35 <-- 65.571838 s
currentSize : 36 <-- 70.479744 s
currentSize : 38 <-- 70.479843 s
currentSize : 39 <-- 105.539719 s

maxsize : 39
nodes : 27807325.000000
filtered : 393768396.000000
time : 181.751663
