Parameters: GAD=1 vflib=1 dir=0 label=1 lowerbound=1 fileNameGp=../../cp2016-max-common-connected-subgraph-paper/datasets/graphsdb/mcs50/bvg/b03m/mcs50_b03m_s90.A04 fileNameGt=../../cp2016-max-common-connected-subgraph-paper/datasets/graphsdb/mcs50/bvg/b03m/mcs50_b03m_s90.B04
Reading graphs...
90 :  135
90 :  135
Initializing...
maxdom : 10
D->valSize : 572
Solving...
Blb : 2 (clique : 34)
currentSize : 34 <-- 0.011881 s
currentSize : 37 <-- 0.012340 s
currentSize : 38 <-- 0.012410 s
currentSize : 39 <-- 0.012738 s
currentSize : 40 <-- 0.013085 s
currentSize : 41 <-- 0.015630 s
currentSize : 42 <-- 0.023000 s
currentSize : 43 <-- 0.089315 s
currentSize : 44 <-- 1.102301 s
currentSize : 45 <-- 1.215139 s
currentSize : 46 <-- 8.620604 s
currentSize : 47 <-- 8.833235 s
currentSize : 48 <-- 8.833528 s

TIMEOUT
maxsize : 48
nodes : 209172132.000000
filtered : 1006737393.000000
time : 1000.000061
