Parameters: GAD=1 vflib=1 dir=0 label=1 lowerbound=1 fileNameGp=../../cp2016-max-common-connected-subgraph-paper/datasets/graphsdb/mcs50/m3D/m3Dr4/mcs50_m3Dr4_s60.A03 fileNameGt=../../cp2016-max-common-connected-subgraph-paper/datasets/graphsdb/mcs50/m3D/m3Dr4/mcs50_m3Dr4_s60.B03
Reading graphs...
60 :  157
60 :  156
Initializing...
maxdom : 7
D->valSize : 245
Solving...
Blb : 2 (clique : 20)
currentSize : 20 <-- 0.001724 s
currentSize : 23 <-- 0.004130 s
currentSize : 24 <-- 0.028970 s
currentSize : 25 <-- 0.127537 s
currentSize : 26 <-- 0.128437 s
currentSize : 28 <-- 2.007538 s
currentSize : 29 <-- 2.225476 s

maxsize : 29
nodes : 934281.000000
filtered : 6172157.000000
time : 3.922858
