Parameters: GAD=1 vflib=1 dir=0 label=1 lowerbound=1 fileNameGp=../../cp2016-max-common-connected-subgraph-paper/datasets/graphsdb/mcs50/bvg/b06m/mcs50_b06m_s90.A04 fileNameGt=../../cp2016-max-common-connected-subgraph-paper/datasets/graphsdb/mcs50/bvg/b06m/mcs50_b06m_s90.B04
Reading graphs...
90 :  267
90 :  268
Initializing...
maxdom : 11
D->valSize : 555
Solving...
Blb : 3 (clique : 31)
currentSize : 31 <-- 0.006494 s
currentSize : 32 <-- 0.006743 s
currentSize : 33 <-- 0.006786 s
currentSize : 34 <-- 0.007204 s
currentSize : 35 <-- 0.010221 s
currentSize : 38 <-- 0.021489 s
currentSize : 39 <-- 0.076516 s
currentSize : 40 <-- 1.272430 s

TIMEOUT
maxsize : 40
nodes : 177077691.000000
filtered : 1744896933.000000
time : 1000.000061
