Parameters: GAD=1 vflib=1 dir=0 label=1 lowerbound=1 fileNameGp=../../cp2016-max-common-connected-subgraph-paper/datasets/graphsdb/mcs50/bvg/b03/mcs50_b03_s40.A08 fileNameGt=../../cp2016-max-common-connected-subgraph-paper/datasets/graphsdb/mcs50/bvg/b03/mcs50_b03_s40.B08
Reading graphs...
40 :  60
40 :  60
Initializing...
maxdom : 8
D->valSize : 219
Solving...
Blb : 2 (clique : 16)
currentSize : 16 <-- 0.002005 s
currentSize : 17 <-- 0.005999 s
currentSize : 18 <-- 0.346848 s
currentSize : 19 <-- 4.157061 s
currentSize : 20 <-- 7.036747 s
currentSize : 21 <-- 7.037326 s
currentSize : 22 <-- 7.037350 s

maxsize : 22
nodes : 2863880.000000
filtered : 18152267.000000
time : 7.823815
