Parameters: GAD=1 vflib=1 dir=0 label=1 lowerbound=1 fileNameGp=../../cp2016-max-common-connected-subgraph-paper/datasets/graphsdb/mcs50/bvg/b03/mcs50_b03_s80.A06 fileNameGt=../../cp2016-max-common-connected-subgraph-paper/datasets/graphsdb/mcs50/bvg/b03/mcs50_b03_s80.B06
Reading graphs...
80 :  120
80 :  119
Initializing...
maxdom : 11
D->valSize : 489
Solving...
Blb : 2 (clique : 30)
currentSize : 30 <-- 0.005133 s
currentSize : 32 <-- 0.005366 s
currentSize : 33 <-- 0.005450 s
currentSize : 34 <-- 0.009921 s
currentSize : 35 <-- 0.046012 s
currentSize : 36 <-- 14.836348 s
currentSize : 37 <-- 128.391510 s

TIMEOUT
maxsize : 37
nodes : 202029460.000000
filtered : 2033023043.000000
time : 1000.000061
