Parameters: GAD=1 vflib=1 dir=0 label=1 lowerbound=1 fileNameGp=../../cp2016-max-common-connected-subgraph-paper/datasets/graphsdb/mcs50/rand/r01/mcs50_r01_s80.A08 fileNameGt=../../cp2016-max-common-connected-subgraph-paper/datasets/graphsdb/mcs50/rand/r01/mcs50_r01_s80.B08
Reading graphs...
80 :  597
80 :  594
Initializing...
maxdom : 9
D->valSize : 446
Solving...
Blb : 2 (clique : 12)
currentSize : 12 <-- 0.004232 s
currentSize : 13 <-- 0.004355 s
currentSize : 14 <-- 0.005810 s
currentSize : 15 <-- 0.014025 s
currentSize : 16 <-- 0.032912 s
currentSize : 18 <-- 0.033323 s
currentSize : 20 <-- 0.325242 s
currentSize : 21 <-- 0.329536 s
currentSize : 22 <-- 0.329633 s
currentSize : 23 <-- 0.608838 s
currentSize : 24 <-- 0.717069 s
currentSize : 25 <-- 0.739658 s
currentSize : 30 <-- 0.815009 s
currentSize : 31 <-- 1.115311 s
currentSize : 32 <-- 2.003354 s
currentSize : 38 <-- 2.003621 s

maxsize : 38
nodes : 561951.000000
filtered : 6616828.000000
time : 3.224451
