Parameters: GAD=1 vflib=1 dir=0 label=1 lowerbound=1 fileNameGp=../../cp2016-max-common-connected-subgraph-paper/datasets/graphsdb/mcs50/bvg/b06m/mcs50_b06m_s80.A08 fileNameGt=../../cp2016-max-common-connected-subgraph-paper/datasets/graphsdb/mcs50/bvg/b06m/mcs50_b06m_s80.B08
Reading graphs...
80 :  234
80 :  236
Initializing...
maxdom : 9
D->valSize : 450
Solving...
Blb : 2 (clique : 36)
currentSize : 36 <-- 0.004482 s
currentSize : 37 <-- 3.310898 s
currentSize : 38 <-- 60.950462 s
currentSize : 39 <-- 82.467667 s
currentSize : 40 <-- 82.468094 s
currentSize : 41 <-- 82.473030 s

TIMEOUT
maxsize : 41
nodes : 230599663.000000
filtered : 1015425040.000000
time : 1000.000061
