Parameters: GAD=1 vflib=1 dir=0 label=1 lowerbound=1 fileNameGp=../../cp2016-max-common-connected-subgraph-paper/datasets/graphsdb/mcs50/rand/r005/mcs50_r005_s60.A06 fileNameGt=../../cp2016-max-common-connected-subgraph-paper/datasets/graphsdb/mcs50/rand/r005/mcs50_r005_s60.B06
Reading graphs...
60 :  174
60 :  171
Initializing...
maxdom : 7
D->valSize : 238
Solving...
Blb : 2 (clique : 17)
currentSize : 17 <-- 0.001580 s
currentSize : 18 <-- 0.001769 s
currentSize : 19 <-- 0.006008 s
currentSize : 20 <-- 0.008066 s
currentSize : 21 <-- 0.013665 s
currentSize : 22 <-- 0.070222 s
currentSize : 25 <-- 1.108921 s
currentSize : 28 <-- 1.304834 s
currentSize : 30 <-- 1.704225 s
currentSize : 31 <-- 1.704867 s

maxsize : 31
nodes : 500393.000000
filtered : 3503239.000000
time : 2.074799
