Parameters: GAD=1 vflib=1 dir=0 label=1 lowerbound=1 fileNameGp=../../cp2016-max-common-connected-subgraph-paper/datasets/graphsdb/mcs50/m2D/m2Dr4/mcs50_m2Dr4_s80.A05 fileNameGt=../../cp2016-max-common-connected-subgraph-paper/datasets/graphsdb/mcs50/m2D/m2Dr4/mcs50_m2Dr4_s80.B05
Reading graphs...
80 :  174
80 :  173
Initializing...
maxdom : 7
D->valSize : 408
Solving...
Blb : 2 (clique : 26)
currentSize : 26 <-- 0.003840 s
currentSize : 27 <-- 0.004286 s
currentSize : 28 <-- 0.005724 s
currentSize : 29 <-- 0.006322 s
currentSize : 30 <-- 0.008481 s
currentSize : 31 <-- 0.012604 s
currentSize : 32 <-- 0.021569 s
currentSize : 33 <-- 0.042329 s
currentSize : 34 <-- 0.048827 s
currentSize : 35 <-- 0.091448 s
currentSize : 36 <-- 1.853934 s
currentSize : 37 <-- 1.860646 s
currentSize : 38 <-- 1.860964 s

TIMEOUT
maxsize : 38
nodes : 183796802.000000
filtered : 1488834186.000000
time : 1000.000061
