Parameters: GAD=1 vflib=1 dir=0 label=1 lowerbound=1 fileNameGp=../../cp2016-max-common-connected-subgraph-paper/datasets/graphsdb/mcs50/m3D/m3Dr2/mcs50_m3Dr2_s60.A00 fileNameGt=../../cp2016-max-common-connected-subgraph-paper/datasets/graphsdb/mcs50/m3D/m3Dr2/mcs50_m3Dr2_s60.B00
Reading graphs...
60 :  141
60 :  140
Initializing...
maxdom : 6
D->valSize : 240
Solving...
Blb : 2 (clique : 19)
currentSize : 19 <-- 0.001686 s
currentSize : 20 <-- 0.003604 s
currentSize : 21 <-- 0.576631 s
currentSize : 22 <-- 0.828627 s
currentSize : 23 <-- 1.701766 s
currentSize : 24 <-- 4.095616 s
currentSize : 25 <-- 4.100933 s
currentSize : 26 <-- 11.644118 s
currentSize : 27 <-- 15.737406 s
currentSize : 28 <-- 32.128185 s
currentSize : 29 <-- 37.894276 s

maxsize : 29
nodes : 15653703.000000
filtered : 88865115.000000
time : 62.567673
