Parameters: GAD=1 vflib=1 dir=0 label=1 lowerbound=1 fileNameGp=../../cp2016-max-common-connected-subgraph-paper/datasets/graphsdb/mcs50/bvg/b06/mcs50_b06_s90.A05 fileNameGt=../../cp2016-max-common-connected-subgraph-paper/datasets/graphsdb/mcs50/bvg/b06/mcs50_b06_s90.B05
Reading graphs...
90 :  270
90 :  270
Initializing...
maxdom : 10
D->valSize : 560
Solving...
Blb : 2 (clique : 35)
currentSize : 35 <-- 0.006362 s
currentSize : 36 <-- 0.006652 s
currentSize : 37 <-- 0.007677 s
currentSize : 38 <-- 0.007773 s
currentSize : 40 <-- 81.506622 s
currentSize : 41 <-- 81.521935 s
currentSize : 44 <-- 435.615692 s
currentSize : 45 <-- 435.615814 s
currentSize : 46 <-- 523.797974 s
currentSize : 47 <-- 523.798096 s

TIMEOUT
maxsize : 47
nodes : 186220524.000000
filtered : 1412052898.000000
time : 1000.000061
