Parameters: GAD=1 vflib=1 dir=0 label=1 lowerbound=1 fileNameGp=../../cp2016-max-common-connected-subgraph-paper/datasets/graphsdb/mcs50/bvg/b09m/mcs50_b09m_s70.A09 fileNameGt=../../cp2016-max-common-connected-subgraph-paper/datasets/graphsdb/mcs50/bvg/b09m/mcs50_b09m_s70.B09
Reading graphs...
70 :  307
70 :  305
Initializing...
maxdom : 8
D->valSize : 342
Solving...
Blb : 2 (clique : 19)
currentSize : 19 <-- 0.002755 s
currentSize : 20 <-- 0.002953 s
currentSize : 21 <-- 0.003796 s
currentSize : 22 <-- 0.014429 s
currentSize : 23 <-- 0.124532 s
currentSize : 24 <-- 0.135342 s
currentSize : 25 <-- 0.138407 s
currentSize : 26 <-- 5.527353 s
currentSize : 27 <-- 5.569001 s
currentSize : 28 <-- 5.569228 s
currentSize : 29 <-- 5.640867 s
currentSize : 30 <-- 19.851088 s
currentSize : 31 <-- 19.975227 s

maxsize : 31
nodes : 9822911.000000
filtered : 66458984.000000
time : 44.790955
