Parameters: GAD=1 vflib=1 dir=0 label=1 lowerbound=1 fileNameGp=../../cp2016-max-common-connected-subgraph-paper/datasets/graphsdb/mcs50/rand/r01/mcs50_r01_s50.A06 fileNameGt=../../cp2016-max-common-connected-subgraph-paper/datasets/graphsdb/mcs50/rand/r01/mcs50_r01_s50.B06
Reading graphs...
50 :  234
50 :  229
Initializing...
maxdom : 12
D->valSize : 336
Solving...
Blb : 2 (clique : 11)
currentSize : 11 <-- 0.003637 s
currentSize : 12 <-- 0.003796 s
currentSize : 13 <-- 0.047441 s
currentSize : 14 <-- 0.050590 s
currentSize : 15 <-- 0.053131 s
currentSize : 16 <-- 0.088702 s
currentSize : 18 <-- 0.100377 s
currentSize : 20 <-- 0.100454 s
currentSize : 21 <-- 0.100521 s
currentSize : 24 <-- 0.178604 s

maxsize : 24
nodes : 49552.000000
filtered : 911560.000000
time : 0.273512
