Parameters: GAD=1 vflib=1 dir=0 label=1 lowerbound=1 fileNameGp=../../cp2016-max-common-connected-subgraph-paper/datasets/graphsdb/mcs50/m2D/m2D/mcs50_m2D_s80.A09 fileNameGt=../../cp2016-max-common-connected-subgraph-paper/datasets/graphsdb/mcs50/m2D/m2D/mcs50_m2D_s80.B09
Reading graphs...
80 :  142
80 :  142
Initializing...
maxdom : 9
D->valSize : 444
Solving...
Blb : 2 (clique : 38)
currentSize : 38 <-- 0.004491 s
currentSize : 39 <-- 0.004746 s
currentSize : 40 <-- 0.008362 s
currentSize : 41 <-- 0.027087 s
currentSize : 42 <-- 473.078094 s
currentSize : 43 <-- 542.409180 s

TIMEOUT
maxsize : 43
nodes : 200750125.000000
filtered : 1150580174.000000
time : 1000.000061
