Parameters: GAD=1 vflib=1 dir=0 label=1 lowerbound=1 fileNameGp=../../cp2016-max-common-connected-subgraph-paper/datasets/graphsdb/mcs50/m2D/m2Dr2/mcs50_m2Dr2_s100.A01 fileNameGt=../../cp2016-max-common-connected-subgraph-paper/datasets/graphsdb/mcs50/m2D/m2Dr2/mcs50_m2Dr2_s100.B01
Reading graphs...
100 :  199
100 :  200
Initializing...
maxdom : 11
D->valSize : 360
Solving...
Blb : 2 (clique : 31)
currentSize : 31 <-- 0.005653 s
currentSize : 32 <-- 0.006229 s
currentSize : 33 <-- 0.019684 s
currentSize : 34 <-- 0.019921 s
currentSize : 35 <-- 0.129534 s
currentSize : 36 <-- 0.145659 s
currentSize : 37 <-- 0.158564 s
currentSize : 38 <-- 0.271120 s
currentSize : 39 <-- 1.878351 s
currentSize : 40 <-- 161.405243 s
currentSize : 41 <-- 243.936508 s
currentSize : 42 <-- 507.433472 s
currentSize : 43 <-- 520.432495 s
currentSize : 44 <-- 520.434692 s
currentSize : 45 <-- 940.505310 s

TIMEOUT
maxsize : 45
nodes : 192806109.000000
filtered : 858308461.000000
time : 1000.000122
