Parameters: GAD=1 vflib=1 dir=0 label=1 lowerbound=1 fileNameGp=../../cp2016-max-common-connected-subgraph-paper/datasets/graphsdb/mcs50/m2D/m2Dr2/mcs50_m2Dr2_s70.A06 fileNameGt=../../cp2016-max-common-connected-subgraph-paper/datasets/graphsdb/mcs50/m2D/m2Dr2/mcs50_m2Dr2_s70.B06
Reading graphs...
70 :  136
70 :  136
Initializing...
maxdom : 8
D->valSize : 360
Solving...
Blb : 3 (clique : 27)
currentSize : 27 <-- 0.003013 s
currentSize : 28 <-- 0.003189 s
currentSize : 29 <-- 0.004684 s
currentSize : 30 <-- 0.006241 s
currentSize : 31 <-- 0.006326 s
currentSize : 32 <-- 0.006909 s
currentSize : 33 <-- 0.292335 s
currentSize : 34 <-- 7.576990 s
currentSize : 35 <-- 89.924789 s
currentSize : 36 <-- 431.314697 s
currentSize : 37 <-- 431.460266 s
currentSize : 38 <-- 432.019989 s
currentSize : 39 <-- 432.219055 s

maxsize : 39
nodes : 118797087.000000
filtered : 1358954652.000000
time : 704.178040
