Parameters: GAD=1 vflib=1 dir=0 label=1 lowerbound=1 fileNameGp=../../cp2016-max-common-connected-subgraph-paper/datasets/graphsdb/mcs50/bvg/b03/mcs50_b03_s90.A09 fileNameGt=../../cp2016-max-common-connected-subgraph-paper/datasets/graphsdb/mcs50/bvg/b03/mcs50_b03_s90.B09
Reading graphs...
90 :  135
90 :  135
Initializing...
maxdom : 11
D->valSize : 572
Solving...
Blb : 2 (clique : 37)
currentSize : 37 <-- 0.007032 s
currentSize : 38 <-- 0.007342 s
currentSize : 39 <-- 0.095419 s
currentSize : 40 <-- 0.169443 s
currentSize : 41 <-- 0.204833 s
currentSize : 42 <-- 15.598327 s

TIMEOUT
maxsize : 42
nodes : 211277525.000000
filtered : 1392738417.000000
time : 1000.000061
