Parameters: GAD=1 vflib=1 dir=0 label=1 lowerbound=1 fileNameGp=../../cp2016-max-common-connected-subgraph-paper/datasets/graphsdb/mcs50/rand/r01/mcs50_r01_s80.A01 fileNameGt=../../cp2016-max-common-connected-subgraph-paper/datasets/graphsdb/mcs50/rand/r01/mcs50_r01_s80.B01
Reading graphs...
80 :  593
80 :  600
Initializing...
maxdom : 8
D->valSize : 465
Solving...
Blb : 2 (clique : 19)
currentSize : 19 <-- 0.004335 s
currentSize : 20 <-- 0.004473 s
currentSize : 22 <-- 0.004549 s
currentSize : 23 <-- 0.343171 s
currentSize : 27 <-- 0.371738 s
currentSize : 30 <-- 0.827547 s
currentSize : 32 <-- 1.206975 s
currentSize : 36 <-- 1.207224 s

maxsize : 36
nodes : 551551.000000
filtered : 8402886.000000
time : 3.406903
