Parameters: GAD=1 vflib=1 dir=0 label=1 lowerbound=1 fileNameGp=../../cp2016-max-common-connected-subgraph-paper/datasets/graphsdb/mcs50/bvg/b09m/mcs50_b09m_s100.A06 fileNameGt=../../cp2016-max-common-connected-subgraph-paper/datasets/graphsdb/mcs50/bvg/b09m/mcs50_b09m_s100.B06
Reading graphs...
100 :  442
100 :  439
Initializing...
maxdom : 7
D->valSize : 392
Solving...
Blb : 3 (clique : 25)
currentSize : 25 <-- 0.006398 s
currentSize : 27 <-- 0.368404 s
currentSize : 28 <-- 0.368515 s
currentSize : 29 <-- 0.376413 s
currentSize : 30 <-- 1.888324 s
currentSize : 31 <-- 2.068076 s
currentSize : 32 <-- 2.072675 s
currentSize : 33 <-- 12.510442 s
currentSize : 34 <-- 33.882915 s
currentSize : 37 <-- 33.918793 s
currentSize : 38 <-- 33.921627 s
currentSize : 39 <-- 112.399216 s
currentSize : 40 <-- 112.403748 s
currentSize : 44 <-- 243.119385 s
currentSize : 45 <-- 243.125580 s
currentSize : 46 <-- 243.474426 s
currentSize : 47 <-- 452.726349 s
currentSize : 48 <-- 453.250214 s
currentSize : 49 <-- 453.253265 s

TIMEOUT
maxsize : 49
nodes : 194941459.000000
filtered : 806575268.000000
time : 1000.000061
