Parameters: GAD=1 vflib=1 dir=0 label=1 lowerbound=1 fileNameGp=../../cp2016-max-common-connected-subgraph-paper/datasets/graphsdb/mcs50/rand/r01/mcs50_r01_s80.A02 fileNameGt=../../cp2016-max-common-connected-subgraph-paper/datasets/graphsdb/mcs50/rand/r01/mcs50_r01_s80.B02
Reading graphs...
80 :  596
80 :  601
Initializing...
maxdom : 8
D->valSize : 404
Solving...
Blb : 2 (clique : 16)
currentSize : 16 <-- 0.003494 s
currentSize : 17 <-- 0.003671 s
currentSize : 18 <-- 0.038856 s
currentSize : 21 <-- 0.336276 s
currentSize : 22 <-- 0.737787 s
currentSize : 24 <-- 0.737910 s
currentSize : 26 <-- 0.739307 s
currentSize : 28 <-- 1.463356 s
currentSize : 33 <-- 1.725416 s
currentSize : 36 <-- 1.725510 s
currentSize : 37 <-- 1.725761 s
currentSize : 38 <-- 1.728086 s

maxsize : 38
nodes : 360900.000000
filtered : 5178029.000000
time : 2.131529
