Parameters: GAD=1 vflib=1 dir=0 label=1 lowerbound=1 fileNameGp=../../cp2016-max-common-connected-subgraph-paper/datasets/graphsdb/mcs50/m3D/m3Dr6/mcs50_m3Dr6_s50.A08 fileNameGt=../../cp2016-max-common-connected-subgraph-paper/datasets/graphsdb/mcs50/m3D/m3Dr6/mcs50_m3Dr6_s50.B08
Reading graphs...
50 :  135
50 :  133
Initializing...
maxdom : 12
D->valSize : 330
Solving...
Blb : 3 (clique : 17)
currentSize : 17 <-- 0.003760 s
currentSize : 18 <-- 0.016738 s
currentSize : 19 <-- 0.018006 s
currentSize : 20 <-- 0.018103 s
currentSize : 24 <-- 0.723517 s
currentSize : 25 <-- 0.723542 s
currentSize : 26 <-- 0.728315 s

maxsize : 26
nodes : 392949.000000
filtered : 4092864.000000
time : 1.615829
