Parameters: GAD=1 vflib=1 dir=0 label=1 lowerbound=1 fileNameGp=../../cp2016-max-common-connected-subgraph-paper/datasets/graphsdb/mcs50/m2D/m2Dr6/mcs50_m2Dr6_s70.A09 fileNameGt=../../cp2016-max-common-connected-subgraph-paper/datasets/graphsdb/mcs50/m2D/m2Dr6/mcs50_m2Dr6_s70.B09
Reading graphs...
70 :  163
70 :  161
Initializing...
maxdom : 8
D->valSize : 314
Solving...
Blb : 2 (clique : 25)
currentSize : 25 <-- 0.003949 s
currentSize : 26 <-- 0.004982 s
currentSize : 27 <-- 0.009257 s
currentSize : 28 <-- 0.158355 s
currentSize : 29 <-- 0.200940 s
currentSize : 30 <-- 0.351002 s
currentSize : 31 <-- 0.351031 s
currentSize : 33 <-- 0.352770 s
currentSize : 36 <-- 6.605399 s
currentSize : 37 <-- 45.889343 s

maxsize : 37
nodes : 27509339.000000
filtered : 167931288.000000
time : 129.342865
