Parameters: GAD=1 vflib=1 dir=0 label=1 lowerbound=1 fileNameGp=../../cp2016-max-common-connected-subgraph-paper/datasets/graphsdb/mcs50/rand/r01/mcs50_r01_s70.A07 fileNameGt=../../cp2016-max-common-connected-subgraph-paper/datasets/graphsdb/mcs50/rand/r01/mcs50_r01_s70.B07
Reading graphs...
70 :  453
70 :  459
Initializing...
maxdom : 8
D->valSize : 324
Solving...
Blb : 2 (clique : 16)
currentSize : 16 <-- 0.003949 s
currentSize : 17 <-- 0.012085 s
currentSize : 18 <-- 0.039394 s
currentSize : 19 <-- 0.039564 s
currentSize : 26 <-- 0.050269 s
currentSize : 27 <-- 0.057456 s
currentSize : 31 <-- 0.185306 s
currentSize : 33 <-- 0.227130 s

maxsize : 33
nodes : 77635.000000
filtered : 1001903.000000
time : 0.444140
