Parameters: GAD=1 vflib=1 dir=0 label=1 lowerbound=1 fileNameGp=../../cp2016-max-common-connected-subgraph-paper/datasets/graphsdb/mcs50/bvg/b03/mcs50_b03_s60.A05 fileNameGt=../../cp2016-max-common-connected-subgraph-paper/datasets/graphsdb/mcs50/bvg/b03/mcs50_b03_s60.B05
Reading graphs...
60 :  89
60 :  90
Initializing...
maxdom : 8
D->valSize : 241
Solving...
Blb : 2 (clique : 20)
currentSize : 20 <-- 0.001751 s
currentSize : 27 <-- 0.001885 s
currentSize : 28 <-- 0.001956 s
currentSize : 29 <-- 1.539572 s
currentSize : 30 <-- 4.503512 s
currentSize : 31 <-- 4.564247 s
currentSize : 32 <-- 7.114979 s

maxsize : 32
nodes : 3288827.000000
filtered : 17177642.000000
time : 13.373031
