Parameters: GAD=1 vflib=1 dir=0 label=1 lowerbound=1 fileNameGp=../../cp2016-max-common-connected-subgraph-paper/datasets/graphsdb/mcs50/rand/r005/mcs50_r005_s60.A08 fileNameGt=../../cp2016-max-common-connected-subgraph-paper/datasets/graphsdb/mcs50/rand/r005/mcs50_r005_s60.B08
Reading graphs...
60 :  173
60 :  173
Initializing...
maxdom : 7
D->valSize : 260
Solving...
Blb : 2 (clique : 19)
currentSize : 19 <-- 0.002594 s
currentSize : 20 <-- 0.005246 s
currentSize : 21 <-- 0.006940 s
currentSize : 22 <-- 0.008072 s
currentSize : 23 <-- 0.008411 s
currentSize : 24 <-- 0.012952 s
currentSize : 25 <-- 0.013068 s
currentSize : 26 <-- 0.022499 s
currentSize : 27 <-- 0.022582 s
currentSize : 28 <-- 0.035444 s
currentSize : 30 <-- 0.593903 s

maxsize : 30
nodes : 586907.000000
filtered : 5030482.000000
time : 2.694574
