Parameters: GAD=1 vflib=1 dir=0 label=1 lowerbound=1 fileNameGp=../../cp2016-max-common-connected-subgraph-paper/datasets/graphsdb/mcs50/m2D/m2Dr2/mcs50_m2Dr2_s30.A02 fileNameGt=../../cp2016-max-common-connected-subgraph-paper/datasets/graphsdb/mcs50/m2D/m2Dr2/mcs50_m2Dr2_s30.B02
Reading graphs...
30 :  54
30 :  53
Initializing...
maxdom : 5
D->valSize : 121
Solving...
Blb : 2 (clique : 9)
currentSize : 9 <-- 0.000698 s
currentSize : 10 <-- 0.000750 s
currentSize : 11 <-- 0.000865 s
currentSize : 12 <-- 0.003489 s
currentSize : 13 <-- 0.004102 s
currentSize : 14 <-- 0.010208 s
currentSize : 15 <-- 0.028012 s
currentSize : 17 <-- 0.028041 s
currentSize : 18 <-- 0.030295 s

maxsize : 18
nodes : 14784.000000
filtered : 83834.000000
time : 0.040801
