Parameters: GAD=1 vflib=1 dir=0 label=1 lowerbound=1 fileNameGp=../../cp2016-max-common-connected-subgraph-paper/datasets/graphsdb/mcs50/bvg/b03/mcs50_b03_s70.A01 fileNameGt=../../cp2016-max-common-connected-subgraph-paper/datasets/graphsdb/mcs50/bvg/b03/mcs50_b03_s70.B01
Reading graphs...
70 :  105
70 :  105
Initializing...
maxdom : 9
D->valSize : 305
Solving...
Blb : 2 (clique : 24)
currentSize : 24 <-- 0.004096 s
currentSize : 25 <-- 0.014160 s
currentSize : 26 <-- 0.027352 s
currentSize : 27 <-- 0.028269 s
currentSize : 28 <-- 0.033233 s
currentSize : 29 <-- 0.033412 s
currentSize : 30 <-- 0.073159 s
currentSize : 31 <-- 0.180526 s
currentSize : 32 <-- 5.039673 s
currentSize : 33 <-- 5.039903 s
currentSize : 34 <-- 10.628879 s
currentSize : 35 <-- 72.296516 s
currentSize : 36 <-- 128.746185 s
currentSize : 37 <-- 130.490875 s

maxsize : 37
nodes : 39558040.000000
filtered : 267572458.000000
time : 198.494354
