Parameters: GAD=1 vflib=1 dir=0 label=1 lowerbound=1 fileNameGp=../../cp2016-max-common-connected-subgraph-paper/datasets/graphsdb/mcs50/m2D/m2Dr6/mcs50_m2Dr6_s90.A06 fileNameGt=../../cp2016-max-common-connected-subgraph-paper/datasets/graphsdb/mcs50/m2D/m2Dr6/mcs50_m2Dr6_s90.B06
Reading graphs...
90 :  215
90 :  214
Initializing...
maxdom : 11
D->valSize : 521
Solving...
Blb : 2 (clique : 38)
currentSize : 38 <-- 0.005947 s
currentSize : 39 <-- 0.006276 s
currentSize : 41 <-- 0.006331 s
currentSize : 42 <-- 0.006506 s
currentSize : 43 <-- 0.006997 s
currentSize : 47 <-- 0.252609 s
currentSize : 48 <-- 0.252696 s
currentSize : 49 <-- 0.428370 s
currentSize : 50 <-- 3.632301 s
currentSize : 51 <-- 3.632531 s

TIMEOUT
maxsize : 51
nodes : 193624711.000000
filtered : 980928242.000000
time : 1000.000122
