Parameters: GAD=1 vflib=1 dir=0 label=1 lowerbound=1 fileNameGp=../../cp2016-max-common-connected-subgraph-paper/datasets/graphsdb/mcs50/m3D/m3D/mcs50_m3D_s60.A00 fileNameGt=../../cp2016-max-common-connected-subgraph-paper/datasets/graphsdb/mcs50/m3D/m3D/mcs50_m3D_s60.B00
Reading graphs...
60 :  134
60 :  134
Initializing...
maxdom : 6
D->valSize : 243
Solving...
Blb : 2 (clique : 20)
currentSize : 20 <-- 0.001666 s
currentSize : 21 <-- 0.002328 s
currentSize : 23 <-- 0.004425 s
currentSize : 24 <-- 0.004761 s
currentSize : 25 <-- 0.014810 s
currentSize : 26 <-- 0.049783 s
currentSize : 27 <-- 0.356738 s
currentSize : 28 <-- 0.361587 s
currentSize : 29 <-- 0.361621 s

maxsize : 29
nodes : 5432606.000000
filtered : 28028371.000000
time : 21.606800
