Parameters: GAD=1 vflib=1 dir=0 label=1 lowerbound=1 fileNameGp=../../cp2016-max-common-connected-subgraph-paper/datasets/graphsdb/mcs50/bvg/b03/mcs50_b03_s60.A00 fileNameGt=../../cp2016-max-common-connected-subgraph-paper/datasets/graphsdb/mcs50/bvg/b03/mcs50_b03_s60.B00
Reading graphs...
60 :  90
60 :  89
Initializing...
maxdom : 8
D->valSize : 245
Solving...
Blb : 2 (clique : 25)
currentSize : 25 <-- 0.002628 s
currentSize : 26 <-- 0.011940 s
currentSize : 27 <-- 0.024788 s
currentSize : 29 <-- 0.035997 s
currentSize : 31 <-- 0.036061 s
currentSize : 32 <-- 0.036122 s
currentSize : 33 <-- 0.090339 s
currentSize : 34 <-- 0.546744 s
currentSize : 35 <-- 6.075263 s

maxsize : 35
nodes : 2011358.000000
filtered : 12931113.000000
time : 8.592835
