Parameters: GAD=1 vflib=1 dir=0 label=1 lowerbound=1 fileNameGp=../../cp2016-max-common-connected-subgraph-paper/datasets/graphsdb/mcs50/m2D/m2Dr4/mcs50_m2Dr4_s80.A07 fileNameGt=../../cp2016-max-common-connected-subgraph-paper/datasets/graphsdb/mcs50/m2D/m2Dr4/mcs50_m2Dr4_s80.B07
Reading graphs...
80 :  174
80 :  173
Initializing...
maxdom : 10
D->valSize : 434
Solving...
Blb : 2 (clique : 28)
currentSize : 28 <-- 0.004153 s
currentSize : 29 <-- 0.004386 s
currentSize : 30 <-- 0.005217 s
currentSize : 31 <-- 2.407538 s
currentSize : 32 <-- 21.675650 s
currentSize : 33 <-- 27.170231 s
currentSize : 34 <-- 202.156509 s
currentSize : 35 <-- 219.665146 s
currentSize : 36 <-- 921.121277 s
currentSize : 37 <-- 927.425598 s

TIMEOUT
maxsize : 37
nodes : 194230617.000000
filtered : 1867800833.000000
time : 1000.000061
