Parameters: GAD=1 vflib=1 dir=0 label=1 lowerbound=1 fileNameGp=../../cp2016-max-common-connected-subgraph-paper/datasets/graphsdb/mcs50/m2D/m2D/mcs50_m2D_s90.A01 fileNameGt=../../cp2016-max-common-connected-subgraph-paper/datasets/graphsdb/mcs50/m2D/m2D/mcs50_m2D_s90.B01
Reading graphs...
90 :  160
90 :  160
Initializing...
maxdom : 10
D->valSize : 542
Solving...
Blb : 2 (clique : 44)
currentSize : 44 <-- 0.006452 s
currentSize : 45 <-- 0.081307 s
currentSize : 48 <-- 79.144394 s
currentSize : 49 <-- 79.144760 s
currentSize : 50 <-- 80.659401 s
currentSize : 51 <-- 434.471680 s

TIMEOUT
maxsize : 51
nodes : 217172118.000000
filtered : 851019185.000000
time : 1000.000122
