Parameters: GAD=1 vflib=1 dir=0 label=1 lowerbound=1 fileNameGp=../../cp2016-max-common-connected-subgraph-paper/datasets/graphsdb/mcs50/bvg/b06m/mcs50_b06m_s80.A04 fileNameGt=../../cp2016-max-common-connected-subgraph-paper/datasets/graphsdb/mcs50/bvg/b06m/mcs50_b06m_s80.B04
Reading graphs...
80 :  236
80 :  236
Initializing...
maxdom : 9
D->valSize : 437
Solving...
Blb : 3 (clique : 29)
currentSize : 29 <-- 0.006624 s
currentSize : 30 <-- 60.350216 s
currentSize : 31 <-- 63.842049 s
currentSize : 33 <-- 117.579361 s
currentSize : 34 <-- 117.580597 s
currentSize : 35 <-- 242.886414 s
currentSize : 37 <-- 242.895279 s
currentSize : 38 <-- 242.898239 s
currentSize : 39 <-- 242.898331 s
currentSize : 40 <-- 242.904861 s
currentSize : 41 <-- 242.905945 s
currentSize : 42 <-- 379.864929 s
currentSize : 43 <-- 380.006683 s

maxsize : 43
nodes : 103430078.000000
filtered : 801152199.000000
time : 558.743347
