Parameters: GAD=1 vflib=1 dir=0 label=1 lowerbound=1 fileNameGp=../../cp2016-max-common-connected-subgraph-paper/datasets/graphsdb/mcs50/m3D/m3D/mcs50_m3D_s50.A03 fileNameGt=../../cp2016-max-common-connected-subgraph-paper/datasets/graphsdb/mcs50/m3D/m3D/mcs50_m3D_s50.B03
Reading graphs...
50 :  108
50 :  109
Initializing...
maxdom : 8
D->valSize : 321
Solving...
Blb : 3 (clique : 18)
currentSize : 18 <-- 0.003516 s
currentSize : 20 <-- 0.005426 s
currentSize : 21 <-- 0.005695 s
currentSize : 22 <-- 0.029108 s
currentSize : 23 <-- 0.040548 s
currentSize : 24 <-- 0.040783 s
currentSize : 25 <-- 1.333251 s
currentSize : 26 <-- 1.335037 s
currentSize : 27 <-- 4.772880 s
currentSize : 28 <-- 4.775307 s

maxsize : 28
nodes : 1523994.000000
filtered : 14710685.000000
time : 6.785076
