Parameters: GAD=1 vflib=1 dir=0 label=1 lowerbound=1 fileNameGp=../../cp2016-max-common-connected-subgraph-paper/datasets/graphsdb/mcs50/m2D/m2Dr4/mcs50_m2Dr4_s100.A07 fileNameGt=../../cp2016-max-common-connected-subgraph-paper/datasets/graphsdb/mcs50/m2D/m2Dr4/mcs50_m2Dr4_s100.B07
Reading graphs...
100 :  219
100 :  220
Initializing...
maxdom : 7
D->valSize : 328
Solving...
Blb : 5 (clique : 31)
currentSize : 31 <-- 0.003214 s
currentSize : 32 <-- 0.004069 s
currentSize : 33 <-- 0.004800 s
currentSize : 34 <-- 0.078297 s
currentSize : 35 <-- 0.080492 s
currentSize : 36 <-- 0.235666 s
currentSize : 37 <-- 0.645903 s
currentSize : 38 <-- 0.645962 s
currentSize : 39 <-- 36.268169 s
currentSize : 40 <-- 80.445435 s
currentSize : 41 <-- 80.461235 s
currentSize : 42 <-- 80.461792 s
currentSize : 43 <-- 743.627991 s
currentSize : 44 <-- 744.571594 s

TIMEOUT
maxsize : 44
nodes : 224675440.000000
filtered : 637385725.000000
time : 1000.000061
