Parameters: GAD=1 vflib=1 dir=0 label=1 lowerbound=1 fileNameGp=../../cp2016-max-common-connected-subgraph-paper/datasets/graphsdb/mcs50/bvg/b06/mcs50_b06_s60.A05 fileNameGt=../../cp2016-max-common-connected-subgraph-paper/datasets/graphsdb/mcs50/bvg/b06/mcs50_b06_s60.B05
Reading graphs...
60 :  178
60 :  180
Initializing...
maxdom : 5
D->valSize : 226
Solving...
Blb : 2 (clique : 15)
currentSize : 15 <-- 0.001467 s
currentSize : 16 <-- 0.001567 s
currentSize : 17 <-- 0.001661 s
currentSize : 18 <-- 0.001775 s
currentSize : 19 <-- 0.002642 s
currentSize : 20 <-- 0.008966 s
currentSize : 21 <-- 0.009104 s
currentSize : 22 <-- 0.353391 s
currentSize : 23 <-- 0.410486 s
currentSize : 24 <-- 0.909242 s
currentSize : 25 <-- 0.980172 s
currentSize : 27 <-- 1.179560 s
currentSize : 28 <-- 1.796407 s
currentSize : 29 <-- 1.930315 s
currentSize : 30 <-- 1.930364 s

maxsize : 30
nodes : 963247.000000
filtered : 6680312.000000
time : 4.095276
