Parameters: GAD=1 vflib=1 dir=0 label=1 lowerbound=1 fileNameGp=../../cp2016-max-common-connected-subgraph-paper/datasets/graphsdb/mcs50/m2D/m2Dr2/mcs50_m2Dr2_s50.A00 fileNameGt=../../cp2016-max-common-connected-subgraph-paper/datasets/graphsdb/mcs50/m2D/m2Dr2/mcs50_m2Dr2_s50.B00
Reading graphs...
50 :  95
50 :  94
Initializing...
maxdom : 10
D->valSize : 345
Solving...
Blb : 2 (clique : 23)
currentSize : 23 <-- 0.002594 s
currentSize : 24 <-- 0.002843 s
currentSize : 25 <-- 0.007823 s
currentSize : 26 <-- 0.020746 s
currentSize : 27 <-- 0.021239 s
currentSize : 28 <-- 0.963507 s

maxsize : 28
nodes : 11707924.000000
filtered : 112860176.000000
time : 47.657581
