Parameters: GAD=1 vflib=1 dir=0 label=1 lowerbound=1 fileNameGp=../../cp2016-max-common-connected-subgraph-paper/datasets/graphsdb/mcs50/bvg/b03/mcs50_b03_s100.A04 fileNameGt=../../cp2016-max-common-connected-subgraph-paper/datasets/graphsdb/mcs50/bvg/b03/mcs50_b03_s100.B04
Reading graphs...
100 :  150
100 :  150
Initializing...
maxdom : 6
D->valSize : 363
Solving...
Blb : 2 (clique : 46)
currentSize : 46 <-- 0.005926 s
currentSize : 47 <-- 0.006426 s
currentSize : 48 <-- 0.012915 s
currentSize : 49 <-- 0.083496 s
currentSize : 50 <-- 0.204049 s
currentSize : 51 <-- 17.431395 s
currentSize : 52 <-- 43.055786 s
currentSize : 53 <-- 43.822659 s
currentSize : 54 <-- 112.909401 s

TIMEOUT
maxsize : 54
nodes : 229762276.000000
filtered : 592732099.000000
time : 1000.000122
