Parameters: GAD=1 vflib=1 dir=0 label=1 lowerbound=1 fileNameGp=../../cp2016-max-common-connected-subgraph-paper/datasets/graphsdb/mcs50/rand/r02/mcs50_r02_s80.A03 fileNameGt=../../cp2016-max-common-connected-subgraph-paper/datasets/graphsdb/mcs50/rand/r02/mcs50_r02_s80.B03
Reading graphs...
80 :  1129
80 :  1136
Initializing...
maxdom : 9
D->valSize : 455
Solving...
Blb : 2 (clique : 11)
currentSize : 11 <-- 0.006399 s
currentSize : 14 <-- 0.006552 s
currentSize : 15 <-- 0.009407 s
currentSize : 17 <-- 0.021172 s
currentSize : 24 <-- 0.054445 s
currentSize : 27 <-- 0.056201 s
currentSize : 28 <-- 0.056480 s

maxsize : 28
nodes : 685520.000000
filtered : 1883566.000000
time : 2.808105
