Parameters: GAD=1 vflib=1 dir=0 label=1 lowerbound=1 fileNameGp=../../cp2016-max-common-connected-subgraph-paper/datasets/graphsdb/mcs50/rand/r01/mcs50_r01_s60.A03 fileNameGt=../../cp2016-max-common-connected-subgraph-paper/datasets/graphsdb/mcs50/rand/r01/mcs50_r01_s60.B03
Reading graphs...
60 :  342
60 :  333
Initializing...
maxdom : 7
D->valSize : 245
Solving...
Blb : 2 (clique : 14)
currentSize : 14 <-- 0.001651 s
currentSize : 15 <-- 0.001854 s
currentSize : 16 <-- 0.002428 s
currentSize : 17 <-- 0.002468 s
currentSize : 18 <-- 0.004076 s
currentSize : 20 <-- 0.004166 s
currentSize : 23 <-- 0.004331 s
currentSize : 24 <-- 0.016974 s
currentSize : 27 <-- 0.116833 s
currentSize : 30 <-- 0.135712 s

maxsize : 30
nodes : 33264.000000
filtered : 348364.000000
time : 0.163884
