Parameters: GAD=1 vflib=1 dir=0 label=1 lowerbound=1 fileNameGp=../../cp2016-max-common-connected-subgraph-paper/datasets/graphsdb/mcs50/bvg/b06/mcs50_b06_s90.A08 fileNameGt=../../cp2016-max-common-connected-subgraph-paper/datasets/graphsdb/mcs50/bvg/b06/mcs50_b06_s90.B08
Reading graphs...
90 :  268
90 :  269
Initializing...
maxdom : 10
D->valSize : 568
Solving...
Blb : 2 (clique : 31)
currentSize : 31 <-- 0.006723 s
currentSize : 35 <-- 0.006992 s
currentSize : 37 <-- 0.007062 s
currentSize : 40 <-- 0.014538 s
currentSize : 41 <-- 0.034095 s
currentSize : 42 <-- 0.034179 s
currentSize : 43 <-- 11.935601 s

TIMEOUT
maxsize : 43
nodes : 156302367.000000
filtered : 1519597507.000000
time : 1000.000061
