Parameters: GAD=1 vflib=1 dir=0 label=1 lowerbound=1 fileNameGp=../../cp2016-max-common-connected-subgraph-paper/datasets/graphsdb/mcs50/rand/r005/mcs50_r005_s90.A01 fileNameGt=../../cp2016-max-common-connected-subgraph-paper/datasets/graphsdb/mcs50/rand/r005/mcs50_r005_s90.B01
Reading graphs...
90 :  390
90 :  392
Initializing...
maxdom : 9
D->valSize : 539
Solving...
Blb : 2 (clique : 25)
currentSize : 25 <-- 0.005933 s
currentSize : 26 <-- 1.249620 s
currentSize : 27 <-- 23.693876 s
currentSize : 28 <-- 34.070019 s
currentSize : 29 <-- 50.935314 s
currentSize : 30 <-- 64.884026 s
currentSize : 31 <-- 65.056343 s
currentSize : 32 <-- 69.862747 s
currentSize : 33 <-- 69.887741 s
currentSize : 35 <-- 81.419304 s
currentSize : 37 <-- 138.100494 s
currentSize : 38 <-- 352.320312 s
currentSize : 41 <-- 352.328674 s
currentSize : 44 <-- 436.640808 s

maxsize : 44
nodes : 103422399.000000
filtered : 1361410561.000000
time : 680.082153
