Parameters: GAD=1 vflib=1 dir=0 label=1 lowerbound=1 fileNameGp=../../cp2016-max-common-connected-subgraph-paper/datasets/graphsdb/mcs50/m2D/m2Dr4/mcs50_m2Dr4_s50.A06 fileNameGt=../../cp2016-max-common-connected-subgraph-paper/datasets/graphsdb/mcs50/m2D/m2Dr4/mcs50_m2Dr4_s50.B06
Reading graphs...
50 :  105
50 :  102
Initializing...
maxdom : 10
D->valSize : 337
Solving...
Blb : 5 (clique : 19)
currentSize : 19 <-- 0.002413 s
currentSize : 21 <-- 0.002523 s
currentSize : 22 <-- 0.002553 s
currentSize : 25 <-- 0.002715 s
currentSize : 26 <-- 0.002762 s
currentSize : 27 <-- 0.230162 s

maxsize : 27
nodes : 1697713.000000
filtered : 30633159.000000
time : 9.332213
