Parameters: GAD=1 vflib=1 dir=0 label=1 lowerbound=1 fileNameGp=../../cp2016-max-common-connected-subgraph-paper/datasets/graphsdb/mcs50/m2D/m2D/mcs50_m2D_s60.A00 fileNameGt=../../cp2016-max-common-connected-subgraph-paper/datasets/graphsdb/mcs50/m2D/m2D/mcs50_m2D_s60.B00
Reading graphs...
60 :  104
60 :  103
Initializing...
maxdom : 8
D->valSize : 238
Solving...
Blb : 2 (clique : 23)
currentSize : 23 <-- 0.001709 s
currentSize : 24 <-- 0.071473 s
currentSize : 25 <-- 0.587062 s
currentSize : 26 <-- 13.248959 s
currentSize : 27 <-- 27.668751 s
currentSize : 28 <-- 35.660316 s
currentSize : 29 <-- 39.752449 s

maxsize : 29
nodes : 12095655.000000
filtered : 72404637.000000
time : 45.306931
