Parameters: GAD=1 vflib=1 dir=0 label=1 lowerbound=1 fileNameGp=../../cp2016-max-common-connected-subgraph-paper/datasets/graphsdb/mcs50/bvg/b06m/mcs50_b06m_s50.A00 fileNameGt=../../cp2016-max-common-connected-subgraph-paper/datasets/graphsdb/mcs50/bvg/b06m/mcs50_b06m_s50.B00
Reading graphs...
50 :  146
50 :  145
Initializing...
maxdom : 12
D->valSize : 361
Solving...
Blb : 3 (clique : 17)
currentSize : 17 <-- 0.004053 s
currentSize : 18 <-- 0.552190 s
currentSize : 19 <-- 0.552802 s
currentSize : 20 <-- 0.555138 s
currentSize : 22 <-- 2.626759 s
currentSize : 23 <-- 2.627070 s
currentSize : 24 <-- 2.633684 s

maxsize : 24
nodes : 1258027.000000
filtered : 18445488.000000
time : 5.907372
