Parameters: GAD=1 vflib=1 dir=0 label=1 lowerbound=1 fileNameGp=../../cp2016-max-common-connected-subgraph-paper/datasets/graphsdb/mcs50/rand/r01/mcs50_r01_s90.A08 fileNameGt=../../cp2016-max-common-connected-subgraph-paper/datasets/graphsdb/mcs50/rand/r01/mcs50_r01_s90.B08
Reading graphs...
90 :  759
90 :  762
Initializing...
maxdom : 11
D->valSize : 597
Solving...
Blb : 5 (clique : 13)
currentSize : 13 <-- 0.006602 s
currentSize : 18 <-- 0.006766 s
currentSize : 20 <-- 0.006822 s
currentSize : 21 <-- 0.007003 s
currentSize : 22 <-- 0.007060 s
currentSize : 24 <-- 0.052569 s
currentSize : 26 <-- 0.052740 s
currentSize : 28 <-- 0.052831 s
currentSize : 29 <-- 0.053493 s
currentSize : 31 <-- 0.716578 s
currentSize : 34 <-- 0.716828 s
currentSize : 36 <-- 1.407791 s
currentSize : 38 <-- 1.420121 s
currentSize : 43 <-- 1.420487 s

maxsize : 43
nodes : 951745.000000
filtered : 11475353.000000
time : 5.810206
