Parameters: GAD=1 vflib=1 dir=0 label=1 lowerbound=1 fileNameGp=../../cp2016-max-common-connected-subgraph-paper/datasets/graphsdb/mcs50/bvg/b09m/mcs50_b09m_s100.A05 fileNameGt=../../cp2016-max-common-connected-subgraph-paper/datasets/graphsdb/mcs50/bvg/b09m/mcs50_b09m_s100.B05
Reading graphs...
100 :  441
100 :  441
Initializing...
maxdom : 7
D->valSize : 366
Solving...
Blb : 3 (clique : 31)
currentSize : 31 <-- 0.003563 s
currentSize : 33 <-- 0.377889 s
currentSize : 35 <-- 0.437470 s
currentSize : 36 <-- 7.076965 s
currentSize : 37 <-- 7.151355 s
currentSize : 38 <-- 7.151502 s
currentSize : 39 <-- 33.107281 s
currentSize : 40 <-- 33.107395 s
currentSize : 41 <-- 49.156265 s
currentSize : 42 <-- 49.217487 s
currentSize : 43 <-- 49.327408 s
currentSize : 44 <-- 49.328728 s
currentSize : 45 <-- 135.171783 s
currentSize : 46 <-- 135.308289 s
currentSize : 47 <-- 635.473206 s
currentSize : 48 <-- 635.474854 s

maxsize : 48
nodes : 164283114.000000
filtered : 695209612.000000
time : 867.086365
