Parameters: GAD=1 vflib=1 dir=0 label=1 lowerbound=1 fileNameGp=../../cp2016-max-common-connected-subgraph-paper/datasets/graphsdb/mcs50/m2D/m2Dr4/mcs50_m2Dr4_s60.A08 fileNameGt=../../cp2016-max-common-connected-subgraph-paper/datasets/graphsdb/mcs50/m2D/m2Dr4/mcs50_m2Dr4_s60.B08
Reading graphs...
60 :  128
60 :  127
Initializing...
maxdom : 8
D->valSize : 245
Solving...
Blb : 3 (clique : 20)
currentSize : 20 <-- 0.001869 s
currentSize : 22 <-- 0.008774 s
currentSize : 23 <-- 0.009565 s
currentSize : 24 <-- 0.009635 s
currentSize : 25 <-- 0.356757 s
currentSize : 26 <-- 1.533741 s
currentSize : 27 <-- 1.647500 s
currentSize : 28 <-- 2.170133 s
currentSize : 29 <-- 2.170201 s
currentSize : 30 <-- 3.901969 s

maxsize : 30
nodes : 1736644.000000
filtered : 9787947.000000
time : 6.920403
