Parameters: GAD=1 vflib=1 dir=0 label=1 lowerbound=1 fileNameGp=../../cp2016-max-common-connected-subgraph-paper/datasets/graphsdb/mcs50/bvg/b09/mcs50_b09_s100.A06 fileNameGt=../../cp2016-max-common-connected-subgraph-paper/datasets/graphsdb/mcs50/bvg/b09/mcs50_b09_s100.B06
Reading graphs...
100 :  450
100 :  445
Initializing...
maxdom : 9
D->valSize : 349
Solving...
Blb : 3 (clique : 41)
currentSize : 41 <-- 0.005189 s
currentSize : 43 <-- 1.367262 s
currentSize : 45 <-- 1.367405 s
currentSize : 46 <-- 2.030521 s
currentSize : 48 <-- 2.033142 s
currentSize : 50 <-- 2.033318 s

maxsize : 50
nodes : 2783476.000000
filtered : 18209658.000000
time : 16.882034
