Parameters: GAD=1 vflib=1 dir=0 label=1 lowerbound=1 fileNameGp=../../cp2016-max-common-connected-subgraph-paper/datasets/graphsdb/mcs50/m2D/m2Dr2/mcs50_m2Dr2_s80.A07 fileNameGt=../../cp2016-max-common-connected-subgraph-paper/datasets/graphsdb/mcs50/m2D/m2Dr2/mcs50_m2Dr2_s80.B07
Reading graphs...
80 :  157
80 :  157
Initializing...
maxdom : 10
D->valSize : 442
Solving...
Blb : 2 (clique : 30)
currentSize : 30 <-- 0.004367 s
currentSize : 31 <-- 0.005723 s
currentSize : 32 <-- 0.005856 s
currentSize : 33 <-- 0.009964 s
currentSize : 34 <-- 7.835531 s
currentSize : 35 <-- 7.859595 s
currentSize : 36 <-- 17.500105 s
currentSize : 37 <-- 35.047016 s

TIMEOUT
maxsize : 37
nodes : 191128858.000000
filtered : 1624604519.000000
time : 1000.000061
