Parameters: GAD=1 vflib=1 dir=0 label=1 lowerbound=1 fileNameGp=../../cp2016-max-common-connected-subgraph-paper/datasets/graphsdb/mcs50/rand/r01/mcs50_r01_s90.A09 fileNameGt=../../cp2016-max-common-connected-subgraph-paper/datasets/graphsdb/mcs50/rand/r01/mcs50_r01_s90.B09
Reading graphs...
90 :  750
90 :  752
Initializing...
maxdom : 10
D->valSize : 561
Solving...
Blb : 2 (clique : 14)
currentSize : 14 <-- 0.009788 s
currentSize : 15 <-- 0.014555 s
currentSize : 18 <-- 0.028544 s
currentSize : 19 <-- 0.028633 s
currentSize : 20 <-- 0.076285 s
currentSize : 21 <-- 0.156528 s
currentSize : 22 <-- 0.997057 s
currentSize : 23 <-- 1.667887 s
currentSize : 24 <-- 2.060186 s
currentSize : 25 <-- 2.136101 s
currentSize : 26 <-- 3.022895 s
currentSize : 29 <-- 3.023488 s
currentSize : 34 <-- 6.916839 s
currentSize : 38 <-- 8.496706 s
currentSize : 39 <-- 8.497395 s

maxsize : 39
nodes : 2223392.000000
filtered : 35971826.000000
time : 14.735755
