Parameters: GAD=1 vflib=1 dir=0 label=1 lowerbound=1 fileNameGp=../../cp2016-max-common-connected-subgraph-paper/datasets/graphsdb/mcs50/bvg/b06m/mcs50_b06m_s35.A08 fileNameGt=../../cp2016-max-common-connected-subgraph-paper/datasets/graphsdb/mcs50/bvg/b06m/mcs50_b06m_s35.B08
Reading graphs...
35 :  103
35 :  101
Initializing...
maxdom : 9
D->valSize : 165
Solving...
Blb : 2 (clique : 9)
currentSize : 9 <-- 0.000976 s
currentSize : 10 <-- 0.001039 s
currentSize : 11 <-- 0.001457 s
currentSize : 12 <-- 0.001483 s
currentSize : 13 <-- 0.010754 s
currentSize : 14 <-- 0.010771 s
currentSize : 15 <-- 0.017510 s
currentSize : 16 <-- 0.023173 s
currentSize : 17 <-- 0.024657 s
currentSize : 18 <-- 0.028349 s

maxsize : 18
nodes : 15628.000000
filtered : 108435.000000
time : 0.049067
