Parameters: GAD=1 vflib=1 dir=0 label=1 lowerbound=1 fileNameGp=../../cp2016-max-common-connected-subgraph-paper/datasets/graphsdb/mcs50/rand/r01/mcs50_r01_s100.A00 fileNameGt=../../cp2016-max-common-connected-subgraph-paper/datasets/graphsdb/mcs50/rand/r01/mcs50_r01_s100.B00
Reading graphs...
100 :  938
100 :  938
Initializing...
maxdom : 7
D->valSize : 403
Solving...
Blb : 2 (clique : 13)
currentSize : 13 <-- 0.003896 s
currentSize : 14 <-- 0.005896 s
currentSize : 15 <-- 0.008329 s
currentSize : 17 <-- 0.014466 s
currentSize : 18 <-- 0.050636 s
currentSize : 20 <-- 0.118216 s
currentSize : 21 <-- 0.139034 s
currentSize : 22 <-- 0.139174 s
currentSize : 26 <-- 0.176405 s
currentSize : 28 <-- 0.419491 s
currentSize : 32 <-- 0.427743 s
currentSize : 33 <-- 0.971850 s
currentSize : 36 <-- 1.121927 s
currentSize : 37 <-- 1.121999 s
currentSize : 44 <-- 1.140406 s
currentSize : 45 <-- 1.140489 s

maxsize : 45
nodes : 401981.000000
filtered : 3862538.000000
time : 2.554435
