Parameters: GAD=1 vflib=1 dir=0 label=1 lowerbound=1 fileNameGp=../../cp2016-max-common-connected-subgraph-paper/datasets/graphsdb/mcs50/m2D/m2Dr2/mcs50_m2Dr2_s100.A09 fileNameGt=../../cp2016-max-common-connected-subgraph-paper/datasets/graphsdb/mcs50/m2D/m2Dr2/mcs50_m2Dr2_s100.B09
Reading graphs...
100 :  198
100 :  197
Initializing...
maxdom : 7
D->valSize : 340
Solving...
Blb : 2 (clique : 38)
currentSize : 38 <-- 0.003571 s
currentSize : 39 <-- 1.116930 s
currentSize : 40 <-- 1.704572 s
currentSize : 41 <-- 2.667398 s
currentSize : 42 <-- 2.667507 s
currentSize : 43 <-- 2.742774 s
currentSize : 44 <-- 4.947823 s
currentSize : 45 <-- 5.316751 s
currentSize : 46 <-- 5.316835 s
currentSize : 47 <-- 5.317109 s
currentSize : 48 <-- 5.317184 s
currentSize : 49 <-- 51.034622 s
currentSize : 50 <-- 959.534302 s
currentSize : 51 <-- 959.534424 s

TIMEOUT
maxsize : 51
nodes : 197184415.000000
filtered : 737302129.000000
time : 1000.000122
