Parameters: GAD=1 vflib=1 dir=0 label=1 lowerbound=1 fileNameGp=../../cp2016-max-common-connected-subgraph-paper/datasets/graphsdb/mcs50/bvg/b06/mcs50_b06_s100.A02 fileNameGt=../../cp2016-max-common-connected-subgraph-paper/datasets/graphsdb/mcs50/bvg/b06/mcs50_b06_s100.B02
Reading graphs...
100 :  298
100 :  300
Initializing...
maxdom : 6
D->valSize : 343
Solving...
Blb : 2 (clique : 31)
currentSize : 31 <-- 0.003407 s
currentSize : 33 <-- 0.003637 s
currentSize : 34 <-- 0.035482 s
currentSize : 35 <-- 0.137976 s
currentSize : 36 <-- 0.746827 s
currentSize : 37 <-- 0.836405 s
currentSize : 38 <-- 1.955968 s
currentSize : 39 <-- 1.957879 s
currentSize : 40 <-- 3.309105 s
currentSize : 41 <-- 41.668228 s
currentSize : 42 <-- 42.055313 s
currentSize : 44 <-- 42.137726 s
currentSize : 45 <-- 42.342815 s
currentSize : 46 <-- 77.477448 s
currentSize : 47 <-- 77.879761 s

TIMEOUT
maxsize : 47
nodes : 216579764.000000
filtered : 645398683.000000
time : 1000.000061
