Parameters: GAD=1 vflib=1 dir=0 label=1 lowerbound=1 fileNameGp=../../cp2016-max-common-connected-subgraph-paper/datasets/graphsdb/mcs50/m3D/m3D/mcs50_m3D_s60.A08 fileNameGt=../../cp2016-max-common-connected-subgraph-paper/datasets/graphsdb/mcs50/m3D/m3D/mcs50_m3D_s60.B08
Reading graphs...
60 :  132
60 :  134
Initializing...
maxdom : 8
D->valSize : 234
Solving...
Blb : 2 (clique : 19)
currentSize : 19 <-- 0.001636 s
currentSize : 20 <-- 0.001764 s
currentSize : 21 <-- 0.022092 s
currentSize : 22 <-- 0.323847 s
currentSize : 23 <-- 0.918114 s
currentSize : 24 <-- 2.264257 s
currentSize : 25 <-- 2.607363 s
currentSize : 26 <-- 4.418768 s
currentSize : 27 <-- 6.847499 s
currentSize : 28 <-- 10.673433 s
currentSize : 29 <-- 16.045849 s
currentSize : 30 <-- 17.462528 s

maxsize : 30
nodes : 4552993.000000
filtered : 32192882.000000
time : 18.702604
