Parameters: GAD=1 vflib=1 dir=0 label=1 lowerbound=1 fileNameGp=../../cp2016-max-common-connected-subgraph-paper/datasets/graphsdb/mcs50/bvg/b06m/mcs50_b06m_s70.A04 fileNameGt=../../cp2016-max-common-connected-subgraph-paper/datasets/graphsdb/mcs50/bvg/b06m/mcs50_b06m_s70.B04
Reading graphs...
70 :  205
70 :  207
Initializing...
maxdom : 6
D->valSize : 321
Solving...
Blb : 3 (clique : 24)
currentSize : 24 <-- 0.002742 s
currentSize : 25 <-- 5.578975 s
currentSize : 26 <-- 5.580158 s
currentSize : 27 <-- 5.588398 s
currentSize : 28 <-- 16.867144 s
currentSize : 29 <-- 16.868624 s
currentSize : 30 <-- 33.361629 s
currentSize : 31 <-- 41.112545 s
currentSize : 32 <-- 41.116131 s
currentSize : 33 <-- 41.127926 s
currentSize : 34 <-- 41.128780 s
currentSize : 35 <-- 73.421814 s

maxsize : 35
nodes : 24512938.000000
filtered : 156685640.000000
time : 114.395927
