Parameters: GAD=1 vflib=1 dir=0 label=1 lowerbound=1 fileNameGp=../../cp2016-max-common-connected-subgraph-paper/datasets/graphsdb/mcs50/rand/r005/mcs50_r005_s60.A03 fileNameGt=../../cp2016-max-common-connected-subgraph-paper/datasets/graphsdb/mcs50/rand/r005/mcs50_r005_s60.B03
Reading graphs...
60 :  174
60 :  171
Initializing...
maxdom : 8
D->valSize : 250
Solving...
Blb : 5 (clique : 19)
currentSize : 19 <-- 0.002785 s
currentSize : 20 <-- 0.020282 s
currentSize : 21 <-- 0.253305 s
currentSize : 22 <-- 0.497913 s
currentSize : 23 <-- 0.792921 s
currentSize : 24 <-- 0.925271 s
currentSize : 26 <-- 0.992883 s
currentSize : 28 <-- 0.993002 s
currentSize : 29 <-- 0.994281 s
currentSize : 30 <-- 1.430948 s
currentSize : 31 <-- 1.674262 s

maxsize : 31
nodes : 662526.000000
filtered : 4366944.000000
time : 2.985222
