Parameters: GAD=1 vflib=1 dir=0 label=1 lowerbound=1 fileNameGp=../../cp2016-max-common-connected-subgraph-paper/datasets/graphsdb/mcs50/rand/r005/mcs50_r005_s100.A00 fileNameGt=../../cp2016-max-common-connected-subgraph-paper/datasets/graphsdb/mcs50/rand/r005/mcs50_r005_s100.B00
Reading graphs...
100 :  486
100 :  485
Initializing...
maxdom : 6
D->valSize : 364
Solving...
Blb : 2 (clique : 31)
currentSize : 31 <-- 0.003528 s
currentSize : 35 <-- 0.004791 s
currentSize : 38 <-- 0.031340 s
currentSize : 42 <-- 0.247560 s
currentSize : 50 <-- 24.258261 s

maxsize : 50
nodes : 5279666.000000
filtered : 47009176.000000
time : 35.220703
