Parameters: GAD=1 vflib=1 dir=0 label=1 lowerbound=1 fileNameGp=../../cp2016-max-common-connected-subgraph-paper/datasets/graphsdb/mcs50/m3D/m3Dr4/mcs50_m3Dr4_s60.A00 fileNameGt=../../cp2016-max-common-connected-subgraph-paper/datasets/graphsdb/mcs50/m3D/m3Dr4/mcs50_m3Dr4_s60.B00
Reading graphs...
60 :  156
60 :  154
Initializing...
maxdom : 8
D->valSize : 237
Solving...
Blb : 2 (clique : 19)
currentSize : 19 <-- 0.001596 s
currentSize : 20 <-- 0.002719 s
currentSize : 21 <-- 0.003340 s
currentSize : 22 <-- 0.004767 s
currentSize : 23 <-- 0.005157 s
currentSize : 24 <-- 0.013314 s
currentSize : 25 <-- 0.018706 s
currentSize : 26 <-- 0.318987 s
currentSize : 27 <-- 0.326480 s
currentSize : 28 <-- 0.327694 s

maxsize : 28
nodes : 1512543.000000
filtered : 8220799.000000
time : 6.167713
