Parameters: GAD=1 vflib=1 dir=0 label=1 lowerbound=1 fileNameGp=../../cp2016-max-common-connected-subgraph-paper/datasets/graphsdb/mcs50/m2D/m2D/mcs50_m2D_s50.A01 fileNameGt=../../cp2016-max-common-connected-subgraph-paper/datasets/graphsdb/mcs50/m2D/m2D/mcs50_m2D_s50.B01
Reading graphs...
50 :  85
50 :  85
Initializing...
maxdom : 10
D->valSize : 334
Solving...
Blb : 2 (clique : 21)
currentSize : 21 <-- 0.002395 s
currentSize : 22 <-- 0.002510 s
currentSize : 23 <-- 0.002659 s
currentSize : 24 <-- 0.004747 s
currentSize : 25 <-- 6.787317 s
currentSize : 28 <-- 65.514290 s
currentSize : 29 <-- 65.514320 s

maxsize : 29
nodes : 20032840.000000
filtered : 195790532.000000
time : 81.366440
