Parameters: GAD=1 vflib=1 dir=0 label=1 lowerbound=1 fileNameGp=../../cp2016-max-common-connected-subgraph-paper/datasets/graphsdb/mcs50/bvg/b09/mcs50_b09_s70.A03 fileNameGt=../../cp2016-max-common-connected-subgraph-paper/datasets/graphsdb/mcs50/bvg/b09/mcs50_b09_s70.B03
Reading graphs...
70 :  311
70 :  308
Initializing...
maxdom : 10
D->valSize : 360
Solving...
Blb : 2 (clique : 15)
currentSize : 15 <-- 0.004688 s
currentSize : 16 <-- 0.005104 s
currentSize : 17 <-- 0.056219 s
currentSize : 18 <-- 0.291196 s
currentSize : 19 <-- 0.292288 s
currentSize : 20 <-- 0.362866 s
currentSize : 21 <-- 1.099218 s
currentSize : 22 <-- 1.138026 s
currentSize : 23 <-- 2.893339 s
currentSize : 25 <-- 3.297129 s
currentSize : 26 <-- 3.297216 s
currentSize : 28 <-- 3.297327 s
currentSize : 30 <-- 3.297441 s
currentSize : 31 <-- 3.298288 s
currentSize : 32 <-- 5.382204 s
currentSize : 33 <-- 5.386579 s
currentSize : 34 <-- 5.387414 s

maxsize : 34
nodes : 4598162.000000
filtered : 27869223.000000
time : 20.251148
