Parameters: GAD=1 vflib=1 dir=0 label=1 lowerbound=1 fileNameGp=../../cp2016-max-common-connected-subgraph-paper/datasets/graphsdb/mcs50/bvg/b06/mcs50_b06_s50.A05 fileNameGt=../../cp2016-max-common-connected-subgraph-paper/datasets/graphsdb/mcs50/bvg/b06/mcs50_b06_s50.B05
Reading graphs...
50 :  150
50 :  149
Initializing...
maxdom : 9
D->valSize : 331
Solving...
Blb : 2 (clique : 13)
currentSize : 13 <-- 0.003532 s
currentSize : 14 <-- 0.003668 s
currentSize : 16 <-- 0.007572 s
currentSize : 18 <-- 0.014471 s
currentSize : 19 <-- 0.088444 s
currentSize : 20 <-- 0.088898 s
currentSize : 21 <-- 0.090078 s
currentSize : 22 <-- 0.090801 s
currentSize : 23 <-- 0.422038 s
currentSize : 25 <-- 0.422243 s
currentSize : 26 <-- 0.422480 s

maxsize : 26
nodes : 207012.000000
filtered : 2404851.000000
time : 0.974567
