Parameters: GAD=1 vflib=1 dir=0 label=1 lowerbound=1 fileNameGp=../../cp2016-max-common-connected-subgraph-paper/datasets/graphsdb/mcs50/bvg/b06/mcs50_b06_s80.A05 fileNameGt=../../cp2016-max-common-connected-subgraph-paper/datasets/graphsdb/mcs50/bvg/b06/mcs50_b06_s80.B05
Reading graphs...
80 :  240
80 :  237
Initializing...
maxdom : 12
D->valSize : 487
Solving...
Blb : 2 (clique : 23)
currentSize : 23 <-- 0.005010 s
currentSize : 24 <-- 0.005370 s
currentSize : 25 <-- 0.017576 s
currentSize : 26 <-- 1.862945 s
currentSize : 27 <-- 15.056108 s
currentSize : 28 <-- 15.056548 s
currentSize : 29 <-- 15.063297 s
currentSize : 30 <-- 15.154082 s
currentSize : 31 <-- 15.419879 s
currentSize : 32 <-- 25.186932 s
currentSize : 33 <-- 25.187485 s
currentSize : 34 <-- 25.195856 s
currentSize : 35 <-- 59.555672 s
currentSize : 36 <-- 433.061188 s
currentSize : 37 <-- 433.180878 s
currentSize : 38 <-- 435.843750 s
currentSize : 39 <-- 435.892517 s
currentSize : 40 <-- 435.893860 s
currentSize : 41 <-- 435.898376 s
currentSize : 42 <-- 435.898926 s
currentSize : 43 <-- 435.899078 s

maxsize : 43
nodes : 104379846.000000
filtered : 1061456113.000000
time : 577.631531
