Parameters: GAD=1 vflib=1 dir=0 label=1 lowerbound=1 fileNameGp=../../cp2016-max-common-connected-subgraph-paper/datasets/graphsdb/mcs50/bvg/b09/mcs50_b09_s50.A05 fileNameGt=../../cp2016-max-common-connected-subgraph-paper/datasets/graphsdb/mcs50/bvg/b09/mcs50_b09_s50.B05
Reading graphs...
50 :  219
50 :  222
Initializing...
maxdom : 10
D->valSize : 321
Solving...
Blb : 2 (clique : 13)
currentSize : 13 <-- 0.003249 s
currentSize : 14 <-- 0.003368 s
currentSize : 15 <-- 0.004350 s
currentSize : 16 <-- 0.004397 s
currentSize : 17 <-- 0.004607 s
currentSize : 23 <-- 0.383546 s
currentSize : 24 <-- 0.383669 s
currentSize : 25 <-- 0.384028 s

maxsize : 25
nodes : 83121.000000
filtered : 1405191.000000
time : 0.464330
