Parameters: GAD=1 vflib=1 dir=0 label=1 lowerbound=1 fileNameGp=../../cp2016-max-common-connected-subgraph-paper/datasets/graphsdb/mcs50/m2D/m2Dr6/mcs50_m2Dr6_s100.A07 fileNameGt=../../cp2016-max-common-connected-subgraph-paper/datasets/graphsdb/mcs50/m2D/m2Dr6/mcs50_m2Dr6_s100.B07
Reading graphs...
100 :  237
100 :  236
Initializing...
maxdom : 7
D->valSize : 349
Solving...
Blb : 3 (clique : 33)
currentSize : 33 <-- 0.003456 s
currentSize : 34 <-- 1.484136 s
currentSize : 35 <-- 6.275348 s
currentSize : 36 <-- 21.721998 s
currentSize : 37 <-- 143.314285 s
currentSize : 38 <-- 143.320145 s
currentSize : 39 <-- 275.641541 s
currentSize : 40 <-- 275.645416 s

TIMEOUT
maxsize : 40
nodes : 192949959.000000
filtered : 958235262.000000
time : 1000.000061
