Parameters: GAD=1 vflib=1 dir=0 label=1 lowerbound=1 fileNameGp=../../cp2016-max-common-connected-subgraph-paper/datasets/graphsdb/mcs50/rand/r01/mcs50_r01_s100.A05 fileNameGt=../../cp2016-max-common-connected-subgraph-paper/datasets/graphsdb/mcs50/rand/r01/mcs50_r01_s100.B05
Reading graphs...
100 :  936
100 :  947
Initializing...
maxdom : 6
D->valSize : 366
Solving...
Blb : 2 (clique : 14)
currentSize : 14 <-- 0.003347 s
currentSize : 15 <-- 0.003582 s
currentSize : 16 <-- 0.007816 s
currentSize : 17 <-- 0.007959 s
currentSize : 21 <-- 0.016321 s
currentSize : 22 <-- 0.016401 s
currentSize : 25 <-- 0.035783 s
currentSize : 27 <-- 0.119915 s
currentSize : 35 <-- 0.120070 s
currentSize : 37 <-- 0.432589 s
currentSize : 40 <-- 0.432939 s
currentSize : 50 <-- 0.433205 s

maxsize : 50
nodes : 98035.000000
filtered : 1168468.000000
time : 0.679934
