Parameters: GAD=1 vflib=1 dir=0 label=1 lowerbound=1 fileNameGp=../../cp2016-max-common-connected-subgraph-paper/datasets/graphsdb/mcs50/m2D/m2Dr2/mcs50_m2Dr2_s70.A08 fileNameGt=../../cp2016-max-common-connected-subgraph-paper/datasets/graphsdb/mcs50/m2D/m2Dr2/mcs50_m2Dr2_s70.B08
Reading graphs...
70 :  137
70 :  137
Initializing...
maxdom : 6
D->valSize : 318
Solving...
Blb : 2 (clique : 33)
currentSize : 33 <-- 0.002559 s
currentSize : 34 <-- 95.296097 s
currentSize : 35 <-- 95.296410 s
currentSize : 36 <-- 95.297104 s
currentSize : 37 <-- 95.297386 s
currentSize : 38 <-- 95.355324 s
currentSize : 39 <-- 157.924789 s
currentSize : 40 <-- 157.926331 s

maxsize : 40
nodes : 72593006.000000
filtered : 528123716.000000
time : 350.107971
