Parameters: GAD=1 vflib=1 dir=0 label=1 lowerbound=1 fileNameGp=../../cp2016-max-common-connected-subgraph-paper/datasets/graphsdb/mcs50/bvg/b06/mcs50_b06_s90.A04 fileNameGt=../../cp2016-max-common-connected-subgraph-paper/datasets/graphsdb/mcs50/bvg/b06/mcs50_b06_s90.B04
Reading graphs...
90 :  268
90 :  268
Initializing...
maxdom : 9
D->valSize : 548
Solving...
Blb : 2 (clique : 28)
currentSize : 28 <-- 0.006293 s
currentSize : 29 <-- 0.519256 s
currentSize : 31 <-- 10.412914 s
currentSize : 32 <-- 10.414977 s
currentSize : 33 <-- 11.121688 s
currentSize : 34 <-- 12.811359 s
currentSize : 35 <-- 12.813069 s
currentSize : 36 <-- 12.864897 s
currentSize : 37 <-- 12.968244 s
currentSize : 38 <-- 13.465857 s
currentSize : 39 <-- 47.623688 s
currentSize : 40 <-- 47.630962 s

TIMEOUT
maxsize : 40
nodes : 187579425.000000
filtered : 1234690417.000000
time : 1000.000061
