Parameters: GAD=1 vflib=1 dir=0 label=1 lowerbound=1 fileNameGp=../../cp2016-max-common-connected-subgraph-paper/datasets/graphsdb/mcs50/m3D/m3Dr2/mcs50_m3Dr2_s60.A07 fileNameGt=../../cp2016-max-common-connected-subgraph-paper/datasets/graphsdb/mcs50/m3D/m3Dr2/mcs50_m3Dr2_s60.B07
Reading graphs...
60 :  143
60 :  143
Initializing...
maxdom : 7
D->valSize : 234
Solving...
Blb : 2 (clique : 19)
currentSize : 19 <-- 0.001623 s
currentSize : 22 <-- 0.002370 s
currentSize : 23 <-- 0.053061 s
currentSize : 24 <-- 0.073866 s
currentSize : 25 <-- 0.074844 s
currentSize : 27 <-- 0.092413 s
currentSize : 29 <-- 4.514055 s
currentSize : 30 <-- 4.682269 s

maxsize : 30
nodes : 2015984.000000
filtered : 13288866.000000
time : 8.310899
