Parameters: GAD=1 vflib=1 dir=0 label=1 lowerbound=1 fileNameGp=../../cp2016-max-common-connected-subgraph-paper/datasets/graphsdb/mcs50/rand/r005/mcs50_r005_s80.A08 fileNameGt=../../cp2016-max-common-connected-subgraph-paper/datasets/graphsdb/mcs50/rand/r005/mcs50_r005_s80.B08
Reading graphs...
80 :  307
80 :  307
Initializing...
maxdom : 8
D->valSize : 433
Solving...
Blb : 2 (clique : 26)
currentSize : 26 <-- 0.004014 s
currentSize : 27 <-- 0.004300 s
currentSize : 28 <-- 0.009067 s
currentSize : 29 <-- 0.015340 s
currentSize : 30 <-- 0.021714 s
currentSize : 31 <-- 0.021814 s
currentSize : 32 <-- 55.515263 s
currentSize : 34 <-- 55.515537 s
currentSize : 35 <-- 55.515598 s
currentSize : 36 <-- 61.995872 s
currentSize : 37 <-- 61.995918 s
currentSize : 38 <-- 61.996025 s

maxsize : 38
nodes : 34009188.000000
filtered : 445431690.000000
time : 205.779755
