Parameters: GAD=1 vflib=1 dir=0 label=1 lowerbound=1 fileNameGp=../../cp2016-max-common-connected-subgraph-paper/datasets/graphsdb/mcs50/m3D/m3Dr2/mcs50_m3Dr2_s50.A09 fileNameGt=../../cp2016-max-common-connected-subgraph-paper/datasets/graphsdb/mcs50/m3D/m3Dr2/mcs50_m3Dr2_s50.B09
Reading graphs...
50 :  119
50 :  116
Initializing...
maxdom : 8
D->valSize : 328
Solving...
Blb : 2 (clique : 21)
currentSize : 21 <-- 0.002276 s
currentSize : 22 <-- 1.813553 s
currentSize : 23 <-- 1.814193 s
currentSize : 25 <-- 13.343375 s
currentSize : 26 <-- 13.343415 s
currentSize : 27 <-- 13.345138 s

maxsize : 27
nodes : 3909818.000000
filtered : 42736478.000000
time : 16.752848
