Parameters: GAD=1 vflib=1 dir=0 label=1 lowerbound=1 fileNameGp=../../cp2016-max-common-connected-subgraph-paper/datasets/graphsdb/mcs50/rand/r005/mcs50_r005_s90.A09 fileNameGt=../../cp2016-max-common-connected-subgraph-paper/datasets/graphsdb/mcs50/rand/r005/mcs50_r005_s90.B09
Reading graphs...
90 :  392
90 :  390
Initializing...
maxdom : 9
D->valSize : 534
Solving...
Blb : 2 (clique : 28)
currentSize : 28 <-- 0.005840 s
currentSize : 29 <-- 0.006057 s
currentSize : 30 <-- 0.006279 s
currentSize : 32 <-- 0.006340 s
currentSize : 34 <-- 0.007423 s
currentSize : 35 <-- 0.009694 s
currentSize : 36 <-- 0.009762 s
currentSize : 38 <-- 0.009901 s
currentSize : 40 <-- 0.010046 s
currentSize : 41 <-- 0.010334 s
currentSize : 44 <-- 0.012315 s
currentSize : 45 <-- 0.012563 s

maxsize : 45
nodes : 8638113.000000
filtered : 172304098.000000
time : 65.354790
