Parameters: GAD=1 vflib=1 dir=0 label=1 lowerbound=1 fileNameGp=../../cp2016-max-common-connected-subgraph-paper/datasets/graphsdb/mcs50/m3D/m3Dr2/mcs50_m3Dr2_s60.A04 fileNameGt=../../cp2016-max-common-connected-subgraph-paper/datasets/graphsdb/mcs50/m3D/m3Dr2/mcs50_m3Dr2_s60.B04
Reading graphs...
60 :  145
60 :  143
Initializing...
maxdom : 8
D->valSize : 256
Solving...
Blb : 2 (clique : 19)
currentSize : 19 <-- 0.002717 s
currentSize : 22 <-- 0.002995 s
currentSize : 23 <-- 0.009008 s
currentSize : 24 <-- 0.363760 s
currentSize : 25 <-- 1.069614 s
currentSize : 26 <-- 9.150990 s
currentSize : 28 <-- 9.787435 s

maxsize : 28
nodes : 5627574.000000
filtered : 34268297.000000
time : 23.005116
