Parameters: GAD=1 vflib=1 dir=0 label=1 lowerbound=1 fileNameGp=../../cp2016-max-common-connected-subgraph-paper/datasets/graphsdb/mcs50/rand/r02/mcs50_r02_s80.A07 fileNameGt=../../cp2016-max-common-connected-subgraph-paper/datasets/graphsdb/mcs50/rand/r02/mcs50_r02_s80.B07
Reading graphs...
80 :  1126
80 :  1118
Initializing...
maxdom : 11
D->valSize : 397
Solving...
Blb : 2 (clique : 7)
currentSize : 7 <-- 0.005028 s
currentSize : 8 <-- 0.005119 s
currentSize : 9 <-- 0.016601 s
currentSize : 15 <-- 0.024917 s
currentSize : 17 <-- 0.067913 s
currentSize : 18 <-- 0.075012 s
currentSize : 19 <-- 0.075144 s
currentSize : 23 <-- 0.075471 s
currentSize : 31 <-- 0.075865 s
currentSize : 32 <-- 0.076028 s
currentSize : 33 <-- 0.076399 s

maxsize : 33
nodes : 19273.000000
filtered : 296264.000000
time : 0.138949
