Parameters: GAD=1 vflib=1 dir=0 label=1 lowerbound=1 fileNameGp=../../cp2016-max-common-connected-subgraph-paper/datasets/graphsdb/mcs50/m2D/m2Dr2/mcs50_m2Dr2_s90.A04 fileNameGt=../../cp2016-max-common-connected-subgraph-paper/datasets/graphsdb/mcs50/m2D/m2Dr2/mcs50_m2Dr2_s90.B04
Reading graphs...
90 :  177
90 :  176
Initializing...
maxdom : 9
D->valSize : 549
Solving...
Blb : 2 (clique : 44)
currentSize : 44 <-- 0.006327 s
currentSize : 45 <-- 0.006688 s
currentSize : 46 <-- 0.007405 s
currentSize : 47 <-- 0.014539 s
currentSize : 48 <-- 0.014735 s
currentSize : 49 <-- 0.015031 s
currentSize : 50 <-- 0.020394 s
currentSize : 51 <-- 0.020592 s

TIMEOUT
maxsize : 51
nodes : 175277661.000000
filtered : 1067772828.000000
time : 1000.000061
