Parameters: GAD=1 vflib=1 dir=0 label=1 lowerbound=1 fileNameGp=../../cp2016-max-common-connected-subgraph-paper/datasets/graphsdb/mcs50/m2D/m2Dr2/mcs50_m2Dr2_s60.A03 fileNameGt=../../cp2016-max-common-connected-subgraph-paper/datasets/graphsdb/mcs50/m2D/m2Dr2/mcs50_m2Dr2_s60.B03
Reading graphs...
60 :  116
60 :  116
Initializing...
maxdom : 9
D->valSize : 256
Solving...
Blb : 2 (clique : 24)
currentSize : 24 <-- 0.001821 s
currentSize : 27 <-- 0.001951 s
currentSize : 28 <-- 0.002126 s
currentSize : 29 <-- 0.003545 s
currentSize : 30 <-- 0.016073 s
currentSize : 31 <-- 20.795261 s

maxsize : 31
nodes : 7562665.000000
filtered : 56265328.000000
time : 33.015774
