Parameters: GAD=1 vflib=1 dir=0 label=1 lowerbound=1 fileNameGp=../../cp2016-max-common-connected-subgraph-paper/datasets/graphsdb/mcs50/m3D/m3D/mcs50_m3D_s50.A04 fileNameGt=../../cp2016-max-common-connected-subgraph-paper/datasets/graphsdb/mcs50/m3D/m3D/mcs50_m3D_s50.B04
Reading graphs...
50 :  109
50 :  109
Initializing...
maxdom : 10
D->valSize : 349
Solving...
Blb : 2 (clique : 18)
currentSize : 18 <-- 0.003914 s
currentSize : 19 <-- 0.007296 s
currentSize : 20 <-- 0.102765 s
currentSize : 21 <-- 0.533515 s
currentSize : 22 <-- 3.244551 s
currentSize : 23 <-- 4.465307 s
currentSize : 24 <-- 8.003687 s
currentSize : 25 <-- 9.481403 s
currentSize : 26 <-- 10.960375 s
currentSize : 27 <-- 12.107580 s
currentSize : 28 <-- 12.108197 s
currentSize : 29 <-- 13.595846 s

maxsize : 29
nodes : 3137356.000000
filtered : 37967577.000000
time : 14.377552
