Parameters: GAD=1 vflib=1 dir=0 label=1 lowerbound=1 fileNameGp=../../cp2016-max-common-connected-subgraph-paper/datasets/graphsdb/mcs50/m3D/m3D/mcs50_m3D_s50.A09 fileNameGt=../../cp2016-max-common-connected-subgraph-paper/datasets/graphsdb/mcs50/m3D/m3D/mcs50_m3D_s50.B09
Reading graphs...
50 :  109
50 :  108
Initializing...
maxdom : 9
D->valSize : 338
Solving...
Blb : 5 (clique : 18)
currentSize : 18 <-- 0.002343 s
currentSize : 19 <-- 0.017240 s
currentSize : 20 <-- 0.192094 s
currentSize : 21 <-- 0.192308 s
currentSize : 23 <-- 0.192954 s
currentSize : 24 <-- 0.193003 s
currentSize : 25 <-- 2.570331 s
currentSize : 26 <-- 17.165504 s
currentSize : 27 <-- 17.165743 s

maxsize : 27
nodes : 6639439.000000
filtered : 90299708.000000
time : 31.237535
