Parameters: GAD=1 vflib=1 dir=0 label=1 lowerbound=1 fileNameGp=../../cp2016-max-common-connected-subgraph-paper/datasets/graphsdb/mcs50/bvg/b09m/mcs50_b09m_s100.A03 fileNameGt=../../cp2016-max-common-connected-subgraph-paper/datasets/graphsdb/mcs50/bvg/b09m/mcs50_b09m_s100.B03
Reading graphs...
100 :  442
100 :  438
Initializing...
maxdom : 8
D->valSize : 329
Solving...
Blb : 2 (clique : 44)
currentSize : 44 <-- 0.003306 s
currentSize : 45 <-- 0.003594 s
currentSize : 46 <-- 2.467723 s
currentSize : 47 <-- 44.304531 s
currentSize : 48 <-- 44.328976 s
currentSize : 49 <-- 44.329239 s

maxsize : 49
nodes : 37765824.000000
filtered : 115090496.000000
time : 188.745010
