Parameters: GAD=1 vflib=1 dir=0 label=1 lowerbound=1 fileNameGp=../../cp2016-max-common-connected-subgraph-paper/datasets/graphsdb/mcs50/bvg/b09/mcs50_b09_s90.A06 fileNameGt=../../cp2016-max-common-connected-subgraph-paper/datasets/graphsdb/mcs50/bvg/b09/mcs50_b09_s90.B06
Reading graphs...
90 :  401
90 :  404
Initializing...
maxdom : 11
D->valSize : 555
Solving...
Blb : 2 (clique : 20)
currentSize : 20 <-- 0.006136 s
currentSize : 21 <-- 0.008042 s
currentSize : 22 <-- 0.014566 s
currentSize : 23 <-- 2.964630 s
currentSize : 24 <-- 25.501617 s
currentSize : 25 <-- 38.103474 s
currentSize : 26 <-- 38.104153 s
currentSize : 27 <-- 38.107533 s
currentSize : 28 <-- 38.115662 s
currentSize : 29 <-- 56.454346 s
currentSize : 31 <-- 150.137222 s
currentSize : 32 <-- 161.464325 s
currentSize : 33 <-- 161.465195 s
currentSize : 34 <-- 161.465378 s
currentSize : 35 <-- 189.794998 s
currentSize : 36 <-- 274.500610 s
currentSize : 39 <-- 312.328644 s
currentSize : 40 <-- 312.328918 s
currentSize : 41 <-- 312.344360 s
currentSize : 42 <-- 312.344452 s
currentSize : 43 <-- 312.646149 s
currentSize : 44 <-- 312.675751 s

TIMEOUT
maxsize : 44
nodes : 199875181.000000
filtered : 1182312453.000000
time : 1000.000061
