Parameters: GAD=1 vflib=1 dir=0 label=1 lowerbound=1 fileNameGp=../../cp2016-max-common-connected-subgraph-paper/datasets/graphsdb/mcs50/bvg/b09m/mcs50_b09m_s80.A06 fileNameGt=../../cp2016-max-common-connected-subgraph-paper/datasets/graphsdb/mcs50/bvg/b09m/mcs50_b09m_s80.B06
Reading graphs...
80 :  351
80 :  354
Initializing...
maxdom : 8
D->valSize : 434
Solving...
Blb : 2 (clique : 33)
currentSize : 33 <-- 0.006699 s
currentSize : 34 <-- 0.007048 s
currentSize : 35 <-- 0.007165 s
currentSize : 37 <-- 0.008362 s
currentSize : 38 <-- 0.012106 s
currentSize : 39 <-- 0.084381 s

maxsize : 39
nodes : 44974893.000000
filtered : 229484485.000000
time : 212.847717
