Parameters: GAD=1 vflib=1 dir=0 label=1 lowerbound=1 fileNameGp=../../cp2016-max-common-connected-subgraph-paper/datasets/graphsdb/mcs50/m2D/m2Dr4/mcs50_m2Dr4_s100.A01 fileNameGt=../../cp2016-max-common-connected-subgraph-paper/datasets/graphsdb/mcs50/m2D/m2Dr4/mcs50_m2Dr4_s100.B01
Reading graphs...
100 :  220
100 :  217
Initializing...
maxdom : 7
D->valSize : 349
Solving...
Blb : 2 (clique : 39)
currentSize : 39 <-- 0.003566 s
currentSize : 40 <-- 0.005509 s
currentSize : 41 <-- 0.025045 s
currentSize : 42 <-- 0.057048 s
currentSize : 43 <-- 0.116367 s
currentSize : 44 <-- 0.366059 s
currentSize : 45 <-- 2.177767 s

TIMEOUT
maxsize : 45
nodes : 215119202.000000
filtered : 533360095.000000
time : 1000.000122
