Parameters: GAD=1 vflib=1 dir=0 label=1 lowerbound=1 fileNameGp=../../cp2016-max-common-connected-subgraph-paper/datasets/graphsdb/mcs50/m2D/m2D/mcs50_m2D_s80.A03 fileNameGt=../../cp2016-max-common-connected-subgraph-paper/datasets/graphsdb/mcs50/m2D/m2D/mcs50_m2D_s80.B03
Reading graphs...
80 :  142
80 :  142
Initializing...
maxdom : 12
D->valSize : 444
Solving...
Blb : 2 (clique : 30)
currentSize : 30 <-- 0.004346 s
currentSize : 31 <-- 0.004581 s
currentSize : 32 <-- 0.012518 s
currentSize : 33 <-- 0.012766 s
currentSize : 36 <-- 0.086154 s
currentSize : 37 <-- 0.162628 s
currentSize : 38 <-- 0.266029 s

TIMEOUT
maxsize : 38
nodes : 187915282.000000
filtered : 1621030185.000000
time : 1000.000061
