Parameters: GAD=1 vflib=1 dir=0 label=1 lowerbound=1 fileNameGp=../../cp2016-max-common-connected-subgraph-paper/datasets/graphsdb/mcs50/rand/r005/mcs50_r005_s100.A08 fileNameGt=../../cp2016-max-common-connected-subgraph-paper/datasets/graphsdb/mcs50/rand/r005/mcs50_r005_s100.B08
Reading graphs...
100 :  481
100 :  482
Initializing...
maxdom : 7
D->valSize : 342
Solving...
Blb : 2 (clique : 23)
currentSize : 23 <-- 0.003319 s
currentSize : 24 <-- 0.027924 s
currentSize : 25 <-- 0.035882 s
currentSize : 27 <-- 0.068471 s
currentSize : 29 <-- 0.111258 s
currentSize : 30 <-- 0.207742 s
currentSize : 31 <-- 25.345556 s
currentSize : 32 <-- 25.349733 s
currentSize : 33 <-- 25.349749 s
currentSize : 34 <-- 25.350395 s
currentSize : 38 <-- 25.438557 s
currentSize : 39 <-- 67.587570 s
currentSize : 40 <-- 67.589340 s
currentSize : 44 <-- 90.217903 s
currentSize : 45 <-- 90.221863 s
currentSize : 47 <-- 91.632889 s
currentSize : 48 <-- 91.635468 s

maxsize : 48
nodes : 31241029.000000
filtered : 186005042.000000
time : 173.776093
