Parameters: GAD=1 vflib=1 dir=0 label=1 lowerbound=1 fileNameGp=../../cp2016-max-common-connected-subgraph-paper/datasets/graphsdb/mcs50/m2D/m2Dr2/mcs50_m2Dr2_s60.A07 fileNameGt=../../cp2016-max-common-connected-subgraph-paper/datasets/graphsdb/mcs50/m2D/m2Dr2/mcs50_m2Dr2_s60.B07
Reading graphs...
60 :  114
60 :  114
Initializing...
maxdom : 8
D->valSize : 293
Solving...
Blb : 2 (clique : 23)
currentSize : 23 <-- 0.002129 s
currentSize : 24 <-- 0.105389 s
currentSize : 25 <-- 0.533879 s
currentSize : 26 <-- 0.732059 s
currentSize : 27 <-- 20.705481 s
currentSize : 28 <-- 21.483507 s
currentSize : 29 <-- 235.340164 s

maxsize : 29
nodes : 76351002.000000
filtered : 582022723.000000
time : 320.863434
