Parameters: GAD=1 vflib=1 dir=0 label=1 lowerbound=1 fileNameGp=../../cp2016-max-common-connected-subgraph-paper/datasets/graphsdb/mcs50/rand/r005/mcs50_r005_s50.A08 fileNameGt=../../cp2016-max-common-connected-subgraph-paper/datasets/graphsdb/mcs50/rand/r005/mcs50_r005_s50.B08
Reading graphs...
50 :  120
50 :  118
Initializing...
maxdom : 10
D->valSize : 333
Solving...
Blb : 2 (clique : 18)
currentSize : 18 <-- 0.002334 s
currentSize : 19 <-- 0.004827 s
currentSize : 20 <-- 0.027321 s
currentSize : 21 <-- 0.033632 s
currentSize : 22 <-- 0.222972 s
currentSize : 23 <-- 2.856685 s
currentSize : 24 <-- 3.301615 s
currentSize : 25 <-- 6.245136 s
currentSize : 26 <-- 6.682190 s

maxsize : 26
nodes : 2531538.000000
filtered : 36894301.000000
time : 11.577577
