Parameters: GAD=1 vflib=1 dir=0 label=1 lowerbound=1 fileNameGp=../../cp2016-max-common-connected-subgraph-paper/datasets/graphsdb/mcs50/bvg/b03m/mcs50_b03m_s100.A04 fileNameGt=../../cp2016-max-common-connected-subgraph-paper/datasets/graphsdb/mcs50/bvg/b03m/mcs50_b03m_s100.B04
Reading graphs...
100 :  149
100 :  150
Initializing...
maxdom : 7
D->valSize : 360
Solving...
Blb : 2 (clique : 39)
currentSize : 39 <-- 0.006253 s
currentSize : 40 <-- 0.006965 s
currentSize : 42 <-- 0.007299 s
currentSize : 43 <-- 0.481326 s
currentSize : 44 <-- 2.793112 s
currentSize : 45 <-- 17.033012 s
currentSize : 46 <-- 84.633270 s
currentSize : 47 <-- 126.808006 s
currentSize : 48 <-- 127.407555 s
currentSize : 49 <-- 187.545395 s
currentSize : 50 <-- 335.907318 s
currentSize : 51 <-- 345.348541 s

TIMEOUT
maxsize : 51
nodes : 230802989.000000
filtered : 509012563.000000
time : 1000.000122
