Parameters: GAD=1 vflib=1 dir=0 label=1 lowerbound=1 fileNameGp=../../cp2016-max-common-connected-subgraph-paper/datasets/graphsdb/mcs50/rand/r01/mcs50_r01_s50.A02 fileNameGt=../../cp2016-max-common-connected-subgraph-paper/datasets/graphsdb/mcs50/rand/r01/mcs50_r01_s50.B02
Reading graphs...
50 :  235
50 :  236
Initializing...
maxdom : 10
D->valSize : 343
Solving...
Blb : 2 (clique : 10)
currentSize : 10 <-- 0.003741 s
currentSize : 11 <-- 0.003840 s
currentSize : 12 <-- 0.003898 s
currentSize : 13 <-- 0.005431 s
currentSize : 14 <-- 0.035732 s
currentSize : 15 <-- 0.041863 s
currentSize : 17 <-- 0.042539 s
currentSize : 18 <-- 0.106131 s
currentSize : 20 <-- 0.110060 s
currentSize : 25 <-- 0.118059 s

maxsize : 25
nodes : 30919.000000
filtered : 440108.000000
time : 0.159549
