Parameters: GAD=1 vflib=1 dir=0 label=1 lowerbound=1 fileNameGp=../../cp2016-max-common-connected-subgraph-paper/datasets/graphsdb/mcs50/bvg/b03m/mcs50_b03m_s80.A02 fileNameGt=../../cp2016-max-common-connected-subgraph-paper/datasets/graphsdb/mcs50/bvg/b03m/mcs50_b03m_s80.B02
Reading graphs...
80 :  119
80 :  120
Initializing...
maxdom : 9
D->valSize : 413
Solving...
Blb : 2 (clique : 32)
currentSize : 32 <-- 0.004104 s
currentSize : 35 <-- 0.004334 s
currentSize : 36 <-- 0.004650 s
currentSize : 37 <-- 0.004717 s
currentSize : 38 <-- 0.006375 s
currentSize : 39 <-- 0.726219 s
currentSize : 40 <-- 15.735186 s
currentSize : 41 <-- 18.897379 s
currentSize : 42 <-- 98.360992 s

TIMEOUT
maxsize : 42
nodes : 202223262.000000
filtered : 1577881852.000000
time : 1000.000061
