Parameters: GAD=1 vflib=1 dir=0 label=1 lowerbound=1 fileNameGp=../../cp2016-max-common-connected-subgraph-paper/datasets/graphsdb/mcs50/bvg/b06m/mcs50_b06m_s60.A06 fileNameGt=../../cp2016-max-common-connected-subgraph-paper/datasets/graphsdb/mcs50/bvg/b06m/mcs50_b06m_s60.B06
Reading graphs...
60 :  177
60 :  177
Initializing...
maxdom : 9
D->valSize : 262
Solving...
Blb : 5 (clique : 18)
currentSize : 18 <-- 0.001794 s
currentSize : 20 <-- 0.001894 s
currentSize : 21 <-- 0.046434 s
currentSize : 22 <-- 0.076725 s
currentSize : 23 <-- 0.242008 s
currentSize : 24 <-- 0.701379 s
currentSize : 25 <-- 0.705605 s
currentSize : 26 <-- 1.065022 s
currentSize : 27 <-- 1.065218 s
currentSize : 28 <-- 5.180975 s
currentSize : 29 <-- 5.181344 s

maxsize : 29
nodes : 2721993.000000
filtered : 17093935.000000
time : 11.070241
