Parameters: GAD=1 vflib=1 dir=0 label=1 lowerbound=1 fileNameGp=../../cp2016-max-common-connected-subgraph-paper/datasets/graphsdb/mcs50/m3D/m3Dr6/mcs50_m3Dr6_s60.A06 fileNameGt=../../cp2016-max-common-connected-subgraph-paper/datasets/graphsdb/mcs50/m3D/m3Dr6/mcs50_m3Dr6_s60.B06
Reading graphs...
60 :  169
60 :  168
Initializing...
maxdom : 9
D->valSize : 275
Solving...
Blb : 2 (clique : 18)
currentSize : 18 <-- 0.001905 s
currentSize : 19 <-- 0.007391 s
currentSize : 20 <-- 0.286135 s
currentSize : 21 <-- 0.570203 s
currentSize : 22 <-- 1.300713 s
currentSize : 23 <-- 4.634386 s
currentSize : 24 <-- 4.634617 s
currentSize : 25 <-- 7.531558 s
currentSize : 26 <-- 9.217802 s
currentSize : 27 <-- 9.221443 s
currentSize : 28 <-- 10.846267 s
currentSize : 29 <-- 11.394131 s
currentSize : 30 <-- 11.395396 s

maxsize : 30
nodes : 2948458.000000
filtered : 25973749.000000
time : 12.822290
