Parameters: GAD=1 vflib=1 dir=0 label=1 lowerbound=1 fileNameGp=../../cp2016-max-common-connected-subgraph-paper/datasets/graphsdb/mcs50/m2D/m2Dr4/mcs50_m2Dr4_s60.A04 fileNameGt=../../cp2016-max-common-connected-subgraph-paper/datasets/graphsdb/mcs50/m2D/m2Dr4/mcs50_m2Dr4_s60.B04
Reading graphs...
60 :  127
60 :  123
Initializing...
maxdom : 7
D->valSize : 265
Solving...
Blb : 2 (clique : 21)
currentSize : 21 <-- 0.001834 s
currentSize : 22 <-- 1.815386 s
currentSize : 23 <-- 1.815624 s
currentSize : 24 <-- 13.602684 s
currentSize : 25 <-- 19.345409 s
currentSize : 26 <-- 20.980156 s
currentSize : 27 <-- 35.932911 s

maxsize : 27
nodes : 23636530.000000
filtered : 214800210.000000
time : 107.651535
