Parameters: GAD=1 vflib=1 dir=0 label=1 lowerbound=1 fileNameGp=../../cp2016-max-common-connected-subgraph-paper/datasets/graphsdb/mcs50/m2D/m2Dr4/mcs50_m2Dr4_s60.A02 fileNameGt=../../cp2016-max-common-connected-subgraph-paper/datasets/graphsdb/mcs50/m2D/m2Dr4/mcs50_m2Dr4_s60.B02
Reading graphs...
60 :  125
60 :  124
Initializing...
maxdom : 8
D->valSize : 253
Solving...
Blb : 2 (clique : 22)
currentSize : 22 <-- 0.001803 s
currentSize : 23 <-- 0.001937 s
currentSize : 25 <-- 0.002418 s
currentSize : 26 <-- 0.002511 s
currentSize : 27 <-- 0.019660 s
currentSize : 28 <-- 0.020834 s

maxsize : 28
nodes : 6672392.000000
filtered : 44884842.000000
time : 28.652798
