Parameters: GAD=1 vflib=1 dir=0 label=1 lowerbound=1 fileNameGp=../../cp2016-max-common-connected-subgraph-paper/datasets/graphsdb/mcs50/rand/r01/mcs50_r01_s70.A01 fileNameGt=../../cp2016-max-common-connected-subgraph-paper/datasets/graphsdb/mcs50/rand/r01/mcs50_r01_s70.B01
Reading graphs...
70 :  444
70 :  451
Initializing...
maxdom : 7
D->valSize : 329
Solving...
Blb : 2 (clique : 15)
currentSize : 15 <-- 0.002612 s
currentSize : 17 <-- 0.002754 s
currentSize : 18 <-- 0.003160 s
currentSize : 20 <-- 0.003222 s
currentSize : 21 <-- 0.165216 s
currentSize : 22 <-- 0.203990 s
currentSize : 25 <-- 0.631906 s
currentSize : 28 <-- 0.737219 s
currentSize : 29 <-- 0.743845 s

maxsize : 29
nodes : 342233.000000
filtered : 4128923.000000
time : 1.843153
