Parameters: GAD=1 vflib=1 dir=0 label=1 lowerbound=1 fileNameGp=../../cp2016-max-common-connected-subgraph-paper/datasets/graphsdb/mcs50/bvg/b06/mcs50_b06_s80.A08 fileNameGt=../../cp2016-max-common-connected-subgraph-paper/datasets/graphsdb/mcs50/bvg/b06/mcs50_b06_s80.B08
Reading graphs...
80 :  240
80 :  240
Initializing...
maxdom : 10
D->valSize : 455
Solving...
Blb : 2 (clique : 30)
currentSize : 30 <-- 0.004338 s
currentSize : 31 <-- 0.356576 s
currentSize : 32 <-- 0.834135 s
currentSize : 34 <-- 116.837540 s
currentSize : 35 <-- 116.889023 s
currentSize : 36 <-- 122.383202 s
currentSize : 38 <-- 224.446991 s
currentSize : 39 <-- 245.175491 s
currentSize : 40 <-- 246.750931 s
currentSize : 41 <-- 687.365234 s
currentSize : 42 <-- 724.312988 s

TIMEOUT
maxsize : 42
nodes : 175453417.000000
filtered : 1686251870.000000
time : 1000.000061
