Parameters: GAD=1 vflib=1 dir=0 label=1 lowerbound=1 fileNameGp=../../cp2016-max-common-connected-subgraph-paper/datasets/graphsdb/mcs50/bvg/b03/mcs50_b03_s100.A01 fileNameGt=../../cp2016-max-common-connected-subgraph-paper/datasets/graphsdb/mcs50/bvg/b03/mcs50_b03_s100.B01
Reading graphs...
100 :  150
100 :  149
Initializing...
maxdom : 7
D->valSize : 354
Solving...
Blb : 2 (clique : 43)
currentSize : 43 <-- 0.003683 s
currentSize : 44 <-- 0.004769 s
currentSize : 47 <-- 0.006836 s
currentSize : 49 <-- 0.007158 s
currentSize : 50 <-- 0.018291 s
currentSize : 51 <-- 100.982300 s
currentSize : 52 <-- 733.253723 s

TIMEOUT
maxsize : 52
nodes : 211528697.000000
filtered : 707039419.000000
time : 1000.000122
