Parameters: GAD=1 vflib=1 dir=0 label=1 lowerbound=1 fileNameGp=../../cp2016-max-common-connected-subgraph-paper/datasets/graphsdb/mcs50/m3D/m3Dr2/mcs50_m3Dr2_s60.A01 fileNameGt=../../cp2016-max-common-connected-subgraph-paper/datasets/graphsdb/mcs50/m3D/m3Dr2/mcs50_m3Dr2_s60.B01
Reading graphs...
60 :  143
60 :  143
Initializing...
maxdom : 7
D->valSize : 245
Solving...
Blb : 2 (clique : 19)
currentSize : 19 <-- 0.001625 s
currentSize : 20 <-- 0.001807 s
currentSize : 21 <-- 0.008076 s
currentSize : 23 <-- 0.039356 s
currentSize : 24 <-- 0.227343 s
currentSize : 25 <-- 0.235636 s
currentSize : 26 <-- 0.465443 s
currentSize : 27 <-- 0.598819 s
currentSize : 28 <-- 0.771855 s

maxsize : 28
nodes : 3423276.000000
filtered : 24536574.000000
time : 14.851682
