Parameters: GAD=1 vflib=1 dir=0 label=1 lowerbound=1 fileNameGp=../../cp2016-max-common-connected-subgraph-paper/datasets/graphsdb/mcs50/m2D/m2Dr2/mcs50_m2Dr2_s70.A03 fileNameGt=../../cp2016-max-common-connected-subgraph-paper/datasets/graphsdb/mcs50/m2D/m2Dr2/mcs50_m2Dr2_s70.B03
Reading graphs...
70 :  135
70 :  135
Initializing...
maxdom : 8
D->valSize : 349
Solving...
Blb : 2 (clique : 32)
currentSize : 32 <-- 0.002969 s
currentSize : 34 <-- 0.004110 s
currentSize : 35 <-- 0.005787 s
currentSize : 36 <-- 0.032975 s
currentSize : 38 <-- 20.797443 s
currentSize : 39 <-- 20.798214 s
currentSize : 40 <-- 20.814531 s

maxsize : 40
nodes : 68223738.000000
filtered : 439394477.000000
time : 306.869171
