Parameters: GAD=1 vflib=1 dir=0 label=1 lowerbound=1 fileNameGp=../../cp2016-max-common-connected-subgraph-paper/datasets/graphsdb/mcs50/bvg/b09m/mcs50_b09m_s80.A03 fileNameGt=../../cp2016-max-common-connected-subgraph-paper/datasets/graphsdb/mcs50/bvg/b09m/mcs50_b09m_s80.B03
Reading graphs...
80 :  349
80 :  353
Initializing...
maxdom : 10
D->valSize : 461
Solving...
Blb : 2 (clique : 19)
currentSize : 19 <-- 0.007373 s
currentSize : 20 <-- 0.081225 s
currentSize : 21 <-- 0.753940 s
currentSize : 22 <-- 0.753976 s
currentSize : 23 <-- 2.351327 s
currentSize : 24 <-- 3.591069 s
currentSize : 26 <-- 3.608786 s
currentSize : 28 <-- 3.620023 s
currentSize : 29 <-- 11.465860 s
currentSize : 32 <-- 11.465956 s
currentSize : 33 <-- 11.466203 s
currentSize : 34 <-- 11.469340 s
currentSize : 35 <-- 42.396927 s
currentSize : 36 <-- 42.397209 s
currentSize : 37 <-- 42.399624 s
currentSize : 38 <-- 118.727974 s

maxsize : 38
nodes : 42398840.000000
filtered : 293495153.000000
time : 220.822693
