Parameters: GAD=1 vflib=1 dir=0 label=1 lowerbound=1 fileNameGp=../../cp2016-max-common-connected-subgraph-paper/datasets/graphsdb/mcs50/bvg/b03/mcs50_b03_s90.A02 fileNameGt=../../cp2016-max-common-connected-subgraph-paper/datasets/graphsdb/mcs50/bvg/b03/mcs50_b03_s90.B02
Reading graphs...
90 :  135
90 :  135
Initializing...
maxdom : 10
D->valSize : 534
Solving...
Blb : 2 (clique : 40)
currentSize : 40 <-- 0.006192 s
currentSize : 41 <-- 0.006556 s
currentSize : 42 <-- 0.015416 s
currentSize : 43 <-- 0.025016 s
currentSize : 44 <-- 343.031982 s
currentSize : 45 <-- 444.400940 s

TIMEOUT
maxsize : 45
nodes : 187819167.000000
filtered : 1324937321.000000
time : 1000.000061
