Parameters: GAD=1 vflib=1 dir=0 label=1 lowerbound=1 fileNameGp=../../cp2016-max-common-connected-subgraph-paper/datasets/graphsdb/mcs50/m2D/m2Dr2/mcs50_m2Dr2_s70.A00 fileNameGt=../../cp2016-max-common-connected-subgraph-paper/datasets/graphsdb/mcs50/m2D/m2Dr2/mcs50_m2Dr2_s70.B00
Reading graphs...
70 :  136
70 :  137
Initializing...
maxdom : 10
D->valSize : 349
Solving...
Blb : 2 (clique : 31)
currentSize : 31 <-- 0.004840 s
currentSize : 32 <-- 0.015125 s
currentSize : 33 <-- 0.024290 s
currentSize : 34 <-- 0.342674 s
currentSize : 35 <-- 0.418422 s
currentSize : 36 <-- 20.027117 s
currentSize : 37 <-- 20.028948 s
currentSize : 38 <-- 21.981020 s

maxsize : 38
nodes : 14032588.000000
filtered : 81558297.000000
time : 65.526474
