Parameters: GAD=1 vflib=1 dir=0 label=1 lowerbound=1 fileNameGp=../../cp2016-max-common-connected-subgraph-paper/datasets/graphsdb/mcs50/rand/r005/mcs50_r005_s90.A06 fileNameGt=../../cp2016-max-common-connected-subgraph-paper/datasets/graphsdb/mcs50/rand/r005/mcs50_r005_s90.B06
Reading graphs...
90 :  388
90 :  381
Initializing...
maxdom : 10
D->valSize : 564
Solving...
Blb : 2 (clique : 27)
currentSize : 27 <-- 0.006379 s
currentSize : 28 <-- 0.007210 s
currentSize : 29 <-- 0.015032 s
currentSize : 30 <-- 0.015140 s
currentSize : 31 <-- 0.015257 s
currentSize : 32 <-- 0.028919 s
currentSize : 33 <-- 0.042741 s
currentSize : 34 <-- 0.042955 s
currentSize : 37 <-- 0.047253 s
currentSize : 40 <-- 0.063678 s
currentSize : 45 <-- 0.141498 s

maxsize : 45
nodes : 8200614.000000
filtered : 139094767.000000
time : 63.701614
