Parameters: GAD=1 vflib=1 dir=0 label=1 lowerbound=1 fileNameGp=../../cp2016-max-common-connected-subgraph-paper/datasets/graphsdb/mcs50/bvg/b09/mcs50_b09_s90.A03 fileNameGt=../../cp2016-max-common-connected-subgraph-paper/datasets/graphsdb/mcs50/bvg/b09/mcs50_b09_s90.B03
Reading graphs...
90 :  397
90 :  403
Initializing...
maxdom : 9
D->valSize : 548
Solving...
Blb : 5 (clique : 20)
currentSize : 20 <-- 0.005939 s
currentSize : 30 <-- 0.006159 s
currentSize : 34 <-- 0.006867 s
currentSize : 35 <-- 0.006968 s
currentSize : 36 <-- 0.024783 s
currentSize : 37 <-- 0.025396 s
currentSize : 38 <-- 0.267745 s
currentSize : 39 <-- 0.285643 s
currentSize : 40 <-- 12.756722 s
currentSize : 41 <-- 12.757480 s
currentSize : 42 <-- 191.729462 s
currentSize : 43 <-- 237.542343 s
currentSize : 44 <-- 257.957703 s
currentSize : 45 <-- 257.957977 s

maxsize : 45
nodes : 187687987.000000
filtered : 1027273344.000000
time : 959.181335
