Parameters: GAD=1 vflib=1 dir=0 label=1 lowerbound=1 fileNameGp=../../cp2016-max-common-connected-subgraph-paper/datasets/graphsdb/mcs50/bvg/b09/mcs50_b09_s80.A06 fileNameGt=../../cp2016-max-common-connected-subgraph-paper/datasets/graphsdb/mcs50/bvg/b09/mcs50_b09_s80.B06
Reading graphs...
80 :  358
80 :  354
Initializing...
maxdom : 8
D->valSize : 447
Solving...
Blb : 2 (clique : 21)
currentSize : 21 <-- 0.004277 s
currentSize : 24 <-- 0.004669 s
currentSize : 26 <-- 0.005541 s
currentSize : 30 <-- 0.006510 s
currentSize : 31 <-- 0.007428 s
currentSize : 32 <-- 0.047617 s
currentSize : 33 <-- 9.226001 s
currentSize : 35 <-- 9.226318 s
currentSize : 37 <-- 9.228780 s
currentSize : 38 <-- 9.242519 s
currentSize : 39 <-- 24.144953 s
currentSize : 40 <-- 24.232658 s

maxsize : 40
nodes : 16565549.000000
filtered : 122435182.000000
time : 86.602432
