Parameters: GAD=1 vflib=1 dir=0 label=1 lowerbound=1 fileNameGp=../../cp2016-max-common-connected-subgraph-paper/datasets/graphsdb/mcs50/bvg/b06/mcs50_b06_s80.A02 fileNameGt=../../cp2016-max-common-connected-subgraph-paper/datasets/graphsdb/mcs50/bvg/b06/mcs50_b06_s80.B02
Reading graphs...
80 :  237
80 :  240
Initializing...
maxdom : 11
D->valSize : 470
Solving...
Blb : 2 (clique : 34)
currentSize : 34 <-- 0.004690 s
currentSize : 35 <-- 0.005001 s
currentSize : 36 <-- 0.007014 s
currentSize : 37 <-- 0.077540 s
currentSize : 38 <-- 0.345295 s
currentSize : 39 <-- 0.358496 s
currentSize : 40 <-- 0.361173 s
currentSize : 41 <-- 0.935831 s
currentSize : 42 <-- 0.954349 s

TIMEOUT
maxsize : 42
nodes : 210553441.000000
filtered : 1059078015.000000
time : 1000.000061
