Parameters: GAD=1 vflib=1 dir=0 label=1 lowerbound=1 fileNameGp=../../cp2016-max-common-connected-subgraph-paper/datasets/graphsdb/mcs50/m2D/m2D/mcs50_m2D_s100.A02 fileNameGt=../../cp2016-max-common-connected-subgraph-paper/datasets/graphsdb/mcs50/m2D/m2D/mcs50_m2D_s100.B02
Reading graphs...
100 :  179
100 :  180
Initializing...
maxdom : 6
D->valSize : 354
Solving...
Blb : 2 (clique : 37)
currentSize : 37 <-- 0.003750 s
currentSize : 38 <-- 0.004329 s
currentSize : 39 <-- 0.005051 s
currentSize : 40 <-- 0.119252 s
currentSize : 41 <-- 0.197065 s
currentSize : 42 <-- 0.311287 s
currentSize : 43 <-- 0.431112 s
currentSize : 44 <-- 1.163256 s
currentSize : 45 <-- 2.991143 s

TIMEOUT
maxsize : 45
nodes : 197195349.000000
filtered : 749302378.000000
time : 1000.000122
