Parameters: GAD=1 vflib=1 dir=0 label=1 lowerbound=1 fileNameGp=../../cp2016-max-common-connected-subgraph-paper/datasets/graphsdb/mcs50/bvg/b09/mcs50_b09_s60.A02 fileNameGt=../../cp2016-max-common-connected-subgraph-paper/datasets/graphsdb/mcs50/bvg/b09/mcs50_b09_s60.B02
Reading graphs...
60 :  266
60 :  265
Initializing...
maxdom : 7
D->valSize : 237
Solving...
Blb : 2 (clique : 14)
currentSize : 14 <-- 0.002488 s
currentSize : 15 <-- 0.002767 s
currentSize : 16 <-- 0.009061 s
currentSize : 17 <-- 0.014418 s
currentSize : 18 <-- 0.019772 s
currentSize : 20 <-- 0.024587 s
currentSize : 21 <-- 0.064257 s
currentSize : 22 <-- 0.064291 s
currentSize : 28 <-- 0.174315 s
currentSize : 30 <-- 0.176043 s

maxsize : 30
nodes : 87153.000000
filtered : 655600.000000
time : 0.385236
