Parameters: GAD=1 vflib=1 dir=0 label=1 lowerbound=1 fileNameGp=../../cp2016-max-common-connected-subgraph-paper/datasets/graphsdb/mcs50/m3D/m3Dr6/mcs50_m3Dr6_s60.A01 fileNameGt=../../cp2016-max-common-connected-subgraph-paper/datasets/graphsdb/mcs50/m3D/m3Dr6/mcs50_m3Dr6_s60.B01
Reading graphs...
60 :  163
60 :  164
Initializing...
maxdom : 7
D->valSize : 255
Solving...
Blb : 2 (clique : 18)
currentSize : 18 <-- 0.001745 s
currentSize : 19 <-- 0.003482 s
currentSize : 20 <-- 0.003533 s
currentSize : 22 <-- 0.012901 s
currentSize : 23 <-- 0.635907 s
currentSize : 24 <-- 6.224729 s
currentSize : 25 <-- 19.328794 s
currentSize : 26 <-- 39.588600 s

maxsize : 26
nodes : 17242984.000000
filtered : 111767780.000000
time : 70.861771
