Parameters: GAD=1 vflib=1 dir=0 label=1 lowerbound=1 fileNameGp=../../cp2016-max-common-connected-subgraph-paper/datasets/graphsdb/mcs50/bvg/b03/mcs50_b03_s50.A02 fileNameGt=../../cp2016-max-common-connected-subgraph-paper/datasets/graphsdb/mcs50/bvg/b03/mcs50_b03_s50.B02
Reading graphs...
50 :  75
50 :  75
Initializing...
maxdom : 7
D->valSize : 319
Solving...
Blb : 2 (clique : 21)
currentSize : 21 <-- 0.002196 s
currentSize : 22 <-- 0.002306 s
currentSize : 23 <-- 0.002382 s
currentSize : 24 <-- 0.002594 s
currentSize : 25 <-- 0.107439 s
currentSize : 26 <-- 1.383612 s
currentSize : 27 <-- 228.603516 s

TIMEOUT
maxsize : 27
nodes : 266827845.000000
filtered : 2572489321.000000
time : 1000.000000
