Parameters: GAD=1 vflib=1 dir=0 label=1 lowerbound=1 fileNameGp=../../cp2016-max-common-connected-subgraph-paper/datasets/graphsdb/mcs50/bvg/b06/mcs50_b06_s100.A01 fileNameGt=../../cp2016-max-common-connected-subgraph-paper/datasets/graphsdb/mcs50/bvg/b06/mcs50_b06_s100.B01
Reading graphs...
100 :  298
100 :  300
Initializing...
maxdom : 8
D->valSize : 402
Solving...
Blb : 2 (clique : 39)
currentSize : 39 <-- 0.004162 s
currentSize : 40 <-- 0.333816 s
currentSize : 41 <-- 0.379602 s
currentSize : 42 <-- 1.431603 s
currentSize : 43 <-- 49.383907 s
currentSize : 44 <-- 52.192863 s

TIMEOUT
maxsize : 44
nodes : 182442656.000000
filtered : 969275744.000000
time : 1000.000122
