Parameters: GAD=1 vflib=1 dir=0 label=1 lowerbound=1 fileNameGp=../../cp2016-max-common-connected-subgraph-paper/datasets/graphsdb/mcs50/m2D/m2Dr4/mcs50_m2Dr4_s60.A03 fileNameGt=../../cp2016-max-common-connected-subgraph-paper/datasets/graphsdb/mcs50/m2D/m2Dr4/mcs50_m2Dr4_s60.B03
Reading graphs...
60 :  127
60 :  126
Initializing...
maxdom : 9
D->valSize : 256
Solving...
Blb : 3 (clique : 20)
currentSize : 20 <-- 0.001796 s
currentSize : 21 <-- 0.002393 s
currentSize : 22 <-- 0.017531 s
currentSize : 23 <-- 0.290134 s
currentSize : 24 <-- 0.290320 s
currentSize : 25 <-- 0.471655 s
currentSize : 26 <-- 32.433949 s
currentSize : 27 <-- 77.421616 s

maxsize : 27
nodes : 18764882.000000
filtered : 157841145.000000
time : 80.011826
