Parameters: GAD=1 vflib=1 dir=0 label=1 lowerbound=1 fileNameGp=../../cp2016-max-common-connected-subgraph-paper/datasets/graphsdb/mcs50/rand/r01/mcs50_r01_s60.A05 fileNameGt=../../cp2016-max-common-connected-subgraph-paper/datasets/graphsdb/mcs50/rand/r01/mcs50_r01_s60.B05
Reading graphs...
60 :  342
60 :  331
Initializing...
maxdom : 7
D->valSize : 258
Solving...
Blb : 2 (clique : 13)
currentSize : 13 <-- 0.002723 s
currentSize : 15 <-- 0.019499 s
currentSize : 17 <-- 0.098511 s
currentSize : 21 <-- 0.098746 s
currentSize : 22 <-- 0.114766 s
currentSize : 26 <-- 0.114891 s
currentSize : 27 <-- 0.121567 s
currentSize : 30 <-- 0.134631 s

maxsize : 30
nodes : 30456.000000
filtered : 302579.000000
time : 0.169346
