Parameters: GAD=1 vflib=1 dir=0 label=1 lowerbound=1 fileNameGp=../../cp2016-max-common-connected-subgraph-paper/datasets/graphsdb/mcs50/bvg/b03m/mcs50_b03m_s90.A05 fileNameGt=../../cp2016-max-common-connected-subgraph-paper/datasets/graphsdb/mcs50/bvg/b03m/mcs50_b03m_s90.B05
Reading graphs...
90 :  134
90 :  135
Initializing...
maxdom : 13
D->valSize : 564
Solving...
Blb : 2 (clique : 41)
currentSize : 41 <-- 0.006670 s
currentSize : 42 <-- 0.007013 s
currentSize : 43 <-- 0.007195 s
currentSize : 44 <-- 0.008087 s
currentSize : 45 <-- 0.008366 s
currentSize : 46 <-- 0.100707 s
currentSize : 47 <-- 0.414826 s
currentSize : 48 <-- 294.959656 s

TIMEOUT
maxsize : 48
nodes : 172330388.000000
filtered : 1254753264.000000
time : 1000.000061
