Parameters: GAD=1 vflib=1 dir=0 label=1 lowerbound=1 fileNameGp=../../cp2016-max-common-connected-subgraph-paper/datasets/graphsdb/mcs50/rand/r01/mcs50_r01_s100.A06 fileNameGt=../../cp2016-max-common-connected-subgraph-paper/datasets/graphsdb/mcs50/rand/r01/mcs50_r01_s100.B06
Reading graphs...
100 :  933
100 :  943
Initializing...
maxdom : 6
D->valSize : 361
Solving...
Blb : 2 (clique : 23)
currentSize : 23 <-- 0.003363 s
currentSize : 26 <-- 0.003547 s
currentSize : 32 <-- 0.005314 s
currentSize : 36 <-- 0.008254 s
currentSize : 37 <-- 0.008381 s
currentSize : 45 <-- 0.012757 s
currentSize : 46 <-- 0.012929 s

maxsize : 46
nodes : 157699.000000
filtered : 1260690.000000
time : 0.961309
