Parameters: GAD=1 vflib=1 dir=0 label=1 lowerbound=1 fileNameGp=../../cp2016-max-common-connected-subgraph-paper/datasets/graphsdb/mcs50/m3D/m3Dr4/mcs50_m3Dr4_s50.A01 fileNameGt=../../cp2016-max-common-connected-subgraph-paper/datasets/graphsdb/mcs50/m3D/m3Dr4/mcs50_m3Dr4_s50.B01
Reading graphs...
50 :  126
50 :  126
Initializing...
maxdom : 13
D->valSize : 361
Solving...
Blb : 2 (clique : 15)
currentSize : 15 <-- 0.002587 s
currentSize : 18 <-- 0.002688 s
currentSize : 19 <-- 0.010771 s
currentSize : 20 <-- 0.630839 s
currentSize : 21 <-- 4.450391 s
currentSize : 22 <-- 6.490336 s
currentSize : 24 <-- 8.919092 s
currentSize : 25 <-- 9.236395 s
currentSize : 26 <-- 15.632583 s
currentSize : 27 <-- 17.753269 s

maxsize : 27
nodes : 4738760.000000
filtered : 59789013.000000
time : 20.514700
