Parameters: GAD=1 vflib=1 dir=0 label=1 lowerbound=1 fileNameGp=../../cp2016-max-common-connected-subgraph-paper/datasets/graphsdb/mcs50/m2D/m2Dr2/mcs50_m2Dr2_s90.A06 fileNameGt=../../cp2016-max-common-connected-subgraph-paper/datasets/graphsdb/mcs50/m2D/m2Dr2/mcs50_m2Dr2_s90.B06
Reading graphs...
90 :  178
90 :  179
Initializing...
maxdom : 10
D->valSize : 538
Solving...
Blb : 2 (clique : 40)
currentSize : 40 <-- 0.006250 s
currentSize : 41 <-- 0.779980 s
currentSize : 42 <-- 0.801966 s
currentSize : 43 <-- 1.813051 s
currentSize : 44 <-- 2.805105 s
currentSize : 45 <-- 2.829541 s

TIMEOUT
maxsize : 45
nodes : 160499120.000000
filtered : 1768671242.000000
time : 1000.000061
