Parameters: GAD=1 vflib=1 dir=0 label=1 lowerbound=1 fileNameGp=../../cp2016-max-common-connected-subgraph-paper/datasets/graphsdb/mcs50/m3D/m3D/mcs50_m3D_s50.A01 fileNameGt=../../cp2016-max-common-connected-subgraph-paper/datasets/graphsdb/mcs50/m3D/m3D/mcs50_m3D_s50.B01
Reading graphs...
50 :  109
50 :  108
Initializing...
maxdom : 9
D->valSize : 326
Solving...
Blb : 3 (clique : 20)
currentSize : 20 <-- 0.002301 s
currentSize : 21 <-- 0.035415 s
currentSize : 22 <-- 0.099759 s
currentSize : 23 <-- 28.700960 s
currentSize : 25 <-- 33.046913 s
currentSize : 26 <-- 35.323673 s
currentSize : 27 <-- 35.548569 s
currentSize : 28 <-- 35.551750 s
currentSize : 29 <-- 35.551899 s
currentSize : 30 <-- 36.860184 s

maxsize : 30
nodes : 9861508.000000
filtered : 113335768.000000
time : 38.649151
