Parameters: GAD=1 vflib=1 dir=0 label=1 lowerbound=1 fileNameGp=../../cp2016-max-common-connected-subgraph-paper/datasets/graphsdb/mcs50/bvg/b06/mcs50_b06_s90.A07 fileNameGt=../../cp2016-max-common-connected-subgraph-paper/datasets/graphsdb/mcs50/bvg/b06/mcs50_b06_s90.B07
Reading graphs...
90 :  270
90 :  269
Initializing...
maxdom : 9
D->valSize : 549
Solving...
Blb : 2 (clique : 24)
currentSize : 24 <-- 0.006185 s
currentSize : 25 <-- 0.007544 s
currentSize : 26 <-- 0.273701 s
currentSize : 27 <-- 3.608046 s
currentSize : 28 <-- 6.379366 s
currentSize : 29 <-- 96.147987 s
currentSize : 30 <-- 112.666321 s
currentSize : 31 <-- 114.499840 s
currentSize : 32 <-- 117.843681 s
currentSize : 33 <-- 450.891968 s

TIMEOUT
maxsize : 33
nodes : 177022552.000000
filtered : 1663715622.000000
time : 1000.000061
