Parameters: GAD=1 vflib=1 dir=0 label=1 lowerbound=1 fileNameGp=../../cp2016-max-common-connected-subgraph-paper/datasets/graphsdb/mcs50/bvg/b09/mcs50_b09_s90.A00 fileNameGt=../../cp2016-max-common-connected-subgraph-paper/datasets/graphsdb/mcs50/bvg/b09/mcs50_b09_s90.B00
Reading graphs...
90 :  399
90 :  404
Initializing...
maxdom : 10
D->valSize : 549
Solving...
Blb : 2 (clique : 23)
currentSize : 23 <-- 0.010152 s
currentSize : 24 <-- 0.736897 s
currentSize : 25 <-- 1.255488 s
currentSize : 26 <-- 1.999444 s
currentSize : 27 <-- 2.654471 s
currentSize : 28 <-- 2.675454 s
currentSize : 29 <-- 2.682919 s
currentSize : 30 <-- 7.049108 s
currentSize : 31 <-- 7.176899 s
currentSize : 32 <-- 25.469801 s
currentSize : 33 <-- 94.240059 s
currentSize : 34 <-- 105.513908 s
currentSize : 41 <-- 155.552521 s
currentSize : 44 <-- 363.085114 s

TIMEOUT
maxsize : 44
nodes : 172357357.000000
filtered : 1355952933.000000
time : 1000.000061
