Parameters: GAD=1 vflib=1 dir=0 label=1 lowerbound=1 fileNameGp=../../cp2016-max-common-connected-subgraph-paper/datasets/graphsdb/mcs50/m2D/m2Dr2/mcs50_m2Dr2_s50.A01 fileNameGt=../../cp2016-max-common-connected-subgraph-paper/datasets/graphsdb/mcs50/m2D/m2Dr2/mcs50_m2Dr2_s50.B01
Reading graphs...
50 :  95
50 :  95
Initializing...
maxdom : 10
D->valSize : 355
Solving...
Blb : 2 (clique : 22)
currentSize : 22 <-- 0.004289 s
currentSize : 23 <-- 0.004482 s
currentSize : 24 <-- 0.005787 s
currentSize : 25 <-- 0.010546 s
currentSize : 26 <-- 0.015867 s
currentSize : 27 <-- 50.392246 s

maxsize : 27
nodes : 18718780.000000
filtered : 300022949.000000
time : 88.122520
