Parameters: GAD=1 vflib=1 dir=0 label=1 lowerbound=1 fileNameGp=../../cp2016-max-common-connected-subgraph-paper/datasets/graphsdb/mcs50/bvg/b06/mcs50_b06_s50.A03 fileNameGt=../../cp2016-max-common-connected-subgraph-paper/datasets/graphsdb/mcs50/bvg/b06/mcs50_b06_s50.B03
Reading graphs...
50 :  148
50 :  150
Initializing...
maxdom : 9
D->valSize : 332
Solving...
Blb : 2 (clique : 15)
currentSize : 15 <-- 0.002333 s
currentSize : 16 <-- 0.002497 s
currentSize : 17 <-- 0.004638 s
currentSize : 18 <-- 0.050071 s
currentSize : 19 <-- 0.055952 s
currentSize : 20 <-- 1.807813 s
currentSize : 21 <-- 1.834980 s
currentSize : 25 <-- 2.694391 s
currentSize : 26 <-- 2.696146 s

maxsize : 26
nodes : 1057997.000000
filtered : 13463082.000000
time : 4.658810
