Parameters: GAD=1 vflib=1 dir=0 label=1 lowerbound=1 fileNameGp=../../cp2016-max-common-connected-subgraph-paper/datasets/graphsdb/mcs50/bvg/b03/mcs50_b03_s70.A08 fileNameGt=../../cp2016-max-common-connected-subgraph-paper/datasets/graphsdb/mcs50/bvg/b03/mcs50_b03_s70.B08
Reading graphs...
70 :  105
70 :  105
Initializing...
maxdom : 8
D->valSize : 315
Solving...
Blb : 2 (clique : 29)
currentSize : 29 <-- 0.002584 s
currentSize : 30 <-- 0.003066 s
currentSize : 31 <-- 0.023367 s
currentSize : 32 <-- 0.023612 s
currentSize : 33 <-- 0.086155 s
currentSize : 35 <-- 257.395355 s
currentSize : 36 <-- 257.397583 s
currentSize : 37 <-- 336.253174 s

maxsize : 37
nodes : 112058837.000000
filtered : 984458536.000000
time : 603.229309
