Parameters: GAD=1 vflib=1 dir=0 label=1 lowerbound=1 fileNameGp=../../cp2016-max-common-connected-subgraph-paper/datasets/graphsdb/mcs50/m2D/m2Dr4/mcs50_m2Dr4_s50.A01 fileNameGt=../../cp2016-max-common-connected-subgraph-paper/datasets/graphsdb/mcs50/m2D/m2Dr4/mcs50_m2Dr4_s50.B01
Reading graphs...
50 :  103
50 :  103
Initializing...
maxdom : 7
D->valSize : 323
Solving...
Blb : 2 (clique : 21)
currentSize : 21 <-- 0.002344 s
currentSize : 22 <-- 7.278804 s
currentSize : 23 <-- 26.308584 s
currentSize : 24 <-- 54.004940 s
currentSize : 25 <-- 54.005001 s
currentSize : 26 <-- 91.444374 s

maxsize : 26
nodes : 22439227.000000
filtered : 288210171.000000
time : 101.559418
