Parameters: GAD=1 vflib=1 dir=0 label=1 lowerbound=1 fileNameGp=../../cp2016-max-common-connected-subgraph-paper/datasets/graphsdb/mcs50/m2D/m2Dr4/mcs50_m2Dr4_s70.A08 fileNameGt=../../cp2016-max-common-connected-subgraph-paper/datasets/graphsdb/mcs50/m2D/m2Dr4/mcs50_m2Dr4_s70.B08
Reading graphs...
70 :  150
70 :  149
Initializing...
maxdom : 8
D->valSize : 345
Solving...
Blb : 2 (clique : 29)
currentSize : 29 <-- 0.002907 s
currentSize : 32 <-- 0.003083 s
currentSize : 34 <-- 0.007686 s
currentSize : 35 <-- 0.101730 s
currentSize : 36 <-- 96.280632 s
currentSize : 37 <-- 125.092995 s
currentSize : 38 <-- 232.865814 s

maxsize : 38
nodes : 66510321.000000
filtered : 459782014.000000
time : 312.244812
