Parameters: GAD=1 vflib=1 dir=0 label=1 lowerbound=1 fileNameGp=../../cp2016-max-common-connected-subgraph-paper/datasets/graphsdb/mcs50/bvg/b09/mcs50_b09_s60.A09 fileNameGt=../../cp2016-max-common-connected-subgraph-paper/datasets/graphsdb/mcs50/bvg/b09/mcs50_b09_s60.B09
Reading graphs...
60 :  268
60 :  264
Initializing...
maxdom : 8
D->valSize : 246
Solving...
Blb : 2 (clique : 12)
currentSize : 12 <-- 0.001603 s
currentSize : 14 <-- 0.001738 s
currentSize : 15 <-- 0.001792 s
currentSize : 18 <-- 0.001937 s
currentSize : 19 <-- 0.011272 s
currentSize : 20 <-- 0.042116 s
currentSize : 21 <-- 0.043106 s
currentSize : 22 <-- 0.073670 s
currentSize : 25 <-- 0.386744 s
currentSize : 28 <-- 0.391253 s
currentSize : 31 <-- 0.391741 s

maxsize : 31
nodes : 211998.000000
filtered : 1047920.000000
time : 0.781795
