Parameters: GAD=1 vflib=1 dir=0 label=1 lowerbound=1 fileNameGp=../../cp2016-max-common-connected-subgraph-paper/datasets/graphsdb/mcs50/bvg/b06m/mcs50_b06m_s90.A00 fileNameGt=../../cp2016-max-common-connected-subgraph-paper/datasets/graphsdb/mcs50/bvg/b06m/mcs50_b06m_s90.B00
Reading graphs...
90 :  264
90 :  267
Initializing...
maxdom : 10
D->valSize : 556
Solving...
Blb : 3 (clique : 29)
currentSize : 29 <-- 0.006406 s
currentSize : 30 <-- 0.035054 s
currentSize : 31 <-- 8.681386 s
currentSize : 32 <-- 33.353237 s
currentSize : 33 <-- 52.940063 s
currentSize : 34 <-- 75.081154 s

TIMEOUT
maxsize : 34
nodes : 169026918.000000
filtered : 1814847848.000000
time : 1000.000061
