Parameters: GAD=1 vflib=1 dir=0 label=1 lowerbound=1 fileNameGp=../../cp2016-max-common-connected-subgraph-paper/datasets/graphsdb/mcs50/m2D/m2D/mcs50_m2D_s70.A09 fileNameGt=../../cp2016-max-common-connected-subgraph-paper/datasets/graphsdb/mcs50/m2D/m2D/mcs50_m2D_s70.B09
Reading graphs...
70 :  122
70 :  123
Initializing...
maxdom : 9
D->valSize : 312
Solving...
Blb : 2 (clique : 33)
currentSize : 33 <-- 0.002607 s
currentSize : 34 <-- 0.002814 s
currentSize : 36 <-- 0.003210 s
currentSize : 37 <-- 0.003319 s
currentSize : 38 <-- 0.012981 s
currentSize : 39 <-- 0.028003 s
currentSize : 40 <-- 0.163550 s

maxsize : 40
nodes : 20998393.000000
filtered : 122317849.000000
time : 97.814362
