Parameters: GAD=1 vflib=1 dir=0 label=1 lowerbound=1 fileNameGp=../../cp2016-max-common-connected-subgraph-paper/datasets/graphsdb/mcs50/bvg/b03/mcs50_b03_s80.A04 fileNameGt=../../cp2016-max-common-connected-subgraph-paper/datasets/graphsdb/mcs50/bvg/b03/mcs50_b03_s80.B04
Reading graphs...
80 :  119
80 :  120
Initializing...
maxdom : 9
D->valSize : 485
Solving...
Blb : 2 (clique : 37)
currentSize : 37 <-- 0.005122 s
currentSize : 39 <-- 0.010647 s
currentSize : 40 <-- 0.012053 s
currentSize : 41 <-- 0.049008 s
currentSize : 42 <-- 4.943226 s
currentSize : 43 <-- 5.005499 s

TIMEOUT
maxsize : 43
nodes : 203326613.000000
filtered : 1382424951.000000
time : 1000.000061
