Parameters: GAD=1 vflib=1 dir=0 label=1 lowerbound=1 fileNameGp=../../cp2016-max-common-connected-subgraph-paper/datasets/graphsdb/mcs50/m3D/m3Dr4/mcs50_m3Dr4_s60.A01 fileNameGt=../../cp2016-max-common-connected-subgraph-paper/datasets/graphsdb/mcs50/m3D/m3Dr4/mcs50_m3Dr4_s60.B01
Reading graphs...
60 :  158
60 :  156
Initializing...
maxdom : 7
D->valSize : 229
Solving...
Blb : 2 (clique : 20)
currentSize : 20 <-- 0.002507 s
currentSize : 21 <-- 0.002708 s
currentSize : 22 <-- 0.003059 s
currentSize : 23 <-- 0.059917 s
currentSize : 24 <-- 0.060692 s
currentSize : 25 <-- 0.653709 s
currentSize : 26 <-- 3.254270 s
currentSize : 27 <-- 8.043282 s

maxsize : 27
nodes : 3810311.000000
filtered : 27642039.000000
time : 16.641859
