Parameters: GAD=1 vflib=1 dir=0 label=1 lowerbound=1 fileNameGp=../../cp2016-max-common-connected-subgraph-paper/datasets/graphsdb/mcs50/m2D/m2D/mcs50_m2D_s50.A06 fileNameGt=../../cp2016-max-common-connected-subgraph-paper/datasets/graphsdb/mcs50/m2D/m2D/mcs50_m2D_s50.B06
Reading graphs...
50 :  85
50 :  85
Initializing...
maxdom : 13
D->valSize : 328
Solving...
Blb : 2 (clique : 17)
currentSize : 17 <-- 0.002543 s
currentSize : 18 <-- 0.003417 s
currentSize : 19 <-- 0.033739 s
currentSize : 20 <-- 2.407479 s
currentSize : 21 <-- 4.581778 s
currentSize : 22 <-- 7.380303 s
currentSize : 23 <-- 17.827990 s
currentSize : 24 <-- 17.828032 s
currentSize : 25 <-- 17.828102 s
currentSize : 26 <-- 153.425629 s
currentSize : 27 <-- 159.151474 s

maxsize : 27
nodes : 51298316.000000
filtered : 420642973.000000
time : 169.822693
