Parameters: GAD=1 vflib=1 dir=0 label=1 lowerbound=1 fileNameGp=../../cp2016-max-common-connected-subgraph-paper/datasets/graphsdb/mcs50/rand/r01/mcs50_r01_s90.A03 fileNameGt=../../cp2016-max-common-connected-subgraph-paper/datasets/graphsdb/mcs50/rand/r01/mcs50_r01_s90.B03
Reading graphs...
90 :  754
90 :  757
Initializing...
maxdom : 9
D->valSize : 510
Solving...
Blb : 2 (clique : 16)
currentSize : 16 <-- 0.008483 s
currentSize : 17 <-- 0.008733 s
currentSize : 19 <-- 0.008992 s
currentSize : 21 <-- 0.009449 s
currentSize : 23 <-- 0.012202 s
currentSize : 28 <-- 0.012573 s
currentSize : 29 <-- 0.025640 s
currentSize : 32 <-- 2.336212 s
currentSize : 33 <-- 2.336604 s
currentSize : 36 <-- 2.918924 s
currentSize : 42 <-- 3.502076 s
currentSize : 43 <-- 3.512581 s

maxsize : 43
nodes : 679141.000000
filtered : 12524265.000000
time : 4.728626
