Parameters: GAD=1 vflib=1 dir=0 label=1 lowerbound=1 fileNameGp=../../cp2016-max-common-connected-subgraph-paper/datasets/graphsdb/mcs50/m2D/m2D/mcs50_m2D_s80.A01 fileNameGt=../../cp2016-max-common-connected-subgraph-paper/datasets/graphsdb/mcs50/m2D/m2D/mcs50_m2D_s80.B01
Reading graphs...
80 :  141
80 :  142
Initializing...
maxdom : 9
D->valSize : 440
Solving...
Blb : 2 (clique : 33)
currentSize : 33 <-- 0.006881 s
currentSize : 35 <-- 0.007259 s
currentSize : 36 <-- 0.013751 s
currentSize : 37 <-- 0.084280 s
currentSize : 38 <-- 0.084383 s
currentSize : 39 <-- 1.920479 s

TIMEOUT
maxsize : 39
nodes : 202571885.000000
filtered : 1458398458.000000
time : 1000.000061
