Parameters: GAD=1 vflib=1 dir=0 label=1 lowerbound=1 fileNameGp=../../cp2016-max-common-connected-subgraph-paper/datasets/graphsdb/mcs50/bvg/b09/mcs50_b09_s100.A07 fileNameGt=../../cp2016-max-common-connected-subgraph-paper/datasets/graphsdb/mcs50/bvg/b09/mcs50_b09_s100.B07
Reading graphs...
100 :  447
100 :  448
Initializing...
maxdom : 7
D->valSize : 343
Solving...
Blb : 3 (clique : 32)
currentSize : 32 <-- 0.005397 s
currentSize : 33 <-- 0.484515 s
currentSize : 35 <-- 1.042580 s
currentSize : 36 <-- 1.043271 s
currentSize : 38 <-- 1.056722 s
currentSize : 39 <-- 1.058371 s
currentSize : 40 <-- 34.560074 s
currentSize : 41 <-- 42.533745 s
currentSize : 42 <-- 42.629745 s
currentSize : 43 <-- 42.629890 s
currentSize : 44 <-- 42.631882 s
currentSize : 45 <-- 42.632008 s
currentSize : 47 <-- 56.079792 s
currentSize : 48 <-- 56.080112 s
currentSize : 49 <-- 56.172516 s
currentSize : 50 <-- 141.579865 s

maxsize : 50
nodes : 131172184.000000
filtered : 441838645.000000
time : 624.167725
