Parameters: GAD=1 vflib=1 dir=0 label=1 lowerbound=1 fileNameGp=../../cp2016-max-common-connected-subgraph-paper/datasets/graphsdb/mcs50/bvg/b06/mcs50_b06_s100.A00 fileNameGt=../../cp2016-max-common-connected-subgraph-paper/datasets/graphsdb/mcs50/bvg/b06/mcs50_b06_s100.B00
Reading graphs...
100 :  300
100 :  299
Initializing...
maxdom : 6
D->valSize : 346
Solving...
Blb : 2 (clique : 29)
currentSize : 29 <-- 0.005377 s
currentSize : 30 <-- 0.035518 s
currentSize : 31 <-- 1.419783 s
currentSize : 32 <-- 19.973820 s
currentSize : 33 <-- 20.181452 s
currentSize : 34 <-- 105.461899 s
currentSize : 35 <-- 236.823929 s
currentSize : 36 <-- 464.631897 s

TIMEOUT
maxsize : 36
nodes : 194198558.000000
filtered : 1055812652.000000
time : 1000.000061
