Parameters: GAD=1 vflib=1 dir=0 label=1 lowerbound=1 fileNameGp=../../cp2016-max-common-connected-subgraph-paper/datasets/graphsdb/mcs50/bvg/b06/mcs50_b06_s70.A06 fileNameGt=../../cp2016-max-common-connected-subgraph-paper/datasets/graphsdb/mcs50/bvg/b06/mcs50_b06_s70.B06
Reading graphs...
70 :  210
70 :  210
Initializing...
maxdom : 8
D->valSize : 357
Solving...
Blb : 2 (clique : 31)
currentSize : 31 <-- 0.002924 s
currentSize : 33 <-- 0.003116 s
currentSize : 34 <-- 0.003275 s
currentSize : 35 <-- 34.169121 s
currentSize : 36 <-- 34.169281 s
currentSize : 37 <-- 34.268002 s

maxsize : 37
nodes : 19106563.000000
filtered : 141015967.000000
time : 92.840317
