Parameters: GAD=1 vflib=1 dir=0 label=1 lowerbound=1 fileNameGp=../../cp2016-max-common-connected-subgraph-paper/datasets/graphsdb/mcs50/bvg/b09/mcs50_b09_s100.A01 fileNameGt=../../cp2016-max-common-connected-subgraph-paper/datasets/graphsdb/mcs50/bvg/b09/mcs50_b09_s100.B01
Reading graphs...
100 :  449
100 :  446
Initializing...
maxdom : 7
D->valSize : 359
Solving...
Blb : 2 (clique : 30)
currentSize : 30 <-- 0.003792 s
currentSize : 32 <-- 0.004019 s
currentSize : 33 <-- 0.004077 s
currentSize : 41 <-- 0.005784 s
currentSize : 43 <-- 0.005867 s
currentSize : 44 <-- 12.678967 s
currentSize : 46 <-- 12.679086 s
currentSize : 47 <-- 12.687434 s

TIMEOUT
maxsize : 47
nodes : 197098093.000000
filtered : 689781239.000000
time : 1000.000122
