Parameters: GAD=1 vflib=1 dir=0 label=1 lowerbound=1 fileNameGp=../../cp2016-max-common-connected-subgraph-paper/datasets/graphsdb/mcs50/m2D/m2Dr2/mcs50_m2Dr2_s100.A07 fileNameGt=../../cp2016-max-common-connected-subgraph-paper/datasets/graphsdb/mcs50/m2D/m2Dr2/mcs50_m2Dr2_s100.B07
Reading graphs...
100 :  198
100 :  197
Initializing...
maxdom : 7
D->valSize : 363
Solving...
Blb : 2 (clique : 34)
currentSize : 34 <-- 0.003715 s
currentSize : 35 <-- 0.003994 s
currentSize : 36 <-- 0.004111 s
currentSize : 37 <-- 0.004216 s
currentSize : 38 <-- 0.005191 s
currentSize : 39 <-- 0.006458 s
currentSize : 40 <-- 0.036776 s
currentSize : 41 <-- 0.489514 s
currentSize : 42 <-- 0.489624 s
currentSize : 43 <-- 1.072209 s
currentSize : 44 <-- 1.225650 s

TIMEOUT
maxsize : 44
nodes : 206530309.000000
filtered : 564688026.000000
time : 1000.000122
