Parameters: GAD=1 vflib=1 dir=0 label=1 lowerbound=1 fileNameGp=../../cp2016-max-common-connected-subgraph-paper/datasets/graphsdb/mcs50/m3D/m3D/mcs50_m3D_s60.A02 fileNameGt=../../cp2016-max-common-connected-subgraph-paper/datasets/graphsdb/mcs50/m3D/m3D/mcs50_m3D_s60.B02
Reading graphs...
60 :  133
60 :  134
Initializing...
maxdom : 7
D->valSize : 237
Solving...
Blb : 2 (clique : 22)
currentSize : 22 <-- 0.001628 s
currentSize : 23 <-- 0.003108 s
currentSize : 24 <-- 0.009651 s
currentSize : 25 <-- 0.010094 s
currentSize : 26 <-- 0.011054 s
currentSize : 27 <-- 0.217137 s
currentSize : 28 <-- 0.234463 s
currentSize : 29 <-- 0.351706 s

maxsize : 29
nodes : 2247629.000000
filtered : 13114844.000000
time : 9.063194
