Parameters: GAD=1 vflib=1 dir=0 label=1 lowerbound=1 fileNameGp=../../cp2016-max-common-connected-subgraph-paper/datasets/graphsdb/mcs50/m2D/m2D/mcs50_m2D_s80.A00 fileNameGt=../../cp2016-max-common-connected-subgraph-paper/datasets/graphsdb/mcs50/m2D/m2D/mcs50_m2D_s80.B00
Reading graphs...
80 :  142
80 :  141
Initializing...
maxdom : 9
D->valSize : 432
Solving...
Blb : 5 (clique : 30)
currentSize : 30 <-- 0.004143 s
currentSize : 33 <-- 0.004353 s
currentSize : 34 <-- 0.017117 s
currentSize : 35 <-- 3.983113 s
currentSize : 36 <-- 3.985777 s
currentSize : 37 <-- 203.823074 s

TIMEOUT
maxsize : 37
nodes : 189372532.000000
filtered : 1558256966.000000
time : 1000.000061
