Parameters: GAD=1 vflib=1 dir=0 label=1 lowerbound=1 fileNameGp=../../cp2016-max-common-connected-subgraph-paper/datasets/graphsdb/mcs50/m2D/m2D/mcs50_m2D_s50.A03 fileNameGt=../../cp2016-max-common-connected-subgraph-paper/datasets/graphsdb/mcs50/m2D/m2D/mcs50_m2D_s50.B03
Reading graphs...
50 :  84
50 :  85
Initializing...
maxdom : 9
D->valSize : 331
Solving...
Blb : 2 (clique : 19)
currentSize : 19 <-- 0.002300 s
currentSize : 21 <-- 0.002408 s
currentSize : 22 <-- 0.005909 s
currentSize : 25 <-- 38.915047 s
currentSize : 26 <-- 38.915218 s
currentSize : 27 <-- 38.916569 s
currentSize : 28 <-- 67.121323 s

maxsize : 28
nodes : 18124233.000000
filtered : 191912198.000000
time : 78.032509
