Parameters: GAD=1 vflib=1 dir=0 label=1 lowerbound=1 fileNameGp=../../cp2016-max-common-connected-subgraph-paper/datasets/graphsdb/mcs50/m2D/m2Dr4/mcs50_m2Dr4_s60.A01 fileNameGt=../../cp2016-max-common-connected-subgraph-paper/datasets/graphsdb/mcs50/m2D/m2Dr4/mcs50_m2Dr4_s60.B01
Reading graphs...
60 :  126
60 :  124
Initializing...
maxdom : 7
D->valSize : 227
Solving...
Blb : 2 (clique : 20)
currentSize : 20 <-- 0.001638 s
currentSize : 21 <-- 0.008050 s
currentSize : 23 <-- 0.047627 s
currentSize : 24 <-- 0.816716 s
currentSize : 25 <-- 36.904232 s
currentSize : 26 <-- 37.286324 s
currentSize : 27 <-- 186.739838 s

maxsize : 27
nodes : 57205421.000000
filtered : 426166639.000000
time : 234.284958
