Parameters: GAD=1 vflib=1 dir=0 label=1 lowerbound=1 fileNameGp=../../cp2016-max-common-connected-subgraph-paper/datasets/graphsdb/mcs50/m3D/m3Dr6/mcs50_m3Dr6_s50.A05 fileNameGt=../../cp2016-max-common-connected-subgraph-paper/datasets/graphsdb/mcs50/m3D/m3Dr6/mcs50_m3Dr6_s50.B05
Reading graphs...
50 :  137
50 :  134
Initializing...
maxdom : 11
D->valSize : 331
Solving...
Blb : 2 (clique : 18)
currentSize : 18 <-- 0.003760 s
currentSize : 19 <-- 0.008316 s
currentSize : 20 <-- 0.060781 s
currentSize : 21 <-- 0.098072 s
currentSize : 22 <-- 0.098286 s
currentSize : 23 <-- 0.416159 s
currentSize : 24 <-- 0.422706 s
currentSize : 25 <-- 0.422775 s
currentSize : 26 <-- 0.430363 s
currentSize : 27 <-- 0.430527 s

maxsize : 27
nodes : 310960.000000
filtered : 2665706.000000
time : 1.314209
