Parameters: GAD=1 vflib=1 dir=0 label=1 lowerbound=1 fileNameGp=../../cp2016-max-common-connected-subgraph-paper/datasets/graphsdb/mcs50/bvg/b09/mcs50_b09_s60.A04 fileNameGt=../../cp2016-max-common-connected-subgraph-paper/datasets/graphsdb/mcs50/bvg/b09/mcs50_b09_s60.B04
Reading graphs...
60 :  268
60 :  269
Initializing...
maxdom : 8
D->valSize : 250
Solving...
Blb : 2 (clique : 17)
currentSize : 17 <-- 0.001719 s
currentSize : 18 <-- 0.006871 s
currentSize : 19 <-- 0.010661 s
currentSize : 20 <-- 1.190896 s
currentSize : 21 <-- 1.222432 s
currentSize : 26 <-- 1.706395 s
currentSize : 28 <-- 1.706824 s
currentSize : 30 <-- 1.733017 s

maxsize : 30
nodes : 555445.000000
filtered : 3433057.000000
time : 2.226291
