Parameters: GAD=1 vflib=1 dir=0 label=1 lowerbound=1 fileNameGp=../../cp2016-max-common-connected-subgraph-paper/datasets/graphsdb/mcs50/bvg/b09/mcs50_b09_s90.A07 fileNameGt=../../cp2016-max-common-connected-subgraph-paper/datasets/graphsdb/mcs50/bvg/b09/mcs50_b09_s90.B07
Reading graphs...
90 :  400
90 :  400
Initializing...
maxdom : 10
D->valSize : 534
Solving...
Blb : 3 (clique : 30)
currentSize : 30 <-- 0.009603 s
currentSize : 31 <-- 2.658891 s
currentSize : 32 <-- 3.465839 s
currentSize : 38 <-- 171.216248 s
currentSize : 39 <-- 171.216385 s
currentSize : 40 <-- 171.226303 s
currentSize : 42 <-- 471.942230 s
currentSize : 43 <-- 471.942383 s
currentSize : 44 <-- 471.942535 s

TIMEOUT
maxsize : 44
nodes : 178818267.000000
filtered : 1362044392.000000
time : 1000.000061
