Parameters: GAD=1 vflib=1 dir=0 label=1 lowerbound=1 fileNameGp=../../cp2016-max-common-connected-subgraph-paper/datasets/graphsdb/mcs50/m3D/m3D/mcs50_m3D_s60.A04 fileNameGt=../../cp2016-max-common-connected-subgraph-paper/datasets/graphsdb/mcs50/m3D/m3D/mcs50_m3D_s60.B04
Reading graphs...
60 :  132
60 :  134
Initializing...
maxdom : 6
D->valSize : 249
Solving...
Blb : 2 (clique : 20)
currentSize : 20 <-- 0.001685 s
currentSize : 24 <-- 0.001804 s
currentSize : 25 <-- 0.002081 s
currentSize : 26 <-- 0.003213 s
currentSize : 27 <-- 1.300251 s
currentSize : 28 <-- 1.302245 s
currentSize : 29 <-- 1.302293 s

maxsize : 29
nodes : 22789751.000000
filtered : 170694191.000000
time : 99.962921
