Parameters: GAD=1 vflib=1 dir=0 label=1 lowerbound=1 fileNameGp=../../cp2016-max-common-connected-subgraph-paper/datasets/graphsdb/mcs50/bvg/b09m/mcs50_b09m_s90.A08 fileNameGt=../../cp2016-max-common-connected-subgraph-paper/datasets/graphsdb/mcs50/bvg/b09m/mcs50_b09m_s90.B08
Reading graphs...
90 :  400
90 :  399
Initializing...
maxdom : 8
D->valSize : 503
Solving...
Blb : 3 (clique : 29)
currentSize : 29 <-- 0.008419 s
currentSize : 31 <-- 532.677551 s
currentSize : 32 <-- 532.681885 s
currentSize : 38 <-- 849.467285 s
currentSize : 39 <-- 849.467407 s
currentSize : 40 <-- 849.467529 s
currentSize : 42 <-- 849.467590 s

TIMEOUT
maxsize : 42
nodes : 173359396.000000
filtered : 1804600454.000000
time : 1000.000061
