Parameters: GAD=1 vflib=1 dir=0 label=1 lowerbound=1 fileNameGp=../../cp2016-max-common-connected-subgraph-paper/datasets/graphsdb/mcs50/m2D/m2Dr4/mcs50_m2Dr4_s70.A01 fileNameGt=../../cp2016-max-common-connected-subgraph-paper/datasets/graphsdb/mcs50/m2D/m2Dr4/mcs50_m2Dr4_s70.B01
Reading graphs...
70 :  146
70 :  146
Initializing...
maxdom : 7
D->valSize : 350
Solving...
Blb : 3 (clique : 26)
currentSize : 26 <-- 0.004801 s
currentSize : 27 <-- 0.289388 s
currentSize : 28 <-- 0.292175 s
currentSize : 29 <-- 5.518646 s
currentSize : 30 <-- 25.025110 s
currentSize : 31 <-- 25.040239 s
currentSize : 32 <-- 25.041513 s
currentSize : 33 <-- 44.220055 s
currentSize : 34 <-- 79.364983 s
currentSize : 35 <-- 79.365120 s
currentSize : 36 <-- 81.413567 s
currentSize : 37 <-- 185.686462 s

maxsize : 37
nodes : 111711021.000000
filtered : 781758710.000000
time : 560.787842
