Parameters: GAD=1 vflib=1 dir=0 label=1 lowerbound=1 fileNameGp=../../cp2016-max-common-connected-subgraph-paper/datasets/graphsdb/mcs50/bvg/b06/mcs50_b06_s80.A09 fileNameGt=../../cp2016-max-common-connected-subgraph-paper/datasets/graphsdb/mcs50/bvg/b06/mcs50_b06_s80.B09
Reading graphs...
80 :  238
80 :  237
Initializing...
maxdom : 7
D->valSize : 417
Solving...
Blb : 2 (clique : 31)
currentSize : 31 <-- 0.003846 s
currentSize : 32 <-- 0.004059 s
currentSize : 33 <-- 0.004172 s
currentSize : 34 <-- 0.004249 s
currentSize : 35 <-- 0.004365 s
currentSize : 36 <-- 0.008433 s
currentSize : 38 <-- 0.008937 s
currentSize : 39 <-- 0.012206 s
currentSize : 40 <-- 0.019765 s
currentSize : 41 <-- 52.949512 s

TIMEOUT
maxsize : 41
nodes : 205608918.000000
filtered : 1081065860.000000
time : 1000.000061
