Parameters: GAD=1 vflib=1 dir=0 label=1 lowerbound=1 fileNameGp=../../cp2016-max-common-connected-subgraph-paper/datasets/graphsdb/mcs50/rand/r02/mcs50_r02_s90.A01 fileNameGt=../../cp2016-max-common-connected-subgraph-paper/datasets/graphsdb/mcs50/rand/r02/mcs50_r02_s90.B01
Reading graphs...
90 :  1411
90 :  1425
Initializing...
maxdom : 10
D->valSize : 535
Solving...
Blb : 2 (clique : 7)
currentSize : 7 <-- 0.008362 s
currentSize : 8 <-- 0.008514 s
currentSize : 9 <-- 0.009136 s
currentSize : 10 <-- 0.009944 s
currentSize : 11 <-- 0.010119 s
currentSize : 13 <-- 0.011933 s
currentSize : 15 <-- 0.012980 s
currentSize : 19 <-- 0.033086 s
currentSize : 20 <-- 0.107216 s
currentSize : 30 <-- 0.161087 s
currentSize : 31 <-- 0.166170 s

maxsize : 31
nodes : 443758.000000
filtered : 1686659.000000
time : 2.189382
