Parameters: GAD=1 vflib=1 dir=0 label=1 lowerbound=1 fileNameGp=../../cp2016-max-common-connected-subgraph-paper/datasets/graphsdb/mcs50/rand/r005/mcs50_r005_s50.A02 fileNameGt=../../cp2016-max-common-connected-subgraph-paper/datasets/graphsdb/mcs50/rand/r005/mcs50_r005_s50.B02
Reading graphs...
50 :  117
50 :  118
Initializing...
maxdom : 11
D->valSize : 347
Solving...
Blb : 2 (clique : 15)
currentSize : 15 <-- 0.002521 s
currentSize : 16 <-- 0.002709 s
currentSize : 17 <-- 0.002777 s
currentSize : 18 <-- 0.003702 s
currentSize : 19 <-- 0.005051 s
currentSize : 20 <-- 0.006011 s
currentSize : 21 <-- 0.009480 s
currentSize : 22 <-- 0.564351 s
currentSize : 23 <-- 0.888597 s
currentSize : 24 <-- 3.483431 s
currentSize : 25 <-- 19.912516 s

maxsize : 25
nodes : 7225902.000000
filtered : 106346788.000000
time : 33.909691
