Parameters: GAD=1 vflib=1 dir=0 label=1 lowerbound=1 fileNameGp=../../cp2016-max-common-connected-subgraph-paper/datasets/graphsdb/mcs50/m2D/m2Dr2/mcs50_m2Dr2_s60.A06 fileNameGt=../../cp2016-max-common-connected-subgraph-paper/datasets/graphsdb/mcs50/m2D/m2Dr2/mcs50_m2Dr2_s60.B06
Reading graphs...
60 :  115
60 :  113
Initializing...
maxdom : 9
D->valSize : 248
Solving...
Blb : 2 (clique : 22)
currentSize : 22 <-- 0.001760 s
currentSize : 23 <-- 0.002218 s
currentSize : 24 <-- 0.270591 s
currentSize : 25 <-- 0.718387 s
currentSize : 26 <-- 7.862523 s
currentSize : 27 <-- 25.026918 s
currentSize : 28 <-- 74.510048 s
currentSize : 29 <-- 89.639946 s

maxsize : 29
nodes : 55105679.000000
filtered : 421676034.000000
time : 241.347763
