Parameters: GAD=1 vflib=1 dir=0 label=1 lowerbound=1 fileNameGp=../../cp2016-max-common-connected-subgraph-paper/datasets/graphsdb/mcs50/m2D/m2Dr4/mcs50_m2Dr4_s50.A00 fileNameGt=../../cp2016-max-common-connected-subgraph-paper/datasets/graphsdb/mcs50/m2D/m2Dr4/mcs50_m2Dr4_s50.B00
Reading graphs...
50 :  103
50 :  104
Initializing...
maxdom : 8
D->valSize : 310
Solving...
Blb : 3 (clique : 20)
currentSize : 20 <-- 0.002170 s
currentSize : 21 <-- 0.002319 s
currentSize : 22 <-- 1.829169 s
currentSize : 23 <-- 4.112378 s
currentSize : 24 <-- 28.538795 s
currentSize : 25 <-- 28.560583 s
currentSize : 26 <-- 29.123381 s

maxsize : 26
nodes : 20237400.000000
filtered : 225635785.000000
time : 84.986847
