Parameters: GAD=1 vflib=1 dir=0 label=1 lowerbound=1 fileNameGp=../../cp2016-max-common-connected-subgraph-paper/datasets/graphsdb/mcs50/m2D/m2D/mcs50_m2D_s70.A08 fileNameGt=../../cp2016-max-common-connected-subgraph-paper/datasets/graphsdb/mcs50/m2D/m2D/mcs50_m2D_s70.B08
Reading graphs...
70 :  123
70 :  122
Initializing...
maxdom : 8
D->valSize : 359
Solving...
Blb : 2 (clique : 29)
currentSize : 29 <-- 0.003088 s
currentSize : 33 <-- 0.003720 s
currentSize : 34 <-- 0.003776 s
currentSize : 35 <-- 0.010811 s
currentSize : 36 <-- 0.030373 s
currentSize : 37 <-- 0.035742 s
currentSize : 38 <-- 0.085429 s
currentSize : 39 <-- 5.716508 s

maxsize : 39
nodes : 68196491.000000
filtered : 496465262.000000
time : 353.126099
