Parameters: GAD=1 vflib=1 dir=0 label=1 lowerbound=1 fileNameGp=../../cp2016-max-common-connected-subgraph-paper/datasets/graphsdb/mcs50/rand/r01/mcs50_r01_s60.A06 fileNameGt=../../cp2016-max-common-connected-subgraph-paper/datasets/graphsdb/mcs50/rand/r01/mcs50_r01_s60.B06
Reading graphs...
60 :  341
60 :  339
Initializing...
maxdom : 6
D->valSize : 252
Solving...
Blb : 2 (clique : 12)
currentSize : 12 <-- 0.002609 s
currentSize : 13 <-- 0.003519 s
currentSize : 14 <-- 0.004485 s
currentSize : 17 <-- 0.080888 s
currentSize : 18 <-- 0.082594 s
currentSize : 23 <-- 0.106269 s
currentSize : 24 <-- 0.127152 s
currentSize : 30 <-- 0.142991 s

maxsize : 30
nodes : 25490.000000
filtered : 259145.000000
time : 0.185951
