Parameters: GAD=1 vflib=1 dir=0 label=1 lowerbound=1 fileNameGp=../../cp2016-max-common-connected-subgraph-paper/datasets/graphsdb/mcs50/rand/r01/mcs50_r01_s80.A06 fileNameGt=../../cp2016-max-common-connected-subgraph-paper/datasets/graphsdb/mcs50/rand/r01/mcs50_r01_s80.B06
Reading graphs...
80 :  597
80 :  600
Initializing...
maxdom : 10
D->valSize : 463
Solving...
Blb : 2 (clique : 14)
currentSize : 14 <-- 0.004510 s
currentSize : 15 <-- 0.006499 s
currentSize : 16 <-- 0.067801 s
currentSize : 18 <-- 0.073297 s
currentSize : 19 <-- 0.085490 s
currentSize : 22 <-- 0.115288 s
currentSize : 23 <-- 0.155068 s
currentSize : 24 <-- 0.224335 s
currentSize : 26 <-- 0.260887 s
currentSize : 29 <-- 0.298736 s
currentSize : 30 <-- 0.481781 s
currentSize : 31 <-- 0.615275 s
currentSize : 32 <-- 0.616348 s
currentSize : 37 <-- 0.707201 s

maxsize : 37
nodes : 147945.000000
filtered : 2152928.000000
time : 0.886015
