Parameters: GAD=1 vflib=1 dir=0 label=1 lowerbound=1 fileNameGp=../../cp2016-max-common-connected-subgraph-paper/datasets/graphsdb/mcs50/m2D/m2Dr4/mcs50_m2Dr4_s50.A02 fileNameGt=../../cp2016-max-common-connected-subgraph-paper/datasets/graphsdb/mcs50/m2D/m2Dr4/mcs50_m2Dr4_s50.B02
Reading graphs...
50 :  103
50 :  103
Initializing...
maxdom : 10
D->valSize : 324
Solving...
Blb : 2 (clique : 20)
currentSize : 20 <-- 0.002286 s
currentSize : 21 <-- 0.002756 s
currentSize : 22 <-- 44.458492 s
currentSize : 23 <-- 46.488777 s
currentSize : 24 <-- 47.587944 s
currentSize : 26 <-- 49.683067 s
currentSize : 27 <-- 76.027191 s
currentSize : 28 <-- 76.028717 s

maxsize : 28
nodes : 20027498.000000
filtered : 225746275.000000
time : 80.383530
