Parameters: GAD=1 vflib=1 dir=0 label=1 lowerbound=1 fileNameGp=../../cp2016-max-common-connected-subgraph-paper/datasets/graphsdb/mcs50/rand/r005/mcs50_r005_s80.A01 fileNameGt=../../cp2016-max-common-connected-subgraph-paper/datasets/graphsdb/mcs50/rand/r005/mcs50_r005_s80.B01
Reading graphs...
80 :  312
80 :  308
Initializing...
maxdom : 9
D->valSize : 428
Solving...
Blb : 2 (clique : 20)
currentSize : 20 <-- 0.003922 s
currentSize : 21 <-- 9.235178 s
currentSize : 22 <-- 14.471138 s
currentSize : 23 <-- 14.481060 s
currentSize : 24 <-- 80.573334 s
currentSize : 25 <-- 97.584000 s
currentSize : 26 <-- 174.806107 s
currentSize : 27 <-- 349.512665 s
currentSize : 28 <-- 356.085449 s
currentSize : 29 <-- 364.998016 s
currentSize : 30 <-- 372.836395 s
currentSize : 31 <-- 372.841034 s
currentSize : 32 <-- 372.844482 s
currentSize : 34 <-- 372.844604 s
currentSize : 35 <-- 389.806091 s
currentSize : 39 <-- 418.277191 s

maxsize : 39
nodes : 85931710.000000
filtered : 797557583.000000
time : 453.554047
