Parameters: GAD=1 vflib=1 dir=0 label=1 lowerbound=1 fileNameGp=../../cp2016-max-common-connected-subgraph-paper/datasets/graphsdb/mcs50/rand/r005/mcs50_r005_s50.A06 fileNameGt=../../cp2016-max-common-connected-subgraph-paper/datasets/graphsdb/mcs50/rand/r005/mcs50_r005_s50.B06
Reading graphs...
50 :  119
50 :  116
Initializing...
maxdom : 9
D->valSize : 325
Solving...
Blb : 3 (clique : 17)
currentSize : 17 <-- 0.002263 s
currentSize : 18 <-- 0.023154 s
currentSize : 19 <-- 0.045759 s
currentSize : 20 <-- 0.106303 s
currentSize : 21 <-- 0.309019 s
currentSize : 22 <-- 0.603957 s
currentSize : 23 <-- 12.098270 s
currentSize : 25 <-- 16.385887 s

maxsize : 25
nodes : 5756355.000000
filtered : 71209442.000000
time : 25.495096
