Parameters: GAD=1 vflib=1 dir=0 label=1 lowerbound=1 fileNameGp=../../cp2016-max-common-connected-subgraph-paper/datasets/graphsdb/mcs50/m2D/m2Dr2/mcs50_m2Dr2_s70.A01 fileNameGt=../../cp2016-max-common-connected-subgraph-paper/datasets/graphsdb/mcs50/m2D/m2Dr2/mcs50_m2Dr2_s70.B01
Reading graphs...
70 :  137
70 :  136
Initializing...
maxdom : 7
D->valSize : 337
Solving...
Blb : 2 (clique : 27)
currentSize : 27 <-- 0.004567 s
currentSize : 28 <-- 0.004868 s
currentSize : 29 <-- 0.043298 s
currentSize : 30 <-- 10.203718 s
currentSize : 31 <-- 25.563433 s
currentSize : 32 <-- 28.065218 s
currentSize : 33 <-- 31.521191 s
currentSize : 34 <-- 99.093307 s
currentSize : 35 <-- 254.222885 s
currentSize : 36 <-- 322.713226 s
currentSize : 37 <-- 324.773956 s

maxsize : 37
nodes : 130384121.000000
filtered : 730040932.000000
time : 575.465820
