Parameters: GAD=1 vflib=1 dir=0 label=1 lowerbound=1 fileNameGp=../../cp2016-max-common-connected-subgraph-paper/datasets/graphsdb/mcs50/bvg/b06/mcs50_b06_s70.A04 fileNameGt=../../cp2016-max-common-connected-subgraph-paper/datasets/graphsdb/mcs50/bvg/b06/mcs50_b06_s70.B04
Reading graphs...
70 :  208
70 :  210
Initializing...
maxdom : 7
D->valSize : 322
Solving...
Blb : 2 (clique : 23)
currentSize : 23 <-- 0.002618 s
currentSize : 24 <-- 0.009206 s
currentSize : 26 <-- 0.033473 s
currentSize : 27 <-- 0.054285 s
currentSize : 28 <-- 0.901750 s
currentSize : 29 <-- 0.901818 s
currentSize : 31 <-- 53.413219 s
currentSize : 32 <-- 53.413315 s
currentSize : 33 <-- 53.420715 s
currentSize : 35 <-- 63.486027 s
currentSize : 36 <-- 63.487644 s

maxsize : 36
nodes : 20162052.000000
filtered : 144597009.000000
time : 99.326286
