Parameters: GAD=1 vflib=1 dir=0 label=1 lowerbound=1 fileNameGp=../../cp2016-max-common-connected-subgraph-paper/datasets/graphsdb/mcs50/rand/r01/mcs50_r01_s100.A01 fileNameGt=../../cp2016-max-common-connected-subgraph-paper/datasets/graphsdb/mcs50/rand/r01/mcs50_r01_s100.B01
Reading graphs...
100 :  918
100 :  927
Initializing...
maxdom : 7
D->valSize : 353
Solving...
Blb : 2 (clique : 16)
currentSize : 16 <-- 0.003245 s
currentSize : 18 <-- 0.004292 s
currentSize : 19 <-- 0.020323 s
currentSize : 20 <-- 0.031253 s
currentSize : 21 <-- 0.062576 s
currentSize : 23 <-- 0.088082 s
currentSize : 25 <-- 0.110913 s
currentSize : 28 <-- 0.136154 s
currentSize : 37 <-- 0.306420 s
currentSize : 40 <-- 0.533003 s
currentSize : 46 <-- 0.533781 s

maxsize : 46
nodes : 282950.000000
filtered : 2407205.000000
time : 1.773748
