Parameters: GAD=1 vflib=1 dir=0 label=1 lowerbound=1 fileNameGp=../../cp2016-max-common-connected-subgraph-paper/datasets/graphsdb/mcs50/m3D/m3D/mcs50_m3D_s50.A06 fileNameGt=../../cp2016-max-common-connected-subgraph-paper/datasets/graphsdb/mcs50/m3D/m3D/mcs50_m3D_s50.B06
Reading graphs...
50 :  109
50 :  109
Initializing...
maxdom : 10
D->valSize : 328
Solving...
Blb : 2 (clique : 21)
currentSize : 21 <-- 0.002321 s
currentSize : 22 <-- 0.531710 s
currentSize : 23 <-- 1.212815 s
currentSize : 24 <-- 2.785931 s
currentSize : 25 <-- 3.962943 s
currentSize : 27 <-- 5.103065 s
currentSize : 28 <-- 5.123265 s

maxsize : 28
nodes : 2211277.000000
filtered : 23316758.000000
time : 8.472602
