Parameters: GAD=1 vflib=1 dir=0 label=1 lowerbound=1 fileNameGp=../../cp2016-max-common-connected-subgraph-paper/datasets/graphsdb/mcs50/m2D/m2D/mcs50_m2D_s90.A02 fileNameGt=../../cp2016-max-common-connected-subgraph-paper/datasets/graphsdb/mcs50/m2D/m2D/mcs50_m2D_s90.B02
Reading graphs...
90 :  161
90 :  161
Initializing...
maxdom : 10
D->valSize : 540
Solving...
Blb : 2 (clique : 33)
currentSize : 33 <-- 0.006357 s
currentSize : 34 <-- 0.007691 s
currentSize : 35 <-- 2.701324 s
currentSize : 36 <-- 34.637058 s
currentSize : 37 <-- 104.492798 s
currentSize : 38 <-- 216.645828 s

TIMEOUT
maxsize : 38
nodes : 219378907.000000
filtered : 1746297761.000000
time : 1000.000061
