Parameters: GAD=1 vflib=1 dir=0 label=1 lowerbound=1 fileNameGp=../../cp2016-max-common-connected-subgraph-paper/datasets/graphsdb/mcs50/m2D/m2Dr4/mcs50_m2Dr4_s90.A09 fileNameGt=../../cp2016-max-common-connected-subgraph-paper/datasets/graphsdb/mcs50/m2D/m2Dr4/mcs50_m2Dr4_s90.B09
Reading graphs...
90 :  197
90 :  194
Initializing...
maxdom : 9
D->valSize : 575
Solving...
Blb : 2 (clique : 34)
currentSize : 34 <-- 0.006766 s
currentSize : 35 <-- 0.007045 s
currentSize : 36 <-- 0.007333 s
currentSize : 37 <-- 0.009316 s
currentSize : 38 <-- 0.009346 s
currentSize : 39 <-- 0.009955 s
currentSize : 40 <-- 0.015857 s
currentSize : 41 <-- 2.981248 s
currentSize : 42 <-- 8.546429 s

TIMEOUT
maxsize : 42
nodes : 174430859.000000
filtered : 1472782881.000000
time : 1000.000061
