Parameters: GAD=1 vflib=1 dir=0 label=1 lowerbound=1 fileNameGp=../../cp2016-max-common-connected-subgraph-paper/datasets/graphsdb/mcs50/bvg/b09/mcs50_b09_s60.A06 fileNameGt=../../cp2016-max-common-connected-subgraph-paper/datasets/graphsdb/mcs50/bvg/b09/mcs50_b09_s60.B06
Reading graphs...
60 :  268
60 :  267
Initializing...
maxdom : 8
D->valSize : 260
Solving...
Blb : 2 (clique : 13)
currentSize : 13 <-- 0.002740 s
currentSize : 14 <-- 0.013273 s
currentSize : 15 <-- 0.033870 s
currentSize : 17 <-- 0.034571 s
currentSize : 18 <-- 0.034687 s
currentSize : 19 <-- 0.066677 s
currentSize : 25 <-- 0.137037 s
currentSize : 26 <-- 0.137088 s
currentSize : 27 <-- 0.137354 s
currentSize : 29 <-- 0.137604 s
currentSize : 30 <-- 0.137634 s

maxsize : 30
nodes : 118752.000000
filtered : 597514.000000
time : 0.553695
