Parameters: GAD=1 vflib=1 dir=0 label=1 lowerbound=1 fileNameGp=../../cp2016-max-common-connected-subgraph-paper/datasets/graphsdb/mcs50/m2D/m2Dr6/mcs50_m2Dr6_s100.A01 fileNameGt=../../cp2016-max-common-connected-subgraph-paper/datasets/graphsdb/mcs50/m2D/m2Dr6/mcs50_m2Dr6_s100.B01
Reading graphs...
100 :  239
100 :  237
Initializing...
maxdom : 10
D->valSize : 382
Solving...
Blb : 3 (clique : 32)
currentSize : 32 <-- 0.006181 s
currentSize : 33 <-- 0.108948 s
currentSize : 34 <-- 2.724475 s
currentSize : 35 <-- 2.898081 s
currentSize : 36 <-- 14.681523 s
currentSize : 37 <-- 14.685032 s
currentSize : 38 <-- 41.192425 s

TIMEOUT
maxsize : 38
nodes : 183395364.000000
filtered : 1048256247.000000
time : 1000.000061
