Parameters: GAD=1 vflib=1 dir=0 label=1 lowerbound=1 fileNameGp=../../cp2016-max-common-connected-subgraph-paper/datasets/graphsdb/mcs50/bvg/b06/mcs50_b06_s70.A08 fileNameGt=../../cp2016-max-common-connected-subgraph-paper/datasets/graphsdb/mcs50/bvg/b06/mcs50_b06_s70.B08
Reading graphs...
70 :  209
70 :  210
Initializing...
maxdom : 8
D->valSize : 340
Solving...
Blb : 2 (clique : 26)
currentSize : 26 <-- 0.004252 s
currentSize : 27 <-- 0.004926 s
currentSize : 28 <-- 0.005478 s
currentSize : 29 <-- 0.006876 s
currentSize : 30 <-- 0.007983 s
currentSize : 33 <-- 0.010206 s
currentSize : 35 <-- 0.011570 s
currentSize : 36 <-- 0.270631 s

maxsize : 36
nodes : 1428368.000000
filtered : 10642503.000000
time : 6.966905
