Parameters: GAD=1 vflib=1 dir=0 label=1 lowerbound=1 fileNameGp=../../cp2016-max-common-connected-subgraph-paper/datasets/graphsdb/mcs50/rand/r001/mcs50_r001_s100.A03 fileNameGt=../../cp2016-max-common-connected-subgraph-paper/datasets/graphsdb/mcs50/rand/r001/mcs50_r001_s100.B03
Reading graphs...
100 :  124
100 :  124
Initializing...
maxdom : 6
D->valSize : 362
Solving...
Blb : 2 (clique : 45)
currentSize : 45 <-- 0.003918 s
currentSize : 46 <-- 0.004494 s
currentSize : 47 <-- 0.043421 s
currentSize : 48 <-- 0.118053 s
currentSize : 49 <-- 0.204710 s
currentSize : 50 <-- 0.405875 s
currentSize : 51 <-- 1.287684 s

TIMEOUT
maxsize : 51
nodes : 208626497.000000
filtered : 792336155.000000
time : 1000.000122
