Parameters: GAD=1 vflib=1 dir=0 label=1 lowerbound=1 fileNameGp=../../cp2016-max-common-connected-subgraph-paper/datasets/graphsdb/mcs50/m2D/m2Dr2/mcs50_m2Dr2_s60.A01 fileNameGt=../../cp2016-max-common-connected-subgraph-paper/datasets/graphsdb/mcs50/m2D/m2Dr2/mcs50_m2Dr2_s60.B01
Reading graphs...
60 :  115
60 :  115
Initializing...
maxdom : 8
D->valSize : 263
Solving...
Blb : 2 (clique : 19)
currentSize : 19 <-- 0.001948 s
currentSize : 20 <-- 0.007850 s
currentSize : 21 <-- 0.007894 s
currentSize : 22 <-- 0.026330 s
currentSize : 23 <-- 0.039086 s
currentSize : 24 <-- 0.326470 s
currentSize : 25 <-- 53.003872 s
currentSize : 26 <-- 111.338989 s
currentSize : 27 <-- 127.580864 s
currentSize : 28 <-- 135.803833 s
currentSize : 29 <-- 155.667038 s

maxsize : 29
nodes : 78569832.000000
filtered : 611609491.000000
time : 334.605713
