Parameters: GAD=1 vflib=1 dir=0 label=1 lowerbound=1 fileNameGp=../../cp2016-max-common-connected-subgraph-paper/datasets/graphsdb/mcs50/bvg/b03/mcs50_b03_s80.A05 fileNameGt=../../cp2016-max-common-connected-subgraph-paper/datasets/graphsdb/mcs50/bvg/b03/mcs50_b03_s80.B05
Reading graphs...
80 :  120
80 :  120
Initializing...
maxdom : 8
D->valSize : 431
Solving...
Blb : 2 (clique : 37)
currentSize : 37 <-- 0.004295 s
currentSize : 39 <-- 0.004577 s
currentSize : 40 <-- 0.004669 s
currentSize : 41 <-- 0.004740 s
currentSize : 42 <-- 0.005878 s
currentSize : 43 <-- 0.083837 s

TIMEOUT
maxsize : 43
nodes : 189366452.000000
filtered : 1412979402.000000
time : 1000.000061
