Parameters: GAD=1 vflib=1 dir=0 label=1 lowerbound=1 fileNameGp=../../cp2016-max-common-connected-subgraph-paper/datasets/graphsdb/mcs50/m2D/m2D/mcs50_m2D_s90.A06 fileNameGt=../../cp2016-max-common-connected-subgraph-paper/datasets/graphsdb/mcs50/m2D/m2D/mcs50_m2D_s90.B06
Reading graphs...
90 :  161
90 :  160
Initializing...
maxdom : 11
D->valSize : 509
Solving...
Blb : 5 (clique : 32)
currentSize : 32 <-- 0.005688 s
currentSize : 33 <-- 52.773174 s
currentSize : 34 <-- 303.315857 s
currentSize : 35 <-- 363.507202 s
currentSize : 36 <-- 388.725250 s
currentSize : 37 <-- 741.160522 s

TIMEOUT
maxsize : 37
nodes : 223091757.000000
filtered : 1490004804.000000
time : 1000.000061
