Parameters: GAD=1 vflib=1 dir=0 label=1 lowerbound=1 fileNameGp=../../cp2016-max-common-connected-subgraph-paper/datasets/graphsdb/mcs50/bvg/b09/mcs50_b09_s80.A01 fileNameGt=../../cp2016-max-common-connected-subgraph-paper/datasets/graphsdb/mcs50/bvg/b09/mcs50_b09_s80.B01
Reading graphs...
80 :  353
80 :  357
Initializing...
maxdom : 9
D->valSize : 435
Solving...
Blb : 2 (clique : 34)
currentSize : 34 <-- 0.006312 s
currentSize : 35 <-- 0.006687 s
currentSize : 36 <-- 0.007328 s
currentSize : 37 <-- 0.007515 s
currentSize : 38 <-- 0.007984 s
currentSize : 39 <-- 0.098322 s
currentSize : 40 <-- 0.101997 s

maxsize : 40
nodes : 27984028.000000
filtered : 156751325.000000
time : 132.310623
