Parameters: GAD=1 vflib=1 dir=0 label=1 lowerbound=1 fileNameGp=../../cp2016-max-common-connected-subgraph-paper/datasets/graphsdb/mcs50/bvg/b03/mcs50_b03_s60.A09 fileNameGt=../../cp2016-max-common-connected-subgraph-paper/datasets/graphsdb/mcs50/bvg/b03/mcs50_b03_s60.B09
Reading graphs...
60 :  90
60 :  89
Initializing...
maxdom : 7
D->valSize : 247
Solving...
Blb : 2 (clique : 22)
currentSize : 22 <-- 0.001735 s
currentSize : 23 <-- 0.002002 s
currentSize : 25 <-- 0.002112 s
currentSize : 26 <-- 0.002968 s
currentSize : 27 <-- 0.004949 s
currentSize : 28 <-- 9.359791 s
currentSize : 29 <-- 9.561299 s
currentSize : 30 <-- 15.902883 s
currentSize : 31 <-- 33.064453 s
currentSize : 32 <-- 58.547249 s
currentSize : 33 <-- 64.613670 s

maxsize : 33
nodes : 40406708.000000
filtered : 227307499.000000
time : 161.821259
