Parameters: GAD=1 vflib=1 dir=0 label=1 lowerbound=1 fileNameGp=../../cp2016-max-common-connected-subgraph-paper/datasets/graphsdb/mcs50/m2D/m2Dr6/mcs50_m2Dr6_s100.A06 fileNameGt=../../cp2016-max-common-connected-subgraph-paper/datasets/graphsdb/mcs50/m2D/m2Dr6/mcs50_m2Dr6_s100.B06
Reading graphs...
100 :  238
100 :  237
Initializing...
maxdom : 8
D->valSize : 369
Solving...
Blb : 2 (clique : 33)
currentSize : 33 <-- 0.003797 s
currentSize : 34 <-- 12.286799 s
currentSize : 35 <-- 15.602875 s
currentSize : 36 <-- 15.603233 s
currentSize : 37 <-- 26.478968 s
currentSize : 38 <-- 88.996071 s

TIMEOUT
maxsize : 38
nodes : 197500713.000000
filtered : 980996903.000000
time : 1000.000061
