Parameters: GAD=1 vflib=1 dir=0 label=1 lowerbound=1 fileNameGp=../../cp2016-max-common-connected-subgraph-paper/datasets/graphsdb/mcs50/bvg/b09/mcs50_b09_s90.A01 fileNameGt=../../cp2016-max-common-connected-subgraph-paper/datasets/graphsdb/mcs50/bvg/b09/mcs50_b09_s90.B01
Reading graphs...
90 :  400
90 :  403
Initializing...
maxdom : 9
D->valSize : 558
Solving...
Blb : 2 (clique : 23)
currentSize : 23 <-- 0.006159 s
currentSize : 31 <-- 0.006373 s
currentSize : 32 <-- 0.006433 s
currentSize : 33 <-- 0.006519 s
currentSize : 35 <-- 0.007397 s
currentSize : 37 <-- 0.007478 s
currentSize : 40 <-- 0.010482 s
currentSize : 41 <-- 0.010684 s
currentSize : 42 <-- 0.112820 s
currentSize : 43 <-- 0.122845 s
currentSize : 44 <-- 5.806138 s

TIMEOUT
maxsize : 44
nodes : 176189551.000000
filtered : 1199653969.000000
time : 1000.000061
