Parameters: GAD=1 vflib=1 dir=0 label=1 lowerbound=1 fileNameGp=../../cp2016-max-common-connected-subgraph-paper/datasets/graphsdb/mcs50/bvg/b06/mcs50_b06_s100.A04 fileNameGt=../../cp2016-max-common-connected-subgraph-paper/datasets/graphsdb/mcs50/bvg/b06/mcs50_b06_s100.B04
Reading graphs...
100 :  299
100 :  296
Initializing...
maxdom : 6
D->valSize : 396
Solving...
Blb : 2 (clique : 36)
currentSize : 36 <-- 0.004044 s
currentSize : 37 <-- 0.004355 s
currentSize : 38 <-- 0.004411 s
currentSize : 41 <-- 0.005072 s
currentSize : 42 <-- 0.006179 s
currentSize : 43 <-- 0.021422 s
currentSize : 44 <-- 8.209376 s
currentSize : 45 <-- 8.337442 s
currentSize : 46 <-- 206.725510 s
currentSize : 47 <-- 218.600327 s

TIMEOUT
maxsize : 47
nodes : 186010805.000000
filtered : 832564276.000000
time : 1000.000061
