Parameters: GAD=1 vflib=1 dir=0 label=1 lowerbound=1 fileNameGp=../../cp2016-max-common-connected-subgraph-paper/datasets/graphsdb/mcs50/m3D/m3Dr4/mcs50_m3Dr4_s50.A05 fileNameGt=../../cp2016-max-common-connected-subgraph-paper/datasets/graphsdb/mcs50/m3D/m3Dr4/mcs50_m3Dr4_s50.B05
Reading graphs...
50 :  127
50 :  127
Initializing...
maxdom : 11
D->valSize : 317
Solving...
Blb : 2 (clique : 15)
currentSize : 15 <-- 0.002175 s
currentSize : 16 <-- 0.008501 s
currentSize : 17 <-- 0.020991 s
currentSize : 18 <-- 0.023657 s
currentSize : 19 <-- 0.271167 s
currentSize : 20 <-- 0.760156 s
currentSize : 21 <-- 4.057512 s
currentSize : 22 <-- 4.058977 s
currentSize : 23 <-- 6.005454 s
currentSize : 24 <-- 11.741711 s
currentSize : 25 <-- 14.571303 s
currentSize : 26 <-- 14.571349 s
currentSize : 27 <-- 15.487097 s

maxsize : 27
nodes : 3751399.000000
filtered : 43401620.000000
time : 16.276344
