Parameters: GAD=1 vflib=1 dir=0 label=1 lowerbound=1 fileNameGp=../../cp2016-max-common-connected-subgraph-paper/datasets/graphsdb/mcs50/bvg/b03m/mcs50_b03m_s60.A05 fileNameGt=../../cp2016-max-common-connected-subgraph-paper/datasets/graphsdb/mcs50/bvg/b03m/mcs50_b03m_s60.B05
Reading graphs...
60 :  89
60 :  89
Initializing...
maxdom : 7
D->valSize : 261
Solving...
Blb : 2 (clique : 27)
currentSize : 27 <-- 0.001879 s
currentSize : 28 <-- 0.002229 s
currentSize : 29 <-- 0.013766 s
currentSize : 30 <-- 0.484843 s
currentSize : 31 <-- 1.069441 s
currentSize : 32 <-- 2.330956 s
currentSize : 33 <-- 6.437696 s

maxsize : 33
nodes : 23573284.000000
filtered : 141973610.000000
time : 95.568779
