Parameters: GAD=1 vflib=1 dir=0 label=1 lowerbound=1 fileNameGp=../../cp2016-max-common-connected-subgraph-paper/datasets/graphsdb/mcs50/bvg/b03m/mcs50_b03m_s80.A06 fileNameGt=../../cp2016-max-common-connected-subgraph-paper/datasets/graphsdb/mcs50/bvg/b03m/mcs50_b03m_s80.B06
Reading graphs...
80 :  118
80 :  118
Initializing...
maxdom : 8
D->valSize : 406
Solving...
Blb : 2 (clique : 36)
currentSize : 36 <-- 0.003859 s
currentSize : 37 <-- 0.004168 s
currentSize : 38 <-- 42.268940 s
currentSize : 39 <-- 42.276672 s
currentSize : 40 <-- 42.400299 s
currentSize : 41 <-- 875.332214 s

TIMEOUT
maxsize : 41
nodes : 208220959.000000
filtered : 1448975916.000000
time : 1000.000061
