Parameters: GAD=1 vflib=1 dir=0 label=1 lowerbound=1 fileNameGp=../../cp2016-max-common-connected-subgraph-paper/datasets/graphsdb/mcs50/rand/r01/mcs50_r01_s80.A05 fileNameGt=../../cp2016-max-common-connected-subgraph-paper/datasets/graphsdb/mcs50/rand/r01/mcs50_r01_s80.B05
Reading graphs...
80 :  595
80 :  593
Initializing...
maxdom : 9
D->valSize : 442
Solving...
Blb : 2 (clique : 12)
currentSize : 12 <-- 0.003957 s
currentSize : 14 <-- 0.004186 s
currentSize : 15 <-- 0.004248 s
currentSize : 16 <-- 0.004518 s
currentSize : 17 <-- 0.006026 s
currentSize : 18 <-- 0.048780 s
currentSize : 19 <-- 0.048822 s
currentSize : 22 <-- 0.050489 s
currentSize : 23 <-- 0.209005 s
currentSize : 26 <-- 0.209080 s
currentSize : 28 <-- 0.490381 s
currentSize : 29 <-- 0.665172 s
currentSize : 30 <-- 0.816257 s
currentSize : 34 <-- 0.823294 s
currentSize : 35 <-- 0.825236 s

maxsize : 35
nodes : 408716.000000
filtered : 5399054.000000
time : 2.358422
