Parameters: GAD=1 vflib=1 dir=0 label=1 lowerbound=1 fileNameGp=../../cp2016-max-common-connected-subgraph-paper/datasets/graphsdb/mcs50/m2D/m2Dr4/mcs50_m2Dr4_s100.A08 fileNameGt=../../cp2016-max-common-connected-subgraph-paper/datasets/graphsdb/mcs50/m2D/m2Dr4/mcs50_m2Dr4_s100.B08
Reading graphs...
100 :  218
100 :  214
Initializing...
maxdom : 8
D->valSize : 365
Solving...
Blb : 2 (clique : 33)
currentSize : 33 <-- 0.003649 s
currentSize : 35 <-- 0.003905 s
currentSize : 36 <-- 0.004000 s
currentSize : 37 <-- 0.004281 s
currentSize : 38 <-- 0.005478 s
currentSize : 39 <-- 0.005822 s
currentSize : 40 <-- 0.012630 s
currentSize : 41 <-- 0.023976 s
currentSize : 42 <-- 0.026507 s
currentSize : 43 <-- 10.290505 s

TIMEOUT
maxsize : 43
nodes : 209604841.000000
filtered : 645786150.000000
time : 1000.000061
