Parameters: GAD=1 vflib=1 dir=0 label=1 lowerbound=1 fileNameGp=../../cp2016-max-common-connected-subgraph-paper/datasets/graphsdb/mcs50/rand/r02/mcs50_r02_s90.A06 fileNameGt=../../cp2016-max-common-connected-subgraph-paper/datasets/graphsdb/mcs50/rand/r02/mcs50_r02_s90.B06
Reading graphs...
90 :  1416
90 :  1436
Initializing...
maxdom : 10
D->valSize : 558
Solving...
Blb : 5 (clique : 8)
currentSize : 8 <-- 0.009164 s
currentSize : 12 <-- 0.009687 s
currentSize : 13 <-- 0.010006 s
currentSize : 17 <-- 0.013824 s
currentSize : 22 <-- 0.018829 s
currentSize : 23 <-- 0.195843 s
currentSize : 33 <-- 0.200104 s

maxsize : 33
nodes : 426779.000000
filtered : 1644979.000000
time : 1.804050
