Parameters: GAD=1 vflib=1 dir=0 label=1 lowerbound=1 fileNameGp=../../cp2016-max-common-connected-subgraph-paper/datasets/graphsdb/mcs50/m2D/m2Dr6/mcs50_m2Dr6_s70.A08 fileNameGt=../../cp2016-max-common-connected-subgraph-paper/datasets/graphsdb/mcs50/m2D/m2Dr6/mcs50_m2Dr6_s70.B08
Reading graphs...
70 :  163
70 :  164
Initializing...
maxdom : 10
D->valSize : 392
Solving...
Blb : 2 (clique : 29)
currentSize : 29 <-- 0.003397 s
currentSize : 30 <-- 0.004781 s
currentSize : 31 <-- 0.029252 s
currentSize : 32 <-- 0.031989 s
currentSize : 33 <-- 17.844765 s
currentSize : 34 <-- 188.086853 s
currentSize : 35 <-- 335.838104 s
currentSize : 36 <-- 595.374390 s
currentSize : 37 <-- 601.574341 s

maxsize : 37
nodes : 164005208.000000
filtered : 1320746933.000000
time : 773.489746
