Parameters: GAD=1 vflib=1 dir=0 label=1 lowerbound=1 fileNameGp=../../cp2016-max-common-connected-subgraph-paper/datasets/graphsdb/mcs50/m2D/m2D/mcs50_m2D_s100.A04 fileNameGt=../../cp2016-max-common-connected-subgraph-paper/datasets/graphsdb/mcs50/m2D/m2D/mcs50_m2D_s100.B04
Reading graphs...
100 :  179
100 :  179
Initializing...
maxdom : 8
D->valSize : 355
Solving...
Blb : 2 (clique : 43)
currentSize : 43 <-- 0.003595 s
currentSize : 45 <-- 0.014906 s
currentSize : 46 <-- 0.595052 s
currentSize : 47 <-- 0.613634 s
currentSize : 48 <-- 17.704140 s
currentSize : 49 <-- 31.165573 s

TIMEOUT
maxsize : 49
nodes : 220861843.000000
filtered : 431504306.000000
time : 1000.000061
