Parameters: GAD=1 vflib=1 dir=0 label=1 lowerbound=1 fileNameGp=../../cp2016-max-common-connected-subgraph-paper/datasets/graphsdb/mcs50/bvg/b06/mcs50_b06_s100.A03 fileNameGt=../../cp2016-max-common-connected-subgraph-paper/datasets/graphsdb/mcs50/bvg/b06/mcs50_b06_s100.B03
Reading graphs...
100 :  300
100 :  299
Initializing...
maxdom : 7
D->valSize : 312
Solving...
Blb : 3 (clique : 27)
currentSize : 27 <-- 0.002988 s
currentSize : 28 <-- 0.325156 s
currentSize : 29 <-- 0.325502 s
currentSize : 30 <-- 0.398751 s
currentSize : 31 <-- 0.400516 s
currentSize : 32 <-- 1.694236 s
currentSize : 33 <-- 34.819920 s
currentSize : 34 <-- 34.820274 s
currentSize : 35 <-- 34.821075 s
currentSize : 36 <-- 63.435852 s
currentSize : 37 <-- 64.575577 s
currentSize : 38 <-- 64.575974 s
currentSize : 39 <-- 94.411102 s

TIMEOUT
maxsize : 39
nodes : 192670418.000000
filtered : 758531607.000000
time : 1000.000061
