Parameters: GAD=1 vflib=1 dir=0 label=1 lowerbound=1 fileNameGp=../../cp2016-max-common-connected-subgraph-paper/datasets/graphsdb/mcs50/m2D/m2Dr6/mcs50_m2Dr6_s50.A02 fileNameGt=../../cp2016-max-common-connected-subgraph-paper/datasets/graphsdb/mcs50/m2D/m2Dr6/mcs50_m2Dr6_s50.B02
Reading graphs...
50 :  113
50 :  112
Initializing...
maxdom : 9
D->valSize : 350
Solving...
Blb : 3 (clique : 16)
currentSize : 16 <-- 0.004162 s
currentSize : 19 <-- 0.004317 s
currentSize : 20 <-- 0.004467 s
currentSize : 21 <-- 0.006682 s
currentSize : 22 <-- 15.005937 s
currentSize : 24 <-- 33.829159 s
currentSize : 25 <-- 33.878601 s

maxsize : 25
nodes : 28567078.000000
filtered : 460399453.000000
time : 131.741074
