Parameters: GAD=1 vflib=1 dir=0 label=1 lowerbound=1 fileNameGp=../../cp2016-max-common-connected-subgraph-paper/datasets/graphsdb/mcs50/rand/r005/mcs50_r005_s80.A07 fileNameGt=../../cp2016-max-common-connected-subgraph-paper/datasets/graphsdb/mcs50/rand/r005/mcs50_r005_s80.B07
Reading graphs...
80 :  312
80 :  305
Initializing...
maxdom : 8
D->valSize : 430
Solving...
Blb : 2 (clique : 29)
currentSize : 29 <-- 0.004113 s
currentSize : 33 <-- 0.005451 s
currentSize : 34 <-- 0.008143 s
currentSize : 35 <-- 0.008235 s
currentSize : 37 <-- 0.008355 s
currentSize : 40 <-- 2.073047 s

maxsize : 40
nodes : 8577547.000000
filtered : 83495890.000000
time : 49.058056
