Parameters: GAD=1 vflib=1 dir=0 label=1 lowerbound=1 fileNameGp=../../cp2016-max-common-connected-subgraph-paper/datasets/graphsdb/mcs50/m2D/m2D/mcs50_m2D_s50.A08 fileNameGt=../../cp2016-max-common-connected-subgraph-paper/datasets/graphsdb/mcs50/m2D/m2D/mcs50_m2D_s50.B08
Reading graphs...
50 :  83
50 :  85
Initializing...
maxdom : 10
D->valSize : 338
Solving...
Blb : 2 (clique : 21)
currentSize : 21 <-- 0.002415 s
currentSize : 24 <-- 0.002543 s
currentSize : 25 <-- 0.002703 s
currentSize : 26 <-- 1.325741 s
currentSize : 27 <-- 9.291190 s
currentSize : 28 <-- 894.037109 s

TIMEOUT
maxsize : 28
nodes : 224028456.000000
filtered : 3154905138.000000
time : 1000.000000
