Parameters: GAD=1 vflib=1 dir=0 label=1 lowerbound=1 fileNameGp=../../cp2016-max-common-connected-subgraph-paper/datasets/graphsdb/mcs50/bvg/b03m/mcs50_b03m_s90.A09 fileNameGt=../../cp2016-max-common-connected-subgraph-paper/datasets/graphsdb/mcs50/bvg/b03m/mcs50_b03m_s90.B09
Reading graphs...
90 :  135
90 :  135
Initializing...
maxdom : 8
D->valSize : 544
Solving...
Blb : 2 (clique : 46)
currentSize : 46 <-- 0.006357 s
currentSize : 48 <-- 0.006696 s
currentSize : 49 <-- 0.006956 s
currentSize : 50 <-- 0.242654 s
currentSize : 51 <-- 1.268767 s
currentSize : 52 <-- 5.944801 s
currentSize : 53 <-- 247.292496 s

TIMEOUT
maxsize : 53
nodes : 158624803.000000
filtered : 1210175012.000000
time : 1000.000122
