Parameters: GAD=1 vflib=1 dir=0 label=1 lowerbound=1 fileNameGp=../../cp2016-max-common-connected-subgraph-paper/datasets/graphsdb/mcs50/m2D/m2Dr4/mcs50_m2Dr4_s60.A00 fileNameGt=../../cp2016-max-common-connected-subgraph-paper/datasets/graphsdb/mcs50/m2D/m2Dr4/mcs50_m2Dr4_s60.B00
Reading graphs...
60 :  128
60 :  126
Initializing...
maxdom : 6
D->valSize : 238
Solving...
Blb : 2 (clique : 20)
currentSize : 20 <-- 0.001678 s
currentSize : 21 <-- 0.006883 s
currentSize : 22 <-- 0.238231 s
currentSize : 23 <-- 0.238434 s
currentSize : 24 <-- 0.238545 s
currentSize : 25 <-- 1.204804 s
currentSize : 26 <-- 8.616041 s
currentSize : 27 <-- 13.831854 s
currentSize : 28 <-- 13.840125 s
currentSize : 29 <-- 14.276391 s
currentSize : 30 <-- 14.421603 s

maxsize : 30
nodes : 4740369.000000
filtered : 25100021.000000
time : 18.727688
