Parameters: GAD=1 vflib=1 dir=0 label=1 lowerbound=1 fileNameGp=../../cp2016-max-common-connected-subgraph-paper/datasets/graphsdb/mcs50/rand/r01/mcs50_r01_s90.A04 fileNameGt=../../cp2016-max-common-connected-subgraph-paper/datasets/graphsdb/mcs50/rand/r01/mcs50_r01_s90.B04
Reading graphs...
90 :  766
90 :  758
Initializing...
maxdom : 10
D->valSize : 534
Solving...
Blb : 2 (clique : 12)
currentSize : 12 <-- 0.008489 s
currentSize : 13 <-- 0.008663 s
currentSize : 14 <-- 0.010503 s
currentSize : 15 <-- 0.010811 s
currentSize : 16 <-- 0.013523 s
currentSize : 17 <-- 0.063196 s
currentSize : 18 <-- 0.100842 s
currentSize : 19 <-- 0.119092 s
currentSize : 20 <-- 0.120307 s
currentSize : 21 <-- 0.214444 s
currentSize : 22 <-- 0.274944 s
currentSize : 24 <-- 0.320851 s
currentSize : 27 <-- 0.787290 s
currentSize : 33 <-- 1.364408 s
currentSize : 35 <-- 2.072870 s
currentSize : 42 <-- 2.708921 s

maxsize : 42
nodes : 608821.000000
filtered : 10037059.000000
time : 4.123266
