Parameters: GAD=1 vflib=1 dir=0 label=1 lowerbound=1 fileNameGp=../../cp2016-max-common-connected-subgraph-paper/datasets/graphsdb/mcs50/bvg/b06/mcs50_b06_s40.A02 fileNameGt=../../cp2016-max-common-connected-subgraph-paper/datasets/graphsdb/mcs50/bvg/b06/mcs50_b06_s40.B02
Reading graphs...
40 :  119
40 :  120
Initializing...
maxdom : 9
D->valSize : 200
Solving...
Blb : 5 (clique : 11)
currentSize : 11 <-- 0.001067 s
currentSize : 12 <-- 0.004872 s
currentSize : 13 <-- 0.009381 s
currentSize : 14 <-- 0.009906 s
currentSize : 15 <-- 0.010836 s
currentSize : 16 <-- 0.024131 s
currentSize : 20 <-- 0.087298 s
currentSize : 21 <-- 0.087558 s

maxsize : 21
nodes : 33661.000000
filtered : 260684.000000
time : 0.117182
