Parameters: GAD=1 vflib=1 dir=0 label=1 lowerbound=1 fileNameGp=../../cp2016-max-common-connected-subgraph-paper/datasets/graphsdb/mcs50/m3D/m3Dr4/mcs50_m3Dr4_s60.A09 fileNameGt=../../cp2016-max-common-connected-subgraph-paper/datasets/graphsdb/mcs50/m3D/m3Dr4/mcs50_m3Dr4_s60.B09
Reading graphs...
60 :  156
60 :  155
Initializing...
maxdom : 9
D->valSize : 266
Solving...
Blb : 2 (clique : 21)
currentSize : 21 <-- 0.001988 s
currentSize : 22 <-- 1.592014 s
currentSize : 23 <-- 10.447914 s
currentSize : 24 <-- 10.492353 s
currentSize : 25 <-- 10.504526 s
currentSize : 26 <-- 10.504586 s
currentSize : 27 <-- 15.529851 s

maxsize : 27
nodes : 4333225.000000
filtered : 36553396.000000
time : 18.668665
