Parameters: GAD=1 vflib=1 dir=0 label=1 lowerbound=1 fileNameGp=../../cp2016-max-common-connected-subgraph-paper/datasets/graphsdb/mcs50/bvg/b09m/mcs50_b09m_s90.A00 fileNameGt=../../cp2016-max-common-connected-subgraph-paper/datasets/graphsdb/mcs50/bvg/b09m/mcs50_b09m_s90.B00
Reading graphs...
90 :  395
90 :  396
Initializing...
maxdom : 9
D->valSize : 526
Solving...
Blb : 3 (clique : 24)
currentSize : 24 <-- 0.005611 s
currentSize : 25 <-- 0.094521 s
currentSize : 26 <-- 1.596709 s
currentSize : 27 <-- 3.127956 s
currentSize : 28 <-- 5.957991 s
currentSize : 29 <-- 6.632906 s
currentSize : 30 <-- 6.635892 s
currentSize : 31 <-- 6.737865 s
currentSize : 32 <-- 10.538223 s
currentSize : 33 <-- 10.548524 s
currentSize : 34 <-- 42.613510 s
currentSize : 35 <-- 122.792305 s
currentSize : 36 <-- 134.118576 s
currentSize : 37 <-- 134.118637 s
currentSize : 38 <-- 163.264420 s

TIMEOUT
maxsize : 38
nodes : 165975246.000000
filtered : 1835149849.000000
time : 1000.000061
