Parameters: GAD=1 vflib=1 dir=0 label=1 lowerbound=1 fileNameGp=../../cp2016-max-common-connected-subgraph-paper/datasets/graphsdb/mcs50/bvg/b09/mcs50_b09_s70.A08 fileNameGt=../../cp2016-max-common-connected-subgraph-paper/datasets/graphsdb/mcs50/bvg/b09/mcs50_b09_s70.B08
Reading graphs...
70 :  314
70 :  313
Initializing...
maxdom : 10
D->valSize : 370
Solving...
Blb : 2 (clique : 20)
currentSize : 20 <-- 0.003016 s
currentSize : 22 <-- 0.003525 s
currentSize : 23 <-- 0.043314 s
currentSize : 26 <-- 0.224939 s
currentSize : 28 <-- 0.253383 s
currentSize : 29 <-- 0.254010 s
currentSize : 30 <-- 0.254095 s
currentSize : 31 <-- 0.995420 s
currentSize : 32 <-- 2.068525 s
currentSize : 34 <-- 2.591824 s
currentSize : 35 <-- 2.591923 s

maxsize : 35
nodes : 994370.000000
filtered : 8057431.000000
time : 4.826805
