Parameters: GAD=1 vflib=1 dir=0 label=1 lowerbound=1 fileNameGp=../../cp2016-max-common-connected-subgraph-paper/datasets/graphsdb/mcs50/bvg/b06m/mcs50_b06m_s90.A09 fileNameGt=../../cp2016-max-common-connected-subgraph-paper/datasets/graphsdb/mcs50/bvg/b06m/mcs50_b06m_s90.B09
Reading graphs...
90 :  265
90 :  267
Initializing...
maxdom : 10
D->valSize : 530
Solving...
Blb : 2 (clique : 29)
currentSize : 29 <-- 0.005893 s
currentSize : 30 <-- 0.006125 s
currentSize : 31 <-- 0.011560 s
currentSize : 32 <-- 0.078223 s
currentSize : 33 <-- 0.665731 s
currentSize : 34 <-- 96.610741 s
currentSize : 35 <-- 96.616089 s
currentSize : 36 <-- 96.669365 s

TIMEOUT
maxsize : 36
nodes : 183023603.000000
filtered : 1684159259.000000
time : 1000.000061
