Parameters: GAD=1 vflib=1 dir=0 label=1 lowerbound=1 fileNameGp=../../cp2016-max-common-connected-subgraph-paper/datasets/graphsdb/mcs50/bvg/b03m/mcs50_b03m_s60.A03 fileNameGt=../../cp2016-max-common-connected-subgraph-paper/datasets/graphsdb/mcs50/bvg/b03m/mcs50_b03m_s60.B03
Reading graphs...
60 :  90
60 :  90
Initializing...
maxdom : 8
D->valSize : 246
Solving...
Blb : 2 (clique : 25)
currentSize : 25 <-- 0.001757 s
currentSize : 26 <-- 0.006150 s
currentSize : 27 <-- 0.037629 s
currentSize : 28 <-- 0.318530 s
currentSize : 29 <-- 6.020032 s
currentSize : 30 <-- 7.126721 s
currentSize : 31 <-- 7.910121 s
currentSize : 32 <-- 17.762856 s
currentSize : 33 <-- 53.864231 s

maxsize : 33
nodes : 14511443.000000
filtered : 92348899.000000
time : 59.939384
