Parameters: GAD=1 vflib=1 dir=0 label=1 lowerbound=1 fileNameGp=../../cp2016-max-common-connected-subgraph-paper/datasets/graphsdb/mcs50/m3D/m3Dr6/mcs50_m3Dr6_s60.A00 fileNameGt=../../cp2016-max-common-connected-subgraph-paper/datasets/graphsdb/mcs50/m3D/m3Dr6/mcs50_m3Dr6_s60.B00
Reading graphs...
60 :  169
60 :  167
Initializing...
maxdom : 10
D->valSize : 225
Solving...
Blb : 2 (clique : 16)
currentSize : 16 <-- 0.001576 s
currentSize : 17 <-- 0.001929 s
currentSize : 18 <-- 0.012678 s
currentSize : 19 <-- 0.063962 s
currentSize : 20 <-- 0.114969 s
currentSize : 21 <-- 0.121282 s
currentSize : 22 <-- 0.126364 s
currentSize : 23 <-- 0.156440 s
currentSize : 24 <-- 0.256983 s
currentSize : 26 <-- 0.257576 s

maxsize : 26
nodes : 697972.000000
filtered : 5274925.000000
time : 3.062548
