Parameters: GAD=1 vflib=1 dir=0 label=1 lowerbound=1 fileNameGp=../../cp2016-max-common-connected-subgraph-paper/datasets/graphsdb/mcs50/bvg/b09/mcs50_b09_s100.A05 fileNameGt=../../cp2016-max-common-connected-subgraph-paper/datasets/graphsdb/mcs50/bvg/b09/mcs50_b09_s100.B05
Reading graphs...
100 :  446
100 :  449
Initializing...
maxdom : 7
D->valSize : 348
Solving...
Blb : 2 (clique : 27)
currentSize : 27 <-- 0.003579 s
currentSize : 28 <-- 0.003786 s
currentSize : 30 <-- 0.004436 s
currentSize : 32 <-- 0.010889 s
currentSize : 33 <-- 0.088171 s
currentSize : 34 <-- 0.088255 s
currentSize : 37 <-- 0.614697 s
currentSize : 38 <-- 0.615664 s
currentSize : 39 <-- 0.615765 s
currentSize : 41 <-- 0.619074 s
currentSize : 42 <-- 0.818273 s
currentSize : 43 <-- 0.820416 s
currentSize : 44 <-- 4.780542 s
currentSize : 45 <-- 5.373642 s
currentSize : 46 <-- 5.381270 s
currentSize : 48 <-- 26.610470 s
currentSize : 49 <-- 87.134781 s
currentSize : 50 <-- 87.146782 s
currentSize : 51 <-- 119.395508 s

maxsize : 51
nodes : 62815274.000000
filtered : 281627749.000000
time : 339.691803
