Parameters: GAD=1 vflib=1 dir=0 label=1 lowerbound=1 fileNameGp=../../cp2016-max-common-connected-subgraph-paper/datasets/graphsdb/mcs50/bvg/b03/mcs50_b03_s40.A01 fileNameGt=../../cp2016-max-common-connected-subgraph-paper/datasets/graphsdb/mcs50/bvg/b03/mcs50_b03_s40.B01
Reading graphs...
40 :  59
40 :  60
Initializing...
maxdom : 8
D->valSize : 205
Solving...
Blb : 2 (clique : 15)
currentSize : 15 <-- 0.001140 s
currentSize : 16 <-- 0.001268 s
currentSize : 17 <-- 0.001323 s
currentSize : 18 <-- 0.621494 s
currentSize : 19 <-- 7.155047 s
currentSize : 20 <-- 12.473592 s
currentSize : 21 <-- 13.253191 s
currentSize : 22 <-- 13.253414 s

maxsize : 22
nodes : 4733518.000000
filtered : 35362480.000000
time : 14.509900
