Parameters: GAD=1 vflib=1 dir=0 label=1 lowerbound=1 fileNameGp=../../cp2016-max-common-connected-subgraph-paper/datasets/graphsdb/mcs50/bvg/b06m/mcs50_b06m_s60.A05 fileNameGt=../../cp2016-max-common-connected-subgraph-paper/datasets/graphsdb/mcs50/bvg/b06m/mcs50_b06m_s60.B05
Reading graphs...
60 :  179
60 :  179
Initializing...
maxdom : 8
D->valSize : 256
Solving...
Blb : 3 (clique : 25)
currentSize : 25 <-- 0.001821 s
currentSize : 26 <-- 0.002042 s
currentSize : 27 <-- 0.005700 s
currentSize : 28 <-- 0.263954 s
currentSize : 29 <-- 2.700016 s
currentSize : 30 <-- 2.702895 s
currentSize : 31 <-- 2.834430 s

maxsize : 31
nodes : 4001407.000000
filtered : 16691986.000000
time : 15.554995
