Parameters: GAD=1 vflib=1 dir=0 label=1 lowerbound=1 fileNameGp=../../cp2016-max-common-connected-subgraph-paper/datasets/graphsdb/mcs50/rand/r005/mcs50_r005_s80.A02 fileNameGt=../../cp2016-max-common-connected-subgraph-paper/datasets/graphsdb/mcs50/rand/r005/mcs50_r005_s80.B02
Reading graphs...
80 :  306
80 :  309
Initializing...
maxdom : 8
D->valSize : 443
Solving...
Blb : 2 (clique : 19)
currentSize : 19 <-- 0.004077 s
currentSize : 20 <-- 0.004424 s
currentSize : 21 <-- 0.016824 s
currentSize : 22 <-- 0.048512 s
currentSize : 23 <-- 1.442430 s
currentSize : 24 <-- 1.442485 s
currentSize : 25 <-- 29.871771 s
currentSize : 26 <-- 33.618896 s
currentSize : 27 <-- 53.037563 s
currentSize : 28 <-- 53.378361 s
currentSize : 29 <-- 234.620911 s
currentSize : 31 <-- 234.621017 s
currentSize : 34 <-- 326.148499 s
currentSize : 38 <-- 416.615692 s

maxsize : 38
nodes : 92203176.000000
filtered : 1170399602.000000
time : 527.905518
