Parameters: GAD=1 vflib=1 dir=0 label=1 lowerbound=1 fileNameGp=../../cp2016-max-common-connected-subgraph-paper/datasets/graphsdb/mcs50/rand/r005/mcs50_r005_s80.A03 fileNameGt=../../cp2016-max-common-connected-subgraph-paper/datasets/graphsdb/mcs50/rand/r005/mcs50_r005_s80.B03
Reading graphs...
80 :  311
80 :  308
Initializing...
maxdom : 8
D->valSize : 410
Solving...
Blb : 2 (clique : 18)
currentSize : 18 <-- 0.005836 s
currentSize : 19 <-- 0.006032 s
currentSize : 20 <-- 0.006171 s
currentSize : 21 <-- 0.016226 s
currentSize : 22 <-- 0.388153 s
currentSize : 23 <-- 0.388189 s
currentSize : 24 <-- 3.406176 s
currentSize : 25 <-- 3.492140 s
currentSize : 26 <-- 30.404207 s
currentSize : 27 <-- 30.438742 s
currentSize : 30 <-- 85.355957 s
currentSize : 31 <-- 110.100288 s
currentSize : 33 <-- 128.708435 s
currentSize : 34 <-- 128.708679 s
currentSize : 35 <-- 128.708817 s
currentSize : 36 <-- 166.212997 s
currentSize : 38 <-- 166.213211 s
currentSize : 39 <-- 166.213409 s
currentSize : 40 <-- 171.797607 s

maxsize : 40
nodes : 32927384.000000
filtered : 367331281.000000
time : 181.019440
