Parameters: GAD=1 vflib=1 dir=0 label=1 lowerbound=1 fileNameGp=../../cp2016-max-common-connected-subgraph-paper/datasets/graphsdb/mcs50/m2D/m2D/mcs50_m2D_s60.A04 fileNameGt=../../cp2016-max-common-connected-subgraph-paper/datasets/graphsdb/mcs50/m2D/m2D/mcs50_m2D_s60.B04
Reading graphs...
60 :  104
60 :  103
Initializing...
maxdom : 7
D->valSize : 248
Solving...
Blb : 2 (clique : 23)
currentSize : 23 <-- 0.002908 s
currentSize : 24 <-- 0.003219 s
currentSize : 25 <-- 0.008665 s
currentSize : 26 <-- 0.009823 s
currentSize : 27 <-- 0.010721 s
currentSize : 28 <-- 0.879582 s
currentSize : 29 <-- 101.697723 s
currentSize : 30 <-- 237.572708 s

maxsize : 30
nodes : 99126003.000000
filtered : 686886477.000000
time : 404.052460
