Parameters: GAD=1 vflib=1 dir=0 label=1 lowerbound=1 fileNameGp=../../cp2016-max-common-connected-subgraph-paper/datasets/graphsdb/mcs50/bvg/b03m/mcs50_b03m_s100.A09 fileNameGt=../../cp2016-max-common-connected-subgraph-paper/datasets/graphsdb/mcs50/bvg/b03m/mcs50_b03m_s100.B09
Reading graphs...
100 :  149
100 :  150
Initializing...
maxdom : 7
D->valSize : 325
Solving...
Blb : 2 (clique : 44)
currentSize : 44 <-- 0.003278 s
currentSize : 47 <-- 0.003597 s
currentSize : 48 <-- 0.265184 s
currentSize : 49 <-- 0.266186 s
currentSize : 50 <-- 0.271421 s
currentSize : 51 <-- 58.631454 s
currentSize : 52 <-- 928.471313 s
currentSize : 53 <-- 983.366638 s

TIMEOUT
maxsize : 53
nodes : 233589388.000000
filtered : 481379833.000000
time : 1000.000122
