Parameters: GAD=1 vflib=1 dir=0 label=1 lowerbound=1 fileNameGp=../../cp2016-max-common-connected-subgraph-paper/datasets/graphsdb/mcs50/rand/r02/mcs50_r02_s90.A00 fileNameGt=../../cp2016-max-common-connected-subgraph-paper/datasets/graphsdb/mcs50/rand/r02/mcs50_r02_s90.B00
Reading graphs...
90 :  1433
90 :  1416
Initializing...
maxdom : 13
D->valSize : 606
Solving...
Blb : 2 (clique : 8)
currentSize : 8 <-- 0.009794 s
currentSize : 9 <-- 0.009958 s
currentSize : 10 <-- 0.009985 s
currentSize : 12 <-- 0.013804 s
currentSize : 13 <-- 0.067029 s
currentSize : 18 <-- 0.067099 s
currentSize : 23 <-- 0.216780 s
currentSize : 24 <-- 0.311338 s
currentSize : 25 <-- 0.311429 s
currentSize : 26 <-- 0.343084 s
currentSize : 27 <-- 0.343220 s
currentSize : 34 <-- 0.422331 s
currentSize : 35 <-- 0.422443 s
currentSize : 36 <-- 0.430826 s

maxsize : 36
nodes : 105219.000000
filtered : 1304992.000000
time : 0.873851
