Parameters: GAD=1 vflib=1 dir=0 label=1 lowerbound=1 fileNameGp=../../cp2016-max-common-connected-subgraph-paper/datasets/graphsdb/mcs50/rand/r005/mcs50_r005_s60.A00 fileNameGt=../../cp2016-max-common-connected-subgraph-paper/datasets/graphsdb/mcs50/rand/r005/mcs50_r005_s60.B00
Reading graphs...
60 :  172
60 :  173
Initializing...
maxdom : 6
D->valSize : 252
Solving...
Blb : 5 (clique : 21)
currentSize : 21 <-- 0.002771 s
currentSize : 22 <-- 0.029195 s
currentSize : 23 <-- 0.079699 s
currentSize : 24 <-- 0.178648 s
currentSize : 25 <-- 1.504478 s
currentSize : 26 <-- 1.507706 s
currentSize : 27 <-- 1.712533 s
currentSize : 28 <-- 1.714256 s
currentSize : 29 <-- 1.714597 s
currentSize : 30 <-- 2.413285 s

maxsize : 30
nodes : 1105723.000000
filtered : 10077992.000000
time : 5.328060
