Parameters: GAD=1 vflib=1 dir=0 label=1 lowerbound=1 fileNameGp=../../cp2016-max-common-connected-subgraph-paper/datasets/graphsdb/mcs50/rand/r01/mcs50_r01_s100.A07 fileNameGt=../../cp2016-max-common-connected-subgraph-paper/datasets/graphsdb/mcs50/rand/r01/mcs50_r01_s100.B07
Reading graphs...
100 :  934
100 :  948
Initializing...
maxdom : 9
D->valSize : 348
Solving...
Blb : 2 (clique : 20)
currentSize : 20 <-- 0.005147 s
currentSize : 22 <-- 0.007315 s
currentSize : 23 <-- 0.013062 s
currentSize : 24 <-- 0.013151 s
currentSize : 31 <-- 0.019083 s
currentSize : 33 <-- 0.088863 s
currentSize : 34 <-- 0.110250 s
currentSize : 37 <-- 0.110348 s
currentSize : 46 <-- 0.121153 s

maxsize : 46
nodes : 114258.000000
filtered : 810065.000000
time : 0.706809
