Parameters: GAD=1 vflib=1 dir=0 label=1 lowerbound=1 fileNameGp=../../cp2016-max-common-connected-subgraph-paper/datasets/graphsdb/mcs50/m2D/m2Dr4/mcs50_m2Dr4_s100.A06 fileNameGt=../../cp2016-max-common-connected-subgraph-paper/datasets/graphsdb/mcs50/m2D/m2Dr4/mcs50_m2Dr4_s100.B06
Reading graphs...
100 :  219
100 :  219
Initializing...
maxdom : 5
D->valSize : 350
Solving...
Blb : 2 (clique : 42)
currentSize : 42 <-- 0.003517 s
currentSize : 44 <-- 0.190362 s
currentSize : 45 <-- 0.254216 s
currentSize : 47 <-- 1.139287 s
currentSize : 48 <-- 1.139434 s
currentSize : 49 <-- 1.150303 s
currentSize : 50 <-- 1.816188 s
currentSize : 51 <-- 3.844518 s

TIMEOUT
maxsize : 51
nodes : 211030766.000000
filtered : 529515616.000000
time : 1000.000061
