Parameters: GAD=1 vflib=1 dir=0 label=1 lowerbound=1 fileNameGp=../../cp2016-max-common-connected-subgraph-paper/datasets/graphsdb/mcs50/bvg/b06/mcs50_b06_s90.A00 fileNameGt=../../cp2016-max-common-connected-subgraph-paper/datasets/graphsdb/mcs50/bvg/b06/mcs50_b06_s90.B00
Reading graphs...
90 :  268
90 :  269
Initializing...
maxdom : 10
D->valSize : 560
Solving...
Blb : 2 (clique : 36)
currentSize : 36 <-- 0.010672 s
currentSize : 37 <-- 0.013072 s
currentSize : 38 <-- 0.013189 s
currentSize : 40 <-- 0.254093 s
currentSize : 41 <-- 0.254145 s
currentSize : 42 <-- 0.254259 s
currentSize : 43 <-- 2.119483 s
currentSize : 44 <-- 6.301488 s
currentSize : 45 <-- 6.301595 s
currentSize : 46 <-- 12.088629 s

TIMEOUT
maxsize : 46
nodes : 164545586.000000
filtered : 1594141525.000000
time : 1000.000122
