Parameters: GAD=1 vflib=1 dir=0 label=1 lowerbound=1 fileNameGp=../../cp2016-max-common-connected-subgraph-paper/datasets/graphsdb/mcs50/m2D/m2D/mcs50_m2D_s60.A06 fileNameGt=../../cp2016-max-common-connected-subgraph-paper/datasets/graphsdb/mcs50/m2D/m2D/mcs50_m2D_s60.B06
Reading graphs...
60 :  104
60 :  104
Initializing...
maxdom : 6
D->valSize : 249
Solving...
Blb : 2 (clique : 23)
currentSize : 23 <-- 0.001719 s
currentSize : 26 <-- 0.001840 s
currentSize : 27 <-- 0.022059 s
currentSize : 28 <-- 0.125942 s
currentSize : 29 <-- 58.904755 s
currentSize : 30 <-- 137.036743 s

maxsize : 30
nodes : 135275457.000000
filtered : 876246028.000000
time : 547.701782
