Parameters: GAD=1 vflib=1 dir=0 label=1 lowerbound=1 fileNameGp=../../cp2016-max-common-connected-subgraph-paper/datasets/graphsdb/mcs50/rand/r005/mcs50_r005_s60.A05 fileNameGt=../../cp2016-max-common-connected-subgraph-paper/datasets/graphsdb/mcs50/rand/r005/mcs50_r005_s60.B05
Reading graphs...
60 :  172
60 :  173
Initializing...
maxdom : 6
D->valSize : 247
Solving...
Blb : 2 (clique : 16)
currentSize : 16 <-- 0.001654 s
currentSize : 17 <-- 0.002222 s
currentSize : 18 <-- 0.002296 s
currentSize : 21 <-- 0.004262 s
currentSize : 22 <-- 0.016380 s
currentSize : 23 <-- 0.019503 s
currentSize : 24 <-- 0.019976 s
currentSize : 25 <-- 0.149424 s
currentSize : 27 <-- 0.226639 s
currentSize : 28 <-- 0.226689 s
currentSize : 29 <-- 0.773994 s
currentSize : 30 <-- 0.774047 s

maxsize : 30
nodes : 421817.000000
filtered : 3460539.000000
time : 1.896579
