Parameters: GAD=1 vflib=1 dir=0 label=1 lowerbound=1 fileNameGp=../../cp2016-max-common-connected-subgraph-paper/datasets/graphsdb/mcs50/m2D/m2Dr2/mcs50_m2Dr2_s80.A04 fileNameGt=../../cp2016-max-common-connected-subgraph-paper/datasets/graphsdb/mcs50/m2D/m2Dr2/mcs50_m2Dr2_s80.B04
Reading graphs...
80 :  158
80 :  158
Initializing...
maxdom : 9
D->valSize : 429
Solving...
Blb : 2 (clique : 28)
currentSize : 28 <-- 0.004120 s
currentSize : 29 <-- 0.010513 s
currentSize : 30 <-- 0.012622 s
currentSize : 31 <-- 0.017700 s
currentSize : 32 <-- 0.025703 s
currentSize : 33 <-- 0.073623 s
currentSize : 34 <-- 0.082215 s

TIMEOUT
maxsize : 34
nodes : 206789199.000000
filtered : 1641355273.000000
time : 1000.000000
