Parameters: GAD=1 vflib=1 dir=0 label=1 lowerbound=1 fileNameGp=../../cp2016-max-common-connected-subgraph-paper/datasets/graphsdb/mcs50/rand/r005/mcs50_r005_s70.A06 fileNameGt=../../cp2016-max-common-connected-subgraph-paper/datasets/graphsdb/mcs50/rand/r005/mcs50_r005_s70.B06
Reading graphs...
70 :  232
70 :  232
Initializing...
maxdom : 7
D->valSize : 328
Solving...
Blb : 2 (clique : 28)
currentSize : 28 <-- 0.002597 s
currentSize : 29 <-- 0.002834 s
currentSize : 30 <-- 0.004232 s
currentSize : 31 <-- 0.004307 s
currentSize : 32 <-- 0.004704 s
currentSize : 33 <-- 0.004837 s
currentSize : 34 <-- 1.905568 s
currentSize : 35 <-- 1.905708 s

maxsize : 35
nodes : 5229292.000000
filtered : 44634491.000000
time : 26.339209
