Parameters: GAD=1 vflib=1 dir=0 label=1 lowerbound=1 fileNameGp=../../cp2016-max-common-connected-subgraph-paper/datasets/graphsdb/mcs50/bvg/b06m/mcs50_b06m_s40.A05 fileNameGt=../../cp2016-max-common-connected-subgraph-paper/datasets/graphsdb/mcs50/bvg/b06m/mcs50_b06m_s40.B05
Reading graphs...
40 :  115
40 :  114
Initializing...
maxdom : 7
D->valSize : 200
Solving...
Blb : 2 (clique : 11)
currentSize : 11 <-- 0.001111 s
currentSize : 12 <-- 0.003488 s
currentSize : 13 <-- 0.018856 s
currentSize : 14 <-- 0.024717 s
currentSize : 15 <-- 0.075963 s
currentSize : 16 <-- 0.126808 s
currentSize : 17 <-- 0.165489 s
currentSize : 18 <-- 0.173553 s
currentSize : 19 <-- 0.174258 s

maxsize : 19
nodes : 81000.000000
filtered : 629213.000000
time : 0.312239
