Parameters: GAD=1 vflib=1 dir=0 label=1 lowerbound=1 fileNameGp=../../cp2016-max-common-connected-subgraph-paper/datasets/graphsdb/mcs50/m2D/m2D/mcs50_m2D_s60.A03 fileNameGt=../../cp2016-max-common-connected-subgraph-paper/datasets/graphsdb/mcs50/m2D/m2D/mcs50_m2D_s60.B03
Reading graphs...
60 :  102
60 :  103
Initializing...
maxdom : 6
D->valSize : 238
Solving...
Blb : 2 (clique : 26)
currentSize : 26 <-- 0.001656 s
currentSize : 27 <-- 0.003105 s
currentSize : 28 <-- 0.031308 s
currentSize : 29 <-- 0.250566 s
currentSize : 30 <-- 41.100807 s
currentSize : 31 <-- 56.368408 s

maxsize : 31
nodes : 27590293.000000
filtered : 154034727.000000
time : 109.097824
