Parameters: GAD=1 vflib=1 dir=0 label=1 lowerbound=1 fileNameGp=../../cp2016-max-common-connected-subgraph-paper/datasets/graphsdb/mcs50/m2D/m2Dr2/mcs50_m2Dr2_s100.A05 fileNameGt=../../cp2016-max-common-connected-subgraph-paper/datasets/graphsdb/mcs50/m2D/m2Dr2/mcs50_m2Dr2_s100.B05
Reading graphs...
100 :  197
100 :  196
Initializing...
maxdom : 7
D->valSize : 368
Solving...
Blb : 2 (clique : 37)
currentSize : 37 <-- 0.003872 s
currentSize : 38 <-- 0.005305 s
currentSize : 39 <-- 0.005654 s
currentSize : 40 <-- 0.006917 s
currentSize : 41 <-- 0.019333 s
currentSize : 42 <-- 1.543657 s
currentSize : 43 <-- 2.565267 s
currentSize : 44 <-- 4.577199 s
currentSize : 45 <-- 9.034944 s
currentSize : 46 <-- 13.172520 s
currentSize : 47 <-- 20.755262 s
currentSize : 48 <-- 52.846970 s
currentSize : 49 <-- 115.142204 s
currentSize : 50 <-- 117.349533 s
currentSize : 51 <-- 144.520996 s
currentSize : 52 <-- 313.069611 s

TIMEOUT
maxsize : 52
nodes : 204300428.000000
filtered : 554783481.000000
time : 1000.000122
