Parameters: GAD=1 vflib=1 dir=0 label=1 lowerbound=1 fileNameGp=../../cp2016-max-common-connected-subgraph-paper/datasets/graphsdb/mcs50/bvg/b03m/mcs50_b03m_s80.A01 fileNameGt=../../cp2016-max-common-connected-subgraph-paper/datasets/graphsdb/mcs50/bvg/b03m/mcs50_b03m_s80.B01
Reading graphs...
80 :  120
80 :  120
Initializing...
maxdom : 7
D->valSize : 420
Solving...
Blb : 2 (clique : 33)
currentSize : 33 <-- 0.004089 s
currentSize : 34 <-- 0.004826 s
currentSize : 35 <-- 0.056044 s
currentSize : 36 <-- 0.066568 s
currentSize : 37 <-- 135.800720 s
currentSize : 38 <-- 157.727097 s
currentSize : 39 <-- 474.245911 s
currentSize : 40 <-- 722.934998 s
currentSize : 41 <-- 774.942139 s

TIMEOUT
maxsize : 41
nodes : 195720700.000000
filtered : 1343182966.000000
time : 1000.000061
