Parameters: GAD=1 vflib=1 dir=0 label=1 lowerbound=1 fileNameGp=../../cp2016-max-common-connected-subgraph-paper/datasets/graphsdb/mcs50/bvg/b09/mcs50_b09_s80.A07 fileNameGt=../../cp2016-max-common-connected-subgraph-paper/datasets/graphsdb/mcs50/bvg/b09/mcs50_b09_s80.B07
Reading graphs...
80 :  357
80 :  356
Initializing...
maxdom : 9
D->valSize : 409
Solving...
Blb : 2 (clique : 23)
currentSize : 23 <-- 0.003763 s
currentSize : 24 <-- 0.760852 s
currentSize : 25 <-- 0.761886 s
currentSize : 26 <-- 1.879518 s
currentSize : 29 <-- 2.715665 s
currentSize : 32 <-- 2.718067 s
currentSize : 34 <-- 2.718356 s
currentSize : 36 <-- 18.102625 s
currentSize : 37 <-- 20.358921 s
currentSize : 38 <-- 44.385254 s
currentSize : 39 <-- 95.843735 s
currentSize : 40 <-- 100.993507 s

maxsize : 40
nodes : 25539239.000000
filtered : 144692671.000000
time : 121.697372
