Parameters: GAD=1 vflib=1 dir=0 label=1 lowerbound=1 fileNameGp=../../cp2016-max-common-connected-subgraph-paper/datasets/graphsdb/mcs50/rand/r001/mcs50_r001_s100.A06 fileNameGt=../../cp2016-max-common-connected-subgraph-paper/datasets/graphsdb/mcs50/rand/r001/mcs50_r001_s100.B06
Reading graphs...
100 :  124
100 :  123
Initializing...
maxdom : 6
D->valSize : 352
Solving...
Blb : 2 (clique : 47)
currentSize : 47 <-- 0.003714 s
currentSize : 48 <-- 0.093927 s
currentSize : 49 <-- 0.094696 s
currentSize : 50 <-- 16.842840 s
currentSize : 51 <-- 42.151005 s
currentSize : 52 <-- 71.085121 s
currentSize : 53 <-- 501.918213 s

TIMEOUT
maxsize : 53
nodes : 202733686.000000
filtered : 582692137.000000
time : 1000.000122
