Parameters: GAD=1 vflib=1 dir=0 label=1 lowerbound=1 fileNameGp=../../cp2016-max-common-connected-subgraph-paper/datasets/graphsdb/mcs50/bvg/b03m/mcs50_b03m_s90.A03 fileNameGt=../../cp2016-max-common-connected-subgraph-paper/datasets/graphsdb/mcs50/bvg/b03m/mcs50_b03m_s90.B03
Reading graphs...
90 :  135
90 :  135
Initializing...
maxdom : 13
D->valSize : 561
Solving...
Blb : 2 (clique : 41)
currentSize : 41 <-- 0.006689 s
currentSize : 42 <-- 0.008292 s
currentSize : 43 <-- 0.037430 s
currentSize : 44 <-- 0.063518 s
currentSize : 45 <-- 0.092934 s
currentSize : 46 <-- 1.374094 s

TIMEOUT
maxsize : 46
nodes : 181367754.000000
filtered : 1470462233.000000
time : 1000.000061
