Parameters: GAD=1 vflib=1 dir=0 label=1 lowerbound=1 fileNameGp=../../cp2016-max-common-connected-subgraph-paper/datasets/graphsdb/mcs50/bvg/b09/mcs50_b09_s70.A01 fileNameGt=../../cp2016-max-common-connected-subgraph-paper/datasets/graphsdb/mcs50/bvg/b09/mcs50_b09_s70.B01
Reading graphs...
70 :  311
70 :  313
Initializing...
maxdom : 7
D->valSize : 314
Solving...
Blb : 3 (clique : 18)
currentSize : 18 <-- 0.002485 s
currentSize : 19 <-- 0.013704 s
currentSize : 20 <-- 0.013754 s
currentSize : 21 <-- 0.014017 s
currentSize : 22 <-- 0.222527 s
currentSize : 24 <-- 0.920343 s
currentSize : 26 <-- 0.920518 s
currentSize : 27 <-- 0.921094 s
currentSize : 28 <-- 0.953462 s
currentSize : 29 <-- 0.953593 s
currentSize : 30 <-- 1.717615 s
currentSize : 31 <-- 7.703983 s
currentSize : 32 <-- 7.704045 s
currentSize : 33 <-- 7.757961 s
currentSize : 34 <-- 7.805714 s

maxsize : 34
nodes : 4502194.000000
filtered : 18959279.000000
time : 18.184237
