Parameters: GAD=1 vflib=1 dir=0 label=1 lowerbound=1 fileNameGp=../../cp2016-max-common-connected-subgraph-paper/datasets/graphsdb/mcs50/rand/r01/mcs50_r01_s90.A01 fileNameGt=../../cp2016-max-common-connected-subgraph-paper/datasets/graphsdb/mcs50/rand/r01/mcs50_r01_s90.B01
Reading graphs...
90 :  761
90 :  762
Initializing...
maxdom : 9
D->valSize : 557
Solving...
Blb : 2 (clique : 18)
currentSize : 18 <-- 0.005928 s
currentSize : 20 <-- 0.006090 s
currentSize : 21 <-- 0.006260 s
currentSize : 22 <-- 0.703319 s
currentSize : 23 <-- 0.713813 s
currentSize : 25 <-- 0.896422 s
currentSize : 26 <-- 1.003016 s
currentSize : 30 <-- 1.184786 s
currentSize : 32 <-- 4.024113 s
currentSize : 42 <-- 5.523305 s

maxsize : 42
nodes : 1233825.000000
filtered : 20450891.000000
time : 8.421668
