Parameters: GAD=1 vflib=1 dir=0 label=1 lowerbound=1 fileNameGp=../../cp2016-max-common-connected-subgraph-paper/datasets/graphsdb/mcs50/bvg/b06m/mcs50_b06m_s80.A01 fileNameGt=../../cp2016-max-common-connected-subgraph-paper/datasets/graphsdb/mcs50/bvg/b06m/mcs50_b06m_s80.B01
Reading graphs...
80 :  238
80 :  237
Initializing...
maxdom : 9
D->valSize : 443
Solving...
Blb : 2 (clique : 33)
currentSize : 33 <-- 0.004397 s
currentSize : 34 <-- 0.006042 s
currentSize : 36 <-- 0.007927 s
currentSize : 37 <-- 34.243847 s
currentSize : 38 <-- 115.814262 s
currentSize : 39 <-- 278.167847 s
currentSize : 40 <-- 278.378479 s

TIMEOUT
maxsize : 40
nodes : 210303683.000000
filtered : 963324420.000000
time : 1000.000061
