Parameters: GAD=1 vflib=1 dir=0 label=1 lowerbound=1 fileNameGp=../../cp2016-max-common-connected-subgraph-paper/datasets/graphsdb/mcs50/m2D/m2D/mcs50_m2D_s80.A07 fileNameGt=../../cp2016-max-common-connected-subgraph-paper/datasets/graphsdb/mcs50/m2D/m2D/mcs50_m2D_s80.B07
Reading graphs...
80 :  142
80 :  140
Initializing...
maxdom : 8
D->valSize : 429
Solving...
Blb : 2 (clique : 28)
currentSize : 28 <-- 0.004210 s
currentSize : 31 <-- 0.004421 s
currentSize : 32 <-- 0.020857 s
currentSize : 33 <-- 0.037980 s
currentSize : 34 <-- 0.039505 s
currentSize : 35 <-- 8.424721 s

TIMEOUT
maxsize : 35
nodes : 195901571.000000
filtered : 1512184219.000000
time : 1000.000061
