Parameters: GAD=1 vflib=1 dir=0 label=1 lowerbound=1 fileNameGp=../../cp2016-max-common-connected-subgraph-paper/datasets/graphsdb/mcs50/m3D/m3D/mcs50_m3D_s50.A07 fileNameGt=../../cp2016-max-common-connected-subgraph-paper/datasets/graphsdb/mcs50/m3D/m3D/mcs50_m3D_s50.B07
Reading graphs...
50 :  109
50 :  109
Initializing...
maxdom : 9
D->valSize : 323
Solving...
Blb : 5 (clique : 17)
currentSize : 17 <-- 0.002259 s
currentSize : 18 <-- 0.002375 s
currentSize : 19 <-- 0.002586 s
currentSize : 20 <-- 0.796778 s
currentSize : 21 <-- 1.214372 s
currentSize : 22 <-- 1.289693 s
currentSize : 23 <-- 2.755422 s
currentSize : 24 <-- 4.663410 s
currentSize : 25 <-- 10.434943 s
currentSize : 26 <-- 22.266968 s
currentSize : 27 <-- 41.627556 s

maxsize : 27
nodes : 9697654.000000
filtered : 128863375.000000
time : 43.296535
