Parameters: GAD=1 vflib=1 dir=0 label=1 lowerbound=1 fileNameGp=../../cp2016-max-common-connected-subgraph-paper/datasets/graphsdb/mcs50/m2D/m2D/mcs50_m2D_s70.A04 fileNameGt=../../cp2016-max-common-connected-subgraph-paper/datasets/graphsdb/mcs50/m2D/m2D/mcs50_m2D_s70.B04
Reading graphs...
70 :  121
70 :  123
Initializing...
maxdom : 7
D->valSize : 324
Solving...
Blb : 2 (clique : 29)
currentSize : 29 <-- 0.002722 s
currentSize : 30 <-- 0.002924 s
currentSize : 31 <-- 0.084813 s
currentSize : 32 <-- 1.625765 s
currentSize : 33 <-- 1.677481 s
currentSize : 34 <-- 1.748809 s
currentSize : 35 <-- 12.657516 s
currentSize : 36 <-- 13.544542 s
currentSize : 37 <-- 42.341568 s
currentSize : 39 <-- 200.577164 s

TIMEOUT
maxsize : 39
nodes : 209958411.000000
filtered : 1370175684.000000
time : 1000.000061
