Parameters: GAD=1 vflib=1 dir=0 label=1 lowerbound=1 fileNameGp=../../cp2016-max-common-connected-subgraph-paper/datasets/graphsdb/mcs50/m2D/m2Dr6/mcs50_m2Dr6_s90.A08 fileNameGt=../../cp2016-max-common-connected-subgraph-paper/datasets/graphsdb/mcs50/m2D/m2Dr6/mcs50_m2Dr6_s90.B08
Reading graphs...
90 :  213
90 :  213
Initializing...
maxdom : 8
D->valSize : 532
Solving...
Blb : 2 (clique : 27)
currentSize : 27 <-- 0.009973 s
currentSize : 28 <-- 0.011074 s
currentSize : 29 <-- 0.080712 s
currentSize : 30 <-- 0.539885 s
currentSize : 31 <-- 3.424586 s
currentSize : 32 <-- 6.344405 s
currentSize : 33 <-- 50.240143 s
currentSize : 34 <-- 67.528366 s
currentSize : 35 <-- 82.234924 s

TIMEOUT
maxsize : 35
nodes : 197629326.000000
filtered : 1398080994.000000
time : 1000.000061
