Parameters: GAD=1 vflib=1 dir=0 label=1 lowerbound=1 fileNameGp=../../cp2016-max-common-connected-subgraph-paper/datasets/graphsdb/mcs50/m3D/m3Dr2/mcs50_m3Dr2_s50.A08 fileNameGt=../../cp2016-max-common-connected-subgraph-paper/datasets/graphsdb/mcs50/m3D/m3Dr2/mcs50_m3Dr2_s50.B08
Reading graphs...
50 :  117
50 :  117
Initializing...
maxdom : 12
D->valSize : 341
Solving...
Blb : 2 (clique : 17)
currentSize : 17 <-- 0.002421 s
currentSize : 19 <-- 0.003554 s
currentSize : 20 <-- 0.019644 s
currentSize : 21 <-- 17.408133 s
currentSize : 22 <-- 34.665218 s
currentSize : 23 <-- 39.855408 s
currentSize : 24 <-- 70.136604 s
currentSize : 25 <-- 70.136803 s
currentSize : 26 <-- 70.136993 s
currentSize : 27 <-- 70.137352 s
currentSize : 28 <-- 70.138283 s

maxsize : 28
nodes : 19082771.000000
filtered : 208018657.000000
time : 72.173553
