Parameters: GAD=1 vflib=1 dir=0 label=1 lowerbound=1 fileNameGp=../../cp2016-max-common-connected-subgraph-paper/datasets/graphsdb/mcs50/rand/r005/mcs50_r005_s70.A07 fileNameGt=../../cp2016-max-common-connected-subgraph-paper/datasets/graphsdb/mcs50/rand/r005/mcs50_r005_s70.B07
Reading graphs...
70 :  237
70 :  234
Initializing...
maxdom : 12
D->valSize : 378
Solving...
Blb : 2 (clique : 21)
currentSize : 21 <-- 0.003176 s
currentSize : 25 <-- 0.003361 s
currentSize : 26 <-- 0.003841 s
currentSize : 27 <-- 0.004970 s
currentSize : 28 <-- 0.005061 s
currentSize : 30 <-- 0.007471 s
currentSize : 32 <-- 0.007536 s
currentSize : 33 <-- 3.857287 s
currentSize : 35 <-- 3.857386 s

maxsize : 35
nodes : 1375515.000000
filtered : 16779156.000000
time : 7.811421
