Parameters: GAD=1 vflib=1 dir=0 label=1 lowerbound=1 fileNameGp=../../cp2016-max-common-connected-subgraph-paper/datasets/graphsdb/mcs50/rand/r02/mcs50_r02_s80.A06 fileNameGt=../../cp2016-max-common-connected-subgraph-paper/datasets/graphsdb/mcs50/rand/r02/mcs50_r02_s80.B06
Reading graphs...
80 :  1133
80 :  1135
Initializing...
maxdom : 8
D->valSize : 435
Solving...
Blb : 5 (clique : 8)
currentSize : 8 <-- 0.005951 s
currentSize : 9 <-- 0.007397 s
currentSize : 10 <-- 0.023788 s
currentSize : 12 <-- 0.023865 s
currentSize : 13 <-- 0.059102 s
currentSize : 14 <-- 0.059178 s
currentSize : 15 <-- 0.059488 s
currentSize : 19 <-- 0.079348 s
currentSize : 20 <-- 0.079521 s
currentSize : 21 <-- 0.080565 s
currentSize : 27 <-- 0.120771 s
currentSize : 29 <-- 0.122064 s

maxsize : 29
nodes : 222074.000000
filtered : 988533.000000
time : 1.036653
