Parameters: GAD=1 vflib=1 dir=0 label=1 lowerbound=1 fileNameGp=../../cp2016-max-common-connected-subgraph-paper/datasets/graphsdb/mcs50/m2D/m2Dr6/mcs50_m2Dr6_s100.A09 fileNameGt=../../cp2016-max-common-connected-subgraph-paper/datasets/graphsdb/mcs50/m2D/m2Dr6/mcs50_m2Dr6_s100.B09
Reading graphs...
100 :  238
100 :  236
Initializing...
maxdom : 8
D->valSize : 352
Solving...
Blb : 2 (clique : 37)
currentSize : 37 <-- 0.003587 s
currentSize : 38 <-- 0.012588 s
currentSize : 39 <-- 0.012687 s
currentSize : 40 <-- 0.025214 s
currentSize : 41 <-- 0.381581 s
currentSize : 42 <-- 1.435997 s
currentSize : 43 <-- 30.283009 s
currentSize : 44 <-- 946.838806 s

TIMEOUT
maxsize : 44
nodes : 226144737.000000
filtered : 608583519.000000
time : 1000.000061
