Parameters: GAD=1 vflib=1 dir=0 label=1 lowerbound=1 fileNameGp=../../cp2016-max-common-connected-subgraph-paper/datasets/graphsdb/mcs50/rand/r005/mcs50_r005_s90.A08 fileNameGt=../../cp2016-max-common-connected-subgraph-paper/datasets/graphsdb/mcs50/rand/r005/mcs50_r005_s90.B08
Reading graphs...
90 :  384
90 :  390
Initializing...
maxdom : 10
D->valSize : 542
Solving...
Blb : 2 (clique : 21)
currentSize : 21 <-- 0.009921 s
currentSize : 33 <-- 0.010276 s
currentSize : 35 <-- 0.010521 s
currentSize : 36 <-- 0.010909 s
currentSize : 37 <-- 0.043670 s
currentSize : 38 <-- 0.044150 s
currentSize : 39 <-- 0.044356 s
currentSize : 40 <-- 0.146489 s
currentSize : 41 <-- 0.181740 s
currentSize : 43 <-- 0.190299 s

maxsize : 43
nodes : 125193325.000000
filtered : 2367847788.000000
time : 949.372314
