Parameters: GAD=1 vflib=1 dir=0 label=1 lowerbound=1 fileNameGp=../../cp2016-max-common-connected-subgraph-paper/datasets/graphsdb/mcs50/m3D/m3Dr6/mcs50_m3Dr6_s60.A04 fileNameGt=../../cp2016-max-common-connected-subgraph-paper/datasets/graphsdb/mcs50/m3D/m3Dr6/mcs50_m3Dr6_s60.B04
Reading graphs...
60 :  170
60 :  170
Initializing...
maxdom : 9
D->valSize : 236
Solving...
Blb : 2 (clique : 18)
currentSize : 18 <-- 0.001549 s
currentSize : 19 <-- 0.001660 s
currentSize : 20 <-- 0.001702 s
currentSize : 21 <-- 0.002474 s
currentSize : 22 <-- 0.013075 s
currentSize : 23 <-- 0.013809 s
currentSize : 24 <-- 2.129200 s
currentSize : 26 <-- 3.627121 s
currentSize : 27 <-- 3.687326 s
currentSize : 28 <-- 3.687444 s
currentSize : 29 <-- 3.692349 s

maxsize : 29
nodes : 1117087.000000
filtered : 5678733.000000
time : 4.339616
