Parameters: GAD=1 vflib=1 dir=0 label=1 lowerbound=1 fileNameGp=../../cp2016-max-common-connected-subgraph-paper/datasets/graphsdb/mcs50/m2D/m2Dr2/mcs50_m2Dr2_s80.A00 fileNameGt=../../cp2016-max-common-connected-subgraph-paper/datasets/graphsdb/mcs50/m2D/m2Dr2/mcs50_m2Dr2_s80.B00
Reading graphs...
80 :  158
80 :  157
Initializing...
maxdom : 11
D->valSize : 454
Solving...
Blb : 2 (clique : 32)
currentSize : 32 <-- 0.004606 s
currentSize : 34 <-- 0.004839 s
currentSize : 35 <-- 0.005122 s
currentSize : 36 <-- 0.005204 s
currentSize : 38 <-- 0.041688 s
currentSize : 39 <-- 0.041778 s
currentSize : 40 <-- 59.690765 s

TIMEOUT
maxsize : 40
nodes : 184463388.000000
filtered : 1434829565.000000
time : 1000.000122
