Parameters: GAD=1 vflib=1 dir=0 label=1 lowerbound=1 fileNameGp=../../cp2016-max-common-connected-subgraph-paper/datasets/graphsdb/mcs50/m2D/m2Dr6/mcs50_m2Dr6_s60.A01 fileNameGt=../../cp2016-max-common-connected-subgraph-paper/datasets/graphsdb/mcs50/m2D/m2Dr6/mcs50_m2Dr6_s60.B01
Reading graphs...
60 :  135
60 :  139
Initializing...
maxdom : 6
D->valSize : 223
Solving...
Blb : 5 (clique : 22)
currentSize : 22 <-- 0.001515 s
currentSize : 23 <-- 0.613887 s
currentSize : 24 <-- 1.628314 s
currentSize : 25 <-- 1.646850 s
currentSize : 27 <-- 3.060579 s
currentSize : 28 <-- 10.040967 s
currentSize : 29 <-- 10.040986 s

maxsize : 29
nodes : 6493518.000000
filtered : 38863449.000000
time : 26.384987
