Parameters: GAD=1 vflib=1 dir=0 label=1 lowerbound=1 fileNameGp=../../cp2016-max-common-connected-subgraph-paper/datasets/graphsdb/mcs50/bvg/b09/mcs50_b09_s70.A05 fileNameGt=../../cp2016-max-common-connected-subgraph-paper/datasets/graphsdb/mcs50/bvg/b09/mcs50_b09_s70.B05
Reading graphs...
70 :  311
70 :  311
Initializing...
maxdom : 9
D->valSize : 329
Solving...
Blb : 2 (clique : 16)
currentSize : 16 <-- 0.002616 s
currentSize : 17 <-- 0.018406 s
currentSize : 18 <-- 0.021052 s
currentSize : 19 <-- 0.021185 s
currentSize : 20 <-- 0.021393 s
currentSize : 21 <-- 0.038689 s
currentSize : 22 <-- 0.040645 s
currentSize : 23 <-- 0.235469 s
currentSize : 24 <-- 1.208343 s
currentSize : 25 <-- 2.304155 s
currentSize : 26 <-- 8.199079 s
currentSize : 32 <-- 10.934455 s
currentSize : 34 <-- 10.934528 s
currentSize : 35 <-- 10.938185 s

maxsize : 35
nodes : 2938916.000000
filtered : 18541099.000000
time : 13.010678
