Parameters: GAD=1 vflib=1 dir=0 label=1 lowerbound=1 fileNameGp=../../cp2016-max-common-connected-subgraph-paper/datasets/graphsdb/mcs50/bvg/b03m/mcs50_b03m_s60.A08 fileNameGt=../../cp2016-max-common-connected-subgraph-paper/datasets/graphsdb/mcs50/bvg/b03m/mcs50_b03m_s60.B08
Reading graphs...
60 :  90
60 :  90
Initializing...
maxdom : 9
D->valSize : 268
Solving...
Blb : 3 (clique : 26)
currentSize : 26 <-- 0.003202 s
currentSize : 27 <-- 0.009746 s
currentSize : 28 <-- 0.011184 s
currentSize : 29 <-- 0.063698 s
currentSize : 30 <-- 0.082339 s
currentSize : 31 <-- 0.082445 s
currentSize : 32 <-- 0.151096 s
currentSize : 33 <-- 7.752385 s
currentSize : 34 <-- 8.219476 s

maxsize : 34
nodes : 4385389.000000
filtered : 32209619.000000
time : 20.119473
