Parameters: GAD=1 vflib=1 dir=0 label=1 lowerbound=1 fileNameGp=../../cp2016-max-common-connected-subgraph-paper/datasets/graphsdb/mcs50/bvg/b06m/mcs50_b06m_s80.A06 fileNameGt=../../cp2016-max-common-connected-subgraph-paper/datasets/graphsdb/mcs50/bvg/b06m/mcs50_b06m_s80.B06
Reading graphs...
80 :  239
80 :  236
Initializing...
maxdom : 8
D->valSize : 419
Solving...
Blb : 3 (clique : 28)
currentSize : 28 <-- 0.003967 s
currentSize : 29 <-- 0.004437 s
currentSize : 30 <-- 0.005205 s
currentSize : 32 <-- 0.008664 s
currentSize : 33 <-- 0.028308 s
currentSize : 34 <-- 0.058371 s
currentSize : 36 <-- 0.077027 s
currentSize : 38 <-- 0.854904 s
currentSize : 41 <-- 2.090396 s
currentSize : 42 <-- 26.443789 s

maxsize : 42
nodes : 52556814.000000
filtered : 412126566.000000
time : 291.739868
