Parameters: GAD=1 vflib=1 dir=0 label=1 lowerbound=1 fileNameGp=../../cp2016-max-common-connected-subgraph-paper/datasets/graphsdb/mcs50/bvg/b06/mcs50_b06_s60.A00 fileNameGt=../../cp2016-max-common-connected-subgraph-paper/datasets/graphsdb/mcs50/bvg/b06/mcs50_b06_s60.B00
Reading graphs...
60 :  178
60 :  179
Initializing...
maxdom : 7
D->valSize : 225
Solving...
Blb : 2 (clique : 20)
currentSize : 20 <-- 0.001560 s
currentSize : 21 <-- 0.001738 s
currentSize : 22 <-- 0.001801 s
currentSize : 23 <-- 0.006850 s
currentSize : 24 <-- 0.085052 s
currentSize : 28 <-- 0.609196 s
currentSize : 29 <-- 0.617604 s
currentSize : 31 <-- 5.374152 s

maxsize : 31
nodes : 1955412.000000
filtered : 12723651.000000
time : 8.333139
