Parameters: GAD=1 vflib=1 dir=0 label=1 lowerbound=1 fileNameGp=../../cp2016-max-common-connected-subgraph-paper/datasets/graphsdb/mcs50/bvg/b03/mcs50_b03_s60.A04 fileNameGt=../../cp2016-max-common-connected-subgraph-paper/datasets/graphsdb/mcs50/bvg/b03/mcs50_b03_s60.B04
Reading graphs...
60 :  90
60 :  89
Initializing...
maxdom : 6
D->valSize : 242
Solving...
Blb : 2 (clique : 25)
currentSize : 25 <-- 0.001757 s
currentSize : 26 <-- 0.035715 s
currentSize : 27 <-- 1.200185 s
currentSize : 28 <-- 14.983636 s
currentSize : 29 <-- 144.359680 s
currentSize : 30 <-- 273.758514 s
currentSize : 31 <-- 323.628967 s
currentSize : 32 <-- 323.990234 s
currentSize : 33 <-- 323.995636 s

maxsize : 33
nodes : 101176147.000000
filtered : 567987017.000000
time : 417.081757
