Parameters: GAD=1 vflib=1 dir=0 label=1 lowerbound=1 fileNameGp=../../cp2016-max-common-connected-subgraph-paper/datasets/graphsdb/mcs50/rand/r005/mcs50_r005_s90.A00 fileNameGt=../../cp2016-max-common-connected-subgraph-paper/datasets/graphsdb/mcs50/rand/r005/mcs50_r005_s90.B00
Reading graphs...
90 :  388
90 :  390
Initializing...
maxdom : 10
D->valSize : 582
Solving...
Blb : 2 (clique : 20)
currentSize : 20 <-- 0.010988 s
currentSize : 26 <-- 0.011276 s
currentSize : 27 <-- 0.236616 s
currentSize : 28 <-- 0.827560 s
currentSize : 30 <-- 2.274729 s
currentSize : 31 <-- 2.946915 s
currentSize : 32 <-- 3.246445 s
currentSize : 33 <-- 43.303520 s
currentSize : 35 <-- 249.031815 s
currentSize : 36 <-- 274.688446 s
currentSize : 37 <-- 274.688568 s
currentSize : 38 <-- 274.688690 s
currentSize : 41 <-- 289.836334 s
currentSize : 42 <-- 415.731323 s
currentSize : 45 <-- 415.731445 s

maxsize : 45
nodes : 83200136.000000
filtered : 1357007562.000000
time : 579.468994
