Parameters: GAD=1 vflib=1 dir=0 label=1 lowerbound=1 fileNameGp=../../cp2016-max-common-connected-subgraph-paper/datasets/graphsdb/mcs50/bvg/b03/mcs50_b03_s80.A08 fileNameGt=../../cp2016-max-common-connected-subgraph-paper/datasets/graphsdb/mcs50/bvg/b03/mcs50_b03_s80.B08
Reading graphs...
80 :  120
80 :  119
Initializing...
maxdom : 10
D->valSize : 447
Solving...
Blb : 2 (clique : 34)
currentSize : 34 <-- 0.004720 s
currentSize : 35 <-- 4.095101 s
currentSize : 37 <-- 349.839020 s
currentSize : 38 <-- 349.839172 s
currentSize : 39 <-- 350.102112 s
currentSize : 40 <-- 385.782440 s

TIMEOUT
maxsize : 40
nodes : 213362897.000000
filtered : 1682144060.000000
time : 1000.000061
