Parameters: GAD=1 vflib=1 dir=0 label=1 lowerbound=1 fileNameGp=../../cp2016-max-common-connected-subgraph-paper/datasets/graphsdb/mcs50/bvg/b06m/mcs50_b06m_s70.A07 fileNameGt=../../cp2016-max-common-connected-subgraph-paper/datasets/graphsdb/mcs50/bvg/b06m/mcs50_b06m_s70.B07
Reading graphs...
70 :  209
70 :  209
Initializing...
maxdom : 7
D->valSize : 348
Solving...
Blb : 2 (clique : 19)
currentSize : 19 <-- 0.002781 s
currentSize : 20 <-- 0.003135 s
currentSize : 21 <-- 0.015115 s
currentSize : 22 <-- 0.019109 s
currentSize : 23 <-- 0.019174 s
currentSize : 24 <-- 0.084333 s
currentSize : 25 <-- 0.332969 s
currentSize : 27 <-- 0.381758 s
currentSize : 28 <-- 0.469137 s
currentSize : 29 <-- 0.634687 s
currentSize : 30 <-- 1.114963 s
currentSize : 31 <-- 5.024990 s
currentSize : 32 <-- 11.076115 s
currentSize : 33 <-- 11.076789 s
currentSize : 34 <-- 11.118533 s
currentSize : 35 <-- 14.612204 s
currentSize : 36 <-- 14.612988 s

maxsize : 36
nodes : 7506779.000000
filtered : 65284832.000000
time : 38.059879
