Parameters: GAD=1 vflib=1 dir=0 label=1 lowerbound=1 fileNameGp=../../cp2016-max-common-connected-subgraph-paper/datasets/graphsdb/mcs50/rand/r01/mcs50_r01_s100.A03 fileNameGt=../../cp2016-max-common-connected-subgraph-paper/datasets/graphsdb/mcs50/rand/r01/mcs50_r01_s100.B03
Reading graphs...
100 :  926
100 :  947
Initializing...
maxdom : 6
D->valSize : 358
Solving...
Blb : 2 (clique : 19)
currentSize : 19 <-- 0.003374 s
currentSize : 24 <-- 0.003574 s
currentSize : 29 <-- 0.003676 s
currentSize : 36 <-- 0.005085 s
currentSize : 43 <-- 0.005299 s
currentSize : 44 <-- 0.019998 s

maxsize : 44
nodes : 651691.000000
filtered : 5931140.000000
time : 4.218837
