Parameters: GAD=1 vflib=1 dir=0 label=1 lowerbound=1 fileNameGp=../../cp2016-max-common-connected-subgraph-paper/datasets/graphsdb/mcs50/bvg/b03m/mcs50_b03m_s60.A07 fileNameGt=../../cp2016-max-common-connected-subgraph-paper/datasets/graphsdb/mcs50/bvg/b03m/mcs50_b03m_s60.B07
Reading graphs...
60 :  89
60 :  89
Initializing...
maxdom : 6
D->valSize : 248
Solving...
Blb : 2 (clique : 24)
currentSize : 24 <-- 0.001741 s
currentSize : 25 <-- 0.052651 s
currentSize : 26 <-- 0.097168 s
currentSize : 27 <-- 21.446461 s
currentSize : 28 <-- 131.272812 s
currentSize : 29 <-- 160.517441 s
currentSize : 30 <-- 636.968994 s
currentSize : 31 <-- 637.068481 s
currentSize : 32 <-- 758.670654 s
currentSize : 33 <-- 758.738220 s

maxsize : 33
nodes : 222210485.000000
filtered : 1263328131.000000
time : 844.100891
