Parameters: GAD=1 vflib=1 dir=0 label=1 lowerbound=1 fileNameGp=../../cp2016-max-common-connected-subgraph-paper/datasets/graphsdb/mcs50/rand/r02/mcs50_r02_s90.A04 fileNameGt=../../cp2016-max-common-connected-subgraph-paper/datasets/graphsdb/mcs50/rand/r02/mcs50_r02_s90.B04
Reading graphs...
90 :  1428
90 :  1436
Initializing...
maxdom : 11
D->valSize : 570
Solving...
Blb : 2 (clique : 9)
currentSize : 9 <-- 0.005927 s
currentSize : 10 <-- 0.008603 s
currentSize : 11 <-- 0.008646 s
currentSize : 14 <-- 0.015951 s
currentSize : 20 <-- 0.016046 s
currentSize : 21 <-- 0.016130 s
currentSize : 22 <-- 0.043055 s
currentSize : 23 <-- 0.043157 s
currentSize : 31 <-- 0.114096 s
currentSize : 33 <-- 0.114186 s
currentSize : 34 <-- 0.114947 s

maxsize : 34
nodes : 337720.000000
filtered : 1404700.000000
time : 1.495137
