Parameters: GAD=1 vflib=1 dir=0 label=1 lowerbound=1 fileNameGp=../../cp2016-max-common-connected-subgraph-paper/datasets/graphsdb/mcs50/m2D/m2Dr2/mcs50_m2Dr2_s100.A04 fileNameGt=../../cp2016-max-common-connected-subgraph-paper/datasets/graphsdb/mcs50/m2D/m2Dr2/mcs50_m2Dr2_s100.B04
Reading graphs...
100 :  200
100 :  200
Initializing...
maxdom : 7
D->valSize : 346
Solving...
Blb : 2 (clique : 39)
currentSize : 39 <-- 0.003459 s
currentSize : 40 <-- 0.003893 s
currentSize : 42 <-- 0.177259 s
currentSize : 43 <-- 4.430773 s
currentSize : 44 <-- 4.779598 s
currentSize : 45 <-- 17.008957 s
currentSize : 46 <-- 17.011221 s
currentSize : 47 <-- 17.012722 s
currentSize : 48 <-- 180.822006 s
currentSize : 50 <-- 180.822830 s
currentSize : 51 <-- 180.847626 s

TIMEOUT
maxsize : 51
nodes : 219270181.000000
filtered : 556412490.000000
time : 1000.000061
