Parameters: GAD=1 vflib=1 dir=0 label=1 lowerbound=1 fileNameGp=../../cp2016-max-common-connected-subgraph-paper/datasets/graphsdb/mcs50/bvg/b09/mcs50_b09_s40.A06 fileNameGt=../../cp2016-max-common-connected-subgraph-paper/datasets/graphsdb/mcs50/bvg/b09/mcs50_b09_s40.B06
Reading graphs...
40 :  176
40 :  176
Initializing...
maxdom : 7
D->valSize : 200
Solving...
Blb : 2 (clique : 11)
currentSize : 11 <-- 0.001653 s
currentSize : 12 <-- 0.001784 s
currentSize : 15 <-- 0.008105 s
currentSize : 16 <-- 0.008159 s
currentSize : 17 <-- 0.008216 s
currentSize : 18 <-- 0.029294 s
currentSize : 19 <-- 0.029359 s
currentSize : 20 <-- 0.029460 s

maxsize : 20
nodes : 13301.000000
filtered : 125152.000000
time : 0.068701
