Parameters: GAD=1 vflib=1 dir=0 label=1 lowerbound=1 fileNameGp=../../cp2016-max-common-connected-subgraph-paper/datasets/graphsdb/mcs50/bvg/b09m/mcs50_b09m_s100.A01 fileNameGt=../../cp2016-max-common-connected-subgraph-paper/datasets/graphsdb/mcs50/bvg/b09m/mcs50_b09m_s100.B01
Reading graphs...
100 :  436
100 :  438
Initializing...
maxdom : 8
D->valSize : 406
Solving...
Blb : 2 (clique : 36)
currentSize : 36 <-- 0.004949 s
currentSize : 38 <-- 0.005211 s
currentSize : 39 <-- 0.855220 s
currentSize : 46 <-- 18.744570 s
currentSize : 47 <-- 19.956331 s

maxsize : 47
nodes : 100730847.000000
filtered : 499193317.000000
time : 542.202087
