Parameters: GAD=1 vflib=1 dir=0 label=1 lowerbound=1 fileNameGp=../../cp2016-max-common-connected-subgraph-paper/datasets/graphsdb/mcs50/m2D/m2Dr4/mcs50_m2Dr4_s90.A08 fileNameGt=../../cp2016-max-common-connected-subgraph-paper/datasets/graphsdb/mcs50/m2D/m2Dr4/mcs50_m2Dr4_s90.B08
Reading graphs...
90 :  196
90 :  196
Initializing...
maxdom : 9
D->valSize : 552
Solving...
Blb : 3 (clique : 37)
currentSize : 37 <-- 0.010853 s
currentSize : 39 <-- 0.036540 s
currentSize : 40 <-- 0.559005 s
currentSize : 41 <-- 0.834662 s
currentSize : 42 <-- 0.856545 s
currentSize : 43 <-- 1.189458 s

TIMEOUT
maxsize : 43
nodes : 170467234.000000
filtered : 1412247181.000000
time : 1000.000061
