Parameters: GAD=1 vflib=1 dir=0 label=1 lowerbound=1 fileNameGp=../../cp2016-max-common-connected-subgraph-paper/datasets/graphsdb/mcs50/bvg/b06/mcs50_b06_s80.A00 fileNameGt=../../cp2016-max-common-connected-subgraph-paper/datasets/graphsdb/mcs50/bvg/b06/mcs50_b06_s80.B00
Reading graphs...
80 :  237
80 :  239
Initializing...
maxdom : 8
D->valSize : 392
Solving...
Blb : 2 (clique : 33)
currentSize : 33 <-- 0.003829 s
currentSize : 34 <-- 19.784763 s
currentSize : 35 <-- 19.993517 s
currentSize : 36 <-- 64.022079 s
currentSize : 37 <-- 122.085587 s
currentSize : 38 <-- 135.609879 s
currentSize : 39 <-- 135.613495 s
currentSize : 40 <-- 135.650192 s
currentSize : 41 <-- 261.357635 s

maxsize : 41
nodes : 63926094.000000
filtered : 559439258.000000
time : 362.473694
