Parameters: GAD=1 vflib=1 dir=0 label=1 lowerbound=1 fileNameGp=../../cp2016-max-common-connected-subgraph-paper/datasets/graphsdb/mcs50/bvg/b09/mcs50_b09_s90.A05 fileNameGt=../../cp2016-max-common-connected-subgraph-paper/datasets/graphsdb/mcs50/bvg/b09/mcs50_b09_s90.B05
Reading graphs...
90 :  398
90 :  403
Initializing...
maxdom : 10
D->valSize : 540
Solving...
Blb : 2 (clique : 20)
currentSize : 20 <-- 0.005829 s
currentSize : 31 <-- 0.006030 s
currentSize : 32 <-- 0.006071 s
currentSize : 33 <-- 0.006151 s
currentSize : 34 <-- 0.028414 s
currentSize : 35 <-- 4.274320 s

TIMEOUT
maxsize : 35
nodes : 204452098.000000
filtered : 994592949.000000
time : 1000.000061
