Parameters: GAD=1 vflib=1 dir=0 label=1 lowerbound=1 fileNameGp=../../cp2016-max-common-connected-subgraph-paper/datasets/graphsdb/mcs50/rand/r01/mcs50_r01_s90.A05 fileNameGt=../../cp2016-max-common-connected-subgraph-paper/datasets/graphsdb/mcs50/rand/r01/mcs50_r01_s90.B05
Reading graphs...
90 :  761
90 :  754
Initializing...
maxdom : 9
D->valSize : 538
Solving...
Blb : 2 (clique : 12)
currentSize : 12 <-- 0.008661 s
currentSize : 13 <-- 0.008981 s
currentSize : 14 <-- 0.036488 s
currentSize : 15 <-- 0.141585 s
currentSize : 16 <-- 0.145015 s
currentSize : 17 <-- 0.262767 s
currentSize : 18 <-- 0.354909 s
currentSize : 19 <-- 0.385039 s
currentSize : 20 <-- 0.392569 s
currentSize : 21 <-- 0.406098 s
currentSize : 22 <-- 0.406649 s
currentSize : 24 <-- 0.505355 s
currentSize : 26 <-- 0.506245 s
currentSize : 28 <-- 0.762834 s
currentSize : 34 <-- 0.762934 s
currentSize : 36 <-- 1.347427 s
currentSize : 45 <-- 1.551620 s

maxsize : 45
nodes : 270721.000000
filtered : 4844668.000000
time : 1.999160
