Parameters: GAD=1 vflib=1 dir=0 label=1 lowerbound=1 fileNameGp=../../cp2016-max-common-connected-subgraph-paper/datasets/graphsdb/mcs50/bvg/b06m/mcs50_b06m_s70.A08 fileNameGt=../../cp2016-max-common-connected-subgraph-paper/datasets/graphsdb/mcs50/bvg/b06m/mcs50_b06m_s70.B08
Reading graphs...
70 :  206
70 :  206
Initializing...
maxdom : 8
D->valSize : 367
Solving...
Blb : 3 (clique : 22)
currentSize : 22 <-- 0.003218 s
currentSize : 23 <-- 0.017725 s
currentSize : 24 <-- 0.017861 s
currentSize : 25 <-- 0.055237 s
currentSize : 26 <-- 0.083160 s
currentSize : 28 <-- 0.084388 s
currentSize : 29 <-- 0.084439 s
currentSize : 30 <-- 0.084508 s
currentSize : 31 <-- 0.086872 s
currentSize : 32 <-- 4.801250 s
currentSize : 33 <-- 26.907244 s
currentSize : 34 <-- 33.233692 s
currentSize : 35 <-- 40.489471 s
currentSize : 36 <-- 40.496586 s

maxsize : 36
nodes : 28606904.000000
filtered : 173078705.000000
time : 127.160469
