Parameters: GAD=1 vflib=1 dir=0 label=1 lowerbound=1 fileNameGp=../../cp2016-max-common-connected-subgraph-paper/datasets/graphsdb/mcs50/bvg/b06m/mcs50_b06m_s80.A00 fileNameGt=../../cp2016-max-common-connected-subgraph-paper/datasets/graphsdb/mcs50/bvg/b06m/mcs50_b06m_s80.B00
Reading graphs...
80 :  238
80 :  235
Initializing...
maxdom : 8
D->valSize : 420
Solving...
Blb : 2 (clique : 33)
currentSize : 33 <-- 0.006589 s
currentSize : 35 <-- 0.158941 s
currentSize : 36 <-- 0.159081 s
currentSize : 37 <-- 0.221627 s
currentSize : 38 <-- 3.420377 s
currentSize : 39 <-- 19.607500 s
currentSize : 40 <-- 19.607630 s
currentSize : 42 <-- 25.314531 s

maxsize : 42
nodes : 115286830.000000
filtered : 728898050.000000
time : 589.567932
