Parameters: GAD=1 vflib=1 dir=0 label=1 lowerbound=1 fileNameGp=../../cp2016-max-common-connected-subgraph-paper/datasets/graphsdb/mcs50/m2D/m2Dr4/mcs50_m2Dr4_s60.A07 fileNameGt=../../cp2016-max-common-connected-subgraph-paper/datasets/graphsdb/mcs50/m2D/m2Dr4/mcs50_m2Dr4_s60.B07
Reading graphs...
60 :  128
60 :  124
Initializing...
maxdom : 7
D->valSize : 233
Solving...
Blb : 2 (clique : 20)
currentSize : 20 <-- 0.001650 s
currentSize : 21 <-- 0.003474 s
currentSize : 22 <-- 0.004805 s
currentSize : 23 <-- 0.288900 s
currentSize : 24 <-- 0.837541 s
currentSize : 25 <-- 7.264711 s
currentSize : 26 <-- 12.054592 s
currentSize : 27 <-- 108.077438 s
currentSize : 28 <-- 144.159164 s
currentSize : 29 <-- 150.230804 s

maxsize : 29
nodes : 44674827.000000
filtered : 301888834.000000
time : 183.178040
