Parameters: GAD=1 vflib=1 dir=0 label=1 lowerbound=1 fileNameGp=../../cp2016-max-common-connected-subgraph-paper/datasets/graphsdb/mcs50/m3D/m3Dr4/mcs50_m3Dr4_s50.A07 fileNameGt=../../cp2016-max-common-connected-subgraph-paper/datasets/graphsdb/mcs50/m3D/m3Dr4/mcs50_m3Dr4_s50.B07
Reading graphs...
50 :  126
50 :  127
Initializing...
maxdom : 10
D->valSize : 334
Solving...
Blb : 2 (clique : 20)
currentSize : 20 <-- 0.003820 s
currentSize : 21 <-- 0.257635 s
currentSize : 22 <-- 0.263211 s
currentSize : 25 <-- 6.448588 s
currentSize : 26 <-- 6.449985 s
currentSize : 27 <-- 6.461708 s

maxsize : 27
nodes : 2270801.000000
filtered : 29776035.000000
time : 10.277865
