Parameters: GAD=1 vflib=1 dir=0 label=1 lowerbound=1 fileNameGp=../../cp2016-max-common-connected-subgraph-paper/datasets/graphsdb/mcs50/rand/r005/mcs50_r005_s80.A06 fileNameGt=../../cp2016-max-common-connected-subgraph-paper/datasets/graphsdb/mcs50/rand/r005/mcs50_r005_s80.B06
Reading graphs...
80 :  304
80 :  310
Initializing...
maxdom : 11
D->valSize : 483
Solving...
Blb : 2 (clique : 21)
currentSize : 21 <-- 0.008000 s
currentSize : 22 <-- 0.008296 s
currentSize : 23 <-- 0.009865 s
currentSize : 25 <-- 0.012030 s
currentSize : 26 <-- 0.012161 s
currentSize : 27 <-- 0.037965 s
currentSize : 28 <-- 1.136358 s
currentSize : 29 <-- 31.464945 s
currentSize : 30 <-- 66.571167 s
currentSize : 31 <-- 83.362946 s
currentSize : 32 <-- 84.820648 s
currentSize : 33 <-- 132.683426 s
currentSize : 34 <-- 132.687866 s
currentSize : 35 <-- 132.687958 s
currentSize : 37 <-- 132.688065 s
currentSize : 38 <-- 155.946854 s
currentSize : 39 <-- 155.946945 s
currentSize : 40 <-- 155.947281 s

maxsize : 40
nodes : 27115486.000000
filtered : 358966048.000000
time : 167.010437
