Parameters: GAD=1 vflib=1 dir=0 label=1 lowerbound=1 fileNameGp=../../cp2016-max-common-connected-subgraph-paper/datasets/graphsdb/mcs50/m3D/m3D/mcs50_m3D_s60.A01 fileNameGt=../../cp2016-max-common-connected-subgraph-paper/datasets/graphsdb/mcs50/m3D/m3D/mcs50_m3D_s60.B01
Reading graphs...
60 :  134
60 :  133
Initializing...
maxdom : 7
D->valSize : 250
Solving...
Blb : 2 (clique : 18)
currentSize : 18 <-- 0.002672 s
currentSize : 19 <-- 0.006802 s
currentSize : 20 <-- 0.076305 s
currentSize : 21 <-- 0.766572 s
currentSize : 22 <-- 0.768308 s
currentSize : 23 <-- 1.027479 s
currentSize : 24 <-- 1.914233 s
currentSize : 25 <-- 2.151095 s
currentSize : 26 <-- 3.786245 s
currentSize : 27 <-- 6.128731 s
currentSize : 28 <-- 14.097856 s
currentSize : 29 <-- 14.144056 s

maxsize : 29
nodes : 7232615.000000
filtered : 54441485.000000
time : 31.442698
