Parameters: GAD=1 vflib=1 dir=0 label=1 lowerbound=1 fileNameGp=../../cp2016-max-common-connected-subgraph-paper/datasets/graphsdb/mcs50/rand/r02/mcs50_r02_s90.A08 fileNameGt=../../cp2016-max-common-connected-subgraph-paper/datasets/graphsdb/mcs50/rand/r02/mcs50_r02_s90.B08
Reading graphs...
90 :  1443
90 :  1436
Initializing...
maxdom : 9
D->valSize : 566
Solving...
Blb : 2 (clique : 8)
currentSize : 8 <-- 0.005917 s
currentSize : 9 <-- 0.006448 s
currentSize : 10 <-- 0.006623 s
currentSize : 15 <-- 0.007059 s
currentSize : 17 <-- 0.010737 s
currentSize : 19 <-- 0.013029 s
currentSize : 20 <-- 0.013115 s
currentSize : 21 <-- 0.031997 s
currentSize : 22 <-- 0.083716 s
currentSize : 33 <-- 0.083883 s
currentSize : 34 <-- 0.297919 s

maxsize : 34
nodes : 335514.000000
filtered : 1219846.000000
time : 1.402953
