Parameters: GAD=1 vflib=1 dir=0 label=1 lowerbound=1 fileNameGp=../../cp2016-max-common-connected-subgraph-paper/datasets/graphsdb/mcs50/bvg/b09m/mcs50_b09m_s90.A05 fileNameGt=../../cp2016-max-common-connected-subgraph-paper/datasets/graphsdb/mcs50/bvg/b09m/mcs50_b09m_s90.B05
Reading graphs...
90 :  399
90 :  399
Initializing...
maxdom : 9
D->valSize : 556
Solving...
Blb : 5 (clique : 26)
currentSize : 26 <-- 0.006096 s
currentSize : 27 <-- 0.195911 s
currentSize : 28 <-- 0.196152 s
currentSize : 29 <-- 0.196265 s
currentSize : 30 <-- 0.198911 s
currentSize : 31 <-- 0.208940 s
currentSize : 33 <-- 11.839096 s
currentSize : 34 <-- 11.839947 s
currentSize : 35 <-- 11.853831 s
currentSize : 36 <-- 11.854594 s
currentSize : 37 <-- 98.465126 s
currentSize : 38 <-- 414.857056 s
currentSize : 39 <-- 431.460693 s
currentSize : 40 <-- 612.570496 s

TIMEOUT
maxsize : 40
nodes : 214061658.000000
filtered : 995774658.000000
time : 1000.000061
