Parameters: GAD=1 vflib=1 dir=0 label=1 lowerbound=1 fileNameGp=../../cp2016-max-common-connected-subgraph-paper/datasets/graphsdb/mcs50/rand/r001/mcs50_r001_s100.A02 fileNameGt=../../cp2016-max-common-connected-subgraph-paper/datasets/graphsdb/mcs50/rand/r001/mcs50_r001_s100.B02
Reading graphs...
100 :  124
100 :  124
Initializing...
maxdom : 6
D->valSize : 348
Solving...
Blb : 2 (clique : 42)
currentSize : 42 <-- 0.003781 s
currentSize : 43 <-- 0.004251 s
currentSize : 44 <-- 0.004693 s
currentSize : 45 <-- 0.133429 s
currentSize : 46 <-- 2.681726 s
currentSize : 47 <-- 293.535950 s

TIMEOUT
maxsize : 47
nodes : 208312327.000000
filtered : 839341075.000000
time : 1000.000122
