Parameters: GAD=1 vflib=1 dir=0 label=1 lowerbound=1 fileNameGp=../../cp2016-max-common-connected-subgraph-paper/datasets/graphsdb/mcs50/rand/r005/mcs50_r005_s70.A02 fileNameGt=../../cp2016-max-common-connected-subgraph-paper/datasets/graphsdb/mcs50/rand/r005/mcs50_r005_s70.B02
Reading graphs...
70 :  235
70 :  233
Initializing...
maxdom : 7
D->valSize : 336
Solving...
Blb : 2 (clique : 21)
currentSize : 21 <-- 0.004390 s
currentSize : 22 <-- 0.127162 s
currentSize : 23 <-- 0.477022 s
currentSize : 24 <-- 0.484310 s
currentSize : 25 <-- 0.884309 s
currentSize : 28 <-- 8.203227 s
currentSize : 29 <-- 91.986465 s
currentSize : 30 <-- 91.987534 s
currentSize : 31 <-- 91.987717 s
currentSize : 33 <-- 91.994781 s
currentSize : 35 <-- 91.995453 s

maxsize : 35
nodes : 19938897.000000
filtered : 223150179.000000
time : 107.862625
