Parameters: GAD=1 vflib=1 dir=0 label=1 lowerbound=1 fileNameGp=../../cp2016-max-common-connected-subgraph-paper/datasets/graphsdb/mcs50/bvg/b06m/mcs50_b06m_s90.A05 fileNameGt=../../cp2016-max-common-connected-subgraph-paper/datasets/graphsdb/mcs50/bvg/b06m/mcs50_b06m_s90.B05
Reading graphs...
90 :  266
90 :  267
Initializing...
maxdom : 14
D->valSize : 591
Solving...
Blb : 2 (clique : 35)
currentSize : 35 <-- 0.006899 s
currentSize : 36 <-- 0.007261 s
currentSize : 37 <-- 0.011143 s
currentSize : 38 <-- 0.016574 s
currentSize : 39 <-- 0.017926 s
currentSize : 40 <-- 34.047512 s
currentSize : 42 <-- 244.666275 s
currentSize : 43 <-- 244.667770 s
currentSize : 44 <-- 245.252304 s

TIMEOUT
maxsize : 44
nodes : 199460996.000000
filtered : 951743646.000000
time : 1000.000061
