Parameters: GAD=1 vflib=1 dir=0 label=1 lowerbound=1 fileNameGp=../../cp2016-max-common-connected-subgraph-paper/datasets/graphsdb/mcs50/rand/r01/mcs50_r01_s80.A04 fileNameGt=../../cp2016-max-common-connected-subgraph-paper/datasets/graphsdb/mcs50/rand/r01/mcs50_r01_s80.B04
Reading graphs...
80 :  592
80 :  599
Initializing...
maxdom : 9
D->valSize : 406
Solving...
Blb : 2 (clique : 13)
currentSize : 13 <-- 0.003509 s
currentSize : 14 <-- 0.003737 s
currentSize : 15 <-- 0.003759 s
currentSize : 16 <-- 0.015215 s
currentSize : 17 <-- 0.015256 s
currentSize : 18 <-- 0.248510 s
currentSize : 19 <-- 0.248631 s
currentSize : 20 <-- 0.550384 s
currentSize : 23 <-- 1.199687 s
currentSize : 25 <-- 1.572669 s
currentSize : 26 <-- 1.939489 s
currentSize : 33 <-- 1.940736 s

maxsize : 33
nodes : 1138206.000000
filtered : 8996760.000000
time : 5.618914
