Parameters: GAD=1 vflib=1 dir=0 label=1 lowerbound=1 fileNameGp=../../cp2016-max-common-connected-subgraph-paper/datasets/graphsdb/mcs50/bvg/b03/mcs50_b03_s70.A07 fileNameGt=../../cp2016-max-common-connected-subgraph-paper/datasets/graphsdb/mcs50/bvg/b03/mcs50_b03_s70.B07
Reading graphs...
70 :  104
70 :  105
Initializing...
maxdom : 8
D->valSize : 336
Solving...
Blb : 2 (clique : 28)
currentSize : 28 <-- 0.002912 s
currentSize : 29 <-- 36.212833 s
currentSize : 30 <-- 45.698891 s
currentSize : 31 <-- 48.681896 s
currentSize : 32 <-- 49.616272 s
currentSize : 33 <-- 51.907467 s
currentSize : 34 <-- 71.787842 s
currentSize : 35 <-- 95.215279 s
currentSize : 36 <-- 95.497620 s
currentSize : 37 <-- 183.328171 s
currentSize : 38 <-- 215.213104 s

maxsize : 38
nodes : 83358508.000000
filtered : 635328157.000000
time : 404.714630
