Parameters: GAD=1 vflib=1 dir=0 label=1 lowerbound=1 fileNameGp=../../cp2016-max-common-connected-subgraph-paper/datasets/graphsdb/mcs50/rand/r005/mcs50_r005_s40.A05 fileNameGt=../../cp2016-max-common-connected-subgraph-paper/datasets/graphsdb/mcs50/rand/r005/mcs50_r005_s40.B05
Reading graphs...
40 :  78
40 :  77
Initializing...
maxdom : 8
D->valSize : 216
Solving...
Blb : 5 (clique : 15)
currentSize : 15 <-- 0.001873 s
currentSize : 16 <-- 0.011861 s
currentSize : 17 <-- 0.233241 s
currentSize : 18 <-- 0.563277 s
currentSize : 19 <-- 1.010169 s
currentSize : 20 <-- 1.046489 s
currentSize : 21 <-- 1.058228 s

maxsize : 21
nodes : 311955.000000
filtered : 2398893.000000
time : 1.177012
