Parameters: GAD=1 vflib=1 dir=0 label=1 lowerbound=1 fileNameGp=../../cp2016-max-common-connected-subgraph-paper/datasets/graphsdb/mcs50/rand/r005/mcs50_r005_s70.A04 fileNameGt=../../cp2016-max-common-connected-subgraph-paper/datasets/graphsdb/mcs50/rand/r005/mcs50_r005_s70.B04
Reading graphs...
70 :  238
70 :  233
Initializing...
maxdom : 8
D->valSize : 336
Solving...
Blb : 2 (clique : 21)
currentSize : 21 <-- 0.002713 s
currentSize : 27 <-- 0.002865 s
currentSize : 28 <-- 0.003008 s
currentSize : 30 <-- 12.595312 s
currentSize : 31 <-- 13.665430 s
currentSize : 32 <-- 37.474518 s
currentSize : 35 <-- 37.474625 s

maxsize : 35
nodes : 7635931.000000
filtered : 87860702.000000
time : 40.460728
