Parameters: GAD=1 vflib=1 dir=0 label=1 lowerbound=1 fileNameGp=../../cp2016-max-common-connected-subgraph-paper/datasets/graphsdb/mcs50/bvg/b06/mcs50_b06_s90.A02 fileNameGt=../../cp2016-max-common-connected-subgraph-paper/datasets/graphsdb/mcs50/bvg/b06/mcs50_b06_s90.B02
Reading graphs...
90 :  268
90 :  270
Initializing...
maxdom : 10
D->valSize : 539
Solving...
Blb : 2 (clique : 31)
currentSize : 31 <-- 0.010184 s
currentSize : 32 <-- 0.010583 s
currentSize : 33 <-- 0.010645 s
currentSize : 34 <-- 0.010875 s
currentSize : 35 <-- 0.029594 s
currentSize : 36 <-- 0.069137 s
currentSize : 37 <-- 0.097060 s
currentSize : 40 <-- 0.890719 s
currentSize : 43 <-- 0.890830 s
currentSize : 45 <-- 0.947351 s

TIMEOUT
maxsize : 45
nodes : 209682277.000000
filtered : 947000765.000000
time : 1000.000061
