Parameters: GAD=1 vflib=1 dir=0 label=1 lowerbound=1 fileNameGp=../../cp2016-max-common-connected-subgraph-paper/datasets/graphsdb/mcs50/m2D/m2Dr6/mcs50_m2Dr6_s60.A00 fileNameGt=../../cp2016-max-common-connected-subgraph-paper/datasets/graphsdb/mcs50/m2D/m2Dr6/mcs50_m2Dr6_s60.B00
Reading graphs...
60 :  137
60 :  138
Initializing...
maxdom : 6
D->valSize : 244
Solving...
Blb : 2 (clique : 19)
currentSize : 19 <-- 0.001649 s
currentSize : 20 <-- 0.001763 s
currentSize : 21 <-- 0.003176 s
currentSize : 22 <-- 0.088968 s
currentSize : 23 <-- 0.135425 s
currentSize : 24 <-- 0.496242 s
currentSize : 25 <-- 0.558300 s
currentSize : 26 <-- 1.277786 s
currentSize : 27 <-- 19.675833 s
currentSize : 28 <-- 19.679920 s
currentSize : 29 <-- 22.773626 s

maxsize : 29
nodes : 8909793.000000
filtered : 71061830.000000
time : 38.667351
