Parameters: GAD=1 vflib=1 dir=0 label=1 lowerbound=1 fileNameGp=../../cp2016-max-common-connected-subgraph-paper/datasets/graphsdb/mcs50/rand/r01/mcs50_r01_s100.A08 fileNameGt=../../cp2016-max-common-connected-subgraph-paper/datasets/graphsdb/mcs50/rand/r01/mcs50_r01_s100.B08
Reading graphs...
100 :  935
100 :  934
Initializing...
maxdom : 6
D->valSize : 360
Solving...
Blb : 2 (clique : 23)
currentSize : 23 <-- 0.003370 s
currentSize : 28 <-- 0.003788 s
currentSize : 35 <-- 0.079851 s
currentSize : 36 <-- 0.950248 s
currentSize : 40 <-- 1.313456 s
currentSize : 43 <-- 1.315749 s

maxsize : 43
nodes : 794717.000000
filtered : 5586474.000000
time : 4.705947
