Parameters: GAD=1 vflib=1 dir=0 label=1 lowerbound=1 fileNameGp=../../cp2016-max-common-connected-subgraph-paper/datasets/graphsdb/mcs50/bvg/b06/mcs50_b06_s70.A09 fileNameGt=../../cp2016-max-common-connected-subgraph-paper/datasets/graphsdb/mcs50/bvg/b06/mcs50_b06_s70.B09
Reading graphs...
70 :  210
70 :  207
Initializing...
maxdom : 8
D->valSize : 345
Solving...
Blb : 2 (clique : 30)
currentSize : 30 <-- 0.002864 s
currentSize : 31 <-- 0.003042 s
currentSize : 32 <-- 0.019104 s
currentSize : 33 <-- 0.345467 s
currentSize : 34 <-- 0.811578 s
currentSize : 35 <-- 1.117794 s
currentSize : 36 <-- 1.126371 s

maxsize : 36
nodes : 4567064.000000
filtered : 32621279.000000
time : 22.226412
