Parameters: GAD=1 vflib=1 dir=0 label=1 lowerbound=1 fileNameGp=../../cp2016-max-common-connected-subgraph-paper/datasets/graphsdb/mcs50/rand/r01/mcs50_r01_s90.A06 fileNameGt=../../cp2016-max-common-connected-subgraph-paper/datasets/graphsdb/mcs50/rand/r01/mcs50_r01_s90.B06
Reading graphs...
90 :  759
90 :  748
Initializing...
maxdom : 12
D->valSize : 544
Solving...
Blb : 5 (clique : 13)
currentSize : 13 <-- 0.005835 s
currentSize : 14 <-- 0.005987 s
currentSize : 15 <-- 0.030375 s
currentSize : 16 <-- 0.030586 s
currentSize : 17 <-- 0.095262 s
currentSize : 19 <-- 0.227490 s
currentSize : 20 <-- 0.228629 s
currentSize : 21 <-- 0.232026 s
currentSize : 22 <-- 0.296718 s
currentSize : 23 <-- 0.312092 s
currentSize : 27 <-- 0.455549 s
currentSize : 28 <-- 0.690402 s
currentSize : 29 <-- 0.690839 s
currentSize : 33 <-- 1.903281 s
currentSize : 41 <-- 4.271064 s

maxsize : 41
nodes : 1449520.000000
filtered : 15102109.000000
time : 8.595678
