Parameters: GAD=1 vflib=1 dir=0 label=1 lowerbound=1 fileNameGp=../../cp2016-max-common-connected-subgraph-paper/datasets/graphsdb/mcs50/m3D/m3D/mcs50_m3D_s60.A09 fileNameGt=../../cp2016-max-common-connected-subgraph-paper/datasets/graphsdb/mcs50/m3D/m3D/mcs50_m3D_s60.B09
Reading graphs...
60 :  132
60 :  132
Initializing...
maxdom : 7
D->valSize : 252
Solving...
Blb : 2 (clique : 21)
currentSize : 21 <-- 0.001779 s
currentSize : 22 <-- 0.006857 s
currentSize : 23 <-- 1.392688 s
currentSize : 24 <-- 4.274633 s
currentSize : 25 <-- 20.450768 s
currentSize : 26 <-- 21.757364 s
currentSize : 27 <-- 22.765308 s
currentSize : 28 <-- 29.687801 s
currentSize : 29 <-- 47.156391 s

maxsize : 29
nodes : 17605144.000000
filtered : 124296946.000000
time : 71.135643
