Parameters: GAD=1 vflib=1 dir=0 label=1 lowerbound=1 fileNameGp=../../cp2016-max-common-connected-subgraph-paper/datasets/graphsdb/mcs50/bvg/b06/mcs50_b06_s90.A09 fileNameGt=../../cp2016-max-common-connected-subgraph-paper/datasets/graphsdb/mcs50/bvg/b06/mcs50_b06_s90.B09
Reading graphs...
90 :  269
90 :  269
Initializing...
maxdom : 10
D->valSize : 564
Solving...
Blb : 2 (clique : 24)
currentSize : 24 <-- 0.010203 s
currentSize : 28 <-- 0.010507 s
currentSize : 29 <-- 0.010640 s
currentSize : 32 <-- 0.010894 s
currentSize : 33 <-- 0.036699 s
currentSize : 34 <-- 0.070029 s
currentSize : 35 <-- 0.087448 s
currentSize : 36 <-- 0.479311 s
currentSize : 37 <-- 1.080766 s
currentSize : 38 <-- 1.080831 s
currentSize : 39 <-- 1.500537 s
currentSize : 40 <-- 16.766357 s
currentSize : 41 <-- 83.547195 s
currentSize : 42 <-- 232.065369 s
currentSize : 43 <-- 232.113312 s
currentSize : 44 <-- 232.115646 s

TIMEOUT
maxsize : 44
nodes : 171775045.000000
filtered : 1263069628.000000
time : 1000.000122
