Parameters: GAD=1 vflib=1 dir=0 label=1 lowerbound=1 fileNameGp=../../cp2016-max-common-connected-subgraph-paper/datasets/graphsdb/mcs50/bvg/b03m/mcs50_b03m_s60.A06 fileNameGt=../../cp2016-max-common-connected-subgraph-paper/datasets/graphsdb/mcs50/bvg/b03m/mcs50_b03m_s60.B06
Reading graphs...
60 :  89
60 :  89
Initializing...
maxdom : 7
D->valSize : 244
Solving...
Blb : 2 (clique : 28)
currentSize : 28 <-- 0.001728 s
currentSize : 29 <-- 1.105416 s
currentSize : 30 <-- 1.107778 s
currentSize : 31 <-- 1.118377 s
currentSize : 32 <-- 2.347108 s
currentSize : 33 <-- 5.668084 s
currentSize : 34 <-- 18.433231 s

maxsize : 34
nodes : 5408092.000000
filtered : 29665881.000000
time : 22.615463
