Parameters: GAD=1 vflib=1 dir=0 label=1 lowerbound=1 fileNameGp=../../cp2016-max-common-connected-subgraph-paper/datasets/graphsdb/mcs50/m2D/m2Dr2/mcs50_m2Dr2_s70.A04 fileNameGt=../../cp2016-max-common-connected-subgraph-paper/datasets/graphsdb/mcs50/m2D/m2Dr2/mcs50_m2Dr2_s70.B04
Reading graphs...
70 :  137
70 :  137
Initializing...
maxdom : 7
D->valSize : 324
Solving...
Blb : 2 (clique : 32)
currentSize : 32 <-- 0.002598 s
currentSize : 33 <-- 0.002806 s
currentSize : 34 <-- 0.004154 s
currentSize : 35 <-- 0.004424 s
currentSize : 36 <-- 0.108777 s
currentSize : 37 <-- 0.109041 s
currentSize : 38 <-- 0.120772 s
currentSize : 39 <-- 0.357071 s

maxsize : 39
nodes : 88508879.000000
filtered : 424368514.000000
time : 388.693970
