Parameters: GAD=1 vflib=1 dir=0 label=1 lowerbound=1 fileNameGp=../../cp2016-max-common-connected-subgraph-paper/datasets/graphsdb/mcs50/m2D/m2D/mcs50_m2D_s70.A06 fileNameGt=../../cp2016-max-common-connected-subgraph-paper/datasets/graphsdb/mcs50/m2D/m2D/mcs50_m2D_s70.B06
Reading graphs...
70 :  123
70 :  123
Initializing...
maxdom : 8
D->valSize : 347
Solving...
Blb : 2 (clique : 30)
currentSize : 30 <-- 0.003040 s
currentSize : 31 <-- 0.011727 s
currentSize : 32 <-- 0.224666 s
currentSize : 33 <-- 24.790108 s
currentSize : 34 <-- 24.790943 s
currentSize : 35 <-- 41.269478 s
currentSize : 36 <-- 41.271648 s
currentSize : 37 <-- 56.841934 s
currentSize : 38 <-- 71.816650 s
currentSize : 39 <-- 242.730972 s

maxsize : 39
nodes : 115315112.000000
filtered : 1108242692.000000
time : 588.957703
