Parameters: GAD=1 vflib=1 dir=0 label=1 lowerbound=1 fileNameGp=../../cp2016-max-common-connected-subgraph-paper/datasets/graphsdb/mcs50/bvg/b03m/mcs50_b03m_s60.A01 fileNameGt=../../cp2016-max-common-connected-subgraph-paper/datasets/graphsdb/mcs50/bvg/b03m/mcs50_b03m_s60.B01
Reading graphs...
60 :  90
60 :  90
Initializing...
maxdom : 5
D->valSize : 235
Solving...
Blb : 5 (clique : 26)
currentSize : 26 <-- 0.001682 s
currentSize : 27 <-- 0.004417 s
currentSize : 28 <-- 0.011377 s
currentSize : 29 <-- 0.025209 s
currentSize : 30 <-- 78.198364 s
currentSize : 31 <-- 91.414627 s
currentSize : 32 <-- 94.437073 s
currentSize : 33 <-- 152.368622 s
currentSize : 34 <-- 152.433075 s
currentSize : 35 <-- 171.549774 s

maxsize : 35
nodes : 48522249.000000
filtered : 242523324.000000
time : 194.566422
