Parameters: GAD=1 vflib=1 dir=0 label=1 lowerbound=1 fileNameGp=../../cp2016-max-common-connected-subgraph-paper/datasets/graphsdb/mcs50/bvg/b09/mcs50_b09_s80.A00 fileNameGt=../../cp2016-max-common-connected-subgraph-paper/datasets/graphsdb/mcs50/bvg/b09/mcs50_b09_s80.B00
Reading graphs...
80 :  356
80 :  358
Initializing...
maxdom : 8
D->valSize : 437
Solving...
Blb : 2 (clique : 24)
currentSize : 24 <-- 0.004019 s
currentSize : 26 <-- 0.014292 s
currentSize : 27 <-- 0.016001 s
currentSize : 28 <-- 0.089012 s
currentSize : 29 <-- 0.185665 s
currentSize : 30 <-- 0.186104 s
currentSize : 31 <-- 0.187368 s
currentSize : 32 <-- 0.915516 s
currentSize : 34 <-- 0.916131 s
currentSize : 35 <-- 0.918692 s
currentSize : 37 <-- 0.919119 s
currentSize : 38 <-- 0.928258 s
currentSize : 40 <-- 0.928594 s

maxsize : 40
nodes : 3232753.000000
filtered : 21461433.000000
time : 16.300894
