Parameters: GAD=1 vflib=1 dir=0 label=1 lowerbound=1 fileNameGp=../../cp2016-max-common-connected-subgraph-paper/datasets/graphsdb/mcs50/rand/r01/mcs50_r01_s70.A03 fileNameGt=../../cp2016-max-common-connected-subgraph-paper/datasets/graphsdb/mcs50/rand/r01/mcs50_r01_s70.B03
Reading graphs...
70 :  462
70 :  455
Initializing...
maxdom : 7
D->valSize : 312
Solving...
Blb : 3 (clique : 12)
currentSize : 12 <-- 0.002327 s
currentSize : 13 <-- 0.003616 s
currentSize : 14 <-- 0.006247 s
currentSize : 15 <-- 0.038718 s
currentSize : 17 <-- 0.065007 s
currentSize : 18 <-- 0.272436 s
currentSize : 19 <-- 0.272582 s
currentSize : 20 <-- 0.404400 s
currentSize : 24 <-- 0.455246 s
currentSize : 28 <-- 0.551248 s
currentSize : 33 <-- 0.823879 s

maxsize : 33
nodes : 208839.000000
filtered : 2156594.000000
time : 1.023818
