Parameters: GAD=1 vflib=1 dir=0 label=1 lowerbound=1 fileNameGp=../../cp2016-max-common-connected-subgraph-paper/datasets/graphsdb/mcs50/bvg/b06m/mcs50_b06m_s100.A07 fileNameGt=../../cp2016-max-common-connected-subgraph-paper/datasets/graphsdb/mcs50/bvg/b06m/mcs50_b06m_s100.B07
Reading graphs...
100 :  298
100 :  297
Initializing...
maxdom : 7
D->valSize : 344
Solving...
Blb : 3 (clique : 31)
currentSize : 31 <-- 0.003364 s
currentSize : 33 <-- 0.242750 s
currentSize : 34 <-- 0.242807 s
currentSize : 35 <-- 0.243002 s
currentSize : 36 <-- 1.822284 s
currentSize : 37 <-- 1.822329 s
currentSize : 38 <-- 8.179367 s

TIMEOUT
maxsize : 38
nodes : 186007336.000000
filtered : 1025955777.000000
time : 1000.000122
