Parameters: GAD=1 vflib=1 dir=0 label=1 lowerbound=1 fileNameGp=../../cp2016-max-common-connected-subgraph-paper/datasets/graphsdb/mcs50/rand/r005/mcs50_r005_s50.A09 fileNameGt=../../cp2016-max-common-connected-subgraph-paper/datasets/graphsdb/mcs50/rand/r005/mcs50_r005_s50.B09
Reading graphs...
50 :  121
50 :  119
Initializing...
maxdom : 9
D->valSize : 312
Solving...
Blb : 2 (clique : 20)
currentSize : 20 <-- 0.003531 s
currentSize : 21 <-- 0.003794 s
currentSize : 22 <-- 0.011629 s
currentSize : 23 <-- 0.011815 s
currentSize : 24 <-- 0.012770 s
currentSize : 25 <-- 0.012930 s

maxsize : 25
nodes : 1156562.000000
filtered : 15995138.000000
time : 5.361719
