Parameters: GAD=1 vflib=1 dir=0 label=1 lowerbound=1 fileNameGp=../../cp2016-max-common-connected-subgraph-paper/datasets/graphsdb/mcs50/m3D/m3Dr4/mcs50_m3Dr4_s60.A07 fileNameGt=../../cp2016-max-common-connected-subgraph-paper/datasets/graphsdb/mcs50/m3D/m3Dr4/mcs50_m3Dr4_s60.B07
Reading graphs...
60 :  153
60 :  155
Initializing...
maxdom : 7
D->valSize : 257
Solving...
Blb : 2 (clique : 17)
currentSize : 17 <-- 0.001735 s
currentSize : 19 <-- 0.001835 s
currentSize : 20 <-- 0.001963 s
currentSize : 21 <-- 0.002398 s
currentSize : 22 <-- 0.002912 s
currentSize : 23 <-- 0.004028 s
currentSize : 24 <-- 0.015367 s
currentSize : 25 <-- 0.015933 s
currentSize : 26 <-- 0.421335 s
currentSize : 27 <-- 0.421395 s
currentSize : 28 <-- 0.536327 s

maxsize : 28
nodes : 6089746.000000
filtered : 43418233.000000
time : 27.208067
