Parameters: GAD=1 vflib=1 dir=0 label=1 lowerbound=1 fileNameGp=../../cp2016-max-common-connected-subgraph-paper/datasets/graphsdb/mcs50/m2D/m2Dr6/mcs50_m2Dr6_s70.A06 fileNameGt=../../cp2016-max-common-connected-subgraph-paper/datasets/graphsdb/mcs50/m2D/m2Dr6/mcs50_m2Dr6_s70.B06
Reading graphs...
70 :  164
70 :  163
Initializing...
maxdom : 10
D->valSize : 313
Solving...
Blb : 3 (clique : 28)
currentSize : 28 <-- 0.002480 s
currentSize : 29 <-- 4.564613 s
currentSize : 31 <-- 7.782660 s
currentSize : 33 <-- 9.957904 s
currentSize : 34 <-- 18.831623 s
currentSize : 35 <-- 75.038307 s

maxsize : 35
nodes : 26921079.000000
filtered : 111777863.000000
time : 108.508293
