Parameters: GAD=1 vflib=1 dir=0 label=1 lowerbound=1 fileNameGp=../../cp2016-max-common-connected-subgraph-paper/datasets/graphsdb/mcs50/m2D/m2Dr4/mcs50_m2Dr4_s50.A08 fileNameGt=../../cp2016-max-common-connected-subgraph-paper/datasets/graphsdb/mcs50/m2D/m2Dr4/mcs50_m2Dr4_s50.B08
Reading graphs...
50 :  104
50 :  101
Initializing...
maxdom : 9
D->valSize : 311
Solving...
Blb : 2 (clique : 19)
currentSize : 19 <-- 0.003519 s
currentSize : 20 <-- 0.006876 s
currentSize : 21 <-- 0.024969 s
currentSize : 22 <-- 0.388043 s
currentSize : 23 <-- 0.414985 s
currentSize : 24 <-- 0.523776 s
currentSize : 25 <-- 0.532874 s
currentSize : 26 <-- 0.809560 s
currentSize : 27 <-- 2.151103 s
currentSize : 28 <-- 3.277449 s
currentSize : 29 <-- 5.372557 s

maxsize : 29
nodes : 1437626.000000
filtered : 14995502.000000
time : 6.255899
