Parameters: GAD=1 vflib=1 dir=0 label=1 lowerbound=1 fileNameGp=../../cp2016-max-common-connected-subgraph-paper/datasets/graphsdb/mcs50/rand/r005/mcs50_r005_s80.A09 fileNameGt=../../cp2016-max-common-connected-subgraph-paper/datasets/graphsdb/mcs50/rand/r005/mcs50_r005_s80.B09
Reading graphs...
80 :  306
80 :  311
Initializing...
maxdom : 8
D->valSize : 424
Solving...
Blb : 5 (clique : 21)
currentSize : 21 <-- 0.006390 s
currentSize : 22 <-- 0.006731 s
currentSize : 23 <-- 0.006803 s
currentSize : 24 <-- 0.008298 s
currentSize : 25 <-- 0.008567 s
currentSize : 26 <-- 0.028159 s
currentSize : 27 <-- 12.837186 s
currentSize : 28 <-- 13.337152 s
currentSize : 29 <-- 15.787468 s
currentSize : 30 <-- 39.882347 s
currentSize : 31 <-- 55.812775 s
currentSize : 32 <-- 92.028435 s
currentSize : 33 <-- 92.028625 s
currentSize : 34 <-- 93.298080 s
currentSize : 35 <-- 93.333679 s
currentSize : 39 <-- 93.334061 s

maxsize : 39
nodes : 27772623.000000
filtered : 341878212.000000
time : 172.744492
