Parameters: GAD=1 vflib=1 dir=0 label=1 lowerbound=1 fileNameGp=../../cp2016-max-common-connected-subgraph-paper/datasets/graphsdb/mcs50/rand/r005/mcs50_r005_s60.A09 fileNameGt=../../cp2016-max-common-connected-subgraph-paper/datasets/graphsdb/mcs50/rand/r005/mcs50_r005_s60.B09
Reading graphs...
60 :  173
60 :  165
Initializing...
maxdom : 10
D->valSize : 253
Solving...
Blb : 5 (clique : 16)
currentSize : 16 <-- 0.001742 s
currentSize : 17 <-- 0.002093 s
currentSize : 18 <-- 0.002507 s
currentSize : 19 <-- 0.009306 s
currentSize : 20 <-- 0.042681 s
currentSize : 21 <-- 1.119455 s
currentSize : 22 <-- 3.527737 s
currentSize : 23 <-- 5.767745 s
currentSize : 24 <-- 8.395430 s
currentSize : 25 <-- 8.527417 s
currentSize : 26 <-- 10.673589 s
currentSize : 29 <-- 10.677534 s

maxsize : 29
nodes : 2971495.000000
filtered : 25227505.000000
time : 12.387900
