Parameters: GAD=1 vflib=1 dir=0 label=1 lowerbound=1 fileNameGp=../../cp2016-max-common-connected-subgraph-paper/datasets/graphsdb/mcs50/rand/r005/mcs50_r005_s50.A04 fileNameGt=../../cp2016-max-common-connected-subgraph-paper/datasets/graphsdb/mcs50/rand/r005/mcs50_r005_s50.B04
Reading graphs...
50 :  120
50 :  120
Initializing...
maxdom : 10
D->valSize : 349
Solving...
Blb : 3 (clique : 16)
currentSize : 16 <-- 0.002467 s
currentSize : 17 <-- 0.009222 s
currentSize : 18 <-- 0.024580 s
currentSize : 19 <-- 0.105854 s
currentSize : 20 <-- 0.533406 s
currentSize : 21 <-- 7.146956 s
currentSize : 22 <-- 10.079209 s
currentSize : 23 <-- 18.778572 s
currentSize : 24 <-- 18.779032 s
currentSize : 25 <-- 23.377680 s

maxsize : 25
nodes : 7259364.000000
filtered : 121530520.000000
time : 33.863853
