Parameters: GAD=1 vflib=1 dir=0 label=1 lowerbound=1 fileNameGp=../../cp2016-max-common-connected-subgraph-paper/datasets/graphsdb/mcs50/m2D/m2Dr4/mcs50_m2Dr4_s100.A05 fileNameGt=../../cp2016-max-common-connected-subgraph-paper/datasets/graphsdb/mcs50/m2D/m2Dr4/mcs50_m2Dr4_s100.B05
Reading graphs...
100 :  217
100 :  218
Initializing...
maxdom : 6
D->valSize : 344
Solving...
Blb : 3 (clique : 31)
currentSize : 31 <-- 0.005616 s
currentSize : 32 <-- 0.150123 s
currentSize : 33 <-- 0.150670 s
currentSize : 34 <-- 0.212611 s
currentSize : 36 <-- 0.226076 s
currentSize : 37 <-- 39.536709 s
currentSize : 38 <-- 41.175022 s
currentSize : 39 <-- 49.942280 s
currentSize : 40 <-- 79.282982 s
currentSize : 41 <-- 442.655853 s

TIMEOUT
maxsize : 41
nodes : 185909364.000000
filtered : 898425959.000000
time : 1000.000061
