Parameters: GAD=1 vflib=1 dir=0 label=1 lowerbound=1 fileNameGp=../../cp2016-max-common-connected-subgraph-paper/datasets/graphsdb/mcs50/m2D/m2Dr6/mcs50_m2Dr6_s100.A03 fileNameGt=../../cp2016-max-common-connected-subgraph-paper/datasets/graphsdb/mcs50/m2D/m2Dr6/mcs50_m2Dr6_s100.B03
Reading graphs...
100 :  239
100 :  236
Initializing...
maxdom : 7
D->valSize : 362
Solving...
Blb : 3 (clique : 41)
currentSize : 41 <-- 0.003748 s
currentSize : 45 <-- 0.064498 s
currentSize : 46 <-- 0.064667 s
currentSize : 47 <-- 0.078727 s
currentSize : 48 <-- 0.395556 s
currentSize : 49 <-- 0.395754 s
currentSize : 50 <-- 10.973671 s
currentSize : 52 <-- 11.646278 s

TIMEOUT
maxsize : 52
nodes : 223398404.000000
filtered : 554992768.000000
time : 1000.000122
