Parameters: GAD=1 vflib=1 dir=0 label=1 lowerbound=1 fileNameGp=../../cp2016-max-common-connected-subgraph-paper/datasets/graphsdb/mcs50/bvg/b06/mcs50_b06_s80.A04 fileNameGt=../../cp2016-max-common-connected-subgraph-paper/datasets/graphsdb/mcs50/bvg/b06/mcs50_b06_s80.B04
Reading graphs...
80 :  240
80 :  238
Initializing...
maxdom : 9
D->valSize : 422
Solving...
Blb : 3 (clique : 29)
currentSize : 29 <-- 0.004032 s
currentSize : 30 <-- 0.133829 s
currentSize : 31 <-- 0.965564 s
currentSize : 32 <-- 0.972912 s
currentSize : 33 <-- 5.485418 s
currentSize : 34 <-- 12.442041 s
currentSize : 35 <-- 17.993628 s
currentSize : 36 <-- 44.692856 s
currentSize : 38 <-- 85.691101 s
currentSize : 39 <-- 185.127228 s
currentSize : 40 <-- 185.127594 s
currentSize : 41 <-- 185.129883 s
currentSize : 42 <-- 185.858612 s

maxsize : 42
nodes : 85357255.000000
filtered : 728511166.000000
time : 470.074493
