Parameters: GAD=1 vflib=1 dir=0 label=1 lowerbound=1 fileNameGp=../../cp2016-max-common-connected-subgraph-paper/datasets/graphsdb/mcs50/m2D/m2D/mcs50_m2D_s60.A07 fileNameGt=../../cp2016-max-common-connected-subgraph-paper/datasets/graphsdb/mcs50/m2D/m2D/mcs50_m2D_s60.B07
Reading graphs...
60 :  104
60 :  102
Initializing...
maxdom : 6
D->valSize : 244
Solving...
Blb : 2 (clique : 22)
currentSize : 22 <-- 0.001724 s
currentSize : 23 <-- 0.002409 s
currentSize : 24 <-- 0.018009 s
currentSize : 25 <-- 0.060442 s
currentSize : 26 <-- 0.398185 s
currentSize : 27 <-- 255.051254 s
currentSize : 28 <-- 255.062210 s
currentSize : 29 <-- 257.263062 s

maxsize : 29
nodes : 106773873.000000
filtered : 748589424.000000
time : 446.802612
