Parameters: GAD=1 vflib=1 dir=0 label=1 lowerbound=1 fileNameGp=../../cp2016-max-common-connected-subgraph-paper/datasets/graphsdb/mcs50/rand/r01/mcs50_r01_s40.A05 fileNameGt=../../cp2016-max-common-connected-subgraph-paper/datasets/graphsdb/mcs50/rand/r01/mcs50_r01_s40.B05
Reading graphs...
40 :  148
40 :  148
Initializing...
maxdom : 9
D->valSize : 230
Solving...
Blb : 2 (clique : 10)
currentSize : 10 <-- 0.001893 s
currentSize : 11 <-- 0.002292 s
currentSize : 12 <-- 0.014589 s
currentSize : 13 <-- 0.027290 s
currentSize : 14 <-- 0.049416 s
currentSize : 15 <-- 0.062104 s
currentSize : 16 <-- 0.089595 s
currentSize : 17 <-- 0.089647 s
currentSize : 18 <-- 0.089800 s
currentSize : 19 <-- 0.089860 s
currentSize : 20 <-- 0.089906 s

maxsize : 20
nodes : 29009.000000
filtered : 305366.000000
time : 0.116177
