Parameters: GAD=1 vflib=1 dir=0 label=1 lowerbound=1 fileNameGp=../../cp2016-max-common-connected-subgraph-paper/datasets/graphsdb/mcs50/m2D/m2Dr2/mcs50_m2Dr2_s50.A03 fileNameGt=../../cp2016-max-common-connected-subgraph-paper/datasets/graphsdb/mcs50/m2D/m2Dr2/mcs50_m2Dr2_s50.B03
Reading graphs...
50 :  93
50 :  93
Initializing...
maxdom : 11
D->valSize : 333
Solving...
Blb : 2 (clique : 19)
currentSize : 19 <-- 0.002450 s
currentSize : 20 <-- 0.002568 s
currentSize : 21 <-- 0.005079 s
currentSize : 22 <-- 0.085503 s
currentSize : 23 <-- 1.991743 s
currentSize : 24 <-- 38.194118 s
currentSize : 25 <-- 55.931385 s
currentSize : 26 <-- 58.138256 s

maxsize : 26
nodes : 35650078.000000
filtered : 461176736.000000
time : 152.514038
