Parameters: GAD=1 vflib=1 dir=0 label=1 lowerbound=1 fileNameGp=../../cp2016-max-common-connected-subgraph-paper/datasets/graphsdb/mcs50/m3D/m3Dr6/mcs50_m3Dr6_s60.A09 fileNameGt=../../cp2016-max-common-connected-subgraph-paper/datasets/graphsdb/mcs50/m3D/m3Dr6/mcs50_m3Dr6_s60.B09
Reading graphs...
60 :  167
60 :  162
Initializing...
maxdom : 7
D->valSize : 259
Solving...
Blb : 3 (clique : 21)
currentSize : 21 <-- 0.001870 s
currentSize : 22 <-- 13.307878 s
currentSize : 23 <-- 13.880592 s
currentSize : 24 <-- 22.028135 s
currentSize : 25 <-- 22.087893 s
currentSize : 26 <-- 36.740520 s

maxsize : 26
nodes : 13505155.000000
filtered : 102306872.000000
time : 55.367313
