Parameters: GAD=1 vflib=1 dir=0 label=1 lowerbound=1 fileNameGp=../../cp2016-max-common-connected-subgraph-paper/datasets/graphsdb/mcs50/bvg/b06/mcs50_b06_s60.A09 fileNameGt=../../cp2016-max-common-connected-subgraph-paper/datasets/graphsdb/mcs50/bvg/b06/mcs50_b06_s60.B09
Reading graphs...
60 :  180
60 :  179
Initializing...
maxdom : 6
D->valSize : 243
Solving...
Blb : 2 (clique : 22)
currentSize : 22 <-- 0.001619 s
currentSize : 23 <-- 0.011808 s
currentSize : 25 <-- 0.011912 s
currentSize : 26 <-- 0.011942 s
currentSize : 28 <-- 0.012534 s
currentSize : 29 <-- 0.012573 s
currentSize : 30 <-- 0.015771 s

maxsize : 30
nodes : 533083.000000
filtered : 3818048.000000
time : 2.373610
