Parameters: GAD=1 vflib=1 dir=0 label=1 lowerbound=1 fileNameGp=../../cp2016-max-common-connected-subgraph-paper/datasets/graphsdb/mcs50/m2D/m2Dr2/mcs50_m2Dr2_s70.A02 fileNameGt=../../cp2016-max-common-connected-subgraph-paper/datasets/graphsdb/mcs50/m2D/m2Dr2/mcs50_m2Dr2_s70.B02
Reading graphs...
70 :  136
70 :  134
Initializing...
maxdom : 9
D->valSize : 353
Solving...
Blb : 2 (clique : 27)
currentSize : 27 <-- 0.002998 s
currentSize : 28 <-- 0.003188 s
currentSize : 30 <-- 0.007015 s
currentSize : 31 <-- 0.009155 s
currentSize : 32 <-- 0.140989 s
currentSize : 33 <-- 0.298996 s
currentSize : 34 <-- 3.257504 s
currentSize : 35 <-- 3.287697 s
currentSize : 37 <-- 3.294666 s
currentSize : 38 <-- 25.160452 s
currentSize : 39 <-- 25.161263 s
currentSize : 40 <-- 26.833498 s

maxsize : 40
nodes : 11303928.000000
filtered : 62747421.000000
time : 51.734882
