Parameters: GAD=1 vflib=1 dir=0 label=1 lowerbound=1 fileNameGp=../../cp2016-max-common-connected-subgraph-paper/datasets/graphsdb/mcs50/bvg/b09/mcs50_b09_s70.A09 fileNameGt=../../cp2016-max-common-connected-subgraph-paper/datasets/graphsdb/mcs50/bvg/b09/mcs50_b09_s70.B09
Reading graphs...
70 :  309
70 :  309
Initializing...
maxdom : 9
D->valSize : 333
Solving...
Blb : 2 (clique : 19)
currentSize : 19 <-- 0.002667 s
currentSize : 22 <-- 0.002837 s
currentSize : 23 <-- 0.004227 s
currentSize : 24 <-- 0.008153 s
currentSize : 25 <-- 0.008339 s
currentSize : 26 <-- 0.015112 s
currentSize : 27 <-- 0.015158 s
currentSize : 31 <-- 0.015227 s
currentSize : 32 <-- 0.016512 s
currentSize : 33 <-- 1.872958 s
currentSize : 34 <-- 1.873519 s

maxsize : 34
nodes : 1074067.000000
filtered : 5986684.000000
time : 4.908047
