Parameters: GAD=1 vflib=1 dir=0 label=1 lowerbound=1 fileNameGp=../../cp2016-max-common-connected-subgraph-paper/datasets/graphsdb/mcs50/m2D/m2Dr2/mcs50_m2Dr2_s50.A08 fileNameGt=../../cp2016-max-common-connected-subgraph-paper/datasets/graphsdb/mcs50/m2D/m2Dr2/mcs50_m2Dr2_s50.B08
Reading graphs...
50 :  95
50 :  95
Initializing...
maxdom : 11
D->valSize : 337
Solving...
Blb : 2 (clique : 19)
currentSize : 19 <-- 0.002348 s
currentSize : 20 <-- 0.002460 s
currentSize : 21 <-- 0.002541 s
currentSize : 22 <-- 0.002626 s
currentSize : 23 <-- 23.522200 s
currentSize : 24 <-- 37.229435 s
currentSize : 25 <-- 37.230007 s
currentSize : 26 <-- 37.231930 s
currentSize : 27 <-- 37.231976 s

maxsize : 27
nodes : 12664940.000000
filtered : 200632547.000000
time : 52.516872
