Parameters: GAD=1 vflib=1 dir=0 label=1 lowerbound=1 fileNameGp=../../cp2016-max-common-connected-subgraph-paper/datasets/graphsdb/mcs50/bvg/b06/mcs50_b06_s35.A01 fileNameGt=../../cp2016-max-common-connected-subgraph-paper/datasets/graphsdb/mcs50/bvg/b06/mcs50_b06_s35.B01
Reading graphs...
35 :  104
35 :  103
Initializing...
maxdom : 8
D->valSize : 163
Solving...
Blb : 2 (clique : 9)
currentSize : 9 <-- 0.000941 s
currentSize : 10 <-- 0.001114 s
currentSize : 11 <-- 0.001517 s
currentSize : 12 <-- 0.002112 s
currentSize : 13 <-- 0.005134 s
currentSize : 15 <-- 0.013258 s
currentSize : 16 <-- 0.013309 s
currentSize : 17 <-- 0.016247 s
currentSize : 18 <-- 0.016319 s

maxsize : 18
nodes : 8174.000000
filtered : 69488.000000
time : 0.029443
