Parameters: GAD=1 vflib=1 dir=0 label=1 lowerbound=1 fileNameGp=../../cp2016-max-common-connected-subgraph-paper/datasets/graphsdb/mcs50/bvg/b03/mcs50_b03_s50.A08 fileNameGt=../../cp2016-max-common-connected-subgraph-paper/datasets/graphsdb/mcs50/bvg/b03/mcs50_b03_s50.B08
Reading graphs...
50 :  74
50 :  75
Initializing...
maxdom : 11
D->valSize : 322
Solving...
Blb : 5 (clique : 20)
currentSize : 20 <-- 0.002293 s
currentSize : 21 <-- 0.003617 s
currentSize : 22 <-- 0.005518 s
currentSize : 23 <-- 0.059274 s
currentSize : 24 <-- 4.896025 s
currentSize : 25 <-- 32.304588 s
currentSize : 26 <-- 94.545929 s
currentSize : 27 <-- 462.660767 s
currentSize : 28 <-- 462.660889 s
currentSize : 29 <-- 462.705505 s

maxsize : 29
nodes : 131346153.000000
filtered : 1479074603.000000
time : 515.392700
