Parameters: GAD=1 vflib=1 dir=0 label=1 lowerbound=1 fileNameGp=../../cp2016-max-common-connected-subgraph-paper/datasets/graphsdb/mcs50/bvg/b06m/mcs50_b06m_s100.A08 fileNameGt=../../cp2016-max-common-connected-subgraph-paper/datasets/graphsdb/mcs50/bvg/b06m/mcs50_b06m_s100.B08
Reading graphs...
100 :  297
100 :  296
Initializing...
maxdom : 6
D->valSize : 331
Solving...
Blb : 2 (clique : 38)
currentSize : 38 <-- 0.003187 s
currentSize : 41 <-- 0.003934 s
currentSize : 43 <-- 0.184423 s
currentSize : 45 <-- 1.352408 s
currentSize : 46 <-- 24.353107 s
currentSize : 47 <-- 28.437555 s
currentSize : 48 <-- 28.439074 s
currentSize : 49 <-- 28.442865 s
currentSize : 50 <-- 28.754551 s
currentSize : 51 <-- 705.311462 s

TIMEOUT
maxsize : 51
nodes : 202637049.000000
filtered : 634680125.000000
time : 1000.000061
