Parameters: GAD=1 vflib=1 dir=0 label=1 lowerbound=1 fileNameGp=../../cp2016-max-common-connected-subgraph-paper/datasets/graphsdb/mcs50/rand/r01/mcs50_r01_s40.A08 fileNameGt=../../cp2016-max-common-connected-subgraph-paper/datasets/graphsdb/mcs50/rand/r01/mcs50_r01_s40.B08
Reading graphs...
40 :  149
40 :  149
Initializing...
maxdom : 9
D->valSize : 219
Solving...
Blb : 2 (clique : 11)
currentSize : 11 <-- 0.001177 s
currentSize : 12 <-- 0.001365 s
currentSize : 13 <-- 0.004109 s
currentSize : 14 <-- 0.006324 s
currentSize : 15 <-- 0.007689 s
currentSize : 16 <-- 0.007715 s
currentSize : 18 <-- 0.054088 s
currentSize : 20 <-- 0.054124 s

maxsize : 20
nodes : 17038.000000
filtered : 213316.000000
time : 0.070486
