Parameters: GAD=1 vflib=1 dir=0 label=1 lowerbound=1 fileNameGp=../../cp2016-max-common-connected-subgraph-paper/datasets/graphsdb/mcs50/bvg/b06/mcs50_b06_s70.A07 fileNameGt=../../cp2016-max-common-connected-subgraph-paper/datasets/graphsdb/mcs50/bvg/b06/mcs50_b06_s70.B07
Reading graphs...
70 :  209
70 :  210
Initializing...
maxdom : 8
D->valSize : 327
Solving...
Blb : 2 (clique : 18)
currentSize : 18 <-- 0.002526 s
currentSize : 19 <-- 0.002663 s
currentSize : 21 <-- 0.002756 s
currentSize : 22 <-- 0.004757 s
currentSize : 23 <-- 0.186148 s
currentSize : 24 <-- 0.190396 s
currentSize : 25 <-- 0.626895 s
currentSize : 27 <-- 1.240585 s
currentSize : 28 <-- 1.273603 s
currentSize : 29 <-- 1.274161 s
currentSize : 30 <-- 1.276932 s
currentSize : 32 <-- 3.144721 s
currentSize : 33 <-- 3.145002 s
currentSize : 34 <-- 3.188093 s
currentSize : 35 <-- 17.459385 s

maxsize : 35
nodes : 8365157.000000
filtered : 51291181.000000
time : 38.641590
