Parameters: GAD=1 vflib=1 dir=0 label=1 lowerbound=1 fileNameGp=../../cp2016-max-common-connected-subgraph-paper/datasets/graphsdb/mcs50/m3D/m3Dr6/mcs50_m3Dr6_s60.A08 fileNameGt=../../cp2016-max-common-connected-subgraph-paper/datasets/graphsdb/mcs50/m3D/m3Dr6/mcs50_m3Dr6_s60.B08
Reading graphs...
60 :  165
60 :  164
Initializing...
maxdom : 8
D->valSize : 266
Solving...
Blb : 2 (clique : 18)
currentSize : 18 <-- 0.002838 s
currentSize : 19 <-- 0.004732 s
currentSize : 20 <-- 0.020033 s
currentSize : 21 <-- 0.046792 s
currentSize : 22 <-- 0.054081 s
currentSize : 23 <-- 0.124551 s
currentSize : 24 <-- 0.348590 s
currentSize : 25 <-- 0.567811 s
currentSize : 26 <-- 0.877564 s
currentSize : 27 <-- 1.447025 s
currentSize : 28 <-- 2.756838 s

maxsize : 28
nodes : 1625356.000000
filtered : 8357401.000000
time : 6.437591
