Parameters: GAD=1 vflib=1 dir=0 label=1 lowerbound=1 fileNameGp=../../cp2016-max-common-connected-subgraph-paper/datasets/graphsdb/mcs50/bvg/b09/mcs50_b09_s80.A04 fileNameGt=../../cp2016-max-common-connected-subgraph-paper/datasets/graphsdb/mcs50/bvg/b09/mcs50_b09_s80.B04
Reading graphs...
80 :  356
80 :  358
Initializing...
maxdom : 11
D->valSize : 459
Solving...
Blb : 2 (clique : 19)
currentSize : 19 <-- 0.006860 s
currentSize : 20 <-- 0.016721 s
currentSize : 21 <-- 0.030267 s
currentSize : 22 <-- 0.030830 s
currentSize : 23 <-- 0.933610 s
currentSize : 24 <-- 0.984715 s
currentSize : 25 <-- 6.188787 s
currentSize : 26 <-- 9.902355 s
currentSize : 27 <-- 9.905496 s
currentSize : 28 <-- 16.127735 s
currentSize : 29 <-- 16.608721 s
currentSize : 30 <-- 25.609816 s
currentSize : 31 <-- 25.685301 s
currentSize : 32 <-- 44.663433 s
currentSize : 34 <-- 44.675022 s
currentSize : 35 <-- 44.689892 s
currentSize : 36 <-- 52.535744 s
currentSize : 37 <-- 52.535904 s
currentSize : 38 <-- 53.925358 s
currentSize : 39 <-- 53.925434 s
currentSize : 41 <-- 54.584728 s
currentSize : 42 <-- 54.585804 s

maxsize : 42
nodes : 22395705.000000
filtered : 150699587.000000
time : 109.149887
