Parameters: GAD=1 vflib=1 dir=0 label=1 lowerbound=1 fileNameGp=../../cp2016-max-common-connected-subgraph-paper/datasets/graphsdb/mcs50/m2D/m2Dr4/mcs50_m2Dr4_s50.A07 fileNameGt=../../cp2016-max-common-connected-subgraph-paper/datasets/graphsdb/mcs50/m2D/m2Dr4/mcs50_m2Dr4_s50.B07
Reading graphs...
50 :  101
50 :  102
Initializing...
maxdom : 11
D->valSize : 342
Solving...
Blb : 2 (clique : 17)
currentSize : 17 <-- 0.002498 s
currentSize : 18 <-- 0.003195 s
currentSize : 19 <-- 0.004048 s
currentSize : 20 <-- 0.047061 s
currentSize : 21 <-- 0.048454 s
currentSize : 22 <-- 0.124439 s
currentSize : 23 <-- 28.496307 s
currentSize : 24 <-- 101.169563 s
currentSize : 25 <-- 101.433029 s
currentSize : 26 <-- 121.155968 s
currentSize : 27 <-- 121.160385 s

maxsize : 27
nodes : 30320585.000000
filtered : 398020967.000000
time : 130.879349
