Parameters: GAD=1 vflib=1 dir=0 label=1 lowerbound=1 fileNameGp=../../cp2016-max-common-connected-subgraph-paper/datasets/graphsdb/mcs50/bvg/b03/mcs50_b03_s60.A06 fileNameGt=../../cp2016-max-common-connected-subgraph-paper/datasets/graphsdb/mcs50/bvg/b03/mcs50_b03_s60.B06
Reading graphs...
60 :  90
60 :  89
Initializing...
maxdom : 8
D->valSize : 275
Solving...
Blb : 2 (clique : 24)
currentSize : 24 <-- 0.001983 s
currentSize : 25 <-- 0.011583 s
currentSize : 26 <-- 0.020134 s
currentSize : 27 <-- 2.625943 s
currentSize : 28 <-- 10.162964 s
currentSize : 29 <-- 16.400785 s
currentSize : 30 <-- 33.177685 s
currentSize : 31 <-- 42.209965 s
currentSize : 32 <-- 71.960136 s

maxsize : 32
nodes : 17003459.000000
filtered : 140113854.000000
time : 73.953522
