Parameters: GAD=1 vflib=1 dir=0 label=1 lowerbound=1 fileNameGp=../../cp2016-max-common-connected-subgraph-paper/datasets/graphsdb/mcs50/bvg/b06m/mcs50_b06m_s80.A07 fileNameGt=../../cp2016-max-common-connected-subgraph-paper/datasets/graphsdb/mcs50/bvg/b06m/mcs50_b06m_s80.B07
Reading graphs...
80 :  238
80 :  240
Initializing...
maxdom : 10
D->valSize : 402
Solving...
Blb : 2 (clique : 24)
currentSize : 24 <-- 0.003794 s
currentSize : 30 <-- 0.003978 s
currentSize : 31 <-- 0.004078 s
currentSize : 32 <-- 0.202215 s
currentSize : 33 <-- 35.199360 s
currentSize : 34 <-- 35.199512 s
currentSize : 35 <-- 75.023315 s
currentSize : 36 <-- 75.023384 s
currentSize : 37 <-- 75.025040 s
currentSize : 38 <-- 75.127449 s
currentSize : 39 <-- 77.714859 s
currentSize : 40 <-- 78.141289 s

maxsize : 40
nodes : 48299354.000000
filtered : 301189827.000000
time : 241.085571
