Parameters: GAD=1 vflib=1 dir=0 label=1 lowerbound=1 fileNameGp=../../cp2016-max-common-connected-subgraph-paper/datasets/graphsdb/mcs50/m2D/m2Dr2/mcs50_m2Dr2_s70.A05 fileNameGt=../../cp2016-max-common-connected-subgraph-paper/datasets/graphsdb/mcs50/m2D/m2Dr2/mcs50_m2Dr2_s70.B05
Reading graphs...
70 :  137
70 :  136
Initializing...
maxdom : 8
D->valSize : 312
Solving...
Blb : 2 (clique : 24)
currentSize : 24 <-- 0.002531 s
currentSize : 25 <-- 4.291555 s
currentSize : 26 <-- 4.291684 s
currentSize : 27 <-- 4.294368 s
currentSize : 28 <-- 4.307389 s
currentSize : 29 <-- 4.352213 s
currentSize : 30 <-- 31.837976 s
currentSize : 31 <-- 78.304634 s
currentSize : 32 <-- 108.743027 s
currentSize : 33 <-- 150.559509 s
currentSize : 34 <-- 150.697647 s
currentSize : 35 <-- 199.842621 s
currentSize : 36 <-- 199.842834 s
currentSize : 37 <-- 242.608749 s

maxsize : 37
nodes : 69160065.000000
filtered : 357298725.000000
time : 294.357178
