Parameters: GAD=1 vflib=1 dir=0 label=1 lowerbound=1 fileNameGp=../../cp2016-max-common-connected-subgraph-paper/datasets/graphsdb/mcs50/bvg/b09/mcs50_b09_s35.A04 fileNameGt=../../cp2016-max-common-connected-subgraph-paper/datasets/graphsdb/mcs50/bvg/b09/mcs50_b09_s35.B04
Reading graphs...
35 :  151
35 :  154
Initializing...
maxdom : 7
D->valSize : 171
Solving...
Blb : 5 (clique : 8)
currentSize : 8 <-- 0.001008 s
currentSize : 9 <-- 0.001366 s
currentSize : 10 <-- 0.010317 s
currentSize : 11 <-- 0.010773 s
currentSize : 12 <-- 0.017831 s
currentSize : 13 <-- 0.017875 s
currentSize : 14 <-- 0.026265 s
currentSize : 15 <-- 0.026439 s
currentSize : 16 <-- 0.026467 s

maxsize : 16
nodes : 11425.000000
filtered : 102744.000000
time : 0.036766
