Parameters: GAD=1 vflib=1 dir=0 label=1 lowerbound=1 fileNameGp=../../cp2016-max-common-connected-subgraph-paper/datasets/graphsdb/mcs50/m2D/m2Dr2/mcs50_m2Dr2_s50.A07 fileNameGt=../../cp2016-max-common-connected-subgraph-paper/datasets/graphsdb/mcs50/m2D/m2Dr2/mcs50_m2Dr2_s50.B07
Reading graphs...
50 :  94
50 :  95
Initializing...
maxdom : 11
D->valSize : 375
Solving...
Blb : 2 (clique : 22)
currentSize : 22 <-- 0.002788 s
currentSize : 23 <-- 0.002934 s
currentSize : 24 <-- 0.002957 s
currentSize : 25 <-- 207.353760 s
currentSize : 26 <-- 207.353821 s
currentSize : 27 <-- 208.855621 s

maxsize : 27
nodes : 52943798.000000
filtered : 596904757.000000
time : 217.007950
