Parameters: GAD=1 vflib=1 dir=0 label=1 lowerbound=1 fileNameGp=../../cp2016-max-common-connected-subgraph-paper/datasets/graphsdb/mcs50/bvg/b06/mcs50_b06_s70.A01 fileNameGt=../../cp2016-max-common-connected-subgraph-paper/datasets/graphsdb/mcs50/bvg/b06/mcs50_b06_s70.B01
Reading graphs...
70 :  208
70 :  208
Initializing...
maxdom : 7
D->valSize : 325
Solving...
Blb : 2 (clique : 24)
currentSize : 24 <-- 0.002548 s
currentSize : 25 <-- 0.002709 s
currentSize : 26 <-- 0.002809 s
currentSize : 27 <-- 0.002915 s
currentSize : 28 <-- 0.004398 s
currentSize : 29 <-- 0.006836 s
currentSize : 30 <-- 0.008661 s
currentSize : 33 <-- 0.030999 s
currentSize : 34 <-- 0.031311 s
currentSize : 35 <-- 3.851049 s
currentSize : 36 <-- 3.851151 s

maxsize : 36
nodes : 1991313.000000
filtered : 15788573.000000
time : 10.038084
