Parameters: GAD=1 vflib=1 dir=0 label=1 lowerbound=1 fileNameGp=../../cp2016-max-common-connected-subgraph-paper/datasets/graphsdb/mcs50/bvg/b09m/mcs50_b09m_s90.A02 fileNameGt=../../cp2016-max-common-connected-subgraph-paper/datasets/graphsdb/mcs50/bvg/b09m/mcs50_b09m_s90.B02
Reading graphs...
90 :  398
90 :  397
Initializing...
maxdom : 10
D->valSize : 526
Solving...
Blb : 2 (clique : 34)
currentSize : 34 <-- 0.005812 s
currentSize : 36 <-- 0.006101 s
currentSize : 37 <-- 0.006149 s
currentSize : 38 <-- 0.012319 s
currentSize : 39 <-- 0.026495 s
currentSize : 40 <-- 0.026557 s
currentSize : 41 <-- 0.027055 s
currentSize : 42 <-- 0.028802 s
currentSize : 43 <-- 0.039844 s

TIMEOUT
maxsize : 43
nodes : 212377533.000000
filtered : 879097376.000000
time : 1000.000061
