Parameters: GAD=1 vflib=1 dir=0 label=1 lowerbound=1 fileNameGp=../../cp2016-max-common-connected-subgraph-paper/datasets/graphsdb/mcs50/rand/r005/mcs50_r005_s90.A04 fileNameGt=../../cp2016-max-common-connected-subgraph-paper/datasets/graphsdb/mcs50/rand/r005/mcs50_r005_s90.B04
Reading graphs...
90 :  391
90 :  393
Initializing...
maxdom : 11
D->valSize : 553
Solving...
Blb : 2 (clique : 30)
currentSize : 30 <-- 0.010231 s
currentSize : 35 <-- 0.010703 s
currentSize : 37 <-- 0.012479 s
currentSize : 39 <-- 0.019363 s
currentSize : 43 <-- 0.020800 s
currentSize : 45 <-- 31.626583 s

maxsize : 45
nodes : 5839690.000000
filtered : 128956266.000000
time : 47.595734
