Parameters: GAD=1 vflib=1 dir=0 label=1 lowerbound=1 fileNameGp=../../cp2016-max-common-connected-subgraph-paper/datasets/graphsdb/mcs50/m2D/m2Dr2/mcs50_m2Dr2_s50.A06 fileNameGt=../../cp2016-max-common-connected-subgraph-paper/datasets/graphsdb/mcs50/m2D/m2Dr2/mcs50_m2Dr2_s50.B06
Reading graphs...
50 :  95
50 :  94
Initializing...
maxdom : 9
D->valSize : 321
Solving...
Blb : 5 (clique : 18)
currentSize : 18 <-- 0.002349 s
currentSize : 19 <-- 0.002658 s
currentSize : 20 <-- 0.002692 s
currentSize : 21 <-- 1.623765 s
currentSize : 22 <-- 1.624019 s
currentSize : 24 <-- 1.624252 s
currentSize : 25 <-- 44.131912 s
currentSize : 26 <-- 106.694275 s
currentSize : 27 <-- 181.202530 s

maxsize : 27
nodes : 51308828.000000
filtered : 633963492.000000
time : 219.290710
