Parameters: GAD=1 vflib=1 dir=0 label=1 lowerbound=1 fileNameGp=../../cp2016-max-common-connected-subgraph-paper/datasets/graphsdb/mcs50/bvg/b03/mcs50_b03_s60.A02 fileNameGt=../../cp2016-max-common-connected-subgraph-paper/datasets/graphsdb/mcs50/bvg/b03/mcs50_b03_s60.B02
Reading graphs...
60 :  90
60 :  88
Initializing...
maxdom : 9
D->valSize : 287
Solving...
Blb : 2 (clique : 25)
currentSize : 25 <-- 0.002093 s
currentSize : 26 <-- 0.002244 s
currentSize : 27 <-- 0.002323 s
currentSize : 28 <-- 0.002380 s
currentSize : 29 <-- 0.003029 s
currentSize : 30 <-- 0.003072 s
currentSize : 31 <-- 0.034275 s
currentSize : 32 <-- 0.222578 s
currentSize : 33 <-- 2.026426 s
currentSize : 34 <-- 2.027033 s

maxsize : 34
nodes : 3786627.000000
filtered : 23129025.000000
time : 17.103701
