Parameters: GAD=1 vflib=1 dir=0 label=1 lowerbound=1 fileNameGp=../../cp2016-max-common-connected-subgraph-paper/datasets/graphsdb/mcs50/rand/r01/mcs50_r01_s100.A09 fileNameGt=../../cp2016-max-common-connected-subgraph-paper/datasets/graphsdb/mcs50/rand/r01/mcs50_r01_s100.B09
Reading graphs...
100 :  933
100 :  940
Initializing...
maxdom : 8
D->valSize : 326
Solving...
Blb : 2 (clique : 14)
currentSize : 14 <-- 0.002935 s
currentSize : 17 <-- 0.003106 s
currentSize : 18 <-- 0.005268 s
currentSize : 19 <-- 0.005336 s
currentSize : 20 <-- 0.005682 s
currentSize : 21 <-- 0.006433 s
currentSize : 23 <-- 0.007026 s
currentSize : 25 <-- 0.009908 s
currentSize : 29 <-- 0.010090 s
currentSize : 30 <-- 0.015365 s
currentSize : 31 <-- 0.015963 s
currentSize : 33 <-- 0.023150 s
currentSize : 37 <-- 0.023302 s
currentSize : 38 <-- 0.031544 s
currentSize : 43 <-- 0.158576 s
currentSize : 44 <-- 0.159127 s
currentSize : 45 <-- 0.261445 s

maxsize : 45
nodes : 147560.000000
filtered : 1301501.000000
time : 0.917809
