Parameters: GAD=1 vflib=1 dir=0 label=1 lowerbound=1 fileNameGp=../../cp2016-max-common-connected-subgraph-paper/datasets/graphsdb/mcs50/rand/r01/mcs50_r01_s80.A00 fileNameGt=../../cp2016-max-common-connected-subgraph-paper/datasets/graphsdb/mcs50/rand/r01/mcs50_r01_s80.B00
Reading graphs...
80 :  599
80 :  599
Initializing...
maxdom : 11
D->valSize : 478
Solving...
Blb : 2 (clique : 14)
currentSize : 14 <-- 0.004495 s
currentSize : 17 <-- 0.004715 s
currentSize : 20 <-- 0.306864 s
currentSize : 26 <-- 0.307232 s
currentSize : 27 <-- 0.493064 s
currentSize : 28 <-- 1.768986 s
currentSize : 37 <-- 1.770832 s

maxsize : 37
nodes : 406198.000000
filtered : 6550650.000000
time : 2.485485
