Parameters: GAD=1 vflib=1 dir=0 label=1 lowerbound=1 fileNameGp=../../cp2016-max-common-connected-subgraph-paper/datasets/graphsdb/mcs50/rand/r01/mcs50_r01_s80.A03 fileNameGt=../../cp2016-max-common-connected-subgraph-paper/datasets/graphsdb/mcs50/rand/r01/mcs50_r01_s80.B03
Reading graphs...
80 :  598
80 :  609
Initializing...
maxdom : 11
D->valSize : 486
Solving...
Blb : 2 (clique : 13)
currentSize : 13 <-- 0.007158 s
currentSize : 14 <-- 0.007340 s
currentSize : 15 <-- 0.007435 s
currentSize : 16 <-- 0.007940 s
currentSize : 17 <-- 0.079008 s
currentSize : 19 <-- 0.082545 s
currentSize : 20 <-- 0.330754 s
currentSize : 21 <-- 0.371683 s
currentSize : 22 <-- 0.387711 s
currentSize : 27 <-- 0.408708 s
currentSize : 28 <-- 0.585243 s
currentSize : 32 <-- 0.876690 s
currentSize : 37 <-- 0.877031 s

maxsize : 37
nodes : 300921.000000
filtered : 4227619.000000
time : 2.001204
