Parameters: GAD=1 vflib=1 dir=0 label=1 lowerbound=1 fileNameGp=../../cp2016-max-common-connected-subgraph-paper/datasets/graphsdb/mcs50/rand/r005/mcs50_r005_s100.A04 fileNameGt=../../cp2016-max-common-connected-subgraph-paper/datasets/graphsdb/mcs50/rand/r005/mcs50_r005_s100.B04
Reading graphs...
100 :  482
100 :  477
Initializing...
maxdom : 6
D->valSize : 350
Solving...
Blb : 2 (clique : 34)
currentSize : 34 <-- 0.003501 s
currentSize : 35 <-- 0.003939 s
currentSize : 36 <-- 0.004092 s
currentSize : 37 <-- 0.018610 s
currentSize : 38 <-- 0.018739 s
currentSize : 39 <-- 0.636902 s
currentSize : 40 <-- 0.637028 s
currentSize : 41 <-- 0.665606 s
currentSize : 42 <-- 0.665740 s
currentSize : 43 <-- 0.665867 s
currentSize : 44 <-- 4.542865 s
currentSize : 45 <-- 4.543014 s
currentSize : 47 <-- 4.544906 s
currentSize : 48 <-- 4.545055 s
currentSize : 49 <-- 4.545194 s

maxsize : 49
nodes : 8690912.000000
filtered : 54871012.000000
time : 50.455139
