Parameters: GAD=1 vflib=1 dir=0 label=1 lowerbound=1 fileNameGp=../../cp2016-max-common-connected-subgraph-paper/datasets/graphsdb/mcs50/m3D/m3Dr4/mcs50_m3Dr4_s50.A09 fileNameGt=../../cp2016-max-common-connected-subgraph-paper/datasets/graphsdb/mcs50/m3D/m3Dr4/mcs50_m3Dr4_s50.B09
Reading graphs...
50 :  126
50 :  125
Initializing...
maxdom : 8
D->valSize : 318
Solving...
Blb : 2 (clique : 16)
currentSize : 16 <-- 0.002131 s
currentSize : 17 <-- 0.104147 s
currentSize : 18 <-- 4.186689 s
currentSize : 19 <-- 11.429567 s
currentSize : 20 <-- 13.740902 s
currentSize : 22 <-- 15.029265 s
currentSize : 23 <-- 15.029327 s
currentSize : 24 <-- 17.869120 s
currentSize : 26 <-- 17.887110 s
currentSize : 27 <-- 20.814924 s

maxsize : 27
nodes : 6310536.000000
filtered : 60819734.000000
time : 24.422228
