Parameters: GAD=1 vflib=1 dir=0 label=1 lowerbound=1 fileNameGp=../../cp2016-max-common-connected-subgraph-paper/datasets/graphsdb/mcs50/m2D/m2D/mcs50_m2D_s100.A00 fileNameGt=../../cp2016-max-common-connected-subgraph-paper/datasets/graphsdb/mcs50/m2D/m2D/mcs50_m2D_s100.B00
Reading graphs...
100 :  180
100 :  180
Initializing...
maxdom : 7
D->valSize : 343
Solving...
Blb : 2 (clique : 40)
currentSize : 40 <-- 0.003456 s
currentSize : 41 <-- 0.006393 s
currentSize : 42 <-- 0.105469 s
currentSize : 43 <-- 0.108543 s
currentSize : 44 <-- 0.112981 s
currentSize : 45 <-- 0.594081 s
currentSize : 46 <-- 2.066080 s
currentSize : 47 <-- 2.066467 s
currentSize : 48 <-- 409.564026 s
currentSize : 49 <-- 440.568207 s
currentSize : 50 <-- 447.857971 s

TIMEOUT
maxsize : 50
nodes : 230904400.000000
filtered : 464198870.000000
time : 1000.000061
