Parameters: GAD=1 vflib=1 dir=0 label=1 lowerbound=1 fileNameGp=../../cp2016-max-common-connected-subgraph-paper/datasets/graphsdb/mcs50/m3D/m3Dr2/mcs50_m3Dr2_s50.A07 fileNameGt=../../cp2016-max-common-connected-subgraph-paper/datasets/graphsdb/mcs50/m3D/m3Dr2/mcs50_m3Dr2_s50.B07
Reading graphs...
50 :  118
50 :  117
Initializing...
maxdom : 9
D->valSize : 324
Solving...
Blb : 2 (clique : 19)
currentSize : 19 <-- 0.002210 s
currentSize : 20 <-- 0.002338 s
currentSize : 21 <-- 0.002429 s
currentSize : 22 <-- 0.002541 s
currentSize : 23 <-- 0.002642 s
currentSize : 24 <-- 0.003123 s
currentSize : 25 <-- 0.191866 s
currentSize : 26 <-- 0.192506 s
currentSize : 27 <-- 1.908683 s
currentSize : 28 <-- 1.908772 s
currentSize : 29 <-- 1.909348 s

maxsize : 29
nodes : 565517.000000
filtered : 6367878.000000
time : 2.557127
