Parameters: GAD=1 vflib=1 dir=0 label=1 lowerbound=1 fileNameGp=../../cp2016-max-common-connected-subgraph-paper/datasets/graphsdb/mcs50/rand/r01/mcs50_r01_s60.A09 fileNameGt=../../cp2016-max-common-connected-subgraph-paper/datasets/graphsdb/mcs50/rand/r01/mcs50_r01_s60.B09
Reading graphs...
60 :  334
60 :  328
Initializing...
maxdom : 6
D->valSize : 240
Solving...
Blb : 2 (clique : 12)
currentSize : 12 <-- 0.001572 s
currentSize : 15 <-- 0.001665 s
currentSize : 18 <-- 0.001910 s
currentSize : 21 <-- 0.002431 s
currentSize : 22 <-- 0.017988 s
currentSize : 23 <-- 0.018211 s
currentSize : 24 <-- 0.043664 s
currentSize : 27 <-- 0.087213 s
currentSize : 28 <-- 0.087713 s

maxsize : 28
nodes : 28662.000000
filtered : 311152.000000
time : 0.134436
