Parameters: GAD=1 vflib=1 dir=0 label=1 lowerbound=1 fileNameGp=../../cp2016-max-common-connected-subgraph-paper/datasets/graphsdb/mcs50/bvg/b06m/mcs50_b06m_s90.A06 fileNameGt=../../cp2016-max-common-connected-subgraph-paper/datasets/graphsdb/mcs50/bvg/b06m/mcs50_b06m_s90.B06
Reading graphs...
90 :  267
90 :  269
Initializing...
maxdom : 11
D->valSize : 530
Solving...
Blb : 2 (clique : 34)
currentSize : 34 <-- 0.005916 s
currentSize : 35 <-- 0.006282 s
currentSize : 36 <-- 0.019960 s
currentSize : 37 <-- 0.019973 s
currentSize : 38 <-- 0.020073 s
currentSize : 40 <-- 0.020452 s
currentSize : 41 <-- 0.056151 s
currentSize : 42 <-- 0.073078 s

TIMEOUT
maxsize : 42
nodes : 171248621.000000
filtered : 1595259156.000000
time : 1000.000061
