Parameters: GAD=1 vflib=1 dir=0 label=1 lowerbound=1 fileNameGp=../../cp2016-max-common-connected-subgraph-paper/datasets/graphsdb/mcs50/m2D/m2D/mcs50_m2D_s100.A06 fileNameGt=../../cp2016-max-common-connected-subgraph-paper/datasets/graphsdb/mcs50/m2D/m2D/mcs50_m2D_s100.B06
Reading graphs...
100 :  179
100 :  180
Initializing...
maxdom : 10
D->valSize : 366
Solving...
Blb : 2 (clique : 38)
currentSize : 38 <-- 0.003935 s
currentSize : 39 <-- 0.004615 s
currentSize : 40 <-- 0.007384 s
currentSize : 41 <-- 21.017992 s
currentSize : 42 <-- 21.276608 s
currentSize : 43 <-- 80.912750 s
currentSize : 44 <-- 935.413635 s
currentSize : 45 <-- 943.607178 s

TIMEOUT
maxsize : 45
nodes : 197174446.000000
filtered : 888657792.000000
time : 1000.000061
