Parameters: GAD=1 vflib=1 dir=0 label=1 lowerbound=1 fileNameGp=../../cp2016-max-common-connected-subgraph-paper/datasets/graphsdb/mcs50/bvg/b06/mcs50_b06_s80.A03 fileNameGt=../../cp2016-max-common-connected-subgraph-paper/datasets/graphsdb/mcs50/bvg/b06/mcs50_b06_s80.B03
Reading graphs...
80 :  237
80 :  238
Initializing...
maxdom : 8
D->valSize : 417
Solving...
Blb : 2 (clique : 32)
currentSize : 32 <-- 0.003913 s
currentSize : 33 <-- 0.004135 s
currentSize : 34 <-- 0.004370 s
currentSize : 37 <-- 0.024359 s
currentSize : 38 <-- 0.024685 s
currentSize : 39 <-- 462.565033 s
currentSize : 40 <-- 464.319458 s

TIMEOUT
maxsize : 40
nodes : 178753287.000000
filtered : 1599025052.000000
time : 1000.000061
