Parameters: GAD=1 vflib=1 dir=0 label=1 lowerbound=1 fileNameGp=../../cp2016-max-common-connected-subgraph-paper/datasets/graphsdb/mcs50/m3D/m3Dr6/mcs50_m3Dr6_s50.A09 fileNameGt=../../cp2016-max-common-connected-subgraph-paper/datasets/graphsdb/mcs50/m3D/m3Dr6/mcs50_m3Dr6_s50.B09
Reading graphs...
50 :  137
50 :  134
Initializing...
maxdom : 10
D->valSize : 339
Solving...
Blb : 3 (clique : 17)
currentSize : 17 <-- 0.002327 s
currentSize : 18 <-- 0.055321 s
currentSize : 19 <-- 0.825971 s
currentSize : 20 <-- 0.826215 s
currentSize : 21 <-- 0.992603 s
currentSize : 22 <-- 5.300160 s
currentSize : 24 <-- 5.300269 s
currentSize : 25 <-- 5.300543 s
currentSize : 26 <-- 8.498434 s
currentSize : 27 <-- 8.498494 s
currentSize : 28 <-- 8.928962 s

maxsize : 28
nodes : 2425987.000000
filtered : 28514031.000000
time : 10.552620
