Parameters: GAD=1 vflib=1 dir=0 label=1 lowerbound=1 fileNameGp=../../cp2016-max-common-connected-subgraph-paper/datasets/graphsdb/mcs50/m3D/m3Dr4/mcs50_m3Dr4_s60.A04 fileNameGt=../../cp2016-max-common-connected-subgraph-paper/datasets/graphsdb/mcs50/m3D/m3Dr4/mcs50_m3Dr4_s60.B04
Reading graphs...
60 :  155
60 :  156
Initializing...
maxdom : 7
D->valSize : 251
Solving...
Blb : 3 (clique : 21)
currentSize : 21 <-- 0.001800 s
currentSize : 22 <-- 0.033623 s
currentSize : 23 <-- 0.974611 s
currentSize : 24 <-- 0.974676 s
currentSize : 25 <-- 3.398567 s
currentSize : 26 <-- 3.505372 s
currentSize : 27 <-- 3.526225 s
currentSize : 28 <-- 3.573810 s
currentSize : 29 <-- 23.151075 s
currentSize : 30 <-- 27.613651 s

maxsize : 30
nodes : 8823015.000000
filtered : 62649652.000000
time : 38.581856
