Parameters: GAD=1 vflib=1 dir=0 label=1 lowerbound=1 fileNameGp=../../cp2016-max-common-connected-subgraph-paper/datasets/graphsdb/mcs50/m2D/m2D/mcs50_m2D_s70.A00 fileNameGt=../../cp2016-max-common-connected-subgraph-paper/datasets/graphsdb/mcs50/m2D/m2D/mcs50_m2D_s70.B00
Reading graphs...
70 :  123
70 :  123
Initializing...
maxdom : 9
D->valSize : 318
Solving...
Blb : 5 (clique : 23)
currentSize : 23 <-- 0.002612 s
currentSize : 24 <-- 0.003245 s
currentSize : 25 <-- 0.677234 s
currentSize : 26 <-- 0.695356 s
currentSize : 27 <-- 0.700225 s
currentSize : 28 <-- 0.889304 s
currentSize : 29 <-- 0.889415 s
currentSize : 30 <-- 1.045215 s
currentSize : 31 <-- 1.421487 s
currentSize : 32 <-- 3.646742 s
currentSize : 33 <-- 8.077730 s
currentSize : 34 <-- 27.683184 s
currentSize : 37 <-- 60.839439 s
currentSize : 38 <-- 60.839531 s

maxsize : 38
nodes : 22074971.000000
filtered : 140560614.000000
time : 104.605728
