Parameters: GAD=1 vflib=1 dir=0 label=1 lowerbound=1 fileNameGp=../../cp2016-max-common-connected-subgraph-paper/datasets/graphsdb/mcs50/bvg/b06m/mcs50_b06m_s50.A08 fileNameGt=../../cp2016-max-common-connected-subgraph-paper/datasets/graphsdb/mcs50/bvg/b06m/mcs50_b06m_s50.B08
Reading graphs...
50 :  148
50 :  147
Initializing...
maxdom : 10
D->valSize : 354
Solving...
Blb : 3 (clique : 15)
currentSize : 15 <-- 0.002453 s
currentSize : 16 <-- 0.002786 s
currentSize : 17 <-- 0.031528 s
currentSize : 18 <-- 0.051625 s
currentSize : 19 <-- 0.393675 s
currentSize : 20 <-- 0.515386 s
currentSize : 21 <-- 0.673512 s
currentSize : 22 <-- 2.652329 s
currentSize : 23 <-- 3.433315 s
currentSize : 24 <-- 3.433463 s
currentSize : 25 <-- 4.144544 s

maxsize : 25
nodes : 1773415.000000
filtered : 27114660.000000
time : 7.874838
