Parameters: GAD=1 vflib=1 dir=0 label=1 lowerbound=1 fileNameGp=../../cp2016-max-common-connected-subgraph-paper/datasets/graphsdb/mcs50/bvg/b06m/mcs50_b06m_s70.A06 fileNameGt=../../cp2016-max-common-connected-subgraph-paper/datasets/graphsdb/mcs50/bvg/b06m/mcs50_b06m_s70.B06
Reading graphs...
70 :  207
70 :  206
Initializing...
maxdom : 7
D->valSize : 310
Solving...
Blb : 3 (clique : 23)
currentSize : 23 <-- 0.002424 s
currentSize : 25 <-- 0.157882 s
currentSize : 26 <-- 0.953981 s
currentSize : 27 <-- 3.526829 s
currentSize : 28 <-- 4.505500 s
currentSize : 29 <-- 4.511218 s
currentSize : 30 <-- 9.934446 s
currentSize : 31 <-- 37.110424 s
currentSize : 32 <-- 101.852280 s
currentSize : 33 <-- 101.888504 s
currentSize : 34 <-- 357.877838 s

maxsize : 34
nodes : 86434504.000000
filtered : 792702480.000000
time : 436.821564
