Parameters: GAD=1 vflib=1 dir=0 label=1 lowerbound=1 fileNameGp=../../cp2016-max-common-connected-subgraph-paper/datasets/graphsdb/mcs50/rand/r005/mcs50_r005_s70.A08 fileNameGt=../../cp2016-max-common-connected-subgraph-paper/datasets/graphsdb/mcs50/rand/r005/mcs50_r005_s70.B08
Reading graphs...
70 :  238
70 :  238
Initializing...
maxdom : 8
D->valSize : 337
Solving...
Blb : 2 (clique : 21)
currentSize : 21 <-- 0.002726 s
currentSize : 22 <-- 0.011876 s
currentSize : 23 <-- 0.077861 s
currentSize : 24 <-- 0.079363 s
currentSize : 26 <-- 1.502209 s
currentSize : 27 <-- 8.321708 s
currentSize : 30 <-- 8.672492 s
currentSize : 31 <-- 30.624512 s
currentSize : 34 <-- 61.316826 s
currentSize : 35 <-- 61.317665 s

maxsize : 35
nodes : 14473238.000000
filtered : 150588770.000000
time : 76.767311
