Parameters: GAD=1 vflib=1 dir=0 label=1 lowerbound=1 fileNameGp=../../cp2016-max-common-connected-subgraph-paper/datasets/graphsdb/mcs50/bvg/b03/mcs50_b03_s70.A09 fileNameGt=../../cp2016-max-common-connected-subgraph-paper/datasets/graphsdb/mcs50/bvg/b03/mcs50_b03_s70.B09
Reading graphs...
70 :  105
70 :  105
Initializing...
maxdom : 8
D->valSize : 342
Solving...
Blb : 2 (clique : 30)
currentSize : 30 <-- 0.003018 s
currentSize : 33 <-- 0.003214 s
currentSize : 34 <-- 0.003287 s
currentSize : 35 <-- 0.003375 s
currentSize : 36 <-- 0.348807 s
currentSize : 37 <-- 4.891847 s
currentSize : 38 <-- 4.913268 s

TIMEOUT
maxsize : 38
nodes : 205978113.000000
filtered : 1600688384.000000
time : 1000.000061
