Parameters: GAD=1 vflib=1 dir=0 label=1 lowerbound=1 fileNameGp=../../cp2016-max-common-connected-subgraph-paper/datasets/graphsdb/mcs50/m2D/m2Dr2/mcs50_m2Dr2_s70.A07 fileNameGt=../../cp2016-max-common-connected-subgraph-paper/datasets/graphsdb/mcs50/m2D/m2Dr2/mcs50_m2Dr2_s70.B07
Reading graphs...
70 :  136
70 :  137
Initializing...
maxdom : 11
D->valSize : 337
Solving...
Blb : 3 (clique : 30)
currentSize : 30 <-- 0.004460 s
currentSize : 31 <-- 26.595137 s
currentSize : 32 <-- 59.579884 s
currentSize : 33 <-- 59.583023 s
currentSize : 34 <-- 61.896103 s
currentSize : 35 <-- 85.034790 s
currentSize : 36 <-- 97.986351 s
currentSize : 37 <-- 103.164795 s
currentSize : 38 <-- 103.165222 s

maxsize : 38
nodes : 41937860.000000
filtered : 252841298.000000
time : 185.587708
