Parameters: GAD=1 vflib=1 dir=0 label=1 lowerbound=1 fileNameGp=../../cp2016-max-common-connected-subgraph-paper/datasets/graphsdb/mcs50/m2D/m2D/mcs50_m2D_s60.A01 fileNameGt=../../cp2016-max-common-connected-subgraph-paper/datasets/graphsdb/mcs50/m2D/m2D/mcs50_m2D_s60.B01
Reading graphs...
60 :  104
60 :  104
Initializing...
maxdom : 8
D->valSize : 286
Solving...
Blb : 2 (clique : 21)
currentSize : 21 <-- 0.003227 s
currentSize : 24 <-- 0.081068 s
currentSize : 25 <-- 0.081255 s
currentSize : 26 <-- 11.773122 s
currentSize : 27 <-- 210.466782 s
currentSize : 28 <-- 267.893127 s

maxsize : 28
nodes : 66067618.000000
filtered : 604848074.000000
time : 297.755066
