Parameters: GAD=1 vflib=1 dir=0 label=1 lowerbound=1 fileNameGp=../../cp2016-max-common-connected-subgraph-paper/datasets/graphsdb/mcs50/m2D/m2D/mcs50_m2D_s80.A04 fileNameGt=../../cp2016-max-common-connected-subgraph-paper/datasets/graphsdb/mcs50/m2D/m2D/mcs50_m2D_s80.B04
Reading graphs...
80 :  141
80 :  142
Initializing...
maxdom : 7
D->valSize : 403
Solving...
Blb : 3 (clique : 31)
currentSize : 31 <-- 0.003763 s
currentSize : 32 <-- 0.003994 s
currentSize : 33 <-- 0.006411 s
currentSize : 34 <-- 0.012082 s
currentSize : 35 <-- 0.094889 s
currentSize : 36 <-- 0.098273 s
currentSize : 37 <-- 9.938513 s
currentSize : 38 <-- 126.648811 s
currentSize : 39 <-- 410.049164 s

TIMEOUT
maxsize : 39
nodes : 207408908.000000
filtered : 1464623544.000000
time : 1000.000061
