Parameters: GAD=1 vflib=1 dir=0 label=1 lowerbound=1 fileNameGp=../../cp2016-max-common-connected-subgraph-paper/datasets/graphsdb/mcs50/m2D/m2D/mcs50_m2D_s70.A03 fileNameGt=../../cp2016-max-common-connected-subgraph-paper/datasets/graphsdb/mcs50/m2D/m2D/mcs50_m2D_s70.B03
Reading graphs...
70 :  123
70 :  122
Initializing...
maxdom : 9
D->valSize : 319
Solving...
Blb : 2 (clique : 34)
currentSize : 34 <-- 0.004437 s
currentSize : 35 <-- 0.004877 s
currentSize : 36 <-- 62.753036 s
currentSize : 37 <-- 757.366211 s
currentSize : 38 <-- 851.124634 s
currentSize : 39 <-- 917.663452 s
currentSize : 40 <-- 983.399902 s

TIMEOUT
maxsize : 40
nodes : 236019156.000000
filtered : 1332057554.000000
time : 1000.000061
