Parameters: GAD=1 vflib=1 dir=0 label=1 lowerbound=1 fileNameGp=../../cp2016-max-common-connected-subgraph-paper/datasets/graphsdb/mcs50/bvg/b06m/mcs50_b06m_s70.A05 fileNameGt=../../cp2016-max-common-connected-subgraph-paper/datasets/graphsdb/mcs50/bvg/b06m/mcs50_b06m_s70.B05
Reading graphs...
70 :  206
70 :  208
Initializing...
maxdom : 10
D->valSize : 325
Solving...
Blb : 2 (clique : 27)
currentSize : 27 <-- 0.004237 s
currentSize : 29 <-- 0.004689 s
currentSize : 30 <-- 0.025191 s
currentSize : 32 <-- 46.469601 s
currentSize : 33 <-- 46.470074 s
currentSize : 34 <-- 46.478561 s

maxsize : 34
nodes : 27039273.000000
filtered : 128949039.000000
time : 113.846039
