Parameters: GAD=1 vflib=1 dir=0 label=1 lowerbound=1 fileNameGp=../../cp2016-max-common-connected-subgraph-paper/datasets/graphsdb/mcs50/rand/r02/mcs50_r02_s80.A01 fileNameGt=../../cp2016-max-common-connected-subgraph-paper/datasets/graphsdb/mcs50/rand/r02/mcs50_r02_s80.B01
Reading graphs...
80 :  1111
80 :  1136
Initializing...
maxdom : 12
D->valSize : 467
Solving...
Blb : 2 (clique : 7)
currentSize : 7 <-- 0.004322 s
currentSize : 8 <-- 0.004402 s
currentSize : 9 <-- 0.004446 s
currentSize : 12 <-- 0.004565 s
currentSize : 14 <-- 0.005416 s
currentSize : 18 <-- 0.005501 s
currentSize : 21 <-- 0.008624 s
currentSize : 29 <-- 0.008974 s
currentSize : 30 <-- 0.071143 s

maxsize : 30
nodes : 210126.000000
filtered : 853706.000000
time : 0.855685
