Parameters: GAD=1 vflib=1 dir=0 label=1 lowerbound=1 fileNameGp=../../cp2016-max-common-connected-subgraph-paper/datasets/graphsdb/mcs50/m2D/m2Dr4/mcs50_m2Dr4_s90.A07 fileNameGt=../../cp2016-max-common-connected-subgraph-paper/datasets/graphsdb/mcs50/m2D/m2Dr4/mcs50_m2Dr4_s90.B07
Reading graphs...
90 :  196
90 :  195
Initializing...
maxdom : 10
D->valSize : 538
Solving...
Blb : 2 (clique : 28)
currentSize : 28 <-- 0.006080 s
currentSize : 36 <-- 0.006352 s
currentSize : 39 <-- 0.008731 s
currentSize : 41 <-- 0.013866 s
currentSize : 42 <-- 0.086081 s
currentSize : 43 <-- 27.161760 s

TIMEOUT
maxsize : 43
nodes : 195374599.000000
filtered : 1140764244.000000
time : 1000.000061
