Parameters: GAD=1 vflib=1 dir=0 label=1 lowerbound=1 fileNameGp=../../cp2016-max-common-connected-subgraph-paper/datasets/graphsdb/mcs50/bvg/b03m/mcs50_b03m_s80.A05 fileNameGt=../../cp2016-max-common-connected-subgraph-paper/datasets/graphsdb/mcs50/bvg/b03m/mcs50_b03m_s80.B05
Reading graphs...
80 :  118
80 :  118
Initializing...
maxdom : 9
D->valSize : 428
Solving...
Blb : 2 (clique : 32)
currentSize : 32 <-- 0.004166 s
currentSize : 33 <-- 0.004402 s
currentSize : 34 <-- 0.004523 s
currentSize : 35 <-- 0.004608 s
currentSize : 36 <-- 0.005003 s
currentSize : 37 <-- 0.005812 s
currentSize : 38 <-- 0.006033 s
currentSize : 39 <-- 0.024715 s
currentSize : 40 <-- 0.026829 s
currentSize : 41 <-- 0.080037 s

TIMEOUT
maxsize : 41
nodes : 188778312.000000
filtered : 1375974323.000000
time : 1000.000061
