Parameters: GAD=1 vflib=1 dir=0 label=1 lowerbound=1 fileNameGp=../../cp2016-max-common-connected-subgraph-paper/datasets/graphsdb/mcs50/bvg/b06/mcs50_b06_s60.A01 fileNameGt=../../cp2016-max-common-connected-subgraph-paper/datasets/graphsdb/mcs50/bvg/b06/mcs50_b06_s60.B01
Reading graphs...
60 :  179
60 :  180
Initializing...
maxdom : 7
D->valSize : 253
Solving...
Blb : 2 (clique : 21)
currentSize : 21 <-- 0.001784 s
currentSize : 22 <-- 0.016260 s
currentSize : 23 <-- 0.270924 s
currentSize : 24 <-- 0.270964 s
currentSize : 25 <-- 0.271482 s
currentSize : 26 <-- 0.271826 s
currentSize : 27 <-- 0.271896 s
currentSize : 28 <-- 0.272455 s
currentSize : 29 <-- 0.272509 s
currentSize : 30 <-- 0.609303 s
currentSize : 31 <-- 2.021537 s

maxsize : 31
nodes : 945974.000000
filtered : 4892192.000000
time : 3.838529
