Parameters: GAD=1 vflib=1 dir=0 label=1 lowerbound=1 fileNameGp=../../cp2016-max-common-connected-subgraph-paper/datasets/graphsdb/mcs50/bvg/b09/mcs50_b09_s90.A04 fileNameGt=../../cp2016-max-common-connected-subgraph-paper/datasets/graphsdb/mcs50/bvg/b09/mcs50_b09_s90.B04
Reading graphs...
90 :  402
90 :  403
Initializing...
maxdom : 10
D->valSize : 548
Solving...
Blb : 3 (clique : 19)
currentSize : 19 <-- 0.005904 s
currentSize : 20 <-- 0.022365 s
currentSize : 21 <-- 0.497954 s
currentSize : 22 <-- 0.498174 s
currentSize : 23 <-- 0.498888 s
currentSize : 24 <-- 0.503827 s
currentSize : 25 <-- 0.503980 s
currentSize : 26 <-- 21.662468 s
currentSize : 27 <-- 146.811401 s
currentSize : 28 <-- 236.457855 s
currentSize : 29 <-- 236.477951 s
currentSize : 33 <-- 237.265366 s
currentSize : 34 <-- 237.265488 s
currentSize : 44 <-- 698.449768 s

maxsize : 44
nodes : 170591173.000000
filtered : 1737244983.000000
time : 983.882874
