Parameters: GAD=1 vflib=1 dir=0 label=1 lowerbound=1 fileNameGp=../../cp2016-max-common-connected-subgraph-paper/datasets/graphsdb/mcs50/m3D/m3Dr2/mcs50_m3Dr2_s50.A03 fileNameGt=../../cp2016-max-common-connected-subgraph-paper/datasets/graphsdb/mcs50/m3D/m3Dr2/mcs50_m3Dr2_s50.B03
Reading graphs...
50 :  119
50 :  116
Initializing...
maxdom : 9
D->valSize : 329
Solving...
Blb : 2 (clique : 20)
currentSize : 20 <-- 0.002350 s
currentSize : 21 <-- 0.034948 s
currentSize : 22 <-- 0.673322 s
currentSize : 23 <-- 0.673335 s
currentSize : 25 <-- 0.673634 s
currentSize : 27 <-- 0.674336 s
currentSize : 28 <-- 12.488837 s

maxsize : 28
nodes : 3506293.000000
filtered : 61436169.000000
time : 17.690016
