Parameters: GAD=1 vflib=1 dir=0 label=1 lowerbound=1 fileNameGp=../../cp2016-max-common-connected-subgraph-paper/datasets/graphsdb/mcs50/rand/r01/mcs50_r01_s80.A09 fileNameGt=../../cp2016-max-common-connected-subgraph-paper/datasets/graphsdb/mcs50/rand/r01/mcs50_r01_s80.B09
Reading graphs...
80 :  601
80 :  597
Initializing...
maxdom : 11
D->valSize : 456
Solving...
Blb : 2 (clique : 13)
currentSize : 13 <-- 0.006755 s
currentSize : 15 <-- 0.007414 s
currentSize : 16 <-- 0.007614 s
currentSize : 17 <-- 0.007663 s
currentSize : 18 <-- 0.010370 s
currentSize : 19 <-- 0.032917 s
currentSize : 21 <-- 0.033513 s
currentSize : 22 <-- 0.035303 s
currentSize : 24 <-- 0.038610 s
currentSize : 26 <-- 0.038687 s
currentSize : 28 <-- 0.341452 s
currentSize : 30 <-- 0.481831 s
currentSize : 37 <-- 0.483868 s

maxsize : 37
nodes : 153386.000000
filtered : 2640071.000000
time : 1.157612
