Parameters: GAD=1 vflib=1 dir=0 label=1 lowerbound=1 fileNameGp=../../cp2016-max-common-connected-subgraph-paper/datasets/graphsdb/mcs50/bvg/b06m/mcs50_b06m_s40.A02 fileNameGt=../../cp2016-max-common-connected-subgraph-paper/datasets/graphsdb/mcs50/bvg/b06m/mcs50_b06m_s40.B02
Reading graphs...
40 :  116
40 :  115
Initializing...
maxdom : 11
D->valSize : 219
Solving...
Blb : 3 (clique : 13)
currentSize : 13 <-- 0.001163 s
currentSize : 14 <-- 0.074012 s
currentSize : 15 <-- 0.074063 s
currentSize : 16 <-- 0.144160 s
currentSize : 17 <-- 0.160273 s
currentSize : 18 <-- 0.162146 s
currentSize : 19 <-- 0.162206 s
currentSize : 20 <-- 0.178563 s
currentSize : 21 <-- 0.178628 s
currentSize : 22 <-- 0.178694 s

maxsize : 22
nodes : 54399.000000
filtered : 539778.000000
time : 0.192387
