Parameters: GAD=1 vflib=1 dir=0 label=1 lowerbound=1 fileNameGp=../../cp2016-max-common-connected-subgraph-paper/datasets/graphsdb/mcs50/bvg/b09/mcs50_b09_s70.A06 fileNameGt=../../cp2016-max-common-connected-subgraph-paper/datasets/graphsdb/mcs50/bvg/b09/mcs50_b09_s70.B06
Reading graphs...
70 :  313
70 :  312
Initializing...
maxdom : 8
D->valSize : 348
Solving...
Blb : 2 (clique : 21)
currentSize : 21 <-- 0.002771 s
currentSize : 22 <-- 0.002961 s
currentSize : 23 <-- 0.003013 s
currentSize : 24 <-- 0.009020 s
currentSize : 26 <-- 7.695972 s
currentSize : 28 <-- 7.696158 s
currentSize : 29 <-- 7.697834 s
currentSize : 30 <-- 7.698173 s
currentSize : 31 <-- 7.737889 s
currentSize : 32 <-- 7.737935 s
currentSize : 33 <-- 7.743539 s
currentSize : 34 <-- 7.743591 s

maxsize : 34
nodes : 5054198.000000
filtered : 32974636.000000
time : 22.932356
