Parameters: GAD=1 vflib=1 dir=0 label=1 lowerbound=1 fileNameGp=../../cp2016-max-common-connected-subgraph-paper/datasets/graphsdb/mcs50/m2D/m2Dr2/mcs50_m2Dr2_s60.A05 fileNameGt=../../cp2016-max-common-connected-subgraph-paper/datasets/graphsdb/mcs50/m2D/m2Dr2/mcs50_m2Dr2_s60.B05
Reading graphs...
60 :  115
60 :  114
Initializing...
maxdom : 8
D->valSize : 233
Solving...
Blb : 2 (clique : 21)
currentSize : 21 <-- 0.001666 s
currentSize : 22 <-- 0.001942 s
currentSize : 23 <-- 0.051950 s
currentSize : 24 <-- 0.120179 s
currentSize : 25 <-- 1.179002 s
currentSize : 26 <-- 27.843166 s
currentSize : 27 <-- 144.932449 s
currentSize : 28 <-- 255.113449 s
currentSize : 29 <-- 287.590851 s

maxsize : 29
nodes : 84994524.000000
filtered : 504736808.000000
time : 310.552521
