Parameters: GAD=1 vflib=1 dir=0 label=1 lowerbound=1 fileNameGp=../../cp2016-max-common-connected-subgraph-paper/datasets/graphsdb/mcs50/bvg/b06/mcs50_b06_s80.A06 fileNameGt=../../cp2016-max-common-connected-subgraph-paper/datasets/graphsdb/mcs50/bvg/b06/mcs50_b06_s80.B06
Reading graphs...
80 :  237
80 :  238
Initializing...
maxdom : 8
D->valSize : 434
Solving...
Blb : 2 (clique : 30)
currentSize : 30 <-- 0.004091 s
currentSize : 31 <-- 0.004501 s
currentSize : 33 <-- 0.005288 s
currentSize : 34 <-- 0.005542 s
currentSize : 35 <-- 21.023796 s
currentSize : 36 <-- 52.125217 s
currentSize : 37 <-- 103.846931 s
currentSize : 38 <-- 351.408691 s
currentSize : 41 <-- 351.455994 s

TIMEOUT
maxsize : 41
nodes : 174765447.000000
filtered : 1721372539.000000
time : 1000.000061
