Parameters: GAD=1 vflib=1 dir=0 label=1 lowerbound=1 fileNameGp=../../cp2016-max-common-connected-subgraph-paper/datasets/graphsdb/mcs50/rand/r01/mcs50_r01_s50.A08 fileNameGt=../../cp2016-max-common-connected-subgraph-paper/datasets/graphsdb/mcs50/rand/r01/mcs50_r01_s50.B08
Reading graphs...
50 :  229
50 :  227
Initializing...
maxdom : 10
D->valSize : 369
Solving...
Blb : 2 (clique : 11)
currentSize : 11 <-- 0.002606 s
currentSize : 12 <-- 0.004230 s
currentSize : 13 <-- 0.005514 s
currentSize : 14 <-- 0.005586 s
currentSize : 15 <-- 0.197494 s
currentSize : 16 <-- 0.607482 s
currentSize : 17 <-- 0.661949 s
currentSize : 18 <-- 0.751314 s
currentSize : 20 <-- 0.751427 s
currentSize : 22 <-- 0.965632 s
currentSize : 24 <-- 0.965683 s

maxsize : 24
nodes : 241283.000000
filtered : 3165824.000000
time : 1.044498
