Parameters: GAD=1 vflib=1 dir=0 label=1 lowerbound=1 fileNameGp=../../cp2016-max-common-connected-subgraph-paper/datasets/graphsdb/mcs50/m3D/m3Dr2/mcs50_m3Dr2_s60.A03 fileNameGt=../../cp2016-max-common-connected-subgraph-paper/datasets/graphsdb/mcs50/m3D/m3Dr2/mcs50_m3Dr2_s60.B03
Reading graphs...
60 :  144
60 :  145
Initializing...
maxdom : 6
D->valSize : 237
Solving...
Blb : 2 (clique : 17)
currentSize : 17 <-- 0.001662 s
currentSize : 18 <-- 0.001761 s
currentSize : 19 <-- 0.001808 s
currentSize : 20 <-- 0.007483 s
currentSize : 21 <-- 0.011555 s
currentSize : 22 <-- 0.024465 s
currentSize : 24 <-- 0.036198 s
currentSize : 25 <-- 0.083449 s
currentSize : 26 <-- 0.117307 s
currentSize : 27 <-- 0.177494 s
currentSize : 28 <-- 0.695398 s

maxsize : 28
nodes : 1807576.000000
filtered : 10276929.000000
time : 7.421779
