Parameters: GAD=1 vflib=1 dir=0 label=1 lowerbound=1 fileNameGp=../../cp2016-max-common-connected-subgraph-paper/datasets/graphsdb/mcs50/m2D/m2Dr4/mcs50_m2Dr4_s50.A05 fileNameGt=../../cp2016-max-common-connected-subgraph-paper/datasets/graphsdb/mcs50/m2D/m2Dr4/mcs50_m2Dr4_s50.B05
Reading graphs...
50 :  103
50 :  103
Initializing...
maxdom : 9
D->valSize : 326
Solving...
Blb : 2 (clique : 20)
currentSize : 20 <-- 0.003727 s
currentSize : 21 <-- 0.003961 s
currentSize : 22 <-- 0.004068 s
currentSize : 24 <-- 0.006538 s
currentSize : 25 <-- 0.006609 s
currentSize : 26 <-- 0.494796 s

maxsize : 26
nodes : 4188214.000000
filtered : 53766220.000000
time : 18.659548
