Parameters: GAD=1 vflib=1 dir=0 label=1 lowerbound=1 fileNameGp=../../cp2016-max-common-connected-subgraph-paper/datasets/graphsdb/mcs70/m2D/m2D/mcs70_m2D_s90.A08 fileNameGt=../../cp2016-max-common-connected-subgraph-paper/datasets/graphsdb/mcs70/m2D/m2D/mcs70_m2D_s90.B08
Reading graphs...
90 :  161
90 :  161
Initializing...
maxdom : 9
D->valSize : 575
Solving...
Blb : 2 (clique : 52)
currentSize : 52 <-- 0.007139 s
currentSize : 53 <-- 0.007511 s
currentSize : 55 <-- 0.007628 s
currentSize : 56 <-- 0.007780 s
currentSize : 57 <-- 0.007869 s
currentSize : 58 <-- 0.019176 s
currentSize : 60 <-- 0.019336 s
currentSize : 62 <-- 0.104304 s
currentSize : 63 <-- 0.104471 s
currentSize : 64 <-- 2.911122 s

maxsize : 64
nodes : 17781564.000000
filtered : 129847536.000000
time : 112.926865
