Parameters: GAD=1 vflib=1 dir=0 label=1 lowerbound=1 fileNameGp=../../cp2016-max-common-connected-subgraph-paper/datasets/graphsdb/mcs70/rand/r02/mcs70_r02_s80.A01 fileNameGt=../../cp2016-max-common-connected-subgraph-paper/datasets/graphsdb/mcs70/rand/r02/mcs70_r02_s80.B01
Reading graphs...
80 :  1142
80 :  1137
Initializing...
maxdom : 10
D->valSize : 435
Solving...
Blb : 2 (clique : 13)
currentSize : 13 <-- 0.003884 s
currentSize : 16 <-- 0.004272 s
currentSize : 17 <-- 0.006005 s
currentSize : 38 <-- 0.010668 s
currentSize : 39 <-- 0.015615 s
currentSize : 40 <-- 8.109297 s

maxsize : 40
nodes : 5410267.000000
filtered : 2872528.000000
time : 19.025911
