Parameters: GAD=1 vflib=1 dir=0 label=1 lowerbound=1 fileNameGp=../../cp2016-max-common-connected-subgraph-paper/datasets/graphsdb/mcs70/m2D/m2Dr4/mcs70_m2Dr4_s60.A00 fileNameGt=../../cp2016-max-common-connected-subgraph-paper/datasets/graphsdb/mcs70/m2D/m2Dr4/mcs70_m2Dr4_s60.B00
Reading graphs...
60 :  127
60 :  126
Initializing...
maxdom : 8
D->valSize : 273
Solving...
Blb : 2 (clique : 28)
currentSize : 28 <-- 0.002007 s
currentSize : 29 <-- 0.059146 s
currentSize : 30 <-- 2.472542 s
currentSize : 31 <-- 6.006649 s
currentSize : 32 <-- 12.904493 s
currentSize : 33 <-- 12.928136 s
currentSize : 34 <-- 13.136475 s
currentSize : 35 <-- 13.137743 s

maxsize : 35
nodes : 4485248.000000
filtered : 25406373.000000
time : 18.121161
