Parameters: GAD=1 vflib=1 dir=0 label=1 lowerbound=1 fileNameGp=../../cp2016-max-common-connected-subgraph-paper/datasets/graphsdb/mcs70/rand/r005/mcs70_r005_s90.A06 fileNameGt=../../cp2016-max-common-connected-subgraph-paper/datasets/graphsdb/mcs70/rand/r005/mcs70_r005_s90.B06
Reading graphs...
90 :  389
90 :  392
Initializing...
maxdom : 14
D->valSize : 581
Solving...
Blb : 2 (clique : 41)
currentSize : 41 <-- 0.006941 s
currentSize : 42 <-- 0.007219 s
currentSize : 45 <-- 0.007325 s
currentSize : 46 <-- 0.011273 s
currentSize : 49 <-- 0.011409 s
currentSize : 56 <-- 0.243776 s
currentSize : 59 <-- 0.243940 s
currentSize : 60 <-- 1.191467 s

maxsize : 60
nodes : 419233.000000
filtered : 3360818.000000
time : 2.293272
