Parameters: GAD=1 vflib=1 dir=0 label=1 lowerbound=1 fileNameGp=../../cp2016-max-common-connected-subgraph-paper/datasets/graphsdb/mcs70/bvg/b09/mcs70_b09_s100.A02 fileNameGt=../../cp2016-max-common-connected-subgraph-paper/datasets/graphsdb/mcs70/bvg/b09/mcs70_b09_s100.B02
Reading graphs...
100 :  449
100 :  448
Initializing...
maxdom : 6
D->valSize : 364
Solving...
Blb : 3 (clique : 56)
currentSize : 56 <-- 0.003828 s
currentSize : 57 <-- 0.004240 s
currentSize : 58 <-- 0.039120 s
currentSize : 59 <-- 0.040580 s
currentSize : 60 <-- 0.040779 s
currentSize : 66 <-- 0.052734 s
currentSize : 67 <-- 0.053066 s
currentSize : 70 <-- 0.053365 s

maxsize : 70
nodes : 89344.000000
filtered : 642347.000000
time : 0.562486
