Parameters: GAD=1 vflib=1 dir=0 label=1 lowerbound=1 fileNameGp=../../cp2016-max-common-connected-subgraph-paper/datasets/graphsdb/mcs70/bvg/b09/mcs70_b09_s100.A04 fileNameGt=../../cp2016-max-common-connected-subgraph-paper/datasets/graphsdb/mcs70/bvg/b09/mcs70_b09_s100.B04
Reading graphs...
100 :  447
100 :  449
Initializing...
maxdom : 7
D->valSize : 384
Solving...
Blb : 2 (clique : 46)
currentSize : 46 <-- 0.004143 s
currentSize : 47 <-- 0.004426 s
currentSize : 48 <-- 0.007688 s
currentSize : 55 <-- 0.011677 s
currentSize : 56 <-- 0.011857 s
currentSize : 58 <-- 0.013376 s
currentSize : 59 <-- 0.013560 s
currentSize : 64 <-- 2.528931 s
currentSize : 69 <-- 2.572209 s
currentSize : 70 <-- 2.572415 s

maxsize : 70
nodes : 590258.000000
filtered : 4009753.000000
time : 3.792901
