Parameters: GAD=1 vflib=1 dir=0 label=1 lowerbound=1 fileNameGp=../../cp2016-max-common-connected-subgraph-paper/datasets/graphsdb/mcs70/m2D/m2Dr4/mcs70_m2Dr4_s90.A08 fileNameGt=../../cp2016-max-common-connected-subgraph-paper/datasets/graphsdb/mcs70/m2D/m2Dr4/mcs70_m2Dr4_s90.B08
Reading graphs...
90 :  196
90 :  197
Initializing...
maxdom : 12
D->valSize : 591
Solving...
Blb : 2 (clique : 43)
currentSize : 43 <-- 0.007221 s
currentSize : 44 <-- 0.007537 s
currentSize : 46 <-- 0.007637 s
currentSize : 47 <-- 0.008042 s
currentSize : 48 <-- 0.008382 s
currentSize : 49 <-- 0.010558 s
currentSize : 50 <-- 0.011632 s
currentSize : 51 <-- 0.012113 s
currentSize : 52 <-- 0.012168 s
currentSize : 53 <-- 0.034529 s
currentSize : 54 <-- 0.037990 s
currentSize : 56 <-- 0.045368 s
currentSize : 57 <-- 0.045478 s
currentSize : 58 <-- 0.050119 s
currentSize : 59 <-- 31.126472 s
currentSize : 62 <-- 31.130207 s
currentSize : 63 <-- 31.130341 s
currentSize : 64 <-- 31.131905 s

maxsize : 64
nodes : 39436937.000000
filtered : 208648835.000000
time : 206.216125
