Parameters: GAD=1 vflib=1 dir=0 label=1 lowerbound=1 fileNameGp=../../cp2016-max-common-connected-subgraph-paper/datasets/graphsdb/mcs70/m2D/m2Dr2/mcs70_m2Dr2_s100.A05 fileNameGt=../../cp2016-max-common-connected-subgraph-paper/datasets/graphsdb/mcs70/m2D/m2Dr2/mcs70_m2Dr2_s100.B05
Reading graphs...
100 :  199
100 :  199
Initializing...
maxdom : 7
D->valSize : 395
Solving...
Blb : 2 (clique : 44)
currentSize : 44 <-- 0.004246 s
currentSize : 47 <-- 0.005626 s
currentSize : 48 <-- 0.006124 s
currentSize : 49 <-- 0.024853 s
currentSize : 50 <-- 4.369111 s
currentSize : 52 <-- 4.371013 s
currentSize : 53 <-- 4.371207 s
currentSize : 54 <-- 4.373890 s
currentSize : 56 <-- 5.423632 s
currentSize : 57 <-- 5.434172 s
currentSize : 59 <-- 21.736471 s
currentSize : 60 <-- 21.741997 s
currentSize : 62 <-- 81.683868 s
currentSize : 63 <-- 81.684158 s
currentSize : 65 <-- 232.029999 s
currentSize : 66 <-- 256.489349 s

maxsize : 66
nodes : 55223187.000000
filtered : 259796984.000000
time : 318.777069
