Parameters: GAD=1 vflib=1 dir=0 label=1 lowerbound=1 fileNameGp=../../cp2016-max-common-connected-subgraph-paper/datasets/graphsdb/mcs70/rand/r01/mcs70_r01_s100.A00 fileNameGt=../../cp2016-max-common-connected-subgraph-paper/datasets/graphsdb/mcs70/rand/r01/mcs70_r01_s100.B00
Reading graphs...
100 :  948
100 :  933
Initializing...
maxdom : 6
D->valSize : 397
Solving...
Blb : 2 (clique : 16)
currentSize : 16 <-- 0.006232 s
currentSize : 17 <-- 0.007386 s
currentSize : 18 <-- 0.007479 s
currentSize : 19 <-- 0.007660 s
currentSize : 21 <-- 0.014268 s
currentSize : 24 <-- 0.014442 s
currentSize : 26 <-- 0.015903 s
currentSize : 29 <-- 0.016073 s
currentSize : 30 <-- 0.059749 s
currentSize : 35 <-- 0.115500 s
currentSize : 42 <-- 0.143292 s
currentSize : 47 <-- 0.181317 s
currentSize : 48 <-- 0.386183 s
currentSize : 51 <-- 0.440704 s
currentSize : 62 <-- 0.446495 s

maxsize : 62
nodes : 770960.000000
filtered : 1491543.000000
time : 3.531342
