Parameters: GAD=1 vflib=1 dir=0 label=1 lowerbound=1 fileNameGp=../../cp2016-max-common-connected-subgraph-paper/datasets/graphsdb/mcs70/m2D/m2Dr2/mcs70_m2Dr2_s50.A05 fileNameGt=../../cp2016-max-common-connected-subgraph-paper/datasets/graphsdb/mcs70/m2D/m2Dr2/mcs70_m2Dr2_s50.B05
Reading graphs...
50 :  94
50 :  94
Initializing...
maxdom : 9
D->valSize : 345
Solving...
Blb : 5 (clique : 20)
currentSize : 20 <-- 0.002916 s
currentSize : 21 <-- 0.024217 s
currentSize : 22 <-- 1.506538 s
currentSize : 23 <-- 1.517944 s
currentSize : 24 <-- 1.593932 s
currentSize : 25 <-- 1.738948 s
currentSize : 26 <-- 1.853982 s
currentSize : 27 <-- 2.099840 s
currentSize : 28 <-- 2.132786 s
currentSize : 29 <-- 2.197350 s
currentSize : 30 <-- 2.202751 s
currentSize : 33 <-- 2.296798 s
currentSize : 34 <-- 2.298083 s
currentSize : 35 <-- 2.361432 s
currentSize : 36 <-- 2.932179 s

maxsize : 36
nodes : 892283.000000
filtered : 7795643.000000
time : 3.285318
