Parameters: GAD=1 vflib=1 dir=0 label=1 lowerbound=1 fileNameGp=../../cp2016-max-common-connected-subgraph-paper/datasets/graphsdb/mcs70/bvg/b03m/mcs70_b03m_s70.A05 fileNameGt=../../cp2016-max-common-connected-subgraph-paper/datasets/graphsdb/mcs70/bvg/b03m/mcs70_b03m_s70.B05
Reading graphs...
70 :  105
70 :  105
Initializing...
maxdom : 8
D->valSize : 338
Solving...
Blb : 2 (clique : 41)
currentSize : 41 <-- 0.003056 s
currentSize : 42 <-- 0.005660 s
currentSize : 44 <-- 22.576405 s
currentSize : 45 <-- 24.744761 s
currentSize : 46 <-- 24.744881 s
currentSize : 47 <-- 24.754599 s
currentSize : 48 <-- 24.754644 s

maxsize : 48
nodes : 6223229.000000
filtered : 36694105.000000
time : 29.235340
