Parameters: GAD=1 vflib=1 dir=0 label=1 lowerbound=1 fileNameGp=../../cp2016-max-common-connected-subgraph-paper/datasets/graphsdb/mcs70/bvg/b09m/mcs70_b09m_s90.A08 fileNameGt=../../cp2016-max-common-connected-subgraph-paper/datasets/graphsdb/mcs70/bvg/b09m/mcs70_b09m_s90.B08
Reading graphs...
90 :  399
90 :  398
Initializing...
maxdom : 9
D->valSize : 536
Solving...
Blb : 3 (clique : 42)
currentSize : 42 <-- 0.006109 s
currentSize : 43 <-- 1.649142 s
currentSize : 44 <-- 5.886618 s
currentSize : 45 <-- 19.616699 s
currentSize : 48 <-- 19.616888 s
currentSize : 50 <-- 19.620243 s
currentSize : 53 <-- 22.010223 s
currentSize : 56 <-- 22.010435 s
currentSize : 58 <-- 22.011065 s
currentSize : 59 <-- 22.113581 s

maxsize : 59
nodes : 5400004.000000
filtered : 38928365.000000
time : 30.121977
