Parameters: GAD=1 vflib=1 dir=0 label=1 lowerbound=1 fileNameGp=../../cp2016-max-common-connected-subgraph-paper/datasets/graphsdb/mcs70/m2D/m2D/mcs70_m2D_s70.A00 fileNameGt=../../cp2016-max-common-connected-subgraph-paper/datasets/graphsdb/mcs70/m2D/m2D/mcs70_m2D_s70.B00
Reading graphs...
70 :  123
70 :  121
Initializing...
maxdom : 6
D->valSize : 319
Solving...
Blb : 2 (clique : 35)
currentSize : 35 <-- 0.002806 s
currentSize : 36 <-- 0.004235 s
currentSize : 37 <-- 0.005892 s
currentSize : 39 <-- 1.221271 s
currentSize : 45 <-- 8.957376 s
currentSize : 48 <-- 139.588730 s
currentSize : 49 <-- 146.329773 s

maxsize : 49
nodes : 45966670.000000
filtered : 180637018.000000
time : 183.895020
