Parameters: GAD=1 vflib=1 dir=0 label=1 lowerbound=1 fileNameGp=../../cp2016-max-common-connected-subgraph-paper/datasets/graphsdb/mcs70/bvg/b09m/mcs70_b09m_s90.A06 fileNameGt=../../cp2016-max-common-connected-subgraph-paper/datasets/graphsdb/mcs70/bvg/b09m/mcs70_b09m_s90.B06
Reading graphs...
90 :  400
90 :  397
Initializing...
maxdom : 10
D->valSize : 558
Solving...
Blb : 2 (clique : 36)
currentSize : 36 <-- 0.006430 s
currentSize : 37 <-- 0.006694 s
currentSize : 42 <-- 0.008888 s
currentSize : 44 <-- 0.009059 s
currentSize : 45 <-- 0.009208 s
currentSize : 47 <-- 0.031403 s
currentSize : 48 <-- 0.031555 s
currentSize : 57 <-- 16.965122 s
currentSize : 60 <-- 16.965317 s

maxsize : 60
nodes : 9631560.000000
filtered : 61962467.000000
time : 51.421860
