Parameters: GAD=1 vflib=1 dir=0 label=1 lowerbound=1 fileNameGp=../../cp2016-max-common-connected-subgraph-paper/datasets/graphsdb/mcs70/m3D/m3Dr4/mcs70_m3Dr4_s100.A01 fileNameGt=../../cp2016-max-common-connected-subgraph-paper/datasets/graphsdb/mcs70/m3D/m3Dr4/mcs70_m3Dr4_s100.B01
Reading graphs...
100 :  275
100 :  273
Initializing...
maxdom : 11
D->valSize : 402
Solving...
Blb : 2 (clique : 51)
currentSize : 51 <-- 0.004210 s
currentSize : 55 <-- 0.004809 s
currentSize : 56 <-- 0.006585 s
currentSize : 59 <-- 0.027234 s
currentSize : 60 <-- 0.033579 s
currentSize : 61 <-- 0.517947 s
currentSize : 62 <-- 0.602863 s
currentSize : 63 <-- 8.372543 s
currentSize : 64 <-- 8.548645 s

maxsize : 64
nodes : 4839735.000000
filtered : 23485561.000000
time : 25.683228
