Parameters: GAD=1 vflib=1 dir=0 label=1 lowerbound=1 fileNameGp=../../cp2016-max-common-connected-subgraph-paper/datasets/graphsdb/mcs70/rand/r005/mcs70_r005_s90.A03 fileNameGt=../../cp2016-max-common-connected-subgraph-paper/datasets/graphsdb/mcs70/rand/r005/mcs70_r005_s90.B03
Reading graphs...
90 :  386
90 :  389
Initializing...
maxdom : 12
D->valSize : 625
Solving...
Blb : 2 (clique : 34)
currentSize : 34 <-- 0.007638 s
currentSize : 35 <-- 0.007915 s
currentSize : 36 <-- 0.008027 s
currentSize : 37 <-- 0.008214 s
currentSize : 38 <-- 0.009165 s
currentSize : 39 <-- 0.009321 s
currentSize : 40 <-- 0.009417 s
currentSize : 41 <-- 0.010250 s
currentSize : 42 <-- 0.010355 s
currentSize : 45 <-- 0.010502 s
currentSize : 46 <-- 0.010619 s
currentSize : 47 <-- 0.550799 s
currentSize : 49 <-- 1.080178 s
currentSize : 51 <-- 3.694854 s
currentSize : 56 <-- 3.695201 s
currentSize : 59 <-- 4.605980 s

maxsize : 59
nodes : 2134586.000000
filtered : 24323166.000000
time : 13.692096
