Parameters: GAD=1 vflib=1 dir=0 label=1 lowerbound=1 fileNameGp=../../cp2016-max-common-connected-subgraph-paper/datasets/graphsdb/mcs70/m2D/m2D/mcs70_m2D_s70.A07 fileNameGt=../../cp2016-max-common-connected-subgraph-paper/datasets/graphsdb/mcs70/m2D/m2D/mcs70_m2D_s70.B07
Reading graphs...
70 :  123
70 :  123
Initializing...
maxdom : 9
D->valSize : 352
Solving...
Blb : 2 (clique : 33)
currentSize : 33 <-- 0.003010 s
currentSize : 37 <-- 0.003219 s
currentSize : 40 <-- 0.129142 s
currentSize : 42 <-- 0.201460 s
currentSize : 44 <-- 0.352963 s
currentSize : 45 <-- 0.713711 s
currentSize : 48 <-- 0.723999 s
currentSize : 49 <-- 0.777677 s
currentSize : 50 <-- 0.777946 s

maxsize : 50
nodes : 423159.000000
filtered : 1821130.000000
time : 1.806502
