Parameters: GAD=1 vflib=1 dir=0 label=1 lowerbound=1 fileNameGp=../../cp2016-max-common-connected-subgraph-paper/datasets/graphsdb/mcs70/m2D/m2D/mcs70_m2D_s100.A00 fileNameGt=../../cp2016-max-common-connected-subgraph-paper/datasets/graphsdb/mcs70/m2D/m2D/mcs70_m2D_s100.B00
Reading graphs...
100 :  179
100 :  180
Initializing...
maxdom : 6
D->valSize : 356
Solving...
Blb : 2 (clique : 54)
currentSize : 54 <-- 0.003902 s
currentSize : 55 <-- 0.004270 s
currentSize : 56 <-- 61.107140 s
currentSize : 57 <-- 61.107376 s
currentSize : 59 <-- 76.223152 s
currentSize : 60 <-- 76.223297 s
currentSize : 61 <-- 866.031799 s
currentSize : 62 <-- 866.031921 s

TIMEOUT
maxsize : 62
nodes : 215643848.000000
filtered : 556488593.000000
time : 1000.000122
