Parameters: GAD=1 vflib=1 dir=0 label=1 lowerbound=1 fileNameGp=../../cp2016-max-common-connected-subgraph-paper/datasets/graphsdb/mcs70/rand/r02/mcs70_r02_s100.A02 fileNameGt=../../cp2016-max-common-connected-subgraph-paper/datasets/graphsdb/mcs70/rand/r02/mcs70_r02_s100.B02
Reading graphs...
100 :  1753
100 :  1766
Initializing...
maxdom : 7
D->valSize : 399
Solving...
Blb : 5 (clique : 9)
currentSize : 9 <-- 0.005967 s
currentSize : 12 <-- 0.007281 s
currentSize : 14 <-- 0.009519 s
currentSize : 17 <-- 0.013463 s
currentSize : 22 <-- 0.013689 s
currentSize : 23 <-- 0.013829 s
currentSize : 29 <-- 0.078776 s
currentSize : 44 <-- 0.101850 s
currentSize : 45 <-- 0.102152 s
currentSize : 46 <-- 0.102406 s
currentSize : 47 <-- 0.104634 s
currentSize : 48 <-- 0.163457 s
currentSize : 49 <-- 0.475021 s
currentSize : 50 <-- 0.663199 s

maxsize : 50
nodes : 10084600.000000
filtered : 7966862.000000
time : 43.069923
