Parameters: GAD=1 vflib=1 dir=0 label=1 lowerbound=1 fileNameGp=../../cp2016-max-common-connected-subgraph-paper/datasets/graphsdb/mcs70/bvg/b06/mcs70_b06_s70.A00 fileNameGt=../../cp2016-max-common-connected-subgraph-paper/datasets/graphsdb/mcs70/bvg/b06/mcs70_b06_s70.B00
Reading graphs...
70 :  209
70 :  210
Initializing...
maxdom : 9
D->valSize : 363
Solving...
Blb : 2 (clique : 36)
currentSize : 36 <-- 0.003053 s
currentSize : 40 <-- 0.003272 s
currentSize : 42 <-- 0.003468 s
currentSize : 46 <-- 0.003526 s
currentSize : 47 <-- 0.004136 s
currentSize : 48 <-- 1.885162 s
currentSize : 49 <-- 2.501762 s

maxsize : 49
nodes : 659728.000000
filtered : 4305555.000000
time : 2.994206
