Parameters: GAD=1 vflib=1 dir=0 label=1 lowerbound=1 fileNameGp=../../cp2016-max-common-connected-subgraph-paper/datasets/graphsdb/mcs70/m2D/m2Dr2/mcs70_m2Dr2_s60.A01 fileNameGt=../../cp2016-max-common-connected-subgraph-paper/datasets/graphsdb/mcs70/m2D/m2Dr2/mcs70_m2Dr2_s60.B01
Reading graphs...
60 :  116
60 :  116
Initializing...
maxdom : 6
D->valSize : 258
Solving...
Blb : 2 (clique : 26)
currentSize : 26 <-- 0.001876 s
currentSize : 27 <-- 0.002070 s
currentSize : 28 <-- 0.002094 s
currentSize : 29 <-- 0.002151 s
currentSize : 30 <-- 0.002426 s
currentSize : 31 <-- 0.203108 s
currentSize : 32 <-- 0.501525 s
currentSize : 33 <-- 0.523029 s
currentSize : 35 <-- 1.037423 s
currentSize : 36 <-- 1.037621 s
currentSize : 37 <-- 1.037719 s
currentSize : 38 <-- 1.045663 s

maxsize : 38
nodes : 770298.000000
filtered : 3502274.000000
time : 2.919691
