Parameters: GAD=1 vflib=1 dir=0 label=1 lowerbound=1 fileNameGp=../../cp2016-max-common-connected-subgraph-paper/datasets/graphsdb/mcs70/bvg/b06m/mcs70_b06m_s80.A05 fileNameGt=../../cp2016-max-common-connected-subgraph-paper/datasets/graphsdb/mcs70/bvg/b06m/mcs70_b06m_s80.B05
Reading graphs...
80 :  239
80 :  239
Initializing...
maxdom : 8
D->valSize : 444
Solving...
Blb : 2 (clique : 38)
currentSize : 38 <-- 0.006856 s
currentSize : 43 <-- 0.007218 s
currentSize : 44 <-- 0.007296 s
currentSize : 45 <-- 0.025795 s
currentSize : 46 <-- 0.025965 s
currentSize : 47 <-- 26.488651 s
currentSize : 50 <-- 33.826569 s
currentSize : 53 <-- 115.273041 s
currentSize : 54 <-- 115.275337 s
currentSize : 55 <-- 115.280029 s

maxsize : 55
nodes : 31853787.000000
filtered : 170645023.000000
time : 149.002518
