Parameters: GAD=1 vflib=1 dir=0 label=1 lowerbound=1 fileNameGp=../../cp2016-max-common-connected-subgraph-paper/datasets/graphsdb/mcs70/rand/r005/mcs70_r005_s100.A09 fileNameGt=../../cp2016-max-common-connected-subgraph-paper/datasets/graphsdb/mcs70/rand/r005/mcs70_r005_s100.B09
Reading graphs...
100 :  486
100 :  482
Initializing...
maxdom : 8
D->valSize : 435
Solving...
Blb : 2 (clique : 39)
currentSize : 39 <-- 0.004603 s
currentSize : 40 <-- 0.004872 s
currentSize : 43 <-- 0.009783 s
currentSize : 51 <-- 0.011108 s
currentSize : 59 <-- 0.011428 s
currentSize : 69 <-- 0.012384 s

maxsize : 69
nodes : 49201.000000
filtered : 548376.000000
time : 0.359666
