Parameters: GAD=1 vflib=1 dir=0 label=1 lowerbound=1 fileNameGp=../../cp2016-max-common-connected-subgraph-paper/datasets/graphsdb/mcs70/bvg/b03/mcs70_b03_s60.A05 fileNameGt=../../cp2016-max-common-connected-subgraph-paper/datasets/graphsdb/mcs70/bvg/b03/mcs70_b03_s60.B05
Reading graphs...
60 :  90
60 :  90
Initializing...
maxdom : 9
D->valSize : 257
Solving...
Blb : 2 (clique : 29)
currentSize : 29 <-- 0.001915 s
currentSize : 31 <-- 0.002072 s
currentSize : 32 <-- 0.002172 s
currentSize : 34 <-- 0.002257 s
currentSize : 35 <-- 0.047807 s
currentSize : 38 <-- 0.205474 s
currentSize : 39 <-- 1.971702 s
currentSize : 41 <-- 2.095348 s
currentSize : 42 <-- 2.095493 s

maxsize : 42
nodes : 651096.000000
filtered : 2719138.000000
time : 2.484641
