Parameters: GAD=1 vflib=1 dir=0 label=1 lowerbound=1 fileNameGp=../../cp2016-max-common-connected-subgraph-paper/datasets/graphsdb/mcs70/m3D/m3D/mcs70_m3D_s100.A08 fileNameGt=../../cp2016-max-common-connected-subgraph-paper/datasets/graphsdb/mcs70/m3D/m3D/mcs70_m3D_s100.B08
Reading graphs...
100 :  235
100 :  234
Initializing...
maxdom : 7
D->valSize : 389
Solving...
Blb : 3 (clique : 54)
currentSize : 54 <-- 0.006938 s
currentSize : 55 <-- 0.034903 s
currentSize : 56 <-- 0.037894 s
currentSize : 57 <-- 0.462180 s
currentSize : 58 <-- 0.462421 s
currentSize : 59 <-- 0.512424 s
currentSize : 60 <-- 0.513322 s
currentSize : 61 <-- 0.513532 s
currentSize : 62 <-- 1.379166 s
currentSize : 64 <-- 1.417007 s

maxsize : 64
nodes : 6769841.000000
filtered : 27071589.000000
time : 36.561695
