Parameters: GAD=1 vflib=1 dir=0 label=1 lowerbound=1 fileNameGp=../../cp2016-max-common-connected-subgraph-paper/datasets/graphsdb/mcs70/m3D/m3D/mcs70_m3D_s90.A05 fileNameGt=../../cp2016-max-common-connected-subgraph-paper/datasets/graphsdb/mcs70/m3D/m3D/mcs70_m3D_s90.B05
Reading graphs...
90 :  209
90 :  208
Initializing...
maxdom : 10
D->valSize : 583
Solving...
Blb : 2 (clique : 40)
currentSize : 40 <-- 0.011970 s
currentSize : 41 <-- 2.874534 s
currentSize : 42 <-- 2.874634 s
currentSize : 43 <-- 3.103276 s
currentSize : 44 <-- 9.702841 s
currentSize : 45 <-- 13.074364 s
currentSize : 46 <-- 13.074553 s
currentSize : 47 <-- 26.954300 s
currentSize : 49 <-- 26.954380 s
currentSize : 50 <-- 39.048729 s
currentSize : 51 <-- 47.600189 s
currentSize : 52 <-- 61.430351 s
currentSize : 53 <-- 83.352119 s
currentSize : 55 <-- 83.352249 s
currentSize : 56 <-- 174.614838 s
currentSize : 57 <-- 193.428589 s
currentSize : 59 <-- 208.291412 s
currentSize : 62 <-- 224.826767 s
currentSize : 63 <-- 309.786743 s
currentSize : 65 <-- 366.655914 s

maxsize : 65
nodes : 100642116.000000
filtered : 491596159.000000
time : 498.453674
