Parameters: GAD=1 vflib=1 dir=0 label=1 lowerbound=1 fileNameGp=../../cp2016-max-common-connected-subgraph-paper/datasets/graphsdb/mcs70/m3D/m3Dr6/mcs70_m3Dr6_s90.A03 fileNameGt=../../cp2016-max-common-connected-subgraph-paper/datasets/graphsdb/mcs70/m3D/m3Dr6/mcs70_m3Dr6_s90.B03
Reading graphs...
90 :  257
90 :  256
Initializing...
maxdom : 10
D->valSize : 541
Solving...
Blb : 3 (clique : 51)
currentSize : 51 <-- 0.006374 s
currentSize : 52 <-- 0.431608 s
currentSize : 53 <-- 0.432167 s
currentSize : 54 <-- 0.432273 s
currentSize : 55 <-- 0.458994 s
currentSize : 56 <-- 1.076590 s
currentSize : 57 <-- 1.076817 s
currentSize : 58 <-- 77.648643 s
currentSize : 59 <-- 77.649361 s
currentSize : 60 <-- 79.235924 s
currentSize : 62 <-- 79.236122 s

maxsize : 62
nodes : 41117104.000000
filtered : 270472761.000000
time : 218.755997
