Parameters: GAD=1 vflib=1 dir=0 label=1 lowerbound=1 fileNameGp=../../cp2016-max-common-connected-subgraph-paper/datasets/graphsdb/mcs70/m3D/m3D/mcs70_m3D_s90.A02 fileNameGt=../../cp2016-max-common-connected-subgraph-paper/datasets/graphsdb/mcs70/m3D/m3D/mcs70_m3D_s90.B02
Reading graphs...
90 :  209
90 :  209
Initializing...
maxdom : 11
D->valSize : 549
Solving...
Blb : 2 (clique : 54)
currentSize : 54 <-- 0.006526 s
currentSize : 55 <-- 0.007050 s
currentSize : 57 <-- 0.861639 s
currentSize : 58 <-- 0.861774 s
currentSize : 59 <-- 0.861886 s
currentSize : 60 <-- 78.075363 s
currentSize : 61 <-- 235.894073 s
currentSize : 62 <-- 235.894211 s
currentSize : 63 <-- 236.949509 s
currentSize : 64 <-- 289.516113 s

maxsize : 64
nodes : 88396182.000000
filtered : 439743935.000000
time : 437.538849
