Parameters: GAD=1 vflib=1 dir=0 label=1 lowerbound=1 fileNameGp=../../cp2016-max-common-connected-subgraph-paper/datasets/graphsdb/mcs70/m3D/m3Dr2/mcs70_m3Dr2_s90.A09 fileNameGt=../../cp2016-max-common-connected-subgraph-paper/datasets/graphsdb/mcs70/m3D/m3Dr2/mcs70_m3Dr2_s90.B09
Reading graphs...
90 :  225
90 :  224
Initializing...
maxdom : 11
D->valSize : 575
Solving...
Blb : 2 (clique : 54)
currentSize : 54 <-- 0.011655 s
currentSize : 55 <-- 0.012250 s
currentSize : 56 <-- 12.186930 s
currentSize : 57 <-- 94.307617 s
currentSize : 58 <-- 94.307709 s
currentSize : 59 <-- 174.107224 s
currentSize : 62 <-- 174.169434 s
currentSize : 63 <-- 177.427612 s

maxsize : 63
nodes : 211715151.000000
filtered : 1026001374.000000
time : 959.348755
