Parameters: GAD=1 vflib=1 dir=0 label=1 lowerbound=1 fileNameGp=../../cp2016-max-common-connected-subgraph-paper/datasets/graphsdb/mcs70/bvg/b03/mcs70_b03_s80.A04 fileNameGt=../../cp2016-max-common-connected-subgraph-paper/datasets/graphsdb/mcs70/bvg/b03/mcs70_b03_s80.B04
Reading graphs...
80 :  120
80 :  120
Initializing...
maxdom : 13
D->valSize : 509
Solving...
Blb : 2 (clique : 45)
currentSize : 45 <-- 0.005421 s
currentSize : 47 <-- 0.005737 s
currentSize : 48 <-- 0.024942 s
currentSize : 49 <-- 0.142979 s
currentSize : 50 <-- 0.145912 s
currentSize : 51 <-- 0.478344 s
currentSize : 52 <-- 4.464370 s
currentSize : 56 <-- 5.580809 s

maxsize : 56
nodes : 2746741.000000
filtered : 17072207.000000
time : 14.661815
