Parameters: GAD=1 vflib=1 dir=0 label=1 lowerbound=1 fileNameGp=../../cp2016-max-common-connected-subgraph-paper/datasets/graphsdb/mcs70/m3D/m3Dr6/mcs70_m3Dr6_s100.A00 fileNameGt=../../cp2016-max-common-connected-subgraph-paper/datasets/graphsdb/mcs70/m3D/m3Dr6/mcs70_m3Dr6_s100.B00
Reading graphs...
100 :  293
100 :  291
Initializing...
maxdom : 7
D->valSize : 398
Solving...
Blb : 3 (clique : 51)
currentSize : 51 <-- 0.004235 s
currentSize : 54 <-- 0.556704 s
currentSize : 57 <-- 2.978628 s
currentSize : 59 <-- 5.579268 s
currentSize : 60 <-- 5.587016 s
currentSize : 64 <-- 5.588099 s

maxsize : 64
nodes : 94012268.000000
filtered : 404225436.000000
time : 500.748779
