Parameters: GAD=1 vflib=1 dir=0 label=1 lowerbound=1 fileNameGp=../../cp2016-max-common-connected-subgraph-paper/datasets/graphsdb/mcs70/bvg/b09/mcs70_b09_s100.A05 fileNameGt=../../cp2016-max-common-connected-subgraph-paper/datasets/graphsdb/mcs70/bvg/b09/mcs70_b09_s100.B05
Reading graphs...
100 :  449
100 :  448
Initializing...
maxdom : 6
D->valSize : 387
Solving...
Blb : 2 (clique : 60)
currentSize : 60 <-- 0.004054 s
currentSize : 61 <-- 0.004401 s
currentSize : 62 <-- 0.004675 s
currentSize : 63 <-- 0.004753 s
currentSize : 68 <-- 1.995772 s
currentSize : 70 <-- 1.996105 s

maxsize : 70
nodes : 749237.000000
filtered : 4553719.000000
time : 4.328982
