Parameters: GAD=1 vflib=1 dir=0 label=1 lowerbound=1 fileNameGp=../../cp2016-max-common-connected-subgraph-paper/datasets/graphsdb/mcs70/bvg/b09m/mcs70_b09m_s70.A07 fileNameGt=../../cp2016-max-common-connected-subgraph-paper/datasets/graphsdb/mcs70/bvg/b09m/mcs70_b09m_s70.B07
Reading graphs...
70 :  310
70 :  310
Initializing...
maxdom : 7
D->valSize : 345
Solving...
Blb : 3 (clique : 26)
currentSize : 26 <-- 0.004422 s
currentSize : 29 <-- 0.047227 s
currentSize : 30 <-- 0.047345 s
currentSize : 35 <-- 0.082973 s
currentSize : 36 <-- 0.140316 s
currentSize : 37 <-- 0.400239 s
currentSize : 45 <-- 0.400563 s
currentSize : 46 <-- 0.401202 s

maxsize : 46
nodes : 62297.000000
filtered : 594984.000000
time : 0.490821
