Parameters: GAD=1 vflib=1 dir=0 label=1 lowerbound=1 fileNameGp=../../cp2016-max-common-connected-subgraph-paper/datasets/graphsdb/mcs70/m3D/m3Dr4/mcs70_m3Dr4_s90.A05 fileNameGt=../../cp2016-max-common-connected-subgraph-paper/datasets/graphsdb/mcs70/m3D/m3Dr4/mcs70_m3Dr4_s90.B05
Reading graphs...
90 :  244
90 :  243
Initializing...
maxdom : 11
D->valSize : 555
Solving...
Blb : 2 (clique : 49)
currentSize : 49 <-- 0.010791 s
currentSize : 50 <-- 4.343591 s
currentSize : 51 <-- 4.344554 s
currentSize : 53 <-- 47.033913 s
currentSize : 54 <-- 47.035042 s
currentSize : 55 <-- 138.844788 s
currentSize : 56 <-- 138.850357 s
currentSize : 58 <-- 138.850784 s
currentSize : 59 <-- 138.912903 s
currentSize : 61 <-- 138.919891 s
currentSize : 62 <-- 138.921753 s
currentSize : 64 <-- 138.922012 s

maxsize : 64
nodes : 35849111.000000
filtered : 200649669.000000
time : 184.178268
