Parameters: GAD=1 vflib=1 dir=0 label=1 lowerbound=1 fileNameGp=../../cp2016-max-common-connected-subgraph-paper/datasets/graphsdb/mcs70/m2D/m2Dr4/mcs70_m2Dr4_s50.A01 fileNameGt=../../cp2016-max-common-connected-subgraph-paper/datasets/graphsdb/mcs70/m2D/m2Dr4/mcs70_m2Dr4_s50.B01
Reading graphs...
50 :  105
50 :  104
Initializing...
maxdom : 9
D->valSize : 341
Solving...
Blb : 2 (clique : 25)
currentSize : 25 <-- 0.004129 s
currentSize : 27 <-- 0.228460 s
currentSize : 28 <-- 0.260282 s
currentSize : 29 <-- 0.431477 s
currentSize : 30 <-- 0.804242 s
currentSize : 31 <-- 0.804355 s
currentSize : 35 <-- 0.965979 s
currentSize : 36 <-- 0.966231 s

maxsize : 36
nodes : 255683.000000
filtered : 1702299.000000
time : 1.060508
