Parameters: GAD=1 vflib=1 dir=0 label=1 lowerbound=1 fileNameGp=../../cp2016-max-common-connected-subgraph-paper/datasets/graphsdb/mcs70/m2D/m2Dr2/mcs70_m2Dr2_s80.A07 fileNameGt=../../cp2016-max-common-connected-subgraph-paper/datasets/graphsdb/mcs70/m2D/m2Dr2/mcs70_m2Dr2_s80.B07
Reading graphs...
80 :  158
80 :  157
Initializing...
maxdom : 11
D->valSize : 450
Solving...
Blb : 2 (clique : 36)
currentSize : 36 <-- 0.007589 s
currentSize : 38 <-- 0.008826 s
currentSize : 39 <-- 0.013848 s
currentSize : 40 <-- 0.064656 s
currentSize : 41 <-- 0.065620 s
currentSize : 42 <-- 0.075970 s
currentSize : 43 <-- 0.077591 s
currentSize : 44 <-- 0.078010 s
currentSize : 45 <-- 0.692632 s
currentSize : 46 <-- 0.693394 s
currentSize : 47 <-- 0.693631 s
currentSize : 48 <-- 21.662256 s
currentSize : 49 <-- 21.662636 s
currentSize : 50 <-- 21.669022 s

maxsize : 50
nodes : 33956456.000000
filtered : 242274491.000000
time : 179.385223
