Parameters: GAD=1 vflib=1 dir=0 label=1 lowerbound=1 fileNameGp=../../cp2016-max-common-connected-subgraph-paper/datasets/graphsdb/mcs70/rand/r005/mcs70_r005_s60.A03 fileNameGt=../../cp2016-max-common-connected-subgraph-paper/datasets/graphsdb/mcs70/rand/r005/mcs70_r005_s60.B03
Reading graphs...
60 :  174
60 :  172
Initializing...
maxdom : 8
D->valSize : 281
Solving...
Blb : 2 (clique : 28)
currentSize : 28 <-- 0.002025 s
currentSize : 30 <-- 0.002173 s
currentSize : 32 <-- 0.015854 s
currentSize : 33 <-- 0.061190 s
currentSize : 37 <-- 0.147352 s
currentSize : 39 <-- 0.296560 s
currentSize : 41 <-- 0.296621 s

maxsize : 41
nodes : 138365.000000
filtered : 585719.000000
time : 0.476952
