Parameters: GAD=1 vflib=1 dir=0 label=1 lowerbound=1 fileNameGp=../../cp2016-max-common-connected-subgraph-paper/datasets/graphsdb/mcs70/bvg/b09m/mcs70_b09m_s100.A03 fileNameGt=../../cp2016-max-common-connected-subgraph-paper/datasets/graphsdb/mcs70/bvg/b09m/mcs70_b09m_s100.B03
Reading graphs...
100 :  447
100 :  448
Initializing...
maxdom : 8
D->valSize : 368
Solving...
Blb : 2 (clique : 51)
currentSize : 51 <-- 0.003787 s
currentSize : 52 <-- 0.004183 s
currentSize : 55 <-- 0.017971 s
currentSize : 56 <-- 0.018142 s
currentSize : 63 <-- 7.122653 s
currentSize : 68 <-- 7.386552 s

maxsize : 68
nodes : 6581853.000000
filtered : 20368874.000000
time : 31.493610
