Parameters: GAD=1 vflib=1 dir=0 label=1 lowerbound=1 fileNameGp=../../cp2016-max-common-connected-subgraph-paper/datasets/graphsdb/mcs70/rand/r005/mcs70_r005_s50.A05 fileNameGt=../../cp2016-max-common-connected-subgraph-paper/datasets/graphsdb/mcs70/rand/r005/mcs70_r005_s50.B05
Reading graphs...
50 :  118
50 :  119
Initializing...
maxdom : 12
D->valSize : 338
Solving...
Blb : 2 (clique : 18)
currentSize : 18 <-- 0.002381 s
currentSize : 25 <-- 0.002497 s
currentSize : 28 <-- 0.002552 s
currentSize : 30 <-- 0.002616 s
currentSize : 31 <-- 0.002704 s
currentSize : 33 <-- 0.002769 s
currentSize : 35 <-- 0.002890 s

maxsize : 35
nodes : 5157.000000
filtered : 109151.000000
time : 0.032550
