Parameters: GAD=1 vflib=1 dir=0 label=1 lowerbound=1 fileNameGp=../../cp2016-max-common-connected-subgraph-paper/datasets/graphsdb/mcs70/m2D/m2Dr2/mcs70_m2Dr2_s100.A01 fileNameGt=../../cp2016-max-common-connected-subgraph-paper/datasets/graphsdb/mcs70/m2D/m2Dr2/mcs70_m2Dr2_s100.B01
Reading graphs...
100 :  199
100 :  199
Initializing...
maxdom : 6
D->valSize : 345
Solving...
Blb : 2 (clique : 41)
currentSize : 41 <-- 0.005534 s
currentSize : 42 <-- 0.005980 s
currentSize : 43 <-- 0.007350 s
currentSize : 44 <-- 0.025063 s
currentSize : 45 <-- 1.789031 s
currentSize : 46 <-- 15.154079 s
currentSize : 47 <-- 87.016808 s
currentSize : 48 <-- 87.051338 s
currentSize : 49 <-- 87.155396 s
currentSize : 50 <-- 87.156036 s
currentSize : 51 <-- 90.033600 s
currentSize : 52 <-- 167.901764 s
currentSize : 53 <-- 168.060577 s

TIMEOUT
maxsize : 53
nodes : 206090860.000000
filtered : 672870171.000000
time : 1000.000061
