Parameters: GAD=1 vflib=1 dir=0 label=1 lowerbound=1 fileNameGp=../../cp2016-max-common-connected-subgraph-paper/datasets/graphsdb/mcs70/rand/r01/mcs70_r01_s80.A01 fileNameGt=../../cp2016-max-common-connected-subgraph-paper/datasets/graphsdb/mcs70/rand/r01/mcs70_r01_s80.B01
Reading graphs...
80 :  595
80 :  605
Initializing...
maxdom : 9
D->valSize : 454
Solving...
Blb : 2 (clique : 14)
currentSize : 14 <-- 0.004209 s
currentSize : 16 <-- 0.010742 s
currentSize : 17 <-- 0.016037 s
currentSize : 18 <-- 0.021145 s
currentSize : 20 <-- 0.026067 s
currentSize : 21 <-- 0.037865 s
currentSize : 24 <-- 0.038441 s
currentSize : 25 <-- 0.076252 s
currentSize : 26 <-- 0.095373 s
currentSize : 36 <-- 0.118965 s
currentSize : 37 <-- 0.154934 s
currentSize : 40 <-- 0.240698 s
currentSize : 51 <-- 0.260982 s
currentSize : 52 <-- 0.270798 s

maxsize : 52
nodes : 69405.000000
filtered : 619064.000000
time : 0.355038
