Parameters: GAD=1 vflib=1 dir=0 label=1 lowerbound=1 fileNameGp=../../cp2016-max-common-connected-subgraph-paper/datasets/graphsdb/mcs70/m2D/m2Dr2/mcs70_m2Dr2_s80.A02 fileNameGt=../../cp2016-max-common-connected-subgraph-paper/datasets/graphsdb/mcs70/m2D/m2Dr2/mcs70_m2Dr2_s80.B02
Reading graphs...
80 :  158
80 :  158
Initializing...
maxdom : 10
D->valSize : 439
Solving...
Blb : 2 (clique : 39)
currentSize : 39 <-- 0.004432 s
currentSize : 40 <-- 19.946169 s
currentSize : 41 <-- 19.946320 s
currentSize : 42 <-- 40.677727 s
currentSize : 43 <-- 40.677849 s
currentSize : 44 <-- 56.674000 s
currentSize : 45 <-- 56.674263 s
currentSize : 47 <-- 56.674801 s
currentSize : 48 <-- 56.674896 s
currentSize : 49 <-- 56.714420 s
currentSize : 50 <-- 84.179657 s

maxsize : 50
nodes : 20898355.000000
filtered : 159077200.000000
time : 113.142853
