Parameters: GAD=1 vflib=1 dir=0 label=1 lowerbound=1 fileNameGp=../../cp2016-max-common-connected-subgraph-paper/datasets/graphsdb/mcs70/m2D/m2D/mcs70_m2D_s35.A09 fileNameGt=../../cp2016-max-common-connected-subgraph-paper/datasets/graphsdb/mcs70/m2D/m2D/mcs70_m2D_s35.B09
Reading graphs...
35 :  58
35 :  58
Initializing...
maxdom : 7
D->valSize : 174
Solving...
Blb : 2 (clique : 12)
currentSize : 12 <-- 0.000956 s
currentSize : 13 <-- 0.001012 s
currentSize : 14 <-- 0.001215 s
currentSize : 15 <-- 0.001254 s
currentSize : 16 <-- 0.002767 s
currentSize : 17 <-- 0.004496 s
currentSize : 18 <-- 0.004526 s
currentSize : 21 <-- 0.013571 s
currentSize : 22 <-- 0.014151 s
currentSize : 24 <-- 0.025495 s
currentSize : 25 <-- 0.025859 s

maxsize : 25
nodes : 9321.000000
filtered : 62070.000000
time : 0.029166
