Parameters: GAD=1 vflib=1 dir=0 label=1 lowerbound=1 fileNameGp=../../cp2016-max-common-connected-subgraph-paper/datasets/graphsdb/mcs70/m2D/m2Dr2/mcs70_m2Dr2_s100.A02 fileNameGt=../../cp2016-max-common-connected-subgraph-paper/datasets/graphsdb/mcs70/m2D/m2Dr2/mcs70_m2Dr2_s100.B02
Reading graphs...
100 :  200
100 :  199
Initializing...
maxdom : 7
D->valSize : 379
Solving...
Blb : 3 (clique : 44)
currentSize : 44 <-- 0.004005 s
currentSize : 45 <-- 0.005502 s
currentSize : 46 <-- 0.005585 s
currentSize : 47 <-- 0.006007 s
currentSize : 49 <-- 0.028088 s
currentSize : 50 <-- 0.028337 s
currentSize : 51 <-- 0.029638 s
currentSize : 52 <-- 0.110441 s
currentSize : 53 <-- 0.119352 s
currentSize : 54 <-- 0.119682 s
currentSize : 55 <-- 0.120788 s
currentSize : 56 <-- 0.121629 s
currentSize : 57 <-- 567.574524 s
currentSize : 58 <-- 588.508545 s
currentSize : 59 <-- 589.185364 s
currentSize : 60 <-- 598.981873 s

TIMEOUT
maxsize : 60
nodes : 193243219.000000
filtered : 638057644.000000
time : 1000.000122
