Parameters: GAD=1 vflib=1 dir=0 label=1 lowerbound=1 fileNameGp=../../cp2016-max-common-connected-subgraph-paper/datasets/graphsdb/mcs70/bvg/b03m/mcs70_b03m_s80.A03 fileNameGt=../../cp2016-max-common-connected-subgraph-paper/datasets/graphsdb/mcs70/bvg/b03m/mcs70_b03m_s80.B03
Reading graphs...
80 :  119
80 :  119
Initializing...
maxdom : 8
D->valSize : 406
Solving...
Blb : 2 (clique : 32)
currentSize : 32 <-- 0.003855 s
currentSize : 43 <-- 0.004109 s
currentSize : 44 <-- 0.004183 s
currentSize : 45 <-- 0.004292 s
currentSize : 46 <-- 0.682517 s
currentSize : 47 <-- 5.917349 s
currentSize : 48 <-- 5.994609 s
currentSize : 49 <-- 205.575745 s
currentSize : 50 <-- 206.149002 s
currentSize : 51 <-- 206.195908 s
currentSize : 52 <-- 206.201553 s
currentSize : 54 <-- 296.675446 s
currentSize : 56 <-- 296.896332 s
currentSize : 57 <-- 296.926025 s

maxsize : 57
nodes : 56146564.000000
filtered : 362780090.000000
time : 317.078827
