Parameters: GAD=1 vflib=1 dir=0 label=1 lowerbound=1 fileNameGp=../../cp2016-max-common-connected-subgraph-paper/datasets/graphsdb/mcs70/bvg/b06/mcs70_b06_s80.A00 fileNameGt=../../cp2016-max-common-connected-subgraph-paper/datasets/graphsdb/mcs70/bvg/b06/mcs70_b06_s80.B00
Reading graphs...
80 :  240
80 :  240
Initializing...
maxdom : 7
D->valSize : 417
Solving...
Blb : 2 (clique : 33)
currentSize : 33 <-- 0.003965 s
currentSize : 36 <-- 5.064623 s
currentSize : 37 <-- 5.407746 s
currentSize : 38 <-- 5.411201 s
currentSize : 40 <-- 11.060675 s
currentSize : 42 <-- 11.060771 s
currentSize : 44 <-- 11.061064 s
currentSize : 45 <-- 31.387808 s
currentSize : 46 <-- 31.387928 s
currentSize : 47 <-- 31.390076 s
currentSize : 48 <-- 31.391356 s
currentSize : 49 <-- 31.721272 s
currentSize : 54 <-- 31.843985 s
currentSize : 56 <-- 31.844126 s

maxsize : 56
nodes : 7061985.000000
filtered : 35637942.000000
time : 32.507149
