Parameters: GAD=1 vflib=1 dir=0 label=1 lowerbound=1 fileNameGp=../../cp2016-max-common-connected-subgraph-paper/datasets/graphsdb/mcs70/bvg/b06m/mcs70_b06m_s70.A06 fileNameGt=../../cp2016-max-common-connected-subgraph-paper/datasets/graphsdb/mcs70/bvg/b06m/mcs70_b06m_s70.B06
Reading graphs...
70 :  208
70 :  207
Initializing...
maxdom : 7
D->valSize : 354
Solving...
Blb : 2 (clique : 25)
currentSize : 25 <-- 0.002851 s
currentSize : 28 <-- 0.003044 s
currentSize : 29 <-- 0.003147 s
currentSize : 31 <-- 0.004527 s
currentSize : 32 <-- 0.004606 s
currentSize : 33 <-- 0.345565 s
currentSize : 37 <-- 0.450395 s
currentSize : 38 <-- 0.450686 s
currentSize : 41 <-- 1.204568 s
currentSize : 43 <-- 1.879291 s
currentSize : 49 <-- 2.598293 s

maxsize : 49
nodes : 751141.000000
filtered : 4131582.000000
time : 3.475746
