Parameters: GAD=1 vflib=1 dir=0 label=1 lowerbound=1 fileNameGp=../../cp2016-max-common-connected-subgraph-paper/datasets/graphsdb/mcs70/rand/r001/mcs70_r001_s100.A08 fileNameGt=../../cp2016-max-common-connected-subgraph-paper/datasets/graphsdb/mcs70/rand/r001/mcs70_r001_s100.B08
Reading graphs...
100 :  120
100 :  120
Initializing...
maxdom : 8
D->valSize : 392
Solving...
Blb : 2 (clique : 63)
currentSize : 63 <-- 0.007309 s
currentSize : 64 <-- 0.008495 s
currentSize : 65 <-- 0.014283 s
currentSize : 67 <-- 0.030725 s
currentSize : 68 <-- 0.031047 s
currentSize : 69 <-- 2.831698 s
currentSize : 70 <-- 25.202391 s
currentSize : 71 <-- 85.915169 s

TIMEOUT
maxsize : 71
nodes : 199024805.000000
filtered : 633872974.000000
time : 1000.000122
