Parameters: GAD=1 vflib=1 dir=0 label=1 lowerbound=1 fileNameGp=../../cp2016-max-common-connected-subgraph-paper/datasets/graphsdb/mcs70/m2D/m2D/mcs70_m2D_s70.A01 fileNameGt=../../cp2016-max-common-connected-subgraph-paper/datasets/graphsdb/mcs70/m2D/m2D/mcs70_m2D_s70.B01
Reading graphs...
70 :  123
70 :  123
Initializing...
maxdom : 8
D->valSize : 322
Solving...
Blb : 2 (clique : 28)
currentSize : 28 <-- 0.002652 s
currentSize : 32 <-- 0.002837 s
currentSize : 35 <-- 0.002901 s
currentSize : 37 <-- 0.003506 s
currentSize : 38 <-- 0.004271 s
currentSize : 40 <-- 0.009511 s
currentSize : 41 <-- 0.020023 s
currentSize : 42 <-- 0.819394 s
currentSize : 43 <-- 0.819601 s
currentSize : 44 <-- 1.521456 s
currentSize : 45 <-- 1.521545 s
currentSize : 48 <-- 1.523662 s
currentSize : 49 <-- 1.549690 s

maxsize : 49
nodes : 400178.000000
filtered : 2281683.000000
time : 1.956848
