Parameters: GAD=1 vflib=1 dir=0 label=1 lowerbound=1 fileNameGp=../../cp2016-max-common-connected-subgraph-paper/datasets/graphsdb/mcs70/bvg/b09/mcs70_b09_s80.A03 fileNameGt=../../cp2016-max-common-connected-subgraph-paper/datasets/graphsdb/mcs70/bvg/b09/mcs70_b09_s80.B03
Reading graphs...
80 :  358
80 :  358
Initializing...
maxdom : 8
D->valSize : 429
Solving...
Blb : 2 (clique : 32)
currentSize : 32 <-- 0.004063 s
currentSize : 33 <-- 0.004257 s
currentSize : 34 <-- 0.004445 s
currentSize : 40 <-- 0.004900 s
currentSize : 41 <-- 0.005216 s
currentSize : 42 <-- 0.006216 s
currentSize : 43 <-- 0.010163 s
currentSize : 48 <-- 0.010260 s
currentSize : 50 <-- 0.010447 s
currentSize : 53 <-- 0.011359 s
currentSize : 56 <-- 0.017739 s

maxsize : 56
nodes : 1846495.000000
filtered : 14721230.000000
time : 9.824404
