Parameters: GAD=1 vflib=1 dir=0 label=1 lowerbound=1 fileNameGp=../../cp2016-max-common-connected-subgraph-paper/datasets/graphsdb/mcs70/m2D/m2Dr4/mcs70_m2Dr4_s100.A00 fileNameGt=../../cp2016-max-common-connected-subgraph-paper/datasets/graphsdb/mcs70/m2D/m2Dr4/mcs70_m2Dr4_s100.B00
Reading graphs...
100 :  220
100 :  219
Initializing...
maxdom : 8
D->valSize : 437
Solving...
Blb : 2 (clique : 55)
currentSize : 55 <-- 0.004794 s
currentSize : 56 <-- 0.398288 s
currentSize : 57 <-- 0.398387 s
currentSize : 58 <-- 2.094559 s
currentSize : 59 <-- 2.366981 s
currentSize : 60 <-- 2.388848 s
currentSize : 61 <-- 5.129622 s
currentSize : 62 <-- 7.101547 s
currentSize : 63 <-- 7.101956 s
currentSize : 64 <-- 7.737396 s
currentSize : 65 <-- 7.737624 s

maxsize : 65
nodes : 13293590.000000
filtered : 76042709.000000
time : 80.712555
