Parameters: GAD=1 vflib=1 dir=0 label=1 lowerbound=1 fileNameGp=../../cp2016-max-common-connected-subgraph-paper/datasets/graphsdb/mcs70/bvg/b06/mcs70_b06_s90.A09 fileNameGt=../../cp2016-max-common-connected-subgraph-paper/datasets/graphsdb/mcs70/bvg/b06/mcs70_b06_s90.B09
Reading graphs...
90 :  269
90 :  269
Initializing...
maxdom : 10
D->valSize : 559
Solving...
Blb : 2 (clique : 48)
currentSize : 48 <-- 0.006423 s
currentSize : 49 <-- 0.008542 s
currentSize : 50 <-- 0.057001 s
currentSize : 51 <-- 3.973880 s
currentSize : 53 <-- 69.438713 s
currentSize : 54 <-- 69.438835 s
currentSize : 55 <-- 69.463844 s
currentSize : 56 <-- 69.464050 s
currentSize : 57 <-- 69.507889 s
currentSize : 60 <-- 69.516747 s
currentSize : 62 <-- 69.517036 s
currentSize : 63 <-- 70.181702 s

maxsize : 63
nodes : 26788353.000000
filtered : 191777418.000000
time : 149.943649
