Parameters: GAD=1 vflib=1 dir=0 label=1 lowerbound=1 fileNameGp=../../cp2016-max-common-connected-subgraph-paper/datasets/graphsdb/mcs70/bvg/b03/mcs70_b03_s70.A08 fileNameGt=../../cp2016-max-common-connected-subgraph-paper/datasets/graphsdb/mcs70/bvg/b03/mcs70_b03_s70.B08
Reading graphs...
70 :  105
70 :  105
Initializing...
maxdom : 8
D->valSize : 344
Solving...
Blb : 2 (clique : 38)
currentSize : 38 <-- 0.004638 s
currentSize : 39 <-- 0.005084 s
currentSize : 40 <-- 0.005490 s
currentSize : 42 <-- 0.007022 s
currentSize : 43 <-- 0.007060 s
currentSize : 46 <-- 0.025449 s
currentSize : 47 <-- 4.590010 s
currentSize : 48 <-- 16.788069 s

maxsize : 48
nodes : 4385541.000000
filtered : 22775498.000000
time : 20.613993
