Parameters: GAD=1 vflib=1 dir=0 label=1 lowerbound=1 fileNameGp=../../cp2016-max-common-connected-subgraph-paper/datasets/graphsdb/mcs70/bvg/b06/mcs70_b06_s100.A02 fileNameGt=../../cp2016-max-common-connected-subgraph-paper/datasets/graphsdb/mcs70/bvg/b06/mcs70_b06_s100.B02
Reading graphs...
100 :  300
100 :  300
Initializing...
maxdom : 8
D->valSize : 412
Solving...
Blb : 2 (clique : 45)
currentSize : 45 <-- 0.004388 s
currentSize : 48 <-- 0.004995 s
currentSize : 50 <-- 0.005699 s
currentSize : 51 <-- 0.009835 s
currentSize : 52 <-- 0.031126 s
currentSize : 53 <-- 0.032277 s
currentSize : 54 <-- 0.038595 s
currentSize : 55 <-- 12.852064 s
currentSize : 56 <-- 12.888727 s
currentSize : 57 <-- 12.892661 s
currentSize : 58 <-- 12.913109 s
currentSize : 59 <-- 12.953261 s
currentSize : 60 <-- 12.985034 s
currentSize : 61 <-- 12.985616 s
currentSize : 62 <-- 12.989254 s
currentSize : 63 <-- 27.095320 s
currentSize : 66 <-- 28.469263 s
currentSize : 67 <-- 28.469797 s
currentSize : 68 <-- 28.791151 s
currentSize : 70 <-- 28.791355 s

maxsize : 70
nodes : 20163273.000000
filtered : 96218577.000000
time : 112.355568
