Parameters: GAD=1 vflib=1 dir=0 label=1 lowerbound=1 fileNameGp=../../cp2016-max-common-connected-subgraph-paper/datasets/graphsdb/mcs70/m2D/m2Dr4/mcs70_m2Dr4_s50.A06 fileNameGt=../../cp2016-max-common-connected-subgraph-paper/datasets/graphsdb/mcs70/m2D/m2Dr4/mcs70_m2Dr4_s50.B06
Reading graphs...
50 :  104
50 :  104
Initializing...
maxdom : 9
D->valSize : 332
Solving...
Blb : 2 (clique : 19)
currentSize : 19 <-- 0.002357 s
currentSize : 28 <-- 0.002478 s
currentSize : 29 <-- 0.208515 s
currentSize : 32 <-- 0.208575 s
currentSize : 33 <-- 0.499446 s
currentSize : 34 <-- 0.748694 s
currentSize : 36 <-- 0.979648 s

maxsize : 36
nodes : 257792.000000
filtered : 2386865.000000
time : 1.030472
