Parameters: GAD=1 vflib=1 dir=0 label=1 lowerbound=1 fileNameGp=../../cp2016-max-common-connected-subgraph-paper/datasets/graphsdb/mcs70/rand/r01/mcs70_r01_s80.A00 fileNameGt=../../cp2016-max-common-connected-subgraph-paper/datasets/graphsdb/mcs70/rand/r01/mcs70_r01_s80.B00
Reading graphs...
80 :  592
80 :  596
Initializing...
maxdom : 9
D->valSize : 433
Solving...
Blb : 3 (clique : 18)
currentSize : 18 <-- 0.003926 s
currentSize : 19 <-- 0.007867 s
currentSize : 21 <-- 0.138697 s
currentSize : 25 <-- 0.144680 s
currentSize : 26 <-- 0.179821 s
currentSize : 28 <-- 0.179899 s
currentSize : 30 <-- 0.271672 s
currentSize : 34 <-- 0.296075 s
currentSize : 35 <-- 0.327275 s
currentSize : 39 <-- 0.327484 s
currentSize : 48 <-- 0.328908 s

maxsize : 48
nodes : 632813.000000
filtered : 1419326.000000
time : 2.167912
