Parameters: GAD=1 vflib=1 dir=0 label=1 lowerbound=1 fileNameGp=../../cp2016-max-common-connected-subgraph-paper/datasets/graphsdb/mcs70/rand/r005/mcs70_r005_s70.A02 fileNameGt=../../cp2016-max-common-connected-subgraph-paper/datasets/graphsdb/mcs70/rand/r005/mcs70_r005_s70.B02
Reading graphs...
70 :  230
70 :  230
Initializing...
maxdom : 7
D->valSize : 361
Solving...
Blb : 5 (clique : 29)
currentSize : 29 <-- 0.002966 s
currentSize : 30 <-- 0.299300 s
currentSize : 34 <-- 0.428900 s
currentSize : 37 <-- 0.491209 s
currentSize : 38 <-- 0.491232 s
currentSize : 44 <-- 0.524570 s
currentSize : 46 <-- 0.583517 s

maxsize : 46
nodes : 161627.000000
filtered : 1336129.000000
time : 0.809137
