Parameters: GAD=1 vflib=1 dir=0 label=1 lowerbound=1 fileNameGp=../../cp2016-max-common-connected-subgraph-paper/datasets/graphsdb/mcs70/m3D/m3D/mcs70_m3D_s100.A01 fileNameGt=../../cp2016-max-common-connected-subgraph-paper/datasets/graphsdb/mcs70/m3D/m3D/mcs70_m3D_s100.B01
Reading graphs...
100 :  234
100 :  234
Initializing...
maxdom : 7
D->valSize : 403
Solving...
Blb : 2 (clique : 33)
currentSize : 33 <-- 0.006973 s
currentSize : 34 <-- 0.590768 s
currentSize : 35 <-- 1.747499 s
currentSize : 36 <-- 2.405079 s
currentSize : 37 <-- 4.687194 s
currentSize : 38 <-- 9.947376 s
currentSize : 39 <-- 16.348858 s
currentSize : 40 <-- 59.338142 s

TIMEOUT
maxsize : 40
nodes : 181300228.000000
filtered : 873597621.000000
time : 1000.000061
