Parameters: GAD=1 vflib=1 dir=0 label=1 lowerbound=1 fileNameGp=../../cp2016-max-common-connected-subgraph-paper/datasets/graphsdb/mcs70/m2D/m2Dr6/mcs70_m2Dr6_s60.A00 fileNameGt=../../cp2016-max-common-connected-subgraph-paper/datasets/graphsdb/mcs70/m2D/m2Dr6/mcs70_m2Dr6_s60.B00
Reading graphs...
60 :  136
60 :  138
Initializing...
maxdom : 9
D->valSize : 288
Solving...
Blb : 2 (clique : 23)
currentSize : 23 <-- 0.002153 s
currentSize : 24 <-- 0.002669 s
currentSize : 25 <-- 0.005245 s
currentSize : 28 <-- 0.009811 s
currentSize : 30 <-- 0.009884 s
currentSize : 33 <-- 0.017156 s
currentSize : 34 <-- 0.017608 s
currentSize : 36 <-- 0.129565 s
currentSize : 37 <-- 0.131092 s

maxsize : 37
nodes : 439882.000000
filtered : 1896354.000000
time : 1.736001
