Parameters: GAD=1 vflib=1 dir=0 label=1 lowerbound=1 fileNameGp=../../cp2016-max-common-connected-subgraph-paper/datasets/graphsdb/mcs70/rand/r01/mcs70_r01_s90.A01 fileNameGt=../../cp2016-max-common-connected-subgraph-paper/datasets/graphsdb/mcs70/rand/r01/mcs70_r01_s90.B01
Reading graphs...
90 :  747
90 :  747
Initializing...
maxdom : 11
D->valSize : 602
Solving...
Blb : 2 (clique : 18)
currentSize : 18 <-- 0.006823 s
currentSize : 21 <-- 0.007078 s
currentSize : 29 <-- 0.008255 s
currentSize : 32 <-- 0.139976 s
currentSize : 39 <-- 0.140523 s
currentSize : 41 <-- 0.334162 s
currentSize : 54 <-- 0.548072 s
currentSize : 55 <-- 0.609110 s

maxsize : 55
nodes : 485744.000000
filtered : 3854126.000000
time : 2.527768
