Parameters: GAD=1 vflib=1 dir=0 label=1 lowerbound=1 fileNameGp=../../cp2016-max-common-connected-subgraph-paper/datasets/graphsdb/mcs70/bvg/b09/mcs70_b09_s100.A03 fileNameGt=../../cp2016-max-common-connected-subgraph-paper/datasets/graphsdb/mcs70/bvg/b09/mcs70_b09_s100.B03
Reading graphs...
100 :  448
100 :  449
Initializing...
maxdom : 7
D->valSize : 376
Solving...
Blb : 2 (clique : 38)
currentSize : 38 <-- 0.003767 s
currentSize : 40 <-- 0.004010 s
currentSize : 43 <-- 0.004222 s
currentSize : 44 <-- 0.004444 s
currentSize : 45 <-- 0.015184 s
currentSize : 46 <-- 0.015378 s
currentSize : 47 <-- 0.488135 s
currentSize : 50 <-- 0.488340 s
currentSize : 51 <-- 0.488659 s
currentSize : 52 <-- 0.488861 s
currentSize : 53 <-- 0.489197 s
currentSize : 54 <-- 0.498833 s
currentSize : 55 <-- 0.499046 s
currentSize : 57 <-- 0.499242 s
currentSize : 59 <-- 1.124015 s
currentSize : 62 <-- 1.124253 s
currentSize : 65 <-- 1.124517 s
currentSize : 67 <-- 1.124670 s
currentSize : 70 <-- 1.155909 s

maxsize : 70
nodes : 376820.000000
filtered : 1738691.000000
time : 2.002801
