Parameters: GAD=1 vflib=1 dir=0 label=1 lowerbound=1 fileNameGp=../../cp2016-max-common-connected-subgraph-paper/datasets/graphsdb/mcs70/m2D/m2Dr6/mcs70_m2Dr6_s70.A06 fileNameGt=../../cp2016-max-common-connected-subgraph-paper/datasets/graphsdb/mcs70/m2D/m2Dr6/mcs70_m2Dr6_s70.B06
Reading graphs...
70 :  164
70 :  164
Initializing...
maxdom : 8
D->valSize : 346
Solving...
Blb : 2 (clique : 38)
currentSize : 38 <-- 0.002927 s
currentSize : 39 <-- 0.003260 s
currentSize : 40 <-- 0.003322 s
currentSize : 41 <-- 0.003607 s
currentSize : 42 <-- 0.003703 s
currentSize : 45 <-- 0.004742 s
currentSize : 47 <-- 0.004825 s
currentSize : 49 <-- 0.005290 s

maxsize : 49
nodes : 257455.000000
filtered : 1549363.000000
time : 1.158899
