Parameters: GAD=1 vflib=1 dir=0 label=1 lowerbound=1 fileNameGp=../../cp2016-max-common-connected-subgraph-paper/datasets/graphsdb/mcs70/rand/r02/mcs70_r02_s100.A07 fileNameGt=../../cp2016-max-common-connected-subgraph-paper/datasets/graphsdb/mcs70/rand/r02/mcs70_r02_s100.B07
Reading graphs...
100 :  1777
100 :  1773
Initializing...
maxdom : 8
D->valSize : 404
Solving...
Blb : 2 (clique : 26)
currentSize : 26 <-- 0.004142 s
currentSize : 28 <-- 0.004431 s
currentSize : 29 <-- 0.004846 s
currentSize : 30 <-- 0.004950 s
currentSize : 31 <-- 0.005901 s
currentSize : 43 <-- 0.023752 s
currentSize : 44 <-- 0.030715 s
currentSize : 45 <-- 0.030878 s
currentSize : 46 <-- 0.043778 s
currentSize : 47 <-- 0.087978 s
currentSize : 48 <-- 0.158516 s
currentSize : 49 <-- 1.271127 s
currentSize : 50 <-- 2.935232 s

maxsize : 50
nodes : 31127162.000000
filtered : 14972495.000000
time : 126.595299
