Parameters: GAD=1 vflib=1 dir=0 label=1 lowerbound=1 fileNameGp=../../cp2016-max-common-connected-subgraph-paper/datasets/graphsdb/mcs70/m3D/m3Dr6/mcs70_m3Dr6_s90.A05 fileNameGt=../../cp2016-max-common-connected-subgraph-paper/datasets/graphsdb/mcs70/m3D/m3Dr6/mcs70_m3Dr6_s90.B05
Reading graphs...
90 :  260
90 :  260
Initializing...
maxdom : 7
D->valSize : 516
Solving...
Blb : 2 (clique : 40)
currentSize : 40 <-- 0.009521 s
currentSize : 41 <-- 20.081297 s
currentSize : 44 <-- 20.161276 s
currentSize : 45 <-- 20.167624 s
currentSize : 47 <-- 202.424500 s
currentSize : 52 <-- 202.455093 s
currentSize : 53 <-- 202.455200 s
currentSize : 54 <-- 448.491882 s
currentSize : 59 <-- 509.879150 s
currentSize : 62 <-- 509.881714 s

maxsize : 62
nodes : 100868578.000000
filtered : 672285061.000000
time : 575.611389
