Parameters: GAD=1 vflib=1 dir=0 label=1 lowerbound=1 fileNameGp=../../cp2016-max-common-connected-subgraph-paper/datasets/graphsdb/mcs70/m3D/m3Dr4/mcs70_m3Dr4_s100.A05 fileNameGt=../../cp2016-max-common-connected-subgraph-paper/datasets/graphsdb/mcs70/m3D/m3Dr4/mcs70_m3Dr4_s100.B05
Reading graphs...
100 :  273
100 :  272
Initializing...
maxdom : 7
D->valSize : 369
Solving...
Blb : 3 (clique : 44)
currentSize : 44 <-- 0.003869 s
currentSize : 46 <-- 0.145890 s
currentSize : 47 <-- 0.151086 s
currentSize : 48 <-- 8.013754 s
currentSize : 50 <-- 8.025382 s
currentSize : 51 <-- 10.402748 s
currentSize : 52 <-- 15.212735 s
currentSize : 54 <-- 15.222057 s
currentSize : 55 <-- 15.231421 s
currentSize : 56 <-- 15.234923 s
currentSize : 57 <-- 16.550825 s
currentSize : 58 <-- 19.053295 s
currentSize : 59 <-- 22.880213 s
currentSize : 60 <-- 28.920219 s
currentSize : 61 <-- 28.944017 s
currentSize : 62 <-- 29.894440 s
currentSize : 63 <-- 29.921291 s
currentSize : 64 <-- 67.393723 s

maxsize : 64
nodes : 54826793.000000
filtered : 201422713.000000
time : 285.901764
