Parameters: GAD=1 vflib=1 dir=0 label=1 lowerbound=1 fileNameGp=../../cp2016-max-common-connected-subgraph-paper/datasets/graphsdb/mcs70/m2D/m2Dr4/mcs70_m2Dr4_s90.A03 fileNameGt=../../cp2016-max-common-connected-subgraph-paper/datasets/graphsdb/mcs70/m2D/m2Dr4/mcs70_m2Dr4_s90.B03
Reading graphs...
90 :  195
90 :  192
Initializing...
maxdom : 11
D->valSize : 577
Solving...
Blb : 2 (clique : 53)
currentSize : 53 <-- 0.006989 s
currentSize : 54 <-- 0.053500 s
currentSize : 55 <-- 0.053580 s
currentSize : 56 <-- 0.371977 s
currentSize : 57 <-- 0.415933 s
currentSize : 58 <-- 0.415960 s
currentSize : 59 <-- 1.524963 s
currentSize : 60 <-- 1.557278 s
currentSize : 61 <-- 1.557309 s
currentSize : 62 <-- 190.747742 s
currentSize : 63 <-- 190.764679 s
currentSize : 64 <-- 190.764709 s

maxsize : 64
nodes : 70178882.000000
filtered : 386111175.000000
time : 365.588562
