Parameters: GAD=1 vflib=1 dir=0 label=1 lowerbound=1 fileNameGp=../../cp2016-max-common-connected-subgraph-paper/datasets/graphsdb/mcs70/m2D/m2Dr2/mcs70_m2Dr2_s35.A00 fileNameGt=../../cp2016-max-common-connected-subgraph-paper/datasets/graphsdb/mcs70/m2D/m2Dr2/mcs70_m2Dr2_s35.B00
Reading graphs...
35 :  64
35 :  61
Initializing...
maxdom : 7
D->valSize : 163
Solving...
Blb : 3 (clique : 14)
currentSize : 14 <-- 0.000883 s
currentSize : 15 <-- 0.001236 s
currentSize : 16 <-- 0.001410 s
currentSize : 18 <-- 0.002485 s
currentSize : 19 <-- 0.004384 s
currentSize : 20 <-- 0.004555 s
currentSize : 21 <-- 0.009191 s
currentSize : 24 <-- 0.010398 s
currentSize : 25 <-- 0.010453 s

maxsize : 25
nodes : 4644.000000
filtered : 25564.000000
time : 0.016319
