Parameters: GAD=1 vflib=1 dir=0 label=1 lowerbound=1 fileNameGp=../../cp2016-max-common-connected-subgraph-paper/datasets/graphsdb/mcs70/m2D/m2Dr2/mcs70_m2Dr2_s100.A06 fileNameGt=../../cp2016-max-common-connected-subgraph-paper/datasets/graphsdb/mcs70/m2D/m2Dr2/mcs70_m2Dr2_s100.B06
Reading graphs...
100 :  200
100 :  198
Initializing...
maxdom : 7
D->valSize : 365
Solving...
Blb : 2 (clique : 43)
currentSize : 43 <-- 0.003783 s
currentSize : 45 <-- 0.004126 s
currentSize : 46 <-- 0.004245 s
currentSize : 47 <-- 0.004350 s
currentSize : 48 <-- 0.004448 s
currentSize : 49 <-- 0.004693 s
currentSize : 50 <-- 0.019478 s
currentSize : 51 <-- 0.019647 s
currentSize : 52 <-- 0.190281 s
currentSize : 53 <-- 0.283051 s
currentSize : 54 <-- 0.283355 s
currentSize : 55 <-- 0.288145 s
currentSize : 56 <-- 0.356072 s
currentSize : 57 <-- 0.358318 s
currentSize : 58 <-- 0.372296 s
currentSize : 59 <-- 1.056726 s
currentSize : 61 <-- 1.087471 s
currentSize : 62 <-- 1.091584 s
currentSize : 63 <-- 1.141222 s
currentSize : 64 <-- 1.145002 s

maxsize : 64
nodes : 109001814.000000
filtered : 471207051.000000
time : 629.796875
