Parameters: GAD=1 vflib=1 dir=0 label=1 lowerbound=1 fileNameGp=../../cp2016-max-common-connected-subgraph-paper/datasets/graphsdb/mcs70/bvg/b06/mcs70_b06_s80.A01 fileNameGt=../../cp2016-max-common-connected-subgraph-paper/datasets/graphsdb/mcs70/bvg/b06/mcs70_b06_s80.B01
Reading graphs...
80 :  240
80 :  240
Initializing...
maxdom : 9
D->valSize : 475
Solving...
Blb : 2 (clique : 26)
currentSize : 26 <-- 0.004758 s
currentSize : 27 <-- 0.008743 s
currentSize : 28 <-- 0.008937 s
currentSize : 31 <-- 0.027904 s
currentSize : 34 <-- 0.073533 s
currentSize : 35 <-- 0.837738 s
currentSize : 36 <-- 2.116968 s
currentSize : 37 <-- 2.117311 s
currentSize : 38 <-- 2.119708 s
currentSize : 39 <-- 2.203215 s
currentSize : 40 <-- 2.221924 s
currentSize : 41 <-- 8.490860 s
currentSize : 43 <-- 8.491027 s
currentSize : 45 <-- 9.132122 s
currentSize : 46 <-- 9.132351 s
currentSize : 47 <-- 36.752495 s
currentSize : 49 <-- 36.769070 s
currentSize : 53 <-- 36.769444 s
currentSize : 54 <-- 36.774971 s
currentSize : 56 <-- 36.779510 s

maxsize : 56
nodes : 10260922.000000
filtered : 57181417.000000
time : 49.070827
