Parameters: GAD=1 vflib=1 dir=0 label=1 lowerbound=1 fileNameGp=../../cp2016-max-common-connected-subgraph-paper/datasets/graphsdb/mcs70/m2D/m2Dr2/mcs70_m2Dr2_s90.A06 fileNameGt=../../cp2016-max-common-connected-subgraph-paper/datasets/graphsdb/mcs70/m2D/m2Dr2/mcs70_m2Dr2_s90.B06
Reading graphs...
90 :  178
90 :  177
Initializing...
maxdom : 10
D->valSize : 549
Solving...
Blb : 2 (clique : 53)
currentSize : 53 <-- 0.010985 s
currentSize : 54 <-- 0.012146 s
currentSize : 55 <-- 0.012741 s
currentSize : 56 <-- 0.013369 s
currentSize : 57 <-- 14.309755 s
currentSize : 58 <-- 14.309940 s
currentSize : 59 <-- 77.542351 s
currentSize : 60 <-- 77.545677 s
currentSize : 64 <-- 496.527802 s
currentSize : 66 <-- 496.780914 s

maxsize : 66
nodes : 93741164.000000
filtered : 584324596.000000
time : 531.271973
