Parameters: GAD=1 vflib=1 dir=0 label=1 lowerbound=1 fileNameGp=../../cp2016-max-common-connected-subgraph-paper/datasets/graphsdb/mcs70/m3D/m3Dr2/mcs70_m3Dr2_s100.A05 fileNameGt=../../cp2016-max-common-connected-subgraph-paper/datasets/graphsdb/mcs70/m3D/m3Dr2/mcs70_m3Dr2_s100.B05
Reading graphs...
100 :  253
100 :  254
Initializing...
maxdom : 9
D->valSize : 364
Solving...
Blb : 3 (clique : 40)
currentSize : 40 <-- 0.006293 s
currentSize : 41 <-- 1.979774 s
currentSize : 42 <-- 15.996995 s
currentSize : 43 <-- 16.029070 s
currentSize : 46 <-- 16.733656 s
currentSize : 48 <-- 16.766684 s
currentSize : 50 <-- 53.926785 s
currentSize : 51 <-- 106.296532 s
currentSize : 53 <-- 106.312874 s
currentSize : 55 <-- 130.021591 s
currentSize : 56 <-- 195.964081 s
currentSize : 57 <-- 264.593353 s
currentSize : 58 <-- 266.751343 s
currentSize : 62 <-- 268.427002 s
currentSize : 64 <-- 403.158875 s

maxsize : 64
nodes : 117519156.000000
filtered : 444135906.000000
time : 603.309021
