Parameters: GAD=1 vflib=1 dir=0 label=1 lowerbound=1 fileNameGp=../../cp2016-max-common-connected-subgraph-paper/datasets/graphsdb/mcs70/rand/r02/mcs70_r02_s100.A08 fileNameGt=../../cp2016-max-common-connected-subgraph-paper/datasets/graphsdb/mcs70/rand/r02/mcs70_r02_s100.B08
Reading graphs...
100 :  1790
100 :  1781
Initializing...
maxdom : 10
D->valSize : 454
Solving...
Blb : 2 (clique : 21)
currentSize : 21 <-- 0.004935 s
currentSize : 30 <-- 0.005144 s
currentSize : 46 <-- 0.005480 s
currentSize : 47 <-- 0.006253 s
currentSize : 48 <-- 0.009378 s
currentSize : 49 <-- 0.039233 s
currentSize : 50 <-- 2.035638 s

maxsize : 50
nodes : 8082813.000000
filtered : 5792661.000000
time : 34.708817
