Parameters: GAD=1 vflib=1 dir=0 label=1 lowerbound=1 fileNameGp=../../cp2016-max-common-connected-subgraph-paper/datasets/graphsdb/mcs70/bvg/b06/mcs70_b06_s90.A05 fileNameGt=../../cp2016-max-common-connected-subgraph-paper/datasets/graphsdb/mcs70/bvg/b06/mcs70_b06_s90.B05
Reading graphs...
90 :  270
90 :  270
Initializing...
maxdom : 10
D->valSize : 579
Solving...
Blb : 2 (clique : 36)
currentSize : 36 <-- 0.007100 s
currentSize : 37 <-- 0.010658 s
currentSize : 45 <-- 0.013986 s
currentSize : 46 <-- 0.014062 s
currentSize : 48 <-- 0.016638 s
currentSize : 49 <-- 0.016723 s
currentSize : 55 <-- 0.060828 s
currentSize : 56 <-- 0.060854 s
currentSize : 62 <-- 0.323705 s
currentSize : 63 <-- 0.323817 s

maxsize : 63
nodes : 2404482.000000
filtered : 20717891.000000
time : 14.308748
