Parameters: GAD=1 vflib=1 dir=0 label=1 lowerbound=1 fileNameGp=../../cp2016-max-common-connected-subgraph-paper/datasets/graphsdb/mcs70/bvg/b06/mcs70_b06_s70.A02 fileNameGt=../../cp2016-max-common-connected-subgraph-paper/datasets/graphsdb/mcs70/bvg/b06/mcs70_b06_s70.B02
Reading graphs...
70 :  209
70 :  209
Initializing...
maxdom : 7
D->valSize : 336
Solving...
Blb : 3 (clique : 25)
currentSize : 25 <-- 0.002913 s
currentSize : 26 <-- 0.003602 s
currentSize : 27 <-- 0.003736 s
currentSize : 30 <-- 0.042703 s
currentSize : 34 <-- 0.274985 s
currentSize : 36 <-- 1.777570 s
currentSize : 38 <-- 1.777979 s
currentSize : 40 <-- 2.525404 s
currentSize : 41 <-- 2.525480 s
currentSize : 45 <-- 2.563177 s
currentSize : 49 <-- 3.496899 s

maxsize : 49
nodes : 930189.000000
filtered : 5102062.000000
time : 3.966006
