Parameters: GAD=1 vflib=1 dir=0 label=1 lowerbound=1 fileNameGp=../../cp2016-max-common-connected-subgraph-paper/datasets/graphsdb/mcs70/m2D/m2Dr4/mcs70_m2Dr4_s100.A03 fileNameGt=../../cp2016-max-common-connected-subgraph-paper/datasets/graphsdb/mcs70/m2D/m2Dr4/mcs70_m2Dr4_s100.B03
Reading graphs...
100 :  219
100 :  218
Initializing...
maxdom : 8
D->valSize : 406
Solving...
Blb : 3 (clique : 58)
currentSize : 58 <-- 0.004408 s
currentSize : 59 <-- 4.701122 s
currentSize : 60 <-- 4.701633 s
currentSize : 62 <-- 59.617420 s
currentSize : 63 <-- 136.797470 s

maxsize : 63
nodes : 29975795.000000
filtered : 152966559.000000
time : 173.147415
