Parameters: GAD=1 vflib=1 dir=0 label=1 lowerbound=1 fileNameGp=../../cp2016-max-common-connected-subgraph-paper/datasets/graphsdb/mcs70/bvg/b06/mcs70_b06_s90.A01 fileNameGt=../../cp2016-max-common-connected-subgraph-paper/datasets/graphsdb/mcs70/bvg/b06/mcs70_b06_s90.B01
Reading graphs...
90 :  269
90 :  270
Initializing...
maxdom : 11
D->valSize : 554
Solving...
Blb : 2 (clique : 44)
currentSize : 44 <-- 0.006279 s
currentSize : 46 <-- 0.006591 s
currentSize : 47 <-- 0.006715 s
currentSize : 50 <-- 0.007134 s
currentSize : 51 <-- 0.007281 s
currentSize : 52 <-- 0.041773 s
currentSize : 53 <-- 0.082403 s
currentSize : 54 <-- 0.082557 s
currentSize : 55 <-- 0.083513 s
currentSize : 57 <-- 43.007023 s
currentSize : 60 <-- 43.064320 s
currentSize : 61 <-- 43.064495 s
currentSize : 62 <-- 43.064686 s
currentSize : 63 <-- 43.064880 s

maxsize : 63
nodes : 33185539.000000
filtered : 284635839.000000
time : 191.787033
