Parameters: GAD=1 vflib=1 dir=0 label=1 lowerbound=1 fileNameGp=../../cp2016-max-common-connected-subgraph-paper/datasets/graphsdb/mcs70/m2D/m2Dr6/mcs70_m2Dr6_s60.A04 fileNameGt=../../cp2016-max-common-connected-subgraph-paper/datasets/graphsdb/mcs70/m2D/m2Dr6/mcs70_m2Dr6_s60.B04
Reading graphs...
60 :  138
60 :  136
Initializing...
maxdom : 7
D->valSize : 271
Solving...
Blb : 2 (clique : 25)
currentSize : 25 <-- 0.001921 s
currentSize : 26 <-- 0.002179 s
currentSize : 30 <-- 0.002297 s
currentSize : 32 <-- 0.002513 s
currentSize : 33 <-- 1.672580 s
currentSize : 34 <-- 1.674952 s
currentSize : 35 <-- 3.115782 s
currentSize : 36 <-- 3.115870 s

maxsize : 36
nodes : 1008740.000000
filtered : 5439440.000000
time : 4.001086
