Parameters: GAD=1 vflib=1 dir=0 label=1 lowerbound=1 fileNameGp=../../cp2016-max-common-connected-subgraph-paper/datasets/graphsdb/mcs70/m2D/m2Dr2/mcs70_m2Dr2_s90.A08 fileNameGt=../../cp2016-max-common-connected-subgraph-paper/datasets/graphsdb/mcs70/m2D/m2Dr2/mcs70_m2Dr2_s90.B08
Reading graphs...
90 :  179
90 :  179
Initializing...
maxdom : 11
D->valSize : 591
Solving...
Blb : 3 (clique : 42)
currentSize : 42 <-- 0.012333 s
currentSize : 43 <-- 0.012905 s
currentSize : 44 <-- 0.014314 s
currentSize : 45 <-- 0.014399 s
currentSize : 47 <-- 0.018338 s
currentSize : 48 <-- 0.018419 s
currentSize : 50 <-- 82.848785 s
currentSize : 51 <-- 84.058838 s
currentSize : 54 <-- 243.361801 s
currentSize : 55 <-- 243.362579 s
currentSize : 56 <-- 400.695618 s
currentSize : 57 <-- 535.449768 s
currentSize : 58 <-- 535.465149 s
currentSize : 59 <-- 651.027893 s
currentSize : 60 <-- 651.030151 s
currentSize : 61 <-- 651.306458 s

TIMEOUT
maxsize : 61
nodes : 192173275.000000
filtered : 1093360250.000000
time : 1000.000122
