Parameters: GAD=1 vflib=1 dir=0 label=1 lowerbound=1 fileNameGp=../../cp2016-max-common-connected-subgraph-paper/datasets/graphsdb/mcs70/bvg/b03/mcs70_b03_s90.A05 fileNameGt=../../cp2016-max-common-connected-subgraph-paper/datasets/graphsdb/mcs70/bvg/b03/mcs70_b03_s90.B05
Reading graphs...
90 :  135
90 :  134
Initializing...
maxdom : 10
D->valSize : 595
Solving...
Blb : 2 (clique : 53)
currentSize : 53 <-- 0.007495 s
currentSize : 54 <-- 0.008026 s
currentSize : 55 <-- 0.013517 s
currentSize : 56 <-- 0.013717 s
currentSize : 57 <-- 0.014073 s
currentSize : 58 <-- 0.014505 s
currentSize : 61 <-- 0.223298 s
currentSize : 62 <-- 1.073821 s
currentSize : 63 <-- 3.619246 s

maxsize : 63
nodes : 113086655.000000
filtered : 918441400.000000
time : 734.442749
