Parameters: GAD=1 vflib=1 dir=0 label=1 lowerbound=1 fileNameGp=../../cp2016-max-common-connected-subgraph-paper/datasets/graphsdb/mcs70/m2D/m2Dr2/mcs70_m2Dr2_s90.A01 fileNameGt=../../cp2016-max-common-connected-subgraph-paper/datasets/graphsdb/mcs70/m2D/m2Dr2/mcs70_m2Dr2_s90.B01
Reading graphs...
90 :  178
90 :  178
Initializing...
maxdom : 12
D->valSize : 596
Solving...
Blb : 2 (clique : 38)
currentSize : 38 <-- 0.012389 s
currentSize : 55 <-- 0.012975 s
currentSize : 56 <-- 0.013429 s
currentSize : 57 <-- 0.263012 s
currentSize : 58 <-- 0.263194 s
currentSize : 59 <-- 0.263371 s
currentSize : 62 <-- 0.264267 s
currentSize : 63 <-- 193.919617 s
currentSize : 64 <-- 591.415894 s

maxsize : 64
nodes : 179630876.000000
filtered : 1031111040.000000
time : 962.592041
