Parameters: GAD=1 vflib=1 dir=0 label=1 lowerbound=1 fileNameGp=../../cp2016-max-common-connected-subgraph-paper/datasets/graphsdb/mcs70/rand/r02/mcs70_r02_s90.A07 fileNameGt=../../cp2016-max-common-connected-subgraph-paper/datasets/graphsdb/mcs70/rand/r02/mcs70_r02_s90.B07
Reading graphs...
90 :  1429
90 :  1424
Initializing...
maxdom : 12
D->valSize : 600
Solving...
Blb : 2 (clique : 40)
currentSize : 40 <-- 0.006767 s
currentSize : 41 <-- 0.009491 s
currentSize : 42 <-- 32.167458 s
currentSize : 43 <-- 32.174580 s
currentSize : 44 <-- 44.306210 s

maxsize : 44
nodes : 24930821.000000
filtered : 13008020.000000
time : 93.997696
