Parameters: GAD=1 vflib=1 dir=0 label=1 lowerbound=1 fileNameGp=../../cp2016-max-common-connected-subgraph-paper/datasets/graphsdb/mcs70/m2D/m2D/mcs70_m2D_s80.A09 fileNameGt=../../cp2016-max-common-connected-subgraph-paper/datasets/graphsdb/mcs70/m2D/m2D/mcs70_m2D_s80.B09
Reading graphs...
80 :  142
80 :  142
Initializing...
maxdom : 9
D->valSize : 438
Solving...
Blb : 2 (clique : 29)
currentSize : 29 <-- 0.004257 s
currentSize : 30 <-- 0.004458 s
currentSize : 31 <-- 0.004496 s
currentSize : 32 <-- 0.004695 s
currentSize : 33 <-- 0.063873 s
currentSize : 34 <-- 0.553408 s
currentSize : 35 <-- 1.823671 s
currentSize : 36 <-- 7.680743 s
currentSize : 37 <-- 13.730058 s
currentSize : 38 <-- 31.945560 s
currentSize : 39 <-- 32.007622 s
currentSize : 40 <-- 55.517342 s
currentSize : 41 <-- 90.970917 s
currentSize : 43 <-- 147.481613 s
currentSize : 44 <-- 233.501053 s
currentSize : 45 <-- 448.591095 s
currentSize : 46 <-- 472.269379 s
currentSize : 47 <-- 483.027924 s
currentSize : 48 <-- 572.288696 s
currentSize : 49 <-- 572.288757 s
currentSize : 50 <-- 606.777710 s

maxsize : 50
nodes : 143951462.000000
filtered : 1203883608.000000
time : 804.770386
