Parameters: GAD=1 vflib=1 dir=0 label=1 lowerbound=1 fileNameGp=../../cp2016-max-common-connected-subgraph-paper/datasets/graphsdb/mcs70/bvg/b03m/mcs70_b03m_s50.A05 fileNameGt=../../cp2016-max-common-connected-subgraph-paper/datasets/graphsdb/mcs70/bvg/b03m/mcs70_b03m_s50.B05
Reading graphs...
50 :  74
50 :  74
Initializing...
maxdom : 10
D->valSize : 374
Solving...
Blb : 2 (clique : 22)
currentSize : 22 <-- 0.002937 s
currentSize : 26 <-- 0.003083 s
currentSize : 27 <-- 0.003160 s
currentSize : 28 <-- 0.010284 s
currentSize : 29 <-- 0.040061 s
currentSize : 30 <-- 0.285073 s
currentSize : 31 <-- 0.353108 s
currentSize : 32 <-- 0.591035 s
currentSize : 33 <-- 0.937961 s
currentSize : 34 <-- 0.962411 s
currentSize : 35 <-- 1.236986 s

maxsize : 35
nodes : 494518.000000
filtered : 4859075.000000
time : 2.184613
