Parameters: GAD=1 vflib=1 dir=0 label=1 lowerbound=1 fileNameGp=../../cp2016-max-common-connected-subgraph-paper/datasets/graphsdb/mcs70/m3D/m3Dr4/mcs70_m3Dr4_s90.A06 fileNameGt=../../cp2016-max-common-connected-subgraph-paper/datasets/graphsdb/mcs70/m3D/m3Dr4/mcs70_m3Dr4_s90.B06
Reading graphs...
90 :  245
90 :  241
Initializing...
maxdom : 8
D->valSize : 559
Solving...
Blb : 2 (clique : 39)
currentSize : 39 <-- 0.006484 s
currentSize : 40 <-- 0.007570 s
currentSize : 41 <-- 0.007634 s
currentSize : 42 <-- 0.010956 s
currentSize : 43 <-- 0.368540 s
currentSize : 44 <-- 0.369847 s
currentSize : 45 <-- 0.373160 s
currentSize : 47 <-- 0.393028 s
currentSize : 48 <-- 1.795607 s
currentSize : 49 <-- 1.795755 s
currentSize : 51 <-- 1.796889 s
currentSize : 53 <-- 1.802082 s
currentSize : 55 <-- 1.835334 s
currentSize : 57 <-- 145.265717 s
currentSize : 58 <-- 145.265945 s
currentSize : 59 <-- 145.266098 s
currentSize : 60 <-- 145.329330 s
currentSize : 62 <-- 145.329559 s
currentSize : 64 <-- 145.335693 s

maxsize : 64
nodes : 82930646.000000
filtered : 472236347.000000
time : 437.939087
