Parameters: GAD=1 vflib=1 dir=0 label=1 lowerbound=1 fileNameGp=../../cp2016-max-common-connected-subgraph-paper/datasets/graphsdb/mcs70/m2D/m2Dr6/mcs70_m2Dr6_s100.A03 fileNameGt=../../cp2016-max-common-connected-subgraph-paper/datasets/graphsdb/mcs70/m2D/m2Dr6/mcs70_m2Dr6_s100.B03
Reading graphs...
100 :  236
100 :  236
Initializing...
maxdom : 8
D->valSize : 389
Solving...
Blb : 2 (clique : 38)
currentSize : 38 <-- 0.004134 s
currentSize : 39 <-- 0.004433 s
currentSize : 40 <-- 0.004532 s
currentSize : 41 <-- 0.004587 s
currentSize : 43 <-- 0.005624 s
currentSize : 44 <-- 0.005843 s
currentSize : 45 <-- 0.012154 s
currentSize : 46 <-- 0.012670 s
currentSize : 47 <-- 0.013291 s
currentSize : 48 <-- 0.035649 s
currentSize : 49 <-- 29.176464 s
currentSize : 50 <-- 70.230881 s
currentSize : 51 <-- 70.232109 s
currentSize : 52 <-- 70.286560 s
currentSize : 53 <-- 266.454468 s
currentSize : 54 <-- 266.463379 s
currentSize : 55 <-- 343.805176 s
currentSize : 56 <-- 343.806763 s

TIMEOUT
maxsize : 56
nodes : 197213343.000000
filtered : 605030471.000000
time : 1000.000122
