Parameters: GAD=1 vflib=1 dir=0 label=1 lowerbound=1 fileNameGp=../../cp2016-max-common-connected-subgraph-paper/datasets/graphsdb/mcs70/bvg/b09m/mcs70_b09m_s80.A00 fileNameGt=../../cp2016-max-common-connected-subgraph-paper/datasets/graphsdb/mcs70/bvg/b09m/mcs70_b09m_s80.B00
Reading graphs...
80 :  357
80 :  358
Initializing...
maxdom : 8
D->valSize : 443
Solving...
Blb : 3 (clique : 36)
currentSize : 36 <-- 0.004262 s
currentSize : 37 <-- 0.120807 s
currentSize : 39 <-- 0.120962 s
currentSize : 44 <-- 0.180400 s
currentSize : 46 <-- 0.180615 s
currentSize : 49 <-- 7.421559 s
currentSize : 50 <-- 7.923508 s
currentSize : 51 <-- 8.018661 s
currentSize : 54 <-- 8.112405 s
currentSize : 55 <-- 8.408588 s

maxsize : 55
nodes : 2160031.000000
filtered : 14630754.000000
time : 10.979684
