Parameters: GAD=1 vflib=1 dir=0 label=1 lowerbound=1 fileNameGp=../../cp2016-max-common-connected-subgraph-paper/datasets/graphsdb/mcs70/m2D/m2Dr4/mcs70_m2Dr4_s100.A07 fileNameGt=../../cp2016-max-common-connected-subgraph-paper/datasets/graphsdb/mcs70/m2D/m2Dr4/mcs70_m2Dr4_s100.B07
Reading graphs...
100 :  219
100 :  215
Initializing...
maxdom : 6
D->valSize : 399
Solving...
Blb : 2 (clique : 55)
currentSize : 55 <-- 0.004243 s
currentSize : 56 <-- 0.004984 s
currentSize : 57 <-- 0.030933 s
currentSize : 58 <-- 0.031189 s
currentSize : 59 <-- 7.569372 s
currentSize : 61 <-- 7.993273 s
currentSize : 62 <-- 10.002583 s
currentSize : 63 <-- 10.002941 s

TIMEOUT
maxsize : 63
nodes : 210121850.000000
filtered : 652416201.000000
time : 1000.000122
