Parameters: GAD=1 vflib=1 dir=0 label=1 lowerbound=1 fileNameGp=../../cp2016-max-common-connected-subgraph-paper/datasets/graphsdb/mcs70/bvg/b06m/mcs70_b06m_s90.A06 fileNameGt=../../cp2016-max-common-connected-subgraph-paper/datasets/graphsdb/mcs70/bvg/b06m/mcs70_b06m_s90.B06
Reading graphs...
90 :  267
90 :  267
Initializing...
maxdom : 8
D->valSize : 548
Solving...
Blb : 2 (clique : 43)
currentSize : 43 <-- 0.006434 s
currentSize : 44 <-- 0.006766 s
currentSize : 45 <-- 0.006831 s
currentSize : 46 <-- 0.006976 s
currentSize : 49 <-- 0.302185 s
currentSize : 50 <-- 0.302282 s
currentSize : 51 <-- 2.547662 s
currentSize : 54 <-- 2.917258 s
currentSize : 55 <-- 2.917359 s
currentSize : 56 <-- 886.282471 s
currentSize : 58 <-- 886.282715 s

TIMEOUT
maxsize : 58
nodes : 213965313.000000
filtered : 870952968.000000
time : 1000.000122
