Parameters: GAD=1 vflib=1 dir=0 label=1 lowerbound=1 fileNameGp=../../cp2016-max-common-connected-subgraph-paper/datasets/graphsdb/mcs70/m3D/m3Dr2/mcs70_m3Dr2_s90.A05 fileNameGt=../../cp2016-max-common-connected-subgraph-paper/datasets/graphsdb/mcs70/m3D/m3Dr2/mcs70_m3Dr2_s90.B05
Reading graphs...
90 :  225
90 :  226
Initializing...
maxdom : 10
D->valSize : 567
Solving...
Blb : 2 (clique : 47)
currentSize : 47 <-- 0.010795 s
currentSize : 48 <-- 0.011376 s
currentSize : 50 <-- 0.011970 s
currentSize : 51 <-- 0.012148 s
currentSize : 54 <-- 0.212349 s
currentSize : 56 <-- 0.252664 s
currentSize : 58 <-- 12.751259 s
currentSize : 59 <-- 34.107010 s
currentSize : 61 <-- 66.393761 s
currentSize : 62 <-- 114.940659 s
currentSize : 63 <-- 264.149139 s
currentSize : 64 <-- 398.723297 s

maxsize : 64
nodes : 131929687.000000
filtered : 646788598.000000
time : 676.656616
