Parameters: GAD=1 vflib=1 dir=0 label=1 lowerbound=1 fileNameGp=../../cp2016-max-common-connected-subgraph-paper/datasets/graphsdb/mcs70/bvg/b03m/mcs70_b03m_s60.A02 fileNameGt=../../cp2016-max-common-connected-subgraph-paper/datasets/graphsdb/mcs70/bvg/b03m/mcs70_b03m_s60.B02
Reading graphs...
60 :  90
60 :  90
Initializing...
maxdom : 7
D->valSize : 256
Solving...
Blb : 2 (clique : 30)
currentSize : 30 <-- 0.001896 s
currentSize : 31 <-- 0.002136 s
currentSize : 32 <-- 0.003448 s
currentSize : 33 <-- 0.013623 s
currentSize : 34 <-- 0.014401 s
currentSize : 35 <-- 0.658167 s
currentSize : 36 <-- 0.665205 s
currentSize : 37 <-- 1.065988 s
currentSize : 38 <-- 1.066871 s
currentSize : 39 <-- 1.153249 s
currentSize : 40 <-- 1.153300 s
currentSize : 41 <-- 3.199506 s
currentSize : 42 <-- 5.219607 s
currentSize : 43 <-- 5.219665 s

maxsize : 43
nodes : 1705716.000000
filtered : 5352579.000000
time : 5.655090
