Parameters: GAD=1 vflib=1 dir=0 label=1 lowerbound=1 fileNameGp=../../cp2016-max-common-connected-subgraph-paper/datasets/graphsdb/mcs70/bvg/b09m/mcs70_b09m_s50.A05 fileNameGt=../../cp2016-max-common-connected-subgraph-paper/datasets/graphsdb/mcs70/bvg/b09m/mcs70_b09m_s50.B05
Reading graphs...
50 :  220
50 :  220
Initializing...
maxdom : 10
D->valSize : 356
Solving...
Blb : 3 (clique : 21)
currentSize : 21 <-- 0.004073 s
currentSize : 25 <-- 0.011001 s
currentSize : 27 <-- 0.011138 s
currentSize : 28 <-- 0.011291 s
currentSize : 29 <-- 0.021362 s
currentSize : 31 <-- 0.044697 s
currentSize : 32 <-- 0.044781 s
currentSize : 33 <-- 0.045340 s

maxsize : 33
nodes : 30793.000000
filtered : 254448.000000
time : 0.130167
