Parameters: GAD=1 vflib=1 dir=0 label=1 lowerbound=1 fileNameGp=../../cp2016-max-common-connected-subgraph-paper/datasets/graphsdb/mcs70/m2D/m2Dr4/mcs70_m2Dr4_s80.A04 fileNameGt=../../cp2016-max-common-connected-subgraph-paper/datasets/graphsdb/mcs70/m2D/m2Dr4/mcs70_m2Dr4_s80.B04
Reading graphs...
80 :  174
80 :  173
Initializing...
maxdom : 10
D->valSize : 465
Solving...
Blb : 2 (clique : 34)
currentSize : 34 <-- 0.004804 s
currentSize : 35 <-- 17.165901 s
currentSize : 36 <-- 42.350231 s
currentSize : 37 <-- 45.155979 s
currentSize : 38 <-- 61.666428 s
currentSize : 39 <-- 62.326355 s
currentSize : 40 <-- 346.121643 s
currentSize : 41 <-- 346.168030 s
currentSize : 42 <-- 349.905823 s
currentSize : 43 <-- 541.604187 s
currentSize : 44 <-- 602.213257 s
currentSize : 45 <-- 602.255554 s
currentSize : 46 <-- 706.289368 s
currentSize : 47 <-- 706.289856 s
currentSize : 48 <-- 706.411682 s
currentSize : 49 <-- 706.411987 s

TIMEOUT
maxsize : 49
nodes : 191328413.000000
filtered : 1532905465.000000
time : 1000.000061
