Parameters: GAD=1 vflib=1 dir=0 label=1 lowerbound=1 fileNameGp=../../cp2016-max-common-connected-subgraph-paper/datasets/graphsdb/mcs70/m2D/m2Dr2/mcs70_m2Dr2_s80.A03 fileNameGt=../../cp2016-max-common-connected-subgraph-paper/datasets/graphsdb/mcs70/m2D/m2Dr2/mcs70_m2Dr2_s80.B03
Reading graphs...
80 :  157
80 :  157
Initializing...
maxdom : 9
D->valSize : 439
Solving...
Blb : 2 (clique : 32)
currentSize : 32 <-- 0.004255 s
currentSize : 33 <-- 2.739881 s
currentSize : 34 <-- 10.916964 s
currentSize : 35 <-- 10.919054 s
currentSize : 36 <-- 38.465679 s
currentSize : 37 <-- 79.925491 s
currentSize : 38 <-- 457.354126 s
currentSize : 39 <-- 757.597839 s
currentSize : 40 <-- 757.599060 s
currentSize : 41 <-- 958.236755 s

TIMEOUT
maxsize : 41
nodes : 200902566.000000
filtered : 1629951449.000000
time : 1000.000061
