Parameters: GAD=1 vflib=1 dir=0 label=1 lowerbound=1 fileNameGp=../../cp2016-max-common-connected-subgraph-paper/datasets/graphsdb/mcs70/m2D/m2Dr4/mcs70_m2Dr4_s100.A05 fileNameGt=../../cp2016-max-common-connected-subgraph-paper/datasets/graphsdb/mcs70/m2D/m2Dr4/mcs70_m2Dr4_s100.B05
Reading graphs...
100 :  217
100 :  217
Initializing...
maxdom : 6
D->valSize : 348
Solving...
Blb : 2 (clique : 47)
currentSize : 47 <-- 0.003522 s
currentSize : 50 <-- 0.003867 s
currentSize : 52 <-- 0.004158 s
currentSize : 53 <-- 0.004249 s
currentSize : 54 <-- 833.320374 s
currentSize : 56 <-- 833.320923 s
currentSize : 57 <-- 833.321045 s

TIMEOUT
maxsize : 57
nodes : 204631407.000000
filtered : 687296879.000000
time : 1000.000122
