Parameters: GAD=1 vflib=1 dir=0 label=1 lowerbound=1 fileNameGp=../../cp2016-max-common-connected-subgraph-paper/datasets/graphsdb/mcs70/bvg/b03/mcs70_b03_s70.A09 fileNameGt=../../cp2016-max-common-connected-subgraph-paper/datasets/graphsdb/mcs70/bvg/b03/mcs70_b03_s70.B09
Reading graphs...
70 :  105
70 :  105
Initializing...
maxdom : 8
D->valSize : 340
Solving...
Blb : 2 (clique : 36)
currentSize : 36 <-- 0.003073 s
currentSize : 37 <-- 14.176284 s
currentSize : 38 <-- 50.272221 s
currentSize : 39 <-- 50.272301 s
currentSize : 42 <-- 50.398655 s
currentSize : 44 <-- 72.798355 s
currentSize : 45 <-- 79.348434 s
currentSize : 46 <-- 110.648590 s
currentSize : 47 <-- 110.648979 s
currentSize : 48 <-- 111.681305 s

maxsize : 48
nodes : 24749677.000000
filtered : 158599298.000000
time : 113.175262
