Parameters: GAD=1 vflib=1 dir=0 label=1 lowerbound=1 fileNameGp=../../cp2016-max-common-connected-subgraph-paper/datasets/graphsdb/mcs70/bvg/b03m/mcs70_b03m_s90.A09 fileNameGt=../../cp2016-max-common-connected-subgraph-paper/datasets/graphsdb/mcs70/bvg/b03m/mcs70_b03m_s90.B09
Reading graphs...
90 :  134
90 :  135
Initializing...
maxdom : 9
D->valSize : 556
Solving...
Blb : 2 (clique : 50)
currentSize : 50 <-- 0.011508 s
currentSize : 51 <-- 0.012105 s
currentSize : 52 <-- 0.012523 s
currentSize : 53 <-- 0.012649 s
currentSize : 54 <-- 0.013774 s
currentSize : 55 <-- 0.038175 s
currentSize : 56 <-- 0.038237 s
currentSize : 57 <-- 0.064445 s
currentSize : 58 <-- 0.224808 s

TIMEOUT
maxsize : 58
nodes : 195270665.000000
filtered : 794103808.000000
time : 1000.000061
