Parameters: GAD=1 vflib=1 dir=0 label=1 lowerbound=1 fileNameGp=../../cp2016-max-common-connected-subgraph-paper/datasets/graphsdb/mcs70/rand/r005/mcs70_r005_s90.A07 fileNameGt=../../cp2016-max-common-connected-subgraph-paper/datasets/graphsdb/mcs70/rand/r005/mcs70_r005_s90.B07
Reading graphs...
90 :  386
90 :  386
Initializing...
maxdom : 8
D->valSize : 539
Solving...
Blb : 2 (clique : 32)
currentSize : 32 <-- 0.009919 s
currentSize : 33 <-- 0.010276 s
currentSize : 35 <-- 0.011458 s
currentSize : 39 <-- 0.020986 s
currentSize : 42 <-- 0.023261 s
currentSize : 45 <-- 0.068318 s
currentSize : 48 <-- 1.144470 s
currentSize : 52 <-- 1.166746 s
currentSize : 53 <-- 3.936682 s
currentSize : 60 <-- 15.468954 s

maxsize : 60
nodes : 2985612.000000
filtered : 34966839.000000
time : 18.886335
