Parameters: GAD=1 vflib=1 dir=0 label=1 lowerbound=1 fileNameGp=../../cp2016-max-common-connected-subgraph-paper/datasets/graphsdb/mcs70/bvg/b06m/mcs70_b06m_s100.A02 fileNameGt=../../cp2016-max-common-connected-subgraph-paper/datasets/graphsdb/mcs70/bvg/b06m/mcs70_b06m_s100.B02
Reading graphs...
100 :  298
100 :  298
Initializing...
maxdom : 6
D->valSize : 372
Solving...
Blb : 3 (clique : 49)
currentSize : 49 <-- 0.003938 s
currentSize : 51 <-- 0.613915 s
currentSize : 52 <-- 2.220185 s
currentSize : 53 <-- 2.578083 s
currentSize : 54 <-- 2.581901 s
currentSize : 55 <-- 2.650639 s
currentSize : 56 <-- 4.577173 s
currentSize : 57 <-- 4.577343 s
currentSize : 58 <-- 4.578618 s
currentSize : 59 <-- 4.585598 s
currentSize : 60 <-- 4.689254 s
currentSize : 62 <-- 4.722197 s
currentSize : 63 <-- 24.458649 s
currentSize : 65 <-- 24.458914 s
currentSize : 66 <-- 24.459623 s
currentSize : 67 <-- 26.212933 s
currentSize : 69 <-- 26.215040 s

maxsize : 69
nodes : 9547949.000000
filtered : 33014397.000000
time : 47.424667
