Parameters: GAD=1 vflib=1 dir=0 label=1 lowerbound=1 fileNameGp=../../cp2016-max-common-connected-subgraph-paper/datasets/graphsdb/mcs70/rand/r02/mcs70_r02_s90.A03 fileNameGt=../../cp2016-max-common-connected-subgraph-paper/datasets/graphsdb/mcs70/rand/r02/mcs70_r02_s90.B03
Reading graphs...
90 :  1431
90 :  1465
Initializing...
maxdom : 11
D->valSize : 561
Solving...
Blb : 5 (clique : 14)
currentSize : 14 <-- 0.006024 s
currentSize : 20 <-- 0.015419 s
currentSize : 27 <-- 0.024535 s
currentSize : 28 <-- 0.037082 s
currentSize : 30 <-- 0.044145 s
currentSize : 38 <-- 0.062681 s
currentSize : 39 <-- 0.063093 s
currentSize : 40 <-- 0.064888 s
currentSize : 41 <-- 0.121296 s
currentSize : 42 <-- 0.123490 s
currentSize : 43 <-- 0.242095 s
currentSize : 44 <-- 0.245691 s
currentSize : 45 <-- 0.483514 s

maxsize : 45
nodes : 6552255.000000
filtered : 4887602.000000
time : 24.453272
