Parameters: GAD=1 vflib=1 dir=0 label=1 lowerbound=1 fileNameGp=../../cp2016-max-common-connected-subgraph-paper/datasets/graphsdb/mcs70/m3D/m3Dr6/mcs70_m3Dr6_s100.A08 fileNameGt=../../cp2016-max-common-connected-subgraph-paper/datasets/graphsdb/mcs70/m3D/m3Dr6/mcs70_m3Dr6_s100.B08
Reading graphs...
100 :  292
100 :  291
Initializing...
maxdom : 8
D->valSize : 372
Solving...
Blb : 3 (clique : 46)
currentSize : 46 <-- 0.006065 s
currentSize : 47 <-- 0.008248 s
currentSize : 50 <-- 0.017353 s
currentSize : 51 <-- 0.121762 s
currentSize : 52 <-- 63.696335 s
currentSize : 53 <-- 63.698280 s
currentSize : 56 <-- 130.472198 s
currentSize : 58 <-- 130.472580 s
currentSize : 60 <-- 130.482574 s
currentSize : 61 <-- 130.508667 s
currentSize : 63 <-- 130.508926 s

maxsize : 63
nodes : 94290649.000000
filtered : 384064508.000000
time : 489.977356
