Parameters: GAD=1 vflib=1 dir=0 label=1 lowerbound=1 fileNameGp=../../cp2016-max-common-connected-subgraph-paper/datasets/graphsdb/mcs70/bvg/b03/mcs70_b03_s100.A09 fileNameGt=../../cp2016-max-common-connected-subgraph-paper/datasets/graphsdb/mcs70/bvg/b03/mcs70_b03_s100.B09
Reading graphs...
100 :  150
100 :  150
Initializing...
maxdom : 6
D->valSize : 368
Solving...
Blb : 2 (clique : 50)
currentSize : 50 <-- 0.004067 s
currentSize : 51 <-- 0.004664 s
currentSize : 52 <-- 0.004776 s
currentSize : 53 <-- 0.004811 s
currentSize : 54 <-- 0.006488 s
currentSize : 55 <-- 0.654708 s
currentSize : 56 <-- 0.655066 s
currentSize : 57 <-- 0.655101 s
currentSize : 58 <-- 0.914086 s
currentSize : 59 <-- 0.923730 s
currentSize : 60 <-- 0.923837 s
currentSize : 61 <-- 2.163959 s
currentSize : 62 <-- 3.378935 s
currentSize : 63 <-- 3.379054 s
currentSize : 64 <-- 16.046469 s
currentSize : 65 <-- 16.046618 s
currentSize : 66 <-- 105.865028 s
currentSize : 67 <-- 922.115234 s
currentSize : 68 <-- 923.222290 s
currentSize : 69 <-- 923.222351 s
currentSize : 70 <-- 923.222473 s

TIMEOUT
maxsize : 70
nodes : 228988898.000000
filtered : 435064375.000000
time : 1000.000122
