Parameters: GAD=1 vflib=1 dir=0 label=1 lowerbound=1 fileNameGp=../../cp2016-max-common-connected-subgraph-paper/datasets/graphsdb/mcs70/m2D/m2Dr6/mcs70_m2Dr6_s90.A06 fileNameGt=../../cp2016-max-common-connected-subgraph-paper/datasets/graphsdb/mcs70/m2D/m2Dr6/mcs70_m2Dr6_s90.B06
Reading graphs...
90 :  213
90 :  211
Initializing...
maxdom : 10
D->valSize : 572
Solving...
Blb : 3 (clique : 57)
currentSize : 57 <-- 0.006904 s
currentSize : 60 <-- 404.271637 s
currentSize : 61 <-- 404.272125 s
currentSize : 62 <-- 404.984100 s
currentSize : 63 <-- 404.984222 s

maxsize : 63
nodes : 143833053.000000
filtered : 616830467.000000
time : 700.177979
