Parameters: GAD=1 vflib=1 dir=0 label=1 lowerbound=1 fileNameGp=../../cp2016-max-common-connected-subgraph-paper/datasets/graphsdb/mcs70/m2D/m2D/mcs70_m2D_s80.A04 fileNameGt=../../cp2016-max-common-connected-subgraph-paper/datasets/graphsdb/mcs70/m2D/m2D/mcs70_m2D_s80.B04
Reading graphs...
80 :  141
80 :  142
Initializing...
maxdom : 10
D->valSize : 445
Solving...
Blb : 2 (clique : 39)
currentSize : 39 <-- 0.004529 s
currentSize : 40 <-- 0.004808 s
currentSize : 41 <-- 0.037144 s
currentSize : 42 <-- 0.037255 s
currentSize : 43 <-- 0.502648 s
currentSize : 44 <-- 57.016571 s
currentSize : 45 <-- 61.105026 s
currentSize : 48 <-- 80.809914 s
currentSize : 49 <-- 185.945175 s
currentSize : 50 <-- 185.960236 s
currentSize : 51 <-- 198.735550 s

maxsize : 51
nodes : 60932806.000000
filtered : 268927804.000000
time : 272.101318
