Parameters: GAD=1 vflib=1 dir=0 label=1 lowerbound=1 fileNameGp=../../cp2016-max-common-connected-subgraph-paper/datasets/graphsdb/mcs70/rand/r005/mcs70_r005_s80.A02 fileNameGt=../../cp2016-max-common-connected-subgraph-paper/datasets/graphsdb/mcs70/rand/r005/mcs70_r005_s80.B02
Reading graphs...
80 :  309
80 :  308
Initializing...
maxdom : 8
D->valSize : 430
Solving...
Blb : 2 (clique : 23)
currentSize : 23 <-- 0.004007 s
currentSize : 24 <-- 0.027107 s
currentSize : 25 <-- 0.027315 s
currentSize : 27 <-- 0.037390 s
currentSize : 28 <-- 0.200432 s
currentSize : 29 <-- 0.200484 s
currentSize : 31 <-- 0.200547 s
currentSize : 35 <-- 2.758746 s
currentSize : 37 <-- 3.456422 s
currentSize : 39 <-- 3.941379 s
currentSize : 43 <-- 3.941614 s
currentSize : 56 <-- 4.364029 s

maxsize : 56
nodes : 794441.000000
filtered : 8523816.000000
time : 4.563675
