Parameters: GAD=1 vflib=1 dir=0 label=1 lowerbound=1 fileNameGp=../../cp2016-max-common-connected-subgraph-paper/datasets/graphsdb/mcs70/m2D/m2Dr2/mcs70_m2Dr2_s90.A04 fileNameGt=../../cp2016-max-common-connected-subgraph-paper/datasets/graphsdb/mcs70/m2D/m2Dr2/mcs70_m2Dr2_s90.B04
Reading graphs...
90 :  179
90 :  179
Initializing...
maxdom : 9
D->valSize : 568
Solving...
Blb : 2 (clique : 50)
currentSize : 50 <-- 0.006866 s
currentSize : 51 <-- 0.007443 s
currentSize : 54 <-- 0.008946 s
currentSize : 55 <-- 0.376569 s
currentSize : 59 <-- 0.386355 s
currentSize : 60 <-- 0.900201 s
currentSize : 64 <-- 3.328311 s

maxsize : 64
nodes : 7235902.000000
filtered : 39467136.000000
time : 38.498886
