Parameters: GAD=1 vflib=1 dir=0 label=1 lowerbound=1 fileNameGp=../../cp2016-max-common-connected-subgraph-paper/datasets/graphsdb/mcs70/bvg/b06/mcs70_b06_s70.A05 fileNameGt=../../cp2016-max-common-connected-subgraph-paper/datasets/graphsdb/mcs70/bvg/b06/mcs70_b06_s70.B05
Reading graphs...
70 :  208
70 :  210
Initializing...
maxdom : 7
D->valSize : 335
Solving...
Blb : 3 (clique : 30)
currentSize : 30 <-- 0.004440 s
currentSize : 31 <-- 0.554015 s
currentSize : 32 <-- 7.962495 s
currentSize : 33 <-- 7.962550 s
currentSize : 34 <-- 7.962636 s
currentSize : 35 <-- 7.962850 s
currentSize : 36 <-- 7.962950 s
currentSize : 37 <-- 7.963130 s
currentSize : 38 <-- 7.976792 s
currentSize : 39 <-- 11.093908 s
currentSize : 40 <-- 11.093980 s
currentSize : 41 <-- 11.109047 s
currentSize : 43 <-- 17.536232 s
currentSize : 44 <-- 17.536753 s
currentSize : 46 <-- 17.536861 s
currentSize : 47 <-- 17.537052 s
currentSize : 48 <-- 17.542723 s
currentSize : 49 <-- 17.543077 s

maxsize : 49
nodes : 4273235.000000
filtered : 24000446.000000
time : 19.366730
