Parameters: GAD=1 vflib=1 dir=0 label=1 lowerbound=1 fileNameGp=../../cp2016-max-common-connected-subgraph-paper/datasets/graphsdb/mcs70/bvg/b09/mcs70_b09_s50.A07 fileNameGt=../../cp2016-max-common-connected-subgraph-paper/datasets/graphsdb/mcs70/bvg/b09/mcs70_b09_s50.B07
Reading graphs...
50 :  224
50 :  223
Initializing...
maxdom : 10
D->valSize : 345
Solving...
Blb : 2 (clique : 11)
currentSize : 11 <-- 0.003538 s
currentSize : 12 <-- 0.007040 s
currentSize : 13 <-- 0.050266 s
currentSize : 14 <-- 0.060312 s
currentSize : 15 <-- 0.068547 s
currentSize : 17 <-- 0.097235 s
currentSize : 18 <-- 0.132210 s
currentSize : 19 <-- 0.166757 s
currentSize : 20 <-- 0.207257 s
currentSize : 22 <-- 0.211556 s
currentSize : 24 <-- 0.211630 s
currentSize : 34 <-- 0.212413 s

maxsize : 34
nodes : 33572.000000
filtered : 494958.000000
time : 0.222045
