Parameters: GAD=1 vflib=1 dir=0 label=1 lowerbound=1 fileNameGp=../../cp2016-max-common-connected-subgraph-paper/datasets/graphsdb/mcs70/m2D/m2Dr6/mcs70_m2Dr6_s80.A03 fileNameGt=../../cp2016-max-common-connected-subgraph-paper/datasets/graphsdb/mcs70/m2D/m2Dr6/mcs70_m2Dr6_s80.B03
Reading graphs...
80 :  188
80 :  188
Initializing...
maxdom : 10
D->valSize : 410
Solving...
Blb : 2 (clique : 37)
currentSize : 37 <-- 0.006380 s
currentSize : 38 <-- 6.760859 s
currentSize : 40 <-- 6.773208 s
currentSize : 41 <-- 6.773379 s
currentSize : 42 <-- 6.924234 s
currentSize : 43 <-- 15.585164 s
currentSize : 44 <-- 86.229057 s
currentSize : 45 <-- 143.289108 s
currentSize : 46 <-- 143.289444 s
currentSize : 47 <-- 143.299362 s
currentSize : 48 <-- 143.309570 s
currentSize : 49 <-- 143.311050 s

maxsize : 49
nodes : 53615517.000000
filtered : 337157321.000000
time : 265.086151
