Parameters: GAD=1 vflib=1 dir=0 label=1 lowerbound=1 fileNameGp=../../cp2016-max-common-connected-subgraph-paper/datasets/graphsdb/mcs70/m3D/m3Dr6/mcs70_m3Dr6_s90.A04 fileNameGt=../../cp2016-max-common-connected-subgraph-paper/datasets/graphsdb/mcs70/m3D/m3Dr6/mcs70_m3Dr6_s90.B04
Reading graphs...
90 :  261
90 :  261
Initializing...
maxdom : 12
D->valSize : 565
Solving...
Blb : 3 (clique : 38)
currentSize : 38 <-- 0.006833 s
currentSize : 39 <-- 0.007412 s
currentSize : 42 <-- 0.014941 s
currentSize : 44 <-- 0.015125 s
currentSize : 45 <-- 0.022590 s
currentSize : 49 <-- 0.081352 s
currentSize : 51 <-- 0.082163 s
currentSize : 52 <-- 0.159659 s
currentSize : 53 <-- 0.739554 s
currentSize : 56 <-- 0.740274 s
currentSize : 57 <-- 0.857132 s
currentSize : 63 <-- 33.017960 s

maxsize : 63
nodes : 18173265.000000
filtered : 90476020.000000
time : 89.137695
