Parameters: GAD=1 vflib=1 dir=0 label=1 lowerbound=1 fileNameGp=../../cp2016-max-common-connected-subgraph-paper/datasets/graphsdb/mcs70/bvg/b03/mcs70_b03_s80.A02 fileNameGt=../../cp2016-max-common-connected-subgraph-paper/datasets/graphsdb/mcs70/bvg/b03/mcs70_b03_s80.B02
Reading graphs...
80 :  119
80 :  120
Initializing...
maxdom : 8
D->valSize : 438
Solving...
Blb : 2 (clique : 43)
currentSize : 43 <-- 0.004406 s
currentSize : 44 <-- 0.004856 s
currentSize : 45 <-- 0.005304 s
currentSize : 46 <-- 0.005390 s
currentSize : 47 <-- 0.007440 s
currentSize : 48 <-- 0.007588 s
currentSize : 49 <-- 0.030285 s
currentSize : 50 <-- 0.030350 s
currentSize : 51 <-- 0.033168 s
currentSize : 52 <-- 0.212508 s
currentSize : 53 <-- 0.212681 s
currentSize : 54 <-- 0.215385 s
currentSize : 55 <-- 0.215465 s
currentSize : 56 <-- 0.691155 s

maxsize : 56
nodes : 60095477.000000
filtered : 272061665.000000
time : 301.446991
