Parameters: GAD=1 vflib=1 dir=0 label=1 lowerbound=1 fileNameGp=../../cp2016-max-common-connected-subgraph-paper/datasets/graphsdb/mcs70/m2D/m2Dr6/mcs70_m2Dr6_s100.A00 fileNameGt=../../cp2016-max-common-connected-subgraph-paper/datasets/graphsdb/mcs70/m2D/m2Dr6/mcs70_m2Dr6_s100.B00
Reading graphs...
100 :  240
100 :  238
Initializing...
maxdom : 7
D->valSize : 385
Solving...
Blb : 3 (clique : 52)
currentSize : 52 <-- 0.006815 s
currentSize : 56 <-- 0.502176 s
currentSize : 57 <-- 0.502411 s
currentSize : 58 <-- 45.160500 s
currentSize : 59 <-- 45.161728 s
currentSize : 60 <-- 144.742615 s
currentSize : 61 <-- 188.069595 s
currentSize : 65 <-- 194.419052 s

maxsize : 65
nodes : 48272093.000000
filtered : 220130446.000000
time : 266.231659
