Parameters: GAD=1 vflib=1 dir=0 label=1 lowerbound=1 fileNameGp=../../cp2016-max-common-connected-subgraph-paper/datasets/graphsdb/mcs70/m2D/m2Dr2/mcs70_m2Dr2_s60.A09 fileNameGt=../../cp2016-max-common-connected-subgraph-paper/datasets/graphsdb/mcs70/m2D/m2Dr2/mcs70_m2Dr2_s60.B09
Reading graphs...
60 :  116
60 :  116
Initializing...
maxdom : 7
D->valSize : 257
Solving...
Blb : 2 (clique : 25)
currentSize : 25 <-- 0.001878 s
currentSize : 26 <-- 0.002028 s
currentSize : 27 <-- 0.002190 s
currentSize : 28 <-- 0.002223 s
currentSize : 30 <-- 0.002727 s
currentSize : 31 <-- 0.005522 s
currentSize : 33 <-- 0.008883 s
currentSize : 34 <-- 0.008926 s
currentSize : 36 <-- 0.009464 s
currentSize : 37 <-- 0.012367 s

maxsize : 37
nodes : 142434.000000
filtered : 743786.000000
time : 0.589877
