Parameters: GAD=1 vflib=1 dir=0 label=1 lowerbound=1 fileNameGp=../../cp2016-max-common-connected-subgraph-paper/datasets/graphsdb/mcs70/m3D/m3Dr6/mcs70_m3Dr6_s90.A09 fileNameGt=../../cp2016-max-common-connected-subgraph-paper/datasets/graphsdb/mcs70/m3D/m3Dr6/mcs70_m3Dr6_s90.B09
Reading graphs...
90 :  262
90 :  260
Initializing...
maxdom : 9
D->valSize : 542
Solving...
Blb : 2 (clique : 57)
currentSize : 57 <-- 0.010678 s
currentSize : 58 <-- 0.011228 s
currentSize : 59 <-- 0.011604 s
currentSize : 61 <-- 0.251568 s
currentSize : 62 <-- 0.251728 s
currentSize : 63 <-- 0.254825 s

maxsize : 63
nodes : 17067029.000000
filtered : 84724532.000000
time : 83.732864
