Parameters: GAD=1 vflib=1 dir=0 label=1 lowerbound=1 fileNameGp=../../cp2016-max-common-connected-subgraph-paper/datasets/graphsdb/mcs70/bvg/b06/mcs70_b06_s40.A00 fileNameGt=../../cp2016-max-common-connected-subgraph-paper/datasets/graphsdb/mcs70/bvg/b06/mcs70_b06_s40.B00
Reading graphs...
40 :  119
40 :  118
Initializing...
maxdom : 8
D->valSize : 204
Solving...
Blb : 3 (clique : 14)
currentSize : 14 <-- 0.001732 s
currentSize : 15 <-- 0.001919 s
currentSize : 16 <-- 0.002174 s
currentSize : 19 <-- 0.002583 s
currentSize : 20 <-- 0.002969 s
currentSize : 21 <-- 0.004375 s
currentSize : 23 <-- 0.021063 s
currentSize : 26 <-- 0.021139 s
currentSize : 28 <-- 0.021255 s

maxsize : 28
nodes : 4622.000000
filtered : 35675.000000
time : 0.026074
