Parameters: GAD=1 vflib=1 dir=0 label=1 lowerbound=1 fileNameGp=../../cp2016-max-common-connected-subgraph-paper/datasets/graphsdb/mcs70/m3D/m3D/mcs70_m3D_s100.A07 fileNameGt=../../cp2016-max-common-connected-subgraph-paper/datasets/graphsdb/mcs70/m3D/m3D/mcs70_m3D_s100.B07
Reading graphs...
100 :  235
100 :  235
Initializing...
maxdom : 6
D->valSize : 367
Solving...
Blb : 2 (clique : 53)
currentSize : 53 <-- 0.003835 s
currentSize : 55 <-- 0.004213 s
currentSize : 56 <-- 0.010543 s
currentSize : 57 <-- 0.184055 s
currentSize : 59 <-- 0.184214 s
currentSize : 60 <-- 0.186583 s
currentSize : 61 <-- 0.337827 s
currentSize : 62 <-- 0.339871 s
currentSize : 63 <-- 3.292506 s
currentSize : 64 <-- 3.292952 s

maxsize : 64
nodes : 54078228.000000
filtered : 234040701.000000
time : 299.688690
