Parameters: GAD=1 vflib=1 dir=0 label=1 lowerbound=1 fileNameGp=../../cp2016-max-common-connected-subgraph-paper/datasets/graphsdb/mcs70/bvg/b03/mcs70_b03_s80.A09 fileNameGt=../../cp2016-max-common-connected-subgraph-paper/datasets/graphsdb/mcs70/bvg/b03/mcs70_b03_s80.B09
Reading graphs...
80 :  120
80 :  120
Initializing...
maxdom : 9
D->valSize : 429
Solving...
Blb : 2 (clique : 47)
currentSize : 47 <-- 0.004228 s
currentSize : 48 <-- 0.008501 s
currentSize : 49 <-- 0.010710 s
currentSize : 51 <-- 0.032353 s
currentSize : 53 <-- 0.046468 s
currentSize : 54 <-- 6.882834 s
currentSize : 55 <-- 6.885885 s
currentSize : 56 <-- 6.885955 s

maxsize : 56
nodes : 5168328.000000
filtered : 29852615.000000
time : 28.269756
