Parameters: GAD=1 vflib=1 dir=0 label=1 lowerbound=1 fileNameGp=../../cp2016-max-common-connected-subgraph-paper/datasets/graphsdb/mcs70/m3D/m3Dr2/mcs70_m3Dr2_s90.A01 fileNameGt=../../cp2016-max-common-connected-subgraph-paper/datasets/graphsdb/mcs70/m3D/m3Dr2/mcs70_m3Dr2_s90.B01
Reading graphs...
90 :  225
90 :  225
Initializing...
maxdom : 10
D->valSize : 565
Solving...
Blb : 2 (clique : 54)
currentSize : 54 <-- 0.006840 s
currentSize : 56 <-- 0.007635 s
currentSize : 59 <-- 0.007976 s
currentSize : 61 <-- 0.008175 s
currentSize : 62 <-- 0.009752 s
currentSize : 64 <-- 0.009955 s

maxsize : 64
nodes : 5577765.000000
filtered : 43970424.000000
time : 33.601688
