Parameters: GAD=1 vflib=1 dir=0 label=1 lowerbound=1 fileNameGp=../../cp2016-max-common-connected-subgraph-paper/datasets/graphsdb/mcs70/rand/r005/mcs70_r005_s90.A00 fileNameGt=../../cp2016-max-common-connected-subgraph-paper/datasets/graphsdb/mcs70/rand/r005/mcs70_r005_s90.B00
Reading graphs...
90 :  383
90 :  385
Initializing...
maxdom : 11
D->valSize : 560
Solving...
Blb : 2 (clique : 28)
currentSize : 28 <-- 0.006218 s
currentSize : 32 <-- 0.006444 s
currentSize : 33 <-- 0.007277 s
currentSize : 36 <-- 0.007383 s
currentSize : 38 <-- 0.007528 s
currentSize : 39 <-- 2.814895 s
currentSize : 40 <-- 5.941084 s
currentSize : 45 <-- 11.968353 s
currentSize : 47 <-- 15.538618 s
currentSize : 49 <-- 15.538752 s
currentSize : 51 <-- 15.539309 s
currentSize : 53 <-- 16.824528 s
currentSize : 55 <-- 17.778421 s
currentSize : 61 <-- 17.778700 s

maxsize : 61
nodes : 3484993.000000
filtered : 40800735.000000
time : 21.843063
