Parameters: GAD=1 vflib=1 dir=0 label=1 lowerbound=1 fileNameGp=../../cp2016-max-common-connected-subgraph-paper/datasets/graphsdb/mcs70/m3D/m3D/mcs70_m3D_s90.A06 fileNameGt=../../cp2016-max-common-connected-subgraph-paper/datasets/graphsdb/mcs70/m3D/m3D/mcs70_m3D_s90.B06
Reading graphs...
90 :  209
90 :  209
Initializing...
maxdom : 11
D->valSize : 600
Solving...
Blb : 2 (clique : 47)
currentSize : 47 <-- 0.007459 s
currentSize : 48 <-- 0.007810 s
currentSize : 49 <-- 0.007966 s
currentSize : 50 <-- 0.008535 s
currentSize : 51 <-- 0.014373 s
currentSize : 52 <-- 0.014444 s
currentSize : 53 <-- 0.015637 s
currentSize : 54 <-- 0.015712 s
currentSize : 55 <-- 0.135861 s
currentSize : 59 <-- 0.884350 s
currentSize : 60 <-- 0.887358 s
currentSize : 62 <-- 1.354274 s
currentSize : 63 <-- 1.355223 s
currentSize : 64 <-- 71.122597 s

maxsize : 64
nodes : 22366175.000000
filtered : 175345827.000000
time : 129.535706
