Parameters: GAD=1 vflib=1 dir=0 label=1 lowerbound=1 fileNameGp=../../cp2016-max-common-connected-subgraph-paper/datasets/graphsdb/mcs70/rand/r005/mcs70_r005_s40.A04 fileNameGt=../../cp2016-max-common-connected-subgraph-paper/datasets/graphsdb/mcs70/rand/r005/mcs70_r005_s40.B04
Reading graphs...
40 :  76
40 :  76
Initializing...
maxdom : 7
D->valSize : 208
Solving...
Blb : 5 (clique : 19)
currentSize : 19 <-- 0.001250 s
currentSize : 20 <-- 0.328440 s
currentSize : 21 <-- 0.344114 s
currentSize : 22 <-- 0.400683 s
currentSize : 23 <-- 0.456847 s
currentSize : 24 <-- 0.481958 s
currentSize : 25 <-- 0.493423 s
currentSize : 28 <-- 0.539795 s

maxsize : 28
nodes : 162672.000000
filtered : 1229543.000000
time : 0.545308
