Parameters: GAD=1 vflib=1 dir=0 label=1 lowerbound=1 fileNameGp=../../cp2016-max-common-connected-subgraph-paper/datasets/graphsdb/mcs70/bvg/b09/mcs70_b09_s70.A02 fileNameGt=../../cp2016-max-common-connected-subgraph-paper/datasets/graphsdb/mcs70/bvg/b09/mcs70_b09_s70.B02
Reading graphs...
70 :  313
70 :  309
Initializing...
maxdom : 7
D->valSize : 333
Solving...
Blb : 2 (clique : 23)
currentSize : 23 <-- 0.004134 s
currentSize : 25 <-- 0.025247 s
currentSize : 28 <-- 0.025760 s
currentSize : 30 <-- 0.079568 s
currentSize : 33 <-- 0.361257 s
currentSize : 36 <-- 0.362452 s
currentSize : 38 <-- 0.398984 s
currentSize : 42 <-- 0.402426 s
currentSize : 43 <-- 0.402705 s
currentSize : 48 <-- 0.402874 s

maxsize : 48
nodes : 80731.000000
filtered : 634405.000000
time : 0.474541
