Parameters: GAD=1 vflib=1 dir=0 label=1 lowerbound=1 fileNameGp=../../cp2016-max-common-connected-subgraph-paper/datasets/graphsdb/mcs70/rand/r02/mcs70_r02_s90.A08 fileNameGt=../../cp2016-max-common-connected-subgraph-paper/datasets/graphsdb/mcs70/rand/r02/mcs70_r02_s90.B08
Reading graphs...
90 :  1440
90 :  1438
Initializing...
maxdom : 11
D->valSize : 587
Solving...
Blb : 2 (clique : 23)
currentSize : 23 <-- 0.006478 s
currentSize : 24 <-- 0.006930 s
currentSize : 41 <-- 0.008178 s
currentSize : 42 <-- 0.026535 s
currentSize : 43 <-- 10.905470 s
currentSize : 44 <-- 10.926246 s

maxsize : 44
nodes : 15672881.000000
filtered : 7521501.000000
time : 59.806850
