Parameters: GAD=1 vflib=1 dir=0 label=1 lowerbound=1 fileNameGp=../../cp2016-max-common-connected-subgraph-paper/datasets/graphsdb/mcs70/rand/r005/mcs70_r005_s100.A08 fileNameGt=../../cp2016-max-common-connected-subgraph-paper/datasets/graphsdb/mcs70/rand/r005/mcs70_r005_s100.B08
Reading graphs...
100 :  483
100 :  485
Initializing...
maxdom : 7
D->valSize : 370
Solving...
Blb : 2 (clique : 37)
currentSize : 37 <-- 0.003667 s
currentSize : 38 <-- 0.003915 s
currentSize : 43 <-- 0.004094 s
currentSize : 45 <-- 0.004315 s
currentSize : 50 <-- 0.004557 s
currentSize : 56 <-- 0.004870 s
currentSize : 67 <-- 0.011117 s

maxsize : 67
nodes : 360810.000000
filtered : 2194289.000000
time : 2.120736
