Parameters: GAD=1 vflib=1 dir=0 label=1 lowerbound=1 fileNameGp=../../cp2016-max-common-connected-subgraph-paper/datasets/graphsdb/mcs70/bvg/b03/mcs70_b03_s60.A00 fileNameGt=../../cp2016-max-common-connected-subgraph-paper/datasets/graphsdb/mcs70/bvg/b03/mcs70_b03_s60.B00
Reading graphs...
60 :  90
60 :  90
Initializing...
maxdom : 8
D->valSize : 276
Solving...
Blb : 2 (clique : 29)
currentSize : 29 <-- 0.003356 s
currentSize : 31 <-- 0.007809 s
currentSize : 32 <-- 0.009058 s
currentSize : 33 <-- 0.016816 s
currentSize : 36 <-- 0.048655 s
currentSize : 37 <-- 0.072141 s
currentSize : 39 <-- 0.188624 s
currentSize : 41 <-- 0.188682 s
currentSize : 42 <-- 0.193362 s

maxsize : 42
nodes : 188827.000000
filtered : 763223.000000
time : 0.762735
