Parameters: GAD=1 vflib=1 dir=0 label=1 lowerbound=1 fileNameGp=../../cp2016-max-common-connected-subgraph-paper/datasets/graphsdb/mcs70/m2D/m2Dr6/mcs70_m2Dr6_s70.A09 fileNameGt=../../cp2016-max-common-connected-subgraph-paper/datasets/graphsdb/mcs70/m2D/m2Dr6/mcs70_m2Dr6_s70.B09
Reading graphs...
70 :  164
70 :  163
Initializing...
maxdom : 7
D->valSize : 327
Solving...
Blb : 2 (clique : 27)
currentSize : 27 <-- 0.002653 s
currentSize : 33 <-- 0.002865 s
currentSize : 36 <-- 0.002954 s
currentSize : 38 <-- 0.003075 s
currentSize : 41 <-- 0.021162 s
currentSize : 42 <-- 0.937033 s
currentSize : 44 <-- 0.937194 s
currentSize : 45 <-- 4.749759 s
currentSize : 46 <-- 4.749900 s
currentSize : 47 <-- 8.819735 s
currentSize : 48 <-- 8.819885 s

maxsize : 48
nodes : 2688860.000000
filtered : 15882103.000000
time : 12.325491
