Parameters: GAD=1 vflib=1 dir=0 label=1 lowerbound=1 fileNameGp=../../cp2016-max-common-connected-subgraph-paper/datasets/graphsdb/mcs70/bvg/b09/mcs70_b09_s90.A00 fileNameGt=../../cp2016-max-common-connected-subgraph-paper/datasets/graphsdb/mcs70/bvg/b09/mcs70_b09_s90.B00
Reading graphs...
90 :  404
90 :  404
Initializing...
maxdom : 11
D->valSize : 610
Solving...
Blb : 2 (clique : 48)
currentSize : 48 <-- 0.012147 s
currentSize : 50 <-- 0.013049 s
currentSize : 55 <-- 0.013702 s
currentSize : 57 <-- 0.014253 s
currentSize : 59 <-- 0.015130 s
currentSize : 62 <-- 0.015741 s

maxsize : 62
nodes : 5436099.000000
filtered : 57589459.000000
time : 33.099304
