Parameters: GAD=1 vflib=1 dir=0 label=1 lowerbound=1 fileNameGp=../../cp2016-max-common-connected-subgraph-paper/datasets/graphsdb/mcs70/bvg/b06/mcs70_b06_s50.A02 fileNameGt=../../cp2016-max-common-connected-subgraph-paper/datasets/graphsdb/mcs70/bvg/b06/mcs70_b06_s50.B02
Reading graphs...
50 :  150
50 :  150
Initializing...
maxdom : 14
D->valSize : 375
Solving...
Blb : 3 (clique : 13)
currentSize : 13 <-- 0.002770 s
currentSize : 23 <-- 0.002882 s
currentSize : 24 <-- 0.002929 s
currentSize : 26 <-- 0.003021 s
currentSize : 27 <-- 0.003126 s
currentSize : 28 <-- 0.003286 s
currentSize : 31 <-- 0.003447 s
currentSize : 32 <-- 0.084888 s
currentSize : 35 <-- 0.168256 s

maxsize : 35
nodes : 42727.000000
filtered : 488595.000000
time : 0.188824
