Parameters: GAD=1 vflib=1 dir=0 label=1 lowerbound=1 fileNameGp=../../cp2016-max-common-connected-subgraph-paper/datasets/graphsdb/mcs70/bvg/b06m/mcs70_b06m_s80.A07 fileNameGt=../../cp2016-max-common-connected-subgraph-paper/datasets/graphsdb/mcs70/bvg/b06m/mcs70_b06m_s80.B07
Reading graphs...
80 :  237
80 :  238
Initializing...
maxdom : 11
D->valSize : 472
Solving...
Blb : 2 (clique : 33)
currentSize : 33 <-- 0.007858 s
currentSize : 34 <-- 0.008292 s
currentSize : 35 <-- 0.051656 s
currentSize : 37 <-- 0.066317 s
currentSize : 38 <-- 0.066439 s
currentSize : 39 <-- 0.322765 s
currentSize : 40 <-- 0.322860 s
currentSize : 41 <-- 0.480361 s
currentSize : 42 <-- 2.320096 s
currentSize : 43 <-- 2.335783 s
currentSize : 44 <-- 2.335946 s
currentSize : 46 <-- 2.336036 s
currentSize : 48 <-- 2.497200 s
currentSize : 49 <-- 2.552719 s
currentSize : 51 <-- 9.714968 s
currentSize : 52 <-- 9.836867 s
currentSize : 54 <-- 9.863909 s

maxsize : 54
nodes : 6004144.000000
filtered : 32641099.000000
time : 28.744389
