Parameters: GAD=1 vflib=1 dir=0 label=1 lowerbound=1 fileNameGp=../../cp2016-max-common-connected-subgraph-paper/datasets/graphsdb/mcs70/m2D/m2Dr6/mcs70_m2Dr6_s90.A07 fileNameGt=../../cp2016-max-common-connected-subgraph-paper/datasets/graphsdb/mcs70/m2D/m2Dr6/mcs70_m2Dr6_s90.B07
Reading graphs...
90 :  214
90 :  213
Initializing...
maxdom : 10
D->valSize : 575
Solving...
Blb : 2 (clique : 58)
currentSize : 58 <-- 0.006903 s
currentSize : 59 <-- 0.007276 s
currentSize : 60 <-- 0.007618 s
currentSize : 61 <-- 0.007806 s
currentSize : 62 <-- 0.007943 s
currentSize : 64 <-- 0.008557 s

maxsize : 64
nodes : 11713117.000000
filtered : 71653423.000000
time : 64.327362
