Parameters: GAD=1 vflib=1 dir=0 label=1 lowerbound=1 fileNameGp=../../cp2016-max-common-connected-subgraph-paper/datasets/graphsdb/mcs70/bvg/b03m/mcs70_b03m_s100.A09 fileNameGt=../../cp2016-max-common-connected-subgraph-paper/datasets/graphsdb/mcs70/bvg/b03m/mcs70_b03m_s100.B09
Reading graphs...
100 :  149
100 :  150
Initializing...
maxdom : 9
D->valSize : 399
Solving...
Blb : 2 (clique : 46)
currentSize : 46 <-- 0.004458 s
currentSize : 47 <-- 0.004806 s
currentSize : 48 <-- 0.005146 s
currentSize : 49 <-- 0.005778 s
currentSize : 50 <-- 0.006079 s
currentSize : 51 <-- 0.007456 s
currentSize : 52 <-- 0.009670 s
currentSize : 53 <-- 0.010198 s
currentSize : 54 <-- 0.013014 s
currentSize : 55 <-- 0.014104 s
currentSize : 56 <-- 0.033910 s
currentSize : 57 <-- 108.997787 s
currentSize : 58 <-- 109.024727 s
currentSize : 59 <-- 448.118561 s
currentSize : 60 <-- 448.147797 s
currentSize : 61 <-- 482.722076 s
currentSize : 62 <-- 482.868378 s
currentSize : 63 <-- 705.306091 s
currentSize : 64 <-- 705.989624 s

TIMEOUT
maxsize : 64
nodes : 200583359.000000
filtered : 690764986.000000
time : 1000.000122
