Parameters: GAD=1 vflib=1 dir=0 label=1 lowerbound=1 fileNameGp=../../cp2016-max-common-connected-subgraph-paper/datasets/graphsdb/mcs70/bvg/b06/mcs70_b06_s70.A04 fileNameGt=../../cp2016-max-common-connected-subgraph-paper/datasets/graphsdb/mcs70/bvg/b06/mcs70_b06_s70.B04
Reading graphs...
70 :  209
70 :  210
Initializing...
maxdom : 8
D->valSize : 376
Solving...
Blb : 2 (clique : 32)
currentSize : 32 <-- 0.003230 s
currentSize : 33 <-- 0.003481 s
currentSize : 34 <-- 0.004101 s
currentSize : 35 <-- 0.005269 s
currentSize : 40 <-- 0.007143 s
currentSize : 41 <-- 0.008415 s
currentSize : 42 <-- 0.091127 s
currentSize : 46 <-- 5.780250 s
currentSize : 47 <-- 5.780686 s
currentSize : 48 <-- 5.882723 s
currentSize : 49 <-- 5.883493 s

maxsize : 49
nodes : 2204593.000000
filtered : 11816873.000000
time : 9.719116
