Parameters: GAD=1 vflib=1 dir=0 label=1 lowerbound=1 fileNameGp=../../cp2016-max-common-connected-subgraph-paper/datasets/graphsdb/mcs70/m2D/m2Dr4/mcs70_m2Dr4_s80.A01 fileNameGt=../../cp2016-max-common-connected-subgraph-paper/datasets/graphsdb/mcs70/m2D/m2Dr4/mcs70_m2Dr4_s80.B01
Reading graphs...
80 :  174
80 :  172
Initializing...
maxdom : 7
D->valSize : 414
Solving...
Blb : 2 (clique : 37)
currentSize : 37 <-- 0.003960 s
currentSize : 38 <-- 0.211709 s
currentSize : 39 <-- 0.211767 s
currentSize : 40 <-- 117.674034 s
currentSize : 41 <-- 257.936890 s
currentSize : 42 <-- 257.937012 s
currentSize : 43 <-- 280.060120 s
currentSize : 46 <-- 420.554413 s
currentSize : 47 <-- 420.554962 s
currentSize : 48 <-- 420.578308 s
currentSize : 49 <-- 554.827515 s

TIMEOUT
maxsize : 49
nodes : 206372653.000000
filtered : 1063475266.000000
time : 1000.000061
