Parameters: GAD=1 vflib=1 dir=0 label=1 lowerbound=1 fileNameGp=../../cp2016-max-common-connected-subgraph-paper/datasets/graphsdb/mcs70/bvg/b09/mcs70_b09_s100.A00 fileNameGt=../../cp2016-max-common-connected-subgraph-paper/datasets/graphsdb/mcs70/bvg/b09/mcs70_b09_s100.B00
Reading graphs...
100 :  447
100 :  447
Initializing...
maxdom : 6
D->valSize : 342
Solving...
Blb : 2 (clique : 42)
currentSize : 42 <-- 0.003370 s
currentSize : 45 <-- 0.003818 s
currentSize : 46 <-- 0.003951 s
currentSize : 48 <-- 0.004650 s
currentSize : 49 <-- 0.004851 s
currentSize : 57 <-- 0.005653 s
currentSize : 59 <-- 0.005831 s
currentSize : 70 <-- 0.010160 s

maxsize : 70
nodes : 464265.000000
filtered : 2786065.000000
time : 2.649106
