Parameters: GAD=1 vflib=1 dir=0 label=1 lowerbound=1 fileNameGp=../../cp2016-max-common-connected-subgraph-paper/datasets/graphsdb/mcs70/rand/r005/mcs70_r005_s60.A05 fileNameGt=../../cp2016-max-common-connected-subgraph-paper/datasets/graphsdb/mcs70/rand/r005/mcs70_r005_s60.B05
Reading graphs...
60 :  171
60 :  172
Initializing...
maxdom : 7
D->valSize : 238
Solving...
Blb : 3 (clique : 23)
currentSize : 23 <-- 0.001659 s
currentSize : 25 <-- 0.004113 s
currentSize : 26 <-- 0.020727 s
currentSize : 27 <-- 0.026517 s
currentSize : 28 <-- 0.143386 s
currentSize : 29 <-- 0.158965 s
currentSize : 30 <-- 0.159172 s
currentSize : 31 <-- 0.159219 s
currentSize : 34 <-- 0.215120 s
currentSize : 37 <-- 0.247016 s
currentSize : 41 <-- 0.247192 s

maxsize : 41
nodes : 59526.000000
filtered : 344500.000000
time : 0.258082
