Parameters: GAD=1 vflib=1 dir=0 label=1 lowerbound=1 fileNameGp=../../cp2016-max-common-connected-subgraph-paper/datasets/graphsdb/mcs70/bvg/b03m/mcs70_b03m_s90.A05 fileNameGt=../../cp2016-max-common-connected-subgraph-paper/datasets/graphsdb/mcs70/bvg/b03m/mcs70_b03m_s90.B05
Reading graphs...
90 :  133
90 :  133
Initializing...
maxdom : 9
D->valSize : 514
Solving...
Blb : 2 (clique : 54)
currentSize : 54 <-- 0.006209 s
currentSize : 55 <-- 0.006838 s
currentSize : 56 <-- 0.006917 s
currentSize : 57 <-- 0.008885 s
currentSize : 58 <-- 0.009999 s
currentSize : 59 <-- 0.010193 s
currentSize : 60 <-- 0.010562 s
currentSize : 61 <-- 0.010693 s
currentSize : 62 <-- 0.263105 s
currentSize : 63 <-- 0.308291 s

TIMEOUT
maxsize : 63
nodes : 187052589.000000
filtered : 836888818.000000
time : 1000.000122
