Parameters: GAD=1 vflib=1 dir=0 label=1 lowerbound=1 fileNameGp=../../cp2016-max-common-connected-subgraph-paper/datasets/graphsdb/mcs70/bvg/b06m/mcs70_b06m_s80.A01 fileNameGt=../../cp2016-max-common-connected-subgraph-paper/datasets/graphsdb/mcs70/bvg/b06m/mcs70_b06m_s80.B01
Reading graphs...
80 :  237
80 :  238
Initializing...
maxdom : 8
D->valSize : 433
Solving...
Blb : 3 (clique : 40)
currentSize : 40 <-- 0.007032 s
currentSize : 41 <-- 10.934743 s
currentSize : 42 <-- 10.990878 s
currentSize : 45 <-- 10.992119 s
currentSize : 46 <-- 13.041964 s
currentSize : 47 <-- 41.364048 s
currentSize : 48 <-- 41.365177 s
currentSize : 49 <-- 41.909904 s
currentSize : 51 <-- 60.348446 s
currentSize : 53 <-- 60.349194 s
currentSize : 54 <-- 60.349766 s
currentSize : 55 <-- 60.618240 s
currentSize : 56 <-- 60.618835 s

maxsize : 56
nodes : 16858471.000000
filtered : 86056464.000000
time : 79.110229
