Parameters: GAD=1 vflib=1 dir=0 label=1 lowerbound=1 fileNameGp=../../cp2016-max-common-connected-subgraph-paper/datasets/graphsdb/mcs70/bvg/b03/mcs70_b03_s70.A00 fileNameGt=../../cp2016-max-common-connected-subgraph-paper/datasets/graphsdb/mcs70/bvg/b03/mcs70_b03_s70.B00
Reading graphs...
70 :  105
70 :  105
Initializing...
maxdom : 11
D->valSize : 383
Solving...
Blb : 2 (clique : 28)
currentSize : 28 <-- 0.003533 s
currentSize : 29 <-- 0.006021 s
currentSize : 30 <-- 0.010444 s
currentSize : 31 <-- 0.092618 s
currentSize : 32 <-- 0.093828 s
currentSize : 33 <-- 0.114813 s
currentSize : 34 <-- 0.151564 s
currentSize : 35 <-- 0.151582 s
currentSize : 36 <-- 0.230828 s
currentSize : 37 <-- 0.308510 s
currentSize : 38 <-- 0.308572 s
currentSize : 39 <-- 1.727525 s
currentSize : 40 <-- 2.887085 s
currentSize : 41 <-- 2.887392 s
currentSize : 42 <-- 4.159386 s
currentSize : 43 <-- 20.980047 s
currentSize : 44 <-- 23.576733 s
currentSize : 45 <-- 27.988129 s
currentSize : 46 <-- 30.367620 s
currentSize : 47 <-- 30.367710 s
currentSize : 48 <-- 43.076347 s

maxsize : 48
nodes : 10170736.000000
filtered : 71164689.000000
time : 49.845760
