Parameters: GAD=1 vflib=1 dir=0 label=1 lowerbound=1 fileNameGp=../../cp2016-max-common-connected-subgraph-paper/datasets/graphsdb/mcs70/bvg/b09/mcs70_b09_s100.A06 fileNameGt=../../cp2016-max-common-connected-subgraph-paper/datasets/graphsdb/mcs70/bvg/b09/mcs70_b09_s100.B06
Reading graphs...
100 :  447
100 :  448
Initializing...
maxdom : 7
D->valSize : 357
Solving...
Blb : 2 (clique : 58)
currentSize : 58 <-- 0.003571 s
currentSize : 61 <-- 0.004000 s
currentSize : 62 <-- 0.004944 s
currentSize : 65 <-- 0.005244 s
currentSize : 68 <-- 0.346872 s
currentSize : 70 <-- 0.347553 s

maxsize : 70
nodes : 1685557.000000
filtered : 11110513.000000
time : 10.058973
