Parameters: GAD=1 vflib=1 dir=0 label=1 lowerbound=1 fileNameGp=../../cp2016-max-common-connected-subgraph-paper/datasets/graphsdb/mcs70/m3D/m3Dr4/mcs70_m3Dr4_s90.A07 fileNameGt=../../cp2016-max-common-connected-subgraph-paper/datasets/graphsdb/mcs70/m3D/m3Dr4/mcs70_m3Dr4_s90.B07
Reading graphs...
90 :  244
90 :  242
Initializing...
maxdom : 9
D->valSize : 585
Solving...
Blb : 2 (clique : 49)
currentSize : 49 <-- 0.007115 s
currentSize : 50 <-- 0.007530 s
currentSize : 51 <-- 0.007814 s
currentSize : 52 <-- 0.008989 s
currentSize : 53 <-- 0.035918 s
currentSize : 54 <-- 0.036213 s
currentSize : 55 <-- 0.064875 s
currentSize : 57 <-- 0.065010 s
currentSize : 59 <-- 0.065196 s
currentSize : 61 <-- 0.065564 s
currentSize : 63 <-- 6.589217 s

maxsize : 63
nodes : 4734972.000000
filtered : 36295833.000000
time : 27.961124
