Parameters: GAD=1 vflib=1 dir=0 label=1 lowerbound=1 fileNameGp=../../cp2016-max-common-connected-subgraph-paper/datasets/graphsdb/mcs70/bvg/b06/mcs70_b06_s100.A08 fileNameGt=../../cp2016-max-common-connected-subgraph-paper/datasets/graphsdb/mcs70/bvg/b06/mcs70_b06_s100.B08
Reading graphs...
100 :  299
100 :  296
Initializing...
maxdom : 7
D->valSize : 375
Solving...
Blb : 2 (clique : 51)
currentSize : 51 <-- 0.003952 s
currentSize : 53 <-- 0.026446 s
currentSize : 56 <-- 0.026616 s
currentSize : 63 <-- 24.237055 s
currentSize : 65 <-- 27.611221 s
currentSize : 66 <-- 27.611565 s
currentSize : 69 <-- 29.089989 s
currentSize : 70 <-- 29.095669 s

maxsize : 70
nodes : 9835819.000000
filtered : 41844867.000000
time : 50.876743
