Parameters: GAD=1 vflib=1 dir=0 label=1 lowerbound=1 fileNameGp=../../cp2016-max-common-connected-subgraph-paper/datasets/graphsdb/mcs70/m2D/m2Dr6/mcs70_m2Dr6_s60.A08 fileNameGt=../../cp2016-max-common-connected-subgraph-paper/datasets/graphsdb/mcs70/m2D/m2Dr6/mcs70_m2Dr6_s60.B08
Reading graphs...
60 :  137
60 :  134
Initializing...
maxdom : 6
D->valSize : 263
Solving...
Blb : 2 (clique : 21)
currentSize : 21 <-- 0.001912 s
currentSize : 22 <-- 0.002053 s
currentSize : 23 <-- 0.002171 s
currentSize : 24 <-- 0.009357 s
currentSize : 25 <-- 0.030393 s
currentSize : 26 <-- 0.125986 s
currentSize : 27 <-- 1.361872 s
currentSize : 28 <-- 1.361938 s
currentSize : 29 <-- 3.951607 s
currentSize : 30 <-- 6.471023 s
currentSize : 31 <-- 6.471058 s
currentSize : 32 <-- 6.481093 s
currentSize : 34 <-- 7.710823 s
currentSize : 36 <-- 7.746822 s

maxsize : 36
nodes : 2336747.000000
filtered : 13506052.000000
time : 9.691880
