Parameters: GAD=1 vflib=1 dir=0 label=1 lowerbound=1 fileNameGp=../../cp2016-max-common-connected-subgraph-paper/datasets/graphsdb/mcs70/rand/r02/mcs70_r02_s80.A02 fileNameGt=../../cp2016-max-common-connected-subgraph-paper/datasets/graphsdb/mcs70/rand/r02/mcs70_r02_s80.B02
Reading graphs...
80 :  1125
80 :  1141
Initializing...
maxdom : 8
D->valSize : 433
Solving...
Blb : 2 (clique : 7)
currentSize : 7 <-- 0.005752 s
currentSize : 8 <-- 0.006114 s
currentSize : 11 <-- 0.006163 s
currentSize : 14 <-- 0.006837 s
currentSize : 21 <-- 0.010946 s
currentSize : 26 <-- 0.022170 s
currentSize : 38 <-- 0.060278 s
currentSize : 39 <-- 0.060462 s
currentSize : 40 <-- 0.061083 s
currentSize : 41 <-- 0.062166 s

maxsize : 41
nodes : 1994009.000000
filtered : 1999046.000000
time : 7.466748
