Parameters: GAD=1 vflib=1 dir=0 label=1 lowerbound=1 fileNameGp=../../cp2016-max-common-connected-subgraph-paper/datasets/graphsdb/mcs70/bvg/b03/mcs70_b03_s100.A05 fileNameGt=../../cp2016-max-common-connected-subgraph-paper/datasets/graphsdb/mcs70/bvg/b03/mcs70_b03_s100.B05
Reading graphs...
100 :  150
100 :  150
Initializing...
maxdom : 7
D->valSize : 359
Solving...
Blb : 2 (clique : 51)
currentSize : 51 <-- 0.003830 s
currentSize : 52 <-- 0.004210 s
currentSize : 53 <-- 0.004560 s
currentSize : 54 <-- 19.027058 s
currentSize : 55 <-- 19.028652 s
currentSize : 56 <-- 19.031580 s
currentSize : 57 <-- 202.152725 s
currentSize : 58 <-- 202.154297 s
currentSize : 59 <-- 203.267715 s
currentSize : 60 <-- 297.943573 s
currentSize : 61 <-- 301.844147 s
currentSize : 62 <-- 302.315765 s
currentSize : 63 <-- 461.287567 s
currentSize : 64 <-- 469.773804 s
currentSize : 65 <-- 469.907837 s
currentSize : 66 <-- 469.994934 s
currentSize : 67 <-- 869.101807 s
currentSize : 68 <-- 884.538269 s
currentSize : 69 <-- 884.538452 s
currentSize : 70 <-- 884.651062 s

TIMEOUT
maxsize : 70
nodes : 214598160.000000
filtered : 570694879.000000
time : 1000.000183
