Parameters: GAD=1 vflib=1 dir=0 label=1 lowerbound=1 fileNameGp=../../cp2016-max-common-connected-subgraph-paper/datasets/graphsdb/mcs70/m2D/m2Dr2/mcs70_m2Dr2_s70.A00 fileNameGt=../../cp2016-max-common-connected-subgraph-paper/datasets/graphsdb/mcs70/m2D/m2Dr2/mcs70_m2Dr2_s70.B00
Reading graphs...
70 :  137
70 :  137
Initializing...
maxdom : 9
D->valSize : 338
Solving...
Blb : 2 (clique : 33)
currentSize : 33 <-- 0.004753 s
currentSize : 34 <-- 0.005070 s
currentSize : 37 <-- 0.005346 s
currentSize : 39 <-- 0.007748 s
currentSize : 41 <-- 0.925158 s
currentSize : 42 <-- 3.385596 s
currentSize : 44 <-- 3.386498 s
currentSize : 46 <-- 3.627623 s
currentSize : 47 <-- 3.628444 s
currentSize : 48 <-- 4.088886 s
currentSize : 49 <-- 4.089993 s

maxsize : 49
nodes : 1460631.000000
filtered : 7650042.000000
time : 6.671662
