Parameters: GAD=1 vflib=1 dir=0 label=1 lowerbound=1 fileNameGp=../../cp2016-max-common-connected-subgraph-paper/datasets/graphsdb/mcs70/m2D/m2D/mcs70_m2D_s100.A03 fileNameGt=../../cp2016-max-common-connected-subgraph-paper/datasets/graphsdb/mcs70/m2D/m2D/mcs70_m2D_s100.B03
Reading graphs...
100 :  180
100 :  180
Initializing...
maxdom : 8
D->valSize : 371
Solving...
Blb : 2 (clique : 48)
currentSize : 48 <-- 0.006592 s
currentSize : 49 <-- 0.007180 s
currentSize : 50 <-- 0.007911 s
currentSize : 51 <-- 0.012188 s
currentSize : 52 <-- 0.016718 s
currentSize : 53 <-- 0.017592 s
currentSize : 54 <-- 0.024557 s
currentSize : 55 <-- 0.050767 s
currentSize : 56 <-- 3.683010 s
currentSize : 57 <-- 3.740566 s
currentSize : 58 <-- 31.671131 s
currentSize : 59 <-- 33.774117 s
currentSize : 60 <-- 33.807274 s

TIMEOUT
maxsize : 60
nodes : 209348768.000000
filtered : 764580481.000000
time : 1000.000122
