Parameters: GAD=1 vflib=1 dir=0 label=1 lowerbound=1 fileNameGp=../../cp2016-max-common-connected-subgraph-paper/datasets/graphsdb/mcs70/bvg/b06/mcs70_b06_s100.A05 fileNameGt=../../cp2016-max-common-connected-subgraph-paper/datasets/graphsdb/mcs70/bvg/b06/mcs70_b06_s100.B05
Reading graphs...
100 :  299
100 :  296
Initializing...
maxdom : 6
D->valSize : 357
Solving...
Blb : 3 (clique : 47)
currentSize : 47 <-- 0.003687 s
currentSize : 52 <-- 0.063368 s
currentSize : 54 <-- 0.246553 s
currentSize : 55 <-- 0.456994 s
currentSize : 56 <-- 20.733568 s
currentSize : 58 <-- 35.653431 s
currentSize : 59 <-- 35.788494 s
currentSize : 60 <-- 35.789207 s
currentSize : 61 <-- 35.971199 s
currentSize : 63 <-- 44.378246 s
currentSize : 64 <-- 44.378609 s
currentSize : 66 <-- 61.389069 s
currentSize : 67 <-- 61.389393 s
currentSize : 68 <-- 84.551186 s
currentSize : 69 <-- 85.496857 s
currentSize : 70 <-- 85.497177 s

maxsize : 70
nodes : 15970577.000000
filtered : 88197737.000000
time : 93.871857
