Parameters: GAD=1 vflib=1 dir=0 label=1 lowerbound=1 fileNameGp=../../cp2016-max-common-connected-subgraph-paper/datasets/graphsdb/mcs70/m2D/m2Dr2/mcs70_m2Dr2_s70.A01 fileNameGt=../../cp2016-max-common-connected-subgraph-paper/datasets/graphsdb/mcs70/m2D/m2Dr2/mcs70_m2Dr2_s70.B01
Reading graphs...
70 :  135
70 :  136
Initializing...
maxdom : 8
D->valSize : 352
Solving...
Blb : 2 (clique : 40)
currentSize : 40 <-- 0.003009 s
currentSize : 41 <-- 0.098562 s
currentSize : 42 <-- 0.098620 s
currentSize : 43 <-- 5.543914 s
currentSize : 44 <-- 5.547681 s
currentSize : 46 <-- 5.547769 s
currentSize : 49 <-- 5.595191 s

maxsize : 49
nodes : 2069825.000000
filtered : 10500033.000000
time : 9.149436
