Parameters: GAD=1 vflib=1 dir=0 label=1 lowerbound=1 fileNameGp=../../cp2016-max-common-connected-subgraph-paper/datasets/graphsdb/mcs70/rand/r01/mcs70_r01_s50.A05 fileNameGt=../../cp2016-max-common-connected-subgraph-paper/datasets/graphsdb/mcs70/rand/r01/mcs70_r01_s50.B05
Reading graphs...
50 :  231
50 :  229
Initializing...
maxdom : 10
D->valSize : 342
Solving...
Blb : 5 (clique : 13)
currentSize : 13 <-- 0.002320 s
currentSize : 14 <-- 0.013544 s
currentSize : 15 <-- 0.017272 s
currentSize : 16 <-- 0.017315 s
currentSize : 18 <-- 0.027679 s
currentSize : 22 <-- 0.047371 s
currentSize : 23 <-- 0.058197 s
currentSize : 24 <-- 0.058240 s
currentSize : 26 <-- 0.105937 s
currentSize : 27 <-- 0.118500 s
currentSize : 34 <-- 0.121515 s

maxsize : 34
nodes : 27365.000000
filtered : 420358.000000
time : 0.130363
