Parameters: GAD=1 vflib=1 dir=0 label=1 lowerbound=1 fileNameGp=../../cp2016-max-common-connected-subgraph-paper/datasets/graphsdb/mcs70/m2D/m2Dr4/mcs70_m2Dr4_s100.A09 fileNameGt=../../cp2016-max-common-connected-subgraph-paper/datasets/graphsdb/mcs70/m2D/m2Dr4/mcs70_m2Dr4_s100.B09
Reading graphs...
100 :  218
100 :  219
Initializing...
maxdom : 8
D->valSize : 372
Solving...
Blb : 2 (clique : 48)
currentSize : 48 <-- 0.003907 s
currentSize : 49 <-- 0.005485 s
currentSize : 50 <-- 0.005581 s
currentSize : 51 <-- 0.015216 s
currentSize : 52 <-- 0.015359 s
currentSize : 53 <-- 1.852906 s
currentSize : 54 <-- 1.853140 s
currentSize : 55 <-- 1.918256 s
currentSize : 56 <-- 1.918708 s
currentSize : 57 <-- 2.214870 s
currentSize : 58 <-- 2.227499 s
currentSize : 60 <-- 15.617908 s
currentSize : 61 <-- 15.618129 s
currentSize : 62 <-- 15.780372 s
currentSize : 63 <-- 15.892428 s

maxsize : 63
nodes : 85310196.000000
filtered : 298386402.000000
time : 444.363251
