Parameters: GAD=1 vflib=1 dir=0 label=1 lowerbound=1 fileNameGp=../../cp2016-max-common-connected-subgraph-paper/datasets/graphsdb/mcs70/m2D/m2D/mcs70_m2D_s80.A05 fileNameGt=../../cp2016-max-common-connected-subgraph-paper/datasets/graphsdb/mcs70/m2D/m2D/mcs70_m2D_s80.B05
Reading graphs...
80 :  142
80 :  142
Initializing...
maxdom : 9
D->valSize : 420
Solving...
Blb : 2 (clique : 30)
currentSize : 30 <-- 0.004126 s
currentSize : 32 <-- 0.004347 s
currentSize : 33 <-- 0.004400 s
currentSize : 34 <-- 0.004672 s
currentSize : 35 <-- 0.005182 s
currentSize : 36 <-- 0.006069 s
currentSize : 37 <-- 0.006330 s
currentSize : 38 <-- 0.009329 s
currentSize : 39 <-- 0.151483 s
currentSize : 40 <-- 0.248694 s
currentSize : 41 <-- 0.248856 s

TIMEOUT
maxsize : 41
nodes : 178430349.000000
filtered : 1487494032.000000
time : 1000.000061
