Parameters: GAD=1 vflib=1 dir=0 label=1 lowerbound=1 fileNameGp=../../cp2016-max-common-connected-subgraph-paper/datasets/graphsdb/mcs70/bvg/b09/mcs70_b09_s90.A01 fileNameGt=../../cp2016-max-common-connected-subgraph-paper/datasets/graphsdb/mcs70/bvg/b09/mcs70_b09_s90.B01
Reading graphs...
90 :  405
90 :  404
Initializing...
maxdom : 12
D->valSize : 601
Solving...
Blb : 2 (clique : 38)
currentSize : 38 <-- 0.011045 s
currentSize : 40 <-- 0.011454 s
currentSize : 42 <-- 0.012318 s
currentSize : 45 <-- 0.012480 s
currentSize : 48 <-- 0.063249 s
currentSize : 49 <-- 0.063399 s
currentSize : 50 <-- 0.145373 s
currentSize : 53 <-- 0.145542 s
currentSize : 59 <-- 1.433456 s
currentSize : 62 <-- 1.433651 s

maxsize : 62
nodes : 466920.000000
filtered : 5077686.000000
time : 2.845492
