Parameters: GAD=1 vflib=1 dir=0 label=1 lowerbound=1 fileNameGp=../../cp2016-max-common-connected-subgraph-paper/datasets/graphsdb/mcs70/m2D/m2D/mcs70_m2D_s90.A04 fileNameGt=../../cp2016-max-common-connected-subgraph-paper/datasets/graphsdb/mcs70/m2D/m2D/mcs70_m2D_s90.B04
Reading graphs...
90 :  161
90 :  161
Initializing...
maxdom : 10
D->valSize : 614
Solving...
Blb : 2 (clique : 51)
currentSize : 51 <-- 0.013000 s
currentSize : 53 <-- 0.013622 s
currentSize : 54 <-- 0.013846 s
currentSize : 56 <-- 0.014317 s
currentSize : 58 <-- 452.321014 s
currentSize : 60 <-- 452.321106 s
currentSize : 62 <-- 452.321381 s
currentSize : 63 <-- 630.249084 s
currentSize : 64 <-- 630.249268 s

maxsize : 64
nodes : 136494669.000000
filtered : 721671341.000000
time : 677.716980
