Parameters: GAD=1 vflib=1 dir=0 label=1 lowerbound=1 fileNameGp=../../cp2016-max-common-connected-subgraph-paper/datasets/graphsdb/mcs70/bvg/b06m/mcs70_b06m_s90.A07 fileNameGt=../../cp2016-max-common-connected-subgraph-paper/datasets/graphsdb/mcs70/bvg/b06m/mcs70_b06m_s90.B07
Reading graphs...
90 :  267
90 :  267
Initializing...
maxdom : 8
D->valSize : 533
Solving...
Blb : 2 (clique : 37)
currentSize : 37 <-- 0.006003 s
currentSize : 40 <-- 0.006529 s
currentSize : 42 <-- 0.006823 s
currentSize : 48 <-- 0.007400 s
currentSize : 50 <-- 0.007939 s
currentSize : 51 <-- 0.008153 s
currentSize : 53 <-- 0.016529 s
currentSize : 55 <-- 0.016742 s
currentSize : 56 <-- 0.020530 s
currentSize : 58 <-- 0.020758 s
currentSize : 60 <-- 0.066891 s
currentSize : 61 <-- 0.067812 s
currentSize : 63 <-- 0.078987 s

maxsize : 63
nodes : 3531792.000000
filtered : 18056533.000000
time : 18.523716
