Parameters: GAD=1 vflib=1 dir=0 label=1 lowerbound=1 fileNameGp=../../cp2016-max-common-connected-subgraph-paper/datasets/graphsdb/mcs70/m2D/m2Dr2/mcs70_m2Dr2_s100.A07 fileNameGt=../../cp2016-max-common-connected-subgraph-paper/datasets/graphsdb/mcs70/m2D/m2Dr2/mcs70_m2Dr2_s100.B07
Reading graphs...
100 :  200
100 :  200
Initializing...
maxdom : 6
D->valSize : 358
Solving...
Blb : 5 (clique : 44)
currentSize : 44 <-- 0.003798 s
currentSize : 45 <-- 0.061538 s
currentSize : 46 <-- 0.074108 s
currentSize : 47 <-- 0.528503 s
currentSize : 48 <-- 2.415060 s
currentSize : 49 <-- 2.434824 s
currentSize : 50 <-- 2.782339 s
currentSize : 51 <-- 12.025965 s
currentSize : 52 <-- 12.559975 s
currentSize : 53 <-- 31.117220 s
currentSize : 54 <-- 31.300669 s

TIMEOUT
maxsize : 54
nodes : 183301616.000000
filtered : 701133200.000000
time : 1000.000061
