Parameters: GAD=1 vflib=1 dir=0 label=1 lowerbound=1 fileNameGp=../../cp2016-max-common-connected-subgraph-paper/datasets/graphsdb/mcs70/bvg/b03/mcs70_b03_s90.A08 fileNameGt=../../cp2016-max-common-connected-subgraph-paper/datasets/graphsdb/mcs70/bvg/b03/mcs70_b03_s90.B08
Reading graphs...
90 :  135
90 :  135
Initializing...
maxdom : 8
D->valSize : 553
Solving...
Blb : 2 (clique : 48)
currentSize : 48 <-- 0.006599 s
currentSize : 49 <-- 0.012335 s
currentSize : 50 <-- 20.397795 s
currentSize : 51 <-- 21.611767 s
currentSize : 52 <-- 767.600525 s
currentSize : 54 <-- 767.669861 s
currentSize : 55 <-- 767.670959 s
currentSize : 56 <-- 770.342041 s

TIMEOUT
maxsize : 56
nodes : 176153709.000000
filtered : 1110979265.000000
time : 1000.000061
