Parameters: GAD=1 vflib=1 dir=0 label=1 lowerbound=1 fileNameGp=../../cp2016-max-common-connected-subgraph-paper/datasets/graphsdb/mcs70/bvg/b09m/mcs70_b09m_s100.A00 fileNameGt=../../cp2016-max-common-connected-subgraph-paper/datasets/graphsdb/mcs70/bvg/b09m/mcs70_b09m_s100.B00
Reading graphs...
100 :  445
100 :  447
Initializing...
maxdom : 8
D->valSize : 371
Solving...
Blb : 2 (clique : 54)
currentSize : 54 <-- 0.003779 s
currentSize : 55 <-- 0.004099 s
currentSize : 57 <-- 0.006195 s
currentSize : 58 <-- 0.006309 s
currentSize : 61 <-- 0.925612 s
currentSize : 64 <-- 0.925990 s
currentSize : 65 <-- 0.926918 s
currentSize : 66 <-- 0.927059 s
currentSize : 68 <-- 0.927494 s
currentSize : 69 <-- 0.927639 s

maxsize : 69
nodes : 2031214.000000
filtered : 7046283.000000
time : 10.024429
