Parameters: GAD=1 vflib=1 dir=0 label=1 lowerbound=1 fileNameGp=../../cp2016-max-common-connected-subgraph-paper/datasets/graphsdb/mcs70/bvg/b06/mcs70_b06_s90.A02 fileNameGt=../../cp2016-max-common-connected-subgraph-paper/datasets/graphsdb/mcs70/bvg/b06/mcs70_b06_s90.B02
Reading graphs...
90 :  269
90 :  270
Initializing...
maxdom : 11
D->valSize : 571
Solving...
Blb : 3 (clique : 34)
currentSize : 34 <-- 0.006693 s
currentSize : 35 <-- 0.066585 s
currentSize : 37 <-- 0.066636 s
currentSize : 39 <-- 0.067012 s
currentSize : 40 <-- 0.069314 s
currentSize : 41 <-- 0.070260 s
currentSize : 42 <-- 0.147464 s
currentSize : 44 <-- 0.151563 s
currentSize : 45 <-- 0.153136 s
currentSize : 46 <-- 0.758335 s
currentSize : 47 <-- 0.758571 s
currentSize : 48 <-- 0.761272 s
currentSize : 49 <-- 1.719701 s
currentSize : 50 <-- 29.389778 s
currentSize : 51 <-- 29.389896 s
currentSize : 52 <-- 29.390072 s
currentSize : 53 <-- 29.395693 s
currentSize : 55 <-- 29.395964 s
currentSize : 56 <-- 29.568663 s
currentSize : 61 <-- 38.514545 s
currentSize : 63 <-- 38.514679 s

maxsize : 63
nodes : 12873664.000000
filtered : 71964395.000000
time : 65.345306
