Parameters: GAD=1 vflib=1 dir=0 label=1 lowerbound=1 fileNameGp=../../cp2016-max-common-connected-subgraph-paper/datasets/graphsdb/mcs70/rand/r005/mcs70_r005_s90.A02 fileNameGt=../../cp2016-max-common-connected-subgraph-paper/datasets/graphsdb/mcs70/rand/r005/mcs70_r005_s90.B02
Reading graphs...
90 :  387
90 :  385
Initializing...
maxdom : 9
D->valSize : 549
Solving...
Blb : 2 (clique : 34)
currentSize : 34 <-- 0.006318 s
currentSize : 38 <-- 0.006872 s
currentSize : 40 <-- 0.007913 s
currentSize : 42 <-- 0.008021 s
currentSize : 44 <-- 0.008767 s
currentSize : 45 <-- 0.009550 s
currentSize : 47 <-- 0.009670 s
currentSize : 49 <-- 0.010228 s
currentSize : 51 <-- 0.010367 s
currentSize : 55 <-- 0.010821 s
currentSize : 60 <-- 0.011264 s

maxsize : 60
nodes : 173601.000000
filtered : 2488188.000000
time : 1.259498
