Parameters: GAD=1 vflib=1 dir=0 label=1 lowerbound=1 fileNameGp=../../cp2016-max-common-connected-subgraph-paper/datasets/graphsdb/mcs70/m2D/m2Dr6/mcs70_m2Dr6_s90.A08 fileNameGt=../../cp2016-max-common-connected-subgraph-paper/datasets/graphsdb/mcs70/m2D/m2Dr6/mcs70_m2Dr6_s90.B08
Reading graphs...
90 :  214
90 :  212
Initializing...
maxdom : 11
D->valSize : 600
Solving...
Blb : 2 (clique : 42)
currentSize : 42 <-- 0.011771 s
currentSize : 43 <-- 0.012257 s
currentSize : 44 <-- 0.012350 s
currentSize : 45 <-- 0.012654 s
currentSize : 46 <-- 0.013318 s
currentSize : 51 <-- 0.177563 s
currentSize : 52 <-- 0.177842 s
currentSize : 53 <-- 0.262827 s
currentSize : 54 <-- 209.335739 s
currentSize : 55 <-- 215.004410 s
currentSize : 56 <-- 215.004532 s
currentSize : 57 <-- 218.893127 s
currentSize : 58 <-- 739.826843 s
currentSize : 59 <-- 739.827026 s
currentSize : 60 <-- 742.958923 s
currentSize : 61 <-- 742.963989 s

TIMEOUT
maxsize : 61
nodes : 189125986.000000
filtered : 1089454562.000000
time : 1000.000122
