Parameters: GAD=1 vflib=1 dir=0 label=1 lowerbound=1 fileNameGp=../../cp2016-max-common-connected-subgraph-paper/datasets/graphsdb/mcs70/rand/r02/mcs70_r02_s100.A04 fileNameGt=../../cp2016-max-common-connected-subgraph-paper/datasets/graphsdb/mcs70/rand/r02/mcs70_r02_s100.B04
Reading graphs...
100 :  1761
100 :  1777
Initializing...
maxdom : 6
D->valSize : 372
Solving...
Blb : 2 (clique : 44)
currentSize : 44 <-- 0.003686 s
currentSize : 45 <-- 0.003942 s
currentSize : 46 <-- 0.007113 s
currentSize : 47 <-- 0.019223 s
currentSize : 48 <-- 0.174235 s
currentSize : 49 <-- 1.317076 s
currentSize : 50 <-- 2.658126 s
currentSize : 51 <-- 3.752298 s

maxsize : 51
nodes : 8515082.000000
filtered : 6585285.000000
time : 36.258812
