Parameters: GAD=1 vflib=1 dir=0 label=1 lowerbound=1 fileNameGp=../../cp2016-max-common-connected-subgraph-paper/datasets/graphsdb/mcs70/bvg/b06m/mcs70_b06m_s60.A09 fileNameGt=../../cp2016-max-common-connected-subgraph-paper/datasets/graphsdb/mcs70/bvg/b06m/mcs70_b06m_s60.B09
Reading graphs...
60 :  177
60 :  177
Initializing...
maxdom : 6
D->valSize : 257
Solving...
Blb : 2 (clique : 21)
currentSize : 21 <-- 0.001874 s
currentSize : 24 <-- 0.002355 s
currentSize : 29 <-- 0.006141 s
currentSize : 30 <-- 0.006217 s
currentSize : 31 <-- 0.011619 s
currentSize : 32 <-- 0.012553 s
currentSize : 33 <-- 0.024093 s
currentSize : 34 <-- 0.024298 s
currentSize : 36 <-- 0.040248 s
currentSize : 37 <-- 0.040312 s
currentSize : 38 <-- 0.042181 s
currentSize : 39 <-- 0.042253 s
currentSize : 40 <-- 0.042869 s
currentSize : 41 <-- 0.544050 s

maxsize : 41
nodes : 285902.000000
filtered : 1011926.000000
time : 0.990582
