Parameters: GAD=1 vflib=1 dir=0 label=1 lowerbound=1 fileNameGp=../../cp2016-max-common-connected-subgraph-paper/datasets/graphsdb/mcs70/bvg/b06m/mcs70_b06m_s80.A06 fileNameGt=../../cp2016-max-common-connected-subgraph-paper/datasets/graphsdb/mcs70/bvg/b06m/mcs70_b06m_s80.B06
Reading graphs...
80 :  237
80 :  237
Initializing...
maxdom : 9
D->valSize : 440
Solving...
Blb : 3 (clique : 37)
currentSize : 37 <-- 0.004472 s
currentSize : 38 <-- 0.135399 s
currentSize : 39 <-- 0.903416 s
currentSize : 40 <-- 0.903480 s
currentSize : 42 <-- 2.025943 s
currentSize : 43 <-- 2.026096 s
currentSize : 46 <-- 2.813126 s
currentSize : 48 <-- 2.813222 s
currentSize : 49 <-- 125.896385 s
currentSize : 53 <-- 126.685265 s
currentSize : 55 <-- 126.700821 s

maxsize : 55
nodes : 40985815.000000
filtered : 190740123.000000
time : 183.428604
