Parameters: GAD=1 vflib=1 dir=0 label=1 lowerbound=1 fileNameGp=../../cp2016-max-common-connected-subgraph-paper/datasets/graphsdb/mcs70/m2D/m2Dr6/mcs70_m2Dr6_s80.A07 fileNameGt=../../cp2016-max-common-connected-subgraph-paper/datasets/graphsdb/mcs70/m2D/m2Dr6/mcs70_m2Dr6_s80.B07
Reading graphs...
80 :  187
80 :  184
Initializing...
maxdom : 9
D->valSize : 440
Solving...
Blb : 2 (clique : 32)
currentSize : 32 <-- 0.004266 s
currentSize : 33 <-- 15.621930 s
currentSize : 34 <-- 16.551319 s
currentSize : 35 <-- 185.740494 s
currentSize : 36 <-- 355.834656 s
currentSize : 37 <-- 377.234009 s
currentSize : 38 <-- 392.487244 s
currentSize : 39 <-- 412.026520 s
currentSize : 40 <-- 412.026978 s
currentSize : 41 <-- 559.175964 s
currentSize : 42 <-- 559.176025 s
currentSize : 43 <-- 762.751221 s
currentSize : 44 <-- 762.756348 s

TIMEOUT
maxsize : 44
nodes : 195226666.000000
filtered : 1552848612.000000
time : 1000.000061
