Parameters: GAD=1 vflib=1 dir=0 label=1 lowerbound=1 fileNameGp=../../cp2016-max-common-connected-subgraph-paper/datasets/graphsdb/mcs70/bvg/b09/mcs70_b09_s80.A04 fileNameGt=../../cp2016-max-common-connected-subgraph-paper/datasets/graphsdb/mcs70/bvg/b09/mcs70_b09_s80.B04
Reading graphs...
80 :  358
80 :  358
Initializing...
maxdom : 10
D->valSize : 448
Solving...
Blb : 2 (clique : 16)
currentSize : 16 <-- 0.004200 s
currentSize : 18 <-- 0.004426 s
currentSize : 19 <-- 0.004561 s
currentSize : 20 <-- 0.005182 s
currentSize : 21 <-- 0.005560 s
currentSize : 22 <-- 0.007407 s
currentSize : 23 <-- 0.254467 s
currentSize : 24 <-- 0.255070 s
currentSize : 25 <-- 0.265410 s
currentSize : 26 <-- 0.266053 s
currentSize : 28 <-- 0.431375 s
currentSize : 30 <-- 0.431462 s
currentSize : 31 <-- 0.452640 s
currentSize : 33 <-- 0.452742 s
currentSize : 34 <-- 2.373702 s
currentSize : 37 <-- 2.379109 s
currentSize : 43 <-- 2.380491 s
currentSize : 44 <-- 3.230677 s
currentSize : 45 <-- 3.231885 s
currentSize : 47 <-- 3.235069 s
currentSize : 56 <-- 3.236216 s

maxsize : 56
nodes : 693251.000000
filtered : 4944440.000000
time : 3.682084
