Parameters: GAD=1 vflib=1 dir=0 label=1 lowerbound=1 fileNameGp=../../cp2016-max-common-connected-subgraph-paper/datasets/graphsdb/mcs70/bvg/b09/mcs70_b09_s80.A02 fileNameGt=../../cp2016-max-common-connected-subgraph-paper/datasets/graphsdb/mcs70/bvg/b09/mcs70_b09_s80.B02
Reading graphs...
80 :  357
80 :  355
Initializing...
maxdom : 8
D->valSize : 428
Solving...
Blb : 3 (clique : 29)
currentSize : 29 <-- 0.003989 s
currentSize : 39 <-- 0.004193 s
currentSize : 40 <-- 0.004350 s
currentSize : 41 <-- 0.005550 s
currentSize : 44 <-- 0.007439 s
currentSize : 45 <-- 0.007593 s
currentSize : 46 <-- 0.009017 s
currentSize : 48 <-- 0.011784 s
currentSize : 51 <-- 0.012271 s
currentSize : 53 <-- 0.013433 s
currentSize : 56 <-- 0.013885 s

maxsize : 56
nodes : 67845.000000
filtered : 513818.000000
time : 0.395988
