Parameters: GAD=1 vflib=1 dir=0 label=1 lowerbound=1 fileNameGp=../../cp2016-max-common-connected-subgraph-paper/datasets/graphsdb/mcs70/bvg/b06/mcs70_b06_s90.A04 fileNameGt=../../cp2016-max-common-connected-subgraph-paper/datasets/graphsdb/mcs70/bvg/b06/mcs70_b06_s90.B04
Reading graphs...
90 :  268
90 :  268
Initializing...
maxdom : 12
D->valSize : 608
Solving...
Blb : 5 (clique : 30)
currentSize : 30 <-- 0.007277 s
currentSize : 46 <-- 0.007583 s
currentSize : 47 <-- 0.007676 s
currentSize : 55 <-- 0.008452 s
currentSize : 62 <-- 67.715424 s
currentSize : 63 <-- 79.263634 s

maxsize : 63
nodes : 17961830.000000
filtered : 150094540.000000
time : 103.539566
