Parameters: GAD=1 vflib=1 dir=0 label=1 lowerbound=1 fileNameGp=../../cp2016-max-common-connected-subgraph-paper/datasets/graphsdb/mcs70/m3D/m3Dr4/mcs70_m3Dr4_s90.A00 fileNameGt=../../cp2016-max-common-connected-subgraph-paper/datasets/graphsdb/mcs70/m3D/m3Dr4/mcs70_m3Dr4_s90.B00
Reading graphs...
90 :  243
90 :  243
Initializing...
maxdom : 10
D->valSize : 560
Solving...
Blb : 3 (clique : 47)
currentSize : 47 <-- 0.011170 s
currentSize : 48 <-- 0.014168 s
currentSize : 49 <-- 0.014253 s
currentSize : 50 <-- 0.014415 s
currentSize : 51 <-- 0.014709 s
currentSize : 52 <-- 0.014807 s
currentSize : 53 <-- 0.014992 s
currentSize : 54 <-- 0.277093 s
currentSize : 55 <-- 2.328382 s
currentSize : 56 <-- 2.328458 s
currentSize : 58 <-- 2.328937 s
currentSize : 59 <-- 2.329010 s
currentSize : 60 <-- 3.061098 s
currentSize : 63 <-- 140.251251 s
currentSize : 64 <-- 140.873505 s

maxsize : 64
nodes : 54055559.000000
filtered : 311816853.000000
time : 290.778564
