Parameters: GAD=1 vflib=1 dir=0 label=1 lowerbound=1 fileNameGp=../../cp2016-max-common-connected-subgraph-paper/datasets/graphsdb/mcs70/rand/r02/mcs70_r02_s90.A04 fileNameGt=../../cp2016-max-common-connected-subgraph-paper/datasets/graphsdb/mcs70/rand/r02/mcs70_r02_s90.B04
Reading graphs...
90 :  1435
90 :  1434
Initializing...
maxdom : 10
D->valSize : 531
Solving...
Blb : 2 (clique : 25)
currentSize : 25 <-- 0.005436 s
currentSize : 26 <-- 0.006472 s
currentSize : 40 <-- 0.008509 s
currentSize : 41 <-- 0.009065 s
currentSize : 42 <-- 0.026559 s
currentSize : 43 <-- 4.832239 s
currentSize : 44 <-- 4.850171 s

maxsize : 44
nodes : 8600271.000000
filtered : 5039334.000000
time : 32.774200
