Parameters: GAD=1 vflib=1 dir=0 label=1 lowerbound=1 fileNameGp=../../cp2016-max-common-connected-subgraph-paper/datasets/graphsdb/mcs70/m3D/m3Dr2/mcs70_m3Dr2_s100.A00 fileNameGt=../../cp2016-max-common-connected-subgraph-paper/datasets/graphsdb/mcs70/m3D/m3Dr2/mcs70_m3Dr2_s100.B00
Reading graphs...
100 :  252
100 :  253
Initializing...
maxdom : 8
D->valSize : 377
Solving...
Blb : 3 (clique : 47)
currentSize : 47 <-- 0.003969 s
currentSize : 48 <-- 1.333628 s
currentSize : 49 <-- 1.380655 s
currentSize : 50 <-- 3.347815 s
currentSize : 55 <-- 486.182617 s
currentSize : 56 <-- 486.186859 s
currentSize : 58 <-- 842.431946 s
currentSize : 59 <-- 848.806580 s
currentSize : 63 <-- 848.807434 s

TIMEOUT
maxsize : 63
nodes : 199394412.000000
filtered : 726760556.000000
time : 1000.000122
