Parameters: GAD=1 vflib=1 dir=0 label=1 lowerbound=1 fileNameGp=../../cp2016-max-common-connected-subgraph-paper/datasets/graphsdb/mcs70/bvg/b06m/mcs70_b06m_s90.A05 fileNameGt=../../cp2016-max-common-connected-subgraph-paper/datasets/graphsdb/mcs70/bvg/b06m/mcs70_b06m_s90.B05
Reading graphs...
90 :  268
90 :  268
Initializing...
maxdom : 10
D->valSize : 538
Solving...
Blb : 2 (clique : 40)
currentSize : 40 <-- 0.006294 s
currentSize : 41 <-- 0.006579 s
currentSize : 45 <-- 0.007261 s
currentSize : 46 <-- 0.007306 s
currentSize : 47 <-- 0.008562 s
currentSize : 48 <-- 0.008605 s
currentSize : 55 <-- 0.013452 s
currentSize : 62 <-- 0.022797 s
currentSize : 63 <-- 0.080369 s

maxsize : 63
nodes : 4304705.000000
filtered : 30391395.000000
time : 24.975336
