Parameters: GAD=1 vflib=1 dir=0 label=1 lowerbound=1 fileNameGp=../../cp2016-max-common-connected-subgraph-paper/datasets/graphsdb/mcs70/m2D/m2Dr4/mcs70_m2Dr4_s100.A01 fileNameGt=../../cp2016-max-common-connected-subgraph-paper/datasets/graphsdb/mcs70/m2D/m2Dr4/mcs70_m2Dr4_s100.B01
Reading graphs...
100 :  219
100 :  219
Initializing...
maxdom : 7
D->valSize : 375
Solving...
Blb : 3 (clique : 49)
currentSize : 49 <-- 0.004123 s
currentSize : 51 <-- 0.042669 s
currentSize : 52 <-- 6.952514 s
currentSize : 54 <-- 6.953373 s
currentSize : 55 <-- 6.965235 s
currentSize : 57 <-- 7.030769 s
currentSize : 59 <-- 7.033046 s
currentSize : 60 <-- 7.081358 s
currentSize : 62 <-- 88.931053 s
currentSize : 63 <-- 88.958099 s
currentSize : 64 <-- 529.388733 s

TIMEOUT
maxsize : 64
nodes : 187705343.000000
filtered : 762882940.000000
time : 1000.000122
