Parameters: GAD=1 vflib=1 dir=0 label=1 lowerbound=1 fileNameGp=../../cp2016-max-common-connected-subgraph-paper/datasets/graphsdb/mcs70/rand/r005/mcs70_r005_s80.A05 fileNameGt=../../cp2016-max-common-connected-subgraph-paper/datasets/graphsdb/mcs70/rand/r005/mcs70_r005_s80.B05
Reading graphs...
80 :  308
80 :  308
Initializing...
maxdom : 9
D->valSize : 453
Solving...
Blb : 3 (clique : 24)
currentSize : 24 <-- 0.007100 s
currentSize : 28 <-- 0.122292 s
currentSize : 29 <-- 0.408003 s
currentSize : 30 <-- 0.520241 s
currentSize : 32 <-- 1.156993 s
currentSize : 33 <-- 1.371179 s
currentSize : 34 <-- 1.371282 s
currentSize : 35 <-- 1.961538 s
currentSize : 39 <-- 2.280097 s
currentSize : 41 <-- 2.280218 s
currentSize : 42 <-- 2.704310 s
currentSize : 46 <-- 2.773995 s
currentSize : 48 <-- 2.774115 s
currentSize : 53 <-- 3.502310 s
currentSize : 56 <-- 3.502442 s

maxsize : 56
nodes : 647768.000000
filtered : 5658600.000000
time : 3.641798
