Parameters: GAD=1 vflib=1 dir=0 label=1 lowerbound=1 fileNameGp=../../cp2016-max-common-connected-subgraph-paper/datasets/graphsdb/mcs70/bvg/b06m/mcs70_b06m_s90.A09 fileNameGt=../../cp2016-max-common-connected-subgraph-paper/datasets/graphsdb/mcs70/bvg/b06m/mcs70_b06m_s90.B09
Reading graphs...
90 :  267
90 :  265
Initializing...
maxdom : 12
D->valSize : 588
Solving...
Blb : 2 (clique : 37)
currentSize : 37 <-- 0.007104 s
currentSize : 48 <-- 0.007410 s
currentSize : 49 <-- 0.007744 s
currentSize : 50 <-- 0.073902 s
currentSize : 51 <-- 0.074514 s
currentSize : 52 <-- 0.250675 s
currentSize : 53 <-- 0.251256 s
currentSize : 54 <-- 16.224783 s
currentSize : 55 <-- 16.249706 s
currentSize : 56 <-- 16.250092 s
currentSize : 57 <-- 16.250254 s
currentSize : 58 <-- 20.278149 s
currentSize : 59 <-- 49.974918 s
currentSize : 60 <-- 113.317734 s
currentSize : 61 <-- 113.717117 s
currentSize : 62 <-- 113.717873 s
currentSize : 63 <-- 113.718048 s

maxsize : 63
nodes : 48907090.000000
filtered : 340267744.000000
time : 278.345581
