Parameters: GAD=1 vflib=1 dir=0 label=1 lowerbound=1 fileNameGp=../../cp2016-max-common-connected-subgraph-paper/datasets/graphsdb/mcs70/m2D/m2Dr4/mcs70_m2Dr4_s80.A02 fileNameGt=../../cp2016-max-common-connected-subgraph-paper/datasets/graphsdb/mcs70/m2D/m2Dr4/mcs70_m2Dr4_s80.B02
Reading graphs...
80 :  171
80 :  169
Initializing...
maxdom : 9
D->valSize : 475
Solving...
Blb : 2 (clique : 36)
currentSize : 36 <-- 0.004808 s
currentSize : 37 <-- 0.005110 s
currentSize : 38 <-- 25.043268 s
currentSize : 39 <-- 25.043308 s
currentSize : 40 <-- 30.458952 s
currentSize : 41 <-- 105.536255 s
currentSize : 42 <-- 106.910515 s
currentSize : 43 <-- 106.912674 s
currentSize : 45 <-- 110.378311 s
currentSize : 48 <-- 113.397942 s
currentSize : 49 <-- 298.447174 s
currentSize : 50 <-- 511.580750 s

TIMEOUT
maxsize : 50
nodes : 213768869.000000
filtered : 1217046653.000000
time : 1000.000061
