Parameters: GAD=1 vflib=1 dir=0 label=1 lowerbound=1 fileNameGp=../../cp2016-max-common-connected-subgraph-paper/datasets/graphsdb/mcs70/rand/r001/mcs70_r001_s100.A03 fileNameGt=../../cp2016-max-common-connected-subgraph-paper/datasets/graphsdb/mcs70/rand/r001/mcs70_r001_s100.B03
Reading graphs...
100 :  120
100 :  120
Initializing...
maxdom : 6
D->valSize : 365
Solving...
Blb : 2 (clique : 63)
currentSize : 63 <-- 0.004141 s
currentSize : 64 <-- 0.004582 s
currentSize : 65 <-- 0.005161 s
currentSize : 66 <-- 0.005334 s
currentSize : 67 <-- 0.005946 s
currentSize : 68 <-- 0.093877 s
currentSize : 69 <-- 51.520607 s
currentSize : 70 <-- 78.241241 s

TIMEOUT
maxsize : 70
nodes : 203587344.000000
filtered : 540816872.000000
time : 1000.000122
