Parameters: GAD=1 vflib=1 dir=0 label=1 lowerbound=1 fileNameGp=../../cp2016-max-common-connected-subgraph-paper/datasets/graphsdb/mcs70/m3D/m3Dr4/mcs70_m3Dr4_s100.A00 fileNameGt=../../cp2016-max-common-connected-subgraph-paper/datasets/graphsdb/mcs70/m3D/m3Dr4/mcs70_m3Dr4_s100.B00
Reading graphs...
100 :  274
100 :  273
Initializing...
maxdom : 7
D->valSize : 368
Solving...
Blb : 2 (clique : 40)
currentSize : 40 <-- 0.006303 s
currentSize : 41 <-- 0.006992 s
currentSize : 43 <-- 0.014709 s
currentSize : 45 <-- 0.015024 s
currentSize : 46 <-- 0.045724 s
currentSize : 48 <-- 0.045895 s
currentSize : 51 <-- 0.083734 s
currentSize : 53 <-- 0.083902 s
currentSize : 55 <-- 0.552933 s
currentSize : 57 <-- 0.580590 s
currentSize : 58 <-- 28.134144 s
currentSize : 60 <-- 28.145456 s
currentSize : 61 <-- 149.372513 s
currentSize : 63 <-- 149.431625 s

maxsize : 63
nodes : 50415877.000000
filtered : 182714045.000000
time : 263.167023
