Parameters: GAD=1 vflib=1 dir=0 label=1 lowerbound=1 fileNameGp=../../cp2016-max-common-connected-subgraph-paper/datasets/graphsdb/mcs70/rand/r005/mcs70_r005_s50.A03 fileNameGt=../../cp2016-max-common-connected-subgraph-paper/datasets/graphsdb/mcs70/rand/r005/mcs70_r005_s50.B03
Reading graphs...
50 :  116
50 :  117
Initializing...
maxdom : 10
D->valSize : 342
Solving...
Blb : 2 (clique : 17)
currentSize : 17 <-- 0.002450 s
currentSize : 19 <-- 0.002547 s
currentSize : 20 <-- 0.002650 s
currentSize : 21 <-- 0.007504 s
currentSize : 22 <-- 0.033743 s
currentSize : 23 <-- 0.036471 s
currentSize : 24 <-- 0.037494 s
currentSize : 25 <-- 0.038666 s
currentSize : 26 <-- 0.042053 s
currentSize : 27 <-- 0.042098 s
currentSize : 28 <-- 0.059366 s
currentSize : 29 <-- 0.069776 s
currentSize : 32 <-- 0.135615 s
currentSize : 35 <-- 0.249055 s

maxsize : 35
nodes : 56842.000000
filtered : 689027.000000
time : 0.264400
