Parameters: GAD=1 vflib=1 dir=0 label=1 lowerbound=1 fileNameGp=../../cp2016-max-common-connected-subgraph-paper/datasets/graphsdb/mcs70/rand/r01/mcs70_r01_s90.A07 fileNameGt=../../cp2016-max-common-connected-subgraph-paper/datasets/graphsdb/mcs70/rand/r01/mcs70_r01_s90.B07
Reading graphs...
90 :  755
90 :  756
Initializing...
maxdom : 11
D->valSize : 565
Solving...
Blb : 2 (clique : 18)
currentSize : 18 <-- 0.006225 s
currentSize : 19 <-- 0.006383 s
currentSize : 20 <-- 0.006408 s
currentSize : 25 <-- 0.007367 s
currentSize : 34 <-- 0.025067 s
currentSize : 42 <-- 0.165309 s
currentSize : 53 <-- 0.424902 s

maxsize : 53
nodes : 6214808.000000
filtered : 6400555.000000
time : 21.345837
