Parameters: GAD=1 vflib=1 dir=0 label=1 lowerbound=1 fileNameGp=../../cp2016-max-common-connected-subgraph-paper/datasets/graphsdb/mcs70/m2D/m2D/mcs70_m2D_s80.A00 fileNameGt=../../cp2016-max-common-connected-subgraph-paper/datasets/graphsdb/mcs70/m2D/m2D/mcs70_m2D_s80.B00
Reading graphs...
80 :  141
80 :  142
Initializing...
maxdom : 10
D->valSize : 451
Solving...
Blb : 2 (clique : 40)
currentSize : 40 <-- 0.004498 s
currentSize : 42 <-- 0.004772 s
currentSize : 44 <-- 0.006644 s
currentSize : 45 <-- 0.006769 s
currentSize : 46 <-- 0.009021 s
currentSize : 47 <-- 0.013427 s
currentSize : 48 <-- 0.015385 s
currentSize : 49 <-- 3.386034 s
currentSize : 50 <-- 360.403015 s

TIMEOUT
maxsize : 50
nodes : 194422581.000000
filtered : 1045901526.000000
time : 1000.000061
