Parameters: GAD=1 vflib=1 dir=0 label=1 lowerbound=1 fileNameGp=../../cp2016-max-common-connected-subgraph-paper/datasets/graphsdb/mcs70/m2D/m2Dr6/mcs70_m2Dr6_s60.A09 fileNameGt=../../cp2016-max-common-connected-subgraph-paper/datasets/graphsdb/mcs70/m2D/m2Dr6/mcs70_m2Dr6_s60.B09
Reading graphs...
60 :  139
60 :  136
Initializing...
maxdom : 10
D->valSize : 298
Solving...
Blb : 2 (clique : 24)
currentSize : 24 <-- 0.002216 s
currentSize : 25 <-- 0.002773 s
currentSize : 26 <-- 0.002797 s
currentSize : 27 <-- 0.002869 s
currentSize : 28 <-- 0.002902 s
currentSize : 30 <-- 0.005725 s
currentSize : 31 <-- 0.005801 s
currentSize : 32 <-- 0.029346 s
currentSize : 33 <-- 0.305205 s
currentSize : 34 <-- 0.814937 s
currentSize : 35 <-- 0.846028 s

maxsize : 35
nodes : 723560.000000
filtered : 3726443.000000
time : 2.876206
