Parameters: GAD=1 vflib=1 dir=0 label=1 lowerbound=1 fileNameGp=../../cp2016-max-common-connected-subgraph-paper/datasets/graphsdb/mcs70/bvg/b06m/mcs70_b06m_s50.A03 fileNameGt=../../cp2016-max-common-connected-subgraph-paper/datasets/graphsdb/mcs70/bvg/b06m/mcs70_b06m_s50.B03
Reading graphs...
50 :  149
50 :  148
Initializing...
maxdom : 10
D->valSize : 333
Solving...
Blb : 2 (clique : 18)
currentSize : 18 <-- 0.002281 s
currentSize : 20 <-- 0.002463 s
currentSize : 22 <-- 0.029698 s
currentSize : 23 <-- 0.036168 s
currentSize : 27 <-- 0.098293 s
currentSize : 28 <-- 0.110324 s
currentSize : 33 <-- 0.151874 s
currentSize : 35 <-- 0.152037 s

maxsize : 35
nodes : 64853.000000
filtered : 542416.000000
time : 0.251448
