Parameters: GAD=1 vflib=1 dir=0 label=1 lowerbound=1 fileNameGp=../../cp2016-max-common-connected-subgraph-paper/datasets/graphsdb/mcs70/rand/r01/mcs70_r01_s100.A07 fileNameGt=../../cp2016-max-common-connected-subgraph-paper/datasets/graphsdb/mcs70/rand/r01/mcs70_r01_s100.B07
Reading graphs...
100 :  936
100 :  922
Initializing...
maxdom : 6
D->valSize : 355
Solving...
Blb : 2 (clique : 23)
currentSize : 23 <-- 0.003482 s
currentSize : 27 <-- 0.003703 s
currentSize : 29 <-- 0.004371 s
currentSize : 34 <-- 0.004532 s
currentSize : 35 <-- 0.008416 s
currentSize : 46 <-- 0.009143 s
currentSize : 47 <-- 0.012233 s
currentSize : 60 <-- 0.171790 s
currentSize : 61 <-- 0.285689 s

maxsize : 61
nodes : 378976.000000
filtered : 1303797.000000
time : 1.829511
