Parameters: GAD=1 vflib=1 dir=0 label=1 lowerbound=1 fileNameGp=../../cp2016-max-common-connected-subgraph-paper/datasets/graphsdb/mcs70/bvg/b03m/mcs70_b03m_s80.A04 fileNameGt=../../cp2016-max-common-connected-subgraph-paper/datasets/graphsdb/mcs70/bvg/b03m/mcs70_b03m_s80.B04
Reading graphs...
80 :  118
80 :  118
Initializing...
maxdom : 8
D->valSize : 409
Solving...
Blb : 2 (clique : 47)
currentSize : 47 <-- 0.004086 s
currentSize : 48 <-- 0.004500 s
currentSize : 49 <-- 0.019613 s
currentSize : 50 <-- 0.038463 s
currentSize : 51 <-- 2.234574 s
currentSize : 52 <-- 479.320343 s
currentSize : 53 <-- 504.191559 s
currentSize : 54 <-- 504.193573 s
currentSize : 55 <-- 512.788635 s
currentSize : 56 <-- 512.807861 s
currentSize : 57 <-- 513.616211 s

maxsize : 57
nodes : 114685838.000000
filtered : 775009464.000000
time : 643.922058
