Parameters: GAD=1 vflib=1 dir=0 label=1 lowerbound=1 fileNameGp=../../cp2016-max-common-connected-subgraph-paper/datasets/graphsdb/mcs70/bvg/b09/mcs70_b09_s100.A07 fileNameGt=../../cp2016-max-common-connected-subgraph-paper/datasets/graphsdb/mcs70/bvg/b09/mcs70_b09_s100.B07
Reading graphs...
100 :  448
100 :  449
Initializing...
maxdom : 5
D->valSize : 378
Solving...
Blb : 2 (clique : 55)
currentSize : 55 <-- 0.004465 s
currentSize : 61 <-- 0.005515 s
currentSize : 63 <-- 0.005715 s
currentSize : 65 <-- 0.008075 s
currentSize : 66 <-- 0.015529 s
currentSize : 68 <-- 0.015717 s
currentSize : 70 <-- 0.020096 s

maxsize : 70
nodes : 1212518.000000
filtered : 6730114.000000
time : 6.945167
