Parameters: GAD=1 vflib=1 dir=0 label=1 lowerbound=1 fileNameGp=../../cp2016-max-common-connected-subgraph-paper/datasets/graphsdb/mcs70/m2D/m2Dr6/mcs70_m2Dr6_s70.A03 fileNameGt=../../cp2016-max-common-connected-subgraph-paper/datasets/graphsdb/mcs70/m2D/m2Dr6/mcs70_m2Dr6_s70.B03
Reading graphs...
70 :  163
70 :  162
Initializing...
maxdom : 9
D->valSize : 376
Solving...
Blb : 2 (clique : 35)
currentSize : 35 <-- 0.005200 s
currentSize : 36 <-- 0.008720 s
currentSize : 39 <-- 0.335775 s
currentSize : 40 <-- 0.341531 s
currentSize : 43 <-- 6.932967 s
currentSize : 44 <-- 12.381717 s
currentSize : 46 <-- 12.382067 s
currentSize : 48 <-- 12.384343 s

maxsize : 48
nodes : 4406674.000000
filtered : 19375550.000000
time : 18.545004
