Parameters: GAD=1 vflib=1 dir=0 label=1 lowerbound=1 fileNameGp=../../cp2016-max-common-connected-subgraph-paper/datasets/graphsdb/mcs70/m2D/m2Dr4/mcs70_m2Dr4_s60.A08 fileNameGt=../../cp2016-max-common-connected-subgraph-paper/datasets/graphsdb/mcs70/m2D/m2Dr4/mcs70_m2Dr4_s60.B08
Reading graphs...
60 :  127
60 :  127
Initializing...
maxdom : 8
D->valSize : 241
Solving...
Blb : 2 (clique : 28)
currentSize : 28 <-- 0.002814 s
currentSize : 29 <-- 0.003388 s
currentSize : 31 <-- 0.032195 s
currentSize : 32 <-- 0.225826 s
currentSize : 34 <-- 1.203533 s
currentSize : 35 <-- 1.467973 s
currentSize : 36 <-- 1.468033 s

maxsize : 36
nodes : 1039028.000000
filtered : 2885654.000000
time : 3.359809
