Parameters: GAD=1 vflib=1 dir=0 label=1 lowerbound=1 fileNameGp=../../cp2016-max-common-connected-subgraph-paper/datasets/graphsdb/mcs70/rand/r02/mcs70_r02_s80.A03 fileNameGt=../../cp2016-max-common-connected-subgraph-paper/datasets/graphsdb/mcs70/rand/r02/mcs70_r02_s80.B03
Reading graphs...
80 :  1123
80 :  1133
Initializing...
maxdom : 12
D->valSize : 458
Solving...
Blb : 2 (clique : 15)
currentSize : 15 <-- 0.004108 s
currentSize : 20 <-- 0.004234 s
currentSize : 23 <-- 0.013299 s
currentSize : 24 <-- 0.013512 s
currentSize : 37 <-- 0.014000 s
currentSize : 38 <-- 0.014045 s
currentSize : 39 <-- 0.552086 s
currentSize : 40 <-- 1.940948 s

maxsize : 40
nodes : 2400146.000000
filtered : 946125.000000
time : 7.800956
