Parameters: GAD=1 vflib=1 dir=0 label=1 lowerbound=1 fileNameGp=../../cp2016-max-common-connected-subgraph-paper/datasets/graphsdb/mcs70/m3D/m3Dr2/mcs70_m3Dr2_s100.A02 fileNameGt=../../cp2016-max-common-connected-subgraph-paper/datasets/graphsdb/mcs70/m3D/m3Dr2/mcs70_m3Dr2_s100.B02
Reading graphs...
100 :  255
100 :  254
Initializing...
maxdom : 10
D->valSize : 439
Solving...
Blb : 3 (clique : 48)
currentSize : 48 <-- 0.004774 s
currentSize : 50 <-- 0.005159 s
currentSize : 51 <-- 0.036170 s
currentSize : 52 <-- 0.036221 s
currentSize : 54 <-- 0.036340 s
currentSize : 55 <-- 0.813402 s
currentSize : 56 <-- 0.813599 s
currentSize : 60 <-- 0.817827 s
currentSize : 61 <-- 0.818031 s
currentSize : 63 <-- 79.105324 s
currentSize : 64 <-- 79.105583 s

maxsize : 64
nodes : 39526506.000000
filtered : 207729962.000000
time : 211.210922
