Parameters: GAD=1 vflib=1 dir=0 label=1 lowerbound=1 fileNameGp=../../cp2016-max-common-connected-subgraph-paper/datasets/graphsdb/mcs70/m3D/m3Dr4/mcs70_m3Dr4_s100.A02 fileNameGt=../../cp2016-max-common-connected-subgraph-paper/datasets/graphsdb/mcs70/m3D/m3Dr4/mcs70_m3Dr4_s100.B02
Reading graphs...
100 :  274
100 :  273
Initializing...
maxdom : 8
D->valSize : 374
Solving...
Blb : 2 (clique : 44)
currentSize : 44 <-- 0.006369 s
currentSize : 46 <-- 0.007055 s
currentSize : 48 <-- 0.008589 s
currentSize : 49 <-- 0.009044 s
currentSize : 51 <-- 0.026642 s
currentSize : 53 <-- 0.028627 s
currentSize : 54 <-- 0.028828 s
currentSize : 55 <-- 88.959015 s
currentSize : 56 <-- 88.959183 s
currentSize : 57 <-- 266.314178 s
currentSize : 58 <-- 266.314392 s
currentSize : 60 <-- 266.314758 s
currentSize : 61 <-- 266.314972 s
currentSize : 63 <-- 294.614716 s
currentSize : 64 <-- 294.614929 s

maxsize : 64
nodes : 72962244.000000
filtered : 321963677.000000
time : 390.699219
