Parameters: GAD=1 vflib=1 dir=0 label=1 lowerbound=1 fileNameGp=../../cp2016-max-common-connected-subgraph-paper/datasets/graphsdb/mcs70/m3D/m3D/mcs70_m3D_s100.A00 fileNameGt=../../cp2016-max-common-connected-subgraph-paper/datasets/graphsdb/mcs70/m3D/m3D/mcs70_m3D_s100.B00
Reading graphs...
100 :  235
100 :  234
Initializing...
maxdom : 6
D->valSize : 368
Solving...
Blb : 3 (clique : 40)
currentSize : 40 <-- 0.006272 s
currentSize : 41 <-- 0.193451 s
currentSize : 42 <-- 0.205688 s
currentSize : 43 <-- 0.208959 s
currentSize : 45 <-- 0.312340 s
currentSize : 46 <-- 0.314447 s
currentSize : 49 <-- 3.733683 s
currentSize : 50 <-- 23.424212 s
currentSize : 51 <-- 54.434948 s
currentSize : 52 <-- 133.810776 s
currentSize : 54 <-- 140.230377 s
currentSize : 55 <-- 140.344162 s
currentSize : 56 <-- 141.575363 s
currentSize : 57 <-- 141.774689 s
currentSize : 58 <-- 228.107361 s
currentSize : 60 <-- 228.108231 s
currentSize : 61 <-- 366.698303 s
currentSize : 62 <-- 544.650635 s
currentSize : 64 <-- 544.652649 s

maxsize : 64
nodes : 164569957.000000
filtered : 465767938.000000
time : 791.236633
