Parameters: GAD=1 vflib=1 dir=0 label=1 lowerbound=1 fileNameGp=../../cp2016-max-common-connected-subgraph-paper/datasets/graphsdb/mcs70/bvg/b06/mcs70_b06_s70.A06 fileNameGt=../../cp2016-max-common-connected-subgraph-paper/datasets/graphsdb/mcs70/bvg/b06/mcs70_b06_s70.B06
Reading graphs...
70 :  209
70 :  209
Initializing...
maxdom : 7
D->valSize : 342
Solving...
Blb : 2 (clique : 27)
currentSize : 27 <-- 0.002823 s
currentSize : 28 <-- 0.026791 s
currentSize : 29 <-- 0.033696 s
currentSize : 30 <-- 0.054577 s
currentSize : 31 <-- 0.106399 s
currentSize : 32 <-- 0.106442 s
currentSize : 33 <-- 0.108451 s
currentSize : 35 <-- 2.706863 s
currentSize : 36 <-- 6.216754 s
currentSize : 37 <-- 6.341821 s
currentSize : 42 <-- 6.431468 s
currentSize : 45 <-- 8.211150 s
currentSize : 49 <-- 8.249813 s

maxsize : 49
nodes : 2306644.000000
filtered : 10004948.000000
time : 9.116484
