Parameters: GAD=1 vflib=1 dir=0 label=1 lowerbound=1 fileNameGp=../../cp2016-max-common-connected-subgraph-paper/datasets/graphsdb/mcs70/m3D/m3Dr6/mcs70_m3Dr6_s90.A06 fileNameGt=../../cp2016-max-common-connected-subgraph-paper/datasets/graphsdb/mcs70/m3D/m3Dr6/mcs70_m3Dr6_s90.B06
Reading graphs...
90 :  260
90 :  256
Initializing...
maxdom : 9
D->valSize : 549
Solving...
Blb : 2 (clique : 52)
currentSize : 52 <-- 0.006310 s
currentSize : 53 <-- 0.006652 s
currentSize : 54 <-- 9.522066 s
currentSize : 55 <-- 9.522241 s
currentSize : 62 <-- 44.873821 s
currentSize : 63 <-- 44.873974 s

maxsize : 63
nodes : 13140595.000000
filtered : 86817270.000000
time : 68.872162
