Parameters: GAD=1 vflib=1 dir=0 label=1 lowerbound=1 fileNameGp=../../cp2016-max-common-connected-subgraph-paper/datasets/graphsdb/mcs70/m2D/m2Dr2/mcs70_m2Dr2_s90.A09 fileNameGt=../../cp2016-max-common-connected-subgraph-paper/datasets/graphsdb/mcs70/m2D/m2Dr2/mcs70_m2Dr2_s90.B09
Reading graphs...
90 :  178
90 :  178
Initializing...
maxdom : 11
D->valSize : 583
Solving...
Blb : 2 (clique : 46)
currentSize : 46 <-- 0.007168 s
currentSize : 48 <-- 0.007544 s
currentSize : 49 <-- 0.009200 s
currentSize : 50 <-- 0.009352 s
currentSize : 51 <-- 0.060247 s
currentSize : 53 <-- 0.114602 s
currentSize : 54 <-- 0.115034 s
currentSize : 55 <-- 0.153865 s
currentSize : 57 <-- 0.570215 s
currentSize : 58 <-- 0.570868 s
currentSize : 59 <-- 0.575709 s
currentSize : 60 <-- 0.813138 s
currentSize : 63 <-- 361.366211 s
currentSize : 64 <-- 361.366913 s

TIMEOUT
maxsize : 64
nodes : 189916046.000000
filtered : 1051644586.000000
time : 1000.000122
