Parameters: GAD=1 vflib=1 dir=0 label=1 lowerbound=1 fileNameGp=../../cp2016-max-common-connected-subgraph-paper/datasets/graphsdb/mcs70/bvg/b09/mcs70_b09_s80.A09 fileNameGt=../../cp2016-max-common-connected-subgraph-paper/datasets/graphsdb/mcs70/bvg/b09/mcs70_b09_s80.B09
Reading graphs...
80 :  357
80 :  359
Initializing...
maxdom : 8
D->valSize : 426
Solving...
Blb : 2 (clique : 27)
currentSize : 27 <-- 0.004161 s
currentSize : 28 <-- 0.004731 s
currentSize : 30 <-- 0.043565 s
currentSize : 33 <-- 0.061153 s
currentSize : 34 <-- 1.471663 s
currentSize : 36 <-- 1.599040 s
currentSize : 38 <-- 1.599472 s
currentSize : 44 <-- 2.448967 s
currentSize : 47 <-- 2.451329 s
currentSize : 52 <-- 2.453770 s
currentSize : 56 <-- 2.454346 s

maxsize : 56
nodes : 527157.000000
filtered : 4549277.000000
time : 2.876098
