Parameters: GAD=1 vflib=1 dir=0 label=1 lowerbound=1 fileNameGp=../../cp2016-max-common-connected-subgraph-paper/datasets/graphsdb/mcs70/m3D/m3Dr6/mcs70_m3Dr6_s90.A07 fileNameGt=../../cp2016-max-common-connected-subgraph-paper/datasets/graphsdb/mcs70/m3D/m3Dr6/mcs70_m3Dr6_s90.B07
Reading graphs...
90 :  258
90 :  259
Initializing...
maxdom : 12
D->valSize : 573
Solving...
Blb : 2 (clique : 49)
currentSize : 49 <-- 0.006952 s
currentSize : 52 <-- 0.007294 s
currentSize : 55 <-- 0.008140 s
currentSize : 56 <-- 0.008907 s
currentSize : 59 <-- 0.023063 s
currentSize : 60 <-- 0.023426 s
currentSize : 62 <-- 0.023910 s
currentSize : 64 <-- 0.041854 s

maxsize : 64
nodes : 2940646.000000
filtered : 22600773.000000
time : 16.411047
