Parameters: GAD=1 vflib=1 dir=0 label=1 lowerbound=1 fileNameGp=../../cp2016-max-common-connected-subgraph-paper/datasets/graphsdb/mcs70/m2D/m2D/mcs70_m2D_s100.A08 fileNameGt=../../cp2016-max-common-connected-subgraph-paper/datasets/graphsdb/mcs70/m2D/m2D/mcs70_m2D_s100.B08
Reading graphs...
100 :  179
100 :  180
Initializing...
maxdom : 8
D->valSize : 360
Solving...
Blb : 2 (clique : 47)
currentSize : 47 <-- 0.003775 s
currentSize : 48 <-- 0.030336 s
currentSize : 50 <-- 0.046121 s
currentSize : 51 <-- 4.181740 s
currentSize : 53 <-- 4.183453 s
currentSize : 54 <-- 6.056316 s
currentSize : 56 <-- 6.995261 s
currentSize : 58 <-- 6.995517 s
currentSize : 59 <-- 10.976162 s
currentSize : 60 <-- 36.263054 s
currentSize : 61 <-- 36.516861 s
currentSize : 63 <-- 36.516994 s
currentSize : 64 <-- 36.522137 s

maxsize : 64
nodes : 32745895.000000
filtered : 118196048.000000
time : 179.770401
