Parameters: GAD=1 vflib=1 dir=0 label=1 lowerbound=1 fileNameGp=../../cp2016-max-common-connected-subgraph-paper/datasets/graphsdb/mcs70/m3D/m3D/mcs70_m3D_s90.A08 fileNameGt=../../cp2016-max-common-connected-subgraph-paper/datasets/graphsdb/mcs70/m3D/m3D/mcs70_m3D_s90.B08
Reading graphs...
90 :  209
90 :  209
Initializing...
maxdom : 9
D->valSize : 548
Solving...
Blb : 2 (clique : 42)
currentSize : 42 <-- 0.006439 s
currentSize : 44 <-- 0.006824 s
currentSize : 46 <-- 0.007242 s
currentSize : 49 <-- 0.007341 s
currentSize : 51 <-- 0.008747 s
currentSize : 52 <-- 0.011371 s
currentSize : 57 <-- 0.011509 s
currentSize : 60 <-- 0.013367 s
currentSize : 61 <-- 76.095833 s
currentSize : 64 <-- 141.406448 s

maxsize : 64
nodes : 32703902.000000
filtered : 208810544.000000
time : 184.016190
