Parameters: GAD=1 vflib=1 dir=0 label=1 lowerbound=1 fileNameGp=../../cp2016-max-common-connected-subgraph-paper/datasets/graphsdb/mcs70/bvg/b03/mcs70_b03_s70.A05 fileNameGt=../../cp2016-max-common-connected-subgraph-paper/datasets/graphsdb/mcs70/bvg/b03/mcs70_b03_s70.B05
Reading graphs...
70 :  105
70 :  105
Initializing...
maxdom : 8
D->valSize : 357
Solving...
Blb : 2 (clique : 33)
currentSize : 33 <-- 0.005145 s
currentSize : 39 <-- 0.005481 s
currentSize : 40 <-- 0.005596 s
currentSize : 41 <-- 0.006461 s
currentSize : 44 <-- 0.320755 s
currentSize : 45 <-- 0.320885 s
currentSize : 47 <-- 72.218483 s
currentSize : 48 <-- 72.218590 s
currentSize : 49 <-- 72.220032 s

maxsize : 49
nodes : 24373276.000000
filtered : 156626757.000000
time : 111.718124
