Parameters: GAD=1 vflib=1 dir=0 label=1 lowerbound=1 fileNameGp=../../cp2016-max-common-connected-subgraph-paper/datasets/graphsdb/mcs70/bvg/b06/mcs70_b06_s70.A09 fileNameGt=../../cp2016-max-common-connected-subgraph-paper/datasets/graphsdb/mcs70/bvg/b06/mcs70_b06_s70.B09
Reading graphs...
70 :  210
70 :  210
Initializing...
maxdom : 9
D->valSize : 381
Solving...
Blb : 2 (clique : 31)
currentSize : 31 <-- 0.003243 s
currentSize : 32 <-- 0.003443 s
currentSize : 33 <-- 0.003518 s
currentSize : 34 <-- 0.005305 s
currentSize : 35 <-- 0.005828 s
currentSize : 36 <-- 0.027471 s
currentSize : 37 <-- 0.030044 s
currentSize : 38 <-- 0.030320 s
currentSize : 40 <-- 0.434775 s
currentSize : 41 <-- 0.441927 s
currentSize : 43 <-- 0.446212 s
currentSize : 44 <-- 0.446298 s
currentSize : 45 <-- 0.446597 s
currentSize : 46 <-- 1.326788 s
currentSize : 49 <-- 1.326904 s

maxsize : 49
nodes : 567269.000000
filtered : 3748876.000000
time : 2.617387
