Parameters: GAD=1 vflib=1 dir=0 label=1 lowerbound=1 fileNameGp=../../cp2016-max-common-connected-subgraph-paper/datasets/graphsdb/mcs70/bvg/b06m/mcs70_b06m_s90.A00 fileNameGt=../../cp2016-max-common-connected-subgraph-paper/datasets/graphsdb/mcs70/bvg/b06m/mcs70_b06m_s90.B00
Reading graphs...
90 :  267
90 :  266
Initializing...
maxdom : 10
D->valSize : 546
Solving...
Blb : 3 (clique : 44)
currentSize : 44 <-- 0.006364 s
currentSize : 46 <-- 58.239754 s
currentSize : 48 <-- 63.401123 s
currentSize : 49 <-- 90.401405 s
currentSize : 50 <-- 108.188133 s
currentSize : 51 <-- 110.867958 s
currentSize : 53 <-- 110.868317 s
currentSize : 54 <-- 143.625061 s
currentSize : 56 <-- 143.625198 s
currentSize : 58 <-- 181.914185 s
currentSize : 59 <-- 230.519775 s
currentSize : 62 <-- 286.486053 s

maxsize : 62
nodes : 57246513.000000
filtered : 386891429.000000
time : 313.710388
