Parameters: GAD=1 vflib=1 dir=0 label=1 lowerbound=1 fileNameGp=../../cp2016-max-common-connected-subgraph-paper/datasets/graphsdb/mcs70/bvg/b09m/mcs70_b09m_s90.A00 fileNameGt=../../cp2016-max-common-connected-subgraph-paper/datasets/graphsdb/mcs70/bvg/b09m/mcs70_b09m_s90.B00
Reading graphs...
90 :  399
90 :  399
Initializing...
maxdom : 10
D->valSize : 556
Solving...
Blb : 3 (clique : 31)
currentSize : 31 <-- 0.009793 s
currentSize : 33 <-- 0.010162 s
currentSize : 34 <-- 0.012834 s
currentSize : 39 <-- 0.013728 s
currentSize : 40 <-- 0.013921 s
currentSize : 44 <-- 0.022702 s
currentSize : 46 <-- 0.022972 s
currentSize : 47 <-- 0.025784 s
currentSize : 54 <-- 0.026938 s
currentSize : 60 <-- 0.156953 s

maxsize : 60
nodes : 1240018.000000
filtered : 10412118.000000
time : 7.626276
