Parameters: GAD=1 vflib=1 dir=0 label=1 lowerbound=1 fileNameGp=../../cp2016-max-common-connected-subgraph-paper/datasets/graphsdb/mcs70/bvg/b03/mcs70_b03_s100.A06 fileNameGt=../../cp2016-max-common-connected-subgraph-paper/datasets/graphsdb/mcs70/bvg/b03/mcs70_b03_s100.B06
Reading graphs...
100 :  150
100 :  150
Initializing...
maxdom : 8
D->valSize : 374
Solving...
Blb : 2 (clique : 59)
currentSize : 59 <-- 0.006717 s
currentSize : 60 <-- 0.007530 s
currentSize : 63 <-- 0.008343 s
currentSize : 64 <-- 0.008516 s
currentSize : 66 <-- 0.028918 s
currentSize : 67 <-- 0.029044 s
currentSize : 68 <-- 1.558010 s
currentSize : 71 <-- 4.542681 s

maxsize : 71
nodes : 13608879.000000
filtered : 56127748.000000
time : 74.571320
