Parameters: GAD=1 vflib=1 dir=0 label=1 lowerbound=1 fileNameGp=../../cp2016-max-common-connected-subgraph-paper/datasets/graphsdb/mcs70/bvg/b09m/mcs70_b09m_s70.A03 fileNameGt=../../cp2016-max-common-connected-subgraph-paper/datasets/graphsdb/mcs70/bvg/b09m/mcs70_b09m_s70.B03
Reading graphs...
70 :  308
70 :  304
Initializing...
maxdom : 9
D->valSize : 391
Solving...
Blb : 2 (clique : 20)
currentSize : 20 <-- 0.003374 s
currentSize : 22 <-- 0.003875 s
currentSize : 25 <-- 0.004639 s
currentSize : 26 <-- 0.004953 s
currentSize : 30 <-- 0.005352 s
currentSize : 35 <-- 0.523326 s
currentSize : 37 <-- 0.523460 s
currentSize : 45 <-- 0.543500 s

maxsize : 45
nodes : 456977.000000
filtered : 2710858.000000
time : 2.039437
