Parameters: GAD=1 vflib=1 dir=0 label=1 lowerbound=1 fileNameGp=../../cp2016-max-common-connected-subgraph-paper/datasets/graphsdb/mcs70/bvg/b03/mcs70_b03_s70.A03 fileNameGt=../../cp2016-max-common-connected-subgraph-paper/datasets/graphsdb/mcs70/bvg/b03/mcs70_b03_s70.B03
Reading graphs...
70 :  105
70 :  105
Initializing...
maxdom : 8
D->valSize : 354
Solving...
Blb : 2 (clique : 45)
currentSize : 45 <-- 0.003109 s
currentSize : 46 <-- 9.574239 s
currentSize : 47 <-- 9.574548 s
currentSize : 48 <-- 9.721022 s
currentSize : 49 <-- 9.733229 s
currentSize : 50 <-- 50.382065 s

maxsize : 50
nodes : 16533925.000000
filtered : 82788577.000000
time : 70.041000
