Parameters: GAD=1 vflib=1 dir=0 label=1 lowerbound=1 fileNameGp=../../cp2016-max-common-connected-subgraph-paper/datasets/graphsdb/mcs70/rand/r02/mcs70_r02_s50.A00 fileNameGt=../../cp2016-max-common-connected-subgraph-paper/datasets/graphsdb/mcs70/rand/r02/mcs70_r02_s50.B00
Reading graphs...
50 :  427
50 :  433
Initializing...
maxdom : 8
D->valSize : 345
Solving...
Blb : 2 (clique : 9)
currentSize : 9 <-- 0.002309 s
currentSize : 10 <-- 0.005196 s
currentSize : 11 <-- 0.008128 s
currentSize : 13 <-- 0.008143 s
currentSize : 15 <-- 0.014640 s
currentSize : 16 <-- 0.015146 s
currentSize : 23 <-- 0.018715 s
currentSize : 24 <-- 0.019354 s
currentSize : 25 <-- 0.037984 s

maxsize : 25
nodes : 30220.000000
filtered : 155702.000000
time : 0.093465
