Parameters: GAD=1 vflib=1 dir=0 label=1 lowerbound=1 fileNameGp=../../cp2016-max-common-connected-subgraph-paper/datasets/graphsdb/mcs70/bvg/b03m/mcs70_b03m_s100.A04 fileNameGt=../../cp2016-max-common-connected-subgraph-paper/datasets/graphsdb/mcs70/bvg/b03m/mcs70_b03m_s100.B04
Reading graphs...
100 :  149
100 :  149
Initializing...
maxdom : 9
D->valSize : 427
Solving...
Blb : 2 (clique : 59)
currentSize : 59 <-- 0.008121 s
currentSize : 60 <-- 0.009244 s
currentSize : 62 <-- 0.010960 s
currentSize : 64 <-- 0.012876 s
currentSize : 65 <-- 0.024237 s
currentSize : 66 <-- 0.081523 s
currentSize : 67 <-- 0.081752 s
currentSize : 68 <-- 0.082074 s
currentSize : 69 <-- 346.601837 s
currentSize : 70 <-- 346.604706 s

TIMEOUT
maxsize : 70
nodes : 201474168.000000
filtered : 634637227.000000
time : 1000.000122
