Parameters: GAD=1 vflib=1 dir=0 label=1 lowerbound=1 fileNameGp=../../cp2016-max-common-connected-subgraph-paper/datasets/graphsdb/mcs70/bvg/b03m/mcs70_b03m_s40.A06 fileNameGt=../../cp2016-max-common-connected-subgraph-paper/datasets/graphsdb/mcs70/bvg/b03m/mcs70_b03m_s40.B06
Reading graphs...
40 :  59
40 :  59
Initializing...
maxdom : 10
D->valSize : 235
Solving...
Blb : 2 (clique : 19)
currentSize : 19 <-- 0.001347 s
currentSize : 20 <-- 0.006212 s
currentSize : 21 <-- 0.006476 s
currentSize : 22 <-- 0.031197 s
currentSize : 23 <-- 0.033008 s
currentSize : 24 <-- 0.121186 s
currentSize : 25 <-- 0.206326 s
currentSize : 26 <-- 0.206374 s
currentSize : 27 <-- 0.340091 s
currentSize : 28 <-- 0.399843 s

maxsize : 28
nodes : 117016.000000
filtered : 908609.000000
time : 0.410289
