Parameters: GAD=1 vflib=1 dir=0 label=1 lowerbound=1 fileNameGp=../../cp2016-max-common-connected-subgraph-paper/datasets/graphsdb/mcs70/m3D/m3Dr2/mcs70_m3Dr2_s90.A03 fileNameGt=../../cp2016-max-common-connected-subgraph-paper/datasets/graphsdb/mcs70/m3D/m3Dr2/mcs70_m3Dr2_s90.B03
Reading graphs...
90 :  226
90 :  224
Initializing...
maxdom : 10
D->valSize : 598
Solving...
Blb : 2 (clique : 37)
currentSize : 37 <-- 0.007406 s
currentSize : 39 <-- 0.008284 s
currentSize : 40 <-- 29.197273 s
currentSize : 42 <-- 29.197355 s
currentSize : 43 <-- 29.197693 s
currentSize : 44 <-- 117.694237 s
currentSize : 45 <-- 117.694351 s
currentSize : 46 <-- 125.398155 s
currentSize : 47 <-- 125.400040 s
currentSize : 48 <-- 125.511589 s
currentSize : 49 <-- 348.330444 s
currentSize : 50 <-- 348.331421 s
currentSize : 51 <-- 348.335449 s
currentSize : 52 <-- 459.407288 s
currentSize : 53 <-- 459.407990 s
currentSize : 57 <-- 459.416870 s
currentSize : 59 <-- 459.417053 s
currentSize : 62 <-- 702.477295 s
currentSize : 64 <-- 702.477478 s

maxsize : 64
nodes : 139094052.000000
filtered : 1045845922.000000
time : 778.249573
