Parameters: GAD=1 vflib=1 dir=0 label=1 lowerbound=1 fileNameGp=../../cp2016-max-common-connected-subgraph-paper/datasets/graphsdb/mcs70/bvg/b03/mcs70_b03_s60.A09 fileNameGt=../../cp2016-max-common-connected-subgraph-paper/datasets/graphsdb/mcs70/bvg/b03/mcs70_b03_s60.B09
Reading graphs...
60 :  90
60 :  90
Initializing...
maxdom : 9
D->valSize : 271
Solving...
Blb : 3 (clique : 27)
currentSize : 27 <-- 0.001971 s
currentSize : 28 <-- 0.237927 s
currentSize : 29 <-- 0.237974 s
currentSize : 30 <-- 0.331697 s
currentSize : 31 <-- 0.602669 s
currentSize : 32 <-- 0.602752 s
currentSize : 33 <-- 14.914399 s
currentSize : 35 <-- 14.914445 s
currentSize : 36 <-- 14.914493 s
currentSize : 37 <-- 17.862335 s
currentSize : 40 <-- 18.846884 s
currentSize : 42 <-- 19.251778 s

maxsize : 42
nodes : 4790516.000000
filtered : 28944444.000000
time : 19.352428
