Parameters: GAD=1 vflib=1 dir=0 label=1 lowerbound=1 fileNameGp=../../cp2016-max-common-connected-subgraph-paper/datasets/graphsdb/mcs70/m3D/m3D/mcs70_m3D_s90.A01 fileNameGt=../../cp2016-max-common-connected-subgraph-paper/datasets/graphsdb/mcs70/m3D/m3D/mcs70_m3D_s90.B01
Reading graphs...
90 :  208
90 :  209
Initializing...
maxdom : 11
D->valSize : 573
Solving...
Blb : 2 (clique : 53)
currentSize : 53 <-- 0.011596 s
currentSize : 55 <-- 0.012672 s
currentSize : 56 <-- 0.015833 s
currentSize : 57 <-- 0.015954 s
currentSize : 60 <-- 0.017844 s
currentSize : 61 <-- 0.017974 s
currentSize : 63 <-- 0.022507 s
currentSize : 64 <-- 0.027653 s

maxsize : 64
nodes : 15059643.000000
filtered : 104218354.000000
time : 87.587906
