Parameters: GAD=1 vflib=1 dir=0 label=1 lowerbound=1 fileNameGp=../../cp2016-max-common-connected-subgraph-paper/datasets/graphsdb/mcs70/m2D/m2Dr2/mcs70_m2Dr2_s90.A00 fileNameGt=../../cp2016-max-common-connected-subgraph-paper/datasets/graphsdb/mcs70/m2D/m2Dr2/mcs70_m2Dr2_s90.B00
Reading graphs...
90 :  179
90 :  179
Initializing...
maxdom : 9
D->valSize : 539
Solving...
Blb : 2 (clique : 39)
currentSize : 39 <-- 0.010096 s
currentSize : 41 <-- 0.010599 s
currentSize : 42 <-- 0.011196 s
currentSize : 44 <-- 0.011632 s
currentSize : 47 <-- 0.012914 s
currentSize : 48 <-- 0.013375 s
currentSize : 49 <-- 0.013924 s
currentSize : 51 <-- 0.014008 s
currentSize : 52 <-- 0.015347 s
currentSize : 53 <-- 0.015627 s
currentSize : 55 <-- 0.015811 s
currentSize : 57 <-- 0.025579 s
currentSize : 58 <-- 1.861267 s
currentSize : 60 <-- 1.878620 s
currentSize : 62 <-- 2.715997 s
currentSize : 63 <-- 3.999422 s
currentSize : 64 <-- 71.613976 s

maxsize : 64
nodes : 21979793.000000
filtered : 142111132.000000
time : 127.027122
