Parameters: GAD=1 vflib=1 dir=0 label=1 lowerbound=1 fileNameGp=../../cp2016-max-common-connected-subgraph-paper/datasets/graphsdb/mcs70/bvg/b09/mcs70_b09_s70.A03 fileNameGt=../../cp2016-max-common-connected-subgraph-paper/datasets/graphsdb/mcs70/bvg/b09/mcs70_b09_s70.B03
Reading graphs...
70 :  313
70 :  310
Initializing...
maxdom : 9
D->valSize : 356
Solving...
Blb : 2 (clique : 16)
currentSize : 16 <-- 0.002838 s
currentSize : 20 <-- 0.007413 s
currentSize : 22 <-- 0.007676 s
currentSize : 24 <-- 0.025469 s
currentSize : 25 <-- 0.041571 s
currentSize : 26 <-- 0.100921 s
currentSize : 27 <-- 0.123541 s
currentSize : 28 <-- 0.129082 s
currentSize : 29 <-- 0.309943 s
currentSize : 30 <-- 0.325571 s
currentSize : 43 <-- 0.676529 s
currentSize : 44 <-- 0.676702 s
currentSize : 46 <-- 0.677056 s
currentSize : 48 <-- 0.677556 s

maxsize : 48
nodes : 206843.000000
filtered : 1393035.000000
time : 0.979336
