Parameters: GAD=1 vflib=1 dir=0 label=1 lowerbound=1 fileNameGp=../../cp2016-max-common-connected-subgraph-paper/datasets/graphsdb/mcs70/bvg/b03m/mcs70_b03m_s70.A02 fileNameGt=../../cp2016-max-common-connected-subgraph-paper/datasets/graphsdb/mcs70/bvg/b03m/mcs70_b03m_s70.B02
Reading graphs...
70 :  104
70 :  104
Initializing...
maxdom : 9
D->valSize : 349
Solving...
Blb : 2 (clique : 35)
currentSize : 35 <-- 0.004953 s
currentSize : 36 <-- 0.005273 s
currentSize : 38 <-- 0.006794 s
currentSize : 39 <-- 0.007857 s
currentSize : 40 <-- 0.008461 s
currentSize : 41 <-- 0.026821 s
currentSize : 42 <-- 0.027654 s
currentSize : 44 <-- 0.042002 s
currentSize : 45 <-- 0.042305 s
currentSize : 46 <-- 7.551899 s
currentSize : 48 <-- 7.554256 s

maxsize : 48
nodes : 2541288.000000
filtered : 14981402.000000
time : 11.965692
