Parameters: GAD=1 vflib=1 dir=0 label=1 lowerbound=1 fileNameGp=../../cp2016-max-common-connected-subgraph-paper/datasets/graphsdb/mcs70/rand/r01/mcs70_r01_s100.A08 fileNameGt=../../cp2016-max-common-connected-subgraph-paper/datasets/graphsdb/mcs70/rand/r01/mcs70_r01_s100.B08
Reading graphs...
100 :  934
100 :  935
Initializing...
maxdom : 7
D->valSize : 390
Solving...
Blb : 2 (clique : 16)
currentSize : 16 <-- 0.003732 s
currentSize : 17 <-- 0.004568 s
currentSize : 18 <-- 0.004647 s
currentSize : 22 <-- 0.011085 s
currentSize : 25 <-- 0.011162 s
currentSize : 28 <-- 0.011278 s
currentSize : 29 <-- 0.022231 s
currentSize : 32 <-- 0.022345 s
currentSize : 43 <-- 0.073393 s
currentSize : 45 <-- 0.142387 s
currentSize : 59 <-- 0.205120 s
currentSize : 60 <-- 0.206115 s

maxsize : 60
nodes : 1365626.000000
filtered : 1576510.000000
time : 5.558654
