Parameters: GAD=1 vflib=1 dir=0 label=1 lowerbound=1 fileNameGp=../../cp2016-max-common-connected-subgraph-paper/datasets/graphsdb/mcs70/bvg/b06m/mcs70_b06m_s50.A01 fileNameGt=../../cp2016-max-common-connected-subgraph-paper/datasets/graphsdb/mcs70/bvg/b06m/mcs70_b06m_s50.B01
Reading graphs...
50 :  147
50 :  149
Initializing...
maxdom : 9
D->valSize : 321
Solving...
Blb : 2 (clique : 15)
currentSize : 15 <-- 0.002279 s
currentSize : 16 <-- 0.002373 s
currentSize : 17 <-- 0.002400 s
currentSize : 18 <-- 0.058371 s
currentSize : 19 <-- 0.252479 s
currentSize : 25 <-- 0.395684 s
currentSize : 26 <-- 0.407360 s
currentSize : 28 <-- 0.436796 s
currentSize : 29 <-- 0.438961 s
currentSize : 30 <-- 0.439380 s
currentSize : 31 <-- 0.515127 s
currentSize : 32 <-- 0.515424 s
currentSize : 34 <-- 0.515573 s
currentSize : 35 <-- 0.574955 s

maxsize : 35
nodes : 157552.000000
filtered : 1444521.000000
time : 0.585861
