Parameters: GAD=1 vflib=1 dir=0 label=1 lowerbound=1 fileNameGp=../../cp2016-max-common-connected-subgraph-paper/datasets/graphsdb/mcs70/rand/r01/mcs70_r01_s50.A00 fileNameGt=../../cp2016-max-common-connected-subgraph-paper/datasets/graphsdb/mcs70/rand/r01/mcs70_r01_s50.B00
Reading graphs...
50 :  231
50 :  231
Initializing...
maxdom : 10
D->valSize : 337
Solving...
Blb : 2 (clique : 13)
currentSize : 13 <-- 0.002312 s
currentSize : 14 <-- 0.002621 s
currentSize : 18 <-- 0.002724 s
currentSize : 19 <-- 0.004219 s
currentSize : 20 <-- 0.006847 s
currentSize : 22 <-- 0.007868 s
currentSize : 24 <-- 0.013067 s
currentSize : 26 <-- 0.020404 s
currentSize : 27 <-- 0.026101 s
currentSize : 31 <-- 0.052047 s
currentSize : 32 <-- 0.052214 s

maxsize : 32
nodes : 15814.000000
filtered : 242847.000000
time : 0.077190
