Parameters: GAD=1 vflib=1 dir=0 label=1 lowerbound=1 fileNameGp=../../cp2016-max-common-connected-subgraph-paper/datasets/graphsdb/mcs70/bvg/b06m/mcs70_b06m_s80.A09 fileNameGt=../../cp2016-max-common-connected-subgraph-paper/datasets/graphsdb/mcs70/bvg/b06m/mcs70_b06m_s80.B09
Reading graphs...
80 :  237
80 :  238
Initializing...
maxdom : 8
D->valSize : 447
Solving...
Blb : 2 (clique : 46)
currentSize : 46 <-- 0.004333 s
currentSize : 47 <-- 0.005692 s
currentSize : 48 <-- 1.941813 s
currentSize : 51 <-- 46.804779 s
currentSize : 54 <-- 46.804928 s
currentSize : 55 <-- 47.436703 s

maxsize : 55
nodes : 16923318.000000
filtered : 54329790.000000
time : 64.114288
