Parameters: GAD=1 vflib=1 dir=0 label=1 lowerbound=1 fileNameGp=../../cp2016-max-common-connected-subgraph-paper/datasets/graphsdb/mcs70/bvg/b06/mcs70_b06_s90.A07 fileNameGt=../../cp2016-max-common-connected-subgraph-paper/datasets/graphsdb/mcs70/bvg/b06/mcs70_b06_s90.B07
Reading graphs...
90 :  270
90 :  270
Initializing...
maxdom : 10
D->valSize : 544
Solving...
Blb : 3 (clique : 37)
currentSize : 37 <-- 0.006284 s
currentSize : 38 <-- 1.109101 s
currentSize : 39 <-- 42.866756 s
currentSize : 40 <-- 43.244602 s
currentSize : 41 <-- 71.610115 s
currentSize : 42 <-- 463.188782 s
currentSize : 43 <-- 535.117432 s
currentSize : 44 <-- 535.197876 s
currentSize : 45 <-- 535.197937 s
currentSize : 47 <-- 535.206055 s
currentSize : 48 <-- 714.664490 s
currentSize : 49 <-- 868.444153 s
currentSize : 50 <-- 868.444397 s
currentSize : 51 <-- 869.990417 s
currentSize : 52 <-- 869.990540 s
currentSize : 53 <-- 869.990906 s
currentSize : 55 <-- 971.209595 s

TIMEOUT
maxsize : 55
nodes : 187171697.000000
filtered : 1286726623.000000
time : 1000.000122
