Parameters: GAD=1 vflib=1 dir=0 label=1 lowerbound=1 fileNameGp=../../cp2016-max-common-connected-subgraph-paper/datasets/graphsdb/mcs70/m2D/m2Dr2/mcs70_m2Dr2_s60.A04 fileNameGt=../../cp2016-max-common-connected-subgraph-paper/datasets/graphsdb/mcs70/m2D/m2Dr2/mcs70_m2Dr2_s60.B04
Reading graphs...
60 :  116
60 :  116
Initializing...
maxdom : 7
D->valSize : 234
Solving...
Blb : 2 (clique : 23)
currentSize : 23 <-- 0.001702 s
currentSize : 32 <-- 0.001847 s
currentSize : 34 <-- 0.002073 s
currentSize : 35 <-- 0.002604 s
currentSize : 36 <-- 10.944845 s
currentSize : 37 <-- 10.947910 s

maxsize : 37
nodes : 3938962.000000
filtered : 15640023.000000
time : 15.285029
