Parameters: GAD=1 vflib=1 dir=0 label=1 lowerbound=1 fileNameGp=../../cp2016-max-common-connected-subgraph-paper/datasets/graphsdb/mcs70/m2D/m2Dr6/mcs70_m2Dr6_s70.A00 fileNameGt=../../cp2016-max-common-connected-subgraph-paper/datasets/graphsdb/mcs70/m2D/m2Dr6/mcs70_m2Dr6_s70.B00
Reading graphs...
70 :  163
70 :  161
Initializing...
maxdom : 10
D->valSize : 354
Solving...
Blb : 3 (clique : 28)
currentSize : 28 <-- 0.003151 s
currentSize : 29 <-- 0.021413 s
currentSize : 30 <-- 25.158993 s
currentSize : 31 <-- 25.159267 s
currentSize : 32 <-- 36.019176 s
currentSize : 33 <-- 36.029793 s
currentSize : 35 <-- 36.033535 s
currentSize : 36 <-- 36.037685 s
currentSize : 37 <-- 36.053909 s
currentSize : 38 <-- 36.055702 s
currentSize : 39 <-- 36.318913 s
currentSize : 40 <-- 36.320148 s
currentSize : 41 <-- 36.320328 s
currentSize : 42 <-- 36.320602 s
currentSize : 43 <-- 36.322193 s
currentSize : 44 <-- 36.322510 s
currentSize : 45 <-- 36.499771 s
currentSize : 46 <-- 36.501041 s
currentSize : 48 <-- 36.505882 s
currentSize : 49 <-- 36.506512 s

maxsize : 49
nodes : 7571072.000000
filtered : 66218744.000000
time : 36.616737
