Parameters: GAD=1 vflib=1 dir=0 label=1 lowerbound=1 fileNameGp=../../cp2016-max-common-connected-subgraph-paper/datasets/graphsdb/mcs70/bvg/b03m/mcs70_b03m_s80.A05 fileNameGt=../../cp2016-max-common-connected-subgraph-paper/datasets/graphsdb/mcs70/bvg/b03m/mcs70_b03m_s80.B05
Reading graphs...
80 :  120
80 :  120
Initializing...
maxdom : 11
D->valSize : 447
Solving...
Blb : 3 (clique : 50)
currentSize : 50 <-- 0.004691 s
currentSize : 51 <-- 0.005012 s
currentSize : 52 <-- 0.007473 s
currentSize : 53 <-- 0.026887 s
currentSize : 54 <-- 3.214679 s
currentSize : 56 <-- 330.865082 s
currentSize : 57 <-- 330.912781 s

TIMEOUT
maxsize : 57
nodes : 237503053.000000
filtered : 842797472.000000
time : 1000.000061
