Parameters: GAD=1 vflib=1 dir=0 label=1 lowerbound=1 fileNameGp=../../cp2016-max-common-connected-subgraph-paper/datasets/graphsdb/mcs70/bvg/b06/mcs70_b06_s60.A00 fileNameGt=../../cp2016-max-common-connected-subgraph-paper/datasets/graphsdb/mcs70/bvg/b06/mcs70_b06_s60.B00
Reading graphs...
60 :  180
60 :  179
Initializing...
maxdom : 7
D->valSize : 226
Solving...
Blb : 2 (clique : 21)
currentSize : 21 <-- 0.001566 s
currentSize : 22 <-- 0.003493 s
currentSize : 23 <-- 0.003982 s
currentSize : 26 <-- 0.048512 s
currentSize : 27 <-- 0.048957 s
currentSize : 28 <-- 0.227975 s
currentSize : 29 <-- 0.243295 s
currentSize : 33 <-- 0.568382 s
currentSize : 34 <-- 0.568505 s
currentSize : 35 <-- 0.568808 s
currentSize : 37 <-- 0.856818 s
currentSize : 39 <-- 0.857011 s
currentSize : 40 <-- 0.878831 s
currentSize : 42 <-- 0.897577 s

maxsize : 42
nodes : 257187.000000
filtered : 955130.000000
time : 0.995927
