Parameters: GAD=1 vflib=1 dir=0 label=1 lowerbound=1 fileNameGp=../../cp2016-max-common-connected-subgraph-paper/datasets/graphsdb/mcs70/rand/r01/mcs70_r01_s70.A04 fileNameGt=../../cp2016-max-common-connected-subgraph-paper/datasets/graphsdb/mcs70/rand/r01/mcs70_r01_s70.B04
Reading graphs...
70 :  457
70 :  458
Initializing...
maxdom : 8
D->valSize : 350
Solving...
Blb : 3 (clique : 14)
currentSize : 14 <-- 0.002727 s
currentSize : 15 <-- 0.002821 s
currentSize : 17 <-- 0.002876 s
currentSize : 18 <-- 0.003133 s
currentSize : 19 <-- 0.003256 s
currentSize : 20 <-- 0.003359 s
currentSize : 22 <-- 0.023226 s
currentSize : 26 <-- 0.033692 s
currentSize : 30 <-- 0.034049 s
currentSize : 47 <-- 0.069503 s

maxsize : 47
nodes : 20921.000000
filtered : 182789.000000
time : 0.105195
