Parameters: GAD=1 vflib=1 dir=0 label=1 lowerbound=1 fileNameGp=../../cp2016-max-common-connected-subgraph-paper/datasets/graphsdb/mcs70/m2D/m2Dr4/mcs70_m2Dr4_s90.A05 fileNameGt=../../cp2016-max-common-connected-subgraph-paper/datasets/graphsdb/mcs70/m2D/m2Dr4/mcs70_m2Dr4_s90.B05
Reading graphs...
90 :  196
90 :  196
Initializing...
maxdom : 11
D->valSize : 570
Solving...
Blb : 2 (clique : 51)
currentSize : 51 <-- 0.006974 s
currentSize : 52 <-- 0.007385 s
currentSize : 57 <-- 0.008151 s
currentSize : 58 <-- 0.008290 s
currentSize : 59 <-- 0.008435 s
currentSize : 63 <-- 0.014638 s
currentSize : 64 <-- 0.277565 s

maxsize : 64
nodes : 170742183.000000
filtered : 1085395659.000000
time : 927.506653
