Parameters: GAD=1 vflib=1 dir=0 label=1 lowerbound=1 fileNameGp=../../cp2016-max-common-connected-subgraph-paper/datasets/graphsdb/mcs70/m3D/m3Dr2/mcs70_m3Dr2_s100.A04 fileNameGt=../../cp2016-max-common-connected-subgraph-paper/datasets/graphsdb/mcs70/m3D/m3Dr2/mcs70_m3Dr2_s100.B04
Reading graphs...
100 :  253
100 :  254
Initializing...
maxdom : 7
D->valSize : 369
Solving...
Blb : 2 (clique : 40)
currentSize : 40 <-- 0.003714 s
currentSize : 43 <-- 0.004273 s
currentSize : 44 <-- 0.005049 s
currentSize : 47 <-- 0.005174 s
currentSize : 48 <-- 0.009892 s
currentSize : 49 <-- 4.747652 s
currentSize : 52 <-- 4.748054 s
currentSize : 53 <-- 4.748181 s
currentSize : 54 <-- 87.566650 s
currentSize : 55 <-- 87.566795 s
currentSize : 56 <-- 931.535095 s
currentSize : 57 <-- 933.631897 s
currentSize : 58 <-- 950.755066 s
currentSize : 59 <-- 951.004700 s

TIMEOUT
maxsize : 59
nodes : 217684018.000000
filtered : 610667209.000000
time : 1000.000122
