Parameters: GAD=1 vflib=1 dir=0 label=1 lowerbound=1 fileNameGp=../../cp2016-max-common-connected-subgraph-paper/datasets/graphsdb/mcs70/m2D/m2Dr4/mcs70_m2Dr4_s100.A02 fileNameGt=../../cp2016-max-common-connected-subgraph-paper/datasets/graphsdb/mcs70/m2D/m2Dr4/mcs70_m2Dr4_s100.B02
Reading graphs...
100 :  218
100 :  218
Initializing...
maxdom : 7
D->valSize : 345
Solving...
Blb : 2 (clique : 48)
currentSize : 48 <-- 0.003665 s
currentSize : 49 <-- 0.003985 s
currentSize : 50 <-- 0.004080 s
currentSize : 51 <-- 0.004766 s
currentSize : 52 <-- 0.004870 s
currentSize : 53 <-- 0.005782 s
currentSize : 55 <-- 0.005888 s
currentSize : 56 <-- 0.006023 s
currentSize : 57 <-- 0.009687 s
currentSize : 58 <-- 0.010935 s
currentSize : 60 <-- 0.011047 s
currentSize : 61 <-- 0.011194 s
currentSize : 62 <-- 13.337945 s
currentSize : 63 <-- 204.328873 s
currentSize : 64 <-- 204.329041 s
currentSize : 65 <-- 205.420486 s

TIMEOUT
maxsize : 65
nodes : 212520068.000000
filtered : 583936116.000000
time : 1000.000183
