Parameters: GAD=1 vflib=1 dir=0 label=1 lowerbound=1 fileNameGp=../../cp2016-max-common-connected-subgraph-paper/datasets/graphsdb/mcs70/m2D/m2D/mcs70_m2D_s80.A08 fileNameGt=../../cp2016-max-common-connected-subgraph-paper/datasets/graphsdb/mcs70/m2D/m2D/mcs70_m2D_s80.B08
Reading graphs...
80 :  142
80 :  142
Initializing...
maxdom : 10
D->valSize : 482
Solving...
Blb : 2 (clique : 35)
currentSize : 35 <-- 0.005014 s
currentSize : 40 <-- 0.005264 s
currentSize : 41 <-- 0.005502 s
currentSize : 42 <-- 0.005865 s
currentSize : 43 <-- 0.005975 s
currentSize : 44 <-- 0.006128 s
currentSize : 45 <-- 0.007365 s
currentSize : 46 <-- 0.101247 s
currentSize : 47 <-- 58.337757 s
currentSize : 48 <-- 58.354057 s
currentSize : 49 <-- 58.354164 s
currentSize : 50 <-- 58.354370 s
currentSize : 51 <-- 70.643372 s

maxsize : 51
nodes : 36892617.000000
filtered : 256942471.000000
time : 198.798233
