Parameters: GAD=1 vflib=1 dir=0 label=1 lowerbound=1 fileNameGp=../../cp2016-max-common-connected-subgraph-paper/datasets/graphsdb/mcs70/bvg/b03m/mcs70_b03m_s100.A08 fileNameGt=../../cp2016-max-common-connected-subgraph-paper/datasets/graphsdb/mcs70/bvg/b03m/mcs70_b03m_s100.B08
Reading graphs...
100 :  150
100 :  150
Initializing...
maxdom : 6
D->valSize : 378
Solving...
Blb : 3 (clique : 62)
currentSize : 62 <-- 0.004149 s
currentSize : 63 <-- 23.346714 s
currentSize : 64 <-- 51.835915 s
currentSize : 65 <-- 51.836170 s
currentSize : 66 <-- 301.739532 s
currentSize : 67 <-- 723.035095 s

TIMEOUT
maxsize : 67
nodes : 191340056.000000
filtered : 582773363.000000
time : 1000.000122
