Parameters: GAD=1 vflib=1 dir=0 label=1 lowerbound=1 fileNameGp=../../cp2016-max-common-connected-subgraph-paper/datasets/graphsdb/mcs70/m2D/m2D/mcs70_m2D_s60.A06 fileNameGt=../../cp2016-max-common-connected-subgraph-paper/datasets/graphsdb/mcs70/m2D/m2D/mcs70_m2D_s60.B06
Reading graphs...
60 :  104
60 :  103
Initializing...
maxdom : 9
D->valSize : 289
Solving...
Blb : 2 (clique : 26)
currentSize : 26 <-- 0.003546 s
currentSize : 29 <-- 0.004020 s
currentSize : 30 <-- 0.004285 s
currentSize : 32 <-- 0.004859 s
currentSize : 33 <-- 0.005036 s
currentSize : 34 <-- 0.006559 s
currentSize : 35 <-- 11.950737 s
currentSize : 36 <-- 17.703606 s
currentSize : 37 <-- 31.749895 s

maxsize : 37
nodes : 10244632.000000
filtered : 49369997.000000
time : 40.845432
