Parameters: GAD=1 vflib=1 dir=0 label=1 lowerbound=1 fileNameGp=../../cp2016-max-common-connected-subgraph-paper/datasets/graphsdb/mcs70/rand/r001/mcs70_r001_s100.A05 fileNameGt=../../cp2016-max-common-connected-subgraph-paper/datasets/graphsdb/mcs70/rand/r001/mcs70_r001_s100.B05
Reading graphs...
100 :  120
100 :  120
Initializing...
maxdom : 6
D->valSize : 376
Solving...
Blb : 3 (clique : 63)
currentSize : 63 <-- 0.004230 s
currentSize : 64 <-- 0.076373 s
currentSize : 65 <-- 3.066091 s
currentSize : 66 <-- 16.303637 s
currentSize : 68 <-- 16.441589 s
currentSize : 69 <-- 17.374208 s
currentSize : 70 <-- 22.561501 s
currentSize : 71 <-- 126.889771 s

maxsize : 71
nodes : 42618330.000000
filtered : 146647053.000000
time : 242.238525
