Parameters: GAD=1 vflib=1 dir=0 label=1 lowerbound=1 fileNameGp=../../cp2016-max-common-connected-subgraph-paper/datasets/graphsdb/mcs70/bvg/b06/mcs70_b06_s80.A03 fileNameGt=../../cp2016-max-common-connected-subgraph-paper/datasets/graphsdb/mcs70/bvg/b06/mcs70_b06_s80.B03
Reading graphs...
80 :  240
80 :  240
Initializing...
maxdom : 9
D->valSize : 484
Solving...
Blb : 2 (clique : 29)
currentSize : 29 <-- 0.004806 s
currentSize : 31 <-- 0.005731 s
currentSize : 35 <-- 0.009389 s
currentSize : 37 <-- 0.009422 s
currentSize : 38 <-- 0.078866 s
currentSize : 40 <-- 0.078933 s
currentSize : 41 <-- 0.085107 s
currentSize : 43 <-- 0.085148 s
currentSize : 48 <-- 0.085218 s
currentSize : 54 <-- 0.104486 s
currentSize : 56 <-- 0.172461 s

maxsize : 56
nodes : 574181.000000
filtered : 4722644.000000
time : 3.276072
