Parameters: GAD=1 vflib=1 dir=0 label=1 lowerbound=1 fileNameGp=../../cp2016-max-common-connected-subgraph-paper/datasets/graphsdb/mcs70/rand/r001/mcs70_r001_s100.A00 fileNameGt=../../cp2016-max-common-connected-subgraph-paper/datasets/graphsdb/mcs70/rand/r001/mcs70_r001_s100.B00
Reading graphs...
100 :  120
100 :  120
Initializing...
maxdom : 8
D->valSize : 394
Solving...
Blb : 2 (clique : 58)
currentSize : 58 <-- 0.004405 s
currentSize : 59 <-- 0.008705 s
currentSize : 63 <-- 0.012308 s
currentSize : 65 <-- 0.301612 s
currentSize : 66 <-- 0.301667 s
currentSize : 67 <-- 4.033599 s
currentSize : 68 <-- 52.005074 s
currentSize : 69 <-- 52.005169 s
currentSize : 70 <-- 52.006718 s

maxsize : 70
nodes : 19397131.000000
filtered : 74702411.000000
time : 109.499146
