Parameters: GAD=1 vflib=1 dir=0 label=1 lowerbound=1 fileNameGp=../../cp2016-max-common-connected-subgraph-paper/datasets/graphsdb/mcs70/m2D/m2Dr6/mcs70_m2Dr6_s80.A01 fileNameGt=../../cp2016-max-common-connected-subgraph-paper/datasets/graphsdb/mcs70/m2D/m2Dr6/mcs70_m2Dr6_s80.B01
Reading graphs...
80 :  187
80 :  188
Initializing...
maxdom : 10
D->valSize : 435
Solving...
Blb : 2 (clique : 31)
currentSize : 31 <-- 0.004217 s
currentSize : 32 <-- 0.475481 s
currentSize : 33 <-- 0.707923 s
currentSize : 35 <-- 15.047684 s
currentSize : 36 <-- 17.453615 s
currentSize : 37 <-- 19.541655 s
currentSize : 38 <-- 19.654575 s
currentSize : 39 <-- 20.032160 s
currentSize : 41 <-- 83.451454 s
currentSize : 44 <-- 83.452812 s
currentSize : 45 <-- 83.485275 s
currentSize : 46 <-- 83.594627 s
currentSize : 47 <-- 84.531921 s
currentSize : 48 <-- 317.885834 s

maxsize : 48
nodes : 125312118.000000
filtered : 407023926.000000
time : 522.429749
