Parameters: GAD=1 vflib=1 dir=0 label=1 lowerbound=1 fileNameGp=../../cp2016-max-common-connected-subgraph-paper/datasets/graphsdb/mcs70/m2D/m2Dr4/mcs70_m2Dr4_s70.A05 fileNameGt=../../cp2016-max-common-connected-subgraph-paper/datasets/graphsdb/mcs70/m2D/m2Dr4/mcs70_m2Dr4_s70.B05
Reading graphs...
70 :  150
70 :  149
Initializing...
maxdom : 7
D->valSize : 323
Solving...
Blb : 3 (clique : 41)
currentSize : 41 <-- 0.004533 s
currentSize : 42 <-- 0.007226 s
currentSize : 43 <-- 0.047838 s
currentSize : 44 <-- 0.048002 s
currentSize : 45 <-- 2.065009 s
currentSize : 46 <-- 2.065113 s
currentSize : 47 <-- 2.066362 s
currentSize : 48 <-- 2.105962 s
currentSize : 49 <-- 2.106219 s

maxsize : 49
nodes : 974243.000000
filtered : 4064307.000000
time : 3.977917
