Parameters: GAD=1 vflib=1 dir=0 label=1 lowerbound=1 fileNameGp=../../cp2016-max-common-connected-subgraph-paper/datasets/graphsdb/mcs70/m2D/m2Dr6/mcs70_m2Dr6_s80.A09 fileNameGt=../../cp2016-max-common-connected-subgraph-paper/datasets/graphsdb/mcs70/m2D/m2Dr6/mcs70_m2Dr6_s80.B09
Reading graphs...
80 :  189
80 :  189
Initializing...
maxdom : 9
D->valSize : 441
Solving...
Blb : 2 (clique : 31)
currentSize : 31 <-- 0.007229 s
currentSize : 45 <-- 0.007628 s
currentSize : 46 <-- 0.007824 s
currentSize : 47 <-- 0.019290 s
currentSize : 48 <-- 0.019681 s
currentSize : 49 <-- 0.032699 s

maxsize : 49
nodes : 203682411.000000
filtered : 937655101.000000
time : 922.632507
