Parameters: GAD=1 vflib=1 dir=0 label=1 lowerbound=1 fileNameGp=../../cp2016-max-common-connected-subgraph-paper/datasets/graphsdb/mcs70/m2D/m2Dr6/mcs70_m2Dr6_s70.A07 fileNameGt=../../cp2016-max-common-connected-subgraph-paper/datasets/graphsdb/mcs70/m2D/m2Dr6/mcs70_m2Dr6_s70.B07
Reading graphs...
70 :  165
70 :  164
Initializing...
maxdom : 9
D->valSize : 339
Solving...
Blb : 3 (clique : 26)
currentSize : 26 <-- 0.004673 s
currentSize : 27 <-- 0.005772 s
currentSize : 28 <-- 0.005821 s
currentSize : 29 <-- 0.006904 s
currentSize : 31 <-- 0.007929 s
currentSize : 32 <-- 1.098196 s
currentSize : 33 <-- 1.099263 s
currentSize : 34 <-- 3.878119 s
currentSize : 38 <-- 5.732726 s
currentSize : 39 <-- 5.774058 s
currentSize : 40 <-- 5.774659 s
currentSize : 41 <-- 5.844047 s
currentSize : 42 <-- 7.963492 s
currentSize : 44 <-- 11.312242 s
currentSize : 45 <-- 11.312325 s
currentSize : 46 <-- 11.312697 s
currentSize : 47 <-- 12.040740 s
currentSize : 48 <-- 12.040824 s
currentSize : 49 <-- 12.041174 s

maxsize : 49
nodes : 3561306.000000
filtered : 14552762.000000
time : 14.596129
