Parameters: GAD=1 vflib=1 dir=0 label=1 lowerbound=1 fileNameGp=../../cp2016-max-common-connected-subgraph-paper/datasets/graphsdb/mcs70/m3D/m3Dr2/mcs70_m3Dr2_s90.A04 fileNameGt=../../cp2016-max-common-connected-subgraph-paper/datasets/graphsdb/mcs70/m3D/m3Dr2/mcs70_m3Dr2_s90.B04
Reading graphs...
90 :  224
90 :  224
Initializing...
maxdom : 9
D->valSize : 545
Solving...
Blb : 2 (clique : 45)
currentSize : 45 <-- 0.006234 s
currentSize : 46 <-- 0.006532 s
currentSize : 47 <-- 0.006813 s
currentSize : 49 <-- 0.006928 s
currentSize : 54 <-- 0.007884 s
currentSize : 56 <-- 0.008025 s
currentSize : 57 <-- 0.013588 s
currentSize : 59 <-- 0.014639 s
currentSize : 62 <-- 0.014807 s
currentSize : 64 <-- 0.041258 s

maxsize : 64
nodes : 705340.000000
filtered : 4761589.000000
time : 4.128980
