Parameters: GAD=1 vflib=1 dir=0 label=1 lowerbound=1 fileNameGp=../../cp2016-max-common-connected-subgraph-paper/datasets/graphsdb/mcs70/m2D/m2Dr4/mcs70_m2Dr4_s90.A07 fileNameGt=../../cp2016-max-common-connected-subgraph-paper/datasets/graphsdb/mcs70/m2D/m2Dr4/mcs70_m2Dr4_s90.B07
Reading graphs...
90 :  195
90 :  192
Initializing...
maxdom : 8
D->valSize : 536
Solving...
Blb : 2 (clique : 36)
currentSize : 36 <-- 0.006162 s
currentSize : 37 <-- 65.619179 s
currentSize : 38 <-- 79.688057 s
currentSize : 39 <-- 117.630714 s
currentSize : 40 <-- 122.755219 s
currentSize : 41 <-- 131.583099 s
currentSize : 42 <-- 131.584473 s
currentSize : 43 <-- 133.513580 s
currentSize : 44 <-- 133.514038 s
currentSize : 47 <-- 180.680435 s
currentSize : 48 <-- 273.706268 s
currentSize : 49 <-- 273.715912 s
currentSize : 50 <-- 273.735199 s
currentSize : 51 <-- 869.017517 s

TIMEOUT
maxsize : 51
nodes : 217037100.000000
filtered : 949872186.000000
time : 1000.000061
