Parameters: GAD=1 vflib=1 dir=0 label=1 lowerbound=1 fileNameGp=../../cp2016-max-common-connected-subgraph-paper/datasets/graphsdb/mcs70/bvg/b06m/mcs70_b06m_s100.A08 fileNameGt=../../cp2016-max-common-connected-subgraph-paper/datasets/graphsdb/mcs70/bvg/b06m/mcs70_b06m_s100.B08
Reading graphs...
100 :  298
100 :  298
Initializing...
maxdom : 6
D->valSize : 385
Solving...
Blb : 3 (clique : 37)
currentSize : 37 <-- 0.003910 s
currentSize : 39 <-- 1.048173 s
currentSize : 40 <-- 2.451174 s
currentSize : 41 <-- 2.784033 s
currentSize : 42 <-- 4.231446 s
currentSize : 44 <-- 4.238320 s
currentSize : 45 <-- 11.856914 s
currentSize : 47 <-- 13.359678 s
currentSize : 49 <-- 13.397761 s
currentSize : 52 <-- 19.807585 s
currentSize : 53 <-- 22.022396 s
currentSize : 57 <-- 22.717813 s
currentSize : 58 <-- 26.892923 s
currentSize : 63 <-- 34.435596 s
currentSize : 64 <-- 43.150990 s
currentSize : 65 <-- 46.319023 s
currentSize : 70 <-- 46.894344 s

maxsize : 70
nodes : 10153650.000000
filtered : 48667609.000000
time : 55.761433
