Parameters: GAD=1 vflib=1 dir=0 label=1 lowerbound=1 fileNameGp=../../cp2016-max-common-connected-subgraph-paper/datasets/graphsdb/mcs70/m2D/m2Dr6/mcs70_m2Dr6_s70.A02 fileNameGt=../../cp2016-max-common-connected-subgraph-paper/datasets/graphsdb/mcs70/m2D/m2Dr6/mcs70_m2Dr6_s70.B02
Reading graphs...
70 :  162
70 :  160
Initializing...
maxdom : 9
D->valSize : 335
Solving...
Blb : 2 (clique : 30)
currentSize : 30 <-- 0.002727 s
currentSize : 31 <-- 0.040023 s
currentSize : 33 <-- 0.063487 s
currentSize : 34 <-- 0.695742 s
currentSize : 35 <-- 1.456605 s
currentSize : 37 <-- 1.524638 s
currentSize : 38 <-- 6.880519 s
currentSize : 39 <-- 6.881878 s
currentSize : 42 <-- 6.897945 s
currentSize : 43 <-- 10.565484 s
currentSize : 46 <-- 10.588623 s
currentSize : 48 <-- 10.589601 s

maxsize : 48
nodes : 2730291.000000
filtered : 11376614.000000
time : 11.222963
