Parameters: GAD=1 vflib=1 dir=0 label=1 lowerbound=1 fileNameGp=../../cp2016-max-common-connected-subgraph-paper/datasets/graphsdb/mcs70/bvg/b03/mcs70_b03_s50.A00 fileNameGt=../../cp2016-max-common-connected-subgraph-paper/datasets/graphsdb/mcs70/bvg/b03/mcs70_b03_s50.B00
Reading graphs...
50 :  75
50 :  75
Initializing...
maxdom : 8
D->valSize : 310
Solving...
Blb : 3 (clique : 18)
currentSize : 18 <-- 0.002144 s
currentSize : 20 <-- 0.002245 s
currentSize : 24 <-- 0.577077 s
currentSize : 25 <-- 0.664644 s
currentSize : 26 <-- 0.665830 s
currentSize : 27 <-- 0.670684 s
currentSize : 28 <-- 2.291874 s
currentSize : 29 <-- 9.947890 s
currentSize : 30 <-- 17.875847 s
currentSize : 32 <-- 26.175341 s
currentSize : 33 <-- 41.477966 s
currentSize : 34 <-- 41.479534 s

maxsize : 34
nodes : 11920103.000000
filtered : 108359553.000000
time : 45.149265
