Parameters: GAD=1 vflib=1 dir=0 label=1 lowerbound=1 fileNameGp=../../cp2016-max-common-connected-subgraph-paper/datasets/graphsdb/mcs70/bvg/b06/mcs70_b06_s100.A07 fileNameGt=../../cp2016-max-common-connected-subgraph-paper/datasets/graphsdb/mcs70/bvg/b06/mcs70_b06_s100.B07
Reading graphs...
100 :  299
100 :  300
Initializing...
maxdom : 7
D->valSize : 389
Solving...
Blb : 2 (clique : 50)
currentSize : 50 <-- 0.004023 s
currentSize : 52 <-- 2.388741 s
currentSize : 54 <-- 2.392796 s
currentSize : 55 <-- 4.443358 s
currentSize : 57 <-- 150.825211 s
currentSize : 58 <-- 151.006531 s
currentSize : 59 <-- 152.299545 s
currentSize : 61 <-- 152.304871 s
currentSize : 62 <-- 152.323654 s
currentSize : 63 <-- 842.622986 s
currentSize : 67 <-- 989.960327 s
currentSize : 68 <-- 989.993530 s
currentSize : 69 <-- 990.048035 s
currentSize : 70 <-- 990.055786 s

TIMEOUT
maxsize : 70
nodes : 187489512.000000
filtered : 780111789.000000
time : 1000.000122
