Parameters: GAD=1 vflib=1 dir=0 label=1 lowerbound=1 fileNameGp=../../cp2016-max-common-connected-subgraph-paper/datasets/graphsdb/mcs70/bvg/b03m/mcs70_b03m_s70.A09 fileNameGt=../../cp2016-max-common-connected-subgraph-paper/datasets/graphsdb/mcs70/bvg/b03m/mcs70_b03m_s70.B09
Reading graphs...
70 :  105
70 :  105
Initializing...
maxdom : 7
D->valSize : 343
Solving...
Blb : 3 (clique : 36)
currentSize : 36 <-- 0.004947 s
currentSize : 37 <-- 0.093044 s
currentSize : 38 <-- 0.093791 s
currentSize : 41 <-- 0.129726 s
currentSize : 42 <-- 0.129812 s
currentSize : 45 <-- 6.308854 s
currentSize : 46 <-- 6.308955 s
currentSize : 49 <-- 6.309097 s

maxsize : 49
nodes : 2088168.000000
filtered : 12627276.000000
time : 9.955625
