Parameters: GAD=1 vflib=1 dir=0 label=1 lowerbound=1 fileNameGp=../../cp2016-max-common-connected-subgraph-paper/datasets/graphsdb/mcs70/rand/r005/mcs70_r005_s90.A01 fileNameGt=../../cp2016-max-common-connected-subgraph-paper/datasets/graphsdb/mcs70/rand/r005/mcs70_r005_s90.B01
Reading graphs...
90 :  387
90 :  388
Initializing...
maxdom : 12
D->valSize : 581
Solving...
Blb : 2 (clique : 29)
currentSize : 29 <-- 0.006767 s
currentSize : 30 <-- 0.007019 s
currentSize : 31 <-- 0.007172 s
currentSize : 33 <-- 0.007245 s
currentSize : 37 <-- 0.007406 s
currentSize : 38 <-- 0.007741 s
currentSize : 41 <-- 0.007823 s
currentSize : 42 <-- 0.008406 s
currentSize : 43 <-- 0.012648 s
currentSize : 44 <-- 0.013420 s
currentSize : 45 <-- 1.148342 s
currentSize : 47 <-- 1.157105 s
currentSize : 48 <-- 1.202378 s
currentSize : 51 <-- 1.204838 s
currentSize : 55 <-- 6.046432 s
currentSize : 59 <-- 6.064304 s

maxsize : 59
nodes : 1243900.000000
filtered : 13685829.000000
time : 7.941547
