Parameters: GAD=1 vflib=1 dir=0 label=1 lowerbound=1 fileNameGp=../../cp2016-max-common-connected-subgraph-paper/datasets/graphsdb/mcs70/m2D/m2Dr4/mcs70_m2Dr4_s80.A03 fileNameGt=../../cp2016-max-common-connected-subgraph-paper/datasets/graphsdb/mcs70/m2D/m2Dr4/mcs70_m2Dr4_s80.B03
Reading graphs...
80 :  174
80 :  174
Initializing...
maxdom : 10
D->valSize : 422
Solving...
Blb : 3 (clique : 43)
currentSize : 43 <-- 0.004064 s
currentSize : 44 <-- 1.283186 s
currentSize : 45 <-- 1.283329 s
currentSize : 46 <-- 35.890369 s
currentSize : 47 <-- 36.210182 s
currentSize : 48 <-- 58.867519 s
currentSize : 49 <-- 58.960701 s
currentSize : 50 <-- 58.960865 s

maxsize : 50
nodes : 22378591.000000
filtered : 141209791.000000
time : 117.033730
