Parameters: GAD=1 vflib=1 dir=0 label=1 lowerbound=1 fileNameGp=../../cp2016-max-common-connected-subgraph-paper/datasets/graphsdb/mcs70/m3D/m3Dr4/mcs70_m3Dr4_s100.A08 fileNameGt=../../cp2016-max-common-connected-subgraph-paper/datasets/graphsdb/mcs70/m3D/m3Dr4/mcs70_m3Dr4_s100.B08
Reading graphs...
100 :  272
100 :  274
Initializing...
maxdom : 6
D->valSize : 375
Solving...
Blb : 3 (clique : 44)
currentSize : 44 <-- 0.003795 s
currentSize : 45 <-- 220.604721 s
currentSize : 46 <-- 294.050720 s
currentSize : 47 <-- 294.072845 s
currentSize : 48 <-- 294.074036 s
currentSize : 49 <-- 555.365417 s

TIMEOUT
maxsize : 49
nodes : 191501828.000000
filtered : 711523551.000000
time : 1000.000061
