Parameters: GAD=1 vflib=1 dir=0 label=1 lowerbound=1 fileNameGp=../../cp2016-max-common-connected-subgraph-paper/datasets/graphsdb/mcs70/m2D/m2Dr2/mcs70_m2Dr2_s70.A03 fileNameGt=../../cp2016-max-common-connected-subgraph-paper/datasets/graphsdb/mcs70/m2D/m2Dr2/mcs70_m2Dr2_s70.B03
Reading graphs...
70 :  135
70 :  135
Initializing...
maxdom : 7
D->valSize : 335
Solving...
Blb : 2 (clique : 35)
currentSize : 35 <-- 0.004686 s
currentSize : 36 <-- 0.074584 s
currentSize : 37 <-- 1.341467 s
currentSize : 38 <-- 2.896847 s
currentSize : 40 <-- 2.897655 s
currentSize : 41 <-- 2.897790 s
currentSize : 42 <-- 6.606098 s
currentSize : 43 <-- 6.606198 s
currentSize : 44 <-- 8.794117 s
currentSize : 46 <-- 14.243032 s
currentSize : 47 <-- 14.243130 s
currentSize : 49 <-- 14.429645 s

maxsize : 49
nodes : 3620893.000000
filtered : 17683980.000000
time : 16.638466
