Parameters: GAD=1 vflib=1 dir=0 label=1 lowerbound=1 fileNameGp=../../cp2016-max-common-connected-subgraph-paper/datasets/graphsdb/mcs70/m2D/m2Dr4/mcs70_m2Dr4_s90.A02 fileNameGt=../../cp2016-max-common-connected-subgraph-paper/datasets/graphsdb/mcs70/m2D/m2Dr4/mcs70_m2Dr4_s90.B02
Reading graphs...
90 :  195
90 :  194
Initializing...
maxdom : 9
D->valSize : 582
Solving...
Blb : 2 (clique : 43)
currentSize : 43 <-- 0.007140 s
currentSize : 46 <-- 0.007592 s
currentSize : 49 <-- 0.063475 s
currentSize : 50 <-- 0.063577 s
currentSize : 52 <-- 5.434354 s
currentSize : 53 <-- 5.434436 s
currentSize : 55 <-- 5.459618 s
currentSize : 56 <-- 5.459774 s
currentSize : 57 <-- 5.638819 s
currentSize : 59 <-- 15.272335 s
currentSize : 62 <-- 15.272473 s
currentSize : 63 <-- 15.310305 s

TIMEOUT
maxsize : 63
nodes : 201418793.000000
filtered : 979707409.000000
time : 1000.000122
