Parameters: GAD=1 vflib=1 dir=0 label=1 lowerbound=1 fileNameGp=../../cp2016-max-common-connected-subgraph-paper/datasets/graphsdb/mcs70/rand/r005/mcs70_r005_s80.A07 fileNameGt=../../cp2016-max-common-connected-subgraph-paper/datasets/graphsdb/mcs70/rand/r005/mcs70_r005_s80.B07
Reading graphs...
80 :  307
80 :  308
Initializing...
maxdom : 13
D->valSize : 466
Solving...
Blb : 2 (clique : 29)
currentSize : 29 <-- 0.007672 s
currentSize : 31 <-- 0.007997 s
currentSize : 32 <-- 0.008891 s
currentSize : 35 <-- 0.009071 s
currentSize : 36 <-- 0.009260 s
currentSize : 39 <-- 0.022672 s
currentSize : 42 <-- 0.022805 s
currentSize : 47 <-- 0.022952 s
currentSize : 50 <-- 0.074549 s
currentSize : 55 <-- 0.268753 s

maxsize : 55
nodes : 89954.000000
filtered : 1195603.000000
time : 0.602697
