Parameters: GAD=1 vflib=1 dir=0 label=1 lowerbound=1 fileNameGp=../../cp2016-max-common-connected-subgraph-paper/datasets/graphsdb/mcs70/rand/r005/mcs70_r005_s70.A03 fileNameGt=../../cp2016-max-common-connected-subgraph-paper/datasets/graphsdb/mcs70/rand/r005/mcs70_r005_s70.B03
Reading graphs...
70 :  233
70 :  237
Initializing...
maxdom : 7
D->valSize : 334
Solving...
Blb : 2 (clique : 20)
currentSize : 20 <-- 0.002594 s
currentSize : 21 <-- 0.002833 s
currentSize : 22 <-- 0.003341 s
currentSize : 23 <-- 0.003469 s
currentSize : 24 <-- 0.025478 s
currentSize : 25 <-- 0.026503 s
currentSize : 26 <-- 0.026627 s
currentSize : 28 <-- 0.075641 s
currentSize : 31 <-- 0.075878 s
currentSize : 34 <-- 0.176290 s
currentSize : 38 <-- 0.290216 s
currentSize : 40 <-- 0.290372 s
currentSize : 41 <-- 0.434843 s
currentSize : 48 <-- 0.442386 s

maxsize : 48
nodes : 102111.000000
filtered : 873455.000000
time : 0.514794
