Parameters: GAD=1 vflib=1 dir=0 label=1 lowerbound=1 fileNameGp=../../cp2016-max-common-connected-subgraph-paper/datasets/graphsdb/mcs70/bvg/b06/mcs70_b06_s60.A08 fileNameGt=../../cp2016-max-common-connected-subgraph-paper/datasets/graphsdb/mcs70/bvg/b06/mcs70_b06_s60.B08
Reading graphs...
60 :  180
60 :  179
Initializing...
maxdom : 7
D->valSize : 260
Solving...
Blb : 2 (clique : 26)
currentSize : 26 <-- 0.002994 s
currentSize : 27 <-- 0.032352 s
currentSize : 31 <-- 0.113416 s
currentSize : 32 <-- 0.113458 s
currentSize : 33 <-- 0.113567 s
currentSize : 34 <-- 0.146929 s
currentSize : 39 <-- 0.149208 s
currentSize : 42 <-- 0.149736 s

maxsize : 42
nodes : 33019.000000
filtered : 204220.000000
time : 0.171679
