Parameters: GAD=1 vflib=1 dir=0 label=1 lowerbound=1 fileNameGp=../../cp2016-max-common-connected-subgraph-paper/datasets/graphsdb/mcs70/m2D/m2Dr4/mcs70_m2Dr4_s80.A06 fileNameGt=../../cp2016-max-common-connected-subgraph-paper/datasets/graphsdb/mcs70/m2D/m2Dr4/mcs70_m2Dr4_s80.B06
Reading graphs...
80 :  174
80 :  171
Initializing...
maxdom : 8
D->valSize : 424
Solving...
Blb : 2 (clique : 45)
currentSize : 45 <-- 0.004315 s
currentSize : 46 <-- 0.004791 s
currentSize : 47 <-- 0.050923 s
currentSize : 48 <-- 310.385437 s
currentSize : 49 <-- 402.421661 s
currentSize : 50 <-- 402.456329 s

maxsize : 50
nodes : 100233698.000000
filtered : 654919778.000000
time : 521.194397
