Parameters: GAD=1 vflib=1 dir=0 label=1 lowerbound=1 fileNameGp=../../cp2016-max-common-connected-subgraph-paper/datasets/graphsdb/mcs70/m3D/m3D/mcs70_m3D_s90.A07 fileNameGt=../../cp2016-max-common-connected-subgraph-paper/datasets/graphsdb/mcs70/m3D/m3D/mcs70_m3D_s90.B07
Reading graphs...
90 :  209
90 :  208
Initializing...
maxdom : 10
D->valSize : 584
Solving...
Blb : 2 (clique : 53)
currentSize : 53 <-- 0.007228 s
currentSize : 54 <-- 0.011882 s
currentSize : 55 <-- 0.018558 s
currentSize : 56 <-- 0.021494 s
currentSize : 57 <-- 0.025594 s
currentSize : 59 <-- 0.058035 s
currentSize : 60 <-- 0.062781 s
currentSize : 61 <-- 0.065020 s
currentSize : 62 <-- 0.071685 s
currentSize : 63 <-- 0.074804 s
currentSize : 64 <-- 0.081646 s
currentSize : 65 <-- 0.081788 s

maxsize : 65
nodes : 29273650.000000
filtered : 131994691.000000
time : 146.909622
