Parameters: GAD=1 vflib=1 dir=0 label=1 lowerbound=1 fileNameGp=../../cp2016-max-common-connected-subgraph-paper/datasets/graphsdb/mcs70/m2D/m2Dr2/mcs70_m2Dr2_s50.A01 fileNameGt=../../cp2016-max-common-connected-subgraph-paper/datasets/graphsdb/mcs70/m2D/m2Dr2/mcs70_m2Dr2_s50.B01
Reading graphs...
50 :  94
50 :  94
Initializing...
maxdom : 13
D->valSize : 388
Solving...
Blb : 2 (clique : 20)
currentSize : 20 <-- 0.002947 s
currentSize : 21 <-- 0.003069 s
currentSize : 22 <-- 0.003151 s
currentSize : 24 <-- 0.003468 s
currentSize : 25 <-- 0.589081 s
currentSize : 26 <-- 0.768387 s
currentSize : 27 <-- 1.355632 s
currentSize : 28 <-- 1.460691 s
currentSize : 29 <-- 1.460747 s
currentSize : 30 <-- 2.044009 s
currentSize : 31 <-- 2.449642 s
currentSize : 32 <-- 2.449693 s
currentSize : 33 <-- 2.980505 s
currentSize : 35 <-- 3.051770 s
currentSize : 36 <-- 3.051939 s

maxsize : 36
nodes : 855826.000000
filtered : 8473646.000000
time : 3.366810
