Parameters: GAD=1 vflib=1 dir=0 label=1 lowerbound=1 fileNameGp=../../cp2016-max-common-connected-subgraph-paper/datasets/graphsdb/mcs70/bvg/b09/mcs70_b09_s100.A09 fileNameGt=../../cp2016-max-common-connected-subgraph-paper/datasets/graphsdb/mcs70/bvg/b09/mcs70_b09_s100.B09
Reading graphs...
100 :  448
100 :  447
Initializing...
maxdom : 8
D->valSize : 380
Solving...
Blb : 2 (clique : 31)
currentSize : 31 <-- 0.003784 s
currentSize : 33 <-- 0.004074 s
currentSize : 38 <-- 0.008518 s
currentSize : 39 <-- 0.018238 s
currentSize : 46 <-- 0.019526 s
currentSize : 53 <-- 0.028340 s
currentSize : 60 <-- 0.228656 s
currentSize : 63 <-- 0.228925 s
currentSize : 67 <-- 0.460637 s
currentSize : 70 <-- 0.460937 s

maxsize : 70
nodes : 82661.000000
filtered : 666103.000000
time : 0.510782
