Parameters: GAD=1 vflib=1 dir=0 label=1 lowerbound=1 fileNameGp=../../cp2016-max-common-connected-subgraph-paper/datasets/graphsdb/mcs70/bvg/b03m/mcs70_b03m_s90.A04 fileNameGt=../../cp2016-max-common-connected-subgraph-paper/datasets/graphsdb/mcs70/bvg/b03m/mcs70_b03m_s90.B04
Reading graphs...
90 :  134
90 :  135
Initializing...
maxdom : 12
D->valSize : 553
Solving...
Blb : 2 (clique : 38)
currentSize : 38 <-- 0.006717 s
currentSize : 39 <-- 0.007084 s
currentSize : 40 <-- 0.023472 s
currentSize : 41 <-- 3.160667 s
currentSize : 42 <-- 20.442099 s
currentSize : 43 <-- 155.736786 s
currentSize : 44 <-- 217.585114 s
currentSize : 45 <-- 300.058167 s

TIMEOUT
maxsize : 45
nodes : 200357663.000000
filtered : 1452256016.000000
time : 1000.000061
