Parameters: GAD=1 vflib=1 dir=0 label=1 lowerbound=1 fileNameGp=../../cp2016-max-common-connected-subgraph-paper/datasets/graphsdb/mcs70/m2D/m2D/mcs70_m2D_s60.A05 fileNameGt=../../cp2016-max-common-connected-subgraph-paper/datasets/graphsdb/mcs70/m2D/m2D/mcs70_m2D_s60.B05
Reading graphs...
60 :  101
60 :  104
Initializing...
maxdom : 9
D->valSize : 273
Solving...
Blb : 2 (clique : 29)
currentSize : 29 <-- 0.003294 s
currentSize : 31 <-- 2.017962 s
currentSize : 32 <-- 2.018666 s
currentSize : 33 <-- 2.949971 s
currentSize : 34 <-- 4.325512 s
currentSize : 35 <-- 10.136442 s
currentSize : 36 <-- 11.813809 s
currentSize : 37 <-- 11.817711 s
currentSize : 38 <-- 11.818126 s

maxsize : 38
nodes : 3843681.000000
filtered : 22228722.000000
time : 15.206178
