Parameters: GAD=1 vflib=1 dir=0 label=1 lowerbound=1 fileNameGp=../../cp2016-max-common-connected-subgraph-paper/datasets/graphsdb/mcs70/bvg/b09m/mcs70_b09m_s60.A00 fileNameGt=../../cp2016-max-common-connected-subgraph-paper/datasets/graphsdb/mcs70/bvg/b09m/mcs70_b09m_s60.B00
Reading graphs...
60 :  264
60 :  264
Initializing...
maxdom : 7
D->valSize : 294
Solving...
Blb : 2 (clique : 12)
currentSize : 12 <-- 0.002055 s
currentSize : 13 <-- 0.002296 s
currentSize : 14 <-- 0.003948 s
currentSize : 15 <-- 0.004984 s
currentSize : 17 <-- 0.009948 s
currentSize : 18 <-- 0.009979 s
currentSize : 19 <-- 0.010414 s
currentSize : 22 <-- 0.025905 s
currentSize : 23 <-- 0.045838 s
currentSize : 24 <-- 0.045970 s
currentSize : 28 <-- 0.083491 s
currentSize : 30 <-- 0.083550 s
currentSize : 32 <-- 0.083629 s
currentSize : 39 <-- 0.150067 s
currentSize : 41 <-- 0.150181 s

maxsize : 41
nodes : 69351.000000
filtered : 320863.000000
time : 0.257381
