Parameters: GAD=1 vflib=1 dir=0 label=1 lowerbound=1 fileNameGp=../../cp2016-max-common-connected-subgraph-paper/datasets/graphsdb/mcs70/m3D/m3Dr6/mcs70_m3Dr6_s90.A02 fileNameGt=../../cp2016-max-common-connected-subgraph-paper/datasets/graphsdb/mcs70/m3D/m3Dr6/mcs70_m3Dr6_s90.B02
Reading graphs...
90 :  260
90 :  256
Initializing...
maxdom : 13
D->valSize : 581
Solving...
Blb : 2 (clique : 39)
currentSize : 39 <-- 0.011693 s
currentSize : 42 <-- 0.012335 s
currentSize : 45 <-- 0.020074 s
currentSize : 48 <-- 0.020284 s
currentSize : 49 <-- 0.027760 s
currentSize : 52 <-- 0.028022 s
currentSize : 53 <-- 0.028383 s
currentSize : 60 <-- 0.186530 s
currentSize : 63 <-- 89.940170 s

maxsize : 63
nodes : 48977704.000000
filtered : 230225889.000000
time : 232.800781
