Parameters: GAD=1 vflib=1 dir=0 label=1 lowerbound=1 fileNameGp=../../cp2016-max-common-connected-subgraph-paper/datasets/graphsdb/mcs70/bvg/b06m/mcs70_b06m_s100.A01 fileNameGt=../../cp2016-max-common-connected-subgraph-paper/datasets/graphsdb/mcs70/bvg/b06m/mcs70_b06m_s100.B01
Reading graphs...
100 :  298
100 :  294
Initializing...
maxdom : 6
D->valSize : 372
Solving...
Blb : 3 (clique : 54)
currentSize : 54 <-- 0.006453 s
currentSize : 56 <-- 0.008295 s
currentSize : 58 <-- 0.506897 s
currentSize : 60 <-- 0.507971 s
currentSize : 61 <-- 54.503632 s
currentSize : 65 <-- 54.516651 s
currentSize : 67 <-- 54.518017 s
currentSize : 69 <-- 102.249939 s

maxsize : 69
nodes : 34926105.000000
filtered : 129852077.000000
time : 179.686554
