Parameters: GAD=1 vflib=1 dir=0 label=1 lowerbound=1 fileNameGp=../../cp2016-max-common-connected-subgraph-paper/datasets/graphsdb/mcs70/m2D/m2Dr6/mcs70_m2Dr6_s80.A04 fileNameGt=../../cp2016-max-common-connected-subgraph-paper/datasets/graphsdb/mcs70/m2D/m2Dr6/mcs70_m2Dr6_s80.B04
Reading graphs...
80 :  188
80 :  188
Initializing...
maxdom : 11
D->valSize : 440
Solving...
Blb : 3 (clique : 29)
currentSize : 29 <-- 0.004330 s
currentSize : 30 <-- 0.093778 s
currentSize : 31 <-- 1.306188 s
currentSize : 32 <-- 32.278908 s
currentSize : 33 <-- 40.061653 s
currentSize : 35 <-- 40.061768 s
currentSize : 36 <-- 41.397484 s
currentSize : 37 <-- 41.409904 s
currentSize : 38 <-- 41.410168 s
currentSize : 39 <-- 47.067024 s
currentSize : 40 <-- 47.067211 s
currentSize : 41 <-- 58.396137 s
currentSize : 42 <-- 58.396332 s
currentSize : 43 <-- 58.546795 s
currentSize : 44 <-- 58.547314 s
currentSize : 45 <-- 58.547398 s
currentSize : 46 <-- 384.646515 s
currentSize : 47 <-- 384.646606 s
currentSize : 48 <-- 447.929047 s
currentSize : 49 <-- 447.929108 s

maxsize : 49
nodes : 125288366.000000
filtered : 494779216.000000
time : 543.303162
