Parameters: GAD=1 vflib=1 dir=0 label=1 lowerbound=1 fileNameGp=../../cp2016-max-common-connected-subgraph-paper/datasets/graphsdb/mcs70/m3D/m3Dr4/mcs70_m3Dr4_s90.A04 fileNameGt=../../cp2016-max-common-connected-subgraph-paper/datasets/graphsdb/mcs70/m3D/m3Dr4/mcs70_m3Dr4_s90.B04
Reading graphs...
90 :  245
90 :  242
Initializing...
maxdom : 9
D->valSize : 576
Solving...
Blb : 2 (clique : 42)
currentSize : 42 <-- 0.010888 s
currentSize : 44 <-- 4.505029 s
currentSize : 45 <-- 4.512261 s
currentSize : 46 <-- 14.541783 s
currentSize : 47 <-- 68.691490 s
currentSize : 48 <-- 267.049469 s
currentSize : 52 <-- 403.699799 s
currentSize : 53 <-- 604.255493 s
currentSize : 54 <-- 604.258118 s
currentSize : 61 <-- 619.871948 s
currentSize : 64 <-- 674.454224 s

maxsize : 64
nodes : 125231163.000000
filtered : 956971596.000000
time : 693.428589
