Parameters: GAD=1 vflib=1 dir=0 label=1 lowerbound=1 fileNameGp=../../cp2016-max-common-connected-subgraph-paper/datasets/graphsdb/mcs70/rand/r001/mcs70_r001_s100.A01 fileNameGt=../../cp2016-max-common-connected-subgraph-paper/datasets/graphsdb/mcs70/rand/r001/mcs70_r001_s100.B01
Reading graphs...
100 :  120
100 :  120
Initializing...
maxdom : 8
D->valSize : 401
Solving...
Blb : 2 (clique : 63)
currentSize : 63 <-- 0.004717 s
currentSize : 64 <-- 0.005433 s
currentSize : 65 <-- 0.411128 s
currentSize : 67 <-- 335.288147 s
currentSize : 68 <-- 335.309814 s
currentSize : 69 <-- 479.590637 s

TIMEOUT
maxsize : 69
nodes : 187564326.000000
filtered : 696744277.000000
time : 1000.000183
