Parameters: GAD=1 vflib=1 dir=0 label=1 lowerbound=1 fileNameGp=../../cp2016-max-common-connected-subgraph-paper/datasets/graphsdb/mcs70/m3D/m3Dr6/mcs70_m3Dr6_s90.A01 fileNameGt=../../cp2016-max-common-connected-subgraph-paper/datasets/graphsdb/mcs70/m3D/m3Dr6/mcs70_m3Dr6_s90.B01
Reading graphs...
90 :  262
90 :  262
Initializing...
maxdom : 11
D->valSize : 621
Solving...
Blb : 2 (clique : 31)
currentSize : 31 <-- 0.007806 s
currentSize : 32 <-- 6.100131 s
currentSize : 33 <-- 9.397883 s
currentSize : 34 <-- 9.404907 s
currentSize : 36 <-- 21.994331 s
currentSize : 37 <-- 24.615791 s
currentSize : 38 <-- 29.861317 s
currentSize : 40 <-- 51.689095 s
currentSize : 46 <-- 67.156395 s
currentSize : 47 <-- 93.722115 s
currentSize : 48 <-- 100.337059 s
currentSize : 49 <-- 125.797745 s
currentSize : 50 <-- 132.204025 s
currentSize : 51 <-- 173.677292 s
currentSize : 53 <-- 185.464188 s
currentSize : 54 <-- 257.743195 s
currentSize : 55 <-- 363.468506 s
currentSize : 56 <-- 400.032715 s
currentSize : 64 <-- 422.818481 s

maxsize : 64
nodes : 85743577.000000
filtered : 738725507.000000
time : 482.722748
