Parameters: GAD=1 vflib=1 dir=0 label=1 lowerbound=1 fileNameGp=../../cp2016-max-common-connected-subgraph-paper/datasets/graphsdb/mcs70/bvg/b06m/mcs70_b06m_s80.A02 fileNameGt=../../cp2016-max-common-connected-subgraph-paper/datasets/graphsdb/mcs70/bvg/b06m/mcs70_b06m_s80.B02
Reading graphs...
80 :  235
80 :  237
Initializing...
maxdom : 10
D->valSize : 454
Solving...
Blb : 3 (clique : 44)
currentSize : 44 <-- 0.004428 s
currentSize : 45 <-- 3.754599 s
currentSize : 46 <-- 7.592676 s
currentSize : 47 <-- 8.506825 s
currentSize : 48 <-- 9.337489 s
currentSize : 49 <-- 9.920132 s
currentSize : 50 <-- 13.117322 s
currentSize : 51 <-- 13.117613 s
currentSize : 52 <-- 16.104733 s
currentSize : 53 <-- 21.613800 s
currentSize : 54 <-- 21.614204 s
currentSize : 55 <-- 23.528008 s

maxsize : 55
nodes : 5432870.000000
filtered : 29459810.000000
time : 26.170156
