Parameters: GAD=1 vflib=1 dir=0 label=1 lowerbound=1 fileNameGp=../../cp2016-max-common-connected-subgraph-paper/datasets/graphsdb/mcs70/bvg/b03m/mcs70_b03m_s60.A00 fileNameGt=../../cp2016-max-common-connected-subgraph-paper/datasets/graphsdb/mcs70/bvg/b03m/mcs70_b03m_s60.B00
Reading graphs...
60 :  89
60 :  88
Initializing...
maxdom : 6
D->valSize : 232
Solving...
Blb : 3 (clique : 30)
currentSize : 30 <-- 0.002733 s
currentSize : 31 <-- 0.869597 s
currentSize : 33 <-- 1.809678 s
currentSize : 35 <-- 2.370351 s
currentSize : 36 <-- 3.048566 s
currentSize : 37 <-- 3.054440 s
currentSize : 41 <-- 3.127851 s
currentSize : 42 <-- 3.463645 s
currentSize : 43 <-- 3.608695 s
currentSize : 44 <-- 3.608763 s

maxsize : 44
nodes : 994202.000000
filtered : 4131017.000000
time : 3.725520
