Parameters: GAD=1 vflib=1 dir=0 label=1 lowerbound=1 fileNameGp=../../cp2016-max-common-connected-subgraph-paper/datasets/graphsdb/mcs70/m2D/m2D/mcs70_m2D_s100.A06 fileNameGt=../../cp2016-max-common-connected-subgraph-paper/datasets/graphsdb/mcs70/m2D/m2D/mcs70_m2D_s100.B06
Reading graphs...
100 :  180
100 :  180
Initializing...
maxdom : 6
D->valSize : 341
Solving...
Blb : 2 (clique : 47)
currentSize : 47 <-- 0.005835 s
currentSize : 48 <-- 0.006656 s
currentSize : 49 <-- 0.007822 s
currentSize : 50 <-- 0.018080 s
currentSize : 51 <-- 0.018397 s
currentSize : 52 <-- 0.018525 s
currentSize : 53 <-- 0.041417 s
currentSize : 54 <-- 0.058165 s
currentSize : 55 <-- 0.123643 s
currentSize : 56 <-- 0.127630 s
currentSize : 58 <-- 0.190281 s
currentSize : 59 <-- 0.191097 s
currentSize : 60 <-- 0.339305 s
currentSize : 61 <-- 0.700196 s
currentSize : 62 <-- 1.021539 s
currentSize : 64 <-- 1.023166 s

TIMEOUT
maxsize : 64
nodes : 204745870.000000
filtered : 644897482.000000
time : 1000.000183
