Parameters: GAD=1 vflib=1 dir=0 label=1 lowerbound=1 fileNameGp=../../cp2016-max-common-connected-subgraph-paper/datasets/graphsdb/mcs70/rand/r01/mcs70_r01_s80.A03 fileNameGt=../../cp2016-max-common-connected-subgraph-paper/datasets/graphsdb/mcs70/rand/r01/mcs70_r01_s80.B03
Reading graphs...
80 :  596
80 :  592
Initializing...
maxdom : 9
D->valSize : 440
Solving...
Blb : 2 (clique : 21)
currentSize : 21 <-- 0.003939 s
currentSize : 22 <-- 0.025341 s
currentSize : 23 <-- 0.025469 s
currentSize : 25 <-- 0.059374 s
currentSize : 29 <-- 0.127659 s
currentSize : 39 <-- 0.131872 s
currentSize : 40 <-- 0.132011 s
currentSize : 48 <-- 0.240983 s
currentSize : 49 <-- 0.241216 s

maxsize : 49
nodes : 265751.000000
filtered : 1094519.000000
time : 1.123485
