Parameters: GAD=1 vflib=1 dir=0 label=1 lowerbound=1 fileNameGp=../../cp2016-max-common-connected-subgraph-paper/datasets/graphsdb/mcs70/bvg/b06/mcs70_b06_s90.A00 fileNameGt=../../cp2016-max-common-connected-subgraph-paper/datasets/graphsdb/mcs70/bvg/b06/mcs70_b06_s90.B00
Reading graphs...
90 :  268
90 :  270
Initializing...
maxdom : 11
D->valSize : 549
Solving...
Blb : 2 (clique : 36)
currentSize : 36 <-- 0.006431 s
currentSize : 46 <-- 0.006731 s
currentSize : 47 <-- 0.006825 s
currentSize : 48 <-- 0.006952 s
currentSize : 49 <-- 0.007049 s
currentSize : 50 <-- 0.007318 s
currentSize : 52 <-- 0.007741 s
currentSize : 53 <-- 0.009674 s
currentSize : 55 <-- 0.015196 s
currentSize : 56 <-- 0.015719 s
currentSize : 57 <-- 0.039794 s
currentSize : 58 <-- 0.065761 s
currentSize : 59 <-- 0.072105 s
currentSize : 61 <-- 0.072252 s
currentSize : 64 <-- 0.073589 s

maxsize : 64
nodes : 33952703.000000
filtered : 301025883.000000
time : 210.753204
