Parameters: GAD=1 vflib=1 dir=0 label=1 lowerbound=1 fileNameGp=../../cp2016-max-common-connected-subgraph-paper/datasets/graphsdb/mcs70/bvg/b06m/mcs70_b06m_s50.A08 fileNameGt=../../cp2016-max-common-connected-subgraph-paper/datasets/graphsdb/mcs70/bvg/b06m/mcs70_b06m_s50.B08
Reading graphs...
50 :  147
50 :  149
Initializing...
maxdom : 9
D->valSize : 352
Solving...
Blb : 2 (clique : 23)
currentSize : 23 <-- 0.004182 s
currentSize : 24 <-- 0.039879 s
currentSize : 25 <-- 0.039930 s
currentSize : 26 <-- 0.044434 s
currentSize : 27 <-- 0.224925 s
currentSize : 28 <-- 0.224993 s
currentSize : 29 <-- 0.302625 s
currentSize : 33 <-- 0.305795 s
currentSize : 34 <-- 0.305856 s

maxsize : 34
nodes : 97494.000000
filtered : 913614.000000
time : 0.417688
