Parameters: GAD=1 vflib=1 dir=0 label=1 lowerbound=1 fileNameGp=../../cp2016-max-common-connected-subgraph-paper/datasets/graphsdb/mcs70/rand/r01/mcs70_r01_s90.A05 fileNameGt=../../cp2016-max-common-connected-subgraph-paper/datasets/graphsdb/mcs70/rand/r01/mcs70_r01_s90.B05
Reading graphs...
90 :  758
90 :  766
Initializing...
maxdom : 10
D->valSize : 576
Solving...
Blb : 2 (clique : 16)
currentSize : 16 <-- 0.006336 s
currentSize : 17 <-- 0.006601 s
currentSize : 19 <-- 0.008863 s
currentSize : 20 <-- 0.008962 s
currentSize : 23 <-- 0.009143 s
currentSize : 26 <-- 0.009523 s
currentSize : 30 <-- 0.012075 s
currentSize : 35 <-- 0.027751 s
currentSize : 43 <-- 0.027941 s
currentSize : 45 <-- 0.051547 s
currentSize : 61 <-- 0.073641 s

maxsize : 61
nodes : 14984.000000
filtered : 253633.000000
time : 0.107379
