Parameters: GAD=1 vflib=1 dir=0 label=1 lowerbound=1 fileNameGp=../../cp2016-max-common-connected-subgraph-paper/datasets/graphsdb/mcs70/m2D/m2D/mcs70_m2D_s70.A09 fileNameGt=../../cp2016-max-common-connected-subgraph-paper/datasets/graphsdb/mcs70/m2D/m2D/mcs70_m2D_s70.B09
Reading graphs...
70 :  123
70 :  121
Initializing...
maxdom : 7
D->valSize : 331
Solving...
Blb : 2 (clique : 37)
currentSize : 37 <-- 0.004677 s
currentSize : 39 <-- 0.005094 s
currentSize : 40 <-- 0.005206 s
currentSize : 41 <-- 0.005418 s
currentSize : 42 <-- 0.005715 s
currentSize : 43 <-- 0.006186 s
currentSize : 44 <-- 0.013061 s
currentSize : 49 <-- 0.392939 s

maxsize : 49
nodes : 506917.000000
filtered : 2448529.000000
time : 2.397466
