Parameters: GAD=1 vflib=1 dir=0 label=1 lowerbound=1 fileNameGp=../../cp2016-max-common-connected-subgraph-paper/datasets/graphsdb/mcs70/m2D/m2D/mcs70_m2D_s90.A09 fileNameGt=../../cp2016-max-common-connected-subgraph-paper/datasets/graphsdb/mcs70/m2D/m2D/mcs70_m2D_s90.B09
Reading graphs...
90 :  161
90 :  161
Initializing...
maxdom : 10
D->valSize : 619
Solving...
Blb : 2 (clique : 50)
currentSize : 50 <-- 0.007803 s
currentSize : 52 <-- 0.008197 s
currentSize : 56 <-- 0.008336 s
currentSize : 58 <-- 0.008531 s
currentSize : 59 <-- 0.011790 s
currentSize : 60 <-- 0.013849 s
currentSize : 61 <-- 0.042803 s
currentSize : 62 <-- 0.112710 s
currentSize : 63 <-- 350.419739 s
currentSize : 64 <-- 428.423065 s

maxsize : 64
nodes : 102412114.000000
filtered : 752591590.000000
time : 636.200989
