Parameters: GAD=1 vflib=1 dir=0 label=1 lowerbound=1 fileNameGp=../../cp2016-max-common-connected-subgraph-paper/datasets/graphsdb/mcs70/m2D/m2Dr2/mcs70_m2Dr2_s80.A05 fileNameGt=../../cp2016-max-common-connected-subgraph-paper/datasets/graphsdb/mcs70/m2D/m2Dr2/mcs70_m2Dr2_s80.B05
Reading graphs...
80 :  157
80 :  155
Initializing...
maxdom : 9
D->valSize : 434
Solving...
Blb : 2 (clique : 29)
currentSize : 29 <-- 0.007021 s
currentSize : 30 <-- 0.007388 s
currentSize : 31 <-- 0.017529 s
currentSize : 32 <-- 0.059922 s
currentSize : 33 <-- 1.678100 s
currentSize : 34 <-- 1.690089 s
currentSize : 35 <-- 4.291202 s
currentSize : 36 <-- 44.168304 s
currentSize : 37 <-- 220.827774 s
currentSize : 38 <-- 230.143097 s
currentSize : 40 <-- 230.321991 s
currentSize : 41 <-- 388.977783 s
currentSize : 42 <-- 598.035645 s
currentSize : 43 <-- 599.486877 s
currentSize : 44 <-- 600.034790 s
currentSize : 45 <-- 601.307739 s
currentSize : 46 <-- 603.324829 s
currentSize : 47 <-- 934.285034 s

TIMEOUT
maxsize : 47
nodes : 195271196.000000
filtered : 1271615745.000000
time : 1000.000061
