Parameters: GAD=1 vflib=1 dir=0 label=1 lowerbound=1 fileNameGp=../../cp2016-max-common-connected-subgraph-paper/datasets/graphsdb/mcs70/bvg/b06m/mcs70_b06m_s40.A01 fileNameGt=../../cp2016-max-common-connected-subgraph-paper/datasets/graphsdb/mcs70/bvg/b06m/mcs70_b06m_s40.B01
Reading graphs...
40 :  116
40 :  117
Initializing...
maxdom : 8
D->valSize : 238
Solving...
Blb : 2 (clique : 12)
currentSize : 12 <-- 0.001503 s
currentSize : 13 <-- 0.002001 s
currentSize : 14 <-- 0.003902 s
currentSize : 15 <-- 0.020592 s
currentSize : 17 <-- 0.029939 s
currentSize : 20 <-- 0.043873 s
currentSize : 21 <-- 0.057835 s
currentSize : 24 <-- 0.060744 s
currentSize : 28 <-- 0.068408 s

maxsize : 28
nodes : 20390.000000
filtered : 180949.000000
time : 0.073044
