Parameters: GAD=1 vflib=1 dir=0 label=1 lowerbound=1 fileNameGp=../../cp2016-max-common-connected-subgraph-paper/datasets/graphsdb/mcs70/rand/r005/mcs70_r005_s60.A09 fileNameGt=../../cp2016-max-common-connected-subgraph-paper/datasets/graphsdb/mcs70/rand/r005/mcs70_r005_s60.B09
Reading graphs...
60 :  169
60 :  171
Initializing...
maxdom : 7
D->valSize : 259
Solving...
Blb : 2 (clique : 27)
currentSize : 27 <-- 0.002874 s
currentSize : 28 <-- 0.003099 s
currentSize : 30 <-- 0.003258 s
currentSize : 31 <-- 0.033314 s
currentSize : 33 <-- 0.033459 s
currentSize : 35 <-- 0.186289 s
currentSize : 38 <-- 0.237964 s
currentSize : 41 <-- 0.238045 s

maxsize : 41
nodes : 48246.000000
filtered : 341126.000000
time : 0.291093
