Parameters: GAD=1 vflib=1 dir=0 label=1 lowerbound=1 fileNameGp=../../cp2016-max-common-connected-subgraph-paper/datasets/graphsdb/mcs70/bvg/b06/mcs70_b06_s80.A02 fileNameGt=../../cp2016-max-common-connected-subgraph-paper/datasets/graphsdb/mcs70/bvg/b06/mcs70_b06_s80.B02
Reading graphs...
80 :  240
80 :  239
Initializing...
maxdom : 8
D->valSize : 443
Solving...
Blb : 2 (clique : 39)
currentSize : 39 <-- 0.006782 s
currentSize : 40 <-- 0.007149 s
currentSize : 41 <-- 0.007479 s
currentSize : 45 <-- 0.021420 s
currentSize : 46 <-- 0.021586 s
currentSize : 47 <-- 2.115956 s
currentSize : 49 <-- 3.522294 s
currentSize : 50 <-- 3.522414 s
currentSize : 51 <-- 3.522583 s
currentSize : 53 <-- 5.593301 s
currentSize : 54 <-- 5.593446 s
currentSize : 55 <-- 5.593632 s
currentSize : 56 <-- 7.644928 s

maxsize : 56
nodes : 2320197.000000
filtered : 16981805.000000
time : 12.143615
