Parameters: GAD=1 vflib=1 dir=0 label=1 lowerbound=1 fileNameGp=../../cp2016-max-common-connected-subgraph-paper/datasets/graphsdb/mcs70/rand/r005/mcs70_r005_s40.A01 fileNameGt=../../cp2016-max-common-connected-subgraph-paper/datasets/graphsdb/mcs70/rand/r005/mcs70_r005_s40.B01
Reading graphs...
40 :  76
40 :  77
Initializing...
maxdom : 8
D->valSize : 213
Solving...
Blb : 2 (clique : 16)
currentSize : 16 <-- 0.001269 s
currentSize : 17 <-- 0.003863 s
currentSize : 18 <-- 0.010556 s
currentSize : 19 <-- 0.031281 s
currentSize : 20 <-- 0.035891 s
currentSize : 21 <-- 0.039448 s
currentSize : 23 <-- 0.051051 s
currentSize : 26 <-- 0.079697 s
currentSize : 28 <-- 0.082475 s

maxsize : 28
nodes : 25407.000000
filtered : 196312.000000
time : 0.088062
