Parameters: GAD=1 vflib=1 dir=0 label=1 lowerbound=1 fileNameGp=../../cp2016-max-common-connected-subgraph-paper/datasets/graphsdb/mcs70/m2D/m2Dr2/mcs70_m2Dr2_s60.A00 fileNameGt=../../cp2016-max-common-connected-subgraph-paper/datasets/graphsdb/mcs70/m2D/m2Dr2/mcs70_m2Dr2_s60.B00
Reading graphs...
60 :  116
60 :  116
Initializing...
maxdom : 7
D->valSize : 267
Solving...
Blb : 2 (clique : 30)
currentSize : 30 <-- 0.001986 s
currentSize : 31 <-- 5.499482 s
currentSize : 32 <-- 6.510397 s
currentSize : 34 <-- 7.575314 s
currentSize : 35 <-- 10.460849 s
currentSize : 36 <-- 11.828595 s
currentSize : 37 <-- 13.044282 s
currentSize : 38 <-- 15.548701 s

maxsize : 38
nodes : 4524368.000000
filtered : 20582188.000000
time : 17.308559
