Parameters: GAD=1 vflib=1 dir=0 label=1 lowerbound=1 fileNameGp=../../cp2016-max-common-connected-subgraph-paper/datasets/graphsdb/mcs70/m3D/m3D/mcs70_m3D_s100.A05 fileNameGt=../../cp2016-max-common-connected-subgraph-paper/datasets/graphsdb/mcs70/m3D/m3D/mcs70_m3D_s100.B05
Reading graphs...
100 :  234
100 :  234
Initializing...
maxdom : 8
D->valSize : 371
Solving...
Blb : 2 (clique : 47)
currentSize : 47 <-- 0.003879 s
currentSize : 48 <-- 0.004211 s
currentSize : 50 <-- 0.005062 s
currentSize : 51 <-- 0.005151 s
currentSize : 52 <-- 0.006029 s
currentSize : 55 <-- 0.009937 s
currentSize : 56 <-- 0.010040 s
currentSize : 57 <-- 0.011271 s
currentSize : 58 <-- 0.011369 s
currentSize : 60 <-- 0.494842 s
currentSize : 61 <-- 0.494948 s
currentSize : 62 <-- 4.375565 s
currentSize : 63 <-- 4.375680 s
currentSize : 64 <-- 93.804375 s

maxsize : 64
nodes : 70734645.000000
filtered : 282251098.000000
time : 361.915985
