Parameters: GAD=1 vflib=1 dir=0 label=1 lowerbound=1 fileNameGp=../../cp2016-max-common-connected-subgraph-paper/datasets/graphsdb/mcs70/bvg/b06m/mcs70_b06m_s70.A08 fileNameGt=../../cp2016-max-common-connected-subgraph-paper/datasets/graphsdb/mcs70/bvg/b06m/mcs70_b06m_s70.B08
Reading graphs...
70 :  208
70 :  207
Initializing...
maxdom : 8
D->valSize : 360
Solving...
Blb : 3 (clique : 31)
currentSize : 31 <-- 0.003033 s
currentSize : 32 <-- 0.003238 s
currentSize : 34 <-- 0.122863 s
currentSize : 37 <-- 0.122921 s
currentSize : 40 <-- 0.829540 s
currentSize : 41 <-- 0.829829 s
currentSize : 42 <-- 0.830924 s
currentSize : 47 <-- 3.321675 s
currentSize : 49 <-- 3.372079 s

maxsize : 49
nodes : 860728.000000
filtered : 4001370.000000
time : 3.663298
