Parameters: GAD=1 vflib=1 dir=0 label=1 lowerbound=1 fileNameGp=../../cp2016-max-common-connected-subgraph-paper/datasets/graphsdb/mcs70/m3D/m3Dr2/mcs70_m3Dr2_s40.A01 fileNameGt=../../cp2016-max-common-connected-subgraph-paper/datasets/graphsdb/mcs70/m3D/m3Dr2/mcs70_m3Dr2_s40.B01
Reading graphs...
40 :  92
40 :  92
Initializing...
maxdom : 9
D->valSize : 222
Solving...
Blb : 2 (clique : 14)
currentSize : 14 <-- 0.001938 s
currentSize : 15 <-- 0.002037 s
currentSize : 16 <-- 0.002605 s
currentSize : 17 <-- 0.002754 s
currentSize : 18 <-- 0.008912 s
currentSize : 20 <-- 0.013150 s
currentSize : 21 <-- 0.020134 s
currentSize : 23 <-- 0.035868 s
currentSize : 24 <-- 0.036201 s
currentSize : 25 <-- 0.036676 s
currentSize : 26 <-- 0.038012 s
currentSize : 28 <-- 0.051794 s

maxsize : 28
nodes : 12434.000000
filtered : 72168.000000
time : 0.062273
