Parameters: GAD=1 vflib=1 dir=0 label=1 lowerbound=1 fileNameGp=../../cp2016-max-common-connected-subgraph-paper/datasets/graphsdb/mcs70/bvg/b03m/mcs70_b03m_s50.A01 fileNameGt=../../cp2016-max-common-connected-subgraph-paper/datasets/graphsdb/mcs70/bvg/b03m/mcs70_b03m_s50.B01
Reading graphs...
50 :  75
50 :  75
Initializing...
maxdom : 9
D->valSize : 355
Solving...
Blb : 5 (clique : 25)
currentSize : 25 <-- 0.002709 s
currentSize : 28 <-- 10.792226 s
currentSize : 29 <-- 10.792354 s
currentSize : 30 <-- 10.796622 s
currentSize : 32 <-- 13.703320 s
currentSize : 33 <-- 15.540339 s
currentSize : 34 <-- 15.540841 s

maxsize : 34
nodes : 5392610.000000
filtered : 49386145.000000
time : 19.269251
