Parameters: GAD=1 vflib=1 dir=0 label=1 lowerbound=1 fileNameGp=../../cp2016-max-common-connected-subgraph-paper/datasets/graphsdb/mcs70/m2D/m2Dr6/mcs70_m2Dr6_s60.A06 fileNameGt=../../cp2016-max-common-connected-subgraph-paper/datasets/graphsdb/mcs70/m2D/m2Dr6/mcs70_m2Dr6_s60.B06
Reading graphs...
60 :  139
60 :  137
Initializing...
maxdom : 8
D->valSize : 241
Solving...
Blb : 3 (clique : 25)
currentSize : 25 <-- 0.001750 s
currentSize : 26 <-- 0.078858 s
currentSize : 27 <-- 0.152998 s
currentSize : 28 <-- 0.205734 s
currentSize : 30 <-- 0.806493 s
currentSize : 33 <-- 3.126862 s
currentSize : 34 <-- 5.214394 s
currentSize : 36 <-- 6.664057 s

maxsize : 36
nodes : 2047937.000000
filtered : 8550706.000000
time : 7.745999
