Parameters: GAD=1 vflib=1 dir=0 label=1 lowerbound=1 fileNameGp=../../cp2016-max-common-connected-subgraph-paper/datasets/graphsdb/mcs70/m2D/m2Dr6/mcs70_m2Dr6_s100.A02 fileNameGt=../../cp2016-max-common-connected-subgraph-paper/datasets/graphsdb/mcs70/m2D/m2Dr6/mcs70_m2Dr6_s100.B02
Reading graphs...
100 :  237
100 :  237
Initializing...
maxdom : 6
D->valSize : 362
Solving...
Blb : 3 (clique : 52)
currentSize : 52 <-- 0.003760 s
currentSize : 55 <-- 7.654382 s
currentSize : 56 <-- 102.253006 s
currentSize : 59 <-- 102.253250 s
currentSize : 60 <-- 102.262962 s
currentSize : 61 <-- 109.403679 s

TIMEOUT
maxsize : 61
nodes : 205835957.000000
filtered : 630676388.000000
time : 1000.000122
