Parameters: GAD=1 vflib=1 dir=0 label=1 lowerbound=1 fileNameGp=../../cp2016-max-common-connected-subgraph-paper/datasets/graphsdb/mcs70/m2D/m2Dr4/mcs70_m2Dr4_s60.A09 fileNameGt=../../cp2016-max-common-connected-subgraph-paper/datasets/graphsdb/mcs70/m2D/m2Dr4/mcs70_m2Dr4_s60.B09
Reading graphs...
60 :  128
60 :  126
Initializing...
maxdom : 7
D->valSize : 246
Solving...
Blb : 3 (clique : 29)
currentSize : 29 <-- 0.001745 s
currentSize : 30 <-- 4.143590 s
currentSize : 32 <-- 4.600015 s
currentSize : 33 <-- 7.653177 s
currentSize : 34 <-- 12.836229 s
currentSize : 36 <-- 13.122423 s
currentSize : 37 <-- 13.122482 s

maxsize : 37
nodes : 3685893.000000
filtered : 17594315.000000
time : 14.434938
