Parameters: GAD=1 vflib=1 dir=0 label=1 lowerbound=1 fileNameGp=../../cp2016-max-common-connected-subgraph-paper/datasets/graphsdb/mcs70/m2D/m2D/mcs70_m2D_s80.A06 fileNameGt=../../cp2016-max-common-connected-subgraph-paper/datasets/graphsdb/mcs70/m2D/m2D/mcs70_m2D_s80.B06
Reading graphs...
80 :  141
80 :  142
Initializing...
maxdom : 8
D->valSize : 420
Solving...
Blb : 2 (clique : 45)
currentSize : 45 <-- 0.004135 s
currentSize : 46 <-- 0.004432 s
currentSize : 47 <-- 0.362730 s
currentSize : 48 <-- 0.363478 s
currentSize : 49 <-- 0.373024 s
currentSize : 50 <-- 167.952759 s

TIMEOUT
maxsize : 50
nodes : 209155867.000000
filtered : 1032331715.000000
time : 1000.000061
