Parameters: GAD=1 vflib=1 dir=0 label=1 lowerbound=1 fileNameGp=../../cp2016-max-common-connected-subgraph-paper/datasets/graphsdb/mcs70/bvg/b03m/mcs70_b03m_s35.A03 fileNameGt=../../cp2016-max-common-connected-subgraph-paper/datasets/graphsdb/mcs70/bvg/b03m/mcs70_b03m_s35.B03
Reading graphs...
35 :  52
35 :  52
Initializing...
maxdom : 7
D->valSize : 153
Solving...
Blb : 2 (clique : 13)
currentSize : 13 <-- 0.000933 s
currentSize : 14 <-- 0.005050 s
currentSize : 15 <-- 0.005113 s
currentSize : 16 <-- 0.005332 s
currentSize : 18 <-- 0.012240 s
currentSize : 19 <-- 0.012282 s
currentSize : 20 <-- 0.012321 s
currentSize : 21 <-- 0.038628 s
currentSize : 22 <-- 0.038675 s
currentSize : 23 <-- 0.047162 s
currentSize : 24 <-- 0.054131 s

maxsize : 24
nodes : 29761.000000
filtered : 155393.000000
time : 0.079492
