Parameters: GAD=1 vflib=1 dir=0 label=1 lowerbound=1 fileNameGp=../../cp2016-max-common-connected-subgraph-paper/datasets/graphsdb/mcs70/m2D/m2Dr6/mcs70_m2Dr6_s100.A07 fileNameGt=../../cp2016-max-common-connected-subgraph-paper/datasets/graphsdb/mcs70/m2D/m2Dr6/mcs70_m2Dr6_s100.B07
Reading graphs...
100 :  240
100 :  237
Initializing...
maxdom : 9
D->valSize : 397
Solving...
Blb : 2 (clique : 39)
currentSize : 39 <-- 0.006927 s
currentSize : 40 <-- 0.007437 s
currentSize : 43 <-- 0.009154 s
currentSize : 44 <-- 0.009355 s
currentSize : 50 <-- 0.019083 s
currentSize : 51 <-- 0.025647 s
currentSize : 52 <-- 1.035310 s
currentSize : 57 <-- 3.007725 s
currentSize : 59 <-- 3.574405 s
currentSize : 61 <-- 7.636027 s
currentSize : 62 <-- 7.636653 s
currentSize : 63 <-- 9.626479 s
currentSize : 65 <-- 9.628779 s

maxsize : 65
nodes : 16177449.000000
filtered : 74622128.000000
time : 84.934067
