Parameters: GAD=1 vflib=1 dir=0 label=1 lowerbound=1 fileNameGp=../../cp2016-max-common-connected-subgraph-paper/datasets/graphsdb/mcs70/bvg/b03/mcs70_b03_s100.A00 fileNameGt=../../cp2016-max-common-connected-subgraph-paper/datasets/graphsdb/mcs70/bvg/b03/mcs70_b03_s100.B00
Reading graphs...
100 :  150
100 :  150
Initializing...
maxdom : 7
D->valSize : 379
Solving...
Blb : 2 (clique : 55)
currentSize : 55 <-- 0.006973 s
currentSize : 56 <-- 0.007688 s
currentSize : 57 <-- 0.009060 s
currentSize : 58 <-- 0.009878 s
currentSize : 59 <-- 0.044126 s
currentSize : 60 <-- 0.069926 s
currentSize : 62 <-- 0.070826 s
currentSize : 63 <-- 0.071053 s
currentSize : 64 <-- 0.265829 s
currentSize : 65 <-- 0.265926 s
currentSize : 67 <-- 0.266078 s
currentSize : 68 <-- 0.266177 s
currentSize : 69 <-- 0.319852 s
currentSize : 70 <-- 72.880814 s
currentSize : 71 <-- 72.881523 s

maxsize : 71
nodes : 109536944.000000
filtered : 342050022.000000
time : 552.373962
