Parameters: GAD=1 vflib=1 dir=0 label=1 lowerbound=1 fileNameGp=../../cp2016-max-common-connected-subgraph-paper/datasets/graphsdb/mcs70/bvg/b03/mcs70_b03_s70.A06 fileNameGt=../../cp2016-max-common-connected-subgraph-paper/datasets/graphsdb/mcs70/bvg/b03/mcs70_b03_s70.B06
Reading graphs...
70 :  104
70 :  105
Initializing...
maxdom : 9
D->valSize : 366
Solving...
Blb : 3 (clique : 31)
currentSize : 31 <-- 0.003260 s
currentSize : 32 <-- 0.003721 s
currentSize : 33 <-- 0.004573 s
currentSize : 34 <-- 0.006863 s
currentSize : 35 <-- 4.786062 s
currentSize : 36 <-- 15.001189 s
currentSize : 37 <-- 18.601824 s
currentSize : 38 <-- 37.432438 s
currentSize : 39 <-- 58.021175 s
currentSize : 40 <-- 108.796280 s
currentSize : 41 <-- 109.685539 s
currentSize : 42 <-- 109.691772 s
currentSize : 43 <-- 129.819473 s
currentSize : 44 <-- 165.096771 s
currentSize : 45 <-- 350.762634 s
currentSize : 48 <-- 350.941528 s

maxsize : 48
nodes : 94658658.000000
filtered : 494724711.000000
time : 409.951904
