Parameters: GAD=1 vflib=1 dir=0 label=1 lowerbound=1 fileNameGp=../../cp2016-max-common-connected-subgraph-paper/datasets/graphsdb/mcs70/rand/r02/mcs70_r02_s80.A08 fileNameGt=../../cp2016-max-common-connected-subgraph-paper/datasets/graphsdb/mcs70/rand/r02/mcs70_r02_s80.B08
Reading graphs...
80 :  1133
80 :  1140
Initializing...
maxdom : 9
D->valSize : 476
Solving...
Blb : 2 (clique : 8)
currentSize : 8 <-- 0.004364 s
currentSize : 9 <-- 0.004511 s
currentSize : 10 <-- 0.005216 s
currentSize : 12 <-- 0.005256 s
currentSize : 14 <-- 0.008108 s
currentSize : 18 <-- 0.014239 s
currentSize : 40 <-- 0.020214 s
currentSize : 41 <-- 0.024238 s
currentSize : 42 <-- 0.038905 s

maxsize : 42
nodes : 482677.000000
filtered : 499857.000000
time : 1.730035
