Parameters: GAD=1 vflib=1 dir=0 label=1 lowerbound=1 fileNameGp=../../cp2016-max-common-connected-subgraph-paper/datasets/graphsdb/mcs70/rand/r005/mcs70_r005_s100.A03 fileNameGt=../../cp2016-max-common-connected-subgraph-paper/datasets/graphsdb/mcs70/rand/r005/mcs70_r005_s100.B03
Reading graphs...
100 :  480
100 :  478
Initializing...
maxdom : 8
D->valSize : 391
Solving...
Blb : 2 (clique : 32)
currentSize : 32 <-- 0.004051 s
currentSize : 33 <-- 0.004981 s
currentSize : 37 <-- 0.007428 s
currentSize : 39 <-- 0.011425 s
currentSize : 43 <-- 0.011775 s
currentSize : 44 <-- 0.015332 s
currentSize : 48 <-- 0.015536 s
currentSize : 52 <-- 0.018419 s
currentSize : 58 <-- 0.020882 s
currentSize : 60 <-- 0.048853 s
currentSize : 67 <-- 0.083371 s

maxsize : 67
nodes : 453937.000000
filtered : 2736428.000000
time : 2.731162
