Parameters: GAD=1 vflib=1 dir=0 label=1 lowerbound=1 fileNameGp=../../cp2016-max-common-connected-subgraph-paper/datasets/graphsdb/mcs70/m3D/m3Dr6/mcs70_m3Dr6_s100.A07 fileNameGt=../../cp2016-max-common-connected-subgraph-paper/datasets/graphsdb/mcs70/m3D/m3Dr6/mcs70_m3Dr6_s100.B07
Reading graphs...
100 :  293
100 :  293
Initializing...
maxdom : 6
D->valSize : 370
Solving...
Blb : 3 (clique : 39)
currentSize : 39 <-- 0.005994 s
currentSize : 40 <-- 0.007105 s
currentSize : 43 <-- 0.009129 s
currentSize : 44 <-- 0.009496 s
currentSize : 45 <-- 1.279745 s
currentSize : 47 <-- 1.280167 s
currentSize : 49 <-- 1.280414 s
currentSize : 50 <-- 3.152202 s
currentSize : 51 <-- 4.568360 s
currentSize : 52 <-- 4.568657 s
currentSize : 53 <-- 4.568772 s
currentSize : 54 <-- 23.637379 s
currentSize : 55 <-- 25.083624 s
currentSize : 56 <-- 25.088009 s
currentSize : 57 <-- 25.133314 s
currentSize : 58 <-- 106.185310 s
currentSize : 59 <-- 131.559753 s
currentSize : 62 <-- 155.268082 s
currentSize : 63 <-- 155.416367 s
currentSize : 64 <-- 167.178070 s

maxsize : 64
nodes : 44283816.000000
filtered : 171525645.000000
time : 229.852646
