Parameters: GAD=1 vflib=1 dir=0 label=1 lowerbound=1 fileNameGp=../../cp2016-max-common-connected-subgraph-paper/datasets/graphsdb/mcs70/m2D/m2Dr6/mcs70_m2Dr6_s80.A05 fileNameGt=../../cp2016-max-common-connected-subgraph-paper/datasets/graphsdb/mcs70/m2D/m2Dr6/mcs70_m2Dr6_s80.B05
Reading graphs...
80 :  187
80 :  188
Initializing...
maxdom : 9
D->valSize : 437
Solving...
Blb : 2 (clique : 35)
currentSize : 35 <-- 0.004226 s
currentSize : 36 <-- 0.004473 s
currentSize : 37 <-- 0.004630 s
currentSize : 38 <-- 0.005952 s
currentSize : 39 <-- 0.386100 s
currentSize : 40 <-- 0.390710 s
currentSize : 42 <-- 12.738273 s
currentSize : 43 <-- 57.448097 s
currentSize : 44 <-- 141.408157 s
currentSize : 46 <-- 177.643967 s
currentSize : 47 <-- 177.644073 s
currentSize : 48 <-- 199.913956 s
currentSize : 49 <-- 199.924713 s

maxsize : 49
nodes : 58627947.000000
filtered : 311424538.000000
time : 274.090790
