Parameters: GAD=1 vflib=1 dir=0 label=1 lowerbound=1 fileNameGp=../../cp2016-max-common-connected-subgraph-paper/datasets/graphsdb/mcs70/bvg/b09/mcs70_b09_s60.A08 fileNameGt=../../cp2016-max-common-connected-subgraph-paper/datasets/graphsdb/mcs70/bvg/b09/mcs70_b09_s60.B08
Reading graphs...
60 :  267
60 :  269
Initializing...
maxdom : 6
D->valSize : 250
Solving...
Blb : 2 (clique : 20)
currentSize : 20 <-- 0.001712 s
currentSize : 21 <-- 0.008063 s
currentSize : 22 <-- 0.008151 s
currentSize : 23 <-- 0.017409 s
currentSize : 24 <-- 0.038769 s
currentSize : 25 <-- 0.038925 s
currentSize : 26 <-- 0.038959 s
currentSize : 28 <-- 0.064779 s
currentSize : 31 <-- 0.073150 s
currentSize : 36 <-- 0.108058 s
currentSize : 39 <-- 0.108213 s
currentSize : 42 <-- 0.108308 s

maxsize : 42
nodes : 28601.000000
filtered : 154403.000000
time : 0.116483
