Parameters: GAD=1 vflib=1 dir=0 label=1 lowerbound=1 fileNameGp=../../cp2016-max-common-connected-subgraph-paper/datasets/graphsdb/mcs70/bvg/b09m/mcs70_b09m_s60.A04 fileNameGt=../../cp2016-max-common-connected-subgraph-paper/datasets/graphsdb/mcs70/bvg/b09m/mcs70_b09m_s60.B04
Reading graphs...
60 :  263
60 :  264
Initializing...
maxdom : 7
D->valSize : 269
Solving...
Blb : 3 (clique : 14)
currentSize : 14 <-- 0.002893 s
currentSize : 16 <-- 0.006320 s
currentSize : 17 <-- 0.010121 s
currentSize : 18 <-- 0.018575 s
currentSize : 19 <-- 0.080481 s
currentSize : 20 <-- 0.080745 s
currentSize : 21 <-- 0.152960 s
currentSize : 22 <-- 0.153242 s
currentSize : 24 <-- 0.194475 s
currentSize : 26 <-- 0.356407 s
currentSize : 27 <-- 0.511637 s
currentSize : 28 <-- 0.511666 s
currentSize : 34 <-- 0.511821 s
currentSize : 35 <-- 0.511869 s
currentSize : 36 <-- 0.512474 s
currentSize : 39 <-- 0.512529 s

maxsize : 39
nodes : 132344.000000
filtered : 773967.000000
time : 0.646976
