Parameters: GAD=1 vflib=1 dir=0 label=1 lowerbound=1 fileNameGp=../../cp2016-max-common-connected-subgraph-paper/datasets/graphsdb/mcs70/bvg/b06/mcs70_b06_s80.A04 fileNameGt=../../cp2016-max-common-connected-subgraph-paper/datasets/graphsdb/mcs70/bvg/b06/mcs70_b06_s80.B04
Reading graphs...
80 :  240
80 :  239
Initializing...
maxdom : 11
D->valSize : 457
Solving...
Blb : 2 (clique : 29)
currentSize : 29 <-- 0.004619 s
currentSize : 35 <-- 0.004837 s
currentSize : 36 <-- 0.004991 s
currentSize : 37 <-- 0.005031 s
currentSize : 38 <-- 0.005062 s
currentSize : 39 <-- 0.005957 s
currentSize : 41 <-- 0.059454 s
currentSize : 43 <-- 0.059513 s
currentSize : 44 <-- 0.059654 s
currentSize : 46 <-- 0.062035 s
currentSize : 48 <-- 0.062117 s
currentSize : 50 <-- 0.062231 s
currentSize : 52 <-- 0.062500 s
currentSize : 54 <-- 4.906551 s
currentSize : 56 <-- 4.906787 s

maxsize : 56
nodes : 1500473.000000
filtered : 10618027.000000
time : 8.224186
