Parameters: GAD=1 vflib=1 dir=0 label=1 lowerbound=1 fileNameGp=../../cp2016-max-common-connected-subgraph-paper/datasets/graphsdb/mcs70/bvg/b06/mcs70_b06_s90.A06 fileNameGt=../../cp2016-max-common-connected-subgraph-paper/datasets/graphsdb/mcs70/bvg/b06/mcs70_b06_s90.B06
Reading graphs...
90 :  270
90 :  270
Initializing...
maxdom : 11
D->valSize : 535
Solving...
Blb : 2 (clique : 30)
currentSize : 30 <-- 0.006084 s
currentSize : 31 <-- 0.006374 s
currentSize : 32 <-- 0.006689 s
currentSize : 33 <-- 0.006777 s
currentSize : 34 <-- 0.031709 s
currentSize : 35 <-- 0.053867 s
currentSize : 36 <-- 0.056079 s
currentSize : 37 <-- 0.056119 s
currentSize : 38 <-- 0.488416 s
currentSize : 39 <-- 59.712170 s
currentSize : 40 <-- 59.722794 s
currentSize : 41 <-- 59.724857 s
currentSize : 42 <-- 62.329487 s
currentSize : 43 <-- 62.403759 s
currentSize : 44 <-- 85.556648 s
currentSize : 47 <-- 193.022125 s
currentSize : 48 <-- 193.536880 s
currentSize : 49 <-- 413.658783 s

TIMEOUT
maxsize : 49
nodes : 199966326.000000
filtered : 1243293114.000000
time : 1000.000061
