Parameters: GAD=1 vflib=1 dir=0 label=1 lowerbound=1 fileNameGp=../../cp2016-max-common-connected-subgraph-paper/datasets/graphsdb/mcs70/bvg/b03m/mcs70_b03m_s100.A05 fileNameGt=../../cp2016-max-common-connected-subgraph-paper/datasets/graphsdb/mcs70/bvg/b03m/mcs70_b03m_s100.B05
Reading graphs...
100 :  150
100 :  150
Initializing...
maxdom : 6
D->valSize : 355
Solving...
Blb : 2 (clique : 62)
currentSize : 62 <-- 0.003924 s
currentSize : 63 <-- 0.004446 s
currentSize : 64 <-- 0.004550 s
currentSize : 65 <-- 0.079931 s
currentSize : 66 <-- 0.080211 s
currentSize : 67 <-- 0.080312 s
currentSize : 68 <-- 0.398635 s
currentSize : 69 <-- 0.410093 s
currentSize : 70 <-- 0.410207 s

maxsize : 70
nodes : 4784832.000000
filtered : 15131218.000000
time : 24.569559
