Parameters: GAD=1 vflib=1 dir=0 label=1 lowerbound=1 fileNameGp=../../cp2016-max-common-connected-subgraph-paper/datasets/graphsdb/mcs70/bvg/b09/mcs70_b09_s50.A06 fileNameGt=../../cp2016-max-common-connected-subgraph-paper/datasets/graphsdb/mcs70/bvg/b09/mcs70_b09_s50.B06
Reading graphs...
50 :  224
50 :  222
Initializing...
maxdom : 9
D->valSize : 362
Solving...
Blb : 3 (clique : 14)
currentSize : 14 <-- 0.002708 s
currentSize : 15 <-- 0.016683 s
currentSize : 21 <-- 0.071333 s
currentSize : 23 <-- 0.096359 s
currentSize : 24 <-- 0.096408 s
currentSize : 25 <-- 0.096453 s
currentSize : 26 <-- 0.120204 s
currentSize : 28 <-- 0.132080 s
currentSize : 29 <-- 0.144205 s
currentSize : 31 <-- 0.158046 s
currentSize : 34 <-- 0.165468 s

maxsize : 34
nodes : 39099.000000
filtered : 548767.000000
time : 0.172502
