Parameters: GAD=1 vflib=1 dir=0 label=1 lowerbound=1 fileNameGp=../../cp2016-max-common-connected-subgraph-paper/datasets/graphsdb/mcs70/m3D/m3Dr6/mcs70_m3Dr6_s100.A01 fileNameGt=../../cp2016-max-common-connected-subgraph-paper/datasets/graphsdb/mcs70/m3D/m3Dr6/mcs70_m3Dr6_s100.B01
Reading graphs...
100 :  292
100 :  291
Initializing...
maxdom : 6
D->valSize : 369
Solving...
Blb : 2 (clique : 53)
currentSize : 53 <-- 0.006077 s
currentSize : 55 <-- 0.007166 s
currentSize : 57 <-- 0.020962 s
currentSize : 59 <-- 0.021770 s
currentSize : 62 <-- 232.787888 s
currentSize : 64 <-- 232.788223 s

maxsize : 64
nodes : 69391603.000000
filtered : 270856683.000000
time : 375.611023
