Parameters: GAD=1 vflib=1 dir=0 label=1 lowerbound=1 fileNameGp=../../cp2016-max-common-connected-subgraph-paper/datasets/graphsdb/mcs70/m2D/m2Dr4/mcs70_m2Dr4_s80.A07 fileNameGt=../../cp2016-max-common-connected-subgraph-paper/datasets/graphsdb/mcs70/m2D/m2Dr4/mcs70_m2Dr4_s80.B07
Reading graphs...
80 :  172
80 :  171
Initializing...
maxdom : 9
D->valSize : 440
Solving...
Blb : 2 (clique : 35)
currentSize : 35 <-- 0.007263 s
currentSize : 36 <-- 0.007655 s
currentSize : 37 <-- 0.008938 s
currentSize : 38 <-- 0.009043 s
currentSize : 39 <-- 0.033718 s
currentSize : 40 <-- 0.034294 s
currentSize : 41 <-- 1.336248 s
currentSize : 42 <-- 34.707623 s
currentSize : 43 <-- 34.707737 s
currentSize : 45 <-- 69.007790 s
currentSize : 46 <-- 69.031563 s
currentSize : 48 <-- 69.718529 s
currentSize : 49 <-- 120.266083 s
currentSize : 50 <-- 143.338196 s

maxsize : 50
nodes : 33620135.000000
filtered : 185565074.000000
time : 167.203873
