Parameters: GAD=1 vflib=1 dir=0 label=1 lowerbound=1 fileNameGp=../../cp2016-max-common-connected-subgraph-paper/datasets/graphsdb/mcs70/m2D/m2Dr4/mcs70_m2Dr4_s70.A04 fileNameGt=../../cp2016-max-common-connected-subgraph-paper/datasets/graphsdb/mcs70/m2D/m2Dr4/mcs70_m2Dr4_s70.B04
Reading graphs...
70 :  151
70 :  151
Initializing...
maxdom : 7
D->valSize : 335
Solving...
Blb : 3 (clique : 27)
currentSize : 27 <-- 0.002724 s
currentSize : 29 <-- 0.002896 s
currentSize : 30 <-- 0.002953 s
currentSize : 31 <-- 0.002968 s
currentSize : 33 <-- 0.003039 s
currentSize : 36 <-- 0.004733 s
currentSize : 38 <-- 0.010944 s
currentSize : 39 <-- 0.011486 s
currentSize : 40 <-- 0.016425 s
currentSize : 41 <-- 0.058152 s
currentSize : 42 <-- 0.069280 s
currentSize : 43 <-- 0.078569 s
currentSize : 44 <-- 6.528460 s
currentSize : 47 <-- 6.530523 s
currentSize : 49 <-- 6.530689 s

maxsize : 49
nodes : 1745154.000000
filtered : 8572085.000000
time : 7.945126
