Parameters: GAD=1 vflib=1 dir=0 label=1 lowerbound=1 fileNameGp=../../cp2016-max-common-connected-subgraph-paper/datasets/graphsdb/mcs70/bvg/b09/mcs70_b09_s60.A00 fileNameGt=../../cp2016-max-common-connected-subgraph-paper/datasets/graphsdb/mcs70/bvg/b09/mcs70_b09_s60.B00
Reading graphs...
60 :  267
60 :  267
Initializing...
maxdom : 7
D->valSize : 254
Solving...
Blb : 2 (clique : 15)
currentSize : 15 <-- 0.001771 s
currentSize : 16 <-- 0.082099 s
currentSize : 23 <-- 0.178714 s
currentSize : 24 <-- 0.178757 s
currentSize : 26 <-- 0.178867 s
currentSize : 28 <-- 0.178917 s
currentSize : 30 <-- 0.179420 s
currentSize : 33 <-- 0.233441 s
currentSize : 37 <-- 0.238787 s
currentSize : 42 <-- 0.239247 s

maxsize : 42
nodes : 64505.000000
filtered : 355667.000000
time : 0.249449
