Parameters: GAD=1 vflib=1 dir=0 label=1 lowerbound=1 fileNameGp=../../cp2016-max-common-connected-subgraph-paper/datasets/graphsdb/mcs70/bvg/b03m/mcs70_b03m_s80.A09 fileNameGt=../../cp2016-max-common-connected-subgraph-paper/datasets/graphsdb/mcs70/bvg/b03m/mcs70_b03m_s80.B09
Reading graphs...
80 :  120
80 :  120
Initializing...
maxdom : 9
D->valSize : 448
Solving...
Blb : 2 (clique : 44)
currentSize : 44 <-- 0.004748 s
currentSize : 45 <-- 0.005294 s
currentSize : 46 <-- 0.010555 s
currentSize : 47 <-- 0.010640 s
currentSize : 48 <-- 0.010769 s
currentSize : 49 <-- 0.044544 s
currentSize : 50 <-- 0.044929 s
currentSize : 51 <-- 0.047661 s
currentSize : 52 <-- 0.132801 s
currentSize : 53 <-- 0.132874 s
currentSize : 54 <-- 0.133161 s
currentSize : 56 <-- 0.135000 s

maxsize : 56
nodes : 9801067.000000
filtered : 66562838.000000
time : 53.896626
