Parameters: GAD=1 vflib=1 dir=0 label=1 lowerbound=1 fileNameGp=../../cp2016-max-common-connected-subgraph-paper/datasets/graphsdb/mcs70/rand/r01/mcs70_r01_s90.A08 fileNameGt=../../cp2016-max-common-connected-subgraph-paper/datasets/graphsdb/mcs70/rand/r01/mcs70_r01_s90.B08
Reading graphs...
90 :  767
90 :  765
Initializing...
maxdom : 9
D->valSize : 528
Solving...
Blb : 2 (clique : 14)
currentSize : 14 <-- 0.005473 s
currentSize : 15 <-- 0.019410 s
currentSize : 16 <-- 0.020067 s
currentSize : 18 <-- 0.028430 s
currentSize : 20 <-- 0.034995 s
currentSize : 23 <-- 0.049613 s
currentSize : 25 <-- 0.071057 s
currentSize : 28 <-- 0.071594 s
currentSize : 30 <-- 0.163307 s
currentSize : 35 <-- 0.173467 s
currentSize : 36 <-- 0.237559 s
currentSize : 42 <-- 0.277668 s
currentSize : 43 <-- 0.331990 s
currentSize : 48 <-- 0.411528 s
currentSize : 50 <-- 0.504865 s
currentSize : 59 <-- 0.505363 s

maxsize : 59
nodes : 75069.000000
filtered : 1086712.000000
time : 0.647454
