Parameters: GAD=1 vflib=1 dir=0 label=1 lowerbound=1 fileNameGp=../../cp2016-max-common-connected-subgraph-paper/datasets/graphsdb/mcs70/m2D/m2D/mcs70_m2D_s100.A07 fileNameGt=../../cp2016-max-common-connected-subgraph-paper/datasets/graphsdb/mcs70/m2D/m2D/mcs70_m2D_s100.B07
Reading graphs...
100 :  180
100 :  180
Initializing...
maxdom : 8
D->valSize : 395
Solving...
Blb : 2 (clique : 42)
currentSize : 42 <-- 0.004150 s
currentSize : 43 <-- 0.004647 s
currentSize : 44 <-- 0.007021 s
currentSize : 45 <-- 0.031912 s
currentSize : 47 <-- 0.192362 s
currentSize : 48 <-- 0.193129 s
currentSize : 49 <-- 0.214119 s
currentSize : 51 <-- 1.203662 s
currentSize : 52 <-- 1.224130 s
currentSize : 54 <-- 2.532277 s
currentSize : 55 <-- 34.653828 s
currentSize : 56 <-- 76.089149 s
currentSize : 57 <-- 80.132263 s
currentSize : 58 <-- 80.392143 s
currentSize : 59 <-- 80.392288 s
currentSize : 60 <-- 85.381378 s

TIMEOUT
maxsize : 60
nodes : 183082311.000000
filtered : 729479442.000000
time : 1000.000122
