Parameters: GAD=1 vflib=1 dir=0 label=1 lowerbound=1 fileNameGp=../../cp2016-max-common-connected-subgraph-paper/datasets/graphsdb/mcs70/m2D/m2D/mcs70_m2D_s50.A01 fileNameGt=../../cp2016-max-common-connected-subgraph-paper/datasets/graphsdb/mcs70/m2D/m2D/mcs70_m2D_s50.B01
Reading graphs...
50 :  85
50 :  85
Initializing...
maxdom : 10
D->valSize : 346
Solving...
Blb : 2 (clique : 18)
currentSize : 18 <-- 0.002491 s
currentSize : 25 <-- 0.002611 s
currentSize : 26 <-- 0.002627 s
currentSize : 27 <-- 0.021448 s
currentSize : 28 <-- 0.021505 s
currentSize : 29 <-- 0.021570 s
currentSize : 31 <-- 0.021634 s
currentSize : 34 <-- 0.155886 s
currentSize : 35 <-- 0.155938 s
currentSize : 36 <-- 0.156010 s

maxsize : 36
nodes : 95955.000000
filtered : 613919.000000
time : 0.359569
