Parameters: GAD=1 vflib=1 dir=0 label=1 lowerbound=1 fileNameGp=../../cp2016-max-common-connected-subgraph-paper/datasets/graphsdb/mcs70/m2D/m2Dr6/mcs70_m2Dr6_s90.A03 fileNameGt=../../cp2016-max-common-connected-subgraph-paper/datasets/graphsdb/mcs70/m2D/m2Dr6/mcs70_m2Dr6_s90.B03
Reading graphs...
90 :  213
90 :  213
Initializing...
maxdom : 9
D->valSize : 564
Solving...
Blb : 2 (clique : 30)
currentSize : 30 <-- 0.010782 s
currentSize : 39 <-- 0.011196 s
currentSize : 40 <-- 0.022295 s
currentSize : 41 <-- 0.057700 s
currentSize : 42 <-- 0.112673 s
currentSize : 43 <-- 0.141793 s
currentSize : 44 <-- 0.270110 s
currentSize : 45 <-- 0.637735 s
currentSize : 46 <-- 1.027603 s
currentSize : 47 <-- 1.794586 s
currentSize : 48 <-- 17.183176 s
currentSize : 49 <-- 17.183281 s
currentSize : 50 <-- 150.002090 s
currentSize : 52 <-- 216.854797 s
currentSize : 53 <-- 216.854965 s
currentSize : 55 <-- 601.161865 s
currentSize : 57 <-- 601.162415 s
currentSize : 61 <-- 631.162964 s
currentSize : 63 <-- 782.723511 s

maxsize : 63
nodes : 172967156.000000
filtered : 921763502.000000
time : 858.402344
