Parameters: GAD=1 vflib=1 dir=0 label=1 lowerbound=1 fileNameGp=../../cp2016-max-common-connected-subgraph-paper/datasets/graphsdb/mcs70/rand/r001/mcs70_r001_s100.A07 fileNameGt=../../cp2016-max-common-connected-subgraph-paper/datasets/graphsdb/mcs70/rand/r001/mcs70_r001_s100.B07
Reading graphs...
100 :  120
100 :  120
Initializing...
maxdom : 8
D->valSize : 390
Solving...
Blb : 2 (clique : 56)
currentSize : 56 <-- 0.004487 s
currentSize : 57 <-- 0.011078 s
currentSize : 58 <-- 0.021961 s
currentSize : 59 <-- 0.300370 s
currentSize : 60 <-- 0.860446 s
currentSize : 61 <-- 1.014757 s
currentSize : 62 <-- 19.277308 s

TIMEOUT
maxsize : 62
nodes : 206593232.000000
filtered : 776039148.000000
time : 1000.000122
