Parameters: GAD=1 vflib=1 dir=0 label=1 lowerbound=1 fileNameGp=../../cp2016-max-common-connected-subgraph-paper/datasets/graphsdb/mcs70/m3D/m3Dr2/mcs70_m3Dr2_s100.A03 fileNameGt=../../cp2016-max-common-connected-subgraph-paper/datasets/graphsdb/mcs70/m3D/m3Dr2/mcs70_m3Dr2_s100.B03
Reading graphs...
100 :  253
100 :  255
Initializing...
maxdom : 7
D->valSize : 378
Solving...
Blb : 2 (clique : 47)
currentSize : 47 <-- 0.004068 s
currentSize : 49 <-- 0.004935 s
currentSize : 50 <-- 0.005056 s
currentSize : 51 <-- 0.405303 s
currentSize : 53 <-- 0.405424 s
currentSize : 54 <-- 0.532608 s
currentSize : 57 <-- 0.533425 s
currentSize : 58 <-- 1.682114 s
currentSize : 60 <-- 6.129155 s
currentSize : 61 <-- 27.263941 s
currentSize : 63 <-- 29.105856 s
currentSize : 64 <-- 417.959717 s

TIMEOUT
maxsize : 64
nodes : 209231330.000000
filtered : 638330195.000000
time : 1000.000122
