Parameters: GAD=1 vflib=1 dir=0 label=1 lowerbound=1 fileNameGp=../../cp2016-max-common-connected-subgraph-paper/datasets/graphsdb/mcs70/m2D/m2Dr6/mcs70_m2Dr6_s80.A06 fileNameGt=../../cp2016-max-common-connected-subgraph-paper/datasets/graphsdb/mcs70/m2D/m2Dr6/mcs70_m2Dr6_s80.B06
Reading graphs...
80 :  187
80 :  186
Initializing...
maxdom : 12
D->valSize : 473
Solving...
Blb : 2 (clique : 38)
currentSize : 38 <-- 0.004845 s
currentSize : 39 <-- 0.005092 s
currentSize : 40 <-- 0.005219 s
currentSize : 41 <-- 0.014272 s
currentSize : 43 <-- 0.023070 s
currentSize : 44 <-- 0.023232 s
currentSize : 45 <-- 0.036329 s
currentSize : 46 <-- 0.078837 s
currentSize : 47 <-- 0.079080 s
currentSize : 48 <-- 0.120368 s
currentSize : 49 <-- 0.597407 s

maxsize : 49
nodes : 11649008.000000
filtered : 74982381.000000
time : 56.762867
