Parameters: GAD=1 vflib=1 dir=0 label=1 lowerbound=1 fileNameGp=../../cp2016-max-common-connected-subgraph-paper/datasets/graphsdb/mcs70/rand/r005/mcs70_r005_s35.A08 fileNameGt=../../cp2016-max-common-connected-subgraph-paper/datasets/graphsdb/mcs70/rand/r005/mcs70_r005_s35.B08
Reading graphs...
35 :  56
35 :  57
Initializing...
maxdom : 6
D->valSize : 165
Solving...
Blb : 2 (clique : 15)
currentSize : 15 <-- 0.000950 s
currentSize : 16 <-- 0.001056 s
currentSize : 17 <-- 0.001089 s
currentSize : 18 <-- 0.001260 s
currentSize : 19 <-- 0.001515 s
currentSize : 20 <-- 0.002342 s
currentSize : 21 <-- 0.004332 s
currentSize : 22 <-- 0.007230 s
currentSize : 23 <-- 0.009251 s
currentSize : 24 <-- 0.009478 s

maxsize : 24
nodes : 4073.000000
filtered : 29425.000000
time : 0.016238
