Parameters: GAD=1 vflib=1 dir=0 label=1 lowerbound=1 fileNameGp=../../cp2016-max-common-connected-subgraph-paper/datasets/graphsdb/mcs70/bvg/b06/mcs70_b06_s100.A03 fileNameGt=../../cp2016-max-common-connected-subgraph-paper/datasets/graphsdb/mcs70/bvg/b06/mcs70_b06_s100.B03
Reading graphs...
100 :  297
100 :  298
Initializing...
maxdom : 7
D->valSize : 385
Solving...
Blb : 2 (clique : 41)
currentSize : 41 <-- 0.006557 s
currentSize : 44 <-- 0.008223 s
currentSize : 45 <-- 0.011776 s
currentSize : 46 <-- 0.021745 s
currentSize : 48 <-- 0.068600 s
currentSize : 50 <-- 0.073496 s
currentSize : 52 <-- 0.204261 s
currentSize : 56 <-- 1.151862 s
currentSize : 57 <-- 1.237542 s
currentSize : 58 <-- 24.252092 s
currentSize : 59 <-- 93.185608 s
currentSize : 64 <-- 93.340416 s
currentSize : 65 <-- 94.195946 s
currentSize : 66 <-- 138.373856 s
currentSize : 67 <-- 138.374039 s
currentSize : 68 <-- 138.393631 s
currentSize : 69 <-- 138.546707 s
currentSize : 70 <-- 138.546951 s
currentSize : 71 <-- 138.568558 s

maxsize : 71
nodes : 28057274.000000
filtered : 130537918.000000
time : 155.658188
