Parameters: GAD=1 vflib=1 dir=0 label=1 lowerbound=1 fileNameGp=../../cp2016-max-common-connected-subgraph-paper/datasets/graphsdb/mcs70/bvg/b06/mcs70_b06_s90.A03 fileNameGt=../../cp2016-max-common-connected-subgraph-paper/datasets/graphsdb/mcs70/bvg/b06/mcs70_b06_s90.B03
Reading graphs...
90 :  270
90 :  270
Initializing...
maxdom : 14
D->valSize : 604
Solving...
Blb : 2 (clique : 45)
currentSize : 45 <-- 0.007492 s
currentSize : 49 <-- 0.008384 s
currentSize : 50 <-- 0.018711 s
currentSize : 51 <-- 0.029951 s
currentSize : 52 <-- 0.030260 s
currentSize : 56 <-- 0.030414 s
currentSize : 63 <-- 0.067878 s

maxsize : 63
nodes : 11578302.000000
filtered : 132516105.000000
time : 72.415497
