Parameters: GAD=1 vflib=1 dir=0 label=1 lowerbound=1 fileNameGp=../../cp2016-max-common-connected-subgraph-paper/datasets/graphsdb/mcs70/m3D/m3Dr6/mcs70_m3Dr6_s100.A04 fileNameGt=../../cp2016-max-common-connected-subgraph-paper/datasets/graphsdb/mcs70/m3D/m3Dr6/mcs70_m3Dr6_s100.B04
Reading graphs...
100 :  293
100 :  292
Initializing...
maxdom : 10
D->valSize : 398
Solving...
Blb : 2 (clique : 46)
currentSize : 46 <-- 0.004114 s
currentSize : 47 <-- 0.017775 s
currentSize : 50 <-- 0.575020 s
currentSize : 51 <-- 0.598933 s
currentSize : 54 <-- 6.427218 s
currentSize : 55 <-- 6.430086 s
currentSize : 56 <-- 56.110294 s
currentSize : 57 <-- 56.111080 s
currentSize : 62 <-- 59.892303 s
currentSize : 64 <-- 125.779549 s

maxsize : 64
nodes : 51097744.000000
filtered : 200024241.000000
time : 248.318283
