Parameters: GAD=1 vflib=1 dir=0 label=1 lowerbound=1 fileNameGp=../../cp2016-max-common-connected-subgraph-paper/datasets/graphsdb/mcs70/bvg/b09m/mcs70_b09m_s50.A02 fileNameGt=../../cp2016-max-common-connected-subgraph-paper/datasets/graphsdb/mcs70/bvg/b09m/mcs70_b09m_s50.B02
Reading graphs...
50 :  221
50 :  221
Initializing...
maxdom : 10
D->valSize : 340
Solving...
Blb : 2 (clique : 11)
currentSize : 11 <-- 0.003665 s
currentSize : 12 <-- 0.004297 s
currentSize : 13 <-- 0.008627 s
currentSize : 14 <-- 0.012954 s
currentSize : 15 <-- 0.036615 s
currentSize : 16 <-- 0.069435 s
currentSize : 17 <-- 0.072238 s
currentSize : 18 <-- 0.074163 s
currentSize : 19 <-- 0.076063 s
currentSize : 20 <-- 0.118522 s
currentSize : 21 <-- 0.144517 s
currentSize : 22 <-- 0.191600 s
currentSize : 24 <-- 0.194233 s
currentSize : 31 <-- 0.194465 s

maxsize : 31
nodes : 85601.000000
filtered : 653999.000000
time : 0.320903
