Parameters: GAD=1 vflib=1 dir=0 label=1 lowerbound=1 fileNameGp=../../cp2016-max-common-connected-subgraph-paper/datasets/graphsdb/mcs70/m3D/m3Dr6/mcs70_m3Dr6_s90.A08 fileNameGt=../../cp2016-max-common-connected-subgraph-paper/datasets/graphsdb/mcs70/m3D/m3Dr6/mcs70_m3Dr6_s90.B08
Reading graphs...
90 :  258
90 :  261
Initializing...
maxdom : 10
D->valSize : 570
Solving...
Blb : 2 (clique : 45)
currentSize : 45 <-- 0.006687 s
currentSize : 46 <-- 0.006995 s
currentSize : 50 <-- 0.007459 s
currentSize : 53 <-- 0.007844 s
currentSize : 55 <-- 0.009747 s
currentSize : 58 <-- 0.010190 s
currentSize : 61 <-- 0.033536 s
currentSize : 62 <-- 0.033779 s

maxsize : 62
nodes : 8938967.000000
filtered : 62879191.000000
time : 50.282360
