Parameters: GAD=1 vflib=1 dir=0 label=1 lowerbound=1 fileNameGp=../../cp2016-max-common-connected-subgraph-paper/datasets/graphsdb/mcs70/m3D/m3Dr4/mcs70_m3Dr4_s100.A06 fileNameGt=../../cp2016-max-common-connected-subgraph-paper/datasets/graphsdb/mcs70/m3D/m3Dr4/mcs70_m3Dr4_s100.B06
Reading graphs...
100 :  275
100 :  274
Initializing...
maxdom : 9
D->valSize : 429
Solving...
Blb : 3 (clique : 40)
currentSize : 40 <-- 0.004574 s
currentSize : 41 <-- 0.007349 s
currentSize : 42 <-- 0.007426 s
currentSize : 43 <-- 0.009874 s
currentSize : 44 <-- 0.055135 s
currentSize : 46 <-- 0.859410 s
currentSize : 47 <-- 0.859650 s
currentSize : 48 <-- 0.888400 s
currentSize : 49 <-- 1.616771 s
currentSize : 50 <-- 1.645727 s
currentSize : 51 <-- 1.690156 s
currentSize : 52 <-- 1.690537 s
currentSize : 53 <-- 1.724990 s
currentSize : 55 <-- 17.660343 s
currentSize : 56 <-- 34.700405 s
currentSize : 57 <-- 69.480026 s
currentSize : 58 <-- 89.361366 s
currentSize : 59 <-- 201.692169 s
currentSize : 60 <-- 201.695099 s
currentSize : 61 <-- 313.645111 s
currentSize : 62 <-- 313.651154 s

TIMEOUT
maxsize : 62
nodes : 200157826.000000
filtered : 815726590.000000
time : 1000.000122
