Parameters: GAD=1 vflib=1 dir=0 label=1 lowerbound=1 fileNameGp=../../cp2016-max-common-connected-subgraph-paper/datasets/graphsdb/mcs70/bvg/b06/mcs70_b06_s40.A02 fileNameGt=../../cp2016-max-common-connected-subgraph-paper/datasets/graphsdb/mcs70/bvg/b06/mcs70_b06_s40.B02
Reading graphs...
40 :  120
40 :  119
Initializing...
maxdom : 9
D->valSize : 232
Solving...
Blb : 2 (clique : 11)
currentSize : 11 <-- 0.002013 s
currentSize : 12 <-- 0.008235 s
currentSize : 15 <-- 0.014279 s
currentSize : 16 <-- 0.014302 s
currentSize : 17 <-- 0.022663 s
currentSize : 20 <-- 0.030664 s
currentSize : 22 <-- 0.030710 s
currentSize : 28 <-- 0.071572 s

maxsize : 28
nodes : 20860.000000
filtered : 124019.000000
time : 0.083545
