Parameters: GAD=1 vflib=1 dir=0 label=1 lowerbound=1 fileNameGp=../../cp2016-max-common-connected-subgraph-paper/datasets/graphsdb/mcs70/m2D/m2Dr2/mcs70_m2Dr2_s90.A02 fileNameGt=../../cp2016-max-common-connected-subgraph-paper/datasets/graphsdb/mcs70/m2D/m2Dr2/mcs70_m2Dr2_s90.B02
Reading graphs...
90 :  176
90 :  176
Initializing...
maxdom : 10
D->valSize : 563
Solving...
Blb : 2 (clique : 58)
currentSize : 58 <-- 0.011387 s
currentSize : 61 <-- 0.012071 s
currentSize : 62 <-- 0.012376 s
currentSize : 63 <-- 266.649933 s
currentSize : 64 <-- 266.650604 s

maxsize : 64
nodes : 84035389.000000
filtered : 599547511.000000
time : 471.526703
