Parameters: GAD=1 vflib=1 dir=0 label=1 lowerbound=1 fileNameGp=../../cp2016-max-common-connected-subgraph-paper/datasets/graphsdb/mcs70/rand/r02/mcs70_r02_s70.A05 fileNameGt=../../cp2016-max-common-connected-subgraph-paper/datasets/graphsdb/mcs70/rand/r02/mcs70_r02_s70.B05
Reading graphs...
70 :  864
70 :  858
Initializing...
maxdom : 8
D->valSize : 336
Solving...
Blb : 2 (clique : 6)
currentSize : 6 <-- 0.002793 s
currentSize : 8 <-- 0.002895 s
currentSize : 10 <-- 0.003115 s
currentSize : 12 <-- 0.003532 s
currentSize : 19 <-- 0.004243 s
currentSize : 20 <-- 0.004299 s
currentSize : 21 <-- 0.004366 s
currentSize : 22 <-- 0.004437 s
currentSize : 32 <-- 0.024466 s
currentSize : 33 <-- 0.024551 s
currentSize : 34 <-- 0.024690 s
currentSize : 35 <-- 0.024918 s
currentSize : 36 <-- 0.025322 s
currentSize : 37 <-- 0.025599 s

maxsize : 37
nodes : 91969.000000
filtered : 242933.000000
time : 0.333752
