Parameters: GAD=1 vflib=1 dir=0 label=1 lowerbound=1 fileNameGp=../../cp2016-max-common-connected-subgraph-paper/datasets/graphsdb/mcs70/bvg/b03/mcs70_b03_s70.A04 fileNameGt=../../cp2016-max-common-connected-subgraph-paper/datasets/graphsdb/mcs70/bvg/b03/mcs70_b03_s70.B04
Reading graphs...
70 :  104
70 :  104
Initializing...
maxdom : 9
D->valSize : 358
Solving...
Blb : 2 (clique : 36)
currentSize : 36 <-- 0.003156 s
currentSize : 37 <-- 0.003392 s
currentSize : 38 <-- 0.004019 s
currentSize : 39 <-- 0.004182 s
currentSize : 40 <-- 0.008086 s
currentSize : 41 <-- 0.551765 s
currentSize : 42 <-- 0.551806 s
currentSize : 43 <-- 0.557639 s
currentSize : 44 <-- 2.611892 s
currentSize : 45 <-- 2.611939 s
currentSize : 46 <-- 2.612072 s
currentSize : 47 <-- 2.612118 s
currentSize : 48 <-- 9.030142 s

maxsize : 48
nodes : 2908627.000000
filtered : 13622531.000000
time : 13.417275
