Parameters: GAD=1 vflib=1 dir=0 label=1 lowerbound=1 fileNameGp=../../cp2016-max-common-connected-subgraph-paper/datasets/graphsdb/mcs70/m2D/m2D/mcs70_m2D_s90.A01 fileNameGt=../../cp2016-max-common-connected-subgraph-paper/datasets/graphsdb/mcs70/m2D/m2D/mcs70_m2D_s90.B01
Reading graphs...
90 :  161
90 :  161
Initializing...
maxdom : 10
D->valSize : 589
Solving...
Blb : 2 (clique : 41)
currentSize : 41 <-- 0.012149 s
currentSize : 42 <-- 0.012767 s
currentSize : 43 <-- 0.014064 s
currentSize : 45 <-- 0.033839 s
currentSize : 46 <-- 0.034101 s
currentSize : 47 <-- 0.061399 s
currentSize : 49 <-- 0.066011 s
currentSize : 50 <-- 0.066443 s
currentSize : 52 <-- 0.113305 s
currentSize : 53 <-- 0.113481 s
currentSize : 54 <-- 0.114511 s
currentSize : 55 <-- 0.318787 s
currentSize : 56 <-- 7.436752 s

TIMEOUT
maxsize : 56
nodes : 193377008.000000
filtered : 1002963183.000000
time : 1000.000122
