Parameters: GAD=1 vflib=1 dir=0 label=1 lowerbound=1 fileNameGp=../../cp2016-max-common-connected-subgraph-paper/datasets/graphsdb/mcs70/m2D/m2Dr6/mcs70_m2Dr6_s100.A06 fileNameGt=../../cp2016-max-common-connected-subgraph-paper/datasets/graphsdb/mcs70/m2D/m2Dr6/mcs70_m2Dr6_s100.B06
Reading graphs...
100 :  240
100 :  238
Initializing...
maxdom : 6
D->valSize : 358
Solving...
Blb : 2 (clique : 50)
currentSize : 50 <-- 0.003674 s
currentSize : 51 <-- 34.207794 s
currentSize : 52 <-- 34.208115 s
currentSize : 53 <-- 35.791500 s
currentSize : 54 <-- 53.195240 s
currentSize : 55 <-- 53.195644 s
currentSize : 56 <-- 53.195808 s
currentSize : 57 <-- 53.948257 s
currentSize : 58 <-- 53.953667 s
currentSize : 59 <-- 264.423981 s
currentSize : 60 <-- 319.414429 s
currentSize : 61 <-- 319.662201 s
currentSize : 63 <-- 319.701508 s
currentSize : 64 <-- 319.701660 s

maxsize : 64
nodes : 92536633.000000
filtered : 380996393.000000
time : 505.735474
