Parameters: GAD=1 vflib=1 dir=0 label=1 lowerbound=1 fileNameGp=../../cp2016-max-common-connected-subgraph-paper/datasets/graphsdb/mcs70/bvg/b09/mcs70_b09_s80.A01 fileNameGt=../../cp2016-max-common-connected-subgraph-paper/datasets/graphsdb/mcs70/bvg/b09/mcs70_b09_s80.B01
Reading graphs...
80 :  356
80 :  358
Initializing...
maxdom : 8
D->valSize : 439
Solving...
Blb : 3 (clique : 29)
currentSize : 29 <-- 0.004131 s
currentSize : 31 <-- 0.406011 s
currentSize : 33 <-- 4.299543 s
currentSize : 38 <-- 4.299646 s
currentSize : 39 <-- 4.300081 s
currentSize : 41 <-- 4.468147 s
currentSize : 42 <-- 4.468582 s
currentSize : 43 <-- 6.444682 s
currentSize : 45 <-- 6.444867 s
currentSize : 50 <-- 6.446693 s
currentSize : 52 <-- 6.446833 s
currentSize : 56 <-- 6.447171 s

maxsize : 56
nodes : 1471900.000000
filtered : 11151290.000000
time : 7.702155
