Parameters: GAD=1 vflib=1 dir=0 label=1 lowerbound=1 fileNameGp=../../cp2016-max-common-connected-subgraph-paper/datasets/graphsdb/mcs70/m2D/m2Dr4/mcs70_m2Dr4_s40.A02 fileNameGt=../../cp2016-max-common-connected-subgraph-paper/datasets/graphsdb/mcs70/m2D/m2Dr4/mcs70_m2Dr4_s40.B02
Reading graphs...
40 :  83
40 :  82
Initializing...
maxdom : 9
D->valSize : 220
Solving...
Blb : 2 (clique : 13)
currentSize : 13 <-- 0.001253 s
currentSize : 15 <-- 0.001365 s
currentSize : 16 <-- 0.002122 s
currentSize : 18 <-- 0.036470 s
currentSize : 19 <-- 0.036531 s
currentSize : 20 <-- 0.077303 s
currentSize : 22 <-- 0.242564 s
currentSize : 25 <-- 0.324289 s

maxsize : 25
nodes : 116135.000000
filtered : 858797.000000
time : 0.372975
