Parameters: GAD=1 vflib=1 dir=0 label=1 lowerbound=1 fileNameGp=../../cp2016-max-common-connected-subgraph-paper/datasets/graphsdb/mcs70/rand/r01/mcs70_r01_s35.A05 fileNameGt=../../cp2016-max-common-connected-subgraph-paper/datasets/graphsdb/mcs70/rand/r01/mcs70_r01_s35.B05
Reading graphs...
35 :  112
35 :  110
Initializing...
maxdom : 7
D->valSize : 163
Solving...
Blb : 2 (clique : 10)
currentSize : 10 <-- 0.000994 s
currentSize : 11 <-- 0.001241 s
currentSize : 12 <-- 0.001559 s
currentSize : 13 <-- 0.001709 s
currentSize : 14 <-- 0.001732 s
currentSize : 15 <-- 0.002397 s
currentSize : 19 <-- 0.003351 s
currentSize : 20 <-- 0.004451 s
currentSize : 23 <-- 0.004489 s

maxsize : 23
nodes : 1906.000000
filtered : 11791.000000
time : 0.007331
