Parameters: GAD=1 vflib=1 dir=0 label=1 lowerbound=1 fileNameGp=../../cp2016-max-common-connected-subgraph-paper/datasets/graphsdb/mcs70/m2D/m2Dr4/mcs70_m2Dr4_s70.A03 fileNameGt=../../cp2016-max-common-connected-subgraph-paper/datasets/graphsdb/mcs70/m2D/m2Dr4/mcs70_m2Dr4_s70.B03
Reading graphs...
70 :  149
70 :  146
Initializing...
maxdom : 8
D->valSize : 352
Solving...
Blb : 2 (clique : 35)
currentSize : 35 <-- 0.004954 s
currentSize : 36 <-- 0.248610 s
currentSize : 38 <-- 1.445951 s
currentSize : 40 <-- 3.326057 s
currentSize : 43 <-- 5.160993 s
currentSize : 44 <-- 6.137357 s
currentSize : 46 <-- 6.144496 s
currentSize : 48 <-- 6.144591 s

maxsize : 48
nodes : 2081618.000000
filtered : 12651301.000000
time : 9.467326
