Parameters: GAD=1 vflib=1 dir=0 label=1 lowerbound=1 fileNameGp=../../cp2016-max-common-connected-subgraph-paper/datasets/graphsdb/mcs70/bvg/b06m/mcs70_b06m_s60.A04 fileNameGt=../../cp2016-max-common-connected-subgraph-paper/datasets/graphsdb/mcs70/bvg/b06m/mcs70_b06m_s60.B04
Reading graphs...
60 :  178
60 :  179
Initializing...
maxdom : 8
D->valSize : 240
Solving...
Blb : 3 (clique : 28)
currentSize : 28 <-- 0.002679 s
currentSize : 29 <-- 0.027540 s
currentSize : 30 <-- 0.046249 s
currentSize : 31 <-- 0.053683 s
currentSize : 32 <-- 0.054128 s
currentSize : 33 <-- 0.187501 s
currentSize : 34 <-- 0.187579 s
currentSize : 35 <-- 0.187900 s
currentSize : 37 <-- 0.393535 s
currentSize : 38 <-- 0.393669 s
currentSize : 39 <-- 0.393982 s
currentSize : 40 <-- 0.481446 s
currentSize : 41 <-- 0.481600 s
currentSize : 42 <-- 0.481970 s

maxsize : 42
nodes : 134137.000000
filtered : 597978.000000
time : 0.562129
