Parameters: GAD=1 vflib=1 dir=0 label=1 lowerbound=1 fileNameGp=../../cp2016-max-common-connected-subgraph-paper/datasets/graphsdb/mcs70/rand/r001/mcs70_r001_s100.A09 fileNameGt=../../cp2016-max-common-connected-subgraph-paper/datasets/graphsdb/mcs70/rand/r001/mcs70_r001_s100.B09
Reading graphs...
100 :  120
100 :  120
Initializing...
maxdom : 7
D->valSize : 357
Solving...
Blb : 2 (clique : 61)
currentSize : 61 <-- 0.004059 s
currentSize : 62 <-- 0.004475 s
currentSize : 63 <-- 0.005637 s
currentSize : 64 <-- 0.014365 s
currentSize : 65 <-- 0.014922 s
currentSize : 66 <-- 0.989124 s
currentSize : 67 <-- 9.973920 s
currentSize : 68 <-- 801.161011 s
currentSize : 69 <-- 806.009460 s

TIMEOUT
maxsize : 69
nodes : 206391288.000000
filtered : 655852745.000000
time : 1000.000122
