Parameters: GAD=1 vflib=1 dir=0 label=1 lowerbound=1 fileNameGp=../../cp2016-max-common-connected-subgraph-paper/datasets/graphsdb/mcs70/m3D/m3Dr2/mcs70_m3Dr2_s90.A08 fileNameGt=../../cp2016-max-common-connected-subgraph-paper/datasets/graphsdb/mcs70/m3D/m3Dr2/mcs70_m3Dr2_s90.B08
Reading graphs...
90 :  226
90 :  225
Initializing...
maxdom : 9
D->valSize : 554
Solving...
Blb : 2 (clique : 52)
currentSize : 52 <-- 0.006523 s
currentSize : 53 <-- 0.006874 s
currentSize : 59 <-- 0.007817 s
currentSize : 60 <-- 0.007938 s
currentSize : 61 <-- 0.008621 s
currentSize : 63 <-- 14.003705 s
currentSize : 64 <-- 14.003860 s

maxsize : 64
nodes : 5758786.000000
filtered : 37329554.000000
time : 33.469219
