Parameters: GAD=1 vflib=1 dir=0 label=1 lowerbound=1 fileNameGp=../../cp2016-max-common-connected-subgraph-paper/datasets/graphsdb/mcs70/bvg/b06m/mcs70_b06m_s60.A03 fileNameGt=../../cp2016-max-common-connected-subgraph-paper/datasets/graphsdb/mcs70/bvg/b06m/mcs70_b06m_s60.B03
Reading graphs...
60 :  177
60 :  177
Initializing...
maxdom : 6
D->valSize : 253
Solving...
Blb : 3 (clique : 28)
currentSize : 28 <-- 0.001831 s
currentSize : 29 <-- 0.035911 s
currentSize : 30 <-- 0.052032 s
currentSize : 32 <-- 0.052404 s
currentSize : 33 <-- 0.052779 s
currentSize : 37 <-- 0.091822 s
currentSize : 38 <-- 0.091941 s
currentSize : 39 <-- 0.092756 s
currentSize : 40 <-- 0.123500 s
currentSize : 41 <-- 0.123950 s

maxsize : 41
nodes : 69484.000000
filtered : 289982.000000
time : 0.269428
