Parameters: GAD=1 vflib=1 dir=0 label=1 lowerbound=1 fileNameGp=../../cp2016-max-common-connected-subgraph-paper/datasets/graphsdb/mcs70/m2D/m2D/mcs70_m2D_s100.A02 fileNameGt=../../cp2016-max-common-connected-subgraph-paper/datasets/graphsdb/mcs70/m2D/m2D/mcs70_m2D_s100.B02
Reading graphs...
100 :  179
100 :  180
Initializing...
maxdom : 6
D->valSize : 379
Solving...
Blb : 3 (clique : 51)
currentSize : 51 <-- 0.004043 s
currentSize : 52 <-- 0.077222 s
currentSize : 53 <-- 0.077557 s
currentSize : 54 <-- 425.777771 s
currentSize : 55 <-- 425.778168 s
currentSize : 56 <-- 425.958008 s

TIMEOUT
maxsize : 56
nodes : 212570214.000000
filtered : 555916189.000000
time : 1000.000061
