Parameters: GAD=1 vflib=1 dir=0 label=1 lowerbound=1 fileNameGp=../../cp2016-max-common-connected-subgraph-paper/datasets/graphsdb/mcs70/bvg/b06/mcs70_b06_s70.A07 fileNameGt=../../cp2016-max-common-connected-subgraph-paper/datasets/graphsdb/mcs70/bvg/b06/mcs70_b06_s70.B07
Reading graphs...
70 :  208
70 :  209
Initializing...
maxdom : 9
D->valSize : 356
Solving...
Blb : 2 (clique : 26)
currentSize : 26 <-- 0.002944 s
currentSize : 27 <-- 0.003119 s
currentSize : 28 <-- 0.003641 s
currentSize : 29 <-- 0.003735 s
currentSize : 31 <-- 0.003982 s
currentSize : 33 <-- 0.145982 s
currentSize : 35 <-- 2.816515 s
currentSize : 37 <-- 3.226081 s
currentSize : 38 <-- 3.226179 s
currentSize : 39 <-- 3.897514 s
currentSize : 42 <-- 6.236433 s
currentSize : 44 <-- 6.410130 s
currentSize : 47 <-- 6.427087 s
currentSize : 48 <-- 6.427160 s
currentSize : 49 <-- 6.429829 s

maxsize : 49
nodes : 2730189.000000
filtered : 13867586.000000
time : 11.243686
