Parameters: GAD=1 vflib=1 dir=0 label=1 lowerbound=1 fileNameGp=../../cp2016-max-common-connected-subgraph-paper/datasets/graphsdb/mcs70/m2D/m2D/mcs70_m2D_s70.A08 fileNameGt=../../cp2016-max-common-connected-subgraph-paper/datasets/graphsdb/mcs70/m2D/m2D/mcs70_m2D_s70.B08
Reading graphs...
70 :  122
70 :  123
Initializing...
maxdom : 7
D->valSize : 335
Solving...
Blb : 2 (clique : 36)
currentSize : 36 <-- 0.004665 s
currentSize : 37 <-- 0.005958 s
currentSize : 39 <-- 0.009410 s
currentSize : 40 <-- 0.068961 s
currentSize : 41 <-- 0.150614 s
currentSize : 42 <-- 0.307341 s
currentSize : 43 <-- 0.309265 s
currentSize : 44 <-- 0.365483 s
currentSize : 46 <-- 0.896772 s
currentSize : 47 <-- 0.899127 s
currentSize : 48 <-- 2.248437 s
currentSize : 49 <-- 2.248561 s

maxsize : 49
nodes : 2426686.000000
filtered : 11554733.000000
time : 10.495549
