Parameters: GAD=1 vflib=1 dir=0 label=1 lowerbound=1 fileNameGp=../../cp2016-max-common-connected-subgraph-paper/datasets/graphsdb/mcs70/m3D/m3Dr2/mcs70_m3Dr2_s100.A08 fileNameGt=../../cp2016-max-common-connected-subgraph-paper/datasets/graphsdb/mcs70/m3D/m3Dr2/mcs70_m3Dr2_s100.B08
Reading graphs...
100 :  253
100 :  253
Initializing...
maxdom : 7
D->valSize : 371
Solving...
Blb : 2 (clique : 52)
currentSize : 52 <-- 0.003897 s
currentSize : 53 <-- 0.004232 s
currentSize : 54 <-- 0.004527 s
currentSize : 55 <-- 0.004694 s
currentSize : 56 <-- 0.020726 s
currentSize : 57 <-- 0.170068 s
currentSize : 58 <-- 1.081378 s
currentSize : 59 <-- 537.250793 s
currentSize : 60 <-- 537.251038 s
currentSize : 61 <-- 537.256531 s
currentSize : 62 <-- 537.273621 s
currentSize : 63 <-- 540.399048 s

TIMEOUT
maxsize : 63
nodes : 205610963.000000
filtered : 629655478.000000
time : 1000.000122
