Parameters: GAD=1 vflib=1 dir=0 label=1 lowerbound=1 fileNameGp=../../cp2016-max-common-connected-subgraph-paper/datasets/graphsdb/mcs70/m2D/m2Dr6/mcs70_m2Dr6_s50.A02 fileNameGt=../../cp2016-max-common-connected-subgraph-paper/datasets/graphsdb/mcs70/m2D/m2Dr6/mcs70_m2Dr6_s50.B02
Reading graphs...
50 :  114
50 :  113
Initializing...
maxdom : 10
D->valSize : 373
Solving...
Blb : 2 (clique : 26)
currentSize : 26 <-- 0.002862 s
currentSize : 27 <-- 0.003134 s
currentSize : 29 <-- 0.166433 s
currentSize : 30 <-- 0.166539 s
currentSize : 31 <-- 0.260462 s
currentSize : 32 <-- 0.260518 s
currentSize : 34 <-- 0.350147 s
currentSize : 35 <-- 0.350213 s
currentSize : 36 <-- 0.395878 s

maxsize : 36
nodes : 142231.000000
filtered : 1093294.000000
time : 0.541124
