Parameters: GAD=1 vflib=1 dir=0 label=1 lowerbound=1 fileNameGp=../../cp2016-max-common-connected-subgraph-paper/datasets/graphsdb/mcs70/m3D/m3Dr4/mcs70_m3Dr4_s100.A03 fileNameGt=../../cp2016-max-common-connected-subgraph-paper/datasets/graphsdb/mcs70/m3D/m3Dr4/mcs70_m3Dr4_s100.B03
Reading graphs...
100 :  274
100 :  273
Initializing...
maxdom : 7
D->valSize : 393
Solving...
Blb : 2 (clique : 45)
currentSize : 45 <-- 0.006834 s
currentSize : 52 <-- 0.014199 s
currentSize : 54 <-- 0.014930 s
currentSize : 57 <-- 0.056150 s
currentSize : 59 <-- 0.057064 s
currentSize : 62 <-- 0.254640 s
currentSize : 64 <-- 16.414213 s

maxsize : 64
nodes : 16783436.000000
filtered : 92930785.000000
time : 99.280426
