Parameters: GAD=1 vflib=1 dir=0 label=1 lowerbound=1 fileNameGp=../../cp2016-max-common-connected-subgraph-paper/datasets/graphsdb/mcs70/m3D/m3Dr6/mcs70_m3Dr6_s40.A01 fileNameGt=../../cp2016-max-common-connected-subgraph-paper/datasets/graphsdb/mcs70/m3D/m3Dr6/mcs70_m3Dr6_s40.B01
Reading graphs...
40 :  104
40 :  104
Initializing...
maxdom : 8
D->valSize : 217
Solving...
Blb : 2 (clique : 15)
currentSize : 15 <-- 0.001336 s
currentSize : 16 <-- 0.001516 s
currentSize : 17 <-- 0.003448 s
currentSize : 20 <-- 0.045864 s
currentSize : 21 <-- 0.071759 s
currentSize : 23 <-- 0.092666 s
currentSize : 26 <-- 0.108163 s
currentSize : 27 <-- 0.108199 s

maxsize : 27
nodes : 30126.000000
filtered : 289222.000000
time : 0.113857
