Parameters: GAD=1 vflib=1 dir=0 label=1 lowerbound=1 fileNameGp=../../cp2016-max-common-connected-subgraph-paper/datasets/graphsdb/mcs70/rand/r005/mcs70_r005_s50.A01 fileNameGt=../../cp2016-max-common-connected-subgraph-paper/datasets/graphsdb/mcs70/rand/r005/mcs70_r005_s50.B01
Reading graphs...
50 :  120
50 :  120
Initializing...
maxdom : 7
D->valSize : 318
Solving...
Blb : 2 (clique : 15)
currentSize : 15 <-- 0.003513 s
currentSize : 16 <-- 0.004973 s
currentSize : 17 <-- 0.006852 s
currentSize : 18 <-- 0.141794 s
currentSize : 19 <-- 0.318784 s
currentSize : 20 <-- 0.348874 s
currentSize : 21 <-- 0.353122 s
currentSize : 22 <-- 0.368860 s
currentSize : 23 <-- 0.368894 s
currentSize : 26 <-- 0.401884 s
currentSize : 28 <-- 0.428482 s
currentSize : 29 <-- 0.467705 s
currentSize : 30 <-- 0.506423 s
currentSize : 31 <-- 0.539388 s
currentSize : 35 <-- 0.549101 s

maxsize : 35
nodes : 127428.000000
filtered : 1003083.000000
time : 0.574934
