Parameters: GAD=1 vflib=1 dir=0 label=1 lowerbound=1 fileNameGp=../../cp2016-max-common-connected-subgraph-paper/datasets/graphsdb/mcs70/m2D/m2Dr4/mcs70_m2Dr4_s60.A03 fileNameGt=../../cp2016-max-common-connected-subgraph-paper/datasets/graphsdb/mcs70/m2D/m2Dr4/mcs70_m2Dr4_s60.B03
Reading graphs...
60 :  126
60 :  127
Initializing...
maxdom : 7
D->valSize : 274
Solving...
Blb : 2 (clique : 29)
currentSize : 29 <-- 0.003062 s
currentSize : 31 <-- 0.004228 s
currentSize : 32 <-- 0.007360 s
currentSize : 33 <-- 0.032805 s
currentSize : 34 <-- 0.033229 s
currentSize : 35 <-- 0.037546 s
currentSize : 36 <-- 0.038894 s

maxsize : 36
nodes : 1644554.000000
filtered : 8360418.000000
time : 7.419086
