Parameters: GAD=1 vflib=1 dir=0 label=1 lowerbound=1 fileNameGp=../../cp2016-max-common-connected-subgraph-paper/datasets/graphsdb/mcs70/m3D/m3Dr4/mcs70_m3Dr4_s90.A01 fileNameGt=../../cp2016-max-common-connected-subgraph-paper/datasets/graphsdb/mcs70/m3D/m3Dr4/mcs70_m3Dr4_s90.B01
Reading graphs...
90 :  245
90 :  244
Initializing...
maxdom : 9
D->valSize : 528
Solving...
Blb : 2 (clique : 34)
currentSize : 34 <-- 0.010033 s
currentSize : 46 <-- 0.010489 s
currentSize : 48 <-- 0.010654 s
currentSize : 50 <-- 0.011201 s
currentSize : 53 <-- 0.160416 s
currentSize : 55 <-- 0.161115 s
currentSize : 58 <-- 33.605949 s
currentSize : 59 <-- 33.606140 s
currentSize : 62 <-- 54.697651 s
currentSize : 64 <-- 54.697857 s

maxsize : 64
nodes : 17369204.000000
filtered : 112076631.000000
time : 92.946465
