Parameters: GAD=1 vflib=1 dir=0 label=1 lowerbound=1 fileNameGp=../../cp2016-max-common-connected-subgraph-paper/datasets/graphsdb/mcs70/bvg/b03m/mcs70_b03m_s100.A00 fileNameGt=../../cp2016-max-common-connected-subgraph-paper/datasets/graphsdb/mcs70/bvg/b03m/mcs70_b03m_s100.B00
Reading graphs...
100 :  150
100 :  150
Initializing...
maxdom : 6
D->valSize : 348
Solving...
Blb : 3 (clique : 55)
currentSize : 55 <-- 0.003770 s
currentSize : 56 <-- 53.719841 s
currentSize : 57 <-- 53.720440 s
currentSize : 58 <-- 53.721783 s
currentSize : 60 <-- 227.390198 s
currentSize : 61 <-- 227.392929 s
currentSize : 62 <-- 324.438202 s
currentSize : 63 <-- 324.440948 s
currentSize : 64 <-- 486.379181 s
currentSize : 66 <-- 494.531860 s
currentSize : 67 <-- 499.710571 s
currentSize : 70 <-- 547.173462 s
currentSize : 71 <-- 550.845520 s

maxsize : 71
nodes : 117450520.000000
filtered : 318640730.000000
time : 601.224121
