Parameters: GAD=1 vflib=1 dir=0 label=1 lowerbound=1 fileNameGp=../../cp2016-max-common-connected-subgraph-paper/datasets/graphsdb/mcs70/m2D/m2Dr6/mcs70_m2Dr6_s80.A00 fileNameGt=../../cp2016-max-common-connected-subgraph-paper/datasets/graphsdb/mcs70/m2D/m2Dr6/mcs70_m2Dr6_s80.B00
Reading graphs...
80 :  188
80 :  187
Initializing...
maxdom : 8
D->valSize : 456
Solving...
Blb : 2 (clique : 35)
currentSize : 35 <-- 0.004474 s
currentSize : 36 <-- 0.004756 s
currentSize : 37 <-- 0.006493 s
currentSize : 38 <-- 0.009682 s
currentSize : 39 <-- 0.017272 s
currentSize : 40 <-- 0.110221 s
currentSize : 41 <-- 0.331747 s
currentSize : 43 <-- 13.654168 s
currentSize : 44 <-- 13.820192 s
currentSize : 45 <-- 631.165894 s
currentSize : 46 <-- 631.169678 s
currentSize : 47 <-- 631.290405 s
currentSize : 48 <-- 631.291382 s
currentSize : 49 <-- 631.321899 s
currentSize : 50 <-- 640.051636 s

TIMEOUT
maxsize : 50
nodes : 193742018.000000
filtered : 1334046834.000000
time : 1000.000061
