Parameters: GAD=1 vflib=1 dir=0 label=1 lowerbound=1 fileNameGp=../../cp2016-max-common-connected-subgraph-paper/datasets/graphsdb/mcs70/bvg/b03m/mcs70_b03m_s60.A07 fileNameGt=../../cp2016-max-common-connected-subgraph-paper/datasets/graphsdb/mcs70/bvg/b03m/mcs70_b03m_s60.B07
Reading graphs...
60 :  90
60 :  90
Initializing...
maxdom : 8
D->valSize : 285
Solving...
Blb : 3 (clique : 33)
currentSize : 33 <-- 0.002226 s
currentSize : 34 <-- 0.003137 s
currentSize : 35 <-- 0.003145 s
currentSize : 36 <-- 0.508015 s
currentSize : 37 <-- 0.601822 s
currentSize : 38 <-- 0.950605 s
currentSize : 39 <-- 1.026829 s
currentSize : 40 <-- 1.251028 s
currentSize : 41 <-- 1.254580 s
currentSize : 42 <-- 1.255972 s

maxsize : 42
nodes : 367146.000000
filtered : 2460624.000000
time : 1.647000
