Parameters: GAD=1 vflib=1 dir=0 label=1 lowerbound=1 fileNameGp=../../cp2016-max-common-connected-subgraph-paper/datasets/graphsdb/mcs70/m2D/m2D/mcs70_m2D_s70.A03 fileNameGt=../../cp2016-max-common-connected-subgraph-paper/datasets/graphsdb/mcs70/m2D/m2D/mcs70_m2D_s70.B03
Reading graphs...
70 :  123
70 :  122
Initializing...
maxdom : 7
D->valSize : 342
Solving...
Blb : 2 (clique : 39)
currentSize : 39 <-- 0.002952 s
currentSize : 40 <-- 0.003773 s
currentSize : 41 <-- 0.005611 s
currentSize : 42 <-- 0.075241 s
currentSize : 43 <-- 25.821625 s
currentSize : 44 <-- 25.821753 s
currentSize : 47 <-- 73.857216 s
currentSize : 48 <-- 73.857315 s
currentSize : 49 <-- 73.857826 s

maxsize : 49
nodes : 20449969.000000
filtered : 68804359.000000
time : 79.699051
