Parameters: GAD=1 vflib=1 dir=0 label=1 lowerbound=1 fileNameGp=../../cp2016-max-common-connected-subgraph-paper/datasets/graphsdb/mcs70/bvg/b06/mcs70_b06_s60.A09 fileNameGt=../../cp2016-max-common-connected-subgraph-paper/datasets/graphsdb/mcs70/bvg/b06/mcs70_b06_s60.B09
Reading graphs...
60 :  180
60 :  180
Initializing...
maxdom : 8
D->valSize : 262
Solving...
Blb : 3 (clique : 23)
currentSize : 23 <-- 0.001810 s
currentSize : 24 <-- 0.002288 s
currentSize : 26 <-- 0.002615 s
currentSize : 27 <-- 0.047056 s
currentSize : 28 <-- 0.048049 s
currentSize : 29 <-- 0.048109 s
currentSize : 30 <-- 0.134473 s
currentSize : 31 <-- 0.134563 s
currentSize : 32 <-- 0.134634 s
currentSize : 33 <-- 0.189379 s
currentSize : 34 <-- 0.206194 s
currentSize : 35 <-- 0.318062 s
currentSize : 36 <-- 0.318205 s
currentSize : 39 <-- 0.341598 s
currentSize : 42 <-- 0.410964 s

maxsize : 42
nodes : 105418.000000
filtered : 637347.000000
time : 0.431890
