Parameters: GAD=1 vflib=1 dir=0 label=1 lowerbound=1 fileNameGp=../../cp2016-max-common-connected-subgraph-paper/datasets/graphsdb/mcs70/m2D/m2Dr6/mcs70_m2Dr6_s80.A08 fileNameGt=../../cp2016-max-common-connected-subgraph-paper/datasets/graphsdb/mcs70/m2D/m2Dr6/mcs70_m2Dr6_s80.B08
Reading graphs...
80 :  190
80 :  186
Initializing...
maxdom : 10
D->valSize : 409
Solving...
Blb : 2 (clique : 38)
currentSize : 38 <-- 0.003814 s
currentSize : 42 <-- 0.004109 s
currentSize : 44 <-- 0.550947 s
currentSize : 45 <-- 107.285629 s
currentSize : 46 <-- 452.299042 s
currentSize : 49 <-- 452.300690 s
currentSize : 50 <-- 453.427948 s

maxsize : 50
nodes : 195899034.000000
filtered : 749209313.000000
time : 841.834412
