Parameters: GAD=1 vflib=1 dir=0 label=1 lowerbound=1 fileNameGp=../../cp2016-max-common-connected-subgraph-paper/datasets/graphsdb/mcs70/bvg/b09/mcs70_b09_s80.A05 fileNameGt=../../cp2016-max-common-connected-subgraph-paper/datasets/graphsdb/mcs70/bvg/b09/mcs70_b09_s80.B05
Reading graphs...
80 :  357
80 :  359
Initializing...
maxdom : 9
D->valSize : 445
Solving...
Blb : 2 (clique : 35)
currentSize : 35 <-- 0.004207 s
currentSize : 40 <-- 0.008732 s
currentSize : 41 <-- 0.008922 s
currentSize : 42 <-- 1.410378 s
currentSize : 43 <-- 1.410460 s
currentSize : 44 <-- 1.410816 s
currentSize : 45 <-- 1.410995 s
currentSize : 46 <-- 1.413013 s
currentSize : 55 <-- 1.413207 s
currentSize : 56 <-- 1.413430 s

maxsize : 56
nodes : 437083.000000
filtered : 3589507.000000
time : 2.282474
