Parameters: GAD=1 vflib=1 dir=0 label=1 lowerbound=1 fileNameGp=../../cp2016-max-common-connected-subgraph-paper/datasets/graphsdb/mcs70/bvg/b09m/mcs70_b09m_s80.A07 fileNameGt=../../cp2016-max-common-connected-subgraph-paper/datasets/graphsdb/mcs70/bvg/b09m/mcs70_b09m_s80.B07
Reading graphs...
80 :  355
80 :  354
Initializing...
maxdom : 10
D->valSize : 476
Solving...
Blb : 2 (clique : 36)
currentSize : 36 <-- 0.007772 s
currentSize : 40 <-- 0.008210 s
currentSize : 41 <-- 0.028542 s
currentSize : 45 <-- 0.032692 s
currentSize : 47 <-- 0.099044 s
currentSize : 51 <-- 0.120418 s
currentSize : 54 <-- 0.120631 s
currentSize : 56 <-- 2.225515 s

maxsize : 56
nodes : 674117.000000
filtered : 3572629.000000
time : 3.146640
