Parameters: GAD=1 vflib=1 dir=0 label=1 lowerbound=1 fileNameGp=../../cp2016-max-common-connected-subgraph-paper/datasets/graphsdb/mcs70/m3D/m3Dr2/mcs70_m3Dr2_s100.A06 fileNameGt=../../cp2016-max-common-connected-subgraph-paper/datasets/graphsdb/mcs70/m3D/m3Dr2/mcs70_m3Dr2_s100.B06
Reading graphs...
100 :  254
100 :  254
Initializing...
maxdom : 8
D->valSize : 394
Solving...
Blb : 2 (clique : 53)
currentSize : 53 <-- 0.004196 s
currentSize : 55 <-- 0.004700 s
currentSize : 56 <-- 0.004836 s
currentSize : 57 <-- 0.005667 s
currentSize : 59 <-- 0.005893 s
currentSize : 60 <-- 0.169627 s
currentSize : 62 <-- 0.169963 s
currentSize : 64 <-- 0.170241 s

maxsize : 64
nodes : 175689091.000000
filtered : 701718929.000000
time : 915.043335
