Parameters: GAD=1 vflib=1 dir=0 label=1 lowerbound=1 fileNameGp=../../cp2016-max-common-connected-subgraph-paper/datasets/graphsdb/mcs70/m3D/m3D/mcs70_m3D_s100.A02 fileNameGt=../../cp2016-max-common-connected-subgraph-paper/datasets/graphsdb/mcs70/m3D/m3D/mcs70_m3D_s100.B02
Reading graphs...
100 :  235
100 :  234
Initializing...
maxdom : 6
D->valSize : 357
Solving...
Blb : 2 (clique : 48)
currentSize : 48 <-- 0.006133 s
currentSize : 49 <-- 0.015304 s
currentSize : 50 <-- 0.050954 s
currentSize : 51 <-- 0.256292 s
currentSize : 52 <-- 0.256476 s
currentSize : 53 <-- 0.268966 s
currentSize : 54 <-- 2.922824 s
currentSize : 55 <-- 2.932719 s
currentSize : 56 <-- 2.932827 s
currentSize : 57 <-- 2.935636 s
currentSize : 59 <-- 2.965288 s
currentSize : 60 <-- 2.969252 s
currentSize : 61 <-- 96.234093 s
currentSize : 63 <-- 96.396843 s
currentSize : 64 <-- 96.422417 s

maxsize : 64
nodes : 55083874.000000
filtered : 209884739.000000
time : 299.032654
