Parameters: GAD=1 vflib=1 dir=0 label=1 lowerbound=1 fileNameGp=../../cp2016-max-common-connected-subgraph-paper/datasets/graphsdb/mcs70/bvg/b03/mcs70_b03_s80.A05 fileNameGt=../../cp2016-max-common-connected-subgraph-paper/datasets/graphsdb/mcs70/bvg/b03/mcs70_b03_s80.B05
Reading graphs...
80 :  120
80 :  119
Initializing...
maxdom : 11
D->valSize : 437
Solving...
Blb : 2 (clique : 35)
currentSize : 35 <-- 0.004421 s
currentSize : 36 <-- 0.017571 s
currentSize : 37 <-- 0.017680 s
currentSize : 38 <-- 0.114170 s
currentSize : 39 <-- 0.211529 s
currentSize : 40 <-- 0.394930 s
currentSize : 41 <-- 1.837771 s
currentSize : 43 <-- 1.844630 s
currentSize : 44 <-- 11.242601 s
currentSize : 46 <-- 24.326500 s
currentSize : 48 <-- 32.595119 s
currentSize : 49 <-- 288.457458 s
currentSize : 50 <-- 319.139648 s
currentSize : 52 <-- 383.178894 s
currentSize : 53 <-- 441.718292 s
currentSize : 54 <-- 449.737396 s
currentSize : 58 <-- 449.744751 s

maxsize : 58
nodes : 111333727.000000
filtered : 584987317.000000
time : 545.649475
