Parameters: GAD=1 vflib=1 dir=0 label=1 lowerbound=1 fileNameGp=../../cp2016-max-common-connected-subgraph-paper/datasets/graphsdb/mcs70/m2D/m2Dr4/mcs70_m2Dr4_s70.A07 fileNameGt=../../cp2016-max-common-connected-subgraph-paper/datasets/graphsdb/mcs70/m2D/m2Dr4/mcs70_m2Dr4_s70.B07
Reading graphs...
70 :  151
70 :  148
Initializing...
maxdom : 7
D->valSize : 326
Solving...
Blb : 3 (clique : 36)
currentSize : 36 <-- 0.002776 s
currentSize : 37 <-- 0.003216 s
currentSize : 38 <-- 0.003298 s
currentSize : 39 <-- 0.003463 s
currentSize : 40 <-- 0.003642 s
currentSize : 41 <-- 0.003761 s
currentSize : 43 <-- 0.004651 s
currentSize : 44 <-- 0.004750 s
currentSize : 45 <-- 0.441006 s
currentSize : 46 <-- 0.441110 s
currentSize : 48 <-- 0.441296 s
currentSize : 49 <-- 0.441407 s

maxsize : 49
nodes : 430048.000000
filtered : 1687645.000000
time : 1.837236
