Parameters: GAD=1 vflib=1 dir=0 label=1 lowerbound=1 fileNameGp=../../cp2016-max-common-connected-subgraph-paper/datasets/graphsdb/mcs70/m3D/m3D/mcs70_m3D_s90.A03 fileNameGt=../../cp2016-max-common-connected-subgraph-paper/datasets/graphsdb/mcs70/m3D/m3D/mcs70_m3D_s90.B03
Reading graphs...
90 :  208
90 :  208
Initializing...
maxdom : 10
D->valSize : 570
Solving...
Blb : 2 (clique : 51)
currentSize : 51 <-- 0.006845 s
currentSize : 53 <-- 49.372784 s
currentSize : 54 <-- 49.372852 s
currentSize : 55 <-- 130.994080 s
currentSize : 56 <-- 130.994125 s
currentSize : 59 <-- 515.583252 s
currentSize : 63 <-- 531.729614 s
currentSize : 64 <-- 531.776550 s

maxsize : 64
nodes : 160816662.000000
filtered : 1060269436.000000
time : 842.112305
