Parameters: GAD=1 vflib=1 dir=0 label=1 lowerbound=1 fileNameGp=../../cp2016-max-common-connected-subgraph-paper/datasets/graphsdb/mcs70/m2D/m2Dr6/mcs70_m2Dr6_s70.A01 fileNameGt=../../cp2016-max-common-connected-subgraph-paper/datasets/graphsdb/mcs70/m2D/m2Dr6/mcs70_m2Dr6_s70.B01
Reading graphs...
70 :  165
70 :  163
Initializing...
maxdom : 8
D->valSize : 348
Solving...
Blb : 3 (clique : 37)
currentSize : 37 <-- 0.002917 s
currentSize : 38 <-- 0.138758 s
currentSize : 39 <-- 1.155418 s
currentSize : 42 <-- 1.155780 s
currentSize : 44 <-- 3.756306 s
currentSize : 45 <-- 3.756389 s
currentSize : 46 <-- 6.877115 s
currentSize : 47 <-- 6.891086 s
currentSize : 49 <-- 6.893136 s

maxsize : 49
nodes : 2006815.000000
filtered : 10358552.000000
time : 8.734108
