Parameters: GAD=1 vflib=1 dir=0 label=1 lowerbound=1 fileNameGp=../../cp2016-max-common-connected-subgraph-paper/datasets/graphsdb/mcs70/bvg/b06m/mcs70_b06m_s90.A04 fileNameGt=../../cp2016-max-common-connected-subgraph-paper/datasets/graphsdb/mcs70/bvg/b06m/mcs70_b06m_s90.B04
Reading graphs...
90 :  268
90 :  267
Initializing...
maxdom : 9
D->valSize : 529
Solving...
Blb : 3 (clique : 39)
currentSize : 39 <-- 0.009922 s
currentSize : 42 <-- 3.534099 s
currentSize : 44 <-- 3.534263 s
currentSize : 45 <-- 5.964662 s
currentSize : 46 <-- 5.970848 s
currentSize : 51 <-- 5.971004 s
currentSize : 58 <-- 17.305595 s
currentSize : 61 <-- 17.305824 s
currentSize : 62 <-- 18.597813 s

maxsize : 62
nodes : 3536552.000000
filtered : 22463234.000000
time : 20.814268
