Parameters: GAD=1 vflib=1 dir=0 label=1 lowerbound=1 fileNameGp=../../cp2016-max-common-connected-subgraph-paper/datasets/graphsdb/mcs70/bvg/b06m/mcs70_b06m_s50.A09 fileNameGt=../../cp2016-max-common-connected-subgraph-paper/datasets/graphsdb/mcs70/bvg/b06m/mcs70_b06m_s50.B09
Reading graphs...
50 :  146
50 :  146
Initializing...
maxdom : 16
D->valSize : 389
Solving...
Blb : 3 (clique : 19)
currentSize : 19 <-- 0.002939 s
currentSize : 20 <-- 0.019034 s
currentSize : 23 <-- 0.094302 s
currentSize : 25 <-- 0.094381 s
currentSize : 27 <-- 0.094592 s
currentSize : 28 <-- 0.297651 s
currentSize : 33 <-- 0.436267 s
currentSize : 34 <-- 0.581449 s

maxsize : 34
nodes : 161582.000000
filtered : 1620577.000000
time : 0.643024
