Parameters: GAD=1 vflib=1 dir=0 label=1 lowerbound=1 fileNameGp=../../cp2016-max-common-connected-subgraph-paper/datasets/graphsdb/mcs70/rand/r005/mcs70_r005_s70.A00 fileNameGt=../../cp2016-max-common-connected-subgraph-paper/datasets/graphsdb/mcs70/rand/r005/mcs70_r005_s70.B00
Reading graphs...
70 :  235
70 :  235
Initializing...
maxdom : 11
D->valSize : 377
Solving...
Blb : 2 (clique : 34)
currentSize : 34 <-- 0.005242 s
currentSize : 36 <-- 0.005608 s
currentSize : 37 <-- 0.009422 s
currentSize : 39 <-- 0.626151 s
currentSize : 40 <-- 0.626206 s
currentSize : 42 <-- 1.421286 s
currentSize : 44 <-- 1.421383 s
currentSize : 45 <-- 1.421531 s
currentSize : 48 <-- 1.421648 s

maxsize : 48
nodes : 310624.000000
filtered : 2760747.000000
time : 1.609859
