Parameters: GAD=1 vflib=1 dir=0 label=1 lowerbound=1 fileNameGp=../../cp2016-max-common-connected-subgraph-paper/datasets/graphsdb/mcs70/bvg/b09m/mcs70_b09m_s60.A09 fileNameGt=../../cp2016-max-common-connected-subgraph-paper/datasets/graphsdb/mcs70/bvg/b09m/mcs70_b09m_s60.B09
Reading graphs...
60 :  266
60 :  265
Initializing...
maxdom : 8
D->valSize : 260
Solving...
Blb : 3 (clique : 24)
currentSize : 24 <-- 0.001892 s
currentSize : 27 <-- 0.004305 s
currentSize : 28 <-- 0.013440 s
currentSize : 29 <-- 0.023504 s
currentSize : 30 <-- 0.023646 s
currentSize : 33 <-- 0.033323 s
currentSize : 35 <-- 0.034139 s
currentSize : 37 <-- 0.034273 s
currentSize : 40 <-- 0.134447 s

maxsize : 40
nodes : 64626.000000
filtered : 249845.000000
time : 0.227829
