Parameters: GAD=1 vflib=1 dir=0 label=1 lowerbound=1 fileNameGp=../../cp2016-max-common-connected-subgraph-paper/datasets/graphsdb/mcs70/m2D/m2Dr4/mcs70_m2Dr4_s90.A00 fileNameGt=../../cp2016-max-common-connected-subgraph-paper/datasets/graphsdb/mcs70/m2D/m2Dr4/mcs70_m2Dr4_s90.B00
Reading graphs...
90 :  195
90 :  196
Initializing...
maxdom : 10
D->valSize : 571
Solving...
Blb : 2 (clique : 51)
currentSize : 51 <-- 0.006824 s
currentSize : 52 <-- 0.032042 s
currentSize : 53 <-- 0.052146 s
currentSize : 55 <-- 0.054966 s
currentSize : 56 <-- 0.055362 s
currentSize : 57 <-- 8.404426 s
currentSize : 59 <-- 8.405465 s
currentSize : 61 <-- 8.406970 s
currentSize : 63 <-- 8.407103 s
currentSize : 64 <-- 12.221789 s

maxsize : 64
nodes : 45119659.000000
filtered : 269726267.000000
time : 240.035843
