Parameters: GAD=1 vflib=1 dir=0 label=1 lowerbound=1 fileNameGp=../../cp2016-max-common-connected-subgraph-paper/datasets/graphsdb/mcs70/m2D/m2Dr4/mcs70_m2Dr4_s80.A05 fileNameGt=../../cp2016-max-common-connected-subgraph-paper/datasets/graphsdb/mcs70/m2D/m2Dr4/mcs70_m2Dr4_s80.B05
Reading graphs...
80 :  173
80 :  172
Initializing...
maxdom : 8
D->valSize : 426
Solving...
Blb : 2 (clique : 35)
currentSize : 35 <-- 0.004152 s
currentSize : 36 <-- 0.004402 s
currentSize : 38 <-- 0.004679 s
currentSize : 39 <-- 0.005648 s
currentSize : 40 <-- 0.007516 s
currentSize : 41 <-- 0.021856 s
currentSize : 42 <-- 0.022897 s
currentSize : 43 <-- 0.022920 s
currentSize : 44 <-- 0.684607 s
currentSize : 45 <-- 0.684638 s
currentSize : 46 <-- 0.779587 s
currentSize : 47 <-- 10.540934 s
currentSize : 48 <-- 180.093369 s
currentSize : 49 <-- 180.123428 s
currentSize : 50 <-- 186.756851 s

maxsize : 50
nodes : 96755320.000000
filtered : 610803231.000000
time : 486.307037
