Parameters: GAD=1 vflib=1 dir=0 label=1 lowerbound=1 fileNameGp=../../cp2016-max-common-connected-subgraph-paper/datasets/graphsdb/mcs70/m2D/m2Dr6/mcs70_m2Dr6_s90.A05 fileNameGt=../../cp2016-max-common-connected-subgraph-paper/datasets/graphsdb/mcs70/m2D/m2Dr6/mcs70_m2Dr6_s90.B05
Reading graphs...
90 :  211
90 :  210
Initializing...
maxdom : 11
D->valSize : 587
Solving...
Blb : 2 (clique : 46)
currentSize : 46 <-- 0.011866 s
currentSize : 47 <-- 0.012387 s
currentSize : 48 <-- 0.012586 s
currentSize : 49 <-- 5.374170 s
currentSize : 50 <-- 5.374263 s
currentSize : 52 <-- 15.530786 s
currentSize : 54 <-- 18.431276 s
currentSize : 55 <-- 50.059711 s
currentSize : 57 <-- 65.677269 s
currentSize : 58 <-- 65.679993 s
currentSize : 59 <-- 194.196198 s
currentSize : 60 <-- 478.453674 s
currentSize : 63 <-- 478.453827 s
currentSize : 64 <-- 478.455139 s

maxsize : 64
nodes : 128333935.000000
filtered : 701704160.000000
time : 644.187317
