Parameters: GAD=1 vflib=1 dir=0 label=1 lowerbound=1 fileNameGp=../../cp2016-max-common-connected-subgraph-paper/datasets/graphsdb/mcs70/m2D/m2Dr2/mcs70_m2Dr2_s100.A04 fileNameGt=../../cp2016-max-common-connected-subgraph-paper/datasets/graphsdb/mcs70/m2D/m2Dr2/mcs70_m2Dr2_s100.B04
Reading graphs...
100 :  199
100 :  198
Initializing...
maxdom : 7
D->valSize : 386
Solving...
Blb : 2 (clique : 53)
currentSize : 53 <-- 0.004162 s
currentSize : 54 <-- 0.141651 s
currentSize : 55 <-- 37.705936 s
currentSize : 56 <-- 39.115318 s
currentSize : 57 <-- 39.115807 s
currentSize : 58 <-- 39.208488 s
currentSize : 59 <-- 61.373798 s
currentSize : 60 <-- 61.374264 s
currentSize : 61 <-- 95.150307 s
currentSize : 62 <-- 95.150955 s
currentSize : 63 <-- 195.785110 s
currentSize : 64 <-- 195.785767 s

maxsize : 64
nodes : 49749329.000000
filtered : 174148783.000000
time : 253.577103
