Parameters: GAD=1 vflib=1 dir=0 label=1 lowerbound=1 fileNameGp=../../cp2016-max-common-connected-subgraph-paper/datasets/graphsdb/mcs70/rand/r005/mcs70_r005_s60.A06 fileNameGt=../../cp2016-max-common-connected-subgraph-paper/datasets/graphsdb/mcs70/rand/r005/mcs70_r005_s60.B06
Reading graphs...
60 :  172
60 :  171
Initializing...
maxdom : 7
D->valSize : 261
Solving...
Blb : 2 (clique : 26)
currentSize : 26 <-- 0.001911 s
currentSize : 32 <-- 0.002069 s
currentSize : 34 <-- 0.006952 s
currentSize : 37 <-- 0.007097 s
currentSize : 38 <-- 0.033967 s
currentSize : 40 <-- 0.046065 s
currentSize : 41 <-- 0.046103 s

maxsize : 41
nodes : 18494.000000
filtered : 156471.000000
time : 0.084293
