Parameters: GAD=1 vflib=1 dir=0 label=1 lowerbound=1 fileNameGp=../../cp2016-max-common-connected-subgraph-paper/datasets/graphsdb/mcs70/bvg/b06/mcs70_b06_s100.A01 fileNameGt=../../cp2016-max-common-connected-subgraph-paper/datasets/graphsdb/mcs70/bvg/b06/mcs70_b06_s100.B01
Reading graphs...
100 :  299
100 :  300
Initializing...
maxdom : 10
D->valSize : 399
Solving...
Blb : 2 (clique : 45)
currentSize : 45 <-- 0.007065 s
currentSize : 46 <-- 0.030629 s
currentSize : 47 <-- 0.071052 s
currentSize : 50 <-- 0.098476 s
currentSize : 52 <-- 0.098610 s
currentSize : 53 <-- 0.102166 s
currentSize : 54 <-- 0.553263 s
currentSize : 55 <-- 0.553453 s
currentSize : 59 <-- 0.555839 s
currentSize : 61 <-- 0.556291 s
currentSize : 63 <-- 0.624091 s
currentSize : 67 <-- 0.626695 s
currentSize : 69 <-- 0.627014 s
currentSize : 70 <-- 2.725046 s

maxsize : 70
nodes : 839459.000000
filtered : 3950196.000000
time : 4.828029
