Parameters: GAD=1 vflib=1 dir=0 label=1 lowerbound=1 fileNameGp=../../cp2016-max-common-connected-subgraph-paper/datasets/graphsdb/mcs70/bvg/b09m/mcs70_b09m_s90.A07 fileNameGt=../../cp2016-max-common-connected-subgraph-paper/datasets/graphsdb/mcs70/bvg/b09m/mcs70_b09m_s90.B07
Reading graphs...
90 :  399
90 :  399
Initializing...
maxdom : 13
D->valSize : 626
Solving...
Blb : 2 (clique : 44)
currentSize : 44 <-- 0.007341 s
currentSize : 51 <-- 0.027853 s
currentSize : 53 <-- 0.069112 s
currentSize : 54 <-- 0.182181 s
currentSize : 55 <-- 0.563487 s
currentSize : 57 <-- 1.086132 s
currentSize : 59 <-- 2.529566 s
currentSize : 60 <-- 3.254597 s

maxsize : 60
nodes : 565878.000000
filtered : 7360050.000000
time : 3.570164
