Parameters: GAD=1 vflib=1 dir=0 label=1 lowerbound=1 fileNameGp=../../cp2016-max-common-connected-subgraph-paper/datasets/graphsdb/mcs70/m2D/m2Dr2/mcs70_m2Dr2_s100.A08 fileNameGt=../../cp2016-max-common-connected-subgraph-paper/datasets/graphsdb/mcs70/m2D/m2Dr2/mcs70_m2Dr2_s100.B08
Reading graphs...
100 :  199
100 :  199
Initializing...
maxdom : 7
D->valSize : 349
Solving...
Blb : 2 (clique : 37)
currentSize : 37 <-- 0.003478 s
currentSize : 38 <-- 0.003738 s
currentSize : 40 <-- 0.004005 s
currentSize : 41 <-- 0.031955 s
currentSize : 42 <-- 0.032491 s
currentSize : 43 <-- 0.032586 s
currentSize : 44 <-- 0.136872 s
currentSize : 45 <-- 0.172730 s
currentSize : 46 <-- 0.172881 s
currentSize : 47 <-- 2.727543 s
currentSize : 49 <-- 705.791260 s
currentSize : 50 <-- 705.791382 s
currentSize : 51 <-- 707.641968 s

TIMEOUT
maxsize : 51
nodes : 211790321.000000
filtered : 684796754.000000
time : 1000.000061
