Parameters: GAD=1 vflib=1 dir=0 label=1 lowerbound=1 fileNameGp=../../cp2016-max-common-connected-subgraph-paper/datasets/graphsdb/mcs70/m3D/m3D/mcs70_m3D_s90.A00 fileNameGt=../../cp2016-max-common-connected-subgraph-paper/datasets/graphsdb/mcs70/m3D/m3D/mcs70_m3D_s90.B00
Reading graphs...
90 :  209
90 :  209
Initializing...
maxdom : 12
D->valSize : 580
Solving...
Blb : 2 (clique : 48)
currentSize : 48 <-- 0.006982 s
currentSize : 50 <-- 0.007338 s
currentSize : 52 <-- 0.022935 s
currentSize : 54 <-- 0.023113 s
currentSize : 55 <-- 0.073741 s
currentSize : 59 <-- 0.082299 s
currentSize : 62 <-- 0.116370 s
currentSize : 64 <-- 0.117878 s

maxsize : 64
nodes : 940559.000000
filtered : 5697333.000000
time : 5.003649
