Parameters: GAD=1 vflib=1 dir=0 label=1 lowerbound=1 fileNameGp=../../cp2016-max-common-connected-subgraph-paper/datasets/graphsdb/mcs70/rand/r01/mcs70_r01_s50.A06 fileNameGt=../../cp2016-max-common-connected-subgraph-paper/datasets/graphsdb/mcs70/rand/r01/mcs70_r01_s50.B06
Reading graphs...
50 :  233
50 :  232
Initializing...
maxdom : 8
D->valSize : 321
Solving...
Blb : 2 (clique : 11)
currentSize : 11 <-- 0.002138 s
currentSize : 12 <-- 0.003371 s
currentSize : 13 <-- 0.009346 s
currentSize : 14 <-- 0.012876 s
currentSize : 15 <-- 0.024065 s
currentSize : 16 <-- 0.024412 s
currentSize : 21 <-- 0.036813 s
currentSize : 22 <-- 0.038834 s
currentSize : 34 <-- 0.076777 s

maxsize : 34
nodes : 18973.000000
filtered : 246484.000000
time : 0.085971
