Parameters: GAD=1 vflib=1 dir=0 label=1 lowerbound=1 fileNameGp=../../cp2016-max-common-connected-subgraph-paper/datasets/graphsdb/mcs70/rand/r005/mcs70_r005_s35.A05 fileNameGt=../../cp2016-max-common-connected-subgraph-paper/datasets/graphsdb/mcs70/rand/r005/mcs70_r005_s35.B05
Reading graphs...
35 :  58
35 :  58
Initializing...
maxdom : 8
D->valSize : 172
Solving...
Blb : 2 (clique : 16)
currentSize : 16 <-- 0.000908 s
currentSize : 17 <-- 0.000974 s
currentSize : 18 <-- 0.001001 s
currentSize : 19 <-- 0.001071 s
currentSize : 20 <-- 0.001107 s
currentSize : 21 <-- 0.002481 s
currentSize : 22 <-- 0.002499 s
currentSize : 24 <-- 0.002656 s

maxsize : 24
nodes : 1926.000000
filtered : 15641.000000
time : 0.007395
