Parameters: GAD=1 vflib=1 dir=0 label=1 lowerbound=1 fileNameGp=../../cp2016-max-common-connected-subgraph-paper/datasets/graphsdb/mcs70/m3D/m3Dr6/mcs70_m3Dr6_s100.A06 fileNameGt=../../cp2016-max-common-connected-subgraph-paper/datasets/graphsdb/mcs70/m3D/m3Dr6/mcs70_m3Dr6_s100.B06
Reading graphs...
100 :  294
100 :  291
Initializing...
maxdom : 7
D->valSize : 364
Solving...
Blb : 3 (clique : 40)
currentSize : 40 <-- 0.006051 s
currentSize : 41 <-- 0.006541 s
currentSize : 43 <-- 0.007602 s
currentSize : 44 <-- 0.008066 s
currentSize : 46 <-- 0.008136 s
currentSize : 48 <-- 0.008995 s
currentSize : 49 <-- 0.009356 s
currentSize : 51 <-- 0.009436 s
currentSize : 52 <-- 0.092855 s
currentSize : 57 <-- 0.101251 s
currentSize : 58 <-- 8.618713 s
currentSize : 60 <-- 14.602629 s
currentSize : 63 <-- 14.603081 s
currentSize : 64 <-- 19.205618 s

maxsize : 64
nodes : 9422164.000000
filtered : 41101417.000000
time : 51.493740
