Parameters: GAD=1 vflib=1 dir=0 label=1 lowerbound=1 fileNameGp=../../cp2016-max-common-connected-subgraph-paper/datasets/graphsdb/mcs70/m2D/m2D/mcs70_m2D_s90.A07 fileNameGt=../../cp2016-max-common-connected-subgraph-paper/datasets/graphsdb/mcs70/m2D/m2D/mcs70_m2D_s90.B07
Reading graphs...
90 :  161
90 :  160
Initializing...
maxdom : 9
D->valSize : 552
Solving...
Blb : 2 (clique : 41)
currentSize : 41 <-- 0.011087 s
currentSize : 42 <-- 1.652974 s
currentSize : 44 <-- 18.812246 s
currentSize : 45 <-- 20.437153 s
currentSize : 46 <-- 38.118073 s
currentSize : 47 <-- 38.149273 s
currentSize : 49 <-- 381.470978 s
currentSize : 50 <-- 381.471069 s
currentSize : 51 <-- 482.161285 s
currentSize : 52 <-- 601.117249 s
currentSize : 53 <-- 884.843567 s
currentSize : 54 <-- 884.847046 s
currentSize : 55 <-- 948.686340 s

TIMEOUT
maxsize : 55
nodes : 183721116.000000
filtered : 1154359775.000000
time : 1000.000122
