Parameters: GAD=1 vflib=1 dir=0 label=1 lowerbound=1 fileNameGp=../../cp2016-max-common-connected-subgraph-paper/datasets/graphsdb/mcs70/bvg/b06m/mcs70_b06m_s80.A08 fileNameGt=../../cp2016-max-common-connected-subgraph-paper/datasets/graphsdb/mcs70/bvg/b06m/mcs70_b06m_s80.B08
Reading graphs...
80 :  239
80 :  238
Initializing...
maxdom : 9
D->valSize : 468
Solving...
Blb : 2 (clique : 37)
currentSize : 37 <-- 0.004711 s
currentSize : 39 <-- 1.648471 s
currentSize : 42 <-- 1.825427 s
currentSize : 46 <-- 4.104891 s
currentSize : 49 <-- 6.670172 s
currentSize : 50 <-- 8.810036 s
currentSize : 51 <-- 11.266766 s
currentSize : 52 <-- 12.866738 s
currentSize : 53 <-- 19.874537 s
currentSize : 56 <-- 28.033092 s

maxsize : 56
nodes : 7017721.000000
filtered : 46820112.000000
time : 34.466671
