Parameters: GAD=1 vflib=1 dir=0 label=1 lowerbound=1 fileNameGp=../../cp2016-max-common-connected-subgraph-paper/datasets/graphsdb/mcs70/bvg/b03m/mcs70_b03m_s80.A07 fileNameGt=../../cp2016-max-common-connected-subgraph-paper/datasets/graphsdb/mcs70/bvg/b03m/mcs70_b03m_s80.B07
Reading graphs...
80 :  120
80 :  120
Initializing...
maxdom : 8
D->valSize : 449
Solving...
Blb : 2 (clique : 50)
currentSize : 50 <-- 0.004616 s
currentSize : 51 <-- 0.005587 s
currentSize : 52 <-- 0.005630 s
currentSize : 53 <-- 0.016672 s
currentSize : 54 <-- 0.023372 s
currentSize : 55 <-- 0.457362 s
currentSize : 56 <-- 10.237175 s

TIMEOUT
maxsize : 56
nodes : 239249570.000000
filtered : 880894329.000000
time : 1000.000122
