Parameters: GAD=1 vflib=1 dir=0 label=1 lowerbound=1 fileNameGp=../../cp2016-max-common-connected-subgraph-paper/datasets/graphsdb/mcs70/m2D/m2Dr6/mcs70_m2Dr6_s50.A08 fileNameGt=../../cp2016-max-common-connected-subgraph-paper/datasets/graphsdb/mcs70/m2D/m2Dr6/mcs70_m2Dr6_s50.B08
Reading graphs...
50 :  113
50 :  113
Initializing...
maxdom : 10
D->valSize : 334
Solving...
Blb : 3 (clique : 21)
currentSize : 21 <-- 0.002377 s
currentSize : 22 <-- 0.014637 s
currentSize : 23 <-- 0.119396 s
currentSize : 24 <-- 1.100617 s
currentSize : 25 <-- 1.738954 s
currentSize : 26 <-- 1.777866 s
currentSize : 33 <-- 1.842683 s
currentSize : 36 <-- 1.842760 s

maxsize : 36
nodes : 485730.000000
filtered : 4454113.000000
time : 1.866120
