Parameters: GAD=1 vflib=1 dir=0 label=1 lowerbound=1 fileNameGp=../../cp2016-max-common-connected-subgraph-paper/datasets/graphsdb/mcs70/m2D/m2Dr6/mcs70_m2Dr6_s80.A02 fileNameGt=../../cp2016-max-common-connected-subgraph-paper/datasets/graphsdb/mcs70/m2D/m2Dr6/mcs70_m2Dr6_s80.B02
Reading graphs...
80 :  188
80 :  186
Initializing...
maxdom : 8
D->valSize : 448
Solving...
Blb : 2 (clique : 41)
currentSize : 41 <-- 0.004496 s
currentSize : 42 <-- 0.004778 s
currentSize : 43 <-- 0.005080 s
currentSize : 44 <-- 0.005136 s
currentSize : 45 <-- 0.007672 s
currentSize : 46 <-- 152.184494 s
currentSize : 47 <-- 152.185165 s
currentSize : 48 <-- 152.186722 s
currentSize : 49 <-- 152.188217 s

maxsize : 49
nodes : 65895637.000000
filtered : 327531085.000000
time : 307.436157
