Parameters: GAD=1 vflib=1 dir=0 label=1 lowerbound=1 fileNameGp=../../cp2016-max-common-connected-subgraph-paper/datasets/graphsdb/mcs70/m2D/m2D/mcs70_m2D_s100.A05 fileNameGt=../../cp2016-max-common-connected-subgraph-paper/datasets/graphsdb/mcs70/m2D/m2D/mcs70_m2D_s100.B05
Reading graphs...
100 :  180
100 :  179
Initializing...
maxdom : 7
D->valSize : 345
Solving...
Blb : 2 (clique : 43)
currentSize : 43 <-- 0.005874 s
currentSize : 44 <-- 0.049304 s
currentSize : 45 <-- 0.325128 s
currentSize : 46 <-- 0.326197 s
currentSize : 47 <-- 1.171222 s
currentSize : 48 <-- 1.191990 s
currentSize : 49 <-- 1.325145 s
currentSize : 50 <-- 1.330473 s
currentSize : 51 <-- 48.790123 s
currentSize : 52 <-- 48.802677 s
currentSize : 53 <-- 192.033691 s
currentSize : 54 <-- 193.601120 s
currentSize : 56 <-- 324.905273 s
currentSize : 57 <-- 494.124268 s
currentSize : 58 <-- 494.124420 s
currentSize : 60 <-- 571.828369 s
currentSize : 61 <-- 571.828552 s
currentSize : 62 <-- 728.093933 s
currentSize : 63 <-- 728.095703 s
currentSize : 64 <-- 728.095825 s

maxsize : 64
nodes : 157595245.000000
filtered : 518164506.000000
time : 769.835144
