Parameters: GAD=1 vflib=1 dir=0 label=1 lowerbound=1 fileNameGp=../../cp2016-max-common-connected-subgraph-paper/datasets/graphsdb/mcs70/bvg/b09/mcs70_b09_s60.A02 fileNameGt=../../cp2016-max-common-connected-subgraph-paper/datasets/graphsdb/mcs70/bvg/b09/mcs70_b09_s60.B02
Reading graphs...
60 :  270
60 :  267
Initializing...
maxdom : 9
D->valSize : 271
Solving...
Blb : 3 (clique : 18)
currentSize : 18 <-- 0.001821 s
currentSize : 21 <-- 0.002478 s
currentSize : 23 <-- 0.007377 s
currentSize : 24 <-- 0.007432 s
currentSize : 25 <-- 0.013516 s
currentSize : 28 <-- 0.018956 s
currentSize : 32 <-- 0.019425 s
currentSize : 35 <-- 0.025899 s
currentSize : 38 <-- 0.026044 s
currentSize : 42 <-- 0.026158 s

maxsize : 42
nodes : 6816.000000
filtered : 52795.000000
time : 0.031334
