Parameters: GAD=1 vflib=1 dir=0 label=1 lowerbound=1 fileNameGp=../../cp2016-max-common-connected-subgraph-paper/datasets/graphsdb/mcs70/bvg/b03/mcs70_b03_s60.A08 fileNameGt=../../cp2016-max-common-connected-subgraph-paper/datasets/graphsdb/mcs70/bvg/b03/mcs70_b03_s60.B08
Reading graphs...
60 :  90
60 :  90
Initializing...
maxdom : 7
D->valSize : 256
Solving...
Blb : 2 (clique : 29)
currentSize : 29 <-- 0.001835 s
currentSize : 30 <-- 0.001986 s
currentSize : 31 <-- 0.002065 s
currentSize : 32 <-- 0.011066 s
currentSize : 33 <-- 0.023139 s
currentSize : 34 <-- 0.534004 s
currentSize : 35 <-- 0.541199 s
currentSize : 36 <-- 0.791436 s
currentSize : 37 <-- 0.791549 s
currentSize : 39 <-- 2.135772 s
currentSize : 40 <-- 2.155690 s
currentSize : 41 <-- 2.155769 s
currentSize : 42 <-- 2.294545 s

maxsize : 42
nodes : 623993.000000
filtered : 2607003.000000
time : 2.364486
