Parameters: GAD=1 vflib=1 dir=0 label=1 lowerbound=1 fileNameGp=../../cp2016-max-common-connected-subgraph-paper/datasets/graphsdb/mcs70/m3D/m3Dr2/mcs70_m3Dr2_s100.A01 fileNameGt=../../cp2016-max-common-connected-subgraph-paper/datasets/graphsdb/mcs70/m3D/m3Dr2/mcs70_m3Dr2_s100.B01
Reading graphs...
100 :  255
100 :  253
Initializing...
maxdom : 7
D->valSize : 351
Solving...
Blb : 2 (clique : 45)
currentSize : 45 <-- 0.005996 s
currentSize : 46 <-- 0.072947 s
currentSize : 50 <-- 0.916147 s
currentSize : 56 <-- 10.686511 s
currentSize : 58 <-- 96.701683 s
currentSize : 63 <-- 100.782417 s
currentSize : 64 <-- 100.782593 s

maxsize : 64
nodes : 45592553.000000
filtered : 192431574.000000
time : 243.443817
