Parameters: GAD=1 vflib=1 dir=0 label=1 lowerbound=1 fileNameGp=../../cp2016-max-common-connected-subgraph-paper/datasets/graphsdb/mcs70/m2D/m2Dr2/mcs70_m2Dr2_s70.A07 fileNameGt=../../cp2016-max-common-connected-subgraph-paper/datasets/graphsdb/mcs70/m2D/m2Dr2/mcs70_m2Dr2_s70.B07
Reading graphs...
70 :  137
70 :  136
Initializing...
maxdom : 9
D->valSize : 393
Solving...
Blb : 2 (clique : 38)
currentSize : 38 <-- 0.003698 s
currentSize : 39 <-- 0.003918 s
currentSize : 42 <-- 0.008116 s
currentSize : 44 <-- 0.009208 s
currentSize : 46 <-- 0.036198 s
currentSize : 48 <-- 0.039934 s
currentSize : 49 <-- 0.040024 s

maxsize : 49
nodes : 2716591.000000
filtered : 12848736.000000
time : 11.675419
