Parameters: GAD=1 vflib=1 dir=0 label=1 lowerbound=1 fileNameGp=../../cp2016-max-common-connected-subgraph-paper/datasets/graphsdb/mcs70/m3D/m3Dr4/mcs70_m3Dr4_s100.A04 fileNameGt=../../cp2016-max-common-connected-subgraph-paper/datasets/graphsdb/mcs70/m3D/m3Dr4/mcs70_m3Dr4_s100.B04
Reading graphs...
100 :  274
100 :  271
Initializing...
maxdom : 6
D->valSize : 352
Solving...
Blb : 3 (clique : 53)
currentSize : 53 <-- 0.006194 s
currentSize : 54 <-- 0.009477 s
currentSize : 56 <-- 4.100646 s
currentSize : 57 <-- 4.105932 s
currentSize : 58 <-- 227.967972 s
currentSize : 59 <-- 227.970688 s
currentSize : 61 <-- 227.987213 s
currentSize : 64 <-- 228.000641 s

maxsize : 64
nodes : 115815649.000000
filtered : 481449997.000000
time : 627.240112
