Parameters: GAD=1 vflib=1 dir=0 label=1 lowerbound=1 fileNameGp=../../cp2016-max-common-connected-subgraph-paper/datasets/graphsdb/mcs70/bvg/b03/mcs70_b03_s60.A03 fileNameGt=../../cp2016-max-common-connected-subgraph-paper/datasets/graphsdb/mcs70/bvg/b03/mcs70_b03_s60.B03
Reading graphs...
60 :  90
60 :  90
Initializing...
maxdom : 8
D->valSize : 294
Solving...
Blb : 2 (clique : 33)
currentSize : 33 <-- 0.002301 s
currentSize : 35 <-- 0.002559 s
currentSize : 36 <-- 0.830320 s
currentSize : 37 <-- 0.830391 s
currentSize : 38 <-- 0.834403 s
currentSize : 39 <-- 0.838939 s
currentSize : 40 <-- 0.839018 s
currentSize : 44 <-- 1.625850 s

maxsize : 44
nodes : 484188.000000
filtered : 2489581.000000
time : 2.075529
