Parameters: GAD=1 vflib=1 dir=0 label=1 lowerbound=1 fileNameGp=../../cp2016-max-common-connected-subgraph-paper/datasets/graphsdb/mcs70/m2D/m2Dr6/mcs70_m2Dr6_s90.A00 fileNameGt=../../cp2016-max-common-connected-subgraph-paper/datasets/graphsdb/mcs70/m2D/m2Dr6/mcs70_m2Dr6_s90.B00
Reading graphs...
90 :  211
90 :  211
Initializing...
maxdom : 10
D->valSize : 606
Solving...
Blb : 3 (clique : 48)
currentSize : 48 <-- 0.012957 s
currentSize : 49 <-- 289.078033 s
currentSize : 50 <-- 289.078278 s
currentSize : 51 <-- 289.080719 s
currentSize : 52 <-- 291.888458 s
currentSize : 53 <-- 291.888824 s
currentSize : 55 <-- 919.883545 s
currentSize : 56 <-- 919.891907 s
currentSize : 57 <-- 919.910583 s

TIMEOUT
maxsize : 57
nodes : 172904735.000000
filtered : 1439616872.000000
time : 1000.000122
