Parameters: GAD=1 vflib=1 dir=0 label=1 lowerbound=1 fileNameGp=../../cp2016-max-common-connected-subgraph-paper/datasets/graphsdb/mcs70/m2D/m2Dr2/mcs70_m2Dr2_s90.A03 fileNameGt=../../cp2016-max-common-connected-subgraph-paper/datasets/graphsdb/mcs70/m2D/m2Dr2/mcs70_m2Dr2_s90.B03
Reading graphs...
90 :  178
90 :  178
Initializing...
maxdom : 9
D->valSize : 533
Solving...
Blb : 2 (clique : 54)
currentSize : 54 <-- 0.010432 s
currentSize : 56 <-- 0.011215 s
currentSize : 57 <-- 0.014644 s
currentSize : 59 <-- 22.616915 s
currentSize : 60 <-- 46.450344 s
currentSize : 61 <-- 128.964127 s
currentSize : 62 <-- 310.973419 s
currentSize : 63 <-- 329.974823 s
currentSize : 64 <-- 340.460510 s

maxsize : 64
nodes : 76255877.000000
filtered : 447015852.000000
time : 403.257996
