Parameters: GAD=1 vflib=1 dir=0 label=1 lowerbound=1 fileNameGp=../../cp2016-max-common-connected-subgraph-paper/datasets/graphsdb/mcs70/bvg/b09/mcs70_b09_s70.A08 fileNameGt=../../cp2016-max-common-connected-subgraph-paper/datasets/graphsdb/mcs70/bvg/b09/mcs70_b09_s70.B08
Reading graphs...
70 :  314
70 :  311
Initializing...
maxdom : 9
D->valSize : 368
Solving...
Blb : 5 (clique : 17)
currentSize : 17 <-- 0.004878 s
currentSize : 37 <-- 0.005145 s
currentSize : 39 <-- 0.005352 s
currentSize : 40 <-- 0.005655 s
currentSize : 42 <-- 0.007323 s
currentSize : 43 <-- 0.007607 s
currentSize : 47 <-- 0.263245 s
currentSize : 48 <-- 0.263412 s

maxsize : 48
nodes : 161378.000000
filtered : 953079.000000
time : 0.706121
