Parameters: GAD=1 vflib=1 dir=0 label=1 lowerbound=1 fileNameGp=../../cp2016-max-common-connected-subgraph-paper/datasets/graphsdb/mcs70/rand/r02/mcs70_r02_s100.A09 fileNameGt=../../cp2016-max-common-connected-subgraph-paper/datasets/graphsdb/mcs70/rand/r02/mcs70_r02_s100.B09
Reading graphs...
100 :  1770
100 :  1753
Initializing...
maxdom : 7
D->valSize : 365
Solving...
Blb : 2 (clique : 43)
currentSize : 43 <-- 0.003627 s
currentSize : 44 <-- 0.112588 s
currentSize : 45 <-- 1.694095 s
currentSize : 46 <-- 26.543068 s
currentSize : 47 <-- 198.734116 s

maxsize : 47
nodes : 120118123.000000
filtered : 26238200.000000
time : 453.250397
