Parameters: GAD=1 vflib=1 dir=0 label=1 lowerbound=1 fileNameGp=../../cp2016-max-common-connected-subgraph-paper/datasets/graphsdb/mcs70/m2D/m2Dr6/mcs70_m2Dr6_s60.A05 fileNameGt=../../cp2016-max-common-connected-subgraph-paper/datasets/graphsdb/mcs70/m2D/m2Dr6/mcs70_m2Dr6_s60.B05
Reading graphs...
60 :  138
60 :  139
Initializing...
maxdom : 6
D->valSize : 241
Solving...
Blb : 3 (clique : 20)
currentSize : 20 <-- 0.001674 s
currentSize : 21 <-- 0.065807 s
currentSize : 22 <-- 0.214645 s
currentSize : 23 <-- 0.475895 s
currentSize : 24 <-- 0.479597 s
currentSize : 25 <-- 0.510292 s
currentSize : 26 <-- 0.513430 s
currentSize : 27 <-- 1.864953 s
currentSize : 28 <-- 1.867380 s
currentSize : 29 <-- 5.409099 s
currentSize : 30 <-- 5.409656 s
currentSize : 31 <-- 5.411016 s
currentSize : 32 <-- 5.411490 s
currentSize : 33 <-- 5.411555 s
currentSize : 34 <-- 10.052434 s
currentSize : 35 <-- 11.372440 s
currentSize : 36 <-- 11.390212 s

maxsize : 36
nodes : 3718517.000000
filtered : 15933840.000000
time : 14.301122
