Parameters: GAD=1 vflib=1 dir=0 label=1 lowerbound=1 fileNameGp=../../cp2016-max-common-connected-subgraph-paper/datasets/graphsdb/mcs70/m2D/m2Dr2/mcs70_m2Dr2_s90.A05 fileNameGt=../../cp2016-max-common-connected-subgraph-paper/datasets/graphsdb/mcs70/m2D/m2Dr2/mcs70_m2Dr2_s90.B05
Reading graphs...
90 :  178
90 :  178
Initializing...
maxdom : 11
D->valSize : 615
Solving...
Blb : 2 (clique : 43)
currentSize : 43 <-- 0.007761 s
currentSize : 44 <-- 215.355423 s
currentSize : 45 <-- 566.249451 s
currentSize : 46 <-- 812.134216 s
currentSize : 47 <-- 812.193787 s
currentSize : 48 <-- 812.200317 s
currentSize : 50 <-- 812.208130 s
currentSize : 52 <-- 812.311768 s
currentSize : 53 <-- 931.440552 s
currentSize : 54 <-- 931.440674 s
currentSize : 55 <-- 931.958923 s

TIMEOUT
maxsize : 55
nodes : 168560559.000000
filtered : 1681328391.000000
time : 1000.000122
