Parameters: GAD=1 vflib=1 dir=0 label=1 lowerbound=1 fileNameGp=../../cp2016-max-common-connected-subgraph-paper/datasets/graphsdb/mcs70/rand/r005/mcs70_r005_s100.A00 fileNameGt=../../cp2016-max-common-connected-subgraph-paper/datasets/graphsdb/mcs70/rand/r005/mcs70_r005_s100.B00
Reading graphs...
100 :  485
100 :  486
Initializing...
maxdom : 7
D->valSize : 356
Solving...
Blb : 2 (clique : 43)
currentSize : 43 <-- 0.003419 s
currentSize : 46 <-- 0.003722 s
currentSize : 48 <-- 0.030921 s
currentSize : 52 <-- 0.031178 s
currentSize : 59 <-- 0.051349 s
currentSize : 66 <-- 0.051778 s
currentSize : 67 <-- 0.052035 s

maxsize : 67
nodes : 138773.000000
filtered : 950592.000000
time : 0.857699
