Parameters: GAD=1 vflib=1 dir=0 label=1 lowerbound=1 fileNameGp=../../cp2016-max-common-connected-subgraph-paper/datasets/graphsdb/mcs70/m2D/m2Dr2/mcs70_m2Dr2_s80.A06 fileNameGt=../../cp2016-max-common-connected-subgraph-paper/datasets/graphsdb/mcs70/m2D/m2Dr2/mcs70_m2Dr2_s80.B06
Reading graphs...
80 :  158
80 :  157
Initializing...
maxdom : 9
D->valSize : 457
Solving...
Blb : 2 (clique : 31)
currentSize : 31 <-- 0.007630 s
currentSize : 42 <-- 0.008029 s
currentSize : 43 <-- 0.014741 s
currentSize : 44 <-- 0.045603 s
currentSize : 45 <-- 0.045686 s
currentSize : 46 <-- 0.123768 s
currentSize : 47 <-- 2.715555 s
currentSize : 48 <-- 2.715638 s
currentSize : 49 <-- 2.770114 s
currentSize : 50 <-- 3.238902 s

TIMEOUT
maxsize : 50
nodes : 208382352.000000
filtered : 1093513219.000000
time : 1000.000061
