Parameters: GAD=1 vflib=1 dir=0 label=1 lowerbound=1 fileNameGp=../../cp2016-max-common-connected-subgraph-paper/datasets/graphsdb/mcs70/bvg/b06m/mcs70_b06m_s90.A08 fileNameGt=../../cp2016-max-common-connected-subgraph-paper/datasets/graphsdb/mcs70/bvg/b06m/mcs70_b06m_s90.B08
Reading graphs...
90 :  269
90 :  269
Initializing...
maxdom : 12
D->valSize : 584
Solving...
Blb : 2 (clique : 50)
currentSize : 50 <-- 0.006988 s
currentSize : 54 <-- 0.013129 s
currentSize : 55 <-- 0.023276 s
currentSize : 57 <-- 0.024561 s
currentSize : 61 <-- 0.025246 s
currentSize : 63 <-- 0.037846 s
currentSize : 64 <-- 0.038076 s

maxsize : 64
nodes : 3118335.000000
filtered : 27168810.000000
time : 19.024796
