Parameters: GAD=1 vflib=1 dir=0 label=1 lowerbound=1 fileNameGp=../../cp2016-max-common-connected-subgraph-paper/datasets/graphsdb/mcs70/m2D/m2D/mcs70_m2D_s80.A07 fileNameGt=../../cp2016-max-common-connected-subgraph-paper/datasets/graphsdb/mcs70/m2D/m2D/mcs70_m2D_s80.B07
Reading graphs...
80 :  141
80 :  142
Initializing...
maxdom : 8
D->valSize : 423
Solving...
Blb : 2 (clique : 38)
currentSize : 38 <-- 0.004163 s
currentSize : 39 <-- 0.005111 s
currentSize : 40 <-- 0.012162 s
currentSize : 41 <-- 0.027699 s
currentSize : 42 <-- 0.034180 s
currentSize : 44 <-- 4.578738 s
currentSize : 47 <-- 4.634511 s
currentSize : 48 <-- 4.959044 s
currentSize : 49 <-- 129.121231 s
currentSize : 50 <-- 129.256714 s

maxsize : 50
nodes : 49732955.000000
filtered : 303479668.000000
time : 267.321228
