Parameters: GAD=1 vflib=1 dir=0 label=1 lowerbound=1 fileNameGp=../../cp2016-max-common-connected-subgraph-paper/datasets/graphsdb/mcs70/m2D/m2D/mcs70_m2D_s70.A06 fileNameGt=../../cp2016-max-common-connected-subgraph-paper/datasets/graphsdb/mcs70/m2D/m2D/mcs70_m2D_s70.B06
Reading graphs...
70 :  123
70 :  123
Initializing...
maxdom : 8
D->valSize : 365
Solving...
Blb : 5 (clique : 29)
currentSize : 29 <-- 0.003194 s
currentSize : 38 <-- 0.003405 s
currentSize : 39 <-- 0.003496 s
currentSize : 41 <-- 0.007500 s
currentSize : 44 <-- 5.476229 s
currentSize : 48 <-- 8.203073 s
currentSize : 50 <-- 18.809729 s

maxsize : 50
nodes : 7341353.000000
filtered : 33425429.000000
time : 30.747280
