Parameters: GAD=1 vflib=1 dir=0 label=1 lowerbound=1 fileNameGp=../../cp2016-max-common-connected-subgraph-paper/datasets/graphsdb/mcs70/rand/r005/mcs70_r005_s40.A05 fileNameGt=../../cp2016-max-common-connected-subgraph-paper/datasets/graphsdb/mcs70/rand/r005/mcs70_r005_s40.B05
Reading graphs...
40 :  77
40 :  77
Initializing...
maxdom : 7
D->valSize : 196
Solving...
Blb : 2 (clique : 19)
currentSize : 19 <-- 0.001143 s
currentSize : 20 <-- 0.006568 s
currentSize : 21 <-- 0.008426 s
currentSize : 23 <-- 0.011992 s
currentSize : 24 <-- 0.014125 s
currentSize : 25 <-- 0.014211 s
currentSize : 26 <-- 0.015044 s
currentSize : 28 <-- 0.018925 s

maxsize : 28
nodes : 5521.000000
filtered : 47910.000000
time : 0.020414
