Parameters: GAD=1 vflib=1 dir=0 label=1 lowerbound=1 fileNameGp=../../cp2016-max-common-connected-subgraph-paper/datasets/graphsdb/mcs70/m2D/m2Dr2/mcs70_m2Dr2_s80.A04 fileNameGt=../../cp2016-max-common-connected-subgraph-paper/datasets/graphsdb/mcs70/m2D/m2Dr2/mcs70_m2Dr2_s80.B04
Reading graphs...
80 :  158
80 :  156
Initializing...
maxdom : 8
D->valSize : 428
Solving...
Blb : 2 (clique : 34)
currentSize : 34 <-- 0.004220 s
currentSize : 35 <-- 0.004457 s
currentSize : 36 <-- 0.021317 s
currentSize : 37 <-- 0.021383 s
currentSize : 38 <-- 0.034636 s
currentSize : 39 <-- 233.374542 s
currentSize : 40 <-- 406.596344 s
currentSize : 41 <-- 574.215027 s
currentSize : 42 <-- 714.266846 s

TIMEOUT
maxsize : 42
nodes : 187031056.000000
filtered : 1322455899.000000
time : 1000.000061
