Parameters: GAD=1 vflib=1 dir=0 label=1 lowerbound=1 fileNameGp=../../cp2016-max-common-connected-subgraph-paper/datasets/graphsdb/mcs70/bvg/b06m/mcs70_b06m_s100.A00 fileNameGt=../../cp2016-max-common-connected-subgraph-paper/datasets/graphsdb/mcs70/bvg/b06m/mcs70_b06m_s100.B00
Reading graphs...
100 :  296
100 :  297
Initializing...
maxdom : 6
D->valSize : 354
Solving...
Blb : 2 (clique : 56)
currentSize : 56 <-- 0.003716 s
currentSize : 57 <-- 0.004509 s
currentSize : 58 <-- 0.004647 s
currentSize : 63 <-- 0.021027 s
currentSize : 64 <-- 0.021438 s
currentSize : 66 <-- 0.021616 s
currentSize : 67 <-- 78.850471 s
currentSize : 68 <-- 78.850807 s
currentSize : 70 <-- 78.851013 s

maxsize : 70
nodes : 27549826.000000
filtered : 119443090.000000
time : 148.476028
