Parameters: GAD=1 vflib=1 dir=0 label=1 lowerbound=1 fileNameGp=../../cp2016-max-common-connected-subgraph-paper/datasets/graphsdb/mcs70/bvg/b06/mcs70_b06_s100.A06 fileNameGt=../../cp2016-max-common-connected-subgraph-paper/datasets/graphsdb/mcs70/bvg/b06/mcs70_b06_s100.B06
Reading graphs...
100 :  299
100 :  299
Initializing...
maxdom : 8
D->valSize : 401
Solving...
Blb : 2 (clique : 35)
currentSize : 35 <-- 0.004131 s
currentSize : 36 <-- 0.004412 s
currentSize : 37 <-- 0.004636 s
currentSize : 40 <-- 0.004751 s
currentSize : 41 <-- 0.019342 s
currentSize : 44 <-- 0.040309 s
currentSize : 47 <-- 12.072469 s
currentSize : 48 <-- 12.215465 s
currentSize : 49 <-- 71.919754 s
currentSize : 51 <-- 92.740891 s
currentSize : 54 <-- 92.749168 s
currentSize : 55 <-- 92.820648 s
currentSize : 56 <-- 149.302383 s
currentSize : 57 <-- 149.302902 s
currentSize : 58 <-- 149.420273 s
currentSize : 60 <-- 149.441406 s
currentSize : 63 <-- 149.441666 s
currentSize : 70 <-- 194.736847 s

maxsize : 70
nodes : 38067324.000000
filtered : 163611258.000000
time : 199.734207
