Parameters: GAD=1 vflib=1 dir=0 label=1 lowerbound=1 fileNameGp=../../cp2016-max-common-connected-subgraph-paper/datasets/graphsdb/mcs70/bvg/b09/mcs70_b09_s90.A08 fileNameGt=../../cp2016-max-common-connected-subgraph-paper/datasets/graphsdb/mcs70/bvg/b09/mcs70_b09_s90.B08
Reading graphs...
90 :  403
90 :  402
Initializing...
maxdom : 10
D->valSize : 537
Solving...
Blb : 3 (clique : 30)
currentSize : 30 <-- 0.006006 s
currentSize : 31 <-- 0.233457 s
currentSize : 32 <-- 0.433645 s
currentSize : 35 <-- 0.854127 s
currentSize : 37 <-- 1.108067 s
currentSize : 41 <-- 2.682753 s
currentSize : 43 <-- 3.213314 s
currentSize : 52 <-- 4.039369 s
currentSize : 56 <-- 4.042199 s
currentSize : 57 <-- 4.651190 s
currentSize : 62 <-- 4.651978 s

maxsize : 62
nodes : 904880.000000
filtered : 8523698.000000
time : 5.346403
