Parameters: GAD=1 vflib=1 dir=0 label=1 lowerbound=1 fileNameGp=../../cp2016-max-common-connected-subgraph-paper/datasets/graphsdb/mcs70/m2D/m2Dr2/mcs70_m2Dr2_s100.A09 fileNameGt=../../cp2016-max-common-connected-subgraph-paper/datasets/graphsdb/mcs70/m2D/m2Dr2/mcs70_m2Dr2_s100.B09
Reading graphs...
100 :  199
100 :  199
Initializing...
maxdom : 8
D->valSize : 397
Solving...
Blb : 2 (clique : 38)
currentSize : 38 <-- 0.004225 s
currentSize : 40 <-- 0.007053 s
currentSize : 41 <-- 0.027100 s
currentSize : 42 <-- 0.032153 s
currentSize : 43 <-- 0.062462 s
currentSize : 44 <-- 0.064525 s
currentSize : 45 <-- 0.097534 s
currentSize : 46 <-- 0.121659 s
currentSize : 47 <-- 0.127244 s
currentSize : 48 <-- 0.197756 s
currentSize : 49 <-- 0.209513 s
currentSize : 50 <-- 0.212417 s
currentSize : 51 <-- 22.389692 s
currentSize : 52 <-- 22.403446 s
currentSize : 53 <-- 24.651957 s
currentSize : 54 <-- 38.454197 s
currentSize : 56 <-- 38.459080 s
currentSize : 57 <-- 47.909523 s

TIMEOUT
maxsize : 57
nodes : 202471252.000000
filtered : 612332316.000000
time : 1000.000122
