Parameters: GAD=1 vflib=1 dir=0 label=1 lowerbound=1 fileNameGp=../../cp2016-max-common-connected-subgraph-paper/datasets/graphsdb/mcs70/bvg/b06/mcs70_b06_s100.A09 fileNameGt=../../cp2016-max-common-connected-subgraph-paper/datasets/graphsdb/mcs70/bvg/b06/mcs70_b06_s100.B09
Reading graphs...
100 :  300
100 :  299
Initializing...
maxdom : 7
D->valSize : 391
Solving...
Blb : 2 (clique : 52)
currentSize : 52 <-- 0.006577 s
currentSize : 53 <-- 0.007160 s
currentSize : 55 <-- 0.009084 s
currentSize : 56 <-- 0.016427 s
currentSize : 57 <-- 0.079040 s
currentSize : 60 <-- 0.084737 s
currentSize : 62 <-- 0.090169 s
currentSize : 63 <-- 0.103560 s
currentSize : 65 <-- 0.105257 s
currentSize : 67 <-- 0.111210 s
currentSize : 70 <-- 0.130441 s

maxsize : 70
nodes : 4422836.000000
filtered : 25271679.000000
time : 25.446407
