Parameters: GAD=1 vflib=1 dir=0 label=1 lowerbound=1 fileNameGp=../../cp2016-max-common-connected-subgraph-paper/datasets/graphsdb/mcs70/bvg/b03m/mcs70_b03m_s50.A03 fileNameGt=../../cp2016-max-common-connected-subgraph-paper/datasets/graphsdb/mcs70/bvg/b03m/mcs70_b03m_s50.B03
Reading graphs...
50 :  75
50 :  75
Initializing...
maxdom : 9
D->valSize : 339
Solving...
Blb : 2 (clique : 27)
currentSize : 27 <-- 0.002450 s
currentSize : 28 <-- 0.338251 s
currentSize : 29 <-- 0.857440 s
currentSize : 30 <-- 0.933711 s
currentSize : 31 <-- 0.933939 s
currentSize : 32 <-- 1.192792 s
currentSize : 33 <-- 1.849829 s
currentSize : 34 <-- 1.849883 s

maxsize : 34
nodes : 1305079.000000
filtered : 11814138.000000
time : 5.812716
