Parameters: GAD=1 vflib=1 dir=0 label=1 lowerbound=1 fileNameGp=../../cp2016-max-common-connected-subgraph-paper/datasets/graphsdb/mcs70/m3D/m3D/mcs70_m3D_s100.A03 fileNameGt=../../cp2016-max-common-connected-subgraph-paper/datasets/graphsdb/mcs70/m3D/m3D/mcs70_m3D_s100.B03
Reading graphs...
100 :  235
100 :  235
Initializing...
maxdom : 6
D->valSize : 368
Solving...
Blb : 2 (clique : 40)
currentSize : 40 <-- 0.003716 s
currentSize : 42 <-- 0.004192 s
currentSize : 43 <-- 0.005843 s
currentSize : 44 <-- 0.005992 s
currentSize : 46 <-- 0.007250 s
currentSize : 47 <-- 0.009679 s
currentSize : 48 <-- 0.163714 s
currentSize : 49 <-- 0.164101 s
currentSize : 50 <-- 1.474109 s
currentSize : 51 <-- 2.068060 s
currentSize : 52 <-- 2.068511 s
currentSize : 53 <-- 627.655273 s
currentSize : 54 <-- 627.737610 s
currentSize : 55 <-- 627.738953 s
currentSize : 56 <-- 628.840210 s
currentSize : 57 <-- 630.131775 s
currentSize : 58 <-- 630.134705 s
currentSize : 59 <-- 630.136169 s

TIMEOUT
maxsize : 59
nodes : 231419878.000000
filtered : 531776156.000000
time : 1000.000122
