Parameters: GAD=1 vflib=1 dir=0 label=1 lowerbound=1 fileNameGp=../../cp2016-max-common-connected-subgraph-paper/datasets/graphsdb/mcs70/m2D/m2Dr2/mcs70_m2Dr2_s70.A04 fileNameGt=../../cp2016-max-common-connected-subgraph-paper/datasets/graphsdb/mcs70/m2D/m2Dr2/mcs70_m2Dr2_s70.B04
Reading graphs...
70 :  137
70 :  136
Initializing...
maxdom : 7
D->valSize : 319
Solving...
Blb : 2 (clique : 38)
currentSize : 38 <-- 0.002682 s
currentSize : 39 <-- 0.003100 s
currentSize : 40 <-- 0.003216 s
currentSize : 41 <-- 0.008526 s
currentSize : 42 <-- 0.008653 s
currentSize : 43 <-- 0.033043 s
currentSize : 45 <-- 0.443118 s
currentSize : 46 <-- 0.443195 s
currentSize : 48 <-- 0.443279 s
currentSize : 49 <-- 0.502642 s

maxsize : 49
nodes : 201582.000000
filtered : 785820.000000
time : 0.834850
