Parameters: GAD=1 vflib=1 dir=0 label=1 lowerbound=1 fileNameGp=../../cp2016-max-common-connected-subgraph-paper/datasets/graphsdb/mcs70/bvg/b03/mcs70_b03_s50.A09 fileNameGt=../../cp2016-max-common-connected-subgraph-paper/datasets/graphsdb/mcs70/bvg/b03/mcs70_b03_s50.B09
Reading graphs...
50 :  75
50 :  75
Initializing...
maxdom : 9
D->valSize : 331
Solving...
Blb : 3 (clique : 20)
currentSize : 20 <-- 0.002391 s
currentSize : 28 <-- 0.002527 s
currentSize : 29 <-- 0.002543 s
currentSize : 30 <-- 0.002654 s
currentSize : 31 <-- 0.002673 s
currentSize : 32 <-- 0.002742 s
currentSize : 34 <-- 0.003572 s
currentSize : 35 <-- 1.901253 s

maxsize : 35
nodes : 577816.000000
filtered : 6539531.000000
time : 2.757197
