Parameters: GAD=1 vflib=1 dir=0 label=1 lowerbound=1 fileNameGp=../../cp2016-max-common-connected-subgraph-paper/datasets/graphsdb/mcs70/bvg/b06m/mcs70_b06m_s100.A05 fileNameGt=../../cp2016-max-common-connected-subgraph-paper/datasets/graphsdb/mcs70/bvg/b06m/mcs70_b06m_s100.B05
Reading graphs...
100 :  298
100 :  298
Initializing...
maxdom : 7
D->valSize : 377
Solving...
Blb : 3 (clique : 54)
currentSize : 54 <-- 0.006476 s
currentSize : 56 <-- 0.007078 s
currentSize : 58 <-- 0.011370 s
currentSize : 61 <-- 0.017470 s
currentSize : 67 <-- 0.155118 s
currentSize : 68 <-- 0.155501 s
currentSize : 69 <-- 1.109048 s
currentSize : 70 <-- 1.109299 s

maxsize : 70
nodes : 2144650.000000
filtered : 11364503.000000
time : 12.156618
