Parameters: GAD=1 vflib=1 dir=0 label=1 lowerbound=1 fileNameGp=../../cp2016-max-common-connected-subgraph-paper/datasets/graphsdb/mcs70/bvg/b03/mcs70_b03_s40.A08 fileNameGt=../../cp2016-max-common-connected-subgraph-paper/datasets/graphsdb/mcs70/bvg/b03/mcs70_b03_s40.B08
Reading graphs...
40 :  60
40 :  60
Initializing...
maxdom : 8
D->valSize : 226
Solving...
Blb : 2 (clique : 18)
currentSize : 18 <-- 0.001296 s
currentSize : 19 <-- 0.244220 s
currentSize : 20 <-- 0.244767 s
currentSize : 21 <-- 0.261716 s
currentSize : 22 <-- 0.261785 s
currentSize : 23 <-- 0.277457 s
currentSize : 24 <-- 0.298063 s
currentSize : 27 <-- 0.304967 s
currentSize : 28 <-- 0.304994 s

maxsize : 28
nodes : 129155.000000
filtered : 476606.000000
time : 0.327005
