Parameters: GAD=1 vflib=1 dir=0 label=1 lowerbound=1 fileNameGp=../../cp2016-max-common-connected-subgraph-paper/datasets/graphsdb/mcs70/m2D/m2Dr2/mcs70_m2Dr2_s60.A07 fileNameGt=../../cp2016-max-common-connected-subgraph-paper/datasets/graphsdb/mcs70/m2D/m2Dr2/mcs70_m2Dr2_s60.B07
Reading graphs...
60 :  115
60 :  116
Initializing...
maxdom : 9
D->valSize : 251
Solving...
Blb : 2 (clique : 26)
currentSize : 26 <-- 0.001802 s
currentSize : 27 <-- 0.237818 s
currentSize : 28 <-- 0.593915 s
currentSize : 29 <-- 0.599425 s
currentSize : 30 <-- 0.599618 s
currentSize : 31 <-- 0.599768 s
currentSize : 33 <-- 0.600332 s
currentSize : 35 <-- 0.940330 s
currentSize : 36 <-- 0.944260 s

maxsize : 36
nodes : 457245.000000
filtered : 2467396.000000
time : 1.874318
