Parameters: GAD=1 vflib=1 dir=0 label=1 lowerbound=1 fileNameGp=../../cp2016-max-common-connected-subgraph-paper/datasets/graphsdb/mcs70/m2D/m2Dr4/mcs70_m2Dr4_s90.A06 fileNameGt=../../cp2016-max-common-connected-subgraph-paper/datasets/graphsdb/mcs70/m2D/m2Dr4/mcs70_m2Dr4_s90.B06
Reading graphs...
90 :  196
90 :  196
Initializing...
maxdom : 9
D->valSize : 521
Solving...
Blb : 2 (clique : 45)
currentSize : 45 <-- 0.005944 s
currentSize : 46 <-- 0.007903 s
currentSize : 47 <-- 0.735544 s
currentSize : 48 <-- 0.735649 s
currentSize : 50 <-- 1.819877 s
currentSize : 51 <-- 3.369828 s
currentSize : 52 <-- 3.634143 s
currentSize : 55 <-- 3.635680 s
currentSize : 57 <-- 39.195133 s
currentSize : 58 <-- 271.832184 s
currentSize : 60 <-- 329.980591 s
currentSize : 62 <-- 329.984833 s
currentSize : 63 <-- 416.575867 s
currentSize : 64 <-- 416.576202 s

maxsize : 64
nodes : 148326482.000000
filtered : 705605985.000000
time : 764.723450
