Parameters: GAD=1 vflib=1 dir=0 label=1 lowerbound=1 fileNameGp=../../cp2016-max-common-connected-subgraph-paper/datasets/graphsdb/mcs70/bvg/b06m/mcs70_b06m_s70.A02 fileNameGt=../../cp2016-max-common-connected-subgraph-paper/datasets/graphsdb/mcs70/bvg/b06m/mcs70_b06m_s70.B02
Reading graphs...
70 :  206
70 :  206
Initializing...
maxdom : 9
D->valSize : 372
Solving...
Blb : 3 (clique : 31)
currentSize : 31 <-- 0.003210 s
currentSize : 33 <-- 0.006034 s
currentSize : 34 <-- 0.006108 s
currentSize : 35 <-- 0.012592 s
currentSize : 36 <-- 0.012800 s
currentSize : 37 <-- 0.020711 s
currentSize : 39 <-- 0.317951 s
currentSize : 40 <-- 0.319340 s
currentSize : 41 <-- 0.319589 s
currentSize : 42 <-- 0.324893 s
currentSize : 47 <-- 1.054869 s
currentSize : 48 <-- 1.057718 s
currentSize : 49 <-- 1.057922 s

maxsize : 49
nodes : 441540.000000
filtered : 2857190.000000
time : 2.004395
