Parameters: GAD=1 vflib=1 dir=0 label=1 lowerbound=1 fileNameGp=../../cp2016-max-common-connected-subgraph-paper/datasets/graphsdb/mcs70/m2D/m2Dr6/mcs70_m2Dr6_s70.A04 fileNameGt=../../cp2016-max-common-connected-subgraph-paper/datasets/graphsdb/mcs70/m2D/m2Dr6/mcs70_m2Dr6_s70.B04
Reading graphs...
70 :  164
70 :  162
Initializing...
maxdom : 9
D->valSize : 344
Solving...
Blb : 2 (clique : 33)
currentSize : 33 <-- 0.002860 s
currentSize : 34 <-- 0.003077 s
currentSize : 36 <-- 0.005157 s
currentSize : 37 <-- 0.005466 s
currentSize : 38 <-- 0.016375 s
currentSize : 40 <-- 0.030165 s
currentSize : 42 <-- 0.033352 s
currentSize : 45 <-- 0.033406 s
currentSize : 46 <-- 0.035496 s
currentSize : 49 <-- 0.046953 s

maxsize : 49
nodes : 953630.000000
filtered : 5370993.000000
time : 4.453824
