Parameters: GAD=1 vflib=1 dir=0 label=1 lowerbound=1 fileNameGp=../../cp2016-max-common-connected-subgraph-paper/datasets/graphsdb/mcs70/bvg/b03m/mcs70_b03m_s90.A00 fileNameGt=../../cp2016-max-common-connected-subgraph-paper/datasets/graphsdb/mcs70/bvg/b03m/mcs70_b03m_s90.B00
Reading graphs...
90 :  133
90 :  134
Initializing...
maxdom : 8
D->valSize : 532
Solving...
Blb : 2 (clique : 44)
currentSize : 44 <-- 0.006307 s
currentSize : 45 <-- 0.006677 s
currentSize : 47 <-- 0.006753 s
currentSize : 49 <-- 0.043980 s
currentSize : 50 <-- 0.044717 s
currentSize : 52 <-- 0.099207 s
currentSize : 53 <-- 0.134474 s
currentSize : 54 <-- 1.018608 s

TIMEOUT
maxsize : 54
nodes : 169005710.000000
filtered : 1213024113.000000
time : 1000.000122
