Parameters: GAD=1 vflib=1 dir=0 label=1 lowerbound=1 fileNameGp=../../cp2016-max-common-connected-subgraph-paper/datasets/graphsdb/mcs70/m3D/m3Dr6/mcs70_m3Dr6_s90.A00 fileNameGt=../../cp2016-max-common-connected-subgraph-paper/datasets/graphsdb/mcs70/m3D/m3Dr6/mcs70_m3Dr6_s90.B00
Reading graphs...
90 :  260
90 :  256
Initializing...
maxdom : 10
D->valSize : 552
Solving...
Blb : 5 (clique : 28)
currentSize : 28 <-- 0.006302 s
currentSize : 35 <-- 0.006551 s
currentSize : 38 <-- 0.006624 s
currentSize : 39 <-- 0.006876 s
currentSize : 43 <-- 0.009909 s
currentSize : 45 <-- 0.443427 s
currentSize : 47 <-- 1.964967 s
currentSize : 49 <-- 1.965068 s
currentSize : 50 <-- 1.965988 s
currentSize : 51 <-- 4.992303 s
currentSize : 52 <-- 4.993269 s
currentSize : 53 <-- 13.341896 s
currentSize : 54 <-- 13.342934 s
currentSize : 55 <-- 33.010807 s
currentSize : 56 <-- 33.012039 s
currentSize : 57 <-- 69.656113 s
currentSize : 58 <-- 82.631927 s
currentSize : 59 <-- 82.634407 s
currentSize : 60 <-- 82.634583 s
currentSize : 62 <-- 82.634850 s
currentSize : 63 <-- 82.635643 s

maxsize : 63
nodes : 23624924.000000
filtered : 72176048.000000
time : 102.787544
