Parameters: GAD=1 vflib=1 dir=0 label=1 lowerbound=1 fileNameGp=../../cp2016-max-common-connected-subgraph-paper/datasets/graphsdb/mcs70/rand/r01/mcs70_r01_s70.A00 fileNameGt=../../cp2016-max-common-connected-subgraph-paper/datasets/graphsdb/mcs70/rand/r01/mcs70_r01_s70.B00
Reading graphs...
70 :  456
70 :  462
Initializing...
maxdom : 7
D->valSize : 327
Solving...
Blb : 2 (clique : 14)
currentSize : 14 <-- 0.002446 s
currentSize : 15 <-- 0.002557 s
currentSize : 16 <-- 0.002613 s
currentSize : 18 <-- 0.002640 s
currentSize : 21 <-- 0.002848 s
currentSize : 28 <-- 0.003066 s
currentSize : 30 <-- 0.003889 s
currentSize : 38 <-- 0.004073 s
currentSize : 39 <-- 0.019643 s
currentSize : 45 <-- 0.038152 s

maxsize : 45
nodes : 25280.000000
filtered : 177296.000000
time : 0.113863
