Parameters: GAD=1 vflib=1 dir=0 label=1 lowerbound=1 fileNameGp=../../cp2016-max-common-connected-subgraph-paper/datasets/graphsdb/mcs70/bvg/b06/mcs70_b06_s80.A05 fileNameGt=../../cp2016-max-common-connected-subgraph-paper/datasets/graphsdb/mcs70/bvg/b06/mcs70_b06_s80.B05
Reading graphs...
80 :  240
80 :  240
Initializing...
maxdom : 8
D->valSize : 460
Solving...
Blb : 2 (clique : 33)
currentSize : 33 <-- 0.007526 s
currentSize : 37 <-- 0.007980 s
currentSize : 38 <-- 0.032712 s
currentSize : 40 <-- 4.199532 s
currentSize : 42 <-- 4.204634 s
currentSize : 44 <-- 4.205485 s
currentSize : 47 <-- 14.509457 s
currentSize : 48 <-- 14.509783 s
currentSize : 54 <-- 14.514904 s
currentSize : 56 <-- 14.515113 s

maxsize : 56
nodes : 4321687.000000
filtered : 30342304.000000
time : 22.750242
