Parameters: GAD=1 vflib=1 dir=0 label=1 lowerbound=1 fileNameGp=../../cp2016-max-common-connected-subgraph-paper/datasets/graphsdb/mcs70/bvg/b03/mcs70_b03_s100.A02 fileNameGt=../../cp2016-max-common-connected-subgraph-paper/datasets/graphsdb/mcs70/bvg/b03/mcs70_b03_s100.B02
Reading graphs...
100 :  150
100 :  150
Initializing...
maxdom : 6
D->valSize : 358
Solving...
Blb : 2 (clique : 42)
currentSize : 42 <-- 0.006299 s
currentSize : 56 <-- 0.006860 s
currentSize : 57 <-- 0.007836 s
currentSize : 58 <-- 0.067440 s
currentSize : 59 <-- 0.640300 s
currentSize : 60 <-- 0.640604 s
currentSize : 61 <-- 0.646277 s
currentSize : 63 <-- 3.920116 s
currentSize : 64 <-- 3.959599 s
currentSize : 66 <-- 3.982041 s
currentSize : 67 <-- 4.751364 s
currentSize : 70 <-- 7.177896 s
currentSize : 71 <-- 27.127108 s

maxsize : 71
nodes : 6996415.000000
filtered : 26870801.000000
time : 41.023682
