Parameters: GAD=1 vflib=1 dir=0 label=1 lowerbound=1 fileNameGp=../../cp2016-max-common-connected-subgraph-paper/datasets/graphsdb/mcs70/rand/r005/mcs70_r005_s90.A09 fileNameGt=../../cp2016-max-common-connected-subgraph-paper/datasets/graphsdb/mcs70/rand/r005/mcs70_r005_s90.B09
Reading graphs...
90 :  390
90 :  390
Initializing...
maxdom : 9
D->valSize : 531
Solving...
Blb : 2 (clique : 33)
currentSize : 33 <-- 0.005953 s
currentSize : 38 <-- 0.006625 s
currentSize : 39 <-- 0.008097 s
currentSize : 41 <-- 0.008529 s
currentSize : 44 <-- 0.008798 s
currentSize : 51 <-- 0.012563 s
currentSize : 56 <-- 0.015817 s
currentSize : 62 <-- 0.017700 s

maxsize : 62
nodes : 166508.000000
filtered : 1932675.000000
time : 1.094911
