Parameters: GAD=1 vflib=1 dir=0 label=1 lowerbound=1 fileNameGp=../../cp2016-max-common-connected-subgraph-paper/datasets/graphsdb/mcs70/bvg/b09/mcs70_b09_s50.A01 fileNameGt=../../cp2016-max-common-connected-subgraph-paper/datasets/graphsdb/mcs70/bvg/b09/mcs70_b09_s50.B01
Reading graphs...
50 :  221
50 :  223
Initializing...
maxdom : 9
D->valSize : 332
Solving...
Blb : 2 (clique : 12)
currentSize : 12 <-- 0.002184 s
currentSize : 13 <-- 0.002564 s
currentSize : 15 <-- 0.002625 s
currentSize : 16 <-- 0.003929 s
currentSize : 21 <-- 0.005480 s
currentSize : 22 <-- 0.041384 s
currentSize : 23 <-- 0.041411 s
currentSize : 24 <-- 0.041911 s
currentSize : 25 <-- 0.041952 s
currentSize : 34 <-- 0.042118 s

maxsize : 34
nodes : 9907.000000
filtered : 154590.000000
time : 0.048904
