Parameters: GAD=1 vflib=1 dir=0 label=1 lowerbound=1 fileNameGp=../../cp2016-max-common-connected-subgraph-paper/datasets/graphsdb/mcs70/bvg/b03m/mcs70_b03m_s80.A00 fileNameGt=../../cp2016-max-common-connected-subgraph-paper/datasets/graphsdb/mcs70/bvg/b03m/mcs70_b03m_s80.B00
Reading graphs...
80 :  119
80 :  119
Initializing...
maxdom : 9
D->valSize : 483
Solving...
Blb : 2 (clique : 38)
currentSize : 38 <-- 0.005205 s
currentSize : 39 <-- 0.024890 s
currentSize : 40 <-- 0.122664 s
currentSize : 41 <-- 0.122761 s
currentSize : 42 <-- 2.243177 s
currentSize : 43 <-- 15.429675 s
currentSize : 44 <-- 15.468444 s
currentSize : 45 <-- 18.948286 s
currentSize : 46 <-- 27.476719 s
currentSize : 47 <-- 100.985107 s
currentSize : 48 <-- 100.985168 s
currentSize : 49 <-- 117.783943 s
currentSize : 51 <-- 122.370987 s
currentSize : 52 <-- 217.299805 s
currentSize : 54 <-- 253.632141 s
currentSize : 55 <-- 278.480591 s
currentSize : 56 <-- 278.655365 s

maxsize : 56
nodes : 166150341.000000
filtered : 996481506.000000
time : 868.547363
