Parameters: GAD=1 vflib=1 dir=0 label=1 lowerbound=1 fileNameGp=../../cp2016-max-common-connected-subgraph-paper/datasets/graphsdb/mcs70/m3D/m3Dr2/mcs70_m3Dr2_s100.A07 fileNameGt=../../cp2016-max-common-connected-subgraph-paper/datasets/graphsdb/mcs70/m3D/m3Dr2/mcs70_m3Dr2_s100.B07
Reading graphs...
100 :  254
100 :  253
Initializing...
maxdom : 9
D->valSize : 375
Solving...
Blb : 2 (clique : 36)
currentSize : 36 <-- 0.003829 s
currentSize : 37 <-- 0.007776 s
currentSize : 40 <-- 0.011642 s
currentSize : 41 <-- 0.018938 s
currentSize : 42 <-- 58.045364 s
currentSize : 43 <-- 58.052395 s
currentSize : 44 <-- 298.765472 s
currentSize : 45 <-- 298.768799 s
currentSize : 46 <-- 298.776123 s
currentSize : 47 <-- 339.990204 s

TIMEOUT
maxsize : 47
nodes : 192484932.000000
filtered : 729913817.000000
time : 1000.000061
