Parameters: GAD=1 vflib=1 dir=0 label=1 lowerbound=1 fileNameGp=../../cp2016-max-common-connected-subgraph-paper/datasets/graphsdb/mcs70/m3D/m3Dr6/mcs70_m3Dr6_s100.A03 fileNameGt=../../cp2016-max-common-connected-subgraph-paper/datasets/graphsdb/mcs70/m3D/m3Dr6/mcs70_m3Dr6_s100.B03
Reading graphs...
100 :  293
100 :  293
Initializing...
maxdom : 8
D->valSize : 359
Solving...
Blb : 2 (clique : 48)
currentSize : 48 <-- 0.003757 s
currentSize : 51 <-- 0.004456 s
currentSize : 54 <-- 0.570449 s
currentSize : 56 <-- 10.083857 s
currentSize : 59 <-- 10.090863 s
currentSize : 60 <-- 10.098054 s
currentSize : 62 <-- 10.379536 s
currentSize : 63 <-- 10.388173 s

maxsize : 63
nodes : 7414909.000000
filtered : 24632341.000000
time : 36.404457
