Parameters: GAD=1 vflib=1 dir=0 label=1 lowerbound=1 fileNameGp=../../cp2016-max-common-connected-subgraph-paper/datasets/graphsdb/mcs70/bvg/b06/mcs70_b06_s70.A08 fileNameGt=../../cp2016-max-common-connected-subgraph-paper/datasets/graphsdb/mcs70/bvg/b06/mcs70_b06_s70.B08
Reading graphs...
70 :  210
70 :  210
Initializing...
maxdom : 9
D->valSize : 354
Solving...
Blb : 2 (clique : 30)
currentSize : 30 <-- 0.002977 s
currentSize : 32 <-- 0.003489 s
currentSize : 34 <-- 0.007102 s
currentSize : 35 <-- 0.012489 s
currentSize : 36 <-- 0.013362 s
currentSize : 37 <-- 0.013593 s
currentSize : 41 <-- 0.013869 s
currentSize : 46 <-- 0.024696 s
currentSize : 49 <-- 0.041476 s

maxsize : 49
nodes : 103448.000000
filtered : 777364.000000
time : 0.528628
