Parameters: GAD=1 vflib=1 dir=0 label=1 lowerbound=1 fileNameGp=../../cp2016-max-common-connected-subgraph-paper/datasets/graphsdb/mcs70/bvg/b03/mcs70_b03_s90.A04 fileNameGt=../../cp2016-max-common-connected-subgraph-paper/datasets/graphsdb/mcs70/bvg/b03/mcs70_b03_s90.B04
Reading graphs...
90 :  135
90 :  135
Initializing...
maxdom : 10
D->valSize : 577
Solving...
Blb : 2 (clique : 46)
currentSize : 46 <-- 0.006994 s
currentSize : 47 <-- 0.007513 s
currentSize : 48 <-- 0.007596 s
currentSize : 50 <-- 0.007773 s
currentSize : 51 <-- 0.007811 s
currentSize : 52 <-- 0.009341 s
currentSize : 54 <-- 0.014202 s
currentSize : 55 <-- 0.014476 s
currentSize : 56 <-- 4.754864 s
currentSize : 57 <-- 118.479683 s
currentSize : 58 <-- 118.479813 s
currentSize : 59 <-- 118.497833 s

TIMEOUT
maxsize : 59
nodes : 169784158.000000
filtered : 1257249298.000000
time : 1000.000122
