Parameters: GAD=1 vflib=1 dir=0 label=1 lowerbound=1 fileNameGp=../../cp2016-max-common-connected-subgraph-paper/datasets/graphsdb/mcs70/m2D/m2Dr4/mcs70_m2Dr4_s70.A00 fileNameGt=../../cp2016-max-common-connected-subgraph-paper/datasets/graphsdb/mcs70/m2D/m2Dr4/mcs70_m2Dr4_s70.B00
Reading graphs...
70 :  146
70 :  150
Initializing...
maxdom : 9
D->valSize : 368
Solving...
Blb : 2 (clique : 41)
currentSize : 41 <-- 0.005233 s
currentSize : 42 <-- 0.005648 s
currentSize : 43 <-- 0.069488 s
currentSize : 44 <-- 0.069590 s
currentSize : 47 <-- 0.075848 s
currentSize : 48 <-- 0.075944 s
currentSize : 49 <-- 1.295440 s

maxsize : 49
nodes : 439819.000000
filtered : 2501178.000000
time : 1.982139
