Parameters: GAD=1 vflib=1 dir=0 label=1 lowerbound=1 fileNameGp=../../cp2016-max-common-connected-subgraph-paper/datasets/graphsdb/mcs70/bvg/b09/mcs70_b09_s90.A03 fileNameGt=../../cp2016-max-common-connected-subgraph-paper/datasets/graphsdb/mcs70/bvg/b09/mcs70_b09_s90.B03
Reading graphs...
90 :  404
90 :  403
Initializing...
maxdom : 10
D->valSize : 552
Solving...
Blb : 2 (clique : 30)
currentSize : 30 <-- 0.009761 s
currentSize : 32 <-- 0.010114 s
currentSize : 38 <-- 0.010311 s
currentSize : 41 <-- 0.010499 s
currentSize : 45 <-- 0.019827 s
currentSize : 46 <-- 0.020269 s
currentSize : 47 <-- 0.020360 s
currentSize : 48 <-- 0.087606 s
currentSize : 49 <-- 0.088641 s
currentSize : 50 <-- 0.088815 s
currentSize : 51 <-- 0.089063 s
currentSize : 54 <-- 8.714567 s
currentSize : 58 <-- 8.714799 s
currentSize : 62 <-- 9.397829 s

maxsize : 62
nodes : 2962271.000000
filtered : 21072205.000000
time : 16.174162
