Parameters: GAD=1 vflib=1 dir=0 label=1 lowerbound=1 fileNameGp=../../cp2016-max-common-connected-subgraph-paper/datasets/graphsdb/mcs70/rand/r02/mcs70_r02_s90.A00 fileNameGt=../../cp2016-max-common-connected-subgraph-paper/datasets/graphsdb/mcs70/rand/r02/mcs70_r02_s90.B00
Reading graphs...
90 :  1435
90 :  1448
Initializing...
maxdom : 8
D->valSize : 556
Solving...
Blb : 2 (clique : 8)
currentSize : 8 <-- 0.005816 s
currentSize : 9 <-- 0.006458 s
currentSize : 10 <-- 0.007226 s
currentSize : 13 <-- 0.007951 s
currentSize : 16 <-- 0.008006 s
currentSize : 17 <-- 0.008100 s
currentSize : 20 <-- 0.015141 s
currentSize : 26 <-- 0.016722 s
currentSize : 27 <-- 0.016838 s
currentSize : 28 <-- 0.036616 s
currentSize : 29 <-- 0.037180 s
currentSize : 39 <-- 0.052125 s
currentSize : 40 <-- 0.058706 s
currentSize : 41 <-- 0.118828 s
currentSize : 42 <-- 0.130983 s
currentSize : 43 <-- 0.242838 s
currentSize : 44 <-- 0.708038 s
currentSize : 45 <-- 4.894199 s

maxsize : 45
nodes : 22022043.000000
filtered : 9235649.000000
time : 79.632011
