Parameters: GAD=1 vflib=1 dir=0 label=1 lowerbound=1 fileNameGp=../../cp2016-max-common-connected-subgraph-paper/datasets/graphsdb/mcs70/m3D/m3Dr6/mcs70_m3Dr6_s100.A09 fileNameGt=../../cp2016-max-common-connected-subgraph-paper/datasets/graphsdb/mcs70/m3D/m3Dr6/mcs70_m3Dr6_s100.B09
Reading graphs...
100 :  293
100 :  291
Initializing...
maxdom : 7
D->valSize : 389
Solving...
Blb : 3 (clique : 51)
currentSize : 51 <-- 0.006713 s
currentSize : 52 <-- 21.347485 s
currentSize : 54 <-- 26.729330 s
currentSize : 55 <-- 26.740602 s
currentSize : 56 <-- 211.863281 s
currentSize : 58 <-- 211.986099 s
currentSize : 59 <-- 213.042953 s
currentSize : 61 <-- 213.043152 s
currentSize : 63 <-- 213.343643 s

maxsize : 63
nodes : 58889980.000000
filtered : 227560261.000000
time : 302.711670
