Parameters: GAD=1 vflib=1 dir=0 label=1 lowerbound=1 fileNameGp=../../cp2016-max-common-connected-subgraph-paper/datasets/graphsdb/mcs70/m2D/m2Dr2/mcs70_m2Dr2_s70.A05 fileNameGt=../../cp2016-max-common-connected-subgraph-paper/datasets/graphsdb/mcs70/m2D/m2Dr2/mcs70_m2Dr2_s70.B05
Reading graphs...
70 :  136
70 :  135
Initializing...
maxdom : 8
D->valSize : 342
Solving...
Blb : 2 (clique : 32)
currentSize : 32 <-- 0.002944 s
currentSize : 33 <-- 0.003140 s
currentSize : 34 <-- 0.003268 s
currentSize : 36 <-- 0.003539 s
currentSize : 37 <-- 0.012737 s
currentSize : 39 <-- 0.012857 s
currentSize : 40 <-- 0.023522 s
currentSize : 42 <-- 0.084089 s
currentSize : 43 <-- 0.084284 s
currentSize : 45 <-- 0.470551 s
currentSize : 47 <-- 0.470900 s
currentSize : 48 <-- 0.470985 s
currentSize : 49 <-- 1.108783 s

maxsize : 49
nodes : 448196.000000
filtered : 1886988.000000
time : 1.947436
