Parameters: GAD=1 vflib=1 dir=0 label=1 lowerbound=1 fileNameGp=../../cp2016-max-common-connected-subgraph-paper/datasets/graphsdb/mcs70/m2D/m2Dr2/mcs70_m2Dr2_s40.A05 fileNameGt=../../cp2016-max-common-connected-subgraph-paper/datasets/graphsdb/mcs70/m2D/m2Dr2/mcs70_m2Dr2_s40.B05
Reading graphs...
40 :  74
40 :  74
Initializing...
maxdom : 11
D->valSize : 225
Solving...
Blb : 5 (clique : 17)
currentSize : 17 <-- 0.001246 s
currentSize : 18 <-- 0.011697 s
currentSize : 19 <-- 0.011721 s
currentSize : 20 <-- 0.119218 s
currentSize : 21 <-- 0.212406 s
currentSize : 22 <-- 0.254968 s
currentSize : 23 <-- 0.254999 s
currentSize : 24 <-- 0.574230 s
currentSize : 26 <-- 0.574279 s

maxsize : 26
nodes : 174148.000000
filtered : 1629563.000000
time : 0.609859
