Parameters: GAD=1 vflib=1 dir=0 label=1 lowerbound=1 fileNameGp=../../cp2016-max-common-connected-subgraph-paper/datasets/graphsdb/mcs70/rand/r02/mcs70_r02_s80.A00 fileNameGt=../../cp2016-max-common-connected-subgraph-paper/datasets/graphsdb/mcs70/rand/r02/mcs70_r02_s80.B00
Reading graphs...
80 :  1122
80 :  1135
Initializing...
maxdom : 10
D->valSize : 489
Solving...
Blb : 5 (clique : 9)
currentSize : 9 <-- 0.007055 s
currentSize : 10 <-- 0.007375 s
currentSize : 11 <-- 0.011459 s
currentSize : 24 <-- 0.013851 s
currentSize : 35 <-- 0.057258 s
currentSize : 36 <-- 0.068654 s
currentSize : 37 <-- 17.323883 s
currentSize : 38 <-- 17.335760 s

maxsize : 38
nodes : 54340654.000000
filtered : 14178709.000000
time : 175.972839
