Parameters: GAD=1 vflib=1 dir=0 label=1 lowerbound=1 fileNameGp=../../cp2016-max-common-connected-subgraph-paper/datasets/graphsdb/mcs70/bvg/b03m/mcs70_b03m_s100.A03 fileNameGt=../../cp2016-max-common-connected-subgraph-paper/datasets/graphsdb/mcs70/bvg/b03m/mcs70_b03m_s100.B03
Reading graphs...
100 :  150
100 :  150
Initializing...
maxdom : 7
D->valSize : 390
Solving...
Blb : 2 (clique : 56)
currentSize : 56 <-- 0.006956 s
currentSize : 57 <-- 0.007551 s
currentSize : 58 <-- 0.007645 s
currentSize : 60 <-- 0.049676 s
currentSize : 62 <-- 2.957010 s
currentSize : 63 <-- 2.957364 s

TIMEOUT
maxsize : 63
nodes : 238310999.000000
filtered : 359811902.000000
time : 1000.000122
