Parameters: GAD=1 vflib=1 dir=0 label=1 lowerbound=1 fileNameGp=../../cp2016-max-common-connected-subgraph-paper/datasets/graphsdb/mcs70/m2D/m2Dr2/mcs70_m2Dr2_s60.A03 fileNameGt=../../cp2016-max-common-connected-subgraph-paper/datasets/graphsdb/mcs70/m2D/m2Dr2/mcs70_m2Dr2_s60.B03
Reading graphs...
60 :  115
60 :  116
Initializing...
maxdom : 8
D->valSize : 234
Solving...
Blb : 3 (clique : 24)
currentSize : 24 <-- 0.001659 s
currentSize : 25 <-- 0.010032 s
currentSize : 26 <-- 0.011055 s
currentSize : 27 <-- 0.011108 s
currentSize : 28 <-- 0.026462 s
currentSize : 29 <-- 0.060502 s
currentSize : 31 <-- 0.060564 s
currentSize : 32 <-- 1.392738 s
currentSize : 33 <-- 1.394457 s
currentSize : 34 <-- 1.394821 s
currentSize : 35 <-- 2.859242 s
currentSize : 36 <-- 2.859485 s
currentSize : 37 <-- 2.880041 s
currentSize : 38 <-- 2.928361 s

maxsize : 38
nodes : 929364.000000
filtered : 4532833.000000
time : 3.575064
