Parameters: GAD=1 vflib=1 dir=0 label=1 lowerbound=1 fileNameGp=../../cp2016-max-common-connected-subgraph-paper/datasets/graphsdb/mcs70/bvg/b03/mcs70_b03_s70.A07 fileNameGt=../../cp2016-max-common-connected-subgraph-paper/datasets/graphsdb/mcs70/bvg/b03/mcs70_b03_s70.B07
Reading graphs...
70 :  105
70 :  104
Initializing...
maxdom : 8
D->valSize : 361
Solving...
Blb : 2 (clique : 31)
currentSize : 31 <-- 0.003149 s
currentSize : 32 <-- 0.003455 s
currentSize : 33 <-- 0.003576 s
currentSize : 34 <-- 0.007478 s
currentSize : 35 <-- 0.017639 s
currentSize : 36 <-- 0.762057 s
currentSize : 37 <-- 0.762266 s
currentSize : 38 <-- 4.632714 s
currentSize : 39 <-- 6.790756 s
currentSize : 40 <-- 6.797352 s
currentSize : 41 <-- 27.999519 s
currentSize : 42 <-- 28.003452 s
currentSize : 43 <-- 111.202705 s
currentSize : 44 <-- 268.762848 s
currentSize : 46 <-- 282.879425 s
currentSize : 47 <-- 282.879517 s
currentSize : 48 <-- 355.245331 s

maxsize : 48
nodes : 92692584.000000
filtered : 514854435.000000
time : 424.638397
