Parameters: GAD=1 vflib=1 dir=0 label=1 lowerbound=1 fileNameGp=../../cp2016-max-common-connected-subgraph-paper/datasets/graphsdb/mcs70/bvg/b06m/mcs70_b06m_s100.A06 fileNameGt=../../cp2016-max-common-connected-subgraph-paper/datasets/graphsdb/mcs70/bvg/b06m/mcs70_b06m_s100.B06
Reading graphs...
100 :  299
100 :  298
Initializing...
maxdom : 7
D->valSize : 371
Solving...
Blb : 3 (clique : 43)
currentSize : 43 <-- 0.006304 s
currentSize : 44 <-- 0.006873 s
currentSize : 46 <-- 0.007957 s
currentSize : 47 <-- 0.015342 s
currentSize : 49 <-- 0.023810 s
currentSize : 51 <-- 0.032814 s
currentSize : 54 <-- 0.067848 s
currentSize : 55 <-- 0.079461 s
currentSize : 56 <-- 0.115506 s
currentSize : 58 <-- 0.135225 s
currentSize : 59 <-- 0.925901 s
currentSize : 60 <-- 0.926015 s
currentSize : 61 <-- 4.074664 s
currentSize : 62 <-- 4.087086 s
currentSize : 63 <-- 4.128268 s
currentSize : 64 <-- 4.143785 s
currentSize : 65 <-- 4.143912 s
currentSize : 66 <-- 15.522982 s
currentSize : 67 <-- 15.523119 s
currentSize : 69 <-- 37.444530 s
currentSize : 70 <-- 37.444675 s

maxsize : 70
nodes : 9955689.000000
filtered : 44706522.000000
time : 53.453369
