Parameters: GAD=1 vflib=1 dir=0 label=1 lowerbound=1 fileNameGp=../../cp2016-max-common-connected-subgraph-paper/datasets/graphsdb/mcs70/bvg/b03m/mcs70_b03m_s70.A01 fileNameGt=../../cp2016-max-common-connected-subgraph-paper/datasets/graphsdb/mcs70/bvg/b03m/mcs70_b03m_s70.B01
Reading graphs...
70 :  104
70 :  104
Initializing...
maxdom : 8
D->valSize : 338
Solving...
Blb : 2 (clique : 36)
currentSize : 36 <-- 0.002849 s
currentSize : 37 <-- 1.544358 s
currentSize : 38 <-- 3.064648 s
currentSize : 39 <-- 6.616191 s
currentSize : 41 <-- 6.616380 s
currentSize : 42 <-- 8.471563 s
currentSize : 43 <-- 8.492033 s
currentSize : 44 <-- 16.869761 s
currentSize : 45 <-- 33.004299 s
currentSize : 46 <-- 34.765717 s
currentSize : 47 <-- 41.251343 s
currentSize : 48 <-- 48.234554 s

maxsize : 48
nodes : 13184604.000000
filtered : 62245049.000000
time : 56.990929
