Parameters: GAD=1 vflib=1 dir=0 label=1 lowerbound=1 fileNameGp=../../cp2016-max-common-connected-subgraph-paper/datasets/graphsdb/mcs70/bvg/b06/mcs70_b06_s50.A03 fileNameGt=../../cp2016-max-common-connected-subgraph-paper/datasets/graphsdb/mcs70/bvg/b06/mcs70_b06_s50.B03
Reading graphs...
50 :  150
50 :  149
Initializing...
maxdom : 9
D->valSize : 335
Solving...
Blb : 2 (clique : 16)
currentSize : 16 <-- 0.003851 s
currentSize : 17 <-- 0.004990 s
currentSize : 18 <-- 0.021513 s
currentSize : 19 <-- 0.033145 s
currentSize : 20 <-- 0.191792 s
currentSize : 21 <-- 0.204096 s
currentSize : 22 <-- 0.447326 s
currentSize : 23 <-- 0.485910 s
currentSize : 24 <-- 0.486027 s
currentSize : 31 <-- 0.677637 s
currentSize : 33 <-- 0.677694 s
currentSize : 35 <-- 0.677893 s

maxsize : 35
nodes : 184399.000000
filtered : 1829647.000000
time : 0.750344
