Parameters: GAD=1 vflib=1 dir=0 label=1 lowerbound=1 fileNameGp=../../cp2016-max-common-connected-subgraph-paper/datasets/graphsdb/mcs70/rand/r02/mcs70_r02_s80.A06 fileNameGt=../../cp2016-max-common-connected-subgraph-paper/datasets/graphsdb/mcs70/rand/r02/mcs70_r02_s80.B06
Reading graphs...
80 :  1147
80 :  1141
Initializing...
maxdom : 9
D->valSize : 461
Solving...
Blb : 5 (clique : 8)
currentSize : 8 <-- 0.004079 s
currentSize : 12 <-- 0.005198 s
currentSize : 14 <-- 0.008920 s
currentSize : 15 <-- 0.010203 s
currentSize : 16 <-- 0.010314 s
currentSize : 22 <-- 0.011852 s
currentSize : 24 <-- 0.016246 s
currentSize : 27 <-- 0.021912 s
currentSize : 41 <-- 0.037398 s
currentSize : 42 <-- 0.037529 s
currentSize : 43 <-- 0.038882 s

maxsize : 43
nodes : 236993.000000
filtered : 359706.000000
time : 0.903573
