Parameters: GAD=1 vflib=1 dir=0 label=1 lowerbound=1 fileNameGp=../../cp2016-max-common-connected-subgraph-paper/datasets/graphsdb/mcs70/m2D/m2Dr6/mcs70_m2Dr6_s50.A00 fileNameGt=../../cp2016-max-common-connected-subgraph-paper/datasets/graphsdb/mcs70/m2D/m2Dr6/mcs70_m2Dr6_s50.B00
Reading graphs...
50 :  114
50 :  111
Initializing...
maxdom : 9
D->valSize : 323
Solving...
Blb : 2 (clique : 23)
currentSize : 23 <-- 0.002285 s
currentSize : 26 <-- 0.002885 s
currentSize : 28 <-- 0.007388 s
currentSize : 30 <-- 0.215480 s
currentSize : 32 <-- 0.215688 s
currentSize : 34 <-- 0.483647 s
currentSize : 35 <-- 0.483755 s

maxsize : 35
nodes : 123217.000000
filtered : 1921210.000000
time : 0.591068
