Parameters: GAD=1 vflib=1 dir=0 label=1 lowerbound=1 fileNameGp=../../cp2016-max-common-connected-subgraph-paper/datasets/graphsdb/mcs70/m2D/m2Dr4/mcs70_m2Dr4_s100.A06 fileNameGt=../../cp2016-max-common-connected-subgraph-paper/datasets/graphsdb/mcs70/m2D/m2Dr4/mcs70_m2Dr4_s100.B06
Reading graphs...
100 :  219
100 :  218
Initializing...
maxdom : 6
D->valSize : 363
Solving...
Blb : 2 (clique : 52)
currentSize : 52 <-- 0.006118 s
currentSize : 53 <-- 0.006665 s
currentSize : 56 <-- 0.007080 s
currentSize : 59 <-- 0.015544 s
currentSize : 60 <-- 0.015825 s
currentSize : 61 <-- 250.034637 s
currentSize : 62 <-- 250.078156 s
currentSize : 63 <-- 250.850815 s
currentSize : 64 <-- 818.911743 s

TIMEOUT
maxsize : 64
nodes : 185384222.000000
filtered : 711673999.000000
time : 1000.000183
