Parameters: GAD=1 vflib=1 dir=0 label=1 lowerbound=1 fileNameGp=../../cp2016-max-common-connected-subgraph-paper/datasets/graphsdb/mcs70/m2D/m2D/mcs70_m2D_s70.A05 fileNameGt=../../cp2016-max-common-connected-subgraph-paper/datasets/graphsdb/mcs70/m2D/m2D/mcs70_m2D_s70.B05
Reading graphs...
70 :  122
70 :  123
Initializing...
maxdom : 9
D->valSize : 375
Solving...
Blb : 2 (clique : 37)
currentSize : 37 <-- 0.003421 s
currentSize : 38 <-- 0.003898 s
currentSize : 39 <-- 0.003956 s
currentSize : 40 <-- 0.007637 s
currentSize : 41 <-- 0.007711 s
currentSize : 42 <-- 0.010200 s
currentSize : 43 <-- 0.010312 s
currentSize : 44 <-- 0.023505 s
currentSize : 45 <-- 0.023583 s
currentSize : 46 <-- 0.031366 s
currentSize : 47 <-- 0.031449 s
currentSize : 48 <-- 3.249858 s
currentSize : 49 <-- 3.249949 s

maxsize : 49
nodes : 1222446.000000
filtered : 6980586.000000
time : 5.525456
