Parameters: GAD=1 vflib=1 dir=0 label=1 lowerbound=1 fileNameGp=../../cp2016-max-common-connected-subgraph-paper/datasets/graphsdb/mcs70/m3D/m3Dr6/mcs70_m3Dr6_s40.A03 fileNameGt=../../cp2016-max-common-connected-subgraph-paper/datasets/graphsdb/mcs70/m3D/m3Dr6/mcs70_m3Dr6_s40.B03
Reading graphs...
40 :  106
40 :  101
Initializing...
maxdom : 8
D->valSize : 214
Solving...
Blb : 2 (clique : 13)
currentSize : 13 <-- 0.001289 s
currentSize : 14 <-- 0.001389 s
currentSize : 15 <-- 0.001556 s
currentSize : 16 <-- 0.009830 s
currentSize : 17 <-- 0.010024 s
currentSize : 18 <-- 0.026897 s
currentSize : 19 <-- 0.095651 s
currentSize : 21 <-- 0.124709 s
currentSize : 22 <-- 0.131685 s
currentSize : 23 <-- 0.135531 s
currentSize : 24 <-- 0.140648 s
currentSize : 25 <-- 0.142430 s
currentSize : 26 <-- 0.143317 s
currentSize : 27 <-- 0.149671 s

maxsize : 27
nodes : 47734.000000
filtered : 334595.000000
time : 0.159936
