Parameters: GAD=1 vflib=1 dir=0 label=1 lowerbound=1 fileNameGp=../../cp2016-max-common-connected-subgraph-paper/datasets/graphsdb/mcs70/bvg/b06/mcs70_b06_s60.A03 fileNameGt=../../cp2016-max-common-connected-subgraph-paper/datasets/graphsdb/mcs70/bvg/b06/mcs70_b06_s60.B03
Reading graphs...
60 :  179
60 :  180
Initializing...
maxdom : 7
D->valSize : 270
Solving...
Blb : 2 (clique : 24)
currentSize : 24 <-- 0.002945 s
currentSize : 25 <-- 0.004174 s
currentSize : 26 <-- 0.109843 s
currentSize : 28 <-- 0.110079 s
currentSize : 29 <-- 0.118318 s
currentSize : 30 <-- 0.120384 s
currentSize : 32 <-- 0.268227 s
currentSize : 34 <-- 0.683683 s
currentSize : 36 <-- 0.703155 s
currentSize : 38 <-- 0.703694 s
currentSize : 41 <-- 0.707447 s
currentSize : 42 <-- 0.897671 s

maxsize : 42
nodes : 248308.000000
filtered : 1230544.000000
time : 1.022888
