Parameters: GAD=1 vflib=1 dir=0 label=1 lowerbound=1 fileNameGp=../../cp2016-max-common-connected-subgraph-paper/datasets/graphsdb/mcs70/m2D/m2D/mcs70_m2D_s60.A08 fileNameGt=../../cp2016-max-common-connected-subgraph-paper/datasets/graphsdb/mcs70/m2D/m2D/mcs70_m2D_s60.B08
Reading graphs...
60 :  104
60 :  104
Initializing...
maxdom : 10
D->valSize : 294
Solving...
Blb : 2 (clique : 25)
currentSize : 25 <-- 0.002199 s
currentSize : 26 <-- 0.005455 s
currentSize : 27 <-- 0.010462 s
currentSize : 28 <-- 0.037479 s
currentSize : 29 <-- 0.051521 s
currentSize : 30 <-- 0.332237 s
currentSize : 31 <-- 0.334571 s
currentSize : 32 <-- 0.335558 s
currentSize : 33 <-- 9.200266 s
currentSize : 34 <-- 9.207112 s
currentSize : 35 <-- 9.243701 s
currentSize : 36 <-- 9.243778 s

maxsize : 36
nodes : 4115445.000000
filtered : 25577053.000000
time : 16.673180
