Parameters: GAD=1 vflib=1 dir=0 label=1 lowerbound=1 fileNameGp=../../cp2016-max-common-connected-subgraph-paper/datasets/graphsdb/mcs70/bvg/b06m/mcs70_b06m_s70.A05 fileNameGt=../../cp2016-max-common-connected-subgraph-paper/datasets/graphsdb/mcs70/bvg/b06m/mcs70_b06m_s70.B05
Reading graphs...
70 :  206
70 :  205
Initializing...
maxdom : 7
D->valSize : 331
Solving...
Blb : 3 (clique : 37)
currentSize : 37 <-- 0.002654 s
currentSize : 38 <-- 0.397546 s
currentSize : 39 <-- 4.639835 s
currentSize : 41 <-- 8.582041 s
currentSize : 42 <-- 8.582123 s
currentSize : 43 <-- 8.582503 s
currentSize : 44 <-- 8.593989 s
currentSize : 45 <-- 8.618463 s
currentSize : 46 <-- 8.618523 s
currentSize : 47 <-- 8.618943 s

maxsize : 47
nodes : 4515914.000000
filtered : 17815730.000000
time : 18.038788
