Parameters: GAD=1 vflib=1 dir=0 label=1 lowerbound=1 fileNameGp=../../cp2016-max-common-connected-subgraph-paper/datasets/graphsdb/mcs70/rand/r005/mcs70_r005_s70.A08 fileNameGt=../../cp2016-max-common-connected-subgraph-paper/datasets/graphsdb/mcs70/rand/r005/mcs70_r005_s70.B08
Reading graphs...
70 :  234
70 :  230
Initializing...
maxdom : 10
D->valSize : 352
Solving...
Blb : 2 (clique : 22)
currentSize : 22 <-- 0.002868 s
currentSize : 23 <-- 0.018878 s
currentSize : 24 <-- 0.072627 s
currentSize : 25 <-- 0.079699 s
currentSize : 26 <-- 0.079771 s
currentSize : 28 <-- 0.117117 s
currentSize : 30 <-- 0.205284 s
currentSize : 31 <-- 0.205391 s
currentSize : 33 <-- 0.225974 s
currentSize : 34 <-- 0.266220 s
currentSize : 36 <-- 0.336271 s
currentSize : 37 <-- 0.336847 s
currentSize : 38 <-- 0.483635 s
currentSize : 39 <-- 0.664200 s
currentSize : 44 <-- 0.817833 s
currentSize : 45 <-- 0.817930 s
currentSize : 47 <-- 0.818051 s

maxsize : 47
nodes : 246736.000000
filtered : 1524671.000000
time : 1.099066
