Parameters: GAD=1 vflib=1 dir=0 label=1 lowerbound=1 fileNameGp=../../cp2016-max-common-connected-subgraph-paper/datasets/graphsdb/mcs70/m3D/m3Dr2/mcs70_m3Dr2_s90.A07 fileNameGt=../../cp2016-max-common-connected-subgraph-paper/datasets/graphsdb/mcs70/m3D/m3Dr2/mcs70_m3Dr2_s90.B07
Reading graphs...
90 :  227
90 :  226
Initializing...
maxdom : 10
D->valSize : 545
Solving...
Blb : 2 (clique : 51)
currentSize : 51 <-- 0.006485 s
currentSize : 52 <-- 0.006858 s
currentSize : 53 <-- 0.006986 s
currentSize : 54 <-- 0.009189 s
currentSize : 55 <-- 0.057783 s
currentSize : 56 <-- 0.059881 s
currentSize : 57 <-- 0.060070 s
currentSize : 58 <-- 0.158368 s
currentSize : 59 <-- 0.176137 s
currentSize : 60 <-- 0.176344 s
currentSize : 62 <-- 100.834961 s
currentSize : 63 <-- 100.835213 s
currentSize : 64 <-- 100.835342 s

maxsize : 64
nodes : 32740762.000000
filtered : 166409730.000000
time : 165.949692
