Parameters: GAD=1 vflib=1 dir=0 label=1 lowerbound=1 fileNameGp=../../cp2016-max-common-connected-subgraph-paper/datasets/graphsdb/mcs70/bvg/b03/mcs70_b03_s100.A08 fileNameGt=../../cp2016-max-common-connected-subgraph-paper/datasets/graphsdb/mcs70/bvg/b03/mcs70_b03_s100.B08
Reading graphs...
100 :  150
100 :  150
Initializing...
maxdom : 8
D->valSize : 377
Solving...
Blb : 2 (clique : 47)
currentSize : 47 <-- 0.006750 s
currentSize : 48 <-- 0.007765 s
currentSize : 49 <-- 0.008736 s
currentSize : 50 <-- 0.013759 s
currentSize : 51 <-- 0.173897 s
currentSize : 52 <-- 5.021711 s
currentSize : 53 <-- 5.408426 s
currentSize : 54 <-- 56.574280 s
currentSize : 55 <-- 56.574390 s
currentSize : 56 <-- 118.438736 s
currentSize : 57 <-- 118.440971 s
currentSize : 58 <-- 246.977921 s
currentSize : 59 <-- 246.979187 s
currentSize : 60 <-- 390.521484 s
currentSize : 61 <-- 394.777771 s
currentSize : 62 <-- 394.779022 s
currentSize : 63 <-- 584.153564 s
currentSize : 64 <-- 674.471130 s
currentSize : 65 <-- 678.866028 s
currentSize : 66 <-- 678.866577 s

TIMEOUT
maxsize : 66
nodes : 227664486.000000
filtered : 585592868.000000
time : 1000.000122
