Parameters: GAD=1 vflib=1 dir=0 label=1 lowerbound=1 fileNameGp=../../cp2016-max-common-connected-subgraph-paper/datasets/graphsdb/mcs70/m2D/m2Dr2/mcs70_m2Dr2_s80.A09 fileNameGt=../../cp2016-max-common-connected-subgraph-paper/datasets/graphsdb/mcs70/m2D/m2Dr2/mcs70_m2Dr2_s80.B09
Reading graphs...
80 :  158
80 :  158
Initializing...
maxdom : 8
D->valSize : 424
Solving...
Blb : 2 (clique : 30)
currentSize : 30 <-- 0.004189 s
currentSize : 31 <-- 0.187942 s
currentSize : 32 <-- 0.188012 s
currentSize : 33 <-- 0.191361 s
currentSize : 34 <-- 0.191445 s
currentSize : 35 <-- 0.191628 s
currentSize : 36 <-- 0.192339 s
currentSize : 38 <-- 5.825213 s
currentSize : 39 <-- 5.825305 s
currentSize : 40 <-- 5.847727 s
currentSize : 41 <-- 28.649019 s
currentSize : 42 <-- 67.408783 s
currentSize : 43 <-- 86.657043 s
currentSize : 44 <-- 86.671837 s
currentSize : 46 <-- 93.541229 s
currentSize : 47 <-- 93.543747 s
currentSize : 48 <-- 109.747551 s
currentSize : 49 <-- 136.366730 s

maxsize : 49
nodes : 29539025.000000
filtered : 177716487.000000
time : 146.801697
