Parameters: GAD=1 vflib=1 dir=0 label=1 lowerbound=1 fileNameGp=../../cp2016-max-common-connected-subgraph-paper/datasets/graphsdb/mcs90/bvg/b03/mcs90_b03_s70.A03 fileNameGt=../../cp2016-max-common-connected-subgraph-paper/datasets/graphsdb/mcs90/bvg/b03/mcs90_b03_s70.B03
Reading graphs...
70 :  105
70 :  105
Initializing...
maxdom : 10
D->valSize : 392
Solving...
Blb : 2 (clique : 45)
currentSize : 45 <-- 0.003686 s
currentSize : 48 <-- 0.003960 s
currentSize : 49 <-- 0.004052 s
currentSize : 52 <-- 0.004283 s
currentSize : 54 <-- 0.005163 s
currentSize : 55 <-- 0.011959 s
currentSize : 58 <-- 0.013247 s
currentSize : 62 <-- 0.017939 s

maxsize : 62
nodes : 5746.000000
filtered : 13676.000000
time : 0.021616
