Parameters: GAD=1 vflib=1 dir=0 label=1 lowerbound=1 fileNameGp=../../cp2016-max-common-connected-subgraph-paper/datasets/graphsdb/mcs90/m2D/m2Dr2/mcs90_m2Dr2_s80.A08 fileNameGt=../../cp2016-max-common-connected-subgraph-paper/datasets/graphsdb/mcs90/m2D/m2Dr2/mcs90_m2Dr2_s80.B08
Reading graphs...
80 :  157
80 :  156
Initializing...
maxdom : 12
D->valSize : 545
Solving...
Blb : 2 (clique : 39)
currentSize : 39 <-- 0.006018 s
currentSize : 40 <-- 0.341527 s
currentSize : 42 <-- 0.341744 s
currentSize : 43 <-- 0.341837 s
currentSize : 45 <-- 0.549255 s
currentSize : 48 <-- 1.577614 s
currentSize : 51 <-- 3.853020 s
currentSize : 52 <-- 4.217609 s
currentSize : 57 <-- 5.573203 s
currentSize : 58 <-- 6.973782 s
currentSize : 59 <-- 7.012609 s
currentSize : 63 <-- 7.012847 s

maxsize : 63
nodes : 1752187.000000
filtered : 14889223.000000
time : 9.831412
