Parameters: GAD=1 vflib=1 dir=0 label=1 lowerbound=1 fileNameGp=../../cp2016-max-common-connected-subgraph-paper/datasets/graphsdb/mcs90/bvg/b03/mcs90_b03_s40.A02 fileNameGt=../../cp2016-max-common-connected-subgraph-paper/datasets/graphsdb/mcs90/bvg/b03/mcs90_b03_s40.B02
Reading graphs...
40 :  60
40 :  60
Initializing...
maxdom : 8
D->valSize : 230
Solving...
Blb : 2 (clique : 16)
currentSize : 16 <-- 0.001509 s
currentSize : 17 <-- 0.014059 s
currentSize : 18 <-- 0.057181 s
currentSize : 19 <-- 0.057263 s
currentSize : 21 <-- 0.062542 s
currentSize : 23 <-- 0.074930 s
currentSize : 25 <-- 0.074969 s
currentSize : 27 <-- 0.078136 s
currentSize : 29 <-- 0.078256 s
currentSize : 30 <-- 0.078281 s
currentSize : 31 <-- 0.078477 s
currentSize : 36 <-- 0.078840 s

maxsize : 36
nodes : 28513.000000
filtered : 153007.000000
time : 0.078996
