Parameters: GAD=1 vflib=1 dir=0 label=1 lowerbound=1 fileNameGp=../../cp2016-max-common-connected-subgraph-paper/datasets/graphsdb/mcs90/m2D/m2Dr6/mcs90_m2Dr6_s80.A00 fileNameGt=../../cp2016-max-common-connected-subgraph-paper/datasets/graphsdb/mcs90/m2D/m2Dr6/mcs90_m2Dr6_s80.B00
Reading graphs...
80 :  189
80 :  189
Initializing...
maxdom : 10
D->valSize : 443
Solving...
Blb : 2 (clique : 45)
currentSize : 45 <-- 0.004411 s
currentSize : 46 <-- 0.004710 s
currentSize : 49 <-- 0.004851 s
currentSize : 51 <-- 0.004983 s
currentSize : 52 <-- 0.005148 s
currentSize : 54 <-- 0.035855 s
currentSize : 55 <-- 0.036021 s
currentSize : 56 <-- 0.036183 s
currentSize : 57 <-- 0.037705 s
currentSize : 58 <-- 0.799098 s
currentSize : 59 <-- 0.801962 s
currentSize : 60 <-- 0.825990 s
currentSize : 62 <-- 0.826186 s
currentSize : 64 <-- 0.828039 s

maxsize : 64
nodes : 200810.000000
filtered : 1156893.000000
time : 1.010251
