Parameters: GAD=1 vflib=1 dir=0 label=1 lowerbound=1 fileNameGp=../../cp2016-max-common-connected-subgraph-paper/datasets/graphsdb/mcs90/m3D/m3Dr4/mcs90_m3Dr4_s80.A06 fileNameGt=../../cp2016-max-common-connected-subgraph-paper/datasets/graphsdb/mcs90/m3D/m3Dr4/mcs90_m3Dr4_s80.B06
Reading graphs...
80 :  215
80 :  215
Initializing...
maxdom : 9
D->valSize : 452
Solving...
Blb : 2 (clique : 34)
currentSize : 34 <-- 0.004500 s
currentSize : 35 <-- 0.085691 s
currentSize : 37 <-- 0.404152 s
currentSize : 39 <-- 0.684534 s
currentSize : 40 <-- 1.064731 s
currentSize : 43 <-- 1.064856 s
currentSize : 44 <-- 1.834972 s
currentSize : 47 <-- 1.837073 s
currentSize : 48 <-- 1.837460 s
currentSize : 49 <-- 2.807379 s
currentSize : 52 <-- 2.810975 s
currentSize : 53 <-- 2.811433 s
currentSize : 57 <-- 7.869291 s
currentSize : 58 <-- 7.869468 s
currentSize : 63 <-- 7.884370 s
currentSize : 64 <-- 7.884572 s

maxsize : 64
nodes : 2191648.000000
filtered : 8524566.000000
time : 8.954796
