Parameters: GAD=1 vflib=1 dir=0 label=1 lowerbound=1 fileNameGp=../../cp2016-max-common-connected-subgraph-paper/datasets/graphsdb/mcs90/rand/r02/mcs90_r02_s100.A08 fileNameGt=../../cp2016-max-common-connected-subgraph-paper/datasets/graphsdb/mcs90/rand/r02/mcs90_r02_s100.B08
Reading graphs...
100 :  1784
100 :  1776
Initializing...
maxdom : 7
D->valSize : 398
Solving...
Blb : 3 (clique : 49)
currentSize : 49 <-- 0.006405 s
currentSize : 51 <-- 0.012440 s
currentSize : 52 <-- 0.015610 s
currentSize : 53 <-- 0.085142 s
currentSize : 54 <-- 9.011743 s
currentSize : 55 <-- 31.173336 s
currentSize : 56 <-- 202.383438 s
currentSize : 57 <-- 621.602600 s

TIMEOUT
maxsize : 57
nodes : 250460983.000000
filtered : 93180231.000000
time : 1000.000061
