Parameters: GAD=1 vflib=1 dir=0 label=1 lowerbound=1 fileNameGp=../../cp2016-max-common-connected-subgraph-paper/datasets/graphsdb/mcs90/m4D/m4D/mcs90_m4D_s100.A06 fileNameGt=../../cp2016-max-common-connected-subgraph-paper/datasets/graphsdb/mcs90/m4D/m4D/mcs90_m4D_s100.B06
Reading graphs...
100 :  218
100 :  219
Initializing...
maxdom : 8
D->valSize : 372
Solving...
Blb : 3 (clique : 74)
currentSize : 74 <-- 0.004167 s
currentSize : 75 <-- 0.006843 s
currentSize : 76 <-- 0.007445 s
currentSize : 77 <-- 0.163674 s
currentSize : 79 <-- 0.163885 s
currentSize : 80 <-- 0.164792 s

maxsize : 80
nodes : 2180522.000000
filtered : 7083074.000000
time : 10.382413
