Parameters: GAD=1 vflib=1 dir=0 label=1 lowerbound=1 fileNameGp=../../cp2016-max-common-connected-subgraph-paper/datasets/graphsdb/mcs90/bvg/b03m/mcs90_b03m_s70.A04 fileNameGt=../../cp2016-max-common-connected-subgraph-paper/datasets/graphsdb/mcs90/bvg/b03m/mcs90_b03m_s70.B04
Reading graphs...
70 :  105
70 :  105
Initializing...
maxdom : 10
D->valSize : 402
Solving...
Blb : 2 (clique : 53)
currentSize : 53 <-- 0.006310 s
currentSize : 54 <-- 0.006783 s
currentSize : 55 <-- 0.009261 s
currentSize : 57 <-- 0.011712 s
currentSize : 58 <-- 0.012165 s
currentSize : 59 <-- 0.013329 s
currentSize : 60 <-- 0.013812 s
currentSize : 61 <-- 0.014839 s
currentSize : 62 <-- 0.015560 s

maxsize : 62
nodes : 1668.000000
filtered : 7004.000000
time : 0.016002
