Parameters: GAD=1 vflib=1 dir=0 label=1 lowerbound=1 fileNameGp=../../cp2016-max-common-connected-subgraph-paper/datasets/graphsdb/mcs90/bvg/b09/mcs90_b09_s50.A03 fileNameGt=../../cp2016-max-common-connected-subgraph-paper/datasets/graphsdb/mcs90/bvg/b09/mcs90_b09_s50.B03
Reading graphs...
50 :  224
50 :  222
Initializing...
maxdom : 8
D->valSize : 332
Solving...
Blb : 2 (clique : 13)
currentSize : 13 <-- 0.002272 s
currentSize : 16 <-- 0.002351 s
currentSize : 18 <-- 0.002414 s
currentSize : 19 <-- 0.002516 s
currentSize : 28 <-- 0.002688 s
currentSize : 31 <-- 0.013480 s
currentSize : 32 <-- 0.013547 s
currentSize : 40 <-- 0.013657 s
currentSize : 44 <-- 0.013744 s

maxsize : 44
nodes : 3324.000000
filtered : 26229.000000
time : 0.014227
