Parameters: GAD=1 vflib=1 dir=0 label=1 lowerbound=1 fileNameGp=../../cp2016-max-common-connected-subgraph-paper/datasets/graphsdb/mcs90/bvg/b03m/mcs90_b03m_s90.A05 fileNameGt=../../cp2016-max-common-connected-subgraph-paper/datasets/graphsdb/mcs90/bvg/b03m/mcs90_b03m_s90.B05
Reading graphs...
90 :  134
90 :  134
Initializing...
maxdom : 12
D->valSize : 586
Solving...
Blb : 3 (clique : 68)
currentSize : 68 <-- 0.012040 s
currentSize : 69 <-- 0.025757 s
currentSize : 70 <-- 0.025914 s
currentSize : 71 <-- 0.982145 s
currentSize : 73 <-- 0.988470 s
currentSize : 75 <-- 0.988729 s
currentSize : 76 <-- 1.077411 s
currentSize : 80 <-- 1.077673 s

maxsize : 80
nodes : 210519.000000
filtered : 966471.000000
time : 1.127152
