Parameters: GAD=1 vflib=1 dir=0 label=1 lowerbound=1 fileNameGp=../../cp2016-max-common-connected-subgraph-paper/datasets/graphsdb/mcs90/bvg/b03/mcs90_b03_s90.A04 fileNameGt=../../cp2016-max-common-connected-subgraph-paper/datasets/graphsdb/mcs90/bvg/b03/mcs90_b03_s90.B04
Reading graphs...
90 :  135
90 :  135
Initializing...
maxdom : 10
D->valSize : 568
Solving...
Blb : 2 (clique : 57)
currentSize : 57 <-- 0.011748 s
currentSize : 62 <-- 0.012415 s
currentSize : 63 <-- 0.012502 s
currentSize : 66 <-- 0.013870 s
currentSize : 67 <-- 0.013954 s
currentSize : 68 <-- 0.014423 s
currentSize : 69 <-- 0.014513 s
currentSize : 71 <-- 0.014767 s
currentSize : 75 <-- 6.693154 s
currentSize : 76 <-- 7.017843 s
currentSize : 79 <-- 7.018920 s
currentSize : 80 <-- 7.019020 s

maxsize : 80
nodes : 1270821.000000
filtered : 7594643.000000
time : 7.030214
