Parameters: GAD=1 vflib=1 dir=0 label=1 lowerbound=1 fileNameGp=../../cp2016-max-common-connected-subgraph-paper/datasets/graphsdb/mcs90/rand/r02/mcs90_r02_s90.A05 fileNameGt=../../cp2016-max-common-connected-subgraph-paper/datasets/graphsdb/mcs90/rand/r02/mcs90_r02_s90.B05
Reading graphs...
90 :  1437
90 :  1439
Initializing...
maxdom : 11
D->valSize : 583
Solving...
Blb : 2 (clique : 22)
currentSize : 22 <-- 0.006231 s
currentSize : 30 <-- 0.006485 s
currentSize : 31 <-- 0.007123 s
currentSize : 56 <-- 0.010087 s
currentSize : 57 <-- 0.038961 s
currentSize : 58 <-- 13.083248 s
currentSize : 59 <-- 13.129282 s

TIMEOUT
maxsize : 59
nodes : 277782831.000000
filtered : 89155974.000000
time : 1000.000122
