Parameters: GAD=1 vflib=1 dir=0 label=1 lowerbound=1 fileNameGp=../../cp2016-max-common-connected-subgraph-paper/datasets/graphsdb/mcs90/bvg/b03/mcs90_b03_s60.A02 fileNameGt=../../cp2016-max-common-connected-subgraph-paper/datasets/graphsdb/mcs90/bvg/b03/mcs90_b03_s60.B02
Reading graphs...
60 :  90
60 :  90
Initializing...
maxdom : 10
D->valSize : 309
Solving...
Blb : 2 (clique : 38)
currentSize : 38 <-- 0.004014 s
currentSize : 39 <-- 0.018318 s
currentSize : 44 <-- 0.030439 s
currentSize : 47 <-- 0.124837 s
currentSize : 48 <-- 0.189505 s
currentSize : 49 <-- 0.222804 s
currentSize : 50 <-- 0.226329 s
currentSize : 54 <-- 0.229178 s

maxsize : 54
nodes : 56235.000000
filtered : 220058.000000
time : 0.229577
