Parameters: GAD=1 vflib=1 dir=0 label=1 lowerbound=1 fileNameGp=../../cp2016-max-common-connected-subgraph-paper/datasets/graphsdb/mcs90/m2D/m2Dr4/mcs90_m2Dr4_s80.A00 fileNameGt=../../cp2016-max-common-connected-subgraph-paper/datasets/graphsdb/mcs90/m2D/m2Dr4/mcs90_m2Dr4_s80.B00
Reading graphs...
80 :  173
80 :  173
Initializing...
maxdom : 8
D->valSize : 469
Solving...
Blb : 3 (clique : 43)
currentSize : 43 <-- 0.008038 s
currentSize : 44 <-- 1.214634 s
currentSize : 45 <-- 4.685463 s
currentSize : 46 <-- 6.049170 s
currentSize : 47 <-- 7.439206 s
currentSize : 48 <-- 8.118747 s
currentSize : 51 <-- 9.916753 s
currentSize : 54 <-- 9.916956 s
currentSize : 57 <-- 14.103514 s
currentSize : 64 <-- 14.103791 s

maxsize : 64
nodes : 2884476.000000
filtered : 18806284.000000
time : 14.936311
