Parameters: GAD=1 vflib=1 dir=0 label=1 lowerbound=1 fileNameGp=../../cp2016-max-common-connected-subgraph-paper/datasets/graphsdb/mcs90/bvg/b03m/mcs90_b03m_s100.A03 fileNameGt=../../cp2016-max-common-connected-subgraph-paper/datasets/graphsdb/mcs90/bvg/b03m/mcs90_b03m_s100.B03
Reading graphs...
100 :  147
100 :  147
Initializing...
maxdom : 6
D->valSize : 385
Solving...
Blb : 2 (clique : 74)
currentSize : 74 <-- 0.004537 s
currentSize : 77 <-- 0.005147 s
currentSize : 79 <-- 0.005677 s
currentSize : 81 <-- 0.006606 s
currentSize : 82 <-- 0.007426 s
currentSize : 83 <-- 0.007714 s
currentSize : 84 <-- 0.011558 s
currentSize : 85 <-- 0.011850 s
currentSize : 86 <-- 0.168193 s
currentSize : 87 <-- 0.168525 s
currentSize : 88 <-- 0.411974 s

maxsize : 88
nodes : 165133.000000
filtered : 601981.000000
time : 0.795845
