Parameters: GAD=1 vflib=1 dir=0 label=1 lowerbound=1 fileNameGp=../../cp2016-max-common-connected-subgraph-paper/datasets/graphsdb/mcs90/rand/r02/mcs90_r02_s70.A04 fileNameGt=../../cp2016-max-common-connected-subgraph-paper/datasets/graphsdb/mcs90/rand/r02/mcs90_r02_s70.B04
Reading graphs...
70 :  861
70 :  869
Initializing...
maxdom : 8
D->valSize : 349
Solving...
Blb : 2 (clique : 15)
currentSize : 15 <-- 0.002844 s
currentSize : 20 <-- 0.003504 s
currentSize : 21 <-- 0.004622 s
currentSize : 40 <-- 0.031144 s
currentSize : 41 <-- 0.031275 s
currentSize : 42 <-- 0.065756 s
currentSize : 43 <-- 0.738947 s

maxsize : 43
nodes : 7517220.000000
filtered : 4673913.000000
time : 23.425268
