Parameters: GAD=1 vflib=1 dir=0 label=1 lowerbound=1 fileNameGp=../../cp2016-max-common-connected-subgraph-paper/datasets/graphsdb/mcs90/bvg/b03m/mcs90_b03m_s80.A09 fileNameGt=../../cp2016-max-common-connected-subgraph-paper/datasets/graphsdb/mcs90/bvg/b03m/mcs90_b03m_s80.B09
Reading graphs...
80 :  120
80 :  120
Initializing...
maxdom : 9
D->valSize : 457
Solving...
Blb : 2 (clique : 63)
currentSize : 63 <-- 0.004830 s
currentSize : 64 <-- 0.023248 s
currentSize : 65 <-- 0.023396 s
currentSize : 66 <-- 0.085156 s
currentSize : 67 <-- 0.085297 s
currentSize : 68 <-- 0.117818 s
currentSize : 69 <-- 0.117927 s
currentSize : 70 <-- 0.219215 s
currentSize : 71 <-- 0.219872 s
currentSize : 72 <-- 0.220001 s

maxsize : 72
nodes : 64462.000000
filtered : 256121.000000
time : 0.277003
