Parameters: GAD=1 vflib=1 dir=0 label=1 lowerbound=1 fileNameGp=../../cp2016-max-common-connected-subgraph-paper/datasets/graphsdb/mcs90/m3D/m3Dr6/mcs90_m3Dr6_s80.A03 fileNameGt=../../cp2016-max-common-connected-subgraph-paper/datasets/graphsdb/mcs90/m3D/m3Dr6/mcs90_m3Dr6_s80.B03
Reading graphs...
80 :  231
80 :  231
Initializing...
maxdom : 9
D->valSize : 449
Solving...
Blb : 3 (clique : 49)
currentSize : 49 <-- 0.004650 s
currentSize : 51 <-- 0.005016 s
currentSize : 52 <-- 0.006055 s
currentSize : 53 <-- 0.006118 s
currentSize : 54 <-- 0.467432 s
currentSize : 55 <-- 0.467576 s
currentSize : 58 <-- 0.481228 s
currentSize : 60 <-- 0.481362 s
currentSize : 62 <-- 0.481709 s
currentSize : 64 <-- 0.481857 s

maxsize : 64
nodes : 148332.000000
filtered : 677337.000000
time : 0.708149
