Parameters: GAD=1 vflib=1 dir=0 label=1 lowerbound=1 fileNameGp=../../cp2016-max-common-connected-subgraph-paper/datasets/graphsdb/mcs90/m2D/m2Dr2/mcs90_m2Dr2_s80.A05 fileNameGt=../../cp2016-max-common-connected-subgraph-paper/datasets/graphsdb/mcs90/m2D/m2Dr2/mcs90_m2Dr2_s80.B05
Reading graphs...
80 :  157
80 :  157
Initializing...
maxdom : 10
D->valSize : 448
Solving...
Blb : 2 (clique : 44)
currentSize : 44 <-- 0.004670 s
currentSize : 46 <-- 0.004967 s
currentSize : 48 <-- 0.161135 s
currentSize : 49 <-- 0.229840 s
currentSize : 51 <-- 0.270164 s
currentSize : 53 <-- 0.272302 s
currentSize : 54 <-- 0.295750 s
currentSize : 55 <-- 1.610132 s
currentSize : 56 <-- 1.620087 s
currentSize : 57 <-- 8.417496 s
currentSize : 58 <-- 8.417625 s
currentSize : 61 <-- 8.417760 s
currentSize : 63 <-- 8.417894 s

maxsize : 63
nodes : 1992656.000000
filtered : 9318497.000000
time : 9.400239
