Parameters: GAD=1 vflib=1 dir=0 label=1 lowerbound=1 fileNameGp=../../cp2016-max-common-connected-subgraph-paper/datasets/graphsdb/mcs90/m2D/m2Dr2/mcs90_m2Dr2_s100.A07 fileNameGt=../../cp2016-max-common-connected-subgraph-paper/datasets/graphsdb/mcs90/m2D/m2Dr2/mcs90_m2Dr2_s100.B07
Reading graphs...
100 :  199
100 :  197
Initializing...
maxdom : 7
D->valSize : 383
Solving...
Blb : 2 (clique : 56)
currentSize : 56 <-- 0.004180 s
currentSize : 57 <-- 0.005333 s
currentSize : 59 <-- 0.009992 s
currentSize : 60 <-- 0.010182 s
currentSize : 61 <-- 0.011780 s
currentSize : 62 <-- 0.012085 s
currentSize : 63 <-- 0.012267 s
currentSize : 65 <-- 0.065386 s
currentSize : 66 <-- 0.065495 s
currentSize : 67 <-- 0.065667 s
currentSize : 68 <-- 0.424141 s
currentSize : 69 <-- 0.424312 s
currentSize : 70 <-- 0.424660 s
currentSize : 72 <-- 0.449051 s
currentSize : 73 <-- 0.449236 s
currentSize : 75 <-- 26.713991 s
currentSize : 76 <-- 26.714184 s
currentSize : 77 <-- 26.715893 s
currentSize : 78 <-- 26.722839 s
currentSize : 79 <-- 26.723036 s
currentSize : 80 <-- 26.724840 s
currentSize : 81 <-- 26.725046 s

maxsize : 81
nodes : 5690638.000000
filtered : 20254166.000000
time : 29.402742
