Parameters: GAD=1 vflib=1 dir=0 label=1 lowerbound=1 fileNameGp=../../cp2016-max-common-connected-subgraph-paper/datasets/graphsdb/mcs90/m2D/m2Dr6/mcs90_m2Dr6_s100.A06 fileNameGt=../../cp2016-max-common-connected-subgraph-paper/datasets/graphsdb/mcs90/m2D/m2Dr6/mcs90_m2Dr6_s100.B06
Reading graphs...
100 :  240
100 :  240
Initializing...
maxdom : 7
D->valSize : 365
Solving...
Blb : 2 (clique : 72)
currentSize : 72 <-- 0.004145 s
currentSize : 74 <-- 0.004554 s
currentSize : 75 <-- 0.004905 s
currentSize : 76 <-- 0.005248 s
currentSize : 77 <-- 0.247550 s
currentSize : 78 <-- 0.248122 s
currentSize : 79 <-- 0.252496 s
currentSize : 80 <-- 0.252853 s
currentSize : 81 <-- 0.253201 s

maxsize : 81
nodes : 64753.000000
filtered : 279173.000000
time : 0.349017
