Parameters: GAD=1 vflib=1 dir=0 label=1 lowerbound=1 fileNameGp=../../cp2016-max-common-connected-subgraph-paper/datasets/graphsdb/mcs90/m2D/m2D/mcs90_m2D_s70.A00 fileNameGt=../../cp2016-max-common-connected-subgraph-paper/datasets/graphsdb/mcs90/m2D/m2D/mcs90_m2D_s70.B00
Reading graphs...
70 :  123
70 :  123
Initializing...
maxdom : 9
D->valSize : 359
Solving...
Blb : 2 (clique : 42)
currentSize : 42 <-- 0.005267 s
currentSize : 47 <-- 0.024430 s
currentSize : 50 <-- 0.042610 s
currentSize : 53 <-- 0.042833 s
currentSize : 54 <-- 0.047066 s
currentSize : 57 <-- 0.047967 s
currentSize : 58 <-- 0.048825 s
currentSize : 60 <-- 0.049767 s
currentSize : 64 <-- 0.050057 s

maxsize : 64
nodes : 6772.000000
filtered : 31413.000000
time : 0.050316
