Parameters: GAD=1 vflib=1 dir=0 label=1 lowerbound=1 fileNameGp=../../cp2016-max-common-connected-subgraph-paper/datasets/graphsdb/mcs90/bvg/b06/mcs90_b06_s70.A06 fileNameGt=../../cp2016-max-common-connected-subgraph-paper/datasets/graphsdb/mcs90/bvg/b06/mcs90_b06_s70.B06
Reading graphs...
70 :  210
70 :  210
Initializing...
maxdom : 9
D->valSize : 381
Solving...
Blb : 2 (clique : 32)
currentSize : 32 <-- 0.003269 s
currentSize : 36 <-- 0.003465 s
currentSize : 39 <-- 0.003592 s
currentSize : 40 <-- 0.003725 s
currentSize : 41 <-- 0.009168 s
currentSize : 43 <-- 0.010421 s
currentSize : 46 <-- 0.010506 s
currentSize : 47 <-- 0.010821 s
currentSize : 49 <-- 0.016247 s
currentSize : 54 <-- 0.017803 s
currentSize : 55 <-- 0.018346 s
currentSize : 63 <-- 0.022932 s

maxsize : 63
nodes : 5057.000000
filtered : 21789.000000
time : 0.023247
