Parameters: GAD=1 vflib=1 dir=0 label=1 lowerbound=1 fileNameGp=../../cp2016-max-common-connected-subgraph-paper/datasets/graphsdb/mcs90/m2D/m2D/mcs90_m2D_s100.A00 fileNameGt=../../cp2016-max-common-connected-subgraph-paper/datasets/graphsdb/mcs90/m2D/m2D/mcs90_m2D_s100.B00
Reading graphs...
100 :  180
100 :  180
Initializing...
maxdom : 8
D->valSize : 390
Solving...
Blb : 2 (clique : 63)
currentSize : 63 <-- 0.004262 s
currentSize : 68 <-- 0.004778 s
currentSize : 69 <-- 0.004970 s
currentSize : 71 <-- 0.005237 s
currentSize : 72 <-- 0.005436 s
currentSize : 74 <-- 0.014136 s
currentSize : 75 <-- 0.014360 s
currentSize : 76 <-- 1.185716 s
currentSize : 78 <-- 1.188748 s
currentSize : 79 <-- 1.188983 s
currentSize : 80 <-- 1.535490 s
currentSize : 81 <-- 1.535742 s

maxsize : 81
nodes : 696128.000000
filtered : 2791927.000000
time : 3.545583
