Parameters: GAD=1 vflib=1 dir=0 label=1 lowerbound=1 fileNameGp=../../cp2016-max-common-connected-subgraph-paper/datasets/graphsdb/mcs90/rand/r01/mcs90_r01_s80.A02 fileNameGt=../../cp2016-max-common-connected-subgraph-paper/datasets/graphsdb/mcs90/rand/r01/mcs90_r01_s80.B02
Reading graphs...
80 :  606
80 :  608
Initializing...
maxdom : 10
D->valSize : 502
Solving...
Blb : 5 (clique : 17)
currentSize : 17 <-- 0.004883 s
currentSize : 19 <-- 0.005434 s
currentSize : 22 <-- 0.005508 s
currentSize : 30 <-- 0.009804 s
currentSize : 32 <-- 0.009924 s
currentSize : 37 <-- 0.017671 s
currentSize : 45 <-- 0.030796 s
currentSize : 49 <-- 0.055696 s
currentSize : 67 <-- 0.057364 s

maxsize : 67
nodes : 57469.000000
filtered : 129625.000000
time : 0.201644
