Parameters: GAD=1 vflib=1 dir=0 label=1 lowerbound=1 fileNameGp=../../cp2016-max-common-connected-subgraph-paper/datasets/graphsdb/mcs90/m2D/m2D/mcs90_m2D_s100.A07 fileNameGt=../../cp2016-max-common-connected-subgraph-paper/datasets/graphsdb/mcs90/m2D/m2D/mcs90_m2D_s100.B07
Reading graphs...
100 :  179
100 :  180
Initializing...
maxdom : 6
D->valSize : 367
Solving...
Blb : 2 (clique : 56)
currentSize : 56 <-- 0.004066 s
currentSize : 57 <-- 0.004443 s
currentSize : 58 <-- 0.004713 s
currentSize : 59 <-- 0.006038 s
currentSize : 60 <-- 0.006938 s
currentSize : 61 <-- 0.013437 s
currentSize : 62 <-- 0.014945 s
currentSize : 63 <-- 0.015666 s
currentSize : 64 <-- 5.975019 s
currentSize : 67 <-- 7.505089 s
currentSize : 68 <-- 7.505325 s
currentSize : 70 <-- 7.505574 s
currentSize : 71 <-- 7.800601 s
currentSize : 72 <-- 7.800751 s
currentSize : 73 <-- 7.801192 s
currentSize : 74 <-- 7.801342 s
currentSize : 75 <-- 7.801908 s
currentSize : 76 <-- 7.802070 s
currentSize : 77 <-- 8.736933 s
currentSize : 78 <-- 8.737105 s
currentSize : 80 <-- 8.993933 s
currentSize : 81 <-- 8.994106 s

maxsize : 81
nodes : 1875945.000000
filtered : 4994749.000000
time : 9.129402
