Parameters: GAD=1 vflib=1 dir=0 label=1 lowerbound=1 fileNameGp=../../cp2016-max-common-connected-subgraph-paper/datasets/graphsdb/mcs90/bvg/b03/mcs90_b03_s80.A02 fileNameGt=../../cp2016-max-common-connected-subgraph-paper/datasets/graphsdb/mcs90/bvg/b03/mcs90_b03_s80.B02
Reading graphs...
80 :  120
80 :  120
Initializing...
maxdom : 11
D->valSize : 471
Solving...
Blb : 2 (clique : 51)
currentSize : 51 <-- 0.008408 s
currentSize : 54 <-- 0.009243 s
currentSize : 55 <-- 0.009445 s
currentSize : 59 <-- 0.009861 s
currentSize : 61 <-- 0.010306 s
currentSize : 63 <-- 0.010601 s
currentSize : 67 <-- 0.011053 s
currentSize : 68 <-- 0.011546 s
currentSize : 72 <-- 0.012051 s

maxsize : 72
nodes : 1059.000000
filtered : 3554.000000
time : 0.014099
