Parameters: GAD=1 vflib=1 dir=0 label=1 lowerbound=1 fileNameGp=../../cp2016-max-common-connected-subgraph-paper/datasets/graphsdb/mcs90/m2D/m2Dr2/mcs90_m2Dr2_s100.A05 fileNameGt=../../cp2016-max-common-connected-subgraph-paper/datasets/graphsdb/mcs90/m2D/m2Dr2/mcs90_m2Dr2_s100.B05
Reading graphs...
100 :  198
100 :  198
Initializing...
maxdom : 6
D->valSize : 381
Solving...
Blb : 3 (clique : 62)
currentSize : 62 <-- 0.007062 s
currentSize : 64 <-- 0.007752 s
currentSize : 65 <-- 0.008312 s
currentSize : 68 <-- 0.008830 s
currentSize : 69 <-- 1.677396 s
currentSize : 73 <-- 2.041490 s
currentSize : 75 <-- 2.495472 s
currentSize : 79 <-- 2.537109 s

maxsize : 79
nodes : 1136084.000000
filtered : 4561277.000000
time : 6.116879
