Parameters: GAD=1 vflib=1 dir=0 label=1 lowerbound=1 fileNameGp=../../cp2016-max-common-connected-subgraph-paper/datasets/graphsdb/mcs90/m4D/m4Dr4/mcs90_m4Dr4_s100.A02 fileNameGt=../../cp2016-max-common-connected-subgraph-paper/datasets/graphsdb/mcs90/m4D/m4Dr4/mcs90_m4Dr4_s100.B02
Reading graphs...
100 :  259
100 :  258
Initializing...
maxdom : 5
D->valSize : 341
Solving...
Blb : 2 (clique : 70)
currentSize : 70 <-- 0.003653 s
currentSize : 72 <-- 0.004228 s
currentSize : 74 <-- 0.569159 s
currentSize : 76 <-- 0.569362 s
currentSize : 78 <-- 23.394239 s
currentSize : 80 <-- 23.394480 s

maxsize : 80
nodes : 22102961.000000
filtered : 41218418.000000
time : 89.275330
