Parameters: GAD=1 vflib=1 dir=0 label=1 lowerbound=1 fileNameGp=../../cp2016-max-common-connected-subgraph-paper/datasets/graphsdb/mcs90/m3D/m3Dr4/mcs90_m3Dr4_s70.A08 fileNameGt=../../cp2016-max-common-connected-subgraph-paper/datasets/graphsdb/mcs90/m3D/m3Dr4/mcs90_m3Dr4_s70.B08
Reading graphs...
70 :  186
70 :  181
Initializing...
maxdom : 9
D->valSize : 380
Solving...
Blb : 2 (clique : 33)
currentSize : 33 <-- 0.003442 s
currentSize : 35 <-- 0.003629 s
currentSize : 38 <-- 0.003755 s
currentSize : 39 <-- 0.005734 s
currentSize : 42 <-- 0.007515 s
currentSize : 43 <-- 0.007576 s
currentSize : 44 <-- 0.007718 s
currentSize : 46 <-- 0.011264 s
currentSize : 47 <-- 0.011327 s
currentSize : 48 <-- 0.011477 s
currentSize : 58 <-- 0.013879 s
currentSize : 63 <-- 0.014120 s

maxsize : 63
nodes : 3321.000000
filtered : 11155.000000
time : 0.015092
