Parameters: GAD=1 vflib=1 dir=0 label=1 lowerbound=1 fileNameGp=../../cp2016-max-common-connected-subgraph-paper/datasets/graphsdb/mcs90/bvg/b03/mcs90_b03_s25.A08 fileNameGt=../../cp2016-max-common-connected-subgraph-paper/datasets/graphsdb/mcs90/bvg/b03/mcs90_b03_s25.B08
Reading graphs...
25 :  37
25 :  37
Initializing...
maxdom : 8
D->valSize : 170
Solving...
Blb : 5 (clique : 11)
currentSize : 11 <-- 0.000903 s
currentSize : 12 <-- 0.001028 s
currentSize : 13 <-- 0.001094 s
currentSize : 14 <-- 0.004644 s
currentSize : 15 <-- 0.004772 s
currentSize : 16 <-- 0.004914 s
currentSize : 17 <-- 0.005207 s
currentSize : 19 <-- 0.005221 s
currentSize : 21 <-- 0.005820 s
currentSize : 22 <-- 0.005858 s

maxsize : 22
nodes : 1776.000000
filtered : 12548.000000
time : 0.006006
