Parameters: GAD=1 vflib=1 dir=0 label=1 lowerbound=1 fileNameGp=../../cp2016-max-common-connected-subgraph-paper/datasets/graphsdb/mcs90/bvg/b03m/mcs90_b03m_s90.A01 fileNameGt=../../cp2016-max-common-connected-subgraph-paper/datasets/graphsdb/mcs90/bvg/b03m/mcs90_b03m_s90.B01
Reading graphs...
90 :  135
90 :  135
Initializing...
maxdom : 11
D->valSize : 595
Solving...
Blb : 2 (clique : 55)
currentSize : 55 <-- 0.012770 s
currentSize : 56 <-- 2.515816 s
currentSize : 57 <-- 8.350145 s
currentSize : 58 <-- 17.737988 s
currentSize : 59 <-- 17.744280 s
currentSize : 60 <-- 26.073021 s
currentSize : 61 <-- 30.430347 s
currentSize : 65 <-- 31.502348 s
currentSize : 67 <-- 31.502432 s
currentSize : 68 <-- 31.503784 s
currentSize : 70 <-- 32.302616 s
currentSize : 71 <-- 32.425869 s
currentSize : 74 <-- 32.426189 s
currentSize : 77 <-- 32.496086 s
currentSize : 79 <-- 33.172089 s
currentSize : 80 <-- 33.286289 s

maxsize : 80
nodes : 6907364.000000
filtered : 33876009.000000
time : 33.578629
