Parameters: GAD=1 vflib=1 dir=0 label=1 lowerbound=1 fileNameGp=../../cp2016-max-common-connected-subgraph-paper/datasets/graphsdb/mcs90/m3D/m3Dr6/mcs90_m3Dr6_s80.A08 fileNameGt=../../cp2016-max-common-connected-subgraph-paper/datasets/graphsdb/mcs90/m3D/m3Dr6/mcs90_m3Dr6_s80.B08
Reading graphs...
80 :  231
80 :  230
Initializing...
maxdom : 8
D->valSize : 437
Solving...
Blb : 3 (clique : 46)
currentSize : 46 <-- 0.004385 s
currentSize : 48 <-- 0.413145 s
currentSize : 49 <-- 0.413393 s
currentSize : 53 <-- 2.625436 s
currentSize : 54 <-- 3.973097 s
currentSize : 55 <-- 3.973256 s
currentSize : 57 <-- 6.570728 s
currentSize : 58 <-- 6.718406 s
currentSize : 63 <-- 7.044937 s

maxsize : 63
nodes : 1507044.000000
filtered : 9798390.000000
time : 7.273788
