Parameters: GAD=1 vflib=1 dir=0 label=1 lowerbound=1 fileNameGp=../../cp2016-max-common-connected-subgraph-paper/datasets/graphsdb/mcs90/m3D/m3Dr6/mcs90_m3Dr6_s80.A09 fileNameGt=../../cp2016-max-common-connected-subgraph-paper/datasets/graphsdb/mcs90/m3D/m3Dr6/mcs90_m3Dr6_s80.B09
Reading graphs...
80 :  231
80 :  230
Initializing...
maxdom : 10
D->valSize : 468
Solving...
Blb : 2 (clique : 40)
currentSize : 40 <-- 0.007879 s
currentSize : 42 <-- 0.011507 s
currentSize : 43 <-- 0.011677 s
currentSize : 47 <-- 0.013523 s
currentSize : 49 <-- 0.013745 s
currentSize : 51 <-- 0.014021 s
currentSize : 52 <-- 0.014918 s
currentSize : 54 <-- 0.015183 s
currentSize : 56 <-- 0.015496 s
currentSize : 58 <-- 0.016679 s
currentSize : 59 <-- 0.017780 s
currentSize : 61 <-- 0.018124 s
currentSize : 63 <-- 0.018478 s

maxsize : 63
nodes : 63335.000000
filtered : 425052.000000
time : 0.417807
