Parameters: GAD=1 vflib=1 dir=0 label=1 lowerbound=1 fileNameGp=../../cp2016-max-common-connected-subgraph-paper/datasets/graphsdb/mcs90/bvg/b06/mcs90_b06_s40.A03 fileNameGt=../../cp2016-max-common-connected-subgraph-paper/datasets/graphsdb/mcs90/bvg/b06/mcs90_b06_s40.B03
Reading graphs...
40 :  120
40 :  120
Initializing...
maxdom : 7
D->valSize : 213
Solving...
Blb : 2 (clique : 13)
currentSize : 13 <-- 0.001231 s
currentSize : 15 <-- 0.001300 s
currentSize : 16 <-- 0.001355 s
currentSize : 17 <-- 0.001380 s
currentSize : 18 <-- 0.003083 s
currentSize : 20 <-- 0.003152 s
currentSize : 21 <-- 0.003552 s
currentSize : 24 <-- 0.003686 s
currentSize : 30 <-- 0.014297 s
currentSize : 36 <-- 0.014359 s

maxsize : 36
nodes : 4590.000000
filtered : 26822.000000
time : 0.014553
