Parameters: GAD=1 vflib=1 dir=0 label=1 lowerbound=1 fileNameGp=../../cp2016-max-common-connected-subgraph-paper/datasets/graphsdb/mcs90/bvg/b03/mcs90_b03_s70.A04 fileNameGt=../../cp2016-max-common-connected-subgraph-paper/datasets/graphsdb/mcs90/bvg/b03/mcs90_b03_s70.B04
Reading graphs...
70 :  105
70 :  105
Initializing...
maxdom : 8
D->valSize : 345
Solving...
Blb : 5 (clique : 30)
currentSize : 30 <-- 0.004890 s
currentSize : 36 <-- 0.005200 s
currentSize : 37 <-- 0.007097 s
currentSize : 38 <-- 0.007321 s
currentSize : 40 <-- 0.011789 s
currentSize : 41 <-- 0.017137 s
currentSize : 44 <-- 0.017357 s
currentSize : 47 <-- 0.019534 s
currentSize : 48 <-- 0.027101 s
currentSize : 52 <-- 0.027197 s
currentSize : 53 <-- 0.027701 s
currentSize : 54 <-- 0.028955 s
currentSize : 58 <-- 0.029233 s
currentSize : 62 <-- 0.029983 s

maxsize : 62
nodes : 5323.000000
filtered : 13356.000000
time : 0.030250
