Parameters: GAD=1 vflib=1 dir=0 label=1 lowerbound=1 fileNameGp=../../cp2016-max-common-connected-subgraph-paper/datasets/graphsdb/mcs90/bvg/b06/mcs90_b06_s80.A05 fileNameGt=../../cp2016-max-common-connected-subgraph-paper/datasets/graphsdb/mcs90/bvg/b06/mcs90_b06_s80.B05
Reading graphs...
80 :  240
80 :  240
Initializing...
maxdom : 8
D->valSize : 444
Solving...
Blb : 2 (clique : 32)
currentSize : 32 <-- 0.004304 s
currentSize : 33 <-- 0.004682 s
currentSize : 34 <-- 0.004692 s
currentSize : 35 <-- 0.004758 s
currentSize : 36 <-- 0.005212 s
currentSize : 37 <-- 0.024988 s
currentSize : 38 <-- 0.030021 s
currentSize : 42 <-- 0.036979 s
currentSize : 46 <-- 0.042102 s
currentSize : 47 <-- 0.042196 s
currentSize : 48 <-- 0.042327 s
currentSize : 49 <-- 0.042428 s
currentSize : 50 <-- 0.047507 s
currentSize : 51 <-- 0.047615 s
currentSize : 52 <-- 0.047916 s
currentSize : 57 <-- 0.048037 s
currentSize : 62 <-- 0.048945 s
currentSize : 63 <-- 0.065072 s
currentSize : 64 <-- 0.066064 s
currentSize : 72 <-- 0.066254 s

maxsize : 72
nodes : 15731.000000
filtered : 59752.000000
time : 0.067135
