Parameters: GAD=1 vflib=1 dir=0 label=1 lowerbound=1 fileNameGp=../../cp2016-max-common-connected-subgraph-paper/datasets/graphsdb/mcs90/m3D/m3Dr6/mcs90_m3Dr6_s80.A02 fileNameGt=../../cp2016-max-common-connected-subgraph-paper/datasets/graphsdb/mcs90/m3D/m3Dr6/mcs90_m3Dr6_s80.B02
Reading graphs...
80 :  231
80 :  228
Initializing...
maxdom : 11
D->valSize : 459
Solving...
Blb : 3 (clique : 29)
currentSize : 29 <-- 0.004532 s
currentSize : 30 <-- 0.019673 s
currentSize : 31 <-- 0.028739 s
currentSize : 37 <-- 0.039875 s
currentSize : 40 <-- 0.061534 s
currentSize : 43 <-- 0.153815 s
currentSize : 44 <-- 0.312729 s
currentSize : 45 <-- 0.343377 s
currentSize : 48 <-- 0.350271 s
currentSize : 54 <-- 0.431162 s
currentSize : 63 <-- 0.586175 s

maxsize : 63
nodes : 126340.000000
filtered : 697222.000000
time : 0.598863
