Parameters: GAD=1 vflib=1 dir=0 label=1 lowerbound=1 fileNameGp=../../cp2016-max-common-connected-subgraph-paper/datasets/graphsdb/mcs90/bvg/b03m/mcs90_b03m_s90.A09 fileNameGt=../../cp2016-max-common-connected-subgraph-paper/datasets/graphsdb/mcs90/bvg/b03m/mcs90_b03m_s90.B09
Reading graphs...
90 :  135
90 :  135
Initializing...
maxdom : 10
D->valSize : 581
Solving...
Blb : 2 (clique : 61)
currentSize : 61 <-- 0.007339 s
currentSize : 70 <-- 0.007767 s
currentSize : 71 <-- 0.007953 s
currentSize : 73 <-- 0.086017 s
currentSize : 74 <-- 0.086149 s
currentSize : 75 <-- 0.237707 s
currentSize : 76 <-- 0.243451 s
currentSize : 80 <-- 0.243602 s

maxsize : 80
nodes : 54142.000000
filtered : 308804.000000
time : 0.315462
