Parameters: GAD=1 vflib=1 dir=0 label=1 lowerbound=1 fileNameGp=../../cp2016-max-common-connected-subgraph-paper/datasets/graphsdb/mcs90/bvg/b06/mcs90_b06_s50.A01 fileNameGt=../../cp2016-max-common-connected-subgraph-paper/datasets/graphsdb/mcs90/bvg/b06/mcs90_b06_s50.B01
Reading graphs...
50 :  149
50 :  150
Initializing...
maxdom : 10
D->valSize : 339
Solving...
Blb : 3 (clique : 16)
currentSize : 16 <-- 0.003866 s
currentSize : 22 <-- 0.004019 s
currentSize : 25 <-- 0.004098 s
currentSize : 31 <-- 0.004288 s
currentSize : 32 <-- 0.005054 s
currentSize : 33 <-- 0.005200 s
currentSize : 35 <-- 0.008025 s
currentSize : 45 <-- 0.010897 s

maxsize : 45
nodes : 1390.000000
filtered : 10119.000000
time : 0.011714
