Parameters: GAD=1 vflib=1 dir=0 label=1 lowerbound=1 fileNameGp=../../cp2016-max-common-connected-subgraph-paper/datasets/graphsdb/mcs90/m3D/m3Dr2/mcs90_m3Dr2_s80.A07 fileNameGt=../../cp2016-max-common-connected-subgraph-paper/datasets/graphsdb/mcs90/m3D/m3Dr2/mcs90_m3Dr2_s80.B07
Reading graphs...
80 :  199
80 :  200
Initializing...
maxdom : 7
D->valSize : 431
Solving...
Blb : 2 (clique : 38)
currentSize : 38 <-- 0.004223 s
currentSize : 39 <-- 0.004510 s
currentSize : 40 <-- 0.004654 s
currentSize : 42 <-- 0.004766 s
currentSize : 43 <-- 0.004944 s
currentSize : 44 <-- 0.004983 s
currentSize : 45 <-- 0.005760 s
currentSize : 46 <-- 0.338996 s
currentSize : 47 <-- 0.423658 s
currentSize : 48 <-- 0.423982 s
currentSize : 52 <-- 0.606747 s
currentSize : 56 <-- 0.606956 s
currentSize : 59 <-- 0.744684 s
currentSize : 64 <-- 0.744830 s

maxsize : 64
nodes : 198210.000000
filtered : 821780.000000
time : 0.967351
