Parameters: GAD=1 vflib=1 dir=0 label=1 lowerbound=1 fileNameGp=../../cp2016-max-common-connected-subgraph-paper/datasets/graphsdb/mcs90/bvg/b09/mcs90_b09_s90.A04 fileNameGt=../../cp2016-max-common-connected-subgraph-paper/datasets/graphsdb/mcs90/bvg/b09/mcs90_b09_s90.B04
Reading graphs...
90 :  402
90 :  405
Initializing...
maxdom : 13
D->valSize : 615
Solving...
Blb : 2 (clique : 50)
currentSize : 50 <-- 0.007322 s
currentSize : 53 <-- 0.007884 s
currentSize : 54 <-- 0.009309 s
currentSize : 57 <-- 0.009839 s
currentSize : 58 <-- 0.269677 s
currentSize : 61 <-- 0.271015 s
currentSize : 63 <-- 0.479911 s
currentSize : 67 <-- 0.480289 s
currentSize : 80 <-- 0.555691 s

maxsize : 80
nodes : 93432.000000
filtered : 913000.000000
time : 0.576880
