Parameters: GAD=1 vflib=1 dir=0 label=1 lowerbound=1 fileNameGp=../../cp2016-max-common-connected-subgraph-paper/datasets/graphsdb/mcs90/m2D/m2D/mcs90_m2D_s80.A04 fileNameGt=../../cp2016-max-common-connected-subgraph-paper/datasets/graphsdb/mcs90/m2D/m2D/mcs90_m2D_s80.B04
Reading graphs...
80 :  142
80 :  142
Initializing...
maxdom : 9
D->valSize : 432
Solving...
Blb : 2 (clique : 43)
currentSize : 43 <-- 0.004279 s
currentSize : 46 <-- 0.004572 s
currentSize : 47 <-- 0.004698 s
currentSize : 51 <-- 0.004856 s
currentSize : 53 <-- 0.005651 s
currentSize : 56 <-- 0.011651 s
currentSize : 58 <-- 0.060733 s
currentSize : 63 <-- 0.065067 s
currentSize : 64 <-- 0.067244 s

maxsize : 64
nodes : 42316.000000
filtered : 235596.000000
time : 0.214886
