Parameters: GAD=1 vflib=1 dir=0 label=1 lowerbound=1 fileNameGp=../../cp2016-max-common-connected-subgraph-paper/datasets/graphsdb/mcs90/rand/r02/mcs90_r02_s90.A08 fileNameGt=../../cp2016-max-common-connected-subgraph-paper/datasets/graphsdb/mcs90/rand/r02/mcs90_r02_s90.B08
Reading graphs...
90 :  1449
90 :  1448
Initializing...
maxdom : 9
D->valSize : 575
Solving...
Blb : 3 (clique : 52)
currentSize : 52 <-- 0.006803 s
currentSize : 53 <-- 24.435112 s
currentSize : 54 <-- 24.573792 s
currentSize : 55 <-- 24.623100 s
currentSize : 56 <-- 303.385803 s
currentSize : 57 <-- 303.494751 s
currentSize : 58 <-- 303.546570 s

maxsize : 58
nodes : 153179240.000000
filtered : 86380816.000000
time : 571.108215
