Parameters: GAD=1 vflib=1 dir=0 label=1 lowerbound=1 fileNameGp=../../cp2016-max-common-connected-subgraph-paper/datasets/graphsdb/mcs90/m2D/m2D/mcs90_m2D_s70.A05 fileNameGt=../../cp2016-max-common-connected-subgraph-paper/datasets/graphsdb/mcs90/m2D/m2D/mcs90_m2D_s70.B05
Reading graphs...
70 :  123
70 :  123
Initializing...
maxdom : 8
D->valSize : 351
Solving...
Blb : 2 (clique : 42)
currentSize : 42 <-- 0.005023 s
currentSize : 43 <-- 0.005402 s
currentSize : 44 <-- 0.005533 s
currentSize : 47 <-- 0.005674 s
currentSize : 51 <-- 0.008111 s
currentSize : 52 <-- 0.010765 s
currentSize : 56 <-- 0.010985 s
currentSize : 58 <-- 0.020843 s
currentSize : 64 <-- 0.024668 s

maxsize : 64
nodes : 3423.000000
filtered : 14305.000000
time : 0.027836
