Parameters: GAD=1 vflib=1 dir=0 label=1 lowerbound=1 fileNameGp=../../cp2016-max-common-connected-subgraph-paper/datasets/graphsdb/mcs90/m2D/m2Dr2/mcs90_m2Dr2_s100.A00 fileNameGt=../../cp2016-max-common-connected-subgraph-paper/datasets/graphsdb/mcs90/m2D/m2Dr2/mcs90_m2Dr2_s100.B00
Reading graphs...
100 :  199
100 :  200
Initializing...
maxdom : 8
D->valSize : 385
Solving...
Blb : 2 (clique : 63)
currentSize : 63 <-- 0.007059 s
currentSize : 68 <-- 0.008068 s
currentSize : 72 <-- 0.008720 s
currentSize : 76 <-- 0.112748 s
currentSize : 77 <-- 0.113002 s
currentSize : 78 <-- 0.233227 s
currentSize : 79 <-- 0.233490 s
currentSize : 81 <-- 0.666571 s

maxsize : 81
nodes : 154753.000000
filtered : 919755.000000
time : 0.924711
