Parameters: GAD=1 vflib=1 dir=0 label=1 lowerbound=1 fileNameGp=../../cp2016-max-common-connected-subgraph-paper/datasets/graphsdb/mcs90/m3D/m3D/mcs90_m3D_s80.A08 fileNameGt=../../cp2016-max-common-connected-subgraph-paper/datasets/graphsdb/mcs90/m3D/m3D/mcs90_m3D_s80.B08
Reading graphs...
80 :  184
80 :  184
Initializing...
maxdom : 11
D->valSize : 535
Solving...
Blb : 2 (clique : 43)
currentSize : 43 <-- 0.005831 s
currentSize : 45 <-- 2.423116 s
currentSize : 47 <-- 4.382391 s
currentSize : 48 <-- 4.422301 s
currentSize : 52 <-- 4.778836 s
currentSize : 56 <-- 5.945242 s
currentSize : 58 <-- 5.945411 s
currentSize : 59 <-- 6.669847 s
currentSize : 60 <-- 6.707155 s
currentSize : 61 <-- 8.057970 s
currentSize : 63 <-- 8.058156 s
currentSize : 64 <-- 8.060078 s

maxsize : 64
nodes : 1527357.000000
filtered : 11893660.000000
time : 8.682855
