Parameters: GAD=1 vflib=1 dir=0 label=1 lowerbound=1 fileNameGp=../../cp2016-max-common-connected-subgraph-paper/datasets/graphsdb/mcs90/m3D/m3Dr6/mcs90_m3Dr6_s80.A01 fileNameGt=../../cp2016-max-common-connected-subgraph-paper/datasets/graphsdb/mcs90/m3D/m3Dr6/mcs90_m3Dr6_s80.B01
Reading graphs...
80 :  231
80 :  229
Initializing...
maxdom : 8
D->valSize : 446
Solving...
Blb : 3 (clique : 53)
currentSize : 53 <-- 0.004377 s
currentSize : 54 <-- 0.005675 s
currentSize : 55 <-- 0.005791 s
currentSize : 56 <-- 0.213290 s
currentSize : 57 <-- 0.213430 s
currentSize : 59 <-- 0.214039 s
currentSize : 60 <-- 0.214188 s
currentSize : 61 <-- 0.215511 s
currentSize : 62 <-- 0.215662 s
currentSize : 64 <-- 0.215845 s

maxsize : 64
nodes : 95208.000000
filtered : 491106.000000
time : 0.440126
