Parameters: GAD=1 vflib=1 dir=0 label=1 lowerbound=1 fileNameGp=../../cp2016-max-common-connected-subgraph-paper/datasets/graphsdb/mcs90/m2D/m2Dr2/mcs90_m2Dr2_s80.A03 fileNameGt=../../cp2016-max-common-connected-subgraph-paper/datasets/graphsdb/mcs90/m2D/m2Dr2/mcs90_m2Dr2_s80.B03
Reading graphs...
80 :  158
80 :  157
Initializing...
maxdom : 10
D->valSize : 460
Solving...
Blb : 2 (clique : 44)
currentSize : 44 <-- 0.004662 s
currentSize : 45 <-- 0.005194 s
currentSize : 49 <-- 0.016571 s
currentSize : 52 <-- 0.016651 s
currentSize : 53 <-- 25.859167 s
currentSize : 54 <-- 25.859779 s
currentSize : 55 <-- 30.003092 s
currentSize : 56 <-- 30.003193 s
currentSize : 58 <-- 30.003649 s
currentSize : 59 <-- 30.003756 s
currentSize : 60 <-- 39.337730 s
currentSize : 63 <-- 39.338177 s
currentSize : 64 <-- 39.338287 s

maxsize : 64
nodes : 9327053.000000
filtered : 42243670.000000
time : 43.754311
