Parameters: GAD=1 vflib=1 dir=0 label=1 lowerbound=1 fileNameGp=../../cp2016-max-common-connected-subgraph-paper/datasets/graphsdb/mcs90/bvg/b03/mcs90_b03_s70.A08 fileNameGt=../../cp2016-max-common-connected-subgraph-paper/datasets/graphsdb/mcs90/bvg/b03/mcs90_b03_s70.B08
Reading graphs...
70 :  105
70 :  105
Initializing...
maxdom : 7
D->valSize : 332
Solving...
Blb : 2 (clique : 44)
currentSize : 44 <-- 0.002997 s
currentSize : 46 <-- 0.003307 s
currentSize : 47 <-- 0.003406 s
currentSize : 48 <-- 0.003473 s
currentSize : 50 <-- 0.003627 s
currentSize : 51 <-- 0.003737 s
currentSize : 54 <-- 0.003983 s
currentSize : 58 <-- 0.004839 s
currentSize : 62 <-- 0.005738 s

maxsize : 62
nodes : 1659.000000
filtered : 6048.000000
time : 0.009038
