Parameters: GAD=1 vflib=1 dir=0 label=1 lowerbound=1 fileNameGp=../../cp2016-max-common-connected-subgraph-paper/datasets/graphsdb/mcs90/bvg/b03m/mcs90_b03m_s90.A03 fileNameGt=../../cp2016-max-common-connected-subgraph-paper/datasets/graphsdb/mcs90/bvg/b03m/mcs90_b03m_s90.B03
Reading graphs...
90 :  134
90 :  134
Initializing...
maxdom : 13
D->valSize : 621
Solving...
Blb : 2 (clique : 65)
currentSize : 65 <-- 0.008050 s
currentSize : 67 <-- 0.008509 s
currentSize : 68 <-- 0.008636 s
currentSize : 69 <-- 0.008751 s
currentSize : 72 <-- 0.008885 s
currentSize : 75 <-- 0.009299 s
currentSize : 76 <-- 0.013944 s
currentSize : 78 <-- 0.014069 s
currentSize : 80 <-- 0.014379 s

maxsize : 80
nodes : 23155.000000
filtered : 150333.000000
time : 0.135119
