Parameters: GAD=1 vflib=1 dir=0 label=1 lowerbound=1 fileNameGp=../../cp2016-max-common-connected-subgraph-paper/datasets/graphsdb/mcs90/m2D/m2Dr4/mcs90_m2Dr4_s100.A07 fileNameGt=../../cp2016-max-common-connected-subgraph-paper/datasets/graphsdb/mcs90/m2D/m2Dr4/mcs90_m2Dr4_s100.B07
Reading graphs...
100 :  220
100 :  219
Initializing...
maxdom : 9
D->valSize : 421
Solving...
Blb : 2 (clique : 66)
currentSize : 66 <-- 0.007870 s
currentSize : 68 <-- 0.008622 s
currentSize : 69 <-- 0.017624 s
currentSize : 71 <-- 0.017831 s
currentSize : 73 <-- 0.018169 s
currentSize : 74 <-- 0.220645 s
currentSize : 80 <-- 0.611691 s
currentSize : 81 <-- 0.681522 s

maxsize : 81
nodes : 255034.000000
filtered : 809421.000000
time : 1.315499
