Parameters: GAD=1 vflib=1 dir=0 label=1 lowerbound=1 fileNameGp=../../cp2016-max-common-connected-subgraph-paper/datasets/graphsdb/mcs90/m2D/m2Dr2/mcs90_m2Dr2_s80.A01 fileNameGt=../../cp2016-max-common-connected-subgraph-paper/datasets/graphsdb/mcs90/m2D/m2Dr2/mcs90_m2Dr2_s80.B01
Reading graphs...
80 :  157
80 :  156
Initializing...
maxdom : 11
D->valSize : 510
Solving...
Blb : 2 (clique : 53)
currentSize : 53 <-- 0.005495 s
currentSize : 54 <-- 0.005813 s
currentSize : 55 <-- 0.006037 s
currentSize : 56 <-- 0.006102 s
currentSize : 57 <-- 0.006687 s
currentSize : 59 <-- 0.006801 s
currentSize : 63 <-- 0.012490 s

maxsize : 63
nodes : 297781.000000
filtered : 1953553.000000
time : 1.438239
