Parameters: GAD=1 vflib=1 dir=0 label=1 lowerbound=1 fileNameGp=../../cp2016-max-common-connected-subgraph-paper/datasets/graphsdb/mcs90/bvg/b09/mcs90_b09_s90.A03 fileNameGt=../../cp2016-max-common-connected-subgraph-paper/datasets/graphsdb/mcs90/bvg/b09/mcs90_b09_s90.B03
Reading graphs...
90 :  403
90 :  405
Initializing...
maxdom : 11
D->valSize : 602
Solving...
Blb : 3 (clique : 35)
currentSize : 35 <-- 0.007094 s
currentSize : 38 <-- 0.007423 s
currentSize : 40 <-- 0.007612 s
currentSize : 43 <-- 0.063970 s
currentSize : 46 <-- 0.065763 s
currentSize : 58 <-- 0.206221 s
currentSize : 62 <-- 0.206505 s
currentSize : 65 <-- 1.262540 s
currentSize : 68 <-- 1.263163 s
currentSize : 73 <-- 1.266225 s
currentSize : 80 <-- 1.266498 s

maxsize : 80
nodes : 240750.000000
filtered : 1579264.000000
time : 1.335067
