Parameters: GAD=1 vflib=1 dir=0 label=1 lowerbound=1 fileNameGp=../../cp2016-max-common-connected-subgraph-paper/datasets/graphsdb/mcs90/m2D/m2Dr2/mcs90_m2Dr2_s60.A00 fileNameGt=../../cp2016-max-common-connected-subgraph-paper/datasets/graphsdb/mcs90/m2D/m2Dr2/mcs90_m2Dr2_s60.B00
Reading graphs...
60 :  115
60 :  116
Initializing...
maxdom : 6
D->valSize : 257
Solving...
Blb : 3 (clique : 27)
currentSize : 27 <-- 0.001913 s
currentSize : 30 <-- 0.002085 s
currentSize : 32 <-- 0.002264 s
currentSize : 34 <-- 0.002949 s
currentSize : 35 <-- 0.003397 s
currentSize : 37 <-- 0.004353 s
currentSize : 39 <-- 0.004424 s
currentSize : 41 <-- 0.007978 s
currentSize : 44 <-- 0.008380 s
currentSize : 46 <-- 0.019225 s
currentSize : 49 <-- 0.019419 s

maxsize : 49
nodes : 4966.000000
filtered : 22830.000000
time : 0.020831
