Parameters: GAD=1 vflib=1 dir=0 label=1 lowerbound=1 fileNameGp=../../cp2016-max-common-connected-subgraph-paper/datasets/graphsdb/mcs90/m4D/m4Dr4/mcs90_m4Dr4_s100.A03 fileNameGt=../../cp2016-max-common-connected-subgraph-paper/datasets/graphsdb/mcs90/m4D/m4Dr4/mcs90_m4Dr4_s100.B03
Reading graphs...
100 :  258
100 :  258
Initializing...
maxdom : 7
D->valSize : 380
Solving...
Blb : 3 (clique : 74)
currentSize : 74 <-- 0.007058 s
currentSize : 75 <-- 0.027155 s
currentSize : 76 <-- 0.027662 s
currentSize : 77 <-- 0.044383 s
currentSize : 78 <-- 0.044893 s
currentSize : 80 <-- 0.580833 s

maxsize : 80
nodes : 410861.000000
filtered : 1176294.000000
time : 2.311106
