Parameters: GAD=1 vflib=1 dir=0 label=1 lowerbound=1 fileNameGp=../../cp2016-max-common-connected-subgraph-paper/datasets/graphsdb/mcs90/m2D/m2D/mcs90_m2D_s80.A07 fileNameGt=../../cp2016-max-common-connected-subgraph-paper/datasets/graphsdb/mcs90/m2D/m2D/mcs90_m2D_s80.B07
Reading graphs...
80 :  142
80 :  142
Initializing...
maxdom : 9
D->valSize : 432
Solving...
Blb : 2 (clique : 39)
currentSize : 39 <-- 0.007257 s
currentSize : 40 <-- 0.007658 s
currentSize : 41 <-- 0.008319 s
currentSize : 42 <-- 0.008455 s
currentSize : 44 <-- 0.045675 s
currentSize : 45 <-- 0.045773 s
currentSize : 47 <-- 0.045957 s
currentSize : 48 <-- 0.060023 s
currentSize : 49 <-- 0.060162 s
currentSize : 50 <-- 0.182337 s
currentSize : 51 <-- 0.182570 s
currentSize : 53 <-- 0.546014 s
currentSize : 54 <-- 0.546073 s
currentSize : 56 <-- 1.581884 s
currentSize : 57 <-- 1.581958 s
currentSize : 60 <-- 2.274917 s
currentSize : 62 <-- 2.473264 s
currentSize : 64 <-- 2.473348 s

maxsize : 64
nodes : 684416.000000
filtered : 3168247.000000
time : 3.303449
