Parameters: GAD=1 vflib=1 dir=0 label=1 lowerbound=1 fileNameGp=../../cp2016-max-common-connected-subgraph-paper/datasets/graphsdb/mcs90/m3D/m3D/mcs90_m3D_s80.A09 fileNameGt=../../cp2016-max-common-connected-subgraph-paper/datasets/graphsdb/mcs90/m3D/m3D/mcs90_m3D_s80.B09
Reading graphs...
80 :  183
80 :  184
Initializing...
maxdom : 8
D->valSize : 465
Solving...
Blb : 2 (clique : 38)
currentSize : 38 <-- 0.004791 s
currentSize : 40 <-- 0.005051 s
currentSize : 41 <-- 0.005231 s
currentSize : 43 <-- 0.015344 s
currentSize : 44 <-- 0.144662 s
currentSize : 46 <-- 0.157104 s
currentSize : 48 <-- 17.011309 s
currentSize : 49 <-- 28.392712 s
currentSize : 53 <-- 34.489445 s
currentSize : 57 <-- 36.102798 s
currentSize : 58 <-- 37.024742 s
currentSize : 59 <-- 37.164272 s
currentSize : 63 <-- 37.573864 s
currentSize : 64 <-- 37.574081 s

maxsize : 64
nodes : 7627844.000000
filtered : 46809331.000000
time : 38.150089
