Parameters: GAD=1 vflib=1 dir=0 label=1 lowerbound=1 fileNameGp=../../cp2016-max-common-connected-subgraph-paper/datasets/graphsdb/mcs90/bvg/b09/mcs90_b09_s100.A04 fileNameGt=../../cp2016-max-common-connected-subgraph-paper/datasets/graphsdb/mcs90/bvg/b09/mcs90_b09_s100.B04
Reading graphs...
100 :  448
100 :  450
Initializing...
maxdom : 6
D->valSize : 370
Solving...
Blb : 2 (clique : 49)
currentSize : 49 <-- 0.003783 s
currentSize : 52 <-- 0.004113 s
currentSize : 54 <-- 0.004288 s
currentSize : 57 <-- 0.004813 s
currentSize : 66 <-- 0.005123 s
currentSize : 67 <-- 0.005575 s
currentSize : 77 <-- 0.006011 s
currentSize : 79 <-- 0.007684 s
currentSize : 90 <-- 0.008158 s

maxsize : 90
nodes : 1221.000000
filtered : 3783.000000
time : 0.008631
