Parameters: GAD=1 vflib=1 dir=0 label=1 lowerbound=1 fileNameGp=../../cp2016-max-common-connected-subgraph-paper/datasets/graphsdb/mcs90/bvg/b09/mcs90_b09_s70.A04 fileNameGt=../../cp2016-max-common-connected-subgraph-paper/datasets/graphsdb/mcs90/bvg/b09/mcs90_b09_s70.B04
Reading graphs...
70 :  314
70 :  312
Initializing...
maxdom : 8
D->valSize : 341
Solving...
Blb : 3 (clique : 20)
currentSize : 20 <-- 0.002757 s
currentSize : 22 <-- 0.002887 s
currentSize : 26 <-- 0.002954 s
currentSize : 30 <-- 0.003922 s
currentSize : 31 <-- 0.004110 s
currentSize : 32 <-- 0.007556 s
currentSize : 34 <-- 0.008435 s
currentSize : 40 <-- 0.008543 s
currentSize : 41 <-- 0.012032 s
currentSize : 44 <-- 0.012955 s
currentSize : 52 <-- 0.013128 s
currentSize : 62 <-- 0.023126 s

maxsize : 62
nodes : 4756.000000
filtered : 28889.000000
time : 0.023777
