Parameters: GAD=1 vflib=1 dir=0 label=1 lowerbound=1 fileNameGp=../../cp2016-max-common-connected-subgraph-paper/datasets/graphsdb/mcs90/bvg/b03/mcs90_b03_s100.A05 fileNameGt=../../cp2016-max-common-connected-subgraph-paper/datasets/graphsdb/mcs90/bvg/b03/mcs90_b03_s100.B05
Reading graphs...
100 :  150
100 :  150
Initializing...
maxdom : 5
D->valSize : 364
Solving...
Blb : 2 (clique : 72)
currentSize : 72 <-- 0.004204 s
currentSize : 73 <-- 0.004652 s
currentSize : 75 <-- 0.004788 s
currentSize : 76 <-- 0.004922 s
currentSize : 80 <-- 0.005077 s
currentSize : 83 <-- 0.005332 s
currentSize : 86 <-- 0.005602 s
currentSize : 90 <-- 0.006682 s

maxsize : 90
nodes : 1002.000000
filtered : 2200.000000
time : 0.007425
