Parameters: GAD=1 vflib=1 dir=0 label=1 lowerbound=1 fileNameGp=../../cp2016-max-common-connected-subgraph-paper/datasets/graphsdb/mcs90/m2D/m2Dr6/mcs90_m2Dr6_s80.A06 fileNameGt=../../cp2016-max-common-connected-subgraph-paper/datasets/graphsdb/mcs90/m2D/m2Dr6/mcs90_m2Dr6_s80.B06
Reading graphs...
80 :  189
80 :  188
Initializing...
maxdom : 10
D->valSize : 460
Solving...
Blb : 3 (clique : 49)
currentSize : 49 <-- 0.007809 s
currentSize : 50 <-- 0.574114 s
currentSize : 56 <-- 0.574800 s
currentSize : 57 <-- 0.807287 s
currentSize : 60 <-- 1.122383 s
currentSize : 61 <-- 1.235235 s
currentSize : 64 <-- 1.280532 s

maxsize : 64
nodes : 231939.000000
filtered : 1963457.000000
time : 1.292857
