Parameters: GAD=1 vflib=1 dir=0 label=1 lowerbound=1 fileNameGp=../../cp2016-max-common-connected-subgraph-paper/datasets/graphsdb/mcs90/m2D/m2D/mcs90_m2D_s100.A02 fileNameGt=../../cp2016-max-common-connected-subgraph-paper/datasets/graphsdb/mcs90/m2D/m2D/mcs90_m2D_s100.B02
Reading graphs...
100 :  180
100 :  180
Initializing...
maxdom : 7
D->valSize : 425
Solving...
Blb : 2 (clique : 59)
currentSize : 59 <-- 0.004740 s
currentSize : 63 <-- 0.022901 s
currentSize : 66 <-- 0.051755 s
currentSize : 70 <-- 2.179698 s
currentSize : 71 <-- 2.180980 s
currentSize : 75 <-- 9.395373 s
currentSize : 76 <-- 9.395826 s
currentSize : 80 <-- 23.397957 s
currentSize : 81 <-- 23.398420 s

maxsize : 81
nodes : 5414497.000000
filtered : 25096812.000000
time : 28.959955
