Parameters: GAD=1 vflib=1 dir=0 label=1 lowerbound=1 fileNameGp=../../cp2016-max-common-connected-subgraph-paper/datasets/graphsdb/mcs90/m2D/m2Dr4/mcs90_m2Dr4_s100.A05 fileNameGt=../../cp2016-max-common-connected-subgraph-paper/datasets/graphsdb/mcs90/m2D/m2Dr4/mcs90_m2Dr4_s100.B05
Reading graphs...
100 :  218
100 :  217
Initializing...
maxdom : 6
D->valSize : 353
Solving...
Blb : 3 (clique : 63)
currentSize : 63 <-- 0.006309 s
currentSize : 65 <-- 0.096427 s
currentSize : 66 <-- 0.096702 s
currentSize : 70 <-- 0.800530 s
currentSize : 74 <-- 0.930448 s
currentSize : 76 <-- 1.268165 s
currentSize : 80 <-- 1.335457 s

maxsize : 80
nodes : 291248.000000
filtered : 965045.000000
time : 1.487869
