Parameters: GAD=1 vflib=1 dir=0 label=1 lowerbound=1 fileNameGp=../../cp2016-max-common-connected-subgraph-paper/datasets/graphsdb/mcs90/m2D/m2Dr4/mcs90_m2Dr4_s80.A07 fileNameGt=../../cp2016-max-common-connected-subgraph-paper/datasets/graphsdb/mcs90/m2D/m2Dr4/mcs90_m2Dr4_s80.B07
Reading graphs...
80 :  172
80 :  170
Initializing...
maxdom : 8
D->valSize : 438
Solving...
Blb : 2 (clique : 49)
currentSize : 49 <-- 0.004409 s
currentSize : 53 <-- 3.713110 s
currentSize : 54 <-- 3.713177 s
currentSize : 56 <-- 4.817059 s
currentSize : 57 <-- 4.817136 s
currentSize : 59 <-- 12.635444 s
currentSize : 61 <-- 12.642989 s
currentSize : 64 <-- 12.643345 s

maxsize : 64
nodes : 2650255.000000
filtered : 15548732.000000
time : 12.922375
