Parameters: GAD=1 vflib=1 dir=0 label=1 lowerbound=1 fileNameGp=../../cp2016-max-common-connected-subgraph-paper/datasets/graphsdb/mcs90/m2D/m2Dr2/mcs90_m2Dr2_s80.A02 fileNameGt=../../cp2016-max-common-connected-subgraph-paper/datasets/graphsdb/mcs90/m2D/m2Dr2/mcs90_m2Dr2_s80.B02
Reading graphs...
80 :  158
80 :  158
Initializing...
maxdom : 10
D->valSize : 465
Solving...
Blb : 2 (clique : 46)
currentSize : 46 <-- 0.008033 s
currentSize : 47 <-- 0.111220 s
currentSize : 48 <-- 0.845979 s
currentSize : 49 <-- 0.846092 s
currentSize : 50 <-- 0.846202 s
currentSize : 51 <-- 0.962518 s
currentSize : 53 <-- 0.963391 s
currentSize : 55 <-- 0.963520 s
currentSize : 57 <-- 3.628018 s
currentSize : 58 <-- 10.769729 s
currentSize : 61 <-- 16.238174 s
currentSize : 64 <-- 16.238317 s

maxsize : 64
nodes : 3936581.000000
filtered : 22731763.000000
time : 18.854156
