Parameters: GAD=1 vflib=1 dir=0 label=1 lowerbound=1 fileNameGp=../../cp2016-max-common-connected-subgraph-paper/datasets/graphsdb/mcs90/m2D/m2Dr2/mcs90_m2Dr2_s100.A08 fileNameGt=../../cp2016-max-common-connected-subgraph-paper/datasets/graphsdb/mcs90/m2D/m2Dr2/mcs90_m2Dr2_s100.B08
Reading graphs...
100 :  200
100 :  200
Initializing...
maxdom : 12
D->valSize : 409
Solving...
Blb : 3 (clique : 61)
currentSize : 61 <-- 0.004560 s
currentSize : 62 <-- 0.042631 s
currentSize : 68 <-- 0.107473 s
currentSize : 69 <-- 0.202882 s
currentSize : 70 <-- 0.449289 s
currentSize : 73 <-- 0.453095 s
currentSize : 76 <-- 0.453536 s
currentSize : 77 <-- 0.473940 s
currentSize : 80 <-- 0.503969 s
currentSize : 81 <-- 0.504963 s

maxsize : 81
nodes : 1113478.000000
filtered : 4452474.000000
time : 5.758157
