Parameters: GAD=1 vflib=1 dir=0 label=1 lowerbound=1 fileNameGp=../../cp2016-max-common-connected-subgraph-paper/datasets/graphsdb/mcs90/bvg/b06/mcs90_b06_s80.A03 fileNameGt=../../cp2016-max-common-connected-subgraph-paper/datasets/graphsdb/mcs90/bvg/b06/mcs90_b06_s80.B03
Reading graphs...
80 :  240
80 :  239
Initializing...
maxdom : 10
D->valSize : 487
Solving...
Blb : 3 (clique : 40)
currentSize : 40 <-- 0.008348 s
currentSize : 44 <-- 0.008759 s
currentSize : 45 <-- 0.009066 s
currentSize : 51 <-- 0.009285 s
currentSize : 57 <-- 0.242668 s
currentSize : 58 <-- 0.362101 s
currentSize : 65 <-- 0.363263 s
currentSize : 72 <-- 0.386190 s

maxsize : 72
nodes : 62392.000000
filtered : 464746.000000
time : 0.387634
