Parameters: GAD=1 vflib=1 dir=0 label=1 lowerbound=1 fileNameGp=../../cp2016-max-common-connected-subgraph-paper/datasets/graphsdb/mcs90/m2D/m2D/mcs90_m2D_s80.A08 fileNameGt=../../cp2016-max-common-connected-subgraph-paper/datasets/graphsdb/mcs90/m2D/m2D/mcs90_m2D_s80.B08
Reading graphs...
80 :  142
80 :  142
Initializing...
maxdom : 8
D->valSize : 435
Solving...
Blb : 2 (clique : 53)
currentSize : 53 <-- 0.004395 s
currentSize : 55 <-- 0.004722 s
currentSize : 57 <-- 0.005283 s
currentSize : 58 <-- 0.192228 s
currentSize : 59 <-- 0.192511 s
currentSize : 60 <-- 0.192610 s
currentSize : 61 <-- 0.193050 s
currentSize : 62 <-- 0.194321 s
currentSize : 63 <-- 0.194436 s
currentSize : 64 <-- 0.195028 s

maxsize : 64
nodes : 139329.000000
filtered : 665900.000000
time : 0.685136
