Parameters: GAD=1 vflib=1 dir=0 label=1 lowerbound=1 fileNameGp=../../cp2016-max-common-connected-subgraph-paper/datasets/graphsdb/mcs90/bvg/b03m/mcs90_b03m_s90.A00 fileNameGt=../../cp2016-max-common-connected-subgraph-paper/datasets/graphsdb/mcs90/bvg/b03m/mcs90_b03m_s90.B00
Reading graphs...
90 :  135
90 :  135
Initializing...
maxdom : 10
D->valSize : 608
Solving...
Blb : 2 (clique : 67)
currentSize : 67 <-- 0.007836 s
currentSize : 68 <-- 0.008274 s
currentSize : 70 <-- 0.008483 s
currentSize : 72 <-- 0.018549 s
currentSize : 74 <-- 0.018791 s
currentSize : 75 <-- 0.119416 s
currentSize : 76 <-- 0.119637 s
currentSize : 78 <-- 0.121250 s
currentSize : 79 <-- 0.121454 s
currentSize : 80 <-- 0.121690 s

maxsize : 80
nodes : 36198.000000
filtered : 232398.000000
time : 0.207658
