Parameters: GAD=1 vflib=1 dir=0 label=1 lowerbound=1 fileNameGp=../../cp2016-max-common-connected-subgraph-paper/datasets/graphsdb/mcs90/m2D/m2Dr6/mcs90_m2Dr6_s80.A08 fileNameGt=../../cp2016-max-common-connected-subgraph-paper/datasets/graphsdb/mcs90/m2D/m2Dr6/mcs90_m2Dr6_s80.B08
Reading graphs...
80 :  189
80 :  187
Initializing...
maxdom : 9
D->valSize : 452
Solving...
Blb : 2 (clique : 45)
currentSize : 45 <-- 0.004611 s
currentSize : 47 <-- 0.113871 s
currentSize : 48 <-- 0.183991 s
currentSize : 50 <-- 0.292843 s
currentSize : 51 <-- 1.776148 s
currentSize : 53 <-- 2.225400 s
currentSize : 63 <-- 3.312758 s

maxsize : 63
nodes : 840893.000000
filtered : 4314854.000000
time : 4.005329
