Parameters: GAD=1 vflib=1 dir=0 label=1 lowerbound=1 fileNameGp=../../cp2016-max-common-connected-subgraph-paper/datasets/graphsdb/mcs90/m2D/m2Dr2/mcs90_m2Dr2_s70.A05 fileNameGt=../../cp2016-max-common-connected-subgraph-paper/datasets/graphsdb/mcs90/m2D/m2Dr2/mcs90_m2Dr2_s70.B05
Reading graphs...
70 :  136
70 :  136
Initializing...
maxdom : 9
D->valSize : 358
Solving...
Blb : 3 (clique : 36)
currentSize : 36 <-- 0.003096 s
currentSize : 44 <-- 0.003309 s
currentSize : 48 <-- 0.003412 s
currentSize : 51 <-- 0.003582 s
currentSize : 52 <-- 0.023192 s
currentSize : 55 <-- 0.038588 s
currentSize : 58 <-- 0.038804 s
currentSize : 59 <-- 0.045220 s
currentSize : 64 <-- 0.045360 s

maxsize : 64
nodes : 9607.000000
filtered : 52343.000000
time : 0.045757
