Parameters: GAD=1 vflib=1 dir=0 label=1 lowerbound=1 fileNameGp=../../cp2016-max-common-connected-subgraph-paper/datasets/graphsdb/mcs90/m2D/m2D/mcs90_m2D_s100.A08 fileNameGt=../../cp2016-max-common-connected-subgraph-paper/datasets/graphsdb/mcs90/m2D/m2D/mcs90_m2D_s100.B08
Reading graphs...
100 :  180
100 :  180
Initializing...
maxdom : 7
D->valSize : 371
Solving...
Blb : 2 (clique : 56)
currentSize : 56 <-- 0.006174 s
currentSize : 60 <-- 0.007020 s
currentSize : 62 <-- 0.008026 s
currentSize : 65 <-- 0.012925 s
currentSize : 66 <-- 0.017728 s
currentSize : 70 <-- 0.165531 s
currentSize : 72 <-- 0.478427 s
currentSize : 76 <-- 0.482168 s
currentSize : 77 <-- 3.360593 s
currentSize : 78 <-- 4.277749 s
currentSize : 80 <-- 4.442693 s
currentSize : 81 <-- 5.937038 s

maxsize : 81
nodes : 1399970.000000
filtered : 3761170.000000
time : 6.423084
