Parameters: GAD=1 vflib=1 dir=0 label=1 lowerbound=1 fileNameGp=../../cp2016-max-common-connected-subgraph-paper/datasets/graphsdb/mcs90/m2D/m2Dr2/mcs90_m2Dr2_s80.A00 fileNameGt=../../cp2016-max-common-connected-subgraph-paper/datasets/graphsdb/mcs90/m2D/m2Dr2/mcs90_m2Dr2_s80.B00
Reading graphs...
80 :  156
80 :  158
Initializing...
maxdom : 10
D->valSize : 451
Solving...
Blb : 2 (clique : 56)
currentSize : 56 <-- 0.004812 s
currentSize : 57 <-- 0.005136 s
currentSize : 58 <-- 0.005388 s
currentSize : 59 <-- 0.005900 s
currentSize : 61 <-- 0.006499 s
currentSize : 62 <-- 0.006631 s
currentSize : 63 <-- 0.008534 s
currentSize : 64 <-- 0.008681 s

maxsize : 64
nodes : 1028330.000000
filtered : 4057560.000000
time : 4.499455
