Parameters: GAD=1 vflib=1 dir=0 label=1 lowerbound=1 fileNameGp=../../cp2016-max-common-connected-subgraph-paper/datasets/graphsdb/mcs90/m3D/m3Dr2/mcs90_m3Dr2_s80.A09 fileNameGt=../../cp2016-max-common-connected-subgraph-paper/datasets/graphsdb/mcs90/m3D/m3Dr2/mcs90_m3Dr2_s80.B09
Reading graphs...
80 :  199
80 :  196
Initializing...
maxdom : 8
D->valSize : 425
Solving...
Blb : 2 (clique : 32)
currentSize : 32 <-- 0.004195 s
currentSize : 45 <-- 0.004433 s
currentSize : 47 <-- 0.004512 s
currentSize : 49 <-- 0.004650 s
currentSize : 54 <-- 0.005038 s
currentSize : 55 <-- 0.005141 s
currentSize : 56 <-- 0.005211 s
currentSize : 57 <-- 0.081826 s
currentSize : 59 <-- 0.368783 s
currentSize : 60 <-- 0.368866 s
currentSize : 63 <-- 0.872644 s
currentSize : 64 <-- 0.872727 s

maxsize : 64
nodes : 249074.000000
filtered : 1510345.000000
time : 1.258162
