Parameters: GAD=1 vflib=1 dir=0 label=1 lowerbound=1 fileNameGp=../../cp2016-max-common-connected-subgraph-paper/datasets/graphsdb/mcs90/m2D/m2Dr2/mcs90_m2Dr2_s100.A06 fileNameGt=../../cp2016-max-common-connected-subgraph-paper/datasets/graphsdb/mcs90/m2D/m2Dr2/mcs90_m2Dr2_s100.B06
Reading graphs...
100 :  200
100 :  200
Initializing...
maxdom : 6
D->valSize : 388
Solving...
Blb : 2 (clique : 61)
currentSize : 61 <-- 0.007132 s
currentSize : 62 <-- 0.007799 s
currentSize : 64 <-- 0.008042 s
currentSize : 65 <-- 0.010763 s
currentSize : 66 <-- 0.014042 s
currentSize : 67 <-- 0.017384 s
currentSize : 69 <-- 0.017574 s
currentSize : 70 <-- 0.020932 s
currentSize : 73 <-- 0.022874 s
currentSize : 74 <-- 0.056756 s
currentSize : 78 <-- 0.057125 s
currentSize : 79 <-- 0.065340 s
currentSize : 80 <-- 0.389676 s
currentSize : 81 <-- 0.393458 s

maxsize : 81
nodes : 75464.000000
filtered : 280568.000000
time : 0.457137
