Parameters: GAD=1 vflib=1 dir=0 label=1 lowerbound=1 fileNameGp=../../cp2016-max-common-connected-subgraph-paper/datasets/graphsdb/mcs90/m2D/m2Dr6/mcs90_m2Dr6_s80.A02 fileNameGt=../../cp2016-max-common-connected-subgraph-paper/datasets/graphsdb/mcs90/m2D/m2Dr6/mcs90_m2Dr6_s80.B02
Reading graphs...
80 :  190
80 :  189
Initializing...
maxdom : 9
D->valSize : 478
Solving...
Blb : 2 (clique : 41)
currentSize : 41 <-- 0.008291 s
currentSize : 42 <-- 2.231940 s
currentSize : 43 <-- 2.633922 s
currentSize : 46 <-- 2.635120 s
currentSize : 47 <-- 5.531350 s
currentSize : 48 <-- 6.183502 s
currentSize : 50 <-- 20.568592 s
currentSize : 51 <-- 22.326719 s
currentSize : 54 <-- 22.462255 s
currentSize : 55 <-- 26.864532 s
currentSize : 56 <-- 26.864679 s
currentSize : 57 <-- 26.864962 s
currentSize : 59 <-- 26.920870 s
currentSize : 60 <-- 26.921040 s
currentSize : 61 <-- 26.921331 s
currentSize : 62 <-- 26.921522 s
currentSize : 63 <-- 28.965687 s
currentSize : 64 <-- 28.965916 s

maxsize : 64
nodes : 6708427.000000
filtered : 33352469.000000
time : 30.398027
