Parameters: GAD=1 vflib=1 dir=0 label=1 lowerbound=1 fileNameGp=../../cp2016-max-common-connected-subgraph-paper/datasets/graphsdb/mcs90/bvg/b09/mcs90_b09_s50.A09 fileNameGt=../../cp2016-max-common-connected-subgraph-paper/datasets/graphsdb/mcs90/bvg/b09/mcs90_b09_s50.B09
Reading graphs...
50 :  224
50 :  225
Initializing...
maxdom : 9
D->valSize : 349
Solving...
Blb : 2 (clique : 13)
currentSize : 13 <-- 0.002360 s
currentSize : 14 <-- 0.002450 s
currentSize : 17 <-- 0.002608 s
currentSize : 23 <-- 0.003007 s
currentSize : 26 <-- 0.009652 s
currentSize : 28 <-- 0.014096 s
currentSize : 30 <-- 0.021728 s
currentSize : 32 <-- 0.021837 s
currentSize : 44 <-- 0.021981 s

maxsize : 44
nodes : 5337.000000
filtered : 49168.000000
time : 0.022884
