Parameters: GAD=1 vflib=1 dir=0 label=1 lowerbound=1 fileNameGp=../../cp2016-max-common-connected-subgraph-paper/datasets/graphsdb/mcs90/m2D/m2D/mcs90_m2D_s100.A09 fileNameGt=../../cp2016-max-common-connected-subgraph-paper/datasets/graphsdb/mcs90/m2D/m2D/mcs90_m2D_s100.B09
Reading graphs...
100 :  180
100 :  179
Initializing...
maxdom : 7
D->valSize : 404
Solving...
Blb : 2 (clique : 62)
currentSize : 62 <-- 0.004552 s
currentSize : 64 <-- 0.005000 s
currentSize : 66 <-- 0.005221 s
currentSize : 68 <-- 0.005392 s
currentSize : 70 <-- 0.005567 s
currentSize : 71 <-- 0.005785 s
currentSize : 73 <-- 0.115396 s
currentSize : 75 <-- 0.115854 s
currentSize : 76 <-- 0.813372 s
currentSize : 77 <-- 0.813603 s
currentSize : 79 <-- 0.813789 s
currentSize : 80 <-- 4.889604 s
currentSize : 81 <-- 4.889872 s

maxsize : 81
nodes : 2130512.000000
filtered : 8061364.000000
time : 10.731776
