Parameters: GAD=1 vflib=1 dir=0 label=1 lowerbound=1 fileNameGp=../../cp2016-max-common-connected-subgraph-paper/datasets/graphsdb/mcs90/m2D/m2Dr4/mcs90_m2Dr4_s100.A00 fileNameGt=../../cp2016-max-common-connected-subgraph-paper/datasets/graphsdb/mcs90/m2D/m2Dr4/mcs90_m2Dr4_s100.B00
Reading graphs...
100 :  219
100 :  218
Initializing...
maxdom : 7
D->valSize : 409
Solving...
Blb : 2 (clique : 63)
currentSize : 63 <-- 0.004507 s
currentSize : 64 <-- 0.004997 s
currentSize : 66 <-- 0.005750 s
currentSize : 67 <-- 0.005947 s
currentSize : 68 <-- 0.006507 s
currentSize : 71 <-- 0.006723 s
currentSize : 74 <-- 0.008100 s
currentSize : 77 <-- 0.009256 s
currentSize : 80 <-- 0.011758 s

maxsize : 80
nodes : 26724.000000
filtered : 140345.000000
time : 0.159181
