Parameters: GAD=1 vflib=1 dir=0 label=1 lowerbound=1 fileNameGp=../../cp2016-max-common-connected-subgraph-paper/datasets/graphsdb/mcs90/m3D/m3Dr4/mcs90_m3Dr4_s80.A05 fileNameGt=../../cp2016-max-common-connected-subgraph-paper/datasets/graphsdb/mcs90/m3D/m3Dr4/mcs90_m3Dr4_s80.B05
Reading graphs...
80 :  214
80 :  214
Initializing...
maxdom : 8
D->valSize : 448
Solving...
Blb : 2 (clique : 37)
currentSize : 37 <-- 0.004414 s
currentSize : 38 <-- 0.625105 s
currentSize : 40 <-- 2.888667 s
currentSize : 41 <-- 2.888794 s
currentSize : 42 <-- 6.199114 s
currentSize : 47 <-- 9.050295 s
currentSize : 48 <-- 10.261765 s
currentSize : 50 <-- 10.390279 s
currentSize : 51 <-- 10.455361 s
currentSize : 56 <-- 10.455773 s
currentSize : 58 <-- 10.816881 s
currentSize : 64 <-- 10.832160 s

maxsize : 64
nodes : 2199430.000000
filtered : 11845850.000000
time : 10.987193
