Parameters: GAD=1 vflib=1 dir=0 label=1 lowerbound=1 fileNameGp=../../cp2016-max-common-connected-subgraph-paper/datasets/graphsdb/mcs90/bvg/b06/mcs90_b06_s80.A06 fileNameGt=../../cp2016-max-common-connected-subgraph-paper/datasets/graphsdb/mcs90/bvg/b06/mcs90_b06_s80.B06
Reading graphs...
80 :  240
80 :  240
Initializing...
maxdom : 7
D->valSize : 415
Solving...
Blb : 2 (clique : 37)
currentSize : 37 <-- 0.003997 s
currentSize : 39 <-- 0.004474 s
currentSize : 40 <-- 0.004608 s
currentSize : 45 <-- 0.006460 s
currentSize : 46 <-- 0.006559 s
currentSize : 53 <-- 0.010236 s
currentSize : 58 <-- 0.091799 s
currentSize : 59 <-- 0.130474 s
currentSize : 60 <-- 0.130914 s
currentSize : 63 <-- 0.133946 s
currentSize : 70 <-- 0.134610 s
currentSize : 72 <-- 0.134884 s

maxsize : 72
nodes : 28137.000000
filtered : 172929.000000
time : 0.135741
