Parameters: GAD=1 vflib=1 dir=0 label=1 lowerbound=1 fileNameGp=../../cp2016-max-common-connected-subgraph-paper/datasets/graphsdb/mcs90/m2D/m2Dr6/mcs90_m2Dr6_s60.A00 fileNameGt=../../cp2016-max-common-connected-subgraph-paper/datasets/graphsdb/mcs90/m2D/m2Dr6/mcs90_m2Dr6_s60.B00
Reading graphs...
60 :  139
60 :  139
Initializing...
maxdom : 5
D->valSize : 241
Solving...
Blb : 2 (clique : 30)
currentSize : 30 <-- 0.001782 s
currentSize : 31 <-- 0.002056 s
currentSize : 33 <-- 0.002135 s
currentSize : 35 <-- 0.002322 s
currentSize : 37 <-- 0.002508 s
currentSize : 39 <-- 0.002596 s
currentSize : 40 <-- 0.002846 s
currentSize : 41 <-- 0.003013 s
currentSize : 44 <-- 0.003143 s
currentSize : 46 <-- 0.004380 s
currentSize : 49 <-- 0.004504 s

maxsize : 49
nodes : 2614.000000
filtered : 10300.000000
time : 0.010967
