Parameters: GAD=1 vflib=1 dir=0 label=1 lowerbound=1 fileNameGp=../../cp2016-max-common-connected-subgraph-paper/datasets/graphsdb/mcs90/bvg/b03/mcs90_b03_s90.A07 fileNameGt=../../cp2016-max-common-connected-subgraph-paper/datasets/graphsdb/mcs90/bvg/b03/mcs90_b03_s90.B07
Reading graphs...
90 :  135
90 :  135
Initializing...
maxdom : 9
D->valSize : 572
Solving...
Blb : 2 (clique : 59)
currentSize : 59 <-- 0.007202 s
currentSize : 61 <-- 0.007650 s
currentSize : 63 <-- 0.007737 s
currentSize : 65 <-- 0.011319 s
currentSize : 66 <-- 0.011389 s
currentSize : 67 <-- 0.012677 s
currentSize : 68 <-- 0.028966 s
currentSize : 69 <-- 0.029110 s
currentSize : 70 <-- 0.030574 s
currentSize : 72 <-- 0.153089 s
currentSize : 73 <-- 0.154328 s
currentSize : 75 <-- 0.154775 s
currentSize : 77 <-- 0.159114 s
currentSize : 80 <-- 0.159467 s

maxsize : 80
nodes : 38832.000000
filtered : 122453.000000
time : 0.164772
