Parameters: GAD=1 vflib=1 dir=0 label=1 lowerbound=1 fileNameGp=../../cp2016-max-common-connected-subgraph-paper/datasets/graphsdb/mcs90/m2D/m2Dr2/mcs90_m2Dr2_s80.A06 fileNameGt=../../cp2016-max-common-connected-subgraph-paper/datasets/graphsdb/mcs90/m2D/m2Dr2/mcs90_m2Dr2_s80.B06
Reading graphs...
80 :  158
80 :  158
Initializing...
maxdom : 9
D->valSize : 457
Solving...
Blb : 5 (clique : 32)
currentSize : 32 <-- 0.004626 s
currentSize : 42 <-- 0.004884 s
currentSize : 44 <-- 0.005028 s
currentSize : 48 <-- 0.005982 s
currentSize : 49 <-- 0.006452 s
currentSize : 52 <-- 0.006937 s
currentSize : 54 <-- 0.008145 s
currentSize : 55 <-- 0.008212 s
currentSize : 56 <-- 0.008397 s
currentSize : 57 <-- 3.125069 s
currentSize : 58 <-- 3.158853 s
currentSize : 59 <-- 3.159206 s
currentSize : 63 <-- 12.978348 s
currentSize : 64 <-- 12.978529 s

maxsize : 64
nodes : 3513645.000000
filtered : 17548482.000000
time : 16.692661
