Parameters: GAD=1 vflib=1 dir=0 label=1 lowerbound=1 fileNameGp=../../cp2016-max-common-connected-subgraph-paper/datasets/graphsdb/mcs90/m4D/m4Dr2/mcs90_m4Dr2_s100.A07 fileNameGt=../../cp2016-max-common-connected-subgraph-paper/datasets/graphsdb/mcs90/m4D/m4Dr2/mcs90_m4Dr2_s100.B07
Reading graphs...
100 :  239
100 :  239
Initializing...
maxdom : 6
D->valSize : 388
Solving...
Blb : 3 (clique : 62)
currentSize : 62 <-- 0.004329 s
currentSize : 63 <-- 0.248840 s
currentSize : 65 <-- 0.264105 s
currentSize : 66 <-- 0.265165 s
currentSize : 67 <-- 0.284439 s
currentSize : 68 <-- 0.285640 s
currentSize : 69 <-- 0.383034 s
currentSize : 70 <-- 0.573798 s
currentSize : 71 <-- 0.574105 s
currentSize : 72 <-- 0.574399 s
currentSize : 73 <-- 0.578240 s
currentSize : 74 <-- 0.701938 s
currentSize : 75 <-- 0.702647 s
currentSize : 76 <-- 0.982113 s
currentSize : 77 <-- 0.983560 s
currentSize : 78 <-- 0.984270 s
currentSize : 79 <-- 5.332252 s
currentSize : 80 <-- 5.333440 s

maxsize : 80
nodes : 4387754.000000
filtered : 13130569.000000
time : 19.870636
