Parameters: GAD=1 vflib=1 dir=0 label=1 lowerbound=1 fileNameGp=../../cp2016-max-common-connected-subgraph-paper/datasets/graphsdb/mcs90/rand/r02/mcs90_r02_s80.A01 fileNameGt=../../cp2016-max-common-connected-subgraph-paper/datasets/graphsdb/mcs90/rand/r02/mcs90_r02_s80.B01
Reading graphs...
80 :  1131
80 :  1122
Initializing...
maxdom : 9
D->valSize : 459
Solving...
Blb : 3 (clique : 43)
currentSize : 43 <-- 0.004295 s
currentSize : 44 <-- 0.005179 s
currentSize : 45 <-- 0.025175 s
currentSize : 46 <-- 0.025719 s
currentSize : 47 <-- 0.584676 s
currentSize : 48 <-- 0.585402 s

maxsize : 48
nodes : 196752382.000000
filtered : 95072266.000000
time : 661.463501
