Parameters: GAD=1 vflib=1 dir=0 label=1 lowerbound=1 fileNameGp=../../cp2016-max-common-connected-subgraph-paper/datasets/graphsdb/mcs90/m2D/m2Dr2/mcs90_m2Dr2_s80.A07 fileNameGt=../../cp2016-max-common-connected-subgraph-paper/datasets/graphsdb/mcs90/m2D/m2Dr2/mcs90_m2Dr2_s80.B07
Reading graphs...
80 :  158
80 :  158
Initializing...
maxdom : 9
D->valSize : 431
Solving...
Blb : 2 (clique : 53)
currentSize : 53 <-- 0.004549 s
currentSize : 54 <-- 0.004872 s
currentSize : 55 <-- 0.018380 s
currentSize : 56 <-- 0.102636 s
currentSize : 57 <-- 0.116237 s
currentSize : 58 <-- 1.890600 s
currentSize : 60 <-- 2.815098 s
currentSize : 64 <-- 3.386963 s

maxsize : 64
nodes : 1031414.000000
filtered : 5340049.000000
time : 4.834364
