Parameters: GAD=1 vflib=1 dir=0 label=1 lowerbound=1 fileNameGp=../../cp2016-max-common-connected-subgraph-paper/datasets/graphsdb/mcs90/m2D/m2D/mcs90_m2D_s80.A03 fileNameGt=../../cp2016-max-common-connected-subgraph-paper/datasets/graphsdb/mcs90/m2D/m2D/mcs90_m2D_s80.B03
Reading graphs...
80 :  142
80 :  142
Initializing...
maxdom : 9
D->valSize : 451
Solving...
Blb : 2 (clique : 42)
currentSize : 42 <-- 0.004718 s
currentSize : 47 <-- 0.005014 s
currentSize : 48 <-- 0.005114 s
currentSize : 52 <-- 0.005220 s
currentSize : 53 <-- 0.005416 s
currentSize : 54 <-- 0.005562 s
currentSize : 56 <-- 0.005768 s
currentSize : 59 <-- 0.005936 s
currentSize : 63 <-- 4.430948 s
currentSize : 64 <-- 4.431242 s

maxsize : 64
nodes : 1022599.000000
filtered : 5902759.000000
time : 5.219667
