Parameters: GAD=1 vflib=1 dir=0 label=1 lowerbound=1 fileNameGp=../../cp2016-max-common-connected-subgraph-paper/datasets/graphsdb/mcs90/bvg/b06/mcs90_b06_s40.A04 fileNameGt=../../cp2016-max-common-connected-subgraph-paper/datasets/graphsdb/mcs90/bvg/b06/mcs90_b06_s40.B04
Reading graphs...
40 :  120
40 :  120
Initializing...
maxdom : 9
D->valSize : 242
Solving...
Blb : 3 (clique : 17)
currentSize : 17 <-- 0.001365 s
currentSize : 19 <-- 0.001457 s
currentSize : 21 <-- 0.003157 s
currentSize : 23 <-- 0.013516 s
currentSize : 24 <-- 0.014000 s
currentSize : 26 <-- 0.014085 s
currentSize : 27 <-- 0.014105 s
currentSize : 29 <-- 0.018881 s
currentSize : 36 <-- 0.019260 s

maxsize : 36
nodes : 6545.000000
filtered : 28036.000000
time : 0.019444
