Parameters: GAD=1 vflib=1 dir=0 label=1 lowerbound=1 fileNameGp=../../cp2016-max-common-connected-subgraph-paper/datasets/graphsdb/mcs90/rand/r02/mcs90_r02_s90.A06 fileNameGt=../../cp2016-max-common-connected-subgraph-paper/datasets/graphsdb/mcs90/rand/r02/mcs90_r02_s90.B06
Reading graphs...
90 :  1451
90 :  1443
Initializing...
maxdom : 8
D->valSize : 562
Solving...
Blb : 3 (clique : 8)
currentSize : 8 <-- 0.005909 s
currentSize : 10 <-- 0.007233 s
currentSize : 11 <-- 0.007360 s
currentSize : 13 <-- 0.007839 s
currentSize : 28 <-- 0.010025 s
currentSize : 29 <-- 0.010150 s
currentSize : 50 <-- 0.016743 s
currentSize : 51 <-- 0.030071 s
currentSize : 52 <-- 1.305318 s

TIMEOUT
maxsize : 52
nodes : 291862491.000000
filtered : 60448687.000000
time : 1000.000061
