Parameters: GAD=1 vflib=1 dir=0 label=1 lowerbound=1 fileNameGp=../../cp2016-max-common-connected-subgraph-paper/datasets/graphsdb/mcs90/m3D/m3Dr4/mcs90_m3Dr4_s80.A09 fileNameGt=../../cp2016-max-common-connected-subgraph-paper/datasets/graphsdb/mcs90/m3D/m3Dr4/mcs90_m3Dr4_s80.B09
Reading graphs...
80 :  214
80 :  214
Initializing...
maxdom : 10
D->valSize : 475
Solving...
Blb : 2 (clique : 46)
currentSize : 46 <-- 0.004784 s
currentSize : 49 <-- 0.005047 s
currentSize : 50 <-- 0.005142 s
currentSize : 52 <-- 0.005402 s
currentSize : 53 <-- 0.005572 s
currentSize : 56 <-- 0.010517 s
currentSize : 57 <-- 0.010684 s
currentSize : 58 <-- 0.011122 s
currentSize : 59 <-- 0.011292 s
currentSize : 60 <-- 0.011456 s
currentSize : 61 <-- 0.409532 s
currentSize : 62 <-- 0.409703 s
currentSize : 63 <-- 0.409888 s
currentSize : 64 <-- 0.410069 s

maxsize : 64
nodes : 181814.000000
filtered : 1011841.000000
time : 0.844500
