Parameters: GAD=1 vflib=1 dir=0 label=1 lowerbound=1 fileNameGp=../../cp2016-max-common-connected-subgraph-paper/datasets/graphsdb/mcs90/rand/r01/mcs90_r01_s60.A02 fileNameGt=../../cp2016-max-common-connected-subgraph-paper/datasets/graphsdb/mcs90/rand/r01/mcs90_r01_s60.B02
Reading graphs...
60 :  336
60 :  338
Initializing...
maxdom : 10
D->valSize : 297
Solving...
Blb : 2 (clique : 15)
currentSize : 15 <-- 0.002205 s
currentSize : 18 <-- 0.002351 s
currentSize : 19 <-- 0.002437 s
currentSize : 20 <-- 0.002513 s
currentSize : 24 <-- 0.002607 s
currentSize : 30 <-- 0.002972 s
currentSize : 34 <-- 0.005909 s
currentSize : 49 <-- 0.010948 s

maxsize : 49
nodes : 6932.000000
filtered : 33781.000000
time : 0.025565
