Parameters: GAD=1 vflib=1 dir=0 label=1 lowerbound=1 fileNameGp=../../cp2016-max-common-connected-subgraph-paper/datasets/graphsdb/mcs90/m2D/m2D/mcs90_m2D_s100.A04 fileNameGt=../../cp2016-max-common-connected-subgraph-paper/datasets/graphsdb/mcs90/m2D/m2D/mcs90_m2D_s100.B04
Reading graphs...
100 :  180
100 :  180
Initializing...
maxdom : 8
D->valSize : 408
Solving...
Blb : 2 (clique : 64)
currentSize : 64 <-- 0.004619 s
currentSize : 67 <-- 0.005100 s
currentSize : 68 <-- 0.005398 s
currentSize : 71 <-- 0.005667 s
currentSize : 72 <-- 0.009503 s
currentSize : 73 <-- 0.009816 s
currentSize : 76 <-- 0.010080 s
currentSize : 77 <-- 0.023991 s
currentSize : 78 <-- 0.024311 s
currentSize : 81 <-- 0.024591 s

maxsize : 81
nodes : 7776.000000
filtered : 26586.000000
time : 0.042731
