Parameters: GAD=1 vflib=1 dir=0 label=1 lowerbound=1 fileNameGp=../../cp2016-max-common-connected-subgraph-paper/datasets/graphsdb/mcs90/m2D/m2Dr6/mcs90_m2Dr6_s80.A03 fileNameGt=../../cp2016-max-common-connected-subgraph-paper/datasets/graphsdb/mcs90/m2D/m2Dr6/mcs90_m2Dr6_s80.B03
Reading graphs...
80 :  190
80 :  189
Initializing...
maxdom : 10
D->valSize : 472
Solving...
Blb : 2 (clique : 40)
currentSize : 40 <-- 0.004717 s
currentSize : 43 <-- 0.004999 s
currentSize : 47 <-- 0.005223 s
currentSize : 48 <-- 0.006981 s
currentSize : 51 <-- 0.007107 s
currentSize : 55 <-- 0.082122 s
currentSize : 56 <-- 0.233276 s
currentSize : 60 <-- 0.233426 s
currentSize : 64 <-- 0.278611 s

maxsize : 64
nodes : 274490.000000
filtered : 1492616.000000
time : 1.174757
