Parameters: GAD=1 vflib=1 dir=0 label=1 lowerbound=1 fileNameGp=../../cp2016-max-common-connected-subgraph-paper/datasets/graphsdb/mcs90/bvg/b06/mcs90_b06_s70.A05 fileNameGt=../../cp2016-max-common-connected-subgraph-paper/datasets/graphsdb/mcs90/bvg/b06/mcs90_b06_s70.B05
Reading graphs...
70 :  210
70 :  209
Initializing...
maxdom : 8
D->valSize : 363
Solving...
Blb : 2 (clique : 43)
currentSize : 43 <-- 0.003110 s
currentSize : 45 <-- 0.003643 s
currentSize : 46 <-- 0.004004 s
currentSize : 49 <-- 0.004118 s
currentSize : 51 <-- 0.004209 s
currentSize : 53 <-- 0.004595 s
currentSize : 55 <-- 0.004689 s
currentSize : 61 <-- 0.031096 s
currentSize : 63 <-- 0.031216 s

maxsize : 63
nodes : 6856.000000
filtered : 28548.000000
time : 0.031565
