Parameters: GAD=1 vflib=1 dir=0 label=1 lowerbound=1 fileNameGp=../../cp2016-max-common-connected-subgraph-paper/datasets/graphsdb/mcs90/bvg/b06m/mcs90_b06m_s90.A07 fileNameGt=../../cp2016-max-common-connected-subgraph-paper/datasets/graphsdb/mcs90/bvg/b06m/mcs90_b06m_s90.B07
Reading graphs...
90 :  267
90 :  267
Initializing...
maxdom : 11
D->valSize : 627
Solving...
Blb : 2 (clique : 53)
currentSize : 53 <-- 0.008079 s
currentSize : 56 <-- 0.008426 s
currentSize : 57 <-- 0.009022 s
currentSize : 59 <-- 0.012183 s
currentSize : 61 <-- 0.012367 s
currentSize : 64 <-- 0.012646 s
currentSize : 67 <-- 0.013666 s
currentSize : 69 <-- 0.013878 s
currentSize : 72 <-- 0.014197 s
currentSize : 80 <-- 0.033242 s

maxsize : 80
nodes : 28834.000000
filtered : 155390.000000
time : 0.149210
