Parameters: GAD=1 vflib=1 dir=0 label=1 lowerbound=1 fileNameGp=../../cp2016-max-common-connected-subgraph-paper/datasets/graphsdb/mcs90/m3D/m3Dr2/mcs90_m3Dr2_s80.A04 fileNameGt=../../cp2016-max-common-connected-subgraph-paper/datasets/graphsdb/mcs90/m3D/m3Dr2/mcs90_m3Dr2_s80.B04
Reading graphs...
80 :  200
80 :  195
Initializing...
maxdom : 9
D->valSize : 470
Solving...
Blb : 3 (clique : 41)
currentSize : 41 <-- 0.004971 s
currentSize : 42 <-- 0.899561 s
currentSize : 44 <-- 0.905720 s
currentSize : 47 <-- 2.282334 s
currentSize : 48 <-- 3.073080 s
currentSize : 49 <-- 6.374101 s
currentSize : 50 <-- 6.374189 s
currentSize : 51 <-- 7.969769 s
currentSize : 52 <-- 10.094880 s
currentSize : 53 <-- 10.403962 s
currentSize : 54 <-- 10.951288 s
currentSize : 55 <-- 11.082591 s
currentSize : 57 <-- 11.346441 s
currentSize : 58 <-- 11.619297 s
currentSize : 62 <-- 11.923473 s
currentSize : 64 <-- 11.923885 s

maxsize : 64
nodes : 2599992.000000
filtered : 16091423.000000
time : 12.429933
