Parameters: GAD=1 vflib=1 dir=0 label=1 lowerbound=1 fileNameGp=../../cp2016-max-common-connected-subgraph-paper/datasets/graphsdb/mcs90/m3D/m3Dr2/mcs90_m3Dr2_s80.A03 fileNameGt=../../cp2016-max-common-connected-subgraph-paper/datasets/graphsdb/mcs90/m3D/m3Dr2/mcs90_m3Dr2_s80.B03
Reading graphs...
80 :  200
80 :  199
Initializing...
maxdom : 9
D->valSize : 430
Solving...
Blb : 2 (clique : 44)
currentSize : 44 <-- 0.004181 s
currentSize : 45 <-- 0.005066 s
currentSize : 48 <-- 0.170011 s
currentSize : 49 <-- 0.170211 s
currentSize : 50 <-- 0.170325 s
currentSize : 52 <-- 0.300098 s
currentSize : 54 <-- 0.301149 s
currentSize : 56 <-- 0.301302 s
currentSize : 57 <-- 0.354163 s
currentSize : 58 <-- 0.429853 s
currentSize : 64 <-- 0.430132 s

maxsize : 64
nodes : 80847.000000
filtered : 580216.000000
time : 0.433361
