Parameters: GAD=1 vflib=1 dir=0 label=1 lowerbound=1 fileNameGp=../../cp2016-max-common-connected-subgraph-paper/datasets/graphsdb/mcs90/rand/r02/mcs90_r02_s80.A00 fileNameGt=../../cp2016-max-common-connected-subgraph-paper/datasets/graphsdb/mcs90/rand/r02/mcs90_r02_s80.B00
Reading graphs...
80 :  1134
80 :  1132
Initializing...
maxdom : 9
D->valSize : 466
Solving...
Blb : 3 (clique : 44)
currentSize : 44 <-- 0.004476 s
currentSize : 45 <-- 0.011329 s
currentSize : 46 <-- 0.030336 s
currentSize : 47 <-- 0.106650 s
currentSize : 48 <-- 0.438377 s
currentSize : 49 <-- 0.452085 s
currentSize : 50 <-- 0.496354 s
currentSize : 51 <-- 0.580934 s

maxsize : 51
nodes : 61645975.000000
filtered : 40360708.000000
time : 215.829269
