Parameters: GAD=1 vflib=1 dir=0 label=1 lowerbound=1 fileNameGp=../../cp2016-max-common-connected-subgraph-paper/datasets/graphsdb/mcs90/bvg/b06/mcs90_b06_s40.A08 fileNameGt=../../cp2016-max-common-connected-subgraph-paper/datasets/graphsdb/mcs90/bvg/b06/mcs90_b06_s40.B08
Reading graphs...
40 :  120
40 :  119
Initializing...
maxdom : 8
D->valSize : 246
Solving...
Blb : 3 (clique : 10)
currentSize : 10 <-- 0.001382 s
currentSize : 11 <-- 0.001457 s
currentSize : 12 <-- 0.001570 s
currentSize : 14 <-- 0.001632 s
currentSize : 15 <-- 0.001850 s
currentSize : 17 <-- 0.001911 s
currentSize : 18 <-- 0.002236 s
currentSize : 19 <-- 0.003214 s
currentSize : 22 <-- 0.005716 s
currentSize : 23 <-- 0.005738 s
currentSize : 27 <-- 0.005759 s
currentSize : 36 <-- 0.006764 s

maxsize : 36
nodes : 1721.000000
filtered : 11946.000000
time : 0.006871
