Parameters: GAD=1 vflib=1 dir=0 label=1 lowerbound=1 fileNameGp=../../cp2016-max-common-connected-subgraph-paper/datasets/graphsdb/mcs90/bvg/b06/mcs90_b06_s80.A01 fileNameGt=../../cp2016-max-common-connected-subgraph-paper/datasets/graphsdb/mcs90/bvg/b06/mcs90_b06_s80.B01
Reading graphs...
80 :  240
80 :  239
Initializing...
maxdom : 11
D->valSize : 480
Solving...
Blb : 2 (clique : 39)
currentSize : 39 <-- 0.008142 s
currentSize : 40 <-- 0.008797 s
currentSize : 43 <-- 0.010134 s
currentSize : 46 <-- 0.010418 s
currentSize : 47 <-- 0.011127 s
currentSize : 48 <-- 0.011874 s
currentSize : 49 <-- 0.013200 s
currentSize : 50 <-- 0.014005 s
currentSize : 54 <-- 0.024636 s
currentSize : 56 <-- 0.025023 s
currentSize : 61 <-- 0.041693 s
currentSize : 63 <-- 0.042063 s
currentSize : 65 <-- 0.055530 s
currentSize : 72 <-- 0.055710 s

maxsize : 72
nodes : 10882.000000
filtered : 57852.000000
time : 0.064880
