Parameters: GAD=1 vflib=1 dir=0 label=1 lowerbound=1 fileNameGp=../../cp2016-max-common-connected-subgraph-paper/datasets/graphsdb/mcs90/rand/r01/mcs90_r01_s80.A08 fileNameGt=../../cp2016-max-common-connected-subgraph-paper/datasets/graphsdb/mcs90/rand/r01/mcs90_r01_s80.B08
Reading graphs...
80 :  592
80 :  595
Initializing...
maxdom : 9
D->valSize : 466
Solving...
Blb : 2 (clique : 21)
currentSize : 21 <-- 0.004343 s
currentSize : 27 <-- 0.005424 s
currentSize : 28 <-- 0.005480 s
currentSize : 39 <-- 0.019155 s
currentSize : 41 <-- 0.019237 s
currentSize : 43 <-- 0.060108 s
currentSize : 44 <-- 0.060189 s
currentSize : 60 <-- 0.334210 s
currentSize : 62 <-- 0.334310 s
currentSize : 63 <-- 0.347712 s

maxsize : 63
nodes : 2090919.000000
filtered : 948554.000000
time : 6.593094
