Parameters: GAD=1 vflib=1 dir=0 label=1 lowerbound=1 fileNameGp=../../cp2016-max-common-connected-subgraph-paper/datasets/graphsdb/mcs90/m2D/m2Dr6/mcs90_m2Dr6_s80.A07 fileNameGt=../../cp2016-max-common-connected-subgraph-paper/datasets/graphsdb/mcs90/m2D/m2Dr6/mcs90_m2Dr6_s80.B07
Reading graphs...
80 :  190
80 :  189
Initializing...
maxdom : 8
D->valSize : 426
Solving...
Blb : 2 (clique : 41)
currentSize : 41 <-- 0.004198 s
currentSize : 43 <-- 0.004586 s
currentSize : 44 <-- 0.006456 s
currentSize : 45 <-- 0.006570 s
currentSize : 46 <-- 0.007565 s
currentSize : 47 <-- 0.103136 s
currentSize : 49 <-- 0.132071 s
currentSize : 50 <-- 0.132331 s
currentSize : 51 <-- 1.886631 s
currentSize : 52 <-- 1.886762 s
currentSize : 54 <-- 1.890338 s
currentSize : 55 <-- 1.890587 s
currentSize : 58 <-- 2.020081 s
currentSize : 59 <-- 2.020330 s
currentSize : 63 <-- 3.122371 s
currentSize : 64 <-- 3.122525 s

maxsize : 64
nodes : 690152.000000
filtered : 3403151.000000
time : 3.276943
