Parameters: GAD=1 vflib=1 dir=0 label=1 lowerbound=1 fileNameGp=../../cp2016-max-common-connected-subgraph-paper/datasets/graphsdb/mcs90/m2D/m2Dr6/mcs90_m2Dr6_s60.A02 fileNameGt=../../cp2016-max-common-connected-subgraph-paper/datasets/graphsdb/mcs90/m2D/m2Dr6/mcs90_m2Dr6_s60.B02
Reading graphs...
60 :  136
60 :  133
Initializing...
maxdom : 9
D->valSize : 280
Solving...
Blb : 3 (clique : 26)
currentSize : 26 <-- 0.001990 s
currentSize : 27 <-- 0.007627 s
currentSize : 28 <-- 0.023273 s
currentSize : 29 <-- 0.023365 s
currentSize : 30 <-- 0.041060 s
currentSize : 31 <-- 0.045133 s
currentSize : 32 <-- 0.061806 s
currentSize : 35 <-- 0.067295 s
currentSize : 38 <-- 0.067381 s
currentSize : 39 <-- 0.067504 s
currentSize : 40 <-- 0.080263 s
currentSize : 41 <-- 0.080386 s
currentSize : 45 <-- 0.089327 s
currentSize : 47 <-- 0.089456 s

maxsize : 47
nodes : 24576.000000
filtered : 166931.000000
time : 0.103156
