Parameters: GAD=1 vflib=1 dir=0 label=1 lowerbound=1 fileNameGp=../../cp2016-max-common-connected-subgraph-paper/datasets/graphsdb/mcs90/m2D/m2Dr6/mcs90_m2Dr6_s100.A05 fileNameGt=../../cp2016-max-common-connected-subgraph-paper/datasets/graphsdb/mcs90/m2D/m2Dr6/mcs90_m2Dr6_s100.B05
Reading graphs...
100 :  238
100 :  238
Initializing...
maxdom : 8
D->valSize : 373
Solving...
Blb : 2 (clique : 64)
currentSize : 64 <-- 0.003998 s
currentSize : 67 <-- 0.004376 s
currentSize : 70 <-- 0.004602 s
currentSize : 73 <-- 0.004789 s
currentSize : 77 <-- 0.005124 s
currentSize : 78 <-- 0.006452 s
currentSize : 80 <-- 0.013570 s
currentSize : 81 <-- 0.014332 s

maxsize : 81
nodes : 28384.000000
filtered : 180966.000000
time : 0.172615
