Parameters: GAD=1 vflib=1 dir=0 label=1 lowerbound=1 fileNameGp=../../cp2016-max-common-connected-subgraph-paper/datasets/graphsdb/mcs90/m2D/m2D/mcs90_m2D_s80.A00 fileNameGt=../../cp2016-max-common-connected-subgraph-paper/datasets/graphsdb/mcs90/m2D/m2D/mcs90_m2D_s80.B00
Reading graphs...
80 :  142
80 :  142
Initializing...
maxdom : 7
D->valSize : 428
Solving...
Blb : 2 (clique : 50)
currentSize : 50 <-- 0.004331 s
currentSize : 54 <-- 0.004695 s
currentSize : 55 <-- 0.004901 s
currentSize : 56 <-- 0.005712 s
currentSize : 57 <-- 0.005841 s
currentSize : 58 <-- 0.005987 s
currentSize : 59 <-- 0.006251 s
currentSize : 60 <-- 0.024084 s
currentSize : 61 <-- 0.024218 s
currentSize : 63 <-- 0.024490 s
currentSize : 64 <-- 5.978039 s

maxsize : 64
nodes : 3452028.000000
filtered : 18601222.000000
time : 16.762438
