Parameters: GAD=1 vflib=1 dir=0 label=1 lowerbound=1 fileNameGp=../../cp2016-max-common-connected-subgraph-paper/datasets/graphsdb/mcs90/bvg/b03m/mcs90_b03m_s90.A04 fileNameGt=../../cp2016-max-common-connected-subgraph-paper/datasets/graphsdb/mcs90/bvg/b03m/mcs90_b03m_s90.B04
Reading graphs...
90 :  135
90 :  135
Initializing...
maxdom : 10
D->valSize : 569
Solving...
Blb : 2 (clique : 55)
currentSize : 55 <-- 0.012027 s
currentSize : 56 <-- 0.012665 s
currentSize : 57 <-- 0.012803 s
currentSize : 59 <-- 48.602856 s
currentSize : 60 <-- 48.602997 s
currentSize : 62 <-- 128.432968 s
currentSize : 64 <-- 128.433105 s
currentSize : 65 <-- 138.578461 s
currentSize : 66 <-- 139.782181 s
currentSize : 67 <-- 140.342148 s
currentSize : 68 <-- 140.342316 s
currentSize : 70 <-- 148.298492 s
currentSize : 72 <-- 148.298630 s
currentSize : 73 <-- 148.299133 s
currentSize : 74 <-- 148.330124 s
currentSize : 75 <-- 148.541962 s
currentSize : 76 <-- 148.542236 s
currentSize : 77 <-- 148.557251 s
currentSize : 79 <-- 148.557388 s
currentSize : 80 <-- 148.557755 s

maxsize : 80
nodes : 29376688.000000
filtered : 156669476.000000
time : 148.589737
