Parameters: GAD=1 vflib=1 dir=0 label=1 lowerbound=1 fileNameGp=../../cp2016-max-common-connected-subgraph-paper/datasets/graphsdb/mcs90/bvg/b06/mcs90_b06_s50.A05 fileNameGt=../../cp2016-max-common-connected-subgraph-paper/datasets/graphsdb/mcs90/bvg/b06/mcs90_b06_s50.B05
Reading graphs...
50 :  150
50 :  150
Initializing...
maxdom : 8
D->valSize : 322
Solving...
Blb : 5 (clique : 14)
currentSize : 14 <-- 0.002187 s
currentSize : 15 <-- 0.002450 s
currentSize : 16 <-- 0.002515 s
currentSize : 17 <-- 0.004043 s
currentSize : 18 <-- 0.008697 s
currentSize : 19 <-- 0.008734 s
currentSize : 20 <-- 0.008814 s
currentSize : 23 <-- 0.012587 s
currentSize : 24 <-- 0.013348 s
currentSize : 25 <-- 0.013399 s
currentSize : 26 <-- 0.013804 s
currentSize : 30 <-- 0.070643 s
currentSize : 31 <-- 0.072404 s
currentSize : 33 <-- 0.079723 s
currentSize : 34 <-- 0.079827 s
currentSize : 45 <-- 0.139461 s

maxsize : 45
nodes : 40879.000000
filtered : 225639.000000
time : 0.139831
