Parameters: GAD=1 vflib=1 dir=0 label=1 lowerbound=1 fileNameGp=../../cp2016-max-common-connected-subgraph-paper/datasets/graphsdb/mcs90/m2D/m2Dr2/mcs90_m2Dr2_s100.A02 fileNameGt=../../cp2016-max-common-connected-subgraph-paper/datasets/graphsdb/mcs90/m2D/m2Dr2/mcs90_m2Dr2_s100.B02
Reading graphs...
100 :  200
100 :  200
Initializing...
maxdom : 8
D->valSize : 412
Solving...
Blb : 2 (clique : 60)
currentSize : 60 <-- 0.007770 s
currentSize : 63 <-- 0.008398 s
currentSize : 67 <-- 0.009599 s
currentSize : 70 <-- 0.009846 s
currentSize : 73 <-- 0.012947 s
currentSize : 75 <-- 0.025890 s
currentSize : 76 <-- 0.136550 s
currentSize : 79 <-- 0.137151 s
currentSize : 81 <-- 0.140074 s

maxsize : 81
nodes : 49970.000000
filtered : 239564.000000
time : 0.303385
