Parameters: GAD=1 vflib=1 dir=0 label=0 lowerbound=1 fileNameGp=../../cp2016-max-common-connected-subgraph-paper/datasets/graphsdb/mcs10/rand/r01/mcs10_r01_s30.A02 fileNameGt=../../cp2016-max-common-connected-subgraph-paper/datasets/graphsdb/mcs10/rand/r01/mcs10_r01_s30.B02
Reading graphs...
30 :  84
30 :  84
Initializing...
maxdom : 30
D->valSize : 900
Solving...
currentSize : 11 <-- 0.010333 s
currentSize : 12 <-- 0.010365 s
currentSize : 13 <-- 0.010606 s
currentSize : 14 <-- 0.010923 s
currentSize : 15 <-- 0.016053 s
currentSize : 16 <-- 0.041382 s
currentSize : 17 <-- 1.426546 s
currentSize : 18 <-- 34.260723 s
currentSize : 19 <-- 95.809242 s

maxsize : 19
nodes : 18194202.000000
filtered : 426087085.000000
CCGP filtered : 18236593.000000
CCGT filtered : 13067876.000000
time : 172.297028
