Parameters: GAD=1 vflib=1 dir=0 label=0 lowerbound=1 fileNameGp=../../cp2016-max-common-connected-subgraph-paper/datasets/graphsdb/mcs10/rand/r005/mcs10_r005_s50.A04 fileNameGt=../../cp2016-max-common-connected-subgraph-paper/datasets/graphsdb/mcs10/rand/r005/mcs10_r005_s50.B04
Reading graphs...
50 :  122
50 :  124
Initializing...
maxdom : 50
D->valSize : 2500
Solving...
currentSize : 19 <-- 0.094381 s
currentSize : 20 <-- 0.094565 s
currentSize : 21 <-- 0.095549 s
currentSize : 22 <-- 0.100982 s
currentSize : 23 <-- 0.127490 s
currentSize : 24 <-- 0.147467 s
currentSize : 25 <-- 0.207947 s
currentSize : 26 <-- 1.082364 s
currentSize : 27 <-- 4.999209 s
currentSize : 28 <-- 54.343349 s
currentSize : 29 <-- 298.286469 s

TIMEOUT
maxsize : 29
nodes : 63324593.000000
filtered : 1849965596.000000
CCGP filtered : 565682188.000000
CCGT filtered : 391890859.000000
time : 1000.000000
