Parameters: GAD=1 vflib=1 dir=0 label=0 lowerbound=1 fileNameGp=../../cp2016-max-common-connected-subgraph-paper/datasets/graphsdb/mcs10/m2D/m2Dr6/mcs10_m2Dr6_s40.A00 fileNameGt=../../cp2016-max-common-connected-subgraph-paper/datasets/graphsdb/mcs10/m2D/m2Dr6/mcs10_m2Dr6_s40.B00
Reading graphs...
40 :  89
40 :  87
Initializing...
maxdom : 40
D->valSize : 1600
Solving...
currentSize : 14 <-- 0.036434 s
currentSize : 16 <-- 0.036570 s
currentSize : 18 <-- 0.036821 s
currentSize : 19 <-- 0.043242 s
currentSize : 20 <-- 0.055215 s
currentSize : 21 <-- 0.057620 s
currentSize : 22 <-- 0.057674 s
currentSize : 23 <-- 0.382109 s
currentSize : 24 <-- 2.550594 s
currentSize : 25 <-- 47.965721 s
currentSize : 26 <-- 715.264343 s

TIMEOUT
maxsize : 26
nodes : 80764021.000000
filtered : 2496157527.000000
CCGP filtered : 538298554.000000
CCGT filtered : 322398268.000000
time : 1000.000061
