Parameters: GAD=1 vflib=1 dir=0 label=0 lowerbound=1 fileNameGp=../../cp2016-max-common-connected-subgraph-paper/datasets/graphsdb/mcs10/bvg/b03m/mcs10_b03m_s40.A07 fileNameGt=../../cp2016-max-common-connected-subgraph-paper/datasets/graphsdb/mcs10/bvg/b03m/mcs10_b03m_s40.B07
Reading graphs...
40 :  59
40 :  59
Initializing...
maxdom : 40
D->valSize : 1600
Solving...
currentSize : 18 <-- 0.037055 s
currentSize : 19 <-- 0.037163 s
currentSize : 20 <-- 0.037310 s
currentSize : 23 <-- 0.037366 s
currentSize : 24 <-- 0.101066 s
currentSize : 25 <-- 0.243928 s
currentSize : 26 <-- 0.660364 s
currentSize : 27 <-- 1.996298 s
currentSize : 28 <-- 6.309142 s
currentSize : 29 <-- 29.937223 s
currentSize : 30 <-- 35.276173 s

maxsize : 30
nodes : 10090103.000000
filtered : 377381443.000000
CCGP filtered : 311873338.000000
CCGT filtered : 167052322.000000
time : 137.552216
