Parameters: GAD=1 vflib=1 dir=0 label=0 lowerbound=1 fileNameGp=../../cp2016-max-common-connected-subgraph-paper/datasets/graphsdb/mcs10/bvg/b03m/mcs10_b03m_s40.A00 fileNameGt=../../cp2016-max-common-connected-subgraph-paper/datasets/graphsdb/mcs10/bvg/b03m/mcs10_b03m_s40.B00
Reading graphs...
40 :  58
40 :  59
Initializing...
maxdom : 40
D->valSize : 1600
Solving...
currentSize : 20 <-- 0.036799 s
currentSize : 21 <-- 0.036910 s
currentSize : 22 <-- 0.037149 s
currentSize : 23 <-- 0.074073 s
currentSize : 24 <-- 0.840302 s
currentSize : 25 <-- 2.116089 s
currentSize : 26 <-- 10.641355 s
currentSize : 27 <-- 13.106042 s
currentSize : 28 <-- 14.184054 s
currentSize : 29 <-- 100.414413 s

maxsize : 29
nodes : 19837361.000000
filtered : 701484554.000000
CCGP filtered : 520379573.000000
CCGT filtered : 253597914.000000
time : 255.479141
