Parameters: GAD=1 vflib=1 dir=0 label=0 lowerbound=1 fileNameGp=../../cp2016-max-common-connected-subgraph-paper/datasets/graphsdb/mcs10/rand/r005/mcs10_r005_s35.A07 fileNameGt=../../cp2016-max-common-connected-subgraph-paper/datasets/graphsdb/mcs10/rand/r005/mcs10_r005_s35.B07
Reading graphs...
35 :  61
35 :  60
Initializing...
maxdom : 35
D->valSize : 1225
Solving...
currentSize : 15 <-- 0.035584 s
currentSize : 16 <-- 0.035680 s
currentSize : 17 <-- 0.036893 s
currentSize : 18 <-- 0.040076 s
currentSize : 19 <-- 0.087611 s
currentSize : 20 <-- 0.211041 s
currentSize : 21 <-- 1.336073 s
currentSize : 22 <-- 2.197915 s
currentSize : 23 <-- 11.601553 s
currentSize : 24 <-- 202.233109 s

maxsize : 24
nodes : 44529527.000000
filtered : 1223264743.000000
CCGP filtered : 493627889.000000
CCGT filtered : 284458022.000000
time : 458.627594
