Parameters: GAD=1 vflib=1 dir=0 label=0 lowerbound=1 fileNameGp=../../cp2016-max-common-connected-subgraph-paper/datasets/graphsdb/mcs10/m2D/m2D/mcs10_m2D_s40.A08 fileNameGt=../../cp2016-max-common-connected-subgraph-paper/datasets/graphsdb/mcs10/m2D/m2D/mcs10_m2D_s40.B08
Reading graphs...
40 :  67
40 :  67
Initializing...
maxdom : 40
D->valSize : 1600
Solving...
currentSize : 16 <-- 0.036845 s
currentSize : 17 <-- 0.036964 s
currentSize : 19 <-- 0.037906 s
currentSize : 20 <-- 0.040277 s
currentSize : 21 <-- 0.086118 s
currentSize : 22 <-- 0.393219 s
currentSize : 23 <-- 3.268051 s
currentSize : 24 <-- 3.440756 s
currentSize : 25 <-- 37.706371 s
currentSize : 26 <-- 42.336018 s
currentSize : 27 <-- 145.280930 s

TIMEOUT
maxsize : 27
nodes : 77782914.000000
filtered : 2332419692.000000
CCGP filtered : 1019315016.000000
CCGT filtered : 913587296.000000
time : 1000.000000
