Parameters: GAD=1 vflib=1 dir=0 label=0 lowerbound=1 fileNameGp=../../cp2016-max-common-connected-subgraph-paper/datasets/graphsdb/mcs10/bvg/b03m/mcs10_b03m_s50.A08 fileNameGt=../../cp2016-max-common-connected-subgraph-paper/datasets/graphsdb/mcs10/bvg/b03m/mcs10_b03m_s50.B08
Reading graphs...
50 :  73
50 :  73
Initializing...
maxdom : 50
D->valSize : 2500
Solving...
currentSize : 13 <-- 0.101284 s
currentSize : 15 <-- 0.101356 s
currentSize : 20 <-- 0.101604 s
currentSize : 22 <-- 0.102039 s
currentSize : 24 <-- 0.102095 s
currentSize : 25 <-- 0.108533 s
currentSize : 26 <-- 0.118018 s
currentSize : 27 <-- 0.315461 s
currentSize : 29 <-- 0.597351 s
currentSize : 30 <-- 1.428018 s
currentSize : 31 <-- 22.183981 s
currentSize : 32 <-- 22.328259 s
currentSize : 33 <-- 34.310265 s
currentSize : 34 <-- 141.516876 s
currentSize : 35 <-- 251.357590 s

TIMEOUT
maxsize : 35
nodes : 70400693.000000
filtered : 2117950394.000000
CCGP filtered : 1741286581.000000
CCGT filtered : 1018477936.000000
time : 1000.000061
