Parameters: GAD=1 vflib=1 dir=0 label=0 lowerbound=1 fileNameGp=../../cp2016-max-common-connected-subgraph-paper/datasets/graphsdb/mcs10/rand/r005/mcs10_r005_s30.A08 fileNameGt=../../cp2016-max-common-connected-subgraph-paper/datasets/graphsdb/mcs10/rand/r005/mcs10_r005_s30.B08
Reading graphs...
30 :  45
30 :  44
Initializing...
maxdom : 30
D->valSize : 900
Solving...
currentSize : 8 <-- 0.011313 s
currentSize : 10 <-- 0.011440 s
currentSize : 11 <-- 0.011815 s
currentSize : 12 <-- 0.011947 s
currentSize : 14 <-- 0.012288 s
currentSize : 15 <-- 0.012604 s
currentSize : 16 <-- 0.016272 s
currentSize : 17 <-- 0.035230 s
currentSize : 18 <-- 0.491650 s
currentSize : 19 <-- 0.517388 s
currentSize : 20 <-- 2.117556 s
currentSize : 21 <-- 3.193828 s
currentSize : 22 <-- 3.193918 s

maxsize : 22
nodes : 555142.000000
filtered : 12510363.000000
CCGP filtered : 8432253.000000
CCGT filtered : 6307188.000000
time : 5.405440
