Parameters: GAD=1 vflib=1 dir=0 label=0 lowerbound=1 fileNameGp=../../cp2016-max-common-connected-subgraph-paper/datasets/graphsdb/mcs10/bvg/b03/mcs10_b03_s50.A02 fileNameGt=../../cp2016-max-common-connected-subgraph-paper/datasets/graphsdb/mcs10/bvg/b03/mcs10_b03_s50.B02
Reading graphs...
50 :  74
50 :  75
Initializing...
maxdom : 50
D->valSize : 2500
Solving...
currentSize : 20 <-- 0.101495 s
currentSize : 24 <-- 0.101651 s
currentSize : 25 <-- 0.101828 s
currentSize : 26 <-- 0.229874 s
currentSize : 27 <-- 0.235258 s
currentSize : 28 <-- 0.250008 s
currentSize : 29 <-- 0.436857 s
currentSize : 30 <-- 19.209007 s
currentSize : 31 <-- 19.686024 s
currentSize : 32 <-- 21.651924 s
currentSize : 33 <-- 21.919514 s
currentSize : 34 <-- 139.223068 s

TIMEOUT
maxsize : 34
nodes : 61499167.000000
filtered : 1962036433.000000
CCGP filtered : 2150444368.000000
CCGT filtered : 1315083900.000000
time : 1000.000061
