Parameters: GAD=1 vflib=1 dir=0 label=0 lowerbound=1 fileNameGp=../../cp2016-max-common-connected-subgraph-paper/datasets/graphsdb/mcs10/bvg/b03m/mcs10_b03m_s50.A02 fileNameGt=../../cp2016-max-common-connected-subgraph-paper/datasets/graphsdb/mcs10/bvg/b03m/mcs10_b03m_s50.B02
Reading graphs...
50 :  75
50 :  73
Initializing...
maxdom : 50
D->valSize : 2500
Solving...
currentSize : 24 <-- 0.099722 s
currentSize : 25 <-- 0.100389 s
currentSize : 26 <-- 0.108515 s
currentSize : 27 <-- 0.125302 s
currentSize : 28 <-- 0.311081 s
currentSize : 29 <-- 0.707979 s
currentSize : 30 <-- 0.757293 s
currentSize : 31 <-- 261.807190 s
currentSize : 32 <-- 389.778412 s
currentSize : 33 <-- 389.797272 s
currentSize : 34 <-- 574.158508 s

TIMEOUT
maxsize : 34
nodes : 72050730.000000
filtered : 2133134579.000000
CCGP filtered : 2183927864.000000
CCGT filtered : 847826158.000000
time : 1000.000061
