Parameters: GAD=1 vflib=1 dir=0 label=0 lowerbound=1 fileNameGp=../../cp2016-max-common-connected-subgraph-paper/datasets/graphsdb/mcs10/bvg/b03m/mcs10_b03m_s40.A06 fileNameGt=../../cp2016-max-common-connected-subgraph-paper/datasets/graphsdb/mcs10/bvg/b03m/mcs10_b03m_s40.B06
Reading graphs...
40 :  60
40 :  59
Initializing...
maxdom : 40
D->valSize : 1600
Solving...
currentSize : 17 <-- 0.037046 s
currentSize : 18 <-- 0.037098 s
currentSize : 19 <-- 0.037305 s
currentSize : 20 <-- 0.037578 s
currentSize : 21 <-- 0.037651 s
currentSize : 22 <-- 0.042406 s
currentSize : 24 <-- 0.042423 s
currentSize : 25 <-- 0.532691 s
currentSize : 26 <-- 6.417495 s
currentSize : 27 <-- 21.577900 s
currentSize : 28 <-- 204.507126 s
currentSize : 29 <-- 354.225677 s

maxsize : 29
nodes : 43435418.000000
filtered : 1387300306.000000
CCGP filtered : 800789073.000000
CCGT filtered : 614786094.000000
time : 549.134644
