Parameters: GAD=1 vflib=1 dir=0 label=0 lowerbound=1 fileNameGp=../../cp2016-max-common-connected-subgraph-paper/datasets/graphsdb/mcs10/rand/r005/mcs10_r005_s50.A01 fileNameGt=../../cp2016-max-common-connected-subgraph-paper/datasets/graphsdb/mcs10/rand/r005/mcs10_r005_s50.B01
Reading graphs...
50 :  122
50 :  123
Initializing...
maxdom : 50
D->valSize : 2500
Solving...
currentSize : 17 <-- 0.106197 s
currentSize : 18 <-- 0.106267 s
currentSize : 19 <-- 0.106401 s
currentSize : 21 <-- 0.106468 s
currentSize : 22 <-- 0.107416 s
currentSize : 23 <-- 0.109161 s
currentSize : 24 <-- 0.111822 s
currentSize : 25 <-- 0.206441 s
currentSize : 26 <-- 0.411324 s
currentSize : 27 <-- 1.118021 s
currentSize : 28 <-- 8.062604 s
currentSize : 29 <-- 114.081161 s
currentSize : 30 <-- 332.376709 s

TIMEOUT
maxsize : 30
nodes : 61236823.000000
filtered : 2101164112.000000
CCGP filtered : 398587716.000000
CCGT filtered : 597177859.000000
time : 1000.000061
