Parameters: GAD=1 vflib=1 dir=0 label=0 lowerbound=1 fileNameGp=../../cp2016-max-common-connected-subgraph-paper/datasets/graphsdb/mcs10/rand/r005/mcs10_r005_s30.A05 fileNameGt=../../cp2016-max-common-connected-subgraph-paper/datasets/graphsdb/mcs10/rand/r005/mcs10_r005_s30.B05
Reading graphs...
30 :  44
30 :  45
Initializing...
maxdom : 30
D->valSize : 900
Solving...
currentSize : 11 <-- 0.011040 s
currentSize : 13 <-- 0.011114 s
currentSize : 14 <-- 0.011312 s
currentSize : 15 <-- 0.011600 s
currentSize : 16 <-- 0.011876 s
currentSize : 17 <-- 0.013830 s
currentSize : 18 <-- 0.019481 s
currentSize : 19 <-- 0.034695 s
currentSize : 20 <-- 0.036914 s
currentSize : 21 <-- 0.047475 s
currentSize : 22 <-- 1.755117 s

maxsize : 22
nodes : 843028.000000
filtered : 21112435.000000
CCGP filtered : 19560920.000000
CCGT filtered : 6387122.000000
time : 8.012112
