Parameters: GAD=1 vflib=1 dir=0 label=0 lowerbound=1 fileNameGp=../../cp2016-max-common-connected-subgraph-paper/datasets/graphsdb/mcs10/rand/r005/mcs10_r005_s50.A05 fileNameGt=../../cp2016-max-common-connected-subgraph-paper/datasets/graphsdb/mcs10/rand/r005/mcs10_r005_s50.B05
Reading graphs...
50 :  121
50 :  124
Initializing...
maxdom : 50
D->valSize : 2500
Solving...
currentSize : 15 <-- 0.146444 s
currentSize : 17 <-- 0.147081 s
currentSize : 18 <-- 0.151067 s
currentSize : 19 <-- 0.156468 s
currentSize : 21 <-- 0.156789 s
currentSize : 22 <-- 0.168219 s
currentSize : 23 <-- 0.209034 s
currentSize : 24 <-- 0.262067 s
currentSize : 25 <-- 0.499183 s
currentSize : 26 <-- 2.303506 s
currentSize : 27 <-- 11.057772 s
currentSize : 28 <-- 24.386524 s
currentSize : 29 <-- 370.239349 s
currentSize : 30 <-- 385.913391 s

TIMEOUT
maxsize : 30
nodes : 63345812.000000
filtered : 1809353951.000000
CCGP filtered : 412357104.000000
CCGT filtered : 451039600.000000
time : 1000.000000
