Parameters: GAD=1 vflib=1 dir=0 label=0 lowerbound=1 fileNameGp=../../cp2016-max-common-connected-subgraph-paper/datasets/graphsdb/mcs10/m2D/m2Dr4/mcs10_m2Dr4_s50.A03 fileNameGt=../../cp2016-max-common-connected-subgraph-paper/datasets/graphsdb/mcs10/m2D/m2Dr4/mcs10_m2Dr4_s50.B03
Reading graphs...
50 :  104
50 :  103
Initializing...
maxdom : 50
D->valSize : 2500
Solving...
currentSize : 20 <-- 0.098115 s
currentSize : 22 <-- 0.098439 s
currentSize : 23 <-- 0.098818 s
currentSize : 24 <-- 0.100963 s
currentSize : 25 <-- 0.101011 s
currentSize : 26 <-- 0.134443 s
currentSize : 27 <-- 0.136397 s
currentSize : 28 <-- 0.363705 s
currentSize : 29 <-- 0.639414 s
currentSize : 30 <-- 82.673454 s
currentSize : 31 <-- 745.732788 s

TIMEOUT
maxsize : 31
nodes : 67948963.000000
filtered : 1838912143.000000
CCGP filtered : 580787420.000000
CCGT filtered : 711799829.000000
time : 1000.000000
