Parameters: GAD=1 vflib=1 dir=0 label=0 lowerbound=1 fileNameGp=../../cp2016-max-common-connected-subgraph-paper/datasets/graphsdb/mcs10/m2D/m2Dr4/mcs10_m2Dr4_s40.A04 fileNameGt=../../cp2016-max-common-connected-subgraph-paper/datasets/graphsdb/mcs10/m2D/m2Dr4/mcs10_m2Dr4_s40.B04
Reading graphs...
40 :  82
40 :  80
Initializing...
maxdom : 40
D->valSize : 1600
Solving...
currentSize : 13 <-- 0.035490 s
currentSize : 17 <-- 0.035665 s
currentSize : 18 <-- 0.035865 s
currentSize : 19 <-- 0.038526 s
currentSize : 20 <-- 0.088658 s
currentSize : 21 <-- 0.091235 s
currentSize : 22 <-- 0.143607 s
currentSize : 23 <-- 0.146813 s
currentSize : 24 <-- 1.182616 s
currentSize : 25 <-- 18.135303 s
currentSize : 26 <-- 123.480919 s
currentSize : 27 <-- 509.763733 s

TIMEOUT
maxsize : 27
nodes : 79407079.000000
filtered : 2583118449.000000
CCGP filtered : 697758126.000000
CCGT filtered : 510932142.000000
time : 1000.000000
