Parameters: GAD=1 vflib=1 dir=0 label=0 lowerbound=1 fileNameGp=../../cp2016-max-common-connected-subgraph-paper/datasets/graphsdb/mcs10/m2D/m2Dr6/mcs10_m2Dr6_s50.A05 fileNameGt=../../cp2016-max-common-connected-subgraph-paper/datasets/graphsdb/mcs10/m2D/m2Dr6/mcs10_m2Dr6_s50.B05
Reading graphs...
50 :  114
50 :  112
Initializing...
maxdom : 50
D->valSize : 2500
Solving...
currentSize : 22 <-- 0.094321 s
currentSize : 23 <-- 0.094628 s
currentSize : 24 <-- 0.100889 s
currentSize : 25 <-- 0.118540 s
currentSize : 26 <-- 0.119668 s
currentSize : 27 <-- 0.753591 s
currentSize : 28 <-- 1.973886 s
currentSize : 29 <-- 7.961664 s
currentSize : 30 <-- 14.023740 s
currentSize : 31 <-- 273.566650 s

TIMEOUT
maxsize : 31
nodes : 68440049.000000
filtered : 1933305883.000000
CCGP filtered : 327053574.000000
CCGT filtered : 372799763.000000
time : 1000.000000
