Parameters: GAD=1 vflib=1 dir=0 label=0 lowerbound=1 fileNameGp=../../cp2016-max-common-connected-subgraph-paper/datasets/graphsdb/mcs10/bvg/b03m/mcs10_b03m_s40.A09 fileNameGt=../../cp2016-max-common-connected-subgraph-paper/datasets/graphsdb/mcs10/bvg/b03m/mcs10_b03m_s40.B09
Reading graphs...
40 :  60
40 :  58
Initializing...
maxdom : 40
D->valSize : 1600
Solving...
currentSize : 18 <-- 0.036609 s
currentSize : 19 <-- 0.036721 s
currentSize : 20 <-- 0.036909 s
currentSize : 21 <-- 0.036998 s
currentSize : 22 <-- 0.037268 s
currentSize : 23 <-- 0.072923 s
currentSize : 24 <-- 2.272487 s
currentSize : 25 <-- 4.766668 s
currentSize : 26 <-- 6.353678 s
currentSize : 27 <-- 50.385536 s

maxsize : 27
nodes : 23670915.000000
filtered : 684997034.000000
CCGP filtered : 412242843.000000
CCGT filtered : 242336335.000000
time : 278.112640
