Parameters: GAD=1 vflib=1 dir=0 label=0 lowerbound=1 fileNameGp=../../cp2016-max-common-connected-subgraph-paper/datasets/graphsdb/mcs10/m2D/m2D/mcs10_m2D_s40.A02 fileNameGt=../../cp2016-max-common-connected-subgraph-paper/datasets/graphsdb/mcs10/m2D/m2D/mcs10_m2D_s40.B02
Reading graphs...
40 :  67
40 :  66
Initializing...
maxdom : 40
D->valSize : 1600
Solving...
currentSize : 16 <-- 0.036534 s
currentSize : 17 <-- 0.036616 s
currentSize : 18 <-- 0.036737 s
currentSize : 20 <-- 0.036763 s
currentSize : 21 <-- 0.037101 s
currentSize : 22 <-- 0.037915 s
currentSize : 23 <-- 0.039585 s
currentSize : 24 <-- 0.069498 s
currentSize : 25 <-- 0.515969 s
currentSize : 26 <-- 0.916107 s
currentSize : 27 <-- 1.363984 s
currentSize : 28 <-- 1.370345 s
currentSize : 29 <-- 611.951416 s

TIMEOUT
maxsize : 29
nodes : 81137260.000000
filtered : 2578884025.000000
CCGP filtered : 821611883.000000
CCGT filtered : 567885639.000000
time : 1000.000000
