Parameters: GAD=1 vflib=1 dir=0 label=0 lowerbound=1 fileNameGp=../../cp2016-max-common-connected-subgraph-paper/datasets/graphsdb/mcs10/rand/r005/mcs10_r005_s30.A01 fileNameGt=../../cp2016-max-common-connected-subgraph-paper/datasets/graphsdb/mcs10/rand/r005/mcs10_r005_s30.B01
Reading graphs...
30 :  45
30 :  45
Initializing...
maxdom : 30
D->valSize : 900
Solving...
currentSize : 5 <-- 0.019390 s
currentSize : 13 <-- 0.019600 s
currentSize : 15 <-- 0.019625 s
currentSize : 16 <-- 0.021573 s
currentSize : 17 <-- 0.022518 s
currentSize : 18 <-- 0.022565 s
currentSize : 19 <-- 0.041624 s
currentSize : 20 <-- 0.049069 s
currentSize : 21 <-- 0.439510 s
currentSize : 22 <-- 3.847488 s

maxsize : 22
nodes : 1546926.000000
filtered : 36326286.000000
CCGP filtered : 22714483.000000
CCGT filtered : 11753208.000000
time : 14.366063
