Parameters: GAD=1 vflib=1 dir=0 label=0 lowerbound=1 fileNameGp=../../cp2016-max-common-connected-subgraph-paper/datasets/graphsdb/mcs10/rand/r005/mcs10_r005_s25.A02 fileNameGt=../../cp2016-max-common-connected-subgraph-paper/datasets/graphsdb/mcs10/rand/r005/mcs10_r005_s25.B02
Reading graphs...
25 :  31
25 :  31
Initializing...
maxdom : 25
D->valSize : 625
Solving...
currentSize : 6 <-- 0.005087 s
currentSize : 7 <-- 0.005293 s
currentSize : 11 <-- 0.005328 s
currentSize : 12 <-- 0.005367 s
currentSize : 13 <-- 0.005716 s
currentSize : 14 <-- 0.007990 s
currentSize : 15 <-- 0.010004 s
currentSize : 16 <-- 0.128721 s
currentSize : 17 <-- 0.155915 s
currentSize : 18 <-- 0.156376 s
currentSize : 20 <-- 0.156413 s

maxsize : 20
nodes : 30798.000000
filtered : 472937.000000
CCGP filtered : 547653.000000
CCGT filtered : 312702.000000
time : 0.219987
