Parameters: GAD=1 vflib=1 dir=0 label=0 lowerbound=1 fileNameGp=../../cp2016-max-common-connected-subgraph-paper/datasets/graphsdb/mcs10/rand/r005/mcs10_r005_s40.A08 fileNameGt=../../cp2016-max-common-connected-subgraph-paper/datasets/graphsdb/mcs10/rand/r005/mcs10_r005_s40.B08
Reading graphs...
40 :  81
40 :  79
Initializing...
maxdom : 40
D->valSize : 1600
Solving...
currentSize : 14 <-- 0.037898 s
currentSize : 15 <-- 0.038045 s
currentSize : 16 <-- 0.038093 s
currentSize : 17 <-- 0.038271 s
currentSize : 18 <-- 0.049555 s
currentSize : 19 <-- 0.390179 s
currentSize : 20 <-- 0.392205 s
currentSize : 21 <-- 0.677700 s
currentSize : 22 <-- 2.339670 s
currentSize : 23 <-- 31.056328 s
currentSize : 24 <-- 40.151070 s
currentSize : 25 <-- 150.109787 s
currentSize : 26 <-- 434.248657 s
currentSize : 27 <-- 854.948730 s

TIMEOUT
maxsize : 27
nodes : 82909669.000000
filtered : 2117110438.000000
CCGP filtered : 838294827.000000
CCGT filtered : 552965566.000000
time : 1000.000000
