Parameters: GAD=1 vflib=1 dir=0 label=0 lowerbound=1 fileNameGp=../../cp2016-max-common-connected-subgraph-paper/datasets/graphsdb/mcs10/rand/r005/mcs10_r005_s35.A01 fileNameGt=../../cp2016-max-common-connected-subgraph-paper/datasets/graphsdb/mcs10/rand/r005/mcs10_r005_s35.B01
Reading graphs...
35 :  60
35 :  60
Initializing...
maxdom : 35
D->valSize : 1225
Solving...
currentSize : 15 <-- 0.020604 s
currentSize : 17 <-- 0.020824 s
currentSize : 18 <-- 0.020902 s
currentSize : 19 <-- 0.031706 s
currentSize : 20 <-- 0.044754 s
currentSize : 21 <-- 0.049166 s
currentSize : 22 <-- 0.202143 s
currentSize : 23 <-- 1.925867 s
currentSize : 24 <-- 24.052011 s
currentSize : 25 <-- 67.113220 s

maxsize : 25
nodes : 13739094.000000
filtered : 375375737.000000
CCGP filtered : 117744840.000000
CCGT filtered : 70795210.000000
time : 142.318878
