Parameters: GAD=1 vflib=1 dir=0 label=0 lowerbound=1 fileNameGp=../../cp2016-max-common-connected-subgraph-paper/datasets/graphsdb/mcs10/bvg/b03m/mcs10_b03m_s50.A03 fileNameGt=../../cp2016-max-common-connected-subgraph-paper/datasets/graphsdb/mcs10/bvg/b03m/mcs10_b03m_s50.B03
Reading graphs...
50 :  74
50 :  73
Initializing...
maxdom : 50
D->valSize : 2500
Solving...
currentSize : 22 <-- 0.099934 s
currentSize : 23 <-- 0.101442 s
currentSize : 24 <-- 0.140742 s
currentSize : 25 <-- 0.218552 s
currentSize : 26 <-- 0.218935 s
currentSize : 27 <-- 0.219291 s
currentSize : 28 <-- 0.340630 s
currentSize : 29 <-- 0.442595 s
currentSize : 30 <-- 6.349608 s
currentSize : 31 <-- 6.448112 s
currentSize : 32 <-- 16.678329 s
currentSize : 33 <-- 21.138975 s

TIMEOUT
maxsize : 33
nodes : 62172824.000000
filtered : 1958463695.000000
CCGP filtered : 2864717537.000000
CCGT filtered : 1399697072.000000
time : 1000.000061
