Parameters: GAD=1 vflib=1 dir=0 label=0 lowerbound=1 fileNameGp=../../cp2016-max-common-connected-subgraph-paper/datasets/graphsdb/mcs10/m2D/m2D/mcs10_m2D_s50.A09 fileNameGt=../../cp2016-max-common-connected-subgraph-paper/datasets/graphsdb/mcs10/m2D/m2D/mcs10_m2D_s50.B09
Reading graphs...
50 :  85
50 :  84
Initializing...
maxdom : 50
D->valSize : 2500
Solving...
currentSize : 21 <-- 0.143910 s
currentSize : 24 <-- 0.144299 s
currentSize : 25 <-- 0.145848 s
currentSize : 26 <-- 0.146361 s
currentSize : 27 <-- 0.147329 s
currentSize : 28 <-- 0.262113 s
currentSize : 29 <-- 0.765059 s
currentSize : 30 <-- 1.379409 s
currentSize : 31 <-- 26.309538 s
currentSize : 32 <-- 31.931252 s

TIMEOUT
maxsize : 32
nodes : 73218715.000000
filtered : 1895395920.000000
CCGP filtered : 571378166.000000
CCGT filtered : 454374847.000000
time : 1000.000061
