Parameters: GAD=1 vflib=1 dir=0 label=0 lowerbound=1 fileNameGp=../../cp2016-max-common-connected-subgraph-paper/datasets/graphsdb/mcs10/m2D/m2Dr4/mcs10_m2Dr4_s50.A07 fileNameGt=../../cp2016-max-common-connected-subgraph-paper/datasets/graphsdb/mcs10/m2D/m2Dr4/mcs10_m2Dr4_s50.B07
Reading graphs...
50 :  103
50 :  105
Initializing...
maxdom : 50
D->valSize : 2500
Solving...
currentSize : 19 <-- 0.143124 s
currentSize : 20 <-- 0.143554 s
currentSize : 21 <-- 0.146017 s
currentSize : 23 <-- 0.146928 s
currentSize : 24 <-- 0.209874 s
currentSize : 25 <-- 0.379038 s
currentSize : 26 <-- 0.865019 s
currentSize : 27 <-- 6.562059 s
currentSize : 28 <-- 19.132095 s
currentSize : 29 <-- 190.432373 s

TIMEOUT
maxsize : 29
nodes : 72344695.000000
filtered : 1922975969.000000
CCGP filtered : 517872419.000000
CCGT filtered : 502822769.000000
time : 1000.000000
