Parameters: GAD=1 vflib=1 dir=0 label=0 lowerbound=1 fileNameGp=../../cp2016-max-common-connected-subgraph-paper/datasets/graphsdb/mcs10/bvg/b03/mcs10_b03_s50.A03 fileNameGt=../../cp2016-max-common-connected-subgraph-paper/datasets/graphsdb/mcs10/bvg/b03/mcs10_b03_s50.B03
Reading graphs...
50 :  75
50 :  74
Initializing...
maxdom : 50
D->valSize : 2500
Solving...
currentSize : 21 <-- 0.100109 s
currentSize : 22 <-- 0.100163 s
currentSize : 23 <-- 0.100432 s
currentSize : 26 <-- 0.102513 s
currentSize : 27 <-- 0.102568 s
currentSize : 29 <-- 0.102751 s
currentSize : 30 <-- 0.275567 s
currentSize : 31 <-- 2.330614 s
currentSize : 32 <-- 4.998256 s
currentSize : 33 <-- 24.875088 s
currentSize : 34 <-- 89.779327 s

TIMEOUT
maxsize : 34
nodes : 59903178.000000
filtered : 2010983953.000000
CCGP filtered : 1724980185.000000
CCGT filtered : 1160942099.000000
time : 1000.000061
