Parameters: GAD=1 vflib=1 dir=0 label=0 lowerbound=1 fileNameGp=../../cp2016-max-common-connected-subgraph-paper/datasets/graphsdb/mcs10/bvg/b03/mcs10_b03_s40.A00 fileNameGt=../../cp2016-max-common-connected-subgraph-paper/datasets/graphsdb/mcs10/bvg/b03/mcs10_b03_s40.B00
Reading graphs...
40 :  60
40 :  60
Initializing...
maxdom : 40
D->valSize : 1600
Solving...
currentSize : 16 <-- 0.037954 s
currentSize : 17 <-- 0.038057 s
currentSize : 19 <-- 0.038220 s
currentSize : 20 <-- 0.038992 s
currentSize : 22 <-- 0.046456 s
currentSize : 23 <-- 0.088734 s
currentSize : 24 <-- 0.147013 s
currentSize : 25 <-- 0.361129 s
currentSize : 26 <-- 1.503116 s
currentSize : 27 <-- 2.518263 s
currentSize : 28 <-- 52.524265 s
currentSize : 29 <-- 66.477135 s
currentSize : 30 <-- 66.543228 s

maxsize : 30
nodes : 13646131.000000
filtered : 453734352.000000
CCGP filtered : 312864874.000000
CCGT filtered : 194671528.000000
time : 180.626175
