Parameters: GAD=1 vflib=1 dir=0 label=0 lowerbound=1 fileNameGp=../../cp2016-max-common-connected-subgraph-paper/datasets/graphsdb/mcs10/m2D/m2D/mcs10_m2D_s40.A09 fileNameGt=../../cp2016-max-common-connected-subgraph-paper/datasets/graphsdb/mcs10/m2D/m2D/mcs10_m2D_s40.B09
Reading graphs...
40 :  67
40 :  66
Initializing...
maxdom : 40
D->valSize : 1600
Solving...
currentSize : 12 <-- 0.036141 s
currentSize : 13 <-- 0.036240 s
currentSize : 21 <-- 0.036480 s
currentSize : 22 <-- 0.036892 s
currentSize : 23 <-- 0.048295 s
currentSize : 24 <-- 0.053044 s
currentSize : 25 <-- 0.805369 s
currentSize : 26 <-- 2.485257 s
currentSize : 27 <-- 10.523772 s
currentSize : 28 <-- 52.804676 s
currentSize : 29 <-- 219.247910 s

TIMEOUT
maxsize : 29
nodes : 76464097.000000
filtered : 2631140170.000000
CCGP filtered : 1458454694.000000
CCGT filtered : 951734331.000000
time : 1000.000000
