Parameters: GAD=1 vflib=1 dir=0 label=0 lowerbound=1 fileNameGp=../../cp2016-max-common-connected-subgraph-paper/datasets/graphsdb/mcs10/rand/r005/mcs10_r005_s50.A03 fileNameGt=../../cp2016-max-common-connected-subgraph-paper/datasets/graphsdb/mcs10/rand/r005/mcs10_r005_s50.B03
Reading graphs...
50 :  122
50 :  119
Initializing...
maxdom : 50
D->valSize : 2500
Solving...
currentSize : 21 <-- 0.113685 s
currentSize : 22 <-- 0.113917 s
currentSize : 23 <-- 0.129789 s
currentSize : 24 <-- 0.173195 s
currentSize : 25 <-- 0.173291 s
currentSize : 26 <-- 0.394801 s
currentSize : 27 <-- 1.019316 s
currentSize : 28 <-- 3.163513 s
currentSize : 29 <-- 41.152901 s
currentSize : 30 <-- 175.351761 s

TIMEOUT
maxsize : 30
nodes : 64712474.000000
filtered : 2125172841.000000
CCGP filtered : 256460333.000000
CCGT filtered : 254875142.000000
time : 1000.000061
