Parameters: GAD=1 vflib=1 dir=0 label=0 lowerbound=1 fileNameGp=../../cp2016-max-common-connected-subgraph-paper/datasets/graphsdb/mcs10/m2D/m2Dr4/mcs10_m2Dr4_s40.A08 fileNameGt=../../cp2016-max-common-connected-subgraph-paper/datasets/graphsdb/mcs10/m2D/m2Dr4/mcs10_m2Dr4_s40.B08
Reading graphs...
40 :  81
40 :  82
Initializing...
maxdom : 40
D->valSize : 1600
Solving...
currentSize : 16 <-- 0.061983 s
currentSize : 17 <-- 0.062113 s
currentSize : 18 <-- 0.062188 s
currentSize : 19 <-- 0.062225 s
currentSize : 20 <-- 0.063558 s
currentSize : 21 <-- 0.065977 s
currentSize : 22 <-- 0.081037 s
currentSize : 23 <-- 0.160423 s
currentSize : 24 <-- 0.567837 s
currentSize : 25 <-- 5.866264 s
currentSize : 26 <-- 214.928604 s
currentSize : 28 <-- 325.381897 s

maxsize : 28
nodes : 75736373.000000
filtered : 2890770878.000000
CCGP filtered : 531449724.000000
CCGT filtered : 526552770.000000
time : 989.991699
