Parameters: GAD=1 vflib=1 dir=0 label=0 lowerbound=1 fileNameGp=../../cp2016-max-common-connected-subgraph-paper/datasets/graphsdb/mcs10/bvg/b03/mcs10_b03_s40.A06 fileNameGt=../../cp2016-max-common-connected-subgraph-paper/datasets/graphsdb/mcs10/bvg/b03/mcs10_b03_s40.B06
Reading graphs...
40 :  59
40 :  60
Initializing...
maxdom : 40
D->valSize : 1600
Solving...
currentSize : 9 <-- 0.065274 s
currentSize : 13 <-- 0.065445 s
currentSize : 15 <-- 0.065593 s
currentSize : 16 <-- 0.065679 s
currentSize : 17 <-- 0.065751 s
currentSize : 18 <-- 0.069640 s
currentSize : 19 <-- 0.093819 s
currentSize : 20 <-- 0.112301 s
currentSize : 23 <-- 0.176340 s
currentSize : 24 <-- 0.176408 s
currentSize : 25 <-- 0.183113 s
currentSize : 26 <-- 0.246397 s
currentSize : 27 <-- 1.127457 s
currentSize : 28 <-- 15.109164 s

maxsize : 28
nodes : 35919781.000000
filtered : 1135135865.000000
CCGP filtered : 888786530.000000
CCGT filtered : 567628060.000000
time : 472.963409
