Parameters: GAD=1 vflib=1 dir=0 label=0 lowerbound=1 fileNameGp=../../cp2016-max-common-connected-subgraph-paper/datasets/graphsdb/mcs10/rand/r005/mcs10_r005_s30.A07 fileNameGt=../../cp2016-max-common-connected-subgraph-paper/datasets/graphsdb/mcs10/rand/r005/mcs10_r005_s30.B07
Reading graphs...
30 :  44
30 :  45
Initializing...
maxdom : 30
D->valSize : 900
Solving...
currentSize : 13 <-- 0.011300 s
currentSize : 14 <-- 0.011328 s
currentSize : 15 <-- 0.012083 s
currentSize : 16 <-- 0.015529 s
currentSize : 17 <-- 0.015765 s
currentSize : 18 <-- 0.037870 s
currentSize : 19 <-- 0.153006 s
currentSize : 20 <-- 0.155087 s
currentSize : 21 <-- 0.602442 s

maxsize : 21
nodes : 673432.000000
filtered : 16671184.000000
CCGP filtered : 12223724.000000
CCGT filtered : 6536518.000000
time : 6.481862
