Parameters: GAD=1 vflib=1 dir=0 label=0 lowerbound=1 fileNameGp=../../cp2016-max-common-connected-subgraph-paper/datasets/graphsdb/mcs10/bvg/b03/mcs10_b03_s40.A01 fileNameGt=../../cp2016-max-common-connected-subgraph-paper/datasets/graphsdb/mcs10/bvg/b03/mcs10_b03_s40.B01
Reading graphs...
40 :  60
40 :  60
Initializing...
maxdom : 40
D->valSize : 1600
Solving...
currentSize : 17 <-- 0.036692 s
currentSize : 18 <-- 0.036733 s
currentSize : 19 <-- 0.036908 s
currentSize : 21 <-- 0.037858 s
currentSize : 22 <-- 0.038124 s
currentSize : 23 <-- 0.045447 s
currentSize : 24 <-- 0.046117 s
currentSize : 25 <-- 0.270708 s
currentSize : 26 <-- 10.366243 s
currentSize : 27 <-- 30.400225 s
currentSize : 28 <-- 30.418734 s

maxsize : 28
nodes : 10065927.000000
filtered : 353843541.000000
CCGP filtered : 252572191.000000
CCGT filtered : 212061145.000000
time : 136.118820
