Parameters: GAD=1 vflib=1 dir=0 label=0 lowerbound=1 fileNameGp=../../cp2016-max-common-connected-subgraph-paper/datasets/graphsdb/mcs10/bvg/b03/mcs10_b03_s40.A07 fileNameGt=../../cp2016-max-common-connected-subgraph-paper/datasets/graphsdb/mcs10/bvg/b03/mcs10_b03_s40.B07
Reading graphs...
40 :  60
40 :  60
Initializing...
maxdom : 40
D->valSize : 1600
Solving...
currentSize : 5 <-- 0.036482 s
currentSize : 16 <-- 0.036683 s
currentSize : 17 <-- 0.036796 s
currentSize : 18 <-- 0.039202 s
currentSize : 20 <-- 0.039603 s
currentSize : 21 <-- 0.040450 s
currentSize : 22 <-- 0.044563 s
currentSize : 24 <-- 0.044718 s
currentSize : 25 <-- 0.142817 s
currentSize : 26 <-- 0.160043 s
currentSize : 27 <-- 0.160433 s
currentSize : 28 <-- 4.226448 s
currentSize : 29 <-- 70.234886 s
currentSize : 30 <-- 92.120102 s

maxsize : 30
nodes : 13867581.000000
filtered : 478216176.000000
CCGP filtered : 408566303.000000
CCGT filtered : 297411979.000000
time : 192.676102
