Parameters: GAD=1 vflib=1 dir=0 label=0 lowerbound=1 fileNameGp=../../cp2016-max-common-connected-subgraph-paper/datasets/graphsdb/mcs10/bvg/b03/mcs10_b03_s50.A01 fileNameGt=../../cp2016-max-common-connected-subgraph-paper/datasets/graphsdb/mcs10/bvg/b03/mcs10_b03_s50.B01
Reading graphs...
50 :  75
50 :  75
Initializing...
maxdom : 50
D->valSize : 2500
Solving...
currentSize : 21 <-- 0.100631 s
currentSize : 22 <-- 0.101098 s
currentSize : 23 <-- 0.103987 s
currentSize : 24 <-- 0.119481 s
currentSize : 25 <-- 0.163619 s
currentSize : 26 <-- 0.323729 s
currentSize : 27 <-- 0.706901 s
currentSize : 28 <-- 0.910831 s
currentSize : 29 <-- 2.216089 s
currentSize : 30 <-- 2.223023 s
currentSize : 31 <-- 7.220701 s
currentSize : 32 <-- 7.220872 s
currentSize : 33 <-- 264.021759 s
currentSize : 34 <-- 629.212585 s

TIMEOUT
maxsize : 34
nodes : 63400482.000000
filtered : 2143237183.000000
CCGP filtered : 2162838640.000000
CCGT filtered : 1519526164.000000
time : 1000.000122
