Parameters: GAD=1 vflib=1 dir=0 label=0 lowerbound=1 fileNameGp=../../cp2016-max-common-connected-subgraph-paper/datasets/graphsdb/mcs10/m2D/m2Dr6/mcs10_m2Dr6_s40.A06 fileNameGt=../../cp2016-max-common-connected-subgraph-paper/datasets/graphsdb/mcs10/m2D/m2Dr6/mcs10_m2Dr6_s40.B06
Reading graphs...
40 :  89
40 :  90
Initializing...
maxdom : 40
D->valSize : 1600
Solving...
currentSize : 16 <-- 0.034939 s
currentSize : 17 <-- 0.035002 s
currentSize : 18 <-- 0.035426 s
currentSize : 19 <-- 0.038569 s
currentSize : 20 <-- 0.041906 s
currentSize : 21 <-- 0.069068 s
currentSize : 22 <-- 0.684857 s
currentSize : 23 <-- 0.941517 s
currentSize : 24 <-- 6.134464 s
currentSize : 25 <-- 62.905117 s
currentSize : 26 <-- 341.431244 s

TIMEOUT
maxsize : 26
nodes : 79066864.000000
filtered : 2659639311.000000
CCGP filtered : 567906245.000000
CCGT filtered : 438234466.000000
time : 1000.000000
