Parameters: GAD=1 vflib=1 dir=0 label=0 lowerbound=1 fileNameGp=../../cp2016-max-common-connected-subgraph-paper/datasets/graphsdb/mcs10/m2D/m2Dr4/mcs10_m2Dr4_s50.A01 fileNameGt=../../cp2016-max-common-connected-subgraph-paper/datasets/graphsdb/mcs10/m2D/m2Dr4/mcs10_m2Dr4_s50.B01
Reading graphs...
50 :  103
50 :  104
Initializing...
maxdom : 50
D->valSize : 2500
Solving...
currentSize : 19 <-- 0.116481 s
currentSize : 22 <-- 0.123034 s
currentSize : 23 <-- 0.127547 s
currentSize : 24 <-- 0.136938 s
currentSize : 26 <-- 0.292860 s
currentSize : 27 <-- 0.777219 s
currentSize : 28 <-- 1.279168 s
currentSize : 29 <-- 74.130737 s
currentSize : 30 <-- 74.130829 s
currentSize : 31 <-- 74.150070 s

TIMEOUT
maxsize : 31
nodes : 66998836.000000
filtered : 1826062920.000000
CCGP filtered : 578657675.000000
CCGT filtered : 340193636.000000
time : 1000.000061
