Parameters: GAD=1 vflib=1 dir=0 label=0 lowerbound=1 fileNameGp=../../cp2016-max-common-connected-subgraph-paper/datasets/graphsdb/mcs10/rand/r005/mcs10_r005_s30.A00 fileNameGt=../../cp2016-max-common-connected-subgraph-paper/datasets/graphsdb/mcs10/rand/r005/mcs10_r005_s30.B00
Reading graphs...
30 :  43
30 :  44
Initializing...
maxdom : 30
D->valSize : 900
Solving...
currentSize : 12 <-- 0.019937 s
currentSize : 14 <-- 0.020251 s
currentSize : 15 <-- 0.020552 s
currentSize : 16 <-- 0.020884 s
currentSize : 17 <-- 0.021020 s
currentSize : 18 <-- 0.021539 s
currentSize : 19 <-- 0.023695 s
currentSize : 20 <-- 0.026517 s
currentSize : 21 <-- 5.792288 s
currentSize : 22 <-- 13.139651 s

maxsize : 22
nodes : 1397511.000000
filtered : 32395651.000000
CCGP filtered : 23513915.000000
CCGT filtered : 12909136.000000
time : 14.354940
