Parameters: GAD=1 vflib=1 dir=0 label=0 lowerbound=1 fileNameGp=../../cp2016-max-common-connected-subgraph-paper/datasets/graphsdb/mcs10/bvg/b03/mcs10_b03_s50.A06 fileNameGt=../../cp2016-max-common-connected-subgraph-paper/datasets/graphsdb/mcs10/bvg/b03/mcs10_b03_s50.B06
Reading graphs...
50 :  74
50 :  75
Initializing...
maxdom : 50
D->valSize : 2500
Solving...
currentSize : 9 <-- 0.101956 s
currentSize : 10 <-- 0.102030 s
currentSize : 16 <-- 0.103951 s
currentSize : 17 <-- 0.104184 s
currentSize : 19 <-- 0.104771 s
currentSize : 20 <-- 0.104873 s
currentSize : 21 <-- 0.124924 s
currentSize : 22 <-- 0.142378 s
currentSize : 23 <-- 0.142415 s
currentSize : 24 <-- 0.142627 s
currentSize : 26 <-- 0.143563 s
currentSize : 27 <-- 0.144258 s
currentSize : 28 <-- 0.184889 s
currentSize : 29 <-- 0.479934 s
currentSize : 30 <-- 0.482064 s
currentSize : 31 <-- 0.947998 s
currentSize : 32 <-- 1.050046 s
currentSize : 33 <-- 181.906754 s

TIMEOUT
maxsize : 33
nodes : 69932741.000000
filtered : 1831340593.000000
CCGP filtered : 1747835731.000000
CCGT filtered : 1179770763.000000
time : 1000.000061
