Parameters: GAD=1 vflib=1 dir=0 label=0 lowerbound=1 fileNameGp=../../cp2016-max-common-connected-subgraph-paper/datasets/graphsdb/mcs10/rand/r005/mcs10_r005_s35.A09 fileNameGt=../../cp2016-max-common-connected-subgraph-paper/datasets/graphsdb/mcs10/rand/r005/mcs10_r005_s35.B09
Reading graphs...
35 :  61
35 :  60
Initializing...
maxdom : 35
D->valSize : 1225
Solving...
currentSize : 16 <-- 0.036693 s
currentSize : 18 <-- 0.037931 s
currentSize : 19 <-- 0.038102 s
currentSize : 20 <-- 0.045850 s
currentSize : 21 <-- 0.068406 s
currentSize : 22 <-- 0.275363 s
currentSize : 23 <-- 3.833144 s
currentSize : 24 <-- 114.270363 s
currentSize : 25 <-- 270.585419 s

maxsize : 25
nodes : 32426971.000000
filtered : 901845283.000000
CCGP filtered : 314529353.000000
CCGT filtered : 319976103.000000
time : 358.849091
