Parameters: GAD=1 vflib=1 dir=0 label=0 lowerbound=1 fileNameGp=../../cp2016-max-common-connected-subgraph-paper/datasets/graphsdb/mcs10/bvg/b03/mcs10_b03_s40.A08 fileNameGt=../../cp2016-max-common-connected-subgraph-paper/datasets/graphsdb/mcs10/bvg/b03/mcs10_b03_s40.B08
Reading graphs...
40 :  60
40 :  59
Initializing...
maxdom : 40
D->valSize : 1600
Solving...
currentSize : 13 <-- 0.037692 s
currentSize : 14 <-- 0.037814 s
currentSize : 16 <-- 0.039230 s
currentSize : 17 <-- 0.039485 s
currentSize : 19 <-- 0.040146 s
currentSize : 20 <-- 0.047260 s
currentSize : 21 <-- 0.070208 s
currentSize : 22 <-- 0.098802 s
currentSize : 23 <-- 0.130204 s
currentSize : 24 <-- 0.188342 s
currentSize : 25 <-- 0.539606 s
currentSize : 26 <-- 0.631013 s
currentSize : 27 <-- 4.814032 s
currentSize : 28 <-- 5.068911 s
currentSize : 29 <-- 141.144516 s

maxsize : 29
nodes : 17362457.000000
filtered : 580054936.000000
CCGP filtered : 735946135.000000
CCGT filtered : 383130512.000000
time : 249.893997
