Parameters: GAD=1 vflib=1 dir=0 label=0 lowerbound=1 fileNameGp=../../cp2016-max-common-connected-subgraph-paper/datasets/graphsdb/mcs10/rand/r005/mcs10_r005_s35.A05 fileNameGt=../../cp2016-max-common-connected-subgraph-paper/datasets/graphsdb/mcs10/rand/r005/mcs10_r005_s35.B05
Reading graphs...
35 :  61
35 :  59
Initializing...
maxdom : 35
D->valSize : 1225
Solving...
currentSize : 13 <-- 0.020507 s
currentSize : 14 <-- 0.020688 s
currentSize : 15 <-- 0.021335 s
currentSize : 16 <-- 0.027493 s
currentSize : 17 <-- 0.053594 s
currentSize : 18 <-- 0.094061 s
currentSize : 19 <-- 0.115107 s
currentSize : 20 <-- 0.658114 s
currentSize : 21 <-- 1.699492 s
currentSize : 22 <-- 5.264302 s
currentSize : 23 <-- 6.188343 s
currentSize : 24 <-- 10.597421 s

maxsize : 24
nodes : 18909507.000000
filtered : 533368667.000000
CCGP filtered : 228705434.000000
CCGT filtered : 134542702.000000
time : 205.956451
