Parameters: GAD=1 vflib=1 dir=0 label=0 lowerbound=1 fileNameGp=../../cp2016-max-common-connected-subgraph-paper/datasets/graphsdb/mcs10/bvg/b03/mcs10_b03_s50.A08 fileNameGt=../../cp2016-max-common-connected-subgraph-paper/datasets/graphsdb/mcs10/bvg/b03/mcs10_b03_s50.B08
Reading graphs...
50 :  75
50 :  75
Initializing...
maxdom : 50
D->valSize : 2500
Solving...
currentSize : 22 <-- 0.099463 s
currentSize : 23 <-- 0.100061 s
currentSize : 24 <-- 0.144876 s
currentSize : 25 <-- 0.147949 s
currentSize : 26 <-- 0.157769 s
currentSize : 27 <-- 0.204899 s
currentSize : 28 <-- 0.924551 s
currentSize : 29 <-- 3.263097 s
currentSize : 30 <-- 127.483551 s
currentSize : 31 <-- 434.377747 s

TIMEOUT
maxsize : 31
nodes : 66974518.000000
filtered : 1599362101.000000
CCGP filtered : 2833298805.000000
CCGT filtered : 1261747284.000000
time : 1000.000061
