Parameters: GAD=1 vflib=1 dir=0 label=0 lowerbound=1 fileNameGp=../../cp2016-max-common-connected-subgraph-paper/datasets/graphsdb/mcs10/bvg/b03/mcs10_b03_s40.A04 fileNameGt=../../cp2016-max-common-connected-subgraph-paper/datasets/graphsdb/mcs10/bvg/b03/mcs10_b03_s40.B04
Reading graphs...
40 :  58
40 :  59
Initializing...
maxdom : 40
D->valSize : 1600
Solving...
currentSize : 13 <-- 0.038162 s
currentSize : 15 <-- 0.038202 s
currentSize : 17 <-- 0.038467 s
currentSize : 19 <-- 0.038828 s
currentSize : 21 <-- 0.039245 s
currentSize : 22 <-- 0.044591 s
currentSize : 23 <-- 0.044940 s
currentSize : 24 <-- 0.053685 s
currentSize : 25 <-- 0.637152 s
currentSize : 26 <-- 1.011126 s
currentSize : 27 <-- 1.040544 s
currentSize : 28 <-- 27.517664 s

maxsize : 28
nodes : 15498645.000000
filtered : 524397892.000000
CCGP filtered : 512295015.000000
CCGT filtered : 386467765.000000
time : 222.867325
