Parameters: GAD=1 vflib=1 dir=0 label=0 lowerbound=1 fileNameGp=../../cp2016-max-common-connected-subgraph-paper/datasets/graphsdb/mcs10/bvg/b03m/mcs10_b03m_s50.A06 fileNameGt=../../cp2016-max-common-connected-subgraph-paper/datasets/graphsdb/mcs10/bvg/b03m/mcs10_b03m_s50.B06
Reading graphs...
50 :  73
50 :  73
Initializing...
maxdom : 50
D->valSize : 2500
Solving...
currentSize : 24 <-- 0.099850 s
currentSize : 25 <-- 0.103603 s
currentSize : 26 <-- 0.238390 s
currentSize : 28 <-- 0.238415 s
currentSize : 29 <-- 1.561874 s
currentSize : 30 <-- 2.042402 s
currentSize : 31 <-- 3.557208 s
currentSize : 32 <-- 15.020534 s
currentSize : 33 <-- 15.187587 s
currentSize : 34 <-- 19.087023 s
currentSize : 35 <-- 19.198317 s

TIMEOUT
maxsize : 35
nodes : 60361274.000000
filtered : 2252207711.000000
CCGP filtered : 2141600509.000000
CCGT filtered : 1101847501.000000
time : 1000.000061
