Parameters: GAD=1 vflib=1 dir=0 label=0 lowerbound=1 fileNameGp=../../cp2016-max-common-connected-subgraph-paper/datasets/graphsdb/mcs10/m2D/m2D/mcs10_m2D_s50.A04 fileNameGt=../../cp2016-max-common-connected-subgraph-paper/datasets/graphsdb/mcs10/m2D/m2D/mcs10_m2D_s50.B04
Reading graphs...
50 :  84
50 :  84
Initializing...
maxdom : 50
D->valSize : 2500
Solving...
currentSize : 23 <-- 0.098268 s
currentSize : 25 <-- 0.098342 s
currentSize : 26 <-- 0.172441 s
currentSize : 27 <-- 0.173406 s
currentSize : 28 <-- 0.218601 s
currentSize : 29 <-- 0.511134 s
currentSize : 30 <-- 0.602400 s
currentSize : 31 <-- 2.928077 s
currentSize : 32 <-- 249.645203 s
currentSize : 33 <-- 383.157166 s
currentSize : 34 <-- 950.658691 s

TIMEOUT
maxsize : 34
nodes : 69351860.000000
filtered : 1749792725.000000
CCGP filtered : 659201298.000000
CCGT filtered : 400957696.000000
time : 1000.000061
