Parameters: GAD=1 vflib=1 dir=0 label=0 lowerbound=1 fileNameGp=../../cp2016-max-common-connected-subgraph-paper/datasets/graphsdb/mcs10/rand/r01/mcs10_r01_s30.A01 fileNameGt=../../cp2016-max-common-connected-subgraph-paper/datasets/graphsdb/mcs10/rand/r01/mcs10_r01_s30.B01
Reading graphs...
30 :  84
30 :  85
Initializing...
maxdom : 30
D->valSize : 900
Solving...
currentSize : 11 <-- 0.011753 s
currentSize : 12 <-- 0.011983 s
currentSize : 13 <-- 0.012633 s
currentSize : 14 <-- 0.014314 s
currentSize : 15 <-- 0.015220 s
currentSize : 16 <-- 0.039290 s
currentSize : 17 <-- 0.113095 s
currentSize : 18 <-- 0.787133 s
currentSize : 19 <-- 56.323334 s

maxsize : 19
nodes : 14672131.000000
filtered : 366083984.000000
CCGP filtered : 14846938.000000
CCGT filtered : 17551861.000000
time : 143.663406
