Parameters: GAD=1 vflib=1 dir=0 label=0 lowerbound=1 fileNameGp=../../cp2016-max-common-connected-subgraph-paper/datasets/graphsdb/mcs10/bvg/b03/mcs10_b03_s50.A04 fileNameGt=../../cp2016-max-common-connected-subgraph-paper/datasets/graphsdb/mcs10/bvg/b03/mcs10_b03_s50.B04
Reading graphs...
50 :  74
50 :  75
Initializing...
maxdom : 50
D->valSize : 2500
Solving...
currentSize : 16 <-- 0.101311 s
currentSize : 20 <-- 0.101394 s
currentSize : 22 <-- 0.101635 s
currentSize : 23 <-- 0.106205 s
currentSize : 24 <-- 0.154592 s
currentSize : 25 <-- 0.167739 s
currentSize : 26 <-- 0.178258 s
currentSize : 27 <-- 0.187896 s
currentSize : 28 <-- 0.272152 s
currentSize : 29 <-- 1.388707 s
currentSize : 30 <-- 1.702095 s
currentSize : 31 <-- 5.501829 s
currentSize : 32 <-- 86.230324 s
currentSize : 33 <-- 149.099152 s
currentSize : 34 <-- 239.334473 s
currentSize : 35 <-- 262.535828 s

TIMEOUT
maxsize : 35
nodes : 60545345.000000
filtered : 2082426429.000000
CCGP filtered : 2091320910.000000
CCGT filtered : 1634492281.000000
time : 1000.000061
