Parameters: GAD=1 vflib=1 dir=0 label=0 lowerbound=1 fileNameGp=../../cp2016-max-common-connected-subgraph-paper/datasets/graphsdb/mcs10/m2D/m2Dr6/mcs10_m2Dr6_s40.A05 fileNameGt=../../cp2016-max-common-connected-subgraph-paper/datasets/graphsdb/mcs10/m2D/m2Dr6/mcs10_m2Dr6_s40.B05
Reading graphs...
40 :  89
40 :  89
Initializing...
maxdom : 40
D->valSize : 1600
Solving...
currentSize : 17 <-- 0.035496 s
currentSize : 18 <-- 0.035532 s
currentSize : 19 <-- 0.035653 s
currentSize : 20 <-- 0.036472 s
currentSize : 21 <-- 0.037673 s
currentSize : 22 <-- 0.094933 s
currentSize : 23 <-- 2.020477 s
currentSize : 24 <-- 10.875660 s
currentSize : 25 <-- 219.956909 s
currentSize : 26 <-- 810.344971 s

TIMEOUT
maxsize : 26
nodes : 81994843.000000
filtered : 2296743933.000000
CCGP filtered : 470661487.000000
CCGT filtered : 352201481.000000
time : 1000.000000
