Parameters: GAD=1 vflib=1 dir=0 label=0 lowerbound=1 fileNameGp=../../cp2016-max-common-connected-subgraph-paper/datasets/graphsdb/mcs10/bvg/b03m/mcs10_b03m_s50.A09 fileNameGt=../../cp2016-max-common-connected-subgraph-paper/datasets/graphsdb/mcs10/bvg/b03m/mcs10_b03m_s50.B09
Reading graphs...
50 :  74
50 :  74
Initializing...
maxdom : 50
D->valSize : 2500
Solving...
currentSize : 16 <-- 0.100125 s
currentSize : 17 <-- 0.100277 s
currentSize : 20 <-- 0.100451 s
currentSize : 21 <-- 0.100776 s
currentSize : 22 <-- 0.101186 s
currentSize : 23 <-- 0.101868 s
currentSize : 24 <-- 0.102156 s
currentSize : 25 <-- 0.117715 s
currentSize : 26 <-- 0.151216 s
currentSize : 27 <-- 0.171834 s
currentSize : 28 <-- 0.609120 s
currentSize : 29 <-- 0.683361 s
currentSize : 30 <-- 0.683727 s
currentSize : 31 <-- 1.420246 s
currentSize : 32 <-- 11.330198 s
currentSize : 33 <-- 27.086861 s
currentSize : 34 <-- 325.953796 s

TIMEOUT
maxsize : 34
nodes : 63286141.000000
filtered : 2036965111.000000
CCGP filtered : 2131081456.000000
CCGT filtered : 1374262709.000000
time : 1000.000061
