Parameters: GAD=1 vflib=1 dir=0 label=0 lowerbound=1 fileNameGp=../../cp2016-max-common-connected-subgraph-paper/datasets/graphsdb/mcs10/bvg/b03/mcs10_b03_s40.A03 fileNameGt=../../cp2016-max-common-connected-subgraph-paper/datasets/graphsdb/mcs10/bvg/b03/mcs10_b03_s40.B03
Reading graphs...
40 :  59
40 :  60
Initializing...
maxdom : 40
D->valSize : 1600
Solving...
currentSize : 11 <-- 0.036519 s
currentSize : 13 <-- 0.036595 s
currentSize : 14 <-- 0.036883 s
currentSize : 16 <-- 0.037204 s
currentSize : 18 <-- 0.037746 s
currentSize : 19 <-- 0.038072 s
currentSize : 20 <-- 0.040769 s
currentSize : 21 <-- 0.092253 s
currentSize : 22 <-- 0.099089 s
currentSize : 23 <-- 0.106408 s
currentSize : 24 <-- 0.233973 s
currentSize : 25 <-- 0.752440 s
currentSize : 26 <-- 1.754614 s
currentSize : 27 <-- 16.700430 s
currentSize : 28 <-- 27.798910 s
currentSize : 29 <-- 207.455246 s

maxsize : 29
nodes : 24000072.000000
filtered : 723785018.000000
CCGP filtered : 786974297.000000
CCGT filtered : 372171918.000000
time : 318.449707
