Parameters: GAD=1 vflib=1 dir=0 label=0 lowerbound=1 fileNameGp=../../cp2016-max-common-connected-subgraph-paper/datasets/graphsdb/mcs10/bvg/b03/mcs10_b03_s50.A07 fileNameGt=../../cp2016-max-common-connected-subgraph-paper/datasets/graphsdb/mcs10/bvg/b03/mcs10_b03_s50.B07
Reading graphs...
50 :  73
50 :  75
Initializing...
maxdom : 50
D->valSize : 2500
Solving...
currentSize : 22 <-- 0.100703 s
currentSize : 23 <-- 0.100792 s
currentSize : 24 <-- 0.101256 s
currentSize : 26 <-- 0.108360 s
currentSize : 27 <-- 0.108649 s
currentSize : 28 <-- 1.063015 s
currentSize : 29 <-- 1.376707 s
currentSize : 30 <-- 12.108245 s
currentSize : 31 <-- 28.876680 s
currentSize : 32 <-- 117.789673 s

TIMEOUT
maxsize : 32
nodes : 67641915.000000
filtered : 1887200413.000000
CCGP filtered : 1608197093.000000
CCGT filtered : 1243806358.000000
time : 1000.000061
