Parameters: GAD=1 vflib=1 dir=0 label=0 lowerbound=1 fileNameGp=../../cp2016-max-common-connected-subgraph-paper/datasets/graphsdb/mcs10/bvg/b03m/mcs10_b03m_s50.A05 fileNameGt=../../cp2016-max-common-connected-subgraph-paper/datasets/graphsdb/mcs10/bvg/b03m/mcs10_b03m_s50.B05
Reading graphs...
50 :  73
50 :  74
Initializing...
maxdom : 50
D->valSize : 2500
Solving...
currentSize : 22 <-- 0.098914 s
currentSize : 23 <-- 0.104640 s
currentSize : 24 <-- 0.105065 s
currentSize : 25 <-- 0.106075 s
currentSize : 26 <-- 0.115796 s
currentSize : 27 <-- 0.247308 s
currentSize : 28 <-- 1.834371 s
currentSize : 29 <-- 14.542613 s
currentSize : 30 <-- 28.015669 s
currentSize : 31 <-- 272.359985 s
currentSize : 32 <-- 930.926453 s

TIMEOUT
maxsize : 32
nodes : 73775282.000000
filtered : 1523162508.000000
CCGP filtered : 1713296611.000000
CCGT filtered : 741466115.000000
time : 1000.000061
