Parameters: GAD=1 vflib=1 dir=0 label=0 lowerbound=1 fileNameGp=../../cp2016-max-common-connected-subgraph-paper/datasets/graphsdb/mcs10/m2D/m2Dr6/mcs10_m2Dr6_s40.A01 fileNameGt=../../cp2016-max-common-connected-subgraph-paper/datasets/graphsdb/mcs10/m2D/m2Dr6/mcs10_m2Dr6_s40.B01
Reading graphs...
40 :  87
40 :  88
Initializing...
maxdom : 40
D->valSize : 1600
Solving...
currentSize : 14 <-- 0.062586 s
currentSize : 16 <-- 0.062769 s
currentSize : 17 <-- 0.063004 s
currentSize : 18 <-- 0.064240 s
currentSize : 19 <-- 0.064426 s
currentSize : 20 <-- 0.064805 s
currentSize : 21 <-- 0.069293 s
currentSize : 22 <-- 0.137211 s
currentSize : 23 <-- 0.199220 s
currentSize : 24 <-- 10.892043 s
currentSize : 25 <-- 181.204269 s

TIMEOUT
maxsize : 25
nodes : 82924451.000000
filtered : 2252481045.000000
CCGP filtered : 482491374.000000
CCGT filtered : 343691560.000000
time : 1000.000000
