Parameters: GAD=1 vflib=1 dir=0 label=0 lowerbound=1 fileNameGp=../../cp2016-max-common-connected-subgraph-paper/datasets/graphsdb/mcs10/rand/r005/mcs10_r005_s40.A00 fileNameGt=../../cp2016-max-common-connected-subgraph-paper/datasets/graphsdb/mcs10/rand/r005/mcs10_r005_s40.B00
Reading graphs...
40 :  78
40 :  79
Initializing...
maxdom : 40
D->valSize : 1600
Solving...
currentSize : 17 <-- 0.036980 s
currentSize : 18 <-- 0.037776 s
currentSize : 19 <-- 0.037792 s
currentSize : 20 <-- 0.038660 s
currentSize : 21 <-- 0.255045 s
currentSize : 22 <-- 0.266310 s
currentSize : 23 <-- 0.469380 s
currentSize : 24 <-- 0.620699 s
currentSize : 25 <-- 0.782440 s
currentSize : 26 <-- 28.662704 s
currentSize : 27 <-- 234.861694 s

TIMEOUT
maxsize : 27
nodes : 81948861.000000
filtered : 2681279817.000000
CCGP filtered : 540798487.000000
CCGT filtered : 368183405.000000
time : 1000.000000
