Parameters: GAD=1 vflib=1 dir=0 label=0 lowerbound=1 fileNameGp=../../cp2016-max-common-connected-subgraph-paper/datasets/graphsdb/mcs10/m2D/m2Dr6/mcs10_m2Dr6_s40.A07 fileNameGt=../../cp2016-max-common-connected-subgraph-paper/datasets/graphsdb/mcs10/m2D/m2Dr6/mcs10_m2Dr6_s40.B07
Reading graphs...
40 :  87
40 :  88
Initializing...
maxdom : 40
D->valSize : 1600
Solving...
currentSize : 16 <-- 0.035040 s
currentSize : 18 <-- 0.035248 s
currentSize : 19 <-- 0.035405 s
currentSize : 20 <-- 0.052632 s
currentSize : 21 <-- 0.099086 s
currentSize : 22 <-- 0.137874 s
currentSize : 23 <-- 0.138449 s
currentSize : 24 <-- 18.764198 s
currentSize : 25 <-- 33.549034 s
currentSize : 26 <-- 449.501617 s

TIMEOUT
maxsize : 26
nodes : 80820541.000000
filtered : 2598433764.000000
CCGP filtered : 511745506.000000
CCGT filtered : 364174859.000000
time : 1000.000000
