Parameters: GAD=1 vflib=1 dir=0 label=0 lowerbound=1 fileNameGp=../../cp2016-max-common-connected-subgraph-paper/datasets/graphsdb/mcs10/bvg/b03m/mcs10_b03m_s40.A05 fileNameGt=../../cp2016-max-common-connected-subgraph-paper/datasets/graphsdb/mcs10/bvg/b03m/mcs10_b03m_s40.B05
Reading graphs...
40 :  59
40 :  59
Initializing...
maxdom : 40
D->valSize : 1600
Solving...
currentSize : 17 <-- 0.037121 s
currentSize : 18 <-- 0.037277 s
currentSize : 19 <-- 0.037435 s
currentSize : 20 <-- 0.037933 s
currentSize : 21 <-- 0.039006 s
currentSize : 22 <-- 0.091388 s
currentSize : 23 <-- 0.091531 s
currentSize : 24 <-- 0.212484 s
currentSize : 25 <-- 2.858160 s
currentSize : 26 <-- 6.390196 s
currentSize : 27 <-- 147.141022 s
currentSize : 28 <-- 267.693024 s

maxsize : 28
nodes : 58933249.000000
filtered : 1800032150.000000
CCGP filtered : 2108392554.000000
CCGT filtered : 1550290001.000000
time : 818.908508
