Parameters: GAD=1 vflib=1 dir=0 label=0 lowerbound=1 fileNameGp=../../cp2016-max-common-connected-subgraph-paper/datasets/graphsdb/mcs30/m2D/m2Dr4/mcs30_m2Dr4_s50.A08 fileNameGt=../../cp2016-max-common-connected-subgraph-paper/datasets/graphsdb/mcs30/m2D/m2Dr4/mcs30_m2Dr4_s50.B08
Reading graphs...
50 :  104
50 :  104
Initializing...
maxdom : 50
D->valSize : 2500
Solving...
currentSize : 20 <-- 0.125057 s
currentSize : 23 <-- 0.125293 s
currentSize : 24 <-- 0.125715 s
currentSize : 25 <-- 0.128374 s
currentSize : 26 <-- 0.128906 s
currentSize : 27 <-- 0.159507 s
currentSize : 28 <-- 0.160334 s
currentSize : 29 <-- 0.197528 s
currentSize : 30 <-- 1.500680 s
currentSize : 31 <-- 20.682686 s
currentSize : 32 <-- 20.986990 s

TIMEOUT
maxsize : 32
nodes : 60776361.000000
filtered : 2409263600.000000
CCGP filtered : 878164188.000000
CCGT filtered : 540590461.000000
time : 1000.000061
