Parameters: GAD=1 vflib=1 dir=0 label=0 lowerbound=1 fileNameGp=../../cp2016-max-common-connected-subgraph-paper/datasets/graphsdb/mcs30/m3D/m3Dr2/mcs30_m3Dr2_s40.A02 fileNameGt=../../cp2016-max-common-connected-subgraph-paper/datasets/graphsdb/mcs30/m3D/m3Dr2/mcs30_m3Dr2_s40.B02
Reading graphs...
40 :  89
40 :  90
Initializing...
maxdom : 40
D->valSize : 1600
Solving...
currentSize : 15 <-- 0.060495 s
currentSize : 16 <-- 0.060913 s
currentSize : 17 <-- 0.061334 s
currentSize : 18 <-- 0.061694 s
currentSize : 19 <-- 0.066748 s
currentSize : 20 <-- 0.080115 s
currentSize : 21 <-- 0.089165 s
currentSize : 22 <-- 0.509194 s
currentSize : 23 <-- 0.536585 s
currentSize : 24 <-- 42.164223 s
currentSize : 25 <-- 787.808411 s

TIMEOUT
maxsize : 25
nodes : 80774707.000000
filtered : 2428835545.000000
CCGP filtered : 580704418.000000
CCGT filtered : 264362792.000000
time : 1000.000000
