Parameters: GAD=1 vflib=1 dir=0 label=0 lowerbound=1 fileNameGp=../../cp2016-max-common-connected-subgraph-paper/datasets/graphsdb/mcs30/m3D/m3Dr4/mcs30_m3Dr4_s30.A08 fileNameGt=../../cp2016-max-common-connected-subgraph-paper/datasets/graphsdb/mcs30/m3D/m3Dr4/mcs30_m3Dr4_s30.B08
Reading graphs...
30 :  72
30 :  71
Initializing...
maxdom : 30
D->valSize : 900
Solving...
currentSize : 11 <-- 0.010557 s
currentSize : 12 <-- 0.010718 s
currentSize : 13 <-- 0.010845 s
currentSize : 14 <-- 0.013721 s
currentSize : 15 <-- 0.050590 s
currentSize : 16 <-- 0.104742 s
currentSize : 17 <-- 0.475399 s
currentSize : 18 <-- 0.739071 s
currentSize : 19 <-- 5.606457 s

maxsize : 19
nodes : 9602649.000000
filtered : 253892102.000000
CCGP filtered : 34024553.000000
CCGT filtered : 29116275.000000
time : 91.871895
