Parameters: GAD=1 vflib=1 dir=0 label=0 lowerbound=1 fileNameGp=../../cp2016-max-common-connected-subgraph-paper/datasets/graphsdb/mcs30/bvg/b03/mcs30_b03_s40.A06 fileNameGt=../../cp2016-max-common-connected-subgraph-paper/datasets/graphsdb/mcs30/bvg/b03/mcs30_b03_s40.B06
Reading graphs...
40 :  60
40 :  60
Initializing...
maxdom : 40
D->valSize : 1600
Solving...
currentSize : 17 <-- 0.063315 s
currentSize : 18 <-- 0.063498 s
currentSize : 21 <-- 0.063651 s
currentSize : 22 <-- 0.065943 s
currentSize : 23 <-- 0.089066 s
currentSize : 24 <-- 1.913515 s
currentSize : 25 <-- 2.851385 s
currentSize : 26 <-- 2.912534 s
currentSize : 27 <-- 12.969374 s
currentSize : 28 <-- 168.544861 s

TIMEOUT
maxsize : 28
nodes : 77234723.000000
filtered : 2556188953.000000
CCGP filtered : 1291321272.000000
CCGT filtered : 985382781.000000
time : 1000.000061
