Parameters: GAD=1 vflib=1 dir=0 label=0 lowerbound=1 fileNameGp=../../cp2016-max-common-connected-subgraph-paper/datasets/graphsdb/mcs30/m3D/m3Dr6/mcs30_m3Dr6_s30.A01 fileNameGt=../../cp2016-max-common-connected-subgraph-paper/datasets/graphsdb/mcs30/m3D/m3Dr6/mcs30_m3Dr6_s30.B01
Reading graphs...
30 :  75
30 :  74
Initializing...
maxdom : 30
D->valSize : 900
Solving...
currentSize : 9 <-- 0.018257 s
currentSize : 10 <-- 0.018372 s
currentSize : 13 <-- 0.018446 s
currentSize : 14 <-- 0.021449 s
currentSize : 15 <-- 0.025539 s
currentSize : 16 <-- 0.054181 s
currentSize : 17 <-- 0.056495 s
currentSize : 18 <-- 0.179043 s
currentSize : 19 <-- 28.461540 s

maxsize : 19
nodes : 21317877.000000
filtered : 487984669.000000
CCGP filtered : 45220075.000000
CCGT filtered : 28779078.000000
time : 199.411728
