Parameters: GAD=1 vflib=1 dir=0 label=0 lowerbound=1 fileNameGp=../../cp2016-max-common-connected-subgraph-paper/datasets/graphsdb/mcs30/bvg/b06/mcs30_b06_s50.A05 fileNameGt=../../cp2016-max-common-connected-subgraph-paper/datasets/graphsdb/mcs30/bvg/b06/mcs30_b06_s50.B05
Reading graphs...
50 :  150
50 :  149
Initializing...
maxdom : 50
D->valSize : 2500
Solving...
currentSize : 18 <-- 0.090749 s
currentSize : 19 <-- 0.090927 s
currentSize : 20 <-- 0.092525 s
currentSize : 21 <-- 0.094456 s
currentSize : 22 <-- 0.132643 s
currentSize : 23 <-- 0.165650 s
currentSize : 24 <-- 0.167880 s
currentSize : 25 <-- 2.966078 s
currentSize : 26 <-- 8.685093 s
currentSize : 27 <-- 59.583031 s

TIMEOUT
maxsize : 27
nodes : 65502156.000000
filtered : 1661464343.000000
CCGP filtered : 153820012.000000
CCGT filtered : 237906185.000000
time : 1000.000061
