Parameters: GAD=1 vflib=1 dir=0 label=0 lowerbound=1 fileNameGp=../../cp2016-max-common-connected-subgraph-paper/datasets/graphsdb/mcs30/m3D/m3D/mcs30_m3D_s40.A06 fileNameGt=../../cp2016-max-common-connected-subgraph-paper/datasets/graphsdb/mcs30/m3D/m3D/mcs30_m3D_s40.B06
Reading graphs...
40 :  81
40 :  81
Initializing...
maxdom : 40
D->valSize : 1600
Solving...
currentSize : 17 <-- 0.061584 s
currentSize : 18 <-- 0.062007 s
currentSize : 19 <-- 0.103452 s
currentSize : 21 <-- 0.330475 s
currentSize : 22 <-- 0.705792 s
currentSize : 23 <-- 2.073741 s
currentSize : 24 <-- 10.235683 s
currentSize : 25 <-- 10.642280 s
currentSize : 26 <-- 52.457417 s
currentSize : 27 <-- 936.995850 s

TIMEOUT
maxsize : 27
nodes : 83162706.000000
filtered : 2363921130.000000
CCGP filtered : 748101710.000000
CCGT filtered : 370064561.000000
time : 1000.000000
