Parameters: GAD=1 vflib=1 dir=0 label=0 lowerbound=1 fileNameGp=../../cp2016-max-common-connected-subgraph-paper/datasets/graphsdb/mcs30/rand/r005/mcs30_r005_s35.A00 fileNameGt=../../cp2016-max-common-connected-subgraph-paper/datasets/graphsdb/mcs30/rand/r005/mcs30_r005_s35.B00
Reading graphs...
35 :  62
35 :  62
Initializing...
maxdom : 35
D->valSize : 1225
Solving...
currentSize : 17 <-- 0.035969 s
currentSize : 18 <-- 0.036365 s
currentSize : 19 <-- 0.039146 s
currentSize : 20 <-- 0.040577 s
currentSize : 21 <-- 0.041981 s
currentSize : 22 <-- 0.635378 s
currentSize : 23 <-- 1.309931 s
currentSize : 24 <-- 6.401964 s
currentSize : 25 <-- 24.079151 s

maxsize : 25
nodes : 16256508.000000
filtered : 523239886.000000
CCGP filtered : 129454271.000000
CCGT filtered : 93035166.000000
time : 177.578217
