Parameters: GAD=1 vflib=1 dir=0 label=0 lowerbound=1 fileNameGp=../../cp2016-max-common-connected-subgraph-paper/datasets/graphsdb/mcs30/m2D/m2Dr4/mcs30_m2Dr4_s50.A00 fileNameGt=../../cp2016-max-common-connected-subgraph-paper/datasets/graphsdb/mcs30/m2D/m2Dr4/mcs30_m2Dr4_s50.B00
Reading graphs...
50 :  102
50 :  103
Initializing...
maxdom : 50
D->valSize : 2500
Solving...
currentSize : 22 <-- 0.095010 s
currentSize : 24 <-- 0.095198 s
currentSize : 25 <-- 0.095560 s
currentSize : 26 <-- 0.096156 s
currentSize : 27 <-- 0.102824 s
currentSize : 28 <-- 0.160123 s
currentSize : 29 <-- 0.315085 s
currentSize : 30 <-- 5.128287 s
currentSize : 31 <-- 110.239357 s
currentSize : 32 <-- 578.299683 s

TIMEOUT
maxsize : 32
nodes : 69819023.000000
filtered : 2138068869.000000
CCGP filtered : 503881955.000000
CCGT filtered : 263472453.000000
time : 1000.000061
