Parameters: GAD=1 vflib=1 dir=0 label=0 lowerbound=1 fileNameGp=../../cp2016-max-common-connected-subgraph-paper/datasets/graphsdb/mcs30/m3D/m3D/mcs30_m3D_s30.A00 fileNameGt=../../cp2016-max-common-connected-subgraph-paper/datasets/graphsdb/mcs30/m3D/m3D/mcs30_m3D_s30.B00
Reading graphs...
30 :  60
30 :  61
Initializing...
maxdom : 30
D->valSize : 900
Solving...
currentSize : 11 <-- 0.019021 s
currentSize : 12 <-- 0.019186 s
currentSize : 13 <-- 0.019418 s
currentSize : 15 <-- 0.020025 s
currentSize : 16 <-- 0.022884 s
currentSize : 17 <-- 0.203839 s
currentSize : 18 <-- 0.969361 s
currentSize : 19 <-- 1.367454 s
currentSize : 20 <-- 8.264064 s

maxsize : 20
nodes : 4298170.000000
filtered : 102922449.000000
CCGP filtered : 15799240.000000
CCGT filtered : 12288350.000000
time : 39.826145
