Parameters: GAD=1 vflib=1 dir=0 label=0 lowerbound=1 fileNameGp=../../cp2016-max-common-connected-subgraph-paper/datasets/graphsdb/mcs30/m2D/m2Dr6/mcs30_m2Dr6_s50.A07 fileNameGt=../../cp2016-max-common-connected-subgraph-paper/datasets/graphsdb/mcs30/m2D/m2Dr6/mcs30_m2Dr6_s50.B07
Reading graphs...
50 :  114
50 :  111
Initializing...
maxdom : 50
D->valSize : 2500
Solving...
currentSize : 19 <-- 0.158420 s
currentSize : 20 <-- 0.158712 s
currentSize : 21 <-- 0.159298 s
currentSize : 22 <-- 0.160076 s
currentSize : 24 <-- 0.165023 s
currentSize : 25 <-- 0.165201 s
currentSize : 26 <-- 0.316262 s
currentSize : 27 <-- 0.339669 s
currentSize : 28 <-- 1.460949 s
currentSize : 29 <-- 70.853516 s

TIMEOUT
maxsize : 29
nodes : 68031017.000000
filtered : 1530430407.000000
CCGP filtered : 511019221.000000
CCGT filtered : 372221582.000000
time : 1000.000000
