Parameters: GAD=1 vflib=1 dir=0 label=0 lowerbound=1 fileNameGp=../../cp2016-max-common-connected-subgraph-paper/datasets/graphsdb/mcs30/bvg/b03m/mcs30_b03m_s50.A08 fileNameGt=../../cp2016-max-common-connected-subgraph-paper/datasets/graphsdb/mcs30/bvg/b03m/mcs30_b03m_s50.B08
Reading graphs...
50 :  75
50 :  75
Initializing...
maxdom : 50
D->valSize : 2500
Solving...
currentSize : 22 <-- 0.097799 s
currentSize : 24 <-- 0.097839 s
currentSize : 25 <-- 0.098047 s
currentSize : 26 <-- 0.099980 s
currentSize : 27 <-- 0.125092 s
currentSize : 28 <-- 0.359940 s
currentSize : 29 <-- 0.388677 s
currentSize : 30 <-- 8.439569 s
currentSize : 31 <-- 8.963996 s
currentSize : 32 <-- 20.069609 s
currentSize : 33 <-- 876.526794 s

TIMEOUT
maxsize : 33
nodes : 63664912.000000
filtered : 1686233826.000000
CCGP filtered : 2390152328.000000
CCGT filtered : 1699075792.000000
time : 1000.000061
