Parameters: GAD=1 vflib=1 dir=0 label=0 lowerbound=1 fileNameGp=../../cp2016-max-common-connected-subgraph-paper/datasets/graphsdb/mcs30/rand/r005/mcs30_r005_s35.A05 fileNameGt=../../cp2016-max-common-connected-subgraph-paper/datasets/graphsdb/mcs30/rand/r005/mcs30_r005_s35.B05
Reading graphs...
35 :  62
35 :  62
Initializing...
maxdom : 35
D->valSize : 1225
Solving...
currentSize : 14 <-- 0.035881 s
currentSize : 15 <-- 0.036065 s
currentSize : 16 <-- 0.036598 s
currentSize : 17 <-- 0.036847 s
currentSize : 18 <-- 0.044453 s
currentSize : 19 <-- 0.053297 s
currentSize : 20 <-- 0.089714 s
currentSize : 21 <-- 0.091863 s
currentSize : 22 <-- 0.342777 s
currentSize : 23 <-- 15.802553 s
currentSize : 24 <-- 110.011330 s

maxsize : 24
nodes : 16391501.000000
filtered : 517094254.000000
CCGP filtered : 287201458.000000
CCGT filtered : 147457449.000000
time : 187.234970
