Parameters: GAD=1 vflib=1 dir=0 label=0 lowerbound=1 fileNameGp=../../cp2016-max-common-connected-subgraph-paper/datasets/graphsdb/mcs30/rand/r005/mcs30_r005_s50.A04 fileNameGt=../../cp2016-max-common-connected-subgraph-paper/datasets/graphsdb/mcs30/rand/r005/mcs30_r005_s50.B04
Reading graphs...
50 :  125
50 :  126
Initializing...
maxdom : 50
D->valSize : 2500
Solving...
currentSize : 20 <-- 0.093025 s
currentSize : 21 <-- 0.093397 s
currentSize : 22 <-- 0.111888 s
currentSize : 23 <-- 0.113242 s
currentSize : 24 <-- 0.121608 s
currentSize : 25 <-- 0.123120 s
currentSize : 26 <-- 2.666665 s
currentSize : 27 <-- 10.374123 s
currentSize : 28 <-- 10.464869 s
currentSize : 29 <-- 130.439880 s
currentSize : 30 <-- 257.316315 s

TIMEOUT
maxsize : 30
nodes : 66346044.000000
filtered : 2042212785.000000
CCGP filtered : 404498209.000000
CCGT filtered : 219348164.000000
time : 1000.000061
