Parameters: GAD=1 vflib=1 dir=0 label=0 lowerbound=1 fileNameGp=../../cp2016-max-common-connected-subgraph-paper/datasets/graphsdb/mcs30/rand/r005/mcs30_r005_s40.A04 fileNameGt=../../cp2016-max-common-connected-subgraph-paper/datasets/graphsdb/mcs30/rand/r005/mcs30_r005_s40.B04
Reading graphs...
40 :  83
40 :  82
Initializing...
maxdom : 40
D->valSize : 1600
Solving...
currentSize : 16 <-- 0.057738 s
currentSize : 19 <-- 0.057832 s
currentSize : 20 <-- 0.058269 s
currentSize : 21 <-- 0.060565 s
currentSize : 22 <-- 0.061986 s
currentSize : 23 <-- 0.062167 s
currentSize : 24 <-- 0.110347 s
currentSize : 25 <-- 0.444336 s
currentSize : 26 <-- 12.790603 s
currentSize : 27 <-- 269.013824 s
currentSize : 28 <-- 290.177979 s

TIMEOUT
maxsize : 28
nodes : 79595198.000000
filtered : 3053166595.000000
CCGP filtered : 475740317.000000
CCGT filtered : 431601293.000000
time : 1000.000061
