Parameters: GAD=1 vflib=1 dir=0 label=0 lowerbound=1 fileNameGp=../../cp2016-max-common-connected-subgraph-paper/datasets/graphsdb/mcs30/rand/r005/mcs30_r005_s50.A07 fileNameGt=../../cp2016-max-common-connected-subgraph-paper/datasets/graphsdb/mcs30/rand/r005/mcs30_r005_s50.B07
Reading graphs...
50 :  123
50 :  125
Initializing...
maxdom : 50
D->valSize : 2500
Solving...
currentSize : 16 <-- 0.115322 s
currentSize : 19 <-- 0.115478 s
currentSize : 20 <-- 0.115838 s
currentSize : 21 <-- 0.115864 s
currentSize : 22 <-- 0.133055 s
currentSize : 23 <-- 0.166546 s
currentSize : 24 <-- 0.479927 s
currentSize : 25 <-- 0.514962 s
currentSize : 26 <-- 4.853571 s
currentSize : 27 <-- 5.562886 s
currentSize : 28 <-- 179.057236 s
currentSize : 29 <-- 972.811829 s

TIMEOUT
maxsize : 29
nodes : 66524201.000000
filtered : 1586539270.000000
CCGP filtered : 398741465.000000
CCGT filtered : 509670591.000000
time : 1000.000061
