Parameters: GAD=1 vflib=1 dir=0 label=0 lowerbound=1 fileNameGp=../../cp2016-max-common-connected-subgraph-paper/datasets/graphsdb/mcs30/m2D/m2Dr4/mcs30_m2Dr4_s30.A07 fileNameGt=../../cp2016-max-common-connected-subgraph-paper/datasets/graphsdb/mcs30/m2D/m2Dr4/mcs30_m2Dr4_s30.B07
Reading graphs...
30 :  61
30 :  60
Initializing...
maxdom : 30
D->valSize : 900
Solving...
currentSize : 11 <-- 0.011020 s
currentSize : 12 <-- 0.011156 s
currentSize : 13 <-- 0.011846 s
currentSize : 14 <-- 0.015111 s
currentSize : 15 <-- 0.043357 s
currentSize : 16 <-- 0.081968 s
currentSize : 17 <-- 0.528426 s
currentSize : 18 <-- 1.656795 s
currentSize : 19 <-- 14.285058 s

maxsize : 19
nodes : 5808417.000000
filtered : 120919172.000000
CCGP filtered : 34977349.000000
CCGT filtered : 43724917.000000
time : 54.250050
