Parameters: GAD=1 vflib=1 dir=0 label=0 lowerbound=1 fileNameGp=../../cp2016-max-common-connected-subgraph-paper/datasets/graphsdb/mcs30/m4D/m4Dr6/mcs30_m4Dr6_s50.A04 fileNameGt=../../cp2016-max-common-connected-subgraph-paper/datasets/graphsdb/mcs30/m4D/m4Dr6/mcs30_m4Dr6_s50.B04
Reading graphs...
50 :  114
50 :  114
Initializing...
maxdom : 50
D->valSize : 2500
Solving...
currentSize : 21 <-- 0.094293 s
currentSize : 22 <-- 0.095574 s
currentSize : 23 <-- 0.095674 s
currentSize : 24 <-- 0.097290 s
currentSize : 25 <-- 0.132441 s
currentSize : 26 <-- 0.190391 s
currentSize : 27 <-- 0.844665 s
currentSize : 28 <-- 0.899149 s
currentSize : 29 <-- 10.312641 s
currentSize : 30 <-- 43.512249 s
currentSize : 31 <-- 919.770935 s

TIMEOUT
maxsize : 31
nodes : 66524955.000000
filtered : 1885916888.000000
CCGP filtered : 497871412.000000
CCGT filtered : 287620248.000000
time : 1000.000061
