Parameters: GAD=1 vflib=1 dir=0 label=0 lowerbound=1 fileNameGp=../../cp2016-max-common-connected-subgraph-paper/datasets/graphsdb/mcs30/bvg/b03/mcs30_b03_s35.A09 fileNameGt=../../cp2016-max-common-connected-subgraph-paper/datasets/graphsdb/mcs30/bvg/b03/mcs30_b03_s35.B09
Reading graphs...
35 :  52
35 :  52
Initializing...
maxdom : 35
D->valSize : 1225
Solving...
currentSize : 15 <-- 0.021527 s
currentSize : 16 <-- 0.021662 s
currentSize : 17 <-- 0.021931 s
currentSize : 18 <-- 0.030686 s
currentSize : 19 <-- 0.035317 s
currentSize : 20 <-- 0.071792 s
currentSize : 21 <-- 0.088037 s
currentSize : 22 <-- 0.314368 s
currentSize : 23 <-- 0.323950 s
currentSize : 24 <-- 0.471860 s
currentSize : 25 <-- 4.262332 s

maxsize : 25
nodes : 3689842.000000
filtered : 112277663.000000
CCGP filtered : 67770373.000000
CCGT filtered : 43122493.000000
time : 41.781162
