Parameters: GAD=1 vflib=1 dir=0 label=0 lowerbound=1 fileNameGp=../../cp2016-max-common-connected-subgraph-paper/datasets/graphsdb/mcs30/bvg/b03/mcs30_b03_s40.A01 fileNameGt=../../cp2016-max-common-connected-subgraph-paper/datasets/graphsdb/mcs30/bvg/b03/mcs30_b03_s40.B01
Reading graphs...
40 :  60
40 :  60
Initializing...
maxdom : 40
D->valSize : 1600
Solving...
currentSize : 18 <-- 0.059147 s
currentSize : 19 <-- 0.059232 s
currentSize : 23 <-- 0.059319 s
currentSize : 24 <-- 0.062789 s
currentSize : 25 <-- 0.110572 s
currentSize : 26 <-- 0.122204 s
currentSize : 27 <-- 0.747668 s
currentSize : 28 <-- 27.846931 s
currentSize : 29 <-- 69.940460 s

maxsize : 29
nodes : 31978889.000000
filtered : 1073422923.000000
CCGP filtered : 566542184.000000
CCGT filtered : 282245145.000000
time : 393.395294
