Parameters: GAD=1 vflib=1 dir=0 label=0 lowerbound=1 fileNameGp=../../cp2016-max-common-connected-subgraph-paper/datasets/graphsdb/mcs30/bvg/b06/mcs30_b06_s40.A06 fileNameGt=../../cp2016-max-common-connected-subgraph-paper/datasets/graphsdb/mcs30/bvg/b06/mcs30_b06_s40.B06
Reading graphs...
40 :  120
40 :  119
Initializing...
maxdom : 40
D->valSize : 1600
Solving...
currentSize : 13 <-- 0.033726 s
currentSize : 14 <-- 0.033794 s
currentSize : 15 <-- 0.033933 s
currentSize : 16 <-- 0.034914 s
currentSize : 17 <-- 0.035597 s
currentSize : 18 <-- 0.036389 s
currentSize : 19 <-- 0.042161 s
currentSize : 20 <-- 0.513518 s
currentSize : 21 <-- 4.355312 s
currentSize : 22 <-- 16.177038 s
currentSize : 23 <-- 76.111595 s

TIMEOUT
maxsize : 23
nodes : 80622184.000000
filtered : 2139644034.000000
CCGP filtered : 173162232.000000
CCGT filtered : 121313196.000000
time : 1000.000000
