Parameters: GAD=1 vflib=1 dir=0 label=0 lowerbound=1 fileNameGp=../../cp2016-max-common-connected-subgraph-paper/datasets/graphsdb/mcs30/m2D/m2D/mcs30_m2D_s30.A07 fileNameGt=../../cp2016-max-common-connected-subgraph-paper/datasets/graphsdb/mcs30/m2D/m2D/mcs30_m2D_s30.B07
Reading graphs...
30 :  48
30 :  49
Initializing...
maxdom : 30
D->valSize : 900
Solving...
currentSize : 8 <-- 0.019350 s
currentSize : 12 <-- 0.019469 s
currentSize : 13 <-- 0.019591 s
currentSize : 14 <-- 0.021342 s
currentSize : 15 <-- 0.021485 s
currentSize : 16 <-- 0.024845 s
currentSize : 17 <-- 0.039658 s
currentSize : 18 <-- 0.078081 s
currentSize : 19 <-- 0.087181 s
currentSize : 20 <-- 5.723752 s
currentSize : 21 <-- 15.461043 s
currentSize : 22 <-- 22.489437 s

maxsize : 22
nodes : 2461069.000000
filtered : 58905965.000000
CCGP filtered : 43938790.000000
CCGT filtered : 20189517.000000
time : 24.287031
