Parameters: GAD=1 vflib=1 dir=0 label=0 lowerbound=1 fileNameGp=../../cp2016-max-common-connected-subgraph-paper/datasets/graphsdb/mcs30/m2D/m2Dr6/mcs30_m2Dr6_s30.A07 fileNameGt=../../cp2016-max-common-connected-subgraph-paper/datasets/graphsdb/mcs30/m2D/m2Dr6/mcs30_m2Dr6_s30.B07
Reading graphs...
30 :  66
30 :  62
Initializing...
maxdom : 30
D->valSize : 900
Solving...
currentSize : 10 <-- 0.010771 s
currentSize : 11 <-- 0.010850 s
currentSize : 13 <-- 0.010938 s
currentSize : 14 <-- 0.011387 s
currentSize : 15 <-- 0.012003 s
currentSize : 16 <-- 0.012984 s
currentSize : 17 <-- 0.027999 s
currentSize : 18 <-- 0.198634 s
currentSize : 19 <-- 0.244467 s
currentSize : 20 <-- 76.069298 s

maxsize : 20
nodes : 12487332.000000
filtered : 300533817.000000
CCGP filtered : 52137756.000000
CCGT filtered : 48354276.000000
time : 116.341858
