Parameters: GAD=1 vflib=1 dir=0 label=0 lowerbound=1 fileNameGp=../../cp2016-max-common-connected-subgraph-paper/datasets/graphsdb/mcs30/bvg/b03/mcs30_b03_s30.A09 fileNameGt=../../cp2016-max-common-connected-subgraph-paper/datasets/graphsdb/mcs30/bvg/b03/mcs30_b03_s30.B09
Reading graphs...
30 :  45
30 :  45
Initializing...
maxdom : 30
D->valSize : 900
Solving...
currentSize : 10 <-- 0.011940 s
currentSize : 11 <-- 0.012138 s
currentSize : 12 <-- 0.012154 s
currentSize : 14 <-- 0.012313 s
currentSize : 15 <-- 0.012729 s
currentSize : 17 <-- 0.016299 s
currentSize : 18 <-- 0.016439 s
currentSize : 19 <-- 0.016567 s
currentSize : 20 <-- 0.114441 s
currentSize : 21 <-- 2.175944 s

maxsize : 21
nodes : 773896.000000
filtered : 19473784.000000
CCGP filtered : 14430491.000000
CCGT filtered : 8218035.000000
time : 7.778990
