Parameters: GAD=1 vflib=1 dir=0 label=0 lowerbound=1 fileNameGp=../../cp2016-max-common-connected-subgraph-paper/datasets/graphsdb/mcs30/m2D/m2Dr4/mcs30_m2Dr4_s50.A09 fileNameGt=../../cp2016-max-common-connected-subgraph-paper/datasets/graphsdb/mcs30/m2D/m2Dr4/mcs30_m2Dr4_s50.B09
Reading graphs...
50 :  105
50 :  100
Initializing...
maxdom : 50
D->valSize : 2500
Solving...
currentSize : 20 <-- 0.095367 s
currentSize : 22 <-- 0.095585 s
currentSize : 23 <-- 0.097670 s
currentSize : 24 <-- 0.103391 s
currentSize : 25 <-- 0.129010 s
currentSize : 26 <-- 0.131907 s
currentSize : 27 <-- 0.131929 s
currentSize : 28 <-- 0.906862 s
currentSize : 29 <-- 2.689840 s
currentSize : 30 <-- 6.110444 s
currentSize : 31 <-- 12.612392 s
currentSize : 32 <-- 538.269531 s
currentSize : 33 <-- 671.160706 s

TIMEOUT
maxsize : 33
nodes : 64081834.000000
filtered : 2221971695.000000
CCGP filtered : 789444496.000000
CCGT filtered : 599985082.000000
time : 1000.000061
