Parameters: GAD=1 vflib=1 dir=0 label=0 lowerbound=1 fileNameGp=../../cp2016-max-common-connected-subgraph-paper/datasets/graphsdb/mcs30/m4D/m4Dr4/mcs30_m4Dr4_s50.A02 fileNameGt=../../cp2016-max-common-connected-subgraph-paper/datasets/graphsdb/mcs30/m4D/m4Dr4/mcs30_m4Dr4_s50.B02
Reading graphs...
50 :  106
50 :  105
Initializing...
maxdom : 50
D->valSize : 2500
Solving...
currentSize : 21 <-- 0.161613 s
currentSize : 22 <-- 0.163733 s
currentSize : 23 <-- 0.177000 s
currentSize : 24 <-- 0.381787 s
currentSize : 25 <-- 0.470819 s
currentSize : 26 <-- 0.481239 s
currentSize : 27 <-- 0.513282 s
currentSize : 28 <-- 0.533448 s
currentSize : 29 <-- 0.809361 s
currentSize : 30 <-- 1.256910 s
currentSize : 31 <-- 97.061852 s
currentSize : 32 <-- 435.801331 s

TIMEOUT
maxsize : 32
nodes : 64505278.000000
filtered : 2014096232.000000
CCGP filtered : 812228848.000000
CCGT filtered : 871625750.000000
time : 1000.000061
