Parameters: GAD=1 vflib=1 dir=0 label=0 lowerbound=1 fileNameGp=../../cp2016-max-common-connected-subgraph-paper/datasets/graphsdb/mcs30/bvg/b03m/mcs30_b03m_s35.A03 fileNameGt=../../cp2016-max-common-connected-subgraph-paper/datasets/graphsdb/mcs30/bvg/b03m/mcs30_b03m_s35.B03
Reading graphs...
35 :  52
35 :  52
Initializing...
maxdom : 35
D->valSize : 1225
Solving...
currentSize : 14 <-- 0.036743 s
currentSize : 16 <-- 0.036835 s
currentSize : 17 <-- 0.037980 s
currentSize : 18 <-- 0.038527 s
currentSize : 20 <-- 0.045628 s
currentSize : 21 <-- 0.069043 s
currentSize : 22 <-- 0.069442 s
currentSize : 24 <-- 0.425329 s
currentSize : 25 <-- 1.666896 s
currentSize : 26 <-- 9.154202 s

maxsize : 26
nodes : 2237296.000000
filtered : 73588121.000000
CCGP filtered : 37583001.000000
CCGT filtered : 23259275.000000
time : 25.448000
