Parameters: GAD=1 vflib=1 dir=0 label=0 lowerbound=1 fileNameGp=../../cp2016-max-common-connected-subgraph-paper/datasets/graphsdb/mcs30/m3D/m3D/mcs30_m3D_s40.A09 fileNameGt=../../cp2016-max-common-connected-subgraph-paper/datasets/graphsdb/mcs30/m3D/m3D/mcs30_m3D_s40.B09
Reading graphs...
40 :  83
40 :  84
Initializing...
maxdom : 40
D->valSize : 1600
Solving...
currentSize : 16 <-- 0.061803 s
currentSize : 18 <-- 0.061892 s
currentSize : 19 <-- 0.062418 s
currentSize : 20 <-- 0.062813 s
currentSize : 21 <-- 0.065417 s
currentSize : 22 <-- 0.072133 s
currentSize : 23 <-- 0.123387 s
currentSize : 24 <-- 1.023806 s
currentSize : 25 <-- 21.667349 s
currentSize : 26 <-- 130.340256 s
currentSize : 27 <-- 183.289383 s

TIMEOUT
maxsize : 27
nodes : 80336415.000000
filtered : 2787075513.000000
CCGP filtered : 524876160.000000
CCGT filtered : 381008311.000000
time : 1000.000000
