Parameters: GAD=1 vflib=1 dir=0 label=0 lowerbound=1 fileNameGp=../../cp2016-max-common-connected-subgraph-paper/datasets/graphsdb/mcs30/bvg/b03/mcs30_b03_s40.A05 fileNameGt=../../cp2016-max-common-connected-subgraph-paper/datasets/graphsdb/mcs30/bvg/b03/mcs30_b03_s40.B05
Reading graphs...
40 :  60
40 :  60
Initializing...
maxdom : 40
D->valSize : 1600
Solving...
currentSize : 17 <-- 0.036397 s
currentSize : 18 <-- 0.036712 s
currentSize : 19 <-- 0.038127 s
currentSize : 20 <-- 0.063258 s
currentSize : 21 <-- 0.086383 s
currentSize : 22 <-- 0.086414 s
currentSize : 23 <-- 0.087048 s
currentSize : 24 <-- 0.157974 s
currentSize : 25 <-- 0.224263 s
currentSize : 26 <-- 41.701248 s
currentSize : 27 <-- 42.205189 s
currentSize : 28 <-- 42.735649 s

maxsize : 28
nodes : 30412777.000000
filtered : 1027451935.000000
CCGP filtered : 590807123.000000
CCGT filtered : 358664142.000000
time : 397.793335
