Parameters: GAD=1 vflib=1 dir=0 label=0 lowerbound=1 fileNameGp=../../cp2016-max-common-connected-subgraph-paper/datasets/graphsdb/mcs30/m4D/m4Dr2/mcs30_m4Dr2_s50.A06 fileNameGt=../../cp2016-max-common-connected-subgraph-paper/datasets/graphsdb/mcs30/m4D/m4Dr2/mcs30_m4Dr2_s50.B06
Reading graphs...
50 :  96
50 :  95
Initializing...
maxdom : 50
D->valSize : 2500
Solving...
currentSize : 16 <-- 0.162255 s
currentSize : 17 <-- 0.162322 s
currentSize : 21 <-- 0.162527 s
currentSize : 22 <-- 0.169218 s
currentSize : 23 <-- 0.170044 s
currentSize : 25 <-- 0.170656 s
currentSize : 26 <-- 0.182001 s
currentSize : 28 <-- 0.261221 s
currentSize : 29 <-- 1.093725 s
currentSize : 30 <-- 1.222425 s
currentSize : 31 <-- 1.259738 s
currentSize : 32 <-- 565.927368 s
currentSize : 33 <-- 863.299805 s

TIMEOUT
maxsize : 33
nodes : 65841410.000000
filtered : 2219610874.000000
CCGP filtered : 1016971973.000000
CCGT filtered : 433707638.000000
time : 1000.000061
