Parameters: GAD=1 vflib=1 dir=0 label=0 lowerbound=1 fileNameGp=../../cp2016-max-common-connected-subgraph-paper/datasets/graphsdb/mcs30/m2D/m2Dr2/mcs30_m2Dr2_s30.A08 fileNameGt=../../cp2016-max-common-connected-subgraph-paper/datasets/graphsdb/mcs30/m2D/m2Dr2/mcs30_m2Dr2_s30.B08
Reading graphs...
30 :  55
30 :  54
Initializing...
maxdom : 30
D->valSize : 900
Solving...
currentSize : 12 <-- 0.011182 s
currentSize : 13 <-- 0.011220 s
currentSize : 14 <-- 0.011775 s
currentSize : 15 <-- 0.011807 s
currentSize : 16 <-- 0.011932 s
currentSize : 17 <-- 0.012061 s
currentSize : 18 <-- 0.055239 s
currentSize : 19 <-- 0.083555 s
currentSize : 20 <-- 0.339587 s
currentSize : 21 <-- 4.951248 s
currentSize : 22 <-- 20.212561 s

maxsize : 22
nodes : 2565677.000000
filtered : 64874699.000000
CCGP filtered : 23189179.000000
CCGT filtered : 8082504.000000
time : 23.209644
