Parameters: GAD=1 vflib=1 dir=0 label=0 lowerbound=1 fileNameGp=../../cp2016-max-common-connected-subgraph-paper/datasets/graphsdb/mcs30/m4D/m4Dr6/mcs30_m4Dr6_s50.A01 fileNameGt=../../cp2016-max-common-connected-subgraph-paper/datasets/graphsdb/mcs30/m4D/m4Dr6/mcs30_m4Dr6_s50.B01
Reading graphs...
50 :  113
50 :  110
Initializing...
maxdom : 50
D->valSize : 2500
Solving...
currentSize : 21 <-- 0.094409 s
currentSize : 22 <-- 0.094530 s
currentSize : 23 <-- 0.094922 s
currentSize : 24 <-- 0.097083 s
currentSize : 25 <-- 0.117447 s
currentSize : 26 <-- 0.278870 s
currentSize : 27 <-- 12.992341 s
currentSize : 28 <-- 13.320524 s
currentSize : 29 <-- 46.082565 s
currentSize : 30 <-- 70.634781 s
currentSize : 31 <-- 673.643005 s

TIMEOUT
maxsize : 31
nodes : 65919965.000000
filtered : 1918614488.000000
CCGP filtered : 392365798.000000
CCGT filtered : 459786972.000000
time : 1000.000061
