Parameters: GAD=1 vflib=1 dir=0 label=0 lowerbound=1 fileNameGp=../../cp2016-max-common-connected-subgraph-paper/datasets/graphsdb/mcs30/m4D/m4D/mcs30_m4D_s50.A07 fileNameGt=../../cp2016-max-common-connected-subgraph-paper/datasets/graphsdb/mcs30/m4D/m4D/mcs30_m4D_s50.B07
Reading graphs...
50 :  86
50 :  87
Initializing...
maxdom : 50
D->valSize : 2500
Solving...
currentSize : 9 <-- 0.117465 s
currentSize : 10 <-- 0.117556 s
currentSize : 24 <-- 0.121320 s
currentSize : 25 <-- 0.121437 s
currentSize : 26 <-- 0.123948 s
currentSize : 27 <-- 0.133547 s
currentSize : 28 <-- 0.177989 s
currentSize : 30 <-- 0.191592 s
currentSize : 31 <-- 2.210239 s
currentSize : 32 <-- 10.246372 s

TIMEOUT
maxsize : 32
nodes : 64032734.000000
filtered : 2173020849.000000
CCGP filtered : 1708295020.000000
CCGT filtered : 1106873812.000000
time : 1000.000000
