Parameters: GAD=1 vflib=1 dir=0 label=0 lowerbound=1 fileNameGp=../../cp2016-max-common-connected-subgraph-paper/datasets/graphsdb/mcs30/bvg/b03m/mcs30_b03m_s25.A09 fileNameGt=../../cp2016-max-common-connected-subgraph-paper/datasets/graphsdb/mcs30/bvg/b03m/mcs30_b03m_s25.B09
Reading graphs...
25 :  37
25 :  37
Initializing...
maxdom : 25
D->valSize : 625
Solving...
currentSize : 8 <-- 0.009245 s
currentSize : 9 <-- 0.009652 s
currentSize : 11 <-- 0.009760 s
currentSize : 13 <-- 0.009794 s
currentSize : 14 <-- 0.010149 s
currentSize : 15 <-- 0.010357 s
currentSize : 16 <-- 0.011617 s
currentSize : 17 <-- 0.016172 s
currentSize : 18 <-- 0.156196 s

maxsize : 18
nodes : 83361.000000
filtered : 1813233.000000
CCGP filtered : 1048367.000000
CCGT filtered : 957712.000000
time : 0.814777
