Parameters: GAD=1 vflib=1 dir=0 label=0 lowerbound=1 fileNameGp=../../cp2016-max-common-connected-subgraph-paper/datasets/graphsdb/mcs30/rand/r005/mcs30_r005_s40.A09 fileNameGt=../../cp2016-max-common-connected-subgraph-paper/datasets/graphsdb/mcs30/rand/r005/mcs30_r005_s40.B09
Reading graphs...
40 :  81
40 :  82
Initializing...
maxdom : 40
D->valSize : 1600
Solving...
currentSize : 15 <-- 0.035453 s
currentSize : 16 <-- 0.035900 s
currentSize : 17 <-- 0.037873 s
currentSize : 18 <-- 0.044370 s
currentSize : 19 <-- 0.056495 s
currentSize : 20 <-- 0.077275 s
currentSize : 21 <-- 0.110156 s
currentSize : 22 <-- 0.180017 s
currentSize : 23 <-- 0.857187 s
currentSize : 24 <-- 23.971344 s
currentSize : 25 <-- 24.104057 s
currentSize : 26 <-- 633.301453 s

TIMEOUT
maxsize : 26
nodes : 81075693.000000
filtered : 2228121780.000000
CCGP filtered : 597127430.000000
CCGT filtered : 471945582.000000
time : 1000.000000
