Parameters: GAD=1 vflib=1 dir=0 label=0 lowerbound=1 fileNameGp=../../cp2016-max-common-connected-subgraph-paper/datasets/graphsdb/mcs30/m3D/m3Dr4/mcs30_m3Dr4_s30.A04 fileNameGt=../../cp2016-max-common-connected-subgraph-paper/datasets/graphsdb/mcs30/m3D/m3Dr4/mcs30_m3Dr4_s30.B04
Reading graphs...
30 :  69
30 :  70
Initializing...
maxdom : 30
D->valSize : 900
Solving...
currentSize : 10 <-- 0.011351 s
currentSize : 12 <-- 0.011438 s
currentSize : 13 <-- 0.011663 s
currentSize : 14 <-- 0.012126 s
currentSize : 15 <-- 0.013116 s
currentSize : 16 <-- 0.018646 s
currentSize : 17 <-- 0.317430 s
currentSize : 18 <-- 0.944459 s
currentSize : 19 <-- 2.744935 s

maxsize : 19
nodes : 22590981.000000
filtered : 506492827.000000
CCGP filtered : 58226233.000000
CCGT filtered : 54726209.000000
time : 212.661697
