Parameters: GAD=1 vflib=1 dir=0 label=0 lowerbound=1 fileNameGp=../../cp2016-max-common-connected-subgraph-paper/datasets/graphsdb/mcs30/bvg/b03m/mcs30_b03m_s35.A07 fileNameGt=../../cp2016-max-common-connected-subgraph-paper/datasets/graphsdb/mcs30/bvg/b03m/mcs30_b03m_s35.B07
Reading graphs...
35 :  51
35 :  52
Initializing...
maxdom : 35
D->valSize : 1225
Solving...
currentSize : 10 <-- 0.020853 s
currentSize : 12 <-- 0.021038 s
currentSize : 13 <-- 0.021172 s
currentSize : 14 <-- 0.021209 s
currentSize : 15 <-- 0.021857 s
currentSize : 16 <-- 0.025350 s
currentSize : 17 <-- 0.028043 s
currentSize : 18 <-- 0.036856 s
currentSize : 19 <-- 0.049362 s
currentSize : 20 <-- 0.061270 s
currentSize : 21 <-- 0.207013 s
currentSize : 22 <-- 0.395469 s
currentSize : 23 <-- 0.402132 s
currentSize : 24 <-- 0.426690 s
currentSize : 25 <-- 1.379309 s

maxsize : 25
nodes : 4291053.000000
filtered : 132983274.000000
CCGP filtered : 65269912.000000
CCGT filtered : 57717105.000000
time : 48.573868
