Parameters: GAD=1 vflib=1 dir=0 label=0 lowerbound=1 fileNameGp=../../cp2016-max-common-connected-subgraph-paper/datasets/graphsdb/mcs30/m3D/m3Dr2/mcs30_m3Dr2_s30.A00 fileNameGt=../../cp2016-max-common-connected-subgraph-paper/datasets/graphsdb/mcs30/m3D/m3Dr2/mcs30_m3Dr2_s30.B00
Reading graphs...
30 :  67
30 :  65
Initializing...
maxdom : 30
D->valSize : 900
Solving...
currentSize : 10 <-- 0.018627 s
currentSize : 11 <-- 0.018763 s
currentSize : 14 <-- 0.018891 s
currentSize : 15 <-- 0.019187 s
currentSize : 16 <-- 0.019649 s
currentSize : 17 <-- 0.020048 s
currentSize : 18 <-- 0.032967 s
currentSize : 19 <-- 0.132628 s
currentSize : 20 <-- 20.617268 s

maxsize : 20
nodes : 7761587.000000
filtered : 212026265.000000
CCGP filtered : 27989507.000000
CCGT filtered : 17554387.000000
time : 72.506226
