Parameters: GAD=1 vflib=1 dir=0 label=0 lowerbound=1 fileNameGp=../../cp2016-max-common-connected-subgraph-paper/datasets/graphsdb/mcs30/m3D/m3D/mcs30_m3D_s30.A02 fileNameGt=../../cp2016-max-common-connected-subgraph-paper/datasets/graphsdb/mcs30/m3D/m3D/mcs30_m3D_s30.B02
Reading graphs...
30 :  59
30 :  59
Initializing...
maxdom : 30
D->valSize : 900
Solving...
currentSize : 11 <-- 0.010923 s
currentSize : 12 <-- 0.011068 s
currentSize : 13 <-- 0.011211 s
currentSize : 14 <-- 0.011338 s
currentSize : 15 <-- 0.011597 s
currentSize : 16 <-- 0.011930 s
currentSize : 17 <-- 0.026119 s
currentSize : 18 <-- 0.032438 s
currentSize : 19 <-- 0.234229 s
currentSize : 20 <-- 1.119741 s

maxsize : 20
nodes : 5820850.000000
filtered : 143706110.000000
CCGP filtered : 31930828.000000
CCGT filtered : 19447459.000000
time : 53.971172
