Parameters: GAD=1 vflib=1 dir=0 label=0 lowerbound=1 fileNameGp=../../cp2016-max-common-connected-subgraph-paper/datasets/graphsdb/mcs30/bvg/b03/mcs30_b03_s50.A07 fileNameGt=../../cp2016-max-common-connected-subgraph-paper/datasets/graphsdb/mcs30/bvg/b03/mcs30_b03_s50.B07
Reading graphs...
50 :  75
50 :  75
Initializing...
maxdom : 50
D->valSize : 2500
Solving...
currentSize : 18 <-- 0.098824 s
currentSize : 19 <-- 0.099097 s
currentSize : 21 <-- 0.099347 s
currentSize : 22 <-- 0.100067 s
currentSize : 23 <-- 0.103489 s
currentSize : 24 <-- 0.103717 s
currentSize : 25 <-- 0.678950 s
currentSize : 26 <-- 2.055975 s
currentSize : 27 <-- 2.390481 s
currentSize : 28 <-- 84.087952 s
currentSize : 29 <-- 84.225098 s
currentSize : 30 <-- 86.837509 s
currentSize : 31 <-- 125.665901 s
currentSize : 32 <-- 342.393585 s
currentSize : 33 <-- 580.778748 s
currentSize : 34 <-- 725.283264 s

TIMEOUT
maxsize : 34
nodes : 63827337.000000
filtered : 1777273560.000000
CCGP filtered : 1942276764.000000
CCGT filtered : 1274203336.000000
time : 1000.000061
