Parameters: GAD=1 vflib=1 dir=0 label=0 lowerbound=1 fileNameGp=../../cp2016-max-common-connected-subgraph-paper/datasets/graphsdb/mcs30/m4D/m4Dr4/mcs30_m4Dr4_s50.A00 fileNameGt=../../cp2016-max-common-connected-subgraph-paper/datasets/graphsdb/mcs30/m4D/m4Dr4/mcs30_m4Dr4_s50.B00
Reading graphs...
50 :  103
50 :  104
Initializing...
maxdom : 50
D->valSize : 2500
Solving...
currentSize : 22 <-- 0.160861 s
currentSize : 23 <-- 0.213214 s
currentSize : 24 <-- 0.774342 s
currentSize : 25 <-- 0.776961 s
currentSize : 26 <-- 0.852153 s
currentSize : 27 <-- 0.957375 s
currentSize : 28 <-- 0.976298 s
currentSize : 29 <-- 1.791508 s
currentSize : 30 <-- 1.813623 s
currentSize : 31 <-- 93.151665 s
currentSize : 32 <-- 116.542061 s

TIMEOUT
maxsize : 32
nodes : 63850520.000000
filtered : 2273770179.000000
CCGP filtered : 791973316.000000
CCGT filtered : 747130429.000000
time : 1000.000061
