Parameters: GAD=1 vflib=1 dir=0 label=0 lowerbound=1 fileNameGp=../../cp2016-max-common-connected-subgraph-paper/datasets/graphsdb/mcs30/bvg/b09/mcs30_b09_s35.A06 fileNameGt=../../cp2016-max-common-connected-subgraph-paper/datasets/graphsdb/mcs30/bvg/b09/mcs30_b09_s35.B06
Reading graphs...
35 :  149
35 :  152
Initializing...
maxdom : 35
D->valSize : 1225
Solving...
currentSize : 10 <-- 0.031153 s
currentSize : 11 <-- 0.031226 s
currentSize : 12 <-- 0.031523 s
currentSize : 13 <-- 0.031759 s
currentSize : 14 <-- 0.032897 s
currentSize : 15 <-- 0.065924 s
currentSize : 16 <-- 0.300701 s
currentSize : 17 <-- 0.300871 s
currentSize : 18 <-- 6.771688 s
currentSize : 19 <-- 20.256506 s

TIMEOUT
maxsize : 19
nodes : 85649864.000000
filtered : 2326616493.000000
CCGP filtered : 44556511.000000
CCGT filtered : 22683148.000000
time : 1000.000000
