Parameters: GAD=1 vflib=1 dir=0 label=0 lowerbound=1 fileNameGp=../../cp2016-max-common-connected-subgraph-paper/datasets/graphsdb/mcs30/bvg/b09/mcs30_b09_s50.A09 fileNameGt=../../cp2016-max-common-connected-subgraph-paper/datasets/graphsdb/mcs30/bvg/b09/mcs30_b09_s50.B09
Reading graphs...
50 :  219
50 :  221
Initializing...
maxdom : 50
D->valSize : 2500
Solving...
currentSize : 14 <-- 0.103599 s
currentSize : 15 <-- 0.103651 s
currentSize : 16 <-- 0.104081 s
currentSize : 17 <-- 0.104137 s
currentSize : 18 <-- 0.107706 s
currentSize : 19 <-- 0.113341 s
currentSize : 20 <-- 0.122985 s
currentSize : 21 <-- 0.187717 s
currentSize : 22 <-- 5.251962 s
currentSize : 23 <-- 105.815620 s

TIMEOUT
maxsize : 23
nodes : 59191526.000000
filtered : 1466872037.000000
CCGP filtered : 109968730.000000
CCGT filtered : 75448761.000000
time : 1000.000000
