Parameters: GAD=1 vflib=1 dir=0 label=0 lowerbound=1 fileNameGp=../../cp2016-max-common-connected-subgraph-paper/datasets/graphsdb/mcs30/m4D/m4D/mcs30_m4D_s50.A00 fileNameGt=../../cp2016-max-common-connected-subgraph-paper/datasets/graphsdb/mcs30/m4D/m4D/mcs30_m4D_s50.B00
Reading graphs...
50 :  87
50 :  87
Initializing...
maxdom : 50
D->valSize : 2500
Solving...
currentSize : 22 <-- 0.097274 s
currentSize : 23 <-- 0.097342 s
currentSize : 24 <-- 0.097368 s
currentSize : 25 <-- 0.098236 s
currentSize : 26 <-- 0.099032 s
currentSize : 27 <-- 0.100192 s
currentSize : 28 <-- 0.100799 s
currentSize : 29 <-- 0.237593 s
currentSize : 30 <-- 0.448423 s
currentSize : 31 <-- 1.005590 s
currentSize : 32 <-- 13.767302 s
currentSize : 33 <-- 481.203064 s

TIMEOUT
maxsize : 33
nodes : 61179411.000000
filtered : 1901814231.000000
CCGP filtered : 1987262986.000000
CCGT filtered : 1503943894.000000
time : 1000.000061
