Parameters: GAD=1 vflib=1 dir=0 label=0 lowerbound=1 fileNameGp=../../cp2016-max-common-connected-subgraph-paper/datasets/graphsdb/mcs30/m2D/m2Dr6/mcs30_m2Dr6_s50.A01 fileNameGt=../../cp2016-max-common-connected-subgraph-paper/datasets/graphsdb/mcs30/m2D/m2Dr6/mcs30_m2Dr6_s50.B01
Reading graphs...
50 :  112
50 :  110
Initializing...
maxdom : 50
D->valSize : 2500
Solving...
currentSize : 21 <-- 0.094248 s
currentSize : 22 <-- 0.094577 s
currentSize : 23 <-- 0.094733 s
currentSize : 24 <-- 0.095463 s
currentSize : 25 <-- 0.095951 s
currentSize : 26 <-- 0.107866 s
currentSize : 27 <-- 0.188221 s
currentSize : 28 <-- 0.326405 s
currentSize : 29 <-- 0.605288 s
currentSize : 30 <-- 29.528980 s

TIMEOUT
maxsize : 30
nodes : 67805754.000000
filtered : 1882427862.000000
CCGP filtered : 655374133.000000
CCGT filtered : 515199256.000000
time : 1000.000000
