Parameters: GAD=1 vflib=1 dir=0 label=0 lowerbound=1 fileNameGp=../../cp2016-max-common-connected-subgraph-paper/datasets/graphsdb/mcs30/bvg/b03/mcs30_b03_s40.A07 fileNameGt=../../cp2016-max-common-connected-subgraph-paper/datasets/graphsdb/mcs30/bvg/b03/mcs30_b03_s40.B07
Reading graphs...
40 :  60
40 :  60
Initializing...
maxdom : 40
D->valSize : 1600
Solving...
currentSize : 17 <-- 0.036306 s
currentSize : 18 <-- 0.036357 s
currentSize : 19 <-- 0.038074 s
currentSize : 20 <-- 0.048800 s
currentSize : 21 <-- 0.073643 s
currentSize : 22 <-- 0.101409 s
currentSize : 23 <-- 0.118489 s
currentSize : 24 <-- 1.862381 s
currentSize : 25 <-- 25.478559 s
currentSize : 26 <-- 25.479536 s
currentSize : 27 <-- 36.934479 s
currentSize : 28 <-- 49.155888 s

maxsize : 28
nodes : 55181133.000000
filtered : 1919137242.000000
CCGP filtered : 1400902528.000000
CCGT filtered : 700549990.000000
time : 731.028564
