Parameters: GAD=1 vflib=1 dir=0 label=0 lowerbound=1 fileNameGp=../../cp2016-max-common-connected-subgraph-paper/datasets/graphsdb/mcs30/m2D/m2D/mcs30_m2D_s30.A06 fileNameGt=../../cp2016-max-common-connected-subgraph-paper/datasets/graphsdb/mcs30/m2D/m2D/mcs30_m2D_s30.B06
Reading graphs...
30 :  49
30 :  49
Initializing...
maxdom : 30
D->valSize : 900
Solving...
currentSize : 14 <-- 0.010977 s
currentSize : 15 <-- 0.011136 s
currentSize : 16 <-- 0.011172 s
currentSize : 17 <-- 0.011371 s
currentSize : 18 <-- 0.011401 s
currentSize : 19 <-- 0.013828 s
currentSize : 20 <-- 0.033497 s
currentSize : 21 <-- 2.479318 s
currentSize : 22 <-- 7.879226 s

maxsize : 22
nodes : 1298693.000000
filtered : 31604134.000000
CCGP filtered : 14143858.000000
CCGT filtered : 6392046.000000
time : 11.534873
