Parameters: GAD=1 vflib=1 dir=0 label=0 lowerbound=1 fileNameGp=../../cp2016-max-common-connected-subgraph-paper/datasets/graphsdb/mcs30/m3D/m3Dr4/mcs30_m3Dr4_s40.A07 fileNameGt=../../cp2016-max-common-connected-subgraph-paper/datasets/graphsdb/mcs30/m3D/m3Dr4/mcs30_m3Dr4_s40.B07
Reading graphs...
40 :  99
40 :  98
Initializing...
maxdom : 40
D->valSize : 1600
Solving...
currentSize : 13 <-- 0.034509 s
currentSize : 15 <-- 0.034557 s
currentSize : 16 <-- 0.034642 s
currentSize : 17 <-- 0.034982 s
currentSize : 19 <-- 0.035643 s
currentSize : 20 <-- 0.035954 s
currentSize : 21 <-- 0.064777 s
currentSize : 22 <-- 0.152975 s
currentSize : 23 <-- 3.053034 s
currentSize : 24 <-- 34.027443 s

TIMEOUT
maxsize : 24
nodes : 81564960.000000
filtered : 2182427674.000000
CCGP filtered : 280685069.000000
CCGT filtered : 299137932.000000
time : 1000.000061
