Parameters: GAD=1 vflib=1 dir=0 label=0 lowerbound=1 fileNameGp=../../cp2016-max-common-connected-subgraph-paper/datasets/graphsdb/mcs30/bvg/b03m/mcs30_b03m_s35.A08 fileNameGt=../../cp2016-max-common-connected-subgraph-paper/datasets/graphsdb/mcs30/bvg/b03m/mcs30_b03m_s35.B08
Reading graphs...
35 :  51
35 :  52
Initializing...
maxdom : 35
D->valSize : 1225
Solving...
currentSize : 11 <-- 0.021287 s
currentSize : 15 <-- 0.021362 s
currentSize : 16 <-- 0.021741 s
currentSize : 17 <-- 0.022075 s
currentSize : 18 <-- 0.022188 s
currentSize : 19 <-- 0.024145 s
currentSize : 20 <-- 0.026215 s
currentSize : 21 <-- 0.028455 s
currentSize : 22 <-- 0.029049 s
currentSize : 23 <-- 0.041386 s
currentSize : 24 <-- 1.893116 s
currentSize : 25 <-- 1.896738 s

maxsize : 25
nodes : 2886465.000000
filtered : 92907259.000000
CCGP filtered : 66465679.000000
CCGT filtered : 40637449.000000
time : 33.598469
