Parameters: GAD=1 vflib=1 dir=0 label=0 lowerbound=1 fileNameGp=../../cp2016-max-common-connected-subgraph-paper/datasets/graphsdb/mcs30/bvg/b03m/mcs30_b03m_s50.A01 fileNameGt=../../cp2016-max-common-connected-subgraph-paper/datasets/graphsdb/mcs30/bvg/b03m/mcs30_b03m_s50.B01
Reading graphs...
50 :  74
50 :  75
Initializing...
maxdom : 50
D->valSize : 2500
Solving...
currentSize : 22 <-- 0.097788 s
currentSize : 23 <-- 0.098050 s
currentSize : 24 <-- 0.099420 s
currentSize : 27 <-- 0.100720 s
currentSize : 28 <-- 0.129729 s
currentSize : 29 <-- 0.707092 s
currentSize : 30 <-- 24.730272 s
currentSize : 31 <-- 24.741993 s
currentSize : 32 <-- 46.625633 s
currentSize : 33 <-- 106.595016 s
currentSize : 34 <-- 620.488342 s

TIMEOUT
maxsize : 34
nodes : 59697197.000000
filtered : 1945364335.000000
CCGP filtered : 2370163486.000000
CCGT filtered : 1690376091.000000
time : 1000.000000
