Parameters: GAD=1 vflib=1 dir=0 label=0 lowerbound=1 fileNameGp=../../cp2016-max-common-connected-subgraph-paper/datasets/graphsdb/mcs30/bvg/b03m/mcs30_b03m_s40.A05 fileNameGt=../../cp2016-max-common-connected-subgraph-paper/datasets/graphsdb/mcs30/bvg/b03m/mcs30_b03m_s40.B05
Reading graphs...
40 :  59
40 :  59
Initializing...
maxdom : 40
D->valSize : 1600
Solving...
currentSize : 20 <-- 0.036957 s
currentSize : 21 <-- 0.037115 s
currentSize : 22 <-- 0.038465 s
currentSize : 23 <-- 0.038595 s
currentSize : 24 <-- 0.115798 s
currentSize : 25 <-- 0.195768 s
currentSize : 26 <-- 1.348573 s
currentSize : 27 <-- 4.251989 s
currentSize : 28 <-- 4.256949 s
currentSize : 29 <-- 281.378632 s

maxsize : 29
nodes : 43910052.000000
filtered : 1483679331.000000
CCGP filtered : 796088828.000000
CCGT filtered : 642858932.000000
time : 590.827209
