Parameters: GAD=1 vflib=1 dir=0 label=0 lowerbound=1 fileNameGp=../../cp2016-max-common-connected-subgraph-paper/datasets/graphsdb/mcs30/bvg/b03m/mcs30_b03m_s50.A03 fileNameGt=../../cp2016-max-common-connected-subgraph-paper/datasets/graphsdb/mcs30/bvg/b03m/mcs30_b03m_s50.B03
Reading graphs...
50 :  74
50 :  74
Initializing...
maxdom : 50
D->valSize : 2500
Solving...
currentSize : 16 <-- 0.133772 s
currentSize : 17 <-- 0.133811 s
currentSize : 18 <-- 0.134209 s
currentSize : 19 <-- 0.134359 s
currentSize : 20 <-- 0.134635 s
currentSize : 21 <-- 0.134765 s
currentSize : 22 <-- 0.139264 s
currentSize : 23 <-- 0.139870 s
currentSize : 24 <-- 0.139918 s
currentSize : 25 <-- 0.206762 s
currentSize : 27 <-- 0.345717 s
currentSize : 28 <-- 2.491279 s
currentSize : 29 <-- 2.772418 s
currentSize : 30 <-- 45.998264 s
currentSize : 31 <-- 91.223869 s
currentSize : 32 <-- 124.079582 s

TIMEOUT
maxsize : 32
nodes : 67820250.000000
filtered : 2025471927.000000
CCGP filtered : 2252127863.000000
CCGT filtered : 1261377482.000000
time : 1000.000061
