Parameters: GAD=1 vflib=1 dir=0 label=0 lowerbound=1 fileNameGp=../../cp2016-max-common-connected-subgraph-paper/datasets/graphsdb/mcs30/m3D/m3Dr2/mcs30_m3Dr2_s40.A07 fileNameGt=../../cp2016-max-common-connected-subgraph-paper/datasets/graphsdb/mcs30/m3D/m3Dr2/mcs30_m3Dr2_s40.B07
Reading graphs...
40 :  90
40 :  89
Initializing...
maxdom : 40
D->valSize : 1600
Solving...
currentSize : 17 <-- 0.060585 s
currentSize : 18 <-- 0.060889 s
currentSize : 19 <-- 0.061145 s
currentSize : 20 <-- 0.089451 s
currentSize : 21 <-- 0.097581 s
currentSize : 22 <-- 0.135032 s
currentSize : 23 <-- 5.478541 s
currentSize : 24 <-- 11.332091 s
currentSize : 25 <-- 13.789140 s
currentSize : 26 <-- 64.698318 s

TIMEOUT
maxsize : 26
nodes : 78926915.000000
filtered : 2525552827.000000
CCGP filtered : 410531492.000000
CCGT filtered : 292118434.000000
time : 1000.000000
