Parameters: GAD=1 vflib=1 dir=0 label=0 lowerbound=1 fileNameGp=../../cp2016-max-common-connected-subgraph-paper/datasets/graphsdb/mcs30/rand/r005/mcs30_r005_s35.A07 fileNameGt=../../cp2016-max-common-connected-subgraph-paper/datasets/graphsdb/mcs30/rand/r005/mcs30_r005_s35.B07
Reading graphs...
35 :  62
35 :  62
Initializing...
maxdom : 35
D->valSize : 1225
Solving...
currentSize : 15 <-- 0.035865 s
currentSize : 16 <-- 0.036126 s
currentSize : 17 <-- 0.036162 s
currentSize : 18 <-- 0.036240 s
currentSize : 19 <-- 0.037283 s
currentSize : 20 <-- 0.044623 s
currentSize : 21 <-- 0.064516 s
currentSize : 22 <-- 0.119283 s
currentSize : 23 <-- 0.256966 s
currentSize : 24 <-- 5.335671 s
currentSize : 25 <-- 12.253281 s

maxsize : 25
nodes : 17866087.000000
filtered : 579109765.000000
CCGP filtered : 142201071.000000
CCGT filtered : 87691768.000000
time : 195.215332
