Parameters: GAD=1 vflib=1 dir=0 label=0 lowerbound=1 fileNameGp=../../cp2016-max-common-connected-subgraph-paper/datasets/graphsdb/mcs30/m3D/m3Dr4/mcs30_m3Dr4_s30.A07 fileNameGt=../../cp2016-max-common-connected-subgraph-paper/datasets/graphsdb/mcs30/m3D/m3Dr4/mcs30_m3Dr4_s30.B07
Reading graphs...
30 :  69
30 :  68
Initializing...
maxdom : 30
D->valSize : 900
Solving...
currentSize : 12 <-- 0.010832 s
currentSize : 13 <-- 0.010948 s
currentSize : 14 <-- 0.011557 s
currentSize : 15 <-- 0.012244 s
currentSize : 16 <-- 0.028149 s
currentSize : 17 <-- 0.132187 s
currentSize : 18 <-- 1.608702 s
currentSize : 19 <-- 4.555003 s
currentSize : 20 <-- 114.351059 s

maxsize : 20
nodes : 17151757.000000
filtered : 388702020.000000
CCGP filtered : 40542659.000000
CCGT filtered : 22632981.000000
time : 155.233246
