Parameters: GAD=1 vflib=1 dir=0 label=0 lowerbound=1 fileNameGp=../../cp2016-max-common-connected-subgraph-paper/datasets/graphsdb/mcs30/rand/r01/mcs30_r01_s35.A03 fileNameGt=../../cp2016-max-common-connected-subgraph-paper/datasets/graphsdb/mcs30/rand/r01/mcs30_r01_s35.B03
Reading graphs...
35 :  113
35 :  114
Initializing...
maxdom : 35
D->valSize : 1225
Solving...
currentSize : 10 <-- 0.033170 s
currentSize : 11 <-- 0.033216 s
currentSize : 12 <-- 0.033742 s
currentSize : 13 <-- 0.033805 s
currentSize : 14 <-- 0.034348 s
currentSize : 15 <-- 0.036802 s
currentSize : 16 <-- 0.037775 s
currentSize : 17 <-- 0.114932 s
currentSize : 18 <-- 6.588905 s
currentSize : 19 <-- 129.577591 s

TIMEOUT
maxsize : 19
nodes : 95640962.000000
filtered : 1721199230.000000
CCGP filtered : 71615357.000000
CCGT filtered : 54950901.000000
time : 1000.000000
