Parameters: GAD=1 vflib=1 dir=0 label=0 lowerbound=1 fileNameGp=../../cp2016-max-common-connected-subgraph-paper/datasets/graphsdb/mcs30/m3D/m3Dr6/mcs30_m3Dr6_s30.A09 fileNameGt=../../cp2016-max-common-connected-subgraph-paper/datasets/graphsdb/mcs30/m3D/m3Dr6/mcs30_m3Dr6_s30.B09
Reading graphs...
30 :  74
30 :  72
Initializing...
maxdom : 30
D->valSize : 900
Solving...
currentSize : 11 <-- 0.018415 s
currentSize : 12 <-- 0.018495 s
currentSize : 13 <-- 0.018593 s
currentSize : 14 <-- 0.018616 s
currentSize : 15 <-- 0.019354 s
currentSize : 16 <-- 0.026920 s
currentSize : 17 <-- 0.051702 s
currentSize : 18 <-- 3.627002 s
currentSize : 19 <-- 6.433663 s

maxsize : 19
nodes : 18974161.000000
filtered : 463827732.000000
CCGP filtered : 37774571.000000
CCGT filtered : 40637117.000000
time : 180.560501
