Parameters: GAD=1 vflib=1 dir=0 label=0 lowerbound=1 fileNameGp=../../cp2016-max-common-connected-subgraph-paper/datasets/graphsdb/mcs30/rand/r005/mcs30_r005_s40.A02 fileNameGt=../../cp2016-max-common-connected-subgraph-paper/datasets/graphsdb/mcs30/rand/r005/mcs30_r005_s40.B02
Reading graphs...
40 :  82
40 :  80
Initializing...
maxdom : 40
D->valSize : 1600
Solving...
currentSize : 16 <-- 0.058768 s
currentSize : 17 <-- 0.059592 s
currentSize : 18 <-- 0.063113 s
currentSize : 19 <-- 0.081688 s
currentSize : 20 <-- 0.106206 s
currentSize : 21 <-- 0.190956 s
currentSize : 22 <-- 0.245455 s
currentSize : 23 <-- 7.000804 s
currentSize : 24 <-- 13.256787 s
currentSize : 25 <-- 29.033989 s
currentSize : 26 <-- 64.549942 s
currentSize : 27 <-- 361.968811 s

TIMEOUT
maxsize : 27
nodes : 79410570.000000
filtered : 2607015385.000000
CCGP filtered : 708038403.000000
CCGT filtered : 422437627.000000
time : 1000.000000
