Parameters: GAD=1 vflib=1 dir=0 label=0 lowerbound=1 fileNameGp=../../cp2016-max-common-connected-subgraph-paper/datasets/graphsdb/mcs30/bvg/b03/mcs30_b03_s40.A04 fileNameGt=../../cp2016-max-common-connected-subgraph-paper/datasets/graphsdb/mcs30/bvg/b03/mcs30_b03_s40.B04
Reading graphs...
40 :  59
40 :  59
Initializing...
maxdom : 40
D->valSize : 1600
Solving...
currentSize : 18 <-- 0.060185 s
currentSize : 19 <-- 0.060465 s
currentSize : 20 <-- 0.061131 s
currentSize : 21 <-- 0.123542 s
currentSize : 22 <-- 0.124567 s
currentSize : 23 <-- 0.328990 s
currentSize : 24 <-- 2.189172 s
currentSize : 25 <-- 7.412469 s
currentSize : 26 <-- 17.381104 s
currentSize : 27 <-- 23.721340 s
currentSize : 28 <-- 265.095245 s

maxsize : 28
nodes : 57614026.000000
filtered : 1782835796.000000
CCGP filtered : 1203778904.000000
CCGT filtered : 753477263.000000
time : 736.776611
