Parameters: GAD=1 vflib=1 dir=0 label=0 lowerbound=1 fileNameGp=../../cp2016-max-common-connected-subgraph-paper/datasets/graphsdb/mcs30/bvg/b03/mcs30_b03_s40.A09 fileNameGt=../../cp2016-max-common-connected-subgraph-paper/datasets/graphsdb/mcs30/bvg/b03/mcs30_b03_s40.B09
Reading graphs...
40 :  60
40 :  60
Initializing...
maxdom : 40
D->valSize : 1600
Solving...
currentSize : 18 <-- 0.064039 s
currentSize : 19 <-- 0.064566 s
currentSize : 20 <-- 0.065637 s
currentSize : 22 <-- 0.068022 s
currentSize : 23 <-- 0.083799 s
currentSize : 24 <-- 0.771986 s
currentSize : 25 <-- 0.772042 s
currentSize : 26 <-- 0.883966 s
currentSize : 27 <-- 288.132385 s
currentSize : 28 <-- 587.067383 s

TIMEOUT
maxsize : 28
nodes : 80824295.000000
filtered : 2458005915.000000
CCGP filtered : 1233493441.000000
CCGT filtered : 899622468.000000
time : 1000.000000
