Parameters: GAD=1 vflib=1 dir=0 label=0 lowerbound=1 fileNameGp=../../cp2016-max-common-connected-subgraph-paper/datasets/graphsdb/mcs30/bvg/b03m/mcs30_b03m_s50.A05 fileNameGt=../../cp2016-max-common-connected-subgraph-paper/datasets/graphsdb/mcs30/bvg/b03m/mcs30_b03m_s50.B05
Reading graphs...
50 :  73
50 :  72
Initializing...
maxdom : 50
D->valSize : 2500
Solving...
currentSize : 23 <-- 0.097985 s
currentSize : 24 <-- 0.098052 s
currentSize : 27 <-- 0.102288 s
currentSize : 28 <-- 0.102659 s
currentSize : 29 <-- 0.103466 s
currentSize : 30 <-- 0.109737 s
currentSize : 31 <-- 0.313283 s
currentSize : 32 <-- 0.765716 s
currentSize : 33 <-- 2.038217 s
currentSize : 34 <-- 2.348119 s
currentSize : 35 <-- 2.351601 s
currentSize : 36 <-- 814.377808 s

TIMEOUT
maxsize : 36
nodes : 58831986.000000
filtered : 2292805461.000000
CCGP filtered : 2118075928.000000
CCGT filtered : 1393264298.000000
time : 1000.000061
