Parameters: GAD=1 vflib=1 dir=0 label=0 lowerbound=1 fileNameGp=../../cp2016-max-common-connected-subgraph-paper/datasets/graphsdb/mcs30/m3D/m3D/mcs30_m3D_s40.A02 fileNameGt=../../cp2016-max-common-connected-subgraph-paper/datasets/graphsdb/mcs30/m3D/m3D/mcs30_m3D_s40.B02
Reading graphs...
40 :  83
40 :  81
Initializing...
maxdom : 40
D->valSize : 1600
Solving...
currentSize : 18 <-- 0.061948 s
currentSize : 19 <-- 0.063959 s
currentSize : 20 <-- 0.067473 s
currentSize : 21 <-- 0.069499 s
currentSize : 22 <-- 0.075048 s
currentSize : 23 <-- 0.075087 s
currentSize : 24 <-- 0.114798 s
currentSize : 25 <-- 2.045921 s
currentSize : 26 <-- 154.194748 s
currentSize : 27 <-- 699.162109 s

TIMEOUT
maxsize : 27
nodes : 82994333.000000
filtered : 2414529292.000000
CCGP filtered : 432709742.000000
CCGT filtered : 315413906.000000
time : 1000.000000
