Parameters: GAD=1 vflib=1 dir=0 label=0 lowerbound=1 fileNameGp=../../cp2016-max-common-connected-subgraph-paper/datasets/graphsdb/mcs30/m3D/m3D/mcs30_m3D_s40.A03 fileNameGt=../../cp2016-max-common-connected-subgraph-paper/datasets/graphsdb/mcs30/m3D/m3D/mcs30_m3D_s40.B03
Reading graphs...
40 :  83
40 :  83
Initializing...
maxdom : 40
D->valSize : 1600
Solving...
currentSize : 16 <-- 0.035208 s
currentSize : 18 <-- 0.035625 s
currentSize : 19 <-- 0.038501 s
currentSize : 20 <-- 0.057656 s
currentSize : 21 <-- 0.155171 s
currentSize : 22 <-- 0.174230 s
currentSize : 23 <-- 1.568300 s
currentSize : 24 <-- 15.522187 s
currentSize : 25 <-- 25.910376 s
currentSize : 26 <-- 158.667709 s

TIMEOUT
maxsize : 26
nodes : 83672110.000000
filtered : 2266375321.000000
CCGP filtered : 523952463.000000
CCGT filtered : 351735320.000000
time : 1000.000000
