Parameters: GAD=1 vflib=1 dir=0 label=0 lowerbound=1 fileNameGp=../../cp2016-max-common-connected-subgraph-paper/datasets/graphsdb/mcs30/m4D/m4Dr6/mcs30_m4Dr6_s50.A03 fileNameGt=../../cp2016-max-common-connected-subgraph-paper/datasets/graphsdb/mcs30/m4D/m4Dr6/mcs30_m4Dr6_s50.B03
Reading graphs...
50 :  114
50 :  112
Initializing...
maxdom : 50
D->valSize : 2500
Solving...
currentSize : 17 <-- 0.094639 s
currentSize : 19 <-- 0.094713 s
currentSize : 22 <-- 0.094761 s
currentSize : 23 <-- 0.094868 s
currentSize : 24 <-- 0.095174 s
currentSize : 25 <-- 0.100156 s
currentSize : 26 <-- 0.858950 s
currentSize : 27 <-- 3.372826 s
currentSize : 28 <-- 40.649124 s
currentSize : 29 <-- 46.426292 s
currentSize : 30 <-- 356.581970 s
currentSize : 31 <-- 973.749878 s

TIMEOUT
maxsize : 31
nodes : 62184997.000000
filtered : 1937247622.000000
CCGP filtered : 949525532.000000
CCGT filtered : 778056540.000000
time : 1000.000000
