Parameters: GAD=1 vflib=1 dir=0 label=0 lowerbound=1 fileNameGp=../../cp2016-max-common-connected-subgraph-paper/datasets/graphsdb/mcs30/m2D/m2D/mcs30_m2D_s50.A08 fileNameGt=../../cp2016-max-common-connected-subgraph-paper/datasets/graphsdb/mcs30/m2D/m2D/mcs30_m2D_s50.B08
Reading graphs...
50 :  85
50 :  85
Initializing...
maxdom : 50
D->valSize : 2500
Solving...
currentSize : 22 <-- 0.097383 s
currentSize : 23 <-- 0.100634 s
currentSize : 24 <-- 0.105135 s
currentSize : 25 <-- 0.105723 s
currentSize : 27 <-- 0.105796 s
currentSize : 28 <-- 0.106202 s
currentSize : 29 <-- 0.321493 s
currentSize : 30 <-- 6.298647 s
currentSize : 31 <-- 7.422849 s
currentSize : 32 <-- 979.569946 s

TIMEOUT
maxsize : 32
nodes : 64907854.000000
filtered : 1767194110.000000
CCGP filtered : 1551124718.000000
CCGT filtered : 913690400.000000
time : 1000.000061
