Parameters: GAD=1 vflib=1 dir=0 label=0 lowerbound=1 fileNameGp=../../cp2016-max-common-connected-subgraph-paper/datasets/graphsdb/mcs30/bvg/b03/mcs30_b03_s30.A01 fileNameGt=../../cp2016-max-common-connected-subgraph-paper/datasets/graphsdb/mcs30/bvg/b03/mcs30_b03_s30.B01
Reading graphs...
30 :  43
30 :  44
Initializing...
maxdom : 30
D->valSize : 900
Solving...
currentSize : 7 <-- 0.011005 s
currentSize : 8 <-- 0.011073 s
currentSize : 10 <-- 0.011110 s
currentSize : 11 <-- 0.011154 s
currentSize : 14 <-- 0.011218 s
currentSize : 15 <-- 0.014889 s
currentSize : 16 <-- 0.026144 s
currentSize : 17 <-- 0.044467 s
currentSize : 18 <-- 0.237761 s
currentSize : 19 <-- 0.331501 s
currentSize : 20 <-- 0.538073 s
currentSize : 21 <-- 6.272005 s

maxsize : 21
nodes : 1259054.000000
filtered : 26834991.000000
CCGP filtered : 22259986.000000
CCGT filtered : 11984670.000000
time : 12.024156
