Parameters: GAD=1 vflib=1 dir=0 label=0 lowerbound=1 fileNameGp=../../cp2016-max-common-connected-subgraph-paper/datasets/graphsdb/mcs30/bvg/b03m/mcs30_b03m_s35.A09 fileNameGt=../../cp2016-max-common-connected-subgraph-paper/datasets/graphsdb/mcs30/bvg/b03m/mcs30_b03m_s35.B09
Reading graphs...
35 :  52
35 :  51
Initializing...
maxdom : 35
D->valSize : 1225
Solving...
currentSize : 9 <-- 0.020837 s
currentSize : 13 <-- 0.021094 s
currentSize : 15 <-- 0.021156 s
currentSize : 17 <-- 0.021414 s
currentSize : 18 <-- 0.021444 s
currentSize : 19 <-- 0.031528 s
currentSize : 20 <-- 0.531951 s
currentSize : 21 <-- 0.567255 s
currentSize : 22 <-- 1.642605 s
currentSize : 23 <-- 7.818801 s

maxsize : 23
nodes : 10223662.000000
filtered : 271439580.000000
CCGP filtered : 184751221.000000
CCGT filtered : 126645178.000000
time : 109.195152
