Parameters: GAD=1 vflib=1 dir=0 label=0 lowerbound=1 fileNameGp=../../cp2016-max-common-connected-subgraph-paper/datasets/graphsdb/mcs30/bvg/b06/mcs30_b06_s50.A04 fileNameGt=../../cp2016-max-common-connected-subgraph-paper/datasets/graphsdb/mcs30/bvg/b06/mcs30_b06_s50.B04
Reading graphs...
50 :  148
50 :  148
Initializing...
maxdom : 50
D->valSize : 2500
Solving...
currentSize : 16 <-- 0.155306 s
currentSize : 18 <-- 0.155377 s
currentSize : 19 <-- 0.155597 s
currentSize : 20 <-- 0.156841 s
currentSize : 21 <-- 0.161815 s
currentSize : 22 <-- 0.173453 s
currentSize : 23 <-- 0.231617 s
currentSize : 24 <-- 0.282674 s
currentSize : 25 <-- 7.730031 s
currentSize : 26 <-- 12.056903 s
currentSize : 27 <-- 615.276428 s

TIMEOUT
maxsize : 27
nodes : 66093573.000000
filtered : 1677941601.000000
CCGP filtered : 196453724.000000
CCGT filtered : 148327548.000000
time : 1000.000061
