Parameters: GAD=1 vflib=1 dir=0 label=0 lowerbound=1 fileNameGp=../../cp2016-max-common-connected-subgraph-paper/datasets/graphsdb/mcs30/bvg/b03m/mcs30_b03m_s50.A02 fileNameGt=../../cp2016-max-common-connected-subgraph-paper/datasets/graphsdb/mcs30/bvg/b03m/mcs30_b03m_s50.B02
Reading graphs...
50 :  74
50 :  75
Initializing...
maxdom : 50
D->valSize : 2500
Solving...
currentSize : 18 <-- 0.097775 s
currentSize : 20 <-- 0.098225 s
currentSize : 21 <-- 0.098254 s
currentSize : 22 <-- 0.114003 s
currentSize : 23 <-- 0.385602 s
currentSize : 24 <-- 0.388914 s
currentSize : 25 <-- 2.174422 s
currentSize : 26 <-- 2.201239 s
currentSize : 27 <-- 5.024817 s
currentSize : 28 <-- 8.350209 s
currentSize : 29 <-- 8.350965 s
currentSize : 30 <-- 37.979038 s
currentSize : 31 <-- 146.747925 s
currentSize : 32 <-- 166.162338 s

TIMEOUT
maxsize : 32
nodes : 59281720.000000
filtered : 1598995648.000000
CCGP filtered : 2231281964.000000
CCGT filtered : 1965531136.000000
time : 1000.000061
