Parameters: GAD=1 vflib=1 dir=0 label=0 lowerbound=1 fileNameGp=../../cp2016-max-common-connected-subgraph-paper/datasets/graphsdb/mcs30/bvg/b06m/mcs30_b06m_s30.A08 fileNameGt=../../cp2016-max-common-connected-subgraph-paper/datasets/graphsdb/mcs30/bvg/b06m/mcs30_b06m_s30.B08
Reading graphs...
30 :  87
30 :  85
Initializing...
maxdom : 30
D->valSize : 900
Solving...
currentSize : 10 <-- 0.010913 s
currentSize : 11 <-- 0.011018 s
currentSize : 12 <-- 0.011301 s
currentSize : 13 <-- 0.011773 s
currentSize : 14 <-- 0.012848 s
currentSize : 15 <-- 0.013533 s
currentSize : 16 <-- 0.021548 s
currentSize : 17 <-- 0.069998 s
currentSize : 18 <-- 43.958977 s

maxsize : 18
nodes : 17943404.000000
filtered : 413701054.000000
CCGP filtered : 45484504.000000
CCGT filtered : 38120628.000000
time : 173.340561
