Parameters: GAD=1 vflib=1 dir=0 label=0 lowerbound=1 fileNameGp=../../cp2016-max-common-connected-subgraph-paper/datasets/graphsdb/mcs30/bvg/b03m/mcs30_b03m_s35.A04 fileNameGt=../../cp2016-max-common-connected-subgraph-paper/datasets/graphsdb/mcs30/bvg/b03m/mcs30_b03m_s35.B04
Reading graphs...
35 :  51
35 :  51
Initializing...
maxdom : 35
D->valSize : 1225
Solving...
currentSize : 14 <-- 0.021103 s
currentSize : 15 <-- 0.021495 s
currentSize : 17 <-- 0.021927 s
currentSize : 18 <-- 0.022801 s
currentSize : 19 <-- 0.029746 s
currentSize : 20 <-- 0.030082 s
currentSize : 21 <-- 0.039107 s
currentSize : 22 <-- 0.042377 s
currentSize : 23 <-- 0.589444 s
currentSize : 24 <-- 1.140449 s
currentSize : 25 <-- 28.214115 s

maxsize : 25
nodes : 5753908.000000
filtered : 156422860.000000
CCGP filtered : 110103103.000000
CCGT filtered : 77146649.000000
time : 65.222061
