Parameters: GAD=1 vflib=1 dir=0 label=0 lowerbound=1 fileNameGp=../../cp2016-max-common-connected-subgraph-paper/datasets/graphsdb/mcs30/m2D/m2Dr4/mcs30_m2Dr4_s30.A08 fileNameGt=../../cp2016-max-common-connected-subgraph-paper/datasets/graphsdb/mcs30/m2D/m2Dr4/mcs30_m2Dr4_s30.B08
Reading graphs...
30 :  61
30 :  60
Initializing...
maxdom : 30
D->valSize : 900
Solving...
currentSize : 11 <-- 0.018671 s
currentSize : 12 <-- 0.018753 s
currentSize : 13 <-- 0.018779 s
currentSize : 14 <-- 0.018843 s
currentSize : 15 <-- 0.019050 s
currentSize : 17 <-- 0.024306 s
currentSize : 18 <-- 0.121753 s
currentSize : 19 <-- 0.126153 s
currentSize : 20 <-- 0.909407 s
currentSize : 21 <-- 2.751181 s

maxsize : 21
nodes : 1443504.000000
filtered : 42813252.000000
CCGP filtered : 8615353.000000
CCGT filtered : 6906278.000000
time : 13.930426
