Parameters: GAD=1 vflib=1 dir=0 label=0 lowerbound=1 fileNameGp=../../cp2016-max-common-connected-subgraph-paper/datasets/graphsdb/mcs30/bvg/b03/mcs30_b03_s35.A01 fileNameGt=../../cp2016-max-common-connected-subgraph-paper/datasets/graphsdb/mcs30/bvg/b03/mcs30_b03_s35.B01
Reading graphs...
35 :  52
35 :  50
Initializing...
maxdom : 35
D->valSize : 1225
Solving...
currentSize : 12 <-- 0.020889 s
currentSize : 13 <-- 0.021054 s
currentSize : 14 <-- 0.021226 s
currentSize : 15 <-- 0.021501 s
currentSize : 16 <-- 0.022042 s
currentSize : 17 <-- 0.023158 s
currentSize : 18 <-- 0.027270 s
currentSize : 19 <-- 0.030070 s
currentSize : 20 <-- 0.060914 s
currentSize : 21 <-- 0.169902 s
currentSize : 22 <-- 0.372212 s
currentSize : 23 <-- 0.518539 s
currentSize : 24 <-- 3.225671 s

maxsize : 24
nodes : 4595969.000000
filtered : 122978992.000000
CCGP filtered : 93718683.000000
CCGT filtered : 47453371.000000
time : 50.263283
