Parameters: GAD=1 vflib=1 dir=0 label=0 lowerbound=1 fileNameGp=../../cp2016-max-common-connected-subgraph-paper/datasets/graphsdb/mcs30/bvg/b03m/mcs30_b03m_s40.A07 fileNameGt=../../cp2016-max-common-connected-subgraph-paper/datasets/graphsdb/mcs30/bvg/b03m/mcs30_b03m_s40.B07
Reading graphs...
40 :  60
40 :  60
Initializing...
maxdom : 40
D->valSize : 1600
Solving...
currentSize : 18 <-- 0.036657 s
currentSize : 20 <-- 0.036804 s
currentSize : 21 <-- 0.038797 s
currentSize : 22 <-- 0.048551 s
currentSize : 23 <-- 0.124088 s
currentSize : 24 <-- 0.757968 s
currentSize : 25 <-- 5.795681 s
currentSize : 26 <-- 5.828547 s
currentSize : 27 <-- 73.057182 s
currentSize : 28 <-- 290.757050 s

TIMEOUT
maxsize : 28
nodes : 77055026.000000
filtered : 2517632773.000000
CCGP filtered : 1804245031.000000
CCGT filtered : 1166619235.000000
time : 1000.000000
