Parameters: GAD=1 vflib=1 dir=0 label=0 lowerbound=1 fileNameGp=../../cp2016-max-common-connected-subgraph-paper/datasets/graphsdb/mcs30/bvg/b06/mcs30_b06_s40.A02 fileNameGt=../../cp2016-max-common-connected-subgraph-paper/datasets/graphsdb/mcs30/bvg/b06/mcs30_b06_s40.B02
Reading graphs...
40 :  120
40 :  116
Initializing...
maxdom : 40
D->valSize : 1600
Solving...
currentSize : 13 <-- 0.059101 s
currentSize : 15 <-- 0.061497 s
currentSize : 17 <-- 0.063911 s
currentSize : 18 <-- 0.078803 s
currentSize : 19 <-- 0.187370 s
currentSize : 20 <-- 0.511547 s
currentSize : 21 <-- 1.249245 s
currentSize : 22 <-- 19.875004 s
currentSize : 23 <-- 109.499771 s
currentSize : 24 <-- 253.856644 s

TIMEOUT
maxsize : 24
nodes : 79431926.000000
filtered : 2423273852.000000
CCGP filtered : 226051037.000000
CCGT filtered : 228655631.000000
time : 1000.000000
