Parameters: GAD=1 vflib=1 dir=0 label=0 lowerbound=1 fileNameGp=../../cp2016-max-common-connected-subgraph-paper/datasets/graphsdb/mcs30/bvg/b03/mcs30_b03_s30.A08 fileNameGt=../../cp2016-max-common-connected-subgraph-paper/datasets/graphsdb/mcs30/bvg/b03/mcs30_b03_s30.B08
Reading graphs...
30 :  45
30 :  45
Initializing...
maxdom : 30
D->valSize : 900
Solving...
currentSize : 13 <-- 0.011055 s
currentSize : 14 <-- 0.011156 s
currentSize : 15 <-- 0.011415 s
currentSize : 16 <-- 0.022821 s
currentSize : 17 <-- 0.041720 s
currentSize : 18 <-- 0.046014 s
currentSize : 19 <-- 0.057514 s
currentSize : 20 <-- 0.408233 s
currentSize : 21 <-- 2.679840 s

maxsize : 21
nodes : 1381338.000000
filtered : 29721968.000000
CCGP filtered : 18045693.000000
CCGT filtered : 10940535.000000
time : 12.601705
