Parameters: GAD=1 vflib=1 dir=0 label=0 lowerbound=1 fileNameGp=../../cp2016-max-common-connected-subgraph-paper/datasets/graphsdb/mcs30/bvg/b03/mcs30_b03_s50.A00 fileNameGt=../../cp2016-max-common-connected-subgraph-paper/datasets/graphsdb/mcs30/bvg/b03/mcs30_b03_s50.B00
Reading graphs...
50 :  75
50 :  75
Initializing...
maxdom : 50
D->valSize : 2500
Solving...
currentSize : 23 <-- 0.144753 s
currentSize : 24 <-- 0.144882 s
currentSize : 25 <-- 0.145427 s
currentSize : 26 <-- 0.158565 s
currentSize : 27 <-- 0.688929 s
currentSize : 28 <-- 0.866093 s
currentSize : 29 <-- 2.420759 s
currentSize : 30 <-- 2.425653 s
currentSize : 31 <-- 12.503975 s
currentSize : 32 <-- 19.058451 s
currentSize : 33 <-- 67.606499 s
currentSize : 34 <-- 67.621437 s

TIMEOUT
maxsize : 34
nodes : 61112564.000000
filtered : 2355561702.000000
CCGP filtered : 2311625408.000000
CCGT filtered : 1257696660.000000
time : 1000.000000
