Parameters: GAD=1 vflib=1 dir=0 label=0 lowerbound=1 fileNameGp=../../cp2016-max-common-connected-subgraph-paper/datasets/graphsdb/mcs30/bvg/b06/mcs30_b06_s50.A01 fileNameGt=../../cp2016-max-common-connected-subgraph-paper/datasets/graphsdb/mcs30/bvg/b06/mcs30_b06_s50.B01
Reading graphs...
50 :  149
50 :  146
Initializing...
maxdom : 50
D->valSize : 2500
Solving...
currentSize : 17 <-- 0.091528 s
currentSize : 18 <-- 0.091869 s
currentSize : 19 <-- 0.092974 s
currentSize : 20 <-- 0.093079 s
currentSize : 21 <-- 0.178861 s
currentSize : 22 <-- 0.192473 s
currentSize : 23 <-- 0.265750 s
currentSize : 24 <-- 0.791465 s
currentSize : 25 <-- 12.508623 s
currentSize : 26 <-- 455.721191 s

TIMEOUT
maxsize : 26
nodes : 62238675.000000
filtered : 1434418725.000000
CCGP filtered : 274490582.000000
CCGT filtered : 325818479.000000
time : 1000.000061
