Parameters: GAD=1 vflib=1 dir=0 label=0 lowerbound=1 fileNameGp=../../cp2016-max-common-connected-subgraph-paper/datasets/graphsdb/mcs30/m4D/m4Dr4/mcs30_m4Dr4_s50.A05 fileNameGt=../../cp2016-max-common-connected-subgraph-paper/datasets/graphsdb/mcs30/m4D/m4Dr4/mcs30_m4Dr4_s50.B05
Reading graphs...
50 :  104
50 :  103
Initializing...
maxdom : 50
D->valSize : 2500
Solving...
currentSize : 23 <-- 0.095229 s
currentSize : 24 <-- 0.095423 s
currentSize : 25 <-- 0.095803 s
currentSize : 26 <-- 0.097604 s
currentSize : 27 <-- 0.101887 s
currentSize : 28 <-- 0.145600 s
currentSize : 29 <-- 1.625774 s
currentSize : 30 <-- 32.746967 s
currentSize : 31 <-- 517.056030 s
currentSize : 32 <-- 660.218750 s

TIMEOUT
maxsize : 32
nodes : 60668322.000000
filtered : 1748463594.000000
CCGP filtered : 1073622955.000000
CCGT filtered : 1135192861.000000
time : 1000.000061
