Parameters: GAD=1 vflib=1 dir=0 label=0 lowerbound=1 fileNameGp=../../cp2016-max-common-connected-subgraph-paper/datasets/graphsdb/mcs30/bvg/b06m/mcs30_b06m_s50.A01 fileNameGt=../../cp2016-max-common-connected-subgraph-paper/datasets/graphsdb/mcs30/bvg/b06m/mcs30_b06m_s50.B01
Reading graphs...
50 :  146
50 :  147
Initializing...
maxdom : 50
D->valSize : 2500
Solving...
currentSize : 17 <-- 0.093893 s
currentSize : 18 <-- 0.094138 s
currentSize : 19 <-- 0.097665 s
currentSize : 20 <-- 0.119162 s
currentSize : 21 <-- 0.181044 s
currentSize : 22 <-- 0.298399 s
currentSize : 23 <-- 0.490010 s
currentSize : 24 <-- 0.783726 s
currentSize : 25 <-- 54.767609 s
currentSize : 26 <-- 419.302002 s
currentSize : 27 <-- 716.283386 s

TIMEOUT
maxsize : 27
nodes : 65928581.000000
filtered : 1396861149.000000
CCGP filtered : 129124907.000000
CCGT filtered : 177416659.000000
time : 1000.000000
