Parameters: GAD=1 vflib=1 dir=0 label=0 lowerbound=1 fileNameGp=../../cp2016-max-common-connected-subgraph-paper/datasets/graphsdb/mcs30/bvg/b03m/mcs30_b03m_s30.A05 fileNameGt=../../cp2016-max-common-connected-subgraph-paper/datasets/graphsdb/mcs30/bvg/b03m/mcs30_b03m_s30.B05
Reading graphs...
30 :  45
30 :  45
Initializing...
maxdom : 30
D->valSize : 900
Solving...
currentSize : 12 <-- 0.011045 s
currentSize : 13 <-- 0.011077 s
currentSize : 14 <-- 0.011154 s
currentSize : 15 <-- 0.011985 s
currentSize : 16 <-- 0.012731 s
currentSize : 17 <-- 0.018320 s
currentSize : 18 <-- 0.031594 s
currentSize : 19 <-- 0.051460 s
currentSize : 20 <-- 0.095881 s
currentSize : 21 <-- 5.730892 s

maxsize : 21
nodes : 1249996.000000
filtered : 29542666.000000
CCGP filtered : 19781242.000000
CCGT filtered : 14275889.000000
time : 12.408331
