Parameters: GAD=1 vflib=1 dir=0 label=0 lowerbound=1 fileNameGp=../../cp2016-max-common-connected-subgraph-paper/datasets/graphsdb/mcs30/m4D/m4D/mcs30_m4D_s50.A05 fileNameGt=../../cp2016-max-common-connected-subgraph-paper/datasets/graphsdb/mcs30/m4D/m4D/mcs30_m4D_s50.B05
Reading graphs...
50 :  87
50 :  87
Initializing...
maxdom : 50
D->valSize : 2500
Solving...
currentSize : 17 <-- 0.097193 s
currentSize : 20 <-- 0.097550 s
currentSize : 21 <-- 0.098381 s
currentSize : 22 <-- 0.101842 s
currentSize : 23 <-- 0.122149 s
currentSize : 24 <-- 0.319707 s
currentSize : 25 <-- 0.345504 s
currentSize : 26 <-- 0.379709 s
currentSize : 27 <-- 0.405875 s
currentSize : 28 <-- 7.433145 s
currentSize : 29 <-- 23.614342 s
currentSize : 30 <-- 63.858288 s
currentSize : 31 <-- 190.876923 s
currentSize : 32 <-- 254.775909 s
currentSize : 33 <-- 763.825806 s

TIMEOUT
maxsize : 33
nodes : 62617034.000000
filtered : 2006596174.000000
CCGP filtered : 2201182796.000000
CCGT filtered : 1275638352.000000
time : 1000.000061
