Parameters: GAD=1 vflib=1 dir=0 label=0 lowerbound=1 fileNameGp=../../cp2016-max-common-connected-subgraph-paper/datasets/graphsdb/mcs30/bvg/b06m/mcs30_b06m_s40.A05 fileNameGt=../../cp2016-max-common-connected-subgraph-paper/datasets/graphsdb/mcs30/bvg/b06m/mcs30_b06m_s40.B05
Reading graphs...
40 :  113
40 :  117
Initializing...
maxdom : 40
D->valSize : 1600
Solving...
currentSize : 14 <-- 0.034064 s
currentSize : 15 <-- 0.034104 s
currentSize : 16 <-- 0.034280 s
currentSize : 17 <-- 0.036768 s
currentSize : 18 <-- 0.040501 s
currentSize : 19 <-- 0.096302 s
currentSize : 20 <-- 0.110047 s
currentSize : 21 <-- 1.549460 s
currentSize : 22 <-- 2.772965 s
currentSize : 23 <-- 6.235246 s
currentSize : 24 <-- 25.865561 s

TIMEOUT
maxsize : 24
nodes : 78816924.000000
filtered : 2339655377.000000
CCGP filtered : 157087231.000000
CCGT filtered : 158637694.000000
time : 1000.000061
