Parameters: GAD=1 vflib=1 dir=0 label=0 lowerbound=1 fileNameGp=../../cp2016-max-common-connected-subgraph-paper/datasets/graphsdb/mcs30/bvg/b03/mcs30_b03_s25.A06 fileNameGt=../../cp2016-max-common-connected-subgraph-paper/datasets/graphsdb/mcs30/bvg/b03/mcs30_b03_s25.B06
Reading graphs...
25 :  36
25 :  36
Initializing...
maxdom : 25
D->valSize : 625
Solving...
currentSize : 10 <-- 0.009277 s
currentSize : 11 <-- 0.009304 s
currentSize : 12 <-- 0.009388 s
currentSize : 13 <-- 0.009619 s
currentSize : 14 <-- 0.009931 s
currentSize : 15 <-- 0.010016 s
currentSize : 16 <-- 0.018097 s
currentSize : 17 <-- 0.026794 s
currentSize : 18 <-- 0.107347 s

maxsize : 18
nodes : 163770.000000
filtered : 3161965.000000
CCGP filtered : 1890353.000000
CCGT filtered : 3142315.000000
time : 1.568933
