Parameters: GAD=1 vflib=1 dir=0 label=0 lowerbound=1 fileNameGp=../../cp2016-max-common-connected-subgraph-paper/datasets/graphsdb/mcs30/m3D/m3Dr6/mcs30_m3Dr6_s30.A05 fileNameGt=../../cp2016-max-common-connected-subgraph-paper/datasets/graphsdb/mcs30/m3D/m3Dr6/mcs30_m3Dr6_s30.B05
Reading graphs...
30 :  74
30 :  75
Initializing...
maxdom : 30
D->valSize : 900
Solving...
currentSize : 9 <-- 0.010621 s
currentSize : 11 <-- 0.010728 s
currentSize : 12 <-- 0.010775 s
currentSize : 13 <-- 0.011033 s
currentSize : 14 <-- 0.011431 s
currentSize : 15 <-- 0.014432 s
currentSize : 16 <-- 0.016585 s
currentSize : 17 <-- 0.019458 s
currentSize : 18 <-- 0.027377 s
currentSize : 19 <-- 113.966682 s

maxsize : 19
nodes : 22842644.000000
filtered : 500945710.000000
CCGP filtered : 46678619.000000
CCGT filtered : 28723509.000000
time : 204.307999
