Parameters: GAD=1 vflib=1 dir=0 label=0 lowerbound=1 fileNameGp=../../cp2016-max-common-connected-subgraph-paper/datasets/graphsdb/mcs30/m4D/m4Dr2/mcs30_m4Dr2_s50.A09 fileNameGt=../../cp2016-max-common-connected-subgraph-paper/datasets/graphsdb/mcs30/m4D/m4Dr2/mcs30_m4Dr2_s50.B09
Reading graphs...
50 :  96
50 :  95
Initializing...
maxdom : 50
D->valSize : 2500
Solving...
currentSize : 19 <-- 0.096176 s
currentSize : 20 <-- 0.096420 s
currentSize : 22 <-- 0.097098 s
currentSize : 23 <-- 0.097296 s
currentSize : 24 <-- 0.116848 s
currentSize : 25 <-- 0.129270 s
currentSize : 26 <-- 1.222444 s
currentSize : 27 <-- 1.788523 s
currentSize : 28 <-- 2.796774 s
currentSize : 29 <-- 11.233254 s
currentSize : 30 <-- 23.011383 s
currentSize : 31 <-- 33.598415 s
currentSize : 32 <-- 34.202320 s
currentSize : 33 <-- 34.211559 s

TIMEOUT
maxsize : 33
nodes : 57738883.000000
filtered : 2364629180.000000
CCGP filtered : 2010265105.000000
CCGT filtered : 1107613605.000000
time : 1000.000061
