Parameters: GAD=1 vflib=1 dir=0 label=0 lowerbound=1 fileNameGp=../../cp2016-max-common-connected-subgraph-paper/datasets/graphsdb/mcs30/rand/r005/mcs30_r005_s20.A02 fileNameGt=../../cp2016-max-common-connected-subgraph-paper/datasets/graphsdb/mcs30/rand/r005/mcs30_r005_s20.B02
Reading graphs...
20 :  23
20 :  23
Initializing...
maxdom : 20
D->valSize : 400
Solving...
currentSize : 6 <-- 0.003908 s
currentSize : 7 <-- 0.003994 s
currentSize : 8 <-- 0.004498 s
currentSize : 9 <-- 0.004621 s
currentSize : 10 <-- 0.004642 s
currentSize : 11 <-- 0.004701 s
currentSize : 12 <-- 0.004837 s
currentSize : 13 <-- 0.005207 s
currentSize : 14 <-- 0.010505 s
currentSize : 15 <-- 0.019604 s

maxsize : 15
nodes : 7507.000000
filtered : 116986.000000
CCGP filtered : 186829.000000
CCGT filtered : 46973.000000
time : 0.078447
