Parameters: GAD=1 vflib=1 dir=0 label=0 lowerbound=1 fileNameGp=../../cp2016-max-common-connected-subgraph-paper/datasets/graphsdb/mcs30/m4D/m4Dr4/mcs30_m4Dr4_s50.A09 fileNameGt=../../cp2016-max-common-connected-subgraph-paper/datasets/graphsdb/mcs30/m4D/m4Dr4/mcs30_m4Dr4_s50.B09
Reading graphs...
50 :  105
50 :  106
Initializing...
maxdom : 50
D->valSize : 2500
Solving...
currentSize : 21 <-- 0.094906 s
currentSize : 22 <-- 0.095092 s
currentSize : 23 <-- 0.095351 s
currentSize : 24 <-- 0.113053 s
currentSize : 25 <-- 0.113275 s
currentSize : 26 <-- 0.114124 s
currentSize : 27 <-- 0.124704 s
currentSize : 28 <-- 0.141967 s
currentSize : 29 <-- 0.142989 s
currentSize : 30 <-- 9.127644 s
currentSize : 31 <-- 12.893774 s

TIMEOUT
maxsize : 31
nodes : 66444405.000000
filtered : 2032453022.000000
CCGP filtered : 770294527.000000
CCGT filtered : 476884118.000000
time : 1000.000000
