Parameters: GAD=1 vflib=1 dir=0 label=0 lowerbound=1 fileNameGp=../../cp2016-max-common-connected-subgraph-paper/datasets/graphsdb/mcs30/rand/r005/mcs30_r005_s50.A09 fileNameGt=../../cp2016-max-common-connected-subgraph-paper/datasets/graphsdb/mcs30/rand/r005/mcs30_r005_s50.B09
Reading graphs...
50 :  122
50 :  123
Initializing...
maxdom : 50
D->valSize : 2500
Solving...
currentSize : 20 <-- 0.093489 s
currentSize : 21 <-- 0.097073 s
currentSize : 22 <-- 0.099407 s
currentSize : 23 <-- 0.099933 s
currentSize : 24 <-- 0.249375 s
currentSize : 25 <-- 0.684085 s
currentSize : 26 <-- 6.623049 s
currentSize : 27 <-- 16.702660 s
currentSize : 28 <-- 73.040993 s
currentSize : 29 <-- 223.572083 s
currentSize : 30 <-- 939.644043 s

TIMEOUT
maxsize : 30
nodes : 67181159.000000
filtered : 1658647946.000000
CCGP filtered : 408876912.000000
CCGT filtered : 245156209.000000
time : 1000.000061
