Parameters: GAD=1 vflib=1 dir=0 label=0 lowerbound=1 fileNameGp=../../cp2016-max-common-connected-subgraph-paper/datasets/graphsdb/mcs30/bvg/b03m/mcs30_b03m_s35.A02 fileNameGt=../../cp2016-max-common-connected-subgraph-paper/datasets/graphsdb/mcs30/bvg/b03m/mcs30_b03m_s35.B02
Reading graphs...
35 :  51
35 :  50
Initializing...
maxdom : 35
D->valSize : 1225
Solving...
currentSize : 13 <-- 0.036350 s
currentSize : 14 <-- 0.036577 s
currentSize : 15 <-- 0.036602 s
currentSize : 16 <-- 0.037751 s
currentSize : 17 <-- 0.038429 s
currentSize : 18 <-- 0.038535 s
currentSize : 19 <-- 0.072868 s
currentSize : 20 <-- 0.127421 s
currentSize : 21 <-- 0.128705 s
currentSize : 22 <-- 0.702086 s
currentSize : 23 <-- 0.875219 s
currentSize : 24 <-- 7.380988 s
currentSize : 25 <-- 39.409401 s

maxsize : 25
nodes : 4195692.000000
filtered : 107916654.000000
CCGP filtered : 67345104.000000
CCGT filtered : 44351412.000000
time : 44.556946
