Parameters: GAD=1 vflib=1 dir=0 label=0 lowerbound=1 fileNameGp=../../cp2016-max-common-connected-subgraph-paper/datasets/graphsdb/mcs30/rand/r005/mcs30_r005_s50.A05 fileNameGt=../../cp2016-max-common-connected-subgraph-paper/datasets/graphsdb/mcs30/rand/r005/mcs30_r005_s50.B05
Reading graphs...
50 :  123
50 :  123
Initializing...
maxdom : 50
D->valSize : 2500
Solving...
currentSize : 20 <-- 0.113763 s
currentSize : 21 <-- 0.114013 s
currentSize : 22 <-- 0.114131 s
currentSize : 23 <-- 0.140255 s
currentSize : 24 <-- 0.140962 s
currentSize : 25 <-- 0.329403 s
currentSize : 26 <-- 0.640109 s
currentSize : 27 <-- 0.912936 s
currentSize : 28 <-- 5.506876 s
currentSize : 29 <-- 31.350679 s
currentSize : 30 <-- 375.479736 s

TIMEOUT
maxsize : 30
nodes : 66562795.000000
filtered : 2074244839.000000
CCGP filtered : 410543949.000000
CCGT filtered : 249302896.000000
time : 1000.000061
