Parameters: GAD=1 vflib=1 dir=0 label=0 lowerbound=1 fileNameGp=../../cp2016-max-common-connected-subgraph-paper/datasets/graphsdb/mcs30/bvg/b03m/mcs30_b03m_s40.A06 fileNameGt=../../cp2016-max-common-connected-subgraph-paper/datasets/graphsdb/mcs30/bvg/b03m/mcs30_b03m_s40.B06
Reading graphs...
40 :  59
40 :  58
Initializing...
maxdom : 40
D->valSize : 1600
Solving...
currentSize : 15 <-- 0.036643 s
currentSize : 16 <-- 0.036677 s
currentSize : 17 <-- 0.036830 s
currentSize : 20 <-- 0.036932 s
currentSize : 21 <-- 0.037226 s
currentSize : 22 <-- 0.039308 s
currentSize : 23 <-- 0.056595 s
currentSize : 24 <-- 0.057272 s
currentSize : 25 <-- 0.238125 s
currentSize : 26 <-- 0.271750 s
currentSize : 27 <-- 1.795998 s
currentSize : 28 <-- 7.595033 s
currentSize : 29 <-- 9.457785 s

maxsize : 29
nodes : 38598209.000000
filtered : 1255168433.000000
CCGP filtered : 724613169.000000
CCGT filtered : 472706405.000000
time : 482.622345
