Parameters: GAD=1 vflib=1 dir=0 label=0 lowerbound=1 fileNameGp=../../cp2016-max-common-connected-subgraph-paper/datasets/graphsdb/mcs30/rand/r005/mcs30_r005_s40.A01 fileNameGt=../../cp2016-max-common-connected-subgraph-paper/datasets/graphsdb/mcs30/rand/r005/mcs30_r005_s40.B01
Reading graphs...
40 :  81
40 :  81
Initializing...
maxdom : 40
D->valSize : 1600
Solving...
currentSize : 18 <-- 0.060206 s
currentSize : 19 <-- 0.060262 s
currentSize : 20 <-- 0.061503 s
currentSize : 21 <-- 0.074429 s
currentSize : 22 <-- 0.074780 s
currentSize : 23 <-- 0.138093 s
currentSize : 24 <-- 0.169994 s
currentSize : 25 <-- 2.120344 s
currentSize : 26 <-- 72.518463 s
currentSize : 27 <-- 427.470642 s

TIMEOUT
maxsize : 27
nodes : 80644096.000000
filtered : 2441621770.000000
CCGP filtered : 621060963.000000
CCGT filtered : 268122263.000000
time : 1000.000000
