Parameters: GAD=1 vflib=1 dir=0 label=0 lowerbound=1 fileNameGp=../../cp2016-max-common-connected-subgraph-paper/datasets/graphsdb/mcs30/bvg/b06/mcs30_b06_s30.A09 fileNameGt=../../cp2016-max-common-connected-subgraph-paper/datasets/graphsdb/mcs30/bvg/b06/mcs30_b06_s30.B09
Reading graphs...
30 :  88
30 :  90
Initializing...
maxdom : 30
D->valSize : 900
Solving...
currentSize : 9 <-- 0.017612 s
currentSize : 10 <-- 0.017676 s
currentSize : 12 <-- 0.017850 s
currentSize : 13 <-- 0.017870 s
currentSize : 14 <-- 0.018390 s
currentSize : 15 <-- 0.062344 s
currentSize : 16 <-- 0.075565 s
currentSize : 17 <-- 0.091232 s
currentSize : 18 <-- 6.167273 s

maxsize : 18
nodes : 6156320.000000
filtered : 154694872.000000
CCGP filtered : 20728757.000000
CCGT filtered : 13775809.000000
time : 63.417809
