Parameters: GAD=1 vflib=1 dir=0 label=0 lowerbound=1 fileNameGp=../../cp2016-max-common-connected-subgraph-paper/datasets/graphsdb/mcs30/m3D/m3Dr2/mcs30_m3Dr2_s30.A05 fileNameGt=../../cp2016-max-common-connected-subgraph-paper/datasets/graphsdb/mcs30/m3D/m3Dr2/mcs30_m3Dr2_s30.B05
Reading graphs...
30 :  67
30 :  64
Initializing...
maxdom : 30
D->valSize : 900
Solving...
currentSize : 9 <-- 0.018605 s
currentSize : 10 <-- 0.018772 s
currentSize : 11 <-- 0.018876 s
currentSize : 12 <-- 0.019177 s
currentSize : 13 <-- 0.019224 s
currentSize : 14 <-- 0.022653 s
currentSize : 15 <-- 0.028066 s
currentSize : 16 <-- 0.028143 s
currentSize : 17 <-- 0.028240 s
currentSize : 18 <-- 0.104463 s
currentSize : 19 <-- 1.938576 s

maxsize : 19
nodes : 12024446.000000
filtered : 302894789.000000
CCGP filtered : 48534452.000000
CCGT filtered : 63330604.000000
time : 113.997459
