Parameters: GAD=1 vflib=1 dir=0 label=0 lowerbound=1 fileNameGp=../../cp2016-max-common-connected-subgraph-paper/datasets/graphsdb/mcs30/bvg/b03/mcs30_b03_s40.A00 fileNameGt=../../cp2016-max-common-connected-subgraph-paper/datasets/graphsdb/mcs30/bvg/b03/mcs30_b03_s40.B00
Reading graphs...
40 :  59
40 :  60
Initializing...
maxdom : 40
D->valSize : 1600
Solving...
currentSize : 12 <-- 0.060111 s
currentSize : 14 <-- 0.060170 s
currentSize : 16 <-- 0.060220 s
currentSize : 19 <-- 0.060436 s
currentSize : 20 <-- 0.062277 s
currentSize : 21 <-- 0.062641 s
currentSize : 22 <-- 0.087665 s
currentSize : 23 <-- 0.111522 s
currentSize : 24 <-- 0.208426 s
currentSize : 25 <-- 0.306739 s
currentSize : 26 <-- 0.421633 s
currentSize : 27 <-- 0.422203 s
currentSize : 28 <-- 30.475456 s

maxsize : 28
nodes : 51201998.000000
filtered : 1538229276.000000
CCGP filtered : 1286601964.000000
CCGT filtered : 873566792.000000
time : 658.783508
