Parameters: GAD=1 vflib=1 dir=0 label=0 lowerbound=1 fileNameGp=../../cp2016-max-common-connected-subgraph-paper/datasets/graphsdb/mcs30/m4D/m4D/mcs30_m4D_s50.A01 fileNameGt=../../cp2016-max-common-connected-subgraph-paper/datasets/graphsdb/mcs30/m4D/m4D/mcs30_m4D_s50.B01
Reading graphs...
50 :  87
50 :  87
Initializing...
maxdom : 50
D->valSize : 2500
Solving...
currentSize : 22 <-- 0.163926 s
currentSize : 23 <-- 0.164227 s
currentSize : 25 <-- 0.164531 s
currentSize : 26 <-- 0.164855 s
currentSize : 27 <-- 0.165677 s
currentSize : 28 <-- 0.297539 s
currentSize : 29 <-- 0.753221 s
currentSize : 30 <-- 2.086253 s
currentSize : 31 <-- 8.427147 s
currentSize : 32 <-- 422.342926 s
currentSize : 33 <-- 969.758911 s

TIMEOUT
maxsize : 33
nodes : 66384497.000000
filtered : 2108649633.000000
CCGP filtered : 2307652737.000000
CCGT filtered : 904168475.000000
time : 1000.000061
