Parameters: GAD=1 vflib=1 dir=0 label=0 lowerbound=1 fileNameGp=../../cp2016-max-common-connected-subgraph-paper/datasets/graphsdb/mcs30/rand/r005/mcs30_r005_s30.A06 fileNameGt=../../cp2016-max-common-connected-subgraph-paper/datasets/graphsdb/mcs30/rand/r005/mcs30_r005_s30.B06
Reading graphs...
30 :  46
30 :  46
Initializing...
maxdom : 30
D->valSize : 900
Solving...
currentSize : 6 <-- 0.011012 s
currentSize : 7 <-- 0.011057 s
currentSize : 9 <-- 0.011078 s
currentSize : 12 <-- 0.011259 s
currentSize : 17 <-- 0.011295 s
currentSize : 18 <-- 0.019370 s
currentSize : 19 <-- 0.022924 s
currentSize : 20 <-- 0.024815 s
currentSize : 21 <-- 2.532121 s

maxsize : 21
nodes : 620333.000000
filtered : 15564994.000000
CCGP filtered : 7627883.000000
CCGT filtered : 11321192.000000
time : 6.746411
