Parameters: GAD=1 vflib=1 dir=0 label=0 lowerbound=1 fileNameGp=../../cp2016-max-common-connected-subgraph-paper/datasets/graphsdb/mcs30/m4D/m4Dr4/mcs30_m4Dr4_s50.A03 fileNameGt=../../cp2016-max-common-connected-subgraph-paper/datasets/graphsdb/mcs30/m4D/m4Dr4/mcs30_m4Dr4_s50.B03
Reading graphs...
50 :  105
50 :  104
Initializing...
maxdom : 50
D->valSize : 2500
Solving...
currentSize : 20 <-- 0.094792 s
currentSize : 22 <-- 0.094855 s
currentSize : 23 <-- 0.097891 s
currentSize : 24 <-- 0.109177 s
currentSize : 25 <-- 0.118918 s
currentSize : 26 <-- 1.218122 s
currentSize : 27 <-- 1.254788 s
currentSize : 28 <-- 1.565866 s
currentSize : 29 <-- 12.861236 s
currentSize : 30 <-- 279.570190 s
currentSize : 31 <-- 367.587006 s
currentSize : 32 <-- 367.594238 s

TIMEOUT
maxsize : 32
nodes : 64727432.000000
filtered : 2002720607.000000
CCGP filtered : 1242492935.000000
CCGT filtered : 1051025086.000000
time : 1000.000000
