Parameters: GAD=1 vflib=1 dir=0 label=0 lowerbound=1 fileNameGp=../../cp2016-max-common-connected-subgraph-paper/datasets/graphsdb/mcs30/m4D/m4Dr6/mcs30_m4Dr6_s50.A02 fileNameGt=../../cp2016-max-common-connected-subgraph-paper/datasets/graphsdb/mcs30/m4D/m4Dr6/mcs30_m4Dr6_s50.B02
Reading graphs...
50 :  117
50 :  115
Initializing...
maxdom : 50
D->valSize : 2500
Solving...
currentSize : 18 <-- 0.094047 s
currentSize : 19 <-- 0.094289 s
currentSize : 20 <-- 0.094371 s
currentSize : 21 <-- 0.095584 s
currentSize : 22 <-- 0.114670 s
currentSize : 23 <-- 0.141877 s
currentSize : 24 <-- 0.469114 s
currentSize : 25 <-- 0.556536 s
currentSize : 26 <-- 1.262447 s
currentSize : 27 <-- 11.139148 s
currentSize : 28 <-- 12.200841 s
currentSize : 29 <-- 19.541721 s
currentSize : 30 <-- 39.457790 s

TIMEOUT
maxsize : 30
nodes : 66196747.000000
filtered : 2074483979.000000
CCGP filtered : 401141870.000000
CCGT filtered : 378324837.000000
time : 1000.000061
