Parameters: GAD=1 vflib=1 dir=0 label=0 lowerbound=1 fileNameGp=../../cp2016-max-common-connected-subgraph-paper/datasets/graphsdb/mcs30/m3D/m3D/mcs30_m3D_s40.A04 fileNameGt=../../cp2016-max-common-connected-subgraph-paper/datasets/graphsdb/mcs30/m3D/m3D/mcs30_m3D_s40.B04
Reading graphs...
40 :  80
40 :  83
Initializing...
maxdom : 40
D->valSize : 1600
Solving...
currentSize : 13 <-- 0.035686 s
currentSize : 15 <-- 0.035777 s
currentSize : 18 <-- 0.035811 s
currentSize : 19 <-- 0.043293 s
currentSize : 21 <-- 0.043364 s
currentSize : 22 <-- 0.148934 s
currentSize : 23 <-- 0.301248 s
currentSize : 24 <-- 0.614950 s
currentSize : 25 <-- 1.837732 s
currentSize : 26 <-- 4.649851 s

TIMEOUT
maxsize : 26
nodes : 80512895.000000
filtered : 2361444665.000000
CCGP filtered : 754636244.000000
CCGT filtered : 653136798.000000
time : 1000.000061
