Parameters: GAD=1 vflib=1 dir=0 label=0 lowerbound=1 fileNameGp=../../cp2016-max-common-connected-subgraph-paper/datasets/graphsdb/mcs30/m3D/m3Dr6/mcs30_m3Dr6_s30.A08 fileNameGt=../../cp2016-max-common-connected-subgraph-paper/datasets/graphsdb/mcs30/m3D/m3Dr6/mcs30_m3Dr6_s30.B08
Reading graphs...
30 :  78
30 :  76
Initializing...
maxdom : 30
D->valSize : 900
Solving...
currentSize : 11 <-- 0.010743 s
currentSize : 12 <-- 0.010816 s
currentSize : 13 <-- 0.011147 s
currentSize : 14 <-- 0.014752 s
currentSize : 15 <-- 0.071685 s
currentSize : 16 <-- 0.102783 s
currentSize : 17 <-- 0.166188 s
currentSize : 18 <-- 4.949862 s
currentSize : 19 <-- 132.942200 s

maxsize : 19
nodes : 15423337.000000
filtered : 358962218.000000
CCGP filtered : 43553594.000000
CCGT filtered : 37361148.000000
time : 148.760925
