Parameters: GAD=1 vflib=1 dir=0 label=0 lowerbound=1 fileNameGp=../../cp2016-max-common-connected-subgraph-paper/datasets/graphsdb/mcs30/bvg/b03/mcs30_b03_s35.A03 fileNameGt=../../cp2016-max-common-connected-subgraph-paper/datasets/graphsdb/mcs30/bvg/b03/mcs30_b03_s35.B03
Reading graphs...
35 :  52
35 :  52
Initializing...
maxdom : 35
D->valSize : 1225
Solving...
currentSize : 2 <-- 0.020978 s
currentSize : 16 <-- 0.021170 s
currentSize : 17 <-- 0.021197 s
currentSize : 19 <-- 0.063546 s
currentSize : 20 <-- 0.123760 s
currentSize : 21 <-- 0.123913 s
currentSize : 22 <-- 0.125169 s
currentSize : 23 <-- 4.899380 s
currentSize : 24 <-- 6.692203 s
currentSize : 25 <-- 14.113893 s

maxsize : 25
nodes : 3683305.000000
filtered : 97576511.000000
CCGP filtered : 48928935.000000
CCGT filtered : 32332654.000000
time : 39.825562
