Parameters: GAD=1 vflib=1 dir=0 label=0 lowerbound=1 fileNameGp=../../cp2016-max-common-connected-subgraph-paper/datasets/graphsdb/mcs30/bvg/b03m/mcs30_b03m_s40.A08 fileNameGt=../../cp2016-max-common-connected-subgraph-paper/datasets/graphsdb/mcs30/bvg/b03m/mcs30_b03m_s40.B08
Reading graphs...
40 :  59
40 :  58
Initializing...
maxdom : 40
D->valSize : 1600
Solving...
currentSize : 9 <-- 0.057127 s
currentSize : 14 <-- 0.057233 s
currentSize : 16 <-- 0.057278 s
currentSize : 19 <-- 0.057337 s
currentSize : 20 <-- 0.057402 s
currentSize : 21 <-- 0.057749 s
currentSize : 22 <-- 0.089087 s
currentSize : 23 <-- 0.089416 s
currentSize : 24 <-- 0.704002 s
currentSize : 25 <-- 0.704495 s
currentSize : 26 <-- 1.546360 s
currentSize : 27 <-- 2.111113 s
currentSize : 28 <-- 2.114021 s
currentSize : 29 <-- 4.703629 s

maxsize : 29
nodes : 11690430.000000
filtered : 448034985.000000
CCGP filtered : 332385230.000000
CCGT filtered : 229667947.000000
time : 168.384201
