Parameters: GAD=1 vflib=1 dir=0 label=0 lowerbound=1 fileNameGp=../../cp2016-max-common-connected-subgraph-paper/datasets/graphsdb/mcs30/bvg/b03m/mcs30_b03m_s25.A08 fileNameGt=../../cp2016-max-common-connected-subgraph-paper/datasets/graphsdb/mcs30/bvg/b03m/mcs30_b03m_s25.B08
Reading graphs...
25 :  36
25 :  37
Initializing...
maxdom : 25
D->valSize : 625
Solving...
currentSize : 8 <-- 0.005287 s
currentSize : 9 <-- 0.005324 s
currentSize : 10 <-- 0.005370 s
currentSize : 11 <-- 0.005592 s
currentSize : 12 <-- 0.007117 s
currentSize : 13 <-- 0.008599 s
currentSize : 14 <-- 0.044197 s
currentSize : 15 <-- 0.071244 s
currentSize : 16 <-- 1.130116 s

maxsize : 16
nodes : 445850.000000
filtered : 7414042.000000
CCGP filtered : 4206295.000000
CCGT filtered : 2055252.000000
time : 3.063668
