Parameters: GAD=1 vflib=1 dir=0 label=0 lowerbound=1 fileNameGp=../../cp2016-max-common-connected-subgraph-paper/datasets/graphsdb/mcs30/bvg/b09m/mcs30_b09m_s50.A01 fileNameGt=../../cp2016-max-common-connected-subgraph-paper/datasets/graphsdb/mcs30/bvg/b09m/mcs30_b09m_s50.B01
Reading graphs...
50 :  214
50 :  215
Initializing...
maxdom : 50
D->valSize : 2500
Solving...
currentSize : 14 <-- 0.107037 s
currentSize : 15 <-- 0.107132 s
currentSize : 16 <-- 0.107407 s
currentSize : 17 <-- 0.108284 s
currentSize : 18 <-- 0.108630 s
currentSize : 19 <-- 0.112924 s
currentSize : 20 <-- 0.124836 s
currentSize : 21 <-- 0.129530 s
currentSize : 22 <-- 0.496765 s
currentSize : 23 <-- 0.505232 s
currentSize : 24 <-- 812.754578 s

TIMEOUT
maxsize : 24
nodes : 64378494.000000
filtered : 1398708879.000000
CCGP filtered : 73015674.000000
CCGT filtered : 67049119.000000
time : 1000.000061
