Parameters: GAD=1 vflib=1 dir=0 label=0 lowerbound=1 fileNameGp=../../cp2016-max-common-connected-subgraph-paper/datasets/graphsdb/mcs30/m2D/m2D/mcs30_m2D_s50.A02 fileNameGt=../../cp2016-max-common-connected-subgraph-paper/datasets/graphsdb/mcs30/m2D/m2D/mcs30_m2D_s50.B02
Reading graphs...
50 :  85
50 :  85
Initializing...
maxdom : 50
D->valSize : 2500
Solving...
currentSize : 17 <-- 0.096890 s
currentSize : 18 <-- 0.096931 s
currentSize : 20 <-- 0.097256 s
currentSize : 21 <-- 0.097450 s
currentSize : 22 <-- 0.097470 s
currentSize : 23 <-- 0.097689 s
currentSize : 24 <-- 0.102565 s
currentSize : 25 <-- 0.103269 s
currentSize : 26 <-- 0.104072 s
currentSize : 27 <-- 0.104686 s
currentSize : 28 <-- 0.112789 s
currentSize : 29 <-- 2.058573 s
currentSize : 30 <-- 7.200728 s
currentSize : 31 <-- 34.247993 s

TIMEOUT
maxsize : 31
nodes : 72650185.000000
filtered : 1902662512.000000
CCGP filtered : 1814563837.000000
CCGT filtered : 1039477774.000000
time : 1000.000061
