Parameters: GAD=1 vflib=1 dir=0 label=0 lowerbound=1 fileNameGp=../../cp2016-max-common-connected-subgraph-paper/datasets/graphsdb/mcs30/m2D/m2Dr4/mcs30_m2Dr4_s50.A04 fileNameGt=../../cp2016-max-common-connected-subgraph-paper/datasets/graphsdb/mcs30/m2D/m2Dr4/mcs30_m2Dr4_s50.B04
Reading graphs...
50 :  104
50 :  102
Initializing...
maxdom : 50
D->valSize : 2500
Solving...
currentSize : 18 <-- 0.095415 s
currentSize : 21 <-- 0.096811 s
currentSize : 22 <-- 0.096931 s
currentSize : 23 <-- 0.101142 s
currentSize : 24 <-- 0.269372 s
currentSize : 25 <-- 0.422301 s
currentSize : 26 <-- 0.520274 s
currentSize : 27 <-- 0.733537 s
currentSize : 28 <-- 1.334654 s
currentSize : 29 <-- 26.685036 s
currentSize : 30 <-- 146.579941 s

TIMEOUT
maxsize : 30
nodes : 68408125.000000
filtered : 1789546067.000000
CCGP filtered : 473429609.000000
CCGT filtered : 460483020.000000
time : 1000.000061
