Parameters: GAD=1 vflib=1 dir=0 label=0 lowerbound=1 fileNameGp=../../cp2016-max-common-connected-subgraph-paper/datasets/graphsdb/mcs30/bvg/b06/mcs30_b06_s30.A02 fileNameGt=../../cp2016-max-common-connected-subgraph-paper/datasets/graphsdb/mcs30/bvg/b06/mcs30_b06_s30.B02
Reading graphs...
30 :  88
30 :  87
Initializing...
maxdom : 30
D->valSize : 900
Solving...
currentSize : 9 <-- 0.010102 s
currentSize : 10 <-- 0.010202 s
currentSize : 11 <-- 0.010263 s
currentSize : 13 <-- 0.012191 s
currentSize : 14 <-- 0.028527 s
currentSize : 15 <-- 0.056421 s
currentSize : 16 <-- 1.786466 s
currentSize : 17 <-- 3.163040 s
currentSize : 18 <-- 149.916214 s

maxsize : 18
nodes : 16095279.000000
filtered : 354271468.000000
CCGP filtered : 47754010.000000
CCGT filtered : 60155175.000000
time : 160.456253
