Parameters: GAD=1 vflib=1 dir=0 label=0 lowerbound=1 fileNameGp=../../cp2016-max-common-connected-subgraph-paper/datasets/graphsdb/mcs30/bvg/b03/mcs30_b03_s30.A02 fileNameGt=../../cp2016-max-common-connected-subgraph-paper/datasets/graphsdb/mcs30/bvg/b03/mcs30_b03_s30.B02
Reading graphs...
30 :  45
30 :  45
Initializing...
maxdom : 30
D->valSize : 900
Solving...
currentSize : 12 <-- 0.011155 s
currentSize : 13 <-- 0.011205 s
currentSize : 14 <-- 0.011394 s
currentSize : 15 <-- 0.011485 s
currentSize : 16 <-- 0.016972 s
currentSize : 17 <-- 0.017377 s
currentSize : 18 <-- 0.024484 s
currentSize : 19 <-- 0.063784 s
currentSize : 20 <-- 0.473505 s
currentSize : 21 <-- 4.586510 s
currentSize : 22 <-- 14.776789 s

maxsize : 22
nodes : 1836180.000000
filtered : 41411384.000000
CCGP filtered : 20089659.000000
CCGT filtered : 18039019.000000
time : 17.691343
