Parameters: GAD=1 vflib=1 dir=0 label=0 lowerbound=1 fileNameGp=../../cp2016-max-common-connected-subgraph-paper/datasets/graphsdb/mcs30/m2D/m2Dr2/mcs30_m2Dr2_s50.A04 fileNameGt=../../cp2016-max-common-connected-subgraph-paper/datasets/graphsdb/mcs30/m2D/m2Dr2/mcs30_m2Dr2_s50.B04
Reading graphs...
50 :  93
50 :  94
Initializing...
maxdom : 50
D->valSize : 2500
Solving...
currentSize : 23 <-- 0.098074 s
currentSize : 24 <-- 0.098391 s
currentSize : 25 <-- 0.098802 s
currentSize : 26 <-- 0.109671 s
currentSize : 27 <-- 0.110034 s
currentSize : 28 <-- 0.344463 s
currentSize : 29 <-- 0.790452 s
currentSize : 30 <-- 1.584719 s
currentSize : 31 <-- 1.692837 s
currentSize : 32 <-- 181.541016 s
currentSize : 33 <-- 182.257019 s

TIMEOUT
maxsize : 33
nodes : 60653724.000000
filtered : 2128861972.000000
CCGP filtered : 862052959.000000
CCGT filtered : 779736987.000000
time : 1000.000061
