Parameters: GAD=1 vflib=1 dir=0 label=0 lowerbound=1 fileNameGp=../../cp2016-max-common-connected-subgraph-paper/datasets/graphsdb/mcs30/rand/r005/mcs30_r005_s50.A01 fileNameGt=../../cp2016-max-common-connected-subgraph-paper/datasets/graphsdb/mcs30/rand/r005/mcs30_r005_s50.B01
Reading graphs...
50 :  125
50 :  126
Initializing...
maxdom : 50
D->valSize : 2500
Solving...
currentSize : 21 <-- 0.161859 s
currentSize : 22 <-- 0.161992 s
currentSize : 23 <-- 0.162201 s
currentSize : 24 <-- 0.165051 s
currentSize : 25 <-- 0.195897 s
currentSize : 26 <-- 0.219501 s
currentSize : 27 <-- 0.266776 s
currentSize : 28 <-- 37.320652 s
currentSize : 29 <-- 280.277588 s
currentSize : 30 <-- 955.167114 s

TIMEOUT
maxsize : 30
nodes : 66981833.000000
filtered : 1607035358.000000
CCGP filtered : 169761280.000000
CCGT filtered : 207043360.000000
time : 1000.000061
