Parameters: GAD=1 vflib=1 dir=0 label=0 lowerbound=1 fileNameGp=../../cp2016-max-common-connected-subgraph-paper/datasets/graphsdb/mcs30/m3D/m3D/mcs30_m3D_s40.A01 fileNameGt=../../cp2016-max-common-connected-subgraph-paper/datasets/graphsdb/mcs30/m3D/m3D/mcs30_m3D_s40.B01
Reading graphs...
40 :  83
40 :  82
Initializing...
maxdom : 40
D->valSize : 1600
Solving...
currentSize : 17 <-- 0.035210 s
currentSize : 18 <-- 0.035575 s
currentSize : 19 <-- 0.038139 s
currentSize : 20 <-- 0.048548 s
currentSize : 21 <-- 0.048876 s
currentSize : 22 <-- 0.059122 s
currentSize : 23 <-- 1.694414 s
currentSize : 24 <-- 4.089717 s
currentSize : 25 <-- 65.372299 s
currentSize : 26 <-- 126.277290 s
currentSize : 27 <-- 277.567749 s

TIMEOUT
maxsize : 27
nodes : 78151254.000000
filtered : 2444575754.000000
CCGP filtered : 313002734.000000
CCGT filtered : 349888784.000000
time : 1000.000000
