Parameters: GAD=1 vflib=1 dir=0 label=0 lowerbound=1 fileNameGp=../../cp2016-max-common-connected-subgraph-paper/datasets/graphsdb/mcs30/m2D/m2Dr6/mcs30_m2Dr6_s50.A06 fileNameGt=../../cp2016-max-common-connected-subgraph-paper/datasets/graphsdb/mcs30/m2D/m2Dr6/mcs30_m2Dr6_s50.B06
Reading graphs...
50 :  113
50 :  112
Initializing...
maxdom : 50
D->valSize : 2500
Solving...
currentSize : 19 <-- 0.094447 s
currentSize : 20 <-- 0.094625 s
currentSize : 22 <-- 0.097073 s
currentSize : 23 <-- 0.102272 s
currentSize : 24 <-- 0.141081 s
currentSize : 25 <-- 0.238249 s
currentSize : 26 <-- 0.366077 s
currentSize : 27 <-- 1.099230 s
currentSize : 28 <-- 88.621193 s
currentSize : 29 <-- 566.054749 s
currentSize : 30 <-- 926.331665 s

TIMEOUT
maxsize : 30
nodes : 68780065.000000
filtered : 1587742144.000000
CCGP filtered : 403835411.000000
CCGT filtered : 363152214.000000
time : 1000.000061
