Parameters: GAD=1 vflib=1 dir=0 label=0 lowerbound=1 fileNameGp=../../cp2016-max-common-connected-subgraph-paper/datasets/graphsdb/mcs50/bvg/b06/mcs50_b06_s25.A04 fileNameGt=../../cp2016-max-common-connected-subgraph-paper/datasets/graphsdb/mcs50/bvg/b06/mcs50_b06_s25.B04
Reading graphs...
25 :  72
25 :  75
Initializing...
maxdom : 25
D->valSize : 625
Solving...
currentSize : 7 <-- 0.005021 s
currentSize : 9 <-- 0.005067 s
currentSize : 10 <-- 0.005131 s
currentSize : 11 <-- 0.005710 s
currentSize : 12 <-- 0.010011 s
currentSize : 13 <-- 0.010443 s
currentSize : 14 <-- 0.112637 s
currentSize : 15 <-- 0.525828 s
currentSize : 16 <-- 12.195413 s

maxsize : 16
nodes : 1666215.000000
filtered : 33102070.000000
CCGP filtered : 2119132.000000
CCGT filtered : 998244.000000
time : 13.676910
