Parameters: GAD=1 vflib=1 dir=0 label=0 lowerbound=1 fileNameGp=../../cp2016-max-common-connected-subgraph-paper/datasets/graphsdb/mcs50/rand/r005/mcs50_r005_s40.A05 fileNameGt=../../cp2016-max-common-connected-subgraph-paper/datasets/graphsdb/mcs50/rand/r005/mcs50_r005_s40.B05
Reading graphs...
40 :  78
40 :  77
Initializing...
maxdom : 40
D->valSize : 1600
Solving...
currentSize : 15 <-- 0.035706 s
currentSize : 16 <-- 0.035762 s
currentSize : 17 <-- 0.035889 s
currentSize : 18 <-- 0.037151 s
currentSize : 19 <-- 0.041102 s
currentSize : 20 <-- 0.055292 s
currentSize : 21 <-- 1.783826 s
currentSize : 22 <-- 4.214398 s
currentSize : 23 <-- 15.361183 s
currentSize : 24 <-- 71.074097 s
currentSize : 25 <-- 85.693024 s
currentSize : 26 <-- 156.644180 s

TIMEOUT
maxsize : 26
nodes : 85219160.000000
filtered : 2341143619.000000
CCGP filtered : 761657430.000000
CCGT filtered : 587496550.000000
time : 1000.000000
