Parameters: GAD=1 vflib=1 dir=0 label=0 lowerbound=1 fileNameGp=../../cp2016-max-common-connected-subgraph-paper/datasets/graphsdb/mcs50/bvg/b03/mcs50_b03_s50.A05 fileNameGt=../../cp2016-max-common-connected-subgraph-paper/datasets/graphsdb/mcs50/bvg/b03/mcs50_b03_s50.B05
Reading graphs...
50 :  75
50 :  75
Initializing...
maxdom : 50
D->valSize : 2500
Solving...
currentSize : 20 <-- 0.099848 s
currentSize : 22 <-- 0.099906 s
currentSize : 23 <-- 0.099941 s
currentSize : 25 <-- 0.100246 s
currentSize : 26 <-- 0.114739 s
currentSize : 27 <-- 0.207460 s
currentSize : 28 <-- 1.013064 s
currentSize : 29 <-- 4.595574 s
currentSize : 30 <-- 10.189731 s
currentSize : 31 <-- 10.284480 s
currentSize : 32 <-- 72.410461 s
currentSize : 33 <-- 203.377686 s
currentSize : 34 <-- 307.553955 s

TIMEOUT
maxsize : 34
nodes : 66484003.000000
filtered : 2004971964.000000
CCGP filtered : 1723977941.000000
CCGT filtered : 1187867955.000000
time : 1000.000061
