Parameters: GAD=1 vflib=1 dir=0 label=0 lowerbound=1 fileNameGp=../../cp2016-max-common-connected-subgraph-paper/datasets/graphsdb/mcs50/m2D/m2Dr4/mcs50_m2Dr4_s40.A07 fileNameGt=../../cp2016-max-common-connected-subgraph-paper/datasets/graphsdb/mcs50/m2D/m2Dr4/mcs50_m2Dr4_s40.B07
Reading graphs...
40 :  81
40 :  79
Initializing...
maxdom : 40
D->valSize : 1600
Solving...
currentSize : 17 <-- 0.063250 s
currentSize : 18 <-- 0.063297 s
currentSize : 19 <-- 0.069886 s
currentSize : 20 <-- 0.070086 s
currentSize : 21 <-- 0.171302 s
currentSize : 22 <-- 0.251006 s
currentSize : 23 <-- 0.251109 s
currentSize : 24 <-- 0.281211 s
currentSize : 25 <-- 14.684880 s
currentSize : 26 <-- 601.716187 s

TIMEOUT
maxsize : 26
nodes : 78277589.000000
filtered : 2235135534.000000
CCGP filtered : 733190494.000000
CCGT filtered : 660389164.000000
time : 1000.000000
