Parameters: GAD=1 vflib=1 dir=0 label=0 lowerbound=1 fileNameGp=../../cp2016-max-common-connected-subgraph-paper/datasets/graphsdb/mcs50/bvg/b03m/mcs50_b03m_s25.A04 fileNameGt=../../cp2016-max-common-connected-subgraph-paper/datasets/graphsdb/mcs50/bvg/b03m/mcs50_b03m_s25.B04
Reading graphs...
25 :  36
25 :  36
Initializing...
maxdom : 25
D->valSize : 625
Solving...
currentSize : 10 <-- 0.009214 s
currentSize : 11 <-- 0.009799 s
currentSize : 12 <-- 0.009902 s
currentSize : 13 <-- 0.010310 s
currentSize : 14 <-- 0.010412 s
currentSize : 15 <-- 0.011299 s
currentSize : 16 <-- 0.027562 s
currentSize : 17 <-- 0.177888 s
currentSize : 18 <-- 0.448808 s

maxsize : 18
nodes : 173636.000000
filtered : 3449631.000000
CCGP filtered : 2859859.000000
CCGT filtered : 1378076.000000
time : 1.471178
