Parameters: GAD=1 vflib=1 dir=0 label=0 lowerbound=1 fileNameGp=../../cp2016-max-common-connected-subgraph-paper/datasets/graphsdb/mcs50/m4D/m4D/mcs50_m4D_s40.A06 fileNameGt=../../cp2016-max-common-connected-subgraph-paper/datasets/graphsdb/mcs50/m4D/m4D/mcs50_m4D_s40.B06
Reading graphs...
40 :  70
40 :  70
Initializing...
maxdom : 40
D->valSize : 1600
Solving...
currentSize : 11 <-- 0.057980 s
currentSize : 12 <-- 0.058756 s
currentSize : 13 <-- 0.059365 s
currentSize : 16 <-- 0.059799 s
currentSize : 17 <-- 0.060272 s
currentSize : 18 <-- 0.060302 s
currentSize : 19 <-- 0.064043 s
currentSize : 20 <-- 0.067164 s
currentSize : 21 <-- 0.093889 s
currentSize : 22 <-- 0.104033 s
currentSize : 23 <-- 0.114836 s
currentSize : 24 <-- 1.246711 s
currentSize : 25 <-- 2.418038 s
currentSize : 27 <-- 4.499440 s
currentSize : 28 <-- 59.103985 s
currentSize : 29 <-- 216.256943 s

maxsize : 29
nodes : 19284033.000000
filtered : 723455868.000000
CCGP filtered : 621084528.000000
CCGT filtered : 686675273.000000
time : 287.234100
