Parameters: GAD=1 vflib=1 dir=0 label=0 lowerbound=1 fileNameGp=../../cp2016-max-common-connected-subgraph-paper/datasets/graphsdb/mcs50/m2D/m2Dr4/mcs50_m2Dr4_s30.A05 fileNameGt=../../cp2016-max-common-connected-subgraph-paper/datasets/graphsdb/mcs50/m2D/m2Dr4/mcs50_m2Dr4_s30.B05
Reading graphs...
30 :  61
30 :  59
Initializing...
maxdom : 30
D->valSize : 900
Solving...
currentSize : 10 <-- 0.010910 s
currentSize : 11 <-- 0.010951 s
currentSize : 14 <-- 0.011013 s
currentSize : 15 <-- 0.011031 s
currentSize : 16 <-- 0.011632 s
currentSize : 17 <-- 0.012365 s
currentSize : 18 <-- 0.014537 s
currentSize : 19 <-- 0.021136 s
currentSize : 20 <-- 6.750610 s

maxsize : 20
nodes : 11804939.000000
filtered : 270897942.000000
CCGP filtered : 53710101.000000
CCGT filtered : 37697880.000000
time : 107.917870
