Parameters: GAD=1 vflib=1 dir=0 label=0 lowerbound=1 fileNameGp=../../cp2016-max-common-connected-subgraph-paper/datasets/graphsdb/mcs50/m4D/m4Dr6/mcs50_m4Dr6_s35.A05 fileNameGt=../../cp2016-max-common-connected-subgraph-paper/datasets/graphsdb/mcs50/m4D/m4Dr6/mcs50_m4Dr6_s35.B05
Reading graphs...
35 :  82
35 :  80
Initializing...
maxdom : 35
D->valSize : 1225
Solving...
currentSize : 11 <-- 0.019765 s
currentSize : 12 <-- 0.019903 s
currentSize : 13 <-- 0.020017 s
currentSize : 14 <-- 0.020278 s
currentSize : 15 <-- 0.020528 s
currentSize : 17 <-- 0.021515 s
currentSize : 18 <-- 0.124583 s
currentSize : 19 <-- 0.251009 s
currentSize : 20 <-- 1.196654 s
currentSize : 21 <-- 9.731623 s
currentSize : 22 <-- 96.060104 s
currentSize : 23 <-- 139.301529 s

maxsize : 23
nodes : 27724350.000000
filtered : 775957496.000000
CCGP filtered : 220982755.000000
CCGT filtered : 131622493.000000
time : 302.251495
