Parameters: GAD=1 vflib=1 dir=0 label=0 lowerbound=1 fileNameGp=../../cp2016-max-common-connected-subgraph-paper/datasets/graphsdb/mcs50/m4D/m4Dr6/mcs50_m4Dr6_s40.A09 fileNameGt=../../cp2016-max-common-connected-subgraph-paper/datasets/graphsdb/mcs50/m4D/m4Dr6/mcs50_m4Dr6_s40.B09
Reading graphs...
40 :  94
40 :  91
Initializing...
maxdom : 40
D->valSize : 1600
Solving...
currentSize : 16 <-- 0.063215 s
currentSize : 17 <-- 0.064907 s
currentSize : 19 <-- 0.072609 s
currentSize : 20 <-- 0.080084 s
currentSize : 21 <-- 0.146400 s
currentSize : 22 <-- 0.240820 s
currentSize : 23 <-- 7.147745 s
currentSize : 24 <-- 8.599549 s
currentSize : 25 <-- 15.876492 s
currentSize : 26 <-- 223.526230 s

TIMEOUT
maxsize : 26
nodes : 79444481.000000
filtered : 2719759621.000000
CCGP filtered : 493274106.000000
CCGT filtered : 366667646.000000
time : 1000.000000
