Parameters: GAD=1 vflib=1 dir=0 label=0 lowerbound=1 fileNameGp=../../cp2016-max-common-connected-subgraph-paper/datasets/graphsdb/mcs50/m4D/m4Dr2/mcs50_m4Dr2_s30.A04 fileNameGt=../../cp2016-max-common-connected-subgraph-paper/datasets/graphsdb/mcs50/m4D/m4Dr2/mcs50_m4Dr2_s30.B04
Reading graphs...
30 :  61
30 :  61
Initializing...
maxdom : 30
D->valSize : 900
Solving...
currentSize : 10 <-- 0.011193 s
currentSize : 12 <-- 0.011298 s
currentSize : 14 <-- 0.011317 s
currentSize : 15 <-- 0.011392 s
currentSize : 16 <-- 0.011740 s
currentSize : 17 <-- 0.014640 s
currentSize : 18 <-- 0.076578 s
currentSize : 19 <-- 0.080132 s
currentSize : 20 <-- 6.459044 s

maxsize : 20
nodes : 2923413.000000
filtered : 74191209.000000
CCGP filtered : 21558912.000000
CCGT filtered : 16123462.000000
time : 27.918524
