Parameters: GAD=1 vflib=1 dir=0 label=0 lowerbound=1 fileNameGp=../../cp2016-max-common-connected-subgraph-paper/datasets/graphsdb/mcs50/bvg/b03m/mcs50_b03m_s50.A00 fileNameGt=../../cp2016-max-common-connected-subgraph-paper/datasets/graphsdb/mcs50/bvg/b03m/mcs50_b03m_s50.B00
Reading graphs...
50 :  74
50 :  74
Initializing...
maxdom : 50
D->valSize : 2500
Solving...
currentSize : 13 <-- 0.097889 s
currentSize : 14 <-- 0.098199 s
currentSize : 15 <-- 0.098856 s
currentSize : 18 <-- 0.099954 s
currentSize : 20 <-- 0.100184 s
currentSize : 25 <-- 0.100231 s
currentSize : 26 <-- 0.100456 s
currentSize : 27 <-- 0.100538 s
currentSize : 28 <-- 0.147403 s
currentSize : 29 <-- 1.510538 s
currentSize : 30 <-- 6.221253 s
currentSize : 31 <-- 66.317299 s
currentSize : 32 <-- 85.688049 s
currentSize : 33 <-- 142.516907 s

TIMEOUT
maxsize : 33
nodes : 65387364.000000
filtered : 1650140834.000000
CCGP filtered : 1853717965.000000
CCGT filtered : 1317949366.000000
time : 1000.000061
