Parameters: GAD=1 vflib=1 dir=0 label=0 lowerbound=1 fileNameGp=../../cp2016-max-common-connected-subgraph-paper/datasets/graphsdb/mcs50/m4D/m4Dr2/mcs50_m4Dr2_s40.A02 fileNameGt=../../cp2016-max-common-connected-subgraph-paper/datasets/graphsdb/mcs50/m4D/m4Dr2/mcs50_m4Dr2_s40.B02
Reading graphs...
40 :  77
40 :  79
Initializing...
maxdom : 40
D->valSize : 1600
Solving...
currentSize : 17 <-- 0.035570 s
currentSize : 18 <-- 0.035657 s
currentSize : 19 <-- 0.035756 s
currentSize : 20 <-- 0.041446 s
currentSize : 21 <-- 0.041464 s
currentSize : 22 <-- 0.050914 s
currentSize : 23 <-- 0.051067 s
currentSize : 24 <-- 0.055897 s
currentSize : 25 <-- 0.056045 s
currentSize : 26 <-- 19.729933 s
currentSize : 27 <-- 69.994675 s

TIMEOUT
maxsize : 27
nodes : 78644828.000000
filtered : 2563596716.000000
CCGP filtered : 1217024798.000000
CCGT filtered : 613925954.000000
time : 1000.000000
