Parameters: GAD=1 vflib=1 dir=0 label=0 lowerbound=1 fileNameGp=../../cp2016-max-common-connected-subgraph-paper/datasets/graphsdb/mcs50/m4D/m4D/mcs50_m4D_s30.A04 fileNameGt=../../cp2016-max-common-connected-subgraph-paper/datasets/graphsdb/mcs50/m4D/m4D/mcs50_m4D_s30.B04
Reading graphs...
30 :  55
30 :  55
Initializing...
maxdom : 30
D->valSize : 900
Solving...
currentSize : 14 <-- 0.019017 s
currentSize : 15 <-- 0.019315 s
currentSize : 16 <-- 0.020178 s
currentSize : 17 <-- 0.022022 s
currentSize : 18 <-- 0.074828 s
currentSize : 19 <-- 0.091384 s
currentSize : 20 <-- 0.094184 s
currentSize : 21 <-- 0.097171 s
currentSize : 22 <-- 3.430250 s

maxsize : 22
nodes : 804615.000000
filtered : 20163472.000000
CCGP filtered : 10126884.000000
CCGT filtered : 7854071.000000
time : 8.075259
