Parameters: GAD=1 vflib=1 dir=0 label=0 lowerbound=1 fileNameGp=../../cp2016-max-common-connected-subgraph-paper/datasets/graphsdb/mcs50/m4D/m4Dr4/mcs50_m4Dr4_s30.A01 fileNameGt=../../cp2016-max-common-connected-subgraph-paper/datasets/graphsdb/mcs50/m4D/m4Dr4/mcs50_m4Dr4_s30.B01
Reading graphs...
30 :  65
30 :  65
Initializing...
maxdom : 30
D->valSize : 900
Solving...
currentSize : 12 <-- 0.017269 s
currentSize : 13 <-- 0.017389 s
currentSize : 14 <-- 0.018179 s
currentSize : 15 <-- 0.022935 s
currentSize : 16 <-- 0.024398 s
currentSize : 18 <-- 0.090829 s
currentSize : 19 <-- 1.995092 s
currentSize : 20 <-- 4.246806 s
currentSize : 21 <-- 24.043997 s

maxsize : 21
nodes : 3197738.000000
filtered : 84386822.000000
CCGP filtered : 15618347.000000
CCGT filtered : 10782432.000000
time : 31.230469
