Parameters: GAD=1 vflib=1 dir=0 label=0 lowerbound=1 fileNameGp=../../cp2016-max-common-connected-subgraph-paper/datasets/graphsdb/mcs50/m4D/m4Dr2/mcs50_m4Dr2_s30.A00 fileNameGt=../../cp2016-max-common-connected-subgraph-paper/datasets/graphsdb/mcs50/m4D/m4Dr2/mcs50_m4Dr2_s30.B00
Reading graphs...
30 :  60
30 :  60
Initializing...
maxdom : 30
D->valSize : 900
Solving...
currentSize : 13 <-- 0.010602 s
currentSize : 14 <-- 0.010782 s
currentSize : 15 <-- 0.010830 s
currentSize : 16 <-- 0.015033 s
currentSize : 17 <-- 0.049601 s
currentSize : 18 <-- 0.054735 s
currentSize : 19 <-- 0.082368 s
currentSize : 20 <-- 3.290991 s
currentSize : 21 <-- 3.876733 s

maxsize : 21
nodes : 2325242.000000
filtered : 67756930.000000
CCGP filtered : 20522839.000000
CCGT filtered : 10994757.000000
time : 22.582315
