Parameters: GAD=1 vflib=1 dir=0 label=0 lowerbound=1 fileNameGp=../../cp2016-max-common-connected-subgraph-paper/datasets/graphsdb/mcs50/bvg/b06/mcs50_b06_s40.A06 fileNameGt=../../cp2016-max-common-connected-subgraph-paper/datasets/graphsdb/mcs50/bvg/b06/mcs50_b06_s40.B06
Reading graphs...
40 :  118
40 :  118
Initializing...
maxdom : 40
D->valSize : 1600
Solving...
currentSize : 16 <-- 0.033814 s
currentSize : 17 <-- 0.033989 s
currentSize : 18 <-- 0.034555 s
currentSize : 19 <-- 0.035014 s
currentSize : 20 <-- 0.328384 s
currentSize : 21 <-- 7.027231 s
currentSize : 22 <-- 12.171061 s
currentSize : 23 <-- 18.784174 s
currentSize : 24 <-- 38.621548 s
currentSize : 26 <-- 792.819031 s
currentSize : 27 <-- 793.090881 s

TIMEOUT
maxsize : 27
nodes : 72677193.000000
filtered : 2716526528.000000
CCGP filtered : 190505680.000000
CCGT filtered : 174687658.000000
time : 1000.000000
