Parameters: GAD=1 vflib=1 dir=0 label=0 lowerbound=1 fileNameGp=../../cp2016-max-common-connected-subgraph-paper/datasets/graphsdb/mcs50/m4D/m4Dr2/mcs50_m4Dr2_s30.A06 fileNameGt=../../cp2016-max-common-connected-subgraph-paper/datasets/graphsdb/mcs50/m4D/m4Dr2/mcs50_m4Dr2_s30.B06
Reading graphs...
30 :  61
30 :  59
Initializing...
maxdom : 30
D->valSize : 900
Solving...
currentSize : 10 <-- 0.011654 s
currentSize : 11 <-- 0.011713 s
currentSize : 15 <-- 0.011759 s
currentSize : 16 <-- 0.011887 s
currentSize : 17 <-- 0.013060 s
currentSize : 18 <-- 0.147913 s
currentSize : 19 <-- 1.475028 s
currentSize : 20 <-- 2.973400 s
currentSize : 21 <-- 11.526178 s

maxsize : 21
nodes : 1442800.000000
filtered : 37448868.000000
CCGP filtered : 11672030.000000
CCGT filtered : 8457389.000000
time : 14.248494
