Parameters: GAD=1 vflib=1 dir=0 label=0 lowerbound=1 fileNameGp=../../cp2016-max-common-connected-subgraph-paper/datasets/graphsdb/mcs50/bvg/b03/mcs50_b03_s30.A00 fileNameGt=../../cp2016-max-common-connected-subgraph-paper/datasets/graphsdb/mcs50/bvg/b03/mcs50_b03_s30.B00
Reading graphs...
30 :  44
30 :  45
Initializing...
maxdom : 30
D->valSize : 900
Solving...
currentSize : 12 <-- 0.019616 s
currentSize : 14 <-- 0.019669 s
currentSize : 15 <-- 0.020232 s
currentSize : 16 <-- 0.023413 s
currentSize : 17 <-- 0.029513 s
currentSize : 18 <-- 0.032255 s
currentSize : 19 <-- 0.324339 s
currentSize : 20 <-- 2.841558 s
currentSize : 21 <-- 13.363022 s

maxsize : 21
nodes : 1922279.000000
filtered : 41128604.000000
CCGP filtered : 29537055.000000
CCGT filtered : 22466939.000000
time : 18.126080
