Parameters: GAD=1 vflib=1 dir=0 label=0 lowerbound=1 fileNameGp=../../cp2016-max-common-connected-subgraph-paper/datasets/graphsdb/mcs50/bvg/b03/mcs50_b03_s35.A07 fileNameGt=../../cp2016-max-common-connected-subgraph-paper/datasets/graphsdb/mcs50/bvg/b03/mcs50_b03_s35.B07
Reading graphs...
35 :  52
35 :  52
Initializing...
maxdom : 35
D->valSize : 1225
Solving...
currentSize : 14 <-- 0.036684 s
currentSize : 17 <-- 0.036885 s
currentSize : 18 <-- 0.038042 s
currentSize : 20 <-- 0.042777 s
currentSize : 21 <-- 0.045280 s
currentSize : 22 <-- 0.349341 s
currentSize : 23 <-- 2.705830 s
currentSize : 24 <-- 22.504593 s
currentSize : 25 <-- 25.482105 s

maxsize : 25
nodes : 6617479.000000
filtered : 181146300.000000
CCGP filtered : 166569641.000000
CCGT filtered : 84213578.000000
time : 74.968925
