Parameters: GAD=1 vflib=1 dir=0 label=0 lowerbound=1 fileNameGp=../../cp2016-max-common-connected-subgraph-paper/datasets/graphsdb/mcs50/m4D/m4Dr2/mcs50_m4Dr2_s40.A05 fileNameGt=../../cp2016-max-common-connected-subgraph-paper/datasets/graphsdb/mcs50/m4D/m4Dr2/mcs50_m4Dr2_s40.B05
Reading graphs...
40 :  78
40 :  78
Initializing...
maxdom : 40
D->valSize : 1600
Solving...
currentSize : 14 <-- 0.036131 s
currentSize : 17 <-- 0.036314 s
currentSize : 18 <-- 0.036416 s
currentSize : 19 <-- 0.042118 s
currentSize : 20 <-- 0.062787 s
currentSize : 21 <-- 0.063049 s
currentSize : 22 <-- 0.127850 s
currentSize : 23 <-- 0.142155 s
currentSize : 24 <-- 2.113526 s
currentSize : 25 <-- 30.558611 s
currentSize : 26 <-- 33.644611 s
currentSize : 27 <-- 40.248547 s
currentSize : 28 <-- 499.844086 s

TIMEOUT
maxsize : 28
nodes : 77150355.000000
filtered : 2669912832.000000
CCGP filtered : 1075765661.000000
CCGT filtered : 586542770.000000
time : 1000.000000
