Parameters: GAD=1 vflib=1 dir=0 label=0 lowerbound=1 fileNameGp=../../cp2016-max-common-connected-subgraph-paper/datasets/graphsdb/mcs50/bvg/b03/mcs50_b03_s30.A09 fileNameGt=../../cp2016-max-common-connected-subgraph-paper/datasets/graphsdb/mcs50/bvg/b03/mcs50_b03_s30.B09
Reading graphs...
30 :  44
30 :  45
Initializing...
maxdom : 30
D->valSize : 900
Solving...
currentSize : 10 <-- 0.011424 s
currentSize : 11 <-- 0.011466 s
currentSize : 14 <-- 0.011516 s
currentSize : 15 <-- 0.011746 s
currentSize : 16 <-- 0.011871 s
currentSize : 17 <-- 0.012655 s
currentSize : 18 <-- 0.020768 s
currentSize : 19 <-- 0.022772 s
currentSize : 20 <-- 0.023543 s
currentSize : 21 <-- 0.056495 s
currentSize : 22 <-- 7.135998 s

maxsize : 22
nodes : 1970715.000000
filtered : 45172580.000000
CCGP filtered : 27313120.000000
CCGT filtered : 15709994.000000
time : 18.070024
