Parameters: GAD=1 vflib=1 dir=0 label=0 lowerbound=1 fileNameGp=../../cp2016-max-common-connected-subgraph-paper/datasets/graphsdb/mcs50/m4D/m4Dr6/mcs50_m4Dr6_s30.A01 fileNameGt=../../cp2016-max-common-connected-subgraph-paper/datasets/graphsdb/mcs50/m4D/m4Dr6/mcs50_m4Dr6_s30.B01
Reading graphs...
30 :  67
30 :  68
Initializing...
maxdom : 30
D->valSize : 900
Solving...
currentSize : 12 <-- 0.010648 s
currentSize : 13 <-- 0.012154 s
currentSize : 14 <-- 0.013361 s
currentSize : 15 <-- 0.018629 s
currentSize : 16 <-- 0.024899 s
currentSize : 17 <-- 0.028213 s
currentSize : 18 <-- 0.093512 s
currentSize : 19 <-- 0.180780 s
currentSize : 20 <-- 9.098048 s

maxsize : 20
nodes : 4376102.000000
filtered : 110459534.000000
CCGP filtered : 21319876.000000
CCGT filtered : 17052417.000000
time : 41.298023
