Parameters: GAD=1 vflib=1 dir=0 label=0 lowerbound=1 fileNameGp=../../cp2016-max-common-connected-subgraph-paper/datasets/graphsdb/mcs50/bvg/b03m/mcs50_b03m_s50.A05 fileNameGt=../../cp2016-max-common-connected-subgraph-paper/datasets/graphsdb/mcs50/bvg/b03m/mcs50_b03m_s50.B05
Reading graphs...
50 :  75
50 :  75
Initializing...
maxdom : 50
D->valSize : 2500
Solving...
currentSize : 20 <-- 0.097903 s
currentSize : 22 <-- 0.097992 s
currentSize : 28 <-- 0.098046 s
currentSize : 29 <-- 0.098725 s
currentSize : 30 <-- 0.117518 s
currentSize : 31 <-- 0.117590 s
currentSize : 32 <-- 0.879584 s
currentSize : 33 <-- 1.185431 s
currentSize : 34 <-- 20.492271 s
currentSize : 35 <-- 458.302216 s

TIMEOUT
maxsize : 35
nodes : 60948543.000000
filtered : 2040509088.000000
CCGP filtered : 1971896840.000000
CCGT filtered : 1057687850.000000
time : 1000.000000
