Parameters: GAD=1 vflib=1 dir=0 label=0 lowerbound=1 fileNameGp=../../cp2016-max-common-connected-subgraph-paper/datasets/graphsdb/mcs50/rand/r005/mcs50_r005_s30.A01 fileNameGt=../../cp2016-max-common-connected-subgraph-paper/datasets/graphsdb/mcs50/rand/r005/mcs50_r005_s30.B01
Reading graphs...
30 :  46
30 :  45
Initializing...
maxdom : 30
D->valSize : 900
Solving...
currentSize : 9 <-- 0.011173 s
currentSize : 10 <-- 0.011222 s
currentSize : 12 <-- 0.011250 s
currentSize : 13 <-- 0.011286 s
currentSize : 14 <-- 0.011596 s
currentSize : 15 <-- 0.014157 s
currentSize : 16 <-- 0.016342 s
currentSize : 17 <-- 0.029437 s
currentSize : 18 <-- 0.070285 s
currentSize : 19 <-- 0.177042 s
currentSize : 20 <-- 0.963308 s
currentSize : 21 <-- 3.519801 s

maxsize : 21
nodes : 1563078.000000
filtered : 35908517.000000
CCGP filtered : 19731034.000000
CCGT filtered : 18482804.000000
time : 15.331640
