Parameters: GAD=1 vflib=1 dir=0 label=0 lowerbound=1 fileNameGp=../../cp2016-max-common-connected-subgraph-paper/datasets/graphsdb/mcs50/m2D/m2Dr4/mcs50_m2Dr4_s50.A08 fileNameGt=../../cp2016-max-common-connected-subgraph-paper/datasets/graphsdb/mcs50/m2D/m2Dr4/mcs50_m2Dr4_s50.B08
Reading graphs...
50 :  104
50 :  101
Initializing...
maxdom : 50
D->valSize : 2500
Solving...
currentSize : 18 <-- 0.162959 s
currentSize : 19 <-- 0.166283 s
currentSize : 20 <-- 0.167643 s
currentSize : 21 <-- 0.169635 s
currentSize : 22 <-- 0.175516 s
currentSize : 23 <-- 0.177311 s
currentSize : 24 <-- 0.458351 s
currentSize : 26 <-- 0.458512 s
currentSize : 27 <-- 0.829543 s
currentSize : 28 <-- 1.309103 s
currentSize : 29 <-- 1.568432 s
currentSize : 30 <-- 83.596062 s

TIMEOUT
maxsize : 30
nodes : 69197787.000000
filtered : 1819061103.000000
CCGP filtered : 579435625.000000
CCGT filtered : 514190579.000000
time : 1000.000061
