Parameters: GAD=1 vflib=1 dir=0 label=0 lowerbound=1 fileNameGp=../../cp2016-max-common-connected-subgraph-paper/datasets/graphsdb/mcs50/m2D/m2Dr2/mcs50_m2Dr2_s30.A03 fileNameGt=../../cp2016-max-common-connected-subgraph-paper/datasets/graphsdb/mcs50/m2D/m2Dr2/mcs50_m2Dr2_s30.B03
Reading graphs...
30 :  55
30 :  54
Initializing...
maxdom : 30
D->valSize : 900
Solving...
currentSize : 11 <-- 0.010889 s
currentSize : 15 <-- 0.010952 s
currentSize : 16 <-- 0.010987 s
currentSize : 17 <-- 0.013434 s
currentSize : 18 <-- 0.014222 s
currentSize : 19 <-- 0.037095 s
currentSize : 20 <-- 0.051721 s
currentSize : 21 <-- 17.705482 s
currentSize : 22 <-- 17.705559 s

maxsize : 22
nodes : 2865803.000000
filtered : 69564048.000000
CCGP filtered : 22793389.000000
CCGT filtered : 10174457.000000
time : 26.127247
