Parameters: GAD=1 vflib=1 dir=0 label=0 lowerbound=1 fileNameGp=../../cp2016-max-common-connected-subgraph-paper/datasets/graphsdb/mcs50/m2D/m2D/mcs50_m2D_s40.A04 fileNameGt=../../cp2016-max-common-connected-subgraph-paper/datasets/graphsdb/mcs50/m2D/m2D/mcs50_m2D_s40.B04
Reading graphs...
40 :  66
40 :  67
Initializing...
maxdom : 40
D->valSize : 1600
Solving...
currentSize : 17 <-- 0.035921 s
currentSize : 19 <-- 0.035989 s
currentSize : 20 <-- 0.036326 s
currentSize : 21 <-- 0.038298 s
currentSize : 22 <-- 0.121529 s
currentSize : 23 <-- 0.211934 s
currentSize : 24 <-- 0.470990 s
currentSize : 25 <-- 1.400364 s
currentSize : 26 <-- 5.357886 s
currentSize : 27 <-- 29.133677 s
currentSize : 28 <-- 75.485306 s

TIMEOUT
maxsize : 28
nodes : 83421527.000000
filtered : 2638208012.000000
CCGP filtered : 1561459396.000000
CCGT filtered : 597444357.000000
time : 1000.000000
