Parameters: GAD=1 vflib=1 dir=0 label=0 lowerbound=1 fileNameGp=../../cp2016-max-common-connected-subgraph-paper/datasets/graphsdb/mcs50/bvg/b06m/mcs50_b06m_s50.A05 fileNameGt=../../cp2016-max-common-connected-subgraph-paper/datasets/graphsdb/mcs50/bvg/b06m/mcs50_b06m_s50.B05
Reading graphs...
50 :  148
50 :  145
Initializing...
maxdom : 50
D->valSize : 2500
Solving...
currentSize : 19 <-- 0.154877 s
currentSize : 20 <-- 0.155067 s
currentSize : 21 <-- 0.155408 s
currentSize : 22 <-- 0.179559 s
currentSize : 23 <-- 0.221247 s
currentSize : 24 <-- 0.545827 s
currentSize : 25 <-- 0.628727 s
currentSize : 26 <-- 1.262810 s
currentSize : 27 <-- 11.507010 s
currentSize : 28 <-- 40.079693 s

TIMEOUT
maxsize : 28
nodes : 61661624.000000
filtered : 2110558708.000000
CCGP filtered : 375390759.000000
CCGT filtered : 258458177.000000
time : 1000.000061
