Parameters: GAD=1 vflib=1 dir=0 label=0 lowerbound=1 fileNameGp=../../cp2016-max-common-connected-subgraph-paper/datasets/graphsdb/mcs50/rand/r005/mcs50_r005_s35.A08 fileNameGt=../../cp2016-max-common-connected-subgraph-paper/datasets/graphsdb/mcs50/rand/r005/mcs50_r005_s35.B08
Reading graphs...
35 :  60
35 :  61
Initializing...
maxdom : 35
D->valSize : 1225
Solving...
currentSize : 13 <-- 0.020715 s
currentSize : 14 <-- 0.020778 s
currentSize : 18 <-- 0.020808 s
currentSize : 19 <-- 0.020977 s
currentSize : 20 <-- 0.021000 s
currentSize : 21 <-- 0.045141 s
currentSize : 22 <-- 1.231719 s
currentSize : 23 <-- 1.464064 s
currentSize : 24 <-- 17.185820 s

maxsize : 24
nodes : 25137552.000000
filtered : 686158493.000000
CCGP filtered : 273418927.000000
CCGT filtered : 111213859.000000
time : 260.248627
