Parameters: GAD=1 vflib=1 dir=0 label=0 lowerbound=1 fileNameGp=../../cp2016-max-common-connected-subgraph-paper/datasets/graphsdb/mcs50/m2D/m2Dr6/mcs50_m2Dr6_s40.A09 fileNameGt=../../cp2016-max-common-connected-subgraph-paper/datasets/graphsdb/mcs50/m2D/m2Dr6/mcs50_m2Dr6_s40.B09
Reading graphs...
40 :  89
40 :  89
Initializing...
maxdom : 40
D->valSize : 1600
Solving...
currentSize : 16 <-- 0.035446 s
currentSize : 17 <-- 0.035820 s
currentSize : 18 <-- 0.036801 s
currentSize : 19 <-- 0.041814 s
currentSize : 20 <-- 0.066014 s
currentSize : 21 <-- 0.088320 s
currentSize : 22 <-- 0.785691 s
currentSize : 23 <-- 4.469935 s
currentSize : 24 <-- 13.253022 s
currentSize : 25 <-- 223.277084 s

TIMEOUT
maxsize : 25
nodes : 84661260.000000
filtered : 2152176020.000000
CCGP filtered : 367109056.000000
CCGT filtered : 306296404.000000
time : 1000.000061
