Parameters: GAD=1 vflib=1 dir=0 label=0 lowerbound=1 fileNameGp=../../cp2016-max-common-connected-subgraph-paper/datasets/graphsdb/mcs50/bvg/b03/mcs50_b03_s50.A03 fileNameGt=../../cp2016-max-common-connected-subgraph-paper/datasets/graphsdb/mcs50/bvg/b03/mcs50_b03_s50.B03
Reading graphs...
50 :  75
50 :  74
Initializing...
maxdom : 50
D->valSize : 2500
Solving...
currentSize : 18 <-- 0.097790 s
currentSize : 19 <-- 0.097949 s
currentSize : 21 <-- 0.097997 s
currentSize : 22 <-- 0.098035 s
currentSize : 23 <-- 0.100326 s
currentSize : 24 <-- 0.100993 s
currentSize : 25 <-- 0.101630 s
currentSize : 26 <-- 0.103899 s
currentSize : 27 <-- 0.116717 s
currentSize : 28 <-- 0.534923 s
currentSize : 29 <-- 0.552581 s
currentSize : 30 <-- 1.327849 s
currentSize : 31 <-- 33.782806 s
currentSize : 32 <-- 681.615479 s
currentSize : 33 <-- 692.301514 s

TIMEOUT
maxsize : 33
nodes : 65993358.000000
filtered : 1791598130.000000
CCGP filtered : 1892731241.000000
CCGT filtered : 1368067234.000000
time : 1000.000061
