Parameters: GAD=1 vflib=1 dir=0 label=0 lowerbound=1 fileNameGp=../../cp2016-max-common-connected-subgraph-paper/datasets/graphsdb/mcs50/bvg/b03m/mcs50_b03m_s40.A07 fileNameGt=../../cp2016-max-common-connected-subgraph-paper/datasets/graphsdb/mcs50/bvg/b03m/mcs50_b03m_s40.B07
Reading graphs...
40 :  60
40 :  60
Initializing...
maxdom : 40
D->valSize : 1600
Solving...
currentSize : 17 <-- 0.036497 s
currentSize : 19 <-- 0.036604 s
currentSize : 21 <-- 0.037022 s
currentSize : 22 <-- 0.037406 s
currentSize : 23 <-- 0.079329 s
currentSize : 24 <-- 0.089101 s
currentSize : 25 <-- 0.095491 s
currentSize : 26 <-- 0.315616 s
currentSize : 27 <-- 0.508963 s
currentSize : 28 <-- 39.709850 s
currentSize : 29 <-- 147.624710 s

maxsize : 29
nodes : 46116225.000000
filtered : 1546305255.000000
CCGP filtered : 1303058666.000000
CCGT filtered : 489012331.000000
time : 569.010742
