Parameters: GAD=1 vflib=1 dir=0 label=0 lowerbound=1 fileNameGp=../../cp2016-max-common-connected-subgraph-paper/datasets/graphsdb/mcs50/m4D/m4D/mcs50_m4D_s30.A05 fileNameGt=../../cp2016-max-common-connected-subgraph-paper/datasets/graphsdb/mcs50/m4D/m4D/mcs50_m4D_s30.B05
Reading graphs...
30 :  55
30 :  54
Initializing...
maxdom : 30
D->valSize : 900
Solving...
currentSize : 6 <-- 0.010865 s
currentSize : 10 <-- 0.011493 s
currentSize : 12 <-- 0.011672 s
currentSize : 13 <-- 0.018671 s
currentSize : 14 <-- 0.022213 s
currentSize : 15 <-- 0.058482 s
currentSize : 16 <-- 0.104717 s
currentSize : 17 <-- 0.104908 s
currentSize : 18 <-- 0.161522 s
currentSize : 19 <-- 0.598886 s
currentSize : 20 <-- 0.646503 s
currentSize : 21 <-- 2.765414 s

maxsize : 21
nodes : 639566.000000
filtered : 14630887.000000
CCGP filtered : 12644346.000000
CCGT filtered : 5977777.000000
time : 6.059172
