Parameters: GAD=1 vflib=1 dir=0 label=0 lowerbound=1 fileNameGp=../../cp2016-max-common-connected-subgraph-paper/datasets/graphsdb/mcs50/bvg/b03/mcs50_b03_s35.A06 fileNameGt=../../cp2016-max-common-connected-subgraph-paper/datasets/graphsdb/mcs50/bvg/b03/mcs50_b03_s35.B06
Reading graphs...
35 :  52
35 :  52
Initializing...
maxdom : 35
D->valSize : 1225
Solving...
currentSize : 12 <-- 0.021162 s
currentSize : 16 <-- 0.021381 s
currentSize : 17 <-- 0.021525 s
currentSize : 18 <-- 0.021593 s
currentSize : 19 <-- 0.068476 s
currentSize : 20 <-- 0.100252 s
currentSize : 21 <-- 0.181255 s
currentSize : 22 <-- 0.520970 s
currentSize : 23 <-- 2.239599 s
currentSize : 24 <-- 5.795999 s
currentSize : 25 <-- 12.969000 s

maxsize : 25
nodes : 6201616.000000
filtered : 167055442.000000
CCGP filtered : 121934311.000000
CCGT filtered : 67708039.000000
time : 67.356293
