Parameters: GAD=1 vflib=1 dir=0 label=0 lowerbound=1 fileNameGp=../../cp2016-max-common-connected-subgraph-paper/datasets/graphsdb/mcs50/m3D/m3Dr2/mcs50_m3Dr2_s50.A00 fileNameGt=../../cp2016-max-common-connected-subgraph-paper/datasets/graphsdb/mcs50/m3D/m3Dr2/mcs50_m3Dr2_s50.B00
Reading graphs...
50 :  118
50 :  117
Initializing...
maxdom : 50
D->valSize : 2500
Solving...
currentSize : 18 <-- 0.093886 s
currentSize : 19 <-- 0.094135 s
currentSize : 20 <-- 0.094484 s
currentSize : 21 <-- 0.094702 s
currentSize : 22 <-- 0.095124 s
currentSize : 23 <-- 0.121497 s
currentSize : 24 <-- 0.123630 s
currentSize : 25 <-- 0.123720 s
currentSize : 26 <-- 0.164848 s
currentSize : 27 <-- 0.173724 s
currentSize : 28 <-- 2.280809 s
currentSize : 29 <-- 35.450169 s
currentSize : 30 <-- 553.986572 s

TIMEOUT
maxsize : 30
nodes : 67808256.000000
filtered : 1724503621.000000
CCGP filtered : 319776037.000000
CCGT filtered : 292668691.000000
time : 1000.000061
