Parameters: GAD=1 vflib=1 dir=0 label=0 lowerbound=1 fileNameGp=../../cp2016-max-common-connected-subgraph-paper/datasets/graphsdb/mcs50/bvg/b06m/mcs50_b06m_s50.A09 fileNameGt=../../cp2016-max-common-connected-subgraph-paper/datasets/graphsdb/mcs50/bvg/b06m/mcs50_b06m_s50.B09
Reading graphs...
50 :  148
50 :  148
Initializing...
maxdom : 50
D->valSize : 2500
Solving...
currentSize : 14 <-- 0.091032 s
currentSize : 19 <-- 0.091280 s
currentSize : 20 <-- 0.091305 s
currentSize : 21 <-- 0.091487 s
currentSize : 22 <-- 0.091925 s
currentSize : 23 <-- 0.092330 s
currentSize : 24 <-- 0.092483 s
currentSize : 25 <-- 0.100134 s
currentSize : 26 <-- 2.234803 s
currentSize : 27 <-- 193.954742 s

TIMEOUT
maxsize : 27
nodes : 63044870.000000
filtered : 1754454254.000000
CCGP filtered : 448667951.000000
CCGT filtered : 193320584.000000
time : 1000.000000
