Parameters: GAD=1 vflib=1 dir=0 label=0 lowerbound=1 fileNameGp=../../cp2016-max-common-connected-subgraph-paper/datasets/graphsdb/mcs50/m4D/m4D/mcs50_m4D_s35.A08 fileNameGt=../../cp2016-max-common-connected-subgraph-paper/datasets/graphsdb/mcs50/m4D/m4D/mcs50_m4D_s35.B08
Reading graphs...
35 :  62
35 :  63
Initializing...
maxdom : 35
D->valSize : 1225
Solving...
currentSize : 14 <-- 0.036532 s
currentSize : 15 <-- 0.036606 s
currentSize : 17 <-- 0.037997 s
currentSize : 18 <-- 0.039817 s
currentSize : 19 <-- 0.049267 s
currentSize : 20 <-- 0.049609 s
currentSize : 21 <-- 0.063171 s
currentSize : 22 <-- 0.135239 s
currentSize : 23 <-- 0.139817 s
currentSize : 24 <-- 0.156858 s
currentSize : 25 <-- 0.427209 s

maxsize : 25
nodes : 5100017.000000
filtered : 160170170.000000
CCGP filtered : 118042026.000000
CCGT filtered : 56780883.000000
time : 60.168362
