Parameters: GAD=1 vflib=1 dir=0 label=0 lowerbound=1 fileNameGp=../../cp2016-max-common-connected-subgraph-paper/datasets/graphsdb/mcs50/m4D/m4D/mcs50_m4D_s40.A05 fileNameGt=../../cp2016-max-common-connected-subgraph-paper/datasets/graphsdb/mcs50/m4D/m4D/mcs50_m4D_s40.B05
Reading graphs...
40 :  71
40 :  71
Initializing...
maxdom : 40
D->valSize : 1600
Solving...
currentSize : 16 <-- 0.036063 s
currentSize : 17 <-- 0.036094 s
currentSize : 18 <-- 0.036770 s
currentSize : 19 <-- 0.036784 s
currentSize : 20 <-- 0.046461 s
currentSize : 21 <-- 0.048891 s
currentSize : 22 <-- 0.052489 s
currentSize : 23 <-- 0.052742 s
currentSize : 24 <-- 0.321262 s
currentSize : 25 <-- 2.539668 s
currentSize : 26 <-- 5.214304 s
currentSize : 27 <-- 14.174803 s
currentSize : 28 <-- 593.360107 s

maxsize : 28
nodes : 55664682.000000
filtered : 1774685118.000000
CCGP filtered : 1460307761.000000
CCGT filtered : 528435438.000000
time : 694.075562
