Parameters: GAD=1 vflib=1 dir=0 label=0 lowerbound=1 fileNameGp=../../cp2016-max-common-connected-subgraph-paper/datasets/graphsdb/mcs50/m4D/m4Dr2/mcs50_m4Dr2_s40.A04 fileNameGt=../../cp2016-max-common-connected-subgraph-paper/datasets/graphsdb/mcs50/m4D/m4Dr2/mcs50_m4Dr2_s40.B04
Reading graphs...
40 :  78
40 :  78
Initializing...
maxdom : 40
D->valSize : 1600
Solving...
currentSize : 17 <-- 0.035792 s
currentSize : 19 <-- 0.035878 s
currentSize : 20 <-- 0.043446 s
currentSize : 21 <-- 0.048682 s
currentSize : 22 <-- 0.374182 s
currentSize : 23 <-- 0.391890 s
currentSize : 24 <-- 0.749969 s
currentSize : 25 <-- 93.405022 s
currentSize : 26 <-- 232.073166 s
currentSize : 27 <-- 410.943970 s

TIMEOUT
maxsize : 27
nodes : 75376584.000000
filtered : 2598349987.000000
CCGP filtered : 1516743821.000000
CCGT filtered : 987620079.000000
time : 1000.000000
