Parameters: GAD=1 vflib=1 dir=0 label=0 lowerbound=1 fileNameGp=../../cp2016-max-common-connected-subgraph-paper/datasets/graphsdb/mcs50/bvg/b06m/mcs50_b06m_s50.A08 fileNameGt=../../cp2016-max-common-connected-subgraph-paper/datasets/graphsdb/mcs50/bvg/b06m/mcs50_b06m_s50.B08
Reading graphs...
50 :  148
50 :  147
Initializing...
maxdom : 50
D->valSize : 2500
Solving...
currentSize : 11 <-- 0.113848 s
currentSize : 14 <-- 0.113937 s
currentSize : 17 <-- 0.114058 s
currentSize : 18 <-- 0.114682 s
currentSize : 20 <-- 0.114806 s
currentSize : 21 <-- 0.116228 s
currentSize : 22 <-- 0.118144 s
currentSize : 23 <-- 0.118273 s
currentSize : 24 <-- 0.144585 s
currentSize : 25 <-- 0.211059 s
currentSize : 26 <-- 0.321735 s
currentSize : 27 <-- 1.794731 s
currentSize : 28 <-- 29.284437 s

TIMEOUT
maxsize : 28
nodes : 62860719.000000
filtered : 1940735254.000000
CCGP filtered : 645474281.000000
CCGT filtered : 717275770.000000
time : 1000.000000
