Parameters: GAD=1 vflib=1 dir=0 label=0 lowerbound=1 fileNameGp=../../cp2016-max-common-connected-subgraph-paper/datasets/graphsdb/mcs50/rand/r005/mcs50_r005_s35.A05 fileNameGt=../../cp2016-max-common-connected-subgraph-paper/datasets/graphsdb/mcs50/rand/r005/mcs50_r005_s35.B05
Reading graphs...
35 :  61
35 :  61
Initializing...
maxdom : 35
D->valSize : 1225
Solving...
currentSize : 14 <-- 0.036269 s
currentSize : 17 <-- 0.038228 s
currentSize : 18 <-- 0.038374 s
currentSize : 19 <-- 0.038881 s
currentSize : 20 <-- 0.039305 s
currentSize : 21 <-- 0.098176 s
currentSize : 22 <-- 0.267374 s
currentSize : 23 <-- 1.334935 s
currentSize : 24 <-- 8.320090 s
currentSize : 25 <-- 18.193691 s

maxsize : 25
nodes : 18382524.000000
filtered : 573308202.000000
CCGP filtered : 165364394.000000
CCGT filtered : 105231946.000000
time : 198.315735
