Parameters: GAD=1 vflib=1 dir=0 label=0 lowerbound=1 fileNameGp=../../cp2016-max-common-connected-subgraph-paper/datasets/graphsdb/mcs50/bvg/b03/mcs50_b03_s40.A01 fileNameGt=../../cp2016-max-common-connected-subgraph-paper/datasets/graphsdb/mcs50/bvg/b03/mcs50_b03_s40.B01
Reading graphs...
40 :  59
40 :  60
Initializing...
maxdom : 40
D->valSize : 1600
Solving...
currentSize : 11 <-- 0.036626 s
currentSize : 13 <-- 0.036699 s
currentSize : 15 <-- 0.036752 s
currentSize : 16 <-- 0.036785 s
currentSize : 20 <-- 0.036827 s
currentSize : 21 <-- 0.037113 s
currentSize : 22 <-- 0.050400 s
currentSize : 24 <-- 0.051284 s
currentSize : 25 <-- 0.123484 s
currentSize : 26 <-- 0.207463 s
currentSize : 27 <-- 0.433024 s
currentSize : 28 <-- 4.077544 s
currentSize : 29 <-- 29.777046 s
currentSize : 30 <-- 93.097733 s

maxsize : 30
nodes : 19916791.000000
filtered : 686381223.000000
CCGP filtered : 499232267.000000
CCGT filtered : 242366032.000000
time : 269.432953
