Parameters: GAD=1 vflib=1 dir=0 label=0 lowerbound=1 fileNameGp=../../cp2016-max-common-connected-subgraph-paper/datasets/graphsdb/mcs50/m4D/m4D/mcs50_m4D_s35.A03 fileNameGt=../../cp2016-max-common-connected-subgraph-paper/datasets/graphsdb/mcs50/m4D/m4D/mcs50_m4D_s35.B03
Reading graphs...
35 :  62
35 :  63
Initializing...
maxdom : 35
D->valSize : 1225
Solving...
currentSize : 19 <-- 0.020498 s
currentSize : 20 <-- 0.022382 s
currentSize : 21 <-- 0.022620 s
currentSize : 22 <-- 0.023307 s
currentSize : 23 <-- 0.027864 s
currentSize : 24 <-- 0.028149 s
currentSize : 25 <-- 0.370980 s
currentSize : 26 <-- 0.371013 s
currentSize : 27 <-- 0.373110 s

maxsize : 27
nodes : 303669.000000
filtered : 12045888.000000
CCGP filtered : 3384318.000000
CCGT filtered : 3207410.000000
time : 3.676280
