Parameters: GAD=1 vflib=1 dir=0 label=0 lowerbound=1 fileNameGp=../../cp2016-max-common-connected-subgraph-paper/datasets/graphsdb/mcs50/m3D/m3Dr2/mcs50_m3Dr2_s50.A09 fileNameGt=../../cp2016-max-common-connected-subgraph-paper/datasets/graphsdb/mcs50/m3D/m3Dr2/mcs50_m3Dr2_s50.B09
Reading graphs...
50 :  119
50 :  116
Initializing...
maxdom : 50
D->valSize : 2500
Solving...
currentSize : 21 <-- 0.093836 s
currentSize : 22 <-- 0.095932 s
currentSize : 23 <-- 0.114937 s
currentSize : 24 <-- 0.119060 s
currentSize : 25 <-- 0.121543 s
currentSize : 26 <-- 0.301763 s
currentSize : 27 <-- 0.568889 s
currentSize : 28 <-- 0.790309 s
currentSize : 29 <-- 0.810008 s
currentSize : 30 <-- 116.690376 s
currentSize : 31 <-- 309.667816 s

TIMEOUT
maxsize : 31
nodes : 71357444.000000
filtered : 2131566747.000000
CCGP filtered : 344462725.000000
CCGT filtered : 253848453.000000
time : 1000.000061
