Parameters: GAD=1 vflib=1 dir=0 label=0 lowerbound=1 fileNameGp=../../cp2016-max-common-connected-subgraph-paper/datasets/graphsdb/mcs50/m4D/m4Dr2/mcs50_m4Dr2_s35.A09 fileNameGt=../../cp2016-max-common-connected-subgraph-paper/datasets/graphsdb/mcs50/m4D/m4Dr2/mcs50_m4Dr2_s35.B09
Reading graphs...
35 :  69
35 :  66
Initializing...
maxdom : 35
D->valSize : 1225
Solving...
currentSize : 17 <-- 0.020418 s
currentSize : 18 <-- 0.023982 s
currentSize : 19 <-- 0.689566 s
currentSize : 20 <-- 0.907226 s
currentSize : 21 <-- 10.009471 s
currentSize : 22 <-- 10.042304 s
currentSize : 23 <-- 17.986397 s
currentSize : 24 <-- 30.032980 s
currentSize : 25 <-- 100.919975 s

maxsize : 25
nodes : 9806851.000000
filtered : 278600061.000000
CCGP filtered : 136049491.000000
CCGT filtered : 88581849.000000
time : 107.348785
