Parameters: GAD=1 vflib=1 dir=0 label=0 lowerbound=1 fileNameGp=../../cp2016-max-common-connected-subgraph-paper/datasets/graphsdb/mcs50/m4D/m4D/mcs50_m4D_s30.A07 fileNameGt=../../cp2016-max-common-connected-subgraph-paper/datasets/graphsdb/mcs50/m4D/m4D/mcs50_m4D_s30.B07
Reading graphs...
30 :  55
30 :  53
Initializing...
maxdom : 30
D->valSize : 900
Solving...
currentSize : 8 <-- 0.018900 s
currentSize : 11 <-- 0.019041 s
currentSize : 12 <-- 0.019843 s
currentSize : 14 <-- 0.021208 s
currentSize : 16 <-- 0.021944 s
currentSize : 17 <-- 0.023290 s
currentSize : 18 <-- 0.098973 s
currentSize : 19 <-- 0.367921 s
currentSize : 20 <-- 3.013504 s
currentSize : 21 <-- 3.667510 s

maxsize : 21
nodes : 870552.000000
filtered : 19205657.000000
CCGP filtered : 19576792.000000
CCGT filtered : 9698785.000000
time : 8.423589
