Parameters: GAD=1 vflib=1 dir=0 label=0 lowerbound=1 fileNameGp=../../cp2016-max-common-connected-subgraph-paper/datasets/graphsdb/mcs50/m2D/m2Dr4/mcs50_m2Dr4_s40.A09 fileNameGt=../../cp2016-max-common-connected-subgraph-paper/datasets/graphsdb/mcs50/m2D/m2Dr4/mcs50_m2Dr4_s40.B09
Reading graphs...
40 :  82
40 :  80
Initializing...
maxdom : 40
D->valSize : 1600
Solving...
currentSize : 17 <-- 0.035515 s
currentSize : 18 <-- 0.035812 s
currentSize : 19 <-- 0.047188 s
currentSize : 20 <-- 0.047959 s
currentSize : 21 <-- 0.056661 s
currentSize : 22 <-- 0.124932 s
currentSize : 23 <-- 0.271185 s
currentSize : 24 <-- 0.753649 s
currentSize : 25 <-- 11.194431 s
currentSize : 26 <-- 60.859081 s

TIMEOUT
maxsize : 26
nodes : 83748310.000000
filtered : 2467687232.000000
CCGP filtered : 569976253.000000
CCGT filtered : 425612274.000000
time : 1000.000061
