Parameters: GAD=1 vflib=1 dir=0 label=0 lowerbound=1 fileNameGp=../../cp2016-max-common-connected-subgraph-paper/datasets/graphsdb/mcs50/m2D/m2Dr4/mcs50_m2Dr4_s40.A00 fileNameGt=../../cp2016-max-common-connected-subgraph-paper/datasets/graphsdb/mcs50/m2D/m2Dr4/mcs50_m2Dr4_s40.B00
Reading graphs...
40 :  81
40 :  81
Initializing...
maxdom : 40
D->valSize : 1600
Solving...
currentSize : 16 <-- 0.035453 s
currentSize : 17 <-- 0.035581 s
currentSize : 18 <-- 0.035795 s
currentSize : 19 <-- 0.037045 s
currentSize : 20 <-- 0.038375 s
currentSize : 21 <-- 0.038879 s
currentSize : 22 <-- 0.133808 s
currentSize : 23 <-- 0.315308 s
currentSize : 24 <-- 1.839692 s
currentSize : 25 <-- 6.107276 s

TIMEOUT
maxsize : 25
nodes : 84381939.000000
filtered : 2116122938.000000
CCGP filtered : 695539983.000000
CCGT filtered : 372734087.000000
time : 1000.000000
