Parameters: GAD=1 vflib=1 dir=0 label=0 lowerbound=1 fileNameGp=../../cp2016-max-common-connected-subgraph-paper/datasets/graphsdb/mcs50/m2D/m2Dr2/mcs50_m2Dr2_s40.A04 fileNameGt=../../cp2016-max-common-connected-subgraph-paper/datasets/graphsdb/mcs50/m2D/m2Dr2/mcs50_m2Dr2_s40.B04
Reading graphs...
40 :  75
40 :  74
Initializing...
maxdom : 40
D->valSize : 1600
Solving...
currentSize : 17 <-- 0.035876 s
currentSize : 18 <-- 0.036441 s
currentSize : 19 <-- 0.036571 s
currentSize : 21 <-- 0.038913 s
currentSize : 22 <-- 0.039545 s
currentSize : 23 <-- 0.041923 s
currentSize : 24 <-- 0.573789 s
currentSize : 25 <-- 9.389570 s
currentSize : 26 <-- 17.268692 s
currentSize : 27 <-- 163.482697 s

TIMEOUT
maxsize : 27
nodes : 76114580.000000
filtered : 2422842709.000000
CCGP filtered : 1014787788.000000
CCGT filtered : 932095430.000000
time : 1000.000000
