Parameters: GAD=1 vflib=1 dir=0 label=0 lowerbound=1 fileNameGp=../../cp2016-max-common-connected-subgraph-paper/datasets/graphsdb/mcs50/bvg/b03m/mcs50_b03m_s30.A07 fileNameGt=../../cp2016-max-common-connected-subgraph-paper/datasets/graphsdb/mcs50/bvg/b03m/mcs50_b03m_s30.B07
Reading graphs...
30 :  45
30 :  45
Initializing...
maxdom : 30
D->valSize : 900
Solving...
currentSize : 14 <-- 0.011062 s
currentSize : 15 <-- 0.011127 s
currentSize : 16 <-- 0.011171 s
currentSize : 17 <-- 0.011324 s
currentSize : 18 <-- 0.011530 s
currentSize : 19 <-- 0.011764 s
currentSize : 20 <-- 0.072221 s
currentSize : 21 <-- 5.437611 s
currentSize : 22 <-- 7.390053 s

maxsize : 22
nodes : 1655818.000000
filtered : 37621940.000000
CCGP filtered : 19991054.000000
CCGT filtered : 19088843.000000
time : 16.192682
