Parameters: GAD=1 vflib=1 dir=0 label=0 lowerbound=1 fileNameGp=../../cp2016-max-common-connected-subgraph-paper/datasets/graphsdb/mcs50/rand/r005/mcs50_r005_s50.A04 fileNameGt=../../cp2016-max-common-connected-subgraph-paper/datasets/graphsdb/mcs50/rand/r005/mcs50_r005_s50.B04
Reading graphs...
50 :  120
50 :  120
Initializing...
maxdom : 50
D->valSize : 2500
Solving...
currentSize : 21 <-- 0.094036 s
currentSize : 22 <-- 0.094369 s
currentSize : 23 <-- 0.104083 s
currentSize : 24 <-- 0.104159 s
currentSize : 25 <-- 0.276349 s
currentSize : 26 <-- 3.067704 s
currentSize : 27 <-- 6.627932 s
currentSize : 28 <-- 14.547391 s
currentSize : 29 <-- 206.937012 s
currentSize : 30 <-- 513.601318 s

TIMEOUT
maxsize : 30
nodes : 62897258.000000
filtered : 1698943184.000000
CCGP filtered : 552002446.000000
CCGT filtered : 691601222.000000
time : 1000.000061
