Parameters: GAD=1 vflib=1 dir=0 label=0 lowerbound=1 fileNameGp=../../cp2016-max-common-connected-subgraph-paper/datasets/graphsdb/mcs50/bvg/b03/mcs50_b03_s35.A01 fileNameGt=../../cp2016-max-common-connected-subgraph-paper/datasets/graphsdb/mcs50/bvg/b03/mcs50_b03_s35.B01
Reading graphs...
35 :  52
35 :  52
Initializing...
maxdom : 35
D->valSize : 1225
Solving...
currentSize : 13 <-- 0.036515 s
currentSize : 14 <-- 0.036582 s
currentSize : 15 <-- 0.036728 s
currentSize : 16 <-- 0.037062 s
currentSize : 17 <-- 0.037542 s
currentSize : 18 <-- 0.039821 s
currentSize : 19 <-- 0.042377 s
currentSize : 20 <-- 0.045181 s
currentSize : 21 <-- 0.070397 s
currentSize : 22 <-- 0.099165 s
currentSize : 23 <-- 0.200067 s
currentSize : 24 <-- 5.453153 s
currentSize : 25 <-- 13.738377 s

maxsize : 25
nodes : 7123336.000000
filtered : 184745721.000000
CCGP filtered : 153524454.000000
CCGT filtered : 75922477.000000
time : 77.024178
