Parameters: GAD=1 vflib=1 dir=0 label=0 lowerbound=1 fileNameGp=../../cp2016-max-common-connected-subgraph-paper/datasets/graphsdb/mcs50/m4D/m4Dr2/mcs50_m4Dr2_s40.A01 fileNameGt=../../cp2016-max-common-connected-subgraph-paper/datasets/graphsdb/mcs50/m4D/m4Dr2/mcs50_m4Dr2_s40.B01
Reading graphs...
40 :  79
40 :  79
Initializing...
maxdom : 40
D->valSize : 1600
Solving...
currentSize : 15 <-- 0.054882 s
currentSize : 16 <-- 0.054924 s
currentSize : 20 <-- 0.055051 s
currentSize : 21 <-- 0.221582 s
currentSize : 22 <-- 0.873092 s
currentSize : 23 <-- 1.922069 s
currentSize : 24 <-- 3.658464 s
currentSize : 25 <-- 8.387877 s
currentSize : 26 <-- 161.479050 s
currentSize : 27 <-- 480.091125 s

TIMEOUT
maxsize : 27
nodes : 78820013.000000
filtered : 2473704979.000000
CCGP filtered : 1031000010.000000
CCGT filtered : 732449883.000000
time : 1000.000000
