Parameters: GAD=1 vflib=1 dir=0 label=0 lowerbound=1 fileNameGp=../../cp2016-max-common-connected-subgraph-paper/datasets/graphsdb/mcs50/bvg/b03/mcs50_b03_s50.A09 fileNameGt=../../cp2016-max-common-connected-subgraph-paper/datasets/graphsdb/mcs50/bvg/b03/mcs50_b03_s50.B09
Reading graphs...
50 :  75
50 :  75
Initializing...
maxdom : 50
D->valSize : 2500
Solving...
currentSize : 20 <-- 0.097869 s
currentSize : 21 <-- 0.097999 s
currentSize : 22 <-- 0.098308 s
currentSize : 24 <-- 0.098800 s
currentSize : 25 <-- 0.099143 s
currentSize : 26 <-- 0.100782 s
currentSize : 27 <-- 0.553695 s
currentSize : 28 <-- 1.973873 s
currentSize : 29 <-- 3.220573 s
currentSize : 30 <-- 9.539902 s
currentSize : 31 <-- 18.835304 s
currentSize : 32 <-- 140.617340 s
currentSize : 33 <-- 665.083191 s

TIMEOUT
maxsize : 33
nodes : 66678544.000000
filtered : 2006353122.000000
CCGP filtered : 2110953565.000000
CCGT filtered : 1069868396.000000
time : 1000.000061
