Parameters: GAD=1 vflib=1 dir=0 label=0 lowerbound=1 fileNameGp=../../cp2016-max-common-connected-subgraph-paper/datasets/graphsdb/mcs50/m4D/m4D/mcs50_m4D_s40.A01 fileNameGt=../../cp2016-max-common-connected-subgraph-paper/datasets/graphsdb/mcs50/m4D/m4D/mcs50_m4D_s40.B01
Reading graphs...
40 :  71
40 :  69
Initializing...
maxdom : 40
D->valSize : 1600
Solving...
currentSize : 17 <-- 0.062921 s
currentSize : 18 <-- 0.062997 s
currentSize : 19 <-- 0.063530 s
currentSize : 20 <-- 0.064999 s
currentSize : 21 <-- 0.242684 s
currentSize : 22 <-- 0.629297 s
currentSize : 23 <-- 1.091427 s
currentSize : 24 <-- 1.422178 s
currentSize : 25 <-- 1.633434 s
currentSize : 26 <-- 8.059450 s
currentSize : 27 <-- 41.736858 s
currentSize : 28 <-- 41.739414 s

maxsize : 28
nodes : 24741547.000000
filtered : 859362054.000000
CCGP filtered : 598762287.000000
CCGT filtered : 489323308.000000
time : 338.772614
