Parameters: GAD=1 vflib=1 dir=0 label=0 lowerbound=1 fileNameGp=../../cp2016-max-common-connected-subgraph-paper/datasets/graphsdb/mcs50/m2D/m2Dr2/mcs50_m2Dr2_s30.A06 fileNameGt=../../cp2016-max-common-connected-subgraph-paper/datasets/graphsdb/mcs50/m2D/m2Dr2/mcs50_m2Dr2_s30.B06
Reading graphs...
30 :  54
30 :  53
Initializing...
maxdom : 30
D->valSize : 900
Solving...
currentSize : 13 <-- 0.011299 s
currentSize : 14 <-- 0.011574 s
currentSize : 15 <-- 0.011942 s
currentSize : 16 <-- 0.012613 s
currentSize : 17 <-- 0.016027 s
currentSize : 18 <-- 0.058679 s
currentSize : 19 <-- 0.448458 s
currentSize : 20 <-- 3.515852 s
currentSize : 21 <-- 12.510478 s

maxsize : 21
nodes : 3013265.000000
filtered : 74795075.000000
CCGP filtered : 27492828.000000
CCGT filtered : 16588402.000000
time : 28.347391
