Parameters: GAD=1 vflib=1 dir=0 label=0 lowerbound=1 fileNameGp=../../cp2016-max-common-connected-subgraph-paper/datasets/graphsdb/mcs50/m4D/m4Dr4/mcs50_m4Dr4_s35.A09 fileNameGt=../../cp2016-max-common-connected-subgraph-paper/datasets/graphsdb/mcs50/m4D/m4Dr4/mcs50_m4Dr4_s35.B09
Reading graphs...
35 :  75
35 :  75
Initializing...
maxdom : 35
D->valSize : 1225
Solving...
currentSize : 11 <-- 0.035097 s
currentSize : 16 <-- 0.035275 s
currentSize : 17 <-- 0.035506 s
currentSize : 18 <-- 0.036710 s
currentSize : 19 <-- 0.054567 s
currentSize : 20 <-- 0.057924 s
currentSize : 21 <-- 0.123675 s
currentSize : 22 <-- 1.089988 s
currentSize : 23 <-- 24.384762 s

maxsize : 23
nodes : 31954582.000000
filtered : 1046649756.000000
CCGP filtered : 306750695.000000
CCGT filtered : 167661428.000000
time : 364.277283
