Parameters: GAD=1 vflib=1 dir=0 label=0 lowerbound=1 fileNameGp=../../cp2016-max-common-connected-subgraph-paper/datasets/graphsdb/mcs50/m4D/m4Dr6/mcs50_m4Dr6_s35.A08 fileNameGt=../../cp2016-max-common-connected-subgraph-paper/datasets/graphsdb/mcs50/m4D/m4Dr6/mcs50_m4Dr6_s35.B08
Reading graphs...
35 :  83
35 :  81
Initializing...
maxdom : 35
D->valSize : 1225
Solving...
currentSize : 14 <-- 0.019806 s
currentSize : 15 <-- 0.019838 s
currentSize : 16 <-- 0.019939 s
currentSize : 17 <-- 0.033635 s
currentSize : 18 <-- 0.435846 s
currentSize : 19 <-- 1.379740 s
currentSize : 20 <-- 12.475715 s
currentSize : 21 <-- 21.972109 s
currentSize : 22 <-- 95.565643 s

maxsize : 22
nodes : 36139068.000000
filtered : 1080890420.000000
CCGP filtered : 261362902.000000
CCGT filtered : 251844159.000000
time : 427.172760
