Parameters: GAD=1 vflib=1 dir=0 label=0 lowerbound=1 fileNameGp=../../cp2016-max-common-connected-subgraph-paper/datasets/graphsdb/mcs50/bvg/b03m/mcs50_b03m_s40.A09 fileNameGt=../../cp2016-max-common-connected-subgraph-paper/datasets/graphsdb/mcs50/bvg/b03m/mcs50_b03m_s40.B09
Reading graphs...
40 :  59
40 :  59
Initializing...
maxdom : 40
D->valSize : 1600
Solving...
currentSize : 19 <-- 0.036946 s
currentSize : 21 <-- 0.037030 s
currentSize : 22 <-- 0.037052 s
currentSize : 24 <-- 0.038195 s
currentSize : 25 <-- 0.094955 s
currentSize : 26 <-- 0.094998 s
currentSize : 27 <-- 5.581760 s
currentSize : 28 <-- 9.763757 s
currentSize : 29 <-- 206.278305 s

maxsize : 29
nodes : 60117349.000000
filtered : 2053825142.000000
CCGP filtered : 1588571802.000000
CCGT filtered : 826229753.000000
time : 798.136536
