Parameters: GAD=1 vflib=1 dir=0 label=0 lowerbound=1 fileNameGp=../../cp2016-max-common-connected-subgraph-paper/datasets/graphsdb/mcs50/bvg/b09/mcs50_b09_s40.A05 fileNameGt=../../cp2016-max-common-connected-subgraph-paper/datasets/graphsdb/mcs50/bvg/b09/mcs50_b09_s40.B05
Reading graphs...
40 :  177
40 :  176
Initializing...
maxdom : 40
D->valSize : 1600
Solving...
currentSize : 11 <-- 0.054638 s
currentSize : 13 <-- 0.054696 s
currentSize : 14 <-- 0.055384 s
currentSize : 15 <-- 0.056709 s
currentSize : 16 <-- 0.061382 s
currentSize : 17 <-- 0.072221 s
currentSize : 18 <-- 0.307693 s
currentSize : 19 <-- 3.246256 s
currentSize : 20 <-- 3.293227 s
currentSize : 21 <-- 71.450462 s
currentSize : 22 <-- 71.732018 s

TIMEOUT
maxsize : 22
nodes : 72097287.000000
filtered : 2024681062.000000
CCGP filtered : 13189105.000000
CCGT filtered : 34588267.000000
time : 1000.000000
