Parameters: GAD=1 vflib=1 dir=0 label=0 lowerbound=1 fileNameGp=../../cp2016-max-common-connected-subgraph-paper/datasets/graphsdb/mcs50/m4D/m4Dr4/mcs50_m4Dr4_s30.A04 fileNameGt=../../cp2016-max-common-connected-subgraph-paper/datasets/graphsdb/mcs50/m4D/m4Dr4/mcs50_m4Dr4_s30.B04
Reading graphs...
30 :  65
30 :  66
Initializing...
maxdom : 30
D->valSize : 900
Solving...
currentSize : 12 <-- 0.018421 s
currentSize : 13 <-- 0.019078 s
currentSize : 14 <-- 0.019349 s
currentSize : 15 <-- 0.019513 s
currentSize : 16 <-- 0.020577 s
currentSize : 17 <-- 0.034284 s
currentSize : 18 <-- 0.311603 s
currentSize : 19 <-- 3.156285 s
currentSize : 20 <-- 9.665874 s

maxsize : 20
nodes : 3592287.000000
filtered : 99171551.000000
CCGP filtered : 21762792.000000
CCGT filtered : 15687821.000000
time : 35.929577
