Parameters: GAD=1 vflib=1 dir=0 label=0 lowerbound=1 fileNameGp=../../cp2016-max-common-connected-subgraph-paper/datasets/graphsdb/mcs50/bvg/b03/mcs50_b03_s25.A00 fileNameGt=../../cp2016-max-common-connected-subgraph-paper/datasets/graphsdb/mcs50/bvg/b03/mcs50_b03_s25.B00
Reading graphs...
25 :  37
25 :  37
Initializing...
maxdom : 25
D->valSize : 625
Solving...
currentSize : 8 <-- 0.009159 s
currentSize : 9 <-- 0.009192 s
currentSize : 11 <-- 0.009249 s
currentSize : 12 <-- 0.009267 s
currentSize : 13 <-- 0.009824 s
currentSize : 14 <-- 0.009873 s
currentSize : 15 <-- 0.012968 s
currentSize : 16 <-- 0.025420 s
currentSize : 17 <-- 0.026510 s
currentSize : 18 <-- 0.491394 s
currentSize : 19 <-- 0.800674 s

maxsize : 19
nodes : 183241.000000
filtered : 3527071.000000
CCGP filtered : 1608099.000000
CCGT filtered : 953177.000000
time : 1.489908
