Parameters: GAD=1 vflib=1 dir=0 label=0 lowerbound=1 fileNameGp=../../cp2016-max-common-connected-subgraph-paper/datasets/graphsdb/mcs50/m2D/m2Dr4/mcs50_m2Dr4_s50.A05 fileNameGt=../../cp2016-max-common-connected-subgraph-paper/datasets/graphsdb/mcs50/m2D/m2Dr4/mcs50_m2Dr4_s50.B05
Reading graphs...
50 :  103
50 :  103
Initializing...
maxdom : 50
D->valSize : 2500
Solving...
currentSize : 15 <-- 0.095183 s
currentSize : 18 <-- 0.095547 s
currentSize : 19 <-- 0.095685 s
currentSize : 20 <-- 0.098260 s
currentSize : 22 <-- 0.135259 s
currentSize : 23 <-- 0.135400 s
currentSize : 24 <-- 0.136916 s
currentSize : 25 <-- 0.150951 s
currentSize : 26 <-- 0.151427 s
currentSize : 27 <-- 1.163767 s
currentSize : 28 <-- 33.298740 s
currentSize : 29 <-- 35.490692 s
currentSize : 30 <-- 680.961182 s

TIMEOUT
maxsize : 30
nodes : 72275338.000000
filtered : 1833080602.000000
CCGP filtered : 1092394254.000000
CCGT filtered : 593428582.000000
time : 1000.000000
