Parameters: GAD=1 vflib=1 dir=0 label=0 lowerbound=1 fileNameGp=../../cp2016-max-common-connected-subgraph-paper/datasets/graphsdb/mcs50/m4D/m4Dr6/mcs50_m4Dr6_s30.A03 fileNameGt=../../cp2016-max-common-connected-subgraph-paper/datasets/graphsdb/mcs50/m4D/m4Dr6/mcs50_m4Dr6_s30.B03
Reading graphs...
30 :  73
30 :  72
Initializing...
maxdom : 30
D->valSize : 900
Solving...
currentSize : 12 <-- 0.010677 s
currentSize : 13 <-- 0.011244 s
currentSize : 14 <-- 0.021733 s
currentSize : 15 <-- 0.168650 s
currentSize : 16 <-- 0.169618 s
currentSize : 17 <-- 0.879164 s
currentSize : 18 <-- 2.498709 s
currentSize : 19 <-- 5.974595 s
currentSize : 20 <-- 8.719989 s
currentSize : 21 <-- 20.251822 s

maxsize : 21
nodes : 2549539.000000
filtered : 62494024.000000
CCGP filtered : 25397230.000000
CCGT filtered : 9533195.000000
time : 24.630632
