Parameters: GAD=1 vflib=1 dir=0 label=0 lowerbound=1 fileNameGp=../../cp2016-max-common-connected-subgraph-paper/datasets/graphsdb/mcs50/m4D/m4D/mcs50_m4D_s30.A02 fileNameGt=../../cp2016-max-common-connected-subgraph-paper/datasets/graphsdb/mcs50/m4D/m4D/mcs50_m4D_s30.B02
Reading graphs...
30 :  55
30 :  55
Initializing...
maxdom : 30
D->valSize : 900
Solving...
currentSize : 11 <-- 0.019080 s
currentSize : 12 <-- 0.019438 s
currentSize : 13 <-- 0.020122 s
currentSize : 14 <-- 0.020149 s
currentSize : 15 <-- 0.020544 s
currentSize : 16 <-- 0.028419 s
currentSize : 17 <-- 0.059385 s
currentSize : 18 <-- 0.134123 s
currentSize : 19 <-- 0.183395 s
currentSize : 20 <-- 0.390924 s
currentSize : 21 <-- 0.558718 s
currentSize : 22 <-- 0.887975 s

maxsize : 22
nodes : 439483.000000
filtered : 11332189.000000
CCGP filtered : 9019056.000000
CCGT filtered : 5034020.000000
time : 4.558194
