Parameters: GAD=1 vflib=1 dir=0 label=0 lowerbound=1 fileNameGp=../../cp2016-max-common-connected-subgraph-paper/datasets/graphsdb/mcs50/m4D/m4Dr4/mcs50_m4Dr4_s40.A00 fileNameGt=../../cp2016-max-common-connected-subgraph-paper/datasets/graphsdb/mcs50/m4D/m4Dr4/mcs50_m4Dr4_s40.B00
Reading graphs...
40 :  86
40 :  85
Initializing...
maxdom : 40
D->valSize : 1600
Solving...
currentSize : 14 <-- 0.063207 s
currentSize : 15 <-- 0.063495 s
currentSize : 17 <-- 0.063693 s
currentSize : 18 <-- 0.063945 s
currentSize : 19 <-- 0.081335 s
currentSize : 20 <-- 0.165890 s
currentSize : 21 <-- 0.329981 s
currentSize : 22 <-- 1.090517 s
currentSize : 23 <-- 3.013185 s
currentSize : 24 <-- 15.256948 s
currentSize : 25 <-- 31.911188 s
currentSize : 26 <-- 203.225967 s

TIMEOUT
maxsize : 26
nodes : 79478591.000000
filtered : 2441386195.000000
CCGP filtered : 794979083.000000
CCGT filtered : 631069324.000000
time : 1000.000000
