Parameters: GAD=1 vflib=1 dir=0 label=0 lowerbound=1 fileNameGp=../../cp2016-max-common-connected-subgraph-paper/datasets/graphsdb/mcs50/bvg/b03/mcs50_b03_s40.A07 fileNameGt=../../cp2016-max-common-connected-subgraph-paper/datasets/graphsdb/mcs50/bvg/b03/mcs50_b03_s40.B07
Reading graphs...
40 :  60
40 :  59
Initializing...
maxdom : 40
D->valSize : 1600
Solving...
currentSize : 18 <-- 0.062493 s
currentSize : 19 <-- 0.062564 s
currentSize : 20 <-- 0.063243 s
currentSize : 21 <-- 0.079408 s
currentSize : 22 <-- 0.082891 s
currentSize : 23 <-- 0.083194 s
currentSize : 24 <-- 0.105573 s
currentSize : 25 <-- 0.106796 s
currentSize : 26 <-- 0.113132 s
currentSize : 27 <-- 0.113504 s
currentSize : 28 <-- 0.389064 s
currentSize : 29 <-- 6.659095 s

maxsize : 29
nodes : 31296111.000000
filtered : 1077255077.000000
CCGP filtered : 737702701.000000
CCGT filtered : 492527632.000000
time : 428.138947
