Parameters: GAD=1 vflib=1 dir=0 label=0 lowerbound=1 fileNameGp=../../cp2016-max-common-connected-subgraph-paper/datasets/graphsdb/mcs50/bvg/b03m/mcs50_b03m_s30.A02 fileNameGt=../../cp2016-max-common-connected-subgraph-paper/datasets/graphsdb/mcs50/bvg/b03m/mcs50_b03m_s30.B02
Reading graphs...
30 :  44
30 :  44
Initializing...
maxdom : 30
D->valSize : 900
Solving...
currentSize : 9 <-- 0.018698 s
currentSize : 11 <-- 0.018786 s
currentSize : 12 <-- 0.018813 s
currentSize : 13 <-- 0.019143 s
currentSize : 14 <-- 0.019242 s
currentSize : 15 <-- 0.019638 s
currentSize : 16 <-- 0.019654 s
currentSize : 18 <-- 0.020092 s
currentSize : 19 <-- 0.149930 s
currentSize : 20 <-- 0.262941 s
currentSize : 21 <-- 0.447655 s
currentSize : 22 <-- 0.596361 s

maxsize : 22
nodes : 488302.000000
filtered : 14341346.000000
CCGP filtered : 8281452.000000
CCGT filtered : 7177108.000000
time : 5.227593
