Parameters: GAD=1 vflib=1 dir=0 label=0 lowerbound=1 fileNameGp=../../cp2016-max-common-connected-subgraph-paper/datasets/graphsdb/mcs50/bvg/b03m/mcs50_b03m_s40.A03 fileNameGt=../../cp2016-max-common-connected-subgraph-paper/datasets/graphsdb/mcs50/bvg/b03m/mcs50_b03m_s40.B03
Reading graphs...
40 :  58
40 :  58
Initializing...
maxdom : 40
D->valSize : 1600
Solving...
currentSize : 19 <-- 0.042640 s
currentSize : 20 <-- 0.042764 s
currentSize : 21 <-- 0.049851 s
currentSize : 22 <-- 0.081321 s
currentSize : 23 <-- 0.081867 s
currentSize : 24 <-- 0.114918 s
currentSize : 25 <-- 2.900053 s
currentSize : 26 <-- 4.807945 s
currentSize : 27 <-- 12.523884 s
currentSize : 28 <-- 12.861834 s
currentSize : 29 <-- 12.865034 s

maxsize : 29
nodes : 54784480.000000
filtered : 1737313437.000000
CCGP filtered : 1507367403.000000
CCGT filtered : 792928112.000000
time : 711.887756
