Parameters: GAD=1 vflib=1 dir=0 label=0 lowerbound=1 fileNameGp=../../cp2016-max-common-connected-subgraph-paper/datasets/graphsdb/mcs50/m4D/m4Dr4/mcs50_m4Dr4_s35.A03 fileNameGt=../../cp2016-max-common-connected-subgraph-paper/datasets/graphsdb/mcs50/m4D/m4Dr4/mcs50_m4Dr4_s35.B03
Reading graphs...
35 :  75
35 :  75
Initializing...
maxdom : 35
D->valSize : 1225
Solving...
currentSize : 15 <-- 0.020045 s
currentSize : 16 <-- 0.020813 s
currentSize : 17 <-- 0.025940 s
currentSize : 18 <-- 0.031649 s
currentSize : 19 <-- 0.409924 s
currentSize : 20 <-- 1.380573 s
currentSize : 21 <-- 5.956749 s
currentSize : 22 <-- 18.641048 s
currentSize : 23 <-- 24.662155 s

maxsize : 23
nodes : 36297096.000000
filtered : 1114223560.000000
CCGP filtered : 242147879.000000
CCGT filtered : 217699858.000000
time : 410.057129
