Parameters: GAD=1 vflib=1 dir=0 label=0 lowerbound=1 fileNameGp=../../cp2016-max-common-connected-subgraph-paper/datasets/graphsdb/mcs50/bvg/b03m/mcs50_b03m_s40.A00 fileNameGt=../../cp2016-max-common-connected-subgraph-paper/datasets/graphsdb/mcs50/bvg/b03m/mcs50_b03m_s40.B00
Reading graphs...
40 :  60
40 :  60
Initializing...
maxdom : 40
D->valSize : 1600
Solving...
currentSize : 15 <-- 0.037001 s
currentSize : 16 <-- 0.037093 s
currentSize : 17 <-- 0.037249 s
currentSize : 18 <-- 0.037557 s
currentSize : 19 <-- 0.065477 s
currentSize : 20 <-- 0.534324 s
currentSize : 21 <-- 0.933980 s
currentSize : 22 <-- 0.936471 s
currentSize : 23 <-- 0.968555 s
currentSize : 24 <-- 1.053972 s
currentSize : 25 <-- 8.094150 s
currentSize : 26 <-- 28.831041 s
currentSize : 27 <-- 77.052048 s
currentSize : 28 <-- 82.156204 s
currentSize : 29 <-- 353.003265 s

maxsize : 29
nodes : 48935338.000000
filtered : 1550733503.000000
CCGP filtered : 1044966446.000000
CCGT filtered : 596156333.000000
time : 609.715393
