Parameters: GAD=1 vflib=1 dir=0 label=0 lowerbound=1 fileNameGp=../../cp2016-max-common-connected-subgraph-paper/datasets/graphsdb/mcs50/m4D/m4Dr4/mcs50_m4Dr4_s40.A07 fileNameGt=../../cp2016-max-common-connected-subgraph-paper/datasets/graphsdb/mcs50/m4D/m4Dr4/mcs50_m4Dr4_s40.B07
Reading graphs...
40 :  83
40 :  85
Initializing...
maxdom : 40
D->valSize : 1600
Solving...
currentSize : 17 <-- 0.061452 s
currentSize : 19 <-- 0.062059 s
currentSize : 20 <-- 0.062876 s
currentSize : 21 <-- 0.064764 s
currentSize : 22 <-- 0.065118 s
currentSize : 23 <-- 0.107024 s
currentSize : 24 <-- 0.721419 s
currentSize : 25 <-- 3.975557 s
currentSize : 26 <-- 53.213268 s
currentSize : 27 <-- 487.797516 s

TIMEOUT
maxsize : 27
nodes : 75707733.000000
filtered : 2502735726.000000
CCGP filtered : 583422199.000000
CCGT filtered : 472308055.000000
time : 1000.000000
