Parameters: GAD=1 vflib=1 dir=0 label=0 lowerbound=1 fileNameGp=../../cp2016-max-common-connected-subgraph-paper/datasets/graphsdb/mcs50/bvg/b03/mcs50_b03_s50.A00 fileNameGt=../../cp2016-max-common-connected-subgraph-paper/datasets/graphsdb/mcs50/bvg/b03/mcs50_b03_s50.B00
Reading graphs...
50 :  75
50 :  74
Initializing...
maxdom : 50
D->valSize : 2500
Solving...
currentSize : 20 <-- 0.097848 s
currentSize : 21 <-- 0.098013 s
currentSize : 22 <-- 0.098042 s
currentSize : 23 <-- 0.098223 s
currentSize : 24 <-- 0.100054 s
currentSize : 25 <-- 0.103407 s
currentSize : 26 <-- 0.143964 s
currentSize : 27 <-- 0.557721 s
currentSize : 29 <-- 0.594517 s
currentSize : 30 <-- 1.778537 s
currentSize : 31 <-- 5.569243 s
currentSize : 32 <-- 21.886992 s
currentSize : 33 <-- 22.208042 s
currentSize : 34 <-- 24.860247 s

TIMEOUT
maxsize : 34
nodes : 61623475.000000
filtered : 2016764891.000000
CCGP filtered : 1645058192.000000
CCGT filtered : 1429799720.000000
time : 1000.000061
