Parameters: GAD=1 vflib=1 dir=0 label=0 lowerbound=1 fileNameGp=../../cp2016-max-common-connected-subgraph-paper/datasets/graphsdb/mcs50/bvg/b03m/mcs50_b03m_s30.A06 fileNameGt=../../cp2016-max-common-connected-subgraph-paper/datasets/graphsdb/mcs50/bvg/b03m/mcs50_b03m_s30.B06
Reading graphs...
30 :  44
30 :  42
Initializing...
maxdom : 30
D->valSize : 900
Solving...
currentSize : 10 <-- 0.012040 s
currentSize : 11 <-- 0.012073 s
currentSize : 12 <-- 0.012090 s
currentSize : 15 <-- 0.012218 s
currentSize : 16 <-- 0.025936 s
currentSize : 17 <-- 0.037024 s
currentSize : 18 <-- 0.142377 s
currentSize : 19 <-- 0.244389 s
currentSize : 20 <-- 1.867414 s
currentSize : 21 <-- 2.103894 s
currentSize : 22 <-- 2.953420 s

maxsize : 22
nodes : 592938.000000
filtered : 13060038.000000
CCGP filtered : 10172379.000000
CCGT filtered : 8507389.000000
time : 5.653457
