Parameters: GAD=1 vflib=1 dir=0 label=0 lowerbound=1 fileNameGp=../../cp2016-max-common-connected-subgraph-paper/datasets/graphsdb/mcs50/m2D/m2D/mcs50_m2D_s30.A07 fileNameGt=../../cp2016-max-common-connected-subgraph-paper/datasets/graphsdb/mcs50/m2D/m2D/mcs50_m2D_s30.B07
Reading graphs...
30 :  47
30 :  48
Initializing...
maxdom : 30
D->valSize : 900
Solving...
currentSize : 13 <-- 0.019263 s
currentSize : 14 <-- 0.019456 s
currentSize : 15 <-- 0.019498 s
currentSize : 16 <-- 0.019888 s
currentSize : 17 <-- 0.020231 s
currentSize : 19 <-- 0.020267 s
currentSize : 20 <-- 0.104226 s
currentSize : 21 <-- 0.157632 s
currentSize : 22 <-- 7.192909 s

maxsize : 22
nodes : 1607211.000000
filtered : 41148648.000000
CCGP filtered : 20778111.000000
CCGT filtered : 9125677.000000
time : 14.688252
