Parameters: GAD=1 vflib=1 dir=0 label=0 lowerbound=1 fileNameGp=../../cp2016-max-common-connected-subgraph-paper/datasets/graphsdb/mcs50/m4D/m4D/mcs50_m4D_s35.A05 fileNameGt=../../cp2016-max-common-connected-subgraph-paper/datasets/graphsdb/mcs50/m4D/m4D/mcs50_m4D_s35.B05
Reading graphs...
35 :  63
35 :  63
Initializing...
maxdom : 35
D->valSize : 1225
Solving...
currentSize : 15 <-- 0.020625 s
currentSize : 16 <-- 0.021954 s
currentSize : 17 <-- 0.023442 s
currentSize : 18 <-- 0.052097 s
currentSize : 19 <-- 0.079091 s
currentSize : 21 <-- 0.133586 s
currentSize : 22 <-- 0.135540 s
currentSize : 23 <-- 0.762679 s
currentSize : 24 <-- 6.343592 s

maxsize : 24
nodes : 8265767.000000
filtered : 242793077.000000
CCGP filtered : 182565828.000000
CCGT filtered : 114613552.000000
time : 94.782249
