Parameters: GAD=1 vflib=1 dir=0 label=0 lowerbound=1 fileNameGp=../../cp2016-max-common-connected-subgraph-paper/datasets/graphsdb/mcs50/m4D/m4Dr2/mcs50_m4Dr2_s35.A02 fileNameGt=../../cp2016-max-common-connected-subgraph-paper/datasets/graphsdb/mcs50/m4D/m4Dr2/mcs50_m4Dr2_s35.B02
Reading graphs...
35 :  70
35 :  68
Initializing...
maxdom : 35
D->valSize : 1225
Solving...
currentSize : 13 <-- 0.020156 s
currentSize : 15 <-- 0.020231 s
currentSize : 18 <-- 0.020546 s
currentSize : 19 <-- 0.020658 s
currentSize : 20 <-- 0.038785 s
currentSize : 21 <-- 0.419900 s
currentSize : 22 <-- 0.883151 s
currentSize : 23 <-- 1.228614 s
currentSize : 24 <-- 81.652908 s
currentSize : 25 <-- 121.638367 s

maxsize : 25
nodes : 15476099.000000
filtered : 448426800.000000
CCGP filtered : 182247564.000000
CCGT filtered : 120739853.000000
time : 176.054535
