Parameters: GAD=1 vflib=1 dir=0 label=0 lowerbound=1 fileNameGp=../../cp2016-max-common-connected-subgraph-paper/datasets/graphsdb/mcs50/m4D/m4Dr4/mcs50_m4Dr4_s35.A00 fileNameGt=../../cp2016-max-common-connected-subgraph-paper/datasets/graphsdb/mcs50/m4D/m4Dr4/mcs50_m4Dr4_s35.B00
Reading graphs...
35 :  75
35 :  74
Initializing...
maxdom : 35
D->valSize : 1225
Solving...
currentSize : 15 <-- 0.020065 s
currentSize : 17 <-- 0.020169 s
currentSize : 18 <-- 0.042265 s
currentSize : 19 <-- 0.069104 s
currentSize : 20 <-- 0.257841 s
currentSize : 21 <-- 0.307204 s
currentSize : 22 <-- 0.313587 s
currentSize : 23 <-- 0.916968 s
currentSize : 24 <-- 203.458588 s

maxsize : 24
nodes : 40158399.000000
filtered : 1270543443.000000
CCGP filtered : 288115706.000000
CCGT filtered : 224619217.000000
time : 455.343201
