Parameters: GAD=1 vflib=1 dir=0 label=0 lowerbound=1 fileNameGp=../../cp2016-max-common-connected-subgraph-paper/datasets/graphsdb/mcs50/bvg/b09/mcs50_b09_s35.A07 fileNameGt=../../cp2016-max-common-connected-subgraph-paper/datasets/graphsdb/mcs50/bvg/b09/mcs50_b09_s35.B07
Reading graphs...
35 :  153
35 :  154
Initializing...
maxdom : 35
D->valSize : 1225
Solving...
currentSize : 13 <-- 0.031394 s
currentSize : 14 <-- 0.063403 s
currentSize : 15 <-- 0.075588 s
currentSize : 16 <-- 0.403988 s
currentSize : 17 <-- 79.429390 s
currentSize : 18 <-- 110.789162 s
currentSize : 19 <-- 114.801117 s
currentSize : 20 <-- 114.908928 s
currentSize : 21 <-- 114.909843 s

maxsize : 21
nodes : 39385554.000000
filtered : 1232781423.000000
CCGP filtered : 12959415.000000
CCGT filtered : 15136784.000000
time : 492.389435
