Parameters: GAD=1 vflib=1 dir=0 label=0 lowerbound=1 fileNameGp=../../cp2016-max-common-connected-subgraph-paper/datasets/graphsdb/mcs50/bvg/b03/mcs50_b03_s50.A01 fileNameGt=../../cp2016-max-common-connected-subgraph-paper/datasets/graphsdb/mcs50/bvg/b03/mcs50_b03_s50.B01
Reading graphs...
50 :  75
50 :  75
Initializing...
maxdom : 50
D->valSize : 2500
Solving...
currentSize : 22 <-- 0.098251 s
currentSize : 23 <-- 0.098422 s
currentSize : 24 <-- 0.098514 s
currentSize : 25 <-- 0.099373 s
currentSize : 26 <-- 0.101756 s
currentSize : 27 <-- 0.102849 s
currentSize : 28 <-- 0.105305 s
currentSize : 29 <-- 0.160608 s
currentSize : 30 <-- 0.995825 s
currentSize : 31 <-- 13.568547 s
currentSize : 32 <-- 13.568793 s
currentSize : 33 <-- 85.496315 s
currentSize : 34 <-- 822.237976 s

TIMEOUT
maxsize : 34
nodes : 59755336.000000
filtered : 1786497092.000000
CCGP filtered : 2383749222.000000
CCGT filtered : 1407830285.000000
time : 1000.000061
