Parameters: GAD=1 vflib=1 dir=0 label=0 lowerbound=1 fileNameGp=../../cp2016-max-common-connected-subgraph-paper/datasets/graphsdb/mcs50/m2D/m2D/mcs50_m2D_s50.A03 fileNameGt=../../cp2016-max-common-connected-subgraph-paper/datasets/graphsdb/mcs50/m2D/m2D/mcs50_m2D_s50.B03
Reading graphs...
50 :  84
50 :  85
Initializing...
maxdom : 50
D->valSize : 2500
Solving...
currentSize : 21 <-- 0.097770 s
currentSize : 22 <-- 0.097819 s
currentSize : 23 <-- 0.097894 s
currentSize : 24 <-- 0.097914 s
currentSize : 25 <-- 0.098687 s
currentSize : 26 <-- 0.106551 s
currentSize : 27 <-- 0.348652 s
currentSize : 28 <-- 0.377483 s
currentSize : 29 <-- 0.744144 s
currentSize : 30 <-- 4.054238 s
currentSize : 31 <-- 4.932076 s
currentSize : 32 <-- 10.772570 s
currentSize : 33 <-- 115.857384 s
currentSize : 34 <-- 142.484009 s

TIMEOUT
maxsize : 34
nodes : 68046351.000000
filtered : 2341810052.000000
CCGP filtered : 1179106602.000000
CCGT filtered : 614404891.000000
time : 1000.000061
