Parameters: GAD=1 vflib=1 dir=0 label=0 lowerbound=1 fileNameGp=../../cp2016-max-common-connected-subgraph-paper/datasets/graphsdb/mcs50/bvg/b03/mcs50_b03_s50.A04 fileNameGt=../../cp2016-max-common-connected-subgraph-paper/datasets/graphsdb/mcs50/bvg/b03/mcs50_b03_s50.B04
Reading graphs...
50 :  75
50 :  75
Initializing...
maxdom : 50
D->valSize : 2500
Solving...
currentSize : 18 <-- 0.162361 s
currentSize : 22 <-- 0.162475 s
currentSize : 23 <-- 0.162992 s
currentSize : 24 <-- 0.169467 s
currentSize : 25 <-- 0.222158 s
currentSize : 26 <-- 0.327630 s
currentSize : 27 <-- 6.264279 s
currentSize : 28 <-- 6.267218 s
currentSize : 29 <-- 18.860802 s
currentSize : 30 <-- 31.094139 s
currentSize : 31 <-- 33.543930 s
currentSize : 32 <-- 205.471817 s
currentSize : 33 <-- 654.907715 s

TIMEOUT
maxsize : 33
nodes : 62034236.000000
filtered : 1476263420.000000
CCGP filtered : 2339158260.000000
CCGT filtered : 1643852853.000000
time : 1000.000061
