Parameters: GAD=1 vflib=1 dir=0 label=0 lowerbound=1 fileNameGp=../../cp2016-max-common-connected-subgraph-paper/datasets/graphsdb/mcs50/m2D/m2Dr4/mcs50_m2Dr4_s50.A09 fileNameGt=../../cp2016-max-common-connected-subgraph-paper/datasets/graphsdb/mcs50/m2D/m2Dr4/mcs50_m2Dr4_s50.B09
Reading graphs...
50 :  104
50 :  102
Initializing...
maxdom : 50
D->valSize : 2500
Solving...
currentSize : 21 <-- 0.144231 s
currentSize : 22 <-- 0.145541 s
currentSize : 23 <-- 0.146076 s
currentSize : 24 <-- 0.159184 s
currentSize : 25 <-- 0.340717 s
currentSize : 26 <-- 0.587069 s
currentSize : 27 <-- 8.540764 s
currentSize : 28 <-- 10.324963 s
currentSize : 29 <-- 45.119396 s
currentSize : 30 <-- 237.410400 s

TIMEOUT
maxsize : 30
nodes : 62114769.000000
filtered : 1885654370.000000
CCGP filtered : 873281615.000000
CCGT filtered : 616658953.000000
time : 1000.000061
