Parameters: GAD=1 vflib=1 dir=0 label=0 lowerbound=1 fileNameGp=../../cp2016-max-common-connected-subgraph-paper/datasets/graphsdb/mcs50/rand/r005/mcs50_r005_s20.A00 fileNameGt=../../cp2016-max-common-connected-subgraph-paper/datasets/graphsdb/mcs50/rand/r005/mcs50_r005_s20.B00
Reading graphs...
20 :  24
20 :  24
Initializing...
maxdom : 20
D->valSize : 400
Solving...
currentSize : 6 <-- 0.003953 s
currentSize : 7 <-- 0.004171 s
currentSize : 8 <-- 0.004376 s
currentSize : 9 <-- 0.004540 s
currentSize : 10 <-- 0.004934 s
currentSize : 11 <-- 0.005048 s
currentSize : 12 <-- 0.006240 s
currentSize : 13 <-- 0.006467 s
currentSize : 14 <-- 0.007435 s
currentSize : 15 <-- 0.007601 s
currentSize : 16 <-- 0.007619 s

maxsize : 16
nodes : 2341.000000
filtered : 65006.000000
CCGP filtered : 68495.000000
CCGT filtered : 21222.000000
time : 0.029056
