Parameters: GAD=1 vflib=1 dir=0 label=0 lowerbound=1 fileNameGp=../../cp2016-max-common-connected-subgraph-paper/datasets/graphsdb/mcs50/m4D/m4D/mcs50_m4D_s35.A01 fileNameGt=../../cp2016-max-common-connected-subgraph-paper/datasets/graphsdb/mcs50/m4D/m4D/mcs50_m4D_s35.B01
Reading graphs...
35 :  63
35 :  62
Initializing...
maxdom : 35
D->valSize : 1225
Solving...
currentSize : 16 <-- 0.020717 s
currentSize : 17 <-- 0.020755 s
currentSize : 18 <-- 0.020862 s
currentSize : 19 <-- 0.021241 s
currentSize : 20 <-- 0.021996 s
currentSize : 21 <-- 0.111173 s
currentSize : 22 <-- 0.408654 s
currentSize : 23 <-- 0.427877 s
currentSize : 24 <-- 4.126752 s

maxsize : 24
nodes : 5315317.000000
filtered : 174416870.000000
CCGP filtered : 118377234.000000
CCGT filtered : 56516284.000000
time : 60.470058
