Parameters: GAD=1 vflib=1 dir=0 label=0 lowerbound=1 fileNameGp=../../cp2016-max-common-connected-subgraph-paper/datasets/graphsdb/mcs50/m2D/m2D/mcs50_m2D_s50.A00 fileNameGt=../../cp2016-max-common-connected-subgraph-paper/datasets/graphsdb/mcs50/m2D/m2D/mcs50_m2D_s50.B00
Reading graphs...
50 :  84
50 :  85
Initializing...
maxdom : 50
D->valSize : 2500
Solving...
currentSize : 17 <-- 0.114885 s
currentSize : 21 <-- 0.116208 s
currentSize : 22 <-- 0.116605 s
currentSize : 23 <-- 0.116928 s
currentSize : 24 <-- 0.117079 s
currentSize : 26 <-- 0.118677 s
currentSize : 27 <-- 0.483177 s
currentSize : 28 <-- 3.901757 s
currentSize : 29 <-- 7.769050 s
currentSize : 30 <-- 17.716408 s
currentSize : 31 <-- 35.330330 s
currentSize : 32 <-- 127.613983 s
currentSize : 33 <-- 648.944763 s

TIMEOUT
maxsize : 33
nodes : 66952751.000000
filtered : 1942996572.000000
CCGP filtered : 1536767822.000000
CCGT filtered : 765352217.000000
time : 1000.000061
