Parameters: GAD=1 vflib=1 dir=0 label=0 lowerbound=1 fileNameGp=../../cp2016-max-common-connected-subgraph-paper/datasets/graphsdb/mcs50/bvg/b03/mcs50_b03_s40.A03 fileNameGt=../../cp2016-max-common-connected-subgraph-paper/datasets/graphsdb/mcs50/bvg/b03/mcs50_b03_s40.B03
Reading graphs...
40 :  60
40 :  60
Initializing...
maxdom : 40
D->valSize : 1600
Solving...
currentSize : 15 <-- 0.036251 s
currentSize : 20 <-- 0.036442 s
currentSize : 21 <-- 0.036530 s
currentSize : 22 <-- 0.036726 s
currentSize : 23 <-- 0.036792 s
currentSize : 24 <-- 0.093460 s
currentSize : 25 <-- 0.257689 s
currentSize : 26 <-- 1.646410 s
currentSize : 27 <-- 138.410995 s
currentSize : 28 <-- 489.201660 s

TIMEOUT
maxsize : 28
nodes : 77468256.000000
filtered : 2150213307.000000
CCGP filtered : 2430868884.000000
CCGT filtered : 1307985685.000000
time : 1000.000000
