Parameters: GAD=1 vflib=1 dir=0 label=0 lowerbound=1 fileNameGp=../../cp2016-max-common-connected-subgraph-paper/datasets/graphsdb/mcs50/m2D/m2Dr2/mcs50_m2Dr2_s40.A03 fileNameGt=../../cp2016-max-common-connected-subgraph-paper/datasets/graphsdb/mcs50/m2D/m2Dr2/mcs50_m2Dr2_s40.B03
Reading graphs...
40 :  75
40 :  73
Initializing...
maxdom : 40
D->valSize : 1600
Solving...
currentSize : 18 <-- 0.063231 s
currentSize : 19 <-- 0.063287 s
currentSize : 20 <-- 0.063348 s
currentSize : 21 <-- 0.063925 s
currentSize : 22 <-- 0.094309 s
currentSize : 23 <-- 0.142290 s
currentSize : 24 <-- 0.521083 s
currentSize : 25 <-- 9.514177 s
currentSize : 26 <-- 29.354692 s
currentSize : 28 <-- 172.852814 s

TIMEOUT
maxsize : 28
nodes : 73941165.000000
filtered : 2876082826.000000
CCGP filtered : 923224287.000000
CCGT filtered : 684112082.000000
time : 1000.000061
