Parameters: GAD=1 vflib=1 dir=0 label=0 lowerbound=1 fileNameGp=../../cp2016-max-common-connected-subgraph-paper/datasets/graphsdb/mcs50/bvg/b03/mcs50_b03_s50.A02 fileNameGt=../../cp2016-max-common-connected-subgraph-paper/datasets/graphsdb/mcs50/bvg/b03/mcs50_b03_s50.B02
Reading graphs...
50 :  75
50 :  75
Initializing...
maxdom : 50
D->valSize : 2500
Solving...
currentSize : 23 <-- 0.099330 s
currentSize : 24 <-- 0.099388 s
currentSize : 25 <-- 0.099697 s
currentSize : 27 <-- 0.100325 s
currentSize : 29 <-- 0.109370 s
currentSize : 30 <-- 0.125554 s
currentSize : 31 <-- 0.231062 s
currentSize : 32 <-- 0.343423 s
currentSize : 33 <-- 0.361023 s
currentSize : 34 <-- 312.764465 s

TIMEOUT
maxsize : 34
nodes : 64448888.000000
filtered : 2047389094.000000
CCGP filtered : 1712588537.000000
CCGT filtered : 1227453447.000000
time : 1000.000061
