Parameters: GAD=1 vflib=1 dir=0 label=0 lowerbound=1 fileNameGp=../../cp2016-max-common-connected-subgraph-paper/datasets/graphsdb/mcs50/m4D/m4Dr6/mcs50_m4Dr6_s30.A00 fileNameGt=../../cp2016-max-common-connected-subgraph-paper/datasets/graphsdb/mcs50/m4D/m4Dr6/mcs50_m4Dr6_s30.B00
Reading graphs...
30 :  71
30 :  68
Initializing...
maxdom : 30
D->valSize : 900
Solving...
currentSize : 9 <-- 0.018892 s
currentSize : 10 <-- 0.018951 s
currentSize : 11 <-- 0.019072 s
currentSize : 12 <-- 0.019340 s
currentSize : 13 <-- 0.019759 s
currentSize : 14 <-- 0.020141 s
currentSize : 15 <-- 0.025209 s
currentSize : 16 <-- 0.065889 s
currentSize : 17 <-- 0.079652 s
currentSize : 18 <-- 1.262108 s
currentSize : 19 <-- 1.484309 s
currentSize : 20 <-- 20.244690 s

maxsize : 20
nodes : 4084006.000000
filtered : 99482707.000000
CCGP filtered : 13612130.000000
CCGT filtered : 10621441.000000
time : 36.916401
