Parameters: GAD=1 vflib=1 dir=0 label=0 lowerbound=1 fileNameGp=../../cp2016-max-common-connected-subgraph-paper/datasets/graphsdb/mcs50/m2D/m2Dr4/mcs50_m2Dr4_s30.A09 fileNameGt=../../cp2016-max-common-connected-subgraph-paper/datasets/graphsdb/mcs50/m2D/m2Dr4/mcs50_m2Dr4_s30.B09
Reading graphs...
30 :  61
30 :  61
Initializing...
maxdom : 30
D->valSize : 900
Solving...
currentSize : 11 <-- 0.010679 s
currentSize : 12 <-- 0.010718 s
currentSize : 14 <-- 0.010783 s
currentSize : 15 <-- 0.010906 s
currentSize : 16 <-- 0.012681 s
currentSize : 17 <-- 0.032524 s
currentSize : 18 <-- 0.048723 s
currentSize : 19 <-- 0.336790 s
currentSize : 20 <-- 0.813319 s
currentSize : 21 <-- 9.146452 s

maxsize : 21
nodes : 3998498.000000
filtered : 105595076.000000
CCGP filtered : 14835352.000000
CCGT filtered : 9389239.000000
time : 36.940022
