Parameters: GAD=1 vflib=1 dir=0 label=0 lowerbound=1 fileNameGp=../../cp2016-max-common-connected-subgraph-paper/datasets/graphsdb/mcs50/m4D/m4Dr4/mcs50_m4Dr4_s35.A04 fileNameGt=../../cp2016-max-common-connected-subgraph-paper/datasets/graphsdb/mcs50/m4D/m4Dr4/mcs50_m4Dr4_s35.B04
Reading graphs...
35 :  77
35 :  75
Initializing...
maxdom : 35
D->valSize : 1225
Solving...
currentSize : 12 <-- 0.020203 s
currentSize : 13 <-- 0.020250 s
currentSize : 14 <-- 0.020279 s
currentSize : 15 <-- 0.020875 s
currentSize : 16 <-- 0.025499 s
currentSize : 17 <-- 0.049012 s
currentSize : 18 <-- 0.081122 s
currentSize : 19 <-- 0.193471 s
currentSize : 20 <-- 0.193690 s
currentSize : 21 <-- 2.828548 s
currentSize : 22 <-- 6.056044 s
currentSize : 23 <-- 90.978851 s

maxsize : 23
nodes : 29191974.000000
filtered : 873003778.000000
CCGP filtered : 231464543.000000
CCGT filtered : 174110027.000000
time : 336.015564
