Parameters: GAD=1 vflib=1 dir=0 label=0 lowerbound=1 fileNameGp=../../cp2016-max-common-connected-subgraph-paper/datasets/graphsdb/mcs50/bvg/b06m/mcs50_b06m_s50.A07 fileNameGt=../../cp2016-max-common-connected-subgraph-paper/datasets/graphsdb/mcs50/bvg/b06m/mcs50_b06m_s50.B07
Reading graphs...
50 :  146
50 :  147
Initializing...
maxdom : 50
D->valSize : 2500
Solving...
currentSize : 17 <-- 0.091147 s
currentSize : 18 <-- 0.091589 s
currentSize : 19 <-- 0.094330 s
currentSize : 20 <-- 0.098855 s
currentSize : 21 <-- 0.101629 s
currentSize : 22 <-- 0.105065 s
currentSize : 23 <-- 0.269185 s
currentSize : 24 <-- 0.631133 s
currentSize : 25 <-- 0.890290 s
currentSize : 26 <-- 28.690470 s
currentSize : 27 <-- 653.572937 s

TIMEOUT
maxsize : 27
nodes : 64084799.000000
filtered : 1705282776.000000
CCGP filtered : 360589639.000000
CCGT filtered : 222794447.000000
time : 1000.000061
