Parameters: GAD=1 vflib=1 dir=0 label=0 lowerbound=1 fileNameGp=../../cp2016-max-common-connected-subgraph-paper/datasets/graphsdb/mcs50/bvg/b03/mcs50_b03_s35.A00 fileNameGt=../../cp2016-max-common-connected-subgraph-paper/datasets/graphsdb/mcs50/bvg/b03/mcs50_b03_s35.B00
Reading graphs...
35 :  51
35 :  52
Initializing...
maxdom : 35
D->valSize : 1225
Solving...
currentSize : 18 <-- 0.034305 s
currentSize : 19 <-- 0.034403 s
currentSize : 20 <-- 0.034601 s
currentSize : 21 <-- 0.037194 s
currentSize : 22 <-- 0.071085 s
currentSize : 23 <-- 0.071101 s
currentSize : 24 <-- 0.071269 s
currentSize : 25 <-- 37.901432 s
currentSize : 26 <-- 78.241486 s

maxsize : 26
nodes : 8202544.000000
filtered : 235638502.000000
CCGP filtered : 177760355.000000
CCGT filtered : 100396718.000000
time : 93.348022
