Parameters: GAD=1 vflib=1 dir=0 label=0 lowerbound=1 fileNameGp=../../cp2016-max-common-connected-subgraph-paper/datasets/graphsdb/mcs50/m3D/m3Dr2/mcs50_m3Dr2_s50.A03 fileNameGt=../../cp2016-max-common-connected-subgraph-paper/datasets/graphsdb/mcs50/m3D/m3Dr2/mcs50_m3Dr2_s50.B03
Reading graphs...
50 :  119
50 :  116
Initializing...
maxdom : 50
D->valSize : 2500
Solving...
currentSize : 18 <-- 0.118420 s
currentSize : 20 <-- 0.119776 s
currentSize : 21 <-- 0.142463 s
currentSize : 22 <-- 0.194144 s
currentSize : 23 <-- 0.458490 s
currentSize : 24 <-- 0.462428 s
currentSize : 25 <-- 0.633144 s
currentSize : 26 <-- 0.633259 s
currentSize : 27 <-- 7.414644 s
currentSize : 28 <-- 120.061440 s

TIMEOUT
maxsize : 28
nodes : 65805587.000000
filtered : 1642259901.000000
CCGP filtered : 450764094.000000
CCGT filtered : 442658861.000000
time : 1000.000061
