Parameters: GAD=1 vflib=1 dir=0 label=0 lowerbound=1 fileNameGp=../../cp2016-max-common-connected-subgraph-paper/datasets/graphsdb/mcs50/m3D/m3Dr4/mcs50_m3Dr4_s50.A09 fileNameGt=../../cp2016-max-common-connected-subgraph-paper/datasets/graphsdb/mcs50/m3D/m3Dr4/mcs50_m3Dr4_s50.B09
Reading graphs...
50 :  126
50 :  125
Initializing...
maxdom : 50
D->valSize : 2500
Solving...
currentSize : 19 <-- 0.153804 s
currentSize : 20 <-- 0.154575 s
currentSize : 21 <-- 0.154752 s
currentSize : 22 <-- 0.159723 s
currentSize : 23 <-- 0.173668 s
currentSize : 24 <-- 0.178169 s
currentSize : 25 <-- 0.319601 s
currentSize : 26 <-- 0.680509 s
currentSize : 27 <-- 1.785984 s
currentSize : 28 <-- 31.044077 s
currentSize : 29 <-- 35.956455 s

TIMEOUT
maxsize : 29
nodes : 67421668.000000
filtered : 1892391142.000000
CCGP filtered : 391089264.000000
CCGT filtered : 280852019.000000
time : 1000.000061
