Parameters: GAD=1 vflib=1 dir=0 label=0 lowerbound=1 fileNameGp=../../cp2016-max-common-connected-subgraph-paper/datasets/graphsdb/mcs50/bvg/b03/mcs50_b03_s40.A06 fileNameGt=../../cp2016-max-common-connected-subgraph-paper/datasets/graphsdb/mcs50/bvg/b03/mcs50_b03_s40.B06
Reading graphs...
40 :  59
40 :  60
Initializing...
maxdom : 40
D->valSize : 1600
Solving...
currentSize : 12 <-- 0.036560 s
currentSize : 19 <-- 0.037079 s
currentSize : 20 <-- 0.037187 s
currentSize : 21 <-- 0.037252 s
currentSize : 22 <-- 0.037701 s
currentSize : 23 <-- 0.057356 s
currentSize : 24 <-- 0.057443 s
currentSize : 25 <-- 0.498884 s
currentSize : 26 <-- 1.160255 s
currentSize : 27 <-- 5.289807 s
currentSize : 28 <-- 5.551728 s
currentSize : 29 <-- 112.465622 s

maxsize : 29
nodes : 43689201.000000
filtered : 1446508279.000000
CCGP filtered : 975035604.000000
CCGT filtered : 588911295.000000
time : 578.591980
