Parameters: GAD=1 vflib=1 dir=0 label=0 lowerbound=1 fileNameGp=../../cp2016-max-common-connected-subgraph-paper/datasets/graphsdb/mcs50/m4D/m4Dr4/mcs50_m4Dr4_s35.A01 fileNameGt=../../cp2016-max-common-connected-subgraph-paper/datasets/graphsdb/mcs50/m4D/m4Dr4/mcs50_m4Dr4_s35.B01
Reading graphs...
35 :  74
35 :  76
Initializing...
maxdom : 35
D->valSize : 1225
Solving...
currentSize : 15 <-- 0.020080 s
currentSize : 16 <-- 0.020206 s
currentSize : 17 <-- 0.020562 s
currentSize : 18 <-- 0.061222 s
currentSize : 19 <-- 0.224000 s
currentSize : 20 <-- 0.224113 s
currentSize : 21 <-- 3.138612 s
currentSize : 22 <-- 30.709368 s
currentSize : 23 <-- 79.144325 s

maxsize : 23
nodes : 29684439.000000
filtered : 910439125.000000
CCGP filtered : 296755923.000000
CCGT filtered : 227797266.000000
time : 344.056213
