Parameters: GAD=1 vflib=1 dir=0 label=0 lowerbound=1 fileNameGp=../../cp2016-max-common-connected-subgraph-paper/datasets/graphsdb/mcs50/bvg/b03m/mcs50_b03m_s40.A05 fileNameGt=../../cp2016-max-common-connected-subgraph-paper/datasets/graphsdb/mcs50/bvg/b03m/mcs50_b03m_s40.B05
Reading graphs...
40 :  60
40 :  60
Initializing...
maxdom : 40
D->valSize : 1600
Solving...
currentSize : 19 <-- 0.036787 s
currentSize : 20 <-- 0.036875 s
currentSize : 21 <-- 0.037126 s
currentSize : 22 <-- 0.124855 s
currentSize : 23 <-- 0.125094 s
currentSize : 24 <-- 1.847075 s
currentSize : 25 <-- 2.308802 s
currentSize : 26 <-- 6.339880 s
currentSize : 27 <-- 8.038710 s
currentSize : 28 <-- 8.038864 s
currentSize : 29 <-- 35.232613 s

maxsize : 29
nodes : 35873562.000000
filtered : 1312233702.000000
CCGP filtered : 725516558.000000
CCGT filtered : 435319048.000000
time : 468.506897
