Parameters: GAD=1 vflib=1 dir=0 label=0 lowerbound=1 fileNameGp=../../cp2016-max-common-connected-subgraph-paper/datasets/graphsdb/mcs50/m4D/m4D/mcs50_m4D_s30.A09 fileNameGt=../../cp2016-max-common-connected-subgraph-paper/datasets/graphsdb/mcs50/m4D/m4D/mcs50_m4D_s30.B09
Reading graphs...
30 :  55
30 :  55
Initializing...
maxdom : 30
D->valSize : 900
Solving...
currentSize : 8 <-- 0.011114 s
currentSize : 9 <-- 0.011329 s
currentSize : 14 <-- 0.012667 s
currentSize : 15 <-- 0.013069 s
currentSize : 16 <-- 0.030013 s
currentSize : 17 <-- 0.030630 s
currentSize : 18 <-- 0.034174 s
currentSize : 19 <-- 0.057709 s
currentSize : 20 <-- 0.061817 s
currentSize : 21 <-- 1.715995 s

maxsize : 21
nodes : 572566.000000
filtered : 17456973.000000
CCGP filtered : 10475929.000000
CCGT filtered : 7406676.000000
time : 6.391088
