Parameters: GAD=1 vflib=1 dir=0 label=0 lowerbound=1 fileNameGp=../../cp2016-max-common-connected-subgraph-paper/datasets/graphsdb/mcs50/bvg/b09m/mcs50_b09m_s50.A02 fileNameGt=../../cp2016-max-common-connected-subgraph-paper/datasets/graphsdb/mcs50/bvg/b09m/mcs50_b09m_s50.B02
Reading graphs...
50 :  216
50 :  216
Initializing...
maxdom : 50
D->valSize : 2500
Solving...
currentSize : 14 <-- 0.086146 s
currentSize : 15 <-- 0.086323 s
currentSize : 16 <-- 0.087206 s
currentSize : 17 <-- 0.088195 s
currentSize : 18 <-- 0.092811 s
currentSize : 19 <-- 0.110769 s
currentSize : 20 <-- 0.596106 s
currentSize : 21 <-- 1.469795 s
currentSize : 22 <-- 4.862750 s
currentSize : 23 <-- 48.939510 s

TIMEOUT
maxsize : 23
nodes : 63565656.000000
filtered : 1507154684.000000
CCGP filtered : 39568381.000000
CCGT filtered : 80645505.000000
time : 1000.000000
