Parameters: GAD=1 vflib=1 dir=0 label=0 lowerbound=1 fileNameGp=../../cp2016-max-common-connected-subgraph-paper/datasets/graphsdb/mcs50/bvg/b03/mcs50_b03_s30.A04 fileNameGt=../../cp2016-max-common-connected-subgraph-paper/datasets/graphsdb/mcs50/bvg/b03/mcs50_b03_s30.B04
Reading graphs...
30 :  45
30 :  45
Initializing...
maxdom : 30
D->valSize : 900
Solving...
currentSize : 13 <-- 0.019603 s
currentSize : 14 <-- 0.019666 s
currentSize : 15 <-- 0.020054 s
currentSize : 16 <-- 0.020226 s
currentSize : 17 <-- 0.022490 s
currentSize : 18 <-- 0.047004 s
currentSize : 19 <-- 0.538245 s
currentSize : 20 <-- 0.539964 s
currentSize : 21 <-- 6.979927 s

maxsize : 21
nodes : 3491965.000000
filtered : 82846934.000000
CCGP filtered : 39607122.000000
CCGT filtered : 38338861.000000
time : 32.915016
