Parameters: GAD=1 vflib=1 dir=0 label=0 lowerbound=1 fileNameGp=../../cp2016-max-common-connected-subgraph-paper/datasets/graphsdb/mcs50/bvg/b09/mcs50_b09_s50.A05 fileNameGt=../../cp2016-max-common-connected-subgraph-paper/datasets/graphsdb/mcs50/bvg/b09/mcs50_b09_s50.B05
Reading graphs...
50 :  219
50 :  222
Initializing...
maxdom : 50
D->valSize : 2500
Solving...
currentSize : 14 <-- 0.130730 s
currentSize : 15 <-- 0.130808 s
currentSize : 16 <-- 0.130999 s
currentSize : 17 <-- 0.134266 s
currentSize : 18 <-- 0.139784 s
currentSize : 19 <-- 0.179458 s
currentSize : 20 <-- 0.752353 s
currentSize : 21 <-- 3.591420 s
currentSize : 22 <-- 3.624843 s
currentSize : 23 <-- 337.317047 s
currentSize : 24 <-- 979.854980 s

TIMEOUT
maxsize : 24
nodes : 62256866.000000
filtered : 1298761391.000000
CCGP filtered : 52011890.000000
CCGT filtered : 94118799.000000
time : 1000.000061
