Parameters: GAD=1 vflib=1 dir=0 label=0 lowerbound=1 fileNameGp=../../cp2016-max-common-connected-subgraph-paper/datasets/graphsdb/mcs50/m4D/m4Dr4/mcs50_m4Dr4_s40.A06 fileNameGt=../../cp2016-max-common-connected-subgraph-paper/datasets/graphsdb/mcs50/m4D/m4Dr4/mcs50_m4Dr4_s40.B06
Reading graphs...
40 :  82
40 :  85
Initializing...
maxdom : 40
D->valSize : 1600
Solving...
currentSize : 17 <-- 0.061968 s
currentSize : 18 <-- 0.062186 s
currentSize : 19 <-- 0.068843 s
currentSize : 20 <-- 0.113560 s
currentSize : 21 <-- 0.117582 s
currentSize : 22 <-- 0.229745 s
currentSize : 23 <-- 0.500849 s
currentSize : 24 <-- 22.582106 s
currentSize : 25 <-- 22.686855 s
currentSize : 26 <-- 30.491276 s
currentSize : 27 <-- 985.333923 s

TIMEOUT
maxsize : 27
nodes : 80005093.000000
filtered : 2444004565.000000
CCGP filtered : 828624252.000000
CCGT filtered : 362982435.000000
time : 1000.000000
