Parameters: GAD=1 vflib=1 dir=0 label=0 lowerbound=1 fileNameGp=../../cp2016-max-common-connected-subgraph-paper/datasets/graphsdb/mcs50/m2D/m2D/mcs50_m2D_s40.A07 fileNameGt=../../cp2016-max-common-connected-subgraph-paper/datasets/graphsdb/mcs50/m2D/m2D/mcs50_m2D_s40.B07
Reading graphs...
40 :  65
40 :  67
Initializing...
maxdom : 40
D->valSize : 1600
Solving...
currentSize : 16 <-- 0.036283 s
currentSize : 18 <-- 0.036457 s
currentSize : 19 <-- 0.037117 s
currentSize : 20 <-- 0.037316 s
currentSize : 21 <-- 0.053680 s
currentSize : 22 <-- 0.117158 s
currentSize : 23 <-- 0.141738 s
currentSize : 24 <-- 0.328695 s
currentSize : 25 <-- 7.049679 s
currentSize : 26 <-- 7.578525 s
currentSize : 27 <-- 8.440553 s
currentSize : 28 <-- 421.529114 s

TIMEOUT
maxsize : 28
nodes : 73926706.000000
filtered : 2464285759.000000
CCGP filtered : 1106012278.000000
CCGT filtered : 858568694.000000
time : 1000.000000
