Parameters: GAD=1 vflib=1 dir=0 label=0 lowerbound=1 fileNameGp=../../cp2016-max-common-connected-subgraph-paper/datasets/graphsdb/mcs50/rand/r005/mcs50_r005_s40.A03 fileNameGt=../../cp2016-max-common-connected-subgraph-paper/datasets/graphsdb/mcs50/rand/r005/mcs50_r005_s40.B03
Reading graphs...
40 :  78
40 :  76
Initializing...
maxdom : 40
D->valSize : 1600
Solving...
currentSize : 17 <-- 0.062477 s
currentSize : 18 <-- 0.062541 s
currentSize : 19 <-- 0.063440 s
currentSize : 20 <-- 0.063818 s
currentSize : 21 <-- 0.148505 s
currentSize : 22 <-- 0.151495 s
currentSize : 23 <-- 0.151840 s
currentSize : 24 <-- 2.591687 s
currentSize : 25 <-- 28.019228 s
currentSize : 26 <-- 100.839981 s

TIMEOUT
maxsize : 26
nodes : 85392607.000000
filtered : 2227403964.000000
CCGP filtered : 720570074.000000
CCGT filtered : 421910899.000000
time : 1000.000061
