Parameters: GAD=1 vflib=1 dir=0 label=0 lowerbound=1 fileNameGp=../../cp2016-max-common-connected-subgraph-paper/datasets/graphsdb/mcs50/m4D/m4Dr4/mcs50_m4Dr4_s30.A02 fileNameGt=../../cp2016-max-common-connected-subgraph-paper/datasets/graphsdb/mcs50/m4D/m4Dr4/mcs50_m4Dr4_s30.B02
Reading graphs...
30 :  66
30 :  63
Initializing...
maxdom : 30
D->valSize : 900
Solving...
currentSize : 11 <-- 0.010763 s
currentSize : 12 <-- 0.010923 s
currentSize : 13 <-- 0.010977 s
currentSize : 14 <-- 0.011127 s
currentSize : 15 <-- 0.011401 s
currentSize : 16 <-- 0.011529 s
currentSize : 18 <-- 0.019897 s
currentSize : 19 <-- 0.036748 s
currentSize : 20 <-- 0.919262 s

maxsize : 20
nodes : 4770928.000000
filtered : 122753396.000000
CCGP filtered : 26261680.000000
CCGT filtered : 18744502.000000
time : 44.379719
