Parameters: GAD=1 vflib=1 dir=0 label=0 lowerbound=1 fileNameGp=../../cp2016-max-common-connected-subgraph-paper/datasets/graphsdb/mcs50/bvg/b03/mcs50_b03_s40.A00 fileNameGt=../../cp2016-max-common-connected-subgraph-paper/datasets/graphsdb/mcs50/bvg/b03/mcs50_b03_s40.B00
Reading graphs...
40 :  60
40 :  60
Initializing...
maxdom : 40
D->valSize : 1600
Solving...
currentSize : 20 <-- 0.036738 s
currentSize : 22 <-- 0.036896 s
currentSize : 23 <-- 0.036958 s
currentSize : 24 <-- 0.037690 s
currentSize : 25 <-- 0.037727 s
currentSize : 26 <-- 0.060540 s
currentSize : 27 <-- 0.128229 s
currentSize : 28 <-- 0.128340 s
currentSize : 29 <-- 6.655369 s

maxsize : 29
nodes : 48112030.000000
filtered : 1594718654.000000
CCGP filtered : 1062901689.000000
CCGT filtered : 636878621.000000
time : 614.024902
