Parameters: GAD=1 vflib=1 dir=0 label=0 lowerbound=1 fileNameGp=../../cp2016-max-common-connected-subgraph-paper/datasets/graphsdb/mcs50/bvg/b03/mcs50_b03_s35.A02 fileNameGt=../../cp2016-max-common-connected-subgraph-paper/datasets/graphsdb/mcs50/bvg/b03/mcs50_b03_s35.B02
Reading graphs...
35 :  52
35 :  52
Initializing...
maxdom : 35
D->valSize : 1225
Solving...
currentSize : 17 <-- 0.021066 s
currentSize : 18 <-- 0.021099 s
currentSize : 19 <-- 0.021776 s
currentSize : 20 <-- 0.023215 s
currentSize : 21 <-- 0.028724 s
currentSize : 22 <-- 0.632024 s
currentSize : 23 <-- 0.632415 s
currentSize : 24 <-- 7.686532 s
currentSize : 25 <-- 19.909599 s
currentSize : 26 <-- 63.587170 s

maxsize : 26
nodes : 8389515.000000
filtered : 236010206.000000
CCGP filtered : 117273492.000000
CCGT filtered : 75518476.000000
time : 90.499054
