Parameters: GAD=1 vflib=1 dir=0 label=0 lowerbound=1 fileNameGp=../../cp2016-max-common-connected-subgraph-paper/datasets/graphsdb/mcs50/m4D/m4Dr2/mcs50_m4Dr2_s40.A00 fileNameGt=../../cp2016-max-common-connected-subgraph-paper/datasets/graphsdb/mcs50/m4D/m4Dr2/mcs50_m4Dr2_s40.B00
Reading graphs...
40 :  78
40 :  75
Initializing...
maxdom : 40
D->valSize : 1600
Solving...
currentSize : 17 <-- 0.055155 s
currentSize : 18 <-- 0.055200 s
currentSize : 19 <-- 0.055272 s
currentSize : 20 <-- 0.060079 s
currentSize : 21 <-- 0.089813 s
currentSize : 22 <-- 0.519592 s
currentSize : 23 <-- 5.204131 s
currentSize : 24 <-- 21.089800 s
currentSize : 25 <-- 21.096844 s
currentSize : 26 <-- 21.097639 s
currentSize : 27 <-- 95.884071 s
currentSize : 28 <-- 570.510864 s

maxsize : 28
nodes : 73007627.000000
filtered : 2511985320.000000
CCGP filtered : 988687668.000000
CCGT filtered : 747592036.000000
time : 955.444031
