Parameters: GAD=1 vflib=1 dir=0 label=0 lowerbound=1 fileNameGp=../../cp2016-max-common-connected-subgraph-paper/datasets/graphsdb/mcs50/rand/r005/mcs50_r005_s25.A08 fileNameGt=../../cp2016-max-common-connected-subgraph-paper/datasets/graphsdb/mcs50/rand/r005/mcs50_r005_s25.B08
Reading graphs...
25 :  35
25 :  35
Initializing...
maxdom : 25
D->valSize : 625
Solving...
currentSize : 7 <-- 0.009245 s
currentSize : 10 <-- 0.009333 s
currentSize : 11 <-- 0.009397 s
currentSize : 12 <-- 0.069388 s
currentSize : 13 <-- 0.072310 s
currentSize : 14 <-- 0.083248 s
currentSize : 15 <-- 0.084160 s
currentSize : 16 <-- 0.155764 s
currentSize : 17 <-- 0.545615 s
currentSize : 18 <-- 0.837928 s
currentSize : 19 <-- 1.320901 s

maxsize : 19
nodes : 211404.000000
filtered : 3414003.000000
CCGP filtered : 2311715.000000
CCGT filtered : 844930.000000
time : 1.464960
