Parameters: GAD=1 vflib=1 dir=0 label=0 lowerbound=1 fileNameGp=../../cp2016-max-common-connected-subgraph-paper/datasets/graphsdb/mcs50/m4D/m4Dr6/mcs50_m4Dr6_s35.A03 fileNameGt=../../cp2016-max-common-connected-subgraph-paper/datasets/graphsdb/mcs50/m4D/m4Dr6/mcs50_m4Dr6_s35.B03
Reading graphs...
35 :  82
35 :  79
Initializing...
maxdom : 35
D->valSize : 1225
Solving...
currentSize : 15 <-- 0.020007 s
currentSize : 16 <-- 0.020449 s
currentSize : 17 <-- 0.022461 s
currentSize : 18 <-- 0.026801 s
currentSize : 19 <-- 0.042750 s
currentSize : 20 <-- 0.255021 s
currentSize : 21 <-- 4.707118 s
currentSize : 22 <-- 49.220322 s
currentSize : 23 <-- 200.271011 s

maxsize : 23
nodes : 26671610.000000
filtered : 820943230.000000
CCGP filtered : 166570234.000000
CCGT filtered : 117570813.000000
time : 295.041992
