Parameters: GAD=1 vflib=1 dir=0 label=0 lowerbound=1 fileNameGp=../../cp2016-max-common-connected-subgraph-paper/datasets/graphsdb/mcs50/m4D/m4Dr2/mcs50_m4Dr2_s35.A04 fileNameGt=../../cp2016-max-common-connected-subgraph-paper/datasets/graphsdb/mcs50/m4D/m4Dr2/mcs50_m4Dr2_s35.B04
Reading graphs...
35 :  70
35 :  70
Initializing...
maxdom : 35
D->valSize : 1225
Solving...
currentSize : 8 <-- 0.020967 s
currentSize : 14 <-- 0.021281 s
currentSize : 15 <-- 0.021296 s
currentSize : 16 <-- 0.021776 s
currentSize : 17 <-- 0.035244 s
currentSize : 18 <-- 0.043275 s
currentSize : 19 <-- 0.104675 s
currentSize : 20 <-- 0.110354 s
currentSize : 21 <-- 0.173553 s
currentSize : 22 <-- 0.619269 s
currentSize : 23 <-- 3.874548 s

maxsize : 23
nodes : 12806090.000000
filtered : 389990151.000000
CCGP filtered : 152507444.000000
CCGT filtered : 131316712.000000
time : 152.146133
