Parameters: GAD=1 vflib=1 dir=0 label=0 lowerbound=1 fileNameGp=../../cp2016-max-common-connected-subgraph-paper/datasets/graphsdb/mcs50/bvg/b03m/mcs50_b03m_s50.A04 fileNameGt=../../cp2016-max-common-connected-subgraph-paper/datasets/graphsdb/mcs50/bvg/b03m/mcs50_b03m_s50.B04
Reading graphs...
50 :  74
50 :  73
Initializing...
maxdom : 50
D->valSize : 2500
Solving...
currentSize : 22 <-- 0.121995 s
currentSize : 23 <-- 0.122205 s
currentSize : 24 <-- 0.122267 s
currentSize : 25 <-- 0.232237 s
currentSize : 26 <-- 0.366014 s
currentSize : 27 <-- 0.377353 s
currentSize : 28 <-- 0.377592 s
currentSize : 29 <-- 0.688052 s
currentSize : 30 <-- 0.752221 s
currentSize : 31 <-- 27.062716 s
currentSize : 32 <-- 126.091873 s
currentSize : 33 <-- 680.966064 s
currentSize : 34 <-- 929.514832 s

TIMEOUT
maxsize : 34
nodes : 66034542.000000
filtered : 1615581263.000000
CCGP filtered : 1355167823.000000
CCGT filtered : 1498478202.000000
time : 1000.000061
