Parameters: GAD=1 vflib=1 dir=0 label=0 lowerbound=1 fileNameGp=../../cp2016-max-common-connected-subgraph-paper/datasets/graphsdb/mcs50/bvg/b03/mcs50_b03_s50.A08 fileNameGt=../../cp2016-max-common-connected-subgraph-paper/datasets/graphsdb/mcs50/bvg/b03/mcs50_b03_s50.B08
Reading graphs...
50 :  74
50 :  75
Initializing...
maxdom : 50
D->valSize : 2500
Solving...
currentSize : 20 <-- 0.097835 s
currentSize : 21 <-- 0.097939 s
currentSize : 23 <-- 0.098108 s
currentSize : 24 <-- 0.102653 s
currentSize : 25 <-- 0.104786 s
currentSize : 26 <-- 0.105548 s
currentSize : 27 <-- 0.109210 s
currentSize : 28 <-- 0.111898 s
currentSize : 29 <-- 0.358353 s
currentSize : 30 <-- 15.552759 s
currentSize : 31 <-- 159.480927 s
currentSize : 32 <-- 159.481033 s
currentSize : 33 <-- 184.678223 s
currentSize : 34 <-- 415.605042 s

TIMEOUT
maxsize : 34
nodes : 65541687.000000
filtered : 1897847902.000000
CCGP filtered : 1692800903.000000
CCGT filtered : 1050627702.000000
time : 1000.000061
