Parameters: GAD=1 vflib=1 dir=0 label=0 lowerbound=1 fileNameGp=../../cp2016-max-common-connected-subgraph-paper/datasets/graphsdb/mcs50/m2D/m2Dr2/mcs50_m2Dr2_s40.A02 fileNameGt=../../cp2016-max-common-connected-subgraph-paper/datasets/graphsdb/mcs50/m2D/m2Dr2/mcs50_m2Dr2_s40.B02
Reading graphs...
40 :  73
40 :  74
Initializing...
maxdom : 40
D->valSize : 1600
Solving...
currentSize : 17 <-- 0.035785 s
currentSize : 18 <-- 0.035888 s
currentSize : 19 <-- 0.038168 s
currentSize : 20 <-- 0.038440 s
currentSize : 21 <-- 0.044583 s
currentSize : 22 <-- 0.066958 s
currentSize : 23 <-- 0.349491 s
currentSize : 24 <-- 5.556473 s
currentSize : 25 <-- 21.097616 s
currentSize : 26 <-- 132.989899 s
currentSize : 27 <-- 517.090515 s

TIMEOUT
maxsize : 27
nodes : 78470059.000000
filtered : 2304430279.000000
CCGP filtered : 755763781.000000
CCGT filtered : 627632436.000000
time : 1000.000000
