Parameters: GAD=1 vflib=1 dir=0 label=0 lowerbound=1 fileNameGp=../../cp2016-max-common-connected-subgraph-paper/datasets/graphsdb/mcs50/rand/r005/mcs50_r005_s20.A01 fileNameGt=../../cp2016-max-common-connected-subgraph-paper/datasets/graphsdb/mcs50/rand/r005/mcs50_r005_s20.B01
Reading graphs...
20 :  23
20 :  24
Initializing...
maxdom : 20
D->valSize : 400
Solving...
currentSize : 7 <-- 0.003716 s
currentSize : 8 <-- 0.003775 s
currentSize : 9 <-- 0.003813 s
currentSize : 10 <-- 0.003839 s
currentSize : 11 <-- 0.003946 s
currentSize : 12 <-- 0.005150 s
currentSize : 13 <-- 0.005606 s
currentSize : 14 <-- 0.007881 s
currentSize : 16 <-- 0.017619 s

maxsize : 16
nodes : 3714.000000
filtered : 72754.000000
CCGP filtered : 75221.000000
CCGT filtered : 21583.000000
time : 0.041984
