Parameters: GAD=1 vflib=1 dir=0 label=0 lowerbound=1 fileNameGp=../../cp2016-max-common-connected-subgraph-paper/datasets/graphsdb/mcs50/bvg/b03m/mcs50_b03m_s50.A02 fileNameGt=../../cp2016-max-common-connected-subgraph-paper/datasets/graphsdb/mcs50/bvg/b03m/mcs50_b03m_s50.B02
Reading graphs...
50 :  75
50 :  75
Initializing...
maxdom : 50
D->valSize : 2500
Solving...
currentSize : 20 <-- 0.097675 s
currentSize : 22 <-- 0.097997 s
currentSize : 25 <-- 0.098089 s
currentSize : 26 <-- 0.103389 s
currentSize : 27 <-- 0.141797 s
currentSize : 28 <-- 0.798392 s
currentSize : 29 <-- 1.338287 s
currentSize : 30 <-- 2.027441 s
currentSize : 31 <-- 19.405575 s
currentSize : 32 <-- 33.626579 s
currentSize : 33 <-- 37.115974 s
currentSize : 34 <-- 39.301056 s

TIMEOUT
maxsize : 34
nodes : 67450377.000000
filtered : 2111997830.000000
CCGP filtered : 1531955765.000000
CCGT filtered : 975647803.000000
time : 1000.000061
