Parameters: GAD=1 vflib=1 dir=0 label=0 lowerbound=1 fileNameGp=../../cp2016-max-common-connected-subgraph-paper/datasets/graphsdb/mcs50/bvg/b03m/mcs50_b03m_s35.A06 fileNameGt=../../cp2016-max-common-connected-subgraph-paper/datasets/graphsdb/mcs50/bvg/b03m/mcs50_b03m_s35.B06
Reading graphs...
35 :  52
35 :  51
Initializing...
maxdom : 35
D->valSize : 1225
Solving...
currentSize : 15 <-- 0.021037 s
currentSize : 17 <-- 0.021071 s
currentSize : 19 <-- 0.021149 s
currentSize : 20 <-- 0.022934 s
currentSize : 21 <-- 0.032942 s
currentSize : 22 <-- 0.256804 s
currentSize : 23 <-- 0.447907 s
currentSize : 24 <-- 1.564410 s
currentSize : 25 <-- 8.096916 s

maxsize : 25
nodes : 12750756.000000
filtered : 340109610.000000
CCGP filtered : 149471143.000000
CCGT filtered : 106650790.000000
time : 134.746384
