Parameters: GAD=1 vflib=1 dir=0 label=0 lowerbound=1 fileNameGp=../../cp2016-max-common-connected-subgraph-paper/datasets/graphsdb/mcs50/m4D/m4Dr2/mcs50_m4Dr2_s40.A06 fileNameGt=../../cp2016-max-common-connected-subgraph-paper/datasets/graphsdb/mcs50/m4D/m4Dr2/mcs50_m4Dr2_s40.B06
Reading graphs...
40 :  79
40 :  78
Initializing...
maxdom : 40
D->valSize : 1600
Solving...
currentSize : 15 <-- 0.035501 s
currentSize : 17 <-- 0.035577 s
currentSize : 18 <-- 0.035728 s
currentSize : 19 <-- 0.055869 s
currentSize : 20 <-- 0.055885 s
currentSize : 21 <-- 0.140810 s
currentSize : 22 <-- 0.442320 s
currentSize : 23 <-- 17.151655 s
currentSize : 24 <-- 29.303614 s
currentSize : 25 <-- 29.990250 s
currentSize : 26 <-- 323.023438 s

TIMEOUT
maxsize : 26
nodes : 80721654.000000
filtered : 2152659577.000000
CCGP filtered : 1187641316.000000
CCGT filtered : 821155536.000000
time : 1000.000000
