Parameters: GAD=1 vflib=1 dir=0 label=0 lowerbound=1 fileNameGp=../../cp2016-max-common-connected-subgraph-paper/datasets/graphsdb/mcs50/bvg/b03m/mcs50_b03m_s50.A07 fileNameGt=../../cp2016-max-common-connected-subgraph-paper/datasets/graphsdb/mcs50/bvg/b03m/mcs50_b03m_s50.B07
Reading graphs...
50 :  75
50 :  74
Initializing...
maxdom : 50
D->valSize : 2500
Solving...
currentSize : 22 <-- 0.097791 s
currentSize : 23 <-- 0.097988 s
currentSize : 24 <-- 0.098311 s
currentSize : 27 <-- 0.150132 s
currentSize : 28 <-- 0.152005 s
currentSize : 29 <-- 9.278631 s
currentSize : 30 <-- 14.657386 s
currentSize : 31 <-- 14.695458 s
currentSize : 33 <-- 50.732990 s
currentSize : 34 <-- 50.772762 s
currentSize : 35 <-- 825.758972 s

TIMEOUT
maxsize : 35
nodes : 60812772.000000
filtered : 1938079847.000000
CCGP filtered : 1830156793.000000
CCGT filtered : 1379770986.000000
time : 1000.000061
