Parameters: GAD=1 vflib=1 dir=0 label=0 lowerbound=1 fileNameGp=../../cp2016-max-common-connected-subgraph-paper/datasets/graphsdb/mcs50/m2D/m2Dr4/mcs50_m2Dr4_s50.A03 fileNameGt=../../cp2016-max-common-connected-subgraph-paper/datasets/graphsdb/mcs50/m2D/m2Dr4/mcs50_m2Dr4_s50.B03
Reading graphs...
50 :  104
50 :  102
Initializing...
maxdom : 50
D->valSize : 2500
Solving...
currentSize : 20 <-- 0.162015 s
currentSize : 21 <-- 0.162414 s
currentSize : 22 <-- 0.174221 s
currentSize : 23 <-- 0.244853 s
currentSize : 24 <-- 0.245189 s
currentSize : 25 <-- 0.245474 s
currentSize : 26 <-- 0.461562 s
currentSize : 27 <-- 0.541435 s
currentSize : 29 <-- 2.438520 s
currentSize : 30 <-- 88.608238 s
currentSize : 31 <-- 134.856445 s
currentSize : 32 <-- 209.667999 s

TIMEOUT
maxsize : 32
nodes : 68966665.000000
filtered : 1971737367.000000
CCGP filtered : 745528710.000000
CCGT filtered : 339913788.000000
time : 1000.000061
