Parameters: GAD=1 vflib=1 dir=0 label=0 lowerbound=1 fileNameGp=../../cp2016-max-common-connected-subgraph-paper/datasets/graphsdb/mcs50/m4D/m4Dr4/mcs50_m4Dr4_s35.A05 fileNameGt=../../cp2016-max-common-connected-subgraph-paper/datasets/graphsdb/mcs50/m4D/m4Dr4/mcs50_m4Dr4_s35.B05
Reading graphs...
35 :  77
35 :  75
Initializing...
maxdom : 35
D->valSize : 1225
Solving...
currentSize : 16 <-- 0.019913 s
currentSize : 17 <-- 0.024430 s
currentSize : 18 <-- 0.024733 s
currentSize : 19 <-- 0.025507 s
currentSize : 20 <-- 0.026514 s
currentSize : 21 <-- 0.028890 s
currentSize : 22 <-- 2.540205 s
currentSize : 23 <-- 4.605482 s
currentSize : 24 <-- 609.324158 s

maxsize : 24
nodes : 57378186.000000
filtered : 1606212247.000000
CCGP filtered : 569130526.000000
CCGT filtered : 302776314.000000
time : 628.348022
