Parameters: GAD=1 vflib=1 dir=0 label=0 lowerbound=1 fileNameGp=../../cp2016-max-common-connected-subgraph-paper/datasets/graphsdb/mcs50/m2D/m2D/mcs50_m2D_s50.A01 fileNameGt=../../cp2016-max-common-connected-subgraph-paper/datasets/graphsdb/mcs50/m2D/m2D/mcs50_m2D_s50.B01
Reading graphs...
50 :  85
50 :  85
Initializing...
maxdom : 50
D->valSize : 2500
Solving...
currentSize : 19 <-- 0.096739 s
currentSize : 20 <-- 0.096824 s
currentSize : 21 <-- 0.097009 s
currentSize : 22 <-- 0.097385 s
currentSize : 23 <-- 0.097486 s
currentSize : 24 <-- 0.097540 s
currentSize : 25 <-- 0.097706 s
currentSize : 27 <-- 0.097963 s
currentSize : 28 <-- 0.099428 s
currentSize : 29 <-- 0.102740 s
currentSize : 30 <-- 1.982675 s
currentSize : 31 <-- 2.991423 s
currentSize : 32 <-- 45.353432 s
currentSize : 33 <-- 138.160339 s
currentSize : 34 <-- 294.198212 s

TIMEOUT
maxsize : 34
nodes : 66437997.000000
filtered : 2029071960.000000
CCGP filtered : 1192646027.000000
CCGT filtered : 654537068.000000
time : 1000.000061
