Parameters: GAD=1 vflib=1 dir=0 label=0 lowerbound=1 fileNameGp=../../cp2016-max-common-connected-subgraph-paper/datasets/graphsdb/mcs50/bvg/b03m/mcs50_b03m_s35.A08 fileNameGt=../../cp2016-max-common-connected-subgraph-paper/datasets/graphsdb/mcs50/bvg/b03m/mcs50_b03m_s35.B08
Reading graphs...
35 :  51
35 :  52
Initializing...
maxdom : 35
D->valSize : 1225
Solving...
currentSize : 13 <-- 0.021420 s
currentSize : 14 <-- 0.021611 s
currentSize : 15 <-- 0.021881 s
currentSize : 16 <-- 0.022059 s
currentSize : 17 <-- 0.025677 s
currentSize : 18 <-- 0.026276 s
currentSize : 19 <-- 0.034072 s
currentSize : 20 <-- 0.086781 s
currentSize : 21 <-- 0.174898 s
currentSize : 22 <-- 0.517373 s
currentSize : 23 <-- 1.641262 s
currentSize : 24 <-- 13.717876 s
currentSize : 25 <-- 19.721205 s

maxsize : 25
nodes : 8366983.000000
filtered : 217851236.000000
CCGP filtered : 140066275.000000
CCGT filtered : 71535561.000000
time : 88.280701
