Parameters: GAD=1 vflib=1 dir=0 label=0 lowerbound=1 fileNameGp=../../cp2016-max-common-connected-subgraph-paper/datasets/graphsdb/mcs50/m3D/m3Dr6/mcs50_m3Dr6_s50.A04 fileNameGt=../../cp2016-max-common-connected-subgraph-paper/datasets/graphsdb/mcs50/m3D/m3Dr6/mcs50_m3Dr6_s50.B04
Reading graphs...
50 :  138
50 :  134
Initializing...
maxdom : 50
D->valSize : 2500
Solving...
currentSize : 19 <-- 0.093597 s
currentSize : 20 <-- 0.094430 s
currentSize : 21 <-- 0.096099 s
currentSize : 22 <-- 0.101816 s
currentSize : 23 <-- 0.141509 s
currentSize : 24 <-- 0.357653 s
currentSize : 25 <-- 2.449767 s
currentSize : 26 <-- 5.667477 s
currentSize : 27 <-- 26.238831 s
currentSize : 28 <-- 454.831055 s
currentSize : 29 <-- 824.284546 s

TIMEOUT
maxsize : 29
nodes : 67576316.000000
filtered : 1724965269.000000
CCGP filtered : 358086009.000000
CCGT filtered : 367743895.000000
time : 1000.000061
