Parameters: GAD=1 vflib=1 dir=0 label=0 lowerbound=1 fileNameGp=../../cp2016-max-common-connected-subgraph-paper/datasets/graphsdb/mcs50/bvg/b06/mcs50_b06_s35.A00 fileNameGt=../../cp2016-max-common-connected-subgraph-paper/datasets/graphsdb/mcs50/bvg/b06/mcs50_b06_s35.B00
Reading graphs...
35 :  103
35 :  101
Initializing...
maxdom : 35
D->valSize : 1225
Solving...
currentSize : 12 <-- 0.033830 s
currentSize : 14 <-- 0.033935 s
currentSize : 15 <-- 0.034298 s
currentSize : 16 <-- 0.035321 s
currentSize : 17 <-- 0.039455 s
currentSize : 18 <-- 0.141853 s
currentSize : 19 <-- 0.513441 s
currentSize : 20 <-- 1.814062 s
currentSize : 21 <-- 106.869171 s
currentSize : 22 <-- 107.060509 s

maxsize : 22
nodes : 75447784.000000
filtered : 2559748204.000000
CCGP filtered : 212459172.000000
CCGT filtered : 144111903.000000
time : 871.749451
