Parameters: GAD=1 vflib=1 dir=0 label=0 lowerbound=1 fileNameGp=../../cp2016-max-common-connected-subgraph-paper/datasets/graphsdb/mcs50/bvg/b09/mcs50_b09_s30.A08 fileNameGt=../../cp2016-max-common-connected-subgraph-paper/datasets/graphsdb/mcs50/bvg/b09/mcs50_b09_s30.B08
Reading graphs...
30 :  133
30 :  129
Initializing...
maxdom : 30
D->valSize : 900
Solving...
currentSize : 8 <-- 0.009666 s
currentSize : 9 <-- 0.009714 s
currentSize : 10 <-- 0.009852 s
currentSize : 11 <-- 0.009976 s
currentSize : 12 <-- 0.009993 s
currentSize : 14 <-- 0.010083 s
currentSize : 15 <-- 0.607307 s
currentSize : 16 <-- 0.705498 s
currentSize : 17 <-- 4.413208 s

maxsize : 17
nodes : 9148036.000000
filtered : 218954335.000000
CCGP filtered : 2810676.000000
CCGT filtered : 1707714.000000
time : 95.969215
