Parameters: GAD=1 vflib=1 dir=0 label=0 lowerbound=1 fileNameGp=../../cp2016-max-common-connected-subgraph-paper/datasets/graphsdb/mcs50/m4D/m4Dr2/mcs50_m4Dr2_s35.A06 fileNameGt=../../cp2016-max-common-connected-subgraph-paper/datasets/graphsdb/mcs50/m4D/m4Dr2/mcs50_m4Dr2_s35.B06
Reading graphs...
35 :  70
35 :  68
Initializing...
maxdom : 35
D->valSize : 1225
Solving...
currentSize : 12 <-- 0.020417 s
currentSize : 13 <-- 0.020453 s
currentSize : 15 <-- 0.020544 s
currentSize : 16 <-- 0.020625 s
currentSize : 17 <-- 0.030516 s
currentSize : 18 <-- 0.075867 s
currentSize : 19 <-- 0.092580 s
currentSize : 20 <-- 0.109421 s
currentSize : 21 <-- 1.213738 s
currentSize : 22 <-- 4.045670 s
currentSize : 23 <-- 4.363846 s
currentSize : 24 <-- 42.189232 s

maxsize : 24
nodes : 7777008.000000
filtered : 259264058.000000
CCGP filtered : 95166659.000000
CCGT filtered : 73239644.000000
time : 93.532928
