Parameters: GAD=1 vflib=1 dir=0 label=0 lowerbound=1 fileNameGp=../../cp2016-max-common-connected-subgraph-paper/datasets/graphsdb/mcs50/m4D/m4Dr4/mcs50_m4Dr4_s40.A03 fileNameGt=../../cp2016-max-common-connected-subgraph-paper/datasets/graphsdb/mcs50/m4D/m4Dr4/mcs50_m4Dr4_s40.B03
Reading graphs...
40 :  85
40 :  83
Initializing...
maxdom : 40
D->valSize : 1600
Solving...
currentSize : 15 <-- 0.035322 s
currentSize : 16 <-- 0.035365 s
currentSize : 18 <-- 0.035402 s
currentSize : 19 <-- 0.035639 s
currentSize : 20 <-- 0.035701 s
currentSize : 21 <-- 0.036654 s
currentSize : 22 <-- 0.038620 s
currentSize : 23 <-- 0.253501 s
currentSize : 24 <-- 3.786789 s
currentSize : 25 <-- 10.120925 s
currentSize : 26 <-- 159.878448 s

TIMEOUT
maxsize : 26
nodes : 82286856.000000
filtered : 2485355489.000000
CCGP filtered : 725184461.000000
CCGT filtered : 563984201.000000
time : 1000.000000
