Parameters: GAD=1 vflib=1 dir=0 label=0 lowerbound=1 fileNameGp=../../cp2016-max-common-connected-subgraph-paper/datasets/graphsdb/mcs50/m4D/m4Dr6/mcs50_m4Dr6_s35.A02 fileNameGt=../../cp2016-max-common-connected-subgraph-paper/datasets/graphsdb/mcs50/m4D/m4Dr6/mcs50_m4Dr6_s35.B02
Reading graphs...
35 :  82
35 :  79
Initializing...
maxdom : 35
D->valSize : 1225
Solving...
currentSize : 13 <-- 0.035175 s
currentSize : 14 <-- 0.035257 s
currentSize : 15 <-- 0.035483 s
currentSize : 16 <-- 0.037149 s
currentSize : 17 <-- 0.037356 s
currentSize : 18 <-- 0.044364 s
currentSize : 19 <-- 0.077312 s
currentSize : 20 <-- 0.110134 s
currentSize : 21 <-- 1.406556 s
currentSize : 22 <-- 34.795570 s
currentSize : 23 <-- 52.602810 s

maxsize : 23
nodes : 54854292.000000
filtered : 1747751003.000000
CCGP filtered : 235243371.000000
CCGT filtered : 167646954.000000
time : 600.717773
