Parameters: GAD=1 vflib=1 dir=0 label=0 lowerbound=1 fileNameGp=../../cp2016-max-common-connected-subgraph-paper/datasets/graphsdb/mcs50/m4D/m4Dr6/mcs50_m4Dr6_s40.A03 fileNameGt=../../cp2016-max-common-connected-subgraph-paper/datasets/graphsdb/mcs50/m4D/m4Dr6/mcs50_m4Dr6_s40.B03
Reading graphs...
40 :  90
40 :  90
Initializing...
maxdom : 40
D->valSize : 1600
Solving...
currentSize : 14 <-- 0.035039 s
currentSize : 15 <-- 0.035073 s
currentSize : 18 <-- 0.035239 s
currentSize : 19 <-- 0.035402 s
currentSize : 20 <-- 0.039160 s
currentSize : 21 <-- 0.048628 s
currentSize : 22 <-- 0.048998 s
currentSize : 23 <-- 0.549235 s
currentSize : 24 <-- 0.624228 s
currentSize : 25 <-- 0.939092 s
currentSize : 26 <-- 72.208260 s

TIMEOUT
maxsize : 26
nodes : 76645471.000000
filtered : 2583280390.000000
CCGP filtered : 570064432.000000
CCGT filtered : 482632021.000000
time : 1000.000000
