Parameters: GAD=1 vflib=1 dir=0 label=0 lowerbound=1 fileNameGp=../../cp2016-max-common-connected-subgraph-paper/datasets/graphsdb/mcs50/m4D/m4D/mcs50_m4D_s40.A00 fileNameGt=../../cp2016-max-common-connected-subgraph-paper/datasets/graphsdb/mcs50/m4D/m4D/mcs50_m4D_s40.B00
Reading graphs...
40 :  70
40 :  71
Initializing...
maxdom : 40
D->valSize : 1600
Solving...
currentSize : 19 <-- 0.036229 s
currentSize : 20 <-- 0.036279 s
currentSize : 21 <-- 0.036644 s
currentSize : 22 <-- 0.036663 s
currentSize : 23 <-- 0.036982 s
currentSize : 24 <-- 0.148856 s
currentSize : 25 <-- 6.899220 s
currentSize : 26 <-- 14.814358 s
currentSize : 27 <-- 91.115112 s
currentSize : 28 <-- 195.732666 s

maxsize : 28
nodes : 28840415.000000
filtered : 1155477684.000000
CCGP filtered : 696119644.000000
CCGT filtered : 508776380.000000
time : 408.050812
