Parameters: GAD=1 vflib=1 dir=0 label=0 lowerbound=1 fileNameGp=../../cp2016-max-common-connected-subgraph-paper/datasets/graphsdb/mcs50/m4D/m4Dr4/mcs50_m4Dr4_s30.A09 fileNameGt=../../cp2016-max-common-connected-subgraph-paper/datasets/graphsdb/mcs50/m4D/m4Dr4/mcs50_m4Dr4_s30.B09
Reading graphs...
30 :  66
30 :  65
Initializing...
maxdom : 30
D->valSize : 900
Solving...
currentSize : 11 <-- 0.018891 s
currentSize : 13 <-- 0.018940 s
currentSize : 14 <-- 0.019505 s
currentSize : 15 <-- 0.020439 s
currentSize : 16 <-- 0.053716 s
currentSize : 17 <-- 0.098167 s
currentSize : 18 <-- 0.098219 s
currentSize : 19 <-- 1.392864 s
currentSize : 20 <-- 1.535956 s

maxsize : 20
nodes : 5784579.000000
filtered : 153685584.000000
CCGP filtered : 25473885.000000
CCGT filtered : 18993585.000000
time : 54.729588
