Parameters: GAD=1 vflib=1 dir=0 label=0 lowerbound=1 fileNameGp=../../cp2016-max-common-connected-subgraph-paper/datasets/graphsdb/mcs50/m2D/m2D/mcs50_m2D_s50.A04 fileNameGt=../../cp2016-max-common-connected-subgraph-paper/datasets/graphsdb/mcs50/m2D/m2D/mcs50_m2D_s50.B04
Reading graphs...
50 :  85
50 :  84
Initializing...
maxdom : 50
D->valSize : 2500
Solving...
currentSize : 21 <-- 0.097416 s
currentSize : 22 <-- 0.097724 s
currentSize : 23 <-- 0.099046 s
currentSize : 24 <-- 0.099128 s
currentSize : 25 <-- 0.100049 s
currentSize : 26 <-- 0.120259 s
currentSize : 27 <-- 0.391729 s
currentSize : 28 <-- 0.616387 s
currentSize : 29 <-- 0.773830 s
currentSize : 30 <-- 3.084657 s
currentSize : 31 <-- 67.497704 s
currentSize : 32 <-- 173.504150 s
currentSize : 33 <-- 213.610535 s
currentSize : 34 <-- 662.520813 s

TIMEOUT
maxsize : 34
nodes : 66566979.000000
filtered : 2219728457.000000
CCGP filtered : 1096722949.000000
CCGT filtered : 750220945.000000
time : 1000.000061
