Parameters: GAD=1 vflib=1 dir=0 label=0 lowerbound=1 fileNameGp=../../cp2016-max-common-connected-subgraph-paper/datasets/graphsdb/mcs50/m4D/m4D/mcs50_m4D_s35.A09 fileNameGt=../../cp2016-max-common-connected-subgraph-paper/datasets/graphsdb/mcs50/m4D/m4D/mcs50_m4D_s35.B09
Reading graphs...
35 :  62
35 :  63
Initializing...
maxdom : 35
D->valSize : 1225
Solving...
currentSize : 12 <-- 0.020884 s
currentSize : 14 <-- 0.021533 s
currentSize : 15 <-- 0.022001 s
currentSize : 16 <-- 0.034875 s
currentSize : 19 <-- 0.077777 s
currentSize : 20 <-- 0.078004 s
currentSize : 21 <-- 0.078286 s
currentSize : 22 <-- 0.080190 s
currentSize : 23 <-- 2.807471 s

maxsize : 23
nodes : 34500746.000000
filtered : 980259072.000000
CCGP filtered : 753242091.000000
CCGT filtered : 463847173.000000
time : 388.784607
