Parameters: GAD=1 vflib=1 dir=0 label=0 lowerbound=1 fileNameGp=../../cp2016-max-common-connected-subgraph-paper/datasets/graphsdb/mcs50/m2D/m2Dr4/mcs50_m2Dr4_s50.A00 fileNameGt=../../cp2016-max-common-connected-subgraph-paper/datasets/graphsdb/mcs50/m2D/m2Dr4/mcs50_m2Dr4_s50.B00
Reading graphs...
50 :  103
50 :  104
Initializing...
maxdom : 50
D->valSize : 2500
Solving...
currentSize : 20 <-- 0.112888 s
currentSize : 22 <-- 0.113158 s
currentSize : 23 <-- 0.114928 s
currentSize : 24 <-- 0.146504 s
currentSize : 25 <-- 0.252005 s
currentSize : 26 <-- 0.575349 s
currentSize : 27 <-- 0.912281 s
currentSize : 28 <-- 1.003207 s
currentSize : 29 <-- 1.811347 s
currentSize : 30 <-- 36.752281 s
currentSize : 31 <-- 133.913025 s

TIMEOUT
maxsize : 31
nodes : 65008896.000000
filtered : 1830669766.000000
CCGP filtered : 959230295.000000
CCGT filtered : 867016895.000000
time : 1000.000061
