Parameters: GAD=1 vflib=1 dir=0 label=0 lowerbound=1 fileNameGp=../../cp2016-max-common-connected-subgraph-paper/datasets/graphsdb/mcs50/m4D/m4Dr2/mcs50_m4Dr2_s40.A03 fileNameGt=../../cp2016-max-common-connected-subgraph-paper/datasets/graphsdb/mcs50/m4D/m4Dr2/mcs50_m4Dr2_s40.B03
Reading graphs...
40 :  78
40 :  77
Initializing...
maxdom : 40
D->valSize : 1600
Solving...
currentSize : 18 <-- 0.035688 s
currentSize : 19 <-- 0.035899 s
currentSize : 20 <-- 0.036461 s
currentSize : 21 <-- 0.037073 s
currentSize : 22 <-- 0.043213 s
currentSize : 23 <-- 0.057343 s
currentSize : 24 <-- 0.087247 s
currentSize : 25 <-- 11.717546 s
currentSize : 26 <-- 12.351908 s
currentSize : 27 <-- 71.649841 s

TIMEOUT
maxsize : 27
nodes : 78656850.000000
filtered : 2475174170.000000
CCGP filtered : 1106768897.000000
CCGT filtered : 971826782.000000
time : 1000.000061
