Parameters: GAD=1 vflib=1 dir=0 label=0 lowerbound=1 fileNameGp=../../cp2016-max-common-connected-subgraph-paper/datasets/graphsdb/mcs50/bvg/b03/mcs50_b03_s25.A02 fileNameGt=../../cp2016-max-common-connected-subgraph-paper/datasets/graphsdb/mcs50/bvg/b03/mcs50_b03_s25.B02
Reading graphs...
25 :  37
25 :  37
Initializing...
maxdom : 25
D->valSize : 625
Solving...
currentSize : 8 <-- 0.005394 s
currentSize : 9 <-- 0.005424 s
currentSize : 10 <-- 0.005571 s
currentSize : 12 <-- 0.005764 s
currentSize : 13 <-- 0.007152 s
currentSize : 15 <-- 0.009732 s
currentSize : 16 <-- 0.016005 s
currentSize : 17 <-- 0.221911 s
currentSize : 18 <-- 0.751298 s
currentSize : 19 <-- 1.099818 s

maxsize : 19
nodes : 192347.000000
filtered : 3452122.000000
CCGP filtered : 1803217.000000
CCGT filtered : 751354.000000
time : 1.406539
