Parameters: GAD=1 vflib=1 dir=0 label=0 lowerbound=1 fileNameGp=../../cp2016-max-common-connected-subgraph-paper/datasets/graphsdb/mcs50/bvg/b03m/mcs50_b03m_s35.A07 fileNameGt=../../cp2016-max-common-connected-subgraph-paper/datasets/graphsdb/mcs50/bvg/b03m/mcs50_b03m_s35.B07
Reading graphs...
35 :  52
35 :  52
Initializing...
maxdom : 35
D->valSize : 1225
Solving...
currentSize : 16 <-- 0.036287 s
currentSize : 17 <-- 0.036583 s
currentSize : 18 <-- 0.044665 s
currentSize : 19 <-- 0.059497 s
currentSize : 20 <-- 0.080764 s
currentSize : 21 <-- 0.081358 s
currentSize : 22 <-- 0.391121 s
currentSize : 23 <-- 2.548935 s
currentSize : 24 <-- 7.585646 s
currentSize : 25 <-- 35.650558 s

maxsize : 25
nodes : 7289885.000000
filtered : 197436418.000000
CCGP filtered : 124737880.000000
CCGT filtered : 83112439.000000
time : 79.734802
