Parameters: GAD=1 vflib=1 dir=0 label=0 lowerbound=1 fileNameGp=../../cp2016-max-common-connected-subgraph-paper/datasets/graphsdb/mcs50/m4D/m4Dr4/mcs50_m4Dr4_s35.A07 fileNameGt=../../cp2016-max-common-connected-subgraph-paper/datasets/graphsdb/mcs50/m4D/m4Dr4/mcs50_m4Dr4_s35.B07
Reading graphs...
35 :  75
35 :  75
Initializing...
maxdom : 35
D->valSize : 1225
Solving...
currentSize : 13 <-- 0.034916 s
currentSize : 14 <-- 0.034992 s
currentSize : 15 <-- 0.037003 s
currentSize : 16 <-- 0.047482 s
currentSize : 17 <-- 0.053324 s
currentSize : 18 <-- 0.150961 s
currentSize : 19 <-- 0.275849 s
currentSize : 20 <-- 1.753476 s
currentSize : 21 <-- 1.757777 s
currentSize : 22 <-- 8.143247 s
currentSize : 23 <-- 9.426811 s
currentSize : 24 <-- 12.024615 s

maxsize : 24
nodes : 6592688.000000
filtered : 234905126.000000
CCGP filtered : 72852699.000000
CCGT filtered : 56123027.000000
time : 79.585808
