Parameters: GAD=1 vflib=1 dir=0 label=0 lowerbound=1 fileNameGp=../../cp2016-max-common-connected-subgraph-paper/datasets/graphsdb/mcs50/m3D/m3Dr6/mcs50_m3Dr6_s50.A02 fileNameGt=../../cp2016-max-common-connected-subgraph-paper/datasets/graphsdb/mcs50/m3D/m3Dr6/mcs50_m3Dr6_s50.B02
Reading graphs...
50 :  135
50 :  135
Initializing...
maxdom : 50
D->valSize : 2500
Solving...
currentSize : 17 <-- 0.113837 s
currentSize : 19 <-- 0.113932 s
currentSize : 20 <-- 0.114160 s
currentSize : 22 <-- 0.114301 s
currentSize : 23 <-- 0.115019 s
currentSize : 24 <-- 0.120444 s
currentSize : 25 <-- 0.129654 s
currentSize : 26 <-- 5.170107 s
currentSize : 27 <-- 64.231834 s
currentSize : 28 <-- 73.621323 s

TIMEOUT
maxsize : 28
nodes : 67199498.000000
filtered : 1674074306.000000
CCGP filtered : 243235609.000000
CCGT filtered : 295553983.000000
time : 1000.000061
