Parameters: GAD=1 vflib=1 dir=0 label=0 lowerbound=1 fileNameGp=../../cp2016-max-common-connected-subgraph-paper/datasets/graphsdb/mcs50/bvg/b03m/mcs50_b03m_s35.A01 fileNameGt=../../cp2016-max-common-connected-subgraph-paper/datasets/graphsdb/mcs50/bvg/b03m/mcs50_b03m_s35.B01
Reading graphs...
35 :  50
35 :  51
Initializing...
maxdom : 35
D->valSize : 1225
Solving...
currentSize : 8 <-- 0.021057 s
currentSize : 9 <-- 0.021102 s
currentSize : 16 <-- 0.021215 s
currentSize : 17 <-- 0.021633 s
currentSize : 18 <-- 0.022067 s
currentSize : 19 <-- 0.026526 s
currentSize : 21 <-- 0.031100 s
currentSize : 22 <-- 0.077411 s
currentSize : 23 <-- 0.137163 s
currentSize : 24 <-- 1.823515 s
currentSize : 25 <-- 3.228882 s

maxsize : 25
nodes : 6889523.000000
filtered : 193812824.000000
CCGP filtered : 189532733.000000
CCGT filtered : 102298190.000000
time : 79.885269
