Parameters: GAD=1 vflib=1 dir=0 label=0 lowerbound=1 fileNameGp=../../cp2016-max-common-connected-subgraph-paper/datasets/graphsdb/mcs50/bvg/b09/mcs50_b09_s40.A03 fileNameGt=../../cp2016-max-common-connected-subgraph-paper/datasets/graphsdb/mcs50/bvg/b09/mcs50_b09_s40.B03
Reading graphs...
40 :  178
40 :  176
Initializing...
maxdom : 40
D->valSize : 1600
Solving...
currentSize : 13 <-- 0.031526 s
currentSize : 14 <-- 0.033756 s
currentSize : 15 <-- 0.044229 s
currentSize : 16 <-- 0.088477 s
currentSize : 17 <-- 0.286094 s
currentSize : 18 <-- 29.555817 s
currentSize : 19 <-- 78.322586 s
currentSize : 20 <-- 109.271629 s
currentSize : 22 <-- 227.253250 s
currentSize : 23 <-- 923.092041 s

TIMEOUT
maxsize : 23
nodes : 74287775.000000
filtered : 1933276875.000000
CCGP filtered : 41103375.000000
CCGT filtered : 14285773.000000
time : 1000.000000
