Parameters: GAD=1 vflib=1 dir=0 label=0 lowerbound=1 fileNameGp=../../cp2016-max-common-connected-subgraph-paper/datasets/graphsdb/mcs50/m4D/m4Dr4/mcs50_m4Dr4_s40.A05 fileNameGt=../../cp2016-max-common-connected-subgraph-paper/datasets/graphsdb/mcs50/m4D/m4Dr4/mcs50_m4Dr4_s40.B05
Reading graphs...
40 :  86
40 :  83
Initializing...
maxdom : 40
D->valSize : 1600
Solving...
currentSize : 16 <-- 0.035397 s
currentSize : 17 <-- 0.035431 s
currentSize : 19 <-- 0.035560 s
currentSize : 20 <-- 0.035888 s
currentSize : 21 <-- 0.037205 s
currentSize : 22 <-- 0.037516 s
currentSize : 23 <-- 0.228913 s
currentSize : 24 <-- 0.479448 s
currentSize : 25 <-- 0.705403 s
currentSize : 26 <-- 38.833927 s

TIMEOUT
maxsize : 26
nodes : 79879906.000000
filtered : 2429492836.000000
CCGP filtered : 563466797.000000
CCGT filtered : 453355213.000000
time : 1000.000000
