Parameters: GAD=1 vflib=1 dir=0 label=0 lowerbound=1 fileNameGp=../../cp2016-max-common-connected-subgraph-paper/datasets/graphsdb/mcs50/bvg/b06/mcs50_b06_s35.A02 fileNameGt=../../cp2016-max-common-connected-subgraph-paper/datasets/graphsdb/mcs50/bvg/b06/mcs50_b06_s35.B02
Reading graphs...
35 :  104
35 :  102
Initializing...
maxdom : 35
D->valSize : 1225
Solving...
currentSize : 11 <-- 0.019897 s
currentSize : 12 <-- 0.019969 s
currentSize : 13 <-- 0.020261 s
currentSize : 14 <-- 0.020277 s
currentSize : 15 <-- 0.021102 s
currentSize : 16 <-- 0.021768 s
currentSize : 17 <-- 0.049112 s
currentSize : 18 <-- 0.276937 s
currentSize : 19 <-- 0.398986 s
currentSize : 20 <-- 24.656618 s
currentSize : 21 <-- 125.983994 s
currentSize : 22 <-- 276.373779 s
currentSize : 23 <-- 381.037415 s

maxsize : 23
nodes : 50261730.000000
filtered : 1548139058.000000
CCGP filtered : 70426756.000000
CCGT filtered : 76614712.000000
time : 571.293579
