Parameters: GAD=1 vflib=1 dir=0 label=0 lowerbound=1 fileNameGp=../../cp2016-max-common-connected-subgraph-paper/datasets/graphsdb/mcs50/m4D/m4Dr6/mcs50_m4Dr6_s30.A04 fileNameGt=../../cp2016-max-common-connected-subgraph-paper/datasets/graphsdb/mcs50/m4D/m4Dr6/mcs50_m4Dr6_s30.B04
Reading graphs...
30 :  71
30 :  71
Initializing...
maxdom : 30
D->valSize : 900
Solving...
currentSize : 9 <-- 0.010366 s
currentSize : 10 <-- 0.010570 s
currentSize : 12 <-- 0.013437 s
currentSize : 13 <-- 0.013511 s
currentSize : 14 <-- 0.017537 s
currentSize : 15 <-- 0.018268 s
currentSize : 16 <-- 0.024847 s
currentSize : 17 <-- 0.123094 s
currentSize : 18 <-- 0.570542 s
currentSize : 19 <-- 1.348473 s

maxsize : 19
nodes : 4908329.000000
filtered : 129987450.000000
CCGP filtered : 28486552.000000
CCGT filtered : 15448100.000000
time : 47.606850
