Parameters: GAD=1 vflib=1 dir=0 label=0 lowerbound=1 fileNameGp=../../cp2016-max-common-connected-subgraph-paper/datasets/graphsdb/mcs50/bvg/b03m/mcs50_b03m_s40.A01 fileNameGt=../../cp2016-max-common-connected-subgraph-paper/datasets/graphsdb/mcs50/bvg/b03m/mcs50_b03m_s40.B01
Reading graphs...
40 :  60
40 :  60
Initializing...
maxdom : 40
D->valSize : 1600
Solving...
currentSize : 18 <-- 0.058007 s
currentSize : 19 <-- 0.058059 s
currentSize : 20 <-- 0.058142 s
currentSize : 21 <-- 0.059228 s
currentSize : 22 <-- 0.083407 s
currentSize : 23 <-- 0.101297 s
currentSize : 24 <-- 0.101541 s
currentSize : 25 <-- 0.132790 s
currentSize : 26 <-- 0.134309 s
currentSize : 27 <-- 0.167717 s
currentSize : 28 <-- 2.068329 s
currentSize : 29 <-- 24.163618 s
currentSize : 30 <-- 64.424057 s

maxsize : 30
nodes : 17200624.000000
filtered : 587227409.000000
CCGP filtered : 471509863.000000
CCGT filtered : 213461108.000000
time : 224.632462
