Parameters: GAD=1 vflib=1 dir=0 label=0 lowerbound=1 fileNameGp=../../cp2016-max-common-connected-subgraph-paper/datasets/graphsdb/mcs50/m2D/m2Dr6/mcs50_m2Dr6_s50.A01 fileNameGt=../../cp2016-max-common-connected-subgraph-paper/datasets/graphsdb/mcs50/m2D/m2Dr6/mcs50_m2Dr6_s50.B01
Reading graphs...
50 :  115
50 :  113
Initializing...
maxdom : 50
D->valSize : 2500
Solving...
currentSize : 20 <-- 0.093892 s
currentSize : 21 <-- 0.094062 s
currentSize : 22 <-- 0.094258 s
currentSize : 23 <-- 0.094622 s
currentSize : 24 <-- 0.094937 s
currentSize : 25 <-- 0.102202 s
currentSize : 26 <-- 0.109506 s
currentSize : 27 <-- 0.448428 s
currentSize : 28 <-- 0.701534 s
currentSize : 29 <-- 2.284141 s
currentSize : 30 <-- 2.443401 s
currentSize : 31 <-- 73.013512 s

TIMEOUT
maxsize : 31
nodes : 64075870.000000
filtered : 2111482320.000000
CCGP filtered : 418112848.000000
CCGT filtered : 272296737.000000
time : 1000.000061
