Parameters: GAD=1 vflib=1 dir=0 label=0 lowerbound=1 fileNameGp=../../cp2016-max-common-connected-subgraph-paper/datasets/graphsdb/mcs50/m4D/m4Dr2/mcs50_m4Dr2_s40.A08 fileNameGt=../../cp2016-max-common-connected-subgraph-paper/datasets/graphsdb/mcs50/m4D/m4Dr2/mcs50_m4Dr2_s40.B08
Reading graphs...
40 :  78
40 :  78
Initializing...
maxdom : 40
D->valSize : 1600
Solving...
currentSize : 16 <-- 0.035672 s
currentSize : 17 <-- 0.036230 s
currentSize : 18 <-- 0.036453 s
currentSize : 19 <-- 0.064107 s
currentSize : 20 <-- 0.147092 s
currentSize : 21 <-- 0.167207 s
currentSize : 22 <-- 0.169923 s
currentSize : 23 <-- 0.231284 s
currentSize : 24 <-- 7.741834 s
currentSize : 25 <-- 10.741140 s
currentSize : 26 <-- 34.866489 s
currentSize : 27 <-- 720.958374 s

TIMEOUT
maxsize : 27
nodes : 74480453.000000
filtered : 2488682055.000000
CCGP filtered : 1002985643.000000
CCGT filtered : 1029899207.000000
time : 1000.000000
