Parameters: GAD=1 vflib=1 dir=0 label=0 lowerbound=1 fileNameGp=../../cp2016-max-common-connected-subgraph-paper/datasets/graphsdb/mcs50/m2D/m2Dr6/mcs50_m2Dr6_s50.A09 fileNameGt=../../cp2016-max-common-connected-subgraph-paper/datasets/graphsdb/mcs50/m2D/m2Dr6/mcs50_m2Dr6_s50.B09
Reading graphs...
50 :  112
50 :  111
Initializing...
maxdom : 50
D->valSize : 2500
Solving...
currentSize : 17 <-- 0.119273 s
currentSize : 21 <-- 0.119357 s
currentSize : 22 <-- 0.120090 s
currentSize : 23 <-- 0.120152 s
currentSize : 24 <-- 0.121622 s
currentSize : 25 <-- 0.123478 s
currentSize : 26 <-- 0.175006 s
currentSize : 27 <-- 0.248837 s
currentSize : 28 <-- 0.391410 s
currentSize : 29 <-- 1.588150 s
currentSize : 30 <-- 5.414073 s
currentSize : 31 <-- 289.265015 s
currentSize : 32 <-- 941.039917 s

TIMEOUT
maxsize : 32
nodes : 67701834.000000
filtered : 2033473570.000000
CCGP filtered : 719262033.000000
CCGT filtered : 574407476.000000
time : 1000.000061
