Parameters: GAD=1 vflib=1 dir=0 label=0 lowerbound=1 fileNameGp=../../cp2016-max-common-connected-subgraph-paper/datasets/graphsdb/mcs50/bvg/b09/mcs50_b09_s30.A01 fileNameGt=../../cp2016-max-common-connected-subgraph-paper/datasets/graphsdb/mcs50/bvg/b09/mcs50_b09_s30.B01
Reading graphs...
30 :  131
30 :  132
Initializing...
maxdom : 30
D->valSize : 900
Solving...
currentSize : 8 <-- 0.009963 s
currentSize : 9 <-- 0.010003 s
currentSize : 10 <-- 0.010026 s
currentSize : 11 <-- 0.010441 s
currentSize : 13 <-- 0.011087 s
currentSize : 14 <-- 0.200107 s
currentSize : 15 <-- 1.390410 s
currentSize : 16 <-- 4.573022 s
currentSize : 17 <-- 33.416504 s
currentSize : 18 <-- 33.502602 s

maxsize : 18
nodes : 7112060.000000
filtered : 153308713.000000
CCGP filtered : 1670460.000000
CCGT filtered : 828455.000000
time : 73.767227
