Parameters: GAD=1 vflib=1 dir=0 label=0 lowerbound=1 fileNameGp=../../cp2016-max-common-connected-subgraph-paper/datasets/graphsdb/mcs50/rand/r005/mcs50_r005_s50.A00 fileNameGt=../../cp2016-max-common-connected-subgraph-paper/datasets/graphsdb/mcs50/rand/r005/mcs50_r005_s50.B00
Reading graphs...
50 :  118
50 :  121
Initializing...
maxdom : 50
D->valSize : 2500
Solving...
currentSize : 16 <-- 0.093680 s
currentSize : 17 <-- 0.094143 s
currentSize : 20 <-- 0.094194 s
currentSize : 21 <-- 0.094238 s
currentSize : 22 <-- 0.094497 s
currentSize : 23 <-- 0.095576 s
currentSize : 24 <-- 0.099175 s
currentSize : 25 <-- 0.125260 s
currentSize : 26 <-- 0.264628 s
currentSize : 27 <-- 3.201190 s
currentSize : 28 <-- 16.077501 s
currentSize : 29 <-- 16.952084 s

TIMEOUT
maxsize : 29
nodes : 69250974.000000
filtered : 1694745738.000000
CCGP filtered : 197754157.000000
CCGT filtered : 308506264.000000
time : 1000.000061
