Parameters: GAD=1 vflib=1 dir=0 label=0 lowerbound=1 fileNameGp=../../cp2016-max-common-connected-subgraph-paper/datasets/graphsdb/mcs50/m2D/m2D/mcs50_m2D_s40.A05 fileNameGt=../../cp2016-max-common-connected-subgraph-paper/datasets/graphsdb/mcs50/m2D/m2D/mcs50_m2D_s40.B05
Reading graphs...
40 :  67
40 :  65
Initializing...
maxdom : 40
D->valSize : 1600
Solving...
currentSize : 14 <-- 0.036130 s
currentSize : 16 <-- 0.036173 s
currentSize : 17 <-- 0.036245 s
currentSize : 18 <-- 0.036742 s
currentSize : 19 <-- 0.037217 s
currentSize : 20 <-- 0.037702 s
currentSize : 21 <-- 0.038054 s
currentSize : 22 <-- 0.041252 s
currentSize : 23 <-- 0.043837 s
currentSize : 24 <-- 0.043888 s
currentSize : 25 <-- 0.685368 s
currentSize : 26 <-- 1.223335 s
currentSize : 27 <-- 3.819806 s
currentSize : 28 <-- 284.043396 s
currentSize : 29 <-- 778.895630 s

TIMEOUT
maxsize : 29
nodes : 79927367.000000
filtered : 2537263770.000000
CCGP filtered : 1473099514.000000
CCGT filtered : 729319910.000000
time : 1000.000061
