Parameters: GAD=1 vflib=1 dir=0 label=0 lowerbound=1 fileNameGp=../../cp2016-max-common-connected-subgraph-paper/datasets/graphsdb/mcs50/bvg/b03/mcs50_b03_s40.A05 fileNameGt=../../cp2016-max-common-connected-subgraph-paper/datasets/graphsdb/mcs50/bvg/b03/mcs50_b03_s40.B05
Reading graphs...
40 :  60
40 :  60
Initializing...
maxdom : 40
D->valSize : 1600
Solving...
currentSize : 17 <-- 0.036549 s
currentSize : 18 <-- 0.036692 s
currentSize : 19 <-- 0.036831 s
currentSize : 20 <-- 0.037306 s
currentSize : 21 <-- 0.037487 s
currentSize : 22 <-- 0.039047 s
currentSize : 23 <-- 0.078276 s
currentSize : 24 <-- 0.106697 s
currentSize : 25 <-- 0.231637 s
currentSize : 26 <-- 0.797320 s
currentSize : 27 <-- 27.461040 s
currentSize : 28 <-- 78.183838 s
currentSize : 29 <-- 308.807922 s

maxsize : 29
nodes : 53895746.000000
filtered : 1647009969.000000
CCGP filtered : 1147035941.000000
CCGT filtered : 759309483.000000
time : 656.440125
