Parameters: GAD=1 vflib=1 dir=0 label=0 lowerbound=1 fileNameGp=../../cp2016-max-common-connected-subgraph-paper/datasets/graphsdb/mcs50/m2D/m2Dr4/mcs50_m2Dr4_s50.A01 fileNameGt=../../cp2016-max-common-connected-subgraph-paper/datasets/graphsdb/mcs50/m2D/m2Dr4/mcs50_m2Dr4_s50.B01
Reading graphs...
50 :  103
50 :  103
Initializing...
maxdom : 50
D->valSize : 2500
Solving...
currentSize : 18 <-- 0.095889 s
currentSize : 19 <-- 0.096000 s
currentSize : 20 <-- 0.096373 s
currentSize : 21 <-- 0.096836 s
currentSize : 22 <-- 0.097035 s
currentSize : 23 <-- 0.097090 s
currentSize : 24 <-- 0.098517 s
currentSize : 25 <-- 0.105617 s
currentSize : 26 <-- 0.106072 s
currentSize : 27 <-- 0.106624 s
currentSize : 28 <-- 0.305136 s
currentSize : 29 <-- 0.565329 s
currentSize : 30 <-- 0.565534 s
currentSize : 31 <-- 2.850076 s
currentSize : 32 <-- 4.801042 s

TIMEOUT
maxsize : 32
nodes : 64195156.000000
filtered : 2031379284.000000
CCGP filtered : 599090332.000000
CCGT filtered : 467359293.000000
time : 1000.000061
