Parameters: GAD=1 vflib=1 dir=0 label=0 lowerbound=1 fileNameGp=../../cp2016-max-common-connected-subgraph-paper/datasets/graphsdb/mcs50/bvg/b06/mcs50_b06_s40.A07 fileNameGt=../../cp2016-max-common-connected-subgraph-paper/datasets/graphsdb/mcs50/bvg/b06/mcs50_b06_s40.B07
Reading graphs...
40 :  120
40 :  120
Initializing...
maxdom : 40
D->valSize : 1600
Solving...
currentSize : 15 <-- 0.033482 s
currentSize : 16 <-- 0.033595 s
currentSize : 17 <-- 0.034825 s
currentSize : 18 <-- 0.036108 s
currentSize : 19 <-- 0.042004 s
currentSize : 20 <-- 0.118807 s
currentSize : 21 <-- 0.660788 s
currentSize : 22 <-- 0.871592 s
currentSize : 23 <-- 29.293930 s
currentSize : 24 <-- 609.872009 s
currentSize : 25 <-- 814.308472 s

TIMEOUT
maxsize : 25
nodes : 76874582.000000
filtered : 2471923173.000000
CCGP filtered : 226734133.000000
CCGT filtered : 172570951.000000
time : 1000.000000
