Parameters: GAD=1 vflib=1 dir=0 label=0 lowerbound=1 fileNameGp=../../cp2016-max-common-connected-subgraph-paper/datasets/graphsdb/mcs50/bvg/b03m/mcs50_b03m_s50.A03 fileNameGt=../../cp2016-max-common-connected-subgraph-paper/datasets/graphsdb/mcs50/bvg/b03m/mcs50_b03m_s50.B03
Reading graphs...
50 :  74
50 :  74
Initializing...
maxdom : 50
D->valSize : 2500
Solving...
currentSize : 22 <-- 0.098082 s
currentSize : 24 <-- 0.098202 s
currentSize : 25 <-- 0.179115 s
currentSize : 26 <-- 0.292731 s
currentSize : 27 <-- 0.565254 s
currentSize : 28 <-- 1.531652 s
currentSize : 29 <-- 59.658230 s
currentSize : 30 <-- 88.900955 s
currentSize : 31 <-- 117.204849 s
currentSize : 32 <-- 135.728836 s
currentSize : 33 <-- 221.084900 s

TIMEOUT
maxsize : 33
nodes : 59737588.000000
filtered : 1752134961.000000
CCGP filtered : 2260211798.000000
CCGT filtered : 1718236441.000000
time : 1000.000061
