Parameters: GAD=1 vflib=1 dir=0 label=0 lowerbound=1 fileNameGp=../../cp2016-max-common-connected-subgraph-paper/datasets/graphsdb/mcs50/rand/r005/mcs50_r005_s30.A03 fileNameGt=../../cp2016-max-common-connected-subgraph-paper/datasets/graphsdb/mcs50/rand/r005/mcs50_r005_s30.B03
Reading graphs...
30 :  46
30 :  46
Initializing...
maxdom : 30
D->valSize : 900
Solving...
currentSize : 12 <-- 0.019855 s
currentSize : 13 <-- 0.019914 s
currentSize : 15 <-- 0.020211 s
currentSize : 16 <-- 0.023546 s
currentSize : 17 <-- 0.070040 s
currentSize : 18 <-- 0.111163 s
currentSize : 19 <-- 0.176399 s
currentSize : 20 <-- 1.248813 s
currentSize : 21 <-- 4.826983 s
currentSize : 22 <-- 6.840079 s

maxsize : 22
nodes : 1492954.000000
filtered : 32764011.000000
CCGP filtered : 12049331.000000
CCGT filtered : 8870945.000000
time : 13.285071
