Parameters: GAD=1 vflib=1 dir=0 label=0 lowerbound=1 fileNameGp=../../cp2016-max-common-connected-subgraph-paper/datasets/graphsdb/mcs50/m2D/m2D/mcs50_m2D_s40.A06 fileNameGt=../../cp2016-max-common-connected-subgraph-paper/datasets/graphsdb/mcs50/m2D/m2D/mcs50_m2D_s40.B06
Reading graphs...
40 :  66
40 :  66
Initializing...
maxdom : 40
D->valSize : 1600
Solving...
currentSize : 13 <-- 0.036266 s
currentSize : 19 <-- 0.036376 s
currentSize : 20 <-- 0.036433 s
currentSize : 21 <-- 0.037168 s
currentSize : 22 <-- 0.039816 s
currentSize : 23 <-- 0.040568 s
currentSize : 24 <-- 0.045463 s
currentSize : 25 <-- 1.185037 s
currentSize : 26 <-- 3.926093 s
currentSize : 27 <-- 17.923836 s
currentSize : 28 <-- 49.073826 s

maxsize : 28
nodes : 72285893.000000
filtered : 2428055280.000000
CCGP filtered : 1083136774.000000
CCGT filtered : 842653056.000000
time : 938.793762
