Parameters: GAD=1 vflib=1 dir=0 label=0 lowerbound=1 fileNameGp=../../cp2016-max-common-connected-subgraph-paper/datasets/graphsdb/mcs50/m4D/m4Dr4/mcs50_m4Dr4_s35.A06 fileNameGt=../../cp2016-max-common-connected-subgraph-paper/datasets/graphsdb/mcs50/m4D/m4Dr4/mcs50_m4Dr4_s35.B06
Reading graphs...
35 :  73
35 :  75
Initializing...
maxdom : 35
D->valSize : 1225
Solving...
currentSize : 14 <-- 0.020063 s
currentSize : 15 <-- 0.020108 s
currentSize : 16 <-- 0.020273 s
currentSize : 17 <-- 0.020439 s
currentSize : 18 <-- 0.022900 s
currentSize : 19 <-- 0.032019 s
currentSize : 20 <-- 0.045919 s
currentSize : 21 <-- 0.046782 s
currentSize : 22 <-- 2.265329 s
currentSize : 23 <-- 112.922012 s

maxsize : 23
nodes : 33278070.000000
filtered : 976237830.000000
CCGP filtered : 379840398.000000
CCGT filtered : 202289930.000000
time : 378.018921
