Parameters: GAD=1 vflib=1 dir=0 label=0 lowerbound=1 fileNameGp=../../cp2016-max-common-connected-subgraph-paper/datasets/graphsdb/mcs50/m4D/m4Dr2/mcs50_m4Dr2_s35.A07 fileNameGt=../../cp2016-max-common-connected-subgraph-paper/datasets/graphsdb/mcs50/m4D/m4Dr2/mcs50_m4Dr2_s35.B07
Reading graphs...
35 :  69
35 :  68
Initializing...
maxdom : 35
D->valSize : 1225
Solving...
currentSize : 10 <-- 0.020345 s
currentSize : 12 <-- 0.020433 s
currentSize : 16 <-- 0.020725 s
currentSize : 17 <-- 0.024504 s
currentSize : 18 <-- 0.033522 s
currentSize : 19 <-- 0.116729 s
currentSize : 20 <-- 0.226126 s
currentSize : 21 <-- 11.372624 s
currentSize : 22 <-- 11.423319 s
currentSize : 23 <-- 59.395542 s
currentSize : 24 <-- 174.188339 s

maxsize : 24
nodes : 21806858.000000
filtered : 622793641.000000
CCGP filtered : 319026963.000000
CCGT filtered : 201621371.000000
time : 241.998962
