Parameters: GAD=1 vflib=1 dir=0 label=0 lowerbound=1 fileNameGp=../../cp2016-max-common-connected-subgraph-paper/datasets/graphsdb/mcs50/bvg/b03m/mcs50_b03m_s30.A05 fileNameGt=../../cp2016-max-common-connected-subgraph-paper/datasets/graphsdb/mcs50/bvg/b03m/mcs50_b03m_s30.B05
Reading graphs...
30 :  45
30 :  44
Initializing...
maxdom : 30
D->valSize : 900
Solving...
currentSize : 10 <-- 0.011223 s
currentSize : 12 <-- 0.011306 s
currentSize : 15 <-- 0.011537 s
currentSize : 16 <-- 0.012273 s
currentSize : 17 <-- 0.014805 s
currentSize : 18 <-- 0.070842 s
currentSize : 19 <-- 0.092283 s
currentSize : 20 <-- 0.463234 s
currentSize : 21 <-- 1.886524 s

maxsize : 21
nodes : 665828.000000
filtered : 17260688.000000
CCGP filtered : 17226575.000000
CCGT filtered : 12036140.000000
time : 7.235086
