Parameters: GAD=1 vflib=1 dir=0 label=0 lowerbound=1 fileNameGp=../../cp2016-max-common-connected-subgraph-paper/datasets/graphsdb/mcs50/m4D/m4D/mcs50_m4D_s40.A04 fileNameGt=../../cp2016-max-common-connected-subgraph-paper/datasets/graphsdb/mcs50/m4D/m4D/mcs50_m4D_s40.B04
Reading graphs...
40 :  71
40 :  71
Initializing...
maxdom : 40
D->valSize : 1600
Solving...
currentSize : 14 <-- 0.059116 s
currentSize : 15 <-- 0.059151 s
currentSize : 16 <-- 0.059263 s
currentSize : 17 <-- 0.059383 s
currentSize : 18 <-- 0.061006 s
currentSize : 19 <-- 0.063367 s
currentSize : 20 <-- 0.071036 s
currentSize : 21 <-- 0.096260 s
currentSize : 22 <-- 0.111065 s
currentSize : 23 <-- 0.206354 s
currentSize : 24 <-- 0.246395 s
currentSize : 25 <-- 0.657306 s
currentSize : 26 <-- 7.524830 s
currentSize : 27 <-- 13.088354 s
currentSize : 28 <-- 107.866959 s
currentSize : 29 <-- 325.693970 s

maxsize : 29
nodes : 55946283.000000
filtered : 2004319547.000000
CCGP filtered : 1076678572.000000
CCGT filtered : 636946713.000000
time : 737.838745
