Parameters: GAD=1 vflib=1 dir=0 label=0 lowerbound=1 fileNameGp=../../cp2016-max-common-connected-subgraph-paper/datasets/graphsdb/mcs50/bvg/b03/mcs50_b03_s25.A01 fileNameGt=../../cp2016-max-common-connected-subgraph-paper/datasets/graphsdb/mcs50/bvg/b03/mcs50_b03_s25.B01
Reading graphs...
25 :  37
25 :  36
Initializing...
maxdom : 25
D->valSize : 625
Solving...
currentSize : 9 <-- 0.005325 s
currentSize : 10 <-- 0.005442 s
currentSize : 12 <-- 0.005506 s
currentSize : 13 <-- 0.005569 s
currentSize : 14 <-- 0.006149 s
currentSize : 15 <-- 0.029903 s
currentSize : 16 <-- 0.030346 s
currentSize : 17 <-- 0.082978 s
currentSize : 18 <-- 0.201782 s
currentSize : 19 <-- 0.458984 s

maxsize : 19
nodes : 107876.000000
filtered : 2424028.000000
CCGP filtered : 1003174.000000
CCGT filtered : 629854.000000
time : 0.871493
