Parameters: GAD=1 vflib=1 dir=0 label=0 lowerbound=1 fileNameGp=../../cp2016-max-common-connected-subgraph-paper/datasets/graphsdb/mcs50/bvg/b09/mcs50_b09_s35.A09 fileNameGt=../../cp2016-max-common-connected-subgraph-paper/datasets/graphsdb/mcs50/bvg/b09/mcs50_b09_s35.B09
Reading graphs...
35 :  155
35 :  151
Initializing...
maxdom : 35
D->valSize : 1225
Solving...
currentSize : 11 <-- 0.018001 s
currentSize : 13 <-- 0.018121 s
currentSize : 14 <-- 0.018648 s
currentSize : 15 <-- 0.060723 s
currentSize : 16 <-- 1.013151 s
currentSize : 17 <-- 3.523786 s
currentSize : 18 <-- 8.257085 s
currentSize : 19 <-- 154.985138 s
currentSize : 20 <-- 155.012161 s

maxsize : 20
nodes : 70869686.000000
filtered : 2001654860.000000
CCGP filtered : 13651000.000000
CCGT filtered : 34110903.000000
time : 860.518372
