Parameters: GAD=1 vflib=1 dir=0 label=0 lowerbound=1 fileNameGp=../../cp2016-max-common-connected-subgraph-paper/datasets/graphsdb/mcs50/m2D/m2Dr6/mcs50_m2Dr6_s30.A04 fileNameGt=../../cp2016-max-common-connected-subgraph-paper/datasets/graphsdb/mcs50/m2D/m2Dr6/mcs50_m2Dr6_s30.B04
Reading graphs...
30 :  64
30 :  64
Initializing...
maxdom : 30
D->valSize : 900
Solving...
currentSize : 10 <-- 0.010686 s
currentSize : 12 <-- 0.010913 s
currentSize : 13 <-- 0.011140 s
currentSize : 14 <-- 0.014093 s
currentSize : 15 <-- 0.014705 s
currentSize : 16 <-- 0.022686 s
currentSize : 17 <-- 0.048620 s
currentSize : 18 <-- 0.370856 s
currentSize : 19 <-- 4.662767 s
currentSize : 20 <-- 28.057411 s

maxsize : 20
nodes : 6608274.000000
filtered : 166419074.000000
CCGP filtered : 31122409.000000
CCGT filtered : 16566061.000000
time : 60.198349
