Parameters: GAD=1 vflib=1 dir=0 label=0 lowerbound=1 fileNameGp=../../cp2016-max-common-connected-subgraph-paper/datasets/graphsdb/mcs50/bvg/b03/mcs50_b03_s35.A08 fileNameGt=../../cp2016-max-common-connected-subgraph-paper/datasets/graphsdb/mcs50/bvg/b03/mcs50_b03_s35.B08
Reading graphs...
35 :  51
35 :  51
Initializing...
maxdom : 35
D->valSize : 1225
Solving...
currentSize : 16 <-- 0.021247 s
currentSize : 17 <-- 0.021339 s
currentSize : 18 <-- 0.021530 s
currentSize : 19 <-- 0.021699 s
currentSize : 20 <-- 0.021742 s
currentSize : 21 <-- 0.027971 s
currentSize : 22 <-- 1.433005 s
currentSize : 23 <-- 2.894901 s
currentSize : 24 <-- 31.313517 s

maxsize : 24
nodes : 20178011.000000
filtered : 470001355.000000
CCGP filtered : 402014501.000000
CCGT filtered : 231012959.000000
time : 215.492310
