Parameters: GAD=1 vflib=1 dir=0 label=0 lowerbound=1 fileNameGp=../../cp2016-max-common-connected-subgraph-paper/datasets/graphsdb/mcs50/m3D/m3D/mcs50_m3D_s50.A02 fileNameGt=../../cp2016-max-common-connected-subgraph-paper/datasets/graphsdb/mcs50/m3D/m3D/mcs50_m3D_s50.B02
Reading graphs...
50 :  109
50 :  109
Initializing...
maxdom : 50
D->valSize : 2500
Solving...
currentSize : 21 <-- 0.094957 s
currentSize : 22 <-- 0.095071 s
currentSize : 23 <-- 0.096506 s
currentSize : 24 <-- 0.129432 s
currentSize : 25 <-- 0.150866 s
currentSize : 27 <-- 0.206324 s
currentSize : 28 <-- 2.337064 s
currentSize : 29 <-- 13.107904 s
currentSize : 30 <-- 18.838709 s
currentSize : 31 <-- 84.967712 s

TIMEOUT
maxsize : 31
nodes : 66547783.000000
filtered : 1810528070.000000
CCGP filtered : 256927688.000000
CCGT filtered : 397403880.000000
time : 1000.000061
