Parameters: GAD=1 vflib=1 dir=0 label=0 lowerbound=1 fileNameGp=../../cp2016-max-common-connected-subgraph-paper/datasets/graphsdb/mcs50/m4D/m4Dr6/mcs50_m4Dr6_s35.A09 fileNameGt=../../cp2016-max-common-connected-subgraph-paper/datasets/graphsdb/mcs50/m4D/m4Dr6/mcs50_m4Dr6_s35.B09
Reading graphs...
35 :  83
35 :  82
Initializing...
maxdom : 35
D->valSize : 1225
Solving...
currentSize : 13 <-- 0.034839 s
currentSize : 14 <-- 0.034885 s
currentSize : 15 <-- 0.035171 s
currentSize : 16 <-- 0.035196 s
currentSize : 17 <-- 0.055793 s
currentSize : 18 <-- 0.097373 s
currentSize : 19 <-- 0.584445 s
currentSize : 20 <-- 1.834883 s
currentSize : 21 <-- 3.586181 s
currentSize : 22 <-- 9.753472 s
currentSize : 23 <-- 405.509888 s

maxsize : 23
nodes : 45038317.000000
filtered : 1299441018.000000
CCGP filtered : 229066231.000000
CCGT filtered : 233692932.000000
time : 507.169952
