Parameters: GAD=1 vflib=1 dir=0 label=0 lowerbound=1 fileNameGp=../../cp2016-max-common-connected-subgraph-paper/datasets/graphsdb/mcs50/bvg/b09/mcs50_b09_s40.A07 fileNameGt=../../cp2016-max-common-connected-subgraph-paper/datasets/graphsdb/mcs50/bvg/b09/mcs50_b09_s40.B07
Reading graphs...
40 :  177
40 :  179
Initializing...
maxdom : 40
D->valSize : 1600
Solving...
currentSize : 12 <-- 0.054742 s
currentSize : 13 <-- 0.054867 s
currentSize : 14 <-- 0.055338 s
currentSize : 15 <-- 0.055948 s
currentSize : 16 <-- 0.061531 s
currentSize : 17 <-- 0.061716 s
currentSize : 18 <-- 1.540382 s
currentSize : 19 <-- 4.089637 s
currentSize : 20 <-- 365.967621 s
currentSize : 21 <-- 525.853394 s

TIMEOUT
maxsize : 21
nodes : 75629749.000000
filtered : 1953125617.000000
CCGP filtered : 66198853.000000
CCGT filtered : 77216242.000000
time : 1000.000000
