Parameters: GAD=1 vflib=1 dir=0 label=0 lowerbound=1 fileNameGp=../../cp2016-max-common-connected-subgraph-paper/datasets/graphsdb/mcs50/m2D/m2D/mcs50_m2D_s50.A07 fileNameGt=../../cp2016-max-common-connected-subgraph-paper/datasets/graphsdb/mcs50/m2D/m2D/mcs50_m2D_s50.B07
Reading graphs...
50 :  85
50 :  84
Initializing...
maxdom : 50
D->valSize : 2500
Solving...
currentSize : 19 <-- 0.096910 s
currentSize : 21 <-- 0.097047 s
currentSize : 22 <-- 0.097962 s
currentSize : 23 <-- 0.101052 s
currentSize : 24 <-- 0.102600 s
currentSize : 25 <-- 0.117964 s
currentSize : 26 <-- 0.118048 s
currentSize : 27 <-- 0.130649 s
currentSize : 28 <-- 0.181927 s
currentSize : 29 <-- 0.261893 s
currentSize : 30 <-- 1.572166 s
currentSize : 31 <-- 22.818144 s
currentSize : 32 <-- 27.187672 s
currentSize : 33 <-- 109.865273 s

TIMEOUT
maxsize : 33
nodes : 66927075.000000
filtered : 1830947654.000000
CCGP filtered : 1057710807.000000
CCGT filtered : 877936274.000000
time : 1000.000061
