Parameters: GAD=1 vflib=1 dir=0 label=0 lowerbound=1 fileNameGp=../../cp2016-max-common-connected-subgraph-paper/datasets/graphsdb/mcs50/m4D/m4Dr6/mcs50_m4Dr6_s35.A01 fileNameGt=../../cp2016-max-common-connected-subgraph-paper/datasets/graphsdb/mcs50/m4D/m4Dr6/mcs50_m4Dr6_s35.B01
Reading graphs...
35 :  84
35 :  83
Initializing...
maxdom : 35
D->valSize : 1225
Solving...
currentSize : 13 <-- 0.034360 s
currentSize : 14 <-- 0.034407 s
currentSize : 16 <-- 0.034596 s
currentSize : 17 <-- 0.034622 s
currentSize : 18 <-- 0.046947 s
currentSize : 19 <-- 0.140384 s
currentSize : 20 <-- 1.474822 s
currentSize : 21 <-- 19.142372 s
currentSize : 22 <-- 184.441071 s

maxsize : 22
nodes : 57863980.000000
filtered : 1685014027.000000
CCGP filtered : 239409390.000000
CCGT filtered : 284163470.000000
time : 662.219177
