Parameters: GAD=1 vflib=1 dir=0 label=0 lowerbound=1 fileNameGp=../../cp2016-max-common-connected-subgraph-paper/datasets/graphsdb/mcs50/m4D/m4D/mcs50_m4D_s35.A07 fileNameGt=../../cp2016-max-common-connected-subgraph-paper/datasets/graphsdb/mcs50/m4D/m4D/mcs50_m4D_s35.B07
Reading graphs...
35 :  63
35 :  62
Initializing...
maxdom : 35
D->valSize : 1225
Solving...
currentSize : 14 <-- 0.020569 s
currentSize : 15 <-- 0.020617 s
currentSize : 16 <-- 0.021134 s
currentSize : 18 <-- 0.021418 s
currentSize : 19 <-- 0.021521 s
currentSize : 20 <-- 0.023265 s
currentSize : 21 <-- 0.129075 s
currentSize : 22 <-- 1.018202 s
currentSize : 23 <-- 1.594106 s
currentSize : 24 <-- 9.108887 s

maxsize : 24
nodes : 20083961.000000
filtered : 600888585.000000
CCGP filtered : 435894469.000000
CCGT filtered : 225414090.000000
time : 226.332443
