Parameters: GAD=1 vflib=1 dir=0 label=0 lowerbound=1 fileNameGp=../../cp2016-max-common-connected-subgraph-paper/datasets/graphsdb/mcs50/m4D/m4D/mcs50_m4D_s30.A06 fileNameGt=../../cp2016-max-common-connected-subgraph-paper/datasets/graphsdb/mcs50/m4D/m4D/mcs50_m4D_s30.B06
Reading graphs...
30 :  55
30 :  55
Initializing...
maxdom : 30
D->valSize : 900
Solving...
currentSize : 8 <-- 0.011009 s
currentSize : 9 <-- 0.011114 s
currentSize : 10 <-- 0.011132 s
currentSize : 14 <-- 0.011213 s
currentSize : 15 <-- 0.034377 s
currentSize : 16 <-- 0.084838 s
currentSize : 17 <-- 0.180667 s
currentSize : 18 <-- 0.182009 s
currentSize : 19 <-- 0.288629 s
currentSize : 20 <-- 0.524941 s
currentSize : 21 <-- 3.370418 s

maxsize : 21
nodes : 1153852.000000
filtered : 28637930.000000
CCGP filtered : 20701794.000000
CCGT filtered : 13258597.000000
time : 11.611876
