Parameters: GAD=1 vflib=1 dir=0 label=0 lowerbound=1 fileNameGp=../../cp2016-max-common-connected-subgraph-paper/datasets/graphsdb/mcs50/m2D/m2D/mcs50_m2D_s40.A08 fileNameGt=../../cp2016-max-common-connected-subgraph-paper/datasets/graphsdb/mcs50/m2D/m2D/mcs50_m2D_s40.B08
Reading graphs...
40 :  67
40 :  67
Initializing...
maxdom : 40
D->valSize : 1600
Solving...
currentSize : 17 <-- 0.036101 s
currentSize : 18 <-- 0.036324 s
currentSize : 20 <-- 0.037057 s
currentSize : 21 <-- 0.037403 s
currentSize : 22 <-- 0.059230 s
currentSize : 23 <-- 0.297184 s
currentSize : 24 <-- 0.594320 s
currentSize : 25 <-- 2.236480 s
currentSize : 26 <-- 25.665585 s
currentSize : 27 <-- 227.090027 s

TIMEOUT
maxsize : 27
nodes : 80107950.000000
filtered : 2370679259.000000
CCGP filtered : 1003238649.000000
CCGT filtered : 757775623.000000
time : 1000.000061
