Parameters: GAD=1 vflib=1 dir=0 label=0 lowerbound=1 fileNameGp=../../cp2016-max-common-connected-subgraph-paper/datasets/graphsdb/mcs50/m4D/m4D/mcs50_m4D_s40.A07 fileNameGt=../../cp2016-max-common-connected-subgraph-paper/datasets/graphsdb/mcs50/m4D/m4D/mcs50_m4D_s40.B07
Reading graphs...
40 :  70
40 :  69
Initializing...
maxdom : 40
D->valSize : 1600
Solving...
currentSize : 14 <-- 0.064361 s
currentSize : 15 <-- 0.064475 s
currentSize : 17 <-- 0.064528 s
currentSize : 18 <-- 0.064863 s
currentSize : 19 <-- 0.072025 s
currentSize : 20 <-- 0.072112 s
currentSize : 21 <-- 0.138681 s
currentSize : 22 <-- 0.363204 s
currentSize : 23 <-- 0.609371 s
currentSize : 24 <-- 1.161056 s
currentSize : 25 <-- 1.723793 s
currentSize : 26 <-- 180.509628 s
currentSize : 27 <-- 319.703583 s

TIMEOUT
maxsize : 27
nodes : 69386556.000000
filtered : 2364606036.000000
CCGP filtered : 2739176007.000000
CCGT filtered : 1585538715.000000
time : 1000.000000
