Parameters: GAD=1 vflib=1 dir=0 label=0 lowerbound=1 fileNameGp=../../cp2016-max-common-connected-subgraph-paper/datasets/graphsdb/mcs50/rand/r01/mcs50_r01_s30.A05 fileNameGt=../../cp2016-max-common-connected-subgraph-paper/datasets/graphsdb/mcs50/rand/r01/mcs50_r01_s30.B05
Reading graphs...
30 :  81
30 :  79
Initializing...
maxdom : 30
D->valSize : 900
Solving...
currentSize : 10 <-- 0.017920 s
currentSize : 12 <-- 0.018050 s
currentSize : 13 <-- 0.018600 s
currentSize : 14 <-- 0.020578 s
currentSize : 15 <-- 0.026926 s
currentSize : 16 <-- 0.075895 s
currentSize : 17 <-- 0.076678 s
currentSize : 18 <-- 4.533500 s
currentSize : 19 <-- 78.107826 s

maxsize : 19
nodes : 28403183.000000
filtered : 627742583.000000
CCGP filtered : 22701400.000000
CCGT filtered : 12602973.000000
time : 255.524292
