Parameters: GAD=1 vflib=1 dir=0 label=0 lowerbound=1 fileNameGp=../../cp2016-max-common-connected-subgraph-paper/datasets/graphsdb/mcs50/m4D/m4Dr4/mcs50_m4Dr4_s40.A04 fileNameGt=../../cp2016-max-common-connected-subgraph-paper/datasets/graphsdb/mcs50/m4D/m4Dr4/mcs50_m4Dr4_s40.B04
Reading graphs...
40 :  86
40 :  84
Initializing...
maxdom : 40
D->valSize : 1600
Solving...
currentSize : 15 <-- 0.035360 s
currentSize : 16 <-- 0.035502 s
currentSize : 18 <-- 0.037121 s
currentSize : 19 <-- 0.063760 s
currentSize : 20 <-- 0.107744 s
currentSize : 21 <-- 0.130239 s
currentSize : 22 <-- 0.415702 s
currentSize : 23 <-- 0.508476 s
currentSize : 24 <-- 3.429922 s
currentSize : 25 <-- 17.592804 s
currentSize : 26 <-- 813.490295 s
currentSize : 27 <-- 935.060547 s

TIMEOUT
maxsize : 27
nodes : 82961077.000000
filtered : 2293380507.000000
CCGP filtered : 853709222.000000
CCGT filtered : 491198010.000000
time : 1000.000061
