Parameters: GAD=1 vflib=1 dir=0 label=0 lowerbound=1 fileNameGp=../../cp2016-max-common-connected-subgraph-paper/datasets/graphsdb/mcs50/m4D/m4Dr2/mcs50_m4Dr2_s30.A03 fileNameGt=../../cp2016-max-common-connected-subgraph-paper/datasets/graphsdb/mcs50/m4D/m4Dr2/mcs50_m4Dr2_s30.B03
Reading graphs...
30 :  61
30 :  59
Initializing...
maxdom : 30
D->valSize : 900
Solving...
currentSize : 8 <-- 0.010702 s
currentSize : 13 <-- 0.010807 s
currentSize : 14 <-- 0.014598 s
currentSize : 15 <-- 0.035517 s
currentSize : 16 <-- 0.039276 s
currentSize : 17 <-- 0.128528 s
currentSize : 18 <-- 0.479725 s
currentSize : 19 <-- 0.825609 s
currentSize : 20 <-- 12.349784 s

maxsize : 20
nodes : 2552438.000000
filtered : 61306452.000000
CCGP filtered : 25830786.000000
CCGT filtered : 18174801.000000
time : 24.135756
