Parameters: GAD=1 vflib=1 dir=0 label=0 lowerbound=1 fileNameGp=../../cp2016-max-common-connected-subgraph-paper/datasets/graphsdb/mcs50/rand/r005/mcs50_r005_s25.A04 fileNameGt=../../cp2016-max-common-connected-subgraph-paper/datasets/graphsdb/mcs50/rand/r005/mcs50_r005_s25.B04
Reading graphs...
25 :  34
25 :  35
Initializing...
maxdom : 25
D->valSize : 625
Solving...
currentSize : 9 <-- 0.009205 s
currentSize : 10 <-- 0.009387 s
currentSize : 11 <-- 0.009449 s
currentSize : 12 <-- 0.009748 s
currentSize : 13 <-- 0.009797 s
currentSize : 14 <-- 0.009991 s
currentSize : 15 <-- 0.015341 s
currentSize : 16 <-- 0.017700 s
currentSize : 17 <-- 0.371720 s
currentSize : 18 <-- 0.655045 s

maxsize : 18
nodes : 142431.000000
filtered : 2331881.000000
CCGP filtered : 2395056.000000
CCGT filtered : 1658870.000000
time : 1.130872
