Parameters: GAD=1 vflib=1 dir=0 label=0 lowerbound=1 fileNameGp=../../cp2016-max-common-connected-subgraph-paper/datasets/graphsdb/mcs50/m4D/m4D/mcs50_m4D_s35.A02 fileNameGt=../../cp2016-max-common-connected-subgraph-paper/datasets/graphsdb/mcs50/m4D/m4D/mcs50_m4D_s35.B02
Reading graphs...
35 :  63
35 :  63
Initializing...
maxdom : 35
D->valSize : 1225
Solving...
currentSize : 12 <-- 0.035534 s
currentSize : 15 <-- 0.035585 s
currentSize : 17 <-- 0.035895 s
currentSize : 18 <-- 0.088863 s
currentSize : 19 <-- 0.271083 s
currentSize : 20 <-- 1.444320 s
currentSize : 21 <-- 1.455389 s
currentSize : 22 <-- 1.455452 s
currentSize : 23 <-- 2.095081 s
currentSize : 24 <-- 53.906719 s

maxsize : 24
nodes : 8691681.000000
filtered : 225243388.000000
CCGP filtered : 162380103.000000
CCGT filtered : 77895978.000000
time : 94.818306
