Parameters: GAD=1 vflib=1 dir=0 label=0 lowerbound=1 fileNameGp=../../cp2016-max-common-connected-subgraph-paper/datasets/graphsdb/mcs50/m2D/m2Dr2/mcs50_m2Dr2_s50.A01 fileNameGt=../../cp2016-max-common-connected-subgraph-paper/datasets/graphsdb/mcs50/m2D/m2Dr2/mcs50_m2Dr2_s50.B01
Reading graphs...
50 :  95
50 :  95
Initializing...
maxdom : 50
D->valSize : 2500
Solving...
currentSize : 21 <-- 0.122244 s
currentSize : 22 <-- 0.122287 s
currentSize : 24 <-- 0.122432 s
currentSize : 25 <-- 0.124844 s
currentSize : 26 <-- 0.257772 s
currentSize : 27 <-- 0.257948 s
currentSize : 28 <-- 0.282395 s
currentSize : 29 <-- 0.300603 s
currentSize : 30 <-- 2.801683 s
currentSize : 31 <-- 7.547981 s
currentSize : 32 <-- 45.861031 s

TIMEOUT
maxsize : 32
nodes : 62980626.000000
filtered : 1976936658.000000
CCGP filtered : 1025048444.000000
CCGT filtered : 906026148.000000
time : 1000.000061
