Parameters: GAD=1 vflib=1 dir=0 label=0 lowerbound=1 fileNameGp=../../cp2016-max-common-connected-subgraph-paper/datasets/graphsdb/mcs50/rand/r005/mcs50_r005_s35.A02 fileNameGt=../../cp2016-max-common-connected-subgraph-paper/datasets/graphsdb/mcs50/rand/r005/mcs50_r005_s35.B02
Reading graphs...
35 :  62
35 :  61
Initializing...
maxdom : 35
D->valSize : 1225
Solving...
currentSize : 13 <-- 0.020622 s
currentSize : 14 <-- 0.020653 s
currentSize : 16 <-- 0.020743 s
currentSize : 17 <-- 0.023728 s
currentSize : 18 <-- 0.030579 s
currentSize : 19 <-- 0.032564 s
currentSize : 20 <-- 0.034355 s
currentSize : 21 <-- 0.037464 s
currentSize : 22 <-- 0.851183 s
currentSize : 23 <-- 5.163120 s
currentSize : 24 <-- 40.383938 s

maxsize : 24
nodes : 40100971.000000
filtered : 1123126677.000000
CCGP filtered : 373226390.000000
CCGT filtered : 170969794.000000
time : 429.112793
