Parameters: GAD=1 vflib=1 dir=0 label=0 lowerbound=1 fileNameGp=../../cp2016-max-common-connected-subgraph-paper/datasets/graphsdb/mcs50/bvg/b06/mcs50_b06_s35.A09 fileNameGt=../../cp2016-max-common-connected-subgraph-paper/datasets/graphsdb/mcs50/bvg/b06/mcs50_b06_s35.B09
Reading graphs...
35 :  105
35 :  104
Initializing...
maxdom : 35
D->valSize : 1225
Solving...
currentSize : 12 <-- 0.019299 s
currentSize : 13 <-- 0.019391 s
currentSize : 14 <-- 0.019471 s
currentSize : 15 <-- 0.019543 s
currentSize : 16 <-- 0.023836 s
currentSize : 17 <-- 0.031668 s
currentSize : 18 <-- 0.256288 s
currentSize : 19 <-- 2.035388 s
currentSize : 20 <-- 19.089836 s
currentSize : 21 <-- 197.592041 s

TIMEOUT
maxsize : 21
nodes : 90829712.000000
filtered : 2440122774.000000
CCGP filtered : 182773319.000000
CCGT filtered : 133479773.000000
time : 1000.000000
