Parameters: GAD=1 vflib=1 dir=0 label=0 lowerbound=1 fileNameGp=../../cp2016-max-common-connected-subgraph-paper/datasets/graphsdb/mcs50/bvg/b06m/mcs50_b06m_s30.A00 fileNameGt=../../cp2016-max-common-connected-subgraph-paper/datasets/graphsdb/mcs50/bvg/b06m/mcs50_b06m_s30.B00
Reading graphs...
30 :  87
30 :  85
Initializing...
maxdom : 30
D->valSize : 900
Solving...
currentSize : 9 <-- 0.010165 s
currentSize : 11 <-- 0.010229 s
currentSize : 12 <-- 0.010403 s
currentSize : 13 <-- 0.011366 s
currentSize : 14 <-- 0.012929 s
currentSize : 15 <-- 0.015982 s
currentSize : 16 <-- 0.027158 s
currentSize : 17 <-- 0.064297 s
currentSize : 18 <-- 0.291709 s

maxsize : 18
nodes : 16065655.000000
filtered : 414085549.000000
CCGP filtered : 31805821.000000
CCGT filtered : 41465829.000000
time : 157.842422
