Parameters: GAD=1 vflib=1 dir=0 label=0 lowerbound=1 fileNameGp=../../cp2016-max-common-connected-subgraph-paper/datasets/graphsdb/mcs50/m2D/m2Dr2/mcs50_m2Dr2_s50.A03 fileNameGt=../../cp2016-max-common-connected-subgraph-paper/datasets/graphsdb/mcs50/m2D/m2Dr2/mcs50_m2Dr2_s50.B03
Reading graphs...
50 :  93
50 :  93
Initializing...
maxdom : 50
D->valSize : 2500
Solving...
currentSize : 18 <-- 0.097056 s
currentSize : 19 <-- 0.097235 s
currentSize : 20 <-- 0.097775 s
currentSize : 24 <-- 0.097930 s
currentSize : 25 <-- 0.098027 s
currentSize : 26 <-- 0.098049 s
currentSize : 27 <-- 0.100146 s
currentSize : 28 <-- 0.121767 s
currentSize : 29 <-- 0.246378 s
currentSize : 30 <-- 2.154993 s
currentSize : 31 <-- 3.400080 s
currentSize : 32 <-- 61.805664 s
currentSize : 33 <-- 786.957703 s

TIMEOUT
maxsize : 33
nodes : 68403755.000000
filtered : 2105829350.000000
CCGP filtered : 787862918.000000
CCGT filtered : 509751747.000000
time : 1000.000061
