Parameters: GAD=1 vflib=1 dir=0 label=0 lowerbound=1 fileNameGp=../../cp2016-max-common-connected-subgraph-paper/datasets/graphsdb/mcs50/m3D/m3D/mcs50_m3D_s50.A08 fileNameGt=../../cp2016-max-common-connected-subgraph-paper/datasets/graphsdb/mcs50/m3D/m3D/mcs50_m3D_s50.B08
Reading graphs...
50 :  109
50 :  109
Initializing...
maxdom : 50
D->valSize : 2500
Solving...
currentSize : 21 <-- 0.148128 s
currentSize : 23 <-- 0.148282 s
currentSize : 24 <-- 0.149120 s
currentSize : 25 <-- 0.159206 s
currentSize : 26 <-- 0.188321 s
currentSize : 27 <-- 0.202877 s
currentSize : 28 <-- 0.204808 s
currentSize : 29 <-- 0.282125 s
currentSize : 30 <-- 1.006490 s
currentSize : 31 <-- 1.516679 s
currentSize : 32 <-- 236.928558 s

TIMEOUT
maxsize : 32
nodes : 66780527.000000
filtered : 2074599809.000000
CCGP filtered : 460413941.000000
CCGT filtered : 385590233.000000
time : 1000.000061
