Parameters: GAD=1 vflib=1 dir=0 label=0 lowerbound=1 fileNameGp=../../cp2016-max-common-connected-subgraph-paper/datasets/graphsdb/mcs50/bvg/b03/mcs50_b03_s40.A09 fileNameGt=../../cp2016-max-common-connected-subgraph-paper/datasets/graphsdb/mcs50/bvg/b03/mcs50_b03_s40.B09
Reading graphs...
40 :  60
40 :  60
Initializing...
maxdom : 40
D->valSize : 1600
Solving...
currentSize : 20 <-- 0.037103 s
currentSize : 21 <-- 0.037236 s
currentSize : 22 <-- 0.037598 s
currentSize : 23 <-- 0.042316 s
currentSize : 24 <-- 0.072523 s
currentSize : 25 <-- 0.073422 s
currentSize : 26 <-- 6.454971 s
currentSize : 27 <-- 17.536932 s
currentSize : 28 <-- 21.073893 s
currentSize : 29 <-- 21.165253 s

maxsize : 29
nodes : 19139805.000000
filtered : 594690174.000000
CCGP filtered : 501112436.000000
CCGT filtered : 234788294.000000
time : 241.552948
