Parameters: GAD=1 vflib=1 dir=0 label=0 lowerbound=1 fileNameGp=../../cp2016-max-common-connected-subgraph-paper/datasets/graphsdb/mcs50/m2D/m2Dr6/mcs50_m2Dr6_s50.A03 fileNameGt=../../cp2016-max-common-connected-subgraph-paper/datasets/graphsdb/mcs50/m2D/m2Dr6/mcs50_m2Dr6_s50.B03
Reading graphs...
50 :  112
50 :  112
Initializing...
maxdom : 50
D->valSize : 2500
Solving...
currentSize : 15 <-- 0.094229 s
currentSize : 16 <-- 0.094333 s
currentSize : 17 <-- 0.094434 s
currentSize : 18 <-- 0.095265 s
currentSize : 19 <-- 0.098271 s
currentSize : 20 <-- 0.119357 s
currentSize : 21 <-- 0.209046 s
currentSize : 22 <-- 0.246641 s
currentSize : 23 <-- 0.251218 s
currentSize : 24 <-- 0.358811 s
currentSize : 25 <-- 0.552066 s
currentSize : 26 <-- 0.687281 s
currentSize : 27 <-- 0.709695 s
currentSize : 28 <-- 36.163998 s
currentSize : 29 <-- 112.884987 s
currentSize : 30 <-- 813.361511 s

TIMEOUT
maxsize : 30
nodes : 66656968.000000
filtered : 1837824855.000000
CCGP filtered : 636936102.000000
CCGT filtered : 647711083.000000
time : 1000.000061
