Parameters: GAD=1 vflib=1 dir=0 label=0 lowerbound=1 fileNameGp=../../cp2016-max-common-connected-subgraph-paper/datasets/graphsdb/mcs50/m2D/m2D/mcs50_m2D_s40.A09 fileNameGt=../../cp2016-max-common-connected-subgraph-paper/datasets/graphsdb/mcs50/m2D/m2D/mcs50_m2D_s40.B09
Reading graphs...
40 :  67
40 :  66
Initializing...
maxdom : 40
D->valSize : 1600
Solving...
currentSize : 18 <-- 0.061552 s
currentSize : 19 <-- 0.061701 s
currentSize : 20 <-- 0.063288 s
currentSize : 21 <-- 0.070764 s
currentSize : 22 <-- 0.108242 s
currentSize : 23 <-- 0.692521 s
currentSize : 24 <-- 1.232292 s
currentSize : 25 <-- 1.568517 s
currentSize : 26 <-- 9.347220 s
currentSize : 27 <-- 339.202515 s

TIMEOUT
maxsize : 27
nodes : 82625252.000000
filtered : 2328120759.000000
CCGP filtered : 1080663465.000000
CCGT filtered : 743610633.000000
time : 1000.000000
