Parameters: GAD=1 vflib=1 dir=0 label=0 lowerbound=1 fileNameGp=../../cp2016-max-common-connected-subgraph-paper/datasets/graphsdb/mcs50/bvg/b06m/mcs50_b06m_s40.A06 fileNameGt=../../cp2016-max-common-connected-subgraph-paper/datasets/graphsdb/mcs50/bvg/b06m/mcs50_b06m_s40.B06
Reading graphs...
40 :  116
40 :  117
Initializing...
maxdom : 40
D->valSize : 1600
Solving...
currentSize : 14 <-- 0.061281 s
currentSize : 15 <-- 0.064092 s
currentSize : 16 <-- 0.064340 s
currentSize : 17 <-- 0.067683 s
currentSize : 18 <-- 0.068317 s
currentSize : 19 <-- 0.070305 s
currentSize : 20 <-- 0.093570 s
currentSize : 21 <-- 0.897217 s
currentSize : 22 <-- 0.901426 s
currentSize : 23 <-- 408.766418 s

TIMEOUT
maxsize : 23
nodes : 81466819.000000
filtered : 2030835533.000000
CCGP filtered : 325689774.000000
CCGT filtered : 150876044.000000
time : 1000.000061
