Parameters: GAD=1 vflib=1 dir=0 label=0 lowerbound=1 fileNameGp=../../cp2016-max-common-connected-subgraph-paper/datasets/graphsdb/mcs50/m2D/m2Dr4/mcs50_m2Dr4_s30.A06 fileNameGt=../../cp2016-max-common-connected-subgraph-paper/datasets/graphsdb/mcs50/m2D/m2Dr4/mcs50_m2Dr4_s30.B06
Reading graphs...
30 :  61
30 :  60
Initializing...
maxdom : 30
D->valSize : 900
Solving...
currentSize : 10 <-- 0.018820 s
currentSize : 12 <-- 0.019032 s
currentSize : 13 <-- 0.019061 s
currentSize : 14 <-- 0.019816 s
currentSize : 15 <-- 0.022045 s
currentSize : 16 <-- 0.022155 s
currentSize : 17 <-- 0.050644 s
currentSize : 18 <-- 0.093854 s
currentSize : 19 <-- 2.289149 s
currentSize : 20 <-- 4.501180 s

maxsize : 20
nodes : 7230569.000000
filtered : 180160320.000000
CCGP filtered : 34720522.000000
CCGT filtered : 35536129.000000
time : 68.586723
