Parameters: GAD=1 vflib=1 dir=0 label=0 lowerbound=1 fileNameGp=../../cp2016-max-common-connected-subgraph-paper/datasets/graphsdb/mcs50/m2D/m2Dr2/mcs50_m2Dr2_s50.A07 fileNameGt=../../cp2016-max-common-connected-subgraph-paper/datasets/graphsdb/mcs50/m2D/m2Dr2/mcs50_m2Dr2_s50.B07
Reading graphs...
50 :  94
50 :  95
Initializing...
maxdom : 50
D->valSize : 2500
Solving...
currentSize : 22 <-- 0.095757 s
currentSize : 23 <-- 0.098292 s
currentSize : 24 <-- 0.098393 s
currentSize : 25 <-- 0.105758 s
currentSize : 26 <-- 0.119712 s
currentSize : 27 <-- 0.142779 s
currentSize : 28 <-- 0.454601 s
currentSize : 29 <-- 1.589460 s
currentSize : 30 <-- 128.937759 s
currentSize : 31 <-- 143.852707 s

TIMEOUT
maxsize : 31
nodes : 65083384.000000
filtered : 1719346504.000000
CCGP filtered : 1060727654.000000
CCGT filtered : 708835990.000000
time : 1000.000061
