Parameters: GAD=1 vflib=1 dir=0 label=0 lowerbound=1 fileNameGp=../../cp2016-max-common-connected-subgraph-paper/datasets/graphsdb/mcs50/m2D/m2Dr6/mcs50_m2Dr6_s50.A04 fileNameGt=../../cp2016-max-common-connected-subgraph-paper/datasets/graphsdb/mcs50/m2D/m2Dr6/mcs50_m2Dr6_s50.B04
Reading graphs...
50 :  112
50 :  112
Initializing...
maxdom : 50
D->valSize : 2500
Solving...
currentSize : 18 <-- 0.094128 s
currentSize : 20 <-- 0.094315 s
currentSize : 22 <-- 0.095936 s
currentSize : 23 <-- 0.098152 s
currentSize : 24 <-- 0.104185 s
currentSize : 25 <-- 0.105458 s
currentSize : 26 <-- 0.461263 s
currentSize : 27 <-- 0.563433 s
currentSize : 28 <-- 1.763907 s
currentSize : 29 <-- 10.227209 s
currentSize : 30 <-- 329.437042 s

TIMEOUT
maxsize : 30
nodes : 67134268.000000
filtered : 1714016920.000000
CCGP filtered : 388818732.000000
CCGT filtered : 382641213.000000
time : 1000.000000
