Parameters: GAD=1 vflib=1 dir=0 label=0 lowerbound=1 fileNameGp=../../cp2016-max-common-connected-subgraph-paper/datasets/graphsdb/mcs50/m2D/m2Dr2/mcs50_m2Dr2_s30.A01 fileNameGt=../../cp2016-max-common-connected-subgraph-paper/datasets/graphsdb/mcs50/m2D/m2Dr2/mcs50_m2Dr2_s30.B01
Reading graphs...
30 :  55
30 :  53
Initializing...
maxdom : 30
D->valSize : 900
Solving...
currentSize : 11 <-- 0.018971 s
currentSize : 12 <-- 0.019528 s
currentSize : 13 <-- 0.019913 s
currentSize : 14 <-- 0.020644 s
currentSize : 15 <-- 0.021941 s
currentSize : 16 <-- 0.026024 s
currentSize : 17 <-- 0.078728 s
currentSize : 18 <-- 0.190812 s
currentSize : 19 <-- 0.194951 s
currentSize : 20 <-- 4.130119 s

maxsize : 20
nodes : 3588477.000000
filtered : 96855365.000000
CCGP filtered : 44447461.000000
CCGT filtered : 30395703.000000
time : 35.456570
