Parameters: GAD=1 vflib=1 dir=0 label=0 lowerbound=1 fileNameGp=../../cp2016-max-common-connected-subgraph-paper/datasets/graphsdb/mcs50/bvg/b06/mcs50_b06_s30.A05 fileNameGt=../../cp2016-max-common-connected-subgraph-paper/datasets/graphsdb/mcs50/bvg/b06/mcs50_b06_s30.B05
Reading graphs...
30 :  86
30 :  90
Initializing...
maxdom : 30
D->valSize : 900
Solving...
currentSize : 12 <-- 0.010457 s
currentSize : 13 <-- 0.010506 s
currentSize : 14 <-- 0.011261 s
currentSize : 15 <-- 0.012009 s
currentSize : 16 <-- 0.056862 s
currentSize : 17 <-- 0.353282 s
currentSize : 18 <-- 3.015896 s
currentSize : 19 <-- 5.516120 s
currentSize : 20 <-- 40.742146 s

maxsize : 20
nodes : 5691974.000000
filtered : 165156312.000000
CCGP filtered : 10541010.000000
CCGT filtered : 2885293.000000
time : 56.774788
