Parameters: GAD=1 vflib=1 dir=0 label=0 lowerbound=1 fileNameGp=../../cp2016-max-common-connected-subgraph-paper/datasets/graphsdb/mcs50/bvg/b03m/mcs50_b03m_s35.A04 fileNameGt=../../cp2016-max-common-connected-subgraph-paper/datasets/graphsdb/mcs50/bvg/b03m/mcs50_b03m_s35.B04
Reading graphs...
35 :  51
35 :  51
Initializing...
maxdom : 35
D->valSize : 1225
Solving...
currentSize : 15 <-- 0.020943 s
currentSize : 16 <-- 0.021317 s
currentSize : 17 <-- 0.021870 s
currentSize : 18 <-- 0.021933 s
currentSize : 19 <-- 0.022822 s
currentSize : 20 <-- 0.022849 s
currentSize : 21 <-- 0.029206 s
currentSize : 22 <-- 0.039955 s
currentSize : 23 <-- 0.668272 s
currentSize : 24 <-- 5.444159 s
currentSize : 25 <-- 5.444644 s

maxsize : 25
nodes : 3391245.000000
filtered : 92744701.000000
CCGP filtered : 69158817.000000
CCGT filtered : 45814817.000000
time : 37.855877
