Parameters: GAD=1 vflib=1 dir=0 label=0 lowerbound=1 fileNameGp=../../cp2016-max-common-connected-subgraph-paper/datasets/graphsdb/mcs50/m2D/m2D/mcs50_m2D_s50.A08 fileNameGt=../../cp2016-max-common-connected-subgraph-paper/datasets/graphsdb/mcs50/m2D/m2D/mcs50_m2D_s50.B08
Reading graphs...
50 :  83
50 :  85
Initializing...
maxdom : 50
D->valSize : 2500
Solving...
currentSize : 23 <-- 0.096966 s
currentSize : 25 <-- 0.097108 s
currentSize : 26 <-- 0.135625 s
currentSize : 27 <-- 0.137766 s
currentSize : 28 <-- 0.173375 s
currentSize : 29 <-- 0.428103 s
currentSize : 30 <-- 0.428159 s
currentSize : 31 <-- 13.567243 s
currentSize : 32 <-- 24.387648 s
currentSize : 33 <-- 350.532898 s

TIMEOUT
maxsize : 33
nodes : 62875753.000000
filtered : 1960492448.000000
CCGP filtered : 1608368417.000000
CCGT filtered : 874101871.000000
time : 1000.000061
