Parameters: GAD=1 vflib=1 dir=0 label=0 lowerbound=1 fileNameGp=../../cp2016-max-common-connected-subgraph-paper/datasets/graphsdb/mcs50/bvg/b03m/mcs50_b03m_s50.A01 fileNameGt=../../cp2016-max-common-connected-subgraph-paper/datasets/graphsdb/mcs50/bvg/b03m/mcs50_b03m_s50.B01
Reading graphs...
50 :  74
50 :  74
Initializing...
maxdom : 50
D->valSize : 2500
Solving...
currentSize : 23 <-- 0.097765 s
currentSize : 24 <-- 0.097803 s
currentSize : 25 <-- 0.098105 s
currentSize : 26 <-- 0.098398 s
currentSize : 27 <-- 0.101649 s
currentSize : 28 <-- 0.111365 s
currentSize : 29 <-- 0.287056 s
currentSize : 30 <-- 0.390057 s
currentSize : 31 <-- 1.484089 s
currentSize : 32 <-- 5.079138 s
currentSize : 33 <-- 6.014905 s
currentSize : 34 <-- 570.150513 s

TIMEOUT
maxsize : 34
nodes : 64537302.000000
filtered : 2164596032.000000
CCGP filtered : 2166317695.000000
CCGT filtered : 1317440685.000000
time : 1000.000061
