Parameters: GAD=1 vflib=1 dir=0 label=0 lowerbound=1 fileNameGp=../../cp2016-max-common-connected-subgraph-paper/datasets/graphsdb/mcs70/bvg/b06m/mcs70_b06m_s35.A07 fileNameGt=../../cp2016-max-common-connected-subgraph-paper/datasets/graphsdb/mcs70/bvg/b06m/mcs70_b06m_s35.B07
Reading graphs...
35 :  101
35 :  101
Initializing...
maxdom : 35
D->valSize : 1225
Solving...
currentSize : 13 <-- 0.019442 s
currentSize : 15 <-- 0.019515 s
currentSize : 16 <-- 0.019634 s
currentSize : 17 <-- 0.020783 s
currentSize : 18 <-- 0.113405 s
currentSize : 19 <-- 0.866290 s
currentSize : 20 <-- 1.677332 s
currentSize : 21 <-- 227.860199 s
currentSize : 22 <-- 270.202759 s
currentSize : 24 <-- 864.944580 s

maxsize : 24
nodes : 78146625.000000
filtered : 2474553008.000000
CCGP filtered : 115003364.000000
CCGT filtered : 129394622.000000
time : 910.795410
