Parameters: GAD=1 vflib=1 dir=0 label=0 lowerbound=1 fileNameGp=../../cp2016-max-common-connected-subgraph-paper/datasets/graphsdb/mcs70/bvg/b09/mcs70_b09_s30.A03 fileNameGt=../../cp2016-max-common-connected-subgraph-paper/datasets/graphsdb/mcs70/bvg/b09/mcs70_b09_s30.B03
Reading graphs...
30 :  133
30 :  134
Initializing...
maxdom : 30
D->valSize : 900
Solving...
currentSize : 9 <-- 0.017223 s
currentSize : 10 <-- 0.018113 s
currentSize : 11 <-- 0.018394 s
currentSize : 12 <-- 0.041537 s
currentSize : 13 <-- 0.125455 s
currentSize : 14 <-- 0.129186 s
currentSize : 15 <-- 0.138784 s
currentSize : 16 <-- 0.150503 s
currentSize : 17 <-- 0.302431 s
currentSize : 18 <-- 0.536010 s
currentSize : 19 <-- 2.280085 s
currentSize : 20 <-- 3.597788 s
currentSize : 21 <-- 7.574694 s
currentSize : 22 <-- 7.617512 s

maxsize : 22
nodes : 848848.000000
filtered : 29094565.000000
CCGP filtered : 52829.000000
CCGT filtered : 105987.000000
time : 9.821638
