Parameters: GAD=1 vflib=1 dir=0 label=0 lowerbound=1 fileNameGp=../../cp2016-max-common-connected-subgraph-paper/datasets/graphsdb/mcs70/rand/r02/mcs70_r02_s35.A00 fileNameGt=../../cp2016-max-common-connected-subgraph-paper/datasets/graphsdb/mcs70/rand/r02/mcs70_r02_s35.B00
Reading graphs...
35 :  211
35 :  209
Initializing...
maxdom : 35
D->valSize : 1225
Solving...
currentSize : 10 <-- 0.017194 s
currentSize : 11 <-- 0.017684 s
currentSize : 12 <-- 0.020735 s
currentSize : 13 <-- 0.026288 s
currentSize : 14 <-- 3.170912 s
currentSize : 15 <-- 31.597054 s
currentSize : 16 <-- 240.073212 s
currentSize : 17 <-- 251.368637 s
currentSize : 19 <-- 251.369858 s
currentSize : 24 <-- 652.218933 s

maxsize : 24
nodes : 52732128.000000
filtered : 971723746.000000
CCGP filtered : 918338.000000
CCGT filtered : 5459842.000000
time : 677.138550
