Parameters: GAD=1 vflib=1 dir=0 label=0 lowerbound=1 fileNameGp=../../cp2016-max-common-connected-subgraph-paper/datasets/graphsdb/mcs70/m2D/m2Dr4/mcs70_m2Dr4_s35.A09 fileNameGt=../../cp2016-max-common-connected-subgraph-paper/datasets/graphsdb/mcs70/m2D/m2Dr4/mcs70_m2Dr4_s35.B09
Reading graphs...
35 :  72
35 :  71
Initializing...
maxdom : 35
D->valSize : 1225
Solving...
currentSize : 15 <-- 0.035143 s
currentSize : 16 <-- 0.035649 s
currentSize : 17 <-- 0.035971 s
currentSize : 18 <-- 0.036383 s
currentSize : 19 <-- 0.036563 s
currentSize : 20 <-- 0.056762 s
currentSize : 21 <-- 0.082022 s
currentSize : 22 <-- 0.377448 s
currentSize : 23 <-- 39.459480 s
currentSize : 24 <-- 168.388763 s
currentSize : 26 <-- 182.878937 s

maxsize : 26
nodes : 20100965.000000
filtered : 565409704.000000
CCGP filtered : 117096099.000000
CCGT filtered : 77351707.000000
time : 215.217056
