Parameters: GAD=1 vflib=1 dir=0 label=0 lowerbound=1 fileNameGp=../../cp2016-max-common-connected-subgraph-paper/datasets/graphsdb/mcs70/m2D/m2Dr2/mcs70_m2Dr2_s35.A03 fileNameGt=../../cp2016-max-common-connected-subgraph-paper/datasets/graphsdb/mcs70/m2D/m2Dr2/mcs70_m2Dr2_s35.B03
Reading graphs...
35 :  65
35 :  65
Initializing...
maxdom : 35
D->valSize : 1225
Solving...
currentSize : 17 <-- 0.020739 s
currentSize : 18 <-- 0.021116 s
currentSize : 19 <-- 0.021328 s
currentSize : 20 <-- 0.070437 s
currentSize : 21 <-- 0.623356 s
currentSize : 22 <-- 0.625995 s
currentSize : 23 <-- 1.931794 s
currentSize : 24 <-- 63.303791 s
currentSize : 25 <-- 211.674118 s
currentSize : 26 <-- 211.675659 s
currentSize : 27 <-- 211.676224 s
currentSize : 28 <-- 211.676346 s

maxsize : 28
nodes : 20312632.000000
filtered : 532188215.000000
CCGP filtered : 161210908.000000
CCGT filtered : 91183901.000000
time : 216.780273
