Parameters: GAD=1 vflib=1 dir=0 label=0 lowerbound=1 fileNameGp=../../cp2016-max-common-connected-subgraph-paper/datasets/graphsdb/mcs70/bvg/b09/mcs70_b09_s25.A04 fileNameGt=../../cp2016-max-common-connected-subgraph-paper/datasets/graphsdb/mcs70/bvg/b09/mcs70_b09_s25.B04
Reading graphs...
25 :  110
25 :  108
Initializing...
maxdom : 25
D->valSize : 625
Solving...
currentSize : 9 <-- 0.007305 s
currentSize : 10 <-- 0.007528 s
currentSize : 11 <-- 0.007891 s
currentSize : 12 <-- 0.012220 s
currentSize : 13 <-- 0.029124 s
currentSize : 14 <-- 0.033810 s
currentSize : 16 <-- 0.060627 s
currentSize : 17 <-- 0.104956 s
currentSize : 18 <-- 0.348902 s

maxsize : 18
nodes : 148962.000000
filtered : 4027673.000000
CCGP filtered : 5453.000000
CCGT filtered : 5821.000000
time : 1.436917
