Parameters: GAD=1 vflib=1 dir=0 label=0 lowerbound=1 fileNameGp=../../cp2016-max-common-connected-subgraph-paper/datasets/graphsdb/mcs70/m2D/m2Dr4/mcs70_m2Dr4_s50.A01 fileNameGt=../../cp2016-max-common-connected-subgraph-paper/datasets/graphsdb/mcs70/m2D/m2Dr4/mcs70_m2Dr4_s50.B01
Reading graphs...
50 :  105
50 :  104
Initializing...
maxdom : 50
D->valSize : 2500
Solving...
currentSize : 22 <-- 0.115394 s
currentSize : 23 <-- 0.115468 s
currentSize : 24 <-- 0.115740 s
currentSize : 25 <-- 0.116860 s
currentSize : 26 <-- 0.124303 s
currentSize : 27 <-- 0.130443 s
currentSize : 28 <-- 0.276981 s
currentSize : 29 <-- 0.618858 s
currentSize : 30 <-- 0.869072 s
currentSize : 31 <-- 312.957825 s

TIMEOUT
maxsize : 31
nodes : 65585936.000000
filtered : 1910004276.000000
CCGP filtered : 684063835.000000
CCGT filtered : 491635568.000000
time : 1000.000061
