Parameters: GAD=1 vflib=1 dir=0 label=0 lowerbound=1 fileNameGp=../../cp2016-max-common-connected-subgraph-paper/datasets/graphsdb/mcs70/bvg/b06/mcs70_b06_s30.A02 fileNameGt=../../cp2016-max-common-connected-subgraph-paper/datasets/graphsdb/mcs70/bvg/b06/mcs70_b06_s30.B02
Reading graphs...
30 :  89
30 :  89
Initializing...
maxdom : 30
D->valSize : 900
Solving...
currentSize : 14 <-- 0.010359 s
currentSize : 15 <-- 0.010425 s
currentSize : 16 <-- 0.010566 s
currentSize : 17 <-- 0.011520 s
currentSize : 18 <-- 0.012166 s
currentSize : 19 <-- 0.012828 s
currentSize : 20 <-- 0.013962 s
currentSize : 21 <-- 0.335827 s
currentSize : 22 <-- 4.113603 s

maxsize : 22
nodes : 827037.000000
filtered : 25636891.000000
CCGP filtered : 812749.000000
CCGT filtered : 1048143.000000
time : 8.725741
