Parameters: GAD=1 vflib=1 dir=0 label=0 lowerbound=1 fileNameGp=../../cp2016-max-common-connected-subgraph-paper/datasets/graphsdb/mcs70/bvg/b09m/mcs70_b09m_s40.A03 fileNameGt=../../cp2016-max-common-connected-subgraph-paper/datasets/graphsdb/mcs70/bvg/b09m/mcs70_b09m_s40.B03
Reading graphs...
40 :  172
40 :  174
Initializing...
maxdom : 40
D->valSize : 1600
Solving...
currentSize : 15 <-- 0.032070 s
currentSize : 16 <-- 0.032124 s
currentSize : 18 <-- 0.033421 s
currentSize : 19 <-- 96.462601 s
currentSize : 20 <-- 107.583565 s
currentSize : 21 <-- 107.584061 s
currentSize : 23 <-- 121.140610 s
currentSize : 24 <-- 140.845947 s
currentSize : 26 <-- 148.398178 s
currentSize : 28 <-- 148.399734 s

maxsize : 28
nodes : 18693663.000000
filtered : 770252120.000000
CCGP filtered : 7247133.000000
CCGT filtered : 17342266.000000
time : 274.856812
