Parameters: GAD=1 vflib=1 dir=0 label=0 lowerbound=1 fileNameGp=../../cp2016-max-common-connected-subgraph-paper/datasets/graphsdb/mcs70/bvg/b03m/mcs70_b03m_s35.A09 fileNameGt=../../cp2016-max-common-connected-subgraph-paper/datasets/graphsdb/mcs70/bvg/b03m/mcs70_b03m_s35.B09
Reading graphs...
35 :  51
35 :  51
Initializing...
maxdom : 35
D->valSize : 1225
Solving...
currentSize : 17 <-- 0.021861 s
currentSize : 18 <-- 0.021887 s
currentSize : 20 <-- 0.022353 s
currentSize : 21 <-- 0.025175 s
currentSize : 22 <-- 0.025300 s
currentSize : 23 <-- 0.167226 s
currentSize : 24 <-- 2.767063 s
currentSize : 25 <-- 6.095822 s
currentSize : 26 <-- 6.135313 s
currentSize : 27 <-- 6.244800 s

maxsize : 27
nodes : 1101636.000000
filtered : 34312362.000000
CCGP filtered : 26999950.000000
CCGT filtered : 18344857.000000
time : 13.091501
