Parameters: GAD=1 vflib=1 dir=0 label=0 lowerbound=1 fileNameGp=../../cp2016-max-common-connected-subgraph-paper/datasets/graphsdb/mcs70/m2D/m2Dr2/mcs70_m2Dr2_s35.A04 fileNameGt=../../cp2016-max-common-connected-subgraph-paper/datasets/graphsdb/mcs70/m2D/m2Dr2/mcs70_m2Dr2_s35.B04
Reading graphs...
35 :  65
35 :  65
Initializing...
maxdom : 35
D->valSize : 1225
Solving...
currentSize : 18 <-- 0.020611 s
currentSize : 19 <-- 0.021005 s
currentSize : 20 <-- 0.067227 s
currentSize : 21 <-- 0.070518 s
currentSize : 22 <-- 0.105508 s
currentSize : 23 <-- 11.318498 s
currentSize : 24 <-- 33.655388 s
currentSize : 25 <-- 240.441589 s
currentSize : 26 <-- 282.178741 s

maxsize : 26
nodes : 28040718.000000
filtered : 811923703.000000
CCGP filtered : 178036664.000000
CCGT filtered : 117352267.000000
time : 297.090179
