Parameters: GAD=1 vflib=1 dir=0 label=0 lowerbound=1 fileNameGp=../../cp2016-max-common-connected-subgraph-paper/datasets/graphsdb/mcs70/rand/r005/mcs70_r005_s40.A02 fileNameGt=../../cp2016-max-common-connected-subgraph-paper/datasets/graphsdb/mcs70/rand/r005/mcs70_r005_s40.B02
Reading graphs...
40 :  75
40 :  75
Initializing...
maxdom : 40
D->valSize : 1600
Solving...
currentSize : 15 <-- 0.035741 s
currentSize : 16 <-- 0.035861 s
currentSize : 17 <-- 0.035928 s
currentSize : 18 <-- 0.035973 s
currentSize : 19 <-- 0.036169 s
currentSize : 20 <-- 0.036552 s
currentSize : 21 <-- 0.036642 s
currentSize : 22 <-- 0.038018 s
currentSize : 23 <-- 0.038927 s
currentSize : 24 <-- 0.045698 s
currentSize : 25 <-- 1.763685 s
currentSize : 26 <-- 1.867285 s
currentSize : 27 <-- 22.052032 s

TIMEOUT
maxsize : 27
nodes : 84214980.000000
filtered : 2398171285.000000
CCGP filtered : 698357152.000000
CCGT filtered : 417587800.000000
time : 1000.000000
