Parameters: GAD=1 vflib=1 dir=0 label=0 lowerbound=1 fileNameGp=../../cp2016-max-common-connected-subgraph-paper/datasets/graphsdb/mcs70/m2D/m2Dr2/mcs70_m2Dr2_s35.A06 fileNameGt=../../cp2016-max-common-connected-subgraph-paper/datasets/graphsdb/mcs70/m2D/m2Dr2/mcs70_m2Dr2_s35.B06
Reading graphs...
35 :  64
35 :  63
Initializing...
maxdom : 35
D->valSize : 1225
Solving...
currentSize : 16 <-- 0.020668 s
currentSize : 18 <-- 0.020817 s
currentSize : 19 <-- 0.021082 s
currentSize : 20 <-- 0.021583 s
currentSize : 21 <-- 0.023613 s
currentSize : 22 <-- 0.024203 s
currentSize : 23 <-- 0.084642 s
currentSize : 24 <-- 4.004808 s
currentSize : 25 <-- 205.577835 s
currentSize : 26 <-- 237.424301 s

maxsize : 26
nodes : 23735312.000000
filtered : 648687188.000000
CCGP filtered : 336931534.000000
CCGT filtered : 216436940.000000
time : 261.746429
