Parameters: GAD=1 vflib=1 dir=0 label=0 lowerbound=1 fileNameGp=../../cp2016-max-common-connected-subgraph-paper/datasets/graphsdb/mcs70/m3D/m3Dr4/mcs70_m3Dr4_s35.A06 fileNameGt=../../cp2016-max-common-connected-subgraph-paper/datasets/graphsdb/mcs70/m3D/m3Dr4/mcs70_m3Dr4_s35.B06
Reading graphs...
35 :  85
35 :  84
Initializing...
maxdom : 35
D->valSize : 1225
Solving...
currentSize : 15 <-- 0.020191 s
currentSize : 16 <-- 0.020327 s
currentSize : 17 <-- 0.020730 s
currentSize : 18 <-- 0.021015 s
currentSize : 19 <-- 0.026200 s
currentSize : 20 <-- 0.071128 s
currentSize : 21 <-- 11.048536 s
currentSize : 22 <-- 92.959244 s
currentSize : 23 <-- 197.906052 s
currentSize : 24 <-- 296.945190 s
currentSize : 27 <-- 298.052521 s

maxsize : 27
nodes : 31116242.000000
filtered : 772846297.000000
CCGP filtered : 50719102.000000
CCGT filtered : 41623206.000000
time : 318.510284
