Parameters: GAD=1 vflib=1 dir=0 label=0 lowerbound=1 fileNameGp=../../cp2016-max-common-connected-subgraph-paper/datasets/graphsdb/mcs70/m2D/m2Dr6/mcs70_m2Dr6_s50.A05 fileNameGt=../../cp2016-max-common-connected-subgraph-paper/datasets/graphsdb/mcs70/m2D/m2Dr6/mcs70_m2Dr6_s50.B05
Reading graphs...
50 :  111
50 :  111
Initializing...
maxdom : 50
D->valSize : 2500
Solving...
currentSize : 17 <-- 0.094903 s
currentSize : 18 <-- 0.095092 s
currentSize : 19 <-- 0.095326 s
currentSize : 20 <-- 0.095938 s
currentSize : 21 <-- 0.097061 s
currentSize : 22 <-- 0.103221 s
currentSize : 23 <-- 0.103482 s
currentSize : 24 <-- 0.125531 s
currentSize : 25 <-- 0.130315 s
currentSize : 26 <-- 0.370941 s
currentSize : 27 <-- 0.518492 s
currentSize : 28 <-- 3.832140 s
currentSize : 29 <-- 24.722063 s
currentSize : 30 <-- 349.740143 s
currentSize : 31 <-- 361.688324 s

TIMEOUT
maxsize : 31
nodes : 65737681.000000
filtered : 1546858344.000000
CCGP filtered : 357450895.000000
CCGT filtered : 228112172.000000
time : 1000.000000
