Parameters: GAD=1 vflib=1 dir=0 label=0 lowerbound=1 fileNameGp=../../cp2016-max-common-connected-subgraph-paper/datasets/graphsdb/mcs70/m3D/m3Dr4/mcs70_m3Dr4_s35.A04 fileNameGt=../../cp2016-max-common-connected-subgraph-paper/datasets/graphsdb/mcs70/m3D/m3Dr4/mcs70_m3Dr4_s35.B04
Reading graphs...
35 :  86
35 :  85
Initializing...
maxdom : 35
D->valSize : 1225
Solving...
currentSize : 14 <-- 0.034797 s
currentSize : 16 <-- 0.034873 s
currentSize : 17 <-- 0.041002 s
currentSize : 18 <-- 0.051544 s
currentSize : 19 <-- 0.058933 s
currentSize : 20 <-- 0.285276 s
currentSize : 21 <-- 3.342543 s
currentSize : 22 <-- 105.288162 s
currentSize : 23 <-- 620.228943 s
currentSize : 24 <-- 690.926392 s
currentSize : 27 <-- 691.341431 s

maxsize : 27
nodes : 66316524.000000
filtered : 1740620343.000000
CCGP filtered : 184885520.000000
CCGT filtered : 95362735.000000
time : 707.707397
