Parameters: GAD=1 vflib=1 dir=0 label=0 lowerbound=1 fileNameGp=../../cp2016-max-common-connected-subgraph-paper/datasets/graphsdb/mcs70/m2D/m2Dr2/mcs70_m2Dr2_s40.A06 fileNameGt=../../cp2016-max-common-connected-subgraph-paper/datasets/graphsdb/mcs70/m2D/m2Dr2/mcs70_m2Dr2_s40.B06
Reading graphs...
40 :  73
40 :  75
Initializing...
maxdom : 40
D->valSize : 1600
Solving...
currentSize : 14 <-- 0.061210 s
currentSize : 15 <-- 0.061455 s
currentSize : 16 <-- 0.062215 s
currentSize : 19 <-- 0.063511 s
currentSize : 20 <-- 0.063569 s
currentSize : 21 <-- 0.063686 s
currentSize : 22 <-- 0.064091 s
currentSize : 23 <-- 0.332509 s
currentSize : 24 <-- 0.482189 s
currentSize : 25 <-- 8.396418 s
currentSize : 26 <-- 26.111816 s
currentSize : 27 <-- 69.018494 s

TIMEOUT
maxsize : 27
nodes : 82090312.000000
filtered : 2666009300.000000
CCGP filtered : 863051263.000000
CCGT filtered : 387035188.000000
time : 1000.000000
