Parameters: GAD=1 vflib=1 dir=0 label=0 lowerbound=1 fileNameGp=../../cp2016-max-common-connected-subgraph-paper/datasets/graphsdb/mcs70/m2D/m2D/mcs70_m2D_s35.A01 fileNameGt=../../cp2016-max-common-connected-subgraph-paper/datasets/graphsdb/mcs70/m2D/m2D/mcs70_m2D_s35.B01
Reading graphs...
35 :  57
35 :  58
Initializing...
maxdom : 35
D->valSize : 1225
Solving...
currentSize : 18 <-- 0.020664 s
currentSize : 19 <-- 0.020816 s
currentSize : 20 <-- 0.021029 s
currentSize : 21 <-- 0.022936 s
currentSize : 22 <-- 0.030966 s
currentSize : 23 <-- 0.038809 s
currentSize : 24 <-- 0.135544 s
currentSize : 25 <-- 13.520815 s
currentSize : 26 <-- 36.101170 s

maxsize : 26
nodes : 9630782.000000
filtered : 280964911.000000
CCGP filtered : 90565753.000000
CCGT filtered : 50695841.000000
time : 102.370354
