Parameters: GAD=1 vflib=1 dir=0 label=0 lowerbound=1 fileNameGp=../../cp2016-max-common-connected-subgraph-paper/datasets/graphsdb/mcs70/rand/r005/mcs70_r005_s20.A06 fileNameGt=../../cp2016-max-common-connected-subgraph-paper/datasets/graphsdb/mcs70/rand/r005/mcs70_r005_s20.B06
Reading graphs...
20 :  22
20 :  21
Initializing...
maxdom : 20
D->valSize : 400
Solving...
currentSize : 5 <-- 0.002343 s
currentSize : 6 <-- 0.002370 s
currentSize : 7 <-- 0.002392 s
currentSize : 10 <-- 0.002441 s
currentSize : 11 <-- 0.002552 s
currentSize : 12 <-- 0.003305 s
currentSize : 13 <-- 0.004511 s
currentSize : 14 <-- 0.006798 s
currentSize : 15 <-- 0.006885 s
currentSize : 16 <-- 0.007342 s

maxsize : 16
nodes : 3398.000000
filtered : 61554.000000
CCGP filtered : 53313.000000
CCGT filtered : 29790.000000
time : 0.024475
