Parameters: GAD=1 vflib=1 dir=0 label=0 lowerbound=1 fileNameGp=../../cp2016-max-common-connected-subgraph-paper/datasets/graphsdb/mcs70/m3D/m3Dr2/mcs70_m3Dr2_s35.A06 fileNameGt=../../cp2016-max-common-connected-subgraph-paper/datasets/graphsdb/mcs70/m3D/m3Dr2/mcs70_m3Dr2_s35.B06
Reading graphs...
35 :  79
35 :  78
Initializing...
maxdom : 35
D->valSize : 1225
Solving...
currentSize : 16 <-- 0.019961 s
currentSize : 17 <-- 0.020126 s
currentSize : 18 <-- 0.027284 s
currentSize : 19 <-- 0.082485 s
currentSize : 20 <-- 0.307977 s
currentSize : 21 <-- 0.451748 s
currentSize : 22 <-- 28.050049 s
currentSize : 23 <-- 108.232872 s
currentSize : 25 <-- 161.566498 s
currentSize : 26 <-- 161.566605 s
currentSize : 27 <-- 212.047760 s

maxsize : 27
nodes : 21811506.000000
filtered : 597580047.000000
CCGP filtered : 52885042.000000
CCGT filtered : 33324489.000000
time : 224.997910
