Parameters: GAD=1 vflib=1 dir=0 label=0 lowerbound=1 fileNameGp=../../cp2016-max-common-connected-subgraph-paper/datasets/graphsdb/mcs70/rand/r005/mcs70_r005_s40.A00 fileNameGt=../../cp2016-max-common-connected-subgraph-paper/datasets/graphsdb/mcs70/rand/r005/mcs70_r005_s40.B00
Reading graphs...
40 :  75
40 :  73
Initializing...
maxdom : 40
D->valSize : 1600
Solving...
currentSize : 12 <-- 0.035756 s
currentSize : 14 <-- 0.035967 s
currentSize : 17 <-- 0.036225 s
currentSize : 18 <-- 0.036596 s
currentSize : 19 <-- 0.038480 s
currentSize : 20 <-- 0.041772 s
currentSize : 21 <-- 0.041884 s
currentSize : 22 <-- 0.068821 s
currentSize : 23 <-- 0.087398 s
currentSize : 24 <-- 0.932314 s
currentSize : 25 <-- 3.664035 s
currentSize : 26 <-- 11.436906 s
currentSize : 27 <-- 25.165224 s
currentSize : 28 <-- 166.751587 s

maxsize : 28
nodes : 61025509.000000
filtered : 2352283468.000000
CCGP filtered : 1105720359.000000
CCGT filtered : 753620237.000000
time : 853.788696
