Parameters: GAD=1 vflib=1 dir=0 label=0 lowerbound=1 fileNameGp=../../cp2016-max-common-connected-subgraph-paper/datasets/graphsdb/mcs70/rand/r01/mcs70_r01_s35.A00 fileNameGt=../../cp2016-max-common-connected-subgraph-paper/datasets/graphsdb/mcs70/rand/r01/mcs70_r01_s35.B00
Reading graphs...
35 :  114
35 :  113
Initializing...
maxdom : 35
D->valSize : 1225
Solving...
currentSize : 15 <-- 0.030824 s
currentSize : 16 <-- 0.030872 s
currentSize : 17 <-- 0.031413 s
currentSize : 18 <-- 0.088024 s
currentSize : 19 <-- 1.207425 s
currentSize : 20 <-- 112.038689 s
currentSize : 21 <-- 809.563965 s
currentSize : 22 <-- 867.298157 s
currentSize : 23 <-- 867.298340 s
currentSize : 24 <-- 867.298706 s

maxsize : 24
nodes : 84706874.000000
filtered : 2104759451.000000
CCGP filtered : 80587046.000000
CCGT filtered : 97778560.000000
time : 927.650757
