Parameters: GAD=1 vflib=1 dir=0 label=0 lowerbound=1 fileNameGp=../../cp2016-max-common-connected-subgraph-paper/datasets/graphsdb/mcs70/bvg/b09/mcs70_b09_s25.A07 fileNameGt=../../cp2016-max-common-connected-subgraph-paper/datasets/graphsdb/mcs70/bvg/b09/mcs70_b09_s25.B07
Reading graphs...
25 :  110
25 :  110
Initializing...
maxdom : 25
D->valSize : 625
Solving...
currentSize : 9 <-- 0.004544 s
currentSize : 10 <-- 0.004656 s
currentSize : 11 <-- 0.008937 s
currentSize : 12 <-- 0.013699 s
currentSize : 13 <-- 0.013735 s
currentSize : 14 <-- 0.655703 s
currentSize : 15 <-- 4.533393 s
currentSize : 16 <-- 5.661695 s
currentSize : 17 <-- 5.669944 s

maxsize : 17
nodes : 729791.000000
filtered : 12733060.000000
CCGP filtered : 96163.000000
CCGT filtered : 179628.000000
time : 6.686679
