Parameters: GAD=1 vflib=1 dir=0 label=0 lowerbound=1 fileNameGp=../../cp2016-max-common-connected-subgraph-paper/datasets/graphsdb/mcs70/bvg/b09m/mcs70_b09m_s35.A00 fileNameGt=../../cp2016-max-common-connected-subgraph-paper/datasets/graphsdb/mcs70/bvg/b09m/mcs70_b09m_s35.B00
Reading graphs...
35 :  153
35 :  154
Initializing...
maxdom : 35
D->valSize : 1225
Solving...
currentSize : 13 <-- 0.018169 s
currentSize : 14 <-- 0.018541 s
currentSize : 15 <-- 0.020898 s
currentSize : 16 <-- 0.020949 s
currentSize : 17 <-- 0.349189 s
currentSize : 18 <-- 321.659485 s
currentSize : 19 <-- 568.430359 s
currentSize : 20 <-- 613.456604 s
currentSize : 22 <-- 637.491272 s
currentSize : 24 <-- 761.863586 s

maxsize : 24
nodes : 68131585.000000
filtered : 1556320301.000000
CCGP filtered : 24709020.000000
CCGT filtered : 17909411.000000
time : 775.303955
