Parameters: GAD=1 vflib=1 dir=0 label=0 lowerbound=1 fileNameGp=../../cp2016-max-common-connected-subgraph-paper/datasets/graphsdb/mcs70/bvg/b09/mcs70_b09_s35.A02 fileNameGt=../../cp2016-max-common-connected-subgraph-paper/datasets/graphsdb/mcs70/bvg/b09/mcs70_b09_s35.B02
Reading graphs...
35 :  153
35 :  154
Initializing...
maxdom : 35
D->valSize : 1225
Solving...
currentSize : 11 <-- 0.031452 s
currentSize : 12 <-- 0.031580 s
currentSize : 13 <-- 0.031918 s
currentSize : 14 <-- 0.033183 s
currentSize : 15 <-- 0.043816 s
currentSize : 16 <-- 0.285157 s
currentSize : 17 <-- 0.287544 s
currentSize : 18 <-- 0.347897 s
currentSize : 19 <-- 0.907580 s
currentSize : 20 <-- 5.383784 s
currentSize : 21 <-- 5.463646 s
currentSize : 22 <-- 5.577887 s
currentSize : 25 <-- 5.578238 s

maxsize : 25
nodes : 2654896.000000
filtered : 110139225.000000
CCGP filtered : 435863.000000
CCGT filtered : 1678561.000000
time : 35.357590
