Parameters: GAD=1 vflib=1 dir=0 label=0 lowerbound=1 fileNameGp=../../cp2016-max-common-connected-subgraph-paper/datasets/graphsdb/mcs70/m3D/m3D/mcs70_m3D_s35.A06 fileNameGt=../../cp2016-max-common-connected-subgraph-paper/datasets/graphsdb/mcs70/m3D/m3D/mcs70_m3D_s35.B06
Reading graphs...
35 :  72
35 :  72
Initializing...
maxdom : 35
D->valSize : 1225
Solving...
currentSize : 17 <-- 0.020426 s
currentSize : 18 <-- 0.020464 s
currentSize : 19 <-- 0.020562 s
currentSize : 20 <-- 0.020716 s
currentSize : 21 <-- 0.089416 s
currentSize : 22 <-- 0.128323 s
currentSize : 23 <-- 1.231280 s
currentSize : 24 <-- 1.402802 s
currentSize : 26 <-- 90.958954 s
currentSize : 27 <-- 92.657249 s

maxsize : 27
nodes : 13161644.000000
filtered : 407386181.000000
CCGP filtered : 34088820.000000
CCGT filtered : 16622869.000000
time : 139.858978
