Parameters: GAD=1 vflib=1 dir=0 label=0 lowerbound=1 fileNameGp=../../cp2016-max-common-connected-subgraph-paper/datasets/graphsdb/mcs70/bvg/b03m/mcs70_b03m_s30.A06 fileNameGt=../../cp2016-max-common-connected-subgraph-paper/datasets/graphsdb/mcs70/bvg/b03m/mcs70_b03m_s30.B06
Reading graphs...
30 :  44
30 :  44
Initializing...
maxdom : 30
D->valSize : 900
Solving...
currentSize : 12 <-- 0.019641 s
currentSize : 13 <-- 0.020625 s
currentSize : 15 <-- 0.021233 s
currentSize : 16 <-- 0.021561 s
currentSize : 17 <-- 0.022192 s
currentSize : 18 <-- 0.025098 s
currentSize : 19 <-- 0.037954 s
currentSize : 20 <-- 0.311660 s
currentSize : 21 <-- 1.158729 s
currentSize : 22 <-- 1.220896 s

maxsize : 22
nodes : 837035.000000
filtered : 20353005.000000
CCGP filtered : 27721147.000000
CCGT filtered : 9540454.000000
time : 8.064156
