Parameters: GAD=1 vflib=1 dir=0 label=0 lowerbound=1 fileNameGp=../../cp2016-max-common-connected-subgraph-paper/datasets/graphsdb/mcs70/m2D/m2Dr4/mcs70_m2Dr4_s35.A06 fileNameGt=../../cp2016-max-common-connected-subgraph-paper/datasets/graphsdb/mcs70/m2D/m2Dr4/mcs70_m2Dr4_s35.B06
Reading graphs...
35 :  70
35 :  71
Initializing...
maxdom : 35
D->valSize : 1225
Solving...
currentSize : 16 <-- 0.020325 s
currentSize : 18 <-- 0.020431 s
currentSize : 19 <-- 0.021073 s
currentSize : 20 <-- 0.023670 s
currentSize : 21 <-- 0.029253 s
currentSize : 22 <-- 0.938681 s
currentSize : 23 <-- 1.581564 s
currentSize : 24 <-- 24.643076 s
currentSize : 25 <-- 24.892937 s

maxsize : 25
nodes : 32785885.000000
filtered : 1113221713.000000
CCGP filtered : 125002012.000000
CCGT filtered : 68467688.000000
time : 353.446075
