Parameters: GAD=1 vflib=1 dir=0 label=0 lowerbound=1 fileNameGp=../../cp2016-max-common-connected-subgraph-paper/datasets/graphsdb/mcs70/bvg/b09m/mcs70_b09m_s40.A08 fileNameGt=../../cp2016-max-common-connected-subgraph-paper/datasets/graphsdb/mcs70/bvg/b09m/mcs70_b09m_s40.B08
Reading graphs...
40 :  171
40 :  168
Initializing...
maxdom : 40
D->valSize : 1600
Solving...
currentSize : 14 <-- 0.031723 s
currentSize : 15 <-- 0.031794 s
currentSize : 16 <-- 0.032593 s
currentSize : 17 <-- 0.035989 s
currentSize : 18 <-- 0.801820 s
currentSize : 19 <-- 50.485775 s
currentSize : 22 <-- 563.106995 s
currentSize : 23 <-- 563.107788 s
currentSize : 26 <-- 571.217346 s
currentSize : 28 <-- 852.876465 s

maxsize : 28
nodes : 70367913.000000
filtered : 2201912121.000000
CCGP filtered : 22981946.000000
CCGT filtered : 24715810.000000
time : 933.679749
