Parameters: GAD=1 vflib=1 dir=0 label=0 lowerbound=1 fileNameGp=../../cp2016-max-common-connected-subgraph-paper/datasets/graphsdb/mcs70/rand/r01/mcs70_r01_s35.A06 fileNameGt=../../cp2016-max-common-connected-subgraph-paper/datasets/graphsdb/mcs70/rand/r01/mcs70_r01_s35.B06
Reading graphs...
35 :  108
35 :  110
Initializing...
maxdom : 35
D->valSize : 1225
Solving...
currentSize : 13 <-- 0.033446 s
currentSize : 14 <-- 0.033495 s
currentSize : 15 <-- 0.033830 s
currentSize : 16 <-- 0.038453 s
currentSize : 17 <-- 0.095945 s
currentSize : 18 <-- 0.403022 s
currentSize : 19 <-- 4.485617 s
currentSize : 20 <-- 220.233002 s
currentSize : 21 <-- 461.261536 s
currentSize : 22 <-- 461.716461 s
currentSize : 24 <-- 512.137146 s

maxsize : 24
nodes : 51478887.000000
filtered : 1386381659.000000
CCGP filtered : 93855719.000000
CCGT filtered : 108783410.000000
time : 576.372498
