Parameters: GAD=1 vflib=1 dir=0 label=0 lowerbound=1 fileNameGp=../../cp2016-max-common-connected-subgraph-paper/datasets/graphsdb/mcs70/rand/r01/mcs70_r01_s35.A07 fileNameGt=../../cp2016-max-common-connected-subgraph-paper/datasets/graphsdb/mcs70/rand/r01/mcs70_r01_s35.B07
Reading graphs...
35 :  114
35 :  111
Initializing...
maxdom : 35
D->valSize : 1225
Solving...
currentSize : 13 <-- 0.019160 s
currentSize : 15 <-- 0.019495 s
currentSize : 16 <-- 0.020340 s
currentSize : 17 <-- 0.026823 s
currentSize : 18 <-- 0.970923 s
currentSize : 19 <-- 11.827086 s
currentSize : 20 <-- 75.064003 s
currentSize : 21 <-- 134.291351 s
currentSize : 24 <-- 501.941559 s

maxsize : 24
nodes : 51177854.000000
filtered : 1475581967.000000
CCGP filtered : 43078825.000000
CCGT filtered : 23611348.000000
time : 564.155823
