Parameters: GAD=1 vflib=1 dir=0 label=0 lowerbound=1 fileNameGp=../../cp2016-max-common-connected-subgraph-paper/datasets/graphsdb/mcs70/m3D/m3D/mcs70_m3D_s40.A03 fileNameGt=../../cp2016-max-common-connected-subgraph-paper/datasets/graphsdb/mcs70/m3D/m3D/mcs70_m3D_s40.B03
Reading graphs...
40 :  84
40 :  83
Initializing...
maxdom : 40
D->valSize : 1600
Solving...
currentSize : 18 <-- 0.035288 s
currentSize : 19 <-- 0.035333 s
currentSize : 20 <-- 0.035424 s
currentSize : 21 <-- 0.035514 s
currentSize : 22 <-- 0.036070 s
currentSize : 23 <-- 0.041078 s
currentSize : 24 <-- 0.046376 s
currentSize : 25 <-- 11.897541 s
currentSize : 26 <-- 18.411636 s
currentSize : 27 <-- 18.478607 s
currentSize : 28 <-- 28.671396 s

TIMEOUT
maxsize : 28
nodes : 78965428.000000
filtered : 3141012664.000000
CCGP filtered : 383665268.000000
CCGT filtered : 157999734.000000
time : 1000.000000
