Parameters: GAD=1 vflib=1 dir=0 label=0 lowerbound=1 fileNameGp=../../cp2016-max-common-connected-subgraph-paper/datasets/graphsdb/mcs70/bvg/b09/mcs70_b09_s40.A01 fileNameGt=../../cp2016-max-common-connected-subgraph-paper/datasets/graphsdb/mcs70/bvg/b09/mcs70_b09_s40.B01
Reading graphs...
40 :  179
40 :  179
Initializing...
maxdom : 40
D->valSize : 1600
Solving...
currentSize : 18 <-- 0.031580 s
currentSize : 19 <-- 0.032348 s
currentSize : 20 <-- 0.032754 s
currentSize : 21 <-- 0.038111 s
currentSize : 22 <-- 0.038399 s
currentSize : 23 <-- 0.040086 s
currentSize : 24 <-- 0.143779 s
currentSize : 25 <-- 0.229808 s
currentSize : 28 <-- 8.858287 s
currentSize : 29 <-- 22.899792 s

maxsize : 29
nodes : 6450410.000000
filtered : 364847808.000000
CCGP filtered : 487596.000000
CCGT filtered : 1167000.000000
time : 100.300072
