Parameters: GAD=1 vflib=1 dir=0 label=0 lowerbound=1 fileNameGp=../../cp2016-max-common-connected-subgraph-paper/datasets/graphsdb/mcs70/m3D/m3Dr2/mcs70_m3Dr2_s35.A02 fileNameGt=../../cp2016-max-common-connected-subgraph-paper/datasets/graphsdb/mcs70/m3D/m3Dr2/mcs70_m3Dr2_s35.B02
Reading graphs...
35 :  79
35 :  79
Initializing...
maxdom : 35
D->valSize : 1225
Solving...
currentSize : 15 <-- 0.020123 s
currentSize : 16 <-- 0.020159 s
currentSize : 17 <-- 0.020826 s
currentSize : 18 <-- 0.021101 s
currentSize : 19 <-- 0.188028 s
currentSize : 20 <-- 0.246400 s
currentSize : 21 <-- 13.830295 s
currentSize : 22 <-- 29.829735 s
currentSize : 23 <-- 115.876221 s
currentSize : 24 <-- 155.148346 s
currentSize : 25 <-- 286.728394 s
currentSize : 28 <-- 286.728485 s

maxsize : 28
nodes : 26912117.000000
filtered : 734310382.000000
CCGP filtered : 63884541.000000
CCGT filtered : 59900033.000000
time : 292.078217
