Parameters: GAD=1 vflib=1 dir=0 label=0 lowerbound=1 fileNameGp=../../cp2016-max-common-connected-subgraph-paper/datasets/graphsdb/mcs70/rand/r005/mcs70_r005_s30.A01 fileNameGt=../../cp2016-max-common-connected-subgraph-paper/datasets/graphsdb/mcs70/rand/r005/mcs70_r005_s30.B01
Reading graphs...
30 :  42
30 :  42
Initializing...
maxdom : 30
D->valSize : 900
Solving...
currentSize : 15 <-- 0.011287 s
currentSize : 16 <-- 0.011458 s
currentSize : 17 <-- 0.038711 s
currentSize : 18 <-- 0.039126 s
currentSize : 19 <-- 0.043342 s
currentSize : 20 <-- 0.120366 s
currentSize : 21 <-- 0.881172 s
currentSize : 22 <-- 2.913025 s
currentSize : 23 <-- 3.203809 s

maxsize : 23
nodes : 575836.000000
filtered : 14392079.000000
CCGP filtered : 10538615.000000
CCGT filtered : 8260747.000000
time : 5.768002
