Parameters: GAD=1 vflib=1 dir=0 label=0 lowerbound=1 fileNameGp=../../cp2016-max-common-connected-subgraph-paper/datasets/graphsdb/mcs70/bvg/b06/mcs70_b06_s30.A06 fileNameGt=../../cp2016-max-common-connected-subgraph-paper/datasets/graphsdb/mcs70/bvg/b06/mcs70_b06_s30.B06
Reading graphs...
30 :  89
30 :  88
Initializing...
maxdom : 30
D->valSize : 900
Solving...
currentSize : 12 <-- 0.017809 s
currentSize : 13 <-- 0.018943 s
currentSize : 14 <-- 0.019316 s
currentSize : 15 <-- 0.024742 s
currentSize : 16 <-- 0.025065 s
currentSize : 17 <-- 0.091771 s
currentSize : 18 <-- 0.092168 s
currentSize : 19 <-- 0.193767 s
currentSize : 20 <-- 0.195284 s
currentSize : 21 <-- 0.387872 s
currentSize : 22 <-- 0.406156 s
currentSize : 23 <-- 0.589025 s

maxsize : 23
nodes : 174071.000000
filtered : 6197236.000000
CCGP filtered : 150499.000000
CCGT filtered : 300266.000000
time : 1.907501
