Parameters: GAD=1 vflib=1 dir=0 label=0 lowerbound=1 fileNameGp=../../cp2016-max-common-connected-subgraph-paper/datasets/graphsdb/mcs70/bvg/b09/mcs70_b09_s30.A00 fileNameGt=../../cp2016-max-common-connected-subgraph-paper/datasets/graphsdb/mcs70/bvg/b09/mcs70_b09_s30.B00
Reading graphs...
30 :  132
30 :  132
Initializing...
maxdom : 30
D->valSize : 900
Solving...
currentSize : 10 <-- 0.009420 s
currentSize : 11 <-- 0.009469 s
currentSize : 12 <-- 0.009670 s
currentSize : 13 <-- 0.012575 s
currentSize : 14 <-- 0.013906 s
currentSize : 15 <-- 0.055185 s
currentSize : 18 <-- 0.057191 s
currentSize : 20 <-- 0.253563 s
currentSize : 21 <-- 0.518788 s

maxsize : 21
nodes : 569994.000000
filtered : 21354784.000000
CCGP filtered : 31614.000000
CCGT filtered : 26821.000000
time : 6.488468
