Parameters: GAD=1 vflib=1 dir=0 label=0 lowerbound=1 fileNameGp=../../cp2016-max-common-connected-subgraph-paper/datasets/graphsdb/mcs70/rand/r01/mcs70_r01_s30.A07 fileNameGt=../../cp2016-max-common-connected-subgraph-paper/datasets/graphsdb/mcs70/rand/r01/mcs70_r01_s30.B07
Reading graphs...
30 :  81
30 :  82
Initializing...
maxdom : 30
D->valSize : 900
Solving...
currentSize : 12 <-- 0.010449 s
currentSize : 13 <-- 0.010531 s
currentSize : 14 <-- 0.010636 s
currentSize : 15 <-- 0.010890 s
currentSize : 16 <-- 0.026682 s
currentSize : 17 <-- 0.294093 s
currentSize : 18 <-- 18.615919 s
currentSize : 19 <-- 41.485168 s
currentSize : 22 <-- 76.440063 s

maxsize : 22
nodes : 8662583.000000
filtered : 181187384.000000
CCGP filtered : 8115913.000000
CCGT filtered : 5462310.000000
time : 79.948158
