Parameters: GAD=1 vflib=1 dir=0 label=0 lowerbound=1 fileNameGp=../../cp2016-max-common-connected-subgraph-paper/datasets/graphsdb/mcs70/m3D/m3D/mcs70_m3D_s35.A00 fileNameGt=../../cp2016-max-common-connected-subgraph-paper/datasets/graphsdb/mcs70/m3D/m3D/mcs70_m3D_s35.B00
Reading graphs...
35 :  72
35 :  72
Initializing...
maxdom : 35
D->valSize : 1225
Solving...
currentSize : 17 <-- 0.020651 s
currentSize : 18 <-- 0.020722 s
currentSize : 19 <-- 0.021100 s
currentSize : 20 <-- 0.022771 s
currentSize : 21 <-- 0.042644 s
currentSize : 22 <-- 0.056565 s
currentSize : 23 <-- 3.344405 s
currentSize : 24 <-- 7.418276 s
currentSize : 25 <-- 43.817348 s
currentSize : 26 <-- 43.885048 s
currentSize : 27 <-- 43.894825 s
currentSize : 28 <-- 50.064648 s

maxsize : 28
nodes : 7601728.000000
filtered : 201654041.000000
CCGP filtered : 9092542.000000
CCGT filtered : 3286146.000000
time : 75.204765
