Parameters: GAD=1 vflib=1 dir=0 label=0 lowerbound=1 fileNameGp=../../cp2016-max-common-connected-subgraph-paper/datasets/graphsdb/mcs70/rand/r005/mcs70_r005_s35.A04 fileNameGt=../../cp2016-max-common-connected-subgraph-paper/datasets/graphsdb/mcs70/rand/r005/mcs70_r005_s35.B04
Reading graphs...
35 :  58
35 :  58
Initializing...
maxdom : 35
D->valSize : 1225
Solving...
currentSize : 17 <-- 0.020969 s
currentSize : 18 <-- 0.021137 s
currentSize : 19 <-- 0.021761 s
currentSize : 20 <-- 0.023809 s
currentSize : 21 <-- 0.042870 s
currentSize : 22 <-- 0.043926 s
currentSize : 23 <-- 0.205465 s
currentSize : 24 <-- 2.127458 s
currentSize : 25 <-- 8.301266 s
currentSize : 26 <-- 34.462879 s

maxsize : 26
nodes : 12448388.000000
filtered : 404905229.000000
CCGP filtered : 98081577.000000
CCGT filtered : 73648613.000000
time : 139.119995
