Parameters: GAD=1 vflib=1 dir=0 label=0 lowerbound=1 fileNameGp=../../cp2016-max-common-connected-subgraph-paper/datasets/graphsdb/mcs70/m2D/m2D/mcs70_m2D_s40.A07 fileNameGt=../../cp2016-max-common-connected-subgraph-paper/datasets/graphsdb/mcs70/m2D/m2D/mcs70_m2D_s40.B07
Reading graphs...
40 :  66
40 :  67
Initializing...
maxdom : 40
D->valSize : 1600
Solving...
currentSize : 19 <-- 0.036190 s
currentSize : 20 <-- 0.037368 s
currentSize : 21 <-- 0.038097 s
currentSize : 22 <-- 0.044929 s
currentSize : 23 <-- 0.066379 s
currentSize : 24 <-- 0.148849 s
currentSize : 25 <-- 14.075351 s
currentSize : 26 <-- 14.637844 s
currentSize : 27 <-- 286.144287 s
currentSize : 28 <-- 358.989807 s

TIMEOUT
maxsize : 28
nodes : 82746407.000000
filtered : 2308190175.000000
CCGP filtered : 1281376848.000000
CCGT filtered : 786592129.000000
time : 1000.000000
