Parameters: GAD=1 vflib=1 dir=0 label=0 lowerbound=1 fileNameGp=../../cp2016-max-common-connected-subgraph-paper/datasets/graphsdb/mcs70/m3D/m3Dr6/mcs70_m3Dr6_s35.A09 fileNameGt=../../cp2016-max-common-connected-subgraph-paper/datasets/graphsdb/mcs70/m3D/m3Dr6/mcs70_m3Dr6_s35.B09
Reading graphs...
35 :  92
35 :  91
Initializing...
maxdom : 35
D->valSize : 1225
Solving...
currentSize : 15 <-- 0.019821 s
currentSize : 16 <-- 0.020131 s
currentSize : 17 <-- 0.134607 s
currentSize : 18 <-- 0.482024 s
currentSize : 19 <-- 1.371793 s
currentSize : 20 <-- 2.881955 s
currentSize : 21 <-- 50.719379 s
currentSize : 25 <-- 119.713379 s
currentSize : 26 <-- 119.713470 s
currentSize : 27 <-- 119.713593 s

maxsize : 27
nodes : 12384839.000000
filtered : 284046301.000000
CCGP filtered : 23406152.000000
CCGT filtered : 15771324.000000
time : 129.099396
