Parameters: GAD=1 vflib=1 dir=0 label=0 lowerbound=1 fileNameGp=../../cp2016-max-common-connected-subgraph-paper/datasets/graphsdb/mcs70/bvg/b06/mcs70_b06_s30.A07 fileNameGt=../../cp2016-max-common-connected-subgraph-paper/datasets/graphsdb/mcs70/bvg/b06/mcs70_b06_s30.B07
Reading graphs...
30 :  90
30 :  89
Initializing...
maxdom : 30
D->valSize : 900
Solving...
currentSize : 10 <-- 0.010109 s
currentSize : 11 <-- 0.010155 s
currentSize : 13 <-- 0.010214 s
currentSize : 14 <-- 0.010739 s
currentSize : 15 <-- 0.020263 s
currentSize : 16 <-- 0.021837 s
currentSize : 17 <-- 0.056888 s
currentSize : 18 <-- 0.109436 s
currentSize : 19 <-- 0.578476 s
currentSize : 21 <-- 0.663221 s
currentSize : 22 <-- 1.422884 s

maxsize : 22
nodes : 778582.000000
filtered : 25276335.000000
CCGP filtered : 422850.000000
CCGT filtered : 557391.000000
time : 7.945712
