Parameters: GAD=1 vflib=1 dir=0 label=0 lowerbound=1 fileNameGp=../../cp2016-max-common-connected-subgraph-paper/datasets/graphsdb/mcs70/bvg/b06m/mcs70_b06m_s30.A00 fileNameGt=../../cp2016-max-common-connected-subgraph-paper/datasets/graphsdb/mcs70/bvg/b06m/mcs70_b06m_s30.B00
Reading graphs...
30 :  85
30 :  86
Initializing...
maxdom : 30
D->valSize : 900
Solving...
currentSize : 12 <-- 0.010210 s
currentSize : 13 <-- 0.010249 s
currentSize : 14 <-- 0.010404 s
currentSize : 15 <-- 0.010564 s
currentSize : 16 <-- 0.173893 s
currentSize : 17 <-- 2.773416 s
currentSize : 18 <-- 3.408134 s
currentSize : 19 <-- 5.386177 s
currentSize : 20 <-- 5.386331 s
currentSize : 21 <-- 5.386486 s
currentSize : 22 <-- 6.271605 s
currentSize : 23 <-- 6.271734 s

maxsize : 23
nodes : 750910.000000
filtered : 20098185.000000
CCGP filtered : 2084172.000000
CCGT filtered : 983151.000000
time : 7.362659
