Parameters: GAD=1 vflib=1 dir=0 label=0 lowerbound=1 fileNameGp=../../cp2016-max-common-connected-subgraph-paper/datasets/graphsdb/mcs70/m2D/m2D/mcs70_m2D_s50.A08 fileNameGt=../../cp2016-max-common-connected-subgraph-paper/datasets/graphsdb/mcs70/m2D/m2D/mcs70_m2D_s50.B08
Reading graphs...
50 :  85
50 :  85
Initializing...
maxdom : 50
D->valSize : 2500
Solving...
currentSize : 26 <-- 0.096587 s
currentSize : 27 <-- 0.096625 s
currentSize : 28 <-- 0.112742 s
currentSize : 29 <-- 0.403224 s
currentSize : 30 <-- 1.246908 s
currentSize : 31 <-- 14.599778 s
currentSize : 32 <-- 22.034348 s
currentSize : 34 <-- 22.034740 s
currentSize : 35 <-- 22.052084 s
currentSize : 36 <-- 31.063730 s
currentSize : 37 <-- 91.095032 s

TIMEOUT
maxsize : 37
nodes : 58693203.000000
filtered : 2745883438.000000
CCGP filtered : 1262204609.000000
CCGT filtered : 525976490.000000
time : 1000.000061
