Parameters: GAD=1 vflib=1 dir=0 label=0 lowerbound=1 fileNameGp=../../cp2016-max-common-connected-subgraph-paper/datasets/graphsdb/mcs70/bvg/b06m/mcs70_b06m_s40.A07 fileNameGt=../../cp2016-max-common-connected-subgraph-paper/datasets/graphsdb/mcs70/bvg/b06m/mcs70_b06m_s40.B07
Reading graphs...
40 :  119
40 :  118
Initializing...
maxdom : 40
D->valSize : 1600
Solving...
currentSize : 14 <-- 0.054207 s
currentSize : 15 <-- 0.064153 s
currentSize : 16 <-- 0.066041 s
currentSize : 17 <-- 0.067686 s
currentSize : 18 <-- 0.068168 s
currentSize : 19 <-- 0.092823 s
currentSize : 20 <-- 0.400162 s
currentSize : 21 <-- 0.965181 s
currentSize : 22 <-- 25.692142 s
currentSize : 23 <-- 360.665039 s

TIMEOUT
maxsize : 23
nodes : 77870094.000000
filtered : 2400828266.000000
CCGP filtered : 320681604.000000
CCGT filtered : 274211618.000000
time : 1000.000000
