Parameters: GAD=1 vflib=1 dir=0 label=0 lowerbound=1 fileNameGp=../../cp2016-max-common-connected-subgraph-paper/datasets/graphsdb/mcs70/rand/r005/mcs70_r005_s50.A08 fileNameGt=../../cp2016-max-common-connected-subgraph-paper/datasets/graphsdb/mcs70/rand/r005/mcs70_r005_s50.B08
Reading graphs...
50 :  118
50 :  118
Initializing...
maxdom : 50
D->valSize : 2500
Solving...
currentSize : 19 <-- 0.094008 s
currentSize : 21 <-- 0.094049 s
currentSize : 22 <-- 0.094254 s
currentSize : 23 <-- 0.095100 s
currentSize : 24 <-- 0.095120 s
currentSize : 25 <-- 1.669885 s
currentSize : 26 <-- 5.631089 s
currentSize : 27 <-- 6.064803 s
currentSize : 28 <-- 40.447208 s
currentSize : 29 <-- 76.272446 s
currentSize : 30 <-- 589.476685 s

TIMEOUT
maxsize : 30
nodes : 64016303.000000
filtered : 1850037358.000000
CCGP filtered : 447324843.000000
CCGT filtered : 289197244.000000
time : 1000.000061
