Parameters: GAD=1 vflib=1 dir=0 label=0 lowerbound=1 fileNameGp=../../cp2016-max-common-connected-subgraph-paper/datasets/graphsdb/mcs70/m3D/m3Dr4/mcs70_m3Dr4_s35.A07 fileNameGt=../../cp2016-max-common-connected-subgraph-paper/datasets/graphsdb/mcs70/m3D/m3Dr4/mcs70_m3Dr4_s35.B07
Reading graphs...
35 :  85
35 :  84
Initializing...
maxdom : 35
D->valSize : 1225
Solving...
currentSize : 13 <-- 0.019819 s
currentSize : 14 <-- 0.019859 s
currentSize : 15 <-- 0.019874 s
currentSize : 16 <-- 0.020697 s
currentSize : 17 <-- 0.021454 s
currentSize : 18 <-- 0.025986 s
currentSize : 19 <-- 0.030740 s
currentSize : 20 <-- 0.046136 s
currentSize : 21 <-- 0.635288 s
currentSize : 22 <-- 22.547293 s
currentSize : 23 <-- 136.784775 s
currentSize : 24 <-- 230.283066 s
currentSize : 25 <-- 306.138092 s
currentSize : 27 <-- 340.669312 s

maxsize : 27
nodes : 32205045.000000
filtered : 962893674.000000
CCGP filtered : 68816968.000000
CCGT filtered : 43789433.000000
time : 349.042938
