Parameters: GAD=1 vflib=1 dir=0 label=0 lowerbound=1 fileNameGp=../../cp2016-max-common-connected-subgraph-paper/datasets/graphsdb/mcs70/rand/r005/mcs70_r005_s35.A05 fileNameGt=../../cp2016-max-common-connected-subgraph-paper/datasets/graphsdb/mcs70/rand/r005/mcs70_r005_s35.B05
Reading graphs...
35 :  58
35 :  58
Initializing...
maxdom : 35
D->valSize : 1225
Solving...
currentSize : 15 <-- 0.036402 s
currentSize : 16 <-- 0.036571 s
currentSize : 17 <-- 0.041759 s
currentSize : 18 <-- 0.043750 s
currentSize : 19 <-- 0.054875 s
currentSize : 20 <-- 0.185567 s
currentSize : 21 <-- 0.574591 s
currentSize : 22 <-- 0.575676 s
currentSize : 23 <-- 0.576426 s
currentSize : 24 <-- 0.594943 s
currentSize : 25 <-- 0.665941 s
currentSize : 26 <-- 38.441956 s

maxsize : 26
nodes : 4108738.000000
filtered : 131787659.000000
CCGP filtered : 80463495.000000
CCGT filtered : 42215960.000000
time : 47.507828
