Parameters: GAD=1 vflib=1 dir=0 label=0 lowerbound=1 fileNameGp=../../cp2016-max-common-connected-subgraph-paper/datasets/graphsdb/mcs70/bvg/b03m/mcs70_b03m_s50.A03 fileNameGt=../../cp2016-max-common-connected-subgraph-paper/datasets/graphsdb/mcs70/bvg/b03m/mcs70_b03m_s50.B03
Reading graphs...
50 :  75
50 :  75
Initializing...
maxdom : 50
D->valSize : 2500
Solving...
currentSize : 16 <-- 0.098340 s
currentSize : 17 <-- 0.098542 s
currentSize : 19 <-- 0.098720 s
currentSize : 25 <-- 0.098861 s
currentSize : 27 <-- 0.099081 s
currentSize : 28 <-- 0.100725 s
currentSize : 29 <-- 0.112051 s
currentSize : 30 <-- 0.120765 s
currentSize : 31 <-- 0.121103 s
currentSize : 32 <-- 0.914953 s
currentSize : 33 <-- 15.023995 s
currentSize : 34 <-- 248.022049 s

TIMEOUT
maxsize : 34
nodes : 67728323.000000
filtered : 1846034048.000000
CCGP filtered : 1933084018.000000
CCGT filtered : 1059037367.000000
time : 1000.000061
