Parameters: GAD=1 vflib=1 dir=0 label=0 lowerbound=1 fileNameGp=../../cp2016-max-common-connected-subgraph-paper/datasets/graphsdb/mcs70/bvg/b06m/mcs70_b06m_s30.A01 fileNameGt=../../cp2016-max-common-connected-subgraph-paper/datasets/graphsdb/mcs70/bvg/b06m/mcs70_b06m_s30.B01
Reading graphs...
30 :  86
30 :  85
Initializing...
maxdom : 30
D->valSize : 900
Solving...
currentSize : 12 <-- 0.010097 s
currentSize : 13 <-- 0.010391 s
currentSize : 14 <-- 0.010885 s
currentSize : 15 <-- 0.019502 s
currentSize : 16 <-- 0.088053 s
currentSize : 17 <-- 0.251929 s
currentSize : 18 <-- 8.994358 s
currentSize : 20 <-- 34.913208 s
currentSize : 21 <-- 34.913315 s

maxsize : 21
nodes : 4545055.000000
filtered : 113382751.000000
CCGP filtered : 6642139.000000
CCGT filtered : 4642026.000000
time : 43.608128
