Parameters: GAD=1 vflib=1 dir=0 label=0 lowerbound=1 fileNameGp=../../cp2016-max-common-connected-subgraph-paper/datasets/graphsdb/mcs70/bvg/b09/mcs70_b09_s30.A04 fileNameGt=../../cp2016-max-common-connected-subgraph-paper/datasets/graphsdb/mcs70/bvg/b09/mcs70_b09_s30.B04
Reading graphs...
30 :  132
30 :  134
Initializing...
maxdom : 30
D->valSize : 900
Solving...
currentSize : 9 <-- 0.009534 s
currentSize : 11 <-- 0.009601 s
currentSize : 12 <-- 0.011668 s
currentSize : 13 <-- 0.022841 s
currentSize : 14 <-- 0.079707 s
currentSize : 16 <-- 0.079836 s
currentSize : 17 <-- 0.298166 s
currentSize : 18 <-- 0.298248 s
currentSize : 20 <-- 0.298453 s
currentSize : 21 <-- 0.298750 s

maxsize : 21
nodes : 685299.000000
filtered : 23409266.000000
CCGP filtered : 71289.000000
CCGT filtered : 19778.000000
time : 7.814899
