Parameters: GAD=1 vflib=1 dir=0 label=0 lowerbound=1 fileNameGp=../../cp2016-max-common-connected-subgraph-paper/datasets/graphsdb/mcs70/rand/r005/mcs70_r005_s50.A02 fileNameGt=../../cp2016-max-common-connected-subgraph-paper/datasets/graphsdb/mcs70/rand/r005/mcs70_r005_s50.B02
Reading graphs...
50 :  119
50 :  118
Initializing...
maxdom : 50
D->valSize : 2500
Solving...
currentSize : 20 <-- 0.094064 s
currentSize : 21 <-- 0.094286 s
currentSize : 22 <-- 0.094403 s
currentSize : 23 <-- 0.095007 s
currentSize : 24 <-- 0.095028 s
currentSize : 25 <-- 0.106887 s
currentSize : 26 <-- 0.115343 s
currentSize : 27 <-- 0.298401 s
currentSize : 28 <-- 46.783051 s
currentSize : 29 <-- 86.028717 s

TIMEOUT
maxsize : 29
nodes : 65545191.000000
filtered : 1548508982.000000
CCGP filtered : 330501095.000000
CCGT filtered : 287465286.000000
time : 1000.000061
