Parameters: GAD=1 vflib=1 dir=0 label=0 lowerbound=1 fileNameGp=../../cp2016-max-common-connected-subgraph-paper/datasets/graphsdb/mcs70/rand/r01/mcs70_r01_s30.A01 fileNameGt=../../cp2016-max-common-connected-subgraph-paper/datasets/graphsdb/mcs70/rand/r01/mcs70_r01_s30.B01
Reading graphs...
30 :  82
30 :  82
Initializing...
maxdom : 30
D->valSize : 900
Solving...
currentSize : 10 <-- 0.010447 s
currentSize : 11 <-- 0.010482 s
currentSize : 14 <-- 0.010564 s
currentSize : 15 <-- 0.011481 s
currentSize : 16 <-- 0.023167 s
currentSize : 17 <-- 0.091538 s
currentSize : 18 <-- 2.479755 s
currentSize : 19 <-- 53.983940 s
currentSize : 21 <-- 59.777569 s

maxsize : 21
nodes : 7373132.000000
filtered : 171302814.000000
CCGP filtered : 8876356.000000
CCGT filtered : 7938900.000000
time : 71.113297
