Parameters: GAD=1 vflib=1 dir=0 label=0 lowerbound=1 fileNameGp=../../cp2016-max-common-connected-subgraph-paper/datasets/graphsdb/mcs70/m2D/m2Dr4/mcs70_m2Dr4_s40.A06 fileNameGt=../../cp2016-max-common-connected-subgraph-paper/datasets/graphsdb/mcs70/m2D/m2Dr4/mcs70_m2Dr4_s40.B06
Reading graphs...
40 :  82
40 :  81
Initializing...
maxdom : 40
D->valSize : 1600
Solving...
currentSize : 16 <-- 0.059796 s
currentSize : 17 <-- 0.059888 s
currentSize : 18 <-- 0.060496 s
currentSize : 19 <-- 0.063364 s
currentSize : 20 <-- 0.063604 s
currentSize : 21 <-- 0.068877 s
currentSize : 22 <-- 0.073170 s
currentSize : 23 <-- 0.127738 s
currentSize : 24 <-- 0.625150 s
currentSize : 25 <-- 0.716490 s
currentSize : 26 <-- 22.644133 s

TIMEOUT
maxsize : 26
nodes : 87321003.000000
filtered : 2485452865.000000
CCGP filtered : 380474229.000000
CCGT filtered : 239564238.000000
time : 1000.000000
