Parameters: GAD=1 vflib=1 dir=0 label=0 lowerbound=1 fileNameGp=../../cp2016-max-common-connected-subgraph-paper/datasets/graphsdb/mcs70/bvg/b09/mcs70_b09_s30.A08 fileNameGt=../../cp2016-max-common-connected-subgraph-paper/datasets/graphsdb/mcs70/bvg/b09/mcs70_b09_s30.B08
Reading graphs...
30 :  133
30 :  133
Initializing...
maxdom : 30
D->valSize : 900
Solving...
currentSize : 11 <-- 0.009492 s
currentSize : 12 <-- 0.009771 s
currentSize : 13 <-- 0.010144 s
currentSize : 14 <-- 0.010690 s
currentSize : 15 <-- 0.028498 s
currentSize : 16 <-- 0.029472 s
currentSize : 17 <-- 0.091994 s
currentSize : 20 <-- 0.211960 s
currentSize : 21 <-- 0.628711 s

maxsize : 21
nodes : 791033.000000
filtered : 27625991.000000
CCGP filtered : 34835.000000
CCGT filtered : 51560.000000
time : 8.982420
