Parameters: GAD=1 vflib=1 dir=0 label=0 lowerbound=1 fileNameGp=../../cp2016-max-common-connected-subgraph-paper/datasets/graphsdb/mcs70/rand/r005/mcs70_r005_s40.A06 fileNameGt=../../cp2016-max-common-connected-subgraph-paper/datasets/graphsdb/mcs70/rand/r005/mcs70_r005_s40.B06
Reading graphs...
40 :  76
40 :  75
Initializing...
maxdom : 40
D->valSize : 1600
Solving...
currentSize : 17 <-- 0.056375 s
currentSize : 18 <-- 0.058241 s
currentSize : 19 <-- 0.067448 s
currentSize : 20 <-- 0.075415 s
currentSize : 21 <-- 0.477427 s
currentSize : 22 <-- 0.554081 s
currentSize : 23 <-- 0.858719 s
currentSize : 24 <-- 9.631065 s
currentSize : 25 <-- 12.441264 s
currentSize : 26 <-- 30.681108 s
currentSize : 27 <-- 831.023560 s

TIMEOUT
maxsize : 27
nodes : 76342901.000000
filtered : 2342204930.000000
CCGP filtered : 912210088.000000
CCGT filtered : 801136368.000000
time : 1000.000000
