Parameters: GAD=1 vflib=1 dir=0 label=0 lowerbound=1 fileNameGp=../../cp2016-max-common-connected-subgraph-paper/datasets/graphsdb/mcs70/m2D/m2D/mcs70_m2D_s40.A02 fileNameGt=../../cp2016-max-common-connected-subgraph-paper/datasets/graphsdb/mcs70/m2D/m2D/mcs70_m2D_s40.B02
Reading graphs...
40 :  67
40 :  67
Initializing...
maxdom : 40
D->valSize : 1600
Solving...
currentSize : 21 <-- 0.058336 s
currentSize : 22 <-- 0.058433 s
currentSize : 23 <-- 0.064044 s
currentSize : 24 <-- 0.087142 s
currentSize : 25 <-- 0.336819 s
currentSize : 26 <-- 0.405756 s
currentSize : 27 <-- 5.120162 s
currentSize : 28 <-- 19.199884 s
currentSize : 29 <-- 487.523865 s
currentSize : 30 <-- 487.752136 s

maxsize : 30
nodes : 77052440.000000
filtered : 2678592786.000000
CCGP filtered : 932544980.000000
CCGT filtered : 648450532.000000
time : 980.389526
