Parameters: GAD=1 vflib=1 dir=0 label=0 lowerbound=1 fileNameGp=../../cp2016-max-common-connected-subgraph-paper/datasets/graphsdb/mcs70/rand/r005/mcs70_r005_s40.A01 fileNameGt=../../cp2016-max-common-connected-subgraph-paper/datasets/graphsdb/mcs70/rand/r005/mcs70_r005_s40.B01
Reading graphs...
40 :  76
40 :  77
Initializing...
maxdom : 40
D->valSize : 1600
Solving...
currentSize : 17 <-- 0.036070 s
currentSize : 19 <-- 0.036113 s
currentSize : 20 <-- 0.041050 s
currentSize : 21 <-- 0.041621 s
currentSize : 22 <-- 0.042317 s
currentSize : 23 <-- 0.046292 s
currentSize : 24 <-- 3.679179 s
currentSize : 25 <-- 129.440140 s
currentSize : 26 <-- 230.371170 s
currentSize : 27 <-- 797.114990 s

TIMEOUT
maxsize : 27
nodes : 80356013.000000
filtered : 2213582323.000000
CCGP filtered : 828417492.000000
CCGT filtered : 543945664.000000
time : 1000.000000
