Parameters: GAD=1 vflib=1 dir=0 label=0 lowerbound=1 fileNameGp=../../cp2016-max-common-connected-subgraph-paper/datasets/graphsdb/mcs70/m3D/m3Dr4/mcs70_m3Dr4_s35.A02 fileNameGt=../../cp2016-max-common-connected-subgraph-paper/datasets/graphsdb/mcs70/m3D/m3Dr4/mcs70_m3Dr4_s35.B02
Reading graphs...
35 :  84
35 :  85
Initializing...
maxdom : 35
D->valSize : 1225
Solving...
currentSize : 16 <-- 0.020085 s
currentSize : 17 <-- 0.020200 s
currentSize : 18 <-- 0.021904 s
currentSize : 19 <-- 0.043642 s
currentSize : 20 <-- 0.339030 s
currentSize : 21 <-- 0.540799 s
currentSize : 22 <-- 39.882313 s
currentSize : 24 <-- 391.820526 s
currentSize : 26 <-- 451.812958 s
currentSize : 28 <-- 451.813141 s
currentSize : 29 <-- 451.814056 s

maxsize : 29
nodes : 42457618.000000
filtered : 1106954160.000000
CCGP filtered : 66727133.000000
CCGT filtered : 58079906.000000
time : 452.623932
