Parameters: GAD=1 vflib=1 dir=0 label=0 lowerbound=1 fileNameGp=../../cp2016-max-common-connected-subgraph-paper/datasets/graphsdb/mcs70/rand/r01/mcs70_r01_s35.A02 fileNameGt=../../cp2016-max-common-connected-subgraph-paper/datasets/graphsdb/mcs70/rand/r01/mcs70_r01_s35.B02
Reading graphs...
35 :  110
35 :  111
Initializing...
maxdom : 35
D->valSize : 1225
Solving...
currentSize : 13 <-- 0.033776 s
currentSize : 15 <-- 0.033829 s
currentSize : 16 <-- 0.034646 s
currentSize : 17 <-- 0.048644 s
currentSize : 18 <-- 0.129548 s
currentSize : 19 <-- 1.546203 s
currentSize : 20 <-- 19.457678 s
currentSize : 21 <-- 518.728760 s
currentSize : 24 <-- 877.909607 s

maxsize : 24
nodes : 84192351.000000
filtered : 2354578659.000000
CCGP filtered : 103179951.000000
CCGT filtered : 81318816.000000
time : 955.773865
