Parameters: GAD=1 vflib=1 dir=0 label=0 lowerbound=1 fileNameGp=../../cp2016-max-common-connected-subgraph-paper/datasets/graphsdb/mcs70/bvg/b03m/mcs70_b03m_s35.A05 fileNameGt=../../cp2016-max-common-connected-subgraph-paper/datasets/graphsdb/mcs70/bvg/b03m/mcs70_b03m_s35.B05
Reading graphs...
35 :  52
35 :  52
Initializing...
maxdom : 35
D->valSize : 1225
Solving...
currentSize : 7 <-- 0.021208 s
currentSize : 11 <-- 0.021612 s
currentSize : 14 <-- 0.021673 s
currentSize : 15 <-- 0.022155 s
currentSize : 16 <-- 0.022814 s
currentSize : 17 <-- 0.024264 s
currentSize : 18 <-- 0.030852 s
currentSize : 19 <-- 0.031008 s
currentSize : 20 <-- 0.048531 s
currentSize : 21 <-- 0.058233 s
currentSize : 22 <-- 0.090217 s
currentSize : 23 <-- 0.276082 s
currentSize : 24 <-- 1.437090 s
currentSize : 25 <-- 3.920020 s
currentSize : 26 <-- 4.089106 s
currentSize : 27 <-- 5.756303 s

maxsize : 27
nodes : 1392866.000000
filtered : 43258824.000000
CCGP filtered : 21978305.000000
CCGT filtered : 11685192.000000
time : 15.344027
