Parameters: GAD=1 vflib=1 dir=0 label=0 lowerbound=1 fileNameGp=../../cp2016-max-common-connected-subgraph-paper/datasets/graphsdb/mcs70/m4D/m4Dr2/mcs70_m4Dr2_s25.A08 fileNameGt=../../cp2016-max-common-connected-subgraph-paper/datasets/graphsdb/mcs70/m4D/m4Dr2/mcs70_m4Dr2_s25.B08
Reading graphs...
25 :  51
25 :  50
Initializing...
maxdom : 25
D->valSize : 625
Solving...
currentSize : 5 <-- 0.005287 s
currentSize : 6 <-- 0.005324 s
currentSize : 7 <-- 0.005391 s
currentSize : 8 <-- 0.005536 s
currentSize : 10 <-- 0.005562 s
currentSize : 12 <-- 0.006073 s
currentSize : 14 <-- 0.010112 s
currentSize : 15 <-- 0.017987 s
currentSize : 16 <-- 0.019484 s
currentSize : 17 <-- 0.291446 s

maxsize : 17
nodes : 285281.000000
filtered : 6436753.000000
CCGP filtered : 3415360.000000
CCGT filtered : 1557766.000000
time : 2.319283
