Parameters: GAD=1 vflib=1 dir=0 label=0 lowerbound=1 fileNameGp=../../cp2016-max-common-connected-subgraph-paper/datasets/graphsdb/mcs70/rand/r01/mcs70_r01_s30.A05 fileNameGt=../../cp2016-max-common-connected-subgraph-paper/datasets/graphsdb/mcs70/rand/r01/mcs70_r01_s30.B05
Reading graphs...
30 :  80
30 :  82
Initializing...
maxdom : 30
D->valSize : 900
Solving...
currentSize : 11 <-- 0.010899 s
currentSize : 12 <-- 0.010963 s
currentSize : 14 <-- 0.012330 s
currentSize : 15 <-- 0.020195 s
currentSize : 16 <-- 0.034495 s
currentSize : 17 <-- 0.290962 s
currentSize : 18 <-- 3.414127 s
currentSize : 19 <-- 24.463593 s
currentSize : 20 <-- 24.463673 s
currentSize : 21 <-- 24.466881 s

maxsize : 21
nodes : 3031419.000000
filtered : 82506504.000000
CCGP filtered : 6561311.000000
CCGT filtered : 5679368.000000
time : 30.060680
