Parameters: GAD=1 vflib=1 dir=0 label=0 lowerbound=1 fileNameGp=../../cp2016-max-common-connected-subgraph-paper/datasets/graphsdb/mcs70/bvg/b06/mcs70_b06_s50.A00 fileNameGt=../../cp2016-max-common-connected-subgraph-paper/datasets/graphsdb/mcs70/bvg/b06/mcs70_b06_s50.B00
Reading graphs...
50 :  150
50 :  149
Initializing...
maxdom : 50
D->valSize : 2500
Solving...
currentSize : 20 <-- 0.156000 s
currentSize : 21 <-- 0.156077 s
currentSize : 23 <-- 0.156182 s
currentSize : 24 <-- 0.162481 s
currentSize : 25 <-- 0.247393 s
currentSize : 26 <-- 0.482246 s
currentSize : 27 <-- 31.652727 s
currentSize : 28 <-- 31.729948 s
currentSize : 29 <-- 48.717705 s
currentSize : 30 <-- 71.092590 s
currentSize : 31 <-- 138.039352 s
currentSize : 32 <-- 192.292023 s
currentSize : 33 <-- 236.345490 s
currentSize : 34 <-- 669.745544 s
currentSize : 35 <-- 669.748962 s

TIMEOUT
maxsize : 35
nodes : 58707060.000000
filtered : 3207501640.000000
CCGP filtered : 426918122.000000
CCGT filtered : 129926314.000000
time : 1000.000061
