Parameters: GAD=1 vflib=1 dir=0 label=0 lowerbound=1 fileNameGp=../../cp2016-max-common-connected-subgraph-paper/datasets/graphsdb/mcs70/bvg/b09/mcs70_b09_s40.A06 fileNameGt=../../cp2016-max-common-connected-subgraph-paper/datasets/graphsdb/mcs70/bvg/b09/mcs70_b09_s40.B06
Reading graphs...
40 :  178
40 :  179
Initializing...
maxdom : 40
D->valSize : 1600
Solving...
currentSize : 12 <-- 0.054638 s
currentSize : 13 <-- 0.054791 s
currentSize : 14 <-- 0.055860 s
currentSize : 15 <-- 0.056504 s
currentSize : 16 <-- 0.056677 s
currentSize : 18 <-- 0.146705 s
currentSize : 19 <-- 0.160970 s
currentSize : 20 <-- 0.169396 s
currentSize : 21 <-- 0.183234 s
currentSize : 22 <-- 0.254243 s
currentSize : 23 <-- 3.854755 s
currentSize : 24 <-- 4.823001 s
currentSize : 25 <-- 14.444258 s
currentSize : 27 <-- 14.784734 s
currentSize : 28 <-- 14.784891 s
currentSize : 29 <-- 26.174339 s

maxsize : 29
nodes : 7209034.000000
filtered : 396816481.000000
CCGP filtered : 1819778.000000
CCGT filtered : 622432.000000
time : 111.295898
