Parameters: GAD=1 vflib=1 dir=0 label=0 lowerbound=1 fileNameGp=../../cp2016-max-common-connected-subgraph-paper/datasets/graphsdb/mcs70/bvg/b06/mcs70_b06_s50.A09 fileNameGt=../../cp2016-max-common-connected-subgraph-paper/datasets/graphsdb/mcs70/bvg/b06/mcs70_b06_s50.B09
Reading graphs...
50 :  149
50 :  149
Initializing...
maxdom : 50
D->valSize : 2500
Solving...
currentSize : 25 <-- 0.116888 s
currentSize : 26 <-- 0.117878 s
currentSize : 27 <-- 0.120842 s
currentSize : 28 <-- 0.126145 s
currentSize : 29 <-- 0.307140 s
currentSize : 30 <-- 1.102622 s
currentSize : 31 <-- 6.378237 s
currentSize : 32 <-- 10.584010 s
currentSize : 33 <-- 26.794846 s
currentSize : 34 <-- 121.022491 s
currentSize : 35 <-- 239.366730 s

TIMEOUT
maxsize : 35
nodes : 54769707.000000
filtered : 3484390150.000000
CCGP filtered : 400614545.000000
CCGT filtered : 165411350.000000
time : 1000.000061
