Parameters: GAD=1 vflib=1 dir=0 label=0 lowerbound=1 fileNameGp=../../cp2016-max-common-connected-subgraph-paper/datasets/graphsdb/mcs70/bvg/b06/mcs70_b06_s50.A08 fileNameGt=../../cp2016-max-common-connected-subgraph-paper/datasets/graphsdb/mcs70/bvg/b06/mcs70_b06_s50.B08
Reading graphs...
50 :  149
50 :  149
Initializing...
maxdom : 50
D->valSize : 2500
Solving...
currentSize : 24 <-- 0.142832 s
currentSize : 25 <-- 0.142901 s
currentSize : 27 <-- 0.143264 s
currentSize : 28 <-- 0.144087 s
currentSize : 29 <-- 0.145307 s
currentSize : 30 <-- 0.201125 s
currentSize : 31 <-- 0.201262 s
currentSize : 34 <-- 18.248159 s
currentSize : 35 <-- 18.331108 s
currentSize : 36 <-- 122.472984 s
currentSize : 37 <-- 122.523476 s

TIMEOUT
maxsize : 37
nodes : 49668086.000000
filtered : 3777652010.000000
CCGP filtered : 216006408.000000
CCGT filtered : 116716095.000000
time : 1000.000061
