Parameters: GAD=1 vflib=1 dir=0 label=0 lowerbound=1 fileNameGp=../../cp2016-max-common-connected-subgraph-paper/datasets/graphsdb/mcs70/bvg/b06m/mcs70_b06m_s30.A03 fileNameGt=../../cp2016-max-common-connected-subgraph-paper/datasets/graphsdb/mcs70/bvg/b06m/mcs70_b06m_s30.B03
Reading graphs...
30 :  89
30 :  87
Initializing...
maxdom : 30
D->valSize : 900
Solving...
currentSize : 12 <-- 0.017454 s
currentSize : 13 <-- 0.017666 s
currentSize : 14 <-- 0.018352 s
currentSize : 15 <-- 0.053412 s
currentSize : 16 <-- 1.166141 s
currentSize : 17 <-- 1.230752 s
currentSize : 18 <-- 4.782749 s
currentSize : 19 <-- 14.251300 s
currentSize : 20 <-- 14.251622 s
currentSize : 21 <-- 14.252363 s

maxsize : 21
nodes : 2332574.000000
filtered : 64874964.000000
CCGP filtered : 3129701.000000
CCGT filtered : 3434859.000000
time : 23.316072
