Parameters: GAD=1 vflib=1 dir=0 label=0 lowerbound=1 fileNameGp=../../cp2016-max-common-connected-subgraph-paper/datasets/graphsdb/mcs70/bvg/b09/mcs70_b09_s35.A01 fileNameGt=../../cp2016-max-common-connected-subgraph-paper/datasets/graphsdb/mcs70/bvg/b09/mcs70_b09_s35.B01
Reading graphs...
35 :  153
35 :  156
Initializing...
maxdom : 35
D->valSize : 1225
Solving...
currentSize : 9 <-- 0.032157 s
currentSize : 11 <-- 0.032224 s
currentSize : 12 <-- 0.032333 s
currentSize : 13 <-- 0.032821 s
currentSize : 14 <-- 0.032860 s
currentSize : 15 <-- 0.034619 s
currentSize : 16 <-- 0.086696 s
currentSize : 17 <-- 0.152487 s
currentSize : 18 <-- 0.216607 s
currentSize : 19 <-- 0.491432 s
currentSize : 20 <-- 0.496961 s
currentSize : 24 <-- 3.362810 s

maxsize : 24
nodes : 4788099.000000
filtered : 190129042.000000
CCGP filtered : 497496.000000
CCGT filtered : 723271.000000
time : 62.737099
