Parameters: GAD=1 vflib=1 dir=0 label=0 lowerbound=1 fileNameGp=../../cp2016-max-common-connected-subgraph-paper/datasets/graphsdb/mcs70/rand/r01/mcs70_r01_s40.A01 fileNameGt=../../cp2016-max-common-connected-subgraph-paper/datasets/graphsdb/mcs70/rand/r01/mcs70_r01_s40.B01
Reading graphs...
40 :  146
40 :  147
Initializing...
maxdom : 40
D->valSize : 1600
Solving...
currentSize : 12 <-- 0.052541 s
currentSize : 13 <-- 0.052927 s
currentSize : 14 <-- 0.052955 s
currentSize : 15 <-- 0.053472 s
currentSize : 16 <-- 0.053659 s
currentSize : 17 <-- 0.056406 s
currentSize : 18 <-- 0.084882 s
currentSize : 19 <-- 0.206121 s
currentSize : 20 <-- 2.428139 s
currentSize : 21 <-- 182.614426 s

TIMEOUT
maxsize : 21
nodes : 78717202.000000
filtered : 1715204230.000000
CCGP filtered : 50306763.000000
CCGT filtered : 74571823.000000
time : 1000.000000
