Parameters: GAD=1 vflib=1 dir=0 label=0 lowerbound=1 fileNameGp=../../cp2016-max-common-connected-subgraph-paper/datasets/graphsdb/mcs70/bvg/b06/mcs70_b06_s25.A01 fileNameGt=../../cp2016-max-common-connected-subgraph-paper/datasets/graphsdb/mcs70/bvg/b06/mcs70_b06_s25.B01
Reading graphs...
25 :  74
25 :  73
Initializing...
maxdom : 25
D->valSize : 625
Solving...
currentSize : 10 <-- 0.004764 s
currentSize : 11 <-- 0.004813 s
currentSize : 13 <-- 0.004880 s
currentSize : 14 <-- 0.005697 s
currentSize : 15 <-- 0.006564 s
currentSize : 16 <-- 0.031106 s
currentSize : 17 <-- 0.031411 s
currentSize : 18 <-- 0.585172 s
currentSize : 19 <-- 0.623652 s

maxsize : 19
nodes : 126684.000000
filtered : 2976812.000000
CCGP filtered : 99735.000000
CCGT filtered : 63625.000000
time : 1.044159
