Parameters: GAD=1 vflib=1 dir=0 label=0 lowerbound=1 fileNameGp=../../cp2016-max-common-connected-subgraph-paper/datasets/graphsdb/mcs70/m2D/m2Dr6/mcs70_m2Dr6_s40.A02 fileNameGt=../../cp2016-max-common-connected-subgraph-paper/datasets/graphsdb/mcs70/m2D/m2Dr6/mcs70_m2Dr6_s40.B02
Reading graphs...
40 :  91
40 :  87
Initializing...
maxdom : 40
D->valSize : 1600
Solving...
currentSize : 11 <-- 0.061052 s
currentSize : 16 <-- 0.061294 s
currentSize : 17 <-- 0.061425 s
currentSize : 18 <-- 0.062165 s
currentSize : 19 <-- 0.064448 s
currentSize : 20 <-- 0.065703 s
currentSize : 21 <-- 0.088492 s
currentSize : 22 <-- 0.198968 s
currentSize : 23 <-- 0.584354 s
currentSize : 24 <-- 8.479961 s
currentSize : 25 <-- 113.778870 s
currentSize : 26 <-- 216.897034 s

TIMEOUT
maxsize : 26
nodes : 81908430.000000
filtered : 2604688812.000000
CCGP filtered : 471847924.000000
CCGT filtered : 419486629.000000
time : 1000.000000
