Parameters: GAD=1 vflib=1 dir=0 label=0 lowerbound=1 fileNameGp=../../cp2016-max-common-connected-subgraph-paper/datasets/graphsdb/mcs70/bvg/b06/mcs70_b06_s50.A03 fileNameGt=../../cp2016-max-common-connected-subgraph-paper/datasets/graphsdb/mcs70/bvg/b06/mcs70_b06_s50.B03
Reading graphs...
50 :  150
50 :  149
Initializing...
maxdom : 50
D->valSize : 2500
Solving...
currentSize : 16 <-- 0.090797 s
currentSize : 18 <-- 0.090895 s
currentSize : 19 <-- 0.090924 s
currentSize : 21 <-- 0.095378 s
currentSize : 22 <-- 0.095655 s
currentSize : 23 <-- 0.105684 s
currentSize : 24 <-- 0.110357 s
currentSize : 25 <-- 3.381187 s
currentSize : 26 <-- 7.139326 s
currentSize : 27 <-- 38.722569 s
currentSize : 28 <-- 72.280693 s
currentSize : 29 <-- 625.323120 s

TIMEOUT
maxsize : 29
nodes : 61311177.000000
filtered : 2203892583.000000
CCGP filtered : 547692821.000000
CCGT filtered : 287514184.000000
time : 1000.000061
