Parameters: GAD=1 vflib=1 dir=0 label=0 lowerbound=1 fileNameGp=../../cp2016-max-common-connected-subgraph-paper/datasets/graphsdb/mcs70/rand/r005/mcs70_r005_s40.A05 fileNameGt=../../cp2016-max-common-connected-subgraph-paper/datasets/graphsdb/mcs70/rand/r005/mcs70_r005_s40.B05
Reading graphs...
40 :  77
40 :  77
Initializing...
maxdom : 40
D->valSize : 1600
Solving...
currentSize : 18 <-- 0.055299 s
currentSize : 19 <-- 0.055504 s
currentSize : 20 <-- 0.057146 s
currentSize : 21 <-- 0.073731 s
currentSize : 22 <-- 0.077119 s
currentSize : 23 <-- 0.100646 s
currentSize : 24 <-- 0.502922 s
currentSize : 25 <-- 10.721303 s
currentSize : 26 <-- 15.495840 s
currentSize : 27 <-- 179.333572 s
currentSize : 28 <-- 179.335159 s
currentSize : 29 <-- 795.267944 s
currentSize : 30 <-- 795.499756 s

maxsize : 30
nodes : 66086148.000000
filtered : 2572317344.000000
CCGP filtered : 697346695.000000
CCGT filtered : 483999643.000000
time : 874.996765
