Parameters: GAD=1 vflib=1 dir=0 label=0 lowerbound=1 fileNameGp=../../cp2016-max-common-connected-subgraph-paper/datasets/graphsdb/mcs70/m2D/m2D/mcs70_m2D_s35.A08 fileNameGt=../../cp2016-max-common-connected-subgraph-paper/datasets/graphsdb/mcs70/m2D/m2D/mcs70_m2D_s35.B08
Reading graphs...
35 :  57
35 :  58
Initializing...
maxdom : 35
D->valSize : 1225
Solving...
currentSize : 11 <-- 0.021230 s
currentSize : 19 <-- 0.021345 s
currentSize : 20 <-- 0.021406 s
currentSize : 21 <-- 0.023355 s
currentSize : 22 <-- 0.037293 s
currentSize : 23 <-- 0.054781 s
currentSize : 24 <-- 0.117468 s
currentSize : 25 <-- 0.292513 s
currentSize : 26 <-- 0.749255 s
currentSize : 27 <-- 5.988362 s
currentSize : 28 <-- 10.193366 s

maxsize : 28
nodes : 1423334.000000
filtered : 46728525.000000
CCGP filtered : 14529872.000000
CCGT filtered : 5927736.000000
time : 15.641942
