Parameters: GAD=1 vflib=1 dir=0 label=0 lowerbound=1 fileNameGp=../../cp2016-max-common-connected-subgraph-paper/datasets/graphsdb/mcs70/bvg/b09m/mcs70_b09m_s30.A03 fileNameGt=../../cp2016-max-common-connected-subgraph-paper/datasets/graphsdb/mcs70/bvg/b09m/mcs70_b09m_s30.B03
Reading graphs...
30 :  128
30 :  126
Initializing...
maxdom : 30
D->valSize : 900
Solving...
currentSize : 9 <-- 0.009588 s
currentSize : 10 <-- 0.009779 s
currentSize : 11 <-- 0.010497 s
currentSize : 12 <-- 0.016172 s
currentSize : 13 <-- 0.039618 s
currentSize : 14 <-- 0.112233 s
currentSize : 15 <-- 3.376115 s
currentSize : 17 <-- 21.797726 s
currentSize : 18 <-- 21.798380 s
currentSize : 21 <-- 30.719963 s

maxsize : 21
nodes : 3266128.000000
filtered : 67085901.000000
CCGP filtered : 958581.000000
CCGT filtered : 4119071.000000
time : 35.378082
