Parameters: GAD=1 vflib=1 dir=0 label=0 lowerbound=1 fileNameGp=../../cp2016-max-common-connected-subgraph-paper/datasets/graphsdb/mcs70/bvg/b09m/mcs70_b09m_s30.A01 fileNameGt=../../cp2016-max-common-connected-subgraph-paper/datasets/graphsdb/mcs70/bvg/b09m/mcs70_b09m_s30.B01
Reading graphs...
30 :  131
30 :  130
Initializing...
maxdom : 30
D->valSize : 900
Solving...
currentSize : 8 <-- 0.009764 s
currentSize : 10 <-- 0.009835 s
currentSize : 11 <-- 0.010284 s
currentSize : 12 <-- 0.010860 s
currentSize : 13 <-- 0.173218 s
currentSize : 14 <-- 1.065147 s
currentSize : 15 <-- 9.972480 s
currentSize : 16 <-- 49.345161 s
currentSize : 20 <-- 49.345383 s

maxsize : 20
nodes : 5964952.000000
filtered : 109352296.000000
CCGP filtered : 1104186.000000
CCGT filtered : 2261850.000000
time : 60.807869
