Parameters: GAD=1 vflib=1 dir=0 label=0 lowerbound=1 fileNameGp=../../cp2016-max-common-connected-subgraph-paper/datasets/graphsdb/mcs70/m2D/m2Dr2/mcs70_m2Dr2_s35.A09 fileNameGt=../../cp2016-max-common-connected-subgraph-paper/datasets/graphsdb/mcs70/m2D/m2Dr2/mcs70_m2Dr2_s35.B09
Reading graphs...
35 :  64
35 :  65
Initializing...
maxdom : 35
D->valSize : 1225
Solving...
currentSize : 13 <-- 0.020662 s
currentSize : 14 <-- 0.020726 s
currentSize : 15 <-- 0.020797 s
currentSize : 16 <-- 0.021023 s
currentSize : 17 <-- 0.021190 s
currentSize : 18 <-- 0.021597 s
currentSize : 19 <-- 0.022951 s
currentSize : 20 <-- 0.031096 s
currentSize : 21 <-- 0.049509 s
currentSize : 22 <-- 1.256695 s
currentSize : 23 <-- 41.616135 s
currentSize : 24 <-- 67.507408 s
currentSize : 25 <-- 97.398865 s
currentSize : 26 <-- 97.400093 s
currentSize : 27 <-- 97.442162 s

maxsize : 27
nodes : 10692399.000000
filtered : 289332052.000000
CCGP filtered : 107233482.000000
CCGT filtered : 45868536.000000
time : 114.404152
