Parameters: GAD=1 vflib=1 dir=0 label=0 lowerbound=1 fileNameGp=../../cp2016-max-common-connected-subgraph-paper/datasets/graphsdb/mcs70/bvg/b09/mcs70_b09_s35.A04 fileNameGt=../../cp2016-max-common-connected-subgraph-paper/datasets/graphsdb/mcs70/bvg/b09/mcs70_b09_s35.B04
Reading graphs...
35 :  157
35 :  154
Initializing...
maxdom : 35
D->valSize : 1225
Solving...
currentSize : 12 <-- 0.032591 s
currentSize : 13 <-- 0.032627 s
currentSize : 14 <-- 0.033105 s
currentSize : 15 <-- 0.036105 s
currentSize : 16 <-- 0.051222 s
currentSize : 17 <-- 0.068239 s
currentSize : 18 <-- 0.253682 s
currentSize : 20 <-- 16.584679 s
currentSize : 24 <-- 17.579668 s
currentSize : 25 <-- 32.593102 s

maxsize : 25
nodes : 3926311.000000
filtered : 127456641.000000
CCGP filtered : 667264.000000
CCGT filtered : 551159.000000
time : 49.311165
