Parameters: GAD=1 vflib=1 dir=0 label=0 lowerbound=1 fileNameGp=../../cp2016-max-common-connected-subgraph-paper/datasets/graphsdb/mcs70/bvg/b06/mcs70_b06_s40.A09 fileNameGt=../../cp2016-max-common-connected-subgraph-paper/datasets/graphsdb/mcs70/bvg/b06/mcs70_b06_s40.B09
Reading graphs...
40 :  120
40 :  119
Initializing...
maxdom : 40
D->valSize : 1600
Solving...
currentSize : 19 <-- 0.033780 s
currentSize : 20 <-- 0.035114 s
currentSize : 21 <-- 0.035978 s
currentSize : 22 <-- 0.038119 s
currentSize : 23 <-- 0.051141 s
currentSize : 24 <-- 0.154510 s
currentSize : 25 <-- 2.695681 s
currentSize : 26 <-- 2.695799 s
currentSize : 27 <-- 2.962903 s
currentSize : 28 <-- 3.175425 s
currentSize : 29 <-- 3.229243 s
currentSize : 30 <-- 37.307858 s

maxsize : 30
nodes : 8158059.000000
filtered : 432525005.000000
CCGP filtered : 23456730.000000
CCGT filtered : 14423453.000000
time : 119.750687
