Parameters: GAD=1 vflib=1 dir=0 label=0 lowerbound=1 fileNameGp=../../cp2016-max-common-connected-subgraph-paper/datasets/graphsdb/mcs70/m3D/m3Dr6/mcs70_m3Dr6_s35.A06 fileNameGt=../../cp2016-max-common-connected-subgraph-paper/datasets/graphsdb/mcs70/m3D/m3Dr6/mcs70_m3Dr6_s35.B06
Reading graphs...
35 :  92
35 :  91
Initializing...
maxdom : 35
D->valSize : 1225
Solving...
currentSize : 12 <-- 0.035018 s
currentSize : 13 <-- 0.035204 s
currentSize : 14 <-- 0.035388 s
currentSize : 15 <-- 0.035658 s
currentSize : 16 <-- 0.035747 s
currentSize : 17 <-- 0.038409 s
currentSize : 18 <-- 0.038694 s
currentSize : 19 <-- 0.135142 s
currentSize : 20 <-- 4.127824 s
currentSize : 21 <-- 25.840374 s
currentSize : 22 <-- 56.537472 s
currentSize : 23 <-- 294.940552 s
currentSize : 24 <-- 336.477142 s
currentSize : 25 <-- 336.477356 s
currentSize : 27 <-- 336.477600 s

maxsize : 27
nodes : 31896814.000000
filtered : 893581824.000000
CCGP filtered : 48350174.000000
CCGT filtered : 51370632.000000
time : 349.568024
