Parameters: GAD=1 vflib=1 dir=0 label=0 lowerbound=1 fileNameGp=../../cp2016-max-common-connected-subgraph-paper/datasets/graphsdb/mcs70/m3D/m3D/mcs70_m3D_s35.A08 fileNameGt=../../cp2016-max-common-connected-subgraph-paper/datasets/graphsdb/mcs70/m3D/m3D/mcs70_m3D_s35.B08
Reading graphs...
35 :  72
35 :  72
Initializing...
maxdom : 35
D->valSize : 1225
Solving...
currentSize : 19 <-- 0.020307 s
currentSize : 20 <-- 0.020537 s
currentSize : 21 <-- 0.025144 s
currentSize : 22 <-- 0.042594 s
currentSize : 23 <-- 0.054571 s
currentSize : 24 <-- 0.297683 s
currentSize : 25 <-- 2.386633 s
currentSize : 26 <-- 77.433937 s
currentSize : 27 <-- 119.966591 s
currentSize : 28 <-- 120.619377 s
currentSize : 29 <-- 122.473846 s

maxsize : 29
nodes : 11383585.000000
filtered : 369994578.000000
CCGP filtered : 26032286.000000
CCGT filtered : 17588613.000000
time : 124.150436
