Parameters: GAD=1 vflib=1 dir=0 label=0 lowerbound=1 fileNameGp=../../cp2016-max-common-connected-subgraph-paper/datasets/graphsdb/mcs70/m2D/m2Dr6/mcs70_m2Dr6_s40.A06 fileNameGt=../../cp2016-max-common-connected-subgraph-paper/datasets/graphsdb/mcs70/m2D/m2Dr6/mcs70_m2Dr6_s40.B06
Reading graphs...
40 :  88
40 :  86
Initializing...
maxdom : 40
D->valSize : 1600
Solving...
currentSize : 15 <-- 0.053672 s
currentSize : 16 <-- 0.053769 s
currentSize : 17 <-- 0.053857 s
currentSize : 18 <-- 0.055422 s
currentSize : 19 <-- 0.059615 s
currentSize : 20 <-- 0.059666 s
currentSize : 21 <-- 0.191608 s
currentSize : 22 <-- 0.263347 s
currentSize : 23 <-- 1.127503 s
currentSize : 24 <-- 5.544974 s
currentSize : 25 <-- 81.335602 s

TIMEOUT
maxsize : 25
nodes : 82051691.000000
filtered : 2246618121.000000
CCGP filtered : 533122534.000000
CCGT filtered : 508128329.000000
time : 1000.000000
