Parameters: GAD=1 vflib=1 dir=0 label=0 lowerbound=1 fileNameGp=../../cp2016-max-common-connected-subgraph-paper/datasets/graphsdb/mcs70/bvg/b03m/mcs70_b03m_s50.A01 fileNameGt=../../cp2016-max-common-connected-subgraph-paper/datasets/graphsdb/mcs70/bvg/b03m/mcs70_b03m_s50.B01
Reading graphs...
50 :  75
50 :  75
Initializing...
maxdom : 50
D->valSize : 2500
Solving...
currentSize : 20 <-- 0.097990 s
currentSize : 21 <-- 0.098044 s
currentSize : 26 <-- 0.098297 s
currentSize : 27 <-- 0.098429 s
currentSize : 28 <-- 0.192940 s
currentSize : 29 <-- 0.407826 s
currentSize : 30 <-- 0.437210 s
currentSize : 31 <-- 1.000775 s
currentSize : 32 <-- 5.273623 s
currentSize : 33 <-- 6.209393 s
currentSize : 34 <-- 50.468899 s
currentSize : 35 <-- 67.329254 s

TIMEOUT
maxsize : 35
nodes : 63222325.000000
filtered : 2000359619.000000
CCGP filtered : 2189296459.000000
CCGT filtered : 1167565627.000000
time : 1000.000061
