Parameters: GAD=1 vflib=1 dir=0 label=0 lowerbound=1 fileNameGp=../../cp2016-max-common-connected-subgraph-paper/datasets/graphsdb/mcs70/bvg/b09m/mcs70_b09m_s30.A02 fileNameGt=../../cp2016-max-common-connected-subgraph-paper/datasets/graphsdb/mcs70/bvg/b09m/mcs70_b09m_s30.B02
Reading graphs...
30 :  128
30 :  129
Initializing...
maxdom : 30
D->valSize : 900
Solving...
currentSize : 10 <-- 0.009642 s
currentSize : 11 <-- 0.009724 s
currentSize : 12 <-- 0.010255 s
currentSize : 13 <-- 0.097357 s
currentSize : 14 <-- 0.128217 s
currentSize : 15 <-- 1.645357 s
currentSize : 16 <-- 12.412027 s
currentSize : 18 <-- 64.139641 s
currentSize : 19 <-- 64.139717 s
currentSize : 21 <-- 64.140266 s

maxsize : 21
nodes : 6837643.000000
filtered : 127722218.000000
CCGP filtered : 1245068.000000
CCGT filtered : 1708688.000000
time : 68.966957
