Parameters: GAD=1 vflib=1 dir=0 label=0 lowerbound=1 fileNameGp=../../cp2016-max-common-connected-subgraph-paper/datasets/graphsdb/mcs70/m3D/m3Dr4/mcs70_m3Dr4_s40.A05 fileNameGt=../../cp2016-max-common-connected-subgraph-paper/datasets/graphsdb/mcs70/m3D/m3Dr4/mcs70_m3Dr4_s40.B05
Reading graphs...
40 :  99
40 :  97
Initializing...
maxdom : 40
D->valSize : 1600
Solving...
currentSize : 15 <-- 0.062868 s
currentSize : 16 <-- 0.063436 s
currentSize : 17 <-- 0.065260 s
currentSize : 18 <-- 0.073859 s
currentSize : 19 <-- 0.079771 s
currentSize : 20 <-- 0.518921 s
currentSize : 21 <-- 0.795034 s
currentSize : 22 <-- 1.815451 s
currentSize : 23 <-- 38.414356 s
currentSize : 24 <-- 353.857666 s

TIMEOUT
maxsize : 24
nodes : 82420472.000000
filtered : 2202837671.000000
CCGP filtered : 306261267.000000
CCGT filtered : 328401998.000000
time : 1000.000061
