Parameters: GAD=1 vflib=1 dir=0 label=0 lowerbound=1 fileNameGp=../../cp2016-max-common-connected-subgraph-paper/datasets/graphsdb/mcs70/bvg/b09m/mcs70_b09m_s35.A04 fileNameGt=../../cp2016-max-common-connected-subgraph-paper/datasets/graphsdb/mcs70/bvg/b09m/mcs70_b09m_s35.B04
Reading graphs...
35 :  153
35 :  153
Initializing...
maxdom : 35
D->valSize : 1225
Solving...
currentSize : 12 <-- 0.018259 s
currentSize : 13 <-- 0.018460 s
currentSize : 14 <-- 0.039552 s
currentSize : 15 <-- 0.227307 s
currentSize : 16 <-- 0.686568 s
currentSize : 17 <-- 7.934064 s
currentSize : 18 <-- 88.447502 s
currentSize : 20 <-- 447.074738 s
currentSize : 21 <-- 447.074921 s
currentSize : 23 <-- 447.078766 s
currentSize : 24 <-- 447.078949 s

maxsize : 24
nodes : 41442632.000000
filtered : 939108680.000000
CCGP filtered : 11087640.000000
CCGT filtered : 30993823.000000
time : 489.516876
