Parameters: GAD=1 vflib=1 dir=0 label=0 lowerbound=1 fileNameGp=../../cp2016-max-common-connected-subgraph-paper/datasets/graphsdb/mcs70/bvg/b03m/mcs70_b03m_s50.A04 fileNameGt=../../cp2016-max-common-connected-subgraph-paper/datasets/graphsdb/mcs70/bvg/b03m/mcs70_b03m_s50.B04
Reading graphs...
50 :  74
50 :  74
Initializing...
maxdom : 50
D->valSize : 2500
Solving...
currentSize : 22 <-- 0.098088 s
currentSize : 25 <-- 0.098177 s
currentSize : 26 <-- 0.098585 s
currentSize : 27 <-- 0.101021 s
currentSize : 28 <-- 0.110144 s
currentSize : 29 <-- 0.137302 s
currentSize : 30 <-- 0.137375 s
currentSize : 31 <-- 4.748674 s
currentSize : 32 <-- 6.829028 s
currentSize : 33 <-- 19.512182 s
currentSize : 34 <-- 35.442825 s

TIMEOUT
maxsize : 34
nodes : 69712702.000000
filtered : 1714039004.000000
CCGP filtered : 1257455136.000000
CCGT filtered : 1164957564.000000
time : 1000.000061
