Parameters: GAD=1 vflib=1 dir=0 label=0 lowerbound=1 fileNameGp=../../cp2016-max-common-connected-subgraph-paper/datasets/graphsdb/mcs70/bvg/b03m/mcs70_b03m_s40.A06 fileNameGt=../../cp2016-max-common-connected-subgraph-paper/datasets/graphsdb/mcs70/bvg/b03m/mcs70_b03m_s40.B06
Reading graphs...
40 :  59
40 :  59
Initializing...
maxdom : 40
D->valSize : 1600
Solving...
currentSize : 17 <-- 0.062885 s
currentSize : 18 <-- 0.063356 s
currentSize : 21 <-- 0.064435 s
currentSize : 22 <-- 0.069305 s
currentSize : 24 <-- 0.070768 s
currentSize : 25 <-- 0.071536 s
currentSize : 26 <-- 0.088048 s
currentSize : 27 <-- 2.851508 s
currentSize : 28 <-- 2.851654 s
currentSize : 29 <-- 75.329445 s
currentSize : 30 <-- 459.958405 s

maxsize : 30
nodes : 39258342.000000
filtered : 1211492259.000000
CCGP filtered : 1070763506.000000
CCGT filtered : 632474926.000000
time : 515.198547
