Parameters: GAD=1 vflib=1 dir=0 label=0 lowerbound=1 fileNameGp=../../cp2016-max-common-connected-subgraph-paper/datasets/graphsdb/mcs70/m3D/m3Dr6/mcs70_m3Dr6_s35.A07 fileNameGt=../../cp2016-max-common-connected-subgraph-paper/datasets/graphsdb/mcs70/m3D/m3Dr6/mcs70_m3Dr6_s35.B07
Reading graphs...
35 :  90
35 :  90
Initializing...
maxdom : 35
D->valSize : 1225
Solving...
currentSize : 14 <-- 0.019746 s
currentSize : 15 <-- 0.019940 s
currentSize : 16 <-- 0.020746 s
currentSize : 17 <-- 0.020772 s
currentSize : 18 <-- 0.053131 s
currentSize : 19 <-- 0.311887 s
currentSize : 20 <-- 1.874603 s
currentSize : 21 <-- 227.676880 s
currentSize : 22 <-- 230.293411 s
currentSize : 23 <-- 230.723038 s
currentSize : 24 <-- 243.112427 s
currentSize : 26 <-- 243.112747 s
currentSize : 27 <-- 243.112885 s

maxsize : 27
nodes : 24018877.000000
filtered : 539382757.000000
CCGP filtered : 65915318.000000
CCGT filtered : 39207621.000000
time : 254.329071
