Parameters: GAD=1 vflib=1 dir=0 label=0 lowerbound=1 fileNameGp=../../cp2016-max-common-connected-subgraph-paper/datasets/graphsdb/mcs70/bvg/b06m/mcs70_b06m_s35.A04 fileNameGt=../../cp2016-max-common-connected-subgraph-paper/datasets/graphsdb/mcs70/bvg/b06m/mcs70_b06m_s35.B04
Reading graphs...
35 :  100
35 :  100
Initializing...
maxdom : 35
D->valSize : 1225
Solving...
currentSize : 13 <-- 0.033447 s
currentSize : 14 <-- 0.033675 s
currentSize : 15 <-- 0.035186 s
currentSize : 16 <-- 0.035878 s
currentSize : 17 <-- 0.038011 s
currentSize : 18 <-- 0.153827 s
currentSize : 19 <-- 0.544750 s
currentSize : 20 <-- 6.608395 s
currentSize : 21 <-- 294.059448 s
currentSize : 22 <-- 347.534943 s
currentSize : 23 <-- 392.216248 s
currentSize : 24 <-- 392.216431 s

maxsize : 24
nodes : 40124356.000000
filtered : 1165125086.000000
CCGP filtered : 113196573.000000
CCGT filtered : 101735659.000000
time : 461.310516
