Parameters: GAD=1 vflib=1 dir=0 label=0 lowerbound=1 fileNameGp=../../cp2016-max-common-connected-subgraph-paper/datasets/graphsdb/mcs70/bvg/b06/mcs70_b06_s50.A06 fileNameGt=../../cp2016-max-common-connected-subgraph-paper/datasets/graphsdb/mcs70/bvg/b06/mcs70_b06_s50.B06
Reading graphs...
50 :  149
50 :  149
Initializing...
maxdom : 50
D->valSize : 2500
Solving...
currentSize : 22 <-- 0.110486 s
currentSize : 23 <-- 0.112373 s
currentSize : 24 <-- 0.134468 s
currentSize : 25 <-- 0.371000 s
currentSize : 26 <-- 0.550481 s
currentSize : 27 <-- 0.550590 s
currentSize : 28 <-- 5.778444 s
currentSize : 29 <-- 5.778929 s
currentSize : 30 <-- 107.331223 s
currentSize : 31 <-- 127.345650 s
currentSize : 32 <-- 128.379120 s
currentSize : 33 <-- 800.058716 s
currentSize : 34 <-- 902.184631 s
currentSize : 35 <-- 920.471558 s
currentSize : 36 <-- 927.330627 s

TIMEOUT
maxsize : 36
nodes : 58627296.000000
filtered : 2730541841.000000
CCGP filtered : 283570503.000000
CCGT filtered : 246828768.000000
time : 1000.000061
