Parameters: GAD=1 vflib=1 dir=0 label=0 lowerbound=1 fileNameGp=../../cp2016-max-common-connected-subgraph-paper/datasets/graphsdb/mcs70/bvg/b06/mcs70_b06_s35.A07 fileNameGt=../../cp2016-max-common-connected-subgraph-paper/datasets/graphsdb/mcs70/bvg/b06/mcs70_b06_s35.B07
Reading graphs...
35 :  105
35 :  102
Initializing...
maxdom : 35
D->valSize : 1225
Solving...
currentSize : 13 <-- 0.019275 s
currentSize : 14 <-- 0.019458 s
currentSize : 15 <-- 0.021019 s
currentSize : 16 <-- 0.023719 s
currentSize : 17 <-- 0.029076 s
currentSize : 18 <-- 0.075501 s
currentSize : 19 <-- 0.268447 s
currentSize : 20 <-- 0.310012 s
currentSize : 21 <-- 0.567798 s
currentSize : 22 <-- 1.163244 s
currentSize : 23 <-- 5.765915 s
currentSize : 24 <-- 6.699427 s
currentSize : 25 <-- 6.771451 s
currentSize : 26 <-- 17.777811 s

maxsize : 26
nodes : 2933733.000000
filtered : 116619619.000000
CCGP filtered : 2904244.000000
CCGT filtered : 3673970.000000
time : 35.465343
