Parameters: GAD=1 vflib=1 dir=0 label=0 lowerbound=1 fileNameGp=../../cp2016-max-common-connected-subgraph-paper/datasets/graphsdb/mcs70/rand/r005/mcs70_r005_s40.A07 fileNameGt=../../cp2016-max-common-connected-subgraph-paper/datasets/graphsdb/mcs70/rand/r005/mcs70_r005_s40.B07
Reading graphs...
40 :  77
40 :  76
Initializing...
maxdom : 40
D->valSize : 1600
Solving...
currentSize : 19 <-- 0.035316 s
currentSize : 20 <-- 0.035741 s
currentSize : 21 <-- 0.035796 s
currentSize : 22 <-- 0.038263 s
currentSize : 23 <-- 0.049537 s
currentSize : 24 <-- 0.187687 s
currentSize : 25 <-- 2.159647 s
currentSize : 26 <-- 3.623416 s
currentSize : 27 <-- 90.422424 s
currentSize : 28 <-- 669.978027 s

TIMEOUT
maxsize : 28
nodes : 81299652.000000
filtered : 2608226130.000000
CCGP filtered : 862777023.000000
CCGT filtered : 379831066.000000
time : 1000.000000
