Parameters: GAD=1 vflib=1 dir=0 label=0 lowerbound=1 fileNameGp=../../cp2016-max-common-connected-subgraph-paper/datasets/graphsdb/mcs70/rand/r005/mcs70_r005_s30.A06 fileNameGt=../../cp2016-max-common-connected-subgraph-paper/datasets/graphsdb/mcs70/rand/r005/mcs70_r005_s30.B06
Reading graphs...
30 :  41
30 :  41
Initializing...
maxdom : 30
D->valSize : 900
Solving...
currentSize : 3 <-- 0.019572 s
currentSize : 11 <-- 0.019814 s
currentSize : 14 <-- 0.019997 s
currentSize : 15 <-- 0.020225 s
currentSize : 16 <-- 0.020784 s
currentSize : 17 <-- 0.020894 s
currentSize : 18 <-- 0.025819 s
currentSize : 19 <-- 0.086915 s
currentSize : 20 <-- 0.138111 s
currentSize : 21 <-- 0.189453 s
currentSize : 22 <-- 0.214429 s
currentSize : 23 <-- 0.636510 s

maxsize : 23
nodes : 182365.000000
filtered : 4635005.000000
CCGP filtered : 3308233.000000
CCGT filtered : 1884286.000000
time : 1.756727
