Parameters: GAD=1 vflib=1 dir=0 label=0 lowerbound=1 fileNameGp=../../cp2016-max-common-connected-subgraph-paper/datasets/graphsdb/mcs70/m2D/m2Dr6/mcs70_m2Dr6_s35.A09 fileNameGt=../../cp2016-max-common-connected-subgraph-paper/datasets/graphsdb/mcs70/m2D/m2Dr6/mcs70_m2Dr6_s35.B09
Reading graphs...
35 :  77
35 :  75
Initializing...
maxdom : 35
D->valSize : 1225
Solving...
currentSize : 16 <-- 0.020943 s
currentSize : 17 <-- 0.021120 s
currentSize : 18 <-- 0.028878 s
currentSize : 19 <-- 0.122858 s
currentSize : 20 <-- 0.142146 s
currentSize : 21 <-- 0.333623 s
currentSize : 22 <-- 30.020515 s
currentSize : 25 <-- 83.913925 s
currentSize : 26 <-- 85.257339 s

maxsize : 26
nodes : 11785927.000000
filtered : 353976441.000000
CCGP filtered : 40098581.000000
CCGT filtered : 39192141.000000
time : 134.611786
