Parameters: GAD=1 vflib=1 dir=0 label=0 lowerbound=1 fileNameGp=../../cp2016-max-common-connected-subgraph-paper/datasets/graphsdb/mcs70/rand/r005/mcs70_r005_s40.A04 fileNameGt=../../cp2016-max-common-connected-subgraph-paper/datasets/graphsdb/mcs70/rand/r005/mcs70_r005_s40.B04
Reading graphs...
40 :  76
40 :  76
Initializing...
maxdom : 40
D->valSize : 1600
Solving...
currentSize : 18 <-- 0.063409 s
currentSize : 19 <-- 0.063797 s
currentSize : 20 <-- 0.246484 s
currentSize : 21 <-- 0.246857 s
currentSize : 22 <-- 0.746416 s
currentSize : 23 <-- 2.838274 s
currentSize : 24 <-- 3.681897 s
currentSize : 25 <-- 7.126833 s
currentSize : 26 <-- 44.206001 s
currentSize : 28 <-- 800.202942 s
currentSize : 29 <-- 800.210876 s

TIMEOUT
maxsize : 29
nodes : 78692314.000000
filtered : 2379601045.000000
CCGP filtered : 674346298.000000
CCGT filtered : 584920733.000000
time : 1000.000061
