Parameters: GAD=1 vflib=1 dir=0 label=0 lowerbound=1 fileNameGp=../../cp2016-max-common-connected-subgraph-paper/datasets/graphsdb/mcs70/bvg/b03m/mcs70_b03m_s50.A00 fileNameGt=../../cp2016-max-common-connected-subgraph-paper/datasets/graphsdb/mcs70/bvg/b03m/mcs70_b03m_s50.B00
Reading graphs...
50 :  74
50 :  74
Initializing...
maxdom : 50
D->valSize : 2500
Solving...
currentSize : 16 <-- 0.098003 s
currentSize : 23 <-- 0.098212 s
currentSize : 26 <-- 0.102019 s
currentSize : 27 <-- 0.103260 s
currentSize : 28 <-- 0.108370 s
currentSize : 29 <-- 0.533810 s
currentSize : 30 <-- 5.368354 s
currentSize : 32 <-- 5.374480 s
currentSize : 33 <-- 5.532327 s
currentSize : 34 <-- 13.779300 s
currentSize : 35 <-- 987.877502 s

TIMEOUT
maxsize : 35
nodes : 58524181.000000
filtered : 1854909530.000000
CCGP filtered : 2963108592.000000
CCGT filtered : 1619039632.000000
time : 1000.000061
