Parameters: GAD=1 vflib=1 dir=0 label=0 lowerbound=1 fileNameGp=../../cp2016-max-common-connected-subgraph-paper/datasets/graphsdb/mcs70/bvg/b03m/mcs70_b03m_s35.A02 fileNameGt=../../cp2016-max-common-connected-subgraph-paper/datasets/graphsdb/mcs70/bvg/b03m/mcs70_b03m_s35.B02
Reading graphs...
35 :  52
35 :  52
Initializing...
maxdom : 35
D->valSize : 1225
Solving...
currentSize : 12 <-- 0.021218 s
currentSize : 13 <-- 0.021329 s
currentSize : 14 <-- 0.021387 s
currentSize : 17 <-- 0.021561 s
currentSize : 18 <-- 0.023402 s
currentSize : 19 <-- 0.035514 s
currentSize : 20 <-- 0.035861 s
currentSize : 21 <-- 0.048435 s
currentSize : 22 <-- 0.052218 s
currentSize : 23 <-- 0.076962 s
currentSize : 24 <-- 0.353861 s
currentSize : 25 <-- 0.698164 s

maxsize : 25
nodes : 12549204.000000
filtered : 335099177.000000
CCGP filtered : 246626859.000000
CCGT filtered : 143665886.000000
time : 137.150024
