Parameters: GAD=1 vflib=1 dir=0 label=0 lowerbound=1 fileNameGp=../../cp2016-max-common-connected-subgraph-paper/datasets/graphsdb/mcs70/bvg/b09/mcs70_b09_s35.A00 fileNameGt=../../cp2016-max-common-connected-subgraph-paper/datasets/graphsdb/mcs70/bvg/b09/mcs70_b09_s35.B00
Reading graphs...
35 :  155
35 :  153
Initializing...
maxdom : 35
D->valSize : 1225
Solving...
currentSize : 12 <-- 0.018247 s
currentSize : 13 <-- 0.018444 s
currentSize : 14 <-- 0.020859 s
currentSize : 15 <-- 0.131252 s
currentSize : 16 <-- 0.796735 s
currentSize : 17 <-- 1.250371 s
currentSize : 18 <-- 1.250464 s
currentSize : 20 <-- 1.258039 s
currentSize : 21 <-- 1.283357 s
currentSize : 24 <-- 1.287578 s
currentSize : 25 <-- 2.763943 s

maxsize : 25
nodes : 2023615.000000
filtered : 90032960.000000
CCGP filtered : 340249.000000
CCGT filtered : 132737.000000
time : 26.615232
