Parameters: GAD=1 vflib=1 dir=0 label=0 lowerbound=1 fileNameGp=../../cp2016-max-common-connected-subgraph-paper/datasets/graphsdb/mcs70/bvg/b06/mcs70_b06_s50.A05 fileNameGt=../../cp2016-max-common-connected-subgraph-paper/datasets/graphsdb/mcs70/bvg/b06/mcs70_b06_s50.B05
Reading graphs...
50 :  149
50 :  150
Initializing...
maxdom : 50
D->valSize : 2500
Solving...
currentSize : 22 <-- 0.127226 s
currentSize : 23 <-- 0.127284 s
currentSize : 24 <-- 0.127371 s
currentSize : 25 <-- 0.127553 s
currentSize : 27 <-- 0.127791 s
currentSize : 28 <-- 0.128261 s
currentSize : 29 <-- 0.139041 s
currentSize : 30 <-- 0.537457 s
currentSize : 31 <-- 0.814220 s
currentSize : 32 <-- 3.177923 s
currentSize : 33 <-- 3.182197 s
currentSize : 34 <-- 3.185031 s
currentSize : 35 <-- 3.194601 s
currentSize : 36 <-- 193.701157 s
currentSize : 37 <-- 200.043091 s

TIMEOUT
maxsize : 37
nodes : 50466595.000000
filtered : 3488848054.000000
CCGP filtered : 266575293.000000
CCGT filtered : 113482999.000000
time : 1000.000061
