Parameters: GAD=1 vflib=1 dir=0 label=0 lowerbound=1 fileNameGp=../../cp2016-max-common-connected-subgraph-paper/datasets/graphsdb/mcs70/m2D/m2D/mcs70_m2D_s35.A07 fileNameGt=../../cp2016-max-common-connected-subgraph-paper/datasets/graphsdb/mcs70/m2D/m2D/mcs70_m2D_s35.B07
Reading graphs...
35 :  58
35 :  58
Initializing...
maxdom : 35
D->valSize : 1225
Solving...
currentSize : 18 <-- 0.020852 s
currentSize : 20 <-- 0.020885 s
currentSize : 21 <-- 0.021901 s
currentSize : 22 <-- 0.022267 s
currentSize : 23 <-- 0.110390 s
currentSize : 24 <-- 0.258167 s
currentSize : 25 <-- 0.501237 s
currentSize : 26 <-- 10.254287 s
currentSize : 27 <-- 11.856928 s

maxsize : 27
nodes : 3714907.000000
filtered : 121212043.000000
CCGP filtered : 39577745.000000
CCGT filtered : 17432449.000000
time : 41.418770
