Parameters: GAD=1 vflib=1 dir=0 label=0 lowerbound=1 fileNameGp=../../cp2016-max-common-connected-subgraph-paper/datasets/graphsdb/mcs70/bvg/b03/mcs70_b03_s30.A01 fileNameGt=../../cp2016-max-common-connected-subgraph-paper/datasets/graphsdb/mcs70/bvg/b03/mcs70_b03_s30.B01
Reading graphs...
30 :  45
30 :  45
Initializing...
maxdom : 30
D->valSize : 900
Solving...
currentSize : 10 <-- 0.019520 s
currentSize : 14 <-- 0.019709 s
currentSize : 15 <-- 0.019732 s
currentSize : 17 <-- 0.020028 s
currentSize : 18 <-- 0.020201 s
currentSize : 19 <-- 0.025405 s
currentSize : 20 <-- 0.027410 s
currentSize : 21 <-- 0.225828 s
currentSize : 22 <-- 0.890143 s
currentSize : 23 <-- 7.305363 s

maxsize : 23
nodes : 1035071.000000
filtered : 24395589.000000
CCGP filtered : 18748904.000000
CCGT filtered : 8082348.000000
time : 10.148489
