Parameters: GAD=1 vflib=1 dir=0 label=0 lowerbound=1 fileNameGp=../../cp2016-max-common-connected-subgraph-paper/datasets/graphsdb/mcs70/m2D/m2Dr2/mcs70_m2Dr2_s50.A04 fileNameGt=../../cp2016-max-common-connected-subgraph-paper/datasets/graphsdb/mcs70/m2D/m2Dr2/mcs70_m2Dr2_s50.B04
Reading graphs...
50 :  94
50 :  94
Initializing...
maxdom : 50
D->valSize : 2500
Solving...
currentSize : 23 <-- 0.117971 s
currentSize : 24 <-- 0.118510 s
currentSize : 25 <-- 0.119633 s
currentSize : 26 <-- 0.137190 s
currentSize : 27 <-- 0.160958 s
currentSize : 28 <-- 0.161079 s
currentSize : 29 <-- 0.595104 s
currentSize : 30 <-- 1.690282 s
currentSize : 31 <-- 2.170523 s
currentSize : 32 <-- 41.537491 s
currentSize : 33 <-- 63.031441 s

TIMEOUT
maxsize : 33
nodes : 66508804.000000
filtered : 2122972277.000000
CCGP filtered : 1071610205.000000
CCGT filtered : 718472614.000000
time : 1000.000061
