Parameters: GAD=1 vflib=1 dir=0 label=0 lowerbound=1 fileNameGp=../../cp2016-max-common-connected-subgraph-paper/datasets/graphsdb/mcs70/rand/r005/mcs70_r005_s30.A00 fileNameGt=../../cp2016-max-common-connected-subgraph-paper/datasets/graphsdb/mcs70/rand/r005/mcs70_r005_s30.B00
Reading graphs...
30 :  40
30 :  42
Initializing...
maxdom : 30
D->valSize : 900
Solving...
currentSize : 4 <-- 0.011409 s
currentSize : 5 <-- 0.011472 s
currentSize : 9 <-- 0.011576 s
currentSize : 14 <-- 0.011624 s
currentSize : 15 <-- 0.012082 s
currentSize : 16 <-- 0.012655 s
currentSize : 17 <-- 0.015201 s
currentSize : 18 <-- 0.018508 s
currentSize : 19 <-- 0.018869 s
currentSize : 20 <-- 0.019325 s
currentSize : 21 <-- 7.956891 s

maxsize : 21
nodes : 1614916.000000
filtered : 25643502.000000
CCGP filtered : 15680056.000000
CCGT filtered : 10107206.000000
time : 13.199571
