Parameters: GAD=1 vflib=1 dir=0 label=0 lowerbound=1 fileNameGp=../../cp2016-max-common-connected-subgraph-paper/datasets/graphsdb/mcs70/bvg/b06m/mcs70_b06m_s40.A00 fileNameGt=../../cp2016-max-common-connected-subgraph-paper/datasets/graphsdb/mcs70/bvg/b06m/mcs70_b06m_s40.B00
Reading graphs...
40 :  117
40 :  118
Initializing...
maxdom : 40
D->valSize : 1600
Solving...
currentSize : 13 <-- 0.033730 s
currentSize : 14 <-- 0.033853 s
currentSize : 16 <-- 0.034990 s
currentSize : 17 <-- 0.042310 s
currentSize : 18 <-- 0.053997 s
currentSize : 19 <-- 0.164046 s
currentSize : 20 <-- 1.512433 s
currentSize : 21 <-- 1.582943 s
currentSize : 22 <-- 102.627869 s
currentSize : 23 <-- 517.443115 s

TIMEOUT
maxsize : 23
nodes : 81708679.000000
filtered : 2057839921.000000
CCGP filtered : 281537728.000000
CCGT filtered : 215939637.000000
time : 1000.000000
