Parameters: GAD=1 vflib=1 dir=0 label=0 lowerbound=1 fileNameGp=../../cp2016-max-common-connected-subgraph-paper/datasets/graphsdb/mcs70/m2D/m2Dr6/mcs70_m2Dr6_s35.A00 fileNameGt=../../cp2016-max-common-connected-subgraph-paper/datasets/graphsdb/mcs70/m2D/m2Dr6/mcs70_m2Dr6_s35.B00
Reading graphs...
35 :  78
35 :  77
Initializing...
maxdom : 35
D->valSize : 1225
Solving...
currentSize : 15 <-- 0.035102 s
currentSize : 16 <-- 0.035255 s
currentSize : 18 <-- 0.035506 s
currentSize : 19 <-- 0.154251 s
currentSize : 20 <-- 0.377479 s
currentSize : 21 <-- 5.518335 s
currentSize : 22 <-- 6.704066 s
currentSize : 23 <-- 140.568314 s
currentSize : 24 <-- 140.568909 s
currentSize : 25 <-- 141.937408 s

maxsize : 25
nodes : 19449880.000000
filtered : 592889380.000000
CCGP filtered : 65754068.000000
CCGT filtered : 64979166.000000
time : 215.718048
