Parameters: GAD=1 vflib=1 dir=0 label=0 lowerbound=1 fileNameGp=../../cp2016-max-common-connected-subgraph-paper/datasets/graphsdb/mcs70/rand/r005/mcs70_r005_s30.A05 fileNameGt=../../cp2016-max-common-connected-subgraph-paper/datasets/graphsdb/mcs70/rand/r005/mcs70_r005_s30.B05
Reading graphs...
30 :  42
30 :  40
Initializing...
maxdom : 30
D->valSize : 900
Solving...
currentSize : 8 <-- 0.011615 s
currentSize : 9 <-- 0.011843 s
currentSize : 14 <-- 0.011881 s
currentSize : 15 <-- 0.011894 s
currentSize : 16 <-- 0.012889 s
currentSize : 17 <-- 0.017169 s
currentSize : 18 <-- 0.019490 s
currentSize : 19 <-- 0.060941 s
currentSize : 20 <-- 0.060979 s
currentSize : 22 <-- 0.061666 s
currentSize : 23 <-- 1.462532 s
currentSize : 24 <-- 1.684204 s

maxsize : 24
nodes : 258239.000000
filtered : 6779119.000000
CCGP filtered : 3616630.000000
CCGT filtered : 3216319.000000
time : 2.424793
