Parameters: GAD=1 vflib=1 dir=0 label=0 lowerbound=1 fileNameGp=../../cp2016-max-common-connected-subgraph-paper/datasets/graphsdb/mcs70/m3D/m3D/mcs70_m3D_s40.A08 fileNameGt=../../cp2016-max-common-connected-subgraph-paper/datasets/graphsdb/mcs70/m3D/m3D/mcs70_m3D_s40.B08
Reading graphs...
40 :  84
40 :  83
Initializing...
maxdom : 40
D->valSize : 1600
Solving...
currentSize : 18 <-- 0.035085 s
currentSize : 20 <-- 0.035122 s
currentSize : 21 <-- 0.036114 s
currentSize : 22 <-- 0.053443 s
currentSize : 23 <-- 0.065233 s
currentSize : 24 <-- 0.203306 s
currentSize : 25 <-- 0.349128 s
currentSize : 26 <-- 33.937656 s
currentSize : 27 <-- 90.271690 s
currentSize : 28 <-- 408.810272 s
currentSize : 29 <-- 989.354126 s

TIMEOUT
maxsize : 29
nodes : 82012409.000000
filtered : 2705853201.000000
CCGP filtered : 367404633.000000
CCGT filtered : 259541695.000000
time : 1000.000000
