Parameters: GAD=1 vflib=1 dir=0 label=0 lowerbound=1 fileNameGp=../../cp2016-max-common-connected-subgraph-paper/datasets/graphsdb/mcs70/m2D/m2Dr4/mcs70_m2Dr4_s40.A05 fileNameGt=../../cp2016-max-common-connected-subgraph-paper/datasets/graphsdb/mcs70/m2D/m2Dr4/mcs70_m2Dr4_s40.B05
Reading graphs...
40 :  82
40 :  81
Initializing...
maxdom : 40
D->valSize : 1600
Solving...
currentSize : 10 <-- 0.062312 s
currentSize : 12 <-- 0.062437 s
currentSize : 14 <-- 0.063061 s
currentSize : 15 <-- 0.063305 s
currentSize : 17 <-- 0.063607 s
currentSize : 18 <-- 0.065137 s
currentSize : 20 <-- 0.065946 s
currentSize : 21 <-- 0.066458 s
currentSize : 22 <-- 0.088978 s
currentSize : 23 <-- 0.093432 s
currentSize : 24 <-- 0.609532 s
currentSize : 25 <-- 32.227364 s

TIMEOUT
maxsize : 25
nodes : 84984596.000000
filtered : 2354597813.000000
CCGP filtered : 584371466.000000
CCGT filtered : 535242967.000000
time : 1000.000000
