Parameters: GAD=1 vflib=1 dir=0 label=0 lowerbound=1 fileNameGp=../../cp2016-max-common-connected-subgraph-paper/datasets/graphsdb/mcs70/bvg/b09/mcs70_b09_s50.A02 fileNameGt=../../cp2016-max-common-connected-subgraph-paper/datasets/graphsdb/mcs70/bvg/b09/mcs70_b09_s50.B02
Reading graphs...
50 :  219
50 :  224
Initializing...
maxdom : 50
D->valSize : 2500
Solving...
currentSize : 16 <-- 0.085591 s
currentSize : 17 <-- 0.085793 s
currentSize : 18 <-- 0.086445 s
currentSize : 19 <-- 0.087544 s
currentSize : 20 <-- 0.557177 s
currentSize : 21 <-- 2.117334 s
currentSize : 22 <-- 2.412013 s
currentSize : 23 <-- 20.651751 s
currentSize : 24 <-- 98.461197 s
currentSize : 25 <-- 100.416245 s
currentSize : 26 <-- 233.560196 s
currentSize : 27 <-- 323.112366 s
currentSize : 28 <-- 531.045715 s
currentSize : 29 <-- 546.548096 s
currentSize : 30 <-- 560.257263 s
currentSize : 32 <-- 560.257812 s
currentSize : 33 <-- 569.885742 s

TIMEOUT
maxsize : 33
nodes : 53642701.000000
filtered : 2456439811.000000
CCGP filtered : 28250681.000000
CCGT filtered : 26511734.000000
time : 1000.000061
