Parameters: GAD=1 vflib=1 dir=0 label=0 lowerbound=1 fileNameGp=../../cp2016-max-common-connected-subgraph-paper/datasets/graphsdb/mcs70/m3D/m3Dr2/mcs70_m3Dr2_s35.A04 fileNameGt=../../cp2016-max-common-connected-subgraph-paper/datasets/graphsdb/mcs70/m3D/m3Dr2/mcs70_m3Dr2_s35.B04
Reading graphs...
35 :  78
35 :  77
Initializing...
maxdom : 35
D->valSize : 1225
Solving...
currentSize : 17 <-- 0.032374 s
currentSize : 18 <-- 0.032496 s
currentSize : 19 <-- 0.032515 s
currentSize : 20 <-- 0.046553 s
currentSize : 21 <-- 0.193865 s
currentSize : 22 <-- 1.044604 s
currentSize : 23 <-- 1.628855 s
currentSize : 24 <-- 90.080940 s
currentSize : 25 <-- 218.591797 s
currentSize : 26 <-- 289.823242 s
currentSize : 27 <-- 289.823334 s

maxsize : 27
nodes : 28069769.000000
filtered : 788250188.000000
CCGP filtered : 37118170.000000
CCGT filtered : 53962836.000000
time : 297.237915
