Parameters: GAD=1 vflib=1 dir=0 label=0 lowerbound=1 fileNameGp=../../cp2016-max-common-connected-subgraph-paper/datasets/graphsdb/mcs70/m3D/m3Dr6/mcs70_m3Dr6_s35.A01 fileNameGt=../../cp2016-max-common-connected-subgraph-paper/datasets/graphsdb/mcs70/m3D/m3Dr6/mcs70_m3Dr6_s35.B01
Reading graphs...
35 :  90
35 :  90
Initializing...
maxdom : 35
D->valSize : 1225
Solving...
currentSize : 15 <-- 0.019541 s
currentSize : 16 <-- 0.019652 s
currentSize : 17 <-- 0.019814 s
currentSize : 18 <-- 0.022997 s
currentSize : 19 <-- 0.023300 s
currentSize : 20 <-- 0.191313 s
currentSize : 21 <-- 5.688481 s
currentSize : 22 <-- 31.540472 s
currentSize : 25 <-- 31.563787 s
currentSize : 26 <-- 54.723885 s
currentSize : 27 <-- 72.897575 s

maxsize : 27
nodes : 7126737.000000
filtered : 245318048.000000
CCGP filtered : 7756318.000000
CCGT filtered : 7964908.000000
time : 80.537254
