Parameters: GAD=1 vflib=1 dir=0 label=0 lowerbound=1 fileNameGp=../../cp2016-max-common-connected-subgraph-paper/datasets/graphsdb/mcs70/bvg/b03m/mcs70_b03m_s40.A03 fileNameGt=../../cp2016-max-common-connected-subgraph-paper/datasets/graphsdb/mcs70/bvg/b03m/mcs70_b03m_s40.B03
Reading graphs...
40 :  58
40 :  58
Initializing...
maxdom : 40
D->valSize : 1600
Solving...
currentSize : 8 <-- 0.036483 s
currentSize : 16 <-- 0.036621 s
currentSize : 18 <-- 0.036655 s
currentSize : 20 <-- 0.037063 s
currentSize : 21 <-- 0.038321 s
currentSize : 22 <-- 0.040649 s
currentSize : 23 <-- 0.051320 s
currentSize : 24 <-- 0.080810 s
currentSize : 25 <-- 0.142452 s
currentSize : 26 <-- 0.265942 s
currentSize : 27 <-- 0.909047 s
currentSize : 28 <-- 5.001970 s
currentSize : 29 <-- 19.065483 s
currentSize : 30 <-- 19.066437 s

maxsize : 30
nodes : 25828804.000000
filtered : 896328338.000000
CCGP filtered : 682468506.000000
CCGT filtered : 335329833.000000
time : 333.203766
