Parameters: GAD=1 vflib=1 dir=0 label=0 lowerbound=1 fileNameGp=../../cp2016-max-common-connected-subgraph-paper/datasets/graphsdb/mcs70/m3D/m3Dr2/mcs70_m3Dr2_s40.A09 fileNameGt=../../cp2016-max-common-connected-subgraph-paper/datasets/graphsdb/mcs70/m3D/m3Dr2/mcs70_m3Dr2_s40.B09
Reading graphs...
40 :  91
40 :  92
Initializing...
maxdom : 40
D->valSize : 1600
Solving...
currentSize : 14 <-- 0.035420 s
currentSize : 17 <-- 0.035817 s
currentSize : 18 <-- 0.037652 s
currentSize : 19 <-- 0.040684 s
currentSize : 20 <-- 0.050924 s
currentSize : 21 <-- 0.068122 s
currentSize : 22 <-- 3.050128 s
currentSize : 23 <-- 3.336117 s
currentSize : 24 <-- 109.842407 s
currentSize : 25 <-- 671.441650 s

TIMEOUT
maxsize : 25
nodes : 83113886.000000
filtered : 2192751138.000000
CCGP filtered : 433899294.000000
CCGT filtered : 365746226.000000
time : 1000.000000
