Parameters: GAD=1 vflib=1 dir=0 label=0 lowerbound=1 fileNameGp=../../cp2016-max-common-connected-subgraph-paper/datasets/graphsdb/mcs70/m3D/m3D/mcs70_m3D_s35.A09 fileNameGt=../../cp2016-max-common-connected-subgraph-paper/datasets/graphsdb/mcs70/m3D/m3D/mcs70_m3D_s35.B09
Reading graphs...
35 :  72
35 :  72
Initializing...
maxdom : 35
D->valSize : 1225
Solving...
currentSize : 17 <-- 0.020336 s
currentSize : 18 <-- 0.020716 s
currentSize : 19 <-- 0.022487 s
currentSize : 20 <-- 0.025262 s
currentSize : 21 <-- 0.025318 s
currentSize : 22 <-- 0.296821 s
currentSize : 23 <-- 1.151563 s
currentSize : 24 <-- 13.751694 s
currentSize : 25 <-- 14.553994 s
currentSize : 26 <-- 17.541267 s
currentSize : 27 <-- 18.918243 s
currentSize : 28 <-- 20.655483 s

maxsize : 28
nodes : 3198066.000000
filtered : 98278494.000000
CCGP filtered : 7332479.000000
CCGT filtered : 3619921.000000
time : 34.229130
