Parameters: GAD=1 vflib=1 dir=0 label=0 lowerbound=1 fileNameGp=../../cp2016-max-common-connected-subgraph-paper/datasets/graphsdb/mcs70/m4D/m4D/mcs70_m4D_s25.A07 fileNameGt=../../cp2016-max-common-connected-subgraph-paper/datasets/graphsdb/mcs70/m4D/m4D/mcs70_m4D_s25.B07
Reading graphs...
25 :  46
25 :  46
Initializing...
maxdom : 25
D->valSize : 625
Solving...
currentSize : 8 <-- 0.005040 s
currentSize : 10 <-- 0.005242 s
currentSize : 11 <-- 0.005294 s
currentSize : 12 <-- 0.005365 s
currentSize : 13 <-- 0.005460 s
currentSize : 14 <-- 0.005654 s
currentSize : 15 <-- 0.005800 s
currentSize : 16 <-- 0.101161 s
currentSize : 17 <-- 0.113041 s
currentSize : 18 <-- 0.124757 s
currentSize : 19 <-- 0.159928 s

maxsize : 19
nodes : 67443.000000
filtered : 1728313.000000
CCGP filtered : 1294435.000000
CCGT filtered : 388357.000000
time : 0.576457
