Parameters: GAD=1 vflib=1 dir=0 label=0 lowerbound=1 fileNameGp=../../cp2016-max-common-connected-subgraph-paper/datasets/graphsdb/mcs70/rand/r005/mcs70_r005_s50.A03 fileNameGt=../../cp2016-max-common-connected-subgraph-paper/datasets/graphsdb/mcs70/rand/r005/mcs70_r005_s50.B03
Reading graphs...
50 :  116
50 :  117
Initializing...
maxdom : 50
D->valSize : 2500
Solving...
currentSize : 19 <-- 0.118400 s
currentSize : 20 <-- 0.119049 s
currentSize : 21 <-- 0.119201 s
currentSize : 22 <-- 0.119437 s
currentSize : 23 <-- 0.120569 s
currentSize : 25 <-- 0.124703 s
currentSize : 26 <-- 0.128890 s
currentSize : 27 <-- 0.487018 s
currentSize : 28 <-- 0.889609 s
currentSize : 29 <-- 1.804617 s
currentSize : 30 <-- 30.974529 s
currentSize : 31 <-- 394.205719 s

TIMEOUT
maxsize : 31
nodes : 65732219.000000
filtered : 2145241704.000000
CCGP filtered : 524036036.000000
CCGT filtered : 332759245.000000
time : 1000.000061
