Parameters: GAD=1 vflib=1 dir=0 label=0 lowerbound=1 fileNameGp=../../cp2016-max-common-connected-subgraph-paper/datasets/graphsdb/mcs70/bvg/b03m/mcs70_b03m_s40.A01 fileNameGt=../../cp2016-max-common-connected-subgraph-paper/datasets/graphsdb/mcs70/bvg/b03m/mcs70_b03m_s40.B01
Reading graphs...
40 :  60
40 :  60
Initializing...
maxdom : 40
D->valSize : 1600
Solving...
currentSize : 15 <-- 0.036540 s
currentSize : 17 <-- 0.036689 s
currentSize : 18 <-- 0.036784 s
currentSize : 19 <-- 0.036906 s
currentSize : 20 <-- 0.037150 s
currentSize : 21 <-- 0.038783 s
currentSize : 22 <-- 0.039176 s
currentSize : 23 <-- 0.039289 s
currentSize : 24 <-- 0.151798 s
currentSize : 25 <-- 0.506724 s
currentSize : 26 <-- 0.506898 s
currentSize : 27 <-- 0.970303 s
currentSize : 28 <-- 1.115794 s
currentSize : 29 <-- 459.766754 s

maxsize : 29
nodes : 63357713.000000
filtered : 1919377104.000000
CCGP filtered : 1253985527.000000
CCGT filtered : 750685255.000000
time : 794.520508
