Parameters: GAD=1 vflib=1 dir=0 label=0 lowerbound=1 fileNameGp=../../cp2016-max-common-connected-subgraph-paper/datasets/graphsdb/mcs70/m3D/m3Dr6/mcs70_m3Dr6_s35.A04 fileNameGt=../../cp2016-max-common-connected-subgraph-paper/datasets/graphsdb/mcs70/m3D/m3Dr6/mcs70_m3Dr6_s35.B04
Reading graphs...
35 :  91
35 :  89
Initializing...
maxdom : 35
D->valSize : 1225
Solving...
currentSize : 14 <-- 0.019737 s
currentSize : 15 <-- 0.020009 s
currentSize : 16 <-- 0.020280 s
currentSize : 17 <-- 0.020845 s
currentSize : 18 <-- 0.021221 s
currentSize : 19 <-- 0.025134 s
currentSize : 20 <-- 0.029908 s
currentSize : 21 <-- 8.432023 s
currentSize : 22 <-- 158.432938 s
currentSize : 24 <-- 921.778320 s
currentSize : 27 <-- 967.544556 s

maxsize : 27
nodes : 93730834.000000
filtered : 2333834296.000000
CCGP filtered : 134928805.000000
CCGT filtered : 99998225.000000
time : 976.806396
