Parameters: GAD=1 vflib=1 dir=0 label=0 lowerbound=1 fileNameGp=../../cp2016-max-common-connected-subgraph-paper/datasets/graphsdb/mcs70/bvg/b06/mcs70_b06_s40.A00 fileNameGt=../../cp2016-max-common-connected-subgraph-paper/datasets/graphsdb/mcs70/bvg/b06/mcs70_b06_s40.B00
Reading graphs...
40 :  119
40 :  118
Initializing...
maxdom : 40
D->valSize : 1600
Solving...
currentSize : 20 <-- 0.054797 s
currentSize : 21 <-- 0.058712 s
currentSize : 22 <-- 0.090615 s
currentSize : 23 <-- 0.470896 s
currentSize : 24 <-- 1.245682 s
currentSize : 26 <-- 1.596816 s
currentSize : 27 <-- 4.510993 s
currentSize : 28 <-- 4.923055 s
currentSize : 29 <-- 17.744619 s
currentSize : 30 <-- 56.156673 s

maxsize : 30
nodes : 10655117.000000
filtered : 580667585.000000
CCGP filtered : 34936670.000000
CCGT filtered : 26884455.000000
time : 159.536514
