Parameters: GAD=1 vflib=1 dir=0 label=0 lowerbound=1 fileNameGp=../../cp2016-max-common-connected-subgraph-paper/datasets/graphsdb/mcs70/bvg/b09/mcs70_b09_s30.A07 fileNameGt=../../cp2016-max-common-connected-subgraph-paper/datasets/graphsdb/mcs70/bvg/b09/mcs70_b09_s30.B07
Reading graphs...
30 :  132
30 :  135
Initializing...
maxdom : 30
D->valSize : 900
Solving...
currentSize : 9 <-- 0.010258 s
currentSize : 10 <-- 0.010301 s
currentSize : 11 <-- 0.011113 s
currentSize : 12 <-- 0.011155 s
currentSize : 13 <-- 0.011994 s
currentSize : 14 <-- 0.033885 s
currentSize : 15 <-- 0.037492 s
currentSize : 17 <-- 0.038014 s
currentSize : 18 <-- 0.038244 s
currentSize : 19 <-- 0.145481 s
currentSize : 20 <-- 0.265023 s

maxsize : 20
nodes : 1537014.000000
filtered : 49110634.000000
CCGP filtered : 50949.000000
CCGT filtered : 64276.000000
time : 17.106152
