Parameters: GAD=1 vflib=1 dir=0 label=0 lowerbound=1 fileNameGp=../../cp2016-max-common-connected-subgraph-paper/datasets/graphsdb/mcs70/bvg/b06m/mcs70_b06m_s35.A00 fileNameGt=../../cp2016-max-common-connected-subgraph-paper/datasets/graphsdb/mcs70/bvg/b06m/mcs70_b06m_s35.B00
Reading graphs...
35 :  102
35 :  101
Initializing...
maxdom : 35
D->valSize : 1225
Solving...
currentSize : 11 <-- 0.019470 s
currentSize : 13 <-- 0.019509 s
currentSize : 14 <-- 0.019601 s
currentSize : 15 <-- 0.020544 s
currentSize : 16 <-- 0.050729 s
currentSize : 17 <-- 0.098299 s
currentSize : 18 <-- 0.242575 s
currentSize : 19 <-- 1.078154 s
currentSize : 20 <-- 12.430019 s
currentSize : 21 <-- 532.006897 s
currentSize : 22 <-- 552.024658 s
currentSize : 23 <-- 552.024841 s
currentSize : 24 <-- 587.817139 s
currentSize : 26 <-- 597.784180 s

maxsize : 26
nodes : 54984121.000000
filtered : 1433310791.000000
CCGP filtered : 162296975.000000
CCGT filtered : 147043372.000000
time : 609.100708
