Parameters: GAD=1 vflib=1 dir=0 label=0 lowerbound=1 fileNameGp=../../cp2016-max-common-connected-subgraph-paper/datasets/graphsdb/mcs70/bvg/b06m/mcs70_b06m_s30.A09 fileNameGt=../../cp2016-max-common-connected-subgraph-paper/datasets/graphsdb/mcs70/bvg/b06m/mcs70_b06m_s30.B09
Reading graphs...
30 :  87
30 :  88
Initializing...
maxdom : 30
D->valSize : 900
Solving...
currentSize : 11 <-- 0.018224 s
currentSize : 12 <-- 0.018276 s
currentSize : 13 <-- 0.019237 s
currentSize : 14 <-- 0.021454 s
currentSize : 15 <-- 0.023482 s
currentSize : 16 <-- 0.292227 s
currentSize : 17 <-- 0.516817 s
currentSize : 18 <-- 0.821075 s
currentSize : 19 <-- 0.911570 s
currentSize : 22 <-- 1.040474 s

maxsize : 22
nodes : 422083.000000
filtered : 15678762.000000
CCGP filtered : 612701.000000
CCGT filtered : 137228.000000
time : 4.451789
