Parameters: GAD=1 vflib=1 dir=0 label=0 lowerbound=1 fileNameGp=../../cp2016-max-common-connected-subgraph-paper/datasets/graphsdb/mcs70/m3D/m3Dr4/mcs70_m3Dr4_s35.A09 fileNameGt=../../cp2016-max-common-connected-subgraph-paper/datasets/graphsdb/mcs70/m3D/m3Dr4/mcs70_m3Dr4_s35.B09
Reading graphs...
35 :  84
35 :  85
Initializing...
maxdom : 35
D->valSize : 1225
Solving...
currentSize : 14 <-- 0.020012 s
currentSize : 15 <-- 0.020184 s
currentSize : 16 <-- 0.020643 s
currentSize : 17 <-- 0.025247 s
currentSize : 18 <-- 0.058753 s
currentSize : 19 <-- 0.503762 s
currentSize : 20 <-- 1.456252 s
currentSize : 21 <-- 16.513779 s
currentSize : 22 <-- 58.319000 s
currentSize : 23 <-- 307.208771 s
currentSize : 24 <-- 358.098114 s
currentSize : 25 <-- 438.972046 s
currentSize : 27 <-- 446.189545 s

maxsize : 27
nodes : 43257988.000000
filtered : 1229304247.000000
CCGP filtered : 115180579.000000
CCGT filtered : 53026611.000000
time : 463.998047
