Parameters: GAD=1 vflib=1 dir=0 label=0 lowerbound=1 fileNameGp=../../cp2016-max-common-connected-subgraph-paper/datasets/graphsdb/mcs70/m3D/m3D/mcs70_m3D_s35.A04 fileNameGt=../../cp2016-max-common-connected-subgraph-paper/datasets/graphsdb/mcs70/m3D/m3D/mcs70_m3D_s35.B04
Reading graphs...
35 :  72
35 :  72
Initializing...
maxdom : 35
D->valSize : 1225
Solving...
currentSize : 17 <-- 0.032898 s
currentSize : 19 <-- 0.033486 s
currentSize : 20 <-- 0.033761 s
currentSize : 21 <-- 0.034192 s
currentSize : 22 <-- 0.097530 s
currentSize : 23 <-- 0.116159 s
currentSize : 24 <-- 0.853869 s
currentSize : 25 <-- 4.155957 s
currentSize : 26 <-- 7.056764 s
currentSize : 27 <-- 8.309438 s
currentSize : 28 <-- 8.440810 s
currentSize : 29 <-- 14.977541 s

maxsize : 29
nodes : 1634145.000000
filtered : 56998332.000000
CCGP filtered : 3428188.000000
CCGT filtered : 2670782.000000
time : 17.968884
