Parameters: GAD=1 vflib=1 dir=0 label=0 lowerbound=1 fileNameGp=../../cp2016-max-common-connected-subgraph-paper/datasets/graphsdb/mcs70/m2D/m2D/mcs70_m2D_s40.A04 fileNameGt=../../cp2016-max-common-connected-subgraph-paper/datasets/graphsdb/mcs70/m2D/m2D/mcs70_m2D_s40.B04
Reading graphs...
40 :  67
40 :  67
Initializing...
maxdom : 40
D->valSize : 1600
Solving...
currentSize : 14 <-- 0.036092 s
currentSize : 18 <-- 0.036178 s
currentSize : 20 <-- 0.036313 s
currentSize : 21 <-- 0.038025 s
currentSize : 22 <-- 0.043145 s
currentSize : 23 <-- 0.060167 s
currentSize : 24 <-- 0.060255 s
currentSize : 25 <-- 5.771998 s
currentSize : 26 <-- 7.196873 s
currentSize : 27 <-- 38.472122 s
currentSize : 28 <-- 258.749756 s
currentSize : 30 <-- 276.705505 s

maxsize : 30
nodes : 42219139.000000
filtered : 1411647624.000000
CCGP filtered : 483020926.000000
CCGT filtered : 351558877.000000
time : 541.102600
