Parameters: GAD=1 vflib=1 dir=0 label=0 lowerbound=1 fileNameGp=../../cp2016-max-common-connected-subgraph-paper/datasets/graphsdb/mcs70/m3D/m3Dr2/mcs70_m3Dr2_s35.A08 fileNameGt=../../cp2016-max-common-connected-subgraph-paper/datasets/graphsdb/mcs70/m3D/m3Dr2/mcs70_m3Dr2_s35.B08
Reading graphs...
35 :  78
35 :  79
Initializing...
maxdom : 35
D->valSize : 1225
Solving...
currentSize : 15 <-- 0.020262 s
currentSize : 16 <-- 0.022369 s
currentSize : 17 <-- 0.023169 s
currentSize : 18 <-- 0.023183 s
currentSize : 19 <-- 0.049657 s
currentSize : 20 <-- 0.146764 s
currentSize : 21 <-- 3.274379 s
currentSize : 22 <-- 7.518648 s
currentSize : 23 <-- 162.630920 s
currentSize : 24 <-- 163.311874 s
currentSize : 26 <-- 356.936615 s
currentSize : 27 <-- 356.936737 s

maxsize : 27
nodes : 34590644.000000
filtered : 1023688907.000000
CCGP filtered : 93590013.000000
CCGT filtered : 57943237.000000
time : 380.178406
