Parameters: GAD=1 vflib=1 dir=0 label=0 lowerbound=1 fileNameGp=../../cp2016-max-common-connected-subgraph-paper/datasets/graphsdb/mcs70/bvg/b03m/mcs70_b03m_s50.A09 fileNameGt=../../cp2016-max-common-connected-subgraph-paper/datasets/graphsdb/mcs70/bvg/b03m/mcs70_b03m_s50.B09
Reading graphs...
50 :  75
50 :  75
Initializing...
maxdom : 50
D->valSize : 2500
Solving...
currentSize : 18 <-- 0.098178 s
currentSize : 19 <-- 0.098473 s
currentSize : 20 <-- 0.099111 s
currentSize : 21 <-- 0.099138 s
currentSize : 22 <-- 0.099397 s
currentSize : 23 <-- 0.099631 s
currentSize : 24 <-- 0.099879 s
currentSize : 25 <-- 0.099944 s
currentSize : 26 <-- 0.109515 s
currentSize : 27 <-- 0.109545 s
currentSize : 28 <-- 0.110882 s
currentSize : 29 <-- 0.259613 s
currentSize : 30 <-- 4.232999 s
currentSize : 31 <-- 4.781652 s
currentSize : 32 <-- 17.192335 s
currentSize : 33 <-- 124.625122 s
currentSize : 34 <-- 315.639465 s

TIMEOUT
maxsize : 34
nodes : 68430801.000000
filtered : 1783038579.000000
CCGP filtered : 2512595514.000000
CCGT filtered : 1127300018.000000
time : 1000.000061
