Parameters: GAD=1 vflib=1 dir=0 label=0 lowerbound=1 fileNameGp=../../cp2016-max-common-connected-subgraph-paper/datasets/graphsdb/mcs70/bvg/b03m/mcs70_b03m_s50.A08 fileNameGt=../../cp2016-max-common-connected-subgraph-paper/datasets/graphsdb/mcs70/bvg/b03m/mcs70_b03m_s50.B08
Reading graphs...
50 :  74
50 :  74
Initializing...
maxdom : 50
D->valSize : 2500
Solving...
currentSize : 17 <-- 0.128032 s
currentSize : 18 <-- 0.128125 s
currentSize : 23 <-- 0.128468 s
currentSize : 24 <-- 0.130677 s
currentSize : 26 <-- 0.141205 s
currentSize : 28 <-- 0.141252 s
currentSize : 29 <-- 0.200051 s
currentSize : 30 <-- 0.591421 s
currentSize : 31 <-- 0.592621 s
currentSize : 32 <-- 4.440140 s
currentSize : 33 <-- 12.799094 s
currentSize : 34 <-- 64.404800 s
currentSize : 35 <-- 83.699440 s
currentSize : 36 <-- 89.900856 s

TIMEOUT
maxsize : 36
nodes : 59193091.000000
filtered : 2124972194.000000
CCGP filtered : 1891331679.000000
CCGT filtered : 1438443239.000000
time : 1000.000061
