Parameters: GAD=1 vflib=1 dir=0 label=0 lowerbound=1 fileNameGp=../../cp2016-max-common-connected-subgraph-paper/datasets/graphsdb/mcs70/m3D/m3Dr6/mcs70_m3Dr6_s35.A00 fileNameGt=../../cp2016-max-common-connected-subgraph-paper/datasets/graphsdb/mcs70/m3D/m3Dr6/mcs70_m3Dr6_s35.B00
Reading graphs...
35 :  91
35 :  89
Initializing...
maxdom : 35
D->valSize : 1225
Solving...
currentSize : 16 <-- 0.020384 s
currentSize : 18 <-- 0.020636 s
currentSize : 19 <-- 0.021009 s
currentSize : 20 <-- 0.308781 s
currentSize : 21 <-- 29.191301 s
currentSize : 22 <-- 639.174255 s
currentSize : 24 <-- 688.925171 s
currentSize : 25 <-- 863.483032 s
currentSize : 27 <-- 863.486450 s

maxsize : 27
nodes : 82708272.000000
filtered : 2094689496.000000
CCGP filtered : 95972774.000000
CCGT filtered : 120219267.000000
time : 872.984375
