Parameters: GAD=1 vflib=1 dir=0 label=0 lowerbound=1 fileNameGp=../../cp2016-max-common-connected-subgraph-paper/datasets/graphsdb/mcs70/bvg/b06/mcs70_b06_s35.A01 fileNameGt=../../cp2016-max-common-connected-subgraph-paper/datasets/graphsdb/mcs70/bvg/b06/mcs70_b06_s35.B01
Reading graphs...
35 :  104
35 :  105
Initializing...
maxdom : 35
D->valSize : 1225
Solving...
currentSize : 17 <-- 0.019071 s
currentSize : 18 <-- 0.019665 s
currentSize : 19 <-- 0.019937 s
currentSize : 20 <-- 0.024900 s
currentSize : 21 <-- 0.025680 s
currentSize : 23 <-- 0.075031 s
currentSize : 24 <-- 3.240215 s
currentSize : 25 <-- 5.378593 s
currentSize : 26 <-- 34.795750 s

maxsize : 26
nodes : 4500452.000000
filtered : 189184228.000000
CCGP filtered : 13775535.000000
CCGT filtered : 5084090.000000
time : 54.016750
