Parameters: GAD=1 vflib=1 dir=0 label=0 lowerbound=1 fileNameGp=../../cp2016-max-common-connected-subgraph-paper/datasets/graphsdb/mcs70/m2D/m2Dr4/mcs70_m2Dr4_s50.A04 fileNameGt=../../cp2016-max-common-connected-subgraph-paper/datasets/graphsdb/mcs70/m2D/m2Dr4/mcs70_m2Dr4_s50.B04
Reading graphs...
50 :  105
50 :  104
Initializing...
maxdom : 50
D->valSize : 2500
Solving...
currentSize : 22 <-- 0.094675 s
currentSize : 23 <-- 0.095154 s
currentSize : 24 <-- 0.098053 s
currentSize : 25 <-- 0.123596 s
currentSize : 26 <-- 0.160128 s
currentSize : 27 <-- 0.348544 s
currentSize : 28 <-- 1.948722 s
currentSize : 29 <-- 9.144058 s
currentSize : 30 <-- 13.142617 s
currentSize : 31 <-- 69.336960 s
currentSize : 32 <-- 447.160370 s

TIMEOUT
maxsize : 32
nodes : 71071094.000000
filtered : 2083048772.000000
CCGP filtered : 497590569.000000
CCGT filtered : 270264315.000000
time : 1000.000061
