Parameters: GAD=1 vflib=1 dir=0 label=0 lowerbound=1 fileNameGp=../../cp2016-max-common-connected-subgraph-paper/datasets/graphsdb/mcs70/bvg/b03/mcs70_b03_s50.A08 fileNameGt=../../cp2016-max-common-connected-subgraph-paper/datasets/graphsdb/mcs70/bvg/b03/mcs70_b03_s50.B08
Reading graphs...
50 :  75
50 :  75
Initializing...
maxdom : 50
D->valSize : 2500
Solving...
currentSize : 27 <-- 0.158862 s
currentSize : 28 <-- 0.159125 s
currentSize : 29 <-- 0.159936 s
currentSize : 30 <-- 0.160618 s
currentSize : 31 <-- 0.160642 s
currentSize : 32 <-- 0.171350 s
currentSize : 33 <-- 0.182548 s
currentSize : 34 <-- 0.221576 s
currentSize : 35 <-- 0.221982 s
currentSize : 36 <-- 18.178312 s
currentSize : 37 <-- 18.396608 s
currentSize : 38 <-- 686.590637 s
currentSize : 39 <-- 686.695557 s

TIMEOUT
maxsize : 39
nodes : 61981548.000000
filtered : 2301692965.000000
CCGP filtered : 1814895326.000000
CCGT filtered : 1121896054.000000
time : 1000.000061
