Parameters: GAD=1 vflib=1 dir=0 label=0 lowerbound=1 fileNameGp=../../cp2016-max-common-connected-subgraph-paper/datasets/graphsdb/mcs70/m3D/m3D/mcs70_m3D_s40.A04 fileNameGt=../../cp2016-max-common-connected-subgraph-paper/datasets/graphsdb/mcs70/m3D/m3D/mcs70_m3D_s40.B04
Reading graphs...
40 :  83
40 :  83
Initializing...
maxdom : 40
D->valSize : 1600
Solving...
currentSize : 18 <-- 0.035230 s
currentSize : 19 <-- 0.035349 s
currentSize : 20 <-- 0.036203 s
currentSize : 21 <-- 0.058641 s
currentSize : 22 <-- 0.061203 s
currentSize : 23 <-- 0.061510 s
currentSize : 24 <-- 0.263550 s
currentSize : 25 <-- 2.611661 s
currentSize : 26 <-- 180.692413 s
currentSize : 27 <-- 588.810669 s
currentSize : 28 <-- 638.771973 s
currentSize : 29 <-- 656.725159 s

TIMEOUT
maxsize : 29
nodes : 84398614.000000
filtered : 2726344639.000000
CCGP filtered : 440983839.000000
CCGT filtered : 222363213.000000
time : 1000.000061
