Parameters: GAD=1 vflib=1 dir=0 label=0 lowerbound=1 fileNameGp=../../cp2016-max-common-connected-subgraph-paper/datasets/graphsdb/mcs70/m3D/m3Dr2/mcs70_m3Dr2_s35.A09 fileNameGt=../../cp2016-max-common-connected-subgraph-paper/datasets/graphsdb/mcs70/m3D/m3Dr2/mcs70_m3Dr2_s35.B09
Reading graphs...
35 :  76
35 :  78
Initializing...
maxdom : 35
D->valSize : 1225
Solving...
currentSize : 15 <-- 0.035142 s
currentSize : 16 <-- 0.035284 s
currentSize : 18 <-- 0.035564 s
currentSize : 19 <-- 0.037993 s
currentSize : 20 <-- 0.040993 s
currentSize : 21 <-- 0.145850 s
currentSize : 22 <-- 1.264013 s
currentSize : 24 <-- 73.427437 s
currentSize : 25 <-- 144.340546 s
currentSize : 27 <-- 235.111572 s

maxsize : 27
nodes : 23824304.000000
filtered : 696384624.000000
CCGP filtered : 55621678.000000
CCGT filtered : 26965626.000000
time : 248.239059
