Parameters: GAD=1 vflib=1 dir=0 label=0 lowerbound=1 fileNameGp=../../cp2016-max-common-connected-subgraph-paper/datasets/graphsdb/mcs70/bvg/b03/mcs70_b03_s50.A03 fileNameGt=../../cp2016-max-common-connected-subgraph-paper/datasets/graphsdb/mcs70/bvg/b03/mcs70_b03_s50.B03
Reading graphs...
50 :  75
50 :  75
Initializing...
maxdom : 50
D->valSize : 2500
Solving...
currentSize : 16 <-- 0.097863 s
currentSize : 21 <-- 0.098155 s
currentSize : 22 <-- 0.098291 s
currentSize : 26 <-- 0.098551 s
currentSize : 28 <-- 0.099590 s
currentSize : 29 <-- 0.415486 s
currentSize : 30 <-- 0.647567 s
currentSize : 31 <-- 0.688844 s
currentSize : 32 <-- 1.477899 s
currentSize : 33 <-- 9.199405 s
currentSize : 34 <-- 9.684572 s
currentSize : 35 <-- 19.799795 s
currentSize : 36 <-- 280.442993 s
currentSize : 37 <-- 760.915527 s

TIMEOUT
maxsize : 37
nodes : 60287469.000000
filtered : 2119982905.000000
CCGP filtered : 2268565310.000000
CCGT filtered : 1444408588.000000
time : 1000.000061
