Parameters: GAD=1 vflib=1 dir=0 label=0 lowerbound=1 fileNameGp=../../cp2016-max-common-connected-subgraph-paper/datasets/graphsdb/mcs70/bvg/b06/mcs70_b06_s40.A02 fileNameGt=../../cp2016-max-common-connected-subgraph-paper/datasets/graphsdb/mcs70/bvg/b06/mcs70_b06_s40.B02
Reading graphs...
40 :  120
40 :  119
Initializing...
maxdom : 40
D->valSize : 1600
Solving...
currentSize : 19 <-- 0.060738 s
currentSize : 20 <-- 0.060803 s
currentSize : 21 <-- 0.121258 s
currentSize : 22 <-- 1.331698 s
currentSize : 23 <-- 30.911339 s
currentSize : 25 <-- 31.079111 s
currentSize : 26 <-- 47.147423 s
currentSize : 27 <-- 49.006771 s
currentSize : 28 <-- 49.042175 s
currentSize : 30 <-- 69.340805 s
currentSize : 31 <-- 69.341072 s

maxsize : 31
nodes : 7283130.000000
filtered : 297886533.000000
CCGP filtered : 18491288.000000
CCGT filtered : 17492678.000000
time : 99.264877
