Parameters: GAD=1 vflib=1 dir=0 label=0 lowerbound=1 fileNameGp=../../cp2016-max-common-connected-subgraph-paper/datasets/graphsdb/mcs70/m2D/m2Dr4/mcs70_m2Dr4_s50.A03 fileNameGt=../../cp2016-max-common-connected-subgraph-paper/datasets/graphsdb/mcs70/m2D/m2Dr4/mcs70_m2Dr4_s50.B03
Reading graphs...
50 :  105
50 :  105
Initializing...
maxdom : 50
D->valSize : 2500
Solving...
currentSize : 20 <-- 0.117596 s
currentSize : 21 <-- 0.117660 s
currentSize : 22 <-- 0.117685 s
currentSize : 23 <-- 0.118283 s
currentSize : 24 <-- 0.130627 s
currentSize : 25 <-- 0.190144 s
currentSize : 26 <-- 0.203789 s
currentSize : 27 <-- 2.415910 s
currentSize : 28 <-- 2.426142 s
currentSize : 29 <-- 17.167740 s
currentSize : 30 <-- 66.300415 s
currentSize : 31 <-- 112.332779 s

TIMEOUT
maxsize : 31
nodes : 68937103.000000
filtered : 2006384248.000000
CCGP filtered : 625886944.000000
CCGT filtered : 379792727.000000
time : 1000.000061
