Parameters: GAD=1 vflib=1 dir=0 label=0 lowerbound=1 fileNameGp=../../cp2016-max-common-connected-subgraph-paper/datasets/graphsdb/mcs70/m2D/m2Dr2/mcs70_m2Dr2_s35.A01 fileNameGt=../../cp2016-max-common-connected-subgraph-paper/datasets/graphsdb/mcs70/m2D/m2Dr2/mcs70_m2Dr2_s35.B01
Reading graphs...
35 :  65
35 :  65
Initializing...
maxdom : 35
D->valSize : 1225
Solving...
currentSize : 9 <-- 0.020280 s
currentSize : 14 <-- 0.020360 s
currentSize : 15 <-- 0.020377 s
currentSize : 16 <-- 0.020531 s
currentSize : 17 <-- 0.020686 s
currentSize : 18 <-- 0.021352 s
currentSize : 19 <-- 0.021961 s
currentSize : 20 <-- 0.023344 s
currentSize : 21 <-- 0.027280 s
currentSize : 22 <-- 0.036853 s
currentSize : 23 <-- 0.325315 s
currentSize : 24 <-- 90.954529 s
currentSize : 25 <-- 148.953339 s
currentSize : 26 <-- 278.455597 s

maxsize : 26
nodes : 34673892.000000
filtered : 1045244229.000000
CCGP filtered : 180050978.000000
CCGT filtered : 134415442.000000
time : 367.501404
